1356594888548,-0.30067855,-0.20998302,-0.93032235,-0.6926241,-0.62250566,0.36436063,-0.6556404,0.75391906,0.041734755
1356594888592,0.7315831,0.62059927,0.28221017,0.1868422,0.21558484,-0.95844305,-0.6556493,0.7539096,0.04176411
1356594888642,0.73157436,0.62061644,0.28219533,0.18663447,0.21579981,-0.95843524,-0.6557183,0.75383407,0.04204519
1356594888681,0.7316011,0.6206271,0.2821022,0.18589853,0.2165046,-0.9584192,-0.6558974,0.753623,0.04302135
1356594888717,0.7317337,0.6204619,0.28212208,0.18436469,0.21831056,-0.9583059,-0.65618247,0.753238,0.045353934
1356594888762,0.73214984,0.6197842,0.2825315,0.18158321,0.22218087,-0.9579473,-0.6564937,0.752664,0.050127298
1356594888802,0.73303926,0.61818373,0.2837293,0.17747681,0.22885254,-0.957146,-0.65662426,0.75198096,0.058044627
1356594888839,0.73439944,0.6155498,0.28592986,0.17277563,0.23785034,-0.9558116,-0.6563581,0.7513492,0.06832515
1356594888882,0.7363274,0.6115578,0.28951514,0.16798498,0.24925709,-0.95375675,-0.65544105,0.7509114,0.08080232
1356594888922,0.73869836,0.6063009,0.2944895,0.16393377,0.26217973,-0.95099294,-0.653797,0.75077367,0.094278544
1356594888963,0.74158037,0.5995791,0.30093765,0.16109341,0.27630466,-0.9474728,-0.65123534,0.7511064,0.10831387
1356594888999,0.7446025,0.5921763,0.30804923,0.15985066,0.28987408,-0.9436211,-0.6480856,0.7518645,0.12118119
1356594889045,0.7480141,0.583791,0.31569436,0.16033514,0.30262598,-0.93952656,-0.6440245,0.75339603,0.1327663
1356594889081,0.7514364,0.5755928,0.32254654,0.16191019,0.31304327,-0.935836,-0.6396315,0.7554448,0.14203775
1356594889125,0.7547528,0.56816804,0.32792267,0.16411006,0.3204509,-0.93294114,-0.63515043,0.7579554,0.14861912
1356594889162,0.7577576,0.56253475,0.3306933,0.16547407,0.32456297,-0.93127716,-0.6312066,0.7604035,0.15285514
1356594889199,0.7605148,0.55839735,0.33137548,0.1659291,0.32626706,-0.9306006,-0.6277617,0.7627204,0.15547657
1356594889241,0.7635595,0.5546437,0.3306769,0.16541646,0.32699913,-0.9304348,-0.62419087,0.7651417,0.1579361
1356594889280,0.7673587,0.5498635,0.32986468,0.16451043,0.32839113,-0.9301052,-0.61975557,0.7679906,0.16153552
1356594889319,0.7719675,0.54345006,0.32973963,0.16325742,0.33183038,-0.92910475,-0.61433965,0.77107114,0.16744001
1356594889359,0.77664196,0.5371477,0.32908884,0.15962587,0.33755133,-0.9276738,-0.6093823,0.77300155,0.17641386
1356594889401,0.7802813,0.5336491,0.32615897,0.15074003,0.34565833,-0.9261736,-0.6069913,0.7718412,0.18926845
1356594889440,0.7823186,0.5344158,0.31996465,0.13624136,0.35443527,-0.9251021,-0.60779595,0.76731694,0.20447175
1356594889494,0.7826307,0.5392391,0.31098288,0.116938695,0.36332643,-0.92429394,-0.61140376,0.75974673,0.2212925
1356594889520,0.78199077,0.546093,0.30045456,0.09651424,0.37014085,-0.9239485,-0.61577225,0.7515173,0.23674099
1356594889563,0.7803819,0.55466306,0.28870907,0.07682887,0.37316123,-0.9245799,-0.6205654,0.74370664,0.24859414
1356594889601,0.7772636,0.5662055,0.27435842,0.057388574,0.3704422,-0.927081,-0.62655234,0.73633134,0.25543752
1356594889639,0.77028567,0.5846961,0.25453964,0.035191,0.35957038,-0.9324541,-0.6367272,0.7272135,0.25639588
1356594889678,0.7569831,0.6131445,0.22589915,0.0069094,0.33818036,-0.94105595,-0.6533979,0.7139242,0.25176036
1356594889719,0.73653114,0.64954364,0.18871936,-0.026357949,0.30635342,-0.95155287,-0.67588997,0.695874,0.24275945
1356594889758,0.70956236,0.68939614,0.14578834,-0.060334712,0.2655784,-0.9621995,-0.70205486,0.6739444,0.23003891
1356594889799,0.6810265,0.7248108,0.10417381,-0.0877434,0.22201313,-0.97108763,-0.7269827,0.6521959,0.21479422
1356594889838,0.6570873,0.75044286,0.071216494,-0.10303211,0.18299785,-0.9776994,-0.74674,0.6350963,0.19756527
1356594889882,0.64337724,0.7637173,0.052930444,-0.103975594,0.15567307,-0.9823212,-0.7584555,0.6264996,0.17956448
1356594889922,0.6424977,0.7644624,0.052856952,-0.09059411,0.14427239,-0.9853822,-0.7609135,0.62831736,0.16195048
1356594889962,0.650474,0.75626886,0.07029283,-0.06645897,0.14886533,-0.98662174,-0.75661534,0.6371002,0.14709385
1356594890021,0.6646713,0.73986214,0.10400066,-0.03248459,0.16768524,-0.9853052,-0.74642944,0.6515256,0.13548969
1356594890038,0.68068546,0.71611214,0.15443653,0.012290448,0.19962013,-0.9797963,-0.73247266,0.6688312,0.12707718
1356594890077,0.6976918,0.68174684,0.22010764,0.06948128,0.24139965,-0.9679352,-0.7130207,0.69061375,0.12105392
1356594890113,0.7105883,0.63569957,0.30157977,0.14269735,0.2895077,-0.94647914,-0.68898606,0.7155916,0.11500813
1356594890158,0.71243584,0.5852744,0.38715512,0.22578163,0.33119175,-0.9161521,-0.6644229,0.74011207,0.10380867
1356594890198,0.6953282,0.5509029,0.461546,0.30389476,0.35659242,-0.8834534,-0.6512808,0.7545515,0.08053225
1356594890249,0.65022874,0.5715866,0.50049114,0.35249177,0.35660157,-0.865208,-0.67301726,0.7390021,0.030393034
1356594890289,0.5765376,0.6330085,0.51662815,0.38167012,0.3504256,-0.8552952,-0.7224488,0.6902914,-0.039566875
1356594890336,0.47934312,0.7197189,0.5022299,0.3935303,0.33523762,-0.856008,-0.7844515,0.6079642,-0.122537315
1356594890377,0.38677236,0.7752824,0.49934393,0.41195774,0.3391929,-0.845718,-0.8250442,0.5328089,-0.18819314
1356594890416,0.32205912,0.79017794,0.5214372,0.43216124,0.36734423,-0.8235866,-0.8423268,0.49058855,-0.22317767
1356594890496,0.28910458,0.76730585,0.5724161,0.45139825,0.41803396,-0.7883446,-0.8441908,0.4863017,-0.225505
1356594890498,0.2837455,0.7115542,0.64279014,0.47072643,0.48064944,-0.73986,-0.8354072,0.51251024,-0.19856524
1356594890537,0.29663312,0.63488805,0.7133904,0.4916366,0.53889567,-0.6840211,-0.8187198,0.55363214,-0.15227991
1356594890578,0.3226692,0.5470765,0.77239364,0.5133098,0.58447486,-0.6284124,-0.7952344,0.59924656,-0.0922277
1356594890618,0.35470545,0.46788946,0.80948347,0.53080136,0.61195797,-0.58630824,-0.76969737,0.63764167,-0.031291544
1356594890658,0.39034566,0.4011446,0.8286817,0.5415133,0.62789595,-0.5590259,-0.7445761,0.6669555,0.02787131
1356594890696,0.42884403,0.35609525,0.8302343,0.5419023,0.6339191,-0.55180466,-0.72279644,0.68654406,0.07888359
1356594890738,0.4672704,0.33293617,0.8190311,0.5303157,0.6356816,-0.5609582,-0.7074063,0.69646424,0.12047392
1356594890776,0.5058097,0.335725,0.7946353,0.50297153,0.63360435,-0.58784795,-0.70083964,0.69701815,0.15162313
1356594890816,0.538064,0.36392748,0.760292,0.45817548,0.630823,-0.62620884,-0.70750433,0.68528754,0.1726805
1356594890858,0.5613051,0.42185983,0.7120189,0.392377,0.6218434,-0.67775446,-0.7286816,0.6598069,0.18351582
1356594890897,0.5737425,0.50007045,0.6486518,0.31427744,0.596928,-0.7381779,-0.7563394,0.6273806,0.18532208
1356594890938,0.5725125,0.58357894,0.5759036,0.23811254,0.55379176,-0.7978829,-0.78455836,0.59392786,0.17809525
1356594890978,0.5651979,0.65367055,0.5032555,0.17900273,0.49832967,-0.84830743,-0.80530083,0.5695457,0.16464606
1356594891018,0.5615905,0.6981,0.44415367,0.14452794,0.44577986,-0.883398,-0.8146949,0.5603005,0.14945081
1356594891059,0.567051,0.71620536,0.4068207,0.13323295,0.40764678,-0.9033677,-0.8128359,0.56645745,0.13573435
1356594891099,0.58017576,0.71358687,0.3926701,0.1392721,0.38808885,-0.91103804,-0.80249566,0.58325016,0.125777
1356594891139,0.5979373,0.694023,0.40100273,0.15994278,0.3869176,-0.9081372,-0.78542304,0.6071466,0.12034848
1356594891179,0.61730695,0.6581374,0.4310304,0.19609736,0.40186828,-0.8944538,-0.761891,0.6366765,0.119017065
1356594891220,0.6358484,0.6038843,0.480646,0.25080007,0.4272903,-0.86863244,-0.72992885,0.6728647,0.12023765
1356594891263,0.6445607,0.5379891,0.5432396,0.32140386,0.4540337,-0.83099514,-0.69371545,0.7102261,0.119740486
1356594891301,0.6377233,0.47882807,0.60335124,0.39497948,0.46919453,-0.78984034,-0.66128683,0.74201095,0.110089034
1356594891339,0.60978866,0.4434796,0.65687406,0.45972276,0.47720885,-0.7489504,-0.64561033,0.7586815,0.087118894
1356594891379,0.5601171,0.4517715,0.6943856,0.50074005,0.48311535,-0.71823317,-0.65994567,0.7500014,0.044381082
1356594891421,0.48952073,0.4949848,0.71788543,0.52088267,0.49425995,-0.6959801,-0.69932157,0.7146307,-0.015878499
1356594891498,0.4097994,0.54481184,0.731604,0.52949905,0.51100576,-0.67712915,-0.74276185,0.66487074,-0.07906753
1356594891499,0.342079,0.5721176,0.7454283,0.5352778,0.5333533,-0.65499,-0.772308,0.6230696,-0.12379283
1356594891533,0.30098736,0.5675411,0.76635736,0.5416025,0.559704,-0.6272146,-0.78490335,0.6038447,-0.13891786
1356594891578,0.29200822,0.53238374,0.7945431,0.5503674,0.5858838,-0.594841,-0.7821936,0.6109891,-0.121923804
1356594891616,0.30547544,0.4839673,0.8200369,0.56086683,0.60449964,-0.565693,-0.76948893,0.6327368,-0.08678138
1356594891657,0.33672148,0.4268919,0.8392746,0.57262546,0.6147236,-0.5424158,-0.74747485,0.6632331,-0.03745854
1356594891696,0.37672836,0.3750257,0.84701324,0.58033866,0.61713785,-0.5313642,-0.72199917,0.69173455,0.014851451
1356594891737,0.42017868,0.33146897,0.8447355,0.58107793,0.6167271,-0.531033,-0.6969923,0.713986,0.066526234
1356594891776,0.4629776,0.30346262,0.8328037,0.572071,0.61537397,-0.5422634,-0.67704237,0.72747874,0.1113022
1356594891816,0.50156665,0.29250062,0.81417096,0.55268586,0.6156819,-0.5616709,-0.6655594,0.7316961,0.14714453
1356594891856,0.5347563,0.30114532,0.78952336,0.52102655,0.6180787,-0.58865106,-0.6652571,0.72614753,0.1736168
1356594891896,0.5603602,0.3309852,0.7592399,0.4757741,0.6217164,-0.62217987,-0.6779642,0.70987153,0.19091094
1356594891942,0.5749571,0.38445556,0.72223145,0.416247,0.6225077,-0.6627387,-0.7043882,0.68167305,0.19788677
1356594891979,0.5794412,0.4551949,0.67605144,0.34892517,0.6110829,-0.7105132,-0.7365454,0.647592,0.19525766
1356594892022,0.57222104,0.5335417,0.6228132,0.2834932,0.5839294,-0.7606958,-0.76954186,0.6118494,0.18288124
1356594892060,0.56181693,0.603807,0.5654899,0.22964467,0.54287094,-0.8078084,-0.7947484,0.5837022,0.16633302
1356594892101,0.5556567,0.6545241,0.51268303,0.19375697,0.49771985,-0.84541905,-0.8085196,0.5690987,0.14974278
1356594892141,0.55755794,0.6844186,0.46978757,0.1727125,0.45789242,-0.87206936,-0.8119726,0.56736743,0.1370939
1356594892182,0.5686544,0.694435,0.44089928,0.16498864,0.4288154,-0.88819826,-0.8058604,0.57782125,0.12927389
1356594892221,0.5840746,0.6905521,0.42660832,0.1672352,0.4119213,-0.8957417,-0.7942854,0.5945239,0.12510815
1356594892259,0.6044723,0.6727005,0.42671686,0.18095554,0.40570524,-0.89591205,-0.7758017,0.61877084,0.12350869
1356594892301,0.6280994,0.6399206,0.4427106,0.20986854,0.40854207,-0.888284,-0.74929714,0.6508418,0.12230584
1356594892339,0.6492399,0.5961739,0.4722968,0.25463963,0.4147543,-0.8735774,-0.7166912,0.68742675,0.117465556
1356594892379,0.6590992,0.55367696,0.50895,0.31082326,0.415692,-0.8547451,-0.6848191,0.7215553,0.10188657
1356594892419,0.6480385,0.5315364,0.5454494,0.3687073,0.40770715,-0.835362,-0.666409,0.7424579,0.06822857
1356594892494,0.6114811,0.5447529,0.57387733,0.41862133,0.39273125,-0.8188519,-0.67145145,0.7409497,0.0121025145
1356594892499,0.5525816,0.58901936,0.5896692,0.45795745,0.37654775,-0.8052868,-0.6963681,0.71503013,-0.06167245
1356594892537,0.4855317,0.6401898,0.59532845,0.48851246,0.3660583,-0.79205865,-0.72499275,0.67539495,-0.1350078
1356594892578,0.43050104,0.67288715,0.6015744,0.5105992,0.36804157,-0.7770675,-0.7442831,0.64169174,-0.18513334
1356594892617,0.4009504,0.6749402,0.6194307,0.52275765,0.38669994,-0.7597286,-0.7523052,0.62842566,-0.1977827
1356594892656,0.3948407,0.650353,0.6489544,0.5278112,0.41758576,-0.73961985,-0.7520081,0.63455737,-0.17838377
1356594892697,0.40840358,0.59965795,0.6881982,0.530417,0.45768404,-0.7135706,-0.7428757,0.6564568,-0.131149
1356594892736,0.4319963,0.5354959,0.7256883,0.53416514,0.4964044,-0.68428814,-0.7266683,0.6832473,-0.07159835
1356594892778,0.459879,0.46559483,0.7561301,0.5387903,0.53055155,-0.65438527,-0.7058444,0.70833355,-0.006868422
1356594892816,0.48889837,0.40359125,0.7733644,0.53883237,0.5574822,-0.63156414,-0.6860306,0.7254845,0.05508411
1356594892857,0.51842415,0.36202973,0.77470696,0.5282031,0.5768914,-0.62305516,-0.6724863,0.7322095,0.10784921
1356594892897,0.5495505,0.3501283,0.7585541,0.50052845,0.5889881,-0.6344795,-0.6689286,0.7283565,0.14842954
1356594892937,0.5843871,0.37376386,0.7202724,0.44950533,0.5898853,-0.67080575,-0.675601,0.7157765,0.17671251
1356594892976,0.6186537,0.43617958,0.6534639,0.36889452,0.5730857,-0.7317715,-0.6936746,0.6937724,0.19363734
1356594893019,0.6443102,0.53953785,0.5419994,0.251553,0.51976055,-0.8164374,-0.7222088,0.6623805,0.19916463
1356594893059,0.64811534,0.65991294,0.38008076,0.11043492,0.41237408,-0.90429634,-0.7534923,0.62806255,0.19438854
1356594893108,0.62026286,0.7607514,0.19113162,-0.018474996,0.25776905,-0.96602994,-0.78417647,0.59566134,0.17393942
1356594893143,0.58579886,0.8103417,0.01363188,-0.115085214,0.0998216,-0.9883274,-0.8022437,0.5773922,0.15173379
1356594893184,0.5670793,0.8168472,-0.105743825,-0.16759059,-0.011268109,-0.9857923,-0.8064332,0.5767441,0.13050598
1356594893228,0.56696427,0.803869,-0.17985028,-0.19736862,-0.0794062,-0.97710806,-0.7997482,0.5894821,0.11363807
1356594893271,0.5788175,0.78488386,-0.22119638,-0.21514824,-0.11465493,-0.96982753,-0.78656316,0.6089431,0.10250208
1356594893321,0.60916835,0.7615273,-0.22133705,-0.21638918,-0.10889578,-0.9702152,-0.76294804,0.63891935,0.098450385
1356594893360,0.65079415,0.7404805,-0.16779646,-0.18474787,-0.059918523,-0.98095775,-0.7364341,0.66940165,0.097807534
1356594893402,0.7025014,0.70993924,-0.049780816,-0.10450247,0.0337117,-0.9939531,-0.70396817,0.7034557,0.09787288
1356594893440,0.73900706,0.6561823,0.15262154,0.05181697,0.17050964,-0.9839926,-0.6717019,0.73508584,0.09200646
1356594893496,0.72275275,0.58702207,0.3647377,0.23444147,0.28821367,-0.92842346,-0.6501275,0.7565302,0.070684895
1356594893519,0.66462547,0.55152714,0.5040743,0.36715597,0.34649643,-0.86321306,-0.65074533,0.7587873,0.027793854
1356594893561,0.60167503,0.5782954,0.5509642,0.42625898,0.35088047,-0.8337782,-0.6754927,0.736517,-0.035387605
1356594893598,0.545049,0.63955367,0.54211867,0.44433853,0.3279761,-0.8336635,-0.7109746,0.6952717,-0.105415314
1356594893638,0.49485755,0.6890872,0.5294099,0.45621878,0.31249636,-0.8331929,-0.7395812,0.6538386,-0.15973336
1356594893680,0.45438096,0.6963467,0.55555314,0.47582898,0.3374996,-0.81220734,-0.75307685,0.63339984,-0.17798853
1356594893718,0.42588192,0.6630217,0.6156516,0.49926984,0.39525455,-0.77104056,-0.7545557,0.6357485,-0.16269493
1356594893764,0.40729442,0.5821944,0.7036767,0.52927274,0.47744545,-0.70136744,-0.7442994,0.65809995,-0.11367875
1356594893799,0.40129486,0.48916304,0.77439135,0.5557836,0.54198074,-0.63036615,-0.72805697,0.6833567,-0.054374754
1356594893838,0.40462407,0.3932433,0.8256144,0.5781522,0.58949465,-0.5641243,-0.70853335,0.705589,0.011169255
1356594893876,0.42374527,0.32592246,0.845112,0.58435977,0.6145161,-0.5299939,-0.69207186,0.71843195,0.069942296
1356594893917,0.45526814,0.29308426,0.8407333,0.5706575,0.62876457,-0.5282093,-0.6834332,0.7202476,0.11900574
1356594893956,0.5025345,0.3050054,0.808969,0.529106,0.631511,-0.56678104,-0.6837441,0.71285737,0.15597591
1356594893996,0.5593622,0.36204106,0.74568105,0.45383716,0.6190119,-0.6409806,-0.6936468,0.69695807,0.18194413
1356594894036,0.6173101,0.46598405,0.6338667,0.33481073,0.57349426,-0.747667,-0.71191984,0.67376786,0.19800738
1356594894076,0.6540322,0.6035779,0.45599955,0.17093764,0.46928927,-0.8663417,-0.7369004,0.64456284,0.2037561
1356594894122,0.641484,0.7349924,0.21973738,-0.011006862,0.29522735,-0.95536363,-0.7670574,0.6104318,0.19747357
1356594894160,0.58688015,0.8096098,-0.010187566,-0.15410659,0.09934075,-0.98304766,-0.7948729,0.57850116,0.18306732
1356594894199,0.5287154,0.83029366,-0.17627394,-0.23210713,-0.058332086,-0.97093964,-0.8164474,0.55426514,0.16187598
1356594894238,0.4927056,0.8232217,-0.28204107,-0.2674571,-0.1651639,-0.949309,-0.8280748,0.5431638,0.13879928
1356594894280,0.4826581,0.8053779,-0.34410417,-0.28318673,-0.22827911,-0.9315009,-0.82876205,0.54704213,0.11789158
1356594894330,0.4933254,0.78396326,-0.3768708,-0.29334015,-0.25794232,-0.9205527,-0.8188904,0.5646834,0.10271841
1356594894369,0.51084,0.7644786,-0.39321104,-0.3026746,-0.26816767,-0.91458964,-0.80463076,0.58622396,0.09439745
1356594894409,0.5378855,0.74908423,-0.3867194,-0.30561277,-0.25425887,-0.9175801,-0.78567165,0.6117394,0.092167586
1356594894449,0.57994235,0.7377226,-0.3455899,-0.2913565,-0.20833209,-0.93365365,-0.76077485,0.6421551,0.09411967
1356594894489,0.63963497,0.726409,-0.25139025,-0.23962952,-0.1223084,-0.96312946,-0.730373,0.67629176,0.09583631
1356594894526,0.7004324,0.7073649,-0.09502286,-0.13048124,-0.0039815903,-0.9914428,-0.7016902,0.7068374,0.08950901
1356594894573,0.7252098,0.68440324,0.07525283,0.011234045,0.09751904,-0.99517024,-0.6884363,0.72255254,0.06303315
1356594894609,0.70555663,0.6792109,0.2021445,0.13455892,0.15165731,-0.97923136,-0.69576126,0.7181035,0.015608937
1356594894649,0.6597872,0.71438074,0.23311175,0.19835964,0.13364118,-0.9709755,-0.7247995,0.68687713,-0.05352956
1356594894698,0.6078941,0.7626097,0.22111347,0.23510915,0.09310865,-0.96749914,-0.75841177,0.6401229,-0.12269634
1356594894738,0.564833,0.7920617,0.23152077,0.267863,0.08938744,-0.9593014,-0.78052104,0.6038609,-0.16167507
1356594894777,0.5358742,0.794389,0.2859808,0.29927418,0.13800648,-0.9441342,-0.789477,0.5915238,-0.16378602
1356594894819,0.51853883,0.7631748,0.38559264,0.3343674,0.23406261,-0.9129147,-0.78696626,0.6023113,-0.13381022
1356594894858,0.5050665,0.69017637,0.5182319,0.38196802,0.35969618,-0.85130435,-0.7739561,0.6279134,-0.08195481
1356594894902,0.48773608,0.57211924,0.6593885,0.44405746,0.48771682,-0.7516284,-0.75161594,0.6594027,-0.01617676
1356594894936,0.4719868,0.4524749,0.756634,0.4972316,0.57208705,-0.6522861,-0.7280036,0.6840927,0.04503274
1356594894977,0.46271348,0.3532464,0.81308866,0.5341066,0.6209469,-0.57372046,-0.7075496,0.6997442,0.09864926
1356594895016,0.47402686,0.30221853,0.82702035,0.5421997,0.63986605,-0.5446016,-0.69377095,0.7065659,0.13945091
1356594895057,0.5073152,0.3059629,0.80561656,0.516843,0.6400263,-0.5685417,-0.68956846,0.7048071,0.16656026
1356594895096,0.5632347,0.36999312,0.7388313,0.44617787,0.61640656,-0.64882064,-0.69547963,0.6950885,0.18209884
1356594895142,0.62622434,0.4926207,0.6042913,0.31606847,0.5481269,-0.7743757,-0.7127018,0.67593026,0.18754849
1356594895180,0.6615582,0.65156984,0.3712108,0.120856434,0.39590657,-0.9103031,-0.74009085,0.64708173,0.18316883
1356594895220,0.6333637,0.7688709,0.087681234,-0.077486336,0.1757457,-0.9813813,-0.7699652,0.6147772,0.17088793
1356594895262,0.56790894,0.8105787,-0.14297423,-0.20536354,-0.028669655,-0.97826576,-0.7970604,0.58492756,0.15018153
1356594895298,0.5154296,0.80706,-0.28807363,-0.26578224,-0.16903111,-0.9490987,-0.81467295,0.56575847,0.12737858
1356594895340,0.4939344,0.79011464,-0.36297065,-0.28605106,-0.24655038,-0.92595226,-0.821099,0.5611878,0.10423344
1356594895380,0.49278986,0.7715282,-0.402371,-0.29394227,-0.28763258,-0.91151816,-0.81899697,0.5674607,0.085042365
1356594895419,0.5052453,0.7556468,-0.41680336,-0.2963059,-0.30171916,-0.9061834,-0.8105122,0.5813462,0.071460426
1356594895495,0.5287849,0.7450638,-0.40652987,-0.29167032,-0.2902879,-0.9114062,-0.79706645,0.60051054,0.06381315
1356594895499,0.5690867,0.74167013,-0.35505754,-0.2678862,-0.24101478,-0.9328177,-0.7774171,0.62596905,0.061524898
1356594895537,0.6299248,0.74309015,-0.22585797,-0.19406012,-0.13098946,-0.9722049,-0.7520209,0.65624607,0.06169063
1356594895579,0.6896178,0.723718,0.025681943,-0.02490431,0.059143856,-0.99793875,-0.7237451,0.68755674,0.058810353
1356594895620,0.6771692,0.6470071,0.35046202,0.2213187,0.27513826,-0.9355838,-0.70175487,0.7111123,0.043120384
1356594895660,0.58861256,0.56456906,0.5786165,0.41012454,0.40825436,-0.8155527,-0.6966585,0.7173494,0.008760005
1356594895699,0.508945,0.5639529,0.6503323,0.48031664,0.44089556,-0.7582263,-0.7143325,0.6982609,-0.04648435
1356594895738,0.448549,0.61060435,0.6526609,0.4977849,0.43582156,-0.7498465,-0.7423032,0.66122764,-0.108462274
1356594895779,0.39869323,0.6610558,0.6356483,0.50020206,0.42419484,-0.7548884,-0.76866215,0.6189215,-0.16153789
1356594895818,0.34821683,0.6739129,0.65160304,0.5127517,0.4449736,-0.73422354,-0.78474885,0.58977956,-0.19060272
1356594895859,0.29510692,0.63061684,0.71779823,0.53720456,0.5117564,-0.67046,-0.7901412,0.5834619,-0.18774742
1356594895898,0.23958224,0.52933437,0.81388295,0.5690432,0.602653,-0.55946326,-0.7866322,0.597172,-0.15682918
1356594895939,0.18767205,0.39001095,0.9014826,0.6031514,0.678614,-0.41915572,-0.775234,0.6223942,-0.107878745
1356594895978,0.14875737,0.25008413,0.95672834,0.63553524,0.717047,-0.28624907,-0.75760555,0.6506163,-0.052271247
1356594896018,0.12824205,0.13849494,0.98202497,0.6631931,0.7242576,-0.18874802,-0.7373797,0.6754777,0.0010313988
1356594896058,0.12570122,0.063257545,0.99004936,0.68324864,0.71804,-0.13262632,-0.71928465,0.6931212,0.04703784
1356594896098,0.13940567,0.022843033,0.9899718,0.6925906,0.7122713,-0.11396435,-0.7077318,0.7015325,0.0834738
1356594896139,0.16774091,0.013639867,0.9857367,0.6875658,0.7149483,-0.12689465,-0.7064816,0.69904435,0.11054778
1356594896176,0.21193227,0.03625962,0.9766115,0.66524494,0.7266983,-0.17134416,-0.7159147,0.68599916,0.12988925
1356594896216,0.27176398,0.096434295,0.95752007,0.6195228,0.74385256,-0.25074863,-0.7364345,0.66134995,0.14240909
1356594896253,0.3526001,0.21448462,0.91086197,0.54049,0.7479183,-0.38534242,-0.7639004,0.62818354,0.1477893
1356594896300,0.4486892,0.4086892,0.7947648,0.41053593,0.6956651,-0.5895,-0.79381245,0.59078187,0.14435577
1356594896350,0.5228157,0.622948,0.5818931,0.24387813,0.54477906,-0.8023336,-0.81681526,0.5613836,0.13289568
1356594896390,0.54843843,0.74775654,0.3742665,0.11483675,0.3759909,-0.91947997,-0.82826793,0.54725766,0.1203379
1356594896434,0.558098,0.78327876,0.27386296,0.06599796,0.2870971,-0.9556252,-0.8271462,0.55140686,0.10853353
1356594896497,0.5697485,0.777683,0.2656985,0.07234505,0.27458864,-0.9588363,-0.8186286,0.56551754,0.10018498
1356594896509,0.5840802,0.7388445,0.3360939,0.12712264,0.3256894,-0.9368918,-0.8016796,0.5899451,0.09630489
1356594896544,0.5823812,0.6639155,0.46909314,0.22618033,0.42192656,-0.87796384,-0.7808166,0.6174093,0.09555745
1356594896593,0.55375123,0.5448806,0.6296544,0.35772222,0.5271714,-0.77079517,-0.75192714,0.6520701,0.097005874
1356594896641,0.4869437,0.40059537,0.7761503,0.49814183,0.6025555,-0.62352353,-0.71745425,0.6902538,0.09385729
1356594896680,0.40607107,0.2936916,0.8653621,0.60138714,0.62711555,-0.495035,-0.68806964,0.72143704,0.07803112
1356594896720,0.34139085,0.26618868,0.901441,0.6535356,0.62206256,-0.43119526,-0.675532,0.7363299,0.038402677
1356594896760,0.28742898,0.30323464,0.9085336,0.67140573,0.6127015,-0.4169067,-0.68308043,0.72982574,-0.027485311
1356594896799,0.23492062,0.37937078,0.89492464,0.6703702,0.6034585,-0.43178868,-0.7038579,0.7013669,-0.11255407
1356594896838,0.1791237,0.44580793,0.87702334,0.667624,0.599691,-0.44119036,-0.7226292,0.66454947,-0.1902132
1356594896879,0.12775439,0.47698832,0.86957514,0.665028,0.60926104,-0.43190125,-0.73581016,0.6334691,-0.23937482
1356594896918,0.08809638,0.46924382,0.87866336,0.66071695,0.63259387,-0.40407684,-0.7454476,0.6161455,-0.2543081
1356594896959,0.06480661,0.42702484,0.90191454,0.6547152,0.66389465,-0.36137497,-0.75309235,0.61391664,-0.23655486
1356594896998,0.0593279,0.3644378,0.92933595,0.65077305,0.69182616,-0.31284338,-0.75695086,0.62334716,-0.1961217
1356594897039,0.07004911,0.29474682,0.9530045,0.65148795,0.7099494,-0.267461,-0.7554182,0.6396063,-0.14229268
1356594897078,0.09424958,0.22941944,0.9687537,0.65547085,0.7181089,-0.2338324,-0.74931633,0.65702844,-0.08269632
1356594897118,0.12903163,0.17717744,0.97568387,0.6587044,0.7201619,-0.21788834,-0.7412552,0.6708017,-0.023783863
1356594897158,0.1720672,0.14415723,0.97448015,0.65674263,0.72052723,-0.2225526,-0.73422205,0.67827666,0.029304922
1356594897199,0.22217345,0.13559383,0.96553254,0.64493936,0.72224474,-0.24983138,-0.73122644,0.6782159,0.07301378
1356594897239,0.2781898,0.15623628,0.94773453,0.61712724,0.72701776,-0.30099684,-0.7360465,0.66860706,0.105831265
1356594897279,0.34025785,0.21368979,0.9157299,0.5675345,0.72979844,-0.3811807,-0.74975276,0.64940804,0.1270433
1356594897322,0.40194297,0.31557822,0.85956514,0.48898518,0.7196949,-0.49288207,-0.77416754,0.6184251,0.13496321
1356594897361,0.4583383,0.4539775,0.764088,0.38607708,0.67266154,-0.6312455,-0.80054384,0.5843208,0.1330362
1356594897399,0.49440575,0.59586245,0.63285935,0.2768697,0.58219373,-0.7644564,-0.82395756,0.55317116,0.12286362
1356594897440,0.5120862,0.7036611,0.49257362,0.1860807,0.4689675,-0.8633906,-0.8385354,0.53378886,0.10921407
1356594897499,0.5235202,0.76269984,0.37975717,0.12740573,0.37062776,-0.9200015,-0.8424336,0.5300226,0.0968588
1356594897519,0.5381136,0.78402317,0.30942106,0.09736094,0.30682766,-0.9467722,-0.8372303,0.53959656,0.08877492
1356594897559,0.5575116,0.78075737,0.2821324,0.09066439,0.28055358,-0.9555468,-0.8252034,0.5583078,0.08562499
1356594897600,0.57993287,0.75791067,0.2987462,0.1086058,0.29151058,-0.95038223,-0.8073925,0.5836035,0.08674306
1356594897640,0.60132456,0.7118108,0.36295196,0.15857649,0.3388991,-0.9273623,-0.7831106,0.61520135,0.090911895
1356594897681,0.611458,0.63500583,0.47210878,0.24783406,0.41293055,-0.87639403,-0.7514635,0.6528828,0.095113635
1356594897720,0.5934598,0.5370961,0.5994441,0.3633173,0.48581412,-0.7949749,-0.71819633,0.689574,0.093174845
1356594897760,0.5493273,0.46001163,0.69758785,0.46701875,0.5232528,-0.71281135,-0.6929163,0.71735334,0.07260299
1356594897809,0.48594043,0.44510028,0.75216204,0.53669655,0.52726173,-0.6587503,-0.68979615,0.7237961,0.017333984
1356594897850,0.40824077,0.46654,0.7846527,0.58542055,0.52572334,-0.6171692,-0.70044434,0.71130544,-0.05850041
1356594897892,0.3309486,0.5074578,0.79558766,0.6158417,0.522657,-0.5895496,-0.714991,0.68506664,-0.13954109
1356594897929,0.2585066,0.52652615,0.80990404,0.64035624,0.5343261,-0.5517604,-0.72326916,0.6612608,-0.19903749
1356594897968,0.19782901,0.50235164,0.8417283,0.66034985,0.56631297,-0.49318126,-0.7244321,0.6534008,-0.21969467
1356594898009,0.15112594,0.43545353,0.8874352,0.6760397,0.6094496,-0.41417575,-0.7212013,0.6625341,-0.20228022
1356594898049,0.1189366,0.33781475,0.93366766,0.6899987,0.6480567,-0.32237303,-0.713972,0.6825714,-0.15601408
1356594898088,0.09999039,0.23515718,0.96680045,0.70365345,0.6702737,-0.23580699,-0.7034726,0.7038709,-0.09844822
1356594898129,0.093854606,0.1387861,0.98586494,0.7164204,0.67819726,-0.1636773,-0.69132704,0.7216556,-0.03577727
1356594898168,0.09919203,0.06269255,0.99309146,0.72502255,0.6790084,-0.11528167,-0.6815448,0.73144865,0.021898687
1356594898208,0.113312095,0.008262813,0.993525,0.7265028,0.6814375,-0.088525325,-0.67775667,0.73182976,0.07121217
1356594898248,0.1354615,-0.022632152,0.9905241,0.7188734,0.6902233,-0.0825406,-0.68181473,0.7232424,0.10976827
1356594898289,0.1641686,-0.030143648,0.98597157,0.70002913,0.70777786,-0.09491938,-0.69498765,0.70579165,0.13729632
1356594898328,0.19818595,-0.013304979,0.98007417,0.66676545,0.73473454,-0.12485582,-0.71843314,0.6782242,0.15448534
1356594898369,0.23603195,0.03145343,0.97123605,0.61678386,0.7674901,-0.17474729,-0.75091046,0.6402887,0.16175222
1356594898409,0.27496362,0.1096037,0.95518684,0.5502358,0.7967631,-0.24981809,-0.7884387,0.5942689,0.158773
1356594898449,0.3124179,0.21960221,0.9242131,0.47538775,0.8061782,-0.35225442,-0.8224363,0.5494102,0.14746827
1356594898489,0.34458494,0.34286594,0.8739017,0.40650254,0.78461343,-0.46812117,-0.8461778,0.5165508,0.13099009
1356594898525,0.37185243,0.44853893,0.8127352,0.35700598,0.73908114,-0.5712318,-0.856897,0.5025653,0.11469799
1356594898570,0.3966278,0.5157666,0.7593887,0.33289838,0.6901146,-0.642589,-0.85549116,0.5076679,0.1020208
1356594898611,0.42020434,0.5459559,0.7248176,0.3290272,0.6527324,-0.6824087,-0.84567696,0.5252358,0.09464663
1356594898649,0.44209132,0.5449125,0.7124785,0.34246445,0.63160175,-0.69555545,-0.82901955,0.5514976,0.092612445
1356594898690,0.46016902,0.51683104,0.7218934,0.37312293,0.62522763,-0.6854704,-0.8056201,0.5847872,0.0948689
1356594898729,0.4712248,0.46555498,0.7491366,0.42174986,0.627023,-0.6549575,-0.77464455,0.62458044,0.099121034
1356594898769,0.47140825,0.40057293,0.78569436,0.485059,0.6262748,-0.6103259,-0.73654056,0.6688208,0.10092962
1356594898809,0.45742983,0.34199357,0.8208523,0.55135334,0.61516356,-0.56354535,-0.69768727,0.7103621,0.09283489
1356594898849,0.4286206,0.31467474,0.8469145,0.60437644,0.59691334,-0.5276587,-0.6715754,0.73802054,0.06566733
1356594898890,0.3862157,0.32876015,0.8618319,0.63561827,0.582234,-0.5069447,-0.6684511,0.7435861,0.015901923
1356594898928,0.3327738,0.38090777,0.8626534,0.6448504,0.5755567,-0.50289404,-0.6880622,0.72363234,-0.054098308
1356594898968,0.27447197,0.44319105,0.8533738,0.6426325,0.5756319,-0.5056395,-0.7153241,0.68718964,-0.12681419
1356594899009,0.2231758,0.4852572,0.8454099,0.6372089,0.5836981,-0.50325084,-0.73767024,0.6510161,-0.17894292
1356594899049,0.18791026,0.49306804,0.84945494,0.63166994,0.6016082,-0.48893833,-0.7521189,0.6284517,-0.19840789
1356594899089,0.17242199,0.46440893,0.86867434,0.62697977,0.6284226,-0.4604144,-0.75971514,0.6240268,-0.1828211
1356594899128,0.17340517,0.4143347,0.89345247,0.6260527,0.6539352,-0.42476666,-0.76025563,0.633005,-0.14599967
1356594899169,0.18737659,0.34932917,0.91807365,0.6312251,0.67328703,-0.38501883,-0.75262535,0.6516546,-0.09434712
1356594899208,0.21100661,0.2827263,0.93570405,0.6395017,0.6840391,-0.35089615,-0.73926574,0.67242575,-0.036467195
1356594899255,0.24083763,0.22532639,0.9440473,0.6454654,0.6892184,-0.3291694,-0.7248253,0.68862617,0.020549357
1356594899293,0.2755978,0.1802904,0.9442146,0.64319354,0.69539326,-0.32051554,-0.71438634,0.69564617,0.07568723
1356594899323,0.32061356,0.16704606,0.9323639,0.62945646,0.6979686,-0.34150308,-0.7078075,0.69637305,0.11862999
1356594899368,0.36112642,0.17480981,0.91598535,0.6030306,0.7054702,-0.3723787,-0.71129584,0.68684304,0.14934826
1356594899406,0.4066517,0.21442024,0.8880644,0.55743426,0.7119106,-0.42714205,-0.7238103,0.66873556,0.16997445
1356594899446,0.4520711,0.2872886,0.84445065,0.48908895,0.7118715,-0.50401473,-0.7459381,0.640862,0.18130684
1356594899506,0.4936021,0.39666137,0.7739617,0.39666137,0.68929523,-0.606244,-0.7739617,0.606244,0.18289733
1356594899529,0.5226524,0.5267556,0.67034554,0.29194903,0.6281622,-0.7212337,-0.8009995,0.5726613,0.17452472
1356594899570,0.5355819,0.643376,0.5470094,0.19870633,0.5335469,-0.82209694,-0.8207727,0.5489944,0.15791517
1356594899610,0.5414225,0.7194312,0.43506372,0.13582551,0.43582645,-0.8897228,-0.82970667,0.5408087,0.13824913
1356594899653,0.55217135,0.7524874,0.35898387,0.107574195,0.36267343,-0.92568666,-0.8267615,0.54975504,0.119309634
1356594899700,0.569623,0.75727046,0.3194857,0.10192126,0.32063115,-0.94170463,-0.81556225,0.568979,0.10545695
1356594899732,0.58943117,0.7447527,0.31291258,0.11262208,0.30781192,-0.9447582,-0.7999295,0.59211075,0.09755832
1356594899770,0.6088662,0.7177839,0.33773974,0.14074379,0.32125407,-0.9364758,-0.7806876,0.6177233,0.09457713
1356594899809,0.6256017,0.6724042,0.39559463,0.19242837,0.35841307,-0.9135159,-0.7560383,0.6476208,0.09483418
1356594899851,0.63004327,0.6086336,0.4822973,0.27050233,0.41016424,-0.87097293,-0.72792447,0.6792131,0.09378442
1356594899889,0.61252177,0.54319555,0.5742436,0.35882455,0.45623204,-0.8143078,-0.7043167,0.704834,0.08454016
1356594899928,0.5729851,0.5070559,0.6438808,0.43010795,0.4827128,-0.76288635,-0.6976355,0.7140607,0.0584985
1356594899970,0.51768935,0.5178486,0.68105114,0.4708751,0.4921657,-0.7321541,-0.71433496,0.6997184,0.010946959
1356594900044,0.4506512,0.58124924,0.6775418,0.4809971,0.4812841,-0.73280793,-0.7520341,0.65613645,-0.06268793
1356594900054,0.37804502,0.6393891,0.66952485,0.49424165,0.47212565,-0.7299469,-0.7828199,0.60685986,-0.137528
1356594900096,0.3154383,0.6626338,0.67927545,0.5167954,0.4804,-0.70861727,-0.79587764,0.57457143,-0.1909095
1356594900136,0.26970854,0.64911526,0.7112711,0.5416979,0.50841033,-0.6693894,-0.79612845,0.5658341,-0.2145018
1356594900177,0.2413654,0.60309964,0.760272,0.56459135,0.5499265,-0.61548144,-0.7892904,0.577799,-0.2077716
1356594900216,0.22875214,0.53313977,0.8145149,0.5850931,0.59341705,-0.5527407,-0.77803504,0.60300756,-0.17619097
1356594900256,0.23001987,0.4500134,0.86288977,0.60420036,0.62904835,-0.48912182,-0.7629107,0.6338661,-0.1272046
1356594900296,0.24311358,0.36605418,0.89827627,0.6211867,0.65249884,-0.4340189,-0.74499863,0.6635131,-0.06875664
1356594900337,0.26603794,0.2934419,0.9182133,0.6331202,0.665096,-0.39598754,-0.7268993,0.6866871,-0.008843243
1356594900377,0.29717806,0.2405343,0.9240284,0.6358068,0.672138,-0.37944728,-0.71234465,0.7002669,0.046811342
1356594900416,0.33664224,0.21666327,0.91636723,0.6237618,0.6777165,-0.38938618,-0.7054028,0.7026787,0.09300172
1356594900497,0.38173345,0.2302945,0.89512235,0.5843867,0.690179,-0.42678457,-0.71608084,0.68601555,0.12888336
1356594900500,0.44027188,0.29214394,0.84900683,0.51678693,0.69079864,-0.5056961,-0.7342288,0.6613994,0.15316308
1356594900536,0.49085304,0.4030598,0.77240276,0.41437075,0.6718606,-0.61392206,-0.76639426,0.6214066,0.1627686
1356594900580,0.52804965,0.5541078,0.64352787,0.28284958,0.5997637,-0.7485183,-0.8007245,0.5772764,0.15997592
1356594900619,0.53846735,0.6944103,0.47733334,0.15550914,0.4748475,-0.8662198,-0.82817256,0.5406608,0.14770272
1356594900660,0.5335867,0.7815186,0.32328606,0.066214055,0.34247416,-0.93719107,-0.8431494,0.5214787,0.13099217
1356594900699,0.5335039,0.81751096,0.21690887,0.019000053,0.2448062,-0.96938586,-0.8455842,0.5212923,0.11507231
1356594900739,0.5454698,0.8225727,0.16073886,0.0011391342,0.19105475,-0.98157877,-0.83812976,0.53560466,0.103277534
1356594900779,0.56738895,0.810078,0.14779502,0.0042434633,0.1766039,-0.98427284,-0.823439,0.55909264,0.09676558
1356594900820,0.5959334,0.7832944,0.17695591,0.029749095,0.19867373,-0.97961414,-0.8024827,0.589049,0.095093995
1356594900859,0.6250628,0.739575,0.24965021,0.084572166,0.2537801,-0.96355754,-0.7759794,0.6233974,0.09608102
1356594900903,0.64425904,0.6749751,0.3596372,0.17331725,0.3291486,-0.9282361,-0.7449103,0.6603558,0.09507215
1356594900939,0.6365393,0.6016316,0.4825529,0.28203577,0.400761,-0.87169176,-0.71782565,0.6909632,0.08541852
1356594900981,0.6028386,0.5618019,0.5665371,0.3693836,0.4328681,-0.8223022,-0.7072068,0.704985,0.053429186
1356594901020,0.5523928,0.56499434,0.61289763,0.43006107,0.43668538,-0.79016036,-0.7140796,0.70006233,-0.0017602444
1356594901062,0.49628314,0.6202542,0.60744363,0.4596792,0.40582153,-0.78993917,-0.73647684,0.67126274,-0.08371556
1356594901100,0.4384713,0.6774184,0.5906329,0.48606795,0.37403098,-0.7898346,-0.75596356,0.6334076,-0.16526955
1356594901139,0.38874212,0.7118398,0.5849475,0.51137006,0.3614184,-0.77966493,-0.7664073,0.6022133,-0.22351503
1356594901178,0.35113966,0.71246445,0.60753214,0.5318968,0.3822083,-0.75564706,-0.7705755,0.58848214,-0.24474913
1356594901218,0.32615453,0.68089926,0.6557435,0.5452764,0.43113554,-0.7188852,-0.7722026,0.5920291,-0.23066145
1356594901258,0.31259623,0.62104505,0.7187396,0.5545129,0.49503723,-0.6689197,-0.7712321,0.6076522,-0.18963075
1356594901298,0.30942786,0.5465398,0.77817005,0.5625421,0.5545725,-0.6131849,-0.76668173,0.6274899,-0.13585144
1356594901338,0.31520647,0.46822616,0.8254751,0.56980085,0.6022135,-0.55916536,-0.75892806,0.64660895,-0.076974094
1356594901378,0.33101273,0.4026739,0.8533957,0.5721839,0.6334972,-0.520852,-0.7503573,0.660708,-0.020707905
1356594901419,0.35725182,0.3611595,0.86135644,0.5645928,0.6511486,-0.50718874,-0.7440471,0.66750973,0.028715968
1356594901459,0.39662564,0.3553635,0.84640706,0.54003006,0.6552829,-0.52817774,-0.74233127,0.6665741,0.06799501
1356594901498,0.44571537,0.38895094,0.80625993,0.4909408,0.6469295,-0.583489,-0.7485419,0.6558959,0.097394526
1356594901536,0.5034358,0.46888438,0.7257409,0.40621015,0.6128928,-0.67775786,-0.7625915,0.6360109,0.11808658
1356594901579,0.55347013,0.5889842,0.58887047,0.2805813,0.5338521,-0.7976692,-0.7841843,0.6067121,0.13021326
1356594901621,0.57343256,0.7199343,0.3909856,0.12762737,0.39291742,-0.9106741,-0.8092505,0.57211065,0.13342834
1356594901659,0.5561726,0.8105741,0.18341628,-0.0054959655,0.2242824,-0.97450864,-0.8310486,0.540987,0.12919465
1356594901699,0.52846676,0.84839106,0.030912757,-0.08565894,0.08951354,-0.9922953,-0.8446215,0.5217472,0.11997719
1356594901739,0.51673174,0.85467106,-0.0502567,-0.11963916,0.013959199,-0.99271935,-0.84774685,0.51898235,0.10946526
1356594901781,0.52766883,0.8465159,-0.07054427,-0.12269965,-0.0062197745,-0.9924245,-0.84054184,0.5323272,0.10058519
1356594901819,0.55258393,0.8321786,-0.046150684,-0.10460594,0.014312774,-0.99441075,-0.82686675,0.5543231,0.09495981
1356594901863,0.58799046,0.8085028,0.02429831,-0.060917497,0.074217394,-0.99537975,-0.80657065,0.5837936,0.0928911
1356594901899,0.62243474,0.768865,0.14636135,0.018782288,0.1722749,-0.98486984,-0.7824463,0.61576617,0.092788845
1356594901942,0.6446239,0.6976157,0.31271768,0.14006805,0.2943524,-0.94537693,-0.751559,0.6532143,0.09203294
1356594901980,0.63067394,0.5976511,0.495039,0.28995577,0.41022813,-0.864661,-0.71984446,0.6888585,0.08542782
1356594902019,0.5856965,0.51325047,0.6273225,0.4168556,0.4730177,-0.7761995,-0.69511944,0.7161203,0.06309348
1356594902060,0.526357,0.48233193,0.7002172,0.5015454,0.4888699,-0.71376354,-0.6865861,0.72688514,0.015408725
1356594902101,0.46143526,0.5057039,0.7289315,0.5524317,0.47912127,-0.68210113,-0.6941878,0.71743035,-0.05828345
1356594902139,0.39197627,0.55492866,0.7337634,0.58761525,0.46267,-0.66381073,-0.7078579,0.6913687,-0.1447289
1356594902179,0.32279408,0.5921186,0.73837626,0.6177623,0.45923555,-0.63833565,-0.717059,0.66219205,-0.21755004
1356594902218,0.26386765,0.5970906,0.7575332,0.6401274,0.47908887,-0.60059196,-0.72153354,0.64339453,-0.25579804
1356594902277,0.22248617,0.5697384,0.79113716,0.6512525,0.5170214,-0.55548084,-0.72551364,0.63881683,-0.25601345
1356594902297,0.202191,0.51618576,0.83226854,0.65330243,0.56201416,-0.50728285,-0.72959894,0.64629114,-0.22359127
1356594902337,0.20220405,0.4506278,0.8695102,0.6514522,0.60104257,-0.46298796,-0.7312479,0.6600624,-0.17202926
1356594902374,0.21948949,0.38353783,0.8970636,0.648006,0.6300518,-0.4279286,-0.7293234,0.6752284,-0.11024505
1356594902417,0.25005314,0.32808372,0.91095257,0.641204,0.6488509,-0.4096948,-0.72548664,0.6865519,-0.048121393
1356594902456,0.2891415,0.29056287,0.9121241,0.6279498,0.6616099,-0.40981883,-0.7225484,0.69126374,0.008839965
1356594902498,0.33402315,0.27552462,0.90139604,0.60434717,0.6712746,-0.42913282,-0.72332084,0.6880964,0.05770874
1356594902535,0.38376594,0.28790337,0.8774026,0.5674161,0.6760992,-0.47003073,-0.72853464,0.67823416,0.096102834
1356594902577,0.43245175,0.3260243,0.8406507,0.51506203,0.6759259,-0.52710086,-0.7400652,0.66093296,0.124382615
1356594902617,0.47652113,0.39399058,0.7859382,0.44224703,0.66520035,-0.6016028,-0.7598322,0.6342553,0.14274085
1356594902657,0.5108018,0.49036258,0.7061346,0.34963465,0.6318858,-0.6917196,-0.78538984,0.60022074,0.15132064
1356594902699,0.5256905,0.60360736,0.5994228,0.24613519,0.5665757,-0.7863901,-0.8142892,0.56093687,0.14927447
1356594902746,0.52288866,0.7082603,0.474294,0.15142968,0.47038683,-0.8693706,-0.83884233,0.5264063,0.1387083
1356594902788,0.5174211,0.7774076,0.35764885,0.08300233,0.37038076,-0.9251641,-0.8516959,0.5083852,0.12711623
1356594902826,0.51967573,0.8095963,0.27293032,0.043336898,0.29406434,-0.9548027,-0.8532638,0.5080158,0.1177327
1356594902867,0.53433156,0.81531215,0.2230599,0.025878847,0.24798754,-0.96841747,-0.8448787,0.5232286,0.11140826
1356594902906,0.5585191,0.8041672,0.20339972,0.024526775,0.22909255,-0.97309554,-0.8291289,0.5484812,0.10822898
1356594902947,0.5880144,0.7805108,0.21223083,0.038816303,0.23485364,-0.9712554,-0.80791855,0.57935023,0.10780078
