1356594833358,-0.5449919,-0.07976499,0.8346385,0.8350816,-0.14066648,0.531838,0.07498363,0.98683864,0.14327246
1356594833396,-0.7096066,0.153701,-0.68762964,-0.7005973,-0.050062478,0.7117986,0.07497966,0.9868484,0.14320719
1356594833435,-0.70932835,0.15344927,-0.6879727,-0.7008815,-0.0497545,0.71154034,0.07495558,0.9869031,0.14284211
1356594833476,-0.7085148,0.15272748,-0.68897104,-0.7017113,-0.04886937,0.71078336,0.07488659,0.98705935,0.14179528
1356594833516,-0.7069366,0.15127316,-0.6909104,-0.7033156,-0.047109306,0.70931506,0.07475203,0.9873688,0.13969606
1356594833556,-0.70438874,0.14899579,-0.69400054,-0.7058879,-0.044341326,0.70693433,0.074557304,0.98784316,0.13640785
1356594833598,-0.70078003,0.14589918,-0.69829845,-0.7094932,-0.040534258,0.7035455,0.074341714,0.9884687,0.1319201
1356594833636,-0.6962811,0.14225152,-0.703532,-0.71392417,-0.035933554,0.69930047,0.07419619,0.9891781,0.1265766
1356594833676,-0.6915272,0.13866076,-0.708917,-0.7185284,-0.031217456,0.69479674,0.074210495,0.98984784,0.12121934
1356594833716,-0.68735886,0.13576537,-0.71351635,-0.7224953,-0.027150571,0.6908425,0.074420124,0.99036896,0.11675197
1356594833758,-0.68467015,0.13418007,-0.71639544,-0.7250082,-0.024555266,0.6883023,0.074765205,0.9906527,0.1140939
1356594833796,-0.6839938,0.13421658,-0.71703434,-0.72560537,-0.023902416,0.68769574,0.07516125,0.99066365,0.113737464
1356594833835,-0.685359,0.13585877,-0.7154198,-0.7242711,-0.025188148,0.68905514,0.07559413,0.990408,0.11566144
1356594833877,-0.68837595,0.13882077,-0.7119461,-0.7213489,-0.028014481,0.692005,0.07611987,0.98992115,0.119422734
1356594833916,-0.69238573,0.14263904,-0.7072879,-0.71743125,-0.031793714,0.6959034,0.0767757,0.989264,0.12434715
1356594833956,-0.6965485,0.146741,-0.7023441,-0.7133101,-0.03586763,0.6999302,0.07751703,0.98852444,0.12965536
1356594833995,-0.70000297,0.15057325,-0.69808567,-0.709837,-0.039556503,0.7032544,0.0782775,0.9878072,0.13457209
1356594834036,-0.70200145,0.15366879,-0.6953991,-0.7077764,-0.042174816,0.7051765,0.07903528,0.98722196,0.13836992
1356594834076,-0.702232,0.15583238,-0.6946844,-0.7074598,-0.043344676,0.7054231,0.07981688,0.986832,0.14068323
1356594834116,-0.701085,0.15725756,-0.69552135,-0.7085022,-0.043302536,0.7043789,0.080651075,0.98660785,0.14177608
1356594834157,-0.69927526,0.15821508,-0.69712424,-0.71019316,-0.042596936,0.702717,0.08148506,0.9864854,0.14215028
1356594834196,-0.69720507,0.15864304,-0.6990976,-0.7121514,-0.04154855,0.70079523,0.08212978,0.98646134,0.14194578
1356594834252,-0.6938637,0.15740436,-0.70269275,-0.7154122,-0.03944081,0.69758856,0.08208874,0.9867463,0.13997555
1356594834287,-0.6893556,0.15426219,-0.70780796,-0.71985227,-0.03628224,0.6931784,0.08125037,0.9873636,0.13605732
1356594834327,-0.6822062,0.14818752,-0.7159854,-0.7268502,-0.031287014,0.68608296,0.07926789,0.98846424,0.12905431
1356594834357,-0.6744907,0.14060456,-0.72477067,-0.7342883,-0.025771677,0.67834836,0.0767003,0.9897303,0.120627105
1356594834387,-0.6655679,0.13126096,-0.734704,-0.74271476,-0.019613206,0.66932064,0.07344577,0.9911538,0.11054331
1356594834417,-0.65605307,0.120228976,-0.7450769,-0.75150263,-0.013079822,0.6596005,0.06955764,0.99266005,0.0989334
1356594834458,-0.64359957,0.10522342,-0.7580948,-0.76265484,-0.0049271584,0.646787,0.064321905,0.99443644,0.08342022
1356594834501,-0.6315776,0.086657345,-0.7704546,-0.77313364,0.0040587783,0.6342302,0.058087826,0.99622995,0.06443423
1356594834540,-0.62375844,0.06704256,-0.7787366,-0.77991545,0.012321055,0.62576354,0.051547617,0.997674,0.044602215
1356594834581,-0.6155013,0.044537425,-0.78687644,-0.7869262,0.02056557,0.6167042,0.043648988,0.998796,0.02238959
1356594834618,-0.6120779,0.021943033,-0.790493,-0.79001087,0.027607143,0.612471,0.035262734,0.99937797,4.374981E-4
1356594834659,-0.60958856,-0.0013713241,-0.7927168,-0.7922739,0.03452331,0.6091882,0.026531816,0.999403,-0.022131443
1356594834706,-0.60903263,-0.025562733,-0.7927331,-0.7929323,0.04277432,0.60780644,0.018371403,0.9987576,-0.04632044
1356594834738,-0.61577743,-0.04707986,-0.78651226,-0.7878278,0.052068412,0.6136907,0.012059957,0.99753314,-0.06915331
1356594834778,-0.6236125,-0.067481816,-0.7788155,-0.7816959,0.06360638,0.6204077,0.007671386,0.99569094,-0.09241593
1356594834843,-0.6345403,-0.086943805,-0.767984,-0.772875,0.077521145,0.6298053,0.0047773123,0.99319243,-0.11638695
1356594834863,-0.64234287,-0.1106177,-0.7583926,-0.7664143,0.09551531,0.6352054,0.0021731555,0.9892626,-0.14613259
1356594834894,-0.6565585,-0.13250923,-0.7425444,-0.75427437,0.11400825,0.6465851,-0.0010223091,0.98460317,-0.17480141
1356594834938,-0.6576713,-0.16291606,-0.7354773,-0.753263,0.1319055,0.64435697,-0.0079625845,0.97778285,-0.20946908
1356594834976,-0.6477653,-0.20252654,-0.73442715,-0.7615938,0.14764053,0.63101274,-0.019365609,0.9680833,-0.24987942
1356594835017,-0.6204868,-0.25523698,-0.74151886,-0.7833786,0.15802294,0.6011213,-0.036251396,0.9538778,-0.2979983
1356594835057,-0.5734011,-0.3205514,-0.75396144,-0.81725276,0.15918082,0.5538586,-0.057523966,0.9337602,-0.3532459
1356594835097,-0.51083386,-0.3909874,-0.7656224,-0.8560386,0.14946839,0.4948305,-0.07903612,0.90817845,-0.41105378
1356594835144,-0.44001555,-0.45829552,-0.77223796,-0.89300436,0.13282394,0.43000108,-0.09449589,0.87881905,-0.46770453
1356594835180,-0.38395452,-0.5066823,-0.7719146,-0.9180032,0.119618,0.3781029,-0.099243075,0.85379434,-0.51106375
1356594835220,-0.3617936,-0.52779806,-0.76846254,-0.92785764,0.1238651,0.3517636,-0.09047446,0.8402896,-0.5345351
1356594835261,-0.382394,-0.51683986,-0.7659317,-0.9210913,0.1475049,0.36032367,-0.07325095,0.84327865,-0.53246164
1356594835298,-0.44326013,-0.47102076,-0.76266634,-0.89473444,0.18075234,0.4083857,-0.054504424,0.8634049,-0.5015588
1356594835339,-0.51694024,-0.4024976,-0.75549215,-0.8551251,0.20243168,0.47726545,-0.039162695,0.892758,-0.44883096
1356594835382,-0.5942242,-0.315305,-0.7399192,-0.8038088,0.20068014,0.56001693,-0.028089017,0.92752916,-0.3726939
1356594835418,-0.6479871,-0.23487905,-0.72453046,-0.7613666,0.17374986,0.62460536,-0.020819634,0.9563696,-0.2914167
1356594835460,-0.6857039,-0.16286582,-0.70942575,-0.7276654,0.12968612,0.6735611,-0.017697394,0.978088,-0.20743811
1356594835497,-0.7066152,-0.10297793,-0.7000646,-0.7073529,0.076761544,0.70268023,-0.018622518,0.99171734,-0.12708265
1356594835533,-0.71389747,-0.054366052,-0.69813657,-0.6998849,0.023198545,0.71387875,-0.022615016,0.99825156,-0.054611385
1356594835577,-0.7108289,-0.014096558,-0.70322365,-0.70281345,-0.025349557,0.7109224,-0.027848005,0.99957925,0.008112013
1356594835616,-0.6981157,0.019770205,-0.715712,-0.71526504,-0.06407434,0.6959098,-0.0321005,0.99774927,0.058872163
1356594835657,-0.6765989,0.04773417,-0.73480296,-0.7355286,-0.090984106,0.67135656,-0.034808725,0.9947077,0.096669555
1356594835697,-0.64391804,0.06890342,-0.76198554,-0.7641729,-0.10678977,0.6361098,-0.037542075,0.99189126,0.12141794
1356594835738,-0.5980205,0.0795176,-0.7975266,-0.800276,-0.11378521,0.5887371,-0.043931723,0.9903181,0.1316818
1356594835778,-0.53715074,0.08034119,-0.8396513,-0.8416647,-0.11643714,0.5272976,-0.055402875,0.98994327,0.13016468
1356594835818,-0.4649436,0.07010156,-0.88256055,-0.88229674,-0.11927438,0.4553307,-0.07334751,0.9903834,0.11730629
1356594835859,-0.39178628,0.056982458,-0.91829,-0.91545314,-0.12385732,0.38289022,-0.091918856,0.9906626,0.100690365
1356594835896,-0.32956105,0.04609248,-0.94300854,-0.9381285,-0.12846678,0.32157633,-0.10632303,0.9906421,0.08557832
1356594835938,-0.28498012,0.0409604,-0.9576578,-0.95184684,-0.12989646,0.277695,-0.11302185,0.9906811,0.076005936
1356594835986,-0.2615564,0.04336688,-0.9642135,-0.95881474,-0.12628877,0.2544119,-0.11073628,0.9910451,0.0746125
1356594836029,-0.257568,0.049877346,-0.964972,-0.9606636,-0.12054855,0.25018704,-0.103847265,0.99145365,0.07896477
1356594836068,-0.27016592,0.06139338,-0.9608544,-0.958405,-0.11254144,0.26228642,-0.09203327,0.9917486,0.089244604
1356594836109,-0.2975601,0.076189935,-0.9516581,-0.9516824,-0.10290462,0.2893291,-0.07588604,0.991769,0.10312885
1356594836148,-0.3329873,0.09085712,-0.93854374,-0.9412569,-0.09131873,0.32510963,-0.05616808,0.9916682,0.115927815
1356594836191,-0.36651158,0.094277054,-0.92562467,-0.92960954,-0.07845497,0.36009863,-0.038670838,0.9924499,0.11639547
1356594836267,-0.37813437,0.06718513,-0.9233095,-0.9252033,-0.06171745,0.3744191,-0.03182894,0.9958298,0.08549744
1356594836268,-0.36018145,0.004580915,-0.932871,-0.9321509,-0.041355968,0.3597004,-0.03693202,0.99913394,0.019165754
1356594836307,-0.29644156,-0.09889665,-0.9499168,-0.9536762,-0.022696733,0.29997775,-0.051226795,0.99483883,-0.08758712
1356594836347,-0.20669365,-0.2112248,-0.95533335,-0.9764061,-0.017862737,0.21520236,-0.06252095,0.9772743,-0.20254904
1356594836390,-0.12584096,-0.29587442,-0.94690144,-0.99006313,-0.022929788,0.13874176,-0.06276235,0.95495164,-0.2900489
1356594836428,-0.080752194,-0.33513212,-0.9387042,-0.99519575,-0.025197268,0.09460765,-0.055358827,0.94183415,-0.33148736
1356594836470,-0.083790004,-0.32755134,-0.94111073,-0.99552774,-0.013835669,0.09345043,-0.04363075,0.94473207,-0.32492715
1356594836508,-0.12351659,-0.28400162,-0.95083475,-0.991866,0.0056428015,0.12716132,-0.030748695,0.9588072,-0.2823885
1356594836548,-0.18206254,-0.21824753,-0.95876026,-0.9831103,0.021923155,0.181696,-0.01863566,0.97564715,-0.21855283
1356594836588,-0.2432316,-0.14311153,-0.9593526,-0.9699307,0.027182937,0.24185845,-0.0085347,0.98933315,-0.14542001
1356594836628,-0.29389626,-0.07032132,-0.9532471,-0.9558368,0.02052617,0.2931804,-0.001050353,0.9973132,-0.07324833
1356594836668,-0.32715565,-0.0077819526,-0.9449384,-0.9449644,0.0062890053,0.32711288,0.0033971667,0.99994993,-0.009411156
1356594836708,-0.34002674,0.03957671,-0.93958265,-0.9404084,-0.010356665,0.33988935,0.0037207603,0.99916285,0.040739775
1356594836749,-0.33335763,0.0693523,-0.9402462,-0.94279695,-0.027244031,0.3322525,-0.0025735795,0.99722016,0.07446718
1356594836790,-0.30898815,0.081317246,-0.94758326,-0.9509128,-0.044297278,0.3062724,-0.017070055,0.99570346,0.091012836
1356594836828,-0.27356857,0.07882276,-0.95861727,-0.9610927,-0.062006235,0.26917654,-0.03822303,0.99495834,0.09271902
1356594836869,-0.23218131,0.06333366,-0.97060835,-0.97047424,-0.08213484,0.2267898,-0.06535733,0.99460673,0.08053386
1356594836908,-0.19451833,0.044252396,-0.9799001,-0.9766772,-0.10132128,0.18930286,-0.09090769,0.993869,0.06292921
1356594836952,-0.1671828,0.027232856,-0.98554975,-0.9799286,-0.11467838,0.16306049,-0.10858065,0.9930293,0.045858502
1356594836988,-0.15625423,0.01686716,-0.98757285,-0.9809298,-0.11966187,0.15315944,-0.11559147,0.99267143,0.035243154
1356594837029,-0.16019326,0.014433533,-0.9869802,-0.98080885,-0.114910364,0.15751114,-0.11114076,0.9932711,0.032564342
1356594837068,-0.1805436,0.018534571,-0.98339236,-0.97862446,-0.10349214,0.17771766,-0.09847939,0.9944576,0.036823213
1356594837108,-0.21602368,0.02796942,-0.97598743,-0.97304684,-0.08879185,0.21282828,-0.08070704,0.99565744,0.046396732
1356594837148,-0.2646315,0.04354492,-0.963366,-0.9626137,-0.07184124,0.26117757,-0.057836473,0.9964651,0.060928345
1356594837190,-0.32471532,0.0656102,-0.9435334,-0.9453629,-0.05324608,0.3216424,-0.02913642,0.9964237,0.079315305
1356594837229,-0.39050192,0.09127009,-0.91606665,-0.920588,-0.033203542,0.3891211,0.005098462,0.9952725,0.0969882
1356594837268,-0.45041567,0.10768747,-0.8863008,-0.89200455,-0.0118864775,0.45187005,0.038125724,0.9941137,0.10141164
1356594837307,-0.48596096,0.0927479,-0.8690454,-0.8719827,0.015743554,0.48928365,0.059061885,0.9955652,0.07322377
1356594837350,-0.48084104,0.02914673,-0.8763232,-0.87469965,0.05331838,0.4817236,0.06076482,0.9981521,-1.4305115E-4
1356594837391,-0.42136902,-0.08473933,-0.90292156,-0.90574414,0.08934075,0.41430154,0.045560032,0.9923898,-0.114397526
1356594837430,-0.32487273,-0.20535925,-0.923193,-0.94534206,0.09944785,0.3105454,0.028036207,0.9736209,-0.2264427
1356594837473,-0.23087081,-0.2901165,-0.9287255,-0.97284395,0.085048705,0.21527049,0.016533405,0.95320463,-0.30187333
1356594837510,-0.16025937,-0.32690194,-0.9313711,-0.98701847,0.063168466,0.147663,0.010561973,0.94294477,-0.3327816
1356594837547,-0.13569823,-0.31439057,-0.93954486,-0.99071145,0.051448315,0.12587258,0.008764863,0.9478985,-0.31845176
1356594837588,-0.14180124,-0.26797178,-0.9529342,-0.98984087,0.04847133,0.13366261,0.0103722215,0.9622067,-0.27212274
1356594837628,-0.16380718,-0.20234042,-0.96551824,-0.9863849,0.048037797,0.15728027,0.014557213,0.97813636,-0.2074545
1356594837668,-0.19141656,-0.12838858,-0.9730756,-0.9813153,0.04472369,0.18713656,0.019493312,0.990715,-0.13455057
1356594837709,-0.21525395,-0.056396276,-0.97492826,-0.97628,0.03625405,0.21345523,0.023306996,0.99775004,-0.062862396
1356594837749,-0.2296282,0.0060224235,-0.9732598,-0.9729595,0.024175048,0.22970697,0.024912,0.9996896,3.0827522E-4
1356594837788,-0.23006994,0.052736193,-0.9717441,-0.97289693,0.011365533,0.23095965,0.023224294,0.99854374,0.048692048
1356594837829,-0.21598029,0.07997012,-0.97311735,-0.97627854,-0.0021167994,0.21650797,0.015254289,0.996795,0.07853031
1356594837866,-0.18843961,0.0876714,-0.9781637,-0.98208475,-0.01699233,0.18767196,-1.6781688E-4,0.9960045,0.08930278
1356594837908,-0.14906305,0.074392766,-0.98602533,-0.9885111,-0.036442816,0.14668933,-0.025020957,0.99656296,0.07897031
1356594837946,-0.10879415,0.051393032,-0.9927349,-0.9926857,-0.05819404,0.10577613,-0.052335143,0.99698156,0.05734831
1356594837988,-0.07441038,0.025515854,-0.9969012,-0.99423546,-0.07928151,0.07218218,-0.077194035,0.99652565,0.03126815
1356594838031,-0.052525163,0.0052165985,-0.99860597,-0.99424887,-0.09373003,0.05180633,-0.09332907,0.995584,0.010109752
1356594838069,-0.045844615,-0.0052334964,-0.99893486,-0.99402595,-0.09891254,0.04613757,-0.099048615,0.9950824,-6.676018E-4
1356594838109,-0.05388081,-0.0048666,-0.9985355,-0.99391073,-0.0959934,0.054099143,-0.096116066,0.9953701,3.3521652E-4
1356594838149,-0.07602817,0.0046803355,-0.99709463,-0.99323237,-0.08841139,0.075318664,-0.08780202,0.996073,0.01137045
1356594838193,-0.11245859,0.023405522,-0.99338067,-0.9908762,-0.07737321,0.1103521,-0.074278235,0.9967274,0.031893313
1356594838229,-0.1633637,0.047444254,-0.9854244,-0.98496926,-0.06464809,0.16017571,-0.05610642,0.9967797,0.057292283
1356594838271,-0.22628081,0.077797085,-0.97095037,-0.97362125,-0.048053324,0.22305301,-0.029304475,0.9958105,0.086618364
1356594838306,-0.2992655,0.10592693,-0.9482719,-0.95416445,-0.029871881,0.29778826,0.0032170713,0.9939251,0.1100114
1356594838352,-0.36313796,0.112957835,-0.92486286,-0.9310421,-0.0057069063,0.36486715,0.035936475,0.9935834,0.107240915
1356594838390,-0.40463966,0.08714357,-0.9103147,-0.91252065,0.026589632,0.4081656,0.05977395,0.9958409,0.06876105
1356594838429,-0.3861485,0.0082681775,-0.9223996,-0.9199489,0.06993896,0.38574943,0.0677011,0.997517,-0.019400477
1356594838486,-0.29702008,-0.10884437,-0.9486474,-0.9527538,0.09990591,0.28684294,0.06355426,0.9890256,-0.13337594
1356594838506,-0.1662412,-0.21891299,-0.96147853,-0.98448706,0.09233573,0.14919606,0.056117833,0.9713657,-0.23086697
1356594838546,-0.059839875,-0.2806397,-0.95794594,-0.99697334,0.06451753,0.043376774,0.04963109,0.9576423,-0.28365105
1356594838583,-0.017203122,-0.2917468,-0.95634085,-0.99889666,0.046815902,0.0036867857,0.043696344,0.95534915,-0.2922303
1356594838626,-0.05680579,-0.26021716,-0.9638777,-0.99767256,0.05126667,0.04495713,0.03771618,0.9641881,-0.2625237
1356594838666,-0.15563592,-0.20144418,-0.96705616,-0.9872867,0.06372097,0.14561829,0.032287806,0.9774251,-0.20880044
1356594838707,-0.2813266,-0.12803185,-0.9510327,-0.9592246,0.06568068,0.27490762,0.027267516,0.9895928,-0.141289
1356594838747,-0.38580143,-0.059678942,-0.9206495,-0.9223137,0.049001932,0.38332242,0.0222373,0.9970141,-0.07394767
1356594838787,-0.4539562,-0.0040253103,-0.89101493,-0.89086795,0.020763695,0.4537875,0.016674131,0.9997763,-0.013011813
1356594838826,-0.4763707,0.03514117,-0.87854195,-0.8791844,-0.007358253,0.47642475,0.010277569,0.99935526,0.03440088
1356594838866,-0.45743126,0.058697492,-0.8873056,-0.8892437,-0.028467,0.45654714,0.0015392005,0.99786985,0.06521809
1356594838906,-0.39994335,0.068401664,-0.9139838,-0.9164727,-0.041918993,0.39789525,-0.011096567,0.9967768,0.07945347
1356594838946,-0.31141502,0.06572461,-0.9479984,-0.9498571,-0.051075578,0.3084846,-0.028144568,0.99652976,0.07833475
1356594838986,-0.20492244,0.053082883,-0.9773378,-0.97759,-0.060287893,0.2017009,-0.048214734,0.9967686,0.06424755
1356594839027,-0.1009146,0.03630522,-0.99423254,-0.99263084,-0.07105845,0.09815726,-0.06708494,0.9968113,0.04320851
1356594839066,-0.016888082,0.021091849,-0.9996349,-0.9966943,-0.07981795,0.015154272,-0.079469144,0.9965863,0.02237007
1356594839112,0.039096236,0.011074573,-0.9991741,-0.995921,-0.08094561,-0.03986609,-0.0813202,0.996657,0.007864684
1356594839149,0.06592226,0.0070717335,-0.99779975,-0.9950671,-0.07382655,-0.06626499,-0.07413271,0.997246,0.002170056
1356594839190,0.0650174,0.009839922,-0.99783564,-0.99608195,-0.05943024,-0.06548917,-0.05994606,0.99818397,0.0059373975
1356594839230,0.035814583,0.018645376,-0.9991846,-0.99845386,-0.041864395,-0.036569655,-0.04251209,0.99894935,0.017117172
1356594839270,-0.022720098,0.035327315,-0.9991175,-0.9995136,-0.022156298,0.021945655,-0.02136144,0.9991302,0.03581351
1356594839306,-0.11513597,0.059773564,-0.9915497,-0.99334264,-0.0031553507,0.11515394,0.003754437,0.998207,0.059738934
1356594839350,-0.23747355,0.09169841,-0.9670562,-0.9707931,0.012606442,0.23958659,0.034160793,0.99570704,0.08602655
1356594839390,-0.3759439,0.12071723,-0.91874564,-0.924341,0.020980597,0.3809902,0.06526789,0.9924652,0.10369635
1356594839429,-0.49097162,0.12687802,-0.86188674,-0.8665658,0.030513465,0.498129,0.089500695,0.9914489,0.09496701
1356594839470,-0.5511671,0.092223674,-0.82928264,-0.82834744,0.058965683,0.5571029,0.100277275,0.9939909,0.043893278
1356594839510,-0.54121774,0.012703925,-0.84078646,-0.83516455,0.10828477,0.539235,0.09789479,0.9940387,-0.047995806
1356594839548,-0.4595806,-0.098056644,-0.8827064,-0.8837005,0.1496945,0.44346923,0.08865121,0.9838579,-0.15544939
1356594839588,-0.34921548,-0.19871053,-0.9157307,-0.9336405,0.15698418,0.32198036,0.07977435,0.96740377,-0.24034554
1356594839628,-0.29329428,-0.24848229,-0.92316574,-0.95321375,0.1499683,0.26247475,0.07322526,0.9569566,-0.2808416
1356594839669,-0.3376259,-0.24022752,-0.9101095,-0.9388611,0.15522256,0.30732024,0.067442745,0.9582257,-0.2779475
1356594839706,-0.45359838,-0.18972743,-0.87077665,-0.8890456,0.16432613,0.42731106,0.062018722,0.9679878,-0.24321443
1356594839747,-0.57528406,-0.123051584,-0.8086449,-0.8159096,0.15617687,0.5566869,0.05779046,0.98003423,-0.19024503
1356594839787,-0.66344047,-0.060854584,-0.7457502,-0.74624455,0.1263569,0.65356934,0.054457992,0.9901165,-0.1292426
1356594839826,-0.7081764,-0.013613701,-0.70590425,-0.70422524,0.08517128,0.70484936,0.050527155,0.9962733,-0.06990343
1356594839876,-0.72169507,0.021828622,-0.6918668,-0.69085586,0.039798558,0.72189623,0.043293297,0.99896926,-0.013642013
1356594839916,-0.6917793,0.04435131,-0.72074556,-0.7212976,0.0048573613,0.6926082,0.034218937,0.9990042,0.028630376
1356594839957,-0.6368265,0.057228,-0.76888025,-0.77068985,-0.01864332,0.6369377,0.022116154,0.998187,0.055977643
1356594839997,-0.5543746,0.05965653,-0.8301265,-0.8322551,-0.034327567,0.5533291,0.004513502,0.99762857,0.06867975
1356594840057,-0.42151505,0.038939357,-0.90598494,-0.9063267,-0.0510844,0.41947848,-0.02994752,0.9979349,0.056824625
1356594840096,-0.2711146,0.023350447,-0.9622638,-0.9607918,-0.066912115,0.2690761,-0.05810404,0.99748564,0.040575683
1356594840138,-0.15358049,0.010393411,-0.98808146,-0.9852078,-0.078535676,0.15230775,-0.076016694,0.99685705,0.022301257
1356594840192,-0.07277459,0.0015170872,-0.9973473,-0.9943793,-0.077215254,0.072440565,-0.07690054,0.9970133,0.0071278512
1356594840229,-0.031989872,-0.0024661124,-0.9994852,-0.9971515,-0.06826079,0.03208357,-0.06830472,0.9976645,-2.7546287E-4
1356594840269,-0.02476126,-5.5640936E-5,-0.9996934,-0.99838233,-0.051196158,0.024731636,-0.051181823,0.9986886,0.0012121499
1356594840306,-0.0529027,0.008721203,-0.9985616,-0.9981694,-0.02981317,0.052621543,-0.029311389,0.9995175,0.010282397
1356594840352,-0.11864495,0.026892722,-0.9925724,-0.9929339,-0.005565703,0.118537426,-0.0023365915,0.9996228,0.027363122
1356594840389,-0.2247082,0.054264218,-0.97291404,-0.9740211,0.016280115,0.22587186,0.028095901,0.99839395,0.049196184
1356594840432,-0.35939384,0.09128681,-0.9287102,-0.9309958,0.033068597,0.36352882,0.06389654,0.9952754,0.07310301
1356594840470,-0.50418955,0.123577446,-0.8547055,-0.85810137,0.039747655,0.5119397,0.09723669,0.9915386,0.086001635
1356594840509,-0.60846007,0.12822768,-0.7831565,-0.78450453,0.05166763,0.617967,0.119704336,0.99039793,0.06915742
1356594840548,-0.6567825,0.09091252,-0.74857974,-0.7435078,0.08757454,0.66296816,0.12582862,0.9920008,0.010076821
1356594840588,-0.6544787,0.016112149,-0.75590867,-0.746807,0.14232868,0.6496321,0.11805445,0.9896883,-0.081118345
1356594840628,-0.6254309,-0.06941435,-0.7771859,-0.77322924,0.18873048,0.6053903,0.10465589,0.97957265,-0.17171103
1356594840668,-0.61448723,-0.12574965,-0.7788405,-0.783536,0.21248609,0.58388436,0.09206951,0.9690391,-0.2290994
1356594840707,-0.6490108,-0.13320205,-0.7490275,-0.7564943,0.2173413,0.61683,0.080631614,0.96696436,-0.24182343
1356594840749,-0.7104264,-0.104041755,-0.6960385,-0.7003085,0.20250022,0.68451566,0.069729745,0.9737397,-0.21672279
1356594840789,-0.76854426,-0.0604949,-0.6369302,-0.6369476,0.16618937,0.7527808,0.060311675,0.9842365,-0.16625595
1356594840828,-0.8079158,-0.019252717,-0.5889833,-0.58690846,0.11620003,0.8012715,0.053013235,0.9930392,-0.10517937
1356594840869,-0.82987106,0.015482038,-0.55774033,-0.55596364,0.061437905,0.8289329,0.047099948,0.99799085,-0.042378128
1356594840906,-0.8361299,0.041760802,-0.5469396,-0.5469355,0.012537539,0.8370809,0.041814476,0.999049,0.012357414
1356594840948,-0.8306804,0.0604489,-0.5534583,-0.55558014,-0.02560258,0.83106875,0.036067247,0.9978429,0.05485177
1356594840986,-0.8123787,0.07126546,-0.5787591,-0.5824268,-0.050429165,0.8113174,0.028632611,0.9961818,0.08247447
1356594841026,-0.78132105,0.07102221,-0.6200751,-0.6239169,-0.062969506,0.77894956,0.016276926,0.9954851,0.0935114
1356594841068,-0.7324484,0.05612433,-0.6785054,-0.68081015,-0.06642485,0.7294419,-0.0041301847,0.99621177,0.08686274
1356594841107,-0.6683665,0.031814188,-0.74315155,-0.74327266,-0.067308426,0.665594,-0.028844982,0.9972249,0.06863326
1356594841147,-0.59566045,5.336106E-4,-0.80323625,-0.80134344,-0.06900829,0.5942109,-0.05511287,0.997616,0.041533053
1356594841186,-0.5296387,-0.026196986,-0.84781873,-0.8449099,-0.07196784,0.5300452,-0.07490125,0.99706286,0.015982807
1356594841229,-0.48320758,-0.04184711,-0.87450516,-0.8715165,-0.07225448,0.48501372,-0.08348331,0.996508,-0.0015565753
1356594841269,-0.46102488,-0.044473737,-0.8862721,-0.8837043,-0.06788987,0.4630959,-0.08076453,0.9967011,-0.008002698
1356594841306,-0.4594953,-0.035619557,-0.8874656,-0.8854331,-0.060154915,0.46085736,-0.06980097,0.9975532,-0.0038977861
1356594841350,-0.4713062,-0.017478287,-0.8817965,-0.8803515,-0.051214516,0.47154894,-0.053402632,0.9985348,0.0087506175
1356594841389,-0.48890334,0.008566052,-0.87229586,-0.87173617,-0.041933775,0.48817787,-0.032396942,0.99908364,0.027968943
1356594841430,-0.5070635,0.04331225,-0.8608197,-0.86189437,-0.031218708,0.5061258,-0.004952222,0.99857366,0.05316049
1356594841469,-0.52013445,0.084398806,-0.8499041,-0.8535865,-0.017394722,0.5206607,0.029159307,0.99628025,0.0810892
1356594841513,-0.52332544,0.12407285,-0.8430518,-0.84937376,0.0035993457,0.5277795,0.06851748,0.9922666,0.103500664
1356594841557,-0.50814587,0.14465082,-0.84903705,-0.8551572,0.032513678,0.5173481,0.10244012,0.9889484,0.107177496
1356594841589,-0.46651697,0.11776534,-0.87663746,-0.8765917,0.0707804,0.4760011,0.11810517,0.9905157,0.07021189
1356594841623,-0.3912043,0.046210468,-0.91914296,-0.91294783,0.1065377,0.39392376,0.116126865,0.9932343,5.096793E-4
1356594841664,-0.28496385,-0.05952221,-0.9566884,-0.9533171,0.121629894,0.2763922,0.09991038,0.9907892,-0.09140366
1356594841707,-0.1667631,-0.1542227,-0.9738611,-0.9825028,0.1090695,0.15097037,0.08293545,0.9819976,-0.16971296
1356594841746,-0.066886276,-0.2066203,-0.97613233,-0.99516153,0.08438322,0.050328553,0.071970284,0.9747756,-0.21126467
1356594841786,0.003948033,-0.2130723,-0.9770285,-0.99777937,0.06412381,-0.01801616,0.06648955,0.9749299,-0.21234596
1356594841826,0.04832244,-0.1859318,-0.98137367,-0.9967648,0.054199636,-0.05934894,0.06422496,0.9810666,-0.18271118
1356594841866,0.071906656,-0.13884604,-0.9876999,-0.99535036,0.05363795,-0.08000377,0.06408638,0.98886037,-0.1343435
1356594841907,0.081644386,-0.0851191,-0.9930202,-0.99455786,0.05774346,-0.086720526,0.06472206,0.9946962,-0.07994145
1356594841947,0.08084446,-0.031147987,-0.9962399,-0.99463034,0.062271893,-0.082660854,0.06461239,0.9975731,-0.025946379
1356594841986,0.07546142,0.0145537555,-0.99704254,-0.995155,0.06429723,-0.07438004,0.06302455,0.99782467,0.01933527
1356594842028,0.06883073,0.049218982,-0.9964134,-0.9959135,0.06192535,-0.06573728,0.058467686,0.99686646,0.053280294
1356594842076,0.063078165,0.07022405,-0.9955348,-0.9969685,0.049961925,-0.05964473,0.045550317,0.99627924,0.073162705
1356594842117,0.056498885,0.07918671,-0.99525744,-0.99808455,0.029642344,-0.054300874,0.025201857,0.99641895,0.080709815
1356594842158,0.052406847,0.07498753,-0.99580634,-0.9986186,1.500845E-4,-0.05254349,-0.0037906468,0.9971844,0.074891835
1356594842196,0.04678893,0.06251016,-0.996947,-0.9983499,-0.030337393,-0.048756957,-0.03329259,0.99758315,0.060987532
1356594842276,0.04044342,0.042392492,-0.9982821,-0.9974421,-0.05721855,-0.0428392,-0.058936328,0.9974612,0.03996995
1356594842277,0.023800373,0.026433706,-0.99936724,-0.9969915,-0.07313424,-0.025678217,-0.07376671,0.9969718,0.02461353
1356594842317,0.0046096444,0.0182558,-0.99982274,-0.99719226,-0.07464588,-0.0059604645,-0.07474148,0.997043,0.017860442
1356594842360,-0.020380259,0.017759562,-0.9996346,-0.99754655,-0.06733984,0.019141316,-0.066975236,0.99757206,0.019088298
1356594842399,-0.049260616,0.025381088,-0.99846345,-0.99737155,-0.054433048,0.04782304,-0.053135574,0.9981948,0.027995765
1356594842441,-0.082635105,0.040417165,-0.99575996,-0.9959738,-0.038191676,0.08110264,-0.034751743,0.9984528,0.04341036
1356594842479,-0.12033355,0.06291026,-0.9907383,-0.99267584,-0.018391728,0.11940101,-0.010709763,0.9978498,0.064662576
1356594842519,-0.16205823,0.091584265,-0.9825221,-0.9865735,0.005391538,0.16322896,0.020246565,0.99578273,0.08948082
1356594842559,-0.20502055,0.11873457,-0.971529,-0.9771913,0.031300664,0.2100409,0.055348635,0.9924325,0.10960913
1356594842601,-0.24030083,0.12639216,-0.9624347,-0.96685076,0.057027638,0.24889264,0.08634347,0.99033976,0.10849857
1356594842639,-0.25599444,0.09958917,-0.96153456,-0.9609329,0.0820685,0.26433438,0.10523647,0.99163836,0.07468945
1356594842679,-0.23499948,0.025775015,-0.9716537,-0.9658998,0.10558587,0.23640877,0.10868633,0.9940761,8.34465E-5
1356594842718,-0.1807844,-0.06871849,-0.98111916,-0.9778524,0.11952251,0.17181101,0.10545921,0.9904505,-0.088804364
1356594842759,-0.112532705,-0.15195185,-0.98196083,-0.98833174,0.11920676,0.09481639,0.102648795,0.981173,-0.16359347
1356594842798,-0.05468929,-0.20005134,-0.9782579,-0.99338055,0.11001718,0.03303647,0.101016164,0.97358906,-0.20474386
1356594842838,-0.025254458,-0.20785517,-0.9778336,-0.9948583,0.10119066,0.0041843355,0.09807792,0.9729115,-0.20934194
1356594842878,-0.023056984,-0.18524092,-0.9824226,-0.9954075,0.09557915,0.0053398013,0.09290993,0.97803396,-0.18659389
1356594842919,-0.0401403,-0.14421827,-0.9887314,-0.9954786,0.09102753,0.027136743,0.08608815,0.9853502,-0.14722008
1356594842958,-0.06766379,-0.09408164,-0.9932624,-0.99465704,0.084159315,0.059787273,0.077967405,0.99200094,-0.0992735
1356594842998,-0.095915794,-0.043667078,-0.99443114,-0.9929774,0.07370484,0.09253907,0.069253445,0.9963236,-0.05042982
1356594843038,-0.11834556,8.701384E-4,-0.99297214,-0.99111307,0.06106627,0.11817747,0.060739905,0.99813336,-0.0063645244
1356594843078,-0.13048768,0.034612536,-0.99084556,-0.9900851,0.04787308,0.13205981,0.052005738,0.9982536,0.028022468
1356594843119,-0.1308825,0.054290086,-0.98991036,-0.99059963,0.032901824,0.13277802,0.03977838,0.997983,0.049473464
1356594843157,-0.12136179,0.059688717,-0.99081206,-0.992368,0.014672339,0.122436285,0.02184558,0.9981092,0.05745244
1356594843198,-0.10469341,0.051134408,-0.9931891,-0.9945006,-0.008189917,0.10441002,-0.0027951598,0.9986582,0.051710606
1356594843239,-0.086221755,0.033546507,-0.99571097,-0.9958226,-0.03304851,0.085117996,-0.03005135,0.9988906,0.036255896
1356594843278,-0.072882354,0.016063899,-0.9972112,-0.99598897,-0.05320841,0.07193589,-0.05190447,0.9984542,0.019877434
1356594843319,-0.06728315,0.0042438805,-0.99772495,-0.9958012,-0.062498987,0.06688759,-0.062072933,0.998036,0.008431137
1356594843360,-0.070082664,-7.9482794E-5,-0.9975412,-0.9957117,-0.06053102,0.069958925,-0.06038776,0.9981663,0.004163027
1356594843399,-0.080292165,0.003787458,-0.9967642,-0.9956195,-0.048365355,0.080016196,-0.047905833,0.9988225,0.0076542497
1356594843439,-0.09862995,0.014662623,-0.9950162,-0.99470234,-0.030564785,0.098148406,-0.028973341,0.99942523,0.017599583
1356594843479,-0.1265167,0.032392472,-0.9914354,-0.9919503,-0.009473562,0.12627286,-0.005302161,0.99943036,0.03333032
1356594843519,-0.1665563,0.057168603,-0.98437333,-0.98575056,0.014196098,0.16761383,0.0235565,0.9982636,0.05398953
1356594843559,-0.21965498,0.08704817,-0.9716863,-0.9738555,0.039589643,0.22369197,0.057940662,0.9954171,0.07607633
1356594843600,-0.28098923,0.11212379,-0.95313865,-0.95505494,0.065041006,0.28920528,0.0944199,0.9915633,0.08880854
1356594843649,-0.3302005,0.104162514,-0.938146,-0.935746,0.09431994,0.33982813,0.12388328,0.99007773,0.06632513
1356594843690,-0.35989904,0.05905214,-0.93112063,-0.92255485,0.12633038,0.36460003,0.13915929,0.990229,0.00901258
1356594843728,-0.34149772,-0.026806176,-0.9395002,-0.9297254,0.15619344,0.33348814,0.13780424,0.98736274,-0.07826209
1356594843769,-0.28151026,-0.12802744,-0.95097893,-0.9513732,0.16640905,0.25922385,0.12506372,0.9777101,-0.1686477
1356594843808,-0.21686855,-0.20535222,-0.9543576,-0.9701586,0.15394148,0.18733504,0.108445525,0.9665053,-0.23260927
1356594843847,-0.18849412,-0.23747021,-0.95293117,-0.9777209,0.13663939,0.15934709,0.09236774,0.9617368,-0.25793535
1356594843890,-0.21797705,-0.22383597,-0.94993865,-0.9727963,0.12806523,0.19304577,0.0784435,0.9661764,-0.2456621
1356594843928,-0.28411284,-0.18521073,-0.9407321,-0.95635605,0.12462255,0.26429585,0.06828597,0.9747647,-0.21253431
1356594843968,-0.3745042,-0.12948117,-0.9181401,-0.92513,0.118707836,0.3606145,0.062297642,0.9844506,-0.16424352
1356594844008,-0.4633727,-0.07024771,-0.8833748,-0.8841598,0.10364723,0.4555422,0.05955854,0.9921303,-0.11013746
1356594844049,-0.5352726,-0.016147465,-0.844525,-0.84263873,0.07966298,0.532554,0.058678,0.99669105,-0.05624789
1356594844088,-0.57816195,0.024861604,-0.8155431,-0.81389976,0.052756608,0.57860523,0.0574103,0.99829787,-0.01026696
1356594844130,-0.59125686,0.049838006,-0.80494183,-0.80481327,0.027734756,0.59287965,0.05187279,0.9983721,0.023712039
1356594844168,-0.5716946,0.058101594,-0.8184066,-0.8195031,0.007884264,0.5730204,0.039745897,0.9982795,0.043107152
1356594844207,-0.5211779,0.04895076,-0.8520431,-0.8532351,-0.007583618,0.5214714,0.019064844,0.9987724,0.04571891
1356594844278,-0.44646823,0.028144509,-0.89435685,-0.8947747,-0.021507144,0.44599992,-0.006682545,0.99937254,0.03478515
1356594844286,-0.3677836,0.005865395,-0.9298929,-0.9293981,-0.035539567,0.3673637,-0.030893266,0.999351,0.018522143
1356594844326,-0.30791187,-0.009161711,-0.9513708,-0.95026433,-0.04620123,0.3079987,-0.046776295,0.99889016,0.005519867
1356594844366,-0.2802952,-0.014142126,-0.9598097,-0.9585525,-0.049109638,0.28065166,-0.051104963,0.9986932,2.092123E-4
1356594844407,-0.28927344,-0.010256499,-0.9571915,-0.9561727,-0.04425329,0.28943974,-0.045327485,0.9989677,0.002994299
1356594844448,-0.33698326,0.0022878945,-0.94150794,-0.9409853,-0.034219384,0.33671305,-0.03144744,0.9994117,0.013684213
1356594844496,-0.42985475,0.0267241,-0.9025025,-0.9028558,-0.02239263,0.42935994,-0.00873518,0.99939203,0.033753633
1356594844540,-0.5616577,0.06061557,-0.8251463,-0.82712054,-0.016661167,0.5617776,0.02030459,0.9980222,0.059494197
1356594844586,-0.6967677,0.10465583,-0.7096211,-0.71488297,-0.02022481,0.69895154,0.05879739,0.9943028,0.08890867
1356594844649,-0.8038454,0.1426546,-0.5774793,-0.5867763,-0.030872285,0.80916035,0.09760237,0.98929095,0.10852283
1356594844666,-0.8649894,0.16143933,-0.47511113,-0.485091,-0.026798427,0.87405294,0.1283743,0.9865187,0.10149318
1356594844708,-0.8950916,0.15467751,-0.41819364,-0.42172402,0.010845363,0.90665936,0.14477529,0.9879055,0.055523634
1356594844744,-0.9071411,0.12329565,-0.40235955,-0.39448607,0.08380985,0.91507196,0.14654611,0.9888246,-0.02738893
1356594844787,-0.90814954,0.07824287,-0.41126928,-0.39469972,0.16746205,0.9034205,0.13955823,0.98276883,-0.12119818
1356594844828,-0.9025463,0.03598216,-0.42908695,-0.41059583,0.22823459,0.8827911,0.12969723,0.9729411,-0.1912182
1356594844877,-0.8951199,0.012207985,-0.4456583,-0.43012464,0.2393024,0.87047523,0.11727384,0.9708683,-0.20895338
1356594844920,-0.8818558,0.0021913797,-0.47151423,-0.4597177,0.218333,0.86080796,0.1048335,0.97587186,-0.19153088
1356594844958,-0.8680074,0.0066334307,-0.49650702,-0.48769766,0.17659074,0.854966,0.093349904,0.98426205,-0.150047
1356594844998,-0.8525803,0.020885125,-0.5221787,-0.51585454,0.12634647,0.84730786,0.083671555,0.9917663,-0.096946836
1356594845036,-0.8349848,0.04032445,-0.54879355,-0.5451031,0.075775445,0.8349376,0.07525346,0.99630916,-0.041290343
1356594845076,-0.81463087,0.060362607,-0.5768299,-0.57604563,0.031435072,0.81681275,0.06743762,0.9976814,0.009163678
1356594845118,-0.79170734,0.07722178,-0.6060002,-0.6080358,-0.003653586,0.7939012,0.059092402,0.99700725,0.049846172
1356594845157,-0.76501036,0.08679417,-0.6381426,-0.64216876,-0.027768254,0.7660602,0.048769444,0.9958392,0.07697952
1356594845197,-0.7342942,0.08332473,-0.67369807,-0.67805326,-0.042523503,0.7337817,0.032494158,0.99561477,0.087723374
1356594845236,-0.6980121,0.06602964,-0.71303505,-0.7160157,-0.05042553,0.69626045,0.010018587,0.9965427,0.08247602
1356594845278,-0.6568942,0.03726971,-0.75306106,-0.753808,-0.05396509,0.654875,-0.016232014,0.997847,0.06354356
1356594845317,-0.61559355,0.006555617,-0.7880365,-0.7870774,-0.055130005,0.61438566,-0.03941679,0.9984576,0.03909743
1356594845362,-0.58121884,-0.016155958,-0.81358683,-0.81202555,-0.05348748,0.5811657,-0.052906036,0.99843776,0.017968953
1356594845399,-0.55855435,-0.026111692,-0.82905686,-0.8276837,-0.047977746,0.5591403,-0.054376394,0.998507,0.0051859617
1356594845439,-0.5483438,-0.023795128,-0.8359145,-0.8349695,-0.039782822,0.5488563,-0.046315134,0.99892503,0.0019463897
1356594845479,-0.5488454,-0.011800587,-0.8358405,-0.8352865,-0.031295,0.5489235,-0.03263527,0.99944055,0.0073192716
1356594845519,-0.5579324,0.008303165,-0.82984483,-0.8297505,-0.023679376,0.55763197,-0.015020102,0.99968517,0.02010107
1356594845560,-0.5741136,0.03726417,-0.81792724,-0.81873745,-0.016480267,0.5739315,0.007907361,0.9991695,0.039971173
1356594845600,-0.59474117,0.073413104,-0.8005582,-0.80308115,-0.0088508725,0.59580386,0.036654174,0.99726236,0.06422067
1356594845642,-0.6170905,0.115801156,-0.7783247,-0.78341514,0.0024699569,0.6214939,0.07389209,0.9932694,0.089196205
1356594845680,-0.63536066,0.15069816,-0.75736845,-0.7640829,0.019280791,0.64482987,0.111777395,0.9883919,0.10289556
1356594845722,-0.6402354,0.15301311,-0.75278527,-0.7553965,0.052619755,0.65315187,0.13955224,0.98682225,0.081896484
1356594845760,-0.62585676,0.11540493,-0.77135265,-0.7652441,0.100207806,0.63589287,0.15068075,0.988251,0.025597215
1356594845801,-0.5790781,0.025762707,-0.81486493,-0.8031428,0.15374202,0.5756085,0.14010823,0.9877751,-0.0683375
1356594845838,-0.49595052,-0.091374606,-0.86352986,-0.8603661,0.18625593,0.47442478,0.11748713,0.97824305,-0.17098933
1356594845878,-0.39992836,-0.1890378,-0.89684004,-0.9113922,0.18564752,0.36728647,0.09706509,0.9642613,-0.24653322
1356594845918,-0.3266123,-0.23480329,-0.9155282,-0.9412707,0.16857195,0.29256266,0.08563772,0.95731443,-0.27607113
1356594845958,-0.2897734,-0.23070413,-0.92887414,-0.95363694,0.15202606,0.25973976,0.08129004,0.96107423,-0.26406103
1356594845997,-0.28753236,-0.18973792,-0.9387889,-0.9543382,0.13966921,0.2640664,0.08101642,0.97184974,-0.22123355
1356594846038,-0.30654508,-0.12925386,-0.94303954,-0.9482664,0.12743193,0.29077822,0.08258915,0.9833893,-0.16163075
1356594846079,-0.33520573,-0.062285572,-0.94008386,-0.9383998,0.11095315,0.327254,0.08392206,0.9918719,-0.0956409
1356594846118,-0.359892,-0.0029182434,-0.93298936,-0.9292503,0.090613544,0.35816628,0.08349621,0.99588186,-0.035322845
1356594846159,-0.37646252,0.044163287,-0.9253786,-0.9228911,0.06936914,0.37876114,0.08092004,0.996613,0.014643073
1356594846198,-0.38043177,0.07604784,-0.92167693,-0.9216264,0.05143404,0.38465476,0.07665771,0.99577665,0.05052054
1356594846239,-0.37137055,0.09177947,-0.92393744,-0.9259447,0.036946535,0.37584746,0.06863138,0.9950937,0.07126188
1356594846278,-0.34777606,0.09096092,-0.9331548,-0.9360344,0.02339828,0.35113,0.053773314,0.9955796,0.07700515
1356594846303,-0.316908,0.081548154,-0.9449439,-0.94778603,0.010218501,0.31874308,0.035648793,0.99661696,0.074051976
1356594846346,-0.275459,0.05723378,-0.9596075,-0.96126723,-0.006685972,0.27553663,0.009354085,0.99833834,0.05685872
1356594846386,-0.23326486,0.030128598,-0.9719464,-0.9722731,-0.024196148,0.23259327,-0.016509593,0.99925315,0.034937322
1356594846427,-0.20107442,0.009420633,-0.9795307,-0.9789618,-0.03733635,0.20059854,-0.034682304,0.99925834,0.016729772
1356594846471,-0.18628317,0.0010425448,-0.98249555,-0.98167527,-0.041065156,0.18608412,-0.04015234,0.9991559,0.008673191
1356594846509,-0.18921334,0.002863288,-0.9819318,-0.9812886,-0.036857545,0.18898192,-0.035650462,0.99931645,0.009783626
1356594846549,-0.20897228,0.014721423,-0.97781074,-0.9776777,-0.025470614,0.20856044,-0.021835148,0.99956715,0.019715488
1356594846589,-0.24731356,0.034628004,-0.96831656,-0.96893466,-0.010149896,0.24710849,-0.0012714565,0.99934876,0.03606248
1356594846630,-0.3050539,0.062452674,-0.9502851,-0.9520023,0.0063795447,0.30602437,0.025174469,0.9980275,0.057508945
1356594846669,-0.3825218,0.09909639,-0.9186169,-0.92213976,0.021198869,0.3862756,0.057752162,0.994852,0.08327168
1356594846710,-0.47619903,0.14503402,-0.8672944,-0.8738894,0.03156644,0.4850989,0.0977332,0.988923,0.1117118
1356594846749,-0.5739807,0.19015235,-0.79648495,-0.80688095,0.034488916,0.5897063,0.13960394,0.9811486,0.13363433
1356594846791,-0.65166783,0.21433508,-0.7275915,-0.73784834,0.043206394,0.6735822,0.1758089,0.9758041,0.12999064
1356594846840,-0.6939843,0.19173712,-0.69399047,-0.69235104,0.086787105,0.7163226,0.19757506,0.9776016,0.072520435
1356594846880,-0.70962423,0.13754809,-0.69102395,-0.6728467,0.15872931,0.72255266,0.20907149,0.97769403,-0.020089447
1356594846920,-0.6950788,0.060088307,-0.716418,-0.68651724,0.24037975,0.68623,0.21344683,0.9688173,-0.12583125
1356594846959,-0.66567415,-0.0129618645,-0.7461299,-0.71508056,0.2969966,0.6328134,0.21339557,0.95479053,-0.2069717
1356594847000,-0.64754426,-0.052350312,-0.76022756,-0.73291206,0.3159212,0.6025228,0.20862976,0.9473401,-0.24294114
1356594847038,-0.65341604,-0.051015705,-0.755278,-0.7305292,0.3040272,0.6114692,0.19843051,0.9512964,-0.23592472
1356594847078,-0.67391145,-0.023430616,-0.7384405,-0.71548676,0.26986337,0.64440084,0.1841793,0.9626136,-0.1986283
1356594847118,-0.6935873,0.01157549,-0.7202795,-0.7003689,0.22315544,0.67800075,0.16858244,0.9747141,-0.14667064
