1356593957453,-0.55330294,-0.035621285,-0.8322181,-0.8321706,-0.020397305,0.5541444,-0.036714375,0.9991572,-0.018357098
1356593957490,-0.67843324,-0.038405836,-0.7336575,-0.73374283,-0.014516771,0.6792722,-0.036738366,0.9991567,-0.01833129
1356593957530,-0.67852616,-0.038358867,-0.73357403,-0.7336482,-0.014794409,0.67936844,-0.03691259,0.9991545,-0.01810354
1356593957572,-0.67907727,-0.038117945,-0.7330765,-0.73311204,-0.015702367,0.67992663,-0.03742838,0.9991499,-0.017281651
1356593957610,-0.68080264,-0.03735864,-0.7315136,-0.73146516,-0.017539203,0.68165326,-0.038295776,0.999148,-0.015385866
1356593957650,-0.6846148,-0.03551835,-0.72803926,-0.7278516,-0.02036953,0.6854321,-0.039175183,0.9991615,-0.011906862
1356593957692,-0.6913787,-0.03178671,-0.72179294,-0.721408,-0.024346352,0.69208217,-0.03957203,0.9991981,-0.006098628
1356593957730,-0.7015627,-0.025293022,-0.71215874,-0.71153307,-0.030000389,0.7020119,-0.03912103,0.99922985,0.0030503273
1356593957770,-0.7151881,-0.015137136,-0.69876826,-0.69793,-0.038053095,0.7151544,-0.037415624,0.9991611,0.01665032
1356593957810,-0.7313172,-9.5769763E-4,-0.68203676,-0.6811936,-0.0487054,0.73048145,-0.03391847,0.99881274,0.034966707
1356593957852,-0.7473502,0.016139984,-0.6642343,-0.6638057,-0.06147456,0.74537426,-0.02880317,0.99797815,0.056656837
1356593957890,-0.7593321,0.033539742,-0.6498384,-0.65026903,-0.0755955,0.7559336,-0.023771048,0.99657434,0.07921189
1356593957930,-0.76375884,0.04889056,-0.64364755,-0.645156,-0.09044272,0.758679,-0.021120965,0.99470085,0.10061848
1356593957971,-0.75847876,0.06162098,-0.6487779,-0.6513157,-0.10575765,0.75140077,-0.02231121,0.9924808,0.120349705
1356593958010,-0.7416239,0.073168576,-0.66681355,-0.6702887,-0.12023026,0.7322962,-0.026590109,0.9900459,0.13820976
1356593958050,-0.71464604,0.08544475,-0.69424784,-0.69869363,-0.13443041,0.7026774,-0.033287942,0.98723227,0.15576988
1356593958090,-0.67654145,0.10137817,-0.729393,-0.7352458,-0.14853418,0.66132545,-0.041295856,0.9836972,0.17502737
1356593958130,-0.62957644,0.123512775,-0.76705796,-0.77535295,-0.1629219,0.6101509,-0.049609125,0.97887737,0.19833791
1356593958170,-0.57827216,0.15385786,-0.8012048,-0.8138412,-0.1775555,0.55329597,-0.057129383,0.9720092,0.22789133
1356593958210,-0.5291661,0.19347021,-0.82616735,-0.84621024,-0.19209146,0.49702016,-0.06254113,0.96211755,0.26536477
1356593958250,-0.48885602,0.24217272,-0.8380765,-0.86997306,-0.20642316,0.4478129,-0.06455031,0.94802,0.3115949
1356593958290,-0.461071,0.29796562,-0.83584094,-0.8851408,-0.22105825,0.40946192,-0.06276399,0.9286279,0.36566505
1356593958330,-0.4433846,0.35620397,-0.8225137,-0.8944039,-0.23597145,0.37994614,-0.058751434,0.90412176,0.4232164
1356593958391,-0.42580283,0.4099484,-0.80661905,-0.90308744,-0.24762982,0.35087413,-0.0559026,0.8778507,0.4756607
1356593958412,-0.3954805,0.45260197,-0.7992163,-0.9167226,-0.24822819,0.3130534,-0.056699395,0.8564662,0.5130799
1356593958452,-0.3425669,0.47941637,-0.80796516,-0.9375733,-0.22940612,0.26139805,-0.06003371,0.84707296,0.52807504
1356593958492,-0.26152116,0.4861083,-0.83384967,-0.9632102,-0.18685204,0.19316381,-0.061907977,0.853689,0.5170903
1356593958532,-0.1527195,0.46741325,-0.8707477,-0.9865245,-0.124439776,0.10622674,-0.05870387,0.87523687,0.48011905
1356593958562,-0.04527998,0.43089303,-0.90126634,-0.99762106,-0.06644881,0.018351853,-0.051980376,0.89995325,0.4328767
1356593958593,0.05845326,0.3785947,-0.92371494,-0.9974223,-0.01642543,-0.06984967,-0.041617095,0.9254168,0.37665868
1356593958622,0.14898437,0.31564552,-0.93710816,-0.9884308,0.020290792,-0.15030935,-0.028429836,0.94866025,0.31501678
1356593958652,0.22038287,0.24819452,-0.94330835,-0.97532123,0.04277861,-0.21660638,-0.013407141,0.9677651,0.2514971
1356593958692,0.2801106,0.17315471,-0.9442221,-0.9599556,0.05545634,-0.27460825,0.0048133135,0.98333204,0.1817548
1356593958721,0.2957672,0.107994616,-0.9491359,-0.95502466,0.055483222,-0.2912893,0.021203429,0.992602,0.119547635
1356593958752,0.29067123,0.052842736,-0.9553627,-0.9561832,0.052549005,-0.28801426,0.034983873,0.9972192,0.06580183
1356593958781,0.26383758,0.00827688,-0.9645316,-0.96348137,0.049693823,-0.26312378,0.04575342,0.9987302,0.02108571
1356593958812,0.21359521,-0.025120795,-0.9765992,-0.9754543,0.049298167,-0.21461293,0.05353582,0.99846816,-0.013974339
1356593958851,0.13478306,-0.044802845,-0.9898617,-0.98914355,0.0529491,-0.13708183,0.058553934,0.9975916,-0.037179828
1356593958882,0.00694409,-0.051546037,-0.9986465,-0.9980102,0.062229067,-0.0101516545,0.062668085,0.99672997,-0.051011324
1356593958912,-0.14020747,-0.0459809,-0.98905385,-0.98784065,0.07426882,0.13658276,0.06717563,0.9961777,-0.05583483
1356593958952,-0.30634046,-0.023234785,-0.95163834,-0.94905823,0.08494091,0.3034361,0.07378268,0.996115,-0.04807198
1356593958981,-0.47846365,0.0066968203,-0.8780818,-0.8744635,0.0873698,0.47715843,0.07991329,0.9961535,-0.035947204
1356593959012,-0.61489,0.03513685,-0.7878297,-0.7840941,0.07955289,0.6155224,0.08430159,0.9962112,-0.021365643
1356593959052,-0.712362,0.056706905,-0.69951737,-0.69674385,0.062428117,0.71459824,0.08419219,0.99643713,-0.0049611926
1356593959092,-0.7770535,0.06541142,-0.6260264,-0.6245781,0.04318124,0.77976763,0.078038305,0.99692357,0.0073004365
1356593959121,-0.8157201,0.06461468,-0.5748266,-0.574306,0.028224647,0.818154,0.069089025,0.997511,0.014085233
1356593959162,-0.8328175,0.05297616,-0.5510069,-0.550794,0.019858778,0.834405,0.05514589,0.99839836,0.012640238
1356593959192,-0.831611,0.038572907,-0.55401754,-0.5538025,0.017030478,0.8324739,0.041546136,0.9991107,0.0071989894
1356593959222,-0.81740457,0.022337258,-0.5756308,-0.5753509,0.018048525,0.81770754,0.028654635,0.99958754,-0.0019012094
1356593959252,-0.7862345,0.0037345588,-0.61791694,-0.61771655,0.02141732,0.7861091,0.016169935,0.9997636,-0.014532149
1356593959292,-0.72743696,-0.0212546,-0.6858453,-0.6861711,0.025696993,0.72698617,0.0021723509,0.99944377,-0.033277214
1356593959322,-0.61713856,-0.048028648,-0.7853874,-0.7867697,0.02300942,0.6168177,-0.011553615,0.99858093,-0.05198747
1356593959396,-0.47511828,-0.069403976,-0.8771806,-0.87956667,0.009133518,0.47568804,-0.025002867,0.99754685,-0.065384924
1356593959397,-0.29847336,-0.074704915,-0.9514898,-0.95375526,-0.013800681,0.30026752,-0.035562634,0.9971102,-0.0671311
1356593959427,-0.17952251,-0.039422095,-0.9829636,-0.9830342,-0.031024635,0.1807796,-0.03762275,0.9987409,-0.033183634
1356593959461,-0.09669447,0.02508828,-0.99499786,-0.9947585,-0.035833955,0.09576768,-0.03325212,0.9990428,0.02842176
1356593959500,-0.09577733,0.13086534,-0.9867629,-0.9951606,-0.034454882,0.092022985,-0.021956205,0.9908012,0.13353208
1356593959540,-0.11785406,0.24654019,-0.9619398,-0.99293435,-0.042763412,0.11069146,-0.013845891,0.96818864,0.24983808
1356593959580,-0.11598641,0.33437037,-0.93527734,-0.9931226,-0.05417514,0.1037918,-0.015963852,0.9408834,0.3383543
1356593959621,-0.07447171,0.37930745,-0.9222688,-0.99689955,-0.051873565,0.0591636,-0.025400221,0.92381537,0.38199463
1356593959660,1.4394522E-4,0.3827947,-0.9238334,-0.999398,-0.031994224,-0.013412654,-0.03469163,0.9232792,0.38255972
1356593959701,0.09277499,0.3515317,-0.93156767,-0.994933,-0.003676176,-0.10047275,-0.038744003,0.93616873,0.34940946
1356593959740,0.18618774,0.29507867,-0.93715674,-0.98184943,0.020797312,-0.18851861,-0.03613746,0.95524657,0.29359502
1356593959780,0.26523596,0.22500354,-0.9375624,-0.9637911,0.034130156,-0.26446524,-0.02750647,0.97376,0.225909
1356593959820,0.31952977,0.15244469,-0.9352333,-0.9474623,0.036101043,-0.3178234,-0.014687598,0.9876524,0.15597099
1356593959860,0.34399065,0.08539629,-0.9350817,-0.93897295,0.030938238,-0.34259665,-3.2681227E-4,0.99586654,0.090827346
1356593959919,0.33372688,0.029309362,-0.942214,-0.9425832,0.02391857,-0.33311358,0.012773037,0.99928415,0.035608828
1356593959940,0.2814644,-0.012527078,-0.9594899,-0.9592848,0.020776153,-0.28167546,0.02346307,0.9997057,-0.0061692595
1356593959981,0.17431471,-0.037907064,-0.9839601,-0.98412377,0.027176946,-0.17539069,0.033389628,0.9989116,-0.03256789
1356593960018,-0.005805552,-0.043229014,-0.9990483,-0.9989351,0.045978785,0.0038154125,0.04577011,0.9980066,-0.04344994
1356593960061,-0.2680602,-0.021730661,-0.96315706,-0.9613709,0.07092011,0.26596302,0.06252766,0.99724525,-0.03990209
1356593960100,-0.56363374,0.023857564,-0.82568014,-0.82206213,0.08159226,0.5635215,0.08081338,0.9963802,-0.02637577
1356593960140,-0.78379375,0.06913087,-0.6171615,-0.61374295,0.06547445,0.7867863,0.09479955,0.9954567,-0.008889914
1356593960180,-0.8980897,0.09178914,-0.43012726,-0.42858338,0.03693044,0.9027471,0.09874718,0.9950934,0.006172478
1356593960220,-0.9485002,0.09158021,-0.30324963,-0.3033376,0.013294816,0.9527904,0.09128839,0.99570894,0.01516968
1356593960260,-0.9705906,0.077916436,-0.22777838,-0.22843334,5.200505E-4,0.97355944,0.075974755,0.99695975,0.01729387
1356593960300,-0.97988194,0.059179477,-0.19060242,-0.19104177,-0.001804471,0.98158026,0.05774548,0.9982457,0.013073862
1356593960340,-0.9811066,0.03882677,-0.18953148,-0.18950543,0.00438416,0.9818699,0.038953774,0.9992363,0.0030565858
1356593960395,-0.970168,0.0115915015,-0.24215612,-0.24190074,0.019891798,0.9700971,0.016061805,0.99973494,-0.016494334
1356593960427,-0.9176348,-0.022343576,-0.39679605,-0.397347,0.03184867,0.91711557,-0.007854238,0.9992429,-0.03810352
1356593960458,-0.7669426,-0.059913576,-0.6389127,-0.6409693,0.023515224,0.76720625,-0.030941874,0.99792653,-0.05643761
1356593960501,-0.5093793,-0.076411575,-0.8571429,-0.8590137,-0.01418823,0.5117559,-0.05126545,0.99697536,-0.05841136
1356593960540,-0.23681265,-0.042100877,-0.9706428,-0.9694884,-0.05489421,0.23891199,-0.06334105,0.99760425,-0.027816713
1356593960580,-0.099790275,0.041403353,-0.9941467,-0.99296266,-0.06818265,0.09683183,-0.06377444,0.9968134,0.047915906
1356593960620,-0.07147896,0.15326437,-0.98559666,-0.9957899,-0.06781602,0.06167254,-0.057386994,0.98585546,0.1574665
1356593960660,-0.061736166,0.26033503,-0.9635426,-0.99664205,-0.068106115,0.045455605,-0.053789467,0.9631133,0.26366544
1356593960700,-0.0061886907,0.33242217,-0.9431104,-0.99839735,-0.05510968,-0.012873262,-0.05625379,0.94151926,0.33223042
1356593960740,0.106482685,0.35781628,-0.9277009,-0.9925156,-0.017848194,-0.12080634,-0.059784293,0.9336214,0.35323778
1356593960780,0.2528954,0.33782816,-0.9065958,-0.96566963,0.03062731,-0.25796136,-0.059380025,0.94070935,0.3339759
1356593960821,0.39688298,0.28489187,-0.8725369,-0.9162543,0.0666028,-0.3950219,-0.05442506,0.95624304,0.28746685
1356593960860,0.5118172,0.21783468,-0.8310182,-0.85783124,0.07715112,-0.5081076,-0.046569437,0.97293156,0.22635263
1356593960900,0.5906343,0.15135661,-0.79261744,-0.8060858,0.06550115,-0.58816254,-0.037104934,0.98630667,0.16069363
1356593960941,0.6376189,0.09250942,-0.7647772,-0.76988184,0.041844204,-0.63681316,-0.026909769,0.99483216,0.097901985
1356593960980,0.65890074,0.043640554,-0.750963,-0.7520405,0.015815482,-0.6589271,-0.016879112,0.9989221,0.04324031
1356593961020,0.6590179,0.004791856,-0.75211203,-0.7520934,-0.0052915514,-0.6590354,-0.007137805,0.99997455,1.1669099E-4
1356593961060,0.64021,-0.025114536,-0.7677893,-0.76819074,-0.016035318,-0.64002013,0.0037620664,0.99955595,-0.029558718
1356593961100,0.6019328,-0.04684031,-0.7971718,-0.79834205,-0.012699708,-0.60207033,0.018077314,0.9988216,-0.045038983
1356593961140,0.539683,-0.05926013,-0.8397801,-0.84106815,0.0055291355,-0.54090095,0.03669712,0.99822724,-0.046857834
1356593961180,0.44473782,-0.05919972,-0.89370227,-0.8938081,0.034810573,-0.44709638,0.057578236,0.99763906,-0.037431628
1356593961220,0.30834705,-0.044277698,-0.9502429,-0.9482508,0.06526852,-0.31074184,0.075779885,0.9968849,-0.021861017
1356593961260,0.13720903,-0.01818657,-0.99037516,-0.986804,0.084270865,-0.13826177,0.085974336,0.99627686,-0.0063838363
1356593961300,-0.03426045,0.007315427,-0.99938613,-0.9957346,0.08546537,0.034760863,0.08566719,0.9963143,0.004356146
1356593961340,-0.16535777,0.0209817,-0.98601043,-0.9832587,0.07408911,0.16647285,0.07654548,0.9970309,0.008379221
1356593961388,-0.23852688,0.02032727,-0.9709231,-0.9691213,0.059383094,0.23932743,0.06252128,0.9980283,0.0055351257
1356593961422,-0.25472426,0.008240491,-0.96697867,-0.9658991,0.045830607,0.25483042,0.046417147,0.99891526,-0.0037146807
1356593961462,-0.21866965,-0.012605011,-0.97571754,-0.9753865,0.03189218,0.21818349,0.02836755,0.9994118,-0.019268632
1356593961501,-0.13784623,-0.038380653,-0.98970973,-0.9904245,0.01301074,0.13744122,0.0076017976,0.99917847,-0.039806604
1356593961541,-0.03188309,-0.06090504,-0.99763423,-0.9993662,-0.013870448,0.032785207,-0.015834391,0.99804723,-0.06042421
1356593961582,0.07051179,-0.06592691,-0.99533,-0.99676526,-0.04323086,-0.06774995,-0.038562447,0.99688745,-0.068761915
1356593961621,0.14521965,-0.0388017,-0.98863834,-0.9879011,-0.060658783,-0.14273068,-0.05443138,0.9974041,-0.047141135
1356593961662,0.18647766,0.028209388,-0.9820542,-0.98066014,-0.055122197,-0.18779635,-0.05943054,0.9980811,0.017384678
1356593961702,0.20643258,0.12699011,-0.97018504,-0.97679913,-0.03101623,-0.21189967,-0.057000637,0.99141896,0.11764106
1356593961742,0.2272602,0.22840872,-0.94666904,-0.9722594,-0.0020437539,-0.23389658,-0.055358708,0.9735632,0.22160801
1356593961781,0.2661116,0.2996855,-0.9161732,-0.9622004,0.025471091,-0.27114892,-0.057923406,0.95369804,0.2951356
1356593961822,0.32461095,0.32624903,-0.8878002,-0.94386077,0.0509246,-0.32639483,-0.061275154,0.9439112,0.32446438
1356593961860,0.39165235,0.31308982,-0.865207,-0.918033,0.0697729,-0.3903165,-0.061836183,0.947157,0.3147536
1356593961900,0.4544105,0.27245086,-0.8481047,-0.88880986,0.07518822,-0.4520661,-0.059398323,0.95922744,0.27632332
1356593961940,0.50339365,0.21770108,-0.83618253,-0.8622929,0.064759225,-0.50225234,-0.055190265,0.9738648,0.2203214
1356593961980,0.53453016,0.15868965,-0.8301175,-0.8436754,0.042205364,-0.53519213,-0.049894035,0.986426,0.1564426
1356593962020,0.5470979,0.10166228,-0.8308722,-0.8359244,0.014473289,-0.54865366,-0.043752015,0.9947136,0.09290032
1356593962060,0.5413179,0.050780058,-0.8392832,-0.8400226,-0.010745347,-0.54244494,-0.036563754,0.9986521,0.03683974
1356593962100,0.51734895,0.008559227,-0.8557317,-0.8553606,-0.025923789,-0.51738393,-0.026612222,0.99962723,-0.0060904026
1356593962140,0.47459018,-0.023279995,-0.879899,-0.8801385,-0.025011837,-0.47405767,-0.010971785,0.9994161,-0.032360017
1356593962181,0.41099596,-0.041929185,-0.91067237,-0.91156065,-0.0059632063,-0.4111222,0.011807442,0.9991027,-0.040671825
1356593962220,0.32305253,-0.04351929,-0.9453799,-0.9455626,0.02669406,-0.32434383,0.039351285,0.99869597,-0.032526612
1356593962260,0.20911035,-0.026989013,-0.9775195,-0.9756994,0.06114468,-0.2104092,0.06544885,0.997764,-0.013547182
1356593962300,0.076467305,0.0018984377,-0.99707025,-0.9936055,0.083459824,-0.07604265,0.083070934,0.9965093,0.008268267
1356593962340,-0.056506217,0.0312863,-0.997912,-0.9945118,0.086387396,0.05902201,0.08805364,0.9957703,0.026233137
1356593962390,-0.16939485,0.050137937,-0.9842721,-0.9822083,0.073563516,0.17278689,0.08106971,0.99602944,0.03678459
1356593962422,-0.2511438,0.054538906,-0.96641207,-0.9656579,0.054548383,0.25402623,0.06657052,0.99702054,0.038966417
1356593962462,-0.30022508,0.045901,-0.9527634,-0.9526436,0.036173284,0.30193,0.048323452,0.99829084,0.032867193
1356593962502,-0.31951475,0.027149707,-0.9471923,-0.9471723,0.020218432,0.32008746,0.027841061,0.99942696,0.01925534
1356593962541,-0.31316954,4.7913194E-4,-0.94969714,-0.94968736,0.004391551,0.31316853,0.0043206513,0.9999902,-9.202361E-4
1356593962581,-0.28718674,-0.028776377,-0.9574423,-0.95760715,-0.01499331,0.28768682,-0.02263385,0.99947345,-0.02325058
1356593962621,-0.2520063,-0.04851699,-0.9665086,-0.9663756,-0.04011953,0.2539855,-0.051098466,0.99801624,-0.03677523
1356593962662,-0.21974283,-0.04130435,-0.974683,-0.97257817,-0.06875217,0.22218183,-0.076188624,0.99677837,-0.025063932
1356593962701,-0.19678229,0.0059108436,-0.98042935,-0.9760666,-0.09560311,0.19533029,-0.09257752,0.995402,0.024582446
1356593962741,-0.18003988,0.08980644,-0.9795512,-0.9786105,-0.1171186,0.1691294,-0.09953475,0.9890491,0.108971566
1356593962781,-0.16084027,0.18561992,-0.9693687,-0.9816507,-0.13201666,0.13759887,-0.102431744,0.9737129,0.20344755
1356593962821,-0.1341269,0.26168332,-0.9557886,-0.9852699,-0.1384635,0.1003544,-0.10608077,0.9551699,0.27640036
1356593962880,-0.10151541,0.29893455,-0.94885874,-0.9888176,-0.1350568,0.06324133,-0.109244734,0.94466805,0.30930203
1356593962900,-0.069980145,0.29916587,-0.95163155,-0.99161017,-0.1247977,0.033687145,-0.10868338,0.946005,0.3053893
1356593962941,-0.044326544,0.2676992,-0.96248245,-0.99360895,-0.111925185,0.014629811,-0.103809625,0.95697963,0.27094957
1356593962978,-0.03102696,0.21592745,-0.9759163,-0.9948658,-0.100771666,0.009333074,-0.09632951,0.97119534,0.21794546
1356593963021,-0.033098817,0.1538229,-0.98754394,-0.9956591,-0.091076374,0.01918447,-0.08699095,0.9838921,0.15616965
1356593963060,-0.05290115,0.09097305,-0.99444723,-0.9956851,-0.0808357,0.045572102,-0.07624099,0.9925671,0.09485677
1356593963100,-0.09051812,0.03467688,-0.99529094,-0.99378324,-0.068190575,0.088005185,-0.06481773,0.9970695,0.040633768
1356593963140,-0.1469478,-0.009552598,-0.9890981,-0.9877208,-0.05220914,0.14724743,-0.053046554,0.99859047,-0.0017632842
1356593963180,-0.22267193,-0.03764236,-0.97416645,-0.9740845,-0.032108188,0.22389391,-0.039706647,0.99877536,-0.029517233
1356593963220,-0.31776756,-0.04622245,-0.9470413,-0.9478945,-0.00852567,0.31846997,-0.022794664,0.9988947,-0.041104794
1356593963260,-0.42912745,-0.033825904,-0.9026103,-0.9032427,0.014482856,0.42888543,-0.001435101,0.9993228,-0.03676796
1356593963300,-0.5472403,-0.0049544275,-0.8369609,-0.8366803,0.02979976,0.54688036,0.022231758,0.99954367,-0.020452976
1356593963340,-0.6574483,0.028528452,-0.7529595,-0.7522723,0.03216225,0.6580669,0.042990535,0.9990755,3.1608343E-4
1356593963392,-0.74844724,0.053237528,-0.66105413,-0.6608913,0.023125648,0.7501252,0.055222154,0.9983141,0.01787585
1356593963422,-0.81730664,0.0627003,-0.5727813,-0.573372,0.009916723,0.8192351,0.057046384,0.9979831,0.02784568
1356593963461,-0.8663284,0.05890037,-0.4959897,-0.4968503,3.9875507E-5,0.86783624,0.05113563,0.99826384,0.029230118
1356593963502,-0.89895433,0.047031537,-0.4355101,-0.43608046,-0.0020968914,0.8999052,0.04141067,0.9988911,0.022394598
1356593963541,-0.9175974,0.030866697,-0.39631063,-0.39637005,0.004431069,0.91808015,0.030094177,0.9995137,0.008168757
1356593963581,-0.9226103,0.010126248,-0.38560057,-0.3853743,0.01893121,0.9225661,0.016642049,0.9997695,-0.013563812
1356593963621,-0.9099527,-0.016795248,-0.41437167,-0.4147119,0.037163436,0.9091935,1.2934208E-4,0.99916804,-0.040782094
1356593963661,-0.867651,-0.04882449,-0.4947706,-0.49681574,0.047383726,0.86656153,-0.018865332,0.9976828,-0.06536931
1356593963701,-0.7752604,-0.07389477,-0.62730443,-0.63053536,0.03178203,0.77550954,-0.037369072,0.9967595,-0.07123262
1356593963741,-0.6300796,-0.063206404,-0.7739538,-0.7748475,-0.014409304,0.63198394,-0.0510976,0.9978964,-0.03989625
1356593963780,-0.4832706,0.0040329695,-0.8754618,-0.87355953,-0.06826705,0.48190603,-0.05782166,0.99765897,0.03651452
1356593963820,-0.38087654,0.10858044,-0.91822827,-0.922665,-0.10927206,0.36979556,-0.06018415,0.9880637,0.14180261
1356593963860,-0.30194592,0.21063045,-0.92976534,-0.951264,-0.1306659,0.27932644,-0.06265399,0.96879375,0.2398192
1356593963900,-0.2031486,0.28303808,-0.9373474,-0.9769556,-0.122617066,0.1747078,-0.065485865,0.9512384,0.30142516
1356593963940,-0.062309086,0.31611323,-0.94667315,-0.9958806,-0.08229649,0.03806737,-0.06587425,0.94514537,0.31993884
1356593963980,0.11330581,0.30870494,-0.94438493,-0.9915558,-0.025209546,-0.12720594,-0.063076615,0.95082366,0.30324188
1356593964020,0.29278585,0.26802468,-0.9178449,-0.9543884,0.02321443,-0.29766408,-0.058474034,0.9631324,0.2625965
1356593964060,0.443685,0.21001682,-0.87122715,-0.89461625,0.04633808,-0.44442615,-0.05296591,0.9765991,0.20844392
1356593964100,0.5543005,0.14951742,-0.81877685,-0.8309999,0.044104874,-0.5545213,-0.046798557,0.98777497,0.14869632
1356593964140,0.6277468,0.09558076,-0.7725273,-0.77735937,0.025242478,-0.62855023,-0.040576756,0.99510163,0.09014645
1356593964180,0.6720035,0.051758647,-0.738737,-0.7397644,0.0010412484,-0.6728653,-0.03405735,0.99865913,0.038988918
1356593964220,0.69487613,0.017618507,-0.71891356,-0.7187135,-0.016981825,-0.6950988,-0.02445507,0.9997005,8.623898E-4
1356593964260,0.7016138,-0.0087275505,-0.7125039,-0.7125129,-0.019766286,-0.7013805,-0.007962257,0.99976647,-0.020086795
1356593964300,0.693153,-0.028023332,-0.7202455,-0.7206087,-0.0045062155,-0.6933273,0.016183764,0.9995971,-0.023317367
1356593964340,0.6640036,-0.039118797,-0.7467054,-0.74646914,0.023273319,-0.66501284,0.043392807,0.9989635,-0.013747409
1356593964394,0.5973416,-0.039243847,-0.8010261,-0.7992796,0.052869022,-0.59862924,0.06584194,0.99783003,2.1408498E-4
1356593964422,0.45497537,-0.024994045,-0.89015317,-0.8871987,0.07332225,-0.45552406,0.07665339,0.996995,0.011185139
1356593964461,0.20112509,7.5545907E-4,-0.97956526,-0.97676766,0.0756824,-0.2004923,0.073984385,0.9971317,0.015959531
1356593964501,-0.05142969,0.017416269,-0.9985248,-0.9968109,0.06019348,0.05239132,0.061017156,0.99803483,0.014264941
1356593964541,-0.06804472,0.009533495,-0.9976367,-0.996784,0.041772842,0.06838572,0.042326063,0.9990816,0.006660402
1356593964582,0.2314232,-0.011240244,-0.9727882,-0.97264385,0.018069744,-0.23159769,0.020181268,0.9997736,-0.006751001
1356593964622,0.5713934,-0.018223643,-0.8204739,-0.8206587,-0.019237325,-0.5710948,-0.0053762496,0.99964887,-0.025947496
1356593964661,0.7293612,-0.008039385,-0.68408155,-0.6832725,-0.058575183,-0.7278102,-0.034219086,0.99825066,-0.04821554
1356593964701,0.7835305,0.010335714,-0.62126744,-0.6180533,-0.08994868,-0.7809734,-0.063954085,0.9958928,-0.06408951
1356593964741,0.79360354,0.03673753,-0.6073251,-0.601799,-0.09962791,-0.7924092,-0.08961764,0.9943464,-0.056956463
1356593964781,0.7783237,0.076392114,-0.6231985,-0.6188033,-0.07467681,-0.7819883,-0.106276244,0.9942774,-0.010851033
1356593964821,0.74262476,0.13506994,-0.6559456,-0.6600497,-0.018124342,-0.7510034,-0.11332649,0.9906703,0.07569325
1356593964862,0.6937138,0.20975515,-0.6890312,-0.7107676,0.04463835,-0.70200914,-0.11649281,0.97673446,0.18005341
1356593964901,0.65452397,0.27779758,-0.7031549,-0.7461513,0.087409675,-0.6600135,-0.121887624,0.9566546,0.26449078
1356593964941,0.6440652,0.31572664,-0.6967759,-0.75414,0.10933179,-0.64754874,-0.12826863,0.9425302,0.3085189
1356593964982,0.6614683,0.3157618,-0.6802603,-0.73870087,0.117642105,-0.6636876,-0.12954,0.94151723,0.31107008
1356593965020,0.6895288,0.28651655,-0.6651754,-0.7137258,0.112751275,-0.6912905,-0.12306684,0.95141757,0.28223953
1356593965060,0.7120793,0.24153973,-0.6592431,-0.69331795,0.093871206,-0.7144916,-0.11069426,0.96583986,0.23430762
1356593965100,0.7216391,0.18996304,-0.6656959,-0.6857242,0.064229146,-0.7250221,-0.094970316,0.97968805,0.17661253
1356593965140,0.713268,0.13800982,-0.6871696,-0.69647217,0.029636994,-0.71697164,-0.07858348,0.9899874,0.11725909
1356593965180,0.68335086,0.089099884,-0.72463286,-0.7273217,-0.0032722205,-0.68628895,-0.06351945,0.99601734,0.06256822
1356593965220,0.6270864,0.0446316,-0.77767,-0.7773646,-0.027800664,-0.6284357,-0.049667835,0.99861664,0.01726161
1356593965260,0.5360113,0.0058915317,-0.84419024,-0.84349287,-0.037493765,-0.53583014,-0.034808695,0.9992795,-0.015127644
1356593965300,0.3955301,-0.02291286,-0.9181671,-0.91830665,-0.027710557,-0.39489865,-0.016394734,0.9993533,-0.032001376
1356593965340,0.18556908,-0.03334275,-0.9820653,-0.982612,-5.2064657E-5,-0.18567058,0.006139636,0.9994439,-0.03277263
1356593965395,-0.09601396,-0.017788261,-0.995221,-0.9949255,0.03192562,0.09541488,0.030075759,0.99933195,-0.020763278
1356593965422,-0.3915277,0.016386032,-0.9200204,-0.91882485,0.047006726,0.39185613,0.049668133,0.99876016,-0.0033485293
1356593965460,-0.61751914,0.046270788,-0.78519356,-0.7843035,0.039268017,0.61913323,0.059480757,0.9981568,0.012041688
1356593965500,-0.7563279,0.057603657,-0.65165174,-0.651639,0.021593332,0.75822186,0.057747692,0.998106,0.021205127
1356593965540,-0.8365703,0.051899403,-0.5453956,-0.54584515,0.006327331,0.83786213,0.04693541,0.9986322,0.023035884
1356593965580,-0.88368726,0.035682395,-0.46671593,-0.46705395,-0.001298666,0.88422793,0.030945301,0.9993624,0.017813087
1356593965620,-0.9109349,0.013304427,-0.41233563,-0.41237605,-3.2657385E-4,0.91101366,0.011985853,0.9999115,0.005783856
1356593965660,-0.92421067,-0.013663009,-0.3816386,-0.38176227,0.007917821,0.92422664,-0.009605989,0.9998753,-0.012533724
1356593965700,-0.9256701,-0.044029877,-0.3757609,-0.37683576,0.019066691,0.92608386,-0.033610836,0.99884826,-0.034241498
1356593965740,-0.91597784,-0.07344258,-0.39444992,-0.39702034,0.023889363,0.9174989,-0.0579603,0.9970133,-0.05104035
1356593965780,-0.8974346,-0.09133707,-0.4315885,-0.43419713,0.009901583,0.90076345,-0.07799968,0.99577075,-0.048544347
1356593965840,-0.87843186,-0.08117607,-0.4709224,-0.46976027,-0.034067154,0.88213646,-0.08765136,0.99611735,-0.008207619
1356593965861,-0.8638761,-0.040758267,-0.5020526,-0.49620378,-0.10250497,0.86213374,-0.08660196,0.9938971,0.06832719
1356593965900,-0.8581427,0.019676223,-0.51303405,-0.5072453,-0.18689573,0.8412919,-0.079330444,0.9821826,0.17036396
1356593965938,-0.84948635,0.07664217,-0.5220144,-0.52217585,-0.2637717,0.81102216,-0.075534075,0.96153545,0.26409107
1356593965980,-0.83176816,0.11717428,-0.5426158,-0.54962313,-0.31108272,0.77533346,-0.077949226,0.94313186,0.3231504
1356593966020,-0.8043255,0.1410223,-0.5772116,-0.5886681,-0.32123816,0.741806,-0.08081119,0.93643945,0.34139532
1356593966060,-0.7682614,0.14999592,-0.6223147,-0.63521826,-0.29890966,0.71214515,-0.07919702,0.94241935,0.32492095
1356593966100,-0.72510666,0.1451362,-0.6731684,-0.68477523,-0.25533938,0.68255746,-0.07282263,0.955896,0.28453404
1356593966140,-0.67823833,0.12723055,-0.72374386,-0.73210514,-0.201917,0.6505779,-0.06336284,0.9711034,0.23009396
1356593966180,-0.63440317,0.0983541,-0.7667197,-0.7712167,-0.14791381,0.61914974,-0.052512497,0.98409754,0.16968924
1356593966220,-0.60422814,0.06276861,-0.79433525,-0.795725,-0.09957242,0.5974171,-0.041594833,0.99304855,0.110111
1356593966260,-0.60228693,0.02758488,-0.7978028,-0.79769003,-0.05919975,0.6001549,-0.030674547,0.99786484,0.057659447
1356593966300,-0.64463377,0.0026807785,-0.7644869,-0.76427996,-0.025792062,0.64436877,-0.017990261,0.99966383,0.018675268
1356593966340,-0.7350329,-0.0020861924,-0.6780283,-0.6780307,7.325411E-4,0.7350333,-0.0010367036,0.9999976,-0.0019530058
1356593966396,-0.8463136,0.015622139,-0.5324558,-0.53228,0.014166057,0.8464498,0.020766169,0.9997776,-0.003673613
1356593966422,-0.9322391,0.043636978,-0.35920203,-0.3591782,0.008656859,0.93322885,0.04383287,0.99900997,0.007603109
1356593966461,-0.97592646,0.06489411,-0.20822161,-0.20924148,-0.009261489,0.9778201,0.06152632,0.99784917,0.022617161
1356593966501,-0.9922364,0.07127362,-0.10191657,-0.104042225,-0.02676642,0.99421257,0.06813319,0.99709755,0.03397405
1356593966542,-0.9973197,0.06400989,-0.03544057,-0.037787676,-0.035836875,0.998643,0.062652946,0.9973056,0.03815967
1356593966582,-0.99882334,0.04842092,0.0027529076,0.0010792296,-0.03455752,0.9994022,0.04848711,0.9982291,0.03446448
1356593966621,-0.9993996,0.02894344,0.019038742,0.018349567,-0.023893058,0.99954605,0.029385196,0.99929535,0.023347735
1356593966660,-0.9999042,0.0068866103,0.012013058,0.011974847,-0.005563259,0.99991286,0.0069528418,0.9999609,0.00548023
1356593966700,-0.999443,-0.0188706,-0.027523473,-0.027836252,0.01651758,0.999476,-0.01840609,0.99968547,-0.017033696
1356593966740,-0.9918628,-0.04962821,-0.117240265,-0.11889693,0.03185129,0.99239564,-0.04551656,0.9982598,-0.037492752
1356593966780,-0.957337,-0.08027251,-0.2776005,-0.28009498,0.021466076,0.95973223,-0.071081124,0.9965418,-0.043034136
1356593966820,-0.86544794,-0.08875319,-0.49307472,-0.49258462,-0.028875768,0.86978537,-0.091434136,0.995635,-0.018728018
1356593966860,-0.73249495,-0.0489271,-0.67901206,-0.67247534,-0.10324532,0.73288286,-0.105962634,0.99345183,0.04272431
1356593966900,-0.618328,0.029188186,-0.7853779,-0.7771145,-0.1718778,0.6054345,-0.1173175,0.9846857,0.12895948
1356593966940,-0.5235764,0.11420089,-0.84429026,-0.84256995,-0.2162748,0.49325567,-0.12626842,0.96963054,0.20945853
1356593966980,-0.4132678,0.18438312,-0.8917469,-0.9013877,-0.22184801,0.37186506,-0.12926665,0.9574896,0.25788337
1356593967020,-0.26359153,0.22783113,-0.93734324,-0.9567311,-0.18587714,0.22386426,-0.12322748,0.95579416,0.2669688
1356593967060,-0.0716269,0.23653477,-0.96897924,-0.99134535,-0.12403655,0.04300204,-0.11001745,0.96367323,0.24337208
1356593967101,0.13637173,0.20992371,-0.9681605,-0.98614335,-0.06442642,-0.15287414,-0.094467014,0.97559285,0.19822893
1356593967140,0.31693727,0.16066322,-0.9347396,-0.945063,-0.02967596,-0.3255383,-0.08004129,0.9865631,0.14243144
1356593967180,0.4438375,0.10645342,-0.88976175,-0.8935305,-0.022670656,-0.44842982,-0.06790835,0.9940592,0.08505726
1356593967220,0.514862,0.058299303,-0.85528845,-0.8553026,-0.032673895,-0.51709765,-0.058092058,0.9977643,0.033040985
1356593967260,0.5345684,0.019136548,-0.8449085,-0.8436771,-0.046414793,-0.5348406,-0.04945126,0.9987389,-0.0086667985
1356593967300,0.4971432,-0.012067586,-0.8675846,-0.8667835,-0.052057147,-0.49596003,-0.039178997,0.99857116,-0.03633982
1356593967340,0.35686317,-0.0355711,-0.9334792,-0.93385565,-0.038952142,-0.35552275,-0.023714662,0.99860775,-0.047118872
1356593967397,-0.0657807,-0.040563107,-0.9970094,-0.9978335,0.0015293956,0.0657728,-0.0011430681,0.9991759,-0.040575862
1356593967422,-0.79088306,0.0071876347,-0.611925,-0.6114141,0.033225298,0.790613,0.02601403,0.999422,-0.021882653
1356593967461,-0.9925632,0.05139511,-0.11034828,-0.11019308,0.0058521032,0.99389297,0.051727004,0.9986612,-1.4513731E-4
1356593967502,-0.99252516,0.06761504,0.10159702,0.100221224,-0.02344644,0.99468887,0.06963802,0.9974359,0.01649481
1356593967541,-0.97904265,0.07068653,0.19099467,0.18866575,-0.038336635,0.9812928,0.07668628,0.9967616,0.024197102
1356593967581,-0.97105604,0.066545,0.22939456,0.22719413,-0.039040208,0.9730666,0.07370835,0.99701935,0.022791684
1356593967621,-0.96895987,0.058495574,0.24019781,0.23886421,-0.028916776,0.9706223,0.06372285,0.9978688,0.014046669
1356593967660,-0.9731536,0.047671057,0.22516525,0.22489202,-0.011089146,0.97432053,0.048943795,0.99880147,7.0631504E-5
1356593967700,-0.98535055,0.03251233,0.16741374,0.1678505,0.011183977,0.98574907,0.030176632,0.9994088,-0.016477406
1356593967740,-0.9998687,0.008609256,0.013731027,0.013985064,0.03017646,0.9994467,0.00819014,0.9995075,-0.030292869
1356593967780,-0.93792117,-0.023736402,-0.34603536,-0.3465715,0.024269879,0.93770957,-0.0138596,0.9994236,-0.030989587
1356593967820,-0.61978567,-0.021487057,-0.784477,-0.7842178,-0.020576179,0.6201445,-0.0294666,0.9995574,-0.0040977597
1356593967860,-0.34369278,0.04581675,-0.9379637,-0.93852866,-0.05104333,0.3414065,-0.0322347,0.9976449,0.060543597
1356593967900,-0.26839072,0.14354226,-0.95255554,-0.9630029,-0.06494993,0.26154694,-0.02432537,0.98751056,0.15566361
1356593967940,-0.2459498,0.2400791,-0.93907976,-0.96911925,-0.07869285,0.2336992,-0.017792553,0.9675585,0.25201976
1356593967980,-0.18007368,0.30901277,-0.9338547,-0.9834205,-0.07720482,0.16408423,-0.021393925,0.94791913,0.317792
1356593968020,-0.055761516,0.33741048,-0.9397047,-0.9979341,-0.048916698,0.04165271,-0.03191316,0.9400859,0.339441
1356593968060,0.1014424,0.32340187,-0.94080853,-0.9939738,-0.0065404177,-0.10942325,-0.04154095,0.9462391,0.32078943
1356593968100,0.2554322,0.2759976,-0.92659575,-0.96572995,0.027193129,-0.25812036,-0.046043575,0.9607735,0.27348515
1356593968140,0.3804115,0.21118665,-0.9003817,-0.9237255,0.039472163,-0.38101602,-0.04492548,0.97664845,0.21009417
1356593968180,0.46861246,0.14296278,-0.8717591,-0.8825419,0.032181114,-0.46913117,-0.03901416,0.9892047,0.14125115
1356593968220,0.52244943,0.079998225,-0.8489092,-0.85214067,0.013902843,-0.52312803,-0.030047059,0.996698,0.07543327
1356593968260,0.546553,0.026866078,-0.83699346,-0.8371845,-0.0063984245,-0.54688317,-0.020048052,0.9996186,0.018994793
1356593968300,0.54303885,-0.013961196,-0.8395915,-0.8396524,-0.020493463,-0.5427374,-0.009628862,0.9996925,-0.022851303
1356593968341,0.51039004,-0.04115197,-0.85895777,-0.859938,-0.021039382,-0.5099646,0.002914101,0.9989314,-0.046126455
1356593968396,0.43470523,-0.048704863,-0.8992548,-0.9002583,0.0028849542,-0.43534654,0.02379781,0.99880904,-0.042592883
1356593968431,0.2869363,-0.038571328,-0.9571729,-0.9567896,0.037619382,-0.2883374,0.04712978,0.9985475,-0.026110291
1356593968471,0.07717523,-0.009593278,-0.9969715,-0.99459636,0.0689061,-0.07765445,0.06944242,0.9975771,-0.0042236745
1356593968511,-0.16229254,0.027780205,-0.98635155,-0.9830735,0.081572056,0.16405058,0.08501607,0.9962802,0.014071405
1356593968552,-0.3598352,0.054553956,-0.9314196,-0.92863023,0.07573819,0.36319366,0.09035775,0.9956343,0.023407161
1356593968590,-0.47430098,0.060998052,-0.878247,-0.87615585,0.06470412,0.4776655,0.08596292,0.99603844,0.02275449
1356593968630,-0.50714743,0.049198717,-0.86045396,-0.8586545,0.057175398,0.50935596,0.07425645,0.9971512,0.013248324
1356593968670,-0.4633639,0.023064554,-0.88586795,-0.8843319,0.05228585,0.46392173,0.05701855,0.9983658,-0.003830731
1356593968710,-0.33919144,-0.013897508,-0.9406147,-0.94008064,0.04178971,0.3383814,0.034605324,0.99902976,-0.027239501
1356593968750,-0.14773399,-0.05135733,-0.98769283,-0.98899966,0.015113711,0.14714363,0.0073708,0.99856603,-0.053025186
1356593968808,0.052937746,-0.0696491,-0.996166,-0.9983524,-0.025806427,-0.051249623,-0.02213803,0.9972377,-0.07090041
1356593968830,0.20336854,-0.053667933,-0.97763026,-0.9779053,-0.060491085,-0.20010504,-0.048398733,0.99672484,-0.06478414
1356593968870,0.29279226,-5.527735E-4,-0.9561759,-0.95391744,-0.06886196,-0.29206094,-0.06568274,0.99762607,-0.020689547
1356593968908,0.34214887,0.08190477,-0.9360693,-0.93676996,-0.04814729,-0.34661782,-0.07345885,0.9954765,0.06025237
1356593968951,0.376389,0.17493099,-0.90979695,-0.9232381,-0.011027485,-0.38407,-0.07721856,0.9845189,0.15735236
1356593968990,0.4196916,0.24988762,-0.87259114,-0.90396535,0.028340846,-0.42666563,-0.08188847,0.96786,0.23778413
1356593969030,0.47988382,0.28705004,-0.82904387,-0.87313676,0.063958555,-0.48326135,-0.08569577,0.955778,0.28132665
1356593969070,0.5504328,0.28419283,-0.7850212,-0.8305999,0.09132302,-0.5493305,-0.0844253,0.95440793,0.2863177
1356593969110,0.61754525,0.25253132,-0.7448931,-0.782704,0.10394469,-0.6136529,-0.07753894,0.9619892,0.26184785
1356593969150,0.6711376,0.2064946,-0.7119932,-0.73827994,0.09909983,-0.6671746,-0.06720957,0.9734162,0.21896043
1356593969190,0.7081419,0.15647021,-0.6885145,-0.7039099,0.08022682,-0.705744,-0.055190563,0.984419,0.16695288
1356593969230,0.72946566,0.108217776,-0.67540264,-0.6826874,0.053638577,-0.72873914,-0.042634904,0.9926791,0.11300641
1356593969270,0.7368592,0.06489709,-0.67292416,-0.6753484,0.025445983,-0.7370597,-0.030709833,0.9975674,0.06257826
1356593969310,0.7316375,0.027975917,-0.68111956,-0.6814053,9.4516575E-4,-0.7319056,-0.019832015,0.99960804,0.019754477
1356593969350,0.7144694,-0.002454549,-0.6996624,-0.6996108,-0.015148267,-0.71436346,-0.00884527,0.9998822,-0.0125401765
1356593969397,0.68467826,-0.026270062,-0.72837186,-0.7288325,-0.01870878,-0.68443644,0.004353255,0.9994798,-0.031955972
1356593969431,0.63913864,-0.04203099,-0.7679422,-0.76880383,-0.007605061,-0.6394395,0.021036029,0.9990874,-0.037174284
1356593969472,0.57222986,-0.04743421,-0.81872034,-0.8190973,0.016129479,-0.5734278,0.04040563,0.99874413,-0.029623479
1356593969512,0.47660655,-0.041270137,-0.8781475,-0.8771449,0.04454209,-0.4781558,0.058848083,0.9981547,-0.014970839
1356593969552,0.3499389,-0.025827855,-0.9364164,-0.93405116,0.066518754,-0.35088968,0.071351916,0.9974508,-8.470416E-4
1356593969592,0.2056331,-0.007536441,-0.9786001,-0.97576094,0.074923396,-0.20561343,0.07486957,0.99716073,0.008053005
1356593969631,0.07307631,0.0050415397,-0.99731356,-0.99486935,0.07051778,-0.0725407,0.06996256,0.99749774,0.01016885
1356593969671,-0.017617851,0.006836742,-0.9998214,-0.99809134,0.059075385,0.017991334,0.0591878,0.9982301,0.0057829022
1356593969711,-0.0493688,-0.0022149384,-0.99877816,-0.99778855,0.044669032,0.0492208,0.044505417,0.99899936,-0.0044153333
1356593969751,-0.017127067,-0.01945573,-0.99966407,-0.9995113,0.026483387,0.016608983,0.02615133,0.99946,-0.019899845
1356593969791,0.070405304,-0.039102912,-0.9967518,-0.997512,8.5270405E-4,-0.070492476,0.0036064684,0.9992348,-0.038945615
1356593969830,0.18309802,-0.050356895,-0.9818041,-0.98283756,-0.03221327,-0.18163851,-0.022480428,0.9982116,-0.055390805
1356593969870,0.27928457,-0.04075679,-0.9593431,-0.95896757,-0.06261566,-0.27651516,-0.04880002,0.99720526,-0.05657205
1356593969910,0.33220622,-0.0021339953,-0.94320434,-0.9406383,-0.074496835,-0.33113387,-0.06955916,0.99721897,-0.026755631
1356593969950,0.3363072,0.0673759,-0.93933904,-0.9383557,-0.06066349,-0.3403063,-0.07991207,0.9958817,0.04282102
1356593969991,0.2984492,0.16153625,-0.9406562,-0.9509982,-0.03311822,-0.30741778,-0.08081195,0.98631096,0.1437366
1356593970030,0.24948436,0.25514838,-0.934161,-0.9650748,-0.014109731,-0.26159424,-0.07992607,0.96679896,0.24271709
1356593970070,0.22171175,0.32160848,-0.92054975,-0.971705,-0.0059814453,-0.23612204,-0.08144507,0.9468539,0.31118238
1356593970110,0.23647046,0.3467482,-0.90766037,-0.96812713,0.004736364,-0.25041422,-0.08253169,0.9379462,0.33681637
1356593970150,0.28912222,0.33246437,-0.8977058,-0.953961,0.02189827,-0.2991302,-0.07979193,0.94286156,0.3234893
1356593970190,0.35951468,0.28927094,-0.88717055,-0.9301997,0.03569022,-0.3653146,-0.074011534,0.9565817,0.28191087
1356593970230,0.42618638,0.23077068,-0.8747057,-0.9021069,0.036173165,-0.42999375,-0.067589074,0.9723356,0.22359633
1356593970270,0.47616023,0.16821927,-0.8631185,-0.8772245,0.022528172,-0.47955143,-0.061225325,0.9854921,0.1582931
1356593970310,0.50354075,0.10867873,-0.85710895,-0.86225295,6.7284703E-4,-0.5064775,-0.054466605,0.9940767,0.09404734
1356593970350,0.5042083,0.05611047,-0.8617573,-0.86229634,-0.021720141,-0.50593793,-0.04710594,0.99818826,0.037432402
1356593970398,0.47160408,0.012310296,-0.8817245,-0.8809668,-0.037149638,-0.4717175,-0.038562685,0.99923396,-0.006674975
1356593970432,0.38998115,-0.021737128,-0.9205662,-0.9204222,-0.038690686,-0.38900647,-0.02716145,0.99901474,-0.03509596
1356593970471,0.22270489,-0.04241565,-0.9739628,-0.97482336,-0.021010637,-0.22198668,-0.01104784,0.9988792,-0.046026945
1356593970512,-0.101428986,-0.038205445,-0.9941089,-0.9947912,0.014064372,0.10095811,0.010124356,0.9991709,-0.039432943
1356593970551,-0.5568061,0.0017625988,-0.8306407,-0.8299619,0.039294004,0.55643445,0.03361997,0.99922615,-0.02041626
1356593970590,-0.8581434,0.048610464,-0.5111036,-0.5104671,0.025653005,0.8595146,0.05489272,0.9984883,0.0028001666
1356593970630,-0.9603059,0.072233595,-0.26943418,-0.27031398,-0.0025094151,0.962769,0.06886813,0.9973846,0.021935642
1356593970670,-0.987519,0.07727307,-0.13724104,-0.13931604,-0.02210915,0.9900011,0.073466145,0.9967648,0.032598615
1356593970710,-0.9946001,0.072676666,-0.07408502,-0.07633149,-0.028632283,0.99667126,0.07031352,0.9969445,0.034025252
1356593970750,-0.99629873,0.06344694,-0.057993677,-0.059578925,-0.023383856,0.99794966,0.06196073,0.99771124,0.027077496
1356593970791,-0.99466884,0.050284896,-0.09003024,-0.09054752,-0.008100808,0.99585915,0.04934736,0.99870205,0.0126107335
1356593970830,-0.9804066,0.029620424,-0.19474502,-0.19438335,0.014662921,0.980816,0.031907707,0.99945366,-0.008617878
1356593970870,-0.9057689,-0.005889982,-0.42373118,-0.42367116,0.034411013,0.9051623,0.009249628,0.9993904,-0.03366381
