1356594199328,-0.19540405,0.4264943,0.88313067,0.6560107,-0.6125353,0.4409653,0.729018,0.6655096,-0.16009289
1356594199368,-0.6076565,0.52156657,-0.598934,-0.31510204,0.53391075,0.7846337,0.729016,0.6655131,-0.16008759
1356594199410,-0.60764444,0.52159584,-0.5989207,-0.3151101,0.5338794,0.78465176,0.7290225,0.6655152,-0.16004872
1356594199450,-0.6075654,0.5218025,-0.5988208,-0.31504518,0.53376245,0.7847574,0.72911644,0.6654471,-0.15990424
1356594199489,-0.6073147,0.52254957,-0.5984236,-0.314666,0.53342855,0.78513646,0.72948897,0.66512847,-0.1595304
1356594199529,-0.60678554,0.52432656,-0.5974052,-0.3136215,0.5326781,0.7860633,0.7303786,0.66433096,-0.15878129
1356594199571,-0.6059507,0.5274201,-0.5955264,-0.31166685,0.53137076,0.78772384,0.7319067,0.6629277,-0.15760517
1356594199610,-0.60489756,0.53178215,-0.59271145,-0.30873594,0.52948844,0.7901418,0.73401713,0.66094613,-0.15610605
1356594199650,-0.60380554,0.5370673,-0.589048,-0.3050081,0.5270653,0.7932038,0.7364706,0.6586053,-0.15443498
1356594199690,-0.6027616,0.5431911,-0.5844843,-0.3006652,0.5238973,0.7969518,0.73910683,0.656106,-0.15246654
1356594199730,-0.6017171,0.5502437,-0.5789373,-0.29592144,0.51967186,0.8014809,0.7418672,0.6535847,-0.14986652
1356594199770,-0.60021776,0.55734015,-0.57368165,-0.29187447,0.515163,0.80586374,0.74467975,0.65113676,-0.14653659
1356594199810,-0.59920776,0.5658622,-0.5663479,-0.28676832,0.50876784,0.8117383,0.74747163,0.64881057,-0.14258629
1356594199851,-0.59793156,0.573506,-0.5599719,-0.28277233,0.5027691,0.8168616,0.7500117,0.646772,-0.13844985
1356594199890,-0.5966172,0.57921565,-0.5554792,-0.2803002,0.4981742,0.8205207,0.7519838,0.64523774,-0.13486505
1356594199930,-0.5956132,0.5821762,-0.5534581,-0.27931064,0.4959107,0.82222754,0.7531471,0.64431626,-0.13276291
1356594199971,-0.59510344,0.58255786,-0.5536047,-0.27927363,0.49602276,0.8221725,0.75356364,0.6438849,-0.13249183
1356594200010,-0.5950069,0.58159643,-0.55471843,-0.27946413,0.49740803,0.8212704,0.7535693,0.6436854,-0.13342589
1356594200050,-0.5951847,0.58054936,-0.55562377,-0.2793516,0.4988278,0.8204472,0.75347066,0.6435319,-0.13471729
1356594200090,-0.5956204,0.5798321,-0.5559058,-0.27879128,0.49981573,0.82003635,0.7533338,0.64341205,-0.13604832
1356594200130,-0.59634644,0.57920814,-0.5557776,-0.27799124,0.50050443,0.8198878,0.7530549,0.6434385,-0.13745928
1356594200171,-0.59732306,0.5782896,-0.5556852,-0.27734432,0.50118065,0.81969386,0.7525192,0.6437382,-0.1389814
1356594200211,-0.5983918,0.5769266,-0.55595237,-0.27711007,0.50204194,0.81924593,0.75175613,0.6442901,-0.14054555
1356594200257,-0.59929055,0.5754273,-0.5565376,-0.27718565,0.50304914,0.8186022,0.75101185,0.6448449,-0.14197236
1356594200277,-0.5998268,0.5741412,-0.5572878,-0.27737266,0.5041013,0.81789136,0.7505146,0.6451696,-0.14312243
1356594200308,-0.6000662,0.5733042,-0.5578915,-0.27732208,0.5050703,0.81731045,0.7503419,0.645156,-0.14408576
1356594200350,-0.60011667,0.57284,-0.5583139,-0.2766559,0.5062589,0.8168008,0.75054747,0.6446366,-0.14533484
1356594200390,-0.6004168,0.57197535,-0.5588774,-0.2756037,0.5080493,0.81604445,0.7506946,0.6439954,-0.14740282
1356594200430,-0.60149324,0.5705501,-0.5591766,-0.2740423,0.51012087,0.8152775,0.7504044,0.643622,-0.15047944
1356594200470,-0.60364884,0.56915003,-0.5582798,-0.27149844,0.5116477,0.8151719,0.7495977,0.64364964,-0.15433222
1356594200510,-0.60689944,0.56861174,-0.5552961,-0.2674472,0.5118249,0.816399,0.7484284,0.64398444,-0.15855265
1356594200550,-0.6110313,0.56935084,-0.54998213,-0.26178056,0.5103456,0.8191571,0.7470687,0.64450526,-0.16279209
1356594200591,-0.6157551,0.57112926,-0.54282326,-0.2548628,0.5075165,0.82308674,0.74558073,0.6451653,-0.16694629
1356594200630,-0.6208307,0.57339203,-0.53459406,-0.24710381,0.504035,0.82757986,0.74398184,0.64588726,-0.171233
1356594200670,-0.62599885,0.57541215,-0.52633286,-0.23880848,0.50105953,0.8318112,0.7423583,0.6464057,-0.17624938
1356594200710,-0.6309263,0.577294,-0.5183279,-0.229576,0.49924827,0.83549154,0.74109846,0.64612913,-0.18245608
1356594200750,-0.63505197,0.57999086,-0.5102151,-0.21875477,0.4984323,0.8388752,0.74084765,0.64434135,-0.18965465
1356594200790,-0.6377608,0.5847301,-0.50135,-0.20592715,0.4977675,0.84250903,0.74219614,0.64056087,-0.19704485
1356594200830,-0.63865376,0.59217787,-0.4913723,-0.19105537,0.49653974,0.84672666,0.7453987,0.6346445,-0.20397818
1356594200870,-0.637691,0.6021671,-0.48035908,-0.17433578,0.49460065,0.8514559,0.7503047,0.6267096,-0.21042311
1356594200910,-0.6352445,0.61376196,-0.4687864,-0.1565435,0.4920644,0.8563683,0.75627947,0.6173887,-0.21650076
1356594200950,-0.63201916,0.6255774,-0.457389,-0.13916014,0.48900428,0.8611093,0.7623557,0.6078879,-0.22200465
1356594200990,-0.6289828,0.63600826,-0.4470728,-0.124043524,0.4856014,0.86533487,0.76745933,0.5997373,-0.22654223
1356594201030,-0.62710536,0.6437392,-0.43856448,-0.1126596,0.4821534,0.86881304,0.77074426,0.5942458,-0.22983754
1356594201070,-0.62660754,0.64905953,-0.43137532,-0.10503811,0.47813055,0.8719852,0.772224,0.5917034,-0.23142421
1356594201110,-0.62606466,0.6553141,-0.4226187,-0.09875515,0.47098005,0.87659866,0.7734924,0.5905432,-0.23014832
1356594201150,-0.6224088,0.66841125,-0.4072268,-0.089141816,0.4563676,0.8853148,0.7775996,0.5873287,-0.22446388
1356594201190,-0.61203176,0.6936063,-0.37990457,-0.07175511,0.42969906,0.9001166,0.78757125,0.57816,-0.2132197
1356594201230,-0.5926542,0.7310426,-0.3381384,-0.04617369,0.38828337,0.92038256,0.8041324,0.5610817,-0.19636285
1356594201284,-0.5651573,0.7743542,-0.28455704,-0.017366678,0.33368123,0.942526,0.8248003,0.5376173,-0.17513442
1356594201312,-0.5353586,0.8133043,-0.22787556,0.006739944,0.27390003,0.96173453,0.84459794,0.513337,-0.15211636
1356594201352,-0.51169455,0.8402269,-0.17940846,0.02042541,0.22065419,0.9751382,0.8589246,0.4953084,-0.13006955
1356594201391,-0.49997967,0.85340405,-0.14738336,0.022860348,0.18312716,0.9828234,0.8657354,0.48802245,-0.11106902
1356594201432,-0.50052947,0.85514355,-0.13490674,0.016053587,0.16497332,0.9861673,0.86557066,0.49144003,-0.09630215
1356594201471,-0.5103001,0.84804946,-0.1428492,8.686781E-4,0.16661263,0.986022,0.85999596,0.50304306,-0.0857591
1356594201502,-0.52238595,0.8359307,-0.1683237,-0.021701396,0.18430161,0.98263013,0.852433,0.51696503,-0.07813573
1356594201531,-0.5356444,0.8186356,-0.20717368,-0.05115834,0.21342808,0.9756184,0.8428925,0.53318316,-0.07244152
1356594201561,-0.5478294,0.7949332,-0.2606995,-0.090087116,0.25375473,0.9630643,0.8317255,0.5510806,-0.06740105
1356594201591,-0.555229,0.7649003,-0.3265704,-0.13895956,0.3018191,0.9431837,0.8200067,0.569063,-0.061288536
1356594201622,-0.5532309,0.7314776,-0.3985926,-0.19489124,0.35155421,0.9156566,0.8099092,0.5842517,-0.051932037
1356594201654,-0.538332,0.7015728,-0.46689874,-0.2512952,0.39518732,0.8835597,0.8043938,0.5929779,-0.036440074
1356594201691,-0.5055152,0.69378734,-0.5129459,-0.29732323,0.41801643,0.8584061,0.8099711,0.58644813,-0.005034566
1356594201731,-0.4519151,0.7078519,-0.5428798,-0.33704624,0.42797065,0.8385947,0.8259374,0.56194913,0.045172393
1356594201770,-0.3833537,0.73820287,-0.5550643,-0.37283176,0.4261517,0.8242519,0.8450067,0.52292573,0.111858666
1356594201810,-0.31011736,0.7662313,-0.56277597,-0.41154277,0.42542547,0.8060061,0.8570063,0.48156285,0.1834051
1356594201850,-0.24363673,0.7725196,-0.5863912,-0.45270154,0.4441237,0.77318525,0.857731,0.45383644,0.24151593
1356594201890,-0.19087246,0.74725366,-0.6365372,-0.488266,0.49027357,0.72196126,0.8515656,0.44860205,0.27127886
1356594201930,-0.15418786,0.6888327,-0.70833296,-0.51325387,0.5567499,0.65314627,0.8442728,0.4642619,0.26770198
1356594201970,-0.13404247,0.6023435,-0.78690207,-0.5299519,0.62741065,0.570532,0.83736706,0.4934958,0.23511338
1356594202010,-0.12996754,0.499921,-0.85626364,-0.54356766,0.68632555,0.4832095,0.8292422,0.5282388,0.18254077
1356594202050,-0.14020121,0.39832455,-0.90646625,-0.5567239,0.72536474,0.4048512,0.8187808,0.5614121,0.12005979
1356594202090,-0.16222113,0.31211668,-0.93609166,-0.56789744,0.7462689,0.34723946,0.80695534,0.5879336,0.056189656
1356594202130,-0.1937297,0.2515527,-0.94825625,-0.5728305,0.75568545,0.31749752,0.79645085,0.6046989,-0.0023016334
1356594202170,-0.23330978,0.22383507,-0.9462898,-0.56635755,0.7597717,0.31935278,0.7904465,0.61044645,-0.050491452
1356594202210,-0.28050095,0.23398337,-0.93089795,-0.5435257,0.7606436,0.35496628,0.7911378,0.6055354,-0.08618528
1356594202283,-0.3348348,0.28630137,-0.89772886,-0.49893028,0.754339,0.4266628,0.799346,0.5907657,-0.109734535
1356594202292,-0.394514,0.3825122,-0.83548987,-0.42832804,0.7278626,0.53549147,0.8129538,0.56912255,-0.12331134
1356594202329,-0.44804832,0.5155325,-0.7303964,-0.3291596,0.66447186,0.6709181,0.8312079,0.54102075,-0.12802297
1356594202371,-0.4815576,0.6658455,-0.56987023,-0.20614967,0.54592836,0.8120742,0.8518243,0.5085391,-0.12563217
1356594202410,-0.48304322,0.7936988,-0.36974502,-0.08196458,0.37943533,0.92158043,0.87175167,0.4754692,-0.118228495
1356594202450,-0.46085495,0.87019736,-0.17426789,0.016097665,0.20452785,0.9787284,0.88732946,0.4482465,-0.10826582
1356594202490,-0.43670154,0.8993889,-0.019781262,0.079464346,0.060468435,0.9950019,0.8960899,0.432947,-0.09787595
1356594202530,-0.4250067,0.9009595,0.08741459,0.11771667,-0.040738106,0.9922112,0.89750326,0.43198654,-0.088743985
1356594202570,-0.42792767,0.89024526,0.15601668,0.14210194,-0.10420275,0.984352,0.89257205,0.44340172,-0.081914365
1356594202610,-0.4432686,0.8754696,0.19252503,0.15745229,-0.13539529,0.97820085,0.88245213,0.46391922,-0.07782823
1356594202650,-0.4707142,0.8605856,0.19447511,0.16147912,-0.13266581,0.9779183,0.8673826,0.49172372,-0.07651895
1356594202690,-0.51228946,0.8459218,0.14824203,0.14337951,-0.08594674,0.9859287,0.84675956,0.5263358,-0.07725823
1356594202730,-0.5654633,0.82420146,0.030710906,0.08095324,0.018407166,0.9965479,0.820791,0.5659974,-0.07713038
1356594202770,-0.60646117,0.7774067,-0.16686454,-0.046863288,0.17454952,0.9835326,0.79373085,0.6042941,-0.06942564
1356594202810,-0.5957533,0.7060223,-0.38289744,-0.20972098,0.32344896,0.9227122,0.7753032,0.6300105,-0.044628084
1356594202850,-0.5363606,0.6618444,-0.52371705,-0.33358803,0.40375292,0.85188186,0.77526546,0.6316215,0.0042260885
1356594202890,-0.46211666,0.6814208,-0.56755066,-0.39464426,0.41510582,0.81972134,0.7941687,0.6027875,0.077091515
1356594202930,-0.38641584,0.7374493,-0.55394167,-0.42389655,0.39140648,0.8167697,0.81914264,0.5504267,0.16135651
1356594202972,-0.31278408,0.78256494,-0.53829193,-0.45096177,0.37642437,0.8092824,0.83594227,0.49587977,0.23516732
1356594203010,-0.24463356,0.7902148,-0.56188524,-0.4802487,0.40467083,0.77820486,0.8423276,0.46021968,0.2805035
1356594203050,-0.1821945,0.7507866,-0.634921,-0.50460714,0.48281565,0.715724,0.84390575,0.45078662,0.29088587
1356594203091,-0.12476152,0.65779376,-0.7427933,-0.5214211,0.59345955,0.6131279,0.84412944,0.46380287,0.26894665
1356594203128,-0.07487208,0.5162478,-0.85316026,-0.5340535,0.7017623,0.47150454,0.8421289,0.4909357,0.22316152
1356594203171,-0.03791164,0.34987307,-0.9360297,-0.54764044,0.7762362,0.31232566,0.8358544,0.5244485,0.16217625
1356594203210,-0.01729396,0.19496147,-0.9806583,-0.5647726,0.8074446,0.1704852,0.82506526,0.5567974,0.096145034
1356594203280,-0.012246601,0.061930686,-0.9980052,-0.58537805,0.8087282,0.057368457,0.8106678,0.584913,0.02634871
1356594203293,-0.023853272,-0.019788831,-0.9995196,-0.6033038,0.79751027,-0.0013917089,0.79715466,0.60298073,-0.030961871
1356594203332,-0.04136467,-0.07069537,-0.99663985,-0.61274564,0.78968817,-0.030584008,0.78919685,0.6094216,-0.075983465
1356594203372,-0.068638705,-0.09002283,-0.99357164,-0.6096406,0.7921231,-0.02965486,0.7897006,0.60368615,-0.10925186
1356594203412,-0.105077274,-0.079729676,-0.99126273,-0.59075415,0.8068484,-0.0022747815,0.7999801,0.5853536,-0.13188207
1356594203452,-0.15063593,-0.034161836,-0.9879989,-0.5536095,0.8309132,0.055676132,0.8190393,0.55535233,-0.14407766
1356594203492,-0.20504677,0.06022121,-0.9768976,-0.49607486,0.8540099,0.15676983,0.84372115,0.5167596,-0.14523774
1356594203532,-0.26531035,0.21566378,-0.9397338,-0.4183141,0.85240334,0.3137225,0.8686908,0.47633773,-0.13593626
1356594203571,-0.31992018,0.41144753,-0.85344124,-0.32986945,0.79605085,0.50743395,0.8881651,0.44386256,-0.11894876
1356594203612,-0.35578632,0.57870346,-0.7338381,-0.25675607,0.694476,0.6721454,0.8986058,0.42755753,-0.09849942
1356594203650,-0.37618068,0.6710898,-0.6388478,-0.22031312,0.6049322,0.7651923,0.8999723,0.4285971,-0.07971394
1356594203690,-0.39041856,0.69851065,-0.5997134,-0.21958579,0.5619576,0.7974871,0.89406675,0.44304234,-0.06601566
1356594203730,-0.40013507,0.6809565,-0.6133435,-0.24549642,0.5651536,0.78761214,0.8829628,0.4657249,-0.058965385
1356594203770,-0.4025404,0.6269531,-0.66700155,-0.29322737,0.6019358,0.74275905,0.8671672,0.49457365,-0.058463693
1356594203810,-0.3936656,0.5413668,-0.7429329,-0.3595253,0.65314263,0.666443,0.8460313,0.5294589,-0.06248474
1356594203850,-0.37095454,0.4416837,-0.8168894,-0.43480015,0.6946702,0.5730465,0.8205739,0.5677578,-0.06564689
1356594203890,-0.33540606,0.3598424,-0.87064123,-0.5025542,0.71335024,0.48843703,0.79683244,0.6013692,-0.05842167
1356594203930,-0.28852603,0.32201892,-0.90169644,-0.5489328,0.7159734,0.43134072,0.7844906,0.6194238,-0.02981019
1356594203970,-0.22836506,0.33266798,-0.9149762,-0.57034016,0.7159483,0.402654,0.7890257,0.61379975,0.026236355
1356594204010,-0.15411201,0.37401196,-0.9145297,-0.5733355,0.7199713,0.39105976,0.8046962,0.5845993,0.10347813
1356594204050,-0.07434404,0.41438842,-0.90705854,-0.56867594,0.7295709,0.3799131,0.8191951,0.54406667,0.18141347
1356594204090,-0.005276397,0.427477,-0.9040108,-0.562911,0.74591666,0.356005,0.82650065,0.510756,0.23669577
1356594204130,0.040387526,0.40569836,-0.91311437,-0.55774623,0.7673881,0.3162825,0.8290284,0.49651217,0.25726962
1356594204170,0.0587994,0.35600677,-0.93263173,-0.55515605,0.788118,0.26584178,0.8296653,0.5021247,0.24398017
1356594204211,0.052696407,0.29074442,-0.9553485,-0.55800164,0.80196244,0.2132849,0.82816505,0.52184665,0.20449638
1356594204282,0.021036804,0.20815013,-0.97787064,-0.56979823,0.8061875,0.15934758,0.82151526,0.5538368,0.1355632
1356594204308,-0.021735594,0.14599155,-0.989047,-0.584406,0.8008094,0.1310492,0.81117016,0.58085346,0.06791228
1356594204340,-0.066252425,0.10043715,-0.9927351,-0.5964283,0.79363084,0.120097354,0.7999274,0.60005206,0.007323563
1356594204380,-0.11081265,0.07434112,-0.991057,-0.60119814,0.78903836,0.12640882,0.7913794,0.6098293,-0.042741716
1356594204420,-0.15432553,0.06957722,-0.9855672,-0.5939313,0.7906322,0.14881656,0.78957534,0.60832536,-0.08069062
1356594204460,-0.19577886,0.088869736,-0.9766129,-0.56992376,0.8001221,0.18706048,0.7980336,0.59321743,-0.10599798
1356594204500,-0.2335553,0.13643438,-0.962724,-0.5264192,0.8147102,0.24316676,0.8175174,0.56358933,-0.11845821
1356594204540,-0.265485,0.21506196,-0.9398224,-0.46601927,0.82473594,0.32036957,0.8440046,0.5230287,-0.118731976
1356594204580,-0.28977397,0.31862843,-0.9025004,-0.39922416,0.816769,0.41654342,0.86985695,0.4810034,-0.10947424
1356594204620,-0.30707282,0.4269775,-0.8505272,-0.34170458,0.7846449,0.517272,0.8882254,0.4494692,-0.095042944
1356594204660,-0.32143772,0.51501876,-0.79462785,-0.30497074,0.7381455,0.6017759,0.8964768,0.43577173,-0.0802021
1356594204700,-0.33685413,0.57005817,-0.74937505,-0.2897703,0.6944953,0.6585661,0.89585847,0.43898734,-0.06875771
1356594204740,-0.35420915,0.59378636,-0.7224635,-0.29070225,0.6643629,0.6885594,0.8888352,0.45391583,-0.06270838
1356594204780,-0.37278563,0.5922935,-0.7142964,-0.30355543,0.64958644,0.6970592,0.8768609,0.47668213,-0.06236261
1356594204820,-0.39213514,0.5705885,-0.72156686,-0.32739535,0.64646673,0.6891248,0.8596757,0.5064677,-0.06669426
1356594204861,-0.41110376,0.534624,-0.7383569,-0.36218864,0.6474986,0.670496,0.83654827,0.54306793,-0.07255435
1356594204900,-0.42488846,0.4970248,-0.7565951,-0.4037089,0.6440363,0.6497971,0.81024,0.58153546,-0.0729903
1356594204940,-0.42601883,0.47562063,-0.76960576,-0.44399047,0.63127005,0.63590133,0.7882769,0.61260355,-0.057761908
1356594204980,-0.40593302,0.48410735,-0.77515066,-0.47634223,0.6117772,0.63152736,0.77994657,0.6255948,-0.017739773
1356594205020,-0.35957098,0.52237564,-0.77319616,-0.5015878,0.5905172,0.6322176,0.78684074,0.6151529,0.049684346
1356594205060,-0.29250506,0.5730907,-0.7655114,-0.5250701,0.5727966,0.62944853,0.7992134,0.5860641,0.13336694
1356594205100,-0.22490954,0.61208755,-0.75813234,-0.546763,0.56474215,0.6181557,0.80651474,0.55354774,0.20765084
1356594205140,-0.17989913,0.62643766,-0.7584274,-0.5607461,0.56816125,0.6022928,0.808208,0.53363717,0.24906075
1356594205180,-0.16877812,0.6180742,-0.76778793,-0.56366336,0.5784952,0.589599,0.80857754,0.53228533,0.2507484
1356594205220,-0.18986401,0.5951923,-0.7808313,-0.5569519,0.5896603,0.58489764,0.80855185,0.5459366,0.21953833
1356594205283,-0.23468205,0.5659947,-0.79030013,-0.5431811,0.5978793,0.58948666,0.80615044,0.5676181,0.16712606
1356594205302,-0.2923563,0.53776634,-0.7907814,-0.5234506,0.6020473,0.6029415,0.80032945,0.59020877,0.1054818
1356594205342,-0.35311145,0.5161554,-0.7803179,-0.4974875,0.6027707,0.6238379,0.79235005,0.60848266,0.043935597
1356594205382,-0.40942946,0.50629115,-0.75897086,-0.46468055,0.60018194,0.65104043,0.7851366,0.6192342,-0.010468483
1356594205421,-0.45645222,0.5120823,-0.72761476,-0.42381465,0.5939083,0.6838524,0.78232515,0.6205197,-0.054062784
1356594205462,-0.4910049,0.5363449,-0.6864753,-0.3728473,0.58280456,0.72202754,0.7873367,0.61046946,-0.08618516
1356594205502,-0.5101349,0.5806712,-0.6344946,-0.3103939,0.5637002,0.76543957,0.8021335,0.58742064,-0.10732633
1356594205542,-0.5110525,0.6435663,-0.5697787,-0.23851775,0.5306692,0.8133262,0.8257934,0.55155474,-0.117697835
1356594205582,-0.49406636,0.7172699,-0.49134746,-0.1650598,0.47748005,0.86299944,0.8536122,0.50748074,-0.11751437
1356594205621,-0.46763423,0.78709495,-0.4022433,-0.101718485,0.4041246,0.9090306,0.87804985,0.46600944,-0.108920336
1356594205662,-0.44477504,0.8399509,-0.31089815,-0.05621615,0.32025766,0.94566107,0.8938763,0.43808392,-0.095223844
1356594205702,-0.43602306,0.8715825,-0.22411585,-0.025556087,0.23694307,0.9711874,0.8995726,0.4291876,-0.081038475
1356594205740,-0.44280756,0.8844631,-0.14712793,-0.0026118755,0.1628192,0.9866525,0.89661294,0.43728146,-0.06978744
1356594205780,-0.4603883,0.8837869,-0.08344689,0.017603368,0.10307217,0.9945181,0.8875431,0.45639557,-0.06301081
1356594205820,-0.485367,0.8734623,-0.038502306,0.034529,0.06315291,0.99740636,0.8736285,0.48277867,-0.060812056
1356594205860,-0.51682323,0.85585046,-0.020343244,0.042587847,0.04943651,0.9978689,0.8550322,0.5148555,-0.061998725
1356594205900,-0.55443466,0.8312737,-0.039827287,0.030629933,0.06820637,0.9972009,0.83166337,0.55166286,-0.06327778
1356594205940,-0.5903685,0.7999971,-0.107096285,-0.01697722,0.120349824,0.9925864,0.8069552,0.5878099,-0.05746907
1356594205980,-0.60478693,0.76589084,-0.21827531,-0.107632875,0.19295937,0.9752856,0.7890805,0.6133335,-0.034264326
1356594206020,-0.5763343,0.7415099,-0.3435139,-0.22371262,0.26113433,0.9390216,0.7859971,0.6180388,0.015384436
1356594206060,-0.50445074,0.74085104,-0.44347396,-0.33263206,0.30722666,0.89160955,0.7967969,0.5972868,0.091450155
1356594206098,-0.41033745,0.7570124,-0.5084835,-0.4180258,0.33941334,0.8426464,0.8104799,0.55832857,0.17717665
1356594206141,-0.31541735,0.76489687,-0.5616445,-0.48026514,0.38179088,0.7896714,0.818448,0.51881444,0.24692994
1356594206180,-0.22789389,0.7400384,-0.6327777,-0.5227088,0.45531017,0.72074145,0.8214865,0.495011,0.2830621
1356594206220,-0.14783984,0.6662499,-0.7309271,-0.5476619,0.56024534,0.62144315,0.82353497,0.49217498,0.2820531
1356594206285,-0.07449353,0.5365133,-0.84059745,-0.5598322,0.6750751,0.4804805,0.82525057,0.5063863,0.25006872
1356594206302,-0.012968853,0.36636525,-0.93038076,-0.56543523,0.7647184,0.30901253,0.82469076,0.5300776,0.19723827
1356594206342,0.030351475,0.19122268,-0.98107725,-0.5711777,0.80880356,0.13997422,0.820265,0.55612105,0.13377053
1356594206382,0.054436453,0.04272276,-0.9976029,-0.58079,0.8140473,0.003169775,0.81223136,0.5792252,0.069126785
1356594206422,0.06303897,-0.0675807,-0.99572027,-0.5927468,0.80013615,-0.091832876,0.80291796,0.59599906,0.01038152
1356594206462,0.06056085,-0.14216323,-0.98798895,-0.6017048,0.7845505,-0.14977294,0.7964194,0.603548,-0.038027227
1356594206502,0.050042123,-0.18769072,-0.9809526,-0.6012076,0.7786367,-0.1796505,0.79752445,0.5987463,-0.07387644
1356594206542,0.033237036,-0.20970157,-0.9772003,-0.58586395,0.7880533,-0.18903837,0.8097275,0.5787895,-0.09666401
1356594206582,0.010908693,-0.20890361,-0.9778755,-0.5532603,0.8133446,-0.17992678,0.832937,0.54298246,-0.10670555
1356594206623,-0.017950445,-0.17738177,-0.9839784,-0.50778186,0.8493898,-0.14385614,0.8612987,0.49706408,-0.10531819
1356594206662,-0.05744216,-0.097067565,-0.9936188,-0.45942983,0.88618445,-0.060012072,0.88635474,0.45305088,-0.09550005
1356594206702,-0.11426282,0.052413136,-0.992067,-0.41559187,0.9045075,0.095653564,0.90234554,0.4232246,-0.081569076
1356594206742,-0.18396917,0.24868652,-0.95095235,-0.37627593,0.8759526,0.30186665,0.9080593,0.41335464,-0.06757355
1356594206772,-0.24007238,0.40498054,-0.8822448,-0.34321517,0.81471616,0.46737668,0.9080576,0.41500404,-0.056595385
1356594206812,-0.26182282,0.44870165,-0.85446805,-0.34746817,0.7821576,0.5171996,0.900397,0.4323151,-0.04887718
1356594206851,-0.21172334,0.31951618,-0.9236247,-0.40965194,0.8290114,0.38069078,0.88733226,0.4589658,-0.044630587
1356594206892,-0.10220479,0.09271076,-0.9904337,-0.484341,0.8650234,0.13095169,0.868889,0.49309152,-0.043505907
1356594206932,0.0077668168,-0.09376614,-0.99556404,-0.535397,0.8404791,-0.08333649,0.84456486,0.53366923,-0.04367429
1356594206971,0.08373532,-0.18629217,-0.9789197,-0.57221025,0.7952733,-0.20028959,0.815821,0.57691914,-0.040005803
1356594207012,0.13333538,-0.20769195,-0.9690644,-0.5999129,0.7613953,-0.24572706,0.7888766,0.61411834,-0.023076177
1356594207052,0.17049575,-0.1803311,-0.9687166,-0.6112629,0.7517255,-0.2475205,0.77284455,0.6343418,0.01793629
1356594207092,0.20547909,-0.117902905,-0.9715334,-0.60227,0.7672385,-0.22049014,0.77139425,0.6304316,0.08664209
1356594207132,0.24332896,-0.043528557,-0.9689666,-0.58067775,0.79365015,-0.18147388,0.77691984,0.6068152,0.16784203
1356594207172,0.28109926,0.012784481,-0.95959353,-0.5567078,0.81664664,-0.15219961,0.781703,0.5769964,0.23667598
1356594207211,0.3108613,0.029864103,-0.9499861,-0.5346223,0.8318895,-0.14879143,0.7858399,0.5541372,0.27456826
1356594207285,0.32514042,0.007968903,-0.9456321,-0.5161573,0.8393723,-0.17039892,0.7923795,0.5434985,0.27702707
1356594207291,0.3206939,-0.036665887,-0.946473,-0.50560653,0.83835006,-0.20379221,0.8009479,0.5438978,0.25031525
1356594207317,0.30205867,-0.074185714,-0.9503984,-0.5053409,0.8329014,-0.22562326,0.8083262,0.5484266,0.21409601
1356594207361,0.27108935,-0.12340358,-0.95461094,-0.51310194,0.82056713,-0.25178564,0.81439364,0.5580691,0.15912843
1356594207400,0.22541803,-0.16072157,-0.9609138,-0.52993095,0.80740637,-0.25936103,0.8175328,0.5676826,0.09683263
1356594207440,0.16939199,-0.18178661,-0.9686382,-0.54991454,0.7981828,-0.24596392,0.8178632,0.57433254,0.035238683
1356594207480,0.10468936,-0.18094423,-0.97790563,-0.5670935,0.7969142,-0.208165,0.8169732,0.5763566,-0.019183874
1356594207520,0.03151107,-0.15253422,-0.9877957,-0.57486224,0.80570143,-0.1427538,0.8176433,0.5723448,-0.062297642
1356594207560,-0.051518828,-0.08824,-0.9947661,-0.5656798,0.8234637,-0.04374826,0.82301414,0.5604652,-0.092339456
1356594207600,-0.14598411,0.02618444,-0.9889404,-0.5301901,0.84189487,0.10055603,0.8352168,0.539006,-0.10902053
1356594207640,-0.2495629,0.2098645,-0.945344,-0.4568954,0.8352186,0.30603343,0.85379446,0.5082979,-0.11255348
1356594207680,-0.34450775,0.45652217,-0.82030606,-0.3400144,0.7537936,0.56230366,0.87504554,0.4726338,-0.10446364
1356594207720,-0.39924237,0.68677354,-0.6074106,-0.20661676,0.5780643,0.78939927,0.8932609,0.44066286,-0.088888824
1356594207760,-0.41391376,0.8221861,-0.3907497,-0.10608804,0.38275394,0.9177389,0.9041132,0.42131865,-0.07120299
1356594207800,-0.4192472,0.8771974,-0.23400122,-0.04884401,0.23557997,0.97062683,0.90655726,0.41836217,-0.055920422
1356594207840,-0.4311477,0.89244556,-0.13286301,-0.0163019,0.13952345,0.9900845,0.90213406,0.4290386,-0.045606673
1356594207880,-0.450175,0.89042795,-0.066936225,0.006450832,0.078202665,0.99691653,0.89291704,0.44835517,-0.040948868
1356594207920,-0.47459048,0.8798655,-0.024504304,0.024803638,0.041196644,0.99884313,0.8798571,0.47343367,-0.0413754
1356594207961,-0.5046134,0.86334103,-0.0027536154,0.03784001,0.025303245,0.99896336,0.86251575,0.5039861,-0.045437217
1356594208000,-0.54015154,0.8415637,-0.0026360154,0.04066488,0.029228806,0.99874526,0.84058475,0.53936654,-0.050010145
1356594208040,-0.5762524,0.8169495,-0.022949308,0.026513964,0.04675305,0.9985546,0.8168416,0.574811,-0.048602164
1356594208080,-0.6013725,0.7970888,-0.054777443,-0.008012712,0.062539876,0.9980103,0.7989286,0.6006148,-0.03122288
1356594208120,-0.6033239,0.7933023,-0.08168128,-0.059069633,0.057688236,0.9965856,0.7953057,0.60608876,0.012055337
1356594208160,-0.5790119,0.81030464,-0.09028599,-0.12122196,0.023947954,0.9923365,0.806257,0.5855193,0.0843606
1356594208200,-0.53854614,0.83847976,-0.0831843,-0.19128188,-0.025514483,0.98120344,0.8205969,0.544335,0.1741268
1356594208240,-0.4982006,0.8637395,-0.07583076,-0.2596184,-0.06515658,0.96351075,0.8272814,0.49970865,0.25670367
1356594208286,-0.46847564,0.8797462,-0.08109975,-0.3102647,-0.07787824,0.94745487,0.8272039,0.46902198,0.3094383
1356594208321,-0.45087063,0.8867517,-0.101917446,-0.33361715,-0.061510384,0.9406998,0.82789814,0.45813525,0.32356876
1356594208362,-0.4437226,0.8857099,-0.13648534,-0.33045685,-0.020145178,0.9436061,0.8330117,0.46380192,0.30162776
1356594208402,-0.44556618,0.87639546,-0.18276122,-0.3092812,0.040888608,0.9500911,0.84012854,0.47985312,0.25283414
1356594208442,-0.45522058,0.85797936,-0.23800302,-0.28053874,0.11547959,0.9528706,0.8450278,0.5005355,0.18812788
1356594208480,-0.47084773,0.8308488,-0.29663572,-0.2525107,0.19525146,0.9476894,0.8453051,0.52112114,0.11786449
1356594208520,-0.4902625,0.79827404,-0.3498589,-0.22886214,0.26941562,0.93543434,0.8409904,0.5386778,0.050610304
1356594208560,-0.51139563,0.7677784,-0.3859933,-0.20739394,0.32562512,0.9224727,0.8339438,0.5518012,-0.007290721
1356594208600,-0.5319294,0.75137293,-0.39049953,-0.17920348,0.3508222,0.9191354,0.82760936,0.558894,-0.051964045
1356594208640,-0.547592,0.7611551,-0.34754243,-0.13130125,0.33203965,0.9340822,0.8263794,0.5571287,-0.08188164
1356594208680,-0.54928136,0.79863286,-0.24591774,-0.05622551,0.25829917,0.9644275,0.83374375,0.54356885,-0.096975386
1356594208720,-0.52665037,0.8447554,-0.09501392,0.033513606,0.13231593,0.9906408,0.8494211,0.5185371,-0.09799504
1356594208760,-0.4836685,0.87289923,0.064122975,0.10713065,-0.01366961,0.994151,0.86867017,0.48770905,-0.08690268
1356594208800,-0.44162387,0.87685025,0.19000518,0.1468023,-0.13830084,0.9794498,0.8851087,0.46044165,-0.06764662
1356594208840,-0.4177763,0.8670471,0.27146325,0.16043246,-0.22369093,0.9613656,0.89427304,0.4451873,-0.045649767
1356594208880,-0.41465575,0.85278994,0.31750584,0.16333073,-0.2735008,0.94790316,0.8952004,0.44491193,-0.025878131
1356594208920,-0.4270411,0.8385229,0.3384012,0.16413763,-0.29614013,0.94093573,0.8892102,0.45736256,-0.011169195
1356594208960,-0.4490708,0.8265743,0.3392792,0.16411456,-0.2969547,0.940683,0.87829494,0.4781139,-0.0022992492
1356594209001,-0.47807556,0.81862897,0.3182616,0.15912396,-0.2756307,0.94800174,0.8637843,0.5038595,0.0015087724
1356594209038,-0.5135314,0.81548095,0.2669762,0.14008191,-0.22728729,0.9636999,0.84655917,0.53228873,0.0024850965
1356594209081,-0.55279243,0.8153169,0.17227572,0.09234297,-0.14552766,0.9850353,0.8281868,0.5604285,0.0051577687
1356594209120,-0.58261806,0.8123435,0.025575936,0.0011220574,-0.030664504,0.99952906,0.8127452,0.5823725,0.016954303
1356594209160,-0.5791884,0.80150867,-0.14874321,-0.12562272,0.09252852,0.98775375,0.80545616,0.5907811,0.047096252
1356594209200,-0.5325433,0.79248035,-0.2972751,-0.2523179,0.18661213,0.9494796,0.80791914,0.5806469,0.10057795
1356594209240,-0.4600156,0.79808086,-0.38916895,-0.35291857,0.23784363,0.90491927,0.8147601,0.553622,0.1722458
1356594209287,-0.3815348,0.80932504,-0.44656932,-0.4303537,0.27203447,0.8606933,0.8180629,0.52056724,0.24450535
1356594209322,-0.30538392,0.8050496,-0.5085625,-0.49064642,0.32468927,0.80860555,0.81609243,0.49645948,0.2958398
1356594209362,-0.23284352,0.7684669,-0.5960222,-0.53302115,0.41177374,0.73914194,0.8134324,0.48979688,0.3137303
1356594209402,-0.16412386,0.6890446,-0.70589006,-0.55756235,0.52551913,0.64261484,0.8137491,0.4990462,0.29793513
1356594209442,-0.10259962,0.56609815,-0.81792796,-0.5682252,0.6415487,0.5153012,0.81645167,0.517637,0.2558486
1356594209482,-0.0546135,0.4161022,-0.9076764,-0.57134396,0.7324897,0.37016898,0.8188917,0.53881156,0.19773364
1356594209522,-0.025564969,0.26805183,-0.96306527,-0.5725006,0.7858278,0.23391825,0.8195057,0.5573355,0.13337016
1356594209562,-0.017120019,0.14732742,-0.9889396,-0.5740175,0.8083984,0.13036837,0.818664,0.5699006,0.07072872
1356594209602,-0.029043466,0.06858635,-0.99722236,-0.57411706,0.81552935,0.07281074,0.818258,0.57463706,0.015690744
1356594209642,-0.062892795,0.041167676,-0.9971708,-0.56710154,0.8206977,0.069649845,0.82124317,0.5698776,-0.028269708
1356594209682,-0.12685633,0.08368643,-0.9883846,-0.5423846,0.8284245,0.13975613,0.83049774,0.5538135,-0.059700668
1356594209722,-0.24073358,0.24913514,-0.9380719,-0.47233617,0.8142575,0.33746597,0.84790665,0.5243248,-0.07834357
1356594209761,-0.4118765,0.62748903,-0.6607686,-0.26586014,0.61083436,0.745788,0.87159395,0.4828446,-0.084763944
1356594209800,-0.44034505,0.89734495,-0.029467791,0.05972621,0.062025726,0.9962859,0.8958398,0.43694958,-0.08090776
1356594209840,-0.35439712,0.87161255,0.3386654,0.19640365,-0.28471065,0.9382779,0.9142364,0.39903814,-0.07028717
1356594209880,-0.3118922,0.8285379,0.46502513,0.22359663,-0.41168624,0.88346994,0.92343265,0.37952545,-0.056856543
1356594209920,-0.30966508,0.8081831,0.5009467,0.22635198,-0.4490412,0.864365,0.92351085,0.38105392,-0.043881476
1356594209960,-0.33120924,0.80183935,0.49734712,0.22543585,-0.44458514,0.86690414,0.9162309,0.39924654,-0.033512622
1356594210000,-0.36827123,0.8050322,0.46508014,0.22061962,-0.4102797,0.88487154,0.90316296,0.42847854,-0.026511759
1356594210040,-0.41985595,0.81769896,0.3938139,0.20134747,-0.33917987,0.9189212,0.88497466,0.46510798,-0.022234917
1356594210080,-0.48580992,0.83635306,0.2539732,0.14368531,-0.21019733,0.9670427,0.8621736,0.50629115,-0.018055677
1356594210120,-0.5465102,0.8373817,0.01088202,0.012719065,-0.004693091,0.9999081,0.8373558,0.54659843,-0.0080859065
1356594210160,-0.5476928,0.78249943,-0.2961879,-0.18409804,0.23262084,0.95498455,0.8161744,0.57756567,0.016651869
1356594210200,-0.47471738,0.70315206,-0.5293586,-0.35831583,0.39495003,0.8459458,0.8038988,0.59126276,0.06446087
1356594210240,-0.3765005,0.66299367,-0.64706016,-0.46697545,0.46741325,0.7506389,0.8001133,0.58477706,0.13362044
1356594210288,-0.27868813,0.6530672,-0.70415634,-0.5317208,0.5056496,0.67940515,0.7997536,0.56375676,0.2063309
1356594210322,-0.18510836,0.6318402,-0.7526703,-0.5701554,0.5547701,0.6059314,0.80041087,0.5413021,0.2575546
1356594210362,-0.09970996,0.5736866,-0.8129831,-0.5873405,0.6255896,0.5134868,0.8031743,0.52869767,0.2745719
1356594210402,-0.03029108,0.47223657,-0.8809513,-0.5873428,0.70473295,0.39796975,0.80877125,0.52947533,0.25601763
1356594210442,0.017136112,0.34118515,-0.93983984,-0.5796793,0.7692692,0.2686945,0.8146645,0.5402013,0.21096027
1356594210482,0.040054858,0.20706569,-0.97750676,-0.5739679,0.8055533,0.14712146,0.81789756,0.5551646,0.15111536
1356594210522,0.041528083,0.09376226,-0.99472815,-0.5744822,0.8167989,0.053007215,0.81746286,0.5692524,0.08778489
1356594210562,0.027133591,0.0121304095,-0.99955815,-0.5796257,0.81486183,-0.0058452487,0.8144309,0.5795283,0.029141247
1356594210600,0.0012733266,-0.036520302,-0.99933213,-0.5855856,0.81004226,-0.030348927,0.81060964,0.5852331,-0.02035433
1356594210643,-0.033740155,-0.053608567,-0.9979919,-0.5880159,0.8085064,-0.023550421,0.8081454,0.5860405,-0.05880183
1356594210682,-0.07744101,-0.03904289,-0.99623215,-0.58082694,0.8139192,0.01325199,0.81033504,0.5796647,-0.0857079
1356594210720,-0.13019836,0.010659754,-0.99143064,-0.55573297,0.82731926,0.08187617,0.8211025,0.56163085,-0.10179162
1356594210760,-0.19262493,0.106255785,-0.9755026,-0.5043825,0.84202003,0.19131279,0.8417208,0.52887803,-0.1086005
1356594210800,-0.2626542,0.26378572,-0.9281324,-0.4213192,0.8340061,0.35626397,0.86804545,0.48461422,-0.10791719
1356594210840,-0.328183,0.4779463,-0.814778,-0.30970976,0.76042914,0.57081294,0.89239883,0.43967584,-0.10153526
1356594210880,-0.3686957,0.67757434,-0.6363619,-0.19731377,0.6119429,0.7658937,0.9083671,0.40794468,-0.09192598
1356594210920,-0.3860454,0.790984,-0.47467184,-0.12403399,0.46538073,0.87637687,0.91410315,0.39719665,-0.08154917
1356594210960,-0.40084338,0.82800126,-0.39209512,-0.099336684,0.38617837,0.9170598,0.91074526,0.40654674,-0.072546124
1356594211000,-0.42030853,0.81845295,-0.39175937,-0.114464015,0.38047367,0.9176806,0.90013254,0.43055138,-0.06623292
1356594211040,-0.43875614,0.77102315,-0.46153685,-0.1658791,0.43529406,0.88487464,0.8831631,0.46480352,-0.06309134
1356594211080,-0.44344497,0.6804861,-0.5833483,-0.25325298,0.5291913,0.80982685,0.85977876,0.50684834,-0.062332094
1356594211120,-0.42066428,0.553479,-0.7188203,-0.36400738,0.62278664,0.6925572,0.8309875,0.55298996,-0.060513675
1356594211160,-0.3699442,0.42831776,-0.8244301,-0.4692177,0.67975724,0.5637063,0.8018578,0.5953771,-0.05049801
1356594211200,-0.30317867,0.34687746,-0.88755774,-0.54562634,0.7004168,0.4601177,0.7812648,0.62377274,-0.023085952
1356594211240,-0.22767586,0.31949663,-0.9198292,-0.5893657,0.70674187,0.39136177,0.77512056,0.6312193,0.027392268
1356594211289,-0.14436817,0.32591218,-0.9343121,-0.60924023,0.7147456,0.34346038,0.7797334,0.6188053,0.09537226
1356594211322,-0.05793631,0.3319261,-0.9415245,-0.61588025,0.73036987,0.29538336,0.7857065,0.59697986,0.16211182
1356594211362,0.020599082,0.31193465,-0.94988024,-0.6144283,0.7534418,0.23410104,0.7887038,0.578811,0.20718163
1356594211403,0.080737025,0.2580737,-0.9627459,-0.6074067,0.77856743,0.15776494,0.7902776,0.5720408,0.21961486
1356594211442,0.117397234,0.17770278,-0.97705656,-0.59933937,0.7971622,0.0729714,0.7918398,0.57702184,0.20008892
1356594211482,0.13134181,0.08553317,-0.9876404,-0.59531736,0.8034335,-0.009588391,0.79268324,0.58921874,0.15644377
1356594211522,0.1273793,-0.003755182,-0.9918469,-0.5973693,0.7979922,-0.07973918,0.7917856,0.602656,0.099404454
1356594211562,0.111694515,-0.07982215,-0.9905315,-0.6040884,0.78599995,-0.13145824,0.789051,0.6130518,0.03957224
1356594211602,0.089502245,-0.13770251,-0.9864215,-0.61236095,0.77347875,-0.16353825,0.7854957,0.6186831,-0.015095532
1356594211642,0.06403494,-0.17616823,-0.98227507,-0.61843264,0.76550436,-0.1776069,0.7832245,0.618844,-0.059929132
1356594211682,0.036770348,-0.19504659,-0.9801045,-0.61830395,0.7660602,-0.1756473,0.78507847,0.6124611,-0.09242982
1356594211722,0.0082996525,-0.19505961,-0.9807563,-0.60739946,0.77813715,-0.15990146,0.79435325,0.597038,-0.11202085
1356594211762,-0.021906018,-0.17519006,-0.98429096,-0.5815903,0.8030298,-0.12998447,0.8131869,0.56960654,-0.119480014
1356594211802,-0.05416459,-0.13138804,-0.98985016,-0.53981733,0.8378112,-0.0816683,0.8400378,0.52991474,-0.11630523
1356594211842,-0.088375986,-0.056167647,-0.99450237,-0.4863971,0.8737164,-0.006122455,0.8692569,0.483182,-0.10453534
1356594211900,-0.124972336,0.056047127,-0.9905759,-0.43166667,0.8958837,0.105149,0.89333403,0.4407393,-0.087767005
1356594211920,-0.16345054,0.19480488,-0.9671272,-0.38635656,0.88936955,0.24443907,0.9077513,0.41360962,-0.070103765
1356594211961,-0.20129067,0.32619366,-0.92362314,-0.3570387,0.8536206,0.3792826,0.9121433,0.40611523,-0.055362105
1356594211998,-0.23423316,0.4159853,-0.8786872,-0.34540975,0.80925095,0.47518945,0.90875024,0.4148122,-0.04586804
1356594212041,-0.25862795,0.45191193,-0.8537489,-0.35200608,0.77895784,0.51895696,0.89955723,0.43474156,-0.042384565
1356594212080,-0.2710949,0.4369946,-0.8576381,-0.3770684,0.77157855,0.51233375,0.88562226,0.46227932,-0.044394135
1356594212120,-0.2691558,0.3782107,-0.8857268,-0.42108944,0.7808895,0.46140575,0.8661634,0.4971602,-0.050920427
1356594212160,-0.25075048,0.2896809,-0.9236932,-0.4802813,0.7912348,0.37852,0.8405082,0.5385467,-0.059274197
1356594212200,-0.21797985,0.20020604,-0.9551975,-0.5430753,0.78832394,0.2891618,0.81089705,0.58177567,-0.06311178
1356594212240,-0.17620315,0.14240809,-0.9739981,-0.59349537,0.7740323,0.22053862,0.7853125,0.616923,-0.05186838
1356594212290,-0.12937763,0.13611996,-0.9822082,-0.61908937,0.76267207,0.18724257,0.7745902,0.6322996,-0.01440227
1356594212322,-0.07862353,0.1820272,-0.98014504,-0.6183896,0.76226556,0.1911687,0.7819287,0.6211419,0.052631736
1356594212362,-0.026737511,0.26090252,-0.9649947,-0.60307175,0.7656716,0.22372174,0.79723865,0.5879429,0.1368708
1356594212402,0.0188566,0.33631462,-0.94156086,-0.5889421,0.76474583,0.2613637,0.80795515,0.5495964,0.21249038
1356594212442,0.0505293,0.3766359,-0.9249823,-0.58111143,0.7643311,0.27947712,0.81225383,0.523396,0.25748855
1356594212482,0.06605083,0.37219128,-0.9258029,-0.57577384,0.7719933,0.26927853,0.8149367,0.51526695,0.26528877
1356594212522,0.06765352,0.32851666,-0.942072,-0.57089674,0.78712237,0.23348497,0.8182296,0.5220298,0.24080074
1356594212562,0.058946833,0.2574049,-0.964504,-0.5681168,0.8031085,0.17961085,0.82083404,0.5373634,0.19357675
1356594212602,0.043216243,0.17355578,-0.98387533,-0.5691543,0.81364286,0.11852692,0.8210942,0.55485463,0.1339426
1356594212642,0.022560768,0.091871515,-0.9955152,-0.57384205,0.81658876,0.062354594,0.81865513,0.56986177,0.071142614
1356594212682,-0.0027234256,0.026352197,-0.9996491,-0.58044064,0.81397665,0.023038924,0.8142981,0.5802997,0.013079107
1356594212722,-0.03373114,-0.013621867,-0.9993381,-0.5859688,0.8102865,0.008733571,0.8096313,0.5858755,-0.035313904
1356594212762,-0.074374914,-0.0185,-0.99705875,-0.5855681,0.8101168,0.028648645,0.8072041,0.5859765,-0.07108539
1356594212801,-0.1306094,0.023819089,-0.99114776,-0.5712506,0.8152745,0.0948696,0.81031716,0.5785846,-0.09287584
1356594212842,-0.21087942,0.13583045,-0.9680289,-0.528999,0.8168982,0.22986367,0.8220036,0.56055987,-0.100412846
1356594212882,-0.32070106,0.34815696,-0.88087314,-0.43495575,0.77200776,0.46348405,0.84140617,0.5317807,-0.096150875
1356594212922,-0.42692718,0.6372575,-0.6415887,-0.26459777,0.59041286,0.76249635,0.8647088,0.49529338,-0.08344638
1356594212962,-0.45906448,0.8416571,-0.28438216,-0.07427883,0.28262156,0.9563513,0.88529235,0.46015048,-0.067224205
1356594213002,-0.43778032,0.8989947,-0.012529045,0.041068226,0.033915758,0.9985805,0.89814353,0.43664438,-0.051767766
1356594213042,-0.42263222,0.89742845,0.12650782,0.09010458,-0.09728861,0.9911691,0.90181106,0.43029892,-0.039745092
1356594213082,-0.42778587,0.88619983,0.17790204,0.10670322,-0.14593178,0.9835235,0.8975598,0.43972018,-0.032132804
1356594213122,-0.44933897,0.8770683,0.16984034,0.10318661,-0.1378876,0.9850582,0.88738215,0.46015027,-0.028543413
1356594213162,-0.48240697,0.86977804,0.10377732,0.07471532,-0.0771848,0.99421334,0.87275493,0.48736918,-0.027751327
1356594213202,-0.52108455,0.8525698,-0.03994474,0.003388375,0.048866868,0.99879956,0.85349834,0.52032363,-0.028352618
1356594213242,-0.5426114,0.7936308,-0.27517822,-0.13109183,0.24357593,0.9609816,0.8296914,0.55751324,-0.028128564
1356594213290,-0.50975496,0.6711038,-0.53830266,-0.30380648,0.44496918,0.8424394,0.8048923,0.5929774,-0.022939622
