1356765413556,0.32918766,0.08338928,0.9405751,0.94425595,-0.024838954,-0.32827365,-0.0040115416,0.99620736,-0.08691746
1356765413598,0.48321825,0.07800627,0.87201786,0.8754907,-0.0384769,-0.48170075,-0.0040231645,0.9962101,-0.086886525
1356765413637,0.4831068,0.07785547,0.8720931,0.87555194,-0.038311914,-0.4816026,-0.004083842,0.9962283,-0.08667529
1356765413679,0.48277485,0.07727414,0.87232864,0.87573427,-0.037779763,-0.48131296,-0.0042366683,0.9962938,-0.08591074
1356765413717,0.48229873,0.07606295,0.8726983,0.8759955,-0.036813423,-0.48091245,-0.004452646,0.99642324,-0.0843859
1356765413757,0.4815188,0.07414484,0.8732939,0.8764231,-0.03537287,-0.480241,-0.0047165453,0.99662,-0.08201498
1356765413798,0.4806791,0.0718936,0.8739445,0.8768822,-0.03368719,-0.4795236,-0.0050339997,0.9968433,-0.07923499
1356765413837,0.4798571,0.06975275,0.8745694,0.8773299,-0.031988263,-0.4788204,-0.005423039,0.99705124,-0.076545954
1356765413877,0.47884643,0.06794405,0.8752655,0.87787896,-0.030379176,-0.477918,-0.005881816,0.9972265,-0.0741936
1356765413919,0.47728467,0.066429675,0.87623423,0.87872547,-0.028827414,-0.4764562,-0.006391287,0.99737465,-0.07213235
1356765413957,0.47504613,0.06514642,0.87754613,0.8799337,-0.02731821,-0.4743106,-0.0069267154,0.99750173,-0.07030198
1356765413997,0.4724549,0.064222455,0.87901187,0.8813231,-0.025961265,-0.4718004,-0.0074798763,0.9975979,-0.06886625
1356765414037,0.47004783,0.06387696,0.88032657,0.8826041,-0.024907574,-0.46945667,-0.008060694,0.9976469,-0.06808582
1356765414078,0.4682076,0.06423497,0.88128066,0.8835761,-0.024261579,-0.4676588,-0.008658826,0.9976399,-0.06811595
1356765414117,0.46690518,0.06520414,0.8819002,0.88425964,-0.024062917,-0.4663752,-0.009188473,0.9975817,-0.06889248
1356765414160,0.4687612,0.06686583,0.8807905,0.8832731,-0.024686262,-0.46820843,-0.009563744,0.99745655,-0.070632756
1356765414197,0.46657872,0.06906533,0.881779,0.88442624,-0.025474146,-0.4659842,-0.009720802,0.9972868,-0.0729689
1356765414237,0.4654152,0.07147393,0.8822019,0.88504016,-0.026739746,-0.46474624,-0.009627461,0.997084,-0.07570243
1356765414277,0.46452814,0.07374707,0.8824823,0.88550806,-0.028058693,-0.46377602,-0.0094408095,0.9968822,-0.07833767
1356765414317,0.46359995,0.07564649,0.8828095,0.8859936,-0.02889052,-0.46279642,-0.00950408,0.996716,-0.080415905
1356765414357,0.46244848,0.07694283,0.8833014,0.886588,-0.02871196,-0.46166822,-0.010160774,0.9966221,-0.08149442
1356765414398,0.46089542,0.077388644,0.8840738,0.88738024,-0.027301446,-0.4602293,-0.011480033,0.9966272,-0.08125627
1356765414438,0.45892787,0.07690054,0.8851392,0.8883764,-0.024988696,-0.45843536,-0.013135463,0.9967256,-0.07978466
1356765414499,0.45677793,0.07565874,0.88635755,0.8894621,-0.022570059,-0.45645127,-0.014529407,0.99687827,-0.0776051
1356765414519,0.45485982,0.07414377,0.8874712,0.8904356,-0.021008104,-0.45462406,-0.015063405,0.9970262,-0.07557598
1356765414559,0.45338452,0.07296044,0.88832384,0.89119965,-0.021074668,-0.45312133,-0.014338732,0.99711215,-0.07457721
1356765414599,0.45206523,0.07262117,0.8890238,0.89190185,-0.023201838,-0.45163342,-0.012171179,0.9970896,-0.075259686
1356765414639,0.4501866,0.07343799,0.8899095,0.8928958,-0.027743042,-0.44940788,-0.008314818,0.99691385,-0.078062
1356765414668,0.44613212,0.07498899,0.89181995,0.8949597,-0.033328056,-0.44490045,-0.0036400855,0.9966273,-0.081980854
1356765414699,0.44115677,0.077255726,0.8940985,0.8974274,-0.040405065,-0.43930802,0.0021870434,0.9961922,-0.087156355
1356765414729,0.4346177,0.080136776,0.8970427,0.9005665,-0.049011707,-0.43194652,0.009350836,0.99557817,-0.09346983
1356765414759,0.42615256,0.08346346,0.90079284,0.90447426,-0.059004754,-0.4224271,0.01789388,0.9947624,-0.10063556
1356765414799,0.41585073,0.08730546,0.90523255,0.90895915,-0.07202545,-0.41061616,0.029350728,0.9935744,-0.10930893
1356765414829,0.40016612,0.091338515,0.91187954,0.91554725,-0.08381662,-0.39338014,0.040499926,0.9922862,-0.11716527
1356765414859,0.3834662,0.09504452,0.91865134,0.92215,-0.09424773,-0.3751757,0.050922424,0.9910015,-0.12378612
1356765414898,0.36535168,0.097946614,0.9257022,0.92886806,-0.103536785,-0.3556461,0.061009943,0.98979115,-0.1288068
1356765414926,0.34432274,0.10058436,0.9334477,0.93627834,-0.110346854,-0.33347633,0.06946048,0.9887904,-0.13216987
1356765414967,0.32312465,0.101855665,0.94085914,0.94328225,-0.11473483,-0.31153584,0.07621759,0.9881606,-0.1331523
1356765415007,0.30097392,0.10204351,0.948157,0.9501895,-0.1164985,-0.2890811,0.080960095,0.9879347,-0.1320236
1356765415048,0.27973047,0.101427376,0.9547059,0.956433,-0.11601558,-0.26791108,0.08358723,0.9880551,-0.12946159
1356765415087,0.2609858,0.10047826,0.9600992,0.9616704,-0.113729715,-0.24951065,0.084121436,0.98841774,-0.12630883
1356765415127,0.24576443,0.09969884,0.9641888,0.96577114,-0.11033845,-0.23475853,0.082981974,0.988881,-0.12340352
1356765415167,0.23422608,0.099137604,0.9671142,0.9687943,-0.10677871,-0.22368732,0.081091404,0.98932815,-0.12105432
1356765415207,0.2254731,0.098166645,0.96929103,0.9709694,-0.10421252,-0.21530917,0.079876125,0.9896984,-0.1188139
1356765415247,0.21786618,0.09561542,0.97128373,0.97262776,-0.103668034,-0.20796236,0.08080667,0.9900054,-0.115583956
1356765415288,0.20964372,0.0901711,0.9736111,0.97411,-0.10542685,-0.199987,0.084611654,0.9903304,-0.10993868
1356765415327,0.1997354,0.0808827,0.9765059,0.975667,-0.10840362,-0.19058484,0.09044182,0.99081105,-0.100566566
1356765415367,0.18864888,0.067769885,0.9797034,0.97734773,-0.11040974,-0.18055779,0.095932454,0.9915729,-0.08706337
1356765415407,0.17852259,0.051927328,0.98256457,0.9789983,-0.10929042,-0.17209882,0.09844825,0.9926526,-0.07034758
1356765415448,0.17249385,0.035045296,0.984387,0.98030066,-0.103720814,-0.16808525,0.09621078,0.9939889,-0.052246153
1356765415498,0.17330354,0.018532306,0.9846941,0.98088133,-0.093123496,-0.17087993,0.088531286,0.9954821,-0.03431666
1356765415529,0.18318105,0.0034351647,0.9830731,0.9801434,-0.0778622,-0.182363,0.07591784,0.99695814,-0.017629772
1356765415569,0.20319417,-0.009511411,0.9790923,0.97731245,-0.05907169,-0.20339867,0.05977124,0.9982084,-0.0027074218
1356765415599,0.23337355,-0.019853204,0.9721845,0.97139204,-0.040459484,-0.23400956,0.043979943,0.9989839,0.009843081
1356765415629,0.26645705,-0.027456135,0.9634557,0.9634187,-0.022201985,-0.2670795,0.028723568,0.9993764,0.020535886
1356765415659,0.30256668,-0.032737434,0.95256585,0.9530233,-0.0044365227,-0.30286443,0.014141083,0.99945414,0.029857188
1356765415699,0.34004882,-0.036871225,0.9396847,0.9404074,0.014209002,-0.33975285,-8.248687E-4,0.999219,0.03950569
1356765415739,0.38126153,-0.042738676,0.9234788,0.9243638,0.032566667,-0.38011974,-0.013828814,0.99855536,0.0519225
1356765415769,0.41961992,-0.051660955,0.90622854,0.9074109,0.04906553,-0.41737038,-0.022902817,0.99745864,0.06746659
1356765415799,0.4438864,-0.06833631,0.8934736,0.8957126,0.06250727,-0.44021803,-0.025765806,0.9957023,0.08895576
1356765415839,0.44047055,-0.10622683,0.8914603,0.8976406,0.06877878,-0.43532845,-0.015069991,0.9919603,0.12564856
1356765415878,0.41066846,-0.16208813,0.8972619,0.91174257,0.06353685,-0.40581837,0.008769095,0.9847287,0.17387518
1356765415919,0.36362076,-0.2223287,0.90462685,0.9306737,0.044662654,-0.3631137,0.04032761,0.9739482,0.2231558
1356765415959,0.3175044,-0.26865116,0.9094051,0.94562304,0.018273413,-0.3247511,0.070626765,0.9630642,0.25984457
1356765415999,0.2884425,-0.28960106,0.9126513,0.9529723,-0.0057275295,-0.30300346,0.092977315,0.95713043,0.27432966
1356765416029,0.2723626,-0.2919136,0.91684514,0.9561461,-0.024562597,-0.29185796,0.107717454,0.9561292,0.2724222
1356765416059,0.2747782,-0.27717286,0.92069113,0.95448786,-0.03686416,-0.29596266,0.11597338,0.9601126,0.25442868
1356765416089,0.29211202,-0.24858573,0.9235127,0.9489825,-0.044564813,-0.31216392,0.11875567,0.96758413,0.22288558
1356765416147,0.3322608,-0.19942576,0.9218633,0.93623024,-0.04876119,-0.34798735,0.11434886,0.9786989,0.17050706
1356765416167,0.37664843,-0.14095086,0.91557026,0.9203307,-0.055609643,-0.38716787,0.105486184,0.98845357,0.10877614
1356765416208,0.41575876,-0.08285579,0.90569293,0.9044471,-0.06690124,-0.42130724,0.095499665,0.9943135,0.047123864
1356765416245,0.44356036,-0.032304198,0.8956621,0.8919741,-0.081528544,-0.44467443,0.08738685,0.99614733,-0.007348314
1356765416288,0.45813572,0.00720191,0.8888531,0.8850264,-0.09673554,-0.4553796,0.08270407,0.9952841,-0.050691888
1356765416327,0.45991412,0.03506428,0.8872708,0.88423324,-0.10957727,-0.45400918,0.081305236,0.99335957,-0.08140111
1356765416367,0.45101944,0.052443743,0.890972,0.88871884,-0.118351966,-0.44291246,0.082220346,0.99158573,-0.09998673
1356765416407,0.4337186,0.061176628,0.8989692,0.8970908,-0.12272474,-0.42446068,0.08435866,0.9905535,-0.108109
1356765416447,0.4100454,0.062844455,0.90989745,0.90791565,-0.12317824,-0.4006447,0.08690128,0.9903927,-0.10756612
1356765416496,0.3812978,0.05817893,0.9226197,0.92010796,-0.12052414,-0.37265974,0.08951697,0.99100417,-0.0994865
1356765416529,0.34878647,0.047843605,0.9359802,0.9326607,-0.11591846,-0.34162423,0.092152804,0.99210584,-0.08505267
1356765416569,0.31527787,0.03361419,0.94840395,0.94432724,-0.11015791,-0.3100183,0.09405318,0.9933455,-0.06647313
1356765416599,0.28632653,0.01980421,0.9579274,0.9534769,-0.10432434,-0.28283945,0.09433371,0.99434614,-0.04875365
1356765416639,0.26226172,0.0060858727,0.9649776,0.96073925,-0.09547737,-0.2605077,0.09054804,0.99541306,-0.030887038
1356765416669,0.24655461,-0.0058968067,0.96911097,0.96540576,-0.08607507,-0.24613568,0.084867716,0.99627113,-0.015529394
1356765416699,0.23768711,-0.015935391,0.9712111,0.9682504,-0.07582122,-0.23820657,0.07743433,0.9969941,-0.0025922656
1356765416729,0.2360211,-0.023929417,0.97145325,0.9693251,-0.064751804,-0.23709902,0.06857699,0.9976144,0.007912606
1356765416769,0.24179015,-0.029348612,0.9698846,0.9686871,-0.050813407,-0.24302918,0.056415737,0.99827677,0.016143471
1356765416799,0.25830185,-0.033079922,0.96549773,0.96505266,-0.036889493,-0.25944662,0.04419923,0.99877167,0.022395283
1356765416839,0.27861458,-0.034448653,0.959785,0.9599446,-0.020884335,-0.27941045,0.029669821,0.9991882,0.02725014
1356765416869,0.30475122,-0.03480801,0.95179576,0.952307,-0.0050596,-0.3050999,0.015435576,0.99938124,0.03160599
1356765416909,0.3285014,-0.036261827,0.9438071,0.9445032,0.011919022,-0.3282857,6.5502524E-4,0.99927115,0.038164914
1356765416949,0.3470265,-0.04391256,0.93682665,0.9377867,0.028319567,-0.3460547,-0.0113343,0.99863386,0.051008314
1356765416989,0.35137817,-0.06490159,0.9339814,0.9361001,0.04120305,-0.34931213,-0.01581201,0.9970407,0.07523221
1356765417029,0.33343855,-0.10480788,0.936928,0.9427346,0.045899898,-0.33037052,-0.008379459,0.99343264,0.11411083
1356765417069,0.2900573,-0.1619362,0.9432091,0.95693266,0.03660339,-0.28799328,0.012111902,0.98612213,0.16557911
1356765417109,0.22780913,-0.22396052,0.9475994,0.972818,0.010803282,-0.23131853,0.041569114,0.97453827,0.22033396
1356765417139,0.16266048,-0.27292594,0.94818413,0.9842416,-0.022666037,-0.1753703,0.06935465,0.96176803,0.26493815
1356765417179,0.11211777,-0.30016428,0.9472755,0.9893542,-0.055286467,-0.13461673,0.09277865,0.952284,0.2907702
1356765417218,0.07793009,-0.30141693,0.9503024,0.99104756,-0.080225706,-0.10671744,0.10840517,0.9501114,0.29246652
1356765417259,0.06431556,-0.27770084,0.9585122,0.991008,-0.095157266,-0.09406504,0.117331356,0.9559431,0.26908365
1356765417299,0.06891817,-0.2343342,0.9697101,0.9901916,-0.10234904,-0.09510681,0.12153566,0.96675336,0.22498205
1356765417339,0.0858143,-0.17918068,0.98006636,0.98882025,-0.10508245,-0.10579249,0.12194377,0.97818804,0.16815996
1356765417378,0.10840124,-0.12036657,0.9867934,0.9868938,-0.10633445,-0.12138271,0.11954048,0.9870182,0.107262194
1356765417419,0.13141108,-0.064391315,0.9892345,0.98452634,-0.10821664,-0.13782969,0.11592668,0.9920398,0.04917407
1356765417459,0.15096161,-0.01576078,0.98841405,0.9821058,-0.11150047,-0.1517761,0.112600714,0.99363947,-0.0013535619
1356765417497,0.16446096,0.022974998,0.986116,0.9802002,-0.115572274,-0.16078168,0.11027366,0.99303335,-0.04152727
1356765417524,0.17176455,0.052226692,0.98375267,0.97912693,-0.11919683,-0.16462883,0.10866219,0.9914961,-0.07161036
1356765417568,0.1721439,0.07114273,0.9824995,0.9791489,-0.12156716,-0.16275421,0.10786083,0.9900304,-0.090586424
1356765417607,0.1654594,0.081680745,0.98282826,0.9803326,-0.12232,-0.15487349,0.10756931,0.98912394,-0.100313276
1356765417647,0.15268475,0.08513108,0.9846015,0.98237264,-0.12179732,-0.14180818,0.10784948,0.98889744,-0.10222706
1356765417687,0.1344814,0.08257377,0.9874697,0.9848813,-0.120951325,-0.124014765,0.10919535,0.9892181,-0.09759107
1356765417727,0.11176482,0.07496834,0.9909028,0.9874512,-0.12033549,-0.10227135,0.111573696,0.98989856,-0.08747679
1356765417767,0.08613622,0.063714325,0.994244,0.98986036,-0.11860907,-0.07815561,0.11294675,0.9908947,-0.073284835
1356765417807,0.05986938,0.05061534,0.99692214,0.9921429,-0.11292848,-0.053848803,0.109855294,0.9923131,-0.056978643
1356765417847,0.035296142,0.037229747,0.9986832,0.99435973,-0.10131532,-0.031366438,0.10001412,0.99415743,-0.04059574
1356765417887,0.014433205,0.024411082,0.9995978,0.99638104,-0.08409941,-0.012332946,0.08376452,0.99615836,-0.025536597
1356765417927,-9.6935034E-4,0.0125385225,0.99992096,0.99800134,-0.06316769,0.0017595887,0.06318477,0.99792415,-0.012452185
1356765417969,-0.009607196,0.0016165972,0.99995255,0.99914193,-0.04027456,0.0096645355,0.04028833,0.99918735,-0.0012282729
1356765418017,-0.011085451,-0.0095330775,0.99989307,0.9998268,-0.015058458,0.010941178,0.014952511,0.9998412,0.009698361
1356765418057,-0.0017783642,-0.020557076,0.9997871,0.9999639,0.008269191,0.0019487739,-0.008307457,0.9997545,0.020541668
1356765418097,0.011677742,-0.03245029,0.99940515,0.9995036,0.02962631,-0.010717005,-0.029260963,0.99903417,0.03278011
1356765418137,0.026828289,-0.047215253,0.9985244,0.9985528,0.047841787,-0.024566859,-0.04661122,0.99773836,0.048430473
1356765418177,0.037859768,-0.06876361,0.9969144,0.9976454,0.059694678,-0.033770055,-0.05718839,0.99584544,0.07086164
1356765418217,0.03451729,-0.10270774,0.9941125,0.99780715,0.05975139,-0.028472245,-0.056475252,0.99291533,0.104545
1356765418258,0.005499959,-0.15225542,0.98832595,0.99914384,0.041365027,8.122027E-4,-0.04100585,0.9874753,0.15235245
1356765418297,-0.05162549,-0.21095434,0.9761317,0.99859834,5.1754713E-4,0.052925587,-0.011670053,0.9774958,0.2106319
1356765418337,-0.12316227,-0.2627792,0.95696294,0.9920615,-0.057278752,0.111950964,0.025395274,0.9631543,0.26774773
1356765418377,-0.18804473,-0.29419398,0.93706405,0.9802475,-0.11573547,0.16037509,0.061270148,0.94871235,0.3101463
1356765418417,-0.23176485,-0.3019369,0.9247266,0.9686874,-0.15865642,0.19097912,0.089050174,0.9400332,0.3292534
1356765418457,-0.24763191,-0.28859246,0.9248744,0.962911,-0.17888206,0.20199877,0.10714817,0.9405932,0.3221858
1356765418500,-0.23136759,-0.2568155,0.9383575,0.9657945,-0.17671835,0.1897673,0.11708972,0.9501665,0.28891787
1356765418537,-0.19009274,-0.21312982,0.9583529,0.9743281,-0.16088581,0.15748179,0.120621294,0.96368635,0.23824158
1356765418577,-0.12623751,-0.16090724,0.9788631,0.98493207,-0.13791305,0.10434979,0.118207365,0.9772865,0.17589244
1356765418617,-0.04880774,-0.10473961,0.9933013,0.99255866,-0.11616135,0.036522508,0.11155793,0.98769236,0.10962978
1356765418657,0.031531155,-0.049442768,0.99827915,0.994158,-0.10159963,-0.03643298,0.103226125,0.99359596,0.045950383
1356765418697,0.10316026,3.1396747E-4,0.9946647,0.9901062,-0.09566188,-0.10265729,0.0951193,0.9954138,-0.010179371
1356765418737,0.15660459,0.04111731,0.9868051,0.98375905,-0.09522331,-0.15215349,0.08771071,0.9946064,-0.055361897
1356765418777,0.18724671,0.071674764,0.9796945,0.9789744,-0.09577164,-0.18010232,0.08091816,0.9928194,-0.0881007
1356765418817,0.19486868,0.09233278,0.9764737,0.9779369,-0.09469032,-0.18620703,0.07526961,0.9912156,-0.10874784
1356765418857,0.18180308,0.104059786,0.9778135,0.98071194,-0.091769546,-0.17257583,0.07177529,0.9903282,-0.118736684
1356765418897,0.1514458,0.1077449,0.9825758,0.9858972,-0.088077426,-0.14229959,0.07121071,0.99026936,-0.119564325
1356765418937,0.10788515,0.104126185,0.9886954,0.99143136,-0.08494523,-0.09923753,0.0736517,0.99092984,-0.11239833
1356765418977,0.05688572,0.09458014,0.99389064,0.99535763,-0.0827837,-0.049091876,0.07763481,0.9920693,-0.09885028
1356765419017,0.0053216517,0.08101788,0.9966985,0.99676776,-0.080328315,0.0012075305,0.080160886,0.99347043,-0.08118355
1356765419075,-0.040567875,0.06528038,0.99704194,0.9960796,-0.07586491,0.045495898,0.07861051,0.9949789,-0.06194675
1356765419097,-0.076327205,0.04848042,0.9959035,0.99443936,-0.06898147,0.079573005,0.072556615,0.9964392,-0.042945683
1356765419138,-0.09810722,0.031620055,0.9946734,0.99316347,-0.06041962,0.099879,0.063255996,0.9976721,-0.025476277
1356765419175,-0.1023137,0.01588729,0.9946253,0.99339545,-0.050572038,0.10299498,0.051936567,0.998594,-0.010608137
1356765419218,-0.086191714,0.0021552444,0.99627626,0.99551463,-0.038968325,0.0862101,0.039008975,0.99923813,0.0012131333
1356765419257,-0.046968102,-0.009208947,0.9988539,0.9985918,-0.025126696,0.04672414,0.02466762,0.99964184,0.010376096
1356765419297,0.015823185,-0.01821345,0.99970895,0.99983686,-0.008428454,-0.015978754,0.0087170005,0.9997986,0.018077075
1356765419337,0.1022118,-0.025452554,0.99443704,0.99472815,0.010944694,-0.10196161,-0.0082886815,0.99961615,0.026437014
1356765419377,0.20485303,-0.0332655,0.97822726,0.9784907,0.03178969,-0.20382711,-0.024317116,0.9989408,0.039062172
1356765419417,0.30583748,-0.04728231,0.950909,0.95142496,0.05232826,-0.30340153,-0.03541395,0.99751,0.06098947
1356765419457,0.37873763,-0.076159686,0.9223652,0.92477167,0.07078123,-0.37388134,-0.03681144,0.99458015,0.097237855
1356765419501,0.4009607,-0.1269469,0.90725684,0.9157444,0.082945615,-0.3931058,-0.025349468,0.98843545,0.14950883
1356765419539,0.3788516,-0.19086942,0.9055608,0.9254465,0.082880855,-0.36970183,-0.0044888854,0.9781102,0.20803899
1356765419579,0.332998,-0.25198057,0.9086353,0.94270754,0.06815049,-0.32658553,0.020369232,0.96532965,0.26023793
1356765419619,0.3013162,-0.2918228,0.907771,0.9525989,0.050194085,-0.30005997,0.04199961,0.9551545,0.2931143
1356765419659,0.30802983,-0.30350545,0.9016662,0.9496435,0.04090607,-0.3106507,0.057400584,0.95195115,0.30082232
1356765419699,0.35539117,-0.28891993,0.8889445,0.9322467,0.040454775,-0.35955456,0.06792045,0.95649815,0.28372192
1356765419739,0.4284533,-0.25451076,0.86697865,0.90039134,0.03992477,-0.43324518,0.075651675,0.9662454,0.24626523
1356765419779,0.5063442,-0.20927629,0.83655185,0.8584821,0.03077516,-0.51191914,0.08138752,0.97737217,0.19524278
1356765419819,0.5738814,-0.16173655,0.8028084,0.8144672,0.010422021,-0.580116,0.08545905,0.9867789,0.13771012
1356765419859,0.6242807,-0.117823124,0.77226377,0.776142,-0.018765941,-0.6302788,0.0887537,0.9928572,0.079732284
1356765419899,0.6563642,-0.080607235,0.75012565,0.7487644,-0.052174166,-0.6607796,0.09240085,0.99537945,0.026110604
1356765419939,0.67197,-0.050679713,0.73884225,0.7342273,-0.084786385,-0.6735886,0.096780986,0.9951095,-0.0197635
1356765419979,0.6740464,-0.02703026,0.7381943,0.7317327,-0.11238943,-0.6722617,0.101136625,0.9932965,-0.055976763
1356765420031,0.6649674,-0.00831154,0.7468261,0.73957384,-0.13212276,-0.6599804,0.10415816,0.99119854,-0.08171034
1356765420059,0.6445363,0.007854134,0.76453334,0.7572894,-0.14425933,-0.6369474,0.10528839,0.98950875,-0.09892826
1356765420098,0.61856943,0.020332128,0.785467,0.77887106,-0.14766659,-0.6095526,0.10359377,0.9888282,-0.10717814
1356765420139,0.5824529,0.029346734,0.8123345,0.80670714,-0.1436393,-0.57322884,0.09986079,0.98919487,-0.107337326
1356765420179,0.5343028,0.03377098,0.84461826,0.8398415,-0.13450794,-0.5259028,0.095847666,0.99033684,-0.10023022
1356765420219,0.47484758,0.03297028,0.8794502,0.8751937,-0.12271938,-0.46794862,0.09249717,0.9918936,-0.087128386
1356765420259,0.41010356,0.028000236,0.91160905,0.9077332,-0.10954046,-0.4049954,0.08851817,0.99358785,-0.07033965
1356765420299,0.34960538,0.020720333,0.93666786,0.93331647,-0.09502393,-0.3462524,0.081831396,0.9952593,-0.052559495
1356765420339,0.3022248,0.0125852525,0.9531536,0.9505211,-0.07940179,-0.30034167,0.071902156,0.9967633,-0.03595975
1356765420379,0.2746385,0.0046429634,0.96153635,0.9596928,-0.06340501,-0.2738057,0.059694946,0.997977,-0.021869272
1356765420418,0.27105704,-0.0021633506,0.9625609,0.96144575,-0.047564656,-0.27085,0.04636979,0.9988659,-0.010812819
1356765420458,0.29258573,-0.007297218,0.95621145,0.9556796,-0.031977355,-0.29266706,0.032712728,0.999462,-0.002382338
1356765420498,0.33744276,-0.010587573,0.94128644,0.94116056,-0.016054869,-0.33757824,0.018686384,0.99981505,0.0045470297
1356765420536,0.40394843,-0.012080669,0.91470194,0.91476786,-1.770854E-4,-0.4039799,0.0050423443,0.99992704,0.010979474
1356765420577,0.47795627,-0.012570858,0.8782937,0.8783459,0.01610884,-0.47775406,-0.008142471,0.9997912,0.018740892
1356765420617,0.5504722,-0.015616298,0.8347074,0.83463895,0.03295976,-0.5498104,-0.018925756,0.9993347,0.031177416
1356765420657,0.60592884,-0.028456539,0.79500973,0.79517686,0.050964817,-0.60423195,-0.023323178,0.99829495,0.05350904
1356765420697,0.63040936,-0.060208976,0.77392435,0.7760919,0.06981021,-0.6267439,-0.016292214,0.9957416,0.0907367
1356765420737,0.61680293,-0.11538145,0.778615,0.7871022,0.08422752,-0.6110449,0.00492242,0.9897438,0.14276877
1356765420777,0.56949544,-0.1858216,0.80071545,0.8211681,0.08494368,-0.56432915,0.036848843,0.97890484,0.20096584
1356765420817,0.5089619,-0.2507917,0.8234447,0.8579608,0.07031673,-0.50887996,0.06972095,0.96548384,0.25095803
1356765420857,0.4628793,-0.29104477,0.8372788,0.8814381,0.051109254,-0.4695263,0.09386039,0.95534337,0.2801953
1356765420897,0.44896173,-0.2992943,0.8419361,0.88724846,0.037605107,-0.45975658,0.105941385,0.95341957,0.28243163
1356765420937,0.46884552,-0.27784413,0.8384429,0.8766853,0.030599385,-0.48009008,0.10773438,0.96013874,0.25792825
1356765420977,0.5121624,-0.23411876,0.8263644,0.8528586,0.024817288,-0.5215519,0.10159695,0.9718912,0.21238065
1356765421017,0.56391525,-0.17805833,0.8064085,0.8209427,0.014760166,-0.5708198,0.08973649,0.9839092,0.15449917
1356765421057,0.61107,-0.11972982,0.7824694,0.78794974,-0.0025131255,-0.61573446,0.07568821,0.99280334,0.092805386
1356765421097,0.64507675,-0.06740126,0.7611393,0.7614397,-0.02662316,-0.64768887,0.06391898,0.9973707,0.034148023
1356765421137,0.6628185,-0.025632054,0.7483413,0.74655485,-0.054372147,-0.6630986,0.057685435,0.99819183,-0.016903162
1356765421177,0.66517836,0.0047941804,0.7466692,0.74445784,-0.08142738,-0.66268563,0.057622224,0.99666786,-0.05773282
1356765421217,0.6549313,0.025313824,0.7552643,0.75312304,-0.104146406,-0.6495839,0.062214613,0.99423975,-0.087273166
1356765421257,0.6348163,0.03779739,0.77173805,0.76953375,-0.12073107,-0.62709004,0.069470376,0.9919655,-0.10572843
1356765421297,0.6066714,0.043721646,0.79374945,0.7911266,-0.13105102,-0.5974481,0.07790026,0.99041104,-0.11409426
1356765421337,0.57116485,0.04385081,0.8196633,0.8162508,-0.13573535,-0.5615252,0.08663392,0.9897742,-0.113320544
1356765421377,0.5282238,0.038487792,0.84823245,0.84375113,-0.13579857,-0.5192714,0.09520316,0.98998857,-0.10420616
1356765421417,0.4788507,0.028287709,0.8774405,0.871853,-0.1323972,-0.47153303,0.10283208,0.990793,-0.08806121
1356765421457,0.4276486,0.01535511,0.9038147,0.8975365,-0.12606037,-0.42253634,0.10744718,0.99190366,-0.0676913
1356765421500,0.38127097,0.0020875633,0.92446095,0.9183159,-0.115986675,-0.3784747,0.106435,0.9932486,-0.04613939
1356765421539,0.34630445,-0.009716302,0.93807185,0.9328431,-0.102366,-0.3454344,0.09938303,0.99469924,-0.026385963
1356765421579,0.32666728,-0.019514352,0.94493794,0.94113207,-0.08525303,-0.32711217,0.086942226,0.99616814,-0.009483784
1356765421619,0.3261186,-0.02705121,0.94494176,0.9426608,-0.06574184,-0.32721347,0.070973665,0.99746996,0.004060447
1356765421659,0.3466788,-0.032034665,0.9374367,0.93648493,-0.04465711,-0.3478529,0.05300659,0.9984886,0.014518321
1356765421699,0.38856307,-0.034189314,0.92078763,0.92079973,-0.022317857,-0.38939676,0.033863187,0.99916613,0.022809595
1356765421739,0.4501001,-0.033168077,0.8923619,0.89286745,9.888113E-4,-0.45031834,0.014053851,0.99944925,0.030059785
1356765421779,0.5258803,-0.029170364,0.85005826,0.8505404,0.024569467,-0.52533555,-0.0055612326,0.99927247,0.037731186
1356765421819,0.60509765,-0.024656177,0.7957694,0.795818,0.04765162,-0.6036581,-0.023035824,0.9985596,0.0484557
1356765421859,0.67302614,-0.02594015,0.73916364,0.73880136,0.0705473,-0.67022055,-0.034760356,0.9971711,0.0666448
1356765421897,0.71556216,-0.04294792,0.6972276,0.69763756,0.09490943,-0.71013665,-0.0356746,0.99455905,0.097875655
1356765421937,0.7238927,-0.084501356,0.6847181,0.689569,0.11993666,-0.71421975,-0.021770298,0.98917884,0.14509079
1356765421977,0.6975624,-0.14870414,0.70092356,0.716504,0.13742979,-0.68391174,0.0053726733,0.97928554,0.20241293
1356765422018,0.648573,-0.21801761,0.7292608,0.7602211,0.13816328,-0.6348028,0.037641138,0.9661155,0.2553506
1356765422076,0.59981763,-0.27001145,0.7532016,0.7974324,0.12439942,-0.5904458,0.06572929,0.9547872,0.28993285
1356765422098,0.5705899,-0.29293466,0.7672134,0.8167944,0.10540745,-0.5672179,0.08528775,0.95030445,0.29941183
1356765422138,0.56610155,-0.2875498,0.7725569,0.81859857,0.085721165,-0.5679333,0.09708461,0.9539219,0.28391474
1356765422175,0.58142763,-0.2604809,0.7707734,0.80703723,0.06457883,-0.58695877,0.10311583,0.9633169,0.24776566
1356765422218,0.60854685,-0.21917027,0.76265,0.78662807,0.0402458,-0.61611396,0.104340464,0.9748562,0.196897
1356765422257,0.63758045,-0.17192811,0.750954,0.76362824,0.0122345835,-0.6455403,0.10179889,0.9850336,0.13908967
1356765422297,0.66314876,-0.12448889,0.7380625,0.74216694,-0.01851359,-0.6699593,0.09706667,0.99204826,0.08011428
1356765422337,0.6804489,-0.08145589,0.72825426,0.72699845,-0.049719483,-0.68483675,0.09199238,0.9954361,0.02538672
1356765422377,0.68729734,-0.045206726,0.7249682,0.7210604,-0.07806465,-0.6884605,0.087717384,0.99592286,-0.02105686
1356765422417,0.68311393,-0.016261846,0.73013073,0.72540236,-0.10061909,-0.6809311,0.08453828,0.9947921,-0.056937918
1356765422457,0.6680046,0.0058154464,0.7441345,0.73958147,-0.11590971,-0.66301155,0.08239663,0.99324274,-0.08172925
1356765422500,0.6419722,0.021552712,0.76642495,0.762401,-0.12399115,-0.63511497,0.081341445,0.9920493,-0.09603068
1356765422539,0.60502017,0.0316945,0.7955791,0.7919984,-0.12659524,-0.59725386,0.08178684,0.991448,-0.10169469
1356765422579,0.5576025,0.035874605,0.8293326,0.8257775,-0.12588981,-0.54976654,0.0846819,0.99139535,-0.09982087
1356765422619,0.5008238,0.03462276,0.8648565,0.86088586,-0.12350792,-0.4935801,0.08972752,0.9917394,-0.091661945
1356765422659,0.4397319,0.029387504,0.89764816,0.8931744,-0.11914706,-0.43363976,0.09420854,0.99244165,-0.07864097
1356765422699,0.38164333,0.022028565,0.92404723,0.91944486,-0.11148217,-0.37708485,0.094708115,0.9935223,-0.0628005
1356765422739,0.33307585,0.01362884,0.9428016,0.93860364,-0.10013673,-0.3301453,0.08990955,0.9948804,-0.04614523
1356765422779,0.2989037,0.0046074986,0.95427215,0.9508428,-0.08627564,-0.2974129,0.080960125,0.99626064,-0.0301691
1356765422818,0.28285697,-0.0045311153,0.9591514,0.9566399,-0.071139246,-0.28245234,0.0695132,0.9974561,-0.015787542
1356765422859,0.28734553,-0.013015211,0.95773864,0.9561581,-0.05510384,-0.28762022,0.056518465,0.9983959,-0.0033893287
1356765422899,0.31286997,-0.020019293,0.94958496,0.9488483,-0.038061798,-0.31342962,0.042417586,0.9990748,0.007086873
1356765422939,0.3574851,-0.024766415,0.9335904,0.933512,-0.020029396,-0.35798645,0.02756524,0.99949265,0.015959501
1356765422977,0.41607958,-0.02713725,0.90892315,0.90924096,-0.0014250875,-0.41626763,0.01259166,0.9996307,0.02408138
1356765423017,0.4786725,-0.02926141,0.8775058,0.8779929,0.017169058,-0.47836572,-0.0010683239,0.9994244,0.03390962
1356765423057,0.53025204,-0.037452847,0.8470124,0.8477756,0.035739794,-0.5291494,-0.01045385,0.998659,0.050702736
1356765423097,0.5548648,-0.061591983,0.82965744,0.8318648,0.054532513,-0.55229264,-0.011226505,0.9966106,0.081494376
1356765423137,0.54127795,-0.10941106,0.83369505,0.8408437,0.07017505,-0.53670967,2.1740794E-4,0.99151635,0.12998183
1356765423177,0.49106136,-0.17564368,0.8532339,0.8708272,0.07336852,-0.4860834,0.022776961,0.98171604,0.18898371
1356765423217,0.42275542,-0.23989955,0.87391424,0.9048995,0.059238255,-0.4214829,0.04934436,0.96898866,0.24212824
1356765423258,0.36153203,-0.28143215,0.88887036,0.9296142,0.035697877,-0.36680126,0.07149887,0.9589169,0.27452922
1356765423297,0.32175726,-0.29224342,0.9005921,0.9429243,0.012683988,-0.33276546,0.08582541,0.95625985,0.27964455
1356765423337,0.30378288,-0.2748365,0.91223943,0.948117,-0.0070155263,-0.317844,0.09375501,0.96146536,0.25844598
1356765423377,0.30035055,-0.23639876,0.92406994,0.9488372,-0.024934769,-0.3147796,0.097454965,0.9713361,0.21681477
1356765423417,0.30328134,-0.18513548,0.9347434,0.94783664,-0.042390436,-0.31592533,0.09811315,0.9817983,0.16262196
1356765423457,0.3067425,-0.12833917,0.9431002,0.94686806,-0.0595178,-0.31606728,0.096695065,0.9899427,0.10326362
1356765423501,0.30766457,-0.07133213,0.9488173,0.9468032,-0.075953424,-0.31272167,0.09437305,0.9945566,0.044169307
1356765423539,0.29961222,-0.020992994,0.95383,0.9495879,-0.09013671,-0.30026355,0.09227857,0.9957081,-0.007071346
1356765423579,0.2852472,0.020555705,0.9582336,0.95415854,-0.1006366,-0.2818753,0.09063926,0.99471086,-0.048319697
1356765423619,0.26255545,0.052327693,0.963497,0.9607809,-0.106531054,-0.2560296,0.0892449,0.9929315,-0.07824576
1356765423659,0.23222154,0.074444056,0.96980983,0.9686829,-0.107806444,-0.2236763,0.08790046,0.9913807,-0.097147614
1356765423699,0.19541436,0.087640285,0.976797,0.9769031,-0.10519099,-0.18599758,0.086449385,0.9905826,-0.106171906
1356765423739,0.15365198,0.09278503,0.9837591,0.98444784,-0.10018423,-0.14431047,0.08516735,0.99063313,-0.1067355
1356765423779,0.1089873,0.09080678,0.98988676,0.990413,-0.09494683,-0.10033536,0.084875435,0.99133205,-0.10028425
1356765423819,0.064017385,0.0829331,0.99449676,0.99429667,-0.090479225,-0.056459248,0.085298955,0.9924392,-0.088252366
1356765423859,0.021623313,0.07078579,0.9972571,0.996227,-0.08538282,-0.015540421,0.0840486,0.9938305,-0.072364986
1356765423899,-0.015636623,0.055987924,0.998309,0.99676764,-0.07781476,0.019976556,0.07880154,0.9953945,-0.054590225
1356765423938,-0.045707464,0.040082753,0.9981504,0.9965361,-0.067661405,0.048350632,0.06947428,0.9969029,-0.036851287
1356765423979,-0.06700289,0.0244838,0.99745226,0.9961039,-0.055807948,0.06828228,0.057337612,0.9981413,-0.020649076
1356765424017,-0.07849598,0.010360211,0.99686056,0.9959562,-0.04301703,0.07887182,0.043699086,0.9990206,-0.006941676
1356765424057,-0.08007628,-0.0017263889,0.99678725,0.99634963,-0.029817998,0.07998949,0.02958411,0.99955386,0.004107833
1356765424097,-0.07208145,-0.011575878,0.9973316,0.9972741,-0.016642094,0.071884155,0.015765578,0.9997945,0.01274395
1356765424137,-0.055413783,-0.019420296,0.99827456,0.99846077,-0.0034338832,0.055357337,0.0023529232,0.99980557,0.019580722
1356765424177,-0.032455027,-0.026956826,0.9991096,0.99941444,0.009966791,0.032733828,-0.010840327,0.99958694,0.026617527
1356765424217,-0.008602738,-0.038456053,0.9992233,0.9997035,0.02243197,0.009470165,-0.02277881,0.9990085,0.03825161
1356765424257,0.0061204433,-0.060753435,0.998134,0.9995402,0.030012608,-0.004302293,-0.029695243,0.9977015,0.06090927
1356765424297,-0.0018319488,-0.10042602,0.9949429,0.9996682,0.025381029,0.0044025183,-0.025694817,0.9946208,0.10034618
1356765424337,-0.041585505,-0.15637353,0.9868222,0.9991108,3.6144257E-4,0.04216063,-0.006949544,0.98769796,0.15621942
1356765424377,-0.10547817,-0.21409386,0.9711015,0.99415153,-0.045459986,0.09795946,0.02317375,0.9757547,0.21763682
1356765424417,-0.17139971,-0.2554454,0.9515092,0.9836836,-0.097965956,0.15089518,0.054670036,0.96184736,0.2680688
1356765424457,-0.21979421,-0.2724383,0.93673253,0.97238076,-0.13847286,0.18788537,0.07852486,0.9521568,0.29534927
1356765424503,-0.24019629,-0.2661974,0.933512,0.96627724,-0.15751153,0.20371142,0.092811435,0.9509622,0.29505417
1356765424539,-0.22935414,-0.24118474,0.94298804,0.968156,-0.15641463,0.19546992,0.100352764,0.9577914,0.2693788
1356765424579,-0.18888795,-0.20245695,0.96090186,0.9765177,-0.14196533,0.16204631,0.10360739,0.96894634,0.22451836
1356765424619,-0.12536132,-0.15546864,0.9798541,0.9866602,-0.12292653,0.1067279,0.10385716,0.98016256,0.16880491
1356765424659,-0.04779935,-0.10524958,0.99329644,0.993578,-0.10711378,0.03646311,0.10255796,0.98866034,0.10969356
1356765424699,0.03250575,-0.05657363,0.99786913,0.99432003,-0.09940672,-0.038025945,0.101346165,0.9934373,0.053020984
1356765424739,0.10375556,-0.013625592,0.9945096,0.98946583,-0.1000801,-0.10460058,0.100955874,0.99488616,0.0030981898
1356765424779,0.15745318,0.021115988,0.98730063,0.9823458,-0.105621815,-0.15440401,0.1010201,0.9941821,-0.037373662
1356765424819,0.18976489,0.046961784,0.98070574,0.97661126,-0.11187348,-0.18361539,0.1010921,0.99261206,-0.067093015
1356765424859,0.20063886,0.06435725,0.977549,0.97440886,-0.11633745,-0.19233519,0.10134739,0.9911224,-0.08605206
1356765424899,0.19227952,0.07428324,0.9785247,0.9759965,-0.11839223,-0.1827952,0.10227105,0.99018455,-0.09526461
1356765424939,0.16798669,0.07778695,0.9827154,0.98025715,-0.118644714,-0.15817511,0.10429007,0.9898851,-0.0961819
1356765424979,0.1322079,0.07619107,0.98828936,0.9854146,-0.11787215,-0.12273604,0.10714039,0.9901015,-0.0906634
1356765425027,0.08598083,0.06819993,0.9939598,0.9903962,-0.114269495,-0.07783204,0.10827115,0.9911061,-0.0773699
1356765425085,0.03972119,0.05931583,0.9974487,0.9937593,-0.10647762,-0.033242285,0.10423422,0.99254423,-0.06317499
1356765425107,0.0017886758,0.049753904,0.99875987,0.99568915,-0.09270918,0.002835244,0.09273526,0.9944494,-0.049705237
1356765425144,-0.02516973,0.040052384,0.9988805,0.99687314,-0.073860705,0.028080761,0.07490274,0.99646395,-0.038068116
1356765425175,-0.03908193,0.03107205,0.9987527,0.99764276,-0.055207193,0.040756047,0.05640468,0.99799126,-0.028841197
1356765425218,-0.043952942,0.023004085,0.9987687,0.9984224,-0.033952415,0.044719726,0.03493941,0.9991586,-0.021475494
1356765425257,-0.033518612,0.015835613,0.99931264,0.9993478,-0.01290971,0.033724397,0.013434887,0.99979126,-0.015392542
1356765425297,-0.009386927,0.009891629,0.999907,0.9999341,0.0067072213,0.009320766,-0.006614417,0.9999286,-0.009953916
1356765425337,0.02738291,0.0052568316,0.9996112,0.9993258,0.024320602,-0.027503014,-0.024455726,0.9996904,-0.0045873523
1356765425377,0.07239637,5.5217743E-4,0.99737585,0.99658734,0.039719135,-0.07236108,-0.03965488,0.9992107,0.002325207
1356765425417,0.115983784,-0.008714765,0.9932128,0.9919616,0.051953137,-0.11538175,-0.050594926,0.99861145,0.014670491
1356765425457,0.14116085,-0.0307765,0.98950815,0.98856175,0.057990193,-0.13922215,-0.05309698,0.99784267,0.03861043
1356765425502,0.12951142,-0.07298592,0.9888882,0.99068666,0.05180043,-0.12592372,-0.04203421,0.9959868,0.07901487
1356765425539,0.07303786,-0.13354567,0.98834765,0.9972099,0.025106072,-0.0703004,-0.015425205,0.9907246,0.13500679
1356765425579,-0.011309385,-0.19560185,0.9806181,0.9997065,-0.023221374,0.0068976283,0.021422148,0.9804084,0.19580713
1356765425619,-0.09186536,-0.23946634,0.9665488,0.9941107,-0.07809144,0.075137466,0.057486296,0.967759,0.24522999
1356765425659,-0.1479317,-0.25792617,0.9547724,0.9854235,-0.120440006,0.120144635,0.08400434,0.9586284,0.27198339
1356765425699,-0.1738388,-0.25300634,0.95171833,0.9797671,-0.14176702,0.14127457,0.099179,0.95702136,0.27253196
1356765425739,-0.17189163,-0.2290496,0.9581177,0.9794316,-0.14406717,0.14127445,0.105674386,0.96269464,0.2491023
1356765425779,-0.1489206,-0.19094604,0.9702383,0.98311466,-0.13410568,0.12450454,0.106340796,0.97239673,0.20769289
1356765425819,-0.1134845,-0.14377046,0.98308253,0.9881604,-0.119158685,0.0966444,0.10324827,0.9824109,0.15559098
1356765425859,-0.073866606,-0.09252423,0.9929668,0.9923838,-0.10524416,0.06401658,0.09858084,0.9901328,0.09959361
1356765425899,-0.037717044,-0.042176962,0.99839807,0.9947951,-0.096226156,0.0335159,0.094658405,0.9944655,0.045586795
1356765425939,-0.011022449,0.0029120445,0.999935,0.9955988,-0.093040526,0.011245608,0.09306723,0.99565804,-0.0018736422
1356765425979,0.0031778216,0.03990966,0.9991982,0.99556214,-0.09410441,5.9247017E-4,0.09405264,0.99476206,-0.040031612
1356765426019,0.004946828,0.06781128,0.9976859,0.99530673,-0.09675658,0.0016413331,0.096643955,0.9929953,-0.06797168
1356765426059,-0.0033534765,0.08705366,0.99619794,0.9950439,-0.09871316,0.011975706,0.099380344,0.9913009,-0.086291194
1356765426099,-0.019043565,0.09859094,0.9949458,0.99470174,-0.098680735,0.028817326,0.10102314,0.99022317,-0.09618938
1356765426139,-0.04046786,0.103119016,0.99384546,0.99403846,-0.096628785,0.050501734,0.1012418,0.98996437,-0.09859395
1356765426178,-0.06663728,0.10114229,0.99263775,0.9926686,-0.09382212,0.076199114,0.10083833,0.99043804,-0.094148755
1356765426219,-0.09634477,0.09330788,0.9909648,0.99026763,-0.09147692,0.10489032,0.10043749,0.991426,-0.083586514
1356765426259,-0.1271596,0.081101775,0.98856103,0.98692405,-0.08918333,0.1342656,0.09905234,0.9927078,-0.06870079
1356765426299,-0.15587759,0.066471756,0.98553723,0.98320943,-0.085390806,0.16126877,0.09487563,0.9941277,-0.052045107
1356765426339,-0.17944694,0.051219106,0.9824334,0.9798975,-0.07918763,0.18311223,0.08717543,0.995543,-0.03597951
1356765426379,-0.1954689,0.036688596,0.9800234,0.97771585,-0.07073629,0.19765681,0.07657492,0.99682015,-0.022044301
1356765426419,-0.20253736,0.023579419,0.9789907,0.97717255,-0.06060034,0.20362079,0.0641284,0.99788356,-0.010767341
1356765426459,-0.200544,0.011690974,0.979615,0.9783707,-0.049381673,0.20087862,0.050723553,0.9987116,-0.0015348792
1356765426502,-0.19050539,1.6793609E-4,0.9816861,0.98100007,-0.037349224,0.19037858,0.03669724,0.99930227,0.0069504976
1356765426539,-0.17381501,-0.011844128,0.9847071,0.9845334,-0.024390459,0.17349091,0.021962613,0.99963236,0.015900373
1356765426579,-0.1530379,-0.025443524,0.9878927,0.9881979,-0.0106619,0.1528106,0.0066447854,0.99961936,0.026774943
1356765426619,-0.13292009,-0.042904764,0.9901977,0.9910989,0.0017485619,0.13311675,-0.0074427724,0.9990777,0.04229039
1356765426659,-0.12280518,-0.06844807,0.99006754,0.9923034,0.0075207353,0.12360245,-0.015906394,0.99762636,0.06699765
1356765426698,-0.13535285,-0.10635069,0.9850732,0.9907162,-0.0017876625,0.13593513,-0.012695879,0.9943271,0.105605245
1356765426739,-0.17834276,-0.15521038,0.9716499,0.98395085,-0.034033835,0.17516401,0.005881697,0.98729503,0.15878904
1356765426779,-0.24297506,-0.203616,0.9484216,0.9693588,-0.08739877,0.2295754,0.036145657,0.975142,0.2186127
1356765426818,-0.3082388,-0.23794398,0.9210708,0.9488816,-0.14602286,0.27982306,0.06791517,0.9602395,0.27079058
1356765426859,-0.357674,-0.2526023,0.89903355,0.92929244,-0.19123858,0.3159798,0.09211272,0.9484829,0.30314252
1356765426897,-0.38448173,-0.24881655,0.8889681,0.9169596,-0.21411926,0.33665743,0.106579214,0.9445864,0.31047952
1356765426937,-0.3871827,-0.22943199,0.89300096,0.914924,-0.21539706,0.34134763,0.11403373,0.94919187,0.29331082
1356765426977,-0.3680572,-0.19730055,0.90862876,0.9224231,-0.20035928,0.33013868,0.11691576,0.95965016,0.25573838
1356765427018,-0.3327685,-0.15554038,0.9300926,0.9358673,-0.1756233,0.3054649,0.11583385,0.9720924,0.20400712
1356765427057,-0.2882412,-0.107384086,0.9515175,0.9510846,-0.14745343,0.27146915,0.111153066,0.98322237,0.14463359
1356765427097,-0.24229133,-0.0564771,0.9685583,0.9646038,-0.121126354,0.23423913,0.10408881,0.99102914,0.083825886
1356765427137,-0.20302546,-0.0069383383,0.97914886,0.97441864,-0.09985882,0.20133701,0.09637964,0.9949775,0.0270347
