1356765600186,0.64557505,0.06718224,0.7607361,-0.7358144,-0.21198788,0.6431471,0.20447496,-0.9749603,-0.08742041
1356765600338,0.16451257,-0.05966118,0.984569,-0.96494853,-0.21665406,0.14810571,0.20447475,-0.97442365,-0.09321228
1356765600377,0.14033818,-0.06955996,0.9876571,-0.9687617,-0.21564585,0.12246552,0.20446545,-0.9739909,-0.09765035
1356765600419,0.12006101,-0.07819462,0.9896822,-0.971491,-0.2145311,0.10090411,0.20442745,-0.973582,-0.10172221
1356765600457,0.09885174,-0.08609688,0.99137056,-0.9738972,-0.2129404,0.07861629,0.20433423,-0.97326446,-0.10489905
1356765600497,0.076176584,-0.09257451,0.99278754,-0.97597396,-0.21077055,0.055232733,0.20413727,-0.97314215,-0.10640606
1356765600538,0.051200926,-0.09739199,0.9939282,-0.977677,-0.20796323,0.029986143,0.20378006,-0.973276,-0.10586581
1356765600577,0.024029613,-0.10082346,0.994614,-0.97883314,-0.2046389,0.0029041767,0.20324397,-0.973631,-0.10360673
1356765600617,-0.0041445494,-0.10330126,0.9946415,-0.9792646,-0.20104158,-0.02496019,0.20254272,-0.97412074,-0.10032603
1356765600658,-0.03258294,-0.10562715,0.9938718,-0.9789038,-0.19731128,-0.0530622,0.20170698,-0.9746338,-0.09696978
1356765600697,-0.06051737,-0.10851449,0.99225116,-0.9777536,-0.19356924,-0.08080226,0.20083752,-0.97506696,-0.09438613
1356765600737,-0.08544713,-0.11158022,0.9900751,-0.97606397,-0.19009197,-0.105661064,0.19999492,-0.9754051,-0.092666715
1356765600777,-0.10602057,-0.11422354,0.98778164,-0.97418505,-0.18717772,-0.12620583,0.1993064,-0.9756626,-0.09143013
1356765600817,-0.12141985,-0.11607039,0.98579144,-0.9724672,-0.18510634,-0.14157376,0.19890878,-0.97583973,-0.09039903
1356765600857,-0.13172746,-0.117132425,0.9843413,-0.9711244,-0.18400407,-0.15185446,0.19890994,-0.97592133,-0.08951175
1356765600899,-0.13740927,-0.117321014,0.9835418,-0.97023726,-0.18394518,-0.15749222,0.19939488,-0.97590977,-0.08855349
1356765600937,-0.1388405,-0.116268516,0.9834658,-0.9698355,-0.1849522,-0.15878192,0.20035553,-0.97584546,-0.087082505
1356765600977,-0.13650662,-0.11367899,0.98409504,-0.9699008,-0.18686342,-0.15612343,0.20163935,-0.97578645,-0.08474928
1356765601016,-0.13115168,-0.10977128,0.9852662,-0.97036827,-0.18923491,-0.15025178,0.20294014,-0.9757768,-0.08170003
1356765601057,-0.12819022,-0.10622826,0.98604405,-0.970564,-0.1909703,-0.14675128,0.20389423,-0.9758309,-0.07862085
1356765601097,-0.115470886,-0.10126206,0.9881359,-0.97209,-0.19300812,-0.13337487,0.20422405,-0.97595793,-0.07614905
1356765601138,-0.105205834,-0.097374976,0.9896715,-0.9733408,-0.19388151,-0.122546166,0.20381194,-0.9761803,-0.07438156
1356765601177,-0.09720266,-0.09440386,0.99077725,-0.9744066,-0.19370985,-0.114053726,0.2026904,-0.97650623,-0.07315862
1356765601226,-0.09169692,-0.09244901,0.9914861,-0.97529763,-0.19260359,-0.10815865,0.20096299,-0.97691196,-0.07250407
1356765601259,-0.0885762,-0.09160009,0.9918486,-0.97603035,-0.19075108,-0.10477999,0.1987941,-0.97735536,-0.072508425
1356765601299,-0.086634934,-0.09161803,0.9920184,-0.97670543,-0.18841285,-0.102698535,0.19631809,-0.97780704,-0.07316074
1356765601329,-0.08340955,-0.09173033,0.9922845,-0.9774642,-0.18624485,-0.09938088,0.19392413,-0.9782119,-0.07412848
1356765601359,-0.07854307,-0.09196457,0.9926598,-0.97833,-0.1842395,-0.09447801,0.19157577,-0.9785695,-0.075500935
1356765601399,-0.071097136,-0.09270215,0.9931524,-0.97938895,-0.18222839,-0.08712125,0.1890569,-0.9788765,-0.07783559
1356765601438,-0.05613047,-0.0930036,0.9940822,-0.98082006,-0.18100345,-0.07231584,0.186658,-0.9790751,-0.08105996
1356765601468,-0.033938408,-0.09225607,0.99515676,-0.98221266,-0.18091774,-0.050268948,0.18467915,-0.9791617,-0.08447501
1356765601497,-0.010927856,-0.0916926,0.9957274,-0.98302066,-0.1814236,-0.027494967,0.18316948,-0.979121,-0.08815315
1356765601537,0.012272477,-0.09200615,0.99568284,-0.9831658,-0.18265367,-0.0047599077,0.18230307,-0.9788629,-0.0926989
1356765601578,0.039667845,-0.09192684,0.9949753,-0.9824693,-0.18511367,0.022066385,0.18215504,-0.9784081,-0.097658366
1356765601617,0.067989945,-0.09158602,0.99347335,-0.9808028,-0.18855202,0.049740613,0.1827659,-0.97778326,-0.102647424
1356765601657,0.094790936,-0.0910601,0.99132377,-0.9783172,-0.19272554,0.07584402,0.18414706,-0.97701836,-0.10735431
1356765601699,0.11845204,-0.09040752,0.9888355,-0.97532535,-0.19744048,0.09878203,0.18630546,-0.97613716,-0.11156398
1356765601737,0.13824627,-0.08962345,0.98633444,-0.97216475,-0.20249596,0.11786038,0.18916574,-0.9751733,-0.11512303
1356765601777,0.15411174,-0.08868003,0.9840657,-0.9691206,-0.20760405,0.13306278,0.192496,-0.97418493,-0.117935866
1356765601817,0.16635165,-0.08760789,0.982167,-0.9663912,-0.21246633,0.14472803,0.19599807,-0.9732332,-0.120007664
1356765601858,0.17531121,-0.086553246,0.980701,-0.96410525,-0.21686244,0.15320498,0.19941682,-0.9723576,-0.12146485
1356765601897,0.1812875,-0.08570835,0.97968817,-0.9623394,-0.22066805,0.15877196,0.2025778,-0.97157586,-0.12248486
1356765601937,0.184499,-0.0852713,0.9791266,-0.961168,-0.22367391,0.16163543,0.20522225,-0.97092676,-0.123227626
1356765601977,0.18507528,-0.085543066,0.97899413,-0.96070254,-0.22546333,0.1619167,0.20687637,-0.9704889,-0.123909175
1356765602017,0.18312797,-0.086984396,0.9792333,-0.9610746,-0.2254552,0.15970513,0.20688134,-0.97036266,-0.12488568
1356765602057,0.17893276,-0.090052485,0.9797314,-0.9623487,-0.2231197,0.15524992,0.20461673,-0.97062254,-0.12658533
1356765602097,0.17314628,-0.09486845,0.9803164,-0.9644264,-0.2182068,0.14922309,0.19975516,-0.97128046,-0.12927526
1356765602137,0.16705757,-0.10089162,0.9807714,-0.96701884,-0.21074998,0.14303523,0.19226655,-0.97231954,-0.13277146
1356765602177,0.16239855,-0.10707319,0.9808986,-0.9697318,-0.20101824,0.13860694,0.1823374,-0.97371817,-0.13647738
1356765602226,0.1607346,-0.1123828,0.98057866,-0.9721732,-0.18957096,0.13763028,0.17042199,-0.9754142,-0.13972613
1356765602259,0.16319177,-0.11591542,0.97976124,-0.9739351,-0.17750219,0.14122108,0.15754005,-0.97727,-0.14186099
1356765602299,0.17007351,-0.11700195,0.9784608,-0.9747159,-0.16600335,0.14957228,0.1449275,-0.9791596,-0.1422764
1356765602339,0.18073308,-0.11544868,0.97673285,-0.9744123,-0.15594274,0.1618714,0.13362655,-0.98099613,-0.14067861
1356765602386,0.19280145,-0.112510085,0.97476614,-0.9733499,-0.14763603,0.17548075,0.124167204,-0.98262155,-0.13797611
1356765602407,0.20545217,-0.1073764,0.9727588,-0.9718159,-0.13979068,0.18982244,0.11560017,-0.98434186,-0.13307038
1356765602444,0.21752113,-0.10130367,0.9707843,-0.97013366,-0.13183475,0.20361811,0.1073558,-0.9860818,-0.12695497
1356765602475,0.2270624,-0.09602305,0.9691348,-0.9687433,-0.12434423,0.21465054,0.09989491,-0.98758197,-0.12125558
1356765602518,0.23427373,-0.091599226,0.9678458,-0.9677088,-0.11724478,0.22314426,0.09303498,-0.98886967,-0.116108805
1356765602557,0.23896903,-0.08826211,0.9670076,-0.96701,-0.11212385,0.22873572,0.088235795,-0.9897667,-0.11214453
1356765602597,0.24246082,-0.085408896,0.9663944,-0.96627986,-0.11027363,0.23268625,0.08669439,-0.9902247,-0.10926592
1356765602638,0.24629539,-0.08221784,0.9657012,-0.96517146,-0.11150229,0.23666722,0.08821964,-0.9903572,-0.10681683
1356765602677,0.25141016,-0.078247905,0.9647125,-0.96357214,-0.11417678,0.2418521,0.09122336,-0.99037415,-0.10410267
1356765602717,0.2579834,-0.07324314,0.963369,-0.961535,-0.116800904,0.24861214,0.094313234,-0.99045086,-0.10055855
1356765602758,0.26579595,-0.066432804,0.9617376,-0.9590485,-0.11950147,0.25679815,0.09786922,-0.99060893,-0.095475286
1356765602797,0.2742092,-0.056741983,0.9599947,-0.9560915,-0.12345445,0.26579735,0.1034337,-0.9907267,-0.08810291
1356765602837,0.28191704,-0.043633044,0.95844615,-0.9528764,-0.12937278,0.27438915,0.11202443,-0.99063563,-0.0780493
1356765602877,0.28724468,-0.027499795,0.95746243,-0.9498551,-0.13711572,0.28102428,0.123555064,-0.9901733,-0.06550658
1356765602917,0.28870684,-0.009449005,0.95737094,-0.94752514,-0.14619356,0.2842948,0.13727516,-0.98921084,-0.051160246
1356765602957,0.28544956,0.009169668,0.95834994,-0.94624996,-0.15598285,0.283338,0.15208426,-0.9877172,-0.03584844
1356765602997,0.277485,0.027353972,0.9603405,-0.94616115,-0.1656385,0.27810594,0.16667664,-0.98580706,-0.020080984
1356765603037,0.26557082,0.04487899,0.9630462,-0.94719815,-0.17403293,0.26931062,0.17968819,-0.9837166,-0.0037087798
1356765603077,0.25146246,0.06276354,0.96582985,-0.9490533,-0.17980862,0.2587792,0.18990645,-0.9816973,0.014350861
1356765603117,0.23825061,0.083473206,0.9676099,-0.9512129,-0.18104732,0.24983177,0.19603741,-0.9799255,0.03626612
1356765603157,0.2308827,0.11063087,0.9666716,-0.9530275,-0.17446363,0.24759042,0.19604024,-0.97842896,0.06515366
1356765603225,0.23630291,0.14775944,0.9603792,-0.9535912,-0.15455467,0.25841177,0.18661386,-0.97687256,0.10438037
1356765603239,0.26043844,0.19444585,0.94570744,-0.95138896,-0.11511266,0.28567123,0.1644105,-0.9741354,0.15501392
1356765603279,0.30278108,0.24308378,0.92153895,-0.94430023,-0.05428067,0.32457778,0.1289213,-0.96848536,0.2131089
1356765603319,0.3533415,0.28148624,0.89214087,-0.9316689,0.019728392,0.36277232,0.084514946,-0.9593624,0.26922292
1356765603358,0.3982225,0.3009217,0.8665246,-0.9163766,0.088389575,0.39043713,0.040899307,-0.9495437,0.31095636
1356765603399,0.4282559,0.30105028,0.8520362,-0.9036279,0.13503101,0.40647665,0.007318616,-0.94399965,0.32986528
1356765603438,0.43877307,0.2852016,0.85213757,-0.89851147,0.15240523,0.411643,-0.0124690235,-0.9462731,0.32312816
1356765603479,0.42629182,0.25601614,0.8676008,-0.9043776,0.14119625,0.40269703,-0.019405097,-0.9563051,0.291726
1356765603519,0.38934913,0.21556562,0.8955103,-0.92095333,0.10786906,0.37444517,-0.015880316,-0.9705131,0.24052463
1356765603549,0.3417468,0.17244935,0.9238346,-0.9397595,0.070896685,0.33440372,-0.00782913,-0.9824637,0.18628961
1356765603589,0.26772103,0.11948991,0.9560584,-0.9634694,0.02576062,0.2665767,0.00722456,-0.9925012,0.122021556
1356765603628,0.17804524,0.060150325,0.98218215,-0.98371214,-0.0141792,0.17919096,0.024704903,-0.9980886,0.05664605
1356765603669,0.08755854,0.0010158718,0.99615884,-0.9953252,-0.040824026,0.08752689,0.040756136,-0.9991658,-0.0025633276
1356765603709,0.013992459,-0.049949527,0.99865365,-0.9984863,-0.05382815,0.011297733,0.053191394,-0.99730015,-0.050627083
1356765603739,-0.03388828,-0.08879,0.99547374,-0.99749845,-0.05882114,-0.039203674,0.0620358,-0.99431205,-0.086574554
1356765603779,-0.054510355,-0.113031745,0.992095,-0.9962659,-0.060466945,-0.06162867,0.06695497,-0.99174976,-0.10931355
1356765603809,-0.054328293,-0.1273382,0.99037033,-0.99608815,-0.062312633,-0.0626539,0.06969088,-0.9899,-0.12345475
1356765603849,-0.035168856,-0.12998256,0.9908923,-0.9969168,-0.06502685,-0.04391268,0.07014248,-0.9893817,-0.1272949
1356765603879,-0.006349176,-0.1268808,0.99189764,-0.9975349,-0.06851825,-0.015149951,0.06988531,-0.9895487,-0.12613297
1356765603918,0.0306983,-0.1162186,0.99274915,-0.9971247,-0.07240605,0.022357285,0.06928271,-0.990581,-0.1181072
1356765603950,0.0665274,-0.103957266,0.9923543,-0.9953791,-0.07593253,0.058775574,0.06924188,-0.99167895,-0.108528465
1356765603988,0.10127249,-0.0886668,0.9908996,-0.992239,-0.081235915,0.09414032,0.072149575,-0.99274313,-0.09620562
1356765604029,0.13175043,-0.071442455,0.98870516,-0.98804045,-0.09007004,0.12515354,0.080111414,-0.9933697,-0.0824548
1356765604069,0.15535507,-0.05278948,0.9864472,-0.9834386,-0.1026226,0.14938942,0.09334552,-0.9933187,-0.06785819
1356765604109,0.16855595,-0.03400123,0.9851055,-0.9795681,-0.11700985,0.1635699,0.10970542,-0.9925486,-0.05302927
1356765604149,0.16731834,-0.017049164,0.98575544,-0.9777584,-0.13112247,0.16369313,0.12646386,-0.9912196,-0.038609117
1356765604188,0.14839089,-0.0034894645,0.9889226,-0.97871816,-0.14384633,0.14635208,0.14174226,-0.98959386,-0.024760634
1356765604225,0.107550144,0.004517138,0.9941894,-0.9821703,-0.15460509,0.10695243,0.15418983,-0.98796606,-0.012191236
1356765604254,0.060316503,0.011880279,0.9981086,-0.98463696,-0.1634453,0.06144789,0.16386613,-0.98648095,0.0018392801
1356765604288,-0.015255034,0.014038175,0.99978507,-0.9851692,-0.17112017,-0.01262936,0.1709061,-0.9851501,0.016440421
1356765604327,-0.09142542,0.020624429,0.9955983,-0.9804541,-0.17677528,-0.08637276,0.17421582,-0.98403513,0.036383122
1356765604367,-0.17917615,0.033422947,0.98324907,-0.96853554,-0.18146026,-0.17032662,0.1727278,-0.98283017,0.06488463
1356765604407,-0.25841814,0.0607509,0.96412104,-0.95200235,-0.18549442,-0.24348164,0.16404742,-0.9807656,0.1057702
1356765604447,-0.30347127,0.111257166,0.9463229,-0.94176877,-0.18598485,-0.28014496,0.14483353,-0.97623336,0.16121954
1356765604487,-0.2975815,0.18586734,0.93642855,-0.9479532,-0.17390054,-0.2667271,0.11326954,-0.96706355,0.2279431
1356765604527,-0.25461853,0.26708096,0.9294284,-0.9642667,-0.14287603,-0.22310561,0.07320577,-0.95302373,0.29391623
1356765604567,-0.21843916,0.32825035,0.91898644,-0.9752448,-0.106609106,-0.19373208,0.03437972,-0.9385554,0.343412
1356765604607,-0.22714496,0.35597843,0.90646815,-0.97384137,-0.088932335,-0.2091029,0.0061781704,-0.9302529,0.36686704
1356765604647,-0.29629964,0.34794065,0.8894626,-0.9550636,-0.10038805,-0.27888295,-0.007743269,-0.9321263,0.36205047
1356765604687,-0.4217403,0.3030468,0.8545747,-0.9066756,-0.13197392,-0.40065238,-0.008634895,-0.9437932,0.33042377
1356765604727,-0.57421035,0.22597733,0.78690326,-0.8187076,-0.15923458,-0.5516904,6.326735E-4,-0.96102995,0.27644348
1356765604767,-0.71086645,0.13413143,0.6904185,-0.7031223,-0.15921247,-0.69301546,0.016968042,-0.97809005,0.20748961
1356765604807,-0.8065027,0.04904613,0.5891925,-0.59009635,-0.12846881,-0.7970458,0.036600858,-0.9905,0.13255244
1356765604847,-0.8624267,-0.017314449,0.5058857,-0.50314766,-0.07994199,-0.86049503,0.055340543,-0.9966491,0.06023246
1356765604887,-0.8904995,-0.06338386,0.45054764,-0.4496075,-0.029197514,-0.8927489,0.06974073,-0.997562,-0.0024974942
1356765604927,-0.90144414,-0.0927871,0.42283458,-0.4257549,0.013351679,-0.90474004,0.07830262,-0.99559647,-0.051540434
1356765604967,-0.90173525,-0.109985605,0.41806316,-0.42456442,0.04332161,-0.9043608,0.0813555,-0.9929887,-0.08576065
1356765605007,-0.89447725,-0.1185579,0.4311085,-0.43987498,0.060545444,-0.8960158,0.0801281,-0.99109954,-0.10630715
1356765605057,-0.8787838,-0.11835322,0.46231103,-0.471441,0.06499624,-0.8794992,0.07404308,-0.9908421,-0.112914205
1356765605097,-0.8554972,-0.11491045,0.50489616,-0.51350677,0.06286448,-0.85577965,0.06659797,-0.99138474,-0.11278772
1356765605137,-0.82881474,-0.10951091,0.5487016,-0.5563645,0.057247102,-0.828964,0.059369028,-0.9923357,-0.10837525
1356765605178,-0.8025598,-0.10498209,0.587262,-0.59396255,0.048645616,-0.80302066,0.05573505,-0.9932837,-0.1013965
1356765605228,-0.78212315,-0.1040518,0.614375,-0.6202706,0.03575802,-0.7835724,0.05956328,-0.99392885,-0.09250742
1356765605259,-0.77134776,-0.10748583,0.62727135,-0.6323071,0.01764381,-0.7745168,0.07218212,-0.99405,-0.08157349
1356765605298,-0.7711645,-0.11399415,0.6263472,-0.6300702,-0.0042753816,-0.7765264,0.09119731,-0.9934723,-0.06852734
1356765605356,-0.7807827,-0.121662855,0.61284304,-0.6146387,-0.026638806,-0.7883588,0.11223939,-0.99221396,-0.053979576
1356765605377,-0.7988773,-0.12912029,0.5874716,-0.5869148,-0.046398878,-0.8083181,0.13162832,-0.9905428,-0.03871554
1356765605418,-0.82325387,-0.13556905,0.5512478,-0.54813564,-0.06273115,-0.83403367,0.14764954,-0.98877996,-0.022666574
1356765605455,-0.8506854,-0.14034835,0.5065932,-0.5007446,-0.07690942,-0.8621716,0.15996614,-0.98711056,-0.0048529506
1356765605498,-0.8771868,-0.1424233,0.4585399,-0.44957295,-0.09172183,-0.88852197,0.16860436,-0.9855469,0.016427577
1356765605537,-0.89939564,-0.1397229,0.41420412,-0.4014498,-0.110967994,-0.90913373,0.1729902,-0.98395306,0.043712318
1356765605577,-0.91487104,-0.12760136,0.38305196,-0.36572802,-0.14000118,-0.92013186,0.17103782,-0.9818949,0.08141571
1356765605617,-0.9224098,-0.09905304,0.3732944,-0.3518709,-0.18290246,-0.9180052,0.15920766,-0.97812843,0.13385713
1356765605657,-0.92001843,-0.046895474,0.38905883,-0.3680747,-0.23731321,-0.89900136,0.13448791,-0.97030056,0.20107156
1356765605697,-0.90463436,0.028886318,0.4252085,-0.41465294,-0.2902105,-0.86246204,0.09848662,-0.95652676,0.27451217
1356765605737,-0.87737936,0.112080365,0.46652275,-0.47605768,-0.3245204,-0.8173467,0.059787646,-0.9392148,0.33808422
1356765605777,-0.84790057,0.17773691,0.49947387,-0.5293759,-0.33491063,-0.77948445,0.02873598,-0.92533475,0.37806064
1356765605817,-0.82661706,0.21092318,0.52174306,-0.5626678,-0.32698536,-0.7592665,0.0104554,-0.9211906,0.38897127
1356765605857,-0.81676584,0.2105437,0.53718245,-0.576953,-0.30504984,-0.757674,0.004343897,-0.92877126,0.37062812
1356765605897,-0.8152236,0.18308929,0.5494442,-0.5790956,-0.2702729,-0.769156,0.0076756775,-0.94521475,0.32635897
1356765605937,-0.8170063,0.13733464,0.5600358,-0.5763488,-0.22476214,-0.78568715,0.017972767,-0.96468717,0.2627846
1356765605977,-0.8183197,0.08157486,0.5689451,-0.5738266,-0.17244661,-0.8006156,0.03280258,-0.9816353,0.18792629
1356765606017,-0.84327775,0.018310249,0.53716594,-0.5352528,-0.11945593,-0.8362025,0.0488566,-0.99267066,0.110535204
1356765606057,-0.81812817,-0.028915048,0.5743083,-0.5716178,-0.067837775,-0.8177109,0.06260398,-0.99727726,0.03897178
1356765606097,-0.7968007,-0.069673866,0.6002118,-0.59996283,-0.026784658,-0.7995794,0.071786225,-0.99721014,-0.020459712
1356765606137,-0.7780344,-0.09986892,0.6202327,-0.6235807,0.0029875636,-0.7817532,0.07621989,-0.9949961,-0.064600706
1356765606177,-0.7607963,-0.11903712,0.63798046,-0.64438593,0.021659434,-0.7643936,0.077172905,-0.99265355,-0.09318429
1356765606228,-0.7439693,-0.12849244,0.6557434,-0.6638609,0.030296981,-0.7472422,0.076147914,-0.99124765,-0.10784119
1356765606259,-0.72642124,-0.13017005,0.67480963,-0.6832418,0.03089714,-0.7295382,0.07411432,-0.9910102,-0.11138201
1356765606299,-0.70742154,-0.12619513,0.6954347,-0.7031584,0.026018202,-0.710557,0.0715749,-0.9916642,-0.10714096
1356765606339,-0.6872795,-0.119536966,0.71649,-0.7230251,0.017700374,-0.69059503,0.06986946,-0.99267197,-0.098593354
1356765606379,-0.6673749,-0.113554,0.73601377,-0.74125785,0.0060731173,-0.67119294,0.07174671,-0.9935133,-0.0882259
1356765606419,-0.6490666,-0.10997346,0.7527406,-0.7565869,-0.009830058,-0.65381926,0.07930219,-0.99388593,-0.07682419
1356765606459,-0.6329972,-0.10821316,0.76655364,-0.7686908,-0.029571593,-0.6389366,0.09180957,-0.9936878,-0.064463735
1356765606499,-0.61959434,-0.10719058,0.77756864,-0.77763426,-0.05085337,-0.6266569,0.10671371,-0.9929371,-0.051846623
1356765606539,-0.60930115,-0.106573015,0.7857444,-0.78350306,-0.071499586,-0.6172607,0.12196371,-0.9917308,-0.03993553
1356765606579,-0.60195947,-0.105965585,0.79146445,-0.7867168,-0.09113377,-0.61055005,0.13682643,-0.9901848,-0.0285061
1356765606619,-0.5964622,-0.104154795,0.7958547,-0.78827393,-0.110753536,-0.60527515,0.15118602,-0.9883752,-0.016042173
1356765606659,-0.5910044,-0.09922686,0.80054224,-0.789654,-0.13158554,-0.59927607,0.16480401,-0.9863262,-5.8728456E-4
1356765606699,-0.583233,-0.08789897,0.8075351,-0.792837,-0.15474218,-0.58946097,0.17677277,-0.9840368,0.020561278
1356765606739,-0.57005626,-0.06405634,0.8191047,-0.80056775,-0.18085563,-0.5712989,0.18473503,-0.9814214,0.051816523
1356765606779,-0.5471166,-0.018527627,0.83685124,-0.8165884,-0.20791966,-0.5384725,0.1839745,-0.9779703,0.09862697
1356765606819,-0.5084644,0.056780607,0.8592089,-0.84448195,-0.22787184,-0.48469037,0.1682685,-0.97203416,0.1638149
1356765606859,-0.4494729,0.15776584,0.87925196,-0.88302433,-0.22728944,-0.41061842,0.13506314,-0.9609628,0.24147153
1356765606899,-0.37452865,0.26035398,0.88991237,-0.9226816,-0.19944555,-0.32996985,0.09158012,-0.9446889,0.31492192
1356765606938,-0.2979163,0.3360549,0.89348364,-0.95317674,-0.15567213,-0.25926885,0.05196193,-0.9288882,0.36669692
1356765606968,-0.22841096,0.38029966,0.8962146,-0.97325957,-0.11224228,-0.20041794,0.024374336,-0.9180271,0.39576775
1356765607007,-0.2289676,0.37928462,0.8965026,-0.9733479,-0.10145235,-0.20567241,0.012943953,-0.91970134,0.39240533
1356765607047,-0.16694754,0.35393214,0.92025024,-0.9858792,-0.072292745,-0.15104961,0.013066113,-0.93247294,0.3610034
1356765607087,-0.13360888,0.30223292,0.94382405,-0.99084073,-0.059548974,-0.12119582,0.019574404,-0.95137227,0.30742103
1356765607127,-0.12131488,0.23408994,0.9646163,-0.9921979,-0.05673611,-0.11101511,0.028741062,-0.97055805,0.23914647
1356765607167,-0.123478174,0.15831032,0.9796382,-0.99162364,-0.05738008,-0.11571622,0.03789261,-0.98572075,0.16406941
1356765607229,-0.1340763,0.08308262,0.9874821,-0.989942,-0.056628168,-0.12964582,0.045148015,-0.9949324,0.08983946
1356765607249,-0.14735627,0.015969932,0.98895454,-0.9878257,-0.052784503,-0.14633581,0.04986453,-0.9984782,0.02355367
1356765607289,-0.1587733,-0.037985474,0.9865842,-0.9859152,-0.047094166,-0.16047883,0.052558213,-0.998168,-0.029973209
1356765607328,-0.16553158,-0.07684097,0.9832064,-0.9847274,-0.041665435,-0.16904396,0.053955227,-0.99617237,-0.06877047
1356765607369,-0.16661894,-0.101477414,0.9807856,-0.9845172,-0.03779906,-0.17116377,0.054442048,-0.9941194,-0.0936082
1356765607409,-0.16229278,-0.11437687,0.9800913,-0.9852346,-0.03610921,-0.16735846,0.05453223,-0.992781,-0.106827796
1356765607449,-0.15348524,-0.11836639,0.98103595,-0.9866096,-0.037074387,-0.15883043,0.05517146,-0.9922776,-0.11109102
1356765607489,-0.14155263,-0.11635506,0.9830688,-0.9882777,-0.040756166,-0.1471265,0.057185024,-0.99237114,-0.109221935
1356765607529,-0.12816364,-0.11154243,0.9854605,-0.9898585,-0.047001958,-0.1340557,0.06127146,-0.9926475,-0.10438722
1356765607569,-0.11488396,-0.10636467,0.98766804,-0.9909707,-0.056918442,-0.12139782,0.06912896,-0.99269676,-0.09886527
1356765607610,-0.10272002,-0.10132849,0.98953587,-0.9912418,-0.07257599,-0.11032882,0.08299595,-0.9922023,-0.09298605
1356765607649,-0.09239751,-0.09563142,0.99111927,-0.9904066,-0.09388745,-0.10139012,0.102749735,-0.9909792,-0.08603901
1356765607689,-0.08483225,-0.088820934,0.99242854,-0.9884124,-0.11832565,-0.095078945,0.12587479,-0.98899436,-0.0777539
1356765607729,-0.08106172,-0.08133978,0.99338454,-0.98550266,-0.14249462,-0.09208614,0.14904219,-0.98644775,-0.068609774
1356765607769,-0.08186084,-0.0733597,0.99394023,-0.9820485,-0.16411209,-0.092994034,0.16993964,-0.9837101,-0.058608443
1356765607809,-0.08747971,-0.06402683,0.9941066,-0.97839487,-0.18213534,-0.09782776,0.18732554,-0.9811866,-0.046710372
1356765607849,-0.09749478,-0.051861435,0.9938839,-0.9748213,-0.19625479,-0.10586554,0.20054477,-0.9791805,-0.03142181
1356765607889,-0.11047298,-0.034725904,0.9932723,-0.9716561,-0.20638323,-0.115284204,0.20899808,-0.97785485,-0.010941803
1356765607928,-0.12322593,-0.008685648,0.9923407,-0.96961594,-0.21189111,-0.12225866,0.21133003,-0.97725475,0.017688692
1356765607958,-0.13289863,0.024306744,0.9908315,-0.968982,-0.21334285,-0.12473434,0.20835495,-0.976675,0.05190578
1356765607987,-0.132132,0.06911844,0.9888195,-0.97131735,-0.20798826,-0.11525485,0.19769657,-0.9756862,0.094617754
1356765608027,-0.1109947,0.13971117,0.9839517,-0.979136,-0.18494475,-0.0841912,0.17021433,-0.97276723,0.1573242
1356765608067,-0.06757939,0.224312,0.9721713,-0.98935074,-0.14096487,-0.036248356,0.12891102,-0.9642681,0.2314496
1356765608107,-0.009709656,0.30049613,0.95373356,-0.99647355,-0.082403064,0.015818208,0.08334386,-0.95021665,0.30023652
1356765608147,0.0470891,0.34932795,0.9358165,-0.997851,-0.026282966,0.06002167,0.04556331,-0.9366318,0.34733957
1356765608187,0.08978349,0.36539468,0.9265127,-0.9957094,0.012009144,0.09175289,0.022399366,-0.9307753,0.3649051
1356765608230,0.10877335,0.34906387,0.93076456,-0.99396324,0.02469325,0.10689834,0.014330775,-0.93677354,0.34964263
1356765608269,0.1052624,0.30915713,0.94516754,-0.9943081,0.016977727,0.10518181,0.01647088,-0.9508594,0.3091845
1356765608309,0.075295985,0.24754125,0.9659471,-0.99681574,-0.006811559,0.079447806,0.02624619,-0.9688534,0.24624014
1356765608347,0.0238657,0.17075995,0.9850236,-0.99892354,-0.03513086,0.03029269,0.039777517,-0.9846862,0.16973773
1356765608388,-0.04063803,0.08750537,0.9953348,-0.99778485,-0.056064427,-0.03580916,0.052669346,-0.99458516,0.089589804
1356765608425,-0.106027424,0.0090305805,0.9943222,-0.9924673,-0.06268108,-0.10526031,0.061374664,-0.9979927,0.0156084895
1356765608468,-0.16159153,-0.055461437,0.98529804,-0.9847497,-0.056162953,-0.16466293,0.064469695,-0.99687994,-0.045540214
1356765608507,-0.20145953,-0.101560354,0.9742174,-0.9775028,-0.04258609,-0.2065785,0.06246832,-0.99391747,-0.0906961
1356765608547,-0.22523874,-0.13007638,0.96558154,-0.97264624,-0.027760208,-0.23062643,0.056803852,-0.9911152,-0.1202656
1356765608587,-0.23547411,-0.14447108,0.9610827,-0.97058403,-0.01610738,-0.24022335,0.05018589,-0.9893779,-0.13642842
1356765608627,-0.23525,-0.14860004,0.96050787,-0.97083694,-0.011033118,-0.23948678,0.046185106,-0.9888358,-0.14167088
1356765608667,-0.22714102,-0.14556634,0.96292126,-0.9727135,-0.01409328,-0.23158139,0.047281146,-0.9892481,-0.13839316
1356765608707,-0.2134639,-0.13783258,0.967179,-0.97548527,-0.024136186,-0.21873683,0.053493083,-0.99016136,-0.12930143
1356765608747,-0.19652492,-0.12721106,0.97221154,-0.9784291,-0.038948357,-0.20287803,0.06367439,-0.9911107,-0.116812706
1356765608787,-0.17850435,-0.11461207,0.97724116,-0.9809326,-0.056853294,-0.18584651,0.07685959,-0.9917821,-0.10227811
1356765608827,-0.16174316,-0.100455016,0.9817066,-0.982561,-0.07606995,-0.16966799,0.0917224,-0.9920293,-0.08639932
1356765608868,-0.14926183,-0.08582759,0.98506576,-0.98305273,-0.09435356,-0.15717775,0.10643464,-0.9918322,-0.07028961
1356765608907,-0.14412689,-0.0724324,0.9869048,-0.9822593,-0.11044496,-0.15155438,0.1199761,-0.9912394,-0.055229366
1356765608947,-0.14826381,-0.06130886,0.98704565,-0.9800421,-0.124535084,-0.1549471,0.1324214,-0.9903193,-0.04162121
1356765608987,-0.16182387,-0.051959336,0.9854508,-0.97624487,-0.13737261,-0.16755527,0.14407998,-0.9891557,-0.028494835
1356765609027,-0.18332267,-0.04261151,0.98212886,-0.9707725,-0.14957416,-0.18769243,0.15489897,-0.98783195,-0.013945699
1356765609067,-0.21015447,-0.030706316,0.9771859,-0.96377516,-0.16139531,-0.21234193,0.1642335,-0.98641205,0.004324019
1356765609107,-0.23775178,-0.012213588,0.9712492,-0.9562209,-0.17271358,-0.23624489,0.17063323,-0.9848964,0.029384017
1356765609147,-0.25866765,0.019231975,0.96577483,-0.9506449,-0.18243349,-0.25098243,0.17136282,-0.9830301,0.065472424
1356765609187,-0.26257926,0.07122418,0.96227825,-0.9511666,-0.18682677,-0.24571905,0.1622782,-0.9798076,0.1168029
1356765609231,-0.23625517,0.15089068,0.9599039,-0.9618515,-0.17654419,-0.20898291,0.13793188,-0.9726583,0.1868439
1356765609269,-0.18293369,0.24193317,0.9528922,-0.97777647,-0.14573961,-0.15070856,0.10241279,-0.95928526,0.2632173
1356765609298,-0.11665684,0.32252806,0.93934375,-0.991039,-0.09975898,-0.08882418,0.06505972,-0.94128835,0.33127552
1356765609339,-0.055594265,0.37981945,0.9233886,-0.9979963,-0.049120724,-0.0398812,0.03020987,-0.9237555,0.38178924
1356765609379,-0.010492027,0.4062181,0.91371596,-0.9999189,-0.010861576,-0.0066530704,0.007221788,-0.9137116,0.40629908
1356765609419,0.010086179,0.40258628,0.9153265,-0.9999476,0.0056518316,0.008532852,-0.0017380714,-0.9153646,0.40262225
1356765609459,0.0027618408,0.37136036,0.9284848,-0.9999959,2.2345781E-4,0.0028851628,8.639395E-4,-0.92848885,0.37135938
1356765609499,-0.028963804,0.317202,0.94791555,-0.99951625,-0.01993537,-0.023869514,0.011325568,-0.94814837,0.317626
1356765609539,-0.07916373,0.2455141,0.9661553,-0.9965121,-0.045152724,-0.07017714,0.026395082,-0.96834093,0.24823222
1356765609579,-0.13788104,0.16451713,0.9766898,-0.9895456,-0.06498551,-0.12874955,0.042289168,-0.9842312,0.17175743
1356765609620,-0.19380891,0.08451465,0.9773922,-0.9794761,-0.07289034,-0.18791932,0.055360466,-0.99375266,0.09690684
1356765609659,-0.23667777,0.015546918,0.9714638,-0.96952635,-0.06888449,-0.23510337,0.063263655,-0.9975035,0.0313766
1356765609699,-0.26167846,-0.03707412,0.96444273,-0.9629271,-0.057829678,-0.26349026,0.06554207,-0.9976378,-0.02056688
1356765609739,-0.26871496,-0.072998196,0.9604497,-0.96112394,-0.045422316,-0.27235582,0.06350729,-0.99629724,-0.05795473
1356765609779,-0.2605788,-0.09479299,0.96078765,-0.9636141,-0.03584963,-0.2648824,0.059552908,-0.9948513,-0.08200216
1356765609817,-0.2405672,-0.1055426,0.96487737,-0.9690018,-0.031484365,-0.24503943,0.05624059,-0.9939163,-0.09469688
1356765609857,-0.21185106,-0.10787821,0.9713297,-0.9757414,-0.032796085,-0.21645573,0.055206656,-0.993623,-0.09831333
1356765609897,-0.17772096,-0.10411662,0.9785576,-0.9824192,-0.03899181,-0.18257096,0.05716443,-0.9938005,-0.095356524
1356765609937,-0.14146376,-0.09613094,0.98526484,-0.9879426,-0.049536407,-0.14668146,0.06290716,-0.99413526,-0.08796424
1356765609977,-0.10583085,-0.08479032,0.99076253,-0.99171054,-0.06401402,-0.11141044,0.07286924,-0.99434036,-0.07731283
1356765610017,-0.07335627,-0.07035431,0.99482113,-0.99360394,-0.08071083,-0.078974396,0.08584899,-0.9942515,-0.06398362
1356765610057,-0.047383666,-0.05405271,0.99741316,-0.99390364,-0.09696531,-0.052471757,0.099550724,-0.9938189,-0.04912862
1356765610098,-0.03138101,-0.03804916,0.998783,-0.99314743,-0.111362636,-0.035446376,0.11257589,-0.99305105,-0.03429368
1356765610137,-0.027163029,-0.02376908,0.9993484,-0.99182457,-0.12405461,-0.029909134,0.12468469,-0.9919907,-0.02020508
1356765610177,-0.034230113,-0.010965705,0.99935377,-0.99011254,-0.13573444,-0.035402954,0.13603494,-0.99068457,-0.0062110424
1356765610232,-0.04810679,0.0046769083,0.9988312,-0.98781896,-0.148377,-0.046881706,0.14798433,-0.98891985,0.01175791
1356765610268,-0.0754866,0.020754993,0.99693084,-0.98443526,-0.16068107,-0.071195245,0.15871027,-0.98678815,0.032561213
1356765610298,-0.10150647,0.039376438,0.9940553,-0.98065525,-0.17206436,-0.09332237,0.16736683,-0.98429835,0.0560804
1356765610339,-0.10862112,0.07407287,0.9913197,-0.9794538,-0.17842793,-0.09398848,0.16991705,-0.98116094,0.09193194
1356765610379,-0.08890402,0.13051999,0.98745155,-0.98305833,-0.171036,-0.06590116,0.16028836,-0.97658134,0.14351454
1356765610419,-0.033765256,0.20574194,0.97802365,-0.99045604,-0.13773024,-0.0052208602,0.13362932,-0.96886563,0.2084288
1356765610458,0.04607165,0.27879804,0.959244,-0.994572,-0.07688087,0.07011336,0.09329501,-0.95726746,0.27374274
1356765610499,0.12507725,0.32613066,0.93701357,-0.99082196,-0.007734835,0.13495198,0.051259637,-0.94529307,0.32216996
1356765610539,0.18558848,0.34096956,0.9215729,-0.9824389,0.046010077,0.18082267,0.019253403,-0.93894774,0.3435207
1356765610579,0.22173119,0.3279756,0.91829586,-0.97510636,0.072951436,0.20939356,0.0016849339,-0.94186527,0.33598673
1356765610619,0.23287416,0.29341048,0.92718923,-0.9725036,0.072716594,0.22124407,-0.0025066733,-0.9532169,0.3022766
1356765610659,0.22142193,0.24313274,0.9443827,-0.9751705,0.05137983,0.21541262,0.0038516521,-0.96863127,0.24847251
1356765610699,0.19158572,0.1823383,0.9643898,-0.98132163,0.018164635,0.191515,0.017402709,-0.9830681,0.18241256
1356765610739,0.14913961,0.115847975,0.98200643,-0.98822534,-0.016863436,0.15207341,0.034177452,-0.99312377,0.111968935
1356765610777,0.10275695,0.049393207,0.99347943,-0.9934441,-0.045208007,0.10500094,0.05009955,-0.99775577,0.044423938
1356765610817,0.06339425,-0.010291934,0.99793553,-0.9960598,-0.062791884,0.062627524,0.06201765,-0.99797356,-0.014232039
1356765610857,0.040224284,-0.05755216,0.9975319,-0.99684006,-0.07075176,0.036114454,0.06849864,-0.9958323,-0.060216248
1356765610897,0.037079364,-0.08972672,0.995276,-0.9968749,-0.07284054,0.030572206,0.06975332,-0.99329925,-0.0921472
1356765610937,0.052324653,-0.107176185,0.9928622,-0.996395,-0.072086215,0.04472938,0.06677768,-0.9916234,-0.11056173
1356765610977,0.08102107,-0.11220524,0.9903764,-0.99486077,-0.06964195,0.07349783,0.060724914,-0.99124163,-0.117271036
1356765611017,0.11716524,-0.10793075,0.98723006,-0.9916984,-0.06574312,0.110507995,0.05297637,-0.9919822,-0.11473757
1356765611057,0.15511131,-0.09769964,0.98305404,-0.9868231,-0.06171012,0.149573,0.046051145,-0.9933009,-0.10598424
1356765611097,0.1910941,-0.08372593,0.9779943,-0.9805869,-0.060904264,0.18638664,0.043958634,-0.99462587,-0.093739
1356765611137,0.22347811,-0.0665023,0.9724376,-0.9734005,-0.0669035,0.21912399,0.05048725,-0.99554074,-0.079684794
1356765611177,0.25096732,-0.04603997,0.9669001,-0.9657365,-0.08011085,0.24685073,0.06609419,-0.9957222,-0.064567715
1356765611233,0.27448848,-0.01989761,0.96138453,-0.957162,-0.10149434,0.2711823,0.09217921,-0.99463713,-0.046904266
1356765611268,0.27980536,0.0026038885,0.96005327,-0.9529581,-0.12062752,0.27806464,0.11653286,-0.9926945,-0.03127083
1356765611317,0.27159634,0.019740462,0.9622088,-0.95268136,-0.13629243,0.27170324,0.1365053,-0.99047196,-0.018210173
1356765611337,0.25771517,0.03497061,0.96558785,-0.9539511,-0.14954615,0.26002547,0.15349314,-0.9881362,-0.005180061
1356765611378,0.22878942,0.048826277,0.97225064,-0.9588949,-0.16090986,0.2337274,0.16785675,-0.9857606,0.010004818
1356765611415,0.18888444,0.06456411,0.9798745,-0.965436,-0.17028683,0.19732141,0.17959961,-0.9832771,0.030167967
1356765611458,0.14704525,0.08807838,0.9852004,-0.9713193,-0.17530435,0.1606459,0.18685937,-0.98056644,0.059774607
1356765611497,0.11754924,0.1263777,0.98499286,-0.9755876,-0.17058241,0.13831308,0.18550208,-0.9772054,0.10324067
1356765611537,0.12510514,0.18657646,0.97444236,-0.9774445,-0.14525902,0.15330333,0.17014936,-0.97164243,0.16419554
1356765611577,0.1813075,0.26166484,0.94797635,-0.97358227,-0.088291764,0.21057549,0.13879874,-0.9611119,0.2387443
1356765611617,0.26359582,0.3272113,0.9074415,-0.95975983,-0.0054781437,0.2807687,0.09684184,-0.94493526,0.31260026
1356765611657,0.33158138,0.36486122,0.8700173,-0.9417684,0.07335833,0.32816276,0.055910826,-0.92816746,0.367939
1356765611697,0.36353248,0.37652284,0.85210013,-0.9312417,0.122173905,0.34331095,0.025160015,-0.9183159,0.39504796
1356765611737,0.3508524,0.36980572,0.8603176,-0.9364104,0.13249215,0.32493293,0.00617671,-0.91961384,0.39277512
1356765611777,0.28259712,0.3477432,0.8939874,-0.9592326,0.10575992,0.26208317,-0.0034103692,-0.9316058,0.3634541
1356765611817,0.14734215,0.30772528,0.93999755,-0.9890702,0.05113679,0.1382936,-0.005511999,-0.95010006,0.31189647
1356765611857,-0.056084454,0.24424806,0.9680896,-0.9984255,-0.012647867,-0.054650843,-0.0011041164,-0.9696303,0.24457282
1356765611897,-0.29775524,0.15842238,0.9414054,-0.95460606,-0.058005333,-0.29216912,0.008320391,-0.98566616,0.16850233
1356765611937,-0.5142452,0.067899436,0.85495126,-0.8574016,-0.06436819,-0.51060694,0.020361692,-0.99561363,0.09131801
1356765611977,-0.66261667,-0.0063523054,0.74893177,-0.7482433,-0.038083673,-0.6623305,0.032729357,-0.99925435,0.020481765
1356765612017,-0.7472267,-0.058468014,0.6619922,-0.6631067,-4.54247E-4,-0.7485248,0.044065446,-0.9982892,-0.038431108
1356765612057,-0.7890689,-0.09321731,0.6071909,-0.6119451,0.032726765,-0.7902229,0.053791046,-0.99510777,-0.08286756
1356765612097,-0.8033797,-0.1163338,0.5839927,-0.5922746,0.054692805,-0.80387783,0.061577976,-0.99170315,-0.11284065
1356765612137,-0.7980448,-0.1315851,0.588056,-0.59881335,0.06396741,-0.79832995,0.06743193,-0.98923886,-0.12984377
1356765612177,-0.7763611,-0.14084183,0.61435086,-0.6261885,0.061360836,-0.7772533,0.071772695,-0.9881287,-0.13583171
1356765612232,-0.7358758,-0.14291435,0.66186273,-0.67291534,0.045635283,-0.73831046,0.075310886,-0.9886824,-0.1297512
1356765612268,-0.6805022,-0.14115557,0.71902156,-0.72848725,0.024686873,-0.6846144,0.07888672,-0.9896796,-0.11962956
1356765612298,-0.62751913,-0.13706604,0.7664416,-0.7741481,0.004707277,-0.632987,0.08315319,-0.99055076,-0.10906333
1356765612339,-0.58183736,-0.13097197,0.80269027,-0.8082502,-0.016752183,-0.5886009,0.09053701,-0.99124455,-0.09611106
1356765612379,-0.5521637,-0.1234242,0.8245494,-0.827747,-0.037171006,-0.559869,0.0997507,-0.99165756,-0.08163953
1356765612419,-0.54690063,-0.11614773,0.8291016,-0.83008134,-0.053620458,-0.5550585,0.10892558,-0.9917835,-0.067087054
1356765612458,-0.57533395,-0.11233759,0.8101673,-0.80944574,-0.06400281,-0.5836961,0.11742401,-0.9916067,-0.054108202
1356765612488,-0.6392651,-0.114084244,0.7604767,-0.7587668,-0.06711233,-0.6478957,0.12495208,-0.99120164,-0.0436607
1356765612529,-0.7123602,-0.11973658,0.6915245,-0.68901944,-0.06796938,-0.72154856,0.13339826,-0.99047625,-0.034082174
1356765612569,-0.8036142,-0.12989071,0.5808034,-0.57771266,-0.06425351,-0.81370735,0.14301167,-0.98944426,-0.023404479
1356765612609,-0.8846021,-0.14091554,0.44454688,-0.4405022,-0.060446143,-0.8957142,0.1530912,-0.9881746,-0.008602798
1356765612649,-0.93865776,-0.14831682,0.31132567,-0.30500662,-0.06418699,-0.9501847,0.16091144,-0.9868547,0.015012085
1356765612689,-0.96701473,-0.14698805,0.20803088,-0.19715865,-0.085183084,-0.97666377,0.16127864,-0.98546344,0.053393483
1356765612729,-0.98025423,-0.13054281,0.1485274,-0.13157186,-0.13013458,-0.98272777,0.14761658,-0.982865,0.11038917
1356765612769,-0.9867397,-0.0937453,0.13250196,-0.11221605,-0.19580293,-0.9742017,0.117271096,-0.9761522,0.18268675
1356765612809,-0.9884198,-0.037249632,0.147101,-0.13220724,-0.26442212,-0.95530206,0.07448141,-0.96368736,0.25643545
1356765612849,-0.9858014,0.020606466,0.16664572,-0.16460556,-0.3146565,-0.93482417,0.03317274,-0.9489818,0.3135808
1356765612889,-0.98339385,0.057328984,0.1721912,-0.18140672,-0.33818865,-0.92342836,0.0052939057,-0.9393305,0.34297258
1356765612929,-0.9843877,0.06612104,0.16312227,-0.1758952,-0.3355245,-0.92546433,-0.0064611435,-0.9397082,0.34191656
1356765612974,-0.98779184,0.053019814,0.14647971,-0.15570357,-0.30658245,-0.9390227,-0.0048787,-0.9503663,0.31109494
1356765613007,-0.99086165,0.031221688,0.1312184,-0.1348171,-0.2593481,-0.9563278,0.0041730776,-0.9652791,0.26118737
1356765613047,-0.9930572,0.006153602,0.11747223,-0.11635266,-0.19833696,-0.97320324,0.017310381,-0.98011464,0.19767588
1356765613087,-0.99417275,-0.016697686,0.10649811,-0.103404865,-0.13147819,-0.9859112,0.030464608,-0.99117845,0.12898535
1356765613127,-0.99456215,-0.03416483,0.09838137,-0.095961675,-0.0664202,-0.9931665,0.040465873,-0.9972066,0.0627805
1356765613167,-0.99465317,-0.04527525,0.092817314,-0.09247599,-0.009580612,-0.99566877,0.045968406,-0.99892855,0.005342543
1356765613232,-0.99470025,-0.05078394,0.08939988,-0.09123612,0.03506601,-0.9952117,0.047405876,-0.99809384,-0.03951341
1356765613249,-0.9947552,-0.05229093,0.08790685,-0.09129278,0.06633341,-0.99361235,0.04612575,-0.9964264,-0.07075924
1356765613289,-0.99474704,-0.051347315,0.08855446,-0.09271486,0.085277736,-0.99203414,0.043386564,-0.9950333,-0.08959049
1356765613329,-0.9945738,-0.049399097,0.09155698,-0.095903695,0.09429741,-0.9909139,0.04031667,-0.9943177,-0.0985232
1356765613369,-0.994153,-0.04765469,0.09689551,-0.101123095,0.096209645,-0.99021095,0.037865914,-0.9942196,-0.10046613
1356765613409,-0.99346685,-0.047548994,0.10374345,-0.10783231,0.09351611,-0.98976105,0.037360456,-0.99448174,-0.098032475
1356765613448,-0.99260485,-0.051278055,0.11002776,-0.11422442,0.08774209,-0.98957264,0.041089293,-0.9948225,-0.09295046
1356765613479,-0.99159265,-0.058304977,0.11551888,-0.12002182,0.0807662,-0.98948044,0.04836161,-0.9950263,-0.08708501
1356765613519,-0.99075735,-0.07277004,0.11447395,-0.11958534,0.0702557,-0.990335,0.06402428,-0.99487114,-0.07830852
1356765613557,-0.98960346,-0.09198664,0.11055972,-0.11609113,0.057113945,-0.9915951,0.08489901,-0.9941209,-0.06719899
1356765613597,-0.987928,-0.11282828,0.10615157,-0.11157238,0.04285091,-0.99283206,0.10747083,-0.9926901,-0.054922104
1356765613638,-0.9856995,-0.13267761,0.10389086,-0.10856614,0.028484106,-0.99368113,0.12888,-0.9907499,-0.042481124
1356765613677,-0.98296165,-0.15042995,0.10562802,-0.108892664,0.0136092305,-0.9939603,0.14808388,-0.988527,-0.029758155
1356765613717,-0.9797186,-0.16525315,0.11332562,-0.114303514,-0.0036115646,-0.99343926,0.16457826,-0.9862445,-0.01535064
