1356765873639,0.5711994,-0.09653279,-0.8151151,0.81765294,-0.02011469,0.5753598,-0.071936935,-0.9951265,0.06744085
1356765873682,-0.23214948,-0.049038053,-0.9714432,0.970016,-0.08553976,-0.2274904,-0.071941376,-0.9951272,0.06742579
1356765873723,-0.23221189,-0.048970968,-0.9714316,0.96999824,-0.08556765,-0.22755566,-0.07197949,-0.99512815,0.06737161
1356765873760,-0.23218066,-0.048957497,-0.97143984,0.9699967,-0.08568722,-0.22751737,-0.072101265,-0.9951185,0.06738353
1356765873802,-0.23150879,-0.04943505,-0.971576,0.9701395,-0.08599615,-0.22679085,-0.07234034,-0.99506825,0.0678677
1356765873843,-0.22921383,-0.05120319,-0.9720284,0.97066087,-0.08656007,-0.22433174,-0.07265234,-0.9949299,0.06954175
1356765873881,-0.22482145,-0.054578424,-0.97287035,0.9716672,-0.08728248,-0.21964675,-0.07292655,-0.9946874,0.07265502
1356765873921,-0.21806258,-0.05997935,-0.97408986,0.9731933,-0.088124216,-0.21243563,-0.07309914,-0.99430203,0.07758808
1356765873963,-0.20914382,-0.06719199,-0.97557366,0.9751451,-0.088957906,-0.202925,-0.07315001,-0.9937664,0.08412689
1356765874002,-0.19836736,-0.07596204,-0.97717977,0.9773978,-0.08969116,-0.19143936,-0.073102266,-0.9930686,0.09203696
1356765874046,-0.18662953,-0.08530104,-0.9787202,0.97971237,-0.09021282,-0.17895612,-0.073028,-0.9922627,0.100406915
1356765874082,-0.1750912,-0.09403077,-0.98005164,0.981843,-0.090471506,-0.16673097,-0.07298899,-0.99144995,0.10816428
1356765874129,-0.16426438,-0.101735115,-0.981156,0.983709,-0.0905382,-0.15530398,-0.07303223,-0.99068296,0.11494997
1356765874173,-0.15456986,-0.10778433,-0.9820849,0.9852689,-0.09043181,-0.14514598,-0.073167294,-0.9900528,0.12017456
1356765874212,-0.14659911,-0.11196038,-0.9828395,0.9864718,-0.090233564,-0.13686192,-0.07336205,-0.98960733,0.123673975
1356765874252,-0.14089662,-0.11441097,-0.98339117,0.9872831,-0.09010202,-0.13097152,-0.073620915,-0.989339,0.12565112
1356765874291,-0.13717622,-0.11561802,-0.983776,0.98778355,-0.09009689,-0.12714636,-0.07393476,-0.98919916,0.12656474
1356765874331,-0.13484424,-0.11613926,-0.9840369,0.98808026,-0.09018725,-0.1247541,-0.074258685,-0.9891299,0.12691617
1356765874391,-0.13333625,-0.11635691,-0.9842167,0.9882627,-0.09031522,-0.12320706,-0.07455376,-0.9890926,0.1270335
1356765874410,-0.13206345,-0.11668575,-0.98434937,0.9884138,-0.09045333,-0.12188634,-0.07481527,-0.9890412,0.12727937
1356765874449,-0.13048935,-0.11765814,-0.98444355,0.9886075,-0.0905717,-0.1202164,-0.07501826,-0.9889153,0.1281363
1356765874486,-0.12836808,-0.11962727,-0.9844851,0.9888767,-0.09064382,-0.11792627,-0.075130284,-0.9886724,0.12993243
1356765874527,-0.12591201,-0.12248111,-0.9844513,0.9891895,-0.090691924,-0.115234554,-0.075167745,-0.9883184,0.13257629
1356765874569,-0.12364012,-0.12558657,-0.9843482,0.9894708,-0.0908128,-0.11269733,-0.07523814,-0.98791754,0.1354923
1356765874612,-0.121911585,-0.12805682,-0.9842455,0.98966366,-0.09113681,-0.110725194,-0.07552189,-0.98757064,0.13784376
1356765874650,-0.12045932,-0.12920722,-0.9842738,0.989787,-0.0917688,-0.10908741,-0.076230735,-0.9873621,0.13894206
1356765874691,-0.118523896,-0.12873623,-0.9845705,0.9899124,-0.09283513,-0.107028484,-0.07762432,-0.987324,0.13844073
1356765874732,-0.11515379,-0.12669823,-0.98523456,0.990124,-0.094480395,-0.10357538,-0.07996255,-0.9874315,0.1363267
1356765874771,-0.10948676,-0.123453856,-0.986292,0.9904872,-0.09675896,-0.09784117,-0.08335367,-0.9876219,0.13287324
1356765874810,-0.10112941,-0.11951801,-0.98766804,0.99100804,-0.0995276,-0.08942756,-0.087612,-0.98783076,0.12850845
1356765874854,-0.09088951,-0.114940435,-0.9892056,0.9915494,-0.10277718,-0.07916275,-0.092568755,-0.9880413,0.12331045
1356765874890,-0.077995,-0.110673964,-0.99079156,0.99220556,-0.10549593,-0.06632221,-0.09718439,-0.9882418,0.11803955
1356765874936,-0.06531912,-0.10635108,-0.9921809,0.9927549,-0.10741842,-0.053842843,-0.10085231,-0.98850936,0.11259705
1356765874972,-0.052063882,-0.10268313,-0.9933506,0.9933254,-0.10784471,-0.040914685,-0.10292637,-0.9888507,0.10761264
1356765875017,-0.039662004,-0.09990278,-0.99420637,0.9939357,-0.10607183,-0.028992593,-0.10256082,-0.98932713,0.10350394
1356765875052,-0.026981413,-0.09890738,-0.9947308,0.99456096,-0.10279971,-0.016755313,-0.10060078,-0.98977244,0.10114309
1356765875091,-0.013680518,-0.100786775,-0.99481404,0.99522424,-0.097541094,-0.0038040578,-0.09665179,-0.99011505,0.10163981
1356765875132,8.0400705E-4,-0.1057848,-0.99438864,0.99588025,-0.09008044,0.010388136,-0.090673864,-0.9903004,0.105276614
1356765875170,0.015673995,-0.112874,-0.9934857,0.996477,-0.080108404,0.024822652,-0.0823884,-0.99037474,0.11122075
1356765875211,0.030047834,-0.120860755,-0.9922146,0.99705034,-0.06651324,0.038296193,-0.070623934,-0.9904386,0.11850572
1356765875251,0.042516768,-0.12815401,-0.99084246,0.99758434,-0.049084365,0.04915452,-0.054934233,-0.99053884,0.12575749
1356765875292,0.051919222,-0.13360545,-0.9896736,0.9980147,-0.028436005,0.056195647,-0.035650462,-0.9906266,0.13186389
1356765875331,0.057487845,-0.13675353,-0.9889356,0.99822676,-0.0074493885,0.05905807,-0.015443414,-0.9905771,0.13608277
1356765875373,0.05869758,-0.13748765,-0.98876274,0.99826515,0.012649238,0.057502806,0.0046012104,-0.99042267,0.1379916
1356765875412,0.05568844,-0.13667059,-0.9890501,0.9982079,0.029352784,0.052148044,0.02190429,-0.9901816,0.13806027
1356765875454,0.04873371,-0.13427413,-0.9897452,0.9981561,0.0424484,0.04338911,0.036187112,-0.9900347,0.13609517
1356765875492,0.038220823,-0.13137639,-0.99059546,0.99817336,0.05143529,0.03169164,0.046788067,-0.98999727,0.13310227
1356765875530,0.025577128,-0.12779808,-0.99147034,0.99823964,0.05635369,0.01848784,0.05351031,-0.9901979,0.12901452
1356765875572,0.011012495,-0.12368506,-0.99226046,0.9983354,0.057542503,0.003907293,0.056613833,-0.9906517,0.124112874
1356765875607,-0.0041092634,-0.11948514,-0.9928275,0.99837327,0.055970848,-0.010868192,0.056868017,-0.9912571,0.119060695
1356765875652,-0.01800102,-0.11585742,-0.9931027,0.9983215,0.05260259,-0.024232358,0.055047333,-0.99187195,0.11471602
1356765875690,-0.02902931,-0.11365044,-0.9930966,0.99821436,0.048591137,-0.034739703,0.052203804,-0.99233174,0.112037
1356765875732,-0.036112428,-0.11345011,-0.99288714,0.9981212,0.045114875,-0.041457772,0.049497336,-0.9925189,0.11160776
1356765875771,-0.039847314,-0.11476153,-0.9925935,0.9980636,0.042911112,-0.04502824,0.047760814,-0.99246585,0.11282942
1356765875813,-0.04167384,-0.11656293,-0.9923086,0.99804366,0.04147154,-0.04678622,0.046606064,-0.9923171,0.11460662
1356765875851,-0.044000328,-0.116984636,-0.99215853,0.99804616,0.03895098,-0.048854053,0.044360727,-0.9923696,0.11504221
1356765875893,-0.04923427,-0.11385363,-0.9922769,0.9980647,0.03217411,-0.05321315,0.037984163,-0.9929764,0.11204919
1356765875932,-0.056031764,-0.10731855,-0.9926444,0.99803984,0.02173382,-0.058686048,0.027872056,-0.9939871,0.10589042
1356765875970,-0.06504297,-0.09591469,-0.9932622,0.99779356,0.0070311427,-0.06601867,0.013315916,-0.99536467,0.09524575
1356765876012,-0.07327807,-0.079971194,-0.99410003,0.9973049,-0.009508669,-0.07274938,-0.0036346912,-0.9967518,0.08045247
1356765876050,-0.07773554,-0.060686827,-0.9951253,0.9967569,-0.025561452,-0.07630408,-0.020806164,-0.99782956,0.062476993
1356765876093,-0.07600194,-0.039317697,-0.99633217,0.9964336,-0.03973013,-0.07444185,-0.036657542,-0.9984366,0.04219699
1356765876131,-0.067076325,-0.016571432,-0.9976102,0.99648404,-0.051422358,-0.06614643,-0.050203323,-0.9985395,0.01996243
1356765876172,-0.05336678,0.008695275,-0.99853706,0.99671435,-0.060551763,-0.05379668,-0.060930938,-0.9981272,-0.005435258
1356765876211,-0.035817087,0.03673449,-0.998683,0.9970077,-0.06718737,-0.038228363,-0.06850317,-0.9970639,-0.034218073
1356765876253,-0.025630713,0.07345039,-0.99696946,0.9970755,-0.06994736,-0.030786723,-0.07199666,-0.9948429,-0.07144284
1356765876291,-0.024158776,0.11852804,-0.9926568,0.9971783,-0.06773895,-0.032357156,-0.07107675,-0.9906375,-0.11655712
1356765876333,-0.05121979,0.179663,-0.98239386,0.9967354,-0.05227706,-0.061528087,-0.06241095,-0.9823382,-0.17639887
1356765876371,-0.10149321,0.24604928,-0.96392894,0.9937197,-0.020819634,-0.109944254,-0.047120363,-0.9690337,-0.24239099
1356765876411,-0.16787499,0.3059857,-0.93711835,0.9854636,0.026951551,-0.16773534,-0.026067793,-0.95165455,-0.30606228
1356765876452,-0.22743797,0.34436753,-0.91086936,0.9737828,0.0762344,-0.21432555,-0.0043672025,-0.9357346,-0.35267776
1356765876490,-0.26224813,0.35677585,-0.8966253,0.9649118,0.10953799,-0.23863465,0.013075411,-0.9277459,-0.37298334
1356765876531,-0.2640662,0.34627825,-0.9002001,0.9641879,0.11868712,-0.2371813,0.02471146,-0.9305937,-0.36521858
1356765876571,-0.22785419,0.31567898,-0.9211022,0.97316754,0.104975164,-0.20475668,0.032055497,-0.9430414,-0.33112752
1356765876628,-0.08527717,0.23731062,-0.96768355,0.9956901,0.05583307,-0.07405296,0.036455154,-0.969828,-0.24104911
1356765876672,0.032463968,0.1594438,-0.9866731,0.9987218,0.03309083,0.0382078,0.038741857,-0.98665226,-0.15816575
1356765876710,0.14208138,0.08815467,-0.98592174,0.9890702,0.027011096,0.14495021,0.039408833,-0.9957405,-0.08335334
1356765876750,0.22943181,0.027983874,-0.9729223,0.97250116,0.034518898,0.23032531,0.040029615,-0.9990121,-0.01929462
1356765876791,0.28785646,-0.018572807,-0.9574934,0.9567554,0.04934728,0.28667742,0.04192528,-0.998609,0.031974584
1356765876831,0.31707639,-0.051602125,-0.94699514,0.94732517,0.06475693,0.31365824,0.045139045,-0.99656594,0.06941688
1356765876871,0.32165152,-0.073108345,-0.9440315,0.94559884,0.07620567,0.316284,0.048817545,-0.9944083,0.09364286
1356765876915,0.30668145,-0.085066676,-0.94800323,0.9503758,0.08206618,0.300085,0.052271783,-0.99298984,0.10601348
1356765876953,0.28007218,-0.09133652,-0.955624,0.9584038,0.08360538,0.27289602,0.054969907,-0.9923042,0.110952854
1356765876994,0.2466625,-0.092638016,-0.96466357,0.96743,0.08197588,0.23949763,0.056892574,-0.9923196,0.10984117
1356765877032,0.21068785,-0.09173751,-0.97323936,0.97581565,0.07907346,0.20379215,0.05826205,-0.99263877,0.1061787
1356765877074,0.17615795,-0.0894317,-0.98029095,0.9826388,0.07487476,0.16974905,0.058218062,-0.99317455,0.101068884
1356765877112,0.14566836,-0.08744544,-0.98546135,0.9878033,0.068234414,0.1399597,0.055003554,-0.9938296,0.09631848
1356765877150,0.12166053,-0.08571175,-0.98886406,0.9915328,0.056067884,0.11712912,0.045404166,-0.9947412,0.091807246
1356765877191,0.103886336,-0.08313808,-0.9911083,0.994167,0.037714094,0.10104337,0.028978199,-0.9958242,0.0865711
1356765877235,0.093067646,-0.07837266,-0.9925705,0.99562544,0.015611291,0.09212139,0.008275539,-0.996802,0.079482645
1356765877273,0.09167427,-0.070818335,-0.99326766,0.995702,-0.0066719055,0.09237468,-0.013168812,-0.9974669,0.06990227
1356765877311,0.104025066,-0.060863942,-0.9927106,0.9940518,-0.025997937,0.10575956,-0.032245368,-0.99780744,0.057797432
1356765877354,0.13232693,-0.048767775,-0.99000573,0.990059,-0.041534573,0.13438004,-0.047672868,-0.9979462,0.042786807
1356765877391,0.17933556,-0.035428673,-0.98314977,0.98198724,-0.053990453,0.18106908,-0.059495777,-0.9979127,0.025108159
1356765877433,0.2349528,-0.017893821,-0.97184205,0.9696082,-0.06588185,0.23562577,-0.06824303,-0.99766695,0.0018708706
1356765877490,0.30338883,0.0033445954,-0.95286095,0.9499711,-0.07896346,0.30219153,-0.07423052,-0.99687195,-0.027133882
1356765877519,0.33852196,0.048555702,-0.9397049,0.938064,-0.09568584,0.33298665,-0.07374802,-0.99422663,-0.07794011
1356765877568,0.35177815,0.119063824,-0.9284805,0.93401587,-0.11053264,0.3397012,-0.062181264,-0.98671496,-0.15009046
1356765877606,0.33111355,0.20470369,-0.92111903,0.9427469,-0.11304894,0.3137648,-0.039902687,-0.9722738,-0.23041582
1356765877647,0.28231537,0.2890758,-0.9147312,0.95925874,-0.09598225,0.26572543,-0.010983229,-0.9524823,-0.3043957
1356765877689,0.24211514,0.3495506,-0.90509367,0.9700966,-0.07076055,0.23217565,0.017112166,-0.9342416,-0.35623008
1356765877744,0.25811705,0.36654183,-0.8938807,0.9654578,-0.06377688,0.25263354,0.03559187,-0.9282131,-0.3703426
1356765877782,0.3090939,0.3524944,-0.8832942,0.949991,-0.07100363,0.30409807,0.044475764,-0.9331164,-0.35681328
1356765877822,0.4063591,0.30561316,-0.86108816,0.91253173,-0.0878267,0.39946496,0.046455204,-0.9480965,-0.3145709
1356765877861,0.5163929,0.23930609,-0.8222352,0.8551738,-0.09376407,0.50979,0.044899672,-0.96640605,-0.2530674
1356765877903,0.6249621,0.1620037,-0.76366043,0.7795723,-0.078007355,0.62143546,0.04110378,-0.9837021,-0.17504527
1356765877941,0.70306003,0.094338804,-0.7048453,0.71016,-0.041376434,0.7028233,0.037139505,-0.9946799,-0.09608576
1356765877987,0.7574531,0.0389629,-0.6517259,0.6519776,0.0076003373,0.75820005,0.034494966,-0.99921167,-0.019646019
1356765878021,0.78620696,-2.6232004E-4,-0.6179632,0.61704725,0.05476138,0.7850183,0.033634543,-0.9984994,0.043215662
1356765878060,0.79875886,-0.02673021,-0.60105723,0.60065603,0.092865705,0.7940958,0.034591258,-0.9953198,0.09023296
1356765878102,0.7980199,-0.043723762,-0.601043,0.6015188,0.11836633,0.7900409,0.036599725,-0.99200696,0.12075934
1356765878141,0.7866119,-0.053702086,-0.61510795,0.6162008,0.13155746,0.7765238,0.039221108,-0.9898529,0.13657594
1356765878181,0.76523334,-0.05771506,-0.6411606,0.6423377,0.1344629,0.75453436,0.04266432,-0.9892365,0.13996804
1356765878221,0.7341552,-0.056924373,-0.6765913,0.6773523,0.13039541,0.7240102,0.04701057,-0.98982656,0.13428831
1356765878261,0.6958753,-0.053263694,-0.7161848,0.71635795,0.1221361,0.6869601,0.05088198,-0.99108315,0.12314735
1356765878300,0.65717554,-0.050215572,-0.752063,0.752022,0.11096273,0.64973074,0.050824344,-0.9925551,0.110685214
1356765878342,0.6259294,-0.050160587,-0.778265,0.77873117,0.09433955,0.62022406,0.042310387,-0.9942756,0.098111495
1356765878391,0.6061615,-0.053194165,-0.79356074,0.7950052,0.06953946,0.60260344,0.023128778,-0.9961599,0.084441766
1356765878430,0.5975545,-0.05564955,-0.7998948,0.801826,0.04387532,0.5959447,0.0019316375,-0.99748594,0.07083912
1356765878469,0.60084385,-0.05673048,-0.7973508,0.7991582,0.019867837,0.6007923,-0.018241584,-0.99819183,0.057274103
1356765878510,0.6190981,-0.056774914,-0.7832586,0.78449833,-7.2292984E-4,0.62013036,-0.03577417,-0.9983867,0.044092298
1356765878581,0.65191764,-0.05648145,-0.7561834,0.7565856,-0.01837124,0.6536366,-0.050810367,-0.9982346,0.030756533
1356765878587,0.6957767,-0.056257665,-0.7160516,0.7153735,-0.03497985,0.6978661,-0.06430772,-0.99780333,0.015907094
1356765878631,0.7431662,-0.05503705,-0.6668395,0.66464984,-0.054117054,0.7451924,-0.077100605,-0.99701667,-0.0036375895
1356765878670,0.78754777,-0.050975412,-0.6141417,0.6098889,-0.07838851,0.78860056,-0.08834088,-0.9956188,-0.03064537
1356765878712,0.81640637,-0.035750747,-0.5763701,0.5695478,-0.114988774,0.8138752,-0.09537274,-0.9927232,-0.0735158
1356765878751,0.83052284,-0.0052264333,-0.55696,0.54883057,-0.1627967,0.81992817,-0.09495656,-0.9866458,-0.13233796
1356765878792,0.8225886,0.05084294,-0.56635946,0.5625793,-0.21775958,0.79754955,-0.08278042,-0.97467726,-0.20772973
1356765878831,0.7978716,0.122474074,-0.590255,0.5996193,-0.2621193,0.75614166,-0.06210944,-0.95723224,-0.28257537
1356765878872,0.76690406,0.18987517,-0.61302984,0.64060605,-0.28379375,0.71350193,-0.038497776,-0.93989813,-0.33927774
1356765878920,0.75239116,0.2240191,-0.6194538,0.65850914,-0.27939492,0.6987877,-0.016530424,-0.9336777,-0.3577329
1356765878962,0.7495895,0.22872235,-0.62112933,0.6619029,-0.25954282,0.7032226,-3.669262E-4,-0.9382556,-0.34594256
1356765878999,0.76401,0.20420778,-0.6120358,0.64510417,-0.22505623,0.7301988,0.011369824,-0.95270604,-0.30368054
1356765879040,0.7852441,0.16219133,-0.5975665,0.6188787,-0.1751712,0.765705,0.019514292,-0.9710865,-0.23792893
1356765879080,0.80653226,0.11232644,-0.580421,0.59066164,-0.11160276,0.79916435,0.024990708,-0.98738426,-0.15635815
1356765879118,0.82004094,0.067019105,-0.56836724,0.57153004,-0.044240296,0.8193877,0.029769868,-0.9967704,-0.07458228
1356765879160,0.826234,0.029761076,-0.5625404,0.5621831,0.020047396,0.82676977,0.03588304,-0.999356,-1.6734004E-4
1356765879198,0.8235949,0.0024892092,-0.567173,0.56556225,0.07183358,0.82157123,0.042787194,-0.9974135,0.05775395
1356765879239,0.8142101,-0.016149312,-0.5803457,0.57841766,0.108564876,0.80848414,0.049948692,-0.9939582,0.09773567
1356765879279,0.79759145,-0.027973562,-0.6025492,0.60052156,0.13082299,0.78883415,0.056760818,-0.9910111,0.121142
1356765879320,0.77386343,-0.035152733,-0.6323762,0.63021904,0.14193553,0.7633337,0.0629234,-0.9892516,0.13199264
1356765879359,0.7431352,-0.038123578,-0.66805434,0.665642,0.14408666,0.73222923,0.06834254,-0.98883045,0.13245253
1356765879400,0.70635664,-0.039301008,-0.7067643,0.70419014,0.14049973,0.69597125,0.07194781,-0.9893004,0.1269183
1356765879441,0.66752625,-0.040154994,-0.7435027,0.7411876,0.13113251,0.6583655,0.07106072,-0.99055123,0.117296785
1356765879482,0.6306827,-0.04339537,-0.7748265,0.7734544,0.116597,0.6230356,0.06330556,-0.99223083,0.107100055
1356765879521,0.60069144,-0.049945593,-0.7979193,0.7981778,0.09442736,0.59497535,0.045628965,-0.9942781,0.096587196
1356765879579,0.57449234,-0.05711171,-0.8165151,0.81819606,0.06769633,0.57094,0.022667736,-0.99607,0.08561957
1356765879601,0.5511792,-0.06260073,-0.8320353,0.8343809,0.03757073,0.54990625,-0.0031643212,-0.99733126,0.072941035
1356765879640,0.53080326,-0.065039665,-0.84499574,0.8470868,0.009771168,0.53136474,-0.026303113,-0.99783486,0.06028077
1356765879681,0.51652074,-0.06477165,-0.8538214,0.85503966,-0.014520913,0.5183593,-0.04597324,-0.9977945,0.04788199
1356765879719,0.51256555,-0.06270784,-0.8563552,0.8563586,-0.035449684,0.5151634,-0.06266227,-0.9974022,0.03553009
1356765879762,0.51904106,-0.05899617,-0.85271084,0.8512292,-0.05476868,0.5219284,-0.07749361,-0.99675465,0.02179207
1356765879799,0.53080475,-0.051520944,-0.84592664,0.84259874,-0.075047046,0.5332872,-0.09095979,-0.9958481,0.0035761744
1356765879840,0.5384246,-0.035312533,-0.8419334,0.8364737,-0.09857863,0.5390677,-0.10203254,-0.9945025,-0.023539111
1356765879880,0.5276357,-0.0013349354,-0.84946966,0.842574,-0.12634555,0.5235511,-0.10802567,-0.9919853,-0.06553963
1356765879920,0.48384833,0.05905935,-0.8731568,0.86874795,-0.15289193,0.4710638,-0.1056779,-0.9864766,-0.12528422
1356765879960,0.39384326,0.1479558,-0.90719163,0.91447175,-0.1628134,0.37045023,-0.09289268,-0.97550035,-0.19942436
1356765880000,0.2695936,0.2405423,-0.9324477,0.96010983,-0.14177042,0.24101904,-0.07421827,-0.9602294,-0.26916736
1356765880045,0.14714545,0.30565873,-0.9407024,0.9876195,-0.09767926,0.12274566,-0.054368854,-0.94711745,-0.31624752
1356765880089,0.049756765,0.32539496,-0.94426817,0.99800086,-0.05308515,0.034295022,-0.038967192,-0.9440869,-0.32738584
1356765880130,-0.023312509,0.3097015,-0.95054805,0.9993414,-0.019228816,-0.030774176,-0.027808696,-0.9506394,-0.3090493
1356765880170,-0.05891496,0.2647323,-0.9625206,0.99808437,-0.0026182532,-0.061811924,-0.018883675,-0.9643184,-0.264071
1356765880210,-0.07266575,0.20294148,-0.97649086,0.997291,0.0035815835,-0.07346928,-0.011412591,-0.97918427,-0.20265198
1356765880249,-0.06819934,0.1311154,-0.98901856,0.99766064,0.004291594,-0.06822631,-0.004701048,-0.9913578,-0.13110137
1356765880290,-0.058184624,0.058462173,-0.9965925,0.99830294,0.00583601,-0.057942122,0.0024286807,-0.99827254,-0.05870247
1356765880330,-0.050542414,-0.007825792,-0.9986912,0.9986591,0.010818958,-0.050625592,0.011200905,-0.99991083,0.0072684884
1356765880370,-0.054663002,-0.061033815,-0.9966377,0.9982822,0.017734647,-0.05583927,0.021083087,-0.9979781,0.05995959
1356765880411,-0.07021457,-0.09920797,-0.9925864,0.9970269,0.024677753,-0.072995216,0.031736493,-0.99476075,0.09718031
1356765880450,-0.096330106,-0.12363547,-0.987641,0.99447256,0.02968663,-0.10071269,0.041771382,-0.99188364,0.12009239
1356765880490,-0.12814617,-0.13583401,-0.9824091,0.9904468,0.03333944,-0.13380435,0.050928146,-0.9901705,0.1302641
1356765880529,-0.16270727,-0.13855997,-0.9768968,0.9849309,0.03602451,-0.16915494,0.058630288,-0.9896986,0.13061059
1356765880578,-0.19607562,-0.13510373,-0.97123706,0.9785166,0.037400603,-0.20274773,0.06371686,-0.9901254,0.12486786
1356765880630,-0.22580475,-0.12768766,-0.9657682,0.97208834,0.035282254,-0.23194718,0.06369129,-0.99118674,0.11615676
1356765880649,-0.249973,-0.11830893,-0.9609977,0.9665916,0.027623713,-0.25482884,0.056694865,-0.9925926,0.1074512
1356765880689,-0.2692712,-0.10598853,-0.9572145,0.9622252,0.011877537,-0.27199587,0.04019782,-0.99429643,0.09878653
1356765880725,-0.28156406,-0.09150645,-0.95516926,0.9593642,-0.007658243,-0.28206694,0.018496037,-0.9957751,0.0899443
1356765880768,-0.28682536,-0.075083196,-0.9550359,0.95796376,-0.028764248,-0.28544334,-0.006038904,-0.9967623,0.08017737
1356765880809,-0.27998346,-0.059533596,-0.95815706,0.95957816,-0.047106504,-0.2774719,-0.028616518,-0.9971142,0.070316255
1356765880849,-0.2630043,-0.044737875,-0.9637569,0.96357006,-0.062494934,-0.26005226,-0.048595697,-0.9970421,0.059544504
1356765880888,-0.23193556,-0.030972213,-0.97223794,0.970518,-0.074751675,-0.22914395,-0.065579295,-0.996721,0.04739666
1356765880932,-0.19239652,-0.015411407,-0.9811962,0.9780257,-0.08483869,-0.19044223,-0.08030838,-0.99627554,0.031395376
1356765880971,-0.14616561,0.006015092,-0.98924184,0.98488235,-0.09308767,-0.14608753,-0.09296498,-0.9956398,0.007682085
1356765881010,-0.103002965,0.039536834,-0.99389505,0.9893781,-0.098968804,-0.10647175,-0.10257414,-0.9943048,-0.028922796
1356765881049,-0.08317405,0.094106585,-0.9920817,0.99085104,-0.09836811,-0.0924018,-0.1062848,-0.9906905,-0.085063934
1356765881090,-0.10322976,0.17127979,-0.9797994,0.9895576,-0.08193886,-0.11858174,-0.10059431,-0.98180914,-0.16103268
1356765881131,-0.1652501,0.25848433,-0.9517764,0.9826611,-0.039120287,-0.18123668,-0.08408058,-0.965223,-0.24753791
1356765881170,-0.23588058,0.327554,-0.9149146,0.9697721,0.01882127,-0.24328548,-0.062469274,-0.944645,-0.3220923
1356765881210,-0.27861404,0.3634897,-0.88895977,0.9595038,0.06530321,-0.2740217,-0.041552156,-0.92930657,-0.3669641
1356765881250,-0.27859885,0.3697159,-0.88639313,0.9600955,0.08369225,-0.2668558,-0.024476588,-0.92536783,-0.3782792
1356765881291,-0.21743026,0.34735376,-0.91217846,0.9760235,0.06768796,-0.20687327,-0.01011467,-0.9352881,-0.35374284
1356765881330,-0.10707778,0.30290443,-0.9469864,0.99424917,0.03425902,-0.101463795,0.0017089844,-0.952405,-0.3048308
1356765881371,0.047318578,0.2365067,-0.9704769,0.9988227,-8.085966E-4,0.048503548,0.010686696,-0.9716295,-0.2362665
1356765881409,0.21324533,0.1578438,-0.9641638,0.976851,-0.017286777,0.2132214,0.016988397,-0.9873128,-0.1578762
1356765881450,0.3557763,0.08179882,-0.9309845,0.93431044,-0.0076004863,0.35637948,0.022075504,-0.9966198,-0.07912952
1356765881489,0.45569515,0.020030588,-0.8899105,0.88971055,0.020654857,0.45605767,0.027516067,-0.999586,-0.008409083
1356765881530,0.5128621,-0.024193168,-0.8581301,0.8578125,0.05358772,0.51116157,0.03361866,-0.99827003,0.04823631
1356765881579,0.5366808,-0.053605318,-0.84208083,0.842852,0.08098404,0.53201693,0.03967613,-0.9952728,0.08864395
1356765881603,0.53921366,-0.07425356,-0.8388891,0.84099233,0.10011324,0.53170407,0.044502944,-0.99220145,0.11642912
1356765881639,0.52634865,-0.085635126,-0.8459455,0.848932,0.10869545,0.5172037,0.047659606,-0.9903797,0.12991013
1356765881680,0.49764273,-0.09086701,-0.8626094,0.86600196,0.10813078,0.48820946,0.048912525,-0.9899752,0.1325015
1356765881719,0.45816296,-0.09166226,-0.8841294,0.8875488,0.101353526,0.44942713,0.04841417,-0.9906188,0.1277911
1356765881760,0.41386247,-0.08971155,-0.9059082,0.90917945,0.090953946,0.40634978,0.04594165,-0.99180603,0.11920631
1356765881801,0.37197214,-0.087154,-0.9241433,0.927408,0.07713431,0.36601183,0.0393838,-0.9932041,0.109519154
1356765881840,0.33913434,-0.08560002,-0.9368354,0.94033575,0.059963524,0.33492246,0.02750656,-0.9945235,0.10082847
1356765881882,0.3194025,-0.085178226,-0.9437832,0.94758856,0.03671375,0.31737685,0.007616222,-0.99568915,0.09244037
1356765881929,0.3158736,-0.08463636,-0.9450188,0.94861794,0.008588821,0.31630743,-0.018654466,-0.99637496,0.08300051
1356765881970,0.33587632,-0.0836865,-0.93818104,0.9409411,-0.01526472,0.33822605,-0.042626053,-0.9963752,0.07361704
1356765882009,0.3729601,-0.08270055,-0.9241544,0.92572933,-0.03409362,0.37664667,-0.06265664,-0.9959911,0.0638428
1356765882050,0.42793596,-0.08147693,-0.9001291,0.90037715,-0.04827708,0.4324238,-0.078688145,-0.99550533,0.052700445
1356765882089,0.49594468,-0.07913855,-0.8647404,0.86351466,-0.0600428,0.50073665,-0.09154901,-0.9950537,0.038559422
1356765882130,0.5683416,-0.073773295,-0.81947875,0.81647444,-0.072624,0.5727959,-0.10177091,-0.9946272,0.018958792
1356765882171,0.63122183,-0.05962637,-0.77330697,0.7679851,-0.091342434,0.6339208,-0.10843408,-0.99403286,-0.011865199
1356765882210,0.6778741,-0.032071024,-0.7344781,0.72699225,-0.11942789,0.6761799,-0.109402984,-0.9923247,-0.05764167
1356765882251,0.6931124,0.021994263,-0.7204939,0.71386445,-0.15955918,0.681864,-0.09996429,-0.98694336,-0.12629339
1356765882290,0.6819453,0.09913054,-0.7246542,0.72701216,-0.20027491,0.6567673,-0.08002439,-0.97471184,-0.20864563
1356765882331,0.64837104,0.18900374,-0.7374908,0.75955737,-0.22655241,0.60971034,-0.05184284,-0.955485,-0.29044917
1356765882376,0.61659366,0.2624614,-0.7422441,0.7869173,-0.23413713,0.5709123,-0.023944408,-0.93610567,-0.35090292
1356765882411,0.6083122,0.29906404,-0.7351986,0.79369164,-0.23288059,0.5619789,-0.0031457841,-0.9253796,-0.37902874
1356765882450,0.6294351,0.29467815,-0.71901053,0.77699155,-0.22704214,0.5871421,0.009772301,-0.928233,-0.37187076
1356765882490,0.6662327,0.2610958,-0.6985434,0.7455392,-0.21124715,0.63209647,0.017472476,-0.94191486,-0.33539695
1356765882529,0.70862603,0.20782529,-0.67428327,0.705251,-0.17925206,0.68592256,0.021685392,-0.96160144,-0.27359164
1356765882580,0.746182,0.14713985,-0.6492782,0.66534114,-0.13098162,0.7349591,0.02309829,-0.98040485,-0.19563435
1356765882610,0.77572095,0.08665398,-0.62509847,0.63067985,-0.07135481,0.77275574,0.022358596,-0.9936799,-0.11000234
1356765882650,0.79466355,0.03503537,-0.60603833,0.60668534,-0.011228293,0.79486275,0.021043539,-0.999323,-0.03017816
1356765882691,0.8055305,-0.005954653,-0.59252435,0.59220016,0.042657085,0.8046609,0.020483851,-0.99907196,0.03788793
1356765882730,0.80916274,-0.035110146,-0.58653474,0.58720565,0.08416343,0.8050504,0.021099359,-0.9958333,0.08871878
1356765882770,0.8076822,-0.05367732,-0.58716965,0.5891763,0.11201513,0.80020237,0.022819161,-0.9922557,0.12209803
1356765882809,0.80223876,-0.06383929,-0.59358025,0.59647596,0.12749094,0.79244083,0.025087237,-0.9897831,0.14035678
1356765882851,0.7938976,-0.06783381,-0.6042559,0.6074319,0.1333299,0.7831026,0.027444541,-0.98874754,0.1470547
1356765882889,0.78341454,-0.067480356,-0.61782527,0.620793,0.13235062,0.77272207,0.029626071,-0.98890334,0.14557672
1356765882930,0.7718483,-0.06521371,-0.63245344,0.6350609,0.12724161,0.7619103,0.030787379,-0.9897256,0.1396259
1356765882982,0.76092625,-0.06406024,-0.64566827,0.64825666,0.11718933,0.7523496,0.027469695,-0.9910413,0.13069993
1356765883018,0.7517515,-0.06738609,-0.65599453,0.65922207,0.10274227,0.7448962,0.017202735,-0.99242294,0.12165905
1356765883062,0.74531054,-0.07550609,-0.662428,0.6667167,0.08292684,0.74068356,-9.930432E-4,-0.9936911,0.11214741
1356765883098,0.7394006,-0.08485645,-0.66789675,0.6729112,0.06095457,0.73720765,-0.02184543,-0.994527,0.102170706
1356765883139,0.73362523,-0.09330961,-0.67311764,0.6781732,0.037411466,0.73394924,-0.04330221,-0.994934,0.09072607
1356765883177,0.7268734,-0.09866765,-0.67964673,0.68393195,0.014099449,0.72940946,-0.062386543,-0.9950205,0.0777305
1356765883219,0.71908855,-0.09971219,-0.6877276,0.6905534,-0.008217901,0.7232347,-0.077766955,-0.9949824,0.062947184
1356765883259,0.7104732,-0.09602761,-0.69714165,0.69799334,-0.030011088,0.7154751,-0.089627385,-0.9949261,0.045704573
1356765883301,0.70076746,-0.08727175,-0.70803154,0.7065261,-0.052440748,0.7057414,-0.098721,-0.9948033,0.024910986
1356765883339,0.6885458,-0.071410835,-0.72166824,0.7174888,-0.077585906,0.6922356,-0.105424404,-0.99442494,-0.0021849647
1356765883380,0.6709862,-0.043839633,-0.74017274,0.73343325,-0.10733457,0.671234,-0.10887271,-0.993256,-0.03986661
1356765883421,0.6434271,0.004245788,-0.76549566,0.7581272,-0.14205603,0.63644576,-0.106041044,-0.98984957,-0.094621554
1356765883460,0.6018561,0.07419649,-0.7951504,0.79295075,-0.17378922,0.5839747,-0.09485966,-0.9819839,-0.16343027
1356765883501,0.5452397,0.1617074,-0.82253534,0.8350143,-0.19129832,0.5159031,-0.0739243,-0.9681196,-0.23933142
1356765883540,0.47944802,0.24208722,-0.8435185,0.8761066,-0.18753172,0.44414985,-0.05066344,-0.9519589,-0.30200595
1356765883581,0.41823083,0.2945927,-0.85924274,0.90777874,-0.16882683,0.38397285,-0.031947613,-0.9405916,-0.33803362
1356765883618,0.3672139,0.31119215,-0.8765349,0.92990005,-0.14407288,0.3384211,-0.020970881,-0.93936276,-0.3422832
1356765883661,0.32932183,0.29296747,-0.89761746,0.944095,-0.11749515,0.30802527,-0.015224308,-0.94887567,-0.31528288
1356765883717,0.30481726,0.2442303,-0.92056394,0.95234346,-0.08966017,0.29155284,-0.011331856,-0.96556336,-0.2599211
1356765883739,0.2892822,0.17709076,-0.9407203,0.95721436,-0.061234474,0.282827,-0.0075184107,-0.98228776,-0.18722796
1356765883778,0.28130051,0.10114023,-0.95427495,0.95961607,-0.03239402,0.27944165,-0.0026500225,-0.99434465,-0.10616821
1356765883815,0.27758074,0.028417647,-0.96028197,0.96069336,-0.0038933754,0.27758446,0.004149586,-0.9995886,-0.028381348
1356765883859,0.27643254,-0.03314194,-0.9604616,0.96094227,0.023288101,0.2757673,0.01322785,-0.99917924,0.038285106
1356765883898,0.27626526,-0.078294694,-0.95788705,0.96080536,0.046389997,0.27331522,0.023037285,-0.99585044,0.08804184
1356765883938,0.2761435,-0.10630134,-0.95521975,0.9605602,0.0643332,0.27052802,0.032694846,-0.9922506,0.11987403
1356765883987,0.2752148,-0.11647719,-0.9543007,0.96045786,0.07684231,0.26761147,0.042160034,-0.99021626,0.1330196
1356765884030,0.27648425,-0.116496176,-0.95393133,0.95972824,0.08488864,0.26779756,0.04978046,-0.98955667,0.13527507
1356765884076,0.27709654,-0.10866222,-0.95467794,0.95927966,0.087923974,0.26842463,0.054771513,-0.99018276,0.1286009
1356765884120,0.2781818,-0.09859136,-0.9554552,0.9589609,0.0853138,0.2703991,0.054854482,-0.99146426,0.118278
1356765884162,0.27951923,-0.09162164,-0.9557586,0.95897365,0.07569417,0.27320328,0.047314018,-0.9929129,0.10902068
1356765884209,0.279785,-0.08978069,-0.9558555,0.9596642,0.05483535,0.27574927,0.027657717,-0.99445087,0.101501405
1356765884252,0.2756952,-0.09007326,-0.95701563,0.9612423,0.028241217,0.2742548,0.0023242533,-0.99553466,0.09436819
1356765884289,0.26746505,-0.08954537,-0.9593977,0.9632784,4.6038628E-4,0.26850393,-0.023601621,-0.99598265,0.0863803
1356765884330,0.25576925,-0.08622533,-0.9628849,0.9655872,-0.025796413,0.25879708,-0.04715383,-0.99594164,0.07666013
1356765884382,0.241299,-0.07896951,-0.96723247,0.96817434,-0.048639864,0.24550521,-0.0664334,-0.99568975,0.06471947
1356765884408,0.22570825,-0.066842854,-0.9718991,0.97076803,-0.068173826,0.23013428,-0.0816409,-0.9954318,0.04950151
1356765884447,0.20998299,-0.048909426,-0.97648096,0.9731842,-0.085478365,0.21355549,-0.09391284,-0.9951389,0.02964884
1356765884490,0.19362837,-0.02319631,-0.9808006,0.97554374,-0.101456106,0.19499004,-0.104031295,-0.99456954,0.0029842854
1356765884531,0.17341349,0.016811669,-0.9847057,0.97855055,-0.1158413,0.1703518,-0.11120561,-0.9931255,-0.036539555
1356765884591,0.14448088,0.0734272,-0.98677945,0.98300683,-0.12477404,0.13464397,-0.11323795,-0.98946446,-0.09020686
1356765884611,0.10134563,0.15197521,-0.9831748,0.989178,-0.12078509,0.083293945,-0.10609415,-0.98097634,-0.16257164
1356765884649,0.04117337,0.24082309,-0.9696953,0.9950728,-0.09749213,0.01803878,-0.09019351,-0.9656601,-0.24365062
1356765884690,-0.028644502,0.3192277,-0.947245,0.9971522,-0.057011962,-0.04936713,-0.06976363,-0.9459616,-0.3166855
1356765884729,-0.09655383,0.3672974,-0.9250784,0.9939846,-0.012686282,-0.10878283,-0.051691443,-0.93001705,-0.3638631
1356765884771,-0.15290895,0.37935406,-0.9125291,0.98744804,0.021681875,-0.15644926,-0.03956431,-0.9249975,-0.37790775
1356765884809,-0.1922169,0.35889962,-0.9133695,0.98081756,0.039530724,-0.19087797,-0.032399833,-0.9325387,-0.35961354
1356765884850,-0.21272981,0.31303748,-0.9256098,0.97671354,0.041107953,-0.21057227,-0.027867109,-0.94885075,-0.31449288
1356765884891,-0.21301323,0.24707595,-0.94529295,0.97673476,0.02930069,-0.21243984,-0.024791032,-0.968553,-0.24756914
1356765884930,-0.197178,0.17312598,-0.96496016,0.980111,0.012289226,-0.19806904,-0.022432268,-0.9848229,-0.17210585
1356765884971,-0.1667974,0.09481695,-0.9814216,0.98580265,-0.0034303665,-0.16787335,-0.01928386,-0.99548876,-0.09289861
1356765885010,-0.12884778,0.02313757,-0.9913944,0.99156344,-0.011255503,-0.12913245,-0.014146447,-0.9996689,-0.021492183
1356765885051,-0.089894235,-0.03694901,-0.9952657,0.9959303,-0.009822249,-0.089589596,-0.006465465,-0.9992689,0.03768152
1356765885089,-0.05448395,-0.081596404,-0.9951751,0.9985117,-0.0019936562,-0.054503173,0.0024632215,-0.99666345,0.08158353
1356765885130,-0.025447011,-0.11053461,-0.9935465,0.9996118,0.008464575,-0.026544005,0.011343986,-0.9938363,0.11027634
1356765885169,-0.0034652948,-0.12575275,-0.99205554,0.9998011,0.019050598,-0.005907148,0.019642085,-0.99187875,0.1256617
1356765885210,0.012306154,-0.13043159,-0.99138093,0.9995634,0.028240025,0.008692324,0.02686286,-0.9910551,0.1307222
1356765885249,0.022834301,-0.12739995,-0.99158853,0.9992193,0.034895122,0.018526673,0.032241285,-0.9912374,0.12809727
1356765885290,0.029969335,-0.119803905,-0.9923451,0.9989517,0.03795767,0.025586337,0.03460172,-0.9920716,0.1208159
1356765885332,0.035161376,-0.10978806,-0.9933329,0.9988749,0.03551036,0.031432807,0.03182262,-0.9933205,0.1109131
1356765885373,0.040355504,-0.09948227,-0.9942207,0.99890447,0.027608693,0.037783086,0.023690403,-0.99465626,0.10048747
1356765885413,0.045104027,-0.08787128,-0.99511015,0.9989451,0.012553871,0.044169307,0.008611202,-0.99605274,0.08834487
1356765885452,0.051961005,-0.07594216,-0.99575746,0.99861383,-0.004432857,0.052448153,-0.008397132,-0.9971024,0.075606585
1356765885491,0.06064439,-0.063515395,-0.9961366,0.9978343,-0.021611452,0.062125742,-0.025473893,-0.9977469,0.06206724
1356765885531,0.073768616,-0.05128938,-0.9959557,0.99645585,-0.03668952,0.07569519,-0.040423393,-0.9980098,0.048400998
1356765885593,0.091735065,-0.03904262,-0.9950178,0.99438214,-0.049401402,0.093614906,-0.05281025,-0.99801564,0.034291416
1356765885610,0.113957554,-0.025806844,-0.99315035,0.991455,-0.060927182,0.11534625,-0.063486576,-0.9978085,0.01864323
1356765885651,0.1384905,-0.009964496,-0.99031365,0.98763514,-0.072787404,0.1388483,-0.073465824,-0.99729776,-2.3910403E-4
1356765885690,0.16047224,0.012445062,-0.98696184,0.9835566,-0.08595261,0.15883476,-0.082855195,-0.9962215,-0.026033461
1356765885730,0.1734421,0.0471029,-0.98371696,0.9807302,-0.09946278,0.16815296,-0.089922756,-0.9939258,-0.06344625
1356765885772,0.16744,0.10172978,-0.98061967,0.9816804,-0.10893947,0.15631968,-0.09092584,-0.9888292,-0.11810693
1356765885811,0.13852063,0.17215168,-0.97528243,0.98683345,-0.1070191,0.121270776,-0.08349693,-0.9792398,-0.18470934
1356765885851,0.08886528,0.24765271,-0.96476483,0.99381095,-0.08686304,0.06924328,-0.066654086,-0.9649471,-0.25383914
1356765885891,0.03446716,0.30622417,-0.9513353,0.9983223,-0.05486363,0.018509567,-0.046525627,-0.95037717,-0.30760145
1356765885931,-0.007637948,0.3350699,-0.9421623,0.9995351,-0.02525255,-0.017083913,-0.02951634,-0.9418547,-0.3347212
1356765885969,-0.029053539,0.33290672,-0.94251204,0.9994165,-0.0072667897,-0.0333744,-0.017959595,-0.9429318,-0.33250135
1356765886010,-0.027282238,0.30325505,-0.9525188,0.99957323,-0.0016767979,-0.029163837,-0.010441303,-0.952908,-0.30307984
1356765886049,-0.004725486,0.25189543,-0.9677429,0.99997485,-0.003933221,-0.0059066415,-0.005294174,-0.9677465,-0.2518705
1356765886090,0.03260061,0.1863432,-0.9819437,0.9994668,-0.007866651,0.031689525,-0.0018194616,-0.9824532,-0.18650031
1356765886130,0.077513635,0.114326894,-0.9904146,0.9969912,-0.008417845,0.077056706,4.7251582E-4,-0.99340755,-0.11463541
1356765886170,0.12127566,0.04442939,-0.991624,0.9926163,-0.0031723976,0.12125489,0.0022414029,-0.99900746,-0.044486016
1356765886210,0.15647212,-0.016170472,-0.98754996,0.9876741,0.0066455305,0.15638295,0.0040339828,-0.9998472,0.017010987
1356765886250,0.17748207,-0.06227678,-0.9821516,0.9841048,0.017469764,0.17672727,0.0061519444,-0.99790597,0.06438747
1356765886290,0.18274465,-0.09212342,-0.97883487,0.9831182,0.026359111,0.1810635,0.00912106,-0.99539864,0.095385164
1356765886339,0.17019063,-0.10382536,-0.9799262,0.98530746,0.03235662,0.1676969,0.014295876,-0.99406904,0.10780671
1356765886381,0.1453903,-0.104822844,-0.98380566,0.98916304,0.035946876,0.14235187,0.020442933,-0.99384093,0.1089133
1356765886419,0.115935445,-0.09840399,-0.98837024,0.99289566,0.038312554,0.112651855,0.026781619,-0.99440885,0.102146626
1356765886462,0.08610466,-0.089001924,-0.99230266,0.99582005,0.038151294,0.082987934,0.030471534,-0.99530053,0.09191486
1356765886502,0.059267968,-0.07989225,-0.99503994,0.9978876,0.03130117,0.056924373,0.026598096,-0.9963119,0.08157867
1356765886541,0.037117124,-0.07242072,-0.99668324,0.9992161,0.016428173,0.036017686,0.013765216,-0.9972389,0.07297376
1356765886590,0.020348668,-0.06576383,-0.99762774,0.999756,-0.0072437525,0.020869583,-0.008599073,-0.99780893,0.065600395
1356765886620,0.010028183,-0.059284925,-0.99819076,0.9993515,-0.033931315,0.012055129,-0.034584552,-0.9976642,0.058906198
1356765886661,0.0070515275,-0.052574992,-0.998592,0.9981692,-0.05961895,0.010187328,-0.060070604,-0.99683565,0.05205837
1356765886701,0.012732685,-0.04509318,-0.9989016,0.9965285,-0.08162302,0.016387135,-0.08227229,-0.99564266,0.04389739
1356765886741,0.025450349,-0.035024166,-0.9990623,0.9945469,-0.10022062,0.028848737,-0.10113704,-0.9943485,0.03228253
1356765886781,0.04400456,-0.020238161,-0.99882627,0.99214363,-0.11631334,0.04606682,-0.11710918,-0.9930063,0.014960885
1356765886818,0.06328535,0.0034380555,-0.99798965,0.9894933,-0.1304689,0.062297136,-0.1299924,-0.9914465,-0.011658758
1356765886860,0.073886156,0.04360342,-0.996313,0.98769987,-0.14124835,0.067065686,-0.13780329,-0.98901343,-0.053503394
1356765886895,0.065853655,0.105169535,-0.9922714,0.98831403,-0.14387858,0.050341427,-0.13747224,-0.98399097,-0.11341545
1356765886937,0.028072655,0.18965405,-0.98144954,0.99172395,-0.12833858,0.0035665631,-0.1252814,-0.9734272,-0.19168729
1356765886980,-0.031464368,0.27801177,-0.96006227,0.99420285,-0.09009978,-0.058674037,-0.10281348,-0.95634276,-0.27356523
1356765887022,-0.091486305,0.344686,-0.9342493,0.9928795,-0.040302843,-0.112097204,-0.07629129,-0.93785244,-0.3385445
1356765887060,-0.13461286,0.37738115,-0.91622204,0.9894647,0.0014734268,-0.14476684,-0.05328226,-0.92605686,-0.37360376
1356765887101,-0.1498639,0.37532014,-0.91469973,0.9880771,0.023844779,-0.15210202,-0.035276115,-0.92658854,-0.37441874
1356765887139,-0.13716173,0.34313083,-0.929219,0.99033177,0.027871847,-0.13589036,-0.020729095,-0.938874,-0.34363627
1356765887181,-0.09984505,0.2866811,-0.952809,0.99496686,0.02060306,-0.09806377,-0.008482277,-0.9578045,-0.28729522
1356765887219,-0.046472758,0.21432173,-0.975657,0.9989189,0.011132568,-0.04513526,0.0011880994,-0.9766997,-0.21460742
1356765887260,0.012387842,0.13561499,-0.9906842,0.99989176,0.006190151,0.013350368,0.007943034,-0.9907423,-0.13552368
1356765887300,0.066791326,0.05934629,-0.9960004,0.9976915,0.008298963,0.067399144,0.012265652,-0.9982029,-0.058654964
1356765887340,0.105442494,-0.0054412484,-0.9944105,0.99430823,0.015925676,0.105344474,0.015263438,-0.9998583,0.0070895553
1356765887380,0.12489945,-0.05509615,-0.99063843,0.9920099,0.024836242,0.12369105,0.017788827,-0.99817204,0.057758003
