1356765935747,0.7838907,-0.5988835,0.16387145,-0.05474505,0.1962328,0.9790279,-0.6184806,-0.7764221,0.12103917
1356765935898,0.3017692,-0.3679234,-0.879527,0.7255477,-0.50984126,0.46221483,-0.6184788,-0.7776209,0.11309156
1356765935939,0.28995502,-0.35246015,-0.8897741,0.73036945,-0.519303,0.443717,-0.61845493,-0.7785218,0.10685164
1356765935978,0.28011954,-0.3383004,-0.8983796,0.7342245,-0.5273826,0.42753023,-0.6184234,-0.7793719,0.10065821
1356765936017,0.2695583,-0.3238185,-0.9069067,0.73822325,-0.5352455,0.41053456,-0.61835647,-0.78016263,0.09477049
1356765936059,0.25775063,-0.30968758,-0.9152367,0.7425972,-0.542524,0.39270478,-0.6181537,-0.78087217,0.09013724
1356765936097,0.24493825,-0.29708546,-0.9229006,0.74730164,-0.5486039,0.37493202,-0.6176937,-0.78152025,0.08763838
1356765936137,0.2447952,-0.2963101,-0.9231878,0.74794877,-0.54817253,0.374272,-0.6169668,-0.7821171,0.0874348
1356765936177,0.2223894,-0.28159583,-0.933406,0.7556994,-0.5551115,0.34751934,-0.61600435,-0.782659,0.08935086
1356765936238,0.20571852,-0.27285823,-0.93980217,0.7613033,-0.55879533,0.32888418,-0.61489594,-0.78313214,0.09277343
1356765936257,0.19401956,-0.26875216,-0.94346637,0.7653056,-0.5602161,0.31696263,-0.6137294,-0.78353703,0.09698459
1356765936299,0.19513988,-0.27417964,-0.9416719,0.7658909,-0.55714685,0.32093364,-0.61264306,-0.7838449,0.10127017
1356765936335,0.18824637,-0.2737136,-0.9432095,0.7682955,-0.55720353,0.31503397,-0.61178863,-0.7839677,0.105401285
1356765936378,0.18466026,-0.27550814,-0.94339585,0.7695098,-0.5565799,0.31316674,-0.6113552,-0.7837819,0.109228045
1356765936417,0.18383056,-0.2787171,-0.94261503,0.7696189,-0.55572605,0.31441236,-0.61146784,-0.78325295,0.11234658
1356765936457,0.18486547,-0.28234679,-0.94133157,0.7688405,-0.5550606,0.31747758,-0.6121349,-0.78242445,0.114468105
1356765936498,0.18707043,-0.28616348,-0.939742,0.7674333,-0.5546036,0.32165354,-0.6132298,-0.78136116,0.115861475
1356765936537,0.18991661,-0.29057252,-0.9378162,0.76558316,-0.5541837,0.3267458,-0.6146658,-0.7800308,0.11720873
1356765936577,0.19302315,-0.2958679,-0.9355235,0.763345,-0.5537688,0.3326326,-0.61647904,-0.778333,0.11895908
1356765936618,0.196019,-0.30148876,-0.93310297,0.7607224,-0.55369556,0.33870757,-0.61877143,-0.77622545,0.12081435
1356765936657,0.1984852,-0.30592087,-0.93113697,0.7577609,-0.5546456,0.34375393,-0.6216124,-0.7738092,0.12172592
1356765936697,0.20005947,-0.30740708,-0.9303102,0.75462586,-0.55725706,0.34641653,-0.6249128,-0.7713401,0.12049276
1356765936738,0.20067066,-0.30514425,-0.9309234,0.7517013,-0.56141484,0.34606168,-0.6282329,-0.7692207,0.116717756
1356765936787,0.20063001,-0.29982796,-0.93265784,0.7495203,-0.5660619,0.34320992,-0.63084614,-0.7679042,0.11115825
1356765936819,0.20057678,-0.2932828,-0.9347482,0.74855,-0.569658,0.3393563,-0.63201416,-0.7677728,0.105276674
1356765936859,0.20130247,-0.28735912,-0.9364304,0.74893856,-0.57100517,0.3362201,-0.63132256,-0.76901084,0.100269675
1356765936889,0.20369267,-0.28368676,-0.9370332,0.7497585,-0.5702741,0.3356333,-0.6295805,-0.7709147,0.09653589
1356765936929,0.20727026,-0.28200933,-0.93675494,0.751861,-0.5667084,0.336967,-0.62589467,-0.77415276,0.09456997
1356765936969,0.21433657,-0.28456563,-0.93438864,0.75407106,-0.5598272,0.34346795,-0.6208354,-0.77821314,0.09459131
1356765937009,0.22489697,-0.29166162,-0.92970693,0.7559563,-0.54978424,0.35534126,-0.61477757,-0.7827329,0.09683859
1356765937049,0.23848957,-0.30270013,-0.92276514,0.75753534,-0.53656816,0.37179947,-0.60767007,-0.78769743,0.101340115
1356765937089,0.2540592,-0.3159532,-0.91412663,0.75939316,-0.52015996,0.3908397,-0.5989791,-0.7934779,0.10778126
1356765937129,0.2701611,-0.3290714,-0.9048342,0.76229274,-0.5009752,0.40979713,-0.588152,-0.8004598,0.11550474
1356765937159,0.2853098,-0.3402058,-0.89602363,0.7653103,-0.48192757,0.4266685,-0.57697356,-0.8074688,0.122864306
1356765937199,0.2978058,-0.34814286,-0.8888803,0.770362,-0.46226496,0.4391508,-0.5637855,-0.81554127,0.1305309
1356765937239,0.307868,-0.35376143,-0.8832158,0.77612126,-0.4435656,0.44820225,-0.55032086,-0.82346964,0.13800216
1356765937279,0.31521368,-0.35772437,-0.8790184,0.78173536,-0.4272893,0.4542174,-0.53808,-0.8303354,0.14495847
1356765937319,0.31979907,-0.3601817,-0.87635475,0.7867626,-0.41443396,0.4574374,-0.5279518,-0.8357712,0.15084195
1356765937359,0.32173812,-0.36060828,-0.87546915,0.7912163,-0.40547007,0.45778918,-0.52005905,-0.8399737,0.1548639
1356765937399,0.32128596,-0.35834387,-0.8765643,0.7953079,-0.40037316,0.45517766,-0.51406294,-0.8433807,0.1563594
1356765937439,0.31884605,-0.3531946,-0.87954015,0.79914093,-0.39877552,0.44983536,-0.50961846,-0.8463047,0.15510425
1356765937479,0.3149132,-0.3455519,-0.8839817,0.8026411,-0.40012228,0.4423455,-0.506554,-0.84882045,0.15135032
1356765937508,0.31019676,-0.33726752,-0.8888356,0.805771,-0.40287602,0.43407863,-0.50449103,-0.85084766,0.14678943
1356765937539,0.30536216,-0.32873684,-0.8936924,0.80835193,-0.40656996,0.42575574,-0.5033101,-0.8524276,0.14158401
1356765937569,0.30036896,-0.32002884,-0.89853215,0.81052977,-0.41095632,0.4173205,-0.502812,-0.8536372,0.13595438
1356765937608,0.2948709,-0.30993915,-0.90387434,0.812505,-0.4164964,0.40788046,-0.5028785,-0.8546746,0.12901443
1356765937649,0.29259402,-0.30061096,-0.90775645,0.8134524,-0.42078298,0.40154302,-0.5026767,-0.8559058,0.121414155
1356765937689,0.28086734,-0.28583696,-0.91619366,0.81812763,-0.42779142,0.384268,-0.5017777,-0.8574917,0.11369839
1356765937729,0.270621,-0.27205092,-0.923446,0.8219524,-0.43406653,0.36875546,-0.5011572,-0.85882163,0.10614532
1356765937785,0.26176345,-0.25999397,-0.9294531,0.8236466,-0.4418037,0.35554984,-0.5030766,-0.85861087,0.09849512
1356765937809,0.25495887,-0.25040635,-0.93396604,0.8218651,-0.4527648,0.34574813,-0.5094445,-0.85574573,0.09036382
1356765937849,0.25147814,-0.2439107,-0.93662494,0.815791,-0.46731895,0.3407316,-0.52081066,-0.84977674,0.081459664
1356765937889,0.2529887,-0.2410241,-0.93696535,0.8052176,-0.48440158,0.34202266,-0.5363033,-0.8409889,0.07152879
1356765937929,0.2612456,-0.24202937,-0.93443704,0.79062206,-0.50172037,0.35098952,-0.5537758,-0.830481,0.060281433
1356765937959,0.27787638,-0.2482341,-0.9279895,0.7737611,-0.51465094,0.36936176,-0.56927884,-0.82067907,0.049064547
1356765937987,0.29810017,-0.25591588,-0.9195887,0.75620615,-0.5245719,0.3911221,-0.5824847,-0.81199217,0.03715021
1356765938027,0.32206607,-0.2616157,-0.909852,0.73723924,-0.5336203,0.41440058,-0.5939292,-0.80424297,0.021012336
1356765938067,0.3568945,-0.26938567,-0.8944595,0.7129351,-0.54016834,0.44714853,-0.6036141,-0.7972764,-7.2866306E-4
1356765938107,0.39780676,-0.27254486,-0.87605315,0.68434083,-0.54784507,0.48118973,-0.61108714,-0.79093945,-0.03142294
1356765938147,0.43927664,-0.2603051,-0.8598124,0.655693,-0.56134254,0.5049368,-0.61408687,-0.7855799,-0.0759044
1356765938187,0.47538832,-0.22032079,-0.85174215,0.63541687,-0.5836108,0.5056124,-0.60848284,-0.78157353,-0.13744617
1356765938227,0.49962696,-0.14492095,-0.85403204,0.63372177,-0.61099994,0.4744215,-0.59056723,-0.7782525,-0.21343252
1356765938269,0.5064959,-0.04085684,-0.8612738,0.6550864,-0.631254,0.41518694,-0.56064576,-0.77449924,-0.2929628
1356765938307,0.49980858,0.057763845,-0.86420757,0.6865865,-0.63467693,0.3546607,-0.528006,-0.77061576,-0.35687685
1356765938347,0.49105018,0.12006453,-0.86281765,0.71183705,-0.6262403,0.3179797,-0.50215304,-0.7703296,-0.3929818
1356765938387,0.48990282,0.13340724,-0.86150897,0.72261715,-0.6149483,0.31569448,-0.48766756,-0.7772008,-0.3976673
1356765938427,0.4992098,0.10024166,-0.86066324,0.71919364,-0.60192966,0.3470464,-0.48327023,-0.7922325,-0.37258232
1356765938467,0.5150268,0.0326882,-0.8565506,0.70633245,-0.5823264,0.40248048,-0.4856356,-0.8122977,-0.32300243
1356765938507,0.5314304,-0.05372691,-0.8453964,0.68966997,-0.5520408,0.4686216,-0.49187088,-0.8320843,-0.25631744
1356765938547,0.54392624,-0.14443508,-0.8266092,0.6743475,-0.5110173,0.533026,-0.49939924,-0.8473487,-0.1805563
1356765938587,0.5503572,-0.22777157,-0.80326027,0.66445756,-0.46307436,0.5865648,-0.505572,-0.8565525,-0.10351178
1356765938627,0.55017155,-0.29532862,-0.78108406,0.6625307,-0.41498345,0.62357193,-0.50829554,-0.8605637,-0.032647848
1356765938667,0.54382414,-0.34332025,-0.76575875,0.66873646,-0.37398517,0.6425937,-0.5069978,-0.8615487,0.02620861
1356765938709,0.53208554,-0.37232512,-0.76043344,0.6815036,-0.3446217,0.6455918,-0.50243187,-0.86174816,0.07037267
1356765938748,0.5150016,-0.38568002,-0.76552224,0.6985859,-0.3286847,0.6355661,-0.49674055,-0.8621006,0.10015744
1356765938789,0.49400958,-0.38584322,-0.7791531,0.717552,-0.32513264,0.6159609,-0.49099243,-0.86337346,0.11624396
1356765938814,0.4691124,-0.3785258,-0.79790455,0.737279,-0.32950377,0.58978534,-0.48616165,-0.8649539,0.124504924
1356765938860,0.44167775,-0.3608806,-0.82139266,0.75656724,-0.34226042,0.5571928,-0.48221025,-0.86753845,0.12186167
1356765938897,0.40875775,-0.3372288,-0.848053,0.7766291,-0.3595186,0.5172946,-0.47933745,-0.87007076,0.11494568
1356765938937,0.37582797,-0.31237048,-0.8724551,0.7933462,-0.3780955,0.477122,-0.47891024,-0.8714748,0.10571915
1356765938977,0.34524578,-0.28956786,-0.8927238,0.8046154,-0.398327,0.44037443,-0.48311436,-0.8703367,0.0954701
1356765939017,0.32053232,-0.27059263,-0.90776575,0.80906516,-0.42017812,0.41093048,-0.49261808,-0.8661581,0.08424643
1356765939057,0.3050658,-0.25650218,-0.9171376,0.8067473,-0.44214398,0.39200425,-0.5060569,-0.8594854,0.0720495
1356765939097,0.30198598,-0.24900022,-0.9202192,0.79815805,-0.4618026,0.3868877,-0.5212947,-0.851315,0.059283614
1356765939139,0.3131274,-0.2492401,-0.9164227,0.78314763,-0.47809976,0.39761847,-0.53724396,-0.8421995,0.045485646
1356765939178,0.3403226,-0.2588247,-0.90398586,0.76081693,-0.4891575,0.42647713,-0.55257416,-0.8329075,0.030446798
1356765939218,0.37774104,-0.2731169,-0.884714,0.7312613,-0.49810594,0.46599072,-0.5679512,-0.82298094,0.011564732
1356765939263,0.42453074,-0.29044902,-0.8575622,0.692711,-0.5057138,0.51420313,-0.58303094,-0.8123378,-0.013493776
1356765939299,0.4725518,-0.29946402,-0.82886434,0.64847445,-0.5187404,0.5571259,-0.5968046,-0.80076814,-0.050936967
1356765939335,0.5186417,-0.29441947,-0.80270034,0.6032758,-0.53926253,0.58758336,-0.6058622,-0.78899497,-0.10206792
1356765939378,0.5534451,-0.2548231,-0.7929462,0.57300913,-0.57443404,0.58453923,-0.6044494,-0.77787584,-0.17190173
1356765939418,0.57421595,-0.17502244,-0.799777,0.5697038,-0.61615294,0.5438686,-0.58797413,-0.767934,-0.2540939
1356765939458,0.5768864,-0.06384182,-0.81432563,0.5978755,-0.6462703,0.47421482,-0.55654913,-0.76043344,-0.33465508
1356765939498,0.5683048,0.036130786,-0.82202446,0.6367795,-0.6520088,0.41157806,-0.52109647,-0.7573501,-0.39354706
1356765939537,0.5632678,0.08785704,-0.82159024,0.6632588,-0.6410644,0.3861661,-0.4927649,-0.7624419,-0.4193629
1356765939577,0.56979764,0.08294356,-0.8175885,0.66940093,-0.62395006,0.40322286,-0.47668964,-0.77704996,-0.41104776
1356765939617,0.5862036,0.031425714,-0.8095541,0.65888035,-0.59994376,0.45381072,-0.47142565,-0.79942477,-0.37239495
1356765939657,0.6059654,-0.04926294,-0.7939642,0.63951325,-0.56342435,0.5230447,-0.4731055,-0.8246976,-0.3099113
1356765939697,0.62324166,-0.14060056,-0.7692863,0.61880404,-0.5128259,0.5950556,-0.47817507,-0.8469008,-0.23261029
1356765939737,0.63557327,-0.2284987,-0.7374516,0.6014965,-0.4522582,0.658532,-0.48399228,-0.8621199,-0.15000203
1356765939785,0.6430336,-0.30405307,-0.70289373,0.58986074,-0.38872966,0.70778084,-0.4884385,-0.8697362,-0.07061729
1356765939819,0.6468283,-0.36258638,-0.67092794,0.5843833,-0.329609,0.74152136,-0.49000952,-0.871716,-0.0013109753
1356765939859,0.648381,-0.40336213,-0.6456788,0.5840589,-0.2804707,0.7617161,-0.4883414,-0.8709967,0.053735346
1356765939899,0.6487392,-0.42854273,-0.62887883,0.5870973,-0.24395883,0.77188134,-0.48420468,-0.8699627,0.09333062
1356765939939,0.64842373,-0.44176424,-0.6199928,0.59157634,-0.22019267,0.77559835,-0.4791494,-0.8696894,0.11855906
1356765939980,0.6475692,-0.44679713,-0.6172734,0.59583056,-0.20807883,0.77568626,-0.4750159,-0.87010086,0.13146994
1356765940019,0.64607626,-0.4462329,-0.6192428,0.5991075,-0.20620298,0.7736605,-0.4729224,-0.8708367,0.13411862
1356765940060,0.6437162,-0.44090194,-0.62548774,0.60230035,-0.21231982,0.7695158,-0.47208443,-0.87208134,0.12888166
1356765940099,0.64034224,-0.43102843,-0.6357486,0.60694367,-0.2233066,0.76272774,-0.4707242,-0.8742703,0.118617326
1356765940140,0.63629794,-0.41887602,-0.6478178,0.6126864,-0.23587462,0.7543067,-0.46876472,-0.8768729,0.10655311
1356765940179,0.63267183,-0.40764454,-0.6584468,0.6169143,-0.24866584,0.7467141,-0.46812722,-0.8786303,0.094157875
1356765940219,0.6309453,-0.39980495,-0.66487896,0.6169286,-0.26109907,0.74244624,-0.47043297,-0.8786258,0.08191186
1356765940259,0.63254964,-0.39662915,-0.6652565,0.61111075,-0.27211425,0.74330175,-0.47584093,-0.87672067,0.07025859
1356765940299,0.6383749,-0.39869976,-0.6584193,0.5986367,-0.28053677,0.75028884,-0.4838508,-0.8731195,0.05958867
1356765940339,0.64829826,-0.40556678,-0.64437956,0.5793977,-0.28629014,0.7631097,-0.49397144,-0.86807466,0.049383014
1356765940379,0.66117054,-0.41578257,-0.62448245,0.5539408,-0.29081774,0.78011197,-0.50596756,-0.86171335,0.03803879
1356765940419,0.67520624,-0.42735922,-0.60121596,0.5233283,-0.2968613,0.7987495,-0.5198307,-0.853954,0.023206562
1356765940459,0.6886848,-0.43741766,-0.5782551,0.48918173,-0.30835515,0.8158544,-0.53517705,-0.8447384,0.001617223
1356765940499,0.70084375,-0.44125473,-0.56045717,0.45379418,-0.3303998,0.827591,-0.55035335,-0.8343442,-0.031319827
1356765940539,0.7124625,-0.43156946,-0.5533037,0.42078948,-0.3682437,0.8290554,-0.5615456,-0.82349527,-0.08075994
1356765940579,0.72523,-0.39872763,-0.5613001,0.39676884,-0.42422998,0.8140046,-0.5626864,-0.8130469,-0.14946163
1356765940621,0.7391924,-0.33315912,-0.5853201,0.39209,-0.4937421,0.77619857,-0.5475948,-0.80325824,-0.23434207
1356765940660,0.7482547,-0.24539062,-0.6163589,0.41168573,-0.5567892,0.7214573,-0.5202209,-0.79358,-0.31559634
1356765940699,0.7481929,-0.15953662,-0.6440151,0.44701433,-0.5960771,0.666986,-0.49029133,-0.78691816,-0.3746655
1356765940739,0.73897475,-0.103036836,-0.66580766,0.48255694,-0.60869545,0.6297847,-0.4701651,-0.786685,-0.4000894
1356765940788,0.72446764,-0.086860225,-0.6838143,0.50954574,-0.6006207,0.6161314,-0.4642303,-0.79480195,-0.390871
1356765940819,0.7069205,-0.106663495,-0.699204,0.5291836,-0.57614434,0.6229145,-0.46928468,-0.81035835,-0.35084367
1356765940859,0.68708754,-0.15151961,-0.71060014,0.54584724,-0.53784984,0.6424705,-0.4795431,-0.82931256,-0.28684336
1356765940899,0.66590905,-0.20911206,-0.71612656,0.56271195,-0.48945457,0.66617525,-0.48981667,-0.84658515,-0.20826238
1356765940939,0.6452067,-0.26861224,-0.7152313,0.5807632,-0.43582612,0.6875825,-0.49640957,-0.85901284,-0.12519783
1356765940979,0.6271375,-0.3219478,-0.7092589,0.59943956,-0.3819518,0.7034097,-0.4973639,-0.86629236,-0.04654807
1356765941019,0.6132651,-0.3639012,-0.70105773,0.6174267,-0.33270472,0.7128057,-0.49263605,-0.8699905,0.020646095
1356765941059,0.6039779,-0.3925748,-0.69361055,0.6333536,-0.29187903,0.7167076,-0.48381174,-0.8721763,0.072350234
1356765941099,0.5984967,-0.4087387,-0.6890097,0.646634,-0.2612498,0.716668,-0.4729336,-0.8744606,0.10794717
1356765941139,0.5953431,-0.4145117,-0.68829256,0.657588,-0.24085933,0.71383816,-0.46167594,-0.87759155,0.12918395
1356765941180,0.59284425,-0.41197237,-0.6919642,0.6669309,-0.23043713,0.7085914,-0.45137435,-0.8815767,0.13814384
1356765941220,0.5892958,-0.40439126,-0.699427,0.67532873,-0.2286343,0.7011828,-0.44346526,-0.8855472,0.13836387
1356765941248,0.58384603,-0.3950333,-0.709276,0.68355936,-0.23217034,0.6919851,-0.43803006,-0.888845,0.13447699
1356765941278,0.57707894,-0.38500005,-0.7202463,0.6910563,-0.2397877,0.6818672,-0.43522513,-0.89122206,0.12768033
1356765941309,0.56879723,-0.37543035,-0.7317936,0.6977196,-0.2508609,0.6710114,-0.4354964,-0.8922561,0.11925611
1356765941349,0.55923986,-0.36792502,-0.74288756,0.70118046,-0.26813784,0.6606421,-0.44226307,-0.89035565,0.1080285
1356765941389,0.54723096,-0.36218855,-0.75455797,0.7024286,-0.29147732,0.6493344,-0.45511794,-0.885359,0.09490612
1356765941429,0.5348484,-0.35782862,-0.76543844,0.7008604,-0.31811106,0.6384358,-0.47194496,-0.8779318,0.080646664
1356765941469,0.52430797,-0.35483927,-0.77407384,0.6964721,-0.34431595,0.62958175,-0.48992625,-0.86921555,0.06660804
1356765941509,0.5176126,-0.35373694,-0.7790683,0.6891405,-0.36730292,0.62463903,-0.50711197,-0.8602085,0.053653806
1356765941549,0.51605546,-0.35471532,-0.77965623,0.6784638,-0.38633606,0.624845,-0.5228514,-0.85142326,0.0412907
1356765941589,0.51987123,-0.35725355,-0.7759535,0.6638973,-0.40264168,0.63017476,-0.5375634,-0.84276307,0.02785781
1356765941629,0.5282643,-0.35933363,-0.7692959,0.6452799,-0.4189762,0.6388057,-0.5518611,-0.8338694,0.010540634
1356765941669,0.53980803,-0.35583818,-0.7628803,0.623806,-0.43941352,0.64636034,-0.56521964,-0.82479984,-0.015224934
1356765941709,0.5526813,-0.3374107,-0.762035,0.60340345,-0.46869582,0.6451577,-0.5748458,-0.8163812,-0.055444658
1356765941749,0.5640478,-0.29137698,-0.7726251,0.5920571,-0.5095258,0.6243812,-0.57560277,-0.80961895,-0.11488509
1356765941787,0.56793964,-0.20418283,-0.79734176,0.6018816,-0.557744,0.5715419,-0.5614117,-0.80450666,-0.19387108
1356765941826,0.556039,-0.08364266,-0.82693684,0.637732,-0.5951185,0.489011,-0.53302765,-0.7992733,-0.27756748
1356765941867,0.5260259,0.04197088,-0.84943235,0.68971586,-0.605409,0.39720508,-0.49758294,-0.7948071,-0.3474088
1356765941907,0.48812112,0.1340633,-0.86241794,0.737185,-0.59230494,0.32516623,-0.4672216,-0.7944821,-0.387946
1356765941948,0.45608693,0.17411503,-0.8727363,0.7683431,-0.5718615,0.2874426,-0.44903618,-0.8016598,-0.39459866
1356765941987,0.43703058,0.16328314,-0.8845015,0.78288436,-0.5532087,0.28469682,-0.44282776,-0.81688356,-0.3696009
1356765942027,0.43103462,0.111920625,-0.89536744,0.7849959,-0.53582466,0.3109233,-0.44496125,-0.83687854,-0.31881624
1356765942067,0.43432617,0.034389198,-0.90009904,0.77948064,-0.51512945,0.356443,-0.45140973,-0.85642225,-0.2505399
1356765942107,0.44253263,-0.054778427,-0.89507776,0.7706113,-0.48722735,0.4108137,-0.45861012,-0.87155545,-0.17340112
1356765942147,0.4517522,-0.14238358,-0.88070816,0.7622081,-0.4514293,0.46395084,-0.46363646,-0.8808737,-0.09540825
1356765942187,0.4588667,-0.21802232,-0.8613406,0.75717974,-0.41127256,0.5074777,-0.4648872,-0.8850543,-0.023637176
1356765942227,0.4618412,-0.27591544,-0.8429551,0.7568101,-0.37302372,0.5367416,-0.46253765,-0.8858464,0.036537945
1356765942285,0.45968524,-0.31505528,-0.830319,0.760939,-0.34232625,0.55116653,-0.45788795,-0.88518524,0.08237553
1356765942307,0.45191747,-0.3371102,-0.82591003,0.7689631,-0.322092,0.55222523,-0.45217973,-0.8846545,0.11366621
1356765942348,0.43816483,-0.34450775,-0.8302566,0.7802785,-0.31280923,0.5415865,-0.4462926,-0.88513553,0.1317499
1356765942385,0.41845542,-0.33990622,-0.8422345,0.7939546,-0.31342757,0.52096015,-0.441057,-0.8866945,0.13871458
1356765942428,0.39349556,-0.32613954,-0.85953134,0.8085934,-0.32207733,0.49238467,-0.43742174,-0.8887626,0.13697836
1356765942467,0.36508524,-0.30744123,-0.8787449,0.8221698,-0.33633822,0.459253,-0.4367488,-0.89014405,0.12997681
1356765942507,0.33614665,-0.2880399,-0.8966819,0.8320061,-0.35532343,0.42604116,-0.4413289,-0.8892572,0.1202102
1356765942547,0.30916142,-0.27029356,-0.9117898,0.83621335,-0.379382,0.39600068,-0.45295307,-0.88487893,0.10873279
1356765942587,0.28656667,-0.25443226,-0.9236578,0.834297,-0.40767878,0.37114215,-0.47098622,-0.87696195,0.09544492
1356765942627,0.27141392,-0.24092743,-0.93182,0.8270079,-0.43686962,0.35384014,-0.4923336,-0.86665964,0.08067634
1356765942667,0.2675808,-0.23207319,-0.93516976,0.81522393,-0.46284145,0.34812006,-0.5136247,-0.855523,0.065344214
1356765942707,0.27835017,-0.23053554,-0.93240255,0.7990606,-0.483065,0.3579809,-0.5329384,-0.84469014,0.049750656
1356765942747,0.30500716,-0.23755401,-0.9222465,0.77755135,-0.4970401,0.38518184,-0.549895,-0.83457726,0.033109665
1356765942790,0.34579372,-0.25139767,-0.9040055,0.7491663,-0.5061161,0.42731315,-0.56495714,-0.8250126,0.013326831
1356765942829,0.3985188,-0.2703483,-0.87640995,0.7124001,-0.5105869,0.48144266,-0.5776407,-0.8162185,-0.010882288
1356765942869,0.4511991,-0.28051704,-0.84718925,0.6727406,-0.5168448,0.5294257,-0.5863783,-0.80881494,-0.04448473
1356765942909,0.4981245,-0.2691933,-0.8242615,0.6378192,-0.5302217,0.5586158,-0.58741695,-0.80399,-0.09241974
1356765942949,0.5304667,-0.21939959,-0.8188217,0.6224031,-0.5549748,0.5519215,-0.57551676,-0.8024131,-0.15784064
1356765942989,0.53934205,-0.12167668,-0.83324957,0.64004695,-0.5837848,0.4995349,-0.54722023,-0.8027391,-0.23698094
1356765943029,0.5195085,0.009978652,-0.854407,0.6892233,-0.5959325,0.41211122,-0.50505656,-0.8029725,-0.31646952
1356765943067,0.48484883,0.12544718,-0.8655546,0.7418828,-0.58310175,0.33106238,-0.46317557,-0.80265516,-0.37578332
1356765943107,0.45802286,0.18992263,-0.86841494,0.77651584,-0.56101227,0.2868595,-0.43271035,-0.8057262,-0.40443438
1356765943147,0.44945237,0.1987327,-0.87091786,0.79008234,-0.54337776,0.28374377,-0.41684824,-0.81562614,-0.4012376
1356765943188,0.45911175,0.15982172,-0.8738841,0.78713334,-0.52923894,0.31674483,-0.4118708,-0.8332846,-0.3687808
1356765943227,0.4797292,0.087181985,-0.8730746,0.7741756,-0.5103507,0.37442535,-0.41293103,-0.8555358,-0.3123243
1356765943267,0.5025799,-0.0027420819,-0.8645264,0.75734353,-0.4808816,0.44179595,-0.4169463,-0.8767812,-0.23960476
1356765943307,0.5225781,-0.097123206,-0.84704137,0.7406369,-0.44042027,0.50743175,-0.42233762,-0.8925228,-0.15822098
1356765943347,0.5368745,-0.18554616,-0.8230057,0.7271563,-0.39288622,0.5629246,-0.4277961,-0.9006736,-0.07600951
1356765943387,0.544302,-0.26045406,-0.7974328,0.7188503,-0.3451865,0.60340744,-0.43242288,-0.90167063,-6.582439E-4
1356765943427,0.54485625,-0.31799048,-0.7758955,0.71615416,-0.30485272,0.62784404,-0.43618223,-0.89774555,0.061629236
1356765943467,0.5389852,-0.35742575,-0.76272,0.71862656,-0.27723444,0.6377436,-0.4393982,-0.8918452,0.1074304
1356765943507,0.52699023,-0.379589,-0.76039034,0.72592545,-0.2642119,0.6349995,-0.441943,-0.8866253,0.13631621
1356765943547,0.5088116,-0.38594604,-0.76951694,0.7380105,-0.26466438,0.62071985,-0.44322813,-0.8837411,0.150168
1356765943587,0.48461628,-0.37881565,-0.7884451,0.7542826,-0.27546406,0.59596753,-0.4429501,-0.8835261,0.15223968
1356765943627,0.45542818,-0.36195067,-0.8133738,0.7729293,-0.29260826,0.56299275,-0.44177544,-0.88508314,0.14650017
1356765943667,0.42368752,-0.34064472,-0.8393153,0.79073274,-0.31289482,0.52615464,-0.4418491,-0.8865992,0.13678926
1356765943707,0.39284384,-0.32014996,-0.86207753,0.80397934,-0.3355114,0.49096775,-0.44642013,-0.8859662,0.12559038
1356765943747,0.36614108,-0.30344978,-0.87969255,0.81017447,-0.36109483,0.46176624,-0.45777524,-0.881776,0.11363555
1356765943790,0.34622687,-0.29113874,-0.89183253,0.8085207,-0.38956696,0.44105774,-0.4758374,-0.87377113,0.1005131
1356765943829,0.3357358,-0.28339878,-0.89831316,0.80061615,-0.4165982,0.43065035,-0.49628147,-0.8637887,0.08702671
1356765943869,0.3360809,-0.28084973,-0.89898443,0.7875103,-0.43975568,0.43178993,-0.51660156,-0.8530758,0.07337856
1356765943909,0.34900177,-0.2842995,-0.8929567,0.76952434,-0.45686305,0.4462157,-0.53481776,-0.842882,0.05932937
1356765943949,0.3734498,-0.29222998,-0.8804186,0.74676764,-0.46835005,0.4722142,-0.5503393,-0.8338164,0.04332268
1356765943989,0.40683818,-0.30153987,-0.8622972,0.71924484,-0.4762128,0.5058737,-0.56317806,-0.82601154,0.023139447
1356765944027,0.44515747,-0.30668518,-0.8412961,0.6881536,-0.48398656,0.5405567,-0.5729567,-0.8195738,-0.004403714
1356765944067,0.48412815,-0.29912376,-0.8222803,0.65715384,-0.49618414,0.5674065,-0.5777272,-0.8150621,-0.04364637
1356765944107,0.51915467,-0.26702243,-0.81189746,0.6338608,-0.51693475,0.5753251,-0.5733227,-0.8133127,-0.099114
1356765944147,0.54530066,-0.20001525,-0.81402767,0.6283935,-0.5451663,0.5549011,-0.55476916,-0.81411767,-0.17159128
1356765944188,0.5568901,-0.09954584,-0.8245993,0.6471503,-0.5703177,0.5058994,-0.5206438,-0.8153701,-0.25318313
1356765944230,0.55224824,0.010138184,-0.83361804,0.68334615,-0.57829165,0.4456644,-0.47755614,-0.81576705,-0.32628843
1356765944267,0.5394745,0.09055829,-0.8371179,0.71713483,-0.57040334,0.40044677,-0.4412311,-0.81635725,-0.37266058
1356765944307,0.531109,0.12057263,-0.83868086,0.73558646,-0.55686414,0.38576534,-0.42051855,-0.8218057,-0.3844471
1356765944347,0.5297226,0.1024456,-0.8419613,0.7394554,-0.5420152,0.39928097,-0.41545123,-0.834101,-0.36287165
1356765944387,0.53267497,0.047837466,-0.8449668,0.73421466,-0.5226965,0.43326348,-0.42093498,-0.8511756,-0.3135503
1356765944427,0.5353303,-0.027836889,-0.84418404,0.7261512,-0.49533045,0.47681457,-0.4314231,-0.86825854,-0.2449516
1356765944467,0.53449667,-0.11010742,-0.8379675,0.72007143,-0.45977995,0.519711,-0.44250473,-0.8811803,-0.16646564
1356765944507,0.52913713,-0.18725842,-0.827616,0.71884465,-0.41931608,0.55446947,-0.45086178,-0.8883177,-0.08726599
1356765944547,0.519791,-0.25131935,-0.81648993,0.7232519,-0.3792069,0.5771557,-0.454669,-0.8905283,-0.015341133
1356765944587,0.5076458,-0.29863524,-0.80815387,0.73224306,-0.3447318,0.58734995,-0.45399976,-0.8899308,0.043671932
1356765944627,0.49388275,-0.32942528,-0.8047103,0.743861,-0.31917176,0.5871968,-0.45027834,-0.88859904,0.08741325
1356765944667,0.47924417,-0.34581482,-0.80668277,0.7564964,-0.3032639,0.5794343,-0.44501477,-0.88794315,0.116270244
1356765944707,0.46400937,-0.35016924,-0.813681,0.7694611,-0.29577532,0.56608,-0.43889055,-0.88876235,0.13219905
1356765944747,0.44816938,-0.34461185,-0.8248557,0.7828034,-0.29430082,0.5482755,-0.43169785,-0.8914201,0.13786668
1356765944791,0.43177265,-0.33155507,-0.83883464,0.79658204,-0.29609025,0.52705574,-0.42311868,-0.8957689,0.13626713
1356765944829,0.41527927,-0.31490594,-0.85345024,0.8098212,-0.29940653,0.50452477,-0.41440648,-0.9006608,0.1306802
1356765944869,0.39958477,-0.29925388,-0.8664751,0.8203184,-0.30515707,0.48369098,-0.40915737,-0.9040611,0.123547316
1356765944909,0.38544643,-0.2876859,-0.87673706,0.8258413,-0.3162821,0.46685314,-0.41160327,-0.90399253,0.115673095
1356765944949,0.37334728,-0.28014243,-0.88438225,0.8255633,-0.33450812,0.45447737,-0.42315134,-0.8997914,0.106387556
1356765944989,0.3638193,-0.27485055,-0.8899959,0.8202589,-0.3582129,0.44593582,-0.44137377,-0.8922671,0.09512389
1356765945029,0.35782933,-0.2705876,-0.8937229,0.811244,-0.3838902,0.44103473,-0.4624299,-0.8828425,0.08214536
1356765945069,0.3565532,-0.26704627,-0.89529663,0.79950553,-0.40859103,0.4402775,-0.48338467,-0.872777,0.06782055
1356765945107,0.36079925,-0.26406586,-0.8944793,0.7854487,-0.43110758,0.44409087,-0.50288606,-0.86279523,0.051866867
1356765945147,0.37062728,-0.26102677,-0.8913475,0.76913786,-0.45170748,0.45209214,-0.52063656,-0.85312676,0.033350475
1356765945187,0.3851692,-0.25583065,-0.88667667,0.7508681,-0.4717,0.46227288,-0.5365089,-0.84383047,0.010410756
1356765945227,0.4024756,-0.24291949,-0.88261175,0.73208815,-0.4934383,0.46964407,-0.5496001,-0.8351699,-0.020758424
1356765945267,0.41968977,-0.2127007,-0.88239384,0.71658623,-0.5190399,0.46594167,-0.55710375,-0.82786226,-0.06541735
1356765945307,0.43234906,-0.15311798,-0.8886108,0.71143794,-0.5475569,0.44049692,-0.55401295,-0.8226398,-0.12780178
1356765945365,0.43376458,-0.05793956,-0.8991614,0.72452164,-0.5708252,0.38629895,-0.535646,-0.81902474,-0.2056253
1356765945388,0.4177268,0.060845703,-0.906533,0.75686765,-0.5752906,0.31014863,-0.5026487,-0.8156829,-0.28636646
1356765945428,0.3864019,0.16849864,-0.90680856,0.79585063,-0.5578321,0.23546782,-0.46617097,-0.8126694,-0.34964716
1356765945465,0.35060427,0.2380479,-0.90576476,0.8277636,-0.53114176,0.18081987,-0.43804568,-0.81315535,-0.38326794
1356765945508,0.3193203,0.26229382,-0.9106242,0.84786606,-0.50828075,0.1509096,-0.42327017,-0.8202759,-0.38469443
1356765945547,0.29597214,0.2467438,-0.92277735,0.8579619,-0.49333057,0.14327025,-0.4198832,-0.8341118,-0.35770884
1356765945587,0.2815454,0.1980753,-0.9388814,0.8607601,-0.4845506,0.15589347,-0.42405686,-0.8520428,-0.3069183
1356765945627,0.27334324,0.12706792,-0.95348686,0.85964733,-0.4770384,0.1828683,-0.43161315,-0.8696483,-0.23962884
1356765945668,0.2682094,0.045260638,-0.96229684,0.8576466,-0.46615762,0.21711627,-0.43875515,-0.88354325,-0.16384552
1356765945707,0.2631694,-0.035882384,-0.96408206,0.85721457,-0.44979256,0.2507383,-0.44263405,-0.89241195,-0.08761269
1356765945747,0.2558627,-0.10641375,-0.9608383,0.85956895,-0.42975986,0.2764919,-0.44235227,-0.8966508,-0.018489584
1356765945792,0.24518359,-0.16077825,-0.95605195,0.8643526,-0.41036695,0.29067788,-0.43906674,-0.89763546,0.03835383
1356765945829,0.23088527,-0.19763511,-0.9526974,0.8705558,-0.39533484,0.29298976,-0.43453953,-0.8970233,0.08077538
1356765945869,0.213274,-0.21827993,-0.95229626,0.87748015,-0.38579,0.284947,-0.4295845,-0.8963928,0.109257236
1356765945909,0.19260967,-0.22484308,-0.9551686,0.88499826,-0.38067895,0.26807022,-0.4238863,-0.8969555,0.12566324
1356765945949,0.16936344,-0.21992546,-0.9607022,0.89311236,-0.37793064,0.24396443,-0.41673288,-0.8993337,0.13241059
1356765945989,0.14434582,-0.20701215,-0.9676312,0.90117896,-0.3763908,0.21495676,-0.40870616,-0.9030371,0.13222459
1356765946029,0.11874521,-0.1900284,-0.9745711,0.90738976,-0.37776613,0.184219,-0.40316674,-0.906191,0.12757184
1356765946069,0.09376407,-0.17154256,-0.98070455,0.90957165,-0.38578075,0.15444303,-0.40483046,-0.90650225,0.11985788
1356765946109,0.07063836,-0.15184987,-0.9858762,0.9067476,-0.40212405,0.12690607,-0.4157152,-0.90290534,0.10928409
1356765946149,0.050994277,-0.13071048,-0.99010825,0.8997483,-0.42423832,0.10234678,-0.43341967,-0.8960673,0.09597276
1356765946189,0.03701079,-0.109381765,-0.9933106,0.8905482,-0.4473555,0.08244392,-0.45338082,-0.88764226,0.08085273
1356765946229,0.030887544,-0.08983788,-0.9954773,0.88081646,-0.4683153,0.06959346,-0.4724494,-0.8789823,0.064665556
1356765946269,0.034208238,-0.07309526,-0.9967381,0.87123775,-0.48646116,0.06557542,-0.48966768,-0.8706391,0.04704246
1356765946309,0.047611654,-0.058856726,-0.9971304,0.8616592,-0.5025236,0.07080507,-0.5052489,-0.86255777,0.026788473
1356765946349,0.07031745,-0.045117944,-0.99650383,0.85152566,-0.5176177,0.083522946,-0.5195763,-0.8544216,0.0020214915
1356765946389,0.09978205,-0.027434915,-0.994631,0.8407049,-0.53236216,0.099024236,-0.53222066,-0.846072,-0.030055508
1356765946427,0.12985766,0.003534019,-0.9915263,0.8309444,-0.5459925,0.106880575,-0.54098827,-0.8377825,-0.07383786
1356765946467,0.15086937,0.059898257,-0.9867374,0.8272681,-0.5540812,0.092852384,-0.54117095,-0.830305,-0.13314582
1356765946507,0.1508478,0.14892814,-0.9772744,0.83626807,-0.5464033,0.045815587,-0.5271628,-0.82417464,-0.20696759
1356765946548,0.12359691,0.25863418,-0.9580356,0.8588556,-0.5114907,-0.02728194,-0.49708235,-0.8194423,-0.2853481
1356765946587,0.08039123,0.35286936,-0.93221265,0.88418853,-0.4570034,-0.09673917,-0.46016067,-0.8164748,-0.34874216
1356765946627,0.041735172,0.40523726,-0.91325843,0.9021806,-0.40806276,-0.13983938,-0.42933488,-0.8180878,-0.3826278
1356765946667,0.020493746,0.41176444,-0.91105986,0.91028744,-0.3845383,-0.15332034,-0.41346928,-0.8261843,-0.38270465
1356765946707,0.024009943,0.3747779,-0.9268037,0.9106082,-0.39079326,-0.13443735,-0.41257277,-0.8407272,-0.3506587
1356765946747,0.055665016,0.29651576,-0.9534043,0.90517324,-0.41798288,-0.07714677,-0.42138198,-0.8587017,-0.2916651
1356765946793,0.11277318,0.18330634,-0.97656596,0.8939065,-0.44784367,0.019165218,-0.43383577,-0.8751199,-0.21436349
1356765946829,0.18413138,0.0513196,-0.98156095,0.87649363,-0.46050203,0.14034507,-0.44480836,-0.88617384,-0.12977418
1356765946869,0.25492477,-0.07788399,-0.96381915,0.8553616,-0.4466955,0.2623348,-0.4509654,-0.8912896,-0.04725474
1356765946909,0.31091166,-0.18360159,-0.93253654,0.8366214,-0.41270882,0.36018893,-0.4509973,-0.892167,0.025289
1356765946949,0.34559214,-0.2565896,-0.90262276,0.82584983,-0.37357175,0.42239338,-0.44557613,-0.8914067,0.08280101
1356765946989,0.35924846,-0.29821327,-0.88431287,0.8250189,-0.34142965,0.45029947,-0.43621597,-0.8913442,0.12337354
1356765947029,0.3549816,-0.31406748,-0.8805394,0.8331113,-0.32106793,0.4503787,-0.42416227,-0.8934635,0.14767998
1356765947069,0.33640063,-0.30996487,-0.8892449,0.847569,-0.31190056,0.4293541,-0.4104406,-0.8981314,0.15779299
1356765947109,0.30716264,-0.29102674,-0.90606546,0.8651589,-0.31120878,0.39325485,-0.39642313,-0.9046837,0.1561926
1356765947149,0.27139384,-0.26239294,-0.92601043,0.8826634,-0.31573987,0.34815732,-0.3837325,-0.9118433,0.14591485
1356765947189,0.2338627,-0.22966892,-0.9447542,0.8974815,-0.32273287,0.300617,-0.37394553,-0.9182025,0.13064836
1356765947229,0.19955546,-0.19863224,-0.95954305,0.9076569,-0.3315239,0.25739256,-0.36923784,-0.9223,0.11413248
1356765947269,0.17213053,-0.17294195,-0.96977425,0.9121672,-0.34370506,0.22319919,-0.37191686,-0.92301565,0.09858984
1356765947309,0.15377104,-0.1535314,-0.9761058,0.91118383,-0.36009777,0.20018318,-0.38222805,-0.92019427,0.08452284
1356765947349,0.14702094,-0.14093953,-0.9790408,0.9055994,-0.3789245,0.19054109,-0.39783734,-0.91463226,0.07192494
1356765947389,0.15570152,-0.13693592,-0.9782666,0.89609826,-0.39713836,0.19821423,-0.41564986,-0.9074853,0.06087303
1356765947429,0.18350947,-0.14339426,-0.9725031,0.8822551,-0.4122793,0.22726983,-0.43353218,-0.899702,0.050853223
1356765947469,0.23232627,-0.16092363,-0.95923316,0.8619114,-0.42293334,0.27970746,-0.45070317,-0.89175737,0.040443316
1356765947509,0.3011617,-0.18852153,-0.934752,0.8312621,-0.42840576,0.35422012,-0.46723127,-0.8837013,0.027691394
1356765947549,0.38478327,-0.22259513,-0.8957641,0.7864944,-0.42886013,0.44441617,-0.48308232,-0.87551725,0.010051556
1356765947589,0.4723873,-0.2549615,-0.84370893,0.72774816,-0.42719024,0.5365548,-0.4972251,-0.8674693,-0.016251475
1356765947629,0.5506923,-0.27337414,-0.7886727,0.6632322,-0.43038347,0.6122852,-0.5068146,-0.8602539,-0.05569837
1356765947669,0.60821605,-0.26284048,-0.74899143,0.61080015,-0.4476544,0.6530917,-0.5069482,-0.8547049,-0.111727595
1356765947712,0.6344954,-0.20292483,-0.7458131,0.5971988,-0.4838593,0.6397138,-0.49068242,-0.8512941,-0.18582001
1356765947749,0.63231814,-0.10660055,-0.7673396,0.6227269,-0.51927483,0.58529043,-0.46085238,-0.8479328,-0.26196384
1356765947795,0.6042129,0.0055479407,-0.7968036,0.67551506,-0.5339327,0.50852257,-0.42261827,-0.84550875,-0.32635674
1356765947829,0.5759854,0.086131155,-0.8129098,0.7187854,-0.52699614,0.4534564,-0.38934356,-0.8454919,-0.36545187
1356765947869,0.5716387,0.10952833,-0.8131622,0.73244977,-0.51477325,0.44556227,-0.3697925,-0.85030115,-0.37448832
1356765947909,0.59687674,0.075492084,-0.7987735,0.7147872,-0.5022446,0.48665148,-0.3644413,-0.861424,-0.35373884
1356765947949,0.6406086,-9.77248E-4,-0.76786697,0.6733713,-0.47989035,0.5623845,-0.36904156,-0.8773279,-0.30676383
1356765947987,0.6852779,-0.096153945,-0.72190624,0.62211597,-0.43806624,0.64889884,-0.3786369,-0.8937855,-0.2403782
1356765948027,0.7191199,-0.18814065,-0.6689317,0.5757877,-0.3775887,0.72518635,-0.38901815,-0.90665865,-0.16320246
1356765948067,0.73920727,-0.2638873,-0.61962575,0.5440351,-0.30835113,0.78034943,-0.39698666,-0.9139381,-0.08437145
1356765948107,0.747548,-0.31916386,-0.58250016,0.5296249,-0.24281609,0.8127348,-0.400836,-0.9160648,-0.012479545
1356765948148,0.74710476,-0.3553767,-0.5617312,0.53045654,-0.19050202,0.82602954,-0.40056258,-0.9151045,0.046186954
1356765948187,0.73989326,-0.37601495,-0.5578268,0.5429367,-0.1558361,0.8251878,-0.39721248,-0.91341555,0.0888502
1356765948227,0.72677577,-0.38445732,-0.5692008,0.5639639,-0.13905054,0.8140084,-0.39209917,-0.91261023,0.11576146
1356765948267,0.70789975,-0.3833657,-0.5932189,0.59113383,-0.13810587,0.794662,-0.3865731,-0.9132128,0.12885529
1356765948307,0.6831075,-0.37461758,-0.6269178,0.6226344,-0.14990935,0.76801926,-0.38169438,-0.91498023,0.1308456
1356765948347,0.6523937,-0.35972545,-0.66706824,0.6570178,-0.17028296,0.7343918,-0.3777697,-0.9173883,0.12525451
1356765948387,0.61708784,-0.3411184,-0.7091127,0.6916885,-0.19452998,0.6955035,-0.3751927,-0.9196719,0.11590555
1356765948428,0.5808364,-0.32323366,-0.7470938,0.72197336,-0.21937963,0.65622187,-0.37601006,-0.9205394,0.1059424
1356765948474,0.5494644,-0.31152973,-0.77526647,0.7409973,-0.24700129,0.62443036,-0.38602048,-0.9175727,0.095124304
1356765948505,0.5240836,-0.3030066,-0.79594177,0.75282353,-0.27218387,0.59931004,-0.39823753,-0.9132923,0.085463464
1356765948548,0.50889575,-0.30019146,-0.80679005,0.7535743,-0.29769015,0.586094,-0.4161139,-0.906237,0.07472336
1356765948587,0.50902295,-0.3039297,-0.8053088,0.74227965,-0.31868568,0.5894576,-0.4357941,-0.89781183,0.063382536
1356765948627,0.52393454,-0.3134784,-0.79197466,0.72027,-0.3332494,0.6084044,-0.45464674,-0.8891996,0.051188257
1356765948667,0.55187976,-0.3273599,-0.76698387,0.68790734,-0.34118804,0.6406046,-0.47139394,-0.8811506,0.036898464
1356765948707,0.5886384,-0.34273285,-0.73214686,0.64615786,-0.34476373,0.68089503,-0.48578274,-0.8738834,0.018518358
1356765948747,0.6285496,-0.355006,-0.6920233,0.5979162,-0.3484801,0.7218435,-0.49741507,-0.86748636,-0.0067732334
1356765948794,0.665846,-0.35699126,-0.65513843,0.5495189,-0.35929003,0.75428087,-0.5046564,-0.86224586,-0.043058366
1356765948829,0.6964266,-0.3397416,-0.63211215,0.51058054,-0.38438618,0.769126,-0.50427926,-0.85838395,-0.09423131
1356765948869,0.7169676,-0.292744,-0.6326598,0.49378702,-0.42734662,0.75733036,-0.49206892,-0.8553805,-0.1618405
1356765948909,0.72331285,-0.2096703,-0.6579186,0.5098789,-0.48035377,0.7136412,-0.46566305,-0.8516447,-0.24053961
1356765948950,0.7118355,-0.10142915,-0.6949837,0.5561236,-0.5229695,0.64593303,-0.42897168,-0.8462949,-0.3158611
1356765948989,0.68902564,-0.0029592812,-0.72473097,0.60880756,-0.5401576,0.58101904,-0.39318836,-0.8415587,-0.37038082
1356765949029,0.67033756,0.052798986,-0.7401755,0.6436134,-0.53782713,0.5445216,-0.36933628,-0.84140015,-0.39450786
1356765949069,0.66446686,0.057934076,-0.7450687,0.65451777,-0.5262954,0.54278874,-0.36068028,-0.84832585,-0.38762474
1356765949109,0.6702769,0.020257145,-0.7418345,0.6467583,-0.5061377,0.5705508,-0.3639127,-0.8622147,-0.3523539
1356765949149,0.6815673,-0.04588771,-0.7303152,0.6290157,-0.47322518,0.6167635,-0.37390542,-0.8797456,-0.2936707
1356765949189,0.69221723,-0.12442167,-0.7108829,0.609618,-0.42640194,0.6682419,-0.38626564,-0.8959356,-0.21931311
1356765949229,0.6990665,-0.20193075,-0.6859518,0.59437305,-0.36921132,0.7144254,-0.39752564,-0.9071422,-0.13808107
1356765949269,0.7013012,-0.2686539,-0.6603043,0.58667314,-0.30867657,0.7486878,-0.40495837,-0.91243845,-0.058863223
1356765949309,0.6993877,-0.31926823,-0.6394721,0.5873694,-0.25304765,0.76874185,-0.4072518,-0.913255,0.010549994
1356765949349,0.6941076,-0.35292107,-0.62742436,0.5951278,-0.20904642,0.77596545,-0.40501538,-0.91200125,0.064932466
1356765949389,0.6860194,-0.3717459,-0.6254457,0.60787976,-0.17953914,0.77346486,-0.3998244,-0.91080767,0.10280949
1356765949429,0.6749841,-0.3784362,-0.63338965,0.6244247,-0.16431656,0.7636058,-0.3930525,-0.9109259,0.12539387
1356765949469,0.660429,-0.3753395,-0.6503489,0.6443913,-0.16132459,0.7474852,-0.38547802,-0.9127402,0.1353221
1356765949509,0.6416545,-0.3644278,-0.6748866,0.667655,-0.16770342,0.725336,-0.3775134,-0.9160065,0.1357044
1356765949549,0.61848485,-0.34823462,-0.7044211,0.69332016,-0.18008658,0.69776493,-0.3698427,-0.9199464,0.13005728
1356765949589,0.5921695,-0.33048064,-0.73492706,0.7187522,-0.195723,0.66714895,-0.36432195,-0.92329574,0.12163252
1356765949629,0.5653615,-0.31526256,-0.7622178,0.74019575,-0.21385035,0.63747805,-0.36397356,-0.9245959,0.11245325
1356765949669,0.5409366,-0.30471426,-0.78392404,0.7548632,-0.23513994,0.6122833,-0.3709033,-0.9229618,0.10282177
