1356765475799,0.29544795,-0.32943588,0.8967622,0.47750992,-0.76208264,-0.43728057,0.82746285,0.55740654,-0.067846835
1356765475839,-0.23860589,0.2396484,-0.9410823,-0.50831527,0.794893,0.33130136,0.8274556,0.5574169,-0.06784922
1356765475878,-0.23863356,0.23950906,-0.9411107,-0.50839585,0.7948812,0.33120608,0.8273981,0.5574937,-0.06791991
1356765475917,-0.23875135,0.23885322,-0.9412476,-0.5086591,0.79490656,0.33074087,0.82720244,0.55773896,-0.068290114
1356765475959,-0.23906295,0.23700164,-0.94163644,-0.5092461,0.7950859,0.3294037,0.8267511,0.5582729,-0.06938344
1356765475998,-0.23961909,0.23339386,-0.942396,-0.51019216,0.7955719,0.3267558,0.8260066,0.55909985,-0.071558535
1356765476037,-0.24032938,0.22813194,-0.9435029,-0.5113191,0.7964546,0.32282013,0.8251028,0.5600142,-0.07476324
1356765476079,-0.24109821,0.22157227,-0.9448689,-0.5123672,0.7977905,0.3178209,0.8242278,0.56074595,-0.07881945
1356765476118,-0.24179274,0.2143192,-0.94636333,-0.51311815,0.79953784,0.31216818,0.8235569,0.5610762,-0.08335137
1356765476177,-0.24231584,0.207117,-0.9478321,-0.5135702,0.80146545,0.3064291,0.8231213,0.5610309,-0.08783865
1356765476197,-0.242727,0.2002932,-0.94919246,-0.5139066,0.8033312,0.30093032,0.8227902,0.56084013,-0.09205818
1356765476238,-0.24306913,0.19406228,-0.9503984,-0.51441246,0.80487067,0.29591045,0.82237285,0.56082356,-0.09581113
1356765476275,-0.2433256,0.18886708,-0.951379,-0.5151833,0.8058959,0.29174966,0.82181436,0.56112474,-0.09879398
1356765476318,-0.24345028,0.18521951,-0.95206404,-0.51605535,0.80638665,0.28883812,0.8212302,0.5616354,-0.10073155
1356765476357,-0.24345909,0.18335226,-0.9524231,-0.5167787,0.80645466,0.28735107,0.8207725,0.5621501,-0.10158622
1356765476397,-0.24341011,0.1833161,-0.95244247,-0.51720005,0.806187,0.28734416,0.82052153,0.5625458,-0.101422966
1356765476437,-0.24336769,0.18510242,-0.95210785,-0.51726884,0.8056083,0.2888397,0.8204909,0.5627899,-0.10031128
1356765476477,-0.24328537,0.18877368,-0.9514078,-0.5170543,0.80465263,0.29187167,0.82065046,0.5629376,-0.09815395
1356765476517,-0.2431381,0.19404697,-0.95038396,-0.5167791,0.80324197,0.29621226,0.82086736,0.56315905,-0.09501934
1356765476557,-0.2429739,0.20001087,-0.9491888,-0.51674664,0.80142426,0.30115134,0.82093644,0.563662,-0.091370285
1356765476596,-0.24292791,0.20535167,-0.9480595,-0.5170793,0.79949754,0.30566764,0.82074064,0.5644771,-0.08803719
1356765476638,-0.24313597,0.20892636,-0.94722474,-0.51754856,0.7979689,0.30885118,0.8203831,0.56532764,-0.085885406
1356765476677,-0.24365665,0.21031688,-0.94678307,-0.5177097,0.7972859,0.31034154,0.8201269,0.5657756,-0.08538091
1356765476748,-0.2445033,0.20989053,-0.94665945,-0.51718354,0.7975971,0.31041908,0.8202069,0.5654952,-0.08646321
1356765476760,-0.24580464,0.20839386,-0.94665307,-0.5158055,0.7987428,0.30976552,0.82068557,0.56443065,-0.08884394
1356765476799,-0.24791548,0.2070196,-0.9464041,-0.51383734,0.8000696,0.30961233,0.821285,0.5630555,-0.09197521
1356765476839,-0.25130904,0.20612378,-0.94570434,-0.5117573,0.801026,0.31058306,0.8215523,0.56202346,-0.09581971
1356765476878,-0.2567451,0.20654404,-0.94415116,-0.5100545,0.8008231,0.3138896,0.8209301,0.5621582,-0.10025871
1356765476909,-0.264318,0.20985219,-0.94132775,-0.5082338,0.7992095,0.3208778,0.819655,0.56322837,-0.10459149
1356765476938,-0.27262834,0.21372564,-0.93808055,-0.50688165,0.7968224,0.32885414,0.8177682,0.56515074,-0.10890275
1356765476979,-0.28195104,0.21762025,-0.93442225,-0.5055229,0.7940781,0.33747077,0.8154447,0.5675221,-0.113879085
1356765477019,-0.29328525,0.22539352,-0.92907566,-0.50082505,0.79156923,0.35013202,0.8143452,0.5679929,-0.11927283
1356765477049,-0.3051278,0.23673496,-0.9224172,-0.4928272,0.78956485,0.36566195,0.81487316,0.5661659,-0.1242488
1356765477089,-0.31512165,0.2502846,-0.91545403,-0.47970623,0.79029936,0.381194,0.81888974,0.55927145,-0.12897736
1356765477119,-0.32426286,0.26661795,-0.907617,-0.46438777,0.7910233,0.39827898,0.82413447,0.55063325,-0.13268536
1356765477159,-0.33082277,0.2854597,-0.8994827,-0.44596016,0.792716,0.41559696,0.8316705,0.5386224,-0.13494486
1356765477198,-0.3356415,0.3062435,-0.8908198,-0.4262022,0.79397684,0.43353483,0.8400575,0.5251816,-0.13596994
1356765477239,-0.33883303,0.32679954,-0.8822665,-0.4069244,0.7945885,0.45060146,0.8482952,0.51169443,-0.13625014
1356765477278,-0.34068668,0.3457932,-0.8742767,-0.38935453,0.7945262,0.46597338,0.8557661,0.4991545,-0.13604832
1356765477319,-0.34155613,0.36270735,-0.86705416,-0.37443897,0.7936462,0.47950095,0.86205274,0.48843533,-0.13526303
1356765477359,-0.34182763,0.37759137,-0.8605688,-0.3627863,0.7917238,0.4914871,0.8669141,0.48020643,-0.1336481
1356765477389,-0.34198713,0.39054632,-0.85470366,-0.353985,0.7890036,0.5021633,0.8704823,0.47428566,-0.13158154
1356765477429,-0.3418696,0.40253124,-0.8491725,-0.34824988,0.7850152,0.5123214,0.8728386,0.4708713,-0.12819135
1356765477459,-0.3419821,0.4148019,-0.84320074,-0.34345567,0.7800484,0.52303225,0.87469214,0.46846977,-0.12429649
1356765477499,-0.3410824,0.42969173,-0.8360788,-0.33856976,0.7735695,0.5356871,0.87694544,0.46578443,-0.118370295
1356765477528,-0.34009778,0.44760352,-0.8270335,-0.33275998,0.76527673,0.5510193,0.8795477,0.46260417,-0.11132437
1356765477569,-0.33687648,0.47106987,-0.8152346,-0.32661885,0.75361145,0.5704295,0.88308233,0.45843524,-0.10001373
1356765477608,-0.33288723,0.4980569,-0.80070317,-0.32219636,0.7379505,0.5929743,0.88621426,0.4553772,-0.08518219
1356765477649,-0.3292579,0.52301884,-0.7861555,-0.3222278,0.7203632,0.6142036,0.88755757,0.45555255,-0.06865406
1356765477689,-0.32677943,0.5412242,-0.77478486,-0.3281318,0.7038232,0.6300495,0.88630956,0.46011883,-0.05240208
1356765477748,-0.32481492,0.5513578,-0.7684398,-0.3376513,0.6913505,0.6387692,0.88345164,0.46694654,-0.038394272
1356765477761,-0.32414764,0.5524943,-0.76790524,-0.3540447,0.68189245,0.64005864,0.87725747,0.47934625,-0.02542615
1356765477798,-0.3216635,0.5434505,-0.7753671,-0.3759943,0.67824316,0.6313593,0.8689999,0.49461883,-0.013831735
1356765477829,-0.31621766,0.5278074,-0.7883055,-0.3999893,0.6792995,0.6152729,0.8602412,0.509874,-0.00368917
1356765477859,-0.30872476,0.5089625,-0.80352116,-0.42477643,0.68208706,0.5952497,0.8510312,0.52508515,0.0056180954
1356765477899,-0.29835248,0.48717862,-0.82075757,-0.45279092,0.68475443,0.57104445,0.840218,0.542004,0.016291797
1356765477929,-0.2803483,0.45981118,-0.84260225,-0.48265526,0.69124126,0.5378006,0.8297281,0.55745786,0.028141975
1356765477973,-0.25617588,0.44232944,-0.8594875,-0.51149935,0.69244117,0.50881594,0.8202087,0.56997365,0.048864543
1356765478007,-0.21928427,0.4285268,-0.87651545,-0.5373497,0.6968044,0.47509897,0.81435245,0.57517695,0.07747048
1356765478047,-0.17163453,0.43345588,-0.8846793,-0.55187106,0.7015759,0.45080996,0.8160759,0.5656035,0.11879712
1356765478087,-0.113313496,0.45107636,-0.8852627,-0.552795,0.7117364,0.43341553,0.82557714,0.53848064,0.16870344
1356765478127,-0.051902473,0.46961042,-0.8813469,-0.5411848,0.72848636,0.42003173,0.83930045,0.4987722,0.21633577
1356765478168,9.1701746E-4,0.47545633,-0.8797388,-0.522496,0.75033003,0.40497252,0.8526412,0.4592887,0.24911213
1356765478207,0.03487684,0.46177143,-0.886313,-0.5032369,0.7743286,0.38362464,0.8634444,0.43264577,0.25938654
1356765478247,0.044867724,0.42975402,-0.9018305,-0.48769307,0.79727995,0.35566843,0.8718614,0.42385852,0.2453602
1356765478287,0.031040117,0.38568145,-0.92210966,-0.47788447,0.8160035,0.32521492,0.8778741,0.4305672,0.20964003
1356765478327,-0.0025530308,0.33791083,-0.9411746,-0.4745708,0.82803077,0.298576,0.8802136,0.4474163,0.15824866
1356765478367,-0.049491808,0.29480755,-0.9542741,-0.476494,0.8327336,0.2819721,0.8777836,0.46866125,0.09926057
1356765478407,-0.10332392,0.2620979,-0.95949405,-0.47992587,0.8317977,0.27889726,0.87120336,0.48930278,0.039842963
1356765478447,-0.15826307,0.24371034,-0.95684797,-0.47999853,0.8278626,0.2902496,0.8628755,0.5052214,-0.014039516
1356765478487,-0.20965879,0.24147631,-0.94748735,-0.47296405,0.82306904,0.31442395,0.85577345,0.51404923,-0.05835402
1356765478527,-0.25436586,0.25523663,-0.9328195,-0.45748115,0.81804776,0.3485812,0.8520616,0.51541454,-0.091317475
1356765478567,-0.2907102,0.28360343,-0.91381437,-0.4346339,0.81169724,0.39018062,0.85239714,0.5106042,-0.11270499
1356765478607,-0.31797618,0.32416806,-0.890958,-0.4071575,0.8019746,0.43710354,0.85622066,0.5017488,-0.123021364
1356765478647,-0.33611053,0.37407386,-0.86434865,-0.37816465,0.7869089,0.4876125,0.8625667,0.49075776,-0.12302685
1356765478687,-0.3457191,0.430269,-0.8338746,-0.35051292,0.76512486,0.5401154,0.87041306,0.47901207,-0.11370343
1356765478733,-0.34901592,0.48867077,-0.7996179,-0.32734102,0.73595226,0.59264004,0.87808645,0.4685886,-0.096897066
1356765478754,-0.3515411,0.54259944,-0.7628922,-0.30921897,0.7018704,0.6416865,0.8836302,0.46147996,-0.07895422
1356765478784,-0.3538618,0.5878124,-0.7275014,-0.2983445,0.66625524,0.6834431,0.886438,0.4588905,-0.060391665
1356765478828,-0.3584036,0.6249216,-0.6935559,-0.29692113,0.6280292,0.7193171,0.8850902,0.46373725,-0.039535522
1356765478867,-0.36840072,0.65763503,-0.65711266,-0.29831433,0.5858252,0.7535366,0.88050514,0.4736296,-0.019636452
1356765478907,-0.38356608,0.68511504,-0.6192692,-0.29989165,0.54181635,0.78517514,0.8734655,0.48688024,-0.0023620725
1356765478947,-0.40321773,0.7075094,-0.5803844,-0.2997122,0.49714482,0.8142602,0.8646318,0.5022724,0.011591613
1356765478987,-0.42597193,0.7245356,-0.541845,-0.2976395,0.4533375,0.84017605,0.85437614,0.51916593,0.022541404
1356765479027,-0.4501257,0.7355058,-0.50637746,-0.29566026,0.41233248,0.8617233,0.8425983,0.53759944,0.031858385
1356765479086,-0.47328132,0.74054855,-0.4770667,-0.29713076,0.37562245,0.87785023,0.8292877,0.55722135,0.0422647
1356765479107,-0.49135417,0.7421776,-0.45578885,-0.30549955,0.3432042,0.8881897,0.81562316,0.5756589,0.058100104
1356765479148,-0.49850035,0.74636364,-0.44095194,-0.3221905,0.31270856,0.89353603,0.8047923,0.5874986,0.084585965
1356765479185,-0.4900036,0.7598197,-0.4272826,-0.34505945,0.28106087,0.8955103,0.8005189,0.58624125,0.12446219
1356765479228,-0.4660998,0.7846865,-0.4086785,-0.3690173,0.24740088,0.8958901,0.8041003,0.5683836,0.17424935
1356765479267,-0.43539077,0.81360173,-0.3853404,-0.3873171,0.21710634,0.89601916,0.81266254,0.5393674,0.22059578
1356765479307,-0.4098106,0.8366599,-0.36339432,-0.39346525,0.19727737,0.8979236,0.82294613,0.51096165,0.24835026
1356765479347,-0.39806354,0.8480153,-0.3498793,-0.38422778,0.19220984,0.9030085,0.8330153,0.49388808,0.24931931
1356765479387,-0.40198576,0.8475981,-0.34638867,-0.36001277,0.2015258,0.91092163,0.84190166,0.49088174,0.22413552
1356765479427,-0.418496,0.838459,-0.3490668,-0.32420588,0.22110474,0.91978437,0.8483818,0.49809557,0.17930186
1356765479467,-0.44282085,0.8246504,-0.35193956,-0.28133833,0.24490166,0.9278319,0.85132754,0.5098773,0.12355822
1356765479507,-0.47027707,0.81045103,-0.34929743,-0.2347584,0.26665318,0.93476444,0.8507221,0.52159876,0.06485927
1356765479547,-0.49669814,0.8000679,-0.33642587,-0.1858173,0.28060752,0.94166416,0.8477988,0.53023654,0.009289205
1356765479587,-0.51865554,0.7966249,-0.3104598,-0.13467565,0.28246343,0.94977725,0.84430975,0.5344186,-0.039215326
1356765479627,-0.5336674,0.8012529,-0.27054194,-0.08158499,0.26963502,0.9595003,0.84175,0.53412616,-0.078525186
1356765479667,-0.54033893,0.812698,-0.2180726,-0.027643293,0.24187905,0.9699125,0.8409932,0.53010976,-0.10823095
1356765479707,-0.5385573,0.82793486,-0.15646034,0.024879068,0.2012344,0.97922707,0.8422215,0.5234773,-0.1289745
1356765479751,-0.5295151,0.8434632,-0.090462714,0.072366625,0.15116537,0.985856,0.84520817,0.51547915,-0.14108294
1356765479777,-0.51664615,0.8558156,-0.025620043,0.1127485,0.09766644,0.98881197,0.8487429,0.50797725,-0.1469509
1356765479817,-0.5009829,0.8648624,0.032082558,0.13938111,0.044041157,0.98925894,0.8541599,0.5000735,-0.14260936
1356765479857,-0.48412317,0.8706672,0.08696756,0.15553668,-0.012178838,0.98775506,0.86106503,0.49172175,-0.12952471
1356765479897,-0.46947837,0.87246,0.13566014,0.16198531,-0.06592941,0.98458827,0.86795783,0.48421785,-0.11037326
1356765479937,-0.46069556,0.87000036,0.17566717,0.16133371,-0.11253941,0.9804623,0.872772,0.4800357,-0.08851391
1356765479977,-0.45923555,0.86398906,0.20645982,0.15720063,-0.14970607,0.97615373,0.87429446,0.48074007,-0.06706935
1356765480030,-0.46777374,0.85451066,0.22582984,0.15030512,-0.17487776,0.9730499,0.8709742,0.4891106,-0.046634138
1356765480067,-0.47951293,0.8444514,0.23868188,0.14595231,-0.19145668,0.9705886,0.8653122,0.500246,-0.031443715
1356765480107,-0.49517864,0.8350885,0.23963574,0.14079484,-0.19504565,0.9706359,0.85730684,0.5143776,-0.02099371
1356765480147,-0.51527244,0.82728934,0.22380006,0.13028309,-0.18248802,0.97453797,0.8470658,0.53130996,-0.013750792
1356765480187,-0.54011035,0.82132876,0.18357572,0.107174605,-0.14922738,0.98297757,0.8347422,0.55059093,-0.007426381
1356765480227,-0.5673703,0.81621534,0.10901135,0.06108409,-0.09030008,0.9940396,0.82119405,0.5706474,0.0013757944
1356765480267,-0.58763224,0.8091104,-0.0053498745,-0.01755771,-0.0061407685,0.99982697,0.8089376,0.5876245,0.017814636
1356765480307,-0.58416075,0.798872,-0.1433863,-0.12372249,0.08695203,0.9884999,0.80215263,0.595183,0.048044562
1356765480347,-0.5483296,0.7937679,-0.2631865,-0.2300972,0.15936393,0.9600304,0.80398375,0.5869716,0.095259845
1356765480387,-0.49185705,0.8037857,-0.3346717,-0.31197548,0.19615936,0.92961967,0.81286395,0.56164944,0.15427911
1356765480427,-0.43192434,0.82315785,-0.36858183,-0.3675564,0.21253926,0.9053891,0.8236162,0.5265342,0.210756
1356765480467,-0.37822938,0.83588487,-0.39779264,-0.40505415,0.23695683,0.883053,0.83239037,0.49512416,0.24895453
1356765480507,-0.33376843,0.8289317,-0.44885522,-0.43025482,0.28970593,0.8549569,0.83873683,0.47847968,0.25995708
1356765480547,-0.29829317,0.79354304,-0.5303873,-0.44637638,0.3751918,0.81239104,0.8436643,0.47908306,0.24230164
1356765480587,-0.27084255,0.7237979,-0.6346344,-0.4573721,0.48334783,0.74644864,0.84702706,0.49243414,0.20013386
1356765480627,-0.25112143,0.6214125,-0.7421486,-0.46783003,0.59330046,0.65507984,0.8473919,0.51170397,0.141725
1356765480667,-0.24013835,0.5023423,-0.8306539,-0.47915423,0.68284935,0.551478,0.8442422,0.53044236,0.07672107
1356765480707,-0.23967558,0.39141947,-0.88845176,-0.48838645,0.7422943,0.45877868,0.83906764,0.54386574,0.013254106
1356765480751,-0.25125033,0.309545,-0.9170906,-0.49082127,0.7758863,0.39635205,0.8342468,0.54971117,-0.043010414
1356765480789,-0.2760222,0.26983798,-0.9224962,-0.48189765,0.79158,0.37573355,0.83161676,0.54825956,-0.08845943
1356765480829,-0.31485897,0.28084356,-0.906637,-0.45653433,0.79265064,0.40408093,0.8321299,0.5411394,-0.121358395
1356765480869,-0.3672769,0.3484371,-0.86237997,-0.40773317,0.7730286,0.485984,0.8359793,0.5301117,-0.14184618
1356765480909,-0.42689013,0.47024068,-0.7724238,-0.32783672,0.71558166,0.61681926,0.8427858,0.5165429,-0.15131259
1356765480947,-0.4770998,0.62433994,-0.6185268,-0.21594483,0.59893465,0.77113235,0.8519058,0.50147474,-0.15092862
1356765480987,-0.4975404,0.7637425,-0.41127956,-0.091968894,0.42501277,0.9005031,0.86255157,0.4858616,-0.14122045
1356765481027,-0.4870665,0.8489139,-0.20521045,0.007808298,0.23918861,0.9709417,0.87333,0.4713108,-0.12312931
1356765481067,-0.46708816,0.8827083,-0.051524818,0.063975304,0.091857135,0.993715,0.88189334,0.46085614,-0.09937692
1356765481107,-0.4557823,0.8892207,0.03935647,0.08356461,-0.0012724996,0.9965015,0.88615996,0.45747656,-0.07372743
1356765481147,-0.45728296,0.8856737,0.08046427,0.08118039,-0.048529387,0.9955174,0.8856083,0.4617652,-0.04970771
1356765481187,-0.4685117,0.8794508,0.084041595,0.065832764,-0.060109794,0.99601847,0.881001,0.472179,-0.029734552
1356765481227,-0.4855765,0.8726305,0.052263796,0.038434982,-0.038416564,0.9985224,0.87334883,0.4868678,-0.014885366
1356765481267,-0.50455725,0.86302567,-0.024674386,-0.008256525,0.023754418,0.99968374,0.8633388,0.50460136,-0.0048598647
1356765481307,-0.51712185,0.838938,-0.16961133,-0.090516806,0.1434496,0.9855094,0.851112,0.52498114,0.0017570257
1356765481347,-0.49830943,0.7664424,-0.40528223,-0.2276749,0.335369,0.9141618,0.83657146,0.54780805,0.007382214
1356765481387,-0.4068257,0.6026745,-0.68649554,-0.4020433,0.5566759,0.72696155,0.82027674,0.5717476,0.015831232
1356765481427,-0.25477797,0.39395046,-0.8831145,-0.5363737,0.7023121,0.46803942,0.8046064,0.59292555,0.032370985
1356765481467,-0.11057733,0.24394195,-0.9634651,-0.59806967,0.7579132,0.26053846,0.79377913,0.6050289,0.062086284
1356765481507,0.0014996082,0.17255306,-0.9849991,-0.611107,0.77983254,0.13568139,0.79154664,0.60173637,0.10661781
1356765481547,0.0907893,0.14631765,-0.9850627,-0.5960618,0.80038786,0.06395003,0.7977892,0.58135223,0.159881
1356765481587,0.16510314,0.12829824,-0.9778959,-0.56507385,0.8249406,0.012826532,0.8083517,0.5504657,0.20869827
1356765481627,0.2246078,0.09252812,-0.97004634,-0.5287882,0.8477349,-0.041575983,0.8184952,0.52228737,0.23933566
1356765481667,0.26534235,0.0315762,-0.9636371,-0.49657333,0.8611849,-0.10851492,0.8264432,0.5073101,0.24418873
1356765481707,0.28461573,-0.0461483,-0.9575303,-0.47531456,0.8606247,-0.18276015,0.83250827,0.50714445,0.22301233
1356765481751,0.28306776,-0.12985612,-0.9502684,-0.46919245,0.8453912,-0.25528842,0.83649933,0.5181227,0.17837548
1356765481789,0.26627266,-0.19793919,-0.9433551,-0.47649798,0.8237093,-0.30733144,0.83788323,0.5313408,0.12501365
1356765481829,0.23951566,-0.25363845,-0.9371765,-0.4913321,0.80087996,-0.34232154,0.8373918,0.54245627,0.06720257
1356765481869,0.20561936,-0.29383242,-0.9334791,-0.5081296,0.78315073,-0.3584401,0.8363761,0.54803056,0.011726022
1356765481909,0.16770136,-0.31838173,-0.93301094,-0.52226,0.77400535,-0.35799465,0.83613443,0.5473105,-0.036476314
1356765481949,0.12818491,-0.3272976,-0.9361864,-0.5312537,0.77445483,-0.3434956,0.8374594,0.5413834,-0.07460463
1356765481989,0.08870798,-0.32114676,-0.94286567,-0.53435814,0.7835064,-0.3171421,0.8405904,0.53196096,-0.10210413
1356765482029,0.050331265,-0.3008751,-0.9523345,-0.53207153,0.79888153,-0.2805143,0.8452022,0.5208287,-0.11987835
1356765482087,0.013924301,-0.26662612,-0.96369946,-0.52561396,0.81793886,-0.23389314,0.8506093,0.50979066,-0.12875319
1356765482107,-0.019621639,-0.21761225,-0.97583807,-0.51598114,0.83820945,-0.17654595,0.8563752,0.50004995,-0.12873083
1356765482148,-0.049689595,-0.1534106,-0.9869124,-0.5040485,0.85691816,-0.10782555,0.8622448,0.49209395,-0.119906306
1356765482185,-0.0761531,-0.07675612,-0.99413747,-0.4919715,0.8701116,-0.029494166,0.86727434,0.4868412,-0.104023516
1356765482228,-0.0990383,0.005376652,-0.99506915,-0.48313075,0.87395424,0.052807793,0.86992884,0.48597848,-0.083957314
1356765482267,-0.11879867,0.08276765,-0.9894627,-0.4796548,0.8677474,0.13017552,0.86937803,0.49006522,-0.063387334
1356765482307,-0.1354281,0.14728533,-0.9797787,-0.48160166,0.85441875,0.19500907,0.86586326,0.49827278,-0.04477942
1356765482347,-0.14883475,0.19496875,-0.9694511,-0.4879201,0.83824056,0.24348849,0.86010593,0.5092542,-0.029630184
1356765482387,-0.1587768,0.22568871,-0.9611736,-0.49782306,0.82241046,0.27534205,0.8526208,0.52221227,-0.018226683
1356765482427,-0.16491117,0.2417708,-0.95621717,-0.510936,0.8083261,0.292495,0.843652,0.53680146,-0.009772539
1356765482467,-0.1668088,0.2466463,-0.9546415,-0.5271833,0.7958805,0.29774502,0.8332183,0.5529375,-0.0027320385
1356765482507,-0.16375159,0.24482465,-0.9556392,-0.5461297,0.78422993,0.29449233,0.8215398,0.57012653,0.005287111
1356765482547,-0.15427668,0.24267985,-0.9577606,-0.5658747,0.77292824,0.28699797,0.8099288,0.58624953,0.018081605
1356765482587,-0.13614114,0.2477454,-0.959212,-0.58262265,0.76306975,0.27977747,0.8012592,0.5969479,0.04045695
1356765482627,-0.107152045,0.26558888,-0.9581132,-0.5916996,0.75739515,0.27612346,0.7990056,0.5965024,0.075992405
1356765482667,-0.06740375,0.29584938,-0.95285356,-0.5900979,0.7582607,0.27717352,0.804513,0.5809594,0.123470485
1356765482707,-0.022289485,0.32992014,-0.9437457,-0.579162,0.7651868,0.28117716,0.8149077,0.5528489,0.17402154
1356765482750,0.017401531,0.3549529,-0.9347223,-0.56453097,0.77508104,0.2838207,0.82522845,0.5227407,0.21386951
1356765482789,0.04033321,0.36250332,-0.93110937,-0.5534152,0.7839831,0.28125098,0.83192843,0.5039463,0.23223537
1356765482829,0.039494216,0.3501146,-0.935874,-0.5482263,0.7906401,0.2726466,0.8353971,0.5023027,0.22316772
1356765482869,0.013971135,0.32446694,-0.94579387,-0.54760337,0.7939087,0.26427162,0.8366214,0.51422775,0.18877095
1356765482909,-0.03169085,0.29479367,-0.9550352,-0.5487978,0.79346263,0.26313126,0.8353542,0.5324601,0.13663661
1356765482949,-0.0905277,0.2705218,-0.9584481,-0.54785717,0.790161,0.27476922,0.8316594,0.5499668,0.07667583
1356765482988,-0.15574244,0.2584929,-0.95337594,-0.54010874,0.785815,0.3012929,0.82705915,0.5618508,0.017229557
1356765483027,-0.22168973,0.26335764,-0.9388805,-0.52222264,0.7810563,0.3423956,0.8234909,0.56621015,-0.03562081
1356765483067,-0.2839824,0.2868122,-0.9149278,-0.49337727,0.7744826,0.39592367,0.82215136,0.5638399,-0.0784328
1356765483107,-0.33975315,0.32880577,-0.8811666,-0.4545643,0.76279736,0.4599038,0.8233706,0.55680066,-0.10969949
1356765483148,-0.38703945,0.3869935,-0.83692086,-0.40767238,0.7423067,0.53177446,0.8270452,0.54700714,-0.12953544
1356765483187,-0.4244736,0.4572472,-0.7815031,-0.3552137,0.7098303,0.6082468,0.8328537,0.5357853,-0.13888377
1356765483227,-0.45113567,0.5344142,-0.71475744,-0.30035484,0.66325235,0.6854804,0.840395,0.5239255,-0.13870287
1356765483267,-0.46702105,0.61245114,-0.63780487,-0.24700062,0.6022291,0.75915134,0.8490478,0.5120778,-0.12997788
1356765483307,-0.47414613,0.68409413,-0.5542569,-0.19987927,0.52944607,0.8244605,0.85745776,0.5016992,-0.11429864
1356765483347,-0.4770994,0.74240613,-0.47032896,-0.16292664,0.4511718,0.87743884,0.86361516,0.4952547,-0.0942961
1356765483387,-0.48083246,0.7839862,-0.39263946,-0.1370573,0.37509525,0.9167981,0.8660343,0.49464044,-0.07290697
1356765483427,-0.48815936,0.8097694,-0.32553646,-0.12021789,0.3070544,0.94406843,0.8644351,0.49999118,-0.052542746
1356765483467,-0.49955148,0.8227,-0.2713169,-0.1098603,0.25050277,0.9618623,0.85928977,0.5103067,-0.0347569
1356765483507,-0.5143424,0.8256501,-0.23184851,-0.1050798,0.20763785,0.9725455,0.85112286,0.52458405,-0.02003783
1356765483547,-0.5313243,0.8208965,-0.20934057,-0.10701701,0.18008947,0.9778114,0.840382,0.541938,-0.007836044
1356765483587,-0.54915535,0.8097317,-0.20679209,-0.11881828,0.16928005,0.9783795,0.8272307,0.56185305,0.0032498837
1356765483627,-0.5656663,0.792767,-0.22702858,-0.14482856,0.17552155,0.9737643,0.8118166,0.5837059,0.0155287385
1356765483667,-0.57636505,0.77140605,-0.26969638,-0.18858632,0.19556236,0.962388,0.7951344,0.6055477,0.032761276
1356765483707,-0.57435834,0.7503265,-0.3272959,-0.24864239,0.22102797,0.9430396,0.77992916,0.62302226,0.059613705
1356765483750,-0.5539479,0.738694,-0.38402203,-0.31584865,0.24031496,0.91787165,0.77031255,0.6297459,0.1001935
1356765483797,-0.5122942,0.75019366,-0.41804788,-0.37659258,0.241247,0.8944148,0.7718371,0.6156373,0.15892798
1356765483837,-0.45942223,0.76860493,-0.44517148,-0.42662162,0.24864846,0.8695792,0.77905405,0.5894238,0.21366888
1356765483877,-0.4103648,0.7868157,-0.46100092,-0.45519418,0.2613083,0.85118526,0.79018927,0.55914134,0.25092214
1356765483917,-0.3719393,0.7947227,-0.4796635,-0.46471488,0.28789943,0.83734936,0.80355537,0.53434986,0.26223832
1356765483957,-0.3470155,0.78818804,-0.50827134,-0.45882398,0.32998902,0.82497746,0.81796134,0.5194871,0.24712831
1356765483997,-0.33582908,0.7675903,-0.5459156,-0.44243348,0.3831126,0.8108498,0.8315476,0.5138383,0.21094728
1356765484037,-0.33736676,0.7360111,-0.586917,-0.42119712,0.43956256,0.79333335,0.84188884,0.514852,0.16171187
1356765484077,-0.34988445,0.69868004,-0.6240409,-0.3991224,0.4914828,0.7740452,0.8475153,0.5198951,0.10689664
1356765484117,-0.3710157,0.6625925,-0.6506293,-0.37707633,0.53277993,0.7576007,0.8486228,0.52641875,0.052178204
1356765484157,-0.3978656,0.63521856,-0.6619671,-0.35345232,0.55970997,0.7495307,0.8466254,0.53218627,0.001830101
1356765484197,-0.4271605,0.62284124,-0.6554408,-0.32570383,0.57024395,0.75414777,0.84347546,0.53562176,-0.04072392
1356765484237,-0.4553858,0.6292021,-0.62986386,-0.29156885,0.5630617,0.7732717,0.8411964,0.5357857,-0.072954535
1356765484277,-0.47886762,0.65405196,-0.58557814,-0.25028574,0.5376327,0.8051759,0.8414528,0.53213453,-0.09375495
1356765484317,-0.49439844,0.69323784,-0.52439624,-0.20338196,0.49428198,0.84517515,0.845107,0.5245061,-0.10338014
1356765484357,-0.5000223,0.7396657,-0.45041344,-0.15512377,0.4351897,0.88687456,0.85200596,0.513327,-0.10286486
1356765484398,-0.49659693,0.7846883,-0.37101984,-0.112116516,0.3658809,0.9238837,0.8607098,0.5003952,-0.09371883
1356765484437,-0.4891351,0.82002056,-0.2971752,-0.08138436,0.2963199,0.951615,0.86840284,0.4896537,-0.07820356
1356765484477,-0.48496205,0.8411257,-0.23941463,-0.06644234,0.23753375,0.9691043,0.87200755,0.4858861,-0.05930853
1356765484517,-0.48872197,0.8486781,-0.20222837,-0.065440476,0.1954835,0.9785212,0.8699818,0.49145868,-0.039999187
1356765484557,-0.5000113,0.84624887,-0.1839875,-0.07395479,0.16995168,0.98267347,0.8628553,0.50495464,-0.022393584
1356765484597,-0.5156978,0.837346,-0.18140417,-0.08839303,0.158602,0.9833779,0.85219866,0.52316064,-0.007775128
1356765484637,-0.5327789,0.82396257,-0.19295725,-0.10771313,0.16013175,0.9812012,0.83937156,0.5435473,0.0034366846
1356765484677,-0.54909253,0.80645597,-0.21937701,-0.133555,0.17444593,0.97556734,0.8250215,0.5649756,0.0119192
1356765484750,-0.5648526,0.78106964,-0.2662176,-0.17298657,0.20336485,0.9637004,0.8068564,0.5904007,0.020243406
1356765484769,-0.5702317,0.74858856,-0.33830613,-0.230791,0.24924934,0.9405372,0.78839797,0.6144022,0.030637622
1356765484808,-0.5624146,0.71479833,-0.4156357,-0.29776075,0.29386097,0.90828645,0.77138066,0.6345936,0.04756725
1356765484849,-0.5376561,0.6892804,-0.48561144,-0.36619186,0.32789534,0.8708549,0.7594929,0.6460474,0.07611394
1356765484889,-0.49716324,0.68375325,-0.5341445,-0.42500722,0.34479457,0.83695024,0.75643754,0.64311606,0.1191808
1356765484929,-0.44702035,0.7010383,-0.555624,-0.4675791,0.34640485,0.81324863,0.76258934,0.6233369,0.17294085
1356765484969,-0.39560705,0.72973245,-0.55766094,-0.49386343,0.34291136,0.7990687,0.77433455,0.59152555,0.22472996
1356765485007,-0.3515606,0.7525522,-0.55683947,-0.5065624,0.34728795,0.78916764,0.7872735,0.5595143,0.25912195
1356765485057,-0.32281405,0.75256515,-0.57396567,-0.50422525,0.37646246,0.77719545,0.80096674,0.54029775,0.2579351
1356765485115,-0.3117783,0.73403496,-0.6033134,-0.4936438,0.41740417,0.762948,0.811856,0.5356925,0.23221421
1356765485137,-0.31652135,0.69734883,-0.64305425,-0.47831455,0.468086,0.7430415,0.8191638,0.54277074,0.18539292
1356765485178,-0.335021,0.650254,-0.68185836,-0.46044886,0.51838934,0.72059655,0.82203895,0.5553758,0.12573737
1356765485215,-0.36385617,0.60495615,-0.7082632,-0.43964267,0.5588151,0.7031643,0.8211717,0.5672334,0.0626362
1356765485258,-0.39946908,0.57248825,-0.71601784,-0.4127046,0.5851178,0.6980773,0.8185959,0.5743642,0.002532065
1356765485297,-0.43888605,0.56185114,-0.70121497,-0.37569788,0.59415627,0.7112169,0.8162293,0.5755881,-0.04968059
1356765485337,-0.4781197,0.57608384,-0.66296977,-0.32640174,0.58423126,0.7430584,0.8153916,0.57166535,-0.091297686
1356765485377,-0.5129818,0.6146337,-0.59922886,-0.26369375,0.55148923,0.7914071,0.8168937,0.56399035,-0.12082887
1356765485417,-0.5379716,0.6708689,-0.51041317,-0.18960626,0.49368173,0.84872127,0.8213624,0.55336547,-0.13838583
1356765485457,-0.54802954,0.73444235,-0.40032244,-0.109796435,0.41128817,0.9048683,0.8292215,0.5398485,-0.14475894
1356765485497,-0.5413841,0.7933933,-0.27826294,-0.03385997,0.31011736,0.9500951,0.84009326,0.5237884,-0.14102829
1356765485537,-0.52197444,0.8379872,-0.1591227,0.026762307,0.2025513,0.9789058,0.8525411,0.5067054,-0.12815303
1356765485577,-0.5000589,0.8640323,-0.058217764,0.06509179,0.1045382,0.9923885,0.86354166,0.49246314,-0.10851669
1356765485617,-0.4856351,0.87401503,0.016010284,0.082559526,0.027624607,0.9962032,0.8702543,0.48511302,-0.08557373
1356765485657,-0.4825402,0.8734797,0.06471661,0.0862191,-0.02615887,0.99593276,0.87161994,0.48615736,-0.06268799
1356765485697,-0.48935765,0.8671144,0.092960715,0.08267006,-0.05999124,0.9947697,0.86815596,0.49448323,-0.042327225
1356765485750,-0.5084638,0.8555473,0.09748572,0.070931226,-0.07121301,0.9949359,0.858157,0.5128036,-0.024475753
1356765485789,-0.52930224,0.844066,0.08597392,0.0551264,-0.066904366,0.9962354,0.84664047,0.53204906,-0.011117637
1356765485829,-0.5520758,0.8320556,0.05381176,0.030585289,-0.044285953,0.9985506,0.83323276,0.5529215,-9.994507E-4
1356765485869,-0.5750912,0.8180357,-0.009367704,-0.011803359,0.0031526685,0.9999254,0.8180042,0.57515883,0.007842541
1356765485909,-0.59221345,0.7979964,-0.11173585,-0.081665576,0.078513026,0.99356246,0.80163205,0.5975261,0.018672407
1356765485949,-0.5901446,0.76797056,-0.24889868,-0.1814338,0.17425448,0.9678415,0.7866455,0.616325,0.036500454
1356765485989,-0.5564531,0.73397774,-0.38940546,-0.29258078,0.26555467,0.91862786,0.77766085,0.62510586,0.06697905
1356765486029,-0.49632812,0.71663237,-0.48999646,-0.38357568,0.32531554,0.86431444,0.7787992,0.6169343,0.11341947
1356765486069,-0.42785215,0.7293863,-0.53379595,-0.44014144,0.34769404,0.8278794,0.7894416,0.5891557,0.17227149
1356765486109,-0.36322355,0.75963247,-0.5394695,-0.47105494,0.34983546,0.8097669,0.80385077,0.54824615,0.23076004
1356765486149,-0.30594552,0.7820876,-0.54289615,-0.489798,0.3596865,0.794181,0.8163916,0.5088856,0.2730205
1356765486189,-0.25605643,0.778867,-0.5725395,-0.50256467,0.3986861,0.7671233,0.8257505,0.4841649,0.28934485
1356765486227,-0.21311396,0.7417604,-0.6359042,-0.5096601,0.47088653,0.72007805,0.83356404,0.47755364,0.27769315
1356765486267,-0.17759606,0.6678687,-0.72278005,-0.5118683,0.56459546,0.64747417,0.840506,0.4849571,0.24159092
1356765486307,-0.15143037,0.56231964,-0.8129363,-0.51259875,0.6585206,0.55099285,0.8451694,0.5001472,0.18852437
1356765486347,-0.1371437,0.44212115,-0.88640875,-0.51478904,0.7327143,0.44510904,0.84627646,0.51735747,0.12711197
1356765486387,-0.13639261,0.33089453,-0.93375903,-0.5182237,0.7794845,0.3519206,0.84429926,0.5318954,0.06516147
1356765486427,-0.14906661,0.24680914,-0.95753026,-0.52022135,0.80393237,0.2882055,0.8409214,0.54108953,0.008555889
1356765486467,-0.17429455,0.19911636,-0.9643516,-0.5172722,0.8148167,0.26173136,0.8378847,0.54445064,-0.039020717
1356765486507,-0.21143892,0.19177844,-0.95839167,-0.5056145,0.81770015,0.27517337,0.8364494,0.5427591,-0.075927675
1356765486547,-0.26011738,0.22727808,-0.9384475,-0.480947,0.81226385,0.33002642,0.8372747,0.53718907,-0.1019752
1356765486587,-0.31883788,0.30710483,-0.8966766,-0.43821383,0.79110074,0.42676482,0.84042305,0.52900493,-0.11765528
1356765486627,-0.38212407,0.4274989,-0.81928384,-0.3725439,0.7400661,0.55992246,0.8456905,0.519179,-0.12353498
1356765486667,-0.4379273,0.57032645,-0.69494426,-0.2846979,0.6452462,0.70894605,0.85274076,0.508316,-0.12020016
1356765486707,-0.4726514,0.69994915,-0.5354173,-0.19026998,0.5121807,0.837537,0.86046374,0.49773687,-0.10890359
1356765486752,-0.4853822,0.7867156,-0.3814218,-0.11448869,0.37530923,0.91980183,0.8667736,0.4901239,-0.092098355
1356765486789,-0.4884383,0.83026624,-0.26848847,-0.0703724,0.2692061,0.9605081,0.86975616,0.48804307,-0.07306278
1356765486829,-0.49228245,0.84589356,-0.20523667,-0.055003107,0.2050845,0.9771975,0.868696,0.4923458,-0.05443275
1356765486869,-0.49986327,0.8457398,-0.18671063,-0.061603785,0.1803112,0.9816786,0.8639107,0.50220716,-0.038030148
1356765486909,-0.50947386,0.83472127,-0.20898986,-0.087258935,0.19150513,0.97760504,0.8560504,0.5163005,-0.024729967
1356765486949,-0.5164626,0.8117554,-0.27261597,-0.13367575,0.23802996,0.9620148,0.84581155,0.5332868,-0.014421523
1356765486989,-0.5127191,0.7698101,-0.3801468,-0.20520565,0.32006228,0.92490584,0.83367246,0.5522252,-0.0061326623
1356765487028,-0.48580366,0.6972522,-0.52709997,-0.30306596,0.43126392,0.8498015,0.8198451,0.57258266,0.0018038154
1356765487069,-0.4245801,0.590055,-0.68670726,-0.41463158,0.5475362,0.726832,0.804868,0.5933289,0.0121824145
1356765487108,-0.334497,0.4720048,-0.8156734,-0.51254463,0.6352073,0.57776254,0.7908284,0.6113289,0.029448569
1356765487149,-0.2382645,0.38481426,-0.89171064,-0.57624555,0.6830592,0.44874397,0.7817743,0.6207641,0.058998764
1356765487188,-0.15187651,0.3482744,-0.9250072,-0.60511154,0.70721745,0.3656274,0.7815199,0.6152628,0.1033352
1356765487227,-0.07753807,0.3508008,-0.93323445,-0.6086095,0.7247523,0.32299936,0.78967226,0.5930201,0.15730482
1356765487267,-0.013147309,0.36290237,-0.93173444,-0.5983485,0.74371237,0.29811245,0.80112815,0.5614212,0.2073642
1356765487307,0.040311873,0.3565023,-0.93342423,-0.58342403,0.7667933,0.26766464,0.8111665,0.53379214,0.23890293
1356765487347,0.078881964,0.31912628,-0.9444236,-0.568226,0.7927985,0.2204308,0.8190829,0.5192581,0.24387336
1356765487387,0.09875159,0.25525934,-0.9618164,-0.55509955,0.8163184,0.15965196,0.8259011,0.51813793,0.22230703
1356765487427,0.098873444,0.17897661,-0.9788726,-0.5467778,0.8316596,0.096831605,0.8314194,0.52565163,0.18008947
1356765487467,0.08137822,0.105770364,-0.99105513,-0.54474056,0.8374155,0.044643044,0.8346468,0.5362349,0.12576479
1356765487507,0.050118774,0.045983225,-0.9976841,-0.5473163,0.83685255,0.011076003,0.8354238,0.5454937,0.067109406
1356765487547,0.008844525,0.005364418,-0.9999465,-0.5508772,0.83458626,-3.951788E-4,0.8345394,0.5508512,0.010336697
1356765487587,-0.03937024,-0.013012975,-0.99913996,-0.55169773,0.8339732,0.010877341,0.83311445,0.5516515,-0.040012956
1356765487627,-0.09240767,-0.0068685114,-0.9956975,-0.54657686,0.8362012,0.044957906,0.8322947,0.54837966,-0.0810256
1356765487667,-0.14884633,0.025433779,-0.98853314,-0.5327662,0.8401129,0.101835296,0.83306956,0.5418149,-0.11149746
1356765487707,-0.20733875,0.08528498,-0.9745446,-0.5081966,0.841836,0.18179236,0.83591086,0.5329528,-0.13120371
1356765487752,-0.26577204,0.17387027,-0.9482269,-0.4717561,0.8343268,0.2852104,0.8407208,0.5231328,-0.13971639
1356765487789,-0.32056814,0.2885919,-0.90219223,-0.4237505,0.8081419,0.40907478,0.847155,0.5134407,-0.13677359
1356765487818,-0.36719757,0.40978304,-0.83501124,-0.36917898,0.7597757,0.53520817,0.85374045,0.50479573,-0.1277045
1356765487859,-0.39896736,0.5268035,-0.75053525,-0.31615484,0.68928266,0.6518708,0.86073875,0.49736053,-0.10844982
1356765487899,-0.41998574,0.6241863,-0.65878946,-0.2724881,0.6056895,0.7475897,0.86565715,0.49348927,-0.08429766
1356765487937,-0.43428862,0.6907727,-0.5781232,-0.2444366,0.5273498,0.8137278,0.8669741,0.49470717,-0.060171843
1356765487979,-0.44585088,0.72896874,-0.51944345,-0.23154812,0.46663496,0.8536025,0.86464006,0.50085557,-0.03925824
1356765488017,-0.45575327,0.74600446,-0.48555762,-0.23002806,0.42826313,0.8738866,0.8598698,0.50996864,-0.023580313
1356765488057,-0.46416974,0.7460412,-0.47746098,-0.2395154,0.41324782,0.8785549,0.8527478,0.52215785,-0.0131287575
1356765488115,-0.46908802,0.7299731,-0.49708718,-0.26215875,0.42239118,0.8676741,0.84334403,0.53733134,-0.006769836
1356765488137,-0.46728075,0.69676775,-0.544209,-0.30046034,0.45375568,0.8389454,0.831488,0.55553627,-0.002680242
1356765488178,-0.45380852,0.6455836,-0.6142309,-0.35511538,0.50117457,0.7891243,0.81728256,0.57623416,0.0018194318
1356765488215,-0.42378145,0.58255875,-0.69356674,-0.42036846,0.5517676,0.7203075,0.8023091,0.59680647,0.011060417
1356765488258,-0.37708718,0.5257575,-0.7624856,-0.48301083,0.59080946,0.6462544,0.79025674,0.61198306,0.031159937
1356765488297,-0.31876373,0.49326736,-0.8093682,-0.5308128,0.61454266,0.58358806,0.7852562,0.61564976,0.06593877
1356765488337,-0.2563981,0.49165946,-0.83218443,-0.55899674,0.6269524,0.5426355,0.7885319,0.60431916,0.11408669
1356765488377,-0.19568685,0.5070364,-0.839417,-0.57197946,0.63627946,0.5176756,0.7965841,0.58143157,0.1655029
1356765488417,-0.14251325,0.5174942,-0.84373546,-0.57614756,0.64976585,0.49584112,0.8048253,0.55678016,0.20555288
1356765488457,-0.10226941,0.5070785,-0.85581094,-0.5747887,0.6720421,0.4668805,0.811886,0.539658,0.22273368
1356765488497,-0.07847324,0.4718967,-0.8781546,-0.5685068,0.70241773,0.42826313,0.81892735,0.532844,0.21315545
1356765488537,-0.0722644,0.41786325,-0.9056313,-0.5590213,0.73500764,0.38374338,0.8259982,0.53399825,0.18047959
1356765488577,-0.08252351,0.35659614,-0.9306067,-0.54958344,0.76268387,0.3409858,0.83135295,0.5395854,0.13304001
1356765488617,-0.106429935,0.30033365,-0.9478779,-0.54172707,0.7818708,0.3085609,0.8337892,0.5463312,0.0794844
1356765488657,-0.1405785,0.25868487,-0.9556777,-0.5336993,0.79321486,0.29321533,0.83390814,0.5512642,0.026550949
1356765488697,-0.18167503,0.2370761,-0.95435274,-0.5220184,0.7992156,0.29791147,0.83336127,0.55231273,-0.021439433
1356765488753,-0.22720003,0.23567173,-0.9449016,-0.50192,0.80314076,0.3210004,0.83453965,0.54719627,-0.06418526
1356765488789,-0.28098038,0.27312472,-0.9200288,-0.46990833,0.79672015,0.38003048,0.8368012,0.5391103,-0.095519125
1356765488829,-0.32987863,0.3316019,-0.8838666,-0.42958155,0.78099096,0.4533352,0.84061867,0.5292384,-0.11518222
1356765488869,-0.37217563,0.40769655,-0.8338278,-0.38233274,0.75126475,0.5379804,0.84575814,0.5190229,-0.123726726
1356765488909,-0.4054036,0.49410272,-0.76909703,-0.331631,0.7045254,0.62742716,0.8518619,0.5094177,-0.12175733
1356765488949,-0.428001,0.58066255,-0.69256496,-0.2826292,0.6418735,0.7128248,0.8584497,0.50082874,-0.110610306
1356765488987,-0.44101775,0.6558331,-0.6126877,-0.2417859,0.57060397,0.7848252,0.86431646,0.49426112,-0.093075275
1356765489027,-0.44850132,0.71114254,-0.5414082,-0.2144042,0.5024593,0.83759505,0.8676851,0.49174267,-0.0728817
1356765489067,-0.4547164,0.7450545,-0.4879822,-0.20184556,0.44743904,0.8712386,0.8674626,0.4946636,-0.053071916
1356765489107,-0.46152854,0.7608205,-0.4562276,-0.20221949,0.4105106,0.8891504,0.86377007,0.5026263,-0.035609663
1356765489147,-0.46848202,0.76182175,-0.4473837,-0.21381834,0.39356786,0.8940839,0.85720843,0.51452106,-0.02148801
1356765489187,-0.47373158,0.74936855,-0.46262836,-0.23698565,0.39746362,0.88648766,0.848184,0.5295935,-0.010701418
1356765489227,-0.4740777,0.7225734,-0.5031283,-0.27379513,0.42211306,0.8642087,0.83683133,0.54745615,-0.0022773743
1356765489267,-0.46491593,0.67911685,-0.5680258,-0.32627308,0.4650036,0.822993,0.8230425,0.5679541,0.0053899884
1356765489307,-0.44066238,0.61860347,-0.6504972,-0.39306748,0.5185166,0.7593672,0.8070408,0.5903138,0.014662087
1356765489347,-0.39753407,0.54909444,-0.73516124,-0.46589008,0.56945175,0.6772527,0.7905145,0.6117353,0.029441118
1356765489387,-0.33738843,0.4889437,-0.80442715,-0.53091025,0.6068325,0.59151393,0.7773695,0.6266486,0.054847002
1356765489428,-0.26724237,0.45597,-0.8489245,-0.57661384,0.63017553,0.5199954,0.77207375,0.6284664,0.094509006
1356765489467,-0.1942878,0.45266098,-0.87025875,-0.60002977,0.64699566,0.47049013,0.77602607,0.6135917,0.14590669
1356765489507,-0.12459952,0.463955,-0.87705225,-0.6052142,0.6649196,0.43771875,0.786251,0.5853441,0.19794351
1356765489547,-0.06427783,0.46773347,-0.8815293,-0.59861314,0.68870986,0.40907344,0.7984552,0.55398935,0.2357226
1356765489587,-0.018689364,0.44917238,-0.8932496,-0.5852903,0.7194135,0.37400454,0.8106083,0.5298003,0.24945092
1356765489627,0.00912337,0.4051447,-0.9142071,-0.56892663,0.7539526,0.32844782,0.82233775,0.5171202,0.23737615
1356765489667,0.01863645,0.34159255,-0.93966323,-0.5534213,0.7862472,0.2748457,0.8326928,0.5149076,0.2036975
1356765489707,0.011528656,0.2699415,-0.9628078,-0.5425929,0.8104746,0.220735,0.8399167,0.51986784,0.15581203
1356765489751,-0.009505898,0.19951223,-0.9798492,-0.53797364,0.82497704,0.173197,0.842908,0.5287795,0.099490166
1356765489788,-0.040758133,0.14770977,-0.98819053,-0.53742075,0.8305255,0.14630885,0.84232867,0.53703743,0.04553163
