1356765358339,-0.06254828,-0.38860646,-0.9192784,-0.29330096,-0.873253,0.3891065,-0.95397186,0.2939632,-0.05935824
1356765358378,0.1250081,0.5697235,0.81227344,0.27261046,0.76746136,-0.58024704,-0.9539688,0.2939698,-0.059373677
1356765358417,0.12494162,0.5699469,0.8121268,0.27272272,0.7672817,-0.58043176,-0.95394534,0.2940055,-0.05957204
1356765358459,0.12458837,0.5709269,0.81149256,0.273205,0.7665098,-0.5812244,-0.9538536,0.29411763,-0.060481906
1356765358497,0.12359193,0.57344544,0.80986756,0.27447113,0.7645312,-0.5832304,-0.9536198,0.29436785,-0.06290436
1356765358537,0.12170291,0.57779294,0.8070587,0.2768367,0.7610771,-0.5866201,-0.95317876,0.29481682,-0.06732899
1356765358577,0.118878454,0.5839326,0.8030509,0.280483,0.75609595,-0.59131056,-0.952469,0.29553622,-0.07389963
1356765358619,0.11519265,0.5915785,0.79797596,0.28550485,0.74970996,-0.59701085,-0.9514293,0.29659724,-0.08253741
1356765358658,0.111011624,0.5991469,0.7929057,0.2913093,0.7431749,-0.60235363,-0.950166,0.29784906,-0.09203601
1356765358699,0.10668653,0.6064925,0.787899,0.29737872,0.73668617,-0.60733795,-0.9487802,0.2990992,-0.10176349
1356765358739,0.102454245,0.6128854,0.7835015,0.3029576,0.73100233,-0.6114346,-0.9474808,0.30001178,-0.110783994
1356765358778,0.09857443,0.6175396,0.78033835,0.30735254,0.7269256,-0.6140957,-0.9464764,0.3003731,-0.11814606
1356765358817,0.09518832,0.6206388,0.77829736,0.31035817,0.7243745,-0.61559683,-0.94584197,0.30014855,-0.12366831
1356765358858,0.092259884,0.62208956,0.77749133,0.31236,0.7233264,-0.61581665,-0.9454731,0.29967237,-0.1275819
1356765358898,0.0897159,0.6221149,0.7777687,0.31420392,0.72335994,-0.6148384,-0.9451068,0.29953873,-0.13057405
1356765358938,0.08734614,0.62143826,0.77857894,0.31688812,0.7236353,-0.6131345,-0.94443244,0.30027732,-0.13371962
1356765358978,0.08499551,0.62097245,0.77921045,0.32137632,0.72315836,-0.6113585,-0.9431293,0.30238247,-0.13810062
1356765359017,0.082662016,0.6205944,0.7797626,0.3281757,0.72184813,-0.6092913,-0.94099295,0.30626437,-0.14399457
1356765359057,0.08062175,0.6193439,0.7809694,0.33737573,0.72031605,-0.60607123,-0.9379113,0.31234264,-0.15087849
1356765359098,0.07923171,0.61612195,0.7836555,0.34852767,0.71939236,-0.6008352,-0.9339436,0.32073087,-0.1577369
1356765359137,0.07879105,0.61028004,0.7882577,0.3607001,0.7196894,-0.59324753,-0.9293479,0.33106726,-0.16342294
1356765359177,0.07949802,0.60164654,0.79479647,0.3728821,0.7214879,-0.58345014,-0.92446685,0.34274852,-0.1669864
1356765359217,0.08140451,0.5906506,0.8028108,0.3842518,0.7246172,-0.5720843,-0.91963243,0.35505176,-0.16797149
1356765359286,0.08438176,0.5784761,0.81132305,0.3942119,0.72841614,-0.56036323,-0.9151375,0.36711764,-0.1665771
1356765359300,0.08811706,0.56680226,0.81912786,0.40234372,0.7320093,-0.54980165,-0.911238,0.37801787,-0.16354686
1356765359339,0.09203994,0.55764925,0.82495815,0.40839052,0.73445076,-0.54203254,-0.90815514,0.38679373,-0.16013986
1356765359398,0.095356435,0.5515388,0.8286809,0.41239968,0.73578495,-0.5371657,-0.9059987,0.39296997,-0.1572926
1356765359418,0.09726292,0.54806876,0.83075905,0.41453916,0.7365566,-0.5344546,-0.9048189,0.39636475,-0.15555632
1356765359458,0.09702057,0.545508,0.83247095,0.4151549,0.7379966,-0.53198445,-0.90456253,0.39721784,-0.1548695
1356765359495,0.094202965,0.5407439,0.83589584,0.41516998,0.74179745,-0.5266597,-0.9048534,0.39665177,-0.15462112
1356765359538,0.08904892,0.5304487,0.84302706,0.41591895,0.74926096,-0.5153828,-0.9050314,0.3965252,-0.15390277
1356765359578,0.0818941,0.51109284,0.8556153,0.41867545,0.7614319,-0.49490643,-0.90443593,0.39875507,-0.15162528
1356765359617,0.07367927,0.48192436,0.8731095,0.42306852,0.77770233,-0.46496466,-0.9030971,0.4036434,-0.14658648
1356765359657,0.06537834,0.44586045,0.8927117,0.42656285,0.7962774,-0.42893642,-0.9020919,0.40884078,-0.13812822
1356765359697,0.0584262,0.40905255,0.9106384,0.42597854,0.8147658,-0.39331785,-0.9028447,0.41089252,-0.12664396
1356765359737,0.054549932,0.3782222,0.92410624,0.41926047,0.8312722,-0.3649756,-0.9062257,0.40735057,-0.113227785
1356765359777,0.055495024,0.35872456,0.93179244,0.4059151,0.8445238,-0.34930286,-0.91222435,0.3976132,-0.09874487
1356765359817,0.06264174,0.35383543,0.93320763,0.38630548,0.8535632,-0.34956825,-0.92024136,0.3824008,-0.083219886
1356765359857,0.07682848,0.36588448,0.9274837,0.36128592,0.85679775,-0.36792672,-0.9292846,0.36335403,-0.06636244
1356765359897,0.09793359,0.39643565,0.9128241,0.3315958,0.8518212,-0.40551805,-0.93832475,0.34240246,-0.04803449
1356765359937,0.12460369,0.4450481,0.88679546,0.2973454,0.8359339,-0.46130273,-0.9466043,0.32116458,-0.028172553
1356765359977,0.154434,0.5078721,0.8474763,0.2583882,0.8071523,-0.53079253,-0.95361716,0.30095032,-0.006576419
1356765360028,0.18629548,0.5701649,0.80012876,0.21262011,0.77169067,-0.59940493,-0.9592115,0.28178987,0.022533953
1356765360067,0.22036082,0.6396085,0.73643875,0.16071872,0.7208701,-0.6741779,-0.96208656,0.26692188,0.056054473
1356765360109,0.2536819,0.68126225,0.68667847,0.11021948,0.68491846,-0.72023493,-0.9609876,0.2583959,0.09866303
1356765360147,0.29279825,0.69284016,0.65897024,0.06389052,0.67345715,-0.7364601,-0.9540373,0.2577362,0.15292114
1356765360187,0.33964202,0.6784614,0.65140885,0.026153743,0.685499,-0.7276037,-0.9401911,0.26416153,0.21507996
1356765360227,0.3870777,0.6508766,0.6530931,9.6839666E-4,0.7080203,-0.7061914,-0.92204666,0.27398342,0.27342856
1356765360286,0.42317367,0.6276024,0.65348244,-0.012476623,0.7252124,-0.6884122,-0.9059627,0.28316462,0.31472114
1356765360309,0.44007817,0.6201819,0.6493887,-0.017702848,0.7290341,-0.6842484,-0.89778495,0.28962672,0.33181098
1356765360349,0.437441,0.6289796,0.64267415,-0.014542103,0.71953475,-0.6943042,-0.89912957,0.29437128,0.3239007
1356765360389,0.41973546,0.64713275,0.63642865,8.9097023E-4,0.7008915,-0.7132674,-0.9076461,0.29995066,0.2936124
1356765360429,0.39256862,0.6677604,0.6324444,0.0303953,0.6778517,-0.7345701,-0.9192203,0.30759245,0.24580652
1356765360459,0.36490262,0.6817125,0.63412464,0.06648478,0.66027087,-0.74807894,-0.92866886,0.3151356,0.19561106
1356765360499,0.33393392,0.6978816,0.63360035,0.1105189,0.63856125,-0.7615938,-0.9360949,0.32434678,0.13610816
1356765360529,0.305612,0.70744145,0.6372817,0.15556529,0.6232116,-0.76642454,-0.9393619,0.33336744,0.08040762
1356765360569,0.2803536,0.7143073,0.641223,0.20348445,0.6086048,-0.7669382,-0.93808097,0.34549284,0.025274098
1356765360609,0.25951904,0.7157559,0.648339,0.25084502,0.5983385,-0.7609651,-0.9325914,0.36011755,-0.02426356
1356765360639,0.24264917,0.7137077,0.6570713,0.2915007,0.59237283,-0.75108045,-0.925283,0.3737858,-0.06430751
1356765360669,0.22976658,0.70976675,0.66591185,0.3248017,0.58906925,-0.7399334,-0.9174482,0.38630128,-0.09518504
1356765360709,0.22125116,0.7030957,0.675799,0.35129234,0.58899206,-0.7277926,-0.9097481,0.39842796,-0.11667693
1356765360739,0.21465644,0.6956773,0.6855331,0.37170446,0.5908884,-0.71602136,-0.9031934,0.40851432,-0.13174838
1356765360779,0.21011996,0.6871664,0.69545084,0.38583463,0.59531194,-0.70479447,-0.89832133,0.4164204,-0.1400457
1356765360809,0.20592418,0.67799914,0.7056291,0.39575514,0.6017821,-0.693712,-0.894971,0.42210844,-0.14440018
1356765360849,0.2029582,0.6674359,0.7164756,0.40006807,0.61132365,-0.6828096,-0.89373004,0.42522085,-0.14294666
1356765360879,0.20006675,0.65482694,0.7288176,0.4017864,0.6236026,-0.6705874,-0.8936112,0.42699122,-0.13833839
1356765360919,0.19916439,0.6392484,0.7427618,0.39862266,0.6395595,-0.6573155,-0.8952282,0.42699555,-0.1274414
1356765360949,0.19827732,0.6224427,0.7571335,0.39369175,0.65684104,-0.64309144,-0.897604,0.42558765,-0.114813924
1356765360989,0.19863135,0.6052725,0.7708377,0.3833962,0.67584467,-0.629477,-0.90197164,0.4205701,-0.097815216
1356765361019,0.1992265,0.5898094,0.7825814,0.37163714,0.6934601,-0.61725116,-0.90674955,0.4138091,-0.08103943
1356765361059,0.20040646,0.5770746,0.7917211,0.35491908,0.7104595,-0.60768396,-0.91316473,0.4027807,-0.062434077
1356765361089,0.20216233,0.5685926,0.7973913,0.33737943,0.7239312,-0.60174644,-0.919405,0.39067385,-0.045479834
1356765361119,0.20396268,0.563683,0.8004129,0.31894073,0.7347332,-0.5987019,-0.925568,0.37739715,-0.02992332
1356765361159,0.20548555,0.56206846,0.8011585,0.29658118,0.7443677,-0.5982946,-0.93263894,0.36054942,-0.013742089
1356765361189,0.20714912,0.5628461,0.8001834,0.27443218,0.75165284,-0.5997541,-0.93902946,0.34383467,0.0012411475
1356765361229,0.20842326,0.56373477,0.79922634,0.24982147,0.7593788,-0.60077703,-0.9455945,0.32487983,0.017439127
1356765361287,0.20951489,0.5622029,0.8000196,0.22615826,0.76813114,-0.5990216,-0.9512917,0.306435,0.033788085
1356765361300,0.21387517,0.55482227,0.80400854,0.19976519,0.7808187,-0.5919595,-0.9562172,0.2872184,0.05616355
1356765361338,0.22512427,0.53437966,0.8147131,0.17356162,0.8008096,-0.57321936,-0.9587468,0.2704485,0.08753389
1356765361369,0.24374598,0.5015594,0.8300759,0.1517277,0.8256305,-0.54342705,-0.9578969,0.25840366,0.12514365
1356765361399,0.2728618,0.45693082,0.84661716,0.13689195,0.85261595,-0.50428826,-0.95226413,0.25349605,0.17009616
1356765361439,0.31865823,0.39271826,0.8626873,0.13601238,0.8817695,-0.45164505,-0.9380606,0.26125655,0.22756857
1356765361469,0.36062974,0.32111984,0.8756873,0.14891928,0.90699637,-0.39392972,-0.9207439,0.27246952,0.27926892
1356765361509,0.39131173,0.25817162,0.88330203,0.17077266,0.92279816,-0.34536958,-0.90427417,0.285991,0.31701308
1356765361547,0.40033063,0.20920612,0.8921705,0.19508858,0.9318149,-0.30604163,-0.8953635,0.2965701,0.33222032
1356765361587,0.38641626,0.17904717,0.9047788,0.21674964,0.9358754,-0.27777115,-0.8964943,0.30344573,0.32282907
1356765361627,0.35220882,0.16739434,0.92083,0.23546898,0.9363791,-0.2602856,-0.9058163,0.3085018,0.29038483
1356765361667,0.3023588,0.17109695,0.93771267,0.25258717,0.93420815,-0.25190246,-0.9191185,0.3130191,0.23924917
1356765361707,0.24317116,0.18556483,0.95206803,0.2694219,0.9299862,-0.25007495,-0.9318152,0.317319,0.17615056
1356765361747,0.18152288,0.20606704,0.9615538,0.28742242,0.92398345,-0.2522753,-0.94044554,0.32216585,0.10849583
1356765361787,0.12401411,0.22786094,0.9657639,0.30760893,0.91650134,-0.2557382,-0.9433967,0.32879275,0.04356706
1356765361827,0.075258136,0.24730268,0.96601117,0.3296695,0.9081131,-0.2581638,-0.941092,0.33789337,-0.013185263
1356765361867,0.037383497,0.26197234,0.9643511,0.3519657,0.8997353,-0.25806314,-0.9352661,0.34906584,-0.058570027
1356765361908,0.01031217,0.27070102,0.9626082,0.37264338,0.89227545,-0.25491434,-0.92791736,0.36133832,-0.09167367
1356765361947,-0.0073803663,0.27321425,0.96192485,0.39043942,0.8863827,-0.24876247,-0.92059904,0.37373745,-0.11321545
1356765361987,-0.017630607,0.26976323,0.9627652,0.40458542,0.8824839,-0.23985972,-0.91433024,0.38529193,-0.12470102
1356765362027,-0.022134095,0.26077995,0.9651445,0.4148272,0.88075125,-0.22846365,-0.909631,0.39531136,-0.12767327
1356765362067,-0.022268534,0.24691524,0.9687812,0.4211663,0.8811563,-0.21490112,-0.90670997,0.40323243,-0.12361443
1356765362107,-0.01945436,0.22941706,0.97313374,0.423071,0.8837726,-0.19989228,-0.90588766,0.40781587,-0.114252925
1356765362147,-0.015058577,0.2100564,0.9775733,0.41936484,0.8888644,-0.18453513,-0.9076929,0.40718102,-0.1014753
1356765362187,-0.009781272,0.19051477,0.9816356,0.40941313,0.8963916,-0.16989121,-0.91229665,0.40023276,-0.08676708
1356765362227,-0.0034419,0.17212343,0.98506933,0.39391774,0.90566003,-0.15687168,-0.9191392,0.38749635,-0.07091969
1356765362312,0.004332782,0.15609205,0.98773307,0.37450057,0.9156063,-0.14633662,-0.9272166,0.37054062,-0.054489434
1356765362313,0.013664068,0.14338644,0.98957247,0.3528186,0.9253175,-0.13894781,-0.935592,0.3510382,-0.037945807
1356765362345,0.024447024,0.13424368,0.99064666,0.33023995,0.9342294,-0.1347481,-0.9435803,0.33044532,-0.021493495
1356765362388,0.03670445,0.12765527,0.99113923,0.30716902,0.942351,-0.1327468,-0.95094687,0.30931967,-0.004623294
1356765362427,0.050411582,0.12196331,0.9912535,0.28441954,0.94966465,-0.13131076,-0.9573735,0.28855145,0.013185322
1356765362467,0.06715259,0.11358562,0.9912561,0.26255712,0.95647085,-0.12738656,-0.96257687,0.2688157,0.03440678
1356765362507,0.09033808,0.097473726,0.9911295,0.24393855,0.96271753,-0.11691367,-0.9655738,0.25233647,0.06319243
1356765362547,0.124111,0.06738442,0.9899777,0.23353264,0.96768284,-0.09514429,-0.96439564,0.24300055,0.10436362
1356765362587,0.16989934,0.018366568,0.9852903,0.23842478,0.969356,-0.059182517,-0.956184,0.24497268,0.1603139
1356765362627,0.22124436,-0.04796023,0.97403836,0.26343682,0.9645977,-0.012342006,-0.9389633,0.25932816,0.22604626
1356765362667,0.2646358,-0.12064341,0.95677227,0.3046947,0.95177937,0.035737626,-0.91494757,0.28206596,0.2886343
1356765362707,0.288211,-0.18532103,0.93946284,0.3498872,0.9336358,0.076832205,-0.89135474,0.30656216,0.33392555
1356765362747,0.28794235,-0.23235121,0.929033,0.3871825,0.91554046,0.10897427,-0.8758876,0.32832697,0.35358518
1356765362787,0.2656032,-0.25782996,0.9289664,0.41128796,0.90179485,0.13269621,-0.87195015,0.3468282,0.34556198
1356765362827,0.22543773,-0.2614433,0.93852293,0.42177078,0.89456093,0.14788546,-0.8782296,0.36250257,0.31193691
1356765362867,0.17324412,-0.24571255,0.9537357,0.42031905,0.8942079,0.15402624,-0.89068425,0.37418917,0.2581939
1356765362907,0.11530158,-0.21508679,0.9697645,0.41041312,0.8993652,0.15067607,-0.90458083,0.3806309,0.19197267
1356765362947,0.056936592,-0.17468733,0.9829764,0.3972159,0.90725625,0.13822311,-0.9159573,0.38258392,0.121044636
1356765362987,0.0024441779,-0.13032243,0.9914686,0.38587597,0.9148052,0.11929421,-0.9225474,0.38229233,0.05252421
1356765363027,-0.044991646,-0.0878858,0.995114,0.3791322,0.92009556,0.09840189,-0.92424816,0.381707,-0.008076251
1356765363067,-0.08346853,-0.052347362,0.99513453,0.3767609,0.92283684,0.08014572,-0.9225423,0.38161743,-0.057305396
1356765363107,-0.11270863,-0.02640967,0.993277,0.37693888,0.9237874,0.06733388,-0.9193551,0.38199383,-0.094164014
1356765363148,-0.13367581,-0.010493651,0.9909696,0.37793267,0.92383695,0.060763583,-0.9161319,0.3826424,-0.11952877
1356765363187,-0.14755079,-0.004004523,0.9890464,0.37877387,0.92352617,0.060246587,-0.9136515,0.38351437,-0.13475025
1356765363227,-0.15501663,-0.006376609,0.98789126,0.37928134,0.922962,0.065473095,-0.9122036,0.38483816,-0.14065593
1356765363286,-0.15630317,-0.016969964,0.98756325,0.37990516,0.9219006,0.075969815,-0.9117243,0.3870547,-0.137649
1356765363309,-0.15194142,-0.034033805,0.9878034,0.38079676,0.920241,0.09027919,-0.91208977,0.38986948,-0.12686276
1356765363349,-0.14284629,-0.054532036,0.9882415,0.38092178,0.9185403,0.10574654,-0.9135062,0.3915482,-0.11043763
1356765363389,-0.1299327,-0.074821234,0.98869574,0.37877223,0.9177774,0.11923197,-0.91632366,0.3899826,-0.090909064
1356765363429,-0.11371821,-0.09149125,0.98929137,0.3736102,0.9187242,0.12791127,-0.9205887,0.3841552,-0.070293605
1356765363468,-0.094726324,-0.10131365,0.9903346,0.36548415,0.9217987,0.12926114,-0.92598504,0.374196,-0.050290108
1356765363509,-0.0735468,-0.101876765,0.9920746,0.35447177,0.9271411,0.12148725,-0.9321699,0.36059743,-0.032075822
1356765363538,-0.051457882,-0.09092896,0.99452704,0.34304607,0.93364197,0.10311187,-0.937908,0.34647453,-0.016850412
1356765363568,-0.030319002,-0.074971765,0.99672467,0.33014452,0.9404673,0.08078273,-0.94344336,0.33151245,-0.0037625432
1356765363598,-0.009452995,-0.05395654,0.9984985,0.315645,0.9473293,0.054179758,-0.9488302,0.31568325,0.008076012
1356765363639,0.013025135,-0.03055343,0.9994483,0.29731518,0.95444405,0.025302917,-0.9546906,0.29682156,0.021515787
1356765363679,0.04071507,-0.0013402998,0.99916995,0.27724326,0.9607476,-0.010008588,-0.95993674,0.27742064,0.039488494
1356765363719,0.07534531,0.023097642,0.99688995,0.25838336,0.9651338,-0.041890554,-0.9630997,0.26073602,0.06675023
1356765363759,0.11976129,0.029625408,0.9923606,0.24559873,0.9676032,-0.058525965,-0.9619452,0.25073165,0.108605444
1356765363799,0.17456385,0.006849587,0.984622,0.2454955,0.96809405,-0.050258577,-0.95355093,0.25049362,0.16731268
1356765363839,0.2331807,-0.04540544,0.9713727,0.26270628,0.9647085,-0.017969415,-0.9362756,0.25937587,0.2368797
1356765363879,0.28230098,-0.11039653,0.9529526,0.2935136,0.9556596,0.023760177,-0.9133214,0.27299705,0.30218655
1356765363919,0.31106514,-0.16449921,0.9360441,0.32593322,0.9436413,0.057520576,-0.89275193,0.28719524,0.34714967
1356765363959,0.3170235,-0.19212803,0.9287535,0.34913823,0.93413955,0.07406633,-0.88181555,0.30078253,0.36322343
1356765363998,0.30290407,-0.1884847,0.93419623,0.35972223,0.9303487,0.071071975,-0.88252425,0.31452316,0.34960854
1356765364029,0.27909303,-0.17176965,0.94477636,0.36442378,0.9292143,0.06128718,-0.88842696,0.3271941,0.32193416
1356765364069,0.24167067,-0.1217169,0.9626943,0.36017597,0.93247956,0.027479708,-0.90103745,0.34009832,0.26919246
1356765364109,0.1944719,-0.05608639,0.97930336,0.35546702,0.934533,-0.017066985,-0.91423404,0.35142908,0.20167726
1356765364149,0.14335603,0.012957767,0.98958635,0.35503888,0.9326825,-0.06364523,-0.9237946,0.3604656,0.12910515
1356765364189,0.09349543,0.07513411,0.9927806,0.3604324,0.9269587,-0.10409647,-0.9280878,0.36756286,0.05958563
1356765364229,0.048578918,0.123841316,0.99111223,0.37043557,0.9192836,-0.13302293,-0.92758703,0.37360534,-0.0012174249
1356765364287,0.010438621,0.15671018,0.9875895,0.38250068,0.91190386,-0.14874339,-0.9238963,0.37930632,-0.050422728
1356765364309,-0.020546943,0.17422518,0.98449147,0.39400443,0.90642154,-0.1521861,-0.9188789,0.38476706,-0.087269664
1356765364349,-0.044839144,0.17839679,0.98293644,0.40314904,0.9034798,-0.14558527,-0.91403514,0.389742,-0.112431765
1356765364388,-0.06321469,0.17123461,0.9832002,0.4091366,0.9030255,-0.130966,-0.9102808,0.3939842,-0.12714285
1356765364429,-0.076132864,0.15411672,0.9851151,0.41222724,0.90445983,-0.109640345,-0.90789455,0.39774406,-0.13239026
1356765364469,-0.08384645,0.12821655,0.9881955,0.41338146,0.9068054,-0.08258173,-0.90668935,0.4015775,-0.12903476
1356765364509,-0.08679852,0.095825836,0.9916064,0.41312075,0.90920746,-0.051701233,-0.9065303,0.4051656,-0.11850548
1356765364548,-0.08580792,0.06069362,0.9944613,0.41077825,0.9115118,-0.020186767,-0.9076884,0.40677088,-0.10314655
1356765364578,-0.08295062,0.029438809,0.9961188,0.40688372,0.91345406,0.006886944,-0.909706,0.4058758,-0.08774972
1356765364619,-0.076720715,4.1168928E-4,0.99705255,0.3982464,0.91677904,0.03026551,-0.9140644,0.39939457,-0.0704999
1356765364659,-0.06717071,-0.022223592,0.997494,0.38541755,0.92157054,0.0464859,-0.92029417,0.38757417,-0.053337216
1356765364699,-0.054720167,-0.03585504,0.9978577,0.3691349,0.92783,0.053581282,-0.92776346,0.37127608,-0.037535667
1356765364739,-0.03957653,-0.03904164,0.99845356,0.35038105,0.93524706,0.050458476,-0.9357707,0.35183614,-0.023334384
1356765364777,-0.021771789,-0.031945437,0.99925244,0.33002055,0.94323474,0.03734511,-0.9437226,0.3305869,-0.009993255
1356765364817,-0.0011858642,-0.01645565,0.9998638,0.30852172,0.95108235,0.016018748,-0.9512165,0.3084987,0.003949046
1356765364857,0.022868007,0.0032681376,0.99973315,0.28644878,0.95804656,-0.009684145,-0.9578226,0.2865938,0.02097243
1356765364897,0.052170515,0.01973664,0.9984431,0.26535988,0.96358746,-0.03291317,-0.96273685,0.26666385,0.045033514
1356765364937,0.0895462,0.021448396,0.9957517,0.24875602,0.9676017,-0.043212235,-0.9644179,0.25156873,0.08130962
1356765364977,0.13701844,-0.004949659,0.9905562,0.24285072,0.96963763,-0.028747149,-0.9603383,0.24449617,0.13406026
1356765365029,0.19915003,-0.08353903,0.97640187,0.26256505,0.96447945,0.028965361,-0.9441393,0.25060055,0.21401054
1356765365068,0.25040862,-0.17852509,0.9515379,0.29989815,0.9488108,0.09909163,-0.92051977,0.26055104,0.29112977
1356765365107,0.2809443,-0.26401407,0.92269546,0.3415516,0.92597806,0.16095698,-0.8968907,0.26992816,0.35032266
1356765365147,0.2886243,-0.32214776,0.90161896,0.37301376,0.9051233,0.20399149,-0.8817917,0.27743942,0.38140613
1356765365205,0.27682602,-0.34574577,0.8965642,0.38807353,0.8937795,0.22484909,-0.8790713,0.2856887,0.3815962
1356765365227,0.24964875,-0.33507407,0.90851575,0.3880142,0.8942232,0.2231813,-0.88719815,0.29680008,0.3532552
1356765365276,0.2107166,-0.2954742,0.93182266,0.37784335,0.90375894,0.20113222,-0.90157247,0.30970109,0.30207998
1356765365295,0.16869053,-0.25215372,0.9528704,0.3678327,0.9129914,0.1764818,-0.9144631,0.32072604,0.24676341
1356765365325,0.1262632,-0.20039806,0.9715442,0.35820642,0.92251253,0.14373143,-0.9250652,0.3298654,0.18826324
1356765365368,0.07995677,-0.13126335,0.98811775,0.35044214,0.9317117,0.095413096,-0.93316513,0.3386492,0.12049687
1356765365407,0.032731116,-0.06501831,0.9973471,0.35003775,0.9354271,0.049494073,-0.93616354,0.34748912,0.053376436
1356765365447,-0.011185858,-0.011544913,0.99987084,0.35663402,0.9341273,0.014775559,-0.9341772,0.35675323,-0.006331742
1356765365487,-0.049471017,0.023076758,0.99850893,0.3665443,0.9303946,-0.0033421367,-0.9290844,0.36583245,-0.054486215
1356765365527,-0.0814389,0.03830199,0.99594206,0.37588447,0.92665356,-0.004900947,-0.923081,0.37396008,-0.089862764
1356765365568,-0.10730994,0.036687538,0.9935486,0.38287467,0.9237719,0.007242009,-0.9175466,0.38118166,-0.113176644
1356765365607,-0.1275605,0.021356717,0.9916009,0.38778365,0.9212607,0.030043125,-0.91288126,0.38835892,-0.12579823
1356765365647,-0.14245841,-0.0048865676,0.9897887,0.39183104,0.9180175,0.060927734,-0.9089411,0.3965096,-0.12886465
1356765365687,-0.15230775,-0.03899543,0.98756355,0.3955515,0.91330004,0.09706728,-0.90572697,0.4054163,-0.12367797
1356765365727,-0.15753102,-0.07713276,0.98449713,0.39754054,0.9076406,0.13472237,-0.903961,0.41260046,-0.11231816
1356765365767,-0.15847209,-0.115556195,0.98057806,0.3952213,0.9026716,0.17024738,-0.90481305,0.4145248,-0.097378016
1356765365807,-0.15514278,-0.15142131,0.9762184,0.38730633,0.8997488,0.20111167,-0.9088039,0.40929657,-0.08094311
1356765365847,-0.1475209,-0.18240833,0.9720929,0.37492406,0.89918065,0.22562367,-0.91524285,0.39774525,-0.064258695
1356765365887,-0.13588229,-0.20640483,0.9689856,0.36035046,0.90077007,0.2424066,-0.9228671,0.38211316,-0.0480206
1356765365927,-0.1206485,-0.22197582,0.96755916,0.34535325,0.90440875,0.2505513,-0.93068534,0.3643783,-0.032455504
1356765365967,-0.10220066,-0.22868526,0.96812093,0.33053672,0.9101138,0.24987653,-0.9382434,0.34553704,-0.017425358
1356765366007,-0.080797166,-0.22724083,0.9704809,0.31557456,0.91774285,0.24116513,-0.9454546,0.3257446,-0.002439618
1356765366047,-0.05618318,-0.22039297,0.9737917,0.30021808,0.9264657,0.2270031,-0.9522145,0.30510366,0.014114141
1356765366087,-0.027180135,-0.2145255,0.9763402,0.28556612,0.93433315,0.21324535,-0.9579736,0.28460568,0.035865903
1356765366127,0.007900029,-0.22063968,0.97532344,0.2750957,0.9381988,0.21001302,-0.9613844,0.26664817,0.06810886
1356765366167,0.049492747,-0.25263575,0.96629477,0.27565685,0.93335783,0.22990555,-0.9599811,0.25498712,0.11583525
1356765366207,0.093376696,-0.31844133,0.9433324,0.29615837,0.9134683,0.27904457,-0.9505635,0.2533195,0.17960572
1356765366247,0.12934479,-0.40710443,0.90417695,0.3392607,0.8749765,0.34542486,-0.93175757,0.26207277,0.25128818
1356765366286,0.14789724,-0.49158365,0.85817945,0.39257795,0.8256129,0.4052726,-0.9077494,0.2769636,0.31509078
1356765366328,0.14793704,-0.5513534,0.82105064,0.43602294,0.78150886,0.44623756,-0.8876929,0.29198182,0.3560168
1356765366367,0.1350796,-0.5793046,0.8038405,0.45894587,0.7555813,0.467403,-0.87813556,0.30578274,0.3679331
1356765366408,0.11467211,-0.5737939,0.81093216,0.46043146,0.75403994,0.46842992,-0.8802575,0.3196628,0.3506601
1356765366447,0.09038082,-0.536665,0.8389409,0.44586396,0.77505624,0.4477646,-0.890526,0.33358422,0.3093298
1356765366487,0.0643595,-0.46960098,0.8805299,0.42235488,0.81225413,0.40231776,-0.90414286,0.34600312,0.25061452
1356765366527,0.03751327,-0.37709886,0.92541295,0.39795214,0.8551024,0.3323161,-0.9166389,0.3558038,0.182145
1356765366567,0.010371335,-0.26907435,0.9630636,0.38000897,0.89191765,0.24510424,-0.92492473,0.36343074,0.11150104
1356765366607,-0.016512394,-0.16236174,0.98659307,0.37246156,0.9147113,0.15676612,-0.9279006,0.37005663,0.045369446
1356765366647,-0.04269475,-0.075336814,0.9962437,0.37413824,0.9233896,0.085861504,-0.9263896,0.3763987,-0.011237502
1356765366687,-0.06802967,-0.019149736,0.9974995,0.38044822,0.92377,0.04368095,-0.9222967,0.38246852,-0.055558324
1356765366727,-0.092400074,0.004970014,0.99570954,0.38694778,0.92157,0.031308115,-0.91746044,0.3881805,-0.08707625
1356765366767,-0.11546257,0.0019289851,0.9933099,0.3911035,0.91930974,0.04367666,-0.91307527,0.39353,-0.106900275
1356765366808,-0.13657129,-0.021178812,0.99040383,0.3918509,0.9170765,0.07364489,-0.90983576,0.39814842,-0.11694735
1356765366847,-0.15490389,-0.05748442,0.98625576,0.3890438,0.9140906,0.11438243,-0.9081023,0.40141493,-0.11923224
1356765366887,-0.16960526,-0.10105768,0.980317,0.38324806,0.9096676,0.16008066,-0.9079399,0.4028551,-0.11555421
1356765366929,-0.17969203,-0.14789516,0.9725419,0.3744352,0.90393376,0.20664454,-0.90967524,0.4012863,-0.107052565
1356765366967,-0.18467149,-0.19171825,0.96391934,0.362968,0.8981445,0.24817485,-0.91331846,0.39570272,-0.09627408
1356765367007,-0.18353999,-0.23111698,0.955457,0.34796378,0.89376265,0.2830363,-0.91936624,0.38441288,-0.083620846
1356765367047,-0.17551297,-0.26179615,0.94903,0.33117816,0.89211076,0.30734244,-0.92710096,0.36824062,-0.06987584
1356765367087,-0.16051018,-0.27911994,0.9467463,0.3150507,0.89452094,0.31713614,-0.9354034,0.34917668,-0.055642784
1356765367127,-0.13848156,-0.27806404,0.9505278,0.30138907,0.9024202,0.30789992,-0.94339144,0.3291172,-0.041163087
1356765367167,-0.1089125,-0.25317773,0.96126956,0.29062632,0.9166596,0.2743566,-0.95061797,0.30925107,-0.026255548
1356765367207,-0.07073301,-0.19786428,0.97767407,0.28157318,0.93630856,0.20986395,-0.95692915,0.2901311,-0.010514617
1356765367247,-0.02229375,-0.103873044,0.9943407,0.27142873,0.9566018,0.10601626,-0.96220034,0.27225614,0.0068678856
1356765367289,0.03768441,0.03172943,0.99878573,0.25521827,0.9660424,-0.04031866,-0.96614873,0.25642776,0.028306782
1356765367329,0.107798696,0.20059071,0.9737263,0.22647296,0.94872755,-0.22051314,-0.9680338,0.24429369,0.05684322
1356765367369,0.18053415,0.3539632,0.9176696,0.18418688,0.90432835,-0.38505253,-0.96616906,0.23853782,0.09806681
1356765367409,0.25288105,0.45107102,0.85591245,0.13713807,0.85902244,-0.49322772,-0.95772874,0.24210612,0.15537149
1356765367448,0.32608777,0.47565377,0.8169579,0.10155791,0.84156746,-0.5305188,-0.9398684,0.25596422,0.22611845
1356765367487,0.39771962,0.44619614,0.8017032,0.08856803,0.85103303,-0.5175891,-0.9132222,0.2768606,0.29895383
1356765367527,0.45718187,0.40850443,0.79000556,0.08975513,0.8625451,-0.49795583,-0.8848326,0.29856345,0.3576746
1356765367567,0.49591678,0.40598837,0.7676196,0.08445141,0.8572387,-0.50794655,-0.86425364,0.31672576,0.39083278
1356765367607,0.5114693,0.4519102,0.73087364,0.06362443,0.82829314,-0.55667084,-0.85694283,0.33122146,0.394894
1356765367647,0.5051518,0.52922904,0.68171716,0.03771016,0.77562094,-0.6300715,-0.8622062,0.3439894,0.37184897
1356765367687,0.48213434,0.61297,0.6259507,0.022933125,0.7054013,-0.7084371,-0.87579715,0.35591686,0.32604086
1356765367727,0.45059687,0.6856313,0.5717273,0.028354317,0.6291129,-0.77679664,-0.8922771,0.36623305,0.2640357
1356765367767,0.4178587,0.7415285,0.5249091,0.05323729,0.55678976,-0.82894576,-0.9069509,0.37432694,0.1931825
1356765367807,0.38868034,0.7812166,0.48849595,0.09169486,0.49475336,-0.8641823,-0.9167986,0.38068324,0.12066734
1356765367847,0.36518466,0.8075096,0.4632153,0.1362809,0.44584805,-0.8846734,-0.9209059,0.38619655,0.052768767
1356765367887,0.34732437,0.8237915,0.4480328,0.18008998,0.41028684,-0.8939979,-0.9202898,0.39119348,-0.005853951
1356765367927,0.33375552,0.83327526,0.44074887,0.21831542,0.38652012,-0.8960695,-0.9170309,0.3952904,-0.052913606
1356765367972,0.32294858,0.8383479,0.43917772,0.24894765,0.37245214,-0.8940383,-0.9130877,0.39806068,-0.08842182
1356765368007,0.3134699,0.8402499,0.44239882,0.2723769,0.36674398,-0.8895559,-0.90969634,0.3993482,-0.11390144
1356765368047,0.30522794,0.8404405,0.44776756,0.28799346,0.36672008,-0.88463336,-0.907687,0.398969,-0.13010818
1356765368087,0.29791975,0.838454,0.45633167,0.29701158,0.3728937,-0.8790532,-0.90720886,0.3974231,-0.13793814
1356765368127,0.29210263,0.8334856,0.46901795,0.3006517,0.38551825,-0.8723441,-0.90790117,0.3958251,-0.13797796
1356765368167,0.28818652,0.82543886,0.4853856,0.29985848,0.4036061,-0.8643998,-0.90941375,0.39465535,-0.13120097
1356765368207,0.28602678,0.8164687,0.501565,0.2944549,0.4232152,-0.85684603,-0.91185796,0.39276916,-0.119362354
1356765368248,0.2855021,0.81026006,0.5118273,0.28338662,0.4388003,-0.8527287,-0.91552204,0.3885009,-0.10433847
1356765368301,0.28662077,0.8107273,0.5104604,0.26231366,0.44604442,-0.8557079,-0.9214337,0.37916437,-0.08481926
1356765368325,0.29171553,0.8211385,0.49054414,0.23703992,0.4347913,-0.8687742,-0.9266682,0.36971346,-0.06780726
1356765368368,0.29583317,0.83599323,0.4621668,0.20807582,0.4158094,-0.88532877,-0.9323021,0.35807535,-0.05093974
1356765368407,0.30011642,0.8573952,0.41809517,0.1736401,0.3818733,-0.9077565,-0.93796545,0.34503073,-0.034271777
1356765368447,0.3020051,0.8808455,0.36456025,0.1355725,0.33884537,-0.9310231,-0.943617,0.33059803,-0.017085373
1356765368487,0.3000329,0.9024383,0.309169,0.09600708,0.2938885,-0.9510059,-0.9490853,0.3150155,0.0015357733
1356765368527,0.29484195,0.919083,0.26144716,0.056420416,0.2563882,-0.96492577,-0.9538789,0.29925153,0.02373892
1356765368567,0.28996897,0.92911863,0.2294704,0.01592961,0.235053,-0.97185206,-0.9569036,0.28546235,0.05335751
1356765368607,0.29106346,0.9316125,0.21767002,-0.028301,0.2358056,-0.97138804,-0.95628506,0.27657527,0.09499997
1356765368647,0.3045355,0.9252328,0.22627962,-0.0783301,0.26108587,-0.96213233,-0.9492748,0.27527902,0.15198347
1356765368687,0.33438435,0.90832293,0.2512699,-0.13053226,0.30868503,-0.942165,-0.9333533,0.28224638,0.22178486
1356765368727,0.3783244,0.88071066,0.2849904,-0.1750148,0.3703754,-0.91224563,-0.90897775,0.29524723,0.2942594
1356765368767,0.42576292,0.84659976,0.31936616,-0.20131999,0.4327409,-0.87875223,-0.8821543,0.3098453,0.3546825
1356765368807,0.4629152,0.8142763,0.35023382,-0.20621961,0.48320952,-0.8508713,-0.8620807,0.3216562,0.39160475
1356765368847,0.4817009,0.79037255,0.37851742,-0.19233572,0.5167521,-0.8342507,-0.85496855,0.3290569,0.40093684
1356765368887,0.48211253,0.7760043,0.40667516,-0.16162941,0.5349957,-0.82925,-0.86107105,0.33406115,0.38335326
1356765368927,0.46783096,0.7690692,0.43550742,-0.115008175,0.5415406,-0.83277065,-0.8763032,0.33950895,0.34179872
1356765368967,0.44283354,0.76724863,0.46392658,-0.05579111,0.54000366,-0.8398115,-0.89486635,0.34601372,0.2819374
1356765369007,0.41070414,0.76905394,0.4897737,0.010587543,0.5331099,-0.8459797,-0.9117072,0.35263285,0.21080804
1356765369047,0.37566686,0.7732016,0.5109147,0.07844731,0.5227853,-0.84884715,-0.92342865,0.3589636,0.13573754
1356765369087,0.34256205,0.7785051,0.5259098,0.14255074,0.5102272,-0.8481436,-0.9286176,0.36551067,0.063807964
1356765369127,0.3153083,0.78430855,0.53426665,0.19849819,0.49602392,-0.8453158,-0.9279974,0.37258604,7.1662664E-4
1356765369167,0.29544604,0.7906579,0.53625715,0.24347469,0.4804659,-0.84253937,-0.9238137,0.37948996,-0.05055344
1356765369207,0.2825758,0.7978047,0.53259593,0.27631566,0.46399188,-0.8416419,-0.9185862,0.38499224,-0.08933312
1356765369247,0.27566275,0.8056158,0.5243981,0.29750887,0.44724515,-0.84348106,-0.91405606,0.38852933,-0.11638898
1356765369301,0.27422112,0.81323254,0.5132793,0.30749726,0.4315688,-0.848053,-0.91117954,0.39038602,-0.1317215
1356765369339,0.2775608,0.8210597,0.4988196,0.30970135,0.41503164,-0.85547286,-0.90942013,0.39193076,-0.13908672
1356765369379,0.28424346,0.8264706,0.48595467,0.30679917,0.40180206,-0.8628032,-0.90833914,0.3943367,-0.13935089
1356765369419,0.29346287,0.8290845,0.4759186,0.30014613,0.3927549,-0.8692847,-0.9076298,0.39794785,-0.13358748
1356765369457,0.3029534,0.82966274,0.46891242,0.29045123,0.38824454,-0.874588,-0.9076658,0.4011556,-0.12335658
1356765369497,0.30942726,0.82994616,0.4641596,0.2781249,0.38778305,-0.8787895,-0.9093412,0.40101582,-0.110838056
1356765369537,0.31074095,0.83132124,0.46080917,0.26320663,0.39059097,-0.8821343,-0.9133249,0.39540327,-0.09743661
1356765369577,0.3066675,0.83395076,0.45878237,0.24623194,0.39608908,-0.88458085,-0.91941553,0.38423908,-0.08387762
1356765369617,0.2981109,0.836967,0.45892918,0.22822067,0.40434855,-0.88567346,-0.92684686,0.368766,-0.07047248
1356765369657,0.28626576,0.83882004,0.46306893,0.21026093,0.4165186,-0.8844787,-0.93479526,0.35056126,-0.05713606
1356765369697,0.27216557,0.83755034,0.473746,0.19312614,0.434768,-0.8795903,-0.94267076,0.33088693,-0.04342401
1356765369737,0.25660062,0.8308505,0.4938052,0.17719698,0.46181142,-0.86909807,-0.95013547,0.31051186,-0.02872312
1356765369777,0.2409895,0.8157704,0.52577823,0.16213179,0.5002928,-0.85054135,-0.95688945,0.29021695,-0.011696994
1356765369817,0.22903457,0.78861505,0.5706396,0.14644074,0.5516362,-0.82112885,-0.96234,0.2716318,0.010858417
1356765369857,0.22779441,0.7455485,0.62631243,0.1285666,0.61456186,-0.7783215,-0.96518415,0.25782016,0.044141114
1356765369897,0.24619037,0.6844959,0.6861892,0.109401315,0.6838298,-0.7213932,-0.96302736,0.25267008,0.09346753
1356765369937,0.28873897,0.607201,0.7402276,0.09421739,0.7513843,-0.65310395,-0.9527607,0.25831887,0.15974504
1356765369977,0.3477145,0.519941,0.7802282,0.090471074,0.8096652,-0.5798769,-0.93322545,0.2722197,0.23449272
1356765370017,0.40415144,0.43147326,0.8065311,0.10267842,0.8547777,-0.5087359,-0.90891075,0.2884197,0.30115664
1356765370057,0.43994313,0.34855872,0.8276212,0.1301825,0.8871116,-0.44281536,-0.88853955,0.30255538,0.3449024
1356765370097,0.44656125,0.2734468,0.8519448,0.16955063,0.90904385,-0.3806466,-0.8785418,0.31442976,0.3595807
1356765370137,0.4230768,0.20535757,0.88251585,0.21671514,0.9227765,-0.31861895,-0.87979573,0.32605487,0.34590125
1356765370177,0.37256542,0.14347033,0.9168486,0.2660042,0.93000954,-0.2536218,-0.8890652,0.3383763,0.3083257
1356765370217,0.3012518,0.08837313,0.94944066,0.31028312,0.9324218,-0.18524,-0.9016494,0.3503993,0.25347304
1356765370257,0.21800649,0.04196407,0.97504467,0.34410322,0.9316097,-0.11703142,-0.9132722,0.36102962,0.18865699
1356765370300,0.13105112,0.005970642,0.99135756,0.36681604,0.92872,-0.054084107,-0.9210166,0.37073368,0.11951965
1356765370339,0.05293116,-0.018100858,0.99843407,0.38026044,0.92487323,-0.0033919215,-0.92336357,0.37984452,0.05583763
1356765370379,-0.0126104355,-0.03208001,0.99940574,0.38892537,0.9206246,0.034458607,-0.921183,0.38912877,8.672476E-4
1356765370418,-0.06263405,-0.036719054,0.9973608,0.39498958,0.91681737,0.05855897,-0.916548,0.39761493,-0.04292035
1356765370459,-0.09740937,-0.03413266,0.99465895,0.399298,0.9141087,0.07047275,-0.9116318,0.40403003,-0.075413644
1356765370499,-0.11897439,-0.02638711,0.99254656,0.40199375,0.9127714,0.07245238,-0.90787995,0.40761757,-0.09798896
1356765370539,-0.13017741,-0.015667856,0.9913669,0.40301853,0.91271055,0.067345515,-0.90588623,0.40830612,-0.11249989
1356765370579,-0.13371384,-0.004167855,0.99101126,0.4027376,0.9134644,0.058181748,-0.905496,0.4068972,-0.120464325
1356765370619,-0.13163176,0.005965784,0.99128073,0.40222675,0.9142857,0.047909126,-0.906028,0.40502596,-0.12274861
1356765370659,-0.12561691,0.012723669,0.9919972,0.40193188,0.9148317,0.03916286,-0.90701216,0.40363485,-0.12003237
1356765370699,-0.11733249,0.0142983645,0.9929897,0.40022445,0.91578233,0.034104213,-0.9088748,0.4014203,-0.113173604
1356765370739,-0.10836828,0.009216055,0.9940682,0.39473724,0.91814536,0.03452006,-0.912381,0.39613655,-0.103135765
1356765370779,-0.099729985,-0.003372267,0.9950088,0.38466662,0.922114,0.041680455,-0.91765213,0.3869035,-0.09066522
1356765370819,-0.0922015,-0.02379492,0.995456,0.37105936,0.9268872,0.056524277,-0.9240204,0.37458488,-0.07663107
1356765370857,-0.08614245,-0.051540434,0.9949488,0.35549057,0.9313333,0.0790233,-0.9307019,0.36050215,-0.061905205
1356765370897,-0.08110148,-0.0853588,0.993044,0.33914238,0.9345122,0.1080252,-0.9372326,0.34554434,-0.046841502
1356765370937,-0.07594222,-0.12362575,0.98941875,0.3226559,0.93584985,0.14169767,-0.9434649,0.33000264,-0.031181931
1356765370977,-0.06918809,-0.16497338,0.98386824,0.30646452,0.93502724,0.17833519,-0.9493642,0.3138594,-0.014134288
1356765371017,-0.058897942,-0.20885713,0.97617096,0.29155362,0.9316343,0.21691938,-0.9547395,0.2973823,0.006021738
1356765371057,-0.042644054,-0.25602534,0.96572894,0.2804275,0.9246839,0.25752681,-0.95892745,0.28179896,0.03236425
1356765371097,-0.018298775,-0.30853522,0.95103693,0.27794385,0.91213393,0.3012622,-0.960423,0.26984757,0.0690645
1356765371137,0.013950437,-0.3685735,0.9294939,0.29082716,0.8908913,0.34890145,-0.95667386,0.26545477,0.11961955
1356765371177,0.04923038,-0.43572485,0.8987326,0.32370007,0.8582164,0.39835024,-0.94487816,0.27130884,0.18329448
1356765371217,0.07780795,-0.5048143,0.85971415,0.37231737,0.81465256,0.4446583,-0.9248382,0.28548858,0.2513376
1356765371257,0.09072836,-0.56773734,0.8181947,0.42259535,0.7658924,0.48458433,-0.90176576,0.30179977,0.30941135
1356765371318,0.085211456,-0.61814576,0.7814313,0.45956156,0.7202597,0.5196433,-0.8840488,0.3148362,0.3454504
1356765371337,0.06533128,-0.65516883,0.75265247,0.4776073,0.68278694,0.5528953,-0.876141,0.32335094,0.35752076
1356765371378,0.034252226,-0.6759362,0.73616374,0.47519016,0.659022,0.582996,-0.8792162,0.32984883,0.34377116
1356765371415,-0.0047301054,-0.6818193,0.7315052,0.45642158,0.6494001,0.6082424,-0.889751,0.33675188,0.30812538
1356765371458,-0.048496306,-0.67347014,0.73762184,0.42578745,0.65408987,0.6251972,-0.90352255,0.34438995,0.2550342
1356765371497,-0.09334916,-0.65265876,0.7518792,0.38983017,0.67092514,0.6307867,-0.9161432,0.3519886,0.19179577
1356765371537,-0.1378018,-0.6203375,0.7721348,0.35470876,0.696957,0.6232436,-0.92476606,0.35976705,0.12399715
1356765371577,-0.1798903,-0.5786402,0.7954966,0.3264411,0.7277448,0.6031779,-0.92794156,0.36818874,0.057977736
1356765371617,-0.21704702,-0.5318535,0.81854904,0.30818307,0.75831795,0.5744363,-0.9262364,0.37694263,-6.824136E-4
1356765371657,-0.24711405,-0.48539972,0.83864284,0.29932922,0.78491557,0.542503,-0.9215946,0.3850904,-0.04866934
1356765371697,-0.26890808,-0.44414777,0.8546468,0.29723084,0.8057558,0.51226115,-0.9161563,0.39177853,-0.084659815
1356765371737,-0.28266782,-0.41116232,0.86662817,0.2991497,0.8206262,0.48691076,-0.9113772,0.39688557,-0.108965516
1356765371777,-0.28938472,-0.38761532,0.8752204,0.30310893,0.83018315,0.46788988,-0.90795445,0.4006873,-0.12275267
1356765371818,-0.29017,-0.37341145,0.8811159,0.3079249,0.8353321,0.4554147,-0.90608144,0.4034652,-0.12740564
1356765371857,-0.28601846,-0.36749816,0.8849511,0.31297576,0.83705354,0.44876212,-0.90567076,0.40532255,-0.124394774
1356765371897,-0.27771792,-0.3680932,0.8873444,0.3174287,0.83663654,0.44640598,-0.90670377,0.40564355,-0.115505576
1356765371937,-0.2658053,-0.3729689,0.88895535,0.31975424,0.83581614,0.44628313,-0.9094529,0.4028717,-0.10290593
1356765371977,-0.25050586,-0.3797896,0.8905092,0.31886446,0.83614546,0.4463028,-0.9140964,0.39575323,-0.088357925
1356765372017,-0.232013,-0.3861361,0.89278716,0.31522352,0.83845377,0.4445553,-0.9202196,0.3845701,-0.072813034
1356765372057,-0.2108623,-0.38952327,0.89655375,0.31012356,0.84313667,0.43925387,-0.927017,0.37066454,-0.05698538
1356765372097,-0.18769331,-0.38798225,0.902353,0.30446422,0.8504496,0.4289953,-0.9338483,0.35525376,-0.041496992
1356765372137,-0.16277234,-0.38072097,0.91025096,0.29838997,0.8603599,0.4132121,-0.94046193,0.33886924,-0.026439488
1356765372177,-0.13604558,-0.36817062,0.91975105,0.2914614,0.87242293,0.39233717,-0.9468589,0.3214477,-0.011381745
1356765372217,-0.1073413,-0.35176978,0.9299118,0.28345135,0.8856708,0.36775345,-0.9529602,0.30305988,0.004640579
