1356765296139,0.07255155,-0.03189805,-0.9968544,-0.8918979,-0.44940484,-0.0505324,-0.44637927,0.89275855,-0.061054885
1356765296159,-0.036056995,-0.08608085,-0.9956355,-0.8941156,-0.4422338,0.07061517,-0.4463823,0.8927594,-0.061020613
1356765296197,-0.036450624,-0.08601385,-0.9956269,-0.89408773,-0.44223827,0.070938915,-0.44640616,0.8927636,-0.060784012
1356765296235,-0.037645698,-0.08581555,-0.9955995,-0.8939963,-0.44226408,0.071924716,-0.44649014,0.89276993,-0.06006947
1356765296278,-0.03999442,-0.085440546,-0.99554026,-0.89379084,-0.4423585,0.073871404,-0.44669726,0.8927592,-0.058674127
1356765296317,-0.04327011,-0.08495039,-0.99544525,-0.893444,-0.44259375,0.07660687,-0.44708562,0.89268935,-0.056747377
1356765296357,-0.046774685,-0.08434272,-0.9953383,-0.89297515,-0.4430284,0.07950544,-0.44766888,0.8925313,-0.054593414
1356765296397,-0.050646305,-0.0839712,-0.99518037,-0.8924277,-0.44352043,0.08284038,-0.44833902,0.892322,-0.05247557
1356765296437,-0.054148972,-0.083599895,-0.9950272,-0.8919196,-0.44397205,0.08583936,-0.4489404,0.8921323,-0.050523758
1356765296477,-0.05705744,-0.083263844,-0.9948928,-0.8914969,-0.44433522,0.08831465,-0.44941932,0.8919828,-0.048876822
1356765296517,-0.058767617,-0.0829618,-0.99481845,-0.8911467,-0.4447534,0.089733034,-0.44989324,0.89180255,-0.047794074
1356765296557,-0.05933875,-0.08307877,-0.99477476,-0.8907515,-0.445423,0.09033328,-0.45060033,0.8914574,-0.04757172
1356765296597,-0.058267534,-0.08352938,-0.9948004,-0.8902346,-0.44659483,0.08964166,-0.45176035,0.89082885,-0.04833883
1356765296637,-0.05605501,-0.08430818,-0.99486184,-0.88953364,-0.4482931,0.0881103,-0.45341805,0.889902,-0.04986593
1356765296677,-0.053715885,-0.085246325,-0.9949109,-0.88868016,-0.45028287,0.08656168,-0.45537037,0.8888073,-0.051569372
1356765296717,-0.052219033,-0.086161405,-0.99491173,-0.8878404,-0.4520908,0.085751325,-0.4571789,0.8878007,-0.052889794
1356765296757,-0.05165267,-0.08707377,-0.99486184,-0.8873215,-0.45311296,0.085727274,-0.45824942,0.8871904,-0.053857923
1356765296797,-0.05117172,-0.088263065,-0.994782,-0.88750255,-0.45274025,0.08582306,-0.45795283,0.88726324,-0.055166245
1356765296837,-0.049833298,-0.09007093,-0.9946878,-0.8887203,-0.45044202,0.085312754,-0.4557334,0.8882507,-0.057600886
1356765296877,-0.04741007,-0.0926477,-0.9945696,-0.8912343,-0.445696,0.084002376,-0.45105833,0.8903771,-0.06144029
1356765296917,-0.044335485,-0.095858544,-0.9944072,-0.8952687,-0.43789166,0.082127154,-0.44331518,0.8939027,-0.066405
1356765296957,-0.04124123,-0.09934771,-0.9941977,-0.90094423,-0.42649835,0.07999182,-0.4319707,0.89901567,-0.071917444
1356765296997,-0.038889408,-0.10262796,-0.99395937,-0.90799904,-0.41164207,0.07802889,-0.41716343,0.9055487,-0.077177644
1356765297062,-0.037964404,-0.105244815,-0.99372137,-0.91586787,-0.3940798,0.076727,-0.39968064,0.9130304,-0.0814293
1356765297082,-0.039108813,-0.10696933,-0.99349296,-0.9237429,-0.37524152,0.07676533,-0.38101128,0.92073417,-0.08413693
1356765297118,-0.04337716,-0.10783675,-0.9932219,-0.931026,-0.35622507,0.07933721,-0.362366,0.92815673,-0.08494672
1356765297157,-0.0518865,-0.108241916,-0.9927696,-0.9371264,-0.33826357,0.0858593,-0.3451114,0.9348055,-0.083884954
1356765297197,-0.06530917,-0.108796954,-0.9919163,-0.94164586,-0.32222295,0.097341895,-0.3302087,0.9403912,-0.08140409
1356765297237,-0.08336854,-0.11040899,-0.9903835,-0.94426584,-0.30884445,0.113916785,-0.31845188,0.9446825,-0.07850757
1356765297277,-0.10496783,-0.11383641,-0.98793876,-0.9448565,-0.29846317,0.13478112,-0.31020626,0.9476081,-0.07623011
1356765297317,-0.12913197,-0.119344324,-0.9844195,-0.94339585,-0.29105282,0.15903595,-0.30549818,0.949234,-0.07500464
1356765297358,-0.15605992,-0.12656295,-0.97960556,-0.9397569,-0.2863518,0.18670768,-0.3041421,0.94972867,-0.07425037
1356765297397,-0.18723655,-0.13453177,-0.97305894,-0.93358755,-0.28374273,0.21887064,-0.30554342,0.9494163,-0.07247022
1356765297437,-0.22478187,-0.14208308,-0.9639946,-0.92430663,-0.28205836,0.25710002,-0.30843225,0.94881797,-0.067926764
1356765297477,-0.27003706,-0.14834037,-0.9513543,-0.91115344,-0.28003508,0.30229083,-0.31125456,0.9484595,-0.059540927
1356765297517,-0.3217455,-0.1531958,-0.93435055,-0.89341897,-0.27762198,0.35316947,-0.31350034,0.94839716,-0.04754436
1356765297557,-0.375122,-0.15744928,-0.913506,-0.8712274,-0.27671242,0.4054541,-0.31661695,0.94796616,-0.033373177
1356765297597,-0.42316872,-0.16239733,-0.8913784,-0.8465646,-0.27972996,0.45285708,-0.32288805,0.9462443,-0.019106805
1356765297637,-0.45973516,-0.16863236,-0.87189835,-0.82299197,-0.28797865,0.48964524,-0.33365816,0.9426725,-0.006389141
1356765297677,-0.48123688,-0.17539957,-0.85886323,-0.804281,-0.30131966,0.51218987,-0.34863022,0.93725204,0.0039355755
1356765297717,-0.4861492,-0.1806365,-0.85500264,-0.79328954,-0.31915814,0.51848805,-0.36653888,0.9303272,0.011861384
1356765297757,-0.47422528,-0.18135175,-0.86152303,-0.7914152,-0.34090012,0.50739443,-0.38571012,0.9224417,0.018138826
1356765297797,-0.4458484,-0.17439616,-0.87795514,-0.798321,-0.36615008,0.47813985,-0.4048491,0.91406786,0.024023294
1356765297837,-0.40167356,-0.15698594,-0.90222704,-0.8121658,-0.39414483,0.43015867,-0.42313704,0.90554136,0.030818999
1356765297877,-0.3443448,-0.12737727,-0.9301622,-0.8293538,-0.42305654,0.36495942,-0.43999875,0.8971054,0.04003647
1356765297917,-0.28051603,-0.08517325,-0.9560629,-0.8454034,-0.44975835,0.28811553,-0.45453703,0.8890798,0.054158717
1356765297957,-0.22110122,-0.03160423,-0.9747387,-0.8571928,-0.47037327,0.20968914,-0.46511805,0.8819015,0.076909125
1356765297997,-0.17845374,0.030655771,-0.9834706,-0.86488223,-0.48149294,0.14192691,-0.46918327,0.87591374,0.112437844
1356765298058,-0.1604315,0.09816608,-0.98215324,-0.87148666,-0.48127687,0.09425098,-0.46343547,0.8710544,0.16276252
1356765298079,-0.1621443,0.16618568,-0.9726724,-0.87995905,-0.47039765,0.06631932,-0.44652146,0.8666651,0.22250883
1356765298119,-0.16886544,0.22809952,-0.9588822,-0.8908196,-0.45165938,0.04943818,-0.42181137,0.86253947,0.27946526
1356765298149,-0.16510552,0.27797484,-0.9462929,-0.90212214,-0.43036747,0.030977726,-0.39864263,0.85878634,0.32182318
1356765298179,-0.14703572,0.31373498,-0.93805695,-0.9130496,-0.40779287,0.0067288578,-0.3804219,0.85748196,0.34641582
1356765298209,-0.11380458,0.33543324,-0.93516463,-0.9226862,-0.38469416,-0.025699496,-0.36837286,0.85993886,0.35327965
1356765298239,-0.06645697,0.34369606,-0.9367265,-0.9299682,-0.36154312,-0.066676974,-0.36158365,0.8666947,0.34365344
1356765298279,0.0100290775,0.3346951,-0.9422731,-0.93312633,-0.33556265,-0.12912342,-0.35940868,0.8805548,0.3089475
1356765298319,0.09215438,0.30963263,-0.94638,-0.92861366,-0.31633925,-0.19392294,-0.35942206,0.89669234,0.25837708
1356765298359,0.16537642,0.2744012,-0.94728804,-0.91804695,-0.3081059,-0.24952066,-0.36033377,0.9109198,0.20095971
1356765298389,0.21364701,0.23654327,-0.9478408,-0.9079336,-0.3100313,-0.28202322,-0.360571,0.92083,0.14852834
1356765298429,0.253376,0.19787651,-0.9469137,-0.8983446,-0.31498736,-0.3062027,-0.3588561,0.92823917,0.09795098
1356765298459,0.26778626,0.15803668,-0.95042884,-0.8957809,-0.32240045,-0.30599758,-0.3547775,0.9333179,0.05523181
1356765298489,0.26955378,0.12088731,-0.95536745,-0.897951,-0.32684737,-0.29471153,-0.3478862,0.93731374,0.020447925
1356765298519,0.25846398,0.08610457,-0.96217585,-0.90475297,-0.32749027,-0.27234575,-0.33855343,0.940923,-0.0067410767
1356765298549,0.23426765,0.05357212,-0.97069496,-0.91525877,-0.32446587,-0.23879579,-0.32775015,0.9443792,-0.02697952
1356765298579,0.19700009,0.023241311,-0.98012793,-0.9278722,-0.31843144,-0.19404778,-0.31661353,0.9476609,-0.041166067
1356765298619,0.14542425,-0.004481107,-0.98935914,-0.9411448,-0.30902153,-0.13693765,-0.30511972,0.95104444,-0.049156576
1356765298649,0.07541472,-0.033177584,-0.99660015,-0.95243347,-0.29834366,-0.062140435,-0.29526773,0.9538816,-0.054098874
1356765298689,-4.6259165E-4,-0.05856979,-0.9982832,-0.95780814,-0.28688866,0.01727575,-0.28740793,0.9561718,-0.05596593
1356765298718,-0.08502209,-0.08327362,-0.9928931,-0.9557519,-0.27483803,0.104892224,-0.28161952,0.95787764,-0.056221634
1356765298749,-0.16715991,-0.10438934,-0.98038787,-0.9459648,-0.26326334,0.1893223,-0.27786344,0.95905954,-0.0547415
1356765298779,-0.24576998,-0.12224057,-0.9615895,-0.9291729,-0.25285983,0.26962912,-0.2761069,0.9597496,-0.05143726
1356765298809,-0.31900352,-0.13737771,-0.93774414,-0.9064436,-0.24470949,0.34420514,-0.27676097,0.9598149,-0.046462
1356765298849,-0.38447136,-0.15055284,-0.91077757,-0.8786453,-0.24292028,0.4110623,-0.28313294,0.95829207,-0.038886726
1356765298889,-0.43982744,-0.16456878,-0.8828753,-0.84800756,-0.24757302,0.46860504,-0.2956939,0.95479035,-0.030666113
1356765298929,-0.4796514,-0.17915478,-0.85897505,-0.819558,-0.25824398,0.51150244,-0.31346324,0.94932276,-0.022960663
1356765298959,-0.50570565,-0.19227886,-0.84100574,-0.7965886,-0.27020413,0.5407738,-0.3312226,0.94340795,-0.016523361
1356765299018,-0.517394,-0.20364636,-0.8311629,-0.7803332,-0.28640342,0.5559256,-0.3512601,0.9362165,-0.010728657
1356765299072,-0.5133689,-0.21014252,-0.83204114,-0.7736112,-0.30634344,0.5546886,-0.371454,0.9284363,-0.005301416
1356765299076,-0.49442244,-0.20951378,-0.8435938,-0.77653176,-0.32961923,0.5369818,-0.39056987,0.92057323,2.77102E-4
1356765299104,-0.46063495,-0.199904,-0.86478543,-0.7886299,-0.35489535,0.5021078,-0.40728164,0.913284,0.00582695
1356765299148,-0.42165804,-0.18404526,-0.8878805,-0.8018131,-0.38158232,0.459881,-0.4234385,0.90582675,0.01332742
1356765299187,-0.36793923,-0.15449211,-0.9169257,-0.81999135,-0.41105992,0.39830115,-0.43844587,0.8984219,0.024562895
1356765299227,-0.31447864,-0.1124987,-0.9425748,-0.83535683,-0.43882143,0.33108112,-0.4508682,0.89150417,0.044023424
1356765299268,-0.27835608,-0.059103817,-0.9586577,-0.8443779,-0.460634,0.27357307,-0.45775956,0.8856201,0.078314334
1356765299307,-0.26883763,0.0030578375,-0.9631807,-0.848324,-0.47433412,0.23527357,-0.45615,0.8803396,0.13011283
1356765299347,-0.28612816,0.06887278,-0.9557129,-0.84893084,-0.48076022,0.21951333,-0.44435024,0.8741431,0.19602728
1356765299387,-0.30958915,0.13167706,-0.9417089,-0.85049915,-0.4812206,0.21231571,-0.4252126,0.8666533,0.26097187
1356765299427,-0.3175555,0.18350834,-0.9303135,-0.8574504,-0.47449183,0.19908863,-0.40489167,0.8609194,0.30802673
1356765299467,-0.29992044,0.21887839,-0.92851496,-0.8714433,-0.45885372,0.17332035,-0.38811645,0.8611304,0.3283597
1356765299507,-0.2576481,0.23499534,-0.93722713,-0.89038396,-0.4344716,0.13583362,-0.37527826,0.8694893,0.32117686
1356765299547,-0.19866765,0.2310436,-0.95244426,-0.90981627,-0.40477985,0.09158459,-0.36437017,0.88474417,0.29062387
1356765299587,-0.13455546,0.20835343,-0.9687537,-0.92557096,-0.37554616,0.047787458,-0.35385498,0.90308034,0.2433776
1356765299628,-0.07723808,0.17038986,-0.98234487,-0.9361248,-0.35144043,0.01264587,-0.34308097,0.9205742,0.18665075
1356765299667,-0.036615312,0.12209222,-0.99184316,-0.9427352,-0.33348352,-0.006248206,-0.33152622,0.9348167,0.12731123
1356765299707,-0.018588185,0.06882286,-0.9974557,-0.947631,-0.31933755,-0.0043741167,-0.31882605,0.9451387,0.071154505
1356765299747,-0.025473714,0.015423983,-0.99955654,-0.95187235,-0.30587137,0.019538611,-0.30543435,0.9519479,0.022473335
1356765299787,-0.05625391,-0.034300625,-0.9978272,-0.9545119,-0.29126185,0.06382421,-0.29281822,0.9560282,-0.016355723
1356765299827,-0.106172144,-0.07780653,-0.9912989,-0.9533358,-0.27539736,0.12372193,-0.28262743,0.9581766,-0.0449363
1356765299867,-0.16888767,-0.11405143,-0.9790144,-0.94623077,-0.25928545,0.19343805,-0.27590612,0.9590429,-0.064128846
1356765299907,-0.23767132,-0.14301893,-0.96075904,-0.9322628,-0.2441606,0.2669677,-0.27276096,0.95913047,-0.07530129
1356765299947,-0.30760503,-0.16519526,-0.93706435,-0.91170335,-0.23071462,0.33995265,-0.272353,0.95889586,-0.07964009
1356765299987,-0.3765301,-0.18105122,-0.90854025,-0.88521945,-0.21884942,0.4104769,-0.2731509,0.9588145,-0.077866614
1356765300063,-0.45286268,-0.18558154,-0.8720521,-0.8475205,-0.21406758,0.485679,-0.2768111,0.9590279,-0.06034094
1356765300084,-0.53763235,-0.19613099,-0.8200513,-0.79489577,-0.20649356,0.5705271,-0.28123334,0.9585891,-0.044886053
1356765300127,-0.59583765,-0.20470616,-0.7765777,-0.74868226,-0.20831895,0.6293474,-0.2906071,0.9563988,-0.029135644
1356765300167,-0.6357623,-0.21426342,-0.74155074,-0.709356,-0.2166,0.6707448,-0.3043359,0.95245767,-0.014282942
1356765300207,-0.662175,-0.22496654,-0.7147827,-0.67729723,-0.22843832,0.6993457,-0.32061315,0.9472096,-0.0011030436
1356765300247,-0.678728,-0.23560207,-0.69557166,-0.65247214,-0.24124753,0.7183868,-0.33705834,0.9414304,0.010017633
1356765300287,-0.68746865,-0.24464384,-0.68376625,-0.63507116,-0.2541569,0.7294443,-0.35223794,0.93571025,0.019358575
1356765300327,-0.68901765,-0.250879,-0.679937,-0.62559104,-0.2677871,0.73275226,-0.3659105,0.93024176,0.02756238
1356765300367,-0.68326294,-0.25331256,-0.6848244,-0.6243855,-0.2835347,0.7278398,-0.37854248,0.9249004,0.035564125
1356765300407,-0.6706221,-0.25020182,-0.6983301,-0.6307939,-0.30302513,0.7143352,-0.39033955,0.9195514,0.045389533
1356765300447,-0.65362406,-0.23841293,-0.7182861,-0.6421226,-0.32762992,0.6930636,-0.40056735,0.9142308,0.061056495
1356765300487,-0.6375575,-0.21384129,-0.74012995,-0.6538849,-0.35780203,0.66664255,-0.4073757,0.90898275,0.088291764
1356765300527,-0.62882227,-0.17347543,-0.7579504,-0.6617421,-0.39243275,0.63882226,-0.40826452,0.9032734,0.13197446
1356765300567,-0.6302274,-0.119006395,-0.76723593,-0.6644401,-0.42855096,0.612261,-0.40166265,0.8956459,0.19101185
1356765300607,-0.6369867,-0.05907905,-0.7686075,-0.6653869,-0.46131063,0.5869009,-0.38924038,0.88526946,0.25453836
1356765300647,-0.6397192,-0.0060616136,-0.7685848,-0.67026794,-0.48499566,0.5617118,-0.3761652,0.8744955,0.30619812
1356765300687,-0.631874,0.030854166,-0.7744568,-0.68263966,-0.4953705,0.53722554,-0.3670674,0.8681337,0.33407396
1356765300727,-0.61230516,0.048307568,-0.78914434,-0.70264065,-0.49084425,0.515139,-0.36246186,0.86990714,0.33448932
1356765300767,-0.58326006,0.0466201,-0.8109465,-0.72809064,-0.4726255,0.4964968,-0.36012727,0.8800293,0.30960727
1356765300807,-0.5488591,0.027976453,-0.8354465,-0.75536656,-0.4446507,0.4813595,-0.35801518,0.895267,0.26518318
1356765300847,-0.5143532,-0.0042102635,-0.857568,-0.7807094,-0.41150212,0.47027516,-0.35487112,0.911399,0.2083705
1356765300888,-0.4857037,-0.045406014,-0.8729435,-0.80118763,-0.37623018,0.46534848,-0.3495573,0.925413,0.1463576
1356765300927,-0.46858978,-0.09032002,-0.87878656,-0.81490386,-0.33990842,0.46946126,-0.3411087,0.9361114,0.08567554
1356765300967,-0.4674093,-0.13366196,-0.8738781,-0.8203262,-0.3028987,0.4850952,-0.32953534,0.9436031,0.03193128
1356765301007,-0.4833848,-0.17122391,-0.8584995,-0.8163682,-0.2658779,0.51269066,-0.316041,0.9486786,-0.01126039
1356765301061,-0.51564616,-0.19968814,-0.8332069,-0.8023669,-0.22855276,0.5513357,-0.30052695,0.95283175,-0.042370796
1356765301099,-0.5668202,-0.22246093,-0.7932377,-0.77197444,-0.19282168,0.60570234,-0.28769848,0.9556835,-0.062438965
1356765301139,-0.61617714,-0.23562133,-0.7515373,-0.73689646,-0.16439056,0.65571284,-0.27804565,0.95784044,-0.072334826
1356765301179,-0.6630971,-0.24160981,-0.708468,-0.6977111,-0.14330304,0.7018999,-0.2711115,0.95973384,-0.073550045
1356765301219,-0.70609254,-0.24186544,-0.66553324,-0.65626764,-0.12951374,0.74332964,-0.26598144,0.9616275,-0.067279756
1356765301258,-0.74347645,-0.238809,-0.6246704,-0.6148889,-0.12319553,0.7789317,-0.26297247,0.9632202,-0.05524808
1356765301287,-0.7729862,-0.23657483,-0.58866346,-0.57747924,-0.12183422,0.8072633,-0.26269758,0.9639444,-0.04244083
1356765301327,-0.7930124,-0.23806316,-0.560765,-0.5464584,-0.12890744,0.82750595,-0.26928544,0.9626572,-0.027866483
1356765301367,-0.80491996,-0.24462876,-0.54061127,-0.5219343,-0.14154255,0.8411601,-0.28229144,0.9592301,-0.013749719
1356765301407,-0.80947334,-0.2548564,-0.5289623,-0.5050185,-0.1573506,0.8486443,-0.29951498,0.95409065,-0.0013360977
1356765301447,-0.8073202,-0.26624492,-0.52663815,-0.49689797,-0.17468941,0.8500447,-0.31831822,0.9479437,0.008733809
1356765301487,-0.7984267,-0.2764153,-0.5348918,-0.49895072,-0.1934722,0.8447583,-0.33699083,0.94136226,0.016555905
1356765301527,-0.78174686,-0.2835488,-0.5554025,-0.5125986,-0.21501565,0.83127064,-0.35512605,0.93454176,0.02274108
1356765301567,-0.7552866,-0.28592604,-0.589736,-0.53883624,-0.24132872,0.80710346,-0.37309211,0.9273655,0.028205037
1356765301607,-0.71727586,-0.2805629,-0.6378087,-0.57678676,-0.27449292,0.76939636,-0.39093804,0.91974896,0.035062134
1356765301647,-0.6687331,-0.26220152,-0.69573444,-0.6219747,-0.3154087,0.71670413,-0.40736157,0.91201305,0.04784155
1356765301687,-0.6162189,-0.2244393,-0.7549181,-0.6666442,-0.3617438,0.65171087,-0.41935647,0.90485823,0.073292255
1356765301727,-0.5709871,-0.16355863,-0.80450135,-0.7036272,-0.4073574,0.58221024,-0.42294508,0.8985036,0.11751145
1356765301767,-0.54128814,-0.082999825,-0.83673066,-0.7310796,-0.4451232,0.51709574,-0.41536707,0.8916145,0.18026039
1356765301807,-0.5238514,0.0054936707,-0.8517919,-0.7529119,-0.47065842,0.4600047,-0.39837593,0.88229835,0.25069132
1356765301847,-0.5048562,0.086622864,-0.8588461,-0.77537894,-0.48275924,0.40710074,-0.37935168,0.8714586,0.31088957
1356765301887,-0.47111958,0.14952639,-0.86930335,-0.8026444,-0.48137462,0.35219386,-0.36579826,0.8636669,0.34680146
1356765301927,-0.41687799,0.19044042,-0.8887886,-0.83493304,-0.46674562,0.2916081,-0.35930428,0.863644,0.35358098
1356765301967,-0.34220874,0.20930475,-0.91601574,-0.8691779,-0.44086868,0.22397465,-0.35696366,0.87282664,0.33279213
1356765302007,-0.25236613,0.20774671,-0.9450675,-0.89990723,-0.40935344,0.15032181,-0.35563776,0.88840926,0.29025972
1356765302102,-0.15683305,0.18877417,-0.9694162,-0.9222693,-0.37912738,0.07537818,-0.35330278,0.9058845,0.23356032
1356765302103,-0.06603187,0.1563848,-0.9854865,-0.9350952,-0.35433853,0.0064261854,-0.34819078,0.92194796,0.16963223
1356765302125,0.008061349,0.116233826,-0.9931892,-0.9407047,-0.33596158,-0.04695323,-0.3391309,0.9346762,0.106633365
1356765302168,0.059574187,0.07354513,-0.9955109,-0.9435295,-0.321432,-0.08020979,-0.3258881,0.9440723,0.05024293
1356765302207,0.08388972,0.032346725,-0.9959499,-0.9470674,-0.30822474,-0.08978289,-0.30988055,0.9507635,0.0047776103
1356765302247,0.08031756,-0.004686415,-0.99675834,-0.9526963,-0.29442698,-0.0753828,-0.2931192,0.9556625,-0.028112411
1356765302287,0.049545467,-0.036640048,-0.99809957,-0.9593501,-0.27973574,-0.03735286,-0.27783552,0.9593776,-0.049010277
1356765302327,-0.0051957965,-0.063488305,-0.9979691,-0.9639837,-0.26505965,0.021881282,-0.26591057,0.9621396,-0.059824467
1356765302367,-0.07907885,-0.08563757,-0.99318314,-0.96280015,-0.2516765,0.09836063,-0.2583842,0.9640151,-0.06254962
1356765302407,-0.16617,-0.10349488,-0.980651,-0.9525863,-0.24020463,0.1867649,-0.25488606,0.9651894,-0.058673054
1356765302447,-0.2594831,-0.11763048,-0.958557,-0.93168867,-0.23077923,0.28053012,-0.25421393,0.96586955,-0.049711645
1356765302487,-0.35049343,-0.12933588,-0.9275918,-0.9007983,-0.22454011,0.37167746,-0.25635278,0.9658436,-0.037805676
1356765302527,-0.43018597,-0.1407685,-0.8916974,-0.8635893,-0.22356749,0.45191932,-0.26297057,0.9644697,-0.025390565
1356765302567,-0.49247158,-0.15358305,-0.85667026,-0.8257141,-0.2286529,0.5156686,-0.27507806,0.9613169,-0.014210641
1356765302607,-0.5357971,-0.1676737,-0.8275306,-0.7924292,-0.23851353,0.56139755,-0.29150888,0.95655465,-0.00507468
1356765302647,-0.56096375,-0.18146116,-0.8077075,-0.76761514,-0.251319,0.5895809,-0.3099783,0.9507421,0.00168854
1356765302687,-0.56869936,-0.19263747,-0.79966974,-0.7540121,-0.26641446,0.6004074,-0.3287046,0.94441205,0.0062587857
1356765302727,-0.5586757,-0.19861183,-0.80525446,-0.7533313,-0.28463125,0.5928549,-0.34694862,0.93783706,0.009396136
1356765302767,-0.52937204,-0.1966916,-0.8252744,-0.7659979,-0.3073597,0.5646036,-0.36470884,0.9310438,0.012042224
1356765302807,-0.47959137,-0.18393695,-0.85799736,-0.7899243,-0.3352902,0.5134201,-0.38211495,0.92398477,0.01550591
1356765302847,-0.41237074,-0.15710899,-0.89736676,-0.8191329,-0.36715692,0.44070062,-0.39871243,0.91679466,0.022711635
1356765302887,-0.33996844,-0.11406106,-0.9334942,-0.8449668,-0.39871943,0.35644615,-0.41285893,0.90995216,0.03917423
1356765302927,-0.2817226,-0.05535999,-0.95789754,-0.8619691,-0.42393374,0.27800998,-0.42147568,0.9039997,0.07171306
1356765302968,-0.2554319,0.015624404,-0.9667008,-0.8705962,-0.43858385,0.22294942,-0.4204959,0.89855444,0.12563089
1356765303007,-0.25661653,0.09201902,-0.96212286,-0.8758926,-0.44298506,0.19124943,-0.40860754,0.891794,0.19427615
1356765303067,-0.27437335,0.16427538,-0.9474876,-0.8800278,-0.4400862,0.17853618,-0.38764712,0.88280106,0.26531485
1356765303089,-0.28466672,0.22359022,-0.9321868,-0.8861017,-0.4324062,0.16687849,-0.365771,0.87351716,0.32121545
1356765303129,-0.27184486,0.26417363,-0.92537165,-0.8960165,-0.42028177,0.14323986,-0.3510767,0.8680873,0.3509554
1356765303169,-0.23166287,0.283971,-0.9304262,-0.90938085,-0.40289336,0.10345766,-0.34548348,0.87007904,0.35157317
1356765303209,-0.16785878,0.28275234,-0.94439113,-0.9232145,-0.3810159,0.050017983,-0.3456854,0.88027155,0.32499796
1356765303249,-0.08980042,0.26179543,-0.9609366,-0.93332183,-0.358886,-0.010554343,-0.34762973,0.89591527,0.2765674
1356765303289,-0.009522617,0.22429863,-0.97447395,-0.93728673,-0.34156823,-0.06946096,-0.34842932,0.91270006,0.2134847
1356765303329,0.06106913,0.17511469,-0.9826522,-0.936284,-0.33111584,-0.117194384,-0.3458942,0.9271985,0.14373614
1356765303369,0.11209071,0.11984414,-0.98644465,-0.9342328,-0.32554305,-0.14570838,-0.33859247,0.93790144,0.07547198
1356765303409,0.13647038,0.06357324,-0.98860216,-0.9352624,-0.3207252,-0.14973179,-0.3265885,0.9450364,0.015688151
1356765303449,0.12961537,0.009949684,-0.99151444,-0.9413554,-0.31292802,-0.12619856,-0.31152824,0.9497248,-0.03119409
1356765303479,0.091530144,-0.03961155,-0.9950142,-0.9504608,-0.3015545,-0.07542682,-0.29706326,0.95262575,-0.065250516
1356765303519,0.031175792,-0.0799191,-0.9963137,-0.95859313,-0.28468913,-0.0071591735,-0.28306755,0.9552827,-0.08548534
1356765303559,-0.061989784,-0.115181535,-0.99140835,-0.9604577,-0.26325917,0.09063992,-0.27143744,0.95782447,-0.09430754
1356765303599,-0.17933774,-0.14464623,-0.9730957,-0.9477572,-0.23983783,0.21031874,-0.263807,0.9599766,-0.09407753
1356765303639,-0.307961,-0.16740227,-0.9365556,-0.9150399,-0.21742296,0.33974877,-0.26050338,0.9616152,-0.08622193
1356765303679,-0.43452328,-0.1832805,-0.8818151,-0.86231077,-0.19799846,0.46606523,-0.26001874,0.96291476,-0.0720098
1356765303719,-0.5474676,-0.19342586,-0.8141656,-0.7951734,-0.18288445,0.5781456,-0.2607266,0.9639189,-0.053683758
1356765303759,-0.638363,-0.2006656,-0.7431191,-0.72341824,-0.17343295,0.66827166,-0.26298046,0.96418583,-0.03445196
1356765303799,-0.7038422,-0.20831527,-0.6791251,-0.6576606,-0.170259,0.73382187,-0.26849344,0.96312857,-0.017165244
1356765303839,-0.7457361,-0.21814485,-0.62951607,-0.60542446,-0.1725207,0.77698,-0.2780987,0.96054643,-0.0034152865
1356765303879,-0.7681013,-0.22969222,-0.5977138,-0.57043225,-0.17862546,0.8016857,-0.29090792,0.9567311,0.006178677
1356765303919,-0.77425885,-0.24105227,-0.58516407,-0.5543877,-0.18763483,0.8108313,-0.3052499,0.9522011,0.011641502
1356765303959,-0.7650985,-0.25000605,-0.5933981,-0.5586897,-0.20043474,0.80479294,-0.3201407,0.9472713,0.013676524
1356765303999,-0.73850566,-0.25424734,-0.6244739,-0.584754,-0.21957266,0.78092927,-0.33566663,0.94188434,0.013483584
1356765304028,-0.6922849,-0.24985826,-0.6769879,-0.63072675,-0.24629903,0.7358808,-0.35060737,0.9364335,0.012916744
1356765304069,-0.6333129,-0.23813473,-0.73634684,-0.6821219,-0.27766216,0.67647135,-0.36554694,0.93069625,0.013410032
1356765304100,-0.56481797,-0.21563384,-0.79654425,-0.7316327,-0.3156212,0.60423243,-0.38169926,0.92405915,0.02050376
1356765304139,-0.4862383,-0.17168337,-0.8567946,-0.7790939,-0.35884297,0.514047,-0.39570808,0.91747284,0.040725768
1356765304179,-0.42458224,-0.108180225,-0.89890313,-0.81093323,-0.3960877,0.4306991,-0.4026376,0.91181767,0.08044487
1356765304219,-0.39496154,-0.03147587,-0.9181583,-0.82795,-0.4209093,0.37058628,-0.39812586,0.9065565,0.14018244
1356765304259,-0.39079595,0.04894921,-0.9191749,-0.83720803,-0.43393707,0.33283833,-0.3825719,0.89961255,0.21056151
1356765304288,-0.3857422,0.1213665,-0.91458905,-0.84729105,-0.43889296,0.29911688,-0.36510387,0.89030516,0.27213225
1356765304319,-0.37425965,0.17904276,-0.9098754,-0.8583819,-0.43813723,0.2668634,-0.35087037,0.88089687,0.31766427
1356765304359,-0.33947432,0.21818799,-0.91495967,-0.8750134,-0.4301561,0.22207502,-0.34512138,0.87599075,0.33694434
1356765304399,-0.27977663,0.2373339,-0.93026745,-0.8957182,-0.41329253,0.16394502,-0.34556293,0.87912554,0.328214
1356765304439,-0.20196503,0.23607475,-0.95051503,-0.9159964,-0.38903075,0.09800881,-0.34664223,0.8904627,0.29481426
1356765304479,-0.117785275,0.21618298,-0.9692221,-0.9313538,-0.36268115,0.032287955,-0.3445385,0.90649176,0.24406132
1356765304519,-0.040422678,0.18197936,-0.98247117,-0.9402643,-0.33958334,-0.024213642,-0.3380372,0.92280376,0.18483552
1356765304559,0.01969248,0.13903776,-0.9900912,-0.94482386,-0.32128406,-0.06390989,-0.3269864,0.9367204,0.12503931
1356765304599,0.055903256,0.09264949,-0.9941282,-0.94855416,-0.30585378,-0.081845075,-0.31164077,0.94755983,0.07078481
1356765304639,0.06460142,0.046917737,-0.9968076,-0.95388716,-0.29051661,-0.07549384,-0.2931312,0.955719,0.025986463
1356765304679,0.044708967,0.0044413805,-0.9989902,-0.9607724,-0.27379042,-0.04421577,-0.2737104,0.961779,-0.007973701
1356765304719,-0.0021435022,-0.033544958,-0.99943495,-0.9666533,-0.25586653,0.010661095,-0.25607958,0.9661299,-0.031877875
1356765304759,-0.07122791,-0.06675455,-0.9952238,-0.96753585,-0.23793763,0.08520591,-0.24248904,0.96898377,-0.04763964
1356765304799,-0.15525222,-0.09531382,-0.983266,-0.95971835,-0.22138995,0.17299485,-0.23417404,0.9705162,-0.057103097
1356765304839,-0.24634856,-0.11931166,-0.9618093,-0.9412633,-0.20702302,0.26676717,-0.23094511,0.9710336,-0.061303914
1356765304879,-0.3381781,-0.13866559,-0.9308101,-0.9121852,-0.19492173,0.36044937,-0.23141703,0.97096723,-0.06057042
1356765304919,-0.42566246,-0.15357244,-0.891755,-0.873963,-0.18564028,0.44913962,-0.23452112,0.9705428,-0.055196524
1356765304977,-0.5032548,-0.16553706,-0.8481346,-0.82988983,-0.18099189,0.52775455,-0.24086839,0.9694532,-0.046292543
1356765304997,-0.56552887,-0.177066,-0.8054966,-0.78525436,-0.18293887,0.59153104,-0.25209668,0.9670476,-0.03558463
1356765305062,-0.60897756,-0.19072524,-0.7699157,-0.7450777,-0.1953578,0.63772607,-0.2720395,0.9620079,-0.023136616
1356765305074,-0.6402571,-0.20427155,-0.7405025,-0.71111727,-0.20692831,0.6719322,-0.29048753,0.95679355,-0.012773693
1356765305104,-0.6593394,-0.2162199,-0.7200837,-0.6860668,-0.218746,0.693875,-0.30754498,0.9515247,-0.0041134953
1356765305146,-0.6669196,-0.22659424,-0.7098404,-0.6703994,-0.23334914,0.7043528,-0.32524288,0.9456232,0.0037164092
1356765305187,-0.6607356,-0.23254915,-0.7136871,-0.66795397,-0.2516067,0.7003796,-0.34244114,0.9394759,0.010913372
1356765305227,-0.6411742,-0.23278536,-0.7312363,-0.6781598,-0.27409,0.68189,-0.35915858,0.93310535,0.017873824
1356765305267,-0.6070358,-0.2252333,-0.7620875,-0.7002702,-0.30173886,0.64697397,-0.37567157,0.9264035,0.025442183
1356765305307,-0.5597956,-0.20663127,-0.802454,-0.73028946,-0.3345651,0.5956035,-0.39154336,0.91944,0.036387384
1356765305347,-0.50820184,-0.17302012,-0.8436794,-0.7603228,-0.3699922,0.5338681,-0.40452468,0.91278136,0.056479514
1356765305387,-0.46859843,-0.12222922,-0.87491465,-0.782227,-0.40283334,0.47523302,-0.41053212,0.9070752,0.09315601
1356765305427,-0.45431316,-0.056711078,-0.88903517,-0.792894,-0.42919666,0.4325614,-0.40610188,0.90142894,0.15002376
1356765305467,-0.4630466,0.015344739,-0.88620114,-0.79493976,-0.4493873,0.4075806,-0.39199328,0.8932053,0.22028536
1356765305507,-0.4774413,0.082625,-0.8747703,-0.79513526,-0.46428812,0.39012372,-0.3739114,0.8818219,0.2873684
1356765305547,-0.4784063,0.13602698,-0.8675391,-0.80137426,-0.47158504,0.36797684,-0.35906368,0.87126595,0.3346177
1356765305587,-0.45645404,0.17164093,-0.87303436,-0.8175594,-0.46806562,0.33542672,-0.35106444,0.86686444,0.3539771
1356765305627,-0.41066337,0.18891203,-0.8920021,-0.8425691,-0.45251858,0.2920689,-0.3484722,0.87151545,0.3450042
1356765305667,-0.34477806,0.18833563,-0.91959655,-0.8719063,-0.42715263,0.239416,-0.34771752,0.88434744,0.31148386
1356765305707,-0.26625085,0.17124361,-0.9485705,-0.8995926,-0.3975804,0.18072897,-0.34618434,0.9014463,0.25990558
1356765305748,-0.18546373,0.14034373,-0.97257733,-0.92103094,-0.36979926,0.122271866,-0.3424983,0.91845083,0.19784528
1356765305787,-0.11368281,0.09966311,-0.9885056,-0.93506706,-0.34696573,0.07255536,-0.3357465,0.9325674,0.13263571
1356765305827,-0.061066747,0.053761154,-0.9966848,-0.94354236,-0.32881868,0.04007432,-0.3255742,0.94286156,0.07080591
1356765305867,-0.036209166,0.006696135,-0.99932176,-0.94914913,-0.31316626,0.032292843,-0.31273764,0.94967467,0.017695159
1356765305907,-0.044976592,-0.038697213,-0.9982382,-0.95320094,-0.29738915,0.054475814,-0.2989733,0.95397186,-0.023510665
1356765305947,-0.09061229,-0.08088443,-0.99259615,-0.9538859,-0.27934986,0.10984215,-0.2861661,0.9567765,-0.051841944
1356765305987,-0.17216372,-0.118899494,-0.9778663,-0.9457779,-0.25761288,0.19783756,-0.27543378,0.95890474,-0.06810084
1356765306027,-0.2825051,-0.15143049,-0.94723785,-0.92140424,-0.23184949,0.3118652,-0.2668426,0.96089256,-0.07403004
1356765306066,-0.4087515,-0.17672494,-0.8953718,-0.87489223,-0.20338148,0.43954486,-0.25978056,0.96301836,-0.07148284
1356765306109,-0.5338611,-0.19393653,-0.82303154,-0.8065234,-0.17558312,0.5645269,-0.2539928,0.9651731,-0.062677324
1356765306147,-0.64042604,-0.20447999,-0.7402989,-0.7259298,-0.15355241,0.67040855,-0.25075984,0.9667521,-0.050099134
1356765306187,-0.71834105,-0.21250322,-0.6624414,-0.6480961,-0.14173692,0.74825275,-0.2528985,0.9668263,-0.03590703
1356765306227,-0.767443,-0.2226308,-0.601221,-0.58495045,-0.14069438,0.7987729,-0.26241988,0.9646972,-0.022253096
1356765306267,-0.793584,-0.23626882,-0.56071514,-0.5409459,-0.14794332,0.82794344,-0.27857125,0.9603592,-0.010403216
1356765306307,-0.8035887,-0.25174487,-0.5393235,-0.51495844,-0.16027588,0.84209824,-0.29843444,0.95442975,-8.4233284E-4
1356765306347,-0.801815,-0.26626197,-0.5349743,-0.5052834,-0.17586362,0.8448436,-0.3190322,0.94772184,0.0064722896
1356765306387,-0.7893401,-0.27718776,-0.5478223,-0.5120356,-0.19512826,0.8365073,-0.3387652,0.9407933,0.01209259
1356765306427,-0.7641885,-0.28203708,-0.5800612,-0.5369164,-0.22016978,0.81439924,-0.3574027,0.9337989,0.016820908
1356765306467,-0.722376,-0.27758014,-0.63334197,-0.580838,-0.2534291,0.7735637,-0.37523323,0.926673,0.021842062
1356765306507,-0.6617169,-0.2590018,-0.70359725,-0.63919795,-0.29559773,0.7099635,-0.39186352,0.9195326,0.03004849
1356765306547,-0.5900764,-0.22150172,-0.77636766,-0.6984043,-0.3423714,0.6285008,-0.4050201,0.913082,0.04732752
1356765306587,-0.5302891,-0.16509971,-0.83158624,-0.74183667,-0.3845042,0.5493951,-0.41045335,0.90823936,0.081421316
1356765306627,-0.5061184,-0.09680435,-0.857014,-0.7618511,-0.41558576,0.49686158,-0.40426117,0.90438783,0.13658512
1356765306667,-0.5181162,-0.026802987,-0.8548902,-0.76286685,-0.4374932,0.47606087,-0.38676846,0.8988222,0.2062251
1356765306707,-0.54213864,0.03587836,-0.8395228,-0.757285,-0.45382905,0.46963677,-0.36415,0.8903662,0.27320832
1356765306747,-0.55120504,0.08633822,-0.8298908,-0.75985825,-0.46280074,0.4565423,-0.344657,0.88224775,0.32070294
1356765306787,-0.5319828,0.123761386,-0.83766186,-0.7789012,-0.45954442,0.42676902,-0.3321253,0.87948966,0.34086764
1356765306827,-0.4813063,0.14858261,-0.86386776,-0.81416774,-0.44092476,0.37777808,-0.3247694,0.8851602,0.33319104
1356765306867,-0.40059048,0.16046199,-0.90209717,-0.8588624,-0.4087398,0.3086861,-0.31919056,0.89843404,0.301552
1356765306907,-0.2952538,0.1584264,-0.9421922,-0.9024981,-0.36989844,0.22061777,-0.3135638,0.915465,0.2521935
1356765306947,-0.1771667,0.1422711,-0.97384334,-0.9349424,-0.33338964,0.121383995,-0.30739984,0.93199265,0.19208083
1356765306988,-0.062871516,0.1139932,-0.9914901,-0.9517561,-0.30581975,0.025191367,-0.30034563,0.9452406,0.1277211
1356765307027,0.030015409,0.07765904,-0.99652797,-0.95590806,-0.28914595,-0.051324934,-0.2921279,0.9541297,0.06555614
1356765307070,0.09096849,0.0376077,-0.9951434,-0.95484936,-0.28050125,-0.09788561,-0.28282025,0.9591166,0.010392934
1356765307109,0.10690707,-0.0035469234,-0.9942627,-0.95588315,-0.27554417,-0.10179737,-0.27360225,0.9612819,-0.03284806
1356765307149,0.08045018,-0.042629123,-0.9958466,-0.96086276,-0.26902133,-0.06610802,-0.2650859,0.9621904,-0.06260353
1356765307189,0.0047796965,-0.08059624,-0.9967353,-0.96618414,-0.25734502,0.016175807,-0.25780863,0.96295255,-0.07910076
1356765307229,-0.118074834,-0.116671294,-0.98612684,-0.96050143,-0.23858148,0.14323378,-0.25198287,0.96408856,-0.083892465
1356765307269,-0.27574968,-0.14845935,-0.9496957,-0.92885923,-0.21308601,0.3030099,-0.2473515,0.96568847,-0.07913947
1356765307299,-0.43356425,-0.17369151,-0.88422465,-0.8675742,-0.18479317,0.46169955,-0.243592,0.9673069,-0.07057059
1356765307339,-0.5696812,-0.18845645,-0.79996717,-0.78551435,-0.16142744,0.59741807,-0.24172392,0.96872354,-0.05607307
1356765307379,-0.66825265,-0.19847545,-0.71696997,-0.7024082,-0.14915657,0.6959706,-0.24507384,0.96868974,-0.03973657
1356765307419,-0.7217936,-0.20842692,-0.6599789,-0.6428683,-0.15134466,0.7508763,-0.2563871,0.9662572,-0.024751365
1356765307457,-0.7389372,-0.21952388,-0.6370095,-0.6151588,-0.16588026,0.7707551,-0.27486643,0.96140164,-0.012467027
1356765307497,-0.7304829,-0.22864981,-0.64351696,-0.6152618,-0.18861455,0.7654264,-0.29639125,0.95506227,-0.002899766
1356765307537,-0.70151174,-0.23156361,-0.67398787,-0.63810724,-0.21702272,0.7387289,-0.3173334,0.94830346,0.0044814944
1356765307577,-0.6502918,-0.22395587,-0.72592306,-0.6813423,-0.2506904,0.6876968,-0.3359957,0.9418057,0.010431349
1356765307617,-0.5707735,-0.201713,-0.7959456,-0.7415223,-0.2896945,0.60516256,-0.35265023,0.93562216,0.015775263
1356765307657,-0.45831752,-0.16131231,-0.874027,-0.8088622,-0.33186227,0.48539597,-0.36835694,0.9294329,0.021618903
1356765307697,-0.32141352,-0.10247645,-0.9413777,-0.8657423,-0.37096268,0.33597162,-0.38364512,0.9229764,0.03051415
1356765307737,-0.18737859,-0.030424476,-0.9818165,-0.89823645,-0.39923579,0.18379891,-0.3975683,0.91634333,0.047479868
1356765307777,-0.08663064,0.047676653,-0.99509907,-0.909196,-0.41210836,0.059407473,-0.40725628,0.9098866,0.07904863
1356765307817,-0.032071948,0.12767416,-0.99129754,-0.91215545,-0.40918797,-0.023189932,-0.40858775,0.9034736,0.12958208
1356765307857,-0.014819682,0.20700559,-0.97822744,-0.9167973,-0.39328766,-0.06933573,-0.3990777,0.8958088,0.19561061
1356765307897,-0.011114657,0.2803324,-0.95983875,-0.9241554,-0.3694445,-0.09719923,-0.38185516,0.88595974,0.26317686
1356765307937,0.0048149824,0.33991092,-0.9404453,-0.9309624,-0.34182525,-0.12831447,-0.36508343,0.876137,0.31479836
1356765307978,0.04875976,0.37922445,-0.92401904,-0.93365824,-0.31134623,-0.17704722,-0.35483056,0.87135077,0.33888495
1356765308017,0.11821967,0.39604357,-0.9105897,-0.92923737,-0.27915567,-0.24205405,-0.3500602,0.8747695,0.33501673
1356765308073,0.2079091,0.3894599,-0.8972708,-0.91449136,-0.24812084,-0.3195961,-0.34710136,0.88699335,0.3045711
1356765308084,0.2853011,0.3701532,-0.8840757,-0.89469206,-0.22792464,-0.38415673,-0.3436995,0.9005759,0.266146
1356765308115,0.3553788,0.34213698,-0.8698553,-0.87108433,-0.21627825,-0.44094887,-0.3389957,0.9144212,0.22116938
1356765308158,0.4269654,0.30179805,-0.85241914,-0.8416566,-0.21203324,-0.49664474,-0.33062765,0.9294944,0.16347948
1356765308198,0.48064002,0.25507033,-0.83900195,-0.81716263,-0.2168589,-0.53405756,-0.31816727,0.9422905,0.104202874
1356765308237,0.5155773,0.20761546,-0.83130974,-0.80199647,-0.22460741,-0.55349195,-0.30163175,0.95207536,0.05070433
1356765308277,0.5306381,0.1629245,-0.8317926,-0.7990773,-0.231109,-0.55503523,-0.28266358,0.9591894,0.007554017
1356765308317,0.52557707,0.12312013,-0.8417899,-0.8087601,-0.2346969,-0.5392815,-0.26396185,0.9642401,-0.02377665
1356765308357,0.5001309,0.0890795,-0.8613558,-0.8296726,-0.23559806,-0.5060996,-0.24801692,0.9677594,-0.043923005
1356765308397,0.45445225,0.060587585,-0.88870823,-0.8588801,-0.23476389,-0.45520425,-0.23621634,0.9701624,-0.054651514
1356765308437,0.38985935,0.0368886,-0.92013526,-0.8920299,-0.23299679,-0.38729206,-0.22867528,0.97177756,-0.057930216
1356765308477,0.30911025,0.01715976,-0.9508714,-0.9241307,-0.23068032,-0.30458027,-0.22457379,0.9728783,-0.055447787
1356765308517,0.21625385,8.2331896E-4,-0.9763368,-0.9504427,-0.22860327,-0.21071124,-0.22336727,0.9735193,-0.04865381
1356765308557,0.11699957,-0.012675136,-0.9930511,-0.9670193,-0.22924066,-0.11100662,-0.22624058,0.97328734,-0.039078206
1356765308597,0.02030176,-0.024276346,-0.9994991,-0.971673,-0.2359137,-0.014006555,-0.23545551,0.9714707,-0.0283781
1356765308637,-0.06288409,-0.034864277,-0.99741167,-0.9657388,-0.25000167,0.06962597,-0.251782,0.9676175,-0.017948657
1356765308677,-0.124201,-0.044177353,-0.99127316,-0.9538565,-0.26991582,0.13154203,-0.27337143,0.96187,-0.008615077
1356765308717,-0.15967578,-0.05055687,-0.98587406,-0.9414234,-0.29269493,0.1674861,-0.29702786,0.95486844,-8.5917115E-4
1356765308757,-0.16835243,-0.05143997,-0.98438376,-0.93231523,-0.3159544,0.17595801,-0.32007164,0.9473789,0.005233407
1356765308797,-0.15091127,-0.044065595,-0.9875647,-0.92777056,-0.33857065,0.15688118,-0.34127352,0.9399085,0.010211378
1356765308837,-0.109351814,-0.026304781,-0.99365497,-0.9262658,-0.36000973,0.11146605,-0.36065757,0.9325776,0.015002489
1356765308877,-0.04886806,0.0026794076,-0.9988016,-0.924288,-0.37912732,0.04420528,-0.37855458,0.92534053,0.021003813
1356765308917,0.018297076,0.04196018,-0.9989518,-0.9186985,-0.39354855,-0.03335786,-0.39453566,0.9183458,0.03134793
1356765308957,0.07428306,0.089579016,-0.9932058,-0.9106685,-0.3997901,-0.10416782,-0.40640506,0.91221905,0.051879063
1356765308997,0.10356349,0.14384842,-0.9841658,-0.9061637,-0.3942876,-0.15298551,-0.41005114,0.907659,0.08951646
1356765309068,0.07846737,0.20713475,-0.9751605,-0.914768,-0.37387633,-0.15302321,-0.39628586,0.90405285,0.16014314
1356765309089,0.05091524,0.27462676,-0.960202,-0.9262322,-0.34658188,-0.14823961,-0.37349916,0.8969176,0.23672181
1356765309129,0.024893582,0.3321927,-0.94288296,-0.9367541,-0.32161492,-0.13804176,-0.34910172,0.88668585,0.30317676
1356765309169,0.021371543,0.3727554,-0.9276835,-0.943208,-0.30016392,-0.14233896,-0.3315147,0.87804043,0.34517086
1356765309209,0.04962796,0.3926598,-0.9183438,-0.9448979,-0.27943432,-0.17054182,-0.32358167,0.8762048,0.35715562
1356765309249,0.10679436,0.39122683,-0.91407686,-0.94062036,-0.258182,-0.22039792,-0.32222384,0.88333654,0.34042364
1356765309289,0.18183464,0.37013304,-0.91100913,-0.92880106,-0.23957545,-0.28272274,-0.32290047,0.8975551,0.3002169
1356765309329,0.25978738,0.33370325,-0.9061748,-0.91011727,-0.22906929,-0.34527355,-0.32279575,0.91442305,0.24419975
1356765309369,0.32790166,0.28773427,-0.8998275,-0.88863313,-0.22934037,-0.3971577,-0.3206426,0.9298452,0.18048908
1356765309409,0.37863424,0.23747027,-0.8945635,-0.87005913,-0.23829904,-0.43152118,-0.31564718,0.9417119,0.11638507
1356765309449,0.40849364,0.1866082,-0.8934822,-0.85944974,-0.25100368,-0.44535765,-0.30737463,0.94982874,0.057846934
1356765309489,0.41542193,0.13735002,-0.89919937,-0.86003983,-0.26262638,-0.43744603,-0.2962366,0.95507205,0.009025663
1356765309529,0.39660573,0.09072891,-0.91349447,-0.87303925,-0.27029264,-0.40588725,-0.28373656,0.9584937,-0.02798973
1356765309569,0.3487027,0.046806067,-0.9360639,-0.8969766,-0.2729037,-0.34778792,-0.27173397,0.96090204,-0.053178266
