1356766225886,-0.8867928,0.45882392,0.055490464,0.012227163,-0.09673238,0.9952353,0.46200547,0.88324594,0.080171466
1356766225928,0.7446259,-0.43540218,0.5059222,0.48175994,-0.17404237,-0.8588461,0.46199536,0.8832521,0.08016285
1356766225967,0.74476284,-0.4353545,0.5057616,0.48160735,-0.17397046,-0.85894626,0.4619337,0.88328975,0.08010319
1356766226008,0.7452345,-0.43521,0.5051908,0.48106128,-0.17372686,-0.8593014,0.4617418,0.88340884,0.07989547
1356766226047,0.74631,-0.4349144,0.503856,0.4797727,-0.17318937,-0.8601301,0.46134543,0.88365996,0.079407066
1356766226087,0.74820244,-0.43441015,0.50147873,0.47745335,-0.17228577,-0.86160076,0.4606858,0.88408446,0.07850596
1356766226128,0.75096047,-0.43364793,0.4980039,0.4740265,-0.17103784,-0.86373895,0.4597361,0.88470083,0.07711795
1356766226167,0.7544891,-0.43256572,0.49359202,0.4696035,-0.16958328,-0.86643755,0.45849615,0.8855102,0.07518566
1356766226207,0.7584124,-0.43120423,0.48874688,0.46462765,-0.16820228,-0.86938435,0.45709056,0.88643724,0.072782695
1356766226247,0.76188356,-0.4296694,0.48468298,0.4602349,-0.16741814,-0.8718686,0.45576006,0.8873304,0.070195764
1356766226287,0.76452714,-0.42835957,0.48167038,0.45680016,-0.16717075,-0.8737205,0.45478773,0.88801014,0.06786814
1356766226327,0.76585495,-0.42742035,0.4803936,0.45504215,-0.16759767,-0.8745557,0.45431572,0.8883822,0.066138774
1356766226367,0.7657462,-0.42685965,0.4810651,0.4552333,-0.16863066,-0.87425756,0.45430762,0.8884562,0.06519246
1356766226408,0.7642982,-0.42666888,0.48353058,0.457331,-0.1700022,-0.8728961,0.4546389,0.8882865,0.065196544
1356766226447,0.76164573,-0.42684978,0.4875398,0.4611711,-0.17147808,-0.8705841,0.45521095,0.8879159,0.0662452
1356766226487,0.758163,-0.42729616,0.4925514,0.4662,-0.17292272,-0.8676146,0.4559018,0.8874208,0.06810188
1356766226527,0.7545722,-0.42774734,0.49764746,0.4714574,-0.1741249,-0.8645279,0.4564523,0.8869683,0.07027483
1356766226567,0.7515924,-0.42793384,0.5019776,0.4761459,-0.17469198,-0.8618397,0.45650187,0.88676673,0.072461784
1356766226607,0.74939597,-0.42780468,0.5053601,0.4803001,-0.1741338,-0.85964483,0.4557604,0.88693887,0.074979454
1356766226647,0.7476082,-0.42751002,0.5082491,0.4846424,-0.17207149,-0.85762066,0.4540966,0.8874833,0.07854742
1356766226689,0.74603665,-0.4270855,0.5109083,0.4896597,-0.16812545,-0.85555077,0.45129007,0.88844347,0.08369881
1356766226727,0.74522483,-0.42623907,0.51279646,0.49493974,-0.1617674,-0.8537363,0.44684964,0.89002883,0.09040964
1356766226767,0.74636084,-0.424419,0.5126539,0.49935633,-0.15211838,-0.85293794,0.43998715,0.8925965,0.0984011
1356766226830,0.75068015,-0.4210176,0.50913996,0.50142074,-0.13872145,-0.8540103,0.430182,0.8963819,0.10697153
1356766226849,0.75877595,-0.4156121,0.5015234,0.49973965,-0.12237297,-0.85748774,0.41775516,0.9012721,0.11484417
1356766226888,0.7704709,-0.40800607,0.48980168,0.49351817,-0.10457231,-0.86342597,0.40350273,0.9069706,0.120788485
1356766226927,0.78446865,-0.398512,0.4751812,0.4833613,-0.08716126,-0.8710711,0.38854966,0.91301215,0.124249995
1356766226967,0.7987211,-0.38804513,0.45985383,0.47120768,-0.07187067,-0.87908924,0.37417632,0.91883373,0.12544525
1356766227007,0.8115783,-0.37768194,0.4457545,0.45901093,-0.059837088,-0.8864132,0.36145493,0.9239999,0.12479767
1356766227048,0.82220614,-0.3683289,0.4339481,0.44797793,-0.05156514,-0.8925563,0.3511309,0.9282644,0.12260607
1356766227087,0.83048236,-0.36061823,0.42456278,0.43844324,-0.046971276,-0.8975306,0.34360817,0.93153006,0.11910182
1356766227128,0.83691305,-0.35479972,0.41676578,0.42982712,-0.045375094,-0.90177035,0.33885863,0.93384063,0.11452752
1356766227168,0.84291047,-0.35048816,0.40824014,0.42007354,-0.04543616,-0.9063519,0.33621448,0.9354644,0.1089322
1356766227207,0.85073614,-0.34658152,0.39513206,0.4055335,-0.045399636,-0.91295207,0.33435118,0.9369205,0.10192731
1356766227249,0.8624911,-0.34173542,0.37326404,0.38216043,-0.04370588,-0.9230619,0.33175674,0.9387794,0.092901826
1356766227288,0.8781381,-0.33549377,0.34105337,0.3483096,-0.040347166,-0.93651086,0.32795405,0.941178,0.08142531
1356766227327,0.89469004,-0.32927197,0.30184385,0.30700976,-0.037550785,-0.9509652,0.32446072,0.94348806,0.06749341
1356766227369,0.90833795,-0.32569835,0.2623788,0.2646939,-0.038047045,-0.96358156,0.3238197,0.9447079,0.051650792
1356766227407,0.91699386,-0.3268085,0.22873257,0.22747777,-0.04261473,-0.97285044,0.32768318,0.94412935,0.035264224
1356766227448,0.92038196,-0.33314282,0.20472614,0.19943291,-0.050409056,-0.97861403,0.33633828,0.9415279,0.020044059
1356766227506,0.91896397,-0.3439992,0.19279459,0.18306933,-0.06086815,-0.98121387,0.34927186,0.93699497,0.0070400834
1356766227529,0.9134344,-0.35746545,0.19456634,0.17982815,-0.07437218,-0.9808825,0.36510196,0.9309603,-0.0036517382
1356766227568,0.9039573,-0.37100732,0.21263762,0.19181186,-0.09263408,-0.97705024,0.3821903,0.9239982,-0.012573659
1356766227605,0.88939285,-0.38161027,0.25170225,0.22291094,-0.11867774,-0.96758795,0.39911294,0.91667295,-0.020486027
1356766227648,0.8659749,-0.38548523,0.31857297,0.27872092,-0.15687719,-0.9474726,0.4152135,0.9092804,-0.028408915
1356766227688,0.8258384,-0.37585992,0.42038113,0.36500734,-0.21194822,-0.90655816,0.42983788,0.9021127,-0.037843347
1356766227727,0.7591419,-0.34277138,0.5533637,0.47785363,-0.2837847,-0.8313376,0.44199488,0.89553,-0.051638305
1356766227767,0.66440016,-0.27822557,0.6936591,0.5966917,-0.3614043,-0.7164816,0.45003492,0.88993114,-0.07410219
1356766227828,0.565641,-0.18896392,0.8027097,0.68992376,-0.42476428,-0.5861574,0.451725,0.88536316,-0.10989338
1356766227849,0.49487454,-0.0941388,0.8638502,0.7462402,-0.46330613,-0.47798842,0.44522434,0.88118404,-0.15902826
1356766227889,0.4655939,-0.010213643,0.88493955,0.7737726,-0.48061803,-0.41265267,0.42953262,0.8768706,-0.21586978
1356766227930,0.45510247,0.059705794,0.8884351,0.7917584,-0.48366633,-0.3730757,0.40743136,0.87321365,-0.2673903
1356766227974,0.43140474,0.11714691,0.8945203,0.8163773,-0.47267994,-0.33181584,0.3839506,0.87341297,-0.29955244
1356766228007,0.3828401,0.16224265,0.90945625,0.84794605,-0.45241565,-0.27623832,0.36663458,0.876925,-0.31077588
1356766228047,0.2852646,0.1970489,0.9379744,0.8894341,-0.41906244,-0.18246588,0.3571151,0.8863174,-0.29480574
1356766228087,0.14800844,0.21622983,0.9650587,0.9235281,-0.3793243,-0.056648076,0.3538212,0.8996431,-0.2558375
1356766228127,-0.0071795583,0.21758154,0.97601575,0.9349967,-0.34463668,0.083707064,0.35458392,0.9131725,-0.20096368
1356766228167,-0.15193594,0.20345873,0.9672228,0.9216661,-0.32429093,0.21299538,0.35699734,0.9238181,-0.13824958
1356766228207,-0.2690097,0.17977375,0.946211,0.89388436,-0.3191952,0.3147781,0.3586148,0.93048155,-0.07483035
1356766228248,-0.35306686,0.15220487,0.92313457,0.8644701,-0.32428473,0.3840973,0.35781994,0.9336343,-0.017082334
1356766228287,-0.40589184,0.124534816,0.9053965,0.8425214,-0.33288437,0.42349216,0.35413188,0.934708,0.03019178
1356766228327,-0.43032557,0.09848404,0.8972852,0.83298314,-0.33966565,0.43676805,0.34779164,0.9353759,0.0641312
1356766228368,-0.42880416,0.07464895,0.90030795,0.8372375,-0.34151822,0.42708158,0.3393528,0.936906,0.08394557
1356766228407,-0.39959145,0.052633494,0.91518104,0.855227,-0.33801305,0.39285365,0.3300204,0.93966854,0.09005356
1356766228447,-0.33750105,0.03149438,0.94079816,0.8849273,-0.33012903,0.32850948,0.320931,0.9434103,0.083548695
1356766228487,-0.23655677,0.010019481,0.971566,0.9200143,-0.31923282,0.22729713,0.31243318,0.9476233,0.066298634
1356766228528,-0.09794074,-0.012360752,0.99511546,0.94722015,-0.30786556,0.089402705,0.30525666,0.9513496,0.04186091
1356766228567,0.057355285,-0.03401476,0.9977741,0.95183736,-0.29964924,-0.06492993,0.30119082,0.9534428,0.015190035
1356766228607,0.1895178,-0.050976157,0.98055315,0.9344645,-0.29721385,-0.1960612,0.30142844,0.9534492,-0.008691937
1356766228648,0.26771343,-0.05909714,0.96168447,0.9136764,-0.30123532,-0.2728604,0.30581856,0.9517168,-0.026649103
1356766228687,0.28225863,-0.055122763,0.9577534,0.9064878,-0.31146616,-0.28507644,0.31402197,0.9486571,-0.03794591
1356766228727,0.23604333,-0.03656161,0.97105455,0.91541874,-0.3269015,-0.23482773,0.3260248,0.94435096,-0.04369375
1356766228768,0.14075172,-0.0028187633,0.990041,0.92921436,-0.34474486,-0.1330857,0.34168664,0.9386922,-0.04590425
1356766228827,0.018635213,0.042843193,0.99890804,0.9325658,-0.36099505,-0.0019145012,0.3605188,0.9315831,-0.046681315
1356766228849,-0.1032418,0.09428054,0.99017787,0.9186267,-0.37268484,0.13126689,0.3814002,0.9231561,-0.048131973
1356766228889,-0.20402521,0.14612544,0.96799845,0.89222944,-0.37915534,0.2452913,0.4028651,0.91372234,-0.05302012
1356766228929,-0.27571076,0.19707575,0.9408213,0.8631631,-0.37995386,0.3325425,0.42300478,0.9037677,-0.0653511
1356766228969,-0.31928188,0.24870649,0.91444194,0.84007895,-0.37226987,0.39456624,0.43855044,0.8941813,-0.090074
1356766228999,-0.3480628,0.2997465,0.88825905,0.8236916,-0.3546521,0.44244093,0.44764313,0.8856488,-0.12345743
1356766229029,-0.36126775,0.34796494,0.86510456,0.81815964,-0.3267839,0.47310355,0.4473258,0.87871075,-0.16663438
1356766229069,-0.3630725,0.39448237,0.84413385,0.82639325,-0.28215712,0.48730028,0.43040976,0.87451184,-0.22355407
1356766229109,-0.37264323,0.43143407,0.8215849,0.83575034,-0.22875404,0.49919242,0.4033094,0.87266046,-0.27532756
1356766229139,-0.39198542,0.45351762,0.80041814,0.8387701,-0.18121618,0.51344466,0.37790492,0.87262964,-0.30936283
1356766229179,-0.42966896,0.45238084,0.78149605,0.8290717,-0.14529759,0.53993404,0.35780534,0.87990916,-0.31262624
1356766229210,-0.46475887,0.43765932,0.76971,0.8158292,-0.12618852,0.5643573,0.34412473,0.890242,-0.29840803
1356766229250,-0.50813025,0.40395075,0.7606756,0.7926771,-0.12608111,0.5964616,0.33684796,0.9060504,-0.25613683
1356766229289,-0.54383457,0.35936013,0.75835633,0.77019346,-0.14510685,0.6210846,0.33323574,0.9218483,-0.19786268
1356766229330,-0.56748027,0.31092888,0.7624234,0.75420314,-0.17523748,0.63282657,0.33036923,0.93413866,-0.13505971
1356766229369,-0.57883924,0.26196462,0.77221745,0.747683,-0.20744598,0.630822,0.32544643,0.9425183,-0.07578868
1356766229410,-0.5783909,0.21436861,0.7870896,0.75163245,-0.2349379,0.61632204,0.3170373,0.9480772,-0.02524048
1356766229449,-0.5668878,0.16995907,0.8060721,0.76499,-0.25445044,0.5916463,0.305661,0.9520341,0.0142278075
1356766229479,-0.54453915,0.130333,0.82854724,0.7853527,-0.26756305,0.5582393,0.29444566,0.9546849,0.04334116
1356766229519,-0.51588416,0.09818894,0.8510126,0.80854374,-0.27243197,0.5215725,0.28305566,0.9571519,0.061153293
1356766229559,-0.47642034,0.071493536,0.87630606,0.83586323,-0.27228636,0.47664738,0.27268338,0.9595566,0.06996393
1356766229599,-0.42782772,0.050120413,0.9024695,0.86443883,-0.268969,0.4247365,0.26402435,0.96184385,0.07174641
1356766229639,-0.37134182,0.034098685,0.9278699,0.89214706,-0.2637735,0.36673874,0.25725278,0.9639818,0.06752902
1356766229679,-0.30802655,0.023593724,0.9510852,0.9172956,-0.25781655,0.30347884,0.25236574,0.9659058,0.05777195
1356766229719,-0.23941296,0.018310994,0.9707451,0.9380816,-0.25345922,0.2361381,0.2503682,0.96717274,0.04350421
1356766229759,-0.1686449,0.01679957,0.98553365,0.95260227,-0.25405914,0.16734037,0.2531951,0.9670427,0.026842535
1356766229823,-0.10062057,0.016572714,0.99478686,0.95989805,-0.26135135,0.101445585,0.2616701,0.9651015,0.010389179
1356766229839,-0.040343463,0.015277535,0.9990691,0.9607487,-0.27406937,0.04298705,0.27447096,0.96158856,-0.0036209822
1356766229879,0.009123862,0.011973321,0.99988675,0.95706725,-0.28981823,-0.005262673,0.28972235,0.9570068,-0.014103532
1356766229919,0.047139585,0.0072152615,0.99886227,0.950809,-0.3068267,-0.04265541,0.3061699,0.951738,-0.021323979
1356766229959,0.07446921,0.002472818,0.9972203,0.9433477,-0.32441503,-0.06964165,0.32334104,0.9459116,-0.026491612
1356766229999,0.092131436,-5.7315826E-4,0.99574673,0.935392,-0.34280783,-0.08674446,0.34139946,0.93940544,-0.031047255
1356766230039,0.10136551,-8.097291E-5,0.9948492,0.9272313,-0.3623684,-0.0945054,0.3605096,0.93203485,-0.03665659
1356766230079,0.10471624,0.0064105093,0.99448144,0.91897786,-0.3828677,-0.094297945,0.3801503,0.923781,-0.045983613
1356766230119,0.10689974,0.022090077,0.9940244,0.91085136,-0.40302497,-0.088998765,0.39865062,0.91492236,-0.06320411
1356766230159,0.11443192,0.050193638,0.99216235,0.9035764,-0.42032015,-0.08295077,0.4128622,0.90598655,-0.09345189
1356766230199,0.13288641,0.09190807,0.98686075,0.8984959,-0.43148118,-0.08080298,0.41838542,0.8974279,-0.13991696
1356766230239,0.16222405,0.14285484,0.9763584,0.8967166,-0.4342782,-0.08545044,0.4118042,0.8893789,-0.19855064
1356766230279,0.1937634,0.19166324,0.96214396,0.8979747,-0.4296126,-0.095259875,0.39509135,0.8824388,-0.25535193
1356766230319,0.21605775,0.2254464,0.94999635,0.90116495,-0.42052844,-0.1051552,0.3757936,0.8788229,-0.29402283
1356766230359,0.2230902,0.23655024,0.945661,0.9058088,-0.40876886,-0.111438155,0.36019605,0.8814488,-0.30546165
1356766230399,0.21588108,0.22350323,0.9504955,0.9117123,-0.3946143,-0.11428127,0.3495369,0.89124954,-0.2889604
1356766230439,0.20050919,0.18922198,0.9612446,0.91786706,-0.37931466,-0.11679247,0.34251443,0.9057127,-0.2497367
1356766230497,0.1855495,0.13924083,0.97271955,0.92285514,-0.36469674,-0.12383285,0.33750507,0.92065644,-0.1961684
1356766230517,0.17889059,0.07978031,0.9806291,0.92597723,-0.35050339,-0.14040509,0.33251217,0.9331573,-0.1365765
1356766230558,0.1867739,0.016698986,0.98226094,0.9269291,-0.33422744,-0.17057067,0.32545027,0.9423445,-0.07790372
1356766230595,0.21379673,-0.04474479,0.97585297,0.9245257,-0.31336564,-0.21692005,0.3155048,0.9485779,-0.02562888
1356766230638,0.2615214,-0.1003153,0.95997053,0.9162092,-0.28703266,-0.27959412,0.30359048,0.9526537,0.01684463
1356766230677,0.33006838,-0.14721179,0.9324074,0.89773,-0.25636724,-0.35826886,0.29178014,0.9553033,0.04753776
1356766230717,0.414506,-0.18321556,0.89141273,0.8654285,-0.223586,-0.44837776,0.28145728,0.95730937,0.06588228
1356766230757,0.5081606,-0.20764843,0.8358558,0.8168341,-0.19148308,-0.5441656,0.2730474,0.95927906,0.07231015
1356766230826,0.6022573,-0.22100085,0.7671015,0.75261015,-0.16324359,-0.63791025,0.26620308,0.9615145,0.06801283
1356766230840,0.68852115,-0.22511779,0.6893915,0.67687017,-0.14179164,-0.7223171,0.26035634,0.9639591,0.05474895
1356766230877,0.7599254,-0.22464935,0.6099557,0.5974193,-0.12837349,-0.79158723,0.2561317,0.9659467,0.0366556
1356766230917,0.8123845,-0.22456007,0.538149,0.52410954,-0.123364836,-0.8426686,0.25561833,0.9666199,0.017474383
1356766230957,0.8469038,-0.22900465,0.4799071,0.46352085,-0.12433806,-0.87731886,0.26058084,0.9654516,8.460572E-4
1356766230997,0.86650354,-0.23886362,0.43831018,0.41920623,-0.12848079,-0.8987541,0.2709941,0.96251595,-0.011195958
1356766231037,0.8743001,-0.2525588,0.41450372,0.39257345,-0.13428625,-0.90986437,0.28545645,0.9582177,-0.018258601
1356766231079,0.872151,-0.26753312,0.40960783,0.3846925,-0.1422593,-0.91201645,0.30226517,0.95298916,-0.021153599
1356766231117,0.8601096,-0.28116444,0.42562655,0.3970956,-0.15469752,-0.9046456,0.32019755,0.9471088,-0.021407664
1356766231157,0.8361075,-0.29094353,0.465055,0.43142012,-0.17487466,-0.88503987,0.33882296,0.9406225,-0.02069512
1356766231197,0.796373,-0.2932745,0.52894247,0.48763278,-0.20600304,-0.8483967,0.35777688,0.93356997,-0.021045
1356766231237,0.73823917,-0.28280824,0.6123907,0.5598994,-0.24939774,-0.790135,0.37618557,0.92618585,-0.025771022
1356766231277,0.6656828,-0.25352162,0.7018498,0.63482285,-0.30199414,-0.7111959,0.39225805,0.91898113,-0.040090982
1356766231317,0.5941238,-0.20258866,0.7784438,0.6960755,-0.35550094,-0.62377715,0.40310776,0.9124565,-0.07019454
1356766231357,0.5432825,-0.13363612,0.8288459,0.7353428,-0.400638,-0.5465896,0.40511125,0.90643847,-0.1193913
1356766231397,0.5188129,-0.05629924,0.853032,0.7575698,-0.4320907,-0.48927048,0.39613274,0.90007114,-0.18152362
1356766231437,0.5059327,0.016703248,0.86241126,0.77478975,-0.44824144,-0.44584802,0.3791213,0.8937565,-0.23972149
1356766231477,0.48445296,0.07416296,0.87166804,0.7968458,-0.44861448,-0.40469968,0.3610292,0.890643,-0.27642906
1356766231518,0.44382465,0.10961038,0.88938475,0.82644665,-0.43374258,-0.3589613,0.34641817,0.8943449,-0.2830928
1356766231559,0.38150784,0.11996269,0.91654825,0.8612592,-0.40621188,-0.3053269,0.33568498,0.9058702,-0.25829196
1356766231597,0.31357184,0.107884735,0.9434159,0.8911922,-0.37640628,-0.25316963,0.32779452,0.9201517,-0.21417642
1356766231637,0.24569774,0.07768053,0.9662289,0.9144852,-0.34915465,-0.20446965,0.32147998,0.9338398,-0.15682426
1356766231677,0.19319558,0.034785986,0.9805434,0.9292858,-0.3271373,-0.17149076,0.3148068,0.9443363,-0.09552759
1356766231717,0.16578025,-0.014033109,0.9860629,0.9374392,-0.30816668,-0.16199112,0.30614495,0.95122886,-0.037932754
1356766231757,0.16860628,-0.06324899,0.9836521,0.9403831,-0.28873456,-0.17975533,0.2953837,0.95531774,0.010795832
1356766231825,0.20336664,-0.10886496,0.9730315,0.93705374,-0.26647228,-0.22566068,0.28385243,0.95767474,0.04782076
1356766231839,0.26861048,-0.14790285,0.9518262,0.9237995,-0.24033827,-0.298047,0.27284226,0.9593552,0.07207519
1356766231879,0.35882306,-0.17829287,0.91621923,0.8956611,-0.21054381,-0.39174283,0.2627492,0.9611883,0.084142014
1356766231919,0.4637085,-0.19789007,0.86360514,0.8490759,-0.17916325,-0.49696124,0.2530701,0.9637115,0.08494423
1356766231959,0.5718446,-0.20651,0.7939441,0.7834259,-0.14965993,-0.60319626,0.24338767,0.966931,0.07620308
1356766231999,0.6699635,-0.20639254,0.7131276,0.70437,-0.12676063,-0.6984229,0.2345458,0.97022355,0.060451716
1356766232039,0.74753046,-0.20308685,0.6324191,0.6233759,-0.11425133,-0.7735304,0.22934851,0.97247237,0.04119307
1356766232079,0.80091,-0.20294939,0.56334245,0.5524977,-0.11223078,-0.82592404,0.23084514,0.97273624,0.022242308
1356766232119,0.8331089,-0.20928197,0.511987,0.49837053,-0.11746858,-0.8589691,0.23990913,0.97077405,0.006435843
1356766232159,0.84936273,-0.22157136,0.4790502,0.46212175,-0.12631923,-0.8777739,0.25500283,0.9669279,-0.0048978934
1356766232199,0.85344994,-0.23752679,0.4639012,0.4433245,-0.1371329,-0.88580924,0.2740195,0.9616526,-0.011734634
1356766232239,0.84699225,-0.25436705,0.4667992,0.44210178,-0.15058257,-0.8842346,0.29521197,0.95531267,-0.015086144
1356766232279,0.82939833,-0.269423,0.48939723,0.45951897,-0.16918899,-0.8719045,0.31771177,0.94804347,-0.016520083
1356766232319,0.79821706,-0.27956682,0.5335653,0.4965183,-0.19615564,-0.84557223,0.34105578,0.9398751,-0.017764717
1356766232359,0.7505439,-0.28016973,0.5984888,0.55122644,-0.2340718,-0.8008495,0.36446315,0.9309755,-0.021244198
1356766232397,0.6871696,-0.26509136,0.67640555,0.61526346,-0.28275198,-0.73586833,0.38632736,0.921834,-0.03119755
1356766232437,0.6188601,-0.22914186,0.75133616,0.6739061,-0.33653566,-0.65771896,0.40356237,0.91336614,-0.053848382
1356766232477,0.56626284,-0.17268074,0.8059328,0.713996,-0.38572958,-0.5843136,0.41177183,0.9063079,-0.09513098
1356766232517,0.54585963,-0.10319391,0.8314976,0.73226595,-0.4235531,-0.5332817,0.40721482,0.89997435,-0.15563518
1356766232557,0.5524241,-0.032245606,0.83293927,0.7364856,-0.4491259,-0.50584084,0.39040577,0.89288646,-0.22435951
1356766232597,0.5634452,0.028821409,0.8256506,0.73967797,-0.46273616,-0.4886223,0.3679756,0.88602746,-0.282045
1356766232637,0.5581952,0.0729489,0.8264966,0.7531084,-0.46259028,-0.46780118,0.3482037,0.8835659,-0.3131541
1356766232678,0.52725035,0.09769255,0.8440753,0.7809839,-0.44708514,-0.43609512,0.3347703,0.8891406,-0.31202215
1356766232721,0.46404046,0.10188076,0.8799356,0.82320654,-0.41641837,-0.38591018,0.32710454,0.9034468,-0.2771039
1356766232757,0.392521,0.08785245,0.9155376,0.86145294,-0.3838527,-0.33249962,0.32222065,0.91920567,-0.22635098
1356766232826,0.31181386,0.060106754,0.94824004,0.89539003,-0.35248074,-0.27209198,0.3178818,0.93388677,-0.16372739
1356766232840,0.24211949,0.020955414,0.9700201,0.9189215,-0.32581335,-0.22232655,0.31138653,0.9452019,-0.09814215
1356766232879,0.20331389,-0.02435422,0.9788107,0.9314406,-0.30332953,-0.20102167,0.30179793,0.9525745,-0.038986593
1356766232919,0.20158225,-0.070846796,0.97690594,0.9356681,-0.28100443,-0.21345177,0.28963733,0.9570879,0.009643614
1356766232959,0.24649763,-0.11673638,0.96208715,0.92874575,-0.25517625,-0.26891744,0.27689412,0.9598218,0.04551798
1356766232997,0.33893856,-0.15934297,0.92721653,0.90267,-0.22268799,-0.3682349,0.26515555,0.9617796,0.06835653
1356766233037,0.46950448,-0.19489455,0.86115134,0.84531677,-0.18242246,-0.502157,0.254961,0.96371055,0.07909948
1356766233077,0.61442924,-0.21880287,0.75802505,0.7496189,-0.1377495,-0.6473768,0.24606547,0.9659971,0.079381436
1356766233117,0.74360716,-0.22916289,0.6281185,0.6247053,-0.096707374,-0.77484906,0.23831032,0.96857226,0.07124695
1356766233157,0.8371109,-0.23009634,0.4962873,0.49496603,-0.06770094,-0.8662708,0.2329249,0.97081006,0.057216704
1356766233197,0.89309746,-0.22985286,0.38670996,0.38509905,-0.053724825,-0.9213101,0.23254171,0.9717414,0.040534616
1356766233237,0.9213312,-0.23469582,0.309946,0.30659798,-0.051585175,-0.95044017,0.23905301,0.9706991,0.024430245
1356766233277,0.93256545,-0.24596895,0.2642366,0.25843322,-0.05619467,-0.9643933,0.2520595,0.9676474,0.011161327
1356766233318,0.9336456,-0.26162264,0.24466196,0.23604721,-0.064373344,-0.96960706,0.26942083,0.9630211,0.001653403
1356766233358,0.9270486,-0.2791586,0.2503025,0.2384067,-0.07636464,-0.9681584,0.289384,0.9572037,-0.0042404532
1356766233398,0.91215855,-0.29523557,0.2842581,0.26800406,-0.0950467,-0.9587178,0.31006542,0.950685,-0.0075733364
1356766233439,0.88331246,-0.30728433,0.35402745,0.3309925,-0.12598017,-0.935186,0.33196843,0.94324195,-0.009571046
1356766233479,0.8269802,-0.30668443,0.4712202,0.4371261,-0.17637597,-0.88193667,0.35358816,0.9353268,-0.011799663
1356766233538,0.72910714,-0.2830242,0.6231373,0.57281846,-0.24591494,-0.78192383,0.37454212,0.92705077,-0.017176868
1356766233558,0.58084345,-0.22234184,0.7830613,0.7132346,-0.32462257,-0.6212218,0.39232296,0.91933906,-0.029973
1356766233599,0.4304231,-0.13229352,0.89287984,0.80767673,-0.38518414,-0.4464208,0.40298167,0.91330814,-0.05894178
1356766233634,0.31551918,-0.029127985,0.948472,0.85902,-0.4158871,-0.2985341,0.40315294,0.9089497,-0.10619885
1356766233680,0.26889324,0.06778437,0.9607818,0.88115,-0.4201191,-0.21696684,0.3889358,0.9049338,-0.17269543
1356766233729,0.27461004,0.15586779,0.94883853,0.8928195,-0.40771466,-0.191421,0.357019,0.8997077,-0.25112432
1356766233767,0.24069488,0.2338191,0.94201624,0.91387844,-0.38152152,-0.13880748,0.32694364,0.8942986,-0.3055125
1356766233824,0.14087707,0.28383306,0.9484685,0.94152045,-0.33460766,-0.03971237,0.30609316,0.898597,-0.31437314
1356766233859,0.011462182,0.30217692,0.953183,0.955569,-0.28410187,0.07857475,0.29454452,0.90993154,-0.29200736
1356766233889,-0.10703182,0.2961882,0.9491137,0.95165074,-0.24592918,0.18406463,0.28793254,0.9229255,-0.25554544
1356766233929,-0.24172896,0.26657364,0.9330089,0.92735386,-0.21956342,0.30299616,0.28562546,0.9384724,-0.19413328
1356766233969,-0.35326874,0.22082013,0.9090873,0.8914053,-0.21543622,0.39872774,0.28389743,0.95122325,-0.12073338
1356766233999,-0.4231798,0.17387754,0.889205,0.8615096,-0.22668976,0.45432687,0.2805709,0.9583206,-0.053866625
1356766234029,-0.47033483,0.13081297,0.8727388,0.8384901,-0.24212563,0.48816937,0.27517134,0.961386,0.004194796
1356766234069,-0.5020436,0.09061721,0.86008185,0.82274854,-0.25644135,0.5072699,0.26652795,0.9623026,0.054189563
1356766234109,-0.5075946,0.053028673,0.8599626,0.8224721,-0.26753092,0.50196284,0.25668505,0.9620889,0.092182755
1356766234149,-0.4880858,0.019524008,0.87257725,0.8370372,-0.27276284,0.47430915,0.24726707,0.9618831,0.11678934
1356766234189,-0.44224763,-0.009844691,0.8968389,0.8645251,-0.27088773,0.42333946,0.23877499,0.96256053,0.12831044
1356766234229,-0.3664019,-0.035615563,0.92977476,0.90131694,-0.26170695,0.34516248,0.23103535,0.96448994,0.12799087
1356766234269,-0.2554838,-0.058210135,0.9650594,0.9405809,-0.24590981,0.23417085,0.22368643,0.9675433,0.117577255
1356766234309,-0.10674983,-0.07749838,0.991261,0.9703321,-0.2256363,0.08685538,0.21693334,0.9711242,0.09928581
1356766234349,0.070818245,-0.09303868,0.9931408,0.9745681,-0.20575953,-0.088769734,0.21260712,0.9741699,0.076100975
1356766234389,0.24793634,-0.10526723,0.96304023,0.9449617,-0.19278017,-0.26435426,0.21348289,0.97557914,0.051676273
1356766234429,0.38995522,-0.11592874,0.9135072,0.89393413,-0.19037151,-0.40575907,0.22094488,0.97484314,0.02939625
1356766234469,0.48189434,-0.12628871,0.8670807,0.8444349,-0.19721398,-0.49803245,0.23389634,0.9721923,0.011606306
1356766234508,0.5272679,-0.13562527,0.8388054,0.81199574,-0.2103759,-0.544431,0.25030297,0.9681673,-7.9736114E-4
1356766234551,0.5337802,-0.14164957,0.833675,0.801862,-0.22825292,-0.5521937,0.26850677,0.9632425,-0.008253485
1356766234590,0.50627553,-0.14153191,0.85067844,0.81286263,-0.25110617,-0.5255475,0.28799233,0.9575565,-0.012082949
1356766234630,0.44711694,-0.13171843,0.88472414,0.839708,-0.2789748,-0.46590096,0.3081834,0.9512221,-0.014129415
1356766234670,0.3630477,-0.11042389,0.9252043,0.8715941,-0.31080893,-0.3791065,0.3294241,0.94403625,-0.01659371
1356766234710,0.2629431,-0.07509038,0.9618848,0.89896905,-0.34291506,-0.27251422,0.350308,0.93636036,-0.022663206
1356766234751,0.17512113,-0.028105557,0.98414564,0.9125036,-0.37070477,-0.17295966,0.36968866,0.9283253,-0.039271757
1356766234789,0.10685736,0.03103587,0.99378985,0.9169854,-0.38944376,-0.08643672,0.3843426,0.9205272,-0.07007438
1356766234830,0.07979202,0.09808093,0.9919745,0.9174389,-0.39636886,-0.0346058,0.38979363,0.91283727,-0.121610284
1356766234868,0.08132261,0.1707057,0.98196036,0.92024124,-0.3912657,-0.008192897,0.38280886,0.9043067,-0.18890917
1356766234911,0.08951223,0.23895305,0.9668966,0.92646307,-0.3763163,0.0072315037,0.36558694,0.8951466,-0.25506607
1356766234949,0.08399302,0.2914737,0.9528842,0.93499523,-0.35372192,0.025782317,0.34457088,0.88877666,-0.3022367
1356766234989,0.052843243,0.3205375,0.9457607,0.9438459,-0.3253391,0.05752775,0.32613274,0.88961244,-0.31973
1356766235029,-0.0035048425,0.32310036,0.94635814,0.9500779,-0.29418495,0.10395762,0.31199306,0.8994783,-0.3059395
1356766235069,-0.07411456,0.3008598,0.9507841,0.9506254,-0.26679748,0.15852582,0.30136085,0.9155886,-0.26623136
1356766235109,-0.14324933,0.25986162,0.95496154,0.94527984,-0.24986804,0.2097905,0.29313087,0.9327582,-0.20984846
1356766235149,-0.19808775,0.20790064,0.9578823,0.93757534,-0.2448107,0.24702257,0.28585598,0.94701904,-0.14642853
1356766235188,-0.23193347,0.15169883,0.96083003,0.9321935,-0.24752045,0.26410016,0.27788872,0.95693314,-0.0840044
1356766235229,-0.24306905,0.09583071,0.9652636,0.9321561,-0.2521991,0.2597702,0.26833263,0.96291846,-0.028027356
1356766235269,-0.23048633,0.043314695,0.9721111,0.93831044,-0.25475514,0.23382345,0.2577783,0.9660351,0.01807493
1356766235309,-0.1935336,-0.0037779212,0.9810864,0.949312,-0.25318485,0.18629065,0.24769244,0.96741056,0.052586198
1356766235349,-0.13176692,-0.044151634,0.99029696,0.9620224,-0.24662024,0.11700943,0.23906115,0.9681059,0.07497129
1356766235389,-0.045180738,-0.07701802,0.99600554,0.97169816,-0.23479944,0.025921822,0.23186508,0.9689879,0.085446686
1356766235429,0.06461424,-0.1016452,0.99272007,0.97216356,-0.21810353,-0.085608035,0.2252174,0.9706179,0.084723204
1356766235469,0.19243938,-0.11751035,0.9742476,0.956763,-0.19819647,-0.21289149,0.21810934,0.9730928,0.074288696
1356766235507,0.3268357,-0.12516901,0.93675566,0.921196,-0.17923903,-0.34535676,0.21113113,0.97581047,0.05672343
1356766235547,0.45003,-0.12777048,0.8838256,0.8686814,-0.16682419,-0.4664358,0.20704025,0.97767293,0.035915956
1356766235587,0.5462941,-0.12988791,0.8274611,0.8112501,-0.16376257,-0.5612976,0.208413,0.97791153,0.01590909
1356766235627,0.6102277,-0.1344353,0.78073645,0.7623132,-0.16860655,-0.6248604,0.21564052,0.97647274,-4.066229E-4
1356766235667,0.64405763,-0.1413795,0.751799,0.73034203,-0.17872581,-0.6592859,0.22757533,0.9736885,-0.01185438
1356766235707,0.65121174,-0.14865708,0.7441938,0.7189625,-0.19306073,-0.6676979,0.24293262,0.9698601,-0.018844545
1356766235747,0.6331142,-0.15326247,0.75873375,0.7287413,-0.2124466,-0.65100116,0.26096448,0.9650788,-0.022814244
1356766235787,0.5890659,-0.15173912,0.7937107,0.75753534,-0.23824736,-0.60776514,0.2813212,0.9592776,-0.025395669
1356766235832,0.51841545,-0.14040235,0.84352386,0.79924214,-0.27120098,-0.5363413,0.30406806,0.9522275,-0.028379321
1356766235869,0.4229964,-0.11399737,0.8989319,0.84527636,-0.30778426,-0.43677998,0.32646888,0.94460225,-0.033832356
1356766235909,0.32665765,-0.074261725,0.9422208,0.879044,-0.34238857,-0.33174056,0.34724128,0.9366191,-0.04656452
1356766235949,0.24362528,-0.019391656,0.9696756,0.8992145,-0.3700993,-0.2333236,0.36340076,0.92878985,-0.072728306
1356766235989,0.19125646,0.0482634,0.98035276,0.9088671,-0.38587207,-0.15831363,0.37065002,0.92128897,-0.11766553
1356766236029,0.17117631,0.12324664,0.9775014,0.9150796,-0.38758802,-0.11137685,0.365141,0.9135567,-0.17912641
1356766236067,0.16684997,0.1951626,0.96647435,0.9226673,-0.3765008,-0.08325946,0.34762925,0.9056261,-0.24288923
1356766236107,0.15583575,0.25179937,0.9551504,0.9328002,-0.35562462,-0.05843854,0.32496017,0.90007126,-0.29029754
1356766236147,0.12505746,0.28524897,0.9502598,0.94442034,-0.32771713,-0.025914788,0.30402425,0.90068555,-0.3103784
1356766236187,0.07292846,0.29316923,0.95327497,0.9551122,-0.29570445,0.017871618,0.2871271,0.9091813,-0.3015748
1356766236227,0.0069814324,0.27763698,0.9606607,0.9617386,-0.2649827,0.06959236,0.27387986,0.92341864,-0.2688642
1356766236267,-0.061412096,0.2437684,0.96788716,0.96266204,-0.2416817,0.12194961,0.26364806,0.9392374,-0.21982443
1356766236307,-0.12173486,0.1979666,0.9726201,0.95910907,-0.22880048,0.1666137,0.2555199,0.95313144,-0.1620186
1356766236347,-0.16684705,0.14637882,0.9750565,0.95425254,-0.22488695,0.19704804,0.24812123,0.96332705,-0.10216057
1356766236387,-0.19286126,0.09406692,0.9767067,0.95127386,-0.22613746,0.2096186,0.24058813,0.96954286,-0.045870304
1356766236427,-0.19776684,0.044764638,0.97922635,0.95210207,-0.22889519,0.20275259,0.23321638,0.9724213,0.0026474297
1356766236467,-0.18066818,8.889437E-4,0.98354375,0.9570316,-0.230461,0.17600638,0.22682491,0.9730812,0.040786237
1356766236507,-0.14210176,-0.036346942,0.9891845,0.964694,-0.22895664,0.13017067,0.22174904,0.9727578,0.06759876
1356766236548,-0.08341116,-0.06652996,0.9942919,0.97244334,-0.22341514,0.06662914,0.21770707,0.97245014,0.083332
1356766236594,-7.9488754E-4,-0.08731693,0.99618024,0.97683567,-0.21323985,-0.017911315,0.21398932,0.9730902,0.08546379
1356766236625,0.100199044,-0.105291426,0.98938054,0.9723839,-0.20029724,-0.11979371,0.21078342,0.97406095,0.082314104
1356766236668,0.20614272,-0.11380464,0.9718815,0.9560686,-0.18812245,-0.22481728,0.20841801,0.9755298,0.07002497
1356766236707,0.3115019,-0.11699659,0.9430156,0.9270529,-0.18049881,-0.32862288,0.20866096,0.976592,0.052236333
1356766236747,0.4023709,-0.11849326,0.9077759,0.89036447,-0.1800057,-0.4181497,0.2129527,0.97650266,0.033073053
1356766236787,0.4695204,-0.12100467,0.8745904,0.854823,-0.18561095,-0.48458862,0.22097108,0.97514427,0.016289458
1356766236833,0.50992274,-0.12490243,0.85110414,0.8284595,-0.19506189,-0.5249816,0.23158947,0.9728054,0.004010141
1356766236869,0.5233969,-0.1288046,0.8422975,0.8163823,-0.20735586,-0.5390023,0.24408132,0.96974885,-0.0033756047
1356766236909,0.50996643,-0.1305041,0.85023695,0.82044244,-0.22320998,-0.5263567,0.2584731,0.96599483,-0.006758496
1356766236949,0.4690426,-0.12698162,0.87399924,0.83934534,-0.2437917,-0.48586518,0.2747697,0.96147865,-0.007767245
1356766236989,0.40189195,-0.11552444,0.9083704,0.867537,-0.26940876,-0.41808873,0.29302248,0.95607156,-0.008051425
1356766237029,0.31370765,-0.09370527,0.94488454,0.89648414,-0.2986921,-0.32726002,0.31289554,0.949738,-0.009696677
1356766237069,0.21783602,-0.06003037,0.97413754,0.9172877,-0.32832617,-0.2253561,0.33336297,0.94265497,-0.016456202
1356766237109,0.1327318,-0.013600022,0.99105865,0.9266548,-0.35310364,-0.12895173,0.35170025,0.9354853,-0.03426552
1356766237149,0.07342237,0.04587564,0.99624527,0.9288759,-0.36678392,-0.051567405,0.36304104,0.9291744,-0.069542915
1356766237189,0.04267925,0.11652982,0.99226975,0.93116796,-0.36457986,0.002764225,0.3620837,0.92385185,-0.12406883
1356766237229,0.02925229,0.19063848,0.9812244,0.93727213,-0.34637022,0.039353043,0.3473691,0.9185231,-0.18881226
1356766237269,0.014368594,0.25455767,0.9669509,0.94561225,-0.3177625,0.06960207,0.32497847,0.9133605,-0.24527866
1356766237309,-0.014912009,0.29592246,0.95509565,0.95254916,-0.28622794,0.10355574,0.30401948,0.9113197,-0.27761245
1356766237349,-0.060508847,0.30905062,0.94911873,0.95542246,-0.25734735,0.1447078,0.2889752,0.9155655,-0.27970207
1356766237389,-0.115733266,0.295012,0.94845855,0.95322025,-0.23545897,0.18955237,0.27924335,0.9260275,-0.25396097
1356766237427,-0.16983163,0.25989446,0.9505851,0.9469341,-0.22407919,0.23044363,0.27289736,0.9392781,-0.20804721
1356766237467,-0.21338284,0.21161535,0.95377505,0.93950987,-0.22329313,0.25973365,0.26793504,0.95150363,-0.15116781
1356766237507,-0.24093896,0.15705463,0.9577486,0.9344822,-0.22894627,0.27262914,0.26209062,0.96068597,-0.09160268
1356766237547,-0.24972576,0.10161656,0.96297,0.9344662,-0.23535788,0.26716977,0.25379145,0.966582,-0.036182344
1356766237587,-0.2387563,0.049422294,0.9698211,0.94013596,-0.23834062,0.24359414,0.24318674,0.96992326,0.010441661
1356766237627,-0.20747077,0.0035263896,0.9782349,0.9503702,-0.23627448,0.20241278,0.23184574,0.97168,0.04566869
1356766237667,-0.15613937,-0.034104258,0.98714614,0.9626025,-0.22926724,0.14433646,0.22139779,0.9727659,0.06862649
1356766237707,-0.086224616,-0.062509626,0.99431276,0.97331655,-0.21831012,0.07067931,0.21265039,0.9738754,0.07966536
1356766237747,-7.8475475E-4,-0.08153105,0.9966705,0.978678,-0.20477796,-0.015980989,0.20539913,0.9754069,0.07995334
1356766237787,0.09536022,-0.091760576,0.9912046,0.97544473,-0.18997598,-0.11143103,0.19852996,0.9774914,0.071391135
1356766237833,0.19585395,-0.09471032,0.9760487,0.9617691,-0.17573506,-0.21004093,0.19141912,0.9798709,0.056671113
1356766237869,0.29284865,-0.093431085,0.951583,0.9379343,-0.16531116,-0.3048793,0.18579254,0.9818059,0.03922105
1356766237909,0.37822983,-0.09197131,0.9211316,0.90710545,-0.16167691,-0.38861328,0.18466699,0.98254865,0.02227664
1356766237949,0.4464597,-0.09377828,0.88987607,0.8745034,-0.16490501,-0.4561254,0.18951958,0.9818412,0.008385912
1356766237987,0.49548236,-0.09998676,0.8628441,0.84537375,-0.17275473,-0.5054691,0.1996006,0.97987676,-0.0010707229
1356766238027,0.5251447,-0.10967839,0.84391564,0.8237597,-0.1834378,-0.53644234,0.21364218,0.9768936,-0.005982712
1356766238067,0.5357046,-0.1204223,0.83577454,0.81233394,-0.19669655,-0.549021,0.23050836,0.97304106,-0.0075481236
1356766238107,0.52679896,-0.12940693,0.84008133,0.81243074,-0.21389225,-0.542408,0.24987826,0.9682479,-0.0075440705
1356766238147,0.49721375,-0.1333124,0.8573251,0.82407016,-0.2365906,-0.5147166,0.27145314,0.9624202,-0.0077773184
1356766238187,0.44718146,-0.12823746,0.8852027,0.8445476,-0.26538807,-0.46508977,0.2945642,0.95557535,-0.010373995
1356766238227,0.38141343,-0.10956761,0.9178882,0.86807597,-0.29886314,-0.3963899,0.31775445,0.9479851,-0.018877417
1356766238267,0.31162602,-0.073152006,0.9473848,0.88786435,-0.33277082,-0.31774253,0.33850557,0.94016606,-0.03875093
1356766238307,0.25341165,-0.017124653,0.96720695,0.9007715,-0.36036086,-0.24238563,0.35269427,0.9326558,-0.07589425
1356766238347,0.21799761,0.05567509,0.97436,0.90908444,-0.37476528,-0.18197909,0.3550246,0.9254465,-0.13231128
1356766238387,0.20239285,0.13533437,0.9699081,0.91743946,-0.37263778,-0.1394487,0.34255219,0.91805536,-0.19958028
1356766238427,0.19001102,0.20638388,0.95984447,0.9281828,-0.35637462,-0.10711631,0.3199571,0.9112644,-0.2592771
1356766238467,0.16408223,0.25564685,0.95274436,0.94054115,-0.3317513,-0.07296288,0.29742137,0.9080671,-0.29488087
1356766238507,0.11729181,0.27723923,0.9536147,0.95231545,-0.30375087,-0.02882418,0.28167006,0.91152287,-0.29964674
1356766238547,0.05169469,0.27129444,0.96110713,0.9606391,-0.27654284,0.02639103,0.27294704,0.9219129,-0.27491188
1356766238587,-0.023628473,0.24237871,0.969894,0.9629171,-0.25529754,0.08725789,0.26876098,0.93598926,-0.22735834
1356766238627,-0.09652555,0.19812399,0.9754126,0.9590147,-0.24378973,0.14442092,0.2664088,0.94937533,-0.1664719
1356766238667,-0.15687275,0.14667085,0.97666705,0.95191455,-0.24104261,0.18909553,0.26315323,0.9593675,-0.10180509
1356766238707,-0.19891661,0.09453103,0.9754467,0.94574344,-0.24240792,0.21635124,0.25690785,0.96555805,-0.041183174
1356766238747,-0.22050661,0.045988113,0.97430074,0.94347644,-0.24335104,0.22501677,0.24744523,0.96884745,0.010271788
1356766238787,-0.22080863,0.0036244392,0.97531044,0.9462081,-0.24169075,0.21511805,0.23650324,0.97034657,0.049937963
1356766238834,-0.19964772,-0.031190366,0.97937125,0.9534036,-0.23690468,0.18680936,0.22619098,0.9710321,0.07703447
1356766238869,-0.1570245,-0.058095902,0.9858844,0.9633062,-0.22904223,0.13993147,0.21767971,0.97168136,0.091929376
1356766238909,-0.093376756,-0.07712811,0.9926389,0.97298497,-0.21850032,0.07455048,0.211142,0.97278404,0.09544736
1356766238949,-0.009217024,-0.08847529,0.9960357,0.97850245,-0.20602757,-0.009246111,0.20602891,0.9745382,0.08847231
1356766238988,0.0925256,-0.09288651,0.9913683,0.97511727,-0.19299108,-0.10909122,0.2014583,0.97679406,0.07271856
1356766239029,0.20355505,-0.09210634,0.9747214,0.95888495,-0.18232775,-0.21747693,0.1977498,0.97891414,0.051205695
1356766239067,0.30884606,-0.0896385,0.94687855,0.930488,-0.17772049,-0.3203242,0.19699311,0.97999,0.028519288
1356766239107,0.39310285,-0.08872858,0.9152035,0.8972713,-0.18049046,-0.40289897,0.20093411,0.9795665,0.008662254
1356766239147,0.44747022,-0.090524405,0.8897054,0.8694073,-0.1890538,-0.45649698,0.20952633,0.9777852,-0.00589332
1356766239187,0.46883938,-0.0936535,0.87830436,0.8549563,-0.20168832,-0.4778822,0.22189912,0.97496194,-0.014489755
1356766239227,0.45617786,-0.09502813,0.8848002,0.85768116,-0.21812508,-0.4656228,0.23724434,0.9712833,-0.018000022
1356766239267,0.4087531,-0.090824574,0.90811443,0.8762709,-0.23906028,-0.4183294,0.25508872,0.96674764,-0.018129662
1356766239307,0.3269845,-0.077141225,0.941876,0.9041152,-0.2645506,-0.33554244,0.27505797,0.96128154,-0.01675941
1356766239347,0.21761161,-0.05149144,0.9746763,0.92983806,-0.2926514,-0.22306135,0.29672617,0.95483184,-0.015805662
1356766239387,0.096903205,-0.013437301,0.99520314,0.94277954,-0.3192643,-0.09610948,0.31902424,0.94757044,-0.01826933
1356766239427,-0.012930751,0.035978585,0.9992689,0.9405005,-0.33891684,0.024372965,0.339546,0.9401281,-0.029455364
1356766239467,-0.09505552,0.09580693,0.9908509,0.9303447,-0.3455608,0.122663826,0.35415128,0.9334928,-0.056286037
1356766239507,-0.1446653,0.1650199,0.975623,0.92247057,-0.33418512,0.19330889,0.3579385,0.92794865,-0.10388103
1356766239566,-0.17103821,0.23906681,0.95582056,0.9216255,-0.3041799,0.24099979,0.3483565,0.9221288,-0.16830367
1356766239588,-0.19108593,0.3073261,0.9322215,0.9249197,-0.26160872,0.27583396,0.32864827,0.914938,-0.23426223
1356766239628,-0.22073954,0.35743424,0.90747714,0.92561543,-0.21649927,0.3104256,0.3074249,0.90849805,-0.28305674
1356766239665,-0.26622713,0.38192728,0.8850168,0.9187156,-0.17730564,0.35288015,0.291693,0.907025,-0.30367893
1356766239708,-0.32538944,0.37917635,0.8662258,0.902349,-0.14931095,0.4043173,0.28264457,0.9131986,-0.2935652
1356766239747,-0.38860685,0.35390806,0.8507254,0.87838686,-0.13652295,0.45803708,0.27824655,0.9252624,-0.2578144
1356766239787,-0.4473443,0.31285292,0.8378581,0.8506871,-0.14033455,0.5065943,0.27606997,0.93937707,-0.20336205
1356766239833,-0.495162,0.26287216,0.82807785,0.8247774,-0.1573245,0.54313093,0.27305096,0.9519177,-0.13890988
1356766239869,-0.52907103,0.20956498,0.8222934,0.8057026,-0.18006551,0.5642869,0.26632145,0.9610718,-0.07357961
