1356766156609,-0.8825049,-0.14972173,0.4458344,0.44697928,0.027813733,0.89411175,-0.14626825,0.9883368,0.042376876
1356766156649,-0.16088945,0.018550932,-0.9867981,-0.976074,-0.15116256,0.15629926,-0.14626747,0.9883349,0.04242754
1356766156690,-0.16148323,0.018794566,-0.9866964,-0.97597647,-0.15122348,0.15684828,-0.14626378,0.9883208,0.042763144
1356766156739,-0.1635468,0.019712478,-0.9863386,-0.97563314,-0.15146011,0.1587447,-0.14626166,0.9882668,0.04400295
1356766156778,-0.1658057,0.021190614,-0.9859307,-0.9752507,-0.15181011,0.16074681,-0.14626798,0.9881824,0.045837224
1356766156818,-0.16816354,0.023194373,-0.98548615,-0.97484523,-0.15226483,0.16276407,-0.14627966,0.9880675,0.048216313
1356766156857,-0.17038912,0.025662482,-0.9850426,-0.9744571,-0.15279931,0.16457736,-0.14629039,0.987924,0.05104232
1356766156900,-0.17199212,0.028295636,-0.98469186,-0.97417605,-0.15332359,0.16574952,-0.14628649,0.9877708,0.05393538
1356766156938,-0.17278612,0.030714542,-0.9844804,-0.97404325,-0.15372455,0.16615835,-0.14623535,0.9876363,0.05647871
1356766156979,-0.17297274,0.03271371,-0.9843831,-0.9740283,-0.15394962,0.16603711,-0.14611372,0.987537,0.058493197
1356766157021,-0.17342609,0.034426957,-0.984245,-0.97397685,-0.15406972,0.16622776,-0.14591962,0.9874601,0.06025076
1356766157059,-0.17488372,0.03609702,-0.9839272,-0.9737475,-0.15423238,0.1674161,-0.14571017,0.987375,0.062122077
1356766157099,-0.17803574,0.038042277,-0.98328835,-0.97320724,-0.15456086,0.17023066,-0.14550191,0.98725057,0.064540446
1356766157139,-0.18321252,0.0404332,-0.98224145,-0.9722816,-0.15509331,0.17497048,-0.14526445,0.987072,0.06772745
1356766157181,-0.19120032,0.04356274,-0.9805839,-0.9707949,-0.15588373,0.1823664,-0.14491272,0.9868144,0.07209551
1356766157233,-0.20294988,0.04768017,-0.97802764,-0.96849203,-0.15700954,0.19331673,-0.14434224,0.98644555,0.078042895
1356766157270,-0.21454287,0.050956577,-0.9753845,-0.9660655,-0.15813541,0.20423171,-0.1438359,0.98610175,0.08315423
1356766157311,-0.22380012,0.053085357,-0.9731884,-0.9640033,-0.1591407,0.21300706,-0.14356628,0.9858277,0.086790115
1356766157349,-0.2301606,0.05374831,-0.9716673,-0.9624873,-0.15999258,0.21913609,-0.14368132,0.9856539,0.08855602
1356766157391,-0.22985142,0.053628057,-0.97174704,-0.9624864,-0.16044837,0.21880624,-0.1441811,0.9855863,0.08849561
1356766157429,-0.23316395,0.05144623,-0.9710756,-0.96157694,-0.16102564,0.2223523,-0.14492887,0.98560846,0.08701494
1356766157470,-0.23328096,0.04905647,-0.97117114,-0.9614298,-0.16129363,0.22279367,-0.14571428,0.9856864,0.084791124
1356766157558,-0.2311467,0.046808034,-0.97179234,-0.96183825,-0.16131437,0.22100902,-0.14641908,0.9857924,0.08230904
1356766157560,-0.22769642,0.044966817,-0.97269326,-0.962571,-0.16120672,0.2178745,-0.14700764,0.98589563,0.07999003
1356766157585,-0.22404265,0.04368323,-0.9735998,-0.9633598,-0.16107482,0.21445918,-0.14745417,0.9859749,0.07817039
1356766157627,-0.22161406,0.042978913,-0.97418684,-0.9638758,-0.16102773,0.21216428,-0.14775246,0.98601365,0.07711229
1356766157669,-0.22242743,0.042881697,-0.9740058,-0.9636384,-0.16140532,0.21295384,-0.14807788,0.9859562,0.07722336
1356766157708,-0.22843158,0.043322682,-0.9725956,-0.96211493,-0.16277802,0.2187194,-0.14884165,0.9857112,0.07886502
1356766157748,-0.24034876,0.04436174,-0.9696723,-0.9589064,-0.16600966,0.23008549,-0.15076801,0.9851258,0.082439005
1356766157789,-0.25718802,0.045603216,-0.96528476,-0.95387644,-0.17202681,0.24602133,-0.15483552,0.98403615,0.087743044
1356766157828,-0.27523154,0.04621029,-0.96026677,-0.9477495,-0.18063086,0.26295146,-0.16130275,0.9824648,0.093511105
1356766157868,-0.2902763,0.04585409,-0.95584357,-0.9415278,-0.19224721,0.27670625,-0.17107019,0.9802747,0.098977745
1356766157908,-0.29998165,0.044326186,-0.9529146,-0.9360633,-0.20618308,0.28508592,-0.18383816,0.9775089,0.10334331
1356766157948,-0.3034323,0.041965604,-0.9519284,-0.9318898,-0.22147429,0.28728122,-0.19877174,0.9742628,0.10630983
1356766157987,-0.3014059,0.039458513,-0.95267916,-0.9290249,-0.23706114,0.2841035,-0.2146329,0.9706931,0.10810959
1356766158029,-0.29573876,0.0375441,-0.9545307,-0.9271909,-0.25176442,0.27736565,-0.22990346,0.96705997,0.109267056
1356766158069,-0.2883216,0.03661734,-0.95683324,-0.9261041,-0.2645833,0.2689366,-0.2433143,0.9636674,0.11019653
1356766158109,-0.28040808,0.036777735,-0.95917606,-0.92579496,-0.2742898,0.2601323,-0.25352514,0.9609436,0.110961676
1356766158149,-0.2732814,0.037622333,-0.9611982,-0.9261104,-0.28044593,0.25232846,-0.26007095,0.95913225,0.11148307
1356766158188,-0.26676232,0.038955808,-0.9629748,-0.9270531,-0.28351367,0.24534217,-0.26345897,0.95817673,0.11174479
1356766158230,-0.26082963,0.040525287,-0.9645339,-0.9285735,-0.2838022,0.2391811,-0.26404396,0.9580261,0.11165473
1356766158268,-0.2542001,0.04219088,-0.96623087,-0.9307107,-0.2823273,0.23252729,-0.26298282,0.9583899,0.11103514
1356766158310,-0.24591243,0.043514043,-0.96831477,-0.9335412,-0.2794456,0.2245237,-0.26082137,0.959175,0.10934135
1356766158349,-0.2342397,0.04404235,-0.9711808,-0.93719256,-0.27581406,0.21353409,-0.25846076,0.9602015,0.105882734
1356766158389,-0.2191782,0.04350841,-0.9747143,-0.9412462,-0.2725066,0.19948855,-0.25693664,0.9611697,0.100679636
1356766158429,-0.20028877,0.040910423,-0.9788823,-0.9455859,-0.26956773,0.18220994,-0.25642082,0.96211195,0.092675716
1356766158468,-0.17991811,0.036249727,-0.98301345,-0.94984245,-0.2662595,0.16402829,-0.25579065,0.9632195,0.082336396
1356766158546,-0.15749645,0.028363496,-0.9871122,-0.9545717,-0.26042193,0.14482161,-0.252958,0.96507823,0.06809047
1356766158554,-0.14624238,0.01895389,-0.9890673,-0.957634,-0.2534566,0.13673753,-0.24809387,0.9671611,0.05521691
1356766158587,-0.14741993,0.00925222,-0.9890307,-0.9589448,-0.24626744,0.14063174,-0.2422649,0.96915776,0.045177102
1356766158627,-0.15798944,3.3256412E-4,-0.98744076,-0.9593642,-0.23681957,0.15341744,-0.23379427,0.97155356,0.03773403
1356766158668,-0.18490177,-0.010358661,-0.9827025,-0.95695746,-0.22571957,0.18243697,-0.22370496,0.9741373,0.0318231
1356766158708,-0.22559887,-0.023249656,-0.97394276,-0.95068526,-0.21316022,0.2253001,-0.21284398,0.9767406,0.025985628
1356766158748,-0.2777092,-0.03859541,-0.9598896,-0.93923056,-0.198986,0.2797331,-0.201801,0.9792421,0.019010305
1356766158789,-0.3348528,-0.056228817,-0.9405912,-0.9228973,-0.18180525,0.3394221,-0.1900897,0.9817256,0.008984566
1356766158829,-0.3959815,-0.07653949,-0.91506314,-0.9007821,-0.16111666,0.403278,-0.17829862,0.983963,-0.005146146
1356766158869,-0.44602245,-0.10145572,-0.8892529,-0.87928414,-0.13582903,0.4565193,-0.16710281,0.9855239,-0.028625607
1356766158908,-0.47979236,-0.13441184,-0.86702526,-0.86279285,-0.107179284,0.49406585,-0.15933546,0.9851122,-0.06454575
1356766158949,-0.47738916,-0.18258822,-0.85951215,-0.8641616,-0.07959348,0.49687982,-0.159136,0.97996247,-0.11978865
1356766158988,-0.4399314,-0.24367031,-0.8643409,-0.8823731,-0.06166178,0.4664928,-0.16696718,0.967896,-0.18788117
1356766159031,-0.37302953,-0.30901885,-0.87484646,-0.90992606,-0.062441885,0.41004342,-0.18133822,0.9490039,-0.25789165
1356766159072,-0.30747342,-0.36093315,-0.8804472,-0.93094766,-0.0774259,0.35684964,-0.19696826,0.9293721,-0.31220347
1356766159112,-0.2734462,-0.38855132,-0.8799176,-0.93889844,-0.09098333,0.33195144,-0.20903799,0.9169242,-0.3399312
1356766159149,-0.2882883,-0.38976386,-0.87462795,-0.93247986,-0.09334254,0.34895355,-0.21764946,0.9161721,-0.33653742
1356766159190,-0.34435755,-0.3688594,-0.86334264,-0.91148055,-0.0890255,0.40159383,-0.22499117,0.925212,-0.3055516
1356766159229,-0.4241681,-0.33205456,-0.84250885,-0.8754639,-0.08758783,0.47528023,-0.2316125,0.93918484,-0.2535498
1356766159270,-0.5065113,-0.28775924,-0.81279826,-0.8291133,-0.0962103,0.5507402,-0.23668018,0.9528579,-0.18985343
1356766159310,-0.57828486,-0.24321663,-0.7787376,-0.7796087,-0.116536796,0.61532867,-0.24040979,0.96294594,-0.122222364
1356766159350,-0.6308192,-0.20531723,-0.74827266,-0.73649275,-0.14509559,0.66070086,-0.24422434,0.9678802,-0.059685588
1356766159390,-0.6654047,-0.17622352,-0.72538394,-0.70337075,-0.17744297,0.6883194,-0.25001234,0.9682248,-0.005879104
1356766159430,-0.68384933,-0.15634263,-0.7126759,-0.6827258,-0.2074247,0.70061433,-0.25736248,0.9656769,0.03510815
1356766159471,-0.6900227,-0.14441922,-0.7092332,-0.67337227,-0.23122013,0.7022158,-0.26540244,0.9621228,0.06229925
1356766159536,-0.68730354,-0.13829267,-0.7130841,-0.6732056,-0.24738991,0.69684464,-0.27277827,0.958996,0.07693255
1356766159550,-0.6782892,-0.13620347,-0.7220613,-0.6798854,-0.2563969,0.6870346,-0.27871075,0.95692706,0.081308484
1356766159589,-0.6649334,-0.1366936,-0.7342876,-0.6913208,-0.25951362,0.6743354,-0.282735,0.9560165,0.07806021
1356766159630,-0.6487137,-0.13878909,-0.74827,-0.7057444,-0.25820607,0.6597381,-0.28477234,0.9560686,0.06955224
1356766159670,-0.6311535,-0.1417583,-0.7625941,-0.7215059,-0.2536108,0.6442909,-0.28473568,0.9568627,0.057787895
1356766159717,-0.61484253,-0.14453718,-0.77529204,-0.73669136,-0.24566156,0.63002884,-0.28152204,0.95851946,0.04456383
1356766159751,-0.6033451,-0.14594153,-0.78401256,-0.74859,-0.23528385,0.6198827,-0.27493215,0.9609071,0.032707036
1356766159789,-0.59949464,-0.14538968,-0.7870629,-0.75535035,-0.22241133,0.61642444,-0.26467344,0.96405137,0.02351427
1356766159830,-0.60471785,-0.14333844,-0.783435,-0.7554489,-0.20827723,0.6212226,-0.25221673,0.9675095,0.017664075
1356766159870,-0.6190105,-0.14026502,-0.77275586,-0.74833214,-0.19330448,0.6345332,-0.23837996,0.9710608,0.014692664
1356766159910,-0.64099044,-0.13696954,-0.7552289,-0.7342298,-0.17733866,0.6553302,-0.22369155,0.9745718,0.013105273
1356766159951,-0.66795135,-0.13334304,-0.7321616,-0.7147124,-0.15927887,0.6810407,-0.20742989,0.978187,0.01108861
1356766159990,-0.69718814,-0.12984312,-0.7050316,-0.6912205,-0.1390521,0.7091394,-0.19011295,0.9817359,0.0071951747
1356766160031,-0.72412175,-0.12656277,-0.6779599,-0.66812533,-0.115063906,0.7350978,-0.17104474,0.98526245,-0.0012394786
1356766160070,-0.74602365,-0.1256324,-0.6539611,-0.6482571,-0.08766532,0.7563581,-0.15235281,0.98819596,-0.016041636
1356766160111,-0.7577818,-0.13183185,-0.6390517,-0.6381799,-0.05437261,0.76796484,-0.13598913,0.9897797,-0.042929888
1356766160150,-0.7556796,-0.15183017,-0.6370995,-0.64282084,-0.014336407,0.7658824,-0.1254178,0.9883026,-0.086765826
1356766160190,-0.73595065,-0.19166204,-0.64933985,-0.66555655,0.028948903,0.7457858,-0.12414116,0.981034,-0.14886683
1356766160232,-0.6958123,-0.25281417,-0.67225766,-0.7054914,0.06512183,0.70572025,-0.13463742,0.96532077,-0.22367084
1356766160270,-0.64654666,-0.31582192,-0.6944307,-0.74772525,0.08184129,0.65894544,-0.15127629,0.94528234,-0.28906214
1356766160315,-0.6036359,-0.3628729,-0.70989215,-0.77872795,0.07749128,0.6225574,-0.1708988,0.9286109,-0.32935584
1356766160350,-0.57737494,-0.38433743,-0.720363,-0.79383945,0.057923615,0.60536253,-0.19093746,0.9213737,-0.33854586
1356766160390,-0.5723684,-0.37871075,-0.72730494,-0.79206383,0.025810242,0.6098923,-0.21220091,0.9251551,-0.314736
1356766160430,-0.5805603,-0.35560516,-0.732458,-0.7803943,-0.013563633,0.62514067,-0.23223805,0.9345379,-0.2696377
1356766160472,-0.60062313,-0.31811088,-0.7335239,-0.75971884,-0.058829844,0.64758503,-0.24915694,0.9462265,-0.20634025
1356766160540,-0.6224324,-0.27816135,-0.7315765,-0.7379684,-0.10280359,0.66695887,-0.26073086,0.95501715,-0.14128596
1356766160549,-0.6453723,-0.23799078,-0.72584784,-0.7155953,-0.14407432,0.6834954,-0.26724163,0.9605223,-0.077323556
1356766160603,-0.6649191,-0.20376934,-0.71858233,-0.6962933,-0.17904621,0.6950669,-0.27029282,0.96250737,-0.022831917
1356766160627,-0.6801745,-0.17678523,-0.7114138,-0.6811123,-0.2063837,0.7024897,-0.27101403,0.9623683,0.019966424
1356766160667,-0.6904565,-0.15733683,-0.7060559,-0.67105085,-0.22515208,0.7063975,-0.27011225,0.9615361,0.04987663
1356766160705,-0.6952741,-0.14495298,-0.7039762,-0.6668005,-0.23549843,0.7070485,-0.26827407,0.9610042,0.06708121
1356766160749,-0.69386023,-0.13956288,-0.70645607,-0.6690434,-0.23791319,0.7041152,-0.2663436,0.96120733,0.071704865
1356766160787,-0.68625563,-0.13979825,-0.7137995,-0.6771915,-0.23534805,0.69715345,-0.26545215,0.9618044,0.06683874
1356766160829,-0.67267513,-0.14559525,-0.72547233,-0.6904502,-0.22903019,0.68616587,-0.26605764,0.9624693,0.053536713
1356766160868,-0.6558729,-0.15309799,-0.7391832,-0.7063198,-0.22104639,0.67249596,-0.26635155,0.9631716,0.036842227
1356766160908,-0.63971907,-0.15923926,-0.7519324,-0.7221191,-0.21055824,0.6589455,-0.26325557,0.9645248,0.019708395
1356766160947,-0.6275265,-0.16126198,-0.76171184,-0.73556495,-0.19794059,0.64789176,-0.255254,0.9668578,0.0055942535
1356766160987,-0.62116456,-0.15839139,-0.76750684,-0.74526775,-0.18346477,0.64102775,-0.24234375,0.9701819,-0.004082203
1356766161027,-0.6203242,-0.15166587,-0.76954234,-0.7509817,-0.16826338,0.63852483,-0.22632822,0.97400457,-0.0095204115
1356766161071,-0.6237604,-0.14270523,-0.7684778,-0.75318,-0.1530441,0.6397635,-0.20890862,0.9778613,-0.012019813
1356766161112,-0.6300746,-0.13288215,-0.7650806,-0.7527424,-0.13750046,0.64379525,-0.19074786,0.9815477,-0.0133904815
1356766161150,-0.63755214,-0.123645544,-0.7604203,-0.75084645,-0.12128222,0.64924586,-0.17250183,0.984887,-0.015515089
1356766161189,-0.6445788,-0.11570799,-0.7557313,-0.7490297,-0.102510154,0.65455794,-0.15320772,0.9879794,-0.020592868
1356766161230,-0.6488922,-0.111144274,-0.752719,-0.7491518,-0.0797025,0.65758574,-0.13308048,0.9906031,-0.03154558
1356766161271,-0.64625275,-0.11483905,-0.75443316,-0.754601,-0.051171243,0.65418565,-0.113731354,0.9920653,-0.053588092
1356766161314,-0.6315979,-0.1322343,-0.7639359,-0.7689296,-0.019175828,0.6390458,-0.09915289,0.991033,-0.08956748
1356766161351,-0.5962961,-0.17175236,-0.7841761,-0.797186,0.01173079,0.6036197,-0.09447411,0.98507035,-0.14391363
1356766161390,-0.53633386,-0.2298173,-0.8121145,-0.83795834,0.030012846,0.5449083,-0.10085547,0.9727709,-0.20867425
1356766161430,-0.45448554,-0.295157,-0.8404316,-0.88300943,0.025140107,0.4686815,-0.11720607,0.955118,-0.27205223
1356766161469,-0.36741096,-0.3457187,-0.8634164,-0.91988444,-0.0018609166,0.392185,-0.13719243,0.9383364,-0.31733763
1356766161536,-0.29643294,-0.3667504,-0.8818286,-0.94237685,-0.037617654,0.33243176,-0.15509182,0.9295585,-0.33446598
1356766161555,-0.25613856,-0.3548563,-0.89914954,-0.9516668,-0.07051432,0.29892808,-0.16947946,0.93225783,-0.3196435
1356766161588,-0.24036074,-0.3204137,-0.9162761,-0.95361125,-0.0983147,0.28453442,-0.18125215,0.94216204,-0.28191918
1356766161638,-0.26854408,-0.25751314,-0.9282085,-0.9438168,-0.12232399,0.30699617,-0.19259772,0.9585008,-0.21019578
1356766161678,-0.3456849,-0.20347571,-0.91602373,-0.9163089,-0.13714588,0.37625661,-0.20218799,0.969427,-0.13903737
1356766161718,-0.32964116,-0.14178368,-0.9333992,-0.91998136,-0.17383122,0.3513075,-0.21206355,0.9745153,-0.07313651
1356766161757,-0.3291636,-0.09258118,-0.9397234,-0.91749084,-0.20397902,0.34147197,-0.22329772,0.97458774,-0.017799914
1356766161798,-0.33420825,-0.05662653,-0.9407967,-0.9124042,-0.23079336,0.33801353,-0.23627013,0.97135365,0.0254668
1356766161837,-0.3387056,-0.032782793,-0.9403212,-0.9072459,-0.2534914,0.3356294,-0.2493662,0.96678203,0.05611688
1356766161877,-0.33935112,-0.018962145,-0.9404686,-0.9037714,-0.27066702,0.33156687,-0.26084107,0.9624862,0.07471374
1356766161918,-0.3347569,-0.012963295,-0.9422153,-0.90293044,-0.28160882,0.32467392,-0.26954493,0.9594418,0.08256549
1356766161959,-0.3249151,-0.012610704,-0.94565916,-0.90484166,-0.28673422,0.31471446,-0.2751216,0.9579272,0.08175355
1356766161997,-0.30908108,-0.016600072,-0.95089084,-0.90938574,-0.28749257,0.300609,-0.27836412,0.9576391,0.073762566
1356766162037,-0.28773516,-0.023574442,-0.9574199,-0.91561615,-0.2863521,0.2822226,-0.2808124,0.95783436,0.06080839
1356766162077,-0.26318341,-0.031891108,-0.9642186,-0.9224115,-0.28450155,0.26118192,-0.28265104,0.958145,0.0454593
1356766162129,-0.2374798,-0.04076284,-0.9705369,-0.9299491,-0.27918214,0.23927414,-0.28071004,0.95937264,0.028392702
1356766162168,-0.21964407,-0.0471451,-0.9744403,-0.93600273,-0.27142686,0.22411218,-0.2750551,0.9613037,0.015489399
1356766162208,-0.21331537,-0.05094093,-0.9756545,-0.94038975,-0.26005012,0.21918291,-0.26488438,0.9642505,0.0075683
1356766162248,-0.220572,-0.05354908,-0.97389966,-0.9421612,-0.24663436,0.22694474,-0.2523498,0.96762806,0.003948778
1356766162288,-0.24088287,-0.055903077,-0.9689429,-0.94081366,-0.231798,0.24726346,-0.23842183,0.97115624,0.003241837
1356766162327,-0.2739749,-0.059381634,-0.9599018,-0.9353994,-0.21552664,0.28031442,-0.22352993,0.9746907,0.0035033822
1356766162367,-0.3180595,-0.06455606,-0.9458703,-0.9251668,-0.19683832,0.32453203,-0.20713401,0.9783083,0.0028811693
1356766162408,-0.36986727,-0.071899414,-0.9262984,-0.909775,-0.17418134,0.37678948,-0.18843484,0.9820852,-9.883046E-4
1356766162448,-0.42285585,-0.08278784,-0.9024074,-0.89052856,-0.14641535,0.43072194,-0.16778484,0.9857529,-0.011812329
1356766162489,-0.46282917,-0.10150325,-0.880617,-0.874236,-0.11205977,0.47239187,-0.14663103,0.9885038,-0.03687322
1356766162537,-0.48021764,-0.13155723,-0.8672277,-0.86760956,-0.07417917,0.49168193,-0.12901452,0.9885293,-0.07851821
1356766162572,-0.4507627,-0.18129194,-0.8740401,-0.8846823,-0.039752305,0.46449643,-0.11895454,0.98262554,-0.1424669
1356766162610,-0.38034958,-0.24205384,-0.8926052,-0.9175645,-0.022081792,0.39697313,-0.11579916,0.9700115,-0.21370125
1356766162650,-0.27662742,-0.30298966,-0.9119619,-0.9535145,-0.03149748,0.29969636,-0.1195294,0.95247316,-0.28019202
1356766162692,-0.17719704,-0.34485716,-0.9217781,-0.9759056,-0.05959326,0.20989731,-0.12731636,0.9367616,-0.3259883
1356766162731,-0.121044606,-0.35897097,-0.9254664,-0.98300683,-0.0862709,0.16203335,-0.13800609,0.9293531,-0.34242833
1356766162769,-0.120908946,-0.34752932,-0.92984104,-0.9810369,-0.101112515,0.165357,-0.15148497,0.9322015,-0.32871372
1356766162811,-0.16728729,-0.31647822,-0.9337325,-0.97169995,-0.107281685,0.21045142,-0.16677567,0.94251376,-0.28957504
1356766162849,-0.2381044,-0.27294457,-0.93209845,-0.9541427,-0.113541424,0.2769838,-0.18143302,0.955306,-0.23339331
1356766162890,-0.31137502,-0.22455609,-0.92337435,-0.9302726,-0.12634456,0.34442705,-0.1940065,0.9662358,-0.16955781
1356766162929,-0.37352872,-0.17750636,-0.9104767,-0.90461814,-0.14750946,0.3998837,-0.20528582,0.9730018,-0.1054765
1356766162971,-0.41725177,-0.13602206,-0.8985537,-0.8825526,-0.17522144,0.43634635,-0.21679866,0.97508734,-0.04693514
1356766163010,-0.43997872,-0.10222983,-0.8921703,-0.8683577,-0.20475465,0.4516973,-0.22885296,0.97346014,0.0013155341
1356766163050,-0.44410557,-0.07612869,-0.8927343,-0.8631265,-0.230968,0.4490727,-0.2403804,0.96997833,0.036865532
1356766163090,-0.43282402,-0.057208896,-0.8996614,-0.8659018,-0.25121433,0.43255693,-0.2507539,0.9662394,0.059194267
1356766163130,-0.4090339,-0.04355234,-0.9114793,-0.87498283,-0.2648195,0.40530938,-0.2590297,0.963314,0.0702126
1356766163171,-0.37533706,-0.034697354,-0.9262387,-0.8882122,-0.27218968,0.3701241,-0.26495498,0.9616178,0.07134426
1356766163210,-0.33293635,-0.029581547,-0.94248515,-0.9038374,-0.2748677,0.32791114,-0.26875883,0.9610269,0.06477651
1356766163250,-0.28566915,-0.026995987,-0.95794797,-0.9193362,-0.2745151,0.2818909,-0.2705811,0.9612038,0.0536021
1356766163300,-0.23775011,-0.026799351,-0.97095656,-0.9333501,-0.2704777,0.23600718,-0.26894698,0.9623531,0.03929293
1356766163330,-0.19669175,-0.027465105,-0.9800806,-0.94438946,-0.26335388,0.19690901,-0.2635162,0.9643082,0.0258618
1356766163370,-0.16851765,-0.028981686,-0.9852724,-0.95256346,-0.25220323,0.17034176,-0.2534257,0.9672402,0.01489383
1356766163410,-0.1580925,-0.03165406,-0.9869168,-0.95757234,-0.23898906,0.16105714,-0.24096045,0.9705062,0.007471353
1356766163451,-0.16589326,-0.035292923,-0.9855119,-0.9597765,-0.22377074,0.16957486,-0.2265136,0.9740026,0.0032487512
1356766163490,-0.19306809,-0.041300654,-0.9803158,-0.9580427,-0.20778233,0.19743538,-0.2118465,0.9773028,5.4833293E-4
1356766163569,-0.232844,-0.04869026,-0.97129446,-0.95251113,-0.1901049,0.23787099,-0.19622988,0.9805556,-0.0021132827
1356766163571,-0.28490567,-0.0578174,-0.95681024,-0.9416033,-0.17001528,0.29065105,-0.17947707,0.9837438,-0.006002724
1356766163596,-0.34484333,-0.06780553,-0.936208,-0.9243594,-0.14890742,0.35126373,-0.16322592,0.9865236,-0.011326969
1356766163653,-0.39604068,-0.07951659,-0.91478354,-0.906475,-0.12506193,0.4033145,-0.14647478,0.9889574,-0.022550166
1356766163686,-0.42621946,-0.10499686,-0.8985058,-0.89508575,-0.09487426,0.4356839,-0.13099054,0.98993665,-0.053543925
1356766163725,-0.43751585,-0.14700916,-0.88711226,-0.89087844,-0.06312561,0.4498342,-0.12212923,0.9871187,-0.10334885
1356766163766,-0.40747553,-0.20788383,-0.88924015,-0.9048768,-0.03938383,0.4238477,-0.123132735,0.97736037,-0.17206132
1356766163808,-0.3393578,-0.2808762,-0.8977443,-0.9310721,-0.035600007,0.36309424,-0.13394418,0.95908356,-0.24943483
1356766163848,-0.26330298,-0.34442252,-0.90113515,-0.95303184,-0.052055597,0.2983629,-0.14967209,0.93737036,-0.31453925
1356766163889,-0.21377,-0.38155928,-0.8992858,-0.9624691,-0.07529667,0.260737,-0.16719982,0.92127246,-0.35114282
1356766163928,-0.20075378,-0.3907139,-0.8983544,-0.9620992,-0.094130844,0.2559383,-0.18456152,0.9156866,-0.35700846
1356766163969,-0.2286712,-0.37364486,-0.8989433,-0.9522089,-0.1062361,0.28637773,-0.20250383,0.9214681,-0.3314948
1356766164007,-0.2800117,-0.3378877,-0.8985685,-0.93469733,-0.11751133,0.3354578,-0.21893907,0.9338217,-0.2829182
1356766164051,-0.33871257,-0.29154372,-0.8945815,-0.911937,-0.13232464,0.38840842,-0.23161322,0.94736075,-0.22104949
1356766164089,-0.39346707,-0.24156338,-0.8870348,-0.88738495,-0.1523785,0.43511918,-0.24027392,0.9583465,-0.15440375
1356766164130,-0.4362914,-0.19407591,-0.87862647,-0.86541986,-0.17685318,0.46879786,-0.24637023,0.9649132,-0.0907976
1356766164169,-0.46492106,-0.15263206,-0.8720962,-0.8488907,-0.20292169,0.48806486,-0.2514616,0.967226,-0.03522539
1356766164210,-0.47911006,-0.11890373,-0.869664,-0.83957255,-0.2269643,0.4935637,-0.25606924,0.9666174,0.008912563
1356766164250,-0.48060042,-0.09310138,-0.87198365,-0.8374993,-0.24612093,0.48787236,-0.260035,0.9647573,0.040313423
1356766164290,-0.47145957,-0.07426655,-0.87875503,-0.8417456,-0.25931412,0.47351927,-0.26304024,0.96293336,0.05974257
1356766164330,-0.45341885,-0.062289834,-0.8891182,-0.8509606,-0.26644892,0.45262676,-0.26509866,0.96183413,0.06780678
1356766164369,-0.42825395,-0.055338085,-0.9019625,-0.8634687,-0.26929617,0.42649907,-0.26649666,0.96146625,0.0675444
1356766164410,-0.39838356,-0.05297461,-0.9156878,-0.8774601,-0.26873308,0.3972988,-0.26712236,0.9617568,0.060575724
1356766164449,-0.3669973,-0.053460866,-0.92868453,-0.8914858,-0.26488376,0.3675455,-0.2656427,0.9627973,0.049552023
1356766164490,-0.33888638,-0.05491668,-0.9392232,-0.9040986,-0.2572025,0.34125158,-0.26031098,0.9647958,0.037512302
1356766164543,-0.31836563,-0.055891544,-0.946319,-0.91431975,-0.24550128,0.32210004,-0.2503252,0.9677837,0.027056396
1356766164570,-0.30816674,-0.05569619,-0.9497006,-0.9212827,-0.23145175,0.3125192,-0.237216,0.9712508,0.02001381
1356766164610,-0.30906856,-0.05407104,-0.9495014,-0.9247477,-0.2160461,0.3133142,-0.22207728,0.97488475,0.016770959
1356766164650,-0.3200361,-0.05226904,-0.9459624,-0.92453384,-0.20083946,0.3238838,-0.2069157,0.9782288,0.015951395
1356766164691,-0.33799636,-0.050744176,-0.9397783,-0.9214492,-0.18538517,0.34141424,-0.19154581,0.98135483,0.015901387
1356766164729,-0.3611399,-0.050487787,-0.9311439,-0.91586196,-0.16864449,0.36435694,-0.17542782,0.98438305,0.014664352
1356766164770,-0.38603163,-0.052359283,-0.92099833,-0.9088838,-0.14922649,0.38943756,-0.15782806,0.9874158,0.010017693
1356766164809,-0.40747887,-0.05876118,-0.9113222,-0.9025923,-0.1258505,0.41169024,-0.13888174,0.99030745,-0.0017559528
1356766164850,-0.4178189,-0.0747959,-0.9054463,-0.9004482,-0.098544955,0.423653,-0.12091473,0.9923177,-0.026175857
1356766164889,-0.40674478,-0.10778937,-0.90716046,-0.9071169,-0.06990951,0.41503194,-0.10815519,0.9917127,-0.069342256
1356766164931,-0.3649844,-0.16239116,-0.9167417,-0.9251057,-0.04749459,0.37672752,-0.10471746,0.98558277,-0.13289422
1356766164972,-0.2899241,-0.23418736,-0.9279549,-0.9504429,-0.04327786,0.30787212,-0.112259656,0.9712277,-0.21003443
1356766165010,-0.20159635,-0.30011407,-0.93235755,-0.9714273,-0.060463697,0.22950655,-0.12525189,0.9519852,-0.27934974
1356766165051,-0.12717625,-0.34158248,-0.93120766,-0.98206097,-0.088412136,0.16655236,-0.13922143,0.93568414,-0.32421088
1356766165090,-0.08026317,-0.35307205,-0.93214697,-0.9851663,-0.114200324,0.12808448,-0.15167457,0.92860025,-0.33866853
1356766165130,-0.07014614,-0.33579057,-0.93932116,-0.98383003,-0.13227421,0.12075564,-0.16479659,0.9326029,-0.32108235
1356766165169,-0.08951515,-0.29682574,-0.95072687,-0.97964644,-0.14595276,0.13780591,-0.1796656,0.9437119,-0.27771926
1356766165211,-0.12728173,-0.24494049,-0.961147,-0.9725064,-0.1597054,0.16948566,-0.1950143,0.95629406,-0.21787864
1356766165249,-0.17222357,-0.18847269,-0.96685934,-0.9625667,-0.17634475,0.20583439,-0.2092948,0.9661162,-0.15104675
1356766165291,-0.215213,-0.13437358,-0.96727824,-0.9509667,-0.19646919,0.23887715,-0.22213912,0.97125876,-0.08550209
1356766165329,-0.25096625,-0.08705422,-0.9640734,-0.93928576,-0.21886116,0.26427636,-0.23400462,0.9718648,-0.026841998
1356766165371,-0.27654088,-0.04899347,-0.95975244,-0.9293031,-0.24075627,0.2800574,-0.24478742,0.9693482,0.021049142
1356766165409,-0.29143125,-0.020787358,-0.9563659,-0.92228633,-0.25923342,0.2866809,-0.25388128,0.96559095,0.056376815
1356766165450,-0.29649878,-0.0016894042,-0.95503175,-0.9187281,-0.27259588,0.2857101,-0.26082036,0.9621272,0.07927215
1356766165490,-0.2927608,0.009370595,-0.95613986,-0.91859126,-0.28039104,0.27851576,-0.2654832,0.9598401,0.09069526
1356766165539,-0.2819155,0.014361799,-0.95933175,-0.921237,-0.28339332,0.2664782,-0.2680411,0.9588963,0.093123525
1356766165570,-0.2646898,0.013824075,-0.9642346,-0.92609906,-0.28240812,0.25017244,-0.26884922,0.95919484,0.087552905
1356766165610,-0.24219108,0.008883715,-0.9701879,-0.93243,-0.27852345,0.23021513,-0.2681749,0.96038836,0.075739354
1356766165650,-0.21779954,0.0019482374,-0.9759915,-0.93919915,-0.27240574,0.20904532,-0.26545843,0.9621805,0.06115964
1356766165690,-0.19476157,-0.0053750873,-0.98083586,-0.9459196,-0.2634617,0.18927217,-0.2594301,0.9646548,0.046227902
1356766165730,-0.17575681,-0.011436105,-0.98436713,-0.9520749,-0.25229198,0.17292222,-0.25032553,0.96758354,0.033454
1356766165771,-0.16265118,-0.01558432,-0.9865605,-0.9572196,-0.24002981,0.16160548,-0.23932248,0.9706404,0.02412355
1356766165809,-0.15618515,-0.018113106,-0.9875617,-0.9611448,-0.22761363,0.15618196,-0.2276114,0.9735831,0.018140495
1356766165850,-0.15595365,-0.019982487,-0.9875623,-0.96396935,-0.2150492,0.15657917,-0.21550333,0.9763988,0.014275163
1356766165890,-0.160743,-0.022237718,-0.9867458,-0.96603036,-0.20142305,0.16190776,-0.20235378,0.97925186,0.010895014
1356766165930,-0.1690275,-0.02572754,-0.9852755,-0.96753764,-0.18623173,0.17084733,-0.18788502,0.98216903,0.006585866
1356766165969,-0.1775198,-0.03161913,-0.9836091,-0.9690494,-0.16861409,0.18031234,-0.17155167,0.98517483,-7.081628E-4
1356766166010,-0.18184632,-0.04264763,-0.98240167,-0.9711926,-0.14867717,0.1862258,-0.15400285,0.9879657,-0.014382601
1356766166050,-0.17321885,-0.064522505,-0.9827676,-0.9752971,-0.12764704,0.1802826,-0.13707972,0.9897187,-0.040817738
1356766166090,-0.14329791,-0.10048598,-0.984565,-0.98182505,-0.1106537,0.1541926,-0.124439955,0.9887661,-0.08280319
1356766166131,-0.07817334,-0.1554068,-0.98475254,-0.9896134,-0.10743517,0.09551385,-0.120640606,0.98199105,-0.14539409
1356766166170,0.015632272,-0.2152045,-0.9764439,-0.99198604,-0.1257922,0.011842996,-0.12537763,0.9684335,-0.2154463
1356766166210,0.118607044,-0.26392025,-0.95722437,-0.9834376,-0.16428351,-0.07655972,-0.13705054,0.95045096,-0.27903426
1356766166249,0.20504361,-0.28758177,-0.93555003,-0.96700346,-0.20718676,-0.14824942,-0.15119976,0.9350778,-0.3205749
1356766166290,0.25865948,-0.28445753,-0.9231355,-0.9514699,-0.239981,-0.19265029,-0.1667341,0.9281665,-0.33272618
1356766166329,0.27402052,-0.25876173,-0.9262587,-0.94374,-0.25773385,-0.20719105,-0.18511507,0.930922,-0.31482816
1356766166370,0.25784105,-0.21798736,-0.9412755,-0.9441473,-0.26374358,-0.19754809,-0.20519233,0.9396387,-0.2738161
1356766166409,0.21781912,-0.16858909,-0.96131814,-0.94989944,-0.26283768,-0.1691373,-0.2241559,0.9499969,-0.21739379
1356766166449,0.16489306,-0.11652526,-0.979404,-0.9567758,-0.260084,-0.13013968,-0.23956275,0.9585291,-0.15437457
1356766166490,0.10654318,-0.06549841,-0.9921484,-0.96212214,-0.25861698,-0.086245745,-0.25093743,0.9637568,-0.090571344
1356766166543,0.054344296,-0.019805849,-0.9983258,-0.96446157,-0.25994706,-0.04734379,-0.25857413,0.9654197,-0.033228636
1356766166571,0.012764692,0.019008875,-0.99973786,-0.9648431,-0.26225632,-0.017305672,-0.2625165,0.964811,0.014992893
1356766166610,-0.011307359,0.049646646,-0.9987028,-0.9647076,-0.2633146,-0.0021672547,-0.26308066,0.9634317,0.05087188
1356766166667,-0.017031252,0.071463555,-0.9972978,-0.9652717,-0.2612384,-0.0022352934,-0.26069218,0.9626253,0.073430985
1356766166688,-0.004428804,0.08499226,-0.99637187,-0.9664656,-0.2561955,-0.017558098,-0.2567582,0.96288127,0.08327663
1356766166728,0.023470342,0.090741694,-0.99559784,-0.9672199,-0.24981791,-0.045570463,-0.25285327,0.9640316,0.081903905
1356766166766,0.061427474,0.08987254,-0.9940572,-0.9662116,-0.2444241,-0.08180511,-0.25032353,0.96549463,0.07182154
1356766166809,0.10187012,0.08465874,-0.9911889,-0.9631313,-0.24100006,-0.11957064,-0.24899924,0.9668257,0.05698675
1356766166848,0.1386832,0.07699236,-0.9873394,-0.95914257,-0.23781216,-0.15326715,-0.24660167,0.9682549,0.040866107
1356766166897,0.16799432,0.06812483,-0.9834312,-0.95622295,-0.23122752,-0.17936414,-0.23961556,0.9705116,0.026297629
1356766166940,0.18477273,0.059356183,-0.9809872,-0.95600367,-0.22056383,-0.19341254,-0.22785059,0.97356474,0.015990585
1356766166987,0.18656379,0.051107198,-0.98111266,-0.95901203,-0.20732749,-0.19316116,-0.2132836,0.97693574,0.010332644
1356766167020,0.17243874,0.043044865,-0.98407924,-0.96477586,-0.19412482,-0.17754754,-0.19867668,0.98003197,0.008054018
1356766167061,0.14428616,0.03539154,-0.9889028,-0.9723668,-0.18028331,-0.1483255,-0.18353224,0.9829777,0.008401275
1356766167100,0.09628332,0.02620396,-0.99500895,-0.98101544,-0.16656828,-0.09931588,-0.16833937,0.98568165,0.009668738
1356766167140,0.0320099,0.015189022,-0.9993721,-0.9878892,-0.15140277,-0.033943236,-0.15182328,0.98835546,0.010158688
1356766167180,-0.05030805,-6.404519E-5,-0.9987337,-0.9896221,-0.13476753,0.049857765,-0.1346001,0.9908773,0.0067165494
1356766167223,-0.13092941,-0.024472028,-0.99108964,-0.9843639,-0.11561364,0.13289562,-0.1178357,0.99299276,-0.008952141
1356766167270,-0.18311405,-0.068898916,-0.9806744,-0.97726214,-0.09571582,0.18920156,-0.106901765,0.99302137,-0.049805462
1356766167311,-0.19773448,-0.12953898,-0.97165877,-0.9746014,-0.08033121,0.20904288,-0.10513371,0.988315,-0.110364676
1356766167357,-0.13935083,-0.2033073,-0.9691478,-0.98341763,-0.08629948,0.15950647,-0.11606574,0.97530437,-0.18791008
1356766167390,-0.04594609,-0.2684663,-0.9621927,-0.9898892,-0.1171588,0.07995772,-0.13419527,0.9561379,-0.26036888
1356766167431,0.029607773,-0.30963895,-0.9503931,-0.9872576,-0.15778434,0.020650059,-0.15635118,0.93767154,-0.31036508
1356766167469,0.048867762,-0.3259892,-0.9441097,-0.9827743,-0.18436664,0.0127904415,-0.17823187,0.92722166,-0.32938337
1356766167499,0.024309427,-0.32777733,-0.9444422,-0.9798406,-0.19520244,0.042526245,-0.1982966,0.924369,-0.32591474
1356766167540,-0.0930675,-0.3120022,-0.9455121,-0.9713068,-0.18029657,0.15510115,-0.2188645,0.9328171,-0.28627008
1356766167579,-0.2388593,-0.2821724,-0.9291527,-0.94192016,-0.16529775,0.2923404,-0.23607728,0.945016,-0.22630095
1356766167619,-0.377509,-0.2443479,-0.893186,-0.8920833,-0.16271704,0.42155728,-0.24834326,0.95593786,-0.15655154
1356766167659,-0.4822064,-0.20604074,-0.8514836,-0.83771086,-0.17596817,0.5169872,-0.25635442,0.9625915,-0.08774966
1356766167699,-0.5490491,-0.17191845,-0.8179175,-0.79383516,-0.1988936,0.5746887,-0.26147813,0.96482396,-0.027272582
1356766167739,-0.58433694,-0.14295453,-0.7988206,-0.7672728,-0.22324425,0.60121083,-0.26427794,0.964223,0.020764709
1356766167779,-0.5953622,-0.118423045,-0.79468215,-0.7585379,-0.24323505,0.6045303,-0.26488492,0.96271104,0.05498463
1356766167819,-0.5870813,-0.097557425,-0.8036281,-0.7652901,-0.25678736,0.5902469,-0.26394448,0.9615315,0.07609528
1356766167859,-0.56188524,-0.079996884,-0.8233379,-0.78441125,-0.26449418,0.56101847,-0.26264784,0.9610636,0.0858649
1356766167899,-0.5210547,-0.06572318,-0.8509891,-0.8122788,-0.26800394,0.518051,-0.26211646,0.9611734,0.086259186
1356766167939,-0.46709728,-0.0546695,-0.88251436,-0.8443123,-0.2688405,0.4635317,-0.26259664,0.961632,0.079416454
1356766167979,-0.4062199,-0.046521902,-0.91259027,-0.8752474,-0.26713157,0.40321535,-0.26254007,0.9625364,0.06779605
1356766168017,-0.3480348,-0.040819257,-0.9365926,-0.90096307,-0.26156253,0.34619462,-0.25910893,0.96432304,0.0542562
1356766168059,-0.3020553,-0.037426054,-0.95255554,-0.91984266,-0.2509238,0.30154085,-0.2503043,0.9672831,0.041366696
1356766168097,-0.2759812,-0.03648466,-0.9604703,-0.93146724,-0.23632121,0.27662444,-0.23707208,0.9709898,0.031235933
1356766168139,-0.27456552,-0.03796473,-0.96081865,-0.93579173,-0.2192604,0.27607736,-0.22115073,0.9749274,0.024674296
1356766168178,-0.30021024,-0.04194033,-0.9529506,-0.93178964,-0.20083052,0.3023826,-0.20406353,0.9787278,0.021211803
1356766168219,-0.3514831,-0.04834965,-0.93494487,-0.9174136,-0.18124157,0.35426515,-0.1865795,0.9822493,0.019346774
1356766168259,-0.42263675,-0.05604598,-0.9045645,-0.8906301,-0.15910774,0.42598444,-0.16779792,0.9856691,0.01732856
1356766168297,-0.5083271,-0.06463957,-0.8587346,-0.84831214,-0.13404745,0.51224774,-0.14822268,0.9888645,0.013305485
1356766168339,-0.58984363,-0.07344228,-0.8041707,-0.79741555,-0.10405278,0.5943916,-0.12732968,0.99185646,0.0028108358
1356766168378,-0.6589378,-0.08552918,-0.74731904,-0.7444415,-0.06815153,0.66420037,-0.10773945,0.99400204,-0.01876384
1356766168418,-0.69709384,-0.10861176,-0.70870554,-0.71087515,-0.024014294,0.7029081,-0.093363136,0.99379414,-0.06046921
1356766168457,-0.7002778,-0.14991578,-0.6979515,-0.70836425,0.024727762,0.7054139,-0.08849388,0.98838955,-0.123511255
1356766168497,-0.6609625,-0.21428853,-0.7191724,-0.7442359,0.06441718,0.66480327,-0.096132636,0.97464395,-0.20205855
1356766168540,-0.591202,-0.28835303,-0.75321484,-0.79855186,0.078300536,0.5968114,-0.11311528,0.95431733,-0.2765563
1356766168577,-0.5273765,-0.34543338,-0.7762408,-0.83927524,0.069586396,0.5392354,-0.1322541,0.93585974,-0.32661194
1356766168617,-0.50320524,-0.3696139,-0.7811339,-0.85092306,0.054282546,0.5224781,-0.1507132,0.9275985,-0.3418283
1356766168657,-0.5240648,-0.3613836,-0.7712056,-0.83464336,0.037720144,0.5494977,-0.16948944,0.931654,-0.32139426
1356766168697,-0.57181114,-0.33034235,-0.75093675,-0.7985025,0.014104128,0.60182625,-0.18821737,0.9437558,-0.2718441
1356766168737,-0.6239905,-0.28865993,-0.7261621,-0.7541902,-0.020760894,0.65632784,-0.20453128,0.9572066,-0.20474988
1356766168777,-0.66721123,-0.24597679,-0.70308214,-0.7124666,-0.06461936,0.69872427,-0.21730267,0.96711934,-0.13213551
1356766168817,-0.6965438,-0.20798372,-0.68670917,-0.68049616,-0.11195248,0.72414887,-0.22748995,0.97170436,-0.06355232
1356766168857,-0.71164757,-0.17690484,-0.67989886,-0.6615613,-0.15693212,0.7332864,-0.23641989,0.9716363,-0.0053530335
1356766168897,-0.7141368,-0.15252316,-0.68318766,-0.65596896,-0.19488674,0.7291939,-0.2443632,0.9688941,0.039125323
1356766168937,-0.7057488,-0.13365364,-0.6957408,-0.66254187,-0.22329307,0.7149674,-0.25091213,0.9655449,0.069037676
1356766168977,-0.6873207,-0.11929092,-0.71649146,-0.67977715,-0.24190444,0.6923766,-0.25591666,0.96293926,0.08517462
1356766169018,-0.65880495,-0.10880771,-0.7444037,-0.7061418,-0.25187236,0.6617583,-0.25949916,0.96162426,0.089101076
1356766169057,-0.61989295,-0.10187447,-0.7780453,-0.7396988,-0.2550422,0.6227353,-0.26187512,0.9615484,0.08274233
1356766169097,-0.5713898,-0.098018646,-0.8148042,-0.77736,-0.253659,0.57564616,-0.26310644,0.9623146,0.068742394
1356766169137,-0.5174238,-0.09607464,-0.8503189,-0.8145347,-0.2492984,0.52381635,-0.2623086,0.9636493,0.050736785
1356766169177,-0.4657231,-0.094504535,-0.8798699,-0.84649414,-0.24227428,0.474079,-0.25797242,0.9655942,0.032835186
1356766169217,-0.42480838,-0.09244412,-0.90055084,-0.87018853,-0.2325961,0.43436253,-0.24961889,0.9681699,0.018364966
1356766169257,-0.40141833,-0.089897424,-0.91147226,-0.8843653,-0.220824,0.41125986,-0.23824614,0.9711617,0.009140611
1356766169308,-0.40295392,-0.08584005,-0.9111859,-0.887781,-0.20529771,0.411944,-0.22242564,0.9749279,0.0065183043
1356766169360,-0.43527687,-0.083533704,-0.89641297,-0.8767578,-0.18686205,0.44314587,-0.20452324,0.9788282,0.008097947
1356766169402,-0.4902503,-0.08348027,-0.86757463,-0.85151947,-0.16646665,0.49719566,-0.18592829,0.98250693,0.010525227
1356766169440,-0.5537401,-0.08368492,-0.8284738,-0.81586415,-0.14447123,0.5599052,-0.16654626,0.98596394,0.011723995
1356766169488,-0.6154057,-0.08338201,-0.7837877,-0.77544296,-0.11420637,0.6210033,-0.14129409,0.98995167,0.0056253076
1356766169538,-0.6760249,-0.086775064,-0.7317517,-0.7277912,-0.07685,0.68147933,-0.11537048,0.99325943,-0.01120168
1356766169565,-0.71335256,-0.09806985,-0.6939095,-0.6948008,-0.030368626,0.7185608,-0.091542244,0.99471605,-0.04647547
1356766169608,-0.71831983,-0.12840211,-0.68376124,-0.6916867,0.026223123,0.7217214,-0.0747402,0.99137545,-0.10765064
1356766169649,-0.689764,-0.18078667,-0.70110035,-0.7207541,0.07938087,0.6886307,-0.06884125,0.98031366,-0.1850568
1356766169689,-0.6257651,-0.25244427,-0.7380311,-0.77625597,0.10881162,0.6209563,-0.07645047,0.9614738,-0.2640518
1356766169729,-0.5528897,-0.31701574,-0.77059317,-0.82820034,0.107370675,0.5500506,-0.091635615,0.94232297,-0.32191664
1356766169768,-0.50443584,-0.35413522,-0.78748506,-0.8562029,0.08724433,0.50922,-0.11162913,0.93111587,-0.34722078
1356766169805,-0.49540108,-0.35985267,-0.7906224,-0.8582158,0.062014222,0.50952905,-0.13432556,0.93094593,-0.33955318
1356766169848,-0.5210894,-0.3405112,-0.7826352,-0.8388337,0.03504783,0.5432584,-0.15755591,0.939587,-0.30389535
1356766169887,-0.5641807,-0.30718684,-0.7663789,-0.8061756,0.0045368075,0.59165907,-0.1782729,0.95163846,-0.2502061
1356766169927,-0.6112114,-0.26875752,-0.74443936,-0.7669626,-0.031114995,0.640937,-0.19541988,0.96270514,-0.18710917
1356766169967,-0.65238273,-0.2322364,-0.7214313,-0.7283283,-0.07115233,0.6815243,-0.20960623,0.97005343,-0.122725844
1356766170007,-0.6832788,-0.20131373,-0.7018566,-0.6957512,-0.112083495,0.7094839,-0.22149543,0.973093,-0.06347996
1356766170047,-0.7031039,-0.17670217,-0.6887824,-0.6725364,-0.14935619,0.72483623,-0.23095404,0.9728664,-0.013825715
1356766170087,-0.71227115,-0.15768299,-0.6839634,-0.66041076,-0.1795181,0.72913027,-0.23775522,0.97103524,0.02372998
1356766170127,-0.71120715,-0.14329562,-0.6882229,-0.659906,-0.20134628,0.7238672,-0.24229811,0.968982,0.04863727
1356766170167,-0.69993466,-0.13261819,-0.7017862,-0.6707705,-0.21538264,0.70970213,-0.245272,0.9674827,0.06179738
1356766170207,-0.67863095,-0.12472516,-0.72381186,-0.69168556,-0.22294164,0.6869266,-0.24704483,0.9668199,0.065024495
1356766170247,-0.6483938,-0.11844379,-0.7520349,-0.72012365,-0.22506768,0.656328,-0.24699673,0.96711713,0.06063831
1356766170287,-0.61219925,-0.11237317,-0.78267777,-0.7523771,-0.2216512,0.6203221,-0.243189,0.9686295,0.05114764
1356766170327,-0.57468003,-0.10548985,-0.81155086,-0.78428626,-0.2122491,0.5829626,-0.2337476,0.9715051,0.039241076
