1356766101439,0.5120511,0.34820703,0.7852105,0.48374423,0.63848877,-0.5986013,-0.7097852,0.68635553,0.1584957
1356766101479,-0.41163647,-0.22165418,-0.88398236,-0.5716171,-0.6926589,0.43986076,-0.7097952,0.6863622,0.15842235
1356766101518,-0.4107797,-0.22117485,-0.88450074,-0.5721708,-0.6927733,0.43895972,-0.7098454,0.68640125,0.1580275
1356766101558,-0.40817392,-0.21969843,-0.8860737,-0.57385933,-0.69311583,0.4362062,-0.7099856,0.68652964,0.15683582
1356766101597,-0.402983,-0.21676308,-0.88916737,-0.5772093,-0.6937614,0.43072584,-0.7102354,0.68681085,0.15445626
1356766101637,-0.39565456,-0.21269923,-0.89342964,-0.58187896,-0.6945861,0.42304504,-0.7105452,0.68724763,0.1510509
1356766101679,-0.3869378,-0.20802598,-0.8983343,-0.58733165,-0.69543403,0.4140208,-0.71085924,0.68782043,0.14690936
1356766101717,-0.37807673,-0.20345266,-0.9031418,-0.5927569,-0.69616115,0.4049679,-0.711124,0.6884525,0.14260429
1356766101757,-0.36974657,-0.19926758,-0.907513,-0.59773725,-0.6967614,0.3965269,-0.71133506,0.6890688,0.13851553
1356766101797,-0.36195707,-0.19531207,-0.9115044,-0.6022757,-0.6973288,0.38858256,-0.71151316,0.6896272,0.13477138
1356766101839,-0.35491508,-0.1914886,-0.9150778,-0.6062809,-0.69793445,0.3811968,-0.7116592,0.69008666,0.13161159
1356766101878,-0.34930372,-0.18797001,-0.91796196,-0.6094196,-0.69858664,0.3749457,-0.71175456,0.690394,0.12946635
1356766101917,-0.34550518,-0.18484469,-0.9200318,-0.61152476,-0.6993053,0.3701479,-0.7118031,0.6905103,0.12857658
1356766101957,-0.34338522,-0.1821386,-0.92136425,-0.61269814,-0.70007294,0.36674076,-0.7118198,0.69045156,0.12879875
1356766102005,-0.34214258,-0.17963119,-0.92231834,-0.613425,-0.70083964,0.36405164,-0.71179223,0.6903307,0.12959683
1356766102037,-0.34062862,-0.1770378,-0.92337954,-0.61438155,-0.70150787,0.36114007,-0.7116934,0.690322,0.13018483
1356766102077,-0.33783203,-0.17414974,-0.9249549,-0.61613214,-0.7019864,0.35720652,-0.71151304,0.6905702,0.12985408
1356766102117,-0.33325982,-0.17084867,-0.92722636,-0.6189041,-0.70225793,0.3518404,-0.7112635,0.6911185,0.12829533
1356766102157,-0.32710105,-0.16719174,-0.9300817,-0.6225247,-0.7023572,0.34519202,-0.7109628,0.6919114,0.12566073
1356766102197,-0.31977785,-0.16325635,-0.93332183,-0.6266488,-0.70239574,0.33756733,-0.7106712,0.6928115,0.12230614
1356766102238,-0.31180036,-0.15914743,-0.9367244,-0.6308675,-0.7025208,0.32934886,-0.71048343,0.69364005,0.11864537
1356766102277,-0.30401957,-0.1551779,-0.93994254,-0.6346821,-0.7028063,0.321313,-0.7104581,0.6942501,0.11517815
1356766102336,-0.2975601,-0.15187582,-0.9425454,-0.63763034,-0.70317286,0.3146037,-0.71055305,0.69460905,0.11239548
1356766102359,-0.29360592,-0.1499297,-0.9440956,-0.6393714,-0.7033964,0.31054404,-0.7106333,0.6948054,0.11066063
1356766102399,-0.29309607,-0.15007646,-0.9442308,-0.63969135,-0.70319927,0.31033167,-0.7105559,0.69497323,0.110102326
1356766102439,-0.29646003,-0.15299067,-0.94271165,-0.6384678,-0.7023407,0.31476402,-0.7102608,0.6952059,0.11053637
1356766102479,-0.30359936,-0.15918666,-0.9394078,-0.6356069,-0.7006658,0.32414728,-0.70981085,0.69550496,0.111541465
1356766102509,-0.31378484,-0.16876899,-0.93437475,-0.63111925,-0.69815,0.33804607,-0.70938534,0.6957756,0.112555444
1356766102538,-0.32491386,-0.17967822,-0.92851853,-0.6258452,-0.69522107,0.3535329,-0.7090478,0.6959766,0.11343622
1356766102569,-0.33697212,-0.19209935,-0.92170906,-0.61966246,-0.69179475,0.37072688,-0.7088499,0.6960731,0.11407879
1356766102600,-0.34968436,-0.20585848,-0.9139711,-0.6126144,-0.6878506,0.3893138,-0.7088191,0.69604874,0.114418745
1356766102629,-0.3626355,-0.22052808,-0.90546274,-0.60489106,-0.6834219,0.40870672,-0.70894444,0.6959179,0.11443764
1356766102668,-0.37477207,-0.23522511,-0.8967804,-0.59708905,-0.67873216,0.42755973,-0.7092465,0.69569516,0.11391953
1356766102699,-0.38814223,-0.2516986,-0.8865627,-0.5881633,-0.67295074,0.4485546,-0.70951355,0.6955466,0.1131607
1356766102729,-0.39943588,-0.26611027,-0.87728924,-0.58035004,-0.66738737,0.46667767,-0.7096794,0.6955426,0.11214137
1356766102759,-0.4083286,-0.27805233,-0.86945647,-0.57405907,-0.6623405,0.4814158,-0.7097351,0.6956952,0.11083418
1356766102799,-0.41392303,-0.2870296,-0.863876,-0.5701519,-0.658051,0.49182883,-0.70964396,0.69611984,0.108731985
1356766102829,-0.41693866,-0.29330504,-0.86031055,-0.56810766,-0.65475255,0.49855053,-0.70951796,0.696614,0.10636291
1356766102869,-0.41698736,-0.29697627,-0.8590267,-0.5682056,-0.6524936,0.5013926,-0.709411,0.6971781,0.10333794
1356766102917,-0.41549015,-0.29855442,-0.8592049,-0.5692962,-0.6513593,0.5016302,-0.7094151,0.6975645,0.10066751
1356766102938,-0.41388047,-0.29921693,-0.8597512,-0.56994957,-0.6512536,0.50102526,-0.70983124,0.6973794,0.09900257
1356766102982,-0.413153,-0.29921958,-0.86010003,-0.568802,-0.6527923,0.50032616,-0.71117413,0.695938,0.0995065
1356766103014,-0.41258585,-0.29825038,-0.8607088,-0.5666875,-0.6557393,0.49886987,-0.7131887,0.69357955,0.10153404
1356766103055,-0.41267884,-0.29708555,-0.86106694,-0.56194866,-0.66094315,0.49736083,-0.7168751,0.6891258,0.10581043
1356766103098,-0.41111588,-0.2943926,-0.86273795,-0.5555302,-0.6694592,0.49316376,-0.7227517,0.6820244,0.11168137
1356766103137,-0.40626413,-0.2893855,-0.86672115,-0.54824454,-0.6816311,0.48456895,-0.7310113,0.6720381,0.11826819
1356766103177,-0.39742494,-0.2816118,-0.87335455,-0.5407531,-0.6970626,0.4708395,-0.74137676,0.6593926,0.124747604
1356766103217,-0.38503265,-0.27111858,-0.88218176,-0.5337447,-0.7143906,0.45250732,-0.75290537,0.6450899,0.1303555
1356766103257,-0.37002534,-0.25846344,-0.8923441,-0.52766347,-0.7320801,0.43084812,-0.7646258,0.63028204,0.1345064
1356766103297,-0.35341227,-0.2444601,-0.90296125,-0.5229068,-0.74874413,0.40737045,-0.7756728,0.6161343,0.13678552
1356766103338,-0.33588648,-0.22998078,-0.9133942,-0.5196484,-0.76355225,0.38334513,-0.78558624,0.6034043,0.1369578
1356766103376,-0.31956315,-0.21662028,-0.92247224,-0.51768905,-0.77547383,0.36143926,-0.7936481,0.59305644,0.13567093
1356766103418,-0.30534196,-0.20541938,-0.92982215,-0.51695395,-0.7842777,0.3430264,-0.79970306,0.58541554,0.13328055
1356766103457,-0.29348224,-0.19683583,-0.9354806,-0.51736283,-0.7901753,0.32857078,-0.8038682,0.58041257,0.13006683
1356766103497,-0.282654,-0.1902359,-0.9401686,-0.51859736,-0.7942348,0.31661934,-0.806947,0.57706267,0.12583782
1356766103537,-0.2703045,-0.18404995,-0.9450191,-0.5199364,-0.79821247,0.30417597,-0.81030965,0.57356995,0.120066166
1356766103577,-0.2546025,-0.1770301,-0.9507039,-0.52044564,-0.8035029,0.2889974,-0.8150546,0.56836915,0.11243923
1356766103617,-0.23519552,-0.1688134,-0.95717555,-0.52023834,-0.8099881,0.27068657,-0.82099634,0.5616237,0.10268244
1356766103657,-0.21343482,-0.1603535,-0.96370757,-0.5209383,-0.8158199,0.25111973,-0.8264798,0.55562985,0.090590164
1356766103697,-0.19221061,-0.15393712,-0.969205,-0.52451307,-0.8186039,0.23403771,-0.8294221,0.55334526,0.076602384
1356766103737,-0.17538154,-0.15277807,-0.97257394,-0.53181565,-0.81664747,0.22418499,-0.8285007,0.556548,0.06197518
1356766103778,-0.16706622,-0.16047002,-0.9727992,-0.5422323,-0.80909944,0.22658828,-0.8234519,0.5653384,0.048161164
1356766103817,-0.17055762,-0.18012562,-0.9687439,-0.5540161,-0.7954991,0.24545333,-0.81484735,0.5785637,0.035885945
1356766103857,-0.18764782,-0.21366248,-0.9587161,-0.5647824,-0.7750942,0.28328383,-0.8036224,0.59462357,0.024771988
1356766103897,-0.21908128,-0.26197293,-0.9398795,-0.57153547,-0.74626416,0.3412286,-0.7907911,0.61193126,0.013765737
1356766103937,-0.26417392,-0.32401454,-0.90841997,-0.5712724,-0.7063122,0.41805628,-0.77708435,0.62939477,0.0014886558
1356766103977,-0.32035476,-0.3965272,-0.86031336,-0.56124765,-0.65217006,0.50958353,-0.7631343,0.6460963,-0.013624221
1356766104017,-0.38108844,-0.4727061,-0.79455686,-0.5409952,-0.5829008,0.6062597,-0.74973047,0.66089,-0.033594966
1356766104057,-0.43589377,-0.54407626,-0.71692234,-0.5149451,-0.502538,0.694469,-0.7381248,0.6718904,-0.061116308
1356766104097,-0.47317332,-0.60451925,-0.64083034,-0.49306178,-0.42109168,0.76129615,-0.7300665,0.67619395,-0.09881598
1356766104137,-0.4820491,-0.6525057,-0.5846921,-0.48852673,-0.3538006,0.79760057,-0.7273034,0.6701204,-0.14821726
1356766104177,-0.45586568,-0.69021374,-0.5619533,-0.50876254,-0.31598437,0.8008212,-0.73030627,0.6509677,-0.20710844
1356766104217,-0.39941263,-0.71884173,-0.5689781,-0.5448238,-0.31302798,0.7779335,-0.7373171,0.6207093,-0.26661468
1356766104257,-0.33830333,-0.7392774,-0.582254,-0.574042,-0.32816023,0.7501911,-0.7456719,0.58803046,-0.3133586
1356766104297,-0.30798542,-0.7569007,-0.57640815,-0.5799106,-0.33094525,0.744432,-0.7542206,0.5635394,-0.33700848
1356766104341,-0.3270471,-0.7759873,-0.53933656,-0.5555511,-0.30380768,0.7739922,-0.7644627,0.55276096,-0.33174127
1356766104379,-0.37210488,-0.7906846,-0.4861644,-0.5087956,-0.26431817,0.8193064,-0.77631503,0.5522262,-0.30394274
1356766104419,-0.42907155,-0.7982892,-0.4226488,-0.4395461,-0.22424662,0.8697774,-0.7891114,0.5589704,-0.25466704
1356766104459,-0.48080128,-0.79807824,-0.36318195,-0.35987514,-0.19809443,0.91172826,-0.79957485,0.5690603,-0.1919645
1356766104489,-0.5165402,-0.7936342,-0.32145137,-0.29046345,-0.1907466,0.93768156,-0.80549186,0.57772017,-0.13199341
1356766104519,-0.54316854,-0.78803957,-0.2897612,-0.22917262,-0.19285667,0.95408916,-0.80774236,0.58463657,-0.07584345
1356766104559,-0.5644863,-0.78167236,-0.26522347,-0.17195621,-0.20290309,0.96398205,-0.80733275,0.58976156,-0.019877434
1356766104588,-0.5782939,-0.7746793,-0.2558284,-0.13001874,-0.22205901,0.9663255,-0.8054013,0.5920826,0.027692556
1356766104619,-0.5873692,-0.76816636,-0.2547898,-0.09984201,-0.24363863,0.96471334,-0.80313694,0.59208167,0.06641054
1356766104649,-0.59286314,-0.76177335,-0.26117966,-0.08084163,-0.26638782,0.9604698,-0.8012353,0.5905413,0.096348464
1356766104679,-0.59551823,-0.7551675,-0.27400765,-0.07212818,-0.2894448,0.9544733,-0.8000972,0.5881699,0.11790085
1356766104709,-0.5955339,-0.7480652,-0.2928105,-0.072889686,-0.31267428,0.94705963,-0.8000166,0.58534896,0.13168186
1356766104739,-0.5926276,-0.7401966,-0.31765032,-0.082487136,-0.33651876,0.93805707,-0.8012419,0.58212054,0.13837355
1356766104779,-0.58375615,-0.73101884,-0.35332727,-0.10496485,-0.36357164,0.9256338,-0.8051156,0.57743144,0.13550597
1356766104819,-0.5674569,-0.7179713,-0.40312493,-0.1401867,-0.3981955,0.9065252,-0.8113817,0.5709267,0.12530881
1356766104848,-0.5463516,-0.70048505,-0.45915198,-0.17976224,-0.4373579,0.8811376,-0.8180375,0.5639492,0.11303049
1356766104879,-0.52155817,-0.67985296,-0.5155357,-0.21969791,-0.4768417,0.85109043,-0.82444525,0.55715525,0.09933841
1356766104909,-0.49560893,-0.6571986,-0.56785727,-0.25764734,-0.51312995,0.81872797,-0.82945144,0.55207574,0.08498633
1356766104949,-0.47227407,-0.6351489,-0.6111818,-0.2934392,-0.5405411,0.78848517,-0.8311743,0.55172575,0.06890589
1356766104989,-0.4565184,-0.6179817,-0.64006996,-0.32330886,-0.5550053,0.7664467,-0.82889223,0.5568373,0.053571194
1356766105029,-0.45240718,-0.61113113,-0.64949703,-0.34333605,-0.5528003,0.75929713,-0.8230723,0.5665072,0.040267527
1356766105069,-0.46230674,-0.6180675,-0.63581854,-0.35030684,-0.531414,0.7712875,-0.8145905,0.57930297,0.029162943
1356766105109,-0.48614454,-0.6383599,-0.5967915,-0.34203655,-0.48944378,0.802157,-0.8041607,0.59408873,0.019597977
1356766105149,-0.5208658,-0.66711617,-0.53259254,-0.31802693,-0.4273435,0.8463075,-0.7921854,0.61019146,0.010427713
1356766105189,-0.56095207,-0.69634545,-0.44770074,-0.28073174,-0.34874874,0.8941835,-0.7787956,0.62727785,1.450181E-4
1356766105229,-0.59960014,-0.71846,-0.35255495,-0.23702615,-0.26133966,0.9356924,-0.76439416,0.644606,-0.013594568
1356766105269,-0.6305412,-0.73036516,-0.26264942,-0.19886419,-0.1750778,0.96426183,-0.75024724,0.6602383,-0.034849763
1356766105337,-0.64913166,-0.73567957,-0.19340008,-0.18019557,-0.09829205,0.97870743,-0.73902476,0.6701598,-0.068761766
1356766105349,-0.6506208,-0.74289227,-0.15749142,-0.19404444,-0.03787011,0.98026145,-0.73419285,0.6683389,-0.119515
1356766105389,-0.63104606,-0.75930727,-0.15885022,-0.24292275,-0.0010488629,0.9700451,-0.7367289,0.65073144,-0.1837911
1356766105429,-0.58574075,-0.7865089,-0.19573325,-0.31942317,0.0020602345,0.94760996,-0.7449004,0.61757547,-0.25243592
1356766105469,-0.5234127,-0.8147583,-0.24941537,-0.39621854,-0.026414812,0.91777617,-0.754354,0.57919866,-0.3089965
1356766105509,-0.4697941,-0.8326766,-0.29316086,-0.44443542,-0.06383735,0.89353347,-0.762739,0.5500678,-0.3400805
1356766105549,-0.4474249,-0.8381054,-0.31207418,-0.4534914,-0.088142395,0.8868915,-0.7708155,0.53834033,-0.3406365
1356766105589,-0.45800418,-0.83406097,-0.3075295,-0.4270931,-0.09694415,0.8989957,-0.7796305,0.54308754,-0.31182086
1356766105629,-0.48909634,-0.8233391,-0.28791913,-0.37445354,-0.09992617,0.92184556,-0.78776217,0.55868363,-0.25942874
1356766105669,-0.5263986,-0.80868745,-0.26254365,-0.30775312,-0.106625974,0.94547284,-0.79258597,0.5784942,-0.19274831
1356766105709,-0.5597439,-0.7932198,-0.2397691,-0.23934105,-0.122258306,0.96320754,-0.793349,0.5965361,-0.12141669
1356766105747,-0.58374006,-0.7796265,-0.2267817,-0.1798825,-0.14818889,0.97246194,-0.79176366,0.6084591,-0.053737402
1356766105787,-0.5974319,-0.7689038,-0.22773266,-0.13588643,-0.18280983,0.97371227,-0.7903228,0.6126725,0.004732847
1356766105827,-0.60239935,-0.76014894,-0.24349251,-0.10965657,-0.22334814,0.968551,-0.79062665,0.61015505,0.051189423
1356766105886,-0.6006386,-0.75145936,-0.27302387,-0.10084781,-0.2675495,0.958252,-0.7931349,0.603097,0.084917545
1356766105908,-0.59321535,-0.74079204,-0.31515503,-0.10815948,-0.31458747,0.9430463,-0.797745,0.5935165,0.10649443
1356766105948,-0.5797181,-0.72628665,-0.3693707,-0.1301367,-0.36496973,0.92187935,-0.80435777,0.58249885,0.117063046
1356766105985,-0.55868137,-0.7061163,-0.43505734,-0.16470191,-0.4196527,0.8926169,-0.81286436,0.5703432,0.11815345
1356766106028,-0.5288311,-0.6788974,-0.5093485,-0.20825624,-0.4779886,0.85332066,-0.82278,0.5573376,0.11139062
1356766106067,-0.49270397,-0.64505553,-0.58407706,-0.2546811,-0.5349194,0.8056046,-0.8320939,0.545678,0.0992735
1356766106107,-0.45647693,-0.6087833,-0.64885414,-0.29848135,-0.5822259,0.7562551,-0.8381752,0.53888386,0.08406225
1356766106147,-0.4268831,-0.5761093,-0.697043,-0.3365855,-0.6141999,0.7137708,-0.8393337,0.53931123,0.0682815
1356766106187,-0.40804064,-0.5522001,-0.7270337,-0.36740267,-0.6296951,0.6844702,-0.835774,0.5464058,0.054061323
1356766106227,-0.40153015,-0.5397567,-0.7398893,-0.3899845,-0.6302054,0.67138165,-0.82866496,0.5581253,0.0425497
1356766106267,-0.40700823,-0.5387651,-0.73761547,-0.4043737,-0.61780804,0.674385,-0.8190398,0.57275254,0.033590555
1356766106339,-0.42500222,-0.5474904,-0.7208519,-0.41300258,-0.5913475,0.6926305,-0.8054825,0.5920831,0.02520901
1356766106350,-0.4488349,-0.56269026,-0.6942096,-0.41446045,-0.55716586,0.7195754,-0.79168797,0.610693,0.016862601
1356766106389,-0.4728989,-0.5757191,-0.66701883,-0.41842717,-0.51947623,0.74502563,-0.775426,0.6314206,0.004763216
1356766106429,-0.4928916,-0.5860995,-0.643075,-0.4284928,-0.4797445,0.7656626,-0.75726604,0.65294164,-0.014677405
1356766106469,-0.4986713,-0.5923646,-0.6327963,-0.4523678,-0.44488335,0.77294385,-0.7393851,0.67170155,-0.046116233
1356766106509,-0.47487104,-0.5943599,-0.6490253,-0.4982536,-0.42632753,0.75497556,-0.7254245,0.68189526,-0.09369129
1356766106549,-0.40169835,-0.589437,-0.70085835,-0.5675669,-0.44036776,0.6956609,-0.7186837,0.6772298,-0.15764993
1356766106589,-0.26665837,-0.56681484,-0.7794961,-0.6413637,-0.49934167,0.5825037,-0.7194066,0.65527,-0.23038077
1356766106629,-0.093177974,-0.5147379,-0.8522692,-0.68260545,-0.5901282,0.4310435,-0.7248225,0.6219274,-0.29637593
1356766106669,0.060224712,-0.44136426,-0.8953048,-0.67821026,-0.6761977,0.28772825,-0.732396,0.58987653,-0.34006158
1356766106709,0.15514058,-0.36738598,-0.91703814,-0.65215516,-0.7353494,0.18426862,-0.7420412,0.5694636,-0.3536752
1356766106749,0.1899308,-0.30401117,-0.9335435,-0.6279846,-0.7685228,0.12250735,-0.7546931,0.56298304,-0.3368805
1356766106789,0.17795843,-0.2519775,-0.9512298,-0.6134945,-0.7842085,0.092960075,-0.7693863,0.56703126,-0.29414332
1356766106829,0.13574803,-0.20758604,-0.968752,-0.60716224,-0.79010135,0.08422479,-0.78289616,0.57675636,-0.23329312
1356766106869,0.07822168,-0.16718493,-0.98281765,-0.604823,-0.79164517,0.086527646,-0.79250896,0.5876624,-0.16304111
1356766106909,0.017398119,-0.12832297,-0.99157983,-0.60260135,-0.79271996,0.09201482,-0.7978527,0.5959264,-0.09111944
1356766106951,-0.03930545,-0.09019616,-0.9951481,-0.59820235,-0.79560566,0.095737696,-0.80038065,0.5990629,-0.022683963
1356766106989,-0.08118707,-0.04991561,-0.9954481,-0.59261113,-0.8006145,0.0884783,-0.8013867,0.5970969,0.035419047
1356766107029,-0.10944694,-0.011568278,-0.99392533,-0.5867661,-0.8063683,0.07399756,-0.80232584,0.59130055,0.08146668
1356766107069,-0.1226272,0.025569648,-0.9921234,-0.5818641,-0.8116855,0.050999522,-0.80398804,0.58353496,0.114412665
1356766107109,-0.122504115,0.060159385,-0.990643,-0.57758224,-0.8160396,0.021868348,-0.8070884,0.57485676,0.13471514
1356766107149,-0.11176896,0.09106769,-0.9895526,-0.57274115,-0.8196659,-0.010742635,-0.81208086,0.56555676,0.14377141
1356766107189,-0.093197405,0.11750759,-0.9886892,-0.5663174,-0.82298887,-0.044430673,-0.81890106,0.555771,0.14324695
1356766107229,-0.06919253,0.1390219,-0.987869,-0.5586033,-0.8258442,-0.077094495,-0.8265438,0.5464925,0.1348004
1356766107269,-0.041888475,0.15524393,-0.98698765,-0.55171764,-0.8271785,-0.106692135,-0.8329783,0.54006934,0.120300174
1356766107338,-0.013902366,0.16558982,-0.9860968,-0.5483828,-0.8259093,-0.13095915,-0.83611196,0.53893787,0.102288604
1356766107350,0.01164937,0.16917011,-0.98551804,-0.5503584,-0.82178396,-0.14756972,-0.8348473,0.5441072,0.08353087
1356766107389,0.029571831,0.16418661,-0.98598593,-0.5567712,-0.81651646,-0.15266527,-0.83013934,0.5534832,0.06726849
1356766107429,0.038740218,0.15090497,-0.98778886,-0.567593,-0.8102527,-0.14604314,-0.8223973,0.56631976,0.054263327
1356766107469,0.037301183,0.12702723,-0.9911976,-0.58195037,-0.80357826,-0.124883026,-0.8123684,0.5814861,0.043949123
1356766107509,0.025595129,0.09176648,-0.99545157,-0.598849,-0.7959268,-0.08877078,-0.8004528,0.59839725,0.03458246
1356766107549,0.0038781166,0.04402545,-0.9990229,-0.6171279,-0.785991,-0.03703308,-0.7868534,0.61666846,0.024121113
1356766107589,-0.026719153,-0.016376674,-0.9995088,-0.63538224,-0.77162915,0.029628128,-0.77173537,0.63586175,0.010211848
1356766107629,-0.062307596,-0.08810282,-0.9941608,-0.6515649,-0.7509537,0.107385635,-0.7560297,0.6544512,-0.010614514
1356766107669,-0.09220886,-0.16567752,-0.9818597,-0.66388595,-0.72468436,0.1846293,-0.7421273,0.66886735,-0.043168664
1356766107709,-0.09661281,-0.23720412,-0.9666437,-0.67287123,-0.70007366,0.2390419,-0.7334236,0.6735213,-0.091971695
1356766107749,-0.054529667,-0.28657132,-0.9565058,-0.6788753,-0.6918269,0.24597509,-0.7322259,0.66276115,-0.15682107
1356766107789,0.03258127,-0.30336565,-0.952317,-0.67447454,-0.7098289,0.20304424,-0.73757887,0.63569814,-0.22773954
1356766107829,0.12562001,-0.29699406,-0.9465803,-0.6536583,-0.7425288,0.1462254,-0.74629116,0.6003712,-0.2874091
1356766107857,0.1908781,-0.2860433,-0.93901265,-0.6284931,-0.77042973,0.10693221,-0.75403047,0.5697519,-0.32683438
1356766107897,0.18660265,-0.30738217,-0.9331107,-0.6168251,-0.775911,0.13224585,-0.76466084,0.5508887,-0.33438808
1356766107937,0.11729765,-0.3626934,-0.924497,-0.61719644,-0.7559321,0.21825477,-0.77801657,0.54499555,-0.31252217
1356766107978,-0.0026676059,-0.4412459,-0.89738226,-0.6110636,-0.70963293,0.35074538,-0.791577,0.5492933,-0.2677363
1356766108017,-0.14109331,-0.5181931,-0.8435453,-0.58051133,-0.64690316,0.49449265,-0.8019347,0.5594572,-0.20954329
1356766108057,-0.2700945,-0.5768511,-0.7709031,-0.52392864,-0.5836892,0.62032706,-0.8078042,0.57144517,-0.1445775
1356766108099,-0.37086016,-0.6112322,-0.69918376,-0.4545018,-0.5370915,0.71060604,-0.8098709,0.5813157,-0.078620404
1356766108137,-0.43945688,-0.6251656,-0.64501613,-0.38917923,-0.5146637,0.763977,-0.8095785,0.5867618,-0.017129004
1356766108177,-0.48192883,-0.62540555,-0.6136876,-0.33846128,-0.51315266,0.7887447,-0.8082008,0.5878283,0.035627574
1356766108217,-0.5050423,-0.61642677,-0.6041111,-0.30679864,-0.5260063,0.7932161,-0.806726,0.5859482,0.076536596
1356766108257,-0.51310515,-0.6003773,-0.61340857,-0.29463947,-0.5480297,0.782848,-0.80617034,0.5824177,0.10430208
1356766108297,-0.5077158,-0.5776644,-0.6391623,-0.30025092,-0.57673943,0.7597506,-0.807511,0.5776465,0.11937547
1356766108340,-0.4883905,-0.54754806,-0.67945987,-0.32068154,-0.61153734,0.7233155,-0.8115651,0.57115066,0.12308055
1356766108379,-0.45643222,-0.50988466,-0.72916895,-0.35016754,-0.6504412,0.67402446,-0.81795627,0.5629778,0.118337244
1356766108419,-0.41456532,-0.46684563,-0.781147,-0.38313752,-0.6890581,0.61514586,-0.82543397,0.5543049,0.10679361
1356766108459,-0.36949486,-0.42321923,-0.82725996,-0.4152209,-0.7212413,0.55443895,-0.8313033,0.54835796,0.090765476
1356766108499,-0.3291431,-0.38625136,-0.8616698,-0.44387677,-0.74212575,0.50221795,-0.8334496,0.54777676,0.072817504
1356766108539,-0.30014843,-0.36314166,-0.88206524,-0.46726245,-0.7501891,0.4678485,-0.831611,0.5525799,0.055485502
1356766108579,-0.2875831,-0.3597796,-0.8876117,-0.48346716,-0.74548644,0.45881307,-0.82677406,0.5610781,0.04044774
1356766108619,-0.29487622,-0.37975705,-0.87683105,-0.49088567,-0.72708106,0.47998375,-0.81980443,0.57195956,0.02798161
1356766108659,-0.32308888,-0.42306024,-0.8465421,-0.48794085,-0.6919836,0.53204554,-0.81088054,0.5849605,0.017143846
1356766108699,-0.37018317,-0.48486236,-0.7923844,-0.4724122,-0.6361929,0.60998803,-0.79986954,0.6001393,0.0064529777
1356766108739,-0.42985874,-0.554817,-0.71231973,-0.44281232,-0.5579879,0.70183086,-0.78685355,0.61711216,-0.005823761
1356766108779,-0.49142802,-0.61942106,-0.6122222,-0.40231735,-0.46200424,0.7903751,-0.7724242,0.6347201,-0.02216202
1356766108819,-0.54307055,-0.6685159,-0.50809526,-0.3617854,-0.35976738,0.8600458,-0.7577504,0.650887,-0.04648024
1356766108859,-0.57594645,-0.7014859,-0.41976565,-0.33637252,-0.26464266,0.9037797,-0.7450766,0.6617264,-0.0835405
1356766108888,-0.59307647,-0.72374123,-0.35278744,-0.32770437,-0.18324691,0.9268389,-0.73543876,0.6652963,-0.12849373
1356766108937,-0.5900734,-0.74238086,-0.31730735,-0.34393844,-0.124427676,0.93071157,-0.7304243,0.6583224,-0.18191189
1356766108957,-0.55350107,-0.767633,-0.32307303,-0.39424425,-0.1002056,0.91352636,-0.7336267,0.63300747,-0.24717093
1356766108995,-0.49947816,-0.7942659,-0.34592378,-0.44930977,-0.10389793,0.8873139,-0.74070394,0.59862083,-0.30497664
1356766109035,-0.45381218,-0.8139148,-0.36276335,-0.48165384,-0.11845696,0.8683188,-0.7497093,0.56878006,-0.33826798
1356766109078,-0.4348368,-0.8236079,-0.364125,-0.48162106,-0.12895876,0.8668396,-0.760893,0.5523041,-0.34059083
1356766109117,-0.441422,-0.82455903,-0.35390544,-0.45356458,-0.13527358,0.8808974,-0.77422595,0.5493665,-0.314278
1356766109157,-0.46402866,-0.81862164,-0.3384318,-0.4054396,-0.14341342,0.902802,-0.78758883,0.5561396,-0.26535362
1356766109197,-0.4926116,-0.80798936,-0.3232445,-0.34746292,-0.15793508,0.9242976,-0.7978743,0.5676352,-0.20294571
1356766109237,-0.5204854,-0.7949786,-0.311615,-0.2880944,-0.1800456,0.94052386,-0.8038013,0.5793035,-0.1353178
1356766109277,-0.54374844,-0.78166944,-0.30550045,-0.23336476,-0.20883727,0.9496988,-0.8061504,0.58769035,-0.06885916
1356766109340,-0.56066,-0.7695274,-0.30575815,-0.187217,-0.24188697,0.9520717,-0.80660415,0.5910316,-0.008452296
1356766109359,-0.5708779,-0.7592417,-0.31249064,-0.15230688,-0.2760688,0.94899344,-0.80678433,0.5893539,0.041963816
1356766109399,-0.5749375,-0.75082505,-0.32512861,-0.12953714,-0.30883116,0.9422545,-0.8078781,0.58385366,0.0802989
1356766109439,-0.57364035,-0.7438117,-0.34304643,-0.118474275,-0.33905792,0.9332757,-0.81049407,0.57600677,0.10637474
1356766109479,-0.56787926,-0.73748386,-0.36555544,-0.11776915,-0.36674607,0.9228368,-0.81464326,0.567111,0.12141472
1356766109519,-0.55851144,-0.7310652,-0.39192927,-0.12589186,-0.39231086,0.9111769,-0.8198879,0.5582435,0.12707502
1356766109559,-0.5461624,-0.7239398,-0.42144752,-0.1413624,-0.41624457,0.8981967,-0.8256655,0.550138,0.124999166
1356766109599,-0.5319209,-0.7156694,-0.45263392,-0.16254729,-0.43829167,0.8840129,-0.83104664,0.54379934,0.11680639
1356766109639,-0.5182694,-0.70607996,-0.4825431,-0.18771207,-0.4565574,0.86966634,-0.8343626,0.54130065,0.10407999
1356766109679,-0.5082331,-0.6954896,-0.5079305,-0.21484976,-0.46874213,0.8568083,-0.8339896,0.544587,0.08880451
1356766109719,-0.5034132,-0.68469167,-0.5270412,-0.24157599,-0.47411168,0.8466754,-0.82958794,0.5535481,0.07326898
1356766109759,-0.5035608,-0.67452514,-0.53985405,-0.2656402,-0.47371018,0.839663,-0.82210815,0.5662283,0.05936086
1356766109799,-0.50762093,-0.66553116,-0.5471648,-0.2857555,-0.46907425,0.8356514,-0.8128129,0.5805495,0.047932714
1356766109839,-0.5145417,-0.6578101,-0.55002975,-0.30214682,-0.46122348,0.83425426,-0.80246747,0.5954484,0.03856355
1356766109879,-0.5233565,-0.6510048,-0.5498097,-0.31633237,-0.45068926,0.8347533,-0.79122174,0.6107962,0.029937267
1356766109919,-0.5329557,-0.64446765,-0.548288,-0.33048934,-0.43796545,0.8360401,-0.778932,0.6267757,0.020426512
1356766109959,-0.5412555,-0.6378098,-0.54794264,-0.3473972,-0.42381293,0.83647937,-0.7657399,0.6431028,0.007817805
1356766109999,-0.54398775,-0.6318131,-0.552168,-0.37084717,-0.40926534,0.8336512,-0.75269496,0.65826595,-0.011670768
1356766110039,-0.5339068,-0.6291097,-0.5649466,-0.40515178,-0.39610648,0.8239853,-0.7421561,0.66882044,-0.043401003
1356766110079,-0.50150657,-0.63331765,-0.5894064,-0.4529552,-0.38823378,0.80256224,-0.7371043,0.66946495,-0.09216273
1356766110119,-0.43901926,-0.64546895,-0.62500554,-0.51113594,-0.39266872,0.76455957,-0.73891956,0.6551191,-0.15753323
1356766110159,-0.34901953,-0.6599043,-0.6653658,-0.56761223,-0.41608685,0.71041405,-0.7456552,0.6256181,-0.22934729
1356766110199,-0.25221705,-0.666151,-0.7018757,-0.60738057,-0.45566744,0.65073496,-0.7533096,0.5904321,-0.28968006
1356766110228,-0.17053974,-0.65925896,-0.73232085,-0.62885725,-0.49935,0.5959766,-0.7585873,0.562163,-0.32942075
1356766110269,-0.12841201,-0.6424444,-0.7554969,-0.6314993,-0.5344205,0.56178594,-0.76466924,0.5492358,-0.3370771
1356766110342,-0.11948025,-0.61512136,-0.7793268,-0.6225487,-0.56504864,0.54143625,-0.7734065,0.5498598,-0.31543094
1356766110343,-0.1522423,-0.6101642,-0.7775101,-0.60394627,-0.5652846,0.56187385,-0.78234977,0.5551153,-0.28244615
1356766110364,-0.15173227,-0.56116027,-0.8136807,-0.5928673,-0.6070157,0.52918816,-0.79087645,0.5626997,-0.24058968
1356766110408,-0.17942798,-0.51580566,-0.8377052,-0.57302827,-0.6373587,0.5151819,-0.7996525,0.57246685,-0.1812112
1356766110447,-0.2209236,-0.47648376,-0.8509736,-0.54817206,-0.66100395,0.5124269,-0.80665994,0.57968706,-0.11516374
1356766110487,-0.26623046,-0.44425693,-0.85542804,-0.5200879,-0.6809855,0.51552635,-0.8115602,0.5821466,-0.049753606
1356766110527,-0.3076917,-0.41977033,-0.8538845,-0.4916655,-0.6981798,0.52039415,-0.8146109,0.57994646,0.0084374845
1356766110567,-0.3407675,-0.40284762,-0.84946537,-0.4660085,-0.7123584,0.52476823,-0.81652534,0.574682,0.055018097
1356766110607,-0.3634526,-0.39255607,-0.8448679,-0.44539732,-0.7233083,0.52768,-0.81824404,0.5680886,0.08804494
1356766110647,-0.37543875,-0.38732648,-0.8420356,-0.43104315,-0.7313034,0.52858037,-0.82051665,0.5614032,0.10760522
1356766110687,-0.37747377,-0.3853612,-0.84202754,-0.42316896,-0.7370168,0.52700514,-0.82367575,0.55525047,0.11513156
1356766110727,-0.37097085,-0.38492894,-0.84510964,-0.42102718,-0.74142516,0.52251774,-0.8277177,0.549653,0.11298156
1356766110767,-0.35788608,-0.38459933,-0.8508824,-0.4235676,-0.74522907,0.514999,-0.8321706,0.54471725,0.10380337
1356766110807,-0.3411324,-0.38321128,-0.8583576,-0.43045303,-0.74808526,0.5050531,-0.8356667,0.54177266,0.09024167
1356766110847,-0.3242154,-0.37997368,-0.8663165,-0.4418911,-0.74889654,0.49384823,-0.83643085,0.5429308,0.0748969
1356766110887,-0.31004453,-0.37461117,-0.8738071,-0.4574451,-0.7469331,0.48252967,-0.8334365,0.54932445,0.060218483
1356766110927,-0.29996687,-0.3674641,-0.88033515,-0.47580042,-0.74221885,0.4719375,-0.8268215,0.5604295,0.047801554
1356766110967,-0.29388958,-0.35931587,-0.88573194,-0.49545944,-0.7351787,0.4626363,-0.8174038,0.5748082,0.038034856
1356766111007,-0.29082614,-0.3511029,-0.89002633,-0.5154138,-0.72623,0.45490488,-0.80608237,0.5910301,0.030243456
1356766111047,-0.28942484,-0.34368044,-0.8933738,-0.53552634,-0.7154426,0.448724,-0.79337543,0.6082971,0.023017049
1356766111088,-0.28819406,-0.337684,-0.8960545,-0.55634433,-0.7025725,0.44370356,-0.77937484,0.6263876,0.014608592
1356766111127,-0.28508282,-0.3336938,-0.8985411,-0.5786809,-0.68739563,0.43887994,-0.76410484,0.6450857,0.002862513
1356766111167,-0.27609086,-0.3327267,-0.90170217,-0.60319006,-0.6704266,0.43207625,-0.7482884,0.6631901,-0.015598774
1356766111207,-0.2537874,-0.33639765,-0.9068785,-0.62953323,-0.6543739,0.41890663,-0.73435676,0.6772234,-0.045701653
1356766111247,-0.20789701,-0.34562388,-0.9150535,-0.6553292,-0.645286,0.39261883,-0.7261697,0.68128556,-0.0923444
1356766111287,-0.13063192,-0.35770378,-0.92465305,-0.6749792,-0.6510347,0.34721285,-0.72618055,0.6694787,-0.15639672
1356766111340,-0.01203531,-0.36764348,-0.9298889,-0.67586803,-0.68236613,0.27852982,-0.73692435,0.6318344,-0.24026603
1356766111379,0.10080862,-0.3552122,-0.92933404,-0.65855396,-0.7239909,0.20528948,-0.7457508,0.5913217,-0.306911
1356766111419,0.174811,-0.32967913,-0.9277677,-0.6332636,-0.75917214,0.1504491,-0.7539353,0.5612213,-0.34148544
1356766111459,0.20264894,-0.29710877,-0.9330915,-0.61284107,-0.7816754,0.115798995,-0.76377964,0.54837024,-0.34048617
1356766111499,0.18989289,-0.26346698,-0.94579375,-0.601967,-0.7922554,0.099835634,-0.77561355,0.5503785,-0.3090421
1356766111539,0.14605737,-0.23252419,-0.9615611,-0.5992992,-0.7941276,0.10100429,-0.78708816,0.5615103,-0.25533974
1356766111579,0.08340615,-0.20614555,-0.9749602,-0.600615,-0.7910952,0.11588757,-0.795176,0.57591003,-0.18979633
1356766111619,0.01241678,-0.18516245,-0.98262954,-0.6011704,-0.78664833,0.14063607,-0.79902434,0.58898157,-0.121081844
1356766111659,-0.058734715,-0.16944812,-0.9837874,-0.59730434,-0.78365195,0.17063732,-0.7998611,0.59764284,-0.05518453
1356766111699,-0.123419166,-0.15816341,-0.97966945,-0.5878707,-0.78369266,0.20058401,-0.7994847,0.60067487,0.003742978
1356766111739,-0.17654926,-0.15019318,-0.97276527,-0.5744183,-0.7868206,0.22573614,-0.79929584,0.59862775,0.052638993
1356766111779,-0.21553612,-0.1445486,-0.965738,-0.5596842,-0.792132,0.24347572,-0.8001861,0.5929861,0.08983149
1356766111819,-0.24010777,-0.1405607,-0.9605159,-0.5459795,-0.7985753,0.2533453,-0.8026547,0.5852522,0.115000874
1356766111859,-0.25150204,-0.13782531,-0.95799315,-0.53458184,-0.8053446,0.25620773,-0.8068265,0.5765625,0.1288669
1356766111899,-0.25169253,-0.13611715,-0.95818734,-0.5256769,-0.81205404,0.25344044,-0.8125975,0.56748605,0.1328343
1356766111939,-0.24295855,-0.1353406,-0.9605488,-0.51879895,-0.8185695,0.2465594,-0.81964546,0.55823547,0.12866396
1356766111979,-0.22797072,-0.13552229,-0.96419036,-0.5141966,-0.8241577,0.23741524,-0.82682,0.5499071,0.11819872
1356766112017,-0.21013558,-0.13684256,-0.9680481,-0.51324713,-0.8273028,0.22835816,-0.83211803,0.5448341,0.10361171
1356766112058,-0.19311684,-0.13971902,-0.97117674,-0.5168672,-0.82685083,0.22173364,-0.8339988,0.54478997,0.08746277
1356766112095,-0.18018317,-0.14490698,-0.9729008,-0.5242676,-0.82274115,0.2196371,-0.83227247,0.5496353,0.07227409
1356766112138,-0.17331767,-0.15340483,-0.97284526,-0.53419185,-0.81522316,0.2237191,-0.82740563,0.5584605,0.059345037
1356766112177,-0.17317528,-0.16654138,-0.9707081,-0.54537517,-0.804482,0.23531796,-0.8201074,0.5701514,0.048488915
1356766112217,-0.1789369,-0.18502463,-0.9663061,-0.5575487,-0.79015714,0.25454104,-0.81062996,0.58430946,0.038228035
1356766112257,-0.18967444,-0.20944197,-0.9592485,-0.57046837,-0.77165157,0.2812822,-0.79911786,0.60057294,0.026882544
1356766112297,-0.20395505,-0.23942189,-0.9492521,-0.58387375,-0.74855655,0.31425244,-0.7858077,0.61833674,0.012879685
1356766112343,-0.21840948,-0.27374485,-0.93667555,-0.59786093,-0.7210834,0.3501441,-0.77127135,0.6364765,-0.0061698556
1356766112379,-0.22607142,-0.31058848,-0.9232695,-0.61309814,-0.6911619,0.3826303,-0.7569692,0.6525566,-0.034169257
1356766112419,-0.21462327,-0.3469742,-0.9129873,-0.631046,-0.6642019,0.4007702,-0.74546486,0.6621516,-0.0764035
1356766112459,-0.17005044,-0.3783062,-0.9099271,-0.651375,-0.64973485,0.3918614,-0.73945487,0.6593399,-0.13593158
1356766112499,-0.08731431,-0.3976565,-0.9133704,-0.66753393,-0.6572175,0.34994793,-0.7394421,0.64026123,-0.20806473
1356766112539,0.016211748,-0.39965457,-0.91652244,-0.66870993,-0.68580675,0.28722137,-0.74334663,0.6082313,-0.2783711
1356766112579,0.10659164,-0.38750267,-0.91568553,-0.65379655,-0.72116137,0.2290772,-0.749125,0.5742543,-0.33021766
1356766112619,0.15891457,-0.37127906,-0.9148214,-0.6339111,-0.74874187,0.19375859,-0.7569035,0.5491243,-0.3543439
1356766112667,0.14757776,-0.36468476,-0.91936165,-0.6190739,-0.75899047,0.20169505,-0.77134186,0.5393871,-0.33777696
1356766112707,0.1062969,-0.35919395,-0.9271897,-0.60701954,-0.7619908,0.2256045,-0.7875458,0.5388411,-0.29903495
1356766112747,0.0365988,-0.35992962,-0.93226135,-0.5944508,-0.75773,0.26920918,-0.8032987,0.5443307,-0.24169245
1356766112787,-0.049138308,-0.36277467,-0.93058044,-0.5770118,-0.75018704,0.32291913,-0.8152563,0.5528236,-0.17246234
1356766112827,-0.13761103,-0.36373076,-0.9212835,-0.55325633,-0.7432781,0.37609196,-0.821566,0.56146026,-0.09895307
1356766112867,-0.21726835,-0.36019644,-0.9072227,-0.5256562,-0.73996943,0.4196795,-0.8224841,0.5680703,-0.028567642
1356766112907,-0.28050113,-0.35124564,-0.893278,-0.4994899,-0.74129003,0.4483289,-0.8196517,0.5719401,0.03248909
1356766112947,-0.3239798,-0.33707142,-0.8839796,-0.47998607,-0.7466255,0.46061236,-0.81526095,0.57352704,0.08010197
1356766112987,-0.34761614,-0.3184631,-0.8818981,-0.46954286,-0.75499946,0.45771748,-0.8115987,0.573199,0.112917915
1356766113027,-0.35286164,-0.2962304,-0.887545,-0.467297,-0.7660013,0.441447,-0.8106307,0.5705168,0.13186495
1356766113067,-0.3422885,-0.2713163,-0.8995699,-0.4704309,-0.77927536,0.41403472,-0.81334704,0.5649048,0.13910134
1356766113107,-0.3193457,-0.2448107,-0.9154704,-0.47622532,-0.79374796,0.37838307,-0.819285,0.5568052,0.13689487
1356766113147,-0.28801644,-0.2178786,-0.93251026,-0.48381615,-0.80724746,0.33804345,-0.826419,0.5485256,0.12708743
1356766113187,-0.25249684,-0.19179322,-0.94839907,-0.49433738,-0.817019,0.29683426,-0.8317908,0.5437788,0.111484155
1356766113227,-0.21698415,-0.16802132,-0.96160626,-0.5090932,-0.8210285,0.2583338,-0.83291173,0.5456016,0.092611656
1356766113267,-0.18518746,-0.14829871,-0.971449,-0.527712,-0.8189139,0.22561091,-0.8289908,0.55442554,0.07339352
1356766113340,-0.1593095,-0.13454989,-0.9780167,-0.5510334,-0.80987066,0.2011754,-0.81913525,0.5709691,0.054878667
1356766113348,-0.143776,-0.130732,-0.98093706,-0.5700756,-0.79930156,0.19008099,-0.80891424,0.58653736,0.040393263
1356766113388,-0.1363818,-0.13356005,-0.9816118,-0.5877408,-0.7867348,0.18870345,-0.79747146,0.602669,0.028797671
1356766113427,-0.13938695,-0.14776173,-0.97915155,-0.6032288,-0.77148646,0.20229597,-0.78529376,0.6188499,0.018400997
1356766113467,-0.15047699,-0.1720631,-0.973525,-0.6171452,-0.7529498,0.22846976,-0.77232665,0.6351857,0.00711371
1356766113507,-0.16612941,-0.20464776,-0.96463484,-0.6299572,-0.73056906,0.26348186,-0.75865334,0.65145075,-0.007550329
1356766113547,-0.17894906,-0.24240439,-0.9535289,-0.64216125,-0.7054868,0.29986215,-0.74538994,0.6659794,-0.029416502
1356766113588,-0.17586571,-0.28068402,-0.94355065,-0.6546078,-0.682521,0.32504433,-0.7352279,0.6748197,-0.06370598
1356766113627,-0.14123458,-0.31326658,-0.93910426,-0.66721,-0.670679,0.32406878,-0.7313574,0.67234945,-0.11429158
1356766113667,-0.066438615,-0.33231294,-0.94082624,-0.6749697,-0.67946136,0.28765982,-0.7348482,0.6541409,-0.17915866
1356766113707,0.03487134,-0.33197677,-0.9426428,-0.66813254,-0.70919245,0.22504464,-0.74322474,0.62196267,-0.246535
1356766113747,0.12754768,-0.31547475,-0.940323,-0.64608264,-0.74575526,0.16256179,-0.752535,0.586792,-0.2989421
1356766113787,0.18253624,-0.29390424,-0.9382435,-0.62237835,-0.7732844,0.121146575,-0.7611345,0.5618288,-0.32407206
1356766113827,0.19072652,-0.27702224,-0.94174415,-0.60879767,-0.78595376,0.10789856,-0.7700576,0.5527525,-0.31855273
1356766113867,0.15595603,-0.26883256,-0.9504771,-0.606198,-0.78577876,0.12278324,-0.7798729,0.55702853,-0.2855127
1356766113907,0.08904046,-0.26787502,-0.95933044,-0.60827076,-0.7773136,0.16059342,-0.78871953,0.5692333,-0.23215286
1356766113947,0.004525304,-0.26942137,-0.9630117,-0.60767055,-0.76555765,0.21132427,-0.7941763,0.5842376,-0.16718377
1356766113987,-0.08212006,-0.26798418,-0.95991707,-0.60016453,-0.75564617,0.2623005,-0.79565,0.59764826,-0.09878093
1356766114027,-0.15809971,-0.25952107,-0.9527084,-0.58635986,-0.7516296,0.30205148,-0.7944725,0.6063842,-0.03334038
1356766114067,-0.21428591,-0.24158095,-0.9464249,-0.5708863,-0.7552358,0.32203662,-0.79257196,0.609309,0.023921177
1356766114107,-0.24750382,-0.21424352,-0.9449029,-0.55884975,-0.7650997,0.3198583,-0.79147255,0.60722494,0.06963517
1356766114147,-0.25911248,-0.17933849,-0.9490513,-0.552611,-0.77835834,0.29795858,-0.79213744,0.60166097,0.10257794
1356766114187,-0.25270545,-0.13965654,-0.9574111,-0.5513512,-0.79236007,0.261108,-0.79507977,0.5938531,0.123233914
1356766114227,-0.23227042,-0.09814669,-0.9676868,-0.5528302,-0.8052491,0.21436551,-0.8002682,0.5847572,0.13277714
1356766114267,-0.201451,-0.057506338,-0.9778091,-0.5546715,-0.816093,0.16227059,-0.80731475,0.5750524,0.13250564
1356766114340,-0.15952623,-0.018942237,-0.98701197,-0.55471647,-0.8253244,0.10549548,-0.81660336,0.56434107,0.121153325
1356766114348,-0.12052286,0.014008164,-0.99261177,-0.55282307,-0.8314557,0.05538988,-0.8245368,0.5554144,0.10795346
1356766114388,-0.08447409,0.039075494,-0.9956592,-0.5508208,-0.8345064,0.013981998,-0.8303376,0.5496109,0.09201777
1356766114427,-0.054347575,0.055940732,-0.9969539,-0.55090487,-0.8343992,-0.016787708,-0.83279663,0.5483144,0.07616553
1356766114467,-0.031986356,0.06437889,-0.9974128,-0.554484,-0.8314205,-0.03588286,-0.83157945,0.5519016,0.062291108
1356766114507,-0.01856333,0.064072356,-0.99777263,-0.5618076,-0.82617044,-0.042600572,-0.8270597,0.5597654,0.051332742
1356766114547,-0.01413089,0.054938644,-0.9983897,-0.57248664,-0.8190802,-0.036968946,-0.8197923,0.5710424,0.04302597
1356766114587,-0.017794669,0.037058413,-0.9991546,-0.5857896,-0.8102256,-0.019618332,-0.81026775,0.5849453,0.036126196
1356766114627,-0.028063476,0.010752022,-0.9995483,-0.6009079,-0.79927546,0.008273482,-0.7988255,0.6008687,0.028891414
1356766114667,-0.042310476,-0.023054808,-0.9988385,-0.61706316,-0.78566724,0.04427308,-0.78577536,0.6182197,0.019015618
1356766114707,-0.055102825,-0.06232798,-0.9965334,-0.63327914,-0.7694445,0.083141655,-0.7719593,0.6356652,0.0029276013
1356766114747,-0.05578977,-0.10251063,-0.9931662,-0.6483818,-0.7527144,0.114114136,-0.7592684,0.6503173,-0.024472281
1356766114787,-0.028172433,-0.13517585,-0.990421,-0.6602036,-0.7414429,0.11997393,-0.7505582,0.65725946,-0.06835537
1356766114828,0.043172956,-0.14790663,-0.9880585,-0.6622375,-0.74473315,0.082545936,-0.7480491,0.6507657,-0.1301016
1356766114867,0.15561903,-0.12985691,-0.9792446,-0.64152086,-0.7671056,-2.2351742E-4,-0.7511549,0.6282406,-0.20268214
1356766114907,0.27392727,-0.08526686,-0.9579631,-0.5935339,-0.7987432,-0.09862469,-0.75675714,0.5955996,-0.26940632
1356766114947,0.35713398,-0.034407377,-0.9334192,-0.53918785,-0.82360315,-0.17593841,-0.76271343,0.5661219,-0.3126887
