1356765531048,-0.4313833,-0.04445663,-0.90107274,-0.9014244,0.061802566,0.42850256,0.036638826,0.99709785,-0.06673491
1356765531089,-0.64678574,-0.027273208,-0.76218396,-0.7617909,0.071121514,0.6439072,0.036646247,0.99709475,-0.06677681
1356765531127,-0.6466352,-0.027475566,-0.76230437,-0.7619163,0.071336746,0.6437349,0.036693275,0.9970738,-0.067062855
1356765531167,-0.64617,-0.0281519,-0.7626741,-0.76230407,0.072037995,0.6431974,0.0368343,0.9970045,-0.06800908
1356765531208,-0.6452892,-0.029628485,-0.76336366,-0.76303685,0.073529005,0.642159,0.037103236,0.9968529,-0.07005513
1356765531247,-0.64408886,-0.032031775,-0.7642797,-0.7640313,0.07590908,0.640698,0.03749305,0.9966001,-0.07336551
1356765531287,-0.642929,-0.034988046,-0.7651263,-0.764985,0.07883066,0.63920546,0.037950873,0.9962739,-0.07744789
1356765531327,-0.64209056,-0.0379425,-0.7656894,-0.76566553,0.08179194,0.63801754,0.038419276,0.995927,-0.081569135
1356765531369,-0.64203596,-0.04015842,-0.7656221,-0.76569176,0.08413392,0.6376815,0.038806498,0.9956449,-0.08476597
1356765531406,-0.6431643,-0.0410375,-0.7646278,-0.7647317,0.08535302,0.63867074,0.039053857,0.9955053,-0.08627868
1356765531447,-0.64571667,-0.04028958,-0.7625134,-0.7625692,0.08531666,0.641256,0.03921917,0.99553895,-0.085814
1356765531487,-0.64959234,-0.038060367,-0.7593295,-0.75925714,0.08433485,0.6453032,0.039477527,0.9957103,-0.08368093
1356765531527,-0.65422493,-0.034938246,-0.7554926,-0.75524044,0.08304125,0.6501662,0.04002142,0.9959335,-0.080714464
1356765531567,-0.6588365,-0.031583846,-0.7516229,-0.7511693,0.08204275,0.6549913,0.040978014,0.99612826,-0.077777565
1356765531607,-0.662752,-0.0284504,-0.7482983,-0.7476387,0.081692874,0.65906185,0.042380065,0.9962514,-0.07541275
1356765531647,-0.6654845,-0.025847584,-0.74596405,-0.74510276,0.082166314,0.66186905,0.0441854,0.9962834,-0.0739395
1356765531687,-0.6666899,-0.024171472,-0.74494314,-0.7438953,0.08367586,0.663037,0.046307147,0.9961998,-0.07376683
1356765531727,-0.66628397,-0.023775578,-0.745319,-0.74409723,0.08665562,0.6624274,0.0488365,0.99595463,-0.075428605
1356765531767,-0.66463494,-0.024591267,-0.7467634,-0.74533105,0.091866076,0.66033494,0.052363753,0.99546766,-0.079386055
1356765531807,-0.66363937,-0.02593264,-0.747603,-0.7458099,0.100268066,0.6585696,0.05788225,0.99462247,-0.085882664
1356765531847,-0.66030073,-0.027707607,-0.75048995,-0.7480972,0.11206502,0.6540581,0.0659813,0.9933145,-0.094724596
1356765531887,-0.657554,-0.029309362,-0.7528371,-0.74954665,0.12648016,0.64975584,0.076175034,0.991536,-0.105136275
1356765531936,-0.65519935,-0.030703872,-0.7548318,-0.7503909,0.14195919,0.6455703,0.0873338,0.9893962,-0.116051495
1356765531959,-0.65321404,-0.03182721,-0.75650406,-0.75088054,0.15577185,0.6418048,0.09741518,0.98728013,-0.12565082
1356765531999,-0.65204656,-0.032276005,-0.75749165,-0.75058734,0.16851002,0.6389233,0.10702306,0.98517144,-0.1341024
1356765532029,-0.65233964,-0.031972647,-0.7572521,-0.74912643,0.17900938,0.6377815,0.115163654,0.98332775,-0.14072645
1356765532069,-0.6544885,-0.030386299,-0.7554611,-0.74616075,0.18721503,0.6389011,0.1220198,0.98184884,-0.14520311
1356765532109,-0.6602309,-0.027265638,-0.7505676,-0.7401928,0.19302619,0.6440927,0.1273176,0.9808147,-0.14762366
1356765532139,-0.66931605,-0.023201168,-0.74261546,-0.7313074,0.19703293,0.6529683,0.13117006,0.9801223,-0.14884448
1356765532169,-0.67932236,-0.018937051,-0.7335956,-0.7215693,0.1992833,0.6630414,0.13363734,0.9797589,-0.14904207
1356765532209,-0.69058704,-0.014157563,-0.72311074,-0.7106422,0.19914639,0.6747803,0.13445169,0.9798675,-0.14758885
1356765532239,-0.7054716,-0.008080453,-0.7086922,-0.6958269,0.19789207,0.69040835,0.13466576,0.9801905,-0.14522988
1356765532279,-0.7212704,1.6704202E-4,-0.69265366,-0.67933345,0.19499975,0.70744693,0.13518548,0.9808034,-0.14053404
1356765532309,-0.7402279,0.010886371,-0.672268,-0.6582594,0.19193703,0.72791123,0.1369574,0.98134685,-0.13491106
1356765532349,-0.7605795,0.027069926,-0.6486802,-0.63341755,0.18832773,0.750543,0.14248163,0.9817331,-0.1260916
1356765532379,-0.7828232,0.045496047,-0.6205787,-0.604147,0.18320632,0.7755268,0.14897732,0.98202115,-0.11593187
1356765532409,-0.80319965,0.064392895,-0.5922194,-0.57512665,0.17524886,0.7990726,0.1552404,0.98241603,-0.10372579
1356765532438,-0.82142586,0.08210735,-0.56437385,-0.5474541,0.16385245,0.8206377,0.15985441,0.9830619,-0.089642584
1356765532469,-0.8371469,0.096992254,-0.5383099,-0.5224852,0.14940363,0.8394568,0.16184624,0.9840076,-0.074395716
1356765532499,-0.8502362,0.107953876,-0.51521295,-0.501263,0.13280714,0.8550425,0.1607291,0.9852453,-0.058804154
1356765532529,-0.86069125,0.11448257,-0.49608904,-0.48455787,0.114844024,0.8671877,0.1562507,0.9867647,-0.043371797
1356765532559,-0.86861503,0.11667834,-0.48155376,-0.47268236,0.096325934,0.8759524,0.14859083,0.9884874,-0.028518379
1356765532588,-0.874091,0.11505966,-0.4719387,-0.46568322,0.077956796,0.8815111,0.13821718,0.99029493,-0.014559984
1356765532619,-0.87717056,0.11053616,-0.46728316,-0.46335816,0.060465515,0.8841058,0.12598017,0.9920311,-0.0018207431
1356765532649,-0.87782043,0.104041144,-0.46755385,-0.46555364,0.044253588,0.88391256,0.112654194,0.993588,0.009590089
1356765532679,-0.8759194,0.09655173,-0.47269762,-0.4721918,0.029476225,0.8810029,0.0989957,0.9948914,0.019772172
1356765532709,-0.8713622,0.08897136,-0.48250598,-0.48312092,0.015923023,0.8754088,0.08556925,0.9959069,0.02910924
1356765532749,-0.8640225,0.08227228,-0.49668556,-0.49826026,0.0015955567,0.8670261,0.072124705,0.9966086,0.03961438
1356765532779,-0.85157937,0.078903615,-0.5182537,-0.52064353,-0.0119229555,0.8536909,0.061180204,0.996811,0.051233947
1356765532819,-0.8395185,0.084932566,-0.53665173,-0.5403881,-0.027858377,0.84095454,0.05647418,0.9959972,0.06928426
1356765532849,-0.82451254,0.099373475,-0.55704916,-0.5628617,-0.043105185,0.8254263,0.058013737,0.994116,0.091474414
1356765532879,-0.81205225,0.12442352,-0.57016635,-0.57959855,-0.057955742,0.81283855,0.06809178,0.99053514,0.11917889
1356765532955,-0.8023183,0.16011238,-0.5750213,-0.5904494,-0.07168257,0.8038851,0.08749294,0.98449266,0.15205044
1356765532960,-0.797165,0.21482037,-0.5642521,-0.590739,-0.084459364,0.80243015,0.12472202,0.9729948,0.19423068
1356765532989,-0.78843963,0.26588088,-0.55468035,-0.5932733,-0.0905509,0.79989207,0.16244921,0.9597436,0.22913396
1356765533024,-0.77868253,0.3009115,-0.5505503,-0.5973135,-0.0869931,0.7972758,0.19201533,0.9496759,0.24747854
1356765533065,-0.7696159,0.31215808,-0.55699974,-0.60356367,-0.07103515,0.79414415,0.20833196,0.94737077,0.24307704
1356765533108,-0.76349777,0.3000667,-0.5718662,-0.6099545,-0.04410243,0.79120815,0.21219456,0.95289814,0.21669918
1356765533147,-0.7615745,0.2701734,-0.58907616,-0.61407936,-0.010295808,0.78917724,0.20714967,0.9627567,0.17374891
1356765533187,-0.7641246,0.22885582,-0.6031077,-0.6146383,0.025468469,0.7883979,0.19578966,0.9731271,0.12120241
1356765533227,-0.77153385,0.18347916,-0.6091559,-0.6100429,0.05830884,0.79022,0.18050808,0.9812927,0.06694293
1356765533267,-0.78369534,0.1407836,-0.6049808,-0.59899884,0.08646715,0.79606783,0.16438426,0.9862573,0.016565204
1356765533308,-0.80010015,0.10587035,-0.59045017,-0.5806005,0.11078107,0.8066168,0.15080753,0.9881898,-0.027167618
1356765533348,-0.82008314,0.082062945,-0.56632966,-0.55429584,0.13200462,0.8217852,0.14219622,0.9878464,-0.062767625
1356765533387,-0.84235144,0.07031256,-0.5343222,-0.5206886,0.14957762,0.8405414,0.13902324,0.98624676,-0.08938599
1356765533427,-0.86525744,0.06936067,-0.49650645,-0.48129034,0.16227406,0.8614097,0.1403181,0.98430496,-0.10702622
1356765533467,-0.88703877,0.07651943,-0.45530978,-0.43844128,0.16941732,0.88264775,0.14467707,0.98256934,-0.11673045
1356765533507,-0.90636355,0.08853537,-0.413118,-0.39479592,0.17075896,0.90276104,0.15046988,0.9813271,-0.11981624
1356765533547,-0.922512,0.10261142,-0.37207872,-0.3529551,0.16582364,0.9208286,0.15618695,0.9808024,-0.116757035
1356765533587,-0.9354053,0.11709624,-0.33362478,-0.31476197,0.15404785,0.93658644,0.16106492,0.98110026,-0.10723978
1356765533628,-0.945341,0.13063258,-0.2987733,-0.28145823,0.13577402,0.94991934,0.16465606,0.9820899,-0.09158516
1356765533667,-0.9528237,0.14081794,-0.26888147,-0.25438014,0.11278784,0.9605049,0.16558288,0.98359,-0.07164556
1356765533707,-0.95854586,0.14515439,-0.24519385,-0.23429713,0.088192165,0.96815646,0.16215633,0.98547053,-0.050526977
1356765533747,-0.9630236,0.14334176,-0.22811991,-0.22083841,0.06502038,0.97314066,0.15432414,0.98753506,-0.030960798
1356765533787,-0.9663672,0.13695025,-0.21766752,-0.21341449,0.04518789,0.9759162,0.1434879,0.9895467,-0.014440894
1356765533827,-0.96835965,0.12755814,-0.21449608,-0.21246323,0.029497147,0.9767238,0.13091609,0.9913924,-0.0014624
1356765533868,-0.9685328,0.116128705,-0.2201328,-0.21955577,0.017897904,0.9754358,0.11721601,0.9930729,0.008161962
1356765533937,-0.96606225,0.10326203,-0.23677185,-0.23705602,0.009690106,0.9714477,0.10260802,0.9946071,0.015117526
1356765533949,-0.95962095,0.089378186,-0.26671946,-0.26748976,0.0034680963,0.9635545,0.087045774,0.9959917,0.020579636
1356765533989,-0.94726074,0.07650094,-0.3111987,-0.3123262,-0.0029381514,0.94997036,0.07175928,0.9970652,0.026676416
1356765534028,-0.928046,0.06944162,-0.36593518,-0.36761287,-0.012691677,0.9298923,0.059928924,0.9975053,0.03730601
1356765534057,-0.9281086,0.06981002,-0.36570626,-0.3683449,-0.029202819,0.92923045,0.054189935,0.9971328,0.052817583
1356765534099,-0.8847959,0.09459166,-0.45627683,-0.46156436,-0.043447256,0.8860421,0.063988194,0.99456763,0.08210206
1356765534137,-0.844794,0.14122577,-0.5161187,-0.52748746,-0.057762742,0.84759694,0.08989012,0.98829085,0.12329239
1356765534177,-0.8093502,0.19941947,-0.5524346,-0.57370996,-0.06707358,0.8163075,0.12573384,0.9776159,0.16869503
1356765534218,-0.77586204,0.25281948,-0.57803166,-0.6101371,-0.06754857,0.7894112,0.16053332,0.9651526,0.20666277
1356765534257,-0.7418259,0.28691143,-0.6061155,-0.64462036,-0.05598718,0.7624499,0.18482085,0.95631963,0.2264818
1356765534297,-0.7067096,0.29559803,-0.6427933,-0.6797265,-0.031597555,0.7327847,0.19629902,0.9547897,0.22325617
1356765534338,-0.67125684,0.27896392,-0.6867265,-0.7143711,0.0036405325,0.6997576,0.19770719,0.9602946,0.1968401
1356765534377,-0.63769716,0.2424989,-0.7311201,-0.74574625,0.043313205,0.6648206,0.19288543,0.96918434,0.15322196
1356765534417,-0.60963243,0.19485769,-0.76836115,-0.77081776,0.08037579,0.6319649,0.18490088,0.97753274,0.101200044
1356765534457,-0.59109896,0.14552179,-0.79336345,-0.78702843,0.11129892,0.6067939,0.17660224,0.9830748,0.048741043
1356765534497,-0.58523947,0.102386504,-0.8043704,-0.792711,0.13646549,0.5941267,0.17059937,0.98533964,0.0012979507
1356765534538,-0.5931089,0.07021856,-0.8020543,-0.78730613,0.15782565,0.5960202,0.16843644,0.98496723,-0.038324296
1356765534578,-0.6136801,0.050896466,-0.7879126,-0.77101034,0.17638129,0.6119091,0.17011705,0.9830052,-0.068999946
1356765534619,-0.6444752,0.044271678,-0.7633425,-0.7444389,0.19154954,0.63962454,0.17453516,0.98048395,-0.090491414
1356765534657,-0.68197966,0.048490584,-0.72976184,-0.7088489,0.20188814,0.67585087,0.18010268,0.97820747,-0.10331112
1356765534697,-0.7219886,0.060768664,-0.68923116,-0.6665817,0.20593935,0.7164202,0.1854757,0.9766761,-0.108178616
1356765534737,-0.76109576,0.078156024,-0.64391375,-0.62024736,0.20279837,0.75773746,0.1898064,0.9760966,-0.10587287
1356765534777,-0.79653186,0.09774345,-0.5966433,-0.57306784,0.19246155,0.79658765,0.19269213,0.9764245,-0.09728813
1356765534817,-0.82622576,0.11592066,-0.5512835,-0.5291939,0.1758089,0.83008736,0.1931448,0.97757536,-0.083913326
1356765534857,-0.84891397,0.12846275,-0.5126816,-0.49346888,0.15477163,0.8558821,0.18929753,0.9795627,-0.06799543
1356765534897,-0.86447895,0.13293462,-0.4847727,-0.4692943,0.13210869,0.87310374,0.1801084,0.98228085,-0.051819682
1356765534941,-0.8734034,0.12994133,-0.46934187,-0.45771283,0.110129535,0.88225305,0.16632955,0.9853866,-0.036711693
1356765534978,-0.87578064,0.12165539,-0.46712762,-0.4588827,0.090455174,0.8838804,0.14978294,0.98844206,-0.023393333
1356765535019,-0.8708122,0.10992417,-0.47916895,-0.4736072,0.07381278,0.87763774,0.13184242,0.99119544,-0.01221627
1356765535058,-0.85670143,0.096366316,-0.50673103,-0.50314724,0.06024015,0.86209863,0.11360283,0.9935214,-0.0031214356
1356765535099,-0.8309014,0.082441315,-0.55027837,-0.54811263,0.048979163,0.83496916,0.095788166,0.9953916,0.0044902563
1356765535139,-0.7904802,0.069876075,-0.6084886,-0.6073774,0.03863579,0.79347336,0.07895422,0.9968072,0.011900306
1356765535179,-0.7346374,0.062179476,-0.6756047,-0.67538285,0.0277102,0.7369465,0.06454405,0.99768025,0.021638036
1356765535219,-0.6683153,0.06568569,-0.7409724,-0.7417414,0.01660049,0.6704805,0.05634147,0.99770224,0.03762746
1356765535258,-0.60291505,0.08747533,-0.79299533,-0.795526,0.00916487,0.60585016,0.060264647,0.99612457,0.06406325
1356765535299,-0.5505233,0.1311728,-0.82444996,-0.83083403,0.010299385,0.5564249,0.08147913,0.991306,0.10331279
1356765535339,-0.5147722,0.19224429,-0.835495,-0.8489953,0.021225512,0.527974,0.11923379,0.9811176,0.15228814
1356765535379,-0.48909897,0.25700155,-0.8335061,-0.8564935,0.03918034,0.5146687,0.16492769,0.96561646,0.20095706
1356765535419,-0.46232355,0.3075683,-0.8316602,-0.86241245,0.062095642,0.50238335,0.20615965,0.9494977,0.23654246
1356765535459,-0.42646933,0.3303073,-0.84203386,-0.87370676,0.0904122,0.47797713,0.2340095,0.93953323,0.25003368
1356765535499,-0.38042068,0.3204732,-0.8675119,-0.8913106,0.123146,0.436349,0.24666876,0.93921876,0.23879391
1356765535539,-0.327563,0.28005594,-0.9023696,-0.9121582,0.15524441,0.3792974,0.24631226,0.94734776,0.20460308
1356765535568,-0.2872761,0.23117006,-0.9295337,-0.92728007,0.17608643,0.33037138,0.24005023,0.9568459,0.16377395
1356765535607,-0.24252814,0.16413558,-0.95615876,-0.943625,0.18895668,0.27178547,0.22528228,0.9681709,0.10905504
1356765535647,-0.21471357,0.09517488,-0.97202873,-0.95454085,0.1902414,0.22947776,0.20676062,0.9771131,0.050000846
1356765535687,-0.20751226,0.034213305,-0.97763395,-0.9598367,0.18577999,0.21023619,0.18881774,0.9819956,-0.0057124496
1356765535727,-0.22236046,-0.013024032,-0.97487754,-0.95928633,0.18152091,0.2163792,0.17414254,0.9833009,-0.052856863
1356765535768,-0.2594796,-0.043824375,-0.96475375,-0.9517745,0.18092957,0.24776989,0.16369414,0.9825192,-0.08865845
1356765535807,-0.31766295,-0.05764982,-0.9464495,-0.9350425,0.18477327,0.30257943,0.15743491,0.9810889,-0.112600625
1356765535847,-0.39399713,-0.055351347,-0.9174435,-0.90596044,0.19164252,0.3775035,0.15492585,0.97990274,-0.12565273
1356765535887,-0.4836027,-0.038472414,-0.87444174,-0.8613269,0.19863695,0.4676103,0.15570632,0.9793177,-0.12919867
1356765535973,-0.5797141,-0.0092303455,-0.8147677,-0.79906464,0.20212662,0.56625134,0.15945959,0.97931594,-0.124551356
1356765535974,-0.6733558,0.028286278,-0.73877716,-0.72061884,0.19821256,0.6643947,0.16522816,0.9797508,-0.1130839
1356765536005,-0.7542494,0.06642172,-0.6532197,-0.634143,0.18420714,0.750953,0.17020735,0.9806406,-0.096817255
1356765536048,-0.81550026,0.09650591,-0.5706539,-0.55301094,0.16087914,0.8174943,0.17069933,0.9822446,-0.07782817
1356765536087,-0.857369,0.113864645,-0.5019493,-0.48754233,0.13294399,0.8629185,0.16498703,0.9845612,-0.058468163
1356765536127,-0.8838459,0.11926839,-0.4523177,-0.44178483,0.105011165,0.8909539,0.15376101,0.9872931,-0.040122688
1356765536167,-0.8989485,0.11608954,-0.42239183,-0.4153915,0.08022231,0.9060984,0.1390738,0.98999375,-0.023893118
1356765536207,-0.9047018,0.107526466,-0.41225317,-0.4080183,0.059822977,0.9110117,0.122620076,0.99240077,-0.0102491975
1356765536247,-0.9012337,0.095991,-0.42256778,-0.42032796,0.04346603,0.9063306,0.1053669,0.9944327,0.001174748
1356765536287,-0.88703907,0.08331986,-0.4541139,-0.45327413,0.029830456,0.8908719,0.087773725,0.9960762,0.011305928
1356765536327,-0.8598114,0.07198198,-0.50551254,-0.5056972,0.016983747,0.8625439,0.07067311,0.99726135,0.021798253
1356765536367,-0.81905377,0.0669083,-0.5698018,-0.5709003,0.003237784,0.821013,0.056777447,0.99775386,0.035546124
1356765536407,-0.77109647,0.075796396,-0.6321907,-0.6346493,-0.011517882,0.7727144,0.051287472,0.9970567,0.056985497
1356765536447,-0.72702825,0.1058425,-0.6784005,-0.6839311,-0.024482429,0.72913563,0.060564667,0.9940815,0.09018844
1356765536487,-0.6960067,0.15820336,-0.7003902,-0.7126493,-0.032949924,0.7007463,0.08778262,0.9868567,0.1356768
1356765536527,-0.6771542,0.22420323,-0.7008531,-0.72451365,-0.036668062,0.68828446,0.12861666,0.97385234,0.18726826
1356765536567,-0.6612558,0.287336,-0.6929494,-0.7301626,-0.03466332,0.68239355,0.17205635,0.95720243,0.2327233
1356765536607,-0.639333,0.33139333,-0.6938528,-0.74060404,-0.02272451,0.6715573,0.20678213,0.94321895,0.25995982
1356765536647,-0.60755515,0.34700733,-0.71446675,-0.7612203,0.002422154,0.648489,0.22676098,0.9378593,0.26267737
1356765536687,-0.56659853,0.3318848,-0.75420064,-0.790693,0.03859061,0.6109954,0.2318852,0.9425303,0.24055356
1356765536727,-0.5205323,0.28955454,-0.80324614,-0.823639,0.07771909,0.5617638,0.22508886,0.954001,0.19803303
1356765536767,-0.47595656,0.22848365,-0.84927064,-0.8540063,0.11061019,0.50836855,0.21009189,0.96724385,0.14248079
1356765536807,-0.44060838,0.16015542,-0.88329744,-0.87708175,0.13286811,0.4615989,0.19128957,0.9781085,0.081926644
1356765536847,-0.4210186,0.09556013,-0.9020041,-0.8903185,0.14659518,0.43109483,0.17342493,0.98456997,0.023359716
1356765536887,-0.42061168,0.042201936,-0.9062586,-0.8930246,0.15688401,0.42177522,0.15997717,0.98671496,-0.028299809
1356765536945,-0.4406585,0.0042630136,-0.89766467,-0.8846961,0.16736782,0.43508714,0.15209493,0.9858853,-0.06998056
1356765536969,-0.4801222,-0.016934425,-0.87703824,-0.8644539,0.17896503,0.46977755,0.14900377,0.9837097,-0.10056418
1356765537009,-0.53532624,-0.02249375,-0.8443458,-0.83136094,0.19062793,0.5220153,0.14921379,0.9814046,-0.12074852
1356765537048,-0.600675,-0.014865428,-0.79935503,-0.7850405,0.2002173,0.5861949,0.15133068,0.9796387,-0.13193554
1356765537088,-0.67022175,0.0033243895,-0.7421534,-0.725898,0.20525724,0.65646136,0.15451467,0.9787024,-0.13515472
1356765537129,-0.7381663,0.029525459,-0.67397237,-0.6557267,0.20337087,0.727092,0.15853411,0.97865653,-0.13076091
1356765537169,-0.7987673,0.059808165,-0.59866,-0.5792215,0.19265199,0.792078,0.16270575,0.97944283,-0.11924195
1356765537209,-0.8471729,0.08817467,-0.52394974,-0.5049672,0.17307943,0.8456073,0.16524602,0.980953,-0.102102876
1356765537248,-0.881951,0.10949731,-0.4584461,-0.44168913,0.14754033,0.8849534,0.16453928,0.9829762,-0.08175957
1356765537288,-0.9049691,0.12227903,-0.40752763,-0.39410287,0.12008083,0.911188,0.16035543,0.9852048,-0.060478926
1356765537317,-0.9191419,0.12845463,-0.37239447,-0.36220548,0.0960747,0.9271337,0.15487227,0.98705065,-0.04177928
1356765537357,-0.926812,0.12837541,-0.35290122,-0.34586734,0.074231446,0.9353425,0.14627133,0.98894364,-0.02439773
1356765537397,-0.9274043,0.12324779,-0.35317332,-0.34875798,0.05645442,0.93551093,0.13523787,0.99076885,-0.009372473
1356765537437,-0.92061985,0.11442277,-0.3733185,-0.37087584,0.0427472,0.9276982,0.1221081,0.99251205,0.0030826926
1356765537477,-0.90439796,0.10280481,-0.41412014,-0.41308257,0.032194495,0.91012424,0.10689755,0.9941804,0.013350248
1356765537517,-0.8756894,0.09025772,-0.4743644,-0.47437096,0.022753835,0.88003093,0.09022321,0.99565846,0.02289033
1356765537557,-0.83324385,0.081740975,-0.54683006,-0.5478369,0.011555195,0.83650535,0.07469548,0.9965866,0.035152435
1356765537597,-0.78127724,0.085609496,-0.6182854,-0.6207353,-0.0025780797,0.78401595,0.065525234,0.99632543,0.05515504
1356765537637,-0.729683,0.109332204,-0.67498827,-0.68034065,-0.017119348,0.73269606,0.06855193,0.99385786,0.08687484
1356765537677,-0.6868668,0.1532793,-0.7104361,-0.7216029,-0.027324736,0.69176775,0.086621165,0.98780507,0.12937522
1356765537717,-0.6531585,0.20787087,-0.72813034,-0.7481885,-0.029083014,0.6628486,0.116610736,0.97772384,0.17452234
1356765537757,-0.62265265,0.25745192,-0.73893315,-0.7679173,-0.019592881,0.6402494,0.15035558,0.96609247,0.20990133
1356765537797,-0.58984643,0.28835112,-0.7542777,-0.78719217,0.0029173493,0.6167008,0.18002689,0.9575203,0.22526693
1356765537837,-0.55274546,0.29332104,-0.78002256,-0.8086213,0.037546277,0.58713025,0.20150459,0.9552764,0.2164321
1356765537877,-0.51250386,0.27139395,-0.81466854,-0.8318617,0.07835722,0.54942346,0.21294531,0.95927334,0.18560398
1356765537946,-0.47289473,0.22703114,-0.85136807,-0.8548553,0.115936756,0.50574815,0.21352544,0.9669621,0.13925284
1356765537960,-0.43899375,0.16823906,-0.8825985,-0.87502366,0.14298463,0.46248144,0.20400545,0.975321,0.08444375
1356765537999,-0.41910672,0.10744274,-0.9015573,-0.8881943,0.15742868,0.43165612,0.18830931,0.9816681,0.029450595
1356765538039,-0.41435254,0.05193934,-0.90863323,-0.8940877,0.16331685,0.417055,0.1700567,0.98520553,-0.021232486
1356765538078,-0.42899978,0.008577913,-0.9032638,-0.8902217,0.16555601,0.42437774,0.15318105,0.9861631,-0.063387215
1356765538119,-0.46375614,-0.018933475,-0.88576055,-0.874754,0.16831517,0.45439562,0.14048362,0.98555136,-0.094619334
1356765538159,-0.5175903,-0.029253423,-0.85512835,-0.8451632,0.17331392,0.50562966,0.13341427,0.9844321,-0.11442953
1356765538199,-0.58698833,-0.022919953,-0.80927086,-0.79873806,0.1795525,0.57426333,0.13214448,0.9834814,-0.12370223
1356765538237,-0.66587585,-0.0019101202,-0.7460601,-0.7335696,0.18391109,0.65425706,0.13595903,0.98294103,-0.12386316
1356765538279,-0.7456772,0.030139595,-0.66562545,-0.6506716,0.18220621,0.73717517,0.14349926,0.9827983,-0.116256
1356765538319,-0.81630313,0.06640603,-0.57379395,-0.5572469,0.17098689,0.81255114,0.15206951,0.98303294,-0.10257256
1356765538358,-0.87017053,0.097898915,-0.48292765,-0.46677762,0.15022093,0.8715231,0.15786698,0.98379344,-0.08502078
1356765538399,-0.90648067,0.11810057,-0.40539497,-0.39162832,0.12378478,0.911759,0.15786098,0.9852561,-0.06595695
1356765538437,-0.92926145,0.12596995,-0.34728193,-0.33694455,0.09641838,0.9365746,0.15146461,0.98733735,-0.047152996
1356765538477,-0.94285434,0.124075204,-0.30924267,-0.30234867,0.07147771,0.95051366,0.14003915,0.989695,-0.029879093
1356765538517,-0.949869,0.11581944,-0.2904044,-0.28633487,0.05071968,0.9567862,0.12554368,0.99197453,-0.015013933
1356765538557,-0.95118433,0.10423384,-0.29048878,-0.28844902,0.03447187,0.95687455,0.10975242,0.9939552,-0.0027230382
1356765538597,-0.94614977,0.0914857,-0.3105335,-0.30983388,0.022115111,0.9505335,0.093827724,0.99556077,0.0074210763
1356765538637,-0.93253076,0.07907951,-0.35232484,-0.35248378,0.012404919,0.9357357,0.07836808,0.9967911,0.016306281
1356765538677,-0.9070533,0.06951137,-0.4152378,-0.41604775,0.003076613,0.9093376,0.06448683,0.9975764,0.026129365
1356765538717,-0.86829424,0.06836921,-0.49131536,-0.49295974,-0.008553863,0.8700101,0.05527927,0.9976234,0.041130543
1356765538757,-0.8213647,0.08372307,-0.5642255,-0.56765515,-0.022994816,0.82294524,0.05592525,0.9962237,0.066412926
1356765538797,-0.7774463,0.12100896,-0.6171986,-0.6249033,-0.037487924,0.7798016,0.071225494,0.99194324,0.104763746
1356765538837,-0.7443334,0.17702347,-0.64391804,-0.66006684,-0.048630893,0.7496311,0.10138795,0.9830044,0.153045
1356765538896,-0.7189177,0.23868407,-0.65283024,-0.6809729,-0.053489923,0.7303526,0.1394037,0.969623,0.20099223
1356765538963,-0.69120896,0.28871596,-0.6624751,-0.70140266,-0.04734564,0.71119106,0.1739669,0.9562434,0.23523188
1356765538964,-0.6527361,0.313641,-0.6896121,-0.73159236,-0.024564087,0.6812996,0.19674383,0.9492238,0.24549127
1356765538995,-0.60093755,0.30772716,-0.73768425,-0.77218705,0.014810383,0.6352227,0.20640066,0.9513594,0.22872281
1356765539038,-0.536937,0.27057558,-0.79905415,-0.81829494,0.06330359,0.57130206,0.20516339,0.96061516,0.1874206
1356765539077,-0.47099125,0.21103081,-0.856524,-0.85997975,0.10641444,0.49910998,0.1964741,0.9716697,0.13136196
1356765539117,-0.41375846,0.14109892,-0.89938587,-0.8917081,0.13628072,0.43160653,0.18346816,0.98057055,0.06943178
1356765539157,-0.3783787,0.07457161,-0.9226422,-0.90988445,0.15322036,0.3855306,0.1701172,0.98537433,0.009876251
1356765539197,-0.37329638,0.02138856,-0.92746544,-0.9138452,0.16373014,0.3715902,0.15980181,0.9862732,-0.041574
1356765539237,-0.40270025,-0.01296702,-0.91524005,-0.90226424,0.17397857,0.39452603,0.15411636,0.9846641,-0.08176094
1356765539277,-0.46652848,-0.02620694,-0.88411784,-0.87118065,0.18646616,0.45417464,0.1529555,0.9821118,-0.10982275
1356765539317,-0.5590128,-0.018507928,-0.82895243,-0.8145051,0.19938463,0.5448184,0.15519693,0.97974646,-0.12653333
1356765539357,-0.66673094,0.0069204867,-0.7452663,-0.7280884,0.20760137,0.65329087,0.15923944,0.978189,-0.13337553
1356765539397,-0.77099365,0.043633133,-0.63534635,-0.61540353,0.20563662,0.76091534,0.1638516,0.97765523,-0.13169259
1356765539437,-0.8561389,0.08371298,-0.50991994,-0.48847085,0.19083697,0.8514561,0.16858952,0.97804576,-0.1224916
1356765539477,-0.9153104,0.119384475,-0.38464814,-0.363837,0.16445374,0.9168301,0.17271215,0.9791334,-0.10708976
1356765539517,-0.95064723,0.14440973,-0.2746193,-0.25668067,0.13121301,0.957548,0.17431289,0.98077977,-0.08767015
1356765539557,-0.9696665,0.15674886,-0.18755487,-0.17385879,0.09706074,0.9799757,0.1718143,0.9828576,-0.06686443
1356765539597,-0.97963136,0.15866779,-0.123072624,-0.113811724,0.066223085,0.9912927,0.16543648,0.9851086,-0.04681599
1356765539637,-0.9850197,0.15349695,-0.07858021,-0.07311268,0.04095435,0.99648243,0.15617523,0.9873001,-0.0291183
1356765539677,-0.98817545,0.14365596,-0.05359218,-0.050904762,0.022320628,0.9984541,0.14463009,0.98937595,-0.014743865
1356765539717,-0.99013174,0.13084044,-0.050198905,-0.049271543,0.010317445,0.99873215,0.13119248,0.99134976,-0.003768921
1356765539757,-0.9905132,0.11620775,-0.073343635,-0.0733591,0.004149735,0.9972969,0.11619799,0.9932163,0.004414618
1356765539797,-0.98627955,0.10064793,-0.13085331,-0.13129261,0.0022756457,0.99134105,0.1000742,0.9949195,0.010969877
1356765539837,-0.96934533,0.08611601,-0.23011637,-0.23083478,0.0016564727,0.9729915,0.084171325,0.9962837,0.018272936
1356765539877,-0.9265437,0.07769914,-0.3680758,-0.36933547,-0.0019928813,0.92929405,0.071471825,0.9969749,0.030543506
1356765539948,-0.85660535,0.08903609,-0.50823206,-0.51137024,-0.015236795,0.8592254,0.068758264,0.99591184,0.058582306
1356765539960,-0.74986875,0.11889845,-0.6508148,-0.657348,-0.022727191,0.7532443,0.074768394,0.9926462,0.09520012
1356765539998,-0.66953504,0.16974461,-0.7231249,-0.736768,-0.02814871,0.67555946,0.094317555,0.985086,0.14390892
1356765540037,-0.61744076,0.23161677,-0.751745,-0.77667594,-0.028048694,0.62927556,0.12466529,0.9724027,0.1972096
1356765540077,-0.5748956,0.28721943,-0.7661594,-0.80303264,-0.018443286,0.5956497,0.1569517,0.95768726,0.2412495
1356765540117,-0.5256632,0.32215747,-0.7873328,-0.83080995,0.004514396,0.5565379,0.18284717,0.94667536,0.26527858
1356765540157,-0.46123725,0.3283038,-0.82430387,-0.8647287,0.041783154,0.5004983,0.19875744,0.9436476,0.26462173
1356765540197,-0.38138098,0.3036559,-0.87312174,-0.9014138,0.087237835,0.42407873,0.20494327,0.9487796,0.24044877
1356765540237,-0.2936523,0.25266212,-0.9219166,-0.9341485,0.12877673,0.3328412,0.2028178,0.9589466,0.19820827
1356765540277,-0.21061987,0.18561599,-0.9597844,-0.9580287,0.15612596,0.2404283,0.19447461,0.97013986,0.14494216
1356765540317,-0.14420664,0.1146566,-0.98288274,-0.9724648,0.16734332,0.16219926,0.18307605,0.97920895,0.087367475
1356765540357,-0.10234383,0.04976216,-0.9935037,-0.9797634,0.16766503,0.10932636,0.17201617,0.9845873,0.031595647
1356765540397,-0.088119686,-0.0032108128,-0.9961047,-0.9825777,0.16455191,0.08639261,0.1636335,0.9863632,-0.017655134
1356765540437,-0.10223645,-0.041549593,-0.9938921,-0.98199534,0.16376162,0.09416664,0.15884879,0.98562455,-0.057543933
1356765540477,-0.14303637,-0.06485492,-0.98759025,-0.97713417,0.16786611,0.1304982,0.15731949,0.98367417,-0.08738291
1356765540517,-0.20803607,-0.07349545,-0.975356,-0.9653327,0.17614865,0.19262493,0.15765056,0.981616,-0.10759282
1356765540557,-0.29383665,-0.06783235,-0.9534457,-0.94267356,0.18565124,0.27730882,0.15819785,0.9802716,-0.11849487
1356765540597,-0.3952152,-0.048727363,-0.9172952,-0.90486,0.19265026,0.3796238,0.15821907,0.9800569,-0.12022972
1356765540637,-0.50276595,-0.019265473,-0.8642079,-0.84992146,0.19337171,0.49014378,0.15767056,0.9809364,-0.11359489
1356765540677,-0.6028521,0.013972372,-0.79773057,-0.7824781,0.18498564,0.5945657,0.15587616,0.9826419,-0.10058594
1356765540717,-0.6833853,0.043325096,-0.7287712,-0.71408665,0.16799116,0.67960227,0.15187094,0.984836,-0.08386475
1356765540758,-0.73972976,0.06451154,-0.6698045,-0.6569249,0.14639938,0.73960584,0.1457721,0.98711973,-0.06591678
1356765540797,-0.77260655,0.076940626,-0.6302058,-0.619624,0.12495273,0.774889,0.1383664,0.98917496,-0.04886508
1356765540837,-0.78327537,0.081388265,-0.61632425,-0.60794485,0.1069271,0.7867463,0.1299337,0.99093014,-0.034273803
1356765540877,-0.77126384,0.07904214,-0.6315888,-0.62506175,0.093339026,0.7749746,0.12020755,0.99249184,-0.022582829
1356765540949,-0.7320359,0.069762975,-0.67768466,-0.67289305,0.08143777,0.7352434,0.10648194,0.9942339,-0.012672365
1356765540969,-0.64628005,0.05628568,-0.76102173,-0.7575974,0.072226346,0.6487138,0.09147915,0.9957988,-0.0040366054
1356765541009,-0.53796417,0.04510364,-0.8417602,-0.83958995,0.060634255,0.53982604,0.07538766,0.9971405,0.0052494407
1356765541049,-0.41944313,0.042382956,-0.9067917,-0.9057409,0.047401905,0.42117265,0.0608342,0.9979763,0.018505573
1356765541088,-0.3103311,0.054879606,-0.94904304,-0.9491281,0.038181186,0.31256676,0.05338916,0.9977627,0.040238976
1356765541129,-0.22412896,0.08584845,-0.97077096,-0.9727361,0.04119891,0.22822598,0.059587568,0.9954561,0.074274
1356765541169,-0.16085893,0.13185441,-0.9781303,-0.98354197,0.061200798,0.16999894,0.08227748,0.98937804,0.11983967
1356765541209,-0.110728145,0.1817528,-0.97709024,-0.986928,0.09572953,0.12965003,0.117100626,0.9786736,0.16877693
1356765541249,-0.061715066,0.22009268,-0.9735247,-0.9861896,0.13674891,0.09343392,0.15369257,0.96584624,0.20861357
1356765541287,-0.0064834952,0.23449767,-0.9720951,-0.9832455,0.17559999,0.04891768,0.18217093,0.95612526,0.22943032
1356765541327,0.056368917,0.21976095,-0.9739238,-0.9784072,0.20644245,-0.010045707,0.19885156,0.95346034,0.22665262
1356765541367,0.12352079,0.17843387,-0.97616804,-0.9709848,0.22472006,-0.08178839,0.20477071,0.9579469,0.20101419
1356765541407,0.18828434,0.12010726,-0.97474265,-0.9611764,0.22638202,-0.15776914,0.20171496,0.9666051,0.15806848
1356765541447,0.2445583,0.05649486,-0.9679873,-0.95050716,0.2112774,-0.22781113,0.19164369,0.97579205,0.105368435
1356765541487,0.289592,-0.0038294196,-0.9571426,-0.9405113,0.18450871,-0.28529835,0.17769372,0.9828235,0.049830616
1356765541527,0.3229583,-0.056142837,-0.9447465,-0.9321475,0.15379888,-0.32779106,0.16370407,0.98650587,-0.002662778
1356765541567,0.34504116,-0.0984166,-0.93341357,-0.9261018,0.12597436,-0.35562074,0.15258521,0.9871397,-0.047677487
1356765541607,0.35577697,-0.13003492,-0.92548025,-0.9231782,0.105253056,-0.3696806,0.14548102,0.98590696,-0.082598805
1356765541647,0.35431197,-0.15127182,-0.9228108,-0.9242681,0.09330246,-0.37016612,0.14209625,0.98407894,-0.10675758
1356765541687,0.3386901,-0.1628586,-0.92669636,-0.93020236,0.09012587,-0.35581028,0.14146608,0.9825245,-0.12096667
1356765541727,0.3051384,-0.16523015,-0.9378643,-0.94156396,0.095171764,-0.3231092,0.14264557,0.9816523,-0.12653422
1356765541767,0.24669704,-0.15788937,-0.9561441,-0.95816004,0.10804322,-0.2650585,0.1451548,0.98152816,-0.12462935
1356765541807,0.1522269,-0.13885573,-0.9785429,-0.97708046,0.1279166,-0.17015085,0.14879838,0.98201656,-0.116200864
1356765541847,0.008238524,-0.10495028,-0.9944433,-0.98826396,0.1508412,-0.024106622,0.15253305,0.9829712,-0.10247588
1356765541905,-0.1863803,-0.055951178,-0.9808832,-0.9703091,0.16712889,0.17483777,0.1541515,0.9843462,-0.08543944
1356765541970,-0.39672995,-0.0016155243,-0.91793406,-0.9052973,0.16605604,0.39097613,0.15179685,0.98611504,-0.06734192
1356765541971,-0.5670673,0.04161352,-0.82261956,-0.8107871,0.14775658,0.5663852,0.14511672,0.9881479,-0.050048172
1356765541995,-0.67373186,0.066672504,-0.73596203,-0.7261816,0.12478691,0.6760832,0.13691461,0.9899409,-0.03565657
1356765542034,-0.727394,0.075143635,-0.68209344,-0.6747956,0.102294266,0.7308808,0.1246953,0.99191195,-0.023701608
1356765542078,-0.7330281,0.071306795,-0.6764504,-0.6712568,0.084886014,0.7363482,0.1099278,0.99383587,-0.01435864
1356765542117,-0.7006449,0.061256826,-0.71087575,-0.7072685,0.071867704,0.7032825,0.094169885,0.9955313,-0.0070287585
1356765542157,-0.63528466,0.049304724,-0.77070254,-0.76831764,0.060587108,0.6371948,0.07811135,0.9969445,-6.083846E-4
1356765542197,-0.5431385,0.039757162,-0.83870137,-0.8372959,0.048991323,0.54455066,0.062738866,0.99800766,0.0066794157
1356765542237,-0.44253284,0.038540423,-0.8959236,-0.8953216,0.03742212,0.4438453,0.05063328,0.998556,0.017945647
1356765542277,-0.35802156,0.05179596,-0.93227553,-0.9325386,0.030231774,0.3598023,0.04682067,0.9982,0.03747809
1356765542317,-0.30579686,0.08291948,-0.9484791,-0.95037293,0.0333367,0.30932182,0.057267964,0.99599856,0.06861013
1356765542357,-0.28595597,0.12971613,-0.94942236,-0.9545268,0.04861176,0.29413503,0.084307104,0.99035877,0.10991675
1356765542397,-0.2852109,0.1824927,-0.940931,-0.9506177,0.07150388,0.3020152,0.12239581,0.9806037,0.15308708
1356765542437,-0.28536743,0.22609839,-0.93136716,-0.9449885,0.09573221,0.31278095,0.15988111,0.96938884,0.18634158
1356765542477,-0.273526,0.24696857,-0.9296182,-0.9435745,0.11868298,0.30916256,0.18668324,0.96172804,0.2005704
1356765542517,-0.24754512,0.23939815,-0.93883437,-0.948053,0.13996542,0.2856663,0.19979233,0.96077996,0.19231439
1356765542557,-0.21423745,0.20646858,-0.9547111,-0.9558451,0.1569674,0.24843815,0.20115319,0.9657806,0.16372359
1356765542597,-0.18450785,0.15750143,-0.9701289,-0.9635174,0.16573417,0.21015754,0.19388366,0.97351193,0.12117612
1356765542637,-0.16794473,0.10330108,-0.9803691,-0.9689578,0.16572875,0.18345258,0.1814262,0.98074603,0.072261095
1356765542677,-0.17069674,0.05261159,-0.983918,-0.97093976,0.16101992,0.17705515,0.16774553,0.9855479,0.023597121
1356765542717,-0.19544232,0.01095134,-0.980654,-0.9681887,0.15715408,0.19471306,0.15624616,0.98751336,-0.02011156
1356765542757,-0.24309194,-0.018374056,-0.9698292,-0.9585334,0.15785044,0.23727003,0.14872834,0.9872922,-0.05598432
1356765542797,-0.31305045,-0.033413142,-0.94914865,-0.9385278,0.16397,0.3037752,0.14548185,0.9858993,-0.08269006
1356765542837,-0.4023373,-0.033373684,-0.91488296,-0.9037781,0.17382753,0.39111274,0.14597899,0.98421043,-0.10009968
1356765542877,-0.5043577,-0.019037753,-0.8632849,-0.8504826,0.18385905,0.49282366,0.14934045,0.98276824,-0.108921945
1356765542949,-0.61299545,0.010893792,-0.7900113,-0.7744223,0.18983454,0.6035172,0.156546,0.9817556,-0.10793126
1356765542975,-0.7205858,0.049654245,-0.69158554,-0.6733657,0.18772125,0.7150799,0.16533202,0.98096645,-0.10183382
1356765543007,-0.8027344,0.08735205,-0.58990437,-0.57027256,0.17681074,0.80220145,0.17437536,0.9803609,-0.09211755
1356765543047,-0.8587627,0.118155375,-0.49856398,-0.47936696,0.15831846,0.86321646,0.18092558,0.9802931,-0.079318166
1356765543087,-0.8936113,0.13742036,-0.42728734,-0.41035515,0.13555193,0.9017951,0.18184465,0.98119384,-0.064739585
1356765543127,-0.9134925,0.14457527,-0.3803017,-0.36674318,0.11210638,0.923543,0.17615573,0.9831227,-0.049386382
1356765543167,-0.9232118,0.14228313,-0.3569811,-0.34701812,0.090429306,0.9334886,0.16510123,0.98568666,-0.034110546
1356765543207,-0.9248345,0.13373159,-0.35608572,-0.34931213,0.071897864,0.934244,0.15053971,0.9884061,-0.019779563
1356765543247,-0.9179728,0.12151122,-0.3775725,-0.37331963,0.056930125,0.92595434,0.1340091,0.99095607,-0.0068977475
1356765543287,-0.8999835,0.10740958,-0.42248416,-0.42009842,0.045066714,0.90635884,0.116391584,0.9931929,0.0045633316
1356765543327,-0.8659306,0.092715845,-0.49149567,-0.49045914,0.035236895,0.8707515,0.098051235,0.9950689,0.014960647
1356765543367,-0.8104273,0.079690754,-0.5803939,-0.5804071,0.02538246,0.81393087,0.07959458,0.99649644,0.02568239
1356765543407,-0.7329544,0.07400754,-0.67624015,-0.67729735,0.013560772,0.7355844,0.06360912,0.99716544,0.04018569
1356765543447,-0.64514685,0.084234685,-0.7594011,-0.7620456,0.0011604428,0.6475223,0.055425048,0.99644524,0.06344205
1356765543487,-0.5674022,0.11629233,-0.8151877,-0.8211539,-0.0061787367,0.57067347,0.061328143,0.9931958,0.09899968
1356765543527,-0.5122953,0.16690376,-0.8424349,-0.85471964,-0.003470242,0.51907825,0.08371267,0.98596704,0.14443374
1356765543567,-0.47577518,0.22229806,-0.851012,-0.871812,0.009011149,0.4897577,0.11654079,0.9749371,0.18951494
1356765543607,-0.44367892,0.26435965,-0.85630774,-0.8838472,0.02893287,0.46688008,0.14819968,0.9639901,0.22081661
1356765543647,-0.4036823,0.27980068,-0.8710638,-0.89889526,0.056004107,0.43456984,0.17037606,0.95842326,0.22890365
1356765543687,-0.35143167,0.2642011,-0.89816123,-0.9184752,0.08856875,0.3854333,0.18138093,0.96039224,0.21153629
1356765543727,-0.2910902,0.22138411,-0.93072855,-0.93906265,0.11980355,0.32219326,0.18283308,0.96779966,0.17301983
1356765543767,-0.23287624,0.1613341,-0.9590306,-0.9562449,0.14159602,0.25601998,0.17709967,0.9766892,0.12130058
1356765543807,-0.18811578,0.09623954,-0.9774202,-0.9678272,0.15115559,0.20115274,0.16710135,0.98381394,0.06470853
1356765543847,-0.1652683,0.036343843,-0.9855787,-0.9738226,0.1521188,0.16890651,0.15606374,0.9876937,0.010252118
1356765543887,-0.16946629,-0.011710525,-0.98546636,-0.97456354,0.15078583,0.16579959,0.14665279,0.988497,-0.036965787
1356765543950,-0.20408517,-0.04415819,-0.9779568,-0.9688318,0.15239108,0.19529992,0.14040783,0.98733336,-0.07388264
1356765543969,-0.2720052,-0.058683217,-0.96050483,-0.9523658,0.15943837,0.25995922,0.1378861,0.9854622,-0.09925604
1356765544008,-0.37328005,-0.054006428,-0.92614543,-0.91723764,0.17112255,0.35971108,0.13905767,0.98376846,-0.113413334
1356765544049,-0.5023974,-0.03007844,-0.86411345,-0.85263777,0.18315387,0.48935014,0.14354682,0.982624,-0.11766207
1356765544088,-0.6437921,0.010394335,-0.7651299,-0.750183,0.18855292,0.633777,0.15085515,0.982008,-0.113591194
1356765544129,-0.7726021,0.059638023,-0.63208336,-0.6144567,0.18031132,0.7680695,0.15977794,0.98179996,-0.102663875
1356765544169,-0.8663486,0.10435267,-0.4884163,-0.47061443,0.15685529,0.86828476,0.1672185,0.98209316,-0.08678144
1356765544209,-0.92106867,0.13304275,-0.36596733,-0.35072672,0.124889016,0.92811286,0.16918398,0.9832102,-0.068369746
1356765544249,-0.9488624,0.14341334,-0.28123423,-0.26998192,0.09306741,0.95835704,0.16361491,0.9852771,-0.049589097
1356765544287,-0.9622729,0.1400837,-0.23325408,-0.22598064,0.06598413,0.9718945,0.15153766,0.98793864,-0.031838536
1356765544327,-0.967817,0.12891823,-0.2161256,-0.21201167,0.044989824,0.97623104,0.13557743,0.99063414,-0.016209662
1356765544367,-0.967143,0.11421658,-0.22713223,-0.2251374,0.030244172,0.9738575,0.11810011,0.9929954,-0.003535986
1356765544407,-0.9582289,0.09830473,-0.2685772,-0.2678042,0.021224141,0.96323955,0.100391336,0.99493,0.0059887767
1356765544447,-0.9346849,0.0820194,-0.345886,-0.34574288,0.016396224,0.9381861,0.082620695,0.9964959,0.013032258
1356765544487,-0.8850742,0.067022815,-0.46059918,-0.46084213,0.01271385,0.8873911,0.06533146,0.9976704,0.019634247
1356765544527,-0.80052865,0.059060663,-0.59637725,-0.5970917,0.006644666,0.80214554,0.051337987,0.9982323,0.029945314
1356765544567,-0.69294864,0.06759101,-0.7178117,-0.71951914,-0.0013331771,0.69447136,0.045983046,0.99771225,0.04955685
1356765544607,-0.5942099,0.09865782,-0.79823625,-0.80245876,-0.005422652,0.59668297,0.054538876,0.99510664,0.08239108
1356765544647,-0.5266132,0.14922312,-0.8369057,-0.84647465,-0.0011585355,0.5324278,0.07848093,0.9888029,0.12692368
