1356765991056,0.37356466,-0.7885728,0.48846945,-0.032185882,0.51525635,0.85643154,-0.9270456,-0.33565432,0.16710064
1356765991100,0.114157796,0.17192203,0.9784737,-0.35716122,0.92616415,-0.12106128,-0.9270404,-0.33565277,0.16713274
1356765991137,0.114376985,0.17187601,0.97845626,-0.35714877,0.9261841,-0.120944805,-0.92701817,-0.33562112,0.16731942
1356765991178,0.11501202,0.17177552,0.9783994,-0.357063,0.92625606,-0.1206476,-0.9269726,-0.33547428,0.16786528
1356765991219,0.11620877,0.17170516,0.9782703,-0.3568277,0.92640305,-0.120213896,-0.926914,-0.33510405,0.16892529
1356765991258,0.11807829,0.17126901,0.97812295,-0.35633188,0.9267182,-0.119251944,-0.92686844,-0.3344553,0.1704539
1356765991297,0.11935529,0.17270714,0.9777151,-0.35583758,0.9267765,-0.120270014,-0.92689484,-0.33355287,0.1720714
1356765991338,0.12003831,0.1743863,0.9773332,-0.3551359,0.9268511,-0.12176017,-0.9270756,-0.33247024,0.17318845
1356765991378,0.119408496,0.176613,0.97701055,-0.35432383,0.9268331,-0.124237634,-0.92746776,-0.33134305,0.1732499
1356765991417,0.11738676,0.17914028,0.9767953,-0.35351276,0.9267039,-0.12747021,-0.928035,-0.3303463,0.17211115
1356765991457,0.11438381,0.18141897,0.97673094,-0.35278463,0.92652035,-0.13077863,-0.92868686,-0.32961673,0.16998076
1356765991499,0.1111945,0.18287787,0.97682726,-0.35225597,0.9263577,-0.13333103,-0.9292748,-0.32926756,0.16742569
1356765991537,0.10835633,0.18321852,0.97708243,-0.35203928,0.92624986,-0.1346462,-0.9296921,-0.3293816,0.16486514
1356765991577,0.1059883,0.18245044,0.97748566,-0.35211518,0.9262131,-0.13470063,-0.9299362,-0.32991087,0.16241133
1356765991619,0.1037398,0.18090378,0.9780143,-0.35229868,0.9262507,-0.13396004,-0.9301203,-0.33065614,0.15982121
1356765991657,0.10096842,0.17907247,0.9786411,-0.35235253,0.9263469,-0.13315073,-0.9304047,-0.33138266,0.15662843
1356765991697,0.09723896,0.17740515,0.97932214,-0.35210004,0.92648286,-0.13287252,-0.9308974,-0.33189905,0.15255463
1356765991737,0.09268852,0.17613947,0.9799917,-0.35147995,0.9266555,-0.13330975,-0.9315958,-0.33209115,0.14779985
1356765991777,0.08788657,0.1752918,0.9805859,-0.3506454,0.926835,-0.13425604,-0.93237525,-0.33203864,0.14292163
1356765991817,0.083607525,0.17472193,0.98106176,-0.34995356,0.92695034,-0.13526142,-0.93302864,-0.33201715,0.13864458
1356765991857,0.08073208,0.17421305,0.9813929,-0.34973568,0.9269568,-0.13577956,-0.9333634,-0.3322664,0.1357637
1356765991897,0.07979656,0.17364779,0.9815697,-0.35004,0.9268804,-0.13551638,-0.9333299,-0.33277488,0.13474554
1356765991937,0.08051109,0.17315389,0.9815985,-0.35062063,0.9267763,-0.13472524,-0.9330504,-0.3333218,0.1353271
1356765991993,0.08246654,0.17291766,0.9814778,-0.35118234,0.9267034,-0.13376015,-0.93266827,-0.33364695,0.13714767
1356765992029,0.08385277,0.17355275,0.9812483,-0.3514843,0.9265764,-0.13384679,-0.93243104,-0.33366993,0.13869703
1356765992059,0.084742695,0.1742648,0.9810456,-0.35157657,0.9264896,-0.13420475,-0.9323157,-0.33353975,0.13978064
1356765992099,0.08523256,0.17458475,0.98094624,-0.35148454,0.9265027,-0.1343553,-0.93230575,-0.333336,0.14033204
1356765992139,0.086120814,0.17325705,0.98110414,-0.3514911,0.92672443,-0.1328002,-0.9322218,-0.33341247,0.14070857
1356765992169,0.08815827,0.16934574,0.98160595,-0.35159063,0.92730635,-0.12840158,-0.93199366,-0.33380377,0.14129013
1356765992199,0.09139866,0.16378966,0.9822522,-0.35198966,0.9280198,-0.121993795,-0.9315308,-0.33459252,0.14247203
1356765992229,0.09633851,0.15617304,0.9830203,-0.35266227,0.92890114,-0.113013275,-0.93077826,-0.33578664,0.14456528
1356765992269,0.10427168,0.14624381,0.9837379,-0.35414505,0.9297552,-0.10068092,-0.9293594,-0.3378877,0.14873868
1356765992299,0.114436805,0.13206023,0.9846138,-0.35539827,0.9309726,-0.08355947,-0.92768323,-0.34036773,0.15347153
1356765992339,0.12591225,0.117239095,0.9850894,-0.35793662,0.93147326,-0.06510724,-0.9252176,-0.34440178,0.15924805
1356765992369,0.13764688,0.10015869,0.9854043,-0.36065567,0.93164563,-0.044316098,-0.92248625,-0.34929168,0.16436094
1356765992409,0.14775938,0.08425854,0.98542774,-0.36604726,0.9302696,-0.02465552,-0.91879094,-0.35707,0.16829866
1356765992439,0.156663,0.06826821,0.9852899,-0.37185532,0.9282762,-0.0051921606,-0.9149756,-0.36557186,0.17081243
1356765992469,0.16332552,0.054568768,0.985062,-0.3785215,0.92552125,0.011489302,-0.9110688,-0.3747436,0.1718167
1356765992498,0.16773736,0.043282226,0.98488116,-0.38589615,0.9221981,0.02519536,-0.90716505,-0.38428804,0.17138952
1356765992528,0.16990077,0.034487337,0.9848575,-0.39377922,0.9185089,0.03576809,-0.90336686,-0.39389345,0.16963577
1356765992559,0.1699067,0.028182417,0.98505706,-0.40192667,0.9146542,0.04315777,-0.8997703,-0.4032535,0.16673315
1356765992597,0.16681287,0.024437308,0.98568577,-0.4112254,0.9103199,0.04702507,-0.89614016,-0.4131834,0.16190231
1356765992639,0.16122496,0.023899183,0.98662823,-0.4208675,0.9059125,0.046829954,-0.89267963,-0.42278993,0.1561141
1356765992679,0.15401849,0.026259929,0.9877188,-0.43017888,0.90171397,0.043105915,-0.8895079,-0.43153495,0.15017712
1356765992709,0.14617062,0.031261727,0.98876536,-0.43847424,0.89800525,0.036428124,-0.88677764,-0.4388728,0.14496946
1356765992739,0.13850525,0.03734213,0.9896574,-0.44563654,0.8947568,0.028606743,-0.88443446,-0.4449897,0.14056951
1356765992769,0.13104942,0.0446489,0.99036986,-0.45193762,0.89183426,0.01959543,-0.8823709,-0.4501534,0.1370529
1356765992809,0.12411043,0.053177983,0.9908424,-0.45803598,0.888881,0.0096666515,-0.880227,-0.45504123,0.13467681
1356765992839,0.11635637,0.06508905,0.99107254,-0.46424037,0.8857017,-0.0036648512,-0.87803316,-0.45966938,0.13327402
1356765992879,0.109429955,0.07757722,0.99096256,-0.4714437,0.88173294,-0.016965643,-0.8750805,-0.46532655,0.13306129
1356765992919,0.10051464,0.09345479,0.9905367,-0.479496,0.87688226,-0.034074962,-0.8717685,-0.47153336,0.13295072
1356765992959,0.08799064,0.112467736,0.98975194,-0.48630574,0.87200177,-0.055854082,-0.8693472,-0.47640735,0.13142169
1356765993000,0.071011655,0.13437739,0.9883826,-0.48900434,0.86833096,-0.08292237,-0.8693861,-0.4774349,0.12737274
1356765993038,0.05035574,0.15855993,0.98606443,-0.48552603,0.86668247,-0.114568666,-0.8727708,-0.47299075,0.1206274
1356765993078,0.027933367,0.18379387,0.98256785,-0.4755707,0.867025,-0.1486611,-0.8792339,-0.46312788,0.11162591
1356765993117,0.005397819,0.20852928,0.9780012,-0.46002758,0.8688988,-0.18272753,-0.88788813,-0.44892126,0.100619376
1356765993159,-0.016443722,0.23136029,0.9727291,-0.44068137,0.87159616,-0.21475577,-0.8975129,-0.432195,0.087623894
1356765993197,-0.037606277,0.25091892,0.9672774,-0.41938257,0.8746295,-0.2431903,-0.90703034,-0.41480476,0.072339475
1356765993237,-0.058741845,0.2659895,0.9621845,-0.39747742,0.87791985,-0.26696134,-0.9157298,-0.3981284,0.054154158
1356765993278,-0.08120996,0.27555066,0.9578501,-0.37527877,0.8818466,-0.28550375,-0.9233476,-0.38264656,0.031793594
1356765993318,-0.10764938,0.27898702,0.954242,-0.352217,0.8868646,-0.29902232,-0.9297068,-0.36828983,0.0027935505
1356765993357,-0.14233562,0.27635854,0.95045596,-0.3280319,0.89279795,-0.30871814,-0.93388206,-0.35572147,-0.03642249
1356765993399,-0.19129652,0.269009,0.9439491,-0.303793,0.8982592,-0.31755352,-0.93333566,-0.347512,-0.09011078
1356765993437,-0.25855738,0.25888878,0.93065816,-0.28175753,0.901315,-0.3290046,-0.92399174,-0.34728652,-0.16009778
1356765993480,-0.3400907,0.24782951,0.90714884,-0.26352888,0.90088105,-0.3449143,-0.9027132,-0.35636202,-0.24107105
1356765993517,-0.41904417,0.2367853,0.8765469,-0.25003412,0.8979767,-0.36210608,-0.87286013,-0.3709051,-0.31708747
1356765993559,-0.47826272,0.22735065,0.8482785,-0.2432785,0.89381254,-0.37671575,-0.8438486,-0.38653705,-0.37216765
1356765993598,-0.50807667,0.22106844,0.8324584,-0.24612626,0.888935,-0.38628536,-0.8253969,-0.40115243,-0.3972364
1356765993637,-0.5076661,0.21961433,0.8330934,-0.26019627,0.88273215,-0.3912568,-0.8213239,-0.41539562,-0.39099032
1356765993679,-0.47962946,0.22407731,0.8483779,-0.2848523,0.87472034,-0.3920759,-0.8299487,-0.4297135,-0.3557127
1356765993719,-0.4282217,0.23531881,0.8724972,-0.3160874,0.8655072,-0.3885693,-0.8465903,-0.44217914,-0.29624766
1356765993776,-0.36150926,0.2543748,0.89699745,-0.34726793,0.8561067,-0.38273525,-0.8652837,-0.44986075,-0.22115433
1356765993799,-0.28727728,0.28064945,0.91580987,-0.37484697,0.8469173,-0.37712184,-0.8814542,-0.45162705,-0.13809949
1356765993838,-0.21586694,0.3146381,0.92433995,-0.3974119,0.8363906,-0.37751096,-0.89188856,-0.44883585,-0.055508137
1356765993875,-0.15836573,0.35690728,0.920618,-0.41565737,0.82164395,-0.39003867,-0.8956278,-0.4444304,0.018230915
1356765993918,-0.12121166,0.40635562,0.9056396,-0.43142474,0.80011934,-0.41675153,-0.893969,-0.4412304,0.07832807
1356765993996,-0.108853415,0.46305785,0.8796183,-0.44551757,0.7683033,-0.45959133,-0.888631,-0.4419135,0.12266797
1356765993999,-0.12088776,0.5292816,0.83978987,-0.45401573,0.7228424,-0.52093047,-0.8827547,-0.44425195,0.15291935
1356765994024,-0.14405665,0.5872126,0.7965105,-0.45780188,0.67404485,-0.57972497,-0.87730557,-0.44815725,0.1717264
1356765994056,-0.17579162,0.6368243,0.75070107,-0.4556535,0.6233348,-0.63547903,-0.87262666,-0.4537714,0.18059415
1356765994098,-0.21822906,0.6795247,0.7004442,-0.44499668,0.56949276,-0.6911265,-0.8685355,-0.46251932,0.17810637
1356765994138,-0.2656788,0.71627736,0.64526075,-0.42570174,0.5133635,-0.7451415,-0.86498135,-0.47265697,0.16853076
1356765994177,-0.30938065,0.745139,0.5908058,-0.39986333,0.46175283,-0.79176617,-0.8627822,-0.48119867,0.15509635
1356765994217,-0.34247196,0.76665425,0.5430971,-0.3702859,0.42112583,-0.8279743,-0.8634822,-0.48465908,0.13965744
1356765994257,-0.36199784,0.782562,0.50651187,-0.34009933,0.39503413,-0.85339355,-0.86792284,-0.48119095,0.12314731
1356765994298,-0.36898828,0.79411817,0.4829328,-0.3120575,0.3835855,-0.8691848,-0.8754815,-0.47142178,0.10627192
1356765994337,-0.3662995,0.8012992,0.4730163,-0.28794956,0.38577956,-0.87650406,-0.884822,-0.4572678,0.08942288
1356765994377,-0.35665816,0.8029543,0.47755563,-0.26842737,0.40154272,-0.87561995,-0.8948418,-0.440486,0.072321415
1356765994418,-0.34193164,0.7970538,0.497783,-0.25313982,0.43200636,-0.86561584,-0.9049879,-0.42199016,0.054049432
1356765994457,-0.32368574,0.780766,0.5344456,-0.24073598,0.47830573,-0.8445531,-0.9150267,-0.40203002,0.03313768
1356765994497,-0.30491605,0.75100267,0.58568025,-0.22865054,0.53925264,-0.81050944,-0.9245243,-0.38105345,0.0072903633
1356765994538,-0.29242444,0.70703125,0.64389026,-0.21251982,0.60843676,-0.7646175,-0.9323751,-0.36043233,-0.027663648
1356765994577,-0.29705277,0.65285504,0.696807,-0.18902762,0.67509854,-0.71309936,-0.93596387,-0.3435439,-0.077132225
1356765994618,-0.32928813,0.5975609,0.73108834,-0.1585891,0.72827023,-0.6666873,-0.9308161,-0.3354749,-0.14504403
1356765994657,-0.3906563,0.54949623,0.73854005,-0.12562709,0.7629623,-0.63411856,-0.911924,-0.34050307,-0.22902441
1356765994697,-0.46771884,0.51027006,0.7217088,-0.09786399,0.7816088,-0.61604404,-0.87844276,-0.3587647,-0.31563616
1356765994737,-0.5377021,0.47608313,0.6958601,-0.08537063,0.79034066,-0.60669065,-0.8388017,-0.38562483,-0.3843243
1356765994777,-0.5828711,0.4430632,0.6811434,-0.0962072,0.7947377,-0.5992797,-0.8068491,-0.41483372,-0.42060375
1356765994817,-0.5955431,0.40917692,0.69130516,-0.13367704,0.7980803,-0.5875358,-0.7921231,-0.44231448,-0.42059368
1356765994857,-0.57256204,0.3733973,0.7298954,-0.19547892,0.8024168,-0.5638398,-0.79621655,-0.4655124,-0.38644212
1356765994897,-0.5126954,0.33610216,0.7900499,-0.2713234,0.80960953,-0.52049595,-0.81457174,-0.48121485,-0.32389075
1356765994937,-0.4210975,0.30087546,0.85565805,-0.3435026,0.8202059,-0.45745835,-0.8394538,-0.48655537,-0.24203515
1356765994990,-0.28777638,0.26402393,0.92058456,-0.4051061,0.837456,-0.36681947,-0.8677982,-0.4784964,-0.13404238
1356765995029,-0.17988428,0.26281863,0.94792825,-0.43149602,0.8449068,-0.3161385,-0.8839982,-0.46589565,-0.0385803
1356765995069,-0.09935287,0.27905318,0.9551221,-0.44490948,0.8461211,-0.29348692,-0.89004743,-0.4541017,0.040088832
1356765995109,-0.05233954,0.3157003,0.9474144,-0.4544487,0.83725744,-0.3040993,-0.88923395,-0.4464676,0.09964794
1356765995149,-0.037747532,0.3700094,0.92826074,-0.46423343,0.8161044,-0.3441813,-0.884908,-0.44392174,0.1409648
1356765995189,-0.051471442,0.43704715,0.89796454,-0.47286245,0.7813107,-0.40737528,-0.8796316,-0.44558197,0.166448
1356765995229,-0.087721825,0.5101827,0.8555808,-0.4759498,0.73304754,-0.4859147,-0.87508667,-0.44983882,0.17851704
1356765995269,-0.13933936,0.5823114,0.8009356,-0.46930566,0.67338943,-0.57122576,-0.8719728,-0.45547795,0.17945242
1356765995309,-0.19823766,0.6470494,0.7362262,-0.4514022,0.60646456,-0.65455085,-0.8700218,-0.46209067,0.17185539
1356765995349,-0.25603577,0.70033526,0.6663154,-0.42354906,0.5383291,-0.72856575,-0.8689372,-0.46875614,0.15879482
1356765995389,-0.30537412,0.7410132,0.5980351,-0.3887095,0.47632006,-0.788685,-0.8692821,-0.473306,0.14258313
1356765995429,-0.34187704,0.7706788,0.5377492,-0.35092562,0.42613572,-0.83382225,-0.87176335,-0.47377467,0.12476492
1356765995469,-0.36496377,0.79188544,0.48961088,-0.31456512,0.39007705,-0.8653835,-0.87627053,-0.46984816,0.10673553
1356765995509,-0.37615162,0.80664086,0.4558952,-0.28305307,0.3684715,-0.88549966,-0.8822646,-0.46212476,0.089721024
1356765995547,-0.377266,0.81578183,0.4383723,-0.25815544,0.3619516,-0.8957381,-0.8893965,-0.45109972,0.07404655
1356765995587,-0.36984754,0.8188454,0.43898177,-0.23986387,0.37231362,-0.8965756,-0.89759576,-0.4368922,0.058712125
1356765995627,-0.3554989,0.8138105,0.45970964,-0.22709137,0.40189683,-0.88707864,-0.90666974,-0.41975155,0.041935444
1356765995667,-0.33677897,0.7973093,0.5008771,-0.21726489,0.45179406,-0.8652619,-0.9161746,-0.40022504,0.021072626
1356765995709,-0.31919795,0.76575494,0.55832976,-0.205215,0.51932,-0.82957435,-0.9252024,-0.37937605,-0.008621514
1356765995747,-0.31089336,0.71719897,0.62367535,-0.18874058,0.5965379,-0.7800767,-0.9315162,-0.3602335,-0.05009508
1356765995787,-0.3250035,0.6614668,0.67589533,-0.16240798,0.6650387,-0.72893566,-0.9316633,-0.34667736,-0.108712435
1356765995827,-0.36639512,0.60701144,0.70518917,-0.13043654,0.7169014,-0.68486404,-0.9212714,-0.3429133,-0.18349266
1356765995878,-0.43719104,0.564809,0.69989634,-0.09575586,0.74455273,-0.6606604,-0.8942566,-0.35585395,-0.271428
1356765995917,-0.4961869,0.516409,0.69794005,-0.08585875,0.7707526,-0.6313229,-0.86395997,-0.37317842,-0.33809912
1356765995958,-0.5284425,0.47021854,0.7068543,-0.10288799,0.7909947,-0.60310984,-0.8427114,-0.3914357,-0.36961538
1356765995997,-0.52460545,0.42168993,0.7395719,-0.15100104,0.80884725,-0.5682999,-0.8378471,-0.40980935,-0.36065006
1356765996035,-0.48891544,0.37353307,0.7883113,-0.21617852,0.8236133,-0.52433574,-0.8451204,-0.42677182,-0.32192743
1356765996078,-0.42036915,0.32336333,0.84777695,-0.29069564,0.8370953,-0.46343014,-0.85952646,-0.44125685,-0.25788873
1356765996117,-0.3311411,0.2795093,0.90123254,-0.35652965,0.8472507,-0.3937675,-0.87363166,-0.4517087,-0.18090618
1356765996157,-0.23646498,0.24856275,0.9393087,-0.40570474,0.85316193,-0.32789993,-0.8828861,-0.45861888,-0.100899816
1356765996197,-0.15411676,0.23902017,0.95870614,-0.4381411,0.8531506,-0.28313687,-0.88559616,-0.46368465,-0.02676022
1356765996237,-0.097095296,0.25625575,0.96172,-0.45964974,0.84551847,-0.2716995,-0.8827766,-0.4684351,0.035692036
1356765996277,-0.0732798,0.30365533,0.9499597,-0.47528446,0.8267649,-0.30093938,-0.8767752,-0.4735539,0.08373749
1356765996317,-0.086065754,0.3813899,0.92039907,-0.48564276,0.7905796,-0.37300807,-0.86991024,-0.47908837,0.11717743
1356765996357,-0.13385534,0.4833407,0.86513853,-0.48598513,0.72879773,-0.4823613,-0.8636558,-0.485011,0.13734287
1356765996397,-0.20771807,0.5943374,0.7769275,-0.4689884,0.63650256,-0.61230254,-0.8584306,-0.4915563,0.14652419
1356765996437,-0.29097688,0.69310385,0.6594995,-0.43131548,0.5202696,-0.73707974,-0.8539903,-0.49892545,0.14755994
1356765996477,-0.36477357,0.76425195,0.53184533,-0.37844852,0.40019548,-0.8346379,-0.85071564,-0.5057298,0.14324921
1356765996517,-0.41569304,0.80674267,0.41995907,-0.3229326,0.30073726,-0.89736927,-0.85024345,-0.50864863,0.13550913
1356765996557,-0.4401769,0.83029044,0.34185085,-0.2763832,0.23694772,-0.9313797,-0.85431635,-0.50445366,0.12517941
1356765996597,-0.44253725,0.84467447,0.30114055,-0.24343917,0.21004415,-0.94689953,-0.8630748,-0.4923478,0.112674534
1356765996637,-0.42976594,0.8540478,0.293093,-0.22315276,0.21406811,-0.9509877,-0.87493086,-0.47410667,0.098584
1356765996677,-0.40769666,0.85781145,0.31295857,-0.21318415,0.24384552,-0.946093,-0.8878828,-0.45243675,0.083456755
1356765996717,-0.37983298,0.8524496,0.35924444,-0.21155971,0.29800725,-0.9308244,-0.9005383,-0.42955944,0.06715107
1356765996757,-0.34789753,0.83187056,0.4323871,-0.21659338,0.37740576,-0.90036225,-0.9121703,-0.40688598,0.048879147
1356765996797,-0.3130931,0.78767496,0.5306043,-0.22598213,0.48085997,-0.8471752,-0.922445,-0.3851518,0.027446508
1356765996856,-0.27887428,0.712471,0.64390546,-0.23546475,0.5993087,-0.76510483,-0.93101317,-0.36498505,6.300211E-4
1356765996877,-0.25502798,0.60983515,0.7503744,-0.23923977,0.7121105,-0.6600476,-0.9368698,-0.34785002,-0.03571129
1356765996918,-0.25691202,0.5014743,0.8261475,-0.2347123,0.7968707,-0.5566931,-0.93750006,-0.33692816,-0.0870235
1356765996971,-0.30835128,0.42477787,0.8511658,-0.21882409,0.8390971,-0.4980282,-0.92576206,-0.33982322,-0.16578501
1356765996996,-0.37126482,0.3491972,0.8603625,-0.21400076,0.869464,-0.44523713,-0.90352976,-0.34941915,-0.24807292
1356765997036,-0.44908774,0.30767116,0.8388437,-0.20970473,0.87632203,-0.43368608,-0.8685299,-0.37067258,-0.3290254
1356765997077,-0.51119095,0.26944885,0.8161379,-0.21888085,0.87746215,-0.42679194,-0.8311287,-0.39680913,-0.3895735
1356765997118,-0.537946,0.21920975,0.81397855,-0.25233704,0.8794474,-0.40360665,-0.8043258,-0.42251557,-0.41778046
1356765997157,-0.51715916,0.14788204,0.84301674,-0.31572318,0.8825348,-0.34849864,-0.7955283,-0.4463892,-0.40972114
1356765997197,-0.4396214,0.053287536,0.8966011,-0.40012872,0.88209236,-0.24861632,-0.80413306,-0.46805286,-0.3664648
1356765997237,-0.3070966,-0.05437079,0.95012397,-0.4768224,0.8728051,-0.10417108,-0.8236092,-0.48503095,-0.2939607
1356765997277,-0.14597777,-0.15170127,0.97758746,-0.514047,0.85592794,0.056062415,-0.8452492,-0.4943421,-0.20292807
1356765997317,0.0049093645,-0.21856281,0.9758105,-0.5069823,0.8405688,0.1908219,-0.8619424,-0.49565554,-0.10668081
1356765997357,0.12194085,-0.25068903,0.96035695,-0.47653913,0.83397335,0.27820653,-0.8706554,-0.49157244,-0.017767727
1356765997397,0.20177355,-0.25400114,0.9459233,-0.44500542,0.83657086,0.31956112,-0.8725008,-0.48542,0.055765986
1356765997437,0.24883205,-0.23448423,0.9397338,-0.42477205,0.84554374,0.32345706,-0.8704316,-0.47965914,0.110796034
1356765997477,0.2683257,-0.19563568,0.94325393,-0.4199927,0.8574446,0.2973129,-0.86695296,-0.47593644,0.14790887
1356765997517,0.26447544,-0.1393267,0.954275,-0.4300481,0.868641,0.2460109,-0.8631984,-0.475448,0.16981703
1356765997557,0.23983395,-0.06653643,0.96853113,-0.45166504,0.8754538,0.17198639,-0.8593477,-0.4786998,0.17991138
1356765997597,0.19534844,0.021779299,0.98049206,-0.4795161,0.8742256,0.07611759,-0.8555135,-0.4850312,0.18122214
1356765997637,0.13218656,0.122996,0.9835643,-0.50569177,0.8617954,-0.039805964,-0.8525272,-0.49211854,0.17611581
1356765997677,0.055967867,0.22934808,0.97173405,-0.52050704,0.8372418,-0.16762625,-0.8520211,-0.4964127,0.16623592
1356765997717,-0.020398319,0.327142,0.9447551,-0.5175264,0.80504763,-0.28993925,-0.85542417,-0.4948499,0.152883
1356765997757,-0.08248089,0.40327638,0.91135347,-0.49886948,0.77494246,-0.3880637,-0.8627434,-0.48665425,0.13726431
1356765997797,-0.12313461,0.45214206,0.8834055,-0.47263354,0.7560215,-0.45282337,-0.8726141,-0.47328535,0.12060511
1356765997837,-0.14293969,0.4740365,0.86882544,-0.4464481,0.7525757,-0.48405984,-0.8833189,-0.45707682,0.104059756
1356765997877,-0.14598817,0.47100753,0.86996514,-0.42392737,0.7647702,-0.4851929,-0.8938529,-0.43963444,0.08802557
1356765997917,-0.13651025,0.44417536,0.88547903,-0.40541333,0.79051906,-0.45904207,-0.9038833,-0.42164898,0.07216066
1356765997996,-0.12274234,0.39766118,0.9092855,-0.38297263,0.8262688,-0.4130518,-0.9155689,-0.39893034,0.050875127
1356765998005,-0.09688844,0.3073622,0.94664735,-0.36539835,0.87372196,-0.32108256,-0.92579526,-0.37701252,0.027656078
1356765998036,-0.084744215,0.22346601,0.97102076,-0.3462464,0.90719074,-0.23899457,-0.93430823,-0.35646585,4.951358E-4
1356765998077,-0.10212511,0.16125059,0.98161536,-0.32603317,0.92684513,-0.18617323,-0.93982595,-0.3390521,-0.042081118
1356765998117,-0.14705473,0.1092016,0.9830818,-0.31294405,0.9376958,-0.150972,-0.93831813,-0.3298508,-0.10371864
1356765998157,-0.21737525,0.06990772,0.97358143,-0.3123256,0.9400108,-0.13723132,-0.9247706,-0.3339051,-0.18250108
1356765998197,-0.297543,0.039222136,0.95390236,-0.32507694,0.93528897,-0.1398554,-0.8976598,-0.35170466,-0.26553845
1356765998237,-0.36203644,0.008902833,0.9321214,-0.34890282,0.9259738,-0.14435816,-0.8644053,-0.3774827,-0.33213007
1356765998277,-0.38955328,-0.02740705,0.9205961,-0.3815619,0.9145449,-0.13423225,-0.83824754,-0.403555,-0.3667214
1356765998317,-0.37190074,-0.07015093,0.92561793,-0.41979468,0.9020598,-0.10030231,-0.8279264,-0.425872,-0.36492568
1356765998358,-0.31178474,-0.114564404,0.9432208,-0.45601732,0.8889428,-0.042766258,-0.8335698,-0.44345886,-0.32940215
1356765998397,-0.22207695,-0.15213324,0.9630873,-0.4791407,0.87728834,0.028095648,-0.8491795,-0.45521492,-0.26771873
1356765998437,-0.12143642,-0.17512213,0.9770288,-0.48309678,0.8702941,0.09594621,-0.8671047,-0.4603482,-0.19028634
1356765998477,-0.02602324,-0.1801991,0.98328584,-0.47190934,0.86933506,0.1468269,-0.88126296,-0.46020088,-0.10766053
1356765998517,0.053961158,-0.16754507,0.9843865,-0.4557879,0.8730007,0.17357183,-0.88845116,-0.4580376,-0.02925688
1356765998557,0.11346212,-0.13877249,0.9838031,-0.44445157,0.8785075,0.17517845,-0.88858825,-0.45712894,0.03799969
1356765998597,0.15029669,-0.09532204,0.9840349,-0.4431723,0.8832406,0.15324622,-0.88374734,-0.4591294,0.09050405
1356765998637,0.16378158,-0.03811121,0.9857603,-0.45259014,0.8849809,0.10941163,-0.8765488,-0.46406493,0.12769479
1356765998677,0.1541816,0.032277122,0.98751515,-0.46993375,0.8815764,0.044556648,-0.86913186,-0.4709365,0.15109098
1356765998717,0.122964144,0.11376108,0.9858692,-0.49054778,0.8705291,-0.039267465,-0.8626949,-0.47878748,0.16284913
1356765998757,0.07278926,0.20361085,0.97634226,-0.50910753,0.8493758,-0.13917722,-0.85761946,-0.48693264,0.16548526
1356765998797,0.009166837,0.29639208,0.95502245,-0.5206067,0.816831,-0.24850717,-0.8537475,-0.494913,0.16179144
1356765998837,-0.05975543,0.38504517,0.92096114,-0.5212048,0.7748229,-0.3577639,-0.8513371,-0.5013877,0.15438753
1356765998877,-0.12441984,0.46263576,0.8777744,-0.50929785,0.729444,-0.4566477,-0.85154885,-0.50386465,0.14486206
1356765998917,-0.17673126,0.5245316,0.83284616,-0.48692742,0.6887708,-0.5371188,-0.85537577,-0.50046134,0.13368154
1356765998958,-0.21275264,0.56938195,0.7940657,-0.45918512,0.6590799,-0.5956195,-0.8624878,-0.4913428,0.12123078
1356765998997,-0.23206705,0.5975467,0.7675172,-0.43118224,0.64410156,-0.6318346,-0.87190974,-0.47756782,0.10817683
1356765999038,-0.23638865,0.6091698,0.7569892,-0.4072557,0.64521945,-0.64640135,-0.8821923,-0.46109006,0.09556532
1356765999077,-0.22875148,0.6046574,0.7629299,-0.38762417,0.6623272,-0.64114755,-0.8929838,-0.4423936,0.0828715
1356765999117,-0.2120842,0.5824748,0.7846931,-0.37085047,0.69492674,-0.6160737,-0.9041517,-0.4216633,0.06862807
1356765999157,-0.19074315,0.5414759,0.8187924,-0.35422564,0.73994064,-0.57184964,-0.9155006,-0.39911363,0.050666034
1356765999197,-0.17262894,0.4837119,0.85803396,-0.33451015,0.7905485,-0.5129679,-0.92644614,-0.37557408,0.025334954
1356765999237,-0.16963457,0.41604778,0.8933803,-0.31048915,0.83779013,-0.44911495,-0.93531847,-0.3535703,-0.012939811
1356765999277,-0.19451997,0.3490484,0.91669357,-0.28495738,0.87413204,-0.3933095,-0.9385953,-0.33772513,-0.07057226
1356765999317,-0.253333,0.29074046,0.92265505,-0.26384506,0.89684176,-0.3550502,-0.930703,-0.33338392,-0.15048921
1356765999357,-0.33850995,0.24285677,0.90908283,-0.2523201,0.90730983,-0.33633813,-0.9065018,-0.34323367,-0.24585581
1356765999397,-0.42678472,0.2007909,0.88178104,-0.25382993,0.90925026,-0.3299004,-0.8680007,-0.36461887,-0.3370874
1356765999437,-0.49082595,0.15807061,0.8567984,-0.27147108,0.906702,-0.32279238,-0.8278848,-0.39103088,-0.4021213
1356765999478,-0.5135388,0.110395275,0.8509352,-0.30795562,0.9019088,-0.3028593,-0.8009002,-0.4175803,-0.42916834
1356765999517,-0.4900896,0.0572232,0.86979175,-0.3607365,0.89506924,-0.26214543,-0.7935246,-0.4422404,-0.41802162
1356765999558,-0.41805372,-4.567355E-4,0.9084222,-0.42169356,0.8858256,-0.193617,-0.8046152,-0.4640181,-0.3705153
1356765999598,-0.30876505,-0.054382175,0.9495824,-0.47163615,0.875733,-0.1032038,-0.8259682,-0.47972313,-0.29604435
1356765999637,-0.18084598,-0.096303955,0.97878504,-0.4963796,0.8680827,-0.006302193,-0.84905946,-0.48698866,-0.20479256
1356765999677,-0.057355013,-0.119582236,0.99116623,-0.4952153,0.86546075,0.0757599,-0.86687493,-0.4864955,-0.10885745
1356765999717,0.045131117,-0.122833595,0.99140054,-0.47970295,0.86784244,0.12936217,-0.8762695,-0.48141605,-0.019756913
1356765999757,0.119237214,-0.10786416,0.98698926,-0.463148,0.8732559,0.15138711,-0.8782234,-0.47517306,0.05416757
1356765999797,0.16387504,-0.07702674,0.9834693,-0.45384324,0.8792888,0.14449085,-0.87588316,-0.47001934,0.10913545
1356765999837,0.18109253,-0.032274798,0.98293626,-0.45452034,0.8835714,0.11275126,-0.8721334,-0.467183,0.1453386
1356765999877,0.17389143,0.02470389,0.9844549,-0.46419743,0.8837095,0.059818774,-0.8684944,-0.4673834,0.165137
1356765999936,0.14536795,0.09209901,0.98508173,-0.47965324,0.87738603,-0.011247963,-0.8653329,-0.47086254,0.17171937
1356766000014,0.09913829,0.166857,0.98098433,-0.49637443,0.86271966,-0.096577585,-0.86242914,-0.47736102,0.16835207
1356766000015,0.040399805,0.24438827,0.9688355,-0.5089678,0.8394358,-0.19052364,-0.85983694,-0.48540902,0.15829885
1356766000025,-0.018942878,0.31647795,0.94841063,-0.51301956,0.8111111,-0.28090873,-0.85816777,-0.4918745,0.14699465
1356766000054,-0.07265794,0.37705195,0.92333776,-0.5081817,0.78259903,-0.3595693,-0.8581795,-0.49534893,0.13474888
1356766000098,-0.1191562,0.42553514,0.89706284,-0.49326313,0.75874335,-0.42544103,-0.86168057,-0.49318194,0.119491816
1356766000137,-0.15271902,0.45861545,0.8754136,-0.47355196,0.7435294,-0.4721362,-0.86742467,-0.48665792,0.103627145
1356766000177,-0.17182937,0.47500157,0.8630459,-0.45379335,0.7394265,-0.49731284,-0.8743834,-0.4770974,0.08849734
1356766000217,-0.17699039,0.47332639,0.86292326,-0.4367236,0.7479534,-0.49983817,-0.88201296,-0.46532547,0.07433224
1356766000257,-0.1707886,0.453073,0.87496066,-0.4222205,0.7686921,-0.48046055,-0.890259,-0.45148352,0.060012817
1356766000297,-0.15721044,0.4146682,0.8962896,-0.40837878,0.79904544,-0.44130844,-0.89917266,-0.435404,0.043723464
1356766000337,-0.14195354,0.36033872,0.92195725,-0.39293888,0.8343502,-0.38659903,-0.9085418,-0.41715196,0.023152173
1356766000377,-0.13360682,0.2955989,0.9459231,-0.37453482,0.8686327,-0.32434696,-0.91753626,-0.3976161,-0.005343139
1356766000417,-0.14246103,0.2279425,0.9631963,-0.3548728,0.8966645,-0.2646849,-0.9239968,-0.37951943,-0.04684913
1356766000457,-0.17713481,0.1643588,0.9703657,-0.3392849,0.91531956,-0.21696974,-0.9238556,-0.36766332,-0.10637051
1356766000497,-0.23848918,0.107844055,0.9651387,-0.3341213,0.9240327,-0.18581343,-0.91185856,-0.36678785,-0.18433881
1356766000537,-0.31487465,0.057255402,0.9474047,-0.3424459,0.9240921,-0.16966015,-0.8852032,-0.37785655,-0.2713663
1356766000577,-0.38327125,0.009142429,0.92359066,-0.36308643,0.91795695,-0.15976009,-0.849277,-0.39657465,-0.34850705
1356766000617,-0.42200238,-0.038725823,0.9057672,-0.39244652,0.908432,-0.14400344,-0.8172513,-0.41623497,-0.39855832
1356766000657,-0.42145628,-0.08546658,0.9028123,-0.42615938,0.89743847,-0.11398442,-0.8004766,-0.4327814,-0.41465342
1356766000697,-0.38123837,-0.1280293,0.9155685,-0.45937163,0.885681,-0.06743024,-0.8022686,-0.44629318,-0.39646864
1356766000737,-0.30770302,-0.16167837,0.9376455,-0.48508942,0.8744241,-0.008412585,-0.8185397,-0.45743042,-0.34749138
1356766000778,-0.21233219,-0.18167998,0.9601601,-0.49616313,0.86653334,0.0542413,-0.84186524,-0.46487886,-0.27413583
1356766000818,-0.111637026,-0.18454713,0.97646284,-0.49077672,0.8646524,0.107305974,-0.8641039,-0.4672459,-0.18709862
1356766000857,-0.016893625,-0.17099683,0.98512673,-0.47474664,0.86849177,0.1426102,-0.8799603,-0.46527642,-0.09585214
1356766000907,0.07320431,-0.14377888,0.9868985,-0.45569217,0.87539446,0.16133556,-0.8871221,-0.46153238,-0.0014362931
1356766000947,0.1295794,-0.09325907,0.9871737,-0.44573942,0.8838275,0.14200492,-0.88573444,-0.45842314,0.07295662
1356766000994,0.15896606,-0.036057085,0.98662543,-0.44760552,0.8880954,0.10457486,-0.8799882,-0.45824283,0.12503767
1356766001029,0.16199389,0.028033555,0.9863936,-0.45959044,0.8867067,0.05027744,-0.87323236,-0.46148166,0.15652502
1356766001069,0.14104494,0.09807049,0.98513377,-0.47760034,0.8783704,-0.01906249,-0.8671818,-0.46781155,0.1707282
1356766001109,0.09957091,0.17265554,0.97993654,-0.49650258,0.86208737,-0.10144226,-0.86230546,-0.4764403,0.17156273
1356766001149,0.04279846,0.2487492,0.967622,-0.5113974,0.8374669,-0.19267046,-0.858278,-0.4865933,0.16305196
1356766001189,-0.022068262,0.32249355,0.94631433,-0.5184213,0.8056507,-0.28664663,-0.8548405,-0.4969153,0.14940822
1356766001229,-0.08653247,0.3899749,0.9167506,-0.5150344,0.7701832,-0.37624118,-0.85279053,-0.5047152,0.13420463
1356766001269,-0.14278618,0.44816956,0.8824717,-0.50103813,0.73619354,-0.45495045,-0.85356486,-0.50711256,0.119431734
1356766001309,-0.18594307,0.49549556,0.8484746,-0.47938597,0.7080317,-0.5185365,-0.8576795,-0.5031652,0.10588002
1356766001349,-0.21454084,0.53134984,0.8195362,-0.45471907,0.6882571,-0.5652723,-0.86440897,-0.4939327,0.093955636
1356766001389,-0.22926614,0.55524087,0.7994652,-0.43115604,0.6784396,-0.5948312,-0.8726635,-0.48106888,0.08385223
1356766001429,-0.23182184,0.56623596,0.79097116,-0.41085654,0.68004143,-0.6072401,-0.8817344,-0.46574724,0.07499331
1356766001469,-0.22427687,0.5627253,0.7956382,-0.39392924,0.6944114,-0.6021732,-0.8913584,-0.44847867,0.065933526
1356766001509,-0.20906517,0.54269534,0.8134947,-0.37880713,0.72198594,-0.5790005,-0.90155256,-0.42920637,0.05463475
1356766001549,-0.19074081,0.50466627,0.8419798,-0.3628633,0.76072717,-0.5381676,-0.91211194,-0.40817407,0.038023114
1356766001589,-0.17836699,0.45026252,0.8748993,-0.3435044,0.8047221,-0.48417684,-0.92205745,-0.38689294,0.011131346
1356766001629,-0.18428554,0.3853472,0.9041828,-0.32104558,0.84587884,-0.4259328,-0.92896104,-0.36877713,-0.032169223
1356766001669,-0.21771407,0.31759787,0.92289335,-0.30048198,0.8778373,-0.37297747,-0.92860705,-0.3585153,-0.095685124
1356766001707,-0.27861813,0.25341326,0.9263658,-0.28850704,0.8979253,-0.33240595,-0.91604346,-0.35987738,-0.1770668
1356766001747,-0.353154,0.19487534,0.9150442,-0.29009998,0.9070475,-0.3051341,-0.8894516,-0.37321362,-0.26379412
1356766001787,-0.41811162,0.14080185,0.8974171,-0.3068643,0.9079469,-0.28542373,-0.8549953,-0.39472428,-0.33641613
1356766001827,-0.45258462,0.08840781,0.88732815,-0.33798152,0.9038218,-0.2624397,-0.8251883,-0.4186767,-0.37917566
1356766001867,-0.44498318,0.03547372,0.894836,-0.3820747,0.89619046,-0.22552517,-0.80994374,-0.44224915,-0.38523602
1356766001907,-0.3913381,-0.018359423,0.92006385,-0.4342816,0.88515115,-0.1670537,-0.81132853,-0.46494126,-0.35436654
1356766001947,-0.29650965,-0.069524884,0.9524959,-0.48197353,0.871916,-0.08639404,-0.8244899,-0.48469445,-0.2920407
1356766001996,-0.17678192,-0.11100893,0.97796994,-0.5103562,0.8599464,0.0053580254,-0.84159654,-0.4981658,-0.20867705
1356766002029,-0.055158347,-0.13649136,0.9891045,-0.5144705,0.85287666,0.08900271,-0.8557323,-0.50395584,-0.11726403
1356766002069,0.04996347,-0.14415888,0.9882924,-0.5019241,0.8518696,0.14963429,-0.8634674,-0.503524,-0.029794455
1356766002109,0.12909621,-0.1352849,0.9823605,-0.48488688,0.855528,0.18153933,-0.86499643,-0.49976978,0.044847548
1356766002149,0.17992261,-0.11183864,0.9773024,-0.47279936,0.8613981,0.18561797,-0.86260575,-0.4954648,0.10210776
1356766002189,0.20414183,-0.07553609,0.9760228,-0.46999782,0.8670314,0.1654043,-0.85873646,-0.49249446,0.14149559
1356766002229,0.20447144,-0.027473733,0.9784869,-0.4767009,0.8702688,0.12404998,-0.8549547,-0.49181032,0.16484839
1356766002269,0.18350202,0.031187996,0.9825245,-0.49043703,0.8691228,0.06400862,-0.8519381,-0.49361214,0.17478156
1356766002309,0.14420533,0.09850715,0.9846325,-0.50706697,0.8618237,-0.0119577795,-0.84975755,-0.49755025,0.17422926
1356766002349,0.091196954,0.17082809,0.98107135,-0.52136236,0.8475596,-0.099116445,-0.8484483,-0.5024545,0.16635817
1356766002389,0.031213269,0.24266757,0.9696073,-0.5277749,0.827817,-0.19019122,-0.8488106,-0.50579786,0.15391272
1356766002429,-0.027169779,0.3073795,0.95119905,-0.5226475,0.8067625,-0.27563366,-0.85211587,-0.50463074,0.1387316
1356766002469,-0.07571815,0.35869867,0.93037736,-0.50699925,0.78959215,-0.345682,-0.8586143,-0.497875,0.12207353
1356766002509,-0.10911667,0.39220217,0.9133844,-0.48597535,0.7805223,-0.39320853,-0.86713415,-0.4867879,0.10543257
1356766002549,-0.12538916,0.40519089,0.90559256,-0.4648857,0.7823854,-0.41443256,-0.8764467,-0.4729624,0.0902648
1356766002589,-0.12522645,0.3960018,0.90967077,-0.44613782,0.79648,-0.40814298,-0.88615996,-0.45694882,0.076931
1356766002629,-0.111635715,0.36406273,0.92465967,-0.42898202,0.8216592,-0.3753005,-0.8963881,-0.43855938,0.06444985
1356766002669,-0.08965635,0.31043756,0.94635636,-0.41117764,0.853893,-0.3190607,-0.9071354,-0.41772637,0.051088035
1356766002709,-0.06721876,0.2397482,0.96850526,-0.39070815,0.8868537,-0.24665278,-0.9180571,-0.39498258,0.034058332
1356766002749,-0.05509779,0.16026959,0.98553425,-0.3683323,0.91415775,-0.16925436,-0.92806,-0.37232965,0.008664429
1356766002789,-0.0647496,0.08180259,0.994543,-0.3493318,0.9317142,-0.09937805,-0.9347592,-0.3538602,-0.03175187
1356766002829,-0.10267538,0.0103713125,0.9946608,-0.3421982,0.93854433,-0.045110106,-0.93400115,-0.34500286,-0.09281635
1356766002869,-0.16584665,-0.052837953,0.98473495,-0.3535102,0.935384,-0.009347394,-0.92061144,-0.3496641,-0.17380905
1356766002909,-0.2384969,-0.110444844,0.96484256,-0.38366538,0.92340827,0.010864675,-0.8921436,-0.3675855,-0.26260388
1356766002949,-0.2958225,-0.16635023,0.9406469,-0.4266792,0.9040381,0.025690451,-0.8546542,-0.39375466,-0.338413
1356766003007,-0.31669885,-0.22270189,0.9220118,-0.47487193,0.8786828,0.049124047,-0.8210959,-0.42228,-0.38403273
1356766003047,-0.2966485,-0.27724314,0.9138577,-0.5189662,0.8501028,0.089439124,-0.80166936,-0.44772926,-0.39606154
1356766003067,-0.23311627,-0.32703298,0.91580904,-0.5517169,0.8199932,0.15237959,-0.8007903,-0.46974522,-0.3715834
1356766003108,-0.13725543,-0.3654452,0.9206579,-0.56276006,0.79364926,0.23113199,-0.8151455,-0.48638535,-0.31459063
1356766003145,-0.02892515,-0.3869516,0.92164624,-0.54669344,0.7780339,0.30949864,-0.8368331,-0.49490568,-0.23404866
1356766003188,0.07564038,-0.39095998,0.9172943,-0.5086264,0.77612436,0.3727334,-0.8576583,-0.49475384,-0.1401462
1356766003227,0.16420797,-0.37981182,0.91037273,-0.46244073,0.78555906,0.4111514,-0.8713118,-0.4885078,-0.046645403
1356766003267,0.23254973,-0.35796747,0.90431184,-0.42099324,0.8011317,0.42538527,-0.87674695,-0.4796324,0.03560108
1356766003308,0.27898103,-0.32859075,0.902329,-0.39234704,0.81862926,0.4194162,-0.8764892,-0.4710353,0.09946042
1356766003347,0.30471158,-0.29402533,0.9059249,-0.37902793,0.8351636,0.3985468,-0.87377834,-0.46481267,0.14304018
1356766003387,0.31248233,-0.2555791,0.9148957,-0.38012254,0.84900814,0.36700398,-0.8705525,-0.46245474,0.16814864
1356766003427,0.3055766,-0.2140007,0.92780745,-0.39294827,0.85922587,0.32760108,-0.867303,-0.46468753,0.17846811
1356766003467,0.28736037,-0.17013651,0.94259095,-0.41390538,0.8654122,0.28239003,-0.86377454,-0.47129115,0.17826474
1356766003507,0.26049727,-0.12499803,0.9573487,-0.43855596,0.8680623,0.23267245,-0.86012197,-0.48046154,0.17130923
1356766003547,0.22658446,-0.079650894,0.97072923,-0.46138048,0.8689586,0.17899427,-0.8577806,-0.4884328,0.16014314
1356766003587,0.18742418,-0.035513684,0.9816369,-0.47711027,0.87025297,0.12257883,-0.85862565,-0.49132326,0.14616251
1356766003627,0.14654535,0.0052520037,0.98919004,-0.48297223,0.8730751,0.06691532,-0.86328584,-0.4875574,0.13048166
1356766003667,0.10875157,0.03984852,0.99327,-0.47956157,0.8773375,0.01730898,-0.87074333,-0.47821647,0.11452162
1356766003707,0.07755572,0.06578626,0.9948152,-0.46926314,0.8827894,-0.021794423,-0.879646,-0.4651398,0.099336445
1356766003747,0.05378157,0.08163597,0.99521005,-0.4543957,0.8894837,-0.048407614,-0.88917494,-0.44961575,0.08493286
1356766003787,0.03604188,0.0870353,0.995553,-0.4363765,0.89757884,-0.06267193,-0.899042,-0.43217716,0.07033062
1356766003827,0.021672338,0.08227423,0.9963741,-0.4160483,0.9069557,-0.06584109,-0.90908426,-0.41311276,0.053885877
1356766003867,0.0064039826,0.06814483,0.9976548,-0.3945373,0.91691256,-0.060097203,-0.9188576,-0.39322722,0.03275758
1356766003907,-0.016518053,0.0459719,0.99880624,-0.3740832,0.9261097,-0.04881239,-0.9272481,-0.37444288,0.0018997788
1356766003947,-0.054799017,0.016846776,0.99835527,-0.35891658,0.9326966,-0.03543949,-0.9317596,-0.36026832,-0.04506427
1356766003995,-0.11427629,-0.018219605,0.9932819,-0.35476273,0.9346567,-0.023670927,-0.92794627,-0.35508442,-0.11327273
1356766004029,-0.19249192,-0.058174133,0.97957265,-0.36568323,0.93059146,-0.01659365,-0.91061664,-0.36140746,-0.20040464
1356766004069,-0.2750557,-0.10025324,0.95618707,-0.3899514,0.92070264,-0.015640154,-0.8787959,-0.37716842,-0.29233837
1356766004109,-0.33976543,-0.14037797,0.92997503,-0.41974875,0.9074927,-0.016370445,-0.8416475,-0.39591795,-0.36725813
1356766004149,-0.37141857,-0.1743922,0.91194063,-0.44756892,0.89417815,-0.011292085,-0.81346816,-0.41235036,-0.41016686
1356766004189,-0.36692315,-0.199229,0.9086667,-0.47038937,0.8824519,0.0035362095,-0.8025591,-0.42612964,-0.41750723
1356766004229,-0.32984108,-0.21289918,0.9197167,-0.4871212,0.87290555,0.027365237,-0.8086518,-0.4389873,-0.3916278
1356766004269,-0.26803195,-0.21411102,0.93931645,-0.49565136,0.86670613,0.056126893,-0.82612866,-0.4505297,-0.33842933
1356766004309,-0.19194758,-0.20253418,0.9602791,-0.49443263,0.86518186,0.08364621,-0.8477572,-0.45873764,-0.26620907
1356766004349,-0.110966176,-0.17914493,0.9775447,-0.48535717,0.8681093,0.10399434,-0.8672456,-0.46291843,-0.18327999
1356766004389,-0.03330174,-0.14562717,0.9887789,-0.47354594,0.8735285,0.1127042,-0.8801393,-0.46447897,-0.09805119
1356766004429,0.034104165,-0.103994,0.99399304,-0.4647267,0.8788562,0.10789302,-0.8847972,-0.4656147,-0.018356144
1356766004469,0.08496177,-0.055314794,0.9948476,-0.46277308,0.88204163,0.08856429,-0.8823959,-0.46791327,0.04934162
1356766004509,0.114792496,3.9841235E-4,0.9933894,-0.4689194,0.8815989,0.053833053,-0.8757495,-0.47199917,0.10138774
1356766004549,0.12164173,0.06374188,0.9905251,-0.4821499,0.87608415,0.002833113,-0.8676028,-0.47792625,0.1373015
1356766004589,0.10580111,0.13510457,0.98516643,-0.4993631,0.86396205,-0.064854085,-0.85990846,-0.48509413,0.15887439
1356766004629,0.06963992,0.21343106,0.9744729,-0.5155412,0.843985,-0.14800861,-0.85403013,-0.49207363,0.16880757
1356766004669,0.017993331,0.29557776,0.95514923,-0.525334,0.81560904,-0.24249971,-0.8507059,-0.497409,0.16995257
1356766004709,-0.041772977,0.3765669,0.9254471,-0.52527714,0.7796401,-0.34094763,-0.84990525,-0.50035864,0.16523409
1356766004749,-0.10142526,0.451108,0.8866873,-0.5143841,0.73911893,-0.43487036,-0.8515408,-0.50020474,0.15707749
