1356765655458,-0.20968011,0.044436187,0.9767598,-0.9306365,0.2973484,-0.21330628,-0.2999165,-0.9537344,-0.020994127
1356765655497,-0.6303124,0.18164152,0.75479305,-0.7160643,0.23958999,-0.6556283,-0.2999302,-0.95373106,-0.020949483
1356765655537,-0.6300487,0.18177384,0.75498134,-0.7162618,0.2395752,-0.655418,-0.30001265,-0.95370954,-0.02074635
1356765655579,-0.6295014,0.18204808,0.75537175,-0.71664387,0.23963219,-0.65497935,-0.30024916,-0.95364296,-0.020385146
1356765655617,-0.6285999,0.18229243,0.7560633,-0.71724594,0.23998809,-0.6541896,-0.3007,-0.9535068,-0.020107985
1356765655657,-0.6278201,0.18244815,0.75667334,-0.7176483,0.24071372,-0.65348125,-0.30136812,-0.95329404,-0.020191252
1356765655697,-0.6271865,0.18237984,0.7572151,-0.7178496,0.24186373,-0.6528352,-0.3022068,-0.953016,-0.020772398
1356765655737,-0.6266356,0.18199939,0.75776255,-0.71793365,0.2434209,-0.65216374,-0.30314875,-0.9526923,-0.021872759
1356765655777,-0.6259739,0.18127406,0.75848293,-0.7180999,0.24530733,-0.65127325,-0.3041203,-0.95234656,-0.023383081
1356765655818,-0.6249331,0.18024778,0.7595849,-0.7186197,0.24735063,-0.64992565,-0.30503142,-0.95201284,-0.025047958
1356765655857,-0.62329435,0.17904067,0.7612152,-0.7197356,0.24926215,-0.6479576,-0.30575287,-0.951742,-0.026501715
1356765655897,-0.62099797,0.17781216,0.76337695,-0.72154355,0.25074005,-0.64537144,-0.30616403,-0.9515841,-0.027409852
1356765655957,-0.61827016,0.17664832,0.7658573,-0.7238476,0.2516985,-0.6424115,-0.30624598,-0.95154786,-0.027751207
1356765655978,-0.6156247,0.1755125,0.7682458,-0.7261613,0.25232732,-0.6395472,-0.30609798,-0.9515915,-0.027888596
1356765656018,-0.6134896,0.1743932,0.7702061,-0.72805893,0.25286514,-0.63717306,-0.30587694,-0.95165443,-0.028161585
1356765656055,-0.61208373,0.17335287,0.77155834,-0.7293234,0.25340056,-0.6355121,-0.30568117,-0.9517021,-0.02867204
1356765656098,-0.6116687,0.17235321,0.77211124,-0.7297412,0.2539854,-0.6347985,-0.3055145,-0.95172775,-0.029581666
1356765656137,-0.6124456,0.17133707,0.7717215,-0.7291423,0.25469625,-0.6352018,-0.3053882,-0.9517213,-0.03105855
1356765656177,-0.6141133,0.17045385,0.7705909,-0.72768223,0.25568926,-0.63647586,-0.3055216,-0.9516136,-0.032985985
1356765656217,-0.61571276,0.1701703,0.7693763,-0.72596556,0.25714642,-0.6378477,-0.30638513,-0.9512717,-0.034790576
1356765656257,-0.615939,0.17103481,0.76900333,-0.72489065,0.2591734,-0.6382497,-0.30846816,-0.95056623,-0.035653472
1356765656298,-0.6137122,0.17335978,0.77026206,-0.7252492,0.2617976,-0.6367696,-0.312043,-0.9494253,-0.03493935
1356765656337,-0.60891676,0.17687589,0.77326274,-0.72712904,0.2651351,-0.6332351,-0.31702316,-0.9478493,-0.032833636
1356765656397,-0.60244614,0.1807721,0.77741885,-0.729856,0.26947093,-0.6282479,-0.32306147,-0.9458894,-0.03040415
1356765656419,-0.59566665,0.18397307,0.7818793,-0.73250616,0.27497804,-0.6227534,-0.32956946,-0.9436848,-0.0290339
1356765656459,-0.5894649,0.18549383,0.7862081,-0.7345787,0.2817946,-0.61724055,-0.33604354,-0.94137335,-0.029848158
1356765656499,-0.58396125,0.1844334,0.79055274,-0.7361259,0.290222,-0.61146533,-0.3422104,-0.93901837,-0.03371221
1356765656539,-0.57863593,0.1799764,0.79548025,-0.7375794,0.30078405,-0.60457057,-0.3480762,-0.93655616,-0.041297615
1356765656579,-0.572621,0.17143753,0.80169475,-0.73965526,0.31371313,-0.59539413,-0.3535751,-0.9339129,-0.052834094
1356765656619,-0.56507754,0.15840408,0.80968857,-0.7432239,0.32834768,-0.5829288,-0.3581977,-0.9311799,-0.067812204
1356765656659,-0.555225,0.14097396,0.81966543,-0.74914503,0.34330523,-0.56650084,-0.36125728,-0.9285838,-0.08500171
1356765656699,-0.54206073,0.119925946,0.8317379,-0.7581147,0.3572113,-0.5455843,-0.36253586,-0.92629254,-0.10271257
1356765656739,-0.5248167,0.09663725,0.84571195,-0.77017456,0.36918682,-0.52012706,-0.36248937,-0.92431724,-0.1193279
1356765656768,-0.5026857,0.07293394,0.861387,-0.7849853,0.37884682,-0.49017656,-0.36208427,-0.92258096,-0.13318884
1356765656799,-0.480397,0.05146849,0.8755398,-0.79899657,0.38600582,-0.4610901,-0.36169508,-0.9210595,-0.14431292
1356765656828,-0.4578618,0.03241679,0.88843215,-0.81215954,0.39122382,-0.4328289,-0.36160672,-0.91972446,-0.15279883
1356765656858,-0.4352094,0.01589045,0.90018904,-0.8243339,0.39501405,-0.40550905,-0.362031,-0.9185377,-0.15881479
1356765656897,-0.41143036,0.0021778643,0.91143864,-0.83578384,0.39800423,-0.37823015,-0.36358017,-0.917381,-0.16193086
1356765656939,-0.38584685,-0.009334743,0.92251563,-0.8467984,0.40043008,-0.35012594,-0.36613467,-0.9162798,-0.1624093
1356765656977,-0.3592127,-0.018098205,0.9330802,-0.85694337,0.40236956,-0.32209748,-0.36961365,-0.9152984,-0.16004539
1356765657018,-0.3314169,-0.02366066,0.9431877,-0.86610883,0.40410948,-0.29419556,-0.3741902,-0.91440463,-0.15442139
1356765657057,-0.30151922,-0.02558875,0.95311666,-0.8742102,0.40643454,-0.26564538,-0.380582,-0.9133215,-0.14491779
1356765657097,-0.27040312,-0.023870558,0.9624512,-0.8806678,0.41004112,-0.23725617,-0.38898113,-0.9117546,-0.1318984
1356765657139,-0.24015391,-0.018753797,0.97055364,-0.88526964,0.4144374,-0.21104315,-0.39827585,-0.9098846,-0.11613095
1356765657177,-0.21385661,-0.0104884505,0.9768088,-0.88865924,0.41731963,-0.19007668,-0.40564787,-0.9086993,-0.09856725
1356765657217,-0.19367048,9.42111E-4,0.9810662,-0.89202404,0.41610524,-0.1764924,-0.40839306,-0.909316,-0.0797469
1356765657258,-0.18039003,0.015902042,0.9834666,-0.8958803,0.41008863,-0.1709556,-0.40602708,-0.911907,-0.059729576
1356765657297,-0.1746997,0.034843773,0.9840051,-0.89955795,0.40069422,-0.1738956,-0.40034437,-0.91554904,-0.03865719
1356765657337,-0.17804399,0.05795148,0.98231465,-0.90180683,0.3898469,-0.18645093,-0.3937574,-0.9190544,-0.017148852
1356765657396,-0.19168654,0.08516756,0.9777539,-0.9015554,0.37844214,-0.2097123,-0.387884,-0.92169845,0.0042409897
1356765657419,-0.21627545,0.11642578,0.9693658,-0.8979523,0.36605412,-0.2443074,-0.38328403,-0.9232819,0.02537626
1356765657459,-0.24974716,0.15139303,0.956403,-0.8906965,0.3515393,-0.28823572,-0.37985018,-0.92385083,0.047049224
1356765657499,-0.29021233,0.18986386,0.93793845,-0.8793048,0.33385605,-0.33965158,-0.377624,-0.9233049,0.07005906
1356765657539,-0.32840198,0.23100144,0.91585517,-0.8656753,0.3142625,-0.38967356,-0.3778341,-0.9208026,0.09676772
1356765657569,-0.36292005,0.27292243,0.8909558,-0.8504541,0.29373747,-0.43640137,-0.38081083,-0.91609585,0.12550479
1356765657598,-0.37698632,0.3132627,0.87163514,-0.84084487,0.27888513,-0.46389973,-0.3884086,-0.90779376,0.15826946
1356765657629,-0.36547005,0.3525288,0.86148417,-0.8396882,0.27453494,-0.4685662,-0.4016906,-0.89462507,0.19568002
1356765657658,-0.3259418,0.389616,0.86137176,-0.84664226,0.28512263,-0.44933498,-0.42066467,-0.87573075,0.23693204
1356765657689,-0.26301908,0.42131752,0.86793584,-0.85677415,0.31160867,-0.41089922,-0.44357532,-0.8516993,0.27901495
1356765657729,-0.18144447,0.44450873,0.8772057,-0.8634185,0.35497546,-0.3584703,-0.47072968,-0.8224381,0.3193887
1356765657759,-0.11068088,0.45460135,0.8837914,-0.8633092,0.39658958,-0.31211206,-0.49238902,-0.79753006,0.34856665
1356765657789,-0.06696087,0.45630166,0.88730204,-0.85965216,0.42503363,-0.28345093,-0.50647235,-0.7817513,0.36380017
1356765657829,-0.07207996,0.45300323,0.8885902,-0.85670644,0.42809206,-0.2877349,-0.51074326,-0.7820009,0.35723388
1356765657860,-0.09205592,0.44212306,0.892218,-0.85498977,0.42419344,-0.2984165,-0.51040983,-0.79030824,0.33896118
1356765657899,-0.16088915,0.42864448,0.8890324,-0.84815186,0.40059948,-0.34663886,-0.50473076,-0.80980486,0.2991035
1356765657929,-0.2295351,0.4077361,0.8837787,-0.8369857,0.3807513,-0.3930437,-0.49675798,-0.8299275,0.25387353
1356765657975,-0.33327836,0.3817504,0.86208594,-0.80974406,0.3524714,-0.4691252,-0.48294938,-0.8544182,0.19164896
1356765658007,-0.4193765,0.3476299,0.838616,-0.77889836,0.33671814,-0.52909195,-0.46630538,-0.87508535,0.12955672
1356765658047,-0.4952038,0.31113374,0.811153,-0.7447274,0.3287809,-0.5807618,-0.4473862,-0.8916832,0.068896234
1356765658087,-0.55036384,0.2738276,0.7887447,-0.7163567,0.33038837,-0.61455405,-0.4288739,-0.9032508,0.014324427
1356765658127,-0.5831896,0.23843381,0.77655596,-0.69937325,0.33892673,-0.62928987,-0.41323954,-0.9100977,-0.030904353
1356765658167,-0.5951577,0.206449,0.7766378,-0.69591737,0.35087025,-0.6265693,-0.4018537,-0.91338325,-0.06515175
1356765658207,-0.5894603,0.17837742,0.7878566,-0.7047001,0.36322284,-0.6094808,-0.39488506,-0.9144674,-0.08840281
1356765658247,-0.5694328,0.15418121,0.80744934,-0.7226509,0.37429458,-0.5811018,-0.39181888,-0.91440237,-0.1017164
1356765658287,-0.53777343,0.13364074,0.83243006,-0.7464137,0.38361204,-0.5437907,-0.39200276,-0.9137734,-0.10654503
1356765658327,-0.49712837,0.11635798,0.8598397,-0.7726664,0.3915072,-0.49970865,-0.39477858,-0.9127885,-0.10472351
1356765658395,-0.45118478,0.10189405,0.88659453,-0.798239,0.39815655,-0.45198005,-0.39905748,-0.9116408,-0.09830636
1356765658409,-0.40511394,0.08983177,0.90984225,-0.8210074,0.4021302,-0.4052632,-0.40228054,-0.911165,-0.08915597
1356765658448,-0.36369786,0.08039114,0.92804164,-0.8408356,0.4004337,-0.36420932,-0.4008984,-0.91279256,-0.078041196
1356765658489,-0.329359,0.07452494,0.9412591,-0.8587725,0.39072102,-0.3314315,-0.39246958,-0.9174874,-0.06468749
1356765658518,-0.30499646,0.07327077,0.9495306,-0.8728472,0.3773059,-0.3094801,-0.38093933,-0.9231856,-0.051122785
1356765658549,-0.28837362,0.0759736,0.95449924,-0.8843962,0.36093363,-0.29592267,-0.36699322,-0.92949176,-0.03689301
1356765658579,-0.2805519,0.08293587,0.95624906,-0.8930208,0.34265602,-0.2917202,-0.35185856,-0.935793,-0.022069335
1356765658619,-0.27880254,0.094976336,0.95564044,-0.9002298,0.32070294,-0.2945098,-0.3344482,-0.94240606,-0.00391227
1356765658649,-0.29815006,0.114394784,0.94763935,-0.89962256,0.29815447,-0.31903473,-0.31903884,-0.94763803,0.0140173435
1356765658689,-0.31835413,0.13751557,0.93794465,-0.8972653,0.2755491,-0.34494615,-0.3058853,-0.95140016,0.03566569
1356765658728,-0.35092884,0.16861334,0.9210964,-0.8881582,0.2517255,-0.38445988,-0.2966885,-0.9529973,0.06141758
1356765658777,-0.39416587,0.20402783,0.8961059,-0.87158436,0.22628033,-0.43489987,-0.29150274,-0.9524546,0.088635564
1356765658797,-0.41317946,0.24468902,0.8771602,-0.86130536,0.20776272,-0.46366775,-0.29569563,-0.94708073,0.124908626
1356765658834,-0.41011566,0.29539153,0.86287254,-0.8568138,0.19941634,-0.4755032,-0.31253046,-0.9343324,0.17131174
1356765658865,-0.3897758,0.34895873,0.85223377,-0.85689294,0.20158064,-0.47444668,-0.3373561,-0.91520107,0.22044903
1356765658908,-0.3280136,0.40432018,0.8537754,-0.8659864,0.23242223,-0.44277254,-0.37745824,-0.88459325,0.27389807
1356765658947,-0.26003802,0.44999358,0.85433364,-0.86876667,0.2771449,-0.4104085,-0.42145538,-0.84893847,0.31887126
1356765658987,-0.17912596,0.46371415,0.86768836,-0.870765,0.33576882,-0.3592043,-0.45791084,-0.8198954,0.3436411
1356765659028,-0.2006923,0.48218846,0.85277015,-0.8536527,0.3409868,-0.3937068,-0.48062426,-0.8069835,0.3431881
1356765659068,-0.26233512,0.48358935,0.8350579,-0.8321914,0.32470256,-0.4494727,-0.48850566,-0.81284046,0.317258
1356765659107,-0.34803832,0.46755093,0.81256723,-0.8031623,0.2983427,-0.51567626,-0.48352838,-0.8320985,0.27168453
1356765659147,-0.44574165,0.4353137,0.7821869,-0.7634766,0.27132118,-0.58607876,-0.46735197,-0.8584211,0.21141267
1356765659187,-0.538439,0.39132112,0.74629164,-0.7165325,0.25346565,-0.6498741,-0.44346872,-0.88465977,0.14391857
1356765659227,-0.61480993,0.34279966,0.71027964,-0.66953254,0.2491073,-0.69976544,-0.41681522,-0.90577805,0.076361895
1356765659267,-0.6697624,0.29690674,0.6806355,-0.63025546,0.25740933,-0.7324742,-0.39267844,-0.9195579,0.014724016
1356765659307,-0.70357144,0.2584958,0.66194195,-0.6036388,0.27412307,-0.7486499,-0.37497646,-0.9263026,-0.036827087
1356765659347,-0.7193786,0.22954133,0.6555952,-0.59071386,0.2943918,-0.7512593,-0.3654469,-0.9277091,-0.07618588
1356765659393,-0.7210864,0.20985122,0.6603006,-0.5895147,0.3148805,-0.74385667,-0.36401498,-0.9256418,-0.10334563
1356765659429,-0.71264607,0.19792849,0.6730229,-0.5964574,0.3340698,-0.72981906,-0.36928862,-0.9215323,-0.12001765
1356765659469,-0.697501,0.19184683,0.69042534,-0.60815287,0.35111243,-0.7119481,-0.37900192,-0.9164687,-0.12822902
1356765659509,-0.67872614,0.18946607,0.7095304,-0.62229025,0.36467415,-0.6926525,-0.38998157,-0.91165525,-0.12961102
1356765659549,-0.65875965,0.18883328,0.7282704,-0.6377501,0.37338012,-0.67369294,-0.3991373,-0.9082562,-0.1255393
1356765659589,-0.6395121,0.18830015,0.74536383,-0.65407944,0.37621444,-0.6562338,-0.4039856,-0.90719664,-0.11743045
1356765659629,-0.62250483,0.18672039,0.76001525,-0.6710934,0.37226975,-0.64113086,-0.40264288,-0.9091483,-0.106432915
1356765659669,-0.6083848,0.1839216,0.77203685,-0.68861246,0.361291,-0.6287143,-0.3945641,-0.9141344,-0.09315324
1356765659709,-0.5968783,0.18085954,0.7816816,-0.7060237,0.3444162,-0.6187957,-0.38113886,-0.92123145,-0.07788342
1356765659749,-0.58806145,0.17888948,0.78878534,-0.72190475,0.32370222,-0.6116129,-0.36474267,-0.92909384,-0.06121564
1356765659789,-0.58310467,0.1789239,0.7924489,-0.73448,0.30074185,-0.608353,-0.34717143,-0.9367714,-0.043947935
1356765659829,-0.58323807,0.18143415,0.79177964,-0.74234706,0.27667242,-0.6102239,-0.32977903,-0.9436811,-0.0266788
1356765659870,-0.588546,0.18674973,0.7865991,-0.7450986,0.25229633,-0.6173934,-0.31375414,-0.94945836,-0.009341061
1356765659909,-0.59773463,0.19532213,0.7775362,-0.7433069,0.22832686,-0.6287779,-0.30034667,-0.95379037,0.008705378
1356765659949,-0.6067239,0.20861831,0.7670492,-0.7395561,0.2056508,-0.64090914,-0.29144967,-0.9561308,0.02951169
1356765659989,-0.6085228,0.23022026,0.7594069,-0.73837423,0.18630135,-0.6481477,-0.2906953,-0.95513904,0.05662
1356765660041,-0.58159024,0.27313477,0.7662573,-0.75230926,0.17777365,-0.63437164,-0.30948925,-0.9454068,0.10209036
1356765660074,-0.53419536,0.3288776,0.77876496,-0.7731868,0.18237776,-0.6073883,-0.34178582,-0.9265948,0.15685844
1356765660118,-0.46177506,0.39003664,0.7966399,-0.7989225,0.20728415,-0.564585,-0.38533962,-0.8971648,0.21589047
1356765660157,-0.38205028,0.44116676,0.81204027,-0.8179034,0.24762774,-0.5193404,-0.43019944,-0.8625847,0.26622558
1356765660198,-0.3184538,0.4712964,0.822476,-0.8244878,0.29043794,-0.48565996,-0.46776798,-0.8327818,0.29608715
1356765660237,-0.2856452,0.47830373,0.83044106,-0.8210462,0.32477528,-0.46947232,-0.49425703,-0.815933,0.29993892
1356765660277,-0.28624308,0.4651373,0.8376827,-0.8119268,0.3464681,-0.46982425,-0.5087631,-0.8146209,0.27848327
1356765660317,-0.31416035,0.43593192,0.84336627,-0.8003156,0.35624903,-0.48226702,-0.510684,-0.82646835,0.23696381
1356765660357,-0.35981315,0.39472538,0.8454148,-0.787499,0.35746074,-0.50206286,-0.5003795,-0.84641224,0.18222684
1356765660397,-0.41470468,0.34483832,0.8420846,-0.77315587,0.35446364,-0.5259139,-0.47984368,-0.86916167,0.11961609
1356765660438,-0.46600062,0.29203537,0.8351999,-0.75907755,0.35302716,-0.5469673,-0.45458204,-0.8888685,0.057166576
1356765660477,-0.5085791,0.2408444,0.82664466,-0.74665296,0.35475492,-0.56272405,-0.4287852,-0.9034063,-5.9372187E-4
1356765660517,-0.5387493,0.19452858,0.8196999,-0.7383536,0.35950983,-0.57060206,-0.40568855,-0.91263974,-0.05005473
1356765660557,-0.55557805,0.15502018,0.8168854,-0.73582083,0.36581582,-0.5698654,-0.38717026,-0.91768605,-0.089172125
1356765660597,-0.56034136,0.12288958,0.8190945,-0.739159,0.37201363,-0.5614712,-0.3737133,-0.9200566,-0.11761969
1356765660637,-0.5547697,0.097860724,0.82622874,-0.7478056,0.3766663,-0.5467259,-0.36471555,-0.9211654,-0.1357823
1356765660677,-0.5405466,0.07934824,0.8375639,-0.76086545,0.3787247,-0.52692634,-0.35901678,-0.9221017,-0.14434499
1356765660717,-0.519572,0.06649867,0.851835,-0.7770753,0.37773216,-0.5034605,-0.3552449,-0.9235239,-0.14458454
1356765660757,-0.49432147,0.058125794,0.8673337,-0.7950514,0.37320113,-0.47813615,-0.35148197,-0.92592776,-0.13826835
1356765660797,-0.46728027,0.05325815,0.8825037,-0.81380427,0.36417133,-0.45288175,-0.3455022,-0.92980796,-0.12682837
1356765660837,-0.43988764,0.05202511,0.8965446,-0.8327091,0.35021347,-0.42888927,-0.33629492,-0.93522394,-0.110732734
1356765660877,-0.41312063,0.0551911,0.9090023,-0.8507983,0.33257538,-0.40686098,-0.32476684,-0.9414604,-0.09043723
1356765660917,-0.38904226,0.062794924,0.91907716,-0.86658424,0.3135264,-0.38824347,-0.31253466,-0.94750094,-0.06755793
1356765660957,-0.37027037,0.073961586,0.92597497,-0.87890244,0.2948041,-0.37499467,-0.3007165,-0.9526911,-0.04415226
1356765660997,-0.3581844,0.0878216,0.9295113,-0.88747674,0.27718568,-0.36817542,-0.28998098,-0.9567944,-0.021344006
1356765661037,-0.35216874,0.10399997,0.93014044,-0.8928056,0.26088375,-0.36720273,-0.2808476,-0.95975184,9.766817E-4
1356765661077,-0.34979433,0.122679204,0.9287592,-0.89587843,0.2460956,-0.36991718,-0.2739447,-0.96145034,0.023822784
1356765661117,-0.34610808,0.14523074,0.92688584,-0.8982787,0.23380822,-0.37206057,-0.27074817,-0.961375,0.049534738
1356765661157,-0.3328594,0.17455503,0.9266796,-0.9021063,0.22723436,-0.36683604,-0.2746066,-0.9580684,0.081830144
1356765661197,-0.2991025,0.2135224,0.9300246,-0.9088918,0.23307848,-0.34581798,-0.2906086,-0.94872683,0.12435442
1356765661237,-0.23583394,0.2607709,0.9361523,-0.9166889,0.26008272,-0.30337837,-0.32258934,-0.9297073,0.1777094
1356765661277,-0.14587486,0.30645972,0.9406396,-0.91831535,0.31172717,-0.24397328,-0.36799094,-0.89939344,0.23595357
1356765661317,-0.048724532,0.33633298,0.94048184,-0.90783864,0.37771052,-0.18210933,-0.4164793,-0.8626789,0.2869323
1356765661357,0.032431066,0.34293044,0.93880075,-0.8891612,0.43885982,-0.12959296,-0.45644325,-0.83054245,0.31915313
1356765661397,0.08443192,0.3280061,0.9408949,-0.87218255,0.48094282,-0.08939588,-0.481839,-0.81308424,0.3266881
1356765661438,0.107052535,0.29780462,0.94860536,-0.86347735,0.50083196,-0.059785247,-0.49289614,-0.8126991,0.31076288
1356765661477,0.09866887,0.25795925,0.9611043,-0.86576045,0.49844033,-0.04490015,-0.49063554,-0.8276558,0.27251148
1356765661517,0.06356302,0.21214283,0.9751693,-0.87684405,0.47847828,-0.046936363,-0.4765545,-0.852088,0.21642977
1356765661557,0.008333147,0.16365948,0.98648167,-0.8911357,0.44877416,-0.0669249,-0.45366046,-0.87853134,0.1495825
1356765661597,-0.058464587,0.11548588,0.991587,-0.90257645,0.4182886,-0.101932794,-0.42654127,-0.9009427,0.079779804
1356765661637,-0.125031,0.07057348,0.98963976,-0.9078152,0.394305,-0.14281204,-0.4002987,-0.91626585,0.014767289
1356765661677,-0.1795136,0.03150493,0.98325086,-0.90790766,0.3795372,-0.17791906,-0.37878558,-0.92463994,-0.03952849
1356765661717,-0.21457031,-3.0469894E-4,0.97670853,-0.9063784,0.3726606,-0.19900343,-0.3639202,-0.92796767,-0.080238104
1356765661757,-0.22889659,-0.024800181,0.97313476,-0.9060487,0.3709406,-0.20366359,-0.35592425,-0.9283254,-0.10737717
1356765661816,-0.22552061,-0.042669088,0.97330356,-0.9076853,0.37211585,-0.19400305,-0.35390374,-0.927205,-0.12264991
1356765661837,-0.20939383,-0.0549511,0.9762862,-0.9105406,0.37493196,-0.17418933,-0.35646895,-0.9254223,-0.12854362
1356765661878,-0.18593776,-0.0627003,0.980559,-0.91335523,0.3789354,-0.14896384,-0.36222842,-0.9232967,-0.12772602
1356765661915,-0.16070017,-0.0671933,0.98471344,-0.9155891,0.38274422,-0.12330237,-0.36860827,-0.9214076,-0.12302852
1356765661958,-0.13695887,-0.06895998,0.9881735,-0.9181452,0.38328597,-0.10050535,-0.37182224,-0.92105174,-0.11580968
1356765661997,-0.11572942,-0.06772271,0.9909694,-0.92237294,0.37751475,-0.08191913,-0.3685578,-0.92352384,-0.10615516
1356765662037,-0.09639081,-0.06219718,0.9933983,-0.92860866,0.36491433,-0.06725681,-0.35832205,-0.9289612,-0.09293115
1356765662077,-0.07978952,-0.051246196,0.99549353,-0.9355836,0.34846616,-0.057049304,-0.3439722,-0.9359194,-0.07574904
1356765662117,-0.06864086,-0.03468603,0.9970383,-0.94183105,0.33183417,-0.05329588,-0.3290028,-0.9426999,-0.05544579
1356765662157,-0.06596193,-0.0128771365,0.9977391,-0.9466232,0.31699112,-0.05849138,-0.31552124,-0.94834113,-0.033099174
1356765662197,-0.07340506,0.013898373,0.9972054,-0.9498417,0.30381265,-0.07415292,-0.3039942,-0.9526304,-0.009100139
1356765662237,-0.090961516,0.04559222,0.9948103,-0.9514296,0.2910583,-0.10033414,-0.29412228,-0.9556184,0.016902626
1356765662277,-0.11534271,0.08260995,0.98988473,-0.9511934,0.27796862,-0.13403198,-0.28622928,-0.95703137,0.04651636
1356765662317,-0.13816789,0.12594217,0.9823686,-0.94924384,0.26615062,-0.16763026,-0.28256968,-0.9556685,0.08277637
1356765662357,-0.14405006,0.17599839,0.97379375,-0.94686395,0.26145667,-0.18732077,-0.287573,-0.9490337,0.12898362
1356765662397,-0.112668514,0.23037401,0.9665576,-0.94513464,0.27534598,-0.17579862,-0.3066372,-0.933334,0.18671161
1356765662438,-0.04444197,0.27953848,0.95910543,-0.93987644,0.3137065,-0.13498303,-0.3386106,-0.9074395,0.2487899
1356765662477,0.038546145,0.31302032,0.9489639,-0.92531323,0.3697005,-0.084362,-0.37723944,-0.87483704,0.30389237
1356765662517,0.098890424,0.32940862,0.9389944,-0.9056921,0.4207092,-0.05220577,-0.4122406,-0.8452773,0.33994696
1356765662557,0.11534828,0.33567896,0.9348873,-0.8918853,0.44934303,-0.051297724,-0.43730462,-0.82789516,0.35121813
1356765662597,0.08123037,0.33885998,0.9373236,-0.88847893,0.45079246,-0.08597255,-0.451671,-0.8258087,0.33768803
1356765662637,-0.0054296255,0.3421417,0.93963265,-0.88980585,0.42712045,-0.16066599,-0.4563069,-0.83696306,0.30212057
1356765662678,-0.13859087,0.34384012,0.92874455,-0.88134575,0.38489687,-0.27401456,-0.45168805,-0.856521,0.24969894
1356765662717,-0.30063516,0.33918902,0.89138615,-0.84686863,0.33494037,-0.41307193,-0.43867064,-0.87907094,0.18655372
1356765662757,-0.46167243,0.32441926,0.8255971,-0.7813914,0.29180014,-0.55161595,-0.41986412,-0.8997804,0.1187824
1356765662797,-0.5904213,0.30094618,0.74888855,-0.7012413,0.26809847,-0.6605936,-0.399579,-0.9151801,0.052744865
1356765662837,-0.6731062,0.27419263,0.686838,-0.6331091,0.2663678,-0.72678816,-0.38223153,-0.924049,-0.005699992
1356765662877,-0.71412617,0.24825838,0.6545162,-0.59385216,0.28018588,-0.7542118,-0.3706256,-0.9272883,-0.052659273
1356765662917,-0.7235967,0.22406083,0.6528435,-0.5856034,0.3013574,-0.75249743,-0.36534438,-0.92681205,-0.086850405
1356765662957,-0.71007776,0.20081334,0.67488045,-0.6020914,0.32377452,-0.7298329,-0.36506933,-0.92457783,-0.108997166
1356765662997,-0.6801201,0.17775404,0.7112244,-0.63435805,0.34358656,-0.69248694,-0.36745948,-0.9221452,-0.12092042
1356765663037,-0.6392161,0.15464348,0.75331795,-0.6741347,0.358698,-0.645661,-0.3700609,-0.92055476,-0.12503499
1356765663077,-0.59275615,0.13183874,0.7945179,-0.71499926,0.36792266,-0.59448206,-0.3706969,-0.9204626,-0.12382388
1356765663117,-0.5461154,0.11013311,0.83043885,-0.7530029,0.36984873,-0.5442413,-0.3670758,-0.9225414,-0.11904955
1356765663157,-0.50303656,0.09075907,0.85948646,-0.7869477,0.36303592,-0.49891698,-0.35730568,-0.92734444,-0.11119765
1356765663197,-0.46427286,0.07557827,0.88246167,-0.8171294,0.34782785,-0.4596905,-0.3416874,-0.9345072,-0.099729836
1356765663237,-0.43032575,0.06694412,0.9001879,-0.8428604,0.32717317,-0.42725176,-0.32311934,-0.9425902,-0.0843665
1356765663277,-0.40593606,0.066961706,0.911445,-0.8615043,0.3048014,-0.40608668,-0.30500197,-0.95005906,-0.066042066
1356765663317,-0.39920533,0.07675579,0.91364306,-0.8700384,0.28266317,-0.40389955,-0.28925484,-0.9561434,-0.046060145
1356765663357,-0.41642678,0.09639117,0.9040451,-0.86616635,0.26013488,-0.42671496,-0.27630523,-0.960749,-0.024836361
1356765663400,-0.45745993,0.12512222,0.8803834,-0.8484905,0.23481983,-0.47426105,-0.26607206,-0.9639523,-0.001255691
1356765663438,-0.5234115,0.16170171,0.8365961,-0.8117511,0.20385396,-0.54726934,-0.2590378,-0.96555483,0.024562001
1356765663479,-0.5894873,0.20265004,0.78194475,-0.76566434,0.16830361,-0.6208317,-0.25741574,-0.9646796,0.055949092
1356765663518,-0.64169556,0.24929106,0.7253142,-0.71990883,0.13035697,-0.68171716,-0.26449573,-0.959615,0.09581733
1356765663559,-0.6534926,0.30493,0.6927952,-0.7012446,0.10067922,-0.70577604,-0.28496242,-0.94703823,0.14803731
1356765663599,-0.61146617,0.37237668,0.6981724,-0.72341144,0.09441966,-0.6839304,-0.32060093,-0.9232662,0.21164721
1356765663639,-0.5222765,0.44273514,0.72884357,-0.7701816,0.12205088,-0.6260383,-0.36612523,-0.888307,0.27724206
1356765663679,-0.42804003,0.49837023,0.75392896,-0.80547315,0.16796243,-0.5683323,-0.40987164,-0.8505385,0.32952917
1356765663718,-0.37550336,0.5321606,0.75881654,-0.81409675,0.20194697,-0.5444851,-0.44299418,-0.822206,0.35739833
1356765663759,-0.3814234,0.5469973,0.74519145,-0.79962444,0.2092334,-0.56286955,-0.46380714,-0.8105649,0.35758585
1356765663797,-0.43692666,0.5450186,0.7155766,-0.76459116,0.19401002,-0.6146223,-0.47380966,-0.8156684,0.33194822
1356765663837,-0.5210892,0.5266978,0.6716066,-0.7098295,0.16950154,-0.6836749,-0.4739284,-0.83298177,0.28554022
1356765663877,-0.61207813,0.4942474,0.6173168,-0.64000905,0.14890903,-0.75380015,-0.46448776,-0.85647285,0.22517884
1356765663917,-0.6940449,0.45267624,0.5598087,-0.5644278,0.14055502,-0.8134282,-0.44690356,-0.8805273,0.15795165
1356765663957,-0.7584733,0.40838486,0.50787795,-0.49447876,0.14700347,-0.85666835,-0.4245102,-0.900895,0.0904395
1356765663997,-0.80254877,0.36711836,0.47025484,-0.4408837,0.16606629,-0.8820678,-0.40191674,-0.91523015,0.028580189
1356765664037,-0.8275069,0.33206707,0.4527293,-0.41028315,0.1928078,-0.8913433,-0.38327548,-0.9233399,-0.023308277
1356765664077,-0.8363585,0.30337617,0.45658228,-0.40385172,0.22222286,-0.88742363,-0.3706862,-0.9265958,-0.063338995
1356765664117,-0.83213025,0.27922234,0.4791598,-0.41852888,0.25068778,-0.87292,-0.36385825,-0.92692536,-0.09174228
1356765664157,-0.81713194,0.25739008,0.51579624,-0.4493512,0.27606624,-0.8496299,-0.36108023,-0.9260334,-0.10992396
1356765664197,-0.7931165,0.23628671,0.5613687,-0.49101782,0.29728645,-0.8188543,-0.36037168,-0.9250888,-0.119761825
1356765664237,-0.7622288,0.21508166,0.6105302,-0.5381857,0.31350094,-0.7823511,-0.35967118,-0.9249092,-0.12320554
1356765664277,-0.72795886,0.19365288,0.6577039,-0.58573383,0.32294142,-0.7433873,-0.35635892,-0.92639476,-0.12165898
1356765664317,-0.6940384,0.17274675,0.6989057,-0.6302713,0.32339418,-0.70581454,-0.34794924,-0.93036264,-0.115570664
1356765664357,-0.6621702,0.1544976,0.7332538,-0.6706718,0.31429332,-0.6718772,-0.33426017,-0.93666977,-0.104498446
1356765664400,-0.6320883,0.14194497,0.7617847,-0.7067579,0.29749745,-0.64186335,-0.31773826,-0.9441117,-0.08772391
1356765664438,-0.60717547,0.13749501,0.78258103,-0.7346051,0.27821106,-0.61883277,-0.30280906,-0.9506281,-0.06791836
1356765664479,-0.591315,0.14158562,0.7939144,-0.7521583,0.25825107,-0.6062708,-0.29086846,-0.9556463,-0.04621297
1356765664518,-0.5921732,0.1540559,0.7909473,-0.75492066,0.23722798,-0.6114063,-0.28182557,-0.9591609,-0.024180114
1356765664559,-0.6113073,0.17334217,0.7721761,-0.7421045,0.21340144,-0.635406,-0.27492613,-0.9614637,-0.0018158555
1356765664599,-0.64526683,0.19782382,0.7378999,-0.7146832,0.18495882,-0.6745503,-0.26992318,-0.9626297,0.022033632
1356765664639,-0.6841079,0.22660908,0.69328535,-0.67831254,0.1517461,-0.7189334,-0.26812017,-0.9620922,0.04990107
1356765664679,-0.71375054,0.2612991,0.64983314,-0.64509284,0.11610806,-0.75523126,-0.2727921,-0.95824933,0.08568996
1356765664718,-0.7198982,0.3059873,0.62299156,-0.6315123,0.08366805,-0.7708385,-0.2879913,-0.948352,0.13300222
1356765664747,-0.70724535,0.35598743,0.61080015,-0.63549507,0.058425367,-0.76989114,-0.30975777,-0.9326625,0.18490726
1356765664806,-0.65103006,0.4186504,0.63316005,-0.6764157,0.05850786,-0.73419243,-0.34441477,-0.9062608,0.24509138
1356765664827,-0.573748,0.47847,0.66474044,-0.72428,0.0825392,-0.68454796,-0.38240278,-0.87421614,0.29918945
1356765664868,-0.511239,0.5193059,0.6848038,-0.75344867,0.11251438,-0.64780843,-0.4134609,-0.8471494,0.33374852
1356765664905,-0.48880458,0.53690016,0.6876106,-0.75750375,0.12975603,-0.63980585,-0.4327335,-0.8336076,0.34327847
1356765664948,-0.5111228,0.5334022,0.67397,-0.7379011,0.12977439,-0.66231453,-0.44074404,-0.83584726,0.32726747
1356765664987,-0.5648694,0.51248306,0.64674866,-0.6981041,0.1210981,-0.7056812,-0.43996966,-0.85011554,0.2893619
1356765665027,-0.6343434,0.47796458,0.6075841,-0.641156,0.1138103,-0.7589244,-0.43188834,-0.87097484,0.23425496
1356765665067,-0.7035965,0.43538243,0.5615996,-0.5746978,0.11618161,-0.8100767,-0.41794074,-0.89271724,0.16846836
1356765665108,-0.76148975,0.3914808,0.51660055,-0.5094575,0.13125563,-0.8504264,-0.40073234,-0.91077703,0.09949303
1356765665147,-0.804394,0.35133535,0.47907612,-0.45399845,0.15660149,-0.87713253,-0.38319167,-0.9230598,0.033536375
1356765665187,-0.83236194,0.31759283,0.45421186,-0.41465315,0.1869291,-0.890573,-0.367745,-0.92961943,-0.02390182
1356765665227,-0.8475966,0.29043853,0.44410068,-0.39374906,0.21680343,-0.893285,-0.3557269,-0.9320095,-0.06940192
1356765665267,-0.8523295,0.26867944,0.44871563,-0.39082235,0.2429393,-0.8878279,-0.34755176,-0.93209004,-0.10205835
1356765665307,-0.847987,0.25071514,0.46696895,-0.40412813,0.26419467,-0.87571776,-0.34292638,-0.93131256,-0.12271261
1356765665347,-0.83507526,0.23515269,0.49734557,-0.43154183,0.28070432,-0.85730785,-0.3412053,-0.93054193,-0.13293105
1356765665399,-0.8135567,0.22091973,0.5378848,-0.47054785,0.29333794,-0.8321884,-0.34162882,-0.9301329,-0.13469374
1356765665429,-0.7846134,0.20698072,0.5844149,-0.5167369,0.30254823,-0.80090415,-0.3425854,-0.9303889,-0.13042873
1356765665469,-0.75228745,0.19262384,0.6300473,-0.5637326,0.3067419,-0.7668865,-0.34098256,-0.9320973,-0.12216973
1356765665509,-0.72159874,0.17835502,0.668943,-0.60650355,0.30307406,-0.7350507,-0.33383924,-0.936128,-0.11052483
1356765665548,-0.694832,0.16630577,0.69967914,-0.6433707,0.29101557,-0.70808476,-0.3213761,-0.94215304,-0.09521067
1356765665589,-0.6723651,0.15925527,0.72288513,-0.67366093,0.27307254,-0.6867403,-0.3067671,-0.94871974,-0.07632041
1356765665629,-0.65652454,0.1590679,0.7373419,-0.69490266,0.25268054,-0.67324805,-0.2934041,-0.95438457,-0.055354357
1356765665669,-0.65167344,0.16610229,0.74008894,-0.7038336,0.2312864,-0.6716583,-0.28273645,-0.95860136,-0.033814788
1356765665709,-0.66080904,0.17971334,0.72872126,-0.6985463,0.20786399,-0.68470854,-0.27452615,-0.961507,-0.011820376
1356765665748,-0.6832311,0.19863684,0.7026653,-0.67927706,0.18017024,-0.7114221,-0.26791397,-0.9633702,0.011831582
1356765665789,-0.71364045,0.22157969,0.6645448,-0.64934677,0.14665323,-0.74621826,-0.26280445,-0.96405154,0.039224327
1356765665829,-0.7421188,0.24868418,0.6224274,-0.61730963,0.10819489,-0.7792449,-0.26112932,-0.96252275,0.07322168
1356765665869,-0.7555959,0.28311762,0.59069383,-0.5981529,0.06934857,-0.79837584,-0.26699805,-0.9565747,0.11694813
1356765665908,-0.74088115,0.33045194,0.58471936,-0.6081773,0.03932202,-0.7928267,-0.28498346,-0.94300336,0.17184037
1356765665949,-0.68773687,0.39290896,0.610443,-0.65325975,0.03183335,-0.7564644,-0.31665412,-0.9190262,0.23477858
1356765665989,-0.6002265,0.46013245,0.654222,-0.7157936,0.055949092,-0.696067,-0.35688615,-0.88608575,0.29577768
1356765666027,-0.5072039,0.51305336,0.6924743,-0.76578563,0.100314796,-0.63522387,-0.39536923,-0.8524748,0.3420087
1356765666067,-0.44320732,0.5415136,0.71437395,-0.78989226,0.14087355,-0.5968457,-0.42383647,-0.8288049,0.3653013
1356765666107,-0.42376196,0.5468204,0.7220895,-0.79148746,0.16408646,-0.58874714,-0.44042408,-0.82101345,0.3632679
1356765666147,-0.44664508,0.5329077,0.7186915,-0.7751107,0.1707471,-0.60831636,-0.446891,-0.828767,0.33679914
1356765666187,-0.49980742,0.5032193,0.70495594,-0.74321085,0.16878873,-0.6474164,-0.44478106,-0.84751445,0.28963625
1356765666227,-0.56801474,0.46160716,0.6813795,-0.69865245,0.16716152,-0.69565916,-0.4350217,-0.8711922,0.22755283
1356765666267,-0.636899,0.4133218,0.65078783,-0.64680797,0.17287809,-0.7428006,-0.4195226,-0.89402366,0.1572339
1356765666307,-0.6954036,0.36460167,0.6192572,-0.5959266,0.1889987,-0.78048134,-0.40160355,-0.9117813,0.08584547
1356765666348,-0.7373228,0.32084888,0.5944837,-0.5551573,0.21362591,-0.80384344,-0.3849094,-0.9227242,0.020610452
1356765666402,-0.76166594,0.28468484,0.58208203,-0.5305272,0.24177998,-0.8124551,-0.37202942,-0.92762977,-0.03312248
1356765666429,-0.7702009,0.2559777,0.5841797,-0.52370185,0.26897418,-0.80832493,-0.36404243,-0.92850864,-0.07310814
1356765666469,-0.765464,0.23305884,0.59979033,-0.5329219,0.2927906,-0.7938941,-0.360637,-0.9273388,-0.099918485
1356765666508,-0.75019825,0.21373579,0.6257153,-0.5544847,0.3121637,-0.7714276,-0.36020726,-0.9256732,-0.115671396
1356765666548,-0.7274282,0.19593576,0.6576148,-0.58396506,0.32647878,-0.7432337,-0.3603233,-0.9246733,-0.12307018
1356765666589,-0.70023245,0.17826082,0.69130135,-0.6172391,0.335405,-0.71170175,-0.35873446,-0.9250549,-0.124831855
1356765666629,-0.6714836,0.1601376,0.72350943,-0.6511525,0.33853656,-0.67925954,-0.35370937,-0.92722654,-0.12304771
1356765666669,-0.64349914,0.14166147,0.7522239,-0.6838752,0.3350361,-0.6481246,-0.34383637,-0.93149495,-0.11871666
1356765666707,-0.6170549,0.12384266,0.7771141,-0.71494645,0.32436913,-0.6193838,-0.32877797,-0.9377887,-0.11161268
1356765666747,-0.59099054,0.10873234,0.7993169,-0.74457157,0.30774015,-0.5923759,-0.31039238,-0.94523716,-0.10091251
1356765666787,-0.5641146,0.09863305,0.8197843,-0.7723273,0.28812194,-0.5661239,-0.29203632,-0.9525005,-0.08635676
1356765666827,-0.5373302,0.0948883,0.838017,-0.79672754,0.268762,-0.54128754,-0.276589,-0.95852137,-0.06881386
1356765666867,-0.51309925,0.097590506,0.8527633,-0.81638277,0.25130057,-0.5199684,-0.26504388,-0.9629767,-0.049270928
1356765666907,-0.4932443,0.10617319,0.86338717,-0.8310667,0.23569101,-0.50376356,-0.2569788,-0.9660108,-0.02801627
1356765666947,-0.47726142,0.120191276,0.87050307,-0.8418969,0.22137111,-0.49214274,-0.2518555,-0.96775454,-0.0044632554
1356765666987,-0.4613685,0.1401158,0.8760746,-0.8511943,0.20857978,-0.4816251,-0.25021476,-0.96791637,0.02303356
1356765667027,-0.4374395,0.16809478,0.8833972,-0.8625041,0.19951785,-0.4650584,-0.2544274,-0.9653687,0.057705462
1356765667067,-0.39355922,0.20708194,0.8956719,-0.87922287,0.19974756,-0.43251368,-0.26847404,-0.9577149,0.10345864
1356765667107,-0.31843686,0.2566594,0.91253704,-0.9005755,0.21858853,-0.37574282,-0.29590803,-0.94145894,0.1615346
1356765667147,-0.21291733,0.30703846,0.92757404,-0.9177021,0.2630334,-0.29771858,-0.335394,-0.91462606,0.22576547
1356765667187,-0.09789455,0.34187302,0.9346335,-0.92048466,0.32590592,-0.21562332,-0.37831843,-0.881424,0.28278434
1356765667227,-6.6289306E-4,0.3512521,0.9362807,-0.9105958,0.3867509,-0.14573687,-0.41329786,-0.85266984,0.31959218
1356765667267,0.06408912,0.33673924,0.9394143,-0.8985686,0.42898035,-0.09246829,-0.434128,-0.838202,0.33007628
1356765667307,0.09354392,0.30451304,0.94790363,-0.8927328,0.44714954,-0.05554697,-0.44076943,-0.8410286,0.31367695
1356765667347,0.09040615,0.26064125,0.96119344,-0.89561296,0.44337592,-0.03598979,-0.43555042,-0.85760367,0.2735176
1356765667403,0.06001571,0.21021211,0.97581196,-0.90499854,0.42391726,-0.035660982,-0.4211599,-0.8809682,0.2156834
1356765667429,0.009655654,0.15752774,0.9874674,-0.9159191,0.39764822,-0.0544796,-0.4012467,-0.9039142,0.14812225
1356765667468,-0.05239463,0.10623187,0.99296,-0.9233764,0.37351227,-0.08868319,-0.3803037,-0.9215223,0.07852197
1356765667509,-0.11519888,0.059631795,0.9915509,-0.92476416,0.35801908,-0.12897086,-0.36268488,-0.9318081,0.013901949
1356765667548,-0.16728815,0.020430386,0.98569626,-0.9212562,0.35284647,-0.16366515,-0.35114318,-0.93545806,-0.04020542
1356765667589,-0.2018306,-0.010211647,0.97936714,-0.9161543,0.35552844,-0.18509653,-0.34630272,-0.93460965,-0.08111197
1356765667629,-0.21768221,-0.032670766,0.9754727,-0.91215897,0.36238882,-0.19141626,-0.34724668,-0.9314542,-0.10868651
1356765667669,-0.21770477,-0.048132896,0.9748272,-0.9102018,0.37056297,-0.1849753,-0.35233143,-0.9275594,-0.124484
1356765667709,-0.20624414,-0.058043182,0.97677755,-0.910086,0.37808338,-0.1696955,-0.35945368,-0.9239502,-0.13080174
1356765667747,-0.18754616,-0.0637916,0.98018223,-0.9113594,0.3835344,-0.14941674,-0.3664021,-0.92132086,-0.13006747
1356765667806,-0.16546378,-0.0666641,0.98396015,-0.9138721,0.3854415,-0.12756374,-0.3707551,-0.920321,-0.124699056
1356765667827,-0.14288166,-0.067368716,0.9874443,-0.9181446,0.38157526,-0.10682103,-0.3695879,-0.9218794,-0.116374314
1356765667868,-0.12135747,-0.06561929,0.99043757,-0.92483854,0.36984506,-0.088816375,-0.36048037,-0.9267733,-0.10557073
1356765667905,-0.101685256,-0.060131043,0.9929977,-0.93346107,0.3508903,-0.07434037,-0.3439631,-0.934484,-0.091810346
1356765667948,-0.0856024,-0.049645036,0.99509174,-0.9422647,0.32856607,-0.064665794,-0.32374305,-0.9431753,-0.0749048
1356765667987,-0.07702485,-0.034043193,0.9964479,-0.9495148,0.30735287,-0.06289634,-0.30411997,-0.9509865,-0.055998325
1356765668027,-0.07961455,-0.013881773,0.996729,-0.95451045,0.2893009,-0.07221308,-0.28735217,-0.9571376,-0.036282897
1356765668067,-0.09616518,0.010683686,0.99530804,-0.9569441,0.27414715,-0.0954012,-0.27388012,-0.96162844,-0.016139746
1356765668107,-0.12603408,0.040008277,0.9912188,-0.95646954,0.26021254,-0.13211864,-0.26321343,-0.9647221,0.0054710507
1356765668147,-0.16480702,0.07508367,0.98346376,-0.9526498,0.24620622,-0.17844018,-0.25553283,-0.9663048,0.030951977
1356765668187,-0.2017532,0.117544085,0.9723575,-0.946159,0.23319459,-0.22450715,-0.25313798,-0.9652998,0.06416768
1356765668227,-0.21867144,0.16893536,0.96106386,-0.9404499,0.22620445,-0.2537432,-0.2602632,-0.95931876,0.1094107
1356765668267,-0.19577587,0.22795206,0.95378697,-0.93965787,0.23465544,-0.24895763,-0.2805617,-0.94497335,0.16825706
1356765668307,-0.12656784,0.2865965,0.9496542,-0.94101954,0.26815104,-0.2063424,-0.31378782,-0.91975945,0.23575354
1356765668347,-0.032997847,0.3318213,0.94276506,-0.93466294,0.32385796,-0.14670128,-0.35400063,-0.8860083,0.2994544
1356765668402,0.043522507,0.35653415,0.93326795,-0.91755664,0.38380727,-0.103835225,-0.39521578,-0.85180706,0.34384462
1356765668439,0.08008641,0.36223856,0.9286385,-0.9024539,0.42195803,-0.08676702,-0.42327684,-0.8311045,0.36069664
1356765668479,0.06094113,0.35819075,0.93165743,-0.89705503,0.42895785,-0.10624206,-0.4376967,-0.8292735,0.347458
1356765668519,-0.010184258,0.3460638,0.9381557,-0.8975776,0.41036084,-0.16111636,-0.44073886,-0.8437084,0.30643988
1356765668558,-0.12041986,0.3239687,0.93837273,-0.892832,0.37789583,-0.24504241,-0.43399322,-0.8673171,0.24374342
1356765668599,-0.24743646,0.29024664,0.9244091,-0.873703,0.345581,-0.3423697,-0.41882986,-0.8923737,0.16807997
1356765668639,-0.36525595,0.24697724,0.8975469,-0.8415067,0.32468534,-0.4317938,-0.39806357,-0.9130069,0.08923972
1356765668679,-0.45496356,0.19948128,0.86787975,-0.8073504,0.3188361,-0.49651676,-0.37575713,-0.92658013,0.015992522
1356765668719,-0.5091447,0.15287763,0.84699476,-0.7837621,0.32429725,-0.5296681,-0.35565245,-0.9335201,-0.045294523
1356765668758,-0.5293751,0.11002526,0.8412232,-0.7773148,0.3343768,-0.53289187,-0.33991712,-0.935995,-0.091486454
1356765668799,-0.52077067,0.07201594,0.85065365,-0.7876004,0.34390944,-0.51128465,-0.32936847,-0.93623716,-0.12237817
1356765668839,-0.48912898,0.039243102,0.87132823,-0.80974805,0.35081235,-0.47036028,-0.32413113,-0.93562317,-0.13981551
1356765668879,-0.44104227,0.011944771,0.8974069,-0.83702904,0.3553094,-0.41609806,-0.32382733,-0.9346724,-0.14670837
1356765668918,-0.38403055,-0.010096669,0.9232651,-0.8634141,0.35824046,-0.355218,-0.32716438,-0.93357474,-0.14629287
1356765668959,-0.32544494,-0.027492464,0.9451612,-0.8856117,0.35911667,-0.29449463,-0.33132675,-0.9328877,-0.14122033
1356765668998,-0.27024484,-0.04084286,0.9619249,-0.9036652,0.35548812,-0.23878336,-0.33220026,-0.93378806,-0.13297707
1356765669037,-0.21969706,-0.049951583,0.9742885,-0.9193566,0.3447044,-0.18963727,-0.32636887,-0.93738127,-0.121653855
1356765669077,-0.17276534,-0.05377522,0.9834939,-0.93376637,0.32667288,-0.14616823,-0.31342053,-0.9436064,-0.10665125
