1356766046138,0.1871171,0.5100938,0.83951855,0.1027489,0.8397624,-0.5331433,-0.9769492,0.1860198,0.10472232
1356766046287,0.16602993,0.37839457,0.9106325,0.12929359,0.90712446,-0.40051013,-0.97760785,0.18423557,0.10168582
1356766046329,0.16690326,0.40465647,0.89910865,0.12419443,0.89600825,-0.42631552,-0.9781201,0.18281773,0.09929061
1356766046368,0.16689351,0.42562145,0.88937783,0.120043516,0.88654697,-0.44679308,-0.97863996,0.18133092,0.09686583
1356766046407,0.16679436,0.44666806,0.879015,0.11581257,0.8764571,-0.46734393,-0.97916657,0.17975134,0.09445828
1356766046449,0.16701329,0.46784222,0.86788833,0.11149037,0.8656446,-0.48808748,-0.9796307,0.17827827,0.09241426
1356766046487,0.1679242,0.48773557,0.8566887,0.107415184,0.8548018,-0.50771636,-0.97993034,0.17727928,0.091151655
1356766046527,0.16963446,0.50471175,0.8464575,0.10401082,0.84493965,-0.52465105,-0.980003,0.17703962,0.09083539
1356766046567,0.17198378,0.5181949,0.8377921,0.10142252,0.83663034,-0.5382965,-0.9798648,0.1775492,0.09133023
1356766046609,0.1746895,0.5284924,0.83077025,0.09943332,0.8299619,-0.54888636,-0.97958994,0.17849094,0.0924359
1356766046648,0.17755857,0.53617114,0.82522327,0.09764789,0.8248105,-0.5569133,-0.9792537,0.17946605,0.094096184
1356766046687,0.18028545,0.5420472,0.82078123,0.095801756,0.82081044,-0.5631094,-0.97893775,0.1801527,0.0960511
1356766046729,0.18264887,0.5464285,0.8173466,0.09389828,0.81783605,-0.56773883,-0.9786842,0.18044432,0.09806812
1356766046767,0.18460736,0.5493153,0.814968,0.09213807,0.81589514,-0.5708114,-0.9784838,0.18046552,0.100007415
1356766046807,0.1864621,0.5501431,0.8139868,0.09080823,0.8153198,-0.57184577,-0.97825646,0.18054429,0.10206872
1356766046847,0.18855816,0.5485034,0.8146102,0.09020482,0.8163097,-0.57052743,-0.97791046,0.18105936,0.104444206
1356766046888,0.19080642,0.54486704,0.81652486,0.09058562,0.81848425,-0.56734264,-0.97743905,0.182218,0.10681492
1356766046927,0.19280899,0.54049754,0.8189549,0.09194718,0.820991,-0.5634887,-0.9769189,0.18394628,0.10859722
1356766046967,0.19427034,0.53661585,0.8211592,0.09399037,0.8230736,-0.5601032,-0.97643477,0.18599251,0.10946208
1356766047007,0.19515985,0.53391653,0.8227064,0.09638773,0.824334,-0.5578376,-0.9760236,0.18816629,0.10941392
1356766047047,0.19563544,0.5325067,0.82350683,0.099000916,0.8247192,-0.5568097,-0.97566676,0.19045965,0.10862565
1356766047087,0.19600642,0.5319692,0.82376593,0.10179873,0.8244834,-0.55665445,-0.9753043,0.19296618,0.10745025
1356766047127,0.19653058,0.5318444,0.82372165,0.1046114,0.8239367,-0.55694234,-0.9749012,0.1956269,0.10629177
1356766047175,0.19712216,0.5322224,0.823336,0.10700016,0.8231176,-0.5576991,-0.97452235,0.19803193,0.105306804
1356766047209,0.19738778,0.5336336,0.82235837,0.108323425,0.82185316,-0.5593062,-0.9743223,0.19948085,0.104418755
1356766047249,0.19692037,0.53632236,0.82071954,0.10802272,0.8201452,-0.56186557,-0.9744503,0.19929914,0.103568256
1356766047289,0.19555643,0.5396816,0.8188416,0.10576196,0.81848717,-0.5647062,-0.97497296,0.19703427,0.10298264
1356766047329,0.19348589,0.5422226,0.8176539,0.101407066,0.81788623,-0.5663732,-0.9758483,0.19250117,0.10326421
1356766047359,0.19123194,0.5420401,0.8183048,0.09634313,0.81929946,-0.5652136,-0.9768051,0.18692492,0.1044544
1356766047399,0.1889376,0.5399864,0.8201934,0.08773087,0.8226149,-0.56179,-0.9780623,0.1780995,0.10804945
1356766047439,0.18656835,0.53334725,0.82506543,0.07633418,0.82940245,-0.5534119,-0.979472,0.16622984,0.11402762
1356766047480,0.18441933,0.5225784,0.83240694,0.06274222,0.8389468,-0.5405846,-0.980843,0.15192133,0.1219303
1356766047519,0.18274167,0.5083913,0.84151274,0.0483218,0.85024685,-0.52416146,-0.98197275,0.13644955,0.13080913
1356766047549,0.18163115,0.49188256,0.8515055,0.035979092,0.8620046,-0.505622,-0.98270833,0.12247309,0.1388694
1356766047589,0.18111455,0.47574207,0.86073637,0.024463207,0.8727604,-0.48753548,-0.98315775,0.10935612,0.14643145
1356766047619,0.18095562,0.4591972,0.8697086,0.015500963,0.88286585,-0.46936935,-0.9833692,0.09841634,0.15264153
1356766047659,0.18075317,0.44479954,0.87720096,0.00842616,0.89115876,-0.4536133,-0.9834924,0.08938345,0.15733182
1356766047699,0.17995429,0.43318912,0.8831555,0.0032942295,0.8975419,-0.4409169,-0.98366946,0.082254216,0.1600895
1356766047739,0.178078,0.42622954,0.88691413,-3.6592782E-4,0.90134907,-0.4330932,-0.9840163,0.076799825,0.1606664
1356766047779,0.17480814,0.4254548,0.887936,-0.0031487495,0.9020587,-0.43160182,-0.98459744,0.072651625,0.15902686
1356766047819,0.1699068,0.43208623,0.8856824,-0.0058294833,0.899175,-0.43755043,-0.98544294,0.06917973,0.15529478
1356766047859,0.16300952,0.44714856,0.87948054,-0.009325728,0.892062,-0.4518168,-0.98658043,0.06544866,0.14958459
1356766047889,0.15520278,0.4691225,0.86938834,-0.0138807595,0.881001,-0.47291067,-0.9877851,0.061329275,0.14324558
1356766047929,0.14404121,0.4977659,0.85526675,-0.020029053,0.8655692,-0.5003887,-0.989369,0.054946408,0.13464743
1356766047969,0.12965697,0.5363368,0.8339856,-0.028256685,0.8427422,-0.53757524,-0.9911563,0.046134725,0.12442249
1356766048007,0.11333751,0.5809374,0.80601877,-0.03660226,0.8131367,-0.5809208,-0.9928821,0.036338,0.11342251
1356766048047,0.09721023,0.6260048,0.7737365,-0.04171297,0.77929795,-0.62526375,-0.9943894,0.028507233,0.10186821
1356766048087,0.08438322,0.66599894,0.7411646,-0.04072401,0.74550104,-0.6652591,-0.9956009,0.025953531,0.090029895
1356766048127,0.07737671,0.69645345,0.71341825,-0.032910585,0.71695775,-0.69633937,-0.99645865,0.030401498,0.0783965
1356766048175,0.07711916,0.71492815,0.69493204,-0.018941134,0.69793254,-0.71591306,-0.99684197,0.04204783,0.06736553
1356766048209,0.082679704,0.7205473,0.6884588,3.9994717E-4,0.6908,-0.7230457,-0.9965761,0.060056508,0.05682695
1356766048249,0.09153271,0.71333385,0.69482124,0.024421364,0.69593245,-0.7176919,-0.9955026,0.082660794,0.046279967
1356766048289,0.10037828,0.6935512,0.71338,0.052170575,0.71234596,-0.69988674,-0.9935806,0.10747087,0.035321116
1356766048319,0.10551548,0.6619538,0.7420807,0.08010942,0.73816264,-0.6698495,-0.99118567,0.13012716,0.024858832
1356766048349,0.1062814,0.6259409,0.77259445,0.107552946,0.7651998,-0.63474536,-0.98850226,0.15055645,0.014004707
1356766048389,0.09980011,0.588176,0.8025515,0.13718192,0.79074216,-0.5965802,-0.98550546,0.16963433,-0.0017709732
1356766048437,0.08344215,0.5387214,0.8383417,0.16691566,0.8218342,-0.5447272,-0.98243403,0.1853856,-0.021345437
1356766048457,0.052731454,0.5057145,0.8610878,0.19494043,0.84048504,-0.5055523,-0.9793966,0.19451931,-0.054264188
1356766048495,0.0041971207,0.48289874,0.8756661,0.21843383,0.8540848,-0.47204432,-0.97584265,0.19325629,-0.1018967
1356766048524,-0.052705407,0.46459877,0.8839514,0.23442976,0.86620116,-0.44129157,-0.97070324,0.18396606,-0.15456927
1356766048568,-0.118147224,0.46804616,0.87577045,0.24097714,0.86909795,-0.43197072,-0.9633126,0.16000451,-0.21546996
1356766048607,-0.18058085,0.46832052,0.8649084,0.23748735,0.8741072,-0.42371732,-0.9544582,0.12888955,-0.26906723
1356766048648,-0.2262587,0.45360285,0.8620042,0.22277266,0.88559604,-0.4075439,-0.9482506,0.099820614,-0.3014241
1356766048687,-0.24639636,0.41769245,0.8745409,0.19717184,0.90509415,-0.37673315,-0.94890046,0.079609126,-0.30536908
1356766048727,-0.2380138,0.36178964,0.9013643,0.16452652,0.92964107,-0.32969457,-0.9572253,0.0698265,-0.2807914
1356766048767,-0.20331907,0.29278806,0.9343107,0.1325174,0.9536909,-0.27002367,-0.97010326,0.06891144,-0.23270309
1356766048808,-0.14948067,0.22172529,0.9635836,0.10950598,0.9722501,-0.20673184,-0.982682,0.07461576,-0.16961288
1356766048847,-0.086233765,0.15976499,0.98338133,0.09883572,0.9835609,-0.15112714,-0.99136025,0.08416094,-0.10060662
1356766048887,-0.022583842,0.11495252,0.9931143,0.09732899,0.98890173,-0.112251624,-0.994996,0.094123736,-0.033521414
1356766048927,0.035417467,0.09077666,0.9952412,0.0986673,0.990683,-0.093872145,-0.99448997,0.101522475,0.026130795
1356766048967,0.08423841,0.08827931,0.9925274,0.09710567,0.99059945,-0.09634943,-0.99170274,0.10449636,0.0748741
1356766049007,0.12184936,0.1074493,0.9867154,0.0892253,0.9889123,-0.11870694,-0.98853,0.10250434,0.11091113
1356766049047,0.14714864,0.14722371,0.9780963,0.073916845,0.9844588,-0.15930176,-0.98634857,0.095738836,0.13397944
1356766049087,0.15968719,0.20592082,0.9654515,0.052165456,0.9748748,-0.21655895,-0.98578835,0.08494489,0.14493304
1356766049127,0.15956885,0.280302,0.94655615,0.026679501,0.9572673,-0.28797144,-0.98682624,0.07120493,0.14527172
1356766049174,0.14816457,0.36495548,0.9191598,0.0014948696,0.92933434,-0.3692363,-0.98896164,0.056081787,0.13714886
1356766049209,0.12927529,0.45153034,0.88284105,-0.018415734,0.89125156,-0.45313525,-0.99143773,0.04232104,0.12353206
1356766049249,0.108744174,0.5303346,0.8407853,-0.028387398,0.8471129,-0.5306542,-0.9936643,0.03383784,0.10717344
1356766049289,0.092754014,0.5938264,0.79922897,-0.026502132,0.8038773,-0.5942044,-0.99533635,0.03393358,0.0903005
1356766049329,0.08484625,0.6390231,0.7644937,-0.0147717,0.7679828,-0.64030015,-0.9962846,0.043034196,0.07459992
1356766049359,0.08299136,0.66858095,0.73899376,-2.6601553E-4,0.74156684,-0.6708789,-0.9965502,0.05548057,0.061721504
1356766049399,0.08828145,0.6829223,0.72513694,0.01916951,0.7266796,-0.68670905,-0.9959112,0.074524224,0.051061034
1356766049429,0.09553961,0.68377256,0.7234136,0.03904307,0.72360474,-0.6891095,-0.99465966,0.09408152,0.04243636
1356766049469,0.10497493,0.6740561,0.73118305,0.06251246,0.72931874,-0.68131226,-0.9925082,0.11722875,0.03442329
1356766049499,0.11181986,0.6500003,0.75166214,0.087269545,0.7470601,-0.65900314,-0.989889,0.13928685,0.026810944
1356766049539,0.11508176,0.6193602,0.7766267,0.11595556,0.7681004,-0.62974286,-0.986565,0.16252607,0.016576111
1356766049569,0.11043894,0.5749599,0.81069374,0.14688806,0.79728365,-0.58545935,-0.98296857,0.18373874,0.003596425
1356766049609,0.09290519,0.5370983,0.8383878,0.18009715,0.8190756,-0.5446836,-0.97925156,0.20159517,-0.020633519
1356766049649,0.055758744,0.5043779,0.86168087,0.21200554,0.83736277,-0.50386226,-0.97567654,0.21077585,-0.060240626
1356766049689,-0.0023072958,0.48727012,0.8732482,0.23606996,0.84883434,-0.4730235,-0.97173333,0.20505628,-0.11698836
1356766049729,-0.07531947,0.48615968,0.870618,0.248712,0.8546632,-0.45573366,-0.9656445,0.18220752,-0.18528652
1356766049759,-0.14656973,0.4867447,0.8611602,0.25244492,0.8601413,-0.4432026,-0.956446,0.15243542,-0.2489469
1356766049789,-0.20613569,0.48578155,0.8494259,0.24802488,0.8656597,-0.43487576,-0.94656837,0.12103537,-0.29892927
1356766049829,-0.24278575,0.46892717,0.84921277,0.2308568,0.8781843,-0.41892412,-0.9422102,0.09433773,-0.32146567
1356766049869,-0.24959809,0.42903364,0.8681192,0.20301747,0.8997545,-0.3862974,-0.9468288,0.0798243,-0.31167835
1356766049909,-0.22483733,0.36737952,0.9024858,0.16891107,0.9268726,-0.33522576,-0.9596444,0.07706858,-0.27045
1356766049949,-0.17343381,0.29379156,0.94000393,0.13710898,0.95237625,-0.2723614,-0.97525483,0.08164629,-0.20545566
1356766049989,-0.10627529,0.22324163,0.96895236,0.1149467,0.9706962,-0.21103597,-0.98767036,0.08894998,-0.12882191
1356766050029,-0.035612553,0.16925824,0.98492813,0.10258302,0.9809665,-0.16486828,-0.99408674,0.095165536,-0.05229771
1356766050069,0.02952391,0.13964605,0.9897612,0.09452983,0.9853649,-0.14184552,-0.9950841,0.09774979,0.015891135
1356766050109,0.084157676,0.13742071,0.9869311,0.084624454,0.98588085,-0.14449058,-0.99285257,0.09567849,0.07134026
1356766050171,0.125929,0.16338462,0.9784923,0.06880328,0.9825309,-0.17291373,-0.9896504,0.08909834,0.11248773
1356766050189,0.15358993,0.21757184,0.9638841,0.045702145,0.9728503,-0.2268781,-0.98707724,0.07889777,0.13947654
1356766050229,0.16600859,0.29842973,0.9398834,0.016492903,0.9521349,-0.30523288,-0.9859864,0.06617269,0.1531406
1356766050269,0.16250432,0.4016835,0.90124506,-0.015059754,0.9142893,-0.40478185,-0.9865928,0.052206248,0.15462524
1356766050309,0.14449969,0.5167827,0.8438338,-0.04335527,0.8552716,-0.5163632,-0.9885546,0.038029686,0.14599174
1356766050349,0.117036164,0.62800103,0.7693615,-0.062964916,0.77781904,-0.6253263,-0.99112964,0.02474296,0.130575
1356766050389,0.08838612,0.7207816,0.68750405,-0.07077724,0.6930052,-0.7174499,-0.99356854,0.014752984,0.11226696
1356766050429,0.06656632,0.7882365,0.6117615,-0.06738576,0.615273,-0.78542876,-0.99550396,0.011059076,0.0940724
1356766050469,0.0555162,0.83186555,0.5521934,-0.05654064,0.5547781,-0.8300749,-0.9968556,0.014861256,0.077833354
1356766050509,0.05473654,0.8565779,0.51310635,-0.042447984,0.5154084,-0.85589266,-0.99759805,0.025068223,0.06457168
1356766050549,0.06176682,0.86610204,0.49603647,-0.027404547,0.49826962,-0.86658895,-0.99771434,0.039932758,0.054511666
1356766050589,0.07389809,0.86142397,0.5024816,-0.010997027,0.50453246,-0.8633227,-0.99720514,0.058272064,0.046757102
1356766050629,0.088355735,0.8406371,0.534343,0.009624422,0.53569555,-0.8443563,-0.9960425,0.079746455,0.039241135
1356766050669,0.10120535,0.79972935,0.59176886,0.038579613,0.59122074,-0.8055866,-0.99411726,0.104359895,0.028981447
1356766050709,0.10558474,0.7364048,0.6682513,0.0787231,0.6637085,-0.7438371,-0.99128926,0.13114464,0.012105405
1356766050749,0.092374146,0.657388,0.747869,0.12790266,0.73702437,-0.6636535,-0.9874755,0.15695885,-0.015999675
1356766050789,0.055182964,0.5812413,0.811858,0.17770286,0.7943989,-0.58082026,-0.9825358,0.1763209,-0.059450924
1356766050829,-0.0048322994,0.52737933,0.84961617,0.21838011,0.8296754,-0.5137595,-0.9758518,0.18305662,-0.119178414
1356766050871,-0.07884866,0.5012001,0.86173165,0.24485864,0.8476787,-0.470622,-0.96634734,0.17389452,-0.18956149
1356766050907,-0.15229917,0.4890449,0.8588598,0.25658756,0.85876554,-0.4434913,-0.9544463,0.15282944,-0.25627214
1356766050947,-0.21087056,0.4727531,0.85559225,0.25367272,0.87175304,-0.41916206,-0.9440253,0.12865147,-0.3037516
1356766050987,-0.24492055,0.4380377,0.86494905,0.23560129,0.8922689,-0.38516003,-0.9404817,0.109449476,-0.32173723
1356766051027,-0.24975544,0.37914443,0.89099485,0.20378798,0.9201279,-0.33441746,-0.9466217,0.09805145,-0.30707204
1356766051068,-0.22486794,0.29874656,0.92746156,0.1655137,0.9497174,-0.26578575,-0.960229,0.093740895,-0.26300764
1356766051107,-0.1748401,0.20774302,0.96243113,0.13245472,0.97356486,-0.18608385,-0.9756468,0.09494361,-0.19773471
1356766051173,-0.10955715,0.122687295,0.9863798,0.11291754,0.9874654,-0.11028058,-0.9875459,0.09929756,-0.12203741
1356766051189,-0.040765524,0.05917681,0.9974148,0.10615366,0.9928513,-0.054567434,-0.9935138,0.103654765,-0.04675597
1356766051229,0.023013532,0.025184046,0.99941784,0.10489604,0.99410385,-0.027465567,-0.99421686,0.105467066,0.020236135
1356766051269,0.07710546,0.024589699,0.9967198,0.10151048,0.9943073,-0.03238296,-0.991842,0.1036744,0.07417041
1356766051309,0.11929119,0.059282437,0.9910879,0.09093934,0.99336743,-0.07036461,-0.98868585,0.09852277,0.11310887
1356766051349,0.14846602,0.13048066,0.98027176,0.07087454,0.9873044,-0.14215098,-0.98637456,0.090580896,0.1373334
1356766051389,0.16368455,0.2368293,0.9576635,0.041334823,0.9682573,-0.24651414,-0.9856464,0.07993541,0.14869946
1356766051429,0.16400078,0.37152818,0.91382194,0.004888475,0.92604727,-0.3773759,-0.98644805,0.06635712,0.15005624
1356766051468,0.14925507,0.51957244,0.8412891,-0.032668665,0.85294604,-0.5209758,-0.9882589,0.050274447,0.14428025
1356766051508,0.123272166,0.65810096,0.74276984,-0.062379062,0.75213706,-0.6560478,-0.99041045,0.034539193,0.13376927
1356766051545,0.09589057,0.76428205,0.6377132,-0.07662952,0.6444322,-0.76081216,-0.99243796,0.024087101,0.12036151
1356766051588,0.07770787,0.82989144,0.5524868,-0.074974716,0.55745775,-0.826813,-0.994153,0.022827297,0.10553974
1356766051627,0.072677314,0.8616357,0.5022967,-0.06310728,0.50659215,-0.8598732,-0.9953569,0.03079465,0.09119326
1356766051667,0.078677,0.86803365,0.4902321,-0.045733273,0.4943815,-0.8680411,-0.99585056,0.045874953,0.078594446
1356766051707,0.09122811,0.85190594,0.5156876,-0.024161786,0.5195881,-0.8540752,-0.9955368,0.065455705,0.06798458
1356766051747,0.1053033,0.8095162,0.57757664,0.0033545196,0.58051336,-0.8142438,-0.9944345,0.08768001,0.05841446
1356766051787,0.11480971,0.73242015,0.6711032,0.039459348,0.6716748,-0.7397945,-0.9926035,0.111416906,0.04821396
1356766051827,0.112029165,0.61517227,0.7803926,0.08450624,0.77659345,-0.62430876,-0.9901052,0.13588887,0.035015225
1356766051867,0.08962521,0.47100443,0.877566,0.13320541,0.86752737,-0.4792207,-0.98702765,0.15984677,0.015011966
1356766051907,0.0449301,0.33554175,0.9409532,0.17534795,0.92463243,-0.3380946,-0.98348075,0.18018484,-0.017292738
1356766051947,-0.019787192,0.2426722,0.96990657,0.20189813,0.95108074,-0.23384304,-0.9792067,0.19119523,-0.06781429
1356766051987,-0.1001091,0.20035818,0.97459465,0.20937815,0.96182394,-0.1762257,-0.9726967,0.18641703,-0.13823795
1356766052027,-0.18749991,0.19218822,0.9632796,0.20014618,0.96757364,-0.15408702,-0.96165764,0.16390546,-0.2198857
1356766052067,-0.26699448,0.18796666,0.9451891,0.17884494,0.97342074,-0.14306134,-0.94695747,0.13084573,-0.29351485
1356766052107,-0.32278275,0.1609425,0.93268895,0.14773431,0.9819252,-0.11831102,-0.93487203,0.0996014,-0.34072524
1356766052174,-0.34488866,0.099537395,0.933351,0.10843793,0.9919288,-0.06571482,-0.9323588,0.07854636,-0.3528986
1356766052189,-0.33026683,0.007902486,0.9438546,0.06814085,0.99755543,0.015491258,-0.94142485,0.069431305,-0.32999796
1356766052229,-0.28358707,-0.09757086,0.9539697,0.04065519,0.9926925,0.11361696,-0.9580842,0.07100412,-0.27754796
1356766052269,-0.21704227,-0.1960009,0.9562825,0.03718649,0.9772636,0.20874125,-0.9754536,0.08086646,-0.20481896
1356766052309,-0.14424554,-0.2732707,0.95106065,0.056484878,0.9572711,0.28362212,-0.9879285,0.09463176,-0.12264645
1356766052349,-0.07415515,-0.3257237,0.94255245,0.08718805,0.9394179,0.33150002,-0.9934281,0.10676176,-0.04126346
1356766052389,-0.011021167,-0.3551817,0.9347323,0.11682342,0.92793024,0.3539744,-0.9930916,0.113099836,0.03126669
1356766052429,0.04311127,-0.36388588,0.9304453,0.13713576,0.92465127,0.35526583,-0.98961365,0.112281375,0.089764655
1356766052469,0.08736527,-0.35371435,0.93126446,0.14466341,0.92943406,0.33944774,-0.9856165,0.105063945,0.13236976
1356766052509,0.12135562,-0.32535118,0.93777364,0.13930927,0.94098806,0.30843863,-0.9827847,0.093209796,0.15951866
1356766052549,0.14466912,-0.27847025,0.9494868,0.122760944,0.957219,0.26203346,-0.9818353,0.078651756,0.1726653
1356766052589,0.15693396,-0.21213703,0.96455663,0.097540125,0.97521263,0.19861078,-0.9827805,0.0629142,0.17373586
1356766052629,0.15801263,-0.12619726,0.97933966,0.06704439,0.990882,0.116867244,-0.9851584,0.04719274,0.16503268
1356766052669,0.1485897,-0.023453824,0.9886207,0.03677118,0.9991584,0.018177109,-0.988215,0.03365182,0.14932704
1356766052709,0.13132802,0.0868426,0.9875278,0.0135523565,0.9959053,-0.089381576,-0.9912463,0.02512163,0.12961334
1356766052749,0.111438334,0.18878008,0.97567594,0.0017433763,0.9817525,-0.19015494,-0.99376976,0.022891521,0.109075725
1356766052789,0.09431183,0.2664626,0.95922,8.9740753E-4,0.9634915,-0.26773745,-0.99554235,0.026111647,0.09062952
1356766052829,0.08266842,0.31059068,0.9469421,0.008265331,0.94994813,-0.3122982,-0.9965428,0.03364396,0.07596356
1356766052869,0.07603702,0.31855565,0.9448495,0.02200301,0.946826,-0.3209927,-0.9968622,0.045196846,0.06498462
1356766052909,0.071660936,0.2920334,0.9537197,0.04168409,0.95446575,-0.29539394,-0.99655765,0.060923137,0.056224763
1356766052949,0.06549421,0.23643246,0.96943814,0.06724886,0.96826935,-0.2406907,-0.9955843,0.08095746,0.047516227
1356766052989,0.052595943,0.16205892,0.9853784,0.09760347,0.98118544,-0.16657907,-0.9938346,0.10493773,0.035788834
1356766053029,0.027649939,0.08416528,0.9960681,0.12930954,0.9877756,-0.08705409,-0.9912187,0.13120815,0.01642859
1356766053069,-0.013628721,0.017672762,0.999751,0.15586425,0.98765945,-0.015334256,-0.9876845,0.15561643,-0.016215086
1356766053109,-0.072897136,-0.027826779,0.9969511,0.1690326,0.98480463,0.039847426,-0.9829109,0.171422,-0.0670858
1356766053174,-0.14716813,-0.05164621,0.9877622,0.16256577,0.98379266,0.07565957,-0.9756608,0.171711,-0.13638699
1356766053189,-0.22640759,-0.062062807,0.9720533,0.13706398,0.98600787,0.09487827,-0.9643407,0.15471467,-0.21473312
1356766053229,-0.2949279,-0.07340533,0.9526958,0.10010954,0.9891838,0.10720784,-0.9502608,0.12699251,-0.28438932
1356766053269,-0.33815026,-0.09947981,0.9358195,0.06050067,0.9900424,0.12710522,-0.9391453,0.09959838,-0.3287645
1356766053309,-0.34830672,-0.14681658,0.92581177,0.024365414,0.98590654,0.1655132,-0.93706393,0.08020714,-0.33982062
1356766053349,-0.32471558,-0.21332203,0.9214409,-0.0024494678,0.97441936,0.22472382,-0.9458085,0.07071429,-0.31693172
1356766053388,-0.2743831,-0.28801453,0.91747564,-0.01221545,0.95506024,0.29615995,-0.9615429,0.070053935,-0.26557064
1356766053418,-0.21978763,-0.34550554,0.9123154,-0.004691422,0.9355463,0.35317314,-0.9755365,0.07334301,-0.20724237
1356766053449,-0.16421056,-0.3934942,0.9045425,0.01460126,0.9159203,0.40109447,-0.9863172,0.07907143,-0.14465827
1356766053489,-0.10234231,-0.4392209,0.8925306,0.045609042,0.89422643,0.4452852,-0.99370307,0.08627899,-0.071484745
1356766053529,-0.042539865,-0.46774662,0.8828383,0.08042143,0.8791678,0.46967703,-0.99585277,0.090979114,2.1719933E-4
1356766053569,0.010110468,-0.47927356,0.87760735,0.109869555,0.8728708,0.47542113,-0.9938946,0.09161557,0.061482728
1356766053609,0.05329293,-0.4741112,0.87885064,0.1290404,0.87599176,0.46474403,-0.9902063,0.08863968,0.107863665
1356766053649,0.08677435,-0.45207062,0.88775134,0.1363459,0.8881165,0.4389293,-0.9868536,0.08295342,0.1387037
1356766053689,0.1113047,-0.41254747,0.9041106,0.13190347,0.90784717,0.3980139,-0.9849939,0.074954465,0.15546411
1356766053729,0.12747926,-0.35410297,0.9264773,0.116598025,0.9329717,0.34054178,-0.984964,0.06461339,0.16022223
1356766053769,0.13540137,-0.27492863,0.9518827,0.09199006,0.9600688,0.26420775,-0.9865111,0.051789664,0.15528536
1356766053809,0.13490328,-0.17408656,0.97544605,0.061274275,0.9840267,0.16714375,-0.98896235,0.037221506,0.14341545
1356766053849,0.12600335,-0.053630218,0.99057907,0.030421948,0.9982769,0.050177254,-0.99156326,0.023812843,0.12741774
1356766053889,0.11062804,0.07680538,0.99088967,0.0072687753,0.9969202,-0.07808434,-0.99383533,0.015840875,0.10972905
1356766053929,0.093735844,0.19813812,0.9756817,-0.0027500615,0.98004436,-0.19875985,-0.99559325,0.015947737,0.09241021
1356766053969,0.08072141,0.29112083,0.9532747,3.5972893E-4,0.95638716,-0.2921018,-0.99673665,0.023921788,0.077096164
1356766054009,0.07382408,0.34625494,0.93523127,0.013407126,0.9373609,-0.34810174,-0.9971811,0.038237035,0.06455755
1356766054049,0.07158813,0.36338013,0.9288865,0.033733264,0.92986107,-0.36636117,-0.99686366,0.057561487,0.05430901
1356766054089,0.070369124,0.34709623,0.9351858,0.060275257,0.93431723,-0.35130936,-0.99569833,0.0810899,0.044825792
1356766054129,0.06561437,0.3049766,0.95009685,0.09235322,0.94620574,-0.3101056,-0.9935621,0.10809189,0.033919096
1356766054175,0.052449882,0.24910875,0.9670542,0.12808989,0.95870984,-0.25390643,-0.9903746,0.13718721,0.018375933
1356766054209,0.02637899,0.19542742,0.9803633,0.16343457,0.96666586,-0.19709453,-0.98620147,0.1654244,-0.0064399242
1356766054249,-0.015604973,0.15897925,0.98715854,0.19264762,0.9692586,-0.15305114,-0.98114383,0.18778539,-0.045752227
1356766054289,-0.073930115,0.14763321,0.98627526,0.21024315,0.9690615,-0.12929693,-0.9748499,0.19779867,-0.1026817
1356766054329,-0.14463618,0.15942842,0.9765567,0.21410364,0.968596,-0.12641825,-0.96604353,0.1907997,-0.17422819
1356766054369,-0.21760845,0.18274833,0.9587751,0.20668902,0.9686652,-0.13772225,-0.9539005,0.16819873,-0.2485618
1356766054409,-0.27826184,0.19986945,0.93947995,0.1920475,0.9699368,-0.14946699,-0.94111,0.13883382,-0.30828083
1356766054449,-0.3141988,0.19687082,0.92872006,0.17239143,0.97382975,-0.14811084,-0.9335739,0.11356715,-0.33991498
1356766054507,-0.31928897,0.16952081,0.9323718,0.14833362,0.98068285,-0.12750798,-0.9359763,0.0975902,-0.33826685
1356766054527,-0.29242474,0.12109582,0.9485903,0.12217368,0.9885521,-0.088534445,-0.9484521,0.0900031,-0.3038718
1356766054568,-0.23801333,0.061677482,0.9693015,0.100501224,0.99418855,-0.038582847,-0.9660482,0.08823277,-0.24282879
1356766054605,-0.1664465,0.005530227,0.986035,0.08933394,0.9959565,0.00949404,-0.98199546,0.089666635,-0.16626751
1356766054648,-0.0888491,-0.03765088,0.99533325,0.08794327,0.99508613,0.045491856,-0.99215513,0.09157477,-0.085101366
1356766054687,-0.015442878,-0.06055833,0.99804527,0.09041242,0.99399066,0.06171127,-0.9957847,0.091188684,-0.009874821
1356766054727,0.048024148,-0.06320759,0.99684423,0.09010323,0.99420106,0.05869917,-0.9947738,0.086999916,0.05344087
1356766054768,0.09844509,-0.045539156,0.99410003,0.0834115,0.9958147,0.03735752,-0.9916406,0.07924171,0.101831555
1356766054807,0.1347478,-0.008907367,0.9908399,0.06966725,0.99757016,-5.0642714E-4,-0.9884278,0.069097325,0.13504094
1356766054847,0.15721577,0.044993468,0.9865388,0.049998365,0.9973179,-0.053452864,-0.9862978,0.05772896,0.15454453
1356766054887,0.16671604,0.11427282,0.97936076,0.026449412,0.99238575,-0.12029506,-0.9856501,0.045958627,0.16242415
1356766054927,0.1643641,0.1966079,0.96660733,0.0013807416,0.9798879,-0.19954395,-0.9863987,0.034132496,0.16078693
1356766054967,0.15182406,0.28818682,0.94546175,-0.022075713,0.95730054,-0.28825045,-0.9881611,0.022891626,0.15170318
1356766055007,0.13249308,0.38202995,0.91460305,-0.039542302,0.9240406,-0.38024378,-0.9903949,0.014214173,0.13753533
1356766055047,0.11178666,0.46820512,0.8765202,-0.04727009,0.8835556,-0.46593457,-0.9926073,0.01065208,0.12090182
1356766055087,0.095246375,0.5376445,0.8377748,-0.044768393,0.8430629,-0.53594846,-0.9944466,0.013541341,0.10436815
1356766055127,0.086012125,0.58517665,0.8063314,-0.03421402,0.8105882,-0.5846163,-0.99570644,0.022696286,0.08974165
1356766055176,0.08434666,0.60853314,0.789033,-0.018004984,0.79265624,-0.6094029,-0.9962738,0.03719461,0.07781452
1356766055209,0.08811457,0.60620856,0.7904093,0.0026019812,0.793353,-0.60875624,-0.99610686,0.055696905,0.06832862
1356766055249,0.09359148,0.5762334,0.8119087,0.02796349,0.813645,-0.5806891,-0.9952179,0.07705131,0.06003678
1356766055289,0.09591237,0.5168487,0.85068697,0.059232682,0.850149,-0.52320004,-0.9936258,0.100569814,0.050925493
1356766055329,0.08892354,0.43145853,0.8977395,0.09626293,0.8933681,-0.43889275,-0.9913759,0.12544695,0.037908018
1356766055369,0.06624797,0.3352735,0.9397888,0.13540174,0.930125,-0.34137073,-0.98857355,0.14986417,0.016222298
1356766055409,0.024050176,0.25208732,0.9674056,0.16957746,0.9526335,-0.25245377,-0.98522335,0.17012173,-0.01983732
1356766055449,-0.037585318,0.20216471,0.9786301,0.19177985,0.96257716,-0.191483,-0.9807181,0.18048458,-0.07494986
1356766055489,-0.11435032,0.19022265,0.9750587,0.19886702,0.9660135,-0.16513585,-0.9733324,0.17502366,-0.14829296
1356766055529,-0.1958414,0.2035811,0.959271,0.1930992,0.967067,-0.16581316,-0.96143585,0.15276138,-0.22870314
1356766055569,-0.26646888,0.21743405,0.9389977,0.1788027,0.96846354,-0.17351648,-0.94711345,0.12165856,-0.2969432
1356766055609,-0.3122876,0.20825367,0.92688024,0.15688907,0.97358465,-0.16588774,-0.93694305,0.09361269,-0.33671117
1356766055649,-0.3254299,0.16382074,0.93126696,0.12568972,0.9836323,-0.12911035,-0.9371752,0.075034305,-0.34069395
1356766055689,-0.30336505,0.08471097,0.9491015,0.08894813,0.99420893,-0.060306136,-0.94871384,0.06612603,-0.30914313
1356766055729,-0.2500653,-0.015429029,0.96810603,0.059341006,0.9977492,0.031229457,-0.96640885,0.06525779,-0.24858683
1356766055769,-0.17738089,-0.11456685,0.97745097,0.049234748,0.9909242,0.12508081,-0.9829099,0.0703115,-0.17013037
1356766055809,-0.099921405,-0.19424915,0.9758498,0.05903899,0.9778727,0.20069708,-0.9932422,0.07766713,-0.08624214
1356766055849,-0.027810246,-0.24698544,0.96862,0.078806736,0.9654372,0.24843645,-0.99650186,0.08324286,-0.0073848963
1356766055889,0.034289006,-0.2716208,0.96179336,0.097203895,0.958703,0.2672826,-0.99467367,0.084325194,0.059275568
1356766055929,0.085026026,-0.2683683,0.9595567,0.10680033,0.9599505,0.25901487,-0.9906384,0.08045795,0.1102826
1356766055969,0.12446973,-0.23627275,0.9636817,0.104402,0.9689619,0.22408272,-0.98671544,0.072718784,0.14527375
1356766056009,0.15274715,-0.17213818,0.9731581,0.089651905,0.9830668,0.15981913,-0.98419046,0.06283357,0.16559315
1356766056049,0.16905561,-0.07069992,0.9830675,0.064121,0.99609977,0.06061046,-0.9835185,0.052788734,0.17292958
1356766056089,0.1718866,0.070828766,0.9825673,0.031043286,0.9965272,-0.077265665,-0.9846276,0.04378305,0.16909093
1356766056129,0.16080076,0.24370325,0.95642656,-0.0041878596,0.9691965,-0.24625301,-0.986978,0.035592288,0.1568681
1356766056177,0.13860148,0.42321602,0.89536464,-0.034079403,0.90559345,-0.42277545,-0.9897617,0.028083816,0.13993955
1356766056209,0.11249053,0.578117,0.80816245,-0.052100927,0.8156377,-0.5762123,-0.99228585,0.02271241,0.12187195
1356766056249,0.09090316,0.6890489,0.71899116,-0.057223797,0.7244016,-0.6869991,-0.9942143,0.021306962,0.1052804
1356766056289,0.07875505,0.7549934,0.65098584,-0.05329293,0.6552689,-0.75351346,-0.9954685,0.024650007,0.09184158
1356766056329,0.076636136,0.7827399,0.61761236,-0.04408869,0.6214886,-0.7821816,-0.99608386,0.03271362,0.08213848
1356766056369,0.08247161,0.77631736,0.62492377,-0.030180067,0.6287178,-0.77704763,-0.99613637,0.04522416,0.07528067
1356766056409,0.09245826,0.7328739,0.67405283,-0.00901565,0.67754096,-0.7354297,-0.9956757,0.06191951,0.0692516
1356766056449,0.10040814,0.6446196,0.75788116,0.022712499,0.76004714,-0.6494709,-0.9946871,0.082425565,0.061674
1356766056489,0.09734234,0.5120526,0.85342056,0.06499338,0.85239184,-0.51884866,-0.9931266,0.10597265,0.049693763
1356766056527,0.07499331,0.36123252,0.92945516,0.11082347,0.9232867,-0.36777693,-0.9910066,0.13058624,0.02920729
1356766056567,0.031199723,0.23581553,0.97129685,0.1491712,0.95978796,-0.23781297,-0.988319,0.15230921,-0.005231738
1356766056607,-0.031168371,0.1628705,0.98615503,0.17211294,0.97277117,-0.15522027,-0.984584,0.16489208,-0.058351815
1356766056647,-0.107334256,0.14255962,0.98394924,0.17802596,0.97642744,-0.122049846,-0.9781545,0.16206838,-0.13018346
1356766056687,-0.18829149,0.15422612,0.96992815,0.1711236,0.977638,-0.122231945,-0.96709,0.14296235,-0.21047264
1356766056727,-0.25935614,0.1668767,0.95125514,0.15634683,0.9792214,-0.12915538,-0.95304245,0.1152285,-0.28005773
1356766056767,-0.30612463,0.15354016,0.93952817,0.13393742,0.9840382,-0.117173545,-0.94252247,0.08996826,-0.3218031
1356766056807,-0.32004523,0.10263367,0.94182664,0.10263367,0.99202025,-0.07322714,-0.94182664,0.07322714,-0.32802498
1356766056847,-0.29839396,0.01719752,0.95428795,0.06778988,0.99769443,0.0032172874,-0.9520324,0.06565108,-0.29887182
1356766056887,-0.24547905,-0.08609626,0.96557105,0.041875947,0.9941767,0.09929311,-0.96849704,0.06480858,-0.24044418
1356766056927,-0.17342621,-0.18470606,0.9673712,0.036004297,0.98040974,0.19365028,-0.98418856,0.06841353,-0.16337854
1356766056967,-0.09653416,-0.26189607,0.960256,0.049508266,0.9623041,0.2674317,-0.9940976,0.0733569,-0.07992923
1356766057007,-0.02488831,-0.311536,0.9499083,0.072499804,0.9471381,0.31252703,-0.99705786,0.076646425,-9.863973E-4
1356766057047,0.03659072,-0.33374268,0.9419539,0.09432401,0.9395303,0.32921997,-0.994869,0.07680243,0.065858066
1356766057087,0.0862934,-0.33004123,0.9400139,0.108032554,0.9410697,0.32049453,-0.99039507,0.07389556,0.11686331
1356766057127,0.12426746,-0.30132455,0.94538945,0.11039877,0.95105773,0.28861976,-0.9860881,0.06850379,0.15145141
1356766057177,0.15087825,-0.2473271,0.9571129,0.10072504,0.96700376,0.2340048,-0.9834075,0.061098985,0.17081189
1356766057209,0.16595,-0.16661792,0.9719563,0.080022946,0.9846476,0.15513057,-0.98288196,0.052034892,0.17673552
1356766057249,0.16879582,-0.058825877,0.98389405,0.050800595,0.99740994,0.050918676,-0.9843411,0.041387543,0.17134702
1356766057289,0.15913367,0.071848534,0.98463917,0.017931258,0.99697345,-0.07564655,-0.98709416,0.029693734,0.15736371
1356766057329,0.13895434,0.21248254,0.9672346,-0.010734282,0.97697574,-0.21308035,-0.9902406,0.019225866,0.1380359
1356766057369,0.1140784,0.34177595,0.9328319,-0.027438104,0.9396874,-0.34093225,-0.9930928,0.013297886,0.11657572
1356766057409,0.092184216,0.4399836,0.8932617,-0.029890433,0.8979,-0.43918353,-0.99529314,0.013785794,0.09592348
1356766057437,0.0774216,0.50002587,0.86254275,-0.024135917,0.865826,-0.4997627,-0.99670625,0.017874137,0.07910222
1356766057477,0.07099837,0.5277512,0.8464266,-0.010731548,0.848923,-0.5284076,-0.99741876,0.028432623,0.06593573
1356766057517,0.07093916,0.518312,0.8522443,0.0083634555,0.8540577,-0.52011096,-0.99744564,0.04402396,0.056251228
1356766057576,0.0733217,0.47772604,0.87544376,0.0325758,0.8761909,-0.48086208,-0.99677616,0.0637759,0.048681498
1356766057597,0.073652625,0.41241497,0.90801394,0.0623893,0.90679795,-0.41692334,-0.9953306,0.08735788,0.041057765
1356766057638,0.06681824,0.33282626,0.9406179,0.097398855,0.93604654,-0.3381276,-0.9929999,0.11420819,0.030128062
1356766057675,0.04752317,0.2540813,0.9660146,0.13447551,0.95667565,-0.25824046,-0.98977673,0.14217772,0.01129657
1356766057718,0.011229783,0.1917224,0.98138493,0.16790998,0.96714926,-0.19086267,-0.98573834,0.16692765,-0.02133125
1356766057757,-0.043788373,0.15163097,0.9874668,0.19052213,0.9715423,-0.14073713,-0.98070586,0.18197162,-0.07143128
1356766057797,-0.11520055,0.13313244,0.9843803,0.19636177,0.97447515,-0.10881289,-0.97374064,0.18075934,-0.13840222
1356766057837,-0.19292909,0.12488571,0.9732327,0.18375066,0.97891825,-0.089189395,-0.9638538,0.16162492,-0.21180964
1356766057877,-0.26025885,0.11246806,0.95896614,0.15699905,0.9849044,-0.07290131,-0.95268905,0.13158359,-0.27398747
1356766057917,-0.30189443,0.08621807,0.94943476,0.124134324,0.99097854,-0.050519332,-0.9452251,0.10260594,-0.30987352
1356766057957,-0.30995458,0.04495555,0.94968796,0.092253566,0.9955901,-0.017019145,-0.946265,0.08233693,-0.31273502
1356766057997,-0.28375703,-0.0062257815,0.95887595,0.06702738,0.99740416,0.026311131,-0.95655066,0.07173692,-0.28260314
1356766058037,-0.22976953,-0.05748999,0.9715456,0.054135732,0.9959534,0.071737334,-0.9717382,0.069078386,-0.22572744
1356766058077,-0.1589657,-0.098803535,0.98232776,0.055823818,0.9924885,0.108859226,-0.9857046,0.07214217,-0.15225601
1356766058117,-0.08251214,-0.12359829,0.98889595,0.068067715,0.9892634,0.12932372,-0.99426275,0.07798267,-0.07321322
1356766058178,-0.008971243,-0.1294376,0.99154705,0.08288013,0.9880789,0.12973474,-0.99651915,0.08334343,0.0018635392
1356766058199,0.05571723,-0.11604252,0.9916803,0.09258307,0.98954433,0.11059083,-0.99414486,0.08565098,0.06587821
1356766058239,0.108245105,-0.08484104,0.99049735,0.0926619,0.9928751,0.07491829,-0.9897963,0.08367183,0.115335405
1356766058279,0.14690655,-0.037000842,0.9884581,0.08202724,0.99631387,0.02510386,-0.98574334,0.07739257,0.14940012
1356766058319,0.17093617,0.025932746,0.98494077,0.062250197,0.99737215,-0.037063558,-0.9833137,0.06764826,0.16887265
1356766058359,0.18013945,0.10202956,0.97833526,0.036682844,0.9932172,-0.11033596,-0.9829569,0.05576399,0.17517483
1356766058399,0.17517856,0.18823142,0.96637547,0.009586692,0.9811808,-0.19285306,-0.98449004,0.04304806,0.17007732
1356766058439,0.15844369,0.2794099,0.9470088,-0.014724478,0.95968646,-0.2806868,-0.98725814,0.030528829,0.15617043
1356766058479,0.13428819,0.36854732,0.9198584,-0.032178745,0.92939866,-0.36767194,-0.9904197,0.01977411,0.13666666
1356766058519,0.108885676,0.4481552,0.8872997,-0.03975728,0.89385605,-0.4465878,-0.9932589,0.013350368,0.115145564
1356766058559,0.08794621,0.51260984,0.8541058,-0.037288904,0.8585212,-0.5114203,-0.9954271,0.013128802,0.09461832
1356766058599,0.07460892,0.5596547,0.8253606,-0.02749136,0.8285072,-0.5593032,-0.99683386,0.019038737,0.0771997
1356766058639,0.069306314,0.58934045,0.8049065,-0.013586789,0.8073294,-0.5899446,-0.9975029,0.029950827,0.063960254
1356766058679,0.07066927,0.6024885,0.7949927,0.002750367,0.7968646,-0.6041516,-0.997496,0.044881463,0.054656744
1356766058719,0.07625997,0.5998814,0.7964463,0.021744013,0.79758185,-0.6028187,-0.99685085,0.0632889,0.04777974
1356766058759,0.083018325,0.58221954,0.80878204,0.044853747,0.8085781,-0.5866768,-0.99553806,0.0849818,0.04101211
1356766058799,0.08667028,0.5511294,0.8299063,0.07356422,0.82722634,-0.5570322,-0.9935172,0.10932949,0.031152546
1356766058839,0.0809454,0.51123834,0.8556186,0.10791561,0.8488938,-0.5174296,-0.99085927,0.13421814,0.013543427
1356766058879,0.058228105,0.47064042,0.8804016,0.1447538,0.8685974,-0.47390392,-0.9877529,0.155036,-0.01755023
1356766058919,0.012467682,0.43845966,0.89866436,0.17779306,0.8834412,-0.43349886,-0.9839889,0.16518098,-0.066940606
1356766058959,-0.056400776,0.4195264,0.9059893,0.20060885,0.8936893,-0.4013422,-0.97804654,0.15911347,-0.13456547
1356766058999,-0.13826588,0.41014722,0.9014776,0.2100018,0.90166414,-0.37802264,-0.9678749,0.13704428,-0.210801
1356766059037,-0.21396795,0.3996119,0.891363,0.20688367,0.91033447,-0.35845554,-0.9546815,0.107710466,-0.27745557
1356766059077,-0.26547965,0.37838224,0.8867623,0.1941888,0.9219028,-0.33524027,-0.9443576,0.08319983,-0.318224
1356766059117,-0.2837636,0.34305122,0.89542955,0.17423186,0.93671626,-0.30365425,-0.9429324,0.06984636,-0.32557642
1356766059177,-0.26785147,0.29526258,0.91710174,0.14998965,0.9530568,-0.263032,-0.95171356,0.06710229,-0.299564
1356766059199,-0.22305691,0.24100438,0.94454354,0.12734896,0.9678563,-0.21687888,-0.9664511,0.07191031,-0.2465787
1356766059239,-0.15829927,0.18806511,0.9693156,0.11168352,0.978804,-0.17166694,-0.9810545,0.08108182,-0.17594773
1356766059279,-0.08443093,0.14476903,0.9858567,0.10368119,0.9852952,-0.1358071,-0.9910205,0.09074847,-0.09819925
1356766059319,-0.011366963,0.11728215,0.9930336,0.09905617,0.98834497,-0.11559454,-0.9950169,0.09705215,-0.022852004
1356766059359,0.0534091,0.10940528,0.99256134,0.092061654,0.9892073,-0.11398936,-0.9943199,0.0974649,0.04276067
1356766059399,0.10533193,0.122761264,0.9868308,0.07860738,0.988218,-0.1313242,-0.99132544,0.09140481,0.094441
1356766059439,0.14216712,0.15741542,0.97724557,0.057258036,0.98431265,-0.16688354,-0.98818517,0.07968052,0.13092357
1356766059479,0.16274548,0.21288207,0.96342885,0.029013216,0.974992,-0.2203381,-0.98624146,0.06381119,0.15249914
1356766059519,0.16716027,0.28713936,0.9431906,-0.0026131123,0.95677656,-0.2908123,-0.9859263,0.0461476,0.16068536
1356766059559,0.1560911,0.3749047,0.9138282,-0.03306614,0.9266331,-0.37450993,-0.987189,0.02824089,0.15703583
1356766059599,0.13317066,0.46843755,0.8734024,-0.05736202,0.88341737,-0.46506274,-0.9894317,0.01183258,0.14451581
1356766059639,0.10493642,0.5565047,0.82419103,-0.07120225,0.8308441,-0.5519315,-0.9919267,-7.6654553E-4,0.1268102
1356766059679,0.07936169,0.62888134,0.77344024,-0.07332799,0.77746844,-0.62463254,-0.99414515,-0.007142961,0.10781586
1356766059719,0.06236638,0.6801115,0.7304511,-0.066378325,0.7330818,-0.6768936,-0.9958435,-0.006270677,0.0908643
1356766059759,0.055931777,0.7092975,0.7026868,-0.054358184,0.704908,-0.7072128,-0.9969537,0.0013588667,0.0779829
1356766059799,0.059054866,0.7169732,0.6945947,-0.039778084,0.6969466,-0.7160189,-0.99746186,0.014654696,0.06967795
1356766059839,0.06909189,0.70284,0.7079847,-0.022845417,0.7106092,-0.70321596,-0.99734867,0.03241232,0.065154016
1356766059879,0.08252571,0.6650958,0.7421839,-0.0018126369,0.7448232,-0.6672594,-0.9965873,0.053720772,0.062672615
1356766059919,0.09501642,0.60171795,0.79303676,0.026153237,0.7948572,-0.60623264,-0.995132,0.0783425,0.05978763
1356766059959,0.10021567,0.5143896,0.8516809,0.06280847,0.85101223,-0.5213764,-0.99298143,0.1057429,0.052976727
1356766059999,0.089996636,0.41394043,0.9058443,0.10592191,0.90039843,-0.4219753,-0.99029344,0.13392513,0.037187457
1356766060039,0.057309598,0.31821314,0.9462853,0.1476978,0.9347109,-0.32326588,-0.98737067,0.1582905,0.0065684915
