1356766336299,-0.17271614,0.005707454,0.98495513,0.0696657,-0.9974081,0.017995793,0.9825049,0.07172574,0.1718708
1356766336338,0.053278103,0.776042,-0.62842685,-0.17846704,0.62658834,0.75864124,0.9825024,0.07173449,0.17188132
1356766336379,0.053273395,0.77601695,-0.6284581,-0.17853668,0.626613,0.75860447,0.98249,0.071789384,0.1719293
1356766336417,0.05323915,0.77585155,-0.6286653,-0.17865747,0.6268009,0.7584209,0.9824699,0.07193798,0.17198199
1356766336458,0.053111047,0.7753262,-0.6293239,-0.1786778,0.62742126,0.75790286,0.9824732,0.072193176,0.17185658
1356766336498,0.05278866,0.77425355,-0.6306702,-0.17836678,0.62870526,0.7569115,0.98254704,0.07253423,0.17128962
1356766336537,0.052166864,0.7726425,-0.6326945,-0.17760766,0.63063496,0.7554834,0.98271775,0.07296014,0.17012548
1356766336578,0.051170483,0.77074254,-0.6350886,-0.17648849,0.6328919,0.75385654,0.9829717,0.07351062,0.16841257
1356766336617,0.04977818,0.76892185,-0.63740206,-0.17523977,0.6350169,0.7523593,0.9832666,0.07424709,0.16635567
1356766336659,0.04807219,0.76752734,-0.6392112,-0.17415574,0.63658917,0.7512816,0.9835441,0.07520649,0.16427147
1356766336697,0.046261802,0.76677483,-0.6402469,-0.1734742,0.63736135,0.7507844,0.98375124,0.07633373,0.16250116
1356766336737,0.04458797,0.76655173,-0.6406326,-0.17317227,0.6374931,0.7507422,0.9838817,0.0774658,0.16117007
1356766336779,0.043212473,0.7664038,-0.640904,-0.17293811,0.6375574,0.7507416,0.9839843,0.07839534,0.16009086
1356766336817,0.042177483,0.7657343,-0.6417726,-0.17238066,0.6382886,0.7502484,0.98412704,0.07898557,0.15891916
1356766336857,0.04141198,0.76400316,-0.6438823,-0.17124492,0.6403266,0.74877036,0.98435783,0.079253465,0.15734887
1356766336897,0.040852323,0.7610208,-0.6474399,-0.16957897,0.643861,0.7461139,0.9846695,0.0793117,0.15535635
1356766336937,0.040578723,0.75723326,-0.6518827,-0.1677565,0.6483222,0.74265474,0.9849929,0.079221606,0.15333891
1356766336977,0.040800855,0.7535428,-0.6561315,-0.16638568,0.6526335,0.7391788,0.98521626,0.07901177,0.15200675
1356766337017,0.041655004,0.75085056,-0.65915716,-0.16607395,0.6557556,0.73648083,0.98523307,0.078790754,0.15201223
1356766337057,0.043047905,0.7495066,-0.6605957,-0.16710708,0.6572955,0.73487264,0.9849985,0.0787555,0.15354306
1356766337097,0.044602573,0.7491697,-0.6608747,-0.16915292,0.65764457,0.7340919,0.98458004,0.07904652,0.15605688
1356766337138,0.045775637,0.7489482,-0.66104543,-0.17126217,0.6578254,0.7334405,0.9841615,0.07963842,0.1583789
1356766337177,0.046081573,0.747839,-0.66227883,-0.17230645,0.6589966,0.7321434,0.98396486,0.080376625,0.15922505
1356766337239,0.04527819,0.7452425,-0.6652545,-0.17158043,0.6618428,0.7297425,0.9841291,0.081103235,0.15783608
1356766337259,0.04338889,0.7413537,-0.66971046,-0.16913044,0.66611683,0.72641814,0.98463815,0.081749946,0.15428752
1356766337299,0.040564418,0.73725617,-0.6743944,-0.16559431,0.6705766,0.7231221,0.9853594,0.08234286,0.14928699
1356766337328,0.037221834,0.7354116,-0.67659754,-0.16224879,0.67253053,0.7220651,0.98604757,0.082900554,0.1443525
1356766337359,0.033601478,0.73536175,-0.6768412,-0.15923542,0.6725119,0.7227529,0.98666865,0.083491504,0.13969302
1356766337389,0.0296081,0.7379204,-0.67423797,-0.15671614,0.6696186,0.7259828,0.9871998,0.084169,0.13547021
1356766337419,0.025246501,0.7434174,-0.66835123,-0.15478224,0.6634089,0.7320732,0.987626,0.08496651,0.1318165
1356766337459,0.020519435,0.7515489,-0.6593582,-0.15362313,0.6540353,0.7407009,0.9879164,0.0860939,0.12887573
1356766337499,0.015073314,0.7654086,-0.643368,-0.15355062,0.63758063,0.75492585,0.9880258,0.08741036,0.12713945
1356766337539,0.009766072,0.7822784,-0.6228525,-0.15476426,0.61655915,0.7719475,0.9879032,0.08885637,0.1270901
1356766337579,0.005022794,0.79990816,-0.6001016,-0.15754625,0.59324753,0.7894534,0.9874989,0.09057844,0.12900227
1356766337619,9.0038776E-4,0.81597996,-0.57807946,-0.16223517,0.5705406,0.8050858,0.9867517,0.09305996,0.13289434
1356766337659,-0.002853036,0.8286636,-0.5597396,-0.16923723,0.5512676,0.81698394,0.98557115,0.09705973,0.13866794
1356766337699,-0.0065472424,0.83687854,-0.54734945,-0.17882228,0.5375582,0.82404715,0.98385954,0.10327357,0.146133
1356766337729,-0.009890705,0.8409622,-0.5410036,-0.18904164,0.52970123,0.82684934,0.9819193,0.1104503,0.15373772
1356766337759,-0.01310432,0.84159636,-0.5399479,-0.1998739,0.5268915,0.8260967,0.979734,0.11874694,0.16130859
1356766337789,-0.016176283,0.83900523,-0.5438828,-0.21089432,0.5288536,0.82209337,0.977375,0.12800023,0.16838658
1356766337819,-0.019096464,0.83347166,-0.55223197,-0.2215266,0.53507733,0.8152411,0.9749673,0.13790235,0.17441809
1356766337859,-0.022682965,0.8240001,-0.5661353,-0.23209831,0.5464688,0.8046752,0.97242785,0.1496515,0.17885351
1356766337899,-0.0260503,0.8108788,-0.58463395,-0.24164349,0.56238115,0.79078174,0.9700153,0.16187313,0.18129337
1356766337929,-0.028584123,0.79727656,-0.60293704,-0.24950904,0.57839966,0.77665895,0.9679505,0.17263836,0.18239462
1356766337959,-0.030861378,0.78473717,-0.6190598,-0.2556209,0.5925616,0.7638905,0.9662844,0.18181935,0.18230796
1356766337987,-0.0330396,0.7736791,-0.6327156,-0.26007897,0.60459626,0.752876,0.96502185,0.18943077,0.18124205
1356766338028,-0.035576463,0.76361275,-0.64469373,-0.2628288,0.6152434,0.7432339,0.96418643,0.19588569,0.17881125
1356766338067,-0.038559675,0.7551049,-0.65446895,-0.26460958,0.62385917,0.73537844,0.96358436,0.20153475,0.17575216
1356766338107,-0.04175052,0.74792206,-0.6624724,-0.2659905,0.6308017,0.72892964,0.96307117,0.2066445,0.17260379
1356766338148,-0.044934273,0.74127376,-0.66969705,-0.2671845,0.6370352,0.72304815,0.96259725,0.21142226,0.1694321
1356766338187,-0.048286736,0.73331,-0.67817765,-0.26834682,0.6444832,0.7159828,0.9621114,0.21655932,0.1656614
1356766338237,-0.052338332,0.7213175,-0.6906241,-0.2695163,0.6557064,0.70527303,0.9615725,0.2230473,0.1600883
1356766338269,-0.05736944,0.7031144,-0.7087586,-0.2697805,0.67259836,0.68907905,0.9612113,0.23074135,0.15109998
1356766338309,-0.06301394,0.678421,-0.73196584,-0.26714376,0.69519424,0.66733736,0.96159416,0.23759168,0.13742906
1356766338349,-0.068607256,0.64901435,-0.75767624,-0.25962746,0.72168237,0.6416916,0.96326864,0.24073829,0.11898935
1356766338389,-0.073561564,0.61874664,-0.782139,-0.24665536,0.7486108,0.61542106,0.96630734,0.23819008,0.09754819
1356766338429,-0.077975765,0.5925232,-0.80177057,-0.22832504,0.77223027,0.5928981,0.97045743,0.22929597,0.075072646
1356766338469,-0.08231908,0.5755104,-0.81364083,-0.20536299,0.78909504,0.5789258,0.9752177,0.21474834,0.05323094
1356766338509,-0.0870543,0.57188666,-0.8157004,-0.17906177,0.79649067,0.57752883,0.9799788,0.19633713,0.03306514
1356766338549,-0.09230773,0.58304274,-0.8071806,-0.15082818,0.7931004,0.5901208,0.98424095,0.1762183,0.014729977
1356766338579,-0.09801814,0.6068464,-0.78875214,-0.12394096,0.7789544,0.61471033,0.9874366,0.15801145,-0.0011385083
1356766338619,-0.102958664,0.63337654,-0.7669639,-0.09720492,0.7609641,0.6414708,0.9899246,0.14059764,-0.016780555
1356766338659,-0.10875474,0.66476667,-0.73909247,-0.070228964,0.7365066,0.6727748,0.9915848,0.12507316,-0.033412695
1356766338699,-0.11714664,0.69122803,-0.71307814,-0.043518692,0.7137593,0.6990378,0.9921607,0.11292216,-0.053533137
1356766338739,-0.13290147,0.70214224,-0.6995237,-0.017842263,0.7039753,0.7100003,0.9909686,0.10684121,-0.0810315
1356766338769,-0.15565193,0.6967691,-0.7002038,0.004188627,0.70930237,0.7048919,0.9878031,0.10678488,-0.113322794
1356766338809,-0.19914739,0.6568042,-0.7272884,0.017329603,0.7443984,0.66751075,0.97981626,0.12032941,-0.1596272
1356766338849,-0.2595819,0.57611144,-0.7750567,0.010639489,0.80422515,0.59422946,0.9656625,0.14600502,-0.21489185
1356766338879,-0.31676197,0.47299787,-0.82215255,-0.017198592,0.86378103,0.5035738,0.94834906,0.17365292,-0.26547807
1356766338926,-0.36081934,0.36916855,-0.85646015,-0.05813417,0.9076338,0.41571784,0.9308221,0.19978863,-0.3060305
1356766338948,-0.38282531,0.2842201,-0.8790129,-0.10106318,0.93290186,0.34565932,0.918276,0.22116299,-0.32841426
1356766338988,-0.3777985,0.21748784,-0.8999818,-0.1388995,0.94770724,0.28732896,0.91540986,0.23355949,-0.3278334
1356766339025,-0.34814635,0.1763959,-0.92069465,-0.16547954,0.95515,0.24557073,0.9227192,0.23785068,-0.3033421
1356766339068,-0.29844412,0.1593855,-0.94102466,-0.18128386,0.95854247,0.21984641,0.9370525,0.23620446,-0.25717735
1356766339108,-0.23565179,0.15651655,-0.959151,-0.19001031,0.96047795,0.2034163,0.9530815,0.230184,-0.19659859
1356766339147,-0.16676259,0.16064315,-0.9728228,-0.19471379,0.9618433,0.1922082,0.96658003,0.22147512,-0.12912005
1356766339187,-0.09879035,0.16336381,-0.9816072,-0.1987873,0.9633102,0.18032499,0.9750508,0.21294542,-0.06269109
1356766339237,-0.037519637,0.1593428,-0.9865101,-0.20397389,0.96519977,0.1636584,0.9782571,0.2073627,-0.0037121773
1356766339269,0.013375163,0.14587179,-0.989213,-0.21019751,0.9676057,0.13984345,0.9775673,0.20605971,0.043603778
1356766339309,0.052631915,0.12339327,-0.99096113,-0.21642262,0.97016126,0.109308645,0.97488004,0.20871328,0.07776654
1356766339339,0.08237818,0.09679018,-0.99188983,-0.22091909,0.9722849,0.07652939,0.9718069,0.21282306,0.10147786
1356766339379,0.10111764,0.06670592,-0.9926356,-0.22552514,0.97331285,0.04243365,0.96897554,0.2195735,0.113462985
1356766339409,0.11369729,0.034840032,-0.9929044,-0.22934337,0.97331357,0.0078905225,0.9666823,0.2268189,0.11865342
1356766339449,0.1175693,2.0128489E-4,-0.9930647,-0.234854,0.9716385,-0.027607523,0.96489435,0.236471,0.11428213
1356766339489,0.1151095,-0.037827685,-0.9926323,-0.24234958,0.9680096,-0.06499317,0.96333617,0.24804536,0.10225958
1356766339529,0.1080468,-0.07573085,-0.9912572,-0.2505528,0.9628337,-0.10086954,0.9620547,0.2592609,0.08505654
1356766339569,0.098397374,-0.110039085,-0.9890447,-0.2558919,0.95765036,-0.13200423,0.96168464,0.26607737,0.066072166
1356766339599,0.08898565,-0.136767,-0.9865983,-0.25739107,0.95372576,-0.15542525,0.9622013,0.26777223,0.04966533
1356766339639,0.07862431,-0.15777883,-0.9843394,-0.2506951,0.952536,-0.17270541,0.964868,0.26034793,0.035338104
1356766339669,0.06801382,-0.17017996,-0.983063,-0.24122685,0.9533039,-0.18171771,0.9680824,0.2495005,0.02378589
1356766339699,0.057441235,-0.17678726,-0.9825714,-0.22919193,0.9555754,-0.18532862,0.9716849,0.23584296,0.014371216
1356766339729,0.046480924,-0.1773037,-0.9830579,-0.21530169,0.95921284,-0.1831829,0.9754408,0.22016853,0.006411314
1356766339769,0.03375092,-0.17282888,-0.9843734,-0.19707835,0.9644447,-0.17608708,0.9798066,0.19994178,-0.0015099049
1356766339799,0.019206852,-0.15478624,-0.98776126,-0.17929287,0.97139543,-0.15570799,0.98360825,0.1800892,-0.009094596
1356766339839,0.0030641258,-0.13422953,-0.9909456,-0.1594923,0.9781995,-0.13299616,0.9871944,0.15845571,-0.01841122
1356766339879,-0.017192781,-0.10286576,-0.99454665,-0.1394184,0.9852228,-0.099491276,0.9900843,0.13694757,-0.0312801
1356766339919,-0.043331653,-0.0675686,-0.9967731,-0.12183985,0.9906205,-0.06185491,0.9916034,0.11876641,-0.051157773
1356766339959,-0.07836038,-0.040098343,-0.9961183,-0.111738294,0.993248,-0.031192828,0.99064326,0.108860284,-0.08231181
1356766339999,-0.12364271,-0.03439856,-0.9917304,-0.11563204,0.99309015,-0.020029448,0.9855667,0.112199314,-0.12676597
1356766340039,-0.17431551,-0.057497784,-0.98300976,-0.1378077,0.98989356,-0.033463232,0.9749991,0.12963316,-0.18047744
1356766340079,-0.2182869,-0.097088516,-0.97104317,-0.17264563,0.98318565,-0.059492476,0.96049184,0.15465993,-0.2313785
1356766340119,-0.24478987,-0.12723783,-0.9611912,-0.20442817,0.9758393,-0.07711446,0.94778013,0.1776177,-0.26488662
1356766340159,-0.2510699,-0.1256021,-0.9597854,-0.21989843,0.9730216,-0.069811106,0.9426604,0.19352785,-0.27191615
1356766340198,-0.2396498,-0.0815953,-0.9674246,-0.21706232,0.9757409,-0.028526187,0.9462833,0.20315512,-0.25154734
1356766340241,-0.2138845,0.004018247,-0.9768507,-0.20265135,0.9780544,0.048394337,0.9556076,0.20831092,-0.20837635
1356766340279,-0.17786121,0.1155212,-0.97725135,-0.18760467,0.97089094,0.14891365,0.9660072,0.20982286,-0.15101153
1356766340319,-0.13657132,0.23057611,-0.9634225,-0.18074785,0.95040977,0.25308394,0.9740012,0.20870055,-0.08812255
1356766340359,-0.0955196,0.32711434,-0.9401448,-0.18558282,0.9220522,0.33967456,0.977975,0.2069203,-0.027367234
1356766340399,-0.05880308,0.39232227,-0.9179463,-0.1997318,0.89632064,0.39587438,0.9780845,0.20662172,0.025652826
1356766340439,-0.028063774,0.42372313,-0.9053569,-0.21806559,0.8813043,0.41922557,0.9755305,0.20919222,0.06766671
1356766340479,-0.0032641366,0.42496705,-0.905203,-0.23611897,0.87928444,0.41365048,0.97171867,0.21508577,0.09747267
1356766340519,0.016142577,0.40150586,-0.91571414,-0.25147954,0.8880235,0.38493142,0.9677279,0.22406963,0.11530548
1356766340559,0.030614078,0.35911128,-0.9327925,-0.2635744,0.90309894,0.33902925,0.9641531,0.23548114,0.12230009
1356766340599,0.040408373,0.30341762,-0.9520005,-0.27287287,0.91991156,0.28160807,0.9612011,0.24839577,0.11996657
1356766340639,0.04566139,0.24014,-0.96966374,-0.27970585,0.9349232,0.21836506,0.9589993,0.26124975,0.10985845
1356766340679,0.046718832,0.17625509,-0.98323524,-0.28324634,0.94624716,0.15616603,0.95790863,0.27120188,0.09413117
1356766340719,0.044060472,0.11956328,-0.99184847,-0.28190622,0.95395404,0.10247227,0.9584298,0.27509326,0.0757373
1356766340759,0.03791049,0.07676453,-0.99632823,-0.27468657,0.95943666,0.06347028,0.9607861,0.27127182,0.057458878
1356766340799,0.028138133,0.052975684,-0.9981992,-0.26181102,0.96412534,0.043787204,0.9647088,0.2601075,0.04099828
1356766340839,0.014564125,0.052833065,-0.99849707,-0.24423318,0.96854335,0.04768575,0.96960706,0.24317163,0.027009606
1356766340879,-0.0028835237,0.08096692,-0.99671257,-0.2229389,0.97157955,0.07957023,0.9748281,0.22243544,0.015249133
1356766340919,-0.023964882,0.14186253,-0.98959625,-0.19826196,0.96954465,0.14378934,0.979856,0.19964518,0.0048909187
1356766340959,-0.047609445,0.23919082,-0.96980464,-0.16941124,0.9549059,0.24383292,0.9843948,0.17590457,-0.004940927
1356766340999,-0.07154546,0.37041435,-0.9261072,-0.13481233,0.9163756,0.3769368,0.9882849,0.15181875,-0.015626132
1356766341039,-0.09336846,0.5169704,-0.85089606,-0.09366849,0.8462778,0.5244427,0.99121577,0.12866852,-0.030591846
1356766341079,-0.11417104,0.6463945,-0.7544131,-0.04747063,0.75496167,0.65404856,0.9923264,0.11048585,-0.055509984
1356766341119,-0.14108048,0.73167264,-0.6668968,7.7700615E-4,0.67371607,0.73898983,0.98999774,0.103738904,-0.0956167
1356766341159,-0.18247987,0.7684066,-0.613394,0.046431094,0.62990785,0.7752808,0.98211265,0.112992585,-0.15062344
1356766341199,-0.23674916,0.770537,-0.591796,0.081630856,0.6227345,0.7781633,0.9681354,0.13592067,-0.2103315
1356766341237,-0.28871804,0.76129496,-0.58057886,0.10094994,0.62722933,0.7722645,0.9520772,0.16435727,-0.25794512
1356766341276,-0.32043985,0.7639727,-0.56005704,0.10840559,0.6169245,0.7795206,0.9410454,0.18907613,-0.28050613
1356766341317,-0.32635397,0.78525513,-0.52618194,0.10547382,0.5834361,0.8052811,0.93934464,0.20730823,-0.27323055
1356766341357,-0.3121473,0.8172393,-0.484442,0.08970806,0.53299737,0.84134793,0.94578886,0.21916616,-0.23968661
1356766341397,-0.2865406,0.8504832,-0.4411042,0.060330003,0.4755138,0.87763715,0.95616674,0.22486687,-0.1875636
1356766341437,-0.25695258,0.8794295,-0.40072325,0.02057457,0.41952932,0.9075086,0.966205,0.224942,-0.12589306
1356766341478,-0.22834516,0.9021278,-0.36609298,-0.02467668,0.37054372,0.9284872,0.9732675,0.22104946,-0.062350392
1356766341517,-0.20421961,0.918025,-0.33988884,-0.06975904,0.33267602,0.94045746,0.9764364,0.21577021,-0.0038983822
1356766341557,-0.18557385,0.9280852,-0.32283136,-0.11070904,0.3066989,0.9453461,0.9763738,0.21117187,0.045832157
1356766341597,-0.17247242,0.9330471,-0.31571564,-0.14476734,0.29302734,0.94508064,0.974318,0.20870566,0.0845356
1356766341637,-0.16452214,0.93340427,-0.31888697,-0.17064601,0.29148307,0.94123197,0.97150004,0.20927027,0.11132634
1356766341677,-0.16122815,0.9291726,-0.33263168,-0.1882562,0.30189738,0.93456817,0.96879566,0.21329871,0.12624818
1356766341717,-0.16233763,0.91969883,-0.35749182,-0.19828817,0.32450095,0.924868,0.9666065,0.22102734,0.12968671
1356766341757,-0.1676482,0.9038162,-0.39371344,-0.20215142,0.35936308,0.9110395,0.96489835,0.23232388,0.1224612
1356766341797,-0.17582488,0.8813237,-0.43858194,-0.20166877,0.40382642,0.89233065,0.96354306,0.24534228,0.106732786
1356766341837,-0.18397689,0.8550632,-0.48478794,-0.19808885,0.45083398,0.87035024,0.9627633,0.2561554,0.0864355
1356766341878,-0.18959028,0.83056575,-0.52365655,-0.19127673,0.4918685,0.84939903,0.96305186,0.26120108,0.0656144
1356766341924,-0.19104642,0.8145678,-0.5477048,-0.17699459,0.52024895,0.8354723,0.96549165,0.25655478,0.0447824
1356766341955,-0.19184297,0.8084361,-0.5564417,-0.16162902,0.5332059,0.830402,0.968025,0.24924386,0.02837491
1356766341998,-0.18894109,0.8121624,-0.5519905,-0.14263245,0.5334567,0.8337146,0.97157466,0.23625472,0.015048802
1356766342037,-0.18365252,0.8264178,-0.5322643,-0.12032193,0.5185033,0.84656775,0.97559947,0.21951738,0.0042117834
1356766342077,-0.17543137,0.84658587,-0.50250983,-0.09633529,0.4932143,0.86455715,0.97976696,0.20007992,-0.0049691796
1356766342117,-0.16465175,0.86752707,-0.46934694,-0.072059035,0.4639901,0.88290465,0.9837161,0.17919251,-0.013883591
1356766342157,-0.15380216,0.8842273,-0.44100684,-0.047695994,0.43915337,0.89714515,0.98694986,0.15901709,-0.02536863
1356766342197,-0.1481219,0.8928613,-0.42527488,-0.02157265,0.42699897,0.9039948,0.9887339,0.1430757,-0.0439865
1356766342240,-0.15539947,0.890414,-0.42780128,0.009107262,0.4343352,0.90070534,0.9878098,0.13607302,-0.07560468
1356766342279,-0.18019634,0.875407,-0.4485443,0.042881966,0.46256667,0.8855468,0.9826956,0.1403378,-0.12089205
1356766342319,-0.22399133,0.8466804,-0.48265958,0.07486573,0.50872797,0.857666,0.9717114,0.1559751,-0.177338
1356766342359,-0.2761232,0.80694824,-0.52210194,0.095194876,0.56351185,0.8206048,0.9563963,0.17688665,-0.23241603
1356766342399,-0.31913823,0.7650491,-0.5593306,0.09801766,0.6136731,0.7834525,0.94262576,0.19520539,-0.27083486
1356766342439,-0.33988827,0.73039067,-0.5924571,0.08383706,0.65098435,0.75444734,0.9367216,0.20675796,-0.28249574
1356766342479,-0.33509827,0.7070624,-0.6227134,0.055327773,0.6745528,0.7361504,0.9405573,0.21222937,-0.26516163
1356766342519,-0.30825526,0.694022,-0.6506244,0.015984118,0.68761134,0.725903,0.9511694,0.21336377,-0.22305316
1356766342559,-0.26560548,0.6881703,-0.67518544,-0.029343158,0.69424546,0.71913993,0.9636351,0.21081957,-0.16420233
1356766342599,-0.2145436,0.68618715,-0.69506705,-0.07603866,0.69774383,0.7123003,0.9737501,0.20567146,-0.097519696
1356766342638,-0.16282716,0.6852294,-0.70989287,-0.12074205,0.7002485,0.7036146,0.97923887,0.20028147,-0.031283498
1356766342679,-0.11696823,0.6835139,-0.72050494,-0.16105595,0.7028267,0.6928894,0.9799896,0.19708759,0.027875543
1356766342719,-0.081074,0.6802697,-0.72846425,-0.19516316,0.7058873,0.6809071,0.97741413,0.1973732,0.07553446
1356766342759,-0.056701973,0.67538065,-0.73528624,-0.22200663,0.7095033,0.6688185,0.973395,0.20116177,0.10970873
1356766342799,-0.043632522,0.66887033,-0.7420975,-0.24151728,0.7137107,0.65748495,0.96941507,0.20791711,0.13040274
1356766342839,-0.04072188,0.66061044,-0.74962366,-0.25446793,0.71865016,0.64713836,0.9662235,0.21710786,0.13883942
1356766342879,-0.04665345,0.6501973,-0.75833166,-0.26205873,0.7246016,0.6373992,0.9639236,0.22846426,0.1365847
1356766342919,-0.05984749,0.63729507,-0.7682924,-0.26535863,0.7318208,0.6277126,0.9622905,0.24144007,0.12531412
1356766342959,-0.077403545,0.62251717,-0.7787689,-0.26472282,0.7402422,0.6180318,0.961213,0.25399578,0.107497156
1356766342999,-0.09515849,0.6076932,-0.78845036,-0.26001668,0.7493746,0.6089574,0.9609039,0.2629577,0.086701035
1356766343039,-0.10955675,0.5947901,-0.7963807,-0.25147912,0.7585506,0.6011317,0.9616422,0.26613104,0.06647289
1356766343079,-0.118988186,0.5848196,-0.80238885,-0.23986375,0.76726294,0.5947882,0.96348697,0.26323676,0.048981786
1356766343119,-0.12320982,0.57787716,-0.8067696,-0.22595495,0.77527434,0.5898254,0.96631444,0.25496596,0.035052836
1356766343159,-0.12269442,0.57338136,-0.8100493,-0.21025892,0.78267026,0.58584845,0.9699161,0.24220043,0.024529278
1356766343188,-0.11983842,0.56943977,-0.81325096,-0.19520164,0.7896496,0.58167845,0.9734141,0.22845532,0.016525209
1356766343240,-0.115078285,0.5661496,-0.8162302,-0.1799309,0.79621696,0.5776361,0.9769248,0.21333835,0.010240495
1356766343254,-0.1074025,0.56327796,-0.8192574,-0.16127291,0.80324006,0.5734077,0.9810482,0.19370948,0.0045714974
1356766343298,-0.09911257,0.5570867,-0.8245188,-0.13950966,0.8126353,0.56582767,0.9852481,0.17110892,-0.0028234124
1356766343337,-0.09550868,0.544388,-0.8333785,-0.11550093,0.82549024,0.552472,0.988705,0.1490219,-0.01596415
1356766343377,-0.10439225,0.52128077,-0.84697616,-0.0911628,0.8430284,0.5300872,0.9903492,0.13254972,-0.04048425
1356766343417,-0.13270122,0.48286176,-0.86558366,-0.07144326,0.8663755,0.49425638,0.98857796,0.12742853,-0.08047187
1356766343457,-0.18045935,0.42630732,-0.8863953,-0.063416794,0.8942725,0.44300675,0.981536,0.13615704,-0.13434482
1356766343497,-0.23496479,0.35568297,-0.90458894,-0.07202859,0.92171323,0.38112545,0.9693314,0.15470733,-0.19095081
1356766343538,-0.27695692,0.2833761,-0.9181464,-0.09488453,0.9427887,0.3196034,0.95618606,0.1756343,-0.23422384
1356766343577,-0.29287905,0.22285742,-0.92981535,-0.12371591,0.9554508,0.26797053,0.9481121,0.19351588,-0.2522605
1356766343617,-0.2803768,0.1817132,-0.9425333,-0.15090254,0.96136427,0.23023283,0.94795424,0.20678264,-0.24212325
1356766343657,-0.24471557,0.16060093,-0.9562017,-0.17224813,0.96329945,0.20587558,0.9541724,0.21508491,-0.20807117
1356766343697,-0.19427168,0.15596826,-0.9684691,-0.18687065,0.9633148,0.19262384,0.9629838,0.21839984,-0.15799892
1356766343737,-0.13767803,0.16272162,-0.9770192,-0.19691335,0.962226,0.18800615,0.97070587,0.21827243,-0.10043532
1356766343777,-0.08237961,0.175663,-0.98099756,-0.20593604,0.96009815,0.18921417,0.9750918,0.21761015,-0.042917132
1356766343817,-0.033896,0.19031262,-0.9811382,-0.2162795,0.95704305,0.19311078,0.97574294,0.21874575,0.008720815
1356766343857,0.0045113303,0.20344944,-0.97907513,-0.22793116,0.9535215,0.19708921,0.97366685,0.22227256,0.05067408
1356766343897,0.03175828,0.2132705,-0.9764768,-0.23960812,0.95010555,0.19971798,0.97035,0.22762911,0.081275046
1356766343937,0.048505995,0.21915084,-0.9744845,-0.25031146,0.94716674,0.20054784,0.9669495,0.23419687,0.10079926
1356766343977,0.05632007,0.22110613,-0.9736222,-0.2595499,0.9448848,0.19956607,0.96408606,0.24146396,0.11060405
1356766344017,0.05673322,0.21924707,-0.9740185,-0.26686597,0.94342244,0.19681604,0.9620623,0.24876638,0.11203295
1356766344057,0.050869316,0.21363105,-0.97558916,-0.27189332,0.9429182,0.19229981,0.96098197,0.255474,0.10605043
1356766344097,0.0402694,0.20486481,-0.9779615,-0.2740227,0.9434941,0.18636113,0.96087974,0.26047903,0.09413159
1356766344137,0.027475145,0.19446488,-0.98052466,-0.27213296,0.9453021,0.1798539,0.96186733,0.26189157,0.07889259
1356766344177,0.014878336,0.18422545,-0.9827714,-0.26572654,0.94826466,0.17373413,0.9639336,0.25856355,0.06306219
1356766344241,0.0035991669,0.1756684,-0.98444283,-0.25558692,0.95191294,0.16892919,0.96677935,0.25100273,0.048324645
1356766344259,-0.005988419,0.17031185,-0.985372,-0.242835,0.95564586,0.16664977,0.9700491,0.24028079,0.035634875
1356766344299,-0.013778124,0.16965033,-0.985408,-0.22801162,0.9590038,0.16829261,0.97356087,0.22700325,0.025469005
1356766344339,-0.019989494,0.17477037,-0.9844063,-0.2112623,0.9616326,0.17501706,0.977225,0.21146643,0.017699838
1356766344379,-0.024974968,0.1861638,-0.9822012,-0.19252042,0.96322066,0.1874616,0.98097503,0.19377564,0.011783898
1356766344419,-0.029326916,0.2033734,-0.9786619,-0.17170018,0.9635054,0.205369,0.9847126,0.17405927,0.006662607
1356766344459,-0.03500494,0.22425196,-0.9739024,-0.14926562,0.9623958,0.22696747,0.98817736,0.15331511,-2.1547079E-4
1356766344499,-0.04642811,0.24391395,-0.9686849,-0.12687537,0.96043706,0.24791813,0.9908315,0.13441262,-0.013644576
1356766344539,-0.07008207,0.25421154,-0.9646061,-0.10801305,0.95936453,0.26067773,0.99167615,0.12245888,-0.039776087
1356766344579,-0.11154133,0.24503961,-0.96307534,-0.09820586,0.9616611,0.25605378,0.98889536,0.123140216,-0.08320063
1356766344619,-0.16940707,0.20969194,-0.9629801,-0.10353932,0.96790904,0.22897984,0.98009235,0.1384971,-0.14225924
1356766344659,-0.23040846,0.15377532,-0.9608668,-0.12539421,0.9745102,0.18602735,0.96498096,0.16334942,-0.20525289
1356766344699,-0.27584916,0.09656578,-0.9563379,-0.15521619,0.97740775,0.14346434,0.94858587,0.18801366,-0.25462854
1356766344739,-0.29475415,0.05846757,-0.9537827,-0.18014047,0.97683036,0.11555046,0.93843985,0.20587385,-0.2773924
1356766344779,-0.28664422,0.05033505,-0.956714,-0.1931506,0.9750766,0.10917163,0.93836457,0.21608326,-0.26977783
1356766344819,-0.2566272,0.072575614,-0.9637817,-0.19487433,0.97281176,0.12514502,0.94666064,0.21993196,-0.23550683
1356766344877,-0.21168262,0.11827476,-0.97015536,-0.19036822,0.9686479,0.15962829,0.958619,0.2184773,-0.18253016
1356766344898,-0.1591959,0.17662856,-0.9713182,-0.18630996,0.9608119,0.20525366,0.96950775,0.21364179,-0.120049655
1356766344938,-0.10626599,0.23593427,-0.9659413,-0.18811627,0.9491283,0.25252286,0.97638094,0.20854385,-0.05647695
1356766344975,-0.05905732,0.2858371,-0.9564568,-0.19720748,0.93590593,0.29187223,0.9785814,0.20585757,0.0010971427
1356766345018,-0.020946294,0.32094413,-0.9468665,-0.21110696,0.9243008,0.31796545,0.97723854,0.2065503,0.048392892
1356766345057,0.0071489513,0.3399764,-0.94040686,-0.22599857,0.9166478,0.32966894,0.9741015,0.21017379,0.083387256
1356766345097,0.025791138,0.34452155,-0.938424,-0.23952147,0.9135219,0.32879645,0.9705484,0.21629272,0.10608107
1356766345137,0.03625062,0.33702606,-0.9407972,-0.25097114,0.91431546,0.317869,0.96731555,0.22459,0.11772829
1356766345177,0.039843947,0.32007924,-0.94655263,-0.26045868,0.9178827,0.29942074,0.96466255,0.23460773,0.119939506
1356766345243,0.03775999,0.2960429,-0.954428,-0.26761726,0.92321694,0.2757742,0.9627852,0.24500816,0.11408681
1356766345259,0.031680338,0.2679797,-0.96290356,-0.27086928,0.929637,0.24980968,0.9620947,0.25290692,0.10203868
1356766345299,0.023701847,0.2397018,-0.9705571,-0.26815116,0.936779,0.22481103,0.9630852,0.25492764,0.08647972
1356766345339,0.015588436,0.21491319,-0.9765087,-0.25836354,0.9443263,0.20370601,0.96592194,0.24911882,0.07024628
1356766345379,0.007919908,0.19614641,-0.9805426,-0.24235384,0.9517151,0.18842228,0.97015554,0.23614599,0.055074334
1356766345419,6.243549E-4,0.18529716,-0.98268235,-0.22209787,0.9581651,0.18053302,0.9750242,0.21813893,0.04175234
1356766345459,-0.0063799955,0.18395558,-0.9829138,-0.19952986,0.9629337,0.18151139,0.979871,0.1972787,0.03056109
1356766345499,-0.013166282,0.19317563,-0.9810758,-0.17620422,0.9653584,0.19244553,0.9842655,0.17540349,0.02132821
1356766345539,-0.019619081,0.21279553,-0.97689974,-0.15255988,0.9650086,0.21326917,0.98809946,0.15321985,0.013531446
1356766345579,-0.025967479,0.2418609,-0.9699633,-0.12871376,0.9614051,0.24317276,0.9913417,0.13116223,0.006165564
1356766345619,-0.03408626,0.27626774,-0.96047604,-0.105009936,0.9547249,0.2783402,0.9938868,0.110347115,-0.0035321116
1356766345659,-0.048944023,0.30735502,-0.95033544,-0.08305365,0.94692814,0.31053048,0.99534243,0.09412743,-0.020819545
1356766345699,-0.07774952,0.32243997,-0.94339156,-0.06644489,0.94247615,0.3276032,0.99475634,0.0881545,-0.051852584
1356766345739,-0.12511936,0.30937454,-0.9426731,-0.060885936,0.94595444,0.3185327,0.9902717,0.09725015,-0.09952068
1356766345779,-0.18548393,0.2655868,-0.9460758,-0.072133906,0.956505,0.28265682,0.9799962,0.12067243,-0.1582585
1356766345819,-0.24171501,0.20511469,-0.94842064,-0.099081725,0.96707743,0.23440158,0.9652754,0.15062955,-0.21343398
1356766345859,-0.27686852,0.15097468,-0.94897336,-0.1309884,0.9724313,0.1929233,0.951938,0.17771891,-0.24945968
1356766345899,-0.28458804,0.11960265,-0.9511598,-0.15701383,0.97297275,0.1693242,0.94570416,0.19753288,-0.25811714
1356766345939,-0.26718837,0.11558879,-0.9566868,-0.17329079,0.9708323,0.16569541,0.9479349,0.21005689,-0.23936462
1356766345979,-0.2306287,0.13494103,-0.9636397,-0.18140216,0.9670127,0.17882851,0.9559831,0.21604928,-0.1985423
1356766346019,-0.18174216,0.16950752,-0.9686264,-0.18531315,0.96147764,0.2030266,0.9657271,0.21639767,-0.14332902
1356766346059,-0.12743342,0.20940463,-0.9694897,-0.1895556,0.95430046,0.23103972,0.9735652,0.21321441,-0.081915915
1356766346099,-0.07383785,0.2455408,-0.96656996,-0.1970478,0.94651586,0.25549918,0.97760934,0.20932603,-0.021505415
1356766346139,-0.02549234,0.2712557,-0.9621697,-0.2077374,0.9400343,0.2705192,0.9778524,0.20677477,0.032386243
1356766346179,0.015095953,0.28343824,-0.95887166,-0.21922377,0.9365862,0.27339938,0.97555786,0.20608023,0.07627505
1356766346242,0.046983276,0.28176564,-0.9583323,-0.2290237,0.9368733,0.2642282,0.97228634,0.20706648,0.10854834
1356766346259,0.07015401,0.26781413,-0.96091306,-0.23640741,0.9403078,0.24481173,0.9691181,0.20999245,0.12927961
1356766346299,0.084988385,0.243892,-0.96607125,-0.24235596,0.9455201,0.21738288,0.9664577,0.2156581,0.13946688
1356766346339,0.09206107,0.21232371,-0.9728532,-0.24815036,0.9510696,0.184087,0.9643371,0.22446664,0.14024472
1356766346379,0.09210801,0.1758313,-0.98010176,-0.2536166,0.95596707,0.14766714,0.9629095,0.23496875,0.13264596
1356766346419,0.08639887,0.13787785,-0.98667365,-0.25711474,0.95991254,0.11162381,0.9625109,0.24404417,0.11838579
1356766346459,0.076569915,0.10235056,-0.9917971,-0.25697705,0.9631376,0.07955353,0.9633794,0.24877767,0.10004914
1356766346499,0.064012945,0.07245647,-0.99531513,-0.25265685,0.9660436,0.054076143,0.96543604,0.24801165,0.080145895
1356766346539,0.049842775,0.050564,-0.99747634,-0.24431205,0.96899384,0.036912166,0.9684149,0.24185565,0.060650706
1356766346579,0.035075188,0.03835053,-0.9986485,-0.23206791,0.9722616,0.029186383,0.9720669,0.23073058,0.04300219
1356766346619,0.020347625,0.036419682,-0.9991294,-0.21610299,0.9758729,0.031170927,0.9761585,0.21528059,0.027727067
1356766346659,0.0059045544,0.044365272,-0.998998,-0.19688916,0.97951126,0.042336166,0.980408,0.19644189,0.014518619
1356766346699,-0.008157224,0.06118873,-0.9980929,-0.17494257,0.9826452,0.06167148,0.9845449,0.175112,0.0026888251
1356766346739,-0.022543877,0.08431331,-0.9961842,-0.15087095,0.98473895,0.086758874,0.98829633,0.15225115,-0.0094794035
1356766346779,-0.040133417,0.107509,-0.9933938,-0.12659903,0.98563534,0.11178399,0.9911418,0.13024895,-0.025946379
1356766346819,-0.06607759,0.11940177,-0.99064475,-0.10658193,0.9862899,0.12598607,0.9921059,0.113909684,-0.05244559
1356766346859,-0.10479364,0.10607325,-0.98882085,-0.097857155,0.98837036,0.116395675,0.9896677,0.108960725,-0.0931949
1356766346899,-0.15377095,0.060140457,-0.9862746,-0.107957155,0.99114823,0.07726932,0.9821913,0.118357174,-0.14591718
1356766346937,-0.19996732,-0.007913731,-0.9797706,-0.13779777,0.9902559,0.020125557,0.97006434,0.13903467,-0.19910932
1356766346977,-0.22796583,-0.07309822,-0.97092134,-0.17572147,0.9838928,-0.03281659,0.95768136,0.16313066,-0.23713887
1356766347017,-0.23123002,-0.114640996,-0.96612126,-0.20589809,0.9763065,-0.06657027,0.9508621,0.18352948,-0.24935573
1356766347057,-0.21196803,-0.12558529,-0.96917385,-0.22019374,0.97234565,-0.07783769,0.9521472,0.19690691,-0.23375928
1356766347097,-0.17559618,-0.109252095,-0.97838134,-0.21936685,0.97317815,-0.069299966,0.95971054,0.20245561,-0.19485265
1356766347137,-0.1277355,-0.07391087,-0.9890505,-0.2092655,0.97677785,-0.045967206,0.96948016,0.2011025,-0.1402362
1356766347177,-0.07360157,-0.029491775,-0.9968516,-0.19739497,0.98021793,-0.014425196,0.97755724,0.19571176,-0.07796711
1356766347244,-0.018214405,0.013639949,-0.9997411,-0.18956783,0.98172307,0.016847901,0.98169863,0.18982562,-0.015295804
1356766347259,0.033598274,0.045595042,-0.9983948,-0.18738657,0.9815308,0.038518913,0.98171145,0.18579161,0.04152167
1356766347299,0.078185946,0.060394317,-0.99510777,-0.18872695,0.9810113,0.04471045,0.97891223,0.18430793,0.0880993
1356766347339,0.113438725,0.056208163,-0.9919538,-0.19096161,0.9810171,0.03375028,0.9750207,0.18559651,0.12201893
1356766347379,0.13853553,0.03459941,-0.98975295,-0.19302383,0.9811671,0.0072817504,0.9713649,0.19003712,0.142605
1356766347419,0.15328813,-8.733347E-4,-0.9881812,-0.19538191,0.98023164,-0.031174235,0.96867365,0.19785136,0.15008724
1356766347459,0.15777281,-0.046401978,-0.9863846,-0.19931951,0.9768385,-0.07783417,0.96715015,0.20888582,0.14486974
1356766347499,0.15317866,-0.09659371,-0.9834663,-0.20598441,0.9702297,-0.12737653,0.966492,0.2220901,0.12872165
1356766347539,0.1418533,-0.14500806,-0.979209,-0.21494311,0.9610982,-0.17346385,0.9662697,0.23508066,0.105166495
1356766347579,0.12699586,-0.18525171,-0.9744505,-0.22366032,0.95175624,-0.21008599,0.9663581,0.24462596,0.07943565
1356766347619,0.110890895,-0.21345313,-0.97063947,-0.22971351,0.9447106,-0.23399478,0.9669204,0.2489169,0.055726767
1356766347659,0.09462416,-0.22772063,-0.969118,-0.2319675,0.9416458,-0.24391448,0.9681102,0.24788406,0.036278665
1356766347699,0.07850674,-0.22695936,-0.97073483,-0.22981627,0.94339305,-0.23915285,0.9700625,0.24186578,0.021903753
1356766347739,0.06232381,-0.21016061,-0.9756784,-0.22300908,0.9499302,-0.21885972,0.972822,0.23122533,0.012335539
1356766347779,0.04562044,-0.17597353,-0.98333734,-0.21146727,0.96035266,-0.18167104,0.97631997,0.21623157,0.0065990686
1356766347819,0.027857393,-0.12234677,-0.99209636,-0.19522095,0.97270465,-0.12543702,0.98036355,0.19717234,0.0032123923
1356766347859,0.007963121,-0.047882922,-0.99882126,-0.17476124,0.98341376,-0.048537597,0.9845787,0.17494173,-5.3703785E-4
1356766347916,-0.016273826,0.044678286,-0.9988689,-0.15156952,0.987346,0.046632297,0.98831266,0.15215695,-0.00929606
1356766347937,-0.048175037,0.14337966,-0.9884945,-0.1279864,0.9805996,0.14847203,0.99060524,0.1336665,-0.028889775
1356766347978,-0.09095517,0.22657228,-0.96973825,-0.107312195,0.9658743,0.23573469,0.9900563,0.125506,-0.0635373
1356766348015,-0.14345998,0.27655798,-0.950229,-0.09382409,0.9520353,0.29124874,0.9851987,0.13093688,-0.11063117
1356766348058,-0.19778064,0.29476237,-0.93487865,-0.09075448,0.9441155,0.31687453,0.97603613,0.14751604,-0.15997678
1356766348097,-0.24104542,0.31184894,-0.91904694,-0.092199914,0.9353283,0.34155548,0.96612436,0.16706645,-0.19670415
1356766348137,-0.2646709,0.35973412,-0.8947294,-0.08834396,0.91486996,0.39396495,0.96028364,0.183315,-0.2103591
1356766348177,-0.26675525,0.4485754,-0.8530074,-0.07639447,0.87245226,0.4826913,0.9607317,0.19392554,-0.19846255
1356766348245,-0.25014824,0.5610887,-0.7890533,-0.064182416,0.80356085,0.59175205,0.9660778,0.19866912,-0.16499728
1356766348259,-0.22199464,0.6676469,-0.7106096,-0.062478155,0.7175567,0.69369215,0.9730441,0.19839357,-0.117580414
1356766348299,-0.19095725,0.7489434,-0.6345227,-0.07600081,0.6331967,0.77025044,0.97865164,0.19530919,-0.063993156
1356766348339,-0.16357696,0.800604,-0.5764337,-0.10210368,0.5674269,0.81706893,0.9812326,0.19250968,-0.011073351
1356766348379,-0.14244232,0.8269075,-0.54399836,-0.13434905,0.52836394,0.83832085,0.9806429,0.19249797,0.035832822
1356766348419,-0.12707496,0.83370864,-0.53738415,-0.16646025,0.51616776,0.84015584,0.97782564,0.1962159,0.07318735
1356766348459,-0.11586627,0.8249608,-0.553186,-0.19427899,0.5273566,0.827134,0.97407943,0.2033093,0.09916967
1356766348499,-0.10743281,0.8022581,-0.5872309,-0.21608502,0.5576885,0.80143046,0.970446,0.21299174,0.113441944
1356766348539,-0.10100177,0.7654195,-0.63555616,-0.23200798,0.6030886,0.7631883,0.9674559,0.22453749,0.11667043
1356766348579,-0.096239716,0.7138986,-0.69360423,-0.24322899,0.6588459,0.71187204,0.96518266,0.23721498,0.110233665
1356766348619,-0.09288044,0.6499723,-0.7542608,-0.2507836,0.71784127,0.6494702,0.96357715,0.24947925,0.096328914
1356766348659,-0.090575576,0.5823683,-0.8078634,-0.2543078,0.7707786,0.58414716,0.9628727,0.25835538,0.078287065
1356766348699,-0.08957401,0.52455413,-0.8466519,-0.25224012,0.810408,0.5287852,0.9635099,0.260925,0.059722126
1356766348739,-0.09102298,0.48880208,-0.8676331,-0.24339058,0.83390826,0.4953363,0.9656478,0.25626075,0.04306501
1356766348779,-0.096165106,0.48373142,-0.86991733,-0.22758797,0.84013,0.49232644,0.9689974,0.24532735,0.029300272
1356766348819,-0.10526478,0.51441526,-0.851056,-0.20491269,0.82622457,0.5247511,0.9731033,0.22963,0.018437862
1356766348859,-0.11703807,0.5807744,-0.80560726,-0.17538339,0.7863462,0.59236836,0.9775186,0.21061984,0.009825766
1356766348899,-0.12808032,0.67419016,-0.7273672,-0.13939038,0.7138907,0.6862438,0.98191947,0.18928228,0.0025402904
1356766348939,-0.1336177,0.7764149,-0.6158946,-0.09873894,0.6079455,0.78781533,0.9861019,0.16607884,-0.004569888
1356766348979,-0.13064468,0.8646785,-0.48503923,-0.056713313,0.48191333,0.87438154,0.9898058,0.14174148,-0.013920665
1356766349019,-0.12164068,0.9247189,-0.3606915,-0.015006125,0.3616352,0.9321989,0.99246067,0.118805915,-0.030113101
1356766349059,-0.11453214,0.95718807,-0.26584464,0.028988719,0.27071187,0.9622238,0.9929965,0.10249907,-0.058752894
1356766349099,-0.11900854,0.970351,-0.21037066,0.078975916,0.2204563,0.9721943,0.9897473,0.09908521,-0.102870524
1356766349139,-0.141451,0.9713855,-0.19079277,0.13295496,0.2096259,0.9687002,0.98097634,0.111656785,-0.15880233
1356766349179,-0.17861134,0.96477056,-0.1931726,0.18080041,0.22516853,0.9573977,0.9671656,0.13607642,-0.2146486
1356766349244,-0.2165454,0.955553,-0.20006657,0.21144313,0.24596936,0.9459339,0.9531002,0.1625349,-0.25530863
1356766349259,-0.24145946,0.9493606,-0.20102695,0.21989954,0.25529662,0.94152427,0.94516754,0.1831342,-0.27040768
1356766349299,-0.24977583,0.9483857,-0.19538802,0.20559493,0.24912572,0.9463968,0.94622546,0.19621632,-0.25720888
1356766349339,-0.24493897,0.9515443,-0.18592581,0.17063296,0.23108178,0.9578547,0.9544052,0.20289093,-0.21896571
1356766349379,-0.23179385,0.9569366,-0.17476812,0.12058318,0.20654103,0.97097915,0.9652623,0.2039929,-0.1632654
1356766349419,-0.21466544,0.9629704,-0.16311604,0.062431842,0.18019697,0.98164725,0.97469026,0.20054209,-0.09880209
1356766349459,-0.19731724,0.96848,-0.15202749,0.0027809143,0.15562868,0.9878117,0.9803357,0.19448957,-0.03340149
1356766349499,-0.18288177,0.9727142,-0.14276314,-0.052054763,0.13542789,0.9894188,0.98175585,0.18837816,0.025867105
1356766349539,-0.17316526,0.9753976,-0.13643065,-0.097770065,0.12081468,0.98784864,0.98002803,0.18439987,0.07444376
1356766349579,-0.1690042,0.97645736,-0.13404667,-0.13173282,0.112404406,0.9848917,0.9767722,0.18410927,0.1096347
1356766349619,-0.17042822,0.9758948,-0.13632193,-0.15307716,0.1104449,0.9820231,0.97340727,0.18823221,0.13056427
1356766349659,-0.17684036,0.9737208,-0.14351052,-0.16200593,0.11502296,0.98006314,0.9708149,0.19656426,0.1374079
1356766349699,-0.18736845,0.96990967,-0.15546143,-0.15953887,0.12611502,0.9791028,0.96924734,0.20825511,0.13110828
1356766349739,-0.20068789,0.96456385,-0.17129198,-0.14800265,0.14299029,0.9785954,0.96841085,0.22174391,0.11406165
1356766349779,-0.21396387,0.958518,-0.18831539,-0.13128054,0.16281521,0.9778838,0.9679798,0.23395398,0.09099817
1356766349819,-0.22370613,0.95337796,-0.20254886,-0.112870246,0.18107665,0.9769706,0.9680991,0.24141604,0.06710005
1356766349859,-0.22770792,0.9506594,-0.21070367,-0.094726115,0.19373488,0.97647005,0.969111,0.24230903,0.04593724
1356766349899,-0.22536534,0.95111346,-0.21117172,-0.07742119,0.19857931,0.9770221,0.9711932,0.2365362,0.028883517
1356766349939,-0.21676809,0.9546586,-0.20405486,-0.06115064,0.19533598,0.9788281,0.974306,0.22465679,0.016035378
1356766349979,-0.20256352,0.96036744,-0.19147405,-0.04619518,0.18593878,0.98147476,0.97817886,0.20765617,0.0066999793
1356766350019,-0.18406767,0.96677005,-0.17741093,-0.033020526,0.17431098,0.9841368,0.9823587,0.187006,-1.61767E-4
