1356327266010,0.6456826,-0.20888765,-0.7344794,0.64314485,-0.36976364,0.6705518,-0.41165376,-0.9053402,-0.10440493
1356327266054,-0.60566527,0.18619049,0.77362955,-0.6809668,0.38168406,-0.62498116,-0.4116476,-0.90534544,-0.10438317
1356327266094,-0.60547554,0.18617018,0.77378297,-0.68112147,0.38169742,-0.6248045,-0.41167092,-0.905344,-0.104303956
1356327266133,-0.6046299,0.18588452,0.7745124,-0.68169147,0.38217384,-0.6238909,-0.41197002,-0.9052017,-0.10435778
1356327266175,-0.6026065,0.18491752,0.77631885,-0.6827616,0.38416737,-0.6214918,-0.4131611,-0.9045557,-0.10524714
1356327266214,-0.5990267,0.18274465,0.7795969,-0.6842729,0.3888141,-0.6169231,-0.41585767,-0.9030105,-0.10786283
1356327266253,-0.5938721,0.17916173,0.7843578,-0.686332,0.39590937,-0.6100854,-0.41983858,-0.90064245,-0.11215514
1356327266295,-0.5877926,0.17446932,0.789975,-0.6886345,0.40458405,-0.60174274,-0.42459697,-0.8977039,-0.11766595
1356327266333,-0.58091956,0.16883808,0.79625756,-0.6915834,0.41349244,-0.59222996,-0.42923743,-0.8947165,-0.123440206
1356327266373,-0.57361007,0.16267106,0.80281365,-0.6953275,0.42138827,-0.5821956,-0.4330026,-0.89217156,-0.12860286
1356327266413,-0.5661423,0.15642476,0.8093295,-0.6998999,0.42745185,-0.57221067,-0.43545735,-0.8904023,-0.13251686
1356327266454,-0.5582494,0.15047193,0.815914,-0.705553,0.4313141,-0.56228375,-0.43652314,-0.8895652,-0.13461488
1356327266493,-0.5494629,0.14522702,0.82279986,-0.71244025,0.43302336,-0.5521952,-0.43648523,-0.8896066,-0.13446474
1356327266533,-0.5397884,0.14088833,0.829927,-0.7201107,0.43331337,-0.54192257,-0.43596905,-0.89016294,-0.1324423
1356327266574,-0.5298405,0.13757658,0.8368642,-0.72771215,0.43301022,-0.53191847,-0.43555027,-0.8908282,-0.12931019
1356327266621,-0.52018905,0.13524133,0.8432752,-0.7344664,0.43305027,-0.5225194,-0.4358468,-0.89116615,-0.12593782
1356327266653,-0.5111604,0.13383579,0.84900117,-0.7398548,0.4341989,-0.5138931,-0.43741265,-0.89081943,-0.122926176
1356327266692,-0.50237095,0.13339952,0.85429966,-0.74366426,0.43740106,-0.50561225,-0.44112003,-0.88931704,-0.12053311
1356327266732,-0.4937554,0.1338005,0.85924566,-0.7456172,0.4433419,-0.49749672,-0.44750488,-0.88631,-0.11913848
1356327266773,-0.48582056,0.1347732,0.86360556,-0.7453984,0.45210657,-0.4898784,-0.45646423,-0.88172317,-0.119182944
1356327266812,-0.47942248,0.13605085,0.8669742,-0.74287474,0.46303722,-0.48346013,-0.46721643,-0.8758349,-0.12092173
1356327266854,-0.4751897,0.13752303,0.86906976,-0.7383883,0.47482932,-0.4788735,-0.47851592,-0.8692666,-0.124088645
1356327266892,-0.47316015,0.13922495,0.86990565,-0.73279786,0.4858986,-0.47635043,-0.48900586,-0.8628551,-0.12788415
1356327266956,-0.47306815,0.14110726,0.8696524,-0.7271584,0.49479112,-0.47583854,-0.49744058,-0.8574791,-0.13146257
1356327266975,-0.47474298,0.14281625,0.86845994,-0.72231716,0.5005655,-0.47717094,-0.5028689,-0.853837,-0.13448137
1356327267014,-0.47796884,0.1436759,0.86654663,-0.71873355,0.50314546,-0.4798612,-0.5049434,-0.8521748,-0.13722312
1356327267054,-0.48205155,0.14294502,0.86440325,-0.7165936,0.503331,-0.48285764,-0.50410306,-0.85218817,-0.14019799
1356327267094,-0.4856167,0.14005485,0.8628795,-0.71614444,0.5023247,-0.484569,-0.5013119,-0.8532612,-0.14363778
1356327267124,-0.48621324,0.13503361,0.8633439,-0.71799654,0.501402,-0.48278043,-0.498074,-0.8546121,-0.14683467
1356327267154,-0.48468688,0.12908506,0.86511016,-0.72148424,0.50016356,-0.47884956,-0.49450886,-0.85625553,-0.14928985
1356327267195,-0.4793251,0.12252882,0.86904204,-0.72795856,0.49760005,-0.47166783,-0.4902283,-0.8587088,-0.14931631
1356327267234,-0.4655113,0.11464691,0.87758493,-0.7395884,0.49423793,-0.45687842,-0.48611546,-0.8617337,-0.14528179
1356327267274,-0.44356602,0.10711217,0.88981795,-0.7553093,0.4897684,-0.43547076,-0.48244894,-0.8652479,-0.13634175
1356327267314,-0.4158157,0.10102785,0.90382004,-0.7734938,0.4834199,-0.40989333,-0.47833526,-0.8695393,-0.122869134
1356327267354,-0.38595283,0.09719163,0.9173844,-0.79253775,0.4740228,-0.38364863,-0.47214854,-0.8751321,-0.1059224
1356327267384,-0.35948637,0.09576392,0.9282235,-0.80924433,0.46330705,-0.36120653,-0.46464303,-0.8810084,-0.089056194
1356327267414,-0.33694842,0.097023815,0.9365107,-0.82388175,0.451068,-0.34315673,-0.4557244,-0.8872001,-0.07205057
1356327267444,-0.3187377,0.101465166,0.9423964,-0.8363034,0.43783522,-0.32999533,-0.44609734,-0.8933113,-0.054698884
1356327267484,-0.30186424,0.11054313,0.94692034,-0.8477675,0.4232104,-0.31966123,-0.4360829,-0.89926255,-0.034037232
1356327267514,-0.29548845,0.12565479,0.94704664,-0.85400355,0.4095895,-0.3208027,-0.42821074,-0.9035747,-0.013719261
1356327267554,-0.28845105,0.14511913,0.94643354,-0.8582862,0.39896235,-0.32275978,-0.42442992,-0.90541124,0.009472668
1356327267584,-0.29384056,0.17058846,0.940509,-0.85688686,0.3889961,-0.3382704,-0.42355937,-0.9053074,0.031872153
1356327267624,-0.29598698,0.19942006,0.93414307,-0.85377276,0.38330427,-0.35234886,-0.4283264,-0.9018367,0.056806445
1356327267654,-0.30719012,0.23338246,0.92258704,-0.8456948,0.3776092,-0.3771096,-0.4363881,-0.8960714,0.0813725
1356327267694,-0.30497634,0.27074268,0.913065,-0.83730555,0.38058525,-0.39252305,-0.45377177,-0.88422465,0.11062485
1356327267724,-0.30014664,0.3118849,0.90146536,-0.82648957,0.3868137,-0.40901113,-0.47626358,-0.867815,0.1416688
1356327267764,-0.26809865,0.35583133,0.8952694,-0.8164007,0.40946126,-0.4072239,-0.51148117,-0.84007466,0.18072492
1356327267794,-0.23114479,0.3973667,0.88807195,-0.8041286,0.4358014,-0.40429503,-0.5476764,-0.8075747,0.21880066
1356327267834,-0.18817165,0.43281674,0.8816241,-0.78976476,0.46693483,-0.39779827,-0.58383477,-0.77112997,0.25395948
1356327267864,-0.1578452,0.45930392,0.87414235,-0.7761602,0.48955464,-0.39738095,-0.61045915,-0.74119914,0.27921957
1356327267905,-0.15133995,0.47607517,0.8662844,-0.7663475,0.4970302,-0.4070288,-0.6243458,-0.7254746,0.2896185
1356327267958,-0.16963014,0.48299712,0.85903406,-0.7603449,0.4904109,-0.42587888,-0.6269779,-0.725404,0.2840559
1356327267984,-0.20961615,0.48035198,0.851659,-0.7544299,0.47463217,-0.45338708,-0.6220102,-0.73755425,0.2629013
1356327268024,-0.26433593,0.46859014,0.84294116,-0.74489367,0.45596635,-0.48706067,-0.6125846,-0.75664914,0.22852153
1356327268064,-0.32634056,0.44873312,0.8319498,-0.73044276,0.43891668,-0.5232642,-0.59996265,-0.778454,0.18453753
1356327268094,-0.38019657,0.4251709,0.8213892,-0.7153038,0.4278249,-0.5525453,-0.586337,-0.7976186,0.14146882
1356327268124,-0.42837435,0.40029988,0.810096,-0.6997311,0.4202904,-0.5776957,-0.57172716,-0.8143194,0.10006058
1356327268164,-0.4760049,0.37272745,0.796551,-0.68254715,0.4145826,-0.6018725,-0.55457056,-0.83017796,0.05706078
1356327268194,-0.51337874,0.34479344,0.78584963,-0.6687863,0.41307145,-0.6181398,-0.53774256,-0.84290534,0.018531024
1356327268234,-0.5462763,0.31734917,0.7751591,-0.65628767,0.41286355,-0.63153005,-0.5204505,-0.8537173,-0.0172652
1356327268264,-0.56959134,0.29129925,0.76857686,-0.64862216,0.41503215,-0.63799495,-0.50483155,-0.8619124,-0.04745549
1356327268305,-0.58583385,0.26863766,0.7646127,-0.6439128,0.41860408,-0.6404272,-0.49211287,-0.8675278,-0.07225323
1356327268333,-0.5927548,0.24904561,0.76591,-0.6438642,0.424753,-0.6364148,-0.4838189,-0.87038,-0.091422796
1356327268373,-0.5897945,0.23558977,0.7724247,-0.6467464,0.43498695,-0.6265025,-0.48359227,-0.86907065,-0.10418606
1356327268412,-0.5773057,0.22647204,0.7844926,-0.65371823,0.44748688,-0.61025244,-0.48925522,-0.8651393,-0.110287786
1356327268453,-0.5597476,0.22013661,0.7988883,-0.6641575,0.45735416,-0.59137297,-0.49555776,-0.8616073,-0.10979748
1356327268493,-0.5414945,0.21511717,0.8127166,-0.6778208,0.46016493,-0.5734172,-0.49733555,-0.86137843,-0.10336584
1356327268532,-0.5248361,0.21129088,0.8245625,-0.6939152,0.45482475,-0.55822587,-0.49297947,-0.86515355,-0.09209049
1356327268591,-0.51034653,0.20975181,0.8339968,-0.71049356,0.4435424,-0.5463232,-0.48450518,-0.8713635,-0.07733297
1356327268613,-0.49848682,0.2117692,0.8406336,-0.7254331,0.42899734,-0.53824556,-0.47461337,-0.8781316,-0.06022513
1356327268654,-0.49015564,0.21815488,0.84389335,-0.7373415,0.41254562,-0.5349146,-0.46483868,-0.884429,-0.04135692
1356327268690,-0.48618042,0.22904024,0.8433084,-0.74567616,0.3944313,-0.5370204,-0.45562655,-0.8899239,-0.020974934
1356327268733,-0.48634082,0.24404925,0.838995,-0.75061,0.37483054,-0.54413843,-0.44727755,-0.89439476,8.903742E-4
1356327268773,-0.48880255,0.26298678,0.8318112,-0.7525698,0.35516155,-0.55452585,-0.44126034,-0.89704967,0.02431202
1356327268812,-0.48677516,0.28715026,0.8249817,-0.75386846,0.3390053,-0.5628123,-0.4412849,-0.8958907,0.051454127
1356327268853,-0.46953613,0.31977957,0.82296836,-0.75794107,0.33207846,-0.5614706,-0.45283687,-0.8873923,0.08645123
1356327268893,-0.42661095,0.36200303,0.82882875,-0.76706094,0.3407123,-0.54362917,-0.47918755,-0.8676802,0.13232672
1356327268956,-0.3590942,0.40746272,0.839658,-0.7777264,0.36670315,-0.51055896,-0.515939,-0.83636296,0.1852135
1356327268974,-0.2867145,0.44372803,0.84905845,-0.783956,0.400733,-0.4741582,-0.550643,-0.80157256,0.23296732
1356327269014,-0.23143053,0.4635668,0.85530436,-0.7857344,0.42933458,-0.4453013,-0.5736387,-0.77509844,0.2648793
1356327269054,-0.20409077,0.46689057,0.8604418,-0.7864443,0.44521636,-0.42812115,-0.5829685,-0.7640651,0.2763189
1356327269084,-0.19376898,0.45939833,0.86683714,-0.7879265,0.45354527,-0.4164954,-0.5844872,-0.7637079,0.27408916
1356327269114,-0.20343071,0.44457117,0.8723374,-0.7891387,0.4529367,-0.41485968,-0.5795483,-0.7727903,0.25868702
1356327269144,-0.22936225,0.42331207,0.87647015,-0.7895076,0.44574457,-0.42188805,-0.5692721,-0.788745,0.23197109
1356327269186,-0.282636,0.39175826,0.87558115,-0.785729,0.4290393,-0.44559538,-0.5502244,-0.8139107,0.18655384
1356327269214,-0.33378977,0.3552552,0.8731427,-0.7803102,0.41554493,-0.46737385,-0.528867,-0.83732677,0.13850462
1356327269244,-0.384467,0.3178711,0.86668503,-0.77176857,0.40445572,-0.49070236,-0.50651586,-0.8575392,0.08982307
1356327269274,-0.43207628,0.28110176,0.8569083,-0.7606743,0.3968147,-0.5137243,-0.48444262,-0.8737962,0.042372763
1356327269304,-0.47479242,0.24639696,0.8449027,-0.7480751,0.39274532,-0.5349156,-0.46363312,-0.88602465,-0.0021489859
1356327269334,-0.51123005,0.21506605,0.83210003,-0.73529005,0.39181292,-0.55302,-0.44496337,-0.89455533,-0.042170584
1356327269364,-0.53996134,0.18833739,0.82034796,-0.72373164,0.3937025,-0.5667547,-0.42971414,-0.89973736,-0.07627845
1356327269394,-0.5594253,0.16731909,0.81181747,-0.7147548,0.39857304,-0.5746869,-0.41972464,-0.90174484,-0.10337967
1356327269425,-0.5682613,0.15279815,0.8085368,-0.7094482,0.40680045,-0.5754968,-0.416848,-0.90064764,-0.122766614
1356327269464,-0.5611857,0.1472283,0.81449026,-0.70956284,0.42106187,-0.56500214,-0.42613512,-0.89500314,-0.13182616
1356327269494,-0.5462545,0.14569628,0.8248506,-0.7129086,0.43611038,-0.54915303,-0.43973547,-0.88802046,-0.13435912
1356327269534,-0.52223873,0.14942428,0.83960646,-0.71960604,0.451117,-0.52788305,-0.45763928,-0.87986696,-0.12806416
1356327269574,-0.4970376,0.15436283,0.8538886,-0.72846806,0.460447,-0.5072699,-0.4714741,-0.87416285,-0.11641109
1356327269604,-0.47743464,0.15866607,0.86422294,-0.73690104,0.46340197,-0.4921742,-0.47857398,-0.8718278,-0.10432297
1356327269634,-0.46360135,0.16277227,0.87096447,-0.74540496,0.4597612,-0.48269147,-0.47900444,-0.8729976,-0.0918147
1356327269672,-0.45508528,0.16770416,0.87451285,-0.7558236,0.44648093,-0.478942,-0.47077388,-0.8789369,-0.07643217
1356327269713,-0.45422006,0.17594579,0.8733425,-0.76444495,0.4264453,-0.4834959,-0.4575019,-0.8872358,-0.059199154
1356327269753,-0.4609396,0.18807152,0.86727375,-0.76936996,0.40236253,-0.4961594,-0.4422719,-0.8959539,-0.040768266
1356327269793,-0.47479105,0.20411757,0.8561013,-0.7695788,0.3756463,-0.5163702,-0.42699146,-0.9040054,-0.021268904
1356327269833,-0.4950105,0.2238636,0.8395533,-0.764346,0.34731197,-0.5432767,-0.41320676,-0.91063684,-8.138418E-4
1356327269873,-0.518099,0.24732837,0.8187809,-0.7542286,0.3193525,-0.5737188,-0.40337667,-0.9147911,0.021085918
1356327269913,-0.535523,0.27608088,0.7981193,-0.74264574,0.2960304,-0.6007024,-0.40210998,-0.9144099,0.046499193
1356327269954,-0.53339165,0.31309897,0.7857877,-0.7368038,0.28430736,-0.61342436,-0.41546774,-0.90616685,0.079045355
1356327269994,-0.49954575,0.3590036,0.78839743,-0.74210066,0.29217786,-0.6032568,-0.4469236,-0.88642454,0.12046063
1356327270034,-0.43969798,0.40595263,0.8011666,-0.7525893,0.32030624,-0.57533747,-0.4901784,-0.8559242,0.16467768
1356327270074,-0.37801492,0.4423976,0.81325823,-0.75805783,0.3563677,-0.54621446,-0.53146297,-0.8229741,0.20065069
1356327270114,-0.33635545,0.46336588,0.8198518,-0.7568414,0.38505596,-0.5281315,-0.560407,-0.7981378,0.22117883
1356327270154,-0.32223427,0.46999818,0.8217463,-0.7523053,0.3997761,-0.52365625,-0.574632,-0.78694403,0.22476053
1356327270192,-0.33404636,0.4647065,0.8200371,-0.7457166,0.40180415,-0.53146976,-0.5764718,-0.7890509,0.21231812
1356327270233,-0.36849505,0.44909775,0.81395495,-0.73553777,0.39459258,-0.5507094,-0.5685029,-0.8016283,0.18492293
1356327270273,-0.4175526,0.42480284,0.80323863,-0.7208478,0.38331985,-0.5774464,-0.5531982,-0.82012707,0.14616203
1356327270313,-0.47438538,0.39388853,0.78728044,-0.70119077,0.37164444,-0.6084505,-0.53225005,-0.84067374,0.099888265
1356327270353,-0.53242344,0.35869214,0.76672363,-0.67750156,0.36243784,-0.6400237,-0.5074612,-0.8602202,0.05004412
1356327270393,-0.585062,0.32213235,0.7442668,-0.6525728,0.35788614,-0.66788185,-0.48150915,-0.87644064,8.292794E-4
1356327270433,-0.62550247,0.28778628,0.72520745,-0.6311462,0.35981447,-0.6871594,-0.45869517,-0.88753176,-0.043429673
1356327270473,-0.64749956,0.25923032,0.7166198,-0.61894834,0.36969805,-0.6929835,-0.44457525,-0.8922572,-0.078929186
1356327270513,-0.6482387,0.23828697,0.7231915,-0.61947376,0.3872357,-0.6828622,-0.44276276,-0.8906558,-0.103408694
1356327270553,-0.630523,0.22383058,0.7431961,-0.63149035,0.4087919,-0.65886956,-0.45128772,-0.88475364,-0.116405785
1356327270594,-0.60193443,0.21296555,0.76962376,-0.65061706,0.4280162,-0.6272955,-0.46300375,-0.87832105,-0.119078636
1356327270633,-0.57054114,0.20362972,0.79562414,-0.672954,0.43939656,-0.59503233,-0.47076082,-0.8749089,-0.113660395
1356327270673,-0.5410327,0.19594777,0.81785583,-0.6960709,0.44143748,-0.5662316,-0.47198403,-0.8756355,-0.10243857
1356327270713,-0.5152887,0.19150165,0.835347,-0.7178167,0.4360666,-0.54275686,-0.46820575,-0.87930256,-0.08723706
1356327270753,-0.4948574,0.19203618,0.84748936,-0.7360077,0.42584798,-0.5262568,-0.46196198,-0.8841808,-0.06939393
1356327270793,-0.48151374,0.19879517,0.85359544,-0.74904275,0.41234,-0.518566,-0.45505995,-0.8890761,-0.04964131
1356327270832,-0.47673392,0.21222937,0.85304356,-0.7560404,0.39609545,-0.5210674,-0.4484725,-0.89334595,-0.028378189
1356327270873,-0.4805619,0.23193362,0.8457346,-0.75700784,0.37714475,-0.5335737,-0.44271803,-0.896643,-0.005665779
1356327270913,-0.49100518,0.25751644,0.83222556,-0.75243324,0.35609204,-0.5541144,-0.43904248,-0.8982671,0.018920839
1356327270956,-0.49822044,0.28949142,0.8172949,-0.74636745,0.33652562,-0.5741829,-0.4412617,-0.8960721,0.048403084
1356327270993,-0.4919163,0.32788903,0.8065402,-0.74361986,0.3235777,-0.5850872,-0.45282203,-0.88757324,0.08465165
1356327271033,-0.45282674,0.37064874,0.8109054,-0.75288296,0.32824314,-0.5704592,-0.4776141,-0.868836,0.13041782
1356327271073,-0.39010644,0.4104616,0.82421976,-0.7671265,0.35019046,-0.53747886,-0.5092483,-0.84195477,0.17826444
1356327271113,-0.32849532,0.43881553,0.83638024,-0.7769223,0.37802452,-0.50347716,-0.5371058,-0.8151923,0.21674621
1356327271153,-0.29027522,0.45345217,0.842687,-0.7797964,0.39833456,-0.48295662,-0.55466914,-0.79731464,0.23797375
1356327271192,-0.28377283,0.45623076,0.8434017,-0.77734804,0.40552622,-0.48091415,-0.56142926,-0.7920871,0.23957282
1356327271233,-0.30970776,0.44885364,0.8382193,-0.76944923,0.39959002,-0.49827278,-0.55859554,-0.7992861,0.221614
1356327271273,-0.35868275,0.43174088,0.8276149,-0.756075,0.38559884,-0.5288327,-0.547446,-0.8154222,0.1881209
1356327271331,-0.4225545,0.4054807,0.8105758,-0.7364372,0.36770833,-0.56784755,-0.52830666,-0.8368847,0.14323425
1356327271353,-0.4883864,0.37143207,0.78963083,-0.71285474,0.35209435,-0.606521,-0.50330585,-0.8591087,0.092819035
1356327271393,-0.5485799,0.33249962,0.76714027,-0.6878146,0.34219086,-0.64016914,-0.47536442,-0.8788341,0.040979087
1356327271430,-0.59603465,0.29206526,0.7479576,-0.66613877,0.34024638,-0.66369534,-0.44833222,-0.893829,-0.0082425475
1356327271473,-0.6266569,0.25374758,0.73682654,-0.65240633,0.34630674,-0.6741199,-0.42622435,-0.90315217,-0.051469028
1356327271513,-0.63645387,0.22034952,0.73917013,-0.65123427,0.35999662,-0.6680541,-0.41330415,-0.90655863,-0.08562201
1356327271553,-0.62399733,0.19326915,0.7571488,-0.6637406,0.38026994,-0.64408314,-0.41240233,-0.9044566,-0.10900682
1356327271593,-0.59151226,0.17192891,0.7877523,-0.6866714,0.40466112,-0.60393035,-0.42260584,-0.89815915,-0.12130332
1356327271633,-0.5456748,0.15470353,0.8235932,-0.7140335,0.42859262,-0.55359244,-0.4386286,-0.8901546,-0.123408616
1356327271673,-0.4954507,0.14042225,0.8572107,-0.7409146,0.4467884,-0.5014236,-0.45340282,-0.88355064,-0.11732072
1356327271713,-0.447757,0.12935147,0.8847496,-0.7652514,0.45636827,-0.4540026,-0.46249753,-0.88033867,-0.10535568
1356327271753,-0.4059212,0.12295914,0.9055987,-0.7861952,0.4582444,-0.4146192,-0.46596676,-0.88028014,-0.08934122
1356327271792,-0.37233943,0.12290877,0.9199221,-0.8026259,0.45503622,-0.38566005,-0.4659989,-0.8819498,-0.07077813
1356327271833,-0.34940425,0.13029423,0.92786855,-0.81403446,0.4481524,-0.3694691,-0.4639662,-0.88441104,-0.050522327
1356327271873,-0.33988443,0.1457806,0.9290998,-0.8201779,0.43747333,-0.36868033,-0.4602028,-0.8873359,-0.02912432
1356327271913,-0.3460447,0.16928941,0.92281866,-0.82058537,0.42223886,-0.3851675,-0.45485464,-0.89053667,-0.007197082
1356327271956,-0.3671496,0.19968295,0.90847564,-0.8149848,0.40169686,-0.4176594,-0.44833127,-0.8937373,0.015255749
1356327271994,-0.40256268,0.23631933,0.8843622,-0.8012552,0.37619638,-0.4652595,-0.44264367,-0.8958959,0.03790945
1356327272034,-0.43617356,0.27630132,0.8563937,-0.7839766,0.35050362,-0.51237476,-0.44173893,-0.89487696,0.0637334
1356327272074,-0.44911057,0.3196135,0.8343542,-0.7712107,0.33285213,-0.5426266,-0.45114738,-0.8871622,0.09700185
1356327272114,-0.42346942,0.36301348,0.82999694,-0.7722038,0.33441764,-0.54024637,-0.47368228,-0.8697046,0.13870472
1356327272154,-0.36443776,0.3996685,0.8411005,-0.7824026,0.35840172,-0.5093077,-0.50500613,-0.8436902,0.18208659
1356327272193,-0.30502445,0.42387122,0.8528149,-0.7884483,0.38985878,-0.47577256,-0.5341437,-0.8175227,0.21528411
1356327272233,-0.2715605,0.43627334,0.857858,-0.7873744,0.41186237,-0.45870572,-0.5534405,-0.8000218,0.23166496
1356327272273,-0.27105123,0.4396103,0.8563142,-0.78208905,0.4180249,-0.46216005,-0.5611309,-0.79498297,0.23050827
1356327272313,-0.29937762,0.43480372,0.84930485,-0.77347744,0.41059238,-0.48285246,-0.55866414,-0.8014734,0.21338868
1356327272353,-0.34807867,0.42128998,0.83747,-0.7605136,0.39544076,-0.51502,-0.5481426,-0.81617486,0.18275225
1356327272393,-0.40663487,0.3985194,0.8220891,-0.743153,0.37910324,-0.5513659,-0.5313866,-0.83514255,0.14200425
1356327272433,-0.46588844,0.36725014,0.8050312,-0.72309357,0.36635053,-0.5855962,-0.5099839,-0.8549354,0.09487778
1356327272473,-0.519759,0.32956228,0.7881875,-0.7029339,0.3593573,-0.61379665,-0.48552516,-0.87306994,0.044881225
1356327272513,-0.5638073,0.288259,0.773969,-0.6859112,0.3585717,-0.63320786,-0.46005124,-0.8878812,-0.0044453144
1356327272553,-0.5934359,0.24647741,0.7662133,-0.6760206,0.3640328,-0.64068425,-0.436841,-0.89818096,-0.04940635
1356327272593,-0.6034095,0.20705825,0.77008045,-0.67756593,0.37607646,-0.6320371,-0.42047763,-0.9031574,-0.08663249
1356327272633,-0.5899075,0.17162603,0.78902066,-0.6927511,0.3944621,-0.6037346,-0.41485536,-0.9027425,-0.113802075
1356327272673,-0.5533277,0.14041114,0.8210439,-0.7189858,0.41718453,-0.55589247,-0.42058033,-0.89790964,-0.12988609
1356327272713,-0.49926877,0.11288148,0.85906255,-0.7500668,0.44002128,-0.49374187,-0.43374014,-0.89086425,-0.13502026
1356327272753,-0.43724853,0.08887792,0.8949383,-0.7802163,0.45744073,-0.42662695,-0.44729894,-0.88478744,-0.13067132
1356327272793,-0.37604776,0.069194555,0.92401314,-0.8069409,0.46570018,-0.36327648,-0.45544982,-0.88223326,-0.11928958
1356327272833,-0.3204853,0.05545175,0.94562906,-0.82950187,0.46561402,-0.30843195,-0.45740122,-0.8832489,-0.10322511
1356327272873,-0.27364886,0.049428493,0.9605588,-0.84675515,0.46130145,-0.26496556,-0.45620397,-0.88586557,-0.084380746
1356327272913,-0.23885232,0.05241388,0.9696404,-0.8580095,0.4561985,-0.23601398,-0.45471895,-0.8883331,-0.0639925
1356327272955,-0.21857148,0.0652653,0.9736359,-0.8638145,0.4511937,-0.22416237,-0.45392838,-0.89003634,-0.042240918
1356327272994,-0.21768743,0.08894113,0.9719577,-0.864305,0.4450606,-0.23430294,-0.45341924,-0.8910727,-0.020011842
1356327273034,-0.232416,0.12183538,0.9649555,-0.86081874,0.43605348,-0.26239008,-0.4527406,-0.89163536,0.00353235
1356327273074,-0.26537907,0.16570148,0.94979846,-0.85128546,0.42222232,-0.3115147,-0.4526446,-0.891219,0.029010236
1356327273114,-0.30577824,0.21898645,0.9265769,-0.8355691,0.40481243,-0.37141797,-0.45642537,-0.88779044,0.05919546
1356327273154,-0.3319459,0.27805498,0.9013863,-0.81836987,0.3903435,-0.42178527,-0.46912974,-0.8776773,0.09797889
1356327273193,-0.32486826,0.33592224,0.884091,-0.8074055,0.38828206,-0.44422236,-0.4925009,-0.8581337,0.14508492
1356327273233,-0.295595,0.38600123,0.8738574,-0.8012823,0.39788872,-0.44680122,-0.5201638,-0.8322786,0.19168198
1356327273273,-0.2799819,0.42757654,0.859528,-0.7921444,0.4028967,-0.45845547,-0.5423258,-0.8092296,0.22589862
1356327273313,-0.3048032,0.46371287,0.8319047,-0.77469414,0.3873906,-0.4997775,-0.55402535,-0.79680544,0.24115771
1356327273353,-0.37395203,0.4937422,0.7850977,-0.7426914,0.34759408,-0.5723528,-0.55549,-0.7971179,0.23671466
1356327273393,-0.4720028,0.5116447,0.71793675,-0.69005156,0.29241228,-0.6620603,-0.54867315,-0.80790764,0.21504182
1356327273432,-0.5729891,0.512299,0.6397134,-0.6203225,0.2390256,-0.74703866,-0.5356151,-0.8248736,0.18083155
1356327273473,-0.6607015,0.4971015,0.5624622,-0.5436422,0.1998108,-0.8151864,-0.5176164,-0.844373,0.13823003
1356327273513,-0.72719324,0.47160754,0.49877477,-0.47386304,0.18081129,-0.86183584,-0.4966324,-0.86307216,0.09199262
1356327273553,-0.7756406,0.4416855,0.45088315,-0.4163161,0.1789164,-0.89144254,-0.47440767,-0.87914896,0.045105875
1356327273593,-0.80972,0.41123256,0.41861844,-0.37333748,0.1893689,-0.90816224,-0.45273918,-0.89164305,1.9276142E-4
1356327273633,-0.8311283,0.38316464,0.4030018,-0.3473205,0.2082814,-0.91432345,-0.4342742,-0.8998909,-0.04002756
1356327273673,-0.8389103,0.35979348,0.4083849,-0.34261233,0.2339223,-0.90988857,-0.42290232,-0.9032325,-0.07297015
1356327273713,-0.83089256,0.3419029,0.43899876,-0.36268187,0.2655623,-0.893274,-0.4219945,-0.9014316,-0.09665179
1356327273753,-0.8051569,0.32798874,0.494111,-0.40630054,0.30185616,-0.86244,-0.43202102,-0.8951571,-0.10977954
1356327273793,-0.76426226,0.31465116,0.5629368,-0.4637768,0.33839065,-0.8187813,-0.448123,-0.88684064,-0.11269128
1356327273833,-0.7162099,0.3001077,0.6300625,-0.52214956,0.36857367,-0.769099,-0.46303695,-0.8798232,-0.10727501
1356327273873,-0.671029,0.28547114,0.68427074,-0.57241493,0.38710618,-0.7228347,-0.47123384,-0.8767297,-0.096351504
1356327273913,-0.6345897,0.27393812,0.72267133,-0.6116737,0.39352274,-0.6862908,-0.4723888,-0.8775521,-0.082164764
1356327273956,-0.6089434,0.2688998,0.74624455,-0.6392742,0.3905868,-0.6623975,-0.46959186,-0.88041747,-0.06594455
1356327273994,-0.59668225,0.27291656,0.75464356,-0.6537717,0.3800053,-0.6543536,-0.46535245,-0.88380575,-0.048317313
1356327274034,-0.60227954,0.2875344,0.7447035,-0.6521704,0.36075228,-0.6667319,-0.4603619,-0.8872326,-0.029752314
1356327274074,-0.6280654,0.3121692,0.71280026,-0.63183063,0.33011544,-0.7012944,-0.45422888,-0.8908278,-0.010096014
1356327274114,-0.6721631,0.3438835,0.6556988,-0.5904585,0.28535253,-0.75493884,-0.4467163,-0.89460504,0.011245549
1356327274153,-0.7267299,0.37763536,0.5738075,-0.52839404,0.22644651,-0.818243,-0.4389342,-0.89783823,0.034974873
1356327274211,-0.77677065,0.40875793,0.47910792,-0.45592052,0.15984279,-0.87554944,-0.4344697,-0.8985362,0.06219995
1356327274233,-0.80475515,0.4384431,0.40017077,-0.39908746,0.0994215,-0.9115067,-0.43942943,-0.8932429,0.09496719
1356327274273,-0.79782254,0.47525916,0.37095562,-0.38985506,0.06265521,-0.91874236,-0.459883,-0.8776122,0.13529438
1356327274310,-0.7541169,0.5221411,0.39834207,-0.43264234,0.061355054,-0.8994755,-0.49409342,-0.8506493,0.17963141
1356327274353,-0.6863915,0.5673385,0.4549656,-0.496507,0.0915246,-0.86319405,-0.53136384,-0.8183827,0.21886587
1356327274393,-0.6245698,0.5967085,0.50383675,-0.5450986,0.12891817,-0.8284006,-0.5592674,-0.79203475,0.24474657
1356327274433,-0.58987755,0.6075219,0.5319414,-0.5692196,0.15440315,-0.8075573,-0.5727421,-0.7791514,0.2547344
1356327274473,-0.5846571,0.6023802,0.543428,-0.57420295,0.16594875,-0.8017181,-0.5731203,-0.78076816,0.24886549
1356327274513,-0.60144573,0.583767,0.5454166,-0.56583494,0.17069292,-0.8066566,-0.5639982,-0.7937758,0.2276532
1356327274553,-0.6300954,0.554103,0.5440124,-0.54955554,0.17675197,-0.8165461,-0.5486059,-0.813467,0.19313985
1356327274593,-0.66242206,0.5161546,0.5429378,-0.5306507,0.1882726,-0.8264159,-0.5287786,-0.8355465,0.14918184
1356327274633,-0.6938446,0.4726994,0.54326314,-0.5129035,0.20514953,-0.8335728,-0.5054795,-0.8570116,0.10010737
1356327274673,-0.7217696,0.42641005,0.5451817,-0.4987398,0.22573388,-0.836841,-0.47990337,-0.87591016,0.049739838
1356327274712,-0.7435084,0.38011637,0.550188,-0.49075928,0.24872637,-0.83503926,-0.45425838,-0.89086854,0.0016154647
1356327274753,-0.75629675,0.33670437,0.5609327,-0.49145108,0.27356362,-0.8268246,-0.4318462,-0.9009957,-0.041421533
1356327274793,-0.755249,0.29880846,0.58336294,-0.5055046,0.30099028,-0.80862224,-0.4172097,-0.9056039,-0.0762735
1356327274833,-0.7369498,0.26808688,0.6205114,-0.5342845,0.33129793,-0.7776772,-0.4140592,-0.90463865,-0.10091525
1356327274873,-0.7008303,0.24388722,0.6703401,-0.5746772,0.36367965,-0.7331324,-0.42259067,-0.8990306,-0.11472124
1356327274913,-0.6506347,0.22425652,0.72552294,-0.61977184,0.39526457,-0.6779741,-0.43881363,-0.8907721,-0.118184924
1356327274956,-0.594987,0.20683858,0.77666485,-0.6627048,0.4205088,-0.61967295,-0.45476666,-0.8833969,-0.11312437
1356327274994,-0.54376465,0.1905778,0.8173127,-0.6995365,0.43510354,-0.56686294,-0.46364713,-0.8799801,-0.10327774
1356327275034,-0.4999935,0.1771836,0.84771013,-0.7310779,0.43837744,-0.5228291,-0.46425378,-0.8811533,-0.08965087
1356327275074,-0.4627716,0.1685532,0.87030584,-0.7575512,0.4346794,-0.487001,-0.46038955,-0.8846715,-0.07346958
1356327275114,-0.43265364,0.16629618,0.8860905,-0.7780988,0.42756173,-0.4601665,-0.45538235,-0.8885587,-0.055591285
1356327275153,-0.4120092,0.17102945,0.89498454,-0.79218423,0.41808292,-0.44457942,-0.45021397,-0.89216346,-0.036767185
1356327275193,-0.40251237,0.18248993,0.8970403,-0.80031836,0.4055456,-0.4416145,-0.44438094,-0.89567304,-0.017187059
1356327275233,-0.40470034,0.19977707,0.8923602,-0.80303305,0.38916993,-0.4513144,-0.43744206,-0.89924186,0.0029303432
1356327275273,-0.41523558,0.22134125,0.88237596,-0.8016132,0.36956513,-0.4699339,-0.43011114,-0.9024576,0.023973525
1356327275313,-0.4265089,0.24666637,0.8701986,-0.79800445,0.35026574,-0.49041075,-0.42576858,-0.90358704,0.04744947
1356327275352,-0.42332768,0.27616477,0.86285955,-0.7970885,0.33916968,-0.49961364,-0.43063146,-0.8992758,0.07654792
1356327275393,-0.3881604,0.30962515,0.8680229,-0.8036294,0.34733295,-0.48325935,-0.4511222,-0.8851509,0.114003
1356327275433,-0.3233233,0.34135342,0.88257575,-0.8125458,0.3778792,-0.44382066,-0.4850067,-0.8606307,0.15518808
1356327275473,-0.25269914,0.3633122,0.89674264,-0.8150593,0.41948783,-0.3996351,-0.521365,-0.83188593,0.19011676
1356327275514,-0.19997948,0.37253684,0.90621436,-0.8115215,0.4552946,-0.36625078,-0.5490364,-0.80865514,0.21127206
1356327275553,-0.17343482,0.37051737,0.9124896,-0.8079531,0.4762703,-0.34695584,-0.56314486,-0.79742306,0.21675879
1356327275593,-0.17198062,0.35933578,0.9172242,-0.8074354,0.48197603,-0.34021622,-0.56433195,-0.79911,0.20725
1356327275633,-0.19145387,0.34033397,0.9206075,-0.8091235,0.47620124,-0.3443132,-0.5555759,-0.81080526,0.1842016
1356327275673,-0.22610408,0.31454337,0.92192155,-0.81080806,0.46376932,-0.35708308,-0.539877,-0.82823944,0.1501742
1356327275713,-0.26955312,0.2832619,0.9203824,-0.81089807,0.44874454,-0.37559646,-0.5194087,-0.84757954,0.1087361
1356327275753,-0.31596497,0.24820694,0.91572887,-0.8088994,0.43392935,-0.39672026,-0.49583036,-0.8660823,0.06366807
1356327275793,-0.3602246,0.21137604,0.9086025,-0.8052726,0.4212314,-0.4172531,-0.47092915,-0.88197744,0.01847744
1356327275832,-0.39690557,0.17505756,0.901011,-0.8014145,0.41243592,-0.43316442,-0.447438,-0.8940087,-0.02340442
1356327275873,-0.42097834,0.14168847,0.89593613,-0.7990363,0.40957043,-0.44021925,-0.42932293,-0.9012083,-0.05920601
1356327275913,-0.42784935,0.11327973,0.8967233,-0.7999095,0.41445947,-0.4340141,-0.42082044,-0.9029901,-0.08671266
1356327275957,-0.4173508,0.09100926,0.9041767,-0.8039801,0.42681184,-0.41406238,-0.42359683,-0.8997494,-0.10496062
1356327275994,-0.3929475,0.074683994,0.91652304,-0.81022954,0.44323903,-0.38349345,-0.4348796,-0.89328694,-0.11365843
1356327276034,-0.36087576,0.063066065,0.9304791,-0.8181868,0.4574255,-0.34832785,-0.44759256,-0.8870088,-0.11347395
1356327276074,-0.3275829,0.054980338,0.9432214,-0.82821035,0.46373498,-0.31467044,-0.45470542,-0.8842664,-0.10637635
1356327276114,-0.29685903,0.050301224,0.9535955,-0.84005904,0.46108395,-0.28583637,-0.45406544,-0.8859297,-0.09462088
1356327276154,-0.27039465,0.04982248,0.9614595,-0.85187864,0.45289043,-0.26304552,-0.4485413,-0.89017296,-0.080016375
1356327276183,-0.25169525,0.053666085,0.96631753,-0.8606045,0.44434187,-0.24883762,-0.4427295,-0.8942485,-0.0656535
1356327276222,-0.23587677,0.061976194,0.96980464,-0.86795837,0.43538603,-0.23892933,-0.43704733,-0.89810795,-0.048904717
1356327276263,-0.22852612,0.07735267,0.9704598,-0.8724929,0.42595726,-0.23940852,-0.43189332,-0.9014305,-0.029852688
1356327276303,-0.229974,0.09937376,0.9681099,-0.8744326,0.41554722,-0.25037578,-0.42717618,-0.9041269,-0.008669436
1356327276343,-0.2386558,0.12701929,0.9627614,-0.87398934,0.40406042,-0.26995894,-0.4233038,-0.90587044,0.0145820975
1356327276383,-0.2506711,0.1595752,0.9548297,-0.87109125,0.39311194,-0.29438582,-0.4223316,-0.90553784,0.040462792
1356327276423,-0.25634235,0.19681919,0.94633555,-0.86630785,0.38746423,-0.31524947,-0.42871836,-0.90062964,0.07118249
1356327276463,-0.2423082,0.2376365,0.9406464,-0.86096495,0.39427078,-0.32138747,-0.44724283,-0.8877384,0.10906166
1356327276503,-0.20509216,0.27709424,0.9386992,-0.8547467,0.41652378,-0.3097032,-0.47680753,-0.8658676,0.15141958
1356327276543,-0.16030878,0.30801845,0.9377771,-0.84638524,0.44593722,-0.29115644,-0.5078713,-0.84039557,0.18921459
1356327276583,-0.1284503,0.32708597,0.936224,-0.8381033,0.4688848,-0.27880102,-0.53017306,-0.82046443,0.21390343
1356327276623,-0.11945349,0.33541086,0.93446803,-0.833169,0.47801757,-0.2780804,-0.53996336,-0.8117874,0.22235304
1356327276663,-0.13435364,0.3349589,0.93260473,-0.8316604,0.47359586,-0.2899103,-0.53878576,-0.8145609,0.2149427
1356327276703,-0.17015329,0.3268564,0.92963034,-0.8308325,0.4596875,-0.3136953,-0.5298727,-0.82574344,0.1933456
1356327276744,-0.22034022,0.31163463,0.92430186,-0.8275652,0.4418622,-0.34625643,-0.5163195,-0.84121436,0.16053802
1356327276783,-0.27650183,0.29004556,0.91619873,-0.82048315,0.42512465,-0.38219944,-0.50035393,-0.8574046,0.120429814
1356327276823,-0.33141875,0.26341853,0.90596485,-0.8102622,0.41247535,-0.41634035,-0.48335993,-0.8720521,0.07673597
1356327276862,-0.3801605,0.23352262,0.8949554,-0.7988,0.4048798,-0.44496167,-0.46625796,-0.88404727,0.032618582
1356327276903,-0.42073345,0.20217791,0.8843684,-0.7878735,0.40181857,-0.46668738,-0.44970953,-0.8931214,-0.00976783
1356327276959,-0.45363972,0.17038107,0.8747465,-0.7776425,0.4037579,-0.481925,-0.4352967,-0.89886034,-0.05066508
1356327276994,-0.4654387,0.13959923,0.8740016,-0.7751368,0.41237327,-0.4786555,-0.4272349,-0.9002557,-0.08372599
1356327277034,-0.46031243,0.11465058,0.8803225,-0.7772858,0.42701083,-0.4620481,-0.42888135,-0.89694875,-0.10744214
1356327277091,-0.43931562,0.09541151,0.89325154,-0.7836211,0.44549322,-0.4329824,-0.439249,-0.8901867,-0.12094563
1356327277113,-0.40772462,0.080970585,0.9095078,-0.7927991,0.46278888,-0.39660567,-0.4530235,-0.88276285,-0.124497
1356327277153,-0.37210768,0.07014015,0.9255357,-0.80426383,0.47340828,-0.35922733,-0.46335247,-0.87804615,-0.11974764
1356327277190,-0.33793387,0.06221482,0.93911123,-0.81759095,0.47485575,-0.325664,-0.46620354,-0.87786174,-0.109603584
1356327277233,-0.30749422,0.057891905,0.94978726,-0.83163065,0.4687209,-0.29781064,-0.46242595,-0.8814472,-0.09598428
1356327277273,-0.28219983,0.058380127,0.95757765,-0.844334,0.4587846,-0.2767972,-0.45548135,-0.88662755,-0.08017659
1356327277313,-0.26381722,0.064697415,0.96240056,-0.8543612,0.44746205,-0.26428166,-0.44773605,-0.89195967,-0.06277323
1356327277353,-0.2540564,0.07750669,0.9640789,-0.8613738,0.43520343,-0.26197928,-0.4398756,-0.89698976,-0.04380399
1356327277393,-0.25393048,0.09702444,0.9623437,-0.86545753,0.42144987,-0.27085647,-0.43185934,-0.9016464,-0.0230484
1356327277433,-0.26382405,0.12297246,0.95669997,-0.8664254,0.40568697,-0.29107574,-0.42391506,-0.9057019,-4.8357248E-4
1356327277473,-0.2810325,0.15479329,0.94713235,-0.8640518,0.38868403,-0.31990495,-0.41765437,-0.9082751,0.024516642
1356327277513,-0.29608795,0.19220039,0.9356233,-0.859166,0.37439385,-0.34880212,-0.4173315,-0.9071319,0.054278493
1356327277553,-0.29098177,0.23402292,0.9276653,-0.85510474,0.37126547,-0.36188108,-0.42909855,-0.89855176,0.09208256
1356327277593,-0.2526443,0.27561557,0.9274733,-0.8534967,0.3880391,-0.34780595,-0.45575666,-0.87946665,0.13720119
1356327277633,-0.19213545,0.3092544,0.93136764,-0.8496169,0.4225638,-0.31558028,-0.49115685,-0.8519399,0.18155825
1356327277673,-0.13756907,0.33082703,0.93361026,-0.84078026,0.45927054,-0.28663412,-0.523606,-0.82439315,0.21497148
1356327277713,-0.10879573,0.34216928,0.9333186,-0.83134294,0.48343918,-0.27414495,-0.54500675,-0.8057336,0.23186392
1356327277753,-0.112407684,0.34653407,0.931278,-0.825247,0.48947573,-0.28174627,-0.55347264,-0.80020475,0.23095536
1356327277793,-0.14744893,0.34542602,0.92679,-0.82164365,0.47885302,-0.30919495,-0.5506002,-0.8070816,0.21321076
1356327277833,-0.20668209,0.3382129,0.91809285,-0.8165538,0.4573092,-0.35228997,-0.5390012,-0.8224842,0.18165141
1356327277873,-0.27891544,0.32363257,0.9041394,-0.8066431,0.43192497,-0.4034447,-0.5210881,-0.84184486,0.14058548
1356327277913,-0.35270464,0.301494,0.88583344,-0.79151666,0.40880668,-0.45428902,-0.49910003,-0.8613817,0.09444952
1356327277956,-0.4208665,0.27317446,0.8650129,-0.7728221,0.39134055,-0.4995985,-0.47499216,-0.8787652,0.046413124
1356327277994,-0.47337854,0.24115637,0.84720504,-0.75614405,0.38210553,-0.531264,-0.45183945,-0.892098,0.0014683604
1356327278034,-0.51070637,0.20920852,0.8339129,-0.7434393,0.3797136,-0.5505593,-0.43182975,-0.9011378,-0.038388252
1356327278074,-0.52934784,0.17932847,0.8292359,-0.73824954,0.38427085,-0.55436766,-0.41806507,-0.9056363,-0.07102382
1356327278114,-0.52857006,0.15332118,0.8349289,-0.74148905,0.39546257,-0.54203624,-0.41328874,-0.90559477,-0.09534365
1356327278154,-0.5098851,0.13183752,0.85008,-0.7519033,0.4117776,-0.51485986,-0.41792175,-0.90169734,-0.11083019
1356327278194,-0.47772607,0.11463484,0.87099755,-0.7667532,0.4295164,-0.47708,-0.42879772,-0.8957536,-0.11729461
1356327278232,-0.43942684,0.1009869,0.8925837,-0.7832628,0.44339728,-0.4357731,-0.43977657,-0.89061797,-0.11574143
1356327278273,-0.40162215,0.090753436,0.9112976,-0.80002093,0.44953367,-0.39734864,-0.44571966,-0.88864124,-0.10793799
1356327278313,-0.36870134,0.08457708,0.9256922,-0.815699,0.4481085,-0.36583325,-0.44575167,-0.88996935,-0.09622878
1356327278353,-0.3429818,0.08386883,0.9355905,-0.8287277,0.44189766,-0.34341937,-0.4422374,-0.8931363,-0.08205843
1356327278393,-0.32659638,0.089925915,0.9408763,-0.8378186,0.43322474,-0.33222923,-0.43748695,-0.8967885,-0.0661481
1356327278433,-0.32116303,0.10350308,0.9413509,-0.8425696,0.4225764,-0.33392456,-0.43235487,-0.9003979,-0.048507392
1356327278473,-0.326845,0.12460315,0.9368279,-0.8431931,0.4092623,-0.3486113,-0.42684647,-0.9038686,-0.028700888
1356327278513,-0.3423039,0.15238789,0.9271494,-0.8399576,0.39257875,-0.37463748,-0.42106938,-0.907006,-0.006381929
1356327278553,-0.36352772,0.18551847,0.91292405,-0.83335865,0.3732316,-0.4076904,-0.4163662,-0.90900004,0.018923402
1356327278593,-0.38111424,0.22306961,0.8972134,-0.82536644,0.35516107,-0.43889728,-0.41656,-0.90779984,0.048757195
1356327278633,-0.37979442,0.26472402,0.8863844,-0.82029617,0.34656423,-0.4549807,-0.42763346,-0.89989686,0.08552897
1356327278673,-0.34801668,0.30811188,0.8854103,-0.8206755,0.35642308,-0.446603,-0.45318437,-0.8820599,0.12881863
1356327278712,-0.29413277,0.34618324,0.8908666,-0.8217395,0.38440531,-0.42068607,-0.48808843,-0.8557977,0.17140615
1356327278753,-0.24285215,0.3721988,0.8958186,-0.81824803,0.41742384,-0.39525625,-0.52105,-0.8289906,0.20317858
1356327278793,-0.21384552,0.3848222,0.8978764,-0.81219226,0.4406667,-0.38230428,-0.5427834,-0.81100225,0.21831506
1356327278833,-0.21210393,0.38624442,0.8976788,-0.8068944,0.44898662,-0.38383895,-0.5513014,-0.8057458,0.21642667
1356327278872,-0.23428836,0.37837967,0.89550984,-0.8024676,0.4447057,-0.39784753,-0.5487758,-0.8118286,0.19944799
1356327278913,-0.2759958,0.3622504,0.89028144,-0.79671043,0.43191487,-0.42273158,-0.5376605,-0.8259687,0.169402
1356327278955,-0.32911927,0.33847457,0.8815416,-0.788091,0.41581392,-0.45388484,-0.5201858,-0.84411716,0.12989634
1356327278994,-0.3824938,0.30900487,0.8707551,-0.7775401,0.4014529,-0.48401117,-0.49912897,-0.8621783,0.08671051
1356327279034,-0.4347335,0.27614865,0.85717493,-0.76471627,0.38949835,-0.51332253,-0.47562164,-0.87865406,0.04184735
1356327279074,-0.48032957,0.241703,0.84312695,-0.75174797,0.38176018,-0.53771186,-0.4518389,-0.89209795,-0.0016709566
1356327279114,-0.51607764,0.20820346,0.83085215,-0.74058104,0.37889957,-0.5549549,-0.43035305,-0.90171313,-0.041350126
1356327279154,-0.53811896,0.17801407,0.8238562,-0.73386765,0.38180482,-0.5618393,-0.41456753,-0.9069378,-0.07481766
1356327279195,-0.54331374,0.15293235,0.8254828,-0.73384416,0.3910817,-0.55545276,-0.40777797,-0.9075609,-0.100251555
1356327279234,-0.5313302,0.13347796,0.8365835,-0.7408117,0.40583277,-0.5352549,-0.4109577,-0.9041479,-0.11674917
1356327279274,-0.5049577,0.11908993,0.85488904,-0.7530836,0.42317423,-0.50377434,-0.4217615,-0.8981877,-0.12400043
1356327279313,-0.4708746,0.108054936,0.8755576,-0.76827365,0.43760204,-0.467183,-0.4336272,-0.8926525,-0.1230399
1356327279352,-0.4362644,0.09937206,0.89431465,-0.7846695,0.4444433,-0.4321618,-0.44041696,-0.8902782,-0.1159206
1356327279393,-0.40486193,0.09345272,0.90958965,-0.80127823,0.44296503,-0.40216303,-0.44049966,-0.89165497,-0.10445809
1356327279433,-0.37815705,0.09179595,0.921179,-0.8160726,0.43673792,-0.37853056,-0.43706137,-0.894893,-0.0902434
1356327279473,-0.35751262,0.0960955,0.92895126,-0.8271485,0.42924097,-0.36273617,-0.4336013,-0.89806336,-0.073973835
1356327279513,-0.34493548,0.10757157,0.93244183,-0.8335397,0.42162728,-0.35699016,-0.4315449,-0.9003659,-0.055769026
1356327279553,-0.34179774,0.12675911,0.9311856,-0.8352642,0.41314492,-0.36282915,-0.43070653,-0.9018001,-0.035334706
1356327279593,-0.3481556,0.15342158,0.924797,-0.8327203,0.4024665,-0.38025996,-0.4305399,-0.9024868,-0.012363732
