1356326565562,0.7347468,0.09729409,-0.67132777,0.65884864,0.13318792,0.74039143,0.16144848,-0.9863036,0.033757314
1356326565585,-0.8857123,-0.12973358,0.4457385,-0.4352514,-0.10187912,-0.894526,0.16146153,-0.98630106,0.033768952
1356326565621,-0.8857543,-0.1297999,0.4456359,-0.43513304,-0.10195553,-0.89457494,0.16155075,-0.98628443,0.033827245
1356326565665,-0.88597834,-0.13008311,0.44510758,-0.43455687,-0.10215497,-0.8948322,0.1618725,-0.9862265,0.03397858
1356326565708,-0.88668686,-0.1308356,0.44347346,-0.4328236,-0.102497876,-0.89563274,0.1626357,-0.9860915,0.03425467
1356326565747,-0.8882119,-0.1322108,0.4400001,-0.42920315,-0.10287988,-0.8973297,0.1639038,-0.9858682,0.034633815
1356326565789,-0.8906429,-0.13427725,0.43442485,-0.42341855,-0.10334277,-0.9000206,0.16574696,-0.9855404,0.035186052
1356326565828,-0.89396363,-0.13683353,0.4267382,-0.41544062,-0.10402548,-0.9036524,0.16804165,-0.98511684,0.036148846
1356326565871,-0.89784056,-0.1394215,0.41766465,-0.40600476,-0.104984105,-0.90782064,0.1704179,-0.9846521,0.037653327
1356326565909,-0.9017013,-0.14174062,0.40846574,-0.39638603,-0.10627258,-0.9119124,0.17266375,-0.9841828,0.039642155
1356326565952,-0.90528125,-0.14373082,0.39975905,-0.38723665,-0.107746184,-0.9156629,0.17468148,-0.9837338,0.041882753
1356326565988,-0.90853894,-0.14545134,0.3916644,-0.37880048,-0.10871279,-0.91907114,0.17625906,-0.98337454,0.0436728
1356326566032,-0.9111674,-0.14690141,0.38495967,-0.3719107,-0.10894108,-0.92185366,0.17735955,-0.9831337,0.044629335
1356326566080,-0.91331357,-0.14837858,0.37926516,-0.3662131,-0.1082108,-0.92421764,0.1781747,-0.9829925,0.044492304
1356326566117,-0.91498876,-0.15000558,0.37455836,-0.36157668,-0.107104,-0.9261701,0.17904738,-0.98286676,0.04376036
1356326566160,-0.91629475,-0.15211725,0.37049192,-0.35764688,-0.10556775,-0.9278708,0.18025713,-0.9827084,0.042326927
1356326566197,-0.9170775,-0.15441339,0.3675943,-0.35496002,-0.10368931,-0.92911357,0.18158317,-0.9825503,0.04028052
1356326566240,-0.91727513,-0.15656829,0.36618686,-0.35385287,-0.10150087,-0.9297773,0.18274193,-0.9824378,0.037702024
1356326566279,-0.9167323,-0.15821418,0.3668382,-0.35484025,-0.09941548,-0.9296263,0.18354943,-0.98238736,0.03499657
1356326566319,-0.91549665,-0.15935257,0.36942196,-0.3577288,-0.09777105,-0.92869306,0.18410844,-0.98236835,0.03250414
1356326566358,-0.91361785,-0.16009283,0.37372804,-0.36222374,-0.09697032,-0.92703325,0.18465191,-0.9823273,0.030604362
1356326566399,-0.91154313,-0.16056871,0.37855893,-0.36702096,-0.097449064,-0.92509425,0.1854314,-0.9822023,0.029896975
1356326566438,-0.90917236,-0.16046771,0.38425976,-0.37238607,-0.09968746,-0.92270845,0.18637079,-0.9819941,0.030877173
1356326566477,-0.90676993,-0.15938836,0.3903381,-0.37765688,-0.10459226,-0.9200195,0.18746671,-0.98165977,0.03464687
1356326566518,-0.90435374,-0.15691364,0.39689097,-0.38285106,-0.112681985,-0.9169121,0.18859848,-0.981163,0.041829824
1356326566556,-0.9020578,-0.15290546,0.40362334,-0.38771892,-0.1238274,-0.91342264,0.18964688,-0.98045236,0.052415013
1356326566613,-0.9000289,-0.14747214,0.410122,-0.3918925,-0.13791502,-0.90961516,0.19070485,-0.9794036,0.06633419
1356326566637,-0.898592,-0.14153402,0.41533184,-0.39443338,-0.1541413,-0.90590435,0.19223607,-0.9778592,0.0826844
1356326566677,-0.8981504,-0.13671613,0.41789308,-0.39404428,-0.17139965,-0.90296805,0.19507703,-0.9756695,0.10007048
1356326566717,-0.89902097,-0.13474822,0.4166582,-0.38959706,-0.18830454,-0.90152943,0.19993815,-0.9728228,0.11679226
1356326566761,-0.901242,-0.13686593,0.41113332,-0.38053077,-0.20385158,-0.9020205,0.20726606,-0.9693876,0.13163793
1356326566798,-0.904248,-0.14215338,0.4026512,-0.36860722,-0.21615255,-0.90410554,0.21555573,-0.96595573,0.14305675
1356326566839,-0.9078229,-0.15084526,0.39128435,-0.3540686,-0.22425985,-0.90793335,0.22470681,-0.9627842,0.15017861
1356326566878,-0.9114791,-0.16121471,0.3784383,-0.33866608,-0.22807342,-0.91284597,0.23347592,-0.96020424,0.15328628
1356326566917,-0.9152368,-0.173007,0.36388215,-0.322394,-0.2272386,-0.9189258,0.24166866,-0.9583481,0.1522007
1356326566958,-0.91897774,-0.18462615,0.34841505,-0.3062691,-0.22231805,-0.9256208,0.24835274,-0.9573337,0.14776003
1356326566997,-0.9226163,-0.19434385,0.33318132,-0.29149777,-0.21438289,-0.93223876,0.25260323,-0.95722026,0.14114231
1356326567038,-0.9263407,-0.20161135,0.3181915,-0.27782708,-0.20474434,-0.9385584,0.25437197,-0.95782703,0.13364995
1356326567077,-0.93054205,-0.20776826,0.3015354,-0.26284996,-0.194336,-0.9450626,0.25495324,-0.95867914,0.12622607
1356326567120,-0.93543965,-0.21482295,0.28071976,-0.24370104,-0.18331748,-0.9523678,0.2560513,-0.9592943,0.119130015
1356326567158,-0.94088465,-0.22353506,0.25449556,-0.21910527,-0.17133868,-0.9605394,0.25831914,-0.95951813,0.11223227
1356326567198,-0.9462679,-0.23247175,0.2247974,-0.19137527,-0.15778482,-0.96875143,0.26067698,-0.95971906,0.10481745
1356326567237,-0.95127064,-0.23900004,0.19484124,-0.16400422,-0.14293784,-0.9760489,0.2611259,-0.9604414,0.09677553
1356326567278,-0.955586,-0.23991388,0.17116262,-0.14369622,-0.12777245,-0.9813386,0.25730664,-0.96234894,0.08762294
1356326567317,-0.9594135,-0.2356119,0.15496057,-0.13101937,-0.11417431,-0.9847833,0.24971917,-0.9651172,0.07867056
1356326567360,-0.96257156,-0.22409144,0.15244406,-0.13217595,-0.102909684,-0.98586977,0.23661295,-0.96911955,0.0694384
1356326567399,-0.9641524,-0.20920312,0.16323124,-0.14620897,-0.09450561,-0.9847293,0.2214347,-0.97329485,0.060530305
1356326567437,-0.9633772,-0.19209117,0.18709713,-0.17311063,-0.08733201,-0.9810229,0.2047854,-0.9774836,0.05088073
1356326567480,-0.9582068,-0.17545632,0.22595337,-0.21467683,-0.081042826,-0.973317,0.1890865,-0.98114586,0.039989293
1356326567517,-0.9467364,-0.1620835,0.27824295,-0.2693028,-0.0751881,-0.960116,0.17653954,-0.9839084,0.02753377
1356326567558,-0.9269075,-0.15434274,0.3420831,-0.33512264,-0.06988603,-0.939579,0.16892403,-0.98554265,0.013054132
1356326567612,-0.89772177,-0.1553274,0.41227308,-0.4071831,-0.06478375,-0.91104615,0.168219,-0.9857365,-0.0050888658
1356326567639,-0.86183167,-0.17081651,0.47756445,-0.47499123,-0.058338404,-0.8780546,0.17784657,-0.9835743,-0.030858397
1356326567679,-0.82354635,-0.20413768,0.52924395,-0.5310045,-0.050720572,-0.8458497,0.19951338,-0.97762734,-0.066627204
1356326567719,-0.79197276,-0.25740257,0.5536453,-0.56370807,-0.040079415,-0.8250011,0.2345472,-0.9654727,-0.11335808
1356326567758,-0.7618439,-0.31553584,0.5657127,-0.5870243,-0.03290987,-0.8089001,0.27385452,-0.9483428,-0.16015506
1356326567799,-0.7337489,-0.36789888,0.57119435,-0.603795,-0.032378495,-0.7964818,0.3115192,-0.9293019,-0.19837779
1356326567838,-0.69900113,-0.40167364,0.5916551,-0.6299179,-0.045814276,-0.7753093,0.3385275,-0.91463614,-0.22099715
1356326567877,-0.65720916,-0.41198725,0.63114387,-0.6660324,-0.074531496,-0.74218994,0.3528129,-0.9081363,-0.2254141
1356326567918,-0.60812736,-0.39915186,0.6861917,-0.7093796,-0.11474538,-0.69542366,0.35631695,-0.9096765,-0.21337044
1356326567958,-0.5540618,-0.36565924,0.74786955,-0.75437796,-0.15936399,-0.63680214,0.35203606,-0.91700405,-0.1875478
1356326567999,-0.49984282,-0.3166768,0.806147,-0.795481,-0.20030642,-0.5719154,0.34258875,-0.9271425,-0.15178865
1356326568037,-0.45127386,-0.25935426,0.8538661,-0.82918835,-0.23180288,-0.5086396,0.3298465,-0.9375515,-0.11044693
1356326568075,-0.41239506,-0.2002523,0.8887234,-0.8548119,-0.2522592,-0.4534996,0.31500295,-0.9467124,-0.06714761
1356326568117,-0.3848399,-0.14393792,0.91169083,-0.8733337,-0.26281494,-0.410142,0.298641,-0.9540493,-0.024564087
1356326568160,-0.36743855,-0.09209135,0.9254772,-0.8867177,-0.26550436,-0.3784695,0.280572,-0.9597013,0.015897512
1356326568198,-0.36464107,-0.05034697,0.92978597,-0.89325297,-0.26305294,-0.36455768,0.26293728,-0.9634668,0.05094731
1356326568239,-0.37310374,-0.019508392,0.92758447,-0.8939469,-0.2600062,-0.3650419,0.24829906,-0.9654098,0.07956982
1356326568374,-0.39973366,-0.0042899847,0.9166212,-0.8846364,-0.2600913,-0.3870025,0.24006543,-0.9655745,0.10017216
1356326568377,-0.4444849,-0.00700137,0.895759,-0.8630686,-0.26443952,-0.4303305,0.239887,-0.9643768,0.11149669
1356326568381,-0.5136892,-0.03302011,0.85734075,-0.82191074,-0.26773632,-0.50277245,0.2461428,-0.96292627,0.110393584
1356326568401,-0.59130925,-0.066138,0.8037283,-0.7670989,-0.26137465,-0.585869,0.24882239,-0.9629689,0.10381889
1356326568451,-0.65242577,-0.09246069,0.7521912,-0.71785647,-0.24277925,-0.6524878,0.24294588,-0.96566516,0.09202194
1356326568487,-0.69065595,-0.10674578,0.71526206,-0.68519336,-0.2197575,-0.6944183,0.23131038,-0.9696969,0.078635275
1356326568531,-0.70684195,-0.10985997,0.6987885,-0.6743096,-0.19383568,-0.71255475,0.21373141,-0.97486335,0.06293148
1356326568568,-0.6995236,-0.10532102,0.7068056,-0.6874759,-0.1707794,-0.7058408,0.1950477,-0.9796642,0.047058582
1356326568607,-0.67405933,-0.09778106,0.7321768,-0.7174044,-0.14950478,-0.6804257,0.17599669,-0.9839142,0.030626595
1356326568664,-0.6279194,-0.09106836,0.77293193,-0.7625847,-0.12644118,-0.6344109,0.15550518,-0.9877849,0.009947538
1356326568703,-0.5293833,-0.08368158,0.8442457,-0.8366665,-0.113315284,-0.5358626,0.14050779,-0.9900288,-0.010026395
1356326568750,-0.4441868,-0.09198055,0.89120007,-0.8854034,-0.10699791,-0.45234087,0.1369631,-0.9899955,-0.033912838
1356326568786,-0.37375927,-0.1159699,0.9202472,-0.91568553,-0.111887336,-0.38600665,0.14772925,-0.98693067,-0.06437302
1356326568831,-0.33988017,-0.16407767,0.9260453,-0.92267764,-0.13244528,-0.3621109,0.18206462,-0.97751564,-0.10637522
1356326568868,-0.31584394,-0.21647534,0.9237863,-0.9213935,-0.16238678,-0.35307872,0.22644344,-0.96268845,-0.14817011
1356326568907,-0.29362065,-0.25905457,0.9201509,-0.91689587,-0.1959098,-0.34773743,0.27034953,-0.9457854,-0.18000293
1356326568948,-0.25857782,-0.27593696,0.92574096,-0.91772974,-0.22894937,-0.3245834,0.30151233,-0.93351007,-0.1940344
1356326568987,-0.20934486,-0.26267347,0.9419009,-0.92507374,-0.25894922,-0.27781963,0.3168804,-0.92948794,-0.18878263
1356326569028,-0.15120065,-0.22292069,0.9630393,-0.9356419,-0.28204817,-0.21218657,0.31892428,-0.93314266,-0.16592807
1356326569067,-0.09448445,-0.16680679,0.9814521,-0.9455792,-0.29331255,-0.14088216,0.31137228,-0.9413519,-0.13001552
1356326569109,-0.047495306,-0.10493189,0.9933446,-0.9536337,-0.2911247,-0.07634953,0.2971986,-0.9509132,-0.08623955
1356326569147,-0.017677724,-0.047417134,0.9987188,-0.95994484,-0.27855498,-0.030216604,0.27963084,-0.95924914,-0.040593624
1356326569190,-0.004024923,0.003439933,0.99998593,-0.96544623,-0.26058483,-0.0029895008,0.26057097,-0.9654448,0.0043699443
1356326569228,-0.015004158,0.04138553,0.9990306,-0.96988916,-0.2435056,-0.0044791102,0.24308419,-0.96901613,0.043792963
1356326569271,-0.04097855,0.06996468,0.99670744,-0.9728131,-0.23036277,-0.023825675,0.22793734,-0.9705864,0.07750249
1356326569307,-0.09106004,0.08589837,0.99213386,-0.97189987,-0.22482741,-0.069737524,0.21706855,-0.970605,0.103957385
1356326569352,-0.16452193,0.08742738,0.98249125,-0.96292734,-0.23012012,-0.14076856,0.21378395,-0.9692272,0.122045934
1356326569388,-0.2753908,0.06945035,0.95882046,-0.9365612,-0.24433917,-0.25129935,0.21682456,-0.96719956,0.13233328
1356326569427,-0.41541314,0.028704226,0.90917975,-0.8810501,-0.2612837,-0.39431134,0.22623545,-0.96483517,0.1338306
1356326569469,-0.57656616,-0.033124894,0.8163787,-0.7820282,-0.26702827,-0.5631409,0.2366502,-0.9631192,0.12805486
1356326569507,-0.7202135,-0.0973987,0.68688136,-0.65005004,-0.2511102,-0.7172019,0.24233751,-0.9630458,0.11753899
1356326569547,-0.8183866,-0.14433388,0.55624735,-0.52185667,-0.21867126,-0.8245293,0.24064285,-0.9650651,0.10363603
1356326569613,-0.87487304,-0.16924047,0.4538223,-0.42472106,-0.18234175,-0.8867713,0.23282838,-0.96856034,0.08764595
1356326569629,-0.9034557,-0.17689185,0.3904831,-0.3675022,-0.1493671,-0.9179496,0.22070315,-0.97283024,0.06993848
1356326569667,-0.9140413,-0.17429885,0.36626282,-0.3487157,-0.123554826,-0.92904866,0.20718566,-0.9769105,0.052153468
1356326569710,-0.91086215,-0.1657282,0.37797388,-0.36507678,-0.10357839,-0.9251975,0.19248125,-0.98071694,0.033842087
1356326569747,-0.88965416,-0.15399532,0.4298846,-0.42042118,-0.09118754,-0.9027351,0.17821713,-0.9838548,0.016382515
1356326569788,-0.8510297,-0.14396703,0.504997,-0.4983092,-0.0819388,-0.86311877,0.1656395,-0.98618436,-0.0020077229
1356326569827,-0.79010624,-0.14136015,0.59644735,-0.5920495,-0.07605225,-0.8023051,0.15877512,-0.98703265,-0.023602843
1356326569868,-0.7351328,-0.15982075,0.6588149,-0.6575302,-0.068473876,-0.75031024,0.16502672,-0.98476833,-0.05474955
1356326569906,-0.7025362,-0.20347889,0.6819379,-0.6861046,-0.060766995,-0.7249606,0.18895347,-0.97719175,-0.096916735
1356326569946,-0.692411,-0.2623871,0.67210114,-0.68494314,-0.053720355,-0.7266134,0.2267595,-0.96346617,-0.1425237
1356326569988,-0.68553126,-0.31665683,0.65557253,-0.67757934,-0.05190611,-0.73361564,0.26633266,-0.9471189,-0.1789769
1356326570026,-0.6642499,-0.3505243,0.6602308,-0.6862875,-0.06410581,-0.72449976,0.29627937,-0.9343571,-0.1979782
1356326570067,-0.6180857,-0.35603333,0.700864,-0.7215675,-0.09684014,-0.68553793,0.3119461,-0.9294419,-0.19704658
1356326570107,-0.54649055,-0.33305645,0.76838887,-0.7757591,-0.14434493,-0.61429834,0.31550905,-0.93179286,-0.17948842
1356326570150,-0.44430488,-0.278316,0.8515476,-0.84088695,-0.19832677,-0.50356287,0.30903423,-0.9397908,-0.1459148
1356326570187,-0.33590758,-0.20778608,0.91868985,-0.893628,-0.23792034,-0.38055602,0.29764926,-0.94879866,-0.10576421
1356326570229,-0.22201568,-0.12482923,0.96701956,-0.9334176,-0.25947767,-0.24779621,0.28185216,-0.9576477,-0.058909655
1356326570268,-0.13481522,-0.05138576,0.9895375,-0.9546659,-0.26075035,-0.14360479,0.26540148,-0.9640378,-0.013903081
1356326570306,-0.07048619,0.010309517,0.9974594,-0.9659169,-0.25038368,-0.0656693,0.24907061,-0.9680917,0.027606815
1356326570347,-0.035686433,0.056114405,0.9977864,-0.971537,-0.2359119,-0.021480173,0.2341843,-0.970153,0.06293607
1356326570389,-0.030410767,0.08552173,0.995872,-0.97444475,-0.22438222,-0.010487348,0.2225591,-0.9707413,0.09015986
1356326570428,-0.054667532,0.09857753,0.9936266,-0.9747242,-0.22115314,-0.03168705,0.21662006,-0.97024417,0.108175814
1356326570467,-0.1111446,0.09400645,0.9893482,-0.96952176,-0.22897774,-0.08716008,0.21834505,-0.96888185,0.11659086
1356326570509,-0.204534,0.06861365,0.9764517,-0.95204294,-0.24583906,-0.18214646,0.22755224,-0.9668791,0.11560562
1356326570548,-0.33064187,0.022640854,0.94348466,-0.9127451,-0.26184022,-0.3135859,0.23994234,-0.96484566,0.10724065
1356326570622,-0.46756423,-0.035919607,0.88322914,-0.84782887,-0.26452053,-0.45958164,0.2501402,-0.963711,0.09322655
1356326570628,-0.57879454,-0.08758965,0.81075585,-0.77478206,-0.251072,-0.5802375,0.25438085,-0.96399736,0.077456236
1356326570662,-0.6470593,-0.12145758,0.7527033,-0.7195568,-0.22914118,-0.65553963,0.2520956,-0.96578586,0.060872376
1356326570706,-0.6717494,-0.13642552,0.7281077,-0.6988951,-0.20909756,-0.68397653,0.24555741,-0.9683317,0.04511404
1356326570748,-0.65943515,-0.13670266,0.73922783,-0.71404654,-0.19365078,-0.672783,0.23512328,-0.9714998,0.030088007
1356326570787,-0.6062889,-0.12528467,0.7853136,-0.76329905,-0.18540078,-0.6188708,0.22313276,-0.97464365,0.01677686
1356326570826,-0.52762526,-0.10913119,0.84243804,-0.823274,-0.17872214,-0.5387747,0.20935947,-0.9778286,0.0044534802
1356326570868,-0.42430604,-0.0919742,0.90083575,-0.8841315,-0.17285872,-0.43408677,0.19564211,-0.9806429,-0.00797224
1356326570906,-0.31734252,-0.08293593,0.94467735,-0.92990756,-0.1680854,-0.3271377,0.185918,-0.9822774,-0.023782074
1356326570946,-0.22913831,-0.092116445,0.9690254,-0.9552269,-0.17015558,-0.24205065,0.18718195,-0.9811022,-0.049002886
1356326570987,-0.16597635,-0.12158516,0.9786056,-0.9646318,-0.18606436,-0.1867235,0.20478645,-0.9749857,-0.086402595
1356326571028,-0.1267513,-0.16794708,0.97761333,-0.9624969,-0.21749759,-0.16215599,0.2398622,-0.96150327,-0.13408041
1356326571067,-0.08947408,-0.20979634,0.9736426,-0.9566672,-0.25386715,-0.14261636,0.2770963,-0.9442123,-0.17799067
1356326571107,-0.04731363,-0.23234591,0.9714818,-0.95145094,-0.2856487,-0.11465564,0.30414224,-0.9297421,-0.20755067
1356326571147,1.4680624E-4,-0.22984213,0.9732279,-0.94866925,-0.30783468,-0.072556585,0.31626993,-0.9232607,-0.21808931
1356326571191,0.052767515,-0.19856158,0.9786669,-0.9481348,-0.31758994,-0.013314426,0.3134584,-0.9272055,-0.20502159
1356326571227,0.0960328,-0.155236,0.98319864,-0.9481559,-0.3148982,0.042891204,0.3029492,-0.9363445,-0.17742848
1356326571267,0.13250369,-0.10205284,0.9859148,-0.9490614,-0.29994977,0.09650266,0.2858765,-0.9484806,-0.13659889
1356326571308,0.15800387,-0.046674877,0.9863348,-0.9514059,-0.27457303,0.13941532,0.26431373,-0.9604328,-0.08779037
1356326571347,0.17083538,0.0044084787,0.98528975,-0.9552386,-0.2443856,0.16671836,0.24152559,-0.96966815,-0.03753856
1356326571387,0.17336154,0.049956053,0.9835904,-0.9600141,-0.21433496,0.18009204,0.2198146,-0.9754818,0.010801196
1356326571426,0.16582167,0.088626415,0.9821652,-0.96539927,-0.18867552,0.18001631,0.20126471,-0.97803223,0.054273367
1356326571467,0.14807266,0.11905542,0.9817842,-0.97086084,-0.17164034,0.16723907,0.18842447,-0.97793937,0.09017098
1356326571507,0.1185742,0.13930923,0.9831242,-0.97575504,-0.16708964,0.14136207,0.18396288,-0.97605026,0.11611912
1356326571550,0.07622957,0.14661813,0.9862516,-0.97857094,-0.17875147,0.10220942,0.19127968,-0.9729085,0.12985012
1356326571626,0.016525745,0.13918379,0.99012864,-0.9783745,-0.20194966,0.044717938,0.20618021,-0.9694556,0.13283655
1356326571628,-0.05972016,0.11437172,0.9916414,-0.9724391,-0.2309612,-0.03192562,0.22537923,-0.96621746,0.12501252
1356326571664,-0.14888376,0.07681528,0.98586667,-0.95909023,-0.253985,-0.12505046,0.24078956,-0.96415305,0.11148703
1356326571708,-0.23912549,0.033398658,0.9704141,-0.93881774,-0.26307905,-0.22228521,0.24787158,-0.964196,0.09426418
1356326571748,-0.3159151,-0.0054602325,0.9487718,-0.9159579,-0.25901997,-0.30647963,0.2474243,-0.9658565,0.07682696
1356326571810,-0.37276334,-0.037284404,0.9271771,-0.8977215,-0.23837155,-0.37050658,0.23482677,-0.9704581,0.055385113
1356326571840,-0.38908738,-0.05298999,0.91967547,-0.89461684,-0.21637154,-0.39095274,0.2197082,-0.974872,0.03678173
1356326571880,-0.37958747,-0.059348673,0.92325026,-0.9025409,-0.19554538,-0.38364303,0.20330602,-0.9788972,0.02066195
1356326571922,-0.34871656,-0.060444653,0.93527704,-0.91847765,-0.17657483,-0.35386455,0.18653566,-0.9824295,0.0060575604
1356326571965,-0.3013593,-0.06107685,0.9515525,-0.93785036,-0.16113687,-0.3073626,0.1721029,-0.9850404,-0.008720875
1356326572018,-0.2539416,-0.075553805,0.96426415,-0.95242226,-0.15418619,-0.26290408,0.16853964,-0.9851489,-0.032804847
1356326572057,-0.19637728,-0.10226554,0.97518086,-0.9640276,-0.16155201,-0.21107292,0.1791279,-0.9815512,-0.06686169
1356326572099,-0.15699208,-0.14949486,0.97621965,-0.9647738,-0.18807697,-0.18395284,0.2111044,-0.9707103,-0.114702106
1356326572138,-0.11999494,-0.19674629,0.97308385,-0.96033067,-0.22552615,-0.1640211,0.25172642,-0.9541639,-0.16187942
1356326572180,-0.08039802,-0.22692546,0.9705879,-0.95393896,-0.26483375,-0.14093763,0.2890268,-0.93721277,-0.1951809
1356326572223,-0.03612268,-0.23076257,0.9723394,-0.9497584,-0.29476058,-0.10523847,0.31089237,-0.927289,-0.20852116
1356326572256,0.010269642,-0.20608476,0.97848034,-0.94914246,-0.30994934,-0.05531892,0.31467965,-0.928149,-0.19878694
1356326572298,0.05216521,-0.16086495,0.9855969,-0.95118296,-0.3086276,-2.9087067E-5,0.30418703,-0.93748146,-0.16911167
1356326572337,0.08362073,-0.107165426,0.99071854,-0.9547254,-0.29345214,0.048840225,0.2854945,-0.94994813,-0.12685221
1356326572378,0.103484035,-0.051954895,0.9932732,-0.9593382,-0.2688756,0.08588451,0.26260477,-0.9617726,-0.07766664
1356326572417,0.11078465,-5.1277876E-4,0.9938443,-0.9647033,-0.24043727,0.10741219,0.23890209,-0.9706645,-0.027131438
1356326572459,0.10579169,0.04481581,0.9933779,-0.97052777,-0.21287453,0.11296195,0.21652734,-0.9760513,0.020974606
1356326572497,0.087034404,0.08100274,0.9929066,-0.9764824,-0.19040799,0.10112849,0.19724903,-0.97835755,0.06252569
1356326572540,0.05700195,0.10779518,0.9925376,-0.9815133,-0.17588556,0.075470984,0.18270847,-0.9784909,0.09577659
1356326572577,0.011549592,0.122823,0.99236137,-0.98443496,-0.172656,0.032826692,0.17536908,-0.97729445,0.11891717
1356326572617,-0.045651674,0.12381318,0.99125487,-0.982833,-0.18313354,-0.022389442,0.17875999,-0.97526014,0.1300481
1356326572653,-0.11720568,0.1090475,0.9871025,-0.97454226,-0.20392025,-0.093186796,0.19112846,-0.9728952,0.13017207
1356326572699,-0.19907075,0.07820332,0.9768598,-0.9574609,-0.22800833,-0.17686412,0.20890081,-0.97051346,0.12026641
1356326572737,-0.285376,0.03875625,0.9576317,-0.9318955,-0.24464458,-0.26780558,0.22390023,-0.968838,0.105932444
1356326572776,-0.36506832,-7.9870224E-4,0.9309804,-0.9015829,-0.24901056,-0.35375422,0.2321065,-0.96850044,0.09018576
1356326572817,-0.43221807,-0.034799337,0.9010974,-0.8711598,-0.24202585,-0.42720503,0.23295534,-0.96964556,0.07429218
1356326572857,-0.48408753,-0.06064433,0.8729156,-0.84473413,-0.22779894,-0.484285,0.22821835,-0.97181785,0.05904621
1356326572899,-0.51992905,-0.07815111,0.85062695,-0.82552135,-0.2099359,-0.52387154,0.2195183,-0.9745867,0.04463637
1356326572937,-0.54008955,-0.088386804,0.83695346,-0.8153186,-0.19166642,-0.5463695,0.20870775,-0.9774721,0.03145361
1356326572980,-0.546429,-0.09323707,0.83229935,-0.81419444,-0.17369694,-0.55400074,0.19622123,-0.9803755,0.018999934
1356326573017,-0.538965,-0.095292866,0.8369205,-0.8218377,-0.15832889,-0.54727936,0.18466052,-0.98277736,0.007018447
1356326573058,-0.5255006,-0.10226604,0.8446246,-0.8321265,-0.14503461,-0.5352853,0.17724127,-0.98412734,-0.008882523
1356326573100,-0.5062028,-0.12011868,0.85400826,-0.84387326,-0.13524312,-0.5192177,0.17786652,-0.9835043,-0.032904446
1356326573138,-0.49045438,-0.15938357,0.856768,-0.849951,-0.12962723,-0.5106664,0.19245228,-0.9786694,-0.07189196
1356326573176,-0.47699088,-0.21521342,0.8521519,-0.8510468,-0.12909007,-0.5089745,0.2195425,-0.9679974,-0.12158185
1356326573216,-0.46345502,-0.26940995,0.8441728,-0.850421,-0.13245279,-0.50915647,0.24898487,-0.9538734,-0.16772592
1356326573258,-0.44939572,-0.3046521,0.8397801,-0.85166943,-0.13762653,-0.50568575,0.26963428,-0.942468,-0.19761413
1356326573296,-0.4363616,-0.31389406,0.8432431,-0.85616875,-0.14335167,-0.49641246,0.2767012,-0.9385738,-0.20619315
1356326573337,-0.4256884,-0.29759392,0.85453343,-0.8633143,-0.14933026,-0.48206735,0.271068,-0.9429413,-0.19334888
1356326573377,-0.41826087,-0.26128387,0.869936,-0.87136054,-0.15502667,-0.4655078,0.256493,-0.95273155,-0.16283089
1356326573418,-0.41346347,-0.20970258,0.8860433,-0.87942755,-0.1601587,-0.44828153,0.23591337,-0.96455896,-0.118198454
1356326573457,-0.41363007,-0.15375322,0.89736843,-0.88501066,-0.16344452,-0.43593815,0.21369684,-0.9744978,-0.06846768
1356326573501,-0.41560435,-0.09403205,0.9046718,-0.88938046,-0.16626644,-0.42586133,0.19046116,-0.9815872,-0.014529228
1356326573537,-0.4254341,-0.04129836,0.90404665,-0.8889588,-0.16811979,-0.42601395,0.1695818,-0.9849011,0.034811378
1356326573580,-0.4382146,0.004383266,0.8988596,-0.88584787,-0.17170703,-0.4310338,0.15245119,-0.98513824,0.07912749
1356326573618,-0.46206862,0.03586474,0.88611865,-0.87540793,-0.17839116,-0.44926333,0.141963,-0.9833058,0.1138252
1356326573653,-0.49485332,0.049404413,0.867571,-0.8573314,-0.1906566,-0.4781557,0.14178517,-0.9804127,0.13670301
1356326573701,-0.5409883,0.0413014,0.8400154,-0.8270062,-0.20775968,-0.5223951,0.15294567,-0.9773076,0.14655203
1356326573737,-0.59850717,0.012589902,0.8010186,-0.78232217,-0.22450107,-0.5810089,0.17251468,-0.97439253,0.14421481
1356326573777,-0.6608956,-0.030844092,0.7498437,-0.72469413,-0.2334212,-0.6483308,0.19502658,-0.9718864,0.1319145
1356326573818,-0.7198469,-0.07734352,0.68981034,-0.6604739,-0.22938466,-0.71495235,0.21352887,-0.970258,0.11403853
1356326573857,-0.7690188,-0.1172013,0.6283898,-0.5985352,-0.21311021,-0.77223027,0.2244227,-0.9699731,0.09373671
1356326573897,-0.8062988,-0.14611918,0.5731765,-0.5457264,-0.19003713,-0.81613016,0.22817709,-0.97084236,0.07348567
1356326573940,-0.8313477,-0.16390923,0.5310317,-0.5078018,-0.1642353,-0.84567374,0.2258279,-0.9727078,0.0533033
1356326573977,-0.8438315,-0.17277513,0.5080328,-0.48922163,-0.14129317,-0.8606384,0.22047848,-0.97477436,0.03470224
1356326574019,-0.8447386,-0.17550965,0.5055819,-0.49105257,-0.12144816,-0.86262256,0.21280058,-0.97695786,0.01640749
1356326574059,-0.82932925,-0.17426878,0.53088933,-0.51982635,-0.107821286,-0.84744036,0.20492353,-0.9787773,-0.001170218
1356326574098,-0.7994947,-0.1740241,0.574912,-0.5669012,-0.09780359,-0.81795937,0.1985731,-0.9798725,-0.020461023
1356326574138,-0.7529651,-0.18181106,0.6324463,-0.62777305,-0.08975726,-0.77320415,0.19734375,-0.97922844,-0.046552002
1356326574176,-0.69803846,-0.20765041,0.6852909,-0.68584806,-0.081175804,-0.72320324,0.20580252,-0.97482914,-0.085752726
1356326574218,-0.6451129,-0.2539604,0.72064793,-0.73002553,-0.07360101,-0.679445,0.22559257,-0.9644102,-0.13791656
1356326574262,-0.5950121,-0.30763224,0.7425112,-0.763371,-0.07271421,-0.64185464,0.2514463,-0.94872284,-0.19157165
1356326574299,-0.5378592,-0.3475749,0.768049,-0.797327,-0.08618134,-0.59736305,0.27381983,-0.93368334,-0.23077744
1356326574348,-0.4568444,-0.35319495,0.816423,-0.8423666,-0.12316102,-0.52464265,0.2858526,-0.92740756,-0.24125421
1356326574389,-0.3399505,-0.32108545,0.8839332,-0.8953402,-0.17708707,-0.40866375,0.28774908,-0.93034637,-0.22727996
1356326574428,-0.20005304,-0.25934252,0.9448387,-0.93815327,-0.22741312,-0.26105866,0.28257233,-0.93862915,-0.19780838
1356326574466,-0.043622553,-0.17182392,0.9841614,-0.9617948,-0.25927722,-0.087898105,0.27027366,-0.9503956,-0.15394905
1356326574505,0.108736336,-0.07591957,0.9911673,-0.96148425,-0.26123327,0.0854705,0.25243703,-0.96228546,-0.10140097
1356326574546,0.23872092,0.011254013,0.97102296,-0.9432487,-0.23502526,0.23461673,0.23085532,-0.97192407,-0.045490116
1356326574589,0.33886284,0.08028406,0.9374041,-0.9177008,-0.19138825,0.3481318,0.20735759,-0.97822547,0.008822396
1356326574627,0.41078103,0.12965906,0.90246737,-0.89292777,-0.14279372,0.4269542,0.18422517,-0.9812229,0.05711922
1356326574665,0.4597218,0.16223285,0.87311876,-0.87250805,-0.10069734,0.47811064,0.16548595,-0.981601,0.09525664
1356326574708,0.49138176,0.18256748,0.85159445,-0.8568897,-0.0736078,0.5102175,0.15583313,-0.9804341,0.120270625
1356326574748,0.5094787,0.1938538,0.8383628,-0.8455513,-0.067931086,0.52955484,0.15960708,-0.9786757,0.12930387
1356326574787,0.5158274,0.19865635,0.83334124,-0.8392545,-0.07808742,0.5381025,0.17197093,-0.9769535,0.1264436
1356326574831,0.5102147,0.19617152,0.8373755,-0.8385557,-0.1028299,0.5350237,0.19106367,-0.975163,0.11203547
1356326574867,0.49366924,0.18781254,0.8491273,-0.84430504,-0.13049886,0.51972985,0.20842183,-0.97349715,0.09414774
1356326574906,0.4648032,0.17185545,0.8685757,-0.85752916,-0.15687838,0.48993158,0.22045815,-0.97255075,0.07445346
1356326574949,0.4268926,0.14872566,0.89198846,-0.8758638,-0.1774225,0.44875816,0.22500068,-0.97283196,0.054523066
1356326574986,0.38965702,0.121528596,0.9129064,-0.8937757,-0.189161,0.406673,0.22210869,-0.97439665,0.03491144
1356326575028,0.36702114,0.09506458,0.92534226,-0.9054546,-0.19146824,0.37880343,0.21318442,-0.9768842,0.01580374
1356326575066,0.36868763,0.0729458,0.92668676,-0.90769076,-0.18668908,0.37582555,0.20041716,-0.97970724,-0.0026177764
1356326575107,0.39005217,0.054112792,0.9192014,-0.90172976,-0.17963001,0.39321306,0.186394,-0.98224485,-0.021269962
1356326575148,0.419137,0.03476879,0.9072571,-0.89098454,-0.1763696,0.41837844,0.17455903,-0.9837098,-0.04294461
1356326575188,0.4424148,0.009553194,0.8967596,-0.8807365,-0.18384418,0.43646818,0.16903377,-0.9829089,-0.072921515
1356326575245,0.46322736,-0.019693315,0.88602066,-0.86945784,-0.20373371,0.45003965,0.17164946,-0.9788283,-0.11149755
1356326575267,0.48112026,-0.050567657,0.8751949,-0.85751617,-0.23461244,0.45784608,0.18217942,-0.97077286,-0.15623939
1356326575303,0.51045734,-0.07103768,0.85696375,-0.83766055,-0.26627904,0.47688606,0.1943146,-0.96127474,-0.19542956
1356326575341,0.5553576,-0.07149553,0.8285327,-0.8066145,-0.28874815,0.5157495,0.20236349,-0.9547319,-0.21802782
1356326575383,0.6109857,-0.05073893,0.7900139,-0.76481175,-0.29543835,0.5725201,0.20435134,-0.9540135,-0.21931435
1356326575428,0.6667416,-0.015075415,0.7451364,-0.71772325,-0.28238595,0.63649935,0.20082054,-0.9591823,-0.19909844
1356326575468,0.7143871,0.026278675,0.69925714,-0.67247814,-0.25048286,0.6964421,0.19345349,-0.9677644,-0.1612699
1356326575506,0.7507444,0.06634495,0.6572528,-0.6342106,-0.20598234,0.74521697,0.18482383,-0.97630405,-0.112563424
1356326575547,0.77732027,0.103395194,0.62055033,-0.603474,-0.15614083,0.7819458,0.17774266,-0.98230827,-0.058975123
1356326575588,0.795709,0.136544,0.59008723,-0.5800357,-0.10869527,0.80730665,0.17437257,-0.98465276,-0.0072894096
1356326575641,0.80786026,0.16611461,0.5654801,-0.562605,-0.0685208,0.82388145,0.17560586,-0.983723,0.038101677
1356326575667,0.8147269,0.19202411,0.54712594,-0.5507678,-0.038771197,0.83375746,0.1813143,-0.980624,0.074172765
1356326575709,0.81780297,0.21552524,0.533617,-0.54243743,-0.021072567,0.8398318,0.19224969,-0.9762708,0.099675775
1356326575746,0.8166649,0.23614042,0.52658916,-0.53885853,-0.014663711,0.84226865,0.20661542,-0.97160834,0.11527094
1356326575792,0.8124883,0.2538718,0.524797,-0.53792965,-0.02050671,0.84274024,0.22470985,-0.96702045,0.11990371
1356326575828,0.80099475,0.2658102,0.5364255,-0.5478216,-0.035944328,0.83582264,0.24145165,-0.963355,0.11682534
1356326575867,0.7782056,0.26852202,0.56770766,-0.57434577,-0.061327174,0.8163123,0.25401378,-0.9613193,0.106499344
1356326575908,0.7297155,0.25737184,0.63346267,-0.63270104,-0.097090825,0.7682856,0.25923854,-0.9614224,0.09199077
1356326575947,0.63093513,0.22681135,0.7419417,-0.73213917,-0.14234817,0.66611505,0.25669646,-0.96348,0.07624502
1356326575988,0.45147833,0.17044982,0.87585056,-0.85725737,-0.18945798,0.47876453,0.24754214,-0.9669812,0.06058316
1356326576027,0.20120364,0.094296336,0.97500014,-0.95122564,-0.21881688,0.21746016,0.23385215,-0.9711989,0.04567033
1356326576068,-0.036031604,0.024094105,0.99906015,-0.9754069,-0.218373,-0.029912025,0.21744701,-0.97556794,0.031369865
1356326576108,-0.19580191,-0.022575289,0.98038363,-0.95990026,-0.20012558,-0.19631925,0.20063177,-0.9795102,0.017514884
1356326576150,-0.2891783,-0.052254826,0.955848,-0.9393165,-0.17701513,-0.2938541,0.18455485,-0.9828199,0.0021051168
1356326576187,-0.3449319,-0.0764384,0.93551016,-0.92268515,-0.15530276,-0.35289267,0.17226186,-0.98490524,-0.016959727
1356326576229,-0.404751,-0.114168614,0.90727186,-0.8984424,-0.13505173,-0.4178065,0.17022899,-0.9842391,-0.047911584
1356326576267,-0.47036254,-0.16601267,0.8667172,-0.8637711,-0.11451781,-0.49069864,0.18071675,-0.9794516,-0.08953202
1356326576307,-0.5446242,-0.23162451,0.8060612,-0.8132757,-0.088906705,-0.57504636,0.20485908,-0.9687341,-0.13995379
1356326576349,-0.60837936,-0.29266143,0.73771536,-0.7587632,-0.05806744,-0.6487732,0.2327081,-0.95445144,-0.18673372
1356326576386,-0.6513714,-0.33324534,0.68166184,-0.7148177,-0.03177637,-0.69858855,0.25446206,-0.94230455,-0.21751142
1356326576428,-0.6776102,-0.34937388,0.6471338,-0.6852198,-0.019601583,-0.7280724,0.26705438,-0.9367783,-0.22611564
1356326576466,-0.6949066,-0.34408543,0.63143486,-0.66585994,-0.023688436,-0.74570054,0.27154237,-0.93863946,-0.21265149
1356326576507,-0.71008307,-0.32283974,0.6257448,-0.6504647,-0.03949082,-0.75850916,0.26958808,-0.94562936,-0.18195409
1356326576547,-0.727068,-0.29118317,0.6217592,-0.6343556,-0.061484456,-0.77059245,0.2626121,-0.9546895,-0.1400103
1356326576591,-0.7469976,-0.2525807,0.6149778,-0.6154459,-0.087123394,-0.78334916,0.25143778,-0.96364546,-0.09036887
1356326576641,-0.77696776,-0.2172759,0.59085727,-0.58242655,-0.108160615,-0.80565536,0.23895699,-0.9700992,-0.042509913
1356326576671,-0.80873847,-0.18580717,0.5580482,-0.54320604,-0.12787163,-0.82980484,0.22554223,-0.97423023,0.0024831295
1356326576707,-0.8479188,-0.164933,0.5038163,-0.48515776,-0.14162803,-0.86288095,0.21367203,-0.9760833,0.040070474
1356326576749,-0.88575155,-0.15568693,0.437271,-0.41605854,-0.15132022,-0.89665914,0.20576602,-0.9761474,0.0692572
1356326576788,-0.9225348,-0.16031122,0.3510409,-0.32793796,-0.15386218,-0.9320853,0.20343567,-0.97500086,0.089371145
1356326576826,-0.9499499,-0.17709272,0.25735813,-0.23279016,-0.14810991,-0.96118265,0.20833576,-0.9729859,0.09947163
1356326576870,-0.9664549,-0.20084235,0.16008489,-0.13526148,-0.13184023,-0.9819992,0.21833266,-0.9707113,0.100251496
1356326576908,-0.97224665,-0.22280207,0.07138333,-0.048223853,-0.107714355,-0.9930116,0.22893405,-0.9688946,0.09398061
1356326576947,-0.97166973,-0.23634171,-7.6504797E-4,0.020540237,-0.08122134,-0.9964844,0.23544869,-0.96826947,0.083774745
1356326576987,-0.96903855,-0.24060068,-0.05545664,0.07110274,-0.056836486,-0.9958483,0.23644984,-0.9689586,0.072184145
1356326577027,-0.9669677,-0.23717716,-0.09338402,0.10478381,-0.0358935,-0.9938471,0.23236594,-0.9708031,0.05956012
1356326577068,-0.9662796,-0.22931038,-0.11713427,0.12480812,-0.019200683,-0.9919951,0.22522572,-0.97316396,0.047173023
1356326577110,-0.96808225,-0.2172529,-0.12497176,0.1295072,-0.006707132,-0.99155575,0.21458016,-0.9760923,0.034628868
1356326577147,-0.9723038,-0.20352536,-0.11490315,0.11714867,0.0010210872,-0.9931139,0.20224118,-0.9790691,0.022849917
1356326577188,-0.97830665,-0.1883073,-0.08635007,0.086870834,0.0055016875,-0.9962044,0.18806763,-0.98209476,0.010976136
1356326577226,-0.98400867,-0.1746633,-0.034922957,0.033990227,0.0083296895,-0.99938744,0.1748472,-0.984593,-0.0022596717
1356326577266,-0.98530316,-0.167898,0.031431437,-0.034541823,0.015636444,-0.999281,0.1672858,-0.9856804,-0.02120614
1356326577311,-0.9793305,-0.17747854,0.09702183,-0.10475357,0.034703314,-0.9938925,0.17302762,-0.9835126,-0.052577496
1356326577347,-0.9674042,-0.20670596,0.14629368,-0.16262451,0.064264715,-0.984593,0.1941197,-0.9762903,-0.09578538
1356326577389,-0.9541875,-0.25209343,0.1611679,-0.1922216,0.10368514,-0.9758587,0.22929685,-0.9621321,-0.14739287
1356326577427,-0.9406503,-0.29775304,0.16285016,-0.2115738,0.13930482,-0.96738344,0.26535556,-0.94442433,-0.19403386
1356326577467,-0.9274811,-0.33220336,0.17152193,-0.2341107,0.158351,-0.9592274,0.2914979,-0.92982036,-0.2246399
1356326577507,-0.9145784,-0.3514792,0.20002218,-0.26689044,0.15298092,-0.9515074,0.30383548,-0.92361206,-0.23371953
1356326577548,-0.9001321,-0.35421667,0.25356027,-0.31307545,0.12130511,-0.9419495,0.30289605,-0.9272624,-0.22008723
1356326577587,-0.8818844,-0.34173912,0.324799,-0.3695184,0.07315016,-0.9263397,0.2928074,-0.9369437,-0.19078892
1356326577642,-0.8548652,-0.31214538,0.4144524,-0.4399642,0.012694955,-0.89792556,0.27502188,-0.94994956,-0.14818525
1356326577668,-0.81864345,-0.26828104,0.5077875,-0.5153059,-0.04720658,-0.85570514,0.2535404,-0.96218336,-0.09960145
1356326577707,-0.7734638,-0.2136101,0.5967616,-0.5903212,-0.10008007,-0.8009399,0.2308128,-0.9717791,-0.0486902
1356326577747,-0.72753143,-0.15579985,0.66814995,-0.65330756,-0.14004862,-0.7440266,0.20949271,-0.9778102,1.0454655E-4
1356326577786,-0.6923158,-0.103705496,0.7141037,-0.6956179,-0.16722292,-0.6986789,0.19187132,-0.98044974,0.043631613
1356326577828,-0.6834659,-0.06714529,0.7268878,-0.70731765,-0.18528777,-0.6821805,0.18048865,-0.9803877,0.079144835
1356326577866,-0.7144429,-0.054773062,0.6975465,-0.67692137,-0.19816303,-0.7088785,0.17705536,-0.97863746,0.10449916
1356326577909,-0.78783494,-0.07318121,0.61152303,-0.58830565,-0.2043863,-0.78238267,0.18224269,-0.97615093,0.11796987
1356326577948,-0.8809025,-0.11859903,0.45819762,-0.43193975,-0.1943239,-0.8807192,0.19349119,-0.97374153,0.1199528
1356326577991,-0.9491891,-0.17290823,0.26295015,-0.23633374,-0.16010553,-0.9583906,0.2078134,-0.9718379,0.111106396
1356326578027,-0.9737498,-0.21135771,0.084494546,-0.06135893,-0.11373055,-0.99161506,0.21919511,-0.9707694,0.09777635
1356326578071,-0.9728532,-0.22813436,-0.038876638,0.056316495,-0.07043862,-0.99592507,0.22446634,-0.9710783,0.08137417
1356326578118,-0.96693546,-0.22831316,-0.113617204,0.12501858,-0.0360626,-0.99149877,0.22227487,-0.97291964,0.06341368
1356326578157,-0.9623978,-0.22122796,-0.15763487,0.16417916,-0.0113918185,-0.9863647,0.21641572,-0.9751556,0.047284424
1356326578197,-0.9621562,-0.2105098,-0.17303501,0.17603144,0.004567027,-0.984374,0.20801063,-0.9775811,0.032662153
1356326578237,-0.9670442,-0.19849133,-0.15945806,0.16005939,0.013118029,-0.9870202,0.19800673,-0.98001486,0.019084632
1356326578277,-0.9760611,-0.1868621,-0.11129892,0.1104344,0.015063107,-0.9937693,0.18737432,-0.9822707,0.0059334636
1356326578316,-0.98381644,-0.17804615,-0.020118944,0.018324569,0.011717021,-0.9997635,0.17823976,-0.9839524,-0.00826478
1356326578360,-0.9785491,-0.17744014,0.10467438,-0.10815587,0.010035932,-0.9940833,0.17533979,-0.98408043,-0.029011905
1356326578396,-0.9511731,-0.19204488,0.24163724,-0.24858245,0.012560487,-0.9685293,0.18296601,-0.9813058,-0.059686244
1356326578438,-0.9230793,-0.22998239,0.3082736,-0.32397336,0.032972276,-0.94549143,0.20728193,-0.9726361,-0.10494423
1356326578489,-0.90812534,-0.28214145,0.30936167,-0.34026748,0.06676829,-0.93795526,0.2439805,-0.9570466,-0.15663761
1356326578526,-0.8852519,-0.32550666,0.3322267,-0.3762717,0.08132601,-0.9229333,0.27340227,-0.94203585,-0.19447291
1356326578568,-0.8487527,-0.35200596,0.3946021,-0.44291508,0.065588236,-0.8941613,0.2888688,-0.9336969,-0.211577
1356326578643,-0.78781575,-0.35752642,0.5015188,-0.54273576,0.018027902,-0.83971,0.2911772,-0.93372893,-0.20824498
1356326578647,-0.6798072,-0.3321191,0.65388,-0.6769289,-0.05890256,-0.7336878,0.28218696,-0.94139653,-0.18477863
1356326578707,-0.50988656,-0.26589435,0.81811726,-0.8185455,-0.14253306,-0.5564778,0.2645731,-0.9534068,-0.14497095
1356326578722,-0.33850467,-0.183662,0.92286664,-0.9085943,-0.19123715,-0.37132826,0.24468535,-0.96420777,-0.10213953
1356326578762,-0.16248912,-0.09276694,0.98233986,-0.96141535,-0.20909417,-0.17877373,0.22198585,-0.97348535,-0.05521208
1356326578802,-0.030335903,-0.015331328,0.9994222,-0.97949904,-0.19876403,-0.03278023,0.19915172,-0.9799275,-0.008987367
1356326578843,0.048021197,0.041290194,0.9979926,-0.98269,-0.17702633,0.05460897,0.17892581,-0.98333967,0.03207448
1356326578887,0.07945603,0.07944676,0.99366736,-0.98330116,-0.15747416,0.09121761,0.16372392,-0.9843221,0.065607846
1356326578937,0.04698217,0.09720865,0.99415445,-0.9863231,-0.1528948,0.06156212,0.15798545,-0.9834499,0.088695824
1356326578981,-0.09752309,0.08613238,0.99149907,-0.98202705,-0.17008507,-0.08181602,0.16159222,-0.9816579,0.10117152
1356326579017,-0.42961407,0.018615514,0.9028206,-0.8860266,-0.20169455,-0.41746378,0.1743227,-0.97927153,0.103144705
1356326579058,-0.88289374,-0.12814827,0.45174846,-0.4287991,-0.17208749,-0.88685805,0.19138959,-0.97671074,0.0969851
1356326579099,-0.9742691,-0.21337663,-0.07259663,0.08888276,-0.06773865,-0.9937361,0.20712245,-0.97461885,0.08496112
1356326579139,-0.923507,-0.22788697,-0.30854878,0.3168366,2.2619963E-4,-0.9484801,0.21621606,-0.9736875,0.071994126
1356326579178,-0.89270383,-0.22188383,-0.39223397,0.39530575,0.032324195,-0.9179807,0.21636374,-0.97453713,0.05885595
1356326579229,-0.88687825,-0.20876867,-0.412144,0.4122911,0.044911742,-0.90994453,0.20847799,-0.97693324,0.046242237
1356326579267,-0.8960881,-0.19512466,-0.3986881,0.39748427,0.047035933,-0.91640264,0.1975654,-0.97964984,0.03541076
1356326579307,-0.9194789,-0.18231282,-0.34831125,0.34694192,0.04041034,-0.93701565,0.18490537,-0.98240983,0.02609545
1356326579347,-0.955991,-0.17062195,-0.2386829,0.23817496,0.023746967,-0.970932,0.1713303,-0.98505044,0.017935872
