1356326924874,0.91905004,-0.29542285,-0.26090682,0.2725975,-0.0016744137,0.9621267,-0.28467107,-0.9553651,0.078992665
1356326924915,-0.62097377,0.24654149,0.7440491,-0.7303127,0.16275942,-0.6634401,-0.28466654,-0.9553673,0.07898301
1356326924954,-0.62107563,0.2465185,0.74397147,-0.7302378,0.1627261,-0.6635307,-0.28463614,-0.9553789,0.078951895
1356326925012,-0.6214343,0.2465439,0.74366367,-0.7299841,0.16248131,-0.6638698,-0.28450453,-0.955414,0.079001606
1356326925041,-0.6229964,0.2469391,0.7422242,-0.72875726,0.16155434,-0.6654421,-0.28423324,-0.95546913,0.079310834
1356326925082,-0.6264757,0.24782261,0.738994,-0.7259619,0.15961719,-0.6689557,-0.2837385,-0.9555659,0.0799135
1356326925126,-0.63287103,0.24920605,0.7330557,-0.72072387,0.15632194,-0.675367,-0.28289828,-0.95575094,0.08067709
1356326925175,-0.64312416,0.25115812,0.7234024,-0.71207166,0.15135312,-0.6855992,-0.281683,-0.95603967,0.08150369
1356326925217,-0.65738046,0.2540347,0.70944846,-0.69937015,0.1448847,-0.69992125,-0.2805925,-0.95628166,0.08241999
1356326925268,-0.6710426,0.25753543,0.69525343,-0.68647075,0.13845885,-0.71385366,-0.2801066,-0.95629734,0.083878696
1356326925308,-0.6856787,0.26161742,0.679265,-0.67178524,0.13186234,-0.72891486,-0.28026628,-0.9561217,0.08533555
1356326925351,-0.69649374,0.26576138,0.6665338,-0.66000295,0.12725186,-0.7404074,-0.28158933,-0.9556034,0.08677316
1356326925388,-0.7047156,0.26980004,0.65618896,-0.65030503,0.124180734,-0.74945486,-0.28368902,-0.95487547,0.08794016
1356326925429,-0.70974857,0.2738689,0.64903986,-0.6434208,0.12310511,-0.7555494,-0.2868216,-0.9538558,0.08883929
1356326925465,-0.7123768,0.27761173,0.644555,-0.6389633,0.12328112,-0.7592942,-0.29025042,-0.9527505,0.089561045
1356326925507,-0.71299505,0.28099686,0.64240086,-0.63667053,0.124376655,-0.76103944,-0.2937494,-0.95161504,0.09022248
1356326925548,-0.7122548,0.2838242,0.64197874,-0.6360565,0.12582868,-0.76131415,-0.2968587,-0.95058453,0.09090626
1356326925587,-0.7109888,0.28590077,0.64246064,-0.636364,0.12717098,-0.7608341,-0.2992254,-0.9497833,0.09151983
1356326925625,-0.7097778,0.28730685,0.643172,-0.63691205,0.12830669,-0.76018447,-0.3009295,-0.94920605,0.0919199
1356326925668,-0.7086171,0.2882806,0.6440155,-0.6375309,0.12952077,-0.75945944,-0.30235076,-0.9487458,0.09200728
1356326925706,-0.7074542,0.28900456,0.64496887,-0.6381017,0.13116825,-0.758697,-0.3038663,-0.9482991,0.09161878
1356326925749,-0.70654577,0.28937778,0.64579684,-0.6382952,0.1334492,-0.7581362,-0.3055688,-0.947867,0.090420544
1356326925787,-0.7065948,0.28901064,0.64590746,-0.63744533,0.13633049,-0.7583386,-0.30722475,-0.9475689,0.087898135
1356326925827,-0.708362,0.2874726,0.64465714,-0.6349012,0.13957244,-0.75988156,-0.30842152,-0.9475648,0.08364886
1356326925868,-0.7132805,0.2838797,0.6408146,-0.6291859,0.14347816,-0.76389736,-0.3087979,-0.9480645,0.076272905
1356326925921,-0.7206381,0.27839696,0.63496137,-0.62102026,0.147982,-0.76969814,-0.30824453,-0.9489976,0.066248596
1356326925948,-0.7314999,0.26999795,0.6261062,-0.6092851,0.15335745,-0.7779802,-0.30607104,-0.9505696,0.05232483
1356326925986,-0.74357855,0.25904533,0.6164305,-0.59654343,0.1594283,-0.7865867,-0.3020381,-0.9526165,0.035984218
1356326926027,-0.7560359,0.24536851,0.60679823,-0.583912,0.16602987,-0.7946577,-0.29573065,-0.9551065,0.017749012
1356326926066,-0.7667947,0.22905564,0.59963274,-0.57397693,0.17352927,-0.8002737,-0.28736106,-0.95782095,-0.0015887022
1356326926108,-0.7746001,0.21012104,0.5965265,-0.56840605,0.18229806,-0.80229795,-0.2773253,-0.9605293,-0.021773994
1356326926147,-0.77876586,0.18840137,0.598355,-0.56813145,0.19261765,-0.80007815,-0.26598954,-0.9630178,-0.04296738
1356326926186,-0.77780116,0.1641923,0.60668457,-0.57482445,0.20451957,-0.7923058,-0.25416937,-0.9649936,-0.06469375
1356326926226,-0.77283597,0.13735104,0.61956376,-0.5866802,0.21755826,-0.7800479,-0.24193162,-0.9663348,-0.087555766
1356326926267,-0.7632933,0.107439905,0.6370557,-0.6040251,0.23116428,-0.76270354,-0.2292093,-0.96696424,-0.111549735
1356326926307,-0.7515803,0.073797256,0.65550065,-0.62363327,0.2443381,-0.74254996,-0.21496192,-0.9668779,-0.13761723
1356326926347,-0.7371519,0.036480397,0.67474157,-0.6457597,0.25603825,-0.7193323,-0.19900118,-0.9659781,-0.16518152
1356326926387,-0.7262015,-0.004471034,0.68746734,-0.6635009,0.26636946,-0.69915235,-0.17999437,-0.96386063,-0.1964044
1356326926426,-0.7160028,-0.047510922,0.6964788,-0.67959917,0.27558684,-0.6798506,-0.15964001,-0.96010137,-0.22960937
1356326926468,-0.71061647,-0.0898633,0.6978172,-0.68970716,0.28495264,-0.66566217,-0.13902622,-0.95431995,-0.2644714
1356326926507,-0.70444757,-0.12766173,0.69818056,-0.6992127,0.29374808,-0.6517774,-0.12188217,-0.9473196,-0.29619288
1356326926547,-0.69013387,-0.15577668,0.7067169,-0.7148268,0.29903656,-0.63213897,-0.11286169,-0.9414407,-0.31772864
1356326926586,-0.6621832,-0.17069164,0.7296422,-0.74050033,0.29819518,-0.6022781,-0.11477196,-0.93911874,-0.32385707
1356326926628,-0.6201965,-0.17206076,0.76534396,-0.774333,0.2904418,-0.56218505,-0.1255579,-0.9412962,-0.3133633
1356326926674,-0.55245525,-0.15494636,0.8190145,-0.820927,0.2714424,-0.5023922,-0.1444714,-0.94990027,-0.2771594
1356326926717,-0.4889592,-0.12784147,0.86288786,-0.8573109,0.25305927,-0.44830686,-0.16104957,-0.9589669,-0.2333355
1356326926759,-0.42145997,-0.09247425,0.90211976,-0.88996243,0.23324746,-0.3918705,-0.1741792,-0.9680104,-0.18060303
1356326926803,-0.3547755,-0.049210727,0.93365556,-0.91675353,0.21437788,-0.33705363,-0.18356842,-0.97551036,-0.1211701
1356326926844,-0.30539834,-0.004302174,0.95221496,-0.93319,0.20029712,-0.29839158,-0.18944216,-0.9797257,-0.06518519
1356326926918,-0.25765806,0.042130828,0.96531725,-0.94693077,0.18769962,-0.2609425,-0.1921834,-0.9813225,-0.008467317
1356326926932,-0.23678064,0.08571309,0.96777487,-0.95202905,0.17827094,-0.2487171,-0.19384441,-0.9802412,0.039390206
1356326926976,-0.22832185,0.12327346,0.9657498,-0.9536489,0.17139727,-0.24733907,-0.1960172,-0.97745925,0.078425884
1356326927014,-0.23952037,0.15465552,0.9584944,-0.9504176,0.1643228,-0.26401597,-0.19833395,-0.9742072,0.1076287
1356326927054,-0.2683435,0.17758098,0.94681394,-0.9425683,0.15452182,-0.29612172,-0.19888899,-0.97189915,0.12591726
1356326927104,-0.3306213,0.18787116,0.9248752,-0.9241535,0.1342873,-0.35764128,-0.1913895,-0.9729704,0.12922347
1356326927144,-0.42329943,0.18892291,0.88607323,-0.8883555,0.10547316,-0.44687808,-0.17788246,-0.9763112,0.123183966
1356326927193,-0.5342198,0.17476767,0.82708246,-0.830489,0.074118495,-0.5520819,-0.15778816,-0.981816,0.10554713
1356326927235,-0.6371696,0.15731311,0.7544981,-0.7573937,0.053477168,-0.6507649,-0.14272228,-0.9860998,0.08507395
1356326927277,-0.70992064,0.1441162,0.68937874,-0.69078636,0.048214138,-0.72144955,-0.13721037,-0.9883855,0.06532532
1356326927315,-0.7521546,0.13822079,0.6443279,-0.6436006,0.05597025,-0.7633122,-0.14156881,-0.98881865,0.046860754
1356326927357,-0.7703292,0.13751327,0.622642,-0.61927915,0.07133597,-0.7819236,-0.15194164,-0.98792773,0.030206919
1356326927396,-0.76950246,0.13866606,0.623408,-0.61683047,0.091569304,-0.7817514,-0.1654874,-0.98609674,0.015070736
1356326927436,-0.75079364,0.13809785,0.64593947,-0.63557374,0.11526221,-0.76338756,-0.17987463,-0.9836887,0.0012332201
1356326927477,-0.7144439,0.13282079,0.68697053,-0.6722374,0.14203513,-0.72658306,-0.19407928,-0.9809101,-0.012189031
1356326927516,-0.6590046,0.119075745,0.74265325,-0.72324836,0.17070806,-0.66915655,-0.20645723,-0.97810006,-0.026376069
1356326927562,-0.5987854,0.092512935,0.79554844,-0.771822,0.19861126,-0.6040234,-0.21388483,-0.9757022,-0.04752195
1356326927596,-0.5270151,0.050092608,0.8483784,-0.8223443,0.2218849,-0.5239438,-0.21448812,-0.9737853,-0.07574338
1356326927636,-0.48559684,-0.006704241,0.8741572,-0.8506607,0.23403239,-0.4707496,-0.20142508,-0.97220564,-0.11934847
1356326927676,-0.46306914,-0.074133575,0.8832164,-0.8686682,0.23585874,-0.4356446,-0.17601839,-0.9689555,-0.17361641
1356326927716,-0.44224408,-0.13791698,0.8862275,-0.8846856,0.22956207,-0.40574956,-0.14748445,-0.96347296,-0.2235356
1356326927756,-0.40527382,-0.18423718,0.8954383,-0.90540713,0.21637604,-0.36526614,-0.12645578,-0.958769,-0.25450122
1356326927808,-0.3335107,-0.20119363,0.92102754,-0.9350874,0.19487548,-0.29603234,-0.11992586,-0.9599712,-0.25312668
1356326927855,-0.24497503,-0.19501176,0.94971454,-0.9617989,0.17233485,-0.21270534,-0.12218884,-0.96554184,-0.22977984
1356326927907,-0.15663663,-0.17264667,0.9724495,-0.97931623,0.15483442,-0.13025373,-0.12808079,-0.9727381,-0.19332844
1356326927922,-0.06757063,-0.13607708,0.9883912,-0.9884238,0.14400905,-0.04774636,-0.13584012,-0.9801757,-0.14423263
1356326927960,0.004252702,-0.093705475,0.9955909,-0.98969346,0.14211598,0.017603546,-0.14313892,-0.98540473,-0.09213531
1356326928000,0.061845273,-0.048990518,0.9968827,-0.98684764,0.14645985,0.06842032,-0.14935526,-0.9880028,-0.039288342
1356326928049,0.10432291,-0.00287804,0.99453926,-0.98248947,0.15492135,0.10350728,-0.15437326,-0.98792267,0.013334215
1356326928080,0.11671853,0.039216697,0.9923905,-0.9805073,0.16357118,0.108857006,-0.15805748,-0.98575175,0.057544053
1356326928121,0.115020454,0.07481146,0.99054205,-0.9804239,0.16897017,0.101083994,-0.15980986,-0.98277783,0.09278193
1356326928160,0.08872196,0.103924155,0.99062,-0.983547,0.16626611,0.07064575,-0.1573647,-0.9805892,0.11696583
1356326928203,0.03224373,0.12438467,0.99171,-0.9885781,0.1501202,0.013313085,-0.14721972,-0.9808121,0.12780449
1356326928244,-0.058582306,0.1362691,0.9889383,-0.98953867,0.122902334,-0.075553,-0.13183838,-0.9830187,0.12764364
1356326928295,-0.193618,0.13228625,0.97211754,-0.97471696,0.086705565,-0.20593464,-0.111530334,-0.9874121,0.11215383
1356326928334,-0.34920192,0.12347004,0.92887723,-0.931847,0.058533907,-0.35809895,-0.09858522,-0.9906204,0.0946151
1356326928375,-0.48224735,0.113488376,0.8686528,-0.87078524,0.04629296,-0.48947933,-0.0957627,-0.99246025,0.0764994
1356326928414,-0.5781511,0.106800795,0.80890965,-0.80966645,0.04750681,-0.58496433,-0.10090339,-0.9931448,0.05900693
1356326928457,-0.63789225,0.10352871,0.7631352,-0.7622256,0.056697726,-0.6448237,-0.11002576,-0.9930092,0.042745233
1356326928496,-0.6674314,0.101765126,0.737685,-0.7348231,0.070571244,-0.6745775,-0.12070781,-0.9923022,0.027677894
1356326928537,-0.6699869,0.09945381,0.73568094,-0.73057085,0.08767176,-0.6771852,-0.13184705,-0.9911723,0.013919175
1356326928577,-0.6469884,0.09464124,0.7566036,-0.7489034,0.10767621,-0.65387267,-0.1433515,-0.98967105,0.0012119412
1356326928621,-0.59839785,0.08404687,0.7967787,-0.78623307,0.12971884,-0.604161,-0.15413505,-0.9879824,-0.011543095
1356326928657,-0.54105425,0.06359044,0.83858,-0.82529724,0.15156746,-0.5439777,-0.16169322,-0.98639923,-0.02952516
1356326928695,-0.48620242,0.028582335,0.87337863,-0.8586745,0.1698069,-0.48357385,-0.16212738,-0.9850628,-0.05801761
1356326928747,-0.47911006,-0.02713731,0.8773352,-0.86539674,0.18173671,-0.4669691,-0.14677176,-0.9829726,-0.11055642
1356326928787,-0.47829014,-0.08971682,0.87360716,-0.8693607,0.18916917,-0.45653814,-0.12430039,-0.9778374,-0.16847402
1356326928826,-0.47250515,-0.14100817,0.8699745,-0.87511253,0.19209158,-0.44416097,-0.10448447,-0.9711939,-0.21416229
1356326928869,-0.44872397,-0.17192137,0.8769777,-0.88875425,0.18863934,-0.4177692,-0.093609065,-0.9668807,-0.23744285
1356326928918,-0.40804327,-0.18151441,0.8947364,-0.9083477,0.1791318,-0.37791035,-0.09167957,-0.9669355,-0.23797172
1356326928946,-0.35507488,-0.1720657,0.91886616,-0.92989063,0.16599578,-0.32825094,-0.09604713,-0.9709988,-0.21894318
1356326929005,-0.2930007,-0.14595291,0.9449065,-0.95037866,0.15252775,-0.2711377,-0.10455117,-0.97746253,-0.18340129
1356326929030,-0.2422531,-0.11051637,0.96389806,-0.9634579,0.14443561,-0.22558206,-0.114290684,-0.98332316,-0.14146781
1356326929064,-0.19882575,-0.06981206,0.97754514,-0.97211146,0.14062849,-0.18767753,-0.12436852,-0.98759806,-0.09582561
1356326929100,-0.1730785,-0.02693063,0.9845398,-0.97582525,0.14013323,-0.16771337,-0.13345009,-0.98976636,-0.050533593
1356326929142,-0.16545045,0.015794754,0.9860916,-0.97612506,0.14005929,-0.16602165,-0.14073363,-0.9900171,-0.00775522
1356326929183,-0.18195224,0.056293815,0.9816947,-0.97253704,0.13705748,-0.18811426,-0.1451383,-0.9889622,0.029809892
1356326929224,-0.22839618,0.09202522,0.9692092,-0.9627684,0.12652218,-0.23889157,-0.1446105,-0.9876859,0.0597018
1356326929276,-0.32235217,0.11812699,0.9392204,-0.93725467,0.09939158,-0.3341781,-0.13282606,-0.98801184,0.078675985
1356326929333,-0.50019604,0.1296103,0.8561572,-0.85853773,0.05453247,-0.5098423,-0.11276919,-0.9900644,0.08399844
1356326929384,-0.7070252,0.12089291,0.69677854,-0.700879,0.011532962,-0.713187,-0.09425518,-0.99259853,0.07657713
1356326929425,-0.8490238,0.10653938,0.5175017,-0.52150613,-0.011790454,-0.8531661,-0.08479422,-0.9942386,0.06557125
1356326929464,-0.9164891,0.09736617,0.38803047,-0.3912956,-0.016258419,-0.92012143,-0.08327995,-0.9951159,0.052999556
1356326929506,-0.9435946,0.09582843,0.3169323,-0.3191921,-0.008843839,-0.94764876,-0.08800879,-0.9953586,0.03893274
1356326929544,-0.9494711,0.09864672,0.29794872,-0.29902524,0.004032016,-0.9542367,-0.09533365,-0.9951144,0.025669575
1356326929587,-0.9403177,0.10383679,0.32406893,-0.32362276,0.021587133,-0.9459399,-0.10521909,-0.9943601,0.013305128
1356326929638,-0.90538734,0.109909594,0.41011405,-0.40711397,0.049515247,-0.9120342,-0.12054819,-0.99270743,-8.46982E-5
1356326929676,-0.8058462,0.102853686,0.5831234,-0.5761721,0.09084636,-0.81226385,-0.13651896,-0.9905392,-0.013946712
1356326929720,-0.6616287,0.07628575,0.745941,-0.7343067,0.13546705,-0.6651634,-0.15179288,-0.98784065,-0.033611774
1356326929756,-0.48672712,0.0250355,0.8731953,-0.8584517,0.17135894,-0.48342195,-0.16173255,-0.9848906,-0.061913252
1356326929807,-0.3835402,-0.046057224,0.92237496,-0.91047204,0.18617857,-0.36929423,-0.1547178,-0.98143584,-0.113340795
1356326929846,-0.28315833,-0.1255317,0.95082235,-0.94949293,0.17646977,-0.25946414,-0.13522041,-0.97626853,-0.16916037
1356326929926,-0.18746826,-0.18893933,0.9639282,-0.9758911,0.14748642,-0.16088605,-0.1117686,-0.97085,-0.21203321
1356326929930,-0.073669285,-0.22233158,0.97218394,-0.99290687,0.10757229,-0.050638586,-0.09332156,-0.9690186,-0.22867936
1356326929964,0.03800088,-0.23014787,0.97241336,-0.99577427,0.07269293,0.05611849,-0.083603084,-0.9704368,-0.22641289
1356326930006,0.15143877,-0.21207365,0.9654486,-0.98490167,0.050503254,0.16558388,-0.083874255,-0.97594786,-0.20122355
1356326930046,0.24122512,-0.1815362,0.95333886,-0.9663112,0.04590714,0.25324923,-0.089738935,-0.98231214,-0.16434649
1356326930088,0.31413063,-0.14309072,0.93853456,-0.94413817,0.056654245,0.32464385,-0.09962553,-0.9880868,-0.1173006
1356326930136,0.36848003,-0.100313604,0.9242077,-0.9229656,0.079401776,0.37660313,-0.111162215,-0.99178255,-0.06332806
1356326930176,0.39485717,-0.060860395,0.9167245,-0.9108268,0.10476738,0.39927223,-0.12034267,-0.99263275,-0.014065087
1356326930217,0.40719402,-0.025152236,0.9129952,-0.90470815,0.12601121,0.40696952,-0.12528381,-0.9917098,0.028555602
1356326930268,0.40609592,0.006766498,0.91380537,-0.9053619,0.13879979,0.40131584,-0.124120474,-0.9902973,0.06249219
1356326930296,0.39339936,0.03453067,0.91871905,-0.91217816,0.13938779,0.3853596,-0.11475149,-0.98963565,0.086333215
1356326930337,0.36513337,0.056764692,0.929223,-0.9256785,0.12826005,0.35590532,-0.098979294,-0.9901147,0.0993779
1356326930378,0.31689304,0.070913374,0.9458065,-0.9449919,0.10882133,0.308461,-0.08104989,-0.9915287,0.10149729
1356326930416,0.24663568,0.07699481,0.96604484,-0.9667158,0.089548945,0.23966983,-0.068054974,-0.99300194,0.09651804
1356326930457,0.15734947,0.074554235,0.98472476,-0.9854146,0.077284455,0.15160841,-0.06480086,-0.9942177,0.085627526
1356326930496,0.062092185,0.06804153,0.9957484,-0.99562526,0.07401466,0.057026893,-0.06981978,-0.99493325,0.072339624
1356326930537,-0.024958909,0.059053123,0.9979428,-0.9963749,0.07974166,-0.02963838,-0.081327885,-0.99506485,0.056848764
1356326930576,-0.08809966,0.049627393,0.9948746,-0.99162006,0.09036982,-0.09231937,-0.09448823,-0.994671,0.04124993
1356326930616,-0.12502241,0.038983226,0.9913877,-0.986274,0.103741825,-0.12845686,-0.107856005,-0.99384,0.025478184
1356326930657,-0.13417578,0.025747001,0.990623,-0.9835898,0.118213415,-0.13629568,-0.12061408,-0.9926543,0.009463191
1356326930711,-0.12220976,0.007201433,0.99247813,-0.98359644,0.13279495,-0.12207967,-0.13267526,-0.9911173,-0.009145558
1356326930749,-0.083314,-0.019424856,0.9963341,-0.9865431,0.14275402,-0.07971206,-0.14068234,-0.98956764,-0.031056881
1356326930786,-0.042541683,-0.053481758,0.9976622,-0.9890811,0.14327836,-0.034495085,-0.1410985,-0.9882363,-0.05899304
1356326930835,-0.023316026,-0.10172933,0.9945388,-0.9922041,0.12417477,-0.010559738,-0.12242234,-0.98703176,-0.10383147
1356326930875,1.6239285E-4,-0.15408874,0.988057,-0.9958619,0.089769036,0.0141632855,-0.09087932,-0.98397064,-0.15343654
1356326930921,0.034669846,-0.19256967,0.9806707,-0.997763,0.049450845,0.04498458,-0.057157665,-0.9800365,-0.19042444
1356326930961,0.083382726,-0.20712778,0.974754,-0.995816,0.019379139,0.08930233,-0.037386864,-0.978122,-0.20464528
1356326931000,0.13547218,-0.19921339,0.9705469,-0.9902357,0.0052767396,0.13930348,-0.03287238,-0.97994196,-0.19655329
1356326931043,0.1860713,-0.1723868,0.9672954,-0.98168695,0.008307785,0.19032025,-0.040844828,-0.9849943,-0.16768402
1356326931083,0.22612718,-0.13597289,0.9645609,-0.9725493,0.024296194,0.23142487,-0.054902613,-0.99041456,-0.1267463
1356326931125,0.25585,-0.094967335,0.96204054,-0.9640533,0.04875323,0.2611979,-0.071707845,-0.9942858,-0.079080045
1356326931173,0.27823615,-0.04941529,0.95924073,-0.9562724,0.07948446,0.2814698,-0.090153635,-0.9956105,-0.025138974
1356326931215,0.28309172,-0.0077750385,0.9590614,-0.95331407,0.10732514,0.28226528,-0.10512605,-0.99419355,0.022970766
1356326931255,0.27932155,0.027917683,0.9597917,-0.95337147,0.12704146,0.27375782,-0.114290655,-0.99150443,0.062101334
1356326931295,0.26612306,0.05610603,0.96230483,-0.9571155,0.13395363,0.25687796,-0.11449173,-0.98939806,0.08934817
1356326931344,0.23892051,0.074393004,0.96818525,-0.9656013,0.12357241,0.22878787,-0.10262078,-0.9895431,0.10135794
1356326931387,0.19515762,0.08366984,0.97719646,-0.9769252,0.10474107,0.18613523,-0.08677867,-0.99097353,0.10218024
1356326931424,0.14050224,0.08379322,0.98652816,-0.98737055,0.08552876,0.13335761,-0.0732021,-0.99280584,0.094751954
1356326931466,0.079422146,0.07743719,0.9938288,-0.99455273,0.07367048,0.07373974,-0.0675056,-0.99427164,0.08286649
1356326931506,0.019789845,0.06810513,0.9974818,-0.99732864,0.07150826,0.01490441,-0.070313096,-0.9951122,0.06933838
1356326931545,-0.030940413,0.057809085,0.9978481,-0.99645877,0.07630551,-0.035317987,-0.078182995,-0.9954072,0.055243492
1356326931586,-0.06741154,0.04718879,0.99660873,-0.99388015,0.084434986,-0.07122496,-0.08750966,-0.995311,0.041208148
1356326931625,-0.08787924,0.035939664,0.99548256,-0.9913894,0.09423685,-0.09092012,-0.09707877,-0.99490094,0.027348697
1356326931666,-0.09227157,0.023661464,0.99545264,-0.98998463,0.10509455,-0.09426281,-0.10684702,-0.9941807,0.013727307
1356326931706,-0.083791494,0.009539217,0.9964376,-0.98958004,0.11670184,-0.08433208,-0.11709052,-0.99312115,-3.387928E-4
1356326931746,-0.06601834,-0.007929802,0.99778694,-0.98977655,0.12722063,-0.064477235,-0.12642783,-0.99184275,-0.01624763
1356326931787,-0.05019498,-0.03369987,0.99817073,-0.9901037,0.13282311,-0.045304984,-0.13105336,-0.9905666,-0.04003346
1356326931826,-0.03980699,-0.071949214,0.9966136,-0.9911771,0.12904045,-0.030273914,-0.12642536,-0.9890257,-0.07645118
1356326931867,-0.039461404,-0.1238209,0.9915197,-0.9932468,0.113207966,-0.025392711,-0.10910383,-0.9858257,-0.12745208
1356326931923,-0.039724767,-0.1775009,0.9833186,-0.99559635,0.09065801,-0.023855895,-0.08491129,-0.979936,-0.18032062
1356326931946,-0.033038706,-0.21767285,0.97546244,-0.9974729,0.06860563,-0.018474907,-0.06290075,-0.97360766,-0.21938938
1356326931985,-0.01820755,-0.23543364,0.97171986,-0.9986579,0.05141312,-0.0062556565,-0.048486352,-0.97052956,-0.23605376
1356326932025,3.3786893E-4,-0.23047072,0.9730792,-0.9991141,0.040872246,0.010027409,-0.042082995,-0.97222054,-0.23025274
1356326932065,0.017111659,-0.20695558,0.9782007,-0.99895287,0.03798026,0.025510073,-0.0424318,-0.97761285,-0.20608896
1356326932105,0.027717084,-0.17011684,0.98503405,-0.99844307,0.04300806,0.035521954,-0.048407257,-0.9844849,-0.16865993
1356326932145,0.029410124,-0.12464005,0.9917661,-0.9978352,0.05472678,0.03646794,-0.05882156,-0.99069166,-0.12276071
1356326932185,0.020736754,-0.074594885,0.9969983,-0.9971895,0.07026595,0.025998026,-0.071994394,-0.99473536,-0.07292819
1356326932225,0.0015735626,-0.023021072,0.9997337,-0.9962971,0.085903406,0.0035462677,-0.08596215,-0.9960375,-0.022800684
1356326932265,-0.030163765,0.025927007,0.9992087,-0.99479526,0.096559405,-0.032536,-0.09732655,-0.9949894,0.022879481
1356326932305,-0.075387776,0.06757283,0.9948621,-0.99195874,0.09663206,-0.08173123,-0.101658344,-0.99302375,0.059744596
1356326932346,-0.13616204,0.09694016,0.98593223,-0.9860573,0.08283508,-0.14432395,-0.09566054,-0.99183714,0.08430958
1356326932387,-0.21336794,0.109766394,0.9707859,-0.9737277,0.057017565,-0.22046152,-0.07955104,-0.99232066,0.09471691
1356326932426,-0.30484277,0.10606405,0.94647837,-0.9505546,0.027995825,-0.3092929,-0.0593023,-0.99396515,0.092285335
1356326932467,-0.4012615,0.09176102,0.91135573,-0.91494143,0.0068393946,-0.40352887,-0.04326135,-0.99575764,0.08121151
1356326932505,-0.49100244,0.07556695,0.8678745,-0.8703836,-5.531907E-4,-0.49237388,-0.03672704,-0.9971406,0.06604391
1356326932546,-0.56660366,0.06312278,0.8215691,-0.8230859,0.003347993,-0.567907,-0.038598448,-0.99800014,0.050058484
1356326932585,-0.6252118,0.055173278,0.7785026,-0.7791335,0.013904095,-0.62670386,-0.045401692,-0.99838006,0.034294307
1356326932626,-0.66647637,0.050879598,0.7437879,-0.7435331,0.027538836,-0.6681319,-0.054477304,-0.99832505,0.019476712
1356326932667,-0.6899042,0.04938239,0.72221434,-0.7209358,0.0433321,-0.6916458,-0.06545019,-0.9978395,0.0057065487
1356326932706,-0.69387037,0.0493367,0.71840787,-0.71585846,0.06086266,-0.69558775,-0.07804224,-0.99692607,-0.006912768
1356326932745,-0.67935383,0.048897356,0.73218,-0.72791326,0.08134174,-0.68082726,-0.09284744,-0.99548614,-0.019666791
1356326932785,-0.6451218,0.042907983,0.76287407,-0.75651395,0.104286194,-0.645609,-0.107259035,-0.99362135,-0.03481686
1356326932825,-0.60443515,0.023944765,0.7962944,-0.7881762,0.1274631,-0.6021058,-0.11591542,-0.9915542,-0.058170497
1356326932865,-0.5707997,-0.014235795,0.82096595,-0.81347287,0.14567417,-0.5630639,-0.11157787,-0.9892302,-0.09473115
1356326932918,-0.5507491,-0.065782964,0.8320745,-0.8294682,0.15426713,-0.53682786,-0.09304759,-0.9858368,-0.13952732
1356326932945,-0.53699625,-0.1151073,0.83569455,-0.840838,0.15291047,-0.51923966,-0.06801817,-0.9815135,-0.17889893
1356326932985,-0.51645136,-0.14825228,0.8433856,-0.85500205,0.14382583,-0.49828267,-0.047429085,-0.97843516,-0.20103508
1356326933025,-0.48307902,-0.16017535,0.8608011,-0.87479556,0.1298157,-0.4667769,-0.036979318,-0.9785151,-0.20283192
1356326933065,-0.43664986,-0.15183231,0.88672644,-0.8988998,0.11337912,-0.42323074,-0.03627616,-0.98188186,-0.18598896
1356326933105,-0.38010335,-0.1268093,0.91621006,-0.9239798,0.09727538,-0.3698632,-0.04222256,-0.98714584,-0.15414393
1356326933145,-0.31938905,-0.090278566,0.9433135,-0.94621915,0.084560335,-0.3122801,-0.051574737,-0.9923202,-0.11243093
1356326933186,-0.26161104,-0.047766685,0.9639907,-0.96317124,0.077218354,-0.2575624,-0.06213489,-0.9958693,-0.06620872
1356326933225,-0.21113998,-0.0031996071,0.9774506,-0.97473,0.075318396,-0.21030572,-0.072947115,-0.9971545,-0.019021511
1356326933265,-0.1743722,0.039706856,0.9838789,-0.981169,0.077295065,-0.17701134,-0.08307749,-0.99621725,0.025480986
1356326933305,-0.15676582,0.077578604,0.9845842,-0.98348194,0.079073906,-0.16282079,-0.09048632,-0.99384546,0.06390107
1356326933346,-0.16686809,0.1069676,0.98015964,-0.98173153,0.0741508,-0.175228,-0.09142336,-0.9914936,0.09264004
1356326933386,-0.21412623,0.12448403,0.9688414,-0.9733151,0.05658728,-0.22238576,-0.08250755,-0.99060667,0.109045446
1356326933425,-0.30696476,0.12686756,0.943227,-0.9495412,0.026210368,-0.31254512,-0.06437415,-0.9915733,0.11242038
1356326933466,-0.4381467,0.11395821,0.8916508,-0.8978361,-0.007154107,-0.44027174,-0.04379368,-0.9934598,0.10545027
1356326933505,-0.5752683,0.0918785,0.81278825,-0.81745625,-0.02954632,-0.5752324,-0.028836578,-0.99533176,0.09210372
1356326933546,-0.6797529,0.07233432,0.72986555,-0.7330469,-0.034377277,-0.6793088,-0.02404657,-0.9967878,0.07639253
1356326933587,-0.73798907,0.061676443,0.671988,-0.67419636,-0.024844766,-0.738134,-0.028830081,-0.9977869,0.05991733
1356326933626,-0.75357234,0.05789751,0.6548103,-0.6562547,-0.008391559,-0.7544927,-0.038188368,-0.99828726,0.044319212
1356326933668,-0.7309941,0.056988508,0.67999995,-0.68051887,0.012742281,-0.73261976,-0.050415635,-0.9982935,0.029467225
1356326933703,-0.65525407,0.054139256,0.7534661,-0.7527053,0.037514806,-0.65728796,-0.06385127,-0.9978285,0.01616913
1356326933746,-0.5224713,0.045101464,0.85146314,-0.8489188,0.065888464,-0.5244002,-0.0797528,-0.99680716,0.003862679
1356326933783,-0.32753354,0.023913175,0.9445369,-0.93987095,0.09414035,-0.32829893,-0.09676972,-0.9952717,-0.008358836
1356326933827,-0.14371353,-0.008788109,0.98958033,-0.983119,0.11569166,-0.14174777,-0.11324054,-0.99324626,-0.02526623
1356326933863,-0.010839373,-0.05334288,0.9985174,-0.99234456,0.12342939,-0.004178494,-0.12302348,-0.99091864,-0.054272413
1356326933917,0.06503683,-0.10649896,0.99218357,-0.9908099,0.11128062,0.07689145,-0.11859968,-0.9880661,-0.09828293
1356326933964,0.10890266,-0.16007239,0.9810796,-0.98925656,0.07937899,0.122761816,-0.09752789,-0.9839084,-0.14970809
1356326933983,0.15512025,-0.20072946,0.9672876,-0.9853958,0.038172185,0.16594562,-0.07023364,-0.9789027,-0.19187671
1356326934024,0.21484062,-0.22026059,0.95148766,-0.9755316,-0.0018051565,0.21985176,-0.046707094,-0.9754394,-0.21525902
1356326934060,0.28665465,-0.218223,0.9328493,-0.9574728,-0.031933248,0.28675097,-0.032786757,-0.9753763,-0.21809638
1356326934104,0.3647943,-0.19786978,0.9098201,-0.9306421,-0.047246233,0.3628677,-0.028815001,-0.979089,-0.20138115
1356326934144,0.43955866,-0.16640025,0.88266593,-0.8976461,-0.0464454,0.43826273,-0.03193128,-0.9849639,-0.16978401
1356326934183,0.5046794,-0.13079405,0.85334146,-0.8624149,-0.031460226,0.5052235,-0.039233923,-0.9909103,-0.12867606
1356326934224,0.55839074,-0.09543365,0.82407045,-0.82814085,-0.00567846,0.56049126,-0.048810273,-0.99541956,-0.0822033
1356326934263,0.59996766,-0.06327662,0.79751796,-0.7978542,0.02604884,0.6022874,-0.058885098,-0.997656,-0.03485705
1356326934304,0.6310965,-0.035268992,0.77490216,-0.7727703,0.058219656,0.63201,-0.067404926,-0.99768066,0.009487376
1356326934347,0.65440804,-0.010922015,0.75606275,-0.7527732,0.08486414,0.65278673,-0.07129237,-0.99633265,0.047313973
1356326934384,0.6720655,0.010516882,0.740417,-0.73738766,0.1009624,0.66788167,-0.06773025,-0.9948346,0.07560837
1356326934427,0.684409,0.028684795,0.72853374,-0.72685254,0.10521023,0.67868704,-0.05718121,-0.99403614,0.09285647
1356326934464,0.68728733,0.041387618,0.72520566,-0.7250012,0.10069552,0.68134683,-0.044825584,-0.99405605,0.09921284
1356326934507,0.6732199,0.04640436,0.7379848,-0.7384592,0.0936382,0.6677647,-0.038116336,-0.9945242,0.09730683
1356326934545,0.6350832,0.043358862,0.77122587,-0.7713429,0.08888301,0.6301825,-0.041224897,-0.9950979,0.08989267
1356326934586,0.57371426,0.034876585,0.81831264,-0.81736946,0.08845326,0.5692831,-0.052527815,-0.99546957,0.07925393
1356326934627,0.49909204,0.02351433,0.8662299,-0.86386144,0.09216927,0.49522546,-0.068194956,-0.99546576,0.06631404
1356326934666,0.4328385,0.011264801,0.90140116,-0.8975657,0.09836501,0.42976752,-0.08382514,-0.99508667,0.05268702
1356326934707,0.38247138,-0.0027015507,0.92396337,-0.9186863,0.105651736,0.38059592,-0.09864658,-0.99439955,0.037926853
1356326934746,0.35654852,-0.018738478,0.9340888,-0.92757916,0.11240068,0.3563185,-0.111669034,-0.9934863,0.022694886
1356326934787,0.3447091,-0.036935,0.9379826,-0.9306917,0.116873324,0.34663185,-0.122428,-0.9924598,0.0059121847
1356326934825,0.3387586,-0.058159262,0.9390741,-0.9319905,0.11608261,0.34339258,-0.12898165,-0.9915353,-0.014879912
1356326934865,0.32661182,-0.084438026,0.9413793,-0.93659776,0.10483587,0.33435625,-0.12692273,-0.99089843,-0.044843853
1356326934913,0.30030426,-0.118123114,0.94650114,-0.94734436,0.07870385,0.31039405,-0.11115804,-0.9898751,-0.08826816
1356326934945,0.2626858,-0.15758389,0.95192623,-0.9613995,0.04099235,0.27208596,-0.08189806,-0.98665446,-0.14073297
1356326934985,0.22765076,-0.19397146,0.95422757,-0.97253853,0.003430903,0.23271662,-0.04841423,-0.9810012,-0.18786368
1356326935025,0.20750237,-0.21661314,0.9539505,-0.978003,-0.0247221,0.20712066,-0.021281421,-0.9759445,-0.21697819
1356326935065,0.2040452,-0.21977738,0.95397246,-0.9789481,-0.040716738,0.20000684,-0.005114287,-0.9747,-0.22345865
1356326935105,0.2101331,-0.20415571,0.95611954,-0.9776726,-0.04455152,0.20535707,6.7177415E-4,-0.9779241,-0.20895916
1356326935145,0.21766019,-0.17360905,0.96046025,-0.9760226,-0.036725342,0.21454856,-0.0019743443,-0.98412955,-0.17744002
1356326935185,0.21852627,-0.13349229,0.96665716,-0.9757696,-0.018776387,0.21799326,-0.010949999,-0.9908719,-0.13436079
1356326935225,0.20880094,-0.08762437,0.97402465,-0.97765476,0.006104499,0.21012825,-0.024358243,-0.9961348,-0.08439171
1356326935265,0.18370637,-0.03952387,0.9821862,-0.9821788,0.03298369,0.18503231,-0.0397093,-0.9986741,-0.032760203
1356326935306,0.14174625,0.008422971,0.9898672,-0.9884032,0.056229264,0.14105818,-0.054471374,-0.99838233,0.016295612
1356326935347,0.08047742,0.053862363,0.9953,-0.99459076,0.07012713,0.07662499,-0.06567031,-0.9960828,0.05921465
1356326935385,-0.006423235,0.0933651,0.99561125,-0.99753106,0.069030285,-0.012909085,-0.06993264,-0.99323606,0.09269115
1356326935426,-0.12696493,0.1220119,0.9843745,-0.9897469,0.049879014,-0.13384023,-0.06542972,-0.9912746,0.114427984
1356326935465,-0.28579187,0.13340381,0.94896066,-0.95681083,0.015307367,-0.290308,-0.053254247,-0.99094355,0.12326747
1356326935506,-0.47193438,0.12383515,0.8728934,-0.88080186,-0.023226082,-0.47291514,-0.038289607,-0.992031,0.12003541
1356326935546,-0.6484374,0.09869188,0.75484365,-0.760798,-0.04917389,-0.6471231,-0.026747227,-0.9939023,0.10697073
1356326935586,-0.7805669,0.07259938,0.620842,-0.62469196,-0.055957973,-0.7788637,-0.021803945,-0.9957902,0.08903122
1356326935626,-0.8637574,0.05322276,0.5010894,-0.503415,-0.04716599,-0.86275643,-0.022283912,-0.9974682,0.067533135
1356326935666,-0.9138713,0.040348202,0.40399402,-0.40529478,-0.031876385,-0.9136301,-0.02398546,-0.998677,0.045483887
1356326935707,-0.9429859,0.031414226,0.3313468,-0.33188963,-0.013864279,-0.9432163,-0.025036529,-0.9994103,0.023499846
1356326935747,-0.9590214,0.025342062,0.2821983,-0.28216463,0.00496912,-0.95935315,-0.025714263,-0.9996665,0.0023850799
1356326935787,-0.9664337,0.021789737,0.25599033,-0.25547263,0.0239653,-0.9665192,-0.027195096,-0.9994753,-0.017594218
1356326935825,-0.96775585,0.019925997,0.2511008,-0.25008178,0.04323274,-0.96725905,-0.030129373,-0.9988663,-0.03685558
1356326935865,-0.96454734,0.017110296,0.26335478,-0.26180023,0.0638929,-0.9630049,-0.033303782,-0.99781007,-0.05714822
1356326935914,-0.9590343,0.00810574,0.2831738,-0.28139853,0.08805412,-0.95554245,-0.032679975,-0.99608266,-0.0821659
1356326935945,-0.95558226,-0.012950629,0.29444003,-0.29386887,0.11794776,-0.9485407,-0.022444353,-0.9929354,-0.11651462
1356326935985,-0.9569777,-0.04625889,0.28645045,-0.29016158,0.15233415,-0.9447754,6.80536E-5,-0.98724586,-0.159203
1356326936025,-0.96104515,-0.08275653,0.26371118,-0.2748243,0.1846621,-0.943595,0.029391177,-0.97931165,-0.20021212
1356326936065,-0.9638123,-0.11028154,0.24270128,-0.2610705,0.20630473,-0.9430167,0.05392693,-0.97225326,-0.22763026
1356326936105,-0.96410936,-0.122858554,0.23536998,-0.2572482,0.2128824,-0.94260514,0.06570098,-0.9693229,-0.2368471
1356326936149,-0.96222216,-0.12049459,0.24415094,-0.26471168,0.20425999,-0.9424466,0.06368944,-0.9714725,-0.22843987
1356326936185,-0.9583285,-0.10572783,0.265383,-0.28102365,0.18207276,-0.9422713,0.05130528,-0.9775843,-0.20419753
1356326936225,-0.952594,-0.08165743,0.29308158,-0.302451,0.14971894,-0.94133294,0.032986954,-0.98535085,-0.1673187
1356326936268,-0.9454846,-0.05114378,0.321626,-0.32544208,0.11168629,-0.93894285,0.012099877,-0.9924266,-0.122241974
1356326936303,-0.93799067,-0.016853333,0.34625077,-0.3465401,0.07192987,-0.9352733,-0.009143323,-0.99726737,-0.07330996
1356326936344,-0.93154866,0.018624723,0.3631394,-0.36243507,0.03288728,-0.9314286,-0.029290259,-0.9992855,-0.023885846
1356326936385,-0.92856324,0.051809266,0.36754072,-0.36820042,-0.003475964,-0.92974,-0.0468916,-0.99865097,0.02230376
1356326936425,-0.931508,0.07823993,0.35520622,-0.35875535,-0.036819577,-0.93270516,-0.05989626,-0.99625444,0.062366664
1356326936464,-0.9437179,0.09201656,0.31769404,-0.32416868,-0.06664139,-0.9436491,-0.06565976,-0.99352497,0.092719555
1356326936505,-0.9636695,0.087672666,0.2522986,-0.25997347,-0.09117317,-0.96130186,-0.061277017,-0.9919682,0.11065346
1356326936544,-0.983935,0.0691576,0.16458744,-0.17133678,-0.106803834,-0.97940624,-0.05015482,-0.9918721,0.11693734
1356326936587,-0.9962629,0.045056038,0.0736901,-0.078254335,-0.109733224,-0.99087584,-0.036558684,-0.99293935,0.112849
1356326936626,-0.99964863,0.02610323,-0.0045953756,0.0018935781,-0.102600455,-0.9947208,-0.026436914,-0.9943801,0.10251504
1356326936666,-0.9978814,0.016644299,-0.06289352,0.061139256,-0.09055579,-0.9940129,-0.02224002,-0.9957523,0.08934629
1356326936706,-0.99463886,0.015125059,-0.10229717,0.10085176,-0.07676655,-0.9919354,-0.022856075,-0.9969343,0.07482958
1356326936746,-0.99193233,0.018277697,-0.12544319,0.124076806,-0.0628252,-0.9902817,-0.025981065,-0.9978571,0.060050547
1356326936785,-0.9909865,0.024437219,-0.13171403,0.13041432,-0.04878366,-0.9902587,-0.030624654,-0.99851036,0.045156896
1356326936826,-0.99259305,0.032757826,-0.116987266,0.11586306,-0.034344077,-0.99267125,-0.03653557,-0.9988731,0.0302943
1356326936866,-0.99632037,0.04260266,-0.07436815,0.073649146,-0.018207133,-0.997118,-0.04383391,-0.99892616,0.015002549
1356326936918,-0.99866956,0.051214576,0.00601398,-0.00593408,0.0017120242,-0.9999809,-0.05122389,-0.9986862,-0.0014058352
1356326936946,-0.9914169,0.05215639,0.11988477,-0.118492916,0.029017448,-0.9925309,-0.055245586,-0.9982173,-0.022588313
1356326936987,-0.9694614,0.034184195,0.24285,-0.24029359,0.06555706,-0.968484,-0.049027376,-0.99726313,-0.055340767
1356326937026,-0.9403118,-0.006275788,0.34025615,-0.33901757,0.104463995,-0.9349622,-0.02967687,-0.9945088,-0.10035628
1356326937066,-0.92107147,-0.060179785,0.384715,-0.3893925,0.14021134,-0.91033745,8.4251165E-4,-0.988291,-0.15257818
1356326937106,-0.90360254,-0.10975945,0.41407174,-0.42736632,0.16478586,-0.888934,0.029335722,-0.9802033,-0.19580847
1356326937146,-0.8801883,-0.14550999,0.4517693,-0.47221974,0.17277986,-0.8643817,0.047719553,-0.9741529,-0.22079146
1356326937186,-0.84497607,-0.16470079,0.50881135,-0.5320667,0.16275519,-0.8309126,0.054040268,-0.9728229,-0.22515601
1356326937227,-0.7942458,-0.16718471,0.5841429,-0.60549825,0.13795584,-0.78379846,0.050453216,-0.9762261,-0.21080089
1356326937265,-0.726371,-0.15394104,0.6698413,-0.68611354,0.10510033,-0.71986264,0.040415823,-0.9824745,-0.18196285
1356326937306,-0.64367086,-0.12729254,0.7546419,-0.7648219,0.07205492,-0.64019966,0.027116954,-0.98924446,-0.14373577
1356326937345,-0.5520815,-0.09073663,0.8288382,-0.8336924,0.04485184,-0.5504047,0.0127669275,-0.9948644,-0.100408316
1356326937386,-0.46128553,-0.04857108,0.88592124,-0.88725054,0.026901424,-0.4605028,-0.0014654398,-0.9984574,-0.055503964
1356326937425,-0.3824497,-0.0051428676,0.923962,-0.9238524,0.018505156,-0.3823013,-0.01513195,-0.99981546,-0.011828542
1356326937465,-0.33435738,0.03500697,0.94179595,-0.94206274,0.016094565,-0.3350503,-0.02688691,-0.99925745,0.027597427
1356326937506,-0.34209746,0.06781912,0.9372139,-0.9390557,0.011224389,-0.34358191,-0.033821076,-0.99763453,0.059846103
1356326937547,-0.43934262,0.08860758,0.8939389,-0.8977088,-0.0066149235,-0.44053972,-0.033121824,-0.99604464,0.08245003
1356326937586,-0.6451403,0.08963165,0.7587886,-0.7635939,-0.040796995,-0.6444067,-0.026802927,-0.9951391,0.09476197
1356326937627,-0.8681277,0.06433089,0.49215424,-0.49598092,-0.07468033,-0.865116,-0.018899456,-0.9951303,0.096738935
1356326937666,-0.97629666,0.034180216,0.21372056,-0.21593943,-0.08693957,-0.9725285,-0.014660455,-0.9956271,0.092259645
1356326937707,-0.9989675,0.019112883,0.041212328,-0.04265228,-0.082323134,-0.99569255,-0.015637826,-0.99642235,0.08305341
1356326937746,-0.9987127,0.016763147,-0.047871955,0.046552043,-0.07183212,-0.9963298,-0.020140372,-0.9972758,0.07095945
1356326937787,-0.996134,0.021388484,-0.08520341,0.08381225,-0.059170783,-0.9947232,-0.026317174,-0.9980186,0.05714941
1356326937825,-0.9960891,0.029531052,-0.08327245,0.08189445,-0.045150936,-0.9956177,-0.03316147,-0.99854356,0.042555988
1356326937867,-0.9984622,0.0394109,-0.03898738,0.03784552,-0.02931571,-0.99885356,-0.04050866,-0.998793,0.027779102
1356326937923,-0.99676216,0.048705883,0.06397702,-0.06453547,-0.009979308,-0.99786556,-0.047963478,-0.9987633,0.013090193
1356326937945,-0.9674392,0.05233998,0.24763274,-0.24712232,0.016111076,-0.9688503,-0.054699242,-0.99849933,-0.0026521087
1356326937985,-0.87201244,0.038142398,0.48799545,-0.48614633,0.048735976,-0.8725174,-0.05706285,-0.9980832,-0.023955643
1356326938027,-0.7428548,-0.00338763,0.66944396,-0.66771555,0.07573789,-0.7405536,-0.048193574,-0.99712193,-0.05852425
1356326938066,-0.6535181,-0.061577737,0.7544019,-0.75644135,0.0882346,-0.6480826,-0.026656896,-0.9941945,-0.10424286
1356326938106,-0.6363939,-0.122069865,0.76164407,-0.77134645,0.09401816,-0.62943244,0.0052263737,-0.98805845,-0.15399069
1356326938145,-0.62741166,-0.1732595,0.7591678,-0.7778532,0.09432471,-0.621327,0.03604254,-0.9803489,-0.19395083
1356326938186,-0.5915289,-0.20811889,0.77896094,-0.8042458,0.08365196,-0.58838,0.05729136,-0.97451985,-0.21686131
1356326938225,-0.5182417,-0.22342905,0.82553315,-0.8526068,0.059369147,-0.5191695,0.06698632,-0.97291046,-0.22126472
1356326938266,-0.40928096,-0.21741787,0.88612556,-0.9099487,0.025999367,-0.41390508,0.06695166,-0.97573227,-0.20848012
1356326938305,-0.27220684,-0.19027415,0.9432387,-0.9603956,-0.0069218874,-0.27855444,0.059530675,-0.9817066,-0.18085426
1356326938346,-0.13313776,-0.14818004,0.9799577,-0.98997426,-0.027180612,-0.1386086,0.04717481,-0.9885869,-0.1430757
1356326938386,-0.0031099916,-0.09773332,0.9952078,-0.99951607,-0.03050083,-0.006118715,0.030952573,-0.9947452,-0.09759116
1356326938426,0.09252706,-0.048395157,0.99453336,-0.9956212,-0.017844051,0.09175992,0.013305843,-0.9986688,-0.04983422
1356326938467,0.16374108,-0.0023843944,0.9865005,-0.9864963,0.0033898652,0.16374859,-0.003734529,-0.9999914,-0.0017971396
1356326938506,0.19241187,0.03641647,0.9806384,-0.9811869,0.023237914,0.19165656,-0.015808582,-0.9990665,0.040202588
1356326938546,0.18676418,0.067997694,0.98004866,-0.982218,0.032372117,0.18493149,-0.01915127,-0.9971601,0.07283455
1356326938587,0.12169677,0.09072718,0.98841214,-0.99248695,0.023796558,0.12001422,-0.012632251,-0.9955915,0.09294149
1356326938626,-0.044469595,0.10059741,0.9939329,-0.9990101,-0.0033041239,-0.044362307,-0.0011786222,-0.9949217,0.10064474
1356326938666,-0.33806103,0.08824584,0.93697774,-0.9410757,-0.041795254,-0.33560327,0.009545624,-0.9952215,0.09717542
1356326938703,-0.6441522,0.057074845,0.762765,-0.7647644,-0.066649675,-0.6408535,0.014261425,-0.99614275,0.08658129
