1356327376445,0.81415004,-0.5705626,0.10778698,0.002664268,0.18929887,0.9819159,-0.5806484,-0.7991397,0.1556378
1356327376484,-0.40531868,0.44959122,0.7959802,-0.7060968,0.3990687,-0.5849542,-0.58064115,-0.79913193,0.15570492
1356327376523,-0.4047516,0.44970495,0.79620445,-0.7064753,0.39903742,-0.5845184,-0.5805762,-0.79908353,0.15619445
1356327376563,-0.40319735,0.45004672,0.7967998,-0.707545,0.39888304,-0.5833288,-0.58035517,-0.79896826,0.15759969
1356327376603,-0.4003647,0.45072174,0.79784584,-0.709576,0.39844167,-0.58115923,-0.57983613,-0.798808,0.16029936
1356327376644,-0.39660352,0.45170334,0.7991681,-0.7124393,0.39754605,-0.5782624,-0.57890916,-0.7986997,0.16414315
1356327376683,-0.3926335,0.45280164,0.800506,-0.71569234,0.3962149,-0.5751506,-0.57760155,-0.7987393,0.16849935
1356327376724,-0.38860512,0.45382208,0.8018926,-0.71928173,0.3945067,-0.57183766,-0.5758645,-0.79900575,0.17311859
1356327376764,-0.3845542,0.45455408,0.8034293,-0.7231841,0.39256072,-0.5682436,-0.57369226,-0.7995478,0.17776543
1356327376802,-0.3805433,0.4547804,0.80520916,-0.72717315,0.39077377,-0.56437147,-0.5713197,-0.80029416,0.18199772
1356327376843,-0.37684137,0.45443803,0.80714107,-0.7309634,0.38931632,-0.56046885,-0.56893146,-0.8011984,0.18546706
1356327376883,-0.3738039,0.45342112,0.8091229,-0.73415816,0.38847357,-0.5568663,-0.5668179,-0.80218303,0.18766987
1356327376923,-0.3720321,0.45172054,0.8108889,-0.7363073,0.3883152,-0.5541325,-0.56519353,-0.8032184,0.18813938
1356327376963,-0.37174368,0.44940984,0.8123038,-0.7372259,0.38886303,-0.5525247,-0.5641849,-0.8042489,0.18675917
1356327377004,-0.3729071,0.44668192,0.8132746,-0.7369047,0.390047,-0.55211854,-0.5638367,-0.80519474,0.1837107
1356327377043,-0.374682,0.44383478,0.8140173,-0.7358351,0.39178658,-0.5523134,-0.564057,-0.80592436,0.17979378
1356327377083,-0.3758486,0.4412803,0.8148678,-0.73475724,0.39392823,-0.5522249,-0.5646854,-0.806283,0.17617655
1356327377122,-0.37537932,0.43938863,0.81610525,-0.7342285,0.39641494,-0.5511475,-0.5656843,-0.8060972,0.17380577
1356327377162,-0.37270308,0.43833897,0.81789434,-0.73449576,0.39930362,-0.5487007,-0.56710505,-0.8052424,0.17313653
1356327377202,-0.3679487,0.438052,0.8201977,-0.73547393,0.4026057,-0.5449649,-0.5689392,-0.80375314,0.17403758
1356327377242,-0.361592,0.43828833,0.8228941,-0.7370237,0.40617996,-0.540198,-0.5710056,-0.8018237,0.17615747
1356327377283,-0.35385406,0.4388208,0.8259683,-0.73922837,0.40980625,-0.5344157,-0.5729998,-0.7996844,0.1793772
1356327377322,-0.34474677,0.43946344,0.8294706,-0.7422438,0.41332763,-0.5274793,-0.57465094,-0.7975162,0.18369567
1356327377377,-0.3333764,0.44023997,0.83369595,-0.7465003,0.41684735,-0.5186285,-0.57584494,-0.7952528,0.18967223
1356327377414,-0.32174253,0.44023985,0.8382546,-0.7509292,0.42059976,-0.5091181,-0.5767038,-0.79327476,0.19526404
1356327377454,-0.31055194,0.43973798,0.8427265,-0.7549743,0.424568,-0.49975568,-0.5775563,-0.791437,0.20014048
1356327377484,-0.29960406,0.43855596,0.8472934,-0.7586082,0.42906195,-0.4903258,-0.57857656,-0.78966737,0.20414346
1356327377514,-0.28891194,0.43704772,0.85177416,-0.76162267,0.43414277,-0.4810935,-0.58005244,-0.78772414,0.20743638
1356327377554,-0.27687907,0.43524706,0.8566785,-0.7638713,0.44117296,-0.4710276,-0.5829568,-0.7848098,0.21032119
1356327377594,-0.26172948,0.43239194,0.86286426,-0.7657767,0.45111948,-0.45834184,-0.5874382,-0.780723,0.21304446
1356327377625,-0.24480096,0.42850262,0.86974585,-0.76745397,0.46256283,-0.44390315,-0.5925257,-0.7761579,0.21562034
1356327377664,-0.22513387,0.42471713,0.8768866,-0.76782316,0.47670218,-0.4280218,-0.599802,-0.76965606,0.21878582
1356327377704,-0.20187664,0.42056006,0.8845196,-0.7669274,0.49382043,-0.40983367,-0.6091535,-0.76109827,0.2228483
1356327377744,-0.17564169,0.4166007,0.8919606,-0.7642987,0.5133567,-0.39027226,-0.6204816,-0.7502724,0.22824055
1356327377784,-0.14697027,0.4134359,0.89859366,-0.759737,0.5345547,-0.37020385,-0.63340306,-0.7371038,0.23553884
1356327377814,-0.120018154,0.41136974,0.9035324,-0.7540744,0.5541909,-0.35248315,-0.64573026,-0.72363496,0.24369037
1356327377854,-0.089648634,0.4102059,0.907576,-0.7473325,0.5746609,-0.3335551,-0.6583746,-0.70816386,0.25504267
1356327377884,-0.063046396,0.41032708,0.9097564,-0.7405838,0.5918207,-0.31825137,-0.6689998,-0.69381547,0.26656944
1356327377924,-0.039026618,0.41072935,0.9109217,-0.73505276,0.6057301,-0.3046121,-0.67688584,-0.6814635,0.27826816
1356327377954,-0.022145629,0.41142055,0.91117656,-0.73105824,0.6150228,-0.29546714,-0.6819556,-0.67266643,0.2871523
1356327377984,-0.013212562,0.411802,0.91117746,-0.72915727,0.6195854,-0.29059166,-0.68421847,-0.66823125,0.2920822
1356327378014,-0.0126668215,0.41157055,0.91128993,-0.729524,0.6194707,-0.28991503,-0.683838,-0.66848016,0.29240382
1356327378054,-0.027717859,0.41058147,0.9114026,-0.73335576,0.6112211,-0.2976545,-0.6792798,-0.67663264,0.2841605
1356327378084,-0.04745114,0.40699,0.9121992,-0.73800176,0.6011283,-0.30659115,-0.6731283,-0.6877528,0.27183515
1356327378124,-0.08386472,0.4019876,0.9117964,-0.7436128,0.5838593,-0.32580414,-0.66333,-0.70534694,0.24995792
1356327378154,-0.12199342,0.39325836,0.9112988,-0.7480978,0.5669686,-0.34481356,-0.6522786,-0.72380555,0.22502929
1356327378193,-0.17536068,0.38225746,0.90726393,-0.75009155,0.5450055,-0.37460876,-0.6376608,-0.7462226,0.19115561
1356327378224,-0.22638834,0.36735988,0.9021059,-0.7493777,0.525959,-0.40224388,-0.622239,-0.7670814,0.15622032
1356327378264,-0.28646836,0.35015613,0.8918107,-0.74343497,0.505911,-0.43744534,-0.604351,-0.7883176,0.11539084
1356327378294,-0.33880395,0.33025342,0.88099074,-0.7354048,0.49109513,-0.46691054,-0.5868491,-0.8060759,0.07648492
1356327378334,-0.3915411,0.30953395,0.8665358,-0.7231709,0.4787818,-0.49778706,-0.5689635,-0.8215576,0.03638321
1356327378381,-0.43352863,0.28815317,0.8538271,-0.7118419,0.47148952,-0.5205562,-0.55257046,-0.83346593,7.1519613E-4
1356327378404,-0.4705532,0.26790383,0.8407183,-0.7000973,0.46657732,-0.54052687,-0.5370694,-0.8429313,-0.031990707
1356327378434,-0.4974682,0.24849755,0.83112836,-0.6918254,0.46437505,-0.55293167,-0.5233574,-0.85006166,-0.059094906
1356327378474,-0.5175726,0.23136318,0.8237656,-0.6863474,0.46262366,-0.56116533,-0.5109264,-0.8558332,-0.0806458
1356327378504,-0.5291252,0.21544832,0.8207366,-0.68513954,0.4621546,-0.5630248,-0.50060993,-0.8602297,-0.0969255
1356327378534,-0.5340754,0.2019032,0.8209742,-0.6868521,0.46257713,-0.5605859,-0.492948,-0.863283,-0.10837346
1356327378564,-0.5320643,0.19043797,0.8250096,-0.691436,0.464661,-0.5531784,-0.48869595,-0.8647679,-0.115553856
1356327378594,-0.5229496,0.18074152,0.8329804,-0.69855165,0.4691023,-0.5403412,-0.48841512,-0.864451,-0.11905956
1356327378623,-0.5072972,0.17237583,0.8443555,-0.70755327,0.47601295,-0.52228343,-0.4919532,-0.86237943,-0.119515
1356327378654,-0.48617795,0.16495332,0.85815,-0.7177191,0.48483643,-0.49981305,-0.49850821,-0.85890865,-0.11732662
1356327378701,-0.45584524,0.15917319,0.87571055,-0.73004144,0.4959659,-0.47016725,-0.5091606,-0.8536285,-0.109880626
1356327378734,-0.42081895,0.15208828,0.8943045,-0.744442,0.50545394,-0.43625957,-0.5183797,-0.8493441,-0.09948367
1356327378764,-0.38780594,0.14531022,0.91021514,-0.75826347,0.5111557,-0.40466827,-0.5240642,-0.8471156,-0.088045835
1356327378804,-0.35688034,0.14018157,0.9235722,-0.7739395,0.50928414,-0.37636048,-0.52311945,-0.8491047,-0.07326144
1356327378852,-0.33054787,0.1364525,0.93387306,-0.78861475,0.50365853,-0.35272506,-0.5184833,-0.8530586,-0.058874786
1356327378874,-0.30855417,0.13497567,0.9415815,-0.8043318,0.49140656,-0.33402088,-0.507784,-0.8604076,-0.043060303
1356327378913,-0.29352117,0.137389,0.94602835,-0.8186464,0.47488117,-0.32296437,-0.4936228,-0.86925954,-0.026914716
1356327378950,-0.28604716,0.1444791,0.9472607,-0.8301325,0.45639402,-0.32028824,-0.478599,-0.87796944,-0.0106134415
1356327378992,-0.28547186,0.15687248,0.9454612,-0.8379617,0.43790257,-0.32567102,-0.4651087,-0.8852301,0.0064442754
1356327379033,-0.29116642,0.17488065,0.94055235,-0.8414227,0.42101085,-0.33875918,-0.4552251,-0.8900374,0.024564385
1356327379073,-0.30064783,0.19806084,0.93294305,-0.84069693,0.40689436,-0.35730323,-0.45037705,-0.89174485,0.044177294
1356327379113,-0.30895567,0.22617584,0.92379165,-0.8366944,0.39718896,-0.37707207,-0.45220447,-0.8894298,0.066526234
1356327379153,-0.30710268,0.2591165,0.91572183,-0.83133924,0.39529818,-0.3906588,-0.46320933,-0.88124794,0.09401661
1356327379193,-0.2846135,0.29577798,0.911872,-0.8264627,0.40628028,-0.38973802,-0.48575154,-0.8645529,0.1288166
1356327379233,-0.24004209,0.33228844,0.9121207,-0.820862,0.43211484,-0.37344646,-0.5182328,-0.83836806,0.16903722
1356327379273,-0.18748078,0.36291012,0.91276896,-0.8118862,0.4657971,-0.3519571,-0.5528939,-0.80704975,0.20731378
1356327379313,-0.14603734,0.38432172,0.91157556,-0.80096805,0.4948817,-0.3369606,-0.58062327,-0.77935165,0.23555821
1356327379376,-0.12691832,0.39658797,0.9091807,-0.7922771,0.51096517,-0.33348393,-0.5968154,-0.76264834,0.2493568
1356327379395,-0.13265294,0.40072173,0.90654576,-0.7875168,0.51276344,-0.3418932,-0.6018475,-0.7592732,0.2475555
1356327379434,-0.16250661,0.39717916,0.9032388,-0.7848103,0.5028057,-0.36229712,-0.5980505,-0.76774675,0.23000103
1356327379464,-0.19780123,0.38709396,0.90057373,-0.7822276,0.49135196,-0.38300574,-0.59075785,-0.7802125,0.2056055
1356327379494,-0.24198654,0.372984,0.89572626,-0.77757853,0.47762766,-0.4089542,-0.580357,-0.79545885,0.17444485
1356327379524,-0.29188517,0.35465395,0.88827,-0.7701634,0.46354267,-0.4381512,-0.5671431,-0.8120029,0.13784027
1356327379554,-0.3441908,0.33249077,0.8780561,-0.75979733,0.4507682,-0.46852535,-0.55158013,-0.8284069,0.09747535
1356327379584,-0.39552712,0.3073815,0.8654911,-0.74690306,0.44075352,-0.49786752,-0.5345035,-0.8433581,0.05525428
1356327379614,-0.4428777,0.28063214,0.85153097,-0.73251474,0.4343971,-0.52413857,-0.51699275,-0.85588825,0.013182342
1356327379644,-0.48394966,0.25374126,0.83750105,-0.71810085,0.43180472,-0.54578,-0.50012386,-0.8655403,-0.026759923
1356327379674,-0.51701975,0.22818357,0.8249986,-0.70530534,0.43254834,-0.561646,-0.48501015,-0.87225807,-0.062696874
1356327379704,-0.5406741,0.20526499,0.8158051,-0.6956172,0.43625647,-0.5707863,-0.47306275,-0.8760974,-0.09308678
1356327379734,-0.5538889,0.18595207,0.81155956,-0.6900737,0.44284037,-0.5724427,-0.46583822,-0.87710565,-0.116963685
1356327379764,-0.5563805,0.1707243,0.8131998,-0.6890402,0.45217067,-0.5663615,-0.46439677,-0.8754398,-0.13394302
1356327379795,-0.5487119,0.15950659,0.8206539,-0.69226027,0.46366355,-0.5529844,-0.46871188,-0.87153524,-0.14399761
1356327379824,-0.53209573,0.15185186,0.8329557,-0.6990454,0.4762776,-0.5333809,-0.47771302,-0.86608356,-0.14727396
1356327379855,-0.5083164,0.14709201,0.8485154,-0.7085353,0.48860407,-0.5091598,-0.48948145,-0.8600174,-0.14414561
1356327379894,-0.4758871,0.14560762,0.86736953,-0.7220392,0.49842677,-0.479823,-0.50218606,-0.8546164,-0.13206041
1356327379934,-0.4423939,0.14469898,0.88507056,-0.738363,0.50138605,-0.4510345,-0.50902617,-0.85303825,-0.11496973
1356327379964,-0.4151327,0.14414659,0.89826864,-0.75344884,0.49890321,-0.4282644,-0.5098819,-0.8545861,-0.09850395
1356327379995,-0.39493376,0.14477515,0.9072307,-0.7673282,0.4910583,-0.4123944,-0.5052076,-0.8590121,-0.08284545
1356327380034,-0.3816336,0.1475231,0.9124652,-0.7814526,0.47572723,-0.40375164,-0.49364725,-0.8671335,-0.066271186
1356327380064,-0.37901184,0.15487924,0.912339,-0.7904321,0.45849386,-0.40620247,-0.48121417,-0.87509763,-0.051353097
1356327380105,-0.38222086,0.16470966,0.90927327,-0.7975997,0.4380797,-0.4146335,-0.4666283,-0.88371766,-0.036070824
1356327380144,-0.39731613,0.18055713,0.89974385,-0.79907775,0.41403225,-0.43594956,-0.45123678,-0.8921751,-0.020222485
1356327380184,-0.42264336,0.2014355,0.8836268,-0.79441804,0.386922,-0.4681788,-0.43620244,-0.8998417,-0.0035060048
1356327380224,-0.4528913,0.22634691,0.8623553,-0.7844228,0.35856283,-0.5060767,-0.4237575,-0.9056488,0.015161693
1356327380264,-0.47848594,0.2560759,0.8399264,-0.7716963,0.33376414,-0.5413745,-0.4189703,-0.90720814,0.037911355
1356327380302,-0.4837922,0.29240906,0.8248892,-0.7629192,0.32093018,-0.5612114,-0.42883515,-0.9008334,0.067820966
1356327380373,-0.45605177,0.33577964,0.82417774,-0.7629663,0.3292352,-0.55631524,-0.45814764,-0.88252836,0.10604018
1356327380386,-0.40109903,0.3803371,0.8333446,-0.7661973,0.35930616,-0.532767,-0.50205684,-0.8521988,0.14729595
1356327380424,-0.3467337,0.41611427,0.8406098,-0.7640236,0.394579,-0.5104659,-0.5440991,-0.81924134,0.18110722
1356327380464,-0.31152385,0.4395358,0.84247327,-0.7570912,0.420982,-0.4995869,-0.57425237,-0.7934623,0.20162278
1356327380504,-0.30231088,0.45090824,0.8398153,-0.7490253,0.43254083,-0.5018659,-0.58954996,-0.7807625,0.20697987
1356327380544,-0.3178739,0.45134294,0.83381397,-0.74045753,0.43109512,-0.5156352,-0.5921815,-0.78131074,0.19716638
1356327380584,-0.35282195,0.44170302,0.8248729,-0.7299122,0.42165464,-0.53799224,-0.5854443,-0.79190016,0.17363542
1356327380624,-0.3998161,0.42309827,0.81310207,-0.71638376,0.4091395,-0.5651541,-0.5717879,-0.8084508,0.13952023
1356327380664,-0.45121652,0.39736128,0.7990666,-0.7002653,0.39739937,-0.59304494,-0.5532016,-0.8271504,0.09894526
1356327380704,-0.50095016,0.36697093,0.7838248,-0.68271995,0.38906342,-0.6184846,-0.5319234,-0.8449627,0.055637002
1356327380743,-0.5446643,0.33468378,0.76897824,-0.6654644,0.3855471,-0.6391483,-0.5103899,-0.8598489,0.012726426
1356327380783,-0.5795335,0.30315608,0.75646365,-0.65049803,0.38707244,-0.65347326,-0.49091062,-0.87078774,-0.02711898
1356327380823,-0.6034279,0.2748136,0.74856687,-0.6397855,0.3934754,-0.6601906,-0.47597203,-0.87729967,-0.06161225
1356327380863,-0.6149118,0.2515714,0.7473924,-0.63471985,0.40455216,-0.6583831,-0.4679896,-0.8792322,-0.08908659
1356327380902,-0.6138935,0.23430046,0.7538156,-0.63574266,0.419326,-0.6480717,-0.467938,-0.8770798,-0.108466685
1356327380943,-0.60150677,0.22296827,0.7671211,-0.6424436,0.43573767,-0.63039577,-0.4748218,-0.8720194,-0.11885464
1356327380984,-0.5812649,0.2161041,0.78449357,-0.65368,0.45013964,-0.6083393,-0.48459634,-0.86641407,-0.120387495
1356327381023,-0.558581,0.2118485,0.8019398,-0.6678044,0.45858088,-0.5862941,-0.49195975,-0.8630317,-0.114681184
1356327381063,-0.538118,0.20912492,0.8165144,-0.6832724,0.45898983,-0.56786186,-0.49352586,-0.8634785,-0.10410136
1356327381103,-0.5218611,0.2085293,0.8271497,-0.6983777,0.45235306,-0.55465776,-0.48982614,-0.8671172,-0.0904333
1356327381153,-0.5090021,0.21217531,0.8342053,-0.7134566,0.43819395,-0.54677767,-0.48155648,-0.87348026,-0.0716638
1356327381192,-0.5056019,0.22223336,0.83365405,-0.7214341,0.42103857,-0.54978114,-0.4731802,-0.87939686,-0.05255121
1356327381233,-0.50806785,0.23677205,0.8281341,-0.7250591,0.4014187,-0.5596002,-0.46492618,-0.88476104,-0.032274246
1356327381273,-0.5175404,0.25605482,0.8164483,-0.7234679,0.37854433,-0.57732,-0.45688742,-0.88946056,-0.010664523
1356327381313,-0.5323343,0.27928692,0.7991364,-0.7170917,0.35291976,-0.60102177,-0.4498885,-0.8929986,0.012403071
1356327381375,-0.5475779,0.30658516,0.77856535,-0.70743406,0.32729214,-0.62643194,-0.446873,-0.89380395,0.03767085
1356327381394,-0.5534419,0.34017736,0.76025087,-0.69853944,0.30752397,-0.6461205,-0.45359093,-0.88865536,0.067430615
1356327381433,-0.5390029,0.38288125,0.75025177,-0.6948235,0.3013786,-0.6529863,-0.47612607,-0.8732542,0.103590965
1356327381473,-0.50370985,0.43119994,0.74856067,-0.69504905,0.312294,-0.64759505,-0.51301396,-0.84648633,0.14239949
1356327381513,-0.46078175,0.47494555,0.7497379,-0.6935941,0.33434308,-0.63807666,-0.55372137,-0.8140279,0.17536026
1356327381571,-0.42749673,0.50532055,0.7495984,-0.6882396,0.35570937,-0.63229513,-0.5861509,-0.7862073,0.19571698
1356327381593,-0.4128362,0.5196875,0.74799144,-0.68114024,0.36904228,-0.63234144,-0.6046604,-0.77054054,0.20162606
1356327381633,-0.4181754,0.5187067,0.7457029,-0.6735587,0.37373322,-0.637685,-0.6094654,-0.76893884,0.1930933
1356327381670,-0.43952954,0.5042423,0.7433394,-0.6653012,0.37324613,-0.64657676,-0.60348,-0.7787342,0.17142028
1356327381713,-0.47211415,0.47842503,0.74041736,-0.655684,0.37082696,-0.65769744,-0.58922565,-0.79598796,0.13862294
1356327381753,-0.50971246,0.44415742,0.7368293,-0.64527863,0.36909342,-0.66886884,-0.56904185,-0.81639093,0.09847379
1356327381793,-0.5478237,0.4046057,0.7322455,-0.6347011,0.36920583,-0.67885315,-0.5450172,-0.8366488,0.054543912
1356327381833,-0.5830862,0.36292368,0.7268403,-0.62474066,0.37161398,-0.68673295,-0.5193357,-0.8545112,0.010050237
1356327381873,-0.6128523,0.3222651,0.7214967,-0.6163652,0.37640166,-0.691676,-0.49447563,-0.8686006,-0.032045662
1356327381912,-0.63444895,0.28588516,0.71815336,-0.61078775,0.3839844,-0.6924553,-0.47372234,-0.87796676,-0.06900334
1356327381953,-0.6457003,0.25657547,0.7191942,-0.6089788,0.3951841,-0.68773127,-0.46066907,-0.8820423,-0.09892142
1356327381993,-0.6452533,0.23570804,0.7266979,-0.61198753,0.40990078,-0.67635244,-0.45729578,-0.88114876,-0.120239496
1356327382033,-0.63396466,0.22274159,0.74059093,-0.62002033,0.425983,-0.65887266,-0.46223748,-0.87688345,-0.13195378
1356327382073,-0.61469525,0.21565063,0.7587124,-0.63251436,0.4399206,-0.6374915,-0.47124872,-0.8717595,-0.13401496
1356327382113,-0.59222496,0.2112915,0.77757674,-0.6484096,0.44793397,-0.61556494,-0.47836667,-0.86874104,-0.12827426
1356327382153,-0.57069576,0.20784163,0.7944232,-0.6663078,0.4482236,-0.5959275,-0.4799378,-0.8694236,-0.11731279
1356327382193,-0.55167675,0.20580122,0.8082689,-0.6844764,0.4420396,-0.5797353,-0.47659707,-0.8730675,-0.102996945
1356327382234,-0.53559995,0.20671731,0.81878,-0.7010034,0.43180275,-0.56757426,-0.4708789,-0.8779603,-0.08636403
1356327382273,-0.5234203,0.21171159,0.8253541,-0.7144107,0.41886753,-0.5605062,-0.4643797,-0.8830222,-0.067994714
1356327382313,-0.5163475,0.22127089,0.8272995,-0.7238325,0.40350026,-0.55969095,-0.4576589,-0.8878213,-0.048183262
1356327382375,-0.51504266,0.23529993,0.82423604,-0.7288899,0.38577646,-0.5655936,-0.45105496,-0.8920821,-0.027183592
1356327382394,-0.5188947,0.25331336,0.816444,-0.7297728,0.3661127,-0.57740206,-0.44517416,-0.89542943,-0.005112767
1356327382434,-0.5249752,0.275521,0.8052884,-0.7273978,0.3460254,-0.5925865,-0.44192034,-0.8968582,0.018758595
1356327382474,-0.52533954,0.30412996,0.7946845,-0.7247939,0.32931274,-0.6051669,-0.44574907,-0.8939005,0.047430515
1356327382514,-0.5092218,0.34211516,0.7897153,-0.72586846,0.3222713,-0.60766447,-0.46239376,-0.8826655,0.08422309
1356327382554,-0.47358167,0.38675562,0.79129046,-0.73042667,0.32954782,-0.5982268,-0.49213558,-0.8612888,0.12642878
1356327382594,-0.42912722,0.42847604,0.7951467,-0.73374134,0.3480249,-0.5835259,-0.5267577,-0.8338387,0.16504353
1356327382634,-0.3931762,0.45837092,0.7970625,-0.7329515,0.36715645,-0.57269394,-0.5551529,-0.8093778,0.19160646
1356327382674,-0.3769366,0.4735064,0.7960594,-0.7291563,0.37830436,-0.570278,-0.571183,-0.79541034,0.20266336
1356327382713,-0.38337713,0.474711,0.7922571,-0.7232252,0.3792075,-0.57718885,-0.5744277,-0.79426134,0.19794351
1356327382753,-0.41020924,0.46381506,0.78524137,-0.71410275,0.37220222,-0.59289354,-0.5672616,-0.80395347,0.17853081
1356327382793,-0.45158488,0.44310468,0.7744219,-0.70035416,0.36171526,-0.6153585,-0.55278844,-0.82025623,0.14698505
1356327382833,-0.5004438,0.41533422,0.75964046,-0.68159544,0.35201472,-0.64149296,-0.5338386,-0.83879864,0.10692626
1356327382873,-0.55046314,0.38354275,0.7415425,-0.6588639,0.3459233,-0.6680085,-0.5127267,-0.8562897,0.06228441
1356327382912,-0.5966797,0.35079306,0.7217461,-0.63455725,0.34430933,-0.6919452,-0.49123347,-0.8708589,0.017156005
1356327382953,-0.6363847,0.3194304,0.70212436,-0.61117387,0.3465333,-0.71160465,-0.47061762,-0.8819744,-0.02530098
1356327382993,-0.666671,0.29187042,0.68582904,-0.5917616,0.3521827,-0.72511065,-0.45317551,-0.88925755,-0.062072277
1356327383033,-0.6850076,0.27042103,0.67648876,-0.5789246,0.3616606,-0.73078585,-0.44227922,-0.8922298,-0.09118688
1356327383073,-0.68964,0.25645742,0.67721957,-0.5746268,0.37530404,-0.7272901,-0.44068214,-0.89071685,-0.11145735
1356327383113,-0.68067104,0.24953377,0.6887814,-0.57941,0.3919719,-0.7145922,-0.44829786,-0.8854891,-0.12222159
1356327383153,-0.66093653,0.247159,0.70857275,-0.5919376,0.40867156,-0.6946923,-0.46127298,-0.87857836,-0.12380326
1356327383193,-0.6358112,0.24595618,0.7316076,-0.6095041,0.4215516,-0.6714157,-0.4735492,-0.87281144,-0.1181159
1356327383233,-0.6106252,0.24398951,0.7533963,-0.62929064,0.42805195,-0.6486639,-0.4807599,-0.87019575,-0.10783893
1356327383273,-0.58835584,0.24192895,0.77156186,-0.64880985,0.42822307,-0.6290236,-0.48257962,-0.8706867,-0.09498167
1356327383313,-0.5706462,0.24175946,0.7848026,-0.66570103,0.42339694,-0.61447304,-0.48083764,-0.8730907,-0.0806703
1356327383375,-0.55932367,0.24521515,0.7918501,-0.67801607,0.41425025,-0.6071993,-0.47691858,-0.876508,-0.06544018
1356327383394,-0.5558244,0.2532697,0.79177874,-0.6848124,0.40044975,-0.6088282,-0.47126538,-0.88062155,-0.049137473
1356327383434,-0.56067586,0.2661308,0.7841027,-0.685809,0.38139778,-0.61984,-0.46401358,-0.88527405,-0.03132564
1356327383474,-0.5732574,0.28336734,0.76881665,-0.68086606,0.35726923,-0.6393591,-0.45584804,-0.8899785,-0.011872053
1356327383514,-0.58922994,0.30469918,0.7483091,-0.6717218,0.32994175,-0.66327083,-0.44899648,-0.8934746,0.010261536
1356327383554,-0.5993849,0.33206517,0.728334,-0.66297036,0.30394483,-0.6841695,-0.4485622,-0.89294475,0.03796947
1356327383594,-0.5913345,0.3686921,0.7172096,-0.66156834,0.2867791,-0.6928817,-0.46114075,-0.8842081,0.074332595
1356327383634,-0.5592184,0.41345263,0.7185623,-0.6697885,0.28543854,-0.68549854,-0.48852652,-0.86462814,0.11730337
1356327383674,-0.51333284,0.4570969,0.72632754,-0.6806853,0.2985689,-0.66897243,-0.52264404,-0.83780605,0.15787393
1356327383713,-0.47336245,0.48944205,0.732376,-0.68696254,0.3153041,-0.6547258,-0.55137146,-0.8130374,0.18697518
1356327383753,-0.45269215,0.5065829,0.7337872,-0.68738884,0.32590556,-0.64906245,-0.5679493,-0.7982226,0.20068455
1356327383793,-0.45382935,0.5091651,0.7312933,-0.6830254,0.3282988,-0.652454,-0.5722896,-0.7955947,0.19878095
1356327383833,-0.47385675,0.49909496,0.7255095,-0.67364967,0.3251657,-0.66367424,-0.56714725,-0.80322576,0.1821332
1356327383873,-0.506726,0.47858888,0.7170645,-0.6595108,0.32048208,-0.67995346,-0.55522454,-0.81746185,0.15323788
1356327383913,-0.5458757,0.45011985,0.7066908,-0.6421226,0.31707227,-0.69795686,-0.53823626,-0.8347798,0.11595005
1356327383953,-0.58643806,0.41601333,0.6949987,-0.623289,0.31621057,-0.7152074,-0.51730174,-0.85260993,0.07385868
1356327383993,-0.6244984,0.3786142,0.68312013,-0.6050145,0.3186159,-0.72968584,-0.49392235,-0.86898524,0.030091941
1356327384033,-0.6559244,0.34090436,0.6734593,-0.5899841,0.32497847,-0.7391264,-0.47083116,-0.8821413,-0.0120331645
1356327384073,-0.6768972,0.30632842,0.6693079,-0.58089435,0.33614594,-0.74132824,-0.45207506,-0.8906002,-0.04959178
1356327384113,-0.68368876,0.27793393,0.67477584,-0.5805204,0.35318244,-0.7336609,-0.4422282,-0.8933168,-0.08012056
1356327384153,-0.6752201,0.25675446,0.6914876,-0.5894866,0.37566882,-0.7151074,-0.44337735,-0.8904775,-0.10230577
1356327384193,-0.6540809,0.24103838,0.71699274,-0.6060636,0.40017986,-0.68741757,-0.45262006,-0.88417,-0.115665376
1356327384233,-0.62585485,0.22753455,0.746012,-0.62776476,0.4206524,-0.6549527,-0.46283606,-0.87822527,-0.12042916
1356327384273,-0.59642327,0.21374454,0.77368766,-0.6528898,0.43151844,-0.6225165,-0.46691996,-0.8764161,-0.11781597
1356327384313,-0.56873155,0.19968273,0.79791677,-0.6801615,0.4313234,-0.5927398,-0.4625201,-0.87982213,-0.10949075
1356327384375,-0.54271173,0.18763027,0.81869346,-0.7075417,0.42311734,-0.56600046,-0.4526022,-0.8864348,-0.096874535
1356327384394,-0.5184139,0.1802164,0.83592415,-0.7324208,0.4109741,-0.54282606,-0.4413693,-0.89365673,-0.08106047
1356327384453,-0.49760664,0.17913714,0.8487034,-0.75258017,0.39733773,-0.5251149,-0.43128952,-0.9000181,-0.06290287
1356327384473,-0.48313063,0.18509674,0.8557593,-0.7665283,0.38290596,-0.5155748,-0.4231066,-0.90505373,-0.04311174
1356327384513,-0.47637385,0.19800779,0.8566568,-0.7741517,0.36745536,-0.5154277,-0.41684178,-0.9087186,-0.02175802
1356327384550,-0.477674,0.21753708,0.8511787,-0.77546203,0.3509487,-0.524875,-0.4128998,-0.91077584,0.001052618
1356327384593,-0.4818434,0.24373975,0.8416756,-0.7724961,0.33523643,-0.5393202,-0.4136141,-0.91005903,0.026756585
1356327384633,-0.47759157,0.27802074,0.8334331,-0.76954746,0.3253283,-0.54950714,-0.42391378,-0.9038063,0.058576107
1356327384674,-0.4509977,0.3201021,0.83314806,-0.7717345,0.32907164,-0.5441854,-0.44836026,-0.8883954,0.098623276
1356327384712,-0.40241575,0.3634791,0.8402051,-0.7770901,0.349544,-0.5234023,-0.48393443,-0.86354035,0.14179403
1356327384753,-0.34985548,0.3986597,0.84774494,-0.7790184,0.3788113,-0.49963218,-0.5203186,-0.835208,0.17803407
1356327384793,-0.31468296,0.4208126,0.85081804,-0.7760159,0.40211672,-0.48590273,-0.54660213,-0.8131537,0.20001799
1356327384833,-0.30532014,0.43069816,0.8492813,-0.770906,0.4117599,-0.48596072,-0.5590023,-0.8030896,0.20630914
1356327384873,-0.32140952,0.4300844,0.843637,-0.7643109,0.408135,-0.49925417,-0.55903924,-0.80526596,0.19753969
1356327384912,-0.3575952,0.42021883,0.83399147,-0.7546016,0.3961079,-0.52313954,-0.5501837,-0.81640345,0.17545152
1356327384953,-0.4078151,0.4019848,0.8198141,-0.7400454,0.38038683,-0.55465186,-0.53480816,-0.83289504,0.1423595
1356327384993,-0.46238524,0.37677062,0.80264795,-0.7217705,0.36585993,-0.5875319,-0.51502156,-0.85099375,0.10277367
1356327385033,-0.5149276,0.34677958,0.78396004,-0.70142794,0.35528535,-0.6178763,-0.49279636,-0.8680531,0.060294688
1356327385073,-0.560374,0.31448215,0.76621264,-0.68144095,0.35076326,-0.64234203,-0.47076434,-0.8820805,0.017742455
1356327385113,-0.59454,0.2825538,0.7527852,-0.6649091,0.35367095,-0.6578851,-0.45212615,-0.89167273,-0.022398949
1356327385153,-0.6143192,0.253397,0.74726295,-0.6548569,0.36460006,-0.66198885,-0.4401981,-0.8960228,-0.05804205
1356327385193,-0.61849785,0.22835791,0.751873,-0.65297157,0.38293374,-0.65344465,-0.43713677,-0.89510584,-0.087732434
1356327385232,-0.6083998,0.20734279,0.76606697,-0.6589622,0.40596306,-0.63321626,-0.44228774,-0.8900578,-0.11035675
1356327385273,-0.5865699,0.18955621,0.78740346,-0.6716536,0.42942202,-0.6037202,-0.4525673,-0.88298655,-0.12456989
1356327385313,-0.5570866,0.17343181,0.81214285,-0.68984544,0.44782424,-0.5688293,-0.46235037,-0.87714016,-0.12983572
1356327385375,-0.5250602,0.15823251,0.83622617,-0.71170676,0.45714542,-0.5333774,-0.46667463,-0.87520313,-0.12741375
1356327385394,-0.49386555,0.1444611,0.85745424,-0.7354157,0.45676464,-0.5005295,-0.46396178,-0.8777796,-0.11934137
1356327385434,-0.46465507,0.13388717,0.87531126,-0.7587048,0.44949493,-0.47150958,-0.45657706,-0.8831922,-0.1072793
1356327385474,-0.43861648,0.12872776,0.889407,-0.779052,0.43889317,-0.44771725,-0.44798833,-0.8892705,-0.09222013
1356327385514,-0.41877368,0.13070706,0.8986347,-0.794204,0.4271032,-0.43223026,-0.44030523,-0.8947059,-0.07505149
1356327385554,-0.40793654,0.14057651,0.9021231,-0.80334985,0.41424254,-0.42782247,-0.43383956,-0.8992449,-0.056052566
1356327385594,-0.40821922,0.15837634,0.8990406,-0.8061353,0.39959544,-0.4364279,-0.42837238,-0.9029066,-0.035449803
1356327385634,-0.4191622,0.1835615,0.8891615,-0.8026002,0.38290292,-0.45740384,-0.42442423,-0.9053677,-0.013171911
1356327385673,-0.43467844,0.21573281,0.8743649,-0.79415476,0.36603487,-0.48511517,-0.4247033,-0.9052502,0.01221776
1356327385713,-0.44120562,0.2548646,0.8604544,-0.7851621,0.35468978,-0.50765705,-0.43457824,-0.89957726,0.043618858
1356327385753,-0.42392337,0.29934466,0.8547994,-0.78098154,0.35712427,-0.512377,-0.45864692,-0.884791,0.082389295
1356327385793,-0.3824709,0.34316617,0.85787714,-0.78083795,0.3763327,-0.49866405,-0.49397185,-0.8605875,0.124020815
1356327385833,-0.3350355,0.37851015,0.8628334,-0.7791008,0.40369546,-0.47961658,-0.5298617,-0.83292264,0.15964514
1356327385873,-0.30188555,0.40175587,0.8645561,-0.7740151,0.4261431,-0.46829754,-0.556566,-0.8105518,0.18231869
1356327385914,-0.2922632,0.41344774,0.8623474,-0.76735973,0.43675637,-0.4694708,-0.5707374,-0.79893976,0.18961531
1356327385953,-0.30596697,0.41503233,0.8568152,-0.75984603,0.43577576,-0.48242465,-0.5736011,-0.7986537,0.1820277
1356327385993,-0.3379029,0.4074828,0.8483981,-0.75070864,0.42700696,-0.5040848,-0.56767774,-0.80723155,0.16161406
1356327386033,-0.38110548,0.39153138,0.8375331,-0.7393317,0.41485852,-0.5303593,-0.5551101,-0.82133764,0.13136673
1356327386073,-0.42841548,0.36816818,0.8251741,-0.7262475,0.40304685,-0.55688214,-0.53761005,-0.8378576,0.09470981
1356327386113,-0.47517657,0.33893222,0.81199265,-0.71235174,0.39351237,-0.58112216,-0.5164902,-0.85456,0.054451108
1356327386153,-0.5176641,0.3056686,0.79911876,-0.6991179,0.3872975,-0.6010282,-0.49321213,-0.8698088,0.013208389
1356327386192,-0.5528259,0.2705795,0.7881436,-0.6881443,0.38515174,-0.6149111,-0.46993715,-0.88229525,-0.0267241
1356327386233,-0.575751,0.2358333,0.7828751,-0.6823896,0.38884485,-0.61898637,-0.45039457,-0.89060783,-0.06294769
1356327386273,-0.5817772,0.20329022,0.78753304,-0.68506086,0.39946723,-0.6091943,-0.43843687,-0.8939234,-0.09313476
1356327386313,-0.57033604,0.1742113,0.80272484,-0.6964513,0.41558045,-0.58502,-0.43551385,-0.8927168,-0.11569083
1356327386375,-0.5440873,0.14863083,0.82575893,-0.7149222,0.43300185,-0.5489951,-0.43915272,-0.8890547,-0.12933135
1356327386394,-0.5088372,0.12645507,0.85152435,-0.73758626,0.4460158,-0.5069876,-0.4439045,-0.8860469,-0.13367796
1356327386434,-0.4709999,0.10805261,0.87549055,-0.76194733,0.45028424,-0.46548933,-0.4445169,-0.88632315,-0.12975341
1356327386474,-0.43546438,0.09473264,0.8952075,-0.78542715,0.4459232,-0.42925134,-0.43985796,-0.890044,-0.11977804
1356327386514,-0.40549153,0.08837888,0.9098164,-0.8054429,0.43610817,-0.40133706,-0.43224812,-0.89554393,-0.105654
1356327386553,-0.38489303,0.09063998,0.91849977,-0.81960654,0.4240195,-0.38529557,-0.424385,-0.90110594,-0.08891308
1356327386593,-0.3776069,0.10254562,0.92027026,-0.82649803,0.41079125,-0.38490453,-0.41750926,-0.9059442,-0.07036388
1356327386633,-0.3867163,0.12449509,0.9137567,-0.8251682,0.39569986,-0.4031365,-0.41176197,-0.90990245,-0.05029422
1356327386673,-0.41381562,0.15627542,0.8968471,-0.81422436,0.37709838,-0.44140184,-0.40717986,-0.91289365,-0.028805912
1356327386712,-0.45625645,0.19715193,0.86773336,-0.7922735,0.35396606,-0.49700177,-0.405133,-0.9142424,-0.005301118
1356327386753,-0.49973434,0.24591127,0.830538,-0.76297307,0.328946,-0.55647707,-0.41004616,-0.9117688,0.023238003
1356327386793,-0.5236775,0.30153716,0.79676664,-0.73677135,0.30924356,-0.60127896,-0.42770287,-0.9019112,0.060220063
1356327386833,-0.51250964,0.35997245,0.77958566,-0.72523415,0.30463243,-0.61744183,-0.45974916,-0.88182706,0.104937255
1356327386873,-0.47809285,0.41422307,0.7744976,-0.7231784,0.31477082,-0.61476207,-0.49843788,-0.8540132,0.14906746
1356327386913,-0.45073324,0.458384,0.76597893,-0.7170192,0.32521164,-0.6165394,-0.53171706,-0.82711643,0.18208641
1356327386953,-0.45315248,0.4910525,0.74398935,-0.6996912,0.3211999,-0.6381715,-0.55234504,-0.8097518,0.19803268
1356327386993,-0.49042618,0.5119431,0.7052633,-0.66837895,0.29836482,-0.6813574,-0.55924195,-0.8055388,0.19584614
1356327387033,-0.55415237,0.51939106,0.6504983,-0.62113893,0.26223642,-0.7385245,-0.5541674,-0.81330496,0.17729515
1356327387073,-0.6289297,0.51207894,0.5849979,-0.5598081,0.22386521,-0.797809,-0.5395019,-0.82925236,0.14587045
1356327387113,-0.70008385,0.49166146,0.5178336,-0.49166146,0.19400477,-0.8489,-0.5178336,-0.8489,0.105911374
1356327387154,-0.75926185,0.46214253,0.45819816,-0.42645085,0.1785261,-0.8867176,-0.49159023,-0.8686499,0.061533034
1356327387193,-0.8041732,0.42863846,0.41179445,-0.37171608,0.1779474,-0.9111322,-0.46382406,-0.88577867,0.016231239
1356327387232,-0.83523726,0.39520696,0.38234833,-0.33305272,0.18969798,-0.92362905,-0.43755528,-0.89879155,-0.026818037
1356327387276,-0.8528343,0.36506408,0.3733658,-0.31466198,0.21133351,-0.92537886,-0.41672727,-0.90667874,-0.065360725
1356327387331,-0.8550618,0.33961287,0.39183196,-0.32381466,0.2404654,-0.9150522,-0.40498552,-0.9093071,-0.09564108
1356327387396,-0.84119093,0.3202816,0.4356805,-0.35783872,0.2743411,-0.892574,-0.4054001,-0.90672857,-0.11616409
1356327387397,-0.8098929,0.30379885,0.5017765,-0.41351634,0.31100535,-0.8557335,-0.41602606,-0.90054536,-0.12625527
1356327387430,-0.76534456,0.28676438,0.5762064,-0.47864556,0.3449229,-0.80741966,-0.430286,-0.89375293,-0.12672633
1356327387473,-0.7165521,0.2683674,0.6438416,-0.5408134,0.3692072,-0.7557823,-0.4405383,-0.88975555,-0.119419456
1356327387513,-0.67266953,0.2506221,0.69620717,-0.59294605,0.38027632,-0.70979214,-0.4426407,-0.8902688,-0.1071949
1356327387553,-0.63785315,0.23746482,0.7326349,-0.63323104,0.37974936,-0.6743952,-0.4383628,-0.8940922,-0.091854274
1356327387593,-0.61377823,0.23249692,0.7544676,-0.6607812,0.37167042,-0.6520961,-0.43202364,-0.8987804,-0.07449359
1356327387633,-0.60368276,0.237991,0.7608727,-0.6736667,0.35807586,-0.6464942,-0.42630994,-0.9028521,-0.05583763
1356327387673,-0.6115681,0.25464702,0.7490924,-0.66945636,0.33805782,-0.66147196,-0.42167836,-0.9060198,-0.03627032
1356327387712,-0.6393057,0.28124222,0.7156752,-0.6456814,0.3091005,-0.6982496,-0.41759282,-0.90849304,-0.016016841
1356327387753,-0.6827271,0.31433094,0.65960586,-0.60213596,0.26933485,-0.7515924,-0.41390356,-0.9103048,0.0053877234
1356327387793,-0.73051244,0.35037494,0.58616465,-0.5439746,0.22035885,-0.80965036,-0.41284776,-0.9103183,0.029620111
1356327387833,-0.7620753,0.38838074,0.5180747,-0.49241623,0.17191708,-0.853212,-0.42043698,-0.9053203,0.060231328
1356327387873,-0.76219225,0.43220344,0.4819368,-0.47211006,0.13824719,-0.8706319,-0.44291645,-0.8911161,0.09867674
1356327387913,-0.732405,0.48104864,0.48184553,-0.48481184,0.12843543,-0.8651369,-0.47805896,-0.867235,0.13915133
1356327387953,-0.68954855,0.5251083,0.49878258,-0.50928336,0.1380933,-0.8494473,-0.5149303,-0.8397568,0.17220688
1356327387993,-0.6555734,0.5541002,0.51302683,-0.5260915,0.15223503,-0.83669126,-0.54171145,-0.8184116,0.19170612
1356327388033,-0.6409937,0.56501156,0.5195085,-0.53129,0.1618731,-0.8315817,-0.5539477,-0.8090483,0.19642532
1356327388073,-0.6465867,0.5586934,0.5194106,-0.5260067,0.16660434,-0.8340024,-0.5524876,-0.8124683,0.18615234
1356327388113,-0.66628796,0.5374326,0.5169395,-0.5139207,0.17135829,-0.84054846,-0.54032004,-0.82571334,0.16202378
1356327388153,-0.69275576,0.50445765,0.5153757,-0.4993574,0.18006766,-0.84747744,-0.5203189,-0.8444514,0.12716168
1356327388193,-0.72012126,0.46330214,0.51650405,-0.48636484,0.19384795,-0.8519813,-0.494848,-0.8647393,0.08573991
1356327388233,-0.7446029,0.41754,0.52079445,-0.47750455,0.21199232,-0.85267144,-0.46642894,-0.88358337,0.041527092
1356327388273,-0.76374483,0.37054253,0.5285754,-0.4743184,0.23328066,-0.84888285,-0.43785363,-0.899043,-0.0024117231
1356327388312,-0.7753159,0.32555202,0.54120344,-0.47850326,0.25650072,-0.8397869,-0.41221341,-0.9100677,-0.043091416
1356327388376,-0.77656627,0.28571644,0.5615256,-0.49228534,0.28104722,-0.8238129,-0.39319208,-0.91617614,-0.07759774
1356327388395,-0.7633771,0.25360346,0.5940882,-0.5187642,0.30731177,-0.79777396,-0.3848885,-0.917194,-0.10303438
1356327388434,-0.7327763,0.23047279,0.6402509,-0.5576335,0.33584356,-0.759114,-0.38997924,-0.9132861,-0.117578864
1356327388474,-0.68587065,0.21468762,0.695335,-0.6036788,0.36573625,-0.70838475,-0.4063906,-0.90561926,-0.121245384
1356327388514,-0.6295095,0.2032373,0.74994165,-0.648847,0.39348,-0.6512842,-0.42745227,-0.8965869,-0.11582947
1356327388554,-0.5738029,0.19333194,0.79584736,-0.68765664,0.41406816,-0.59638566,-0.44483548,-0.88947755,-0.10464752
1356327388594,-0.52589774,0.18433383,0.8303328,-0.71915233,0.42489135,-0.5498066,-0.4541492,-0.8862778,-0.09088528
1356327388633,-0.48750427,0.17756319,0.8548748,-0.7441846,0.42757782,-0.5131924,-0.4566496,-0.88636816,-0.076306224
1356327388673,-0.4582848,0.17474735,0.87145764,-0.7631628,0.42521065,-0.4865989,-0.45558494,-0.8880649,-0.061506867
1356327388713,-0.4385274,0.17692342,0.88113105,-0.7763133,0.41940242,-0.4705733,-0.45280397,-0.890393,-0.046571493
1356327388753,-0.42844576,0.18440127,0.884551,-0.78439796,0.4100157,-0.46541053,-0.44850212,-0.89324313,-0.03102547
1356327388793,-0.42798835,0.19701451,0.8820495,-0.7880543,0.39647174,-0.47093585,-0.44248885,-0.89665794,-0.014427125
1356327388833,-0.4348715,0.21405995,0.87468004,-0.78828204,0.379067,-0.48468512,-0.43531397,-0.9002703,0.0038942099
1356327388873,-0.44304997,0.23555768,0.86499673,-0.7866869,0.3605507,-0.5011257,-0.42991918,-0.9025053,0.025568128
1356327388913,-0.44073683,0.26261362,0.85836196,-0.7866032,0.3476854,-0.5102649,-0.43244243,-0.9000827,0.05333495
1356327388952,-0.4159732,0.29485694,0.86024755,-0.79092956,0.34952575,-0.5022572,-0.44877273,-0.8893206,0.08781761
1356327388993,-0.36820042,0.32710916,0.87030345,-0.79712194,0.37075436,-0.47658986,-0.47856575,-0.8692185,0.12423396
1356327389033,-0.31590796,0.3508059,0.881554,-0.799255,0.4022807,-0.44649947,-0.5112668,-0.8456391,0.15329969
1356327389073,-0.27743757,0.36199823,0.8899358,-0.797222,0.4301924,-0.42352292,-0.53615814,-0.8269775,0.16924137
1356327389113,-0.25957724,0.36154544,0.89549136,-0.7946161,0.4470106,-0.41081235,-0.54882145,-0.8182093,0.171256
1356327389153,-0.26136076,0.3515677,0.8989387,-0.79305047,0.45268214,-0.40761483,-0.5502377,-0.8194382,0.16049755
1356327389193,-0.27875,0.333888,0.90045387,-0.7919137,0.45051473,-0.41220036,-0.5432965,-0.82798266,0.13882947
1356327389233,-0.306192,0.3100775,0.9000547,-0.79047626,0.4440268,-0.42188567,-0.5304656,-0.8406499,0.10915142
1356327389272,-0.3380031,0.28170732,0.89799494,-0.7888309,0.43561757,-0.43357027,-0.5133223,-0.8549142,0.074979365
1356327389312,-0.37146586,0.25006613,0.8941365,-0.78699815,0.42614144,-0.44613603,-0.49259216,-0.86940813,0.0385046
1356327389377,-0.4033085,0.21621445,0.8891533,-0.78529227,0.41702795,-0.45760664,-0.46974295,-0.8828018,0.0016006231
1356327389394,-0.42926535,0.18182477,0.88468695,-0.7842834,0.41073975,-0.46496484,-0.4479182,-0.8934386,-0.033714235
1356327389434,-0.44461963,0.14904979,0.8832313,-0.7848685,0.4103206,-0.46434736,-0.4316189,-0.89967835,-0.06545216
1356327389474,-0.4455316,0.11972043,0.8872253,-0.7882414,0.41741502,-0.45215073,-0.42447284,-0.9007951,-0.09160304
1356327389514,-0.43206242,0.094937146,0.89683276,-0.7945681,0.43032464,-0.4283483,-0.4265954,-0.8976679,-0.110493064
1356327389554,-0.40758854,0.074670345,0.9101076,-0.8037274,0.44376212,-0.39635527,-0.43346727,-0.89302826,-0.120857716
1356327389594,-0.37772286,0.05841592,0.9240741,-0.81578183,0.4510826,-0.36197293,-0.43797868,-0.8905684,-0.12272954
1356327389634,-0.34733316,0.046224773,0.9366019,-0.83044946,0.44875154,-0.33011475,-0.43556097,-0.89246035,-0.11747891
1356327389673,-0.31902924,0.03924215,0.94693214,-0.8459101,0.43877068,-0.30317733,-0.42738336,-0.8977418,-0.10678536
1356327389713,-0.2948121,0.038899213,0.9547632,-0.85948503,0.42584345,-0.2827419,-0.41757807,-0.90396035,-0.092110515
1356327389753,-0.2773524,0.046012044,0.9596659,-0.86937445,0.41317153,-0.27106717,-0.40897897,-0.9094901,-0.07459241
1356327389793,-0.26868445,0.060806036,0.9613071,-0.87522215,0.4013484,-0.2700105,-0.40223736,-0.9139049,-0.054617286
1356327389833,-0.2694047,0.083126634,0.9594327,-0.8773067,0.38970762,-0.28010893,-0.39718273,-0.91717935,-0.032061458
1356327389873,-0.2780957,0.11241081,0.95395315,-0.87595487,0.37785372,-0.2998828,-0.39416483,-0.919016,-0.006612718
1356327389913,-0.2898888,0.14821333,0.9455143,-0.8715221,0.36737,-0.32479003,-0.3954918,-0.91818964,0.02267474
1356327389952,-0.2944695,0.19055405,0.9364704,-0.8650545,0.3633243,-0.34594268,-0.4061632,-0.91196746,0.05785173
1356327389993,-0.2786616,0.23851049,0.9303013,-0.8577943,0.37381124,-0.3527806,-0.43189895,-0.89631355,0.10042608
