1356327486834,0.09079182,0.08962062,-0.99182916,0.9697635,0.21858978,0.10852355,0.22652963,-0.97169274,-0.06706464
1356327486873,-0.17720604,-0.10879275,0.97814214,-0.9577495,-0.20969492,-0.19683462,0.22652563,-0.9716955,-0.067037046
1356327486913,-0.17709279,-0.108639896,0.9781797,-0.9577753,-0.20971274,-0.19669014,0.22650519,-0.9717087,-0.06691396
1356327486953,-0.17697847,-0.10840708,0.9782262,-0.9578015,-0.20974559,-0.1965273,0.22648358,-0.97172767,-0.06671196
1356327486994,-0.17718393,-0.108413786,0.9781882,-0.95773876,-0.20983607,-0.19673619,0.22658807,-0.97170734,-0.06665254
1356327487033,-0.17819923,-0.10927877,0.97790754,-0.9574375,-0.21007466,-0.1979444,0.22706473,-0.9715589,-0.067192495
1356327487072,-0.18046242,-0.11171517,0.97721696,-0.9567698,-0.21045762,-0.20074597,0.22808921,-0.9711989,-0.06890595
1356327487114,-0.18431348,-0.11639419,0.9759513,-0.9556588,-0.21079862,-0.20562145,0.22966233,-0.9705752,-0.072380126
1356327487152,-0.18929535,-0.12329352,0.97414887,-0.95422673,-0.21085608,-0.21211118,0.2315571,-0.9697105,-0.07773596
1356327487192,-0.19517714,-0.13175088,0.9718784,-0.95255953,-0.21048635,-0.21983162,0.23353007,-0.9686781,-0.084418416
1356327487233,-0.2007016,-0.14020193,0.9695681,-0.9509393,-0.20997757,-0.22720873,0.2354427,-0.96760154,-0.09118062
1356327487275,-0.20491594,-0.14684123,0.96770203,-0.94961554,-0.20972222,-0.23290974,0.23714939,-0.96667176,-0.09646726
1356327487313,-0.20761895,-0.1504362,0.966573,-0.94872165,-0.20981735,-0.23644021,0.23837295,-0.9660982,-0.099160016
1356327487353,-0.20957845,-0.1508483,0.9660858,-0.94819796,-0.20988703,-0.23847046,0.23874167,-0.9660188,-0.09904629
1356327487393,-0.21213788,-0.14882147,0.9658414,-0.94784665,-0.20924127,-0.24042639,0.23787448,-0.9664731,-0.096672
1356327487440,-0.21658921,-0.14534825,0.9653823,-0.9474732,-0.20707726,-0.24374881,0.2353372,-0.9674673,-0.092862844
1356327487473,-0.22370303,-0.14124948,0.964368,-0.9469461,-0.20276278,-0.24936002,0.23075989,-0.96898705,-0.08839697
1356327487512,-0.23319548,-0.13679397,0.9627602,-0.9463167,-0.19597447,-0.2570577,0.22384036,-0.9710208,-0.08375007
1356327487552,-0.24463093,-0.13219276,0.9605627,-0.94556093,-0.18677467,-0.26651427,0.21463999,-0.9734682,-0.07930547
1356327487593,-0.25747937,-0.12782463,0.9577918,-0.944559,-0.17570782,-0.27737167,0.20374644,-0.97610843,-0.07549673
1356327487632,-0.2712406,-0.12430379,0.9544512,-0.9431063,-0.16379273,-0.28934824,0.19229925,-0.978632,-0.07280445
1356327487674,-0.28534913,-0.12227267,0.95059204,-0.9410226,-0.1523968,-0.302079,0.1818032,-0.9807266,-0.071575046
1356327487713,-0.29916358,-0.122130096,0.9463537,-0.9381724,-0.14337611,-0.3150805,0.17416534,-0.9821036,-0.07168615
1356327487771,-0.31184727,-0.123987496,0.94200766,-0.93455833,-0.13874698,-0.32764316,0.17132437,-0.9825357,-0.07260567
1356327487794,-0.32256758,-0.12785664,0.9378714,-0.93034315,-0.1397236,-0.33902636,0.17438954,-0.98190117,-0.073880255
1356327487834,-0.33043706,-0.1337061,0.93430936,-0.9259623,-0.14577031,-0.34834573,0.18277058,-0.98024166,-0.07563889
1356327487864,-0.3332367,-0.1397498,0.9324287,-0.9230212,-0.15336621,-0.35286072,0.19231525,-0.9782376,-0.07788479
1356327487904,-0.3342672,-0.14790037,0.9308013,-0.9203439,-0.16155833,-0.35618263,0.20305827,-0.97571737,-0.08211553
1356327487934,-0.32693267,-0.15469301,0.9323009,-0.9210011,-0.168971,-0.35100678,0.21183011,-0.97340584,-0.087230265
1356327487974,-0.3167575,-0.16143817,0.934667,-0.92320496,-0.17360902,-0.34285924,0.21761718,-0.9714924,-0.09404856
1356327488014,-0.29685795,-0.16431537,0.94067836,-0.9290309,-0.17813528,-0.32429847,0.2208552,-0.9701898,-0.09977317
1356327488054,-0.26780653,-0.16071141,0.94997454,-0.93729293,-0.18482947,-0.29549986,0.22307345,-0.96954113,-0.101135135
1356327488094,-0.2314359,-0.14947179,0.96129894,-0.94626725,-0.1948266,-0.2581104,0.2258668,-0.9693817,-0.09635043
1356327488124,-0.19350296,-0.13465402,0.9718153,-0.9539155,-0.20573497,-0.21844533,0.22935086,-0.96929955,-0.088638246
1356327488164,-0.15621877,-0.11476874,0.981032,-0.95928574,-0.21898288,-0.17837423,0.23530102,-0.96895546,-0.075886786
1356327488204,-0.122603774,-0.09320697,0.9880692,-0.96212626,-0.2330814,-0.14137188,0.24347743,-0.96798015,-0.061100215
1356327488244,-0.09710622,-0.07322833,0.9925765,-0.9625032,-0.24689752,-0.11237922,0.25329402,-0.9662708,-0.04650721
1356327488284,-0.08278346,-0.05671099,0.9949527,-0.96099937,-0.2598067,-0.09476712,0.26386967,-0.963994,-0.0329915
1356327488323,-0.0808965,-0.04408574,0.9957471,-0.9582412,-0.27147275,-0.089868605,0.27428007,-0.961436,-0.02028367
1356327488354,-0.09222108,-0.03621155,0.9950799,-0.9546021,-0.2810579,-0.09869757,0.2832491,-0.9590074,-0.008648127
1356327488394,-0.1072489,-0.028181672,0.99383277,-0.9507245,-0.28955942,-0.110807806,0.29089636,-0.95674515,0.004261911
1356327488423,-0.13458711,-0.023852527,0.99061465,-0.9454287,-0.2962805,-0.13558197,0.29673374,-0.9548031,0.017324626
1356327488463,-0.15995246,-0.015317529,0.98700595,-0.9405403,-0.30117232,-0.15709624,0.29966512,-0.95344675,0.03376639
1356327488503,-0.1880312,-0.0032988489,0.9821575,-0.93561614,-0.30359817,-0.1801407,0.2987755,-0.95279443,0.053999424
1356327488543,-0.21182173,0.015703827,0.9771821,-0.9323288,-0.30309063,-0.1972282,0.29307753,-0.95283234,0.07884231
1356327488583,-0.22342604,0.04600486,0.9736346,-0.9332179,-0.29847145,-0.20004833,0.28139886,-0.9533092,0.10961881
1356327488623,-0.21552509,0.09088281,0.97225994,-0.9405931,-0.28683126,-0.18169355,0.2623617,-0.9536605,0.14730304
1356327488663,-0.18698335,0.14674872,0.9713403,-0.95350105,-0.26502997,-0.14350891,0.23637459,-0.9530078,0.18948132
1356327488703,-0.1458525,0.20194787,0.96847516,-0.9672993,-0.2344442,-0.096788794,0.20750707,-0.95092225,0.22953829
1356327488792,-0.10486686,0.24379617,0.9641402,-0.9775649,-0.2033521,-0.054906696,0.18267396,-0.94826746,0.25965154
1356327488795,-0.07351029,0.26588625,0.96119756,-0.98315364,-0.18104833,-0.02510789,0.16734737,-0.94685054,0.27471596
1356327488823,-0.0540722,0.26894006,0.96163785,-0.98529005,-0.17071837,-0.0076575577,0.16210994,-0.9479064,0.27421513
1356327488860,-0.04838729,0.25467858,0.9658145,-0.98518384,-0.1714518,-0.004147023,0.16453445,-0.95170546,0.25920126
1356327488904,-0.056483626,0.22477013,0.9727733,-0.9835823,-0.17978716,-0.015569389,0.17139265,-0.9576821,0.23123494
1356327488942,-0.0747087,0.1833098,0.9802123,-0.9809377,-0.19033343,-0.0391697,0.17938703,-0.9644536,0.19403511
1356327488983,-0.10143918,0.13309956,0.9858979,-0.9771588,-0.19934827,-0.07362735,0.1867373,-0.9708475,0.1502811
1356327489022,-0.13228768,0.07865399,0.98808575,-0.97221965,-0.2044974,-0.113884985,0.19310343,-0.975702,0.103521466
1356327489063,-0.16326952,0.02424094,0.98628366,-0.9662553,-0.20581073,-0.15489551,0.1992329,-0.9782915,0.057025522
1356327489103,-0.19120675,-0.026689619,0.98118687,-0.95972776,-0.20452976,-0.19258839,0.20582196,-0.9784965,0.013492614
1356327489143,-0.21379632,-0.07145247,0.97426164,-0.95345736,-0.20181358,-0.22403196,0.21262684,-0.97681415,-0.02497989
1356327489183,-0.2279278,-0.106621385,0.9678227,-0.9489825,-0.19812053,-0.24531704,0.21790159,-0.97436136,-0.05602461
1356327489223,-0.23103398,-0.12915748,0.96433485,-0.94791657,-0.19348782,-0.2530152,0.21926585,-0.9725641,-0.07772827
1356327489263,-0.22259879,-0.13821343,0.96506315,-0.95080435,-0.18799037,-0.24623328,0.21545535,-0.9723974,-0.08956748
1356327489303,-0.20457524,-0.13552383,0.96942365,-0.95663285,-0.1821301,-0.22733742,0.20737085,-0.9738901,-0.09238726
1356327489343,-0.18109429,-0.12510464,0.97547615,-0.96320033,-0.17775643,-0.20161259,0.19861987,-0.97608984,-0.08831012
1356327489383,-0.15640414,-0.11077419,0.98146164,-0.9684942,-0.17777264,-0.1744022,0.19379619,-0.97781694,-0.07947981
1356327489423,-0.13425517,-0.095547676,0.9863297,-0.9713353,-0.18435258,-0.15007281,0.19617155,-0.97820485,-0.06805855
1356327489463,-0.11749035,-0.080931365,0.98977077,-0.9716087,-0.1967361,-0.13142106,0.2053597,-0.9771105,-0.055519044
1356327489503,-0.10861778,-0.06768909,0.99177647,-0.9697912,-0.21199518,-0.12067872,0.21842042,-0.9749238,-0.042617887
1356327489543,-0.11069876,-0.057068408,0.9922142,-0.9663128,-0.22721809,-0.12087777,0.23234728,-0.97217035,-0.029993206
1356327489583,-0.12607884,-0.05012366,0.9907531,-0.9611355,-0.24109405,-0.13450712,0.2456066,-0.9692065,-0.017778844
1356327489622,-0.15541422,-0.04678026,0.9867412,-0.9536265,-0.25353843,-0.16221851,0.25776544,-0.9661935,-0.005207449
1356327489662,-0.19677824,-0.045491636,0.97939205,-0.942892,-0.265046,-0.20175573,0.26876208,-0.96316206,0.0092615485
1356327489703,-0.17572212,-0.022451341,0.98418367,-0.9443483,-0.27855664,-0.17496416,0.27807912,-0.9601573,0.027746737
1356327489771,-0.28224713,-0.030317307,0.95886254,-0.9164554,-0.28698236,-0.27883813,0.28363022,-0.957456,0.053215474
1356327489785,-0.34886682,-0.01412648,0.93706584,-0.89411074,-0.2945913,-0.33731577,0.28081656,-0.95551884,0.09014252
1356327489824,-0.36869645,0.033943236,0.92893,-0.89095145,-0.2978865,-0.34273782,0.26508206,-0.95399773,0.14007148
1356327489864,-0.3455559,0.10800105,0.9321625,-0.90824205,-0.2882946,-0.30328646,0.23598215,-0.95143163,0.19771296
1356327489905,-0.30302656,0.1813797,0.935562,-0.9313878,-0.26417285,-0.25045875,0.20172194,-0.9472667,0.24898627
1356327489944,-0.2677365,0.22976345,0.9356954,-0.9476742,-0.23805076,-0.21270978,0.17387006,-0.9436846,0.28147578
1356327489984,-0.25044495,0.24742007,0.93598115,-0.9550991,-0.22123748,-0.19707781,0.15831316,-0.94331187,0.2917185
1356327490024,-0.25038815,0.2379455,0.9384497,-0.955736,-0.21545297,-0.2003718,0.15451413,-0.9470808,0.28135985
1356327490064,-0.26198447,0.20767349,0.94246256,-0.9519481,-0.21611518,-0.21699986,0.15861535,-0.9540261,0.2543133
1356327490104,-0.2807387,0.16219774,0.9459797,-0.9451195,-0.21835434,-0.2430444,0.16713753,-0.9622959,0.21459675
1356327490134,-0.29194814,0.11716315,0.9492308,-0.9400897,-0.21784681,-0.26224798,0.17606106,-0.96892494,0.17374387
1356327490164,-0.30414593,0.07109177,0.94996905,-0.9344535,-0.21611261,-0.28300545,0.1851809,-0.9737768,0.1321617
1356327490204,-0.32266414,0.018422395,0.9463343,-0.9260911,-0.21271545,-0.31162092,0.19555908,-0.9769405,0.0856964
1356327490244,-0.33777595,-0.0341385,0.9406072,-0.91833967,-0.20708454,-0.33729547,0.20629999,-0.97772723,0.038597465
1356327490273,-0.3442853,-0.07872021,0.93555903,-0.9137265,-0.20095295,-0.35315967,0.21580413,-0.9764328,-0.0027436018
1356327490314,-0.34720838,-0.11615327,0.9305669,-0.9106989,-0.19501674,-0.36413732,0.22377184,-0.9738978,-0.03806925
1356327490344,-0.34082794,-0.14290237,0.92920136,-0.91192317,-0.19002175,-0.36371392,0.22854409,-0.97132415,-0.06555128
1356327490374,-0.32839322,-0.1591031,0.9310447,-0.9164013,-0.18514347,-0.3548669,0.22883728,-0.9697465,-0.08500242
1356327490404,-0.30993026,-0.1653158,0.9362767,-0.92386836,-0.18018818,-0.3376381,0.22452286,-0.9696406,-0.09688431
1356327490434,-0.2861843,-0.16275746,0.9442503,-0.93335146,-0.17550755,-0.3131328,0.21668774,-0.97093105,-0.101682425
1356327490475,-0.254645,-0.14876252,0.9555237,-0.9448052,-0.17237031,-0.27862436,0.20615283,-0.9737341,-0.09665835
1356327490514,-0.21926099,-0.12913549,0.9670826,-0.95506275,-0.17421722,-0.23979917,0.19944897,-0.9762031,-0.08513349
1356327490554,-0.18650109,-0.10881856,0.9764097,-0.96180606,-0.18246639,-0.20404714,0.20036605,-0.9771717,-0.07063216
1356327490594,-0.16142654,-0.090690285,0.9827089,-0.9647815,-0.19506466,-0.17648342,0.2076971,-0.9765885,-0.056007743
1356327490634,-0.14746076,-0.07582003,0.98615754,-0.96465224,-0.20914567,-0.16032508,0.21840644,-0.9749408,-0.04229921
1356327490673,-0.14803416,-0.06523788,0.98682827,-0.96188927,-0.22245961,-0.15899953,0.22990221,-0.97275674,-0.029819995
1356327490713,-0.16460001,-0.059306145,0.9845759,-0.95638585,-0.23461366,-0.17401919,0.2413153,-0.9702779,-0.018102169
1356327490768,-0.19700855,-0.057607055,0.9787079,-0.9473648,-0.24577802,-0.20516598,0.25236395,-0.96761286,-0.006154537
1356327490794,-0.2419939,-0.058258176,0.9685272,-0.93404186,-0.2562583,-0.24879178,0.26268736,-0.964851,0.0075974166
1356327490834,-0.2935179,-0.057436854,0.9542265,-0.91669846,-0.26619828,-0.29799736,0.2711295,-0.9622055,0.02548176
1356327490874,-0.34137267,-0.047896713,0.9387069,-0.89883626,-0.27543098,-0.34092686,0.27487817,-0.9601269,0.050973296
1356327490914,-0.37138748,-0.018349707,0.92829657,-0.8886485,-0.28266823,-0.36111283,0.26902625,-0.9590422,0.088672996
1356327490954,-0.37315756,0.037963897,0.92699087,-0.89361835,-0.28329754,-0.34812143,0.24939823,-0.9582803,0.13963994
1356327490995,-0.34945798,0.110765874,0.93038166,-0.91123766,-0.2712193,-0.3099775,0.21800253,-0.9561229,0.19571373
1356327491034,-0.31936288,0.17332622,0.9316466,-0.9292165,-0.2501558,-0.27199015,0.1859138,-0.95256495,0.24094808
1356327491074,-0.29795438,0.21033385,0.93111914,-0.94084156,-0.2296009,-0.2492002,0.16137058,-0.9502858,0.26630142
1356327491114,-0.28868687,0.22074479,0.93162847,-0.94607216,-0.21516538,-0.24218017,0.14699423,-0.951302,0.27095595
1356327491154,-0.28975415,0.20918903,0.9339606,-0.9466183,-0.20666605,-0.24739197,0.14126629,-0.9557872,0.2579046
1356327491193,-0.29789418,0.18115485,0.93725234,-0.9440342,-0.20157343,-0.26108906,0.14162761,-0.9625752,0.23106396
1356327491234,-0.31081283,0.1412729,0.9399135,-0.93917406,-0.19766247,-0.28085884,0.14610791,-0.97003686,0.19411588
1356327491274,-0.32762158,0.09269869,0.9402505,-0.9322244,-0.1936031,-0.30573764,0.15369388,-0.97669077,0.1498445
1356327491314,-0.34565854,0.04025781,0.9374964,-0.92402214,-0.1885888,-0.33259207,0.16341186,-0.9812307,0.102386415
1356327491353,-0.36322004,-0.011914223,0.9316272,-0.9152243,-0.1826685,-0.359161,0.17445809,-0.9831023,0.055444717
1356327491393,-0.37801927,-0.0596233,0.9238758,-0.90702087,-0.17611301,-0.3824884,0.18551171,-0.98256266,0.012494504
1356327491432,-0.38738066,-0.09863606,0.9166281,-0.90126836,-0.16874832,-0.399048,0.19404003,-0.98071146,-0.023527741
1356327491473,-0.38898522,-0.12556678,0.9126464,-0.89997,-0.15987492,-0.40557873,0.19683656,-0.97911847,-0.05081731
1356327491513,-0.3816238,-0.13906392,0.9137968,-0.9041071,-0.14944571,-0.4003202,0.19223312,-0.9789419,-0.06869662
1356327491553,-0.36611164,-0.14042762,0.91991436,-0.91260743,-0.13911664,-0.38444015,0.18196145,-0.9802686,-0.07722306
1356327491591,-0.34526676,-0.13332143,0.9289867,-0.92275274,-0.13237089,-0.3619467,0.17122608,-0.9821931,-0.07731938
1356327491634,-0.32307708,-0.12217215,0.9384537,-0.9316914,-0.1329301,-0.33805448,0.16604951,-0.9835668,-0.070880115
1356327491673,-0.30354404,-0.11080253,0.94635296,-0.93758106,-0.14217496,-0.31737682,0.16971385,-0.9836204,-0.06072998
1356327491713,-0.2896372,-0.10097778,0.951795,-0.93983865,-0.15819657,-0.3027822,0.18114498,-0.9822308,-0.049083114
1356327491770,-0.2836212,-0.093331516,0.95438373,-0.93854886,-0.17711645,-0.29623607,0.19668522,-0.97975457,-0.03736216
1356327491794,-0.28720993,-0.08823082,0.95379543,-0.9338205,-0.1959266,-0.2993192,0.21328306,-0.97664124,-0.026119709
1356327491834,-0.3015507,-0.08578506,0.94958305,-0.9254991,-0.21304715,-0.31314912,0.22916946,-0.9732686,-0.015149534
1356327491874,-0.32629406,-0.08538416,0.9414041,-0.913358,-0.22810423,-0.33726195,0.24353513,-0.9698856,-0.0035572052
1356327491914,-0.35888654,-0.08513862,0.92949015,-0.89762825,-0.24149632,-0.36870465,0.25585943,-0.96665967,0.0102469325
1356327491954,-0.39484918,-0.08129001,0.91514266,-0.87970537,-0.25382853,-0.40210637,0.26497653,-0.96382725,0.02871275
1356327491994,-0.42699826,-0.06680378,0.90178144,-0.863588,-0.26557273,-0.42858705,0.2681198,-0.9617735,0.05570823
1356327492034,-0.44564563,-0.031077355,0.8946699,-0.8565445,-0.27573937,-0.43623307,0.2602527,-0.96072996,0.09626293
1356327492074,-0.4436224,0.031089067,0.8956744,-0.8642852,-0.27922463,-0.41838348,0.23708719,-0.9597224,0.15074009
1356327492114,-0.42374074,0.107269466,0.89940923,-0.88314444,-0.2695427,-0.38393044,0.20124513,-0.95699525,0.20895064
1356327492154,-0.4004792,0.17159763,0.90009475,-0.9014423,-0.24999326,-0.3534191,0.16437176,-0.95292056,0.25480253
1356327492193,-0.38667762,0.20763442,0.8985368,-0.911775,-0.23226386,-0.33870292,0.13837126,-0.95023227,0.2791272
1356327492233,-0.38613462,0.21349123,0.8973971,-0.91354537,-0.22329795,-0.3399602,0.12780839,-0.9510833,0.28125703
1356327492273,-0.39767104,0.19256043,0.8970943,-0.90814424,-0.22208136,-0.35489982,0.13088828,-0.95582443,0.26318797
1356327492313,-0.41794366,0.1497114,0.8960521,-0.8970593,-0.22386551,-0.38101023,0.14355358,-0.9630528,0.22786325
1356327492353,-0.4421866,0.09168801,0.89222443,-0.8822174,-0.2238571,-0.41422278,0.16175148,-0.97029966,0.17987531
1356327492393,-0.46620905,0.02583298,0.8842973,-0.86575675,-0.21892971,-0.45003876,0.18197316,-0.97539854,0.12443215
1356327492432,-0.4870789,-0.040603757,0.8724136,-0.84988135,-0.2080167,-0.4841804,0.20113617,-0.9772821,0.06681222
1356327492473,-0.5039541,-0.10247046,0.8576305,-0.83596504,-0.19187027,-0.51414806,0.21723878,-0.97605616,0.0110321045
1356327492513,-0.5159406,-0.1543735,0.84259963,-0.8255333,-0.17299485,-0.537185,0.2286925,-0.97274953,-0.038185418
1356327492553,-0.5226067,-0.19189414,0.8306979,-0.81989765,-0.15404356,-0.55139667,0.2337735,-0.96925086,-0.076829374
1356327492593,-0.52346176,-0.21174514,0.8253192,-0.82029057,-0.13675243,-0.55535775,0.2304587,-0.9677101,-0.10210788
1356327492633,-0.5184082,-0.21305099,0.82816803,-0.8268664,-0.122058034,-0.5489935,0.21804821,-0.969387,-0.11288881
1356327492673,-0.50834745,-0.1985456,0.8379513,-0.83781743,-0.11095661,-0.5345565,0.19911012,-0.97379065,-0.10994041
1356327492713,-0.49559796,-0.17463231,0.85081506,-0.8497999,-0.10495919,-0.5165498,0.17950717,-0.9790236,-0.09638494
1356327492770,-0.48331285,-0.14911264,0.8626553,-0.8597451,-0.10495156,-0.49982357,0.16506699,-0.98323476,-0.077474415
1356327492794,-0.47371495,-0.12711874,0.8714557,-0.8664354,-0.10997248,-0.48702753,0.1577465,-0.98577225,-0.058044553
1356327492834,-0.4677235,-0.1104109,0.8769517,-0.8700075,-0.117551744,-0.47881997,0.15595415,-0.98690987,-0.0410766
1356327492874,-0.46563601,-0.09896019,0.879426,-0.8708199,-0.12579602,-0.47523484,0.15765762,-0.987108,-0.02760142
1356327492915,-0.46765888,-0.0924035,0.87906593,-0.86887825,-0.13456821,-0.47638428,0.16231388,-0.9865866,-0.017355442
1356327492954,-0.47389287,-0.09033856,0.87593627,-0.8639351,-0.14480811,-0.4823347,0.17041609,-0.9853271,-0.009423137
1356327492994,-0.48395813,-0.09215969,0.87022483,-0.85579437,-0.15783972,-0.49264863,0.18275836,-0.9831548,-0.002481997
1356327493034,-0.4966306,-0.096355915,0.862597,-0.8447009,-0.17488235,-0.50586224,0.19959581,-0.97986317,0.005460024
1356327493074,-0.5092243,-0.09873253,0.85495174,-0.83226055,-0.1964804,-0.51839924,0.21916413,-0.97552407,0.017881393
1356327493114,-0.5166516,-0.09005907,0.8514462,-0.8230183,-0.22191036,-0.5228736,0.23603421,-0.97089916,0.040530026
1356327493153,-0.51155305,-0.057661265,0.8573147,-0.8247025,-0.2471326,-0.5087152,0.24120364,-0.9672645,0.07886809
1356327493193,-0.48816013,0.0029866397,0.8727491,-0.84255385,-0.26239777,-0.47037286,0.22760251,-0.9649553,0.13060844
1356327493233,-0.4496938,0.07630342,0.8899176,-0.8709229,-0.25851047,-0.4179302,0.19816354,-0.9629902,0.18270493
1356327493273,-0.40810508,0.1384137,0.9023812,-0.89800906,-0.23886824,-0.36948848,0.16440797,-0.9611366,0.22178012
1356327493313,-0.37415463,0.17632633,0.9104489,-0.9171818,-0.21545947,-0.33519357,0.13706145,-0.96046144,0.24233848
1356327493353,-0.35288948,0.18814689,0.91655326,-0.92783374,-0.19683957,-0.31682608,0.1208041,-0.9622135,0.24403164
1356327493393,-0.34512454,0.17648327,0.9218148,-0.93142843,-0.18522298,-0.31326252,0.11545572,-0.9667192,0.22830659
1356327493432,-0.34869373,0.14629188,0.92574906,-0.9296917,-0.17906964,-0.3218812,0.11868498,-0.9728992,0.19844675
1356327493473,-0.36105126,0.10203132,0.9269475,-0.9236766,-0.17589265,-0.34041634,0.12831008,-0.9791075,0.15775025
1356327493512,-0.3777578,0.05039206,0.9245322,-0.91500854,-0.17305273,-0.3644341,0.14162818,-0.98362255,0.11148113
1356327493553,-0.39614642,-0.004033953,0.91817856,-0.9047036,-0.1690312,-0.39107525,0.15677837,-0.9856025,0.06331152
1356327493593,-0.4129486,-0.05580154,0.9090433,-0.894467,-0.16307133,-0.4163372,0.17147115,-0.985035,0.017427385
1356327493633,-0.42551488,-0.09982929,0.89942825,-0.8862816,-0.15487361,-0.43648496,0.18287167,-0.9828776,-0.022575796
1356327493673,-0.43159455,-0.13171831,0.8923992,-0.8822477,-0.1446023,-0.4480282,0.18805644,-0.9806837,-0.053798616
1356327493712,-0.43000376,-0.14927322,0.89040124,-0.88351065,-0.1333434,-0.4490307,0.1857574,-0.9797638,-0.07454628
1356327493771,-0.4206161,-0.15271309,0.8942935,-0.8897505,-0.1231755,-0.4395133,0.17727453,-0.98056436,-0.08406693
1356327493794,-0.40481502,-0.14523867,0.9027904,-0.8990079,-0.11716533,-0.4219682,0.1670618,-0.98243475,-0.08314043
1356327493834,-0.3856296,-0.13172564,0.91320217,-0.9085953,-0.117902696,-0.40069115,0.16045034,-0.9842496,-0.07421851
1356327493874,-0.3668912,-0.11661857,0.92292523,-0.9164112,-0.12526637,-0.38013002,0.1599417,-0.98524535,-0.060911417
1356327493914,-0.3521092,-0.10208106,0.93037546,-0.9214976,-0.13625401,-0.36369917,0.16389418,-0.98540056,-0.04609114
1356327493954,-0.3444959,-0.08917037,0.9345433,-0.9233687,-0.14749688,-0.35445023,0.16944867,-0.9850347,-0.031525075
1356327493993,-0.3467338,-0.078707784,0.9346554,-0.9213984,-0.1578669,-0.3551099,0.17550108,-0.9843186,-0.017783463
1356327494033,-0.36004013,-0.070970684,0.9302335,-0.9148798,-0.1683681,-0.36694297,0.18266383,-0.983166,-0.004310429
1356327494073,-0.38418257,-0.065751314,0.920913,-0.90314436,-0.18030149,-0.38964307,0.1916615,-0.98141134,0.009885728
1356327494113,-0.41658753,-0.06184113,0.90698975,-0.8862929,-0.19442487,-0.42033774,0.20233554,-0.97896606,0.026185691
1356327494153,-0.4525332,-0.05581504,0.88999903,-0.8660521,-0.21035004,-0.45354885,0.2125262,-0.9760315,0.046851695
1356327494193,-0.4837258,-0.03967455,0.8743199,-0.84788454,-0.22647226,-0.4793769,0.21702826,-0.97320926,0.075911045
1356327494233,-0.499712,-0.0026717186,0.86618745,-0.8407078,-0.23928404,-0.48575056,0.20856258,-0.97094595,0.117326975
1356327494273,-0.49387133,0.057626992,0.8676234,-0.8499594,-0.24252445,-0.46770823,0.18346721,-0.9684323,0.16875643
1356327494331,-0.47182202,0.1245974,0.8728456,-0.86910415,-0.23242033,-0.43662193,0.1484651,-0.96460164,0.21794915
1356327494353,-0.44735515,0.17616028,0.8768357,-0.88678426,-0.21467686,-0.40930125,0.11613372,-0.96066713,0.25225297
1356327494393,-0.43080324,0.20138541,0.87968886,-0.89729905,-0.19954723,-0.39374536,0.0962449,-0.9589707,0.26666853
1356327494430,-0.42494678,0.20086113,0.8826523,-0.90064335,-0.19172406,-0.38997868,0.0908941,-0.9606751,0.2623768
1356327494473,-0.4295249,0.17810276,0.88531786,-0.89778626,-0.18996358,-0.39735845,0.09740752,-0.96550155,0.24149227
1356327494512,-0.44090408,0.13925749,0.8866854,-0.89065963,-0.19009304,-0.41302547,0.11103585,-0.9718394,0.20784384
1356327494553,-0.45668632,0.089235246,0.885141,-0.8803141,-0.1889224,-0.4351498,0.12839234,-0.9779291,0.16483337
1356327494593,-0.4725082,0.034780174,0.8806398,-0.86903715,-0.18467033,-0.45898944,0.14666429,-0.98218495,0.1174835
1356327494633,-0.4863748,-0.01932609,0.8735366,-0.85818714,-0.17728841,-0.48175073,0.16417825,-0.9839692,0.0696432
1356327494673,-0.49668503,-0.069287896,0.8651608,-0.8491229,-0.16759902,-0.5009002,0.17970636,-0.98341745,0.02440995
1356327494713,-0.5017793,-0.111568004,0.8577704,-0.8434833,-0.15667099,-0.5137995,0.19171137,-0.981329,-0.015491545
1356327494770,-0.4997844,-0.14276695,0.85430276,-0.8432184,-0.14525682,-0.5175744,0.19798586,-0.97903943,-0.047786593
1356327494794,-0.48950177,-0.16095397,0.8570191,-0.84957325,-0.13344622,-0.510311,0.1965025,-0.9778987,-0.071420014
1356327494834,-0.47088146,-0.16656905,0.8663287,-0.86211115,-0.12147105,-0.4919443,0.18717659,-0.9785191,-0.086402535
1356327494874,-0.4452662,-0.16201046,0.8806195,-0.8785145,-0.111043334,-0.4646308,0.17306197,-0.9805213,-0.09288472
1356327494914,-0.41509748,-0.15047505,0.89724654,-0.8957057,-0.1051901,-0.43202585,0.15939063,-0.98300165,-0.0911172
1356327494954,-0.38371122,-0.13561496,0.9134409,-0.91096795,-0.1065163,-0.39848652,0.15133709,-0.9850192,-0.08266944
1356327494993,-0.3545655,-0.12030354,0.9272596,-0.9227568,-0.11513758,-0.36778173,0.15100783,-0.98603773,-0.07018709
1356327495033,-0.33043993,-0.105888546,0.93786836,-0.93071276,-0.1285159,-0.34242868,0.15679026,-0.9860382,-0.05608505
1356327495073,-0.31355393,-0.09281725,0.9450233,-0.9349924,-0.14353919,-0.32432362,0.16575065,-0.9852824,-0.04177618
1356327495113,-0.30567545,-0.08120403,0.9486667,-0.93573487,-0.15851396,-0.31507713,0.17596245,-0.9840118,-0.027531624
1356327495153,-0.30781287,-0.07080081,0.948809,-0.9329424,-0.17325974,-0.31559414,0.1867347,-0.982328,-0.012721479
1356327495193,-0.3200177,-0.061011404,0.945445,-0.9265442,-0.1881373,-0.32576093,0.1977486,-0.9802458,0.0036774874
1356327495233,-0.34093243,-0.050569266,0.9387267,-0.9167006,-0.20346326,-0.34389344,0.20838684,-0.9777758,0.023010373
1356327495273,-0.3661403,-0.035915226,0.9298663,-0.9049301,-0.219163,-0.36478645,0.21689367,-0.975027,0.047743678
1356327495313,-0.38603556,-0.009104282,0.922439,-0.8961121,-0.23368698,-0.37732434,0.21899721,-0.9722693,0.082053006
1356327495353,-0.38775492,0.038806677,0.9209454,-0.89780635,-0.242203,-0.36780646,0.20878235,-0.9694493,0.12875617
1356327495393,-0.36625898,0.10480109,0.9245924,-0.9119842,-0.2377317,-0.33431792,0.18476805,-0.9656606,0.1826483
1356327495433,-0.33471847,0.16786718,0.92724544,-0.9294945,-0.22060049,-0.29559314,0.15493041,-0.96081007,0.2298707
1356327495473,-0.312499,0.20789495,0.9268894,-0.9409466,-0.20153517,-0.27203536,0.13024601,-0.95716417,0.25859758
1356327495513,-0.30852908,0.21950814,0.9255409,-0.9441769,-0.18881547,-0.2699605,0.11549792,-0.957165,0.26550955
1356327495553,-0.3207032,0.20692673,0.9243001,-0.94082165,-0.18247104,-0.28558514,0.109562844,-0.9611896,0.25320026
1356327495593,-0.34378338,0.176052,0.9223983,-0.93262124,-0.17874372,-0.31347787,0.1096845,-0.96801674,0.22563899
1356327495633,-0.37157255,0.13307366,0.9188173,-0.92143,-0.17393613,-0.34743768,0.113580674,-0.97572416,0.18724793
1356327495672,-0.39891732,0.08379188,0.91315055,-0.9091245,-0.16626358,-0.38190198,0.11982337,-0.98251486,0.14250267
1356327495713,-0.42380577,0.031806737,0.9051945,-0.89667726,-0.1558559,-0.41434157,0.12790099,-0.9872676,0.09457296
1356327495770,-0.4436258,-0.018721133,0.89601666,-0.88564575,-0.14391434,-0.44149792,0.13721496,-0.98941314,0.04726374
1356327495794,-0.45738488,-0.064439416,0.88693106,-0.8771088,-0.13168353,-0.461887,0.14655796,-0.9891951,0.0037096739
1356327495834,-0.4624828,-0.10100204,0.8808565,-0.87328815,-0.11979926,-0.4722457,0.15322372,-0.98764706,-0.032798767
1356327495875,-0.45647126,-0.12461573,0.8809682,-0.87630934,-0.1084106,-0.46939227,0.15399995,-0.9862647,-0.05971557
1356327495914,-0.43905765,-0.13473842,0.88829833,-0.8861456,-0.09818351,-0.45288622,0.1482374,-0.9860048,-0.076289594
1356327495954,-0.41198766,-0.13282332,0.90145665,-0.90072024,-0.090173006,-0.42493743,0.13772863,-0.98702925,-0.08248651
1356327495993,-0.37845403,-0.12272465,0.9174482,-0.9167627,-0.08709389,-0.38982156,0.12774485,-0.9886118,-0.07954836
1356327496033,-0.34364766,-0.10932049,0.9327139,-0.9309144,-0.09118384,-0.353672,0.123712,-0.98981535,-0.0704329
1356327496073,-0.31241786,-0.09599951,0.9450816,-0.94136846,-0.10209733,-0.32156125,0.12736008,-0.9901315,-0.058473885
1356327496113,-0.288491,-0.0842143,0.95377195,-0.9477397,-0.11662632,-0.29696402,0.13624358,-0.989599,-0.046167552
1356327496153,-0.27512807,-0.074490815,0.9585175,-0.9500778,-0.13154393,-0.28292844,0.14716274,-0.9885076,-0.034580708
1356327496193,-0.2752071,-0.067189366,0.9590342,-0.9481944,-0.14570981,-0.28230485,0.15870857,-0.98704314,-0.023608208
1356327496233,-0.29040664,-0.062312245,0.95487237,-0.9415195,-0.15960532,-0.29676104,0.17089453,-0.9852123,-0.012317777
1356327496273,-0.3206089,-0.059459,0.9453437,-0.929201,-0.17395496,-0.32607538,0.18383533,-0.98295695,5.220771E-4
1356327496313,-0.36335695,-0.05750069,0.92987394,-0.91062605,-0.18892026,-0.36751792,0.19680455,-0.98030746,0.01628387
1356327496352,-0.41181296,-0.052729696,0.9097415,-0.8873737,-0.20391154,-0.41350672,0.20731094,-0.97756815,0.03718251
1356327496393,-0.45127338,-0.03531316,0.8916868,-0.86734724,-0.21767968,-0.44757605,0.20990741,-0.97538126,0.0676043
1356327496433,-0.46404654,0.0066070855,0.8857861,-0.8634275,-0.22674811,-0.45064196,0.19787294,-0.97393095,0.11092645
1356327496473,-0.4400767,0.07419941,0.8948894,-0.8819047,-0.22332627,-0.41517422,0.16904658,-0.9719156,0.16371745
1356327496513,-0.39382148,0.14647627,0.9074411,-0.90974176,-0.20327288,-0.36200827,0.1314326,-0.9681037,0.21330887
1356327496553,-0.3521678,0.19900697,0.9145349,-0.93079513,-0.17675239,-0.31996718,0.097970515,-0.9639268,0.2474812
1356327496594,-0.32917857,0.22398898,0.9173169,-0.94115734,-0.15661037,-0.29949284,0.07657823,-0.9619262,0.26236168
1356327496633,-0.32528192,0.22433299,0.918622,-0.9431738,-0.14675719,-0.2981367,0.06793246,-0.9633987,0.25932238
1356327496673,-0.33640033,0.20468715,0.91920507,-0.93918633,-0.14446133,-0.31154448,0.06902042,-0.9681085,0.24083623
1356327496713,-0.35719693,0.16977409,0.9184699,-0.93088734,-0.14529377,-0.33516937,0.07654491,-0.9747135,0.20993906
1356327496771,-0.38131565,0.12507832,0.91594416,-0.9202293,-0.14587116,-0.3631799,0.08818394,-0.98136485,0.17072374
1356327496794,-0.4052022,0.0748052,0.9111615,-0.90844697,-0.14484006,-0.3921039,0.102641284,-0.9866233,0.12664604
1356327496834,-0.42579198,0.022767454,0.9045346,-0.8969979,-0.14179474,-0.41867527,0.118726134,-0.98963416,0.08079749
1356327496874,-0.4397776,-0.026755542,0.8977081,-0.887943,-0.13699889,-0.43907693,0.13473278,-0.9902098,0.036491632
1356327496913,-0.4444167,-0.0694921,0.8931207,-0.8834734,-0.13095647,-0.4498057,0.14821786,-0.98894954,-0.0031951666
1356327496953,-0.4361329,-0.10106358,0.8941892,-0.8862443,-0.12410283,-0.44628423,0.15607446,-0.98710924,-0.035441756
1356327496993,-0.41309142,-0.119095,0.9028686,-0.8971734,-0.11695385,-0.4259128,0.15631807,-0.9859707,-0.058536172
1356327497033,-0.3763774,-0.124158174,0.9181094,-0.91426826,-0.110505044,-0.38974652,0.14984587,-0.98608994,-0.0719223
1356327497073,-0.32967633,-0.119006425,0.9365634,-0.9335618,-0.10667288,-0.34217435,0.14062688,-0.98714656,-0.075932324
1356327497131,-0.27879137,-0.10762638,0.95430183,-0.950949,-0.1077742,-0.28996664,0.1340572,-0.98833257,-0.07230067
1356327497153,-0.23010743,-0.09364903,0.9686488,-0.96396315,-0.11462349,-0.24007612,0.13351277,-0.988985,-0.063898504
1356327497193,-0.18868798,-0.078936726,0.9788594,-0.9722146,-0.125611,-0.19753656,0.13854846,-0.98893416,-0.053042173
1356327497230,-0.15927345,-0.06485659,0.9851019,-0.9763275,-0.13756853,-0.16691196,0.14634436,-0.9883666,-0.041410208
1356327497273,-0.14601034,-0.052698106,0.98787844,-0.97706354,-0.14878368,-0.15234873,0.1550087,-0.98746455,-0.029765427
1356327497313,-0.15215117,-0.043360382,0.98740554,-0.9746438,-0.15926188,-0.15717843,0.16407141,-0.98628366,-0.018028975
1356327497353,-0.17851311,-0.03673157,0.9832517,-0.9684676,-0.1699462,-0.18217775,0.17379156,-0.9847685,-0.0052357316
1356327497393,-0.22426909,-0.03204313,0.97400033,-0.95695066,-0.18172473,-0.22632176,0.18425202,-0.98282725,0.010091543
1356327497433,-0.28490353,-0.026928097,0.9581779,-0.9386219,-0.19496202,-0.28456786,0.19447115,-0.9804411,0.0302701
1356327497473,-0.34791255,-0.014776409,0.9374106,-0.9157112,-0.20908773,-0.34315488,0.20107165,-0.9777852,0.05921328
1356327497513,-0.38866335,0.017645568,0.9212109,-0.8999578,-0.22161293,-0.37545156,0.19752714,-0.9749751,0.10201305
1356327497553,-0.38941622,0.07645938,0.9178829,-0.90351784,-0.22528827,-0.36455536,0.17891458,-0.97128737,0.15681326
1356327497592,-0.3597154,0.14589208,0.92158574,-0.9210835,-0.21327901,-0.3257562,0.14902967,-0.96603703,0.21109861
1356327497633,-0.33397484,0.1988692,0.9213641,-0.9350836,-0.19295382,-0.2973003,0.118656814,-0.9608433,0.25040102
1356327497673,-0.33703375,0.22213402,0.91491246,-0.9365547,-0.17849863,-0.30166808,0.09629989,-0.9585378,0.26820076
1356327497713,-0.37052178,0.21739829,0.9030235,-0.92504954,-0.17392588,-0.3376876,0.083646506,-0.9604622,0.26554763
1356327497771,-0.42543393,0.19057778,0.8846955,-0.9015604,-0.17427081,-0.39600322,0.07870716,-0.9660796,0.24595809
1356327497794,-0.49049145,0.14813,0.85876405,-0.8678232,-0.1727913,-0.46586058,0.07937905,-0.97375596,0.21330333
1356327497835,-0.55395466,0.09765476,0.82679975,-0.82827485,-0.16511911,-0.5354405,0.08423212,-0.98142713,0.1723535
1356327497874,-0.6081221,0.046008825,0.7925091,-0.7884858,-0.15079725,-0.5962804,0.09207401,-0.98749346,0.12798047
1356327497914,-0.6510462,-0.0027694702,0.75903296,-0.7521884,-0.13168502,-0.64565593,0.1017414,-0.99128765,0.08364993
1356327497954,-0.6826789,-0.046139628,0.7292603,-0.7221211,-0.11004251,-0.68295807,0.11176106,-0.99285537,0.041805267
1356327497995,-0.7028959,-0.081959456,0.706555,-0.70109093,-0.087804675,-0.7076453,0.12003708,-0.9927603,0.004256487
1356327498034,-0.7108104,-0.108290285,0.6949977,-0.69231546,-0.06688398,-0.7184886,0.12428951,-0.9918668,-0.027429283
1356327498073,-0.70639175,-0.12467909,0.69675374,-0.697012,-0.04884422,-0.7153939,0.12322706,-0.9909941,-0.052399695
1356327498114,-0.6893946,-0.13194805,0.71226734,-0.7147438,-0.03599435,-0.69845957,0.11779797,-0.9906029,-0.069494784
1356327498153,-0.66053706,-0.13138857,0.7392075,-0.7426263,-0.030490577,-0.66901153,0.11043936,-0.99086195,-0.077432394
1356327498193,-0.62241155,-0.1251514,0.7726195,-0.7756554,-0.03342229,-0.6302711,0.104702085,-0.9915745,-0.07627189
1356327498233,-0.58067214,-0.11606154,0.8058223,-0.80750704,-0.04395932,-0.5882176,0.10369283,-0.9922688,-0.06819457
1356327498273,-0.54205984,-0.106004715,0.83362716,-0.83340746,-0.0593462,-0.54946345,0.10771829,-0.9925931,-0.056175888
1356327498313,-0.5130378,-0.09582123,0.8530009,-0.8506844,-0.075891316,-0.5201698,0.114578664,-0.9925013,-0.04257852
1356327498352,-0.5004526,-0.086789876,0.86140287,-0.8570968,-0.0907678,-0.50709605,0.12219843,-0.9920831,-0.028962374
1356327498393,-0.5092528,-0.08037096,0.856856,-0.8506799,-0.10385376,-0.51532334,0.13040477,-0.99134,-0.015482128
1356327498433,-0.542597,-0.07784575,0.8363782,-0.8282977,-0.115991,-0.5481506,0.13968354,-0.990195,-0.0015431046
1356327498473,-0.59692,-0.07935262,0.7983669,-0.7881247,-0.12823975,-0.6020084,0.15015334,-0.9885635,0.014009118
1356327498513,-0.6638784,-0.083443195,0.7431707,-0.7303555,-0.14129078,-0.66829467,0.16076785,-0.9864452,0.032856762
1356327498552,-0.7297974,-0.08514133,0.67834103,-0.6625956,-0.15633428,-0.73247975,0.1684123,-0.9840277,0.057678163
1356327498593,-0.7775104,-0.07309455,0.62460774,-0.60632783,-0.17641205,-0.77540016,0.16686581,-0.98159873,0.09284288
1356327498633,-0.7976872,-0.036490202,0.6019665,-0.58414406,-0.20135915,-0.7862762,0.14990285,-0.9788376,0.13930607
1356327498672,-0.79097587,0.022991061,0.6114153,-0.60031533,-0.22226286,-0.7682582,0.11823183,-0.9747157,0.18960637
1356327498712,-0.7716443,0.08461583,0.6304008,-0.63074,-0.2296462,-0.7412352,0.08204892,-0.96958894,0.23057586
1356327498771,-0.7591911,0.12514102,0.6387242,-0.64861625,-0.22701931,-0.7264704,0.054091424,-0.9658168,0.25351948
1356327498794,-0.7606952,0.13798997,0.63427246,-0.64788127,-0.2214812,-0.7288319,0.039907932,-0.9653522,0.2578808
1356327498834,-0.7726526,0.1274716,0.6218995,-0.63369584,-0.2133792,-0.7435718,0.037916094,-0.96861774,0.24564618
1356327498874,-0.78787225,0.10160175,0.6073997,-0.6142858,-0.19965345,-0.76340777,0.04370588,-0.9745849,0.21971393
1356327498913,-0.8017658,0.06700534,0.5938703,-0.59519136,-0.17935401,-0.7833131,0.054026812,-0.9815001,0.18368083
1356327498953,-0.8120057,0.028402627,0.582958,-0.57975096,-0.15450317,-0.80001104,0.06734645,-0.987584,0.1419239
1356327498994,-0.8180394,-0.011290163,0.5750513,-0.5691682,-0.12807477,-0.81218493,0.08281925,-0.9917003,0.09834421
1356327499034,-0.8195123,-0.049676806,0.5709045,-0.56441236,-0.10246599,-0.81910896,0.09918903,-0.99349535,0.055933893
1356327499074,-0.81532437,-0.08378923,0.5729097,-0.5676379,-0.07942575,-0.8194381,0.11416386,-0.9933131,0.01719582
1356327499112,-0.8038922,-0.11037296,0.5844442,-0.5815573,-0.06014234,-0.8112792,0.12469314,-0.9920689,-0.015840173
1356327499153,-0.78311235,-0.126679,0.60884106,-0.60857195,-0.045348644,-0.79220176,0.12796548,-0.9909066,-0.04158014
1356327499192,-0.7513098,-0.13219938,0.64657325,-0.64824903,-0.03583789,-0.7605846,0.123720646,-0.9905751,-0.058772743
1356327499233,-0.7083855,-0.12814856,0.694095,-0.6964928,-0.03247565,-0.7168285,0.11440173,-0.99122316,-0.06624925
1356327499273,-0.6563254,-0.11816725,0.7451667,-0.7470616,-0.036357522,-0.6637598,0.1055271,-0.9923278,-0.06441587
1356327499313,-0.6000695,-0.10629606,0.7928542,-0.7933788,-0.047676444,-0.6068584,0.10230708,-0.9931909,-0.055723906
1356327499353,-0.5444852,-0.094730765,0.8334038,-0.83203053,-0.064706504,-0.550943,0.106117904,-0.99339783,-0.04358715
1356327499393,-0.4933194,-0.08335903,0.86584485,-0.86233544,-0.08367485,-0.49937567,0.11407691,-0.9930004,-0.030605018
1356327499433,-0.45065904,-0.07205233,0.8897836,-0.8841982,-0.10117608,-0.45602307,0.12288234,-0.9922559,-0.0181126
1356327499473,-0.4209243,-0.06170371,0.9049947,-0.8974918,-0.11646575,-0.4253754,0.13164806,-0.9912762,-0.0063553452
1356327499513,-0.40658128,-0.05293435,0.91207993,-0.9026229,-0.13111907,-0.40997532,0.14129284,-0.98995245,0.0055307746
1356327499553,-0.4068755,-0.04522723,0.9123634,-0.9006243,-0.14713573,-0.40893403,0.15273622,-0.9880818,0.01913321
1356327499593,-0.41825122,-0.03692466,0.9075806,-0.89309925,-0.16549885,-0.41831082,0.1656495,-0.9855185,0.036242664
1356327499633,-0.4333607,-0.023789287,0.90090656,-0.8836249,-0.18535566,-0.42994222,0.17721617,-0.9823835,0.05930507
1356327499673,-0.43916267,0.0033547878,0.8984013,-0.88001966,-0.20288974,-0.4294196,0.18083578,-0.97919583,0.09205389
1356327499713,-0.4206385,0.053972542,0.9056215,-0.89140075,-0.21023667,-0.40150377,0.16872466,-0.9761596,0.13654476
1356327499771,-0.3759598,0.12174332,0.9186037,-0.91587186,-0.19948274,-0.34840408,0.14082974,-0.97230923,0.18649879
1356327499794,-0.3234355,0.18327725,0.92833126,-0.94003105,-0.17452908,-0.29305506,0.10831043,-0.96744466,0.22873515
1356327499834,-0.28379762,0.22033387,0.93322664,-0.9551868,-0.15034562,-0.25497928,0.084125936,-0.96376824,0.25312775
1356327499874,-0.26495093,0.22968614,0.936507,-0.9615145,-0.13619459,-0.23862302,0.0727388,-0.9636884,0.2569314
1356327499933,-0.26490194,0.21551341,0.93988353,-0.96165127,-0.13090396,-0.241021,0.071091235,-0.967687,0.24192542
1356327499953,-0.27819657,0.1836282,0.94280815,-0.95762,-0.12929302,-0.25738513,0.07463536,-0.9744557,0.21181494
1356327499993,-0.29840147,0.13983893,0.9441406,-0.9510039,-0.12743038,-0.28169665,0.08092004,-0.98194015,0.17101282
1356327500030,-0.3169055,0.09141064,0.9440417,-0.94424427,-0.12411624,-0.3049555,0.08929476,-0.9880482,0.12564713
1356327500073,-0.33136767,0.041995615,0.94256663,-0.9381769,-0.12065399,-0.32444865,0.10009894,-0.991806,0.079380095
1356327500113,-0.33940798,-0.005217701,0.9406247,-0.93386376,-0.11793816,-0.33762264,0.112697214,-0.9930072,0.035156548
1356327500153,-0.33973235,-0.047281414,0.93933296,-0.9322027,-0.11561841,-0.34297317,0.12482044,-0.9921678,-0.004796505
1356327500192,-0.32990307,-0.08041042,0.94058394,-0.93465286,-0.1121524,-0.33741066,0.1326201,-0.99043226,-0.03815639
1356327500233,-0.30829376,-0.101462215,0.9458649,-0.9420159,-0.105947435,-0.31840408,0.13251793,-0.98918176,-0.06291604
1356327500274,-0.2749939,-0.10955623,0.9551836,-0.9533783,-0.09736049,-0.28564104,0.12429091,-0.98920083,-0.077674985
1356327500313,-0.233459,-0.106345296,0.9665338,-0.9659531,-0.08861321,-0.2430686,0.111496806,-0.9903729,-0.08203703
1356327500353,-0.1889289,-0.095449775,0.97734094,-0.9768369,-0.08356655,-0.19699284,0.10047594,-0.99192035,-0.07745069
