1356326627830,-0.6533806,-0.29119027,0.69878626,-0.6752779,-0.19305795,-0.7118486,0.34218958,-0.93698287,-0.070494056
1356326627851,0.36415476,0.20140028,-0.9093015,0.86619973,0.28547645,0.41012335,0.3421831,-0.93698514,-0.07049531
1356326627899,0.36412364,0.20140648,-0.9093126,0.8662691,0.285322,0.41008434,0.34204057,-0.9370308,-0.07057974
1356326627933,0.3637407,0.20136225,-0.9094756,0.8665832,0.28495404,0.40967628,0.3416521,-0.93715227,-0.07084778
1356326627973,0.36261407,0.20118564,-0.90996444,0.86743873,0.28407493,0.40847448,0.34067723,-0.9374571,-0.07150662
1356326628016,0.35984707,0.20035768,-0.91124475,0.86925066,0.2828576,0.40545642,0.3389889,-0.93800235,-0.072375625
1356326628058,0.35511512,0.19823784,-0.9135617,0.87215644,0.2815237,0.40010932,0.3365061,-0.9388536,-0.0729211
1356326628098,0.34814948,0.19414803,-0.91711426,0.87615895,0.2805205,0.3919869,0.33337283,-0.94000787,-0.07244146
1356326628137,0.3390482,0.18788275,-0.9218168,0.88100445,0.28026432,0.38116005,0.3299658,-0.9413564,-0.0705024
1356326628179,0.3285269,0.17970416,-0.9272413,0.886194,0.2809276,0.36842883,0.32669583,-0.9427545,-0.066960454
1356326628219,0.31680363,0.1702517,-0.93308616,0.89146435,0.28252167,0.35422125,0.32392383,-0.9440317,-0.06226945
1356326628257,0.3050692,0.16045082,-0.9387163,0.8963337,0.2846421,0.33994818,0.32174313,-0.9451108,-0.05698192
1356326628296,0.29389024,0.15105116,-0.94382834,0.9006257,0.2869811,0.3263665,0.32015893,-0.94595206,-0.05169964
1356326628336,0.28408426,0.14263436,-0.9481306,0.90408254,0.2894305,0.31442758,0.3192661,-0.9465122,-0.046730578
1356326628378,0.27617192,0.13560012,-0.95149446,0.90654874,0.29205805,0.3047484,0.31921554,-0.94673896,-0.042269886
1356326628418,0.27033538,0.13014892,-0.95392877,0.9079845,0.29499316,0.29756248,0.32012993,-0.9465941,-0.0384261
1356326628458,0.26654977,0.12617308,-0.9555268,0.9085924,0.29788113,0.29279104,0.32157576,-0.9462279,-0.035239756
1356326628501,0.2648118,0.12302247,-0.9564205,0.9085146,0.30062532,0.2902165,0.32322735,-0.94577473,-0.032158554
1356326628534,0.26493877,0.11994526,-0.95677614,0.90807426,0.30273122,0.28940445,0.32435867,-0.9454983,-0.028713942
1356326628577,0.26748484,0.11589402,-0.95656705,0.9073054,0.30395085,0.2905354,0.32442072,-0.94561225,-0.02384901
1356326628619,0.27257347,0.10995892,-0.95583093,0.9063417,0.30403858,0.2934373,0.3228755,-0.9462926,-0.01678747
1356326628657,0.27907306,0.102068484,-0.95482993,0.90553313,0.30293912,0.29704806,0.31957456,-0.94752824,-0.007884264
1356326628698,0.2872873,0.09228957,-0.953388,0.9047249,0.30071568,0.30173326,0.3145455,-0.94923794,0.0028951764
1356326628738,0.29689312,0.08080202,-0.9514859,0.903523,0.29869264,0.30729273,0.3090317,-0.9509226,0.01567331
1356326628780,0.30977756,0.06752154,-0.94840854,0.9005333,0.2992245,0.31544334,0.3050863,-0.95179075,0.03188759
1356326628817,0.32364368,0.053681374,-0.94465506,0.8957367,0.30424887,0.3241734,0.30481234,-0.95107883,0.050383836
1356326628877,0.33872998,0.040220827,-0.94002354,0.88816047,0.31607747,0.33356556,0.3105366,-0.9478804,0.07134235
1356326628897,0.3522244,0.028706044,-0.9354752,0.87879765,0.3336901,0.34112388,0.3219511,-0.94224566,0.092307
1356326628941,0.3631516,0.020373076,-0.9315073,0.867772,0.35662824,0.34610403,0.339253,-0.9340242,0.11183095
1356326628978,0.3720529,0.016334057,-0.9280678,0.8566829,0.3788433,0.3501031,0.3573109,-0.9253167,0.12695667
1356326629018,0.3782094,0.0167813,-0.925568,0.8466246,0.39811838,0.3531695,0.37441227,-0.9171806,0.13636464
1356326629057,0.38434017,0.02185896,-0.92293274,0.837657,0.41200292,0.35858646,0.38808933,-0.91092026,0.14003894
1356326629096,0.39064002,0.030652642,-0.9200331,0.83037883,0.41965288,0.36655495,0.3973304,-0.90716696,0.13847986
1356326629138,0.3976015,0.04220891,-0.9165869,0.8245847,0.42171818,0.37711248,0.40245882,-0.90574396,0.13287097
1356326629177,0.40468383,0.055364966,-0.9127791,0.8200118,0.41981512,0.38901907,0.40473643,-0.9059194,0.124492496
1356326629217,0.41092572,0.069135725,-0.90904355,0.8165252,0.41559294,0.4007107,0.4054955,-0.90691936,0.114326775
1356326629258,0.41546077,0.082662135,-0.9058473,0.8143952,0.40977234,0.41091016,0.40515783,-0.90843475,0.102924705
1356326629301,0.41851187,0.095054656,-0.9032234,0.81421435,0.40133548,0.41950554,0.40237156,-0.9109854,0.09056878
1356326629337,0.42254376,0.10505119,-0.90023386,0.81524,0.38995707,0.42815545,0.3960308,-0.91482115,0.07913199
1356326629380,0.42935255,0.111697316,-0.89620316,0.8180099,0.37247762,0.4383151,0.38277423,-0.92129475,0.0685547
1356326629418,0.43960863,0.11583415,-0.89068884,0.82056284,0.3514818,0.45070738,0.36526817,-0.92900103,0.05946526
1356326629457,0.45327896,0.11820844,-0.88349587,0.82229996,0.32710153,0.46564725,0.34403628,-0.93756676,0.051065445
1356326629497,0.46990624,0.12091771,-0.87439525,0.82181406,0.30163506,0.48336107,0.32219517,-0.94572467,0.042368293
1356326629538,0.4886885,0.12559709,-0.86337066,0.81833696,0.27712694,0.50351286,0.30250302,-0.95258915,0.032647997
1356326629578,0.5092416,0.13321176,-0.85025156,0.81150997,0.25464636,0.5259344,0.28657413,-0.95781523,0.021573812
1356326629618,0.53038216,0.14453882,-0.8353462,0.80173755,0.23472184,0.5496568,0.2755207,-0.96125656,0.00861007
1356326629659,0.5481291,0.16111729,-0.8207288,0.7911619,0.21844515,0.57126576,0.27132502,-0.96245676,-0.0077337325
1356326629697,0.5570876,0.18494442,-0.809598,0.78299344,0.207874,0.5862676,0.2767213,-0.9605124,-0.029006243
1356326629741,0.5479314,0.21908513,-0.8073245,0.78235054,0.20744619,0.5872766,0.29613996,-0.953398,-0.057735085
1356326629777,0.52147716,0.261209,-0.8123,0.78769016,0.21861672,0.5759782,0.32803303,-0.94020027,-0.09174815
1356326629820,0.47629896,0.30832243,-0.823454,0.7967781,0.24472216,0.5524995,0.3718654,-0.9192651,-0.12910366
1356326629880,0.43257135,0.34880984,-0.83139265,0.80096865,0.27467358,0.5319808,0.4139217,-0.89603907,-0.16056985
1356326629900,0.40189546,0.37716997,-0.8343997,0.79905534,0.3005712,0.52073747,0.44720307,-0.8760136,-0.18058151
1356326629938,0.39049268,0.39189005,-0.83302915,0.7936604,0.31521654,0.5203284,0.46649608,-0.8643267,-0.18793786
1356326629977,0.40177387,0.39308852,-0.8270787,0.784949,0.31732804,0.53212583,0.47162783,-0.86300886,-0.18106031
1356326630019,0.43180782,0.38224974,-0.8169621,0.7723781,0.31105632,0.5537834,0.46580482,-0.8701316,-0.16092479
1356326630057,0.4723014,0.36247268,-0.80345815,0.7559196,0.30225185,0.5807146,0.45333987,-0.88162196,-0.13124624
1356326630098,0.51873046,0.33568478,-0.78627884,0.73522973,0.29418638,0.61064845,0.4362979,-0.8948576,-0.09420198
1356326630139,0.56466025,0.30459392,-0.76706016,0.71245027,0.2892687,0.63932645,0.41662142,-0.9074944,-0.053669453
1356326630180,0.6069418,0.27109814,-0.74707925,0.68947405,0.28792498,0.6646238,0.39528108,-0.91847974,-0.012161434
1356326630218,0.6409552,0.23802218,-0.7297409,0.67014253,0.2900478,0.68321383,0.3742798,-0.92693996,0.026398838
1356326630261,0.667007,0.20665546,-0.7158178,0.65520054,0.29470125,0.69560295,0.35470256,-0.9329763,0.06116703
1356326630298,0.68091035,0.17941134,-0.7100512,0.6488242,0.30191195,0.6984814,0.33968842,-0.93630165,0.08916855
1356326630340,0.6835033,0.1591717,-0.7123816,0.6498686,0.3117322,0.69317675,0.3324064,-0.936743,0.10962933
1356326630378,0.67459476,0.14491251,-0.72382474,0.659168,0.323137,0.67902875,0.33229432,-0.9351914,0.122464836
1356326630416,0.65673137,0.13734275,-0.7415126,0.6738046,0.33470157,0.65875816,0.33866113,-0.9322617,0.12726682
1356326630459,0.63381505,0.13357937,-0.7618629,0.69145477,0.34358722,0.6354826,0.3466537,-0.92957217,0.12540668
1356326630498,0.6114073,0.13110802,-0.7803793,0.70923066,0.34659278,0.61389357,0.35096017,-0.9288079,0.118923515
1356326630538,0.5936023,0.12902051,-0.79434884,0.7252917,0.34191674,0.59753233,0.34869507,-0.93083113,0.10938507
1356326630576,0.58241767,0.12811205,-0.8027309,0.7382777,0.32991195,0.58830625,0.34019968,-0.93527824,0.09756425
1356326630617,0.5785469,0.12982863,-0.8052503,0.7470037,0.31208685,0.5870156,0.32751942,-0.941141,0.083574414
1356326630657,0.5823099,0.13525721,-0.8016362,0.75034094,0.29009822,0.5939962,0.31289554,-0.9473904,0.067438036
1356326630700,0.5939505,0.14479423,-0.7913643,0.7472558,0.2651308,0.6093558,0.29804626,-0.9532788,0.049276233
1356326630737,0.61394453,0.15819606,-0.77333444,0.73595476,0.23948595,0.6332592,0.28538185,-0.9579251,0.030605912
1356326630779,0.63429224,0.17658848,-0.7526552,0.72120893,0.21548656,0.6583488,0.27844387,-0.96040726,0.009324282
1356326630818,0.65266037,0.20291442,-0.7299727,0.7035311,0.19529009,0.683305,0.28120887,-0.95952463,-0.015298486
1356326630881,0.65501505,0.2421362,-0.71576905,0.69317603,0.18450093,0.69675416,0.30076945,-0.95253843,-0.046992123
1356326630892,0.6374071,0.2955037,-0.7116106,0.6920719,0.18645212,0.6973321,0.33874553,-0.9369702,-0.085663915
1356326630933,0.6055782,0.3535126,-0.7129543,0.6956162,0.19999173,0.6900155,0.38651407,-0.9138009,-0.12479842
1356326630973,0.5720938,0.40332824,-0.7141674,0.69744533,0.2189731,0.6823641,0.43160015,-0.888469,-0.15602624
1356326631012,0.55094373,0.4357945,-0.71171916,0.69379544,0.23477998,0.6808277,0.4637984,-0.8688852,-0.1730017
1356326631053,0.5497608,0.4481241,-0.70494527,0.68381566,0.2432507,0.68791366,0.47974914,-0.8602406,-0.17270458
1356326631097,0.56570035,0.44340706,-0.69525045,0.66879714,0.24650458,0.70138854,0.48238307,-0.86175734,-0.15710166
1356326631140,0.5974366,0.42315614,-0.68118155,0.6473335,0.24688306,0.7211158,0.47331676,-0.87177265,-0.12642616
1356326631177,0.63204074,0.39498934,-0.66671425,0.6251604,0.24851093,0.7398762,0.45792896,-0.88443524,-0.089862674
1356326631219,0.6707485,0.35942188,-0.6487776,0.6001013,0.25105318,0.7595069,0.4358611,-0.8987704,-0.047296017
1356326631257,0.7041626,0.32263213,-0.63250566,0.57828444,0.25629625,0.77453166,0.41199765,-0.91116446,-0.0060988963
1356326631300,0.73412883,0.28529704,-0.616166,0.5583172,0.26282194,0.7868968,0.38644132,-0.92169964,0.033658907
1356326631338,0.7558233,0.2512131,-0.60466784,0.5449804,0.270526,0.793607,0.36294284,-0.9293587,0.06756362
1356326631376,0.7701864,0.22229257,-0.59782845,0.53756833,0.278212,0.79600155,0.34326828,-0.93444324,0.09477766
1356326631418,0.7755052,0.20027499,-0.5987333,0.53804713,0.28649414,0.7927335,0.33029827,-0.9369157,0.11442031
1356326631457,0.771471,0.18611103,-0.6084367,0.5466236,0.2955337,0.7834938,0.3256304,-0.9370286,0.12626298
1356326631497,0.7591523,0.17928217,-0.6257361,0.56200594,0.30445147,0.7690635,0.32838565,-0.9355037,0.1303674
1356326631538,0.74126333,0.17730802,-0.64737207,0.58175105,0.3113736,0.75140685,0.334805,-0.93359965,0.12766069
1356326631582,0.7198216,0.17895748,-0.67069453,0.60483617,0.31243002,0.7325031,0.34063202,-0.93293184,0.116653934
1356326631620,0.6996318,0.17923157,-0.69165844,0.6272,0.30963242,0.7146663,0.34225065,-0.9338115,0.10421464
1356326631667,0.6838956,0.17960353,-0.7071275,0.6464207,0.3002152,0.701435,0.3382706,-0.9368102,0.08921644
1356326631709,0.67337143,0.18110849,-0.7167779,0.66095656,0.28689054,0.6934192,0.33122087,-0.9406878,0.073479086
1356326631747,0.6676761,0.18418579,-0.72130734,0.6710787,0.27053595,0.6902635,0.3222763,-0.9449264,0.05702722
1356326631789,0.6664176,0.18929549,-0.72114825,0.6771967,0.2509683,0.6916787,0.31191698,-0.9493061,0.03905946
1356326631826,0.6701697,0.19691831,-0.7156086,0.6777657,0.23059365,0.6981835,0.30249986,-0.95291644,0.021072417
1356326631881,0.67439187,0.2084277,-0.7083456,0.67598176,0.2116732,0.70586336,0.29705924,-0.95485723,0.0018573403
1356326631907,0.67446876,0.22799094,-0.70221937,0.6742554,0.19727853,0.7116607,0.30078498,-0.953468,-0.020665884
1356326631948,0.6614933,0.26167855,-0.70281637,0.6777669,0.1925633,0.7096135,0.32102728,-0.9457503,-0.04997775
1356326631987,0.6334436,0.3078624,-0.70990837,0.68630856,0.20021221,0.6992107,0.35739303,-0.9301267,-0.084465444
1356326632029,0.5905605,0.36095956,-0.72176623,0.697248,0.22207814,0.6815619,0.40630484,-0.90575355,-0.120527744
1356326632068,0.55001974,0.4038369,-0.7310226,0.7040152,0.24667406,0.66596895,0.44926715,-0.88094705,-0.14863169
1356326632109,0.5252057,0.4276091,-0.7357373,0.70504475,0.26548374,0.6575944,0.47651958,-0.86410004,-0.16204992
1356326632147,0.5174758,0.4323936,-0.7384136,0.70315033,0.27690104,0.6549087,0.48764583,-0.85811514,-0.16074812
1356326632187,0.52982205,0.41886187,-0.7374573,0.6966828,0.2809235,0.6600871,0.48365438,-0.8635026,-0.1429744
1356326632230,0.55598164,0.3906728,-0.7336615,0.6867634,0.28131104,0.67023885,0.46823114,-0.8764924,-0.11189601
1356326632268,0.5882303,0.35335827,-0.72740847,0.67485595,0.2811324,0.68230057,0.4455946,-0.89224577,-0.07309532
1356326632305,0.62201905,0.31119567,-0.7185051,0.6616775,0.28173226,0.6948452,0.4186589,-0.90762556,-0.030668348
1356326632353,0.6538993,0.26775423,-0.7076182,0.6483966,0.28362963,0.7064956,0.38986868,-0.9207942,0.011854261
1356326632390,0.6820427,0.22558565,-0.69565,0.636041,0.28648907,0.71650255,0.3609288,-0.9311472,0.051916063
1356326632427,0.7029469,0.18864003,-0.68577003,0.6272322,0.29016596,0.72276103,0.3353288,-0.93819976,0.085650146
1356326632470,0.7148877,0.16029082,-0.6806191,0.62343395,0.29467502,0.7242214,0.31664753,-0.942058,0.1107288
1356326632508,0.7157285,0.14212127,-0.6837648,0.6270132,0.30039427,0.7187613,0.30755028,-0.94316745,0.12588884
1356326632548,0.70413685,0.13617808,-0.6968836,0.6386857,0.30739266,0.7054008,0.31027704,-0.9417883,0.12947148
1356326632586,0.68375075,0.13717055,-0.7167072,0.656156,0.3141764,0.6861141,0.31928718,-0.9394027,0.12481305
1356326632626,0.65966153,0.14131123,-0.73815835,0.67571926,0.31844988,0.6648257,0.32901374,-0.93734777,0.11458245
1356326632668,0.63704026,0.14505935,-0.75705844,0.6945232,0.31804088,0.6453585,0.33439082,-0.936914,0.10185778
1356326632706,0.61950016,0.14790347,-0.7709372,0.7104943,0.31195584,0.63077843,0.3337927,-0.93851376,0.08817214
1356326632748,0.60893166,0.15111908,-0.77869457,0.7221464,0.30054706,0.6230378,0.3281873,-0.94171894,0.07388252
1356326632789,0.6065475,0.15599954,-0.7795924,0.7281249,0.28477392,0.6234885,0.31927145,-0.945816,0.059141785
1356326632827,0.61344236,0.16293794,-0.7727481,0.72698617,0.26573777,0.6331465,0.30851194,-0.9501761,0.044561177
1356326632886,0.6292862,0.17148018,-0.75801945,0.7182757,0.24413362,0.6515204,0.29678085,-0.95445967,0.03045988
1356326632908,0.65129703,0.18250796,-0.73654807,0.7027806,0.221017,0.67620337,0.2862021,-0.95804095,0.015684664
1356326632947,0.67477554,0.1991192,-0.71065426,0.6821858,0.1991334,0.7035399,0.28160328,-0.9595298,-0.0014659464
1356326632990,0.6833416,0.22938724,-0.6931275,0.6687339,0.18432042,0.7202923,0.29298344,-0.9557235,-0.027445197
1356326633027,0.67597,0.27353522,-0.68428284,0.6635592,0.17798102,0.7266443,0.32055217,-0.94525194,-0.061196983
1356326633067,0.64604676,0.32927305,-0.6886239,0.67098814,0.18507716,0.71799815,0.363866,-0.9259188,-0.10136983
1356326633108,0.60676503,0.38198572,-0.69708186,0.6816538,0.20105428,0.7035092,0.40888172,-0.9020333,-0.13838929
1356326633147,0.57531756,0.4184881,-0.70276415,0.6879061,0.2172485,0.69252306,0.44248712,-0.8818564,-0.16289365
1356326633186,0.5618072,0.4346285,-0.70389676,0.6871891,0.22854835,0.68959177,0.4605907,-0.87112784,-0.17027187
1356326633226,0.5661641,0.43198785,-0.702029,0.68054605,0.23557937,0.6938006,0.46509704,-0.8705681,-0.1606111
1356326633267,0.58029604,0.4131872,-0.7018068,0.67260903,0.24272543,0.6990575,0.45918795,-0.87770194,-0.13706082
1356326633307,0.6079438,0.38487053,-0.69446313,0.6574795,0.2463139,0.7120745,0.44511244,-0.88949656,-0.10329947
1356326633348,0.64349973,0.34880316,-0.6813549,0.63728416,0.24893633,0.72931445,0.42400122,-0.90353036,-0.062096268
1356326633389,0.6784227,0.3097465,-0.66618294,0.6166726,0.25277627,0.74553275,0.39932138,-0.9166031,-0.019523025
1356326633429,0.7127151,0.26882595,-0.6478964,0.59497243,0.25755686,0.76136214,0.3715441,-0.92811483,0.023620635
1356326633468,0.73961365,0.23045938,-0.63234496,0.5777895,0.2644125,0.77216923,0.34515357,-0.9364692,0.062406063
1356326633510,0.7582325,0.19735748,-0.6213964,0.5661771,0.273304,0.7776557,0.32330626,-0.9414643,0.0954887
1356326633548,0.7645359,0.17177863,-0.62127036,0.56532013,0.28435984,0.7743078,0.3096739,-0.9432028,0.120293394
1356326633587,0.75837,0.15592144,-0.6329008,0.57510996,0.29694986,0.7622789,0.30679536,-0.94207704,0.13552591
1356326633628,0.7400301,0.14816426,-0.65605086,0.5953574,0.3094872,0.7414628,0.31289762,-0.93928957,0.14081916
1356326633666,0.7139398,0.1449221,-0.68504566,0.6215977,0.3192132,0.7153455,0.32234496,-0.93653643,0.13781579
1356326633706,0.68540287,0.14363736,-0.71385664,0.6491885,0.3235009,0.688405,0.3298139,-0.93526226,0.12848073
1356326633748,0.65924937,0.1426818,-0.738263,0.6745465,0.32159013,0.66450495,0.33223084,-0.93606716,0.11576256
1356326633789,0.6386186,0.14248917,-0.75621635,0.6957965,0.31282043,0.64653736,0.3286845,-0.9390635,0.10062945
1356326633826,0.6258096,0.14399895,-0.76656806,0.71088445,0.2991048,0.6365372,0.3209449,-0.9432924,0.08481604
1356326633885,0.6213174,0.14770874,-0.76951075,0.71977353,0.2805242,0.63500565,0.30966222,-0.94841355,0.06797773
1356326633906,0.6265129,0.15433604,-0.76397777,0.7206327,0.25872537,0.6432337,0.2969346,-0.9535416,0.050875187
1356326633949,0.6393023,0.16379094,-0.7513089,0.71456057,0.23440403,0.6591342,0.28407001,-0.95824176,0.0328165
1356326633988,0.65903664,0.17747775,-0.730871,0.7001773,0.21005955,0.6823685,0.27463168,-0.9614451,0.014171064
1356326634027,0.67298114,0.19853666,-0.7125164,0.6868012,0.18988717,0.7016032,0.27459168,-0.9615228,-0.00856474
1356326634068,0.6711804,0.23319796,-0.7036587,0.68168867,0.17876273,0.7094677,0.29123434,-0.955857,-0.038986325
1356326634107,0.6464098,0.28153753,-0.7091481,0.6896172,0.18210435,0.7009038,0.32646972,-0.94211185,-0.07643908
1356326634148,0.6024044,0.33437684,-0.7247766,0.70575476,0.20102498,0.6793374,0.37285292,-0.92075026,-0.11488968
1356326634187,0.5557334,0.378106,-0.74040276,0.7196487,0.22712159,0.65614134,0.41625243,-0.8974696,-0.14588445
1356326634228,0.5239058,0.40439147,-0.7496601,0.72556335,0.2491535,0.6414673,0.44618434,-0.87999433,-0.16287869
1356326634266,0.51315165,0.41288513,-0.75246346,0.72392815,0.26276487,0.6378736,0.46108946,-0.87205535,-0.16406092
1356326634309,0.52727044,0.4048777,-0.7470341,0.71297693,0.26744255,0.64818084,0.4622227,-0.87438464,-0.14765388
1356326634347,0.55295146,0.38569278,-0.7385701,0.69831854,0.26902753,0.66330636,0.4545282,-0.88253343,-0.120577276
1356326634389,0.5941377,0.35599768,-0.72129464,0.67518175,0.26666093,0.6877656,0.4371841,-0.8956325,-0.08192986
1356326634429,0.6343154,0.3210544,-0.7032553,0.6520916,0.26640993,0.7097903,0.41523552,-0.9088178,-0.040368974
1356326634466,0.67431444,0.2833171,-0.68193215,0.62717533,0.26775125,0.7314099,0.38980907,-0.9208913,0.002859056
1356326634509,0.70833683,0.24507757,-0.6619636,0.60498655,0.27236232,0.7482045,0.3636621,-0.9304599,0.04465565
1356326634546,0.7324766,0.2092146,-0.6478482,0.58983696,0.2801658,0.75736344,0.33995634,-0.9368758,0.0818124
1356326634588,0.7445014,0.17812268,-0.6434205,0.5849972,0.29035294,0.75728023,0.3217078,-0.94019544,0.11196689
1356326634626,0.7424224,0.15337059,-0.65213996,0.5931113,0.3021376,0.7462787,0.31149322,-0.94084555,0.1333479
1356326634670,0.72480994,0.13560115,-0.6754723,0.6150165,0.31450862,0.72307605,0.3104918,-0.93951935,0.14456202
1356326634708,0.69417655,0.12305856,-0.7092076,0.6468353,0.32560995,0.68962467,0.31578928,-0.93746185,0.14643218
1356326634750,0.6545858,0.11517945,-0.74716204,0.6831448,0.33316076,0.6498592,0.32377547,-0.93580854,0.13939807
1356326634788,0.61417806,0.10895702,-0.7816097,0.71723807,0.33605158,0.61044157,0.32917315,-0.93552005,0.12824738
1356326634829,0.5787106,0.105315775,-0.80870426,0.7460222,0.332237,0.5771217,0.3294615,-0.93729776,0.113701165
1356326634886,0.55367917,0.104993254,-0.8260846,0.7663897,0.32376397,0.5548185,0.32570863,-0.94029427,0.09879559
1356326634907,0.54082143,0.108484805,-0.8341123,0.77861553,0.3106054,0.54523593,0.3182296,-0.944328,0.083514094
1356326634947,0.5430198,0.11686224,-0.8315484,0.7810313,0.2934193,0.5512669,0.30841464,-0.94881415,0.068059415
1356326634985,0.55964386,0.12994888,-0.81848145,0.77340674,0.27291414,0.5721537,0.2977259,-0.95322144,0.0522314
1356326635029,0.5487335,0.13484007,-0.8250513,0.7847168,0.2572529,0.5639508,0.28829,-0.95689034,0.03535199
1356326635067,0.61945796,0.17138925,-0.76609236,0.7318361,0.2270348,0.6425505,0.2840559,-0.9586871,0.015209675
1356326635107,0.65952766,0.20938784,-0.721928,0.6930462,0.20248666,0.69187146,0.29105031,-0.9566378,-0.011569917
1356326635164,0.666647,0.2552016,-0.7003242,0.67604196,0.18869382,0.7122934,0.31392527,-0.9482968,-0.04673484
1356326635191,0.64352375,0.30783272,-0.70079684,0.68018353,0.18990916,0.7080148,0.35103786,-0.9322948,-0.087171674
1356326635225,0.60481894,0.357737,-0.7114902,0.69297355,0.20381197,0.69155496,0.39240497,-0.9113094,-0.124632895
1356326635261,0.5726309,0.39388663,-0.7189904,0.7010136,0.21945953,0.6785406,0.42505735,-0.8925754,-0.15045059
1356326635302,0.55849504,0.4130388,-0.7193624,0.7003096,0.23000902,0.67576796,0.44457817,-0.8811894,-0.1607961
1356326635346,0.56573343,0.41543484,-0.71229184,0.6900922,0.23429078,0.68474865,0.45135188,-0.87893224,-0.15414223
1356326635398,0.597247,0.39999187,-0.6951996,0.6672224,0.23322874,0.7074027,0.44509587,-0.88634694,-0.12758833
1356326635437,0.6279577,0.37362078,-0.682698,0.6474421,0.23596445,0.72466516,0.43184242,-0.8970665,-0.093722105
1356326635477,0.66244704,0.3401903,-0.6674088,0.625631,0.23876476,0.74268246,0.4120071,-0.90953946,-0.054664552
1356326635517,0.69596905,0.301929,-0.6515106,0.60472775,0.24280724,0.7585177,0.38721,-0.9218913,-0.0135985315
1356326635558,0.72765315,0.26035273,-0.63461584,0.5849281,0.2477493,0.7723208,0.35830152,-0.93318635,0.027987912
1356326635597,0.74954295,0.21928707,-0.62457865,0.57383704,0.25511762,0.7782198,0.32999456,-0.9417156,0.06538659
1356326635642,0.7614064,0.18199968,-0.6222028,0.57171315,0.2639621,0.77683204,0.30562115,-0.94720644,0.09693082
1356326635679,0.7576364,0.15038712,-0.6351148,0.5849769,0.27510458,0.7629676,0.28946346,-0.9495795,0.12045626
1356326635717,0.77199256,0.14260097,-0.6194291,0.56878245,0.2800491,0.7733428,0.28374997,-0.9493353,0.13508688
1356326635758,0.7126851,0.11332962,-0.69226897,0.63998663,0.2990263,0.7078138,0.28722292,-0.9474912,0.14058214
1356326635797,0.65109587,0.09312087,-0.7532614,0.6994271,0.31179142,0.643108,0.29474717,-0.9455764,0.13787484
1356326635837,0.5919188,0.07892448,-0.80212414,0.7478115,0.31748646,0.58307827,0.3006827,-0.94497263,0.12890556
1356326635877,0.5390209,0.06995863,-0.83938205,0.7860094,0.3163925,0.5311168,0.30273035,-0.9460452,0.115554035
1356326635914,0.49526674,0.066838175,-0.86616594,0.8146595,0.31055665,0.48978,0.30172962,-0.9482021,0.09935802
1356326635957,0.4649135,0.06996119,-0.8825876,0.8332603,0.30233306,0.46289527,0.29922014,-0.9506315,0.082262844
1356326636000,0.449843,0.0792923,-0.88958085,0.84285074,0.29172575,0.4522154,0.29537085,-0.95320976,0.06439918
1356326636034,0.4562871,0.095107615,-0.88473535,0.8410548,0.2785744,0.46370584,0.2905666,-0.9556939,0.04711914
1356326636080,0.47984552,0.11576998,-0.86968124,0.8297592,0.26216316,0.492717,0.28504014,-0.95805407,0.029736638
1356326636127,0.5187808,0.14406171,-0.84268177,0.80706,0.24260831,0.5383264,0.28199384,-0.9593682,0.009594083
1356326636169,0.56973916,0.18283904,-0.8012285,0.7702479,0.22114581,0.5981745,0.286558,-0.957948,-0.014835954
1356326636208,0.5966944,0.2302548,-0.7687252,0.742156,0.20601612,0.6377787,0.30522138,-0.9510731,-0.047956318
1356326636247,0.58793354,0.28570896,-0.7567724,0.7341079,0.20446435,0.6475183,0.33973476,-0.9362503,-0.08952975
1356326636287,0.55428076,0.34050998,-0.75949043,0.7396593,0.21692199,0.63706267,0.38167638,-0.91487575,-0.13162574
1356326636326,0.5233852,0.38384432,-0.76074404,0.74305564,0.23137593,0.6279599,0.41705674,-0.89394003,-0.16411895
1356326636371,0.51730555,0.4111542,-0.7505645,0.73536485,0.23506486,0.6355966,0.43775958,-0.8807364,-0.18074802
1356326636406,0.53574055,0.42369273,-0.7303879,0.71766245,0.22728947,0.65825534,0.44490755,-0.87682605,-0.18230018
1356326636452,0.5846842,0.4205425,-0.69374955,0.68252444,0.20725673,0.70086026,0.4385258,-0.8832829,-0.16585079
1356326636488,0.63848704,0.40499133,-0.6544589,0.6418776,0.18897778,0.7431558,0.42464986,-0.8945778,-0.13929501
1356326636526,0.6956708,0.378789,-0.61037785,0.59415984,0.17415869,0.78526604,0.40375274,-0.90894866,-0.1039041
1356326636568,0.74669546,0.34466827,-0.5689022,0.5474164,0.16744047,0.8199384,0.377864,-0.92367065,-0.06365003
1356326636606,0.7885766,0.30623758,-0.53325933,0.5062017,0.16910025,0.8456743,0.34915155,-0.93681574,-0.021669477
1356326636649,0.8204895,0.2670052,-0.50547516,0.4736085,0.17769092,0.8626244,0.32014355,-0.94717157,0.01933761
1356326636686,0.84180367,0.2305451,-0.48807332,0.45256853,0.1913572,0.8709559,0.29419097,-0.9540605,0.05674772
1356326636727,0.85099787,0.20047429,-0.48539943,0.4470195,0.20859638,0.8698627,0.2756377,-0.9572344,0.08789918
1356326636766,0.84680545,0.17901355,-0.50087386,0.45959467,0.22777471,0.85842377,0.26775587,-0.9571169,0.11060719
1356326636810,0.8280763,0.16676973,-0.535236,0.4902948,0.24752149,0.8356698,0.2718469,-0.9544218,0.12320033
1356326636888,0.79915214,0.15924716,-0.5796518,0.53104967,0.2648136,0.80489755,0.2816773,-0.95105946,0.12705822
1356326636890,0.7645409,0.15484376,-0.6257,0.5744302,0.27669662,0.7703693,0.29241595,-0.9483999,0.12259896
1356326636922,0.73117447,0.15100782,-0.6652673,0.61322904,0.28177154,0.7379396,0.29888803,-0.94752383,0.11342177
1356326636968,0.7033528,0.14876033,-0.69510084,0.64452994,0.2789436,0.711879,0.2997933,-0.94871545,0.10031527
1356326637007,0.6854702,0.15005854,-0.71246964,0.66447926,0.2711041,0.6963978,0.29765385,-0.9507812,0.086123005
1356326637047,0.6786276,0.15556923,-0.717818,0.6734301,0.25832272,0.69264805,0.29318342,-0.9534503,0.07053995
1356326637089,0.6873008,0.1665569,-0.7070194,0.66731703,0.23965374,0.7051624,0.2868895,-0.95646477,0.053567976
1356326637128,0.71337414,0.18271506,-0.67654455,0.64250845,0.21490738,0.7355254,0.27978596,-0.95939046,0.035913408
1356326637169,0.750523,0.20216061,-0.6291632,0.60170597,0.18461424,0.7770891,0.27324933,-0.9617945,0.016915992
1356326637207,0.79196787,0.22546385,-0.567409,0.5472049,0.15013236,0.823424,0.2708388,-0.9626143,-0.004474938
1356326637248,0.82131535,0.25589934,-0.50985944,0.49758646,0.115775585,0.85965323,0.27901396,-0.9597455,-0.03224379
1356326637289,0.8289219,0.2986284,-0.47297958,0.47018325,0.08606747,0.8783622,0.30301204,-0.9504807,-0.06906685
1356326637332,0.81121886,0.35414794,-0.46529913,0.47394362,0.0678564,0.8779368,0.34249306,-0.9327244,-0.11279978
1356326637367,0.78766215,0.40644696,-0.4630217,0.48377028,0.057363898,0.873313,0.38151616,-0.91187173,-0.15144359
1356326637410,0.77291155,0.44344616,-0.45383158,0.48482943,0.048664063,0.87325376,0.4093263,-0.89497894,-0.17738274
1356326637448,0.7734685,0.46031252,-0.43572795,0.47311547,0.038182616,0.88017255,0.42179167,-0.8869354,-0.1882479
1356326637485,0.79247123,0.4556028,-0.40548173,0.44345638,0.02601415,0.8959183,0.41873118,-0.889803,-0.1814245
1356326637525,0.8193161,0.4341298,-0.37450284,0.4062856,0.021264285,0.9134987,0.40454054,-0.9005993,-0.15895854
1356326637565,0.84659463,0.40181202,-0.34903392,0.36951077,0.028261155,0.9287966,0.38306573,-0.915286,-0.12454812
1356326637604,0.86993414,0.36385414,-0.33290356,0.3398765,0.046798468,0.93930507,0.3573494,-0.9302796,-0.082953885
1356326637645,0.88862544,0.3232147,-0.32538742,0.31905198,0.07401338,0.94484276,0.3294701,-0.9434269,-0.037352122
1356326637685,0.90161216,0.2828369,-0.32725942,0.30945128,0.10684684,0.9448934,0.30221736,-0.95319825,0.008810163
1356326637725,0.90833664,0.24542394,-0.3386614,0.31190357,0.14196369,0.93944794,0.27864066,-0.95896477,0.052402228
1356326637765,0.9075428,0.21367525,-0.36153686,0.32802254,0.17689168,0.9279604,0.26223505,-0.96075606,0.09044647
1356326637806,0.8972759,0.18962193,-0.39867213,0.35957444,0.210022,0.9091738,0.25612924,-0.959132,0.12026447
1356326637846,0.87612724,0.17289524,-0.45000923,0.40572172,0.23971272,0.8820021,0.26036692,-0.95532465,0.13987148
1356326637885,0.8428539,0.1631145,-0.51282644,0.4633267,0.26476327,0.84571207,0.2737255,-0.9504179,0.14758146
1356326637923,0.80164677,0.15429287,-0.5775432,0.52394587,0.28381634,0.8030747,0.28782487,-0.9463836,0.14667934
1356326637963,0.7585688,0.14573579,-0.63508624,0.5795793,0.29448542,0.7598462,0.29776037,-0.9444784,0.13892202
1356326638003,0.717431,0.13743141,-0.68293875,0.62791955,0.29696798,0.7193935,0.30167824,-0.9449458,0.12675817
1356326638045,0.68103606,0.13158792,-0.72032946,0.6675896,0.29259843,0.6846242,0.30085558,-0.9471382,0.11142334
1356326638085,0.6521485,0.13036698,-0.7467977,0.6973512,0.2831999,0.6584065,0.2973275,-0.9501591,0.09377679
1356326638125,0.6331257,0.13507044,-0.762173,0.7166577,0.26979125,0.64312863,0.2924953,-0.95339847,0.07401249
1356326638165,0.62542397,0.14600646,-0.7665031,0.7254596,0.25291556,0.6401111,0.28732097,-0.9564078,0.052257627
1356326638205,0.6285347,0.16264227,-0.76058644,0.72453165,0.23317468,0.6486012,0.28283948,-0.95873725,0.028718919
1356326638245,0.63818747,0.18507361,-0.74730486,0.716545,0.21221626,0.66447544,0.28156716,-0.9595374,0.0028201938
1356326638286,0.64390373,0.2159651,-0.7339939,0.70849586,0.19384402,0.6785706,0.2888279,-0.9569658,-0.028193504
1356326638325,0.63449574,0.2578128,-0.72866166,0.7083186,0.18336812,0.68166035,0.3093541,-0.94863516,-0.06626731
1356326638365,0.6044928,0.30774015,-0.7347683,0.71926874,0.18560824,0.66947883,0.3424046,-0.933191,-0.10914904
1356326638405,0.5659709,0.35400647,-0.7445512,0.73302895,0.19721392,0.65098023,0.37728706,-0.9142134,-0.14787966
1356326638445,0.5370095,0.3853538,-0.7504154,0.74135566,0.2088654,0.6377828,0.40250784,-0.89882016,-0.17352155
1356326638485,0.52839035,0.39751184,-0.7501919,0.74150765,0.21426916,0.6358106,0.41348526,-0.8922293,-0.18154031
1356326638524,0.5400119,0.39141652,-0.74510425,0.73424816,0.21365914,0.64438295,0.41142052,-0.8950659,-0.17201841
1356326638565,0.5674075,0.36932424,-0.73596764,0.7205683,0.20987952,0.660857,0.398535,-0.9052902,-0.1470361
1356326638604,0.60015965,0.3354618,-0.7261362,0.7048133,0.20746076,0.6783792,0.37821507,-0.91892624,-0.11192837
1356326638645,0.63318485,0.2933643,-0.7162502,0.68902373,0.20791566,0.69427466,0.35259497,-0.9331176,-0.07048589
1356326638691,0.6626773,0.24589293,-0.7073864,0.6754553,0.21170977,0.7063563,0.32344866,-0.9458941,-0.025794417
1356326638723,0.68237215,0.19814822,-0.7036373,0.6690239,0.21860507,0.7103652,0.29457623,-0.9554837,0.016604125
1356326638763,0.6941312,0.15348053,-0.70329624,0.6680516,0.2265563,0.70878726,0.26812124,-0.9618295,0.054726884
1356326638803,0.6935519,0.115330964,-0.711115,0.6762625,0.23599824,0.6978352,0.24830392,-0.96488535,0.085683
1356326638863,0.67809236,0.08686322,-0.72982574,0.69498473,0.24730825,0.6751554,0.2391381,-0.96503544,0.10732922
1356326638930,0.6475804,0.06911385,-0.7588564,0.7226284,0.26026234,0.64036846,0.24176013,-0.9630612,0.11859712
1356326638931,0.60612315,0.059538364,-0.79313934,0.7545384,0.27236038,0.5970692,0.25156823,-0.9603515,0.120159954
1356326638950,0.5643188,0.05231625,-0.8238976,0.7835083,0.2805033,0.55446607,0.26011357,-0.9584263,0.11730307
1356326638982,0.52664226,0.047930807,-0.8487347,0.80782664,0.2826622,0.51722157,0.26469606,-0.9580213,0.11014208
1356326639022,0.49272084,0.046905607,-0.86892235,0.82923996,0.27739626,0.48519322,0.26379406,-0.95960987,0.09778291
1356326639063,0.46378243,0.049882203,-0.8845438,0.8471849,0.2671312,0.45925894,0.25919816,-0.96236837,0.0816313
1356326639104,0.4422468,0.057584554,-0.8950429,0.8604226,0.25444287,0.4415108,0.25316152,-0.96537185,0.06297949
1356326639144,0.43061024,0.070158124,-0.899807,0.8679992,0.24097206,0.43417698,0.24728933,-0.96799284,0.04286787
1356326639184,0.4296159,0.08717823,-0.8987937,0.8698673,0.22723514,0.43782985,0.24240673,-0.96992993,0.021790355
1356326639224,0.4385484,0.108290225,-0.89215946,0.86618483,0.21371086,0.45172057,0.23958108,-0.97087634,-7.677078E-5
1356326639264,0.45166928,0.13475004,-0.8819508,0.8586794,0.2027071,0.47072223,0.24220747,-0.96992385,-0.02415049
1356326639304,0.4572358,0.16997874,-0.87295055,0.8515152,0.1995643,0.4848671,0.25662684,-0.96502924,-0.053491503
1356326639344,0.44414634,0.21514255,-0.86974,0.84869605,0.21008159,0.48536655,0.28713933,-0.95371866,-0.089283615
1356326639387,0.41435182,0.26358277,-0.87111235,0.8486996,0.23374468,0.47441792,0.32866624,-0.93588865,-0.12685007
1356326639424,0.3838501,0.30424127,-0.871835,0.84671915,0.26072556,0.4637766,0.36840963,-0.9162202,-0.15752739
1356326639464,0.3692009,0.33005258,-0.8687669,0.8406688,0.2799111,0.4636008,0.39619014,-0.9015071,-0.1741215
1356326639505,0.37781557,0.3395868,-0.8613572,0.83043927,0.28709278,0.4774394,0.40942156,-0.8956889,-0.17353809
1356326639545,0.40850487,0.33407232,-0.849423,0.8156371,0.28411677,0.5039977,0.409707,-0.89870644,-0.15641868
1356326639585,0.4553219,0.315472,-0.83256197,0.7959447,0.27477938,0.5394149,0.39894116,-0.9082806,-0.12598523
1356326639625,0.5108151,0.2861154,-0.81068236,0.7717687,0.2628162,0.57905155,0.37873608,-0.9214476,-0.08656448
1356326639665,0.5674937,0.24899861,-0.78482527,0.7445469,0.2518061,0.61825866,0.35156935,-0.93519706,-0.042492777
1356326639705,0.6190046,0.20772389,-0.75741935,0.7167983,0.24472648,0.6529236,0.32098833,-0.94707954,0.002590716
1356326639745,0.6609699,0.16596267,-0.73183,0.6918087,0.24305782,0.6799437,0.29072225,-0.95570874,0.04583949
1356326639785,0.691407,0.12677449,-0.7112556,0.6725643,0.24658823,0.69774735,0.26384377,-0.96079254,0.085228845
1356326639825,0.7094722,0.09268746,-0.6986117,0.66144216,0.25451043,0.70549184,0.24319424,-0.96261805,0.11926068
1356326639881,0.7145595,0.06599495,-0.6964549,0.66010475,0.26606205,0.70247614,0.23166013,-0.96169424,0.14655358
1356326639905,0.7064699,0.04855475,-0.70607555,0.6688795,0.28024012,0.6885243,0.23130181,-0.9587012,0.16550392
1356326639945,0.68646866,0.04093212,-0.72600645,0.6859221,0.29499352,0.665199,0.24139524,-0.9546221,0.17442755
1356326639985,0.6587002,0.04197046,-0.75123394,0.7070092,0.30703667,0.6370766,0.25739476,-0.9507718,0.17257164
1356326640028,0.6271331,0.051044405,-0.7772378,0.72916275,0.3124261,0.60886085,0.27390826,-0.94856966,0.15871304
1356326640065,0.6010413,0.064947546,-0.7965747,0.746509,0.31034118,0.58856845,0.28543603,-0.9484041,0.13804391
1356326640105,0.58044934,0.08349657,-0.81000423,0.76078886,0.29902774,0.57600594,0.29030824,-0.9505844,0.11004719
1356326640145,0.56932575,0.1069279,-0.81512856,0.769174,0.28076285,0.57405895,0.29024073,-0.95380217,0.07759938
1356326640185,0.5680391,0.13464653,-0.8119124,0.77086395,0.25850254,0.58219004,0.28827128,-0.95658076,0.0430454
1356326640225,0.5765377,0.16561833,-0.8001092,0.7649934,0.23459107,0.5997933,0.28703517,-0.9578818,0.008553684
1356326640265,0.59378517,0.19869149,-0.77970564,0.7509104,0.21127775,0.6256958,0.2890549,-0.957018,-0.023745924
1356326640305,0.61586183,0.23388018,-0.7523392,0.7291859,0.19238591,0.65671575,0.29833227,-0.9530413,-0.052058995
1356326640345,0.6353666,0.27291912,-0.72237414,0.7025992,0.18383706,0.6874288,0.32041162,-0.9443088,-0.07494882
1356326640385,0.6443604,0.31703827,-0.6959069,0.6752528,0.19124332,0.71236205,0.35893357,-0.928931,-0.09085137
1356326640425,0.639765,0.36377686,-0.6770282,0.6488773,0.21644014,0.72946,0.4118967,-0.9059912,-0.097575724
1356326640465,0.6293282,0.40573612,-0.6628154,0.6210493,0.25013036,0.74278706,0.46716577,-0.8790979,-0.094568014
1356326640505,0.6239992,0.43605146,-0.6484475,0.5911318,0.2793119,0.75666904,0.5110657,-0.85547876,-0.0834735
1356326640544,0.6313269,0.4519587,-0.630206,0.5601441,0.29626113,0.773607,0.53634393,-0.84140515,-0.06612435
1356326640585,0.65375566,0.45355853,-0.605713,0.527496,0.30075485,0.79454046,0.54254174,-0.8389465,-0.042630106
1356326640625,0.6865954,0.44306296,-0.5764391,0.49410444,0.29725838,0.81700575,0.53333634,-0.84577346,-0.014823139
1356326640665,0.7247951,0.42277536,-0.5439974,0.46121636,0.2888225,0.8389643,0.5118121,-0.8589776,0.014346242
1356326640705,0.76358354,0.3947553,-0.51098764,0.43112415,0.27744594,0.8585777,0.48069957,-0.875895,0.041664615
1356326640745,0.79882187,0.36133817,-0.48095563,0.40648404,0.26515085,0.8743373,0.44345728,-0.89394057,0.064930096
1356326640785,0.82718116,0.32518777,-0.45828396,0.39033476,0.25417423,0.8848922,0.40424007,-0.9108504,0.08331606
1356326640825,0.8473801,0.28837752,-0.4458535,0.38460356,0.24558467,0.8898136,0.366097,-0.9254872,0.09719254
1356326640881,0.8591013,0.25227338,-0.4453124,0.3903225,0.23984507,0.8888884,0.33104888,-0.9374606,0.10758321
1356326640905,0.8616316,0.21830979,-0.45818326,0.40847233,0.23752868,0.8813233,0.30123314,-0.9465311,0.11548872
1356326640945,0.85267967,0.18834352,-0.4873029,0.44133383,0.23947132,0.8647993,0.2795744,-0.95246,0.12106995
1356326640985,0.8297618,0.16383547,-0.5335291,0.48953038,0.24548715,0.8367174,0.26805854,-0.9554549,0.12349343
1356326641025,0.7931262,0.14448681,-0.5916708,0.5482497,0.25375468,0.7968881,0.26527905,-0.95641625,0.12204462
1356326641065,0.74704087,0.12864411,-0.6522121,0.608987,0.26099497,0.7490104,0.26657987,-0.95673007,0.11663133
1356326641105,0.69797224,0.114661574,-0.7068858,0.66466886,0.26368758,0.6990595,0.26655227,-0.95776904,0.10783462
1356326641145,0.65172017,0.10320526,-0.75140494,0.71148014,0.26006353,0.6528115,0.26278657,-0.9600601,0.09606016
1356326641185,0.612019,0.09587714,-0.78500974,0.7483109,0.25093272,0.6140551,0.2558585,-0.96324474,0.0818297
1356326641225,0.5815156,0.0939402,-0.80809337,0.7750652,0.23786736,0.58540004,0.24721164,-0.96674424,0.06551379
1356326641265,0.56270206,0.09758589,-0.8208797,0.791576,0.22261296,0.569079,0.23827258,-0.9700106,0.048018098
1356326641305,0.5559206,0.10622063,-0.8244207,0.79879224,0.2061182,0.5651958,0.22996354,-0.9727448,0.029737115
1356326641345,0.5592646,0.11986071,-0.8202783,0.7981186,0.18966185,0.57186985,0.22412023,-0.9745059,0.010408074
1356326641384,0.5647427,0.140293,-0.8132549,0.79415745,0.17563319,0.5817791,0.2244541,-0.9744079,-0.012227178
1356326641425,0.55870533,0.1718328,-0.8113704,0.79489136,0.16818514,0.58297646,0.23663488,-0.9706633,-0.042622477
1356326641465,0.53110814,0.21580222,-0.8193617,0.80536044,0.17191142,0.56731033,0.26328447,-0.9611846,-0.082495034
1356326641506,0.48031217,0.26648298,-0.83563566,0.82369995,0.19030118,0.53413844,0.3013613,-0.9448663,-0.12809807
1356326641545,0.42498475,0.30995438,-0.85047996,0.8393599,0.216838,0.4984538,0.33891428,-0.92569405,-0.16801041
1356326641585,0.3844509,0.3373901,-0.8592819,0.8471503,0.2408961,0.473609,0.36678863,-0.91002035,-0.19320738
1356326641624,0.36946264,0.3470009,-0.8620254,0.8472379,0.2552471,0.46587223,0.38168752,-0.9024629,-0.19968802
1356326641666,0.38237888,0.3403932,-0.8590221,0.8400868,0.25904906,0.4766001,0.38476032,-0.90389496,-0.18690497
1356326641705,0.41575179,0.3209716,-0.8509569,0.8267491,0.25652227,0.5006819,0.37899408,-0.91168725,-0.15871337
1356326641745,0.46250606,0.29164675,-0.8372755,0.80749667,0.25138903,0.53362226,0.36611104,-0.9229007,-0.1192348
1356326641785,0.512988,0.25587234,-0.81937337,0.78472877,0.24709225,0.56845945,0.34791386,-0.93459874,-0.07403508
1356326641826,0.5610528,0.21662316,-0.79893315,0.76084244,0.24526179,0.600804,0.32609582,-0.944945,-0.027211308
1356326641879,0.6017621,0.17669538,-0.7788846,0.7390262,0.24661523,0.6269142,0.3028577,-0.95286924,0.017821193
1356326641905,0.63204706,0.13865578,-0.76242447,0.7222788,0.25105888,0.64442444,0.2807666,-0.9579896,0.058532894
1356326641945,0.6488135,0.10520691,-0.7536396,0.7139293,0.25857943,0.65072393,0.26333633,-0.9602438,0.09265953
1356326641985,0.64988613,0.07879162,-0.7559364,0.7163644,0.2687755,0.64388025,0.25390956,-0.95997477,0.118229955
1356326642025,0.6354629,0.060702235,-0.76974165,0.72936344,0.2799872,0.62420845,0.25340867,-0.9580827,0.13364747
