1356327652404,0.39268786,0.29382277,0.87147254,-0.88612795,-0.13270581,0.44403425,0.24611682,-0.94660306,0.20825261
1356327652443,0.5116833,-0.055566162,-0.8573754,0.8231678,0.31756717,0.47068673,0.24612007,-0.94660634,0.20823407
1356327652482,0.5115076,-0.05551678,-0.8574835,0.8232714,0.3175124,0.47054228,0.2461386,-0.9466275,0.2081154
1356327652524,0.51087636,-0.05536124,-0.85786974,0.8236475,0.31731176,0.4700192,0.24619135,-0.9467039,0.2077052
1356327652563,0.5093862,-0.05513388,-0.85877,0.82454276,0.3168784,0.46874017,0.24628222,-0.9468624,0.20687371
1356327652603,0.50659704,-0.054922342,-0.86043185,0.82621926,0.31614992,0.46627337,0.24641663,-0.9471181,0.20553848
1356327652643,0.50267816,-0.05498606,-0.8627231,0.8285683,0.31527588,0.46268308,0.2465547,-0.9474057,0.20404199
1356327652683,0.49856448,-0.05555144,-0.8650708,0.8310468,0.31448364,0.45876068,0.24656582,-0.94763607,0.20295623
1356327652723,0.49543744,-0.056773752,-0.8667863,0.8330207,0.31388694,0.4555784,0.24620801,-0.9477615,0.20280507
1356327652763,0.49444884,-0.058709383,-0.8672217,0.833909,0.31347656,0.45423365,0.24518588,-0.9477793,0.20395643
1356327652803,0.4998959,-0.06013006,-0.8639956,0.8312269,0.3134823,0.45911944,0.24324042,-0.94768834,0.20669025
1356327652843,0.50352913,-0.0643363,-0.86157954,0.82990813,0.3132969,0.46162486,0.24023095,-0.9474734,0.21114734
1356327652883,0.5118699,-0.068707556,-0.856311,0.82596564,0.31338158,0.46858597,0.23615676,-0.94713855,0.21716067
1356327652923,0.52399826,-0.07302415,-0.8485831,0.8197583,0.3136126,0.4792114,0.23113236,-0.946739,0.22419465
1356327652963,0.538301,-0.07701853,-0.8392259,0.81202936,0.31383133,0.49205515,0.22547802,-0.94634986,0.23147705
1356327653003,0.55333257,-0.08060378,-0.82905126,0.8034999,0.3140158,0.5057489,0.21956989,-0.94599,0.23852035
1356327653043,0.567679,-0.08375478,-0.8189784,0.79497105,0.31426924,0.5188987,0.21391952,-0.9456321,0.24498668
1356327653083,0.58002114,-0.08656478,-0.80998886,0.78735936,0.3145721,0.5301977,0.20890343,-0.9452782,0.25061607
1356327653122,0.5895809,-0.089340806,-0.8027531,0.7813893,0.31473482,0.53886247,0.20451197,-0.9449657,0.25537157
1356327653162,0.59642655,-0.09267047,-0.7973002,0.7772552,0.31464493,0.5448605,0.200374,-0.94467497,0.25969118
1356327653203,0.6011809,-0.09727636,-0.7931701,0.77470636,0.31438065,0.5486299,0.1959886,-0.9442998,0.26436028
1356327653243,0.6043366,-0.10376915,-0.78994256,0.77351964,0.3139879,0.55052614,0.1909048,-0.9437392,0.27002186
1356327653283,0.60594296,-0.11250052,-0.787513,0.773756,0.31326365,0.5506064,0.18475568,-0.94297904,0.27686787
1356327653344,0.6062368,-0.12360108,-0.78562057,0.7753041,0.31189072,0.5492064,0.17714521,-0.942044,0.28490806
1356327653364,0.6057006,-0.13705549,-0.7838001,0.7777945,0.30973756,0.5468989,0.16781688,-0.9408924,0.29420924
1356327653394,0.60308325,-0.15172267,-0.7831161,0.78185916,0.30698258,0.5426398,0.15807226,-0.9395434,0.30376178
1356327653424,0.6030473,-0.16649985,-0.78013575,0.7839357,0.30462354,0.5409707,0.14757621,-0.9378072,0.31422758
1356327653464,0.6105585,-0.18297398,-0.7705445,0.7804656,0.30425352,0.5461714,0.13450575,-0.9348531,0.32856947
1356327653494,0.6187061,-0.19973746,-0.75980765,0.7761283,0.30530298,0.55173814,0.12176871,-0.931072,0.34391475
1356327653524,0.6299697,-0.2154879,-0.74612546,0.7687841,0.3091628,0.5598119,0.11004153,-0.9262739,0.36042684
1356327653554,0.64305574,-0.22932696,-0.7306767,0.7592185,0.31590617,0.569026,0.10033232,-0.9206587,0.37725455
1356327653585,0.6556399,-0.24002889,-0.71590674,0.74922633,0.32457358,0.57733166,0.09378812,-0.9148979,0.39263934
1356327653614,0.6654384,-0.24635236,-0.7046291,0.740852,0.33338654,0.58308804,0.09126878,-0.91003513,0.40435886
1356327653654,0.6680655,-0.24638252,-0.7021283,0.7380006,0.33998471,0.5828941,0.09509802,-0.9075825,0.4089625
1356327653694,0.6681417,-0.2384144,-0.7048015,0.73683196,0.34350574,0.5823078,0.103272796,-0.90838444,0.40518188
1356327653733,0.6656341,-0.22260857,-0.7123038,0.73754615,0.34181446,0.582399,0.11382878,-0.91302156,0.39170742
1356327653772,0.6599476,-0.19888029,-0.7245108,0.74078524,0.33310598,0.5833332,0.12532544,-0.9216762,0.36716005
1356327653813,0.6496824,-0.16735202,-0.7415565,0.7477071,0.31682774,0.58357036,0.13728401,-0.93360245,0.3309677
1356327653853,0.63299775,-0.12828144,-0.7634512,0.7593998,0.2945072,0.58015305,0.15041897,-0.9470002,0.2838393
1356327653893,0.6101873,-0.08289251,-0.7879088,0.77480125,0.27005082,0.5716253,0.16539195,-0.95927125,0.2290068
1356327653933,0.58037025,-0.032993853,-0.8136841,0.7937057,0.2464862,0.55612576,0.18221322,-0.96858454,0.16924064
1356327653973,0.54768836,0.018752307,-0.83647215,0.8125526,0.22644708,0.5371033,0.19948855,-0.97384286,0.10878524
1356327654013,0.5176281,0.06913313,-0.85280824,0.82798994,0.21071501,0.5196459,0.21562424,-0.9750999,0.05183047
1356327654053,0.49749127,0.11532527,-0.85976887,0.8365868,0.19831738,0.51067865,0.22940123,-0.9733294,0.0021815896
1356327654093,0.49296296,0.15548319,-0.85604465,0.83621,0.18706726,0.5155179,0.24029228,-0.9699643,-0.03779936
1356327654133,0.505967,0.18885744,-0.8416236,0.82604074,0.1747913,0.53582156,0.2483024,-0.9663234,-0.06756532
1356327654173,0.5360261,0.21529457,-0.8162869,0.8052982,0.15974608,0.570943,0.25331953,-0.96339476,-0.08774823
1356327654213,0.5815906,0.23436636,-0.7789896,0.7726349,0.14048362,0.619112,0.2545343,-0.96194434,-0.099375665
1356327654253,0.6407658,0.24507526,-0.7275696,0.72565794,0.11610052,0.6781897,0.25067875,-0.96252733,-0.10344759
1356327654311,0.7095907,0.24650018,-0.6600899,0.6620433,0.087447554,0.74434644,0.24120478,-0.9651894,-0.101141825
1356327654375,0.7804755,0.23900114,-0.5776993,0.5823748,0.058125976,0.8108397,0.22737095,-0.96927804,-0.093822345
1356327654376,0.84345293,0.22557972,-0.48754582,0.4933988,0.033658266,0.8691517,0.21247295,-0.97364306,-0.082911596
1356327654400,0.88982135,0.21257126,-0.4037715,0.40977764,0.017035961,0.91202635,0.20074925,-0.9769971,-0.07194799
1356327654430,0.91974294,0.20238435,-0.3363235,0.34170324,0.008826733,0.9397664,0.19316263,-0.9792664,-0.061037064
1356327654473,0.93713397,0.19736323,-0.28779802,0.29178107,0.009240389,0.9564405,0.19142553,-0.9802869,-0.048927367
1356327654513,0.94616985,0.19690746,-0.25688526,0.25917134,0.014523089,0.9657221,0.19388866,-0.9803144,-0.037291463
1356327654553,0.9485611,0.19963169,-0.24572179,0.24604407,0.023591489,0.96897155,0.19923437,-0.979587,-0.026740223
1356327654592,0.94430584,0.20407993,-0.25814313,0.2560454,0.037088156,0.965953,0.20670567,-0.97825146,-0.017231163
1356327654633,0.93130565,0.20856713,-0.29861253,0.29319587,0.057168096,0.95434165,0.21611542,-0.97633576,-0.00791005
1356327654673,0.9047321,0.210187,-0.370515,0.3602283,0.08674422,0.9288224,0.22736645,-0.9738054,0.00276497
1356327654712,0.85783625,0.20375916,-0.47180402,0.45451424,0.1276795,0.88154113,0.23986177,-0.9706596,0.016916662
1356327654753,0.78812945,0.18215661,-0.58793783,0.56174546,0.17756084,0.808031,0.25158295,-0.9671045,0.03761527
1356327654793,0.70874465,0.13981098,-0.6914723,0.65661883,0.22764266,0.7190484,0.2579394,-0.96365535,0.06953798
1356327654833,0.64636135,0.07742414,-0.75909317,0.7200804,0.26717287,0.64039266,0.25239095,-0.96053326,0.11693862
1356327654872,0.6149651,0.0027947724,-0.7885494,0.7538407,0.29135257,0.5889294,0.23139179,-0.95661163,0.17706484
1356327654913,0.59917206,-0.07168698,-0.7974044,0.77510345,0.301387,0.55532014,0.2005181,-0.9508033,0.23614751
1356327654953,0.5737438,-0.1340107,-0.807997,0.8008145,0.2987159,0.51910007,0.17179662,-0.9448862,0.2787041
1356327654992,0.52492094,-0.17744976,-0.8324479,0.8371114,0.2845368,0.46720797,0.15395615,-0.9420989,0.29790455
1356327655033,0.45134673,-0.20004034,-0.86963785,0.8799448,0.2616988,0.39649826,0.1482676,-0.9441915,0.29414132
1356327655072,0.3568774,-0.20202544,-0.91204405,0.9217341,0.23481524,0.30865553,0.15180561,-0.95081425,0.270014
1356327655113,0.24988574,-0.1855908,-0.9503226,0.95477897,0.21052492,0.20994356,0.16110292,-0.95981,0.22980544
1356327655153,0.14224482,-0.15511346,-0.9776023,0.974465,0.1952976,0.11080101,0.17373663,-0.9684001,0.17893267
1356327655192,0.04554248,-0.1161674,-0.992185,0.98111105,0.19212747,0.022539407,0.18800762,-0.97447014,0.1227231
1356327655233,-0.03152299,-0.07409215,-0.9967531,0.9788382,0.19944888,-0.04578209,0.20219347,-0.9771031,0.06623691
1356327655272,-0.0840238,-0.033106863,-0.9959136,0.97320336,0.21195945,-0.089153916,0.21404484,-0.9767176,0.0144100785
1356327655312,-0.10905722,0.0037439764,-0.9940284,0.9692875,0.22214869,-0.10550612,0.2204271,-0.97500557,-0.027855933
1356327655353,-0.10420516,0.03429553,-0.9939644,0.970459,0.22216931,-0.09407517,0.21760207,-0.9744047,-0.056433618
1356327655391,-0.06758481,0.05813068,-0.99601865,0.97613305,0.21036345,-0.05395797,0.20638928,-0.9758935,-0.07096064
1356327655433,-7.9098344E-4,0.073049694,-0.99732804,0.98202693,0.18829224,0.013012737,0.18873969,-0.97939265,-0.071885705
1356327655472,0.09213048,0.07975009,-0.9925481,0.9808452,0.16453427,0.10426432,0.17162323,-0.9831421,-0.06306386
1356327655513,0.19352028,0.080516845,-0.9777868,0.9676894,0.14853302,0.203753,0.16163912,-0.9856242,-0.04917115
1356327655552,0.28074306,0.078620344,-0.9565574,0.94625163,0.1440903,0.28956127,0.16059601,-0.98643637,-0.033942252
1356327655593,0.3391378,0.0758746,-0.9376719,0.9259405,0.14916335,0.34696478,0.16619214,-0.98589724,-0.01966849
1356327655633,0.36398143,0.07221645,-0.92860234,0.9146684,0.1604452,0.37099746,0.17578194,-0.98439944,-0.0076550543
1356327655672,0.35604554,0.06662038,-0.9320909,0.9152802,0.17623436,0.36222035,0.18839768,-0.98209125,0.001771152
1356327655712,0.31927752,0.057571918,-0.94591093,0.92536795,0.19629006,0.32429063,0.20434299,-0.9788543,0.009395778
1356327655753,0.26152927,0.0429869,-0.9642378,0.9388565,0.22045934,0.2644735,0.22394416,-0.9744485,0.017298043
1356327655792,0.1956074,0.020051718,-0.98047733,0.9492653,0.2471647,0.1944353,0.24623814,-0.96876603,0.029312849
1356327655833,0.13715214,-0.014891595,-0.9904381,0.9537082,0.27214605,0.1279741,0.26763812,-0.96214074,0.05152762
1356327655872,0.099179,-0.06546733,-0.9929137,0.9545436,0.28812733,0.07634878,0.2810872,-0.9553516,0.09106761
1356327655913,0.08334094,-0.1309134,-0.98788464,0.95686007,0.28740376,0.04263717,0.27834,-0.9488207,0.14921832
1356327655952,0.076113164,-0.20026907,-0.97677994,0.96328187,0.26773345,0.020167977,0.25747764,-0.94244945,0.21329361
1356327655993,0.05997184,-0.2561077,-0.9647862,0.9719379,0.23522928,-0.002026409,0.22746503,-0.9375906,0.2630278
1356327656034,0.028799593,-0.2866023,-0.9576167,0.97901964,0.20141912,-0.030838877,0.2017208,-0.9366374,0.28638998
1356327656072,-0.011375129,-0.29023105,-0.956889,0.98218566,0.17626214,-0.065137446,0.18756813,-0.94058365,0.28305584
1356327656113,-0.053084254,-0.27036482,-0.96129334,0.9812127,0.16468477,-0.100502014,0.18548259,-0.94856834,0.25654325
1356327656153,-0.08793306,-0.23348102,-0.96837723,0.977489,0.16694647,-0.12901214,0.19178903,-0.9579226,0.21354502
1356327656192,-0.1125074,-0.1857355,-0.97613746,0.9728434,0.17939603,-0.14626247,0.2022813,-0.96608454,0.16050822
1356327656233,-0.12705481,-0.13126418,-0.9831718,0.96858406,0.1972121,-0.15149969,0.21377984,-0.97153336,0.10208368
1356327656273,-0.13035232,-0.07436836,-0.9886747,0.96581936,0.21582335,-0.14357322,0.22405642,-0.9735963,0.043693304
1356327656313,-0.12203026,-0.019454956,-0.9923357,0.96515363,0.23086113,-0.12321371,0.23148891,-0.9727922,-0.009395063
1356327656356,-0.099787354,0.029233873,-0.9945792,0.9672671,0.23723614,-0.09007403,0.2333169,-0.971012,-0.051950097
1356327656394,-0.060555547,0.06815156,-0.9958354,0.9722581,0.22985038,-0.043391705,0.2259359,-0.97083676,-0.08017963
1356327656434,-8.775294E-4,0.094578356,-0.9955171,0.9781897,0.20686176,0.018790513,0.20771164,-0.973788,-0.092697084
1356327656474,0.08000484,0.10755172,-0.99097514,0.979903,0.17375907,0.097969204,0.18272766,-0.9788976,-0.09148866
1356327656514,0.17532861,0.10840958,-0.978523,0.97155446,0.1416601,0.18977442,0.15919104,-0.98396134,-0.0804888
1356327656554,0.2702114,0.10218823,-0.9573627,0.9517907,0.12159705,0.28161788,0.14519054,-0.9873053,-0.064404935
1356327656594,0.34827656,0.09511384,-0.9325539,0.9263313,0.11745249,0.35793194,0.14357504,-0.9885131,-0.047200978
1356327656633,0.400866,0.09052858,-0.9116529,0.9035013,0.12563583,0.40975738,0.15163103,-0.98793733,-0.03142953
1356327656673,0.4273209,0.08825365,-0.8997822,0.8889437,0.14045294,0.43594956,0.16485116,-0.9861461,-0.018434048
1356327656713,0.43018568,0.086723596,-0.8985651,0.8845626,0.15824944,0.4387552,0.18024784,-0.9835833,-0.008635789
1356327656753,0.41255438,0.08438045,-0.9070164,0.8893685,0.17805906,0.42109227,0.19703445,-0.9803953,-0.0015862584
1356327656793,0.3790347,0.07947299,-0.9219635,0.89984953,0.20077018,0.3872496,0.21587867,-0.97640944,0.004585147
1356327656833,0.33710635,0.0679937,-0.9390081,0.91134804,0.22669323,0.34359118,0.23622885,-0.9715899,0.0144537985
1356327656872,0.29921758,0.043529958,-0.9531915,0.9195676,0.2534805,0.3002385,0.2546848,-0.96636057,0.035817087
1356327656913,0.2771927,-0.0014970601,-0.96081316,0.92365205,0.27584147,0.26604196,0.2646338,-0.9612019,0.07784402
1356327656953,0.26924428,-0.06629461,-0.9607875,0.9270824,0.28801712,0.23992577,0.26081747,-0.95532787,0.13900754
1356327656993,0.26365018,-0.13714749,-0.95481884,0.9330762,0.28731436,0.21637744,0.24465752,-0.94796675,0.20371956
1356327657033,0.24836874,-0.19491172,-0.94885325,0.9425154,0.27469504,0.19028237,0.22355703,-0.941569,0.25193295
1356327657073,0.22122341,-0.22723648,-0.94837964,0.9536121,0.25399655,0.16158509,0.20416716,-0.9401326,0.2728854
1356327657113,0.18746394,-0.23109332,-0.9547005,0.96367085,0.23151743,0.13318458,0.19025177,-0.94498444,0.26609904
1356327657171,0.15486473,-0.20967579,-0.9654288,0.97077644,0.21363854,0.10932365,0.18333027,-0.954146,0.23663339
1356327657193,0.13084397,-0.16958794,-0.97679055,0.9745091,0.20311275,0.09527445,0.1822412,-0.9643574,0.19184107
1356327657233,0.11994821,-0.11779246,-0.98576736,0.9756228,0.19778794,0.09507948,0.18377325,-0.97314173,0.13864529
1356327657271,0.12556496,-0.061654866,-0.99016774,0.9748412,0.19294706,0.111607134,0.18416885,-0.97927016,0.084331065
1356327657313,0.14792106,-0.007510692,-0.98897064,0.9723401,0.18386939,0.14403722,0.18075964,-0.98292196,0.034501135
1356327657352,0.18710163,0.03902012,-0.98156524,0.9671535,0.16770473,0.19102126,0.17206681,-0.9850647,-0.0063606203
1356327657392,0.24305236,0.073520005,-0.967223,0.95691246,0.1451515,0.25149462,0.15888375,-0.9866741,-0.035072803
1356327657433,0.3111088,0.09293714,-0.94581926,0.93965924,0.11894235,0.32077003,0.14230946,-0.9885421,-0.050325245
1356327657473,0.3884706,0.09840748,-0.91619134,0.9128072,0.09484975,0.39722353,0.12599036,-0.9906158,-0.05298078
1356327657513,0.46786875,0.09515101,-0.8786609,0.87628007,0.07945545,0.47520527,0.11503062,-0.9922868,-0.04620421
1356327657553,0.54081786,0.090277165,-0.83628106,0.83354414,0.0757893,0.5472294,0.11278343,-0.99302864,-0.034261793
1356327657593,0.6023456,0.08868155,-0.7932941,0.7894161,0.08114289,0.608472,0.11833042,-0.99274945,-0.021130577
1356327657633,0.6513555,0.091144085,-0.7532786,0.747904,0.09030834,0.65763515,0.12796691,-0.99173445,-0.00934419
1356327657673,0.68841755,0.09649289,-0.7188675,0.71192265,0.09968257,0.6951472,0.13873535,-0.99032956,-7.225573E-5
1356327657713,0.714081,0.1036132,-0.692353,0.683832,0.10849098,0.72152865,0.14987397,-0.988683,0.0066173226
1356327657753,0.7284928,0.111780316,-0.6758723,0.6655861,0.11803775,0.73692757,0.16215244,-0.9866976,0.0115902275
1356327657793,0.7315748,0.120049894,-0.67110837,0.6584547,0.13076708,0.741173,0.17673664,-0.98411787,0.016618475
1356327657833,0.72395945,0.12576547,-0.6782814,0.6620568,0.14957508,0.734376,0.19381312,-0.98071927,0.025022432
1356327657873,0.7089777,0.122594,-0.69449365,0.6729658,0.17685422,0.71821976,0.21087357,-0.9765723,0.042884126
1356327657913,0.6940119,0.1008369,-0.712867,0.68507075,0.21201664,0.69694126,0.2214171,-0.97204983,0.07806164
1356327657953,0.68688965,0.054480165,-0.72471684,0.6934786,0.24918354,0.67601407,0.21741682,-0.96692264,0.13338079
1356327657993,0.68698984,-0.008053452,-0.72662234,0.6992729,0.27929425,0.6580366,0.197642,-0.9601718,0.19750388
1356327658033,0.68553036,-0.06555161,-0.725087,0.7071879,0.29663068,0.64179087,0.17301261,-0.95273983,0.24970663
1356327658073,0.67676926,-0.101784706,-0.729125,0.7195331,0.3009687,0.6258514,0.15574172,-0.9481865,0.27692384
1356327658113,0.65978897,-0.11181685,-0.74308515,0.7362206,0.29426956,0.60941327,0.15052465,-0.9491588,0.2764777
1356327658153,0.6366265,-0.09811807,-0.764905,0.7553898,0.27898282,0.5929206,0.15521914,-0.95527035,0.25172526
1356327658193,0.6109544,-0.066391915,-0.788877,0.7741467,0.25857693,0.5777845,0.16562518,-0.96370643,0.20937578
1356327658233,0.5872778,-0.023226112,-0.80905217,0.7895807,0.23621093,0.5663628,0.17795259,-0.9714243,0.15706031
1356327658273,0.5696993,0.025304765,-0.8214636,0.79974425,0.21321052,0.56120443,0.18934584,-0.9766785,0.101228535
1356327658313,0.5614473,0.073881805,-0.8242078,0.803485,0.18959801,0.56432664,0.19796169,-0.9790782,0.047086358
1356327658352,0.5657187,0.11732301,-0.8162093,0.79942584,0.16467083,0.57775605,0.20218992,-0.97934616,-6.33657E-4
1356327658393,0.5874206,0.15010688,-0.795239,0.7841631,0.13734743,0.6051644,0.20006338,-0.97908306,-0.037027568
1356327658433,0.62899613,0.16713384,-0.7592299,0.7540432,0.10647288,0.64813757,0.18916312,-0.9801682,-0.05905509
1356327658473,0.6894151,0.16684037,-0.70489085,0.7041291,0.07405954,0.70619917,0.17002639,-0.9831985,-0.06641941
1356327658513,0.7578497,0.15310709,-0.6342099,0.6354488,0.047114402,0.77070427,0.14788073,-0.9870858,-0.061586097
1356327658553,0.8183707,0.13571133,-0.558437,0.55963326,0.032786604,0.82809156,0.13069065,-0.9902057,-0.04911697
1356327658593,0.86107886,0.12385245,-0.4931571,0.49328774,0.031770438,0.86928594,0.123331025,-0.99179196,-0.033738047
1356327658633,0.88556427,0.120184734,-0.4486999,0.44737542,0.039317787,0.8934816,0.12502475,-0.9919727,-0.018949278
1356327658673,0.89456534,0.12259179,-0.42979544,0.42684132,0.05077648,0.9028999,0.13251163,-0.9911575,-0.006904356
1356327658712,0.88871133,0.12819642,-0.44017947,0.4354198,0.0645757,0.8979085,0.14353354,-0.9896442,0.0015699044
1356327658753,0.86438954,0.13480005,-0.48441684,0.4773837,0.08254376,0.8748094,0.15790991,-0.9874288,0.006998621
1356327658793,0.8124372,0.13886228,-0.5662712,0.5558448,0.10873896,0.8241434,0.17601816,-0.9843236,0.011157706
1356327658833,0.72366244,0.13424453,-0.67697203,0.6611439,0.1465582,0.7358053,0.19799365,-0.98005056,0.01730372
1356327658873,0.6030858,0.11163935,-0.78982544,0.7663238,0.19378525,0.61253166,0.22143915,-0.97467124,0.031317204
1356327658912,0.48381558,0.06468126,-0.87277645,0.8416996,0.2387701,0.48428357,0.23971695,-0.9689195,0.06107849
1356327658953,0.4019971,-0.0038838387,-0.9156327,0.8826852,0.2675147,0.38639712,0.24344453,-0.9635459,0.11096832
1356327658993,0.3523646,-0.08127558,-0.9323269,0.90742755,0.2733792,0.31912228,0.22894192,-0.95846653,0.17008084
1356327659033,0.30736,-0.15012878,-0.9396761,0.92964655,0.25822705,0.2628233,0.20319241,-0.95434797,0.21893534
1356327659073,0.2465649,-0.1981641,-0.94864994,0.95270216,0.22901246,0.19977957,0.1776635,-0.95303947,0.24525782
1356327659113,0.16614652,-0.22116756,-0.9609788,0.97311664,0.19439805,0.1235047,0.1594972,-0.95566434,0.24752036
1356327659153,0.071631014,-0.2203564,-0.9727856,0.9860228,0.16273117,0.035743684,0.15042612,-0.9617492,0.22893307
1356327659193,-0.026731431,-0.20056018,-0.9793167,0.98842716,0.14103544,-0.05586359,0.14932242,-0.96947646,0.194469
1356327659233,-0.11734849,-0.1688512,-0.9786309,0.98110896,0.13290328,-0.1405766,0.15379968,-0.9766401,0.15006554
1356327659273,-0.19254535,-0.13182631,-0.97239304,0.9679676,0.13720572,-0.21026987,0.16113698,-0.98173136,0.10118526
1356327659313,-0.24978095,-0.094020784,-0.963727,0.95345765,0.14972568,-0.26172647,0.16890243,-0.9842471,0.052246273
1356327659355,-0.2892499,-0.058187217,-0.95548344,0.9411508,0.16502512,-0.29496077,0.17484173,-0.98457146,0.007029414
1356327659394,-0.3092175,-0.026435107,-0.95062387,0.93444943,0.17718661,-0.30888358,0.1766032,-0.9838222,-0.030086935
1356327659434,-0.31164885,2.1979213E-4,-0.95019734,0.9345335,0.18089694,-0.30646944,0.17182049,-0.98350203,-0.056581795
1356327659473,-0.2922451,0.021312296,-0.956106,0.9426655,0.17490125,-0.28423822,0.16116637,-0.98435533,-0.071204364
1356327659513,-0.24507272,0.0357686,-0.96884465,0.95805717,0.1620487,-0.23636127,0.14854571,-0.9861343,-0.07398212
1356327659553,-0.16641405,0.04394245,-0.9850764,0.9761244,0.1487728,-0.15826526,0.13959804,-0.98789465,-0.06765115
1356327659593,-0.06559196,0.047449082,-0.9967177,0.98841393,0.1401076,-0.058375657,0.13687786,-0.9889987,-0.056089282
1356327659632,0.0338901,0.047810376,-0.99828136,0.9896944,0.13744262,0.04018107,0.1391275,-0.9893552,-0.0426597
1356327659673,0.10748392,0.044855654,-0.99319446,0.98366565,0.14028823,0.11278856,0.1443927,-0.98909414,-0.02904421
1356327659713,0.1369316,0.037083328,-0.98988616,0.9789087,0.14788485,0.14095318,0.15161619,-0.98830914,-0.016051114
1356327659753,0.11991984,0.023134232,-0.992514,0.97962904,0.15944755,0.12207958,0.16107813,-0.98693526,-0.003542006
1356327659793,0.066801906,0.0023317933,-0.9977636,0.9825992,0.17354387,0.06619224,0.1733101,-0.98482335,0.009301841
1356327659833,0.0012586713,-0.025050133,-0.99968535,0.9821452,0.188092,-0.0034766495,0.18811983,-0.9818319,0.0248397
1356327659873,-0.048197597,-0.05931896,-0.99707484,0.977917,0.20043471,-0.059195966,0.20335987,-0.97790956,0.048348546
1356327659912,-0.06324533,-0.10235077,-0.99273574,0.9748432,0.20669463,-0.08341563,0.21373078,-0.97303736,0.08670348
1356327659952,-0.04500538,-0.1544959,-0.9869678,0.9761347,0.20330697,-0.076336235,0.21245107,-0.9668491,0.1416589
1356327660032,-0.016632974,-0.20848748,-0.9778836,0.9801105,0.19003409,-0.057186663,0.1977539,-0.9593852,0.20117998
1356327660053,-0.0042146444,-0.25063,-0.96807384,0.9855428,0.162929,-0.04647225,0.16937467,-0.954274,0.2463198
1356327660090,-0.0077144504,-0.26884076,-0.96315384,0.9886395,0.14253545,-0.047703862,0.15010834,-0.95257986,0.26468697
1356327660131,-0.0254457,-0.26409566,-0.9641608,0.98969674,0.12928349,-0.06153196,0.14090037,-0.9557925,0.25808495
1356327660173,-0.04023075,-0.23972407,-0.97000706,0.98946846,0.1255356,-0.072062284,0.13904545,-0.9626906,0.23214903
1356327660212,-0.04294306,-0.20088392,-0.97867334,0.98907226,0.12973762,-0.07002953,0.14103854,-0.970986,0.19311744
1356327660253,-0.030234456,-0.15201932,-0.98791504,0.98909134,0.13800538,-0.05150652,0.14416757,-0.9786954,0.14618838
1356327660293,0.0030516088,-0.09756428,-0.9952246,0.9891481,0.14648482,-0.011327267,0.14689043,-0.9843899,0.09695256
1356327660354,0.058288366,-0.04159093,-0.997433,0.9871614,0.15123573,0.051381856,0.14871043,-0.9876224,0.04987228
1356327660374,0.1364567,0.012069166,-0.9905726,0.979427,0.14841774,0.13672969,0.1486688,-0.9888511,0.008431733
1356327660414,0.23863971,0.059224814,-0.9693005,0.9602909,0.13417345,0.24461964,0.14454198,-0.9891865,-0.024854004
1356327660454,0.36390227,0.094757974,-0.92660457,0.92169136,0.10689837,0.3729045,0.13438815,-0.9897442,-0.048437
1356327660494,0.50480753,0.11405283,-0.85566425,0.85491854,0.07118194,0.51385546,0.119514555,-0.9909214,-0.0615727
1356327660534,0.64002526,0.117162645,-0.75936854,0.76117444,0.038106486,0.6474268,0.104791135,-0.9923814,-0.06479211
1356327660573,0.74674726,0.11247945,-0.65552795,0.6580508,0.018249035,0.75275236,0.096631885,-0.99348646,-0.060389757
1356327660613,0.8180606,0.11007865,-0.56449944,0.56666493,0.0135304965,0.8238373,0.09832485,-0.9938308,-0.051308937
1356327660653,0.8618982,0.11362748,-0.49418652,0.4954303,0.019015014,0.86843956,0.10807556,-0.99334145,-0.039905496
1356327660693,0.88803804,0.1216836,-0.44337517,0.44327646,0.029379012,0.89590335,0.122042656,-0.9921341,-0.027849793
1356327660733,0.9024064,0.1323427,-0.41005868,0.4082129,0.042055637,0.9119175,0.13793088,-0.99031144,-0.01607272
1356327660773,0.90776396,0.14471695,-0.39372784,0.38960662,0.05700648,0.9192153,0.15547109,-0.98782957,-0.004634261
1356327660813,0.9050955,0.15828526,-0.39464906,0.38737386,0.07577744,0.91880316,0.17533848,-0.9844814,0.0072702467
1356327660853,0.8947929,0.17158765,-0.41219315,0.40024292,0.10086867,0.9108408,0.19786641,-0.9799914,0.021579832
1356327660892,0.87882316,0.18003353,-0.44187984,0.42297044,0.13466385,0.8960813,0.22082993,-0.9743991,0.04219684
1356327660933,0.8643606,0.17427213,-0.4717096,0.4436162,0.17750788,0.878462,0.23682362,-0.968566,0.07612088
1356327660973,0.86127687,0.14538586,-0.48689327,0.45086086,0.22329289,0.8642134,0.23436424,-0.9638482,0.1267682
1356327661013,0.873211,0.095609546,-0.47787163,0.44113266,0.2617002,0.8584375,0.20713392,-0.96040183,0.18634301
1356327661053,0.8917602,0.04104036,-0.45064342,0.42179877,0.28522962,0.8606567,0.16385852,-0.95758015,0.23704565
1356327661093,0.9078741,-0.001428932,-0.41924042,0.40134662,0.29201418,0.8681293,0.12118362,-0.95641285,0.26568562
1356327661133,0.9180223,-0.022690475,-0.3958791,0.38556147,0.2842595,0.8778035,0.09261462,-0.95847887,0.26970512
1356327661173,0.92268884,-0.022709504,-0.38487607,0.37684113,0.2640447,0.88784635,0.08146192,-0.96424305,0.25218898
1356327661213,0.9235056,-0.00614509,-0.38353568,0.3742185,0.23404133,0.89732116,0.084249094,-0.97220725,0.21843809
1356327661253,0.9220284,0.021123827,-0.38654542,0.3751287,0.19786605,0.90560895,0.09561418,-0.9800015,0.17451397
1356327661293,0.9196279,0.05377592,-0.3890921,0.37677795,0.15918267,0.91252357,0.11100851,-0.9857835,0.12612724
1356327661354,0.9176848,0.08738114,-0.38758117,0.3764041,0.12105471,0.91851276,0.12717922,-0.98879236,0.078199446
1356327661374,0.9178549,0.11796242,-0.3789817,0.37086904,0.085304886,0.924759,0.14141577,-0.98934716,0.0345489
1356327661413,0.9229925,0.1405809,-0.35822034,0.3544045,0.052173138,0.93363553,0.14994079,-0.98869354,-0.0016670823
1356327661454,0.93601036,0.14954776,-0.31862217,0.31916544,0.021007031,0.94746625,0.14838476,-0.98853135,-0.028067678
1356327661493,0.9561584,0.14130285,-0.2565046,0.26006824,-0.0070391297,0.9655646,0.13463145,-0.98994136,-0.043478906
1356327661533,0.9770646,0.11882907,-0.17670427,0.1811029,-0.02721095,0.98308766,0.11201109,-0.9925418,-0.048107147
1356327661573,0.99110293,0.093227014,-0.09499345,0.098617956,-0.035063356,0.9945074,0.089384176,-0.99502724,-0.043945253
1356327661613,0.99665403,0.07668405,-0.028289458,0.030833006,-0.03219053,0.99900603,0.075697176,-0.99653566,-0.034447223
1356327661652,0.99717796,0.07305922,0.017276224,-0.015543794,-0.024215132,0.99958587,0.07344732,-0.9970335,-0.023011178
1356327661693,0.9959151,0.078957304,0.04380443,-0.042756476,-0.0149152875,0.9989742,0.079529665,-0.99676645,-0.011478424
1356327661733,0.994514,0.089398846,0.05431127,-0.05403349,-0.0055261557,0.9985238,0.089567006,-0.99598056,-6.6530704E-4
1356327661773,0.993621,0.1022757,0.04750794,-0.048249464,0.0047872365,0.9988238,0.10192798,-0.9947446,0.009691447
1356327661813,0.99291825,0.11736235,0.018423397,-0.020685252,0.018083483,0.9996225,0.11698489,-0.9929245,0.02038309
1356327661853,0.9901553,0.13413686,-0.039997857,0.035256553,0.037538707,0.998673,0.13546032,-0.9902516,0.032439947
1356327661892,0.97965884,0.1496703,-0.13366883,0.12467462,0.06798667,0.9898657,0.15724118,-0.9863958,0.04794365
1356327661933,0.95340705,0.15532778,-0.25862777,0.24268664,0.114382505,0.96333796,0.17921564,-0.98121864,0.0713571
1356327661972,0.9117072,0.1380972,-0.38693556,0.36237928,0.17344573,0.9157499,0.19357482,-0.9751133,0.108088166
1356327662013,0.8746704,0.09285836,-0.47574052,0.44598413,0.23028076,0.86490977,0.189868,-0.9686837,0.1600064
1356327662053,0.8562592,0.031468585,-0.5155869,0.48944503,0.26963517,0.8293012,0.16511728,-0.9624482,0.21547547
1356327662093,0.8499743,-0.027605802,-0.52610046,0.5109745,0.28631005,0.81051314,0.128253,-0.95773923,0.25746202
1356327662133,0.84307075,-0.07191725,-0.5329725,0.52959675,0.2834785,0.7994794,0.09358992,-0.95627815,0.27707955
1356327662173,0.8285087,-0.097076595,-0.5514976,0.55550647,0.26667053,0.7875909,0.07061151,-0.9588863,0.2748655
1356327662213,0.804028,-0.10320355,-0.5855664,0.5914129,0.24050432,0.76966774,0.061398774,-0.96514595,0.25440812
1356327662253,0.7701938,-0.09224787,-0.63110363,0.6346177,0.20971143,0.743829,0.06373301,-0.973402,0.22006059
1356327662293,0.730206,-0.067212254,-0.67991304,0.67917,0.17969528,0.71164435,0.074345976,-0.98142356,0.1768631
1356327662354,0.6898287,-0.03205788,-0.7232625,0.71834755,0.15460183,0.67828834,0.09007323,-0.98745656,0.12967747
1356327662374,0.65494937,0.008970469,-0.7556195,0.7478914,0.13543268,0.6498587,0.108165085,-0.9907459,0.081992626
1356327662414,0.63360596,0.05150774,-0.7719394,0.76340926,0.12022975,0.63462687,0.12549832,-0.99140894,0.036856785
1356327662454,0.6381945,0.09039664,-0.76454973,0.75744706,0.10399349,0.6445614,0.13777444,-0.99046147,-0.0021026134
1356327662494,0.6791229,0.11987251,-0.7241703,0.72040856,0.08029395,0.6888864,0.14072505,-0.989537,-0.031827733
1356327662533,0.75722694,0.13421932,-0.6392125,0.6394681,0.04693106,0.767384,0.13299671,-0.98983973,-0.05029151
1356327662573,0.84995663,0.1310832,-0.510285,0.51330876,0.0121637285,0.8581177,0.11869174,-0.99129665,-0.0569475
1356327662613,0.92202747,0.117810056,-0.36876297,0.37247223,-0.01038152,0.92798525,0.10549769,-0.99298185,-0.053453024
1356327662653,0.9615199,0.106337294,-0.2533217,0.25644892,-0.016615868,0.966415,0.098556794,-0.99419135,-0.04324657
1356327662693,0.9794243,0.101109825,-0.17465639,0.17677262,-0.012293339,0.98417497,0.097362645,-0.9947994,-0.029913845
1356327662733,0.9868573,0.10027987,-0.12671477,0.12766582,-0.0030980706,0.9918124,0.09906624,-0.9949544,-0.015859663
1356327662773,0.98912287,0.101897664,-0.1060793,0.10570779,0.009054244,0.994356,0.10228301,-0.99475366,-0.0018156162
1356327662813,0.9877044,0.105209626,-0.11563262,0.11358578,0.025263399,0.9932069,0.1074162,-0.9941291,0.013002454
1356327662871,0.98072964,0.109003074,-0.16213518,0.1576922,0.048271984,0.98630774,0.11533716,-0.99286866,0.030152828
1356327662903,0.96069187,0.11045025,-0.25469947,0.2460021,0.08650893,0.96540105,0.12866257,-0.99010956,0.055937435
1356327662943,0.90917075,0.09484267,-0.40547925,0.391221,0.13906687,0.9097288,0.14266986,-0.9857308,0.08933109
1356327662981,0.84064305,0.056112096,-0.53867495,0.51992255,0.1949032,0.83168095,0.15165678,-0.97921604,0.13467008
1356327663023,0.787255,-0.0018698275,-0.6166248,0.598644,0.24206263,0.7635647,0.14783408,-0.97025883,0.19168437
1356327663063,0.758856,-0.06513786,-0.64799285,0.63818675,0.27272582,0.71995723,0.12982795,-0.9598843,0.24852972
1356327663103,0.7364969,-0.12008515,-0.66569644,0.66806376,0.28352678,0.68797046,0.10612774,-0.95141584,0.28904116
1356327663143,0.7028364,-0.15928692,-0.6932883,0.7060751,0.2746989,0.6526856,0.08648124,-0.94824475,0.30553693
1356327663183,0.6532276,-0.18014055,-0.73542035,0.75347114,0.2504362,0.60791695,0.07466543,-0.9512261,0.29932255
1356327663223,0.59074444,-0.18253407,-0.7859404,0.80385363,0.2171361,0.5537791,0.06957251,-0.958923,0.2750026
1356327663263,0.5210097,-0.16823214,-0.83680755,0.8507996,0.18100908,0.49333122,0.068475604,-0.9689859,0.23743933
1356327663302,0.45153248,-0.14082664,-0.8810711,0.8895734,0.14754778,0.43230632,0.06911987,-0.9789778,0.19189826
1356327663357,0.38825417,-0.10487959,-0.9155648,0.91883504,0.12029272,0.37586117,0.07071558,-0.98718274,0.14307123
1356327663384,0.34112754,-0.06515199,-0.9377565,0.9371521,0.10139772,0.33386287,0.073334515,-0.99271023,0.09564689
1356327663424,0.3187376,-0.025727212,-0.9474938,0.9447429,0.08940551,0.3153846,0.076597124,-0.9956629,0.052802563
1356327663464,0.33071348,0.01043427,-0.9436735,0.9404387,0.07981089,0.33046228,0.078763574,-0.9967554,0.016581714
1356327663504,0.38529664,0.040883332,-0.9218866,0.9195323,0.066895485,0.38727924,0.077503264,-0.9969219,-0.011818916
1356327663545,0.48887014,0.06253439,-0.8701123,0.8694012,0.047107413,0.4918562,0.07174668,-0.9969305,-0.031338066
1356327663584,0.63031876,0.07203284,-0.77298737,0.77374625,0.022976518,0.6330787,0.063362986,-0.99713755,-0.0412526
1356327663624,0.7657312,0.07092354,-0.6392383,0.640623,0.0040981174,0.7678447,0.057077944,-0.99747336,-0.0422972
1356327663663,0.8547332,0.06815407,-0.51457363,0.5158876,-0.0019778311,0.856654,0.057366714,-0.99767286,-0.036850363
1356327663712,0.8962742,0.07195078,-0.43762496,0.43830186,0.006936934,0.898801,0.067705184,-0.997384,-0.025318764
1356327663753,0.9122341,0.07859264,-0.40205982,0.401819,0.019555032,0.9155103,0.07981467,-0.99671507,-0.013741255
1356327663793,0.9112551,0.08489664,-0.4029971,0.40154374,0.034311056,0.9151969,0.09152439,-0.9957988,-0.0028235912
1356327663833,0.89265454,0.08899781,-0.44186795,0.4388261,0.0523206,0.8970475,0.10295409,-0.9946567,0.00764966
1356327663873,0.84948313,0.08888693,-0.5200745,0.5148625,0.07576209,0.8539184,0.11530408,-0.99315614,0.018594086
1356327663912,0.7729736,0.08065438,-0.6292906,0.6211671,0.105603755,0.7765302,0.12908599,-0.99113196,0.03152907
1356327663953,0.6665008,0.05890444,-0.7431735,0.7316978,0.13927719,0.66724825,0.14281097,-0.9885,0.049728125
1356327663993,0.5544217,0.01901865,-0.8320186,0.81835455,0.16937594,0.54918826,0.15136877,-0.985368,0.07834169
1356327664033,0.47522843,-0.03919092,-0.8789892,0.8674936,0.18779047,0.46064046,0.14701286,-0.98142695,0.123241246
1356327664074,0.434032,-0.110138446,-0.8941396,0.8920853,0.19102189,0.40950498,0.12569791,-0.9753871,0.18116257
1356327664113,0.40570775,-0.18027964,-0.8960471,0.90926063,0.17934337,0.37560755,0.09298575,-0.96712726,0.23668215
1356327664153,0.36254272,-0.23435575,-0.90202,0.92998713,0.15402964,0.33376455,0.06071815,-0.95987093,0.27379018
1356327664193,0.29578885,-0.26356453,-0.91817355,0.9545172,0.11927584,0.27325845,0.03749469,-0.9572393,0.28685734
1356327664233,0.21134731,-0.266567,-0.94035864,0.9770732,0.082915515,0.1960946,0.025697976,-0.9602432,0.2779794
1356327664273,0.12023097,-0.24715006,-0.9614891,0.99245036,0.05355543,0.110336185,0.024223357,-0.96749604,0.2517232
1356327664313,0.033656776,-0.21228075,-0.97662896,0.9989482,0.037591636,0.026255071,0.031139672,-0.97648543,0.21332267
1356327664355,-0.040883183,-0.16920954,-0.9847318,0.9981585,0.037285805,-0.04784754,0.04481277,-0.9848746,0.16737357
1356327664394,-0.09474844,-0.12594238,-0.98750246,0.99356925,0.04980719,-0.10168278,0.061990827,-0.99078643,0.12041336
1356327664424,-0.12663424,-0.08774057,-0.9880614,0.9888313,0.0677526,-0.13274935,0.07859126,-0.99383664,0.07818079
1356327664464,-0.14955199,-0.053025723,-0.98733103,0.9842446,0.08727515,-0.15377167,0.09432328,-0.9947721,0.03913808
1356327664504,-0.15386826,-0.02223748,-0.9878411,0.98256403,0.10215485,-0.15534592,0.104367286,-0.99451995,0.006131351
1356327664544,-0.1418736,0.0039440393,-0.9898769,0.9843712,0.10595971,-0.14066231,0.10433227,-0.9943626,-0.018915236
1356327664583,-0.112255156,0.024059385,-0.99338806,0.98924184,0.09707892,-0.10943544,0.09380409,-0.9949858,-0.03469819
1356327664623,-0.0607858,0.035630405,-0.99751467,0.99504024,0.08099851,-0.05774179,0.07873982,-0.9960772,-0.04037726
1356327664663,0.012928218,0.03767839,-0.9992063,0.9975904,0.06763604,0.015457779,0.068164796,-0.9969984,-0.036713183
1356327664702,0.09756452,0.033038676,-0.99468064,0.9929784,0.06394774,0.09952158,0.066895604,-0.9974062,-0.026567668
1356327664743,0.17546356,0.025556624,-0.9841541,0.98174876,0.069949865,0.17685112,0.07336116,-0.997223,-0.012816578
1356327664783,0.23131049,0.017481059,-0.9727229,0.96935487,0.080895245,0.2319633,0.082743555,-0.9965693,0.0017666221
1356327664823,0.2583422,0.0085246265,-0.9660158,0.96162164,0.09340423,0.25799128,0.09242925,-0.99559176,0.015932769
1356327664863,0.25483906,-0.0025683045,-0.9669801,0.96156293,0.106407344,0.2531288,0.10224366,-0.9943193,0.029586375
1356327664903,0.22369456,-0.017340899,-0.974505,0.96807283,0.11999357,0.22008279,0.11311787,-0.9926232,0.04362917
1356327664943,0.1734179,-0.03795749,-0.98411655,0.9767811,0.13426694,0.16694656,0.12579748,-0.99021804,0.060360402
1356327664983,0.118333936,-0.067864,-0.990652,0.9831725,0.14783704,0.10731304,0.13917238,-0.9866806,0.08421615
1356327665033,0.08809367,-0.11814603,-0.9890809,0.985229,0.15671101,0.06903136,0.14684406,-0.98055243,0.13020614
1356327665072,0.058374733,-0.18383649,-0.9812219,0.9881456,0.15043893,0.030601203,0.1419883,-0.9713765,0.19043908
1356327665113,0.040923953,-0.2524829,-0.96673554,0.99184465,0.12715006,0.008778989,0.120703876,-0.95921075,0.25562727
1356327665153,0.016148388,-0.30732438,-0.95146775,0.99577475,0.09097642,-0.0124849975,0.09039804,-0.94724596,0.30749503
1356327665193,-0.024458706,-0.33682153,-0.9412508,0.99780536,0.04972714,-0.043722898,0.061532587,-0.94025445,0.33486602
1356327665233,-0.077869356,-0.33905184,-0.9375394,0.99612737,0.012047291,-0.08709237,0.04082358,-0.9406905,0.33680072
1356327665273,-0.13580865,-0.3185031,-0.9381428,0.9902736,-0.014741302,-0.13835055,0.030235708,-0.94780725,0.31740716
1356327665313,-0.18960488,-0.28256035,-0.94032425,0.9814391,-0.026486874,-0.1899361,0.028762162,-0.9588838,0.28233778
1356327665356,-0.2345466,-0.23727947,-0.94270164,0.9714965,-0.022911012,-0.23594406,0.034386456,-0.97117126,0.23588991
1356327665394,-0.2637753,-0.19022676,-0.9456408,0.9636098,-0.007912278,-0.26719588,0.04334563,-0.98170835,0.18539137
1356327665424,-0.27708822,-0.14683524,-0.94955856,0.95940936,0.011713147,-0.28177398,0.052496612,-0.9890916,0.13762957
1356327665454,-0.28365147,-0.10666266,-0.95297694,0.9569659,0.032047212,-0.28842565,0.06130454,-0.9937787,0.09298223
1356327665494,-0.2869829,-0.06682885,-0.9556018,0.9554429,0.05195141,-0.29056835,0.06906319,-0.9964111,0.04894197
1356327665533,-0.27477926,-0.029269516,-0.9610617,0.958817,0.06637877,-0.27615905,0.07187712,-0.9973651,0.009824634
1356327665574,-0.24932593,0.0041950345,-0.96841055,0.9661253,0.06987095,-0.24843493,0.0666216,-0.99754727,-0.021473587
1356327665614,-0.20846796,0.030569285,-0.97755134,0.9764962,0.062445164,-0.20629016,0.05473721,-0.9975802,-0.042868614
1356327665671,-0.14709646,0.0463717,-0.9880345,0.98818517,0.050357044,-0.14475551,0.043041915,-0.9976542,-0.05323112
1356327665693,-0.06482422,0.05098486,-0.99659336,0.997157,0.0417549,-0.0627248,0.038414598,-0.9978261,-0.053546607
1356327665733,0.02785629,0.047573477,-0.99847925,0.9987229,0.040795326,0.029806852,0.042151302,-0.99803436,-0.046376288
1356327665770,0.11327022,0.040631354,-0.9927331,0.9922809,0.04614061,0.11510715,0.050482303,-0.99810827,-0.0350914
1356327665813,0.17770624,0.03215432,-0.9835582,0.9822446,0.055278182,0.17927605,0.060133845,-0.9979531,-0.021760136
1356327665853,0.21342781,0.02205953,-0.9767097,0.97443354,0.06702843,0.21444425,0.07019782,-0.9975071,-0.0071897507
1356327665893,0.21886924,0.009283721,-0.97571003,0.97235566,0.0813109,0.21889043,0.08136797,-0.99664557,0.008769393
1356327665933,0.19691476,-0.0076330006,-0.9803909,0.975875,0.097706944,0.19524705,0.09430072,-0.995186,0.026688755
1356327665973,0.1575928,-0.03097701,-0.98701817,0.981565,0.11437008,0.15313265,0.10814172,-0.9929551,0.048429906
1356327666013,0.118561625,-0.064264804,-0.9908649,0.9858291,0.12688732,0.10972953,0.118676424,-0.9898331,0.07839814
1356327666053,0.099915415,-0.11134088,-0.98874664,0.9880041,0.12869933,0.0853478,0.11774823,-0.98541343,0.122864395
1356327666093,0.10458267,-0.16960603,-0.9799471,0.989531,0.1162827,0.08547965,0.099453,-0.9786277,0.1799916
1356327666133,0.11939323,-0.22691798,-0.9665678,0.99055815,0.09329116,0.1004549,0.06737715,-0.96943533,0.23591387
1356327666172,0.12602806,-0.26845637,-0.955012,0.9914578,0.06668162,0.11209318,0.033589542,-0.960981,0.274567
1356327666213,0.1159811,-0.2861544,-0.95113826,0.9932116,0.041984916,0.108480155,0.0088914335,-0.9572633,0.28908134
1356327666253,0.09234244,-0.28005758,-0.9555316,0.9957261,0.024447262,0.08906159,-0.0015822351,-0.95967185,0.28111815
