1356326510324,-0.7374603,-0.14328355,0.6600168,-0.6519226,-0.10435426,-0.7510707,0.17649162,-0.98416466,-0.01645261
1356326510325,0.28354672,0.066831976,-0.95662665,0.94257677,0.16417733,0.29085198,0.17649457,-0.98416424,-0.016442299
1356326510360,0.28352156,0.06679925,-0.9566364,0.9425796,0.16421333,0.29082203,0.17651913,-0.9841604,-0.016405553
1356326510407,0.28305957,0.06669864,-0.9567803,0.9426949,0.16438386,0.290352,0.17664537,-0.98413885,-0.016346097
1356326510448,0.28085417,0.06637558,-0.95745254,0.9432858,0.16490197,0.28813055,0.17701069,-0.9840741,-0.016297758
1356326510488,0.27515697,0.06558618,-0.9591596,0.94481325,0.16607165,0.28239715,0.17781055,-0.98393023,-0.016270906
1356326510528,0.26327768,0.06380066,-0.9626082,0.9479667,0.16803953,0.27041066,0.17900863,-0.9837135,-0.016239852
1356326510572,0.24426341,0.06071937,-0.96780604,0.9527545,0.17078543,0.25117952,0.1805386,-0.9834356,-0.016134024
1356326510607,0.21576646,0.05570495,-0.97485465,0.9593179,0.17407724,0.22227472,0.18208176,-0.9831551,-0.015878707
1356326510653,0.18232861,0.049319804,-0.9819999,0.9659299,0.17758384,0.1882638,0.18367243,-0.982869,-0.015260816
1356326510690,0.14230615,0.041249156,-0.98896277,0.9723476,0.18108875,0.14746842,0.185173,-0.9826013,-0.014338493
1356326510728,0.10295761,0.032815635,-0.99414426,0.97701865,0.18419796,0.10726407,0.18663925,-0.9823412,-0.013096869
1356326510770,0.063608825,0.024338365,-0.99767804,0.9801034,0.18682128,0.06704581,0.18801925,-0.9820924,-0.011970639
1356326510807,0.026189625,0.016633004,-0.9995186,0.9815608,0.18895799,0.02886349,0.18934709,-0.98184425,-0.011377573
1356326510849,-0.0074231923,0.010002315,-0.9999225,0.9816125,0.19080892,-0.0053785443,0.19074038,-0.98157626,-0.01123482
1356326510886,-0.03486225,0.0042935014,-0.9993829,0.98074216,0.19243255,-0.033385277,0.19217044,-0.98130083,-0.010919452
1356326510925,-0.054251194,-5.9875846E-4,-0.99852717,0.97957873,0.19385684,-0.05333793,0.1936033,-0.9810296,-0.009930491
1356326510980,-0.0655528,-0.004708588,-0.997838,0.97860146,0.19515857,-0.065209925,0.19504368,-0.9807604,-0.008185327
1356326511023,-0.070120424,-0.0072855055,-0.99751186,0.9780201,0.19634351,-0.07018429,0.19636628,-0.980508,-0.006642282
1356326511069,-0.07046276,-0.008324832,-0.9974797,0.9777541,0.19747388,-0.070717454,0.19756487,-0.98027277,-0.005774915
1356326511107,-0.06801164,-0.008044392,-0.9976522,0.9777442,0.19838792,-0.06825411,0.19847122,-0.9800906,-0.005627334
1356326511147,-0.0647946,-0.006827116,-0.99787533,0.97790366,0.19874096,-0.06485745,0.1987615,-0.9800283,-0.0062010884
1356326511187,-0.061530888,-0.0048713684,-0.99809337,0.9782729,0.1980592,-0.06127563,0.19798008,-0.980178,-0.0074211955
1356326511230,-0.05933103,-0.0021001697,-0.9982362,0.9788643,0.19593778,-0.058591872,0.19571522,-0.98061407,-0.0095694065
1356326511267,-0.05919242,0.0017431676,-0.9982451,0.97950923,0.19294357,-0.057744503,0.19250432,-0.9812083,-0.013128281
1356326511309,-0.06397489,0.0077778995,-0.9979212,0.9799229,0.18970618,-0.06134242,0.18883476,-0.98181015,-0.019758224
1356326511373,-0.073236376,0.015889436,-0.9971881,0.97987187,0.18733099,-0.06897962,0.1857082,-0.9821683,-0.029289067
1356326511385,-0.08850983,0.02700165,-0.9957093,0.9790474,0.18640432,-0.08197382,0.18339112,-0.98210204,-0.042934537
1356326511423,-0.10439411,0.039488018,-0.9937518,0.97779125,0.1866608,-0.0953002,0.18173128,-0.98163056,-0.058097303
1356326511468,-0.120248765,0.05384448,-0.99128246,0.9761667,0.18812773,-0.10819638,0.18066192,-0.9806675,-0.07518333
1356326511509,-0.13143417,0.0702388,-0.9888334,0.9747629,0.1907287,-0.11601609,0.18045008,-0.97912663,-0.09353447
1356326511547,-0.1352193,0.08897841,-0.9868123,0.9740037,0.19462922,-0.11591494,0.18174857,-0.97683275,-0.11298287
1356326511587,-0.13038403,0.110661775,-0.9852684,0.973984,0.20007545,-0.10641903,0.18535143,-0.97351104,-0.13386941
1356326511627,-0.11816764,0.13586679,-0.98365474,0.97427833,0.20728076,-0.088410646,0.19188061,-0.9688008,-0.15686595
1356326511667,-0.102356285,0.16494706,-0.9809768,0.974095,0.21652725,-0.0652301,0.20164868,-0.9622413,-0.18283701
1356326511707,-0.08700752,0.19743684,-0.9764468,0.9729097,0.22757894,-0.040676057,0.2141878,-0.95353365,-0.21188933
1356326511748,-0.07749444,0.23227686,-0.96955764,0.9703571,0.24085832,-0.019855976,0.2289139,-0.94235593,-0.24405664
1356326511787,-0.07014024,0.2654904,-0.96155876,0.9675405,0.25271475,-8.009374E-4,0.24278742,-0.93040323,-0.27459824
1356326511829,-0.06284639,0.2926666,-0.95414704,0.96545726,0.2600589,0.01617682,0.25286883,-0.9201715,-0.29890084
1356326511868,-0.047771245,0.30981988,-0.94959444,0.96522313,0.25894693,0.03592795,0.25702578,-0.91485417,-0.3114155
1356326511907,-0.016950682,0.31323013,-0.94952595,0.9668025,0.24729727,0.06431943,0.25496194,-0.9169138,-0.30702347
1356326511948,0.031893387,0.3019064,-0.95280385,0.9679143,0.22839715,0.10476932,0.24924824,-0.92557395,-0.28493524
1356326511988,0.096819356,0.2770559,-0.9559635,0.96536326,0.20766272,0.15795591,0.24228063,-0.93814516,-0.24735385
1356326512029,0.17264335,0.2415368,-0.95491064,0.9564175,0.19068162,0.22114724,0.23549917,-0.9514728,-0.1980902
1356326512066,0.25103444,0.20004168,-0.9470824,0.94022775,0.18220578,0.2877028,0.2301164,-0.96269643,-0.14234477
1356326512115,0.32438868,0.15740496,-0.93273556,0.9181747,0.18469004,0.35049227,0.22743618,-0.97010994,-0.08461392
1356326512144,0.38970083,0.11998865,-0.9130915,0.8922744,0.19625895,0.40660647,0.22799057,-0.97318304,-0.03058052
1356326512180,0.4291135,0.087139815,-0.8990374,0.87314284,0.21482313,0.43757585,0.2312643,-0.9727578,0.016098022
1356326512222,0.45740336,0.06227252,-0.88707626,0.8572525,0.23434548,0.45847625,0.23643279,-0.97015685,0.05380714
1356326512267,0.4745471,0.044484913,-0.87910527,0.84637547,0.2512576,0.46959355,0.24177164,-0.9668975,0.081582665
1356326512311,0.4820842,0.032752365,-0.8755124,0.8407961,0.26361626,0.47283006,0.24628562,-0.9640714,0.09954718
1356326512371,0.4820188,0.025520891,-0.87578905,0.83975554,0.27168593,0.47010365,0.24993703,-0.9620476,0.109526396
1356326512387,0.47390276,0.02343756,-0.88026524,0.84304726,0.27665204,0.46123198,0.25433734,-0.9606843,0.1113472
1356326512428,0.45779103,0.026055962,-0.88867795,0.84988534,0.28061962,0.44603533,0.2610024,-0.9594653,0.10632056
1356326512467,0.43628693,0.031984568,-0.899239,0.8586203,0.28409743,0.42668477,0.26911885,-0.95826185,0.09648538
1356326512508,0.41404325,0.03879428,-0.90943015,0.86762595,0.28535414,0.40718332,0.27530608,-0.9576367,0.08449003
1356326512547,0.39583144,0.044239998,-0.91725695,0.8758527,0.28205797,0.3915678,0.27604258,-0.95837677,0.0728997
1356326512587,0.38464415,0.047463804,-0.9218439,0.88273513,0.27305758,0.38238496,0.2698659,-0.9608261,0.06313202
1356326512635,0.38155043,0.049079478,-0.92304415,0.88774735,0.25876212,0.38071883,0.25753433,-0.9646934,0.055160612
1356326512671,0.38672733,0.050368547,-0.92081755,0.8903902,0.23957314,0.38705298,0.24009842,-0.9695709,0.047801822
1356326512709,0.40023977,0.053425968,-0.9148518,0.8891493,0.21904491,0.40178707,0.22185954,-0.97425103,0.040166795
1356326512751,0.41820443,0.05891663,-0.9064402,0.88527405,0.1970774,0.42124853,0.20345742,-0.978616,0.030261248
1356326512789,0.44296855,0.067830056,-0.8939675,0.8767494,0.17556572,0.44775793,0.18732151,-0.98212814,0.018300116
1356326512827,0.4669674,0.080664635,-0.8805877,0.86683226,0.15505685,0.47387674,0.17476621,-0.98460686,0.0024837852
1356326512868,0.48602784,0.10027179,-0.86817193,0.8575926,0.13653861,0.49587512,0.16826129,-0.98554695,-0.01963079
1356326512907,0.49116284,0.13072443,-0.8612028,0.8540483,0.1222136,0.50563365,0.17134935,-0.9838572,-0.05161819
1356326512950,0.4727587,0.17566532,-0.863505,0.8610665,0.11614239,0.4950508,0.18725276,-0.9775748,-0.09635216
1356326512988,0.42756194,0.23293978,-0.87345856,0.8778445,0.123695776,0.46269688,0.21582359,-0.96459234,-0.15159726
1356326513028,0.36754993,0.28976414,-0.8837102,0.895854,0.14482012,0.42008647,0.24970502,-0.94607806,-0.20635772
1356326513067,0.31285238,0.33186638,-0.88993716,0.9080299,0.17030883,0.38272262,0.27857697,-0.9278252,-0.24806309
1356326513108,0.27892858,0.35218984,-0.89339864,0.91358405,0.1893511,0.3598754,0.2959104,-0.91657424,-0.26893955
1356326513147,0.26934487,0.35126406,-0.8966978,0.91448396,0.19864665,0.35250333,0.30194777,-0.91496074,-0.26772088
1356326513190,0.28673446,0.32988465,-0.89942175,0.9101459,0.1992436,0.36323062,0.29902822,-0.9227557,-0.2431131
1356326513228,0.31564575,0.29651013,-0.9013598,0.90289176,0.19827908,0.3814078,0.29181206,-0.93422,-0.20513058
1356326513270,0.36015004,0.2512551,-0.89842236,0.88966995,0.19724442,0.41180333,0.28067648,-0.9476104,-0.15249649
1356326513308,0.4015884,0.20391816,-0.8928293,0.87548274,0.2006658,0.43961722,0.26880622,-0.9582018,-0.097941756
1356326513371,0.43989283,0.1575023,-0.88413084,0.8603934,0.2081846,0.46516916,0.25732765,-0.9653249,-0.04393503
1356326513385,0.4709254,0.114494324,-0.87471163,0.8469589,0.21867119,0.48460662,0.24675897,-0.9690583,0.006005794
1356326513425,0.4924692,0.07696557,-0.86692005,0.83747745,0.22918409,0.4960909,0.23686618,-0.9703355,0.048409164
1356326513468,0.50439835,0.046349853,-0.86222625,0.8327515,0.23787001,0.4999428,0.22827008,-0.9701905,0.08138335
1356326513508,0.5047609,0.024535596,-0.8629104,0.83372223,0.24538594,0.49466443,0.223883,-0.9691149,0.10340536
1356326513547,0.49279237,0.012814581,-0.8700525,0.84013003,0.25335407,0.47957593,0.22657686,-0.9672887,0.11408508
1356326513588,0.47041824,0.010459214,-0.88238156,0.8502805,0.26212856,0.45641154,0.23607111,-0.96497625,0.11441681
1356326513627,0.44235235,0.01455459,-0.8967233,0.8617796,0.26994294,0.42949602,0.24831522,-0.9627663,0.106867075
1356326513668,0.41466874,0.021346092,-0.909722,0.8727037,0.2738498,0.40422085,0.25775567,-0.9615356,0.094928175
1356326513717,0.3920508,0.028428227,-0.9195042,0.882151,0.27192855,0.38453162,0.260971,-0.9618975,0.08153182
1356326513751,0.3765189,0.03543651,-0.92573094,0.8901544,0.26297367,0.37211546,0.25662926,-0.964152,0.06747061
1356326513787,0.37017784,0.042836577,-0.9279727,0.8951813,0.25048062,0.3686596,0.24823126,-0.96717346,0.054375887
1356326513827,0.37123775,0.0509156,-0.92714083,0.8978916,0.23472685,0.37241647,0.23658666,-0.97072697,0.041422784
1356326513868,0.38088253,0.06053433,-0.9226398,0.8973311,0.21645322,0.3846361,0.222992,-0.9744145,0.028123945
1356326513906,0.39883754,0.07201868,-0.9141892,0.89292175,0.19654784,0.40504292,0.20885253,-0.9778458,0.014083624
1356326513948,0.42102203,0.086601794,-0.9029068,0.88565993,0.1756548,0.42982772,0.19582379,-0.9806353,-0.0027452111
1356326513987,0.44015956,0.10835743,-0.8913575,0.8781267,0.15533455,0.4525093,0.18749136,-0.98190117,-0.026779562
1356326514029,0.44333518,0.14377797,-0.88474965,0.8761672,0.13879962,0.46159062,0.18916953,-0.9798279,-0.06443879
1356326514067,0.41965845,0.19585153,-0.8863007,0.88438344,0.13158825,0.4478285,0.20433462,-0.9717647,-0.117985696
1356326514110,0.36574668,0.25976774,-0.89372814,0.9011911,0.1410981,0.4098119,0.23255923,-0.9553073,-0.18249425
1356326514147,0.3086117,0.31389633,-0.89790195,0.9147433,0.16085762,0.37063408,0.26077503,-0.93573177,-0.23749197
1356326514187,0.27206838,0.3458959,-0.8979615,0.92036927,0.17885403,0.34775242,0.2808902,-0.92106855,-0.2696914
1356326514227,0.26445344,0.35474813,-0.89678216,0.9195888,0.18739751,0.34530947,0.29055265,-0.91598904,-0.2766645
1356326514273,0.29557347,0.33956996,-0.89293253,0.9099649,0.18450744,0.37137705,0.29086122,-0.9223065,-0.25446123
1356326514317,0.35254943,0.30552864,-0.8845118,0.8910723,0.17910017,0.41702923,0.28583062,-0.93518734,-0.20910645
1356326514371,0.40984768,0.26485324,-0.872856,0.8683567,0.17966644,0.46225172,0.2792518,-0.94740313,-0.15635121
1356326514397,0.46374825,0.22192827,-0.8577211,0.84317434,0.1866881,0.50418717,0.27201974,-0.9570243,-0.10054794
1356326514437,0.5073736,0.18061793,-0.84258485,0.8201299,0.19890937,0.53649056,0.26449785,-0.96323013,-0.047208786
1356326514480,0.5417074,0.14163011,-0.82854927,0.8005595,0.21355018,0.5599113,0.25623712,-0.9666112,0.002298385
1356326514517,0.5619295,0.10733253,-0.820192,0.7890421,0.22807278,0.5704344,0.24828967,-0.96770996,0.04347092
1356326514558,0.56902677,0.07991493,-0.8184266,0.78563,0.24113798,0.56977004,0.24288681,-0.96719486,0.074430406
1356326514597,0.56063426,0.05991888,-0.8258927,0.7918222,0.2530448,0.5558649,0.24229464,-0.9655972,0.09442049
1356326514637,0.5383549,0.048770666,-0.84130573,0.8054575,0.26379472,0.5307076,0.24781498,-0.96334505,0.10273248
1356326514677,0.5063451,0.043598413,-0.8612281,0.82358074,0.2715726,0.49795884,0.25559616,-0.9614299,0.101602614
1356326514716,0.47213715,0.041336,-0.88055545,0.84231454,0.27344877,0.46446967,0.2599861,-0.96099806,0.094287395
1356326514758,0.44184816,0.04031524,-0.8961835,0.8593284,0.26776856,0.43572304,0.25753605,-0.96263933,0.08366901
1356326514797,0.41919184,0.04065308,-0.906987,0.87330556,0.2550766,0.415058,0.24822456,-0.96606576,0.07142347
1356326514837,0.40678316,0.043005228,-0.91251194,0.88315123,0.2369218,0.40486038,0.23360506,-0.9705764,0.058395684
1356326514878,0.40703776,0.047787964,-0.9121604,0.88741505,0.21586463,0.40730464,0.21636745,-0.9752532,0.045457274
1356326514918,0.42005843,0.054669023,-0.9058489,0.8857809,0.1923613,0.42236173,0.19734043,-0.9798002,0.032378167
1356326514957,0.4479656,0.06360304,-0.89178556,0.8759923,0.16824129,0.45203146,0.17878574,-0.9836918,0.019650549
1356326514999,0.48357773,0.07474005,-0.87210464,0.8601609,0.14393772,0.48929054,0.16209838,-0.9867603,0.005316615
1356326515037,0.5221245,0.091183364,-0.8479809,0.8394331,0.12084903,0.5298563,0.15079176,-0.98847413,-0.013444096
1356326515080,0.5378357,0.1229921,-0.8340298,0.82912034,0.1019257,0.54970044,0.15261787,-0.98715955,-0.047155946
1356326515118,0.5286676,0.17078954,-0.83146954,0.8320518,0.08952208,0.54742634,0.16792956,-0.9812323,-0.0947783
1356326515157,0.4857334,0.23211661,-0.8427247,0.85175526,0.09094161,0.5159869,0.19640788,-0.9684273,-0.15353316
1356326515198,0.43137714,0.2886273,-0.8547561,0.8731741,0.10470703,0.47602895,0.22689399,-0.9516989,-0.20685369
1356326515256,0.39118603,0.32505155,-0.8609965,0.88587606,0.12052664,0.44799212,0.24939355,-0.93798447,-0.24080703
1356326515274,0.3767953,0.33755267,-0.8626027,0.8886261,0.13114512,0.43948215,0.2614745,-0.9321261,-0.25054324
1356326515314,0.3872974,0.32834914,-0.8615031,0.88287044,0.13710243,0.4491579,0.2655948,-0.9345533,-0.23679039
1356326515357,0.41277963,0.30296752,-0.8589666,0.8713584,0.14326388,0.46926534,0.265231,-0.942171,-0.20485687
1356326515380,0.4344567,0.2727129,-0.85841423,0.8613507,0.15279979,0.48448646,0.26329118,-0.9498842,-0.16851655
1356326515423,0.4677105,0.23340261,-0.8525082,0.8451897,0.16414607,0.5086359,0.25865284,-0.9584254,-0.12049666
1356326515467,0.4979152,0.18939832,-0.8462911,0.8300289,0.17865819,0.5283306,0.25126177,-0.96550995,-0.068249434
1356326515510,0.5235627,0.14409769,-0.839713,0.81724685,0.19363354,0.5427832,0.24081036,-0.9704339,-0.016384065
1356326515547,0.5400979,0.10211524,-0.83538425,0.809803,0.2072196,0.5488889,0.22915792,-0.97295046,0.029225618
1356326515588,0.54744697,0.066654295,-0.8341817,0.807601,0.21911721,0.5475112,0.21927756,-0.9734192,0.066124976
1356326515628,0.5401703,0.041142434,-0.84054935,0.81335557,0.23087221,0.533995,0.21602929,-0.9721138,0.0912469
1356326515668,0.5171528,0.028974473,-0.85540247,0.82619536,0.2440865,0.50776273,0.2235043,-0.9693205,0.102291465
1356326515707,0.48374495,0.025568187,-0.87483543,0.8426722,0.25640753,0.47345397,0.23641974,-0.9662305,0.10249025
1356326515747,0.44665784,0.027946323,-0.8942683,0.85935724,0.26477003,0.43749505,0.24900177,-0.96390647,0.09424576
1356326515791,0.41263807,0.032103866,-0.9103292,0.87460506,0.26531327,0.40580148,0.25455025,-0.96362764,0.081400126
1356326515826,0.38701254,0.036043853,-0.9213697,0.8868458,0.25901377,0.38264376,0.25243938,-0.96520084,0.06827626
1356326515867,0.37068212,0.04027158,-0.92788625,0.8963393,0.24615009,0.36876276,0.24324998,-0.96839476,0.055146426
1356326515908,0.36538637,0.045558095,-0.9297404,0.90208673,0.22906683,0.36574298,0.22963524,-0.972344,0.042600542
1356326515948,0.3723251,0.05205345,-0.92664146,0.90315825,0.20960018,0.37466368,0.21372673,-0.9764006,0.03102693
1356326515987,0.39159942,0.059613228,-0.91820276,0.8988365,0.18868355,0.39559013,0.19683221,-0.98022693,0.020305812
1356326516030,0.4200989,0.06874746,-0.9048705,0.88953054,0.16613472,0.4255992,0.17958924,-0.98370373,0.008640051
1356326516067,0.45425075,0.08200845,-0.8870913,0.87538135,0.14380632,0.4615489,0.1654203,-0.986202,-0.0064645708
1356326516108,0.47511363,0.106977284,-0.87339735,0.8651581,0.12428518,0.48585457,0.16052571,-0.9864629,-0.03350267
1356326516157,0.46312904,0.15790296,-0.8721113,0.8688462,0.11338276,0.481924,0.17497966,-0.9809236,-0.084682554
1356326516197,0.42947996,0.22104496,-0.8756061,0.88034075,0.11371535,0.46050945,0.20136315,-0.96861136,-0.14575642
1356326516236,0.3834688,0.28042954,-0.8799494,0.8940086,0.12635587,0.4298637,0.23173326,-0.95152164,-0.20225292
1356326516276,0.34822,0.3201455,-0.88105035,0.9016346,0.14279938,0.40824428,0.256511,-0.9365443,-0.23892868
1356326516317,0.33622497,0.33513322,-0.8801354,0.90162957,0.1554246,0.40361774,0.27206036,-0.9292625,-0.24990839
1356326516375,0.3460173,0.32875615,-0.87874424,0.8956056,0.16335374,0.41377068,0.27957582,-0.9301801,-0.23791265
1356326516398,0.3736926,0.3048561,-0.8760232,0.88409364,0.1686373,0.43582103,0.28059283,-0.93734956,-0.20650274
1356326516437,0.40425795,0.2724875,-0.8731129,0.8715179,0.17491208,0.45810735,0.27754653,-0.94612706,-0.16676813
1356326516481,0.44010502,0.23303899,-0.8671796,0.8562069,0.18210606,0.48347393,0.2705869,-0.95526445,-0.11938381
1356326516518,0.47085208,0.19264802,-0.860921,0.8425516,0.19111146,0.5035705,0.26154372,-0.9624776,-0.07233065
1356326516556,0.49869084,0.15272534,-0.85321885,0.82978356,0.20039825,0.5208645,0.2505328,-0.9677373,-0.026792198
1356326516598,0.5200419,0.115695894,-0.8462688,0.8199982,0.20970207,0.5325674,0.23908016,-0.97089624,0.014183432
1356326516637,0.5311078,0.08495146,-0.84303486,0.81539786,0.21922216,0.5357872,0.23032784,-0.9719696,0.04716131
1356326516678,0.5291084,0.063346356,-0.8461864,0.81752217,0.2291597,0.5283401,0.22738025,-0.9713254,0.06946328
1356326516717,0.5137191,0.051754743,-0.85639596,0.8263339,0.23866491,0.51010925,0.23079225,-0.96972185,0.079840004
1356326516757,0.48893017,0.04778865,-0.8710129,0.8395406,0.24538106,0.48472664,0.23689458,-0.9682481,0.079853654
1356326516796,0.46136123,0.04778838,-0.88592446,0.8540458,0.24655126,0.45805922,0.24031568,-0.9679508,0.07293573
1356326516838,0.43666285,0.049230546,-0.8982772,0.86771965,0.24051267,0.43498993,0.23746186,-0.9693967,0.062304616
1356326516877,0.41879478,0.05140689,-0.9066246,0.87850606,0.22979066,0.4188355,0.2298649,-0.9718814,0.05107388
1356326516916,0.40926045,0.0547601,-0.9107729,0.8858257,0.2153868,0.4110005,0.21867493,-0.9749923,0.03964138
1356326516957,0.4107262,0.0596686,-0.9098041,0.8881008,0.19965546,0.41402242,0.20635149,-0.9780476,0.029011995
1356326516999,0.4226488,0.065668374,-0.9039113,0.88558435,0.18206958,0.42730665,0.19263524,-0.9810903,0.018796653
1356326517038,0.44695902,0.07306787,-0.8915653,0.8764775,0.16357972,0.4528013,0.17892727,-0.9838205,0.009071082
1356326517077,0.47521126,0.08207649,-0.8760352,0.86410177,0.1441241,0.482241,0.16583839,-0.9861499,-0.002433002
1356326517118,0.50186026,0.097696126,-0.8594136,0.8505575,0.12475364,0.51087034,0.157125,-0.9873662,-0.020487249
1356326517156,0.5144341,0.12743837,-0.8480077,0.8427227,0.10784578,0.527435,0.15866956,-0.9859659,-0.051915675
1356326517198,0.50097704,0.17775553,-0.8470094,0.8474358,0.09794648,0.5217845,0.17571166,-0.97918814,-0.10156748
1356326517236,0.46427685,0.24158743,-0.8521048,0.86156106,0.09984802,0.49773788,0.20532823,-0.96522844,-0.16178522
1356326517278,0.4232297,0.29932415,-0.8551501,0.87449515,0.1118626,0.47195864,0.2369279,-0.9475715,-0.21441394
1356326517317,0.3989818,0.33428115,-0.8538557,0.8791885,0.12504429,0.45977336,0.26046336,-0.93414134,-0.24400577
1356326517374,0.40118128,0.34107232,-0.8501314,0.87436855,0.1340214,0.46638831,0.273008,-0.93043435,-0.24445602
1356326517397,0.42289203,0.32500726,-0.8458916,0.86312765,0.13983923,0.4852378,0.27599463,-0.9353156,-0.22138584
1356326517438,0.4605013,0.28855604,-0.8394486,0.8456513,0.1448645,0.5137005,0.2698377,-0.9464406,-0.17730752
1356326517477,0.4973867,0.24438608,-0.8323953,0.8280761,0.15232033,0.5395262,0.25864342,-0.9576398,-0.12660816
1356326517516,0.5331358,0.19542962,-0.8231485,0.8102779,0.16190255,0.5632382,0.24334323,-0.9672615,-0.07203627
1356326517557,0.56316555,0.14653647,-0.8132477,0.79484123,0.1730893,0.58160776,0.22599128,-0.9739441,-0.018995345
1356326517596,0.58575124,0.10143268,-0.8041187,0.7832485,0.18422507,0.59378695,0.20836824,-0.9776362,0.028463066
1356326517638,0.59913474,0.06392872,-0.7980919,0.7769685,0.19421089,0.5988339,0.19328079,-0.97887444,0.06668791
1356326517677,0.60156703,0.037852705,-0.797925,0.777204,0.20307595,0.59557885,0.18458366,-0.97843105,0.09274453
1356326517717,0.591944,0.026029378,-0.8055587,0.7843605,0.21133251,0.5831956,0.18542096,-0.97706753,0.1046806
1356326517757,0.5717542,0.026711226,-0.81999004,0.79705435,0.21877165,0.5628884,0.19442597,-0.97541034,0.10379332
1356326517800,0.54477465,0.03581482,-0.8378173,0.8126568,0.22395879,0.5379883,0.2069045,-0.9739404,0.092901886
1356326517839,0.51816726,0.044848114,-0.8541026,0.8278098,0.22475919,0.51401776,0.21502015,-0.9733817,0.07933712
1356326517881,0.496356,0.051196247,-0.8666081,0.8412452,0.21809451,0.49471337,0.2143299,-0.9745838,0.06518394
1356326517918,0.4807629,0.05519393,-0.8751118,0.8519076,0.20694827,0.48106754,0.20765492,-0.97679377,0.05247292
1356326517960,0.47188562,0.05808732,-0.87974423,0.859707,0.19096565,0.47374693,0.19551963,-0.97987664,0.040175855
1356326517998,0.47153568,0.061374575,-0.8797086,0.8627933,0.17414153,0.4746181,0.18232328,-0.9828061,0.02916038
1356326518036,0.47830868,0.06488302,-0.87579167,0.86189353,0.15655689,0.48231676,0.16840541,-0.9855355,0.018960267
1356326518078,0.49295428,0.069086105,-0.867308,0.8562485,0.13836035,0.4976896,0.1543845,-0.9879694,0.009050459
1356326518116,0.5126974,0.07574123,-0.855222,0.8466994,0.120459124,0.5182564,0.14227265,-0.98982465,-0.0023709536
1356326518157,0.53036726,0.09019765,-0.8429561,0.8366672,0.10469298,0.5376128,0.13674301,-0.9904059,-0.01993969
1356326518196,0.53515697,0.12122226,-0.8360097,0.8322811,0.09376557,0.54636633,0.14462066,-0.98818684,-0.05071169
1356326518239,0.51632094,0.17475027,-0.8383764,0.8391947,0.09197748,0.53599656,0.17077729,-0.98030734,-0.0991596
1356326518276,0.4817079,0.23381332,-0.84456426,0.8522166,0.09954694,0.51363146,0.20416766,-0.967172,-0.15130705
1356326518320,0.44494864,0.28114504,-0.8502813,0.86438376,0.11349735,0.4898562,0.23422533,-0.9529301,-0.19251671
1356326518374,0.42137834,0.30392182,-0.85444236,0.8712001,0.12603685,0.47447348,0.2518941,-0.9443232,-0.21166751
1356326518399,0.4236088,0.29771283,-0.85552484,0.86923695,0.13218519,0.4763973,0.25491732,-0.94545984,-0.20278817
1356326518436,0.43832272,0.27517182,-0.8556598,0.86344177,0.1355415,0.4858979,0.24968284,-0.9517925,-0.17818394
1356326518496,0.467474,0.23884404,-0.8511296,0.85138977,0.13747963,0.5061964,0.23791498,-0.96127665,-0.13908121
1356326518514,0.50164557,0.1959356,-0.8425919,0.8357419,0.14171365,0.53052133,0.22335482,-0.9703229,-0.09266156
1356326518554,0.53478533,0.15214357,-0.83117807,0.8188355,0.1495202,0.55421305,0.20859787,-0.9769832,-0.04461932
1356326518590,0.5625434,0.11147115,-0.81921864,0.80341554,0.16013394,0.57348114,0.1951113,-0.980781,5.246401E-4
1356326518634,0.58259904,0.0762797,-0.80917215,0.79167295,0.17205079,0.5862187,0.18393525,-0.9821303,0.03984806
1356326518680,0.5925937,0.048979104,-0.804011,0.78573096,0.18464004,0.59036845,0.17736837,-0.98158497,0.07093209
1356326518724,0.5879826,0.03379053,-0.80816746,0.7884543,0.19913554,0.5819664,0.18059981,-0.9793892,0.090445936
1356326518767,0.5690873,0.029231042,-0.8217573,0.79950094,0.21391363,0.5612834,0.19219196,-0.9764151,0.09836531
1356326518807,0.5430337,0.031890333,-0.8391051,0.81367934,0.22690108,0.53520274,0.20746171,-0.9733956,0.097266436
1356326518853,0.51412666,0.039237976,-0.85681623,0.82874763,0.23469284,0.5080321,0.22102278,-0.97127736,0.0881435
1356326518897,0.49045473,0.04536432,-0.8702851,0.8419647,0.23297673,0.48663867,0.22483224,-0.9714236,0.076069385
1356326518939,0.4763592,0.04935071,-0.8778647,0.85145926,0.22314876,0.4745754,0.21931505,-0.97353435,0.06427884
1356326518978,0.47194168,0.0523881,-0.88007194,0.85713017,0.20642838,0.47192714,0.20639521,-0.9770582,0.052518725
1356326519018,0.4777736,0.05589491,-0.876703,0.8577216,0.18600146,0.4792881,0.18985784,-0.98095834,0.04092434
1356326519058,0.49340808,0.0599972,-0.8677262,0.8529399,0.16208564,0.49620733,0.17041698,-0.984951,0.028800368
1356326519107,0.52083445,0.06530613,-0.851156,0.8406119,0.1344115,0.5246952,0.14867094,-0.98877126,0.015109032
1356326519147,0.56031525,0.073152125,-0.82504284,0.8181124,0.10671374,0.5650703,0.12937948,-0.99159515,-5.3316355E-5
1356326519186,0.5951867,0.08688712,-0.7988764,0.79503405,0.08099334,0.601133,0.11693439,-0.9929203,-0.020872056
1356326519227,0.613443,0.11513588,-0.78130114,0.780898,0.059185654,0.62184834,0.11783889,-0.991585,-0.053602353
1356326519265,0.60564244,0.1631253,-0.7788372,0.7840111,0.045080423,0.61910766,0.13610244,-0.9855749,-0.100589424
1356326519306,0.5786228,0.21997914,-0.7853693,0.79879165,0.04161141,0.600167,0.16470456,-0.9746167,-0.1516402
1356326519373,0.5500315,0.26753134,-0.79113364,0.81283146,0.046017952,0.5806783,0.19175598,-0.9624496,-0.19214657
1356326519383,0.53765035,0.292485,-0.7908127,0.81688607,0.051654488,0.5744815,0.20887625,-0.95487404,-0.21115485
1356326519425,0.54359704,0.29459697,-0.7859484,0.8110842,0.056572624,0.5821872,0.21597365,-0.9539455,-0.2081902
1356326519466,0.564391,0.2781264,-0.7772442,0.7968124,0.062544525,0.6009811,0.2157611,-0.9585061,-0.186315
1356326519508,0.59447354,0.2475636,-0.7650578,0.77602947,0.072629154,0.6265008,0.21066427,-0.9661456,-0.14894053
1356326519548,0.62212425,0.21178976,-0.7537284,0.7558912,0.08828682,0.64871705,0.20393586,-0.9733193,-0.10516462
1356326519586,0.6453629,0.17488763,-0.74358666,0.73795354,0.10870042,0.6660397,0.1973103,-0.9785696,-0.058907717
1356326519628,0.66095537,0.14008543,-0.7372341,0.7254615,0.132009,0.67548454,0.19194707,-0.9813,-0.014374524
1356326519666,0.66730076,0.10967037,-0.73666966,0.72047293,0.15561974,0.67579687,0.18875524,-0.9817102,0.02483064
1356326519706,0.6635562,0.08532378,-0.74324495,0.72376585,0.17824286,0.66662776,0.18935734,-0.9802803,0.056519702
1356326519747,0.6483165,0.068100125,-0.75831926,0.7358372,0.19973147,0.6470325,0.19552323,-0.97748137,0.079378605
1356326519787,0.6217622,0.05771914,-0.7810763,0.75526965,0.21979392,0.61746126,0.20731518,-0.9738373,0.09306604
1356326519827,0.58643246,0.05214709,-0.8083178,0.7791422,0.23649696,0.5805228,0.2214373,-0.9702319,0.098059475
1356326519868,0.5466355,0.04882601,-0.83594596,0.80463684,0.24576674,0.5405169,0.23183903,-0.9680986,0.09505761
1356326519907,0.5079166,0.044640094,-0.86024874,0.8290516,0.24579741,0.50225186,0.23386747,-0.9682927,0.08783564
1356326519955,0.47488034,0.040373474,-0.8791238,0.8507558,0.2345344,0.4703276,0.2251735,-0.971269,0.0770278
1356326519988,0.44888887,0.037320226,-0.8928079,0.8683739,0.21744934,0.44569346,0.21077389,-0.9753579,0.06520265
1356326520037,0.43150604,0.036751628,-0.9013611,0.88224924,0.19131398,0.43015715,0.18825197,-0.98084056,0.050129026
1356326520077,0.430564,0.040073156,-0.90167,0.8871768,0.16486895,0.43097052,0.16592774,-0.98550105,0.035434663
1356326520116,0.4418211,0.045874417,-0.8959295,0.88533753,0.13891812,0.44371077,0.14481586,-0.98924077,0.020762593
1356326520158,0.46445575,0.0552074,-0.8838738,0.87652826,0.11380318,0.467704,0.12640834,-0.9919682,0.004465699
1356326520197,0.49308145,0.07111436,-0.86707175,0.86250013,0.0904796,0.4979025,0.11386031,-0.993356,-0.016722322
1356326520240,0.5059967,0.102971315,-0.8563669,0.85499954,0.07107656,0.5137352,0.113767534,-0.9921416,-0.052075893
1356326520277,0.49723846,0.15209875,-0.85417795,0.85823774,0.058120593,0.509951,0.12720823,-0.986655,-0.101637095
1356326520320,0.44997108,0.21791732,-0.8660474,0.879408,0.060691774,0.4721844,0.15545917,-0.9740783,-0.16432872
1356326520378,0.39586958,0.2763564,-0.8757366,0.8996106,0.07474485,0.43024892,0.18435887,-0.95814425,-0.21902391
1356326520397,0.36292732,0.3119133,-0.87806255,0.90885895,0.08939381,0.40741158,0.2055704,-0.9458958,-0.2510417
1356326520437,0.3671698,0.32031575,-0.8732607,0.9046408,0.095405295,0.4153589,0.21635967,-0.9424944,-0.25474072
1356326520474,0.40479246,0.3054835,-0.8618717,0.88802314,0.093458265,0.45020044,0.21807781,-0.94759977,-0.23344523
1356326520527,0.4823248,0.26393583,-0.8352848,0.85040593,0.08769665,0.518767,0.21017289,-0.9605453,-0.18215433
1356326520566,0.5424179,0.21749797,-0.8114662,0.815892,0.09386411,0.5705347,0.20025769,-0.971537,-0.12654129
1356326520609,0.59027576,0.17155877,-0.7887598,0.78430986,0.10916405,0.6106893,0.19087335,-0.97910714,-0.07011837
1356326520647,0.6175786,0.13084456,-0.77554905,0.7647952,0.13019711,0.63098097,0.18353465,-0.9828166,-0.01966232
1356326520689,0.6308615,0.09553033,-0.769992,0.75504565,0.1529265,0.63758886,0.17866126,-0.98360944,0.024345681
1356326520728,0.62675583,0.06607106,-0.7764095,0.75890875,0.17423345,0.6274553,0.17673314,-0.98248523,0.059059948
1356326520767,0.60729647,0.04440126,-0.79323363,0.773767,0.19341888,0.6032195,0.18021008,-0.9801111,0.08310637
1356326520807,0.5699476,0.030525029,-0.8211138,0.7993546,0.21076943,0.5626796,0.19024149,-0.97705907,0.095727205
1356326520847,0.5177237,0.023283184,-0.855231,0.830681,0.22557636,0.5090033,0.2047711,-0.97394717,0.09744531
1356326520888,0.4587198,0.019562632,-0.8883657,0.8614907,0.2351901,0.45002162,0.21773845,-0.9717525,0.09103331
1356326520926,0.40303394,0.01672402,-0.91503227,0.8875662,0.2366325,0.3952612,0.22313678,-0.97145534,0.080527216
1356326520966,0.35723704,0.014516205,-0.93390095,0.9079617,0.2291102,0.35087597,0.21905962,-0.97329223,0.06866649
1356326521006,0.32445467,0.014165908,-0.9457952,0.9228016,0.21488285,0.31978518,0.20776525,-0.97653705,0.05664742
1356326521048,0.30713257,0.016909987,-0.9515165,0.9320556,0.19658735,0.30434456,0.19220257,-0.9803405,0.044617325
1356326521088,0.3090294,0.023289263,-0.9507673,0.9346707,0.17731315,0.30814075,0.17575991,-0.98387885,0.033027172
1356326521128,0.32813227,0.032821923,-0.9440614,0.93121433,0.1566059,0.32911164,0.15864766,-0.9871157,0.02082318
1356326521167,0.36864924,0.045930624,-0.9284332,0.91857314,0.13516587,0.37142095,0.14255205,-0.9897578,0.0076381564
1356326521207,0.41697973,0.0635789,-0.9066894,0.89966613,0.11308169,0.42167938,0.12933993,-0.9915495,-0.0100470185
1356326521247,0.46396,0.090038836,-0.88126844,0.87727064,0.091467574,0.4712004,0.12303382,-0.9917291,-0.036551118
1356326521286,0.47896856,0.13285834,-0.8677199,0.8681691,0.07456976,0.49063402,0.1298905,-0.9883259,-0.07962695
1356326521327,0.45045722,0.19303566,-0.8716798,0.8798266,0.06984614,0.4701348,0.15163627,-0.9787026,-0.1383752
1356326521366,0.39346325,0.25606441,-0.88295954,0.9013392,0.08168179,0.42534176,0.18103653,-0.9632025,-0.19866207
1356326521404,0.34673262,0.30178016,-0.8880908,0.91503567,0.09923917,0.39097485,0.20612186,-0.94819844,-0.24173015
1356326521446,0.33541656,0.322129,-0.88528454,0.91587687,0.10855,0.38650554,0.2206023,-0.9404519,-0.25862104
1356326521488,0.36573124,0.3174971,-0.8748922,0.9032366,0.1056733,0.4159288,0.22450894,-0.9423528,-0.24812701
1356326521527,0.4162146,0.2952787,-0.859986,0.88187814,0.09929484,0.46090305,0.22148699,-0.9502374,-0.21907184
1356326521569,0.48493108,0.25737602,-0.83582264,0.8482756,0.094089426,0.52112925,0.21276826,-0.96171975,-0.17269892
1356326521607,0.5426633,0.21449333,-0.81210166,0.81525475,0.09822013,0.5707122,0.20217866,-0.97177434,-0.121566206
1356326521649,0.5954185,0.16870776,-0.7855027,0.7805097,0.110331416,0.61533046,0.19047663,-0.9794717,-0.06598467
1356326521687,0.6279842,0.12658015,-0.7678628,0.75716126,0.1286346,0.64043725,0.17984039,-0.98358047,-0.01506111
1356326521747,0.6461282,0.09020969,-0.757879,0.7436855,0.14885914,0.65174603,0.17161104,-0.98473513,0.029094443
1356326521764,0.64562035,0.061208367,-0.7612016,0.7448858,0.1691812,0.64538586,0.16828403,-0.9836825,0.063633576
1356326521804,0.6243223,0.04072854,-0.7801044,0.7619394,0.1884539,0.61962366,0.17225009,-0.9812372,0.086623296
1356326521840,0.5833233,0.027951837,-0.811759,0.79136837,0.20554738,0.57574856,0.18294817,-0.978248,0.09778035
1356326521884,0.5281568,0.0208503,-0.84889084,0.8261174,0.21862684,0.5193576,0.19641906,-0.97558576,0.09824446
1356326521932,0.46986306,0.016029745,-0.88259375,0.8584217,0.22476687,0.46107697,0.20576882,-0.9742807,0.09184936
1356326521972,0.4206103,0.011998564,-0.907162,0.8831872,0.22330946,0.41244784,0.20752662,-0.97467375,0.08332926
1356326522010,0.38617703,0.009894729,-0.9223716,0.90043086,0.21301171,0.379276,0.20022881,-0.9769995,0.0733507
1356326522047,0.3722083,0.011836112,-0.92807376,0.90868104,0.19907804,0.36696967,0.18910256,-0.97991216,0.06334326
1356326522089,0.37687874,0.017908752,-0.9260894,0.90961885,0.18152718,0.37368622,0.17480263,-0.98322284,0.052123606
1356326522127,0.40969303,0.029345453,-0.9117513,0.89805627,0.16248903,0.408769,0.16014504,-0.98627377,0.040216774
1356326522167,0.46185184,0.044178247,-0.8858562,0.8749806,0.14088178,0.4632076,0.14526469,-0.98904026,0.026411414
1356326522207,0.534972,0.06249836,-0.8425549,0.83459485,0.115964964,0.53851974,0.13136342,-0.99128497,0.009877205
1356326522246,0.6147755,0.08470696,-0.78414017,0.77936107,0.08731739,0.620461,0.12102646,-0.99257255,-0.012336716
1356326522288,0.68012476,0.11518228,-0.7239914,0.72337615,0.054845728,0.6882725,0.11898467,-0.99182916,-0.046018213
1356326522326,0.7120906,0.16033518,-0.6835346,0.6899568,0.0203875,0.7235633,0.1299482,-0.98685205,-0.096106604
1356326522375,0.7082844,0.21998306,-0.67077625,0.68908966,-0.00915844,0.72461826,0.1532605,-0.9754607,-0.15807481
1356326522407,0.6891842,0.27930197,-0.6685923,0.70179975,-0.027719583,0.7118348,0.1802838,-0.9598032,-0.21511798
1356326522447,0.6802077,0.3214686,-0.6587681,0.7043719,-0.037859857,0.7088207,0.20292272,-0.94616306,-0.252186
1356326522487,0.693524,0.33935434,-0.6355023,0.68661183,-0.044237968,0.7256771,0.21814834,-0.9396178,-0.26368478
1356326522528,0.72691053,0.33342558,-0.60035694,0.64861834,-0.046152357,0.75971323,0.22559991,-0.94164604,-0.24981457
1356326522567,0.76441795,0.31232047,-0.56402224,0.6037235,-0.039773345,0.7962009,0.2262368,-0.94914377,-0.21895868
1356326522609,0.80505997,0.27784646,-0.524099,0.5509899,-0.022957325,0.83419603,0.2197465,-0.96035117,-0.17157263
1356326522647,0.83414626,0.24166347,-0.49578097,0.5100582,0.00402689,0.86013055,0.20985863,-0.9703518,-0.119903445
1356326522687,0.85725325,0.20448251,-0.47255027,0.47560716,0.037147254,0.87887305,0.19726813,-0.9781651,-0.065408744
1356326522728,0.87297535,0.16860268,-0.4576977,0.45202258,0.07293823,0.8890195,0.18327473,-0.9829818,-0.01253894
1356326522767,0.88039607,0.13698871,-0.45402294,0.44254178,0.106820345,0.890363,0.17046857,-0.98479617,0.03342098
1356326522808,0.87823117,0.11279711,-0.4647439,0.44970766,0.13583788,0.882786,0.16270556,-0.984289,0.06857133
1356326522846,0.86412746,0.098102614,-0.4936189,0.47605556,0.15884554,0.8649504,0.16326308,-0.98241746,0.090560496
1356326522887,0.83697885,0.09183079,-0.53947514,0.51965547,0.1756404,0.8361271,0.1715358,-0.98016196,0.09928694
1356326522927,0.79941833,0.0896634,-0.5940461,0.57248646,0.1861533,0.79850245,0.18218006,-0.97842085,0.09748328
1356326522970,0.75730336,0.08763513,-0.6471566,0.6252465,0.18883988,0.75723594,0.18856946,-0.97808975,0.088215515
1356326523006,0.7174096,0.08332029,-0.6916511,0.67086494,0.18499383,0.71813476,0.18778643,-0.9792012,0.07681967
1356326523053,0.6851961,0.0779582,-0.7241746,0.7060728,0.1729716,0.68668926,0.17879471,-0.9818368,0.063475326
1356326523098,0.66241217,0.074092984,-0.74546653,0.7309151,0.15423533,0.6648117,0.16423512,-0.9852521,0.048011705
1356326523137,0.6525633,0.073940754,-0.75411797,0.7427143,0.1347583,0.6559083,0.15012199,-0.98811585,0.033021465
1356326523177,0.6543504,0.07672143,-0.7522894,0.7436488,0.11515471,0.6585787,0.13715678,-0.99038035,0.018297717
1356326523217,0.6675689,0.08186978,-0.74003315,0.7339197,0.09498444,0.67256224,0.1253542,-0.99210656,0.00332281
1356326523259,0.68617135,0.09070939,-0.7217622,0.71812963,0.07376628,0.6919887,0.11601162,-0.99314165,-0.014524803
1356326523308,0.6956277,0.11173621,-0.7096598,0.7090343,0.052224666,0.7032375,0.11563888,-0.9923647,-0.0428959
1356326523383,0.6852343,0.15038621,-0.71262753,0.71677,0.03433749,0.69646376,0.12920839,-0.98803085,-0.0842631
1356326523385,0.64610684,0.20520136,-0.7351451,0.74699605,0.02769041,0.6642517,0.15666178,-0.978328,-0.13539362
1356326523424,0.58884704,0.2629654,-0.76426977,0.7854202,0.036956586,0.6178585,0.1907202,-0.96409714,-0.18477657
1356326523467,0.5385004,0.3046803,-0.78561264,0.81338567,0.055519402,0.5790694,0.22004777,-0.9508352,-0.21792537
1356326523507,0.5121713,0.32137838,-0.79649013,0.825127,0.07331879,0.5601696,0.23842412,-0.94410825,-0.2276262
1356326523548,0.51144284,0.31382653,-0.799962,0.8236011,0.08658079,0.56052196,0.24516803,-0.9455246,-0.21418682
1356326523586,0.5251398,0.2887783,-0.80052185,0.8156792,0.09745133,0.5702374,0.24268413,-0.95242333,-0.1843749
1356326523627,0.54739666,0.2508572,-0.7983906,0.80379736,0.1079602,0.5850251,0.2329522,-0.9619851,-0.14254129
1356326523667,0.566703,0.20740959,-0.7973888,0.79409885,0.120533295,0.59571695,0.21966931,-0.97080016,-0.09639716
1356326523707,0.58231324,0.16184384,-0.79669183,0.78678626,0.13449228,0.6023945,0.20464271,-0.9776085,-0.049019873
1356326523747,0.5893882,0.1184693,-0.7991161,0.7851989,0.14858957,0.60115194,0.18995833,-0.98177695,-0.0054450035
1356326523789,0.58827466,0.08000556,-0.8046938,0.7889837,0.16139859,0.5928366,0.17730668,-0.983641,0.031823605
1356326523826,0.57444906,0.049630582,-0.81703436,0.8007523,0.17288688,0.57350326,0.16971785,-0.9836905,0.059572875
1356326523867,0.5482849,0.030102372,-0.8357496,0.8188039,0.18397768,0.5437944,0.17012879,-0.9824693,0.07622424
1356326523908,0.5098283,0.0203664,-0.860035,0.84174514,0.19457258,0.5035937,0.17759556,-0.98067665,0.08205533
1356326523947,0.46495587,0.016264439,-0.8851844,0.8655177,0.20200522,0.45833722,0.18626642,-0.97924936,0.07984638
1356326523986,0.4201342,0.014814734,-0.9073411,0.88720393,0.20338397,0.4141306,0.19067386,-0.978987,0.072304875
1356326524028,0.37911123,0.014852047,-0.92523193,0.9058115,0.19843344,0.37433907,0.18915665,-0.9800018,0.061775208
1356326524067,0.34426254,0.016926557,-0.9387208,0.9207901,0.18920255,0.3410984,0.183382,-0.9817922,0.04954952
1356326524106,0.3182229,0.021331161,-0.94777596,0.9316139,0.17812863,0.3168055,0.17558387,-0.9837761,0.036812186
1356326524150,0.3026139,0.028174669,-0.95269674,0.9385406,0.16531396,0.30300632,0.16603118,-0.98583853,0.023583233
1356326524186,0.30079663,0.03675762,-0.9529797,0.94086313,0.15188903,0.30283076,0.15587851,-0.9877139,0.011103809
1356326524229,0.30856973,0.046805143,-0.9500495,0.9401275,0.1369574,0.3120945,0.14472401,-0.98947054,-0.0017419159
1356326524267,0.32669634,0.059835702,-0.9432333,0.9354534,0.12196779,0.33173895,0.13489383,-0.99072874,-0.01612702
1356326524309,0.33872852,0.082497686,-0.93726045,0.9317179,0.109299034,0.34634602,0.1310144,-0.9905796,-0.03984186
1356326524374,0.3402336,0.11772069,-0.93294317,0.93047583,0.101187676,0.3521019,0.13585204,-0.98787796,-0.075108826
1356326524388,0.31110588,0.17057833,-0.93494177,0.93780756,0.10435644,0.33109912,0.15404546,-0.97980237,-0.12750375
1356326524428,0.2647922,0.22495723,-0.9376989,0.9478313,0.1182598,0.29602432,0.17748481,-0.96716535,-0.18190718
