1356327431546,-0.92693895,-0.059505135,-0.37046367,0.35915783,0.14500934,-0.9219425,0.10858099,-0.9876393,-0.11304307
1356327431703,0.5280815,0.15970558,-0.83404076,0.84216064,0.027649999,0.5385171,0.10906538,-0.9867773,-0.11989632
1356327431744,0.50989753,0.16364726,-0.84452605,0.8532455,0.02868323,0.5207201,0.10943815,-0.98610187,-0.12500575
1356327431783,0.49465898,0.1672726,-0.85283786,0.8621172,0.02958855,0.50584453,0.1098482,-0.98546666,-0.12957233
1356327431823,0.47985497,0.17030033,-0.8606608,0.8703755,0.03102383,0.49141002,0.11038825,-0.9849037,-0.1333383
1356327431864,0.46545047,0.17207345,-0.86818576,0.8780738,0.033350036,0.47736153,0.11109528,-0.98451936,-0.1355704
1356327431903,0.45230323,0.17220652,-0.87508094,0.8848082,0.036535338,0.46452072,0.11196488,-0.9843831,-0.13584471
1356327431942,0.4410656,0.1708242,-0.8810677,0.8903359,0.040295064,0.45351782,0.112974465,-0.9844773,-0.13431811
1356327431983,0.43208513,0.16837806,-0.8859747,0.8945877,0.04425326,0.44469592,0.1140843,-0.9847286,-0.13150778
1356327432024,0.42550546,0.16534364,-0.88972276,0.8976033,0.047960997,0.43818724,0.11512345,-0.98506916,-0.12800536
1356327432063,0.4216552,0.16196558,-0.89217377,0.8993411,0.050872892,0.43427807,0.11572561,-0.9854842,-0.12421152
1356327432103,0.42094675,0.15828118,-0.893169,0.89970195,0.052522153,0.43333334,0.115499675,-0.9859962,-0.120296866
1356327432144,0.42343593,0.15431759,-0.89268595,0.89867985,0.052830473,0.43541187,0.11435276,-0.98660785,-0.11631182
1356327432183,0.42832786,0.15034923,-0.8910277,0.8965751,0.05220692,0.43980378,0.11264196,-0.9872535,-0.112437725
1356327432223,0.43398786,0.14695674,-0.88885224,0.8940547,0.051304087,0.44501027,0.11099908,-0.98781157,-0.10912207
1356327432263,0.43899488,0.14452696,-0.88678944,0.89173055,0.050750718,0.44971222,0.11000073,-0.9881986,-0.10659978
1356327432303,0.4432955,0.14269823,-0.8849442,0.8896188,0.050949603,0.4538528,0.10985148,-0.988454,-0.104361266
1356327432343,0.44798136,0.14056832,-0.8829231,0.8872219,0.051859632,0.45841894,0.11022726,-0.98871183,-0.10148314
1356327432383,0.4541236,0.13747478,-0.88026834,0.88408446,0.052786976,0.46433622,0.11030117,-0.98909765,-0.09756747
1356327432423,0.4618156,0.13351557,-0.8768694,0.8802217,0.052783012,0.4716181,0.109252155,-0.9896401,-0.09314728
1356327432463,0.4703104,0.12939459,-0.8729634,0.87601453,0.051262572,0.47955257,0.10680187,-0.9902672,-0.08924222
1356327432503,0.47893715,0.12577638,-0.86879194,0.8717531,0.048287228,0.4875601,0.10327506,-0.9908827,-0.08651939
1356327432543,0.48775327,0.12285665,-0.86429334,0.8673159,0.0444154,0.49577248,0.0992969,-0.99143004,-0.08489177
1356327432587,0.4974239,0.12043974,-0.85910636,0.862237,0.040359035,0.50489455,0.09548211,-0.9918999,-0.08377206
1356327432624,0.50875676,0.118305445,-0.8527428,0.8559469,0.03669861,0.5157597,0.09231159,-0.99229884,-0.08259249
1356327432654,0.52235824,0.11652359,-0.8447272,0.84796846,0.033516392,0.52898586,0.089951515,-0.99262226,-0.081300765
1356327432684,0.53674006,0.11496812,-0.8358782,0.8391045,0.031054944,0.54308313,0.08839536,-0.9928836,-0.07980183
1356327432724,0.5527935,0.11362377,-0.82553554,0.82867515,0.029478699,0.55895317,0.08784613,-0.99308646,-0.07786158
1356327432754,0.573957,0.11293611,-0.8110603,0.8141537,0.027620777,0.57999223,0.087904245,-0.99321836,-0.07609424
1356327432784,0.5950919,0.113028735,-0.7956696,0.7987478,0.026089415,0.60110015,0.088700116,-0.9932491,-0.07475585
1356327432824,0.6150081,0.11502868,-0.7800855,0.7832193,0.025412947,0.621226,0.09128308,-0.99303705,-0.07446352
1356327432855,0.638531,0.11850205,-0.76041794,0.76372814,0.024212137,0.64508384,0.0948551,-0.99265856,-0.07504316
1356327432894,0.65797967,0.12449238,-0.7426739,0.7462913,0.023896642,0.6651904,0.10055855,-0.9919328,-0.07718408
1356327432924,0.6800691,0.13085687,-0.72137547,0.7254126,0.022453219,0.687948,0.10621992,-0.99114704,-0.07965548
1356327432954,0.700616,0.1365692,-0.70034707,0.7048477,0.02026087,0.7090692,0.111026645,-0.99042326,-0.0820654
1356327432984,0.72118604,0.14066142,-0.6783105,0.6832668,0.0169563,0.72997195,0.114180535,-0.98991257,-0.08388065
1356327433015,0.742738,0.1422768,-0.65429157,0.6595777,0.012822181,0.75152695,0.115314305,-0.9897438,-0.084319085
1356327433054,0.76680005,0.13992587,-0.62644905,0.63160014,0.009537734,0.77523553,0.114450395,-0.990116,-0.08106367
1356327433084,0.79196423,0.13632579,-0.5951537,0.59984297,0.0081717335,0.800076,0.11393444,-0.9906304,-0.07530235
1356327433114,0.81370884,0.13264261,-0.56593627,0.5697688,0.010733422,0.8217349,0.11507146,-0.9911058,-0.06684174
1356327433154,0.8309694,0.13027641,-0.54084927,0.5431503,0.020283345,0.8393904,0.12032302,-0.9912702,-0.05390484
1356327433184,0.8435383,0.13000414,-0.521097,0.5217563,0.03167003,0.8525065,0.12733251,-0.99100757,-0.041115582
1356327433224,0.8499365,0.13278773,-0.5098778,0.5084462,0.047063082,0.8598067,0.1381682,-0.99002653,-0.027514778
1356327433254,0.8502317,0.13636965,-0.5084381,0.5047941,0.06271392,0.8609587,0.14929476,-0.98867095,-0.015517227
1356327433284,0.84616935,0.14011861,-0.5141636,0.508214,0.07815698,0.8576772,0.16036205,-0.9870453,-0.005076207
1356327433314,0.8375279,0.14306307,-0.5273329,0.51898277,0.09356177,0.8496487,0.17089154,-0.9852812,0.0041133314
1356327433354,0.8241209,0.14434159,-0.5477137,0.5366823,0.11018327,0.83655953,0.18109922,-0.98337436,0.01333876
1356327433384,0.8012552,0.14151362,-0.5813466,0.56751895,0.12798712,0.813352,0.18950526,-0.9816278,0.022238702
1356327433414,0.77544403,0.1349494,-0.6168268,0.6003413,0.14511615,0.78646785,0.19564492,-0.9801684,0.031513736
1356327433444,0.74715185,0.12395346,-0.65299284,0.634147,0.16128495,0.7562042,0.19905204,-0.9790928,0.041899636
1356327433474,0.71789366,0.10795489,-0.6877313,0.6670618,0.17592466,0.723933,0.19914101,-0.9784663,0.054282606
1356327433504,0.6901648,0.08643469,-0.71847177,0.69685566,0.18829492,0.69205296,0.19510195,-0.97830164,0.06972201
1356327433544,0.6740731,0.054620504,-0.7366424,0.7159347,0.19717908,0.6697447,0.18183225,-0.9788447,0.0938084
1356327433589,0.6575403,0.015987962,-0.75324976,0.7355647,0.20274238,0.6464056,0.16305041,-0.97910166,0.12155107
1356327433614,0.66049546,-0.032253295,-0.750137,0.7391701,0.20331965,0.64209706,0.1318079,-0.978581,0.15813236
1356327433654,0.66952085,-0.08483592,-0.7379327,0.73689485,0.20080844,0.6454935,0.093422055,-0.97595024,0.1969606
1356327433691,0.6730336,-0.13067815,-0.72797596,0.73726654,0.1968608,0.6462847,0.05885461,-0.9716836,0.22883856
1356327433724,0.6679128,-0.1639395,-0.72595894,0.7434745,0.19119406,0.6408514,0.033738136,-0.96776474,0.24958579
1356327433754,0.654565,-0.18403494,-0.7332638,0.75575864,0.18408541,0.6284436,0.01932758,-0.96552765,0.25958186
1356327433794,0.6261768,-0.18646866,-0.75705487,0.77945286,0.17320485,0.60204095,0.018863797,-0.96707267,0.2538004
1356327433824,0.5978354,-0.17944518,-0.78127605,0.8012692,0.16255341,0.57579863,0.023674846,-0.97024524,0.24096406
1356327433854,0.5684409,-0.16509917,-0.8059883,0.8221202,0.15151516,0.54878175,0.031515986,-0.9745693,0.2218588
1356327433885,0.5399846,-0.1449354,-0.82910216,0.84068584,0.14061752,0.52294755,0.040792704,-0.979398,0.19777642
1356327433914,0.51373994,-0.12038204,-0.84945834,0.85645306,0.1303443,0.4994983,0.05059147,-0.9841334,0.17006463
1356327433954,0.48402303,-0.08839628,-0.870579,0.8728701,0.11903846,0.47321,0.061802357,-0.9889469,0.13477585
1356327434013,0.4612785,-0.051747143,-0.88574505,0.88420844,0.10947329,0.45408258,0.073468,-0.9926418,0.09625292
1356327434033,0.44673252,-0.013825864,-0.8945607,0.8906046,0.10205543,0.44317955,0.08516741,-0.9946826,0.05790484
1356327434072,0.4403711,0.02309072,-0.8975188,0.89260024,0.0963362,0.44043618,0.096633494,-0.9950809,0.021812916
1356327434111,0.4443919,0.056654453,-0.8940392,0.8894425,0.09108482,0.447879,0.10680777,-0.9942303,-0.009913504
1356327434153,0.46093574,0.08447689,-0.8834036,0.8801077,0.08412865,0.46726096,0.1137923,-0.9928676,-0.03557086
1356327434193,0.49274954,0.104483426,-0.8638756,0.86243093,0.073480636,0.5008128,0.11580476,-0.99180835,-0.05390218
1356327434232,0.5403378,0.11532679,-0.83350754,0.83385813,0.05935827,0.5487781,0.11276445,-0.99155253,-0.064092696
1356327434273,0.60039437,0.11768618,-0.79099715,0.7924675,0.045207858,0.60823643,0.107340306,-0.9920212,-0.06611991
1356327434313,0.6637944,0.11500639,-0.73902,0.740702,0.035813577,0.6708784,0.10362223,-0.99271894,-0.061412588
1356327434353,0.7204982,0.11193183,-0.68436366,0.6855173,0.033944793,0.72726464,0.1046347,-0.9931359,-0.052274063
1356327434393,0.7649893,0.11137685,-0.63433945,0.6344291,0.039228372,0.7719851,0.110865384,-0.9930038,-0.040651426
1356327434432,0.7963102,0.11365943,-0.5941141,0.5926923,0.04962691,0.8038985,0.120854676,-0.99227947,-0.02784665
1356327434473,0.81550974,0.11751087,-0.5666878,0.5633429,0.063203245,0.82380223,0.13262224,-0.99105835,-0.014656052
1356327434512,0.8238938,0.121070266,-0.55366147,0.548024,0.078820765,0.83274066,0.14446017,-0.9895096,-0.001409471
1356327434588,0.8224031,0.12237166,-0.55558836,0.54721755,0.09692153,0.83135974,0.15558334,-0.9877405,0.01274465
1356327434593,0.8096509,0.11915973,-0.5746881,0.5633075,0.11712709,0.8179033,0.16477264,-0.98594224,0.027708486
1356327434620,0.7906182,0.11078951,-0.6022032,0.58778906,0.13820973,0.79712117,0.171543,-0.9841869,0.044150263
1356327434651,0.7727524,0.09563145,-0.6274618,0.6102905,0.15961161,0.77593154,0.17435366,-0.982537,0.0649773
1356327434693,0.768022,0.06566012,-0.6370486,0.61827725,0.18330848,0.7642848,0.1669594,-0.9808602,0.10018879
1356327434733,0.77265173,0.018909872,-0.6345484,0.61754775,0.20925444,0.7581869,0.14711928,-0.97767836,0.15000308
1356327434772,0.78498024,-0.03688532,-0.6184218,0.6082977,0.23503524,0.758111,0.11738768,-0.97128665,0.20693529
1356327434813,0.79405516,-0.08846784,-0.6013733,0.6016024,0.25581813,0.7567243,0.08689642,-0.9626685,0.25635618
1356327434852,0.7915437,-0.12554209,-0.59807837,0.60765594,0.26563275,0.7484607,0.06490585,-0.9558652,0.28654635
1356327434893,0.775315,-0.14468461,-0.6147789,0.6292034,0.26122004,0.7320295,0.054679155,-0.9543744,0.29356384
1356327434933,0.7466163,-0.14679328,-0.64885736,0.6630677,0.24322957,0.707941,0.05390027,-0.9587967,0.27893305
1356327434972,0.7079456,-0.13416353,-0.69340694,0.7038462,0.21524015,0.67695796,0.058425903,-0.96730125,0.24680883
1356327435013,0.6631206,-0.10967508,-0.74043393,0.7457042,0.18240833,0.6408217,0.0647791,-0.9770868,0.2027439
1356327435052,0.6172429,-0.07668805,-0.78302634,0.7835692,0.14963786,0.60301554,0.07092628,-0.98576236,0.1524533
1356327435093,0.57627976,-0.03884688,-0.81632876,0.8136854,0.12049763,0.5686796,0.076274246,-0.99195325,0.10104947
1356327435133,0.5452218,5.582571E-4,-0.8382917,0.83433586,0.096674964,0.5427133,0.08134484,-0.9953159,0.0522435
1356327435172,0.52873963,0.038465887,-0.8479121,0.84434724,0.07817219,0.530063,0.086672455,-0.9961975,0.008854181
1356327435213,0.5323388,0.071509,-0.84350574,0.84160364,0.062650606,0.53644973,0.09120712,-0.99547046,-0.026830882
1356327435253,0.56249404,0.09601098,-0.8212078,0.82165086,0.045778915,0.5681497,0.09214258,-0.99432695,-0.053137094
1356327435294,0.62244475,0.108688444,-0.7750802,0.7777908,0.024436042,0.6280482,0.087201506,-0.9937755,-0.06932682
1356327435333,0.70624465,0.108029306,-0.6996772,0.70375997,4.6634674E-4,0.7104378,0.07707444,-0.99414766,-0.07569736
1356327435372,0.7933748,0.097848386,-0.6008179,0.6050967,-0.019038081,0.79592437,0.066441506,-0.99501926,-0.074312076
1356327435412,0.86057264,0.087078646,-0.5018287,0.5056386,-0.02769291,0.8623008,0.06119089,-0.9958164,-0.067862086
1356327435453,0.90016276,0.08401795,-0.4273735,0.43066937,-0.025156524,0.9021591,0.06504634,-0.9961467,-0.05882892
1356327435493,0.9176058,0.089973316,-0.38717484,0.3899535,-0.014967622,0.9207129,0.07704449,-0.99583167,-0.04881978
1356327435533,0.9190393,0.101754785,-0.3808053,0.38276798,2.5624037E-4,0.9238444,0.09410314,-0.99480945,-0.03871298
1356327435583,0.90621877,0.11540525,-0.40675443,0.4073233,0.019686935,0.91307175,0.11338103,-0.9931233,-0.02916658
1356327435614,0.8762456,0.12747782,-0.4646967,0.46301782,0.04432699,0.8852399,0.13344707,-0.9908504,-0.020183176
1356327435654,0.82271,0.13399088,-0.55244434,0.5472974,0.07600623,0.8334798,0.15366793,-0.9880635,-0.010801777
1356327435694,0.7412678,0.1294514,-0.65860796,0.64854556,0.11469167,0.7524856,0.1729472,-0.9849306,0.0010620952
1356327435734,0.6413735,0.1083096,-0.7595453,0.74373806,0.1553267,0.6501748,0.18839785,-0.98190767,0.01906845
1356327435774,0.5505756,0.06706321,-0.8320872,0.81193465,0.18860124,0.55244166,0.19398123,-0.9797613,0.04938829
1356327435814,0.49225408,0.0059482455,-0.8704312,0.8510663,0.20657434,0.48271435,0.18268004,-0.9784128,0.0966247
1356327435854,0.4690204,-0.069143414,-0.8804767,0.86995316,0.20810583,0.44707224,0.1523203,-0.9756594,0.1577574
1356327435894,0.45701644,-0.14519897,-0.8775268,0.8824389,0.19771901,0.42685926,0.111524224,-0.96944547,0.21849003
1356327435934,0.43111953,-0.20719004,-0.8781847,0.89927244,0.17826065,0.39941496,0.07379094,-0.9619228,0.2631719
1356327435974,0.3789127,-0.24535221,-0.89231575,0.9241815,0.1504376,0.35107964,0.048099637,-0.9576903,0.2837527
1356327436014,0.3015386,-0.25647694,-0.9183105,0.95280045,0.11671245,0.2802669,0.03529629,-0.9594779,0.27956462
1356327436054,0.20644435,-0.24184334,-0.9480995,0.9779166,0.08323881,0.19170418,0.032556325,-0.96673846,0.25368676
1356327436094,0.10514939,-0.20650262,-0.9727797,0.99376744,0.05822754,0.0950574,0.037012994,-0.976712,0.21133813
1356327436134,0.0100054145,-0.15808558,-0.9873748,0.998863,0.047608554,0.0024993718,0.046612382,-0.9862771,0.15838218
1356327436174,-0.06909633,-0.10461852,-0.99210924,0.9958302,0.052145243,-0.074854195,0.05956489,-0.99314445,0.10057926
1356327436214,-0.1273374,-0.052128315,-0.99048877,0.98907185,0.068143725,-0.13074157,0.07431093,-0.99631274,0.04288143
1356327436254,-0.16214627,-0.004989207,-0.9867542,0.9827402,0.08942938,-0.16193882,0.0890528,-0.99598074,-0.0095975995
1356327436294,-0.17228115,0.03381589,-0.98446715,0.9798598,0.108320415,-0.1677542,0.10096511,-0.99354076,-0.051796377
1356327436335,-0.15730506,0.062716216,-0.9855566,0.98181164,0.117360175,-0.14923912,0.10630539,-0.99110705,-0.08003688
1356327436374,-0.11714527,0.08122206,-0.9897878,0.9877937,0.11256257,-0.10767236,0.10266769,-0.9903195,-0.09341681
1356327436414,-0.05117634,0.08877823,-0.99473584,0.9945375,0.09526238,-0.04266414,0.09097326,-0.9914855,-0.0931685
1356327436453,0.038858563,0.0864777,-0.9954957,0.9962718,0.07343903,0.045268476,0.07702294,-0.9935433,-0.083301544
1356327436493,0.1430527,0.07764438,-0.9866648,0.98742664,0.05655819,0.14761391,0.06726539,-0.99537563,-0.06857738
1356327436533,0.24551156,0.06744933,-0.9670443,0.96723056,0.049561113,0.24901563,0.06472367,-0.996491,-0.05307123
1356327436588,0.33177653,0.059666842,-0.9414692,0.9408623,0.051616877,0.3348339,0.0685741,-0.9968829,-0.03901297
1356327436613,0.3936742,0.05538118,-0.91758025,0.9159945,0.060299754,0.3966332,0.07729581,-0.99664277,-0.026990384
1356327436653,0.42824143,0.053930074,-0.9020537,0.8991767,0.07392852,0.43129554,0.08994734,-0.9958043,-0.016833425
1356327436693,0.43595326,0.053660244,-0.8983682,0.8937142,0.091673985,0.43917057,0.105923,-0.9943422,-0.007991344
1356327436733,0.42009956,0.052174658,-0.9059769,0.8989042,0.11298545,0.4233268,0.124449134,-0.9922258,5.6508183E-4
1356327436792,0.3875993,0.04573697,-0.9206927,0.91060495,0.13637947,0.39012736,0.14340684,-0.98960036,0.0112122595
1356327436813,0.35041928,0.028936595,-0.9361458,0.92319286,0.15779996,0.3504484,0.15786454,-0.9870471,0.028582096
1356327436853,0.3225346,-0.004309714,-0.94654787,0.9329977,0.17010495,0.31714293,0.15964568,-0.98541653,0.058885634
1356327436890,0.30944782,-0.05583182,-0.949276,0.9402391,0.16714257,0.29667142,0.14210078,-0.9843507,0.10421714
1356327436933,0.30597973,-0.11903486,-0.9445672,0.9460403,0.14920819,0.28765368,0.1066964,-0.9816148,0.15826643
1356327436972,0.29733038,-0.17830977,-0.9379767,0.95247495,0.12353921,0.27844137,0.06622806,-0.97618836,0.20656753
1356327437013,0.27376324,-0.21880111,-0.9365788,0.9611995,0.096562445,0.25840124,0.033899903,-0.9709798,0.23674676
1356327437053,0.23459461,-0.23355773,-0.94361866,0.9719739,0.07157257,0.22392887,0.015236974,-0.96970516,0.24380252
1356327437093,0.18570131,-0.22341171,-0.9568711,0.9825674,0.05088079,0.17880851,0.008738458,-0.9733953,0.22896567
1356327437133,0.13385588,-0.19284824,-0.9720557,0.99093986,0.036928892,0.12912989,0.010994464,-0.9805335,0.19604412
1356327437173,0.085966766,-0.14853111,-0.98516405,0.99612486,0.03125131,0.082211554,0.018576741,-0.9884139,0.15064207
1356327437212,0.047985435,-0.09804997,-0.9940239,0.99843526,0.033312798,0.044912398,0.028710037,-0.9946237,0.09949508
1356327437253,0.021586329,-0.046324223,-0.9986932,0.99895954,0.041137487,0.019683868,0.04017189,-0.99807906,0.047164053
1356327437293,0.009186894,0.0021215081,-0.99995553,0.99861664,0.051754564,0.009284377,0.05177191,-0.9986576,-0.0016431212
1356327437333,0.011849076,0.043559015,-0.9989806,0.99805135,0.060693234,0.014484465,0.06126231,-0.99720556,-0.04275495
1356327437372,0.031574965,0.07449034,-0.99672174,0.99737847,0.062612355,0.03627515,0.06510925,-0.99525416,-0.07231814
1356327437413,0.07108796,0.09198758,-0.9932195,0.99562085,0.0540604,0.076266766,0.060709476,-0.99429166,-0.08774179
1356327437453,0.13079211,0.09539974,-0.98680913,0.9901525,0.037544817,0.13486487,0.04991564,-0.9947308,-0.08954969
1356327437493,0.20630151,0.08684257,-0.97462714,0.97772884,0.02094686,0.20882452,0.038550228,-0.99600184,-0.08058709
1356327437534,0.28813297,0.072598904,-0.9548344,0.95701706,0.012667954,0.2897548,0.03313166,-0.9972808,-0.06582832
1356327437588,0.36465412,0.058846295,-0.9292817,0.9304624,0.0151234865,0.36607516,0.035596162,-0.9981525,-0.049239457
1356327437614,0.42796868,0.048641205,-0.9024837,0.9027245,0.025547504,0.4294598,0.04394564,-0.9984895,-0.03297606
1356327437654,0.47422293,0.042467505,-0.8793799,0.878641,0.04036531,0.4757737,0.055701315,-0.9982821,-0.018171519
1356327437694,0.5021086,0.039621234,-0.8638965,0.8620093,0.057323188,0.5036408,0.06947616,-0.9975692,-0.005371392
1356327437734,0.51227987,0.038868845,-0.8579385,0.85460764,0.075732425,0.51372206,0.08494151,-0.9963703,0.0055786073
1356327437774,0.50660837,0.038561136,-0.8613136,0.8561082,0.095816955,0.5078364,0.10211119,-0.99465173,0.015529156
1356327437814,0.48860544,0.03591782,-0.8717652,0.8641728,0.11783011,0.4892048,0.12029135,-0.99238396,0.026533246
1356327437853,0.46471542,0.025722593,-0.8850864,0.87485456,0.14090629,0.4634382,0.1366351,-0.9896887,0.04297781
1356327437893,0.4435068,2.7111173E-4,-0.896271,0.88443184,0.16186807,0.43769744,0.14519635,-0.9868125,0.0715498
1356327437932,0.43038926,-0.04502499,-0.9015198,0.89176273,0.17581758,0.4169503,0.13972986,-0.98339266,0.11582157
1356327437974,0.4230631,-0.10412595,-0.90009737,0.8982023,0.17906505,0.40145752,0.11937377,-0.9783114,0.16928208
1356327438013,0.41309917,-0.15870216,-0.8967512,0.9059061,0.1723693,0.38681155,0.09318459,-0.97216386,0.21497482
1356327438053,0.39781782,-0.19342092,-0.89684415,0.9146881,0.15960512,0.3713112,0.07132158,-0.9680468,0.24041355
1356327438093,0.3803056,-0.2030541,-0.9022952,0.92300487,0.1451047,0.35637978,0.058562875,-0.96835613,0.24260405
1356327438133,0.36500874,-0.18927422,-0.91156125,0.92939603,0.13160172,0.34482473,0.05469665,-0.97306544,0.22394645
1356327438173,0.3556608,-0.15697902,-0.9213376,0.932831,0.12050456,0.33956578,0.05772066,-0.9802226,0.18929368
1356327438212,0.35465714,-0.11228752,-0.92822945,0.93269145,0.11215338,0.34279478,0.065612495,-0.98732626,0.14450559
1356327438252,0.36220577,-0.060228467,-0.9301503,0.9289224,0.10563037,0.35488793,0.0768778,-0.9925798,0.094207466
1356327438294,0.3784269,-0.005498767,-0.92561483,0.9212534,0.09937817,0.3760534,0.08991802,-0.9950345,0.04267317
1356327438333,0.40408117,0.046099246,-0.91356075,0.9090097,0.09121449,0.406671,0.102077216,-0.9947637,-0.005046606
1356327438372,0.4398082,0.08808705,-0.8937614,0.89142656,0.07820131,0.4463666,0.1092124,-0.99303836,-0.04412955
1356327438413,0.48752993,0.1139341,-0.8656405,0.8666226,0.057455182,0.4956451,0.10620639,-0.9918255,-0.07072672
1356327438453,0.5483277,0.12005502,-0.8276011,0.83127147,0.029723927,0.5550713,0.09123865,-0.99232215,-0.08349988
1356327438493,0.61753035,0.10815656,-0.7790754,0.78356236,0.0016142875,0.62131107,0.06845656,-0.9941325,-0.08375056
1356327438533,0.6860491,0.08691898,-0.7223445,0.72601867,-0.017295405,0.6874574,0.047259837,-0.9960652,-0.07497029
1356327438586,0.7455836,0.06613013,-0.66312283,0.66535926,-0.01795888,0.7463072,0.037444472,-0.9976494,-0.057390153
1356327438624,0.7954357,0.054409593,-0.60359067,0.6049185,-0.010771416,0.7962145,0.036820173,-0.9984606,-0.04148134
1356327438664,0.82938325,0.051109076,-0.55633736,0.5570075,0.0013505146,0.8305063,0.04319775,-0.99869215,-0.027348042
1356327438704,0.85118186,0.05303365,-0.52218467,0.52219796,0.01470983,0.8526974,0.052902862,-0.9984844,-0.015173316
1356327438743,0.8628994,0.058115512,-0.5020231,0.50122404,0.028653234,0.864843,0.06464538,-0.9978986,-0.004404038
1356327438784,0.86531204,0.064879134,-0.49701697,0.4951133,0.04384694,0.8677213,0.0780897,-0.9969294,0.0058187544
1356327438823,0.8587009,0.07156378,-0.5074558,0.5039612,0.06184637,0.86150926,0.09303716,-0.99551684,0.01704216
1356327438863,0.8440168,0.07397355,-0.5311907,0.5253975,0.08479819,0.8466208,0.10767156,-0.9936484,0.032705583
1356327438903,0.82541764,0.0638209,-0.5609034,0.55232966,0.114088535,0.8257819,0.11669479,-0.99141854,0.058920503
1356327438942,0.8098176,0.03331253,-0.5857352,0.57567704,0.14734674,0.8042916,0.1130992,-0.98852384,0.10014671
1356327438984,0.8015769,-0.01640433,-0.59766656,0.5904917,0.17850643,0.78705454,0.09377617,-0.98380196,0.15277326
1356327439023,0.79307246,-0.067104995,-0.60541964,0.6051826,0.19973439,0.7706233,0.0692105,-0.97754955,0.1990146
1356327439063,0.7807435,-0.10471606,-0.6160147,0.6229649,0.20700097,0.75436425,0.048521608,-0.9727205,0.22684908
1356327439103,0.7617821,-0.12380573,-0.6358932,0.64680564,0.2006201,0.7357949,0.036477357,-0.97181463,0.23290703
1356327439142,0.7365005,-0.12528065,-0.66473436,0.67565346,0.18353328,0.71400845,0.03254947,-0.97499764,0.21981862
1356327439183,0.705025,-0.11144528,-0.70037115,0.70832086,0.15932463,0.6876753,0.03494826,-0.9809157,0.19126685
1356327439222,0.66891074,-0.08586231,-0.7383672,0.7421701,0.13291454,0.6568998,0.04173687,-0.98740137,0.15263237
1356327439263,0.62871027,-0.051242888,-0.7759495,0.7759081,0.10788825,0.6215519,0.051865727,-0.9928416,0.10759023
1356327439303,0.58822846,-0.011573374,-0.808612,0.8061527,0.087611854,0.58518547,0.06407142,-0.9960875,0.060865685
1356327439343,0.55154276,0.029013693,-0.8336419,0.83060783,0.072856516,0.5520711,0.076753855,-0.99692035,0.016084492
1356327439383,0.52798575,0.064833134,-0.8467749,0.8448659,0.061119854,0.5314752,0.08621198,-0.9960226,-0.022504896
1356327439423,0.5276338,0.090321004,-0.8446566,0.84493184,0.04686387,0.532817,0.08770844,-0.9948095,-0.051588118
1356327439463,0.5581955,0.10173011,-0.8234494,0.8259652,0.026048169,0.56311893,0.0787355,-0.99447095,-0.069485545
1356327439503,0.6189848,0.098561764,-0.779194,0.7829172,0.0014370978,0.6221243,0.062437445,-0.99512994,-0.07627617
1356327439543,0.6953653,0.08585489,-0.7135097,0.71710074,-0.017600685,0.6967473,0.04726091,-0.99615216,-0.073805526
1356327439603,0.76459503,0.07322326,-0.64033806,0.64318943,-0.023095727,0.7653587,0.041253,-0.99704814,-0.06475532
1356327439623,0.81319654,0.06736532,-0.5780772,0.58027184,-0.017603666,0.8142325,0.044674724,-0.9975731,-0.053405434
1356327439663,0.8385927,0.06864391,-0.5404168,0.5419674,-0.004828308,0.8403857,0.055078045,-0.9976295,-0.04125174
1356327439700,0.84194154,0.073843226,-0.5344919,0.5352108,0.011352006,0.8446423,0.06843868,-0.99720526,-0.02996397
1356327439743,0.8210937,0.0799993,-0.56515956,0.5646945,0.030504972,0.824736,0.083218485,-0.996328,-0.020127736
1356327439783,0.76810944,0.08384979,-0.6348047,0.6325626,0.054470688,0.7725914,0.09935984,-0.9949885,-0.011200771
1356327439823,0.6749693,0.08059892,-0.73343045,0.7285049,0.08487001,0.6797631,0.117034435,-0.99312687,-0.0014320463
1356327439863,0.5474121,0.06374529,-0.8344319,0.8259345,0.11946221,0.55096376,0.13480443,-0.99079025,0.012745619
1356327439903,0.41870514,0.027768075,-0.9076976,0.8960579,0.14975151,0.4179171,0.14753383,-0.9883336,0.037819922
1356327439942,0.32701015,-0.02825424,-0.9445983,0.9335686,0.16479886,0.31826246,0.14667651,-0.98592246,0.080268145
1356327439983,0.28046075,-0.09880251,-0.95476687,0.9515951,0.15891305,0.26308414,0.1257315,-0.9823363,0.1385889
1356327440024,0.24851137,-0.1685934,-0.953844,0.9643884,0.13510883,0.22737786,0.09053832,-0.976382,0.19616559
1356327440063,0.20172897,-0.22023496,-0.95435935,0.9778981,0.09996447,0.18363595,0.05495888,-0.97031105,0.23553321
1356327440103,0.12919676,-0.24445218,-0.9610157,0.99117976,0.06067568,0.11781794,0.029509395,-0.9677611,0.25013524
1356327440143,0.035722435,-0.24107128,-0.9698498,0.9992178,0.025090754,0.030567497,0.01696533,-0.970183,0.24177897
1356327440183,-0.06744665,-0.21562195,-0.9741447,0.9976052,4.1645765E-4,-0.06916314,0.015318781,-0.9764767,0.21507755
1356327440223,-0.16892773,-0.17604491,-0.96977925,0.9853984,-0.008908272,-0.17003131,0.021294087,-0.98434186,0.17497915
1356327440262,-0.2560178,-0.1321528,-0.9575962,0.966167,-0.0029643774,-0.25790012,0.031243563,-0.9912249,0.12844062
1356327440303,-0.32728463,-0.08873412,-0.94075024,0.94392896,0.015016496,-0.3298069,0.043391913,-0.9959421,0.07884407
1356327440343,-0.37810475,-0.04977569,-0.9244237,0.92409015,0.03970647,-0.3801063,0.055625647,-0.9979708,0.030983984
1356327440383,-0.40828037,-0.016755372,-0.91270286,0.9105344,0.06379664,-0.4084815,0.06507164,-0.9978223,-0.0107905865
1356327440423,-0.41795826,0.010506719,-0.9084055,0.9059247,0.07956445,-0.4158966,0.067907095,-0.9967744,-0.04277289
1356327440462,-0.40684986,0.032641023,-0.9129117,0.9113984,0.08217412,-0.40323728,0.061855614,-0.9960833,-0.06318146
1356327440503,-0.3704574,0.04896137,-0.9275582,0.92757607,0.071774065,-0.3666759,0.048621684,-0.9962185,-0.072004616
1356327440542,-0.29681194,0.05776021,-0.9531876,0.95428276,0.05485338,-0.29382902,0.035313934,-0.9968224,-0.0714007
1356327440587,-0.17553377,0.057995737,-0.98276365,0.9840575,0.03935194,-0.17344257,0.02861473,-0.99754095,-0.06397879
1356327440624,-0.015734524,0.052152008,-0.9985151,0.9994099,0.031312436,-0.014113218,0.030529857,-0.9981481,-0.052613914
1356327440664,0.14485493,0.044653624,-0.9884448,0.9886757,0.033052832,0.14638194,0.03920737,-0.9984555,-0.039360046
1356327440704,0.26410878,0.039066315,-0.96370137,0.96310925,0.042818844,0.2656822,0.05164373,-0.9983187,-0.026316255
1356327440744,0.32643723,0.03581527,-0.94454014,0.94289637,0.05767083,0.32805598,0.06622186,-0.99769306,-0.014944196
1356327440784,0.33896068,0.033355862,-0.9402091,0.9371804,0.07561615,0.34055138,0.08245438,-0.99657893,-0.0056295693
1356327440823,0.31870854,0.029696792,-0.94738746,0.9425014,0.09613061,0.3200782,0.10057822,-0.9949257,0.0026483536
1356327440863,0.2853474,0.02215752,-0.95816797,0.95093703,0.11817193,0.28592676,0.119564,-0.99274594,0.012649626
1356327440903,0.26257095,0.006663382,-0.9648897,0.95532966,0.13878736,0.26092783,0.1356532,-0.9902998,0.030075759
1356327440943,0.26991752,-0.022614926,-0.9626179,0.9524989,0.15270051,0.2634928,0.14103341,-0.98801374,0.062757194
1356327440982,0.3103855,-0.06822795,-0.9481591,0.9419295,0.15656266,0.2970802,0.12817708,-0.9853085,0.11286077
1356327441023,0.3694241,-0.12444502,-0.92089045,0.92417485,0.15274239,0.35010076,0.09709072,-0.9803995,0.17143571
1356327441063,0.42264554,-0.1761319,-0.8890153,0.90429884,0.14702758,0.40078235,0.06011924,-0.9733244,0.22141638
1356327441103,0.45834687,-0.21012452,-0.86357737,0.88824713,0.14173189,0.4369544,0.030581564,-0.9673468,0.2516049
1356327441143,0.478032,-0.22028527,-0.8502704,0.87822056,0.13599086,0.4585139,0.014625132,-0.96590936,0.25846708
1356327441183,0.4888259,-0.2064377,-0.8476041,0.87230575,0.12845585,0.47178566,0.011485338,-0.96999097,0.24286936
1356327441223,0.49859628,-0.17227414,-0.84954304,0.8666539,0.11906603,0.4844939,0.01768595,-0.97782665,0.20866793
1356327441264,0.5143444,-0.12402481,-0.8485681,0.85707116,0.10854578,0.5036336,0.029645413,-0.9863243,0.16212802
1356327441303,0.5392855,-0.06818515,-0.83935803,0.84094495,0.096305504,0.53248173,0.04452741,-0.99301356,0.109276146
1356327441343,0.57558775,-0.011410624,-0.81766045,0.8155676,0.08084777,0.5729862,0.05956787,-0.9966611,0.055841133
1356327441383,0.62308663,0.039889812,-0.78113496,0.7788531,0.05999647,0.6243302,0.071769744,-0.9974012,0.00631471
1356327441423,0.68344516,0.07837501,-0.7257824,0.72587824,0.032564938,0.68705195,0.07748279,-0.99639195,-0.034634367
1356327441463,0.75372076,0.09746125,-0.6499279,0.6530291,1.0415912E-4,0.75733286,0.07387829,-0.9952393,-0.063566536
1356327441503,0.8267018,0.09446946,-0.5546527,0.5593325,-0.03125169,0.82835406,0.060920298,-0.995037,-0.07867566
1356327441542,0.8906934,0.07428506,-0.44849408,0.45261487,-0.052708745,0.8901469,0.042485073,-0.9958431,-0.08056986
1356327441586,0.9370529,0.04828912,-0.34583235,0.34828842,-0.058230042,0.93557703,0.025040373,-0.99713457,-0.07138318
1356327441624,0.9655917,0.029931858,-0.25833458,0.2596104,-0.052375227,0.9642921,0.015332736,-0.9981788,-0.05834371
1356327441664,0.9808923,0.023253664,-0.19315684,0.19397071,-0.040231377,0.980182,0.015021853,-0.9989198,-0.043973178
1356327441704,0.98920655,0.02482798,-0.14440903,0.14506793,-0.027170926,0.98904854,0.020632345,-0.9993225,-0.030479401
1356327441743,0.99346256,0.030915815,-0.109892175,0.110409886,-0.015563935,0.9937642,0.02901268,-0.9994008,-0.018875599
1356327441783,0.99516994,0.039851353,-0.08971468,0.09001915,-0.005908966,0.99592257,0.03915874,-0.9991882,-0.00946781
1356327441823,0.9949734,0.051520493,-0.08586995,0.08582635,0.0030620992,0.9963054,0.05159309,-0.9986673,-0.001375109
1356327441863,0.99270004,0.06587973,-0.10102718,0.100296035,0.014321208,0.9948545,0.06698758,-0.9977247,0.007609188
1356327441903,0.9873577,0.08070692,-0.13642313,0.13421194,0.032241315,0.990428,0.08433285,-0.9962163,0.021001875
1356327441942,0.97821856,0.08924791,-0.18741204,0.18237343,0.061681867,0.9812927,0.099138245,-0.9940977,0.0440619
1356327441983,0.9677664,0.08038957,-0.23867491,0.22986594,0.10528639,0.96751046,0.10290697,-0.99118733,0.08341381
1356327442023,0.9608637,0.04798714,-0.2728337,0.26250854,0.15687412,0.9520923,0.08848874,-0.9864521,0.13813761
1356327442063,0.958817,8.184761E-4,-0.28402328,0.27790463,0.20376483,0.9387486,0.058642298,-0.9790195,0.19514573
1356327442103,0.95812356,-0.043751255,-0.28299302,0.28517896,0.2352652,0.9291519,0.025926843,-0.97094595,0.23789006
1356327442143,0.95660305,-0.07421258,-0.28178576,0.291392,0.24757484,0.9240115,0.0011897683,-0.9660223,0.25845578
1356327442183,0.9544532,-0.08794544,-0.2851048,0.29810652,0.24165577,0.9234365,-0.012314796,-0.96636856,0.25686622
1356327442223,0.9523019,-0.086763024,-0.29256323,0.3047416,0.22035685,0.9265935,-0.015925735,-0.9715529,0.23628655
1356327442263,0.9503087,-0.07355097,-0.30249572,0.31108597,0.18757161,0.9316879,-0.011786938,-0.9794933,0.20113161
1356327442303,0.94838524,-0.051351756,-0.31293535,0.31711578,0.14807251,0.93675613,-0.0017669648,-0.9876424,0.15671423
1356327442343,0.94624853,-0.022940144,-0.32262588,0.32319498,0.105915606,0.9403865,0.0125985,-0.9941104,0.10763663
1356327442401,0.9442558,0.008644193,-0.3290991,0.32789677,0.06459311,0.94250274,0.02940473,-0.99787426,0.05815801
1356327442423,0.9436758,0.03951803,-0.32850292,0.32766992,0.026160864,0.94443,0.04591593,-0.99887633,0.011738505
1356327442463,0.94805455,0.06338305,-0.3117293,0.3128765,-0.008805515,0.949753,0.05745329,-0.9979504,-0.028179172
1356327442501,0.9602896,0.073158965,-0.26924285,0.27262884,-0.04091403,0.96124905,0.05930817,-0.99648076,-0.05923456
1356327442543,0.97799444,0.06503433,-0.1982359,0.20256674,-0.06857148,0.9768648,0.04993642,-0.9955243,-0.080236316
1356327442587,0.9929456,0.043953214,-0.11012325,0.11358881,-0.08622348,0.98977935,0.034008775,-0.9953058,-0.09060782
1356327442624,0.9993346,0.02278178,-0.028485088,0.03043175,-0.090242386,0.9954548,0.02010767,-0.99565923,-0.090875626
1356327442664,0.9995127,0.01299706,0.028381228,-0.027198575,-0.083565176,0.99613106,0.015318457,-0.9964175,-0.08317095
1356327442704,0.9981462,0.015900243,0.05874856,-0.057463285,-0.071860135,0.99575806,0.020054469,-0.997288,-0.07081324
1356327442744,0.99730295,0.026186109,0.06856424,-0.06694792,-0.058284104,0.9960527,0.03007895,-0.9979566,-0.056373805
1356327442783,0.9973433,0.038728077,0.061695665,-0.05997328,-0.044163197,0.9972225,0.041345194,-0.9982733,-0.04172322
1356327442823,0.99800694,0.0513677,0.036653887,-0.035169236,-0.029514492,0.9989455,0.052395348,-0.9982436,-0.027649105
1356327442863,0.9979113,0.06353369,-0.011683287,0.012520593,-0.012796789,0.99983966,0.063374,-0.9978976,-0.01356554
1356327442903,0.9933298,0.073743165,-0.088644296,0.08823541,0.008790493,0.99606097,0.07423191,-0.99723864,0.002225101
1356327442942,0.9778688,0.07750988,-0.19433193,0.19190347,0.03770858,0.98068917,0.08334108,-0.9962783,0.02199963
1356327442983,0.94705355,0.06688196,-0.31403252,0.309129,0.07438061,0.948107,0.086769216,-0.9949846,0.04976726
1356327443023,0.90753275,0.033570647,-0.4186374,0.412528,0.11570346,0.90356696,0.078771114,-0.9927163,0.09115586
1356327443063,0.87972546,-0.023557752,-0.47489804,0.47231904,0.15830654,0.86709505,0.054752663,-0.987109,0.15039307
1356327443103,0.8709769,-0.091954544,-0.4826423,0.49096566,0.20039836,0.84781677,0.018760145,-0.97538966,0.21968886
1356327443143,0.8659548,-0.15204915,-0.47644866,0.49989018,0.23413062,0.8338421,-0.015233755,-0.9602416,0.2787544
1356327443183,0.8512096,-0.19256894,-0.4882207,0.5236018,0.24809813,0.8150389,-0.035824552,-0.9494022,0.31201297
1356327443223,0.82349974,-0.2120151,-0.5262108,0.56577957,0.23868841,0.78925365,-0.041733295,-0.94766945,0.31651366
1356327443263,0.783122,-0.21190415,-0.5846508,0.62075615,0.21017791,0.755306,-0.03717172,-0.95442235,0.29613572
1356327443303,0.73090726,-0.19412008,-0.65428734,0.6819651,0.17062162,0.7112045,-0.026423544,-0.9660257,0.2570917
1356327443343,0.66952467,-0.16141391,-0.7250395,0.74268746,0.12926973,0.6570424,-0.012330115,-0.9783838,0.20642936
1356327443382,0.60649544,-0.11831012,-0.78623533,0.79508114,0.0940305,0.5991697,0.0030423105,-0.9885146,0.1510952
1356327443423,0.551093,-0.06994215,-0.83150744,0.83424664,0.067842245,0.5472019,0.018138856,-0.9952414,0.0957364
1356327443463,0.52010643,-0.021870404,-0.8538214,0.853534,0.04974255,0.51865727,0.031128049,-0.9985226,0.044538543
1356327443503,0.5302283,0.020449936,-0.84760827,0.8469263,0.034001604,0.53062207,0.039671242,-0.99921256,7.0899725E-4
1356327443543,0.6007511,0.050933987,-0.79781187,0.79839647,0.012653068,0.60199904,0.04075697,-0.9986218,-0.033064157
1356327443586,0.7403741,0.0603559,-0.6694799,0.6714532,-0.019625634,0.740787,0.031571865,-0.99798393,-0.055056468
1356327443624,0.8970131,0.0434615,-0.43986183,0.44172367,-0.05272368,0.89560056,0.015733019,-0.9976629,-0.06649181
1356327443664,0.9841303,0.009420209,-0.1771968,0.17742729,-0.06713647,0.98184127,-0.0026472062,-0.9976993,-0.06774244
1356327443703,0.999784,-0.015851181,0.013440547,-0.014393469,-0.061619967,0.99799585,-0.014991206,-0.9979738,-0.061834812
1356327443743,0.9937351,-0.02204328,0.10956566,-0.11054657,-0.04973352,0.9926258,-0.01643164,-0.99851924,-0.051858753
1356327443783,0.9893159,-0.014252387,0.14508916,-0.1455389,-0.03845817,0.9886048,-0.008510113,-0.9991586,-0.040121555
1356327443823,0.98900443,-4.3593347E-4,0.14788523,-0.14783838,-0.028254569,0.9886079,0.0037474632,-0.99960065,-0.028008342
1356327443863,0.9918809,0.014948003,0.1262883,-0.1260112,-0.01822254,0.9918614,0.01712764,-0.9997222,-0.016190976
1356327443903,0.99668825,0.030323822,0.075452,-0.07526082,-0.007399142,0.9971364,0.030795272,-0.99951273,-0.005092442
1356327443943,0.9988114,0.045205817,-0.01822564,0.017961562,0.006241083,0.9998192,0.04531139,-0.9989582,0.005421698
1356327443983,0.9830859,0.057008464,-0.17404623,0.1727693,0.026648134,0.9846018,0.06076865,-0.99801797,0.016348094
1356327444023,0.9192231,0.057730436,-0.38948175,0.38639352,0.057891548,0.9205154,0.075689465,-0.99665225,0.030908585
1356327444063,0.7966651,0.034705043,-0.6034238,0.59835374,0.095816635,0.7954822,0.08542526,-0.99479383,0.055567883
1356327444103,0.6765098,-0.015660673,-0.7362671,0.7317691,0.12664278,0.66968316,0.08275518,-0.9918247,0.09713508
1356327444143,0.6121506,-0.08285385,-0.7863885,0.78819364,0.14370005,0.5984155,0.06342307,-0.9861468,0.15327094
1356327444182,0.5850162,-0.15046406,-0.796942,0.8103517,0.14837451,0.56684655,0.032955825,-0.97741777,0.20873034
1356327444223,0.5603459,-0.20394555,-0.8027569,0.8282528,0.14164037,0.54215795,0.0031320453,-0.96868163,0.24828607
1356327444263,0.52091324,-0.23537546,-0.8205167,0.8534506,0.12505963,0.50594664,-0.016473949,-0.96382487,0.26602662
1356327444303,0.46417248,-0.24272391,-0.8518386,0.88543296,0.10163689,0.45351774,-0.023501426,-0.9647564,0.26209283
1356327444343,0.39359233,-0.22737432,-0.89072216,0.91906404,0.07608053,0.38669503,-0.020157933,-0.9708309,0.2389163
1356327444382,0.316373,-0.19357505,-0.9286747,0.94858825,0.054853737,0.31172308,-0.009400606,-0.9795507,0.2009773
1356327444423,0.23767886,-0.14642164,-0.96024454,0.9713167,0.0432097,0.23383069,0.0072540343,-0.98827815,0.15249175
1356327444463,0.16886365,-0.09287673,-0.98125386,0.98524886,0.04393077,0.16539311,0.027746111,-0.99470806,0.098924965
1356327444502,0.11703506,-0.039132982,-0.99235654,0.99191964,0.053878576,0.114858896,0.04897204,-0.99778044,0.045122474
1356327444543,0.08790603,0.010311931,-0.9960754,0.99391365,0.0657399,0.088395864,0.066393375,-0.99778354,-0.0044701993
1356327444586,0.09106216,0.051711142,-0.9945017,0.99307686,0.069696635,0.094555706,0.074203014,-0.996227,-0.045006394
1356327444624,0.1346668,0.08238912,-0.9874598,0.9883894,0.059596658,0.13976601,0.070364475,-0.99481666,-0.073406816
1356327444664,0.2220675,0.098398864,-0.97005343,0.97347564,0.033802837,0.22627982,0.055056214,-0.99457276,-0.08828238
1356327444704,0.35388547,0.09777591,-0.930164,0.93459225,0.0014067292,0.3557181,0.036089182,-0.9952074,-0.09088281
1356327444743,0.50047815,0.08344746,-0.8617182,0.86547154,-0.023018256,0.50042903,0.021924347,-0.99624634,-0.083741546
1356327444783,0.6187434,0.066069454,-0.78281,0.7854227,-0.031266347,0.61816967,0.016366541,-0.99732506,-0.07123828
1356327444822,0.6916425,0.052714497,-0.7203137,0.7220377,-0.0268621,0.69133204,0.017094076,-0.9982483,-0.05664082
1356327444863,0.724535,0.043603003,-0.68785745,0.6889273,-0.015850134,0.7246572,0.020694613,-0.9989232,-0.041523293
1356327444903,0.7220709,0.036853492,-0.6908368,0.6913453,-0.0014882088,0.72252303,0.02559942,-0.9993196,-0.02655308
1356327444943,0.6865285,0.030107826,-0.7264793,0.72639084,0.015808359,0.68710005,0.032171518,-0.9994216,-0.011017159
1356327444984,0.6159717,0.020367086,-0.7875049,0.78671813,0.035695285,0.6162795,0.04066205,-0.99915516,0.0059641153
1356327445022,0.5171998,0.003855139,-0.85585594,0.8543961,0.05622883,0.5165709,0.050115168,-0.99841046,0.025787741
1356327445063,0.41048315,-0.023944885,-0.91155374,0.9100784,0.07335994,0.40789172,0.057104647,-0.997018,0.051904738
1356327445103,0.31784865,-0.06682387,-0.9457837,0.9465561,0.080025226,0.31245407,0.054807127,-0.99455035,0.08868843
1356327445143,0.25233102,-0.123894185,-0.9596767,0.96695304,0.06967479,0.24524921,0.036480308,-0.9898463,0.13738102
1356327445201,0.2020908,-0.1844874,-0.96183354,0.97935706,0.04246211,0.19762814,0.004381597,-0.98191726,0.18926018
1356327445223,0.14762986,-0.23160648,-0.9615425,0.9886192,0.0061082244,0.15031582,-0.028940737,-0.9727904,0.22987232
1356327445263,0.07971102,-0.2530054,-0.9641755,0.9955199,-0.029141665,0.08994928,-0.05085534,-0.9670259,0.24954897
