1356327210844,0.20760286,0.2564354,0.9440031,-0.9714557,-0.059188068,0.22971836,0.11478171,-0.9647474,0.23682806
1356327210901,0.13347042,-0.22126037,-0.9660381,0.98438364,0.1424911,0.10336909,0.114780426,-0.96474874,0.23682341
1356327210923,0.13342604,-0.22118479,-0.9660615,0.9843909,0.14246222,0.10334009,0.114770025,-0.9647704,0.23674044
1356327210964,0.13326973,-0.22077873,-0.9661759,0.984416,0.14234799,0.10325804,0.11473605,-0.9648802,0.23630878
1356327211000,0.13300213,-0.21961376,-0.9664782,0.9844593,0.14209929,0.10318723,0.11467448,-0.96518266,0.23510036
1356327211043,0.13251832,-0.21720558,-0.96708876,0.9845347,0.14164242,0.103096426,0.114587724,-0.9657946,0.2326166
1356327211083,0.13167691,-0.21334037,-0.96806353,0.9846642,0.14089328,0.1028851,0.11444408,-0.96676517,0.22862107
1356327211122,0.13015446,-0.20816198,-0.969396,0.98490345,0.13968548,0.1022414,0.114127785,-0.9680685,0.22320008
1356327211162,0.12798992,-0.20234752,-0.970914,0.98526406,0.13793698,0.10113427,0.11346066,-0.96955085,0.21702027
1356327211203,0.12556288,-0.196931,-0.9723437,0.98570967,0.13570353,0.09980461,0.112295896,-0.9709803,0.21115616
1356327211243,0.12342575,-0.19294128,-0.97341657,0.986174,0.13314912,0.098651856,0.11057559,-0.97213423,0.20670766
1356327211283,0.1220507,-0.1911157,-0.9739499,0.9865997,0.13041586,0.09804475,0.10828057,-0.9728651,0.20447206
1356327211323,0.12145662,-0.19161656,-0.97392577,0.98698866,0.12746847,0.098006696,0.1053651,-0.97315717,0.20460522
1356327211363,0.12103179,-0.1938847,-0.9735297,0.98741305,0.12411103,0.09804031,0.10181725,-0.9731419,0.20646566
1356327211403,0.11981687,-0.19689569,-0.9730755,0.98797154,0.12015578,0.09733826,0.097755164,-0.9730337,0.20892406
1356327211443,0.117121905,-0.1997371,-0.9728246,0.98873186,0.11541018,0.095341414,0.093230695,-0.97302914,0.2110034
1356327211483,0.112895906,-0.20199883,-0.9728571,0.9897084,0.10950917,0.092113525,0.087929964,-0.9732442,0.2122831
1356327211523,0.10766047,-0.2037744,-0.9730803,0.99085504,0.10206717,0.08825302,0.0813359,-0.9736829,0.21289948
1356327211563,0.10223669,-0.20551944,-0.97329825,0.99206793,0.09300083,0.0845705,0.07313663,-0.9742241,0.2133973
1356327211603,0.09756309,-0.20803201,-0.97324413,0.9932054,0.08268696,0.08188969,0.06343895,-0.97462076,0.21468565
1356327211643,0.09465104,-0.21242386,-0.9725828,0.9941247,0.07169944,0.08108744,0.05250874,-0.9745436,0.21796224
1356327211682,0.09436095,-0.21990469,-0.9709469,0.9947128,0.060528517,0.08296183,0.04052627,-0.97364175,0.2244536
1356327211722,0.0970428,-0.23133472,-0.9680222,0.99489796,0.049502254,0.087907165,0.027583271,-0.971614,0.23495826
1356327211788,0.10256958,-0.24713612,-0.96353686,0.99463046,0.038894057,0.095903724,0.013774604,-0.96819985,0.24979845
1356327211804,0.11033529,-0.2671407,-0.9573202,0.9938943,0.029205978,0.10640067,-4.644692E-4,-0.9632148,0.26873207
1356327211844,0.12006611,-0.2910532,-0.9491429,0.992658,0.021099031,0.11910075,-0.014638603,-0.95647424,0.29144952
1356327211874,0.12914568,-0.314975,-0.9402724,0.9912474,0.014820039,0.13118264,-0.02738434,-0.94898427,0.3141321
1356327211904,0.1390931,-0.33887795,-0.93049175,0.9895252,0.0108971,0.14394894,-0.038641453,-0.9407673,0.33684394
1356327211944,0.15164894,-0.36418214,-0.91889817,0.987272,0.010736585,0.15867773,-0.047921836,-0.93126583,0.36117512
1356327211974,0.16439945,-0.3855473,-0.907924,0.98490787,0.013657212,0.1725395,-0.054122508,-0.9225869,0.38197392
1356327212015,0.17488432,-0.4002687,-0.8995557,0.98305726,0.020041823,0.1822002,-0.05490026,-0.9161787,0.39699197
1356327212054,0.18431252,-0.4059594,-0.8951122,0.9815563,0.028995752,0.18896177,-0.050756335,-0.91343105,0.40381625
1356327212084,0.19429535,-0.40520766,-0.8933399,0.9799199,0.03859079,0.19562161,-0.044792652,-0.9134098,0.40456897
1356327212114,0.20100546,-0.39764827,-0.89525,0.9788844,0.04685211,0.19897282,-0.037176847,-0.91634095,0.39866924
1356327212144,0.20442975,-0.38322952,-0.90074617,0.9784782,0.053595185,0.199269,-0.02809012,-0.9220969,0.38593817
1356327212184,0.1996057,-0.35567665,-0.9130453,0.97975564,0.057821512,0.19166529,-0.0153772235,-0.9328188,0.36001778
1356327212214,0.19644183,-0.3242038,-0.92536616,0.9805127,0.062692285,0.18618423,-0.0023483336,-0.94390756,0.33020133
1356327212254,0.18580723,-0.28306004,-0.9409318,0.982504,0.065906525,0.17418998,0.012707323,-0.9568351,0.29035354
1356327212284,0.17800736,-0.24136129,-0.9539696,0.98366654,0.06996131,0.16584793,0.026711673,-0.9679102,0.24987265
1356327212324,0.16514075,-0.19479007,-0.966843,0.9854577,0.07236695,0.15374044,0.040020347,-0.9781717,0.20390809
1356327212354,0.15649194,-0.15065393,-0.97612166,0.9863641,0.07482058,0.14658627,0.05095014,-0.98575103,0.16030851
1356327212384,0.14831471,-0.10957813,-0.9828507,0.9871565,0.07606906,0.14048356,0.059370637,-0.9910632,0.119452864
1356327212424,0.13896284,-0.0688732,-0.9878998,0.98813653,0.0755128,0.13373163,0.06538859,-0.9947635,0.078549564
1356327212464,0.13439691,-0.031145722,-0.9904379,0.98844457,0.074926436,0.1317702,0.07010585,-0.9967025,0.040855706
1356327212494,0.13613936,6.325245E-4,-0.99068946,0.9879037,0.074855834,0.13580436,0.0742448,-0.9971941,0.00956592
1356327212524,0.14079106,0.026388347,-0.9896876,0.98695296,0.075131,0.14240533,0.07811409,-0.99682444,-0.015466243
1356327212554,0.14909253,0.046539962,-0.9877274,0.98546237,0.07529327,0.1522983,0.08145717,-0.9960747,-0.03463769
1356327212584,0.1614235,0.06149453,-0.9849674,0.9833376,0.07452768,0.1658094,0.08360368,-0.99532104,-0.048439354
1356327212614,0.17799142,0.071508765,-0.9814304,0.98046315,0.07197818,0.18306053,0.08373204,-0.99483955,-0.05730024
1356327212654,0.20061517,0.075017184,-0.97679377,0.9764285,0.06573248,0.20558834,0.07962969,-0.99501336,-0.06006193
1356327212684,0.23033711,0.075198114,-0.970201,0.9703142,0.057785302,0.2348428,0.07372317,-0.99549294,-0.059655726
1356327212714,0.26170495,0.072102994,-0.96245086,0.96284664,0.049316555,0.26550713,0.06660858,-0.9961772,-0.05651775
1356327212744,0.29407412,0.06659225,-0.95346,0.9539224,0.041760325,0.29713348,0.0596036,-0.99690604,-0.051243216
1356327212789,0.3259257,0.059887588,-0.9434967,0.9438326,0.036748588,0.32837433,0.05433774,-0.9975285,-0.044546574
1356327212814,0.35591304,0.05267456,-0.93303335,0.9329864,0.03712958,0.3579913,0.053500205,-0.9979212,-0.03592974
1356327212855,0.38184655,0.047225088,-0.92301846,0.9224088,0.04311925,0.38380042,0.057924867,-0.9979532,-0.027095884
1356327212894,0.399554,0.04388684,-0.91565853,0.9142805,0.053590238,0.4015213,0.066691875,-0.9975982,-0.0187127
1356327212924,0.40673298,0.041635692,-0.9125978,0.91032636,0.06533688,0.40870148,0.07664281,-0.9969942,-0.011327386
1356327212964,0.40589026,0.04005587,-0.9130436,0.9094818,0.08065382,0.40784517,0.089977056,-0.995937,-0.0036934912
1356327212994,0.39174354,0.037254244,-0.91931987,0.91424775,0.096509814,0.39349312,0.10338268,-0.99463457,0.0037474632
1356327213024,0.37236094,0.03281492,-0.9275077,0.9207295,0.112535834,0.37362123,0.11663824,-0.99310565,0.011690259
1356327213055,0.34840184,0.025729,-0.93699205,0.9283639,0.12857574,0.34872422,0.12944674,-0.9913658,0.020910174
1356327213084,0.32101747,0.015047967,-0.9469537,0.9364581,0.14423981,0.31975156,0.14140004,-0.98942834,0.03221172
1356327213125,0.29439157,-0.0031098723,-0.9556799,0.943534,0.15990102,0.29012984,0.15191197,-0.9871282,0.05000776
1356327213164,0.26315233,-0.03181207,-0.9642297,0.9517755,0.17194954,0.25408038,0.15771604,-0.98459196,0.07552686
1356327213194,0.22970843,-0.067270875,-0.9709319,0.96035755,0.17756546,0.21490413,0.15794721,-0.98180705,0.10539237
1356327213224,0.20351723,-0.108843446,-0.9730025,0.9674624,0.17494181,0.18278882,0.15032345,-0.978544,0.14090562
1356327213254,0.18359014,-0.15524977,-0.9706658,0.9737832,0.16364715,0.15800577,0.13431641,-0.9742264,0.1812236
1356327213294,0.17079368,-0.20730183,-0.96325254,0.97954476,0.14129558,0.14327422,0.10640231,-0.96801937,0.22719386
1356327213324,0.15236127,-0.25022724,-0.9561237,0.9851117,0.116396606,0.12651849,0.07963124,-0.9611651,0.264236
1356327213354,0.1303367,-0.2784868,-0.9515553,0.98976225,0.09284997,0.10839605,0.058165014,-0.95594144,0.2877374
1356327213384,0.10506755,-0.29087278,-0.95097524,0.9934825,0.07320124,0.08737403,0.044197798,-0.9539574,0.29666805
1356327213424,0.07334381,-0.28110495,-0.9568702,0.9964917,0.059437513,0.05891946,0.040311426,-0.9578346,0.28447813
1356327213483,0.040224135,-0.25364834,-0.9664598,0.99825627,0.052022517,0.02789414,0.04320234,-0.96589655,0.25529864
1356327213503,0.009412289,-0.21352425,-0.9768925,0.9987637,0.049695313,-0.0012391508,0.048811585,-0.97567296,0.21372801
1356327213543,-0.015834808,-0.16622928,-0.98596,0.9983766,0.051329732,-0.024688214,0.05471301,-0.9847503,0.16514659
1356327213581,-0.03335005,-0.11662614,-0.9926158,0.99761546,0.056160867,-0.04011658,0.060424834,-0.9915868,0.11447504
1356327213623,-0.042140484,-0.0681116,-0.99678737,0.99692816,0.063056946,-0.046455175,0.06601852,-0.9956831,0.06524515
1356327213663,-0.041858554,-0.02296558,-0.9988596,0.99657285,0.07043213,-0.04338205,0.07134813,-0.9972522,0.019938648
1356327213703,-0.033309996,0.017712891,-0.9992881,0.99652547,0.07695645,-0.031853914,0.07633737,-0.9968771,-0.020214677
1356327213743,-0.016203046,0.052307934,-0.9984995,0.99662936,0.081165254,-0.01192072,0.0804199,-0.9953271,-0.05344671
1356327213788,0.009077758,0.0788061,-0.9968486,0.996602,0.08090159,0.01547122,0.08186588,-0.9936018,-0.07780397
1356327213824,0.042856425,0.09522715,-0.9945327,0.9959955,0.07410529,0.05001515,0.07846299,-0.9926935,-0.09166998
1356327213864,0.08485904,0.100313574,-0.99133044,0.99397004,0.060819715,0.09123939,0.069444954,-0.9930952,-0.09454757
1356327213894,0.13104838,0.098564,-0.9864641,0.98961735,0.046235204,0.13608691,0.059022605,-0.994056,-0.091481626
1356327213924,0.17689252,0.09104428,-0.9800102,0.98302186,0.032981515,0.18050012,0.048755705,-0.99530053,-0.08366433
1356327213954,0.22080955,0.08029744,-0.97200596,0.9744688,0.023388714,0.2233012,0.040664464,-0.99649656,-0.073082924
1356327213984,0.2608994,0.06856981,-0.96292764,0.96469605,0.018636435,0.26270562,0.035959184,-0.9974722,-0.061286777
1356327214025,0.2967104,0.055737346,-0.9533396,0.9542841,0.020457238,0.2982004,0.036123604,-0.99823594,-0.04711935
1356327214064,0.32499972,0.043955952,-0.944692,0.94486845,0.027141303,0.3263233,0.039983988,-0.99866474,-0.032711655
1356327214104,0.34266543,0.0342533,-0.9388329,0.9382999,0.037116468,0.3438252,0.04662332,-0.99872375,-0.019421369
1356327214144,0.3481744,0.02642262,-0.9370574,0.93574286,0.050145388,0.34909987,0.05621323,-0.99839234,-0.007265419
1356327214184,0.3407968,0.01925698,-0.93993974,0.9376137,0.06623992,0.34131053,0.068834186,-0.99761796,0.0045187175
1356327214224,0.32238173,0.010629594,-0.9465501,0.9428555,0.08536255,0.32208198,0.08422357,-0.99629325,0.017497152
1356327214264,0.29707706,-0.0031596124,-0.9548483,0.94949794,0.106741846,0.2950592,0.10099003,-0.99428177,0.034710586
1356327214304,0.27085862,-0.027647406,-0.962222,0.9557531,0.12689838,0.2653914,0.114766955,-0.99153024,0.060795665
1356327214344,0.25153247,-0.06823614,-0.96544045,0.96054375,0.139927,0.24036685,0.11868948,-0.98780787,0.100740016
1356327214384,0.24201998,-0.12371728,-0.96235144,0.9642925,0.14060572,0.2244322,0.10754594,-0.9823054,0.15332907
1356327214424,0.23812628,-0.18165514,-0.954095,0.9675964,0.12931448,0.21687514,0.08398178,-0.9748226,0.2065621
1356327214464,0.23440996,-0.22592425,-0.9455211,0.97042084,0.112161726,0.21378294,0.05775252,-0.96766627,0.24553344
1356327214504,0.23018149,-0.24775237,-0.9410819,0.97241205,0.096152335,0.21253121,0.03783211,-0.96404016,0.26304987
1356327214544,0.22842148,-0.24641567,-0.9418614,0.97316426,0.08545396,0.21365607,0.027837574,-0.9653895,0.25932246
1356327214584,0.23128024,-0.22368658,-0.94682294,0.97250235,0.080522686,0.21852943,0.027358592,-0.9713291,0.23615909
1356327214624,0.2426239,-0.18473575,-0.95236886,0.9695368,0.08022204,0.23143649,0.033646435,-0.97950864,0.19857186
1356327214664,0.2635071,-0.13535473,-0.95511425,0.9636531,0.08210477,0.25422737,0.044008613,-0.98738945,0.15207016
1356327214704,0.29466873,-0.0813894,-0.9521272,0.95395565,0.08347082,0.28809947,0.056026667,-0.99318105,0.10223809
1356327214734,0.3379311,-0.03098762,-0.9406606,0.9387861,0.082202315,0.33454975,0.06695759,-0.9961338,0.056869447
1356327214784,0.38112783,0.013946474,-0.92441714,0.9213616,0.0768795,0.38102797,0.076382756,-0.9969429,0.01645115
1356327214804,0.42539752,0.05333212,-0.9034338,0.901183,0.066703305,0.42827535,0.08310288,-0.9963465,-0.01968658
1356327214844,0.4858129,0.08304101,-0.8701092,0.8700191,0.049703702,0.4905062,0.083979756,-0.9953059,-0.04810056
1356327214884,0.5616457,0.098462015,-0.8214983,0.823802,0.025662765,0.5662966,0.07684064,-0.99480987,-0.06669983
1356327214924,0.647629,0.09807122,-0.7556181,0.75934577,-0.0010591298,0.6506865,0.063013375,-0.9951788,-0.075155914
1356327214964,0.73278034,0.08598572,-0.6750107,0.6787534,-0.02204296,0.7340354,0.048237354,-0.9960525,-0.074515745
1356327215003,0.80370015,0.071584255,-0.5907129,0.5937245,-0.030636765,0.80408496,0.0394623,-0.9969639,-0.0671241
1356327215043,0.8536682,0.06323534,-0.5169641,0.5192713,-0.026918415,0.85418546,0.040098876,-0.9976356,-0.055815697
1356327215083,0.88438255,0.063044,-0.4624856,0.46421903,-0.015496254,0.8855849,0.048663974,-0.9978904,-0.04297083
1356327215123,0.9002926,0.06852695,-0.42985734,0.43090585,-5.761385E-4,0.90239674,0.06159085,-0.99764913,-0.030047357
1356327215163,0.9047058,0.076489285,-0.4191143,0.41916567,0.016159473,0.9077659,0.07620703,-0.9969395,-0.017442107
1356327215203,0.89903,0.08446601,-0.42966324,0.42827132,0.03488955,0.9029765,0.09126161,-0.9958154,-0.0048076212
1356327215243,0.8833437,0.09041275,-0.45992333,0.4565217,0.05649692,0.88791674,0.10626328,-0.99430066,0.008630805
1356327215283,0.857618,0.091565,-0.5060704,0.49998564,0.0819999,0.86214286,0.12043981,-0.99241716,0.024543405
1356327215323,0.8244057,0.08290893,-0.55989397,0.5505756,0.11188686,0.82725316,0.13123141,-0.99025625,0.04659254
1356327215363,0.7916442,0.05711907,-0.6083065,0.59632236,0.14455795,0.78962183,0.13303803,-0.9878464,0.08037709
1356327215403,0.7689421,0.009968102,-0.63924074,0.62801796,0.17538738,0.7581773,0.11967233,-0.984449,0.12860261
1356327215444,0.75721055,-0.051062763,-0.6511718,0.6467143,0.19843894,0.7364662,0.0916118,-0.9787821,0.1832831
1356327215483,0.74790215,-0.10835883,-0.6549051,0.6611762,0.20938382,0.72041965,0.05906269,-0.97181106,0.2282429
1356327215523,0.73387235,-0.1475138,-0.663077,0.67846704,0.2071337,0.7048248,0.03337416,-0.9671273,0.25209296
1356327215563,0.7129995,-0.16341537,-0.68185556,0.7008787,0.19387032,0.68642795,0.020018667,-0.9673209,0.2527638
1356327215603,0.68583393,-0.1570861,-0.7106024,0.7275243,0.17274038,0.6639799,0.018447787,-0.9723605,0.23275512
1356327215643,0.65422434,-0.13253081,-0.7445979,0.7558718,0.14772494,0.63783634,0.025462717,-0.9801086,0.19682157
1356327215683,0.6210948,-0.09502727,-0.777953,0.7828355,0.12277466,0.6099958,0.037546664,-0.98787457,0.15064543
1356327215723,0.58994573,-0.049917787,-0.8058984,0.8057809,0.10040383,0.5836406,0.051781267,-0.9936938,0.09945558
1356327215788,0.564475,-0.002162397,-0.8254473,0.8228012,0.081523195,0.56245184,0.066076845,-0.99666905,0.04779704
1356327215804,0.5480898,0.043800652,-0.83527184,0.83267665,0.06579371,0.54983705,0.07903886,-0.9968714,-4.1091442E-4
1356327215844,0.5451815,0.08313277,-0.83418584,0.8336115,0.0515341,0.5499419,0.08870718,-0.99520504,-0.04120499
1356327215884,0.5609531,0.11043939,-0.8204479,0.82272124,0.035750017,0.5673197,0.091985464,-0.9932397,-0.07080677
1356327215924,0.5975317,0.12145266,-0.79259396,0.7971872,0.016411006,0.6035092,0.08630508,-0.99246156,-0.08701441
1356327215964,0.65180063,0.11535001,-0.7495667,0.7549398,-0.0045120567,0.6557785,0.07226196,-0.9933146,-0.09002328
1356327216004,0.7140847,0.09588191,-0.69346213,0.6979879,-0.021366961,0.71579075,0.053814203,-0.9951633,-0.08218223
1356327216044,0.7713301,0.07206303,-0.6323422,0.6353406,-0.028937101,0.77168965,0.03731212,-0.9969802,-0.06810461
1356327216084,0.8145124,0.052833974,-0.5777354,0.5794884,-0.02668482,0.81454355,0.027618796,-0.9982467,-0.05235178
1356327216123,0.84202254,0.041661233,-0.53783107,0.53884697,-0.018132247,0.84220845,0.025335342,-0.99896723,-0.037716776
1356327216163,0.85566777,0.037192404,-0.51618737,0.5167485,-0.006764531,0.8561106,0.028349042,-0.9992852,-0.0250073
1356327216203,0.8564119,0.037244692,-0.5149481,0.51511836,0.0056093372,0.8571007,0.03481099,-0.99929047,-0.014381528
1356327216242,0.8431175,0.04030043,-0.5362171,0.53591406,0.018894702,0.8440611,0.0441477,-0.99900895,-0.005667113
1356327216301,0.8128614,0.045229703,-0.5806984,0.5796696,0.03460387,0.8141165,0.056916624,-0.9983771,0.0019098818
1356327216323,0.7613421,0.049280763,-0.6464747,0.64423084,0.05472213,0.762871,0.072971374,-0.99728477,0.0099140555
1356327216363,0.6900094,0.04713413,-0.72226405,0.71808505,0.080575585,0.69127536,0.09077954,-0.9956335,0.021751583
1356327216400,0.6093175,0.030175358,-0.79235196,0.7859031,0.10972361,0.6085369,0.10530254,-0.993504,0.043141603
1356327216443,0.53957975,-0.009102285,-0.8418852,0.8348816,0.13494267,0.533632,0.10874894,-0.9908115,0.0804117
1356327216483,0.4907263,-0.06829482,-0.86863315,0.86597943,0.14837317,0.4775615,0.096266896,-0.9865705,0.13195252
1356327216523,0.45619687,-0.13302177,-0.8798804,0.8869806,0.14770767,0.43754753,0.07176173,-0.9800447,0.18537155
1356327216562,0.42362782,-0.1864253,-0.88644516,0.9046736,0.13663813,0.40360314,0.045880288,-0.9729211,0.22653782
1356327216603,0.3880158,-0.21948475,-0.89513695,0.92126566,0.120506585,0.36979395,0.026705712,-0.96814483,0.24896227
1356327216643,0.350643,-0.23078498,-0.9076276,0.93636477,0.10341558,0.33544922,0.016446233,-0.9674934,0.25236082
1356327216684,0.3136496,-0.22218737,-0.9231775,0.949443,0.08719289,0.30158803,0.013485432,-0.97109735,0.23830229
1356327216723,0.27941528,-0.19711521,-0.93971944,0.9600415,0.07338598,0.2700644,0.015728444,-0.97762984,0.20974398
1356327216786,0.25030854,-0.16001984,-0.95485044,0.96791923,0.06363514,0.24307013,0.021866053,-0.9850606,0.17081463
1356327216804,0.22768536,-0.11523795,-0.96689165,0.9732394,0.05859986,0.22219598,0.031054288,-0.9916079,0.12549642
1356327216845,0.21269837,-0.066642165,-0.97484267,0.9761996,0.05773613,0.20904753,0.04235229,-0.9961051,0.0773364
1356327216884,0.20786935,-0.018398553,-0.9779836,0.97665596,0.05926591,0.20647228,0.054162353,-0.99807274,0.030288577
1356327216925,0.2155573,0.025529414,-0.9761574,0.9743818,0.060046524,0.2167356,0.06414798,-0.997869,-0.011931896
1356327216964,0.23975009,0.061445326,-0.9688883,0.9683435,0.056313217,0.2431866,0.0695039,-0.99652064,-0.04599908
1356327217004,0.28350604,0.086612076,-0.9550511,0.9565432,0.045271754,0.2880546,0.068185866,-0.9952129,-0.070013404
1356327217044,0.34848297,0.099730104,-0.9319943,0.93533146,0.027653992,0.35268986,0.06094715,-0.9946301,-0.083643764
1356327217084,0.43072945,0.10076031,-0.89683855,0.90104175,0.008088425,0.43365684,0.050949365,-0.9948778,-0.08730528
1356327217124,0.519649,0.09364766,-0.84923196,0.85327846,-0.006431848,0.5214159,0.043367267,-0.99558467,-0.08324984
1356327217164,0.6006138,0.08422908,-0.7950903,0.7984643,-0.011638746,0.6019296,0.04144612,-0.9963785,-0.07424432
1356327217204,0.66493523,0.07654989,-0.74296784,0.7455541,-0.008313447,0.6663932,0.044835687,-0.99703103,-0.06259999
1356327217244,0.71029925,0.071597576,-0.70024914,0.70201373,7.2321296E-4,0.7121631,0.05149561,-0.9974333,-0.04974881
1356327217283,0.7369383,0.06900731,-0.67242837,0.67327523,0.013640165,0.73926616,0.060186803,-0.99752295,-0.036408946
1356327217323,0.7454768,0.06789169,-0.66306496,0.6627692,0.030046165,0.7482207,0.07072052,-0.9972402,-0.02259779
1356327217363,0.73661196,0.06657395,-0.673031,0.67121816,0.0499881,0.7395725,0.08287981,-0.9965286,-0.00786382
1356327217403,0.71201015,0.062170982,-0.6994114,0.69562685,0.07320034,0.7146643,0.09562853,-0.9953776,0.00887157
1356327217443,0.6767125,0.05013022,-0.7345388,0.72849596,0.0987995,0.67788815,0.10655472,-0.9938439,0.030339196
1356327217483,0.64205706,0.024244487,-0.7662734,0.7585372,0.124993026,0.6395296,0.1112839,-0.99186134,0.061862305
1356327217523,0.622262,-0.020177603,-0.782549,0.77579993,0.14937095,0.61304396,0.10452035,-0.9885754,0.108601645
1356327217563,0.6222987,-0.07978213,-0.77870345,0.7782091,0.17040122,0.6044451,0.08446807,-0.9821396,0.16812766
1356327217603,0.6305349,-0.14034653,-0.7633666,0.77403295,0.18648016,0.6050604,0.05743459,-0.9723826,0.22621511
1356327217643,0.63262373,-0.18648785,-0.7516711,0.77372396,0.19447422,0.6029353,0.03374055,-0.9630171,0.26731914
1356327217683,0.6229739,-0.21110466,-0.75321865,0.78199005,0.19253403,0.5928087,0.019875556,-0.95831394,0.28502542
1356327217723,0.6031097,-0.21451691,-0.76827157,0.79749703,0.18152918,0.5753657,0.01603803,-0.9597029,0.2805586
1356327217786,0.5767697,-0.20010918,-0.7920183,0.81669015,0.16357255,0.5534086,0.018810302,-0.96602297,0.2577709
1356327217804,0.5477639,-0.17198244,-0.8187654,0.8362709,0.14134252,0.5297861,0.024612486,-0.9749074,0.22124618
1356327217844,0.5199603,-0.13426161,-0.84357285,0.8536093,0.11809412,0.5073509,0.03150329,-0.983884,0.17601119
1356327217884,0.49808982,-0.091427,-0.8622921,0.86625266,0.097070545,0.49008536,0.038896143,-0.9910693,0.12754872
1356327217925,0.484196,-0.047231287,-0.8736838,0.8737111,0.07942355,0.47991747,0.046723932,-0.9957214,0.07972306
1356327217964,0.48002538,-0.0048639476,-0.8772411,0.8755599,0.064783126,0.4787462,0.05450183,-0.9978875,0.035356224
1356327218004,0.48848176,0.03229034,-0.87197644,0.870463,0.051438436,0.48953876,0.06066048,-0.9981539,-0.0029807985
1356327218043,0.5127858,0.060938656,-0.8563511,0.85621935,0.036620036,0.51531285,0.06276208,-0.9974695,-0.0333986
1356327218083,0.55697155,0.07845271,-0.82681787,0.8284321,0.018261686,0.5597917,0.059016228,-0.9967506,-0.05482146
1356327218123,0.61995655,0.08349615,-0.78018093,0.7830593,-0.002833128,0.6219406,0.049719304,-0.99650407,-0.067138866
1356327218163,0.6935634,0.07757881,-0.7162062,0.71938384,-0.021911755,0.69426703,0.03816706,-0.99674535,-0.07100612
1356327218203,0.76209986,0.06662515,-0.64402246,0.6467804,-0.032789074,0.7619712,0.029649556,-0.9972392,-0.068080395
1356327218243,0.8124947,0.058009744,-0.5800752,0.58229995,-0.033113778,0.8122993,0.027912796,-0.9977667,-0.060683846
1356327218283,0.84215254,0.05466178,-0.5364617,0.5382546,-0.025114916,0.84240794,0.032574326,-0.998189,-0.05057255
1356327218323,0.8537868,0.055046096,-0.51770455,0.5190197,-0.012019366,0.85467774,0.04082419,-0.9984115,-0.03883198
1356327218363,0.84844434,0.056864068,-0.52622116,0.52685696,0.0043786727,0.8499426,0.050635353,-0.99837226,-0.026244164
1356327218403,0.82355994,0.05827439,-0.5642279,0.563882,0.023793876,0.8255125,0.061531365,-0.99801695,-0.013264187
1356327218443,0.7738557,0.057011873,-0.63079077,0.6290643,0.04663816,0.77595294,0.07365745,-0.9972836,2.270788E-4
1356327218483,0.6950105,0.049571663,-0.71728873,0.71374965,0.07276899,0.6966104,0.08672848,-0.9961161,0.015193462
1356327218523,0.5918911,0.03133446,-0.8054086,0.7999144,0.09990232,0.5917401,0.099004,-0.9945037,0.034066424
1356327218562,0.48459113,-0.0020107627,-0.8747385,0.8682517,0.12268512,0.48071554,0.10635084,-0.9924437,0.061197937
1356327218603,0.40067756,-0.05312398,-0.9146778,0.91049373,0.1345182,0.39103204,0.10226768,-0.98948616,0.102267414
1356327218643,0.3464967,-0.11847213,-0.9305397,0.9343823,0.1312396,0.33121863,0.08288345,-0.98424613,0.15617236
1356327218684,0.30900663,-0.18629992,-0.93263453,0.94967735,0.11329764,0.2920214,0.051261723,-0.97593844,0.21193457
1356327218723,0.2623771,-0.23888552,-0.9349289,0.96474695,0.08555707,0.24888435,0.020534992,-0.9672713,0.25291225
1356327218786,0.20149219,-0.26688227,-0.9424302,0.9794893,0.05374962,0.19419432,-0.0011718273,-0.962229,0.27223855
1356327218804,0.12995654,-0.26947036,-0.9541996,0.9914559,0.024403572,0.12813893,-0.01124382,-0.9626994,0.27033946
1356327218844,0.055301726,-0.25014272,-0.9666283,0.99840176,0.0025613904,0.056456715,-0.01164636,-0.9682056,0.24988464
1356327218884,-0.01396507,-0.21524224,-0.9764608,0.9998853,-0.008717835,-0.012378365,-0.0058482885,-0.97652173,0.21533933
1356327218924,-0.0716812,-0.17160076,-0.9825553,0.9974207,-0.00867492,-0.07125062,0.0037030578,-0.98512834,0.17177999
1356327218964,-0.11378932,-0.12526083,-0.98557675,0.9933864,9.766221E-4,-0.114815146,0.0153443515,-0.99212337,0.12432125
1356327219004,-0.14055991,-0.07921028,-0.9868984,0.98968315,0.016698062,-0.14229679,0.027750611,-0.99671805,0.07604605
1356327219044,-0.15132403,-0.035818994,-0.98783505,0.98772115,0.033780456,-0.15253147,0.038833052,-0.99878716,0.030267358
1356327219083,-0.14666802,0.002990812,-0.9891813,0.988127,0.0466972,-0.14637053,0.045754224,-0.9989046,-0.009804249
1356327219123,-0.12561494,0.034894586,-0.9914652,0.9910382,0.050181985,-0.123794645,0.04543397,-0.9981303,-0.040885508
1356327219182,-0.08651918,0.057302445,-0.99460083,0.9955734,0.041764736,-0.08419755,0.036714494,-0.9974829,-0.06066221
1356327219203,-0.028382123,0.06785801,-0.9972912,0.9993522,0.024012625,-0.02680692,0.022128493,-0.9974059,-0.06849551
1356327219243,0.046414435,0.0667893,-0.996687,0.9988818,0.005883038,0.046910882,0.0089966655,-0.9977498,-0.066441536
1356327219280,0.12786481,0.058341026,-0.99007416,0.99178016,-0.002728492,0.12792435,0.004761845,-0.99829304,-0.058210373
1356327219323,0.20300573,0.047952533,-0.97800267,0.97910726,0.0020253658,0.2033343,0.011731178,-0.9988475,-0.046539456
1356327219363,0.2619642,0.0391199,-0.9642844,0.96471447,0.016791701,0.26276228,0.026471227,-0.9990934,-0.033340722
1356327219403,0.29967904,0.03260541,-0.95348275,0.9529957,0.036519706,0.30077472,0.044627726,-0.9988009,-0.020128578
1356327219443,0.3145715,0.02766475,-0.9488306,0.9471023,0.057801783,0.31568384,0.06357744,-0.9979447,-0.008018553
1356327219483,0.3076407,0.022848457,-0.95122826,0.94787526,0.07984969,0.30847427,0.08300343,-0.99654496,0.0029075444
1356327219523,0.28217646,0.016274035,-0.95922446,0.95373183,0.10341069,0.28231514,0.103788465,-0.99450564,0.013659
1356327219562,0.24447346,0.005006522,-0.9696431,0.9615176,0.12803656,0.24308592,0.12536684,-0.99175686,0.026487648
1356327219603,0.2050868,-0.016281396,-0.97860837,0.96822226,0.14958945,0.2004214,0.14312637,-0.98861414,0.046442807
1356327219643,0.1729235,-0.053360254,-0.9834888,0.9737288,0.15946168,0.16255572,0.14815474,-0.98576105,0.0795331
1356327219683,0.15138772,-0.10590702,-0.98278457,0.97947425,0.14993516,0.13472044,0.13308614,-0.9830072,0.12643155
1356327219723,0.13378295,-0.16251194,-0.977595,0.985927,0.12161574,0.11470619,0.1002498,-0.9791831,0.17649505
1356327219786,0.11306471,-0.20760211,-0.9716572,0.991678,0.084178925,0.09740892,0.061570823,-0.9745847,0.21539214
1356327219804,0.08864182,-0.23204967,-0.9686566,0.99564195,0.048932493,0.079389095,0.02897656,-0.9714724,0.23537588
1356327219844,0.063432276,-0.23368514,-0.97024095,0.99795413,0.022641242,0.05979094,0.007995158,-0.97204864,0.23464325
1356327219884,0.041236818,-0.21497163,-0.9757493,0.99914765,0.007057011,0.0406709,-0.0018572211,-0.9765948,0.21507943
1356327219924,0.024588585,-0.18047336,-0.98327243,0.99969256,0.0012848377,0.024763346,-0.0032057464,-0.98357904,0.18044946
1356327219964,0.015722454,-0.13591921,-0.99059516,0.9998753,0.003620088,0.015373021,0.0014965534,-0.99071336,0.13595912
1356327220004,0.0161466,-0.08700356,-0.9960772,0.99981964,0.011366427,0.015214413,0.009998083,-0.9961431,0.087171435
1356327220034,0.028843611,-0.041979253,-0.99870205,0.99940675,0.02002433,0.02802229,0.018821955,-0.9989178,0.042531908
1356327220064,0.045499504,-0.0017112494,-0.9989629,0.9985961,0.0272308,0.045436144,0.027124852,-0.9996277,0.0029478073
1356327220104,0.066312104,0.033946812,-0.99722123,0.99724144,0.031146735,0.06737363,0.03334725,-0.9989381,-0.031787694
1356327220144,0.10160074,0.06117779,-0.99294245,0.99425,0.027694792,0.10344091,0.033827662,-0.99774265,-0.058012247
1356327220184,0.15034631,0.0763309,-0.9856823,0.98828614,0.014818639,0.15189105,0.026200473,-0.9969724,-0.07320884
1356327220224,0.21140179,0.07754055,-0.9743186,0.9773296,-0.0048654974,0.2116679,0.011672318,-0.9969773,-0.076811254
1356327220263,0.28052258,0.06693137,-0.95751095,0.95983756,-0.024081409,0.27952087,-0.0043495297,-0.9974669,-0.07099858
1356327220303,0.34924757,0.05122012,-0.9356296,0.93691343,-0.03487414,0.34781766,-0.01481396,-0.99807835,-0.060168564
1356327220343,0.40860882,0.038160086,-0.91191155,0.91257495,-0.034244448,0.40747306,-0.015678704,-0.99868464,-0.048816532
1356327220384,0.4537179,0.031386346,-0.89059246,0.89111006,-0.024869502,0.4531051,-0.007927328,-0.99919784,-0.0392524
1356327220423,0.4838075,0.03033197,-0.8746487,0.8751588,-0.010787785,0.48371553,0.005236566,-0.9994817,-0.031764537
1356327220463,0.49980712,0.03301707,-0.86550725,0.86587465,0.0055380315,0.50023055,0.021309406,-0.9994395,-0.025820702
1356327220503,0.5031415,0.0376122,-0.8633851,0.8633156,0.023412168,0.5041209,0.039174765,-0.999018,-0.020691544
1356327220543,0.49552113,0.042632997,-0.867549,0.8666171,0.043114975,0.49710757,0.058597505,-0.99816006,-0.015582085
1356327220583,0.4795428,0.04605019,-0.8763093,0.87394845,0.064924136,0.4816626,0.079074234,-0.996827,-0.009111553
1356327220623,0.4596935,0.04342693,-0.8870152,0.8826543,0.08787291,0.46173555,0.097996354,-0.9951846,0.002063632
1356327220663,0.4422014,0.026857764,-0.8965135,0.8902246,0.10872343,0.44235656,0.10935265,-0.9937091,0.024168253
1356327220703,0.43183303,-0.011618793,-0.9018788,0.89576197,0.12248641,0.4273262,0.1055029,-0.9924022,0.063301355
1356327220742,0.42667615,-0.07032263,-0.9016664,0.90052545,0.12527311,0.41636595,0.08367458,-0.9896269,0.116778344
1356327220786,0.4209782,-0.1360383,-0.89681154,0.9057455,0.11646956,0.40750456,0.049015045,-0.98383355,0.1722472
1356327220824,0.40957087,-0.18722954,-0.89285886,0.91210926,0.10288453,0.39682692,0.01756367,-0.9769135,0.21291228
1356327220864,0.39558232,-0.21462259,-0.8930015,0.91842604,0.0894137,0.3853553,-0.0028594136,-0.97259563,0.23248547
1356327220904,0.3840385,-0.21762684,-0.89730316,0.9232522,0.07899094,0.3759865,-0.010945916,-0.9728304,0.23126002
1356327220944,0.37843543,-0.19965798,-0.90383804,0.925577,0.07140738,0.37176356,-0.009684861,-0.97726023,0.21182193
1356327220984,0.3809355,-0.1661323,-0.9095539,0.9245976,0.06555402,0.3752624,-0.0027182996,-0.9839221,0.17857736
1356327221024,0.39228517,-0.12300965,-0.91158164,0.9198148,0.060299516,0.38769138,0.007278174,-0.99057186,0.1368007
1356327221064,0.41211706,-0.07581231,-0.9079714,0.91094553,0.05438602,0.4089259,0.018379271,-0.9956378,0.091474324
1356327221104,0.4393042,-0.029244155,-0.8978622,0.8978729,0.04646215,0.43779615,0.028913587,-0.9984919,0.04666856
1356327221143,0.47265524,0.012225449,-0.88116264,0.8804736,0.03534247,0.47277603,0.036922365,-0.9993005,0.005940616
1356327221183,0.51136816,0.043767124,-0.8582465,0.85843503,0.020351216,0.51251835,0.0398978,-0.99883443,-0.02716428
1356327221223,0.5550899,0.06079346,-0.82956576,0.8310224,0.0023140162,0.5562342,0.03573507,-0.99814767,-0.049236268
1356327221263,0.60294837,0.06104189,-0.7954415,0.7974058,-0.015568331,0.6032426,0.024439365,-0.9980138,-0.05806206
1356327221303,0.6521325,0.047542304,-0.7566128,0.7580466,-0.028511226,0.65157676,0.009405494,-0.9984622,-0.054632366
1356327221343,0.69797367,0.02898866,-0.7155365,0.71611553,-0.03294675,0.69720376,-0.0033636093,-0.99903667,-0.04375519
1356327221383,0.73666626,0.014641404,-0.676098,0.6761985,-0.029039547,0.73614687,-0.008855373,-0.999471,-0.031292945
1356327221423,0.7669655,0.00835222,-0.64163387,0.6416569,-0.019872636,0.7667343,-0.0063470304,-0.9997676,-0.020600885
1356327221463,0.78914905,0.009024799,-0.6141353,0.614199,-0.008661598,0.78910357,0.0018020868,-0.99992174,-0.012378305
1356327221503,0.803475,0.014395803,-0.59516436,0.5951916,0.0027825832,0.803579,0.013224244,-0.9998925,-0.006332524
1356327221542,0.80963504,0.022882223,-0.5864874,0.5863169,0.014264829,0.8099562,0.026899785,-0.9996364,-0.0018669441
1356327221583,0.8067094,0.033628553,-0.58999074,0.5893755,0.027010053,0.80740744,0.04308757,-0.9990693,0.0019694343
1356327221624,0.7934298,0.045294404,-0.6069741,0.6054799,0.043098748,0.79469275,0.06215495,-0.99804354,0.0067709684
1356327221663,0.76961863,0.05369726,-0.6362419,0.6331316,0.06480968,0.77132607,0.08265275,-0.99645185,0.0158813
1356327221703,0.73868626,0.049551636,-0.6722256,0.6667098,0.09305984,0.7394849,0.09919992,-0.9944267,0.035705462
1356327221742,0.70846343,0.021946639,-0.7054062,0.6981616,0.1243605,0.70505655,0.10319826,-0.9919944,0.072782576
1356327221787,0.6862069,-0.031712055,-0.72671485,0.72206676,0.15052529,0.67524934,0.08797541,-0.9880974,0.12618972
1356327221824,0.6705105,-0.097354084,-0.7354848,0.7397139,0.16377456,0.6526876,0.056911886,-0.98168224,0.18182673
1356327221864,0.65674794,-0.15536568,-0.737932,0.7538103,0.16284652,0.6365934,0.02126497,-0.97434217,0.22406535
1356327221904,0.6420391,-0.19322962,-0.7419219,0.7666337,0.15215127,0.62379706,-0.0076516867,-0.9692844,0.24582338
1356327221944,0.62605625,-0.2079755,-0.75153166,0.7793732,0.13584276,0.61165696,-0.025119483,-0.9686553,0.24713573
1356327221984,0.6090772,-0.20190838,-0.7669798,0.79247653,0.11625996,0.5987191,-0.03171733,-0.9724797,0.2308189
1356327222043,0.59049416,-0.17838925,-0.7870794,0.8064995,0.09468329,0.5836042,-0.029585361,-0.97939396,0.19978072
1356327222063,0.5712489,-0.14271882,-0.80827355,0.8205,0.0737156,0.5668738,-0.021321177,-0.9870144,0.15921071
1356327222103,0.5510229,-0.09924415,-0.82856774,0.8344451,0.055213124,0.54831827,-0.008669496,-0.99353015,0.11323744
1356327222140,0.5321146,-0.05343288,-0.84498453,0.84665227,0.040446013,0.5306073,0.005824417,-0.997752,0.06676096
1356327222183,0.5185631,-0.011458963,-0.85496265,0.8548472,0.028151676,0.5181159,0.018131614,-0.99953806,0.02439405
1356327222223,0.5173453,0.019936651,-0.85554445,0.8554635,0.014997646,0.5176458,0.023151249,-0.9996887,-0.009296089
1356327222263,0.5340475,0.036090672,-0.8446838,0.84525853,-0.0012836456,0.534356,0.018200994,-0.9993477,-0.031191468
1356327222302,0.56870824,0.037006676,-0.8217064,0.82251596,-0.018059,0.56845516,0.006197393,-0.99915177,-0.040708855
1356327222343,0.61358124,0.027934313,-0.78913736,0.78960913,-0.029245436,0.6129128,-0.005957395,-0.99918187,-0.040001646
1356327222383,0.65609527,0.017840326,-0.7544672,0.75458723,-0.031020716,0.6554661,-0.011710405,-0.9993595,-0.03381461
1356327222423,0.68671286,0.012293458,-0.72682476,0.72686553,-0.024796411,0.686332,-0.009585232,-0.999617,-0.025963709
1356327222463,0.700717,0.012027174,-0.7133379,0.71343684,-0.014452249,0.70057046,-0.001883477,-0.9998232,-0.018707544
1356327222503,0.6944057,0.01565066,-0.7194135,0.71952903,-0.00277555,0.6944568,0.008871973,-0.99987364,-0.013188481
1356327222543,0.66286206,0.021411568,-0.7484354,0.74842346,0.010190159,0.66314304,0.021825641,-0.9997189,-0.009270266
1356327222583,0.60084504,0.027057886,-0.7989074,0.79848367,0.0266155,0.6014278,0.03753671,-0.9992795,-0.005613491
1356327222623,0.50825584,0.028967977,-0.86071885,0.85933894,0.04871854,0.50908065,0.056680024,-0.99839246,-1.3184547E-4
1356327222663,0.3961755,0.021004438,-0.91793454,0.9148975,0.07536274,0.39658922,0.07750818,-0.99693495,0.0106399655
1356327222703,0.28843638,-0.004231006,-0.9574897,0.95286787,0.09950277,0.28660446,0.0940603,-0.9950283,0.0327318
1356327222742,0.20811859,-0.051467687,-0.97674847,0.9731996,0.11076984,0.20152563,0.09782216,-0.9925125,0.073141634
1356327222787,0.1589225,-0.1178579,-0.98023117,0.98378634,0.10248619,0.1471765,0.08311427,-0.98772776,0.13223433
1356327222824,0.12150532,-0.18759516,-0.97470224,0.9910668,0.07732338,0.10866332,0.054982543,-0.9791982,0.19531453
1356327222865,0.07645714,-0.24152666,-0.9673774,0.99675983,0.042822838,0.06808779,0.024980843,-0.9694488,0.24401823
1356327222904,0.016046226,-0.2692482,-0.9629371,0.9998682,0.00668931,0.014791161,0.0024589002,-0.9630476,0.26932004
1356327222944,-0.056515336,-0.27029604,-0.9611171,0.99835163,-0.024941087,-0.05169061,-0.009999514,-0.9624542,0.27126002
1356327222984,-0.13519418,-0.24887708,-0.95905304,0.9907234,-0.04741454,-0.12735441,-0.013777435,-0.96737385,0.25297847
1356327223024,-0.21216059,-0.21224388,-0.95390797,0.9771681,-0.057482123,-0.20454419,-0.011419386,-0.97552466,0.21959338
1356327223064,-0.28165978,-0.1672757,-0.9448209,0.9595034,-0.05379033,-0.27651346,-0.004568279,-0.98444164,0.1756522
1356327223104,-0.33796304,-0.12081641,-0.9333726,0.9411444,-0.03778392,-0.33588636,0.0053141415,-0.9919555,0.12647521
1356327223144,-0.379871,-0.07664803,-0.92185855,0.92488384,-0.013186157,-0.38002127,0.016972125,-0.9969711,0.07589954
1356327223184,-0.4072287,-0.036962003,-0.912578,0.9128746,0.014944553,-0.40796643,0.028717339,-0.99920493,0.02765584
1356327223224,-0.4218213,-0.0022913218,-0.9066762,0.90588814,0.040694773,-0.4215575,0.037862927,-0.99916905,-0.015090227
1356327223264,-0.42466897,0.027317137,-0.9049365,0.90443254,0.057758093,-0.4226889,0.04072076,-0.9979568,-0.04923457
1356327223304,-0.41684878,0.051609933,-0.90750945,0.9082941,0.062309682,-0.41366565,0.035197318,-0.9967215,-0.072850645
1356327223343,-0.39516497,0.0688228,-0.9160284,0.91830534,0.055280805,-0.39199394,0.02366063,-0.9960961,-0.08504534
1356327223383,-0.352409,0.07664588,-0.9327022,0.9357642,0.042053342,-0.3501101,0.012388796,-0.9961712,-0.08654249
1356327223423,-0.2821272,0.074775666,-0.95645857,0.95935225,0.029153883,-0.28070155,0.0068948567,-0.9967742,-0.0799613
1356327223463,-0.18538004,0.06578356,-0.98046255,0.98263294,0.02070272,-0.18440142,0.008167654,-0.99761915,-0.068479
1356327223503,-0.07370502,0.053420126,-0.9958483,0.9971809,0.018033862,-0.07283628,0.014068097,-0.9984093,-0.05459875
1356327223543,0.034365118,0.040666103,-0.9985816,0.9991536,0.021202862,0.03524825,0.022606194,-0.99894774,-0.039903045
1356327223582,0.12145612,0.029043287,-0.9921719,0.9920509,0.029594809,0.12230763,0.032915384,-0.9991399,-0.02521795
1356327223623,0.17998412,0.01842773,-0.98349684,0.98264074,0.042346984,0.18062088,0.044976532,-0.99893296,-0.010486007
1356327223663,0.21165392,0.007681221,-0.9773145,0.97560596,0.057959825,0.21173951,0.05827138,-0.99828935,0.004773557
1356327223713,0.23579708,-0.008826166,-0.9717623,0.9691212,0.07636312,0.23446268,0.072137386,-0.99704105,0.02655983
1356327223786,0.26473215,-0.038998544,-0.96353304,0.9611264,0.09194681,0.26034945,0.07844055,-0.99499995,0.061823785
1356327223793,0.29665264,-0.07862747,-0.951743,0.9519901,0.10321882,0.28820232,0.07557711,-0.99154603,0.10547277
1356327223820,0.33609435,-0.12580118,-0.9333888,0.93977296,0.11023167,0.32353622,0.06218776,-0.98591226,0.15527278
1356327223863,0.38490447,-0.18166947,-0.9049004,0.92235625,0.11106345,0.3700321,0.03327775,-0.9770676,0.21031284
1356327223903,0.42434898,-0.22789255,-0.876352,0.90549266,0.11033484,0.40976724,0.0033092499,-0.9674146,0.25317556
1356327223943,0.45147794,-0.25440195,-0.8552469,0.892086,0.1085906,0.43862355,-0.018714935,-0.9609827,0.2759747
1356327223982,0.47348332,-0.2593272,-0.84176177,0.88025177,0.10551822,0.46262586,-0.031150281,-0.9600079,0.27823436
1356327224023,0.49618602,-0.24378285,-0.8332882,0.86749434,0.10007793,0.4872759,-0.03539577,-0.96465236,0.26113755
1356327224063,0.5251338,-0.21154222,-0.8243084,0.8503634,0.09240228,0.51801914,-0.03341496,-0.97299105,0.22841132
1356327224103,0.5603837,-0.16702831,-0.8112162,0.82781214,0.0817287,0.5550202,-0.02640444,-0.98255885,0.18406749
1356327224144,0.6005779,-0.11486405,-0.79127264,0.7994226,0.06750552,0.59696436,-0.015154511,-0.9910848,0.13236727
1356327224183,0.64381284,-0.060208738,-0.7628106,0.76518255,0.049548328,0.64190394,-8.522272E-4,-0.99695534,0.077970505
1356327224223,0.6887742,-0.009209245,-0.7249174,0.72484314,0.027882665,0.6883495,0.013873458,-0.9995688,0.025880113
1356327224263,0.735894,0.03088814,-0.67639184,0.6766501,0.0027288198,0.73629963,0.024588674,-0.9995191,-0.018892348
