1356327597181,0.44876486,0.13666245,-0.8831384,0.8629129,0.1906873,0.46799552,0.23236072,-0.97209144,-0.032354027
1356327597223,-0.14961684,-0.06865549,0.9863575,-0.9610549,-0.22433358,-0.16139352,0.23235363,-0.97209096,-0.032417595
1356327597262,-0.15049797,-0.0692521,0.98618174,-0.9609276,-0.22416312,-0.16238531,0.2323111,-0.972088,-0.03281021
1356327597303,-0.15352726,-0.07117653,0.9855776,-0.9604784,-0.2236126,-0.16576642,0.23218629,-0.97207576,-0.03403288
1356327597344,-0.15997154,-0.07509959,0.98426074,-0.9594829,-0.22246712,-0.17291877,0.23195177,-0.9720434,-0.036468416
1356327597383,-0.16966271,-0.08088848,0.9821769,-0.95789516,-0.22070628,-0.1836448,0.23162743,-0.97198033,-0.040036947
1356327597423,-0.18082064,-0.087460876,0.9796196,-0.95593596,-0.2185955,-0.19596538,0.23127976,-0.9718882,-0.044080436
1356327597465,-0.1913147,-0.09352407,0.97706294,-0.9539615,-0.21654826,-0.20751923,0.23098934,-0.9717819,-0.047789514
1356327597503,-0.19981575,-0.09826082,0.97489405,-0.9522591,-0.21490502,-0.21683702,0.23081625,-0.9716792,-0.050628304
1356327597543,-0.20609796,-0.10151771,0.9732511,-0.95092905,-0.21378791,-0.22367075,0.23077595,-0.9715909,-0.052474856
1356327597584,-0.21055222,-0.103489846,0.97208935,-0.9499482,-0.21310079,-0.22844347,0.23079461,-0.9715338,-0.053441167
1356327597623,-0.21357876,-0.10437247,0.97133446,-0.9493009,-0.2126013,-0.23157853,0.23067737,-0.97154886,-0.053673804
1356327597663,-0.21531773,-0.10423553,0.9709651,-0.9490309,-0.21201777,-0.23321429,0.23017102,-0.971691,-0.053271532
1356327597703,-0.21585041,-0.10319221,0.97095835,-0.9491769,-0.21110868,-0.2334446,0.22906736,-0.97200036,-0.052379787
1356327597744,-0.21553034,-0.10167405,0.9711895,-0.94966424,-0.20972395,-0.23270941,0.22734222,-0.9724599,-0.05135435
1356327597791,-0.21485704,-0.1003052,0.971481,-0.95033085,-0.20787728,-0.2316427,0.22518378,-0.9729984,-0.05065924
1356327597822,-0.21394998,-0.099408746,0.97177327,-0.9510596,-0.20586205,-0.23044845,0.22295985,-0.9735187,-0.0504995
1356327597863,-0.21248376,-0.09885052,0.9721519,-0.9518094,-0.20422488,-0.22880355,0.22115496,-0.97392035,-0.05069238
1356327597902,-0.21040148,-0.09857866,0.9726322,-0.95246375,-0.20355284,-0.22666922,0.22032684,-0.97408855,-0.05106479
1356327597942,-0.21163774,-0.09958249,0.9722616,-0.95206827,-0.20378792,-0.22811487,0.22085148,-0.9739373,-0.051680088
1356327597983,-0.20504683,-0.09932831,0.973699,-0.9531002,-0.20600587,-0.221724,0.22261122,-0.97349644,-0.05242896
1356327598023,-0.1990282,-0.09902653,0.9749777,-0.9538301,-0.20877779,-0.21591637,0.22493511,-0.9729365,-0.052901804
1356327598062,-0.1923576,-0.098009735,0.97641826,-0.95476353,-0.21123946,-0.20929515,0.22677103,-0.9725081,-0.052942574
1356327598130,-0.18551284,-0.0965049,0.97789145,-0.9560132,-0.21237886,-0.20232135,0.22720847,-0.9724104,-0.052860916
1356327598144,-0.17953765,-0.09503925,0.9791496,-0.9574325,-0.21180701,-0.19611418,0.22602928,-0.9726795,-0.052966356
1356327598184,-0.17451352,-0.09374234,0.98018235,-0.95890987,-0.20996332,-0.19080651,0.22368902,-0.97320485,-0.05324906
1356327598214,-0.16906244,-0.0923076,0.9812733,-0.96043897,-0.20811862,-0.18505043,0.22130278,-0.97373813,-0.05347085
1356327598254,-0.16184926,-0.09011978,0.9826918,-0.96218485,-0.20668858,-0.17742658,0.21910077,-0.9742476,-0.05325955
1356327598284,-0.14853519,-0.08628547,0.9851356,-0.96468353,-0.20649719,-0.16353801,0.21753865,-0.97463524,-0.05256611
1356327598324,-0.1300329,-0.08009344,0.98826945,-0.9675297,-0.20763522,-0.1441316,0.21674356,-0.9749219,-0.05049339
1356327598355,-0.10136306,-0.07097036,0.9923148,-0.97111267,-0.20952916,-0.11418283,0.21602246,-0.9752234,-0.04768172
1356327598394,-0.067397356,-0.058896154,0.99598634,-0.9744108,-0.21066058,-0.07839444,0.21443221,-0.97578347,-0.043191105
1356327598424,-0.025912046,-0.045157135,0.9986439,-0.9768923,-0.21086663,-0.034882694,0.21215582,-0.9764713,-0.038649768
1356327598464,0.01403451,-0.03208983,0.99938655,-0.9779742,-0.20860755,0.0070355237,0.20825377,-0.9774729,-0.03431073
1356327598494,0.053949714,-0.020625234,0.9983306,-0.9774512,-0.20549816,0.04857585,0.20415327,-0.97844005,-0.031246692
1356327598524,0.086227596,-0.0129600465,0.99619114,-0.9759432,-0.20207912,0.081846,0.20024872,-0.97928345,-0.030073047
1356327598564,0.10832429,-0.011259615,0.9940518,-0.9743867,-0.1994257,0.10392243,0.1970694,-0.9798482,-0.03257382
1356327598594,0.12492168,-0.0123823285,0.9920894,-0.9727764,-0.19824815,0.1200155,0.1951938,-0.9800737,-0.036810756
1356327598634,0.13270414,-0.018135428,0.9909897,-0.9717211,-0.19940448,0.12647468,0.19531414,-0.9797494,-0.04408431
1356327598664,0.13617861,-0.02479425,0.99037397,-0.9711114,-0.20107532,0.12849599,0.19595382,-0.97926193,-0.051460117
1356327598703,0.13673967,-0.03156382,0.9901041,-0.97086483,-0.20281863,0.12761694,0.19678345,-0.9787075,-0.058377564
1356327598742,0.13878119,-0.034139186,0.9897345,-0.97031283,-0.20457697,0.12900132,0.19807285,-0.978255,-0.06151715
1356327598783,0.14590394,-0.029111505,0.9888703,-0.96861047,-0.20755315,0.13680449,0.20126063,-0.9777905,-0.0584805
1356327598823,0.1574263,-0.016600668,0.98739123,-0.9653982,-0.21308464,0.15033731,0.2079022,-0.9768927,-0.049571395
1356327598863,0.16905427,2.1487474E-5,0.98560673,-0.9610808,-0.2216922,0.16485232,0.21850485,-0.97511667,-0.037457347
1356327598903,0.17585242,0.016709626,0.98427474,-0.95664513,-0.23291725,0.17487025,0.23217657,-0.972353,-0.0249739
1356327598943,0.17382574,0.030410469,0.9843067,-0.9532593,-0.24565119,0.17593232,0.24714634,-0.96888113,-0.013711393
1356327598983,0.16049331,0.039551556,0.98624414,-0.95166135,-0.25890827,0.1652486,0.2618826,-0.9650917,-0.003913343
1356327599023,0.134417,0.043678403,0.9899616,-0.95189226,-0.27193838,0.14124617,0.27537808,-0.9613228,0.0050240755
1356327599063,0.09528625,0.04337576,0.99450445,-0.95317245,-0.28408647,0.10371667,0.28702402,-0.957817,0.014275074
1356327599130,0.04528433,0.04077488,0.9981416,-0.9539671,-0.29476476,0.055321515,0.29647273,-0.95469946,0.02554971
1356327599144,-0.010371149,0.039972544,0.99914694,-0.9529762,-0.3030367,0.002231568,0.3028674,-0.9521401,0.041235745
1356327599184,-0.061954737,0.048124045,0.996918,-0.9506898,-0.30696827,-0.0442636,0.30389208,-0.9505022,0.06476921
1356327599214,-0.10485202,0.06546682,0.99233073,-0.94836813,-0.30692786,-0.07995796,0.29933935,-0.9494785,0.09426865
1356327599244,-0.12294024,0.10021204,0.9873415,-0.9501465,-0.29914415,-0.08794665,0.28654405,-0.9489312,0.13199285
1356327599274,-0.11622137,0.15105894,0.9816689,-0.9573339,-0.28032726,-0.07020366,0.26458365,-0.94794405,0.17719385
1356327599304,-0.09138906,0.20955032,0.97351766,-0.96755975,-0.24991274,-0.037035912,0.23553357,-0.9453212,0.22559178
1356327599334,-0.059997916,0.26352224,0.9627857,-0.97697103,-0.21335739,-0.002484262,0.20476285,-0.9407628,0.27025467
1356327599363,-0.031804025,0.30461842,0.95194334,-0.98354226,-0.17901969,0.024425954,0.17785722,-0.93549967,0.30529863
1356327599400,-0.01616478,0.32627964,0.94513506,-0.98711455,-0.1557092,0.036871195,0.15919656,-0.93236053,0.3245924
1356327599444,-0.013398826,0.32712072,0.9448876,-0.988517,-0.14657843,0.036728024,0.15051466,-0.9335453,0.32532838
1356327599483,-0.023934841,0.30885172,0.950809,-0.9884707,-0.14954698,0.023694515,0.14950874,-0.9392797,0.30887023
1356327599523,-0.04761201,0.2731689,0.9607871,-0.9869945,-0.16072148,-0.0032147467,0.15354103,-0.9484447,0.27726853
1356327599563,-0.08049947,0.22387773,0.971287,-0.98375195,-0.1747278,-0.041258514,0.16047403,-0.95882684,0.23430568
1356327599603,-0.1170153,0.16650793,0.97907233,-0.97866476,-0.18698078,-0.08516732,0.16888669,-0.9681494,0.18483508
1356327599643,-0.15203357,0.10669008,0.9826001,-0.9722215,-0.19514799,-0.12923867,0.17796394,-0.9749536,0.13339546
1356327599682,-0.1815539,0.049256086,0.9821466,-0.9653697,-0.1992026,-0.16846237,0.18734837,-0.9787196,0.08371636
1356327599725,-0.20253628,-0.0017360151,0.9792733,-0.9593241,-0.20047313,-0.19876572,0.19666305,-0.9796977,0.038937658
1356327599763,-0.21255141,-0.042555183,0.9762229,-0.95555484,-0.19982314,-0.21676195,0.20429623,-0.97890747,0.0018088222
1356327599800,-0.20983899,-0.06990263,0.9752339,-0.955533,-0.19669527,-0.2196987,0.20718145,-0.97796965,-0.025519907
1356327599844,-0.1946199,-0.08222979,0.9774259,-0.9596737,-0.19011682,-0.20707956,0.20285326,-0.9783118,-0.04191321
1356327599882,-0.1693781,-0.08126432,0.982195,-0.96647304,-0.18144572,-0.18167922,0.19297919,-0.98003745,-0.0478068
1356327599923,-0.13878375,-0.07065621,0.9877989,-0.97336626,-0.17405659,-0.14920607,0.18247521,-0.9821975,-0.04461813
1356327599963,-0.10799229,-0.05510232,0.99262345,-0.9781927,-0.17229646,-0.115986824,0.17741665,-0.98350275,-0.035293996
1356327600004,-0.081834435,-0.03846541,0.9959034,-0.98012567,-0.17807949,-0.08741599,0.18071243,-0.983264,-0.023127913
1356327600063,-0.060714483,-0.018583715,0.99798214,-0.9780713,-0.19845039,-0.06319851,0.19922444,-0.97993475,-0.0061273873
1356327600130,-0.062191844,-0.0065895915,0.99804246,-0.97424686,-0.21675283,-0.062140167,0.21673796,-0.97620434,0.007060319
1356327600144,-0.075810015,-8.6149573E-4,0.9971218,-0.96945167,-0.23388207,-0.07390842,0.23327264,-0.9722645,0.016895473
1356327600184,-0.10348338,-0.0015920103,0.99462986,-0.9627217,-0.25110435,-0.10056555,0.24991605,-0.9679587,0.024452507
1356327600214,-0.14378911,-0.007667154,0.9895786,-0.9531634,-0.26780373,-0.14057282,0.2660906,-0.96344304,0.031199187
1356327600244,-0.18575644,-0.014699966,0.9824859,-0.9411957,-0.2845195,-0.18220675,0.28221476,-0.9585576,0.03901568
1356327600274,-0.22625673,-0.01862508,0.9738896,-0.9275545,-0.30114865,-0.22125134,0.2974064,-0.95339525,0.05086112
1356327600314,-0.2507462,-0.001760453,0.96805125,-0.91784704,-0.3174283,-0.23831946,0.30770642,-0.94828063,0.077978134
1356327600354,-0.25049007,0.047967136,0.96693015,-0.9185091,-0.32739568,-0.22170493,0.30593422,-0.94366896,0.12606764
1356327600394,-0.21492732,0.13050136,0.96787167,-0.93321323,-0.31964612,-0.16413203,0.28795695,-0.9385072,0.19048631
1356327600434,-0.15846479,0.21778059,0.9630475,-0.9527651,-0.28967035,-0.091267735,0.25908995,-0.9320208,0.25339627
1356327600464,-0.10661715,0.28091264,0.9537929,-0.9666226,-0.2540403,-0.0332309,0.2329669,-0.92550075,0.29862157
1356327600504,-0.082623005,0.3063788,0.94831717,-0.9733857,-0.22891599,-0.010849774,0.21376085,-0.9239748,0.3171385
1356327600534,-0.06989479,0.3110465,0.9478211,-0.9769436,-0.21348852,-0.0019818544,0.20173246,-0.9261062,0.31879658
1356327600574,-0.08873558,0.28393665,0.9547281,-0.97623086,-0.21507347,-0.026771128,0.1977354,-0.93441063,0.29627243
1356327600604,-0.109375715,0.24894863,0.96232086,-0.97417504,-0.21923995,-0.054006577,0.19753438,-0.943376,0.26649916
1356327600644,-0.14917815,0.19475594,0.9694412,-0.96798134,-0.22893506,-0.10296151,0.20188668,-0.9537604,0.22267216
1356327600685,-0.19303036,0.1315848,0.9723296,-0.9589181,-0.23525327,-0.15853113,0.20788339,-0.9629857,0.17159003
1356327600724,-0.2345339,0.06688142,0.9698045,-0.9484383,-0.23455119,-0.21319121,0.21321025,-0.9698003,0.11844313
1356327600764,-0.26881444,0.0067447424,0.9631683,-0.9385412,-0.2266187,-0.26035428,0.21651596,-0.97396016,0.06724864
1356327600794,-0.29026854,-0.04201302,0.9560225,-0.9318292,-0.21497416,-0.2923701,0.21780348,-0.97571564,0.023251295
1356327600825,-0.30262303,-0.07967973,0.9497739,-0.9281502,-0.20192271,-0.31267315,0.21669462,-0.97615486,-0.012848318
1356327600864,-0.30284005,-0.103634,0.94739,-0.9295347,-0.18730205,-0.31762126,0.2103644,-0.97682035,-0.039608836
1356327600904,-0.28644717,-0.11271006,0.9514433,-0.93725854,-0.1730187,-0.30267283,0.19873178,-0.97844815,-0.05607772
1356327600944,-0.25677317,-0.10911155,0.9602928,-0.94885886,-0.16036552,-0.2719371,0.18366936,-0.9810084,-0.06235385
1356327600984,-0.21907973,-0.09701842,0.97087145,-0.9608001,-0.15181929,-0.23197827,0.16990316,-0.9836352,-0.059954822
1356327601023,-0.17987007,-0.081130594,0.980339,-0.9701116,-0.15038717,-0.19043928,0.16288084,-0.9852926,-0.05165559
1356327601062,-0.1447177,-0.06456506,0.98736423,-0.9755964,-0.15722185,-0.15327385,0.16513139,-0.9854505,-0.040236652
1356327601128,-0.118223846,-0.04928854,0.9917629,-0.97745705,-0.17017281,-0.12497574,0.17493102,-0.98418075,-0.028058916
1356327601144,-0.10477328,-0.037225008,0.9937992,-0.9764513,-0.1856482,-0.10989824,0.18858802,-0.98191094,-0.01689744
1356327601184,-0.10765302,-0.0301345,0.99373174,-0.97303516,-0.20189822,-0.11153346,0.20399368,-0.9789428,-0.007586986
1356327601224,-0.12948352,-0.029520482,0.99114203,-0.96669626,-0.21877152,-0.13280588,0.22075415,-0.97532946,-2.1004677E-4
1356327601264,-0.1699673,-0.035643578,0.9848048,-0.95584154,-0.23716319,-0.1735524,0.23974556,-0.97081566,0.006240487
1356327601304,-0.22587079,-0.04633665,0.97305465,-0.93848765,-0.25747114,-0.23010764,0.26119593,-0.9651743,0.014668852
1356327601344,-0.2872283,-0.05381462,0.95634925,-0.9152206,-0.27916294,-0.29058456,0.28261495,-0.95873463,0.030931234
1356327601384,-0.33498442,-0.04178539,0.9412967,-0.89406335,-0.3012104,-0.3315464,0.29738212,-0.9526417,0.06354198
1356327601423,-0.34721482,0.008139074,0.93775034,-0.8896187,-0.31921172,-0.32662287,0.29668248,-0.9476485,0.1180757
1356327601463,-0.31715506,0.09463656,0.94364005,-0.90707326,-0.32070512,-0.27270195,0.27682263,-0.94243944,0.18755555
1356327601502,-0.26631147,0.18576592,0.94581676,-0.9321136,-0.29949892,-0.20362914,0.2454437,-0.9358374,0.25291485
1356327601543,-0.1859672,0.25986692,0.94756806,-0.9585997,-0.2596436,-0.116926014,0.21564484,-0.930083,0.29739362
1356327601583,-0.18221092,0.2809759,0.94225883,-0.9637368,-0.24104917,-0.11448488,0.19496319,-0.92894983,0.31470856
1356327601623,-0.20169419,0.26896003,0.94179606,-0.96213627,-0.23439705,-0.13911065,0.18333909,-0.93419397,0.30605277
1356327601663,-0.2329688,0.2325767,0.94426346,-0.9560931,-0.23229796,-0.17867133,0.17779577,-0.9444287,0.27648327
1356327601703,-0.2657585,0.18167803,0.94676584,-0.94789827,-0.22820622,-0.22228512,0.17567354,-0.95651186,0.23286006
1356327601743,-0.2932654,0.1250605,0.947816,-0.9398257,-0.21947807,-0.26183385,0.17527977,-0.9675687,0.18190041
1356327601783,-0.3123418,0.069075614,0.94745505,-0.93356097,-0.20689058,-0.2926777,0.17580268,-0.9759225,0.12910691
1356327601823,-0.32187635,0.017935395,0.9466119,-0.9300967,-0.19286627,-0.31260648,0.17696276,-0.9810612,0.07876074
1356327601863,-0.32096624,-0.02498433,0.9467611,-0.9302174,-0.17953932,-0.32009563,0.17797822,-0.9834335,0.034385204
1356327601904,-0.3083446,-0.056598276,0.9495895,-0.93471205,-0.16743714,-0.31349343,0.1767397,-0.9842568,-0.0012747645
1356327601943,-0.28316206,-0.07491243,0.95614195,-0.9437467,-0.15574664,-0.29169378,0.17076734,-0.98495233,-0.026596785
1356327601983,-0.24641967,-0.08012205,0.9658456,-0.9559441,-0.1439429,-0.2558343,0.15952456,-0.98633707,-0.0411219
1356327602023,-0.2016449,-0.07486138,0.9765936,-0.9684849,-0.1335969,-0.21021158,0.14620659,-0.9882043,-0.045562983
1356327602062,-0.1545189,-0.06338748,0.98595434,-0.9784639,-0.1284262,-0.16160154,0.13686591,-0.98969126,-0.042178094
1356327602130,-0.11046684,-0.048996896,0.9926714,-0.98447275,-0.13169873,-0.11605495,0.13641992,-0.99007815,-0.03368771
1356327602144,-0.07408047,-0.0339306,0.9966749,-0.9866572,-0.14280343,-0.07819742,0.14498186,-0.9891693,-0.022898942
1356327602183,-0.04945278,-0.019936025,0.9985775,-0.9859403,-0.15880233,-0.051997334,0.15961298,-0.9871092,-0.011802524
1356327602223,-0.040332973,-0.009139001,0.99914443,-0.983305,-0.1772126,-0.041314512,0.17743862,-0.98413014,-0.0018388629
1356327602263,-0.049301505,-0.0034564435,0.998778,-0.979192,-0.19692737,-0.049016207,0.19685611,-0.980412,0.0063242316
1356327602303,-0.07632679,-0.0035732985,0.9970765,-0.9730843,-0.21781051,-0.07527074,0.21744266,-0.9759846,0.013147622
1356327602343,-0.11880034,-0.008124679,0.99288493,-0.96377957,-0.23953068,-0.11727783,0.23877925,-0.97085476,0.02062589
1356327602382,-0.16964078,-0.01191324,0.98543394,-0.95087326,-0.26077425,-0.16684386,0.25896344,-0.9653263,0.03290996
1356327602423,-0.21382546,-0.0026221871,0.9768683,-0.9379062,-0.27906412,-0.20604622,0.27314922,-0.96026886,0.057211667
1356327602481,-0.2347796,0.033478647,0.9714719,-0.93261576,-0.28952652,-0.21541148,0.27405524,-0.9565843,0.099197686
1356327602503,-0.22400773,0.09786749,0.96966106,-0.93994987,-0.28459126,-0.1884202,0.2575168,-0.95364034,0.15574116
1356327602543,-0.19380265,0.1695,0.9662869,-0.95415986,-0.26155663,-0.14548975,0.22807822,-0.95018846,0.2124204
1356327602580,-0.16684037,0.22173333,0.96072817,-0.96606684,-0.23162025,-0.114310175,0.19717774,-0.9471992,0.25285283
1356327602623,-0.15565425,0.24415886,0.9571615,-0.97258437,-0.20736045,-0.105267495,0.17277545,-0.9473057,0.26974168
1356327602663,-0.1608507,0.23907578,0.95758545,-0.97441363,-0.19278884,-0.11554474,0.15698779,-0.95166975,0.26396886
1356327602703,-0.17812014,0.21288985,0.9607035,-0.9726972,-0.18570316,-0.13919246,0.14877298,-0.95926654,0.24015483
1356327602743,-0.2019651,0.17264691,0.96405554,-0.9683832,-0.18238008,-0.17021042,0.14643821,-0.9679517,0.20402274
1356327602783,-0.22764456,0.12464985,0.96573305,-0.9623524,-0.18006146,-0.20360664,0.14851177,-0.97572553,0.16094711
1356327602823,-0.25184274,0.07384649,0.9649466,-0.95545197,-0.17754006,-0.23577774,0.1539053,-0.981339,0.115268916
1356327602863,-0.27233386,0.02398929,0.9619037,-0.9485254,-0.17465073,-0.26419055,0.16165945,-0.98433816,0.070317805
1356327602903,-0.28676224,-0.021193057,0.95776737,-0.94278324,-0.1712501,-0.28606522,0.17008033,-0.98499966,0.029127598
1356327602943,-0.29255098,-0.057721555,0.95450616,-0.9398542,-0.16669214,-0.29814056,0.17631778,-0.984318,-0.0054839253
1356327602983,-0.2877319,-0.08228356,0.9541697,-0.9411256,-0.16032052,-0.2976238,0.17746252,-0.9836294,-0.031309843
1356327603023,-0.2720024,-0.09348473,0.95774496,-0.946702,-0.1524561,-0.2837473,0.17254007,-0.98387897,-0.047033787
1356327603063,-0.24764395,-0.09282008,0.96439457,-0.9548404,-0.14528817,-0.2591741,0.16417167,-0.98502576,-0.052648604
1356327603129,-0.2196173,-0.08457106,0.9719135,-0.96269196,-0.14264935,-0.22994623,0.1580897,-0.9861535,-0.05008757
1356327603145,-0.1931526,-0.07276198,0.97846705,-0.9682188,-0.14735341,-0.20208722,0.1588847,-0.9864039,-0.041987836
1356327603184,-0.17221028,-0.059771538,0.983245,-0.970832,-0.15873909,-0.17968598,0.16681954,-0.98550963,-0.030691564
1356327603224,-0.16029346,-0.04760632,0.9859208,-0.9706949,-0.17357773,-0.16619942,0.17904595,-0.9836689,-0.018387854
1356327603264,-0.16001368,-0.038255095,0.98637325,-0.96796906,-0.1897695,-0.16438806,0.1934722,-0.98108315,-0.0066640675
1356327603304,-0.17283833,-0.03316796,0.98439157,-0.96243805,-0.20677125,-0.17595068,0.20937979,-0.97782695,0.0038158894
1356327603344,-0.19841313,-0.032598406,0.97957623,-0.95355284,-0.22469723,-0.20061955,0.22664797,-0.97388315,0.013498545
1356327603383,-0.2339145,-0.034761935,0.9716356,-0.94093585,-0.24352342,-0.2352362,0.2447933,-0.9692719,0.024254888
1356327603423,-0.27314967,-0.034020454,0.9613698,-0.9257189,-0.26247394,-0.27230862,0.26159853,-0.96433926,0.040201277
1356327603463,-0.30555826,-0.01904282,0.951983,-0.91243875,-0.27995288,-0.2984658,0.27219406,-0.95982486,0.068166554
1356327603503,-0.31944197,0.022987127,0.9473269,-0.9082528,-0.29253292,-0.29916766,0.2702473,-0.9559791,0.114325464
1356327603543,-0.3100593,0.09265867,0.9461911,-0.9165596,-0.29351062,-0.27160642,0.25255048,-0.9514545,0.17593294
1356327603583,-0.28698397,0.16893762,0.94292116,-0.93144995,-0.27907383,-0.23349264,0.22369888,-0.9452925,0.23744664
1356327603623,-0.26787478,0.22452325,0.93692714,-0.94372946,-0.25691533,-0.20825288,0.19395334,-0.93999135,0.2807103
1356327603663,-0.26411736,0.24652416,0.9324527,-0.9492008,-0.23790014,-0.20596468,0.17105535,-0.93948364,0.29683444
1356327603703,-0.27677095,0.23651308,0.931375,-0.94798714,-0.22578144,-0.22437257,0.15722016,-0.94503134,0.2867011
1356327603743,-0.30213833,0.20095664,0.9318416,-0.9411177,-0.21843272,-0.25803983,0.15168992,-0.9549364,0.2551208
1356327603783,-0.33287573,0.15011668,0.93094504,-0.9305879,-0.2117635,-0.29860076,0.15231523,-0.96572316,0.21018767
1356327603823,-0.36365336,0.09228596,0.92695177,-0.9182776,-0.20279282,-0.34006062,0.15659633,-0.9748633,0.15849042
1356327603863,-0.39085305,0.033707142,0.91983575,-0.9060254,-0.19033217,-0.3780101,0.16233271,-0.9811409,0.104931474
1356327603903,-0.41209567,-0.020675689,0.91090596,-0.89549875,-0.17526054,-0.40910348,0.16810438,-0.9843049,0.05370903
1356327603943,-0.42570257,-0.06638196,0.90242493,-0.8882414,-0.1596207,-0.43075332,0.17263994,-0.984944,0.008987725
1356327603983,-0.43042862,-0.0992111,0.8971557,-0.88573736,-0.14493912,-0.4409784,0.17378289,-0.98445404,-0.025489032
1356327604023,-0.4258138,-0.11633232,0.89730114,-0.8888891,-0.1314382,-0.43886238,0.16899353,-0.98447484,-0.047438323
1356327604063,-0.41271228,-0.117937535,0.903194,-0.89712965,-0.11889738,-0.42546663,0.15756589,-0.9858774,-0.0567348
1356327604129,-0.39368808,-0.10794869,0.9128838,-0.9081694,-0.10801339,-0.40442753,0.14226109,-0.98827136,-0.05551207
1356327604144,-0.3725916,-0.09290877,0.9233328,-0.918988,-0.10135174,-0.3810367,0.12898305,-0.9905028,-0.047619224
1356327604184,-0.3531021,-0.078905314,0.9322516,-0.92737186,-0.10222107,-0.3599058,0.12369421,-0.99162734,-0.03708011
1356327604224,-0.33741212,-0.06893906,0.9388293,-0.93262315,-0.111058,-0.34333676,0.12793383,-0.99142,-0.026821852
1356327604264,-0.32653672,-0.063164264,0.9430716,-0.9349072,-0.12515277,-0.33209223,0.13900438,-0.99012476,-0.018185735
1356327604304,-0.3213656,-0.06108272,0.94498307,-0.9344301,-0.14131308,-0.32691115,0.15350705,-0.98807865,-0.011664391
1356327604344,-0.32284766,-0.0621998,0.94440484,-0.9310807,-0.15822768,-0.32871383,0.1698769,-0.9854416,-0.00682956
1356327604383,-0.33140624,-0.06559557,0.94120514,-0.924538,-0.17635596,-0.3378284,0.18814719,-0.9821384,-0.0022001266
1356327604424,-0.34631354,-0.06952575,0.9355389,-0.91465414,-0.19662404,-0.35319492,0.20850563,-0.9780108,0.004501641
1356327604464,-0.3649727,-0.07044327,0.92834944,-0.9022621,-0.21914744,-0.3713456,0.22960418,-0.9731455,0.016424537
1356327604504,-0.38178432,-0.06087804,0.9222442,-0.8906529,-0.2423622,-0.38470492,0.24693725,-0.9682739,0.03830892
1356327604543,-0.38747692,-0.028455377,0.9214401,-0.8866391,-0.26221287,-0.3809402,0.25245324,-0.96459043,0.07637179
1356327604583,-0.37218666,0.036225468,0.9274506,-0.89696646,-0.27090645,-0.349372,0.23859626,-0.9619237,0.13332093
1356327604622,-0.3356192,0.121806264,0.9340894,-0.9189578,-0.26030654,-0.29623815,0.20706585,-0.95781195,0.19929865
1356327604663,-0.29155207,0.19925004,0.935573,-0.94132966,-0.23357439,-0.24360135,0.16998824,-0.9517051,0.25565898
1356327604702,-0.2562815,0.24691436,0.9345336,-0.9562079,-0.20616728,-0.20775357,0.14137289,-0.94685185,0.28893822
1356327604743,-0.23802996,0.2605675,0.93565285,-0.9629877,-0.18876028,-0.19241661,0.12647656,-0.9468232,0.29585388
1356327604783,-0.23668689,0.2450127,0.9401852,-0.9636772,-0.18241978,-0.19506222,0.12371567,-0.9522037,0.27928945
1356327604823,-0.24967438,0.20658413,0.94603676,-0.95957386,-0.1838702,-0.2130957,0.12992579,-0.96099675,0.24414045
1356327604863,-0.27196634,0.15299255,0.95006716,-0.95173615,-0.18869662,-0.24205765,0.14224139,-0.97004473,0.19692764
1356327604903,-0.29846764,0.091742486,0.9500002,-0.9412836,-0.1928699,-0.27710345,0.15780431,-0.9769261,0.14392117
1356327604943,-0.3249591,0.029483765,0.9452683,-0.9296771,-0.19332504,-0.31356934,0.17349884,-0.9806917,0.09023315
1356327604983,-0.3476749,-0.027368188,0.93721557,-0.9189483,-0.18851727,-0.3464034,0.18616173,-0.9816885,0.040392756
1356327605023,-0.36289036,-0.07230693,0.92902225,-0.91172487,-0.17844188,-0.37002206,0.19253165,-0.9812901,-0.0011692047
1356327605063,-0.3675298,-0.10010773,0.92460823,-0.91046923,-0.16400886,-0.3796669,0.18965149,-0.98136616,-0.030866921
1356327605130,-0.36030185,-0.10899657,0.9264461,-0.9159462,-0.14679468,-0.37348878,0.17670634,-0.98314345,-0.04694462
1356327605144,-0.34304035,-0.10228914,0.93373454,-0.92606086,-0.12960786,-0.35441947,0.15727255,-0.9862752,-0.050265253
1356327605184,-0.32033378,-0.08689669,0.94331074,-0.9370289,-0.11720693,-0.32899758,0.13915133,-0.98929846,-0.04387933
1356327605224,-0.29817325,-0.070617855,0.95189583,-0.9455412,-0.11454892,-0.3046807,0.13055453,-0.99090445,-0.032616675
1356327605264,-0.2812683,-0.057973206,0.95787644,-0.9502682,-0.12225491,-0.2864334,0.1337106,-0.99080414,-0.020703673
1356327605323,-0.27258468,-0.050108463,0.96082604,-0.95121276,-0.13599032,-0.2769495,0.14454052,-0.9894421,-0.010594904
1356327605343,-0.27429062,-0.04668513,0.960513,-0.94860196,-0.15082467,-0.27822,0.15785778,-0.9874576,-0.0029157996
1356327605383,-0.28819746,-0.04744041,0.9563951,-0.94212514,-0.16461879,-0.29206306,0.17129618,-0.9852157,0.0027478933
1356327605420,-0.31596887,-0.052560717,0.9473125,-0.930609,-0.17725217,-0.32023215,0.1847448,-0.9827609,0.0070927143
1356327605463,-0.35701746,-0.06196478,0.9320402,-0.9126282,-0.1895591,-0.36218408,0.1991193,-0.97991216,0.011125028
1356327605503,-0.4079709,-0.07315147,0.9100597,-0.8875453,-0.20193285,-0.4141094,0.21406361,-0.97666377,0.017457426
1356327605543,-0.45883042,-0.07719004,0.8851646,-0.859305,-0.21482718,-0.4641597,0.22598588,-0.97359693,0.032239377
1356327605583,-0.49491733,-0.058779687,0.8669496,-0.8385228,-0.22936058,-0.4942401,0.22789532,-0.97156507,0.06422645
1356327605624,-0.5045381,-0.0076517165,0.8633555,-0.83640206,-0.24372697,-0.49094677,0.2141796,-0.9698137,0.11656958
1356327605663,-0.48915267,0.06494534,0.86977684,-0.85168725,-0.2505597,-0.46027023,0.18803859,-0.96592027,0.17787504
1356327605703,-0.4636398,0.13197267,0.87614,-0.87139523,-0.2468645,-0.42394382,0.16033885,-0.96002144,0.22945651
1356327605743,-0.4438131,0.17362663,0.879138,-0.8850961,-0.23833758,-0.39975005,0.14012441,-0.95553595,0.2594536
1356327605783,-0.43668437,0.1857112,0.8802376,-0.89025325,-0.22999877,-0.39312825,0.1294452,-0.95530725,0.2657668
1356327605823,-0.4419775,0.17254469,0.880275,-0.8880805,-0.22241098,-0.4023013,0.1263679,-0.95956326,0.25153428
1356327605863,-0.45634818,0.14086631,0.8785802,-0.88045573,-0.2142176,-0.422976,0.12862423,-0.96657515,0.2217843
1356327605903,-0.47569013,0.0975562,0.87418634,-0.86926126,-0.20415878,-0.45022672,0.1345504,-0.97406465,0.18191814
1356327605943,-0.49659437,0.048488826,0.8666273,-0.8561647,-0.19156271,-0.47988096,0.1427446,-0.98028195,0.13664341
1356327605983,-0.51642317,-0.0015205145,0.8563322,-0.84277195,-0.17636216,-0.5085586,0.1517978,-0.98432416,0.08979601
1356327606023,-0.53297406,-0.048416615,0.8447453,-0.83079195,-0.15929651,-0.5333005,0.16038558,-0.98604286,0.04467672
1356327606063,-0.543692,-0.08815369,0.8346424,-0.82252145,-0.14180034,-0.55077314,0.16690531,-0.9859623,0.0045874715
1356327606130,-0.54601586,-0.11719549,0.8295373,-0.8205095,-0.12517858,-0.55775857,0.16920707,-0.9851881,-0.027810574
1356327606145,-0.53790885,-0.13346294,0.8323711,-0.8266486,-0.110039175,-0.5518545,0.16524553,-0.98492587,-0.051135898
1356327606184,-0.518793,-0.1378186,0.8437179,-0.84062517,-0.097359955,-0.5327948,0.15557337,-0.98566073,-0.065344155
1356327606224,-0.49041557,-0.13282976,0.8613064,-0.8597032,-0.088250756,-0.50311255,0.14283928,-0.98720217,-0.070914626
1356327606263,-0.45610493,-0.122695684,0.8814273,-0.8800906,-0.08465743,-0.46719766,0.13194251,-0.988827,-0.06937069
1356327606303,-0.4205175,-0.11115602,0.9004495,-0.89836717,-0.08779138,-0.4303825,0.12689137,-0.98991764,-0.062941074
1356327606343,-0.3877926,-0.10008249,0.9162972,-0.9127557,-0.096812546,-0.39686817,0.12842861,-0.99025804,-0.053807676
1356327606383,-0.3613516,-0.090103626,0.9280659,-0.922626,-0.10940057,-0.36985496,0.13485622,-0.9899055,-0.043599904
1356327606422,-0.3440882,-0.08157477,0.935387,-0.92778814,-0.12352663,-0.35206568,0.14426494,-0.9889827,-0.033180058
1356327606463,-0.33776957,-0.07456091,0.9382709,-0.92820156,-0.13889301,-0.34518203,0.1560564,-0.9874965,-0.022293627
1356327606503,-0.34373915,-0.06906372,0.936522,-0.92356646,-0.15557903,-0.35045707,0.16990706,-0.98540616,-0.010306299
1356327606543,-0.36052257,-0.06390092,0.93055904,-0.91412675,-0.17415977,-0.36611572,0.18546101,-0.98264194,0.0043749213
1356327606583,-0.38315248,-0.054932177,0.9220502,-0.90155977,-0.19493538,-0.38625133,0.20095783,-0.97927654,0.025165379
1356327606623,-0.39978576,-0.032229125,0.91604185,-0.8917806,-0.21735185,-0.39684454,0.21189329,-0.97556114,0.058152854
1356327606663,-0.39573967,0.015176266,0.91823745,-0.8936919,-0.2365638,-0.38125125,0.2114357,-0.97149754,0.107180476
1356327606703,-0.36131155,0.08791846,0.9282911,-0.911732,-0.2419815,-0.33194828,0.19544494,-0.9662894,0.16758886
1356327606743,-0.30723304,0.16543195,0.93714464,-0.9365976,-0.22693497,-0.2669934,0.16850162,-0.9597566,0.22466502
1356327606782,-0.25860143,0.22163147,0.94021523,-0.95559484,-0.20106053,-0.21543673,0.14129269,-0.95417714,0.26378453
1356327606823,-0.22828329,0.24617916,0.94195676,-0.9659421,-0.17833745,-0.18748784,0.12183055,-0.95267606,0.27850625
1356327606864,-0.22237372,0.24005625,0.944946,-0.9684886,-0.16588771,-0.1857715,0.11215931,-0.95648015,0.2693808
1356327606903,-0.24693573,0.20783228,0.9464822,-0.96262175,-0.16476959,-0.21496579,0.11127463,-0.964187,0.24075142
1356327606943,-0.28913462,0.15786323,0.9441824,-0.95007145,-0.16820294,-0.26281524,0.117325455,-0.97302973,0.19861469
1356327606983,-0.33743155,0.09818524,0.9362155,-0.9326382,-0.16986197,-0.31832802,0.12777233,-0.98056436,0.14888817
1356327607022,-0.38204098,0.03693247,0.9234071,-0.91355175,-0.16595179,-0.37132615,0.13952711,-0.985442,0.09714013
1356327607063,-0.4174645,-0.019802958,0.9084773,-0.89623237,-0.15602636,-0.41523877,0.14996943,-0.9875543,0.04738748
1356327607130,-0.43715733,-0.0651862,0.8970196,-0.8856852,-0.14221698,-0.44196844,0.1563817,-0.98768675,0.0044367313
1356327607144,-0.43783963,-0.09476867,0.89404446,-0.88541555,-0.12709606,-0.44708595,0.15599924,-0.9873527,-0.02826202
1356327607184,-0.4184264,-0.10731399,0.9018886,-0.89627707,-0.11192018,-0.42914015,0.14699224,-0.9879057,-0.049352705
1356327607224,-0.3822751,-0.10597417,0.9179516,-0.914698,-0.097566545,-0.39218393,0.13112271,-0.98957074,-0.05963713
1356327607264,-0.3361435,-0.09615138,0.93688977,-0.93484855,-0.0866701,-0.34430596,0.114305824,-0.9915862,-0.060753405
1356327607304,-0.2875588,-0.08304387,0.95415604,-0.9521021,-0.083369434,-0.29419574,0.103978634,-0.9930525,-0.055092633
1356327607343,-0.24293506,-0.069972515,0.96751565,-0.96448123,-0.089224756,-0.24862602,0.10372335,-0.99355066,-0.045811355
1356327607383,-0.20714009,-0.058314413,0.9765718,-0.97196627,-0.101237774,-0.21220845,0.111240774,-0.9931517,-0.035709262
1356327607423,-0.18419307,-0.048570693,0.9816893,-0.9752757,-0.11504972,-0.18868199,0.122107446,-0.99217165,-0.026178539
1356327607463,-0.17715997,-0.040783405,0.9833367,-0.97503936,-0.1285991,-0.18099871,0.13383797,-0.9908577,-0.016982794
1356327607503,-0.18732554,-0.03444025,0.981694,-0.97132814,-0.14244461,-0.19034484,0.14639258,-0.98920345,-0.00676924
1356327607543,-0.21446115,-0.028880954,0.9763054,-0.9634529,-0.15801138,-0.21631217,0.16051465,-0.9870149,0.0060619116
1356327607583,-0.2558787,-0.022889078,0.9664379,-0.95049804,-0.17635715,-0.25583518,0.17629403,-0.98406005,0.023370028
1356327607623,-0.30339587,-0.012323558,0.95278496,-0.9334069,-0.19719553,-0.2997759,0.19157928,-0.9802868,0.04832542
1356327607662,-0.33999634,0.012545198,0.9403431,-0.9188373,-0.21745503,-0.3293195,0.20035094,-0.9759898,0.0854609
1356327607703,-0.3421839,0.064575285,0.9374115,-0.91942406,-0.22880447,-0.3198563,0.19382912,-0.97132826,0.13766521
1356327607743,-0.3050698,0.13874385,0.9421691,-0.93715596,-0.21964115,-0.2711022,0.16932532,-0.9656645,0.19703048
1356327607783,-0.25144762,0.20920044,0.94499165,-0.95839006,-0.19014102,-0.21291968,0.13513881,-0.9592087,0.24830619
1356327607823,-0.21236253,0.25321493,0.9438137,-0.9715581,-0.15826583,-0.17614415,0.10477111,-0.95437634,0.27962276
1356327607863,-0.20217782,0.26574937,0.9426035,-0.97555757,-0.13925749,-0.16998503,0.08609122,-0.9539311,0.2874086
1356327607903,-0.22121572,0.25034583,0.9425447,-0.9719682,-0.13551795,-0.19212699,0.079633564,-0.95862496,0.27330685
1356327607943,-0.2623436,0.2128937,0.94119716,-0.9614042,-0.14148909,-0.23597187,0.082932204,-0.96677667,0.24179569
1356327607983,-0.3148631,0.16043848,0.9354789,-0.94456166,-0.14962709,-0.29225847,0.09308353,-0.97563887,0.19865611
1356327608023,-0.36841106,0.100260526,0.9242408,-0.9234899,-0.15384537,-0.35142282,0.10695636,-0.98299515,0.14926797
1356327608063,-0.41431725,0.039471805,0.9092762,-0.9019954,-0.15110362,-0.40444028,0.12143093,-0.98772955,0.09820819
1356327608131,-0.44575727,-0.01529488,0.8950232,-0.88507843,-0.14206171,-0.44323206,0.13392773,-0.98973966,0.04978788
1356327608162,-0.45848584,-0.058909893,0.8867471,-0.8772568,-0.12961859,-0.46218997,0.1421664,-0.98981243,0.0077491403
1356327608183,-0.44867218,-0.08744073,0.88940847,-0.8820479,-0.116830826,-0.45644507,0.14382228,-0.989295,-0.024708152
1356327608223,-0.41650987,-0.09994474,0.9036208,-0.89870095,-0.10486364,-0.4258406,0.13731748,-0.98945165,-0.04614365
1356327608260,-0.36562616,-0.098890066,0.92549354,-0.9224433,-0.094142675,-0.3744804,0.124160826,-0.99063516,-0.05679947
1356327608303,-0.3035084,-0.088498145,0.9487101,-0.94659615,-0.085692585,-0.31082574,0.10880494,-0.9923835,-0.057763636
1356327608343,-0.23963732,-0.07377431,0.9680554,-0.96594036,-0.082159996,-0.24537507,0.09763783,-0.9938849,-0.05157298
1356327608383,-0.1825251,-0.05805117,0.98148596,-0.9786324,-0.085397065,-0.18704534,0.09467423,-0.9946544,-0.041223645
1356327608423,-0.13818502,-0.042871058,0.9894781,-0.9854142,-0.09423274,-0.14170027,0.09931609,-0.99462664,-0.029224217
1356327608463,-0.111584544,-0.029328227,0.99332213,-0.98781466,-0.105855584,-0.11409128,0.10849479,-0.99394894,-0.017158985
1356327608503,-0.10742861,-0.018781692,0.99403536,-0.9869615,-0.11852026,-0.10890347,0.11985874,-0.99277395,-0.00580436
1356327608543,-0.12890983,-0.012199372,0.99158126,-0.9827149,-0.13240314,-0.12938616,0.13286692,-0.9911208,0.005079508
1356327608583,-0.17816734,-0.010180652,0.9839475,-0.9728401,-0.14835119,-0.17769098,0.14777875,-0.9888823,0.016527176
1356327608623,-0.2546966,-0.012741119,0.9669371,-0.95291066,-0.16688472,-0.25320098,0.16459316,-0.9858941,0.030363858
1356327608662,-0.3526683,-0.017898291,0.9355772,-0.9179716,-0.18734127,-0.34961578,0.18152982,-0.9821317,0.049639285
1356327608703,-0.45109785,-0.016366512,0.89232445,-0.8712137,-0.20886093,-0.44425648,0.19364262,-0.9778084,0.0799579
1356327608743,-0.519237,0.008093029,0.8545921,-0.8325379,-0.23068368,-0.5036525,0.19306433,-0.9729952,0.12651724
1356327608784,-0.53722686,0.0642367,0.84098804,-0.82511073,-0.24675441,-0.5082367,0.1748701,-0.96694666,0.18556553
1356327608823,-0.5308159,0.12703377,0.8379122,-0.8345639,-0.25035685,-0.4907388,0.14743671,-0.95978326,0.23891115
1356327608863,-0.53148085,0.170217,0.82979167,-0.8383422,-0.24596232,-0.48650265,0.12128645,-0.95421624,0.2734244
1356327608903,-0.5584064,0.18127444,0.8095195,-0.8229778,-0.24380559,-0.5130949,0.10435435,-0.9527321,0.28532743
1356327608943,-0.60858434,0.16229594,0.7767142,-0.787445,-0.24411559,-0.5659839,0.09775117,-0.95606875,0.27636415
1356327608983,-0.668135,0.1219942,0.7339707,-0.73744607,-0.23961937,-0.63147116,0.09883779,-0.96317184,0.2500623
1356327609023,-0.7219986,0.07219809,0.6881174,-0.6839456,-0.22479534,-0.69403565,0.10457757,-0.9717276,0.21168149
1356327609063,-0.76402557,0.021040529,0.64484286,-0.63519573,-0.19973356,-0.7460783,0.11309883,-0.97962433,0.16596633
1356327609130,-0.7922294,-0.025754243,0.6096797,-0.59775496,-0.1681847,-0.7838387,0.122725934,-0.9854191,0.11784607
1356327609145,-0.8092225,-0.066479385,0.583729,-0.57246757,-0.13411403,-0.8088846,0.13206041,-0.98873353,0.07047075
1356327609184,-0.81607366,-0.09941973,0.56933236,-0.56088537,-0.101358,-0.82166547,0.13939616,-0.9898698,0.026952565
1356327609224,-0.81202656,-0.122182265,0.57068753,-0.56596977,-0.07380706,-0.8211155,0.14244656,-0.98975956,-0.009218097
1356327609264,-0.7956595,-0.13310094,0.59094,-0.58955824,-0.053852856,-0.8059286,0.13909364,-0.9896383,-0.03562224
1356327609303,-0.76552796,-0.13241094,0.6296303,-0.6303341,-0.041889846,-0.775193,0.12901914,-0.99030936,-0.051395237
1356327609344,-0.7225102,-0.123021364,0.68032694,-0.68171394,-0.03703797,-0.7306807,0.11508724,-0.99171257,-0.057105064
1356327609383,-0.67184025,-0.1099281,0.7324933,-0.73352623,-0.038520455,-0.6785686,0.10280976,-0.9931928,-0.05475551
1356327609423,-0.6215155,-0.09763968,0.7772933,-0.7773668,-0.046054482,-0.6273594,0.09705299,-0.99415565,-0.047278285
1356327609463,-0.5780957,-0.087738246,0.81123817,-0.8099718,-0.05861324,-0.58353245,0.0987474,-0.99441767,-0.037181437
1356327609503,-0.5462364,-0.080016345,0.8338005,-0.83094263,-0.073779464,-0.5514445,0.1056419,-0.9940594,-0.026188016
1356327609543,-0.5304635,-0.074644715,0.844415,-0.8398135,-0.08935231,-0.5354714,0.11542052,-0.99319905,-0.015289545
1356327609583,-0.5344643,-0.072408974,0.8420837,-0.8355708,-0.104629576,-0.5393275,0.127159,-0.99187183,-0.0045820475
1356327609623,-0.5592352,-0.074038506,0.82569623,-0.8169544,-0.12001562,-0.564076,0.14085978,-0.99000734,0.0066308975
1356327609663,-0.60152924,-0.07942313,0.7948928,-0.78337455,-0.13626784,-0.6064284,0.15648279,-0.98748314,0.019751132
1356327609702,-0.65258735,-0.086082995,0.7528077,-0.7377562,-0.15433645,-0.657188,0.1727584,-0.9842611,0.03720981
1356327609743,-0.6965506,-0.08555299,0.7123889,-0.6929879,-0.17712408,-0.6988524,0.18597016,-0.980463,0.06408876
1356327609783,-0.7172452,-0.0641658,0.6938603,-0.6706643,-0.2066927,-0.71238166,0.18912643,-0.9762996,0.10521567
1356327609823,-0.70238525,-0.01089865,0.71171343,-0.68961906,-0.23722947,-0.68421316,0.17629644,-0.9713925,0.1591106
1356327609864,-0.657439,0.063245,0.7508489,-0.7383478,-0.25295037,-0.62518686,0.15038761,-0.9654098,0.2129963
1356327609903,-0.6081136,0.12773877,0.78350544,-0.78427964,-0.24946529,-0.5680429,0.122896284,-0.95992184,0.251886
1356327609943,-0.57644516,0.16253611,0.8008077,-0.8105161,-0.23822302,-0.5350826,0.103800595,-0.95751333,0.2690606
1356327609983,-0.5660424,0.16607565,0.80747443,-0.8188149,-0.22684592,-0.527336,0.095594585,-0.9596666,0.26438957
1356327610023,-0.5692969,0.14531487,0.80918777,-0.8165481,-0.2144633,-0.5359616,0.095657855,-0.9658619,0.24074972
1356327610063,-0.57561994,0.10999137,0.81028616,-0.81152576,-0.19855088,-0.5495485,0.1004374,-0.9738991,0.20355064
1356327610131,-0.5770048,0.06901038,0.81382,-0.8096493,-0.17935103,-0.55883914,0.1073938,-0.9813617,0.1593607
1356327610144,-0.57141596,0.027050346,0.82021457,-0.8125621,-0.15871203,-0.5608505,0.115006745,-0.9869542,0.11267072
1356327610184,-0.55789065,-0.012606382,0.8298187,-0.8209211,-0.13841832,-0.5540116,0.12184623,-0.9902936,0.06687343
1356327610224,-0.5365492,-0.047227263,0.84254646,-0.8343826,-0.119597495,-0.53805405,0.12617722,-0.99169856,0.02476424
1356327610264,-0.50654685,-0.073576,0.85906744,-0.8529998,-0.10249722,-0.5117476,0.12570435,-0.99200857,-0.010840654
1356327610304,-0.46699595,-0.08915514,0.87975335,-0.8762629,-0.086838126,-0.4739434,0.118650645,-0.992225,-0.037570238
1356327610344,-0.41864014,-0.093687475,0.90330684,-0.9019674,-0.07299358,-0.42559004,0.10580805,-0.9929223,-0.053945005
1356327610383,-0.36450034,-0.089288175,0.92691267,-0.9266754,-0.063260555,-0.3705008,0.091718405,-0.99399483,-0.059682667
1356327610423,-0.3094123,-0.07958329,0.94759196,-0.94730115,-0.061152816,-0.31445327,0.08297318,-0.99495065,-0.05646783
1356327610462,-0.2581063,-0.06780085,0.9637345,-0.96250796,-0.06809002,-0.26256812,0.08342302,-0.99537265,-0.04768443
1356327610503,-0.21347135,-0.055241853,0.97538626,-0.97260547,-0.082029104,-0.21750852,0.09202567,-0.99509776,-0.03621763
1356327610543,-0.17777598,-0.04268545,0.98314476,-0.9784897,-0.098585784,-0.18121457,0.10465932,-0.9942126,-0.02424115
1356327610583,-0.1530286,-0.030849487,0.98774016,-0.9810388,-0.115549564,-0.15559933,0.11893311,-0.9928225,-0.012582183
