1356425317628,0.71815133,0.23464447,-0.6551341,-0.65137005,-0.104653746,-0.7515081,-0.24489954,0.96643126,0.07768318
1356425317669,-0.011759043,0.07718924,-0.99694717,-0.9694804,-0.24505323,-0.0075383484,-0.244887,0.966432,0.07771498
1356425317708,-0.01208657,0.07730949,-0.99693394,-0.96951175,-0.24493825,-0.007240176,-0.24474692,0.9664516,0.07791284
1356425317748,-0.012795925,0.07778105,-0.99688834,-0.96966755,-0.24433792,-0.0066176355,-0.24409229,0.9665656,0.07854828
1356425317789,-0.014026046,0.07908246,-0.99676937,-0.97012424,-0.24254405,-0.0055920184,-0.2422027,0.9669118,0.080121756
1356425317828,-0.016683161,0.0819284,-0.9964986,-0.97106755,-0.23878127,-0.0033742785,-0.23822165,0.96761113,0.08354163
1356425317868,-0.022509634,0.08709735,-0.9959454,-0.9725676,-0.23261428,0.0016387403,-0.23152846,0.9686612,0.08994421
1356425317908,-0.033273995,0.09524667,-0.9948974,-0.9745289,-0.22398466,0.011149585,-0.22177976,0.9699273,0.10027346
1356425317950,-0.04944396,0.10684174,-0.9930459,-0.9766812,-0.21315187,0.025696129,-0.20892414,0.9711597,0.11488932
1356425317988,-0.07020283,0.122217685,-0.9900173,-0.97864413,-0.20065951,0.044624984,-0.1932025,0.97200745,0.13369453
1356425318028,-0.094469786,0.14177838,-0.9853804,-0.9800186,-0.18727899,0.06700963,-0.17504048,0.9720214,0.15663755
1356425318069,-0.12076336,0.16589874,-0.9787204,-0.980491,-0.17397285,0.091492474,-0.15509233,0.9706755,0.18367177
1356425318107,-0.14730966,0.19461095,-0.9697559,-0.9799509,-0.16169441,0.11640942,-0.13414958,0.96746135,0.21452835
1356425318148,-0.17143792,0.22725573,-0.95862603,-0.97866905,-0.15109336,0.13920361,-0.11320725,0.9620424,0.24831137
1356425318189,-0.19204247,0.26287252,-0.94552505,-0.97695285,-0.14268672,0.15875626,-0.09318125,0.95422137,0.28421596
1356425318228,-0.20614082,0.29959846,-0.9315292,-0.97562325,-0.1361534,0.17210883,-0.075267375,0.94430023,0.320362
1356425318268,-0.2177366,0.33608073,-0.916319,-0.97416526,-0.13249207,0.18288764,-0.05994001,0.93246746,0.3562466
1356425318308,-0.22629213,0.3708122,-0.90071654,-0.9729074,-0.13100725,0.19049525,-0.047362387,0.9194213,0.39041176
1356425318348,-0.23166043,0.40202293,-0.8858392,-0.97207856,-0.13065153,0.19491935,-0.0373742,0.9062604,0.42106462
1356425318388,-0.233895,0.42843062,-0.87277746,-0.9717999,-0.13068813,0.19627959,-0.029969484,0.8940738,0.44691607
1356425318428,-0.23403347,0.4496847,-0.8619814,-0.9718853,-0.13176417,0.19513342,-0.025829762,0.88341486,0.4678792
1356425318468,-0.2330535,0.46595708,-0.8535632,-0.9721055,-0.13545704,0.19147432,-0.026402324,0.87437713,0.48452812
1356425318516,-0.22933179,0.476942,-0.84848875,-0.97277576,-0.14220029,0.18299258,-0.033378482,0.86735535,0.49656868
1356425318549,-0.21865523,0.48159605,-0.84867847,-0.97467154,-0.14964592,0.16619739,-0.046961278,0.86352265,0.5021188
1356425318589,-0.19743592,0.4787647,-0.8554549,-0.9781733,-0.15387255,0.13964242,-0.06477526,0.8643537,0.49869502
1356425318619,-0.17420477,0.47059965,-0.864979,-0.98133767,-0.15559894,0.11298412,-0.0814195,0.8685188,0.4889232
1356425318659,-0.12969124,0.4520508,-0.8825135,-0.98680186,-0.1458801,0.07029277,-0.09696528,0.8799824,0.465004
1356425318689,-0.09041512,0.4274643,-0.89949954,-0.9898431,-0.13806736,0.033883244,-0.10970762,0.8934269,0.43560597
1356425318719,-0.04957205,0.39815322,-0.91597855,-0.9915248,-0.12988752,-0.0027983785,-0.12008837,0.90807664,0.4012176
1356425318749,-0.009644508,0.36440536,-0.9311905,-0.99162686,-0.1234113,-0.038024396,-0.12877572,0.9230268,0.3625444
1356425318790,0.039057434,0.32187507,-0.9459762,-0.9898335,-0.1171096,-0.0807156,-0.13676316,0.9395115,0.3140287
1356425318819,0.06532729,0.27770004,-0.9584441,-0.98747146,-0.12027031,-0.102152914,-0.14364028,0.9531095,0.2663639
1356425318859,0.09185159,0.23148298,-0.9684931,-0.98440623,-0.12542617,-0.123339355,-0.15002537,0.9647196,0.2163527
1356425318898,0.10092157,0.18531346,-0.9774835,-0.98268294,-0.13489681,-0.12703255,-0.15540019,0.97337663,0.16849029
1356425318935,0.0936954,0.14208248,-0.98541045,-0.98277795,-0.14514291,-0.1143727,-0.15927568,0.9791558,0.12603629
1356425318976,0.07263619,0.10334119,-0.9919902,-0.9841635,-0.15382618,-0.088088036,-0.16169718,0.982679,0.09053135
1356425319018,0.03968227,0.069765985,-0.99677384,-0.98579484,-0.16019589,-0.050457627,-0.16319928,0.98461676,0.062417924
1356425319058,-0.0034576654,0.04186347,-0.9991174,-0.98644876,-0.16403341,-0.0034592748,-0.1640335,0.9855661,0.041863352
1356425319098,-0.05681795,0.020150274,-0.9981811,-0.9848685,-0.16508651,0.05272755,-0.1637238,0.98607314,0.02922532
1356425319138,-0.119726,0.004570931,-0.9927964,-0.9795625,-0.16333884,0.117378,-0.16162571,0.9865594,0.024033457
1356425319178,-0.18726295,-0.00619933,-0.98229027,-0.96951103,-0.15973037,0.18583483,-0.15805367,0.9871412,0.023901224
1356425319218,-0.24986261,-0.01487869,-0.96816695,-0.9557737,-0.15640259,0.24906781,-0.15512967,0.98758125,0.024858534
1356425319258,-0.29822087,-0.023868084,-0.9541985,-0.9416764,-0.15594143,0.29820794,-0.15591669,0.98747796,0.024028957
1356425319298,-0.3295762,-0.033338815,-0.94354016,-0.9300722,-0.16034555,0.33053753,-0.16231221,0.98649776,0.021838605
1356425319337,-0.34721404,-0.041344255,-0.93687415,-0.9215549,-0.17002296,0.34903973,-0.17372087,0.98457247,0.02093333
1356425319378,-0.35501605,-0.045834124,-0.93373597,-0.9157452,-0.1838944,0.35720253,-0.18808079,0.98187685,0.023312986
1356425319417,-0.35471982,-0.045703977,-0.93385494,-0.9125979,-0.20027632,0.3564472,-0.20332003,0.97867286,0.029332638
1356425319458,-0.3466161,-0.040558457,-0.9371298,-0.91228896,-0.21776563,0.346853,-0.21814245,0.975158,0.038480043
1356425319516,-0.33123863,-0.029982686,-0.94307065,-0.91462517,-0.23536623,0.32873046,-0.23182312,0.97144425,0.050539374
1356425319539,-0.31055236,-0.012826413,-0.9504698,-0.9189048,-0.25183004,0.30363736,-0.24325138,0.96768653,0.06642011
1356425319579,-0.29023957,0.013437897,-0.9568596,-0.92371035,-0.26519573,0.27646023,-0.25004005,0.9641009,0.089383036
1356425319619,-0.2770347,0.0528301,-0.9594065,-0.92829806,-0.27244943,0.2530494,-0.24802116,0.96071863,0.12452003
1356425319649,-0.2661122,0.10278034,-0.95844686,-0.93419635,-0.27259803,0.23014665,-0.23761615,0.9566225,0.16855872
1356425319689,-0.28402454,0.17109084,-0.9434289,-0.93595004,-0.26308185,0.23406309,-0.20815292,0.9494819,0.23485419
1356425319719,-0.29738444,0.24678972,-0.92231095,-0.9393219,-0.24863088,0.23634133,-0.17098835,0.93663096,0.3057539
1356425319749,-0.31045794,0.32049075,-0.8949311,-0.94146645,-0.2337696,0.24288431,-0.13136545,0.9179529,0.37430686
1356425319779,-0.31446612,0.3841376,-0.86807215,-0.94434845,-0.21957988,0.24492979,-0.09652445,0.8967848,0.4318102
1356425319819,-0.30110902,0.42987782,-0.8511983,-0.9508075,-0.20348084,0.23358226,-0.07279065,0.8796594,0.47000092
1356425319849,-0.26795435,0.4574752,-0.84788966,-0.96159446,-0.18131578,0.2060597,-0.059468597,0.8705406,0.48849002
1356425319879,-0.2209084,0.46573383,-0.8569081,-0.97373,-0.1550687,0.16674417,-0.05522123,0.87123233,0.48775497
1356425319919,-0.15103823,0.4464093,-0.88198984,-0.98654115,-0.12460917,0.10587275,-0.06264147,0.8861102,0.45922196
1356425319950,-0.0851931,0.4160233,-0.9053545,-0.9935898,-0.103238165,0.04605654,-0.07430652,0.9034747,0.42215168
1356425319979,-0.025817692,0.3781651,-0.9253781,-0.9956689,-0.092431664,-0.009994358,-0.089313716,0.9211122,0.37891358
1356425320019,0.030953228,0.32858172,-0.9439682,-0.99350405,-0.093355596,-0.06507325,-0.10950658,0.93985045,0.3235576
1356425320059,0.068264365,0.27451268,-0.95915735,-0.9892036,-0.10634005,-0.10083753,-0.12967801,0.95568544,0.26428962
1356425320089,0.08101469,0.22448635,-0.9711038,-0.9860002,-0.12441379,-0.111017644,-0.14574063,0.9665025,0.21126422
1356425320119,0.08104658,0.18020868,-0.98028386,-0.984257,-0.14051723,-0.10720685,-0.15706626,0.97353995,0.16598308
1356425320159,0.06886101,0.14127448,-0.98757267,-0.98428595,-0.15172553,-0.09033653,-0.16260219,0.97827446,0.12860644
1356425320189,0.034908712,0.10658753,-0.9936904,-0.9856659,-0.16054451,-0.051847547,-0.16505781,0.9812566,0.0994553
1356425320219,-0.0068142414,0.07806432,-0.996925,-0.98622024,-0.16532117,-0.0062043667,-0.16529718,0.98314536,0.078115195
1356425320259,-0.05775565,0.05706805,-0.9966983,-0.98489565,-0.16649503,0.047538698,-0.16323239,0.9843895,0.065822154
1356425320289,-0.12160534,0.03958541,-0.9917889,-0.97947603,-0.16660398,0.11344588,-0.16074508,0.985229,0.059032798
1356425320329,-0.18738747,0.02793771,-0.9818887,-0.9695509,-0.1656996,0.18031824,-0.1576609,0.9857805,0.05813706
1356425320369,-0.25468355,0.01775083,-0.9668615,-0.95453596,-0.16478115,0.24841157,-0.15491104,0.9861704,0.058910847
1356425320409,-0.31355804,0.0059140027,-0.9495505,-0.93687606,-0.16488194,0.30834576,-0.15474018,0.98629546,0.057240784
1356425320449,-0.35658056,-0.009437054,-0.934217,-0.9203892,-0.16814882,0.35300115,-0.16041872,0.9857166,0.05127275
1356425320478,-0.38510668,-0.025278568,-0.92252576,-0.90705323,-0.17392129,0.38341337,-0.17013904,0.984435,0.044049323
1356425320526,-0.39715213,-0.043131173,-0.91673875,-0.8982006,-0.18682295,0.39791068,-0.18843019,0.98144627,0.035456657
1356425320545,-0.39747292,-0.057597786,-0.91580445,-0.8938334,-0.2014361,0.40060613,-0.20755011,0.9778067,0.028582573
1356425320575,-0.39183056,-0.068384856,-0.9174925,-0.89176464,-0.21708995,0.39702368,-0.22632876,0.97375333,0.024079263
1356425320618,-0.38146424,-0.074845314,-0.9213486,-0.89110947,-0.23524022,0.38805407,-0.24578226,0.9690512,0.023040295
1356425320658,-0.3619007,-0.07476649,-0.92921364,-0.89420736,-0.2538846,0.3686949,-0.26347902,0.96434057,0.025024235
1356425320697,-0.33609533,-0.06748846,-0.9394068,-0.8996974,-0.27197748,0.3414276,-0.27853996,0.9599341,0.030691206
1356425320738,-0.3071398,-0.050438702,-0.9503268,-0.90655315,-0.2882986,0.308294,-0.2895279,0.95621115,0.04282266
1356425320777,-0.2818672,-0.018963844,-0.95926607,-0.91374063,-0.29962534,0.2744135,-0.29262438,0.9538685,0.06712654
1356425320818,-0.26844752,0.033044457,-0.9627273,-0.9213513,-0.3005032,0.2465958,-0.28115404,0.95320815,0.11111495
1356425320858,-0.27009362,0.108652204,-0.9566839,-0.929896,-0.28710335,0.229924,-0.24968538,0.9517176,0.17858002
1356425320897,-0.27919942,0.20080394,-0.93900245,-0.9387221,-0.26290536,0.22289416,-0.20211071,0.9436941,0.26190203
1356425320938,-0.27771145,0.2898467,-0.9158959,-0.94813514,-0.23617572,0.21274605,-0.1546486,0.9274751,0.34040248
1356425320977,-0.25116307,0.3558214,-0.9001712,-0.96011305,-0.20964485,0.18501902,-0.122882545,0.9107361,0.39428377
1356425321018,-0.19776869,0.3906221,-0.89905614,-0.97400916,-0.18162727,0.13534293,-0.110425174,0.90245545,0.41638967
1356425321058,-0.12555778,0.39642382,-0.9094412,-0.9856417,-0.15416181,0.06887922,-0.11289579,0.90503156,0.41008818
1356425321098,-0.04673028,0.38019982,-0.9237231,-0.9910953,-0.13307363,-0.004633844,-0.12468505,0.91528106,0.38303286
1356425321138,0.026780903,0.35012323,-0.9363208,-0.9896901,-0.122547746,-0.07413226,-0.14069939,0.9286527,0.34323147
1356425321178,0.08709353,0.312601,-0.94588333,-0.983814,-0.1222716,-0.1309951,-0.15660387,0.9419821,0.29689217
1356425321219,0.13004518,0.27222124,-0.95340645,-0.9769548,-0.12896562,-0.17007998,-0.16925606,0.9535531,0.24917647
1356425321257,0.15457898,0.23187917,-0.9603839,-0.97192365,-0.13884985,-0.18996081,-0.1773971,0.9627838,0.20390561
1356425321297,0.16131777,0.19338396,-0.9677702,-0.97013223,-0.14893574,-0.19147247,-0.18116328,0.96975297,0.163582
1356425321338,0.15181053,0.1579467,-0.9757081,-0.9716438,-0.15719944,-0.17662546,-0.18127826,0.97485435,0.12960348
1356425321378,0.1278398,0.12661985,-0.98367906,-0.9755449,-0.16275,-0.14773196,-0.17879951,0.978509,0.10271737
1356425321417,0.09157109,0.100220144,-0.99074244,-0.9803253,-0.16563648,-0.10736352,-0.17486307,0.9810813,0.08308086
1356425321457,0.046018183,0.078657776,-0.995839,-0.9843533,-0.16617197,-0.058612794,-0.17009091,0.9829546,0.06978014
1356425321517,-0.0042521954,0.060348332,-0.99816835,-0.9862409,-0.16521287,-0.005787283,-0.16525951,0.9844098,0.06022051
1356425321539,-0.053195536,0.042814523,-0.9976659,-0.98518527,-0.16536593,0.045433432,-0.16303468,0.98530257,0.050976932
1356425321579,-0.095443666,0.02462688,-0.9951302,-0.9812982,-0.17020917,0.089904726,-0.1671662,0.9851002,0.04041165
1356425321619,-0.12893224,0.0067723393,-0.99163026,-0.97532547,-0.18158132,0.1255722,-0.1792112,0.98335254,0.030016959
1356425321678,-0.15439934,-0.008439839,-0.9879725,-0.9681231,-0.19832122,0.15299144,-0.19722712,0.98010075,0.022449821
1356425321698,-0.17307723,-0.019348532,-0.9847182,-0.9605602,-0.21761888,0.17310709,-0.21764258,0.97584206,0.019079387
1356425321738,-0.18553907,-0.025413305,-0.98230815,-0.95348537,-0.2370336,0.18622735,-0.23757276,0.971169,0.019747794
1356425321775,-0.19175023,-0.026569456,-0.98108405,-0.94760287,-0.2552241,0.19211838,-0.25550085,0.96651673,0.023762047
1356425321818,-0.19227952,-0.02222979,-0.9810884,-0.94318664,-0.27187067,0.19101143,-0.27097532,0.962077,0.031308293
1356425321858,-0.18905097,-0.010367274,-0.98191255,-0.94028187,-0.28634292,0.18405893,-0.28307194,0.9580711,0.044385225
1356425321898,-0.18834949,0.013248205,-0.98201275,-0.9386815,-0.2964579,0.1760391,-0.28879324,0.954954,0.068273544
1356425321937,-0.19897717,0.054562718,-0.97848403,-0.9384389,-0.298307,0.17419955,-0.28238383,0.9529091,0.11056006
1356425321978,-0.22826701,0.117498636,-0.9664824,-0.93866575,-0.2900868,0.18643036,-0.2584585,0.94975984,0.17650917
1356425322018,-0.27299124,0.19649327,-0.94173574,-0.93663764,-0.27765715,0.21358013,-0.21951255,0.9403707,0.25984094
1356425322057,-0.31673914,0.2734264,-0.90824795,-0.9315593,-0.2699067,0.24361375,-0.17853177,0.9232489,0.34020293
1356425322098,-0.34178936,0.32893443,-0.8803307,-0.9278804,-0.26669252,0.26060128,-0.14905691,0.9059124,0.39636448
1356425322138,-0.3419075,0.3551636,-0.8700334,-0.929958,-0.26107037,0.25888303,-0.1351941,0.8976085,0.41954914
1356425322178,-0.32105714,0.3543696,-0.87826216,-0.93754244,-0.25006574,0.24182874,-0.13392654,0.90104896,0.412522
1356425322218,-0.28814775,0.33281815,-0.89788806,-0.9472017,-0.23677617,0.21620801,-0.14064053,0.912781,0.38347247
1356425322258,-0.25306696,0.29708797,-0.920704,-0.95557135,-0.2254268,0.18991113,-0.151131,0.9278586,0.34093675
1356425322298,-0.2258659,0.2531532,-0.94069016,-0.9606569,-0.21809524,0.17196748,-0.16162595,0.94252205,0.29245365
1356425322338,-0.21479636,0.20565543,-0.9547609,-0.9618329,-0.2142312,0.17024198,-0.1695284,0.95488787,0.24382225
1356425322378,-0.22589713,0.15763476,-0.96131253,-0.958518,-0.21204913,0.19046897,-0.17382097,0.96446174,0.19899708
1356425322418,-0.26208496,0.11082408,-0.95866024,-0.9491024,-0.2094183,0.2352626,-0.17468825,0.97152555,0.16006878
1356425322457,-0.32303852,0.06637958,-0.9440551,-0.93047917,-0.20440102,0.304021,-0.17278495,0.976634,0.12779418
1356425322518,-0.40552217,0.025686055,-0.91372436,-0.89836323,-0.1957987,0.39320046,-0.16880625,0.98030776,0.102476
1356425322539,-0.5034736,-0.009411097,-0.8639593,-0.84841686,-0.1837343,0.49641767,-0.16341081,0.9829309,0.08452088
1356425322579,-0.60602903,-0.036987603,-0.7945821,-0.7798182,-0.16938823,0.60265356,-0.15688354,0.9848551,0.07381052
1356425322619,-0.70014864,-0.057344705,-0.71169055,-0.6980474,-0.1545304,0.6991782,-0.15007201,0.9863224,0.068165004
1356425322659,-0.7739893,-0.073878616,-0.62887406,-0.6161603,-0.14096993,0.7749026,-0.14590104,0.98725355,0.06358808
1356425322699,-0.82325095,-0.09123154,-0.56029874,-0.5479163,-0.13045388,0.82629865,-0.14847763,0.987248,0.057409048
1356425322739,-0.85104835,-0.11176212,-0.51305544,-0.50016284,-0.12491727,0.8568738,-0.15985551,0.9858523,0.050411344
1356425322779,-0.86326,-0.13433196,-0.48655623,-0.47219628,-0.1256969,0.87248546,-0.17836128,0.9829319,0.0450781
1356425322819,-0.8644422,-0.15611905,-0.47787705,-0.4610346,-0.1328597,0.8773798,-0.2004663,0.97876203,0.042873263
1356425322857,-0.8566778,-0.174562,-0.48541862,-0.465048,-0.14587283,0.8731847,-0.22323422,0.9737809,0.043786287
1356425322897,-0.83980453,-0.18772091,-0.50940084,-0.4843899,-0.16459978,0.8592283,-0.2451424,0.96833247,0.04730153
1356425322938,-0.812543,-0.1934413,-0.54986775,-0.51887536,-0.18979502,0.83351445,-0.26559827,0.962579,0.05384463
1356425322977,-0.77501804,-0.18769121,-0.60342276,-0.5649052,-0.22222388,0.7946688,-0.28324732,0.95675933,0.06619984
1356425323017,-0.733678,-0.16412088,-0.65937924,-0.61245656,-0.26057005,0.7463245,-0.29430193,0.95140296,0.09065759
1356425323057,-0.70242804,-0.11638597,-0.7021745,-0.6489849,-0.30035442,0.69900334,-0.29225546,0.94670033,0.13544476
1356425323098,-0.6937739,-0.043985426,-0.71884847,-0.66699916,-0.33723462,0.66436815,-0.2716431,0.9403926,0.20462626
1356425323137,-0.7028421,0.042794764,-0.7100574,-0.6711904,-0.37052637,0.64203864,-0.23561911,0.9278355,0.28914505
1356425323178,-0.7087027,0.12620959,-0.6941265,-0.67722225,-0.39749044,0.61916983,-0.1977635,0.90888524,0.36717454
1356425323217,-0.69256115,0.19300735,-0.6950591,-0.7006903,-0.40899193,0.5846012,-0.17144126,0.8918933,0.41849032
1356425323257,-0.6469299,0.23930246,-0.7240275,-0.7455448,-0.39788747,0.5346479,-0.16013893,0.8856748,0.4358161
1356425323297,-0.57161754,0.2652836,-0.77645206,-0.80470264,-0.36615825,0.46731323,-0.16033378,0.89193755,0.422777
1356425323337,-0.4725185,0.27117646,-0.83856404,-0.8652557,-0.32358432,0.3829175,-0.16750789,0.90650785,0.38753647
1356425323377,-0.36330956,0.2584537,-0.8951022,-0.9145442,-0.28228986,0.28969187,-0.17780632,0.92385834,0.33892587
1356425323418,-0.26177955,0.23120102,-0.9370259,-0.9466368,-0.2506467,0.20262024,-0.18801644,0.940065,0.2844776
1356425323457,-0.18278384,0.19514918,-0.9635906,-0.963436,-0.23085678,0.13600075,-0.19591096,0.9532167,0.23021063
1356425323518,-0.13356286,0.15526557,-0.9788021,-0.9705373,-0.2203514,0.09748122,-0.20054492,0.96298385,0.18012175
1356425323539,-0.11686218,0.114996165,-0.98646796,-0.97238636,-0.21528387,0.09009758,-0.20200977,0.9697571,0.13697922
1356425323580,-0.13200283,0.07662353,-0.9882834,-0.9706906,-0.21199465,0.11321664,-0.2008357,0.97426236,0.10236165
1356425323619,-0.17817914,0.041445732,-0.98312485,-0.96395385,-0.20798528,0.16593656,-0.19759813,0.97725344,0.07701042
1356425323659,-0.25260973,0.010283828,-0.96751356,-0.94816834,-0.201864,0.24541324,-0.1927824,0.97935957,0.0607436
1356425323699,-0.34868383,-0.016511023,-0.9370949,-0.91838306,-0.19353765,0.34513137,-0.18706167,0.9809538,0.052320063
1356425323739,-0.45331806,-0.039663345,-0.890466,-0.87254584,-0.18436742,0.4524074,-0.18211687,0.98205686,0.04896897
1356425323779,-0.5488361,-0.061407775,-0.83367145,-0.81613696,-0.17637408,0.55028415,-0.18082976,0.9824059,0.04668331
1356425323819,-0.6221971,-0.08397791,-0.77834344,-0.7604821,-0.17118484,0.62638867,-0.18584338,0.98165345,0.042647004
1356425323859,-0.670401,-0.107744515,-0.73413455,-0.71505725,-0.17037904,0.6779853,-0.19813034,0.97947025,0.037178755
1356425323899,-0.69701684,-0.13116303,-0.70495653,-0.6835904,-0.17528552,0.70850474,-0.21649833,0.9757413,0.032515228
1356425323939,-0.70665866,-0.15193412,-0.6910497,-0.6661719,-0.18624926,0.72216773,-0.23842938,0.97068393,0.030400336
1356425323979,-0.7026083,-0.16787781,-0.6914902,-0.66183513,-0.20277196,0.7217047,-0.26137304,0.96472824,0.03136182
1356425324019,-0.68633354,-0.17710811,-0.70539284,-0.66974264,-0.22420365,0.70793897,-0.28353336,0.9583139,0.03526157
1356425324059,-0.65859205,-0.17758068,-0.7312467,-0.6884538,-0.25011277,0.68078995,-0.30378926,0.95179236,0.042466104
1356425324098,-0.62236595,-0.16625607,-0.76486576,-0.7139914,-0.27984208,0.6417981,-0.3207444,0.94554085,0.055458724
1356425324137,-0.5868467,-0.13890883,-0.7976937,-0.7388383,-0.31117558,0.5977355,-0.33125353,0.94014573,0.07998121
1356425324178,-0.56816703,-0.09170571,-0.81778735,-0.75402534,-0.34000933,0.5619959,-0.3295936,0.93593997,0.12403375
1356425324217,-0.57952136,-0.024866134,-0.81457746,-0.75362086,-0.36407775,0.5472685,-0.31017804,0.9310365,0.19225132
1356425324258,-0.61614525,0.053118438,-0.7858394,-0.73824024,-0.38670403,0.5526856,-0.2745294,0.9206729,0.27747992
1356425324297,-0.65254694,0.12651259,-0.7471124,-0.7202701,-0.40980178,0.55970824,-0.23535791,0.9033587,0.35853827
1356425324338,-0.66481787,0.18330213,-0.72416687,-0.71777487,-0.42528343,0.55130136,-0.20692143,0.8863038,0.41430563
1356425324378,-0.6442429,0.22138467,-0.73207915,-0.73981833,-0.42312956,0.5230968,-0.19395873,0.8786069,0.43638265
1356425324418,-0.59181774,0.24296454,-0.7685831,-0.78257287,-0.401734,0.47559384,-0.19321352,0.8829372,0.42789078
1356425324457,-0.5129317,0.24950755,-0.82136905,-0.8348836,-0.36756128,0.40971714,-0.19967595,0.89590436,0.39684358
1356425324518,-0.41872275,0.24170557,-0.875357,-0.8837749,-0.33013487,0.3315918,-0.20883828,0.9124634,0.3518482
1356425324539,-0.3260435,0.22120425,-0.91911054,-0.9201298,-0.29734987,0.25484127,-0.21692547,0.9287904,0.30048567
1356425324579,-0.25117642,0.19095114,-0.9489194,-0.94225466,-0.27258486,0.19455999,-0.2215096,0.9429926,0.24839154
1356425324619,-0.20730853,0.15404716,-0.9660707,-0.9528017,-0.25568408,0.16369048,-0.22179288,0.9544083,0.19978192
1356425324677,-0.20245314,0.11285573,-0.97276735,-0.9546415,-0.24421531,0.17034814,-0.21833995,0.96313155,0.15717894
1356425324698,-0.24174398,0.0685744,-0.967914,-0.94678366,-0.23512763,0.21980828,-0.21251011,0.96954244,0.12176582
1356425324738,-0.327231,0.021826595,-0.94469225,-0.92220664,-0.22536898,0.31423518,-0.2060456,0.97402894,0.0938763
1356425324775,-0.45202684,-0.025893658,-0.8916284,-0.86914194,-0.21207231,0.44678578,-0.20065868,0.9769108,0.073357165
1356425324819,-0.5937924,-0.070723414,-0.80150414,-0.7801091,-0.193385,0.5950059,-0.19707969,0.97857064,0.059658468
1356425324858,-0.72336686,-0.10825825,-0.68192416,-0.662401,-0.16989934,0.72962946,-0.19484688,0.979497,0.051189184
1356425324898,-0.81837755,-0.13644893,-0.5582471,-0.5408793,-0.14535564,0.82844514,-0.19418482,0.9799252,0.04515338
1356425324937,-0.87584746,-0.15819792,-0.45592177,-0.4405039,-0.123775005,0.8891772,-0.19709773,0.9796189,0.038721204
1356425324978,-0.9042531,-0.17751196,-0.38834995,-0.37427703,-0.10827011,0.9209746,-0.20553072,0.97814465,0.031464994
1356425325018,-0.91397816,-0.19590424,-0.35533875,-0.34158462,-0.101189196,0.9343879,-0.21900696,0.9753883,0.025566697
1356425325058,-0.9113859,-0.21222734,-0.35261214,-0.33769155,-0.10410917,0.93548155,-0.23524493,0.9716588,0.023216248
1356425325098,-0.8981497,-0.2241655,-0.37825516,-0.36033398,-0.11772627,0.92536473,-0.25196537,0.96741426,0.024961293
1356425325137,-0.8714536,-0.22892103,-0.4337788,-0.41080758,-0.14251429,0.9005148,-0.26796642,0.96295637,0.030151963
1356425325177,-0.8244878,-0.22268488,-0.52022225,-0.49006015,-0.17869443,0.853176,-0.28295022,0.9583734,0.038202465
1356425325217,-0.7495644,-0.20011565,-0.6309571,-0.5918269,-0.22431815,0.77422374,-0.29646945,0.9537479,0.049707055
1356425325257,-0.64883494,-0.15655518,-0.74465007,-0.69640154,-0.27220845,0.6640237,-0.30665642,0.9494172,0.0675931
1356425325298,-0.5455342,-0.09219593,-0.8330021,-0.7790169,-0.31076032,0.5445739,-0.30907145,0.9460063,0.097708225
1356425325338,-0.47493362,-0.012080789,-0.8799386,-0.82840973,-0.33125788,0.45166957,-0.29694316,0.94346285,0.14731771
1356425325378,-0.45503724,0.078505546,-0.88700503,-0.8500221,-0.3351071,0.4064058,-0.26533657,0.9389037,0.21921763
1356425325418,-0.46898878,0.17272857,-0.86614925,-0.855525,-0.33243793,0.39694095,-0.21937782,0.92717314,0.3036832
1356425325457,-0.47492707,0.25972217,-0.84082615,-0.8623001,-0.3281402,0.3856973,-0.17573476,0.9082226,0.3798012
1356425325527,-0.43669617,0.33028913,-0.8367829,-0.8871181,-0.31257153,0.3395888,-0.14939201,0.8906224,0.42950425
1356425325540,-0.3413592,0.37898138,-0.86014354,-0.9289733,-0.2753688,0.247347,-0.1431168,0.8834846,0.44606334
1356425325578,-0.20414382,0.4023086,-0.89245343,-0.9673723,-0.2226438,0.12091565,-0.15005377,0.88801885,0.43463358
1356425325618,-0.04802376,0.39813992,-0.91606677,-0.98502815,-0.17090046,-0.022637546,-0.16556919,0.9012644,0.4003864
1356425325658,0.0959357,0.37282506,-0.9229289,-0.9779377,-0.13755089,-0.15721852,-0.18556473,0.9176498,0.35140365
1356425325698,0.20819658,0.3366081,-0.91834044,-0.95618016,-0.12755871,-0.26353055,-0.20584878,0.9329651,0.29530066
1356425325738,0.2853433,0.29694185,-0.9112655,-0.9322649,-0.13463533,-0.33579066,-0.22239888,0.9453565,0.2384112
1356425325778,0.33121437,0.2574229,-0.9077612,-0.9143654,-0.14988029,-0.37612706,-0.23287928,0.9546042,0.18573613
1356425325817,0.35039586,0.21963343,-0.9104855,-0.906065,-0.16671646,-0.38891113,-0.23721072,0.96123195,0.14058536
1356425325857,0.34638497,0.18434352,-0.9198016,-0.9077316,-0.18156704,-0.37822863,-0.23672962,0.9659456,0.1044423
1356425325897,0.32130674,0.15195829,-0.9347035,-0.91776437,-0.19329521,-0.34690863,-0.23338932,0.96930164,0.0773548
1356425325937,0.27687097,0.12275821,-0.95303357,-0.9331717,-0.20222127,-0.2971485,-0.22920111,0.9716157,0.058565274
1356425325978,0.21524721,0.09671047,-0.9717591,-0.95019674,-0.2089116,-0.2312622,-0.22537717,0.97314084,0.04692626
1356425326017,0.1407407,0.0731504,-0.98734045,-0.9648496,-0.21342438,-0.15334702,-0.22193995,0.9742172,0.04054165
1356425326058,0.060849667,0.05091712,-0.99684745,-0.9737251,-0.21653956,-0.070498705,-0.21944648,0.9749452,0.03640288
1356425326098,-0.01511699,0.028929442,-0.99946713,-0.9752749,-0.22083664,0.008359015,-0.22047713,0.97488165,0.031552583
1356425326138,-0.08005571,0.007381737,-0.9967631,-0.9704466,-0.2289539,0.0762465,-0.22764996,0.9734093,0.025492638
1356425326177,-0.13201886,-0.011904806,-0.9911757,-0.9615452,-0.24140656,0.1309717,-0.24083549,0.9703511,0.020423144
1356425326218,-0.17193496,-0.026780695,-0.9847442,-0.95085526,-0.25679672,0.17300174,-0.2575122,0.96609426,0.018687755
1356425326257,-0.20047009,-0.035900235,-0.9790418,-0.94035673,-0.2733025,0.20257056,-0.27484694,0.96125793,0.021030009
1356425326297,-0.21769893,-0.03862241,-0.97525144,-0.9315808,-0.28984165,0.21942905,-0.2911434,0.956295,0.027118355
1356425326337,-0.22356594,-0.034425855,-0.9740807,-0.92552394,-0.30589652,0.22323239,-0.3056529,0.9514421,0.036526114
1356425326378,-0.21962088,-0.022316694,-0.97533005,-0.92234993,-0.32098353,0.21503544,-0.31786376,0.9468218,0.049910873
1356425326417,-0.21074444,-8.815527E-5,-0.97754115,-0.921451,-0.3338462,0.19868228,-0.326366,0.94262743,0.07027504
1356425326457,-0.20584679,0.03610444,-0.9779179,-0.9221052,-0.34174013,0.18148157,-0.32764158,0.9391006,0.10363829
1356425326518,-0.21489769,0.09084803,-0.972402,-0.92414576,-0.34093922,0.1723805,-0.31586957,0.93568534,0.15722385
1356425326539,-0.24140704,0.16526148,-0.9562485,-0.927076,-0.33049577,0.17692518,-0.2867972,0.92922604,0.23299402
1356425326579,-0.2757358,0.2510908,-0.9278594,-0.92947376,-0.31572616,0.19077599,-0.24504745,0.91502476,0.32043937
1356425326619,-0.29537183,0.33024952,-0.8964881,-0.93290365,-0.30205268,0.19609934,-0.20602491,0.89425915,0.39730883
1356425326659,-0.28216362,0.3866945,-0.8779812,-0.94170374,-0.28643882,0.17648461,-0.18324229,0.87659574,0.44497433
1356425326699,-0.23347855,0.41491038,-0.8793959,-0.95580167,-0.2641307,0.12914395,-0.17869228,0.8706804,0.45824084
1356425326739,-0.15808588,0.41650316,-0.89528435,-0.9694387,-0.23773664,0.060580134,-0.18761009,0.8775001,0.44135705
1356425326778,-0.07102871,0.39673582,-0.9151807,-0.9762659,-0.21584284,-0.017799437,-0.2045969,0.89219534,0.4026507
1356425326817,0.011888504,0.36271814,-0.93182313,-0.9743265,-0.20532554,-0.09235507,-0.22482589,0.90899783,0.3509648
1356425326858,0.07978642,0.3208291,-0.9437705,-0.9665906,-0.20646602,-0.1519025,-0.24359128,0.9243595,0.29363722
1356425326897,0.12729585,0.2756402,-0.952795,-0.9579769,-0.21478564,-0.19012493,-0.2570527,0.93695766,0.2367156
1356425326937,0.1533196,0.22996074,-0.96104693,-0.95233124,-0.22518206,-0.20581105,-0.26373902,0.94678986,0.184474
1356425326978,0.15870696,0.1855711,-0.96972954,-0.9512708,-0.23425955,-0.20051467,-0.26437822,0.9542985,0.13934982
1356425327018,0.14515275,0.1437147,-0.97891617,-0.9544687,-0.24027199,-0.17680201,-0.26061514,0.960008,0.10229501
1356425327058,0.11463773,0.10554263,-0.9877848,-0.96039,-0.24245042,-0.1373637,-0.25398654,0.9644058,0.073568165
1356425327098,0.06893462,0.07242206,-0.9949889,-0.96691394,-0.2406984,-0.084509194,-0.24561259,0.96789426,0.05343342
1356425327137,0.009981692,0.045620024,-0.998909,-0.97166604,-0.2354706,-0.020463377,-0.23614717,0.9708102,0.041977018
1356425327177,-0.05876106,0.025200248,-0.997954,-0.9722786,-0.22808611,0.05148962,-0.22632185,0.9733149,0.037904203
1356425327217,-0.13108438,0.009056389,-0.99132985,-0.96708536,-0.22114629,0.12585819,-0.21808904,0.9751986,0.037747115
1356425327257,-0.19929862,-0.006081581,-0.9799199,-0.9561354,-0.2178585,0.1958133,-0.21467468,0.97596145,0.037604034
1356425327297,-0.25796854,-0.022208393,-0.9658979,-0.94103867,-0.22068852,0.25640345,-0.2188569,0.97509146,0.036031783
1356425327337,-0.30588448,-0.038958848,-0.9512712,-0.923664,-0.23009777,0.30643088,-0.23082355,0.9723874,0.034398437
1356425327378,-0.34447473,-0.05479285,-0.9371953,-0.9054135,-0.24445552,0.347085,-0.24812028,0.9681113,0.03459847
1356425327417,-0.3757255,-0.068480074,-0.9241973,-0.8873358,-0.26109356,0.38008592,-0.2673303,0.9628813,0.03733474
1356425327458,-0.40084767,-0.07953575,-0.91268575,-0.8702873,-0.27817917,0.40646827,-0.28621885,0.9572307,0.042288423
1356425327518,-0.42035228,-0.08760998,-0.9031215,-0.8549676,-0.2950815,0.4265646,-0.3038658,0.951447,0.049134552
1356425327539,-0.4348666,-0.091344774,-0.89584994,-0.84189755,-0.3117664,0.4404659,-0.31953022,0.94575775,0.05867392
1356425327579,-0.44678926,-0.087084234,-0.89039063,-0.83106834,-0.3280657,0.44910818,-0.3312169,0.9406323,0.07420331
1356425327619,-0.46144497,-0.06818116,-0.88454497,-0.8216764,-0.34312546,0.45509636,-0.33453897,0.9368117,0.10231078
1356425327677,-0.48598439,-0.026752472,-0.87355787,-0.81203234,-0.35574937,0.46265078,-0.32314473,0.9341984,0.15116486
1356425327698,-0.5234463,0.040000588,-0.85111916,-0.80022335,-0.3661672,0.47493592,-0.2926542,0.92968893,0.22367826
1356425327738,-0.565956,0.12118426,-0.8154804,-0.7861688,-0.3771841,0.48956192,-0.24825901,0.9181757,0.3087408
1356425327775,-0.5981529,0.19365215,-0.77763236,-0.7743514,-0.38956583,0.4986164,-0.20638081,0.9004095,0.38297474
1356425327818,-0.61078763,0.23961508,-0.7546675,-0.770772,-0.39809918,0.49742094,-0.181243,0.8854952,0.42784265
1356425327858,-0.6037331,0.25588304,-0.75500333,-0.77771443,-0.39710128,0.48730972,-0.17511854,0.8813821,0.43874723
1356425327898,-0.58022755,0.24681833,-0.776155,-0.7934935,-0.38612145,0.47040218,-0.18358627,0.8888143,0.41988719
1356425327938,-0.54527485,0.21911484,-0.809113,-0.813852,-0.36959624,0.44837868,-0.20079872,0.90298796,0.37985864
1356425327977,-0.5054413,0.17928141,-0.84403026,-0.83405644,-0.35214466,0.42466915,-0.22108552,0.91861427,0.32751936
1356425328017,-0.46869326,0.13321033,-0.87325925,-0.85040045,-0.33556306,0.40523642,-0.23905188,0.93255156,0.27055827
1356425328058,-0.4428239,0.08576274,-0.8924974,-0.86078024,-0.31924367,0.3964099,-0.25092694,0.943784,0.2151916
1356425328098,-0.43364477,0.040386587,-0.9001783,-0.8640636,-0.3020429,0.40269598,-0.25562897,0.95243835,0.165876
1356425328138,-0.44361645,-8.984506E-4,-0.8962163,-0.8594117,-0.28320652,0.42568254,-0.25419676,0.9590585,0.12486291
1356425328178,-0.47225517,-0.037086338,-0.8806814,-0.84567,-0.2627539,0.46454558,-0.24863079,0.96414983,0.092724085
1356425328218,-0.5163533,-0.06762913,-0.853701,-0.82171476,-0.24161333,0.5161471,-0.2411722,0.968013,0.06918609
1356425328257,-0.57053226,-0.09238154,-0.8160628,-0.7872589,-0.22149324,0.5754686,-0.23391509,0.97077614,0.053640902
1356425328298,-0.6279457,-0.11171079,-0.770198,-0.74408597,-0.20385212,0.63622355,-0.22807953,0.9726074,0.044885635
1356425328337,-0.6815042,-0.12691218,-0.72072554,-0.6966398,-0.18915105,0.69203675,-0.2241539,0.97371197,0.040495217
1356425328378,-0.72479695,-0.1406919,-0.6744443,-0.65166736,-0.17771572,0.7373918,-0.22360441,0.9739727,0.03712344
1356425328418,-0.75349617,-0.15637343,-0.63858503,-0.61617804,-0.17076218,0.7688725,-0.22927737,0.9728246,0.032314777
1356425328458,-0.76649183,-0.17543902,-0.6178279,-0.5945011,-0.17018676,0.7858785,-0.24301991,0.9696688,0.02614814
1356425328520,-0.7655337,-0.19607691,-0.6127904,-0.5869795,-0.17716902,0.7899786,-0.26346403,0.9644506,0.020535648
1356425328539,-0.7532766,-0.21412571,-0.6218717,-0.5919963,-0.19121534,0.78292847,-0.28655657,0.95790756,0.017276466
1356425328579,-0.7309817,-0.22550197,-0.6440609,-0.6086598,-0.21128976,0.7647809,-0.3085431,0.95105493,0.017195106
1356425328619,-0.6975238,-0.22674881,-0.6797394,-0.63750976,-0.23675025,0.73316485,-0.3271727,0.94474036,0.020584285
1356425328659,-0.6505512,-0.21468052,-0.72848856,-0.67826843,-0.26729614,0.6844741,-0.3416654,0.93939614,0.028278768
1356425328699,-0.58986086,-0.18570569,-0.7858611,-0.72698116,-0.30151623,0.6169169,-0.35151488,0.9352013,0.04284811
1356425328739,-0.5241941,-0.13676095,-0.8405456,-0.7740934,-0.33489096,0.53724056,-0.35496467,0.93227917,0.06968212
1356425328779,-0.47358018,-0.06744692,-0.8781644,-0.8090354,-0.36077338,0.46400896,-0.34811434,0.93021154,0.116288215
1356425328819,-0.4592489,0.01822558,-0.88812065,-0.82607496,-0.3763901,0.41944087,-0.32663524,0.92628205,0.18791243
1356425328849,-0.45977938,0.10847616,-0.88138294,-0.8368736,-0.38493907,0.38918445,-0.29706147,0.91654503,0.26776788
1356425328888,-0.49346894,0.19198036,-0.8483113,-0.8300085,-0.3954472,0.39332882,-0.25995088,0.8982011,0.3544861
1356425328927,-0.49981833,0.2666519,-0.8240621,-0.8353455,-0.39981306,0.3772896,-0.22886583,0.8769528,0.42258036
1356425328967,-0.45393836,0.32874262,-0.8281716,-0.86567664,-0.3828665,0.32251686,-0.21105412,0.8633316,0.45838264
1356425329008,-0.347183,0.3762866,-0.85899496,-0.9148948,-0.337098,0.22210896,-0.20598885,0.86300254,0.46129736
1356425329048,-0.1859973,0.40351287,-0.8958697,-0.9597479,-0.2699042,0.07769063,-0.21044976,0.87425923,0.437472
1356425329087,0.0010380149,0.40510693,-0.91426873,-0.97529244,-0.2015661,-0.09042001,-0.22091535,0.8917732,0.39488846
1356425329127,0.17532355,0.38438767,-0.90637064,-0.9564716,-0.15164876,-0.24932835,-0.23328874,0.91063094,0.34106833
1356425329167,0.31347978,0.35125455,-0.8822418,-0.9178525,-0.12612683,-0.37634903,-0.2434687,0.92774576,0.28286177
1356425329208,0.41279447,0.3143264,-0.8548682,-0.8760849,-0.11971629,-0.46705797,-0.2491503,0.9417361,0.22595847
1356425329248,0.47933128,0.27858526,-0.83224505,-0.84115297,-0.12473509,-0.52621555,-0.2504061,0.95227695,0.17454338
1356425329287,0.52019465,0.24640003,-0.8177314,-0.8170773,-0.13507864,-0.5604806,-0.24856046,0.9597087,0.13106066
1356425329327,0.5408143,0.21865144,-0.8122262,-0.80467033,-0.14677241,-0.5752944,-0.24500129,0.9647018,0.096565664
1356425329367,0.5440321,0.19548687,-0.8159742,-0.8037299,-0.15782726,-0.57368,-0.2409299,0.9679232,0.071255594
1356425329407,0.531423,0.17631313,-0.82855487,-0.8133235,-0.16727,-0.5572481,-0.2368426,0.9700177,0.054508537
1356425329448,0.50534344,0.15962514,-0.8480258,-0.83098507,-0.17485085,-0.5281012,-0.23257628,0.9715693,0.044286415
1356425329519,0.47050625,0.14374462,-0.87060976,-0.85193324,-0.18301016,-0.49062932,-0.22985575,0.9725455,0.036353365
1356425329539,0.42923853,0.12759638,-0.8941328,-0.872754,-0.19623908,-0.4469795,-0.2324968,0.97221875,0.027126864
1356425329579,0.39129367,0.113226324,-0.9132738,-0.8876108,-0.21558496,-0.40702614,-0.24297416,0.96989834,0.016143888
1356425329619,0.36027205,0.1029138,-0.92715305,-0.8959013,-0.23877126,-0.37463188,-0.25993234,0.96560705,0.0061779916
1356425329659,0.33709496,0.098131806,-0.93634236,-0.8989042,-0.26212287,-0.35108805,-0.27988967,0.9600321,-1.4919043E-4
1356425329699,0.3215739,0.099121094,-0.9416821,-0.898141,-0.2830404,-0.33649784,-0.29988813,0.9539723,-0.0019937009
1356425329740,0.3115719,0.10517281,-0.94438434,-0.89525384,-0.30063695,-0.32884365,-0.3185022,0.94792205,4.862696E-4
1356425329779,0.30299336,0.11528537,-0.9459938,-0.89212203,-0.31476736,-0.32409847,-0.33513173,0.94214165,0.007476166
1356425329819,0.2890393,0.12899345,-0.9485868,-0.89152724,-0.32472026,-0.31581005,-0.34876275,0.9369725,0.021144226
1356425329859,0.25978142,0.14748153,-0.9543389,-0.8974601,-0.32795185,-0.29497942,-0.35648122,0.9331113,0.04716304
1356425329899,0.20248848,0.17432931,-0.96364295,-0.91358423,-0.32073015,-0.24999183,-0.3526503,0.93098944,0.0943204
1356425329939,0.10565388,0.21451998,-0.97098833,-0.937659,-0.30363995,-0.16911027,-0.3311084,0.92832315,0.16906588
1356425329979,-0.026802957,0.2689498,-0.9627812,-0.9559011,-0.28867638,-0.054029435,-0.2924634,0.91887546,0.26482671
1356425330019,-0.15779817,0.3272491,-0.93166935,-0.95543486,-0.2889734,0.06032139,-0.24948749,0.899668,0.35826463
1356425330059,-0.24021089,0.37355044,-0.8959681,-0.94589305,-0.29748797,0.1295661,-0.21814024,0.8786131,0.42479858
1356425330099,-0.26302028,0.39899617,-0.87842035,-0.9429336,-0.2990119,0.14651996,-0.20419729,0.8668298,0.45487314
1356425330139,-0.24471658,0.40126145,-0.88266814,-0.9477954,-0.29095,0.13050681,-0.20444497,0.868526,0.451514
1356425330179,-0.21027023,0.38141635,-0.9001711,-0.95405984,-0.2810753,0.10376212,-0.21343929,0.88063514,0.42299578
1356425330219,-0.1798333,0.3429601,-0.92197526,-0.957312,-0.27663648,0.083821446,-0.22630453,0.89769185,0.3780682
1356425330259,-0.16695726,0.29045716,-0.9422101,-0.95659244,-0.2792331,0.08342603,-0.23886454,0.9152396,0.32446906
1356425330299,-0.1795618,0.22837865,-0.9568703,-0.95189106,-0.28585857,0.110400796,-0.2483164,0.93066,0.26872084
1356425330329,-0.2256949,0.16240549,-0.96056557,-0.94041646,-0.2937231,0.17130005,-0.25432023,0.94199324,0.21902058
1356425330359,-0.28304797,0.099855065,-0.9538934,-0.9239625,-0.2951491,0.24326998,-0.2572491,0.95021886,0.17580372
1356425330399,-0.35110295,0.040639013,-0.9354545,-0.90054834,-0.28822768,0.32548022,-0.25639665,0.95669913,0.13779497
1356425330439,-0.4483044,-0.019019008,-0.89367867,-0.85750335,-0.2731619,0.4359708,-0.25241068,0.9617801,0.106150866
1356425330479,-0.5586352,-0.07242602,-0.82624525,-0.79211223,-0.24879915,0.5573663,-0.24593693,0.9658434,0.08161843
1356425330518,-0.6660505,-0.11399233,-0.7371448,-0.7071178,-0.21804327,0.6726377,-0.23740502,0.9692589,0.064621806
1356425330557,-0.7584708,-0.14302003,-0.63582027,-0.61039937,-0.18591708,0.76996595,-0.22833037,0.9721009,0.053713262
1356425330598,-0.8255299,-0.16124833,-0.5408322,-0.51948386,-0.15737128,0.8398636,-0.22053804,0.974286,0.046148717
1356425330656,-0.8698268,-0.17639351,-0.46074575,-0.44253618,-0.13387227,0.88670176,-0.21808952,0.97517365,0.038385153
1356425330678,-0.8958471,-0.19431567,-0.3996241,-0.383556,-0.1159544,0.9162092,-0.22437197,0.9740616,0.029346466
1356425330718,-0.9097249,-0.2161279,-0.3545268,-0.33960357,-0.1039567,0.93480605,-0.23889312,0.970815,0.021174252
1356425330755,-0.91690874,-0.23878056,-0.3197847,-0.3050245,-0.09744191,0.9473464,-0.25736833,0.9661723,0.01651144
1356425330798,-0.9204442,-0.2592929,-0.29248917,-0.27688897,-0.095633924,0.95613116,-0.27588987,0.96105224,0.016230226
1356425330837,-0.92163676,-0.27632383,-0.2724532,-0.25506076,-0.09777665,0.9619687,-0.29245442,0.9560779,0.01963526
1356425330878,-0.9205469,-0.28987324,-0.26185298,-0.24150217,-0.104558825,0.9647508,-0.3070345,0.95133644,0.02624631
1356425330917,-0.91718286,-0.2993669,-0.26297352,-0.23802005,-0.11766964,0.96410596,-0.31956545,0.9468545,0.036669254
1356425330958,-0.91261894,-0.30189756,-0.27565292,-0.2436023,-0.1399042,0.9597316,-0.32830563,0.9430189,0.054136276
1356425330998,-0.91025907,-0.2914903,-0.294044,-0.25168905,-0.17434615,0.9519748,-0.32875684,0.94055134,0.085335255
1356425331037,-0.91562915,-0.26158223,-0.30528367,-0.2505562,-0.22254664,0.9421755,-0.3143962,0.93917406,0.13822907
1356425331078,-0.93144655,-0.21196371,-0.29576796,-0.23093414,-0.28380382,0.9306582,-0.28120583,0.93516135,0.21539843
1356425331117,-0.9509083,-0.15463437,-0.26807016,-0.20027123,-0.35289907,0.91397685,-0.23593396,0.9227949,0.30460584
