1356424510029,0.5148256,0.12874126,0.84757316,0.8304101,0.17076337,-0.5303384,-0.21301088,0.9768652,-0.018994689
1356424510068,0.046889126,-0.009152472,-0.99885815,-0.97592497,-0.21365196,-0.04385495,-0.21300668,0.97686696,-0.018950075
1356424510109,0.046123326,-0.009114027,-0.9988942,-0.9759707,-0.21359354,-0.043115973,-0.21296445,0.9768801,-0.018746704
1356424510147,0.043997347,-0.009278238,-0.9989886,-0.9761079,-0.213382,-0.041007847,-0.21278563,0.9769248,-0.018444836
1356424510188,0.040480494,-0.010174066,-0.9991286,-0.9763621,-0.21288234,-0.03739032,-0.21231642,0.9770248,-0.01855117
1356424510229,0.036568522,-0.012334377,-0.99925506,-0.9767158,-0.21196419,-0.033127367,-0.21139765,0.9771996,-0.019798428
1356424510267,0.033748627,-0.015916407,-0.9993036,-0.9771327,-0.21055359,-0.029646188,-0.20993516,0.97745275,-0.022658318
1356424510308,0.033610582,-0.020635486,-0.9992219,-0.9775433,-0.20878899,-0.028569609,-0.20803699,0.977743,-0.027189612
1356424510347,0.03737229,-0.025896728,-0.99896586,-0.97781545,-0.20712978,-0.031211555,-0.20610729,0.97797066,-0.033063143
1356424510388,0.045623958,-0.031008333,-0.9984773,-0.9777852,-0.20608425,-0.03827846,-0.20458347,0.97804284,-0.039721876
1356424510428,0.05821544,-0.03547433,-0.9976735,-0.9773265,-0.20581996,-0.049709797,-0.20357773,0.97794664,-0.0466519
1356424510468,0.074554086,-0.03919354,-0.99644643,-0.97637165,-0.20610791,-0.06494522,-0.20283014,0.977744,-0.0536336
1356424510515,0.095867574,-0.042651117,-0.9944799,-0.97470444,-0.20666277,-0.08509788,-0.20189252,0.9774821,-0.06138447
1356424510558,0.11766869,-0.04584652,-0.991994,-0.9725408,-0.20730388,-0.10578036,-0.20079458,0.9772017,-0.06898075
1356424510599,0.13581017,-0.048728168,-0.98953587,-0.9703577,-0.20807144,-0.12293187,-0.1999039,0.97689915,-0.07554197
1356424510644,0.14597616,-0.050914407,-0.9879771,-0.9689332,-0.20890072,-0.1323969,-0.1996482,0.97661054,-0.07982719
1356424510667,0.14896268,-0.05222392,-0.98746276,-0.96841717,-0.20962411,-0.13500315,-0.19994566,0.97638637,-0.08180067
1356424510708,0.14078784,-0.05197397,-0.9886746,-0.9693421,-0.21036386,-0.12697616,-0.20138198,0.97624063,-0.07999718
1356424510748,0.1260218,-0.050060272,-0.99076366,-0.97076404,-0.21189606,-0.11277148,-0.20429352,0.97600925,-0.07530028
1356424510788,0.10794604,-0.04655662,-0.9930661,-0.97181094,-0.21553999,-0.09553075,-0.20959786,0.9753846,-0.06851095
1356424510828,0.08918774,-0.041680872,-0.99514234,-0.97178537,-0.22267789,-0.07776773,-0.2183547,0.9740007,-0.06036505
1356424510867,0.0734846,-0.03600347,-0.99664617,-0.9702169,-0.2338785,-0.063087106,-0.23082277,0.971599,-0.052117646
1356424510908,0.06396186,-0.030211747,-0.99749494,-0.96704733,-0.24870014,-0.054476947,-0.24643123,0.96810925,-0.045123488
1356424510970,0.061927795,-0.024707168,-0.9977747,-0.96267915,-0.26536947,-0.05317846,-0.26346502,0.96383023,-0.04021886
1356424510989,0.065929174,-0.019653112,-0.9976308,-0.95782506,-0.28148848,-0.057753325,-0.2796865,0.95936334,-0.037382543
1356424511029,0.072929084,-0.015229553,-0.9972209,-0.9532974,-0.2949093,-0.065212965,-0.2930965,0.9554039,-0.036025792
1356424511059,0.07880032,-0.011727393,-0.99682146,-0.9497403,-0.30476582,-0.071493,-0.30295867,0.95235515,-0.035153657
1356424511089,0.08169031,-0.009330004,-0.9966141,-0.94750667,-0.31087428,-0.074754804,-0.30912423,0.95040524,-0.034235656
1356424511119,0.0797382,-0.008173853,-0.9967823,-0.9468136,-0.31335247,-0.07317135,-0.31174615,0.94960165,-0.032725245
1356424511150,0.0713588,-0.008190364,-0.9974171,-0.9476316,-0.31263322,-0.06522974,-0.31129143,0.94983864,-0.030070603
1356424511190,0.05298829,-0.008869231,-0.9985558,-0.9500722,-0.3083663,-0.047676593,-0.3074981,0.95122635,-0.024766237
1356424511220,0.027179897,-0.011007339,-0.99957,-0.95239985,-0.30401683,-0.02254942,-0.30363786,0.9526031,-0.018746555
1356424511259,-0.0016950965,-0.01267159,-0.9999182,-0.9534614,-0.30146593,0.0054367483,-0.3015102,0.95339274,-0.011570811
1356424511289,-0.026803613,-0.014060229,-0.9995418,-0.952966,-0.3016088,0.029797256,-0.3018896,0.9533281,-0.0053147078
1356424511319,-0.04436052,-0.0146558285,-0.99890804,-0.95119363,-0.30503786,0.046717018,-0.30538943,0.95222735,-4.0885806E-4
1356424511349,-0.053215027,-0.014363408,-0.9984797,-0.9488757,-0.3108136,0.055042535,-0.31113172,0.9503623,0.002910912
1356424511379,-0.053984523,-0.013194382,-0.9984546,-0.9468824,-0.3167752,0.055382222,-0.31701633,0.94840884,0.0046074092
1356424511419,-0.047136545,-0.011456102,-0.9988228,-0.9463916,-0.31938672,0.04832536,-0.3195643,0.9475553,0.004212737
1356424511449,-0.034275234,-0.008247286,-0.9993783,-0.94761145,-0.31748885,0.03511986,-0.31758115,0.9482261,0.003066808
1356424511489,-0.020023108,-0.005592704,-0.9997839,-0.951815,-0.30596852,0.020774007,-0.30601856,0.95202523,8.032024E-4
1356424511519,-0.0065171123,-0.0038701594,-0.9999712,-0.9566134,-0.29126686,0.007361859,-0.291287,0.9566339,-0.0018039942
1356424511549,0.0041292906,-0.0039889812,-0.99998343,-0.96156776,-0.27455258,-0.0028754473,-0.27453658,0.96156377,-0.0049693584
1356424511579,0.010365367,-0.0065023005,-0.99992514,-0.9663446,-0.25711572,-0.008345306,-0.2570422,0.9663587,-0.0089485645
1356424511609,0.010892093,-0.011732072,-0.99987185,-0.97078264,-0.23983485,-0.007761091,-0.23971298,0.9707428,-0.014001608
1356424511649,0.008204937,-0.020816684,-0.99974954,-0.97521776,-0.22122067,-0.0033973753,-0.22109461,0.97500145,-0.022115856
1356424511689,-0.007953644,-0.036292166,-0.99930954,-0.97924864,-0.2020964,0.0151335895,-0.20250615,0.9786929,-0.033931643
1356424511719,-0.041335523,-0.05655375,-0.99754345,-0.98171055,-0.18339998,0.05107692,-0.18583807,0.98141026,-0.047938436
1356424511749,-0.073604524,-0.079570085,-0.99410814,-0.98244786,-0.1655348,0.085990876,-0.1714018,0.9829887,-0.065989375
1356424511796,-0.099212766,-0.106857896,-0.989312,-0.9821074,-0.14941639,0.11462903,-0.16006845,0.98298323,-0.090121925
1356424511819,-0.080316186,-0.14509812,-0.98615205,-0.98450077,-0.14320081,0.10125166,-0.15590921,0.97899956,-0.13134784
1356424511855,-0.015982568,-0.19595847,-0.980482,-0.98657966,-0.1562751,0.047315,-0.16249669,0.9680798,-0.19083095
1356424511885,0.07447901,-0.24656996,-0.9662589,-0.9816345,-0.18878034,-0.027491242,-0.17563212,0.95056057,-0.2561018
1356424511928,0.21485236,-0.288914,-0.93293476,-0.95631146,-0.25614974,-0.14091083,-0.19825986,0.92245114,-0.33132613
1356424511969,0.33515167,-0.3150751,-0.88791955,-0.9161462,-0.3289311,-0.22908598,-0.21988502,0.89024264,-0.3988967
1356424511995,0.41027245,-0.32896188,-0.8505649,-0.8813343,-0.38270882,-0.27709886,-0.23436373,0.86331797,-0.44694027
1356424512027,0.44505078,-0.33751106,-0.8294674,-0.86217356,-0.41185206,-0.29501632,-0.24204662,0.8464421,-0.4742882
1356424512068,0.4252222,-0.3461232,-0.8362924,-0.8716425,-0.40546784,-0.275382,-0.24377358,0.84604645,-0.47410956
1356424512108,0.35743672,-0.35347313,-0.86446273,-0.9016182,-0.37199312,-0.22069412,-0.24356472,0.85829943,-0.45166174
1356424512148,0.24745274,-0.35535952,-0.9013805,-0.93788075,-0.32136708,-0.13077751,-0.24320108,0.8777487,-0.412808
1356424512188,0.10988483,-0.34683907,-0.9314655,-0.963763,-0.26636502,-0.014511675,-0.2430766,0.89930654,-0.3635401
1356424512228,-0.033768445,-0.32655534,-0.94457465,-0.9693384,-0.21946868,0.11052778,-0.24339801,0.9193449,-0.30913156
1356424512268,-0.16245705,-0.29786804,-0.9406818,-0.9559728,-0.18860567,0.22482002,-0.24438462,0.9357898,-0.25411338
1356424512308,-0.26227057,-0.26631317,-0.92751896,-0.9330894,-0.17512262,0.31412765,-0.24608588,0.9478445,-0.20256448
1356424512348,-0.3310641,-0.23586571,-0.9136542,-0.9103302,-0.17503917,0.3750471,-0.248386,0.9558916,-0.15676653
1356424512388,-0.37168735,-0.20791939,-0.90477514,-0.8938061,-0.18326783,0.40929657,-0.25091684,0.96082383,-0.11772126
1356424512428,-0.38825804,-0.18236503,-0.9033264,-0.88600874,-0.19573313,0.4203297,-0.2534643,0.9635515,-0.08558202
1356424512468,-0.38340902,-0.15887058,-0.90981185,-0.8872459,-0.210226,0.4106089,-0.2564998,0.964658,-0.06035477
1356424512508,-0.35809308,-0.13737604,-0.9235244,-0.89641,-0.22610891,0.38121372,-0.26118672,0.9643665,-0.04217726
1356424512548,-0.31488752,-0.11783579,-0.9417858,-0.9102906,-0.2434507,0.3348175,-0.26873192,0.9627286,-0.030605257
1356424512589,-0.26108474,-0.09959474,-0.96016437,-0.9241595,-0.26155132,0.27842432,-0.27886182,0.9600374,-0.023754358
1356424512628,-0.20740545,-0.0817619,-0.97483236,-0.93472964,-0.27737272,0.22213718,-0.28855425,0.95727706,-0.018896699
1356424512667,-0.16195256,-0.06406355,-0.98471683,-0.9423505,-0.28607655,0.1735963,-0.29282564,0.9560628,-0.014039457
1356424512708,-0.12773412,-0.047406703,-0.99067485,-0.94917023,-0.2838816,0.13596722,-0.28768015,0.95768666,-0.008735657
1356424512748,-0.104960024,-0.033354998,-0.993917,-0.95647424,-0.27025998,0.11007565,-0.27228752,0.9622095,-0.0035367608
1356424512787,-0.0944736,-0.023415983,-0.995252,-0.9638764,-0.24793053,0.097328454,-0.24903235,0.9684949,8.5270405E-4
1356424512828,-0.09873968,-0.018463045,-0.99494195,-0.9701122,-0.22092319,0.100375235,-0.22165903,0.97511643,0.0039027035
1356424512867,-0.12054211,-0.018700808,-0.992532,-0.97364295,-0.19278133,0.12188026,-0.19362089,0.9810635,0.005030364
1356424512908,-0.15936619,-0.023992598,-0.9869279,-0.9730476,-0.16496563,0.16113526,-0.16667527,0.9860074,0.002944082
1356424512974,-0.21020687,-0.03508398,-0.9770273,-0.9672649,-0.13786012,0.21305686,-0.14216796,0.9898302,-0.0049564242
1356424512988,-0.26041436,-0.054334313,-0.96396685,-0.95776165,-0.11159217,0.26502794,-0.12197125,0.99226755,-0.02297914
1356424513025,-0.2922036,-0.085900456,-0.95249045,-0.95013607,-0.087331,0.2993573,-0.10889685,0.99246883,-0.0560987
1356424513068,-0.2814024,-0.13656598,-0.9498223,-0.9535999,-0.07062566,0.29267618,-0.10705146,0.9881102,-0.11035508
1356424513108,-0.21499372,-0.20785221,-0.9542407,-0.969381,-0.07329112,0.23436913,-0.11865154,0.9754106,-0.18573087
1356424513147,-0.09687629,-0.28990328,-0.9521403,-0.98513365,-0.10842916,0.1332472,-0.14186853,0.95089394,-0.27508932
1356424513188,0.032916516,-0.3596936,-0.93248975,-0.98517686,-0.16883609,0.030349493,-0.16835439,0.9176683,-0.35991925
1356424513227,0.13175559,-0.402729,-0.9057869,-0.97297394,-0.22734523,-0.040446907,-0.18963715,0.88663614,-0.42179883
1356424513268,0.18417463,-0.42016786,-0.88855994,-0.96170396,-0.26373634,-0.07462403,-0.20299092,0.8682754,-0.4526506
1356424513308,0.19320479,-0.41777578,-0.88776994,-0.9583906,-0.2741486,-0.07956228,-0.21014166,0.8662021,-0.45335922
1356424513347,0.16664183,-0.39975727,-0.901346,-0.96271706,-0.26351613,-0.06111577,-0.21308774,0.87792563,-0.42876595
1356424513387,0.11262855,-0.36884996,-0.92263997,-0.9705365,-0.2398946,-0.022571117,-0.213011,0.897998,-0.38500136
1356424513428,0.039503574,-0.32777599,-0.9439292,-0.9765731,-0.21264523,0.032970548,-0.21152899,0.9205134,-0.32849747
1356424513467,-0.042259216,-0.28065738,-0.9588772,-0.976635,-0.19080138,0.09888816,-0.21070883,0.940652,-0.26603675
1356424513508,-0.120594144,-0.23307303,-0.9649528,-0.9698503,-0.17970389,0.16461152,-0.2117723,0.95571095,-0.20437473
1356424513547,-0.18640906,-0.18987882,-0.963949,-0.95875204,-0.17913747,0.22069058,-0.21458381,0.9653268,-0.14865392
1356424513587,-0.23539466,-0.15359032,-0.9596871,-0.9470645,-0.18554783,0.26199397,-0.21830758,0.9705576,-0.10178298
1356424513627,-0.26649183,-0.12464693,-0.9557433,-0.93782747,-0.19527304,0.28696367,-0.22240007,0.9727957,-0.064858615
1356424513667,-0.2797724,-0.10248959,-0.9545802,-0.93283427,-0.20611417,0.29552865,-0.22704113,0.97314584,-0.03794074
1356424513708,-0.2761439,-0.086102545,-0.95725167,-0.9325101,-0.21718341,0.28854167,-0.23274335,0.9723259,-0.020317614
1356424513748,-0.25810057,-0.073880166,-0.9632891,-0.93593836,-0.22814566,0.2682701,-0.23959011,0.97081983,-0.010262728
1356424513787,-0.2300359,-0.063791096,-0.9710891,-0.9413765,-0.23843533,0.23866034,-0.24676645,0.969061,-0.005202681
1356424513828,-0.19704741,-0.0540106,-0.9789051,-0.94740224,-0.2463556,0.20429865,-0.25219306,0.9676734,-0.0026260614
1356424513868,-0.16355103,-0.04367152,-0.98556775,-0.9535799,-0.24905807,0.1692788,-0.2528563,0.96750337,-9.1052055E-4
1356424513907,-0.13278061,-0.033132225,-0.9905915,-0.9600589,-0.24404693,0.13685057,-0.24628496,0.9691973,5.957484E-4
1356424513967,-0.1074363,-0.02355194,-0.99393296,-0.9667849,-0.23072457,0.10996896,-0.23191473,0.97273403,0.002018541
1356424513989,-0.09035581,-0.016254336,-0.9957769,-0.9731368,-0.21115679,0.09174824,-0.21175632,0.9773171,0.0032615364
1356424514029,-0.08453864,-0.012280405,-0.99634457,-0.97834647,-0.18856323,0.08533567,-0.18892184,0.9819843,0.003926307
1356424514069,-0.09259236,-0.012418836,-0.9956267,-0.9817091,-0.1659208,0.09336761,-0.16635466,0.986061,0.0031712651
1356424514109,-0.11556882,-0.017371476,-0.9931476,-0.9825598,-0.1446324,0.11686653,-0.1456714,0.989333,-3.5357475E-4
1356424514149,-0.15233564,-0.028085142,-0.9879297,-0.9800812,-0.12457514,0.1546669,-0.12741533,0.9918126,-0.008548498
1356424514189,-0.19806612,-0.04599029,-0.97910905,-0.97379893,-0.10463816,0.20190698,-0.11173794,0.9934464,-0.02406007
1356424514219,-0.25195462,-0.0686875,-0.9652983,-0.9626755,-0.084115565,0.25725543,-0.09886682,0.9940858,-0.044930458
1356424514259,-0.27851444,-0.105112016,-0.9546628,-0.9560264,-0.06475705,0.28604224,-0.09188756,0.99234974,-0.082454085
1356424514299,-0.2728297,-0.16136056,-0.9484339,-0.95735484,-0.0518685,0.28422058,-0.09505585,0.98553157,-0.14032805
1356424514339,-0.2153399,-0.23820499,-0.94704115,-0.97011805,-0.058847427,0.23538879,-0.11180171,0.96943045,-0.21841478
1356424514379,-0.110960424,-0.32186133,-0.9402622,-0.9840767,-0.096604764,0.14919975,-0.13885546,0.9418454,-0.30601692
1356424514419,0.0010773242,-0.38865712,-0.92138183,-0.9861541,-0.15320453,0.063471615,-0.16582856,0.90855604,-0.38344085
1356424514449,0.08640799,-0.42891678,-0.89920187,-0.9790156,-0.20376155,0.0031160712,-0.18455932,0.8800634,-0.43752283
1356424514489,0.11863288,-0.4451687,-0.8875534,-0.9740782,-0.22556701,-0.017060697,-0.19260794,0.8665704,-0.46038878
1356424514529,0.10494131,-0.44244716,-0.8906334,-0.9754815,-0.22000903,-0.005643189,-0.19345051,0.86938864,-0.45468712
1356424514569,0.05125594,-0.4245496,-0.9039526,-0.98038054,-0.19389546,0.035475254,-0.19033334,0.8843993,-0.42615843
1356424514609,-0.03220609,-0.39363745,-0.9187015,-0.98215055,-0.15796557,0.10211411,-0.1853191,0.90559185,-0.38152385
1356424514649,-0.1321286,-0.3524341,-0.92646223,-0.9746434,-0.124089,0.1862045,-0.18058854,0.92757326,-0.32710195
1356424514690,-0.232472,-0.30583867,-0.9232657,-0.9560931,-0.10230446,0.27462676,-0.17844567,0.946571,-0.26862735
1356424514729,-0.31785518,-0.26035386,-0.91169286,-0.93085617,-0.09706831,0.35225633,-0.18020782,0.9606215,-0.21149832
1356424514768,-0.38043702,-0.22068971,-0.89808893,-0.9059879,-0.10597241,0.409824,-0.18561664,0.9695699,-0.15962636
1356424514808,-0.4199515,-0.18810499,-0.8878385,-0.886783,-0.12301344,0.44551495,-0.19301963,0.9744148,-0.11514866
1356424514845,-0.4396366,-0.16150704,-0.8835356,-0.87556994,-0.14224541,0.4616748,-0.20024261,0.9765663,-0.07887447
1356424514888,-0.4428106,-0.13940778,-0.8857112,-0.8726244,-0.15997744,0.46144766,-0.20602313,0.97722703,-0.050810993
1356424514927,-0.4306062,-0.12082872,-0.89441526,-0.8776556,-0.17504317,0.44618443,-0.21047318,0.9771184,-0.030671358
1356424514970,-0.40408587,-0.10542336,-0.9086256,-0.8891227,-0.18808407,0.417235,-0.21488431,0.97647846,-0.017732203
1356424515009,-0.36497885,-0.09178704,-0.9264802,-0.9045801,-0.20049298,0.3762145,-0.22028437,0.9753859,-0.009853065
1356424515049,-0.3194598,-0.07906604,-0.94429547,-0.9201956,-0.21203583,0.32906052,-0.226242,0.97405815,-0.0050192475
1356424515089,-0.2723301,-0.065858334,-0.95994735,-0.9343945,-0.22001916,0.28017563,-0.2296587,0.9732699,-0.0016198158
1356424515129,-0.22857064,-0.052152395,-0.97212946,-0.94672906,-0.2207734,0.23444232,-0.22684705,0.97392976,0.0010881424
1356424515169,-0.19135416,-0.039077997,-0.9807428,-0.9574342,-0.2125721,0.19527638,-0.2161096,0.97636366,0.0032619536
1356424515209,-0.16343844,-0.0281955,-0.9861505,-0.96633935,-0.19673634,0.16578007,-0.19868588,0.9800509,0.0049078465
1356424515249,-0.14817607,-0.020703346,-0.98874426,-0.9728652,-0.17659175,0.14949405,-0.17769912,0.98406637,0.0060251057
1356424515289,-0.1492204,-0.017161101,-0.98865503,-0.9763869,-0.15539879,0.15006614,-0.15621108,0.9877027,0.0064328015
1356424515329,-0.1689654,-0.017768025,-0.98546183,-0.9762242,-0.13472432,0.1698106,-0.13578296,0.9907238,0.0054181814
1356424515369,-0.20664996,-0.022985011,-0.97814494,-0.97144425,-0.11430317,0.20792025,-0.11658412,0.99318,0.0012921095
1356424515409,-0.25616676,-0.034451187,-0.96601844,-0.96158814,-0.09288198,0.2583044,-0.09862459,0.99508095,-0.009334564
1356424515449,-0.30402654,-0.056261003,-0.9510008,-0.9490109,-0.06944662,0.3074988,-0.08334398,0.9959979,-0.032278657
1356424515479,-0.344244,-0.087017566,-0.934839,-0.9360889,-0.044911385,0.34888476,-0.072344035,0.9951939,-0.06599569
1356424515514,-0.34179932,-0.1367419,-0.9297714,-0.93716323,-0.024085402,0.34805888,-0.06998816,0.9903138,-0.119917095
1356424515548,-0.28685296,-0.2095482,-0.93477535,-0.9547714,-0.017193139,0.29684332,-0.0782747,0.9776472,-0.19513875
1356424515588,-0.17978069,-0.29778877,-0.9375504,-0.9790586,-0.03837493,0.19992891,-0.09551501,0.95386016,-0.2846536
1356424515628,-0.06763011,-0.37204805,-0.9257464,-0.9913268,-0.07973641,0.10446641,-0.11268228,0.9247823,-0.3634286
1356424515668,0.00482291,-0.4151109,-0.909758,-0.99221045,-0.11523515,0.047320306,-0.124479264,0.90244323,-0.41243315
1356424515708,0.02044934,-0.42688268,-0.90407574,-0.99105984,-0.12789917,0.03797409,-0.13184106,0.8952167,-0.42568177
1356424515748,-0.015472114,-0.41234186,-0.91089773,-0.9904101,-0.118766844,0.07058564,-0.13728985,0.9032544,-0.40654993
1356424515788,-0.08642477,-0.37673983,-0.9222786,-0.9861193,-0.09938848,0.13300619,-0.14177257,0.92097175,-0.36292082
1356424515828,-0.17221156,-0.326972,-0.9292107,-0.9742062,-0.083113045,0.20979652,-0.14582711,0.94137216,-0.30422515
1356424515868,-0.2544384,-0.27201843,-0.9280448,-0.95526564,-0.078905106,0.28502923,-0.15076065,0.95905167,-0.2397734
1356424515908,-0.32033616,-0.22068524,-0.92123973,-0.93411016,-0.088154316,0.34592912,-0.15755269,0.97135305,-0.17790538
1356424515970,-0.36598212,-0.17785668,-0.91346824,-0.9157412,-0.10600424,0.3875323,-0.16575673,0.9783303,-0.124074996
1356424515989,-0.39251494,-0.14455876,-0.9083143,-0.90320134,-0.12588805,0.4103406,-0.17366427,0.9814555,-0.08115274
1356424516029,-0.4026134,-0.11979398,-0.90749764,-0.897519,-0.14317441,0.41708604,-0.1798948,0.9824208,-0.04987347
1356424516069,-0.3978911,-0.102149755,-0.911728,-0.8987626,-0.15606612,0.4097184,-0.1841425,0.98245037,-0.029711008
1356424516109,-0.37931246,-0.09024635,-0.920857,-0.90617967,-0.16488242,0.38942552,-0.18697733,0.9821758,-0.019237459
1356424516149,-0.34824258,-0.08253968,-0.93376344,-0.9180263,-0.17146385,0.35753,-0.1896171,0.98172665,-0.016062558
1356424516189,-0.308047,-0.0768486,-0.94826233,-0.93151975,-0.17818809,0.3170487,-0.19333377,0.980991,-0.016695678
1356424516229,-0.2645477,-0.070581675,-0.96178615,-0.94393027,-0.18530571,0.27323517,-0.19750986,0.98014283,-0.017601967
1356424516269,-0.22386438,-0.06206742,-0.972642,-0.95411813,-0.189663,0.23170385,-0.19885546,0.97988546,-0.016760826
1356424516309,-0.1899966,-0.05148548,-0.9804338,-0.9624712,-0.18733555,0.19635314,-0.19377944,0.98094577,-0.013960183
1356424516349,-0.16553092,-0.04028094,-0.9853816,-0.9694358,-0.17682403,0.17008057,-0.18109015,0.98341787,-0.00977999
1356424516389,-0.15264237,-0.03007865,-0.9878236,-0.9748403,-0.15970713,0.15549916,-0.16243967,0.9867061,-0.004943818
1356424516429,-0.15343338,-0.02218622,-0.9879099,-0.97808915,-0.13895226,0.15502861,-0.14071178,0.99005055,-3.8021803E-4
1356424516469,-0.16938025,-0.017563164,-0.9853943,-0.97840714,-0.117168665,0.17026749,-0.11844772,0.99295676,0.0026621222
1356424516509,-0.20023197,-0.016947508,-0.9796019,-0.9749451,-0.095439136,0.20093125,-0.09689766,0.99529094,0.00258708
1356424516549,-0.2429595,-0.02146256,-0.96979904,-0.96700203,-0.073657036,0.24388885,-0.07666698,0.99705267,-0.0028586388
1356424516589,-0.2890125,-0.033810496,-0.9567281,-0.9555018,-0.051466167,0.29046082,-0.05905977,0.9981022,-0.017431617
1356424516629,-0.32413065,-0.059689254,-0.9441273,-0.9448142,-0.029786766,0.32624966,-0.047596067,0.9977725,-0.046740472
1356424516669,-0.32968557,-0.10765335,-0.93793297,-0.94287705,-0.012815058,0.33289433,-0.047856867,0.99410594,-0.09727889
1356424516709,-0.29184604,-0.18239176,-0.93891376,-0.95433927,-0.009885848,0.29856122,-0.063737094,0.98317623,-0.1711784
1356424516749,-0.21461657,-0.2736724,-0.93757296,-0.9723626,-0.03048125,0.2314775,-0.09192741,0.96133983,-0.25956702
1356424516789,-0.12602782,-0.35679445,-0.9256428,-0.9845276,-0.069527864,0.16084507,-0.1217466,0.931592,-0.34251153
1356424516829,-0.05910912,-0.41203287,-0.9092498,-0.9878346,-0.107099384,0.11275065,-0.143837,0.90485287,-0.40068978
1356424516869,-0.029643118,-0.4353656,-0.8997656,-0.98718977,-0.12843132,0.09466684,-0.15677276,0.8910456,-0.42598134
1356424516909,-0.038123667,-0.4305006,-0.9017848,-0.9858581,-0.13117087,0.10429725,-0.16318795,0.8930081,-0.41941184
1356424516968,-0.060760766,-0.4122215,-0.90905535,-0.9842245,-0.12686852,0.12331489,-0.16616356,0.90220726,-0.3980099
1356424516980,-0.11755124,-0.37070206,-0.92128265,-0.9793209,-0.11054924,0.16943899,-0.16465846,0.92214906,-0.35004103
1356424517019,-0.18461984,-0.3175474,-0.93009627,-0.96950984,-0.09632015,0.22532833,-0.16113949,0.9433377,-0.29008275
1356424517059,-0.2537356,-0.2593657,-0.93185174,-0.95430744,-0.09008634,0.28492418,-0.15784669,0.9615685,-0.22465652
1356424517099,-0.3150441,-0.20468351,-0.9267426,-0.9360881,-0.0939821,0.33897835,-0.15648049,0.9743059,-0.16199332
1356424517139,-0.3635525,-0.15888512,-0.9179244,-0.9181982,-0.10525906,0.38188046,-0.15729502,0.9816701,-0.107620776
1356424517179,-0.397978,-0.12389988,-0.9089898,-0.9034285,-0.1193046,0.41180494,-0.15946928,0.9850966,-0.06445408
1356424517219,-0.41867203,-0.09956798,-0.9026627,-0.8935394,-0.13233882,0.42903808,-0.16217571,0.98619103,-0.03356135
1356424517249,-0.42833263,-0.08294624,-0.8998062,-0.8884645,-0.14295882,0.43611193,-0.16480905,0.9862468,-0.012460947
1356424517289,-0.42664742,-0.07581088,-0.9012351,-0.8886187,-0.15030658,0.43331838,-0.1683118,0.9857285,-0.0032390356
1356424517329,-0.41344976,-0.07497606,-0.9074348,-0.8938911,-0.1562131,0.42018592,-0.17325714,0.98487365,-0.002434194
1356424517369,-0.39246404,-0.0769977,-0.91653883,-0.9019883,-0.16276217,0.399907,-0.1799697,0.9836564,-0.005572796
1356424517409,-0.368136,-0.07808676,-0.9264871,-0.9107901,-0.1700368,0.37623,-0.18691549,0.982339,-0.008524001
1356424517449,-0.3446315,-0.07538763,-0.935706,-0.9192668,-0.17486018,0.35266483,-0.19020426,0.9817029,-0.009039044
1356424517479,-0.323192,-0.06978828,-0.9437566,-0.92730963,-0.17560399,0.3305451,-0.18879566,0.98198414,-0.007961512
1356424517519,-0.30885267,-0.060135752,-0.94920695,-0.9343579,-0.16730046,0.3146202,-0.17772272,0.98407024,-0.0045170784
1356424517559,-0.29981548,-0.048440844,-0.95276654,-0.94048893,-0.15246207,0.30370352,-0.1599724,0.98712146,1.5234947E-4
1356424517599,-0.29712194,-0.0370031,-0.9541223,-0.94461405,-0.1344564,0.29937556,-0.1393657,0.9902284,0.0049963593
1356424517639,-0.30198073,-0.0276739,-0.95291233,-0.94590145,-0.11571169,0.30311936,-0.11865151,0.99289733,0.008765817
1356424517697,-0.31452513,-0.022079706,-0.9489923,-0.94407797,-0.09693396,0.31515166,-0.09894806,0.9950458,0.009643197
1356424517718,-0.3326028,-0.022247702,-0.9428046,-0.9396161,-0.07762867,0.3333098,-0.08060405,0.99673414,0.0049152374
1356424517758,-0.35095733,-0.03156227,-0.93585944,-0.93417007,-0.056999803,0.3522462,-0.0644615,0.9978752,-0.009480059
1356424517795,-0.36088938,-0.055561572,-0.930952,-0.9311112,-0.035077095,0.3630446,-0.052826405,0.99783885,-0.039075077
1356424517838,-0.34925646,-0.10288736,-0.93136144,-0.935701,-0.014567792,0.35249305,-0.049834937,0.99458635,-0.0911839
1356424517878,-0.30421907,-0.17814898,-0.9357958,-0.95079803,-0.0036444664,0.30979,-0.058599234,0.98399675,-0.16827494
1356424517917,-0.22234008,-0.2739405,-0.935693,-0.971901,-0.013802856,0.2349849,-0.07728711,0.9616476,-0.26317406
1356424517972,-0.12212512,-0.3647562,-0.9230592,-0.987738,-0.046467513,0.14904457,-0.09725726,0.9299428,-0.35460865
1356424517999,-0.034089625,-0.4263569,-0.9039124,-0.99325514,-0.08583951,0.077947766,-0.11082494,0.9004729,-0.42055494
1356424518038,0.021914542,-0.452144,-0.8916757,-0.9928143,-0.11479002,0.033806622,-0.11764097,0.88452756,-0.45141065
1356424518078,0.041187763,-0.446751,-0.8937098,-0.99173295,-0.12707603,0.017817944,-0.12152931,0.8855876,-0.44829166
1356424518118,0.027206242,-0.4170234,-0.9084885,-0.9917921,-0.12484568,0.027606934,-0.12493357,0.9002806,-0.41699708
1356424518158,-0.012442887,-0.37011367,-0.9289031,-0.99170846,-0.11426073,0.058810472,-0.12790373,0.9219329,-0.36562312
1356424518198,-0.06891653,-0.31328937,-0.9471538,-0.9890555,-0.102698654,0.10593492,-0.13045964,0.9440884,-0.302783
1356424518237,-0.13242698,-0.25429413,-0.9580176,-0.98214066,-0.096661925,0.16141924,-0.13365176,0.9622842,-0.23695195
1356424518278,-0.19369477,-0.20021772,-0.96041405,-0.9712515,-0.09896183,0.21651107,-0.13839373,0.9747407,-0.17529339
1356424518318,-0.24628466,-0.15548769,-0.9566438,-0.95836437,-0.10809636,0.26429704,-0.14450467,0.9819057,-0.1223914
1356424518358,-0.28726178,-0.12125209,-0.9501466,-0.9458958,-0.12033212,0.3013327,-0.15087038,0.985301,-0.080125034
1356424518398,-0.31576705,-0.09664205,-0.94390225,-0.9358969,-0.13200885,0.32660478,-0.15616718,0.9865262,-0.048762977
1356424518438,-0.3315993,-0.080206275,-0.9400047,-0.9297787,-0.14104414,0.34002662,-0.15985444,0.98674893,-0.027803838
1356424518477,-0.3349197,-0.07046336,-0.9396083,-0.92806333,-0.14770162,0.34188107,-0.16287178,0.98651874,-0.015926242
1356424518518,-0.32668692,-0.06575331,-0.9428426,-0.9302639,-0.15388316,0.3330602,-0.16698745,0.9858988,-0.010896325
1356424518558,-0.3094284,-0.06360248,-0.94879335,-0.9351132,-0.16083056,0.31574816,-0.17267734,0.9849306,-0.009709954
1356424518598,-0.28728116,-0.061114818,-0.9558946,-0.9412439,-0.16699004,0.29355457,-0.17756546,0.9840627,-0.00955081
1356424518638,-0.2644555,-0.056224734,-0.9627576,-0.9479096,-0.1686567,0.27022648,-0.17756894,0.98406994,-0.008693755
1356424518678,-0.24419558,-0.048586756,-0.96850806,-0.954751,-0.1627956,0.24889383,-0.16976184,0.9854628,-0.006634295
1356424518718,-0.2290194,-0.039269775,-0.97262937,-0.9611131,-0.14927185,0.23233458,-0.15430993,0.988016,-0.00355649
1356424518758,-0.22150064,-0.02987951,-0.97470236,-0.9659238,-0.1305219,0.22350687,-0.13389826,0.9909951,4.9352646E-5
1356424518798,-0.22436857,-0.021947354,-0.9742571,-0.96806633,-0.10970837,0.22541434,-0.11183143,0.9937214,0.0033686757
1356424518837,-0.23986304,-0.016692638,-0.9706632,-0.96661246,-0.08873534,0.24038807,-0.09014484,0.9959154,0.005149007
1356424518878,-0.26840454,-0.015375167,-0.9631835,-0.96080947,-0.067670465,0.26882318,-0.069312304,0.99758923,0.003390491
1356424518917,-0.30709863,-0.020017803,-0.95146716,-0.95039934,-0.045351684,0.3077081,-0.049310237,0.9987705,-0.005097449
1356424518968,-0.3474458,-0.03478858,-0.9370545,-0.93718266,-0.020309806,0.34824732,-0.031146407,0.9991883,-0.02554673
1356424518999,-0.37521237,-0.06712085,-0.9245055,-0.92675585,0.007346332,0.37559232,-0.018418342,0.99771774,-0.064961076
1356424519039,-0.372321,-0.12597516,-0.9195148,-0.9279574,0.032916248,0.3712299,-0.016498774,0.99148715,-0.12915498
1356424519079,-0.32709932,-0.2124044,-0.9208097,-0.94457483,0.044607818,0.32525167,-0.028009593,0.97616315,-0.21522301
1356424519119,-0.25196293,-0.3066565,-0.91786516,-0.96654415,0.032666475,0.254412,-0.048033684,0.95125955,-0.30462772
1356424519159,-0.18105102,-0.37986806,-0.9071498,-0.98109174,0.005602777,0.19346237,-0.068407655,0.9250237,-0.37369972
1356424519199,-0.14268166,-0.4178615,-0.8972367,-0.98608315,-0.018143475,0.1652601,-0.08533481,0.9083296,-0.40945745
1356424519239,-0.14371565,-0.42248768,-0.8949022,-0.9846398,-0.029551774,0.17207852,-0.09914705,0.90588677,-0.41175115
1356424519269,-0.15969619,-0.41110262,-0.89749193,-0.9809996,-0.035372525,0.19075784,-0.11016759,0.9109025,-0.39764267
1356424519309,-0.20884812,-0.37629005,-0.90265626,-0.9705986,-0.03319186,0.23840457,-0.11967009,0.9259072,-0.35829455
1356424519349,-0.26909274,-0.32790202,-0.9055768,-0.9545242,-0.034501553,0.2961302,-0.12834552,0.94408154,-0.30370635
1356424519389,-0.32794708,-0.27533302,-0.9036827,-0.9348062,-0.043473184,0.3524872,-0.13633731,0.9603654,-0.24312615
1356424519429,-0.3779478,-0.22567135,-0.897902,-0.9147411,-0.05861181,0.39976674,-0.14284351,0.97243875,-0.18427867
1356424519469,-0.41627204,-0.18256477,-0.8907231,-0.89732933,-0.075558245,0.43484598,-0.14668903,0.9802862,-0.13236791
1356424519499,-0.44174886,-0.14763433,-0.88490784,-0.88482994,-0.09113288,0.45691422,-0.14810047,0.98483443,-0.0903734
1356424519540,-0.4584245,-0.11958438,-0.8806512,-0.8766239,-0.10217583,0.47020265,-0.14621013,0.9875523,-0.05799061
1356424519579,-0.46216583,-0.097889334,-0.8813742,-0.87519157,-0.10989535,0.47112927,-0.14297742,0.98911107,-0.03488207
1356424519619,-0.45238733,-0.082390815,-0.88800764,-0.88069785,-0.11550486,0.4593801,-0.14041784,0.9898841,-0.020308495
1356424519658,-0.4287715,-0.07237652,-0.9005091,-0.8924953,-0.12056279,0.43464568,-0.140026,0.9900638,-0.012901783
1356424519698,-0.43006796,-0.07135686,-0.8999721,-0.891417,-0.12421471,0.4358285,-0.14288911,0.9896863,-0.0101879835
1356424519738,-0.3536058,-0.06175664,-0.93335366,-0.92353487,-0.13533902,0.35884076,-0.14847994,0.9888728,-0.009177744
1356424519778,-0.29034555,-0.052632898,-0.9554733,-0.94452274,-0.14445204,0.29497516,-0.15354547,0.988111,-0.0077720284
1356424519818,-0.23958492,-0.042431384,-0.96994776,-0.9585986,-0.14803547,0.24325758,-0.15390843,0.9880714,-0.005207598
1356424519858,-0.20137161,-0.031471014,-0.9790093,-0.9683535,-0.14405823,0.20381066,-0.14744845,0.9890686,-0.001465857
1356424519897,-0.17641932,-0.020899475,-0.9840932,-0.9750076,-0.13345248,0.17762473,-0.13504195,0.99083483,0.0031664371
1356424519968,-0.16604418,-0.011885345,-0.98604673,-0.97888494,-0.11890417,0.16627139,-0.11922127,0.9928346,0.0081089735
1356424519981,-0.17153382,-0.0053466856,-0.9851637,-0.9798831,-0.10261303,0.17117134,-0.10200587,0.994707,0.01236254
1356424520019,-0.19408,-0.0025688112,-0.9809823,-0.97724795,-0.08670485,0.19356823,-0.08555314,0.9962307,0.014317274
1356424520059,-0.22773665,-0.004910469,-0.9737104,-0.97120595,-0.070706785,0.22750744,-0.069965124,0.99748504,0.011333466
1356424520099,-0.2692197,-0.015218079,-0.9629586,-0.9614567,-0.053759873,0.26964945,-0.055872083,0.99843794,-1.5830994E-4
1356424520139,-0.30816627,-0.03737122,-0.95059824,-0.95027065,-0.035105765,0.3094402,-0.044935673,0.9986846,-0.024694383
1356424520179,-0.32951182,-0.07664046,-0.9410356,-0.94329,-0.0158422,0.33159146,-0.04032138,0.99693286,-0.067074
1356424520219,-0.31466585,-0.13837397,-0.93906236,-0.9480845,-0.002185762,0.31801108,-0.046056986,0.99037766,-0.13050246
1356424520259,-0.24725801,-0.22258517,-0.9430373,-0.96681833,-0.0078424215,0.25534433,-0.064231545,0.9748817,-0.21326035
1356424520299,-0.12994286,-0.31480116,-0.94022083,-0.9873567,-0.045739442,0.15177152,-0.09078303,0.9480549,-0.30487758
1356424520339,0.0033938289,-0.3898086,-0.9208896,-0.9932602,-0.10800648,0.04205811,-0.11585662,0.9145403,-0.3875479
1356424520379,0.111602545,-0.4337484,-0.8940958,-0.984951,-0.16776335,-0.041557014,-0.13197127,0.88527834,-0.4459437
1356424520419,0.173731,-0.44973007,-0.8761053,-0.9749174,-0.2042177,-0.08849457,-0.13911751,0.86950445,-0.47392863
1356424520459,0.18680882,-0.4454865,-0.8755822,-0.9722498,-0.2116031,-0.09977192,-0.14082885,0.86992294,-0.47265345
1356424520499,0.154941,-0.4258699,-0.8914192,-0.97804046,-0.19343641,-0.07758397,-0.13939223,0.88386494,-0.44648927
1356424520527,0.10789457,-0.39896712,-0.9105954,-0.9847084,-0.16890362,-0.042672902,-0.13677773,0.90127516,-0.41109008
1356424520568,0.015711606,-0.3576895,-0.93370837,-0.99100566,-0.12968576,0.03300494,-0.13289422,0.92479175,-0.35650986
1356424520609,-0.09666881,-0.30411455,-0.947718,-0.9868406,-0.09471473,0.13105246,-0.12961778,0.9479153,-0.29095662
1356424520666,-0.20560169,-0.24597049,-0.9472204,-0.97018445,-0.075698435,0.23024327,-0.12833613,0.9663169,-0.22307307
1356424520688,-0.2929964,-0.19173664,-0.9366911,-0.9473023,-0.07448226,0.31156173,-0.12950474,0.9786161,-0.15980953
1356424520728,-0.35124642,-0.14659223,-0.924736,-0.92683697,-0.08550328,0.36559868,-0.13266194,0.98549473,-0.105834365
1356424520766,-0.38106626,-0.11162731,-0.9177842,-0.91435885,-0.10146707,0.39198512,-0.13688111,0.98855644,-0.0634017
1356424520808,-0.38628304,-0.08575708,-0.91838515,-0.9114842,-0.11709958,0.39431497,-0.14135781,0.98941064,-0.0329327
1356424520848,-0.3703493,-0.06724265,-0.9264555,-0.917459,-0.12952662,0.37615407,-0.14529419,0.98929334,-0.0137223005
1356424520888,-0.33710086,-0.054606825,-0.9398836,-0.9296924,-0.13809735,0.3414691,-0.14844194,0.98891217,-0.0042148232
1356424520927,-0.2909764,-0.0459401,-0.9556266,-0.94468325,-0.14421445,0.29457715,-0.15134808,0.9884795,-0.0014358163
1356424520971,-0.23835135,-0.03921908,-0.97038674,-0.95889133,-0.14893752,0.24154723,-0.15400025,0.9880686,-0.0021073222
1356424521009,-0.18567145,-0.03220707,-0.9820839,-0.9703985,-0.1510827,0.18841684,-0.15444419,0.98799634,-0.0032020211
1356424521049,-0.14000392,-0.024808735,-0.9898401,-0.9787426,-0.14784867,0.14213985,-0.14987284,0.9886988,-0.0035819411
1356424521089,-0.10314804,-0.017381012,-0.9945141,-0.9848539,-0.13830858,0.104563326,-0.1393672,0.99023664,-0.002851516
1356424521129,-0.07817805,-0.010695934,-0.996882,-0.98918533,-0.12364036,0.07890111,-0.12409884,0.99226946,-9.1427565E-4
1356424521169,-0.06840569,-0.0053414106,-0.99764335,-0.9919923,-0.106053054,0.06858602,-0.10616949,0.99434614,0.001955986
1356424521209,-0.076756656,-0.0017732084,-0.9970483,-0.99321246,-0.087515,0.07661691,-0.08739251,0.9961617,0.004956186
1356424521249,-0.1049456,-5.827546E-4,-0.99447775,-0.9920957,-0.06911373,0.10473475,-0.06879315,0.99760854,0.0066750646
1356424521289,-0.15222692,-0.0028862655,-0.98834133,-0.9870385,-0.050969005,0.1521751,-0.050814033,0.9986961,0.004909992
1356424521329,-0.2135331,-0.010928065,-0.97687465,-0.9763398,-0.032534003,0.21378016,-0.034117877,0.99941087,-0.0037223697
1356424521369,-0.27613008,-0.0290623,-0.96068084,-0.96089506,-0.013290346,0.27659374,-0.020806223,0.99948925,-0.024255931
1356424521409,-0.31611145,-0.06496376,-0.9464952,-0.9485957,0.0053646564,0.31644478,-0.0154798925,0.9978732,-0.06332016
1356424521449,-0.3025549,-0.12745634,-0.94457155,-0.9528303,0.015512168,0.30310708,-0.023980558,0.9917229,-0.1261375
1356424521489,-0.21584636,-0.21521813,-0.95241356,-0.97524387,-4.9233437E-4,0.22113162,-0.048060447,0.9765659,-0.20978385
1356424521529,-0.07809147,-0.30478877,-0.94921315,-0.99369043,-0.053089112,0.09879729,-0.08050516,0.9509392,-0.29871988
1356424521569,0.051270783,-0.3684116,-0.9282479,-0.9927122,-0.12030125,-0.0070851743,-0.109059066,0.9218463,-0.37189466
1356424521609,0.1295631,-0.40078816,-0.90696317,-0.98341715,-0.16899812,-0.06580436,-0.12690145,0.90044904,-0.41603792
1356424521649,0.14613634,-0.41018826,-0.9002165,-0.97996026,-0.1845355,-0.07499701,-0.13535899,0.8931362,-0.4289356
1356424521689,0.10421929,-0.40327355,-0.90912527,-0.98489606,-0.16893187,-0.037969917,-0.13826793,0.8993511,-0.41478848
1356424521729,0.012409806,-0.3821754,-0.9240065,-0.9903087,-0.13253367,0.041516483,-0.1383285,0.9145364,-0.38011634
1356424521769,-0.115165085,-0.34741703,-0.93061185,-0.9838011,-0.08967152,0.1552237,-0.13737679,0.93341327,-0.3314622
1356424521809,-0.25553972,-0.3023754,-0.9182966,-0.9570669,-0.055310667,0.28454116,-0.13682982,0.9515829,-0.2752595
1356424521849,-0.38313127,-0.25457647,-0.88791966,-0.91342914,-0.03848982,0.40517384,-0.13732362,0.96628636,-0.21779096
1356424521889,-0.48239142,-0.21151096,-0.85003626,-0.8649096,-0.03861457,0.50044024,-0.13867238,0.97661257,-0.16431046
1356424521929,-0.55041623,-0.1767889,-0.81595814,-0.82300055,-0.04946083,0.56588316,-0.14039984,0.9830053,-0.11827332
1356424521967,-0.5896153,-0.15082178,-0.79347754,-0.7950052,-0.0650152,0.6031084,-0.14254996,0.98642063,-0.08157009
1356424522009,-0.6014813,-0.13283867,-0.7877652,-0.78546095,-0.08168751,0.61349666,-0.14584666,0.98776567,-0.055206
1356424522048,-0.5879418,-0.1217781,-0.799684,-0.7946094,-0.098077714,0.5991465,-0.15139407,0.98769975,-0.039102077
1356424522088,-0.5507019,-0.1155684,-0.8266628,-0.819299,-0.114540935,0.56180924,-0.15961412,0.9866734,-0.03160721
1356424522128,-0.49617374,-0.110886514,-0.8611131,-0.85160387,-0.13097215,0.50755996,-0.16906342,0.9851652,-0.029446483
1356424522168,-0.43574125,-0.10454014,-0.8939804,-0.88272965,-0.14439929,0.44714326,-0.17583457,0.9839818,-0.029359996
1356424522208,-0.38055223,-0.09534213,-0.91983145,-0.9080255,-0.1498422,0.39119935,-0.17512733,0.98410225,-0.029550314
1356424522248,-0.33772248,-0.08436471,-0.9374572,-0.9267642,-0.14423251,0.34685025,-0.16447374,0.98594093,-0.02947563
1356424522287,-0.3119014,-0.07357976,-0.9472611,-0.93895173,-0.12850887,0.31914753,-0.14521423,0.988975,-0.029005766
1356424522328,-0.30791128,-0.06454724,-0.9492229,-0.9437017,-0.1060645,0.31333274,-0.12090358,0.99226207,-0.028254926
1356424522368,-0.3312497,-0.057997167,-0.941759,-0.9387449,-0.08027327,0.33513308,-0.09503487,0.99508417,-0.027854085
1356424522407,-0.38621485,-0.05393082,-0.92083085,-0.9197671,-0.052983224,0.3888718,-0.06976077,0.997138,-0.02914089
1356424522448,-0.4718628,-0.05210221,-0.88013124,-0.8804652,-0.024366558,0.4734843,-0.04611531,0.99834454,-0.03437656
1356424522487,-0.5771057,-0.052810907,-0.8149601,-0.8162845,0.006662905,0.57761174,-0.025074214,0.9985823,-0.046953917
1356424522528,-0.67794675,-0.058599204,-0.73277164,-0.73506117,0.04243523,0.67667145,-0.008557111,0.99737924,-0.07184279
1356424522568,-0.7479846,-0.07661,-0.6592798,-0.66371596,0.086045384,0.743019,-1.9472837E-4,0.9933413,-0.11520785
1356424522608,-0.7698472,-0.11887893,-0.627059,-0.63821566,0.13724667,0.7575249,-0.0039919913,0.9833774,-0.1815294
1356424522648,-0.734672,-0.19543885,-0.649662,-0.67812264,0.18308276,0.7117798,-0.02016747,0.96347517,-0.26703727
1356424522687,-0.6482414,-0.29592443,-0.701578,-0.76026344,0.2004562,0.61791325,-0.042219996,0.9339411,-0.3549245
1356424522728,-0.55456424,-0.38433826,-0.7380668,-0.8298639,0.18986419,0.52466893,-0.061517924,0.90345764,-0.42424035
1356424522768,-0.51146394,-0.43239552,-0.7425892,-0.8560696,0.18147916,0.48395255,-0.07449448,0.88323236,-0.46298075
1356424522808,-0.5322233,-0.43768203,-0.72468805,-0.8425362,0.19001788,0.5040099,-0.08289239,0.8788218,-0.4698949
1356424522848,-0.58975077,-0.41052687,-0.69545794,-0.8026726,0.2031275,0.5607636,-0.0889419,0.8889358,-0.44931328
1356424522888,-0.65324885,-0.3646857,-0.6635287,-0.7513556,0.2040878,0.62754524,-0.093438685,0.9084892,-0.40732872
1356424522927,-0.7056865,-0.31276232,-0.63575655,-0.70184225,0.18562973,0.6877202,-0.09707767,0.9315157,-0.35050625
1356424522970,-0.7429322,-0.2626205,-0.61569655,-0.6616878,0.14921272,0.7347822,-0.101099074,0.95329225,-0.28462768
1356424523009,-0.76305413,-0.22051004,-0.6075555,-0.6375904,0.10271001,0.76349795,-0.10595691,0.9699619,-0.21896839
1356424523049,-0.7712316,-0.18565933,-0.608878,-0.6267456,0.054200113,0.7773367,-0.11131856,0.9811182,-0.158162
1356424523089,-0.7690545,-0.15682139,-0.61964697,-0.62856,0.009537935,0.7777026,-0.11605024,0.98758096,-0.105906904
1356424523129,-0.756826,-0.13293207,-0.6399559,-0.6425852,-0.027798653,0.7657098,-0.11957729,0.99073523,-0.06438142
1356424523169,-0.7325716,-0.11390743,-0.67109156,-0.669577,-0.056833804,0.740565,-0.122496545,0.9918644,-0.034635007
1356424523210,-0.6927304,-0.100055695,-0.71422225,-0.71007276,-0.07864249,0.6997229,-0.12617946,0.9918691,-0.01656878
