1356425075536,0.8789354,0.3505564,0.32339263,0.28706768,0.15264025,-0.9456707,-0.38087368,0.924019,0.0335275
1356425075690,-0.22960901,-0.050528407,-0.97197044,-0.89642453,-0.37798315,0.23141241,-0.37908137,0.9244325,0.041493475
1356425075728,-0.2177887,-0.038758337,-0.97522604,-0.89995754,-0.3786918,0.21602994,-0.37768304,0.9247109,0.04759395
1356425075767,-0.21010202,-0.02885598,-0.9772535,-0.90238893,-0.37893128,0.20519567,-0.37623304,0.9249748,0.05357495
1356425075808,-0.21726507,-0.024859905,-0.9757961,-0.90142304,-0.37840623,0.21034598,-0.37447643,0.92530584,0.059805036
1356425075848,-0.19939148,-0.010774016,-0.97986066,-0.906438,-0.3778863,0.18860579,-0.372308,0.92578936,0.06558132
1356425075888,-0.18342292,0.0012365282,-0.9830333,-0.91092277,-0.37615335,0.16949472,-0.36956167,0.9265566,0.07012153
1356425075928,-0.16809529,0.011542976,-0.98570323,-0.9154151,-0.37281263,0.15174302,-0.36573103,0.92783487,0.07323465
1356425075970,-0.15367734,0.020357639,-0.9879113,-0.9201088,-0.36745554,0.1355581,-0.36025387,0.92981815,0.075200886
1356425076009,-0.14107776,0.027656764,-0.9896121,-0.92495906,-0.3600216,0.12179932,-0.35291314,0.93253386,0.076372415
1356425076048,-0.13096893,0.033187628,-0.9908308,-0.92949164,-0.3517192,0.11108035,-0.34480774,0.935517,0.076911956
1356425076107,-0.123352766,0.03659436,-0.9916879,-0.9335443,-0.34320843,0.10345572,-0.3365698,0.9385461,0.07649815
1356425076128,-0.11786145,0.03758931,-0.9923184,-0.9370464,-0.33499378,0.098606884,-0.32871386,0.9414703,0.07470572
1356425076168,-0.114115596,0.036331683,-0.9928029,-0.94003034,-0.32728142,0.09607285,-0.3214354,0.94422823,0.07150072
1356425076205,-0.111589015,0.03327331,-0.99319726,-0.94260585,-0.320054,0.09518269,-0.31470972,0.9468149,0.06707811
1356425076248,-0.10985458,0.028919011,-0.99352694,-0.9448863,-0.31320345,0.09535977,-0.30841827,0.9492457,0.061731935
1356425076288,-0.10877401,0.023940176,-0.9937782,-0.94698274,-0.30652273,0.09626785,-0.30231094,0.9515623,0.0560126
1356425076328,-0.108602345,0.019166559,-0.99390054,-0.9489533,-0.29983592,0.097908884,-0.29613045,0.9537983,0.050751
1356425076368,-0.10958648,0.0152563155,-0.9938601,-0.95082676,-0.29301792,0.100343466,-0.289688,0.9559852,0.046617
1356425076408,-0.11172956,0.0124619305,-0.9936605,-0.9526334,-0.28595644,0.10353008,-0.28285342,0.9581616,0.043821454
1356425076448,-0.114750504,0.010607123,-0.9933377,-0.95438904,-0.2786278,0.1072759,-0.27563363,0.96034056,0.04209605
1356425076488,-0.118285954,0.009242266,-0.99293655,-0.95603716,-0.27127606,0.11136517,-0.26833063,0.9624572,0.040924102
1356425076528,-0.121962965,0.0077493787,-0.99250436,-0.9573899,-0.26466113,0.11558148,-0.26178166,0.9643103,0.039698035
1356425076575,-0.12543589,0.0054624975,-0.99208677,-0.9582859,-0.2595229,0.119733274,-0.2568152,0.96572155,0.037788093
1356425076609,-0.12859797,0.0017598569,-0.9916953,-0.95872283,-0.2559439,0.12386811,-0.25360036,0.96669006,0.034601063
1356425076649,-0.1323722,-0.0037094653,-0.9911932,-0.958781,-0.25318062,0.12899107,-0.2514294,0.96741194,0.029957503
1356425076689,-0.13896549,-0.010814428,-0.9902382,-0.9585073,-0.24985695,0.13724121,-0.24890211,0.96822226,0.024355799
1356425076729,-0.1514355,-0.018992841,-0.9882847,-0.9576486,-0.24489385,0.15144739,-0.24490121,0.9693638,0.018897146
1356425076769,-0.17207772,-0.027580678,-0.9846971,-0.95538664,-0.23891985,0.17364767,-0.24005306,0.97064745,0.01476261
1356425076809,-0.20052314,-0.03649664,-0.979009,-0.9506181,-0.23438263,0.20344567,-0.23688775,0.97145915,0.012304753
1356425076850,-0.23275983,-0.04638791,-0.9714273,-0.9429294,-0.2338146,0.23709679,-0.23813227,0.971174,0.010682076
1356425076889,-0.26363575,-0.0575504,-0.9629041,-0.93288314,-0.23874432,0.26968536,-0.24540833,0.9693756,0.009253681
1356425076929,-0.28992903,-0.06885332,-0.95456815,-0.9213503,-0.24978924,0.29785722,-0.2589493,0.9658491,0.008983135
1356425076969,-0.31095135,-0.077993184,-0.9472203,-0.90910995,-0.2662453,0.32036296,-0.27717915,0.96074474,0.011884987
1356425076999,-0.32581633,-0.08347261,-0.941741,-0.89828163,-0.2833131,0.3358925,-0.29484537,0.9553879,0.017326117
1356425077039,-0.33955407,-0.08341354,-0.93688065,-0.8870377,-0.30288976,0.3484567,-0.31283754,0.94936824,0.028856456
1356425077069,-0.34548938,-0.07818341,-0.9351601,-0.879135,-0.3216247,0.35168046,-0.3282662,0.94363385,0.042384207
1356425077109,-0.35196537,-0.06702566,-0.9336101,-0.87163323,-0.3400542,0.3530136,-0.34113905,0.93801415,0.0612655
1356425077139,-0.34952515,-0.049680352,-0.93560886,-0.86887777,-0.3564322,0.34352207,-0.35054752,0.9329994,0.08141595
1356425077179,-0.3513689,-0.024549335,-0.93591523,-0.8669653,-0.36883658,0.33515784,-0.35342765,0.92917,0.108314216
1356425077209,-0.346112,0.009655267,-0.93814355,-0.8701993,-0.37704062,0.31716466,-0.35065597,0.9261464,0.13890031
1356425077249,-0.35416865,0.05702114,-0.93344164,-0.873221,-0.37743753,0.30826306,-0.33473837,0.9242779,0.18346852
1356425077279,-0.3579859,0.11520514,-0.9265925,-0.8804631,-0.37202382,0.29390955,-0.3108546,0.92104614,0.23461324
1356425077309,-0.36774838,0.17928025,-0.91247994,-0.8870456,-0.36215723,0.28634268,-0.27912563,0.91471344,0.29221252
1356425077339,-0.37913662,0.24560744,-0.8921503,-0.89284915,-0.35034233,0.28298497,-0.24305484,0.90384567,0.35211813
1356425077379,-0.39071083,0.31151503,-0.8662005,-0.8970446,-0.33998019,0.28235507,-0.20653313,0.8873397,0.4122769
1356425077419,-0.3809207,0.3653394,-0.8493684,-0.9064511,-0.32871228,0.26513162,-0.18233472,0.87090504,0.45637548
1356425077449,-0.35186088,0.40320295,-0.84476113,-0.9203294,-0.31373298,0.23359248,-0.17084429,0.8596505,0.48146987
1356425077479,-0.310031,0.42338824,-0.85124797,-0.93518126,-0.29706013,0.19285032,-0.17122132,0.8558607,0.48804265
1356425077509,-0.25769877,0.42800456,-0.86625826,-0.9491487,-0.2799443,0.14404139,-0.1808537,0.8593272,0.47838128
1356425077539,-0.19821656,0.41932163,-0.88593423,-0.96013117,-0.26484823,0.08946186,-0.19712481,0.868346,0.45510113
1356425077578,-0.12358868,0.38978264,-0.9125762,-0.9668164,-0.254503,0.022230178,-0.22358847,0.8850411,0.40830195
1356425077617,-0.05210042,0.35135338,-0.93479216,-0.9667723,-0.2523359,-0.04096076,-0.25027338,0.90159714,0.35282552
1356425077658,0.009012163,0.3084241,-0.9512062,-0.9621062,-0.25657487,-0.09230858,-0.2725258,0.9159934,0.29442447
1356425077697,0.053546965,0.26508448,-0.96273714,-0.9563937,-0.2636109,-0.1257779,-0.28712982,0.9274909,0.23940967
1356425077738,0.07996762,0.22380704,-0.97134733,-0.9526755,-0.26955247,-0.14053768,-0.29328242,0.9366172,0.19166005
1356425077778,0.08930546,0.18579608,-0.9785215,-0.9522117,-0.27218914,-0.13858601,-0.29209167,0.944136,0.15260918
1356425077817,0.08386946,0.151591,-0.98487866,-0.9545577,-0.27143037,-0.12306553,-0.28598163,0.950445,0.12193763
1356425077857,0.06656855,0.12141195,-0.99036753,-0.958325,-0.26858497,-0.09734142,-0.2778162,0.9555738,0.098472774
1356425077898,0.040409863,0.095270425,-0.9946309,-0.9620162,-0.265265,-0.06449318,-0.26998502,0.95945716,0.08093235
1356425077937,0.008420408,0.07310948,-0.99728835,-0.9646169,-0.26223105,-0.027368277,-0.26352084,0.96223176,0.06831455
1356425077978,-0.026227355,0.054678798,-0.9981594,-0.9657868,-0.25909573,0.01118359,-0.25800738,0.96430266,0.059603542
1356425078017,-0.059549272,0.03880927,-0.99747074,-0.96549344,-0.2560258,0.04767883,-0.2535278,0.96589065,0.052716196
1356425078057,-0.08641595,0.023363948,-0.9959851,-0.96370953,-0.25541806,0.07762396,-0.25257903,0.9665483,0.044588298
1356425078097,-0.10309142,0.007273406,-0.9946453,-0.96053207,-0.26046574,0.097651035,-0.25836068,0.9654558,0.033838063
1356425078137,-0.10996789,-0.007758826,-0.9939048,-0.9560882,-0.2724893,0.10791096,-0.27166572,0.96212745,0.022546977
1356425078178,-0.1105715,-0.018670768,-0.9936928,-0.9504874,-0.29018086,0.11121616,-0.29042703,0.95678973,0.014339358
1356425078217,-0.10853773,-0.023431212,-0.99381614,-0.9440149,-0.31087208,0.110428184,-0.31153712,0.9501629,0.011621892
1356425078258,-0.10605979,-0.021633476,-0.9941244,-0.9371761,-0.33197492,0.1072084,-0.3323437,0.94304013,0.014934838
1356425078297,-0.10392398,-0.013774663,-0.9944898,-0.9305024,-0.35176545,0.10210961,-0.3512337,0.9359868,0.023739487
1356425078338,-0.10223061,-1.9237399E-4,-0.99476075,-0.9244884,-0.36916238,0.09508017,-0.36724654,0.9293649,0.037561864
1356425078378,-0.10189158,0.019892395,-0.9945966,-0.919691,-0.3829831,0.086558074,-0.37919188,0.92354107,0.057317674
1356425078417,-0.10589075,0.048889995,-0.99317515,-0.9170672,-0.3909225,0.078532666,-0.384415,0.91912425,0.08623046
1356425078457,-0.118843794,0.09030175,-0.9887981,-0.9181856,-0.38901883,0.07482982,-0.37790388,0.9167932,0.12914631
1356425078497,-0.14471012,0.14676768,-0.9785286,-0.92416245,-0.3733855,0.08066678,-0.3535291,0.9159927,0.18966982
1356425078538,-0.18148416,0.21585894,-0.9594105,-0.93316853,-0.34560472,0.098762184,-0.3102581,0.9132154,0.26415452
1356425078578,-0.21965796,0.28765818,-0.9322034,-0.94098926,-0.31465173,0.12463331,-0.25746763,0.9045701,0.33979902
1356425078617,-0.24089253,0.34465367,-0.9072952,-0.94638306,-0.29073364,0.14082983,-0.21524373,0.8925737,0.39620999
1356425078658,-0.23853135,0.3768659,-0.8950278,-0.9516829,-0.27425057,0.13815278,-0.19339687,0.8847365,0.42407423
1356425078697,-0.21448487,0.383185,-0.89842385,-0.9579996,-0.26179343,0.11705065,-0.1903494,0.88579535,0.42324185
1356425078738,-0.17645937,0.3677081,-0.9130459,-0.96380746,-0.25287718,0.08442935,-0.19984314,0.8948988,0.39902234
1356425078777,-0.13458216,0.33679244,-0.93191123,-0.9671105,-0.24949354,0.049498588,-0.21583512,0.90792274,0.35929295
1356425078817,-0.09783107,0.29641616,-0.950035,-0.967368,-0.25251776,0.020828992,-0.23372665,0.9210712,0.31144765
1356425078858,-0.07333523,0.25113335,-0.9651705,-0.9653996,-0.26071668,0.0055152476,-0.25025097,0.9321797,0.26156372
1356425078897,-0.06612432,0.20383069,-0.9767704,-0.9623561,-0.27165985,0.008459032,-0.26362512,0.9405604,0.21412101
1356425078937,-0.079114914,0.15590805,-0.98459816,-0.9587138,-0.28253257,0.032296896,-0.2731457,0.94650304,0.17182374
1356425078996,-0.11373216,0.107934386,-0.9876311,-0.95363176,-0.29067987,0.07804963,-0.2786602,0.95071304,0.13598928
1356425079028,-0.16902798,0.060102046,-0.98377705,-0.9452514,-0.2925915,0.14453334,-0.27915812,0.95434684,0.10626772
1356425079068,-0.26232964,0.009146392,-0.96493495,-0.924495,-0.28897905,0.24859631,-0.2765722,0.9572917,0.0842635
1356425079106,-0.36568063,-0.035626918,-0.93005824,-0.89031065,-0.27792662,0.3606989,-0.27133855,0.9599414,0.06991339
1356425079148,-0.4730922,-0.07337749,-0.8779519,-0.8403976,-0.26149803,0.47471118,-0.2644158,0.9624108,0.06204635
1356425079187,-0.57399493,-0.10526535,-0.8120647,-0.77710426,-0.24260902,0.5807322,-0.25814515,0.96439624,0.05745417
1356425079229,-0.65576863,-0.13404828,-0.7429662,-0.7101326,-0.22454494,0.6673016,-0.2562799,0.9651999,0.052057445
1356425079268,-0.71276546,-0.16298601,-0.68220305,-0.650481,-0.2102288,0.72984815,-0.2623738,0.96397066,0.043824553
1356425079307,-0.74682754,-0.1927828,-0.6364615,-0.6044624,-0.20223492,0.77053624,-0.27726093,0.96017486,0.03450477
1356425079347,-0.7636847,-0.2214865,-0.60640717,-0.57241654,-0.20205563,0.79467785,-0.29853836,0.9540007,0.027524114
1356425079388,-0.76865727,-0.24607332,-0.5904355,-0.55257,-0.2095483,0.80669457,-0.32223073,0.94632846,0.025097966
1356425079428,-0.7649393,-0.2639126,-0.5875525,-0.5439931,-0.22371644,0.80871654,-0.34487563,0.9382436,0.027562916
1356425079467,-0.75355846,-0.2732132,-0.5979166,-0.54698926,-0.2438991,0.800822,-0.36462647,0.9305202,0.034347475
1356425079507,-0.73472357,-0.2723344,-0.6213013,-0.56141174,-0.27000207,0.78225046,-0.3807863,0.92354363,0.04548508
1356425079574,-0.7103522,-0.25878674,-0.65454507,-0.5843443,-0.30156142,0.75339395,-0.39235386,0.9176547,0.06299418
1356425079589,-0.6865053,-0.22930048,-0.69002295,-0.6093025,-0.33647215,0.718009,-0.39681327,0.91334975,0.09127653
1356425079629,-0.674408,-0.18119524,-0.71578074,-0.62714905,-0.37106478,0.684832,-0.38968936,0.9107574,0.13661271
1356425079669,-0.6840703,-0.11457366,-0.7203614,-0.63080966,-0.40293336,0.66311675,-0.3662334,0.9080295,0.20336062
1356425079709,-0.71420956,-0.035754234,-0.6990181,-0.61910963,-0.43360662,0.6547431,-0.32650876,0.90039265,0.28755024
1356425079749,-0.7474992,0.0421423,-0.6629245,-0.6019752,-0.464908,0.6492198,-0.28083932,0.8843555,0.372887
1356425079789,-0.7644416,0.10671565,-0.63579935,-0.59643877,-0.49142766,0.6346335,-0.2447241,0.8643556,0.43931714
1356425079819,-0.762146,0.15593229,-0.62834597,-0.6078844,-0.506274,0.61168885,-0.22273318,0.8481579,0.48064348
1356425079849,-0.7435871,0.19039537,-0.64095867,-0.6332769,-0.50815445,0.583729,-0.21456663,0.8399576,0.4984299
1356425079889,-0.69712925,0.210033,-0.6854903,-0.6811942,-0.4922042,0.54194975,-0.22357386,0.844761,0.48620316
1356425079929,-0.6259533,0.21814483,-0.7487292,-0.7410752,-0.4653917,0.4839609,-0.24287876,0.85780156,0.45297512
1356425079969,-0.53838265,0.21471575,-0.81488734,-0.7993883,-0.43615025,0.41322082,-0.2666883,0.87388223,0.40645692
1356425080009,-0.44695896,0.20003244,-0.8719028,-0.8462169,-0.41060275,0.33959106,-0.29007652,0.8896023,0.35279357
1356425080049,-0.36514235,0.17568621,-0.9142239,-0.8781518,-0.39102197,0.2755925,-0.30906376,0.90345794,0.29705784
1356425080089,-0.30241925,0.14401576,-0.9422325,-0.89741516,-0.37616116,0.23054022,-0.3212299,0.9152935,0.2430003
1356425080129,-0.26397067,0.10735649,-0.95853746,-0.90775913,-0.36356646,0.20926732,-0.32602593,0.9253616,0.1934247
1356425080169,-0.25125593,0.067833215,-0.9655409,-0.91186297,-0.3511399,0.21261862,-0.3246173,0.9338627,0.15008053
1356425080209,-0.26410866,0.027145594,-0.96411085,-0.910146,-0.33782172,0.23981377,-0.31918767,0.94081855,0.11392811
1356425080249,-0.30080873,-0.01309213,-0.9535947,-0.90124667,-0.32309216,0.28873152,-0.31187907,0.94627696,0.0853897
1356425080289,-0.35780865,-0.051257342,-0.932387,-0.882898,-0.30657685,0.35567087,-0.30407903,0.9504648,0.064440876
1356425080329,-0.4283809,-0.08584821,-0.899511,-0.8535819,-0.28815663,0.43400902,-0.29645893,0.9537274,0.050162256
1356425080369,-0.5015102,-0.11633688,-0.85729414,-0.8150132,-0.2689057,0.5132673,-0.2902432,0.95611477,0.040042877
1356425080409,-0.5641435,-0.14366257,-0.8130826,-0.7738229,-0.25148374,0.58133817,-0.28799358,0.9571401,0.030703545
1356425080448,-0.60841465,-0.16901106,-0.7754141,-0.7379278,-0.23908132,0.6311124,-0.29205203,0.95617753,0.020742595
1356425080489,-0.6347297,-0.1919187,-0.74852216,-0.71108556,-0.23407096,0.6629993,-0.30244923,0.95308864,0.012101173
1356425080528,-0.6474231,-0.21050186,-0.73248357,-0.69306445,-0.2371763,0.68074155,-0.31702513,0.9483862,0.0076621175
1356425080576,-0.6498615,-0.22292778,-0.72662455,-0.683143,-0.2477389,0.68697965,-0.33315998,0.9428301,0.008704424
1356425080609,-0.6429286,-0.22805998,-0.7311849,-0.68168855,-0.26486188,0.6820183,-0.34920412,0.93692946,0.01482147
1356425080649,-0.62615603,-0.22499543,-0.746529,-0.6891998,-0.28800654,0.66487277,-0.3645986,0.9308218,0.025270283
1356425080689,-0.6001287,-0.21211565,-0.7712669,-0.70449454,-0.31651455,0.63522124,-0.37885755,0.9245678,0.040515184
1356425080729,-0.56914246,-0.18654382,-0.80079854,-0.7237907,-0.34844148,0.59558,-0.39013323,0.9185804,0.06329417
1356425080769,-0.5436451,-0.14506978,-0.826683,-0.7409051,-0.3798247,0.5538889,-0.39434713,0.9136126,0.09900689
1356425080809,-0.5374709,-0.085776925,-0.83890855,-0.7500434,-0.4060688,0.52205664,-0.385435,0.909808,0.15391368
1356425080839,-0.54220927,-0.015562117,-0.8400994,-0.75652623,-0.42601824,0.49616188,-0.365619,0.9045808,0.21921787
1356425080869,-0.5676919,0.056556582,-0.8212961,-0.7523108,-0.44075465,0.4896568,-0.33429673,0.8958441,0.29276097
1356425080908,-0.61261773,0.12811303,-0.7799273,-0.7348383,-0.4556973,0.50234705,-0.2910536,0.8808672,0.3733106
1356425080947,-0.6379987,0.19023496,-0.7461691,-0.72705233,-0.46804154,0.5023266,-0.25367802,0.86298776,0.4369206
1356425080987,-0.6301268,0.23628324,-0.7396691,-0.74071306,-0.46873456,0.48128152,-0.23298976,0.851151,0.47038043
1356425081027,-0.5881199,0.26570913,-0.76388055,-0.77553153,-0.45327562,0.43942228,-0.22948998,0.8508465,0.47264636
1356425081067,-0.5159702,0.2787467,-0.80998456,-0.82243955,-0.42559576,0.37744042,-0.23951578,0.86091137,0.44884712
1356425081107,-0.4225093,0.27541995,-0.8634985,-0.86855817,-0.39530468,0.29889932,-0.25902218,0.8762865,0.4062382
1356425081147,-0.3223945,0.25706267,-0.9110327,-0.9031503,-0.37178397,0.21470022,-0.28351593,0.8920176,0.35202733
1356425081187,-0.23192441,0.22688064,-0.9459051,-0.9227176,-0.35911477,0.1401034,-0.30790165,0.9052966,0.29263413
1356425081228,-0.16324133,0.188613,-0.96838915,-0.93052,-0.35561162,0.087595314,-0.32784882,0.91540456,0.23355865
1356425081267,-0.123099625,0.1450974,-0.9817297,-0.9319527,-0.3568663,0.064114094,-0.3410434,0.92281806,0.17915401
1356425081307,-0.11503148,0.09791607,-0.9885242,-0.93071395,-0.35842937,0.072800845,-0.34718773,0.92840767,0.13236246
1356425081348,-0.14186358,0.04761499,-0.9887403,-0.9269765,-0.35679185,0.1158196,-0.34725973,0.9329697,0.09475374
1356425081388,-0.2062428,-0.005804479,-0.9784836,-0.91643167,-0.3493365,0.19523591,-0.34295326,0.93697935,0.06672868
1356425081428,-0.30803293,-0.06170678,-0.9493724,-0.89004874,-0.33378917,0.31048027,-0.33604896,0.9406259,0.047895998
1356425081467,-0.43952316,-0.11748165,-0.8905153,-0.83633053,-0.3081416,0.45343143,-0.32767463,0.9440587,0.037181795
1356425081507,-0.5802875,-0.16806996,-0.7968807,-0.7494855,-0.27263492,0.6032758,-0.31865004,0.9473239,0.03224063
1356425081575,-0.7021559,-0.20916933,-0.6806067,-0.6404101,-0.23226982,0.7320695,-0.3112108,0.9498942,0.029135346
1356425081589,-0.78692657,-0.24115509,-0.5679708,-0.5341325,-0.19464558,0.82268804,-0.3089484,0.95076674,0.02436304
1356425081629,-0.83598644,-0.2677417,-0.4790002,-0.4499136,-0.16533041,0.8776353,-0.31417286,0.94919986,0.017753303
1356425081670,-0.85978943,-0.29168138,-0.4191468,-0.39261815,-0.14724457,0.9078381,-0.3265166,0.94511425,0.012080014
1356425081709,-0.8681549,-0.31307703,-0.38508436,-0.35844666,-0.14110881,0.92282414,-0.34325382,0.93918645,0.0102828145
1356425081749,-0.8667334,-0.3305189,-0.37353766,-0.3438,-0.1466769,0.9275168,-0.3613512,0.93233204,0.013497412
1356425081789,-0.8575724,-0.342107,-0.38409925,-0.34811014,-0.16372496,0.92304564,-0.37866706,0.92528737,0.021315217
1356425081829,-0.8399957,-0.3453872,-0.41846746,-0.37295356,-0.19263911,0.907632,-0.39409763,0.91847587,0.033002555
1356425081859,-0.81032306,-0.33707362,-0.4793306,-0.42174518,-0.2324251,0.8764186,-0.40682602,0.91233766,0.046180308
1356425081899,-0.7784543,-0.31680584,-0.54188824,-0.47048563,-0.2769776,0.83781064,-0.41551423,0.907148,0.06656188
1356425081957,-0.73980683,-0.27331066,-0.61480653,-0.528258,-0.3299651,0.7823468,-0.41668844,0.903562,0.09973198
1356425081978,-0.713512,-0.20656925,-0.66949946,-0.5719838,-0.38012367,0.72687024,-0.4046417,0.9015736,0.15306866
1356425082018,-0.71662986,-0.12448631,-0.68625414,-0.5878903,-0.42159963,0.6903902,-0.37526867,0.89819646,0.22894657
1356425082055,-0.7387723,-0.03865224,-0.67284584,-0.58552676,-0.45755208,0.669182,-0.33372736,0.8883423,0.31539488
1356425082098,-0.7496058,0.042284936,-0.66053236,-0.59275115,-0.48693758,0.6415121,-0.29451177,0.8724125,0.39007574
1356425082137,-0.7227495,0.11765677,-0.68102133,-0.63602424,-0.49875307,0.58882815,-0.2703819,0.8587213,0.43530607
1356425082178,-0.64488554,0.18840367,-0.74069345,-0.7173292,-0.4836468,0.5015225,-0.2637453,0.85474557,0.44704416
1356425082217,-0.51026917,0.25104734,-0.8225574,-0.8164369,-0.4420011,0.37157208,-0.27028912,0.86116797,0.43050388
1356425082257,-0.33134258,0.29570436,-0.89597493,-0.89947724,-0.38571668,0.20533723,-0.28487343,0.873946,0.39378372
1356425082297,-0.14395761,0.31505325,-0.9380926,-0.9420842,-0.3338017,0.032464653,-0.30290875,0.8884357,0.3448599
1356425082337,0.015660048,0.31171298,-0.95004725,-0.94717836,-0.2997735,-0.11396918,-0.3203247,0.9016489,0.2905534
1356425082377,0.13239163,0.2938145,-0.9466496,-0.9331882,-0.2849841,-0.2189604,-0.3341139,0.9123908,0.23645478
1356425082418,0.2079593,0.26820508,-0.9406482,-0.9161222,-0.283567,-0.28338993,-0.34274343,0.9206822,0.18673828
1356425082458,0.2492646,0.23879692,-0.9385325,-0.90452445,-0.28881854,-0.3137184,-0.3459806,0.9271245,0.14400546
1356425082498,0.262518,0.20750895,-0.94235045,-0.90128434,-0.29607016,-0.31627363,-0.3446315,0.9323532,0.10930085
1356425082537,0.25177538,0.17532596,-0.95177203,-0.90600586,-0.30304664,-0.295493,-0.34023887,0.9367089,0.08254665
1356425082577,0.21935159,0.14290297,-0.96512365,-0.91661835,-0.30867267,-0.25403163,-0.3342091,0.9403722,0.06327957
1356425082618,0.16678232,0.11025235,-0.97981024,-0.9300386,-0.31240982,-0.19346392,-0.3274322,0.9435277,0.0504345
1356425082658,0.101312995,0.078472406,-0.99175495,-0.9419483,-0.31319493,-0.12100646,-0.32010823,0.9464413,0.04218617
1356425082698,0.03135127,0.047623098,-0.99837327,-0.9488851,-0.3124404,-0.04470089,-0.31406084,0.94874287,0.035393417
1356425082738,-0.03233844,0.018345714,-0.99930865,-0.9493518,-0.3132215,0.024971515,-0.3125468,0.94950294,0.027545571
1356425082778,-0.083251715,-0.0077027082,-0.9964988,-0.9446288,-0.31789082,0.08137545,-0.31740463,0.94809604,0.019188732
1356425082817,-0.12157643,-0.028308183,-0.9921783,-0.93702006,-0.326473,0.124132335,-0.32743338,0.94478256,0.01316607
1356425082857,-0.14938116,-0.041754186,-0.98789775,-0.92852217,-0.33752674,0.15466869,-0.3398999,0.9403895,0.011650354
1356425082898,-0.16715765,-0.0473305,-0.9847934,-0.9207042,-0.34977645,0.17308995,-0.35265002,0.93563676,0.014890492
1356425082937,-0.17437327,-0.04506156,-0.983648,-0.914577,-0.36276454,0.17874742,-0.3648873,0.93079066,0.022044241
1356425082978,-0.17168528,-0.0350796,-0.984527,-0.9103314,-0.37637532,0.1721574,-0.37659094,0.9258028,0.032684058
1356425083017,-0.16272336,-0.01680985,-0.9865285,-0.9075291,-0.38980818,0.15633485,-0.38718486,0.92074263,0.048175424
1356425083057,-0.15495127,0.011683494,-0.98785305,-0.90592897,-0.40052944,0.13736382,-0.39405933,0.91620946,0.072646976
1356425083098,-0.15844238,0.0538823,-0.9858969,-0.90641093,-0.40391082,0.12359324,-0.3915549,0.91321015,0.11283609
1356425083138,-0.1798259,0.11303222,-0.97718287,-0.9103669,-0.39547497,0.121784925,-0.37268582,0.911495,0.17401752
1356425083178,-0.21591765,0.18746996,-0.95824564,-0.91700923,-0.37601656,0.13306257,-0.33537102,0.90745056,0.25310028
1356425083218,-0.24895328,0.26629275,-0.93118775,-0.9241448,-0.35299307,0.14612454,-0.2897909,0.8969304,0.33397183
1356425083258,-0.2569703,0.3334945,-0.9070545,-0.93259263,-0.33171993,0.14224258,-0.25345093,0.8824644,0.39625663
1356425083298,-0.22914076,0.37823114,-0.89690346,-0.94415736,-0.31049335,0.110275745,-0.23677284,0.87208664,0.4282564
1356425083338,-0.16896743,0.3978347,-0.90176356,-0.9562051,-0.28802317,0.052100033,-0.2390016,0.8710742,0.4290781
1356425083378,-0.08924872,0.39514172,-0.91427445,-0.9629718,-0.26869297,-0.02212444,-0.25440136,0.87844586,0.40449077
1356425083418,-0.0057186484,0.37596348,-0.9266168,-0.9608871,-0.2586373,-0.09900874,-0.27688137,0.8898079,0.3627376
1356425083457,0.06885612,0.3466522,-0.9354631,-0.95123833,-0.25979537,-0.16628897,-0.3006734,0.9012983,0.31186038
1356425083497,0.12763911,0.31192723,-0.9414934,-0.9384774,-0.26913327,-0.2163971,-0.32088724,0.9111909,0.2583846
1356425083537,0.16789806,0.27488282,-0.9467046,-0.927343,-0.2817526,-0.24627328,-0.33443272,0.9192687,0.2076049
1356425083577,0.1899566,0.23724571,-0.9526967,-0.9209213,-0.2933063,-0.25666174,-0.34032384,0.92611325,0.16276921
1356425083618,0.19359332,0.20056179,-0.9603628,-0.92033017,-0.30198592,-0.24859005,-0.3398737,0.93197614,0.12612058
1356425083658,0.18238181,0.16624278,-0.9690718,-0.92454463,-0.3064071,-0.2265653,-0.33459538,0.93727154,0.09781581
1356425083697,0.15803939,0.13480929,-0.9781871,-0.9319732,-0.30696017,-0.19287673,-0.32626605,0.9421263,0.07712686
1356425083737,0.12292373,0.106588185,-0.9866756,-0.9405094,-0.30481476,-0.15010059,-0.3167522,0.94642854,0.062778175
1356425083778,0.0805822,0.081404924,-0.9934182,-0.9479706,-0.30170393,-0.1016185,-0.30799043,0.94991994,0.052857548
1356425083818,0.03613925,0.058237314,-0.9976485,-0.9524747,-0.30014253,-0.0520235,-0.30246642,0.95211494,0.04462263
1356425083857,-0.0045546293,0.03591299,-0.99934447,-0.952937,-0.30309737,-0.0065491498,-0.30313396,0.95228255,0.035603404
1356425083898,-0.0382002,0.014640152,-0.99916285,-0.94937587,-0.31253713,0.03171733,-0.31181115,0.94979274,0.025838017
1356425083938,-0.06591129,-0.003645718,-0.9978188,-0.9426087,-0.32781315,0.06346208,-0.3273295,0.9447356,0.018170089
1356425083978,-0.09055108,-0.017098814,-0.99574494,-0.93373835,-0.3462335,0.090857774,-0.3463138,0.9379926,0.015385956
1356425084017,-0.11394763,-0.02531588,-0.9931642,-0.92381626,-0.3650617,0.11529675,-0.3654851,0.930639,0.018210739
1356425084058,-0.13649917,-0.028947175,-0.9902172,-0.9136363,-0.38270622,0.13713035,-0.3829318,0.9234165,0.025791824
1356425084097,-0.15799272,-0.028600305,-0.987026,-0.90368724,-0.39868438,0.15620512,-0.39797938,0.9166421,0.0371435
1356425084138,-0.17849964,-0.023863822,-0.98365057,-0.89438283,-0.41277975,0.1723148,-0.4101431,0.9105183,0.052337617
1356425084177,-0.19985956,-0.012243152,-0.97974813,-0.88628894,-0.42410016,0.18609437,-0.4177897,0.9055326,0.07390946
1356425084217,-0.2262702,0.011328638,-0.97399867,-0.8803988,-0.43021953,0.19952205,-0.41677293,0.9026532,0.10731959
1356425084257,-0.26255637,0.05325398,-0.96344596,-0.8778415,-0.42768735,0.21558744,-0.40057272,0.9023567,0.15904054
1356425084297,-0.3090163,0.11638409,-0.9439088,-0.87832665,-0.41557425,0.23630568,-0.36476198,0.90208244,0.23064244
1356425084337,-0.3569008,0.19294399,-0.9139991,-0.8795019,-0.39913017,0.2591744,-0.31479847,0.89636356,0.3121446
1356425084377,-0.3916806,0.2639611,-0.8814255,-0.88039124,-0.385911,0.27565196,-0.2673904,0.8839668,0.3835429
1356425084417,-0.40448922,0.31171146,-0.85978174,-0.88308465,-0.37757725,0.2785626,-0.23780277,0.87193555,0.42799342
1356425084458,-0.39638877,0.32980934,-0.85679734,-0.8889365,-0.37116194,0.2683852,-0.2294946,0.8680234,0.44030407
1356425084497,-0.37334442,0.32081404,-0.87045527,-0.89663494,-0.3655423,0.24984911,-0.23803309,0.87376034,0.4241263
1356425084537,-0.3419044,0.2906116,-0.8936701,-0.9036137,-0.3627956,0.22773156,-0.25803813,0.88539493,0.386642
1356425084577,-0.3077172,0.24497381,-0.9194009,-0.90779614,-0.36501002,0.20657644,-0.28498477,0.8981956,0.33470622
1356425084618,-0.27909148,0.19206607,-0.9408605,-0.9081867,-0.37107587,0.19364834,-0.3119373,0.9085226,0.2779959
1356425084658,-0.25969952,0.13691321,-0.95593464,-0.90614724,-0.3767652,0.19221169,-0.33384654,0.9161348,0.22190917
1356425084698,-0.25370383,0.08306742,-0.9637085,-0.902764,-0.37810576,0.20506874,-0.34734917,0.9220282,0.17091712
1356425084738,-0.26353675,0.03304714,-0.96408314,-0.89817584,-0.37298042,0.23273551,-0.3518929,0.9272505,0.12797618
1356425084778,-0.2891146,-0.011722803,-0.9572227,-0.89139456,-0.3612861,0.27365673,-0.34903932,0.9323813,0.0940035
1356425084817,-0.32845604,-0.05063069,-0.94316125,-0.88073504,-0.34431237,0.32519948,-0.34120718,0.9374889,0.06849927
1356425084857,-0.3783893,-0.08323407,-0.9218967,-0.86449736,-0.3242073,0.38410127,-0.330856,0.9423171,0.05072099
1356425084897,-0.43530136,-0.10921273,-0.893636,-0.8415042,-0.3034312,0.44699013,-0.31997406,0.94657385,0.04018104
1356425084956,-0.49503124,-0.1290541,-0.8592375,-0.81182146,-0.28374094,0.5103303,-0.3096611,0.95017684,0.035691798
1356425084978,-0.5525264,-0.14531004,-0.8207311,-0.7771544,-0.26606792,0.57029724,-0.30124015,0.95293903,0.03408122
1356425085018,-0.60231394,-0.16247672,-0.7815492,-0.74059373,-0.25162548,0.6230614,-0.29789066,0.95408905,0.031228304
1356425085055,-0.6410469,-0.18390867,-0.74514186,-0.705176,-0.24210352,0.6664178,-0.30296147,0.9526612,0.025511801
1356425085098,-0.66861874,-0.20907652,-0.7136078,-0.67273504,-0.23879945,0.7002874,-0.31682277,0.9482942,0.01901263
1356425085138,-0.6876603,-0.2341345,-0.68724394,-0.6437178,-0.24116445,0.7262692,-0.33578348,0.9418177,0.015122712
1356425085178,-0.6999832,-0.255489,-0.66689485,-0.6191336,-0.24832869,0.7449875,-0.3559453,0.93437576,0.015644133
1356425085218,-0.7061332,-0.27089387,-0.65421116,-0.6008344,-0.25964153,0.7560319,-0.37466478,0.92693186,0.02057916
1356425085257,-0.70548445,-0.2789184,-0.65153384,-0.59118104,-0.27544022,0.75804865,-0.3908923,0.91996586,0.029427469
1356425085298,-0.69745743,-0.2776004,-0.6606747,-0.5918653,-0.29665005,0.7494626,-0.4040403,0.91374874,0.042598724
1356425085338,-0.6835358,-0.26330113,-0.68077254,-0.60216385,-0.3237015,0.7298055,-0.41252568,0.9087848,0.06271112
1356425085378,-0.66977865,-0.23088717,-0.70575315,-0.61741185,-0.35488284,0.7020403,-0.41255182,0.9059521,0.09514052
1356425085417,-0.66705763,-0.17638144,-0.72382563,-0.6296979,-0.38573307,0.6743074,-0.39813882,0.90559345,0.14623922
1356425085458,-0.68395215,-0.10173392,-0.7223987,-0.6317499,-0.41261107,0.6562349,-0.36483103,0.9052085,0.21793568
1356425085497,-0.7141603,-0.018468946,-0.6997385,-0.6237588,-0.4368449,0.6481447,-0.3176477,0.8993473,0.30045703
1356425085538,-0.7373001,0.057252258,-0.67313504,-0.6181493,-0.45915306,0.6380204,-0.27254388,0.8865104,0.37392396
1356425085577,-0.7340292,0.11659455,-0.66903424,-0.63350004,-0.4725293,0.6126938,-0.24470149,0.8735684,0.42071298
1356425085618,-0.69584036,0.16206783,-0.69967157,-0.678144,-0.4690544,0.5657816,-0.23648895,0.8681717,0.43629223
1356425085658,-0.6179309,0.196643,-0.7612443,-0.747351,-0.44761568,0.4910261,-0.24418807,0.8723369,0.42355695
1356425085698,-0.49721217,0.22162199,-0.8388466,-0.82682896,-0.4140274,0.3807035,-0.2629332,0.8828731,0.38910297
1356425085738,-0.34406888,0.23567677,-0.9088856,-0.8938165,-0.37869787,0.24016678,-0.2875913,0.8950108,0.3409499
1356425085778,-0.18398303,0.23801732,-0.953676,-0.9318788,-0.35085434,0.09221211,-0.31265327,0.905676,0.28635457
1356425085818,-0.042930245,0.23056188,-0.97211015,-0.94194794,-0.33365405,-0.03753671,-0.33300307,0.9140657,0.2315012
1356425085857,0.06620413,0.21645787,-0.9740447,-0.9360843,-0.32453048,-0.13574308,-0.3454899,0.92077464,0.1811376
1356425085898,0.14232862,0.19834387,-0.9697434,-0.926056,-0.31926745,-0.20121717,-0.34951773,0.9266757,0.13823673
1356425085938,0.18897808,0.17801061,-0.96571195,-0.91882086,-0.31494838,-0.2378568,-0.3464904,0.93226594,0.10404152
1356425085978,0.21016353,0.15663636,-0.965037,-0.9170964,-0.31044817,-0.25011235,-0.33877066,0.9375964,0.07840578
1356425086018,0.20812339,0.13502696,-0.9687376,-0.92113185,-0.3060254,-0.24055094,-0.3289391,0.9423992,0.060686514
1356425086057,0.1832102,0.113538444,-0.97649527,-0.9298561,-0.30237114,-0.2096169,-0.31906354,0.9464041,0.050176933
1356425086097,0.13651985,0.09177169,-0.9863774,-0.9408382,-0.29971206,-0.15810192,-0.3101384,0.9496056,0.045425564
1356425086138,0.07351202,0.06877795,-0.9949198,-0.95006394,-0.29854202,-0.09083563,-0.30327293,0.95191497,0.04339704
1356425086178,0.0060245395,0.04446152,-0.9989929,-0.9536121,-0.30043012,-0.019121915,-0.3009778,0.952767,0.040589094
1356425086218,-0.0519315,0.020862132,-0.99843276,-0.95074236,-0.30698037,0.04303667,-0.3056014,0.9514872,0.035776466
1356425086258,-0.09081668,0.0020596683,-0.9958656,-0.94413364,-0.31829494,0.085440725,-0.31680295,0.9479896,0.030851007
1356425086298,-0.10582554,-0.007297814,-0.9943579,-0.9374115,-0.3328861,0.10220808,-0.3317538,0.94293875,0.028386831
1356425086338,-0.09302187,-0.0031843483,-0.99565893,-0.9330611,-0.34871465,0.088288814,-0.34748203,0.93722355,0.029466927
1356425086378,-0.049682617,0.01693371,-0.99862146,-0.93073034,-0.3634963,0.040141195,-0.36231557,0.93144166,0.03382027
1356425086418,0.020081997,0.052445382,-0.9984218,-0.9264952,-0.37435246,-0.03829941,-0.3757703,0.92580223,0.041072637
1356425086457,0.101584196,0.09876025,-0.9899126,-0.91626334,-0.37828428,-0.1317665,-0.38748172,0.92040604,0.05206272
1356425086498,0.17350155,0.14955577,-0.9734117,-0.90176547,-0.37318313,-0.21806747,-0.39587402,0.9156241,0.070116356
1356425086537,0.2193585,0.20138276,-0.9546344,-0.8912231,-0.35678083,-0.2800516,-0.3969928,0.91222394,0.10121404
1356425086578,0.2288953,0.2553222,-0.9393708,-0.89464974,-0.32516718,-0.30637902,-0.3836779,0.9105366,0.15399468
1356425086617,0.2157231,0.3129198,-0.9249567,-0.9096754,-0.2798856,-0.30684653,-0.35490036,0.9076042,0.2242776
1356425086658,0.18549907,0.3710433,-0.9098995,-0.93087053,-0.23024738,-0.28366584,-0.31475422,0.8996183,0.30268252
1356425086698,0.1666326,0.4224539,-0.8909356,-0.94597995,-0.18637776,-0.26530212,-0.27812856,0.88701516,0.36857635
1356425086738,0.18149972,0.45766044,-0.870405,-0.9492055,-0.14981341,-0.27670363,-0.2570346,0.8764149,0.40722263
1356425086778,0.23085606,0.47195864,-0.8508587,-0.9395237,-0.119243026,-0.32105505,-0.25298366,0.8735194,0.4158883
1356425086817,0.29751235,0.4670725,-0.8326642,-0.91824913,-0.09876031,-0.38349035,-0.261352,0.8786863,0.39950657
1356425086857,0.36228746,0.4487593,-0.81692284,-0.88997495,-0.0938611,-0.44624516,-0.27693385,0.8887099,0.36537978
1356425086898,0.41364104,0.4228229,-0.80630136,-0.8612868,-0.10532725,-0.49708253,-0.29510343,0.9000705,0.32060415
1356425086937,0.44782007,0.39264357,-0.8032984,-0.83797574,-0.1290484,-0.53022945,-0.3118555,0.91059196,0.2712353
1356425086977,0.46469566,0.3594851,-0.8092147,-0.82386297,-0.15939137,-0.5439155,-0.32451144,0.91943717,0.22209805
1356425087017,0.4644237,0.32364237,-0.82435817,-0.8209957,-0.19169828,-0.53778994,-0.3320796,0.9265568,0.1766797
1356425087057,0.44647208,0.28499871,-0.8481971,-0.8297432,-0.22296599,-0.5116761,-0.33494613,0.9322349,0.13692766
1356425087097,0.4092483,0.24325874,-0.87939805,-0.84901214,-0.25150132,-0.4646777,-0.33420676,0.9367882,0.103603214
1356425087138,0.34989446,0.19818279,-0.9155859,-0.87641823,-0.27593392,-0.39465356,-0.33085477,0.94052327,0.0771433
1356425087178,0.26433814,0.14967677,-0.9527445,-0.90789795,-0.2946326,-0.29818246,-0.3253406,0.9438158,0.058008626
1356425087218,0.14992619,0.09798148,-0.9838301,-0.93619895,-0.30587167,-0.17313,-0.31788933,0.94701743,0.045872048
1356425087258,0.0102341175,0.04381028,-0.99898744,-0.9507489,-0.30908555,-0.023294747,-0.30979314,0.9500246,0.0384894
1356425087297,-0.13952428,-0.011225969,-0.99015504,-0.94227433,-0.30587006,0.13624516,-0.30438823,0.9520072,0.032098323
1356425087337,-0.27735966,-0.06464931,-0.9585886,-0.9108168,-0.29982352,0.28375804,-0.30575216,0.95180166,0.024275273
1356425087378,-0.3892091,-0.113961786,-0.91407275,-0.8653554,-0.29487282,0.40522853,-0.31571576,0.9487164,0.01614976
1356425087417,-0.4742381,-0.15719584,-0.8662492,-0.8152468,-0.29304844,0.49949494,-0.33237147,0.9430865,0.0108213425
1356425087457,-0.5377409,-0.19303885,-0.8207135,-0.76615846,-0.29441553,0.57124484,-0.3519033,0.9359783,0.010420918
1356425087497,-0.58522815,-0.22089562,-0.78020066,-0.72107995,-0.29831326,0.62534225,-0.3708796,0.9285549,0.015297949
1356425087537,-0.6202673,-0.24063131,-0.7465688,-0.6820116,-0.30470365,0.66484267,-0.38746428,0.9215488,0.024884403
1356425087578,-0.645602,-0.25195092,-0.72091514,-0.6499572,-0.31433964,0.6919148,-0.40094084,0.9152657,0.039181113
1356425087618,-0.66377866,-0.25390726,-0.70351183,-0.6253043,-0.32767904,0.7082521,-0.4103564,0.91003156,0.05873704
1356425087658,-0.68158334,-0.24399628,-0.68986225,-0.6039587,-0.34469223,0.7186245,-0.41313186,0.90645075,0.08757287
1356425087698,-0.7075245,-0.21806228,-0.6722038,-0.57972604,-0.3648708,0.7285513,-0.40413713,0.9051619,0.13173872
1356425087738,-0.74771273,-0.17398094,-0.6408247,-0.5460051,-0.3881274,0.7424523,-0.3778942,0.9050346,0.19521338
1356425087777,-0.7973292,-0.11742762,-0.5920109,-0.50176954,-0.4161266,0.75833106,-0.33540052,0.9016925,0.27286828
1356425087818,-0.84101075,-0.063369334,-0.5372945,-0.4571241,-0.4479593,0.7683555,-0.28937626,0.8918054,0.34777087
1356425087858,-0.86745656,-0.02610147,-0.49682778,-0.4264258,-0.4754082,0.7695116,-0.25628138,0.8793781,0.40126562
1356425087897,-0.8764466,-0.009561598,-0.48140407,-0.41576564,-0.4892521,0.7666625,-0.24285847,0.87209,0.4248279
1356425087956,-0.8719362,-0.010429367,-0.48950857,-0.4233104,-0.48634082,0.7643828,-0.24604,0.873707,0.4196432
1356425087978,-0.8574666,-0.024011984,-0.5139791,-0.44416142,-0.46973407,0.7629354,-0.2597531,0.88248134,0.3921161
1356425088018,-0.83595717,-0.046554565,-0.5468165,-0.4727866,-0.44483447,0.76065445,-0.27865475,0.894402,0.3498522
1356425088055,-0.8115642,-0.07494949,-0.5794361,-0.50254124,-0.416318,0.75771475,-0.29802,0.9061247,0.3002035
1356425088098,-0.7892921,-0.106726274,-0.6046713,-0.52746403,-0.38626832,0.75668913,-0.31432402,0.91619116,0.24858433
1356425088138,-0.77523166,-0.13997306,-0.6159736,-0.5413198,-0.3553655,0.7620291,-0.32555932,0.9241877,0.19972032
1356425088178,-0.77315766,-0.17300685,-0.6101604,-0.54069555,-0.32302248,0.7767269,-0.33147466,0.93044347,0.15620333
1356425088218,-0.78470296,-0.20448047,-0.5851743,-0.5229549,-0.28845865,0.80206597,-0.33280542,0.93540335,0.11942029
1356425088258,-0.80846244,-0.23246278,-0.54069364,-0.48708427,-0.25139976,0.83638936,-0.33035964,0.9395527,0.09001821
1356425088298,-0.8405997,-0.25451437,-0.47813654,-0.4337512,-0.21241528,0.8756367,-0.32442564,0.94345224,0.068160295
1356425088338,-0.8753384,-0.2687562,-0.40193638,-0.36654896,-0.17326182,0.9141237,-0.31531665,0.94749695,0.053150415
1356425088378,-0.90560925,-0.27622047,-0.32182938,-0.2943754,-0.13687968,0.9458368,-0.30531138,0.95129716,0.042647004
1356425088418,-0.9258747,-0.28200856,-0.2514501,-0.23047511,-0.1058079,0.9673086,-0.2993947,0.9535596,0.03296888
1356425088458,-0.93507963,-0.29208705,-0.20077685,-0.1849921,-0.0809958,0.9793966,-0.30233112,0.95295584,0.02170366
1356425088498,-0.9355407,-0.30879837,-0.17148513,-0.15962884,-0.0634613,0.9851352,-0.3150908,0.949008,0.0100774765
1356425088537,-0.93027765,-0.33020234,-0.1598441,-0.15012433,-0.054910004,0.9871412,-0.33473334,0.9423117,0.0015100241
1356425088577,-0.9214859,-0.35283262,-0.16239727,-0.15217356,-0.056728184,0.98672444,-0.35736108,0.93396527,-0.0014175773
1356425088618,-0.9109127,-0.3726279,-0.1771627,-0.16344178,-0.0683763,0.9841806,-0.37884688,0.9254584,0.0013818145
1356425088658,-0.89874893,-0.38750142,-0.20516622,-0.18454236,-0.09015465,0.9786809,-0.3977369,0.91745025,0.009515941
1356425088698,-0.8840581,-0.39516276,-0.24957515,-0.21813905,-0.123398125,0.96808493,-0.4133482,0.91028535,0.022890627
1356425088738,-0.86599296,-0.39159596,-0.3109806,-0.26437908,-0.1693238,0.9494384,-0.42445263,0.90442365,0.043103397
1356425088778,-0.8469686,-0.37085402,-0.38093492,-0.31544274,-0.22621894,0.92158604,-0.42794862,0.9007176,0.07461721
1356425088817,-0.83636093,-0.32864386,-0.43874082,-0.35402274,-0.2872483,0.8900316,-0.41853097,0.89971197,0.12389594
1356425088857,-0.84630865,-0.26836947,-0.46015143,-0.3614873,-0.34514546,0.8661417,-0.3912652,0.8993622,0.19508749
1356425088897,-0.8740351,-0.20180848,-0.44196832,-0.338374,-0.39994836,0.85178894,-0.34866273,0.894044,0.2812822
1356425088937,-0.9004027,-0.14143926,-0.41142404,-0.31104314,-0.45191383,0.8360777,-0.30418247,0.88077736,0.3629108
1356425088978,-0.91041946,-0.091662385,-0.40340352,-0.31060567,-0.4926238,0.81292427,-0.2732408,0.8654015,0.42002347
1356425089018,-0.8997166,-0.04942262,-0.43366727,-0.3496319,-0.5131591,0.7838528,-0.2612804,0.85686934,0.4444181
1356425089057,-0.86492777,-0.010580748,-0.50178474,-0.42635447,-0.51200247,0.7457046,-0.26480514,0.85891885,0.43833396
1356425089097,-0.7991298,0.026707172,-0.60056496,-0.53291315,-0.49378794,0.68715143,-0.27819988,0.8691721,0.40883327
1356425089138,-0.6963485,0.060839772,-0.71512043,-0.65353477,-0.4655723,0.5967702,-0.2966329,0.88291615,0.36396146
1356425089178,-0.5624556,0.086863875,-0.8222519,-0.76418847,-0.43430805,0.4768568,-0.31568906,0.8965663,0.31065947
1356425089218,-0.42186004,0.09921995,-0.9012157,-0.84402525,-0.40601665,0.35038844,-0.331143,0.9084636,0.25502622
1356425089258,-0.30440372,0.09574652,-0.94771886,-0.88972753,-0.3839007,0.24699226,-0.34018126,0.91839695,0.2020491
