1356425255239,0.7488701,-0.55196,-0.36678836,-0.2711793,0.24978489,-0.9295533,0.6046944,0.79558,0.0373763
1356425255397,0.42734838,-0.35144463,0.83298266,0.674229,-0.48993486,-0.5526113,0.6023195,0.79777855,0.027581247
1356425255438,0.4631831,-0.36824566,0.80613685,0.65183634,-0.47473353,-0.59138614,0.60047555,0.7993893,0.020147325
1356425255478,0.49155405,-0.37995988,0.7835847,0.6324639,-0.4627734,-0.62115234,0.5986352,0.800919,0.012832761
1356425255522,0.51888704,-0.39066875,0.7603513,0.61217,-0.45100808,-0.6494917,0.59666073,0.80247706,0.0051335087
1356425255578,0.54563594,-0.40140668,0.73563176,0.5905316,-0.4386706,-0.67737776,0.59460396,0.80401546,-0.0023111394
1356425255598,0.5697445,-0.41193163,0.7111283,0.56935334,-0.4261555,-0.70301366,0.5926449,0.8054215,-0.008265108
1356425255640,0.58893466,-0.4215927,0.6895037,0.55119514,-0.4144102,-0.72418785,0.59104973,0.8065505,-0.011680692
1356425255675,0.6021167,-0.43002412,0.67270696,0.5379468,-0.40409335,-0.7398119,0.58997345,0.8073337,-0.011981249
1356425255718,0.6091202,-0.43701723,0.661807,0.53084445,-0.39531034,-0.7496226,0.5892171,0.8079268,-0.008803368
1356425255758,0.61076224,-0.4425582,0.656591,0.5298059,-0.38784435,-0.75424296,0.58845156,0.80852896,-0.0024107397
1356425255798,0.60801256,-0.44679713,0.65627205,0.5338866,-0.38170645,-0.7544967,0.58761024,0.8091184,0.006456703
1356425255838,0.60182476,-0.4499597,0.6598055,0.54159254,-0.37722495,-0.7512515,0.58692795,0.8094675,0.016671479
1356425255877,0.5929706,-0.45231092,0.6661837,0.55149484,-0.37469646,-0.7452892,0.58671916,0.8093314,0.027263194
1356425255918,0.5821868,-0.45405877,0.6744546,0.5623523,-0.37423602,-0.73736507,0.5872124,0.8085653,0.03746575
1356425255958,0.57052886,-0.4553231,0.6835039,0.5729177,-0.37564543,-0.7284613,0.58844036,0.8071998,0.04654607
1356425255997,0.5594007,-0.4562171,0.69205266,0.5819641,-0.37835747,-0.71983576,0.5902446,0.80542636,0.053848535
1356425256038,0.55001307,-0.45695063,0.6990578,0.58855987,-0.38177904,-0.7126304,0.5925225,0.80339336,0.058959395
1356425256077,0.5429107,-0.45783597,0.704013,0.5921288,-0.38577133,-0.7075055,0.5955094,0.8009787,0.061658442
1356425256117,0.5379409,-0.45917952,0.70694685,0.592373,-0.39075273,-0.70456123,0.5997615,0.7977885,0.06180367
1356425256158,0.53424776,-0.4611783,0.7084446,0.5895302,-0.39736453,-0.70324636,0.6058328,0.7933574,0.05958745
1356425256197,0.5303954,-0.4638665,0.70958334,0.5845843,-0.40605792,-0.70240873,0.6139559,0.78736573,0.055797845
1356425256238,0.52514,-0.4670986,0.7113697,0.5788535,-0.41669393,-0.7009242,0.6238242,0.7798622,0.05155903
1356425256278,0.5177617,-0.47056204,0.71448874,0.5733854,-0.4289526,-0.6980178,0.63494253,0.77108425,0.047718197
1356425256318,0.50962055,-0.47367537,0.7182747,0.56879103,-0.44090363,-0.69432026,0.6455724,0.76238805,0.044728786
1356425256357,0.5006182,-0.47570682,0.72324574,0.56557405,-0.45277622,-0.6892892,0.6553681,0.75411975,0.04237944
1356425256397,0.49106318,-0.4757031,0.72976947,0.56397927,-0.46485674,-0.6825214,0.6639159,0.746736,0.040012687
1356425256438,0.48147577,-0.47257087,0.73814493,0.5641629,-0.47741812,-0.67364097,0.67074686,0.7407757,0.036741704
1356425256477,0.4724148,-0.4652921,0.7485503,0.5662941,-0.49055707,-0.66231763,0.67537785,0.7367883,0.03174576
1356425256517,0.46381652,-0.4530833,0.7613079,0.57075727,-0.5044138,-0.6479219,0.67757684,0.7350389,0.02464515
1356425256557,0.4544329,-0.43553308,0.77704674,0.5781263,-0.5194414,-0.629246,0.6776877,0.7351812,0.015741855
1356425256598,0.44167566,-0.4125997,0.7966706,0.5888972,-0.53658175,-0.60438406,0.67684764,0.73609877,0.005983711
1356425256637,0.4227075,-0.38470912,0.82055914,0.60285276,-0.55668414,-0.57155156,0.6766734,0.73627543,-0.003391563
1356425256677,0.39602757,-0.3526996,0.8478002,0.6191063,-0.5793056,-0.5302004,0.6781369,0.7348524,-0.011062443
1356425256718,0.3631568,-0.3181057,0.8757431,0.63654375,-0.60165954,-0.48251197,0.680389,0.73267627,-0.016008524
1356425256757,0.32808477,-0.28314477,0.90121555,0.6545529,-0.6197368,-0.43299744,0.6811174,0.731953,-0.01799294
1356425256797,0.29481316,-0.25045884,0.92214715,0.6732051,-0.6304347,-0.38645422,0.6781446,0.73472595,-0.01725021
1356425256838,0.26547807,-0.22273347,0.93803585,0.69267607,-0.6326913,-0.34626806,0.6706126,0.7416816,-0.013683554
1356425256877,0.24111593,-0.20259655,0.94911414,0.71217525,-0.6274337,-0.3148543,0.65929466,0.75185204,-0.0070000067
1356425256917,0.22325855,-0.19245961,0.95557046,0.7298951,-0.61674607,-0.29474968,0.6460717,0.76327163,0.0027814806
1356425256957,0.21427017,-0.19421366,0.9572718,0.7437898,-0.60280997,-0.28878522,0.633139,0.77388704,0.0152899325
1356425256998,0.21621168,-0.20871297,0.95377743,0.7526425,-0.5866307,-0.29898748,0.6219177,0.782498,0.03024993
1356425257038,0.22974569,-0.23561192,0.9443008,0.756144,-0.5676525,-0.32560235,0.61275053,0.7888331,0.047740817
1356425257077,0.25247395,-0.27319163,0.92823666,0.7545937,-0.54489857,-0.36561468,0.60567766,0.79274964,0.06857592
1356425257118,0.2782191,-0.31878155,0.9060753,0.7488999,-0.5186886,-0.4124454,0.60145086,0.7933098,0.094426334
1356425257158,0.29509026,-0.36863726,0.881492,0.74199706,-0.49282664,-0.45449117,0.6019652,0.7881805,0.12809944
1356425257197,0.28628862,-0.41875845,0.861789,0.7388727,-0.4761402,-0.47682047,0.6100049,0.7732606,0.17309564
1356425257238,0.23491114,-0.46427137,0.8539724,0.7424012,-0.48139715,-0.46593684,0.6274211,0.7434439,0.23159009
1356425257278,0.13171929,-0.4974773,0.8574184,0.74613726,-0.51970357,-0.4161579,0.6526325,0.69456786,0.3027314
1356425257317,0.010565102,-0.5132818,0.8581551,0.73729324,-0.5757414,-0.3534409,0.6754902,0.6364461,0.37235644
1356425257358,-0.09529811,-0.5145254,0.8521631,0.7174809,-0.6289089,-0.2994908,0.69002855,0.5828699,0.42909595
1356425257397,-0.15930879,-0.5121155,0.8440133,0.7002739,-0.661238,-0.2690366,0.69587153,0.5481805,0.46396217
1356425257438,-0.17481124,-0.514393,0.83954805,0.6952739,-0.6682422,-0.2646631,0.69716233,0.5374497,0.47446024
1356425257477,-0.14528775,-0.52333057,0.83965266,0.70203924,-0.6525248,-0.2852233,0.69716024,0.5480296,0.46220243
1356425257517,-0.07855725,-0.53593934,0.8405937,0.7134445,-0.619159,-0.32808408,0.6962943,0.5739435,0.43100238
1356425257558,0.014762938,-0.54719496,0.836875,0.7201239,-0.5748386,-0.38856447,0.6936886,0.60839,0.3855618
1356425257597,0.12147403,-0.55261344,0.8245377,0.7145893,-0.52785766,-0.4590515,0.6889166,0.6449686,0.33077073
1356425257638,0.22577173,-0.549893,0.80414224,0.6950871,-0.4874212,-0.5284644,0.68255484,0.6782612,0.27217758
1356425257678,0.3147412,-0.53984463,0.7807085,0.6663542,-0.46007574,-0.5867728,0.6759512,0.7049099,0.21492296
1356425257717,0.38162625,-0.5249244,0.76079947,0.6361253,-0.4480086,-0.62819815,0.6706012,0.72370076,0.16294584
1356425257758,0.42558903,-0.5073371,0.7493217,0.6110194,-0.44967556,-0.6514962,0.6674799,0.7351197,0.118615806
1356425257797,0.4490946,-0.48809025,0.7483862,0.5946929,-0.4618309,-0.6580673,0.66682416,0.74059445,0.082858056
1356425257838,0.45539838,-0.46715203,0.7578795,0.58804643,-0.48131567,-0.6500281,0.6684413,0.74169004,0.05551672
1356425257878,0.44714063,-0.4438848,0.77655107,0.5901615,-0.50598097,-0.629041,0.67214185,0.7395603,0.035719097
1356425257917,0.4267636,-0.4175403,0.802205,0.598788,-0.53429383,-0.5966431,0.67773575,0.7349763,0.022000998
1356425257958,0.39822894,-0.3877573,0.83129895,0.6111261,-0.5636833,-0.5556851,0.68406034,0.72931844,0.01249367
1356425257997,0.36729085,-0.3550923,0.8596551,0.6254737,-0.58976233,-0.5108453,0.6883895,0.72532046,0.0054866076
1356425258038,0.3388934,-0.321683,0.8841218,0.6417018,-0.608186,-0.46725646,0.6880189,0.72569275,3.1432696E-4
1356425258077,0.3148777,-0.29057354,0.90355915,0.65993416,-0.6171812,-0.42845565,0.6821576,0.73120064,-0.0025771558
1356425258118,0.29617208,-0.26546556,0.91750205,0.6786371,-0.61746997,-0.39772162,0.6721114,0.740445,-0.0027225912
1356425258158,0.28511852,-0.2500081,0.9253126,0.69523174,-0.6106196,-0.37920517,0.65981835,0.7514251,-2.8539076E-4
1356425258197,0.285271,-0.24719405,0.9260214,0.70727944,-0.59773743,-0.37744647,0.6468201,0.7626304,0.0043180883
1356425258238,0.29968023,-0.25885963,0.91825026,0.7128693,-0.5788981,-0.39584655,0.63404197,0.77321976,0.011048768
1356425258278,0.32846534,-0.2854923,0.9003359,0.71063715,-0.55321574,-0.4346806,0.62217796,0.7825897,0.021169275
1356425258317,0.37058645,-0.3275506,0.86912394,0.6978281,-0.5193423,-0.49327433,0.6129451,0.78929985,0.03611273
1356425258358,0.40687013,-0.37806994,0.8315767,0.6804784,-0.48188668,-0.55202746,0.6094308,0.79047346,0.061203152
1356425258398,0.41746616,-0.43504515,0.797783,0.667958,-0.44831753,-0.5940064,0.6160797,0.78086317,0.10343444
1356425258438,0.37715143,-0.49377072,0.7835479,0.6736418,-0.43434048,-0.5979591,0.63558125,0.75335175,0.16881245
1356425258478,0.27531487,-0.54519486,0.79181075,0.6962019,-0.45491368,-0.55529857,0.66295147,0.7041421,0.25432122
1356425258518,0.14150286,-0.5781034,0.80360025,0.7136382,-0.5030233,-0.48753262,0.68607396,0.64246714,0.34137744
1356425258558,0.03369236,-0.59476495,0.8031933,0.715027,-0.54715014,-0.43515885,0.69828457,0.58896637,0.40683818
1356425258616,-0.009958863,-0.6096953,0.7925734,0.71092856,-0.56170505,-0.42316443,0.7031937,0.5592488,0.43904367
1356425258639,0.014401019,-0.6305439,0.77602,0.708121,-0.5415091,-0.45313638,0.70594424,0.55604166,0.43870306
1356425258678,0.090920866,-0.65250945,0.75230634,0.70089424,-0.4947245,-0.51380444,0.7074466,0.57400274,0.4123593
1356425258715,0.19368172,-0.66586536,0.72049344,0.6809129,-0.4374733,-0.58734566,0.70628965,0.60435134,0.36866567
1356425258758,0.29987282,-0.66562796,0.6833855,0.64597654,-0.38545203,-0.6588938,0.7019905,0.63903534,0.31439346
1356425258797,0.38928813,-0.65288436,0.64976674,0.6035062,-0.35212946,-0.7153916,0.69587,0.6706317,0.25693995
1356425258837,0.4556616,-0.632825,0.6260232,0.5627421,-0.3401212,-0.75341815,0.6897056,0.6955933,0.2011371
1356425258877,0.49929985,-0.60940886,0.6158901,0.530985,-0.34648523,-0.7733066,0.6846567,0.71314025,0.15058687
1356425258917,0.52371657,-0.5845555,0.61969006,0.51158035,-0.36584947,-0.7774572,0.6811801,0.7241885,0.10744572
1356425258957,0.53200954,-0.5586454,0.63630265,0.5051556,-0.39369053,-0.7680009,0.67954665,0.7300156,0.07275581
1356425259000,0.52509326,-0.5314202,0.6647328,0.5109822,-0.42774993,-0.7456053,0.68056905,0.73117894,0.046937674
1356425259037,0.5034976,-0.5011646,0.70379275,0.5274268,-0.46690497,-0.7098033,0.68433267,0.7285834,0.029242128
1356425259078,0.47002268,-0.46931234,0.7475458,0.54822946,-0.50853014,-0.663959,0.6917537,0.7219024,0.018270135
1356425259118,0.4291709,-0.4346764,0.79175043,0.5691614,-0.5504981,-0.610743,0.7013327,0.7127469,0.011143267
1356425259158,0.39035523,-0.39881998,0.8297984,0.5872451,-0.586291,-0.55803764,0.7090599,0.70512795,0.005343348
1356425259198,0.36091667,-0.3646502,0.8583527,0.60411835,-0.60976267,-0.51306,0.71047884,0.70371854,2.1833181E-4
1356425259237,0.3424939,-0.33529294,0.877654,0.62227106,-0.6189236,-0.4792831,0.703901,0.7102902,-0.0033344626
1356425259281,0.33357233,-0.31347018,0.88908154,0.64124304,-0.6158676,-0.45772752,0.69104046,0.7228025,-0.004425822
1356425259319,0.33345115,-0.30162293,0.89321554,0.6579907,-0.6040621,-0.44961905,0.67517304,0.7376535,-0.0029601157
1356425259359,0.34349406,-0.30174848,0.8893591,0.6693429,-0.5856112,-0.4572085,0.6587807,0.7523346,8.1920996E-4
1356425259399,0.36587995,-0.31523064,0.87564915,0.67267454,-0.56064093,-0.48289812,0.6431491,0.76570964,0.0069203973
1356425259439,0.4007445,-0.34218234,0.84989125,0.66605204,-0.5281609,-0.5267074,0.6291093,0.77714694,0.01625365
1356425259479,0.44222867,-0.38087815,0.8120134,0.6497081,-0.4881026,-0.58278245,0.61831486,0.7852947,0.031606585
1356425259519,0.47541863,-0.42821878,0.7685089,0.6297254,-0.4443674,-0.63716847,0.6143477,0.78687125,0.058399618
1356425259559,0.47760952,-0.48153257,0.7348575,0.6201693,-0.40768212,-0.6702129,0.6223176,0.77583617,0.10391885
1356425259599,0.42690068,-0.5384773,0.72649705,0.63405347,-0.39458185,-0.66504234,0.64477277,0.74454504,0.17297617
1356425259629,0.34437394,-0.59106266,0.7294186,0.6573421,-0.40291595,-0.63683605,0.67030436,0.69878733,0.2497766
1356425259669,0.21858513,-0.62944806,0.74566454,0.6825261,-0.44750696,-0.5778369,0.6974085,0.6352421,0.33179647
1356425259709,0.11252922,-0.6526792,0.74923104,0.6882845,-0.49263066,-0.53252184,0.7166601,0.5756084,0.39379358
1356425259749,0.065484405,-0.66995394,0.7395089,0.68123186,-0.5115071,-0.52372086,0.72913295,0.5380726,0.42289832
1356425259788,0.08015442,-0.68670404,0.72250444,0.66937315,-0.50000286,-0.5494876,0.7385897,0.52766895,0.41958392
1356425259827,0.13988602,-0.6996649,0.70064324,0.65197796,-0.46747142,-0.59698844,0.7452225,0.5403143,0.39077336
1356425259868,0.22439158,-0.70336837,0.67447865,0.62572736,-0.42660457,-0.65304977,0.7470702,0.56857866,0.34439024
1356425259908,0.31362802,-0.6953159,0.6466632,0.5909082,-0.3901701,-0.7061124,0.7432798,0.6035752,0.28849965
1356425259948,0.39307225,-0.6776094,0.62156236,0.5522868,-0.36647457,-0.7487828,0.73516905,0.63760644,0.23018375
1356425259987,0.45510465,-0.6546375,0.60359716,0.51653653,-0.35806453,-0.7778046,0.72530675,0.6657624,0.17518729
1356425260027,0.4984904,-0.6302563,0.5952178,0.48880884,-0.36269665,-0.79342103,0.71594214,0.6864605,0.1272741
1356425260068,0.52546084,-0.6064634,0.5967353,0.47148293,-0.37627104,-0.7975738,0.70823354,0.70044434,0.0882214
1356425260108,0.53883505,-0.58376235,0.60735345,0.46469095,-0.3953861,-0.7922954,0.7026514,0.7091482,0.05822125
1356425260148,0.54051733,-0.56201094,0.6260869,0.4672572,-0.41831505,-0.7788987,0.6996512,0.7135519,0.036497116
1356425260187,0.53169286,-0.54097265,0.65165275,0.47695702,-0.44455835,-0.7582084,0.69986767,0.7139443,0.021652192
1356425260227,0.51410973,-0.52021754,0.6819567,0.49076533,-0.4736596,-0.73129755,0.7034491,0.7106479,0.011791676
1356425260278,0.49164057,-0.49927175,0.7134545,0.50565016,-0.5033489,-0.70068383,0.70894814,0.705243,0.004990071
1356425260309,0.4699275,-0.477943,0.74211764,0.5202643,-0.5292104,-0.6702696,0.7130871,0.70107543,-3.3766002E-5
1356425260350,0.4534071,-0.45717514,0.7651229,0.5351172,-0.54687613,-0.6438759,0.71279144,0.7013683,-0.0033152401
1356425260388,0.44326836,-0.4389621,0.7815532,0.55068153,-0.55460995,-0.6238251,0.70729274,0.7069088,-0.0041127205
1356425260427,0.4391212,-0.42568994,0.7911767,0.5656266,-0.5532013,-0.6115838,0.6980251,0.71607006,-0.0021408205
1356425260467,0.44109112,-0.41935104,0.7934629,0.5774132,-0.5442257,-0.6086151,0.6870463,0.7266106,0.0020857453
1356425260513,0.4501843,-0.4209744,0.7874736,0.5845729,-0.52769494,-0.6162894,0.67498785,0.7377795,0.008530229
1356425260547,0.46858406,-0.43213663,0.7705108,0.58303976,-0.503985,-0.63723123,0.6636969,0.7478348,0.015793532
1356425260587,0.4891926,-0.4475073,0.7486173,0.57827824,-0.4761212,-0.66249764,0.652905,0.75699806,0.025868684
1356425260628,0.5091022,-0.46893182,0.7217464,0.5707536,-0.44373447,-0.69089794,0.64424783,0.763677,0.04173833
1356425260667,0.5173547,-0.49666023,0.6969022,0.5665635,-0.41154274,-0.71388954,0.6413656,0.76417345,0.06847602
1356425260707,0.49896473,-0.5329971,0.6833362,0.57380706,-0.38771558,-0.721403,0.6494457,0.7520578,0.11238104
1356425260747,0.4405896,-0.57890177,0.68611485,0.596176,-0.38272774,-0.70575756,0.67115945,0.7199947,0.17650145
1356425260788,0.3420183,-0.6271878,0.6997564,0.6258547,-0.40343386,-0.66749316,0.70094895,0.66624063,0.25454664
1356425260828,0.22835529,-0.6639408,0.712065,0.6474775,-0.4426338,-0.6203613,0.72706723,0.6027088,0.32880896
1356425260867,0.13639832,-0.6819541,0.7185638,0.65475506,-0.4822722,-0.58198726,0.74343204,0.54986537,0.38073188
1356425260907,0.086090624,-0.6845236,0.72388935,0.6522621,-0.5104979,-0.56030875,0.7530886,0.52040297,0.4025398
1356425260947,0.07705009,-0.67634827,0.7325409,0.6455025,-0.5261143,-0.5536517,0.75986165,0.5155159,0.3960474
1356425260987,0.09999198,-0.6598887,0.74468005,0.6373398,-0.53225374,-0.5572287,0.76406777,0.5303327,0.3673523
1356425261027,0.14375311,-0.6364134,0.7578345,0.62842065,-0.5328655,-0.5666939,0.7644754,0.5577028,0.32333416
1356425261067,0.19771796,-0.607596,0.7692429,0.6181384,-0.5317673,-0.57890266,0.76079726,0.589958,0.27043855
1356425261107,0.25288272,-0.57591504,0.7774138,0.60633093,-0.53182137,-0.59120965,0.7539318,0.62087667,0.21470666
1356425261147,0.30290765,-0.5440322,0.78248066,0.594067,-0.53422886,-0.6014017,0.7452056,0.6470151,0.16136956
1356425261187,0.3440367,-0.51405084,0.785742,0.58299446,-0.5390352,-0.6079132,0.7360409,0.6672277,0.114240885
1356425261227,0.37404317,-0.48727506,0.78908473,0.574503,-0.54618937,-0.6096093,0.72803706,0.6813517,0.075642586
1356425261277,0.39174575,-0.46418124,0.7943998,0.5695501,-0.5557525,-0.6056003,0.722598,0.68969184,0.04666084
1356425261309,0.3971827,-0.44434878,0.80299443,0.56877965,-0.5674833,-0.595359,0.720233,0.69319314,0.027341992
1356425261349,0.391652,-0.42676878,0.8151547,0.571929,-0.58107376,-0.5790082,0.7207676,0.6929803,0.016502738
1356425261389,0.37772554,-0.4101186,0.8301362,0.57756317,-0.59639037,-0.55744004,0.7237017,0.69001544,0.011597484
1356425261429,0.35972482,-0.3929484,0.84627986,0.5845373,-0.61204284,-0.5326534,0.7272649,0.6862908,0.009526014
1356425261469,0.34250408,-0.37458205,0.86161435,0.59368765,-0.6244889,-0.5074924,0.7281661,0.68534803,0.008494736
1356425261509,0.3289188,-0.35586402,0.8747418,0.606694,-0.63021404,-0.4845128,0.72369516,0.690066,0.008611292
1356425261549,0.31950778,-0.33910844,0.88482785,0.6231811,-0.628234,-0.46579757,0.71383476,0.70023394,0.010600271
1356425261588,0.3145345,-0.32721746,0.8910649,0.64034873,-0.6198087,-0.45364147,0.70072925,0.71327823,0.014582127
1356425261646,0.31536567,-0.32282454,0.8923726,0.6548827,-0.6065172,-0.45084995,0.6867846,0.726582,0.020137431
1356425261668,0.32392967,-0.32778555,0.8874831,0.6645259,-0.588867,-0.46004453,0.6734054,0.73877764,0.027070465
1356425261708,0.34105945,-0.34311637,0.8751855,0.6681882,-0.5663721,-0.4824388,0.6612133,0.749329,0.036099732
1356425261745,0.36411494,-0.3689195,0.85517174,0.66590667,-0.5388268,-0.5159786,0.6511441,0.7573401,0.04947108
1356425261788,0.3838719,-0.40474257,0.8299553,0.6599703,-0.5083742,-0.553168,0.64581853,0.7600915,0.07196748
1356425261827,0.3858037,-0.45044813,0.805141,0.6551001,-0.4807408,-0.5828655,0.6496147,0.7523196,0.109617025
1356425261868,0.35017598,-0.50435245,0.789307,0.65818894,-0.46706808,-0.5904532,0.66645646,0.7262756,0.16840303
1356425261907,0.2696001,-0.55966854,0.783637,0.6689007,-0.47656673,-0.5704875,0.6927392,0.6779789,0.24588025
1356425261947,0.1640222,-0.6037874,0.78008807,0.67766047,-0.50569874,-0.533896,0.7168493,0.61620563,0.32621711
1356425261987,0.0742504,-0.63054556,0.77259254,0.6784496,-0.53586686,-0.5025465,0.73088515,0.5614794,0.388005
1356425262028,0.0296157,-0.64516187,0.7634717,0.67462254,-0.5507058,-0.49153596,0.7375685,0.5296125,0.4189312
1356425262068,0.035198033,-0.6539989,0.7556762,0.6691964,-0.54617393,-0.5038554,0.74225146,0.5234305,0.41842943
1356425262108,0.08113438,-0.6583521,0.74832463,0.6607893,-0.52655,-0.5348855,0.7461734,0.53788257,0.39231074
1356425262148,0.15235287,-0.65651584,0.7387663,0.646328,-0.49931508,-0.57701355,0.7476957,0.56539494,0.34825242
1356425262188,0.23352093,-0.6473994,0.72549427,0.62409556,-0.47236174,-0.6223979,0.74563575,0.5981207,0.29373276
1356425262227,0.31128854,-0.6321553,0.7095626,0.5956086,-0.45203245,-0.6640158,0.7405065,0.6293221,0.23580462
1356425262277,0.3771569,-0.6134958,0.69381225,0.5649704,-0.44120044,-0.697245,0.73386717,0.6549542,0.18020523
1356425262309,0.42724252,-0.5941227,0.6815292,0.5369565,-0.43972683,-0.7199432,0.7274212,0.67354184,0.13114798
1356425262349,0.46100348,-0.5757856,0.67523825,0.5151418,-0.4459399,-0.7319607,0.72256815,0.6852799,0.09103137
1356425262389,0.47917998,-0.5591218,0.67658657,0.5013594,-0.45835668,-0.73385817,0.7204341,0.6908632,0.060685664
1356425262429,0.4830129,-0.54377234,0.68630177,0.49565172,-0.4763354,-0.7262464,0.72182256,0.6909531,0.03944555
1356425262469,0.47459853,-0.5287244,0.7037093,0.49647146,-0.49937254,-0.71003044,0.7268235,0.68635094,0.025495082
1356425262509,0.45788538,-0.5124992,0.7264196,0.5018246,-0.52548283,-0.6870515,0.73383445,0.6791261,0.016573846
1356425262549,0.43875962,-0.4938605,0.75072753,0.5105368,-0.5505055,-0.66052705,0.73948777,0.6730866,0.010594308
1356425262588,0.42225677,-0.4729463,0.7733182,0.5226461,-0.5700037,-0.63398486,0.74063504,0.67187613,0.006495625
1356425262627,0.41019434,-0.45151898,0.79238325,0.53822124,-0.58155733,-0.6100073,0.73624617,0.67669904,0.00446561
1356425262668,0.4025789,-0.43234426,0.8068511,0.55585784,-0.5848541,-0.5907348,0.72729105,0.6863119,0.004872054
1356425262708,0.39979857,-0.4183365,0.8155708,0.57273877,-0.5806732,-0.5786094,0.7156336,0.6984362,0.0074452464
1356425262747,0.40330356,-0.41195995,0.8170895,0.5860431,-0.5694968,-0.57639116,0.70277995,0.7113103,0.011746198
1356425262787,0.41438025,-0.41473684,0.8101125,0.59401137,-0.5511406,-0.5859987,0.6895212,0.72404236,0.017976642
1356425262828,0.43221986,-0.42718783,0.794164,0.59611416,-0.525455,-0.607079,0.67663425,0.7358041,0.027540594
1356425262868,0.45194674,-0.4490773,0.77076185,0.5933854,-0.49380434,-0.63565016,0.6660615,0.7446388,0.043302625
1356425262908,0.46144193,-0.47974488,0.74626815,0.59103554,-0.46108902,-0.66187155,0.6616255,0.7464863,0.070780456
1356425262948,0.4434635,-0.51951075,0.7303757,0.59741616,-0.43614239,-0.67295897,0.6681573,0.734771,0.11695087
1356425262988,0.3800084,-0.5661068,0.7315167,0.61929667,-0.43171984,-0.6558121,0.68707,0.70223993,0.18653095
1356425263028,0.27069932,-0.60952026,0.7451221,0.6495028,-0.4556638,-0.60870063,0.71054053,0.64873374,0.2725373
1356425263067,0.14488953,-0.6370581,0.75707597,0.6707471,-0.49926335,-0.54848385,0.7273963,0.5872761,0.35496676
1356425263108,0.04815185,-0.64802086,0.7600989,0.676561,-0.5386666,-0.502099,0.73481053,0.5384303,0.4124879
1356425263148,0.005180478,-0.65183187,0.75834584,0.6745566,-0.5575518,-0.4838485,0.73820496,0.5140537,0.4368091
1356425263187,0.01453346,-0.6544449,0.75597,0.67060167,-0.55442303,-0.49285746,0.74167526,0.5141177,0.43081415
1356425263227,0.062190115,-0.65506095,0.7530122,0.664288,-0.5359183,-0.521069,0.7448851,0.5326223,0.40182042
1356425263277,0.13183874,-0.6506471,0.74784815,0.65279096,-0.51075894,-0.5594544,0.7459775,0.56194633,0.35739875
1356425263309,0.2080934,-0.63959116,0.74001366,0.63455397,-0.48747313,-0.5997592,0.7443375,0.59438455,0.30441523
1356425263349,0.27928495,-0.6227051,0.730916,0.61084616,-0.47209293,-0.6356062,0.7408556,0.6239925,0.24852854
1356425263389,0.3381756,-0.60207623,0.72328514,0.585216,-0.46734947,-0.66265124,0.7369935,0.6473705,0.1942985
1356425263429,0.38152498,-0.57958424,0.72008383,0.561988,-0.4730578,-0.67851734,0.73389924,0.6635498,0.14523605
1356425263469,0.40891504,-0.5561461,0.72352606,0.5446772,-0.48739427,-0.682476,0.7321989,0.6731629,0.10361728
1356425263509,0.42141503,-0.5316518,0.73468065,0.5352679,-0.5081393,-0.6747464,0.7320503,0.6775992,0.07043862
1356425263549,0.4204772,-0.50529164,0.75357765,0.534128,-0.53353673,-0.6557788,0.7334209,0.67824703,0.045550346
1356425263589,0.40726584,-0.47622442,0.77932334,0.5399859,-0.56262344,-0.62599534,0.7365798,0.6757701,0.028017133
1356425263629,0.38386393,-0.44385013,0.8097195,0.55068743,-0.5938519,-0.5865862,0.7412098,0.6710716,0.016464323
1356425263667,0.35490286,-0.408551,0.84091026,0.5643072,-0.6235167,-0.5410953,0.74538666,0.666568,0.009260505
1356425263708,0.32562292,-0.37203854,0.8692278,0.5801413,-0.64731646,-0.4943859,0.74659616,0.66525835,0.005053878
1356425263747,0.2992208,-0.33726835,0.89259,0.5979127,-0.6627431,-0.45085672,0.7436177,0.6685966,0.0033506155
1356425263788,0.27747905,-0.30771214,0.9101202,0.61658853,-0.66944236,-0.41432548,0.7367659,0.67613626,0.003975479
1356425263827,0.26284897,-0.28689444,0.9211959,0.6342566,-0.66810244,-0.38904703,0.7270687,0.68653524,0.0063547194
1356425263867,0.25870204,-0.27799195,0.9250912,0.6489482,-0.65936065,-0.3796179,0.71549946,0.69854414,0.009824421
1356425263907,0.26801562,-0.28334755,0.920805,0.659069,-0.6432076,-0.38975906,0.702706,0.71133554,0.014355838
1356425263948,0.2915033,-0.30411434,0.9069401,0.66310775,-0.619094,-0.42072618,0.6894301,0.72404206,0.02119267
1356425263987,0.32387185,-0.3392332,0.8831919,0.6605189,-0.5872732,-0.46778738,0.67736393,0.73486805,0.0338687
1356425264027,0.34936583,-0.38490346,0.85427916,0.6547365,-0.5519204,-0.51643384,0.6702713,0.73975205,0.059188247
1356425264067,0.34140062,-0.43469772,0.83335674,0.6557499,-0.5250427,-0.54251474,0.67337775,0.73168856,0.10580307
1356425264108,0.27376866,-0.47914582,0.83394843,0.67161316,-0.5254273,-0.522362,0.6884667,0.7030971,0.17795509
1356425264148,0.14837223,-0.50605446,0.84964377,0.6898925,-0.5625946,-0.45556083,0.7085436,0.6537554,0.2656498
1356425264187,0.014065266,-0.5123008,0.8586909,0.6899132,-0.61663294,-0.37918806,0.7237554,0.5977556,0.34476995
1356425264227,-0.07195318,-0.51355946,0.8550317,0.6768079,-0.65482575,-0.33635417,0.7326348,0.5544905,0.394698
1356425264277,-0.089122534,-0.5261121,0.84573245,0.6671505,-0.6620204,-0.34152505,0.7395725,0.5337932,0.4099968
1356425264309,-0.047031105,-0.5514817,0.83286005,0.66363645,-0.640422,-0.38658294,0.7465753,0.53453493,0.3961031
1356425264349,0.034469187,-0.58105385,0.81313485,0.6578412,-0.59931266,-0.456146,0.75236744,0.55063665,0.3615834
1356425264389,0.13505512,-0.6053755,0.78439826,0.641299,-0.55006635,-0.53494173,0.75531167,0.5752805,0.31393737
1356425264429,0.23597932,-0.6186865,0.7493603,0.61200374,-0.50437397,-0.6091457,0.754828,0.6023571,0.25961655
1356425264469,0.32407415,-0.6202746,0.71430755,0.5749138,-0.47050673,-0.6694008,0.7512989,0.6276008,0.20412543
1356425264509,0.3927546,-0.6123207,0.68615377,0.5381226,-0.45202398,-0.7114059,0.74576664,0.6486428,0.15196916
1356425264548,0.4400794,-0.5974099,0.6703965,0.508987,-0.44910115,-0.7343298,0.7397718,0.6643865,0.10643375
1356425264587,0.46610093,-0.5770982,0.67060244,0.49257118,-0.46036643,-0.7385367,0.734931,0.6745521,0.069684684
1356425264627,0.47124398,-0.55158824,0.6882438,0.4912847,-0.48390454,-0.724207,0.73250836,0.6794018,0.042949736
1356425264668,0.456102,-0.5200609,0.7221548,0.5042075,-0.51765287,-0.6912383,0.7333115,0.679391,0.026116103
1356425264708,0.42336786,-0.48174143,0.76725805,0.5263474,-0.5585123,-0.6411104,0.7373724,0.67526984,0.017107189
1356425264745,0.3808183,-0.43793422,0.81436545,0.55043155,-0.6003091,-0.58021903,0.74296874,0.66921043,0.0124441385
1356425264788,0.3394031,-0.3933117,0.8544656,0.57179224,-0.63502187,-0.51942354,0.7468997,0.6648708,0.0093642175
1356425264828,0.30684388,-0.35359335,0.88363934,0.5904631,-0.65743566,-0.46811503,0.7464584,0.6653947,0.007053733
1356425264868,0.28602713,-0.32402545,0.90177375,0.607309,-0.66664004,-0.43216518,0.7411911,0.6712663,0.006106466
1356425264908,0.277996,-0.30853987,0.909682,0.621551,-0.66426367,-0.4152446,0.7323882,0.68085015,0.0071106236
1356425264948,0.2850331,-0.31035256,0.9068833,0.6308857,-0.65155363,-0.42126107,0.72162265,0.69221306,0.01008272
1356425264987,0.31048012,-0.33179533,0.89079404,0.6321971,-0.62774324,-0.4541644,0.7098795,0.7041664,0.014858244
1356425265028,0.35647613,-0.3733844,0.8564513,0.62143683,-0.58974624,-0.51576716,0.6976683,0.71608907,0.021804303
1356425265068,0.41999692,-0.43228182,0.79795676,0.5940671,-0.53374547,-0.6018306,0.6860662,0.7268069,0.032632947
1356425265108,0.48640776,-0.50016844,0.71640706,0.5510057,-0.46074152,-0.69578016,0.6780857,0.7331772,0.051487416
1356425265148,0.52994585,-0.5671344,0.63048863,0.50785303,-0.38317055,-0.7715346,0.67914844,0.72906715,0.084961265
1356425265188,0.5252564,-0.62907684,0.5730341,0.4925325,-0.32438758,-0.8075794,0.6939146,0.7064241,0.13945413
1356425265227,0.4618404,-0.6857881,0.5624928,0.5185061,-0.30577993,-0.7985299,0.71962136,0.6604493,0.21436381
1356425265277,0.35701275,-0.7314548,0.5809611,0.5636634,-0.3272552,-0.7584112,0.744866,0.598229,0.29546005
1356425265309,0.26311392,-0.7637305,0.5894801,0.5934191,-0.35363764,-0.72304505,0.76067394,0.540052,0.36016527
1356425265349,0.22789478,-0.79162514,0.566916,0.5976808,-0.3459059,-0.723275,0.7686622,0.5036654,0.39430895
1356425265390,0.2584862,-0.81777287,0.51422983,0.5785098,-0.2952674,-0.7603575,0.7736351,0.49402893,0.39676714
1356425265429,0.33006895,-0.8332227,0.4436152,0.5362553,-0.22124112,-0.8145445,0.77684283,0.5067468,0.37379524
1356425265469,0.41183287,-0.83201313,0.37168244,0.47588468,-0.15147352,-0.86636573,0.77712774,0.53367585,0.33356053
1356425265516,0.48559898,-0.8171673,0.31053406,0.40678477,-0.10319817,-0.90767634,0.7737699,0.5670872,0.28229824
1356425265549,0.5397154,-0.79686815,0.27149293,0.34504944,-0.084768295,-0.93474865,0.76788545,0.5981767,0.2292082
1356425265589,0.57751703,-0.7765739,0.25180766,0.29526493,-0.08887416,-0.9512729,0.7611128,0.6237263,0.17796865
1356425265629,0.601153,-0.7585298,0.2514907,0.26177084,-0.110427886,-0.9587918,0.75504375,0.6422135,0.13217694
1356425265659,0.614169,-0.74246085,0.26748526,0.24532993,-0.14252478,-0.9589055,0.7500731,0.65455216,0.09461358
1356425265699,0.61754227,-0.72933674,0.29446477,0.24230124,-0.1797685,-0.95340097,0.74828583,0.66011465,0.065704525
1356425265739,0.60974455,-0.7161126,0.33969742,0.25703937,-0.22676587,-0.93941903,0.7497615,0.6601213,0.04579985
1356425265779,0.5908133,-0.7003516,0.40055874,0.28664854,-0.2818706,-0.9156318,0.75416994,0.655787,0.034221888
1356425265818,0.5612947,-0.6791312,0.47300032,0.32636267,-0.34357807,-0.88059175,0.7605498,0.648641,0.028794438
1356425265858,0.5250438,-0.6501153,0.5492533,0.36964387,-0.40712124,-0.8352339,0.76661104,0.64156246,0.026554676
1356425265898,0.48885798,-0.61364555,0.62004596,0.41162348,-0.4644097,-0.784149,0.76914495,0.638563,0.025560588
1356425265938,0.45759422,-0.57300085,0.67991,0.45131904,-0.50916106,-0.732848,0.7661062,0.6422033,0.025617003
1356425265978,0.43210143,-0.53273886,0.7276522,0.48876694,-0.5397428,-0.68540835,0.7578887,0.6518183,0.02716145
1356425266017,0.4124409,-0.4974859,0.7631515,0.5223922,-0.5571465,-0.64551854,0.7463236,0.6649027,0.030092776
1356425266058,0.40061563,-0.47147676,0.7856314,0.5497267,-0.5622881,-0.6177641,0.7330127,0.6793686,0.033921987
1356425266097,0.3993879,-0.45776418,0.7943181,0.5689858,-0.5555929,-0.6062768,0.7188493,0.6940953,0.038564295
1356425266137,0.40922344,-0.4574169,0.7894973,0.57979333,-0.53775805,-0.61209154,0.7045395,0.7082275,0.04514402
1356425266177,0.42474246,-0.46941105,0.7741105,0.5838226,-0.51149243,-0.6304971,0.691914,0.71974206,0.056800276
1356425266218,0.4313097,-0.4911438,0.75680226,0.5869409,-0.48430598,-0.64880514,0.6851805,0.7240342,0.0793865
1356425266279,0.40518534,-0.5190934,0.75257343,0.5994903,-0.47063535,-0.6473898,0.69024354,0.7134734,0.12049696
1356425266299,0.32266408,-0.5465563,0.77276397,0.6263773,-0.48878103,-0.6072434,0.7096051,0.6799774,0.18463838
1356425266339,0.1804002,-0.560152,0.80850816,0.6517858,-0.54753035,-0.5247721,0.73663497,0.6216431,0.26632455
1356425266379,0.02048707,-0.551257,0.834084,0.6511953,-0.6256724,-0.42950997,0.7586337,0.5519509,0.34615773
1356425266419,-0.098682046,-0.531737,0.8411406,0.62976724,-0.6878345,-0.3609389,0.77049017,0.49410462,0.4027475
1356425266459,-0.15280163,-0.5191468,0.84091514,0.6105324,-0.71869636,-0.33275485,0.77711123,0.46256042,0.4267739
1356425266499,-0.14785337,-0.5190326,0.8418697,0.60382986,-0.72153187,-0.33879384,0.78328085,0.45825425,0.4200883
1356425266539,-0.09929812,-0.5265818,0.8443053,0.60649794,-0.7047,-0.36818212,0.78885996,0.47550964,0.38934624
1356425266569,-0.044130147,-0.52737266,0.8484873,0.609191,-0.68734413,-0.39553073,0.79179484,0.499436,0.35160315
1356425266597,0.019579828,-0.52638096,0.8500234,0.6110267,-0.66663915,-0.42689407,0.79136777,0.5277455,0.30858016
1356425266638,0.10316992,-0.5252424,0.8446753,0.6096454,-0.6376075,-0.47094494,0.7859316,0.5635398,0.25442967
1356425266677,0.18326932,-0.5125036,0.8388995,0.6035391,-0.61493963,-0.50753284,0.775985,0.59932387,0.19661653
1356425266717,0.2479366,-0.48862767,0.8365228,0.59620774,-0.60363436,-0.52930313,0.76358616,0.629975,0.14166057
1356425266757,0.2892787,-0.45529622,0.8420352,0.5925471,-0.60568553,-0.53106767,0.7518016,0.6525721,0.094572574
1356425266798,0.30347317,-0.41429588,0.8580577,0.59542066,-0.62059766,-0.5102282,0.74389404,0.6657458,0.058345556
1356425266837,0.2912538,-0.36718503,0.8833721,0.60371745,-0.6457556,-0.4674664,0.7420892,0.66945857,0.03359729
1356425266877,0.25911212,-0.31631494,0.912582,0.61284584,-0.67644,-0.4084717,0.7465126,0.665112,0.01857841
1356425266917,0.21771055,-0.26498485,0.9393536,0.6189953,-0.7066354,-0.342799,0.7546171,0.65608644,0.010182384
1356425266958,0.17696732,-0.21687329,0.9600253,0.62321824,-0.7302621,-0.27985054,0.76176214,0.64782965,0.0059268475
1356425266997,0.14132428,-0.1750582,0.9743624,0.6299686,-0.74333644,-0.2249235,0.76365376,0.64560485,0.0052296855
1356425267038,0.11085719,-0.1419282,0.98364985,0.64193225,-0.74536026,-0.17989168,0.75870526,0.65137887,0.008479781
1356425267078,0.08573526,-0.11953989,0.9891207,0.65791285,-0.7387454,-0.14630756,0.7481979,0.66329896,0.01531028
1356425267117,0.06820643,-0.10961422,0.99163127,0.6751193,-0.7267349,-0.12676886,0.7345487,0.67811584,0.024434693
1356425267157,0.06138158,-0.11335641,0.99165654,0.69140786,-0.7117171,-0.124153316,0.71985245,0.69325984,0.03468909
1356425267197,0.06724763,-0.13145638,0.98903835,0.70545775,-0.6947259,-0.14030445,0.7055545,0.70715994,0.046018235
1356425267237,0.08502263,-0.16400582,0.98278844,0.7158846,-0.6759988,-0.17474172,0.6930226,0.71842015,0.05993411
1356425267280,0.10801929,-0.20973945,0.97177225,0.7209742,-0.6564952,-0.22183397,0.6844911,0.72458506,0.080302544
1356425267319,0.12496203,-0.26600987,0.9558364,0.7194999,-0.6390491,-0.2719121,0.6831577,0.7217029,0.11153719
1356425267359,0.10781711,-0.32202968,0.94057024,0.7120911,-0.6351888,-0.29910076,0.6937591,0.70201993,0.16083032
1356425267399,0.038354456,-0.36695445,0.9294478,0.6965625,-0.6570846,-0.2881672,0.7164702,0.6584711,0.23040468
1356425267439,-0.07248908,-0.38995427,0.91797656,0.6659818,-0.70406544,-0.24649526,0.74243754,0.5934875,0.31073958
1356425267479,-0.17920059,-0.39422864,0.90137184,0.62398785,-0.7538833,-0.20566806,0.76060927,0.5255892,0.38109004
1356425267519,-0.24173152,-0.39666343,0.8855642,0.59106696,-0.78397083,-0.18981461,0.769549,0.4775436,0.4239651
1356425267559,-0.24869609,-0.410965,0.8770735,0.5813863,-0.7875907,-0.20418324,0.7746872,0.459139,0.4348002
1356425267599,-0.20516944,-0.43957078,0.8744615,0.5922458,-0.76708156,-0.24663855,0.77919847,0.46729356,0.41771576
1356425267638,-0.12199491,-0.4761428,0.8708647,0.6107896,-0.72761875,-0.31226113,0.7823383,0.49382082,0.37958884
1356425267678,-0.014025807,-0.51056916,0.8597223,0.62261695,-0.67723954,-0.39203927,0.78240114,0.529779,0.3273878
1356425267715,0.09864336,-0.5334322,0.84007114,0.61918443,-0.62796575,-0.4714548,0.77902514,0.5666649,0.26834825
1356425267758,0.19922554,-0.54128414,0.8168969,0.6017924,-0.5903267,-0.5379221,0.77340484,0.5987702,0.20813257
1356425267798,0.27544725,-0.53453636,0.79899913,0.57892203,-0.57129776,-0.5817802,0.7674491,0.622808,0.15209246
1356425267838,0.32452756,-0.5164827,0.7924187,0.55921483,-0.570902,-0.60112363,0.7628634,0.63821346,0.10355142
1356425267878,0.34756678,-0.48928314,0.7998745,0.54839844,-0.5858699,-0.5966703,0.7605632,0.64603275,0.06469327
1356425267918,0.34739923,-0.45419043,0.8203809,0.54829043,-0.61134714,-0.5706419,0.76071763,0.64804757,0.036646783
1356425267958,0.32685703,-0.41178322,0.8506462,0.5573884,-0.64287883,-0.5253806,0.76320547,0.6458647,0.019393802
1356425267997,0.28930622,-0.3627802,0.8858287,0.5714531,-0.67695296,-0.46387082,0.7679475,0.64041024,0.011465131
1356425268038,0.24080092,-0.30926958,0.9199822,0.58529055,-0.70986176,-0.39183056,0.77424145,0.63281,0.010077208
1356425268078,0.19017309,-0.2551656,0.948011,0.59648097,-0.73694,-0.31800938,0.7797722,0.6259473,0.01205522
1356425268118,0.14487666,-0.20526902,0.9679233,0.6068787,-0.75419366,-0.25077933,0.78147876,0.6237441,0.015308294
1356425268158,0.1081202,-0.16377333,0.98055506,0.6194184,-0.7603808,-0.19529931,0.77758014,0.6284896,0.019231733
1356425268198,0.08089113,-0.13400581,0.9876736,0.63472855,-0.75709045,-0.1547054,0.76848966,0.6394189,0.023815393
1356425268237,0.06467968,-0.11859465,0.9908339,0.651296,-0.74726224,-0.13195643,0.75606215,0.65386105,0.028907597
1356425268280,0.061871827,-0.11950123,0.9909043,0.6674749,-0.7331793,-0.130097,0.74205726,0.66945314,0.034401037
1356425268319,0.075900614,-0.13904035,0.98737365,0.68118846,-0.7159045,-0.15317625,0.72816294,0.68421376,0.04037515
1356425268359,0.10591167,-0.1761981,0.9786404,0.6910149,-0.6946633,-0.19985369,0.7150393,0.6974219,0.048182517
1356425268399,0.15014756,-0.23182157,0.96110064,0.69401073,-0.6676383,-0.2694587,0.70413405,0.70747274,0.060642477
1356425268439,0.1947211,-0.30048555,0.93369806,0.6883302,-0.6362952,-0.34832454,0.6987741,0.7105187,0.08293319
1356425268479,0.21199554,-0.3708285,0.9041815,0.6777091,-0.6108154,-0.4094079,0.7041081,0.69956464,0.12182373
1356425268519,0.16956168,-0.42694363,0.8882387,0.6697391,-0.61126775,-0.42166477,0.7229788,0.6663864,0.1822933
1356425268559,0.06428665,-0.45672172,0.88728374,0.65932304,-0.6479895,-0.3813172,0.74910635,0.60952026,0.25947005
1356425268599,-0.05967009,-0.46247667,0.8846212,0.6348024,-0.7014987,-0.3239218,0.77036697,0.54223126,0.3354399
1356425268639,-0.14573228,-0.46482143,0.8733288,0.6065211,-0.73937964,-0.29231808,0.78159726,0.48709217,0.3896755
1356425268679,-0.17019284,-0.482046,0.8594569,0.59294844,-0.74670976,-0.30139136,0.7870493,0.45831895,0.41291302
1356425268719,-0.13613182,-0.51665586,0.84530157,0.59636635,-0.72406805,-0.34651482,0.7910848,0.45693773,0.40668494
1356425268759,-0.05812615,-0.5584254,0.8275157,0.60523796,-0.67892027,-0.415637,0.79391956,0.4766846,0.37744337
1356425268799,0.044812977,-0.5940061,0.80321145,0.60641915,-0.6227629,-0.49439088,0.7938814,0.5092379,0.3323087
1356425268837,0.15156102,-0.6139426,0.7746635,0.5938821,-0.5699296,-0.5678768,0.7901476,0.54612684,0.27823055
1356425268878,0.246072,-0.61651176,0.74790496,0.57071954,-0.5315169,-0.62591445,0.78340775,0.58086395,0.22106391
1356425268917,0.31888604,-0.6046943,0.72983325,0.5451084,-0.51292235,-0.6631497,0.7753506,0.6093074,0.16606015
1356425268958,0.36750424,-0.5830269,0.7245828,0.5246252,-0.51334924,-0.6791472,0.76792514,0.62972385,0.11721259
1356425268998,0.3920532,-0.5546147,0.7339597,0.5141011,-0.52953434,-0.6747543,0.7628856,0.641869,0.07752243
1356425269037,0.39431173,-0.52109146,0.7569557,0.5147641,-0.5570985,-0.6516588,0.7612727,0.64661026,0.048568755
1356425269078,0.37727427,-0.4831617,0.79007524,0.5246519,-0.59150594,-0.61225903,0.7631543,0.6455041,0.030331701
1356425269117,0.34529787,-0.44129393,0.8282687,0.5396422,-0.6286959,-0.55993545,0.7678253,0.64031327,0.021053463
1356425269158,0.30508763,-0.39704818,0.86560625,0.55494237,-0.664547,-0.500416,0.77392536,0.6330324,0.017593771
1356425269197,0.26497024,-0.3532592,0.8972172,0.5683976,-0.69440985,-0.44127005,0.77891916,0.62689954,0.016793668
1356425269237,0.23128498,-0.31333143,0.9210487,0.581619,-0.71438044,-0.38907558,0.7798888,0.6256867,0.017014084
1356425269281,0.2062537,-0.28035942,0.93747425,0.596846,-0.723162,-0.34757966,0.775393,0.6312173,0.018176556
1356425269319,0.18998581,-0.25698778,0.9475562,0.61381423,-0.72216123,-0.31892842,0.766249,0.6422153,0.020542353
1356425269359,0.1831066,-0.24551953,0.9519412,0.630374,-0.71372306,-0.30533248,0.75438756,0.6559874,0.024081767
1356425269399,0.18711382,-0.24780963,0.9505676,0.6441199,-0.6996515,-0.309188,0.74168587,0.6701329,0.028704703
1356425269439,0.20333898,-0.2649535,0.94257784,0.6532544,-0.6803808,-0.3321756,0.7293229,0.6832874,0.034734104
1356425269479,0.23123568,-0.2969672,0.9264667,0.6564252,-0.6552344,-0.37386346,0.718078,0.69460666,0.043423172
1356425269519,0.26560533,-0.34211773,0.9013375,0.65285337,-0.6241058,-0.42927206,0.7093916,0.70245814,0.05758688
