1356424627501,0.24705493,0.041929215,0.9680939,0.95234275,-0.19496214,-0.23459122,0.17890546,0.97991407,-0.088097334
1356424627539,0.31427497,-0.14177427,-0.93868595,-0.9323244,0.14023341,-0.33332524,0.17889208,0.9799156,-0.088107765
1356424627578,0.31408942,-0.14170226,-0.9387589,-0.9324001,0.14020519,-0.33312532,0.17882341,0.97993004,-0.08808619
1356424627619,0.31283242,-0.14116862,-0.93925893,-0.9328574,0.14032759,-0.33179128,0.17864248,0.97998965,-0.087791175
1356424627659,0.30919963,-0.13962927,-0.9406908,-0.9341248,0.14090818,-0.32795686,0.17834336,0.9801268,-0.086862415
1356424627697,0.30287343,-0.13703048,-0.9431279,-0.9362607,0.1420483,-0.32130688,0.17799851,0.980329,-0.08527359
1356424627740,0.29403883,-0.1333018,-0.9464522,-0.9391379,0.14376058,-0.3120143,0.17765456,0.98059344,-0.0829176
1356424627779,0.28332537,-0.1285449,-0.9503699,-0.94246423,0.14604001,-0.30072156,0.17744821,0.9808917,-0.079772115
1356424627818,0.27319643,-0.12363204,-0.9539805,-0.9454185,0.14860138,-0.29000264,0.17761642,0.9811385,-0.07628667
1356424627858,0.26605946,-0.11942464,-0.9565303,-0.94730717,0.15123719,-0.28237635,0.17838567,0.9812569,-0.07289374
1356424627898,0.26433313,-0.116900235,-0.95732045,-0.9475591,0.15338147,-0.2803676,0.17961028,0.9812281,-0.07022607
1356424627939,0.26870018,-0.11653072,-0.956149,-0.94610673,0.15437657,-0.28469273,0.18078244,0.98111594,-0.068769455
1356424627977,0.27750254,-0.11768842,-0.9534893,-0.9434743,0.1538468,-0.293577,0.1812419,0.981061,-0.0683431
1356424628020,0.27678794,-0.117265046,-0.95374906,-0.9438482,0.15314001,-0.2927434,0.18038568,0.98122215,-0.068293065
1356424628058,0.2929852,-0.1185419,-0.94873995,-0.9394291,0.14889218,-0.3087135,0.17785543,0.9817224,-0.0677385
1356424628098,0.30142954,-0.117106825,-0.9462697,-0.93748343,0.14467385,-0.31653494,0.17396885,0.98252505,-0.06617668
1356424628138,0.30320704,-0.11290446,-0.94621253,-0.9377911,0.14090692,-0.3173218,0.169155,0.9835639,-0.06315687
1356424628178,0.29970258,-0.10614851,-0.94810915,-0.93983626,0.13795406,-0.3125325,0.16397035,0.98473406,-0.058416992
1356424628218,0.29229861,-0.09719953,-0.95137465,-0.943104,0.1355626,-0.30360767,0.15848133,0.98598933,-0.05204448
1356424628258,0.28286964,-0.08690423,-0.95521325,-0.94700533,0.13272619,-0.2925143,0.15220255,0.98733544,-0.044754535
1356424628298,0.27422845,-0.07686713,-0.95858765,-0.9507407,0.12814718,-0.28225946,0.14453676,0.9887718,-0.03793913
1356424628338,0.26954913,-0.06898421,-0.9605126,-0.9534454,0.12094116,-0.27625185,0.1352225,0.9902597,-0.033173054
1356424628378,0.271237,-0.06451625,-0.9603479,-0.95439583,0.11127499,-0.27703133,0.12473571,0.99169326,-0.031392157
1356424628438,0.27983636,-0.063433796,-0.95794976,-0.95324504,0.10021484,-0.28509814,0.114085674,0.9929417,-0.03242424
1356424628459,0.29413146,-0.06462261,-0.95357776,-0.95002735,0.0893901,-0.2990942,0.10456863,0.99389803,-0.035100788
1356424628498,0.31135616,-0.06650233,-0.9479635,-0.94532263,0.08022085,-0.31611654,0.097068906,0.9945562,-0.037888914
1356424628538,0.32792374,-0.06759021,-0.9422832,-0.9402504,0.07338855,-0.33248052,0.09162527,0.9950104,-0.03948593
1356424628575,0.34047452,-0.066986084,-0.9378646,-0.93617237,0.06868586,-0.34476602,0.08751255,0.99538696,-0.0393247
1356424628618,0.34685916,-0.06460172,-0.9356898,-0.9341737,0.065249026,-0.35080206,0.08371529,0.9957757,-0.037717015
1356424628658,0.34668484,-0.061027944,-0.93599427,-0.934629,0.06181982,-0.3502099,0.07923558,0.9962198,-0.035606503
1356424628699,0.3407904,-0.056852907,-0.9384187,-0.93726957,0.057385206,-0.34384966,0.0734002,0.996732,-0.03373018
1356424628737,0.33109096,-0.052879095,-0.942116,-0.9411938,0.052732617,-0.33372656,0.06732738,0.99720764,-0.032310158
1356424628778,0.3200921,-0.049931705,-0.9460697,-0.9452073,0.050860494,-0.32248464,0.06421974,0.9974568,-0.030915767
1356424628818,0.30948707,-0.048472345,-0.9496674,-0.94850594,0.05514124,-0.31192306,0.06748551,0.99730134,-0.028910846
1356424628858,0.29990464,-0.04889688,-0.9527152,-0.9507135,0.06711763,-0.3027192,0.07874602,0.99654615,-0.026358038
1356424628898,0.2908512,-0.051651716,-0.95537305,-0.9518359,0.08564106,-0.29440454,0.09702566,0.9949863,-0.024255186
1356424628937,0.28039888,-0.056781262,-0.9582026,-0.95241034,0.10786471,-0.28509572,0.11954427,0.99254274,-0.0238339
1356424628978,0.26519117,-0.06363341,-0.9620937,-0.95351374,0.13080958,-0.271478,0.1431261,0.98936325,-0.025985777
1356424629017,0.24193358,-0.07151365,-0.9676538,-0.9560431,0.1527183,-0.25031713,0.16567951,0.9856789,-0.031422406
1356424629058,0.20852211,-0.08046538,-0.9747019,-0.9601558,0.17275742,-0.219672,0.18606293,0.98167217,-0.041235566
1356424629098,0.16490388,-0.09174341,-0.98203355,-0.96517867,0.18998426,-0.17982233,0.20306844,0.97749126,-0.057219684
1356424629137,0.11504641,-0.108499914,-0.98741686,-0.96985245,0.20270035,-0.13527316,0.21482691,0.97321135,-0.081909
1356424629178,0.07064098,-0.1369198,-0.98806024,-0.97322494,0.20774257,-0.09836814,0.21873072,0.96855354,-0.11857861
1356424629218,0.051626086,-0.18506613,-0.981369,-0.97594535,0.19907463,-0.08888221,0.21181473,0.9623512,-0.17033696
1356424629258,0.07674822,-0.25592312,-0.96364576,-0.9783044,0.16720614,-0.12232199,0.19243258,0.95212686,-0.23753798
1356424629298,0.14192897,-0.33684972,-0.93079996,-0.97625554,0.107824385,-0.18788096,0.16365063,0.93536425,-0.31354797
1356424629337,0.21736848,-0.40599734,-0.887647,-0.9668378,0.035355628,-0.2529321,0.13407308,0.9131901,-0.38484842
1356424629378,0.27015656,-0.45066226,-0.85083425,-0.95611846,-0.021517739,-0.29218906,0.11337057,0.89243513,-0.4366997
1356424629437,0.28270507,-0.4710423,-0.83558184,-0.95339334,-0.04222466,-0.29876134,0.105447054,0.88109946,-0.4610257
1356424629459,0.24751292,-0.46953595,-0.8475101,-0.9628602,-0.02180858,-0.26911828,0.10787773,0.88264394,-0.4574954
1356424629499,0.16115856,-0.4442288,-0.88129944,-0.98006344,0.03310722,-0.19590703,0.11620492,0.89530146,-0.43003684
1356424629539,0.029583097,-0.3911053,-0.9198704,-0.99155235,0.104788125,-0.076441616,0.1262882,0.914361,-0.38470143
1356424629579,-0.12409821,-0.31283152,-0.9416666,-0.9830961,0.16750929,0.07390967,0.13461658,0.9349209,-0.328331
1356424629619,-0.26524988,-0.22466886,-0.93763876,-0.9541571,0.20101789,0.2217566,0.13866034,0.9534756,-0.2676894
1356424629649,-0.36216637,-0.15039241,-0.9199008,-0.9216645,0.20513484,0.3293238,0.13917586,0.96711004,-0.21290427
1356424629689,-0.4298516,-0.08981168,-0.89842165,-0.89278406,0.19080663,0.40808013,0.13477445,0.97751045,-0.16220099
1356424629729,-0.4664995,-0.04542023,-0.88335454,-0.8752388,0.16800863,0.4535749,0.12780967,0.9847386,-0.11812949
1356424629769,-0.4805352,-0.0137758255,-0.8768672,-0.8686396,0.14500976,0.47374824,0.12062803,0.98933434,-0.08164853
1356424629809,-0.47663218,0.00810343,-0.87906545,-0.8716072,0.12594616,0.47374934,0.11455393,0.992004,-0.052967012
1356424629839,-0.45741165,0.02258873,-0.8889681,-0.8824748,0.111682594,0.4569084,0.109603256,0.9934872,-0.031150877
1356424629879,-0.42769444,0.029577553,-0.9034393,-0.8978165,0.102081954,0.42837462,0.104895085,0.9943361,-0.017104685
1356424629910,-0.38137734,0.0305942,-0.92391306,-0.9189855,0.09566033,0.38251102,0.10008448,0.99494374,-0.008367062
1356424629949,-0.32610637,0.02520436,-0.9449971,-0.9406882,0.090322495,0.32702845,0.093597054,0.9955936,-0.0057453513
1356424629989,-0.25928813,0.016350538,-0.96566164,-0.9618591,0.08586091,0.25972092,0.08715916,0.996173,-0.0065357685
1356424630029,-0.19195116,0.0081728995,-0.98137045,-0.97776294,0.08447093,0.19194901,0.08446607,0.9963925,-0.008223116
1356424630059,-0.13149834,0.002013415,-0.9913144,-0.98755443,0.08677107,0.13117582,0.08628157,0.99622625,-0.009421885
1356424630099,-0.08508563,-0.0015517175,-0.99637246,-0.99160075,0.097895324,0.084525675,0.09740904,0.9951955,-0.009868205
1356424630129,-0.05183983,-0.004329413,-0.998646,-0.9924133,0.111855984,0.05103138,0.111483574,0.99371505,-0.0100951195
1356424630169,-0.032010883,-0.006211847,-0.9994682,-0.99082756,0.13154832,0.030916601,0.1312863,0.99129033,-0.010365844
1356424630199,-0.033827722,-0.0057576895,-0.99941105,-0.98804283,0.15069908,0.032574773,0.15042275,0.98856294,-0.010786653
1356424630239,-0.0476577,-0.0040715933,-0.9988554,-0.98414785,0.17121086,0.046258032,0.1708265,0.985226,-0.01216656
1356424630279,-0.085219145,4.8145652E-4,-0.9963621,-0.97791433,0.19149971,0.08373386,0.19084343,0.9814926,-0.015848637
1356424630309,-0.14225054,0.008289099,-0.9897959,-0.96763104,0.20942837,0.1408189,0.20845863,0.97778887,-0.021770537
1356424630339,-0.19827268,0.01365006,-0.9800519,-0.9543223,0.2253271,0.1962057,0.2235105,0.9741875,-0.03164965
1356424630369,-0.25001818,0.013321668,-0.96814954,-0.93920624,0.23969424,0.24584195,0.2353349,0.970757,-0.04741615
1356424630399,-0.29134583,0.002157271,-0.9566153,-0.92539316,0.25277227,0.28240687,0.24241507,0.9675234,-0.07164782
1356424630438,-0.29724082,-0.04515657,-0.95373416,-0.924989,0.2612823,0.27591112,0.23673466,0.9642056,-0.119433105
1356424630477,-0.27579302,-0.12311822,-0.9532995,-0.93654984,0.25765628,0.23767108,0.21636197,0.9583606,-0.1863662
1356424630518,-0.21533537,-0.22821793,-0.9494984,-0.95969784,0.22925758,0.16254503,0.18058407,0.94623333,-0.26838756
1356424630557,-0.1393039,-0.32886216,-0.9340471,-0.980237,0.17959008,0.082962096,0.14046249,0.9271446,-0.34738046
1356424630598,-0.07820979,-0.39786148,-0.9141059,-0.9908941,0.13182554,0.027403057,0.10959986,0.90792525,-0.40454865
1356424630639,-0.04827681,-0.42863277,-0.90218806,-0.9944639,0.10502699,0.003315866,0.0933328,0.89735353,-0.43133014
1356424630677,-0.051122457,-0.42587358,-0.90333724,-0.99468666,0.10264483,0.007900834,0.08935815,0.89894146,-0.42885822
1356424630718,-0.08161503,-0.39602986,-0.91460335,-0.9922284,0.11876583,0.037115514,0.09392473,0.9105246,-0.40264505
1356424630757,-0.13153529,-0.34557715,-0.92912585,-0.9858779,0.14360195,0.08615863,0.103649795,0.9273375,-0.35958558
1356424630797,-0.19166523,-0.28140277,-0.9402537,-0.9747154,0.16669893,0.14879978,0.114866674,0.94499946,-0.306238
1356424630838,-0.25150493,-0.21235907,-0.9442716,-0.9598783,0.17973635,0.21524051,0.124011695,0.9605199,-0.24904346
1356424630877,-0.3017907,-0.14765483,-0.94187075,-0.9446034,0.18000996,0.27444655,0.12902278,0.9725197,-0.19380057
1356424630917,-0.3374198,-0.09341493,-0.93670774,-0.93237805,0.17025197,0.3188815,0.129688,0.98096275,-0.14454442
1356424630957,-0.35724843,-0.051621348,-0.9325818,-0.9253347,0.15532756,0.34587437,0.12700117,0.9865133,-0.10325754
1356424630998,-0.36193967,-0.021749854,-0.93194777,-0.92416316,0.13937688,0.3556636,0.12215632,0.99000055,-0.07054639
1356424631037,-0.3520487,-0.002717793,-0.9359777,-0.928786,0.124774456,0.3489813,0.11583766,0.9921814,-0.046450913
1356424631078,-0.32819694,0.006636381,-0.94458604,-0.9384134,0.112054706,0.32683954,0.108014375,0.9936799,-0.030548394
1356424631118,-0.2917682,0.00800097,-0.9564556,-0.9513993,0.1005941,0.2910673,0.0985426,0.9948954,-0.021737993
1356424631158,-0.24629945,0.004527837,-0.9691832,-0.9651432,0.09018344,0.2456941,0.08851674,0.9959149,-0.017842174
1356424631197,-0.1978147,-3.6776066E-5,-0.9802395,-0.9769113,0.08234197,0.19713998,0.08070758,0.9966042,-0.016324341
1356424631238,-0.15147477,-0.0030174255,-0.9884565,-0.985294,0.08044702,0.15074459,0.079063535,0.9967543,-0.0151587725
1356424631277,-0.11108726,-0.004147291,-0.9938021,-0.99006087,0.08724892,0.11030495,0.08625069,0.9961779,-0.013798296
1356424631318,-0.07935411,-0.004587233,-0.99683595,-0.9916266,0.10256457,0.07846743,0.10188007,0.99471575,-0.012687743
1356424631376,-0.0592888,-0.004940301,-0.99822855,-0.9906275,0.123559,0.05822584,0.12305245,0.9923248,-0.012219608
1356424631398,-0.054388225,-0.004617363,-0.99850917,-0.9877168,0.14694804,0.05312082,0.14648366,0.98913336,-0.012552857
1356424631444,-0.067587644,-0.0026789308,-0.99770975,-0.9830877,0.17077538,0.066138566,0.17020711,0.9853063,-0.014175892
1356424631465,-0.10165191,0.0025897622,-0.99481666,-0.9762237,0.1921891,0.10025239,0.19145253,0.9813545,-0.017008185
1356424631495,-0.14372,0.008403301,-0.9895827,-0.9669388,0.21166095,0.14222875,0.21065122,0.9773071,-0.022294462
1356424631537,-0.18910551,0.008440554,-0.98192054,-0.9550953,0.23070723,0.18592244,0.22810549,0.97298664,-0.03556651
1356424631578,-0.24351457,-0.0010673106,-0.9698966,-0.9395993,0.24825272,0.23563457,0.24052793,0.9686947,-0.061455965
1356424631618,-0.284972,-0.0335145,-0.9579497,-0.9273566,0.2624628,0.26668873,0.2424882,0.9643599,-0.10587442
1356424631658,-0.29073784,-0.10122037,-0.95143366,-0.92907906,0.26750442,0.25544772,0.22865617,0.95822537,-0.17181534
1356424631698,-0.2525049,-0.19985169,-0.94673157,-0.94678324,0.25287497,0.19913766,0.19960669,0.94663274,-0.2530684
1356424631738,-0.18982223,-0.30076733,-0.93461573,-0.96777153,0.21776548,0.12647739,0.16548681,0.9285027,-0.33241075
1356424631778,-0.13776591,-0.3730612,-0.9175216,-0.98061204,0.18171152,0.073355556,0.13935813,0.9098386,-0.390862
1356424631817,-0.119948715,-0.4049538,-0.90643513,-0.9846355,0.16523686,0.056476682,0.12690604,0.8992826,-0.41855192
1356424631858,-0.14137894,-0.39821348,-0.90633225,-0.98190916,0.17289996,0.077201426,0.12596217,0.90085053,-0.41545385
1356424631897,-0.19398874,-0.35924673,-0.9128582,-0.9720708,0.195683,0.12956265,0.13208586,0.91249657,-0.3871736
1356424631938,-0.26341853,-0.29692712,-0.917848,-0.95424664,0.21976826,0.20276901,0.14150622,0.92926645,-0.34123272
1356424631978,-0.3342981,-0.22275591,-0.91576445,-0.9303018,0.23361078,0.28278005,0.15094149,0.94647014,-0.28532588
1356424632018,-0.39475572,-0.14885959,-0.906647,-0.9051703,0.23226327,0.35597813,0.15759009,0.9611944,-0.2264306
1356424632058,-0.43856263,-0.084551185,-0.8947145,-0.88437104,0.21767741,0.41292194,0.15984607,0.9723517,-0.17023975
1356424632097,-0.46464753,-0.034120977,-0.8848381,-0.8713218,0.19569129,0.45000362,0.15780059,0.9800718,-0.12065786
1356424632138,-0.4743663,0.0021687746,-0.88032484,-0.866968,0.17240262,0.46759364,0.15278438,0.9850241,-0.079901695
1356424632178,-0.46905923,0.025720596,-0.8827921,-0.8709849,0.15197629,0.46721357,0.14618042,0.98804945,-0.048883617
1356424632218,-0.44906616,0.037958443,-0.89269185,-0.8826666,0.13625216,0.4498166,0.13870552,0.9899467,-0.02768159
1356424632258,-0.41428208,0.040114075,-0.9092641,-0.9007572,0.12507421,0.41592407,0.13040993,0.9913361,-0.015682995
1356424632298,-0.36560678,0.034084707,-0.93014514,-0.9228679,0.11666286,0.36702138,0.12102318,0.99258655,-0.01119709
1356424632338,-0.30684447,0.023310035,-0.9514742,-0.94526744,0.109103024,0.30751577,0.110976934,0.9937571,-0.011443436
1356424632377,-0.24464446,0.012349874,-0.96953416,-0.96416163,0.10278207,0.24459803,0.102671474,0.99462724,-0.013237834
1356424632442,-0.18587732,0.0044536293,-0.9825629,-0.9774951,0.100694835,0.18537506,0.099764615,0.9949074,-0.014363468
1356424632459,-0.13489836,-3.1501055E-5,-0.9908594,-0.98530114,0.10577536,0.13413835,0.10480425,0.99439,-0.014299929
1356424632499,-0.09477338,-0.0023254454,-0.99549615,-0.98848987,0.11867544,0.093829155,0.11792275,0.9929304,-0.01354593
1356424632539,-0.0686551,-0.0032373965,-0.9976351,-0.98821414,0.13736132,0.06756109,0.1368177,0.99051565,-0.012629747
1356424632579,-0.06024933,-0.0023891926,-0.9981805,-0.98554736,0.15875387,0.059106827,0.1583238,0.9873153,-0.011919498
1356424632609,-0.07279998,0.0013128221,-0.99734575,-0.98134315,0.1783281,0.0718666,0.17794913,0.98397017,-0.0116939545
1356424632649,-0.096535414,0.005917281,-0.995312,-0.975512,0.19799033,0.095792055,0.19762897,0.9801861,-0.013340712
1356424632689,-0.14408463,0.012746334,-0.98948324,-0.96561694,0.21684009,0.14340258,0.21638748,0.9761239,-0.018935204
1356424632729,-0.20579576,0.016854078,-0.9784498,-0.950516,0.23435181,0.20395732,0.232739,0.9720057,-0.032208502
1356424632769,-0.26638108,0.008555979,-0.9638299,-0.93263996,0.25018466,0.2599817,0.24335983,0.96816033,-0.05866486
1356424632809,-0.3057739,-0.026182324,-0.9517441,-0.9206773,0.26284075,0.28856212,0.24260196,0.9644839,-0.10447532
1356424632850,-0.30624962,-0.0984326,-0.94684863,-0.9249472,0.2659946,0.2715135,0.22513083,0.95893586,-0.17250568
1356424632889,-0.26898372,-0.19689989,-0.9428034,-0.94340324,0.2510373,0.21672696,0.19400528,0.9477398,-0.25328094
1356424632929,-0.21355587,-0.2929361,-0.9319776,-0.96367264,0.21980119,0.15173143,0.16040218,0.9305245,-0.3292343
1356424632969,-0.16820452,-0.35913992,-0.91800094,-0.97624254,0.18973473,0.10464814,0.13659331,0.9137939,-0.38252187
1356424633009,-0.14924091,-0.38658446,-0.9100987,-0.9807001,0.175444,0.08629462,0.12631118,0.90541255,-0.40530688
1356424633049,-0.15933996,-0.37803507,-0.91197604,-0.9790485,0.17914909,0.09679735,0.12678689,0.9082924,-0.3986603
1356424633079,-0.17790511,-0.35370803,-0.9182812,-0.9752376,0.18796358,0.11653888,0.13138267,0.91627526,-0.37838912
1356424633119,-0.22492081,-0.299796,-0.9271101,-0.964113,0.20621759,0.1672141,0.1410563,0.93144876,-0.33541977
1356424633159,-0.2810348,-0.22906521,-0.93195957,-0.9477241,0.21916124,0.23192123,0.1511243,0.9484185,-0.27868253
1356424633199,-0.33410394,-0.15450269,-0.9297868,-0.9292702,0.21892196,0.29754004,0.15758002,0.96343243,-0.21671742
1356424633239,-0.37575603,-0.087176114,-0.9226092,-0.9130088,0.20543855,0.35243437,0.15881562,0.9747796,-0.15678734
1356424633279,-0.40302205,-0.03274688,-0.9146042,-0.90184355,0.18426079,0.39080176,0.15572813,0.98233163,-0.10379368
1356424633319,-0.4159971,0.007517606,-0.9093348,-0.89686084,0.16187108,0.41162878,0.15028942,0.9867832,-0.060595572
1356424633359,-0.41545808,0.0342381,-0.9089678,-0.89815533,0.14266306,0.41588977,0.14391547,0.989179,-0.028519452
1356424633399,-0.40180367,0.048429072,-0.9144443,-0.90541303,0.12843597,0.4046374,0.13704374,0.9905346,-0.0077577233
1356424633443,-0.37771893,0.054224133,-0.9243312,-0.9166952,0.11866766,0.38155994,0.13037798,0.99145234,0.004883945
1356424633469,-0.34511495,0.049568772,-0.9372506,-0.9305647,0.11199981,0.34857643,0.12225041,0.9924712,0.0074741244
1356424633510,-0.3009534,0.03739366,-0.9529054,-0.94692826,0.10661465,0.30324942,0.11293328,0.993597,0.0033231378
1356424633549,-0.2517308,0.02266109,-0.9675319,-0.96212393,0.10223019,0.25271815,0.10463786,0.9945026,-0.003931761
1356424633589,-0.20424849,0.00951311,-0.97887284,-0.9736732,0.10140759,0.20414907,0.1012072,0.99479944,-0.011449695
1356424633619,-0.16382545,-5.340874E-4,-0.9864892,-0.9811373,0.10411358,0.1628803,0.10261989,0.99456525,-0.01758045
1356424633659,-0.13422447,-0.007042557,-0.9909259,-0.9845128,0.114750385,0.13254029,0.11277568,0.9933694,-0.022335827
1356424633699,-0.11890063,-0.009984016,-0.9928559,-0.98457587,0.130443,0.116597384,0.12834701,0.9914055,-0.025339723
1356424633739,-0.12085384,-0.008751988,-0.9926318,-0.98184544,0.1483258,0.11823282,0.14619818,0.9888998,-0.026518881
1356424633779,-0.14245489,-0.0025555491,-0.989798,-0.9760065,0.16673407,0.14003947,0.16467518,0.98599863,-0.02624631
1356424633819,-0.18386102,0.008597195,-0.9829146,-0.9656979,0.1849581,0.18225825,0.18336493,0.9827088,-0.025704265
1356424633859,-0.24135321,0.022440374,-0.9701778,-0.9491879,0.2026059,0.24081779,0.20196778,0.9790032,-0.027599454
1356424633899,-0.30585748,0.03254038,-0.95152104,-0.9265543,0.21968502,0.305345,0.21897098,0.975028,-0.037041903
1356424633929,-0.36913145,0.035945773,-0.9286818,-0.8998814,0.23592317,0.36681566,0.23228306,0.97110665,-0.054739714
1356424633969,-0.4039734,0.007063329,-0.9147434,-0.8839192,0.2544945,0.39232573,0.23556826,0.9670484,-0.096565604
1356424634009,-0.40978092,-0.059672058,-0.9102301,-0.88378465,0.27302462,0.3799766,0.22584122,0.96015453,-0.16461754
1356424634049,-0.38519016,-0.15684351,-0.9094111,-0.89974785,0.28288642,0.3323086,0.2051396,0.94624275,-0.2500847
1356424634089,-0.3455796,-0.25435546,-0.90325963,-0.9205035,0.2789236,0.2736328,0.18234047,0.9260156,-0.33052546
1356424634129,-0.31413326,-0.3212147,-0.89338756,-0.93477476,0.2690706,0.23194233,0.16588101,0.907977,-0.38478738
1356424634169,-0.30504045,-0.34463912,-0.88779175,-0.9390951,0.26378575,0.22026685,0.15827417,0.9009112,-0.40411425
1356424634209,-0.3179776,-0.3283901,-0.8894101,-0.9348444,0.26490676,0.23641154,0.1579755,0.9066335,-0.39122802
1356424634249,-0.34449458,-0.28326935,-0.8950318,-0.924624,0.2673682,0.27126497,0.162462,0.9210172,-0.35402453
1356424634289,-0.375481,-0.22155604,-0.8999593,-0.91138864,0.26477045,0.31506714,0.16847762,0.9385145,-0.30133992
1356424634329,-0.40424228,-0.15515482,-0.90139616,-0.898231,0.253245,0.35923254,0.17253742,0.95487905,-0.24173713
1356424634368,-0.42737377,-0.09345597,-0.89923173,-0.8874549,0.233208,0.39753968,0.17255563,0.9679256,-0.18260497
1356424634441,-0.44579744,-0.03835544,-0.8943118,-0.8794334,0.20506799,0.42958587,0.1669178,0.97799593,-0.12514985
1356424634445,-0.45610392,0.0026710033,-0.8899225,-0.87535554,0.17887008,0.4491749,0.16038024,0.9838691,-0.07924521
1356424634475,-0.4611485,0.032126665,-0.8867412,-0.8739284,0.15654069,0.46015668,0.15359443,0.9871489,-0.044112146
1356424634518,-0.4604711,0.04981771,-0.88627565,-0.87554455,0.13900316,0.46270913,0.1462462,0.98903805,-0.020389259
1356424634558,-0.45224804,0.05766815,-0.89002585,-0.88095796,0.12689543,0.4558624,0.13922891,0.9902383,-0.0065849423
1356424634598,-0.43671823,0.0576033,-0.8977523,-0.8897952,0.119265795,0.4405,0.13244537,0.99118996,-8.304119E-4
1356424634638,-0.4140653,0.052132815,-0.9087531,-0.9015664,0.114063025,0.4173342,0.12541193,0.99210477,-2.283454E-4
1356424634678,-0.38578415,0.044837326,-0.9214989,-0.9148613,0.11041564,0.38837773,0.119161695,0.9928736,-0.0015767217
1356424634718,-0.35451895,0.039126337,-0.93422985,-0.9277378,0.10997832,0.35666135,0.116699845,0.9931636,-0.0026903749
1356424634758,-0.32305783,0.036487997,-0.9456755,-0.93864834,0.115109265,0.32509863,0.12071821,0.99268246,-0.0029375553
1356424634798,-0.29420924,0.03638488,-0.9550482,-0.94664264,0.12646067,0.2964377,0.1315619,0.99130404,-0.0027624369
1356424634837,-0.2710557,0.03766617,-0.96182644,-0.95121,0.14253902,0.27364585,0.14740503,0.9890722,-0.0028076172
1356424634878,-0.256761,0.03964898,-0.9656613,-0.95216334,0.16093332,0.25977975,0.16570699,0.98616856,-0.0035691261
1356424634918,-0.25391734,0.04208365,-0.96630996,-0.9494927,0.17958379,0.25731933,0.18436259,0.9828421,-0.005641341
1356424634958,-0.2636233,0.044530183,-0.9635974,-0.9431882,0.197528,0.26716793,0.20223454,0.97928536,-0.0100726485
1356424634998,-0.28474784,0.045516193,-0.9575212,-0.93332124,0.21472442,0.28775832,0.2187008,0.9756135,-0.018661022
1356424635037,-0.31381887,0.04186076,-0.94855964,-0.9204936,0.23156482,0.31475273,0.23282886,0.97191846,-0.03413689
1356424635078,-0.34435952,0.027490139,-0.9384353,-0.9069708,0.24847776,0.34009236,0.24252948,0.9682475,-0.060632885
1356424635117,-0.36729118,-0.006858766,-0.93008065,-0.8976631,0.26441792,0.35253948,0.243512,0.9643838,-0.10327518
1356424635158,-0.3722192,-0.070037216,-0.92549866,-0.8990468,0.27493137,0.34077522,0.2305817,0.9589095,-0.1653015
1356424635198,-0.3529641,-0.15933013,-0.9219709,-0.9132327,0.27301586,0.3024376,0.20352525,0.9487235,-0.24187022
1356424635238,-0.31500164,-0.2533512,-0.9146514,-0.9334408,0.25699022,0.25028837,0.17164564,0.9326142,-0.3174407
1356424635277,-0.27449137,-0.32512653,-0.904957,-0.950155,0.2364071,0.20326617,0.14785105,0.9156443,-0.37381232
1356424635318,-0.24650496,-0.36072484,-0.899507,-0.95927334,0.2229318,0.17348233,0.13794929,0.9056374,-0.4009875
1356424635358,-0.23777553,-0.35963312,-0.90228975,-0.9612044,0.22083572,0.1652807,0.13981736,0.9065846,-0.39819026
1356424635397,-0.24773484,-0.32787427,-0.911661,-0.9572923,0.22761852,0.17827281,0.14905986,0.9168905,-0.3702606
1356424635442,-0.27190584,-0.2737472,-0.9225669,-0.9486103,0.23751503,0.20910531,0.16188148,0.93201345,-0.3242612
1356424635479,-0.30426008,-0.20677567,-0.9298762,-0.93645847,0.24380577,0.252199,0.17456058,0.9475245,-0.2678172
1356424635519,-0.33925867,-0.13615102,-0.9307881,-0.92257756,0.24140656,0.3009543,0.18372315,0.96082556,-0.20750916
1356424635559,-0.37118167,-0.07149321,-0.92580396,-0.9094057,0.22945619,0.34688783,0.18763131,0.9706898,-0.15018624
1356424635599,-0.3969465,-0.018177241,-0.9176618,-0.8986553,0.21105528,0.3845444,0.18668738,0.9773052,-0.100112736
1356424635639,-0.4148687,0.021653384,-0.90962356,-0.89138234,0.19089204,0.4110933,0.18254143,0.9813722,-0.059893668
1356424635679,-0.42388374,0.04781276,-0.9044537,-0.8883652,0.17258346,0.42546704,0.17643648,0.9838338,-0.03068012
1356424635719,-0.42308444,0.061001122,-0.9040345,-0.8902425,0.15780342,0.42727783,0.16872415,0.9855846,-0.012458384
1356424635759,-0.41195977,0.062639385,-0.9090464,-0.8971447,0.1466791,0.41667333,0.15943825,0.9871988,-0.0042292476
1356424635799,-0.39085984,0.0551576,-0.91879606,-0.9083686,0.13808578,0.39471358,0.14864418,0.9888832,-0.0038687587
1356424635839,-0.36179107,0.042493165,-0.93129027,-0.92215794,0.13034487,0.3641908,0.13686457,0.9905577,-0.007972181
1356424635879,-0.3286581,0.029853553,-0.943977,-0.93591046,0.12380159,0.32976487,0.1267105,0.9918579,-0.012748122
1356424635919,-0.2960456,0.021449149,-0.954933,-0.94725114,0.1219058,0.29640225,0.122769415,0.9923099,-0.015771925
1356424635958,-0.26761508,0.018514693,-0.963348,-0.9549398,0.12808079,0.26774096,0.12834352,0.99159086,-0.0165959
1356424635999,-0.24609023,0.019910395,-0.9690423,-0.9586677,0.1423139,0.24637964,0.14281365,0.9896213,-0.015934587
1356424636039,-0.2342549,0.024206668,-0.97187376,-0.9584663,0.16154021,0.23504677,0.16268644,0.98656917,-0.014640331
1356424636079,-0.23513836,0.030824184,-0.971473,-0.95433354,0.18217397,0.23677018,0.18427536,0.9827831,-0.013419569
1356424636119,-0.251198,0.03969896,-0.96712124,-0.94590306,0.20190173,0.25397462,0.20534596,0.9786009,-0.013165951
1356424636159,-0.28304607,0.05023095,-0.95779,-0.93234444,0.21984667,0.28705618,0.22498605,0.9742403,-0.015394211
1356424636199,-0.3285786,0.060299754,-0.9425497,-0.9128314,0.23588884,0.33330962,0.24243543,0.9699074,-0.022464514
1356424636239,-0.38155907,0.0650647,-0.9220516,-0.8881197,0.2507133,0.38520917,0.2562341,0.9658723,-0.037876606
1356424636277,-0.4317099,0.056088954,-0.900267,-0.86264765,0.2659561,0.43023983,0.2635632,0.96235204,-0.06643087
1356424636317,-0.46590793,0.021945745,-0.88456106,-0.84567547,0.2830596,0.4524491,0.26031283,0.9588512,-0.11332071
1356424636358,-0.47152865,-0.046578884,-0.88061976,-0.8476284,0.29943252,0.43802541,0.24328348,0.95297986,-0.18067265
1356424636397,-0.4441386,-0.14376086,-0.88434935,-0.86980313,0.3059349,0.3871,0.21490356,0.9411359,-0.26092118
1356424636442,-0.39502978,-0.24423143,-0.88560855,-0.89994943,0.2964934,0.3196602,0.18450606,0.9232782,-0.33691967
1356424636479,-0.3478688,-0.31875035,-0.8816947,-0.9233836,0.27931076,0.26334047,0.16232693,0.9057504,-0.39149243
1356424636519,-0.32135457,-0.35405877,-0.87827885,-0.9346725,0.2675119,0.23414701,0.15204826,0.8961472,-0.41689515
1356424636559,-0.32091108,-0.35117298,-0.8795986,-0.9348807,0.26621112,0.23479733,0.15170446,0.8976687,-0.4137349
1356424636599,-0.3418885,-0.31753045,-0.88446975,-0.92642766,0.27174705,0.26054823,0.15762007,0.90847564,-0.38707614
1356424636639,-0.3755318,-0.26268843,-0.888803,-0.9118346,0.27641308,0.30356815,0.16593298,0.92444074,-0.34333026
1356424636679,-0.41278073,-0.19723809,-0.8892183,-0.8942776,0.27303883,0.3545664,0.1728571,0.94156617,-0.2890908
1356424636719,-0.44612578,-0.13183957,-0.88520634,-0.87757725,0.2584928,0.40378183,0.17558506,0.9569743,-0.23101974
1356424636759,-0.470814,-0.07491714,-0.87904584,-0.8650704,0.23477823,0.4433197,0.17316863,0.9691577,-0.17534548
1356424636799,-0.48539042,-0.030291498,-0.8737727,-0.8583197,0.2067011,0.4696403,0.16638368,0.97793514,-0.12633055
1356424636839,-0.49009436,0.0019752681,-0.8716672,-0.8574052,0.17907584,0.48248133,0.15704757,0.9838333,-0.08607048
1356424636879,-0.48543864,0.023530602,-0.873954,-0.8618031,0.15533894,0.48287183,0.14712137,0.98758096,-0.055128813
1356424636919,-0.47128516,0.036093652,-0.88124204,-0.87108433,0.13752598,0.47148558,0.13821128,0.98984027,-0.033373356
1356424636959,-0.44709587,0.040848374,-0.8935528,-0.8848334,0.12616295,0.4485005,0.13105378,0.99116814,-0.020262897
1356424636998,-0.41235286,0.038869232,-0.91019464,-0.902382,0.1198619,0.41393203,0.12518689,0.99202937,-0.0143505335
1356424637037,-0.36826533,0.032197893,-0.9291631,-0.9219724,0.11611134,0.36943895,0.119781524,0.9927142,-0.01307416
1356424637078,-0.31840557,0.024198115,-0.94764566,-0.9408486,0.114106596,0.31903547,0.115852684,0.9931738,-0.013565421
1356424637118,-0.26764435,0.017939627,-0.9633507,-0.9564477,0.115951955,0.2678858,0.116508186,0.9930928,-0.013875604
1356424637158,-0.21998775,0.014197588,-0.97539926,-0.9676132,0.12373459,0.22003275,0.12381455,0.9922138,-0.013482332
1356424637198,-0.17926419,0.01218918,-0.9837254,-0.97415733,0.13746357,0.17922387,0.137411,0.9904318,-0.012768149
1356424637237,-0.14882448,0.011066943,-0.9888017,-0.97667146,0.15489206,0.14873236,0.15480351,0.98786944,-0.012242913
1356424637296,-0.13262707,0.011073023,-0.9911041,-0.9758675,0.17354864,0.13252708,0.17347226,0.984763,-0.012211442
1356424637318,-0.13435146,0.013126999,-0.99084675,-0.9721465,0.19203767,0.13436005,0.19204366,0.98129964,-0.013039172
1356424637358,-0.15626293,0.01781562,-0.9875548,-0.96508455,0.21004885,0.15649673,0.21022287,0.97752845,-0.015629292
1356424637395,-0.19819722,0.024414778,-0.97985804,-0.9533284,0.22751412,0.19849998,0.22777787,0.9734686,-0.021817386
1356424637438,-0.2551362,0.029322028,-0.9664604,-0.93567705,0.24448955,0.25442743,0.2437498,0.9692085,-0.03494221
1356424637479,-0.31699792,0.025351048,-0.94808733,-0.9133536,0.26117316,0.31236804,0.25553378,0.964959,-0.05963689
1356424637519,-0.36590835,2.0337105E-4,-0.9306509,-0.8940275,0.2776936,0.3515696,0.2585073,0.9606697,-0.10142857
1356424637559,-0.381471,-0.059270263,-0.9224787,-0.89064264,0.2907175,0.34962696,0.24745822,0.9549714,-0.1636889
1356424637599,-0.35178527,-0.15367097,-0.9233809,-0.90946907,0.2896442,0.29828203,0.22161466,0.94471765,-0.2416516
1356424637639,-0.28768137,-0.25959912,-0.92187184,-0.9389392,0.26616803,0.21805453,0.18876606,0.9283118,-0.32031935
1356424637679,-0.22135392,-0.34399897,-0.912506,-0.9617812,0.23166499,0.14597332,0.16118097,0.90994287,-0.3821317
1356424637719,-0.18133786,-0.3902216,-0.9026869,-0.97254753,0.2072787,0.10576767,0.14583486,0.8970856,-0.4170965
1356424637759,-0.17934844,-0.39775756,-0.8997905,-0.97349095,0.20372352,0.103981495,0.14194903,0.89458686,-0.42375082
1356424637799,-0.21315229,-0.3717727,-0.90352154,-0.9661054,0.21803916,0.13819996,0.14562407,0.9023547,-0.40564716
1356424637839,-0.2719546,-0.3192786,-0.90780056,-0.95004237,0.23923028,0.20047054,0.15316746,0.91696787,-0.368388
1356424637879,-0.34130424,-0.24943873,-0.90625143,-0.92599857,0.25474447,0.27862483,0.16136268,0.93428344,-0.3179252
1356424637919,-0.40654564,-0.17409217,-0.8968905,-0.8981315,0.25620663,0.35737672,0.16757283,0.95081556,-0.26051736
1356424637959,-0.45741463,-0.10434693,-0.8831102,-0.87275314,0.24309915,0.42332584,0.17051059,0.9643726,-0.20226616
1356424637999,-0.4900279,-0.046578288,-0.87046146,-0.85489297,0.22085959,0.46944544,0.17038381,0.97419274,-0.14804679
1356424638039,-0.5046781,-0.0023210347,-0.86330444,-0.84677887,0.19607389,0.4944902,0.16812366,0.98058635,-0.100919545
1356424638079,-0.50230736,0.028973103,-0.8642037,-0.84890175,0.17358667,0.49923295,0.16447863,0.98439234,-0.062598586
1356424638119,-0.4831522,0.0481959,-0.8742089,-0.8608254,0.15611744,0.48436242,0.15982357,0.98656195,-0.033940256
1356424638159,-0.44743913,0.056498468,-0.8925279,-0.8808521,0.14467049,0.4507438,0.15458876,0.98786557,-0.014964402
1356424638199,-0.39619732,0.055537015,-0.9164842,-0.90596807,0.1385135,0.4000448,0.14916271,0.9888021,-0.004563868
1356424638239,-0.3325174,0.047702193,-0.94189,-0.93214524,0.13513762,0.3359212,0.14330891,0.9896779,-4.7022104E-4
1356424638279,-0.26241535,0.036514938,-0.96426386,-0.95514965,0.1322648,0.2649437,0.13721257,0.9905416,1.6891956E-4
1356424638319,-0.19384408,0.025880367,-0.98069084,-0.97195673,0.13059437,0.19556406,0.13313398,0.99109805,-1.603365E-4
1356424638359,-0.13335091,0.01793924,-0.99090654,-0.98192227,0.13313305,0.13455206,0.13433617,0.99093586,-1.3846159E-4
1356424638399,-0.08456105,0.012451202,-0.9963405,-0.98618233,0.1419118,0.085472345,0.14245674,0.98980105,2.7894974E-4
1356424638445,-0.049770325,0.008459687,-0.9987248,-0.986395,0.15644994,0.05048108,0.15667745,0.9876497,5.580187E-4
1356424638479,-0.03168288,0.0059096515,-0.9994805,-0.9841505,0.17438188,0.032228023,0.17448184,0.9846604,2.9104948E-4
1356424638519,-0.0331026,0.005703658,-0.9994357,-0.9804958,0.19365004,0.033580393,0.19373232,0.98105407,-8.1789494E-4
1356424638559,-0.056925565,0.008931786,-0.99833846,-0.97537684,0.21291175,0.057521135,0.2130718,0.97703063,-0.0034082532
1356424638599,-0.10401526,0.01564014,-0.9944527,-0.96715933,0.2315583,0.10480234,0.23191288,0.97269523,-0.008959055
1356424638639,-0.1723558,0.023923188,-0.98474425,-0.9529301,0.24910042,0.17283899,0.24943513,0.96818215,-0.020136833
1356424638679,-0.25338623,0.02798441,-0.9669603,-0.93080604,0.26515028,0.25158584,0.26343033,0.9638009,-0.041137397
1356424638719,-0.32782006,0.015465677,-0.9446136,-0.90556556,0.27979612,0.31884965,0.26923046,0.95993483,-0.07771766
1356424638759,-0.36956358,-0.029934227,-0.9287232,-0.8918923,0.29181594,0.34550187,0.2606739,0.95600593,-0.13454264
1356424638799,-0.35812852,-0.11645317,-0.92638147,-0.90361285,0.29296508,0.31249842,0.23500597,0.94900477,-0.21014774
1356424638837,-0.2993984,-0.22596842,-0.9269838,-0.9331916,0.2717627,0.2351565,0.19878167,0.9354589,-0.2922371
1356424638877,-0.23042926,-0.32100084,-0.91861904,-0.9589206,0.23541489,0.1582756,0.16545,0.917354,-0.3620608
1356424638918,-0.19307548,-0.37611604,-0.9062332,-0.9704431,0.20948875,0.11981094,0.14478287,0.9025804,-0.40544635
1356424638957,-0.20801398,-0.38693205,-0.8983394,-0.96841383,0.21057352,0.133542,0.1374948,0.8977429,-0.41851252
1356424638997,-0.274425,-0.3572534,-0.8927827,-0.9513829,0.23590526,0.19803846,0.13986221,0.9037249,-0.4046231
1356424639037,-0.37593237,-0.29387963,-0.8788115,-0.91471636,0.26938424,0.30120787,0.14821908,0.917097,-0.37008667
1356424639077,-0.48780885,-0.20870024,-0.847636,-0.8582733,0.2919695,0.4220435,0.15940323,0.93337995,-0.32154715
1356424639117,-0.5864645,-0.11887711,-0.8012038,-0.7918864,0.29203147,0.5363147,0.17022115,0.948992,-0.2654032
1356424639158,-0.6594211,-0.039860845,-0.7507163,-0.7304012,0.2703874,0.62721974,0.17798272,0.96192604,-0.20741355
1356424639198,-0.70582265,0.020445168,-0.70809346,-0.68481106,0.23604971,0.6894305,0.18124074,0.9715259,-0.15260816
1356424639237,-0.7308032,0.06180358,-0.6797844,-0.6584374,0.19873774,0.7259225,0.1799634,0.978102,-0.10454434
1356424639277,-0.7396026,0.087491155,-0.667333,-0.6498749,0.16508055,0.7418969,0.1750731,0.9823919,-0.065235674
1356424639317,-0.7356072,0.10133088,-0.6697866,-0.65624815,0.13859874,0.74170667,0.16798934,0.985151,-0.03545606
1356424639357,-0.72020847,0.1062496,-0.6855733,-0.675027,0.12075484,0.7278439,0.16011941,0.98697984,-0.015247285
1356424639397,-0.69293016,0.10364875,-0.71351576,-0.704808,0.111204565,0.7006278,0.15196535,0.9883777,-0.0040044785
1356424639443,-0.65244466,0.09408805,-0.75197303,-0.74422026,0.10770148,0.6591939,0.14301088,0.98972106,-2.4700165E-4
1356424639479,-0.5998509,0.07982874,-0.79611945,-0.7888698,0.10720265,0.60513794,0.13365349,0.99102724,-0.0013310909
1356424639519,-0.54169554,0.065416455,-0.8380254,-0.8310147,0.1082567,0.5456144,0.126414,0.99196833,-0.00428015
1356424639559,-0.4875865,0.055288523,-0.8713223,-0.8641201,0.11200738,0.4906635,0.12472263,0.99216807,-0.006837368
1356424639599,-0.44621295,0.05114609,-0.89346415,-0.8853829,0.120187044,0.4490571,0.13035041,0.9914329,-0.008345187
1356424639639,-0.4237427,0.05268839,-0.90424895,-0.8945117,0.1326558,0.42690915,0.14244708,0.9897608,-0.009081602
1356424639679,-0.42480725,0.05952263,-0.90332484,-0.8912747,0.14736474,0.42885077,0.15864456,0.98728955,-0.009550512
1356424639719,-0.4525581,0.071855694,-0.88883513,-0.87402904,0.16189712,0.45810762,0.17681748,0.9841881,-0.010463953
1356424639759,-0.507519,0.09018266,-0.8569082,-0.8390711,0.17440242,0.51530915,0.19591883,0.98053604,-0.012842834
1356424639799,-0.5848569,0.11417982,-0.80306005,-0.7819334,0.18390071,0.5956179,0.21569088,0.9762907,-0.018274605
1356424639839,-0.6724101,0.14098394,-0.7266279,-0.70170736,0.19095379,0.68639886,0.23552352,0.9714217,-0.029469728
1356424639879,-0.75238687,0.16353561,-0.6380989,-0.60815525,0.19975454,0.7682743,0.25310332,0.9661026,-0.050837636
1356424639919,-0.80931526,0.17007212,-0.5622136,-0.5250636,0.219558,0.82225454,0.26328105,0.96066105,-0.08839291
1356424639959,-0.8368238,0.14573644,-0.5277184,-0.48236775,0.2596277,0.83660907,0.25893477,0.9546488,-0.14696407
1356424639997,-0.83259666,0.07772407,-0.5483993,-0.5009922,0.31654453,0.80548525,0.23619837,0.9453881,-0.22461474
1356424640037,-0.7943332,-0.029530376,-0.6067641,-0.57326543,0.3669231,0.7326215,0.20100117,0.92978245,-0.308388
1356424640077,-0.7361868,-0.1398153,-0.66217875,-0.6557003,0.3896373,0.6467146,0.16758893,0.91029364,-0.37852275
1356424640117,-0.69201577,-0.21054843,-0.6904952,-0.7067542,0.39240444,0.5886572,0.14701253,0.8953704,-0.42035604
1356424640157,-0.68104327,-0.2278225,-0.6959001,-0.7185914,0.3906008,0.5753759,0.14073554,0.8919238,-0.42972732
1356424640197,-0.694857,-0.2023282,-0.69009924,-0.7043912,0.3848821,0.5964049,0.1449373,0.90051603,-0.40995622
1356424640237,-0.7159587,-0.15180016,-0.6814394,-0.6805677,0.3693865,0.6327568,0.15566191,0.91679347,-0.36777574
1356424640296,-0.7321703,-0.091786474,-0.6749088,-0.6596973,0.34212905,0.66913915,0.16948795,0.9351593,-0.31104803
1356424640318,-0.73843706,-0.033435196,-0.6734929,-0.6490928,0.3058898,0.69649833,0.18272704,0.9514796,-0.24758285
1356424640358,-0.7338162,0.016088843,-0.6791575,-0.65168285,0.2657171,0.7104251,0.19189367,0.9639167,-0.18450272
1356424640395,-0.7190545,0.05326873,-0.6929092,-0.6670278,0.22690272,0.70964015,0.19502462,0.97245955,-0.12762374
1356424640438,-0.6954862,0.07776579,-0.7143189,-0.6924113,0.19311124,0.6951796,0.1920042,0.9780903,-0.08046025
1356424640467,-0.66502213,0.093025684,-0.74100727,-0.7232155,0.1672858,0.6700558,0.18629241,0.98150986,-0.04397118
1356424640497,-0.6314877,0.1007694,-0.76881003,-0.75455105,0.14844185,0.63923216,0.17853862,0.9837737,-0.017703593
1356424640537,-0.5914117,0.098356485,-0.8003488,-0.7886356,0.13646215,0.5995264,0.16818464,0.98575056,-0.0031378865
1356424640578,-0.5398136,0.087676376,-0.8372062,-0.8268765,0.13111997,0.5468847,0.15772331,0.9874819,0.0017171502
1356424640618,-0.47785932,0.07107574,-0.87555623,-0.86582357,0.13018721,0.48311576,0.14832404,0.98893857,-6.72102E-4
1356424640658,-0.4078563,0.05110088,-0.911615,-0.90224385,0.13057166,0.4109829,0.14003265,0.99012107,-0.007148981
1356424640698,-0.3347872,0.031692356,-0.94176066,-0.9327512,0.13072968,0.33598372,0.13376415,0.99091136,-0.014205515
1356424640738,-0.2651968,0.016558468,-0.96405214,-0.95513403,0.13223535,0.26501477,0.13186997,0.99108005,-0.019252837
1356424640778,-0.20420021,0.0068543255,-0.9789051,-0.96937406,0.13795888,0.20317799,0.13644132,0.9904142,-0.021526873
1356424640817,-0.1548236,0.0015543401,-0.98794097,-0.97684324,0.14923298,0.15331924,0.14767176,0.9888009,-0.021586478
1356424640858,-0.11926156,-6.247163E-4,-0.9928627,-0.97923297,0.16520214,0.11752039,0.16394964,0.9862595,-0.020314038
1356424640898,-0.0993135,-4.2915344E-4,-0.99505615,-0.97808355,0.18395251,0.09754014,0.18300128,0.9829351,-0.018688738
1356424640937,-0.095998794,0.0017109513,-0.99538004,-0.9744227,0.20396742,0.094328105,0.20318651,0.9789762,-0.01791346
1356424640978,-0.10886562,0.004988998,-0.99404395,-0.96856296,0.22448528,0.107201636,0.22368309,0.9744647,-0.01960659
1356424641018,-0.13486925,0.0069642365,-0.990839,-0.96043146,0.24500552,0.13245234,0.24368349,0.9694966,-0.026355088
1356424641057,-0.16623664,0.0013958514,-0.9860848,-0.95082223,0.26480764,0.16066688,0.26134706,0.9643002,-0.042693555
