1356424392520,0.11354804,-0.005893022,0.993515,0.9064975,-0.4086815,-0.10602701,0.40665603,0.9126581,-0.04106295
1356424392668,-0.41617113,0.14305967,-0.89796185,-0.8120676,0.3858136,0.43782872,0.40908158,0.9114174,-0.04439038
1356424392710,-0.35713908,0.11329606,-0.92715466,-0.8387729,0.39785734,0.37171176,0.41098872,0.91042495,-0.047060728
1356424392749,-0.30349356,0.085522085,-0.9489877,-0.8587074,0.4070747,0.3113065,0.41293252,0.90938234,-0.05010611
1356424392788,-0.2391944,0.05173844,-0.9695923,-0.8779052,0.41508186,0.2387248,0.41481143,0.9083117,-0.053863764
1356424392850,-0.1592702,0.009342045,-0.98719084,-0.8951925,0.42024598,0.1484043,0.41624936,0.90736216,-0.05856979
1356424392868,-0.0633851,-0.041082054,-0.9971432,-0.9067973,0.4196312,0.040353417,0.41677457,0.90676457,-0.063851416
1356424392908,0.037895977,-0.09313944,-0.9949316,-0.9084569,0.41153175,-0.0731273,0.4162569,0.9066237,-0.06901777
1356424392945,0.13086522,-0.13923761,-0.9815738,-0.9003558,0.39776963,-0.17646128,0.41501033,0.9068584,-0.07330924
1356424392988,0.2060826,-0.17476168,-0.96280235,-0.88683796,0.3825009,-0.25925192,0.41358012,0.90727687,-0.07615852
1356424393027,0.2603449,-0.19877109,-0.9448336,-0.87300074,0.36953828,-0.31829393,0.41241974,0.90770674,-0.07731992
1356424393067,0.29416615,-0.21206796,-0.93192995,-0.8625618,0.36106086,-0.35443208,0.41164708,0.90810907,-0.07670981
1356424393108,0.3100242,-0.2162154,-0.9258163,-0.8572829,0.35743374,-0.3705498,0.41103658,0.9085659,-0.07454467
1356424393148,0.3116879,-0.21332207,-0.92592895,-0.85710084,0.3575207,-0.37088698,0.4101571,0.9092154,-0.07140368
1356424393188,0.30373123,-0.20590791,-0.93024147,-0.8606745,0.35946867,-0.36058497,0.4086399,0.91015613,-0.06803781
1356424393228,0.2904879,-0.19626912,-0.9365336,-0.86629224,0.36173344,-0.34450924,0.40639207,0.91138756,-0.06494725
1356424393268,0.27443123,-0.18536696,-0.9435712,-0.8728248,0.36378866,-0.3253223,0.40356448,0.912851,-0.061957896
1356424393308,0.2555679,-0.17245597,-0.9512855,-0.88000053,0.36596978,-0.30276254,0.400355,0.9145081,-0.058231235
1356424393347,0.23286875,-0.1562587,-0.9598726,-0.8878666,0.3685748,-0.27540052,0.39681855,0.916371,-0.052907348
1356424393388,0.20585135,-0.13618004,-0.9690615,-0.8963871,0.37102345,-0.2425527,0.39257538,0.91858405,-0.04569435
1356424393427,0.17649852,-0.11372158,-0.9777094,-0.9050474,0.3717484,-0.20662102,0.3869592,0.92134166,-0.03731042
1356424393468,0.14935505,-0.0924474,-0.98445237,-0.91306984,0.36919743,-0.17319569,0.37946877,0.9247414,-0.029269397
1356424393508,0.12940282,-0.076203674,-0.9886596,-0.9198847,0.36303532,-0.14838302,0.37022576,0.9286541,-0.02312082
1356424393562,0.11829606,-0.066233665,-0.990767,-0.9256333,0.35383675,-0.13417351,0.35945657,0.9329591,-0.019450605
1356424393589,0.114331424,-0.061180145,-0.991557,-0.9305265,0.34295744,-0.12845513,0.34792075,0.9373565,-0.017718911
1356424393629,0.113785386,-0.058379143,-0.99178874,-0.9346365,0.33223534,-0.12678468,0.33690885,0.94138813,-0.016759753
1356424393659,0.11353618,-0.05585873,-0.9919623,-0.93786746,0.32347977,-0.12556025,0.32789335,0.94458485,-0.015661418
1356424393689,0.11132848,-0.052346826,-0.992404,-0.9405047,0.31703436,-0.12222913,0.3210245,0.9469683,-0.013937473
1356424393729,0.104730695,-0.046126544,-0.9934304,-0.94287413,0.31306037,-0.11393681,0.31625918,0.94861245,-0.010704517
1356424393769,0.094512284,-0.038116246,-0.99479365,-0.9452257,0.31017417,-0.10168743,0.31243524,0.9499153,-0.006713152
1356424393800,0.08388382,-0.0305174,-0.99600816,-0.9474806,0.3071198,-0.089206904,0.3086162,0.9511814,-0.0031522512
1356424393839,0.0739274,-0.023573667,-0.99698496,-0.95004964,0.30229884,-0.077594906,0.3032166,0.9529216,-4.798174E-5
1356424393879,0.065303534,-0.017815888,-0.9977064,-0.9524169,0.29719707,-0.067646205,0.29772064,0.95465,0.0024398565
1356424393919,0.05825156,-0.013314158,-0.9982131,-0.9535587,0.2952553,-0.059583783,0.29552096,0.9553256,0.0045033097
1356424393959,0.0511308,-0.009041607,-0.998651,-0.95267624,0.29959443,-0.051489353,0.2996558,0.95402384,0.0067048073
1356424393999,0.041340172,-0.0037274659,-0.9991381,-0.9495393,0.3110289,-0.040448368,0.31091163,0.95039314,0.00931859
1356424394040,0.026445627,0.003131926,-0.99964535,-0.9444003,0.3279239,-0.023956746,0.32773256,0.9446989,0.011629939
1356424394079,0.0032503903,0.011945516,-0.99992335,-0.93796444,0.3467296,0.0010931492,0.34671614,0.93788904,0.012331426
1356424394119,-0.032714337,0.023979694,-0.999177,-0.93058145,0.36397955,0.039203793,0.3646201,0.9310981,0.010407746
1356424394159,-0.08772114,0.041851938,-0.9952655,-0.92099476,0.3772953,0.09704062,0.37957034,0.9251468,0.0054486394
1356424394189,-0.17117497,0.07181275,-0.98262,-0.90415627,0.3847653,0.18562615,0.39140835,0.92021656,-9.3221664E-4
1356424394229,-0.25612068,0.09986991,-0.9614719,-0.87965655,0.38828737,0.27465853,0.40075752,0.91611075,-0.011597216
1356424394259,-0.36978507,0.14069518,-0.9184029,-0.834713,0.38382035,0.39488772,0.40806052,0.9126264,-0.024491012
1356424394299,-0.46180362,0.1655314,-0.87139934,-0.78527486,0.38048756,0.48843896,0.41240865,0.90985084,-0.0457229
1356424394329,-0.5535386,0.18794969,-0.81133837,-0.72277594,0.37557417,0.5801198,0.41375107,0.90753454,-0.07204926
1356424394359,-0.61253154,0.18793054,-0.7677807,-0.6754065,0.3801806,0.63189304,0.41064733,0.90561855,-0.105943084
1356424394389,-0.6377471,0.15921272,-0.7536112,-0.65724367,0.39768934,0.64021397,0.4016333,0.9036008,-0.14898366
1356424394419,-0.6265625,0.09564862,-0.7734796,-0.67718446,0.4244576,0.60104644,0.38579857,0.90038157,-0.20117742
1356424394449,-0.5742148,-0.0039976835,-0.8186949,-0.7333597,0.4470521,0.5121796,0.36395174,0.89449894,-0.2596357
1356424394489,-0.45867714,-0.14910015,-0.8760048,-0.82273006,0.44374463,0.35525492,0.3357539,0.8836628,-0.32620472
1356424394519,-0.32613343,-0.27832246,-0.90342325,-0.89229167,0.40622628,0.19696662,0.31217402,0.8703544,-0.3808288
1356424394560,-0.22866227,-0.35905528,-0.9048717,-0.92598593,0.36707753,0.08834064,0.30043888,0.8580987,-0.41641694
1356424394599,-0.1725403,-0.3928518,-0.90327036,-0.9381083,0.3451177,0.029095799,0.30030426,0.85238564,-0.42808425
1356424394629,-0.14401643,-0.39799473,-0.9060129,-0.94130754,0.33754736,0.0013484359,0.30528557,0.85303104,-0.4232478
1356424394659,-0.15508327,-0.3721369,-0.91513026,-0.9369083,0.34917215,0.016783327,0.3132923,0.85999596,-0.4028089
1356424394699,-0.23039909,-0.29297048,-0.9279464,-0.91735834,0.38349748,0.1066927,0.3246073,0.87584126,-0.3571164
1356424394729,-0.28964671,-0.21180904,-0.9334034,-0.89675725,0.40093294,0.18729469,0.33456147,0.8912854,-0.3060702
1356424394769,-0.36216202,-0.11220932,-0.9253366,-0.8668556,0.40546277,0.2901057,0.34263697,0.9071984,-0.24411255
1356424394799,-0.40155178,-0.033776313,-0.9152132,-0.847414,0.39270574,0.3573118,0.34734082,0.9190437,-0.18631423
1356424394839,-0.42776814,0.03163296,-0.90333486,-0.8345144,0.37014487,0.4081404,0.3472755,0.9284353,-0.13193804
1356424394869,-0.42778775,0.07355422,-0.90088147,-0.8357976,0.34729668,0.4252381,0.3441512,0.9348662,-0.08709282
1356424394910,-0.4121639,0.09666693,-0.9059671,-0.84668934,0.32661688,0.42004594,0.33650872,0.94020045,-0.05277282
1356424394939,-0.37842864,0.10446429,-0.9197168,-0.8656989,0.3117746,0.39161462,0.32765406,0.94439596,-0.027549803
1356424394979,-0.33172804,0.09796852,-0.93827426,-0.88869536,0.30123854,0.34565273,0.31650746,0.9485028,-0.012865126
1356424395009,-0.26997086,0.081881255,-0.9593805,-0.913129,0.2943274,0.282076,0.30546865,0.9521905,-0.004691601
1356424395039,-0.20339856,0.06036839,-0.9772332,-0.93383825,0.2879857,0.21215668,0.29423675,0.9557301,-0.0022015572
1356424395069,-0.13268286,0.034636438,-0.99055314,-0.95007664,0.28030038,0.13706225,0.28239977,0.9592872,-0.0042838454
1356424395099,-0.060868263,0.0073251724,-0.998119,-0.9609455,0.270025,0.060582966,0.2699609,0.9628254,-0.009396911
1356424395129,0.0078086853,-0.018449813,-0.9997993,-0.9661337,0.25774854,-0.01230216,0.25792378,0.9660359,-0.015812337
1356424395169,0.07080862,-0.041234553,-0.99663734,-0.9659118,0.24657789,-0.0788275,0.24899915,0.9682454,-0.022369087
1356424395199,0.13015431,-0.060351044,-0.9896553,-0.96048284,0.2400099,-0.14095396,0.24603385,0.96889263,-0.026727855
1356424395239,0.17747751,-0.07484871,-0.98127437,-0.95047265,0.24548206,-0.1906313,0.25515378,0.9665073,-0.027574122
1356424395269,0.21511498,-0.08734301,-0.9726751,-0.93879414,0.2559074,-0.23060155,0.2690562,0.96274745,-0.026947558
1356424395299,0.24176635,-0.098026246,-0.96537036,-0.9271579,0.2701338,-0.25962654,0.28622943,0.9578197,-0.025576532
1356424395339,0.25763804,-0.10762024,-0.9602294,-0.915666,0.29010838,-0.27819595,0.30851015,0.9509232,-0.023801208
1356424395379,0.25247318,-0.11189583,-0.96111214,-0.9090735,0.3127933,-0.27521965,0.3314254,0.94320714,-0.022749662
1356424395409,0.22193459,-0.10683733,-0.96919084,-0.90957123,0.33545133,-0.2452603,0.3513193,0.9359798,-0.022727907
1356424395439,0.17657138,-0.09555954,-0.97963816,-0.9127106,0.35670376,-0.19930315,0.368486,0.92931736,-0.024234533
1356424395469,0.11327866,-0.07712257,-0.99056554,-0.9166624,0.37647954,-0.13413891,0.38327286,0.9232092,-0.028048277
1356424395499,0.032150626,-0.052441865,-0.99810624,-0.91779256,0.39386648,-0.05025783,0.3957562,0.91767037,-0.035467684
1356424395579,-0.060617268,-0.026073098,-0.99782044,-0.91206557,0.40759432,0.044757247,0.40553898,0.9127908,-0.048487604
1356424395584,-0.13582763,-0.022145629,-0.99048495,-0.90197515,0.41636255,0.114380926,0.40986776,0.9089289,-0.07652831
1356424395608,-0.19180089,-0.04733932,-0.9802915,-0.89392626,0.4207124,0.15458629,0.40510276,0.90595806,-0.123010874
1356424395645,-0.19790745,-0.11815712,-0.97307324,-0.90024304,0.41465807,0.13274443,0.38780797,0.90227354,-0.188434
1356424395686,-0.1502101,-0.22616693,-0.9624373,-0.92121494,0.3853981,0.05321023,0.3588871,0.8946043,-0.26623905
1356424395728,-0.08256394,-0.3322054,-0.9395864,-0.94139206,0.33540225,-0.035864055,0.32705364,0.8815582,-0.3404277
1356424395768,-0.03480436,-0.40355563,-0.9142929,-0.9522331,0.29110748,-0.09224194,0.30338222,0.8674095,-0.3944108
1356424395807,-0.02577281,-0.43194744,-0.9015304,-0.95579934,0.2748704,-0.104373544,0.2928879,0.8589922,-0.41993928
1356424395848,-0.057347104,-0.41945943,-0.9059609,-0.95415187,0.29005718,-0.07389879,0.29377806,0.8601864,-0.41686195
1356424395888,-0.11954068,-0.37148234,-0.9207121,-0.9459225,0.32429308,-0.00802958,0.30156347,0.8699625,-0.3901598
1356424395928,-0.19596468,-0.29727042,-0.9344668,-0.9295826,0.35971445,0.08050892,0.31220835,0.8844409,-0.34682876
1356424395969,-0.26991487,-0.21026152,-0.93964684,-0.907332,0.3822127,0.17510596,0.32232693,0.89983535,-0.29394192
1356424396008,-0.32940012,-0.1250284,-0.9358757,-0.885002,0.38630408,0.2598858,0.3290395,0.9138583,-0.23789895
1356424396047,-0.36880615,-0.052986264,-0.92799485,-0.8687474,0.3746846,0.32386634,0.33054492,0.925637,-0.18421763
1356424396088,-0.38824832,8.7094307E-4,-0.9215543,-0.86176497,0.35398597,0.36339378,0.32653376,0.9352503,-0.13668388
1356424396128,-0.39042217,0.0369325,-0.9198949,-0.86393666,0.33054024,0.37994307,0.31809455,0.94306904,-0.097142935
1356424396168,-0.37801808,0.0579367,-0.9239836,-0.87337685,0.30875486,0.37667388,0.3071077,0.94937545,-0.06611431
1356424396208,-0.3526193,0.0665392,-0.9333981,-0.8879906,0.29085183,0.35619926,0.29518172,0.95445156,-0.04347372
1356424396247,-0.31513298,0.06473762,-0.94683695,-0.9058918,0.2769102,0.32043833,0.2829332,0.9587125,-0.028618217
1356424396287,-0.26701215,0.054564834,-0.9621472,-0.9250386,0.26541802,0.27176613,0.27020007,0.96258813,-0.020395279
1356424396328,-0.21123043,0.03894669,-0.9766601,-0.94305646,0.254558,0.2141138,0.25695568,0.96627295,-0.017041504
1356424396368,-0.15277666,0.021874875,-0.98801863,-0.95750916,0.2441817,0.15346518,0.24461314,0.9694828,-0.016359925
1356424396408,-0.09727886,0.007120073,-0.99523175,-0.9667323,0.23701546,0.09618884,0.23657015,0.97147983,-0.016173363
1356424396447,-0.049327075,-0.0037528276,-0.99877566,-0.9704016,0.2368722,0.047035724,0.23640567,0.97153366,-0.0153259635
1356424396488,-0.011050403,-0.011659354,-0.999871,-0.9693239,0.24566168,0.007848114,0.24553856,0.9692856,-0.01401639
1356424396558,0.015690565,-0.01785314,-0.9997175,-0.9638781,0.26560146,-0.019871205,0.26588118,0.9639176,-0.013040841
1356424396570,0.024463147,-0.020563811,-0.9994892,-0.95802116,0.28519478,-0.029315919,0.285652,0.958249,-0.012723863
1356424396609,0.021133453,-0.020821482,-0.9995599,-0.9520737,0.30472073,-0.026477039,0.30513796,0.9522142,-0.013383806
1356424396649,-0.0025122464,-0.015329421,-0.99987936,-0.94621044,0.3235416,-0.0025829077,0.32354215,0.94608974,-0.015317678
1356424396689,-0.04682994,-0.0040299594,-0.9988948,-0.9389907,0.3412885,0.04264462,0.3407395,0.93995,-0.019766629
1356424396729,-0.10687533,0.009058386,-0.9942312,-0.92825866,0.3573778,0.10303956,0.35624957,0.93391603,-0.029786408
1356424396769,-0.17249608,0.014594197,-0.984902,-0.9136225,0.3713472,0.16551477,0.3681562,0.92837936,-0.05072236
1356424396809,-0.22921547,-0.0012738705,-0.97337484,-0.89913774,0.38331756,0.21123213,0.37284255,0.92361575,-0.089007676
1356424396839,-0.2718787,-0.035500795,-0.9616765,-0.8881967,0.39388302,0.23656458,0.37038982,0.91847473,-0.13862014
1356424396879,-0.27244586,-0.11677745,-0.9550583,-0.89472604,0.3958339,0.20683545,0.35389072,0.9108669,-0.21232712
1356424396919,-0.24239519,-0.22188196,-0.9444644,-0.9125861,0.38256094,0.14433908,0.3292889,0.8968922,-0.29521728
1356424396959,-0.20087464,-0.3157091,-0.92734957,-0.930081,0.35868084,0.079356134,0.30756906,0.8784508,-0.36568493
1356424396999,-0.17046994,-0.37201732,-0.91243804,-0.9396226,0.34022456,0.036833167,0.29673126,0.8636263,-0.4075539
1356424397039,-0.16359752,-0.3837995,-0.90880895,-0.94072896,0.3381182,0.026552707,0.29709396,0.8592869,-0.41636664
1356424397079,-0.18102327,-0.35524026,-0.91707957,-0.93512166,0.35097376,0.04863131,0.30459508,0.8663843,-0.39572722
1356424397119,-0.21545966,-0.29594535,-0.9305877,-0.9243048,0.3692326,0.0965817,0.31502038,0.8809561,-0.3530984
1356424397159,-0.25687248,-0.2184462,-0.9414339,-0.9100663,0.38251966,0.15955558,0.32526267,0.89775276,-0.2970593
1356424397199,-0.29617646,-0.13633886,-0.94535244,-0.8952955,0.38444647,0.22504881,0.3327545,0.91302395,-0.23592758
1356424397240,-0.32713625,-0.06155157,-0.9429704,-0.8834488,0.3741072,0.28206745,0.33541033,0.92534065,-0.17676169
1356424397279,-0.34687075,-0.0015459359,-0.9379116,-0.87705016,0.35489622,0.32377717,0.33236074,0.93490434,-0.12445903
1356424397309,-0.35540015,0.041881353,-0.9337754,-0.87588346,0.3338954,0.34834185,0.32637236,0.94167924,-0.08198333
1356424397349,-0.3556323,0.0702475,-0.9319822,-0.8794286,0.31245965,0.35912994,0.3164348,0.9473301,-0.04934305
1356424397389,-0.3449031,0.084614694,-0.9348166,-0.8877881,0.29394585,0.35415825,0.30475244,0.9520694,-0.026262939
1356424397429,-0.32397372,0.08733618,-0.94202626,-0.89971805,0.27939844,0.33532673,0.29248682,0.95619506,-0.011939824
1356424397469,-0.29306334,0.080269575,-0.95271754,-0.91419995,0.2682097,0.30381253,0.279915,0.96001065,-0.005219996
1356424397509,-0.2530677,0.06544796,-0.96523225,-0.929978,0.2585244,0.26135403,0.26664117,0.9637851,-0.0045589805
1356424397560,-0.20821309,0.048315912,-0.9768894,-0.94454265,0.24938244,0.21365291,0.25394186,0.967199,-0.0062882304
1356424397579,-0.16482124,0.030832887,-0.9858414,-0.9562888,0.2397826,0.16737977,0.24154842,0.9703369,-0.010036111
1356424397619,-0.12281665,0.016418993,-0.99229354,-0.9643098,0.2343516,0.123230815,0.2345689,0.97201324,-0.012949288
1356424397659,-0.08701587,0.0072667003,-0.9961804,-0.9675398,0.2375462,0.08624694,0.23726559,0.971349,-0.01363945
1356424397699,-0.060031682,0.002379775,-0.9981936,-0.96646327,0.25000152,0.058719426,0.24968967,0.9682425,-0.012708068
1356424397739,-0.04390976,2.580583E-4,-0.9990355,-0.96233416,0.26854792,0.042366028,0.26829985,0.96326625,-0.011543512
1356424397779,-0.04144281,9.587407E-4,-0.9991404,-0.9565318,0.28887832,0.039952666,0.28866825,0.9573654,-0.011054814
1356424397809,-0.05615112,0.0063824356,-0.9984019,-0.95024776,0.30652854,0.055402458,0.30639222,0.9518401,-0.011146963
1356424397839,-0.08117169,0.015038341,-0.99658656,-0.9433496,0.32158744,0.081688285,0.3217182,0.9467604,-0.011917412
1356424397879,-0.11718893,0.026250452,-0.9927626,-0.934407,0.33567923,0.11917645,0.33637828,0.9416105,-0.01480931
1356424397919,-0.17526674,0.042306602,-0.9836116,-0.9200214,0.34863204,0.17893097,0.35048845,0.93630433,-0.022180617
1356424397959,-0.24311712,0.05450508,-0.96846443,-0.89961183,0.36071685,0.24613392,0.36275703,0.9310814,-0.03866309
1356424397999,-0.30349275,0.04866916,-0.95158994,-0.8781467,0.37330982,0.29916233,0.36979783,0.9264292,-0.07055813
1356424398039,-0.33760807,0.00866124,-0.9412469,-0.8667891,0.38702688,0.3144628,0.3670115,0.9220278,-0.12315589
1356424398069,-0.34688184,-0.05433294,-0.9363338,-0.86753774,0.3979886,0.29830092,0.3564426,0.91578,-0.18519092
1356424398109,-0.3112092,-0.15709987,-0.93726647,-0.88963366,0.39500147,0.22918507,0.33421668,0.90514827,-0.2626894
1356424398149,-0.25505182,-0.2611646,-0.93098956,-0.9157174,0.37442532,0.14583275,0.31049973,0.8897183,-0.33465087
1356424398189,-0.21081477,-0.33090195,-0.9198158,-0.93191206,0.35211617,0.08691403,0.295122,0.8755102,-0.3826028
1356424398229,-0.19783902,-0.35371092,-0.91419274,-0.9360391,0.34505272,0.06906217,0.29101664,0.8693833,-0.39935207
1356424398269,-0.21813838,-0.3324001,-0.9175652,-0.92997706,0.35587597,0.09216833,0.29590264,0.87342,-0.3867547
1356424398299,-0.24517593,-0.29453304,-0.9236553,-0.92076087,0.36896202,0.12675387,0.30346048,0.8815426,-0.36165506
1356424398339,-0.29792416,-0.22210708,-0.92839086,-0.9013336,0.38575524,0.19695371,0.3143868,0.8954671,-0.31511837
1356424398379,-0.35015708,-0.13667998,-0.9266653,-0.8787334,0.39052236,0.27444446,0.32437244,0.9103905,-0.25684947
1356424398420,-0.3897227,-0.055364013,-0.9192666,-0.8597433,0.37965167,0.34162277,0.3300875,0.9234714,-0.19555771
1356424398477,-0.4120289,0.0109702945,-0.9111048,-0.8491989,0.3578434,0.38834184,0.3302931,0.9337172,-0.1381259
1356424398498,-0.4180597,0.059022874,-0.90650004,-0.84796405,0.33259517,0.4127196,0.32585746,0.9412209,-0.0889954
1356424398565,-0.41061908,0.089972824,-0.9073571,-0.8543098,0.3098175,0.41733414,0.31866387,0.94652945,-0.050352335
1356424398566,-0.39355648,0.108511955,-0.91287374,-0.86497176,0.29260164,0.4076862,0.31134725,0.9500575,-0.021295488
1356424398605,-0.36969745,0.11431277,-0.92209345,-0.87815386,0.28127414,0.3869505,0.3035944,0.95279455,-0.0036020875
1356424398648,-0.3342092,0.1069141,-0.9364152,-0.89497226,0.27551967,0.35087526,0.29551432,0.95533144,0.0036039948
1356424398687,-0.28814095,0.08834809,-0.9535037,-0.9137414,0.2724902,0.301373,0.28644618,0.95809376,0.00221169
1356424398727,-0.23453438,0.061986238,-0.9701296,-0.9322872,0.26836234,0.24253276,0.27537993,0.9613217,-0.005151212
1356424398768,-0.17876649,0.034299135,-0.9832935,-0.94797105,0.26157182,0.18146887,0.26342613,0.96457434,-0.014245689
1356424398808,-0.127702,0.012050092,-0.9917394,-0.95851636,0.25541586,0.12652746,0.2548306,0.9667562,-0.021066844
1356424398848,-0.08593804,-0.0019234717,-0.9962987,-0.9632975,0.25541228,0.08259836,0.25430802,0.9668304,-0.023802519
1356424398888,-0.05553767,-0.008752316,-0.9984182,-0.9633218,0.26340422,0.051276326,0.26253876,0.96464586,-0.023060143
1356424398928,-0.03874573,-0.009584397,-0.9992031,-0.9600818,0.27757522,0.034566253,0.27702272,0.96065605,-0.019956648
1356424398968,-0.038794994,-0.0043512583,-0.99923766,-0.9550197,0.29437387,0.035796404,0.29399368,0.95568043,-0.015575767
1356424399008,-0.058880925,0.007746309,-0.998235,-0.94851804,0.31129926,0.058364004,0.31120193,0.9502803,-0.010982096
1356424399047,-0.100640684,0.02699402,-0.99455655,-0.93919075,0.3272935,0.10392147,0.32831714,0.9445371,-0.007586479
1356424399088,-0.16221958,0.051594615,-0.98540497,-0.9241769,0.34202462,0.170048,0.34580636,0.93827355,-0.007800579
1356424399128,-0.23583192,0.0753285,-0.9688699,-0.9013531,0.35570645,0.24705347,0.36324346,0.93155706,-0.015989363
1356424399168,-0.30621183,0.085315615,-0.94813263,-0.8737538,0.37015587,0.31549785,0.37787375,0.9250437,-0.038801253
1356424399208,-0.35446027,0.064061135,-0.9328741,-0.85225713,0.3883426,0.35049638,0.38472795,0.91928566,-0.083055496
1356424399248,-0.36605874,-8.763373E-4,-0.93059134,-0.8495916,0.4083672,0.333812,0.37973046,0.91281736,-0.15023094
1356424399288,-0.33955216,-0.10154989,-0.9350893,-0.867175,0.41884178,0.26940507,0.36429638,0.9023631,-0.23028022
1356424399327,-0.29206455,-0.20562527,-0.93403244,-0.89170754,0.41162348,0.18821186,0.34576857,0.8878538,-0.30357826
1356424399368,-0.25070524,-0.27867243,-0.9270861,-0.9095377,0.39574134,0.12700403,0.33149377,0.8750603,-0.35267746
1356424399408,-0.2334295,-0.3063456,-0.922856,-0.9168869,0.38536078,0.10399765,0.3237733,0.8704306,-0.37083888
1356424399448,-0.24224944,-0.29206222,-0.9252107,-0.9155652,0.38434702,0.1183967,0.32102278,0.87577224,-0.36050987
1356424399488,-0.26883253,-0.24723482,-0.9309157,-0.9082197,0.38689616,0.15952551,0.32072747,0.8883616,-0.3285538
1356424399560,-0.31397903,-0.16935658,-0.93420315,-0.8936732,0.38494754,0.2305722,0.32057026,0.9072671,-0.2722149
1356424399579,-0.34480503,-0.09951612,-0.9333842,-0.88305545,0.37158647,0.28659487,0.31831214,0.92304933,-0.21600312
1356424399619,-0.36553818,-0.041288435,-0.92988014,-0.8763988,0.35178614,0.32889456,0.3135394,0.9351694,-0.16477638
1356424399660,-0.37711987,0.003777951,-0.92615664,-0.8738134,0.3299884,0.3571524,0.3069702,0.9439774,-0.12114394
1356424399699,-0.3809716,0.036716998,-0.9238574,-0.8746064,0.30976582,0.37297302,0.2998739,0.9501037,-0.085899055
1356424399739,-0.3778085,0.059077024,-0.92399716,-0.878248,0.29311305,0.37784296,0.2931575,0.9542509,-0.058856368
1356424399779,-0.3674522,0.07193008,-0.9272567,-0.884742,0.28033292,0.37235078,0.28672385,0.957204,-0.039369404
1356424399809,-0.35021853,0.0775539,-0.93345183,-0.8936696,0.2708121,0.35779265,0.28053826,0.9595032,-0.025535882
1356424399849,-0.3283146,0.07521531,-0.9415689,-0.904297,0.26293385,0.33632225,0.2728669,0.9618775,-0.018307984
1356424399889,-0.29724985,0.06520823,-0.95257044,-0.91776276,0.25566125,0.30388942,0.26335144,0.9645648,-0.01614958
1356424399929,-0.26091343,0.051760674,-0.9639735,-0.9315939,0.24829865,0.26548177,0.25309488,0.96729964,-0.016564548
1356424399969,-0.22457421,0.03991112,-0.97363937,-0.9428836,0.24338031,0.22745675,0.24604273,0.9691095,-0.01702547
1356424400009,-0.19299626,0.032583117,-0.9806583,-0.9495695,0.24551755,0.19503546,0.24712369,0.9688444,-0.016444027
1356424400049,-0.169514,0.029586852,-0.9850836,-0.9511498,0.2567886,0.17138728,0.258029,0.9660146,-0.015387714
1356424400089,-0.1566746,0.029630125,-0.98720574,-0.9483259,0.27472982,0.15874994,0.27591863,0.9610648,-0.014944136
1356424400129,-0.15696296,0.032372445,-0.9870738,-0.9420754,0.29505703,0.15948421,0.29640594,0.9549311,-0.015815794
1356424400169,-0.17267665,0.038690597,-0.98421836,-0.9328197,0.31442717,0.17601943,0.31627527,0.94849277,-0.0182029
1356424400209,-0.2044084,0.049307495,-0.977643,-0.9200089,0.3314678,0.20907572,0.3343662,0.9421772,-0.022391498
1356424400249,-0.24991599,0.06273478,-0.966233,-0.9026508,0.34600368,0.25593552,0.35037625,0.9361334,-0.029844224
1356424400289,-0.30303994,0.07315263,-0.95016605,-0.8809918,0.35864434,0.30858976,0.3633458,0.93060356,-0.04423666
1356424400319,-0.35789967,0.07847637,-0.9304565,-0.8562645,0.36987728,0.36055782,0.37245,0.9257604,-0.06518239
1356424400359,-0.3951764,0.053924054,-0.91702116,-0.83959293,0.3838421,0.38438118,0.3727187,0.9218229,-0.1064111
1356424400399,-0.41642967,-0.0042761266,-0.9091579,-0.83397496,0.40000114,0.38011166,0.36203876,0.9165046,-0.17013848
1356424400439,-0.41793528,-0.091626346,-0.90384436,-0.84148735,0.41400257,0.34713244,0.3423874,0.9056525,-0.2501287
1356424400479,-0.40450573,-0.18485889,-0.8956574,-0.85607016,0.42108607,0.299717,0.32174358,0.8879829,-0.32858396
1356424400525,-0.3890609,-0.25338057,-0.88568056,-0.86780083,0.4234196,0.26007238,0.30911723,0.8697783,-0.3846199
1356424400560,-0.37962574,-0.28461567,-0.8802717,-0.8733618,0.42411047,0.23951936,0.30516148,0.8597233,-0.4095757
1356424400585,-0.37628835,-0.28858143,-0.8804135,-0.874571,0.4243061,0.23471248,0.30583113,0.85830367,-0.4120463
1356424400627,-0.3903589,-0.24753809,-0.88676083,-0.8661907,0.42513576,0.2626277,0.31198338,0.870623,-0.38037074
1356424400668,-0.40659374,-0.18283585,-0.8951271,-0.8557595,0.4193192,0.30306298,0.31993324,0.889237,-0.32695603
1356424400707,-0.41950715,-0.10966468,-0.9011034,-0.84695363,0.40446687,0.34507397,0.326624,0.90795386,-0.26255763
1356424400748,-0.4266376,-0.03990048,-0.90354216,-0.842175,0.38174635,0.3808031,0.32972968,0.9234055,-0.1964705
1356424400787,-0.4279084,0.0190171,-0.90362203,-0.84208685,0.35477182,0.40623483,0.32830504,0.9347595,-0.13579577
1356424400828,-0.4243415,0.06414124,-0.9032277,-0.8460003,0.3275392,0.42071545,0.3228277,0.94265795,-0.08472496
1356424400868,-0.41665596,0.09496817,-0.9040901,-0.8528843,0.30336213,0.42492336,0.3146209,0.948131,-0.0454008
1356424400907,-0.40496987,0.11193839,-0.907452,-0.86216724,0.28368008,0.4197538,0.3044126,0.952363,-0.018372238
1356424400947,-0.3886099,0.11582485,-0.9140935,-0.87385523,0.26824087,0.40549213,0.29216334,0.9563636,-0.0030269027
1356424400988,-0.36683553,0.1081714,-0.92397547,-0.8879008,0.25567132,0.3824451,0.27760366,0.960693,0.002256155
1356424401028,-0.33939713,0.09210783,-0.9361228,-0.90365905,0.2443896,0.35167336,0.2611706,0.9652927,2.888441E-4
1356424401067,-0.3072713,0.07271975,-0.9488394,-0.91947275,0.23429108,0.3157175,0.24526349,0.96944296,-0.005127132
1356424401107,-0.27270973,0.05556637,-0.96049035,-0.9330278,0.22827429,0.27811852,0.23470926,0.9720099,-0.010407627
1356424401148,-0.23845184,0.043877125,-0.9701626,-0.94246095,0.23058319,0.24207166,0.23432463,0.9720628,-0.013630509
1356424401187,-0.2072883,0.03747192,-0.97756195,-0.9470185,0.24290827,0.21012285,0.24533162,0.9693253,-0.014865458
1356424401228,-0.1821594,0.034669876,-0.98265755,-0.9469218,0.26302567,0.18481493,0.2648717,0.9641657,-0.015082955
1356424401268,-0.16627693,0.03447801,-0.9854762,-0.9429888,0.28664428,0.16913667,0.2883126,0.95741653,-0.015150011
1356424401307,-0.16273919,0.037256688,-0.98596555,-0.936026,0.3102049,0.16621807,0.31204408,0.9499395,-0.015609324
1356424401348,-0.17371672,0.043872267,-0.98381793,-0.9262594,0.33201128,0.17835909,0.3344637,0.9422546,-0.017038822
1356424401388,-0.19941023,0.053840727,-0.9784359,-0.9132829,0.35169646,0.20548463,0.35517594,0.9345645,-0.020960093
1356424401428,-0.23704463,0.0630337,-0.96945167,-0.8969348,0.36919397,0.2433182,0.37325296,0.92721224,-0.030978322
1356424401468,-0.2800638,0.06202072,-0.95797575,-0.879017,0.38454503,0.28187624,0.38586697,0.9210204,-0.05317986
1356424401526,-0.31876343,0.03734246,-0.9470984,-0.8645817,0.39804858,0.30668527,0.38844356,0.916604,-0.0945977
1356424401590,-0.34268886,-0.022078663,-0.93918955,-0.8603041,0.40900397,0.30429044,0.3774139,0.91226554,-0.15915543
1356424401591,-0.3454895,-0.11261812,-0.9316406,-0.86868143,0.41394752,0.27210304,0.3550066,0.90330756,-0.24084383
1356424401615,-0.33408993,-0.20287919,-0.9204477,-0.8821684,0.41119277,0.2295635,0.33190778,0.88868475,-0.31634897
1356424401655,-0.31664082,-0.27711958,-0.9071622,-0.89475006,0.40475723,0.18866342,0.31489813,0.871422,-0.37611538
1356424401698,-0.30409598,-0.3163708,-0.89857394,-0.90169185,0.39992857,0.16434392,0.3073718,0.86021316,-0.40688562
1356424401738,-0.30383432,-0.317051,-0.8984227,-0.9019126,0.39956856,0.1640079,0.3069826,0.8601301,-0.40735495
1356424401777,-0.31678468,-0.28406847,-0.9049599,-0.8961793,0.40213674,0.18747962,0.3106606,0.8703971,-0.38196707
1356424401817,-0.33828354,-0.22785023,-0.9130435,-0.88633966,0.40313083,0.22778839,0.3161743,0.88632375,-0.3383252
1356424401857,-0.3628043,-0.16003844,-0.91802,-0.87456465,0.39859986,0.27614266,0.32172918,0.9030536,-0.28457773
1356424401898,-0.38590488,-0.091282666,-0.91801137,-0.86323553,0.3867487,0.32442233,0.32542557,0.9176562,-0.22804666
1356424401938,-0.40464813,-0.029902816,-0.9139834,-0.8545092,0.3683244,0.36626658,0.32568997,0.92921627,-0.17459399
1356424401978,-0.41772023,0.019658595,-0.908363,-0.84958005,0.34593436,0.39817488,0.3220615,0.9380528,-0.12780225
1356424402018,-0.42475146,0.056372106,-0.9035531,-0.84861153,0.32286388,0.41906723,0.31534836,0.9447651,-0.089298844
1356424402057,-0.42563176,0.08101061,-0.90126294,-0.8512989,0.30183786,0.42916662,0.30680233,0.9499112,-0.05950755
1356424402097,-0.42018014,0.09470427,-0.9024854,-0.8573948,0.28428346,0.42901874,0.29719153,0.9540514,-0.03825128
1356424402138,-0.40816915,0.09831458,-0.90759695,-0.8668029,0.2702102,0.4190933,0.28644493,0.9577686,-0.025072157
1356424402178,-0.38955534,0.09285465,-0.9163104,-0.87933445,0.25837308,0.40001792,0.2738935,0.96157235,-0.019000351
1356424402218,-0.3652262,0.08082065,-0.9274038,-0.8940315,0.24720538,0.373627,0.25945595,0.9655866,-0.01802963
1356424402258,-0.33754933,0.06702852,-0.93891835,-0.90869606,0.23707497,0.34360874,0.24562562,0.9691763,-0.019115925
1356424402298,-0.31007004,0.056918412,-0.94900835,-0.920632,0.23113811,0.31466153,0.23726201,0.9712546,-0.019268036
1356424402337,-0.28626484,0.053515375,-0.9566549,-0.9280387,0.23285496,0.29072782,0.23832026,0.97103786,-0.01699382
1356424402378,-0.268749,0.056490153,-0.96155226,-0.9304614,0.24287033,0.27432764,0.24902928,0.9684125,-0.01270926
1356424402418,-0.25962266,0.063922554,-0.9635922,-0.9283178,0.25844952,0.2672636,0.26612413,0.96390754,-0.0077589154
1356424402458,-0.2609893,0.07448116,-0.96246403,-0.92214537,0.27567327,0.2713894,0.28553897,0.9583615,-0.0032652617
1356424402498,-0.27474543,0.08800158,-0.9574814,-0.91194105,0.29177752,0.2884949,0.3047596,0.9524293,8.773804E-5
1356424402566,-0.3017195,0.104622275,-0.947639,-0.89690244,0.30592138,0.31934014,0.32331315,0.94629085,0.0015335083
1356424402580,-0.34054863,0.122948825,-0.9321536,-0.8759771,0.31870836,0.36206225,0.34160033,0.93984497,-8.353591E-4
1356424402619,-0.38722897,0.13855991,-0.91151243,-0.8493031,0.33113503,0.41113737,0.35880083,0.9333546,-0.010545731
1356424402659,-0.43230677,0.14065659,-0.8906888,-0.82123226,0.3465258,0.45331824,0.37240887,0.9274349,-0.03429365
1356424402699,-0.46630138,0.115403146,-0.8770662,-0.7998563,0.36851078,0.47374007,0.37787944,0.92243254,-0.07953119
1356424402739,-0.47865772,0.05049789,-0.8765483,-0.7957672,0.39690036,0.45741093,0.37100065,0.9164716,-0.14979488
1356424402779,-0.46296066,-0.05101958,-0.8849093,-0.8132392,0.42156,0.4011597,0.3525754,0.9053641,-0.23665679
1356424402809,-0.4290268,-0.15459299,-0.8899646,-0.83994585,0.43073133,0.3300932,0.33230555,0.8891409,-0.31464505
1356424402839,-0.39020023,-0.24020362,-0.8888454,-0.865,0.42639622,0.2645019,0.315466,0.87205994,-0.37415606
1356424402869,-0.3577181,-0.29613394,-0.8856311,-0.88268036,0.41679335,0.21716052,0.30481657,0.8594114,-0.4104861
1356424402909,-0.34768236,-0.30616435,-0.8862169,-0.8873805,0.41266894,0.20557272,0.30277514,0.8578856,-0.41516197
1356424402949,-0.3494728,-0.2839092,-0.89289665,-0.8854432,0.4116834,0.215655,0.30636433,0.8659748,-0.3952576
1356424402989,-0.35804674,-0.24077597,-0.90212494,-0.8797871,0.41056797,0.23960096,0.31269342,0.87946624,-0.3588341
1356424403029,-0.3685934,-0.18677762,-0.9106333,-0.87313485,0.4057476,0.27019346,0.3190212,0.8946972,-0.31263793
1356424403069,-0.3777626,-0.12998462,-0.916733,-0.86776525,0.39501426,0.30157468,0.32292256,0.90943265,-0.26201773
1356424403109,-0.38325867,-0.0767864,-0.9204437,-0.86529255,0.37842944,0.32872474,0.32308143,0.9224397,-0.21147907
1356424403149,-0.3840636,-0.030870408,-0.92279047,-0.86631954,0.3577335,0.34859315,0.31935185,0.93331337,-0.16413605
1356424403189,-0.37937912,0.00579378,-0.9252231,-0.87095225,0.33526024,0.3592252,0.3122718,0.94210774,-0.12214464
1356424403229,-0.36849588,0.032483667,-0.92906165,-0.8790028,0.31312883,0.35958913,0.30259678,0.949155,-0.08683342
1356424403269,-0.35059777,0.049133092,-0.93523645,-0.89013267,0.29292986,0.34907866,0.29110995,0.9548707,-0.058965564
1356424403309,-0.32495552,0.055988133,-0.9440706,-0.90383166,0.27544707,0.3274404,0.27837422,0.9596845,-0.03890419
1356424403350,-0.29136723,0.053797156,-0.9550974,-0.9193429,0.26022047,0.295117,0.26441234,0.96404934,-0.026361704
1356424403389,-0.2511276,0.04490146,-0.966912,-0.9353125,0.24596798,0.25434282,0.24924976,0.9682374,-0.01977241
1356424403429,-0.20764557,0.033776402,-0.97762084,-0.9495697,0.23308018,0.20974031,0.2349483,0.9718708,-0.016325057
1356424403469,-0.16538766,0.024989307,-0.9859121,-0.95992714,0.22525194,0.16673791,0.22624531,0.97398007,-0.013266027
1356424403509,-0.1278354,0.020364016,-0.9915863,-0.9653313,0.2268616,0.12910965,0.22758201,0.9737141,-0.009342909
1356424403567,-0.0971857,0.018963724,-0.9950856,-0.9659903,0.23891845,0.09889728,0.23961976,0.97085446,-0.004900694
1356424403589,-0.075591356,0.019475728,-0.9969487,-0.96293676,0.2581863,0.078056216,0.25891876,0.9658989,-7.6282024E-4
1356424403629,-0.06596148,0.0219526,-0.99758065,-0.9575119,0.2799011,0.06947157,0.28074896,0.95977783,0.002557218
1356424403669,-0.071490884,0.027548641,-0.9970608,-0.9506849,0.30058354,0.07647073,0.30180672,0.9533576,0.004701078
1356424403709,-0.09461689,0.03733647,-0.9948133,-0.942288,0.31901717,0.10159427,0.32115576,0.9470132,0.0049972534
1356424403749,-0.13565058,0.050808847,-0.9894531,-0.9308978,0.33533567,0.14484248,0.33915818,0.9407276,0.0018093586
1356424403789,-0.1911045,0.06411973,-0.9794731,-0.91486824,0.3499302,0.2014072,0.3556614,0.9345788,-0.00821209
1356424403819,-0.2573132,0.0768069,-0.9632708,-0.8929735,0.3620677,0.26740476,0.36930776,0.928982,-0.024578273
1356424403849,-0.3136848,0.076075405,-0.9464747,-0.87096405,0.3739538,0.31871626,0.3781842,0.9243219,-0.051044643
1356424403879,-0.35311452,0.053970158,-0.9340222,-0.8550627,0.38656,0.34559962,0.3797077,0.92068374,-0.09035212
1356424403919,-0.35123616,-0.019619495,-0.9360813,-0.8620579,0.39691508,0.31514212,0.3653619,0.9176456,-0.15632409
1356424403958,-0.31170052,-0.13089144,-0.9411218,-0.88815427,0.39212757,0.23962045,0.33767557,0.9105512,-0.23847818
1356424403998,-0.19345295,-0.2690804,-0.9434891,-0.93203175,0.35074604,0.09107199,0.30641934,0.8969799,-0.3186443
1356424404037,-0.15728684,-0.34586576,-0.92500687,-0.9458809,0.32198387,0.040444434,0.28384897,0.8813077,-0.37779164
1356424404077,-0.1369371,-0.38208267,-0.9139262,-0.95147943,0.3073913,0.014053613,0.2755633,0.87150645,-0.4056371
1356424404117,-0.14571695,-0.3750629,-0.9154749,-0.9491576,0.3140008,0.022434622,0.27904543,0.8721992,-0.401749
1356424404157,-0.18258415,-0.33049664,-0.9259779,-0.93978333,0.33541787,0.06559014,0.28891224,0.88219434,-0.37183726
1356424404197,-0.23498324,-0.25994906,-0.9365945,-0.92432606,0.35782787,0.13259113,0.30067274,0.8968755,-0.32436132
1356424404237,-0.28769118,-0.17830387,-0.94097906,-0.90580153,0.36976844,0.20686957,0.3110587,0.91185474,-0.267887
1356424404277,-0.3293225,-0.10006899,-0.9388998,-0.8891892,0.3673689,0.27273178,0.3176306,0.9246763,-0.20996308
1356424404317,-0.35469174,-0.03532353,-0.9343158,-0.87884426,0.3536442,0.3202631,0.31910256,0.9347128,-0.15647858
1356424404358,-0.36372742,0.012021869,-0.93142784,-0.87646544,0.33420375,0.34657788,0.3154532,0.9424242,-0.11102235
1356424404397,-0.35861456,0.04266262,-0.9325104,-0.8813335,0.3137501,0.3532877,0.30764738,0.94854665,-0.07491535
1356424404438,-0.3417685,0.05948159,-0.93789995,-0.8915812,0.29499638,0.34359875,0.29711488,0.9536452,-0.047787786
1356424404477,-0.31455487,0.06542063,-0.94698226,-0.9053777,0.27907336,0.32001454,0.28521302,0.95803875,-0.028553545
1356424404536,-0.27708724,0.06240946,-0.95881575,-0.921326,0.2659861,0.2835662,0.27272886,0.9619545,-0.016201913
1356424404612,-0.22918111,0.05164504,-0.97201276,-0.93813473,0.25457788,0.23471963,0.25957504,0.96567225,-0.009894431
1356424404613,-0.17239937,0.03526628,-0.9843956,-0.9539128,0.24321565,0.1757741,0.2456193,0.9693309,-0.008289278
1356424404635,-0.11164793,0.017499477,-0.9935937,-0.96609473,0.23231634,0.11264959,0.23279941,0.9724828,-0.009031475
1356424404678,-0.05345869,0.0024808347,-0.998567,-0.9727831,0.22565955,0.052638948,0.22546676,0.97420305,-0.009650171
1356424404718,-0.0016476214,-0.008700132,-0.9999608,-0.9737652,0.22755483,-3.7536025E-4,0.22754917,0.9737264,-0.008846819
1356424404757,0.041088164,-0.017324865,-0.9990053,-0.9699668,0.23921674,-0.04404235,0.2397418,0.9708116,-0.0069755316
1356424404798,0.07248449,-0.024703413,-0.9970636,-0.9632311,0.25758088,-0.07640684,0.258712,0.96594095,-0.0051244497
1356424404838,0.08876246,-0.030144036,-0.99559665,-0.9558721,0.2784562,-0.0936518,0.28005314,0.95997584,-0.004097402
1356424404878,0.085630655,-0.03161335,-0.99582523,-0.9498306,0.29918092,-0.09117335,0.3008142,0.9536726,-0.0044083
1356424404918,0.05956632,-0.027200222,-0.99785364,-0.9455032,0.31903088,-0.065137595,0.32011786,0.94735384,-0.0067144036
1356424404958,0.009121209,-0.016537488,-0.99982166,-0.94105256,0.3379633,-0.014175117,0.33813742,0.941014,-0.012479961
1356424404998,-0.063470274,-0.0023662746,-0.99798095,-0.93290746,0.35533473,0.058489114,0.35447893,0.93473613,-0.024760723
1356424405038,-0.14761013,0.0064924657,-0.9890243,-0.91852057,0.3699394,0.13951609,0.36678484,0.92903316,-0.04864335
1356424405078,-0.22088948,-0.006815791,-0.97527504,-0.9023341,0.3809298,0.20170695,0.3701365,0.92457885,-0.09029353
1356424405118,-0.2555816,-0.060723633,-0.96487856,-0.89755416,0.38578126,0.21346962,0.35926947,0.9205897,-0.15310138
1356424405158,-0.23700303,-0.15652123,-0.95881736,-0.91216314,0.37550795,0.16417146,0.33434722,0.913507,-0.23176938
1356424405198,-0.17928794,-0.266604,-0.9469837,-0.9356095,0.3437707,0.08035287,0.3041229,0.9004133,-0.31107116
1356424405238,-0.12061787,-0.3528578,-0.92787,-0.95222545,0.30529934,0.0076822937,0.28056735,0.8844681,-0.37282473
1356424405278,-0.09624486,-0.39494595,-0.913649,-0.9581429,0.2854091,-0.022442728,0.2696274,0.87324643,-0.40588385
1356424405318,-0.12435968,-0.38900566,-0.912803,-0.9548558,0.29704916,0.0034966469,0.26978713,0.8720301,-0.40838522
1356424405357,-0.20511992,-0.33677715,-0.9189706,-0.9387209,0.33343,0.0873355,0.27699974,0.8805711,-0.38453293
1356424405398,-0.32143682,-0.24506983,-0.91466886,-0.90204835,0.37310082,0.21703574,0.2880748,0.8948388,-0.34099317
1356424405438,-0.4429093,-0.13207036,-0.8867856,-0.844785,0.3927467,0.36343956,0.3002825,0.91011393,-0.28552216
1356424405478,-0.5427828,-0.022421539,-0.83957374,-0.78027016,0.38332587,0.49420613,0.31074944,0.923341,-0.2255575
1356424405518,-0.6101607,0.06534526,-0.7895784,-0.7261009,0.3526129,0.5902895,0.31698817,0.9334849,-0.16770333
1356424405576,-0.6476188,0.12511796,-0.75162184,-0.6925326,0.31474966,0.6491003,0.3177868,0.9408922,-0.11718947
1356424405599,-0.6624765,0.15999344,-0.731797,-0.68044245,0.2799927,0.6772016,0.31324562,0.946576,-0.07662219
1356424405639,-0.66043407,0.1757927,-0.7300163,-0.6864086,0.25280488,0.6818599,0.30441767,0.951413,-0.046295345
1356424405679,-0.64486074,0.17820373,-0.74323493,-0.7059008,0.23394579,0.66856074,0.29301673,0.9557787,-0.025068343
1356424405719,-0.61718744,0.17123163,-0.76795787,-0.7350646,0.22264934,0.6403961,0.28064138,0.95974314,-0.011550009
1356424405759,-0.57721883,0.15684313,-0.8013854,-0.7713883,0.21725142,0.598132,0.267915,0.96343243,-0.004414618
1356424405800,-0.5251406,0.13656685,-0.83998626,-0.8119755,0.21512115,0.54260373,0.2548005,0.9669914,-0.002079904
1356424405839,-0.4648481,0.11405182,-0.87801385,-0.85143936,0.21439666,0.47862834,0.24283168,0.97006506,-0.0025537014
1356424405879,-0.4046256,0.09454769,-0.90958166,-0.8835588,0.21605027,0.41550702,0.2358006,0.9717937,-0.0038810372
1356424405919,-0.35306352,0.08133364,-0.9320574,-0.9050499,0.22280294,0.36227542,0.23713028,0.9714647,-0.0050525665
1356424405959,-0.31591153,0.074382186,-0.9458686,-0.9160367,0.23576313,0.32448816,0.2471371,0.9689598,-0.0063435435
