1356425020447,-0.011664391,0.088585585,-0.99600023,-0.9721459,0.23217666,0.032035112,0.23408586,0.96863127,0.083409905
1356425020488,0.57225907,-0.20660663,0.79362035,0.7859561,-0.13805369,-0.6026726,0.23407838,0.96863556,0.08338127
1356425020528,0.57261777,-0.20644927,0.79340255,0.7857076,-0.13807365,-0.60299194,0.23403522,0.9686663,0.08314533
1356425020569,0.57377124,-0.20589876,0.792712,0.78489906,-0.1382061,-0.60401374,0.23392329,0.9687646,0.082311064
1356425020607,0.57594925,-0.20478433,0.7914201,0.7833523,-0.13857293,-0.60593444,0.23375535,0.9689483,0.08060735
1356425020648,0.57872045,-0.20327076,0.78978705,0.78135335,-0.13919973,-0.608367,0.23360136,0.9691772,0.07826855
1356425020689,0.5813242,-0.20174935,0.78826356,0.77943885,-0.13997349,-0.61064124,0.23353243,0.9693837,0.07588127
1356425020728,0.5831777,-0.20058537,0.7871908,0.7780414,-0.1407054,-0.61225295,0.23357093,0.96951926,0.07400745
1356425020768,0.58392644,-0.20003441,0.7867758,0.777442,-0.14120314,-0.61289936,0.23369619,0.9695607,0.07306293
1356425020809,0.5832513,-0.20026281,0.7872184,0.7778925,-0.14133668,-0.6122968,0.23388308,0.9694941,0.07334811
1356425020847,0.58077073,-0.20137829,0.78876615,0.77967024,-0.1410768,-0.61009145,0.23413584,0.96930075,0.07507542
1356425020888,0.57630336,-0.20338926,0.79152215,0.78288007,-0.14047405,-0.60610723,0.23446402,0.9689685,0.078273706
1356425020928,0.57020324,-0.20613417,0.7952213,0.78722787,-0.13958943,-0.60065544,0.23482013,0.9685161,0.08268026
1356425020968,0.5634825,-0.20925361,0.7991873,0.7919683,-0.13847896,-0.594651,0.23510349,0.9680065,0.08769176
1356425021007,0.55548644,-0.21211469,0.80401623,0.79755557,-0.13763678,-0.587334,0.23524436,0.9675037,0.09271788
1356425021048,0.55164135,-0.21537581,0.8057947,0.8002236,-0.13579872,-0.5841242,0.23523208,0.9670429,0.09743658
1356425021088,0.547575,-0.21845004,0.8077383,0.8030561,-0.13400194,-0.5806412,0.23507962,0.9666038,0.102051556
1356425021127,0.5427965,-0.22163114,0.8100936,0.806373,-0.13214132,-0.5764557,0.23480743,0.96613574,0.10699152
1356425021168,0.5365293,-0.22515649,0.8132901,0.8106758,-0.13017026,-0.5708418,0.23439494,0.965588,0.11268881
1356425021208,0.52857494,-0.22897053,0.8174234,0.81607413,-0.1280747,-0.5635778,0.23373395,0.9649712,0.119159855
1356425021247,0.51972175,-0.23261186,0.82205904,0.82204854,-0.1258694,-0.55533147,0.23264876,0.9643903,0.1258012
1356425021288,0.5118513,-0.23528814,0.82622504,0.8274199,-0.12364653,-0.5478029,0.23105133,0.9640286,0.1313934
1356425021328,0.5072063,-0.23619583,0.8288265,0.8308257,-0.12160578,-0.5430845,0.2290644,0.96406615,0.13455835
1356425021395,0.5071807,-0.23489594,0.8292115,0.83143175,-0.11996424,-0.5425218,0.2269119,0.9645893,0.1344564
1356425021409,0.5111475,-0.23150957,0.82772684,0.8295679,-0.1190218,-0.54557395,0.22482315,0.9655243,0.13121518
1356425021449,0.5171601,-0.22639206,0.82540417,0.8263141,-0.11925435,-0.55043924,0.22304821,0.9667083,0.12539738
1356425021489,0.52164316,-0.22004911,0.8242978,0.823761,-0.12155488,-0.5537529,0.22205019,0.96788573,0.11785957
1356425021529,0.5206466,-0.2129226,0.8267957,0.8242792,-0.12697586,-0.55176157,0.22246566,0.9687832,0.10939818
1356425021559,0.51018405,-0.20530549,0.83520174,0.83038986,-0.13530484,-0.5405048,0.22397542,0.9692999,0.101453215
1356425021590,0.49437362,-0.197665,0.84647703,0.8391491,-0.14551675,-0.5240742,0.22676766,0.96940887,0.09393075
1356425021629,0.4727956,-0.18935233,0.860587,0.85013264,-0.15891266,-0.50201714,0.23181629,0.9689646,0.0858414
1356425021670,0.43941805,-0.17824835,0.88041997,0.86617666,-0.17561647,-0.46786427,0.23801228,0.9681872,0.07722551
1356425021699,0.39733586,-0.16445073,0.90281796,0.8847028,-0.1926963,-0.42446345,0.2437729,0.9673801,0.068924814
1356425021729,0.35640538,-0.14969358,0.92226183,0.9005685,-0.20791489,-0.38176897,0.24890041,0.9666246,0.06070742
1356425021759,0.31687862,-0.13428572,0.9389118,0.9140016,-0.22119659,-0.34010768,0.25335565,0.96593964,0.052644864
1356425021789,0.2784665,-0.118671715,0.95308626,0.92534846,-0.2326602,-0.2993315,0.25726748,0.9652907,0.045024693
1356425021819,0.24076879,-0.103349656,0.9650644,0.93486845,-0.24255115,-0.2592104,0.26086673,0.964618,0.038219497
1356425021859,0.20375746,-0.08876383,0.9749892,0.94250894,-0.25165343,-0.21988031,0.26487687,0.9637382,0.032384485
1356425021888,0.16341418,-0.07418403,0.9837644,0.9492297,-0.25987804,-0.17727455,0.26880977,0.9627876,0.027949959
1356425021919,0.12586844,-0.061309725,0.9901507,0.9538251,-0.2668994,-0.137777,0.27271762,0.9617723,0.024884492
1356425021959,0.09079528,-0.050244898,0.99460125,0.9565743,-0.27338105,-0.10113442,0.27698672,0.9605926,0.023241341
1356425021999,0.05865103,-0.040175617,0.9974698,0.9578946,-0.27905738,-0.0675638,0.2810657,0.9594337,0.022116989
1356425022039,0.03235978,-0.030859739,0.9989997,0.95817304,-0.28340966,-0.03979203,0.28435418,0.9585023,0.020397902
1356425022069,0.011104763,-0.02205044,0.9996951,0.9580009,-0.28626335,-0.016955763,0.28655,0.9578972,0.017945498
1356425022099,-0.0038944483,-0.013831526,0.99989676,0.9577794,-0.28750402,-2.4667382E-4,0.2874777,0.9576796,0.014367163
1356425022139,-0.011049509,-0.005446017,0.9999242,0.9579709,-0.28672355,0.009024262,0.2866526,0.9579979,0.008385241
1356425022169,-0.019989192,0.0037657619,0.99979305,0.9581736,-0.28547156,0.02023235,0.2854887,0.95837975,0.002098143
1356425022199,-0.028698504,0.012773573,0.9995066,0.95814687,-0.28457773,0.031147808,0.28483513,0.958568,-0.0040720403
1356425022239,-0.038246572,0.021806896,0.99903035,0.95731956,-0.2858317,0.04288891,0.28648984,0.95803165,-0.0099440515
1356425022279,-0.05633974,0.031690896,0.9979086,0.95524675,-0.2890001,0.06310898,0.2903956,0.95680445,-0.013990492
1356425022309,-0.080236435,0.041465074,0.99591297,0.9523977,-0.29161662,0.088872135,0.29410988,0.9556361,-0.016092956
1356425022339,-0.10477024,0.049559444,0.9932608,0.9493158,-0.29263473,0.11473608,0.29634887,0.9549391,-0.016388118
1356425022400,-0.12855679,0.055745095,0.9901341,0.94645536,-0.29124296,0.13928282,0.296134,0.9550235,-0.01531893
1356425022405,-0.1500625,0.059550077,0.9868814,0.94424605,-0.2872398,0.16091207,0.29305395,0.9560058,-0.013125986
1356425022458,-0.17103082,0.059733182,0.98345333,0.9430108,-0.27925706,0.18095908,0.2854455,0.9583566,-0.008567512
1356425022479,-0.1835013,0.053949475,0.9815378,0.9436408,-0.27011168,0.19126284,0.2754434,0.9613162,-0.0013430417
1356425022515,-0.18149251,0.041258693,0.9825264,0.94688517,-0.26237357,0.1859265,0.26545998,0.96408397,0.008551538
1356425022545,-0.15512115,0.021786183,0.9876552,0.95382965,-0.25697488,0.15547699,0.2571898,0.9661725,0.01908192
1356425022588,-0.12173283,-0.0020093322,0.99256086,0.96046764,-0.25247985,0.11728561,0.25036594,0.9676001,0.032664955
1356425022628,-0.056178987,-0.03606993,0.99776894,0.96809024,-0.2464183,0.04559976,0.24422377,0.9684921,0.04876244
1356425022668,0.03493774,-0.078805536,0.9962776,0.9705641,-0.23502272,-0.052626252,0.23829511,0.96878994,0.06827468
1356425022708,0.1400559,-0.12877664,0.9817337,0.9621711,-0.21631104,-0.16563919,0.23369026,0.96779454,0.09360951
1356425022748,0.23173833,-0.18388346,0.95524037,0.94436693,-0.19306469,-0.26626536,0.23338494,0.96380126,0.12891294
1356425022789,0.27336156,-0.24362004,0.93054974,0.9311565,-0.17564642,-0.3195245,0.24129024,0.9538331,0.17883338
1356425022828,0.2380771,-0.30778587,0.9211879,0.9359653,-0.18060839,-0.30224085,0.25939974,0.93415654,0.24507815
1356425022868,0.13786668,-0.36845937,0.9193642,0.94912124,-0.21619391,-0.22897446,0.2831287,0.90415597,0.31990656
1356425022908,0.019395351,-0.41395846,0.9100891,0.9525275,-0.26896948,-0.14264184,0.30383402,0.8696515,0.38909012
1356425022948,-0.062489986,-0.44190526,0.89488256,0.946946,-0.3094778,-0.0866988,0.31525898,0.8419876,0.4377997
1356425022988,-0.082324564,-0.4579925,0.8851358,0.9445333,-0.31918716,-0.07730681,0.31792992,0.82967603,0.45886618
1356425023028,-0.042348623,-0.464742,0.88443285,0.9479391,-0.29833925,-0.11137855,0.31562334,0.8336717,0.4531814
1356425023068,0.04480672,-0.4594856,0.8870543,0.94952255,-0.2563805,-0.1807647,0.31048217,0.85037756,0.4248044
1356425023108,0.15633583,-0.4389378,0.88481236,0.9399942,-0.20893592,-0.2697348,0.30326584,0.8738876,0.37993473
1356425023148,0.26761627,-0.4046139,0.87445354,0.9172779,-0.17081028,-0.35975686,0.29492834,0.89839375,0.32543188
1356425023188,0.3610162,-0.36269635,0.85913837,0.88730365,-0.14991438,-0.43613976,0.28698352,0.91977006,0.26770025
1356425023227,0.42812684,-0.32039067,0.84501904,0.85892594,-0.14646873,-0.49070668,0.28098673,0.93589354,0.21248472
1356425023267,0.46918714,-0.28243646,0.8367157,0.83827245,-0.15559155,-0.5225806,0.27778172,0.94658387,0.16375715
1356425023307,0.4888414,-0.25030732,0.8356915,0.8271606,-0.17140007,-0.53518915,0.27719933,0.9528737,0.1232569
1356425023349,0.49231458,-0.22333592,0.84127724,0.82469136,-0.18946183,-0.53290546,0.2784069,0.95615125,0.09090844
1356425023390,0.48386496,-0.2000171,0.8519788,0.8290303,-0.20708138,-0.51944786,0.28032735,0.9576588,0.0656208
1356425023415,0.46656144,-0.17857277,0.86627495,0.8384049,-0.22272664,-0.49746373,0.28177598,0.95838654,0.045800626
1356425023445,0.44649267,-0.15974364,0.8804126,0.8490039,-0.2350722,-0.47321597,0.2825538,0.9587612,0.030664966
1356425023488,0.4214713,-0.14326173,0.8954541,0.86149806,-0.24508,-0.44469875,0.2831661,0.95885974,0.020125464
1356425023527,0.38541797,-0.12701261,0.9139589,0.8778558,-0.2546917,-0.4055876,0.2842925,0.9586448,0.013336033
1356425023568,0.34356257,-0.11056697,0.9325984,0.8950677,-0.26205608,-0.3608054,0.2842862,0.9586979,0.008932188
1356425023608,0.30158025,-0.093818635,0.9488137,0.9113531,-0.26404035,-0.31578168,0.28015137,0.9599378,0.0058725625
1356425023647,0.26223606,-0.07819265,0.9618306,0.9262976,-0.259058,-0.27360854,0.27056408,0.9626914,0.0044953376
1356425023688,0.22730458,-0.06616214,0.9715736,0.93935466,-0.24819541,-0.23666838,0.25679854,0.96644795,0.0057337284
1356425023728,0.19997114,-0.059511364,0.9779928,0.9496941,-0.23376602,-0.2084097,0.24102423,0.97046995,0.009771109
1356425023767,0.18455905,-0.05869198,0.9810674,0.9567363,-0.2177242,-0.19300711,0.22493008,0.974244,0.015969813
1356425023808,0.18457228,-0.06328118,0.9807796,0.9602901,-0.20083153,-0.19367433,0.20922738,0.97757983,0.023700327
1356425023847,0.2008763,-0.0728142,0.9769068,0.96020496,-0.18290389,-0.21107477,0.19404924,0.98043066,0.0331755
1356425023888,0.23055512,-0.08775866,0.96909374,0.9562725,-0.16375852,-0.24233437,0.17996436,0.9825891,0.046165913
1356425023927,0.26453498,-0.11061612,0.95801115,0.9494568,-0.14418861,-0.2788215,0.16897646,0.98334825,0.06688234
1356425023968,0.28605777,-0.14680704,0.9468995,0.94386613,-0.12718773,-0.30486062,0.16518968,0.9809542,0.10218318
1356425024008,0.27291512,-0.20263931,0.9404545,0.94625366,-0.1198135,-0.30041423,0.17355487,0.9718962,0.15904924
1356425024047,0.20986229,-0.2769551,0.93768525,0.95810676,-0.13292944,-0.2536949,0.19490814,0.9516436,0.2374557
1356425024087,0.109294176,-0.35273996,0.92931664,0.96901286,-0.17053694,-0.17869335,0.22151509,0.92004985,0.32317084
1356425024127,0.0106137395,-0.4084468,0.9127203,0.9700477,-0.21732032,-0.10853228,0.24268231,0.88653433,0.3939063
1356425024168,-0.050975144,-0.43668094,0.89817107,0.965755,-0.25064284,-0.06704894,0.25439915,0.8639953,0.43450332
1356425024207,-0.0626291,-0.4419299,0.8948606,0.9638388,-0.25948298,-0.060689837,0.25902176,0.8587005,0.44220042
1356425024248,-0.026991129,-0.42975262,0.9025432,0.9654548,-0.24528879,-0.08792359,0.2591691,0.86899143,0.42152733
1356425024288,0.044423223,-0.40379888,0.91376853,0.9656474,-0.21705908,-0.1428648,0.2560304,0.8887248,0.38028494
1356425024327,0.13783854,-0.36680058,0.9200314,0.958202,-0.18573272,-0.21760562,0.25069788,0.9115704,0.32586795
1356425024393,0.23673719,-0.32293317,0.9163349,0.9402659,-0.16134387,-0.29978034,0.244654,0.9325676,0.2654469
1356425024409,0.32553464,-0.27790636,0.9037672,0.91481096,-0.14908981,-0.37535727,0.2390567,0.94896793,0.20569792
1356425024449,0.39502874,-0.2364986,0.8877053,0.88823545,-0.14833125,-0.43478248,0.23449981,0.96024287,0.15147126
1356425024489,0.44175494,-0.20132804,0.87425375,0.8668151,-0.15542364,-0.47378805,0.2312665,0.96711457,0.10585499
1356425024529,0.46581984,-0.17300731,0.867802,0.854582,-0.16647065,-0.4919116,0.22956792,0.97075015,0.07030366
1356425024569,0.46825397,-0.15096611,0.8706018,0.85327536,-0.17863101,-0.48991036,0.22947633,0.9722655,0.045170978
1356425024609,0.45062095,-0.13406041,0.88259196,0.86233175,-0.19037235,-0.4691932,0.23092136,0.97251534,0.029818803
1356425024649,0.41561463,-0.12070912,0.9014953,0.8789382,-0.20163903,-0.43221435,0.23394889,0.9719932,0.02229178
1356425024689,0.3689802,-0.10856539,0.92307484,0.8984774,-0.21253553,-0.38414478,0.23789093,0.97110367,0.019122079
1356425024729,0.3194746,-0.095259786,0.94279456,0.91675293,-0.22070017,-0.3329497,0.23979166,0.9706786,0.016821593
1356425024769,0.274387,-0.08019596,0.9582694,0.93240625,-0.22157204,-0.28552437,0.23522371,0.9718406,0.013978824
1356425024809,0.23698217,-0.06524426,0.96932065,0.9458963,-0.21211725,-0.24553275,0.22162926,0.9750638,0.011446357
1356425024849,0.20902666,-0.053084552,0.976468,0.957215,-0.19323012,-0.21540996,0.200118,0.9797163,0.010423094
1356425024889,0.19390363,-0.045254737,0.9799762,0.9654839,-0.16827548,-0.19880694,0.17390296,0.9847006,0.011063516
1356425024929,0.19648397,-0.041727155,0.9796188,0.96955824,-0.14062095,-0.20045587,0.14611939,0.9891838,0.012827158
1356425024969,0.2208561,-0.04167807,0.9744154,0.9680475,-0.112298995,-0.22421601,0.11877084,0.9928,0.015544474
1356425025009,0.2670821,-0.044799924,0.96263194,0.95917594,-0.08404142,-0.2700345,0.092998415,0.9954547,0.020525038
1356425025049,0.32767835,-0.053063363,0.94329804,0.9421698,-0.055943817,-0.33043343,0.070305645,0.9970228,0.03166318
1356425025089,0.3844998,-0.07247469,0.9202757,0.92156804,-0.027741611,-0.3872245,0.053593844,0.9969844,0.056123674
1356425025129,0.41158143,-0.1131435,0.9043225,0.9101538,-2.7951598E-4,-0.41427034,0.047124773,0.9935786,0.10286297
1356425025168,0.38541532,-0.18349689,0.90431404,0.9211779,0.019454896,-0.388655,0.053723663,0.9828277,0.17653152
1356425025208,0.3014756,-0.27724555,0.91227585,0.95087695,0.016854554,-0.3091097,0.07032335,0.96065116,0.2687077
1356425025247,0.19323695,-0.3663936,0.9101732,0.97719586,-0.011352956,-0.21203658,0.088021964,0.9303907,0.35584444
1356425025288,0.11207086,-0.42512345,0.8981705,0.9886019,-0.0437423,-0.14405876,0.10053083,0.9040778,0.41537553
1356425025328,0.08658779,-0.44796196,0.8898498,0.9903438,-0.058365524,-0.12574843,0.1082671,0.8921455,0.4385826
1356425025394,0.115974724,-0.43985522,0.8905488,0.986725,-0.05159861,-0.15398487,0.11368218,0.8965851,0.42803204
1356425025409,0.18238175,-0.4074423,0.89483386,0.97622097,-0.033418775,-0.21418625,0.11717278,0.9126193,0.39165878
1356425025467,0.26517797,-0.35795894,0.895291,0.95694876,-0.015951753,-0.28981838,0.11802456,0.933601,0.33831835
1356425025488,0.3460554,-0.30030456,0.88885474,0.9309331,-0.0078930855,-0.3651043,0.11665836,0.9538106,0.2768321
1356425025530,0.41427124,-0.24247336,0.87726045,0.90289867,-0.011969268,-0.4296867,0.11468783,0.9700842,0.2139704
1356425025565,0.46009028,-0.19296795,0.8666489,0.88058656,-0.025613248,-0.4731926,0.11350867,0.9808707,0.15814058
1356425025608,0.48680437,-0.1535052,0.85991716,0.8661114,-0.043041527,-0.4979943,0.113456935,0.9872099,0.11199984
1356425025648,0.4941362,-0.12443218,0.8604336,0.86187243,-0.05971074,-0.5035975,0.11404094,0.99042976,0.07773946
1356425025688,0.48354706,-0.10511741,0.8689836,0.86771,-0.0730454,-0.4916743,0.1151588,0.9917735,0.055890545
1356425025728,0.45568496,-0.09421772,0.8851408,0.8823848,-0.08317214,-0.46311927,0.117253155,0.9920713,0.045236006
1356425025768,0.41316563,-0.08947855,0.9062493,0.9025914,-0.09190971,-0.4205727,0.12092531,0.991739,0.042788625
1356425025808,0.36215293,-0.08730319,0.92802125,0.92361605,-0.10055846,-0.36989388,0.12561327,0.9910934,0.044217065
1356425025848,0.3115646,-0.08381885,0.9465209,0.9415075,-0.10738668,-0.31942388,0.12841752,0.9906777,0.045458198
1356425025888,0.26876143,-0.077420205,0.9600903,0.9549619,-0.10872117,-0.27609292,0.12575737,0.99105287,0.04471335
1356425025928,0.23755932,-0.06940207,0.96889055,0.9643663,-0.10273576,-0.24380907,0.11646059,0.99228454,0.042523175
1356425025968,0.22065198,-0.061795533,0.973393,0.96997947,-0.0907073,-0.22563669,0.102237165,0.9939585,0.039925665
1356425026008,0.22148961,-0.055474877,0.9735835,0.9713931,-0.07514882,-0.22527331,0.08566064,0.99562806,0.037243217
1356425026048,0.24333438,-0.050132215,0.96864605,0.96752137,-0.057972044,-0.24605218,0.06848952,0.99705875,0.034397393
1356425026088,0.28715584,-0.045224726,0.9568156,0.95650417,-0.04005471,-0.28895557,0.051392913,0.9981735,0.031755686
1356425026128,0.3491519,-0.041205674,0.93615973,0.93643093,-0.02143526,-0.35019654,0.034496993,0.99892074,0.03110212
1356425026168,0.41891307,-0.041288644,0.9070871,0.90783656,-0.0013767481,-0.41932184,0.018562108,0.9991463,0.03690663
1356425026208,0.47927922,-0.053100675,0.87605464,0.8776406,0.021947742,-0.47881654,0.006198019,0.998348,0.05712238
1356425026247,0.51146233,-0.08778745,0.85480976,0.8593035,0.049985975,-0.50901765,0.0019568503,0.9948843,0.10100199
1356425026287,0.5017587,-0.15371117,0.85124093,0.86495733,0.07854447,-0.49566075,0.009328306,0.98498917,0.17236398
1356425026328,0.4497708,-0.24470744,0.85896707,0.89276886,0.095308304,-0.44031808,0.025882393,0.9649013,0.26133406
1356425026395,0.3771084,-0.3348153,0.86353225,0.9251487,0.09242153,-0.36818218,0.043464065,0.9377403,0.34460694
1356425026409,0.31770605,-0.39651105,0.8613024,0.9465207,0.07875949,-0.31288245,0.056225628,0.9146453,0.4003283
1356425026449,0.29264772,-0.41946888,0.85930395,0.9540336,0.06734353,-0.29203546,0.06463125,0.9052683,0.41989535
1356425026489,0.30147892,-0.4076381,0.8619406,0.9508519,0.061553776,-0.30346656,0.07064876,0.91106665,0.40616056
1356425026530,0.33200634,-0.37044463,0.86749214,0.9403659,0.057785273,-0.33522058,0.07405239,0.92705536,0.36753857
1356425026569,0.37113014,-0.31818843,0.8723638,0.92561495,0.05173853,-0.37491354,0.07415831,0.9466146,0.31372166
1356425026609,0.408763,-0.26093507,0.8745432,0.90979874,0.040942967,-0.41302553,0.07196641,0.9644878,0.2541343
1356425026649,0.43930185,-0.20671889,0.8742318,0.8956634,0.025727332,-0.44398782,0.069289,0.97806203,0.19645257
1356425026689,0.46079916,-0.16040415,0.8728887,0.8849574,0.008583009,-0.46559307,0.067190975,0.9870142,0.14590585
1356425026729,0.47348136,-0.12381685,0.8720578,0.87835085,-0.0074659586,-0.47795814,0.06569001,0.99227697,0.10521965
1356425026769,0.47821036,-0.09696549,0.87287605,0.8758833,-0.020187467,-0.4821005,0.06436828,0.995083,0.07527661
1356425026809,0.47568184,-0.079178244,0.87604654,0.87735415,-0.02869016,-0.4789849,0.06305912,0.9964475,0.05581999
1356425026849,0.46642917,-0.06948155,0.8818254,0.88236266,-0.03365302,-0.46936497,0.062288344,0.99701536,0.045611218
1356425026889,0.451456,-0.06626451,0.88982946,0.8900597,-0.037075102,-0.4543338,0.0630967,0.9971131,0.04224159
1356425026929,0.4331009,-0.06632894,0.8989016,0.89896977,-0.04057184,-0.43612742,0.06539807,0.99697256,0.04205607
1356425026969,0.41498178,-0.06530976,0.9074826,0.9073993,-0.043147027,-0.41804886,0.06645784,0.9969318,0.041356802
1356425027009,0.4001633,-0.060302466,0.91445774,0.914304,-0.041879356,-0.4028576,0.06259024,0.99730116,0.038376242
1356425027049,0.3899436,-0.051718324,0.9193852,0.9193404,-0.035066903,-0.3918972,0.052508295,0.9980458,0.033872664
1356425027089,0.38480833,-0.04198134,0.92204124,0.9222086,-0.023778588,-0.3859608,0.038128078,0.9988353,0.029565394
1356425027129,0.38580316,-0.033105463,0.921987,0.9223075,-0.010499299,-0.38631436,0.022469282,0.9993968,0.026482701
1356425027169,0.39435133,-0.025755197,0.9185988,0.9189298,0.0029740036,-0.39441004,0.0074261725,0.99966395,0.024839967
1356425027209,0.410942,-0.019899309,0.9114443,0.91163665,0.016345829,-0.41067177,-0.0067261755,0.9996683,0.024858177
1356425027249,0.4337497,-0.01619026,0.9008879,0.90080214,0.03044203,-0.43316138,-0.020411849,0.9994054,0.02778843
1356425027278,0.45935327,-0.015173435,0.88812405,0.8876461,0.044816136,-0.4583404,-0.032847703,0.99888,0.034055054
1356425027317,0.47628525,-0.026458472,0.8788926,0.8782685,0.062499613,-0.4740655,-0.042387366,0.99769413,0.053005308
1356425027358,0.4785094,-0.06110823,0.8759535,0.8770004,0.08276847,-0.4733072,-0.043578327,0.99469346,0.093197435
1356425027397,0.45396703,-0.13090318,0.8813503,0.89050394,0.10026646,-0.44378978,-0.030276388,0.98631185,0.16208747
1356425027438,0.39826098,-0.22864059,0.8883196,0.91725945,0.104379445,-0.38436982,-0.0048398376,0.96789896,0.25129294
1356425027477,0.32196936,-0.32738996,0.888342,0.94649637,0.08958551,-0.31003085,0.021918356,0.94063294,0.3387171
1356425027517,0.24750721,-0.3975204,0.88358235,0.96808183,0.06431568,-0.24224174,0.03946778,0.9153366,0.40075088
1356425027557,0.19211149,-0.427484,0.8833745,0.9802922,0.0413571,-0.19317502,0.046045423,0.90307635,0.42700452
1356425027597,0.16056144,-0.42132497,0.8925835,0.9859928,0.027102828,-0.16457093,0.045146376,0.90650463,0.41977513
1356425027637,0.1500637,-0.3883364,0.9092171,0.98786867,0.02173078,-0.15376344,0.039953977,0.9212614,0.38688642
1356425027677,0.15559179,-0.33826393,0.9280995,0.9872698,0.021855533,-0.15754569,0.03300795,0.94079745,0.33735833
1356425027718,0.17221981,-0.28010407,0.94439507,0.984689,0.022691965,-0.17283747,0.026982278,0.9597014,0.27972332
1356425027758,0.19528723,-0.22173396,0.95535177,0.9804572,0.020492435,-0.19566289,0.023807585,0.9748919,0.2214025
1356425027797,0.2205998,-0.16898951,0.9606135,0.975072,0.014097244,-0.22144017,0.023879051,0.985517,0.16788682
1356425027837,0.24425882,-0.12556154,0.96154666,0.9693484,0.0045360923,-0.2456483,0.026482314,0.99207544,0.122820854
1356425027877,0.2626754,-0.09325561,0.9603671,0.9643918,-0.006418407,-0.26439944,0.030820817,0.99562144,0.08824903
1356425027918,0.27273303,-0.07252625,0.95935214,0.9614003,-0.01720035,-0.27461556,0.03641805,0.99721813,0.06503564
1356425027958,0.27246335,-0.062458128,0.96013683,0.96121037,-0.026798576,-0.27451125,0.042875707,0.9976878,0.05273375
1356425027997,0.26194736,-0.0604164,0.9631892,0.96380633,-0.034924,-0.2643058,0.04960686,0.99756205,0.049081504
1356425028038,0.24386898,-0.062096238,0.96781814,0.9682369,-0.041195005,-0.24661762,0.05518329,0.9972196,0.050077707
1356425028077,0.2226344,-0.06292865,0.9728689,0.97325695,-0.04360047,-0.2255435,0.056610703,0.9970652,0.051538736
1356425028118,0.2022247,-0.060756564,0.97745275,0.9780315,-0.039029747,-0.2047705,0.050590903,0.99738926,0.05152905
1356425028157,0.18537462,-0.05650288,0.98104215,0.9820023,-0.026087344,-0.18705863,0.036162138,0.9980616,0.05064997
1356425028198,0.17491463,-0.05195412,0.9832119,0.984462,-0.006464869,-0.17547873,0.015473157,0.9986286,0.050016016
1356425028238,0.17448476,-0.04785371,0.9834963,0.98462903,0.016377956,-0.1738888,-0.007786393,0.99872005,0.0499759
1356425028277,0.18763173,-0.04385823,0.9812598,0.98176247,0.039504707,-0.1859622,-0.030608416,0.99825644,0.05047068
1356425028317,0.21623683,-0.039503872,0.9755415,0.974974,0.061591625,-0.21361694,-0.0516465,0.99731934,0.05183366
1356425028357,0.25913605,-0.03559941,0.96518457,0.9632715,0.08236924,-0.25558442,-0.07040289,0.9959659,0.055636734
1356425028397,0.30963394,-0.03666544,0.95014864,0.94697493,0.102080196,-0.30466047,-0.08582085,0.9941002,0.066328764
1356425028450,0.35681272,-0.051310778,0.9327658,0.92932963,0.121072054,-0.34883818,-0.09503275,0.9913167,0.090884656
1356425028486,0.3686614,-0.1105997,0.92296076,0.92538875,0.13766426,-0.35313475,-0.088002115,0.98428464,0.15309924
1356425028525,0.35242456,-0.20058271,0.9140916,0.9334017,0.14580542,-0.32787478,-0.067513496,0.96876585,0.23860967
1356425028568,0.29960233,-0.30864337,0.90276116,0.95332265,0.13414764,-0.27051878,-0.0376094,0.94167066,0.33442765
1356425028607,0.23579097,-0.4004786,0.8854488,0.97175574,0.10622746,-0.21072859,-0.009666711,0.9101278,0.4142148
1356425028648,0.18897069,-0.45462927,0.8704035,0.98193693,0.07892567,-0.17196086,0.009481251,0.887177,0.4613319
1356425028688,0.17104167,-0.4699124,0.86598325,0.98506486,0.063899934,-0.1598874,0.019796818,0.8803971,0.47382382
1356425028728,0.18008775,-0.45421547,0.8725002,0.9833637,0.061715305,-0.17084196,0.02375248,0.8887516,0.4577732
1356425028768,0.20881337,-0.41635147,0.8849002,0.97765946,0.06660998,-0.19936174,0.024061352,0.9067605,0.42095906
1356425028808,0.24963939,-0.36426312,0.8972138,0.9680502,0.07125491,-0.24041978,0.023645163,0.9285662,0.370413
1356425028848,0.29519716,-0.30580956,0.90517354,0.9551136,0.06983015,-0.2878918,0.024831682,0.9495284,0.31269652
1356425028888,0.33917564,-0.24803194,0.907436,0.9402995,0.060443163,-0.33493814,0.028227031,0.96686447,0.2537251
1356425028928,0.3772852,-0.1955516,0.9052156,0.9255129,0.04490462,-0.3760443,0.032887727,0.9796648,0.19792743
1356425028968,0.40670687,-0.15056407,0.90106606,0.9127903,0.026526451,-0.40756628,0.03746271,0.9882443,0.14822188
1356425029008,0.42532146,-0.11377907,0.89786184,0.90411055,0.008409619,-0.42721578,0.041057557,0.99347043,0.106445685
1356425029048,0.43122393,-0.08538914,0.89819515,0.90121406,-0.006809473,-0.43332067,0.043117136,0.9963244,0.07401748
1356425029088,0.42321557,-0.06519732,0.9036802,0.904979,-0.017587364,-0.42509267,0.04360825,0.9977174,0.05155897
1356425029128,0.40152204,-0.052215546,0.9143597,0.91482735,-0.024287403,-0.4031144,0.043256223,0.9983405,0.03801626
1356425029168,0.3690133,-0.043865234,0.9283884,0.9284742,-0.02775073,-0.37035868,0.042009354,0.998652,0.030487329
1356425029207,0.3309216,-0.036691874,0.94294465,0.9429035,-0.027099013,-0.33196166,0.037733138,0.9989592,0.025629222
1356425029248,0.29232058,-0.028949857,0.9558821,0.9559134,-0.020310968,-0.2929453,0.02789563,0.9993745,0.021736234
1356425029287,0.256873,-0.02154547,0.966205,0.96636766,-0.006940365,-0.25707102,0.012244493,0.9997438,0.019038051
1356425029328,0.2283828,-0.01594323,0.9734409,0.9735452,0.011079758,-0.22822583,-0.0071468353,0.99981153,0.018051833
1356425029397,0.21148652,-0.012382865,0.9773024,0.9769183,0.03343767,-0.21097961,-0.030066073,0.999364,0.019168735
1356425029410,0.21590623,-0.009735674,0.97636557,0.97514343,0.053146213,-0.21510601,-0.049795896,0.9985392,0.020968318
1356425029449,0.23143974,-0.008171737,0.97281504,0.97050524,0.07131359,-0.23029125,-0.06749311,0.99742055,0.02443546
1356425029489,0.2648275,-0.008358896,0.9642596,0.96070075,0.08855331,-0.26308244,-0.08318928,0.99603635,0.031481743
1356425029529,0.30985296,-0.014349103,0.9506762,0.94592625,0.10560268,-0.3067109,-0.09599292,0.99430484,0.04629454
1356425029569,0.3516136,-0.034862578,0.93549585,0.93038505,0.12369904,-0.34508288,-0.10368946,0.9917072,0.07592988
1356425029609,0.36942348,-0.08239955,0.92560065,0.9235552,0.14276841,-0.35589743,-0.102820754,0.98632014,0.12884253
1356425029649,0.34304643,-0.16619113,0.92449975,0.93490887,0.15566581,-0.31892583,-0.090910345,0.97372925,0.20877415
1356425029689,0.2670121,-0.27696568,0.92303544,0.96107465,0.14708987,-0.2338801,-0.07099235,0.94955486,0.30545956
1356425029729,0.16803592,-0.38079232,0.9092641,0.98439497,0.113711715,-0.13429889,-0.05225396,0.917642,0.39395767
1356425029769,0.08948815,-0.44733837,0.8898766,0.99511826,0.07748699,-0.06111902,-0.041613042,0.8910018,0.45208868
1356425029809,0.057288647,-0.4703037,0.88064325,0.9976246,0.06076598,-0.03244683,-0.038253337,0.8804101,0.47266766
1356425029849,0.073470175,-0.456042,0.88692033,0.99657613,0.06738734,-0.047904134,-0.037920862,0.88740325,0.45943162
1356425029889,0.1260333,-0.4130769,0.90193295,0.9913049,0.08710319,-0.098629445,-0.037819743,0.9065211,0.42046303
1356425029929,0.19715184,-0.35139495,0.9152337,0.9796819,0.10566145,-0.17046708,-0.036803603,0.9302458,0.36508667
1356425029969,0.2696094,-0.28259906,0.92056966,0.9623648,0.112951875,-0.24717575,-0.034128457,0.9525648,0.30241627
1356425030008,0.33112475,-0.21737298,0.91820776,0.94312656,0.10663894,-0.3148658,-0.029473454,0.97024596,0.24032098
1356425030048,0.3759023,-0.16229743,0.912336,0.92636627,0.09057188,-0.365571,-0.023300707,0.98257625,0.18439308
1356425030088,0.4026222,-0.119525164,0.9075291,0.9152161,0.070522636,-0.39674443,-0.016580433,0.99032336,0.13778532
1356425030128,0.41133794,-0.08873084,0.90715384,0.91142595,0.051175922,-0.4082695,-0.0101983845,0.9947401,0.101922154
1356425030168,0.40188694,-0.0687899,0.91310173,0.9156783,0.035067976,-0.40037903,-0.004478514,0.9970145,0.07708284
1356425030207,0.37415957,-0.05825737,0.9255327,0.9273639,0.022469401,-0.37348554,9.621084E-4,0.99804866,0.062432885
1356425030248,0.3298521,-0.054829538,0.9424391,0.9440088,0.012064636,-0.32969964,0.006707102,0.99842286,0.055739105
1356425030288,0.27465242,-0.054632455,0.95999026,0.9614682,0.0030994415,-0.27489883,0.012042969,0.9985017,0.05337861
1356425030327,0.21739703,-0.053402215,0.9746213,0.9759817,-0.0025083423,-0.2178379,0.014077753,0.99856985,0.05157435
1356425030397,0.16548175,-0.049284786,0.98498064,0.98616683,-0.0013814569,-0.16575015,0.00952965,0.9987838,0.048374385
1356425030410,0.122525245,-0.043585896,0.9915078,0.9924619,0.007999331,-0.122291446,-0.0026011467,0.9990176,0.044237524
1356425030449,0.090494245,-0.03879544,0.9951411,0.9957087,0.022952765,-0.08965108,-0.019363225,0.9989835,0.04070604
1356425030489,0.072506934,-0.035809606,0.99672484,0.9966519,0.040462226,-0.07104793,-0.0377855,0.9985392,0.038623482
1356425030521,0.073354185,-0.03371826,0.9967358,0.99585414,0.05638504,-0.07138181,-0.053794146,0.99783957,0.03771451
1356425030559,0.08538717,-0.032895833,0.99580467,0.99399006,0.0715307,-0.082868606,-0.06850457,0.9968958,0.03880593
1356425030599,0.122531086,-0.032376975,0.9919363,0.9890727,0.0865455,-0.11935246,-0.0819833,0.9957216,0.042627722
1356425030639,0.17959556,-0.033883452,0.9831568,0.97921014,0.10196152,-0.17536062,-0.094302386,0.99421114,0.051490843
1356425030679,0.24398336,-0.04310924,0.9688207,0.96416754,0.11810127,-0.23755634,-0.10417804,0.9920653,0.07037929
1356425030719,0.29334924,-0.071190864,0.9533509,0.9498848,0.13436708,-0.28224885,-0.108005375,0.988371,0.1070396
1356425030759,0.29871422,-0.13185796,0.9451895,0.94897926,0.14589334,-0.27955922,-0.10103473,0.98047364,0.16871092
1356425030799,0.2409552,-0.22767246,0.94345415,0.96703255,0.1388456,-0.21347108,-0.0823929,0.9637879,0.25362223
1356425030839,0.13568348,-0.33420855,0.93268144,0.9889476,0.10248071,-0.10714689,-0.05977249,0.9369111,0.3444196
1356425030879,0.033230007,-0.41571444,0.908888,0.99846345,0.054157376,-0.011734098,-0.04434499,0.9078814,0.4168753
1356425030919,-0.022367656,-0.45744938,0.88895434,0.9989429,0.025491595,0.03825295,-0.040159643,0.88887024,0.45639557
1356425030959,-0.013531923,-0.46233785,0.8866005,0.9989636,0.032285154,0.032082766,-0.04345706,0.8861158,0.46142188
1356425030998,0.05722016,-0.43507943,0.8985721,0.9971498,0.069236875,-0.029973745,-0.049173355,0.8977261,0.43780118
1356425031038,0.17207664,-0.37988347,0.9088884,0.9835895,0.117055595,-0.13729441,-0.054234624,0.91759825,0.3937919
1356425031077,0.30144787,-0.30635685,0.9029256,0.95180064,0.15290952,-0.26588392,-0.056610525,0.9395553,0.3376849
1356425031118,0.4155122,-0.23044053,0.8799129,0.9079423,0.16323704,-0.38599804,-0.054684818,0.95929706,0.27705365
1356425031158,0.49799255,-0.1662299,0.8510999,0.8658437,0.14980432,-0.47736087,-0.048146844,0.9746417,0.21853049
1356425031197,0.548741,-0.11858022,0.8275398,0.8351126,0.12315819,-0.5361148,-0.038345665,0.98527706,0.16660978
1356425031238,0.57430077,-0.08537221,0.81418073,0.8181807,0.093327045,-0.56733626,-0.02755037,0.9919686,0.12344766
1356425031277,0.58032924,-0.06286058,0.81195223,0.81418777,0.06655617,-0.57677436,-0.017784089,0.9958006,0.08980478
1356425031317,0.5692993,-0.048618436,0.8206915,0.8220709,0.04567133,-0.56755054,-0.009888649,0.9977727,0.065968454
1356425031357,0.54101235,-0.04180461,0.839975,0.841008,0.030862108,-0.5401417,-0.003342986,0.998649,0.051854774
1356425031412,0.49481338,-0.042123586,0.86797774,0.86899257,0.02006936,-0.4944179,0.0034068823,0.9989108,0.046535656
1356425031435,0.43543622,-0.04585901,0.8990507,0.9001566,0.010369748,-0.43544284,0.010646015,0.9988941,0.04579565
1356425031465,0.37602925,-0.048268497,0.92534983,0.92645997,0.0017437935,-0.3763895,0.016554028,0.99883294,0.045374513
1356425031507,0.3294382,-0.04607591,0.94305223,0.944008,-0.0028306842,-0.32991037,0.017870367,0.9989339,0.04256347
1356425031548,0.2959234,-0.039694965,0.95438653,0.95513666,-2.2375584E-4,-0.29616532,0.011969864,0.9992118,0.037847936
1356425031587,0.27782294,-0.031850994,0.9601041,0.96063215,0.009760648,-0.27765194,-5.277395E-4,0.99944496,0.033308804
1356425031627,0.27802512,-0.024690479,0.9602564,0.96043277,0.024276406,-0.27745193,-0.016461074,0.9994003,0.03046304
1356425031668,0.3016482,-0.018361986,0.9532425,0.9528507,0.040331602,-0.30074728,-0.03292346,0.9990176,0.029662192
1356425031708,0.35387534,-0.01159066,0.9352208,0.93402314,0.05645883,-0.3527225,-0.048713207,0.9983376,0.03080532
1356425031748,0.4356664,-0.0030822456,0.900103,0.8978336,0.07253459,-0.43431965,-0.06394991,0.9973612,0.034368217
1356425031788,0.5388173,0.006688416,0.84239614,0.8387218,0.08936992,-0.5371767,-0.07887775,0.9959761,0.042544305
1356425031827,0.644027,0.013830006,0.7648778,0.75937265,0.1095224,-0.64137197,-0.09264144,0.99388814,0.06003326
1356425031867,0.72729343,0.009943187,0.6862546,0.67864865,0.13872653,-0.7212426,-0.10237318,0.9902808,0.09414695
1356425031908,0.7732629,-0.016609997,0.633868,0.6256169,0.18281919,-0.75840664,-0.10328612,0.98300624,0.15175878
1356425031948,0.7758889,-0.07683554,0.6261731,0.624122,0.23826775,-0.7441103,-0.09202272,0.9681553,0.23282406
1356425031988,0.73616487,-0.16884023,0.65540385,0.6729583,0.2856686,-0.6822907,-0.07203019,0.9433379,0.32392165
1356425032028,0.67423546,-0.26425797,0.6896189,0.73660904,0.30770192,-0.60226786,-0.05304295,0.91404986,0.40211838
1356425032068,0.6301519,-0.325925,0.70475626,0.7753383,0.31314665,-0.54844296,-0.04194078,0.8920269,0.45003211
1356425032108,0.62693024,-0.33968958,0.70112014,0.7781495,0.31688902,-0.54227734,-0.037971348,0.8855463,0.4629966
1356425032148,0.65403277,-0.31442365,0.68802536,0.7555324,0.31669086,-0.5734786,-0.03757611,0.89489925,0.44468343
1356425032188,0.689862,-0.2663579,0.67315954,0.7228769,0.30383936,-0.6205889,-0.039233565,0.9147322,0.40215126
1356425032228,0.7199732,-0.20962676,0.66158533,0.6926807,0.27585155,-0.6664078,-0.042802423,0.93806314,0.34381014
1356425032268,0.7384827,-0.15411022,0.65642464,0.6726297,0.23628777,-0.70123976,-0.047036856,0.95938414,0.2781536
1356425032307,0.74396706,-0.106161624,0.65972924,0.66637003,0.19121216,-0.7206863,-0.049638957,0.97579074,0.21299851
1356425032347,0.7370174,-0.06877941,0.67236507,0.6740938,0.14695589,-0.7238796,-0.049020022,0.98674893,0.15467282
1356425032397,0.71863616,-0.04245901,0.69408876,0.6939323,0.1082979,-0.71184933,-0.04494393,0.9932114,0.10729048
1356425032429,0.6887686,-0.026759624,0.7244872,0.72398484,0.07776371,-0.68541867,-0.037997216,0.9966126,0.07293479
1356425032469,0.6466623,-0.020814627,0.76249236,0.76223016,0.055458724,-0.644926,-0.028862953,0.998244,0.051728606
1356425032509,0.5912427,-0.023091882,0.8061631,0.8062798,0.03994754,-0.590184,-0.018575788,0.99893486,0.042237207
1356425032549,0.5224329,-0.031215549,0.85210884,0.852639,0.028969318,-0.5216967,-0.008399934,0.9990927,0.041750118
1356425032589,0.44294542,-0.041804045,0.89557344,0.8965484,0.019982874,-0.4424948,6.019473E-4,0.998926,0.04633069
1356425032629,0.3599101,-0.05016613,0.9316373,0.932963,0.012194842,-0.35976568,0.0066868365,0.9986665,0.051192194
1356425032669,0.28255883,-0.05255109,0.95780945,0.9592251,0.008297473,-0.28252125,0.0068994462,0.9985838,0.052752882
1356425032709,0.21648756,-0.049012035,0.97505426,0.97628486,0.011835545,-0.21616572,-9.455383E-4,0.998728,0.05041197
1356425032749,0.16352296,-0.04262039,0.9856184,0.98640776,0.023386478,-0.16264263,-0.016118228,0.99881756,0.045865327
1356425032789,0.12499714,-0.036352158,0.99149096,0.991521,0.04035622,-0.1235213,-0.03552261,0.99852383,0.041088283
1356425032829,0.10318965,-0.031477988,0.9941635,0.99308234,0.059562266,-0.10119152,-0.05602935,0.9977281,0.037406445
1356425032869,0.10024172,-0.028047651,0.9945677,0.99208856,0.07874656,-0.09777117,-0.075576484,0.9965,0.035719454
1356425032909,0.1154843,-0.026288688,0.99296135,0.9888974,0.09715623,-0.11243945,-0.09351653,0.99492186,0.037216812
1356425032949,0.14449102,-0.028468192,0.9890965,0.98345226,0.11453372,-0.14036998,-0.10928884,0.99301136,0.044546157
1356425032989,0.17600429,-0.040991336,0.9835356,0.9768981,0.13030243,-0.16938579,-0.121213734,0.9906266,0.06297815
1356425033029,0.19098088,-0.07514298,0.9787133,0.97346973,0.14251277,-0.17901587,-0.12602732,0.98693645,0.10036671
1356425033069,0.16690528,-0.14256433,0.9756116,0.97862136,0.14456081,-0.14629585,-0.12017864,0.97917193,0.16364446
1356425033109,0.09099245,-0.24234888,0.9659127,0.99046874,0.122734904,-0.062511325,-0.10340166,0.9623945,0.251207
1356425033149,-0.020851016,-0.34941483,0.9367361,0.9964229,0.06948441,0.048098147,-0.081894755,0.93438816,0.3467161
1356425033189,-0.12859547,-0.43092975,0.8931756,0.9895899,0.0029204488,0.14388582,-0.06461313,0.9023807,0.42606825
1356425033229,-0.20123756,-0.47384995,0.85730374,0.9779853,-0.04786372,0.20311025,-0.055210054,0.87930393,0.47305024
1356425033269,-0.23058128,-0.48247367,0.8450157,0.97169524,-0.06830895,0.22614667,-0.051387668,0.87324286,0.48456812
1356425033309,-0.22320688,-0.4647698,0.85683584,0.9734783,-0.061028063,0.22048917,-0.05018565,0.88332593,0.46606526
1356425033349,-0.18999714,-0.42725694,0.8839415,0.9804932,-0.036410272,0.19315127,-0.050340712,0.90339684,0.42584035
1356425033397,-0.1414082,-0.37548122,0.915979,0.9886488,-0.0061143637,0.15012056,-0.050766796,0.92680985,0.37208366
1356425033429,-0.088003635,-0.31622556,0.9445934,0.9948777,0.01944536,0.09919825,-0.049736947,0.9484848,0.31289452
1356425033469,-0.03815204,-0.25641742,0.9658129,0.99821746,0.034611404,0.048621118,-0.045895457,0.96594626,0.2546399
1356425033509,0.0020064116,-0.20189628,0.97940487,0.99923503,0.0386557,0.0059215426,-0.03905517,0.9786438,0.20181936
1356425033549,0.029334605,-0.15609208,0.98730683,0.9991193,0.034225523,-0.024274588,-0.030002028,0.98714936,0.15695861
1356425033589,0.04284489,-0.12024301,0.9918195,0.99888486,0.024861455,-0.04013595,-0.019832015,0.9924331,0.1211741
1356425033619,0.044062793,-0.09316811,0.9946749,0.99897575,0.014366567,-0.042907685,-0.010292441,0.9955467,0.093705684
1356425033649,0.03785664,-0.07358107,0.99657047,0.99928224,0.004140258,-0.037653983,-0.0013554692,0.99728066,0.07368499
1356425033688,0.02361232,-0.061452955,0.9978306,0.99969006,-0.006421387,-0.024051785,0.0078855455,0.9980893,0.061282307
1356425033727,1.9103289E-4,-0.05396217,0.998543,0.9998655,-0.016367614,-0.0010757744,0.016401798,0.9984088,0.05395174
1356425033767,-0.026488125,-0.048136353,0.9984895,0.9994103,-0.02310872,0.025398493,0.021851182,0.9985734,0.04872006
1356425033807,-0.05205095,-0.04214251,0.9977548,0.99842596,-0.023093104,0.051110566,0.020887345,0.9988447,0.043278217
1356425033848,-0.074359655,-0.03644365,0.99656534,0.99716693,-0.014089823,0.073889256,0.011348695,0.99923635,0.037388086
1356425033887,-0.09216511,-0.032742202,0.9952053,0.99572533,0.0030519366,0.09231362,-0.006059885,0.99945915,0.032320917
1356425033928,-0.10319859,-0.031864047,0.9941504,0.99425995,0.02507037,0.10401344,-0.028238088,0.9991778,0.029093862
1356425033967,-0.10397655,-0.033050418,0.9940305,0.9932376,0.048454344,0.10550469,-0.051652074,0.99827844,0.027788758
1356425034008,-0.090914845,-0.03481555,0.99524987,0.9931059,0.07108748,0.09320578,-0.073994845,0.9968623,0.02811265
1356425034047,-0.061664045,-0.03627765,0.9974375,0.9936285,0.09222579,0.06478289,-0.09433964,0.99507713,0.030359447
1356425034088,-0.016889423,-0.038682103,0.99910885,0.9935516,0.11139867,0.021108478,-0.11211592,0.9930227,0.036551178
