1356424821235,-0.78082025,0.08912292,-0.61836636,-0.59362066,0.2027266,0.7787918,0.1947675,0.9751713,-0.10538781
1356424821278,0.24158248,0.056371927,0.96874154,0.9506322,-0.21412721,-0.22460622,0.19477239,0.9751778,-0.10531843
1356424821319,0.2412554,0.056047708,0.9688418,0.95071244,-0.21402985,-0.22435924,0.19478628,0.9752178,-0.10492116
1356424821359,0.24041247,0.05515945,0.96910226,0.95093477,-0.21368712,-0.22374287,0.19474313,0.9753437,-0.103826106
1356424821398,0.23917267,0.053727448,0.96948946,0.9513071,-0.21292272,-0.22288725,0.19445118,0.9755907,-0.102036625
1356424821438,0.23765337,0.05186683,0.96996427,0.95188504,-0.21134138,-0.22192264,0.19348323,0.9760351,-0.099597216
1356424821479,0.23618361,0.049927562,0.97042495,0.9527347,-0.20828798,-0.2211619,0.19108576,0.9767924,-0.09676197
1356424821517,0.23527002,0.048504353,0.97071904,0.9538218,-0.20341694,-0.2210105,0.1867407,0.9778901,-0.09412241
1356424821558,0.23531565,0.048144937,0.97072583,0.95516706,-0.19609329,-0.22181845,0.17967337,0.97940266,-0.09213027
1356424821599,0.23644283,0.049120545,0.97040296,0.95665824,-0.18650529,-0.22365317,0.16999936,0.98122513,-0.09108937
1356424821637,0.23812619,0.05106926,0.96989065,0.9580517,-0.17632428,-0.22593522,0.15947694,0.9830065,-0.09091443
1356424821678,0.24003783,0.053661525,0.9692793,0.95919067,-0.16682532,-0.22830355,0.14944926,0.9845251,-0.09151599
1356424821719,0.24176097,0.056438655,0.96869314,0.9599863,-0.15932924,-0.23030502,0.14134303,0.9856109,-0.092699945
1356424821759,0.24323472,0.05905941,0.9681678,0.96038663,-0.1546087,-0.23184854,0.13599429,0.986209,-0.09432611
1356424821798,0.24474144,0.061401576,0.9676422,0.9603846,-0.15253371,-0.2332269,0.1332775,0.98638904,-0.09630051
1356424821840,0.24703962,0.0638386,0.9669002,0.95985436,-0.15293008,-0.23514238,0.132857,0.9861729,-0.09905553
1356424821877,0.25069946,0.06654772,0.9657749,0.9587933,-0.15481192,-0.23821968,0.13366044,0.9857001,-0.10261679
1356424821918,0.25595003,0.069830924,0.9641645,0.95718706,-0.15781367,-0.24266791,0.13521266,0.9849967,-0.10723367
1356424821958,0.262883,0.07362899,0.9620142,0.9550308,-0.1615873,-0.24860746,0.13714454,0.9841079,-0.112796545
1356424821997,0.27128196,0.07780814,0.95934975,0.9523792,-0.16586179,-0.25585857,0.13921162,0.98307467,-0.11909813
1356424822038,0.28075123,0.082166106,0.956257,0.9493314,-0.17039138,-0.2640771,0.14123973,0.9819448,-0.12584046
1356424822078,0.29057762,0.08631995,0.9529499,0.94607925,-0.17493841,-0.27263632,0.1431736,0.9807881,-0.13249865
1356424822118,0.29953167,0.08942431,0.9498863,0.9429999,-0.179082,-0.28050104,0.14502394,0.9797617,-0.13796785
1356424822179,0.30616182,0.09043023,0.94767463,0.940601,-0.18218762,-0.28649163,0.14674708,0.97909653,-0.14083764
1356424822199,0.3094781,0.08868915,0.9467616,0.93929607,-0.1836235,-0.28983656,0.14814237,0.9789876,-0.14013278
1356424822239,0.30902886,0.08427599,0.9473113,0.93931687,-0.18304199,-0.29013687,0.14894617,0.97948617,-0.13572711
1356424822269,0.3059231,0.07909182,0.9487653,0.9402926,-0.18127328,-0.28807962,0.14920104,0.98024714,-0.12982509
1356424822309,0.29874632,0.071930915,0.95161784,0.9427308,-0.17725602,-0.2825579,0.14835533,0.98153263,-0.12076607
1356424822349,0.286223,0.064080805,0.9560178,0.94691586,-0.17134541,-0.2720129,0.14637846,0.9831248,-0.10972211
1356424822389,0.26857314,0.056363463,0.9616089,0.9525455,-0.16401723,-0.2564281,0.14326727,0.9848459,-0.09773934
1356424822429,0.24627066,0.049289495,0.96794695,0.9592024,-0.15548027,-0.23612845,0.13885802,0.9866085,-0.085568815
1356424822469,0.22033522,0.043067813,0.974473,0.96634007,-0.14566424,-0.21205857,0.13281289,0.9883963,-0.07371318
1356424822509,0.19244465,0.03774056,0.9805819,0.9733156,-0.13461474,-0.18583757,0.124987155,0.990179,-0.062639356
1356424822549,0.16465315,0.0332112,0.9857922,0.9795482,-0.122687966,-0.1594769,0.11564845,0.9918895,-0.052732915
1356424822579,0.13885689,0.02947861,0.98987365,0.98454875,-0.11179417,-0.13478068,0.10668895,0.9932941,-0.044546545
1356424822618,0.116749376,0.026296675,0.9928132,0.9883595,-0.101258904,-0.11354354,0.097545356,0.99451256,-0.0378125
1356424822648,0.09828654,0.0235098,0.9948804,0.99110395,-0.0924606,-0.095728576,0.08973664,0.99543875,-0.0323883
1356424822687,0.08335698,0.020795971,0.9963027,0.99302244,-0.08542156,-0.08129951,0.083415,0.99612784,-0.027771384
1356424822729,0.0729807,0.017772466,0.997175,0.9942156,-0.0802933,-0.07133302,0.07879874,0.9966128,-0.0235295
1356424822768,0.06789324,0.014280289,0.99759036,0.99483275,-0.0766218,-0.06660867,0.075486004,0.9969579,-0.019408584
1356424822808,0.06958288,0.010583311,0.99752,0.99492943,-0.073528826,-0.06862205,0.07262021,0.9972369,-0.01564598
1356424822849,0.08000046,0.0074180663,0.99676716,0.99440217,-0.06983763,-0.0792909,0.0690237,0.9975308,-0.012963533
1356424822888,0.100731194,0.0054162145,0.99489903,0.992892,-0.06426382,-0.10017818,0.063393384,0.9979183,-0.011851132
1356424822928,0.13219076,0.004492998,0.99121416,0.9896642,-0.056680858,-0.13172719,0.055591017,0.9983822,-0.011939257
1356424822969,0.17309806,0.0039028227,0.9848969,0.98373723,-0.049359232,-0.17269868,0.047939688,0.9987735,-0.012383342
1356424823008,0.22087124,0.002364546,0.97530013,0.9742849,-0.04621604,-0.22052929,0.04455298,0.99892867,-0.012511581
1356424823048,0.27162698,-0.0015133619,0.9624014,0.96117514,-0.050062567,-0.27135968,0.0485909,0.99874496,-0.012143761
1356424823087,0.32136872,-0.008464217,0.94691634,0.94502765,-0.060886174,-0.32127202,0.060373425,0.99810886,-0.01156801
1356424823128,0.3675915,-0.01794213,0.9298143,0.92675394,-0.076233685,-0.3678527,0.07748324,0.9969286,-0.011394918
1356424823179,0.40924433,-0.028363466,0.91198385,0.9072942,-0.09319696,-0.41003835,0.096624255,0.99524355,-0.012406349
1356424823209,0.4457436,-0.03794828,0.89435595,0.8876828,-0.11013237,-0.44709066,0.11546391,0.9931922,-0.015404761
1356424823249,0.47613227,-0.04512456,0.8782152,0.86923516,-0.12706244,-0.4777924,0.13314831,0.99086785,-0.0212747
1356424823279,0.49776563,-0.04940602,0.86590326,0.85448647,-0.14312151,-0.49936885,0.14860117,0.9884712,-0.029024214
1356424823319,0.5161052,-0.047724456,0.8551947,0.84096503,-0.1612165,-0.5165144,0.16252187,0.9857645,-0.043070078
1356424823349,0.5232458,-0.03996119,0.85124433,0.8342781,-0.17965895,-0.52125096,0.17376348,0.98291695,-0.060667068
1356424823408,0.53491634,-0.021447748,0.8446328,0.825498,-0.1997639,-0.5278707,0.18004876,0.9796093,-0.08915192
1356424823428,0.54596794,0.011427164,0.83772814,0.81848764,-0.22076154,-0.5304171,0.178877,0.97526085,-0.12988172
1356424823468,0.56342924,0.059372276,0.82402813,0.8091085,-0.24127823,-0.5358435,0.16700584,0.96863806,-0.18398182
1356424823505,0.5894665,0.119327456,0.79893064,0.794981,-0.26114362,-0.54754823,0.14329815,0.95789605,-0.24879849
1356424823548,0.6211073,0.18372446,0.76188654,0.775845,-0.2816518,-0.5645679,0.11086172,0.94176304,-0.3174777
1356424823588,0.6465507,0.2400842,0.72410756,0.7587117,-0.30135,-0.5775333,0.07955319,0.92279345,-0.37699276
1356424823627,0.6586633,0.2801069,0.6983572,0.7502308,-0.3155145,-0.58103734,0.057589263,0.906637,-0.4179626
1356424823668,0.65461254,0.30177474,0.6931194,0.7544743,-0.318344,-0.5739562,0.04744494,0.89865965,-0.4360732
1356424823708,0.6353969,0.3067993,0.7086219,0.7707895,-0.30715573,-0.5581567,0.04641521,0.90084934,-0.43164343
1356424823748,0.6033862,0.29757833,0.739846,0.7958367,-0.28367335,-0.5349517,0.05068454,0.91157913,-0.4079884
1356424823788,0.56189096,0.2760621,0.7797873,0.8252208,-0.25242138,-0.5052662,0.05735016,0.9274013,-0.36964548
1356424823828,0.5157589,0.2441993,0.82119393,0.8543258,-0.21841227,-0.47161818,0.06419,0.94480836,-0.32127383
1356424823868,0.47180414,0.20486358,0.85757315,0.87895286,-0.18604831,-0.4391218,0.06959,0.96094584,-0.26784378
1356424823907,0.4378824,0.16202334,0.88431185,0.8960775,-0.15833816,-0.4146977,0.072829545,0.97400075,-0.21451896
1356424823948,0.42096156,0.11990616,0.89911836,0.9040675,-0.13615829,-0.40512076,0.07384592,0.98340404,-0.16572067
1356424823988,0.4251356,0.08194506,0.9014126,0.9022006,-0.11841941,-0.41474208,0.072758675,0.9895766,-0.12427521
1356424824028,0.45090637,0.05039704,0.8911474,0.8898499,-0.103286296,-0.44440877,0.06964636,0.9933741,-0.09141827
1356424824068,0.49571717,0.026612908,0.8680762,0.86607707,-0.08951187,-0.49183142,0.06461403,0.99563015,-0.06742142
1356424824107,0.5544632,0.011190325,0.83213294,0.8301873,-0.07707976,-0.5521303,0.05796209,0.99696213,-0.05202797
1356424824176,0.619874,0.0037308633,0.7846925,0.78311074,-0.06658101,-0.6183079,0.049938798,0.99777406,-0.04419352
1356424824192,0.68358344,0.0022084713,0.729869,0.7287197,-0.058243975,-0.6823307,0.041003555,0.99829996,-0.04142399
1356424824229,0.7375077,0.0029386878,0.6753323,0.67452085,-0.052403674,-0.7363935,0.033225864,0.99862164,-0.040630326
1356424824269,0.7761172,7.1945786E-4,0.6305883,0.6298175,-0.050324686,-0.77511114,0.031176537,0.9987326,-0.039510973
1356424824309,0.7979967,-0.00835067,0.602604,0.6014131,-0.05330175,-0.7971583,0.038776636,0.99854356,-0.03751242
1356424824339,0.8087621,-0.020806104,0.5877678,0.5858798,-0.05895082,-0.8082511,0.05146593,0.9980441,-0.035487324
1356424824369,0.81033415,-0.03597045,0.584863,0.5819526,-0.06724697,-0.8104376,0.06848204,0.9970878,-0.03355944
1356424824409,0.801172,-0.055660546,0.59584,0.59122413,-0.08047071,-0.8024827,0.09261429,0.9952017,-0.031563014
1356424824449,0.7817346,-0.07507864,0.61907536,0.61213684,-0.09717609,-0.7847581,0.119077876,0.9924314,-0.030007504
1356424824489,0.75259453,-0.0909372,0.6521747,0.64223564,-0.11729224,-0.7574799,0.14537817,0.9889251,-0.029870361
1356424824529,0.71316814,-0.100298434,0.6937805,0.6799624,-0.14162867,-0.71943885,0.17041785,0.98482555,-0.032805867
1356424824569,0.664496,-0.09954557,0.740632,0.7218865,-0.170718,-0.67062306,0.19319677,0.9802786,-0.041580826
1356424824599,0.60692006,-0.08703336,0.78998303,0.76592803,-0.2012623,-0.6106126,0.21213755,0.9756631,-0.055488825
1356424824629,0.55712557,-0.063200414,0.82801974,0.79917973,-0.23014715,-0.55528736,0.22566077,0.9711014,-0.07771237
1356424824669,0.532211,-0.018912792,0.8464005,0.8155843,-0.2567234,-0.5185704,0.22709846,0.9662998,-0.121206015
1356424824709,0.52394867,0.049511492,0.8503096,0.82480764,-0.27859592,-0.4920128,0.21253255,0.9591313,-0.18680738
1356424824739,0.5210442,0.12693241,0.84403855,0.8324443,-0.29401714,-0.46967047,0.1885454,0.94733423,-0.2588601
1356424824769,0.5296172,0.20301738,0.82358336,0.83340144,-0.30533782,-0.46066356,0.1579485,0.9303509,-0.33090708
1356424824799,0.5390987,0.27034956,0.79767394,0.83266646,-0.31348705,-0.45650017,0.12664583,0.910295,-0.39411145
1356424824839,0.54073507,0.32377884,0.7763845,0.8353435,-0.31533903,-0.45029163,0.09902945,0.8920362,-0.4409814
1356424824870,0.52511865,0.36167794,0.7703502,0.84730023,-0.3068357,-0.43351376,0.07957858,0.88036406,-0.46757498
1356424824909,0.48540652,0.37884766,0.7879435,0.87156016,-0.28082556,-0.4018954,0.06901756,0.8818228,-0.46650308
1356424824949,0.421651,0.37663376,0.8248378,0.90437603,-0.24057184,-0.35246155,0.06568384,0.8945793,-0.4420559
1356424824989,0.33883005,0.35577852,0.8709855,0.93838435,-0.1947366,-0.2855038,0.068036646,0.9140565,-0.39983958
1356424825029,0.24617785,0.3182982,0.9154686,0.96637976,-0.15292555,-0.20669785,0.07420698,0.93557477,-0.3452438
1356424825069,0.15689841,0.26895547,0.9502873,0.9842211,-0.122279614,-0.12789291,0.08180326,0.9553589,-0.28389716
1356424825109,0.08430791,0.21447295,0.97308445,0.9924939,-0.10489553,-0.062869966,0.08858833,0.97108096,-0.22170657
1356424825175,0.037204444,0.16087875,0.9862727,0.99495924,-0.09793514,-0.021557122,0.09312269,0.9821032,-0.16371143
1356424825189,0.019213498,0.11206922,0.99351466,0.995296,-0.09651929,-0.008360505,0.09495637,0.9890018,-0.113396555
1356424825229,0.031132549,0.07024473,0.9970438,0.9950617,-0.096239656,-0.024290234,0.09424895,0.9928764,-0.07289401
1356424825259,0.069760144,0.035636097,0.99692714,0.9932996,-0.09478611,-0.06611806,0.09213868,0.99485964,-0.042009592
1356424825289,0.121941745,0.009351313,0.9924932,0.9885745,-0.09041065,-0.12060839,0.08860415,0.99586064,-0.020269275
1356424825329,0.19240916,-0.0067997277,0.98129123,0.9778584,-0.082526505,-0.19230786,0.08229023,0.9965657,-0.00922963
1356424825369,0.2872877,-0.015606552,0.9577172,0.95498645,-0.07251382,-0.28765026,0.07393697,0.9972453,-0.005928248
1356424825409,0.39155293,-0.019428283,0.9199505,0.91786814,-0.062206447,-0.39198038,0.06484231,0.99787426,-0.006524533
1356424825449,0.4896806,-0.021645099,0.8716332,0.8699901,-0.05403495,-0.49009937,0.057706922,0.9983044,-0.007628843
1356424825489,0.5701577,-0.025802225,0.8211299,0.8196299,-0.05016713,-0.5706925,0.055918902,0.9984074,-0.007454872
1356424825528,0.62828046,-0.034282923,0.7772312,0.77554446,-0.051501274,-0.6291886,0.061598867,0.99808425,-0.0057692975
1356424825568,0.6651937,-0.047294885,0.7451714,0.7429621,-0.057421073,-0.6668659,0.074327916,0.99722916,-0.0030578226
1356424825608,0.68445325,-0.06317562,0.72631437,0.72324747,-0.06667569,-0.68736255,0.09185213,0.9957726,5.5223703E-5
1356424825648,0.68923265,-0.079477996,0.72016776,0.7158834,-0.07848893,-0.69379437,0.11166653,0.99374187,0.002799809
1356424825688,0.68092895,-0.09392011,0.7263021,0.7203023,-0.09325525,-0.6873631,0.1322887,0.99120253,0.004150659
1356424825728,0.6597368,-0.10419199,0.74423885,0.7357198,-0.11231327,-0.6679088,0.1531786,0.9881953,0.002558887
1356424825767,0.6265842,-0.10695368,0.77198005,0.759775,-0.13680291,-0.63563114,0.17359224,0.98480755,-0.004457809
1356424825807,0.5862543,-0.09745714,0.8042438,0.78710675,-0.16645366,-0.59393287,0.19175228,0.9812213,-0.020874992
1356424825847,0.5491845,-0.070237696,0.83274436,0.81036824,-0.19872952,-0.55118954,0.20420516,0.9775343,-0.05222079
1356424825888,0.5305255,-0.02122128,0.8474033,0.82229924,-0.22986066,-0.52056515,0.20583177,0.9729922,-0.10449669
1356424825927,0.54118264,0.048595756,0.8394997,0.8186344,-0.25868428,-0.5127574,0.19224751,0.9647387,-0.1797776
1356424825968,0.57643825,0.12923092,0.8068571,0.8003186,-0.28861153,-0.5255413,0.16495204,0.9486848,-0.26979262
1356424826007,0.61440015,0.2033777,0.76233196,0.7775507,-0.32004234,-0.54128355,0.13389352,0.9253164,-0.35477048
1356424826048,0.6344085,0.25814432,0.7286202,0.7651258,-0.34388447,-0.5443583,0.11003819,0.9028316,-0.4156761
1356424826087,0.62862504,0.2913589,0.72106904,0.77163523,-0.3493132,-0.5315631,0.09700334,0.89055616,-0.4444098
1356424826127,0.5965041,0.3058931,0.7420325,0.7972615,-0.33238155,-0.5038816,0.092503995,0.89216137,-0.44214374
1356424826177,0.53835046,0.30403128,0.7859667,0.83749807,-0.29669437,-0.45887834,0.093678534,0.90528303,-0.4143512
1356424826208,0.45684654,0.28682923,0.8420334,0.88409245,-0.2510562,-0.39414623,0.09834504,0.92449975,-0.36827773
1356424826248,0.36058238,0.2558951,0.89693815,0.9269197,-0.20545438,-0.3140196,0.10392374,0.94461966,-0.31127748
1356424826306,0.2638317,0.21484372,0.94033766,0.9585347,-0.16726986,-0.23072028,0.10772133,0.9622177,-0.25006625
1356424826328,0.1839155,0.16914606,0.96827924,0.97697747,-0.139813,-0.16114402,0.10812116,0.97562385,-0.19096562
1356424826368,0.13378969,0.12389606,0.98323447,0.9854241,-0.12182316,-0.11873686,0.1050697,0.9847888,-0.13838887
1356424826405,0.12143549,0.082416624,0.98917186,0.98758256,-0.11009851,-0.11206713,0.09967017,0.9904978,-0.09476307
1356424826448,0.15067282,0.046539187,0.98748755,0.9841926,-0.10110542,-0.14540505,0.09307334,0.9937866,-0.061037302
1356424826488,0.22490057,0.017173707,0.9742304,0.97058153,-0.092168,-0.2224335,0.085972786,0.9955954,-0.037397146
1356424826527,0.33983433,-0.004671246,0.94047374,0.93722224,-0.08154678,-0.33906445,0.078276455,0.99665856,-0.023334414
1356424826568,0.4810193,-0.01848042,0.87651527,0.87393785,-0.06933597,-0.48106673,0.06966433,0.9974222,-0.01720123
1356424826608,0.62049854,-0.025186032,0.78380305,0.7818496,-0.057580635,-0.6208025,0.060767412,0.99802315,-0.016037017
1356424826648,0.7306968,-0.028374553,0.6821122,0.6805426,-0.049134046,-0.73105925,0.054258406,0.99838907,-0.016591996
1356424826688,0.80093706,-0.033157855,0.5978298,0.59632015,-0.045662254,-0.80144703,0.053872496,0.9984065,-0.016799897
1356424826728,0.83635676,-0.042866945,0.5465069,0.5446983,-0.0472864,-0.8372979,0.061734706,0.99796116,-0.016198754
1356424826768,0.846247,-0.057316035,0.52969885,0.52721095,-0.053425826,-0.8480533,0.07690662,0.99692553,-0.014993813
1356424826808,0.83649886,-0.07378493,0.5429783,0.5394163,-0.06350546,-0.83964103,0.09643492,0.99525017,-0.013321463
1356424826848,0.80795753,-0.08879675,0.5825116,0.5774281,-0.077638865,-0.81274164,0.11739434,0.99301934,-0.011455171
1356424826888,0.7568353,-0.09895527,0.6460713,0.6388386,-0.096934974,-0.7632095,0.13815054,0.99035925,-0.010147326
1356424826928,0.6769937,-0.10056883,0.72908527,0.7187645,-0.122716755,-0.68433774,0.15829402,0.98733306,-0.010793179
1356424826968,0.5668216,-0.08917022,0.8190006,0.80445695,-0.15447152,-0.5735744,0.17765802,0.98396504,-0.015824199
1356424827008,0.43934882,-0.060501695,0.89627683,0.8768901,-0.18772763,-0.44251785,0.19502902,0.980356,-0.029424593
1356424827048,0.32325584,-0.012425631,0.94623,0.9233804,-0.21464801,-0.3182685,0.20706111,0.9766123,-0.057912618
1356424827088,0.2456767,0.055141002,0.96778226,0.9467238,-0.22810811,-0.22733408,0.20822349,0.97207314,-0.10824418
1356424827127,0.21550584,0.14046124,0.9663477,0.95711935,-0.22657734,-0.18051419,0.1935972,0.9638119,-0.18326694
1356424827177,0.22068071,0.23683167,0.9461558,0.9613968,-0.2162962,-0.17009458,0.1643661,0.94716775,-0.27542165
1356424827209,0.23079908,0.32963383,0.91546345,0.9641504,-0.20409572,-0.16958421,0.13094151,0.92178434,-0.3649217
1356424827249,0.21490327,0.4033337,0.8894597,0.970911,-0.1866931,-0.14992511,0.10558614,0.8958056,-0.4317221
1356424827290,0.15711534,0.44957104,0.8793183,0.9831759,-0.15520042,-0.096322775,0.09316665,0.8796583,-0.46639174
1356424827319,0.07635379,0.47288352,0.8778105,0.9931535,-0.114130855,-0.024903357,0.08840886,0.87370205,-0.4783603
1356424827359,-0.0415653,0.4636362,0.8850502,0.99483335,-0.06291282,0.07967818,0.09262267,0.88378924,-0.4586258
1356424827399,-0.16946793,0.42806795,0.88771534,0.9802073,-0.020328343,0.19692758,0.102344185,0.90351796,-0.41615027
1356424827439,-0.28382042,0.3763484,0.88193417,0.95207834,0.0012708008,0.3058517,0.113986045,0.9264773,-0.35867375
1356424827479,-0.37183946,0.3185095,0.8719444,0.92005324,0.0015465617,0.39179042,0.123440474,0.9479184,-0.2936207
1356424827519,-0.43076164,0.2612094,0.86383677,0.89338505,-0.0120206475,0.44913104,0.12770113,0.96520734,-0.22818255
1356424827559,-0.4625091,0.20797709,0.86187637,0.87761474,-0.030765116,0.47837856,0.12600753,0.9776498,-0.16829455
1356424827599,-0.47000766,0.16065979,0.8679178,0.87453985,-0.048327267,0.4825396,0.11946878,0.98582596,-0.11778921
1356424827639,-0.45554692,0.12043244,0.88202775,0.88340217,-0.06115961,0.4646075,0.1098983,0.9908358,-0.07852918
1356424827679,-0.42050785,0.08808383,0.903003,0.9018961,-0.06777221,0.42660326,0.09877536,0.9938049,-0.050943732
1356424827719,-0.36574435,0.06396034,0.92851496,0.926651,-0.06810641,0.36970165,0.08688411,0.99562573,-0.034359336
1356424827759,-0.29281354,0.047534227,0.9549873,0.95326126,-0.06332725,0.29543638,0.07452008,0.99686015,-0.02676946
1356424827799,-0.20538402,0.037093967,0.9779782,0.9766884,-0.05597216,0.20723617,0.062426776,0.997743,-0.024733484
1356424827839,-0.10982609,0.030293256,0.9934891,0.9925351,-0.049987495,0.11124489,0.05303198,0.9982903,-0.0245772
1356424827879,-0.014441848,0.024791807,0.9995883,0.9986404,-0.04971862,0.01566127,0.05008644,0.9984555,-0.024040073
1356424827919,0.07192853,0.01853466,0.99723756,0.9958203,-0.057757765,-0.07075277,0.05628693,0.9981586,-0.022611558
1356424827959,0.14175862,0.010203779,0.98984873,0.98732996,-0.073483944,-0.14064047,0.07130292,0.99724424,-0.02049151
1356424827999,0.19093034,-9.474158E-5,0.9816036,0.9772774,-0.093764395,-0.1900979,0.0920575,0.9955944,-0.017809898
1356424828039,0.21914887,-0.010753304,0.9756322,0.96892476,-0.11516285,-0.21891153,0.1147106,0.9932884,-0.014818668
1356424828079,0.22833654,-0.019494891,0.973387,0.9639588,-0.13569978,-0.22884268,0.13654968,0.9905582,-0.012192935
1356424828119,0.22123665,-0.023984283,0.97492516,0.96258307,-0.15504426,-0.22225013,0.1564871,0.9876163,-0.011214584
1356424828177,0.20170102,-0.021508962,0.979211,0.9638165,-0.1735386,-0.20234188,0.17428303,0.9845922,-0.014272243
1356424828199,0.17553237,-0.008319199,0.9844385,0.96610653,-0.19080141,-0.17387605,0.18927878,0.9815934,-0.025454551
1356424828239,0.15105313,0.020628631,0.98831034,0.96823627,-0.20460844,-0.14371425,0.19925204,0.97862643,-0.050880104
1356424828279,0.13698658,0.0710434,0.98802197,0.9702207,-0.210771,-0.1193631,0.19976637,0.97495055,-0.09780061
1356424828319,0.1381095,0.14605838,0.97958803,0.97278696,-0.20579189,-0.10646665,0.18604091,0.96763456,-0.17050552
1356424828359,0.14929813,0.23964718,0.95931184,0.97599065,-0.19132644,-0.10409832,0.15859485,0.9518211,-0.26245806
1356424828399,0.15435311,0.33312324,0.93016344,0.97984195,-0.17246029,-0.10083297,0.12682647,0.92697704,-0.35302788
1356424828439,0.13660482,0.40506077,0.904027,0.9853511,-0.14960662,-0.081860304,0.10209,0.9019665,-0.41956407
1356424828479,0.09031093,0.44408768,0.89142025,0.9919688,-0.11969906,-0.040866047,0.088554025,0.88795173,-0.45133132
1356424828519,0.020838797,0.44903582,0.8932707,0.99621433,-0.08474743,0.019361138,0.08439624,0.8894856,-0.44910198
1356424828559,-0.05925733,0.42494932,0.9032755,0.9944538,-0.053634167,0.09047133,0.08689216,0.9036268,-0.41941422
1356424828599,-0.13552266,0.38022995,0.91490924,0.9863223,-0.03566605,0.16092339,0.09381905,0.9242041,-0.37019575
1356424828639,-0.19614917,0.32443047,0.9253488,0.975211,-0.034020543,0.21864629,0.10241634,0.9452976,-0.3097151
1356424828679,-0.23481107,0.26532003,0.93513054,0.9658383,-0.044823647,0.2552393,0.10963601,0.9631179,-0.24573123
1356424828719,-0.24975443,0.20789465,0.94572854,0.9616562,-0.061039686,0.2673788,0.113313645,0.9762448,-0.1846782
1356424828759,-0.24195552,0.15500152,0.95782673,0.9637191,-0.07627636,0.25578752,0.11270702,0.9849652,-0.1309225
1356424828799,-0.21345574,0.10860503,0.9708973,0.9709449,-0.086461484,0.22313783,0.10817909,0.9903178,-0.08699381
1356424828839,-0.16704053,0.07038668,0.9834344,0.98078847,-0.090067446,0.17303741,0.10075492,0.9934453,-0.05398953
1356424828879,-0.10611439,0.041603416,0.9934832,0.99011517,-0.087733924,0.109428614,0.09171474,0.9952748,-0.031882346
1356424828919,-0.03485906,0.022240818,0.9991448,0.9960267,-0.081205726,0.036557913,0.08194935,0.99644923,-0.01932171
1356424828959,0.04153669,0.010791391,0.99907875,0.99654007,-0.072496176,-0.040648133,0.0719907,0.9973104,-0.013765335
1356424828999,0.11794546,0.004692912,0.993009,0.9909884,-0.0644916,-0.117400706,0.063489795,0.9979072,-0.012257099
1356424829039,0.18988726,9.650588E-4,0.98180544,0.98000556,-0.06071779,-0.18947947,0.059430152,0.9981545,-0.012475312
1356424829079,0.2542912,-0.003048122,0.9671229,0.96512115,-0.063583404,-0.2539653,0.062267065,0.9979719,-0.013226926
1356424829119,0.30972978,-0.009097397,0.9507811,0.9480759,-0.073024005,-0.30954725,0.072245955,0.99728864,-0.013992697
1356424829177,0.35625574,-0.017896265,0.9342171,0.93029106,-0.08673647,-0.35642022,0.08740926,0.99607056,-0.014251679
1356424829199,0.39495093,-0.029081494,0.91824186,0.9126941,-0.10170174,-0.39578578,0.104896784,0.9943898,-0.013624698
1356424829239,0.42686823,-0.04159522,0.90335673,0.89593095,-0.116249114,-0.42871195,0.12284678,0.99234873,-0.012356609
1356424829298,0.45253357,-0.05385831,0.8901195,0.8805859,-0.1304448,-0.45557955,0.14064819,0.98999166,-0.011603817
1356424829318,0.47188053,-0.06341317,0.87937903,0.8673401,-0.14566186,-0.47592422,0.15827188,0.98730004,-0.013734207
1356424829358,0.48535404,-0.06594205,0.8718275,0.8566358,-0.1636602,-0.4892754,0.17494726,0.98431045,-0.022944823
1356424829395,0.49516982,-0.054715157,0.8670715,0.8481919,-0.18561816,-0.4961011,0.1880885,0.98109734,-0.045503527
1356424829438,0.5063915,-0.020672232,0.86205584,0.8405106,-0.21150258,-0.49880725,0.19263846,0.97715884,-0.08972792
1356424829478,0.52282834,0.041479647,0.8514282,0.8324589,-0.23982409,-0.4994964,0.183474,0.9699299,-0.15991697
1356424829518,0.54455835,0.12665132,0.8291054,0.8232789,-0.26954645,-0.49955648,0.16021287,0.95462257,-0.25105312
1356424829557,0.56333834,0.2136955,0.79811287,0.815591,-0.29831797,-0.49580008,0.1321412,0.9302369,-0.34234202
1356424829597,0.5715806,0.28018093,0.77122915,0.8130324,-0.32028586,-0.48620507,0.110788435,0.90493953,-0.4108653
1356424829638,0.5670017,0.3171919,0.76019627,0.8176088,-0.3288976,-0.47259098,0.10012472,0.88950306,-0.44582438
1356424829678,0.55047137,0.32678407,0.76824045,0.82913965,-0.32147604,-0.45736253,0.097512096,0.88874364,-0.44791302
1356424829717,0.52390736,0.31442854,0.7916159,0.845965,-0.3004449,-0.44054055,0.099318445,0.9004818,-0.42340085
1356424829758,0.4899246,0.28492737,0.8238873,0.8656689,-0.27057582,-0.42119595,0.10291374,0.9195678,-0.3792145
1356424829797,0.45338327,0.24306607,0.8575328,0.8850014,-0.23708026,-0.4007061,0.10590601,0.94059116,-0.32260206
1356424829838,0.42100304,0.19400778,0.8860685,0.90079534,-0.20402944,-0.38332736,0.10641557,0.95954835,-0.2606583
1356424829878,0.4007501,0.14335379,0.9049028,0.9102907,-0.17417872,-0.375543,0.103779346,0.9742235,-0.20029578
1356424829918,0.39888367,0.09588289,0.91197497,0.9117038,-0.14821538,-0.38318205,0.09842807,0.9842961,-0.14653751
1356424829958,0.41897455,0.05507633,0.90632606,0.9034107,-0.12549296,-0.4100008,0.091156185,0.9905646,-0.10233492
1356424829998,0.46177816,0.023417354,0.8866863,0.8831513,-0.10510641,-0.45716137,0.08249089,0.99418527,-0.06921691
1356424830038,0.52473086,0.0023346543,0.851265,0.84815985,-0.086812854,-0.5225787,0.07268065,0.9962219,-0.047533587
1356424830078,0.60131806,-0.008517325,0.7989644,0.79659307,-0.07132341,-0.6002937,0.06209773,0.9974169,-0.03610322
1356424830118,0.6814458,-0.011651248,0.7317759,0.7300668,-0.059297875,-0.6807983,0.051324904,0.9981724,-0.03190209
1356424830178,0.7545618,-0.011370778,0.6561305,0.65489405,-0.050695688,-0.75401837,0.04183674,0.9986494,-0.030806392
1356424830199,0.8129463,-0.013060242,0.58219224,0.58115804,-0.045434326,-0.81252146,0.03706324,0.99888194,-0.029345594
1356424830239,0.8531965,-0.021587387,0.5211427,0.5199618,-0.043675303,-0.8530723,0.041176632,0.99881256,-0.026039004
1356424830279,0.876138,-0.038958788,0.4804835,0.47880882,-0.04524169,-0.8767527,0.05589512,0.9982161,-0.020984147
1356424830319,0.8842521,-0.06318694,0.46271557,0.4602942,-0.049505293,-0.88638514,0.07891482,0.9967732,-0.014690578
1356424830349,0.8824749,-0.08627014,0.46238026,0.45921946,-0.054655306,-0.88663995,0.101762086,0.9947715,-0.008615013
1356424830389,0.869161,-0.11008969,0.48211968,0.47800395,-0.06289476,-0.8761029,0.12677276,0.99192965,-0.0020423494
1356424830429,0.8371155,-0.12992848,0.531372,0.52572656,-0.07733402,-0.8471311,0.15115958,0.9885029,0.0035693347
1356424830469,0.7791294,-0.1416924,0.6106396,0.6021806,-0.101481006,-0.79188395,0.17417222,0.9846953,0.006257564
1356424830514,0.6863541,-0.13886815,0.7138864,0.7004264,-0.13799666,-0.70025706,0.1957573,0.9806491,0.0025523305
1356424830547,0.55741775,-0.11231059,0.8226006,0.80213434,-0.18273163,-0.5684978,0.21416342,0.9767269,-0.011769667
1356424830588,0.43112722,-0.05753991,0.9004546,0.8737273,-0.22249207,-0.43254802,0.22523278,0.973235,-0.045648202
1356424830628,0.3436792,0.024566352,0.93876576,0.9122547,-0.24599057,-0.32753628,0.22288117,0.9689608,-0.10695261
1356424830668,0.3117194,0.1258116,0.94180804,0.9280342,-0.2530369,-0.27335852,0.20392054,0.9592412,-0.19563398
1356424830707,0.31309387,0.23144573,0.92108905,0.93364054,-0.25273034,-0.25385576,0.17403337,0.93944675,-0.29521543
1356424830748,0.3054413,0.32343504,0.8955978,0.9410968,-0.24582049,-0.2321833,0.14506009,0.91376257,-0.37946737
1356424830787,0.25455883,0.39041483,0.8847463,0.95895183,-0.22011152,-0.17877987,0.1249446,0.89393914,-0.43042034
1356424830828,0.14614028,0.42767984,0.8920387,0.9826345,-0.16697288,-0.08092868,0.11433473,0.8883749,-0.4446544
1356424830867,-0.012159944,0.43243513,0.9015831,0.9937694,-0.09467471,0.058813065,0.110789925,0.89668083,-0.42858958
1356424830908,-0.19340536,0.40514523,0.89356124,0.97470456,-0.024630398,0.22213581,0.11200607,0.9139205,-0.39013326
1356424830948,-0.36060697,0.35617757,0.86203253,0.9255657,0.022414804,0.37792286,0.11528537,0.9341494,-0.3377487
1356424830988,-0.49172693,0.30018392,0.8173703,0.8627572,0.041071773,0.5039476,0.11770615,0.95299673,-0.2791819
1356424831028,-0.5847706,0.24716651,0.77262676,0.8026848,0.038674593,0.5951482,0.11721966,0.9682009,-0.22101253
1356424831068,-0.6470999,0.20086381,0.7354695,0.7539612,0.025421798,0.65642685,0.113155425,0.97928923,-0.167894
1356424831108,-0.6866491,0.16164535,0.7087904,0.7192427,0.009100854,0.69469935,0.10584429,0.9868069,-0.12251133
1356424831178,-0.71094906,0.12744182,0.6915996,0.6968336,-0.0048148036,0.7172167,0.09473333,0.99183434,-0.08538264
1356424831191,-0.71429074,0.10054293,0.6925893,0.6947807,-0.01701194,0.7190204,0.084074706,0.9947873,-0.057703793
1356424831229,-0.7082081,0.07997802,0.70145905,0.70216775,-0.023640215,0.71161896,0.07349655,0.9965163,-0.039415777
1356424831259,-0.6914458,0.06369999,0.7196144,0.71963704,-0.026746273,0.69383514,0.06344432,0.99761057,-0.027347207
1356424831289,-0.6678607,0.050723612,0.74255586,0.7423532,-0.026461959,0.669486,0.05360827,0.9983621,-0.01998192
1356424831329,-0.63467777,0.04125455,0.7716749,0.77147365,-0.024143934,0.635803,0.04486108,0.9988569,-0.016503096
1356424831369,-0.5814073,0.036242247,0.81280506,0.81251156,-0.026092827,0.58236086,0.04231447,0.99900234,-0.014276683
1356424831409,-0.5019566,0.03527069,0.8641733,0.86347234,-0.036805093,0.5030516,0.049548954,0.99869984,-0.011980712
1356424831448,-0.40537626,0.03547746,0.9134612,0.91174823,-0.056694567,0.406818,0.06622115,0.997761,-0.00936389
1356424831488,-0.3204242,0.034534812,0.9466444,0.94311076,-0.08196062,0.32221815,0.088715315,0.996037,-0.006308019
1356424831527,-0.27133983,0.033504844,0.96190023,0.9558796,-0.10749179,0.27338555,0.11255607,0.99364126,-0.0028598309
1356424831567,-0.2578528,0.034901053,0.96555364,0.9567082,-0.13039643,0.26020396,0.13498619,0.99084747,2.3299456E-4
1356424831608,-0.2642399,0.04028067,0.9636154,0.9518926,-0.14985508,0.2672896,0.15516928,0.987887,0.0012548566
1356424831648,-0.2718898,0.0504151,0.961007,0.9466097,-0.16574538,0.2765116,0.17322281,0.9848791,-0.0026589632
1356424831688,-0.26658374,0.06686157,0.9614898,0.94517523,-0.17709303,0.27437532,0.1886183,0.98192036,-0.015985787
1356424831727,-0.23879379,0.092841744,0.9666219,0.9504869,-0.1815173,0.25224212,0.19887719,0.9789953,-0.044899702
1356424831767,-0.18114054,0.13318253,0.97439754,0.9630711,-0.17666656,0.20318207,0.19920376,0.97521853,-0.09626275
1356424831807,-0.09001517,0.19198364,0.97726125,0.97860104,-0.16525322,0.12260267,0.18503326,0.96738493,-0.17300016
1356424831847,0.02582568,0.26641452,0.96351254,0.98719525,-0.15856653,0.017383665,0.15741205,0.95072603,-0.2670983
1356424831888,0.13407513,0.34086865,0.93050116,0.98289996,-0.16534033,-0.081056386,0.12621981,0.92545724,-0.35720778
1356424831928,0.2007119,0.39697298,0.8956155,0.9742396,-0.17683536,-0.13995138,0.10281956,0.90063405,-0.42223978
1356424831968,0.21814206,0.42662582,0.8777268,0.9716555,-0.17890283,-0.1545291,0.091101736,0.88655746,-0.45355952
1356424832008,0.19944686,0.42964962,0.88069415,0.97588,-0.1685031,-0.13879842,0.088764995,0.88713473,-0.45289385
1356424832047,0.16366988,0.40876517,0.89784366,0.98220015,-0.15255064,-0.10959503,0.09216797,0.8997996,-0.42645717
1356424832088,0.12826845,0.36818832,0.92086077,0.9868979,-0.13902602,-0.08188006,0.09787631,0.9192982,-0.38119692
1356424832127,0.107795835,0.31351474,0.94344497,0.98885703,-0.13181764,-0.06918034,0.10267362,0.9403895,-0.3242306
1356424832179,0.112826526,0.25097018,0.961397,0.98812324,-0.12992656,-0.08204612,0.10431987,0.95923567,-0.26264864
1356424832209,0.1505613,0.18665227,0.9708204,0.98331153,-0.12972042,-0.12755817,0.10212615,0.9738242,-0.20306823
1356424832268,0.2220797,0.12558672,0.9669068,0.9702319,-0.12670791,-0.20638603,0.09659532,0.98395795,-0.14998755
1356424832288,0.3238955,0.0719139,0.9433558,0.94191796,-0.11808014,-0.31440035,0.08878186,0.9903966,-0.10598263
1356424832328,0.4466669,0.029241443,0.8942224,0.89113814,-0.10363871,-0.44173723,0.07975903,0.99418503,-0.072350144
1356424832365,0.5752106,-8.922815E-5,0.8180054,0.8149707,-0.08599548,-0.57308596,0.07039595,0.9962955,-0.04939279
1356424832408,0.69209695,-0.016056359,0.7216259,0.71922743,-0.069066405,-0.6913333,0.060940355,0.9974829,-0.0362525
1356424832448,0.7863437,-0.021859795,0.61740243,0.6156417,-0.05553005,-0.78606725,0.051467657,0.9982177,-0.030207895
1356424832488,0.8542683,-0.02251546,0.51934445,0.51803744,-0.046076573,-0.85411596,0.04316047,0.99868405,-0.027697884
1356424832528,0.89933604,-0.024463192,0.43657327,0.43545455,-0.04048401,-0.89929986,0.039674,0.9988806,-0.02575612
1356424832567,0.92718613,-0.03299263,0.37314522,0.371893,-0.038485974,-0.9274774,0.04496081,0.99871427,-0.023413926
1356424832608,0.9435123,-0.049746796,0.3275817,0.32588392,-0.039310817,-0.9445922,0.059867963,0.9979879,-0.020878553
1356424832648,0.95261306,-0.07248646,0.29542187,0.2930706,-0.041415956,-0.95519334,0.081473775,0.99650913,-0.018209726
1356424832688,0.95700574,-0.097689725,0.27312404,0.27005312,-0.043643832,-0.9618558,0.1058836,0.99425954,-0.015385985
1356424832728,0.95783556,-0.1228135,0.25974607,0.25591564,-0.04627624,-0.9655909,0.13060765,0.99135035,-0.012895137
1356424832768,0.95526946,-0.1466739,0.25680155,0.25193483,-0.0511674,-0.96639055,0.15488416,0.9878606,-0.011926383
1356424832807,0.9489478,-0.16809136,0.26691437,0.26012355,-0.061615318,-0.96360743,0.1784201,0.9838439,-0.014745206
1356424832848,0.93873453,-0.18400134,0.29141223,0.28067678,-0.08250925,-0.95624936,0.19999535,0.9794569,-0.025809377
1356424832888,0.9264092,-0.18738404,0.32657808,0.30856127,-0.11921561,-0.9437041,0.21576834,0.97502553,-0.052622974
1356424832928,0.9175979,-0.16838594,0.36008364,0.33181167,-0.17436495,-0.927091,0.2188951,0.9701767,-0.10412449
1356424832968,0.9187304,-0.12237873,0.3754435,0.33846325,-0.24571726,-0.90833116,0.2034134,0.9615853,-0.18432721
1356424833008,0.9282176,-0.05925308,0.36728892,0.3298111,-0.32576948,-0.88605803,0.1721532,0.9435906,-0.28284264
1356424833048,0.9366369,0.0017557591,0.3502973,0.32179195,-0.3994643,-0.8584161,0.1384241,0.9167471,-0.374718
1356424833088,0.93717676,0.048450574,0.3454739,0.32937372,-0.44919333,-0.83050483,0.11494614,0.8921198,-0.4369319
1356424833127,0.9281066,0.080108255,0.36359426,0.35728082,-0.46633852,-0.80924577,0.104730755,0.8809716,-0.461433
1356424833178,0.9080578,0.09985097,0.40676874,0.4055425,-0.45241493,-0.7942644,0.104720175,0.8862,-0.45131272
1356424833209,0.87407637,0.10994662,0.47318304,0.4729309,-0.41520837,-0.7771347,0.11102623,0.903058,-0.414921
1356424833249,0.8227141,0.111010775,0.5575107,0.5555978,-0.36444163,-0.7473241,0.12021907,0.9245858,-0.3615086
1356424833289,0.7540363,0.1030578,0.6486974,0.64409214,-0.30959123,-0.6994988,0.12874219,0.9452684,-0.29982176
1356424833329,0.67648464,0.08673942,0.7313309,0.72423273,-0.25853294,-0.6392556,0.13362446,0.9621003,-0.23771308
1356424833369,0.60757744,0.06413704,0.7916667,0.7829369,-0.21606988,-0.58337265,0.13363951,0.9742691,-0.18149443
1356424833409,0.56765515,0.038285255,0.8223758,0.8130895,-0.18265204,-0.552742,0.12904677,0.9824319,-0.1348127
1356424833449,0.57246035,0.012027264,0.8198442,0.81100655,-0.1554418,-0.5640091,0.12065458,0.98777187,-0.09873846
1356424833490,0.627171,-0.012163281,0.77878666,0.7711427,-0.13090323,-0.62305963,0.10952413,0.9913206,-0.07271907
1356424833529,0.7206832,-0.031730354,0.6925379,0.68641084,-0.10745886,-0.71923065,0.097240776,0.993703,-0.055663742
1356424833569,0.8239572,-0.044428974,0.5649076,0.5601727,-0.086462855,-0.8238512,0.08544636,0.99526393,-0.046353817
1356424833609,0.9066907,-0.049922362,0.41883135,0.4151317,-0.07019943,-0.90704894,0.07468374,0.99628305,-0.04292482
1356424833649,0.9579325,-0.05016245,0.28257585,0.27959085,-0.059074193,-0.9583001,0.06476362,0.99699247,-0.042564124
1356424833689,0.98353606,-0.04882938,0.17398979,0.17148769,-0.051481634,-0.9838402,0.056997586,0.99747944,-0.04226041
1356424833729,0.99372417,-0.050283723,0.0999188,0.097667776,-0.04539755,-0.99418306,0.054527294,0.9977026,-0.040201545
1356424833769,0.996599,-0.057705622,0.058825657,0.05659422,-0.039571166,-0.9976128,0.059895664,0.9975491,-0.03617078
1356424833809,0.99645597,-0.071497716,0.04431299,0.041969094,-0.03395933,-0.99854153,0.07289828,0.9968625,-0.03083828
1356424833849,0.99474776,-0.08971439,0.049277637,0.046802342,-0.029489815,-0.9984688,0.09103021,0.9955309,-0.025136083
1356424833889,0.99148893,-0.10968092,0.07014166,0.06748964,-0.027712226,-0.9973351,0.1113324,0.99358046,-0.02007404
1356424833929,0.98574525,-0.1290916,0.107896514,0.104780376,-0.03071192,-0.9940211,0.13163349,0.991157,-0.016747862
1356424833969,0.9749057,-0.14611818,0.16795325,0.16360213,-0.041389614,-0.98565775,0.15097404,0.9884009,-0.016445726
1356424834009,0.9533662,-0.15790501,0.25721365,0.25009957,-0.063727796,-0.9661206,0.16894695,0.9853958,-0.021263957
1356424834049,0.9133506,-0.1581083,0.37522322,0.3630188,-0.101169705,-0.9262731,0.1844127,0.9822252,-0.03500712
1356424834089,0.8552468,-0.13722074,0.4997234,0.48046255,-0.15138185,-0.8638514,0.19418737,0.9789045,-0.063539416
1356424834129,0.80397475,-0.09055607,0.58772796,0.5626324,-0.20415805,-0.8011019,0.19253401,0.9747405,-0.11318815
1356424834179,0.7709714,-0.028874815,0.63621485,0.61075485,-0.24961036,-0.7514474,0.18050374,0.9679157,-0.17480701
1356424834199,0.8018994,0.034876913,0.5964402,0.5784353,-0.29523072,-0.7604284,0.14956608,0.95478916,-0.25691935
1356424834239,0.84361124,0.090927124,0.52919966,0.5250907,-0.3457277,-0.7776581,0.11224882,0.93391895,-0.33940476
1356424834269,0.863601,0.1346884,0.48585212,0.49716285,-0.38766837,-0.776236,0.08379948,0.9119058,-0.4017529
1356424834309,0.85409945,0.16998771,0.49154687,0.51509655,-0.4073565,-0.754146,0.07203926,0.8973098,-0.43548304
1356424834349,0.81142855,0.2024598,0.54826427,0.57973796,-0.39771974,-0.7111419,0.074077874,0.8948905,-0.4400948
1356424834389,0.7283999,0.2321347,0.6446294,0.6799454,-0.36068413,-0.6384209,0.08430791,0.9033385,-0.42056122
1356424834429,0.59591866,0.25409207,0.76178616,0.7969912,-0.30339158,-0.5222628,0.09841663,0.9183631,-0.3833059
1356424834469,0.41971746,0.26031297,0.8695253,0.9006353,-0.23835501,-0.36337695,0.112664014,0.93564093,-0.33448884
1356424834509,0.22892162,0.24657035,0.9416995,0.96553695,-0.18057123,-0.18743637,0.12382761,0.9521539,-0.2794094
1356424834549,0.060894728,0.21684232,0.9743055,0.98963237,-0.14032155,-0.030622572,0.13007578,0.966069,-0.22313899
1356424834587,-0.062098145,0.17915085,0.9818598,0.9894099,-0.11826247,0.08415398,0.13119343,0.97668767,-0.16990978
1356424834628,-0.13537955,0.13970003,0.98089564,0.9825201,-0.10874522,0.15109137,0.12777519,0.9842044,-0.12253618
1356424834668,-0.15770614,0.10167056,0.9822382,0.9800969,-0.10534006,0.16826603,0.12057677,0.98922515,-0.08303422
1356424834708,-0.121949196,0.06628612,0.99032044,0.9863914,-0.102761745,0.12834367,0.110274434,0.99249494,-0.052852392
1356424834748,-0.0059955716,0.03359592,0.99941754,0.99517643,-0.09766394,0.009253114,0.097917944,0.99465215,-0.03284833
1356424834787,0.22047892,0.003419578,0.9753857,0.9716908,-0.08779964,-0.21933591,0.08488852,0.99613225,-0.02268073
1356424834828,0.5317443,-0.02167058,0.8466277,0.8438016,-0.07194537,-0.5318109,0.07243559,0.9971732,-0.019970894
1356424834868,0.7875092,-0.036569566,0.6152171,0.6131288,-0.054696046,-0.7880873,0.06246993,0.9978332,-0.020651788
1356424834908,0.91206574,-0.044326782,0.40764093,0.40589303,-0.043497536,-0.91288495,0.05819662,0.99806976,-0.021680687
1356424834948,0.9564993,-0.053604014,0.28676775,0.28495815,-0.038968056,-0.9577475,0.06251391,0.9978016,-0.021998018
