1356424330381,-0.2592163,-0.14500076,-0.9548726,-0.8827186,-0.36564022,0.29515266,-0.39193723,0.9193922,-0.033214986
1356424330439,0.4731729,0.2324346,0.84975386,0.7889824,0.31732178,-0.5261308,-0.39193642,0.91939163,-0.03323877
1356424330458,0.47324523,0.23252526,0.84968877,0.78894365,0.3172517,-0.52623135,-0.39192733,0.919393,-0.033311456
1356424330500,0.4734447,0.23259196,0.84955937,0.7888471,0.31714678,-0.5264392,-0.39188057,0.91941226,-0.033328056
1356424330535,0.47392312,0.2324191,0.84933984,0.7886294,0.3170688,-0.5268121,-0.39174032,0.9194828,-0.033026278
1356424330578,0.4748003,0.23184937,0.8490056,0.78825253,0.31702888,-0.5273999,-0.39143658,0.9196404,-0.032230407
1356424330617,0.47632465,0.23115432,0.84834105,0.78755236,0.31687787,-0.5285354,-0.39099377,0.91986746,-0.031109393
1356424330658,0.4784909,0.23068747,0.8472483,0.7864468,0.31658727,-0.5303526,-0.39057374,0.9200846,-0.029939294
1356424330698,0.4813047,0.23093995,0.84558415,0.7847872,0.31617433,-0.53305054,-0.39045465,0.9201633,-0.02906251
1356424330738,0.48467517,0.23241562,0.84325135,0.7825213,0.31554782,-0.5367401,-0.3908329,0.9200068,-0.028931946
1356424330778,0.4885137,0.23554263,0.8401631,0.77973044,0.31432593,-0.5414975,-0.3916308,0.91962975,-0.03010726
1356424330817,0.49268335,0.24046728,0.83632445,0.77666175,0.31197417,-0.5472372,-0.3925043,0.9191559,-0.033057272
1356424330858,0.49693197,0.24684963,0.8319398,0.773669,0.3082055,-0.5535753,-0.3930583,0.9187354,-0.037822783
1356424330898,0.50084114,0.25377935,0.8274988,0.7711281,0.30336526,-0.55975974,-0.39308986,0.91845834,-0.0437586
1356424330938,0.50378406,0.25977647,0.8238433,0.7694249,0.29857886,-0.5646556,-0.3926664,0.91835004,-0.04945922
1356424330978,0.5051739,0.26337713,0.8218466,0.7688392,0.2952359,-0.5672054,-0.39202762,0.9184053,-0.053349227
1356424331018,0.5047662,0.26382002,0.821955,0.7693862,0.29430726,-0.56694627,-0.39147907,0.91857624,-0.054423094
1356424331058,0.502923,0.26149273,0.82382643,0.7707019,0.2957929,-0.5643803,-0.39126337,0.9187645,-0.052771896
1356424331097,0.5004066,0.25741076,0.82663953,0.77218497,0.29912016,-0.56058687,-0.39156565,0.91884,-0.049087018
1356424331138,0.49801254,0.25249606,0.8295958,0.7731921,0.3038594,-0.55663586,-0.39262888,0.9186486,-0.04390219
1356424331178,0.4964506,0.24752581,0.8320263,0.77312064,0.30978096,-0.5534621,-0.39474207,0.9180233,-0.037576377
1356424331218,0.49635953,0.24342027,0.83329093,0.77138567,0.31666052,-0.5519875,-0.39823532,0.91677296,-0.030593455
1356424331257,0.49824515,0.24112791,0.83283204,0.7675393,0.3241125,-0.5530231,-0.40328056,0.9147724,-0.023587644
1356424331309,0.5021363,0.24112785,0.8304917,0.76134694,0.33218807,-0.5567782,-0.41013414,0.91187084,-0.01677823
1356424331339,0.50804925,0.24381459,0.82609946,0.75270844,0.34055927,-0.5634265,-0.41870743,0.90806043,-0.010500401
1356424331379,0.5158185,0.24964295,0.81951797,0.7417478,0.3484956,-0.5730279,-0.42865083,0.903454,-0.0054116547
1356424331409,0.5243192,0.25728643,0.8117223,0.7301159,0.3547215,-0.58404064,-0.43820107,0.8988751,-0.0018616021
1356424331439,0.5326152,0.26626503,0.8033829,0.71855426,0.35931015,-0.5954629,-0.4472146,0.8944267,4.8160553E-5
1356424331479,0.54079086,0.27707988,0.79421157,0.7068991,0.3620299,-0.6076414,-0.45589358,0.8900344,-8.5026026E-5
1356424331519,0.5472566,0.28661105,0.78636146,0.697332,0.3634465,-0.6177659,-0.46285883,0.88643146,-9.6455216E-4
1356424331549,0.5512898,0.29290813,0.78120697,0.690877,0.3646575,-0.6242706,-0.46772686,0.883872,-0.001331538
1356424331589,0.5525802,0.29395917,0.7798995,0.6884681,0.36640805,-0.6259048,-0.46975192,0.88279855,8.830428E-5
1356424331619,0.5526787,0.29235667,0.78043175,0.6880045,0.3684151,-0.625236,-0.47031474,0.8824952,0.00247249
1356424331659,0.55186385,0.2877589,0.78271395,0.6891349,0.37118316,-0.62234735,-0.46961623,0.8828465,0.0065378547
1356424331699,0.55332905,0.28413942,0.7830018,0.68795466,0.3740893,-0.62191284,-0.46962258,0.88279223,0.011519402
1356424331730,0.5590083,0.28417075,0.77894586,0.6823366,0.37608546,-0.6268784,-0.47109073,0.88193357,0.016334772
1356424331769,0.5677282,0.2880373,0.7711804,0.67219704,0.37858242,-0.6362598,-0.47522187,0.8796078,0.021314114
1356424331799,0.5816456,0.29563028,0.75782,0.65753436,0.37759328,-0.6519754,-0.4788914,0.87751126,0.025238395
1356424331839,0.5958202,0.30243486,0.7439969,0.64419806,0.3732281,-0.6676149,-0.4795906,0.8770599,0.02754888
1356424331869,0.61202455,0.30881745,0.7280507,0.6304397,0.36529085,-0.68491495,-0.47746396,0.8781768,0.028876185
1356424331899,0.62566876,0.31130546,0.7152814,0.62100106,0.35616964,-0.6982126,-0.4721189,0.88104033,0.029523194
1356424331929,0.6362909,0.30981916,0.70650256,0.6163634,0.34657755,-0.7070927,-0.4639288,0.885379,0.02956298
1356424331959,0.6435734,0.30501556,0.7019821,0.6164992,0.3369536,-0.7116115,-0.45358798,0.89074564,0.028812528
1356424331989,0.64722264,0.2979656,0.7016548,0.62106574,0.3276042,-0.7120062,-0.4420184,0.89660025,0.026976615
1356424332029,0.646518,0.28901115,0.70603615,0.6313814,0.31676918,-0.70782393,-0.4282195,0.90339905,0.022320688
1356424332059,0.6378663,0.27878383,0.7179179,0.6484016,0.30861035,-0.69594187,-0.4155742,0.909417,0.016088247
1356424332089,0.62478113,0.27029437,0.7325227,0.6679019,0.3009195,-0.6807015,-0.40442014,0.9145428,0.007478744
1356424332119,0.6060274,0.26399317,0.7503589,0.6905217,0.29366127,-0.6610165,-0.3948552,0.9187332,-0.004326254
1356424332149,0.58142406,0.2611717,0.77054226,0.7156809,0.2862782,-0.63706017,-0.38697156,0.9218645,-0.020466566
1356424332179,0.55146587,0.2636636,0.79143345,0.74208647,0.27830604,-0.6097979,-0.3810422,0.9235948,-0.04218492
1356424332219,0.523803,0.28346294,0.80329263,0.7630566,0.2630379,-0.59038615,-0.37864897,0.9222038,-0.07851821
1356424332249,0.4818124,0.30750343,0.82054764,0.7902404,0.25215682,-0.5585133,-0.37865144,0.9175285,-0.12150937
1356424332309,0.45349184,0.35622936,0.81697357,0.8044799,0.23093036,-0.5472506,-0.38361073,0.90541255,-0.18185434
1356424332329,0.42678836,0.42011753,0.8008452,0.81521356,0.20464423,-0.54180044,-0.39150816,0.88409394,-0.25514567
1356424332369,0.4028044,0.48823348,0.7741943,0.8239833,0.174835,-0.53896606,-0.39849752,0.855021,-0.33187187
1356424332399,0.37700397,0.5435388,0.7499557,0.83466756,0.15161574,-0.5294739,-0.40149468,0.8255775,-0.39651448
1356424332429,0.35298985,0.58346117,0.73141736,0.8455446,0.13575023,-0.51635873,-0.40056533,0.8007153,-0.44542396
1356424332459,0.32853937,0.6069525,0.7236509,0.8569074,0.13066751,-0.4986338,-0.3972047,0.7839226,-0.47717267
1356424332489,0.3023765,0.61481446,0.7284035,0.86814624,0.13788551,-0.4767701,-0.39356142,0.77652484,-0.49205548
1356424332529,0.26658058,0.59950566,0.7546706,0.880551,0.16686714,-0.44360495,-0.39187345,0.78278244,-0.4834118
1356424332559,0.23509252,0.57490885,0.78371644,0.88928664,0.19821537,-0.41216502,-0.39230195,0.7938454,-0.4646598
1356424332589,0.20311517,0.54053104,0.8164376,0.89595795,0.23374695,-0.37765294,-0.39497292,0.8082008,-0.4368155
1356424332630,0.16243213,0.48563814,0.8589362,0.9014069,0.28104275,-0.32936388,-0.4013495,0.82775027,-0.39210725
1356424332659,0.1362505,0.42991158,0.8925311,0.9027492,0.3171788,-0.29058802,-0.40801913,0.8453245,-0.3448866
1356424332689,0.11456251,0.37258267,0.92090046,0.902704,0.3479609,-0.25307864,-0.41473007,0.8602938,-0.29646856
1356424332729,0.093102306,0.30801013,0.9468167,0.9015602,0.37746522,-0.21144593,-0.4225179,0.8732983,-0.2425468
1356424332769,0.092895344,0.25169086,0.9633391,0.8979014,0.39694017,-0.19029349,-0.43028316,0.8826609,-0.1891197
1356424332799,0.11846699,0.21396622,0.96963084,0.89173007,0.40662557,-0.19867837,-0.43678713,0.88818586,-0.14262837
1356424332829,0.15472412,0.18948674,0.96961606,0.8833666,0.41295207,-0.22166207,-0.44240692,0.8908229,-0.10349262
1356424332869,0.20402133,0.17949393,0.96237063,0.87044525,0.41660297,-0.26223484,-0.4479961,0.89119244,-0.07124376
1356424332909,0.2807805,0.19155365,0.94046235,0.8457752,0.41380376,-0.33679476,-0.4536811,0.8899852,-0.045823336
1356424332939,0.37540203,0.22060224,0.9002266,0.80513823,0.403538,-0.4346372,-0.4591576,0.88797057,-0.026126325
1356424332969,0.46672395,0.2559139,0.8465677,0.7522349,0.38851574,-0.5321637,-0.46509296,0.88519126,-0.011177808
1356424332999,0.5512858,0.2950964,0.78038585,0.68800604,0.36830664,-0.6252982,-0.47194457,0.8816282,1.4126301E-5
1356424333039,0.627037,0.33739907,0.7021299,0.613088,0.34230113,-0.71200633,-0.4805701,0.8769218,0.0077801645
1356424333069,0.692211,0.3769808,0.6154099,0.5325388,0.3087055,-0.788101,-0.4870794,0.87326187,0.01293242
1356424333109,0.73614496,0.4017834,0.5446657,0.4695425,0.2764247,-0.838522,-0.48746327,0.8730175,0.014834285
1356424333149,0.76413435,0.4099245,0.49805686,0.4311049,0.24982026,-0.8670285,-0.47984096,0.8772409,0.014175758
1356424333207,0.77881336,0.40265778,0.48095366,0.42094013,0.23295549,-0.8766649,-0.46503672,0.885211,0.011934042
1356424333228,0.781968,0.38477987,0.49037802,0.4353919,0.2258012,-0.871463,-0.44604933,0.8949627,0.009039283
1356424333268,0.7730229,0.36107287,0.5215956,0.4696931,0.22690108,-0.853173,-0.42640826,0.90451217,0.005806297
1356424333305,0.7491615,0.3342785,0.5718522,0.5213159,0.23504901,-0.8203546,-0.4086402,0.91269374,0.0018249601
1356424333335,0.70595735,0.30443254,0.6394881,0.58868074,0.24981636,-0.76879567,-0.39380097,0.9191913,-0.0028538406
1356424333377,0.6512264,0.2769243,0.706553,0.65630025,0.26193842,-0.7075721,-0.38101724,0.92450047,-0.011164278
1356424333418,0.56865835,0.24846864,0.78414977,0.7344287,0.27596793,-0.62004524,-0.37046194,0.92849606,-0.025550991
1356424333458,0.46878844,0.22896779,0.8531185,0.80503154,0.28674984,-0.5193253,-0.36354035,0.93024105,-0.049901277
1356424333497,0.3701083,0.23087299,0.8998431,0.8551643,0.29373908,-0.42709658,-0.36292413,0.9275856,-0.08871907
1356424333537,0.28927726,0.2629917,0.9204097,0.8822433,0.299847,-0.3629581,-0.37143707,0.9170208,-0.14528376
1356424333578,0.23153913,0.32434064,0.91716564,0.8916326,0.30631006,-0.33341485,-0.38907707,0.89497334,-0.21826994
1356424333618,0.18971777,0.40101388,0.8962115,0.89193296,0.31118572,-0.3280535,-0.41044223,0.86159813,-0.29864
1356424333658,0.14919573,0.46963042,0.87016547,0.8915642,0.31667507,-0.32377502,-0.4276143,0.8241142,-0.37145907
1356424333698,0.09627641,0.5091835,0.8552561,0.8943795,0.33283788,-0.2988382,-0.43682507,0.79369456,-0.42335886
1356424333738,0.024740338,0.5092952,0.8602361,0.8974464,0.36779028,-0.24355742,-0.44042915,0.7780415,-0.44796592
1356424333778,-0.06314301,0.46870288,0.8810962,0.8945254,0.41805637,-0.15828145,-0.44253486,0.7781686,-0.44566405
1356424333817,-0.15886623,0.39167756,0.90628374,0.8814668,0.4697489,-0.04850006,-0.44472218,0.791154,-0.419878
1356424333858,-0.24894373,0.29087025,0.92380816,0.85950583,0.5059865,0.07230094,-0.44640428,0.8120173,-0.3759668
1356424333898,-0.3212517,0.18370584,0.9290046,0.8347633,0.51817065,0.18619728,-0.44717735,0.8353151,-0.3198141
1356424333937,-0.37018478,0.08475971,0.9250833,0.8140229,0.5093987,0.2790694,-0.44758236,0.85634613,-0.257568
1356424333978,-0.39598894,0.00215137,0.91825277,0.80131584,0.48915362,0.34441483,-0.4484257,0.872195,-0.19542336
1356424334018,-0.40174356,-0.06157759,0.91367954,0.79750717,0.4668632,0.38212705,-0.4500938,0.8821831,-0.13845068
1356424334058,-0.3909117,-0.10680747,0.9142102,0.80160546,0.44862574,0.39517555,-0.45234588,0.88731456,-0.089755595
1356424334098,-0.36632746,-0.13498092,0.92064345,0.81184006,0.43709743,0.38711953,-0.45466468,0.88922775,-0.050537884
1356424334138,-0.33023182,-0.14786226,0.93224657,0.8260399,0.43263313,0.36122933,-0.45673287,0.88936234,-0.020729065
1356424334178,-0.28424224,-0.14681792,0.94744444,0.8419418,0.434494,0.31992042,-0.45862898,0.8886279,1.10566616E-4
1356424334218,-0.22987396,-0.13303357,0.96408504,0.85711306,0.44155854,0.2652983,-0.4609936,0.8873151,0.012521982
1356424334257,-0.16927901,-0.108620346,0.9795643,0.86903375,0.45237604,0.20034048,-0.46489248,0.88518786,0.01781696
1356424334307,-0.10571787,-0.077130824,0.9914003,0.8759849,0.4646131,0.12955743,-0.47061044,0.8821482,0.018447518
1356424334343,-0.04302278,-0.042647302,0.99816346,0.8784258,0.47433034,0.058128,-0.4759382,0.87931335,0.017055452
1356424334378,0.014741689,-0.009243786,0.9998486,0.87891734,0.4768975,-0.00854966,-0.4767462,0.8789103,0.015154839
1356424334417,0.0634722,0.018598616,0.99781036,0.8802837,0.47000766,-0.06475684,-0.47018293,0.88246644,0.013460338
1356424334458,0.09985553,0.03734082,0.99430096,0.8839573,0.45542222,-0.10587722,-0.45678028,0.8894921,0.012468755
1356424334498,0.12283546,0.046606332,0.99133205,0.8897877,0.4372263,-0.13080883,-0.43953297,0.89814305,0.012237132
1356424334538,0.13326249,0.048796356,0.9898789,0.8969633,0.41888204,-0.14140263,-0.42154244,0.9067286,0.012052715
1356424334577,0.1326753,0.047344565,0.9900282,0.9048307,0.40192932,-0.1404787,-0.4045723,0.9144459,0.010487258
1356424334618,0.12275489,0.045989424,0.9913709,0.9129816,0.3864072,-0.13097385,-0.3890963,0.9211811,0.005445838
1356424334657,0.10539478,0.049024343,0.9932213,0.9208907,0.37213427,-0.116087615,-0.37530282,0.9268833,-0.0059250593
1356424334697,0.08291656,0.06175202,0.9946414,0.9276417,0.35992414,-0.099677026,-0.36415067,0.9309357,-0.027440071
1356424334738,0.05742207,0.08978501,0.9943044,0.93198085,0.35224858,-0.085630596,-0.35793066,0.9315898,-0.06345105
1356424334778,0.030464157,0.1375908,0.9900205,0.93259335,0.35247016,-0.077682555,-0.35964105,0.92565304,-0.11757851
1356424334817,0.0025203675,0.20559064,0.97863483,0.9287398,0.3623243,-0.078508586,-0.3707238,0.9090949,-0.190027
1356424334858,-0.027170673,0.28638992,0.95772785,0.9210565,0.3795054,-0.08735341,-0.38848,0.879748,-0.27409267
1356424334898,-0.060935512,0.36221686,0.93009996,0.9117725,0.39936757,-0.09579444,-0.40615013,0.8422022,-0.35459507
1356424334937,-0.10062553,0.41321844,0.9050552,0.90277225,0.4202714,-0.091510355,-0.41818255,0.8078505,-0.4153322
1356424334978,-0.14635593,0.42809066,0.89180624,0.8935995,0.4439203,-0.066443264,-0.42433465,0.78719324,-0.4475119
1356424335018,-0.19600846,0.40584883,0.89267427,0.882437,0.4700083,-0.019925684,-0.4276511,0.78382325,-0.45026165
1356424335058,-0.2454267,0.35218033,0.9031803,0.8687345,0.49334693,0.04369402,-0.430193,0.7953476,-0.4270317
1356424335097,-0.2890374,0.27722105,0.9163001,0.85428095,0.5066602,0.116187096,-0.43204337,0.8163602,-0.38326842
1356424335137,-0.32167917,0.19265586,0.9270417,0.8420498,0.5059309,0.18704581,-0.43298358,0.84078395,-0.3249733
1356424335178,-0.33997148,0.10949421,0.93403983,0.83463943,0.4927979,0.24602282,-0.43335477,0.86322725,-0.25892544
1356424335218,-0.3427777,0.036313027,0.93871444,0.8332881,0.47312525,0.28597826,-0.43374473,0.88024646,-0.19243598
1356424335257,-0.33073637,-0.021911472,0.9434688,0.8376117,0.45375088,0.30416584,-0.43476453,0.8908591,-0.13171864
1356424335311,-0.3053139,-0.06350696,0.9501318,0.8460353,0.4398464,0.3012631,-0.4370443,0.8958248,-0.080562055
1356424335339,-0.26789352,-0.08821857,0.95940113,0.8565649,0.4340563,0.27909082,-0.4410551,0.89655596,-0.040715933
1356424335379,-0.2201221,-0.096259594,0.97071135,0.86697096,0.43681008,0.23991334,-0.44711044,0.8943887,-0.012697279
1356424335419,-0.16365665,-0.08800414,0.98258424,0.8750721,0.4469179,0.18577746,-0.45548365,0.8902358,0.003868878
1356424335449,-0.10144392,-0.068015605,0.9925134,0.8797623,0.45964733,0.121418774,-0.46446452,0.8854932,0.013209164
1356424335489,-0.040367603,-0.0384849,0.9984435,0.8788464,0.47406113,0.053804904,-0.47539392,0.8796505,0.014685631
1356424335527,0.022177756,-0.001953274,0.99975216,0.87476027,0.48420423,-0.018459022,-0.48404816,0.87495285,0.012447238
1356424335568,0.0809906,0.034154683,0.9961295,0.8705859,0.48419422,-0.08738497,-0.48530474,0.8742937,0.009480596
1356424335608,0.13166039,0.06291458,0.9892963,0.869344,0.47223336,-0.14572829,-0.47634718,0.87922543,0.0074800253
1356424335647,0.17170435,0.08052105,0.9818523,0.8720796,0.45118028,-0.1895085,-0.45825174,0.8887928,0.0072488785
1356424335687,0.20125669,0.08778298,0.97559714,0.8777275,0.4259808,-0.2193963,-0.43484494,0.9004635,0.008681953
1356424335727,0.2220126,0.0883629,0.9710316,0.88460433,0.40061665,-0.23870796,-0.41010433,0.91197497,0.010775745
1356424335767,0.23582499,0.086242735,0.9679612,0.891657,0.37688208,-0.25081414,-0.38643804,0.9222376,0.011979282
1356424335808,0.24385689,0.08486599,0.96609086,0.8986582,0.35475338,-0.257999,-0.3646193,0.9311003,0.010243535
1356424335848,0.24644466,0.08803445,0.96515024,0.9056453,0.33365816,-0.26168448,-0.34506753,0.9385745,0.0025002956
1356424335888,0.24352032,0.10135001,0.964586,0.9122866,0.3137154,-0.2632792,-0.32928887,0.94409263,-0.016064167
1356424335928,0.23485124,0.13230473,0.96298516,0.917599,0.2966947,-0.2645455,-0.3207132,0.94576305,-0.05172354
1356424335968,0.22009481,0.18822551,0.9571465,0.9202328,0.28545696,-0.26774246,-0.3236201,0.9397263,-0.11038369
1356424336007,0.19819261,0.26840654,0.942697,0.9197867,0.2814085,-0.27349913,-0.3386919,0.9212856,-0.19110364
1356424336047,0.16932562,0.35846326,0.91805935,0.91745925,0.28292266,-0.27968428,-0.35999632,0.88963974,-0.28096938
1356424336088,0.13675883,0.43495113,0.8900081,0.91518503,0.28837672,-0.28155848,-0.37912175,0.8530277,-0.35862267
1356424336127,0.10594565,0.4807019,0.8704604,0.9134681,0.2988156,-0.27619776,-0.39287594,0.8243997,-0.40744764
1356424336186,0.081425995,0.4918229,0.8668796,0.91134983,0.31537893,-0.26453292,-0.4034989,0.8115704,-0.42254263
1356424336208,0.065692686,0.47266036,0.87879276,0.9083913,0.33612308,-0.24868968,-0.41292822,0.8146248,-0.40727967
1356424336249,0.059891574,0.43058348,0.90056145,0.90537834,0.35649115,-0.23066026,-0.4203607,0.8291634,-0.36849016
1356424336285,0.06465593,0.37546414,0.924579,0.9031102,0.37212792,-0.21427283,-0.42451346,0.8488507,-0.3150252
1356424336315,0.08012983,0.32439685,0.9425211,0.9011229,0.3806235,-0.20761335,-0.42609477,0.86596334,-0.26182216
1356424336358,0.09969886,0.26915315,0.9579232,0.899279,0.38766384,-0.20251945,-0.4258609,0.88163114,-0.20339411
1356424336398,0.13235907,0.22208369,0.966002,0.89545953,0.39108986,-0.21260503,-0.42500973,0.89315593,-0.14710271
1356424336437,0.17493343,0.18680534,0.96669644,0.8882812,0.3935542,-0.2367942,-0.42468184,0.90012157,-0.09708989
1356424336478,0.22604759,0.1656948,0.95992064,0.87622154,0.39595914,-0.27468535,-0.42560327,0.90319514,-0.05567974
1356424336518,0.28358662,0.15906,0.9456631,0.8582307,0.39784384,-0.32428437,-0.42780688,0.90355974,-0.023687005
1356424336557,0.34501898,0.16593155,0.923812,0.83383775,0.39767396,-0.3828447,-0.43090194,0.902398,-0.0011548996
1356424336598,0.40730992,0.18473431,0.8944114,0.80295277,0.39419296,-0.44707793,-0.4351613,0.90026945,0.012225777
1356424336638,0.4677785,0.21363935,0.85763717,0.7655059,0.38710433,-0.5139562,-0.4417963,0.8969439,0.017536908
1356424336677,0.5237645,0.24945708,0.8145195,0.72241133,0.37663615,-0.5798855,-0.45143405,0.89214146,0.017058015
1356424336717,0.5733503,0.28677088,0.76748407,0.6767186,0.3623129,-0.64092225,-0.4618672,0.88684374,0.013669044
1356424336758,0.61578786,0.31847686,0.72067875,0.63367367,0.34340754,-0.69320196,-0.46825534,0.88354045,0.009655774
1356424336798,0.6513587,0.33894923,0.67885584,0.5982102,0.32098234,-0.7342444,-0.4667723,0.884355,0.0063117743
1356424336838,0.6806664,0.34729582,0.6450417,0.57207817,0.2980317,-0.76413584,-0.45762408,0.88913584,0.0041797757
1356424336878,0.7037266,0.34668267,0.62014514,0.55460584,0.27749127,-0.78448135,-0.44405097,0.8959965,0.003005743
1356424336918,0.71995735,0.34119827,0.6043551,0.54511756,0.26095122,-0.7967128,-0.4295442,0.9030438,0.0018805861
1356424336958,0.7283767,0.333228,0.59868723,0.54467595,0.24850512,-0.8009826,-0.41568667,0.90950763,-4.9594045E-4
1356424336998,0.7274881,0.32370806,0.604958,0.5557333,0.23910263,-0.7962351,-0.40239474,0.9154469,-0.005951047
1356424337038,0.715357,0.31414396,0.6241617,0.5802781,0.2305572,-0.7811022,-0.3892835,0.92095435,-0.01736015
1356424337078,0.69027436,0.30888814,0.6543007,0.6175095,0.21980378,-0.7552272,-0.37709847,0.9253509,-0.039016455
1356424337118,0.65265906,0.31591278,0.6886474,0.66214526,0.20393029,-0.72109365,-0.3682388,0.926613,-0.07608321
1356424337158,0.6066079,0.34417456,0.7166385,0.7058278,0.18165085,-0.68469715,-0.36583334,0.92116606,-0.13273713
1356424337198,0.5581972,0.39672005,0.7287175,0.7420349,0.1542502,-0.6523735,-0.37121445,0.9048868,-0.20827809
1356424337238,0.5116001,0.46397448,0.72318256,0.769925,0.12607852,-0.6255555,-0.38141954,0.8768306,-0.29272375
1356424337310,0.46927142,0.53219604,0.7046642,0.7912191,0.10093689,-0.603145,-0.39211804,0.8405825,-0.37371695
1356424337329,0.4170546,0.5719538,0.70635295,0.81748295,0.10360128,-0.5665585,-0.3972243,0.81371725,-0.42435503
1356424337369,0.3622506,0.5808382,0.7289729,0.8421905,0.1311265,-0.5229923,-0.39936152,0.8033883,-0.44167572
1356424337409,0.3003182,0.55918,0.7727397,0.86500204,0.18174943,-0.46769512,-0.4019708,0.8088788,-0.42910922
1356424337449,0.2281161,0.5073754,0.8309833,0.8848496,0.24804592,-0.39435303,-0.406207,0.8252535,-0.39236766
1356424337490,0.14616,0.42732006,0.8922078,0.8996659,0.31763697,-0.29951295,-0.41138607,0.8464657,-0.3380195
1356424337529,0.060823515,0.3266603,0.9431827,0.9071933,0.3760078,-0.1887286,-0.41629422,0.86712813,-0.27347392
1356424337569,-0.017283916,0.21953526,0.97545147,0.907444,0.4130782,-0.07688859,-0.41981748,0.88383865,-0.20635557
1356424337609,-0.07849154,0.12140182,0.98949516,0.90347517,0.42821345,0.01913026,-0.42139268,0.8954859,-0.14329463
1356424337649,-0.11781955,0.04300192,0.9921035,0.89921355,0.42852455,0.0882141,-0.42134732,0.9025063,-0.08915645
1356424337689,-0.13529652,-0.011912167,0.9907335,0.8969787,0.42326355,0.12758231,-0.42086112,0.90592825,-0.04658109
1356424337729,-0.13342848,-0.044320017,0.990067,0.89690435,0.41959348,0.13965622,-0.42161524,0.90662956,-0.016234934
1356424337769,-0.1153028,-0.057308137,0.9916759,0.89762896,0.42153454,0.12872803,-0.42540282,0.90499973,0.0028373003
1356424337809,-0.08412841,-0.054683685,0.9949533,0.8971462,0.43037882,0.09951237,-0.43364856,0.9009905,0.012852132
1356424337849,-0.04270315,-0.04012862,0.9982816,0.8941648,0.44420886,0.056105554,-0.44569695,0.8950241,0.01691246
1356424337889,0.0062480867,-0.016854972,0.9998385,0.8891499,0.45761105,0.0021578074,-0.45757353,0.8889927,0.01784575
1356424337929,0.058697104,0.011179268,0.99821323,0.8839264,0.4641176,-0.057174563,-0.46392745,0.885703,0.017360747
1356424337969,0.10707258,0.037383437,0.99354815,0.8804788,0.46061277,-0.11221841,-0.46183607,0.88681364,0.016403675
1356424338009,0.14122532,0.054275244,0.98848855,0.88058054,0.4493696,-0.15048218,-0.4523641,0.89169574,0.01566869
1356424338049,0.15247394,0.05761105,0.98662686,0.8855274,0.43532723,-0.16226956,-0.43885398,0.898427,0.015359938
1356424338089,0.13584408,0.04731947,0.9895995,0.8953323,0.42179415,-0.1430727,-0.42417747,0.90545595,0.01493156
1356424338129,0.090951174,0.026498586,0.9955027,0.90782416,0.4087213,-0.093820125,-0.40936923,0.9122745,0.013117671
1356424338169,0.024211526,0.0018445551,0.99970514,0.9187031,0.39427996,-0.022977203,-0.3942061,0.91898847,0.007851481
1356424338209,-0.050927967,-0.016464382,0.9985666,0.9241153,0.3783683,0.053369433,-0.37870458,0.92550874,-0.0040545464
1356424338249,-0.11950362,-0.017594576,0.99267787,0.92354584,0.36499518,0.11765048,-0.3643927,0.9308431,-0.027368844
1356424338309,-0.17214707,0.0064965785,0.98504984,0.91900516,0.36110225,0.15822357,-0.35467577,0.93250364,-0.068133056
1356424338329,-0.2072159,0.058923423,0.9765191,0.9122635,0.3721441,0.17112571,-0.3533225,0.92630273,-0.13086784
1356424338369,-0.22790816,0.13666144,0.9640444,0.9042182,0.39697137,0.1574907,-0.36117512,0.9075998,-0.21404475
1356424338409,-0.24451575,0.22339174,0.94356143,0.8948283,0.42680606,0.13083902,-0.37348935,0.87631774,-0.30425805
1356424338449,-0.27139914,0.29152504,0.91725445,0.8825966,0.4554997,0.11637598,-0.38388264,0.8411499,-0.38092119
1356424338479,-0.3144536,0.32424164,0.8921807,0.8653525,0.48427707,0.12899897,-0.39023578,0.81261504,-0.43286604
1356424338519,-0.3770811,0.30792388,0.8734946,0.8377646,0.515538,0.17991948,-0.3949182,0.7996271,-0.45236737
1356424338559,-0.45138812,0.24867845,0.856976,0.79776645,0.54272544,0.26271236,-0.39977175,0.80225194,-0.44336712
1356424338599,-0.5228976,0.16283005,0.83669853,0.7502531,0.55383515,0.36109135,-0.40459657,0.8165494,-0.41176283
1356424338639,-0.58054984,0.06895277,0.8112998,0.70426655,0.5425737,0.45784533,-0.40862024,0.83717334,-0.3635522
1356424338679,-0.62020403,-0.01906994,0.7842087,0.6676347,0.5120215,0.5404607,-0.41183823,0.85876095,-0.30482602
1356424338720,-0.64289904,-0.094596565,0.760087,0.6438853,0.47070944,0.6031951,-0.41484034,0.8772024,-0.24170935
1356424338759,-0.6512553,-0.15581162,0.7426905,0.6331763,0.42787474,0.6449891,-0.4182753,0.89030665,-0.17999947
1356424338799,-0.6477545,-0.20344464,0.73418283,0.6338889,0.39064795,0.6675172,-0.4226098,0.89777756,-0.124082685
1356424338839,-0.6338874,-0.23869763,0.73567,0.6441029,0.36363983,0.6729766,-0.42815685,0.90043855,-0.07676089
1356424338879,-0.6099124,-0.26219037,0.7478389,0.6622306,0.3496942,0.662695,-0.43526715,0.8994277,-0.039652288
1356424338919,-0.57428384,-0.27321893,0.7717185,0.6876182,0.35058808,0.63582164,-0.44427383,0.8957898,-0.013466716
1356424338959,-0.5235848,-0.27002025,0.80805206,0.7200922,0.36663544,0.5891059,-0.4553311,0.8903188,0.0024747252
1356424338999,-0.4512685,-0.24884301,0.8569912,0.7601091,0.39595157,0.5152247,-0.46753705,0.8839115,0.01046741
1356424339039,-0.34606957,-0.20246416,0.91610265,0.8073023,0.43323183,0.4007157,-0.47801542,0.8782474,0.013521433
1356424339079,-0.19504005,-0.123131126,0.97303563,0.85379744,0.46693224,0.23022643,-0.4826898,0.87567866,0.014058471
1356424339119,-0.0031514466,-0.017172098,0.99984753,0.87795585,0.47861543,0.010987341,-0.47873113,0.8778567,0.013567984
1356424339177,0.18911448,0.08535048,0.9782387,0.86414397,0.45866635,-0.20707574,-0.46635923,0.88450015,0.012985349
1356424339198,0.34038517,0.15750572,0.92700046,0.82650375,0.4199817,-0.3748424,-0.448363,0.8937602,0.012776494
1356424339238,0.44298464,0.19747776,0.87450963,0.78770095,0.380077,-0.48483875,-0.42812592,0.90362823,0.01281482
1356424339288,0.5060388,0.21364722,0.8356313,0.76116633,0.3450348,-0.5491601,-0.4056484,0.9139507,0.011979938
1356424339315,0.5417774,0.21787092,0.81179404,0.7467638,0.31851327,-0.5838606,-0.38577342,0.92254084,0.009865165
1356424339357,0.5619167,0.21940318,0.7975662,0.74134076,0.2941644,-0.6032256,-0.36696517,0.93023086,0.0026433766
1356424339398,0.56723356,0.22386384,0.7925472,0.7452906,0.26992872,-0.609656,-0.3504112,0.9364953,-0.013730973
1356424339437,0.56665623,0.24302816,0.78729796,0.7507998,0.24130645,-0.6148747,-0.33941197,0.9395257,-0.0457277
1356424339477,0.56712246,0.28820917,0.7715617,0.7507613,0.2043561,-0.6281687,-0.33871728,0.9355073,-0.10048136
1356424339518,0.57023335,0.36210224,0.7373709,0.7428844,0.15584224,-0.6510268,-0.3506518,0.91901857,-0.18013364
1356424339558,0.5712556,0.45036507,0.68617654,0.7324326,0.097580135,-0.6738105,-0.37041792,0.8874961,-0.2741189
1356424339597,0.5656896,0.52786577,0.63352424,0.7273363,0.042606413,-0.6849574,-0.38855773,0.8482585,-0.35983396
1356424339638,0.5553486,0.5781131,0.59780705,0.7290392,0.0074158907,-0.6844317,-0.40011218,0.815923,-0.41734868
1356424339678,0.5451012,0.5992397,0.5863245,0.7329713,-0.0011536479,-0.6802585,-0.40696153,0.8005688,-0.43985438
1356424339717,0.53840595,0.59545857,0.5962786,0.73510164,0.014074863,-0.67781085,-0.41200083,0.80326277,-0.43014458
1356424339757,0.5369551,0.5713788,0.6206493,0.734113,0.04600084,-0.67746747,-0.41564092,0.81939626,-0.3947562
1356424339798,0.5417574,0.5317995,0.6509134,0.72962564,0.08693737,-0.6782981,-0.41730732,0.84239614,-0.3409156
1356424339838,0.5541787,0.48347756,0.67759526,0.72022814,0.12960619,-0.681523,-0.41732165,0.86570877,-0.27638915
1356424339878,0.5758206,0.43489283,0.692314,0.70336515,0.16816667,-0.69064987,-0.41678283,0.8846401,-0.20905465
1356424339918,0.6080255,0.39435124,0.68905157,0.67567706,0.19866821,-0.7099235,-0.41685182,0.897228,-0.14565873
1356424339958,0.6508337,0.36806867,0.66403383,0.6335218,0.21872455,-0.7421655,-0.41840833,0.90370625,-0.09082621
1356424339998,0.7016232,0.35917386,0.6154015,0.57405615,0.226713,-0.78680414,-0.42211902,0.9053151,-0.047118843
1356424340038,0.7550846,0.36761275,0.5428703,0.49628058,0.22060245,-0.83966666,-0.42843068,0.9034353,-0.01586558
1356424340078,0.8033569,0.38955832,0.45040214,0.40391362,0.19930762,-0.8928215,-0.43757463,0.89917785,0.002767235
1356424340118,0.83941054,0.41819236,0.34713838,0.30579582,0.16462114,-0.9377574,-0.44930926,0.89331686,0.010303244
1356424340158,0.86069685,0.4459171,0.24568051,0.21325728,0.1224159,-0.9692965,-0.46230108,0.8866636,0.010267913
1356424340198,0.870325,0.4664673,0.15793239,0.13588765,0.080777556,-0.9874257,-0.47335917,0.8808423,0.0069155917
1356424340238,0.8747844,0.47573882,0.09178667,0.07900566,0.046844542,-0.9957729,-0.47802752,0.8783383,0.0033928156
1356424340310,0.88181245,0.46846282,0.054308698,0.047162697,0.026981562,-0.9985227,-0.46923614,0.883071,0.00169871
1356424340329,0.8907574,0.45330274,0.032679275,0.028082192,0.016870141,-0.99946326,-0.45361072,0.891197,0.0022974573
1356424340369,0.9008149,0.43329597,0.028055891,0.023040012,0.016823798,-0.999593,-0.4335916,0.9010947,0.0051719807
1356424340409,0.910581,0.41149676,0.038893327,0.031542405,0.024642345,-0.99919856,-0.4121254,0.911078,0.009459253
1356424340449,0.9187696,0.38902587,0.06723973,0.056572482,0.03882572,-0.99764323,-0.39071968,0.92040825,0.013663735
1356424340489,0.9233033,0.36535016,0.118449405,0.104439855,0.057949483,-0.9928414,-0.36959887,0.9290646,0.015347835
1356424340528,0.9191826,0.34048265,0.19792652,0.18187451,0.07878208,-0.98016065,-0.34932077,0.9369444,0.01049
1356424340568,0.8980863,0.3186372,0.3031688,0.28819138,0.09437707,-0.95291066,-0.33224496,0.9431666,-0.0070697367
1356424340607,0.85524607,0.31173125,0.41397798,0.40544167,0.09502807,-0.90916806,-0.32275563,0.9454064,-0.04511647
1356424340648,0.8005166,0.33516806,0.4968255,0.50344497,0.073669165,-0.860881,-0.3251405,0.93927383,-0.10976528
1356424340687,0.7509244,0.39147332,0.53184694,0.5666301,0.03169167,-0.82336247,-0.33917958,0.9196435,-0.19802254
1356424340728,0.71098673,0.46210068,0.5300573,0.60500413,-0.017770052,-0.79602396,-0.3584241,0.88664937,-0.2922071
1356424340768,0.6737972,0.52319217,0.5217923,0.63614047,-0.051463306,-0.769855,-0.375929,0.8506594,-0.36749956
1356424340808,0.63280976,0.56266,0.5319451,0.66869843,-0.050763577,-0.7417988,-0.39037704,0.8251284,-0.4083735
1356424340848,0.5829338,0.5771046,0.5719601,0.70533365,-0.009971142,-0.7088054,-0.40335175,0.8166093,-0.41286382
1356424340888,0.5176607,0.5630507,0.64420605,0.74843806,0.06683022,-0.6598289,-0.41456953,0.8237158,-0.38681316
1356424340928,0.4305516,0.5150533,0.7411784,0.7976593,0.16711664,-0.57949257,-0.42233276,0.8407093,-0.33888465
1356424340967,0.32239968,0.43173128,0.8424171,0.8452526,0.2693441,-0.46152133,-0.4261533,0.86084956,-0.27808553
1356424341008,0.20818633,0.3249619,0.92252815,0.87981737,0.34983075,-0.32177624,-0.42729375,0.87864566,-0.21307713
1356424341048,0.110912606,0.21770352,0.96969247,0.89711386,0.397923,-0.191948,-0.42765066,0.8912141,-0.1511702
1356424341088,0.048181057,0.1303254,0.99029994,0.90220153,0.41976696,-0.09913698,-0.42861524,0.8982266,-0.09735495
1356424341128,0.029244736,0.073892236,0.9968373,0.9019938,0.42781168,-0.05817455,-0.43075734,0.9008424,-0.054139137
1356424341168,0.061321273,0.054074764,0.99665225,0.8986715,0.43150336,-0.078704655,-0.43431473,0.9004892,-0.022135079
1356424341208,0.15652905,0.07771498,0.98461115,0.88444245,0.43269116,-0.17475688,-0.4396138,0.89818645,-0.0010057092
1356424341248,0.3266935,0.15240467,0.93276155,0.83265793,0.4205173,-0.36034158,-0.4471601,0.8943926,0.010479331
1356424341311,0.5501542,0.26945326,0.7903956,0.6988466,0.36954522,-0.61241305,-0.4571036,0.8892869,0.015000373
1356424341329,0.7409777,0.3820375,0.5522675,0.48192194,0.27020335,-0.8335116,-0.46765718,0.8837633,0.016102403
1356424341369,0.83705974,0.44553065,0.3175428,0.27224207,0.16425627,-0.9481055,-0.4745685,0.88006943,0.016200125
1356424341409,0.8698344,0.46422708,0.16697659,0.1396182,0.09298429,-0.98582995,-0.47317517,0.8808218,0.016066402
1356424341449,0.88320607,0.45805877,0.10064393,0.08197677,0.060511325,-0.9947956,-0.46176493,0.88685995,0.015893787
1356424341489,0.89364845,0.439591,0.090289414,0.07394849,0.054198597,-0.99578816,-0.4426331,0.8965613,0.015927397
1356424341529,0.9022647,0.4158772,0.11386153,0.09663054,0.062325925,-0.9933671,-0.42021522,0.9072826,0.016048044
1356424341569,0.90596336,0.3904534,0.16363537,0.1440246,0.07921222,-0.98639876,-0.39810467,0.9172086,0.01552847
1356424341609,0.89922833,0.36367342,0.2431666,0.22035477,0.10365665,-0.9698964,-0.3779314,0.92574126,0.013073824
1356424341649,0.8718066,0.3338135,0.3584994,0.3322643,0.13477993,-0.9335068,-0.35993564,0.9329539,0.006587729
1356424341689,0.81035095,0.30154097,0.5023986,0.47376,0.16735673,-0.8646057,-0.34479386,0.9386504,-0.00724037
1356424341729,0.71595097,0.2771656,0.6407756,0.61268854,0.1905776,-0.7670026,-0.33470422,0.94173217,-0.033371985
1356424341759,0.60182214,0.26616025,0.7529734,0.72720367,0.20710528,-0.6544328,-0.33012873,0.9414171,-0.06891215
1356424341789,0.5223751,0.28686363,0.8030153,0.7848986,0.20627964,-0.58427984,-0.3332544,0.9354988,-0.11740351
1356424341829,0.51663864,0.36174133,0.7760333,0.78122866,0.17174459,-0.6001547,-0.35038027,0.9163225,-0.19387281
1356424341869,0.53360337,0.4579775,0.7110021,0.758857,0.11186993,-0.641577,-0.37336758,0.8818966,-0.2878453
1356424341909,0.5454736,0.54353964,0.6379836,0.7411188,0.042680293,-0.6700159,-0.39140955,0.83829767,-0.37954652
1356424341949,0.5345131,0.6004764,0.5947469,0.7447425,-0.0019497862,-0.66734904,-0.39956766,0.7996401,-0.44824243
1356424341989,0.4976092,0.6280593,0.5982696,0.76886696,-8.9883804E-5,-0.6394087,-0.4015328,0.77816534,-0.4829388
1356424342029,0.43322206,0.6266624,0.64777535,0.8060696,0.052132547,-0.5895202,-0.40320033,0.7775452,-0.48254853
1356424342069,0.33470577,0.58909595,0.7354849,0.8499633,0.14825732,-0.50555146,-0.40685934,0.7943461,-0.45108736
1356424342109,0.19684869,0.5036033,0.84121007,0.88997275,0.26818764,-0.36881417,-0.41133815,0.8212547,-0.39540082
1356424342167,0.031841397,0.36955374,0.9286636,0.90920144,0.37520456,-0.18048352,-0.41513717,0.85008913,-0.32405174
1356424342188,-0.12506358,0.21390277,0.96881616,0.8997949,0.43585813,0.019921571,-0.41800514,0.8742273,-0.24697858
1356424342228,-0.2428506,0.073684275,0.96726125,0.8741821,0.44885868,0.18528783,-0.42051083,0.8905597,-0.17341912
1356424342265,-0.31278124,-0.031019658,0.9493185,0.85039437,0.4360471,0.2944358,-0.4230809,0.8993891,-0.11000842
1356424342308,-0.34044954,-0.099074066,0.9350286,0.83833265,0.41833112,0.34956762,-0.42578465,0.90287507,-0.059363663
1356424342349,-0.32863197,-0.1334798,0.9349781,0.84164536,0.40778276,0.35404286,-0.42852548,0.90326977,-0.021667778
1356424342389,-0.2736619,-0.1351234,0.95228714,0.8595091,0.41001266,0.30517817,-0.43168646,0.9020151,0.0039349794
1356424342430,-0.16275284,-0.099276364,0.98165965,0.8849104,0.42536572,0.18973017,-0.43640006,0.89956,0.018621206
1356424342469,0.021188796,-0.016912282,0.9996325,0.89568603,0.4445392,-0.011464596,-0.44418195,0.8955997,0.024567306
1356424342509,0.27310437,0.11248368,0.9553855,0.8474118,0.44192576,-0.29427,-0.45531005,0.8899714,0.02537185
1356424342549,0.52276474,0.2532574,0.8139888,0.7134001,0.39274034,-0.58035797,-0.46666613,0.88409036,0.024636954
1356424342589,0.6819608,0.3481444,0.6432145,0.55818397,0.32053763,-0.76530147,-0.4726099,0.8809377,0.024265468
1356424342629,0.75148964,0.38439187,0.53619605,0.46379885,0.2702048,-0.84372985,-0.46920568,0.88274133,0.02477561
1356424342668,0.7718805,0.38174438,0.50840116,0.4419942,0.25258934,-0.8607206,-0.4569919,0.8890838,0.026240006
1356424342707,0.7636689,0.35715166,0.53782207,0.4727036,0.25807425,-0.8425847,-0.43972856,0.8976861,0.028256401
1356424342748,0.7289269,0.31862134,0.6059258,0.5397818,0.27689862,-0.79496086,-0.42107153,0.906536,0.029852837
1356424342788,0.66104203,0.26842773,0.70069253,0.6330367,0.30184639,-0.7128488,-0.4028499,0.91478705,0.029608548
1356424342828,0.5548126,0.20949802,0.8051667,0.7374201,0.32427043,-0.59250325,-0.38522002,0.92247444,0.025421262
1356424342868,0.41864383,0.1521346,0.89531696,0.8300751,0.33581603,-0.4451999,-0.3683921,0.9295605,0.014304131
1356424342908,0.28138655,0.11500922,0.9526775,0.89194906,0.33480072,-0.30386734,-0.3539046,0.93524396,-0.008373916
1356424342948,0.16806687,0.11240932,0.97934556,0.92323315,0.330285,-0.1963475,-0.34553447,0.93716383,-0.048270047
1356424342988,0.08872886,0.14971974,0.9847392,0.9332019,0.33313763,-0.13473538,-0.34822622,0.93091536,-0.110159814
1356424343028,0.0388273,0.2219888,0.9742759,0.9305762,0.3471716,-0.116188884,-0.36403352,0.91114926,-0.19309777
1356424343068,0.0035532117,0.31033742,0.9506199,0.92173696,0.36763817,-0.12346375,-0.38779956,0.8766601,-0.2847432
1356424343108,-0.03810811,0.38306734,0.92293406,0.9113326,0.39218682,-0.12514958,-0.4099033,0.83633065,-0.36404723
1356424343148,-0.102648064,0.41224432,0.9052723,0.899384,0.42724407,-0.09257865,-0.4249373,0.80468446,-0.41462177
1356424343188,-0.19243315,0.3868697,0.90183216,0.88026583,0.4742243,-0.01560232,-0.43370682,0.79084957,-0.43180466
1356424343228,-0.2948038,0.31326175,0.90275013,0.8492005,0.51904744,0.09720278,-0.43812025,0.7952716,-0.41903913
1356424343267,-0.3900765,0.21096462,0.89628917,0.8094893,0.54247105,0.22461557,-0.43882495,0.81315374,-0.38237882
1356424343311,-0.46553186,0.09929359,0.87944347,0.76976717,0.5357814,0.34698248,-0.4367363,0.8384981,-0.3258562
1356424343349,-0.5122269,0.003852576,0.85884154,0.74101686,0.5075209,0.43967777,-0.43418613,0.86163086,-0.26282066
1356424343389,-0.5384873,-0.07688683,0.8391185,0.722941,0.4694279,0.5069455,-0.43288302,0.87961686,-0.1971963
1356424343429,-0.54682857,-0.14006665,0.82544523,0.7166209,0.43150634,0.54795694,-0.4329353,0.8911698,-0.13558531
1356424343469,-0.5416246,-0.18678525,0.81960607,0.7199973,0.40015346,0.5669931,-0.43387413,0.89721155,-0.08224809
1356424343509,-0.52581745,-0.21842813,0.82207376,0.7307441,0.3786521,0.5680102,-0.4353494,0.8993952,-0.039486825
1356424343549,-0.5015778,-0.23671046,0.8320985,0.74627995,0.36812758,0.5545704,-0.437591,0.8991386,-0.007992327
1356424343589,-0.4702689,-0.24371457,0.8482042,0.76423335,0.36819756,0.5295073,-0.4413554,0.8972367,0.013102949
1356424343629,-0.43333018,-0.24209756,0.86810935,0.7825033,0.3768111,0.49568337,-0.44711697,0.894093,0.026158512
1356424343670,-0.3918571,-0.23333079,0.8899464,0.8005683,0.39018488,0.4548033,-0.45336324,0.89068085,0.03390056
1356424343709,-0.3459853,-0.2168302,0.9128411,0.8198784,0.40316737,0.40651625,-0.4561727,0.88906735,0.03828442
1356424343749,-0.29624954,-0.19281638,0.9354454,0.84138346,0.4108216,0.35114032,-0.45200682,0.89109343,0.040526807
1356424343779,-0.2475352,-0.16712123,0.95435673,0.86143035,0.41289017,0.29573542,-0.44346815,0.8953168,0.041758478
1356424343819,-0.20181844,-0.14052302,0.9692898,0.88157433,0.40512154,0.24228758,-0.42672718,0.90339905,0.042120516
1356424343859,-0.16631246,-0.11878425,0.97889245,0.898729,0.3902161,0.20004377,-0.40574166,0.91302884,0.041857004
1356424343899,-0.14490905,-0.103743315,0.9839912,0.91192365,0.3718762,0.17350325,-0.38392276,0.922467,0.04071772
1356424343939,-0.13906884,-0.09446922,0.98576635,0.9212929,0.3527004,0.16377357,-0.36315173,0.9309554,0.037984192
1356424343979,-0.14796686,-0.08813447,0.9850574,0.92722267,0.3341232,0.1691739,-0.34404057,0.93839973,0.0322811
1356424344019,-0.16866267,-0.08033681,0.98239446,0.929881,0.31759572,0.18561873,-0.3269163,0.9448168,0.021137118
1356424344059,-0.19689122,-0.06543633,0.9782392,0.9291017,0.30614063,0.20747963,-0.31305543,0.9497347,5.2058697E-4
1356424344099,-0.22785676,-0.03701201,0.97299093,0.9245441,0.30525094,0.22812295,-0.30544966,0.9515524,-0.03533429
