1356425193110,0.2745881,-0.043531597,0.96057606,0.9439668,-0.17802751,-0.2779081,0.18310675,0.98306215,-0.007791877
1356425193149,0.0735949,-0.021640807,-0.9970534,-0.9803275,0.18202934,-0.07631126,0.18314442,0.983055,-0.007818699
1356425193189,0.07386479,-0.021965444,-0.9970264,-0.9802564,0.18227503,-0.07663813,0.18341643,0.9830023,-0.008068085
1356425193228,0.07447982,-0.023038507,-0.9969564,-0.9800502,0.18304002,-0.0774467,0.18426722,0.98283553,-0.00894618
1356425193268,0.075520724,-0.025446981,-0.9968195,-0.97960544,0.18477729,-0.07893363,0.18619826,0.98245096,-0.010973513
1356425193309,0.07666057,-0.029379934,-0.99662435,-0.97886217,0.18786919,-0.0808326,0.18960992,0.98175454,-0.014356792
1356425193348,0.0771963,-0.03422171,-0.9964284,-0.97790486,0.19214272,-0.08236018,0.1942749,0.9807701,-0.01863283
1356425193389,0.077614546,-0.039679646,-0.9961935,-0.9767158,0.19742572,-0.08396074,0.20000577,0.9795145,-0.023432612
1356425193429,0.07747114,-0.04466918,-0.99599344,-0.9754269,0.2032721,-0.08498794,0.20625407,0.97810286,-0.027823806
1356425193468,0.075858235,-0.04737121,-0.99599266,-0.9742618,0.20912373,-0.08414945,0.21227202,0.9767411,-0.03028822
1356425193508,0.07154015,-0.045716047,-0.9963895,-0.9733263,0.21511635,-0.079754084,0.21798566,0.97551775,-0.029107153
1356425193548,0.06381598,-0.03819546,-0.99723047,-0.9726901,0.22107372,-0.070712954,0.22316235,0.9745089,-0.023044288
1356425193588,0.05171135,-0.0233486,-0.99838907,-0.97244227,0.22640154,-0.055662066,0.22733647,0.97375417,-0.010997593
1356425193628,0.035741538,-0.0010570586,-0.9993605,-0.97249794,0.23026296,-0.035024375,0.23015279,0.97312784,0.00720191
1356425193669,0.015169412,0.029390603,-0.999453,-0.97268426,0.23199657,-0.007940948,0.23163635,0.9722726,0.032106996
1356425193708,-0.007356018,0.06640896,-0.9977654,-0.9726623,0.23112604,0.02255413,0.2321074,0.9706547,0.06289333
1356425193748,-0.026275605,0.1061731,-0.9940005,-0.9723411,0.2281352,0.05007109,0.23208278,0.96782315,0.09724206
1356425193787,-0.036468714,0.14549622,-0.98868644,-0.97205555,0.22441795,0.068880856,0.2319009,0.9635702,0.13324618
1356425193827,-0.032036096,0.18139762,-0.98288786,-0.9723467,0.221953,0.07265514,0.23133442,0.9580354,0.16927087
1356425193868,-0.009354442,0.21226543,-0.97716725,-0.97318393,0.22267732,0.05768746,0.2298381,0.9515031,0.20449024
1356425193907,0.03161344,0.2382097,-0.97069913,-0.9733468,0.22805086,0.024264008,0.22714871,0.94405985,0.23907012
1356425193947,0.086482346,0.2610844,-0.96143425,-0.9708464,0.23864168,-0.022524089,0.22355759,0.9353529,0.27411112
1356425193987,0.14795741,0.2836345,-0.9474492,-0.9642229,0.25443575,-0.07440734,0.21996045,0.92456144,0.31113258
1356425194046,0.20833826,0.30831778,-0.9281892,-0.9534862,0.27540773,-0.1225338,0.2178511,0.91054416,0.3513548
1356425194069,0.26263127,0.33522576,-0.90479195,-0.9397548,0.30152878,-0.16106328,0.21882829,0.8925828,0.39422083
1356425194109,0.30647308,0.3638481,-0.8795958,-0.92514706,0.3313135,-0.18529516,0.22400266,0.8705434,0.43815166
1356425194149,0.3389036,0.3922692,-0.85514283,-0.91147846,0.36212844,-0.19511536,0.2331338,0.8455696,0.48027155
1356425194189,0.36014324,0.41858447,-0.8337169,-0.90041256,0.38974667,-0.19327378,0.24403697,0.82029545,0.51726335
1356425194219,0.37171364,0.44097188,-0.81692886,-0.8932147,0.40968037,-0.18528244,0.25297534,0.7985649,0.5461663
1356425194249,0.37766248,0.45845038,-0.8044839,-0.88909775,0.4221989,-0.17678612,0.25860453,0.7820303,0.5670559
1356425194279,0.3798513,0.47039044,-0.79652107,-0.8876898,0.42758486,-0.1708157,0.2602303,0.7719482,0.5799794
1356425194319,0.38456863,0.4702913,-0.7943131,-0.8868346,0.42704082,-0.17652383,0.25618652,0.7723098,0.581297
1356425194349,0.38494414,0.46499753,-0.79724234,-0.8881475,0.42157143,-0.18295252,0.25102216,0.77849525,0.5752678
1356425194389,0.39675108,0.43924698,-0.8060092,-0.88449454,0.4177573,-0.20772168,0.24547517,0.79532444,0.55425715
1356425194419,0.4064226,0.40783423,-0.8176136,-0.88128656,0.41116104,-0.23298201,0.2411528,0.815241,0.52652395
1356425194459,0.4268739,0.35572454,-0.83140767,-0.87219167,0.40480724,-0.27461374,0.238873,0.8423723,0.4830616
1356425194489,0.44042662,0.30332324,-0.8449967,-0.8657391,0.39272353,-0.31026438,0.23773968,0.8681954,0.4355647
1356425194529,0.4576002,0.23870847,-0.85651636,-0.8564652,0.37714174,-0.3524646,0.23889172,0.89486444,0.37702566
1356425194559,0.46221668,0.18146747,-0.86800075,-0.8534973,0.35664195,-0.3799326,0.24062005,0.9164475,0.3197279
1356425194599,0.46391827,0.12412506,-0.8771389,-0.8516253,0.3351543,-0.402996,0.24395496,0.93395096,0.2611923
1356425194629,0.4508463,0.079235494,-0.8890778,-0.8576859,0.3143161,-0.40691558,0.24720931,0.94600594,0.20966741
1356425194669,0.4327593,0.04182291,-0.90053886,-0.86586744,0.29738727,-0.40228644,0.250984,0.9538405,0.1649102
1356425194699,0.40136385,0.016621381,-0.9157679,-0.8799577,0.28441,-0.38050684,0.25412902,0.9585587,0.12877795
1356425194739,0.36619937,-2.233684E-4,-0.9305364,-0.89446497,0.2756428,-0.35207018,0.25657436,0.9612601,0.10074037
1356425194769,0.32130945,-0.00840351,-0.946937,-0.91110957,0.26984727,-0.31154746,0.25814646,0.9628665,0.07904792
1356425194809,0.27553385,-0.011128008,-0.96122694,-0.9258295,0.26601726,-0.26846686,0.25869048,0.963904,0.06299409
1356425194839,0.22417825,-0.008511752,-0.9745109,-0.9395436,0.2637095,-0.21843764,0.2588471,0.96456456,0.05112073
1356425194869,0.17461449,-0.0032240748,-0.98463154,-0.9499354,0.26258928,-0.16932127,0.25909957,0.9649023,0.04278922
1356425194909,0.12665516,0.0045671463,-0.99193627,-0.95708734,0.26333332,-0.12099299,0.26065725,0.964694,0.03772372
1356425194939,0.0770053,0.014229,-0.99692917,-0.96172047,0.26480678,-0.070506126,0.26299036,0.96419656,0.034075856
1356425194979,0.031809747,0.02290517,-0.99923146,-0.9636381,0.26607817,-0.024577469,0.26531073,0.9636793,0.030536175
1356425195010,-0.01170215,0.030837417,-0.99945587,-0.96411455,0.2647725,0.019457728,0.26522845,0.9638177,0.026632369
1356425195048,-0.047273934,0.034132093,-0.99829865,-0.9649415,0.2567501,0.054472655,0.2581725,0.9658749,0.020797908
1356425195087,-0.07783425,0.035602093,-0.9963304,-0.9660289,0.24433315,0.084198,0.24643409,0.96903753,0.015375257
1356425195128,-0.10207483,0.036725402,-0.99409854,-0.96754014,0.22857586,0.10779217,0.23118567,0.97283316,0.012201428
1356425195168,-0.119500816,0.038677484,-0.9920804,-0.9693792,0.21136981,0.12500691,0.21453077,0.9766406,0.01223433
1356425195208,-0.1292901,0.041820824,-0.99072444,-0.97165745,0.19405806,0.1349935,0.1979036,0.9800982,0.015545726
1356425195248,-0.13047719,0.046270162,-0.990371,-0.97461534,0.17731875,0.13668582,0.18193588,0.9830651,0.021959603
1356425195288,-0.122300476,0.052542925,-0.9911014,-0.9783975,0.16131881,0.12928504,0.16667631,0.98550266,0.03167844
1356425195328,-0.10520065,0.062751144,-0.9924692,-0.9827081,0.14635772,0.1134198,0.1523728,0.9872395,0.04626912
1356425195368,-0.08157194,0.08178899,-0.993306,-0.98668134,0.1341011,0.092069834,0.14073378,0.98758674,0.06976074
1356425195408,-0.05535251,0.11688951,-0.9916011,-0.9892243,0.12839526,0.07035509,0.13554057,0.98481035,0.10852301
1356425195448,-0.030702233,0.17491084,-0.98410547,-0.989482,0.13392591,0.054673433,0.1413602,0.97543323,0.16895929
1356425195488,-0.009562194,0.25667837,-0.9664495,-0.9871148,0.15195966,0.05012551,0.15972745,0.954476,0.25191802
1356425195528,0.009893179,0.35042134,-0.9365399,-0.98267984,0.17672801,0.055745065,0.18504706,0.9197674,0.34610045
1356425195589,0.024310768,0.45061702,-0.8923863,-0.977238,0.19889212,0.07380968,0.21074855,0.87027943,0.44519526
1356425195625,0.06883913,0.49958143,-0.8635274,-0.97251487,0.22659546,0.05356607,0.22243202,0.8361058,0.501449
1356425195668,0.11948705,0.5029836,-0.8559967,-0.96757597,0.25223774,0.013152659,0.22253034,0.8266702,0.51681393
1356425195726,0.17226297,0.47280306,-0.86416584,-0.960952,0.27352327,-0.04190606,0.21655613,0.8376408,0.501459
1356425195749,0.2226102,0.41925138,-0.88015515,-0.9524779,0.2860724,-0.10463506,0.20791978,0.8616211,0.46301025
1356425195789,0.26528922,0.35245654,-0.89743865,-0.9433743,0.28715584,-0.16609165,0.19916466,0.8906828,0.40867776
1356425195825,0.29547843,0.28238526,-0.91266143,-0.9356998,0.27830055,-0.21682853,0.19276497,0.91804534,0.3464597
1356425195868,0.31119642,0.21518466,-0.9256631,-0.9310305,0.26440915,-0.25153482,0.19062725,0.94009745,0.28262675
1356425195907,0.31103966,0.15612325,-0.93748593,-0.9305614,0.25050613,-0.26702452,0.19315729,0.9554435,0.2231996
1356425195948,0.2961947,0.107458144,-0.9490634,-0.9340422,0.24022254,-0.26430738,0.19958445,0.9647517,0.17152303
1356425195988,0.26792803,0.0703519,-0.9608668,-0.9406616,0.23468319,-0.2451112,0.20825526,0.9695227,0.12905553
1356425196048,0.22856885,0.04475963,-0.9724983,-0.94883406,0.23380679,-0.21224594,0.21787667,0.9712523,0.0959104
1356425196069,0.1800169,0.030429035,-0.9831928,-0.956952,0.23676506,-0.16788471,0.22767714,0.9710903,0.071740866
1356425196109,0.12513793,0.026385844,-0.9917884,-0.9633088,0.24246532,-0.11509389,0.23743737,0.9698011,0.05575937
1356425196139,0.067106575,0.0294047,-0.9973124,-0.96691465,0.24848089,-0.057734996,0.24611542,0.96819043,0.04510653
1356425196169,0.012842506,0.03626731,-0.9992596,-0.96724355,0.25382975,-0.0032185018,0.25352502,0.9665687,0.038339198
1356425196209,-0.03704384,0.04504764,-0.9982978,-0.96545255,0.2562339,0.04738742,0.25793242,0.96556455,0.033999443
1356425196239,-0.08347231,0.053231537,-0.9950873,-0.9625041,0.25433242,0.09434441,0.2581051,0.9656508,0.030005872
1356425196269,-0.12158868,0.058049887,-0.9908817,-0.95992005,0.24710193,0.13226569,0.2525268,0.96724916,0.025678396
1356425196299,-0.150657,0.059020072,-0.9868227,-0.95877945,0.23454762,0.16040358,0.24092391,0.9703113,0.021251023
1356425196329,-0.17068836,0.056675166,-0.9836937,-0.9594948,0.21753302,0.17902252,0.22413194,0.9744061,0.017249227
1356425196369,-0.18154597,0.050984055,-0.98205996,-0.96296895,0.19320738,0.1880472,0.19932866,0.9798324,0.014020085
1356425196399,-0.18131715,0.044150144,-0.9824332,-0.96762383,0.17035007,0.18623936,0.17558005,0.9843941,0.01183337
1356425196429,-0.17503929,0.037932843,-0.98383045,-0.9724444,0.14962828,0.17878261,0.1539906,0.98801446,0.010696769
1356425196469,-0.16260087,0.033206195,-0.986133,-0.9775888,0.13002539,0.16557044,0.13372025,0.99095446,0.0113197565
1356425196509,-0.13779598,0.030920774,-0.98997796,-0.9836582,0.11267042,0.14043543,0.11588362,0.9931512,0.014889896
1356425196539,-0.1020298,0.032148987,-0.9942617,-0.98962724,0.09832996,0.104733676,0.10113281,0.9946344,0.021782935
1356425196569,-0.0663687,0.041561544,-0.99692917,-0.9937083,0.08758414,0.06980559,0.09021637,0.9952897,0.035487175
1356425196599,-0.031410992,0.06313443,-0.9975106,-0.99592876,0.08238983,0.036575764,0.084493935,0.9945984,0.060289443
1356425196629,0.0011748075,0.1011861,-0.99486685,-0.9963072,0.08553028,0.0075226426,0.085852474,0.9911842,0.1009129
1356425196659,0.031023681,0.15691859,-0.98712415,-0.9949922,0.09873158,-0.015576035,0.09501618,0.9826641,0.15919578
1356425196699,0.052189827,0.24165213,-0.9689585,-0.99199486,0.12426883,-0.022438735,0.11498895,0.9623729,0.24620324
1356425196739,0.08208543,0.32693508,-0.94147515,-0.9874064,0.15487045,-0.03231001,0.13524339,0.9322707,0.33553037
1356425196779,0.123716414,0.3846687,-0.9147263,-0.9811497,0.18532711,-0.054764748,0.14845735,0.9042587,0.40034556
1356425196819,0.17674005,0.40173382,-0.8985393,-0.97191864,0.21533316,-0.09489885,0.15536126,0.8900795,0.4285106
1356425196859,0.2366722,0.3799673,-0.89420974,-0.958351,0.24270979,-0.15051642,0.15984213,0.8925899,0.42158476
1356425196899,0.29621086,0.3298088,-0.89637345,-0.94095004,0.26183793,-0.21460164,0.16392714,0.90700996,0.38789284
1356425196939,0.34768957,0.26479554,-0.8994416,-0.9224671,0.2683162,-0.27759802,0.167828,0.9262233,0.337556
1356425196978,0.3856022,0.19729894,-0.9013235,-0.9065532,0.2627758,-0.33031815,0.17167455,0.94446915,0.28018898
1356425197046,0.4075284,0.13567114,-0.9030582,-0.8960798,0.24995857,-0.36682662,0.17595938,0.95870435,0.22343734
1356425197059,0.41306847,0.08439082,-0.90678155,-0.89252424,0.23544872,-0.38466144,0.18103865,0.96821594,0.17257729
1356425197099,0.40291393,0.04518345,-0.91412187,-0.8959873,0.2232446,-0.38388616,0.1867275,0.97371465,0.13043216
1356425197139,0.37856936,0.018008322,-0.92539763,-0.9052901,0.2153647,-0.36615247,0.19270417,0.97636753,0.097833276
1356425197179,0.340437,0.0026534498,-0.94026357,-0.9190352,0.21224803,-0.33215198,0.19868773,0.9772122,0.07469571
1356425197219,0.28909552,-0.0014703274,-0.9572992,-0.9352116,0.21314383,-0.28275266,0.20445818,0.9770198,0.060243845
1356425197259,0.22506851,0.004440695,-0.9743328,-0.9514682,0.21641314,-0.21880051,0.20988679,0.9762918,0.052932948
1356425197299,0.14948088,0.017791599,-0.9886045,-0.9651493,0.21983856,-0.141978,0.21480733,0.975374,0.05003321
1356425197339,0.0650135,0.034524232,-0.997287,-0.97383213,0.22029737,-0.055858225,0.21777123,0.97482157,0.047943056
1356425197379,-0.024142593,0.05033514,-0.9984405,-0.9761921,0.21416196,0.034401417,0.2155596,0.97550035,0.043966353
1356425197419,-0.11307308,0.06230423,-0.99163127,-0.9720944,0.19952276,0.123381376,0.20554018,0.9779104,0.038004994
1356425197459,-0.19727999,0.06958026,-0.9778749,-0.9620798,0.17791992,0.20675322,0.1883694,0.9815819,0.031841755
1356425197499,-0.27292526,0.07272822,-0.9592823,-0.9473441,0.15327781,0.2811495,0.1674842,0.9855032,0.027065217
1356425197539,-0.3369462,0.07297367,-0.93869174,-0.93005484,0.12934446,0.34390113,0.14651033,0.9889109,0.024287403
1356425197579,-0.38670498,0.07155505,-0.9194232,-0.91336465,0.107985616,0.39256093,0.1273742,0.9915739,0.0235973
1356425197619,-0.41995478,0.06981674,-0.9048556,-0.90081143,0.08916336,0.42495742,0.11034915,0.9935671,0.02544707
1356425197659,-0.43593514,0.07049888,-0.8972126,-0.8949066,0.071730316,0.44045094,0.09540868,0.99492955,0.03182012
1356425197689,-0.43400997,0.07494655,-0.8977852,-0.897064,0.056009054,0.43833694,0.08313587,0.99561334,0.04292339
1356425197728,-0.43515056,0.09720862,-0.89509463,-0.8970625,0.038167715,0.4402523,0.07696,0.99453187,0.070593536
1356425197768,-0.43650156,0.14532569,-0.887889,-0.8960295,0.01887703,0.44359317,0.08122626,0.9892038,0.1219762
1356425197808,-0.44843584,0.22181892,-0.8658532,-0.88839746,-0.0041186213,0.4590567,0.09826133,0.9750792,0.19891036
1356425197848,-0.46697736,0.31129932,-0.8276623,-0.87572527,-0.033008456,0.48168004,0.12262678,0.9497385,0.28802693
1356425197888,-0.47793555,0.38729796,-0.7884021,-0.8664895,-0.0606004,0.49550322,0.1441299,0.91996086,0.36455274
1356425197928,-0.4708888,0.43308234,-0.76857233,-0.8679838,-0.07171208,0.4913872,0.1576952,0.89849705,0.40967694
1356425197967,-0.44370037,0.44697577,-0.7767513,-0.88082343,-0.057767272,0.46990737,0.16516641,0.89267886,0.41933817
1356425198007,-0.39872438,0.4332815,-0.80826116,-0.90128994,-0.022341788,0.4326399,0.16939685,0.9009817,0.3994205
1356425198052,-0.34120673,0.39714664,-0.85196984,-0.9242255,0.023545742,0.3811204,0.17142096,0.91745305,0.3590191
1356425198089,-0.28081822,0.34583193,-0.89528847,-0.9442865,0.06727779,0.3221751,0.17165148,0.93588144,0.30767155
1356425198129,-0.2290569,0.28815904,-0.92978346,-0.9583161,0.10081768,0.26733154,0.17077264,0.95226055,0.25305444
1356425198169,-0.19659847,0.23323208,-0.9523401,-0.9657065,0.121937335,0.22922078,0.16958746,0.96474564,0.20126104
1356425198209,-0.18924451,0.18743023,-0.96387565,-0.96731424,0.13314885,0.2158111,0.16878843,0.97321177,0.1561063
1356425198249,-0.20757037,0.15361187,-0.96608377,-0.9635376,0.13836032,0.22902322,0.16884837,0.97839653,0.119291306
1356425198289,-0.2493285,0.13241842,-0.95932305,-0.95338225,0.14032519,0.26715395,0.16999328,0.9812106,0.09125829
1356425198329,-0.3104093,0.123227805,-0.94258213,-0.9348159,0.1403895,0.32620546,0.17252624,0.9823979,0.07161707
1356425198369,-0.3853091,0.124563575,-0.9143417,-0.90560365,0.13928413,0.40060198,0.1772537,0.9823868,0.05913782
1356425198409,-0.4670998,0.13397112,-0.87399626,-0.86468387,0.13734275,0.48317558,0.18476865,0.98142177,0.051689923
1356425198449,-0.5470508,0.14700672,-0.8240901,-0.8144754,0.13385534,0.56454635,0.19330096,0.9800366,0.046507657
1356425198489,-0.6158268,0.15729126,-0.77202123,-0.76245916,0.12792903,0.6342635,0.19852805,0.9792311,0.04114604
1356425198529,-0.6678215,0.15991613,-0.72693956,-0.71786606,0.11968821,0.68581563,0.19667906,0.9798477,0.03486806
1356425198587,-0.70262915,0.15435615,-0.6946125,-0.68648946,0.10977274,0.718806,0.18720165,0.9818982,0.028834343
1356425198608,-0.7222411,0.14328676,-0.6766362,-0.6697978,0.0990231,0.7359112,0.17244893,0.9847148,0.024454653
1356425198648,-0.7280756,0.12970993,-0.6731129,-0.6676327,0.08853114,0.7392081,0.15547407,0.98759174,0.022141337
1356425198685,-0.71988946,0.115609646,-0.6843928,-0.6801525,0.079098344,0.72879076,0.13838956,0.9901403,0.02169019
1356425198728,-0.6961642,0.10210067,-0.710585,-0.70748687,0.07026523,0.70322496,0.121729225,0.9922895,0.023318648
1356425198767,-0.6546099,0.09103578,-0.7504654,-0.74853516,0.06080073,0.6603017,0.10573992,0.9939898,0.028342783
1356425198808,-0.5968574,0.08709189,-0.7976064,-0.79715145,0.048581243,0.60182166,0.09116244,0.9950149,0.040429473
1356425198848,-0.5293651,0.098775744,-0.8426244,-0.84457195,0.032816887,0.5344355,0.080441624,0.99456847,0.066051066
1356425198888,-0.4662726,0.136772,-0.8740041,-0.8812175,0.01502496,0.47247213,0.0777528,0.9904886,0.113520205
1356425198928,-0.42068797,0.2067307,-0.88333684,-0.9030794,-0.0026708245,0.42946526,0.08642441,0.97839415,0.18781781
1356425198967,-0.392093,0.29897392,-0.86998713,-0.91403186,-0.01973319,0.4051621,0.10396525,0.9540572,0.28100902
1356425199007,-0.36583143,0.38873205,-0.8456091,-0.9226576,-0.032435834,0.3842536,0.12194365,0.9207797,0.3705326
1356425199050,-0.3258379,0.45304292,-0.8298083,-0.9358905,-0.03022319,0.35099217,0.13393503,0.8909762,0.43384647
1356425199090,-0.26505828,0.48352057,-0.83423734,-0.953924,-0.0053224564,0.30000088,0.14061639,0.87531674,0.4626527
1356425199129,-0.18396282,0.47906443,-0.8582861,-0.9721695,0.040190756,0.23080531,0.14506584,0.8768592,0.4583382
1356425199169,-0.08863717,0.44331548,-0.8919723,-0.98492515,0.09453905,0.1448606,0.14854512,0.8913661,0.428253
1356425199199,-0.002485156,0.39525184,-0.91856945,-0.98853576,0.13770294,0.061926812,0.1509664,0.90819263,0.39037833
1356425199229,0.07358515,0.3393107,-0.9377918,-0.98555,0.16859579,-0.016331464,0.15256631,0.92544246,0.34681383
1356425199269,0.14447913,0.27055353,-0.9518017,-0.97745115,0.18872151,-0.094727725,0.15399653,0.9440259,0.2917192
1356425199309,0.19078371,0.20322937,-0.9603642,-0.96920437,0.19418153,-0.15144777,0.15570632,0.95968294,0.23401749
1356425199349,0.21076068,0.14536503,-0.9666691,-0.9647329,0.19046465,-0.18169701,0.1577039,0.9708719,0.18038085
1356425199389,0.20474598,0.10068941,-0.97362244,-0.9656968,0.1830853,-0.1841451,0.15971446,0.9779271,0.13472143
1356425199429,0.17373043,0.07019615,-0.9822882,-0.97142327,0.1760183,-0.1592302,0.16172332,0.9818808,0.09876993
1356425199469,0.11802462,0.0539307,-0.9915451,-0.979358,0.17133084,-0.10725522,0.1640979,0.9837364,0.07303873
1356425199509,0.03792414,0.051399976,-0.9979578,-0.98516,0.16921875,-0.028722167,0.16739687,0.9842373,0.05705464
1356425199549,-0.06439075,0.060792148,-0.99607134,-0.9829679,0.16830155,0.073815435,0.17212781,0.9838592,0.048919618
1356425199589,-0.18202502,0.07798073,-0.98019683,-0.967149,0.16570121,0.19278452,0.17745325,0.983088,0.04525721
1356425199629,-0.3019421,0.09611094,-0.94846916,-0.93613815,0.15817982,0.31404534,0.18021193,0.9827217,0.04221195
1356425199669,-0.40891707,0.10778734,-0.9061835,-0.89527905,0.14501011,0.42124495,0.17681059,0.9835415,0.037202716
1356425199699,-0.4972281,0.112820804,-0.8602532,-0.8509399,0.13007069,0.50890356,0.16930863,0.98506504,0.031328976
1356425199739,-0.55658793,0.10619339,-0.8239737,-0.8164122,0.1137957,0.5661462,0.1538856,0.98781246,0.023360312
1356425199779,-0.5941758,0.09267929,-0.79897785,-0.79302025,0.098529935,0.6011745,0.13443968,0.99080896,0.014952421
1356425199819,-0.6127852,0.07631269,-0.7865561,-0.78195333,0.08528978,0.61747426,0.114206314,0.99342936,0.0074086785
1356425199859,-0.6129719,0.05992347,-0.78782916,-0.78438663,0.07359332,0.615891,0.09488529,0.9954865,0.0018925071
1356425199899,-0.5940807,0.04586485,-0.8030969,-0.80070615,0.06192124,0.59584844,0.07705724,0.9970267,-6.198883E-5
1356425199939,-0.5567964,0.037686855,-0.82979363,-0.8283868,0.04848367,0.5580544,0.061262727,0.99811274,0.0042237043
1356425199979,-0.5069903,0.041709363,-0.860942,-0.86055386,0.03236848,0.5083299,0.049069464,0.9986053,0.019482672
1356425200009,-0.44703788,0.058227032,-0.8926179,-0.8935617,0.01698935,0.4486188,0.041286707,0.9981588,0.044434607
1356425200053,-0.40581506,0.09334937,-0.9091754,-0.9130579,0.00265944,0.40782112,0.040487736,0.99562985,0.08415419
1356425200075,-0.40941083,0.16468197,-0.89736426,-0.91072756,-0.0151337385,0.41273034,0.054388702,0.9862306,0.15617633
1356425200118,-0.43444037,0.26175886,-0.86182594,-0.89714426,-0.040812135,0.4398484,0.07996127,0.96427,0.25256586
1356425200157,-0.46171236,0.35878325,-0.8112314,-0.88052654,-0.07484347,0.46805072,0.10721344,0.9304155,0.3504743
1356425200198,-0.4724511,0.43289846,-0.76771665,-0.872081,-0.10356927,0.4782762,0.1275332,0.8954732,0.42645398
1356425200237,-0.45558524,0.4758833,-0.75231457,-0.8791376,-0.107752025,0.46422696,0.13985449,0.87288296,0.4674571
1356425200278,-0.4087615,0.48891562,-0.7706332,-0.9005969,-0.079359174,0.4273491,0.1477808,0.86871374,0.47275487
1356425200318,-0.33214986,0.47394693,-0.8155066,-0.9306706,-0.024071634,0.36506563,0.15339118,0.8802244,0.44908375
1356425200357,-0.2294715,0.43191087,-0.87223613,-0.9606366,0.04367256,0.27435392,0.15658927,0.90085834,0.4048877
1356425200398,-0.11270672,0.36714652,-0.9233096,-0.9810308,0.106381476,0.16205433,0.15772074,0.92405975,0.34819213
1356425200438,-0.0016552806,0.29056966,-0.95685244,-0.98740315,0.15091485,0.04753682,0.15821603,0.94487774,0.28665957
1356425200478,0.08587107,0.2154831,-0.9727246,-0.98346996,0.17455158,-0.04815203,0.15941471,0.9607803,0.22691008
1356425200520,0.14207813,0.15034717,-0.9783709,-0.9765025,0.18308935,-0.11367136,0.16203919,0.9715318,0.17282736
1356425200557,0.15676892,0.10296962,-0.98225296,-0.9737153,0.18250418,-0.1362744,0.16523317,0.9777983,0.12887406
1356425200608,0.13959828,0.07224777,-0.987569,-0.97563446,0.1805161,-0.124705166,0.16926238,0.98091495,0.09568721
1356425200648,0.060682148,0.06380898,-0.99611545,-0.9831392,0.17628208,-0.048599422,0.1724962,0.98226935,0.07343024
1356425200687,-0.05122769,0.07031444,-0.99620867,-0.9832766,0.1710099,0.06263289,0.17476559,0.9827571,0.060378075
1356425200728,-0.18622863,0.08632973,-0.9787063,-0.96662974,0.16225529,0.1982429,0.17591447,0.9829651,0.053232312
1356425200768,-0.3216914,0.10310733,-0.94121385,-0.93061936,0.14880586,0.33437166,0.17453429,0.9834763,0.04808414
1356425200808,-0.43191993,0.1121515,-0.89491177,-0.8860885,0.13228214,0.44423932,0.16820288,0.9848469,0.042240977
1356425200848,-0.5038008,0.110150576,-0.856768,-0.84967846,0.115541756,0.5144867,0.15566346,0.9871762,0.03538263
1356425200888,-0.537696,0.099356234,-0.8372642,-0.83175814,0.10010046,0.5460387,0.13806283,0.9900041,0.02881676
1356425200928,-0.5381929,0.084153414,-0.83860993,-0.83451414,0.08615172,0.5442096,0.11804479,0.99272156,0.023860872
1356425200968,-0.5081635,0.06838858,-0.8585411,-0.8556508,0.07350218,0.51230776,0.0981406,0.99494743,0.021165669
1356425201007,-0.4484706,0.054670155,-0.89212406,-0.8902314,0.061752617,0.45130336,0.07976386,0.9965931,0.020974815
1356425201050,-0.36184698,0.04531941,-0.9311353,-0.93009853,0.050072253,0.36388117,0.06311491,0.99771684,0.02403307
1356425201089,-0.25400627,0.04318714,-0.96623784,-0.96597373,0.03901416,0.25568062,0.048739016,0.9983049,0.03180784
1356425201129,-0.14915544,0.05430326,-0.98732156,-0.9880781,0.030322433,0.1509375,0.038134396,0.998064,0.049133122
1356425201169,-0.06192845,0.08535117,-0.99442446,-0.997474,0.02943778,0.06464511,0.03479114,0.99591595,0.08331257
1356425201209,-0.005428016,0.143074,-0.9896971,-0.9990392,0.04226494,0.011589229,0.04348755,0.98880917,0.14270717
1356425201249,0.01978749,0.22878808,-0.9732752,-0.99759537,0.0691908,-0.0040171742,0.06642261,0.97101426,0.22960696
1356425201289,0.027998328,0.32994807,-0.94358385,-0.9948206,0.1014716,0.0059635043,0.09771457,0.9385296,0.33108014
1356425201328,0.04638928,0.41820076,-0.90716934,-0.99107015,0.1329202,0.010595918,0.12501231,0.89857686,0.42063236
1356425201367,0.09627354,0.4680371,-0.878449,-0.9852898,0.17000276,-0.017405361,0.14119238,0.86720264,0.47751898
1356425201408,0.17974997,0.47036904,-0.8639693,-0.97247905,0.21731663,-0.08401233,0.1482381,0.8552932,0.49648666
1356425201448,0.2823531,0.42961892,-0.85773206,-0.9474387,0.26511377,-0.17909363,0.15045461,0.8632163,0.48189327
1356425201488,0.38250196,0.35977596,-0.8510308,-0.911707,0.2964415,-0.28445172,0.14994192,0.8846941,0.44139975
1356425201547,0.46292305,0.27894306,-0.8413638,-0.8740213,0.30171275,-0.38086253,0.14761123,0.9116799,0.38347197
1356425201568,0.51643217,0.20173463,-0.8322265,-0.8439977,0.28423926,-0.45483607,0.14479524,0.9372893,0.3170539
1356425201608,0.54385024,0.13532856,-0.8281987,-0.8269137,0.25455993,-0.5014111,0.14297095,0.95754135,0.2503475
1356425201645,0.54823625,0.082187474,-0.83227533,-0.82401025,0.22322167,-0.52074873,0.1429829,0.9712968,0.19010152
1356425201688,0.53323805,0.041912556,-0.84492636,-0.83342594,0.19735458,-0.5161902,0.1451152,0.9794358,0.14016801
1356425201728,0.50020957,0.014526278,-0.8657826,-0.8529595,0.18050781,-0.48977238,0.14916602,0.9834663,0.102682024
1356425201768,0.45055807,-1.2680888E-4,-0.89274716,-0.879217,0.17337716,-0.4437543,0.15483823,0.98485553,0.078004956
1356425201808,0.38444078,-0.002708763,-0.92314565,-0.90889657,0.17393398,-0.37901714,0.16159305,0.9847536,0.06440535
1356425201848,0.30389586,0.0041542053,-0.9526962,-0.9376852,0.17817214,-0.29833072,0.1685046,0.9839906,0.058041096
1356425201888,0.2137726,0.016029418,-0.97675186,-0.9614216,0.18064255,-0.20745286,0.17311758,0.9834181,0.054027468
1356425201928,0.12196043,0.027767569,-0.99214643,-0.97763467,0.17591837,-0.11525303,0.17133647,0.984013,0.048601627
1356425201968,0.03766972,0.03525737,-0.9986681,-0.9863633,0.16153973,-0.031502515,0.16021392,0.9862362,0.040861726
1356425202008,-0.03159988,0.037047684,-0.9988137,-0.9895502,0.13949734,0.036481023,0.14068335,0.98952913,0.03225249
1356425202051,-0.0815168,0.034029514,-0.9960909,-0.98988473,0.11367321,0.08489233,0.116117716,0.99293524,0.02441901
1356425202089,-0.11053735,0.02870962,-0.9934572,-0.98955286,0.0899083,0.11270115,0.09255564,0.9955361,0.01847148
1356425202129,-0.12065369,0.023201048,-0.99242353,-0.99010485,0.069354534,0.121993124,0.071659446,0.99732226,0.014603555
1356425202169,-0.11178893,0.019285142,-0.9935449,-0.9922679,0.05208713,0.112656236,0.053923547,0.99845636,0.013313174
1356425202209,-0.08779067,0.01993838,-0.9959394,-0.99538004,0.037262857,0.08848736,0.038875848,0.9991065,0.016574979
1356425202249,-0.054929733,0.030391812,-0.99802756,-0.9981369,0.024917305,0.05569458,0.026560783,0.9992274,0.028966486
1356425202289,-0.021498978,0.05844143,-0.99805933,-0.9995924,0.017497838,0.022556633,0.01878208,0.9981375,0.058041453
1356425202329,0.0054852962,0.11209056,-0.99368286,-0.99980175,0.019632697,-0.0033044517,0.019138247,0.99350405,0.11217609
1356425202369,0.024712265,0.1929417,-0.980899,-0.9992441,0.034221947,-0.018443018,0.030009866,0.98061323,0.19364151
1356425202409,0.042659223,0.28808552,-0.9566541,-0.9979319,0.058371127,-0.026922077,0.048085123,0.955824,0.2899798
1356425202449,0.07068783,0.37095445,-0.92595685,-0.9953459,0.087183714,-0.041057765,0.065497845,0.9245496,0.37539074
1356425202489,0.11549121,0.4188977,-0.90065897,-0.9902716,0.11940485,-0.071446836,0.07761416,0.90014845,0.42861268
1356425202529,0.17434895,0.42527053,-0.8881145,-0.9809896,0.15307057,-0.11928436,0.085216045,0.8920282,0.44387367
1356425202569,0.23747933,0.3964253,-0.88682055,-0.9672107,0.18111938,-0.17804304,0.09003964,0.9000238,0.42643884
1356425202609,0.29328847,0.34497473,-0.8916133,-0.9515108,0.19584554,-0.23721644,0.09278476,0.91795254,0.38568646
1356425202649,0.33306003,0.28369874,-0.89921415,-0.938142,0.1954444,-0.28581655,0.09466058,0.9387846,0.3312444
1356425202689,0.3524147,0.22198358,-0.9091354,-0.93071866,0.18466708,-0.315691,0.097809136,0.9574034,0.2716837
1356425202729,0.3502155,0.1654258,-0.92194545,-0.93090034,0.17054302,-0.32301646,0.103796035,0.9713647,0.21372178
1356425202770,0.32662755,0.11763474,-0.9378041,-0.9384334,0.15847039,-0.3069688,0.112504005,0.9803312,0.16215318
1356425202809,0.28309464,0.08069345,-0.95569146,-0.9512181,0.15104443,-0.26901627,0.12264407,0.98522806,0.11951688
1356425202849,0.22190204,0.055527836,-0.97348654,-0.9659928,0.14842233,-0.21172783,0.13273028,0.9873638,0.08657473
1356425202889,0.14599597,0.042257488,-0.9883822,-0.97913414,0.14892864,-0.1382626,0.14135575,0.9879446,0.063118815
1356425202929,0.061089903,0.040177643,-0.9973233,-0.9871424,0.15029731,-0.0544115,0.1477089,0.9878241,0.04884267
1356425202969,-0.028336346,0.047688514,-0.9984603,-0.987975,0.15054697,0.035229236,0.15199521,0.98745203,0.042849064
1356425203009,-0.11689961,0.06118518,-0.99125725,-0.980939,0.14888138,0.12487239,0.15522009,0.98696035,0.042614758
1356425203052,-0.19947273,0.07498786,-0.97702986,-0.96715105,0.14526737,0.20860526,0.1575734,0.9865465,0.04354769
1356425203079,-0.2699142,0.0855512,-0.9590763,-0.94999665,0.1387589,0.27973637,0.1570122,0.986624,0.04382032
1356425203119,-0.3317328,0.09141058,-0.9389342,-0.93121,0.12758225,0.34142458,0.1510011,0.98760664,0.042799234
1356425203159,-0.38452488,0.09266654,-0.91845167,-0.91255546,0.11189842,0.39334628,0.1392233,0.98938954,0.041535676
1356425203199,-0.42845017,0.09053457,-0.8990183,-0.89503294,0.093887925,0.43600577,0.123880535,0.99145776,0.04080516
1356425203239,-0.46352452,0.08613816,-0.88188726,-0.8795419,0.07599127,0.46971416,0.107475996,0.9933808,0.04053837
1356425203279,-0.48918045,0.08029917,-0.8684783,-0.8673841,0.059518814,0.4940672,0.09136397,0.99499226,0.040534735
1356425203319,-0.5040975,0.07389766,-0.8604795,-0.86033034,0.04426384,0.50781155,0.075614214,0.99628305,0.041263044
1356425203359,-0.5067522,0.06908703,-0.8593191,-0.8599949,0.028969288,0.50947976,0.06009233,0.99719,0.04473418
1356425203399,-0.49723864,0.0711512,-0.86469144,-0.8664039,0.011895061,0.4992022,0.04580438,0.9973946,0.05573094
1356425203439,-0.47943896,0.08962345,-0.87298673,-0.8768338,-0.00804019,0.4807263,0.03606534,0.99594325,0.08243972
1356425203479,-0.4612949,0.13524002,-0.8768792,-0.88651675,-0.03016901,0.4617119,0.035987318,0.99035347,0.13380933
1356425203519,-0.45020652,0.2104015,-0.8677819,-0.89161587,-0.053332567,0.44964072,0.04832402,0.9761592,0.21160793
1356425203559,-0.44634342,0.29999548,-0.8430779,-0.89224476,-0.07719576,0.44490463,0.06838736,0.95081204,0.30212522
1356425203599,-0.44257015,0.37803948,-0.813153,-0.8925276,-0.097973466,0.44022244,0.086754054,0.9205908,0.38077074
1356425203639,-0.43129045,0.42698386,-0.7947788,-0.8968128,-0.10665083,0.42936292,0.09856725,0.8979479,0.428922
1356425203678,-0.40817022,0.44374424,-0.7978021,-0.9067914,-0.09609723,0.41048104,0.10548198,0.89098614,0.4416075
1356425203718,-0.37141997,0.43196455,-0.82185996,-0.92192376,-0.06669551,0.38158664,0.11001751,0.8994211,0.42301035
1356425203758,-0.3218184,0.39662883,-0.85972,-0.9400549,-0.025649011,0.34005705,0.11282542,0.91762066,0.38110724
1356425203798,-0.26400763,0.3440146,-0.9010849,-0.957705,0.017367482,0.28722724,0.1144599,0.9388037,0.32487935
1356425203838,-0.2064091,0.28228962,-0.9368607,-0.97149837,0.054934442,0.230593,0.11655989,0.9577551,0.26290494
1356425203878,-0.15905368,0.22046801,-0.9623387,-0.97986436,0.083913624,0.18117458,0.120696455,0.97177786,0.20268208
1356425203918,-0.13058609,0.16614074,-0.97741735,-0.98325783,0.104670644,0.14915818,0.12708822,0.98053116,0.14969057
1356425203958,-0.12759739,0.12460765,-0.9839674,-0.98263705,0.11884874,0.14247572,0.13469687,0.98506236,0.1072793
1356425203998,-0.15494418,0.09889239,-0.9829612,-0.9776395,0.12784004,0.16696692,0.14217356,0.98685217,0.076873064
1356425204053,-0.21505296,0.08970347,-0.9724739,-0.96527267,0.13171476,0.2256102,0.14832717,0.9872206,0.058262646
1356425204079,-0.30517054,0.094768375,-0.9475705,-0.94004416,0.1291312,0.3156613,0.15227562,0.9870887,0.0496794
1356425204119,-0.4139276,0.10847023,-0.9038242,-0.8971634,0.11952031,0.425221,0.15414917,0.98688865,0.04784268
1356425204159,-0.5241146,0.12345803,-0.84265184,-0.83750105,0.10487777,0.5362767,0.15458313,0.9867922,0.048428237
1356425204199,-0.6194039,0.13295406,-0.77373266,-0.7701108,0.08859509,0.6317281,0.15253979,0.98715466,0.047513127
1356425204239,-0.69017184,0.13279667,-0.7113565,-0.7089014,0.073351026,0.7014831,0.14533338,0.98842543,0.043514848
1356425204279,-0.73435426,0.122647524,-0.6675937,-0.66590244,0.060397804,0.74358994,0.13152066,0.9906108,0.03731793
1356425204319,-0.7539999,0.105486095,-0.64834934,-0.6471332,0.050066173,0.7607312,0.11270696,0.99315965,0.030513644
1356425204359,-0.7498581,0.08517575,-0.6560928,-0.65516454,0.042366505,0.7542973,0.092044175,0.99546474,0.024035275
1356425204399,-0.7185048,0.064680845,-0.69250786,-0.69178,0.03668493,0.7211759,0.07205084,0.9972315,0.018386662
1356425204439,-0.6518061,0.04591593,-0.75699437,-0.75647676,0.03141105,0.6532658,0.053773314,0.9984513,0.014260411
1356425204479,-0.54046303,0.031272262,-0.8407863,-0.8405391,0.02427119,0.5412069,0.03733158,0.99921614,0.013167977
1356425204537,-0.38856238,0.026046813,-0.9210542,-0.9211359,0.01394546,0.38899124,0.022976577,0.99956346,0.01857394
1356425204558,-0.22759283,0.039170235,-0.9729682,-0.9736742,0.0038284063,0.2279121,0.012652278,0.99922526,0.037267685
1356425204598,-0.10275501,0.08009598,-0.9914767,-0.99464417,0.0029007792,0.10331768,0.011151373,0.99678296,0.07936895
1356425204635,-0.035167813,0.15231445,-0.9877062,-0.99910605,0.01784265,0.03832525,0.023460835,0.98817104,0.15155074
1356425204678,-0.017418265,0.24892747,-0.96836543,-0.9986628,0.042815924,0.028969526,0.048672765,0.96757525,0.24784887
1356425204718,-0.011033595,0.34477574,-0.9386202,-0.9970351,0.06769413,0.036585808,0.07615301,0.936241,0.34300658
1356425204758,0.023329914,0.41155916,-0.9110844,-0.9950802,0.09733236,0.018486679,0.09628633,0.9061707,0.4118052
1356425204798,0.108312845,0.4328615,-0.89492965,-0.98824996,0.14454168,-0.049695104,0.10784349,0.88979685,0.4434312
1356425204837,0.23779061,0.40604666,-0.88237286,-0.964605,0.20532545,-0.16546556,0.11398697,0.8904873,0.440499
1356425204877,0.38393486,0.34015927,-0.8584205,-0.9159398,0.25792634,-0.3074544,0.11682582,0.90430397,0.4105923
1356425204918,0.51358825,0.25591618,-0.8189835,-0.84993166,0.2826175,-0.4446836,0.11765736,0.9244643,0.36266032
1356425204958,0.60999197,0.17336234,-0.773211,-0.7835498,0.27745277,-0.5559404,0.11815044,0.94496846,0.30508196
1356425204998,0.67331636,0.103077054,-0.732134,-0.72961116,0.25286376,-0.6353954,0.1196354,0.96199524,0.24546348
1356425205051,0.7155204,0.040121585,-0.6974387,-0.68764937,0.21645942,-0.693025,0.12316194,0.97546685,0.18247071
1356425205089,0.72778255,-0.0022721589,-0.6858042,-0.674104,0.18158764,-0.71596766,0.12616032,0.9833721,0.13062465
1356425205129,0.727354,-0.031410933,-0.6855432,-0.674155,0.15411282,-0.7223325,0.12834015,0.98755383,0.09091872
1356425205169,0.7141455,-0.049158603,-0.698269,-0.68778014,0.13627934,-0.7130122,0.13021031,0.98945,0.063512966
1356425205209,0.6892436,-0.058110595,-0.7221955,-0.712252,0.12838018,-0.69008374,0.13281673,0.990021,0.04709585
1356425205250,0.6529298,-0.060396492,-0.75500655,-0.7450341,0.12830773,-0.6545695,0.13640684,0.98989356,0.038778514
1356425205289,0.60452604,-0.05720824,-0.7945285,-0.7843499,0.13139702,-0.60624254,0.13908073,0.9896778,0.034561634
1356425205329,0.5431407,-0.049300313,-0.83819306,-0.8282928,0.13211691,-0.5444962,0.13758335,0.9900074,0.03092295
1356425205369,0.46919388,-0.037872016,-0.88228273,-0.87350595,0.12692927,-0.46997485,0.12978646,0.9911885,0.026472986
1356425205409,0.38681433,-0.024935603,-0.9218204,-0.914823,0.115451306,-0.38700116,0.116075486,0.99300015,0.021846563
1356425205449,0.3047578,-0.013006777,-0.9523411,-0.947294,0.09956077,-0.30450255,0.09877643,0.99494654,0.01802066
1356425205489,0.2334871,-0.003828168,-0.9723524,-0.9690223,0.08186737,-0.23300985,0.08049595,0.9966359,0.015405387
1356425205528,0.1801343,0.002607882,-0.9836386,-0.9816337,0.0643453,-0.17959648,0.06282419,0.99792427,0.014150798
1356425205568,0.14596307,0.007939458,-0.98925817,-0.9882172,0.047728658,-0.14542645,0.046061367,0.9988288,0.0148124695
1356425205608,0.1264101,0.015371025,-0.99185884,-0.9915189,0.032375187,-0.12586495,0.030176848,0.99935746,0.019333243
1356425205647,0.111156166,0.030540109,-0.9933336,-0.99367166,0.019664407,-0.110589445,0.016155928,0.9993401,0.032532632
1356425205687,0.08675414,0.061962664,-0.99430096,-0.99620336,0.012666643,-0.08613077,0.0072575808,0.9979981,0.062826276
1356425205727,0.0414809,0.11912316,-0.99201256,-0.99910194,0.013529837,-0.04015261,0.008638561,0.9927873,0.11957747
1356425205768,-0.02620089,0.20499986,-0.9784112,-0.99938256,0.017547607,0.030439109,0.02340874,0.9786047,0.20441356
1356425205808,-0.1002596,0.30543762,-0.9469191,-0.9938428,0.0143713355,0.10986352,0.047164947,0.9521036,0.30211613
1356425205848,-0.1543212,0.3920545,-0.9069059,-0.9855569,0.0037006736,0.1693044,0.069732726,0.91993463,0.38582084
1356425205887,-0.17485732,0.4444754,-0.8785593,-0.98092246,-0.0016567707,0.19439223,0.08494699,0.8957895,0.43628564
1356425205928,-0.16751117,0.45922604,-0.87238264,-0.9813975,0.00652045,0.19187608,0.09380284,0.88829553,0.44959104
1356425205968,-0.146343,0.44160125,-0.885196,-0.9842595,0.024624527,0.17500502,0.09907994,0.8968734,0.43104666
1356425206007,-0.12602383,0.39984584,-0.9078774,-0.9867997,0.04330069,0.15604958,0.10170752,0.91555905,0.3891108
1356425206052,-0.118787706,0.34343085,-0.9316355,-0.9876652,0.055531204,0.14640233,0.102013856,0.9375348,0.33259836
1356425206089,-0.1337133,0.2822529,-0.9499757,-0.98580694,0.060310066,0.15667582,0.10151526,0.9574424,0.27018264
1356425206129,-0.17463887,0.2242043,-0.95876676,-0.9793166,0.061495304,0.19276246,0.1021778,0.9726,0.2088275
1356425206169,-0.24309605,0.17549312,-0.95399505,-0.96431947,0.06257945,0.25723875,0.10484415,0.9824897,0.15401864
1356425206209,-0.33609974,0.1399112,-0.93137634,-0.935498,0.06485319,0.3473293,0.10899797,0.98803794,0.109089494
1356425206249,-0.4463771,0.11866182,-0.88694227,-0.88758415,0.06729525,0.4557034,0.113761514,0.9906516,0.07528341
1356425206289,-0.5627436,0.11066073,-0.819191,-0.8180749,0.06766474,0.57111734,0.11863062,0.9915522,0.052450836
1356425206328,-0.6720688,0.11306879,-0.7318053,-0.730121,0.06361216,0.6803504,0.123478115,0.9915488,0.039802194
1356425206368,-0.7638739,0.12159884,-0.63380617,-0.6324995,0.054064393,0.7726716,0.12822229,0.9911058,0.03561288
1356425206407,-0.83338016,0.13091215,-0.53697264,-0.5366932,0.04044783,0.8428075,0.13205314,0.9905686,0.036551178
1356425206447,-0.8818648,0.13573962,-0.45154077,-0.45242757,0.026028097,0.8914212,0.13275391,0.9904026,0.038459122
1356425206488,-0.91424674,0.13285375,-0.38275698,-0.38446146,0.013606548,0.92304075,0.12783745,0.99104226,0.03863734
1356425206527,-0.935756,0.122406125,-0.33072287,-0.33277178,0.0039073825,0.94299936,0.11672117,0.9924724,0.03707683
1356425206568,-0.95018655,0.107149035,-0.29268515,-0.29475582,-0.0036692023,0.9555656,0.10131402,0.99423623,0.035069227
1356425206607,-0.9597321,0.09054108,-0.26592633,-0.26785386,-0.009624779,0.96341157,0.08466885,0.9958463,0.03348887
1356425206648,-0.96541494,0.074871846,-0.24973635,-0.25144693,-0.014211953,0.96776676,0.06890924,0.9970919,0.03254676
1356425206687,-0.96746284,0.06087538,-0.24558063,-0.24706379,-0.018051565,0.9688311,0.05454485,0.9979822,0.03250432
1356425206727,-0.9653629,0.048820868,-0.25630262,-0.25762004,-0.022827625,0.96597666,0.04130905,0.99854666,0.034614205
