1355984658234,0.23911941,0.09184402,-0.96663666,0.9481304,0.192658,0.2528467,0.20945272,-0.9769583,-0.04101184
1355984658235,-0.26599663,-0.09726995,0.9590539,-0.94094676,-0.18995887,-0.28024068,0.20943975,-0.97696173,-0.040997386
1355984658265,-0.2659173,-0.09715399,0.9590876,-0.9409832,-0.18993038,-0.28013736,0.20937636,-0.9769787,-0.040914476
1355984658295,-0.26586097,-0.096906245,0.9591283,-0.9410265,-0.18987793,-0.28002775,0.20925373,-0.9770136,-0.04071021
1355984658336,-0.2655778,-0.096119225,0.95928586,-0.94115525,-0.18989158,-0.27958527,0.20903382,-0.9770887,-0.04003215
1355984658378,-0.26578665,-0.09466088,0.9593731,-0.94113696,-0.1901179,-0.27949327,0.20885107,-0.9771871,-0.038558066
1355984658419,-0.2670381,-0.092300326,0.95925564,-0.9407884,-0.19072938,-0.28024927,0.20882529,-0.9772937,-0.035903096
1355984658458,-0.2694826,-0.088563144,0.9589243,-0.9400545,-0.19190615,-0.28190354,0.20898977,-0.9774091,-0.031538785
1355984658498,-0.27404684,-0.083869755,0.9580523,-0.93867534,-0.1934278,-0.28543714,0.20925352,-0.9775232,-0.025718153
1355984658540,-0.2805658,-0.078739315,0.95659965,-0.93669116,-0.19507563,-0.29078373,0.20950538,-0.9776224,-0.019022882
1355984658579,-0.28937685,-0.07414776,0.9543391,-0.93396884,-0.1965164,-0.29846856,0.20967406,-0.97769284,-0.012384415
1355984658617,-0.30045068,-0.07106957,0.9511459,-0.9304409,-0.1974951,-0.30866715,0.20978352,-0.9777243,-0.006788492
1355984658660,-0.29605377,-0.066232115,0.9528723,-0.9318212,-0.19920403,-0.3033595,0.20990816,-0.9777173,-0.0027413964
1355984658699,-0.32077658,-0.06941855,0.9446076,-0.92355543,-0.19831544,-0.32820165,0.21011356,-0.97767687,-4.969239E-4
1355984658740,-0.34013754,-0.073295504,0.9375149,-0.9165362,-0.19721985,-0.34794506,0.21039936,-0.9776155,-9.614229E-5
1355984658779,-0.35584348,-0.078579485,0.93123615,-0.9104655,-0.19559413,-0.36441123,0.21077958,-0.9775317,-0.0019429922
1355984658820,-0.36910707,-0.0855276,0.9254432,-0.90505517,-0.19327962,-0.37883794,0.21127042,-0.9774089,-0.006066382
1355984658862,-0.38106936,-0.09419766,0.9197352,-0.8999388,-0.19019485,-0.39234668,0.211887,-0.9772168,-0.01229471
1355984658903,-0.39135933,-0.10311425,0.91444266,-0.8953708,-0.1867786,-0.4042585,0.21248314,-0.97697556,-0.019227922
1355984658943,-0.4006713,-0.112002164,0.90935034,-0.89114654,-0.18297017,-0.4151864,0.2128858,-0.9767177,-0.02649945
1355984658982,-0.40918702,-0.1205332,0.90445435,-0.8872733,-0.17868453,-0.42522675,0.21286595,-0.97649556,-0.033830523
1355984659021,-0.41710216,-0.12862042,0.89971244,-0.88370585,-0.17389178,-0.4345407,0.21234342,-0.976329,-0.041131914
1355984659060,-0.42468047,-0.13648987,0.89499557,-0.8803235,-0.16854489,-0.44342214,0.21136951,-0.9761984,-0.048577547
1355984659100,-0.43189818,-0.14412281,0.8903328,-0.87707114,-0.16301721,-0.45185345,0.21026194,-0.97603995,-0.05599916
1355984659141,-0.43831837,-0.15164545,0.8859348,-0.874051,-0.15788513,-0.45946404,0.20955154,-0.9757438,-0.063341916
1355984659181,-0.44580543,-0.15951434,0.88080233,-0.87018275,-0.15345985,-0.46822223,0.20985597,-0.97519493,-0.07039338
1355984659222,-0.4548188,-0.16924107,0.8743554,-0.8649535,-0.14989805,-0.47894257,0.21212095,-0.9741089,-0.07820922
1355984659280,-0.46631444,-0.18193978,0.86570704,-0.8577042,-0.14657313,-0.49280798,0.2165508,-0.97232413,-0.08770138
1355984659302,-0.4819197,-0.1998798,0.8531128,-0.8470733,-0.14273643,-0.5119504,0.2240988,-0.969368,-0.10052532
1355984659340,-0.5001285,-0.22249559,0.8368795,-0.83349574,-0.1384185,-0.53490674,0.23485401,-0.9650575,-0.11622208
1355984659380,-0.51763374,-0.2478863,0.8189064,-0.8187946,-0.1341905,-0.5581831,0.24825537,-0.9594505,-0.13350642
1355984659421,-0.5308198,-0.27444342,0.8018174,-0.8056115,-0.13031358,-0.5779348,0.2630981,-0.9527325,-0.15192169
1355984659461,-0.5363185,-0.3013875,0.78837043,-0.7969685,-0.12666452,-0.59059054,0.27785522,-0.94505113,-0.1722638
1355984659501,-0.5332641,-0.33030272,0.7788001,-0.7938814,-0.12259638,-0.5955859,0.2922017,-0.9358794,-0.19684488
1355984659540,-0.52288896,-0.3651184,0.7702438,-0.79501426,-0.11705083,-0.5951903,0.30747265,-0.92357326,-0.22906971
1355984659581,-0.5067369,-0.40910578,0.75884795,-0.7983862,-0.1094079,-0.5921228,0.3252648,-0.9059042,-0.27118337
1355984659620,-0.4905007,-0.46616292,0.73627514,-0.7996141,-0.09513539,-0.5929303,0.346448,-0.8795688,-0.32608646
1355984659661,-0.47003335,-0.5301014,0.7057345,-0.80253863,-0.07616657,-0.59171814,0.367424,-0.84450644,-0.38962603
1355984659702,-0.44043607,-0.58927464,0.6773267,-0.8124968,-0.059320092,-0.5799398,0.38192287,-0.8057521,-0.45265704
1355984659741,-0.3896412,-0.62771267,0.6739114,-0.8364243,-0.0650644,-0.54420674,0.38545316,-0.7757212,-0.49968237
1355984659782,-0.31337532,-0.6330402,0.7078531,-0.87191784,-0.10351685,-0.47858495,0.3762382,-0.76716644,-0.5195194
1355984659819,-0.21194223,-0.60246015,0.7694948,-0.908515,-0.16867611,-0.38229418,0.36011243,-0.7801218,-0.5115945
1355984659860,-0.09416759,-0.53182214,0.84160423,-0.93528765,-0.24240625,-0.2578299,0.34112975,-0.8114213,-0.47457993
1355984659899,0.019864202,-0.43348923,0.9009397,-0.9459429,-0.2999199,-0.123450756,0.32372436,-0.8497853,-0.41601366
1355984659939,0.11068395,-0.32855263,0.93797773,-0.94429755,-0.32907078,-0.0038363934,0.30992144,-0.8853054,-0.34667432
1355984659980,0.17026213,-0.23378003,0.9572658,-0.9387156,-0.3339441,0.08540812,0.29970652,-0.9131421,-0.276311
1355984660019,0.20070356,-0.15543714,0.9672421,-0.93504155,-0.3249451,0.14180273,0.2922592,-0.9328719,-0.21055779
1355984660059,0.20766744,-0.09301764,0.9737669,-0.9352173,-0.3107225,0.169765,0.28678012,-0.94593835,-0.1515187
1355984660100,0.19676465,-0.044205755,0.9794537,-0.93863106,-0.2971418,0.17515275,0.28329384,-0.9538095,-0.09995991
1355984660142,0.17132813,-0.008128047,0.9851805,-0.9435496,-0.28907824,0.16170326,0.28347993,-0.957271,-0.057196468
1355984660181,0.12944806,0.012143135,0.99151176,-0.94894046,-0.28857398,0.12742427,0.28767186,-0.95738053,-0.025832176
1355984660221,0.077059746,0.016795784,0.99688506,-0.9520494,-0.2956822,0.07857567,0.29608086,-0.95513874,-0.0067948103
1355984660280,0.0144815445,0.0072357357,0.999869,-0.9523574,-0.30456454,0.01599747,0.30464038,-0.9524643,0.0024804175
1355984660301,-0.050507247,-0.009393901,0.9986795,-0.9502487,-0.30729717,-0.05094844,0.30736998,-0.95156723,0.006594181
1355984660340,-0.10838497,-0.025125563,0.9937915,-0.9479967,-0.2983225,-0.11093283,0.29925758,-0.95413446,0.0085146725
1355984660381,-0.15287524,-0.03575468,0.9875984,-0.9479442,-0.27717197,-0.15677166,0.2793399,-0.9601548,0.008479297
1355984660421,-0.18177342,-0.040997535,0.9824854,-0.95109713,-0.24642551,-0.18624908,0.24974522,-0.9682942,0.0058009624
1355984660460,-0.19531083,-0.04254681,0.9798181,-0.9563832,-0.21301508,-0.1998893,0.2172207,-0.97612214,9.1311336E-4
1355984660501,-0.19752073,-0.04373145,0.9793228,-0.9629396,-0.17851424,-0.2021879,0.18366504,-0.982965,-0.006850481
1355984660540,-0.19005883,-0.04729092,0.9806331,-0.9698335,-0.14625555,-0.19501886,0.15264565,-0.9881158,-0.018067181
1355984660581,-0.18106627,-0.06043011,0.98161256,-0.97523373,-0.117878675,-0.18714651,0.12702048,-0.9911876,-0.03758967
1355984660620,-0.17670846,-0.0935975,0.97980285,-0.9776926,-0.09814042,-0.18570289,0.113539666,-0.9907613,-0.07416731
1355984660659,-0.18375456,-0.15957355,0.9699333,-0.97547317,-0.09204841,-0.19994792,0.12118721,-0.98288524,-0.13874543
1355984660700,-0.20338172,-0.26539022,0.94244576,-0.96674865,-0.097975075,-0.23621592,0.15502563,-0.9591501,-0.23663926
1355984660741,-0.22240621,-0.39071915,0.89323795,-0.95326483,-0.10502821,-0.28329358,0.20450342,-0.91449857,-0.34909987
1355984660782,-0.22547838,-0.49682313,0.8380491,-0.9413679,-0.11048761,-0.31877717,0.25096995,-0.8607899,-0.4427808
1355984660820,-0.20460027,-0.5540416,0.8069551,-0.93786716,-0.12507653,-0.323668,0.28025672,-0.8230393,-0.49402672
1355984660862,-0.16391951,-0.5541836,0.8160949,-0.9425888,-0.15601534,-0.2952719,0.29095817,-0.8176428,-0.49679327
1355984660900,-0.115988314,-0.51564467,0.84891534,-0.9497236,-0.19266528,-0.24678984,0.29081237,-0.8348597,-0.467373
1355984660941,-0.06866047,-0.44766587,0.891561,-0.95628375,-0.22510847,-0.18667507,0.28426594,-0.86540246,-0.41263962
1355984660980,-0.0311642,-0.36620498,0.93001217,-0.9607949,-0.2454944,-0.12886247,0.27550286,-0.8975669,-0.34419727
1355984661021,-0.008888423,-0.28559774,0.9583084,-0.9634524,-0.2541443,-0.08467695,0.2677322,-0.9240371,-0.27290088
1355984661059,-0.0019028187,-0.213096,0.9770294,-0.9648453,-0.25638396,-0.057798028,0.26281124,-0.9427923,-0.20511678
1355984661101,-0.009175062,-0.15279686,0.98821497,-0.9652326,-0.25682122,-0.048671097,0.2612314,-0.95430386,-0.14512819
1355984661142,-0.028440833,-0.10652208,0.9939035,-0.96425617,-0.25912333,-0.055364102,0.26344112,-0.9599521,-0.09534487
1355984661179,-0.05977416,-0.07725826,0.9952177,-0.9611645,-0.26464373,-0.07827303,0.26942536,-0.9612465,-0.058439076
1355984661219,-0.09991068,-0.06649163,0.9927723,-0.95475256,-0.27448976,-0.114468575,0.28011698,-0.9592885,-0.036058635
1355984661279,-0.1481508,-0.07366583,0.9862174,-0.9443451,-0.28562146,-0.16319522,0.29370674,-0.95550704,-0.027250946
1355984661302,-0.1985268,-0.09142479,0.97582203,-0.93129635,-0.2926551,-0.21688709,0.30540818,-0.9518374,-0.02704373
1355984661340,-0.24175268,-0.107966214,0.9643127,-0.91971684,-0.29129666,-0.26318666,0.3093163,-0.95052063,-0.028876543
1355984661382,-0.27019405,-0.11490521,0.9559247,-0.91455615,-0.27973115,-0.2921258,0.3009687,-0.95317745,-0.02950561
1355984661421,-0.28050852,-0.11096227,0.9534161,-0.91843724,-0.25759393,-0.30019706,0.2789048,-0.95986074,-0.029654562
1355984661461,-0.27275068,-0.100697935,0.95680034,-0.9293193,-0.22975707,-0.28909737,0.24894318,-0.96802455,-0.030914128
1355984661501,-0.25116313,-0.08884847,0.96385837,-0.9440476,-0.19741637,-0.26419863,0.2137551,-0.9762851,-0.034293473
1355984661540,-0.21690965,-0.07873729,0.9730111,-0.95973825,-0.16503,-0.22730523,0.17847341,-0.98314065,-0.039770603
1355984661582,-0.17750645,-0.0747264,0.9812784,-0.97355396,-0.13238484,-0.18619052,0.14381969,-0.9883776,-0.04925102
1355984661620,-0.13684303,-0.083025396,0.9871073,-0.9841283,-0.10226107,-0.14503124,0.11298397,-0.99128675,-0.06771392
1355984661661,-0.101330936,-0.11397931,0.98830193,-0.9904591,-0.08170283,-0.11097476,0.09339589,-0.9901178,-0.10461277
1355984661700,-0.0744085,-0.17757231,0.9812907,-0.9927725,-0.07972196,-0.0897055,0.0941596,-0.98087335,-0.17035693
1355984661739,-0.051528603,-0.26954657,0.96160775,-0.9919478,-0.097730905,-0.08054915,0.11569053,-0.9580153,-0.2623402
1355984661779,-0.024432302,-0.3671447,0.92984295,-0.9887295,-0.1285513,-0.07673755,0.1477063,-0.92123795,-0.35986596
1355984661819,0.01610002,-0.435819,0.8998903,-0.98428977,-0.16517231,-0.062383324,0.17582485,-0.88474846,-0.4316315
1355984661859,0.07110122,-0.45544222,0.88742155,-0.9783927,-0.2050077,-0.026824087,0.19414514,-0.86633956,-0.4601776
1355984661899,0.13463971,-0.42628488,0.89451283,-0.9695506,-0.24303171,0.030116081,0.204557,-0.8713304,-0.4460265
1355984661939,0.19681454,-0.36166692,0.9112964,-0.95754373,-0.2706076,0.09940648,0.2106517,-0.8921708,-0.39957142
1355984661979,0.24866164,-0.2796981,0.9273275,-0.9444765,-0.2823187,0.16810784,0.21478245,-0.91764104,-0.33437017
1355984662019,0.28563464,-0.19632,0.9380146,-0.9330631,-0.2802831,0.22546554,0.2186462,-0.9396275,-0.2632375
1355984662059,0.30766734,-0.12107247,0.94375956,-0.92477244,-0.27146366,0.26665217,0.22391221,-0.95480305,-0.19548497
1355984662099,0.31701943,-0.057943314,0.9466474,-0.91974676,-0.2623544,0.29195234,0.23144042,-0.9632304,-0.13646463
1355984662139,0.3163045,-0.008250773,0.94862187,-0.9175663,-0.25656867,0.30371794,0.24088076,-0.96649075,-0.088724434
1355984662181,0.30768502,0.02792409,0.9510784,-0.91744936,-0.256262,0.3043296,0.25222337,-0.9662039,-0.053229034
1355984662220,0.2918254,0.050611258,0.9551316,-0.9188823,-0.26236463,0.29465234,0.2655055,-0.9636406,-0.03005886
1355984662279,0.26989353,0.059842616,0.96102875,-0.9207498,-0.2759928,0.27576753,0.28173965,-0.9592949,-0.019388601
1355984662305,0.2404182,0.05674234,0.9690095,-0.9235898,-0.29375708,0.2463508,0.2986319,-0.95419455,-0.018217936
1355984662341,0.20336097,0.04423195,0.97810423,-0.92821586,-0.3091588,0.20696929,0.31154415,-0.94998133,-0.021814078
1355984662382,0.15794289,0.026660442,0.9870883,-0.9360748,-0.31419057,0.15826637,0.31435326,-0.9489855,-0.024668008
1355984662421,0.10566044,0.0072101355,0.9943761,-0.94730824,-0.30335987,0.10285872,0.3023954,-0.95284885,-0.025222927
1355984662458,0.046564937,-0.01214987,0.9988414,-0.9596371,-0.2781844,0.041353464,0.27735963,-0.9604509,-0.024613142
1355984662498,-0.01689905,-0.028930366,0.9994385,-0.9695246,-0.24386865,-0.023452401,0.24441025,-0.9693766,-0.02392754
1355984662537,-0.08121091,-0.04158321,0.9958291,-0.97449374,-0.20640296,-0.088089794,0.20920515,-0.97758305,-0.023760408
1355984662565,-0.14167231,-0.05020085,0.98863983,-0.97396135,-0.17150235,-0.14827737,0.17699778,-0.98390377,-0.024596483
1355984662607,-0.19744289,-0.060005575,0.9784762,-0.9693558,-0.13687515,-0.20399645,0.14616996,-0.9887693,-0.031141758
1355984662648,-0.25277805,-0.08128598,0.9641037,-0.95980203,-0.10457915,-0.26046753,0.121997505,-0.9911891,-0.05158311
1355984662695,-0.3223843,-0.13198876,0.93736196,-0.93978417,-0.074065745,-0.33364648,0.11346403,-0.98848027,-0.10016334
1355984662731,-0.40433556,-0.21104792,0.88992786,-0.90640163,-0.037609518,-0.4207395,0.122265965,-0.9767519,-0.17608726
1355984662774,-0.49578077,-0.31182742,0.8105339,-0.8558816,0.017244875,-0.51688427,0.14720115,-0.9499822,-0.275437
1355984662812,-0.5613532,-0.39704585,0.72611105,-0.80935764,0.080302715,-0.58180034,0.17269275,-0.914279,-0.36643028
1355984662856,-0.589066,-0.44573313,0.67403495,-0.7860134,0.12243348,-0.6059644,0.187574,-0.88675356,-0.4224736
1355984662899,-0.58460575,-0.45939964,0.6687212,-0.78842396,0.12726408,-0.60182345,0.19137332,-0.8790653,-0.43660104
1355984662934,-0.5545527,-0.43983084,0.7064136,-0.81065494,0.09384477,-0.57795465,0.1879091,-0.89316404,-0.40859294
1355984662983,-0.50276375,-0.38635597,0.7732772,-0.84517837,0.031995654,-0.5335258,0.18138933,-0.92179465,-0.34262598
1355984663022,-0.4622411,-0.32441422,0.8252809,-0.86908734,-0.019110262,-0.49428934,0.17612585,-0.94572204,-0.27311075
1355984663061,-0.4345286,-0.26355985,0.8612324,-0.88361406,-0.060397267,-0.46430427,0.17438808,-0.9627505,-0.20664084
1355984663103,-0.42975157,-0.21250638,0.8775846,-0.8851634,-0.09279436,-0.45593303,0.17832363,-0.9727437,-0.14822435
1355984663143,-0.45156783,-0.17715085,0.8744735,-0.87176204,-0.12115848,-0.47471195,0.19004554,-0.9766975,-0.09972209
1355984663180,-0.5026215,-0.16145611,0.84929585,-0.8391645,-0.14500356,-0.5241916,0.20778486,-0.976169,-0.062606275
1355984663222,-0.5754206,-0.16905484,0.8001947,-0.7839712,-0.16470188,-0.5985504,0.23298138,-0.9717478,-0.03776127
1355984663283,-0.6631725,-0.19754255,0.7219274,-0.70142376,-0.17253059,-0.6915475,0.26116464,-0.9649923,-0.024143517
1355984663299,-0.74468523,-0.23878878,0.6232365,-0.601505,-0.16450495,-0.78174794,0.28919816,-0.957036,-0.021128178
1355984663338,-0.8054882,-0.27608597,0.5243714,-0.5050675,-0.14303553,-0.8511449,0.30999288,-0.95043015,-0.024228692
1355984663377,-0.8417283,-0.2950626,0.45214105,-0.4370535,-0.11929226,-0.89148957,0.31698215,-0.9480018,-0.028546453
1355984663418,-0.85996747,-0.29069066,0.4194697,-0.408378,-0.100984335,-0.90720975,0.3060773,-0.9514731,-0.031868458
1355984663460,-0.86586237,-0.26683348,0.42318112,-0.41540807,-0.0878939,-0.9053788,0.27878046,-0.95972633,-0.034740746
1355984663500,-0.8599129,-0.22917543,0.45610133,-0.45131183,-0.07609123,-0.8891162,0.23846892,-0.9704065,-0.037997782
1355984663540,-0.8413003,-0.1903573,0.5059425,-0.50349236,-0.06471056,-0.861573,0.19674653,-0.9795798,-0.04140246
1355984663579,-0.81005204,-0.15486495,0.5655374,-0.5650709,-0.05134219,-0.8234433,0.15655844,-0.98660064,-0.045919836
1355984663620,-0.7638595,-0.12855631,0.63244927,-0.63380927,-0.035324097,-0.77268237,0.12167385,-0.99107295,-0.0544976
1355984663659,-0.7115292,-0.121888995,0.69200385,-0.6959276,-0.013723314,-0.7179808,0.09701052,-0.99244887,-0.07506144
1355984663703,-0.66590357,-0.14878482,0.731051,-0.74045837,0.012189269,-0.67199177,0.09107119,-0.9887945,-0.118285894
1355984663740,-0.63739663,-0.2145909,0.7400515,-0.7628321,0.040265203,-0.64534163,0.10868612,-0.9758737,-0.18936175
1355984663781,-0.62199086,-0.30613616,0.72069955,-0.7696996,0.06996316,-0.634561,0.14383969,-0.94941336,-0.2791493
1355984663821,-0.5991073,-0.39164746,0.6983428,-0.78043604,0.09081179,-0.61860555,0.17885748,-0.915623,-0.36006176
1355984663862,-0.5528327,-0.44577044,0.70403457,-0.8089773,0.08450019,-0.58173484,0.1998291,-0.89115006,-0.40733266
1355984663900,-0.47515696,-0.45877475,0.7508339,-0.8558225,0.042706013,-0.51550364,0.20443493,-0.8875257,-0.41292185
1355984663941,-0.36832553,-0.4320652,0.82319856,-0.9082537,-0.021847546,-0.417849,0.19852293,-0.90157765,-0.38437784
1355984663980,-0.24634194,-0.37317398,0.89445895,-0.95057046,-0.086970925,-0.29808038,0.18902773,-0.92367595,-0.33330357
1355984664021,-0.13329384,-0.29933035,0.9447931,-0.97423387,-0.13542846,-0.18035403,0.1819373,-0.9444896,-0.27356595
1355984664061,-0.04557255,-0.22554019,0.9731674,-0.9824592,-0.16621885,-0.08453035,0.18082371,-0.9599495,-0.21400899
1355984664100,0.0064901114,-0.16378725,0.98647434,-0.98261416,-0.18408859,-0.024100006,0.18554598,-0.96916723,-0.16213438
1355984664141,0.027838588,-0.11593792,0.9928662,-0.9800863,-0.19852501,0.0042983294,0.19661051,-0.9732143,-0.119155794
1355984664180,0.01247555,-0.08551794,0.9962585,-0.9772014,-0.21223009,-0.00598076,0.21194747,-0.97347057,-0.08621594
1355984664219,-0.037970185,-0.07408711,0.9965286,-0.97194886,-0.22889692,-0.054050982,0.2321068,-0.97062725,-0.0633176
1355984664279,-0.13508272,-0.08680144,0.9870249,-0.95725644,-0.24569994,-0.15261611,0.25575924,-0.9654517,-0.049901426
1355984664301,-0.28322905,-0.12592113,0.95074975,-0.91773355,-0.2522624,-0.30680415,0.27847156,-0.9594308,-0.044113994
1355984664341,-0.45921504,-0.17967513,0.86996454,-0.83835256,-0.23618197,-0.49130753,0.2937457,-0.95495284,-0.04217279
1355984664381,-0.61142564,-0.2217744,0.7595885,-0.73382497,-0.20025033,-0.6491538,0.29607353,-0.95431435,-0.040305436
1355984664420,-0.70834893,-0.23516388,0.6655371,-0.64673334,-0.16153693,-0.7454138,0.28280324,-0.95843816,-0.037663758
1355984664460,-0.7554567,-0.22154555,0.6166059,-0.6037487,-0.13017207,-0.7864749,0.2545049,-0.96642274,-0.03541845
1355984664501,-0.76895607,-0.19221707,0.60972047,-0.60148484,-0.10563046,-0.79187006,0.216616,-0.97565097,-0.03439039
1355984664540,-0.75866824,-0.15766063,0.63211197,-0.6274557,-0.08421534,-0.7740846,0.1752762,-0.9838957,-0.035033584
1355984664580,-0.7289661,-0.12624094,0.67280877,-0.67094946,-0.06318152,-0.7388064,0.1357767,-0.9899855,-0.038644075
1355984664621,-0.68463874,-0.1056627,0.72118324,-0.7218532,-0.0387913,-0.6909582,0.100984156,-0.99364513,-0.049714923
1355984664660,-0.63384193,-0.1053552,0.7662537,-0.7698546,-0.009642959,-0.63814646,0.07462099,-0.9943879,-0.074996054
1355984664702,-0.6070776,-0.14155763,0.78193235,-0.7921221,0.029491603,-0.60964966,0.06324014,-0.9894906,-0.13003463
1355984664740,-0.6022744,-0.21108687,0.7698753,-0.79538584,0.076500475,-0.60125625,0.068021506,-0.97446907,-0.21396977
1355984664779,-0.62062585,-0.3014183,0.723858,-0.77907705,0.13264883,-0.6127342,0.0886704,-0.94421995,-0.31715345
1355984664822,-0.62984484,-0.3839379,0.67519426,-0.7679536,0.17757875,-0.6153968,0.116373986,-0.90612227,-0.40669346
1355984664859,-0.60705805,-0.43920064,0.66225636,-0.78245485,0.18487614,-0.59463036,0.13872662,-0.87916076,-0.45588523
1355984664899,-0.54444396,-0.4605865,0.70102847,-0.82497305,0.14292064,-0.5468027,0.15165848,-0.876033,-0.4577837
1355984664939,-0.43663955,-0.44620615,0.7811824,-0.88579446,0.06149745,-0.45998514,0.15720746,-0.89281476,-0.4220991
1355984664979,-0.29354686,-0.39600608,0.8700628,-0.9424056,-0.032758176,-0.33286405,0.16031787,-0.91766334,-0.36358225
1355984665019,-0.144903,-0.3208836,0.93596834,-0.97554636,-0.1116668,-0.18931374,0.16526431,-0.94051266,-0.296856
1355984665059,-0.022916257,-0.24012709,0.9704709,-0.9844713,-0.16357225,-0.06372008,0.17404306,-0.956861,-0.2326498
1355984665099,0.055841565,-0.16919786,0.9839989,-0.9807754,-0.19385874,0.02232474,0.1869795,-0.96632856,-0.17677048
1355984665139,0.08602038,-0.116309166,0.98948103,-0.97523344,-0.21295485,0.05974987,0.20376533,-0.9701147,-0.13174704
1355984665179,0.06285781,-0.086046964,0.9943062,-0.9725554,-0.22890913,0.041673124,0.22401991,-0.96963733,-0.09807423
1355984665220,0.13405651,-0.042543262,0.9900601,-0.9597645,-0.2543323,0.11902568,0.24674049,-0.9661807,-0.074926436
1355984665280,-0.17971683,-0.1119726,0.97732484,-0.9461385,-0.25230563,-0.20288882,0.26930258,-0.9611472,-0.060597986
1355984665301,-0.5221764,-0.20195624,0.8285805,-0.8031118,-0.21045673,-0.5574221,0.28695515,-0.9565154,-0.05229795
1355984665340,-0.7364816,-0.25763807,0.6254738,-0.6089449,-0.15015739,-0.7788703,0.29458612,-0.95450264,-0.04629922
1355984665380,-0.81597185,-0.26696342,0.5127577,-0.50109404,-0.115660846,-0.85762894,0.28826153,-0.95674086,-0.039397776
1355984665421,-0.82267076,-0.2429819,0.5139772,-0.5028247,-0.11089462,-0.8572454,0.2652924,-0.96367115,-0.030947566
1355984665460,-0.78465164,-0.1994023,0.58699274,-0.5756891,-0.116933405,-0.80926424,0.23000821,-0.9729158,-0.023041666
1355984665500,-0.70518726,-0.14459178,0.69412106,-0.6844889,-0.11645949,-0.7196611,0.18489408,-0.98261404,-0.016845644
1355984665540,-0.589379,-0.09313631,0.80246997,-0.7957923,-0.104094565,-0.59655595,0.13909376,-0.99019694,-0.012766004
1355984665581,-0.45564663,-0.054044694,0.8885186,-0.8850057,-0.079762876,-0.45869678,0.095660925,-0.9953477,-0.011486232
1355984665621,-0.31967044,-0.033228874,0.9469459,-0.94579613,-0.04921955,-0.32100943,0.057275027,-0.9982351,-0.015693724
1355984665661,-0.20680314,-0.037251204,0.9776732,-0.9779923,-0.020350754,-0.20764601,0.027631432,-0.99909866,-0.032222748
1355984665699,-0.13684481,-0.07406396,0.98781985,-0.99050695,-0.0028704405,-0.13743234,0.013014257,-0.99724936,-0.072968066
1355984665740,-0.116214305,-0.1513775,0.98162067,-0.9930349,-0.0015843809,-0.11780998,0.019389063,-0.9884747,-0.15013903
1355984665780,-0.1313482,-0.26511055,0.9552299,-0.99029535,-0.009056687,-0.13868341,0.045417666,-0.96417546,-0.2613482
1355984665822,-0.15184149,-0.38908923,0.90859985,-0.98512125,-0.015293986,-0.17117879,0.08049995,-0.9210731,-0.3809778
1355984665860,-0.13721955,-0.48000634,0.86646676,-0.9845598,-0.029886782,-0.17247832,0.108686626,-0.8767557,-0.46849388
1355984665902,-0.0769825,-0.51439106,0.85409343,-0.9892477,-0.067432165,-0.12977645,0.12434921,-0.8549005,-0.50366914
1355984665940,0.0106963515,-0.49868858,0.86671525,-0.99120116,-0.1196478,-0.05660996,0.1319313,-0.8584837,-0.49558055
1355984665982,0.107625246,-0.43934923,0.8918459,-0.9848011,-0.17011493,0.035039246,0.13632184,-0.8820619,-0.45098025
1355984666020,0.19031072,-0.356638,0.91465354,-0.9715645,-0.20210916,0.12334651,0.14086983,-0.9121191,-0.38496035
1355984666061,0.24687946,-0.27033433,0.930575,-0.9578619,-0.21355432,0.1920805,0.14680234,-0.93878317,-0.31166515
1355984666100,0.27619132,-0.19283101,0.9415597,-0.94863284,-0.21199337,0.23484996,0.154318,-0.958058,-0.24147657
1355984666141,0.28221056,-0.12909874,0.9506265,-0.9452933,-0.2064412,0.25259182,0.16363916,-0.9699049,-0.18029606
1355984666180,0.2693212,-0.08034277,0.9596933,-0.9468018,-0.20437092,0.24859414,0.1761606,-0.97559094,-0.13111013
1355984666219,0.2398442,-0.047436714,0.96965176,-0.9512454,-0.21100026,0.22496903,0.19392496,-0.97633433,-0.09573117
1355984666282,0.19491476,-0.031683385,0.9803083,-0.95624214,-0.22848463,0.18274513,0.21819541,-0.9730319,-0.07483202
1355984666300,0.13354212,-0.034286827,0.9904498,-0.96000123,-0.2526487,0.120690644,0.24609777,-0.96695036,-0.06665462
1355984666340,0.05830401,-0.05174172,0.99695706,-0.9608959,-0.2737077,0.041989684,0.2707022,-0.96042013,-0.06567669
1355984666381,-0.020719051,-0.074046016,0.9970396,-0.95865417,-0.28162855,-0.04083675,0.28381854,-0.95666224,-0.065149516
1355984666420,-0.08971667,-0.09004679,0.99188834,-0.9556688,-0.27264178,-0.1111919,0.28044266,-0.95789254,-0.061594397
1355984666462,-0.13538516,-0.092181474,0.9864955,-0.9570788,-0.24535567,-0.154275,0.25626358,-0.9650405,-0.055007428
1355984666500,-0.153669,-0.083075225,0.984624,-0.9632618,-0.20951974,-0.16801277,0.22025585,-0.97426903,-0.04782656
1355984666541,-0.14792287,-0.06700534,0.9867265,-0.97318536,-0.16783965,-0.15729031,0.17615107,-0.9835346,-0.040381312
1355984666580,-0.12162095,-0.049432814,0.9913449,-0.98405343,-0.12460005,-0.12693954,0.12979662,-0.9909749,-0.0334906
1355984666621,-0.08405787,-0.036894143,0.9957777,-0.99289936,-0.08131337,-0.086827606,0.08417347,-0.99600554,-0.029797137
1355984666660,-0.04720515,-0.038463265,0.99814445,-0.99798954,-0.04049194,-0.04875815,0.042292178,-0.9984393,-0.036474526
1355984666701,-0.021844774,-0.06484792,0.997656,-0.99970543,-0.0091403425,-0.022483796,0.010576934,-0.9978533,-0.06462914
1355984666740,-0.018873274,-0.12976849,0.9913647,-0.99982,0.0043733716,-0.018461764,-0.001939863,-0.99153465,-0.12982762
1355984666779,-0.032934338,-0.23305887,0.97190475,-0.99942786,1.9332767E-4,-0.03382069,0.007694334,-0.9724626,-0.23293185
1355984666819,-0.04965797,-0.35509676,0.9335097,-0.998208,-0.013602048,-0.058273613,0.033390403,-0.9347306,-0.35378504
1355984666861,-0.046245813,-0.45595524,0.8888005,-0.9970931,-0.03286624,-0.068740815,0.060554236,-0.8893957,-0.45310986
1355984666899,-0.012879014,-0.50711995,0.8617792,-0.99677104,-0.06180173,-0.051264137,0.079256535,-0.8596568,-0.50468653
1355984666939,0.04237461,-0.50438195,0.8624402,-0.99506027,-0.09886986,-0.008931547,0.08977428,-0.85780156,-0.50608
1355984666979,0.101923496,-0.45826736,0.88295114,-0.99001503,-0.13360754,0.04493776,0.09737542,-0.87871504,-0.4673093
1355984667019,0.14816654,-0.3859242,0.9105543,-0.98319733,-0.15675223,0.093550116,0.10662815,-0.9091157,-0.40266514
1355984667059,0.1701864,-0.3049506,0.9370387,-0.9781592,-0.1674369,0.12316397,0.11933595,-0.937534,-0.3267857
1355984667099,0.16495654,-0.22840956,0.95948863,-0.9769993,-0.17112967,0.12722898,0.1351366,-0.9584069,-0.25138494
1355984667139,0.13526505,-0.16306421,0.9772991,-0.97892106,-0.17433357,0.10640162,0.15302575,-0.9710911,-0.1832082
1355984667179,0.085831374,-0.11226788,0.98996407,-0.9813688,-0.18096098,0.06456408,0.1718964,-0.9770614,-0.12570828
1355984667220,0.021737635,-0.078176916,0.99670255,-0.9814132,-0.19180143,0.006360203,0.19067171,-0.97831523,-0.08089319
1355984667283,-0.051119447,-0.061969697,0.99676806,-0.97655064,-0.20589942,-0.0628835,0.20913082,-0.976609,-0.04999107
1355984667301,-0.12891608,-0.06470132,0.9895426,-0.96532524,-0.22023225,-0.14016098,0.22699773,-0.9732993,-0.03406641
1355984667340,-0.20789081,-0.08219704,0.9746922,-0.94770956,-0.2297386,-0.22150984,0.24213192,-0.9697751,-0.030138314
1355984667381,-0.28091413,-0.10640097,0.95381653,-0.9261347,-0.2306087,-0.2984864,0.25171766,-0.96721166,-0.03376037
1355984667420,-0.34430218,-0.12533087,0.9304559,-0.9042894,-0.22218424,-0.36454752,0.2524217,-0.96691597,-0.036836803
1355984667461,-0.39370453,-0.13109082,0.9098418,-0.88741237,-0.20398265,-0.41338894,0.23978344,-0.97015786,-0.036022723
1355984667499,-0.42966902,-0.12375906,0.89446527,-0.8773298,-0.17723423,-0.44596007,0.21372145,-0.9763564,-0.032425463
1355984667540,-0.45358902,-0.10721463,0.88473845,-0.87317467,-0.14524913,-0.46526206,0.17839038,-0.9835689,-0.027733743
1355984667598,-0.46715248,-0.08567774,0.88001573,-0.8731699,-0.111852646,-0.47440827,0.13907835,-0.9900243,-0.022558928
1355984667621,-0.47188842,-0.063014746,0.8794035,-0.87600285,-0.07928437,-0.4757448,0.09970185,-0.9948584,-0.017787755
1355984667660,-0.4695381,-0.043800354,0.8818251,-0.88072383,-0.047041237,-0.47128823,0.06212473,-0.9979322,-0.016488373
1355984667699,-0.46326703,-0.03733787,0.8854318,-0.8856926,-0.014916539,-0.46403247,0.030533552,-0.99919134,-0.026159585
1355984667739,-0.45972395,-0.059731573,0.8860508,-0.88796437,0.016131282,-0.45962933,0.013161212,-0.9980842,-0.06045544
1355984667783,-0.46552497,-0.12551668,0.87608916,-0.88486266,0.046483696,-0.46352717,0.017456472,-0.99100196,-0.13270438
1355984667819,-0.48097116,-0.23191196,0.8455079,-0.87571687,0.08058119,-0.4760533,0.042270422,-0.96939343,-0.24184638
1355984667859,-0.49751556,-0.35151276,0.7930429,-0.8640431,0.11980635,-0.4889539,0.07686192,-0.92848545,-0.36332768
1355984667903,-0.50346744,-0.4446712,0.7408024,-0.857428,0.15147427,-0.4918057,0.10647932,-0.88279283,-0.45753586
1355984667938,-0.4942828,-0.49351716,0.71562934,-0.8603982,0.1602222,-0.4837807,0.1240944,-0.85485065,-0.50381637
1355984667996,-0.47030005,-0.4999861,0.72720826,-0.8726446,0.14062563,-0.46767062,0.1315647,-0.8545398,-0.5024464
1355984668028,-0.4234934,-0.45973808,0.78057307,-0.8959932,0.08549237,-0.43576068,0.13360268,-0.8839299,-0.44812763
1355984668068,-0.36881682,-0.40517384,0.83654547,-0.9193478,0.026345104,-0.39256275,0.13701725,-0.91385996,-0.38221222
1355984668105,-0.31458175,-0.3443552,0.8845664,-0.9381689,-0.029056609,-0.34495613,0.14448988,-0.93838966,-0.3139227
1355984668147,-0.26879144,-0.2827308,0.9207684,-0.9504421,-0.07720983,-0.30116186,0.1562401,-0.95608675,-0.24796593
1355984668188,-0.2384069,-0.22567287,0.9445813,-0.9561397,-0.11588752,-0.26901123,0.17017373,-0.96728575,-0.18814635
1355984668228,-0.22672248,-0.17763284,0.95762396,-0.95630705,-0.14574713,-0.25344577,0.1845912,-0.9732443,-0.13682741
1355984668283,-0.2375204,-0.14359295,0.96071076,-0.9506836,-0.16871864,-0.26025894,0.19946113,-0.9751488,-0.096437335
1355984668310,-0.27447242,-0.12794259,0.95304537,-0.9372822,-0.18586373,-0.29488415,0.21486482,-0.9742101,-0.06890386
1355984668352,-0.3338176,-0.13104072,0.9334849,-0.91412985,-0.19669873,-0.35450837,0.23007035,-0.9716675,-0.05412668
1355984668389,-0.40494144,-0.1455189,0.9026886,-0.8818834,-0.19855815,-0.42761704,0.24146259,-0.9692259,-0.047926247
1355984668429,-0.46806407,-0.15803,0.8694496,-0.8493608,-0.1911341,-0.49198973,0.24393061,-0.9687592,-0.04476154
1355984668471,-0.5057234,-0.1573886,0.84821737,-0.8308494,-0.17582184,-0.5279924,0.2322351,-0.971759,-0.041849017
1355984668511,-0.50997907,-0.14252555,0.848297,-0.8348523,-0.1555689,-0.5280341,0.20722696,-0.977489,-0.039650917
1355984668551,-0.47869867,-0.11729282,0.8701092,-0.86118615,-0.13017595,-0.4913376,0.17089763,-0.9845286,-0.03869587
1355984668590,-0.4098091,-0.08954188,0.9077658,-0.90274835,-0.10286111,-0.4176902,0.13077456,-0.9906573,-0.038680375
1355984668631,-0.30883557,-0.066201,0.9488087,-0.9467881,-0.07365388,-0.31331685,0.090625346,-0.99508417,-0.039931417
1355984668670,-0.18348831,-0.053824067,0.98154724,-0.9815074,-0.04537207,-0.18596894,0.05454448,-0.9975191,-0.04450345
1355984668712,-0.06772733,-0.062588274,0.99573874,-0.99736184,-0.021883726,-0.06921321,0.026122421,-0.99779946,-0.06094098
1355984668750,0.02642703,-0.097968936,0.99483854,-0.99958766,-0.013772309,0.02519691,0.011232674,-0.9950942,-0.09829253
1355984668789,0.07301617,-0.16972196,0.9827833,-0.9971702,-0.030101717,0.06888658,0.017891884,-0.98503214,-0.17143959
1355984668829,0.08468354,-0.27373067,0.9580711,-0.99538064,-0.0668906,0.06886995,0.045234114,-0.95947754,-0.27813077
1355984668869,0.0866676,-0.38579947,0.9185029,-0.99280494,-0.10991424,0.04751122,0.08262673,-0.91601187,-0.39254963
1355984668909,0.11591709,-0.46646568,0.87691104,-0.9863609,-0.15792847,0.046376318,0.11685628,-0.87032664,-0.47841012
1355984668949,0.19724423,-0.4861273,0.8513372,-0.97007215,-0.2222237,0.09786028,0.1416147,-0.84516084,-0.5154109
1355984668989,0.32471013,-0.43660417,0.8390114,-0.9326563,-0.29525584,0.2073071,0.15721184,-0.84982395,-0.5030742
1355984669030,0.46406168,-0.33429638,0.8203004,-0.87023985,-0.34488493,0.3517628,0.16531622,-0.8770977,-0.45096588
1355984669069,0.5781677,-0.21782565,0.7863041,-0.79855,-0.34884983,0.490532,0.16745156,-0.91151285,-0.37563843
1355984669109,0.6570968,-0.11537814,0.74492395,-0.735373,-0.31531936,0.5998334,0.16568127,-0.9419456,-0.2920413
1355984669149,0.7081548,-0.035623282,0.705158,-0.68702626,-0.2650826,0.67655456,0.16282406,-0.9635674,-0.21219361
1355984669190,0.74095976,0.024146855,0.67111516,-0.6519242,-0.21396759,0.72747016,0.161163,-0.97654235,-0.14279947
1355984669229,0.7619365,0.0685063,0.6440184,-0.6270008,-0.17107917,0.7600013,0.16224302,-0.9828727,-0.08739797
1355984669281,0.7750669,0.10221827,0.62355644,-0.60912997,-0.14154063,0.7803376,0.16802336,-0.98464084,-0.047439247
1355984669312,0.78246355,0.12896712,0.6091948,-0.59605104,-0.12799837,0.7926788,0.18020542,-0.98335344,-0.023283098
1355984669350,0.7853344,0.15035433,0.60053605,-0.58642757,-0.13016821,0.79947424,0.1983751,-0.9800254,-0.014053673
1355984669390,0.7836275,0.16498998,0.5989209,-0.5816977,-0.14355032,0.8006378,0.21807255,-0.9757927,-0.016515676
1355984669429,0.77598906,0.17042476,0.60728616,-0.5862718,-0.16024634,0.7941074,0.23265092,-0.9722534,-0.024434175
1355984669469,0.75901777,0.164513,0.6299425,-0.606593,-0.17278802,0.77600855,0.23651,-0.9711229,-0.031356752
1355984669509,0.72503054,0.14476821,0.6733297,-0.65044713,-0.17742586,0.73853815,0.226383,-0.973428,-0.03447508
1355984669550,0.66102827,0.110479295,0.74218327,-0.7225185,-0.17322189,0.6692991,0.202506,-0.9786668,-0.034681268
1355984669591,0.5534134,0.06666243,0.83023477,-0.8156284,-0.15860543,0.55641216,0.16877154,-0.985089,-0.033402577
1355984669630,0.39957413,0.023476034,0.9164002,-0.9073225,-0.13250062,0.3990104,0.13079083,-0.9909048,-0.031643435
1355984669671,0.21763763,-0.010382712,0.97597444,-0.9716186,-0.09726438,0.21563151,0.09268871,-0.99520445,-0.031256407
1355984669710,0.036802888,-0.034810632,0.99871606,-0.99765646,-0.05896437,0.03470856,0.057680428,-0.99765295,-0.03689912
1355984669751,-0.12749034,-0.0612126,0.9899491,-0.99134296,-0.023723722,-0.12913683,0.03139007,-0.9978428,-0.057658136
1355984669792,-0.2838809,-0.110753894,0.95244175,-0.95857203,0.008455098,-0.28472486,0.023481429,-0.99381196,-0.10856581
1355984669829,-0.4274301,-0.19066194,0.8837147,-0.90327024,0.049515486,-0.4262056,0.03750363,-0.98040617,-0.19338363
1355984669869,-0.5487111,-0.29428318,0.7825047,-0.8329774,0.112770915,-0.5416931,0.07116738,-0.9490417,-0.30700988
1355984669909,-0.62383705,-0.38842446,0.678199,-0.7739318,0.18611676,-0.60530174,0.10888982,-0.9024894,-0.4167205
1355984669949,-0.6549016,-0.4486525,0.60812396,-0.74332714,0.23732981,-0.6254113,0.13626643,-0.8616179,-0.4889233
1355984669989,-0.6601821,-0.47117025,0.5849429,-0.73603135,0.2505821,-0.62886125,0.14972447,-0.84569925,-0.51222587
1355984670029,-0.65386355,-0.46014306,0.6006087,-0.74107754,0.22945726,-0.6309939,0.15253347,-0.8576816,-0.49103546
1355984670069,-0.64531803,-0.4235743,0.6357274,-0.7491082,0.18783098,-0.6352608,0.1496709,-0.88617396,-0.4385137
1355984670110,-0.64011616,-0.37079844,0.6728744,-0.75447583,0.13812459,-0.6416291,0.14497453,-0.91838455,-0.36817425
1355984670149,-0.6446028,-0.3125577,0.697707,-0.7513201,0.09014487,-0.65375227,0.14144063,-0.9456118,-0.29293847
1355984670189,-0.66367704,-0.25846314,0.70194703,-0.7345512,0.04791993,-0.67685914,0.14130586,-0.9648318,-0.22165775
1355984670229,-0.70035774,-0.21595153,0.6803411,-0.69873345,0.012668669,-0.7152699,0.14584461,-0.97632194,-0.15976512
1355984670285,-0.75403374,-0.18994647,0.6287714,-0.63826317,-0.014141142,-0.76968837,0.15509114,-0.9816927,-0.110572934
1355984670310,-0.8172079,-0.1821844,0.5467908,-0.55107,-0.030867279,-0.833888,0.16879933,-0.9827798,-0.07517135
1355984670350,-0.877717,-0.19021885,0.43980628,-0.44157875,-0.035312712,-0.8965273,0.1860671,-0.9811064,-0.05300206
1355984670390,-0.9230481,-0.20804022,0.3235763,-0.32533294,-0.02669537,-0.9452227,0.2052823,-0.97775596,-0.04304129
1355984670433,-0.9493744,-0.22612207,0.21807581,-0.2220399,-0.008074522,-0.97500414,0.22223079,-0.9740655,-0.042542398
1355984670469,-0.9618517,-0.23549376,0.13922611,-0.14613508,0.012055635,-0.9891912,0.2312699,-0.97180104,-0.04600966
1355984670509,-0.96851283,-0.23117495,0.09241773,-0.10122528,0.026506245,-0.9945104,0.22745623,-0.9725511,-0.049072385
1355984670550,-0.9744237,-0.21213172,0.07415231,-0.08314477,0.03377682,-0.9959649,0.20877111,-0.97665715,-0.05055058
1355984670590,-0.9803418,-0.1808679,0.07884578,-0.08675809,0.036248147,-0.9955697,0.1772086,-0.9828391,-0.05122727
1355984670631,-0.98451096,-0.1431509,0.10122222,-0.1074709,0.03659433,-0.9935345,0.1385212,-0.9890241,-0.051412106
1355984670670,-0.98467857,-0.10478668,0.13938412,-0.1438576,0.036382973,-0.9889294,0.09855541,-0.993829,-0.050899863
1355984670711,-0.978247,-0.06936161,0.19550397,-0.19841312,0.03781098,-0.9793889,0.060539797,-0.99687475,-0.050750732
1355984670749,-0.9615559,-0.041424043,0.27146715,-0.2732693,0.046792746,-0.9607988,0.027097456,-0.9980454,-0.056313813
1355984670789,-0.9322181,-0.031771958,0.36049974,-0.36187527,0.07088965,-0.9295273,0.0039771646,-0.99697804,-0.07758218
1355984670833,-0.899109,-0.055945367,0.43413496,-0.43772462,0.11594057,-0.89160246,-4.528165E-4,-0.9916794,-0.12873185
1355984670869,-0.8758983,-0.11835277,0.46775514,-0.48219067,0.18024111,-0.8573245,0.017158017,-0.9764762,-0.21494156
1355984670909,-0.86488205,-0.20130797,0.4598413,-0.49953085,0.25486636,-0.82795656,0.04947619,-0.9457897,-0.32098883
1355984670949,-0.8515747,-0.27838555,0.44420934,-0.5179179,0.31563753,-0.7950685,0.08112645,-0.9071243,-0.41296983
1355984670989,-0.82093155,-0.33740413,0.46068406,-0.5620122,0.3346244,-0.75641835,0.101062596,-0.8798778,-0.464329
1355984671030,-0.7576207,-0.37794462,0.5321359,-0.6437135,0.29787818,-0.7049125,0.10790622,-0.8765994,-0.46896666
1355984671071,-0.64257395,-0.39667434,0.65555185,-0.75874645,0.21018124,-0.61654496,0.10678285,-0.8935734,-0.43603218
1355984671110,-0.4632286,-0.38131624,0.8000107,-0.880096,0.09182909,-0.4658309,0.10416463,-0.9198724,-0.37813276
1355984671149,-0.24537012,-0.32680017,0.9126857,-0.96369594,-0.020015985,-0.2662509,0.10527915,-0.9448815,-0.31002468
1355984671189,-0.043876886,-0.24926811,0.96744007,-0.992698,-0.09803665,-0.07028225,0.11236364,-0.9634596,-0.24314642
1355984671230,0.105683655,-0.17147517,0.9795035,-0.9864925,-0.14205238,0.08156958,0.12515363,-0.97489357,-0.18417162
1355984671284,0.19786194,-0.106230676,0.97445667,-0.96978897,-0.16592386,0.17882594,0.14268878,-0.9804001,-0.13585132
1355984671310,0.22485694,-0.061171442,0.97246975,-0.9607574,-0.18029264,0.21080777,0.16243368,-0.981709,-0.099310994
1355984671351,0.16098017,-0.04448828,0.98595446,-0.9697695,-0.19275641,0.14964008,0.18339175,-0.9802376,-0.07417336
1355984671392,-0.17630899,-0.0958091,0.97966105,-0.9631498,-0.18858093,-0.1917803,0.2031197,-0.9773729,-0.059029996
1355984671429,-0.8955166,-0.22014834,0.38676184,-0.38813853,-0.03879094,-0.9207843,0.21771199,-0.9746948,-0.05071014
1355984671469,-0.9652558,-0.21328774,-0.15096219,0.1375916,0.07628733,-0.98754686,0.22214814,-0.9740065,-0.044290185
1355984671509,-0.94509906,-0.19474193,-0.2624185,0.24917942,0.09006989,-0.96425986,0.21141784,-0.9767103,-0.036599338
1355984671549,-0.9568796,-0.171744,-0.2342766,0.225318,0.070201814,-0.9717528,0.18333936,-0.9826371,-0.028477728
1355984671589,-0.98050284,-0.13719547,-0.14068252,0.1362082,0.041520357,-0.9898098,0.1416386,-0.98967344,-0.022023678
1355984671629,-0.9954788,-0.09444922,-0.01006702,0.008336678,0.018697083,-0.9997905,0.09461765,-0.9953541,-0.017825127
1355984671669,-0.98728466,-0.05088174,0.15059857,-0.15118165,0.007790029,-0.98847526,0.049122185,-0.9986742,-0.015383303
1355984671709,-0.9372025,-0.013043329,0.3485418,-0.3486851,0.0110268,-0.9371751,0.008380562,-0.99985415,-0.014882445
1355984671752,-0.82174206,0.00964734,0.569778,-0.56928647,0.030938089,-0.8215569,-0.025553644,-0.99947476,-0.019931018
1355984671791,-0.65750074,0.0023143888,0.7534504,-0.75195205,0.061092734,-0.6563809,-0.047549456,-0.9981295,-0.038428187
