1355984250783,0.38144517,-0.18919715,0.9048226,-0.6503893,0.6406367,0.40814018,-0.6568816,-0.74417007,0.121315956
1355984250801,-0.2091279,0.025226265,-0.9775629,0.72441196,-0.6675144,-0.17219722,-0.6568811,-0.74416953,0.12132163
1355984250825,-0.2091394,0.025201708,-0.97756106,0.7244084,-0.66752046,-0.1721887,-0.6568815,-0.7441648,0.12134853
1355984250864,-0.20919049,0.025104672,-0.97755265,0.7243874,-0.66755116,-0.17215809,-0.65688837,-0.7441406,0.12145983
1355984250897,-0.20937973,0.024756193,-0.97752094,0.72430897,-0.66766346,-0.17205203,-0.65691435,-0.74405146,0.121864125
1355984250938,-0.21027344,0.02438134,-0.97733843,0.7240251,-0.66787267,-0.17243454,-0.6569419,-0.743876,0.12278324
1355984250978,-0.21255201,0.024418741,-0.97684467,0.72339106,-0.6681265,-0.17410448,-0.6569072,-0.74364686,0.124347344
1355984251019,-0.21672559,0.025416195,-0.9759016,0.7222973,-0.66833335,-0.1778118,-0.656747,-0.7434275,0.12648694
1355984251059,-0.22290957,0.027946621,-0.9744385,0.7206737,-0.66840327,-0.18402874,-0.6564608,-0.7432739,0.12885307
1355984251101,-0.23091161,0.032635808,-0.97242725,0.7184722,-0.668233,-0.19303441,-0.6561078,-0.7432358,0.13085489
1355984251141,-0.24020815,0.039678216,-0.96991014,0.71576697,-0.6677004,-0.20458204,-0.6557268,-0.7433719,0.13198674
1355984251179,-0.2500173,0.04848534,-0.9670266,0.71285194,-0.6666607,-0.21772781,-0.6552353,-0.7437825,0.1321139
1355984251219,-0.25959265,0.058155894,-0.96396554,0.710229,-0.6648618,-0.23137328,-0.6543596,-0.744699,0.13128924
1355984251260,-0.26853597,0.068273485,-0.96084714,0.7084279,-0.66188717,-0.24502102,-0.6527009,-0.74648786,0.12937365
1355984251300,-0.27680796,0.07898086,-0.95767397,0.7079378,-0.6571428,-0.25881928,-0.6497703,-0.7496168,0.12598883
1355984251339,-0.28444624,0.08996022,-0.95446193,0.70875764,-0.6506761,-0.27254975,-0.6455641,-0.75400794,0.121322304
1355984251381,-0.29151976,0.10136497,-0.95117885,0.7110094,-0.6422361,-0.28635362,-0.63990766,-0.7597749,0.115153104
1355984251420,-0.29828215,0.11379358,-0.94767016,0.71427345,-0.6319729,-0.30070537,-0.63312024,-0.76659065,0.10722652
1355984251459,-0.30463475,0.12749705,-0.94389725,0.7175381,-0.62098664,-0.3154592,-0.6263678,-0.7733821,0.097690225
1355984251499,-0.31057942,0.144501,-0.93949986,0.7200104,-0.60952,-0.3317687,-0.6205847,-0.7794902,0.08526209
1355984251541,-0.3157761,0.16645178,-0.9341195,0.7212155,-0.5976138,-0.35029408,-0.6165498,-0.78431594,0.06866455
1355984251579,-0.31943268,0.19344637,-0.9276537,0.72159946,-0.5848646,-0.3704425,-0.6142125,-0.7877258,0.04723403
1355984251619,-0.320342,0.22328572,-0.9206109,0.72243506,-0.5710335,-0.38988233,-0.6127548,-0.7899773,0.021616668
1355984251659,-0.31750453,0.25336373,-0.9137821,0.7250282,-0.55622125,-0.40614283,-0.61116683,-0.79147005,-0.0070931017
1355984251699,-0.3103456,0.28201443,-0.907829,0.7301058,-0.5408753,-0.41761148,-0.60879475,-0.79241514,-0.03804204
1355984251739,-0.29906464,0.30950928,-0.90264297,0.7376034,-0.5251484,-0.4244529,-0.60539365,-0.7927314,-0.07124174
1355984251780,-0.28434598,0.3371266,-0.89749265,0.7472477,-0.5085565,-0.4277748,-0.60063994,-0.7922853,-0.10731113
1355984251823,-0.26734948,0.36622667,-0.8912925,0.7589493,-0.48989755,-0.4289481,-0.5937342,-0.7911249,-0.14697367
1355984251859,-0.24977553,0.39822435,-0.88262653,0.7727722,-0.46727157,-0.42951185,-0.5834683,-0.7893508,-0.19102374
1355984251899,-0.23315454,0.43390447,-0.87026775,0.78887683,-0.43888956,-0.4301737,-0.56860566,-0.78683096,-0.23996812
1355984251940,-0.21840811,0.47290492,-0.85361516,0.80725574,-0.4039296,-0.4303245,-0.548303,-0.78307205,-0.29353368
1355984251979,-0.20592797,0.5142141,-0.83257276,0.8275314,-0.36259127,-0.4286249,-0.5222886,-0.777246,-0.3508606
1355984252019,-0.19524729,0.5556629,-0.8081567,0.8483918,-0.31771922,-0.42342162,-0.49204662,-0.7683054,-0.40938592
1355984252059,-0.18569362,0.5945143,-0.78234947,0.8673957,-0.27491128,-0.4147872,-0.46167365,-0.7556299,-0.4646299
1355984252099,-0.17549935,0.62636065,-0.7595211,0.8815415,-0.2434735,-0.4044814,-0.4382745,-0.7405356,-0.50943345
1355984252139,-0.16214192,0.64618963,-0.74575394,0.88845676,-0.23324525,-0.3952735,-0.42936522,-0.72666055,-0.5362927
1355984252179,-0.14212584,0.64869237,-0.74766195,0.886994,-0.25180584,-0.38708574,-0.43936527,-0.71818656,-0.53959817
1355984252219,-0.11040917,0.62662244,-0.77146226,0.8770771,-0.30367103,-0.37218213,-0.46748847,-0.7177243,-0.5160681
1355984252259,-0.060626805,0.5690061,-0.82009536,0.8597162,-0.38768792,-0.33254498,-0.5071612,-0.72521037,-0.46567947
1355984252299,0.011279285,0.46333736,-0.8861102,0.83598214,-0.4905876,-0.24588163,-0.5486407,-0.7379989,-0.39287525
1355984252339,0.09698135,0.31161106,-0.9452477,0.806721,-0.5808466,-0.1087136,-0.58292025,-0.75200796,-0.30771446
1355984252379,0.17541754,0.14203629,-0.9741942,0.77631843,-0.62849903,0.048152775,-0.6054407,-0.76473176,-0.22051516
1355984252419,0.22549093,-0.0029827952,-0.97424066,0.7550968,-0.63135165,0.17670241,-0.6156156,-0.7754909,-0.14011171
1355984252459,0.24238646,-0.10277513,-0.9647208,0.75016785,-0.6107088,0.25354093,-0.6152211,-0.7851574,-0.07092898
1355984252518,0.22981155,-0.15800592,-0.9603233,0.760672,-0.58635384,0.2785089,-0.6070953,-0.7944956,-0.014560163
1355984252538,0.1935708,-0.17803195,-0.9647979,0.78084326,-0.56742424,0.26136884,-0.5939817,-0.80394924,0.029178262
1355984252578,0.13849872,-0.17092821,-0.9755007,0.8042679,-0.55535746,0.21149793,-0.57790256,-0.8138561,0.060555756
1355984252615,0.068809986,-0.1420125,-0.9874703,0.8250556,-0.54835296,0.1363535,-0.56084615,-0.82410043,0.07943605
1355984252658,-0.009426832,-0.096782595,-0.9952609,0.83821285,-0.54349077,0.044911593,-0.5452618,-0.833817,0.08624782
1355984252698,-0.08887386,-0.043186247,-0.9951062,0.84048563,-0.53936577,-0.051656783,-0.53449535,-0.8409634,0.08423294
1355984252738,-0.16113818,0.0107373595,-0.98687345,0.8314928,-0.5371832,-0.141612,-0.5316524,-0.84339726,0.077632636
1355984252778,-0.22087836,0.060785234,-0.9734053,0.813011,-0.5398196,-0.21819234,-0.53872615,-0.83958316,0.0698154
1355984252824,-0.26455522,0.105743885,-0.9585555,0.7881663,-0.54904956,-0.27809778,-0.5557017,-0.8290734,0.061910212
1355984252859,-0.2895227,0.14344567,-0.9463614,0.7617502,-0.56414473,-0.31855494,-0.5795802,-0.81311995,0.054062992
1355984252900,-0.2941594,0.17006963,-0.94050336,0.7388674,-0.58373123,-0.33664933,-0.60625505,-0.7939359,0.046051174
1355984252938,-0.27660304,0.18027553,-0.9439235,0.7242706,-0.60647035,-0.32806388,-0.6316035,-0.7743995,0.037183225
1355984252978,-0.23842728,0.17480147,-0.95529944,0.7177808,-0.63088053,-0.2945855,-0.6541737,-0.7559328,0.024949938
1355984253018,-0.17978543,0.15799421,-0.9709352,0.7182038,-0.65338695,-0.2393094,-0.6722058,-0.7403536,0.0039973557
1355984253057,-0.10760236,0.14724779,-0.9832293,0.7237642,-0.66642386,-0.1790103,-0.6816063,-0.730888,-0.034863904
1355984253098,-0.038461387,0.172438,-0.9842692,0.7358811,-0.6614813,-0.14464289,-0.6760176,-0.72986823,-0.101452366
1355984253138,0.007968366,0.25204498,-0.9676827,0.75941235,-0.63110167,-0.15812492,-0.65056074,-0.7336102,-0.19643494
1355984253178,0.026585162,0.36123046,-0.93209755,0.7924838,-0.575957,-0.20060658,-0.60931325,-0.7333391,-0.30158117
1355984253218,0.03430438,0.4488627,-0.8929421,0.82181597,-0.5211011,-0.2303743,-0.5687195,-0.72593117,-0.38675857
1355984253260,0.05479884,0.48420072,-0.8732393,0.83640766,-0.49992537,-0.22471513,-0.54536164,-0.7180699,-0.43238452
1355984253299,0.107696265,0.45502812,-0.8839406,0.83233005,-0.52752006,-0.1701445,-0.5437169,-0.7174064,-0.43554553
1355984253339,0.20315018,0.3511351,-0.9140209,0.8051332,-0.5911366,-0.048145324,-0.55721664,-0.72612786,-0.40280005
1355984253379,0.3271454,0.17703593,-0.9282425,0.7493086,-0.6471089,0.14066511,-0.5757713,-0.741558,-0.34435326
1355984253419,0.4363987,-0.017426431,-0.89958465,0.6781715,-0.6506897,0.34159362,-0.5913032,-0.7591437,-0.27214205
1355984253459,0.501567,-0.17322275,-0.8475992,0.62319875,-0.60720706,0.49287212,-0.6000449,-0.77543116,-0.19660288
1355984253499,0.5266766,-0.2743278,-0.8045843,0.60052854,-0.54982346,0.5805684,-0.6016454,-0.78894764,-0.12483749
1355984253539,0.5247104,-0.33229685,-0.783746,0.60632604,-0.50035477,0.6180726,-0.59753466,-0.7995148,-0.061061114
1355984253579,0.5041256,-0.3603111,-0.7848779,0.63122874,-0.46652284,0.61960196,-0.5894129,-0.8077947,-0.007747382
1355984253619,0.4683944,-0.3647925,-0.8046944,0.6680033,-0.44987905,0.59277356,-0.57825446,-0.81519043,0.032961756
1355984253659,0.41797513,-0.34669098,-0.8397036,0.7117685,-0.4493996,0.5398385,-0.5645196,-0.82331365,0.058925837
1355984253699,0.35327876,-0.3067995,-0.88378066,0.7575238,-0.46052784,0.46267903,-0.54895526,-0.8329395,0.069713175
1355984253739,0.27862012,-0.25189683,-0.9267787,0.7986827,-0.47514027,0.3692526,-0.53336346,-0.8430834,0.06880209
1355984253779,0.20429242,-0.19564319,-0.95916027,0.82855535,-0.48723555,0.27585784,-0.5213067,-0.851073,0.062562704
1355984253829,0.14213347,-0.15077496,-0.97829694,0.84501284,-0.49623883,0.19924933,-0.51551074,-0.8549935,0.056874633
1355984253848,0.097399175,-0.120542735,-0.98791844,0.8466904,-0.5116889,0.14591017,-0.5230953,-0.8506726,0.05222431
1355984253885,0.07675147,-0.106429905,-0.9913536,0.83642066,-0.53431034,0.12211904,-0.5426876,-0.8385614,0.048011065
1355984253925,0.08300358,-0.11032009,-0.9904241,0.81762713,-0.56065357,0.13097155,-0.56973356,-0.8206687,0.04366441
1355984253968,0.120973945,-0.13825399,-0.9829807,0.7917543,-0.5838529,0.17955759,-0.5987407,-0.800001,0.038832217
1355984254008,0.19297945,-0.19514728,-0.961601,0.7551523,-0.59620917,0.27254286,-0.6265013,-0.7787504,0.0323098
1355984254047,0.292912,-0.27675977,-0.9152085,0.6997129,-0.5902874,0.40244612,-0.6516169,-0.7582644,0.020750076
1355984254088,0.40169334,-0.3604184,-0.8418676,0.62283564,-0.56641513,0.5396755,-0.67135555,-0.74112916,-0.0030437391
1355984254128,0.49592888,-0.4087096,-0.76616645,0.54029584,-0.54549205,0.6407174,-0.67980504,-0.73170686,-0.049701184
1355984254168,0.5663789,-0.39231265,-0.7247797,0.4806071,-0.55718905,0.6771685,-0.66950107,-0.73186827,-0.12703189
1355984254208,0.61532056,-0.30724466,-0.7259348,0.46419573,-0.60307443,0.6487092,-0.63710517,-0.7361399,-0.22846246
1355984254247,0.646587,-0.19059104,-0.73864764,0.48165238,-0.6488707,0.58904827,-0.5915541,-0.73664236,-0.32775274
1355984254288,0.67408335,-0.114174455,-0.72977793,0.49053958,-0.6694653,0.5578415,-0.5522523,-0.7340166,-0.39526832
1355984254328,0.71020925,-0.12002151,-0.69368416,0.45997053,-0.66683877,0.5863047,-0.5329446,-0.73547333,-0.41838866
1355984254368,0.74480087,-0.19031917,-0.6395704,0.40023935,-0.6395,0.6563902,-0.53392893,-0.74486125,-0.40012696
1355984254408,0.7619144,-0.2793318,-0.584346,0.34607875,-0.5870346,0.7318606,-0.54746324,-0.75984484,-0.3505993
1355984254448,0.75982285,-0.35566828,-0.5442144,0.3216206,-0.5218429,0.7900888,-0.56500393,-0.7753581,-0.2821179
1355984254488,0.7445483,-0.41054946,-0.52639997,0.3298065,-0.4593637,0.82475007,-0.58040977,-0.78767645,-0.20661661
1355984254528,0.720824,-0.44531557,-0.5311372,0.36335662,-0.4097804,0.8366911,-0.5902412,-0.79609925,-0.13357121
1355984254568,0.69048667,-0.4626346,-0.5560551,0.4139299,-0.37770653,0.828251,-0.59320325,-0.8020642,-0.069303006
1355984254608,0.6533357,-0.46418154,-0.59807014,0.47487003,-0.36398962,0.8012552,-0.5896193,-0.8074943,-0.01738149
1355984254648,0.60802925,-0.45047683,-0.65373623,0.5413336,-0.3670908,0.75644046,-0.5807395,-0.81382734,0.020656317
1355984254688,0.55270696,-0.42087013,-0.7192936,0.60967976,-0.38422686,0.6932967,-0.5681598,-0.8217287,0.044231147
1355984254728,0.48568603,-0.37420994,-0.7899848,0.6764993,-0.41142288,0.61080265,-0.55358624,-0.83108246,0.05333042
1355984254768,0.40704238,-0.31238157,-0.8583323,0.7373262,-0.44228303,0.510623,-0.539135,-0.840716,0.050299194
1355984254824,0.3217612,-0.24421036,-0.9147847,0.78614247,-0.46955705,0.401866,-0.52768344,-0.848456,0.040898867
1355984254849,0.23915035,-0.18277714,-0.9536244,0.8179029,-0.4913829,0.2992953,-0.52329904,-0.8515488,0.031979553
1355984254889,0.16813332,-0.13602507,-0.97633415,0.8311106,-0.5130316,0.21460122,-0.53008145,-0.8475233,0.026794225
1355984254930,0.11372125,-0.10375553,-0.9880801,0.8281563,-0.5395027,0.15196678,-0.5488393,-0.83556664,0.024572924
1355984254969,0.07910746,-0.08455822,-0.99327326,0.81384444,-0.5699231,0.11333522,-0.57567286,-0.8173356,0.023732066
1355984255009,0.0672577,-0.080448985,-0.994487,0.793477,-0.59995836,0.1021969,-0.6048724,-0.79597604,0.02348259
1355984255049,0.08037603,-0.094879955,-0.99223864,0.77027094,-0.62589055,0.12224457,-0.6326313,-0.7741182,0.022776634
1355984255089,0.118480325,-0.12779671,-0.9846982,0.7440721,-0.64524007,0.17326877,-0.6575098,-0.7532153,0.018641688
1355984255129,0.17805243,-0.17077816,-0.9690883,0.71342814,-0.6558796,0.24666227,-0.6777297,-0.7352937,0.00505697
1355984255169,0.24669081,-0.19658442,-0.9489458,0.6815006,-0.660985,0.31409514,-0.68898517,-0.72419155,-0.029086526
1355984255209,0.31231445,-0.17496482,-0.93372744,0.65845025,-0.6686209,0.34552762,-0.6847648,-0.72272635,-0.09361434
1355984255249,0.3598928,-0.082302004,-0.9293566,0.66098595,-0.6805112,0.31623122,-0.65846395,-0.7281009,-0.1905106
1355984255289,0.38529482,0.05495745,-0.9211556,0.690162,-0.6797892,0.24811918,-0.6125555,-0.7313456,-0.2998488
1355984255329,0.40184453,0.16836748,-0.9000963,0.7210592,-0.6640706,0.19769639,-0.5644418,-0.7284659,-0.38825604
1355984255369,0.43245453,0.2068739,-0.8776026,0.72627044,-0.6567282,0.20307481,-0.5343355,-0.72519743,-0.43425146
1355984255409,0.4861146,0.16011918,-0.85910094,0.6952574,-0.6664475,0.26919276,-0.5294428,-0.72815484,-0.4352939
1355984255449,0.5491754,0.046420395,-0.83441687,0.63482606,-0.6725265,0.3803997,-0.5435091,-0.73861575,-0.3988039
1355984255489,0.59738207,-0.09245685,-0.7966093,0.5692129,-0.65084255,0.5023949,-0.5649171,-0.753562,-0.33617407
1355984255529,0.6187277,-0.21348278,-0.7560431,0.52589065,-0.60238886,0.60047203,-0.58362234,-0.7691247,-0.26044607
1355984255569,0.61757314,-0.29864237,-0.7276098,0.5151351,-0.545485,0.66112167,-0.5943392,-0.7831084,-0.1830357
1355984255609,0.6016587,-0.35008705,-0.7179455,0.5316007,-0.4953525,0.6870419,-0.5961606,-0.7950251,-0.111926645
1355984255649,0.57551837,-0.375446,-0.7265114,0.5655297,-0.45900133,0.6851963,-0.59072393,-0.8052069,-0.05183786
1355984255689,0.5408844,-0.38051832,-0.7500999,0.60901374,-0.4379252,0.66130465,-0.58012617,-0.8145105,-0.00512603
1355984255729,0.4982484,-0.36786145,-0.78512836,0.6570882,-0.43058157,0.6187364,-0.56567097,-0.824183,0.02718082
1355984255769,0.44792664,-0.33863568,-0.8274585,0.70617306,-0.43361712,0.55972826,-0.54834414,-0.8350462,0.044906735
1355984255828,0.39108777,-0.2957905,-0.8715265,0.7523001,-0.44276375,0.48785752,-0.5301839,-0.84644455,0.049363703
1355984255849,0.33066005,-0.24697837,-0.9108598,0.7906847,-0.45443374,0.41025317,-0.51524913,-0.85585725,0.04501892
1355984255889,0.2718503,-0.20275864,-0.94073707,0.817065,-0.4678377,0.3369459,-0.508431,-0.86024225,0.038485236
1355984255929,0.2199449,-0.17045099,-0.9605055,0.8292433,-0.4859162,0.2761179,-0.51378965,-0.8572234,0.034470543
1355984255969,0.17819327,-0.15089259,-0.9723572,0.8277235,-0.5113641,0.23104244,-0.5320912,-0.8460131,0.033775717
1355984256010,0.14911592,-0.14220941,-0.97854024,0.81494737,-0.5427923,0.20306963,-0.56002253,-0.82773966,0.034954205
1355984256049,0.13493109,-0.14380226,-0.98036444,0.7945267,-0.575484,0.19376698,-0.59204817,-0.8050709,0.036604017
1355984256089,0.1372928,-0.15654519,-0.978082,0.76938426,-0.605053,0.20483878,-0.6238579,-0.7806437,0.0373739
1355984256129,0.15685648,-0.18052414,-0.97098255,0.74053967,-0.62899506,0.23657197,-0.65345013,-0.7561589,0.035023294
1355984256169,0.1914069,-0.21032499,-0.958711,0.7072529,-0.6477145,0.28330088,-0.6805562,-0.7322769,0.024775892
1355984256209,0.23831815,-0.2336837,-0.94265395,0.6703358,-0.66275793,0.33376926,-0.70274776,-0.711438,-0.0013007186
1355984256249,0.29107493,-0.22441176,-0.930008,0.6367681,-0.6800526,0.36339372,-0.7140041,-0.69797415,-0.055048015
1355984256289,0.3425203,-0.15575022,-0.9265106,0.6202416,-0.7032322,0.3475124,-0.70567715,-0.6936904,-0.14426854
1355984256348,0.38120818,-0.023034066,-0.9242022,0.6346166,-0.7204304,0.2797174,-0.67226636,-0.6931446,-0.26001617
1355984256368,0.3987689,0.12978384,-0.9078213,0.6738167,-0.71296155,0.19405389,-0.6220566,-0.6890878,-0.37175742
1355984256408,0.40443602,0.23683985,-0.88336766,0.7094516,-0.69078887,0.1396038,-0.5771568,-0.6831674,-0.4474063
1355984256445,0.41553855,0.26754865,-0.8693362,0.7209743,-0.67959094,0.13547003,-0.5545482,-0.68306214,-0.47529197
1355984256488,0.4400562,0.22168218,-0.8701768,0.70512754,-0.68532586,0.18199891,-0.5560087,-0.69367534,-0.4578961
1355984256528,0.47020194,0.12214768,-0.8740653,0.67312086,-0.69017076,0.2656552,-0.5708051,-0.71326315,-0.40673977
1355984256568,0.49473727,-0.00200966,-0.86904025,0.6403626,-0.67520064,0.36611444,-0.5875124,-0.7376314,-0.33276
1355984256608,0.5058303,-0.118418574,-0.8544663,0.6213553,-0.6370784,0.4561236,-0.59837556,-0.7616483,-0.24867356
1355984256648,0.5034987,-0.20958994,-0.8381892,0.62076396,-0.58701706,0.5196759,-0.6009502,-0.7819738,-0.16545641
1355984256688,0.4906484,-0.2718296,-0.82787246,0.6357193,-0.53810155,0.5534507,-0.5959237,-0.7978442,-0.09121132
1355984256728,0.46961552,-0.30729324,-0.8276667,0.6613379,-0.49861938,0.56036675,-0.58488756,-0.8105242,-0.030934718
1355984256768,0.44138527,-0.31904906,-0.8386816,0.69336516,-0.47201407,0.54446983,-0.5695821,-0.8218336,0.012877461
1355984256828,0.4063723,-0.31042337,-0.85935956,0.72816026,-0.45811713,0.50981504,-0.55194575,-0.8329262,0.039871812
1355984256850,0.36503297,-0.28596032,-0.88598967,0.7620796,-0.45486736,0.46079338,-0.53477633,-0.8433994,0.051882893
1355984256889,0.31913137,-0.25231346,-0.9135059,0.79121244,-0.45965087,0.4033656,-0.5216683,-0.85150397,0.052944563
1355984256929,0.27190667,-0.21764559,-0.9373884,0.81212896,-0.47066253,0.3448526,-0.5162493,-0.85504806,0.048779972
1355984256969,0.22744471,-0.18857908,-0.9553569,0.8225318,-0.48795044,0.2921398,-0.5212583,-0.85225713,0.044130623
1355984257010,0.189538,-0.16718301,-0.9675356,0.8216492,-0.5124805,0.24951205,-0.53755736,-0.8422669,0.040231243
1355984257049,0.16143626,-0.15281,-0.9749807,0.81061304,-0.54295987,0.21931928,-0.5628896,-0.82573825,0.036216393
1355984257089,0.14629799,-0.14602491,-0.97840357,0.7921438,-0.5751312,0.20428434,-0.5925411,-0.8049228,0.031532258
1355984257129,0.14700091,-0.14917511,-0.97782284,0.7689023,-0.6046431,0.20783627,-0.62223786,-0.78240234,0.02581802
1355984257169,0.16563922,-0.16453564,-0.97236395,0.742113,-0.6285568,0.23277599,-0.64948595,-0.76016074,0.01799035
1355984257209,0.20119894,-0.18967322,-0.9610115,0.71116555,-0.64638233,0.27646613,-0.67361903,-0.7390629,0.0048376024
1355984257249,0.25117987,-0.2156851,-0.9436041,0.67614543,-0.6584822,0.33049768,-0.6926298,-0.7210279,-0.019563023
1355984257289,0.3070817,-0.21784715,-0.9264143,0.6433065,-0.66984904,0.3707546,-0.7013256,-0.7098203,-0.0655559
1355984257329,0.3597533,-0.16673999,-0.918028,0.6262379,-0.6862167,0.3700442,-0.6916673,-0.70802855,-0.14244983
1355984257369,0.39912105,-0.05213031,-0.9154151,0.6385448,-0.70067203,0.31830686,-0.6579992,-0.7115765,-0.24636543
1355984257409,0.4214618,0.08588031,-0.9027705,0.67326534,-0.69655097,0.24805374,-0.6075227,-0.71234924,-0.35138983
1355984257449,0.4388277,0.18133727,-0.8800835,0.70174015,-0.6809011,0.2096054,-0.5612406,-0.7095706,-0.42604992
1355984257489,0.4672395,0.20019802,-0.86116666,0.7026782,-0.6752364,0.2242748,-0.5365917,-0.709913,-0.45617193
1355984257529,0.508816,0.14472005,-0.84862375,0.6735419,-0.680846,0.28773272,-0.5361414,-0.7179867,-0.44390035
1355984257569,0.5506753,0.03922358,-0.83379745,0.62671506,-0.6792178,0.38195747,-0.5513483,-0.7328879,-0.39861047
1355984257609,0.57745826,-0.07840657,-0.81264645,0.58404,-0.65584683,0.47829098,-0.5704728,-0.75081116,-0.3329316
1355984257649,0.58429575,-0.17746517,-0.7918993,0.5628027,-0.614411,0.5529487,-0.5846808,-0.76876867,-0.25911987
1355984257689,0.57481617,-0.24638456,-0.78030825,0.56723696,-0.5673159,0.5969882,-0.58976996,-0.78577816,-0.18634391
1355984257729,0.5534854,-0.28611296,-0.78217214,0.59195197,-0.52549577,0.61110324,-0.5858727,-0.80124503,-0.12148908
1355984257769,0.523962,-0.3037007,-0.79575735,0.6282426,-0.493055,0.6018373,-0.5751305,-0.8152685,-0.06754437
1355984257830,0.48727658,-0.30407417,-0.81859666,0.6695024,-0.47176138,0.5737664,-0.5606498,-0.82763535,-0.026299924
1355984257849,0.44437385,-0.2905196,-0.8474257,0.7107799,-0.46143717,0.53091216,-0.545274,-0.8382566,0.0014448762
1355984257889,0.3964306,-0.26568145,-0.87878096,0.7488025,-0.4602421,0.47694027,-0.5311662,-0.8471072,0.01648888
1355984257928,0.34556144,-0.23383352,-0.9087955,0.7811438,-0.46498013,0.41666263,-0.52000153,-0.8538825,0.021978438
1355984257968,0.29440796,-0.20200032,-0.93408763,0.80561155,-0.47334588,0.35627759,-0.51411474,-0.8574028,0.023377039
1355984258008,0.24650401,-0.17646644,-0.9529404,0.81980276,-0.48644793,0.30214518,-0.5168744,-0.8557032,0.024756342
1355984258048,0.20491815,-0.15868339,-0.9658303,0.8224324,-0.50709015,0.25780734,-0.53067267,-0.8471595,0.02659434
1355984258089,0.1724928,-0.1474294,-0.9739152,0.8139182,-0.5355472,0.22522536,-0.5547824,-0.831537,0.02761744
1355984258129,0.15237033,-0.1421684,-0.97804475,0.79797125,-0.5661731,0.20661536,-0.58311677,-0.81193364,0.027178302
1355984258169,0.14664918,-0.1443578,-0.97859836,0.77710474,-0.59529996,0.20426965,-0.61204755,-0.7904294,0.024880938
1355984258209,0.15785646,-0.15606296,-0.97505164,0.7529976,-0.61976427,0.22110397,-0.63880825,-0.7691142,0.019681178
1355984258249,0.18551695,-0.1747491,-0.9669779,0.7259356,-0.6388531,0.2547239,-0.66226953,-0.7492193,0.008338541
1355984258289,0.2269637,-0.18998507,-0.9551928,0.6965729,-0.65378666,0.29554918,-0.6806421,-0.73244035,-0.016047448
1355984258329,0.2771147,-0.18051109,-0.9437283,0.66918683,-0.6685572,0.32437664,-0.68948996,-0.7214201,-0.064471394
1355984258369,0.32934296,-0.121031135,-0.9364213,0.6533059,-0.6868211,0.31854087,-0.68170726,-0.7166787,-0.14712933
1355984258409,0.3741384,-0.0022653937,-0.9273701,0.6602365,-0.70158464,0.26807982,-0.65123594,-0.7125825,-0.26099408
1355984258449,0.40252027,0.14236519,-0.904273,0.68888927,-0.6976361,0.1968131,-0.60283417,-0.7021652,-0.37888658
1355984258489,0.41799012,0.2521091,-0.87276876,0.71834636,-0.6798357,0.14765531,-0.5561141,-0.68866867,-0.46526623
1355984258529,0.43386644,0.29190874,-0.85237855,0.7286935,-0.67007655,0.14143297,-0.5298733,-0.6824857,-0.50343573
1355984258569,0.45715708,0.26034445,-0.8504282,0.7152915,-0.6758811,0.17760307,-0.5285504,-0.6894966,-0.495206
1355984258609,0.48356846,0.17278036,-0.85808414,0.68545496,-0.68440604,0.248475,-0.5443464,-0.7083327,-0.44939035
1355984258649,0.5034903,0.05559227,-0.8622105,0.65336514,-0.6774726,0.33785343,-0.56534195,-0.7334442,-0.37742293
1355984258689,0.51079726,-0.062143266,-0.8574522,0.6325762,-0.64824903,0.42381662,-0.58217984,-0.7588883,-0.2918135
1355984258729,0.5056193,-0.15973896,-0.8478399,0.62902045,-0.6043396,0.4889856,-0.59049326,-0.7805492,-0.20508668
1355984258769,0.4915629,-0.23244448,-0.839247,0.64050746,-0.55643606,0.52927226,-0.5900136,-0.79771453,-0.12464091
1355984258830,0.4711256,-0.28108916,-0.8360799,0.6624532,-0.5130968,0.5457907,-0.58240575,-0.81099975,-0.055524617
1355984258849,0.44589996,-0.30800155,-0.84042144,0.69015527,-0.47957844,0.54193187,-0.56996393,-0.82166874,-0.0012750961
1355984258888,0.4168654,-0.314731,-0.85274124,0.7201868,-0.45801264,0.5211097,-0.5545757,-0.8313656,0.03573549
1355984258928,0.38449198,-0.30265516,-0.8721042,0.7503521,-0.44783092,0.48622942,-0.53771514,-0.8413366,0.054910604
1355984258968,0.34939015,-0.27575055,-0.8954821,0.7785368,-0.44633907,0.4412052,-0.52135116,-0.85131854,0.058735438
1355984259008,0.31296426,-0.24208313,-0.91839486,0.8018666,-0.4508546,0.392097,-0.5089826,-0.85914254,0.053017013
1355984259048,0.27765214,-0.2111147,-0.9371978,0.8169854,-0.46135062,0.34596282,-0.5054147,-0.86173433,0.04438273
1355984259088,0.24642074,-0.18866062,-0.9506229,0.82132185,-0.48006046,0.308176,-0.51449716,-0.8567083,0.03665421
1355984259128,0.22214013,-0.1759904,-0.95900005,0.8144386,-0.50725764,0.2817434,-0.5360443,-0.8436332,0.030651122
1355984259168,0.20752132,-0.1732147,-0.96277285,0.79812396,-0.5390966,0.26902214,-0.56562614,-0.82423997,0.026372798
1355984259208,0.20486605,-0.1812045,-0.9618705,0.77522856,-0.56989324,0.27247456,-0.5975371,-0.8014903,0.023723118
1355984259248,0.21560192,-0.20037371,-0.95570195,0.7479192,-0.5953533,0.29354966,-0.62779987,-0.7780777,0.021503985
1355984259288,0.2398529,-0.22769448,-0.9437297,0.71703815,-0.613791,0.33032814,-0.6544668,-0.7559204,0.016046166
1355984259329,0.27654934,-0.25285769,-0.9271372,0.68376094,-0.6261425,0.37472183,-0.67527133,-0.7375693,-2.6502833E-4
1355984259369,0.32395244,-0.25688678,-0.9105295,0.65156984,-0.6372169,0.41159594,-0.68593836,-0.72661114,-0.039048284
1355984259409,0.37941843,-0.21963136,-0.8987791,0.62589395,-0.65448445,0.4241543,-0.6813945,-0.72347236,-0.11085752
1355984259449,0.43660337,-0.13616525,-0.88928986,0.61243874,-0.6790932,0.40466183,-0.6590116,-0.72131234,-0.2131015
1355984259489,0.4855861,-0.031421572,-0.87362397,0.6124352,-0.70088965,0.36561847,-0.6238023,-0.71257734,-0.3210986
1355984259528,0.52161366,0.04891613,-0.8517783,0.61617386,-0.71213764,0.33643687,-0.5901262,-0.7003336,-0.40160155
1355984259569,0.51744175,0.10738149,-0.8489542,0.6367426,-0.71110034,0.29815292,-0.57167554,-0.69484204,-0.4363274
1355984259609,0.5536237,0.052998573,-0.8310789,0.6059307,-0.71023524,0.35834882,-0.5712695,-0.7019665,-0.42531648
1355984259649,0.57437825,-0.034393042,-0.81786716,0.57579887,-0.69318855,0.4335266,-0.5818465,-0.7199352,-0.37834895
1355984259689,0.5774883,-0.1262638,-0.8065759,0.560478,-0.65704167,0.50414354,-0.5936091,-0.743205,-0.30866578
1355984259729,0.5665988,-0.20218767,-0.7988029,0.5653516,-0.609866,0.5553747,-0.5994527,-0.76627904,-0.23124221
1355984259769,0.54751253,-0.2575212,-0.79618645,0.58645886,-0.5606152,0.5846166,-0.59690547,-0.7870155,-0.15591824
1355984259830,0.52411425,-0.293436,-0.7994996,0.6173911,-0.5157254,0.59401643,-0.586628,-0.8049364,-0.089134276
1355984259849,0.49863192,-0.31291395,-0.80836314,0.65239394,-0.47856274,0.58767325,-0.5707436,-0.8204039,-0.034483522
1355984259889,0.47202143,-0.318519,-0.82203496,0.6875818,-0.45056942,0.56940186,-0.5517491,-0.83398616,0.006329417
1355984259929,0.44474804,-0.31193572,-0.8395804,0.7208378,-0.43170333,0.54224104,-0.5315939,-0.84636194,0.032855775
1355984259969,0.41615063,-0.2952432,-0.8600291,0.7508183,-0.42195392,0.5081601,-0.5129235,-0.8571968,0.046077643
1355984260009,0.3856244,-0.27278662,-0.8814087,0.77580786,-0.42121726,0.46978533,-0.49941573,-0.8649645,0.04919833
1355984260049,0.35300708,-0.2506147,-0.9014312,0.7938047,-0.42974806,0.4303378,-0.49523726,-0.86747265,0.04723504
1355984260089,0.3192522,-0.23329464,-0.9185051,0.8028127,-0.4484315,0.39293885,-0.5035572,-0.8628341,0.044129185
1355984260129,0.2865706,-0.22176367,-0.93203986,0.80158657,-0.47732198,0.36003166,-0.52472496,-0.8502851,0.040976316
1355984260176,0.2580886,-0.2149361,-0.9419091,0.7912464,-0.51239866,0.3337314,-0.55436397,-0.83141446,0.03782323
1355984260208,0.23735756,-0.21349049,-0.94767255,0.7738421,-0.5481637,0.31730902,-0.58722216,-0.80866456,0.035097122
1355984260245,0.22787935,-0.21923372,-0.9486873,0.7520937,-0.5791764,0.31449944,-0.6184062,-0.78516966,0.032901913
1355984260288,0.23183411,-0.2331343,-0.94440526,0.7267401,-0.603835,0.327463,-0.6466078,-0.76225424,0.029438555
1355984260328,0.25136673,-0.2524257,-0.9343961,0.697713,-0.6218401,0.35568452,-0.6708289,-0.74134755,0.01981077
1355984260368,0.28551054,-0.26419407,-0.9212411,0.6664722,-0.63602704,0.3889529,-0.68869334,-0.7250318,-0.005514417
1355984260408,0.33280778,-0.24870542,-0.9096068,0.63707304,-0.6518784,0.41132998,-0.695253,-0.7163799,-0.058506664
1355984260448,0.38795465,-0.18779826,-0.90234315,0.61693656,-0.6744388,0.4056127,-0.68474853,-0.7140478,-0.14579204
1355984260488,0.44032443,-0.08311835,-0.8939831,0.61399126,-0.69860864,0.36736995,-0.6550795,-0.7106598,-0.2565805
1355984260528,0.4796445,0.028582394,-0.87699723,0.6255589,-0.71201396,0.31892326,-0.6153188,-0.70158327,-0.35939357
1355984260570,0.50729096,0.09596899,-0.8564145,0.63424194,-0.71437836,0.29563612,-0.58343214,-0.6931475,-0.42326528
1355984260608,0.5308312,0.10106233,-0.84143007,0.62784517,-0.71378535,0.31035614,-0.5692352,-0.6930345,-0.44235104
1355984260649,0.5536343,0.043515176,-0.83162224,0.6047597,-0.70754147,0.36558294,-0.5724988,-0.70533085,-0.41803542
1355984260689,0.570205,-0.04881656,-0.8200507,0.5781049,-0.68538076,0.44277292,-0.5836617,-0.7265467,-0.3625864
1355984260729,0.57648605,-0.14518936,-0.8041044,0.56173503,-0.6442381,0.51904815,-0.59339494,-0.7509176,-0.28983635
1355984260769,0.5732683,-0.22640544,-0.7874669,0.5616245,-0.59120786,0.578836,-0.5966083,-0.77408904,-0.21176583
1355984260830,0.5633868,-0.28620082,-0.7750383,0.57617676,-0.53621554,0.6168413,-0.5921281,-0.7940793,-0.13719451
1355984260849,0.5490731,-0.32488033,-0.7700464,0.6006249,-0.4873071,0.6338624,-0.5811785,-0.8105458,-0.072435975
1355984260889,0.5314785,-0.34454203,-0.77383554,0.6304446,-0.44924995,0.6330198,-0.5657475,-0.82429683,-0.021552024
1355984260929,0.5106977,-0.34666663,-0.78677195,0.66284996,-0.424046,0.61710197,-0.5475562,-0.83666426,0.0132286865
1355984260969,0.48606864,-0.33251005,-0.80819196,0.6963678,-0.41139242,0.58807147,-0.5280238,-0.848642,0.031584382
1355984261009,0.4567147,-0.3051011,-0.83565843,0.72966486,-0.408902,0.54807687,-0.50892127,-0.86006534,0.03587005
1355984261049,0.42251647,-0.27131546,-0.8647934,0.7603935,-0.41313154,0.5011228,-0.4932358,-0.8693159,0.031751662
1355984261089,0.38521892,-0.24063286,-0.89089966,0.7846377,-0.42275232,0.45345783,-0.48574677,-0.8737141,0.025957473
1355984261129,0.34825557,-0.22000378,-0.911217,0.7980606,-0.4403516,0.41132697,-0.4917493,-0.87045324,0.022221409
1355984261169,0.31545073,-0.21029738,-0.9253464,0.79889405,-0.46739405,0.37856472,-0.5121125,-0.85867214,0.02056551
1355984261209,0.29088402,-0.21045363,-0.9333252,0.78779256,-0.50088173,0.3584696,-0.54292667,-0.83953965,0.020095289
1355984261249,0.2784059,-0.2196632,-0.93500704,0.7680317,-0.5336394,0.3540567,-0.57672983,-0.8166865,0.020140015
1355984261289,0.28092653,-0.23853827,-0.9296127,0.7415673,-0.5609197,0.36803144,-0.6092276,-0.7927602,0.019314885
1355984261329,0.300134,-0.2658503,-0.9161022,0.7086313,-0.5807609,0.40069747,-0.63856184,-0.7694416,0.014083747
1355984261369,0.33439058,-0.29311627,-0.89569294,0.6697218,-0.59476477,0.44466567,-0.6630653,-0.7485571,-0.002577398
1355984261409,0.37908435,-0.30157417,-0.87484175,0.62871945,-0.60974205,0.48262465,-0.6789749,-0.7329855,-0.04153812
1355984261449,0.427588,-0.26596978,-0.863961,0.59535897,-0.6363275,0.49054557,-0.6802324,-0.7241183,-0.11373851
1355984261489,0.47083253,-0.16914047,-0.86585695,0.584346,-0.675501,0.449709,-0.6609512,-0.7176977,-0.21921128
1355984261529,0.4985913,-0.02811414,-0.86638117,0.60256505,-0.7072645,0.36971933,-0.623155,-0.70638984,-0.33569533
1355984261569,0.51237655,0.09781051,-0.85317254,0.6310425,-0.716722,0.29680797,-0.5824566,-0.69046557,-0.42895412
1355984261609,0.5292133,0.15412846,-0.83437264,0.64034486,-0.71771765,0.2735688,-0.55667925,-0.6790625,-0.47852105
1355984261649,0.56010747,0.12631074,-0.81873393,0.61784005,-0.7220673,0.31127572,-0.55186355,-0.68019444,-0.4824751
1355984261689,0.59671664,0.034204364,-0.8017227,0.5726456,-0.7180475,0.39558166,-0.56214434,-0.6951532,-0.44805783
1355984261729,0.62242126,-0.08111234,-0.7784681,0.52885157,-0.68963087,0.4946972,-0.5769816,-0.71960413,-0.38634455
1355984261770,0.6302147,-0.18272032,-0.7546143,0.50739044,-0.6387459,0.5784104,-0.5876941,-0.74740684,-0.3098365
1355984261830,0.62328875,-0.2553322,-0.73913234,0.51284146,-0.58007944,0.63285184,-0.59034294,-0.7735071,-0.23061204
1355984261849,0.60686564,-0.3019789,-0.73520255,0.5379837,-0.52482855,0.6596427,-0.58505344,-0.7958416,-0.15604073
1355984261889,0.58325386,-0.3283,-0.74298996,0.5745352,-0.47986737,0.66305107,-0.5742163,-0.81360096,-0.091264606
1355984261929,0.5534344,-0.33854568,-0.76098436,0.6163488,-0.44805858,0.64757824,-0.5602004,-0.8274238,-0.039308786
1355984261969,0.51668704,-0.33307013,-0.7887324,0.660823,-0.43060124,0.6147321,-0.54437804,-0.8388366,-0.0023856442
1355984262009,0.47179773,-0.3109083,-0.82507145,0.70655406,-0.42645696,0.5647264,-0.52743554,-0.84939426,0.018472042
1355984262049,0.41793567,-0.27348173,-0.8663357,0.7512164,-0.4322341,0.49884623,-0.5108852,-0.85929126,0.024797916
1355984262089,0.35681218,-0.22764778,-0.9060141,0.7904887,-0.44324297,0.42268574,-0.49780786,-0.86701334,0.021798499
1355984262129,0.2937292,-0.18393105,-0.93802595,0.8192921,-0.45708114,0.3461753,-0.4924263,-0.87019897,0.016435176
1355984262169,0.23546696,-0.1501432,-0.96021473,0.8340415,-0.47598326,0.2789531,-0.49892902,-0.8665432,0.013147339
1355984262209,0.18753517,-0.12785834,-0.9739008,0.83399266,-0.5030805,0.22664115,-0.5189285,-0.8547293,0.0122876465
1355984262249,0.15421921,-0.116149396,-0.9811859,0.8213599,-0.5368916,0.19265375,-0.54916704,-0.83561766,0.01260142
1355984262289,0.13977802,-0.11661902,-0.98329145,0.79999936,-0.57187545,0.18154725,-0.5834921,-0.81200886,0.013359547
1355984262329,0.14816183,-0.13333106,-0.9799342,0.7729763,-0.6024692,0.19884342,-0.6168921,-0.78692687,0.0137987435
1355984262369,0.18148267,-0.16857266,-0.9688381,0.7407026,-0.62461126,0.24742743,-0.64685667,-0.7625247,0.01150611
1355984262409,0.2367984,-0.2152346,-0.94741786,0.70198387,-0.63625425,0.31999883,-0.6716734,-0.74084723,4.2719394E-4
1355984262449,0.3033188,-0.2489501,-0.91979426,0.6593658,-0.6420233,0.39120686,-0.6879204,-0.7251413,-0.030588564
1355984262489,0.3646853,-0.23175603,-0.90182805,0.6254474,-0.65653265,0.42164016,-0.68979716,-0.71781194,-0.09447658
1355984262529,0.40369868,-0.13115935,-0.90544176,0.6220673,-0.68634707,0.37677586,-0.67086494,-0.71534956,-0.19548747
1355984262569,0.40602803,0.04712525,-0.91264474,0.66185117,-0.7037981,0.25811082,-0.63015413,-0.70883524,-0.3169517
1355984262609,0.38255706,0.22659303,-0.8957152,0.71844995,-0.68251216,0.13418952,-0.58093005,-0.69486165,-0.4238956
1355984262649,0.3779083,0.32040852,-0.8686333,0.7485452,-0.6578688,0.08299786,-0.54485345,-0.68157685,-0.48845434
1355984262689,0.42480817,0.3000792,-0.8541022,0.7312263,-0.6699585,0.12831059,-0.5337097,-0.6790494,-0.5040297
1355984262729,0.5142169,0.17461881,-0.83969593,0.6632726,-0.701664,0.26026356,-0.54373753,-0.6907792,-0.47662735
1355984262769,0.59897554,-0.0042757094,-0.80075586,0.5696343,-0.7005421,0.4298343,-0.562801,-0.7135983,-0.41717198
1355984262830,0.64403963,-0.16153,-0.74774396,0.49956888,-0.6514429,0.5710106,-0.57934785,-0.7413031,-0.33885968
1355984262849,0.6542305,-0.26526478,-0.70824933,0.47647616,-0.5826825,0.6583704,-0.587327,-0.7681899,-0.2548163
1355984262889,0.64450586,-0.32465222,-0.6922522,0.49099872,-0.5182986,0.7002048,-0.5861164,-0.791181,-0.17464268
1355984262928,0.62273943,-0.35484782,-0.6973368,0.52771086,-0.46754125,0.709173,-0.57768226,-0.8096222,-0.1038993
1355984262968,0.59099275,-0.36486742,-0.71944374,0.57599354,-0.43353403,0.6930222,-0.56476456,-0.8239661,-0.046054184
1355984263008,0.54928553,-0.358743,-0.7547111,0.6293417,-0.4165659,0.65605026,-0.5497404,-0.83533007,-0.0030416548
1355984263048,0.4967636,-0.33717704,-0.7997109,0.6839652,-0.41512,0.5998892,-0.53424484,-0.84497756,0.02440083
1355984263088,0.43294442,-0.30065936,-0.8498018,0.7366399,-0.42534453,0.525779,-0.519539,-0.853631,0.03732714
1355984263127,0.35998785,-0.25334603,-0.8979001,0.7829749,-0.4412884,0.43842307,-0.5073056,-0.8608602,0.039505154
1355984263168,0.2845326,-0.20452762,-0.9365947,0.8176756,-0.4582299,0.34847093,-0.50044763,-0.864982,0.036855876
1355984263208,0.21567476,-0.16392374,-0.9626076,0.8369663,-0.4767418,0.26870945,-0.5029632,-0.863624,0.03437744
1355984263248,0.1608398,-0.13562548,-0.9776177,0.84040326,-0.5005785,0.20771053,-0.51754516,-0.8550012,0.03346707
1355984263288,0.124964595,-0.12000376,-0.98487717,0.8307228,-0.53009564,0.16999522,-0.5424791,-0.8394033,0.03344661
1355984263329,0.112678885,-0.119629204,-0.9864037,0.8119746,-0.5611056,0.16080332,-0.5727135,-0.8190539,0.033911124
1355984263369,0.12881345,-0.13992843,-0.9817469,0.7870045,-0.5879064,0.18705589,-0.6033498,-0.7967346,0.034394123
1355984263409,0.17646939,-0.1851083,-0.9667437,0.75464976,-0.60512793,0.25362128,-0.6319511,-0.77430934,0.03290543
1355984263449,0.25381583,-0.25197598,-0.9338553,0.70963967,-0.60753834,0.35680354,-0.65725875,-0.7532631,0.024609264
1355984263489,0.34862047,-0.3211367,-0.8805311,0.6486706,-0.5954511,0.47398788,-0.6765281,-0.7364165,7.2544813E-4
1355984263529,0.43955457,-0.3561908,-0.82457256,0.5817577,-0.58654803,0.56348866,-0.68436086,-0.72738546,-0.05060312
1355984263569,0.50950205,-0.32215953,-0.79788524,0.53463537,-0.6080363,0.5869046,-0.67422,-0.72560674,-0.13755786
1355984263609,0.55064315,-0.20965949,-0.807982,0.531646,-0.65814763,0.5330986,-0.6435407,-0.7231076,-0.25093985
1355984263649,0.5675528,-0.06430921,-0.82082164,0.56242645,-0.69780564,0.44355807,-0.6012988,-0.7133944,-0.35987234
1355984263689,0.59757507,0.012405574,-0.8017169,0.56811804,-0.7121352,0.41243824,-0.5658144,-0.70193267,-0.4326021
1355984263729,0.673221,-0.04660824,-0.73797095,0.49471512,-0.7133592,0.49636236,-0.54957294,-0.699247,-0.45719057
1355984263770,0.7557893,-0.20597962,-0.6215745,0.35148874,-0.6732807,0.65049887,-0.5524837,-0.7101165,-0.43645883
1355984263830,0.7930286,-0.3532839,-0.49628228,0.22749981,-0.58397615,0.7792404,-0.56511015,-0.7308641,-0.38273776
1355984263849,0.7979662,-0.4439012,-0.4076784,0.1709235,-0.48197293,0.8593528,-0.57795775,-0.7554163,-0.30872494
1355984263889,0.79330736,-0.49023136,-0.36102164,0.16884711,-0.39256752,0.9040915,-0.58493936,-0.7781799,-0.22865254
1355984263929,0.78726137,-0.5114691,-0.34441093,0.19688255,-0.32080793,0.92645544,-0.5843431,-0.79717106,-0.15186036
1355984263969,0.78077936,-0.5181452,-0.34915492,0.240016,-0.26721382,0.9332679,-0.57686734,-0.8124791,-0.08427191
1355984264028,0.7728243,-0.5152743,-0.37045243,0.29060277,-0.23160437,0.9283908,-0.5641743,-0.82513744,-0.02924937
1355984264048,0.7618316,-0.5044769,-0.40634435,0.34577405,-0.21375318,0.91364664,-0.547771,-0.83654815,0.011591077
1355984264088,0.7455725,-0.48531252,-0.45672017,0.40531647,-0.21378511,0.8888275,-0.52899915,-0.8478016,0.037312895
1355984264125,0.72100556,-0.45693585,-0.52092284,0.46935508,-0.23100194,0.8522581,-0.5097615,-0.85898054,0.047911495
1355984264168,0.6851591,-0.41911227,-0.5957365,0.5367571,-0.2623674,0.8019072,-0.49239096,-0.86919975,0.045198083
1355984264208,0.6367644,-0.3758915,-0.6732285,0.60344356,-0.30057922,0.7385851,-0.4799864,-0.8765601,0.035431176
1355984264248,0.58054346,-0.336007,-0.7416661,0.6602923,-0.33870226,0.6702945,-0.47642767,-0.87885153,0.02523148
1355984264288,0.52487254,-0.30818766,-0.7934287,0.6990296,-0.3757893,0.6083912,-0.48566073,-0.87395805,0.01819086
1355984264328,0.47775888,-0.2957549,-0.8272094,0.71654475,-0.41357517,0.56171083,-0.5082421,-0.86109495,0.01433244
1355984264368,0.44418192,-0.29732567,-0.84516263,0.7155109,-0.45001012,0.5343547,-0.5392091,-0.8420738,0.012853444
1355984264408,0.42720246,-0.31122857,-0.8489021,0.7005108,-0.4796781,0.5283878,-0.5716491,-0.8203937,0.013099279
1355984264448,0.428302,-0.33629328,-0.8387277,0.6748019,-0.49828625,0.5443832,-0.600999,-0.7991355,0.013514368
1355984264488,0.4459144,-0.36849076,-0.8157052,0.64009136,-0.50573236,0.5783752,-0.62565434,-0.7800317,0.01035437
1355984264528,0.47420776,-0.3949926,-0.7868341,0.60056525,-0.50837404,0.6171526,-0.64377666,-0.7652037,-0.0038561216
1355984264568,0.50529355,-0.3925272,-0.7685056,0.5666063,-0.5207859,0.6385447,-0.65087306,-0.75809264,-0.040741384
