1355984996280,0.2656296,-0.26756907,-0.9262006,0.59570664,-0.7098107,0.375902,-0.75800693,-0.6515946,-0.029154032
1355984996305,-0.12265749,0.09849402,0.98754954,-0.6406019,0.75215274,-0.15458177,-0.7580135,-0.6515867,-0.029161692
1355984996335,-0.12271175,0.098532826,0.98753893,-0.6405616,0.752174,-0.15464528,-0.75803876,-0.65155625,-0.029184282
1355984996365,-0.122851595,0.09867293,0.9875076,-0.6404495,0.7522295,-0.15483925,-0.75811076,-0.651471,-0.029217541
1355984996406,-0.12308906,0.09908864,0.98743623,-0.64020896,0.7523388,-0.15530214,-0.75827533,-0.6512816,-0.029167235
1355984996448,-0.12402509,0.10070133,0.987156,-0.6398295,0.75228226,-0.1571289,-0.75844306,-0.65109944,-0.028870225
1355984996490,-0.12668668,0.10456118,0.9864164,-0.63926244,0.75177616,-0.16179037,-0.7584813,-0.65107566,-0.028397977
1355984996528,-0.13258328,0.11169997,0.9848577,-0.63821924,0.75061166,-0.1710506,-0.75835204,-0.6512336,-0.028229475
1355984996568,-0.14270115,0.122526556,0.9821525,-0.63623464,0.74877506,-0.18585321,-0.7581833,-0.6514009,-0.028895438
1355984996609,-0.1564699,0.13645071,0.9782119,-0.6330118,0.7464044,-0.20536931,-0.7581644,-0.6513538,-0.03041488
1355984996648,-0.17203437,0.15212408,0.9732741,-0.62866855,0.7436948,-0.22736296,-0.7584063,-0.65098107,-0.03230548
1355984996688,-0.18740316,0.16819386,0.96777624,-0.62364507,0.74081683,-0.24951419,-0.75891167,-0.6503086,-0.03393811
1355984996730,-0.20075493,0.18325888,0.9623479,-0.6185065,0.7380896,-0.26957995,-0.7597019,-0.649338,-0.034828305
1355984996768,-0.21091814,0.19650595,0.9575484,-0.6137568,0.7357974,-0.2861902,-0.76079965,-0.64806455,-0.03458613
1355984996810,-0.21759567,0.20743503,0.95374155,-0.60976803,0.7341058,-0.29878342,-0.7621254,-0.64657503,-0.033251047
1355984996848,-0.22115132,0.21572454,0.951081,-0.60671926,0.73309124,-0.3073582,-0.7635338,-0.64501184,-0.031239808
1355984996888,-0.22256804,0.22139983,0.9494449,-0.6046436,0.7326005,-0.31257418,-0.76476765,-0.6436448,-0.029185474
1355984996932,-0.22276708,0.22459874,0.94864655,-0.6035713,0.73238873,-0.31513253,-0.76555645,-0.64277697,-0.027590752
1355984996969,-0.2226584,0.22569294,0.9484123,-0.60346156,0.73214716,-0.31590295,-0.7656745,-0.64266884,-0.026821673
1355984997008,-0.2230721,0.22528078,0.948413,-0.60410094,0.7316315,-0.31587565,-0.7650496,-0.64340025,-0.027114213
1355984997047,-0.22506769,0.2243088,0.94817203,-0.60506326,0.7305839,-0.31645796,-0.7637035,-0.64492846,-0.028709829
1355984997088,-0.2296252,0.22360948,0.947244,-0.6058308,0.7288743,-0.31892225,-0.76173586,-0.6471021,-0.03189844
1355984997128,-0.23761752,0.22383963,0.9452163,-0.60589683,0.7264234,-0.3243427,-0.759228,-0.649773,-0.036987185
1355984997168,-0.24985978,0.225407,0.9416804,-0.6049667,0.7230065,-0.33358195,-0.75603276,-0.653034,-0.04428649
1355984997208,-0.26705563,0.2284835,0.93620324,-0.60307086,0.7181202,-0.3472879,-0.75165606,-0.6573421,-0.05398631
1355984997248,-0.28953782,0.23306614,0.9283577,-0.60018647,0.7113297,-0.365768,-0.74561656,-0.6630914,-0.066073716
1355984997320,-0.31724063,0.23907377,0.9177157,-0.5956878,0.70273924,-0.38899064,-0.73791224,-0.67007565,-0.08052409
1355984997328,-0.3482356,0.24576996,0.90461546,-0.58902484,0.69334435,-0.41511852,-0.7292337,-0.67740005,-0.09668255
1355984997367,-0.37925756,0.25174177,0.8903874,-0.5806903,0.6844313,-0.44085428,-0.72039044,-0.6842367,-0.11339176
1355984997408,-0.40778792,0.2553681,0.8766391,-0.57185745,0.677045,-0.46323764,-0.71182024,-0.69021535,-0.13005662
1355984997449,-0.43268204,0.2549507,0.86474645,-0.56365937,0.67209554,-0.48018295,-0.7036152,-0.69518894,-0.1470983
1355984997488,-0.45426264,0.24903102,0.85535324,-0.5567068,0.67022645,-0.49078932,-0.69550204,-0.69912815,-0.16582155
1355984997528,-0.47409937,0.23663332,0.84807694,-0.5510336,0.67151284,-0.49541143,-0.6867254,-0.70219314,-0.18797094
1355984997568,-0.49530882,0.21781275,0.84096783,-0.54575455,0.675156,-0.49630266,-0.6758855,-0.70478505,-0.21553844
1355984997608,-0.5226525,0.19396895,0.83018696,-0.53856003,0.67975795,-0.49787778,-0.66089904,-0.70732254,-0.25081325
1355984997648,-0.56043136,0.16715991,0.81115615,-0.52629614,0.68435466,-0.50464946,-0.6394756,-0.70972973,-0.2955582
1355984997688,-0.6096413,0.13961326,0.78028566,-0.50588125,0.6893148,-0.5185839,-0.61026365,-0.71088207,-0.34960705
1355984997728,-0.66293097,0.111955196,0.7402624,-0.47882167,0.6967018,-0.5341688,-0.5755452,-0.7085708,-0.40825862
1355984997768,-0.7048956,0.08236036,0.7045132,-0.456265,0.7078279,-0.53926045,-0.54308784,-0.7015671,-0.46136665
1355984997808,-0.72025746,0.047386706,0.69208646,-0.4554718,0.72019356,-0.5233227,-0.5232347,-0.692153,-0.49714148
1355984997848,-0.6985642,0.003651604,0.7155381,-0.4883198,0.728497,-0.4804538,-0.52302176,-0.6850392,-0.50711876
1355984997888,-0.63418305,-0.049015105,0.7716278,-0.55136895,0.7283058,-0.40689427,-0.542037,-0.683497,-0.4889046
1355984997928,-0.52658284,-0.10577503,0.8435178,-0.6270083,0.7183693,-0.3013407,-0.574083,-0.68757343,-0.4446028
1355984997968,-0.39035356,-0.1560398,0.90734535,-0.6900387,0.7020131,-0.176137,-0.6094839,-0.69485915,-0.38170677
1355984998008,-0.25105214,-0.19005561,0.9491321,-0.7261937,0.6852979,-0.054858327,-0.640012,-0.70302606,-0.3100627
1355984998048,-0.12951142,-0.20461646,0.9702365,-0.73872495,0.67261845,0.043242574,-0.6614471,-0.7111375,-0.23826706
1355984998088,-0.036185175,-0.20142597,0.97883517,-0.73857945,0.6652008,0.109582424,-0.6731947,-0.7189822,-0.17283946
1355984998128,0.02653253,-0.18401507,0.9825652,-0.7356111,0.6619575,0.14383554,-0.67688435,-0.7266022,-0.11780012
1355984998168,0.0593924,-0.1551351,0.9861063,-0.73538315,0.6612217,0.14831549,-0.6750437,-0.73397475,-0.074812174
1355984998208,0.063825905,-0.11637777,0.9911521,-0.7394514,0.6614498,0.1252827,-0.6701775,-0.7409051,-0.043838084
1355984998248,0.040190995,-0.06828877,0.99685574,-0.74667454,0.66090477,0.075379044,-0.6639743,-0.7473564,-0.024427116
1355984998326,-0.011983335,-0.010844439,0.99986947,-0.7537215,0.6571912,-0.0019054711,-0.6570847,-0.7536459,-0.016049027
1355984998330,-0.0901645,0.054582536,0.9944301,-0.75480384,0.64765584,-0.10398635,-0.6497243,-0.75997543,-0.017196476
1355984998369,-0.18358096,0.12285319,0.97529745,-0.74374676,0.6313857,-0.2195284,-0.6427586,-0.76567554,-0.024538755
1355984998410,-0.27103686,0.18475297,0.9446721,-0.7203467,0.6120308,-0.3263725,-0.6384667,-0.76895034,-0.03279668
1355984998451,-0.33290324,0.23176284,0.91403586,-0.6925909,0.5977113,-0.40380582,-0.6399167,-0.7674811,-0.038463175
1355984998490,-0.3613785,0.26069975,0.8952325,-0.66948575,0.59572685,-0.44373232,-0.64899486,-0.7597007,-0.04074806
1355984998531,-0.3594834,0.2715035,0.8927808,-0.655061,0.60795474,-0.44864917,-0.6645802,-0.7461078,-0.04069835
1355984998570,-0.33421475,0.26483554,0.9045235,-0.6487021,0.63157856,-0.42461056,-0.68372965,-0.72867733,-0.039283574
1355984998611,-0.2928123,0.24135064,0.9252085,-0.6476317,0.6618071,-0.37760365,-0.7034444,-0.7097614,-0.037478924
1355984998650,-0.2431924,0.20355028,0.94838005,-0.64727545,0.6941415,-0.31496358,-0.7224209,-0.69045985,-0.037056863
1355984998690,-0.19606775,0.15585369,0.9681255,-0.6436169,0.7244067,-0.24696591,-0.7398072,-0.67152405,-0.041722715
1355984998731,-0.16906224,0.10566214,0.9799253,-0.63537073,0.748388,-0.19031397,-0.7534733,-0.65479076,-0.05938953
1355984998770,-0.17483038,0.056452066,0.98297894,-0.62725234,0.763157,-0.15538944,-0.7589394,-0.6437426,-0.09801334
1355984998811,-0.2335243,0.014813721,0.97223806,-0.62194693,0.7663163,-0.16106313,-0.7474278,-0.6422927,-0.16974014
1355984998849,-0.3224026,-0.028615505,0.94617,-0.6195576,0.76208967,-0.18806289,-0.7156849,-0.64683884,-0.26342863
1355984998889,-0.41319692,-0.074589014,0.90758187,-0.61840284,0.7545765,-0.21952733,-0.6684657,-0.6519592,-0.35791475
1355984998929,-0.46069375,-0.12862593,0.8781895,-0.62875235,0.7456502,-0.220627,-0.6264438,-0.65380514,-0.42439026
1355984998969,-0.44310057,-0.18893692,0.876336,-0.65821826,0.73221695,-0.17494892,-0.6086137,-0.65434027,-0.44880748
1355984999009,-0.36570573,-0.246825,0.8974056,-0.69589955,0.71278334,-0.08754313,-0.61804795,-0.6565192,-0.43243432
1355984999049,-0.25335062,-0.29000938,0.9228803,-0.72192895,0.69170135,0.019177765,-0.6439192,-0.6613953,-0.38460916
1355984999089,-0.13639349,-0.31089032,0.94060826,-0.7283447,0.6750601,0.11750713,-0.6714989,-0.6690599,-0.3185091
1355984999129,-0.035013136,-0.30970275,0.9501885,-0.7221855,0.6650488,0.19015321,-0.6908127,-0.67955446,-0.24694824
1355984999169,0.04244405,-0.29093942,0.9557995,-0.71420646,0.66013616,0.23265703,-0.69864696,-0.69251317,-0.17977202
1355984999209,0.09408277,-0.25987226,0.96104884,-0.7116619,0.65749633,0.24745902,-0.6961938,-0.7072234,-0.1230821
1355984999250,0.12023405,-0.22084531,0.9678694,-0.7177068,0.6542494,0.23844205,-0.68588686,-0.7233153,-0.07983917
1355984999320,0.12048396,-0.17644855,0.97690815,-0.7324537,0.64843947,0.2074557,-0.67007107,-0.740535,-0.051113844
1355984999330,0.093981616,-0.12827721,0.98727524,-0.7536813,0.6387644,0.15474012,-0.6504859,-0.7586336,-0.036648035
1355984999367,0.040461212,-0.07612309,0.9962772,-0.77544236,0.6264119,0.07935521,-0.63012064,-0.7757664,-0.033683658
1355984999408,-0.034192696,-0.02063483,0.99920225,-0.78893703,0.61430734,-0.014311194,-0.61352193,-0.78879696,-0.037284434
1355984999448,-0.11571142,0.035636038,0.9926434,-0.78685045,0.60661685,-0.1135,-0.60619897,-0.7941952,-0.042152286
1355984999488,-0.18569699,0.08787352,0.97866994,-0.7687089,0.6073947,-0.20039529,-0.61204845,-0.7895251,-0.04524225
1355984999528,-0.23138413,0.13091177,0.9640143,-0.740674,0.61875737,-0.26180404,-0.6307641,-0.7745976,-0.046207666
1355984999568,-0.25095594,0.1616368,0.954408,-0.71057653,0.63878125,-0.29502475,-0.65734476,-0.7522181,-0.045450628
1355984999608,-0.24948737,0.17910522,0.95167077,-0.6835828,0.6635133,-0.30407998,-0.68590844,-0.7264099,-0.043104947
1355984999650,-0.23361701,0.18394378,0.9547711,-0.66082513,0.6902713,-0.29467905,-0.71325547,-0.69977874,-0.039704442
1355984999689,-0.21093519,0.17759018,0.9612326,-0.64049727,0.71773875,-0.27315634,-0.73842376,-0.6732851,-0.037650287
1355984999729,-0.19296534,0.16160265,0.9678062,-0.62088907,0.7436455,-0.24796821,-0.75977707,-0.6487496,-0.04316044
1355984999769,-0.19637714,0.1365831,0.97096914,-0.60336596,0.76373845,-0.22946253,-0.7729072,-0.6309109,-0.06757122
1355984999809,-0.23545557,0.1007514,0.9666488,-0.59161884,0.774242,-0.22480334,-0.7710693,-0.6248188,-0.12269318
1355984999850,-0.31215072,0.051761836,0.9486215,-0.58690596,0.77468055,-0.23539634,-0.74706316,-0.6302307,-0.21143776
1355984999890,-0.39592847,-0.008472651,0.9182422,-0.5887923,0.7696923,-0.24677394,-0.7046732,-0.6383588,-0.30973172
1355984999929,-0.45194477,-0.069622695,0.8893248,-0.5997827,0.76167625,-0.24517335,-0.660308,-0.64420646,-0.38599408
1355984999969,-0.45865303,-0.122617155,0.88011503,-0.62329173,0.7503225,-0.22028054,-0.6333599,-0.6496008,-0.42056394
1355985000040,-0.39131856,-0.15698066,0.90676725,-0.6619606,0.73251086,-0.15885821,-0.6392791,-0.66240835,-0.3905601
1355985000065,-0.29941297,-0.1784626,0.9372849,-0.6954169,0.7134039,-0.08631417,-0.65325886,-0.67764735,-0.3377083
1355985000106,-0.2119315,-0.18292746,0.9600117,-0.71677864,0.696836,-0.025455475,-0.66431427,-0.6935107,-0.2788
1355985000148,-0.13772672,-0.17351794,0.9751528,-0.730228,0.682956,0.018390179,-0.6691775,-0.70955104,-0.22076899
1355985000188,-0.08063859,-0.15378284,0.9848088,-0.7399606,0.6711951,0.044220716,-0.66779923,-0.7251538,-0.16791749
1355985000228,-0.041820154,-0.12731257,0.99098057,-0.7487726,0.660682,0.053279907,-0.66150624,-0.73979104,-0.122958004
1355985000268,-0.021441072,-0.097314745,0.99502265,-0.75818884,0.6503197,0.047264546,-0.6516824,-0.75340176,-0.08772653
1355985000317,-0.019448474,-0.0664556,0.9975999,-0.7689722,0.63868815,0.027555257,-0.6389864,-0.7665906,-0.06352401
1355985000349,-0.035357237,-0.03665611,0.9987023,-0.7807251,0.6248569,-0.0047055483,-0.6238735,-0.7798783,-0.050711572
1355985000389,-0.066569716,-0.009104282,0.99774027,-0.79117346,0.609766,-0.04722342,-0.6079582,-0.7925292,-0.047794998
1355985000429,-0.10658291,0.015835702,0.99417776,-0.79670393,0.59686947,-0.0949195,-0.59489745,-0.8021821,-0.05099976
1355985000469,-0.14508171,0.03816691,0.9886833,-0.79456055,0.59096426,-0.13940915,-0.5895973,-0.80579436,-0.055412173
1355985000509,-0.17220283,0.057309926,0.98339295,-0.7842153,0.59615374,-0.17206717,-0.5961145,-0.80082226,-0.057716012
1355985000549,-0.18311921,0.071712494,0.9804717,-0.7668171,0.61368525,-0.18810111,-0.6151902,-0.78628737,-0.057387173
1355985000589,-0.1786286,0.07925296,0.9807195,-0.7450486,0.64013386,-0.1874333,-0.6426464,-0.7641646,-0.055298924
1355985000629,-0.16217901,0.078626156,0.98362386,-0.721417,0.6706579,-0.17255577,-0.67324245,-0.7375879,-0.05204439
1355985000669,-0.13779987,0.06919396,0.9880401,-0.697854,0.7011124,-0.14642823,-0.70285904,-0.70968556,-0.048325896
1355985000709,-0.11054681,0.051321626,0.9925449,-0.6745634,0.7295398,-0.11285332,-0.72989285,-0.68201005,-0.046028554
1355985000749,-0.08821669,0.025222212,0.995782,-0.6517757,0.754508,-0.076851994,-0.75326383,-0.65580606,-0.05012095
1355985000789,-0.08261806,-0.010338217,0.99652773,-0.63286495,0.7729853,-0.04444909,-0.76984173,-0.63433975,-0.070405245
1355985000829,-0.10684068,-0.058600187,0.99254775,-0.6246839,0.7805911,-0.02115649,-0.7735342,-0.622289,-0.12000549
1355985000869,-0.16366261,-0.12208754,0.9789326,-0.6320473,0.7748772,-0.009029955,-0.7574501,-0.6202096,-0.20398349
1355985000909,-0.23848522,-0.19698912,0.95095754,-0.6531567,0.7571909,-0.0069506764,-0.7186872,-0.6227819,-0.30924362
1355985000949,-0.29662853,-0.2711218,0.9156989,-0.6809331,0.732336,-0.0037479103,-0.6695831,-0.6246414,-0.4018476
1355985000989,-0.3097865,-0.33156663,0.8911207,-0.7096754,0.70436126,0.015368134,-0.63276637,-0.6276455,-0.45350623
1355985001029,-0.27350503,-0.37222996,0.8869272,-0.7347679,0.6759122,0.057087064,-0.6207344,-0.63607204,-0.45836794
1355985001069,-0.20029306,-0.3919951,0.8978989,-0.750509,0.65049756,0.11657226,-0.62977684,-0.6505326,-0.42448604
1355985001109,-0.110929966,-0.39338326,0.9126578,-0.75362194,0.63195574,0.18079242,-0.64788,-0.6677437,-0.3665651
1355985001150,-0.022530202,-0.38048,0.92451465,-0.74638385,0.6216401,0.23764409,-0.6651342,-0.6846886,-0.29798985
1355985001189,0.053340677,-0.3580281,0.93218595,-0.7351747,0.61766607,0.27929676,-0.6757757,-0.7002174,-0.23026651
1355985001229,0.1117838,-0.3296919,0.9374474,-0.7264538,0.61658,0.30347008,-0.6780629,-0.71493524,-0.17058223
1355985001269,0.15155745,-0.29772225,0.94254535,-0.72411203,0.6156347,0.3108951,-0.67282397,-0.7296269,-0.12228024
1355985001321,0.1724346,-0.26341268,0.949147,-0.72951996,0.6133084,0.30274305,-0.6618662,-0.744625,-0.08640921
1355985001348,0.17363915,-0.22743705,0.95818675,-0.74265647,0.6087512,0.27907592,-0.6467695,-0.76006204,-0.06320459
1355985001388,0.15359485,-0.18979648,0.969735,-0.76233983,0.6016289,0.23849663,-0.6286864,-0.7758994,-0.052282333
1355985001428,0.11051428,-0.14933038,0.982592,-0.785267,0.5928912,0.17842594,-0.60921454,-0.7913157,-0.051741242
1355985001468,0.04404615,-0.10310033,0.99369526,-0.80487967,0.58555096,0.0964303,-0.59180117,-0.80405253,-0.057192028
1355985001508,-0.04188858,-0.0474748,0.99799377,-0.8123005,0.5832045,-0.0063513517,-0.5817329,-0.81093687,-0.06299341
1355985001548,-0.13764544,0.019354254,0.99029243,-0.80018365,0.58707076,-0.12269506,-0.5837463,-0.80930424,-0.06532061
1355985001588,-0.22920296,0.094834834,0.96874785,-0.7674087,0.59463453,-0.23977801,-0.5987903,-0.79838336,-0.06351495
1355985001628,-0.30345795,0.17214513,0.93716556,-0.72092646,0.6016333,-0.34395108,-0.62303954,-0.7800021,-0.058466434
1355985001668,-0.35363752,0.2427092,0.90334535,-0.671878,0.6060013,-0.42584315,-0.6507845,-0.757532,-0.05123377
1355985001708,-0.37981203,0.29922712,0.87533206,-0.62917686,0.61010754,-0.48156548,-0.67814416,-0.73364294,-0.043459475
1355985001748,-0.38677347,0.33711305,0.8583479,-0.59586513,0.6190249,-0.51161796,-0.70381176,-0.7093398,-0.03854847
1355985001788,-0.38577312,0.3550445,0.85154116,-0.5685117,0.6354455,-0.5224973,-0.7266178,-0.6856766,-0.043290794
1355985001829,-0.39700082,0.35565317,0.84610945,-0.53892887,0.65587986,-0.5285616,-0.7429307,-0.66583216,-0.06871307
1355985001869,-0.44359073,0.34472096,0.8272815,-0.49663132,0.67384124,-0.5470789,-0.74604595,-0.65353304,-0.12771046
1355985001928,-0.5283896,0.32572955,0.7840311,-0.43504715,0.68913853,-0.57950145,-0.7290668,-0.64729303,-0.22242594
1355985001948,-0.6272806,0.30004346,0.7186745,-0.35951936,0.70702803,-0.6089804,-0.69084364,-0.64037895,-0.33563352
1355985001988,-0.70168793,0.26815367,0.66009665,-0.30006564,0.72907716,-0.615148,-0.64621556,-0.6297143,-0.43112093
1355985002029,-0.73395026,0.23323308,0.6379024,-0.28400546,0.7477573,-0.60016656,-0.61697483,-0.6216601,-0.48257726
1355985002055,-0.73703885,0.1996898,0.64567614,-0.3005072,0.7588935,-0.5777336,-0.60536695,-0.61984247,-0.49932575
1355985002095,-0.6974301,0.16769075,0.6967575,-0.3614766,0.75718766,-0.5440602,-0.61881,-0.6313055,-0.46746922
1355985002138,-0.6214912,0.1387031,0.77104485,-0.4465431,0.74595237,-0.4941198,-0.6436987,-0.65139586,-0.40166593
1355985002178,-0.52422273,0.1182359,0.8433331,-0.5300471,0.72979414,-0.43179917,-0.6665137,-0.67336524,-0.3199041
1355985002218,-0.4243219,0.110486045,0.8987458,-0.59743065,0.7116928,-0.36955392,-0.6804614,-0.693748,-0.23597908
1355985002258,-0.34201396,0.11811262,0.9322425,-0.6443998,0.69258124,-0.32416064,-0.6839411,-0.7116043,-0.1607607
1355985002321,-0.2917379,0.14124063,0.94601274,-0.67413616,0.67127097,-0.3081162,-0.6785494,-0.7276306,-0.10061979
1355985002340,-0.28205454,0.17932346,0.9424906,-0.689507,0.64519095,-0.329103,-0.6671022,-0.74267876,-0.05833423
1355985002380,-0.31596154,0.23046152,0.9203564,-0.68933177,0.6107712,-0.38958997,-0.6519127,-0.75752634,-0.03411573
1355985002419,-0.3896034,0.290402,0.87399995,-0.66762793,0.5646509,-0.48522407,-0.6344149,-0.7725517,-0.026109457
1355985002459,-0.48728862,0.35030133,0.7998992,-0.61893225,0.5076369,-0.5993561,-0.6160135,-0.7871428,-0.030552864
1355985002499,-0.5825197,0.39991122,0.7076312,-0.5487335,0.44877076,-0.70533425,-0.5996353,-0.799172,-0.041973174
1355985002539,-0.6513175,0.4352003,0.62159973,-0.4772847,0.40187722,-0.7814691,-0.58990246,-0.80566454,-0.054035246
1355985002580,-0.6848025,0.4600353,0.5651665,-0.4258645,0.37670028,-0.8226399,-0.59134173,-0.8040301,-0.062052667
1355985002619,-0.68705374,0.47906813,0.5463066,-0.4023868,0.37518066,-0.83505946,-0.6050141,-0.79355735,-0.06499863
1355985002659,-0.66479856,0.49275982,0.56145406,-0.4037143,0.3953871,-0.82503563,-0.6285361,-0.7751495,-0.06391859
1355985002699,-0.6246573,0.49743077,0.60196835,-0.4226453,0.43284398,-0.7962519,-0.65663856,-0.75180364,-0.06014234
1355985002739,-0.57111025,0.48832753,0.65982515,-0.45250794,0.48336303,-0.7493975,-0.6848865,-0.72656476,-0.055081487
1355985002779,-0.5069562,0.46141753,0.72807235,-0.48685434,0.5437505,-0.6835995,-0.7113145,-0.7010201,-0.051014543
1355985002819,-0.43846285,0.41492885,0.7972355,-0.5171082,0.6090466,-0.6013829,-0.73508465,-0.67594105,-0.052481174
1355985002859,-0.3826924,0.35209596,0.85415155,-0.5343145,0.669879,-0.5155289,-0.7536939,-0.6536746,-0.06822765
1355985002900,-0.36714357,0.28184828,0.8864351,-0.53462315,0.71590835,-0.44905823,-0.7611726,-0.63877755,-0.11215854
1355985002939,-0.4011956,0.21036802,0.89150846,-0.5238784,0.74568343,-0.41171303,-0.7513944,-0.63221955,-0.18895763
1355985002979,-0.477179,0.14411353,0.86690915,-0.50409347,0.7631523,-0.40433693,-0.7198541,-0.6299443,-0.29151356
1355985003019,-0.5500623,0.08000301,0.8312828,-0.4895022,0.77559435,-0.3985486,-0.6766233,-0.6261413,-0.38746357
1355985003059,-0.58138347,0.016707927,0.8134581,-0.49900267,0.782358,-0.37270942,-0.6426426,-0.62260485,-0.44651264
1355985003099,-0.5568425,-0.046558514,0.82931226,-0.5396259,0.77930087,-0.31858146,-0.6314511,-0.62491804,-0.459072
1355985003139,-0.48182577,-0.10676409,0.86973864,-0.59848255,0.7650803,-0.23763597,-0.6400489,-0.6350225,-0.43253183
1355985003179,-0.37013155,-0.15720609,0.9155812,-0.65583646,0.7422409,-0.1376841,-0.65793705,-0.6514328,-0.3778283
1355985003219,-0.24442315,-0.19084808,0.9507021,-0.6967156,0.7164787,-0.0352948,-0.6744218,-0.6709957,-0.3080908
1355985003259,-0.12701741,-0.20498621,0.9704882,-0.71917206,0.6928668,0.052221984,-0.6831238,-0.69131494,-0.23542655
1355985003322,-0.03312993,-0.2012004,0.9789897,-0.73063767,0.67324215,0.11363819,-0.6819612,-0.71152186,-0.16930908
1355985003339,0.028846204,-0.18216789,0.9828442,-0.7399848,0.6571343,0.14351666,-0.67200476,-0.7314297,-0.11584562
1355985003379,0.055020504,-0.14963141,0.9872098,-0.7527734,0.6433364,0.1394651,-0.6559764,-0.7508187,-0.07724184
1355985003419,0.041239873,-0.10281107,0.9938457,-0.76992536,0.63068914,0.0971916,-0.63680005,-0.7691951,-0.053147316
1355985003459,-0.018270582,-0.03868392,0.9990844,-0.7869452,0.6169497,0.009496778,-0.6167522,-0.7860513,-0.04171419
1355985003499,-0.12741205,0.04558119,0.99080193,-0.7912475,0.5976813,-0.12924632,-0.5980749,-0.8004371,-0.040085733
1355985003539,-0.2746133,0.14617303,0.9503794,-0.7635757,0.5675659,-0.3079305,-0.5844141,-0.8102484,-0.04424703
1355985003579,-0.41965222,0.24569796,0.8737988,-0.6981417,0.52784514,-0.48371226,-0.5800776,-0.81302637,-0.04997933
1355985003620,-0.52114546,0.3266699,0.7884758,-0.6192521,0.49101296,-0.6127259,-0.58731097,-0.8075847,-0.053598166
1355985003659,-0.5684559,0.38452783,0.72732127,-0.5566938,0.471146,-0.6841882,-0.6057639,-0.79382604,-0.053761423
1355985003699,-0.57466173,0.4234801,0.700306,-0.51994586,0.47189522,-0.7120191,-0.6319969,-0.77329135,-0.050993443
1355985003739,-0.55440646,0.4463224,0.70244545,-0.5052949,0.49014556,-0.7102354,-0.6612945,-0.7487013,-0.046215355
1355985003779,-0.5171871,0.45293447,0.726201,-0.50650173,0.52198493,-0.68628544,-0.6899083,-0.72276,-0.04055178
1355985003819,-0.46841636,0.44160676,0.7652252,-0.51723486,0.5651151,-0.64273876,-0.71627796,-0.6968705,-0.0362947
1355985003859,-0.41560468,0.41140884,0.81118155,-0.52912647,0.61604464,-0.58353597,-0.7397959,-0.67173785,-0.038343728
1355985003899,-0.3765802,0.3664826,0.85081005,-0.5323237,0.6660445,-0.5225095,-0.758168,-0.64967316,-0.055731773
1355985003939,-0.37852705,0.3179474,0.86926794,-0.5198704,0.7039889,-0.4838743,-0.76580155,-0.63506615,-0.10118747
1355985003979,-0.43927062,0.27710557,0.8545489,-0.48719656,0.72571987,-0.4857676,-0.754772,-0.62971675,-0.18378252
1355985004019,-0.54217494,0.24554479,0.80358815,-0.4327274,0.7381877,-0.51751894,-0.720273,-0.6283205,-0.2939729
1355985004059,-0.63839424,0.2148265,0.7391226,-0.3760312,0.7508245,-0.5430129,-0.671605,-0.6245895,-0.39854056
1355985004099,-0.6903798,0.17589915,0.7017373,-0.35373116,0.7640583,-0.53952676,-0.6310705,-0.6207047,-0.46526945
1355985004139,-0.68815273,0.12308714,0.7150492,-0.38606504,0.77230054,-0.50448555,-0.61432856,-0.6232186,-0.48394108
1355985004179,-0.6302321,0.0543402,0.7745028,-0.46656895,0.77083194,-0.4337414,-0.6205811,-0.6347167,-0.46044958
1355985004219,-0.5191074,-0.024801493,0.85434914,-0.5676997,0.7572431,-0.32295504,-0.6389402,-0.65266204,-0.4071703
1355985004259,-0.37145418,-0.10043347,0.9230032,-0.6549662,0.7329567,-0.18383092,-0.65805864,-0.6728206,-0.33804035
1355985004322,-0.2176199,-0.15810066,0.96314365,-0.7087958,0.7040031,-0.04458806,-0.67100674,-0.6923754,-0.26526618
1355985004339,-0.08627975,-0.19080317,0.97782916,-0.73243517,0.67747563,0.06756821,-0.6753476,-0.7103667,-0.19820338
1355985004379,0.007687032,-0.1992169,0.97992533,-0.74091935,0.656973,0.13937351,-0.6715501,-0.72711694,-0.14255351
1355985004419,0.05783564,-0.18491885,0.9810505,-0.7475792,0.6432683,0.16532192,-0.6616498,-0.7429744,-0.10103762
1355985004459,0.05981821,-0.1473952,0.9872672,-0.7592459,0.6353768,0.14086178,-0.64804906,-0.75800467,-0.07390207
1355985004499,0.0066820234,-0.08274451,0.9965484,-0.77443576,0.6300337,0.05750513,-0.63261724,-0.77214694,-0.059870422
1355985004539,-0.107426226,0.012868851,0.9941298,-0.77976644,0.61923265,-0.092277825,-0.61678517,-0.7851021,-0.056487143
1355985004579,-0.2684627,0.13132289,0.9542967,-0.7513902,0.5913584,-0.29275915,-0.60277736,-0.79564404,-0.060082972
1355985004619,-0.42286834,0.24195911,0.87329155,-0.6838261,0.5471419,-0.48271888,-0.59461266,-0.80130607,-0.065911055
1355985004659,-0.5157727,0.31540513,0.79655397,-0.614828,0.5112246,-0.60052973,-0.5966282,-0.7994805,-0.06975579
1355985004699,-0.5382446,0.34904116,0.76711345,-0.580357,0.5065148,-0.63767433,-0.6111289,-0.7884244,-0.07006037
1355985004739,-0.5082813,0.35134497,0.78626126,-0.5807808,0.534283,-0.61419487,-0.6358803,-0.7688292,-0.06751168
1355985004779,-0.44473654,0.32742846,0.8336666,-0.5991706,0.5830781,-0.54864794,-0.66573566,-0.74351233,-0.06313062
1355985004820,-0.3623006,0.2803775,0.8888907,-0.6201853,0.63940144,-0.45446226,-0.695779,-0.7159289,-0.057769537
1355985004859,-0.27381277,0.21554033,0.93732005,-0.6339027,0.6924906,-0.34441844,-0.7233214,-0.68847597,-0.05298114
1355985004899,-0.19376393,0.14191121,0.97072995,-0.6357081,0.7354772,-0.23441099,-0.7472153,-0.6625213,-0.05229479
1355985004939,-0.1392554,0.06975874,0.98779637,-0.62805176,0.7650008,-0.14256492,-0.76561016,-0.6402402,-0.06271839
1355985004979,-0.12693939,0.0060415864,0.9918921,-0.61976266,0.78027356,-0.08406803,-0.7744551,-0.62540925,-0.09530312
1355985005019,-0.16681617,-0.049096584,0.98476493,-0.61861944,0.7829341,-0.06575811,-0.76777756,-0.6201642,-0.1609782
1355985005059,-0.2543937,-0.100223154,0.9618935,-0.6228061,0.7778901,-0.08366346,-0.7398624,-0.6203566,-0.26030993
1355985005099,-0.35703766,-0.15313487,0.921452,-0.6261609,0.77124846,-0.11444765,-0.6931425,-0.6178394,-0.37125182
1355985005139,-0.42621082,-0.21048383,0.8797959,-0.6345179,0.76274854,-0.12490645,-0.6447723,-0.61148274,-0.4586475
1355985005179,-0.43191344,-0.27087942,0.8602762,-0.6593574,0.7456425,-0.0962553,-0.61538494,-0.60880345,-0.50065935
1355985005219,-0.37296325,-0.32740453,0.86816174,-0.6972395,0.7162341,-0.02942583,-0.6121729,-0.6162914,-0.49540836
1355985005259,-0.26796365,-0.36975372,0.8896503,-0.730937,0.67959595,0.062292546,-0.62763566,-0.63358617,-0.45237374
1355985005322,-0.14495671,-0.39022177,0.90923846,-0.74651986,0.6462485,0.15833822,-0.64938104,-0.6558124,-0.38498634
1355985005339,-0.02974737,-0.38853657,0.92095304,-0.7437153,0.6241921,0.23931506,-0.6678343,-0.6778078,-0.30752873
1355985005379,0.06426528,-0.36976784,0.92689896,-0.73167294,0.6141615,0.29573697,-0.6786196,-0.6971925,-0.23107982
1355985005419,0.13184398,-0.3397448,0.9312307,-0.72038484,0.6124792,0.32544574,-0.68092793,-0.7137525,-0.16399533
1355985005459,0.1734451,-0.30331576,0.9369719,-0.7164538,0.6139168,0.33136117,-0.6757299,-0.72877,-0.11083084
1355985005499,0.18965572,-0.26311916,0.94593817,-0.7228142,0.6146206,0.31588146,-0.66450757,-0.74364626,-0.07361996
1355985005539,0.18107453,-0.22049522,0.95843303,-0.73931915,0.61214614,0.280507,-0.6485516,-0.7593806,-0.052172303
1355985005579,0.1482718,-0.17590174,0.97317725,-0.76294494,0.60577136,0.22573426,-0.62922996,-0.7759508,-0.04438454
1355985005619,0.09341641,-0.12923545,0.98720396,-0.7871876,0.5975078,0.15270948,-0.60959756,-0.7913802,-0.045915484
1355985005659,0.02408649,-0.08132699,0.9963964,-0.80358267,0.59133136,0.06769061,-0.5947056,-0.8023173,-0.05110991
1355985005699,-0.045547023,-0.034894526,0.9983525,-0.80588996,0.59184694,-0.016080141,-0.5903108,-0.80529475,-0.05507803
1355985005739,-0.099846646,0.0053887963,0.9949882,-0.79380953,0.60248685,-0.082921535,-0.5999142,-0.7981106,-0.05587858
1355985005779,-0.12958407,0.034870267,0.99095505,-0.77199703,0.62363213,-0.12289634,-0.62227684,-0.7809398,-0.05389303
1355985005819,-0.13458993,0.050698847,0.98960364,-0.74620664,0.6519062,-0.13488507,-0.6519673,-0.75660294,-0.04990822
1355985005859,-0.120655224,0.052445292,0.99130815,-0.72016454,0.6826741,-0.123770446,-0.68323153,-0.72883856,-0.044598937
1355985005899,-0.09605721,0.041728526,0.9945008,-0.6949067,0.71252537,-0.0970169,-0.7126555,-0.7004044,-0.039445817
1355985005939,-0.071066365,0.021414012,0.99724174,-0.6702169,0.73943174,-0.06363961,-0.738755,-0.6728909,-0.038196683
1355985005979,-0.05888281,-0.0060409307,0.9982466,-0.6479063,0.76097804,-0.03361252,-0.7594407,-0.6487495,-0.048722446
1355985006019,-0.074411385,-0.040364116,0.9964104,-0.6333313,0.77371633,-0.015953988,-0.7702951,-0.63224506,-0.083137155
1355985006060,-0.12881804,-0.083875865,0.9881148,-0.6315119,0.77519006,-0.016526788,-0.76459056,-0.6261351,-0.15282708
1355985006099,-0.21788222,-0.13845989,0.9661037,-0.64081347,0.76691616,-0.034607768,-0.7361287,-0.62663263,-0.2558244
1355985006139,-0.313488,-0.19986923,0.9283198,-0.65443105,0.7538402,-0.058693975,-0.68807364,-0.62592113,-0.3671205
1355985006179,-0.37744993,-0.2577992,0.88942176,-0.6700274,0.73901534,-0.07014021,-0.6392142,-0.6224114,-0.4516738
1355985006219,-0.3897478,-0.3025784,0.8697947,-0.6895547,0.72191966,-0.0578472,-0.61041856,-0.6223169,-0.49001092
1355985006259,-0.3544975,-0.3276971,0.8757546,-0.7106373,0.7031299,-0.024556607,-0.60772204,-0.63104916,-0.48213154
1355985006322,-0.28750637,-0.32886386,0.8995492,-0.727033,0.68635184,0.018553376,-0.62350875,-0.6486677,-0.4364254
1355985006339,-0.20921111,-0.30528182,0.92899615,-0.7348346,0.67587906,0.056618214,-0.6451736,-0.6708133,-0.3657331
1355985006378,-0.13678807,-0.2602628,0.9557992,-0.73581016,0.6726959,0.077869505,-0.66322875,-0.6926352,-0.28352076
1355985006418,-0.08266446,-0.19983396,0.97633654,-0.73478734,0.6740544,0.07575065,-0.67324144,-0.7111379,-0.20255584
1355985006458,-0.053411774,-0.13084501,0.989963,-0.7360447,0.6751193,0.04951951,-0.6748225,-0.7260121,-0.13236707
1355985006498,-0.05052544,-0.059335053,0.9969586,-0.7411442,0.67134166,0.002394706,-0.66944194,-0.73876905,-0.07789564
1355985006538,-0.073350176,0.009943008,0.99725664,-0.7487556,0.6599728,-0.0616526,-0.6587753,-0.7512237,-0.040964246
1355985006578,-0.12000084,0.07283068,0.9900988,-0.7554802,0.640329,-0.13866681,-0.6440882,-0.7646401,-0.021817923
1355985006618,-0.18663219,0.1264975,0.974252,-0.75643224,0.61427724,-0.2246638,-0.62688017,-0.77888507,-0.018957138
1355985006658,-0.26468083,0.17030868,0.94917804,-0.7472416,0.58595514,-0.31350684,-0.60956866,-0.79224455,-0.027829349
1355985006698,-0.34087643,0.20633245,0.917186,-0.72722137,0.5604094,-0.39634627,-0.5957787,-0.8021024,-0.040980995
1355985006739,-0.4022743,0.23832592,0.88395476,-0.6997042,0.54262817,-0.46472442,-0.59041464,-0.80545354,-0.05152768
1355985006779,-0.44177455,0.269497,0.8556907,-0.6690105,0.5365156,-0.5143694,-0.5977124,-0.7997014,-0.05672258
1355985006819,-0.45930484,0.30075595,0.83581394,-0.63843596,0.5424472,-0.54603165,-0.6176072,-0.7844086,-0.057135224
1355985006859,-0.45925495,0.33062035,0.82448465,-0.6104766,0.55677164,-0.56331486,-0.64529306,-0.76203376,-0.05386412
1355985006899,-0.44675982,0.3567379,0.82045335,-0.58692455,0.5752666,-0.5697261,-0.67522234,-0.7360749,-0.047627807
1355985006939,-0.4259105,0.37690774,0.822521,-0.5681486,0.59609354,-0.5673444,-0.7041359,-0.7089522,-0.039742827
1355985006979,-0.40062416,0.3887887,0.8296647,-0.5524266,0.61991596,-0.55725133,-0.7309754,-0.6815772,-0.03357613
1355985007019,-0.37840262,0.3885457,0.8401451,-0.53681505,0.6472987,-0.54114145,-0.75408304,-0.6557718,-0.03636235
1355985007092,-0.3731776,0.3710148,0.850345,-0.51892227,0.6763052,-0.52281064,-0.76906323,-0.63636416,-0.05985409
1355985007093,-0.38531178,0.3375891,0.8588181,-0.5017297,0.7044508,-0.5020124,-0.77446896,-0.6243259,-0.102054715
1355985007114,-0.42561936,0.2935871,0.8559527,-0.48216105,0.72686774,-0.4890645,-0.76574737,-0.6208623,-0.16781276
1355985007147,-0.48849893,0.2414499,0.8384932,-0.46137738,0.7441544,-0.48307887,-0.74060774,-0.62284523,-0.25211912
1355985007188,-0.56820494,0.18409818,0.8020293,-0.44008404,0.75557345,-0.4852162,-0.6953195,-0.6286625,-0.3483019
1355985007228,-0.6226001,0.12996832,0.77167183,-0.4343973,0.7628224,-0.4789582,-0.6508979,-0.6334116,-0.4184754
1355985007268,-0.6360875,0.08770251,0.76661664,-0.45195496,0.762911,-0.4622808,-0.62540346,-0.6405272,-0.44564056
1355985007323,-0.608234,0.05600509,0.7917795,-0.493228,0.7548871,-0.43228644,-0.6219144,-0.65345913,-0.4315247
1355985007349,-0.54500157,0.031267345,0.8378518,-0.5504355,0.7404552,-0.3856771,-0.6324509,-0.671378,-0.3863386
1355985007389,-0.4565019,0.012150496,0.8896395,-0.61057186,0.72301984,-0.32317835,-0.64715374,-0.6907204,-0.3226412
1355985007429,-0.35667193,-4.464686E-4,0.9342296,-0.66183615,0.705902,-0.25233972,-0.65936184,-0.7083094,-0.2520709
1355985007469,-0.26123118,-0.005069405,0.96526295,-0.69882286,0.69082403,-0.1854958,-0.66588646,-0.7230051,-0.1840074
1355985007509,-0.18382509,-8.2564354E-4,0.9829587,-0.72304595,0.67755014,-0.13464916,-0.6658926,-0.73547614,-0.1251477
1355985007549,-0.1332285,0.012492925,0.9910066,-0.73952556,0.6644411,-0.10779616,-0.6598122,-0.74723625,-0.079283655
1355985007589,-0.114910826,0.035108954,0.9927551,-0.75221884,0.64965916,-0.11004421,-0.64881605,-0.75941443,-0.048243284
1355985007629,-0.13175894,0.066202074,0.9890687,-0.76222634,0.6311394,-0.14378461,-0.6337591,-0.7728392,-0.03269732
1355985007669,-0.18352929,0.105036855,0.9773865,-0.7660097,0.6078491,-0.20916167,-0.61607313,-0.7870748,-0.031098843
1355985007709,-0.2603651,0.14845666,0.95402867,-0.7576233,0.5811068,-0.29719007,-0.59851235,-0.8001722,-0.03882569
1355985007749,-0.34080586,0.19080701,0.92056715,-0.7353058,0.55604887,-0.38747257,-0.5858128,-0.8089513,-0.049203157
1355985007789,-0.3998348,0.22585614,0.8883249,-0.70671123,0.5412062,-0.45569193,-0.5836877,-0.80999064,-0.056777954
1355985007829,-0.42235193,0.24888773,0.8715927,-0.6836674,0.5438932,-0.4865995,-0.595162,-0.8013957,-0.059557974
1355985007869,-0.4069947,0.25608328,0.87679917,-0.67280746,0.5651904,-0.47737828,-0.6178071,-0.78420746,-0.057734787
1355985007909,-0.35966495,0.24327102,0.90081096,-0.67401254,0.5998744,-0.43111235,-0.64525056,-0.7622139,-0.051786065
1355985007948,-0.28581125,0.20737551,0.9355786,-0.6820667,0.6417589,-0.3506145,-0.6731248,-0.7383366,-0.041977942
1355985007988,-0.1925033,0.14745536,0.9701543,-0.6881515,0.6845181,-0.2405878,-0.6995642,-0.71392703,-0.030300379
1355985008028,-0.097075,0.06990433,0.99281913,-0.6830631,0.72083884,-0.11754215,-0.7238793,-0.6895685,-0.022226393
1355985008068,-0.025298834,-0.014093846,0.9995805,-0.6678617,0.74425775,-0.006409377,-0.74385524,-0.6677438,-0.028241575
1355985008108,0.0016296878,-0.09632999,0.99534816,-0.6559268,0.75121045,0.073776245,-0.7548228,-0.65299577,-0.061961174
1355985008148,-0.022938222,-0.17575811,0.9841661,-0.6606497,0.7415166,0.11702639,-0.75034374,-0.6475047,-0.13312358
1355985008188,-0.08569297,-0.25477713,0.9631953,-0.6830846,0.7187921,0.12935722,-0.7252945,-0.64685893,-0.2356298
1355985008228,-0.1503799,-0.33344018,0.93070054,-0.7133789,0.6883585,0.13135111,-0.68445337,-0.6441896,-0.34138447
1355985008268,-0.17277002,-0.40928304,0.8959006,-0.7433146,0.65096426,0.15404178,-0.64624596,-0.6393222,-0.4166932
1355985008322,-0.13010675,-0.47814605,0.86858994,-0.76721466,0.6034666,0.2172778,-0.6280555,-0.63812566,-0.44535577
1355985008349,-0.031467676,-0.53284216,0.84562933,-0.77384925,0.5484531,0.3167909,-0.63258755,-0.644421,-0.4295981
1355985008389,0.093036234,-0.56692356,0.81849974,-0.7539212,0.49684167,0.42982692,-0.65034384,-0.6570738,-0.38119143
1355985008429,0.21478182,-0.5806724,0.785295,-0.71100736,0.45828366,0.5333334,-0.66957986,-0.6729009,-0.31443137
1355985008469,0.31882706,-0.57969075,0.74987197,-0.6578813,0.4341872,0.6153647,-0.68230605,-0.6895217,-0.24293709
1355985008510,0.40258387,-0.5699701,0.71628225,-0.6065596,0.4199449,0.675079,-0.68557394,-0.70624375,-0.1766578
1355985008549,0.46876296,-0.55575025,0.6865879,-0.5640583,0.40984008,0.7168468,-0.67977905,-0.7233069,-0.12135768
1355985008589,0.52018535,-0.539938,0.6617207,-0.5332897,0.39983633,0.74547505,-0.66709024,-0.740674,-0.079954326
1355985008629,0.5598965,-0.5242952,0.6415842,-0.5147823,0.3866312,0.76518977,-0.64924186,-0.75870335,-0.053424448
1355985008669,0.58972955,-0.5097639,0.62638634,-0.507521,0.36939532,0.7784405,-0.628205,-0.7769735,-0.040872514
1355985008709,0.6108674,-0.49698845,0.61631453,-0.5092624,0.3493839,0.78650033,-0.6062119,-0.7943132,-0.03967029
1355985008749,0.6222329,-0.48632598,0.61344373,-0.51740515,0.3325696,0.78847283,-0.58746755,-0.80801266,-0.04469177
1355985008789,0.61936224,-0.4776044,0.6231248,-0.531688,0.32881668,0.7805046,-0.5776662,-0.814723,-0.050279915
1355985008846,0.59330666,-0.46798357,0.65496457,-0.5565641,0.34934843,0.75378513,-0.5815699,-0.81175554,-0.05319214
1355985008868,0.53283113,-0.4481478,0.71781236,-0.59687114,0.402273,0.6942055,-0.59986323,-0.7983358,-0.053142905
1355985008908,0.43102315,-0.4018938,0.80789876,-0.64758307,0.48572376,0.5871189,-0.62837505,-0.7762434,-0.050901413
1355985008948,0.2941856,-0.31613696,0.9019491,-0.6907501,0.58189607,0.42925668,-0.6605446,-0.7493026,-0.047186255
1355985008975,0.14576378,-0.19685498,0.96953654,-0.7098793,0.66177464,0.24109288,-0.689075,-0.7233965,-0.043280482
1355985009015,0.017612167,-0.07460344,0.9970578,-0.6970339,0.7140184,0.06573793,-0.7168219,-0.69614077,-0.03942573
1355985009058,-0.089775145,0.04183179,0.9950832,-0.6637984,0.7423433,-0.09109399,-0.742504,-0.6687126,-0.038876116
1355985009098,-0.17954938,0.13961355,0.9737916,-0.62045234,0.75209904,-0.22222935,-0.763414,-0.64409244,-0.048415363
1355985009138,-0.2730379,0.2180362,0.93696874,-0.5706978,0.7473653,-0.34021926,-0.7744381,-0.62761873,-0.07962626
1355985009178,-0.39065126,0.27911973,0.8772023,-0.5069824,0.7301431,-0.45810488,-0.7683493,-0.62368536,-0.14372253
1355985009218,-0.5274527,0.31876773,0.7875156,-0.41876817,0.7089664,-0.56745034,-0.73920697,-0.62908965,-0.24045646
1355985009258,-0.6476698,0.33289897,0.6853483,-0.318901,0.6984801,-0.64064634,-0.6919726,-0.63348544,-0.34622264
1355985009321,-0.7226135,0.32940966,0.60771626,-0.24408162,0.7009305,-0.67016464,-0.6467256,-0.6326024,-0.426099
1355985009339,-0.75261605,0.32167935,0.5745358,-0.21529232,0.7043702,-0.67639613,-0.6222686,-0.6327598,-0.4608652
1355985009379,-0.74943423,0.31832975,0.5805295,-0.22838277,0.698715,-0.6779666,-0.62144154,-0.64067435,-0.4509399
1355985009419,-0.72408336,0.32322252,0.6092868,-0.26886636,0.6812279,-0.6809107,-0.6351489,-0.65685284,-0.40636212
1355985009459,-0.6874147,0.33805606,0.64279014,-0.31970546,0.6538421,-0.68576884,-0.6521116,-0.6769111,-0.34138232
1355985009499,-0.65125954,0.3632336,0.6662749,-0.36587277,0.6189142,-0.6950413,-0.6648294,-0.6964241,-0.27017647
1355985009539,-0.62727374,0.3980672,0.6693804,-0.39681098,0.5762088,-0.71450996,-0.67012584,-0.7138108,-0.20348322
1355985009579,-0.623366,0.44002092,0.6463718,-0.4070223,0.523216,-0.7487175,-0.66764337,-0.7298128,-0.1470567
1355985009619,-0.6411127,0.48492366,0.59483063,-0.39341742,0.45782244,-0.7972586,-0.6589364,-0.7451494,-0.10273838
1355985009659,-0.67619133,0.52626836,0.5155647,-0.35472065,0.38077962,-0.85392046,-0.64570785,-0.76029503,-0.070801616
1355985009699,-0.7204102,0.5566494,0.41370347,-0.29239893,0.29712617,-0.9089658,-0.62889737,-0.77579474,-0.05128908
1355985009740,-0.76374936,0.5714105,0.3002947,-0.21298522,0.21608287,-0.9528617,-0.60936373,-0.7917059,-0.043331087
1355985009779,-0.7971772,0.57228434,0.19235133,-0.1301156,0.1482597,-0.9803514,-0.58955777,-0.80654174,-0.043726146
1355985009819,-0.8163587,0.567703,0.10616855,-0.059978485,0.09949863,-0.9932284,-0.57442236,-0.81719846,-0.0471766
1355985009859,-0.82142943,0.5680127,0.051140577,-0.01401481,0.069539845,-0.99748075,-0.570138,-0.8200767,-0.049161553
1355985009899,-0.81378114,0.58042246,0.029496342,0.00407964,0.056457102,-0.9983967,-0.5811571,-0.81235605,-0.04831165
1355985009939,-0.79576385,0.60452956,0.03610894,-0.00113374,0.058137238,-0.99830794,-0.60560596,-0.7944584,-0.045578063
1355985009979,-0.7696631,0.6351329,0.06499842,-0.023553848,0.07349026,-0.99701774,-0.6380155,-0.7688987,-0.04160285
