1355991497039,0.9066074,-0.4065206,0.11315492,-0.12700903,-0.007162541,0.99187577,-0.40240744,-0.91361356,-0.058125407
1355991497060,-0.1902405,0.021339655,0.9815055,-0.89547914,0.4060167,-0.18239397,-0.40239987,-0.9136165,-0.058131576
1355991497081,-0.19031361,0.021349847,0.9814912,-0.89547825,0.4059861,-0.18246663,-0.40236747,-0.9136299,-0.058146417
1355991497109,-0.19054803,0.021410197,0.9814443,-0.89547384,0.40588573,-0.18271127,-0.4022661,-0.91367304,-0.05816841
1355991497152,-0.19145095,0.021597654,0.9812646,-0.895435,0.40555614,-0.18363136,-0.40192392,-0.91381496,-0.058304846
1355991497192,-0.19497225,0.022389352,0.98055315,-0.89496773,0.40495494,-0.18720105,-0.4012712,-0.9140625,-0.058917284
1355991497234,-0.20307058,0.02417919,0.9788655,-0.8936038,0.40411,-0.19536465,-0.4002931,-0.91439074,-0.060456276
1355991497272,-0.2168647,0.02738759,0.9758174,-0.89089155,0.40311754,-0.2093049,-0.39910144,-0.9147383,-0.06302261
1355991497312,-0.23577905,0.032214046,0.9712727,-0.8865865,0.40215057,-0.22855935,-0.3979607,-0.91500664,-0.06625813
1355991497353,-0.25797454,0.03853765,0.96538293,-0.8807492,0.40135857,-0.25138035,-0.39715233,-0.91511,-0.06959832
1355991497392,-0.26316684,0.037665695,0.9640147,-0.87937045,0.40161997,-0.25575176,-0.39680058,-0.91503155,-0.07257092
1355991497431,-0.30070433,0.05248159,0.9522724,-0.86721,0.40047637,-0.29591477,-0.3968927,-0.9148029,-0.07491243
1355991497473,-0.3290229,0.06424636,0.94213396,-0.8566319,0.39954844,-0.326409,-0.39739877,-0.91445804,-0.076425135
1355991497512,-0.34888524,0.07330671,0.934294,-0.84837925,0.39884925,-0.3480974,-0.39816034,-0.9140817,-0.07696074
1355991497552,-0.36115432,0.080138415,0.92905617,-0.8427843,0.39835417,-0.3619788,-0.39910182,-0.9137242,-0.07632792
1355991497594,-0.3671388,0.08501348,0.92627305,-0.8397267,0.39802969,-0.36936635,-0.40008527,-0.9134249,-0.074744046
1355991497633,-0.36868304,0.08821565,0.9253598,-0.83863616,0.3978241,-0.37205553,-0.40095156,-0.91321075,-0.07269013
1355991497672,-0.3675474,0.089978844,0.9256419,-0.838869,0.39762455,-0.3717441,-0.40150705,-0.9131257,-0.07066542
1355991497714,-0.36465642,0.09082049,0.9267024,-0.8400778,0.39716932,-0.36949393,-0.40161538,-0.91324043,-0.068534076
1355991497752,-0.36013147,0.09107065,0.9284457,-0.8421639,0.3964031,-0.36554685,-0.40132937,-0.91354847,-0.06606078
1355991497792,-0.35479414,0.09092066,0.930513,-0.8446338,0.39558548,-0.36070207,-0.4008927,-0.9139178,-0.06355673
1355991497832,-0.350144,0.09040481,0.93232304,-0.84674567,0.39504948,-0.35631135,-0.400526,-0.9142008,-0.061774373
1355991497874,-0.34743148,0.089467466,0.9334276,-0.84795046,0.3950113,-0.35347715,-0.40033916,-0.9143094,-0.06137544
1355991497913,-0.34665707,0.08819345,0.9338366,-0.8482555,0.3954644,-0.3522363,-0.40036404,-0.91423726,-0.06227994
1355991497953,-0.34651923,0.08682722,0.93401575,-0.84816074,0.39631402,-0.35150892,-0.4006841,-0.9140001,-0.06368697
1355991497994,-0.3455863,0.08563438,0.93447137,-0.8481723,0.39753377,-0.35010093,-0.40146455,-0.91358286,-0.06474948
1355991498033,-0.3435013,0.08475563,0.9353199,-0.8483802,0.3991569,-0.3477425,-0.40281257,-0.9129569,-0.06520587
1355991498079,-0.34099373,0.08417663,0.93628925,-0.84855473,0.4010751,-0.34509957,-0.4045716,-0.91216946,-0.06533557
1355991498114,-0.3391948,0.08372903,0.9369825,-0.8484697,0.40291718,-0.34315726,-0.40625855,-0.9113984,-0.06562585
1355991498152,-0.3390597,0.08305389,0.93709147,-0.84808046,0.40414697,-0.34267294,-0.40718302,-0.9109156,-0.06659359
1355991498194,-0.3411315,0.08162218,0.93646526,-0.84747136,0.40433562,-0.34395507,-0.40672055,-0.9109614,-0.06875914
1355991498233,-0.3453023,0.07883048,0.93517494,-0.8467839,0.40345296,-0.34667397,-0.40462756,-0.9115983,-0.07256085
1355991498273,-0.3513117,0.07413784,0.9333186,-0.84594786,0.40202096,-0.35035878,-0.4011885,-0.91262406,-0.07851797
1355991498312,-0.35943553,0.06711641,0.9307532,-0.8444822,0.4009982,-0.35503554,-0.39705902,-0.9136169,-0.08745438
1355991498352,-0.37043703,0.057469785,0.927078,-0.8416564,0.4014426,-0.36119026,-0.3929261,-0.91407937,-0.10033935
1355991498394,-0.38458046,0.04510355,0.92198884,-0.83709455,0.40393505,-0.36892977,-0.3890636,-0.91367507,-0.11758953
1355991498432,-0.40123993,0.03011638,0.91547775,-0.83114254,0.4080969,-0.37770224,-0.38497865,-0.91244173,-0.13871378
1355991498472,-0.41905445,0.012595177,0.90787375,-0.82478684,0.4127934,-0.38643017,-0.3796315,-0.91073763,-0.16259462
1355991498514,-0.43720216,-0.0075547993,0.89933157,-0.8187417,0.41715252,-0.3945198,-0.37217796,-0.90880513,-0.18856543
1355991498553,-0.4550105,-0.030730069,0.8899557,-0.813271,0.4214106,-0.4012524,-0.36270624,-0.9063492,-0.2167381
1355991498593,-0.47236678,-0.05746439,0.87952685,-0.8080112,0.42688087,-0.40606737,-0.35211873,-0.90248024,-0.2480762
1355991498634,-0.48969838,-0.08843374,0.8673955,-0.802237,0.43533978,-0.40852803,-0.34148416,-0.89591223,-0.28413004
1355991498674,-0.50774497,-0.12424928,0.85250056,-0.7952485,0.4481609,-0.40832782,-0.331323,-0.8852762,-0.32636052
1355991498714,-0.5305343,-0.16484535,0.83148015,-0.78458595,0.46680468,-0.4080665,-0.32087097,-0.86886096,-0.37699127
1355991498755,-0.560635,-0.20984122,0.80103385,-0.76859,0.49185714,-0.40907943,-0.30815256,-0.84501076,-0.4370342
1355991498796,-0.6023371,-0.257289,0.75564027,-0.7435768,0.525134,-0.41391754,-0.290316,-0.81119454,-0.5076218
1355991498835,-0.6395303,-0.30619633,0.70515585,-0.72022915,0.55939925,-0.41029564,-0.26883265,-0.77027035,-0.57828426
1355991498893,-0.66949797,-0.35131568,0.65448445,-0.7003432,0.592194,-0.39852935,-0.2475722,-0.7251783,-0.6425143
1355991498914,-0.6748204,-0.39552912,0.6230361,-0.69954526,0.61174685,-0.36932665,-0.23506092,-0.6850712,-0.6895098
1355991498953,-0.6430417,-0.44126016,0.6259287,-0.72755677,0.60714555,-0.31942976,-0.23907816,-0.66080534,-0.7114617
1355991498989,-0.5662232,-0.48740792,0.66469896,-0.781917,0.57275295,-0.24608919,-0.26076245,-0.65908086,-0.7054185
1355991499019,-0.46358353,-0.5241914,0.7143625,-0.8375149,0.52241516,-0.1601603,-0.28923917,-0.67253685,-0.68120116
1355991499064,-0.29936606,-0.54474986,0.7833438,-0.8964596,0.44170725,-0.03542462,-0.32671106,-0.71284103,-0.62057835
1355991499105,-0.11148599,-0.53229827,0.8391837,-0.92627305,0.36155573,0.106280625,-0.35998464,-0.76546454,-0.533362
1355991499143,0.06515623,-0.48866037,0.8700377,-0.9223223,0.3033092,0.23942667,-0.3808888,-0.81805533,-0.4309399
1355991499183,0.19967598,-0.42684063,0.8820071,-0.899739,0.2766261,0.3375613,-0.38807106,-0.86097914,-0.32880956
1355991499221,0.2898255,-0.3592758,0.88708633,-0.8767915,0.27193326,0.3965968,-0.38371593,-0.8927336,-0.23619676
1355991499263,0.33662432,-0.29233468,0.89511144,-0.865698,0.27791727,0.41632792,-0.370474,-0.9150423,-0.15951985
1355991499303,0.34570578,-0.22893614,0.9099866,-0.87101454,0.28242937,0.40195423,-0.34902874,-0.9315695,-0.10176921
1355991499344,0.3123489,-0.16968942,0.93468904,-0.8947612,0.277978,0.34947202,-0.31912467,-0.9454807,-0.06500542
1355991499384,0.2224898,-0.11317235,0.9683441,-0.9318574,0.26729587,0.24534595,-0.28660074,-0.95694566,-0.04598993
1355991499425,0.07605317,-0.062190175,0.9951624,-0.96427953,0.24938795,0.08927786,-0.2537337,-0.9664047,-0.041001976
1355991499473,-0.116609514,-0.015160829,0.99306214,-0.9662174,0.233123,-0.1098983,-0.22983947,-0.972329,-0.041833043
1355991499516,-0.29336852,0.027519226,0.95560324,-0.92930496,0.22635633,-0.29181355,-0.22433731,-0.97365576,-0.040832043
1355991499555,-0.38980412,0.061488718,0.9188427,-0.8891276,0.23468953,-0.39290336,-0.23980185,-0.97012377,-0.03681165
1355991499595,-0.4134466,0.08637783,0.90642196,-0.87005246,0.25603163,-0.42125595,-0.26845986,-0.96280146,-0.030702174
1355991499634,-0.38583648,0.100749105,0.9170496,-0.8714609,0.2864473,-0.3981254,-0.30279714,-0.9527842,-0.02272296
1355991499675,-0.32083863,0.10101414,0.9417317,-0.88518727,0.3217026,-0.33608168,-0.33690652,-0.94143695,-0.013798177
1355991499716,-0.23324874,0.08556488,0.9686453,-0.8994224,0.35966793,-0.24835107,-0.36964077,-0.9291488,-0.0069331527
1355991499755,-0.14284492,0.051804394,0.9883884,-0.90591013,0.3953855,-0.15164825,-0.3986505,-0.9170532,-0.009548664
1355991499796,-0.09457153,6.839633E-5,0.9955181,-0.90306485,0.42084354,-0.085817635,-0.41896322,-0.9071332,-0.03973806
1355991499834,-0.09395218,-0.07394418,0.9928268,-0.9,0.43266267,-0.052943885,-0.42564425,-0.8985183,-0.10719937
1355991499874,-0.16148254,-0.16839531,0.97240233,-0.8967049,0.43651417,-0.07331866,-0.4121209,-0.88379765,-0.22149038
1355991499913,-0.2508303,-0.27271366,0.9288226,-0.88920367,0.44416016,-0.10972032,-0.38262373,-0.8534336,-0.3539068
1355991499954,-0.3003134,-0.36383098,0.88172495,-0.8857772,0.4493044,-0.11629465,-0.3538513,-0.8159367,-0.4572053
1355991499994,-0.27951097,-0.42864496,0.8591491,-0.8976473,0.4342172,-0.075396985,-0.3407388,-0.7922871,-0.5061405
1355991500034,-0.1965349,-0.46308118,0.864251,-0.91830546,0.39585897,0.003281176,-0.343641,-0.79300153,-0.5030501
1355991500078,-0.08262114,-0.4669688,0.88040555,-0.93224156,0.34849328,0.09735581,-0.35227755,-0.81270695,-0.46412063
1355991500113,0.032120526,-0.44450766,0.89519894,-0.93336385,0.30701625,0.18593761,-0.35749134,-0.84151876,-0.4050259
1355991500154,0.12870263,-0.4037865,0.9057549,-0.9258896,0.2782117,0.25559068,-0.35519564,-0.87152433,-0.33805513
1355991500194,0.19982706,-0.3530479,0.9140166,-0.91695255,0.26140475,0.30143917,-0.34535074,-0.8983456,-0.27149248
1355991500234,0.24547783,-0.29844597,0.9223181,-0.9116751,0.25234535,0.32429963,-0.3295286,-0.9204628,-0.21014059
1355991500275,0.26717237,-0.24418035,0.9321989,-0.91265404,0.24640027,0.3261128,-0.30932435,-0.93790346,-0.1570208
1355991500315,0.26414785,-0.19354045,0.94486403,-0.9210161,0.24016622,0.30667514,-0.28627846,-0.9512425,-0.11481446
1355991500354,0.23405382,-0.1490449,0.96073115,-0.9362277,0.2318491,0.26405257,-0.2621003,-0.9612656,-0.085274756
1355991500395,0.17464533,-0.11103892,0.9783503,-0.95490646,0.22320113,0.19579282,-0.24010953,-0.9684274,-0.067050755
1355991500434,0.092840195,-0.077883214,0.99263024,-0.97001684,0.21781433,0.107815176,-0.22460613,-0.97287774,-0.055326104
1355991500476,0.0034947991,-0.046648473,0.9989053,-0.97528744,0.22051418,0.013710141,-0.22091234,-0.97426766,-0.044725
1355991500516,-0.07375333,-0.016345918,0.99714255,-0.9694453,0.2357404,-0.06784025,-0.23395789,-0.9716786,-0.033233106
1355991500555,-0.12761292,0.011456758,0.99175787,-0.9572089,0.26044348,-0.12617594,-0.25974247,-0.96542114,-0.022269487
1355991500596,-0.15301865,0.035149306,0.987598,-0.9431597,0.29314935,-0.1565668,-0.29501694,-0.9554203,-0.011705935
1355991500635,-0.15351453,0.05179912,0.9867878,-0.93116254,0.32663456,-0.16200683,-0.33071086,-0.94373024,-0.0019097924
1355991500677,-0.13752207,0.060877323,0.9886262,-0.9208009,0.35993096,-0.150251,-0.3649841,-0.9309907,0.006557405
1355991500715,-0.11291376,0.060027808,0.9917899,-0.9109205,0.39240095,-0.12745693,-0.39683026,-0.91783345,0.010373116
1355991500755,-0.093594015,0.045482427,0.99457103,-0.90061104,0.4219874,-0.10404971,-0.42442888,-0.9054601,0.0014664531
1355991500794,-0.09662783,0.009782046,0.9952725,-0.89124537,0.44431943,-0.090895146,-0.44310805,-0.895815,-0.03421539
1355991500832,-0.1350016,-0.056051344,0.98925865,-0.8848175,0.45617044,-0.09490225,-0.4459512,-0.8881254,-0.111178935
1355991500873,-0.20508376,-0.15320066,0.96668005,-0.88034296,0.46048728,-0.113788486,-0.4277114,-0.8743461,-0.22930759
1355991500913,-0.2779851,-0.26306012,0.9238634,-0.8764174,0.46315593,-0.13183016,-0.3932136,-0.8463368,-0.3593009
1355991500953,-0.3176921,-0.35526407,0.8791241,-0.8772793,0.46194166,-0.13034955,-0.3597955,-0.8126484,-0.458421
1355991500994,-0.3091069,-0.41172785,0.8572825,-0.8872481,0.44939792,-0.10407868,-0.34240893,-0.79279363,-0.50421673
1355991501034,-0.2586448,-0.42993093,0.86502147,-0.9035046,0.42447248,-0.059181094,-0.34173402,-0.79685783,-0.49823225
1355991501075,-0.18366629,-0.41516578,0.8910129,-0.91926754,0.39358604,-0.0060998797,-0.34815776,-0.8201996,-0.45393687
1355991501112,-0.10634728,-0.37792745,0.9197071,-0.92996335,0.3651843,0.042528868,-0.35193545,-0.850771,-0.39029497
1355991501153,-0.038219854,-0.32672483,0.9443464,-0.9363914,0.34164637,0.08030489,-0.34887016,-0.88120866,-0.319
1355991501193,0.013182074,-0.2694002,0.9629381,-0.9407046,0.3231232,0.103277504,-0.33897054,-0.9072017,-0.24916655
1355991501233,0.04662223,-0.21208993,0.9761375,-0.9449667,0.30742478,0.11192906,-0.3238279,-0.92763567,-0.18608505
1355991501273,0.06251848,-0.15960729,0.98519886,-0.950246,0.29230618,0.107655495,-0.30516228,-0.94291174,-0.13339162
1355991501315,0.060681462,-0.11603573,0.99138963,-0.95679677,0.27618647,0.0908899,-0.28435484,-0.95407367,-0.094263196
1355991501354,0.04005134,-0.08457121,0.9956121,-0.9640702,0.25860775,0.06074959,-0.2626106,-0.9622732,-0.07117498
1355991501395,0.0019584596,-0.06556997,0.997846,-0.97030985,0.24121246,0.017754823,-0.24185705,-0.9682547,-0.06315076
1355991501435,-0.045431733,-0.055133015,0.99744487,-0.97333586,0.22717303,-0.031776816,-0.22484061,-0.97229254,-0.06398374
1355991501476,-0.08765414,-0.045916766,0.9950923,-0.9725356,0.220166,-0.075508,-0.2156184,-0.9743812,-0.063954175
1355991501516,-0.11358923,-0.03454849,0.99292684,-0.9690416,0.22436339,-0.10305026,-0.21921611,-0.9738929,-0.058964133
1355991501555,-0.121084034,-0.022732466,0.992382,-0.96382403,0.2418387,-0.11205974,-0.23744899,-0.9700502,-0.05119294
1355991501596,-0.11262354,-0.013728589,0.9935429,-0.95713913,0.27001616,-0.10476592,-0.2668343,-0.96275795,-0.043550313
1355991501634,-0.091682374,-0.0099874735,0.99573827,-0.9493599,0.30264908,-0.084376454,-0.30051658,-0.9530498,-0.0372293
1355991501675,-0.062287867,-0.01259163,0.99797887,-0.94061816,0.33506626,-0.054480165,-0.3337031,-0.9421104,-0.032714486
1355991501714,-0.02915588,-0.022144705,0.99932957,-0.93042994,0.365975,-0.019035846,-0.36530808,-0.93036115,-0.031274438
1355991501755,0.001285553,-0.040548533,0.99917674,-0.9184952,0.39505732,0.017214,-0.3954301,-0.91776115,-0.036735773
1355991501796,0.018307626,-0.07411194,0.9970819,-0.90653956,0.4194036,0.04781893,-0.4217237,-0.90476966,-0.05950713
1355991501833,0.014563665,-0.13062903,0.9913243,-0.8991041,0.432078,0.07014471,-0.43749234,-0.8923254,-0.11115646
1355991501874,-0.02006784,-0.218786,0.9755665,-0.9014027,0.4260777,0.0770123,-0.43251637,-0.87783283,-0.20576477
1355991501913,-0.073498785,-0.33139965,0.9406233,-0.91224337,0.4034717,0.070869595,-0.40300104,-0.85286856,-0.33197182
1355991501955,-0.115924865,-0.43944103,0.8907598,-0.9254219,0.37352285,0.0638352,-0.36077097,-0.81692857,-0.44996893
1355991501993,-0.120546326,-0.5148035,0.84879076,-0.9373615,0.3405347,0.07341385,-0.32683644,-0.78677404,-0.52360725
1355991502034,-0.082157314,-0.54887474,0.8318575,-0.9466263,0.30401862,0.10710478,-0.3116873,-0.7786587,-0.54455656
1355991502077,-0.01210583,-0.5460352,0.8376748,-0.9501543,0.26729333,0.16050282,-0.31154507,-0.79397726,-0.5220535
1355991502113,0.07329225,-0.51372623,0.8548179,-0.94522476,0.23759174,0.22383109,-0.3180856,-0.8244002,-0.46817315
1355991502153,0.15767244,-0.4622029,0.8726442,-0.9326477,0.22070149,0.2854104,-0.3245114,-0.858871,-0.39627397
1355991502193,0.22928339,-0.40232638,0.88631976,-0.91666937,0.21696746,0.33562252,-0.32733238,-0.8894148,-0.31905323
1355991502233,0.28342915,-0.34179607,0.8960152,-0.90213,0.22192013,0.37001753,-0.32531434,-0.91319597,-0.24544585
1355991502273,0.32004613,-0.28444937,0.9036919,-0.89240754,0.22974296,0.38836452,-0.3180869,-0.930756,-0.18031645
1355991502313,0.3401417,-0.23217466,0.91126204,-0.8893075,0.23557217,0.3919668,-0.30567273,-0.9437164,-0.1263467
1355991502354,0.34333533,-0.18694443,0.92041975,-0.8937643,0.23612763,0.38135162,-0.28862804,-0.9535699,-0.08601326
1355991502395,0.32699832,-0.15109104,0.9328686,-0.90609986,0.23026541,0.3549099,-0.2684311,-0.96132696,-0.061607182
1355991502435,0.28738606,-0.1256654,0.94953537,-0.9253377,0.21953766,0.30911687,-0.24730408,-0.96747684,-0.053190887
1355991502475,0.2225067,-0.1068238,0.96906114,-0.9475969,0.21002209,0.24072987,-0.22923994,-0.9718433,-0.05449456
1355991502514,0.13612562,-0.08951217,0.9866394,-0.9661364,0.20836377,0.15220049,-0.21920368,-0.9739467,-0.05811733
1355991502555,0.033094168,-0.068553895,0.9970983,-0.9743155,0.22012627,0.047472417,-0.22274196,-0.9730595,-0.059508204
1355991502595,-0.075710595,-0.04118091,0.9962791,-0.9670052,0.24677098,-0.0632858,-0.24324659,-0.9681984,-0.058505237
1355991502644,-0.1763584,-0.005390823,0.9843112,-0.9433288,0.28651786,-0.16744643,-0.28112006,-0.9580597,-0.055615127
1355991502686,-0.26461762,0.035922825,0.96368414,-0.9104634,0.32007265,-0.26193497,-0.3178584,-0.94671166,-0.05199045
1355991502724,-0.32753524,0.07468328,0.9418827,-0.8771788,0.34640983,-0.33250213,-0.35110977,-0.9351057,-0.047950864
1355991502765,-0.36673805,0.10496375,0.924384,-0.8488847,0.36879572,-0.3786614,-0.38065457,-0.92356503,-0.046149313
1355991502804,-0.39319342,0.1202535,0.911558,-0.82520336,0.39109093,-0.40753812,-0.4055099,-0.91246206,-0.054540753
1355991502846,-0.42745984,0.112583995,0.8969967,-0.80013245,0.41472155,-0.43335217,-0.4207924,-0.9029568,-0.08719474
1355991502883,-0.49055406,0.077372134,0.86796904,-0.76354146,0.44185624,-0.470922,-0.41995382,-0.89374304,-0.15767759
1355991502923,-0.5835849,0.018565625,0.81183994,-0.70709705,0.47997382,-0.5192677,-0.39930248,-0.8770864,-0.26697785
1355991502982,-0.670616,-0.046403527,0.7403518,-0.6446325,0.530288,-0.5506756,-0.36704636,-0.8465467,-0.3855328
1355991503002,-0.7183178,-0.09874937,0.6886713,-0.60632455,0.5742654,-0.5500816,-0.34115988,-0.8126917,-0.4723792
1355991503075,-0.71168506,-0.1299729,0.6903704,-0.6162584,0.5872761,-0.52472115,-0.3372385,-0.79888284,-0.49805254
1355991503080,-0.6818925,-0.15034178,0.7158352,-0.64708614,0.58027315,-0.49453264,-0.34103107,-0.8004251,-0.49296802
1355991503109,-0.63762856,-0.15809411,0.7539471,-0.6875665,0.55815625,-0.46445012,-0.34739345,-0.8145354,-0.46459657
1355991503151,-0.567138,-0.1507445,0.80971014,-0.7442893,0.5147832,-0.42547822,-0.35268673,-0.8439635,-0.4041506
1355991503192,-0.489164,-0.1270999,0.8628813,-0.7977668,0.46508956,-0.38374448,-0.3525432,-0.8760921,-0.32890117
1355991503232,-0.41852245,-0.09139341,0.9035963,-0.83950084,0.41853842,-0.34650236,-0.34652174,-0.90358883,-0.25189263
1355991503272,-0.3677073,-0.048251063,0.9286889,-0.8671845,0.3784359,-0.3236931,-0.33583066,-0.92436904,-0.18099618
1355991503312,-0.34801286,-0.0020685494,0.9374875,-0.8805938,0.34378934,-0.32613426,-0.32162356,-0.93904454,-0.12146467
1355991503354,-0.36939877,0.042802393,0.9282847,-0.8780289,0.31105697,-0.36374268,-0.3043185,-0.9494269,-0.077322304
1355991503392,-0.43559498,0.083096504,0.896299,-0.8535812,0.2779681,-0.44060507,-0.28575528,-0.9569894,-0.050151825
1355991503433,-0.5305834,0.11316174,0.8400451,-0.80449665,0.244896,-0.54112023,-0.26695776,-0.9629229,-0.03889948
1355991503472,-0.62829477,0.13355866,0.76642525,-0.7363217,0.21594441,-0.6412475,-0.25114942,-0.96722806,-0.03733462
1355991503513,-0.7006506,0.14863935,0.69785035,-0.670663,0.19660962,-0.7152313,-0.24351558,-0.9691496,-0.0380677
1355991503553,-0.73663175,0.16479866,0.65590775,-0.62853855,0.19115502,-0.7539224,-0.24962547,-0.9676265,-0.037228525
1355991503593,-0.7409656,0.18369415,0.64593065,-0.6153754,0.1993534,-0.76260823,-0.26885512,-0.9625563,-0.034673154
1355991503634,-0.71925575,0.20317805,0.6643717,-0.6276706,0.21990496,-0.746774,-0.2978267,-0.9541281,-0.030639052
1355991503674,-0.6769951,0.21580422,0.70363784,-0.65892774,0.24816632,-0.7100899,-0.32785964,-0.94437385,-0.025808036
1355991503714,-0.6164512,0.21841057,0.756495,-0.7019568,0.28281337,-0.6536614,-0.3567134,-0.93397725,-0.021025777
1355991503755,-0.5358089,0.20486438,0.8191089,-0.75250834,0.32411557,-0.57330644,-0.38293606,-0.92356896,-0.019501865
1355991503795,-0.45190883,0.17243174,0.8752404,-0.7945608,0.36821574,-0.48279434,-0.40552634,-0.91361076,-0.029392421
1355991503835,-0.39111713,0.11550337,0.9130643,-0.8192051,0.40844998,-0.4025812,-0.41944057,-0.9054433,-0.06513083
1355991503873,-0.38563365,0.0330455,0.92205995,-0.8232546,0.4388889,-0.36003947,-0.41657954,-0.8979335,-0.14204544
1355991503913,-0.4395156,-0.06854725,0.8956156,-0.80848724,0.46463466,-0.36119658,-0.39137504,-0.88284534,-0.25963378
1355991503955,-0.5097742,-0.170757,0.8431916,-0.7852649,0.49269918,-0.37497526,-0.35141015,-0.85328156,-0.3852548
1355991503997,-0.54164875,-0.2548704,0.80103546,-0.7783544,0.5119451,-0.36342335,-0.31746036,-0.8203373,-0.4756739
1355991504033,-0.5141152,-0.31858635,0.7963594,-0.80257964,0.506212,-0.31561893,-0.30257487,-0.8014063,-0.5159422
1355991504079,-0.424249,-0.3606133,0.83064485,-0.851618,0.4707082,-0.23060933,-0.30783054,-0.8052279,-0.5068022
1355991504113,-0.29020458,-0.37995756,0.87830144,-0.9012196,0.41718543,-0.11730069,-0.32184523,-0.82558376,-0.46349436
1355991504153,-0.14242034,-0.3755129,0.91580915,-0.9318842,0.36273563,0.0038137138,-0.33362874,-0.852885,-0.40159553
1355991504193,-0.009341583,-0.35127854,0.9362244,-0.9411874,0.3193317,0.11042464,-0.33775598,-0.88013107,-0.333602
1355991504233,0.09410052,-0.3138466,0.9447992,-0.93785286,0.2904672,0.18989706,-0.3340317,-0.903952,-0.26700878
1355991504273,0.1629135,-0.26900834,0.9492595,-0.93186766,0.27415216,0.23761997,-0.3241633,-0.92329574,-0.20601708
1355991504313,0.1939125,-0.22070685,0.95586944,-0.93099284,0.26577467,0.2502323,-0.30927384,-0.9384308,-0.15393943
1355991504357,0.17906457,-0.17090929,0.9688786,-0.94015265,0.26046878,0.21970204,-0.28991175,-0.9502348,-0.11404014
1355991504394,0.10382891,-0.119333,0.9874103,-0.95799005,0.2548591,0.13153616,-0.2673471,-0.9595866,-0.08785808
1355991504435,-0.047343105,-0.06353375,0.9968561,-0.9683839,0.24762854,-0.030208528,-0.24493074,-0.96676964,-0.073248565
1355991504474,-0.2632049,-0.0024577081,0.9647368,-0.9371995,0.23788318,-0.25508597,-0.22886774,-0.9712907,-0.06491536
1355991504513,-0.47466832,0.058217704,0.87823725,-0.85051847,0.2264508,-0.4746982,-0.22651339,-0.9722812,-0.057973802
1355991504553,-0.6125751,0.11181468,0.78246355,-0.75257295,0.22011971,-0.62062967,-0.24163118,-0.96904325,-0.050691187
1355991504594,-0.67623514,0.15794846,0.71955425,-0.6852082,0.22385263,-0.6930944,-0.27054727,-0.9617392,-0.04314941
1355991504636,-0.69014186,0.19686,0.6963838,-0.6554939,0.23770523,-0.7168151,-0.3066463,-0.9511795,-0.0350098
1355991504675,-0.67386013,0.2248181,0.70382476,-0.65527505,0.25825858,-0.70987123,-0.34136066,-0.9395527,-0.026712477
1355991504715,-0.633246,0.23991051,0.7358277,-0.67774045,0.28719592,-0.6768946,-0.37372088,-0.92734104,-0.019268572
1355991504755,-0.56931657,0.23626082,0.78743863,-0.7163034,0.3275143,-0.6161524,-0.40347007,-0.9148307,-0.017224848
1355991504795,-0.49915516,0.20813057,0.8411455,-0.7531549,0.3758114,-0.53992915,-0.4284879,-0.9030212,-0.030833662
1355991504835,-0.46351603,0.15390179,0.8726208,-0.7676568,0.42211166,-0.48220825,-0.4425561,-0.8933846,-0.07751173
1355991504873,-0.4875509,0.07866293,0.8695437,-0.7546332,0.4629299,-0.4649997,-0.439116,-0.8828976,-0.16634023
1355991504913,-0.57189184,-0.0036916733,0.82032067,-0.70821,0.5068662,-0.4914522,-0.41397852,-0.8620168,-0.29248708
1355991504954,-0.6555311,-0.080769956,0.75083643,-0.65457714,0.55657554,-0.51161754,-0.37657386,-0.8268615,-0.41772276
1355991504994,-0.68920875,-0.14748727,0.7093934,-0.6366799,0.5906387,-0.49576682,-0.3458759,-0.79334325,-0.50097555
1355991505033,-0.65994227,-0.20922263,0.7215969,-0.6738052,0.5896884,-0.44525743,-0.33235937,-0.78005993,-0.53013563
1355991505078,-0.5640838,-0.26809293,0.7809838,-0.755508,0.54923105,-0.35714555,-0.33319238,-0.7914995,-0.51235867
1355991505113,-0.40730387,-0.31591266,0.8569147,-0.8479807,0.47925287,-0.22637466,-0.3391642,-0.8188504,-0.46308935
1355991505153,-0.21543066,-0.33989707,0.91545594,-0.9142617,0.39958054,-0.06679046,-0.34309646,-0.851355,-0.39683676
1355991505194,-0.029301882,-0.33551583,0.94157875,-0.9392967,0.33139986,0.08885792,-0.3418523,-0.8818182,-0.32485956
1355991505234,0.11948018,-0.3095881,0.94333434,-0.93460083,0.28555226,0.21208799,-0.33503115,-0.90698135,-0.25522345
1355991505274,0.223069,-0.2721604,0.9360389,-0.91985154,0.2590748,0.2945393,-0.322666,-0.9267194,-0.1925556
1355991505314,0.27950358,-0.23002478,0.9321836,-0.9104171,0.24490531,0.33340982,-0.30498922,-0.9418652,-0.1409666
1355991505356,0.28656542,-0.18699473,0.9396347,-0.91541475,0.23591585,0.32612813,-0.28265896,-0.95361245,-0.10357243
1355991505394,0.23602311,-0.1440872,0.9610057,-0.93697166,0.22845314,0.26437318,-0.25763753,-0.9628333,-0.081085384
1355991505435,0.120367765,-0.100538254,0.98762524,-0.9648366,0.22232401,0.14022249,-0.23367047,-0.96977526,-0.070242286
1355991505475,-0.04385811,-0.056295365,0.9974504,-0.9753082,0.21872663,-0.030539721,-0.21644968,-0.9741609,-0.064498246
1355991505514,-0.19866878,-0.015169114,0.97994924,-0.95696616,0.21881223,-0.19062227,-0.21153331,-0.97564906,-0.05798751
1355991505557,-0.28323573,0.017142981,0.9588971,-0.93254614,0.22850943,-0.2795375,-0.22390914,-0.97339076,-0.04873544
1355991505595,-0.2970481,0.037626177,0.9541209,-0.922099,0.24820077,-0.2968666,-0.24798346,-0.9679776,-0.03903246
1355991505636,-0.26089373,0.04640463,0.9642515,-0.92376006,0.2780817,-0.26332077,-0.28035998,-0.9594358,-0.029683053
1355991505675,-0.191369,0.041162014,0.9806547,-0.9294421,0.31351805,-0.19453478,-0.31546035,-0.9486897,-0.0217399
1355991505715,-0.10815683,0.022505522,0.9938791,-0.93031365,0.35014126,-0.10916805,-0.35045502,-0.9364265,-0.016932964
1355991505754,-0.031186879,-0.008398622,0.9994783,-0.9228723,0.38425642,-0.025567621,-0.38384122,-0.9231882,-0.019734621
1355991505795,0.020965308,-0.05227837,0.9984125,-0.9109328,0.4105498,0.040625334,-0.41202188,-0.91033834,-0.039014757
1355991505834,0.026440203,-0.11268148,0.99327934,-0.90326154,0.4230013,0.07203093,-0.42827502,-0.89909554,-0.090596616
1355991505873,-0.02039148,-0.19588575,0.98041475,-0.9051399,0.42009813,0.06510931,-0.42462435,-0.88608485,-0.18587047
1355991505914,-0.105110124,-0.29880336,0.9485086,-0.9112518,0.4108659,0.028451324,-0.39821115,-0.86133957,-0.31547123
1355991505955,-0.17891347,-0.40059745,0.89861655,-0.91496,0.4035381,-0.002272755,-0.36171556,-0.8226048,-0.43872905
1355991505994,-0.19478266,-0.47812957,0.856418,-0.9213297,0.38871044,0.0074670315,-0.3364689,-0.7875889,-0.51622903
1355991506033,-0.14426073,-0.5220201,0.84064496,-0.93226945,0.3565155,0.061403364,-0.3317567,-0.77484953,-0.5380946
1355991506078,-0.047631152,-0.53074193,0.846194,-0.9386661,0.31343424,0.14375296,-0.3415219,-0.7874465,-0.5131186
1355991506114,0.063678205,-0.5086758,0.85859996,-0.9330585,0.27487326,0.23204848,-0.35404354,-0.81590044,-0.45712084
1355991506154,0.16514298,-0.46521044,0.8696592,-0.91776884,0.2503961,0.30822417,-0.3611484,-0.84904706,-0.3856045
1355991506193,0.24436653,-0.41083246,0.8783517,-0.9002225,0.2405408,0.36295965,-0.36039504,-0.87940717,-0.3110605
1355991506234,0.29945654,-0.3530302,0.8863946,-0.8865224,0.240484,0.39527887,-0.35270908,-0.9041776,-0.2409547
1355991506274,0.33126745,-0.29667908,0.8956804,-0.880238,0.24466339,0.40659672,-0.33976898,-0.9231042,-0.18009919
1355991506314,0.34106684,-0.24476168,0.90761507,-0.88294184,0.24795528,0.39866254,-0.3226252,-0.9373419,-0.13154095
1355991506355,0.32871366,-0.19902924,0.9232198,-0.8948878,0.24681067,0.3718339,-0.30186632,-0.9484049,-0.09697878
1355991506396,0.2928084,-0.16032717,0.94263375,-0.9148601,0.23966964,0.3249452,-0.2780182,-0.9575248,-0.07649964
1355991506435,0.23205978,-0.12713882,0.9643568,-0.9387349,0.23043472,0.25627425,-0.2548037,-0.96474636,-0.06587505
1355991506476,0.15319976,-0.098730385,0.98325086,-0.9594398,0.22342184,0.17192408,-0.23665383,-0.9697087,-0.0604977
1355991506513,0.06312835,-0.0724687,0.99537075,-0.9710745,0.22567111,0.07801753,-0.23028025,-0.9715044,-0.056126297
1355991506553,-0.020920157,-0.04822007,0.99861765,-0.9702945,0.2417723,-0.008652389,-0.24102083,-0.96913415,-0.05184555
1355991506595,-0.08550823,-0.025771052,0.9960041,-0.96010816,0.26925468,-0.07545972,-0.26623407,-0.9627241,-0.047766447
1355991506636,-0.12367758,-0.0062243044,0.9923029,-0.94643843,0.30129996,-0.116071254,-0.2982583,-0.9535091,-0.043154955
1355991506674,-0.13698053,0.008964181,0.9905332,-0.93360287,0.33306086,-0.13212183,-0.33109218,-0.94286275,-0.037253857
1355991506715,-0.13193923,0.018345594,0.99108803,-0.92265886,0.3632034,-0.12955266,-0.3623433,-0.9315292,-0.030994117
1355991506754,-0.11917111,0.019426852,0.99268365,-0.91245353,0.39203313,-0.11721167,-0.39144185,-0.9197459,-0.028992891
1355991506796,-0.11291674,0.006198019,0.9935852,-0.90244603,0.41776964,-0.10516518,-0.4157416,-0.90853184,-0.041579843
1355991506833,-0.12787527,-0.030462295,0.99132234,-0.8937491,0.43684798,-0.101864964,-0.4299541,-0.8990195,-0.08308768
1355991506873,-0.16857293,-0.09706947,0.9808979,-0.8875078,0.44790974,-0.108198225,-0.42885098,-0.8887938,-0.16165537
1355991506914,-0.22089386,-0.18627933,0.95734316,-0.8838707,0.45317966,-0.11576164,-0.41228443,-0.8717386,-0.2647515
1355991506953,-0.2575252,-0.27340811,0.92678404,-0.88430125,0.45328552,-0.11199799,-0.38947663,-0.8483987,-0.35850757
1355991507012,-0.2601778,-0.33315817,0.9062633,-0.89045393,0.44572133,-0.09178418,-0.37336224,-0.83086586,-0.41262877
1355991507032,-0.23080243,-0.3550864,0.9058939,-0.90047497,0.43066335,-0.060613185,-0.36861238,-0.82972455,-0.4191445
1355991507087,-0.18402694,-0.34193075,0.92152995,-0.9106301,0.41221058,-0.028900832,-0.3699823,-0.8444915,-0.38723028
1355991507109,-0.13795793,-0.30380592,0.94269276,-0.91875136,0.39477044,-0.007229775,-0.36995077,-0.8670976,-0.33358377
1355991507139,-0.11054541,-0.25760928,0.9599048,-0.92380214,0.3828531,-0.0036415756,-0.36656436,-0.8871646,-0.28030258
1355991507181,-0.090440676,-0.2036941,0.9748483,-0.9296762,0.3682602,-0.00930208,-0.35710308,-0.90713453,-0.22267532
1355991507222,-0.09175506,-0.14462951,0.9852225,-0.93498194,0.35293797,-0.035265207,-0.3426221,-0.9244009,-0.16760987
1355991507262,-0.11403769,-0.08706939,0.9896537,-0.93911004,0.3344621,-0.078787595,-0.32414174,-0.93837845,-0.11990905
1355991507302,-0.15603799,-0.03664863,0.9870709,-0.9403327,0.3114186,-0.13708699,-0.30236816,-0.9495659,-0.08305502
1355991507342,-0.21646538,0.0024712384,0.9762871,-0.9356959,0.28483626,-0.20818636,-0.2785965,-0.958573,-0.059344888
1355991507383,-0.2904637,0.029125273,0.9564427,-0.92231154,0.25773656,-0.28794682,-0.2548968,-0.9657762,-0.048000574
1355991507424,-0.36807954,0.04665947,0.92862284,-0.89972097,0.23408228,-0.36838531,-0.23456284,-0.9710965,-0.044180453
1355991507465,-0.43726802,0.06198728,0.8971925,-0.8710854,0.21887016,-0.43966588,-0.22362232,-0.973783,-0.041708708
1355991507502,-0.49059516,0.080774724,0.8676357,-0.8413704,0.21517831,-0.49577627,-0.2267426,-0.97322845,-0.037603974
1355991507542,-0.5234096,0.10605946,0.8454548,-0.8155447,0.22508025,-0.53312826,-0.24683848,-0.96855056,-0.031312943
1355991507582,-0.5381079,0.1360625,0.83182144,-0.795581,0.24394202,-0.5545658,-0.2783718,-0.96019757,-0.02301836
1355991507624,-0.53665274,0.16774547,0.8269615,-0.78264993,0.26734418,-0.5621265,-0.3153775,-0.94888806,-0.0121849775
1355991507666,-0.52184635,0.19472006,0.83051825,-0.7776979,0.2914564,-0.5569911,-0.35051718,-0.9365561,-6.620884E-4
1355991507705,-0.4959061,0.21430746,0.84151614,-0.7787266,0.31907564,-0.5401626,-0.38426816,-0.9231809,0.008655369
1355991507745,-0.46115148,0.21795732,0.86013603,-0.7842637,0.35331082,-0.5100019,-0.415054,-0.90976155,0.008006215
1355991507786,-0.4349746,0.19426042,0.8792383,-0.7856384,0.39522725,-0.4759913,-0.4399652,-0.89780754,-0.019295335
1355991507825,-0.4278263,0.13559082,0.89363295,-0.78162897,0.44099087,-0.44111592,-0.45389527,-0.8872103,-0.08268577
1355991507863,-0.45813388,0.043561906,0.8878151,-0.7667357,0.48594075,-0.41949737,-0.44969964,-0.8729055,-0.18922544
1355991507904,-0.507328,-0.061980695,0.85952115,-0.74803185,0.52689064,-0.40352756,-0.42786273,-0.84767014,-0.31366986
1355991507944,-0.54153883,-0.15201986,0.8268166,-0.73898154,0.5549824,-0.3819696,-0.40080172,-0.81785357,-0.41288435
1355991507984,-0.53657264,-0.21374136,0.8163359,-0.7523221,0.5593562,-0.34804043,-0.38223192,-0.8008965,-0.46093756
1355991508024,-0.48449165,-0.25087526,0.838051,-0.7904669,0.53593,-0.29654884,-0.37473994,-0.80612695,-0.45796216
1355991508079,-0.38809735,-0.2698988,0.8812123,-0.843181,0.48998266,-0.22127536,-0.37205678,-0.82889783,-0.4177345
1355991508104,-0.25986987,-0.27372006,0.92603725,-0.89297974,0.43308324,-0.12258142,-0.36749822,-0.8587877,-0.35697174
1355991508144,-0.11922386,-0.26356354,0.957246,-0.92603743,0.37725756,-0.011464536,-0.35810667,-0.8878125,-0.28904784
1355991508184,0.013763517,-0.24197975,0.9701836,-0.938889,0.33062533,0.095782906,-0.34394476,-0.9122131,-0.22264153
1355991508223,0.12327729,-0.213501,0.96913373,-0.9371964,0.29605186,0.18443528,-0.326291,-0.93100524,-0.16359591
1355991508264,0.19962482,-0.18326959,0.96258104,-0.93075216,0.27166063,0.2447466,-0.30635,-0.9447819,-0.116348386
1355991508304,0.23777574,-0.15526667,0.95883,-0.9287194,0.2527973,0.27124515,-0.28450498,-0.95497954,-0.08409011
1355991508346,0.23549207,-0.13029224,0.96310306,-0.9356565,0.2376212,0.26092735,-0.26285055,-0.96257997,-0.06595093
1355991508384,0.19897628,-0.1090706,0.9739159,-0.94962436,0.2240665,0.21910703,-0.24212009,-0.96845126,-0.058992147
1355991508432,0.13735723,-0.08842111,0.9865671,-0.9640659,0.21672344,0.15364826,-0.22739798,-0.9722204,-0.055475235
1355991508476,0.07335156,-0.06729534,0.9950331,-0.9714552,0.22087032,0.08655116,-0.22559768,-0.9729787,-0.049173236
1355991508513,0.039292753,-0.050611705,0.9979452,-0.96996844,0.23798114,0.050260633,-0.24003592,-0.9699502,-0.0397408
1355991508554,0.053286195,-0.044880867,0.9975703,-0.9621216,0.2651648,0.063322514,-0.2673625,-0.963158,-0.029051244
1355991508593,0.117358,-0.055924207,0.99151385,-0.9465319,0.29581907,0.12871882,-0.30050722,-0.95360553,-0.018217325
1355991508635,0.21707194,-0.0852564,0.9724254,-0.9171187,0.32337034,0.23307711,-0.33432478,-0.942424,-0.007995546
1355991508675,0.32416812,-0.12864664,0.9372113,-0.87173426,0.34415802,0.34876144,-0.36741576,-0.9300566,-5.8060884E-4
1355991508715,0.41176933,-0.179921,0.8933501,-0.81949544,0.35567218,0.4493602,-0.39858913,-0.9171291,-9.895265E-4
1355991508755,0.455365,-0.23492005,0.8587522,-0.78179765,0.35596752,0.5119372,-0.42595226,-0.9044886,-0.021564782
1355991508795,0.459768,-0.2978453,0.83660114,-0.7688959,0.33783203,0.5428338,-0.44431114,-0.8928368,-0.07368764
1355991508834,0.41929916,-0.37299436,0.82768553,-0.7907886,0.29775032,0.53478783,-0.44591647,-0.8787604,-0.17011327
1355991508873,0.35371092,-0.45862132,0.81520236,-0.8316136,0.24474004,0.49851882,-0.42814398,-0.854265,-0.29482853
1355991508913,0.30401668,-0.53797877,0.78622687,-0.864431,0.19109866,0.46501648,-0.4004159,-0.82101166,-0.40694833
1355991508953,0.31330854,-0.59104127,0.7433088,-0.8706042,0.13387907,0.473418,-0.379323,-0.79545367,-0.47261757
1355991508993,0.38372356,-0.607666,0.6953404,-0.845098,0.07244736,0.5296799,-0.372244,-0.7908814,-0.48573756
1355991509033,0.48219448,-0.59044814,0.64719355,-0.79213214,0.021683931,0.6099644,-0.37418607,-0.8067843,-0.4572571
1355991509079,0.5765793,-0.5512507,0.603058,-0.7254863,-0.0059304247,0.6882111,-0.3758005,-0.8343185,-0.4033442
1355991509114,0.6529929,-0.502528,0.5666268,-0.6604151,-0.011574506,0.7508116,-0.3707454,-0.8644835,-0.33943516
1355991509154,0.71117705,-0.45153454,0.5388356,-0.6051758,-0.0031622658,0.7960856,-0.35775614,-0.89224803,-0.27550668
1355991509194,0.75458175,-0.40186715,0.51875734,-0.56206226,0.012176096,0.8270053,-0.3386627,-0.91561705,-0.2166865
1355991509234,0.7859953,-0.35587168,0.50553614,-0.53133595,0.02919218,0.8466582,-0.31605938,-0.9340789,-0.16614251
1355991509274,0.80642974,-0.3154784,0.5001444,-0.51404,0.04407054,0.85663337,-0.29229096,-0.9479088,-0.12662871
1355991509317,0.816061,-0.28068927,0.50523055,-0.5121925,0.053781003,0.8571852,-0.2677745,-0.95829076,-0.099878356
1355991509355,0.8064797,-0.25104746,0.5353184,-0.5380831,0.06363252,0.8404865,-0.24506563,-0.965881,-0.08376606
1355991509396,0.75931525,-0.22341548,0.61116767,-0.61023736,0.08163446,0.7880014,-0.22594407,-0.9712988,-0.07435018
1355991509434,0.5713992,-0.1803883,0.8006017,-0.79176354,0.1354728,0.5956154,-0.21590185,-0.97422135,-0.06541583
1355991509474,-0.029236794,-0.048867524,0.9983773,-0.9748294,0.22225094,-0.017668664,-0.2210269,-0.9737641,-0.05413544
1355991509514,-0.55978477,0.10479972,0.8219842,-0.7922474,0.22305167,-0.56797177,-0.24286827,-0.9691568,-0.04183364
1355991509554,-0.70810825,0.18199681,0.68224615,-0.64982665,0.2100305,-0.7304878,-0.27623898,-0.9606062,-0.030457973
1355991509594,-0.73755884,0.2297407,0.63500094,-0.59807026,0.21440148,-0.7722331,-0.31355852,-0.9493425,-0.020732641
1355991509634,-0.73149186,0.2634772,0.62888753,-0.58577186,0.22923553,-0.7773818,-0.3489857,-0.93703306,-0.013346374
1355991509673,-0.71125644,0.28603262,0.6421057,-0.5907005,0.25194734,-0.7665478,-0.3810345,-0.92450416,-0.010239601
1355991509714,-0.68666655,0.2960143,0.6639762,-0.60081,0.2831369,-0.74757,-0.40928754,-0.91225487,-0.016572237
1355991509753,-0.67134875,0.2885818,0.6826502,-0.6028328,0.323193,-0.7294784,-0.43114197,-0.9012584,-0.043008685
1355991509794,-0.68375224,0.2577712,0.682669,-0.5819052,0.3718831,-0.72324914,-0.4403059,-0.89177185,-0.10427749
1355991509833,-0.731468,0.2035826,0.6507755,-0.52919745,0.4323691,-0.7300733,-0.43000546,-0.878414,-0.20852882
1355991509873,-0.7943281,0.13919793,0.5913265,-0.45593953,0.50664926,-0.7317279,-0.4014501,-0.8508411,-0.3389799
1355991509913,-0.8411262,0.08519991,0.5340857,-0.39474225,0.5783384,-0.713935,-0.36970946,-0.8113357,-0.45282358
1355991509955,-0.8599964,0.052273884,0.50761575,-0.36949265,0.62231153,-0.69007504,-0.35196802,-0.7810223,-0.5158708
1355991509993,-0.85583293,0.038919806,0.5157859,-0.3798789,0.62948096,-0.67782426,-0.3510582,-0.77604055,-0.52394575
1355991510034,-0.8361045,0.040828526,0.5470487,-0.41526937,0.6044915,-0.67980987,-0.35844183,-0.7955647,-0.4884631
1355991510079,-0.8095366,0.05455993,0.5845286,-0.46048236,0.5585903,-0.68987894,-0.36415178,-0.8276473,-0.4270754
1355991510113,-0.7841126,0.077397734,0.61577356,-0.5033052,0.5012126,-0.70389616,-0.36311346,-0.86185586,-0.35405242
1355991510153,-0.7675722,0.10687466,0.6319895,-0.5339653,0.43880588,-0.7227243,-0.3545616,-0.89220357,-0.27974784
1355991510193,-0.76589113,0.139753,0.6275986,-0.54579985,0.3746481,-0.7494941,-0.33987266,-0.916574,-0.21066254
1355991510233,-0.7824395,0.17180751,0.5985571,-0.53359276,0.31055832,-0.7866589,-0.3210408,-0.93489873,-0.15131783
1355991510273,-0.8158716,0.19795147,0.5432944,-0.49439415,0.24847054,-0.8329687,-0.29988003,-0.948197,-0.10485399
1355991510313,-0.85835,0.2140392,0.4662858,-0.43097705,0.1923151,-0.88163126,-0.27837744,-0.9577067,-0.07282764
1355991510354,-0.89817625,0.2195088,0.38091385,-0.35534254,0.14769727,-0.9229936,-0.25886512,-0.9643658,-0.05465734
1355991510396,-0.9274096,0.21846631,0.30361804,-0.2839246,0.11728436,-0.95164657,-0.24351235,-0.96877074,-0.046742678
1355991510434,-0.94475704,0.21700495,0.24564783,-0.22925001,0.09815967,-0.96840537,-0.23426147,-0.97122264,-0.0429886
1355991510474,-0.9519178,0.22102523,0.21213259,-0.19757429,0.08627772,-0.9764837,-0.23412986,-0.97144425,-0.038460314
1355991510513,-0.9504893,0.23450617,0.20390446,-0.1899236,0.08098155,-0.9784534,-0.24596585,-0.9687357,-0.032433927
1355991510553,-0.9417419,0.2568211,0.2171754,-0.20237523,0.08305448,-0.9757798,-0.26863822,-0.9628836,-0.02624166
1355991510594,-0.9270224,0.28294882,0.24610835,-0.22916143,0.09205735,-0.9690255,-0.29684067,-0.9547069,-0.020498216
1355991510633,-0.9072902,0.3068886,0.2874786,-0.26711383,0.10739285,-0.9576623,-0.3247688,-0.9456671,-0.015462339
1355991510674,-0.8809544,0.3251604,0.34378788,-0.318042,0.13109195,-0.9389698,-0.3503836,-0.9365285,-0.012071371
1355991510713,-0.84355193,0.33391076,0.4206229,-0.38579786,0.16808248,-0.9071429,-0.37360412,-0.9274976,-0.012964189
