1355984885929,0.9072513,-0.4180761,-0.045907035,0.0034555197,-0.1017364,0.9948054,-0.42057478,-0.90269715,-0.09085581
1355984885955,-0.17934972,-0.015441656,0.98366416,-0.8893562,0.4299941,-0.15540466,-0.4205701,-0.9026996,-0.09085244
1355984885998,-0.17933854,-0.015426189,0.9836664,-0.88937736,0.42995003,-0.15540549,-0.42053005,-0.9027208,-0.09082627
1355984886038,-0.17934152,-0.015294641,0.98366797,-0.8894396,0.42979458,-0.15547916,-0.42039716,-0.9027971,-0.0906837
1355984886081,-0.17942145,-0.014745235,0.9836619,-0.889556,0.42943063,-0.15581915,-0.42011693,-0.9029795,-0.090165794
1355984886129,-0.17914274,-0.013089985,0.98373604,-0.88990295,0.4285166,-0.1563533,-0.4195005,-0.9034391,-0.08841443
1355984886178,-0.181876,-0.009011924,0.9832802,-0.8897486,0.42724216,-0.16065982,-0.4186509,-0.9040923,-0.08572346
1355984886220,-0.18811077,-0.0030628145,0.98214304,-0.8888967,0.42582577,-0.16892329,-0.41770446,-0.90480006,-0.082824945
1355984886258,-0.19621444,0.0037340224,0.98055387,-0.88763964,0.4242285,-0.1792373,-0.41664815,-0.90554744,-0.07992524
1355984886298,-0.20626679,0.011256307,0.97843105,-0.88586724,0.4225202,-0.19161391,-0.41556376,-0.9062836,-0.077180326
1355984886342,-0.2164486,0.01881808,0.9761126,-0.88392234,0.42073452,-0.20411706,-0.4145253,-0.9069886,-0.074433625
1355984886378,-0.22574532,0.026130974,0.9738358,-0.8819802,0.41903013,-0.21569604,-0.41370293,-0.9075963,-0.07154709
1355984886422,-0.23349598,0.03281477,0.9718039,-0.88017845,0.41761038,-0.22558248,-0.4132378,-0.9080335,-0.06862748
1355984886460,-0.23912033,0.038499415,0.9702264,-0.87871176,0.41657177,-0.23309568,-0.41314295,-0.9082873,-0.06578088
1355984886503,-0.24305147,0.042971075,0.96906114,-0.8775979,0.41583103,-0.23855066,-0.41321647,-0.90842617,-0.063356996
1355984886543,-0.24587429,0.046061486,0.96820664,-0.87683964,0.4151901,-0.2424241,-0.41315627,-0.9085678,-0.061696053
1355984886581,-0.24771258,0.04772538,0.9676573,-0.87648505,0.41453353,-0.24481821,-0.41281042,-0.90878177,-0.060854554
1355984886623,-0.24907699,0.04822269,0.96728235,-0.8764458,0.41373047,-0.24631247,-0.412072,-0.9091213,-0.060786128
1355984886661,-0.2491251,0.047813565,0.9672903,-0.87686,0.41289243,-0.24624431,-0.41116062,-0.90952384,-0.060936034
1355984886701,-0.24786556,0.04702705,0.96765244,-0.8776521,0.41204572,-0.24483687,-0.41023102,-0.90994877,-0.060858607
1355984886739,-0.24562988,0.04608503,0.96826756,-0.87865627,0.4113026,-0.24247342,-0.40942538,-0.9103331,-0.06053531
1355984886779,-0.24355203,0.045013934,0.96884274,-0.87950766,0.41082704,-0.24018222,-0.4088383,-0.91060144,-0.06046766
1355984886820,-0.24284673,0.04374528,0.9690778,-0.8798358,0.41079825,-0.2390269,-0.40855178,-0.91067624,-0.061272323
1355984886859,-0.24393591,0.042360365,0.96886563,-0.8794903,0.41131058,-0.23941666,-0.40864643,-0.91051036,-0.06307781
1355984886899,-0.24672136,0.041077465,0.9682155,-0.8784361,0.412437,-0.24134171,-0.40924162,-0.9100596,-0.06567311
1355984886970,-0.2507482,0.040243894,0.9672155,-0.876801,0.414032,-0.24453548,-0.41029924,-0.9093723,-0.06853193
1355984886979,-0.25599706,0.0400005,0.96584964,-0.87474126,0.41568577,-0.24906442,-0.41145265,-0.9086282,-0.071424246
1355984887017,-0.26320952,0.04001665,0.96390843,-0.8723771,0.41673684,-0.25551638,-0.41192105,-0.9081459,-0.07477945
1355984887058,-0.27357653,0.039444864,0.9610412,-0.86983263,0.4163234,-0.26469997,-0.41054502,-0.9083606,-0.07958591
1355984887098,-0.28859454,0.037065357,0.9567337,-0.86717665,0.41345382,-0.2775979,-0.40585446,-0.90977037,-0.08717829
1355984887138,-0.30956462,0.031603575,0.950353,-0.8643121,0.4072971,-0.29508242,-0.39640173,-0.9127487,-0.09876943
1355984887178,-0.3365773,0.022209495,0.941394,-0.86095333,0.39767337,-0.31719923,-0.38141218,-0.91725826,-0.11472654
1355984887219,-0.3679983,0.008678079,0.92978597,-0.8566841,0.38558215,-0.3426642,-0.3614826,-0.9226327,-0.13445926
1355984887259,-0.4009735,-0.008787841,0.9160475,-0.85118043,0.37327152,-0.3689989,-0.33869177,-0.9276805,-0.15715206
1355984887299,-0.43223235,-0.02996856,0.9012642,-0.8446878,0.3633739,-0.39301643,-0.31571773,-0.9311613,-0.18237603
1355984887340,-0.45943594,-0.05502361,0.886505,-0.83798206,0.35773188,-0.4120849,-0.29445672,-0.93220186,-0.2104637
1355984887379,-0.4805448,-0.08448577,0.87289107,-0.8325319,0.35677546,-0.42379454,-0.27562144,-0.930362,-0.24178368
1355984887437,-0.49779353,-0.119187,0.8590669,-0.82795316,0.3602496,-0.42978334,-0.25825387,-0.9252106,-0.27801114
1355984887458,-0.5141306,-0.16056278,0.8425493,-0.82339644,0.36747172,-0.43241504,-0.24018323,-0.91607,-0.32113528
1355984887498,-0.5338205,-0.20951438,0.81923103,-0.8168516,0.37823167,-0.43553907,-0.21860743,-0.9016898,-0.37304997
1355984887537,-0.5589636,-0.26544294,0.785557,-0.8068081,0.3927458,-0.44137448,-0.19136447,-0.880506,-0.4336921
1355984887565,-0.57928264,-0.32300997,0.7483957,-0.79891944,0.40716526,-0.44265586,-0.16173849,-0.8543307,-0.49392265
1355984887606,-0.6134901,-0.37943426,0.6925746,-0.7794517,0.43178996,-0.45388597,-0.12682691,-0.818283,-0.5606496
1355984887648,-0.6353231,-0.43297714,0.6394493,-0.7661646,0.45711952,-0.4517008,-0.09672862,-0.77689934,-0.6221503
1355984887688,-0.63163316,-0.47833496,0.6101109,-0.77079123,0.4719087,-0.42799908,-0.083189666,-0.7406065,-0.6667695
1355984887728,-0.5927716,-0.5131449,0.62072873,-0.79982644,0.46536726,-0.37909237,-0.09433752,-0.72119045,-0.68628335
1355984887770,-0.51362073,-0.5339546,0.67162955,-0.84802055,0.43504965,-0.30264324,-0.13059443,-0.7249995,-0.676255
1355984887810,-0.39719197,-0.5339334,0.7464273,-0.898872,0.39039138,-0.19905722,-0.18511546,-0.7500065,-0.6349981
1355984887850,-0.26020277,-0.5084518,0.8208357,-0.9337758,0.3488164,-0.079936445,-0.24567711,-0.7872762,-0.56554306
1355984887890,-0.13116354,-0.4621994,0.87702227,-0.9453375,0.32473326,0.029757231,-0.29855207,-0.82517886,-0.47952753
1355984887928,-0.026848778,-0.4039662,0.9143798,-0.9414333,0.31778896,0.11275363,-0.3361284,-0.85780036,-0.38883948
1355984887969,0.047286823,-0.34049496,0.9390565,-0.93295634,0.32081723,0.16330558,-0.3568703,-0.88382095,-0.3024965
1355984887995,0.087772295,-0.27816918,0.9565134,-0.92625225,0.33053362,0.18111983,-0.36654174,-0.90187,-0.22864312
1355984888027,0.11117898,-0.2212323,0.968863,-0.92339206,0.33742368,0.18300912,-0.36740485,-0.9149871,-0.16676974
1355984888068,0.1203071,-0.16793436,0.97842944,-0.9258073,0.33677936,0.1716404,-0.3583392,-0.92648673,-0.11495793
1355984888108,0.10327478,-0.116039515,0.9878609,-0.9336804,0.33107197,0.13650006,-0.34289244,-0.9364434,-0.07415241
1355984888151,0.060988963,-0.06856838,0.9957805,-0.94416463,0.3196547,0.07983872,-0.32378036,-0.9450499,-0.045244396
1355984888189,-0.0051447153,-0.027767897,0.9996011,-0.95295113,0.3031035,0.0035152435,-0.3030802,-0.952553,-0.0280208
1355984888231,-0.08885792,0.006219566,0.99602497,-0.9545728,0.28501293,-0.08693954,-0.28442076,-0.9585035,-0.019388676
1355984888272,-0.17663589,0.032652766,0.9837345,-0.945981,0.27044126,-0.17883366,-0.2718818,-0.9621826,-0.01688075
1355984888312,-0.25507587,0.053718,0.96542776,-0.92840195,0.26540208,-0.26006067,-0.27019647,-0.96264017,-0.017825782
1355984888352,-0.31132966,0.070648134,0.94767225,-0.9070286,0.27541083,-0.31850904,-0.28350127,-0.9587272,-0.021663666
1355984888390,-0.34049082,0.084659904,0.9364287,-0.88792336,0.29865384,-0.34985444,-0.30928665,-0.9505991,-0.026517391
1355984888432,-0.34451848,0.095252246,0.9339347,-0.874539,0.329121,-0.35617524,-0.34130406,-0.9394713,-0.030086458
1355984888470,-0.32916036,0.100409925,0.93892026,-0.86714023,0.36146566,-0.34265202,-0.3737931,-0.92696303,-0.031910658
1355984888511,-0.30273357,0.09733555,0.94809186,-0.863034,0.3940765,-0.31603163,-0.40438184,-0.9139089,-0.03529626
1355984888552,-0.27849227,0.08008081,0.9570942,-0.8585331,0.4259547,-0.28545323,-0.4305381,-0.9011935,-0.049873054
1355984888591,-0.26927993,0.04062596,0.9622047,-0.8531729,0.4534075,-0.2579103,-0.44674864,-0.890377,-0.08743256
1355984888629,-0.29405648,-0.02896431,0.9553491,-0.8458812,0.47324616,-0.24601436,-0.4449896,-0.88045394,-0.16366148
1355984888669,-0.34564373,-0.12909111,0.92944384,-0.83852434,0.48708603,-0.24418071,-0.42119753,-0.8637608,-0.27660424
1355984888709,-0.394102,-0.23967662,0.8872647,-0.83556414,0.49550757,-0.23728645,-0.38277435,-0.83488166,-0.39554572
1355984888749,-0.40616357,-0.33175156,0.85145295,-0.84454143,0.4921142,-0.21112415,-0.34897128,-0.8048382,-0.48005676
1355984888789,-0.36944842,-0.38913095,0.84385127,-0.86670184,0.47183132,-0.16187388,-0.33516532,-0.7911715,-0.51157784
1355984888830,-0.29283231,-0.41019273,0.8637078,-0.8931569,0.4398263,-0.09393421,-0.3413503,-0.7989335,-0.49516177
1355984888870,-0.19659609,-0.40034592,0.8950269,-0.9131141,0.40728933,-0.018388331,-0.3571732,-0.8208767,-0.44563293
1355984888909,-0.102600574,-0.36868176,0.92387605,-0.92286086,0.38188612,0.049907595,-0.37121546,-0.8474885,-0.37942374
1355984888970,-0.025490835,-0.32463962,0.94549423,-0.9261486,0.36368662,0.09990415,-0.37629646,-0.8731215,-0.3099352
1355984888990,0.029654026,-0.2752272,0.96092176,-0.928527,0.34834474,0.12842721,-0.3700787,-0.89605016,-0.24522609
1355984889029,0.063146055,-0.22523597,0.9722558,-0.9332175,0.33195686,0.13751283,-0.35371986,-0.91600955,-0.18923241
1355984889070,0.076842576,-0.1783405,0.98096377,-0.9407397,0.31297722,0.13059133,-0.33030897,-0.9328665,-0.14372194
1355984889110,0.072169155,-0.13766092,0.98784673,-0.9501032,0.29186508,0.110084414,-0.3034723,-0.946501,-0.109728456
1355984889151,0.050496727,-0.10539985,0.99314696,-0.95971346,0.27009234,0.077460885,-0.27640575,-0.95704806,-0.08751482
1355984889190,0.015130013,-0.08173853,0.996539,-0.96767265,0.24974433,0.035176367,-0.25175527,-0.9648557,-0.07531756
1355984889230,-0.02622211,-0.06353456,0.9976351,-0.9720327,0.23460579,-0.010608256,-0.23337701,-0.9700121,-0.0679096
1355984889269,-0.0625706,-0.0473904,0.9969148,-0.9719557,0.22976926,-0.05008152,-0.22668701,-0.9720907,-0.060438216
1355984889309,-0.08627352,-0.031997323,0.99575746,-0.96766716,0.24047253,-0.07611254,-0.23701689,-0.9701284,-0.051709116
1355984889350,-0.09409881,-0.018666208,0.9953879,-0.959748,0.26746386,-0.08571392,-0.26463035,-0.9633871,-0.043082893
1355984889389,-0.08600238,-0.009306103,0.99625146,-0.94881463,0.30578074,-0.07905093,-0.3038989,-0.9520565,-0.03512764
1355984889429,-0.06424132,-0.005703211,0.99791807,-0.9357429,0.34783903,-0.058250815,-0.34678262,-0.93753695,-0.027682364
1355984889470,-0.03367147,-0.009170681,0.99939084,-0.9207921,0.38908634,-0.027453005,-0.3885975,-0.92115563,-0.02154535
1355984889510,-0.001467377,-0.021875381,0.9997597,-0.9042364,0.42695716,0.008014977,-0.42702994,-0.90400726,-0.020407021
1355984889550,0.022055909,-0.04837507,0.9985857,-0.8884972,0.45697784,0.041762054,-0.45835176,-0.88816166,-0.032902062
1355984889589,0.025422558,-0.096227884,0.9950347,-0.8791126,0.47172678,0.068080634,-0.47593573,-0.8764783,-0.07260263
1355984889630,0.0026180744,-0.1718655,0.9851169,-0.8807616,0.46611166,0.0836595,-0.47355264,-0.86787224,-0.1501522
1355984889669,-0.037087932,-0.2695849,0.9622622,-0.89199483,0.44304794,0.089743525,-0.45052177,-0.85500443,-0.2569
1355984889709,-0.066629365,-0.36490428,0.9286579,-0.90646136,0.41111386,0.096505165,-0.41699925,-0.8353624,-0.3581639
1355984889749,-0.061436296,-0.43136674,0.90008235,-0.9188784,0.37656063,0.11774844,-0.38972828,-0.8198322,-0.41950804
1355984889789,-0.017743982,-0.45886236,0.8883302,-0.9257292,0.34323034,0.15880287,-0.37777054,-0.81953543,-0.43087256
1355984889829,0.05160577,-0.45114523,0.89095724,-0.92441887,0.31598645,0.21354693,-0.37787113,-0.83463794,-0.4007405
1355984889870,0.12873566,-0.4180533,0.8992545,-0.91536486,0.29874396,0.2699248,-0.3814898,-0.8578949,-0.3442123
1355984889909,0.1975849,-0.37189373,0.9070035,-0.90286756,0.29134753,0.31614363,-0.38182512,-0.88136923,-0.27820492
1355984889966,0.2515968,-0.3203084,0.9132916,-0.89189714,0.28966576,0.34729418,-0.37579057,-0.9019402,-0.21280318
1355984889989,0.28749996,-0.26809227,0.91949457,-0.88635147,0.2893176,0.36149195,-0.36293918,-0.91892433,-0.15444523
1355984890029,0.30423182,-0.21814609,0.92728376,-0.88817525,0.28693712,0.3589035,-0.34436557,-0.9327804,-0.10645658
1355984890069,0.29985106,-0.17249945,0.9382608,-0.89814734,0.28050035,0.33860156,-0.32159105,-0.9442264,-0.07082158
1355984890109,0.2698552,-0.13238582,0.95375687,-0.9163289,0.26901054,0.29660523,-0.295837,-0.95399547,-0.048715055
1355984890149,0.20651293,-0.09800726,0.97352296,-0.9409781,0.25280124,0.22505945,-0.2681653,-0.9625415,-0.040015996
1355984890189,0.09937084,-0.06774613,0.9927416,-0.96549606,0.23478454,0.11266562,-0.240713,-0.96968377,-0.04207784
1355984890231,-0.057311893,-0.0371978,0.99766314,-0.97431636,0.2200591,-0.04776579,-0.21776807,-0.97477704,-0.04885441
1355984890270,-0.24816537,-9.2437863E-4,0.9687172,-0.9466387,0.21251518,-0.24230653,-0.20564315,-0.9771573,-0.05361396
1355984890309,-0.43107605,0.043399245,0.9012713,-0.8775816,0.21209937,-0.42995864,-0.2098189,-0.97628397,-0.053344548
1355984890349,-0.5645127,0.09286758,0.82018346,-0.79243577,0.21713036,-0.5699999,-0.23102123,-0.9717149,-0.04898125
1355984890389,-0.6409195,0.14213827,0.7543333,-0.7209407,0.22595686,-0.6551243,-0.263565,-0.9637116,-0.042346835
1355984890429,-0.6728412,0.18593343,0.71604013,-0.67613137,0.23823422,-0.69720215,-0.30021846,-0.95324355,-0.034578383
1355984890469,-0.6739052,0.21997899,0.70530915,-0.6580544,0.25528324,-0.7083748,-0.3358812,-0.9415093,-0.027278602
1355984890509,-0.65424854,0.24090993,0.71688294,-0.66035974,0.28005135,-0.6967756,-0.36862418,-0.9292651,-0.024135888
1355984890549,-0.6269248,0.24320008,0.74014807,-0.6712956,0.31351155,-0.67161953,-0.3953829,-0.91791296,-0.033289075
1355984890589,-0.6129856,0.22050464,0.7587003,-0.6750412,0.35283548,-0.64794016,-0.4105702,-0.90933204,-0.0674333
1355984890629,-0.629644,0.17050947,0.75794137,-0.6604797,0.39619076,-0.6378083,-0.40904176,-0.902197,-0.13684112
1355984890669,-0.67051,0.100263804,0.7350942,-0.63026786,0.44571722,-0.63568753,-0.39138055,-0.8895411,-0.23566478
1355984890710,-0.70696354,0.025893837,0.70677584,-0.6042627,0.49718025,-0.62263817,-0.36751753,-0.86726075,-0.33584166
1355984890749,-0.71269774,-0.03754416,0.7004658,-0.606828,0.5339153,-0.5888075,-0.35188305,-0.8447041,-0.40330297
1355984890789,-0.67875344,-0.08324331,0.729633,-0.6450194,0.54254335,-0.53814185,-0.35106087,-0.83589303,-0.42194676
1355984890829,-0.6075485,-0.11147004,0.78642184,-0.708117,0.5245168,-0.47270757,-0.35979873,-0.84407145,-0.39760327
1355984890869,-0.5077281,-0.12177193,0.85286796,-0.777933,0.49017116,-0.3931316,-0.37017885,-0.8630781,-0.3436041
1355984890909,-0.39642853,-0.115068644,0.9108258,-0.8372035,0.45244044,-0.3072263,-0.3767423,-0.8843398,-0.27569616
1355984890968,-0.29492715,-0.094664425,0.9508189,-0.87796664,0.41954377,-0.23055947,-0.37708434,-0.90278554,-0.20684701
1355984890990,-0.22135991,-0.06544745,0.9729936,-0.90222645,0.39242214,-0.17886418,-0.37011802,-0.9174538,-0.14591491
1355984891029,-0.18612671,-0.03184107,0.98200965,-0.91611123,0.36685133,-0.16174158,-0.35510147,-0.92973447,-0.09745073
1355984891069,-0.1954296,0.0029248,0.9807134,-0.92284197,0.33789477,-0.18490508,-0.33191878,-0.9411794,-0.06333554
1355984891109,-0.2547917,0.035729766,0.9663356,-0.91869736,0.30293146,-0.25343177,-0.3017885,-0.9523423,-0.044359565
1355984891149,-0.36545283,0.06274599,0.92871267,-0.8914966,0.26337457,-0.36860228,-0.26772767,-0.9626509,-0.040313184
1355984891189,-0.51034224,0.080697,0.8561769,-0.82748705,0.22496998,-0.51444507,-0.2341283,-0.9710183,-0.04803598
1355984891229,-0.6492473,0.09044242,0.75518084,-0.73218465,0.19443709,-0.65276325,-0.20587263,-0.97673655,-0.06001717
1355984891272,-0.74656606,0.09863931,0.6579585,-0.63787097,0.1749695,-0.7500043,-0.18910258,-0.97962034,-0.06770712
1355984891309,-0.79703075,0.11210434,0.59344304,-0.5738271,0.16583091,-0.80201155,-0.18832016,-0.97976154,-0.067843795
1355984891349,-0.80515563,0.13489577,0.57751846,-0.5556692,0.16872114,-0.8141037,-0.20725875,-0.9763894,-0.060889423
1355984891389,-0.7805069,0.16275746,0.60358846,-0.5769662,0.18415087,-0.7957376,-0.24066356,-0.9693289,-0.04982543
1355984891429,-0.727532,0.18784513,0.659857,-0.6259494,0.2119953,-0.7504967,-0.2808637,-0.9590475,-0.03665179
1355984891470,-0.64607364,0.20238246,0.73595524,-0.691788,0.25215924,-0.6766425,-0.32251847,-0.9462859,-0.022907674
1355984891509,-0.5374505,0.19964394,0.81932247,-0.7611151,0.30350935,-0.5732241,-0.3631128,-0.93167824,-0.011169255
1355984891552,-0.41749156,0.17548847,0.8915742,-0.81508243,0.3613956,-0.4528067,-0.40167338,-0.91574943,-0.007842064
1355984891590,-0.31178185,0.1268458,0.9416486,-0.8458078,0.4144788,-0.3358816,-0.43289852,-0.9011756,-0.021939754
1355984891629,-0.26973626,0.058520854,0.9611544,-0.8520851,0.45044473,-0.2665531,-0.44854587,-0.89088434,-0.07163656
1355984891670,-0.30080813,-0.03028211,0.9532038,-0.8457725,0.47030073,-0.25196457,-0.4406624,-0.8819865,-0.16708207
1355984891709,-0.38271424,-0.13128719,0.9144908,-0.8289199,0.48588136,-0.27714816,-0.40794802,-0.8641082,-0.29478025
1355984891749,-0.45872307,-0.22559607,0.85946465,-0.81042993,0.5028595,-0.30055892,-0.364385,-0.83440924,-0.41350305
1355984891789,-0.48091543,-0.29871988,0.82430995,-0.8112149,0.50829726,-0.2890748,-0.3326421,-0.80771303,-0.48677403
1355984891829,-0.4380554,-0.3482116,0.8287678,-0.83835655,0.49098748,-0.2368325,-0.3244468,-0.7985487,-0.50700516
1355984891870,-0.33946592,-0.37336373,0.8633438,-0.8782177,0.45454347,-0.14874133,-0.33689266,-0.8086964,-0.48219663
1355984891909,-0.21141948,-0.37313735,0.903366,-0.9094429,0.4137063,-0.041959345,-0.35807163,-0.8304309,-0.42681277
1355984891967,-0.081181854,-0.35011888,0.9331807,-0.92289054,0.37999216,0.062282085,-0.37640747,-0.8561675,-0.3539698
1355984891990,0.0285784,-0.3112116,0.9499109,-0.9226737,0.3573466,0.14483356,-0.38452128,-0.8805969,-0.27693433
1355984892029,0.10790235,-0.26392803,0.958488,-0.91833246,0.34284884,0.19778827,-0.3808184,-0.90155244,-0.20537949
1355984892069,0.15209009,-0.21367136,0.9649939,-0.91762114,0.3322158,0.21818388,-0.36720592,-0.91868234,-0.14554262
1355984892109,0.15629695,-0.16308528,0.9741532,-0.9249963,0.32167077,0.20226169,-0.3463425,-0.932701,-0.100577116
1355984892149,0.1104542,-0.111980796,0.98755264,-0.9408257,0.30852485,0.1402123,-0.3203856,-0.9446019,-0.071276546
1355984892189,-0.005119145,-0.057753593,0.9983177,-0.9565935,0.2911809,0.011939883,-0.2913806,-0.95492315,-0.056737304
1355984892229,-0.21243143,0.0028551817,0.97717184,-0.9413303,0.2677669,-0.20542204,-0.26224083,-0.9634795,-0.05419451
1355984892269,-0.4850952,0.066396266,0.87193704,-0.84166324,0.2350713,-0.48615277,-0.23724613,-0.9697077,-0.058148682
1355984892309,-0.71398604,0.11838746,0.69007856,-0.6642023,0.19726652,-0.7210556,-0.22149332,-0.9731754,-0.06221229
1355984892349,-0.83635634,0.15490018,0.525846,-0.5021426,0.16833454,-0.84824306,-0.21991104,-0.97348315,-0.063005686
1355984892389,-0.8815718,0.18600756,0.43385738,-0.40957975,0.15552545,-0.89891946,-0.23468165,-0.9701613,-0.060921848
1355984892429,-0.8857094,0.21782632,0.40996394,-0.38239563,0.1584118,-0.9103182,-0.26323435,-0.9630459,-0.05701095
1355984892469,-0.86506945,0.24798465,0.43607175,-0.402641,0.17526829,-0.8984216,-0.29922432,-0.9527773,-0.05177051
1355984892509,-0.8211766,0.27097532,0.5022365,-0.45950535,0.20792675,-0.8634937,-0.3384139,-0.93986106,-0.04623002
1355984892549,-0.7498805,0.27785718,0.60039544,-0.543044,0.25982577,-0.7984947,-0.3778657,-0.9248167,-0.043949604
1355984892593,-0.6568029,0.25801882,0.7085452,-0.630195,0.328166,-0.703677,-0.41408232,-0.90869874,-0.052938223
1355984892629,-0.57383955,0.20667188,0.7924613,-0.69008064,0.39905357,-0.6037755,-0.44101796,-0.8933325,-0.086372495
1355984892670,-0.54695356,0.13104391,0.82684296,-0.70523375,0.46007177,-0.539425,-0.45109552,-0.878158,-0.15922129
1355984892709,-0.5717595,0.041939467,0.8193486,-0.6914798,0.51283383,-0.50878,-0.4415276,-0.8574629,-0.26421732
1355984892749,-0.61692905,-0.04677877,0.7856273,-0.6684462,0.55805814,-0.4916817,-0.41542536,-0.8284823,-0.37555134
1355984892789,-0.62988186,-0.13100833,0.7655624,-0.67305636,0.58397555,-0.45383668,-0.38761333,-0.80113006,-0.4560116
1355984892829,-0.58379924,-0.21057653,0.7841147,-0.7215555,0.57731706,-0.3821815,-0.3722043,-0.78889954,-0.48897988
1355984892869,-0.4676832,-0.28271574,0.837463,-0.80164725,0.53478473,-0.26714596,-0.37233606,-0.79628956,-0.47674817
1355984892911,-0.28908324,-0.33627683,0.89629716,-0.878148,0.4659422,-0.108415306,-0.3811651,-0.8184227,-0.4299969
1355984892966,-0.09749858,-0.35945925,0.9280534,-0.91652846,0.39588022,0.05704692,-0.38790405,-0.8450254,-0.36805242
1355984892989,0.07387519,-0.35379532,0.9324008,-0.91959476,0.33758348,0.2009551,-0.3858601,-0.8722765,-0.30040926
1355984893029,0.20619409,-0.32778195,0.9219778,-0.90482736,0.29483658,0.30717897,-0.3725205,-0.8975692,-0.23579252
1355984893069,0.29707977,-0.29094046,0.9094489,-0.8884681,0.2647051,0.37490767,-0.3498116,-0.91939384,-0.17985278
1355984893109,0.35161674,-0.25012058,0.90211165,-0.8793623,0.24225779,0.40991846,-0.3210726,-0.93741715,-0.13476473
1355984893149,0.3695234,-0.20950875,0.90529466,-0.88258135,0.22564633,0.4124727,-0.29069304,-0.9514146,-0.101526916
1355984893189,0.346052,-0.17208564,0.92229855,-0.90077245,0.21400249,0.37790453,-0.26240614,-0.9615557,-0.080954045
1355984893230,0.27236193,-0.13888061,0.95211935,-0.93207157,0.20758046,0.2969058,-0.23887587,-0.96830916,-0.07290965
1355984893269,0.14873743,-0.10852447,0.9829036,-0.96364903,0.2071749,0.16869828,-0.22194085,-0.97226584,-0.0737648
1355984893309,0.004238695,-0.079003304,0.9968654,-0.9769069,0.2126306,0.021005183,-0.21362355,-0.9739337,-0.07627761
1355984893349,-0.11326173,-0.05116996,0.9922466,-0.9695351,0.22400323,-0.09911743,-0.21719465,-0.9732442,-0.07498211
1355984893389,-0.17653507,-0.027915359,0.98389846,-0.9557822,0.24371165,-0.1645757,-0.23519331,-0.96944594,-0.06970465
1355984893429,-0.18837875,-0.011979282,0.98202336,-0.9455607,0.27241367,-0.17806113,-0.26538357,-0.96210563,-0.062644124
1355984893469,-0.16344187,-0.005205035,0.9865392,-0.9392787,0.30666134,-0.1539942,-0.30173188,-0.9518044,-0.05501026
1355984893509,-0.11596516,-0.008348644,0.9932182,-0.9336597,0.34207425,-0.106135875,-0.33886835,-0.9396359,-0.047463536
1355984893549,-0.059004486,-0.02119878,0.99803257,-0.92557895,0.37565786,-0.046741813,-0.37392795,-0.92651594,-0.04178667
1355984893589,-0.007983983,-0.043302983,0.9990301,-0.9140613,0.4054461,0.010269135,-0.40549755,-0.91309273,-0.042818666
1355984893629,0.021008983,-0.07718226,0.99679565,-0.9027208,0.42706126,0.052093714,-0.42971352,-0.90092266,-0.060701907
1355984893669,0.012242362,-0.12834552,0.9916539,-0.89790404,0.4350031,0.067385584,-0.44002113,-0.891235,-0.10991645
1355984893709,-0.041993007,-0.20256546,0.9783679,-0.90156245,0.42971802,0.050274193,-0.43060616,-0.8799486,-0.2006706
1355984893749,-0.123453006,-0.29480055,0.94755054,-0.90678525,0.4213937,0.012961566,-0.4031129,-0.85762465,-0.31934303
1355984893789,-0.1911585,-0.38528675,0.9027804,-0.90943843,0.4155601,-0.0152165,-0.3692968,-0.82393193,-0.4298324
1355984893829,-0.20646535,-0.45429313,0.86659664,-0.91554284,0.4021541,-0.0073067546,-0.34518594,-0.79491496,-0.49895573
1355984893869,-0.16254191,-0.4937654,0.85426915,-0.9272416,0.37244314,0.038844794,-0.3373469,-0.7858001,-0.51837754
1355984893909,-0.07545066,-0.5036129,0.8606284,-0.93699336,0.33105052,0.11157489,-0.34110206,-0.7979847,-0.4968599
1355984893967,0.03380709,-0.48552406,0.87356937,-0.9364219,0.29004955,0.197447,-0.34924364,-0.8247046,-0.44484955
1355984894008,0.14150059,-0.44669402,0.8834262,-0.92378557,0.26116723,0.28002107,-0.35580572,-0.85571957,-0.37569422
1355984894028,0.232983,-0.395873,0.8882587,-0.90439826,0.2475462,0.34754097,-0.35746717,-0.8843107,-0.3003528
1355984894068,0.3020664,-0.340353,0.8904581,-0.8857168,0.24520707,0.3941816,-0.35250756,-0.90776277,-0.2273876
1355984894105,0.34756467,-0.28517488,0.893238,-0.873593,0.24759254,0.41896704,-0.34063798,-0.92594457,-0.16307235
1355984894135,0.36939037,-0.23450258,0.89919925,-0.87042964,0.25154853,0.42317334,-0.3254275,-0.93900585,-0.111198425
1355984894176,0.37637925,-0.19077438,0.9066112,-0.875357,0.24730076,0.41544253,-0.30346146,-0.94997233,-0.07391682
1355984894218,0.35669,-0.15352905,0.92152107,-0.8920443,0.23707192,0.3847777,-0.27754137,-0.95928407,-0.052393556
1355984894258,0.30836064,-0.1252723,0.9429849,-0.91753185,0.2224921,0.32959464,-0.2510957,-0.96685266,-0.046333462
1355984894298,0.23164642,-0.10546893,0.96706575,-0.9456193,0.2089392,0.24929625,-0.22835094,-0.97222465,-0.051333427
1355984894338,0.13640332,-0.09021035,0.9865375,-0.9673003,0.20282507,0.15229017,-0.21383268,-0.97505087,-0.059594512
1355984894378,0.041003406,-0.07506192,0.9963355,-0.97631466,0.2090025,0.05592534,-0.21243444,-0.97503006,-0.06471425
1355984894418,-0.036875516,-0.058369994,0.9976137,-0.97314227,0.22909585,-0.022566646,-0.22723192,-0.97165227,-0.06525034
1355984894458,-0.087979436,-0.041260242,0.9952674,-0.96258175,0.2606107,-0.07428613,-0.25631222,-0.96456194,-0.06264472
1355984894498,-0.112308234,-0.026097178,0.9933306,-0.94945765,0.29769877,-0.099526614,-0.29311594,-0.954303,-0.05821216
1355984894538,-0.11541903,-0.014742374,0.9932075,-0.9362219,0.33572513,-0.10381359,-0.33191425,-0.94184464,-0.05255121
1355984894578,-0.10499495,-0.008205414,0.9944389,-0.92302895,0.37297493,-0.094377846,-0.3701264,-0.92780507,-0.046734333
1355984894619,-0.0906682,-0.0080448985,0.99584866,-0.909142,0.40883386,-0.07947117,-0.40649733,-0.9125734,-0.044382215
1355984894659,-0.08496243,-0.018716007,0.9962084,-0.8952795,0.4402718,-0.06808311,-0.43732825,-0.8976695,-0.05416262
1355984894699,-0.101771384,-0.048603773,0.9936198,-0.8846212,0.46131954,-0.068041354,-0.45506918,-0.8859018,-0.08994508
1355984894740,-0.14973557,-0.10668725,0.9829532,-0.87960947,0.46837163,-0.08315715,-0.45151556,-0.8770666,-0.163975
1355984894779,-0.22153607,-0.19229609,0.95600414,-0.8779376,0.46603706,-0.109704286,-0.4244376,-0.8636155,-0.27206796
1355984894819,-0.29017174,-0.2855997,0.91336364,-0.87647593,0.46246696,-0.13384387,-0.38417476,-0.83937895,-0.38451612
1355984894859,-0.3276322,-0.3582458,0.87425226,-0.8775578,0.45824027,-0.141096,-0.35007054,-0.81343454,-0.4645157
1355984894899,-0.3263919,-0.39465755,0.85890263,-0.8841545,0.44881228,-0.12976295,-0.3342741,-0.8017562,-0.4954269
1355984894969,-0.29522336,-0.39349023,0.8706369,-0.8947377,0.43346345,-0.10748893,-0.33509344,-0.8107249,-0.48003912
1355984894979,-0.24832712,-0.36008292,0.899263,-0.9056999,0.41557413,-0.08370048,-0.34357134,-0.8352475,-0.4293254
1355984895017,-0.20134546,-0.30407333,0.931128,-0.91447866,0.39897192,-0.06745517,-0.35098258,-0.8650785,-0.35839975
1355984895058,-0.1656405,-0.23569596,0.9576068,-0.92097247,0.38421193,-0.06473759,-0.35266557,-0.89265263,-0.28071052
1355984895098,-0.14864007,-0.16428652,0.9751493,-0.92598546,0.3692139,-0.07894346,-0.3470693,-0.91470814,-0.20700693
1355984895138,-0.1545896,-0.097673535,0.9831388,-0.92975533,0.3509425,-0.11132988,-0.33415118,-0.93128896,-0.14506453
1355984895178,-0.18499231,-0.041372478,0.9818686,-0.9309865,0.32733047,-0.1616132,-0.31470916,-0.9440037,-0.09907079
1355984895218,-0.23827511,0.0018606484,0.97119594,-0.9267404,0.298656,-0.2279405,-0.29047754,-0.954359,-0.06943792
1355984895260,-0.3100973,0.031176299,0.9501935,-0.91329956,0.26782563,-0.30684435,-0.26405248,-0.96296287,-0.054578662
1355984895308,-0.39471227,0.047570407,0.9175725,-0.8869914,0.24078703,-0.39404047,-0.23968422,-0.9694115,-0.052847087
1355984895349,-0.4803605,0.06158957,0.87490594,-0.8476857,0.22344655,-0.48114508,-0.22512817,-0.97276837,-0.05512625
1355984895389,-0.5469436,0.0773384,0.83358955,-0.80654955,0.2181552,-0.5494417,-0.22434485,-0.97284484,-0.05694139
1355984895430,-0.59092695,0.099153996,0.80060834,-0.7704349,0.22494417,-0.596515,-0.23923904,-0.96931344,-0.056533813
1355984895469,-0.61379415,0.12644503,0.7792742,-0.74268496,0.24225831,-0.62428355,-0.2677232,-0.96193683,-0.054787934
1355984895510,-0.6182081,0.15604037,0.7703702,-0.7242753,0.26767057,-0.6354351,-0.30535895,-0.95079124,-0.052459955
1355984895549,-0.60729945,0.1827451,0.77316976,-0.71560675,0.29690468,-0.63226146,-0.3451004,-0.9372576,-0.049536347
1355984895589,-0.58307564,0.20262343,0.7867442,-0.71642685,0.32839626,-0.61553913,-0.3830865,-0.9225506,-0.046315014
1355984895629,-0.54717004,0.21118027,0.80994314,-0.7255387,0.36284322,-0.58475506,-0.4173711,-0.9076055,-0.04531747
1355984895670,-0.5056436,0.20195034,0.83877325,-0.73871696,0.40087628,-0.5418444,-0.44566998,-0.89359623,-0.053516388
1355984895709,-0.47318637,0.16648337,0.86508834,-0.7493143,0.44033754,-0.49460176,-0.46327385,-0.882262,-0.083613396
1355984895749,-0.4693724,0.09911063,0.87742037,-0.75119364,0.47746414,-0.45578074,-0.46410948,-0.87304354,-0.14965719
1355984895789,-0.5019376,0.0042527914,0.8648934,-0.74210024,0.5115012,-0.4331902,-0.44423622,-0.859272,-0.2535857
1355984895829,-0.5512211,-0.09960386,0.8283927,-0.7279258,0.54264134,-0.4191235,-0.4077738,-0.834038,-0.37161958
1355984895869,-0.58173084,-0.18983519,0.7909184,-0.7243158,0.5633221,-0.39753586,-0.37007552,-0.8041336,-0.4652025
1355984895909,-0.5698905,-0.25637442,0.7807028,-0.74493295,0.5622122,-0.359155,-0.34684253,-0.7862503,-0.51138115
1355984895968,-0.5076709,-0.3000908,0.8075987,-0.7906214,0.53472733,-0.29830253,-0.34232724,-0.7899444,-0.50872374
1355984895990,-0.39820665,-0.3228927,0.8585871,-0.8480152,0.48643106,-0.21036911,-0.34971672,-0.8118652,-0.46751797
1355984896029,-0.25625807,-0.32449272,0.9105143,-0.8973961,0.42989308,-0.099359006,-0.35918254,-0.8425535,-0.40136206
1355984896069,-0.10648957,-0.30680913,0.945795,-0.9253791,0.37858537,0.018619537,-0.36377674,-0.8732361,-0.32423013
1355984896109,0.027284816,-0.27570504,0.96085495,-0.93219835,0.34003043,0.12403843,-0.360918,-0.8990917,-0.24773413
1355984896149,0.13174747,-0.238287,0.96221715,-0.9272208,0.31366676,0.2046333,-0.35057694,-0.9191477,-0.17961985
1355984896189,0.20346625,-0.20007274,0.9584218,-0.92050683,0.2944168,0.25687742,-0.33356965,-0.93449974,-0.12426442
1355984896230,0.24390101,-0.16449419,0.95574784,-0.9185493,0.27695018,0.2820741,-0.31109405,-0.9466996,-0.08354753
1355984896269,0.25481838,-0.1335896,0.9577168,-0.9238409,0.25891823,0.28192097,-0.28563204,-0.9566166,-0.057438374
1355984896309,0.23824778,-0.10860595,0.96511275,-0.9356551,0.24073109,0.25806573,-0.26036006,-0.9644964,-0.04426402
1355984896349,0.19790325,-0.088979274,0.9761747,-0.95053434,0.22581539,0.21328843,-0.23941353,-0.970098,-0.039888263
1355984896389,0.14470527,-0.072919995,0.98678416,-0.96304023,0.21859989,0.15737712,-0.22718686,-0.9730861,-0.03859234
1355984896430,0.0954735,-0.059395134,0.9936584,-0.96887547,0.2234914,0.1064513,-0.2283968,-0.97289455,-0.036208987
1355984896469,0.066658825,-0.049983084,0.99652314,-0.967552,0.24071911,0.0767948,-0.24372056,-0.969307,-0.032315195
1355984896509,0.06706238,-0.047540843,0.9966155,-0.960033,0.26896316,0.077430904,-0.27173397,-0.96197647,-0.027603447
1355984896549,0.10137838,-0.056042463,0.99326813,-0.9467472,0.3012613,0.113628,-0.30560124,-0.9518932,-0.022516668
1355984896589,0.16184382,-0.07675028,0.98382723,-0.9262186,0.33216763,0.17828006,-0.34047863,-0.9400926,-0.017328322
1355984896629,0.23347363,-0.108882874,0.96624774,-0.89753747,0.35813436,0.2572281,-0.37405425,-0.9272995,-0.014111519
1355984896669,0.2948478,-0.15018842,0.9436674,-0.8656235,0.37625492,0.33034548,-0.40467358,-0.9142623,-0.019068658
1355984896709,0.32714912,-0.20047542,0.92346257,-0.8422036,0.38133934,0.38114738,-0.4285633,-0.90243554,-0.044086277
1355984896749,0.32005745,-0.26291412,0.9101864,-0.83903104,0.36751652,0.4011963,-0.43998873,-0.8920806,-0.102966726
1355984896792,0.27596778,-0.33968326,0.8991424,-0.8575624,0.33546162,0.3899386,-0.43408334,-0.8786813,-0.19872302
1355984896828,0.22318792,-0.42217332,0.8786108,-0.882772,0.29472154,0.36585897,-0.41340142,-0.8572683,-0.3069045
1355984896868,0.20348808,-0.49216047,0.8463869,-0.8981279,0.25035796,0.36150688,-0.38981915,-0.833726,-0.39107823
1355984896908,0.24142998,-0.53472817,0.8098008,-0.89478695,0.20031244,0.39903784,-0.3755899,-0.82093894,-0.4301064
1355984896968,0.3250183,-0.54519665,0.77273774,-0.8691617,0.14982855,0.47128466,-0.37272105,-0.82481027,-0.42516708
1355984896989,0.42373455,-0.5288571,0.73536336,-0.82466435,0.110568225,0.5547102,-0.37467027,-0.8414778,-0.389278
1355984897029,0.51573855,-0.49536604,0.69901806,-0.7706997,0.08812392,0.63107544,-0.37421352,-0.8642029,-0.33632952
1355984897069,0.5917927,-0.45408893,0.6660215,-0.71743345,0.08000019,0.6920183,-0.36751968,-0.8873575,-0.27843505
1355984897109,0.65282327,-0.40972602,0.63713926,-0.66997886,0.08018643,0.738037,-0.3534829,-0.90867746,-0.22216022
1355984897149,0.70049316,-0.3650083,0.61325216,-0.631206,0.08407849,0.77104455,-0.332999,-0.9271999,-0.17149901
1355984897189,0.73542327,-0.32194445,0.5962419,-0.6034709,0.08901042,0.79240143,-0.308181,-0.9425651,-0.12882377
1355984897229,0.7557017,-0.28228095,0.59095883,-0.591347,0.093699634,0.8009552,-0.28146702,-0.95474494,-0.096117005
1355984897269,0.7548398,-0.24692199,0.60765654,-0.6043378,0.09826106,0.79064566,-0.25493675,-0.9640406,-0.07505292
1355984897311,0.71267825,-0.21444182,0.66791046,-0.6624013,0.1076757,0.7413706,-0.2308986,-0.97078353,-0.06530842
1355984897349,0.5594551,-0.17428625,0.8103297,-0.8010881,0.13725758,0.58259606,-0.21276233,-0.9750818,-0.06282917
1355984897389,0.105980754,-0.08464381,0.990759,-0.9729357,0.19692576,0.12089819,-0.20533928,-0.9767577,-0.061482668
1355984897429,-0.46875566,0.05075723,0.88186836,-0.85709786,0.21534765,-0.4679836,-0.21366182,-0.97521746,-0.057441533
1355984897469,-0.69613683,0.13485429,0.7051297,-0.67691755,0.20384496,-0.7072693,-0.23911543,-0.9696709,-0.050618708
1355984897509,-0.75067437,0.18919054,0.63300467,-0.59966564,0.20701677,-0.77301043,-0.27728882,-0.9598703,-0.04195112
1355984897549,-0.7498025,0.23320594,0.619202,-0.5787544,0.222408,-0.78458774,-0.32068604,-0.9466518,-0.031793058
1355984897589,-0.7268158,0.2691692,0.6318913,-0.58298874,0.24463618,-0.7747756,-0.36312926,-0.9315047,-0.020882845
1355984897629,-0.69254315,0.29592305,0.6578856,-0.59876513,0.27282214,-0.7530261,-0.40232354,-0.9154221,-0.011752725
1355984897669,-0.6558293,0.30900156,0.68877125,-0.6161415,0.30807692,-0.7248849,-0.43618512,-0.8997814,-0.011657178
1355984897709,-0.63233143,0.30087134,0.71388614,-0.6229348,0.35035652,-0.6994301,-0.46055314,-0.88697624,-0.034118176
1355984897749,-0.640317,0.2652539,0.72085667,-0.6075236,0.39936644,-0.6866014,-0.47000968,-0.87758005,-0.09457314
1355984897789,-0.68292993,0.20483124,0.70117813,-0.5666238,0.45726246,-0.6854549,-0.46102506,-0.86542195,-0.19621599
1355984897829,-0.7371999,0.13582036,0.6618831,-0.51522875,0.52073735,-0.6807143,-0.43712214,-0.8428437,-0.313909
1355984897869,-0.7750449,0.07827538,0.6270393,-0.47969693,0.57304835,-0.66445947,-0.41133463,-0.8157748,-0.40658975
1355984897908,-0.78590965,0.041059986,0.6169766,-0.47498196,0.5987631,-0.6448837,-0.3959017,-0.79987305,-0.4510709
1355984897969,-0.7721894,0.022751093,0.6349849,-0.5001013,0.5947,-0.6294685,-0.3919466,-0.80362576,-0.4478432
1355984897989,-0.7415463,0.018996924,0.67063266,-0.5444598,0.5670302,-0.618094,-0.39201087,-0.8234779,-0.41013604
1355984898029,-0.7031281,0.027135372,0.71054524,-0.59528947,0.5240619,-0.6090891,-0.3888976,-0.8512477,-0.35232925
1355984898069,-0.66795236,0.04589066,0.7427878,-0.64014065,0.4736107,-0.6049073,-0.37955183,-0.87953794,-0.28697288
1355984898110,-0.64785206,0.073940694,0.75816923,-0.6692274,0.42020398,-0.61283225,-0.36389893,-0.9044122,-0.22274691
1355984898149,-0.6552521,0.10929796,0.74746144,-0.67304003,0.36483598,-0.64335984,-0.34301874,-0.9246344,-0.16549766
1355984898189,-0.69924355,0.14818788,0.6993561,-0.64019614,0.30554265,-0.7048352,-0.3181312,-0.94057643,-0.11877948
1355984898229,-0.7780484,0.18359563,0.6007773,-0.55709326,0.24032295,-0.7949164,-0.29032373,-0.9531723,-0.08470297
1355984898269,-0.8690124,0.20566666,0.45002073,-0.42019886,0.17346007,-0.8906989,-0.2612477,-0.96312654,-0.06431806
1355984898310,-0.9371299,0.20997052,0.2787471,-0.2587362,0.11797005,-0.9587172,-0.23418616,-0.9705645,-0.056226254
1355984898349,-0.9693581,0.20496337,0.1354067,-0.12076177,0.08240688,-0.98925513,-0.21391952,-0.9752944,-0.055130005
1355984898389,-0.97813433,0.20338029,0.04346986,-0.031376712,0.06231326,-0.99756336,-0.20559345,-0.9771149,-0.054569364
1355984898429,-0.976948,0.21347281,0.0014078841,0.009629227,0.050653994,-0.99866986,-0.21326017,-0.97563493,-0.051541984
1355984898469,-0.97141,0.23740768,-5.4711103E-4,0.011611275,0.045208275,-0.9989101,-0.23712422,-0.9703576,-0.046672344
1355984898509,-0.9620953,0.27138603,0.02687499,-0.014755681,0.046599686,-0.9988047,-0.272314,-0.96134186,-0.040828824
1355984898549,-0.9480332,0.30871397,0.07699874,-0.06264798,0.05614716,-0.9964551,-0.31194288,-0.94949627,-0.033889115
1355984898589,-0.9265521,0.34407812,0.15202424,-0.13333707,0.07748765,-0.9880369,-0.35174188,-0.9357381,-0.025918007
1355984898629,-0.890698,0.3718022,0.26157266,-0.23361774,0.119235754,-0.96498996,-0.38997418,-0.92062265,-0.019343555
1355984898669,-0.8293374,0.37949178,0.41010416,-0.36284527,0.19236892,-0.9117771,-0.4249032,-0.90497524,-0.021842003
1355984898709,-0.7440357,0.34712222,0.5708914,-0.49180433,0.29383814,-0.8196265,-0.45226026,-0.89059824,-0.047909856
1355984898749,-0.6755415,0.2705406,0.6858946,-0.571249,0.39611232,-0.7188668,-0.46617398,-0.87744105,-0.11304426
1355984898789,-0.66477215,0.17330213,0.7266667,-0.586791,0.48086816,-0.6514923,-0.46233585,-0.85949534,-0.21797568
1355984898829,-0.69032717,0.07775092,0.71930736,-0.57166123,0.5507648,-0.6081624,-0.44345433,-0.8310312,-0.33576065
1355984898869,-0.6998237,-0.011134803,0.7142288,-0.57617056,0.59981817,-0.5551988,-0.42222542,-0.80005884,-0.4261825
1355984898910,-0.6576334,-0.099820346,0.7466954,-0.6313454,0.61378974,-0.47398865,-0.41100025,-0.7831335,-0.46666974
1355984898969,-0.5444975,-0.19226336,0.8164296,-0.7314207,0.5852696,-0.34997606,-0.41054383,-0.7877146,-0.45930326
1355984898989,-0.3505175,-0.27993503,0.8937415,-0.84028816,0.51541495,-0.16811681,-0.41358593,-0.80992824,-0.41588807
1355984899029,-0.09809144,-0.34250364,0.93438184,-0.90568936,0.41984212,0.058816552,-0.4124377,-0.8404903,-0.35138482
1355984899069,0.15801013,-0.36689436,0.91674495,-0.90134895,0.32554257,0.28564328,-0.40324044,-0.87144166,-0.27926087
1355984899109,0.36996755,-0.35998833,0.8564651,-0.84511805,0.25249246,0.47119322,-0.38587502,-0.8981403,-0.21081859
1355984899162,0.53246266,-0.33771142,0.77616656,-0.7655548,0.19906962,0.61179835,-0.36112246,-0.9199578,-0.15253946
1355984899179,0.6500959,-0.31200537,0.6928406,-0.6820867,0.16221091,0.7130536,-0.33486286,-0.9361305,-0.10736206
1355984899219,0.75671875,-0.28969017,0.5860515,-0.5789397,0.11943817,0.8065752,-0.30365384,-0.94963896,-0.077332035
1355984899260,0.85881007,-0.27040663,0.43511552,-0.43461326,0.06507918,0.89826274,-0.27121317,-0.9605441,-0.06163165
1355984899301,0.9702688,-0.24171439,-0.01235459,-0.0020449683,-0.05923125,0.99824226,-0.24202129,-0.96853805,-0.057964534
1355984899340,-0.30788863,0.1292822,-0.94259787,0.92557013,-0.18868244,-0.3282055,-0.22028282,-0.9734912,-0.06156659
1355984899379,-0.6922576,0.19557336,-0.69464415,0.6904855,-0.10031533,-0.71635646,-0.20978369,-0.97554487,-0.06559652
1355984899420,-0.7960518,0.21341884,-0.56635135,0.5659353,-0.06919259,-0.82154095,-0.21451966,-0.97450745,-0.06570041
1355984899459,-0.85901934,0.23672369,-0.45392472,0.45513323,-0.052825272,-0.888855,-0.23439175,-0.97013986,-0.06236291
1355984899499,-0.90606856,0.27111402,-0.3248645,0.3279188,-0.03529954,-0.94404614,-0.2674117,-0.96189976,-0.056919575
1355984899539,-0.93523955,0.3099643,-0.17102352,0.17825395,-0.0050718784,-0.9839714,-0.30586344,-0.9507347,-0.050508857
1355984899579,-0.9388599,0.3435207,0.023145363,-0.0065414608,0.049415052,-0.9987569,-0.3442374,-0.93784416,-0.044146657
