1355984195599,0.9802956,-0.19695379,-0.01515732,-0.0043678284,-0.098325044,0.9951447,-0.19748789,-0.9754698,-0.09724787
1355984195635,-0.16949958,-0.06375173,0.98346615,-0.96554124,0.21070647,-0.15275148,-0.19748452,-0.9754684,-0.097269595
1355984195682,-0.16966057,-0.06384167,0.98343253,-0.9655167,0.21071744,-0.15289056,-0.19746557,-0.97546005,-0.09739065
1355984195722,-0.17017978,-0.06396532,0.9833348,-0.96543515,0.21074027,-0.15337351,-0.19741765,-0.97544706,-0.0976181
1355984195761,-0.17127997,-0.06387818,0.9831494,-0.96525836,0.21074927,-0.15447003,-0.1973308,-0.9754508,-0.09775609
1355984195802,-0.17323497,-0.06297317,0.9828652,-0.9649267,0.21071687,-0.15657231,-0.1972464,-0.9755167,-0.097268045
1355984195843,-0.1713711,-0.061587602,0.9832796,-0.9652574,0.21032244,-0.15505663,-0.19725618,-0.97569025,-0.09549111
1355984195880,-0.18059573,-0.056037307,0.98195976,-0.9635378,0.21048817,-0.16519576,-0.19743377,-0.97598904,-0.09200734
1355984195923,-0.18851936,-0.049615413,0.98081535,-0.9619577,0.21041417,-0.17425081,-0.19773191,-0.97635245,-0.08739507
1355984195961,-0.19684005,-0.042721808,0.97950447,-0.960223,0.2102158,-0.18379653,-0.19805527,-0.97672117,-0.082401395
1355984196003,-0.20633999,-0.03600484,0.9778177,-0.9581744,0.20996597,-0.19446355,-0.19830686,-0.9770455,-0.07782334
1355984196041,-0.2165423,-0.030038208,0.975811,-0.9558897,0.20970517,-0.20566621,-0.19845474,-0.97730315,-0.07412326
1355984196082,-0.22539482,-0.025069147,0.9739449,-0.95383584,0.20933267,-0.21535292,-0.19847977,-0.9775231,-0.071094334
1355984196122,-0.23185939,-0.020940006,0.9725239,-0.95230913,0.20876068,-0.22254503,-0.19836465,-0.97774255,-0.068344474
1355984196161,-0.23529676,-0.017423391,0.9717674,-0.9515247,0.20790014,-0.22666779,-0.19808125,-0.9779949,-0.06549704
1355984196202,-0.2359514,-0.014514089,0.97165644,-0.9514445,0.2068589,-0.22795334,-0.19768727,-0.97826314,-0.06261802
1355984196242,-0.23461252,-0.012068868,0.97201407,-0.9518618,0.2057724,-0.2271935,-0.1972717,-0.9785255,-0.059764683
1355984196281,-0.2319335,-0.010192543,0.9726782,-0.9525708,0.20490852,-0.22499174,-0.1970168,-0.978728,-0.057234228
1355984196321,-0.22874278,-0.0086372495,0.9734485,-0.953331,0.20441705,-0.2222018,-0.19707021,-0.9788457,-0.054993033
1355984196361,-0.22550681,-0.007401079,0.9742135,-0.95400405,0.20443669,-0.21927571,-0.19754207,-0.9788518,-0.053162515
1355984196401,-0.22287136,-0.0066504776,0.97482514,-0.95443285,0.2050643,-0.2168101,-0.19845995,-0.9787259,-0.05205041
1355984196439,-0.22134149,-0.006551683,0.9751744,-0.95450705,0.20634353,-0.21526417,-0.19981062,-0.9784577,-0.051926017
1355984196481,-0.220976,-0.0070759356,0.9752536,-0.95422006,0.20825064,-0.21469921,-0.20157799,-0.97804993,-0.052770376
1355984196521,-0.22160229,-0.008153439,0.975103,-0.9535614,0.21099827,-0.21494246,-0.20399249,-0.9774524,-0.05453247
1355984196560,-0.22278076,-0.009586871,0.97482145,-0.95255345,0.21486706,-0.21557862,-0.20739028,-0.9765963,-0.05700028
1355984196601,-0.22397861,-0.01110059,0.9745308,-0.951258,0.21999696,-0.21612385,-0.21199474,-0.9754374,-0.059834123
1355984196641,-0.22496644,-0.012589186,0.9742852,-0.9496615,0.226571,-0.21635312,-0.2180211,-0.97391325,-0.06292635
1355984196679,-0.22564283,-0.01410979,0.9741079,-0.9479591,0.23373279,-0.21620011,-0.22463042,-0.9721985,-0.06611562
1355984196719,-0.22626296,-0.015975326,0.97393525,-0.9462117,0.24100593,-0.21586913,-0.23127559,-0.97039217,-0.069646776
1355984196761,-0.22668537,-0.018588781,0.97379065,-0.9447258,0.24735221,-0.21519771,-0.23686898,-0.9687474,-0.07363242
1355984196801,-0.22783205,-0.022913516,0.97343075,-0.94351476,0.25219133,-0.2148939,-0.24056682,-0.96740603,-0.07907653
1355984196840,-0.22953486,-0.029798537,0.97284424,-0.9427879,0.25511867,-0.2146289,-0.2417951,-0.96645045,-0.08665234
1355984196882,-0.23438278,-0.04073164,0.9712907,-0.9420788,0.25607416,-0.21659505,-0.23990014,-0.9657986,-0.09839177
1355984196920,-0.24271199,-0.056248754,0.9684663,-0.94121623,0.25544187,-0.2210466,-0.23495325,-0.96518683,-0.11494106
1355984196961,-0.2539042,-0.075279385,0.9642954,-0.94018435,0.25331745,-0.22777992,-0.22712573,-0.9644497,-0.13509482
1355984197000,-0.26672882,-0.09620136,0.95895827,-0.9392013,0.24918622,-0.23623544,-0.21623299,-0.96366566,-0.15681756
1355984197040,-0.27977693,-0.11767435,0.95282614,-0.9384223,0.24306166,-0.24552935,-0.202703,-0.9628467,-0.17843127
1355984197081,-0.29325244,-0.13982952,0.9457541,-0.9374974,0.23592255,-0.25581113,-0.18735474,-0.9616592,-0.20027465
1355984197120,-0.30719736,-0.16364616,0.93746984,-0.9360722,0.22944978,-0.26668632,-0.17146006,-0.9594648,-0.22367102
1355984197161,-0.32212985,-0.19072306,0.92728484,-0.93381083,0.22506577,-0.27810556,-0.15565896,-0.9554947,-0.25059968
1355984197199,-0.3394597,-0.22329965,0.913731,-0.9301928,0.2239379,-0.290849,-0.13967252,-0.94867754,-0.2837296
1355984197241,-0.36010525,-0.26341876,0.89494956,-0.9247689,0.22726282,-0.30521148,-0.12299034,-0.93752986,-0.32544
1355984197280,-0.38498294,-0.31256193,0.8683853,-0.9168901,0.2369408,-0.3212035,-0.10535994,-0.9198718,-0.37780303
1355984197320,-0.40940908,-0.3682124,0.8347478,-0.90807015,0.25298443,-0.33377758,-0.08827719,-0.8946612,-0.43793684
1355984197361,-0.42959124,-0.42590338,0.7962774,-0.89991516,0.2750159,-0.3384065,-0.07486048,-0.86195856,-0.50142133
1355984197400,-0.43160382,-0.47673884,0.7657925,-0.89943004,0.29225418,-0.3249817,-0.06887469,-0.82904017,-0.5549313
1355984197441,-0.41131794,-0.5138555,0.75284135,-0.90851015,0.29787654,-0.29305106,-0.073667884,-0.8045011,-0.58936495
1355984197480,-0.36286658,-0.53379786,0.76379824,-0.9275464,0.28551257,-0.24112326,-0.08936301,-0.7959538,-0.59872526
1355984197521,-0.28589553,-0.53294605,0.7963871,-0.95151514,0.2563221,-0.17005306,-0.11350247,-0.8063917,-0.5803875
1355984197559,-0.18651693,-0.5091573,0.84022033,-0.9723822,0.21780421,-0.083869845,-0.14030054,-0.8326584,-0.5357197
1355984197599,-0.07674883,-0.46282583,0.8831205,-0.9835841,0.18022682,0.0089734495,-0.16331512,-0.8679346,-0.4690603
1355984197644,0.027594134,-0.39976844,0.91620076,-0.9836222,0.15245698,0.0961467,-0.17811763,-0.90384847,-0.38901418
1355984197679,0.11439164,-0.32878366,0.93745184,-0.9763305,0.13715108,0.16723746,-0.18355742,-0.93439335,-0.3053125
1355984197719,0.17907023,-0.25767398,0.9494935,-0.9671377,0.13095284,0.21793586,-0.18049526,-0.9573168,-0.2257564
1355984197759,0.2219485,-0.19213575,0.9559408,-0.95996684,0.12876451,0.24876383,-0.17088765,-0.9728842,-0.15586483
1355984197799,0.24584755,-0.13574502,0.9597564,-0.9564961,0.12648264,0.26290172,-0.15708005,-0.982637,-0.098744094
1355984197839,0.25360262,-0.09064713,0.9630518,-0.95692027,0.12200862,0.26347202,-0.14138356,-0.98838097,-0.05580038
1355984197879,0.24818781,-0.057811886,0.96698534,-0.9606441,0.11387476,0.25336835,-0.12476292,-0.99181163,-0.02727428
1355984197918,0.2317301,-0.03707832,0.97207326,-0.96682197,0.10165036,0.23435554,-0.10750109,-0.99412894,-0.012292653
1355984197959,0.20670652,-0.02781421,0.97800756,-0.974307,0.08551884,0.20835656,-0.08943334,-0.99594826,-0.009422272
1355984198000,0.17569983,-0.028338224,0.98403585,-0.98176754,0.06861311,0.17727074,-0.07254133,-0.9972408,-0.015766233
1355984198048,0.14374816,-0.034736305,0.9890045,-0.98753273,0.05975133,0.1456329,-0.064153105,-0.9976088,-0.0257141
1355984198089,0.12211293,-0.03877008,0.9917587,-0.99014604,0.06425679,0.124426365,-0.0685513,-0.99718,-0.03054145
1355984198129,0.11511582,-0.037779808,0.9926334,-0.9893925,0.08477187,0.11796644,-0.08860415,-0.9956839,-0.027620465
1355984198172,0.12225807,-0.034430176,0.9919009,-0.9854548,0.11464268,0.12544292,-0.11803317,-0.99280995,-0.019913375
1355984198211,0.13889456,-0.031422287,0.98980856,-0.9782405,0.15119982,0.14207128,-0.1541231,-0.98800373,-0.00973773
1355984198250,0.16208062,-0.031992406,0.98625886,-0.9683435,0.18713024,0.16520664,-0.18984428,-0.981814,-6.495118E-4
1355984198291,0.18562353,-0.037757844,0.98189527,-0.956939,0.2200188,0.18936628,-0.22318548,-0.97476465,0.0047087073
1355984198330,0.2068544,-0.05063513,0.97706056,-0.9454887,0.24639004,0.21293917,-0.2515202,-0.9678471,0.0030919313
1355984198371,0.21890336,-0.0748314,0.97287285,-0.9371438,0.26155078,0.23098204,-0.27174044,-0.96228445,-0.012873471
1355984198410,0.21587715,-0.11779317,0.9692894,-0.93600583,0.25768033,0.23977906,-0.27801123,-0.9590233,-0.054627836
1355984198467,0.19290774,-0.18687207,0.9632578,-0.94495124,0.22904663,0.23367667,-0.2642986,-0.9553096,-0.13240016
1355984198488,0.15326744,-0.27988243,0.9477208,-0.96073985,0.18225235,0.20919588,-0.23127455,-0.94257617,-0.24096084
1355984198528,0.11423665,-0.3763844,0.91939366,-0.974805,0.13600457,0.17679965,-0.19158635,-0.91642654,-0.35136467
1355984198565,0.0991078,-0.44823912,0.88840276,-0.98175895,0.10153264,0.16075018,-0.16225642,-0.8881289,-0.43000007
1355984198647,0.12470099,-0.47413078,0.8715788,-0.98029625,0.07675645,0.18201056,-0.1531961,-0.8771024,-0.455217
1355984198648,0.1726104,-0.4723819,0.86432695,-0.97318286,0.053673208,0.2236836,-0.1520553,-0.87975824,-0.4504494
1355984198675,0.22712797,-0.45068863,0.86330336,-0.9617506,0.03558469,0.2716057,-0.15313,-0.8919717,-0.42536777
1355984198707,0.28303647,-0.41291425,0.8656745,-0.9467715,0.024020419,0.32100898,-0.15334308,-0.91045314,-0.3841368
1355984198748,0.34287614,-0.3527312,0.8706415,-0.9273282,0.020893589,0.37366536,-0.14999431,-0.93549144,-0.3199337
1355984198788,0.39159393,-0.28526965,0.8748002,-0.9088912,0.02827245,0.41607383,-0.14342603,-0.9580302,-0.24820778
1355984198828,0.42513353,-0.2211734,0.87769234,-0.8950231,0.041786656,0.44405824,-0.13488969,-0.97433895,-0.18019038
1355984198868,0.44270974,-0.16647059,0.88107634,-0.88787836,0.05583729,0.4566774,-0.12522027,-0.98446417,-0.123085916
1355984198908,0.44505215,-0.123291075,0.88697684,-0.88818043,0.06564796,0.4547812,-0.11429867,-0.9901968,-0.08028793
1355984198948,0.432672,-0.09169415,0.89687634,-0.8958427,0.06804785,0.43913034,-0.10129619,-0.99345946,-0.052701145
1355984198989,0.4044801,-0.07116884,0.91177344,-0.9105094,0.06223823,0.40877736,-0.08583936,-0.9955206,-0.039625734
1355984199029,0.35824823,-0.060481668,0.93166524,-0.93104035,0.05107814,0.36132383,-0.06944114,-0.9968616,-0.038012207
1355984199070,0.29249662,-0.056575656,0.9545915,-0.95462847,0.041128516,0.2949455,-0.05594766,-0.99755085,-0.041978776
1355984199111,0.20844391,-0.054540694,0.9765124,-0.9766707,0.041098148,0.21077311,-0.05162853,-0.9976654,-0.044701576
1355984199150,0.10769141,-0.049151987,0.9929686,-0.99246335,0.053427577,0.11028135,-0.058472455,-0.9973613,-0.043027848
1355984199191,0.0066908896,-0.037076414,0.99929,-0.99678236,0.07957479,0.009626538,-0.0798752,-0.99613917,-0.036424696
1355984199232,-0.08814508,-0.017659456,0.99595106,-0.9898889,0.11310238,-0.08560309,-0.11113271,-0.9934263,-0.027450323
1355984199271,-0.16933912,0.006521851,0.98553634,-0.9747509,0.14657229,-0.1684559,-0.145551,-0.9891785,-0.018463254
1355984199310,-0.23304397,0.031162053,0.9719668,-0.95595014,0.17608303,-0.2348491,-0.17846519,-0.98388195,-0.011245728
1355984199350,-0.27938735,0.05139962,0.9588017,-0.9374467,0.20139462,-0.28396112,-0.20769292,-0.9781607,-0.008082688
1355984199390,-0.3147087,0.06132397,0.9472053,-0.92035675,0.22437042,-0.32031447,-0.23216784,-0.9725725,-0.0141714215
1355984199430,-0.3531059,0.053242058,0.93406713,-0.90183556,0.24635994,-0.35496393,-0.24901578,-0.9677149,-0.038975596
1355984199474,-0.4171403,0.017724723,0.90866923,-0.8729917,0.2702272,-0.406033,-0.25274396,-0.9626334,-0.09724909
1355984199509,-0.5033276,-0.04383999,0.8629828,-0.8296419,0.30372107,-0.46845257,-0.2415691,-0.9517518,-0.18924272
1355984199549,-0.59854114,-0.1199632,0.7920589,-0.7711195,0.3542009,-0.52907133,-0.21707886,-0.927443,-0.3045097
1355984199589,-0.6648336,-0.18862814,0.72278327,-0.7222258,0.40940017,-0.5574777,-0.19075161,-0.8926426,-0.40841508
1355984199639,-0.6857265,-0.23562838,0.6886642,-0.7065104,0.44295108,-0.55193967,-0.1749919,-0.8650281,-0.47021723
1355984199669,-0.6648048,-0.25957257,0.7004688,-0.7268621,0.44111943,-0.52638876,-0.17235431,-0.85909,-0.4819318
1355984199709,-0.6089877,-0.26186085,0.74870753,-0.7731631,0.40669885,-0.4866363,-0.17706749,-0.8752285,-0.4501357
1355984199749,-0.52663565,-0.24339586,0.81450194,-0.8303184,0.35272598,-0.43145782,-0.18228096,-0.90351695,-0.3878541
1355984199789,-0.4304785,-0.20670149,0.87861407,-0.8835721,0.29532993,-0.36342886,-0.1843597,-0.9327673,-0.30976886
1355984199829,-0.33789963,-0.15820643,0.92779016,-0.9234278,0.24629456,-0.29431283,-0.18194747,-0.9561955,-0.22931504
1355984199869,-0.26540282,-0.10644874,0.95824325,-0.9482759,0.20836148,-0.2394959,-0.17416695,-0.9722419,-0.15624249
1355984199909,-0.22515392,-0.05894631,0.9725384,-0.9608882,0.17862386,-0.21163023,-0.16124374,-0.9821501,-0.09685868
1355984199949,-0.22073537,-0.020241976,0.97512364,-0.9646371,0.1521948,-0.21520224,-0.14405262,-0.9881432,-0.05312097
1355984199989,-0.2542557,0.007445216,0.96710837,-0.9591212,0.12653732,-0.25313,-0.12425992,-0.99193394,-0.025031984
1355984200029,-0.32428455,0.02232048,0.94569623,-0.94029427,0.10164422,-0.3248312,-0.10337493,-0.99457043,-0.011973798
1355984200072,-0.42534524,0.02273506,0.9047456,-0.90127045,0.080399215,-0.4257318,-0.08241987,-0.9965035,-0.0137069225
1355984200110,-0.5365153,0.013245046,0.8437866,-0.84146345,0.06738299,-0.53609586,-0.06395748,-0.9976393,-0.025006771
1355984200151,-0.63213277,-6.723404E-5,0.7748601,-0.77321076,0.06526667,-0.6307816,-0.050530136,-0.9978679,-0.041309178
1355984200190,-0.6950254,-0.0063008666,0.7189576,-0.7175306,0.069654346,-0.6930354,-0.045711815,-0.99755126,-0.05293256
1355984200230,-0.7205328,6.172955E-4,0.69342065,-0.6913457,0.07666761,-0.718445,-0.05360642,-0.99705654,-0.054814756
1355984200269,-0.7146402,0.019372553,0.6992239,-0.69556296,0.08612293,-0.7132846,-0.07403737,-0.99609613,-0.0480721
1355984200311,-0.6841106,0.043604374,0.7280737,-0.7221339,0.09984803,-0.6845093,-0.10254431,-0.9940468,-0.03681892
1355984200350,-0.6337913,0.06595215,0.7706873,-0.76193774,0.11842817,-0.6367305,-0.13326484,-0.9907699,-0.024807274
1355984200391,-0.5667515,0.08036053,0.81996024,-0.807876,0.14105648,-0.5722232,-0.16164485,-0.9867346,-0.015022576
1355984200430,-0.48699766,0.08331594,0.8694204,-0.8532696,0.16711932,-0.49396583,-0.18645218,-0.9824101,-0.010295749
1355984200470,-0.40220374,0.070759356,0.91281176,-0.8918061,0.19530934,-0.40808824,-0.20715669,-0.9781858,-0.015450478
1355984200511,-0.33441627,0.036532044,0.94171715,-0.9160688,0.22206658,-0.33392283,-0.22132277,-0.9743469,-0.040796816
1355984200554,-0.301371,-0.023526996,0.9532167,-0.9266423,0.24285671,-0.2869751,-0.2247434,-0.9697768,-0.09499109
1355984200589,-0.32509777,-0.111032814,0.9391396,-0.9215851,0.2599437,-0.2882883,-0.21211398,-0.9592189,-0.18683332
1355984200643,-0.38789913,-0.2155523,0.8961425,-0.90291953,0.28414634,-0.32248592,-0.18512306,-0.93423665,-0.30484653
1355984200670,-0.4455756,-0.31215215,0.839061,-0.881621,0.31588233,-0.3506604,-0.15558514,-0.8959795,-0.41594934
1355984200709,-0.4595911,-0.38177514,0.80188763,-0.8774257,0.3349436,-0.34341952,-0.13747808,-0.86142933,-0.4889164
1355984200749,-0.41747236,-0.42114455,0.8052044,-0.89851505,0.3235489,-0.2966257,-0.13560069,-0.8473213,-0.51347744
1355984200789,-0.32446975,-0.43131113,0.8418373,-0.93473136,0.28254336,-0.21551424,-0.14490184,-0.85681957,-0.49483693
1355984200829,-0.19635448,-0.41269025,0.8894559,-0.9678861,0.22679868,-0.10843837,-0.15697598,-0.8821843,-0.44397008
1355984200869,-0.057859927,-0.3697528,0.92732686,-0.9845108,0.175123,0.0083988905,-0.16550177,-0.9124773,-0.3741582
1355984200909,0.066444665,-0.31264427,0.9475435,-0.9835986,0.13907203,0.11486015,-0.16768718,-0.9396342,-0.2982759
1355984200949,0.16191693,-0.25222468,0.954026,-0.97326267,0.118796185,0.19658905,-0.16291925,-0.960349,-0.22624576
1355984200989,0.22414759,-0.19568154,0.95470756,-0.96267664,0.10802761,0.24816042,-0.15169519,-0.9746993,-0.16416395
1355984201029,0.25290942,-0.1464586,0.9563404,-0.95796883,0.10042602,0.26871985,-0.13539785,-0.984106,-0.114904135
1355984201069,0.24724546,-0.10595775,0.96314204,-0.96202374,0.09181848,0.25705954,-0.115671664,-0.9901223,-0.079232186
1355984201109,0.20251817,-0.07495111,0.976406,-0.9747314,0.08054465,0.20835355,-0.09426054,-0.993929,-0.05674541
1355984201150,0.11175671,-0.054658085,0.99223125,-0.9911028,0.06650463,0.115293115,-0.072289675,-0.99628794,-0.04673946
1355984201190,-0.031330466,-0.045241714,0.9984846,-0.99815774,0.053345323,-0.028903127,-0.051956862,-0.9975507,-0.0468297
1355984201229,-0.21144491,-0.043619156,0.9764161,-0.97669506,0.047093213,-0.20940155,-0.036848694,-0.9979376,-0.05256021
1355984201270,-0.3831538,-0.041303277,0.92276067,-0.92315495,0.050949395,-0.381037,-0.031275988,-0.99784684,-0.057650745
1355984201311,-0.5035086,-0.030343711,0.8634572,-0.8631279,0.06230426,-0.5011271,-0.038590997,-0.9975958,-0.05756122
1355984201350,-0.57033116,-0.011225134,0.8213382,-0.819461,0.0767023,-0.56797934,-0.056622922,-0.9969908,-0.052944303
1355984201391,-0.5927151,0.0133423805,0.80530167,-0.80098087,0.09497553,-0.59110844,-0.08437073,-0.9953902,-0.045606375
1355984201430,-0.5860744,0.036891878,0.8094169,-0.8019842,0.11597586,-0.5859786,-0.115490675,-0.9925667,-0.038383782
1355984201471,-0.55774426,0.055777878,0.82813656,-0.8167783,0.14057869,-0.55956304,-0.14762962,-0.988497,-0.032848775
1355984201510,-0.51084584,0.065909445,0.857142,-0.8408275,0.16931385,-0.51414186,-0.17901278,-0.9833558,-0.031074762
1355984201551,-0.4538948,0.06295246,0.88882875,-0.86630636,0.202286,-0.45672053,-0.20854929,-0.97730106,-0.0372805
1355984201589,-0.40680707,0.041542828,0.912569,-0.88318634,0.23738027,-0.40451506,-0.23343056,-0.9705281,-0.059877872
1355984201646,-0.3999486,-0.002580285,0.91653395,-0.8823062,0.27182662,-0.38424736,-0.24814686,-0.9623428,-0.110993266
1355984201670,-0.4532196,-0.06814486,0.8887903,-0.85655063,0.30935693,-0.4130608,-0.24680549,-0.9485012,-0.19857615
1355984201709,-0.5490744,-0.14320615,0.8234132,-0.8039954,0.3595935,-0.47358635,-0.22827357,-0.9220545,-0.3125807
1355984201750,-0.63611746,-0.20950148,0.7426059,-0.7449888,0.41730657,-0.5204296,-0.20086354,-0.8842875,-0.4215322
1355984201789,-0.6760899,-0.25929722,0.6896864,-0.71487474,0.45758012,-0.52874804,-0.17848393,-0.8505206,-0.49473035
1355984201829,-0.6608528,-0.2967537,0.6893553,-0.73120266,0.46160528,-0.5022581,-0.16916311,-0.83597714,-0.52204025
1355984201869,-0.5898973,-0.32471284,0.73931235,-0.78917193,0.42569134,-0.44271266,-0.17096436,-0.8445996,-0.50736845
1355984201909,-0.46807706,-0.33897808,0.8160869,-0.8660188,0.35971153,-0.3473027,-0.17582783,-0.869311,-0.4619341
1355984201949,-0.30784762,-0.3321587,0.89157194,-0.93489397,0.27958417,-0.21864593,-0.17664427,-0.9008348,-0.3966025
1355984201989,-0.13846987,-0.3022193,0.9431276,-0.97562563,0.2053206,-0.07744756,-0.17023736,-0.9308636,-0.3232836
1355984202029,0.010061383,-0.25601524,0.96662045,-0.98752517,0.14936566,0.049839437,-0.15713957,-0.9550634,-0.2513187
1355984202069,0.12002367,-0.20383692,0.9716197,-0.982893,0.113319695,0.14518967,-0.13969874,-0.9724244,-0.18674886
1355984202126,0.18355906,-0.15413943,0.9708487,-0.9755597,0.09278953,0.19918177,-0.12078634,-0.9836824,-0.13333988
1355984202148,0.19983351,-0.111623794,0.9734509,-0.9745445,0.08040905,0.20927837,-0.10163471,-0.9904921,-0.09271398
1355984202188,0.16268763,-0.07820803,0.9835732,-0.98327667,0.06984559,0.16819233,-0.08185229,-0.99448735,-0.065537125
1355984202225,0.06045571,-0.0547989,0.9966655,-0.9962869,0.058004647,0.06362191,-0.061297625,-0.99681115,-0.05108869
1355984202270,-0.11313516,-0.041552126,0.9927104,-0.9926668,0.047545254,-0.11114007,-0.042580545,-0.9980045,-0.04662645
1355984202319,-0.3187235,-0.034095407,0.9472343,-0.94722664,0.047628164,-0.3170066,-0.034306556,-0.998283,-0.047476232
1355984202371,-0.4479813,-0.017246604,0.89387655,-0.8927462,0.06245935,-0.44620973,-0.04813531,-0.9978985,-0.04337746
1355984202411,-0.47725904,0.0051880777,0.87874734,-0.8755332,0.08284366,-0.47600254,-0.07526821,-0.996549,-0.034995556
1355984202448,-0.4300828,0.029157847,0.9023185,-0.89537287,0.11407459,-0.43045846,-0.11548284,-0.99304426,-0.022954345
1355984202491,-0.33616078,0.045652658,0.94069743,-0.92781544,0.15546125,-0.33910203,-0.1617229,-0.9867865,-0.009902775
1355984202529,-0.22172022,0.048916012,0.9738826,-0.9527006,0.2020204,-0.22704479,-0.20785028,-0.97815895,0.0018103123
1355984202571,-0.10582459,0.037111014,0.99369204,-0.96270466,0.24640787,-0.11172703,-0.24899983,-0.96845543,0.009650946
1355984202647,-0.011924088,0.012322813,0.99985296,-0.95889986,0.28335178,-0.0149279535,-0.28349406,-0.9589368,0.008437693
1355984202650,0.05452147,-0.027008563,0.99814725,-0.9500568,0.30621955,0.060180545,-0.3072776,-0.95157766,-0.008964121
1355984202690,0.07242027,-0.082640976,0.9939445,-0.946831,0.30752257,0.09455627,-0.31347463,-0.9479453,-0.055976152
1355984202729,0.03394851,-0.1626569,0.9860985,-0.9550612,0.28541997,0.07996005,-0.29445827,-0.94449896,-0.14565772
1355984202770,-0.038987517,-0.263803,0.9637884,-0.9663805,0.25526744,0.03077805,-0.25414315,-0.9301863,-0.26488632
1355984202809,-0.11948453,-0.37043908,0.9211397,-0.97190356,0.23315193,-0.032306492,-0.20279789,-0.8991191,-0.38788915
1355984202860,-0.145656,-0.45331985,0.8793665,-0.9762816,0.20977281,-0.053569347,-0.16018316,-0.866312,-0.47312248
1355984202908,-0.090706274,-0.49604046,0.86354864,-0.9865463,0.16318263,-0.009890288,-0.13601014,-0.8528278,-0.50416857
1355984202938,0.010858759,-0.49698475,0.8676913,-0.99211586,0.102991864,0.071406186,-0.124852926,-0.8616257,-0.49194807
1355984202981,0.1347879,-0.45755175,0.87890756,-0.9834796,0.046388432,0.17497432,-0.12083092,-0.8879721,-0.4437402
1355984203019,0.25167882,-0.39000702,0.8857496,-0.9604142,0.012288466,0.27830493,-0.11942533,-0.9207299,-0.37147546
1355984203061,0.33860135,-0.3151943,0.88656735,-0.9334946,0.0056887865,0.35854656,-0.118055314,-0.9490102,-0.29230595
1355984203100,0.39801,-0.24215606,0.8848438,-0.9100976,0.017074734,0.4140423,-0.11537135,-0.9700871,-0.2135897
1355984203140,0.42697364,-0.18011248,0.886145,-0.8973987,0.03612727,0.43973908,-0.111216515,-0.9829824,-0.14620733
1355984203179,0.43537676,-0.12993425,0.8908222,-0.8940963,0.053076506,0.4447186,-0.10506597,-0.990101,-0.0930655
1355984203218,0.4226361,-0.092264146,0.9015908,-0.9011183,0.06344168,0.42890683,-0.09677121,-0.9937115,-0.056328177
1355984203258,0.39204258,-0.06761664,0.9174588,-0.9160177,0.06338602,0.39609832,-0.08493695,-0.9956959,-0.037088066
1355984203298,0.34274003,-0.055214763,0.93780625,-0.93683285,0.054094166,0.3455692,-0.06981036,-0.99700814,-0.033186764
1355984203340,0.27747265,-0.0523735,0.9593049,-0.9591706,0.041831464,0.27971762,-0.054778934,-0.99775106,-0.03862804
1355984203380,0.20506626,-0.053631335,0.9772776,-0.97765017,0.036057055,0.20712316,-0.04634601,-0.99790955,-0.04503858
1355984203421,0.13941726,-0.05325827,0.9888005,-0.9889183,0.043964535,0.1418019,-0.051024288,-0.99761254,-0.04653865
1355984203460,0.09247121,-0.0486795,0.9945247,-0.9931309,0.06740853,0.09564111,-0.07169521,-0.9965372,-0.042111754
1355984203500,0.068757325,-0.041632712,0.9967643,-0.9921891,0.10138443,0.0726763,-0.10408202,-0.99397576,-0.034336567
1355984203539,0.06608355,-0.03534344,0.997188,-0.98766077,0.1398884,0.07041031,-0.14198363,-0.98953635,-0.025663018
1355984203580,0.07943836,-0.03286013,0.996298,-0.980633,0.17691436,0.08402431,-0.17902046,-0.9836775,-0.01816988
1355984203649,0.101008266,-0.036266327,0.99422437,-0.9719254,0.20985845,0.10639787,-0.21250504,-0.977059,-0.014050782
1355984203656,0.122464776,-0.047868818,0.9913178,-0.96268964,0.23712885,0.13037863,-0.24131113,-0.9702982,-0.017042875
1355984203698,0.13118628,-0.072521955,0.98870146,-0.95566916,0.2559373,0.14557654,-0.26360306,-0.9639692,-0.035731494
1355984203738,0.11865583,-0.11676046,0.98604655,-0.95400417,0.26194152,0.14581725,-0.2753122,-0.9579946,-0.08030909
1355984203782,0.07597077,-0.18873274,0.97908545,-0.9595511,0.25312334,0.12324813,-0.2710903,-0.94884586,-0.16186875
1355984203818,0.011878327,-0.28521124,0.9583911,-0.96803784,0.23685266,0.08248377,-0.25052282,-0.9287386,-0.27328187
1355984203859,-0.046522066,-0.38392627,0.922191,-0.97398484,0.22240712,0.043457597,-0.22178638,-0.89617836,-0.38428527
1355984203899,-0.07073586,-0.45687246,0.88671523,-0.97764385,0.20821716,0.029292583,-0.19801229,-0.8648197,-0.46138698
1355984203939,-0.054047674,-0.49094796,0.86951077,-0.98095226,0.18881276,0.045633763,-0.18657851,-0.8504821,-0.49180138
1355984203979,-0.0072534084,-0.48531675,0.8743082,-0.98251176,0.16614044,0.08407119,-0.18605909,-0.85840833,-0.4780345
1355984204019,0.051513523,-0.4464478,0.8933256,-0.98049814,0.14726654,0.1301381,-0.1896568,-0.882608,-0.43015498
1355984204059,0.10506004,-0.38506126,0.9168916,-0.9760206,0.13682812,0.16929802,-0.19064668,-0.9126915,-0.36145258
1355984204099,0.1418656,-0.31323013,0.93902135,-0.9723251,0.1337953,0.1915273,-0.18562877,-0.94020516,-0.28558058
1355984204140,0.15725619,-0.24082345,0.9577445,-0.9720445,0.13347661,0.19316664,-0.1743555,-0.961347,-0.21310109
1355984204179,0.15079412,-0.17455164,0.97303295,-0.97582567,0.13122782,0.17476782,-0.15819505,-0.9758643,-0.15054357
1355984204219,0.12378496,-0.118721366,0.98518145,-0.9824728,0.12478012,0.13848153,-0.13937175,-0.9850559,-0.10119462
1355984204259,0.079583555,-0.0759072,0.99393386,-0.9896511,0.11341855,0.08790243,-0.119402945,-0.9906434,-0.06609541
1355984204299,0.020136237,-0.047942817,0.9986471,-0.99482423,0.09854007,0.02478984,-0.09959522,-0.99397755,-0.045710444
1355984204344,-0.05162552,-0.035932362,0.9980199,-0.995377,0.082897276,-0.048504204,-0.080990255,-0.99591005,-0.040045857
1355984204380,-0.12978417,-0.035334885,0.99091244,-0.9893568,0.07093018,-0.12705114,-0.065796256,-0.99685526,-0.04416442
1355984204421,-0.20386624,-0.039485037,0.9782021,-0.97734874,0.06619471,-0.20101652,-0.05681464,-0.99702513,-0.05208558
1355984204460,-0.26595753,-0.039249867,0.9631853,-0.9622334,0.071009874,-0.262801,-0.058080763,-0.9967031,-0.0566532
1355984204503,-0.31152737,-0.029951423,0.949765,-0.947484,0.08582145,-0.3080727,-0.07228297,-0.9958602,-0.05511421
1355984204550,-0.33811748,-0.008160025,0.9410686,-0.93525994,0.11417955,-0.33504036,-0.10471684,-0.9934267,-0.046237886
1355984204590,-0.35502458,0.015367925,0.93473065,-0.92463225,0.14170271,-0.35351875,-0.13788676,-0.98978996,-0.0360983
1355984204649,-0.3633085,0.03802979,0.93089235,-0.916221,0.16661203,-0.36438915,-0.16895553,-0.98528886,-0.025687873
1355984204670,-0.36557466,0.056955904,0.9290378,-0.90978444,0.18894774,-0.3695822,-0.19658947,-0.98033404,-0.017256856
1355984204712,-0.3658657,0.0670481,0.9282493,-0.90411794,0.21093023,-0.37159008,-0.22071022,-0.9751989,-0.016552687
1355984204750,-0.36893362,0.060507268,0.92748415,-0.8982229,0.23329955,-0.37251416,-0.2389215,-0.9705206,-0.031723022
1355984204793,-0.38956833,0.022150278,0.9207312,-0.8876659,0.25748587,-0.38177255,-0.24553165,-0.9660282,-0.08064628
1355984204829,-0.4274216,-0.04921466,0.9027118,-0.8720746,0.2856675,-0.39734113,-0.23832041,-0.9570643,-0.16501927
1355984204869,-0.48062786,-0.14508972,0.8648386,-0.8494631,0.32190433,-0.41807878,-0.21773636,-0.93558884,-0.2779646
1355984204909,-0.5250664,-0.2363913,0.81757224,-0.82857394,0.36136094,-0.42764878,-0.19434619,-0.9019631,-0.3856061
1355984204949,-0.5417384,-0.29845148,0.7857775,-0.8209093,0.38875404,-0.418304,-0.18063074,-0.87166345,-0.45560455
1355984204989,-0.5246505,-0.32615742,0.78636074,-0.8319253,0.39245826,-0.39227143,-0.18067154,-0.8599988,-0.477242
1355984205029,-0.47493702,-0.3247476,0.8179083,-0.85937893,0.3712687,-0.35160697,-0.18948022,-0.86988425,-0.45541048
1355984205069,-0.39781058,-0.30053988,0.8668463,-0.8956976,0.3318225,-0.29600644,-0.19867739,-0.8941866,-0.4011953
1355984205109,-0.30578122,-0.26107815,0.9156069,-0.93044686,0.28587815,-0.22922128,-0.20190734,-0.92201513,-0.33033544
1355984205149,-0.212701,-0.2130211,0.95361435,-0.95701593,0.24235788,-0.1593211,-0.19717717,-0.94651186,-0.2554143
1355984205189,-0.13182813,-0.16316241,0.9777522,-0.9737603,0.20590156,-0.09693006,-0.18550536,-0.9648744,-0.18602467
1355984205229,-0.07331589,-0.1178028,0.9903269,-0.9828618,0.17694083,-0.051715493,-0.16913703,-0.977146,-0.12875646
1355984205269,-0.04199341,-0.081257194,0.9958081,-0.9879023,0.15229747,-0.02923268,-0.14928374,-0.98498875,-0.08666968
1355984205309,-0.041288286,-0.055900723,0.9975823,-0.99108326,0.1288872,-0.033796906,-0.12668642,-0.9900825,-0.06072384
1355984205349,-0.072164804,-0.042601913,0.99648243,-0.99211836,0.10567722,-0.06733084,-0.10243708,-0.9934875,-0.049892306
1355984205390,-0.13100526,-0.039886117,0.990579,-0.9882122,0.08508739,-0.1272662,-0.079209596,-0.99557483,-0.0505628
1355984205429,-0.20416492,-0.04242897,0.9780166,-0.9770193,0.07132816,-0.20086235,-0.061237782,-0.99655014,-0.056016624
1355984205471,-0.26789153,-0.041921765,0.9625366,-0.9619812,0.066767514,-0.26482898,-0.053164095,-0.9968875,-0.058214366
1355984205510,-0.2997809,-0.03238684,0.9534582,-0.95215845,0.07236135,-0.29691434,-0.059377432,-0.9968525,-0.05252999
1355984205550,-0.29270166,-0.015876532,0.956072,-0.95285994,0.08838874,-0.29025054,-0.07989785,-0.9959595,-0.04099965
1355984205589,-0.24816185,0.0018856227,0.96871674,-0.9621911,0.11541307,-0.24671474,-0.11226782,-0.9933158,-0.026826799
1355984205650,-0.17204624,0.01318109,0.9850007,-0.97368,0.14946431,-0.17206895,-0.1494905,-0.9886793,-0.012880683
1355984205671,-0.07394847,0.012778193,0.9971801,-0.9797468,0.18565014,-0.07503468,-0.18608543,-0.9825328,-0.0012091398
1355984205710,0.034288704,-0.0021393597,0.9994097,-0.9753438,0.21806699,0.033929795,-0.21801081,-0.9759314,0.005390644
1355984205751,0.12537965,-0.031356454,0.9916132,-0.9617491,0.24152735,0.12924117,-0.2435543,-0.9698873,1.2558699E-4
1355984205790,0.19096735,-0.07649264,0.97861147,-0.94671726,0.24904743,0.2042101,-0.25934124,-0.96546584,-0.024856925
1355984205850,0.20695923,-0.14091712,0.9681479,-0.94344634,0.23321705,0.23562437,-0.2589921,-0.96216017,-0.08468133
1355984205868,0.17365497,-0.22923127,0.9577563,-0.9553977,0.19667947,0.220301,-0.23887089,-0.9532944,-0.18485266
1355984205908,0.10661754,-0.33457074,0.93631995,-0.97316563,0.15801182,0.16727471,-0.20391485,-0.92902887,-0.30874592
1355984205945,0.052887082,-0.43222493,0.9002136,-0.98401374,0.13096142,0.12068951,-0.17005825,-0.8922055,-0.41838908
1355984205988,0.059707463,-0.4980613,0.8650838,-0.98654485,0.102692544,0.12721464,-0.1521984,-0.86103964,-0.4852283
1355984206028,0.13646473,-0.5240694,0.84067154,-0.9788189,0.059402004,0.19592083,-0.1526137,-0.8496015,-0.5048628
1355984206068,0.25964946,-0.5107136,0.8196059,-0.95149064,0.009776659,0.3075223,-0.16506886,-0.8596953,-0.4834007
1355984206108,0.3941632,-0.46667978,0.79173565,-0.901278,-0.027731061,0.43235275,-0.17981458,-0.8839915,-0.43153876
1355984206148,0.51380324,-0.40594876,0.7557856,-0.8368243,-0.043041535,0.5457771,-0.18902734,-0.91288173,-0.36182266
1355984206188,0.60890263,-0.34090698,0.7162541,-0.77032435,-0.038633697,0.6364807,-0.18930918,-0.9393028,-0.2861331
1355984206228,0.6804911,-0.27897474,0.67757285,-0.7100949,-0.02287674,0.7037343,-0.18082343,-0.9600259,-0.21366596
1355984206268,0.73287016,-0.22387274,0.6424814,-0.65993834,-0.0042335987,0.7513079,-0.16547734,-0.9746092,-0.15084487
1355984206308,0.7706677,-0.17684275,0.6122075,-0.6204486,0.010837045,0.78417224,-0.14530969,-0.98417944,-0.10137007
1355984206348,0.79775745,-0.13763444,0.58706033,-0.59057486,0.018111344,0.8067795,-0.12167308,-0.99031746,-0.06683497
1355984206388,0.81687444,-0.10546954,0.5670911,-0.5688218,0.015814755,0.82230866,-0.0956969,-0.99429667,-0.047074705
1355984206428,0.8288761,-0.080463454,0.55361545,-0.5550128,0.005867727,0.831821,-0.07017964,-0.9967403,-0.039794624
1355984206469,0.8319799,-0.06429267,0.551068,-0.55248976,-0.005347222,0.83350253,-0.050641418,-0.9979168,-0.03996983
1355984206510,0.8209623,-0.05949235,0.5678746,-0.5693036,-0.009075634,0.82207733,-0.043753505,-0.9981875,-0.041319966
1355984206550,0.78860384,-0.06430751,0.61152965,-0.6127823,3.0886382E-4,0.79025173,-0.051007986,-0.99793005,-0.03916292
1355984206590,0.7241358,-0.076503575,0.6854009,-0.6855443,0.028528772,0.72747165,-0.07520777,-0.996661,-0.031787857
1355984206653,0.6210265,-0.08538589,0.77912474,-0.7761835,0.071150824,0.62647974,-0.108927906,-0.9938042,-0.022088572
1355984206672,0.487458,-0.083619565,0.8691332,-0.86032796,0.123940125,0.49444392,-0.14906567,-0.98876023,-0.011524677
1355984206710,0.34349945,-0.06770551,0.9367092,-0.9204591,0.17374161,0.35009846,-0.18644899,-0.9824611,-0.0026400387
1355984206751,0.21053627,-0.045093566,0.97654545,-0.95282316,0.2139472,0.21530128,-0.21863782,-0.97580385,0.0020774603
1355984206789,0.086327165,-0.024455935,0.9959667,-0.9661648,0.24183187,0.08968222,-0.24304977,-0.9700099,-0.0027518272
1355984206830,-0.04417339,-0.015858948,0.998898,-0.9656589,0.25692615,-0.038624346,-0.25603047,-0.9663009,-0.026663661
1355984206870,-0.20487481,-0.030515403,0.9783124,-0.94571924,0.26378584,-0.1898213,-0.25227246,-0.9640985,-0.082902014
1355984206910,-0.3917414,-0.07300994,0.917174,-0.8906443,0.28020257,-0.3581051,-0.23084924,-0.9571605,-0.17479283
1355984206949,-0.5700757,-0.13458744,0.8104937,-0.79787576,0.3260045,-0.50706553,-0.19597998,-0.9357389,-0.2932313
1355984206989,-0.69026923,-0.1916413,0.69771194,-0.70543027,0.3927116,-0.5900387,-0.16092378,-0.8994728,-0.40626627
1355984207029,-0.7472615,-0.22889066,0.62386644,-0.6499062,0.44759056,-0.61423504,-0.13864405,-0.8644489,-0.48322463
1355984207069,-0.76169395,-0.24369487,0.60036254,-0.6341591,0.47045234,-0.61360973,-0.13290842,-0.8481081,-0.512882
1355984207109,-0.75224113,-0.23757477,0.61456597,-0.6442181,0.46092132,-0.6103561,-0.13826135,-0.8550496,-0.49977392
1355984207149,-0.7295708,-0.21214478,0.65017,-0.6679402,0.42524046,-0.6107589,-0.1469093,-0.8798666,-0.45194304
1355984207189,-0.70440567,-0.17081559,0.68893737,-0.6932164,0.3741273,-0.61601937,-0.15252459,-0.9115102,-0.3819496
1355984207229,-0.68636715,-0.1191794,0.7174235,-0.71103835,0.31713277,-0.6275758,-0.15272439,-0.94086295,-0.30241066
1355984207269,-0.684792,-0.06417948,0.72590697,-0.7135514,0.2613551,-0.6500291,-0.14800096,-0.9631067,-0.22476923
1355984207309,-0.7040937,-0.012870729,0.70999044,-0.6963001,0.20871854,-0.68673337,-0.1393494,-0.9778911,-0.15591931
1355984207349,-0.74589986,0.028835893,0.66543365,-0.65370333,0.15984064,-0.73967767,-0.12769264,-0.98672163,-0.10037494
1355984207389,-0.8042761,0.05595541,0.59161556,-0.58332837,0.115703225,-0.8039533,-0.11343734,-0.9917065,-0.060416937
1355984207429,-0.86684066,0.06603712,0.49419275,-0.48913056,0.079479694,-0.86858183,-0.09663692,-0.9946467,-0.036595523
1355984207471,-0.91992617,0.061112806,0.38729966,-0.38426894,0.05580437,-0.9215331,-0.077930495,-0.99656963,-0.027852178
1355984207510,-0.9558768,0.048407122,0.28975192,-0.28760564,0.04675269,-0.9566071,-0.059853278,-0.9977329,-0.03076768
1355984207550,-0.9753837,0.03775453,0.21725819,-0.2153998,0.04783714,-0.97535354,-0.04721701,-0.99814135,-0.03852719
1355984207590,-0.9835858,0.03695658,0.1766159,-0.17459892,0.052120507,-0.9832592,-0.045543216,-0.99795675,-0.04481244
1355984207651,-0.984756,0.049975917,0.16660781,-0.16383375,0.055270135,-0.98493844,-0.05843164,-0.99722,-0.046239913
1355984207671,-0.98005337,0.076992676,0.18321443,-0.17906578,0.057772934,-0.98213935,-0.086202376,-0.99535644,-0.042833805
1355984207710,-0.96991915,0.1100438,0.21713409,-0.21132499,0.062097132,-0.9754413,-0.12082469,-0.991985,-0.03697419
1355984207751,-0.9528517,0.14582582,0.26609835,-0.25824434,0.07072675,-0.9634872,-0.15932158,-0.9867789,-0.02973336
1355984207790,-0.927651,0.17674324,0.3289764,-0.3183652,0.086200535,-0.94404083,-0.19521081,-0.980475,-0.023695111
1355984207832,-0.8933583,0.198818,0.402967,-0.38782653,0.111757696,-0.91493213,-0.22693965,-0.9736434,-0.022732735
1355984207870,-0.85022223,0.20413612,0.48523262,-0.46226096,0.15149856,-0.8737065,-0.2518671,-0.9671487,-0.03444326
1355984207908,-0.80895406,0.18237095,0.5588686,-0.52444744,0.20564336,-0.8262359,-0.26560903,-0.9614841,-0.07071209
1355984207960,-0.80819005,0.11884284,0.5768062,-0.5301692,0.2796229,-0.80045724,-0.25641683,-0.95272636,-0.16298169
1355984207999,-0.81955785,0.033882007,0.57199395,-0.5236212,0.36110175,-0.77163875,-0.23269267,-0.93191075,-0.27820247
1355984208039,-0.8406181,-0.044846654,0.53976846,-0.50227094,0.4374922,-0.7458716,-0.20269461,-0.8981032,-0.39028907
1355984208079,-0.8454473,-0.107624635,0.52310216,-0.5030009,0.48962024,-0.71222335,-0.17946865,-0.8652682,-0.46808338
1355984208119,-0.8208885,-0.15853028,0.54864395,-0.5453663,0.5026839,-0.67073435,-0.16946279,-0.84981006,-0.4991045
1355984208159,-0.75619817,-0.20331371,0.62195486,-0.6318679,0.47386584,-0.6133467,-0.17002137,-0.85680497,-0.4868039
1355984208199,-0.6368047,-0.24087682,0.7324331,-0.75111246,0.40830457,-0.5187653,-0.17409724,-0.8804918,-0.44093585
1355984208239,-0.45325342,-0.26198122,0.8520136,-0.87392986,0.3188183,-0.36688069,-0.17552173,-0.9108901,-0.37345874
1355984208279,-0.22729185,-0.25666106,0.93939525,-0.95854485,0.22918776,-0.16930667,-0.17184347,-0.93893456,-0.29811364
1355984208319,-0.005944252,-0.22679368,0.9739247,-0.9865818,0.16024077,0.031293094,-0.16315955,-0.96067035,-0.22470307
1355984208358,0.16793206,-0.18487608,0.9683076,-0.9742285,0.1189259,0.19166505,-0.15059114,-0.97553957,-0.1601401
1355984208399,0.28064197,-0.14260337,0.9491598,-0.9502131,0.09823197,0.29571193,-0.13540739,-0.98489326,-0.10793555
1355984208439,0.3299153,-0.105171084,0.93813384,-0.9365282,0.08840972,0.33926198,-0.11862075,-0.9905164,-0.06932801
1355984208479,0.29841253,-0.072836965,0.9516537,-0.94912136,0.08244011,0.30392823,-0.10059166,-0.9939308,-0.044529945
1355984208519,0.09892723,-0.041348487,0.9942353,-0.9917344,0.077944726,0.10192004,-0.08170962,-0.99609995,-0.03329587
1355984208560,-0.4849261,9.3618035E-4,0.87455463,-0.8722359,0.07226163,-0.4837177,-0.063649595,-0.99738526,-0.034224927
1355984208600,-0.9411904,0.032575637,0.33630258,-0.33418027,0.057075202,-0.94077945,-0.04984103,-0.99783826,-0.042832494
1355984208650,-0.9980263,0.0419158,0.04676117,-0.04449332,0.053496063,-0.99757636,-0.044315748,-0.99768794,-0.051525474
1355984208680,-0.99780744,0.052818473,-0.039882015,0.042621408,0.05179566,-0.9977478,-0.0506338,-0.99726,-0.053933263
1355984208721,-0.9965704,0.071251646,-0.042078078,0.045455962,0.046468914,-0.9978849,-0.06914562,-0.99637526,-0.049548388
1355984208759,-0.99515045,0.0981935,0.0057986863,-0.001746837,0.0412997,-0.99914527,-0.09834905,-0.99431,-0.040927887
1355984208800,-0.9875893,0.13005704,0.08804852,-0.08319167,0.042326987,-0.9956342,-0.13321607,-0.9906026,-0.030982018
1355984208840,-0.96585816,0.16110389,0.20288831,-0.19638102,0.055506945,-0.9789553,-0.16897523,-0.98537534,-0.021974146
1355984208880,-0.91606635,0.183528,0.35656685,-0.34602737,0.087679446,-0.93411845,-0.2027005,-0.97909635,-0.01681447
1355984208921,-0.82180077,0.18481459,0.53896856,-0.520127,0.14285469,-0.8420573,-0.23261866,-0.9723354,-0.02127105
1355984208960,-0.69261473,0.15173396,0.7051679,-0.67475367,0.20923305,-0.70776343,-0.2549362,-0.9660219,-0.042534888
1355984209001,-0.61935717,0.09188965,0.7797134,-0.73970675,0.26453304,-0.61875373,-0.263117,-0.9599888,-0.095869005
1355984209039,-0.62060547,0.01797229,0.78391695,-0.74150354,0.31165826,-0.5941731,-0.25499284,-0.95002425,-0.18009031
1355984209079,-0.6920372,-0.05291319,0.7199199,-0.6843801,0.36528027,-0.6310264,-0.22958292,-0.9293926,-0.28900027
1355984209119,-0.7527974,-0.11688766,0.647791,-0.62799585,0.42246318,-0.6535641,-0.19727427,-0.89881146,-0.39143413
1355984209159,-0.7669345,-0.17454754,0.61753106,-0.6184206,0.4580048,-0.63858247,-0.17136915,-0.87164485,-0.45920348
1355984209199,-0.7240951,-0.23086236,0.6499145,-0.6712618,0.4523267,-0.5872037,-0.15841047,-0.86145407,-0.48249662
1355984209239,-0.61213064,-0.28452176,0.7377964,-0.77523726,0.39987105,-0.4889891,-0.15589541,-0.8712925,-0.4653452
