1355991379700,0.6588722,0.33165473,-0.6751982,0.6057474,0.29829794,0.7376235,0.44604656,-0.8949992,-0.0043587685
1355991379721,-0.12349719,-0.066352606,0.99012417,-0.88644594,-0.44111025,-0.14012626,0.44605166,-0.89499676,-0.004342139
1355991379749,-0.12352705,-0.06630078,0.99012387,-0.88643146,-0.4411381,-0.14012998,0.4460721,-0.8949868,-0.0042786
1355991379790,-0.12365955,-0.066073805,0.99012256,-0.8863667,-0.44126272,-0.1401479,0.44616416,-0.89494216,-0.0039993227
1355991379832,-0.12444824,-0.06572145,0.9900471,-0.88614786,-0.441527,-0.14069772,0.4463794,-0.89483774,-0.0032916665
1355991379872,-0.12682277,-0.065533906,0.98975825,-0.88564,-0.4418903,-0.14274007,0.44671884,-0.8946722,-0.001997739
1355991379913,-0.13136774,-0.065525055,0.9891658,-0.8847348,-0.44237232,-0.14680257,0.44719884,-0.8944346,1.411736E-4
1355991379953,-0.13887143,-0.06596285,0.98811114,-0.8832799,-0.44293433,-0.15370694,0.44780728,-0.89412427,0.0032472014
1355991379992,-0.1494587,-0.06719914,0.9864818,-0.88120365,-0.4434821,-0.16371834,0.4484887,-0.89376056,0.0070661306
1355991380031,-0.16167676,-0.068549365,0.98446,-0.8786559,-0.4441387,-0.17522669,0.44924852,-0.89333177,0.011575639
1355991380073,-0.1748473,-0.0700959,0.9820972,-0.8757158,-0.44486594,-0.1876595,0.45005578,-0.8928498,0.016399562
1355991380111,-0.18796736,-0.07216334,0.9795207,-0.8726027,-0.44548464,-0.20026982,0.45081353,-0.89237654,0.020766586
1355991380152,-0.19961202,-0.074314475,0.9770529,-0.8696643,-0.44599515,-0.21159479,0.4514854,-0.8919449,0.024397314
1355991380193,-0.20929265,-0.07625812,0.9748751,-0.86710596,-0.4463786,-0.22107336,0.452022,-0.8915889,0.027299881
1355991380233,-0.21670175,-0.07769671,0.9731411,-0.865106,-0.44662005,-0.2283028,0.45236263,-0.89134383,0.02956742
1355991380272,-0.22183806,-0.07871103,0.97190154,-0.86374307,-0.4466629,-0.23332438,0.45247748,-0.8912333,0.03110069
1355991380312,-0.22507411,-0.07979122,0.971069,-0.86295974,-0.4464025,-0.23669675,0.45237395,-0.8912678,0.031617045
1355991380353,-0.22504973,-0.080642015,0.9710044,-0.8630692,-0.4459911,-0.23707315,0.45217735,-0.8913971,0.03077048
1355991380392,-0.22594625,-0.08359668,0.9705461,-0.86288154,-0.4452023,-0.23922846,0.4520881,-0.8915192,0.02845776
1355991380432,-0.22653961,-0.088092595,0.9700099,-0.8626447,-0.4442647,-0.24181157,0.45224306,-0.89155394,0.024650991
1355991380473,-0.22719705,-0.09371689,0.969329,-0.86224854,-0.4433086,-0.244959,0.45266867,-0.8914565,0.01991117
1355991380511,-0.22804022,-0.099512756,0.96855295,-0.8616653,-0.4425583,-0.24834433,0.45335463,-0.891201,0.015174508
1355991380552,-0.22899872,-0.10451329,0.96779996,-0.8609232,-0.44223934,-0.25146735,0.4542808,-0.890787,0.011294246
1355991380594,-0.22983837,-0.108092844,0.96720743,-0.8601159,-0.44245553,-0.25383788,0.45538437,-0.8902522,0.008720905
1355991380631,-0.23024124,-0.10998666,0.966898,-0.8594086,-0.44313085,-0.2550526,0.45651478,-0.8896842,0.007503569
1355991380672,-0.22990161,-0.110137016,0.96696186,-0.8590417,-0.44397998,-0.2548122,0.4573759,-0.8892422,0.0074593425
1355991380718,-0.22862661,-0.10847807,0.96745145,-0.8592997,-0.44456422,-0.25291634,0.45753014,-0.8891542,0.008424044
1355991380753,-0.22626156,-0.10500124,0.9683907,-0.86047375,-0.4443751,-0.24923006,0.45649818,-0.88966596,0.010194182
1355991380793,-0.22254872,-0.10000476,0.9697789,-0.8627651,-0.44301128,-0.24367464,0.45399165,-0.8909209,0.012310982
1355991380833,-0.21694899,-0.09412864,0.97163415,-0.86618817,-0.44044024,-0.23607302,0.45016798,-0.8928338,0.0140199065
1355991380874,-0.20870113,-0.08812624,0.97400075,-0.8704927,-0.43718535,-0.22607824,0.4457423,-0.8950434,0.014527857
1355991380916,-0.19725573,-0.08289018,0.9768415,-0.87527514,-0.4339158,-0.21356633,0.4415695,-0.8971323,0.013040692
1355991380953,-0.18184334,-0.07829672,0.9802054,-0.8800912,-0.43166435,-0.19775099,0.43860292,-0.89862984,0.00958696
1355991380994,-0.16410959,-0.07571855,0.9835318,-0.8840958,-0.4309566,-0.18069574,0.43754154,-0.8991902,0.0037816763
1355991381033,-0.14416027,-0.07502201,0.98670644,-0.8869153,-0.43242157,-0.16245875,0.43886107,-0.89854515,-0.00420022
1355991381073,-0.123333275,-0.07661918,0.989403,-0.8880923,-0.4363631,-0.14449635,0.44281018,-0.8965025,-0.014226764
1355991381115,-0.1032266,-0.08145887,0.9913167,-0.88730925,-0.44282824,-0.12878445,0.44947365,-0.89289844,-0.026567549
1355991381154,-0.08522236,-0.09079626,0.9922162,-0.88449347,-0.45156795,-0.117292285,0.4587028,-0.88760483,-0.041824967
1355991381195,-0.07031453,-0.10486567,0.9919975,-0.8801844,-0.46142948,-0.11116746,0.46939453,-0.8809575,-0.05985591
1355991381234,-0.059150457,-0.12443665,0.9904629,-0.8750324,-0.47106236,-0.11143878,0.48043683,-0.87327874,-0.08102256
1355991381275,-0.051647425,-0.1482118,0.98760617,-0.87011945,-0.478669,-0.11733809,0.49012724,-0.86539555,-0.10424
1355991381316,-0.047293425,-0.17475,0.9834764,-0.86620224,-0.48315293,-0.1275034,0.49745068,-0.85791945,-0.12851888
1355991381355,-0.045206785,-0.20109093,0.97852886,-0.8634006,-0.48484254,-0.13952476,0.50248957,-0.8511699,-0.15170386
1355991381396,-0.04447198,-0.2279847,0.9726486,-0.86123013,-0.48464525,-0.1529764,0.50626576,-0.8444774,-0.1747942
1355991381434,-0.04393202,-0.25460792,0.966046,-0.85906553,-0.4839862,-0.16662475,0.50997686,-0.837217,-0.19746244
1355991381476,-0.04270792,-0.28319523,0.9581109,-0.85616744,-0.48388803,-0.18118972,0.5149305,-0.8280416,-0.22179675
1355991381514,-0.039286196,-0.31491193,0.9483075,-0.8520571,-0.48519784,-0.19642225,0.5219724,-0.8157289,-0.24926141
1355991381555,-0.03232211,-0.3512531,0.9357224,-0.84630626,-0.48843968,-0.2125848,0.5317151,-0.79877895,-0.28148022
1355991381595,-0.020506501,-0.39384574,0.9189478,-0.8385481,-0.49374855,-0.23032475,0.54444146,-0.77530515,-0.32013357
1355991381643,-0.0024352074,-0.44085842,0.89757335,-0.829161,-0.5008605,-0.2482557,0.55900466,-0.7448373,-0.36432296
1355991381684,0.021538794,-0.49447906,0.86892265,-0.8181436,-0.50824136,-0.26894557,0.5746104,-0.7051107,-0.4155018
1355991381719,0.054769814,-0.5364378,0.84216076,-0.8083667,-0.51891905,-0.277968,0.5861258,-0.6655505,-0.46205962
1355991381751,0.0934889,-0.5559547,0.8259383,-0.800413,-0.5353303,-0.2697413,0.5921138,-0.635874,-0.49504086
1355991381796,0.12923336,-0.54523313,0.828263,-0.7965069,-0.5546055,-0.24081007,0.5906568,-0.62859654,-0.50595546
1355991381835,0.1615785,-0.50489485,0.84792304,-0.7961669,-0.5743747,-0.19029482,0.5831044,-0.6443407,-0.49478716
1355991381874,0.18465465,-0.43897346,0.8793208,-0.8008553,-0.58582115,-0.124275774,0.5696785,-0.68126047,-0.45972878
1355991381921,0.19272044,-0.3591978,0.9131461,-0.81138784,-0.5816668,-0.057561904,0.55182296,-0.7298223,-0.40354782
1355991381955,0.18279743,-0.27751046,0.9431718,-0.8269201,-0.5622956,-0.005178362,0.5317784,-0.7789811,-0.3322652
1355991381995,0.15437621,-0.20655456,0.9661797,-0.8447236,-0.53480494,0.020636737,0.512455,-0.8193406,-0.2570427
1355991382044,0.11164504,-0.14424607,0.9832235,-0.86102355,-0.50803393,0.02323693,0.49615902,-0.8491729,-0.18091872
1355991382076,0.051981807,-0.10217437,0.99340737,-0.87375855,-0.4863407,-0.004300356,0.4835739,-0.8677747,-0.11455658
1355991382117,-0.011919677,-0.07223418,0.9973165,-0.87905335,-0.47460598,-0.044881195,0.47657433,-0.87722933,-0.057840556
1355991382168,-0.08457816,-0.060841173,0.9945576,-0.8757421,-0.47159314,-0.10332325,0.47531283,-0.87971485,-0.013394713
1355991382192,-0.16425484,-0.07040724,0.98390204,-0.86158574,-0.4754337,-0.17785671,0.4803025,-0.87692976,0.017430365
1355991382232,-0.2532423,-0.106266886,0.96154857,-0.8328371,-0.48174673,-0.2725846,0.49218962,-0.86984336,0.033495665
1355991382276,-0.35426545,-0.17243895,0.9191086,-0.7841264,-0.4807691,-0.39243692,0.5095506,-0.8597242,0.035106033
1355991382312,-0.46058547,-0.26173556,0.8481484,-0.7128028,-0.46034342,-0.5291466,0.52893597,-0.8482798,0.025461614
1355991382355,-0.5570441,-0.35263747,0.75189674,-0.6261606,-0.41640836,-0.6591866,0.54555,-0.8380041,0.011150122
1355991382396,-0.6319236,-0.4220207,0.6500547,-0.5417547,-0.35927087,-0.7598858,0.5542332,-0.8323599,-0.0016000271
1355991382435,-0.68587816,-0.46193025,0.5623091,-0.4734852,-0.30350375,-0.8268598,0.5526145,-0.83337015,-0.010550499
1355991382475,-0.72350967,-0.47322592,0.5025844,-0.43144408,-0.25835,-0.86435604,0.5388784,-0.84220695,-0.01725185
1355991382515,-0.7503864,-0.46753517,0.46725902,-0.41035327,-0.2246821,-0.8838145,0.5181991,-0.8549437,-0.023256123
1355991382556,-0.7680632,-0.45119217,0.45442766,-0.40854666,-0.20120144,-0.8902851,0.49312115,-0.86945015,-0.029797554
1355991382595,-0.7754057,-0.43164518,0.4608995,-0.4231452,-0.18659467,-0.88664,0.46871528,-0.88253313,-0.03796196
1355991382636,-0.77280116,-0.415792,0.47947395,-0.4499247,-0.17389423,-0.87597287,0.4476003,-0.89268005,-0.052689373
1355991382676,-0.7594803,-0.41598392,0.5001471,-0.48295015,-0.15454197,-0.86190253,0.4358313,-0.8961441,-0.08352798
1355991382743,-0.73724025,-0.44297448,0.51014733,-0.51342154,-0.123493016,-0.8492042,0.43917543,-0.8879882,-0.13638866
1355991382753,-0.71100444,-0.49687934,0.49757773,-0.53423727,-0.0784117,-0.84169,0.45723432,-0.8642699,-0.2097004
1355991382808,-0.682,-0.56179047,0.46826014,-0.55049145,-0.027198792,-0.8343976,0.48149273,-0.82683235,-0.29071122
1355991382831,-0.6500406,-0.6134803,0.44842952,-0.5724299,0.0072137117,-0.8199219,0.49977118,-0.78967696,-0.3558637
1355991382871,-0.61827177,-0.64087194,0.45499796,-0.59860677,0.008817375,-0.8009945,0.509323,-0.7675972,-0.38908184
1355991382909,-0.58825153,-0.64431417,0.48869148,-0.62355256,-0.023393989,-0.7814313,0.51491976,-0.764403,-0.38800222
1355991382954,-0.56076825,-0.62432796,0.5438323,-0.64391154,-0.08406156,-0.76046807,0.52049685,-0.77662617,-0.35487288
1355991382992,-0.53815496,-0.58763766,0.60421115,-0.65909064,-0.15342164,-0.73624814,0.5253462,-0.7944455,-0.30474186
1355991383034,-0.5194631,-0.53448147,0.66669905,-0.672262,-0.22599608,-0.7049749,0.52746737,-0.81440485,-0.24191499
1355991383073,-0.5088257,-0.47560447,0.71756303,-0.6815644,-0.2866361,-0.6732828,0.52589583,-0.831649,-0.17830724
1355991383114,-0.50476116,-0.41698277,0.7558714,-0.6878196,-0.33484453,-0.64403677,0.5216516,-0.84498787,-0.11779237
1355991383153,-0.5115671,-0.37081638,0.7751093,-0.6859181,-0.36707222,-0.6283108,0.517509,-0.85308456,-0.06656754
1355991383192,-0.5285783,-0.34406617,0.77603066,-0.67360663,-0.38631296,-0.63009244,0.51658416,-0.85579246,-0.027568579
1355991383232,-0.5568144,-0.34242922,0.7567694,-0.64693123,-0.3926682,-0.6536755,0.5209969,-0.8535537,-0.0028848648
1355991383274,-0.59342706,-0.36679974,0.7164511,-0.60467625,-0.3843282,-0.69760907,0.53123516,-0.8472011,0.0062757134
1355991383312,-0.63058037,-0.40566364,0.66166866,-0.55373365,-0.36221367,-0.74978685,0.5438267,-0.83918905,0.003775239
1355991383356,-0.66032994,-0.44478288,0.6050889,-0.5059649,-0.33191353,-0.79613626,0.55494493,-0.8318664,-0.005872071
1355991383392,-0.67974937,-0.46833715,0.5644476,-0.47548977,-0.3045587,-0.82532024,0.5584355,-0.82939994,-0.015665948
1355991383436,-0.6894932,-0.4691785,0.5517886,-0.4715429,-0.28748542,-0.83366627,0.54976946,-0.83499926,-0.023018539
1355991383472,-0.6899098,-0.44987372,0.5671314,-0.49418887,-0.2797749,-0.8231059,0.52896285,-0.84813887,-0.029303074
1355991383515,-0.67937136,-0.41904673,0.602374,-0.5359658,-0.27731758,-0.797393,0.5011938,-0.86457783,-0.036193073
1355991383554,-0.65600497,-0.38366634,0.6499674,-0.58995634,-0.27646464,-0.75862956,0.4707536,-0.8811172,-0.04498422
1355991383595,-0.6169227,-0.3490154,0.70540386,-0.6508098,-0.2777642,-0.7066071,0.44255275,-0.8950057,-0.05578357
1355991383633,-0.5660536,-0.32103783,0.75928783,-0.71032864,-0.2774694,-0.6468724,0.41834965,-0.9055084,-0.07097983
1355991383675,-0.5038514,-0.30463958,0.80828744,-0.76491654,-0.27736467,-0.58135325,0.40129358,-0.91118807,-0.09327334
1355991383729,-0.44377607,-0.31509948,0.838913,-0.80335546,-0.27493542,-0.5282334,0.397093,-0.90836275,-0.13112712
1355991383755,-0.39137572,-0.3590638,0.8472887,-0.8246736,-0.271707,-0.49607337,0.40833628,-0.8928877,-0.18977094
1355991383793,-0.3535291,-0.43613535,0.8275283,-0.82933456,-0.26307088,-0.49294806,0.43269068,-0.86056936,-0.26869887
1355991383835,-0.32109475,-0.5190772,0.7921218,-0.82847834,-0.2512678,-0.5004879,0.4588266,-0.81695986,-0.34936345
1355991383873,-0.2832681,-0.5753999,0.767251,-0.8321055,-0.25029987,-0.49492466,0.4768224,-0.77863014,-0.40789145
1355991383913,-0.2355637,-0.5903679,0.7719945,-0.8420569,-0.2726199,-0.46542317,0.485232,-0.7597,-0.432904
1355991383953,-0.17887175,-0.56344986,0.80655384,-0.8548722,-0.31679344,-0.410896,0.48703024,-0.76299816,-0.42501223
1355991383993,-0.11818224,-0.5008921,0.8574031,-0.86619824,-0.37018412,-0.33565497,0.485524,-0.78234947,-0.39012265
1355991384033,-0.061989307,-0.4156818,0.9073951,-0.8731568,-0.4178151,-0.2510532,0.48348165,-0.80786085,-0.33705533
1355991384073,-0.018029392,-0.32314178,0.9461788,-0.8755635,-0.4518292,-0.17099392,0.48276648,-0.8315226,-0.27478498
1355991384113,0.009263694,-0.23602924,0.97170174,-0.8749031,-0.4724607,-0.10642123,0.4842094,-0.84915906,-0.21087947
1355991384153,0.018158257,-0.16302064,0.98645556,-0.8726685,-0.48410898,-0.06393963,0.48797548,-0.8596876,-0.15105355
1355991384193,0.007938981,-0.10924673,0.993983,-0.869404,-0.49185055,-0.047114342,0.49403816,-0.86379874,-0.098884374
1355991384233,-0.022866309,-0.07831362,0.9966665,-0.86441576,-0.49929625,-0.059064567,0.5022574,-0.8628848,-0.056278437
1355991384273,-0.077845275,-0.075080335,0.99413437,-0.85513824,-0.50759375,-0.1052964,0.51252204,-0.85831904,-0.02469033
1355991384313,-0.16267264,-0.10669935,0.98089397,-0.83555126,-0.5138463,-0.19446382,0.52477777,-0.8512211,-0.0055640936
1355991384354,-0.28068006,-0.17873102,0.9430132,-0.79473543,-0.50761175,-0.332755,0.5381583,-0.8428438,4.326105E-4
1355991384393,-0.41894162,-0.28039387,0.863636,-0.72243094,-0.4732644,-0.5040976,0.5500741,-0.8351048,-0.004295051
1355991384434,-0.5439125,-0.37819302,0.7490856,-0.627501,-0.40937328,-0.66231114,0.5571371,-0.8302912,-0.0146532655
1355991384476,-0.6325231,-0.44194323,0.6360823,-0.5391819,-0.33833873,-0.77123916,0.5560552,-0.83079064,-0.024280727
1355991384515,-0.6870162,-0.46704018,0.55667055,-0.48084748,-0.28215617,-0.8301648,0.54478836,-0.8380103,-0.030729175
1355991384555,-0.7192548,-0.4639437,0.51713514,-0.45631388,-0.24581397,-0.8551919,0.5238799,-0.8510768,-0.034901083
1355991384595,-0.7370328,-0.44723338,0.5067198,-0.45579922,-0.22466844,-0.86126137,0.4990288,-0.8657403,-0.03826064
1355991384636,-0.7424402,-0.4243353,0.5183841,-0.4739195,-0.21422166,-0.8541132,0.4734795,-0.8798003,-0.042053998
1355991384674,-0.733438,-0.4000874,0.54954416,-0.5089233,-0.21274328,-0.8341087,0.45062822,-0.8914429,-0.047579765
1355991384733,-0.71128917,-0.37991655,0.5913808,-0.5547184,-0.21331215,-0.80422974,0.43168887,-0.9000896,-0.059020042
1355991384755,-0.677017,-0.37375772,0.6339978,-0.6039968,-0.21004844,-0.7688092,0.42051864,-0.9034295,-0.08354211
1355991384795,-0.64204276,-0.39802957,0.6552508,-0.63924944,-0.19390553,-0.74415106,0.42325088,-0.8966455,-0.1299445
1355991384834,-0.61777043,-0.45996273,0.6378041,-0.64991784,-0.1579482,-0.7434106,0.44268113,-0.8737773,-0.20136231
1355991384876,-0.59783816,-0.5358372,0.59621143,-0.6495538,-0.11203492,-0.75201595,0.46975458,-0.8368553,-0.2810763
1355991384914,-0.57312226,-0.59678954,0.56158096,-0.6544005,-0.07917774,-0.7519912,0.49324518,-0.79848176,-0.34516084
1355991384953,-0.5346953,-0.6263702,0.56724,-0.67576027,-0.08610922,-0.7320747,0.5073943,-0.7747552,-0.37723386
1355991384994,-0.47797805,-0.6198912,0.6223117,-0.71286935,-0.14016062,-0.6871479,0.5131806,-0.77206856,-0.37490785
1355991385033,-0.40217245,-0.5767615,0.71105796,-0.7579417,-0.22592902,-0.611948,0.5135967,-0.7850492,-0.34628916
1355991385073,-0.31272048,-0.50026023,0.8074315,-0.80077755,-0.3183267,-0.50736904,0.5108436,-0.80523777,-0.3010499
1355991385113,-0.22359723,-0.4044,0.8868286,-0.8325076,-0.39394057,-0.3895408,0.506888,-0.82539177,-0.24858207
1355991385153,-0.14773315,-0.30612758,0.9404578,-0.85128474,-0.44470537,-0.2784809,0.5034772,-0.8417382,-0.19490406
1355991385193,-0.091798484,-0.21750697,0.9717323,-0.86023676,-0.47420514,-0.18740901,0.50156325,-0.8531238,-0.14357612
1355991385233,-0.05888456,-0.14620641,0.9875,-0.863253,-0.48932332,-0.12392354,0.5013252,-0.8597595,-0.0973995
1355991385274,-0.051137507,-0.0975602,0.99391496,-0.86253536,-0.49734026,-0.09319562,0.50340605,-0.8620526,-0.058716416
1355991385313,-0.07315582,-0.07795197,0.99426943,-0.8575295,-0.5040962,-0.10261664,0.5092066,-0.86012244,-0.02996853
1355991385353,-0.12865037,-0.0937596,0.98724777,-0.84421813,-0.5119867,-0.15863565,0.5203313,-0.8538611,-0.013286233
1355991385393,-0.2200144,-0.15025353,0.96385556,-0.81483877,-0.5149165,-0.2662684,0.5363129,-0.8439698,-0.009143382
1355991385434,-0.33231717,-0.2363604,0.9130713,-0.7635126,-0.5009426,-0.40755993,0.55372727,-0.8325805,-0.013992339
1355991385474,-0.4304062,-0.317164,0.8450784,-0.7027536,-0.46981102,-0.5342424,0.5664696,-0.8238231,-0.02067849
1355991385515,-0.48770422,-0.36045027,0.7951228,-0.6627084,-0.44003046,-0.60596275,0.5682977,-0.82246506,-0.024268687
1355991385554,-0.5023504,-0.36001012,0.78615314,-0.66190743,-0.42489147,-0.61753196,0.55634755,-0.830578,-0.024848998
1355991385595,-0.48335445,-0.3287905,0.8113355,-0.69426733,-0.42057377,-0.5840467,0.5332554,-0.84558535,-0.024982274
1355991385634,-0.43940097,-0.28326917,0.8524585,-0.7431495,-0.41847754,-0.52211624,0.50463414,-0.8629225,-0.026631892
1355991385674,-0.37717777,-0.2353057,0.89575,-0.7948078,-0.41424155,-0.44349116,0.4754129,-0.8792241,-0.030780017
1355991385733,-0.30450183,-0.19319338,0.93271375,-0.8407152,-0.4057867,-0.35851792,0.44774613,-0.89331603,-0.038857847
1355991385755,-0.22934932,-0.16449046,0.9593445,-0.8761072,-0.39452964,-0.27709654,0.42406955,-0.9040406,-0.05362621
1355991385797,-0.16806293,-0.16662082,0.97159266,-0.8965728,-0.38386595,-0.22091633,0.4097706,-0.90823144,-0.084874034
1355991385836,-0.11406219,-0.19581872,0.973984,-0.9057366,-0.3823288,-0.18293676,0.40820464,-0.9030391,-0.13375086
1355991385877,-0.078369975,-0.2628471,0.9616494,-0.9021014,-0.3918985,-0.18063447,0.4243482,-0.88166153,-0.20640162
1355991385914,-0.04503441,-0.34575236,0.93724453,-0.89141464,-0.40959686,-0.19393384,0.4509455,-0.84420717,-0.2897628
1355991385955,-0.003015995,-0.4113861,0.91145617,-0.8796375,-0.43243307,-0.19808957,0.4756351,-0.8023485,-0.36056644
1355991385993,0.05055225,-0.43406898,0.89946026,-0.86913985,-0.4627673,-0.17447788,0.4919762,-0.7729364,-0.40066057
1355991386032,0.109669775,-0.40712932,0.90676254,-0.85771286,-0.49977085,-0.120655835,0.50229603,-0.76450956,-0.40400976
1355991386072,0.16335344,-0.34115493,0.9257046,-0.84407866,-0.53407764,-0.047877103,0.5107317,-0.7735466,-0.37520504
1355991386112,0.20325339,-0.25104177,0.94639635,-0.8311732,-0.55513465,0.031251997,0.5175319,-0.7929714,-0.32149222
1355991386152,0.22494775,-0.1556313,0.9618615,-0.8236868,-0.55772394,0.102392286,0.5205177,-0.8153055,-0.2536502
1355991386192,0.22938377,-0.0694806,0.970853,-0.82322466,-0.5460254,0.15542644,0.5193113,-0.83488244,-0.18244748
1355991386232,0.22004676,-1.8879771E-4,0.9754893,-0.827701,-0.5292343,0.18660688,0.5162272,-0.8484757,-0.11661255
1355991386272,0.20042127,0.049856067,0.9784404,-0.83391845,-0.5154973,0.1970847,0.5142093,-0.85543954,-0.061740696
1355991386312,0.17256403,0.07975739,0.98176396,-0.8394039,-0.5096098,0.1889416,0.515386,-0.856701,-0.020991683
1355991386370,0.13726127,0.08830887,0.98659056,-0.8424747,-0.5134323,0.1631678,0.5209566,-0.85357416,0.003923595
1355991386392,0.09437078,0.07320279,0.99284214,-0.8420137,-0.5262052,0.118831724,0.5311375,-0.8472009,0.011979386
1355991386432,0.043326676,0.032691568,0.998526,-0.8376206,-0.54356277,0.054141045,0.54453146,-0.8387317,0.0038322955
1355991386469,-0.0142970085,-0.028168023,0.999501,-0.8297341,-0.5574772,-0.027579486,0.55797577,-0.8297143,-0.015401766
1355991386514,-0.07291812,-0.09587067,0.99271935,-0.8203772,-0.5602691,-0.11436641,0.56715447,-0.8227437,-0.03779629
1355991386552,-0.12439728,-0.1521461,0.9804983,-0.81358784,-0.5500154,-0.18856817,0.567979,-0.82117885,-0.055363834
1355991386593,-0.16241235,-0.18817398,0.96861386,-0.81419325,-0.5289903,-0.23928759,0.557415,-0.82750213,-0.06729546
1355991386632,-0.18459356,-0.2049332,0.96121156,-0.8228266,-0.5026292,-0.26517978,0.53747714,-0.8398609,-0.07584241
1355991386682,-0.19128251,-0.20710221,0.95943713,-0.839831,-0.4714015,-0.2691925,0.50803053,-0.8572569,-0.08375996
1355991386732,-0.1802274,-0.20068622,0.9629347,-0.85822225,-0.44623625,-0.25362945,0.48059624,-0.8721229,-0.09180939
1355991386765,-0.16235107,-0.19548771,0.96717453,-0.87455606,-0.42539644,-0.23278624,0.45693946,-0.88364154,-0.10190135
1355991386806,-0.1419478,-0.19940972,0.9695806,-0.88744557,-0.40827757,-0.21389192,0.43851012,-0.8908115,-0.11901116
1355991386845,-0.12002933,-0.21834436,0.9684621,-0.8955711,-0.39716154,-0.20053726,0.428422,-0.89139694,-0.14787194
1355991386892,-0.09949887,-0.26384613,0.9594192,-0.8963907,-0.39480054,-0.20153493,0.43195337,-0.88006693,-0.197227
1355991386934,-0.077861786,-0.34871462,0.9339891,-0.8875624,-0.4024282,-0.22424224,0.45406014,-0.8464335,-0.2781722
1355991386975,-0.04420328,-0.42424425,0.90446824,-0.8790629,-0.41363066,-0.23697677,0.47465187,-0.80555975,-0.35465354
1355991387016,-0.008422673,-0.46690705,0.8842663,-0.874279,-0.42577136,-0.23314175,0.4853508,-0.7750591,-0.40462095
1355991387053,0.021059036,-0.471874,0.8814144,-0.87297606,-0.4383899,-0.213839,0.48730823,-0.76495045,-0.42116675
1355991387093,0.03765434,-0.4404713,0.89697665,-0.8741877,-0.44938576,-0.1839787,0.4841259,-0.77719843,-0.4019759
1355991387134,0.037423253,-0.38657993,0.9214964,-0.87650543,-0.45557714,-0.15552449,0.4799353,-0.80187625,-0.3558886
1355991387173,0.021037042,-0.32440025,0.945686,-0.8788168,-0.45700383,-0.13721725,0.47669542,-0.8281981,-0.29470235
1355991387213,-0.008361042,-0.265123,0.9641783,-0.8798655,-0.45620996,-0.1330753,0.47514907,-0.84945995,-0.22945818
1355991387253,-0.04675603,-0.2157172,0.97533584,-0.87824297,-0.45632476,-0.14302793,0.4759235,-0.8632693,-0.16811615
1355991387293,-0.090418816,-0.17994887,0.97951156,-0.8727477,-0.45945203,-0.16497067,0.47972482,-0.8697829,-0.11550689
1355991387333,-0.13652563,-0.1596745,0.9776835,-0.8625281,-0.46625763,-0.19659391,0.48724335,-0.8701196,-0.07406768
1355991387374,-0.18313098,-0.15558746,0.9706984,-0.8469682,-0.47632438,-0.2361354,0.49910706,-0.8653945,-0.044547856
1355991387413,-0.2288366,-0.16765556,0.95891887,-0.8260747,-0.4876979,-0.28240278,0.5150091,-0.85676277,-0.0268929
1355991387453,-0.27169722,-0.19553986,0.9423082,-0.80073464,-0.49722248,-0.33405656,0.5338582,-0.8453011,-0.021481514
1355991387493,-0.2692893,-0.20895037,0.94011855,-0.7887573,-0.51225644,-0.339787,0.5525805,-0.8330264,-0.02686593
1355991387533,-0.3342666,-0.27389973,0.9018008,-0.7521817,-0.49900478,-0.4303683,0.5678807,-0.82217586,-0.039221734
1355991387573,-0.38041693,-0.32335258,0.86644447,-0.7236099,-0.4793538,-0.49659705,0.5759094,-0.8158817,-0.05162677
1355991387615,-0.41551363,-0.35248488,0.8385123,-0.70637745,-0.45572895,-0.5416105,0.5730438,-0.8173528,-0.059625804
1355991387654,-0.44381976,-0.3644142,0.81867343,-0.6996404,-0.42993492,-0.5706655,0.5599349,-0.8260497,-0.06414527
1355991387737,-0.46749043,-0.3632245,0.80592847,-0.70267916,-0.40048438,-0.58809376,0.5363718,-0.8412373,-0.06800765
1355991387741,-0.48572248,-0.35774022,0.79755604,-0.709112,-0.37224448,-0.5988274,0.5111104,-0.85642046,-0.072870314
1355991387775,-0.4988553,-0.35218462,0.7919024,-0.71737266,-0.34493244,-0.60530823,0.48633304,-0.8700504,-0.08057624
1355991387814,-0.50641686,-0.3497201,0.78818643,-0.7266171,-0.3190995,-0.60844314,0.46429467,-0.88083565,-0.09251523
1355991387855,-0.5075101,-0.3542072,0.78547484,-0.73680675,-0.29420537,-0.6087356,0.44670945,-0.8876826,-0.11167002
1355991387894,-0.5001273,-0.3734858,0.7812689,-0.74751556,-0.26924133,-0.6072311,0.43714207,-0.8877035,-0.14453149
1355991387935,-0.48289615,-0.4144023,0.77141565,-0.7576011,-0.24407625,-0.6053655,0.43914908,-0.8767539,-0.19608814
1355991387974,-0.45699334,-0.47949654,0.74915963,-0.7651798,-0.21748924,-0.60596883,0.45349413,-0.8501656,-0.26750994
1355991388015,-0.42715812,-0.55035555,0.71738744,-0.771191,-0.19243306,-0.60682285,0.47201744,-0.81245196,-0.3422299
1355991388055,-0.40028447,-0.60239995,0.6905698,-0.77692044,-0.17654365,-0.60434014,0.4859702,-0.77842575,-0.39734912
1355991388093,-0.3782335,-0.6219655,0.68563706,-0.7840409,-0.17853916,-0.5944775,0.49215764,-0.7624188,-0.42011696
1355991388133,-0.35989684,-0.60621274,0.709211,-0.7927246,-0.20216376,-0.5750804,0.49199784,-0.7691786,-0.40780163
1355991388173,-0.34000623,-0.5604704,0.7551614,-0.8037724,-0.24367523,-0.54274535,0.48820674,-0.79151464,-0.36763954
1355991388213,-0.31609672,-0.49397203,0.8099842,-0.8167192,-0.29274988,-0.49725974,0.48275518,-0.8187119,-0.3108992
1355991388259,-0.28912228,-0.41660008,0.86188906,-0.829919,-0.33965367,-0.44257188,0.47711927,-0.8432555,-0.24754286
1355991388292,-0.26287484,-0.34079406,0.90263855,-0.84110343,-0.37740237,-0.38744348,0.47269633,-0.8610615,-0.18743354
1355991388332,-0.24049634,-0.27156982,0.93188584,-0.84881926,-0.40683955,-0.33762005,0.4708155,-0.8721992,-0.13267028
1355991388373,-0.2256341,-0.21409634,0.9503957,-0.8522066,-0.42932576,-0.29903746,0.47205222,-0.8774065,-0.08558375
1355991388412,-0.22086722,-0.17315891,0.9598092,-0.85064304,-0.44720757,-0.27642694,0.4770997,-0.87750864,-0.04852289
1355991388452,-0.22861439,-0.15368602,0.96130955,-0.8430582,-0.46253252,-0.27443817,0.48681426,-0.8731805,-0.023824602
1355991388493,-0.25072026,-0.16026342,0.95470154,-0.8278621,-0.47568816,-0.29726273,0.5017805,-0.864891,-0.013411343
1355991388532,-0.28660297,-0.19089311,0.938839,-0.8049453,-0.4834355,-0.3440251,0.51954013,-0.85431254,-0.015104532
1355991388575,-0.330181,-0.23709446,0.9136557,-0.7761437,-0.48267514,-0.40574092,0.53719777,-0.8430961,-0.024649203
1355991388612,-0.37290704,-0.2810871,0.8842683,-0.74793345,-0.4729411,-0.4657492,0.5491229,-0.83505493,-0.033871353
1355991388656,-0.40522194,-0.30655044,0.8612908,-0.7302682,-0.4582439,-0.5066762,0.5500032,-0.83428967,-0.038173497
1355991388694,-0.42094564,-0.3080016,0.8531939,-0.7303591,-0.44272387,-0.5201645,0.53794086,-0.84209895,-0.03858912
1355991388734,-0.41642982,-0.29063645,0.861462,-0.7475225,-0.4298718,-0.5063799,0.5174906,-0.8548338,-0.038245857
1355991388773,-0.38970286,-0.26089373,0.8832135,-0.7774941,-0.42080736,-0.4673588,0.4935937,-0.86882424,-0.038853467
1355991388814,-0.3374166,-0.22251955,0.9146776,-0.81551754,-0.41623247,-0.4020968,0.47019288,-0.88160974,-0.041024864
1355991388853,-0.26191384,-0.18048197,0.9480651,-0.8548333,-0.41258192,-0.3147002,0.4479522,-0.8928619,-0.046221077
1355991388895,-0.16771477,-0.1421349,0.97553545,-0.88782287,-0.40837377,-0.21213502,0.42853492,-0.9016809,-0.057700276
1355991388936,-0.07520825,-0.1276277,0.9889666,-0.905993,-0.40555924,-0.121236384,0.41655767,-0.9051148,-0.0851284
1355991388976,0.013710856,-0.13959885,0.99011326,-0.90917444,-0.41389292,-0.045765877,0.4161897,-0.8995581,-0.13259453
1355991389013,0.08830184,-0.18338981,0.9790664,-0.8984902,-0.43899214,-0.0011933148,0.43002126,-0.8795761,-0.20353776
1355991389053,0.16015023,-0.23594859,0.95847803,-0.8781502,-0.477494,0.029183716,0.45078164,-0.8463615,-0.28366914
1355991389093,0.23650885,-0.2659163,0.9345331,-0.8513759,-0.52020246,0.067442894,0.46821225,-0.8115898,-0.34942716
1355991389133,0.31772497,-0.25169516,0.91416645,-0.818751,-0.559091,0.13062951,0.47822344,-0.789979,-0.38371283
1355991389173,0.39617684,-0.1932615,0.8976046,-0.78048086,-0.58580875,0.21835244,0.48362544,-0.7870693,-0.38292074
1355991389213,0.46236348,-0.10575116,0.8803617,-0.74000937,-0.5929845,0.31742013,0.4884733,-0.79823935,-0.35243124
1355991389254,0.5110734,-0.0075543523,0.85950387,-0.70301795,-0.5790077,0.41293564,0.49453986,-0.8152871,-0.30122626
1355991389293,0.5425737,0.08498582,0.83569795,-0.67416096,-0.54944825,0.4935723,0.50111943,-0.83119434,-0.24082205
1355991389333,0.5608453,0.16526283,0.8112587,-0.6543737,-0.51180077,0.55664617,0.5071957,-0.84305876,-0.17889741
1355991389373,0.5702564,0.23094228,0.78833574,-0.6421821,-0.47311175,0.60313135,0.5122594,-0.85019463,-0.121488005
1355991389413,0.574497,0.2821976,0.76832134,-0.63480645,-0.4389441,0.63588417,0.5166952,-0.8530489,-0.07303116
1355991389454,0.5761683,0.32038808,0.75191855,-0.62920463,-0.41330168,0.65824246,0.52166224,-0.85236907,-0.03654167
1355991389494,0.57675016,0.34730422,0.7394181,-0.6230896,-0.3983421,0.67311436,0.5283168,-0.84894246,-0.013342202
1355991389535,0.57707953,0.3649859,0.73059183,-0.61439836,-0.39534065,0.68280333,0.5380463,-0.8429063,-0.0038962346
1355991389573,0.57695794,0.3748312,0.7256867,-0.60459214,-0.4013904,0.6880074,0.5491703,-0.8356958,-0.0049653947
1355991389617,0.57585084,0.37658688,0.72565705,-0.5972588,-0.41233096,0.6879426,0.558281,-0.8295574,-0.012521297
1355991389654,0.57200664,0.36901575,0.73255426,-0.59928805,-0.42177492,0.6804115,0.56005555,-0.8282109,-0.020111322
1355991389695,0.5625428,0.34963763,0.749199,-0.6164935,-0.4264112,0.66189814,0.55089134,-0.8342223,-0.02432519
1355991389734,0.5429686,0.3165071,0.7778228,-0.6506353,-0.4270299,0.62794834,0.53090376,-0.8470352,-0.025933117
1355991389773,0.50807273,0.27200913,0.817235,-0.6975388,-0.42666593,0.57566977,0.5052738,-0.86253524,-0.027040396
1355991389813,0.4527328,0.21853581,0.8644507,-0.7520391,-0.42726874,0.5018751,0.4790305,-0.87731606,-0.02909109
1355991389853,0.36962914,0.15566808,0.9160468,-0.8093773,-0.43028182,0.39970726,0.45637995,-0.88917094,-0.03305047
1355991389893,0.25564808,0.0800201,0.9634526,-0.8613739,-0.43362874,0.2645772,0.4389522,-0.89753157,-0.041929126
1355991389962,0.10093427,-0.02624458,0.99454683,-0.89617413,-0.4365347,0.07943115,0.4320696,-0.8993045,-0.06758097
1355991389986,-0.08806521,-0.17084032,0.9813552,-0.89385635,-0.4212417,-0.1535455,0.4396195,-0.8907126,-0.11561
1355991390022,-0.25555456,-0.33375844,0.90735716,-0.8493427,-0.37084174,-0.37562388,0.46185356,-0.8666497,-0.18870497
1355991390059,-0.37300313,-0.4894513,0.7882297,-0.7866312,-0.28367734,-0.5483962,0.4920162,-0.8245996,-0.27920508
1355991390103,-0.4344684,-0.60189635,0.6700433,-0.7375167,-0.1892904,-0.6482579,0.5170168,-0.77581567,-0.36166787
1355991390142,-0.46207923,-0.66103166,0.5912021,-0.7106411,-0.12281436,-0.6927524,0.53053933,-0.74023896,-0.4130063
1355991390182,-0.48095578,-0.67850125,0.5552636,-0.6943766,-0.091878295,-0.7137223,0.53527814,-0.7288309,-0.42694598
1355991390222,-0.5054287,-0.668174,0.5459719,-0.676486,-0.08593804,-0.7314241,0.53563833,-0.7390251,-0.40857488
1355991390262,-0.54013807,-0.64098805,0.5453304,-0.6507463,-0.09278041,-0.7536054,0.533648,-0.76192266,-0.36700642
1355991390302,-0.5843096,-0.60574305,0.54005337,-0.6147293,-0.10407674,-0.78184134,0.52980196,-0.788824,-0.31155503
1355991390342,-0.6342422,-0.56956095,0.52281666,-0.5677667,-0.11586338,-0.8149949,0.52476454,-0.813742,-0.2498923
1355991390382,-0.68492115,-0.5385711,0.49073842,-0.51009595,-0.12649673,-0.85076475,0.5202741,-0.83303046,-0.18808264
1355991390422,-0.7312508,-0.5167198,0.44527832,-0.44409668,-0.13483244,-0.88577557,0.5177357,-0.8454708,-0.13087726
1355991390462,-0.7693508,-0.5061592,0.3897463,-0.37326798,-0.13893837,-0.91726065,0.51843065,-0.85117507,-0.08204067
1355991390502,-0.7970044,-0.5071286,0.3280313,-0.30191028,-0.13587803,-0.9436034,0.5231005,-0.8510921,-0.044811964
1355991390542,-0.8133273,-0.51826054,0.26439482,-0.23491059,-0.12322658,-0.96417433,0.532274,-0.8462985,-0.02152139
1355991390582,-0.81929994,-0.5360184,0.2035484,-0.17718749,-0.10093254,-0.9789879,0.5453001,-0.8381509,-0.012281716
1355991390622,-0.8182598,-0.5545188,0.15152457,-0.1328907,-0.07397872,-0.9883659,0.55927706,-0.8288764,-0.013156533
1355991390664,-0.8161534,-0.5663618,0.1145775,-0.10401222,-0.05105549,-0.99326473,0.56839705,-0.82257384,-0.017239511
1355991390706,-0.818868,-0.56593263,0.09578882,-0.08979358,-0.03852296,-0.9952151,0.56691474,-0.823551,-0.01927191
1355991390745,-0.82980305,-0.5496713,0.09637672,-0.09108254,-0.036984563,-0.99515635,0.5505733,-0.834562,-0.019375622
1355991390781,-0.8447802,-0.5238079,0.10941541,-0.10352489,-0.0406273,-0.9937968,0.52500385,-0.85086703,-0.019905984
1355991390824,-0.8598301,-0.4932807,0.13178147,-0.12532139,-0.046312153,-0.9910347,0.49496138,-0.8686364,-0.021998048
1355991390865,-0.8707674,-0.46450156,0.16125299,-0.154395,-0.05306202,-0.98658335,0.4668259,-0.8839812,-0.0255121
1355991390906,-0.87635124,-0.43878594,0.1986842,-0.19212112,-0.05983466,-0.9795455,0.44169897,-0.89659727,-0.03186387
1355991390945,-0.8740059,-0.41802242,0.24773145,-0.24251297,-0.066533744,-0.967864,0.42107135,-0.905997,-0.04322499
1355991390986,-0.8621354,-0.40903214,0.299024,-0.29992697,-0.06367189,-0.951835,0.4083705,-0.9102959,-0.06778604
1355991391024,-0.8399386,-0.42302114,0.3399356,-0.35651684,-0.04213196,-0.9333384,0.40914404,-0.9051398,-0.115425825
1355991391066,-0.81159234,-0.46557164,0.35293192,-0.40076566,0.004107237,-0.91617143,0.42509383,-0.8850007,-0.18991852
1355991391105,-0.7822324,-0.5253873,0.3347844,-0.43126327,0.06885964,-0.8995945,0.4495824,-0.84807223,-0.28044444
1355991391145,-0.75357383,-0.57954484,0.3102487,-0.45857367,0.1253038,-0.8797779,0.4709954,-0.8052496,-0.36018968
1355991391183,-0.7252843,-0.6152241,0.30896917,-0.48962557,0.14546376,-0.8597134,0.48397258,-0.77481586,-0.40673208
1355991391223,-0.69389826,-0.631178,0.34658256,-0.5271933,0.117461145,-0.84158784,0.49048182,-0.76669234,-0.41425896
1355991391263,-0.6533442,-0.6270683,0.42417783,-0.5735251,0.04422915,-0.81799316,0.4941765,-0.7777077,-0.38853627
1355991391303,-0.5981888,-0.59965,0.5315919,-0.62830293,-0.060791314,-0.77558994,0.49739873,-0.79795,-0.34039724
1355991391343,-0.52833927,-0.5467254,0.6495759,-0.68545175,-0.17680103,-0.7063266,0.5010124,-0.81843305,-0.28134292
1355991391383,-0.4516337,-0.4726668,0.756712,-0.7354669,-0.28291196,-0.6156698,0.5050896,-0.83459383,-0.21985823
1355991391424,-0.38266796,-0.3902166,0.8374343,-0.770748,-0.3649612,-0.5222554,0.50942373,-0.8453013,-0.16109967
1355991391463,-0.34221834,-0.319977,0.8834599,-0.7868033,-0.4163897,-0.45558783,0.51364124,-0.8510196,-0.109262764
1355991391504,-0.3522094,-0.2844749,0.8916403,-0.7793446,-0.43837667,-0.4477138,0.5182377,-0.8525842,-0.06730357
1355991391545,-0.4438027,-0.31101644,0.8404212,-0.72664464,-0.42394346,-0.5406102,0.5244298,-0.8506119,-0.037851155
1355991391584,-0.6160248,-0.40661156,0.6746707,-0.5794904,-0.34622347,-0.73778063,0.53357697,-0.8454563,-0.022345245
1355991391623,-0.77094734,-0.51105106,0.38008818,-0.3287108,-0.1918816,-0.92473274,0.54551756,-0.83785933,-0.02005738
1355991391666,-0.82331145,-0.5572173,0.10801493,-0.104408875,-0.038375616,-0.9937938,0.5579042,-0.8294795,-0.026583314
1355991391705,-0.82434344,-0.56396055,-0.04905477,0.022035062,0.05462289,-0.9982639,0.56566095,-0.82399327,-0.032601118
1355991391745,-0.82284325,-0.5572518,-0.1113524,0.07318419,0.09040344,-0.9932126,0.56353617,-0.8254075,-0.033605874
1355991391782,-0.8307091,-0.5440937,-0.117832124,0.08102307,0.091243446,-0.99252707,0.55077916,-0.83404833,-0.03171259
1355991391824,-0.84744114,-0.5242915,-0.083438724,0.055076614,0.06949544,-0.9960607,0.5280248,-0.8486984,-0.030017078
1355991391863,-0.8644178,-0.5018863,-0.029865563,0.010797247,0.040856957,-0.99910665,0.5026582,-0.863968,-0.029898524
1355991391906,-0.87722135,-0.47807035,0.04394889,-0.053831846,0.006982982,-0.9985256,0.4770586,-0.87829375,-0.031861007
1355991391944,-0.87901866,-0.4526615,0.14974537,-0.15028405,-0.035013616,-0.9880226,0.45248297,-0.8909947,-0.03725022
1355991391985,-0.8557194,-0.42504618,0.29509348,-0.28749648,-0.08361399,-0.954125,0.43022108,-0.90130156,-0.050649226
1355991392024,-0.7956492,-0.40471098,0.45072332,-0.4414499,-0.122124314,-0.8889363,0.41480651,-0.9062531,-0.08149159
1355991392063,-0.72054106,-0.41451284,0.5558775,-0.55790293,-0.1295076,-0.8197391,0.41178268,-0.9007813,-0.13794243
1355991392103,-0.67535126,-0.4675967,0.57031053,-0.604659,-0.09167576,-0.791191,0.4222419,-0.8791752,-0.22082317
1355991392143,-0.65343815,-0.53646004,0.53406864,-0.61724675,-0.030820549,-0.7861658,0.4382068,-0.84336275,-0.3109889
1355991392183,-0.62328595,-0.5896952,0.51358944,-0.6391386,0.0057312846,-0.76907027,0.4505735,-0.8076055,-0.3804692
1355991392223,-0.5641282,-0.61598206,0.5498412,-0.68765354,-0.018112779,-0.725813,0.4570469,-0.78755194,-0.41336435
1355991392264,-0.462586,-0.6062903,0.6468589,-0.7576639,-0.10853809,-0.64355654,0.46039087,-0.7878018,-0.40915608
1355991392303,-0.31925213,-0.54857993,0.77274716,-0.8264141,-0.23792142,-0.51032656,0.46380797,-0.801532,-0.37739724
1355991392343,-0.15304118,-0.44136682,0.88417965,-0.8698591,-0.36442375,-0.33247638,0.4689601,-0.81999433,-0.3281551
1355991392383,-4.748702E-4,-0.3082101,0.9513182,-0.8794404,-0.4527071,-0.14710802,0.4760087,-0.8366976,-0.27083746
1355991392423,0.1167559,-0.1771175,0.97723967,-0.8670658,-0.49801517,0.013331264,0.48431903,-0.84888756,-0.21171871
1355991392463,0.19277859,-0.06642154,0.9789916,-0.8483951,-0.5125681,0.13228595,0.49301326,-0.8560736,-0.15516387
1355991392504,0.2197873,0.008823216,0.9755079,-0.83662945,-0.512592,0.19313344,0.5017417,-0.8585869,-0.105279446
1355991392543,0.17182618,0.02676639,0.9847636,-0.8421296,-0.51470363,0.16092867,0.51116884,-0.85695034,-0.06589885
1355991392583,-0.02867037,-0.06419641,0.9975254,-0.8521177,-0.5201304,-0.057964414,0.52256435,-0.85167086,-0.0397906
1355991392623,-0.49410754,-0.34072483,0.79985267,-0.6843623,-0.414975,-0.5995365,0.5361958,-0.84362453,-0.028136969
1355991392663,-0.789498,-0.53148526,0.30694684,-0.2712779,-0.14642823,-0.9512975,0.5505463,-0.8343154,-0.02857542
1355991392703,-0.8249775,-0.5630121,0.04928863,-0.06003064,5.758405E-4,-0.99819636,0.56196827,-0.82644844,-0.03427297
1355991392741,-0.82506275,-0.56464696,-0.021101743,-0.0043917894,0.04375267,-0.99903274,0.565024,-0.824172,-0.03857851
1355991392783,-0.8311167,-0.5560298,0.0087171495,-0.029559791,0.02851981,-0.99915606,0.5553119,-0.8306729,-0.040139377
1355991392823,-0.83838147,-0.53714114,0.09271394,-0.10054301,-0.014783025,-0.99482286,0.5357309,-0.8433628,-0.04161197
1355991392864,-0.83526146,-0.50407505,0.21965112,-0.21180885,-0.073681,-0.9745297,0.50742024,-0.8605111,-0.045224667
1355991392902,-0.8051878,-0.4606818,0.37342325,-0.351071,-0.13719398,-0.92624354,0.47793493,-0.87689805,-0.05126506
1355991393063,-0.7375106,-0.40881315,0.5375407,-0.5041405,-0.19634026,-0.8410071,0.44935563,-0.89124763,-0.061296225
1355991393067,-0.6197442,-0.35053772,0.7021684,-0.66000897,-0.25129133,-0.7079837,0.4246238,-0.9022061,-0.075621665
1355991393069,-0.48517138,-0.30758446,0.81853557,-0.77396315,-0.28457034,-0.56568605,0.4069272,-0.9079711,-0.099993646
1355991393070,-0.37239558,-0.30839652,0.875336,-0.83541495,-0.2994178,-0.46090215,0.40423185,-0.9029067,-0.14613724
1355991393101,-0.27629733,-0.3420077,0.8981596,-0.86689013,-0.3147803,-0.38654226,0.41492334,-0.8854062,-0.20951015
1355991393143,-0.23317993,-0.42236042,0.8759217,-0.86706436,-0.31750077,-0.38391757,0.44025734,-0.84900236,-0.29217893
1355991393182,-0.18973422,-0.49853897,0.8458486,-0.8640989,-0.32426524,-0.38494825,0.466191,-0.8039347,-0.3692628
1355991393225,-0.11929834,-0.5301692,0.83945733,-0.86716574,-0.35611594,-0.34814525,0.48351997,-0.7694818,-0.41726053
1355991393262,-0.017869294,-0.5042171,0.863392,-0.8705792,-0.41682225,-0.26144037,0.49170372,-0.75632286,-0.4315126
1355991393302,0.09899223,-0.4216979,0.90131646,-0.8638943,-0.48593962,-0.13247395,0.49384934,-0.76552826,-0.4124067
1355991393342,0.20433435,-0.3082387,0.92910516,-0.8452522,-0.5342977,0.008635014,0.49375716,-0.78709257,-0.36971483
1355991393383,0.28114977,-0.19359407,0.93993413,-0.82287097,-0.55260813,0.13231602,0.4937997,-0.8106451,-0.3146686
1355991393423,0.3290235,-0.09338057,0.93969333,-0.804034,-0.54958284,0.2269099,0.49525034,-0.8302041,-0.25590682
