1355984368237,0.0076452345,0.12659368,0.99192524,-0.75453424,0.6516857,-0.077355295,-0.65621614,-0.7478502,0.10050154
1355984368267,-0.19077677,0.03555557,-0.98098934,0.7300626,-0.66291106,-0.16600502,-0.656211,-0.7478535,0.100510165
1355984368268,-0.19076067,0.03546074,-0.9809959,0.73009455,-0.6628938,-0.1659334,-0.65618014,-0.7478733,0.100564316
1355984368295,-0.19091487,0.03545907,-0.98096585,0.7301078,-0.662849,-0.16605315,-0.6561204,-0.7479129,0.10065885
1355984368325,-0.19143087,0.035808265,-0.9808527,0.73005706,-0.6627481,-0.16667873,-0.6560267,-0.7479859,0.1007283
1355984368365,-0.19303107,0.037728846,-0.98046696,0.7297563,-0.66244954,-0.1691634,-0.65589225,-0.7481558,0.10034053
1355984368407,-0.1976273,0.043673962,-0.9793038,0.72865665,-0.66173035,-0.17655689,-0.65574604,-0.7484687,0.09895274
1355984368448,-0.20581394,0.054336905,-0.9770814,0.7265736,-0.66036206,-0.18977025,-0.65553904,-0.748979,0.09643197
1355984368488,-0.21738833,0.068988234,-0.97364414,0.72350824,-0.6581783,-0.20817548,-0.6551932,-0.74969447,0.09316678
1355984368528,-0.2314862,0.08609912,-0.9690206,0.71955466,-0.65520334,-0.230108,-0.6547177,-0.7505301,0.08971751
1355984368568,-0.24691159,0.10392955,-0.96344864,0.71485317,-0.6517064,-0.2535029,-0.654232,-0.7513171,0.0866195
1355984368608,-0.26229244,0.120702505,-0.95740986,0.70969975,-0.6481301,-0.27614066,-0.653857,-0.75190306,0.084337085
1355984368648,-0.27641785,0.13497269,-0.9515122,0.70452493,-0.64493334,-0.2961514,-0.6536343,-0.75222564,0.083179444
1355984368688,-0.2884196,0.14608043,-0.94629526,0.69977,-0.6424142,-0.31245166,-0.6535566,-0.75230616,0.08306214
1355984368728,-0.29790288,0.15443042,-0.9420218,0.69572043,-0.64057124,-0.3250252,-0.6536259,-0.7522098,0.08338767
1355984368769,-0.30477643,0.16089058,-0.93873614,0.6925338,-0.6392,-0.33439556,-0.6538412,-0.7520224,0.08339092
1355984368809,-0.30919737,0.1663183,-0.9363414,0.69025236,-0.6380356,-0.3412657,-0.6541779,-0.75183034,0.08247733
1355984368849,-0.3115648,0.17148834,-0.9346224,0.6887608,-0.63684887,-0.3464563,-0.6546265,-0.7516749,0.08030531
1355984368889,-0.31254566,0.1771737,-0.9332335,0.6877575,-0.63545746,-0.35097533,-0.6552137,-0.75153404,0.076756865
1355984368929,-0.31272578,0.18349048,-0.93195164,0.68700445,-0.6338503,-0.3553291,-0.6559173,-0.7513755,0.07216248
1355984368969,-0.31237686,0.18950988,-0.9308633,0.6865098,-0.6322611,-0.35909623,-0.656601,-0.75122017,0.067403406
1355984369009,-0.3113315,0.19341135,-0.9304111,0.6866097,-0.63110024,-0.36094272,-0.65699303,-0.7512021,0.06368324
1355984369048,-0.3093077,0.19369595,-0.93102664,0.68778354,-0.6305435,-0.35967875,-0.65672106,-0.7515962,0.06181106
1355984369078,-0.30660498,0.19145438,-0.9323833,0.68981385,-0.6302681,-0.35625687,-0.6558584,-0.7524011,0.061175466
1355984369109,-0.30607653,0.18959716,-0.93293625,0.69164455,-0.6291027,-0.35476404,-0.654175,-0.7538453,0.061419725
1355984369150,-0.30113864,0.18208835,-0.9360338,0.6972909,-0.6275262,-0.34640467,-0.6504621,-0.75700366,0.06200394
1355984369189,-0.29643786,0.17509255,-0.93886495,0.7048626,-0.62321526,-0.33877963,-0.64443266,-0.7621978,0.06132835
1355984369259,-0.29213363,0.17024049,-0.9411037,0.7145165,-0.61523736,-0.33309036,-0.6357076,-0.769741,0.05809182
1355984369267,-0.28814954,0.16885284,-0.9425808,0.72598946,-0.603346,-0.33001965,-0.6244271,-0.77939874,0.05126843
1355984369308,-0.28408557,0.17243588,-0.9431656,0.7384046,-0.58813286,-0.32993704,-0.6115996,-0.7901681,0.039752573
1355984369348,-0.27902788,0.18195981,-0.942886,0.75110507,-0.5704219,-0.3323552,-0.5983181,-0.80094284,0.022492677
1355984369389,-0.2713061,0.19662076,-0.94219595,0.764166,-0.55116606,-0.33506155,-0.58518654,-0.8108984,-7.161796E-4
1355984369431,-0.2593041,0.21565086,-0.94141173,0.7780477,-0.5308539,-0.3359105,-0.5721915,-0.8195662,-0.030134052
1355984369471,-0.23902196,0.23248017,-0.94277334,0.7931856,-0.5133089,-0.32767463,-0.56011176,-0.8261156,-0.061707884
1355984369511,-0.21424854,0.25090504,-0.9440044,0.80801105,-0.49750012,-0.31561342,-0.5488312,-0.8303857,-0.09614545
1355984369550,-0.18368268,0.27010772,-0.94514686,0.8224355,-0.48439354,-0.29826644,-0.538387,-0.83210874,-0.13317153
1355984369591,-0.14969099,0.2918342,-0.9446827,0.8358197,-0.47307146,-0.27858356,-0.52820265,-0.83128595,-0.17310631
1355984369630,-0.11645776,0.31926608,-0.94048214,0.84818995,-0.4606881,-0.26141956,-0.5167314,-0.82815194,-0.21714753
1355984369672,-0.08877677,0.35552874,-0.9304397,0.8604466,-0.4431805,-0.25144142,-0.50174737,-0.82291573,-0.26656935
1355984369710,-0.072155476,0.4034482,-0.912153,0.8738773,-0.41525102,-0.25279456,-0.48076198,-0.81535035,-0.32260156
1355984369751,-0.07063377,0.46263874,-0.8837287,0.8890921,-0.37246704,-0.26605183,-0.45224565,-0.8045084,-0.38501966
1355984369789,-0.08609402,0.5298008,-0.84374106,0.905035,-0.31248063,-0.28856087,-0.41653255,-0.7884586,-0.45258552
1355984369828,-0.114139915,0.59567016,-0.79507804,0.9182499,-0.24221396,-0.3132882,-0.37919542,-0.7658391,-0.51932776
1355984369869,-0.14549619,0.6499412,-0.74592716,0.9251069,-0.1778996,-0.3354534,-0.3507251,-0.73886955,-0.57538134
1355984369909,-0.17004052,0.68652123,-0.7069475,0.92426604,-0.13771185,-0.35604453,-0.34178716,-0.71394956,-0.6111117
1355984369949,-0.17900825,0.70276904,-0.6885286,0.9163501,-0.13565254,-0.37669703,-0.3581317,-0.6983652,-0.6196996
1355984369989,-0.16361114,0.69432354,-0.7008182,0.9026691,-0.18124893,-0.3903041,-0.3980199,-0.696465,-0.59709007
1355984370029,-0.11243364,0.6485783,-0.7527981,0.8846706,-0.27963117,-0.3730474,-0.4524562,-0.70792145,-0.5423382
1355984370069,-0.015717149,0.5427241,-0.839764,0.8612402,-0.4193194,-0.28711754,-0.50795496,-0.7277512,-0.4608252
1355984370109,0.11493081,0.36466563,-0.9240183,0.8252332,-0.55284804,-0.115538806,-0.55297476,-0.7492516,-0.36447346
1355984370149,0.23430628,0.15526581,-0.9596839,0.77844805,-0.62129,0.089540064,-0.5823395,-0.7680438,-0.26643848
1355984370189,0.30454087,-0.01746884,-0.95233905,0.74264836,-0.6217133,0.24888974,-0.5964297,-0.7830501,-0.17636386
1355984370257,0.32494587,-0.1273078,-0.93712485,0.73244846,-0.59296674,0.33452898,-0.59827197,-0.79509944,-0.09943569
1355984370269,0.30819303,-0.18230262,-0.93369305,0.74514484,-0.563899,0.35605782,-0.59141886,-0.8054711,-0.037947893
1355984370309,0.26422465,-0.19655207,-0.94422066,0.7716713,-0.5441858,0.32921904,-0.5785402,-0.8156157,0.007886328
1355984370349,0.19859093,-0.17998177,-0.96341485,0.80329114,-0.5332796,0.26520967,-0.5615024,-0.82657087,0.03867328
1355984370390,0.11622411,-0.13955098,-0.9833704,0.8321021,-0.52691114,0.1731202,-0.542308,-0.8383854,0.054880947
1355984370429,0.02476275,-0.08505297,-0.9960687,0.85068023,-0.5215638,0.06568396,-0.5251,-0.8489625,0.059437454
1355984370469,-0.06394857,-0.026733458,-0.9975951,0.85540986,-0.51632655,-0.040997714,-0.51398885,-0.85597444,0.055886433
1355984370509,-0.14328629,0.028556317,-0.98926914,0.8464459,-0.5144288,-0.13744923,-0.5128336,-0.85705745,0.04953921
1355984370549,-0.20842093,0.07813603,-0.97491306,0.8260224,-0.51967126,-0.21824038,-0.5236867,-0.85078585,0.043768257
1355984370590,-0.25687426,0.122297496,-0.95867556,0.7976943,-0.53319377,-0.28175896,-0.54561824,-0.83710676,0.03940773
1355984370629,-0.28660345,0.15977266,-0.9446328,0.7665309,-0.5532304,-0.32613885,-0.5747077,-0.8175627,0.036087036
1355984370670,-0.29588968,0.1870763,-0.93672395,0.7382667,-0.5774835,-0.34853274,-0.6061448,-0.79467934,0.03275919
1355984370709,-0.28351754,0.20074144,-0.9377211,0.7173345,-0.6045686,-0.3463064,-0.63643473,-0.7708435,0.02740699
1355984370749,-0.24873757,0.19984892,-0.9477289,0.7056179,-0.63290006,-0.31865454,-0.6635004,-0.74799585,0.0164091
1355984370791,-0.19266135,0.19019872,-0.9626558,0.7030407,-0.657639,-0.27063757,-0.68455493,-0.7289276,-0.007015854
1355984370830,-0.12520665,0.19450077,-0.9728786,0.70910275,-0.6682879,-0.22486554,-0.6938995,-0.71802557,-0.054246962
1355984370871,-0.06950307,0.2485366,-0.9661257,0.72677165,-0.65079516,-0.21970145,-0.6833538,-0.71742266,-0.13539714
1355984370909,-0.052755773,0.3693765,-0.9277811,0.7624934,-0.5850416,-0.2762791,-0.64484155,-0.72200227,-0.25078282
1355984370949,-0.06753045,0.5032344,-0.86150724,0.8099724,-0.476533,-0.34184933,-0.58256704,-0.7208823,-0.37542546
1355984370989,-0.081000626,0.5897115,-0.80354166,0.85043734,-0.3795508,-0.36427665,-0.51980305,-0.71286845,-0.47076887
1355984371029,-0.06694603,0.61544585,-0.7853309,0.87366617,-0.34399462,-0.3440569,-0.48189795,-0.70915025,-0.51466525
1355984371069,-0.008958638,0.5809157,-0.81391436,0.87910473,-0.38332194,-0.2832649,-0.47654432,-0.7180537,-0.50725174
1355984371109,0.10659483,0.47160548,-0.87534326,0.8619191,-0.48273477,-0.15512115,-0.4957146,-0.73793995,-0.4579428
1355984371149,0.2708724,0.27410844,-0.92276365,0.8066294,-0.5877776,0.062181503,-0.5253354,-0.76117146,-0.38031667
1355984371189,0.42680755,0.033203542,-0.9037327,0.71535313,-0.62377334,0.31492352,-0.5532678,-0.78089976,-0.2899834
1355984371257,0.5221293,-0.1655412,-0.8366463,0.63167953,-0.58404577,0.5097759,-0.5730287,-0.7946613,-0.20037845
1355984371269,0.56007147,-0.28996873,-0.77603996,0.5885562,-0.5199755,0.61905336,-0.58302784,-0.80345726,-0.12056056
1355984371309,0.5619719,-0.35451508,-0.747333,0.58553535,-0.46765947,0.6621502,-0.58423954,-0.8096997,-0.05523038
1355984371348,0.5396149,-0.37694046,-0.75281584,0.61184174,-0.4386551,0.65820324,-0.5783299,-0.8157804,-0.0060769627
1355984371388,0.4959169,-0.3671305,-0.7869445,0.657799,-0.43278652,0.6164384,-0.56689227,-0.8233535,0.026871921
1355984371430,0.43081874,-0.33019072,-0.8398626,0.71422344,-0.4441105,0.5409719,-0.55161583,-0.8329104,0.04449889
1355984371468,0.34752715,-0.27311438,-0.89701355,0.769934,-0.46289992,0.4392326,-0.5351883,-0.8432865,0.049409777
1355984371508,0.2569902,-0.20926067,-0.9434861,0.8133278,-0.48046535,0.3281021,-0.5219712,-0.85168254,0.04672259
1355984371548,0.17382735,-0.15267578,-0.97286904,0.83787227,-0.49616647,0.22757196,-0.51744974,-0.8546982,0.04167542
1355984371588,0.10797155,-0.10935113,-0.98812175,0.84366786,-0.5157003,0.14925748,-0.5258961,-0.84976214,0.03657502
1355984371628,0.06445515,-0.07980323,-0.9947246,0.83451265,-0.5422794,0.09757909,-0.54720575,-0.8363997,0.031644076
1355984371668,0.048124373,-0.067043394,-0.99658877,0.8156996,-0.5731998,0.07795018,-0.57647055,-0.81666833,0.027102366
1355984371708,0.065023124,-0.0783197,-0.9948055,0.7915586,-0.6029862,0.09921071,-0.6076241,-0.79389787,0.022786543
1355984371748,0.120909095,-0.12146586,-0.9852041,0.76156396,-0.6252465,0.17054957,-0.63671136,-0.7709169,0.016906023
1355984371788,0.2164644,-0.19755751,-0.9560932,0.71778727,-0.63160235,0.29301873,-0.66175866,-0.7496997,0.0050848126
1355984371829,0.33607244,-0.28513378,-0.897638,0.6516847,-0.6176852,0.44019547,-0.67997235,-0.73291457,-0.02176964
1355984371868,0.45110458,-0.3428436,-0.8239921,0.5708085,-0.59890443,0.56168604,-0.686063,-0.7237208,-0.07447052
1355984371908,0.52746665,-0.31010315,-0.7909582,0.5204766,-0.6178864,0.5893391,-0.6714782,-0.722532,-0.16451308
1355984371948,0.55809426,-0.16960336,-0.81225955,0.53810775,-0.6711716,0.50987136,-0.6316414,-0.7216394,-0.28331214
1355984371988,0.5533858,0.01598394,-0.83277166,0.6006621,-0.70031184,0.38570493,-0.57703483,-0.71365803,-0.39714357
1355984372028,0.5813402,0.101388246,-0.80731905,0.61555326,-0.7036718,0.3548805,-0.5321069,-0.70325416,-0.47148255
1355984372068,0.6865029,0.009841621,-0.72706044,0.51426226,-0.7134682,0.47591755,-0.5140507,-0.7006185,-0.49485916
1355984372108,0.79066193,-0.19512029,-0.58032906,0.31974792,-0.67673254,0.6631699,-0.5221255,-0.7099022,-0.47267735
1355984372148,0.8226835,-0.36606717,-0.43495592,0.1644135,-0.5791954,0.7984365,-0.5442059,-0.72837317,-0.4163081
1355984372188,0.81669426,-0.45723796,-0.3520567,0.108957514,-0.47692215,0.872166,-0.56669104,-0.75065213,-0.33968008
1355984372253,0.80411416,-0.4967791,-0.3265133,0.124954075,-0.39573425,0.90982467,-0.5811944,-0.7724021,-0.25614095
1355984372269,0.79058367,-0.5088325,-0.34068593,0.1798699,-0.3388481,0.9234873,-0.58534116,-0.79137313,-0.17636412
1355984372309,0.7731987,-0.50508785,-0.383471,0.25548458,-0.3053491,0.9173274,-0.5804235,-0.8072473,-0.1070534
1355984372349,0.7472486,-0.48967737,-0.44926116,0.34387755,-0.29356903,0.89194477,-0.56865436,-0.82099533,-0.050979972
1355984372389,0.70697,-0.46279916,-0.5347994,0.4413099,-0.30223328,0.8449264,-0.5526654,-0.8333499,-0.009432018
1355984372429,0.6475549,-0.42257532,-0.6341157,0.5426755,-0.3284548,0.77305925,-0.5349542,-0.8447174,0.016628802
1355984372486,0.56554663,-0.36732322,-0.73839736,0.64130646,-0.36706832,0.67378545,-0.5185393,-0.85459614,0.02797249
1355984372508,0.46421447,-0.30094355,-0.8330294,0.7266378,-0.40838966,0.55246305,-0.5064608,-0.86177194,0.029096574
1355984372548,0.35604876,-0.23459038,-0.9045422,0.78822803,-0.4445253,0.42555118,-0.50192213,-0.86450255,0.026638031
1355984372585,0.2566194,-0.17900532,-0.9497913,0.8221962,-0.47615266,0.31188464,-0.50807476,-0.86095047,0.024987511
1355984372628,0.17668694,-0.13768527,-0.97458935,0.8314508,-0.5090346,0.22265074,-0.52675545,-0.84966254,0.024538755
1355984372668,0.121153295,-0.10951471,-0.98657405,0.8233913,-0.54400724,0.16150174,-0.5543903,-0.831903,0.0242652
1355984372708,0.093565166,-0.09692517,-0.990884,0.8048177,-0.57852376,0.13258511,-0.58610076,-0.80988634,0.023877352
1355984372748,0.0974496,-0.10577363,-0.98960376,0.78011453,-0.6093212,0.14194769,-0.61800075,-0.785837,0.023137346
1355984372788,0.13397586,-0.13978103,-0.98107684,0.74937105,-0.63352174,0.19259652,-0.6484548,-0.76099384,0.019871175
1355984372829,0.19883358,-0.1920945,-0.96102285,0.71000385,-0.64770156,0.27636445,-0.675544,-0.7372805,0.0076029897
1355984372868,0.27808046,-0.2355854,-0.93122,0.6637069,-0.65368944,0.36356992,-0.6943806,-0.7191588,-0.025418554
1355984372908,0.35064954,-0.22645676,-0.90871465,0.6254487,-0.66557777,0.40721023,-0.6970358,-0.7111424,-0.09174746
1355984372948,0.39615846,-0.12898898,-0.90907663,0.6215183,-0.6911027,0.36890656,-0.6758502,-0.7111532,-0.19361717
1355984372988,0.40298086,0.042303175,-0.9142302,0.66242063,-0.70276254,0.25946826,-0.6315104,-0.7101657,-0.31122234
1355984373028,0.39157617,0.19812009,-0.8985636,0.71358097,-0.6819133,0.16061255,-0.5809219,-0.70409,-0.4083957
1355984373068,0.4095194,0.25555772,-0.8757763,0.73060465,-0.6667745,0.1470665,-0.5463613,-0.70007277,-0.45976877
1355984373108,0.47894886,0.19584149,-0.8557185,0.6948631,-0.6802716,0.23322912,-0.536445,-0.706312,-0.46189833
1355984373148,0.57234514,0.048757255,-0.81856203,0.613197,-0.6882093,0.3877594,-0.54443586,-0.723872,-0.42379105
1355984373188,0.64102936,-0.11397605,-0.75900644,0.5266809,-0.6540114,0.54302514,-0.5582908,-0.7478492,-0.3592115
1355984373255,0.6699859,-0.23617032,-0.7038058,0.47675446,-0.5898315,0.6517699,-0.56905556,-0.7722192,-0.2825835
1355984373269,0.6713407,-0.3102172,-0.67310244,0.47008723,-0.52390367,0.71031183,-0.5729918,-0.79327816,-0.20588869
1355984373309,0.65621775,-0.34878042,-0.66912663,0.49448225,-0.47105217,0.73047733,-0.5699698,-0.81022346,-0.13664705
1355984373349,0.6293384,-0.36353672,-0.68685824,0.537286,-0.43503335,0.72254395,-0.5614775,-0.82376397,-0.07846004
1355984373389,0.59205484,-0.3611692,-0.72043586,0.5895572,-0.41537806,0.6927361,-0.54944825,-0.8348759,-0.032996684
1355984373429,0.54467356,-0.34440598,-0.76466674,0.64523673,-0.4103491,0.64442474,-0.535724,-0.84439224,-0.0012829304
1355984373469,0.48812863,-0.3147292,-0.8140491,0.6994811,-0.41675135,0.5805554,-0.52197385,-0.8527977,0.01671883
1355984373509,0.4247756,-0.27569807,-0.8622971,0.7475412,-0.43044084,0.50586855,-0.51063484,-0.8594831,0.023254838
1355984373549,0.35920328,-0.23453954,-0.9033073,0.78448415,-0.44841307,0.42838115,-0.50552714,-0.8625062,0.022921078
1355984373589,0.2971235,-0.19864047,-0.93394834,0.8067877,-0.47092122,0.35682872,-0.5106967,-0.8595203,0.020338915
1355984373629,0.24344057,-0.17107671,-0.9547091,0.8137856,-0.4995324,0.29701912,-0.5277212,-0.84923506,0.017613322
1355984373669,0.20203519,-0.15185449,-0.96753395,0.8076788,-0.53291774,0.2522966,-0.5539284,-0.8324295,0.014981538
1355984373709,0.1765309,-0.14214826,-0.97397673,0.79215497,-0.5668144,0.2263006,-0.58423233,-0.8114896,0.012543164
1355984373749,0.1699903,-0.1450029,-0.9747191,0.7703363,-0.5972962,0.22320208,-0.614561,-0.7888037,0.010166474
1355984373790,0.18396896,-0.16275993,-0.9693631,0.7432363,-0.6223395,0.24554715,-0.64323807,-0.7656388,0.006477885
1355984373832,0.21734792,-0.1920321,-0.9570181,0.71005094,-0.64165485,0.29001167,-0.66976684,-0.74256504,-0.0031097755
1355984373871,0.26772386,-0.2234752,-0.93722075,0.67141473,-0.6543833,0.34782863,-0.6910327,-0.7223859,-0.025149494
1355984373909,0.32057697,-0.21996811,-0.92132753,0.6369182,-0.6698897,0.3815534,-0.70111734,-0.70912755,-0.07464951
1355984373949,0.3689959,-0.15187776,-0.9169379,0.6198304,-0.6949261,0.364538,-0.6925693,-0.7028591,-0.16228643
1355984373989,0.39911628,-0.010516137,-0.91683996,0.635285,-0.7178516,0.28478426,-0.66114986,-0.69611675,-0.2798255
1355984374029,0.40415612,0.15334284,-0.90174484,0.67622054,-0.71394813,0.1816698,-0.6159413,-0.6832013,-0.39224005
1355984374069,0.40234715,0.25983953,-0.8778384,0.7097988,-0.69413096,0.119865865,-0.5781889,-0.67131627,-0.46371543
1355984374109,0.41953936,0.27119923,-0.86627805,0.71271414,-0.6894282,0.129334,-0.5621613,-0.67166936,-0.48252982
1355984374149,0.46060836,0.19391797,-0.8661615,0.683748,-0.69976014,0.20694059,-0.56597584,-0.6875548,-0.4549064
1355984374189,0.50766575,0.0634588,-0.8592138,0.63845253,-0.69733846,0.32572597,-0.57849264,-0.7139272,-0.3945303
1355984374257,0.5410681,-0.072087884,-0.8378835,0.600001,-0.66503155,0.44467056,-0.5892743,-0.743328,-0.3165745
1355984374269,0.555216,-0.18034941,-0.811917,0.58327115,-0.61147773,0.53468657,-0.5928996,-0.7704344,-0.23430961
1355984374310,0.5538776,-0.25392354,-0.79293275,0.589132,-0.5534414,0.5887496,-0.5883392,-0.79323727,-0.15694433
1355984374349,0.5412791,-0.29757679,-0.7864255,0.61170506,-0.5023558,0.61111015,-0.5769175,-0.81184155,-0.08988547
1355984374389,0.51948065,-0.3175917,-0.7932688,0.64484966,-0.46339512,0.6078108,-0.56063247,-0.827285,-0.035925925
1355984374429,0.48896626,-0.31805715,-0.812251,0.6843779,-0.4374843,0.58329606,-0.5408685,-0.8410988,0.0037562512
1355984374469,0.44978124,-0.30159724,-0.8406759,0.72715926,-0.4228742,0.5407557,-0.5185906,-0.85452706,0.029108346
1355984374509,0.4027261,-0.27263892,-0.8737732,0.7689074,-0.4171275,0.48454714,-0.4965813,-0.86699057,0.041645974
1355984374549,0.35075378,-0.23884016,-0.90549827,0.8038493,-0.4192527,0.4219638,-0.4804145,-0.87588954,0.044937044
1355984374589,0.29850882,-0.20794696,-0.93147767,0.8270561,-0.4307127,0.36119917,-0.47630945,-0.8782054,0.043412246
1355984374629,0.25080943,-0.18376493,-0.9504342,0.8363168,-0.45331937,0.3083437,-0.48751295,-0.8721996,0.039988905
1355984374669,0.21189523,-0.16665345,-0.96297824,0.83231556,-0.48565382,0.26719147,-0.5122024,-0.85811836,0.0358005
1355984374709,0.18584633,-0.15739143,-0.9698912,0.81762695,-0.52265745,0.24148563,-0.54492867,-0.8378885,0.03155355
1355984374749,0.17668504,-0.15898976,-0.9713417,0.7951646,-0.5585582,0.2360639,-0.58008254,-0.8140854,0.027734078
1355984374789,0.18764395,-0.17529148,-0.96646917,0.76636845,-0.5893271,0.25568163,-0.61438525,-0.7886486,0.02375415
1355984374829,0.21965873,-0.20730102,-0.95329756,0.7304505,-0.6127815,0.30156386,-0.6466777,-0.7625779,0.016820341
1355984374869,0.26927054,-0.2465945,-0.930959,0.6866463,-0.62865055,0.36512387,-0.67528534,-0.7375566,4.6107918E-5
1355984374909,0.3271041,-0.26779574,-0.9062496,0.6398757,-0.6429343,0.42094478,-0.69538623,-0.71757984,-0.038950443
1355984374949,0.38064325,-0.23280796,-0.8949364,0.60543144,-0.66878486,0.43148527,-0.6989731,-0.7060646,-0.11361918
1355984374989,0.4176846,-0.11665335,-0.90107244,0.6042682,-0.7049448,0.37136608,-0.6785274,-0.6996034,-0.22395468
1355984375029,0.4323751,0.047523648,-0.90044063,0.63806427,-0.7217282,0.26829523,-0.63712305,-0.6905432,-0.34238046
1355984375069,0.44091797,0.17280996,-0.88075423,0.673114,-0.7127849,0.19711713,-0.5937245,-0.6797605,-0.4306005
1355984375109,0.47021887,0.20142609,-0.8592565,0.6758147,-0.70834076,0.20378378,-0.56759906,-0.6765212,-0.46920192
1355984375149,0.5242834,0.13324466,-0.84105456,0.6390456,-0.714345,0.28518763,-0.5628034,-0.68699133,-0.45966864
1355984375189,0.580135,0.007899404,-0.81448203,0.5812368,-0.7045415,0.40716717,-0.57062,-0.7096188,-0.4133206
1355984375257,0.6152723,-0.11992173,-0.77913976,0.53391314,-0.66376626,0.5237853,-0.5799799,-0.73826355,-0.34436923
1355984375269,0.6266786,-0.21734828,-0.748354,0.5159064,-0.6040205,0.6074535,-0.5840501,-0.76675874,-0.26639533
1355984375309,0.6211202,-0.28056526,-0.73177373,0.52615625,-0.5427288,0.6546793,-0.580835,-0.79166186,-0.1894787
1355984375349,0.60388327,-0.31647247,-0.73155326,0.5560685,-0.49028656,0.6711237,-0.57106286,-0.8120741,-0.12009549
1355984375389,0.57732356,-0.33191437,-0.74600965,0.5976068,-0.45080948,0.66305125,-0.5563845,-0.82861555,-0.061908633
1355984375429,0.5419594,-0.33092162,-0.7725095,0.6448159,-0.42577592,0.6347656,-0.5389736,-0.84214354,-0.017369747
1355984375470,0.49880466,-0.3157978,-0.8071343,0.69281435,-0.41427234,0.590243,-0.5207708,-0.85361016,0.012148257
1355984375510,0.44847038,-0.2889863,-0.8457903,0.7378361,-0.41437802,0.532812,-0.5044523,-0.86300504,0.027388308
1355984375549,0.393593,-0.25635573,-0.8828172,0.77552116,-0.42305577,0.46860492,-0.49361056,-0.86908317,0.03229755
1355984375589,0.33848286,-0.22587496,-0.9134604,0.8019236,-0.43862915,0.4056145,-0.4922885,-0.8698189,0.03266599
1355984375629,0.28807342,-0.20304254,-0.93583524,0.8145293,-0.46192414,0.35095337,-0.50354326,-0.86336553,0.032316
1355984375669,0.2465058,-0.18867427,-0.95059824,0.81319183,-0.4933241,0.3087888,-0.52721345,-0.84913695,0.031821035
1355984375709,0.21727526,-0.18214065,-0.9589662,0.80023307,-0.5293283,0.28184834,-0.55894405,-0.8286352,0.030745082
1355984375749,0.20356566,-0.18484706,-0.9614533,0.7791671,-0.5640428,0.27341247,-0.5928403,-0.80479026,0.029206954
1355984375789,0.20777667,-0.19980386,-0.9575527,0.75254047,-0.59273106,0.28697145,-0.6249093,-0.78022313,0.027204841
1355984375829,0.23030454,-0.22796257,-0.94604063,0.720693,-0.6132909,0.3232274,-0.6538818,-0.7562456,0.023047298
1355984375871,0.2684055,-0.2621312,-0.9269551,0.68340397,-0.6263596,0.3750104,-0.67890906,-0.7341397,0.011023108
1355984375910,0.3164249,-0.28220874,-0.9056674,0.64378005,-0.6373226,0.42351753,-0.69672275,-0.71706206,-0.019984368
1355984375949,0.3669473,-0.25689244,-0.89406705,0.61168665,-0.6574737,0.43996337,-0.7008488,-0.7083323,-0.08412051
1355984375989,0.41157055,-0.1585835,-0.89747477,0.6032794,-0.6907155,0.39870548,-0.6831279,-0.7055235,-0.18860799
1355984376029,0.4386302,0.0051027536,-0.89865315,0.6300412,-0.7148137,0.3034625,-0.6408211,-0.69929636,-0.3167538
1355984376069,0.44629967,0.16547337,-0.87945163,0.6745107,-0.7080414,0.20907563,-0.58809173,-0.68650997,-0.42761222
1355984376109,0.45518363,0.24751584,-0.8553034,0.7004048,-0.6926352,0.17230687,-0.5497645,-0.6774899,-0.48863748
1355984376149,0.4820277,0.23213333,-0.8448452,0.69129187,-0.69319475,0.20395246,-0.53829813,-0.6823454,-0.49461097
1355984376189,0.52086186,0.13943535,-0.8421762,0.6543126,-0.6988355,0.28897056,-0.54824984,-0.70156026,-0.45523107
1355984376256,0.5529668,0.011124611,-0.83312905,0.6113371,-0.6848095,0.3966143,-0.56612253,-0.7286372,-0.38547778
1355984376269,0.5669606,-0.10949083,-0.8164358,0.58423847,-0.6452567,0.49224913,-0.58070743,-0.7560791,-0.30186635
1355984376309,0.5642357,-0.20126984,-0.800705,0.58032,-0.5931501,0.55803376,-0.58725363,-0.7795277,-0.21787554
1355984376349,0.5501244,-0.26311016,-0.79255044,0.59534866,-0.5419586,0.5931618,-0.5855963,-0.7981566,-0.14150238
1355984376388,0.5281239,-0.29905072,-0.79476655,0.6226522,-0.5000216,0.6018992,-0.5773988,-0.8127405,-0.07786876
1355984376429,0.5006448,-0.31360206,-0.806851,0.6568669,-0.4694435,0.59004134,-0.56380916,-0.8253948,-0.029029666
1355984376469,0.46802637,-0.30935,-0.82780075,0.69473433,-0.45012924,0.56100637,-0.5461645,-0.8376673,0.004243642
1355984376509,0.43063843,-0.28974617,-0.85475004,0.7327194,-0.44071168,0.51855123,-0.52694654,-0.8496001,0.022515267
1355984376549,0.3891905,-0.26011083,-0.8836703,0.7670356,-0.4396991,0.46724832,-0.5100854,-0.85965514,0.02838754
1355984376589,0.34554327,-0.22781244,-0.9103303,0.79415417,-0.44580573,0.4130091,-0.49991903,-0.8656551,0.02687303
1355984376629,0.30276906,-0.2000741,-0.93182683,0.811213,-0.4591052,0.36215448,-0.5002643,-0.8655592,0.023299873
1355984376669,0.26444817,-0.1806688,-0.94732577,0.81638086,-0.48099917,0.31962815,-0.5134097,-0.8579037,0.020295173
1355984376727,0.23416561,-0.17003396,-0.957212,0.8096688,-0.51089776,0.2888248,-0.53814757,-0.84265757,0.018036574
1355984376748,0.21546113,-0.1688256,-0.9618079,0.79304576,-0.5444518,0.27322283,-0.56978506,-0.82162654,0.016578235
1355984376788,0.21145421,-0.17933884,-0.9607938,0.7692528,-0.5758791,0.27679113,-0.6029405,-0.79762197,0.016184866
1355984376825,0.22410524,-0.20352274,-0.95307684,0.7401125,-0.6007039,0.3023051,-0.63404286,-0.7731322,0.016008802
1355984376868,0.25280905,-0.23906697,-0.93751514,0.70571876,-0.61729723,0.34771442,-0.6618525,-0.74952734,0.012655679
1355984376908,0.29545742,-0.2757061,-0.91470814,0.66649723,-0.62647766,0.40411282,-0.68446064,-0.7290486,-0.001340121
1355984376948,0.34767663,-0.29025704,-0.89155585,0.6266522,-0.6353747,0.45122725,-0.6974439,-0.7155766,-0.039014757
1355984376988,0.40647966,-0.2564031,-0.87694454,0.5945051,-0.65460855,0.46695977,-0.6937853,-0.7111576,-0.11365214
1355984377028,0.46537408,-0.16140895,-0.8702724,0.5820004,-0.6849811,0.4382651,-0.6668601,-0.71045613,-0.22483239
1355984377068,0.51297027,-0.031856745,-0.8578151,0.59339035,-0.7089393,0.38117322,-0.62028176,-0.7045497,-0.3447613
1355984377108,0.545351,0.071297675,-0.83517,0.61076283,-0.716201,0.33767575,-0.5740741,-0.69424254,-0.4341269
1355984377148,0.57128966,0.10399026,-0.814134,0.6104277,-0.71691084,0.33677417,-0.54864025,-0.68936557,-0.4730423
1355984377188,0.59581244,0.06369501,-0.8005938,0.58693427,-0.7149596,0.37992215,-0.54819304,-0.6962583,-0.46336663
1355984377258,0.6135614,-0.023791045,-0.7892885,0.55361056,-0.69979274,0.45144826,-0.56307876,-0.71394974,-0.41619483
1355984377269,0.61843705,-0.12135914,-0.7764069,0.53046703,-0.6644621,0.526398,-0.57977617,-0.73740226,-0.34655094
1355984377309,0.6111622,-0.20292142,-0.7650514,0.52833617,-0.615127,0.5852176,-0.58935696,-0.76186717,-0.26873165
1355984377349,0.59569705,-0.26053268,-0.75978136,0.54599553,-0.562426,0.6209395,-0.58909583,-0.7847291,-0.19278577
1355984377389,0.5748179,-0.29569888,-0.7629853,0.576736,-0.515051,0.63411206,-0.58048254,-0.80454,-0.12552035
1355984377429,0.55008906,-0.31312057,-0.77418184,0.6139945,-0.47672486,0.6290821,-0.5660503,-0.82139456,-0.06998688
1355984377469,0.52178776,-0.31599182,-0.792393,0.6534766,-0.4490302,0.60937685,-0.5483665,-0.8357757,-0.027805177
1355984377509,0.49032933,-0.3067875,-0.81575644,0.6923044,-0.4314788,0.578395,-0.529426,-0.84835577,8.2361326E-4
1355984377549,0.45593756,-0.28868747,-0.84189105,0.72824514,-0.42278224,0.5393647,-0.51164436,-0.85901964,0.017472953
1355984377589,0.4191026,-0.26700133,-0.8677921,0.75861186,-0.42216992,0.49626648,-0.49885964,-0.86630404,0.025617927
1355984377629,0.3810339,-0.24782923,-0.89072657,0.78035104,-0.43047488,0.45358974,-0.49584818,-0.8679125,0.029368281
1355984377669,0.34392756,-0.23488379,-0.90914434,0.7908466,-0.4495281,0.41531444,-0.5062366,-0.8618318,0.03115195
1355984377709,0.3107431,-0.22856194,-0.92260396,0.788979,-0.47926652,0.3844682,-0.530048,-0.847386,0.031401783
1355984377749,0.2847976,-0.22850478,-0.9309542,0.7758907,-0.51536477,0.36385798,-0.5629244,-0.82594466,0.030520141
1355984377789,0.26944858,-0.23587182,-0.93368196,0.75433207,-0.5510106,0.35688978,-0.5986489,-0.8004697,0.029456675
1355984377829,0.2676053,-0.25270572,-0.92979956,0.7267456,-0.5806607,0.36697933,-0.63263595,-0.7739333,0.028264973
1355984377869,0.2811343,-0.27877092,-0.91828656,0.69419295,-0.6016153,0.39516455,-0.66261566,-0.7485624,0.024386134
1355984377909,0.31065023,-0.30707613,-0.89955586,0.6575453,-0.6139707,0.43666255,-0.6863895,-0.72714806,0.011186302
1355984377948,0.35404742,-0.31811458,-0.8794621,0.62029827,-0.62389004,0.4753855,-0.6999147,-0.7138378,-0.023560762
1355984377988,0.40844005,-0.28653628,-0.8666451,0.5898465,-0.64173347,0.49016246,-0.6966045,-0.71138954,-0.09309721
1355984378028,0.46580803,-0.19479251,-0.8631794,0.578599,-0.67100096,0.46366024,-0.66951174,-0.7154114,-0.19985089
1355984378068,0.512678,-0.05969724,-0.85650307,0.59399545,-0.6956476,0.40403438,-0.61994404,-0.7158985,-0.32118338
1355984378108,0.5438461,0.059629798,-0.8370638,0.6197464,-0.7010774,0.3527109,-0.5658144,-0.7105877,-0.41823354
1355984378148,0.57140315,0.109211385,-0.81337035,0.6272526,-0.6972228,0.34703675,-0.5292001,-0.70848656,-0.46689844
1355984378188,0.60497993,0.07797751,-0.7924133,0.6047839,-0.69232434,0.39360315,-0.51791483,-0.7173608,-0.46600187
1355984378258,0.63821065,-0.010242552,-0.7697936,0.56282973,-0.6760249,0.4756186,-0.5252713,-0.7368076,-0.42568147
1355984378269,0.6594607,-0.11640473,-0.74267185,0.5231058,-0.6384559,0.56456566,-0.53988135,-0.7608049,-0.36014462
1355984378309,0.665218,-0.21098864,-0.7162184,0.5011124,-0.5849484,0.6377474,-0.5535082,-0.783147,-0.28338915
1355984378349,0.65867746,-0.2837184,-0.69688445,0.49959815,-0.5276387,0.68702185,-0.5626239,-0.800688,-0.2057985
1355984378388,0.64359224,-0.33399487,-0.6886482,0.5148649,-0.47681406,0.7124342,-0.5663065,-0.8130779,-0.1349116
1355984378429,0.62269837,-0.36454967,-0.6923513,0.5419476,-0.43729717,0.7176796,-0.5643931,-0.822116,-0.07473743
1355984378469,0.59683865,-0.3761288,-0.70873886,0.57776946,-0.41145045,0.704905,-0.55674595,-0.83020216,-0.028253794
1355984378509,0.5660413,-0.369122,-0.7371203,0.6195762,-0.39934766,0.6757564,-0.5438038,-0.8392082,0.0026519615
1355984378549,0.52968276,-0.345802,-0.77450436,0.664023,-0.39907774,0.63230556,-0.52774006,-0.8492101,0.018235922
1355984378589,0.48778364,-0.3124139,-0.81514704,0.7064309,-0.40731427,0.5788355,-0.5128572,-0.8581916,0.022017535
1355984378629,0.44248882,-0.27822816,-0.85252136,0.74133766,-0.4214292,0.52231777,-0.50460094,-0.8631259,0.019783318
1355984378669,0.3980446,-0.25138783,-0.8822497,0.763947,-0.4416042,0.47050038,-0.5078833,-0.8612722,0.01626888
1355984378709,0.3592888,-0.23552728,-0.9030163,0.7717669,-0.46903092,0.42940176,-0.52467835,-0.85119736,0.013254583
1355984378749,0.33064306,-0.23116985,-0.9150058,0.7652787,-0.5017027,0.40328994,-0.5522895,-0.83357954,0.011024892
1355984378789,0.31593448,-0.23908857,-0.91816235,0.7468729,-0.53413427,0.39608276,-0.5851208,-0.81088674,0.009817302
1355984378829,0.3180328,-0.26075926,-0.9115151,0.7187247,-0.5606936,0.41116607,-0.618296,-0.7858927,0.009095132
1355984378869,0.33783114,-0.2958042,-0.89351547,0.6813838,-0.5780358,0.4489884,-0.64929664,-0.76050925,0.006277766
1355984378911,0.37309754,-0.3373937,-0.8642706,0.63490653,-0.5864115,0.50300634,-0.67652935,-0.73640156,-0.0045752525
1355984378949,0.41865432,-0.3684759,-0.8300325,0.5824611,-0.59228766,0.55671746,-0.696755,-0.71653384,-0.0333409
1355984378989,0.4668815,-0.35889053,-0.8082198,0.53520924,-0.6128763,0.5813206,-0.70396924,-0.70397455,-0.09405908
1355984379029,0.510761,-0.27886552,-0.8132387,0.51220816,-0.6610148,0.54836327,-0.69048244,-0.69663006,-0.19478342
1355984379069,0.5368197,-0.119506076,-0.83519036,0.53470486,-0.71753705,0.44635347,-0.6526219,-0.6861916,-0.32128754
1355984379109,0.5375245,0.061584413,-0.8409963,0.59007496,-0.73993653,0.3229636,-0.6023944,-0.6698517,-0.43407345
1355984379149,0.5389323,0.1657661,-0.8258775,0.6259262,-0.7349329,0.26094055,-0.56370944,-0.6575676,-0.49983644
1355984379189,0.5696095,0.15184598,-0.8077672,0.61045164,-0.73623633,0.29206997,-0.5503579,-0.65946865,-0.5120618
1355984379262,0.62036896,0.042372584,-0.7831646,0.5504127,-0.73487437,0.3962391,-0.558738,-0.6768783,-0.47921568
1355984379267,0.6603234,-0.1022643,-0.74398595,0.4816407,-0.70243347,0.524032,-0.5761904,-0.7043644,-0.4145786
1355984379294,0.6733457,-0.20643672,-0.70992213,0.44631508,-0.65202135,0.61292,-0.5894136,-0.729556,-0.34689993
1355984379326,0.673807,-0.28019595,-0.683721,0.43611574,-0.59614813,0.67409974,-0.596479,-0.7523946,-0.27949095
1355984379368,0.66646814,-0.33223346,-0.6674137,0.44950184,-0.5351319,0.71524954,-0.59478426,-0.7766948,-0.2073088
1355984379407,0.64885205,-0.35708737,-0.6719223,0.48729783,-0.4832042,0.7273614,-0.5844072,-0.7993762,-0.13952014
1355984379448,0.6229758,-0.36219466,-0.6933369,0.53878635,-0.4439039,0.7160018,-0.567107,-0.8196123,-0.081395864
1355984379488,0.58832824,-0.35178792,-0.72809017,0.5971417,-0.41812417,0.6845393,-0.5452447,-0.8375068,-0.035927027
1355984379528,0.54400885,-0.32779306,-0.7724028,0.65769696,-0.40504742,0.6351151,-0.5210461,-0.8535152,-0.0047608633
1355984379568,0.48980695,-0.2925688,-0.821275,0.7158648,-0.40271437,0.57040226,-0.49762118,-0.86730886,0.012187395
1355984379608,0.4280147,-0.2517134,-0.8680114,0.7659211,-0.40881056,0.49622446,-0.47975856,-0.8772196,0.01781568
1355984379648,0.36383194,-0.21289846,-0.90680784,0.80269,-0.42224085,0.42119032,-0.47256213,-0.88112813,0.017266802
1355984379688,0.30353528,-0.18163604,-0.9353474,0.82355124,-0.44368958,0.3534162,-0.47919697,-0.87758076,0.014911123
1355984379728,0.25234467,-0.15942642,-0.95441365,0.828706,-0.4736144,0.29822102,-0.49956834,-0.8661828,0.012603551
1355984379768,0.21462,-0.14670905,-0.9656162,0.8203243,-0.50951314,0.259739,-0.5301002,-0.8478637,0.010997295
1355984379808,0.19469285,-0.1460174,-0.9699348,0.8014624,-0.5463927,0.24313167,-0.56546676,-0.8247024,0.01064872
1355984379848,0.196612,-0.16154107,-0.9670823,0.7745199,-0.5792179,0.2542156,-0.6012177,-0.79900634,0.011235595
1355984379888,0.22301972,-0.1960594,-0.9548942,0.73991334,-0.6037052,0.29676315,-0.63465774,-0.77272296,0.010428749
1355984379927,0.27168244,-0.24465995,-0.93076855,0.6963281,-0.6176275,0.36559984,-0.664316,-0.7474474,0.002565112
1355984379968,0.33445287,-0.28786772,-0.8973703,0.6453909,-0.6239131,0.44068462,-0.68674,-0.7265429,-0.022882283
1355984380008,0.39572716,-0.2877532,-0.8721227,0.6000843,-0.6378521,0.48274583,-0.6951969,-0.7143828,-0.07973921
1355984380048,0.4376039,-0.20302336,-0.8759477,0.5868584,-0.6735903,0.4493032,-0.6812489,-0.7106741,-0.17561978
1355984380088,0.44304752,-0.026334167,-0.89611125,0.6263219,-0.7060806,0.33041033,-0.6414279,-0.7076416,-0.2963336
1355984380128,0.42173016,0.1603488,-0.8924303,0.68948734,-0.6959105,0.20078787,-0.5888555,-0.6999978,-0.40404493
1355984380168,0.42503223,0.24982925,-0.87001896,0.72039783,-0.6753204,0.15801665,-0.54806435,-0.6939219,-0.4670094
1355984380207,0.4865176,0.2095178,-0.84817624,0.6921642,-0.68482697,0.22786137,-0.5331129,-0.6979357,-0.4782011
1355984380259,0.58469033,0.062285066,-0.80886203,0.6051672,-0.69750834,0.38373795,-0.54028684,-0.7138647,-0.44551924
1355984380289,0.6629417,-0.11585274,-0.739653,0.5008813,-0.66565204,0.5531956,-0.5564407,-0.7372147,-0.38326
1355984380329,0.6983259,-0.2543816,-0.6690523,0.43233413,-0.5950515,0.6774961,-0.5704631,-0.7623671,-0.30556202
1355984380369,0.7036009,-0.33713695,-0.6255273,0.41478124,-0.5199065,0.74676216,-0.57697684,-0.78487957,-0.2259686
1355984380409,0.69296086,-0.3799451,-0.61273736,0.43460053,-0.4579802,0.77548474,-0.5752632,-0.80367655,-0.15223801
1355984380450,0.67111063,-0.3959536,-0.6267626,0.47825247,-0.41475752,0.77411294,-0.5664673,-0.8192661,-0.08898237
1355984380489,0.6383386,-0.39267012,-0.66206795,0.53608686,-0.39044178,0.7484425,-0.55239004,-0.83268565,-0.038728774
1355984380529,0.59344673,-0.3736502,-0.7128861,0.6012476,-0.38303396,0.7012749,-0.53509104,-0.84479034,-0.002654015
1355984380569,0.535654,-0.34124774,-0.77241486,0.66762596,-0.38894713,0.6348193,-0.51705927,-0.85572773,0.019484818
1355984380609,0.46650407,-0.2994675,-0.8322818,0.7283527,-0.40383062,0.55355483,-0.50187266,-0.86443037,0.029729426
1355984380649,0.3911649,-0.2548322,-0.88433623,0.776552,-0.42430675,0.46575838,-0.49391997,-0.86892146,0.03191652
1355984380689,0.31755048,-0.21447703,-0.9236674,0.8076632,-0.44919574,0.3819731,-0.49683183,-0.86730784,0.030582845
1355984380729,0.25369745,-0.18323928,-0.9497689,0.82060546,-0.4790603,0.31162128,-0.51209784,-0.858443,0.028830826
1355984380769,0.20614952,-0.1632345,-0.96480924,0.8171301,-0.51372206,0.26151088,-0.53833145,-0.84228504,0.027480304
1355984380809,0.18058115,-0.15699083,-0.9709502,0.80076355,-0.5497463,0.23781645,-0.57111126,-0.8204467,0.026438765
1355984380849,0.18286806,-0.17023927,-0.96828604,0.77486956,-0.5812158,0.2485264,-0.60509217,-0.7957429,0.025627397
1355984380889,0.21851689,-0.21074817,-0.952804,0.73937607,-0.60145944,0.30260435,-0.63684636,-0.7706047,0.0243932
1355984380929,0.28963482,-0.28280658,-0.9144026,0.68839896,-0.602204,0.40429842,-0.6649952,-0.74657273,0.02026445
1355984380969,0.38470536,-0.37263998,-0.84447694,0.6149856,-0.5787714,0.5355524,-0.6883273,-0.725371,0.0065117776
1355984381009,0.480434,-0.44315875,-0.7568312,0.5251365,-0.54579806,0.65294427,-0.70243496,-0.7111363,-0.02950114
1355984381049,0.55673456,-0.4484575,-0.6992371,0.44897023,-0.54577065,0.7075028,-0.698908,-0.70782787,-0.10250527
1355984381089,0.6076294,-0.35528955,-0.71032095,0.42853096,-0.60634166,0.66985893,-0.66869104,-0.71142054,-0.21617848
1355984381129,0.6237198,-0.1653704,-0.76395434,0.48510325,-0.6844698,0.5442205,-0.6129016,-0.7100379,-0.34669566
1355984381169,0.6221702,0.012800753,-0.78277737,0.5536285,-0.7141458,0.42835876,-0.55353385,-0.6998799,-0.45140707
1355984381228,0.672372,0.03535813,-0.7393685,0.5294279,-0.72105604,0.4469724,-0.517322,-0.69197404,-0.5035375
1355984381294,0.76909995,-0.110749945,-0.62945986,0.3826372,-0.7090788,0.5922803,-0.51193166,-0.6963776,-0.50297546
1355984381295,0.82467407,-0.30335313,-0.47737777,0.20170367,-0.63078636,0.7492825,-0.52842057,-0.71420264,-0.4590057
1355984381314,0.83056957,-0.41363293,-0.37291002,0.10685252,-0.53880125,0.8356289,-0.5465681,-0.7338944,-0.4033142
1355984381345,0.823788,-0.4746322,-0.30999613,0.07263142,-0.4539556,0.8880591,-0.56222594,-0.75408787,-0.33948994
1355984381385,0.8150933,-0.5091684,-0.27635217,0.081934825,-0.37090778,0.9250482,-0.5735064,-0.77664346,-0.2606058
1355984381428,0.80710226,-0.5235604,-0.27289277,0.122827366,-0.30319983,0.944978,-0.5774941,-0.79621255,-0.18040574
1355984381468,0.7989506,-0.5261166,-0.2913403,0.17918842,-0.254184,0.95041144,-0.57408136,-0.81153667,-0.10880643
1355984381508,0.7887052,-0.51950365,-0.32872465,0.24412741,-0.22608075,0.9430213,-0.5642214,-0.8240166,-0.051485986
1355984381548,0.7737055,-0.5037843,-0.38416293,0.3156182,-0.21927075,0.9232039,-0.54933137,-0.8355368,-0.010647476
1355984381588,0.75025517,-0.47840828,-0.4563362,0.39302814,-0.23229422,0.88970125,-0.5316447,-0.8468559,0.01374799
1355984381628,0.7144643,-0.44373265,-0.54096395,0.47449014,-0.26092735,0.84069973,-0.51419824,-0.85733205,0.02412349
1355984381668,0.66456926,-0.40287134,-0.629319,0.5547764,-0.2981744,0.77673364,-0.5005706,-0.8653246,0.025345951
1355984381708,0.6038983,-0.3627683,-0.7097225,0.62476087,-0.3374925,0.7041113,-0.4949553,-0.8686184,0.022832304
1355984381748,0.54102767,-0.33131182,-0.7729952,0.6750941,-0.37703675,0.63410664,-0.50153464,-0.8649137,0.019679368
1355984381788,0.48525995,-0.31238207,-0.8166641,0.7017715,-0.4180016,0.57688075,-0.521574,-0.85304874,0.016381387
1355984381828,0.4433233,-0.30611125,-0.8424728,0.7067553,-0.4587221,0.53858256,-0.551327,-0.8341882,0.012983501
1355984381868,0.41964525,-0.3129261,-0.8520417,0.6943627,-0.49389887,0.5233779,-0.58460104,-0.81125903,0.010021865
1355984381908,0.41657317,-0.3342062,-0.8454425,0.66786873,-0.51843685,0.5340174,-0.61678046,-0.7871019,0.007239014
1355984381947,0.4328457,-0.36794135,-0.82296044,0.62924397,-0.5303958,0.56809556,-0.6455205,-0.76374054,0.001945287
