1355991545090,0.4894214,-0.18349567,0.8525233,-0.8041116,0.28333607,0.5226137,-0.3374479,-0.94130224,-0.008880228
1355991545122,0.48942035,-0.18349624,0.8525238,-0.8041131,0.28333342,0.52261287,-0.33744597,-0.94130296,-0.008882582
1355991545161,-0.10852897,0.04830697,-0.99291885,0.9350759,-0.3340664,-0.118459314,-0.3374232,-0.94131076,-0.0089147985
1355991545192,-0.108659744,0.048456103,-0.99289733,0.93508244,-0.33398712,-0.11863214,-0.3373633,-0.9413313,-0.009019524
1355991545232,-0.10920739,0.04907936,-0.99280655,0.9350753,-0.33374894,-0.11935586,-0.3372061,-0.9413834,-0.009445041
1355991545275,-0.11083913,0.050542206,-0.99255234,0.9349575,-0.3333478,-0.12138203,-0.33700007,-0.9414482,-0.010306805
1355991545312,-0.11412275,0.052795947,-0.9920628,0.93463063,-0.33284128,-0.12522924,-0.33681104,-0.94150376,-0.01135996
1355991545352,-0.119336426,0.055328846,-0.991311,0.9340444,-0.33226973,-0.13098776,-0.33663005,-0.94156015,-0.012027711
1355991545396,-0.12611687,0.057383984,-0.9903543,0.9332402,-0.3316651,-0.13806134,-0.3363885,-0.94165033,-0.011724442
1355991545435,-0.13369596,0.05816862,-0.9893137,0.93230045,-0.33114445,-0.14546153,-0.33606708,-0.94178534,-0.00995791
1355991545474,-0.14154297,0.057704,-0.98824894,0.9312434,-0.33086145,-0.15269727,-0.3357847,-0.9419134,-0.006905347
1355991545516,-0.14841646,0.05590585,-0.98734343,0.9302081,-0.33101088,-0.15857056,-0.33568645,-0.9419694,-0.0028766096
1355991545555,-0.15429378,0.0535976,-0.9865701,0.9291903,-0.33155382,-0.16333231,-0.33585533,-0.94191253,0.0013543367
1355991545594,-0.15928167,0.05179447,-0.9858736,0.92821836,-0.332236,-0.16742128,-0.33621418,-0.9417731,0.0048425198
1355991545634,-0.16339874,0.051163822,-0.98523253,0.92732084,-0.3328777,-0.17108074,-0.33671504,-0.941581,0.0069464743
1355991545675,-0.1669048,0.052358776,-0.98458177,0.9264753,-0.33331013,-0.17477965,-0.3373223,-0.94136226,0.0071219206
1355991545715,-0.17033964,0.056050867,-0.98379,0.9255786,-0.33342332,-0.17925715,-0.33806604,-0.94110954,0.0049157143
1355991545754,-0.17365581,0.061683267,-0.9828727,0.92464936,-0.33326113,-0.18428364,-0.3389205,-0.9408146,8.3738565E-4
1355991545795,-0.17730856,0.06880927,-0.9817469,0.9236093,-0.3328563,-0.19013807,-0.33986393,-0.94046366,-0.004534602
1355991545835,-0.18100047,0.076037854,-0.9805392,0.9225489,-0.33235574,-0.19606903,-0.3407965,-0.940084,-0.009992093
1355991545878,-0.18428135,0.08179286,-0.9794643,0.92159486,-0.33198637,-0.20111695,-0.34161875,-0.93973136,-0.014200985
1355991545913,-0.18682009,0.085176826,-0.9786947,0.9208168,-0.3319776,-0.20466432,-0.34233728,-0.9394338,-0.016412228
1355991545953,-0.18878704,0.08625811,-0.97822237,0.92018586,-0.33234543,-0.20689228,-0.34295392,-0.93920505,-0.016630977
1355991545994,-0.19078147,0.08614832,-0.9778451,0.91961044,-0.332784,-0.20873791,-0.3433936,-0.9390598,-0.015733868
1355991546033,-0.19347298,0.08626363,-0.9773059,0.9190103,-0.33281875,-0.21130931,-0.3434941,-0.93903685,-0.014885753
1355991546074,-0.19326031,0.085924804,-0.9773778,0.9191951,-0.33251214,-0.21098799,-0.34311914,-0.9391765,-0.0147202015
1355991546131,-0.19990337,0.08860639,-0.97580093,0.91807544,-0.33099157,-0.218133,-0.3423099,-0.93946445,-0.015180975
1355991546154,-0.20463222,0.09087357,-0.9746115,0.9174074,-0.32937258,-0.2233324,-0.34130535,-0.93981683,-0.015967846
1355991546194,-0.20706457,0.09240657,-0.97395337,0.91721445,-0.32800353,-0.22612205,-0.34035537,-0.9401461,-0.0168387
1355991546233,-0.2068246,0.09292847,-0.9739548,0.9175691,-0.32705575,-0.22605634,-0.33954456,-0.9404248,-0.017625093
1355991546274,-0.2035445,0.092345804,-0.9747009,0.9186157,-0.3263824,-0.22275475,-0.33869568,-0.94071615,-0.018397003
1355991546313,-0.19701946,0.09100032,-0.9761672,0.9205134,-0.32548916,-0.21612963,-0.33739963,-0.9411566,-0.019639373
1355991546354,-0.18738449,0.08975083,-0.9781778,0.923323,-0.32372767,-0.2065793,-0.33520392,-0.9418838,-0.02220741
1355991546394,-0.17555946,0.09021002,-0.980327,0.92682844,-0.32058823,-0.19547936,-0.3319155,-0.9429132,-0.027326971
1355991546434,-0.16327369,0.09475759,-0.9820197,0.9305445,-0.3158942,-0.18519676,-0.32776314,-0.9440508,-0.03659889
1355991546474,-0.15291733,0.10608283,-0.98252875,0.93401515,-0.30929017,-0.17876062,-0.32284993,-0.94503224,-0.05178708
1355991546514,-0.14549851,0.1248121,-0.9814541,0.9372817,-0.30021375,-0.17712843,-0.3167538,-0.94567096,-0.0733034
1355991546554,-0.1396454,0.1480934,-0.9790646,0.9407566,-0.28869772,-0.17784995,-0.30899215,-0.9458974,-0.09900448
1355991546594,-0.133915,0.17322981,-0.9757347,0.9446806,-0.27516294,-0.1785048,-0.29940844,-0.945662,-0.12679833
1355991546633,-0.12646621,0.1982427,-0.97195995,0.94901025,-0.26105195,-0.17672467,-0.28876635,-0.9447496,-0.15512013
1355991546674,-0.11643195,0.22275817,-0.96789587,0.9533706,-0.2481367,-0.17179254,-0.2784387,-0.9427656,-0.18348008
1355991546713,-0.10439855,0.24819493,-0.96306807,0.95728135,-0.23747909,-0.1649727,-0.26965398,-0.9391501,-0.21279985
1355991546754,-0.09198779,0.2770332,-0.95644695,0.96049,-0.22869134,-0.15861666,-0.2626732,-0.9332485,-0.24505085
1355991546793,-0.08247137,0.3126762,-0.94627273,0.9631252,-0.21899587,-0.15630281,-0.256102,-0.9242697,-0.2830854
1355991546833,-0.08036885,0.3586206,-0.93001723,0.96564674,-0.2033048,-0.16184354,-0.24711743,-0.91107535,-0.32996148
1355991546876,-0.09188935,0.4185256,-0.90354455,0.96845365,-0.17351124,-0.17886162,-0.2316333,-0.8914764,-0.3893788
1355991546915,-0.11452663,0.4835176,-0.86781013,0.9711147,-0.12958407,-0.20036021,-0.20933202,-0.86568975,-0.45471025
1355991546956,-0.14946967,0.5488193,-0.8224696,0.972039,-0.070797145,-0.22389296,-0.18110526,-0.8329377,-0.52289176
1355991546994,-0.18614262,0.6015043,-0.77688056,0.96985924,-0.014051795,-0.24326047,-0.15723878,-0.7987459,-0.58075887
1355991547034,-0.21622694,0.6360383,-0.7407437,0.9649435,0.023617923,-0.26139253,-0.14876086,-0.77129596,-0.6188479
1355991547075,-0.23149693,0.6500932,-0.723732,0.95925367,0.028659225,-0.281089,-0.16199246,-0.7593139,-0.6302388
1355991547136,-0.22300974,0.64126456,-0.73419785,0.954867,-0.007890612,-0.29692888,-0.1962032,-0.7672794,-0.6105627
1355991547154,-0.18041736,0.6030868,-0.7770044,0.95320284,-0.08763713,-0.28935117,-0.24259835,-0.79284674,-0.5590528
1355991547193,-0.09699729,0.5252052,-0.84542954,0.9530397,-0.19583806,-0.23100379,-0.2868917,-0.82813466,-0.48154563
1355991547233,0.013559192,0.40746683,-0.9131193,0.94839424,-0.29457346,-0.117366284,-0.31680354,-0.86440575,-0.39043343
1355991547274,0.11226779,0.27717406,-0.9542382,0.9377765,-0.34710938,0.009507477,-0.32858977,-0.8959295,-0.29889655
1355991547313,0.16839167,0.16791135,-0.9713135,0.93019265,-0.35312602,0.10021767,-0.3261684,-0.9203845,-0.21565336
1355991547355,0.17821479,0.09166542,-0.9797127,0.9318781,-0.33544594,0.13812798,-0.31597903,-0.9375892,-0.14520243
1355991547393,0.15056288,0.045681655,-0.9875444,0.9411931,-0.3122517,0.12905201,-0.30246708,-0.94890046,-0.090008765
1355991547436,0.0937258,0.02640456,-0.99524784,0.9535542,-0.2898141,0.082110435,-0.2862688,-0.9567187,-0.052341223
1355991547475,0.01490891,0.0288741,-0.9994719,0.9631542,-0.26886892,0.0065997243,-0.26853633,-0.96274394,-0.031818777
1355991547517,-0.07000983,0.04661736,-0.99645644,0.96608686,-0.24571568,-0.07937148,-0.24854511,-0.96822035,-0.027833879
1355991547555,-0.15269798,0.06886563,-0.9858706,0.9609374,-0.22265548,-0.16438925,-0.23083022,-0.9724618,-0.032176524
1355991547596,-0.22364116,0.08913973,-0.9705868,0.9492425,-0.20606327,-0.23764816,-0.22118625,-0.97447014,-0.038530946
1355991547635,-0.2814601,0.107364684,-0.9535476,0.9328636,-0.20220917,-0.29812247,-0.22482392,-0.9734394,-0.043242812
1355991547675,-0.32500297,0.12512115,-0.9373994,0.9142585,-0.2119444,-0.34526947,-0.24187705,-0.969239,-0.04551053
1355991547714,-0.35224897,0.1413663,-0.92516816,0.89681107,-0.23174208,-0.37686262,-0.26767612,-0.9624505,-0.045147896
1355991547755,-0.36075377,0.1531764,-0.91999656,0.884271,-0.2574324,-0.38960654,-0.2965154,-0.9540784,-0.04257971
1355991547794,-0.34975338,0.15934503,-0.92319113,0.87830234,-0.2871064,-0.38230234,-0.32597202,-0.94455236,-0.039536715
1355991547835,-0.3187766,0.16171938,-0.93393165,0.8790371,-0.318093,-0.3551205,-0.35450703,-0.93416464,-0.040756762
1355991547875,-0.27300286,0.17048874,-0.94678557,0.88445354,-0.342668,-0.3167342,-0.37843275,-0.9238572,-0.05724007
1355991547915,-0.22052735,0.1987983,-0.95490676,0.8936074,-0.35121483,-0.27948883,-0.3909393,-0.9149467,-0.10019517
1355991547972,-0.18993568,0.26979843,-0.9439986,0.903492,-0.32824826,-0.2756002,-0.3842224,-0.9052414,-0.1814146
1355991547992,-0.1907593,0.3741155,-0.90755075,0.9134995,-0.2707855,-0.3036344,-0.35934597,-0.88696826,-0.29009944
1355991548036,-0.20623392,0.47032475,-0.8580572,0.9210787,-0.20267338,-0.33247197,-0.33027512,-0.8589052,-0.39140797
1355991548069,-0.2037341,0.52465886,-0.82657456,0.92727,-0.16746676,-0.33485115,-0.31410635,-0.8346784,-0.45238167
1355991548107,-0.17627603,0.54285735,-0.8211168,0.93414694,-0.17071986,-0.31340754,-0.31031647,-0.82228994,-0.47701472
1355991548142,-0.07384187,0.49586785,-0.8652528,0.94372165,-0.24573547,-0.22136709,-0.32239217,-0.832904,-0.44981563
1355991548183,0.08149487,0.39101753,-0.91676813,0.93839884,-0.34001797,-0.0616059,-0.33580667,-0.8552736,-0.3946401
1355991548222,0.23955116,0.2538905,-0.93709916,0.9084922,-0.39904246,0.124124736,-0.34242827,-0.88108146,-0.32624862
1355991548269,0.34888113,0.12788916,-0.9283999,0.8736501,-0.4028778,0.2728095,-0.33914235,-0.9062747,-0.2522868
1355991548304,0.37898198,0.053251505,-0.9238707,0.86427224,-0.37720397,0.33279216,-0.330766,-0.924598,-0.1889773
1355991548345,0.3721372,0.008160353,-0.92814183,0.8723913,-0.34452057,0.34675497,-0.31693432,-0.9387433,-0.13532794
1355991548386,0.32781988,-0.010164201,-0.9446856,0.8959149,-0.31395626,0.31427372,-0.2997843,-0.949383,-0.09381488
1355991548425,0.25914657,-0.0088838935,-0.9657971,0.92406887,-0.288607,0.25060463,-0.28096217,-0.9574064,-0.06658217
1355991548466,0.17343849,0.008160949,-0.98481095,0.9491604,-0.2681231,0.16493806,-0.26270452,-0.96335006,-0.0542489
1355991548504,0.08236313,0.033783287,-0.9960296,0.96560323,-0.25003427,0.07136646,-0.24663055,-0.96764743,-0.053214848
1355991548545,-0.0010998249,0.058393985,-0.99829304,0.97211623,-0.23403478,-0.014760584,-0.23449722,-0.97047305,-0.056508332
1355991548585,-0.069073915,0.07562408,-0.9947411,0.9705765,-0.22546548,-0.08453673,-0.23067275,-0.9713116,-0.057825148
1355991548624,-0.11977738,0.086784065,-0.9890005,0.9633464,-0.23069131,-0.13691336,-0.24003571,-0.9691492,-0.055971533
1355991548664,-0.15270513,0.095174134,-0.98367834,0.95279557,-0.250117,-0.17211053,-0.2624152,-0.9635265,-0.052487344
1355991548704,-0.16439128,0.09967354,-0.98134625,0.942153,-0.27874798,-0.18613768,-0.29210135,-0.9551778,-0.04808393
1355991548744,-0.14899272,0.09555718,-0.9842104,0.9345883,-0.31153518,-0.1717278,-0.32302597,-0.94541776,-0.04289019
1355991548784,-0.100087166,0.07791856,-0.991923,0.93030477,-0.3462308,-0.121067256,-0.35286772,-0.9349079,-0.037834674
1355991548824,-0.011352479,0.04382983,-0.99897456,0.92440486,-0.38044196,-0.027196884,-0.38124385,-0.9237656,-0.036197573
1355991548864,0.11493003,-9.0271235E-4,-0.9933732,0.9068602,-0.40806657,0.105291635,-0.40545744,-0.9129518,-0.0460805
1355991548905,0.25225657,-0.028841019,-0.96723044,0.87274647,-0.42494267,0.24028581,-0.41794762,-0.90476066,-0.082023636
1355991548943,0.3581564,-6.902814E-4,-0.93366134,0.8389399,-0.43863693,0.3221452,-0.40976068,-0.8986641,-0.15652156
1355991548984,0.3990247,0.10614985,-0.9107752,0.8360017,-0.45014414,0.31380147,-0.37667012,-0.88662416,-0.26836008
1355991549024,0.3952648,0.24444672,-0.88544416,0.8570298,-0.44502133,0.2597224,-0.33055326,-0.8615113,-0.38539943
1355991549064,0.4116987,0.33033127,-0.849344,0.8627854,-0.44137704,0.24655142,-0.29343733,-0.8343066,-0.46671936
1355991549128,0.49933532,0.3167695,-0.806425,0.8209406,-0.47054246,0.32349083,-0.27698514,-0.8235574,-0.49500746
1355991549143,0.63317424,0.21412265,-0.7438023,0.72273815,-0.50749373,0.46914786,-0.27701986,-0.8346266,-0.47608656
1355991549184,0.74253684,0.083272785,-0.66460866,0.60665274,-0.50420946,0.61460996,-0.28392172,-0.85955715,-0.42491174
1355991549224,0.80026966,-0.020038158,-0.5993054,0.52458525,-0.4607582,0.7158995,-0.2904802,-0.8872995,-0.3582191
1355991549264,0.8213302,-0.08585772,-0.56395495,0.48917064,-0.40260005,0.7737088,-0.29347718,-0.9113406,-0.2886685
1355991549304,0.8203925,-0.12303348,-0.55840755,0.49159068,-0.3470355,0.79868954,-0.29205275,-0.9297468,-0.2242232
1355991549344,0.8042743,-0.14107405,-0.5772702,0.52086085,-0.30031037,0.7990729,-0.2860887,-0.9433513,-0.16805196
1355991549383,0.7734201,-0.14441924,-0.61722314,0.57072777,-0.26506853,0.77717984,-0.27584612,-0.9533529,-0.12258527
1355991549425,0.72515684,-0.1337972,-0.67545974,0.63678837,-0.2429456,0.7317637,-0.2620079,-0.96076834,-0.09097317
1355991549465,0.654361,-0.10981688,-0.7481657,0.7146251,-0.23367143,0.65932435,-0.24722987,-0.9660942,-0.074427605
1355991549503,0.5616297,-0.07411814,-0.8240622,0.79396427,-0.23194927,0.56197894,-0.23279342,-0.9699,-0.07142246
1355991549545,0.4498206,-0.033930033,-0.89247423,0.8653432,-0.23071525,0.4449175,-0.22100347,-0.9724296,-0.074419335
1355991549586,0.33271328,-2.2816658E-4,-0.943028,0.91763204,-0.23043272,0.323809,-0.21737835,-0.97308826,-0.07645869
1355991549624,0.22407457,0.023391217,-0.97429127,0.94751084,-0.23917708,0.21217313,-0.2280652,-0.9706942,-0.07575688
1355991549665,0.13331854,0.040381253,-0.99025023,0.9582848,-0.2601347,0.11840701,-0.252817,-0.96472764,-0.07337752
1355991549704,0.06815231,0.052367985,-0.9962996,0.95586973,-0.28947526,0.050171137,-0.28577676,-0.9557519,-0.06978533
1355991549745,0.035380542,0.0569914,-0.99774754,0.9469387,-0.3210526,0.015240282,-0.3194609,-0.9453449,-0.06532633
1355991549784,0.03739673,0.051109284,-0.99799263,0.93543494,-0.35309118,0.016970009,-0.35151508,-0.9341918,-0.061013818
1355991549825,0.07501823,0.034311026,-0.9965917,0.9216764,-0.3838728,0.056162894,-0.38063744,-0.92274827,-0.06042111
1355991549865,0.13906074,0.01734531,-0.990132,0.90428996,-0.40975773,0.11982632,-0.40363577,-0.9120295,-0.07266641
1355991549904,0.21486437,0.018894047,-0.9764611,0.8842802,-0.42818528,0.18629536,-0.41458637,-0.9034934,-0.108709395
1355991549944,0.27113393,0.069196165,-0.9600512,0.87244636,-0.43899778,0.21475196,-0.40660033,-0.89581966,-0.17939715
1355991549984,0.29328316,0.17240036,-0.9403527,0.8774383,-0.43907923,0.19316208,-0.3795881,-0.8817526,-0.28004518
1355991550025,0.2902643,0.28980374,-0.912009,0.89183056,-0.42747194,0.14800692,-0.3469653,-0.8563186,-0.38253567
1355991550063,0.292477,0.3677182,-0.88274604,0.8985609,-0.4215119,0.1221312,-0.32717806,-0.8289217,-0.45369974
1355991550131,0.33148065,0.37287593,-0.86665106,0.8847791,-0.4417694,0.14834338,-0.32754624,-0.81596774,-0.47635084
1355991550144,0.41100216,0.30181322,-0.86022437,0.8455168,-0.47900486,0.23591435,-0.34084964,-0.8242955,-0.4520602
1355991550183,0.4948536,0.19100195,-0.8477253,0.7933889,-0.49725696,0.35109758,-0.35447693,-0.84631777,-0.39760822
1355991550223,0.5550747,0.0802623,-0.8279191,0.7490636,-0.48099226,0.45557675,-0.36165702,-0.8730432,-0.3271082
1355991550263,0.58268464,-0.0043969154,-0.81268644,0.72810245,-0.44140992,0.5244273,-0.3610337,-0.89729476,-0.25400138
1355991550303,0.5836111,-0.06029302,-0.8097918,0.7309163,-0.39546347,0.5562103,-0.3537787,-0.91650057,-0.1867277
1355991550343,0.5637662,-0.091848314,-0.8208115,0.75217307,-0.3534258,0.5561707,-0.34117937,-0.93094254,-0.13016367
1355991550383,0.5262178,-0.102692306,-0.8441263,0.78614885,-0.31964046,0.5289613,-0.32413715,-0.9419577,-0.08746907
1355991550423,0.47247562,-0.09506667,-0.87620157,0.8274163,-0.2945743,0.47812998,-0.30356067,-0.95088816,-0.06051947
1355991550463,0.40458715,-0.07203621,-0.9116578,0.8702563,-0.27599347,0.4080215,-0.28100392,-0.9584562,-0.048973456
1355991550503,0.3273539,-0.039821863,-0.94406235,0.90875655,-0.26042742,0.32609677,-0.25884548,-0.96467185,-0.04906358
1355991550543,0.24898508,-0.008358866,-0.96847117,0.9381176,-0.2464473,0.24330848,-0.24071094,-0.9691201,-0.053520083
1355991550584,0.17806894,0.013539314,-0.98392487,0.95616645,-0.23859292,0.16976213,-0.23245904,-0.97102535,-0.055431843
1355991550623,0.11901921,0.02497992,-0.9925777,0.9635402,-0.24417949,0.109392226,-0.23963448,-0.96940833,-0.053131253
1355991550663,0.073856354,0.030167073,-0.99681246,0.96199775,-0.2656334,0.06323779,-0.2628791,-0.96360195,-0.048639327
1355991550703,0.04475546,0.031793296,-0.9984919,0.9542768,-0.29706204,0.033314764,-0.29555488,-0.9543287,-0.043634742
1355991550743,0.035084188,0.028327346,-0.9989828,0.9433521,-0.3309425,0.023746133,-0.32993326,-0.9432256,-0.038333505
1355991550783,0.047361195,0.01700601,-0.99873304,0.93089616,-0.36330634,0.037958026,-0.36220053,-0.9315145,-0.033037424
1355991550823,0.08139646,-0.0021394193,-0.9966794,0.9164456,-0.39293593,0.07568738,-0.39179313,-0.9195633,-0.03002289
1355991550864,0.13238847,-0.021813452,-0.99095786,0.8990007,-0.41842037,0.12931377,-0.41745773,-0.90799147,-0.035783708
1355991550903,0.18940735,-0.024110198,-0.98160255,0.8805102,-0.4382487,0.18066514,-0.4345419,-0.89853036,-0.061778262
1355991550946,0.23570305,0.018308729,-0.9716526,0.8690357,-0.45149827,0.20230275,-0.4349955,-0.8920842,-0.1223305
1355991550983,0.26339537,0.10549405,-0.9589025,0.86983764,-0.45578718,0.18878707,-0.41713953,-0.88381505,-0.21181495
1355991551023,0.26458913,0.22257355,-0.9383249,0.8842218,-0.44433612,0.14393517,-0.38489544,-0.8677709,-0.3143709
1355991551063,0.25714946,0.31939158,-0.9120654,0.8988658,-0.42560995,0.10438576,-0.35484412,-0.8466672,-0.39653555
1355991551132,0.27477598,0.34130177,-0.8988944,0.89733195,-0.42684913,0.11222774,-0.34538877,-0.83744425,-0.42354894
1355991551154,0.31247246,0.30667323,-0.89906204,0.883769,-0.44087994,0.1567716,-0.34830073,-0.8435499,-0.4087911
1355991551193,0.36622137,0.22664279,-0.9025048,0.860045,-0.45272017,0.23530188,-0.35525262,-0.8623674,-0.3607188
1355991551233,0.41807804,0.12918422,-0.8991786,0.83457243,-0.44552544,0.3240308,-0.35874724,-0.8858999,-0.294078
1355991551273,0.45487568,0.039558113,-0.889676,0.816305,-0.4178743,0.39878222,-0.3559976,-0.9076432,-0.22237235
1355991551313,0.4728971,-0.030395359,-0.88059324,0.8095418,-0.3795771,0.44784287,-0.3478654,-0.9246607,-0.15489458
1355991551353,0.4729672,-0.07794607,-0.87762547,0.8145553,-0.3410136,0.46926475,-0.33585957,-0.93682134,-0.09779689
1355991551393,0.4566706,-0.10335633,-0.8836116,0.82991457,-0.30828056,0.46497846,-0.3204587,-0.94566417,-0.05500576
1355991551433,0.42558375,-0.108136564,-0.8984347,0.8531778,-0.28295895,0.43820295,-0.301606,-0.9530165,-0.028162971
1355991551474,0.3814635,-0.09495479,-0.91949403,0.8809943,-0.26383123,0.39273694,-0.27988338,-0.9598838,-0.016987398
1355991551513,0.32718644,-0.06945571,-0.94240385,0.90913665,-0.24885663,0.33397758,-0.25772005,-0.9660468,-0.018277839
1355991551553,0.2682543,-0.03962359,-0.9625329,0.9333588,-0.23667154,0.2698664,-0.23849723,-0.9707814,-0.026505113
1355991551593,0.2107951,-0.014522016,-0.97742236,0.95069957,-0.22961193,0.20844337,-0.22745487,-0.97317386,-0.034595013
1355991551633,0.16017091,0.0011227727,-0.9870887,0.95981467,-0.23362762,0.15547952,-0.2304366,-0.97232544,-0.038497984
1355991551674,0.11945921,0.008492023,-0.9928028,0.96083426,-0.2528373,0.11344987,-0.25005418,-0.96747154,-0.03836319
1355991551713,0.09118849,0.010408372,-0.9957793,0.95519185,-0.28366715,0.08450666,-0.28159025,-0.95886636,-0.03580916
1355991551753,0.07894969,0.0067557395,-0.99685574,0.94482315,-0.31942004,0.07266411,-0.31792477,-0.94758916,-0.03160113
1355991551793,0.087079585,-0.004830897,-0.9961896,0.93139565,-0.35438794,0.08313429,-0.35343918,-0.935086,-0.026360512
1355991551833,0.11845702,-0.026064396,-0.992617,0.9147591,-0.38598317,0.11930084,-0.386243,-0.9221375,-0.021879762
1355991551873,0.17183906,-0.05331382,-0.9836813,0.8932848,-0.41256833,0.1784082,-0.41534746,-0.9093651,-0.02327089
1355991551913,0.23798138,-0.07157898,-0.9686286,0.8673507,-0.4331571,0.24510765,-0.43711287,-0.8984717,-0.04099925
1355991551953,0.29923016,-0.05416745,-0.9526422,0.8441052,-0.45049846,0.2907535,-0.44491324,-0.8911325,-0.08907969
1355991551993,0.33681124,0.02233988,-0.9413071,0.8360903,-0.4668628,0.2880834,-0.43302554,-0.8840475,-0.1759228
1355991552034,0.34241617,0.15047354,-0.9274206,0.8487202,-0.47295225,0.23662266,-0.40302017,-0.8681439,-0.2896564
1355991552073,0.3340078,0.2739654,-0.9018768,0.8672813,-0.4640476,0.1802305,-0.3691368,-0.8423792,-0.39260057
1355991552132,0.3435644,0.3380459,-0.8761784,0.8726315,-0.45973396,0.16479966,-0.3470991,-0.82120013,-0.45293772
1355991552172,0.3882815,0.32641527,-0.86179495,0.85625136,-0.4735174,0.20643342,-0.34069183,-0.81806743,-0.4633516
1355991552192,0.45593196,0.25542307,-0.85257554,0.821308,-0.48981172,0.29246837,-0.34289834,-0.8335728,-0.43310177
1355991552232,0.5184424,0.16133463,-0.8397551,0.78248084,-0.48557696,0.3897932,-0.3448786,-0.8591776,-0.37798494
1355991552269,0.5579338,0.07710469,-0.8262958,0.75606906,-0.45773432,0.46780217,-0.3421542,-0.8857393,-0.3136819
1355991552313,0.57386684,0.013398081,-0.81883895,0.7476176,-0.41670096,0.5171346,-0.33428237,-0.9089449,-0.2491475
1355991552352,0.5695045,-0.02977565,-0.82144874,0.7559427,-0.37350556,0.53762835,-0.32282394,-0.92714995,-0.19020441
1355991552393,0.54926026,-0.05672273,-0.833724,0.7764548,-0.33418018,0.5342673,-0.3089191,-0.9408008,-0.13950925
1355991552432,0.51472414,-0.069069386,-0.8545692,0.80566835,-0.3018862,0.5096697,-0.29318523,-0.9508386,-0.0997411
1355991552474,0.46687803,-0.06639707,-0.88182557,0.84031963,-0.27732322,0.465784,-0.27547738,-0.9584797,-0.073681384
1355991552512,0.40643322,-0.05021906,-0.91229934,0.87683773,-0.25924343,0.40490538,-0.2568416,-0.9645055,-0.061331123
1355991552552,0.33905214,-0.02522096,-0.94042945,0.9101721,-0.24406958,0.33468914,-0.2379714,-0.96942973,-0.05979696
1355991552592,0.26978847,-4.8416853E-4,-0.9629195,0.9368948,-0.23078701,0.26261297,-0.22235644,-0.9730042,-0.061810076
1355991552632,0.20549205,0.016422153,-0.978521,0.9543202,-0.2249622,0.19663435,-0.21690103,-0.97422916,-0.06189993
1355991552672,0.15055108,0.025232285,-0.9882802,0.9620087,-0.23404795,0.14057332,-0.22775802,-0.97189754,-0.059509844
1355991552712,0.10793632,0.029250026,-0.99372745,0.961241,-0.25815463,0.09680906,-0.25370368,-0.9656608,-0.055980623
1355991552753,0.081234396,0.029461503,-0.99625945,0.9544225,-0.29031664,0.06923771,-0.2871909,-0.9564769,-0.05170238
1355991552793,0.0743233,0.023975074,-0.99694586,0.94405097,-0.32380515,0.062592894,-0.32131562,-0.94582,-0.04669991
1355991552833,0.089769125,0.010981679,-0.99590206,0.931121,-0.3558268,0.08000618,-0.35349002,-0.9344874,-0.042167485
1355991552873,0.12686443,-0.007140577,-0.9918944,0.9149141,-0.38546318,0.119793504,-0.38319415,-0.92269564,-0.04236859
1355991552913,0.17915136,-0.018658102,-0.9836446,0.89536446,-0.41124767,0.17087352,-0.40770975,-0.9113326,-0.056969747
1355991552955,0.23326546,-7.492304E-5,-0.97241306,0.8768139,-0.43236965,0.21036613,-0.4204577,-0.90169644,-0.1007912
1355991552994,0.27379397,0.07117289,-0.9591514,0.8679652,-0.44789955,0.21452853,-0.4143348,-0.89124656,-0.18440785
1355991553034,0.29095295,0.19098979,-0.9374803,0.8740428,-0.45156613,0.17926863,-0.38909584,-0.87155664,-0.29831773
1355991553073,0.28758085,0.32220784,-0.9019309,0.8896917,-0.43853867,0.12701383,-0.35460678,-0.8389672,-0.41278097
1355991553133,0.28742102,0.4093604,-0.86591756,0.8998456,-0.4251252,0.09770572,-0.32812658,-0.80727476,-0.49055108
1355991553154,0.31250042,0.42480046,-0.8496399,0.89498657,-0.43141776,0.11348006,-0.31834337,-0.7958789,-0.5150089
1355991553194,0.36392197,0.37228608,-0.85379386,0.87430775,-0.45260492,0.1753132,-0.32116464,-0.8102789,-0.4902055
1355991553234,0.42246202,0.2770916,-0.8629867,0.8448849,-0.46512088,0.26425746,-0.3281696,-0.8407632,-0.43060645
1355991553272,0.46737146,0.17277744,-0.8670132,0.8185327,-0.45510757,0.35054427,-0.33401814,-0.87351304,-0.35412824
1355991553312,0.49076083,0.081789404,-0.867447,0.8034055,-0.42776242,0.41419658,-0.33718434,-0.9001832,-0.27563912
1355991553352,0.4938389,0.012130082,-0.8694688,0.8014824,-0.39417446,0.44972497,-0.3372672,-0.9189556,-0.20438074
1355991553392,0.48034292,-0.03562966,-0.8763567,0.81131303,-0.36156672,0.4593916,-0.3332294,-0.9316652,-0.14476919
1355991553432,0.4531758,-0.061781973,-0.8892776,0.8306354,-0.33280608,0.44641328,-0.32353732,-0.9409692,-0.09950134
1355991553473,0.4144772,-0.06683946,-0.9076019,0.85655916,-0.3082523,0.41386837,-0.30743307,-0.9489537,-0.07051164
1355991553516,0.3662194,-0.05313638,-0.92901015,0.8854965,-0.28691894,0.3654769,-0.28597072,-0.95647997,-0.05802317
1355991553563,0.3099565,-0.022251427,-0.95049036,0.91485703,-0.2651229,0.30454314,-0.25877324,-0.9639579,-0.061819717
1355991553603,0.24689686,0.0059405267,-0.9690236,0.93975496,-0.2454539,0.23793486,-0.23643711,-0.96939015,-0.06618446
1355991553644,0.19258747,0.020132303,-0.98107326,0.95502114,-0.23358646,0.18267998,-0.22548768,-0.97212756,-0.06421259
1355991553683,0.14888293,0.021415532,-0.9886229,0.96128815,-0.23755234,0.13962054,-0.2318596,-0.9711386,-0.05595398
1355991553723,0.116616786,0.01580128,-0.9930513,0.95984495,-0.25865668,0.1086016,-0.2551433,-0.9658401,-0.045330495
1355991553763,0.097715676,0.007057756,-0.9951893,0.9525995,-0.2901488,0.09147614,-0.28810737,-0.9569555,-0.035075307
1355991553803,0.09516698,-0.005209774,-0.9954477,0.9416275,-0.32392216,0.091716886,-0.3229254,-0.94606936,-0.025920957
1355991553843,0.11172652,-0.023151338,-0.99346924,0.92787343,-0.35547793,0.1126335,-0.35576403,-0.93439794,-0.01823482
1355991553883,0.14824367,-0.04683408,-0.98784125,0.9106072,-0.38317788,0.15481997,-0.3857698,-0.9224864,-0.014156207
1355991553923,0.20180821,-0.06930512,-0.97696996,0.889036,-0.4055794,0.21241543,-0.41096035,-0.9114286,-0.02023451
1355991553963,0.2646464,-0.07306835,-0.96157336,0.8652617,-0.42225605,0.27022582,-0.4257752,-0.90352684,-0.04852526
1355991554003,0.3259919,-0.036011606,-0.9446864,0.84540975,-0.4361162,0.3083584,-0.42309752,-0.89916945,-0.11172578
1355991554043,0.37530652,0.051359087,-0.9254768,0.83627665,-0.44935724,0.3141964,-0.39973286,-0.8918746,-0.2115971
1355991554084,0.40702763,0.16812328,-0.89781016,0.8384669,-0.4586968,0.29422882,-0.362356,-0.87254333,-0.32766804
1355991554142,0.36395642,0.29923967,-0.8820381,0.87176025,-0.44290164,0.20945689,-0.32797834,-0.84515893,-0.42206213
1355991554163,0.43187475,0.31719613,-0.8443167,0.84703207,-0.4642554,0.25885046,-0.30987224,-0.82695436,-0.46917552
1355991554203,0.49232465,0.28058326,-0.82394755,0.81413424,-0.4832995,0.3218805,-0.30789915,-0.8292736,-0.46637267
1355991554243,0.5409783,0.20729718,-0.8150892,0.7802706,-0.48539683,0.39442077,-0.3138794,-0.8493632,-0.42433703
1355991554284,0.57058036,0.12386954,-0.81184626,0.756199,-0.46481973,0.4605493,-0.32031414,-0.8766977,-0.35888702
1355991554323,0.57963103,0.049898267,-0.81334996,0.7476866,-0.4294567,0.5064895,-0.32402566,-0.9017079,-0.28623468
1355991554363,0.5722778,-0.00973922,-0.820002,0.753014,-0.38974917,0.53015614,-0.32475847,-0.9208696,-0.215711
1355991554403,0.5521334,-0.054617137,-0.83196497,0.76881135,-0.35275447,0.53337926,-0.32261097,-0.9341206,-0.15277725
1355991554443,0.52251786,-0.08502108,-0.8483788,0.7915244,-0.3215232,0.51972294,-0.31696084,-0.94307697,-0.10070534
1355991554483,0.48603925,-0.099983275,-0.8681989,0.8184229,-0.29634956,0.49230158,-0.30651227,-0.9498317,-0.062208906
1355991554527,0.44469237,-0.09787652,-0.8903196,0.84747994,-0.27571672,0.45360568,-0.28987336,-0.9562429,-0.03966075
1355991554563,0.39960644,-0.08118418,-0.9130848,0.8763931,-0.2582359,0.4065088,-0.26879328,-0.9626647,-0.032043517
1355991554604,0.35363793,-0.05482635,-0.9337742,0.90262043,-0.24188942,0.35604185,-0.2453906,-0.96875364,-0.036053866
1355991554643,0.30823746,-0.028891325,-0.95087063,0.9243095,-0.22735015,0.30653512,-0.22503686,-0.9733844,-0.043373287
1355991554683,0.26628223,-0.012087852,-0.96381927,0.93954027,-0.22010115,0.2623349,-0.21530879,-0.9754021,-0.047252
1355991554725,0.2302227,-0.0061095357,-0.9731188,0.9473164,-0.2274214,0.22554615,-0.22268605,-0.9737773,-0.046569914
1355991554763,0.20232683,-0.007640302,-0.9792882,0.94783884,-0.24996942,0.19777945,-0.2463032,-0.9682236,-0.04333374
1355991554803,0.18543512,-0.014318943,-0.9825522,0.9421614,-0.28149426,0.18191451,-0.27918765,-0.959456,-0.03870815
1355991554844,0.18275279,-0.026305854,-0.9828069,0.93164974,-0.31468618,0.181663,-0.3140545,-0.9488312,-0.03300199
1355991554884,0.1968996,-0.044653118,-0.97940624,0.91678894,-0.3456446,0.20006967,-0.34746024,-0.9373025,-0.027119815
1355991554923,0.22845727,-0.067722976,-0.9711956,0.8970093,-0.37308812,0.23702228,-0.3783934,-0.925321,-0.024486572
1355991554963,0.27424484,-0.08600235,-0.95780647,0.87246704,-0.39665258,0.28542575,-0.40446374,-0.91393113,-0.033745676
1355991555003,0.3259588,-0.07939276,-0.9420444,0.8467747,-0.41858178,0.3282712,-0.42038497,-0.90470225,-0.06921266
1355991555043,0.3715562,-0.025491476,-0.9280604,0.82783324,-0.44342396,0.34360918,-0.42028332,-0.89594936,-0.14365421
1355991555084,0.39877358,0.08089471,-0.91347456,0.8240595,-0.46867052,0.31823573,-0.402375,-0.8796613,-0.25355548
1355991555136,0.40577048,0.20438313,-0.89082986,0.8331963,-0.4833477,0.26862407,-0.37567836,-0.85123587,-0.36641955
1355991555164,0.40762207,0.2917901,-0.8652761,0.8409872,-0.48915783,0.2312251,-0.3557874,-0.82193863,-0.44478333
1355991555203,0.42446604,0.3124667,-0.8498194,0.8344681,-0.49926874,0.23322433,-0.3514135,-0.8081431,-0.4726661
1355991555243,0.46111873,0.26827097,-0.84581333,0.8113613,-0.5133928,0.2795008,-0.3592525,-0.8151432,-0.4543997
1355991555283,0.50468373,0.18355924,-0.8435641,0.7798802,-0.5160012,0.3543016,-0.37024468,-0.83668923,-0.40357164
1355991555323,0.53915405,0.09016138,-0.8373672,0.75309265,-0.4967274,0.43140846,-0.37704682,-0.86321074,-0.3357125
1355991555363,0.5573042,0.010027349,-0.8302478,0.7398003,-0.4599775,0.49103582,-0.37697154,-0.8878739,-0.26376563
1355991555403,0.55958045,-0.049876362,-0.82727385,0.74128807,-0.41626212,0.5265148,-0.37062344,-0.9078756,-0.19595942
1355991555444,0.54839027,-0.08993065,-0.83137274,0.75510156,-0.37391245,0.53852683,-0.35929072,-0.92309374,-0.13714316
1355991555485,0.5255215,-0.11126152,-0.84347385,0.77823484,-0.33772877,0.5294241,-0.34376985,-0.93464446,-0.09089615
1355991555525,0.49252853,-0.11457771,-0.8627211,0.8077367,-0.30886653,0.50215834,-0.3240018,-0.94417876,-0.05957699
1355991555564,0.45001698,-0.101148695,-0.8872732,0.8409232,-0.28639567,0.4591577,-0.30055436,-0.95275736,-0.043824658
1355991555603,0.3997689,-0.07555717,-0.9134966,0.87428445,-0.2679329,0.40476996,-0.27533904,-0.96047026,-0.041052774
1355991555643,0.34590816,-0.046830893,-0.9370989,0.90376794,-0.2517144,0.34618413,-0.25209337,-0.9666679,-0.044745833
1355991555683,0.29452908,-0.025421023,-0.9553044,0.9258023,-0.24026495,0.29182687,-0.23694468,-0.97037446,-0.047230214
1355991555723,0.25107768,-0.016337425,-0.9678291,0.93865764,-0.24007222,0.24756247,-0.23639336,-0.9706176,-0.044941545
1355991555763,0.21872976,-0.017612755,-0.97562647,0.9426542,-0.25451198,0.21593222,-0.2521118,-0.96690917,-0.039066613
1355991555803,0.20016432,-0.025891483,-0.9794202,0.9391891,-0.27962416,0.19933432,-0.2790306,-0.95976037,-0.03165379
1355991555843,0.19874173,-0.040304482,-0.9792228,0.9298507,-0.30792463,0.20139527,-0.3096439,-0.95055664,-0.023720324
1355991555883,0.2177952,-0.061961442,-0.9740256,0.9150088,-0.33428204,0.22586375,-0.3395941,-0.94043404,-0.01610975
1355991555923,0.25874895,-0.09095734,-0.9616525,0.89305484,-0.35686427,0.2740454,-0.36810586,-0.9297175,-0.011108369
1355991555963,0.31804305,-0.12139028,-0.9402728,0.86210597,-0.37564057,0.34009904,-0.39448938,-0.918781,-0.014818564
1355991556003,0.38470125,-0.13612121,-0.9129491,0.8244219,-0.3941545,0.40616608,-0.41513073,-0.9089078,-0.039410427
1355991556043,0.44161385,-0.10840118,-0.89063257,0.79081225,-0.42184895,0.44346297,-0.42378432,-0.9001626,-0.10056937
1355991556084,0.47045365,-0.015392035,-0.8822905,0.77897334,-0.46249995,0.4234316,-0.41457677,-0.8864857,-0.2055948
1355991556137,0.4615309,0.13107291,-0.87738764,0.79730797,-0.4949247,0.34546995,-0.38895905,-0.8589933,-0.33292854
1355991556165,0.43014252,0.2729606,-0.8605056,0.8280867,-0.49889797,0.255682,-0.35951337,-0.8225529,-0.44063228
1355991556203,0.41987777,0.345953,-0.8390585,0.8407588,-0.49643797,0.21604183,-0.3418002,-0.796157,-0.49930626
1355991556243,0.45976987,0.3278312,-0.82531106,0.8199176,-0.51368034,0.25272048,-0.3410964,-0.7928803,-0.50496936
1355991556283,0.5316105,0.24104115,-0.81196636,0.77124465,-0.53401744,0.34642026,-0.35010272,-0.81038535,-0.469791
1355991556342,0.5951811,0.1335682,-0.79241335,0.7195289,-0.527665,0.45149505,-0.35782346,-0.83888566,-0.41016242
1355991556362,0.62863654,0.04610485,-0.7763314,0.6907809,-0.49168104,0.5301618,-0.3572644,-0.869554,-0.34093702
1355991556402,0.6331854,-0.010419756,-0.77393,0.6917076,-0.44104853,0.57185376,-0.34729928,-0.8974228,-0.27205807
1355991556439,0.6156508,-0.04238215,-0.7868786,0.7152525,-0.3890471,0.58056533,-0.33073846,-0.9202424,-0.20920318
1355991556483,0.5816078,-0.058835417,-0.8113389,0.75170803,-0.34233424,0.5636864,-0.3109138,-0.93773437,-0.15487722
1355991556522,0.5326636,-0.064036995,-0.8439009,0.7947155,-0.30503866,0.52476513,-0.29102686,-0.95018446,-0.111591786
1355991556562,0.47120717,-0.05962482,-0.8800049,0.83887076,-0.277954,0.46801424,-0.2725062,-0.958742,-0.080956385
1355991556602,0.39836663,-0.04602793,-0.91607064,0.8808472,-0.2592895,0.3960772,-0.2557581,-0.96470225,-0.062748715
1355991556642,0.31838077,-0.026945084,-0.94757986,0.9167237,-0.24574715,0.31500134,-0.2413528,-0.96895933,-0.053539976
1355991556682,0.23899919,-0.009638369,-0.97097194,0.9429032,-0.23658407,0.23443869,-0.23197615,-0.9715632,-0.04745537
1355991556722,0.16800475,4.1154027E-4,-0.9857861,0.957901,-0.23623413,0.16315371,-0.23280919,-0.9716961,-0.040082663
1355991556762,0.109766185,0.0040498674,-0.9939492,0.9625566,-0.24980122,0.1052815,-0.2478633,-0.96828866,-0.03131798
1355991556802,0.06653696,0.005010247,-0.9977714,0.9590772,-0.27614468,0.062569976,-0.27521577,-0.96110296,-0.023179024
1355991556842,0.041853726,0.003954977,-0.99911594,0.95034444,-0.3087982,0.038588285,-0.30837262,-0.95111936,-0.016682923
1355991556882,0.040539503,-0.0020344555,-0.9991759,0.939029,-0.3416425,0.038794816,-0.34143987,-0.93982774,-0.011939615
1355991556923,0.06694913,-0.01658526,-0.9976185,0.9257543,-0.37190413,0.06830919,-0.37215143,-0.92812294,-0.00954473
1355991556964,0.12247735,-0.040283114,-0.99165344,0.9080514,-0.3987097,0.12834823,-0.40055212,-0.91619205,-0.012253791
1355991557003,0.20045018,-0.064564794,-0.9775741,0.8825284,-0.4213667,0.20879075,-0.42539775,-0.90458906,-0.027482733
1355991557044,0.27944392,-0.064174056,-0.958015,0.8526293,-0.44221902,0.27832663,-0.44151372,-0.8946084,-0.0688588
1355991557084,0.3258108,-6.2790513E-4,-0.9454348,0.83660877,-0.46560287,0.28861693,-0.44037843,-0.88499355,-0.15117311
1355991557133,0.31340557,0.14266184,-0.9388421,0.85325396,-0.4762522,0.21246544,-0.41681486,-0.8676586,-0.27098686
1355991557164,0.25157502,0.31807613,-0.91407746,0.8908901,-0.44515428,0.090290815,-0.37818617,-0.8370575,-0.3953606
1355991557205,0.20550972,0.4362656,-0.87603545,0.91587055,-0.40119106,0.0150615275,-0.34488675,-0.8054304,-0.48201147
1355991557243,0.23163924,0.4601232,-0.8571055,0.91484904,-0.4025953,0.031118035,-0.33074853,-0.7913303,-0.5142001
1355991557289,0.3374007,0.39178568,-0.8559584,0.88032776,-0.4533966,0.13947982,-0.3334424,-0.8005845,-0.4978761
1355991557324,0.47690326,0.2575223,-0.8403842,0.8095763,-0.50101507,0.30589232,-0.34227103,-0.8262361,-0.4474197
1355991557364,0.5851919,0.117432,-0.8023467,0.73238206,-0.5012827,0.46079516,-0.34809044,-0.85727787,-0.37935168
1355991557404,0.64215463,0.013873786,-0.7664496,0.6832812,-0.46361506,0.56408155,-0.34751165,-0.88592815,-0.30719227
1355991557444,0.6601087,-0.05045092,-0.749474,0.6692975,-0.41346258,0.6173246,-0.34102398,-0.90912235,-0.23916358
1355991557483,0.6510228,-0.08538312,-0.75424075,0.68339956,-0.36652353,0.6313681,-0.33035514,-0.92648274,-0.18026438
1355991557523,0.6215696,-0.09951863,-0.7770118,0.71661067,-0.3284155,0.61531484,-0.316418,-0.939276,-0.13281697
1355991557563,0.57278395,-0.09640223,-0.81401795,0.7630572,-0.3000552,0.57246023,-0.29943675,-0.9490382,-0.09830639
1355991557603,0.50503135,-0.07797176,-0.8595718,0.8166241,-0.27923393,0.5051272,-0.27940726,-0.9570521,-0.07734826
1355991557644,0.42044514,-0.047485024,-0.9060745,0.87010825,-0.26195186,0.41748396,-0.25717214,-0.963912,-0.06881927
1355991557683,0.3270932,-0.0135958195,-0.9448943,0.91506684,-0.24508026,0.32029432,-0.23592961,-0.9694075,-0.06772302
1355991557724,0.23901865,0.013271064,-0.97092426,0.9455755,-0.23056135,0.22962698,-0.22081017,-0.97296727,-0.06765726
1355991557765,0.16662183,0.027755737,-0.98563015,0.9614557,-0.22631022,0.15616214,-0.21872377,-0.97365975,-0.064394146
1355991557803,0.11490208,0.031686246,-0.99287134,0.96549714,-0.23869455,0.10411653,-0.2336939,-0.9705776,-0.05801946
1355991557843,0.0866465,0.02829811,-0.9958372,0.96107924,-0.2655924,0.07607514,-0.262334,-0.9636701,-0.050209403
1355991557883,0.086877584,0.01651445,-0.99608207,0.9509108,-0.29948092,0.07797253,-0.29701993,-0.95395935,-0.04172194
1355991557923,0.1228264,-0.0085859895,-0.992391,0.935276,-0.33344096,0.1186423,-0.3319225,-0.94273186,-0.0329251
1355991557963,0.2008096,-0.052249074,-0.97823596,0.90899396,-0.36237305,0.20595068,-0.36524713,-0.93056744,-0.02527386
1355991558003,0.318846,-0.11366144,-0.94096667,0.86093414,-0.38047475,0.3376854,-0.39639586,-0.91778,-0.023457825
1355991558043,0.4553281,-0.17555523,-0.872844,0.7839936,-0.3855495,0.486524,-0.4219364,-0.9058322,-0.03791731
1355991558083,0.5722867,-0.2027248,-0.79460084,0.69544107,-0.39350235,0.60126334,-0.4345683,-0.89669317,-0.08421302
1355991558133,0.64505625,-0.16320439,-0.746503,0.634352,-0.430293,0.6422191,-0.426028,-0.88781315,-0.17403415
1355991558164,0.6727028,-0.0549995,-0.73786587,0.6255704,-0.49027705,0.6068691,-0.39513618,-0.86982954,-0.29540467
1355991558203,0.67614186,0.071123004,-0.7333306,0.6455614,-0.5368813,0.5431472,-0.35508123,-0.8406545,-0.4089222
1355991558244,0.7058701,0.12758043,-0.6967572,0.6291449,-0.56487435,0.53394157,-0.32545975,-0.8152546,-0.4789945
1355991558282,0.7799392,0.07873103,-0.6208835,0.54097545,-0.5836563,0.60555005,-0.31470698,-0.80817497,-0.49780798
1355991558322,0.8520273,-0.0294884,-0.52266616,0.41537857,-0.56956315,0.7092661,-0.3186065,-0.82141846,-0.4730345
1355991558362,0.8883503,-0.12462696,-0.44192973,0.3220863,-0.5168226,0.7931928,-0.32725248,-0.8469725,-0.41897887
1355991558402,0.8987782,-0.18175551,-0.398952,0.28550094,-0.44792986,0.84725916,-0.3326965,-0.87539923,-0.35069823
1355991558442,0.8966465,-0.20888077,-0.3903766,0.2931647,-0.38062787,0.87702733,-0.33178237,-0.90082806,-0.28005219
1355991558482,0.88661546,-0.21756214,-0.40814182,0.3292737,-0.3227833,0.88734984,-0.3247951,-0.9211284,-0.21454716
1355991558523,0.86859727,-0.21505179,-0.4464208,0.38394934,-0.27742815,0.88069093,-0.31324387,-0.9363687,-0.15840435
1355991558562,0.84062284,-0.20459428,-0.5014922,0.45193318,-0.24535334,0.8576469,-0.29851243,-0.9475985,-0.11378667
1355991558602,0.79983747,-0.18660246,-0.5704731,0.53017634,-0.22591554,0.8172363,-0.28137708,-0.9561076,-0.081763506
1355991558643,0.7430312,-0.16006154,-0.6498345,0.6157679,-0.21686564,0.7574953,-0.26217264,-0.9629899,-0.06257719
1355991558684,0.66829515,-0.1252867,-0.73327,0.7035832,-0.21363273,0.6777402,-0.24156226,-0.9688469,-0.054620124
1355991558723,0.57873005,-0.087926865,-0.8107653,0.7847231,-0.21058398,0.5829786,-0.22199363,-0.9736135,-0.05287303
1355991558764,0.4851589,-0.05827743,-0.8724819,0.8491902,-0.20657852,0.48600554,-0.20855922,-0.9766929,-0.050734773
