1355984768559,0.5572476,-0.19579527,-0.80693203,0.71652675,-0.37769508,0.5864605,-0.41960043,-0.9049921,-0.07017713
1355984768576,-0.2526547,0.04217288,0.966637,-0.871838,0.42333475,-0.246346,-0.41960022,-0.90499127,-0.070189655
1355984768586,-0.2527644,0.04217869,0.966608,-0.87180644,0.42334068,-0.24644697,-0.41959924,-0.90498817,-0.07023376
1355984768615,-0.2530782,0.042224467,0.9665239,-0.8717169,0.42334947,-0.24674848,-0.4195962,-0.904982,-0.070332706
1355984768658,-0.25369427,0.04245484,0.96635234,-0.87154734,0.42331675,-0.2474029,-0.41957656,-0.9049865,-0.070391655
1355984768700,-0.25506645,0.04351309,0.96594393,-0.8711716,0.4230947,-0.24910018,-0.4195249,-0.90504,-0.07000995
1355984768739,-0.2574312,0.04588306,0.9652066,-0.8705153,0.42257077,-0.25226375,-0.41944274,-0.9051677,-0.06884098
1355984768778,-0.26198488,0.049871683,0.9637824,-0.86918193,0.42179298,-0.25809568,-0.4193883,-0.9053195,-0.06715578
1355984768818,-0.26831967,0.055007756,0.96175814,-0.86720854,0.42093295,-0.26601657,-0.41946873,-0.90542233,-0.065241456
1355984768858,-0.27650344,0.061085194,0.9590696,-0.86447704,0.42012894,-0.27599096,-0.41979185,-0.9054061,-0.06336033
1355984768898,-0.28569025,0.067632884,0.95593244,-0.86118805,0.41947097,-0.28705278,-0.42040008,-0.9052458,-0.06159413
1355984768940,-0.2943322,0.07411778,0.95282483,-0.85778916,0.41910177,-0.29757607,-0.42138624,-0.904909,-0.059777737
1355984768978,-0.3011332,0.08030349,0.95019484,-0.8546906,0.41915438,-0.30629006,-0.42287448,-0.9043567,-0.05758667
1355984769018,-0.30529353,0.085953325,0.9483712,-0.8522053,0.41972217,-0.31237698,-0.42490223,-0.90357363,-0.054888546
1355984769058,-0.3069308,0.09082264,0.9473884,-0.8503255,0.42094222,-0.31583896,-0.42748114,-0.90252924,-0.051971376
1355984769098,-0.30756444,0.09467739,0.94680536,-0.8486209,0.42279083,-0.31794742,-0.43040302,-0.9012681,-0.049690247
1355984769139,-0.30932215,0.09732965,0.9459634,-0.8464943,0.42509434,-0.3205343,-0.43332112,-0.899901,-0.049102068
1355984769197,-0.31354818,0.09878722,0.9444196,-0.8436699,0.42745587,-0.32481152,-0.4357849,-0.8986226,-0.050684154
1355984769220,-0.32116336,0.09912667,0.9418217,-0.83982396,0.4297967,-0.33161798,-0.43766406,-0.897468,-0.054786026
1355984769259,-0.33166656,0.09857276,0.9382327,-0.8350316,0.43211666,-0.34058398,-0.43899828,-0.89641434,-0.06100726
1355984769299,-0.342666,0.09764063,0.93436944,-0.8300907,0.43426576,-0.34980372,-0.4399197,-0.8954773,-0.06775749
1355984769325,-0.35213572,0.09681803,0.9309279,-0.82575977,0.4360804,-0.35770756,-0.44059193,-0.8946844,-0.07361102
1355984769365,-0.35958588,0.09629077,0.92813045,-0.82225275,0.4375326,-0.36395833,-0.4411332,-0.894032,-0.07815522
1355984769408,-0.3648085,0.096349984,0.9260839,-0.8196567,0.43858814,-0.3685149,-0.44167578,-0.8935083,-0.08102673
1355984769448,-0.36809173,0.097034484,0.92471224,-0.81787086,0.4392701,-0.37165707,-0.442262,-0.8930991,-0.08232999
1355984769487,-0.37000942,0.098303646,0.92381245,-0.81667495,0.43961078,-0.37387756,-0.4428714,-0.8927927,-0.08237797
1355984769528,-0.37105682,0.10012773,0.9231962,-0.8158592,0.43965754,-0.37559947,-0.4434981,-0.8925669,-0.08144784
1355984769593,-0.37137923,0.10252014,0.9228039,-0.8153465,0.43944904,-0.37695456,-0.44417068,-0.892398,-0.07961279
1355984769609,-0.37087002,0.10542345,0.92268157,-0.8152016,0.43897042,-0.37782443,-0.44486144,-0.89229524,-0.07685959
1355984769649,-0.3692472,0.108504236,0.92297524,-0.81564796,0.4381463,-0.37781775,-0.44539303,-0.892331,-0.07328302
1355984769690,-0.3664168,0.11112192,0.92379147,-0.81690645,0.43687207,-0.3765723,-0.44542414,-0.8926336,-0.06930107
1355984769729,-0.36261025,0.112463236,0.9251302,-0.8190869,0.43505254,-0.37393302,-0.444534,-0.893354,-0.06563741
1355984769769,-0.3586933,0.11178318,0.9267382,-0.8220613,0.4325028,-0.37034667,-0.44221538,-0.89467645,-0.06324327
1355984769809,-0.35650396,0.10858378,0.92796254,-0.82542384,0.42870146,-0.3672744,-0.43769896,-0.8968972,-0.063206136
1355984769851,-0.35913536,0.10261965,0.92762655,-0.82844913,0.42263588,-0.36749282,-0.42976028,-0.9004711,-0.06676835
1355984769891,-0.36855417,0.09394166,0.9248475,-0.83028984,0.41416568,-0.3729417,-0.41807488,-0.9053407,-0.07464373
1355984769930,-0.38841817,0.08286464,0.9177499,-0.82891667,0.40363607,-0.3872661,-0.4025276,-0.91115934,-0.08809167
1355984769971,-0.41783267,0.06963113,0.9058517,-0.823099,0.393076,-0.40987724,-0.38460875,-0.91686577,-0.10692668
1355984770011,-0.45409355,0.054673553,0.8892749,-0.81233704,0.3845406,-0.43844846,-0.36593384,-0.92148757,-0.13020408
1355984770051,-0.48877594,0.038436115,0.87156224,-0.79956645,0.37990144,-0.46515417,-0.34898642,-0.9242281,-0.15495443
1355984770092,-0.5209499,0.020831555,0.853333,-0.7850636,0.38075835,-0.48856735,-0.33509132,-0.9244399,-0.18200195
1355984770130,-0.5426201,3.1021237E-4,0.83997816,-0.77440476,0.3871613,-0.50040317,-0.32536227,-0.922012,-0.20984125
1355984770171,-0.5581404,-0.02331224,0.82941896,-0.76565695,0.39969286,-0.5039991,-0.31976348,-0.9163526,-0.2409339
1355984770211,-0.56769085,-0.052744508,0.8215504,-0.760016,0.41711092,-0.49839157,-0.31639022,-0.9073238,-0.2768767
1355984770251,-0.5778073,-0.08896631,0.8113098,-0.7543348,0.4377633,-0.48922616,-0.311637,-0.8946777,-0.32005316
1355984770290,-0.59621984,-0.1320836,0.7918812,-0.74431443,0.46059316,-0.48358038,-0.30086207,-0.8777288,-0.37292647
1355984770331,-0.62669706,-0.18063715,0.7580375,-0.7268728,0.4861594,-0.48508233,-0.28090316,-0.8549966,-0.43597496
1355984770369,-0.6640729,-0.23115264,0.7110384,-0.70335406,0.51567835,-0.4892534,-0.2535749,-0.82501173,-0.5050301
1355984770410,-0.6940955,-0.27947903,0.6634175,-0.68328255,0.54587555,-0.4849173,-0.22661918,-0.78988063,-0.5698529
1355984770449,-0.69951886,-0.32369506,0.6370987,-0.68294024,0.5652945,-0.4626388,-0.2103945,-0.758725,-0.61649853
1355984770491,-0.6683793,-0.36313468,0.64915514,-0.7125456,0.5629913,-0.41871187,-0.21341994,-0.7424109,-0.6350418
1355984770531,-0.59900963,-0.39666745,0.6955878,-0.7659372,0.5371599,-0.3532695,-0.2335114,-0.74438846,-0.6255864
1355984770598,-0.48430628,-0.41847444,0.7683271,-0.833035,0.4889663,-0.25877547,-0.2673951,-0.76537,-0.5854132
1355984770608,-0.3359826,-0.420897,0.84259206,-0.89130163,0.43126246,-0.13997847,-0.30446178,-0.7980341,-0.5200429
1355984770648,-0.185414,-0.40234277,0.89651656,-0.92393684,0.38204092,-0.01963088,-0.33460763,-0.8319645,-0.4425751
1355984770689,-0.052870467,-0.36835754,0.9281796,-0.9337592,0.34770966,0.08480385,-0.35397518,-0.86221266,-0.36234087
1355984770732,0.053514794,-0.32470202,0.94430125,-0.93055105,0.32682103,0.16511431,-0.36223045,-0.88755655,-0.284662
1355984770771,0.1299734,-0.27566633,0.95242584,-0.92339766,0.31624514,0.2175448,-0.36116982,-0.90774286,-0.2134462
1355984770811,0.17755575,-0.22479296,0.958093,-0.9185406,0.31156832,0.24332774,-0.3532098,-0.9232515,-0.15116072
1355984770850,0.19529341,-0.17449337,0.9650972,-0.9197362,0.30906898,0.24199522,-0.34050813,-0.9348949,-0.10012871
1355984770891,0.17715411,-0.12605044,0.9760778,-0.92872584,0.3068049,0.20818067,-0.32570672,-0.9433887,-0.06271452
1355984770929,0.12003699,-0.08102062,0.9894578,-0.9428456,0.30277494,0.13917449,-0.31085902,-0.949612,-0.04004574
1355984770970,0.02255547,-0.03892955,0.99898726,-0.9540261,0.29788446,0.033148557,-0.29887325,-0.9538077,-0.0304209
1355984771011,-0.09564608,-1.1879206E-4,0.9954154,-0.95127225,0.29450423,-0.09136939,-0.2931432,-0.9556502,-0.028281212
1355984771050,-0.19951478,0.0332281,0.9793314,-0.9336613,0.296922,-0.20028496,-0.29744008,-0.95432353,-0.02821654
1355984771090,-0.26405004,0.059291095,0.9626849,-0.91203344,0.30938664,-0.26921195,-0.31380373,-0.9490861,-0.02761811
1355984771132,-0.28427806,0.076610565,0.95567614,-0.8956839,0.33431312,-0.29323235,-0.34195977,-0.9393432,-0.026419044
1355984771171,-0.26958165,0.08281553,0.95940983,-0.8871828,0.36607352,-0.28088593,-0.37447628,-0.9268936,-0.025214195
1355984771212,-0.23349553,0.07836664,0.96919477,-0.88207597,0.40236396,-0.24504128,-0.40917215,-0.9121195,-0.024824858
1355984771250,-0.18383974,0.06090659,0.9810674,-0.8783778,0.437806,-0.19177681,-0.44119772,-0.89700407,-0.026987135
1355984771292,-0.14084,0.033906102,0.98945165,-0.87157506,0.46980006,-0.14016014,-0.46959674,-0.8821215,-0.036614895
1355984771330,-0.117895395,-0.004849881,0.9930143,-0.86319935,0.4948471,-0.100066274,-0.490905,-0.8689666,-0.06252664
1355984771371,-0.13327342,-0.057926476,0.989385,-0.8563797,0.5092112,-0.08554387,-0.4988507,-0.85868996,-0.1174714
1355984771411,-0.20013069,-0.12998298,0.97110873,-0.8515184,0.5133376,-0.10677469,-0.48462778,-0.84828585,-0.21341753
1355984771450,-0.2947595,-0.21823183,0.9303181,-0.8445308,0.515001,-0.14677113,-0.44708467,-0.82894444,-0.33610493
1355984771489,-0.37538213,-0.3071517,0.87449765,-0.837036,0.5175489,-0.17752165,-0.39806926,-0.7986244,-0.45137566
1355984771530,-0.39808822,-0.3803133,0.83479786,-0.84311473,0.5102954,-0.16957629,-0.36150143,-0.77133673,-0.52379036
1355984771594,-0.3532843,-0.428672,0.83152294,-0.8670522,0.48380566,-0.11896488,-0.35129857,-0.7630023,-0.5426019
1355984771609,-0.25752527,-0.4476198,0.85633945,-0.8954557,0.4435745,-0.0374265,-0.36309752,-0.7764523,-0.5150553
1355984771649,-0.14033075,-0.4367176,0.8885859,-0.91311073,0.4040681,0.054385483,-0.3828003,-0.80374545,-0.45547467
1355984771689,-0.02993171,-0.4019491,0.91517264,-0.91712385,0.37513,0.13476375,-0.39747685,-0.83529305,-0.3798654
1355984771729,0.05684276,-0.35249126,0.9340872,-0.91443086,0.35714936,0.19042206,-0.4007308,-0.86498225,-0.30202752
1355984771769,0.11505145,-0.2962313,0.9481614,-0.91263473,0.34538502,0.21864823,-0.3922512,-0.8904809,-0.23061395
1355984771809,0.14527811,-0.23868096,0.96016955,-0.9156233,0.33526635,0.22187927,-0.37487087,-0.9113879,-0.16983497
1355984771850,0.1492622,-0.18345612,0.97163,-0.92390317,0.32424146,0.20315135,-0.35231212,-0.92801476,-0.1210987
1355984771889,0.12764727,-0.13304892,0.9828551,-0.93582296,0.3121037,0.16378844,-0.32854453,-0.9406855,-0.08467108
1355984771931,0.08144578,-0.08958009,0.99264395,-0.94837916,0.2993138,0.10482514,-0.30650234,-0.9499403,-0.06057805
1355984771969,0.011413425,-0.05330211,0.9985132,-0.9572106,0.28819236,0.026325524,-0.28916717,-0.9560879,-0.047732115
1355984772011,-0.07395357,-0.022653699,0.9970044,-0.957294,0.28180587,-0.06460485,-0.27949813,-0.95920396,-0.04252678
1355984772051,-0.15821952,0.005159557,0.98739046,-0.9466083,0.2836768,-0.15316692,-0.28089005,-0.95890605,-0.039999127
1355984772089,-0.2256568,0.031819075,0.97368705,-0.9287591,0.2946828,-0.22487453,-0.2940841,-0.95506525,-0.036944866
1355984772130,-0.2665334,0.05677393,0.96215206,-0.90923476,0.3163835,-0.27054328,-0.31976885,-0.94693094,-0.032705963
1355984772169,-0.28106883,0.07811445,0.9565033,-0.89231443,0.34558043,-0.29042926,-0.3532355,-0.93513227,-0.027429223
1355984772209,-0.27404025,0.09352934,0.9571595,-0.87973726,0.37771317,-0.28878227,-0.38854137,-0.9211868,-0.02122736
1355984772249,-0.2518264,0.10099223,0.9624884,-0.870944,0.40996838,-0.2708919,-0.4219478,-0.9064913,-0.015282273
1355984772289,-0.22268575,0.09834671,0.96991694,-0.86366296,0.44159347,-0.24306688,-0.45221385,-0.89180887,-0.0133981705
1355984772329,-0.19904214,0.081510365,0.9765952,-0.85570973,0.47125107,-0.21373662,-0.4776433,-0.8782246,-0.02404964
1355984772369,-0.19669363,0.04346633,0.9795011,-0.8469128,0.4958299,-0.1920715,-0.49401462,-0.8673312,-0.060714424
1355984772409,-0.22671917,-0.02331087,0.9736812,-0.83833635,0.51355267,-0.18290949,-0.49577284,-0.85774136,-0.13597459
1355984772450,-0.28206486,-0.11849362,0.95204973,-0.8306816,0.52665615,-0.1805585,-0.48000786,-0.8417794,-0.24698168
1355984772490,-0.33316553,-0.22487697,0.9156589,-0.8273649,0.5354676,-0.16953382,-0.4521814,-0.8140669,-0.36445463
1355984772529,-0.3481344,-0.31662062,0.882357,-0.8349974,0.5325799,-0.1383403,-0.42612422,-0.7849268,-0.44978678
1355984772592,-0.31490487,-0.37750563,0.8708183,-0.8547909,0.51157033,-0.08733982,-0.41251355,-0.7718713,-0.48378438
1355984772610,-0.24110502,-0.40399235,0.88241637,-0.8792437,0.4758461,-0.022383839,-0.4108515,-0.78125584,-0.4699366
1355984772649,-0.14475816,-0.3992558,0.9053397,-0.8985557,0.4361524,0.048670232,-0.41429794,-0.8064527,-0.42189014
1355984772689,-0.046476766,-0.37108648,0.92743444,-0.90779424,0.4031124,0.115801364,-0.4168327,-0.8365376,-0.35560554
1355984772730,0.038541004,-0.32889995,0.943578,-0.9087776,0.38110024,0.16995844,-0.41549706,-0.8640529,-0.2842089
1355984772769,0.10268371,-0.28114015,0.9541573,-0.9067134,0.36800855,0.20601073,-0.4090559,-0.8863013,-0.21712506
1355984772809,0.14558683,-0.23321912,0.96146417,-0.90637493,0.35812944,0.22411534,-0.39659667,-0.90407526,-0.15924507
1355984772849,0.16741376,-0.18905497,0.9675902,-0.9103979,0.34699827,0.22531736,-0.3783495,-0.9186133,-0.11402297
1355984772898,0.16988271,-0.15160939,0.97373223,-0.9195529,0.33090574,0.21195206,-0.3543475,-0.9314053,-0.08319771
1355984772928,0.1534342,-0.12192559,0.98060805,-0.9321499,0.31149036,0.18458179,-0.3279552,-0.94239485,-0.065859675
1355984772980,0.11969975,-0.103328526,0.9874184,-0.9467395,0.28757492,0.14486173,-0.29892507,-0.952168,-0.06340253
1355984773019,0.07314238,-0.08817926,0.9934156,-0.957762,0.27154902,0.09462097,-0.27810463,-0.9583765,-0.06459302
1355984773061,0.030872017,-0.07529026,0.9966836,-0.9619908,0.26845118,0.050076395,-0.27133116,-0.96034646,-0.064140856
1355984773099,4.36306E-4,-0.06325266,0.9979974,-0.95935524,0.2816093,0.018267691,-0.2822008,-0.95744205,-0.060558915
1355984773143,-0.014708459,-0.05283335,0.99849504,-0.9508556,0.3096257,0.0023765266,-0.30928522,-0.9493896,-0.054790974
1355984773180,-0.013944715,-0.045408487,0.9988712,-0.93801796,0.3465763,0.0026600957,-0.34630588,-0.936922,-0.04742688
1355984773220,9.009242E-4,-0.04245478,0.99909794,-0.92249364,0.38562804,0.017218381,-0.38601112,-0.921677,-0.03881681
1355984773260,0.025456905,-0.045483023,0.9986407,-0.90517855,0.42291784,0.042336196,-0.42426854,-0.90502584,-0.03040409
1355984773300,0.052828506,-0.056940317,0.9969789,-0.8867548,0.45643038,0.07305592,-0.45921126,-0.8879353,-0.026379585
1355984773341,0.07170361,-0.08189088,0.9940586,-0.8696842,0.48284698,0.10250932,-0.4883727,-0.87186736,-0.03659731
1355984773382,0.072488606,-0.12712538,0.9892343,-0.8590952,0.49589103,0.12667876,-0.5066565,-0.85902923,-0.07326639
1355984773419,0.042795762,-0.20062584,0.9787327,-0.8606165,0.4901687,0.13810846,-0.50745225,-0.84822404,-0.15168476
1355984773459,-0.012418449,-0.3007347,0.953627,-0.87244743,0.4692253,0.13661301,-0.4885502,-0.8302929,-0.26820225
1355984773499,-0.06849357,-0.40633503,0.9111534,-0.88689935,0.44302878,0.1309013,-0.4568569,-0.79913545,-0.3907228
1355984773539,-0.09347522,-0.48886067,0.8673394,-0.8988711,0.4160421,0.13762134,-0.42812732,-0.76676214,-0.47831237
1355984773594,-0.07347503,-0.5339257,0.8423329,-0.9073234,0.38637534,0.16576594,-0.41396338,-0.7520887,-0.5128322
1355984773619,-0.015551835,-0.54167515,0.840444,-0.91028446,0.35543844,0.21223971,-0.4136911,-0.7617425,-0.4986062
1355984773659,0.06294131,-0.51847374,0.8527739,-0.9055588,0.3295142,0.2671769,-0.4195253,-0.78905344,-0.44876844
1355984773699,0.14325443,-0.473912,0.8688415,-0.8941915,0.314258,0.318847,-0.42414582,-0.82258695,-0.37874925
1355984773739,0.21145755,-0.41817465,0.8834114,-0.8807224,0.31039768,0.35774487,-0.4238087,-0.85368806,-0.30265987
1355984773779,0.26082617,-0.3587294,0.8962605,-0.8704897,0.3140071,0.37900817,-0.41739354,-0.87904084,-0.23036897
1355984773819,0.28865722,-0.29981774,0.909278,-0.8675625,0.31980798,0.3808652,-0.40498453,-0.8987949,-0.16779572
1355984773859,0.2922542,-0.24355006,0.92480856,-0.87420464,0.32405245,0.36160237,-0.38775474,-0.9141517,-0.11820686
1355984773899,0.26870495,-0.19049066,0.9441986,-0.89069706,0.324026,0.318851,-0.36668304,-0.92667174,-0.08260208
1355984773939,0.2088054,-0.13955775,0.9679483,-0.9158734,0.31912863,0.2435835,-0.34289405,-0.93737966,-0.061181486
1355984773980,0.09683809,-0.0883863,0.99136794,-0.9430499,0.3103353,0.11978656,-0.318244,-0.9465093,-0.05330044
1355984774021,-0.08368054,-0.03311354,0.9959423,-0.9515868,0.29930297,-0.07000235,-0.29577047,-0.95358336,-0.056556284
1355984774060,-0.31981206,0.03099677,0.9469738,-0.90508044,0.28564954,-0.3150139,-0.28026703,-0.9578327,-0.06329954
1355984774102,-0.53548247,0.095091134,0.83917594,-0.7977673,0.26915407,-0.53955853,-0.27717486,-0.9583912,-0.06826669
1355984774140,-0.681564,0.15283388,0.7156202,-0.67299795,0.2530445,-0.6950124,-0.28730518,-0.95530635,-0.069609165
1355984774179,-0.7506742,0.20199212,0.6290369,-0.5824617,0.24702233,-0.77441484,-0.31181186,-0.9477231,-0.067780614
1355984774219,-0.77074647,0.24423298,0.58847266,-0.5354295,0.25234038,-0.8060022,-0.3453477,-0.93630904,-0.06372088
1355984774259,-0.7604978,0.27801645,0.5868134,-0.5251231,0.2682563,-0.80764115,-0.38195395,-0.92235863,-0.058015466
1355984774299,-0.7288813,0.30026653,0.61528206,-0.54243493,0.29505926,-0.78657764,-0.41772762,-0.90707225,-0.052188158
1355984774353,-0.6815947,0.30748633,0.6639886,-0.57610154,0.33397162,-0.7460362,-0.45114926,-0.8910192,-0.050489902
1355984774380,-0.63056326,0.29385203,0.71835995,-0.6107038,0.38335317,-0.6928789,-0.47898948,-0.8756091,-0.062271893
1355984774420,-0.5996364,0.25532264,0.7584501,-0.6284325,0.43656135,-0.64380646,-0.49548835,-0.8626845,-0.101324975
1355984774459,-0.60902,0.19337682,0.7692204,-0.61964524,0.48939094,-0.61362547,-0.49511045,-0.850354,-0.17822379
1355984774499,-0.64842415,0.11665763,0.752288,-0.59269565,0.5428078,-0.5950392,-0.47776365,-0.8317155,-0.2828272
1355984774541,-0.6817321,0.03918174,0.73055184,-0.5741403,0.59024286,-0.5674295,-0.45343587,-0.80627424,-0.3798917
1355984774594,-0.6806635,-0.028736621,0.7320323,-0.5881237,0.617232,-0.5226233,-0.43681538,-0.7862562,-0.43702805
1355984774619,-0.63597226,-0.0840106,0.7671255,-0.6378906,0.6166853,-0.46129692,-0.43432117,-0.7827141,-0.4457844
1355984774659,-0.55054855,-0.1252788,0.8253494,-0.7087642,0.5925245,-0.3828419,-0.44107777,-0.7957511,-0.41500664
1355984774699,-0.43803045,-0.14987245,0.8863789,-0.7794614,0.55453384,-0.29143122,-0.4478496,-0.8185539,-0.3597225
1355984774739,-0.32091025,-0.15625453,0.93413126,-0.83463454,0.51284146,-0.20094502,-0.44766262,-0.8441435,-0.2949915
1355984774779,-0.22062376,-0.14612105,0.96435153,-0.8715601,0.4733751,-0.12766796,-0.43784502,-0.8686568,-0.23179108
1355984774819,-0.1504907,-0.1234338,0.9808755,-0.8956064,0.43714976,-0.08239719,-0.41861892,-0.8908783,-0.17633504
1355984774859,-0.1186949,-0.092256695,0.98863554,-0.9120573,0.40372324,-0.07182667,-0.39250863,-0.91021764,-0.13206327
1355984774899,-0.12909782,-0.056494474,0.99002135,-0.9231304,0.37147564,-0.09917745,-0.36216584,-0.9267223,-0.100108445
1355984774941,-0.1870144,-0.018917114,0.982175,-0.92538476,0.33893096,-0.16967306,-0.32967982,-0.940621,-0.080890596
1355984774980,-0.29181844,0.01890099,0.956287,-0.9085191,0.3071277,-0.28331205,-0.29905716,-0.9514806,-0.07245368
1355984775019,-0.42219907,0.05161649,0.9050325,-0.8644107,0.27777147,-0.419091,-0.27302423,-0.9592595,-0.07265705
1355984775076,-0.54614407,0.07958445,0.83390224,-0.79762065,0.25479686,-0.54669917,-0.2559844,-0.9637141,-0.07567757
1355984775098,-0.63179976,0.10510719,0.7679724,-0.7327751,0.24203968,-0.6359697,-0.25272483,-0.9645565,-0.07590073
1355984775137,-0.66824573,0.13187152,0.7321595,-0.6940648,0.24377424,-0.67738336,-0.26780918,-0.96082467,-0.0713737
1355984775175,-0.6655126,0.15841854,0.7293809,-0.68464065,0.2596162,-0.68107754,-0.29725438,-0.9526295,-0.06431806
1355984775205,-0.63962996,0.17906192,0.7475362,-0.69403493,0.2835191,-0.6617647,-0.33043766,-0.9421007,-0.057072103
1355984775246,-0.5888871,0.19565776,0.7841748,-0.7171774,0.32086045,-0.61863166,-0.37265074,-0.9266966,-0.048629224
1355984775288,-0.5127887,0.19770306,0.8354408,-0.7505502,0.36920404,-0.5480537,-0.41679996,-0.908076,-0.040937603
1355984775328,-0.42426276,0.1810238,0.8872606,-0.7810675,0.42261332,-0.45970815,-0.45818633,-0.8880475,-0.037907302
1355984775370,-0.34578303,0.14433074,0.9271476,-0.798454,0.4737437,-0.37153482,-0.49285424,-0.8687551,-0.04857105
1355984775409,-0.2949565,0.087560505,0.9514903,-0.8045778,0.51438653,-0.2967507,-0.51541746,-0.8530766,-0.08127242
1355984775448,-0.30158755,0.016830623,0.95328987,-0.7995833,0.5401499,-0.2624967,-0.5193374,-0.8414005,-0.149445
1355984775488,-0.35452724,-0.06555265,0.93274504,-0.7881639,0.5576734,-0.2603805,-0.5030984,-0.8274679,-0.2493766
1355984775528,-0.41733074,-0.14967376,0.8963441,-0.7753833,0.57304823,-0.2653233,-0.4739365,-0.80573785,-0.35520518
1355984775592,-0.44713253,-0.22498617,0.86571,-0.77500856,0.580665,-0.24937907,-0.44658065,-0.78243816,-0.43400043
1355984775609,-0.42310867,-0.28671676,0.8595189,-0.7966762,0.5695913,-0.20217034,-0.43160883,-0.77029824,-0.46941942
1355984775649,-0.34613606,-0.33218804,0.87740576,-0.83462405,0.5361515,-0.12627038,-0.42847702,-0.77601063,-0.46283352
1355984775689,-0.23176658,-0.3574773,0.9047068,-0.87281954,0.48704803,-0.031150192,-0.42950016,-0.7968652,-0.42489457
1355984775729,-0.10386233,-0.3600181,0.92714596,-0.8980504,0.43458164,0.06814855,-0.4274553,-0.8255458,-0.36845106
1355984775769,0.012254998,-0.342257,0.9395265,-0.90773463,0.3902564,0.15400556,-0.4193657,-0.8547281,-0.30589598
1355984775810,0.103858754,-0.30996644,0.94505775,-0.90835404,0.35745656,0.21706614,-0.40510032,-0.8809912,-0.2444343
1355984775849,0.16413201,-0.26834902,0.9492363,-0.90789866,0.3351817,0.25174022,-0.38572094,-0.903129,-0.18861973
1355984775889,0.18799339,-0.22117656,0.9569427,-0.91266614,0.3206622,0.25340927,-0.36290357,-0.92100847,-0.14157802
1355984775929,0.16930869,-0.17038497,0.97072315,-0.9258156,0.31022635,0.2159282,-0.33793476,-0.93526924,-0.10522103
1355984775970,0.091162175,-0.11485222,0.9891908,-0.9456104,0.30149636,0.12215179,-0.31226683,-0.9465247,-0.08112037
1355984776011,-0.07083362,-0.051296026,0.9961683,-0.9549887,0.29189193,-0.052875042,-0.2880612,-0.9550748,-0.06966287
1355984776051,-0.31774142,0.021316111,0.94793785,-0.9093288,0.2763888,-0.3110151,-0.26862898,-0.96080947,-0.0684368
1355984776089,-0.56875557,0.09262174,0.8172749,-0.7809917,0.25087786,-0.5719373,-0.25801003,-0.9635775,-0.07035142
1355984776129,-0.7264327,0.14761427,0.67119706,-0.63591456,0.22595644,-0.73794055,-0.2605919,-0.9628881,-0.07027209
1355984776169,-0.7941992,0.1907798,0.576932,-0.5399388,0.21400887,-0.81404316,-0.27877158,-0.95802045,-0.06695622
1355984776209,-0.8069437,0.22866914,0.5445661,-0.50242805,0.21894175,-0.83643913,-0.3104961,-0.94856465,-0.06178391
1355984776249,-0.7869084,0.2609008,0.5592012,-0.5083512,0.23960817,-0.8271439,-0.34979168,-0.93515706,-0.05592048
1355984776289,-0.74349684,0.2820019,0.6063724,-0.5434093,0.2737158,-0.79359066,-0.38976777,-0.9195405,-0.05026436
1355984776329,-0.6779701,0.28587613,0.67722327,-0.5981747,0.32091576,-0.73430246,-0.42725113,-0.90293294,-0.04656744
1355984776369,-0.5930448,0.26584017,0.7600177,-0.6605351,0.37913817,-0.6480337,-0.46042508,-0.8863314,-0.049249172
1355984776410,-0.5092644,0.21952568,0.83214074,-0.7103575,0.4386323,-0.55044883,-0.48584145,-0.8714414,-0.067438126
1355984776449,-0.46351406,0.15297914,0.872784,-0.73315734,0.4869567,-0.4747142,-0.49762937,-0.8599248,-0.113553464
1355984776489,-0.48411313,0.07752535,0.87156427,-0.7248596,0.52239335,-0.4490922,-0.4901154,-0.8491731,-0.19670248
1355984776529,-0.5492406,2.9346347E-4,0.8356643,-0.6948978,0.5552875,-0.45691675,-0.46416798,-0.8316584,-0.3047825
1355984776595,-0.60282946,-0.07476783,0.7943592,-0.6710621,0.5860633,-0.45409852,-0.43159282,-0.8068083,-0.4034701
1355984776610,-0.60429305,-0.14814866,0.7828678,-0.68440086,0.59960014,-0.41481942,-0.4079527,-0.78646785,-0.46372724
1355984776649,-0.5400212,-0.22096461,0.812128,-0.7406832,0.58301646,-0.3338865,-0.3997069,-0.7818353,-0.47850603
1355984776689,-0.40875494,-0.28804833,0.8659951,-0.8190146,0.53442466,-0.20881888,-0.40265924,-0.79461837,-0.45436454
1355984776729,-0.2285617,-0.33675376,0.91343117,-0.8838301,0.46516454,-0.049663007,-0.40817162,-0.81866896,-0.40395194
1355984776769,-0.0374372,-0.35731474,0.9332334,-0.9114778,0.39503807,0.114686996,-0.40964207,-0.846328,-0.3404736
1355984776809,0.1292885,-0.35154665,0.92719984,-0.90537715,0.3395276,0.25497705,-0.40444627,-0.8724311,-0.27438527
1355984776850,0.25716302,-0.32824636,0.9089123,-0.88293505,0.30249575,0.35905707,-0.3928013,-0.8948467,-0.21202952
1355984776889,0.34363124,-0.29619008,0.8911729,-0.8601473,0.28160182,0.4252612,-0.37691405,-0.91267294,-0.15799993
1355984776929,0.39290577,-0.26145506,0.8816271,-0.8466892,0.27122647,0.45777023,-0.35880697,-0.9263247,-0.114804715
1355984776969,0.4068418,-0.22669372,0.8849236,-0.8480139,0.26644182,0.45812792,-0.33963537,-0.93681306,-0.083839744
1355984777010,0.38516104,-0.19277847,0.9024896,-0.86572826,0.2632357,0.42570132,-0.31963354,-0.9452743,-0.065505624
1355984777049,0.32393408,-0.15952447,0.9325335,-0.8973279,0.260525,0.35627156,-0.2997823,-0.9521968,-0.058752805
1355984777090,0.22171378,-0.12585947,0.9669552,-0.9330847,0.2606038,0.24786791,-0.28318867,-0.95720685,-0.05965805
1355984777131,0.09360108,-0.09114352,0.99142915,-0.9569975,0.26639715,0.11484066,-0.2745809,-0.9595444,-0.06228906
1355984777169,-0.025955379,-0.057322383,0.99801826,-0.96009135,0.27954465,-0.00891301,-0.27847978,-0.95842004,-0.06229043
1355984777210,-0.10536894,-0.028737485,0.99401784,-0.9490875,0.3013107,-0.09189519,-0.29686734,-0.9530928,-0.05902314
1355984777249,-0.13616279,-0.009041458,0.99064523,-0.93515146,0.33126804,-0.12551177,-0.3270343,-0.94349337,-0.05356157
1355984777289,-0.12712783,-2.4965405E-4,0.9918863,-0.9230455,0.36607742,-0.11821255,-0.3630777,-0.9305843,-0.046769083
1355984777329,-0.0919137,-0.0027406216,0.9957632,-0.9118581,0.40201426,-0.08306244,-0.40008333,-0.91562927,-0.03944969
1355984777369,-0.044290185,-0.01601383,0.99889034,-0.8993466,0.4359979,-0.032886744,-0.4349875,-0.8998052,-0.033712447
1355984777411,-0.0016560256,-0.039198995,0.99923,-0.8847069,0.46584454,0.01680851,-0.46614477,-0.8839979,-0.035451055
1355984777450,0.023556069,-0.074460804,0.9969457,-0.8718061,0.48653084,0.056937754,-0.48928446,-0.87048453,-0.053454638
1355984777489,0.009069964,-0.124504715,0.99217755,-0.8672265,0.49299824,0.06979227,-0.49783128,-0.86107564,-0.10350233
1355984777529,-0.04739289,-0.19464606,0.979728,-0.8720452,0.4863872,0.054448396,-0.4871253,-0.8517866,-0.19279146
1355984777593,-0.12787104,-0.2802209,0.9513807,-0.87934315,0.475684,0.021919847,-0.45869896,-0.8337872,-0.3072365
1355984777610,-0.1897013,-0.36393684,0.911901,-0.88522154,0.46516728,0.0014955997,-0.42473078,-0.8069507,-0.41040754
1355984777649,-0.19864468,-0.42859328,0.88138986,-0.8943176,0.4471509,0.015877694,-0.40091932,-0.7850884,-0.47212267
1355984777689,-0.15000433,-0.46630347,0.87181413,-0.90696406,0.41593832,0.066418916,-0.39359227,-0.780741,-0.48531306
1355984777729,-0.05965069,-0.47491446,0.87800795,-0.9153981,0.37681296,0.14162716,-0.39810556,-0.79527867,-0.45721298
1355984777769,0.045515,-0.45801535,0.8877783,-0.912925,0.341743,0.22311348,-0.40558138,-0.82063,-0.40257925
1355984777809,0.14403635,-0.4227789,0.8947131,-0.900551,0.31878245,0.29561046,-0.41019672,-0.84831345,-0.3348177
1355984777849,0.22313279,-0.37748352,0.89873123,-0.8845366,0.30904132,0.34941152,-0.4096422,-0.8729259,-0.26494074
1355984777889,0.27881682,-0.3283554,0.90246546,-0.871529,0.3081861,0.38139018,-0.40335882,-0.8928628,-0.20024377
1355984777928,0.3124302,-0.27883047,0.9080974,-0.86576253,0.30984527,0.39300263,-0.3909508,-0.90898263,-0.14459598
1355984777968,0.32488126,-0.23114985,0.9170724,-0.86944956,0.30858362,0.3857895,-0.37216875,-0.9226841,-0.10072011
1355984778009,0.315861,-0.18758625,0.930077,-0.8829307,0.3007728,0.36051232,-0.34736902,-0.9350653,-0.07062328
1355984778052,0.28342983,-0.15079275,0.94706345,-0.9050281,0.284551,0.31615642,-0.31716195,-0.94672716,-0.05582142
1355984778089,0.22567828,-0.12070742,0.96669483,-0.93085206,0.26599264,0.25052404,-0.28737378,-0.95638776,-0.052331984
1355984778129,0.14922816,-0.097898215,0.9839446,-0.95323086,0.2502616,0.16946998,-0.26283437,-0.96321607,-0.05597353
1355984778170,0.06421623,-0.077525586,0.99492013,-0.96600306,0.24535885,0.08146852,-0.25042835,-0.9663275,-0.059133947
1355984778211,-0.011227369,-0.05711457,0.9983045,-0.9664892,0.25667894,0.0038154423,-0.25646162,-0.9648076,-0.05808246
1355984778250,-0.06636551,-0.036515027,0.99712706,-0.9581473,0.2812375,-0.05347216,-0.27847698,-0.95894325,-0.053651273
1355984778289,-0.09690955,-0.017269135,0.9951434,-0.94497705,0.31547996,-0.08654958,-0.31245315,-0.9487751,-0.046891928
1355984778329,-0.10519689,-0.0016204715,0.9944501,-0.9304316,0.35316074,-0.09784928,-0.35104215,-0.9355613,-0.038659155
1355984778369,-0.09746832,0.008823514,0.99519956,-0.9159225,0.39039236,-0.09316522,-0.3893403,-0.9206063,-0.029969215
1355984778409,-0.08174729,0.012670279,0.9965725,-0.90115863,0.42616707,-0.07933894,-0.4257116,-0.9045557,-0.023420036
1355984778449,-0.0686197,0.0067489147,0.99762005,-0.88599837,0.4592435,-0.06404877,-0.45858282,-0.88828474,-0.025533617
1355984778491,-0.07339129,-0.016616076,0.9971648,-0.8724432,0.48548248,-0.056122005,-0.48317355,-0.87408847,-0.05012679
1355984778529,-0.10452306,-0.06517148,0.9923848,-0.8636039,0.5008155,-0.058069855,-0.49321714,-0.8630971,-0.10862911
1355984778593,-0.16832702,-0.14493293,0.97501814,-0.8596129,0.5056697,-0.07323751,-0.4824226,-0.850466,-0.2097041
1355984778609,-0.24242051,-0.24332336,0.93916243,-0.8569045,0.50761575,-0.08967188,-0.4549144,-0.8265108,-0.33156133
1355984778649,-0.2938494,-0.33142552,0.8965543,-0.8554857,0.5095859,-0.092012465,-0.42637616,-0.7940272,-0.4332714
1355984778689,-0.30449393,-0.38665295,0.87050724,-0.85876656,0.50680673,-0.075279,-0.41207206,-0.7704845,-0.4863642
1355984778729,-0.27853885,-0.40315494,0.87171227,-0.8666549,0.49666843,-0.047220558,-0.41391474,-0.76862645,-0.48773766
1355984778769,-0.2318222,-0.38547033,0.89312434,-0.8758705,0.4821623,-0.019243628,-0.42321303,-0.7867224,-0.44939804
1355984778809,-0.17947596,-0.34053013,0.92294514,-0.8843914,0.4667459,2.3186207E-4,-0.43085983,-0.8162031,-0.38493156
1355984778849,-0.13570747,-0.27769032,0.95103705,-0.8918413,0.4523228,0.004811734,-0.43151197,-0.8475212,-0.3090393
1355984778889,-0.10896574,-0.20599288,0.9724677,-0.89909476,0.43768042,-0.00803262,-0.4239754,-0.8752159,-0.23289925
1355984778929,-0.10424852,-0.13358217,0.98553944,-0.90625125,0.42095482,-0.03880444,-0.40968394,-0.89719164,-0.16494286
1355984778969,-0.12124795,-0.06661689,0.9903843,-0.9126966,0.39973164,-0.084849626,-0.39023548,-0.9142083,-0.10926765
1355984779009,-0.15991426,-0.00901103,0.98708975,-0.9162283,0.3734883,-0.14502475,-0.36735973,-0.9275911,-0.067982316
1355984779049,-0.21875125,0.03629774,0.9751053,-0.9136401,0.34329367,-0.21774131,-0.342651,-0.93852645,-0.04193288
1355984779091,-0.29501125,0.06775537,0.9530884,-0.90103805,0.31220558,-0.30109483,-0.31796035,-0.9475953,-0.03105402
1355984779129,-0.3821475,0.08660561,0.92003417,-0.8754507,0.28485143,-0.39044312,-0.2958876,-0.95465136,-0.03303629
1355984779169,-0.46826458,0.0980742,0.8781285,-0.83814645,0.2653054,-0.47657478,-0.27971196,-0.9591634,-0.0420326
1355984779209,-0.5402702,0.109764606,0.83430195,-0.7958195,0.25554377,-0.5489706,-0.2734582,-0.96054626,-0.050709903
1355984779249,-0.59004056,0.12751043,0.7972411,-0.75670445,0.25696546,-0.60113823,-0.2815148,-0.9579718,-0.05513233
1355984779289,-0.6161898,0.15273121,0.77264696,-0.72594106,0.27036625,-0.6323857,-0.3054827,-0.95056576,-0.05572307
1355984779329,-0.6220929,0.18192163,0.7615149,-0.7049855,0.2929415,-0.64589524,-0.34058166,-0.93866384,-0.05398476
1355984779369,-0.6120952,0.20962717,0.7624933,-0.6938911,0.32009083,-0.64502484,-0.37928182,-0.9239039,-0.05046761
1355984779409,-0.58909196,0.23109907,0.774315,-0.69250596,0.34942454,-0.63114023,-0.41642055,-0.9080174,-0.045805693
1355984779449,-0.5549034,0.24222414,0.7958704,-0.6995665,0.38186115,-0.60397744,-0.45020995,-0.8919134,-0.04244417
1355984779490,-0.5143406,0.23740168,0.8240717,-0.7113166,0.41866732,-0.56457627,-0.4790433,-0.87656033,-0.046469867
1355984779529,-0.47976983,0.20899844,0.8521388,-0.7220241,0.45775962,-0.5187845,-0.49849993,-0.86416197,-0.06871736
1355984779594,-0.4694783,0.15115878,0.8699087,-0.7262778,0.49416453,-0.47783053,-0.5021063,-0.8561264,-0.122216225
1355984779609,-0.49375433,0.06583071,0.867106,-0.7215078,0.52559584,-0.45074987,-0.48542053,-0.8481835,-0.2120179
1355984779649,-0.54031265,-0.033458143,0.840799,-0.710444,0.55359405,-0.4345148,-0.4509233,-0.83211434,-0.32288402
1355984779689,-0.5751907,-0.12676835,0.80813706,-0.7068454,0.5742732,-0.4130131,-0.4117345,-0.80878925,-0.4199223
1355984779729,-0.5688379,-0.20248419,0.79713476,-0.72747535,0.5760124,-0.37281287,-0.38367072,-0.79196584,-0.4749599
1355984779769,-0.5084238,-0.26031488,0.82081753,-0.7762745,0.55111754,-0.30605137,-0.37269717,-0.7927835,-0.48227704
1355984779809,-0.39249843,-0.30117354,0.86904514,-0.84002244,0.5021871,-0.20535418,-0.37457606,-0.81061864,-0.45010018
1355984779850,-0.23250835,-0.32210255,0.917709,-0.89447284,0.44133276,-0.071719885,-0.38191387,-0.8375413,-0.3907255
1355984779889,-0.06128639,-0.32261735,0.94454324,-0.9193805,0.3866477,0.07240936,-0.388566,-0.8639569,-0.32030433
1355984779929,0.09250362,-0.30688292,0.94724125,-0.91539806,0.34810013,0.20216987,-0.39177734,-0.8858042,-0.24871957
1355984779969,0.21282655,-0.2821296,0.935472,-0.89572304,0.3261662,0.30215207,-0.3903654,-0.9022298,-0.1832931
1355984780009,0.2983632,-0.2542307,0.91997075,-0.87377644,0.3150847,0.37045413,-0.38404953,-0.9143787,-0.12813115
1355984780049,0.35384408,-0.22654468,0.90745354,-0.8577166,0.3083116,0.41141972,-0.37298337,-0.92391634,-0.08521688
1355984780089,0.3843037,-0.2009294,0.9010761,-0.8511858,0.30081952,0.430105,-0.357482,-0.9322741,-0.055422187
1355984780130,0.39300954,-0.17866212,0.9020107,-0.8550667,0.28981864,0.4299605,-0.33823717,-0.9402579,-0.03886652
1355984780171,0.38179874,-0.16056761,0.91019106,-0.8681048,0.27569294,0.41278005,-0.31721234,-0.9477402,-0.034130305
1355984780224,0.35402617,-0.14667416,0.9236623,-0.8865284,0.26193652,0.38138786,-0.29788062,-0.95387423,-0.03729841
1355984780249,0.3181163,-0.1362558,0.93820906,-0.90416867,0.25399393,0.3434618,-0.28509805,-0.9575601,-0.0423986
1355984780289,0.28650713,-0.1295143,0.9492838,-0.91493094,0.25700897,0.3112036,-0.28427976,-0.9576912,-0.044861734
1355984780329,0.26977557,-0.12862131,0.9542944,-0.91533315,0.2734509,0.29561755,-0.2989754,-0.95324767,-0.043961048
1355984780369,0.27508715,-0.13664696,0.9516589,-0.90397644,0.30026045,0.30441785,-0.32734329,-0.9440187,-0.040927768
1355984780409,0.3052531,-0.15567684,0.9394601,-0.8807057,0.32906884,0.340692,-0.36218494,-0.93138516,-0.03665626
1355984780449,0.35293323,-0.18483058,0.9172108,-0.8468492,0.3537314,0.39714053,-0.39785,-0.9169034,-0.031680048
1355984780489,0.4055956,-0.2215293,0.8868016,-0.80589575,0.37112433,0.46130127,-0.4313054,-0.90177137,-0.028003097
1355984780529,0.4478353,-0.26233596,0.8547651,-0.76635355,0.37984535,0.51809245,-0.4605928,-0.8870724,-0.030933946
1355984780592,0.4688478,-0.30588508,0.828623,-0.7405405,0.37520248,0.5575149,-0.4814369,-0.8750185,-0.050607473
1355984780609,0.4635395,-0.35371903,0.81241244,-0.74030626,0.34922346,0.5744473,-0.48690635,-0.867713,-0.09998149
1355984780649,0.42966187,-0.40892363,0.8050915,-0.7705064,0.29888684,0.5630157,-0.4708617,-0.8622345,-0.18665797
1355984780690,0.37733704,-0.47010636,0.79788274,-0.81691897,0.2368365,0.52588207,-0.43618828,-0.8502403,-0.29467165
1355984780729,0.33385336,-0.52666324,0.78177214,-0.854991,0.18002117,0.48639762,-0.39690328,-0.83079374,-0.39019167
1355984780769,0.33194458,-0.56381047,0.7562609,-0.8675828,0.1322329,0.4793897,-0.3702875,-0.8152498,-0.44525826
1355984780809,0.37664026,-0.5733714,0.7275901,-0.8524771,0.09284443,0.5144539,-0.3625258,-0.8140179,-0.453817
1355984780849,0.4465382,-0.5573564,0.6999696,-0.8157008,0.06794536,0.57446975,-0.36774403,-0.8274885,-0.4242959
1355984780889,0.5185611,-0.5239191,0.67572415,-0.76789784,0.06222555,0.6375429,-0.37606823,-0.849492,-0.3700486
1355984780928,0.5791012,-0.48250178,0.6571407,-0.72115517,0.07276583,0.6889415,-0.38023287,-0.8728672,-0.3058199
1355984780968,0.62570447,-0.43853405,0.64512146,-0.6825652,0.09255874,0.7249397,-0.37762234,-0.89393556,-0.24141362
1355984781005,0.6571336,-0.3957196,0.6415462,-0.65728515,0.11581209,0.7446904,-0.36898738,-0.9110398,-0.18399659
1355984781035,0.6711363,-0.35732943,0.64953196,-0.64905673,0.14011246,0.7477259,-0.35819197,-0.92340904,-0.13789248
1355984781077,0.67427933,-0.32252806,0.6643215,-0.65369177,0.15783384,0.7401186,-0.34356147,-0.9333081,-0.10440987
1355984781118,0.65253556,-0.28833666,0.7007563,-0.6838999,0.17413566,0.7084898,-0.32631028,-0.94156194,-0.083563715
1355984781159,0.5909303,-0.25153297,0.7665068,-0.7457454,0.19205576,0.63794863,-0.30767718,-0.9486021,-0.07408798
1355984781198,0.44901538,-0.20260122,0.87025166,-0.84502375,0.2202323,0.48727047,-0.29037908,-0.95417523,-0.07231513
1355984781238,0.15856993,-0.11982176,0.9800502,-0.94720256,0.2617044,0.18525144,-0.2786806,-0.9576813,-0.07199699
1355984781279,-0.24332035,0.002351731,0.9699431,-0.929041,0.28677762,-0.23375496,-0.27870768,-0.9579942,-0.06759393
1355984781318,-0.52714366,0.110348254,0.8425811,-0.797264,0.27892816,-0.53532165,-0.2940914,-0.95395094,-0.059058487
1355984781358,-0.63949776,0.18214849,0.74690324,-0.69650126,0.27402616,-0.6631708,-0.32546657,-0.94431543,-0.048372388
1355984781399,-0.6672613,0.23414089,0.7070646,-0.6487656,0.28361613,-0.7061622,-0.36587635,-0.9299139,-0.037343502
1355984781439,-0.65963864,0.27401572,0.6998515,-0.63148594,0.30287498,-0.71378726,-0.4075564,-0.9127881,-0.026750982
1355984781479,-0.6365198,0.30344555,0.7090581,-0.6290209,0.3277356,-0.70492697,-0.44629055,-0.8947123,-0.017736614
1355984781519,-0.6073889,0.32199442,0.726222,-0.6324916,0.35711092,-0.6873327,-0.48065907,-0.8768075,-0.013246417
1355984781592,-0.58325,0.32703847,0.7435491,-0.6333926,0.3899896,-0.6683726,-0.50856006,-0.86078674,-0.020317733
1355984781598,-0.581445,0.3141175,0.7505011,-0.62160164,0.42364043,-0.6588931,-0.5249124,-0.84962285,-0.05106765
1355984781625,-0.6003889,0.2863788,0.7466729,-0.5992357,0.45718914,-0.6571869,-0.52957517,-0.8420008,-0.10288292
1355984781657,-0.6540684,0.2470072,0.71496993,-0.55258274,0.48944646,-0.6746069,-0.5165723,-0.8363191,-0.18363953
1355984781698,-0.74794775,0.19155721,0.6355155,-0.46593094,0.5303921,-0.708232,-0.47273937,-0.8258268,-0.30745316
1355984781738,-0.82908523,0.13532299,0.5424993,-0.37657046,0.58206224,-0.7206929,-0.41329467,-0.801805,-0.43162054
1355984781778,-0.8722171,0.09707459,0.47938913,-0.32255918,0.6226181,-0.71295327,-0.36768597,-0.77648133,-0.51174587
1355984781818,-0.8819741,0.07996902,0.4644639,-0.31379074,0.6356715,-0.7053064,-0.3516491,-0.7678064,-0.53555226
1355984781858,-0.8677373,0.07909219,0.4906898,-0.34252805,0.62021434,-0.7056973,-0.360148,-0.78043485,-0.5110918
1355984781898,-0.8363569,0.0903047,0.540696,-0.3960282,0.58245814,-0.7098621,-0.37903666,-0.8078289,-0.45137966
1355984781939,-0.79649633,0.111321345,0.59430736,-0.45758218,0.5315184,-0.71281606,-0.3952369,-0.8396998,-0.37241375
1355984781979,-0.7590102,0.14057055,0.63572276,-0.5118917,0.47453037,-0.716092,-0.4023312,-0.8689424,-0.28821653
1355984782019,-0.7363991,0.17630352,0.65317184,-0.5459413,0.41535598,-0.7276177,-0.39958042,-0.89241046,-0.20961642
1355984782059,-0.7389241,0.21553008,0.6383869,-0.5501405,0.35403705,-0.75630885,-0.3890199,-0.91005737,-0.14303464
1355984782099,-0.77013403,0.25361446,0.58529764,-0.51727414,0.2886116,-0.8056866,-0.37325743,-0.9232459,-0.09108138
1355984782139,-0.82282203,0.28388175,0.4923161,-0.44418386,0.21912009,-0.8687273,-0.35449216,-0.9334868,-0.054201126
1355984782179,-0.87941325,0.30004513,0.3696014,-0.3384601,0.151909,-0.9286379,-0.3347791,-0.9417519,-0.032037497
1355984782221,-0.92240924,0.301064,0.24191225,-0.22222798,0.09855068,-0.9700013,-0.3158731,-0.94849783,-0.023999155
