1355984713400,0.37367666,-0.16942993,0.91195357,-0.8937875,0.19711085,0.4028539,-0.24801147,-0.96562976,-0.07777864
1355984713402,-0.11919987,0.110128194,-0.98674375,0.9613955,-0.23544979,-0.14241576,-0.2480126,-0.96562684,-0.07781115
1355984713425,-0.119384885,0.110334456,-0.9866983,0.9613704,-0.23541337,-0.1426447,-0.24802059,-0.9656121,-0.077967465
1355984713465,-0.12046003,0.11155203,-0.98643076,0.9612224,-0.23520494,-0.14398015,-0.24807465,-0.9655231,-0.07889354
1355984713510,-0.12387836,0.11519942,-0.9855878,0.9607446,-0.23455262,-0.14817128,-0.24824148,-0.96525335,-0.08162126
1355984713550,-0.1317321,0.12329605,-0.9835876,0.95963705,-0.23285824,-0.15771401,-0.24848202,-0.96466315,-0.08764452
1355984713591,-0.14483172,0.13637933,-0.9800125,0.95778334,-0.2292713,-0.17345217,-0.248344,-0.9637611,-0.0974161
1355984713632,-0.16219956,0.15392634,-0.97467846,0.95534766,-0.22274017,-0.19415891,-0.24698621,-0.9626492,-0.1109249
1355984713672,-0.18178993,0.17488581,-0.9676608,0.9527636,-0.21215034,-0.21733329,-0.24329805,-0.96146095,-0.12805802
1355984713711,-0.19869494,0.19561884,-0.9603403,0.9508066,-0.19914997,-0.23728874,-0.23766989,-0.9602461,-0.1464256
1355984713753,-0.21256852,0.21721867,-0.9526965,0.949641,-0.1837756,-0.25378835,-0.23021,-0.95866704,-0.16721481
1355984713792,-0.2212829,0.23947126,-0.9453504,0.9495091,-0.16817534,-0.26485765,-0.22241041,-0.9562273,-0.19016582
1355984713833,-0.22967297,0.26677743,-0.9359915,0.9494113,-0.15021259,-0.27577966,-0.2141695,-0.95198005,-0.21878171
1355984713871,-0.23497015,0.2965438,-0.9256624,0.9500356,-0.13125288,-0.28320497,-0.20547858,-0.9459569,-0.25088662
1355984713913,-0.2452482,0.33256578,-0.9106335,0.9497516,-0.10602033,-0.29450223,-0.19448704,-0.9371017,-0.28985357
1355984713953,-0.2620076,0.3749079,-0.8892672,0.94820076,-0.07150853,-0.3095188,-0.17963126,-0.9243001,-0.33675218
1355984713991,-0.2846453,0.4195733,-0.861937,0.94501853,-0.028181702,-0.3258003,-0.16098791,-0.9072839,-0.38848275
1355984714033,-0.31730434,0.46653676,-0.8256278,0.938408,0.02889797,-0.34431857,-0.13677832,-0.88402957,-0.44697124
1355984714072,-0.35326537,0.50815755,-0.7854804,0.9289015,0.09080878,-0.35902047,-0.11111045,-0.85646343,-0.50410795
1355984714111,-0.3891978,0.54141366,-0.7452492,0.9168377,0.14945105,-0.37023374,-0.08907133,-0.8273667,-0.55455446
1355984714153,-0.41687998,0.56229484,-0.7141678,0.90555215,0.18893203,-0.3798421,-0.07865411,-0.80506474,-0.58794934
1355984714179,-0.43477955,0.57287097,-0.6948278,0.8969941,0.2071211,-0.39051557,-0.07980153,-0.79304457,-0.6039139
1355984714220,-0.4328702,0.57042634,-0.6980238,0.8955369,0.183523,-0.40538,-0.10313603,-0.800583,-0.59027946
1355984714261,-0.40950134,0.5541707,-0.7247093,0.9010489,0.12125209,-0.41642398,-0.14289743,-0.82352465,-0.5489878
1355984714302,-0.35650113,0.51775247,-0.77771413,0.9146485,0.02359882,-0.40356067,-0.19059142,-0.85520494,-0.48197454
1355984714341,-0.2790163,0.4585323,-0.8437406,0.9317522,-0.08332583,-0.35340434,-0.23235264,-0.8847627,-0.40398926
1355984714382,-0.18080556,0.37289724,-0.9100863,0.94806063,-0.18014449,-0.26216197,-0.2617065,-0.9102173,-0.32095808
1355984714446,-0.09739447,0.2800721,-0.9550257,0.95596254,-0.24061221,-0.16805223,-0.27685753,-0.9293361,-0.24430412
1355984714462,-0.045936048,0.19722047,-0.9792824,0.9593476,-0.2645616,-0.09828177,-0.27846372,-0.9439869,-0.17705008
1355984714501,-0.039468467,0.13844144,-0.98958385,0.96155155,-0.26410002,-0.07529765,-0.27177346,-0.95450777,-0.12269494
1355984714542,-0.061652184,0.1000357,-0.9930719,0.96378636,-0.25267005,-0.08528641,-0.25945124,-0.9623673,-0.08083534
1355984714581,-0.104198396,0.078056574,-0.9914887,0.96403205,-0.23716247,-0.11998397,-0.24450949,-0.968329,-0.05053705
1355984714619,-0.15689325,0.068298995,-0.9852512,0.96086234,-0.22006935,-0.16826504,-0.22831586,-0.97309035,-0.031098545
1355984714662,-0.21353108,0.06848505,-0.97453284,0.9538286,-0.20106405,-0.2231242,-0.21122417,-0.97718126,-0.02238965
1355984714701,-0.26922822,0.07425997,-0.9602092,0.94278955,-0.18324047,-0.27851528,-0.19663173,-0.98025936,-0.020677984
1355984714741,-0.31835347,0.083045065,-0.9443276,0.92908865,-0.1705054,-0.32821047,-0.18826926,-0.981851,-0.02287525
1355984714780,-0.3605047,0.09354338,-0.9280549,0.91303587,-0.16812605,-0.37161678,-0.19079253,-0.9813171,-0.024798274
1355984714821,-0.3952635,0.1065667,-0.91236526,0.89512324,-0.17828554,-0.408618,-0.20620662,-0.97819114,-0.024920583
1355984714860,-0.42153078,0.122798204,-0.89846104,0.8764703,-0.19898772,-0.4384103,-0.23261875,-0.972278,-0.02374953
1355984714901,-0.43581396,0.139689,-0.88913065,0.8603381,-0.22550255,-0.45712915,-0.26435715,-0.9641762,-0.02190268
1355984714941,-0.4342746,0.1537435,-0.8875632,0.850373,-0.25501734,-0.46025196,-0.29710472,-0.9546356,-0.019991755
1355984714981,-0.4115932,0.16156748,-0.896932,0.8504642,-0.2856419,-0.44172323,-0.32756948,-0.9446188,-0.019839048
1355984715021,-0.36970085,0.16656461,-0.91409934,0.8588475,-0.3141386,-0.40459606,-0.35454524,-0.9346514,-0.026916385
1355984715061,-0.30683237,0.17369786,-0.93577933,0.8754444,-0.33426094,-0.34909415,-0.37343135,-0.92633617,-0.049500763
1355984715101,-0.25001657,0.20683521,-0.9458916,0.89221054,-0.33025664,-0.30804384,-0.37610126,-0.92095053,-0.10197097
1355984715141,-0.22704953,0.28284138,-0.9319063,0.90626436,-0.2889762,-0.3085088,-0.3565578,-0.9146002,-0.19071716
1355984715179,-0.24815172,0.38732204,-0.88792026,0.915179,-0.20677191,-0.3459664,-0.31759736,-0.8984582,-0.30315828
1355984715220,-0.28284562,0.4771576,-0.83205706,0.9189403,-0.113778114,-0.37762845,-0.27485818,-0.87142134,-0.40629768
1355984715259,-0.29450586,0.5280117,-0.7965362,0.9231987,-0.058167428,-0.37989557,-0.24692178,-0.8472427,-0.470329
1355984715299,-0.26199654,0.5393411,-0.800293,0.93459404,-0.06495133,-0.34973612,-0.2406072,-0.83957875,-0.4870479
1355984715339,-0.16982082,0.50939655,-0.843609,0.9531002,-0.13272044,-0.27200228,-0.25052118,-0.8502355,-0.46296722
1355984715379,-0.01522547,0.42988166,-0.9027568,0.96368325,-0.23443383,-0.12788755,-0.26661325,-0.87191886,-0.41070044
1355984715441,0.16434085,0.30833438,-0.9369749,0.94563174,-0.31952244,0.060712516,-0.28066477,-0.89601076,-0.34408137
1355984715460,0.30349496,0.18489334,-0.93472207,0.9081142,-0.3531312,0.22500423,-0.2884778,-0.917122,-0.27507776
1355984715499,0.37563327,0.09133771,-0.92225647,0.8805101,-0.3456405,0.3243988,-0.28913936,-0.9339112,-0.21025786
1355984715539,0.39031374,0.031294346,-0.9201499,0.87592924,-0.3204273,0.36065823,-0.28355455,-0.94675606,-0.15247881
1355984715580,0.3631941,-0.0030195117,-0.9317086,0.8907525,-0.29211932,0.3481755,-0.2732214,-0.956377,-0.103406355
1355984715620,0.30503425,-0.01763007,-0.95217824,0.9164393,-0.2665057,0.2985196,-0.2590238,-0.96367216,-0.06513651
1355984715661,0.22320178,-0.015660167,-0.97464645,0.9442915,-0.24461022,0.22018048,-0.24185658,-0.96949494,-0.039809674
1355984715703,0.1281988,-7.4875355E-4,-0.99174815,0.9664362,-0.22439224,0.12509623,-0.22263426,-0.9744986,-0.02804315
1355984715741,0.03309369,0.018717498,-0.999277,0.97818637,-0.20575917,0.028541148,-0.20507613,-0.97842366,-0.02511859
1355984715782,-0.048480153,0.036144406,-0.99816996,0.9798572,-0.19210565,-0.05454701,-0.19372565,-0.9807084,-0.02610302
1355984715821,-0.113045394,0.049168944,-0.9923725,0.9746169,-0.18876356,-0.120375454,-0.19324246,-0.9807909,-0.026582032
1355984715862,-0.15942669,0.060184807,-0.9853735,0.9651449,-0.20034921,-0.16839075,-0.20755339,-0.97787416,-0.026146024
1355984715900,-0.18692434,0.07078299,-0.9798209,0.95408344,-0.22455949,-0.19823664,-0.23405987,-0.9718862,-0.02555722
1355984715941,-0.1909293,0.07797238,-0.97850215,0.944994,-0.25510126,-0.20471889,-0.2655795,-0.96376544,-0.024977177
1355984715980,-0.16650623,0.077317,-0.98300445,0.94011116,-0.2882675,-0.18191412,-0.2974333,-0.9544233,-0.024688214
1355984716021,-0.1057713,0.06440079,-0.9923029,0.9389565,-0.32206047,-0.12098685,-0.32737315,-0.9445262,-0.026404768
1355984716061,-0.0056171417,0.039993376,-0.99918413,0.93518543,-0.35362613,-0.019411623,-0.35411394,-0.93453145,-0.035414815
1355984716100,0.13062114,0.0114966035,-0.9913657,0.91838485,-0.37811232,0.11662036,-0.37350687,-0.9256883,-0.0599477
1355984716141,0.253273,0.01605928,-0.96726155,0.89061975,-0.3942359,0.22665927,-0.37768927,-0.9188689,-0.114152014
1355984716179,0.31651232,0.08716348,-0.9445753,0.87764275,-0.4047605,0.25673378,-0.3599489,-0.910259,-0.20461012
1355984716220,0.30193594,0.22059652,-0.92745453,0.8969425,-0.39535168,0.19796762,-0.32299978,-0.89164686,-0.31723326
1355984716259,0.2570342,0.3507812,-0.9004921,0.92394805,-0.3623453,0.12258002,-0.28329036,-0.86351514,-0.41723874
1355984716299,0.2685095,0.41049722,-0.87143254,0.9279827,-0.35287046,0.11971071,-0.2583619,-0.8408178,-0.47568336
1355984716339,0.38989717,0.37165737,-0.84252656,0.8855741,-0.40217417,0.23241025,-0.25246546,-0.8367358,-0.48593667
1355984716380,0.58558655,0.23674142,-0.775269,0.76806104,-0.46783233,0.43728167,-0.2591732,-0.8515201,-0.45578814
1355984716439,0.746637,0.068989545,-0.66164464,0.607671,-0.47543758,0.6361564,-0.27068263,-0.8770402,-0.39690223
1355984716459,0.8279656,-0.058106422,-0.55776036,0.48507035,-0.4248721,0.7643236,-0.28138888,-0.9033866,-0.3235938
1355984716500,0.85926706,-0.13552897,-0.49324638,0.42261487,-0.35517687,0.83381414,-0.28819567,-0.92492235,-0.24791524
1355984716539,0.8663003,-0.17786175,-0.46678573,0.4072693,-0.28957915,0.8661844,-0.28923255,-0.9404834,-0.17842487
1355984716579,0.85977864,-0.19702953,-0.47112635,0.42453665,-0.23695804,0.8738532,-0.28381208,-0.9513308,-0.12008521
1355984716619,0.8426992,-0.20031999,-0.49972975,0.4643932,-0.19915931,0.8629452,-0.27239102,-0.9592744,-0.07480416
1355984716660,0.8142565,-0.19147415,-0.5480183,0.52098674,-0.17535107,0.8353591,-0.25604528,-0.9657068,-0.043025255
1355984716700,0.7719701,-0.17220181,-0.6118894,0.5902273,-0.16319634,0.7905686,-0.23599547,-0.97144914,-0.024344474
1355984716741,0.7134758,-0.14418253,-0.6856849,0.66713953,-0.15935883,0.72768795,-0.2141898,-0.9766352,-0.017508827
1355984716781,0.70358664,-0.128095,-0.6989689,0.683079,-0.14921977,0.71493816,-0.19588003,-0.98047185,-0.01749
1355984716821,0.58434457,-0.09451684,-0.8059827,0.78991425,-0.16133285,0.5916142,-0.18594894,-0.98236364,-0.019613802
1355984716860,0.4765683,-0.07344961,-0.8760638,0.85875225,-0.17445657,0.48177755,-0.18822142,-0.9819217,-0.020065501
1355984716902,0.39218816,-0.064145625,-0.9176458,0.8969735,-0.19458935,0.3969554,-0.20402706,-0.97878516,-0.018778726
1355984716940,0.3334204,-0.06247601,-0.94070584,0.91394603,-0.22345716,0.3387764,-0.2313729,-0.97270936,-0.01740542
1355984716982,0.30064696,-0.06582829,-0.95146096,0.91638446,-0.25651437,0.30731067,-0.26429316,-0.9642961,-0.016796231
1355984717020,0.29521903,-0.07529011,-0.9524585,0.90744007,-0.28987494,0.30417943,-0.29899552,-0.95409846,-0.017255321
1355984717061,0.3198025,-0.09312752,-0.94289637,0.88716996,-0.31995502,0.33250287,-0.33264962,-0.9428446,-0.019702435
1355984717101,0.37018353,-0.117630035,-0.921481,0.854542,-0.34589422,0.38744688,-0.36431035,-0.9308708,-0.02752453
1355984717141,0.4375747,-0.14133587,-0.8880048,0.80981386,-0.36727884,0.45750174,-0.3908068,-0.91930974,-0.046256185
1355984717181,0.48864213,-0.13331518,-0.8622389,0.77223444,-0.3938537,0.4985312,-0.40605772,-0.90945387,-0.08950296
1355984717220,0.497785,-0.05808851,-0.86535305,0.76884365,-0.4321749,0.4712796,-0.40135974,-0.899917,-0.1704692
1355984717259,0.4394697,0.10423222,-0.89218944,0.81748164,-0.45805347,0.3491573,-0.37227708,-0.8827925,-0.28650856
1355984717299,0.3159454,0.31119198,-0.89629126,0.8910127,-0.42190897,0.1675981,-0.32599816,-0.8515588,-0.4105762
1355984717339,0.20391658,0.46121517,-0.8635384,0.9371619,-0.34703776,0.0359495,-0.28309998,-0.81660604,-0.503
1355984717380,0.17170918,0.51680475,-0.8387066,0.950177,-0.31170112,0.002462715,-0.26015303,-0.79734266,-0.5445779
1355984717436,0.23131791,0.48849648,-0.841346,0.9376362,-0.3425959,0.058876067,-0.25948092,-0.8024956,-0.53728056
1355984717460,0.35804576,0.38661438,-0.84990156,0.8929114,-0.4078893,0.19061887,-0.27296975,-0.827137,-0.4912554
1355984717499,0.49505144,0.24082923,-0.83482057,0.8192326,-0.44946396,0.35614625,-0.2894513,-0.86022294,-0.41980296
1355984717539,0.5920564,0.10231498,-0.7993753,0.7477244,-0.43975794,0.497515,-0.30062842,-0.8922694,-0.33686492
1355984717579,0.64098656,5.9092045E-4,-0.7675519,0.70521945,-0.3951992,0.5886281,-0.30298805,-0.91859525,-0.2537341
1355984717619,0.6538875,-0.06299493,-0.75396466,0.69600034,-0.34067217,0.6320807,-0.29667267,-0.93806934,-0.17891678
1355984717660,0.64249945,-0.09762928,-0.7600415,0.7122139,-0.28989494,0.6393062,-0.28274715,-0.95206594,-0.1167244
1355984717699,0.6117032,-0.11070725,-0.78330266,0.74592626,-0.24904615,0.6177136,-0.26346385,-0.9621434,-0.069762856
1355984717741,0.5648623,-0.10754302,-0.8181473,0.78927505,-0.21888876,0.57370067,-0.2407808,-0.96980524,-0.03876096
1355984717781,0.50351375,-0.09201127,-0.8590738,0.8361387,-0.19851941,0.5113337,-0.21759123,-0.97576845,-0.023023114
1355984717819,0.43257278,-0.07092175,-0.89880526,0.8795012,-0.186167,0.43797207,-0.19838962,-0.9799551,-0.018155023
1355984717861,0.36102837,-0.049960524,-0.9312156,0.91370344,-0.18081403,0.36393982,-0.1865595,-0.98224753,-0.01962988
1355984717909,0.29514244,-0.034599006,-0.9548266,0.93699193,-0.18501982,0.296334,-0.18691468,-0.9821255,-0.022188187
1355984717948,0.23830989,-0.025945991,-0.9708425,0.95025253,-0.20021746,0.23860654,-0.20057055,-0.9794078,-0.023058534
1355984717988,0.19732082,-0.022165328,-0.98008835,0.95433474,-0.22439498,0.19721067,-0.22429815,-0.97424614,-0.023124635
1355984718028,0.17638135,-0.02316904,-0.9840492,0.9507751,-0.2547632,0.17641562,-0.25478688,-0.9667259,-0.022906959
1355984718069,0.17899173,-0.030550867,-0.98337615,0.94086516,-0.28690147,0.1801672,-0.2876363,-0.9574728,-0.022608727
1355984718109,0.20617187,-0.04542774,-0.9774606,0.9246191,-0.31790406,0.20980084,-0.32026955,-0.9470339,-0.023539454
1355984718149,0.25400817,-0.0647133,-0.9650347,0.90108955,-0.3467204,0.26042747,-0.35145035,-0.93573344,-0.029757306
1355984718189,0.311377,-0.07625994,-0.94722164,0.8717941,-0.3737558,0.3166727,-0.37817898,-0.92438686,-0.04989603
1355984718230,0.3611675,-0.057536483,-0.93072414,0.84507984,-0.4017393,0.3527683,-0.39420554,-0.9139447,-0.09647225
1355984718269,0.38616815,0.014852941,-0.9223088,0.83468974,-0.43123195,0.3425377,-0.3926413,-0.90211886,-0.17892565
1355984718309,0.38005295,0.13692272,-0.91477424,0.8466208,-0.44982812,0.2844079,-0.37254924,-0.882557,-0.28688014
1355984718349,0.35335818,0.2679605,-0.8962897,0.8707555,-0.44441625,0.21042594,-0.34193984,-0.8548049,-0.3903662
1355984718389,0.33831912,0.35160783,-0.8728758,0.8864932,-0.43027425,0.17027599,-0.31570557,-0.83140606,-0.45726794
1355984718439,0.3584073,0.36404225,-0.8596613,0.8830466,-0.4310073,0.18563768,-0.3029403,-0.82565486,-0.47594243
1355984718487,0.41059637,0.313462,-0.856243,0.8602984,-0.44435745,0.24986625,-0.3021544,-0.83921874,-0.4521224
1355984718508,0.47225985,0.22625205,-0.85192764,0.82659054,-0.44934246,0.3388796,-0.30613506,-0.86423457,-0.39922422
1355984718548,0.52145416,0.13312075,-0.8428312,0.7957064,-0.43254083,0.42398083,-0.30811828,-0.8917327,-0.33147523
1355984718585,0.5481906,0.055984467,-0.83447754,0.7790303,-0.39720622,0.48511755,-0.30430064,-0.91602015,-0.26135832
1355984718615,0.55248976,0.003555566,-0.83351207,0.779086,-0.3576527,0.5148879,-0.29627714,-0.9338479,-0.20036955
1355984718656,0.545601,-0.032609552,-0.8374104,0.7895261,-0.3150644,0.52667165,-0.2810127,-0.94850993,-0.14615338
1355984718698,0.52085185,-0.05125925,-0.8521067,0.8129152,-0.27487633,0.5134314,-0.26054215,-0.96011215,-0.10150039
1355984718738,0.48140568,-0.056423634,-0.8746799,0.8439238,-0.2396881,0.47993994,-0.2367303,-0.96920896,-0.06776999
1355984718779,0.42956042,-0.051133186,-0.9015893,0.87800264,-0.20981055,0.43022186,-0.21116161,-0.976404,-0.045231193
1355984718819,0.36790472,-0.039482057,-0.92902493,0.91081,-0.185916,0.36859256,-0.18727338,-0.9817721,-0.03243874
1355984718858,0.3028173,-0.025915742,-0.95269626,0.9379623,-0.16905537,0.30273283,-0.16890389,-0.98526585,-0.026884943
1355984718898,0.23868111,-0.015149504,-0.9709798,0.95765364,-0.1621311,0.23793492,-0.16103065,-0.98665285,-0.024189651
1355984718938,0.18069243,-0.009455681,-0.98349416,0.9690483,-0.16930866,0.17966616,-0.16821298,-0.98551774,-0.021429777
1355984718979,0.13226712,-0.0072170496,-0.9911878,0.9724482,-0.19271475,0.1311697,-0.19196317,-0.98122835,-0.018471658
1355984719018,0.09686971,-0.0066595376,-0.9952748,0.968745,-0.22880548,0.09581852,-0.22836247,-0.97344935,-0.015712917
1355984719058,0.07898468,-0.008965224,-0.9968355,0.9595281,-0.27046174,0.07846102,-0.2703093,-0.9626889,-0.012759924
1355984719098,0.083209455,-0.017104387,-0.99638534,0.946476,-0.31154728,0.08438966,-0.31186453,-0.9500767,-0.009734809
1355984719138,0.11235237,-0.032542646,-0.9931354,0.92996407,-0.34866035,0.116630614,-0.35006243,-0.93668395,-0.008909315
1355984719179,0.1643703,-0.050404936,-0.9851099,0.909094,-0.37982327,0.17112097,-0.38279304,-0.9236847,-0.01660879
1355984719219,0.22780442,-0.05348012,-0.9722371,0.8850553,-0.4048931,0.22964895,-0.40593374,-0.91279864,-0.044903576
1355984719259,0.28167284,-0.013437092,-0.9594164,0.8661355,-0.42669964,0.26026285,-0.41287982,-0.90429354,-0.10855135
1355984719299,0.30443266,0.090016216,-0.9482709,0.86540353,-0.44209215,0.23586255,-0.39799175,-0.89244133,-0.2124876
1355984719340,0.29083422,0.23767886,-0.92678165,0.88511646,-0.43464443,0.16629201,-0.3632964,-0.86867315,-0.33678293
1355984719380,0.2691053,0.36646774,-0.89066476,0.90732586,-0.40662906,0.10683003,-0.3230204,-0.8368716,-0.44193166
1355984719439,0.280796,0.42716098,-0.85946906,0.91389775,-0.3925318,0.10348776,-0.29316303,-0.81452584,-0.50060284
1355984719459,0.34337574,0.41124249,-0.84437716,0.8968996,-0.41034824,0.1648801,-0.27868298,-0.8139373,-0.5097469
1355984719499,0.43971926,0.33383116,-0.83378875,0.855067,-0.43963516,0.27492034,-0.27478588,-0.8338331,-0.47876412
1355984719539,0.5319782,0.2289517,-0.815218,0.80110466,-0.44793898,0.396966,-0.27428186,-0.8642522,-0.42170802
1355984719579,0.5957762,0.12972873,-0.792604,0.75554293,-0.42524764,0.4983165,-0.272407,-0.89573145,-0.35136807
1355984719619,0.6277228,0.05265808,-0.7766538,0.73111415,-0.38244385,0.56498563,-0.2672754,-0.922477,-0.2785678
1355984719764,0.63527197,-0.0029647052,-0.77228284,0.7276828,-0.33263206,0.5998613,-0.25866446,-0.943052,-0.20915446
1355984719765,0.62345386,-0.040257663,-0.780823,0.74169004,-0.2855388,0.60692954,-0.24738881,-0.9575212,-0.14816156
1355984719767,0.5963942,-0.063268244,-0.8001944,0.7672958,-0.24783248,0.5914695,-0.23573542,-0.96673477,-0.09926039
1355984719786,0.5599352,-0.06962076,-0.8256061,0.7996055,-0.21561414,0.5604834,-0.2170336,-0.9739936,-0.06506081
1355984719818,0.48606122,-0.06197852,-0.87172425,0.8505912,-0.1954071,0.48817095,-0.20059714,-0.9787619,-0.04226145
1355984719858,0.41187075,-0.048106134,-0.9099716,0.8919248,-0.18324593,0.4133898,-0.18663514,-0.98188937,-0.032566592
1355984719898,0.33601797,-0.03218755,-0.9413054,0.9247383,-0.17839807,0.33620426,-0.1787487,-0.9834318,-0.030179918
1355984719939,0.265147,-0.020055085,-0.9639994,0.9471061,-0.18204936,0.26428786,-0.18079576,-0.9830849,-0.029275566
1355984719981,0.20525351,-0.013354927,-0.97861767,0.9591161,-0.19632748,0.20384249,-0.19485188,-0.9804474,-0.027487934
1355984720019,0.16075313,-0.010923684,-0.9869342,0.9624656,-0.21980727,0.15920049,-0.21867439,-0.97548217,-0.024821043
1355984720059,0.13598317,-0.013073206,-0.99062496,0.95892334,-0.24952263,0.13492444,-0.2489472,-0.9682808,-0.02139473
1355984720099,0.13490212,-0.02134037,-0.9906291,0.94981444,-0.28198296,0.13541862,-0.28223038,-0.959182,-0.017770708
1355984720139,0.15885651,-0.036204904,-0.98663765,0.9351897,-0.3148573,0.16212678,-0.3165198,-0.9484483,-0.01615876
1355984720179,0.20441836,-0.05301702,-0.9774468,0.91429657,-0.3463562,0.20999786,-0.34967828,-0.93660367,-0.022328258
1355984720219,0.26090592,-0.056886137,-0.96368676,0.8888366,-0.3753745,0.26279947,-0.37669307,-0.92512596,-0.04737498
1355984720259,0.31066623,-0.022465974,-0.9502535,0.867048,-0.4029689,0.2929909,-0.389505,-0.91493785,-0.10570973
1355984720299,0.3358223,0.07133412,-0.9392203,0.8614045,-0.4266496,0.27559477,-0.38105866,-0.90159947,-0.20472597
1355984720339,0.33090115,0.21016505,-0.91996473,0.875234,-0.43282592,0.21593326,-0.35280293,-0.8766369,-0.32716623
1355984720380,0.31557253,0.33613515,-0.88737094,0.893687,-0.41962537,0.15886506,-0.31896326,-0.8431653,-0.43282187
1355984720440,0.32301986,0.39796045,-0.8586534,0.8987824,-0.4131443,0.14663592,-0.29639247,-0.81910884,-0.49113363
1355984720459,0.36734867,0.38583064,-0.8462799,0.883739,-0.4284346,0.18827948,-0.2899316,-0.81705475,-0.4983585
1355984720499,0.43537334,0.3164212,-0.84280944,0.85125524,-0.44933525,0.27103946,-0.29294136,-0.8354492,-0.46498376
1355984720539,0.49966645,0.22272372,-0.8370948,0.81414485,-0.45076293,0.36603415,-0.2958068,-0.86441135,-0.40656048
1355984720579,0.54231924,0.13582721,-0.8291205,0.78753126,-0.42600155,0.44532824,-0.29271898,-0.8944684,-0.33799702
1355984720619,0.5612277,0.0694564,-0.82474196,0.77794987,-0.38441166,0.49701267,-0.28251973,-0.92054516,-0.2697761
1355984720660,0.5610294,0.023310035,-0.82746756,0.7836864,-0.33690244,0.52185464,-0.26661143,-0.9412509,-0.20727989
1355984720699,0.5463933,-0.007576525,-0.8374945,0.8002494,-0.2902921,0.52472025,-0.24709359,-0.95690805,-0.15255058
1355984720739,0.51992124,-0.027072698,-0.85378504,0.82374,-0.24869865,0.5095109,-0.22612903,-0.9682025,-0.107002854
1355984720780,0.4835309,-0.03711468,-0.8745401,0.85104585,-0.21375838,0.4796127,-0.20474097,-0.97618127,-0.071772516
1355984720819,0.43764353,-0.038812816,-0.8983104,0.87998843,-0.18665928,0.43678215,-0.18463072,-0.98165774,-0.04753539
1355984720859,0.38482383,-0.03486988,-0.9223311,0.9074205,-0.16847697,0.38497218,-0.1688155,-0.9850886,-0.033192307
1355984720899,0.3282574,-0.029825807,-0.9441173,0.9306585,-0.16080639,0.32865804,-0.16162252,-0.98653525,-0.025028288
1355984720939,0.27241832,-0.027401507,-0.96178865,0.94751155,-0.16623032,0.27311036,-0.16736212,-0.9857061,-0.019320905
1355984720980,0.22143969,-0.027938545,-0.97477376,0.95654684,-0.18821695,0.22269368,-0.18969071,-0.98173,-0.014954209
1355984721019,0.17874861,-0.028820753,-0.9834725,0.95798707,-0.22277373,0.18064499,-0.22429818,-0.97444403,-0.012210548
1355984721059,0.1496824,-0.030492872,-0.98826385,0.951969,-0.26558518,0.15237981,-0.26711473,-0.9636051,-0.01072517
1355984721099,0.13969177,-0.035335094,-0.9895643,0.9401425,-0.30897963,0.1437481,-0.31083462,-0.950412,-0.009941846
1355984721139,0.15240514,-0.045704663,-0.9872608,0.9241084,-0.34759587,0.15874797,-0.35042325,-0.93652993,-0.010739386
1355984721179,0.18760055,-0.059595436,-0.98043585,0.90451384,-0.3786856,0.19609159,-0.3829631,-0.92360467,-0.017136738
1355984721219,0.23868924,-0.06541169,-0.9688904,0.8827111,-0.40126884,0.24454913,-0.40478194,-0.91362166,-0.038038895
1355984721259,0.29259473,-0.041428387,-0.95533866,0.8638328,-0.41701365,0.2826528,-0.4100991,-0.9079556,-0.08622879
1355984721299,0.33428386,0.03227228,-0.94191974,0.85608774,-0.4283794,0.28914514,-0.3941676,-0.9030225,-0.17082824
1355984721339,0.3542432,0.15126607,-0.9228382,0.8633863,-0.4320282,0.26060638,-0.3592712,-0.88908386,-0.28364414
1355984721379,0.35899547,0.2727469,-0.8925981,0.8771012,-0.42553923,0.22273275,-0.31908578,-0.8628589,-0.3919933
1355984721440,0.36864156,0.34897226,-0.86158097,0.88326126,-0.4203984,0.20764086,-0.28974637,-0.8375461,-0.46321002
1355984721460,0.39983848,0.36006224,-0.8429023,0.87362945,-0.4279326,0.23161441,-0.27730978,-0.82899266,-0.48566493
1355984721499,0.4507326,0.31332812,-0.83586216,0.8485273,-0.4411658,0.29218847,-0.27720293,-0.8409508,-0.46471524
1355984721539,0.5049365,0.23217401,-0.83134484,0.8158833,-0.44274974,0.37189656,-0.281733,-0.8660646,-0.4129874
1355984721579,0.5469056,0.14341104,-0.8248197,0.787026,-0.4239967,0.44812596,-0.2854546,-0.89423716,-0.3447544
1355984721620,0.5711446,0.06423387,-0.8183323,0.76947737,-0.3890406,0.50650966,-0.28582942,-0.91897845,-0.27162492
1355984721659,0.5786295,0.0018504262,-0.8155885,0.76523095,-0.3471786,0.54211503,-0.2821517,-0.93779725,-0.20230378
1355984721699,0.5731213,-0.043792307,-0.8182996,0.7721528,-0.30555004,0.55715287,-0.27443045,-0.9511684,-0.1413029
1355984721739,0.5569613,-0.0731006,-0.8273152,0.7878686,-0.2686756,0.55414504,-0.26278767,-0.960453,-0.09204829
1355984721779,0.53184354,-0.086378455,-0.8424258,0.80998236,-0.23841077,0.5358069,-0.24712554,-0.96731544,-0.056832224
1355984721820,0.49909407,-0.08361071,-0.86250466,0.8363297,-0.21407932,0.50470054,-0.22684282,-0.9732313,-0.036919564
1355984721859,0.45945016,-0.067721546,-0.8856181,0.864512,-0.19465986,0.46338582,-0.20377555,-0.97853017,-0.03089039
1355984721899,0.41575107,-0.04453042,-0.9083876,0.8911532,-0.17954507,0.4166648,-0.18165082,-0.98274136,-0.034962624
1355984721939,0.37174243,-0.023085535,-0.92804885,0.9132174,-0.17058927,0.37004495,-0.16685784,-0.9850718,-0.042333156
1355984721980,0.33209604,-0.010526568,-0.9431868,0.92837155,-0.17322886,0.3288129,-0.16684848,-0.9848253,-0.047756016
1355984722019,0.29960656,-0.0074023902,-0.95403415,0.93623245,-0.19014096,0.29549143,-0.18358833,-0.9817289,-0.050037146
1355984722059,0.27705777,-0.012427628,-0.96077293,0.9362067,-0.2215308,0.27283913,-0.21623152,-0.97507423,-0.049742013
1355984722099,0.2665144,-0.023818523,-0.96353656,0.9287543,-0.2608945,0.26334283,-0.2576539,-0.96507335,-0.047410548
1355984722139,0.27001512,-0.041192234,-0.9619745,0.9144947,-0.30168194,0.26960623,-0.301316,-0.95251834,-0.043788627
1355984722179,0.28844035,-0.06341326,-0.9553957,0.893826,-0.33995295,0.29241604,-0.34333262,-0.9383021,-0.04137577
1355984722219,0.31972986,-0.08429384,-0.9437517,0.86765647,-0.37416738,0.32736963,-0.3807164,-0.9235222,-0.046494365
1355984722259,0.3580123,-0.08866778,-0.92949736,0.83955157,-0.40509388,0.3620113,-0.4086324,-0.9099654,-0.07058744
1355984722299,0.3945259,-0.05469972,-0.9172553,0.81709045,-0.43578547,0.3774311,-0.4203719,-0.8983869,-0.12723406
1355984722339,0.41996196,0.0318726,-0.9069818,0.8090025,-0.46604237,0.35821694,-0.41127464,-0.8841881,-0.22150508
1355984722379,0.42765447,0.15839705,-0.8899562,0.81826687,-0.48620287,0.3066695,-0.38412374,-0.85937023,-0.33753788
1355984722446,0.42389292,0.27734688,-0.8622027,0.8343836,-0.4898765,0.25263613,-0.352305,-0.82649845,-0.43906885
1355984722458,0.4280429,0.34137365,-0.8368054,0.84110546,-0.4892183,0.23066652,-0.33063704,-0.8025768,-0.49653763
1355984722498,0.45311886,0.33656117,-0.8254756,0.8309616,-0.49474984,0.2544119,-0.32277873,-0.8012173,-0.50384986
1355984722538,0.49350625,0.2785002,-0.8239473,0.80791664,-0.49758822,0.31571618,-0.32205948,-0.82148874,-0.47056782
1355984722578,0.53487045,0.19367978,-0.82243645,0.78187,-0.48244524,0.3948746,-0.3203013,-0.8542452,-0.40947813
1355984722619,0.5653983,0.10939136,-0.8175318,0.76326704,-0.4450915,0.4683129,-0.31264707,-0.88877845,-0.33514875
1355984722659,0.58202183,0.04050955,-0.8121635,0.7565466,-0.3931584,0.5225549,-0.2981404,-0.9185779,-0.25947416
1355984722699,0.5863105,-0.009529591,-0.81003034,0.7608656,-0.336759,0.5546862,-0.27807093,-0.9415426,-0.19019459
1355984722739,0.5804162,-0.042510033,-0.8132096,0.77343035,-0.2836931,0.56685424,-0.25479895,-0.9579724,-0.13178152
1355984722779,0.565953,-0.061424226,-0.82214606,0.79160523,-0.23813209,0.5627204,-0.23034403,-0.96928847,-0.08614783
1355984722820,0.5433775,-0.068265796,-0.8367082,0.8137887,-0.2018927,0.5449652,-0.2061278,-0.97702557,-0.054149985
1355984722859,0.5126257,-0.064661354,-0.8561739,0.8387276,-0.17564765,0.5154455,-0.18371436,-0.9823272,-0.03580825
1355984722904,0.4742133,-0.052867472,-0.87882125,0.8647493,-0.15946692,0.4762132,-0.16531909,-0.9857867,-0.029904231
1355984722938,0.4294833,-0.039454848,-0.90221256,0.8898059,-0.15214121,0.43023068,-0.1542384,-0.98757094,-0.030234948
1355984722978,0.38433802,-0.03041768,-0.9226912,0.9102157,-0.15450257,0.38423488,-0.15424564,-0.98752403,-0.03169459
1355984723018,0.34171987,-0.0283494,-0.93937415,0.9246678,-0.16851562,0.34145564,-0.1679793,-0.9852912,-0.031371325
1355984723058,0.3057502,-0.032418042,-0.95155966,0.9318948,-0.19467163,0.30606368,-0.1951637,-0.9803326,-0.029310644
1355984723099,0.28082252,-0.040840745,-0.9588903,0.9315119,-0.2290116,0.28255838,-0.23113692,-0.97256655,-0.026267946
1355984723139,0.2717317,-0.053135127,-0.96090513,0.9238279,-0.26534948,0.27591977,-0.2696367,-0.962687,-0.02301617
1355984723179,0.2825987,-0.06981033,-0.9566946,0.90900016,-0.29904255,0.29033148,-0.30636048,-0.9516828,-0.021051466
1355984723219,0.31488016,-0.09008235,-0.944847,0.8863277,-0.32819387,0.32666823,-0.33952,-0.94030523,-0.02349928
1355984723259,0.36464363,-0.10719627,-0.92495626,0.85572606,-0.35305315,0.37826765,-0.36710757,-0.92944205,-0.037007958
1355984723299,0.42058212,-0.10374394,-0.9013034,0.82195556,-0.37696946,0.42694625,-0.38405693,-0.9203973,-0.0732737
1355984723339,0.46658492,-0.05603841,-0.88269943,0.7972621,-0.4054824,0.44716585,-0.38297755,-0.91238356,-0.1445147
1355984723379,0.48826835,0.047015876,-0.8714262,0.795092,-0.43560126,0.4219957,-0.35975388,-0.89891106,-0.25007224
1355984723443,0.48586962,0.17666906,-0.85598993,0.812369,-0.45261154,0.36769468,-0.32247066,-0.87403136,-0.36343068
1355984723574,0.48378173,0.27411476,-0.8311536,0.82555807,-0.4581937,0.32941225,-0.29053253,-0.8455292,-0.44796342
1355984723577,0.5117508,0.29970875,-0.80516195,0.8127891,-0.472542,0.3407023,-0.27836135,-0.8287815,-0.48542374
1355984723578,0.5577799,0.27826038,-0.7819544,0.781747,-0.4926474,0.38232213,-0.2788427,-0.8245421,-0.49231803
1355984723580,0.6502754,0.15303144,-0.7441258,0.6986948,-0.5050444,0.5067106,-0.29827386,-0.84941834,-0.43534026
1355984723618,0.7057747,0.048223615,-0.70679307,0.6372497,-0.47908968,0.6036438,-0.30950737,-0.8764403,-0.3688599
1355984723658,0.73059916,-0.018815786,-0.68254733,0.6103939,-0.4300021,0.66521996,-0.30601344,-0.9026318,-0.30267414
1355984723699,0.732121,-0.05084455,-0.67927444,0.6167506,-0.37384927,0.692716,-0.28916708,-0.9260948,-0.2423445
1355984723740,0.71624076,-0.05989164,-0.6952785,0.646235,-0.31912768,0.69320846,-0.26339996,-0.9458175,-0.18986821
1355984723779,0.6852173,-0.05595717,-0.726186,0.68977165,-0.27028674,0.6716846,-0.23386396,-0.96115243,-0.14660752
1355984723820,0.64049506,-0.044983268,-0.7666437,0.7403879,-0.22893497,0.6319925,-0.20394063,-0.9724018,-0.113326676
1355984723859,0.5826645,-0.030469984,-0.81214136,0.79332554,-0.19564232,0.5765054,-0.17645538,-0.98020184,-0.08982119
1355984723900,0.51434743,-0.016242951,-0.8574281,0.8434907,-0.1709201,0.50922465,-0.15482298,-0.98515105,-0.07421154
1355984723939,0.44040298,-0.006780416,-0.89777464,0.88624835,-0.15661293,0.43593156,-0.14355892,-0.9876368,-0.062963665
1355984723979,0.36809534,-0.005206108,-0.92977345,0.91797733,-0.15684569,0.36430347,-0.14772758,-0.9876094,-0.05295509
1355984724020,0.3026443,-0.010483056,-0.95304596,0.9376873,-0.17584598,0.2997014,-0.17073107,-0.98436195,-0.043388993
1355984724061,0.24845913,-0.019067168,-0.9684547,0.94541866,-0.21284506,0.24673972,-0.21083549,-0.97689986,-0.034856796
1355984724099,0.21061707,-0.028671354,-0.97714806,0.9426979,-0.2586354,0.21078044,-0.2587684,-0.9655494,-0.027444601
1355984724139,0.19533974,-0.04203427,-0.97983444,0.9310053,-0.30615658,0.19873911,-0.30833662,-0.9510527,-0.020670414
1355984724179,0.20962214,-0.06357002,-0.9757138,0.9113205,-0.34891784,0.2185207,-0.35433525,-0.93499476,-0.015208259
1355984724219,0.2561555,-0.095268935,-0.9619294,0.8824942,-0.38302654,0.27293715,-0.3944469,-0.91881144,-0.014040068
1355984724259,0.32855034,-0.12944275,-0.9355743,0.84275836,-0.40701914,0.35226947,-0.42639533,-0.9042013,-0.024637327
1355984724299,0.40577424,-0.14142841,-0.90296465,0.79799217,-0.4268431,0.42545673,-0.44559592,-0.89319813,-0.060343184
1355984724339,0.45803457,-0.09631339,-0.8837013,0.7689682,-0.45581168,0.44824505,-0.4459734,-0.8848499,-0.13471559
1355984724379,0.46026358,0.026832521,-0.8873767,0.780155,-0.48925522,0.38985577,-0.42369288,-0.8717278,-0.24611989
1355984724443,0.41626015,0.1922133,-0.88869655,0.8237053,-0.4935936,0.27906087,-0.38501573,-0.848186,-0.36379045
1355984724459,0.38042518,0.31385317,-0.8699269,0.8574165,-0.4722071,0.20459089,-0.3465742,-0.8237212,-0.4487424
1355984724499,0.41065323,0.34096202,-0.845641,0.85341656,-0.47024858,0.22482514,-0.32100472,-0.8140093,-0.48409173
1355984724539,0.50520253,0.28032959,-0.81620204,0.8059852,-0.49132717,0.3301293,-0.3084772,-0.82462895,-0.47416127
1355984724579,0.6102129,0.17577854,-0.77249086,0.7324182,-0.49686563,0.46549773,-0.30199966,-0.8498391,-0.43193722
1355984724619,0.6824401,0.07769096,-0.7268009,0.6685501,-0.46831828,0.577684,-0.29549333,-0.8801375,-0.37153947
1355984724660,0.7178944,0.006489545,-0.6961218,0.63440526,-0.4178177,0.6503525,-0.28663152,-0.9085077,-0.304066
1355984724699,0.7260021,-0.039559305,-0.6865538,0.62997985,-0.36207837,0.68704057,-0.27576506,-0.9313079,-0.23794812
1355984724740,0.7151966,-0.06879181,-0.6955296,0.6471925,-0.31054372,0.69620717,-0.2638857,-0.9480666,-0.17757827
1355984724779,0.6877813,-0.08560869,-0.72085226,0.68076515,-0.26869,0.681443,-0.25202322,-0.95941484,-0.12652054
1355984724819,0.6446049,-0.09185004,-0.75897825,0.7258283,-0.23828146,0.6452869,-0.24012011,-0.966843,-0.086930014
1355984724859,0.58364195,-0.08670059,-0.80736923,0.77955294,-0.21847987,0.58699554,-0.22728679,-0.9719823,-0.059926346
1355984724899,0.504428,-0.07089281,-0.8605385,0.83659506,-0.20651338,0.5074059,-0.2136842,-0.97587204,-0.04486251
1355984724939,0.41145945,-0.04929766,-0.9100939,0.8886572,-0.20010895,0.41260722,-0.2024585,-0.9785327,-0.03852801
1355984724979,0.3148547,-0.0292072,-0.9486904,0.9280791,-0.19991753,0.31416905,-0.19883582,-0.9793774,-0.035838425
1355984725019,0.22556987,-0.015020579,-0.9741112,0.951916,-0.20936283,0.22365862,-0.20730212,-0.9777227,-0.032927632
1355984725059,0.15096956,-0.006135881,-0.9885193,0.96163225,-0.23080671,0.14829591,-0.22906682,-0.97298026,-0.028944314
1355984725099,0.09650147,-9.211004E-4,-0.99533236,0.960521,-0.2620718,0.09336886,-0.2609346,-0.96504784,-0.02440551
1355984725139,0.068644404,-8.763075E-4,-0.99764085,0.95231456,-0.2979412,0.065787375,-0.29729596,-0.9545838,-0.019617438
1355984725179,0.07452142,-0.010191679,-0.99716735,0.9397859,-0.33373487,0.0736441,-0.33354008,-0.9426119,-0.015292406
1355984725219,0.11902851,-0.032042116,-0.9923737,0.9224409,-0.36620402,0.12246466,-0.36733523,-0.9299828,-0.014031798
1355984725259,0.19867069,-0.062161982,-0.9780929,0.8960754,-0.39269918,0.20696893,-0.3969619,-0.9175638,-0.022315994
1355984725299,0.29287422,-0.08075997,-0.95273423,0.85946846,-0.41438556,0.29932997,-0.4189732,-0.90651107,-0.05195214
1355984725339,0.36293182,-0.051552653,-0.93038857,0.82772726,-0.44073364,0.34730604,-0.42795804,-0.89615643,-0.11728473
1355984725379,0.3662117,0.062360197,-0.9284396,0.8309593,-0.47097212,0.29612812,-0.4188026,-0.8799411,-0.22429429
1355984725444,0.27781278,0.25847128,-0.9252095,0.8772607,-0.46072596,0.13470441,-0.3914508,-0.8490725,-0.3547423
1355984725460,0.15341353,0.44324064,-0.88317716,0.9217268,-0.38636452,-0.03379512,-0.3562077,-0.8088635,-0.46782035
1355984725499,0.113018304,0.5280201,-0.8416779,0.9380638,-0.3359293,-0.084781826,-0.3275107,-0.77996564,-0.5332827
1355984725540,0.22134838,0.5000242,-0.8372458,0.9240581,-0.38190797,0.01621452,-0.3116432,-0.7772529,-0.54658616
1355984725579,0.44377574,0.36079317,-0.82029957,0.84258133,-0.47969535,0.24484506,-0.30515546,-0.79982543,-0.5168747
1355984725620,0.6424962,0.17601448,-0.7457999,0.7044989,-0.5185671,0.4845302,-0.30146292,-0.83672404,-0.45717943
1355984725659,0.74631274,0.038592994,-0.6644756,0.59614044,-0.48276913,0.641522,-0.2960301,-0.8748968,-0.3833036
1355984725699,0.78924805,-0.0428894,-0.61257493,0.5428796,-0.4174962,0.7286828,-0.28700045,-0.9076659,-0.3062243
1355984725739,0.8011602,-0.08660926,-0.5921496,0.532049,-0.34991872,0.77102584,-0.27398223,-0.9327678,-0.23426059
1355984725779,0.7955756,-0.10723451,-0.5962887,0.5484946,-0.29053253,0.7840564,-0.25731915,-0.95083725,-0.17232305
1355984725819,0.7771419,-0.11300695,-0.6190959,0.58268607,-0.24244402,0.7756918,-0.23775469,-0.96356124,-0.122565836
1355984725859,0.7467071,-0.1088022,-0.65619403,0.6288545,-0.20596445,0.74974704,-0.21672678,-0.972492,-0.08537435
1355984725899,0.7042607,-0.097667456,-0.70319116,0.68232876,-0.18043678,0.7084278,-0.19607195,-0.97872543,-0.060433187
1355984725939,0.6499974,-0.08283594,-0.7554082,0.738462,-0.16579022,0.6535959,-0.17938048,-0.9826759,-0.04659205
1355984725979,0.5880042,-0.06910318,-0.8059006,0.7905284,-0.16180891,0.59066284,-0.17121866,-0.98439956,-0.040516242
1355984726019,0.526201,-0.061270744,-0.8481499,0.83217967,-0.16803768,0.528432,-0.1748986,-0.98387456,-0.037433326
1355984726059,0.47328246,-0.06138292,-0.8787695,0.8598957,-0.18440408,0.4759984,-0.1912668,-0.9809319,-0.0344923
1355984726099,0.43614078,-0.06852004,-0.897266,0.87295437,-0.20986366,0.44034982,-0.21847624,-0.9753268,-0.03171526
1355984726139,0.42141074,-0.08230534,-0.9031272,0.87100005,-0.24058151,0.42834488,-0.25253078,-0.96713305,-0.029695675
1355984726179,0.43645492,-0.10525778,-0.893548,0.8521097,-0.27044526,0.44807214,-0.28881887,-0.9569641,-0.028346017
1355984726219,0.486077,-0.14111152,-0.86244804,0.81164515,-0.29296005,0.50537777,-0.3239774,-0.9456543,-0.027868688
1355984726259,0.5654733,-0.18944186,-0.8027152,0.7439457,-0.3030207,0.5955865,-0.35606825,-0.9339648,-0.030415654
1355984726299,0.6551162,-0.23939295,-0.7165987,0.65122324,-0.30195907,0.69622475,-0.3830548,-0.9227739,-0.04192001
1355984726340,0.73016864,-0.2699765,-0.6276674,0.55330664,-0.30533636,0.77499765,-0.4008809,-0.9131716,-0.07356721
1355984726381,0.78010076,-0.26258162,-0.5678853,0.47747084,-0.3366903,0.81157947,-0.40430734,-0.9042624,-0.1372773
1355984726442,0.8032144,-0.19973662,-0.56120574,0.45125505,-0.41098732,0.79212266,-0.38886434,-0.88949126,-0.23997876
1355984726459,0.7997102,-0.08139491,-0.5948432,0.48197067,-0.5037526,0.7168944,-0.35800534,-0.8600048,-0.36362615
1355984726499,0.7791775,0.048648417,-0.6249126,0.535659,-0.56942004,0.6235625,-0.32550243,-0.82060593,-0.46973825
1355984726539,0.7832683,0.10662238,-0.6124724,0.54117805,-0.6018087,0.5873265,-0.30596906,-0.7914909,-0.52907944
1355984726579,0.82339895,0.06889029,-0.5632658,0.4803393,-0.6131152,0.62718725,-0.30213976,-0.78698397,-0.53792906
1355984726619,0.86038494,-0.007546827,-0.50958884,0.40687358,-0.59195966,0.6957282,-0.30690658,-0.8059323,-0.5062426
1355984726659,0.8753805,-0.070188746,-0.47831213,0.3694207,-0.54107326,0.7554919,-0.3118289,-0.83804137,-0.44771582
1355984726699,0.873814,-0.10854475,-0.47399068,0.37294078,-0.47590733,0.7965095,-0.31203252,-0.8727716,-0.37537372
1355984726739,0.8614214,-0.12882718,-0.49128067,0.40534028,-0.40845644,0.8178401,-0.30602682,-0.90364087,-0.29963428
1355984726780,0.84013003,-0.13734347,-0.52470785,0.45578378,-0.34563303,0.8202433,-0.2940114,-0.9282643,-0.22777778
1355984726819,0.8098413,-0.1377835,-0.5702393,0.51722574,-0.29098856,0.8048623,-0.2768298,-0.9467531,-0.1643894
1355984726859,0.76939934,-0.13167383,-0.6250493,0.58527994,-0.24665157,0.77240556,-0.25587505,-0.96011716,-0.112707496
1355984726900,0.71773547,-0.11929926,-0.6860201,0.65629065,-0.21331234,0.7237267,-0.23267663,-0.96967286,-0.07480683
1355984726940,0.6541183,-0.10080257,-0.74964523,0.7268292,-0.19060609,0.65983987,-0.20940053,-0.9764774,-0.05141268
1355984726979,0.57985663,-0.078297704,-0.8109474,0.7924473,-0.17693943,0.583712,-0.18919191,-0.98110235,-0.04055269
1355984727019,0.49988824,-0.056762397,-0.8642278,0.848103,-0.17022508,0.50174165,-0.17559335,-0.98376894,-0.036953107
1355984727059,0.42191085,-0.042101383,-0.90565926,0.890151,-0.17039451,0.42260727,-0.17211169,-0.9844761,-0.034414724
