1355984830770,0.7019184,0.3735975,-0.6064119,0.5768413,0.20125061,0.7916769,0.41780922,-0.905496,-0.074244946
1355984830772,0.012597337,0.08748123,-0.9960865,0.9084482,0.4152373,0.04795721,0.41780767,-0.9054971,-0.07424128
1355984830806,0.012551099,0.08744788,-0.99609,0.90845156,0.41523632,0.047900856,0.41780156,-0.90550077,-0.07423049
1355984830835,0.012156561,0.08723843,-0.9961132,0.90846,0.41526896,0.04745552,0.4177948,-0.905506,-0.074204326
1355984830870,0.011194006,0.0867036,-0.99617124,0.9084713,0.41536802,0.04636082,0.41779733,-0.905512,-0.07411808
1355984830908,0.009209484,0.08545181,-0.99629974,0.9084749,0.41561213,0.044044375,0.4178379,-0.90551895,-0.073803246
1355984830948,0.0036885738,0.08227193,-0.99660313,0.9084756,0.416232,0.037723333,0.4179217,-0.90552866,-0.07320678
1355984830991,-0.005457163,0.07711643,-0.9970072,0.9084098,0.41718888,0.027296484,0.41804534,-0.9055421,-0.07233
1355984831029,-0.018093437,0.07009968,-0.99737597,0.9081814,0.41837713,0.012929946,0.41818562,-0.9055643,-0.071233094
1355984831069,-0.032998234,0.061776757,-0.9975444,0.9077222,0.4195523,-0.004044533,0.41827217,-0.9056266,-0.06992066
1355984831110,-0.04859537,0.05290419,-0.9974165,0.9070645,0.42042196,-0.02189362,0.41817752,-0.905785,-0.068418086
1355984831150,-0.06399098,0.04420972,-0.9969708,0.90630674,0.42076936,-0.03951302,0.41774788,-0.9060898,-0.06699306
1355984831189,-0.078860074,0.03633496,-0.9962232,0.90550184,0.4205856,-0.056338787,0.41695008,-0.90652496,-0.06606877
1355984831229,-0.09237552,0.029889673,-0.9952755,0.90476847,0.41988218,-0.071365446,0.41576537,-0.90708625,-0.06583011
1355984831271,-0.103610665,0.024971247,-0.9943044,0.904186,0.4188579,-0.0837006,0.4143822,-0.9077084,-0.06597686
1355984831308,-0.111395895,0.021437168,-0.9935449,0.90385085,0.4177674,-0.09232551,0.41309148,-0.90830106,-0.06591362
1355984831349,-0.114994556,0.01896435,-0.99318504,0.9038187,0.41684905,-0.09668791,0.41217458,-0.90877783,-0.065075696
1355984831389,-0.114340186,0.017204344,-0.9932927,0.9040847,0.41623157,-0.09686193,0.41177332,-0.9090959,-0.063146174
1355984831430,-0.10991925,0.01592061,-0.99381304,0.9045936,0.4159196,-0.09338835,0.4118595,-0.90926206,-0.06011927
1355984831470,-0.10291484,0.015137047,-0.99457496,0.9052323,0.41584364,-0.08734104,0.4122656,-0.9093101,-0.056499064
1355984831508,-0.09494552,0.015027106,-0.995369,0.90585244,0.4159458,-0.08012724,0.4128155,-0.9092652,-0.05310452
1355984831549,-0.08784133,0.01583001,-0.9960087,0.9063165,0.4161911,-0.073316365,0.41336936,-0.9091394,-0.050905764
1355984831589,-0.083066255,0.017544627,-0.9963896,0.9065187,0.41661415,-0.06823814,0.4139128,-0.9089141,-0.05051112
1355984831629,-0.08136618,0.019879282,-0.996486,0.9063818,0.4173221,-0.06568354,0.4145499,-0.9085412,-0.051974118
1355984831669,-0.08298206,0.022409827,-0.996299,0.90585685,0.4184044,-0.06603792,0.41537598,-0.90798426,-0.055020154
1355984831709,-0.08769861,0.02478677,-0.99583864,0.90494186,0.4198638,-0.06924322,0.41640022,-0.9072486,-0.059252024
1355984831749,-0.09480697,0.026830018,-0.9951341,0.90368366,0.4216299,-0.07472679,0.41757336,-0.906371,-0.064219296
1355984831809,-0.103361845,0.028551698,-0.99423397,0.90219665,0.42352998,-0.081630886,0.4187572,-0.90543205,-0.06953609
1355984831829,-0.112373084,0.03020528,-0.99320686,0.90069616,0.4252412,-0.08897391,0.41966498,-0.9045758,-0.074991405
1355984831869,-0.12066561,0.032339662,-0.9921663,0.89947426,0.42641187,-0.095493644,0.41998324,-0.9039508,-0.08054191
1355984831909,-0.12668726,0.035768002,-0.9912975,0.89880526,0.42691454,-0.099462956,0.4196417,-0.90358424,-0.08623308
1355984831950,-0.12838721,0.041420907,-0.9908587,0.8988663,0.42698205,-0.09861851,0.41899404,-0.9033109,-0.09205091
1355984831988,-0.123796344,0.05004549,-0.9910449,0.8996684,0.42702323,-0.090818316,0.4186541,-0.9028547,-0.09788829
1355984832031,-0.11207339,0.06200096,-0.99176383,0.90092766,0.42742398,-0.075087786,0.4192481,-0.90192276,-0.103761196
1355984832070,-0.09435034,0.07729298,-0.99253404,0.90196663,0.42861915,-0.05236253,0.42137182,-0.90017307,-0.11015606
1355984832112,-0.07408142,0.095553994,-0.9926638,0.9018372,0.4313059,-0.025785536,0.42567784,-0.89713144,-0.118125916
1355984832150,-0.055318058,0.116273105,-0.9916756,0.89983827,0.4362226,9.5155835E-4,0.43270195,-0.892295,-0.12875795
1355984832191,-0.040969715,0.13878745,-0.98947436,0.8958693,0.44360662,0.025128007,0.44242483,-0.8854102,-0.14250982
1355984832231,-0.032246515,0.162473,-0.9861859,0.89025486,0.45317924,0.04555103,0.4543198,-0.876488,-0.1592558
1355984832271,-0.025363311,0.18677765,-0.98207474,0.88407975,0.46276826,0.065179944,0.46664718,-0.86657923,-0.17686373
1355984832311,-0.0212145,0.21090105,-0.97727716,0.8773531,0.47262162,0.082948625,0.4793763,-0.8556574,-0.19506115
1355984832351,-0.016124263,0.23553106,-0.9717331,0.87050223,0.48142684,0.10224491,0.49190024,-0.8442472,-0.212793
1355984832391,-0.01305753,0.26017904,-0.9654721,0.8631203,0.49041468,0.120485544,0.5048295,-0.8317454,-0.23096943
1355984832431,-0.013747275,0.28539696,-0.95831084,0.854746,0.5006816,0.13684765,0.5188645,-0.81723106,-0.25082493
1355984832471,-0.021987796,0.31099588,-0.95015687,0.8445763,0.51434225,0.14880484,0.53498346,-0.7992081,-0.273969
1355984832510,-0.042057574,0.33619654,-0.94085234,0.8314624,0.53392076,0.15361926,0.55398685,-0.7758225,-0.3019902
1355984832549,-0.07642534,0.35944402,-0.93003184,0.81449175,0.5605279,0.14970523,0.57511944,-0.746062,-0.33560276
1355984832592,-0.124892294,0.37854105,-0.9171196,0.79360384,0.5928923,0.13664415,0.59547853,-0.71076393,-0.37445933
1355984832630,-0.17875803,0.39188504,-0.90248084,0.7717178,0.6248341,0.118465066,0.6103256,-0.67528397,-0.41411883
1355984832672,-0.22346827,0.4000504,-0.8888316,0.75515413,0.6476221,0.1016261,0.6162826,-0.64849466,-0.4468227
1355984832710,-0.24406362,0.4063267,-0.88052917,0.7517616,0.6528591,0.092894584,0.612607,-0.6392758,-0.4648
1355984832751,-0.22922543,0.41456574,-0.8806764,0.76603395,0.63504434,0.099552065,0.60053945,-0.65180814,-0.46313977
1355984832813,-0.17014223,0.4263445,-0.88841534,0.7952684,0.5917822,0.13168874,0.5818932,-0.6841229,-0.4397455
1355984832832,-0.071456194,0.4373582,-0.8964439,0.82557076,0.5302984,0.19291583,0.5597561,-0.72629285,-0.39896327
1355984832871,0.05649492,0.4405688,-0.89593947,0.8424181,0.46059558,0.27961314,0.5358546,-0.7705523,-0.34512186
1355984832911,0.1811533,0.42892784,-0.8849884,0.83937436,0.40149224,0.3664078,0.5124785,-0.8092125,-0.2872994
1355984832951,0.28586414,0.40370697,-0.8690814,0.8230006,0.36113736,0.43846297,0.49086833,-0.84059536,-0.22901481
1355984832991,0.35656515,0.36775377,-0.85884714,0.8060005,0.34379706,0.48183697,0.47246647,-0.86403745,-0.17382365
1355984833031,0.39119515,0.32545167,-0.8608413,0.7978248,0.34632626,0.49349135,0.45873955,-0.8798519,-0.12417227
1355984833070,0.39256716,0.27965266,-0.8761766,0.80151623,0.36319476,0.47503817,0.4510685,-0.8887541,-0.081567824
1355984833109,0.3639389,0.23156339,-0.902179,0.81542355,0.38890502,0.42876256,0.45014766,-0.89170134,-0.047284603
1355984833151,0.30992705,0.18266836,-0.9330475,0.83416045,0.4186476,0.35904127,0.45620352,-0.8895878,-0.022624493
1355984833191,0.2354127,0.13407594,-0.962603,0.85195017,0.44817567,0.27077565,0.46771976,-0.88383377,-0.008719802
1355984833232,0.15087973,0.08820072,-0.9846096,0.863466,0.4731862,0.17470366,0.48131266,-0.8765361,-0.0047641397
1355984833270,0.069756255,0.04780218,-0.9964181,0.86786366,0.48960757,0.084245,0.49188098,-0.8706317,-0.0073325634
1355984833311,0.002809018,0.015714258,-0.9998727,0.8692727,0.49422744,0.01020956,0.49432495,-0.86919063,-0.012271702
1355984833352,-0.047866285,-0.004998982,-0.9988413,0.8736627,0.4845118,-0.04429239,0.48417178,-0.87477046,-0.018824339
1355984833391,-0.0779424,-0.011333764,-0.9968934,0.8817127,0.46591,-0.07423395,0.4653039,-0.88475955,-0.026320994
1355984833431,-0.08868411,-0.0041712523,-0.9960511,0.8939824,0.44063905,-0.08144161,0.43923876,-0.8976747,-0.035348713
1355984833470,-0.06616649,0.019660085,-0.99761486,0.9085034,0.41461864,-0.05208528,0.41260573,-0.9097828,-0.04529512
1355984833513,-0.014110327,0.0578717,-0.99822426,0.9218917,0.3873331,0.00942418,0.38719067,-0.92012167,-0.05881685
1355984833551,0.085084334,0.116686314,-0.98951757,0.92650104,0.3560837,0.12165609,0.36654666,-0.9271401,-0.07781285
1355984833590,0.18562691,0.18733376,-0.96459776,0.9158426,0.3227222,0.23892018,0.35605496,-0.92776966,-0.11166233
1355984833631,0.25558668,0.27188358,-0.9277687,0.89619505,0.29333425,0.33285043,0.36264288,-0.9165338,-0.16868836
1355984833669,0.2523169,0.3638757,-0.8966218,0.88638026,0.28478026,0.36500716,0.3881575,-0.88684535,-0.2506774
1355984833712,0.18421513,0.45157254,-0.87301034,0.886745,0.30677295,0.34579432,0.42396718,-0.83783805,-0.34391743
1355984833769,0.12692207,0.5252455,-0.8414321,0.8809758,0.33012974,0.3389631,0.45582056,-0.78430325,-0.4208278
1355984833836,0.1564694,0.58791673,-0.79364425,0.8653699,0.3057168,0.3970796,0.47608012,-0.74892664,-0.4609301
1355984833837,0.29880792,0.6343383,-0.7129717,0.82210857,0.20828682,0.52986234,0.4846146,-0.7444672,-0.45925725
1355984833855,0.45502162,0.647962,-0.6108196,0.7455294,0.09791505,0.65924084,0.4869714,-0.75535285,-0.43852127
1355984833889,0.6005845,0.6275874,-0.49541128,0.6368578,-8.5145235E-4,0.7709808,0.48343605,-0.7785457,-0.4001953
1355984833915,0.7112608,0.58526284,-0.38932708,0.51870924,-0.06320742,0.85261106,0.47439322,-0.8083763,-0.3485382
1355984833957,0.79406226,0.5299512,-0.29768583,0.3990934,-0.08516592,0.91294646,0.4584644,-0.8437408,-0.27912706
1355984834000,0.840657,0.4818644,-0.24718916,0.31492984,-0.06363824,0.9469791,0.44058484,-0.8739318,-0.20525141
1355984834038,0.86132157,0.4484699,-0.23874654,0.27621016,-0.018934786,0.9609108,0.42641896,-0.89359736,-0.1401809
1355984834079,0.8658931,0.42679197,-0.26091707,0.27317482,0.03350675,0.96138066,0.41905206,-0.9037289,-0.087575555
1355984834119,0.85633606,0.41238838,-0.31084478,0.30195516,0.08846393,0.9492088,0.4189412,-0.9067028,-0.04876794
1355984834161,0.831622,0.40105125,-0.38413897,0.35682032,0.14415658,0.92298335,0.42553976,-0.9046418,-0.023219466
1355984834199,0.7879914,0.3901639,-0.476279,0.43173838,0.20134434,0.8792397,0.43894365,-0.8984612,-0.009791106
1355984834241,0.72225153,0.37645224,-0.5802038,0.5182036,0.26104444,0.81444514,0.45805869,-0.8888979,-0.006539166
1355984834282,0.6387519,0.35612616,-0.68203384,0.6024,0.3199801,0.7312503,0.47865465,-0.8779447,-0.010142505
1355984834321,0.5518368,0.3276855,-0.76687574,0.6721852,0.36950386,0.64158714,0.49360237,-0.8695339,-0.016359508
1355984834361,0.47695807,0.29432333,-0.82818156,0.7254143,0.40021315,0.56000316,0.4962712,-0.8678727,-0.022621483
1355984834402,0.42120326,0.26188207,-0.86833495,0.76705253,0.40801722,0.49512857,0.48396093,-0.87460834,-0.029019177
1355984834441,0.3850114,0.23610094,-0.89220095,0.80008817,0.3964791,0.45018125,0.46002725,-0.88716435,-0.036252618
1355984834483,0.37010553,0.22024119,-0.9025052,0.8244804,0.36979422,0.4283506,0.4280817,-0.90263283,-0.044721663
1355984834522,0.38074604,0.2165524,-0.89896464,0.8361503,0.3344786,0.43471456,0.39482287,-0.9171854,-0.053718984
1355984834561,0.4144336,0.22267684,-0.882417,0.83526754,0.29191583,0.46595407,0.3613487,-0.93016136,-0.06501502
1355984834600,0.4694015,0.23974779,-0.84981364,0.81824386,0.24362609,0.52069503,0.33187228,-0.9397698,-0.08181372
1355984834641,0.51371205,0.26950946,-0.81453335,0.7986429,0.19666812,0.56876296,0.31347978,-0.94270164,-0.11421105
1355984834686,0.5303444,0.3175514,-0.78606355,0.78817916,0.15683168,0.5951282,0.3122635,-0.93518174,-0.16711259
1355984834719,0.48798227,0.3864685,-0.78263366,0.8074001,0.14080715,0.5729558,0.33162978,-0.91149074,-0.24332333
1355984834759,0.40445057,0.46230102,-0.78911185,0.84000576,0.15344074,0.52042884,0.3616767,-0.87334627,-0.3262763
1355984834810,0.33016825,0.52212703,-0.7863666,0.86113787,0.17455721,0.4774636,0.38656262,-0.83481324,-0.39199007
1355984834829,0.3206688,0.55474746,-0.7677414,0.85829675,0.17264447,0.4832397,0.4006223,-0.8139098,-0.42077625
1355984834869,0.38692915,0.55953526,-0.73294353,0.82861066,0.13777065,0.54260814,0.40458652,-0.81727576,-0.41032934
1355984834909,0.49436763,0.5377889,-0.68292296,0.77049464,0.092603415,0.63068426,0.40241602,-0.83797836,-0.36858338
1355984834949,0.5953647,0.49868074,-0.629967,0.6980964,0.06708264,0.7128543,0.39774656,-0.864186,-0.30818856
1355984834989,0.66468,0.45639175,-0.59152937,0.6351536,0.07173705,0.7690472,0.39342138,-0.88688236,-0.24219668
1355984835029,0.70153785,0.4193197,-0.57620794,0.5952986,0.09965351,0.7973009,0.39174506,-0.9023525,-0.17970967
1355984835069,0.7117977,0.38928562,-0.5846372,0.58120334,0.14093673,0.8014608,0.39439404,-0.9102711,-0.12593564
1355984835110,0.69977003,0.36510542,-0.6140196,0.590393,0.18834001,0.78483385,0.40219158,-0.91171604,-0.08376101
1355984835151,0.6661977,0.34520102,-0.6610726,0.61902136,0.23840937,0.7483137,0.41592455,-0.9077429,-0.054859012
1355984835190,0.6118637,0.32628554,-0.7205279,0.6611278,0.2890988,0.69233793,0.4342036,-0.8999775,-0.03882739
1355984835232,0.5384024,0.30820882,-0.78430235,0.7078767,0.33954567,0.6193701,0.45720184,-0.8886597,-0.035361648
1355984835270,0.45684752,0.286425,-0.8421704,0.7496232,0.38574246,0.5378362,0.47891062,-0.87701964,-0.038485378
1355984835312,0.38363668,0.26296103,-0.88525385,0.7804332,0.42016348,0.46301913,0.49370736,-0.86851263,-0.04403341
1355984835350,0.32864177,0.23970887,-0.91352844,0.80395436,0.43659514,0.40378457,0.49563277,-0.8671357,-0.04923159
1355984835391,0.29463214,0.22057042,-0.9298068,0.8248817,0.43252963,0.36398956,0.48245433,-0.8742236,-0.054507375
1355984835430,0.2810184,0.2086823,-0.9367392,0.8439983,0.41088554,0.3447316,0.45683205,-0.8874823,-0.060661137
1355984835471,0.2888201,0.20575836,-0.9350115,0.8576101,0.37849653,0.34820306,0.4255443,-0.9024433,-0.06714302
1355984835511,0.3190209,0.21060687,-0.9240511,0.86317295,0.33804026,0.37504834,0.39135426,-0.91726416,-0.073948264
1355984835550,0.37235826,0.22291878,-0.9009198,0.8563639,0.2916674,0.42611143,0.35775718,-0.93018126,-0.08229482
1355984835589,0.43233708,0.2410905,-0.8688843,0.84008133,0.24243167,0.4852733,0.3276399,-0.93973523,-0.097723454
1355984835629,0.47624388,0.2709567,-0.8365251,0.8235325,0.19599971,0.53233284,0.30819786,-0.9424259,-0.12979802
1355984835670,0.47504294,0.32068244,-0.8194491,0.8248162,0.16220915,0.54163307,0.30661434,-0.933194,-0.18744776
1355984835713,0.41131184,0.39180714,-0.8229883,0.85205,0.15545431,0.49984473,0.3237798,-0.9068193,-0.26989907
1355984835752,0.32050148,0.46210265,-0.8268857,0.8813683,0.17437825,0.4390698,0.3470862,-0.86951333,-0.35139412
1355984835815,0.25169498,0.5114089,-0.82165116,0.8954456,0.19904917,0.39819175,0.3671878,-0.83596677,-0.40783918
1355984835832,0.24619025,0.53341365,-0.8092343,0.8916966,0.20254546,0.40478688,0.37982553,-0.8212461,-0.4257784
1355984835872,0.2963879,0.53197354,-0.793195,0.8733807,0.18510127,0.4504925,0.3864715,-0.8262818,-0.40975368
1355984835910,0.380813,0.509729,-0.7714647,0.83870447,0.16085815,0.5202878,0.38930213,-0.8451633,-0.36625516
1355984835951,0.4640464,0.474216,-0.7481846,0.7951839,0.14915851,0.58773667,0.39031225,-0.8676813,-0.30787244
1355984835990,0.5291653,0.4335991,-0.7293668,0.7527963,0.15671197,0.63932705,0.39151216,-0.8873743,-0.24348527
1355984836030,0.5691163,0.394427,-0.7214804,0.7212668,0.1818453,0.66836107,0.39481753,-0.90075505,-0.180996
1355984836071,0.58516264,0.3597053,-0.7267715,0.7042755,0.21883246,0.675358,0.40197098,-0.9070416,-0.12527904
1355984836110,0.5785437,0.329758,-0.7460207,0.70351285,0.26108885,0.6609858,0.4127431,-0.9072443,-0.08093771
1355984836149,0.5528619,0.30541116,-0.7752856,0.71461993,0.30473554,0.6296464,0.4285581,-0.90214205,-0.049776226
1355984836189,0.5080844,0.2853225,-0.8126754,0.73450285,0.3492542,0.58183074,0.44983965,-0.8925315,-0.032119572
1355984836230,0.44900942,0.26715404,-0.8526542,0.75736445,0.39255333,0.52182466,0.47411978,-0.8800742,-0.02607286
1355984836272,0.38431996,0.24900278,-0.8889859,0.7783015,0.43051827,0.45705682,0.49653304,-0.8675551,-0.028342426
1355984836310,0.3255729,0.22767225,-0.91769695,0.7963209,0.45726597,0.39595568,0.5097797,-0.85969365,-0.032426775
1355984836351,0.2817121,0.20553616,-0.9372263,0.8134664,0.4668392,0.34689134,0.5088327,-0.8601256,-0.0356825
1355984836513,0.25362426,0.18537298,-0.9493743,0.8321173,0.45861906,0.31184822,0.49320936,-0.8690831,-0.037935138
1355984836517,0.24183363,0.17060724,-0.9552014,0.85085166,0.4359361,0.29327676,0.46644187,-0.88365877,-0.039737403
1355984836518,0.24814278,0.1635127,-0.954824,0.8661549,0.40395242,0.2942757,0.43382123,-0.90004784,-0.041389465
1355984836520,0.2752573,0.16472289,-0.94715357,0.87698066,0.36062068,0.31758085,0.393876,-0.91805184,-0.04519534
1355984836558,0.33255613,0.18134728,-0.9254834,0.8732581,0.31135976,0.37480044,0.35612732,-0.93282807,-0.05481839
1355984836601,0.39045644,0.20960718,-0.8964422,0.86111695,0.2612418,0.43615395,0.32560912,-0.94224066,-0.07849273
1355984836642,0.42323434,0.25678593,-0.8688692,0.8512333,0.21572322,0.47839868,0.31028128,-0.94208515,-0.12728325
1355984836680,0.41031668,0.32701808,-0.85129285,0.85600907,0.18378428,0.48318928,0.31446588,-0.92697495,-0.20452067
1355984836719,0.35612002,0.40902847,-0.84016323,0.8732832,0.17424557,0.45498902,0.3324982,-0.89573115,-0.29514533
1355984836759,0.30450177,0.47930348,-0.8231323,0.8848082,0.17764908,0.43076116,0.35269403,-0.85948175,-0.3699972
1355984836813,0.30724722,0.5227574,-0.79518795,0.87788033,0.16683805,0.4488777,0.36732173,-0.83599627,-0.40765792
1355984836841,0.3793794,0.5363653,-0.75391215,0.8458574,0.12915796,0.517536,0.37496203,-0.83404464,-0.40468866
1355984836880,0.49051678,0.5219922,-0.6977947,0.7852521,0.08243787,0.6136636,0.37785232,-0.848957,-0.36945832
1355984836922,0.5912168,0.49135277,-0.63955855,0.7114618,0.05574262,0.70051044,0.37984836,-0.869175,-0.31662273
1355984836960,0.6590844,0.45864934,-0.5960274,0.64633125,0.05978018,0.76071167,0.3845305,-0.8866043,-0.2570392
1355984837001,0.6927257,0.43201733,-0.5774877,0.604318,0.08930904,0.79172194,0.39361247,-0.89743245,-0.19920921
1355984837041,0.69961905,0.41191226,-0.58383334,0.58691365,0.13472375,0.79836196,0.4075113,-0.90120906,-0.14750162
1355984837080,0.68537986,0.3950611,-0.61170346,0.5918164,0.18724048,0.7840245,0.4242732,-0.8993708,-0.10547277
1355984837122,0.65450776,0.37936705,-0.6539879,0.6120791,0.2419028,0.7528892,0.44382286,-0.8930642,-0.07387537
1355984837160,0.60911167,0.36039183,-0.70647067,0.6439185,0.29528728,0.70581466,0.46298164,-0.88482946,-0.05220005
1355984837201,0.555176,0.3386683,-0.75966,0.67923766,0.34250596,0.64909613,0.48001635,-0.8763523,-0.039885163
1355984837240,0.49653223,0.3127659,-0.8097118,0.71543616,0.38077334,0.585801,0.4915352,-0.8701662,-0.03469774
1355984837281,0.44060406,0.28319132,-0.85186315,0.74967515,0.4059269,0.5226954,0.49381697,-0.86892235,-0.033448458
1355984837320,0.39320067,0.25238794,-0.88413435,0.78200775,0.41395023,0.46594954,0.48358768,-0.8746116,-0.034603834
1355984837360,0.35559735,0.22439095,-0.9073033,0.8128716,0.4048654,0.41871676,0.46129197,-0.8864156,-0.038431942
1355984837401,0.32936352,0.20306057,-0.92210954,0.84078115,0.3813269,0.38428748,0.42965883,-0.9018626,-0.045134366
1355984837440,0.3178529,0.19077754,-0.92874837,0.8624264,0.3488173,0.3668069,0.39394203,-0.91756773,-0.053658962
1355984837481,0.32589227,0.18831709,-0.9264615,0.87449086,0.31233382,0.37109756,0.3592493,-0.9311199,-0.062894404
1355984837520,0.35448045,0.1952683,-0.9144473,0.87569594,0.27358508,0.39787912,0.3278723,-0.9418181,-0.07401505
1355984837560,0.39750102,0.21328646,-0.8924695,0.8662396,0.23361412,0.4416486,0.3026912,-0.9486482,-0.09189534
1355984837601,0.43202245,0.24843258,-0.86697054,0.853805,0.19695252,0.48189917,0.29047152,-0.94841504,-0.1270251
1355984837645,0.43857062,0.3057974,-0.84507024,0.8483936,0.16930735,0.5015609,0.2964526,-0.9369221,-0.18518332
1355984837681,0.39117587,0.38600093,-0.83545476,0.86188966,0.16464472,0.47962308,0.32268816,-0.9076868,-0.26828516
1355984837720,0.3265674,0.4653587,-0.8226756,0.87654066,0.17651027,0.44779527,0.35359612,-0.8673439,-0.3502633
1355984837762,0.28900188,0.5215794,-0.80276585,0.8800732,0.18526489,0.43720502,0.37676144,-0.83284575,-0.4054861
1355984837817,0.31334233,0.54602754,-0.7769624,0.8670869,0.16914767,0.4685611,0.38726866,-0.8205139,-0.42045218
1355984837841,0.39300627,0.5394217,-0.74469477,0.83398354,0.13202661,0.5357615,0.38732082,-0.8316208,-0.39798152
1355984837879,0.49456418,0.50739557,-0.70566,0.78102976,0.096749544,0.61695385,0.38131192,-0.8562647,-0.34844217
1355984837918,0.583668,0.46215898,-0.6676381,0.7207462,0.08381197,0.6881136,0.3739739,-0.8828275,-0.28418094
1355984837958,0.643487,0.41691738,-0.64195365,0.6704499,0.09768927,0.7354956,0.36935288,-0.90367955,-0.21666041
1355984837998,0.6736506,0.37874234,-0.6346252,0.63974047,0.13110912,0.75732595,0.37003648,-0.9161685,-0.15397504
1355984838038,0.6791031,0.34897715,-0.6457817,0.62968236,0.17518535,0.75684226,0.37725216,-0.92061126,-0.10077584
1355984838078,0.66472155,0.32620412,-0.6721132,0.6365574,0.2236318,0.73809445,0.39107534,-0.918466,-0.05899477
1355984838118,0.6342601,0.3083771,-0.7089553,0.65506214,0.27268192,0.70465463,0.41061866,-0.9113441,-0.02905488
1355984838161,0.59057,0.2938409,-0.75158817,0.680251,0.3197889,0.65954053,0.43414956,-0.9007734,-0.011027843
1355984838200,0.53725886,0.28085864,-0.79528064,0.7080084,0.3622338,0.60622656,0.45834142,-0.88876605,-0.0042369366
1355984838242,0.4809823,0.26711422,-0.8350485,0.7347855,0.39676917,0.55014956,0.4782743,-0.87819374,-0.005432725
1355984838280,0.43084875,0.25007606,-0.8670821,0.7586987,0.41986397,0.49808693,0.4886162,-0.87245417,-0.008834511
1355984838321,0.3936411,0.22918862,-0.89023554,0.7805281,0.4282539,0.4553839,0.4856156,-0.87411165,-0.010309815
1355984838361,0.37115133,0.20682648,-0.9052456,0.8019059,0.42013693,0.42477298,0.46818143,-0.88357675,-0.009920955
1355984838400,0.36117288,0.18786427,-0.91337895,0.82095706,0.40047798,0.40699747,0.44224843,-0.8968414,-0.009586692
1355984838441,0.36459732,0.1747342,-0.9146238,0.8353559,0.37258518,0.4041791,0.4113992,-0.911399,-0.010121703
1355984838480,0.38447195,0.1698176,-0.90738267,0.8408724,0.34119183,0.42014498,0.38093954,-0.924527,-0.0116162
1355984838521,0.41910326,0.17261183,-0.8913796,0.83700645,0.3069663,0.45298117,0.3518134,-0.9359364,-0.015826583
1355984838560,0.46320012,0.18603325,-0.8665087,0.8238305,0.27006295,0.4983667,0.32672468,-0.94469976,-0.028166652
1355984838602,0.49878427,0.21635655,-0.8392878,0.80838907,0.23312572,0.5405178,0.31260413,-0.9480729,-0.05862084
1355984838639,0.5045972,0.27145743,-0.8195685,0.80303955,0.20101309,0.5610001,0.31703165,-0.94122505,-0.11656043
1355984838679,0.4706779,0.34953696,-0.810115,0.8144615,0.1809538,0.55127865,0.33928564,-0.91928214,-0.19951347
1355984838719,0.41206944,0.4319108,-0.8022791,0.83356863,0.1768431,0.5233448,0.36791578,-0.8844091,-0.2871557
1355984838760,0.36858308,0.49366766,-0.7876794,0.8441351,0.17714012,0.506021,0.3893358,-0.8514186,-0.35143137
1355984838813,0.37200987,0.5231672,-0.7667495,0.83827895,0.16537923,0.5195557,0.39861894,-0.83602977,-0.37703735
1355984838839,0.42507434,0.52073777,-0.7403674,0.81290627,0.14013273,0.5652842,0.39811456,-0.84213716,-0.3637442
1355984838879,0.5037559,0.49364927,-0.7089008,0.76976395,0.115905166,0.6277177,0.39203763,-0.8619028,-0.32160547
1355984838919,0.57997656,0.45335662,-0.6768271,0.7185465,0.10675904,0.687236,0.38382038,-0.88491255,-0.26384005
1355984838959,0.6377679,0.4110514,-0.6513746,0.6719583,0.116410226,0.7313827,0.37646258,-0.90414906,-0.20196667
1355984838999,0.67301095,0.373986,-0.6381149,0.6387378,0.14111605,0.7563731,0.37292123,-0.9166356,-0.14390633
1355984839039,0.6869072,0.34545952,-0.63938737,0.62210864,0.17529365,0.7630551,0.3756852,-0.9219165,-0.094502866
1355984839079,0.6817275,0.32614625,-0.6548865,0.62137353,0.21439144,0.7536122,0.38618985,-0.92068726,-0.056502104
1355984839122,0.6596098,0.31508765,-0.68237424,0.63347065,0.2555627,0.7303441,0.40451178,-0.9140063,-0.031027108
1355984839163,0.6219566,0.31099248,-0.7186471,0.65442145,0.2975353,0.69512975,0.43000305,-0.90263855,-0.018466115
1355984839201,0.5747515,0.30834597,-0.7580129,0.6789794,0.33735684,0.6520563,0.45677975,-0.88944536,-0.0154642165
1355984839241,0.5257112,0.30514008,-0.79405123,0.702007,0.37156394,0.60755783,0.48043102,-0.87682945,-0.018875122
1355984839280,0.48382106,0.29595527,-0.8236065,0.7223551,0.3962545,0.56673217,0.4940852,-0.86913335,-0.02206856
1355984839321,0.45718277,0.2799018,-0.8441794,0.74080616,0.4053765,0.5356082,0.49212813,-0.87024415,-0.0220218
1355984839360,0.4443449,0.26046613,-0.85715514,0.7587532,0.39927098,0.5146613,0.47628897,-0.87905633,-0.020215482
1355984839402,0.4441058,0.24140096,-0.8628415,0.775092,0.37956774,0.5051342,0.44944668,-0.8931147,-0.018539697
1355984839441,0.45524102,0.22624895,-0.8611428,0.7863833,0.35141176,0.5080463,0.41756064,-0.9084719,-0.017941326
1355984839481,0.47753617,0.21675542,-0.8514554,0.789763,0.31876394,0.52408403,0.38501126,-0.92271703,-0.018964052
1355984839520,0.50888765,0.2139385,-0.8338247,0.7846948,0.2829966,0.55151325,0.3539595,-0.93495625,-0.023862988
1355984839560,0.54206556,0.22176975,-0.8105449,0.7734189,0.24552616,0.5844143,0.32861537,-0.94368166,-0.038429588
1355984839600,0.5625282,0.2488387,-0.7884424,0.7636391,0.209131,0.6108352,0.31688714,-0.9456974,-0.07238087
1355984839639,0.5550532,0.30393073,-0.77430105,0.76553655,0.17747086,0.61843175,0.32537636,-0.9360183,-0.13416436
1355984839679,0.5137102,0.38423476,-0.76711506,0.78285396,0.1559264,0.6023509,0.3510576,-0.90997285,-0.22069871
1355984839720,0.454342,0.4677074,-0.75817096,0.8057406,0.14723444,0.57367605,0.37994146,-0.87153417,-0.30995607
1355984839759,0.41112125,0.52693677,-0.7438528,0.8196877,0.1433515,0.5545832,0.39886266,-0.8377279,-0.37298876
1355984839813,0.4088271,0.5498618,-0.7283629,0.8173152,0.13447914,0.5602778,0.40602493,-0.8243588,-0.39443165
1355984839839,0.4452296,0.53995407,-0.71429706,0.797632,0.12332934,0.5904008,0.40688312,-0.83261013,-0.37577474
1355984839879,0.5005667,0.50775224,-0.7011567,0.7645473,0.12063119,0.63317895,0.40607935,-0.85301566,-0.3278166
1355984839919,0.55596566,0.4645857,-0.6892476,0.7257612,0.13288653,0.6749903,0.40518257,-0.87550056,-0.2632979
1355984839958,0.59939367,0.4202917,-0.6812357,0.69071496,0.15852538,0.7055371,0.40452453,-0.89343417,-0.19528264
1355984839998,0.62849873,0.37966624,-0.6788541,0.66409254,0.19244075,0.7224595,0.40493265,-0.9048868,-0.13118476
1355984840038,0.6432308,0.3448053,-0.6836399,0.64819795,0.23002157,0.72589916,0.40754583,-0.9100546,-0.07554513
1355984840078,0.64420843,0.3165267,-0.6962804,0.6433562,0.2680619,0.7171023,0.41362828,-0.9099196,-0.030951679
1355984840128,0.6287244,0.29762197,-0.7184196,0.6489765,0.30815023,0.6956097,0.42840987,-0.90358424,5.919039E-4
1355984840171,0.5958773,0.2824639,-0.75176084,0.66692287,0.34742743,0.6591722,0.44737467,-0.8941523,0.018642485
1355984840210,0.5525304,0.27342317,-0.78736895,0.6884419,0.38280472,0.6160425,0.4698488,-0.88244,0.023275316
1355984840253,0.5052743,0.26515535,-0.8212129,0.7105638,0.41216943,0.5702766,0.48969078,-0.87167025,0.019848794
1355984840291,0.46317562,0.25480628,-0.84884757,0.7313827,0.43104288,0.52847075,0.50054735,-0.86560714,0.013287634
1355984840330,0.43188003,0.2422567,-0.86878735,0.75195616,0.43518582,0.49515176,0.49803776,-0.8671361,0.0057816505
1355984840371,0.41396302,0.22969839,-0.88083667,0.7737508,0.42094535,0.47340748,0.47952503,-0.8775213,-0.0034735203
1355984840410,0.4097566,0.22110277,-0.88499326,0.7924467,0.39424378,0.4654032,0.45180506,-0.892012,-0.0136681795
1355984840451,0.42045754,0.2175242,-0.88085115,0.8049078,0.35862607,0.47276932,0.41873494,-0.9077833,-0.02429986
1355984840490,0.44947305,0.2200478,-0.8657673,0.8063793,0.31705776,0.4992261,0.3843519,-0.9225255,-0.03493312
1355984840530,0.49557316,0.22851697,-0.83796614,0.79454625,0.27045053,0.54364765,0.35086113,-0.93522,-0.047539294
1355984840570,0.54884064,0.245442,-0.7990821,0.77122843,0.2200729,0.59730613,0.32246035,-0.94410074,-0.06850693
1355984840609,0.59055513,0.2775461,-0.75776833,0.74643594,0.16902742,0.6436327,0.3067214,-0.9457261,-0.10735041
1355984840653,0.5919682,0.33608446,-0.7325441,0.7431809,0.12407118,0.65748644,0.3118586,-0.9336239,-0.17632541
1355984840690,0.5590557,0.41232696,-0.71933526,0.7603831,0.090928555,0.6430782,0.33056659,-0.90648687,-0.26269236
1355984840732,0.4980859,0.49078164,-0.7148733,0.79112077,0.08033255,0.60636175,0.35501876,-0.86757135,-0.348255
1355984840770,0.457843,0.5462253,-0.70143974,0.8065256,0.07674438,0.5861969,0.37402713,-0.83411527,-0.4054078
1355984840817,0.4735196,0.56710744,-0.67392015,0.7924049,0.059761852,0.607061,0.38454354,-0.8214729,-0.4210803
1355984840851,0.54201436,0.55387753,-0.6320128,0.7452745,0.03069827,0.6660508,0.3883122,-0.8320321,-0.39615184
1355984840890,0.6194508,0.52118546,-0.58706594,0.68212205,0.01281348,0.73112607,0.38857463,-0.8533473,-0.34757477
1355984840931,0.6869478,0.4794313,-0.5461211,0.61482704,0.017204463,0.7884744,0.38741505,-0.8774108,-0.28294876
1355984840970,0.72927094,0.4418527,-0.5224271,0.56424713,0.043521702,0.824458,0.38702592,-0.89603126,-0.21757501
1355984841011,0.75118065,0.41162494,-0.51603544,0.53250504,0.08409941,0.84223855,0.39008462,-0.90746474,-0.15601851
1355984841050,0.7538859,0.3890944,-0.5293973,0.5232949,0.13161111,0.8419269,0.39726362,-0.91174775,-0.10439138
1355984841091,0.7410848,0.37305745,-0.5582307,0.53189933,0.18116868,0.8272008,0.40972733,-0.90994847,-0.06416765
1355984841129,0.71346855,0.36061594,-0.60076517,0.5555825,0.23129049,0.79864436,0.42695516,-0.9035823,-0.035333425
1355984841170,0.6724916,0.3492401,-0.6525231,0.58934903,0.28061885,0.7575756,0.44768602,-0.89402705,-0.017110467
1355984841211,0.62049574,0.33663195,-0.7082824,0.62821394,0.32723424,0.70587885,0.4693956,-0.8829477,-0.008429408
1355984841250,0.5633255,0.3200155,-0.7617444,0.66714275,0.36771643,0.6478466,0.48742688,-0.8731407,-0.006351948
1355984841293,0.5100311,0.2976932,-0.8069987,0.70267004,0.39692226,0.59051466,0.49610794,-0.86823463,-0.0067373514
1355984841330,0.46736884,0.27091354,-0.8415297,0.7352473,0.40944457,0.54015416,0.49089482,-0.8711837,-0.007826835
1355984841370,0.43619734,0.24421099,-0.86607903,0.76611924,0.40406895,0.4997896,0.47200972,-0.8815267,-0.010840923
1355984841410,0.41649726,0.22252625,-0.88148284,0.79386157,0.38351306,0.47191262,0.44307312,-0.8963257,-0.016922861
1355984841450,0.41002724,0.20929185,-0.8877356,0.814538,0.35390106,0.45965415,0.41037238,-0.9115651,-0.025367051
1355984841491,0.42058766,0.2056123,-0.8836456,0.8248385,0.3189479,0.4668122,0.37781924,-0.9252004,-0.035451382
1355984841557,0.45186737,0.21205398,-0.8665154,0.82138777,0.28006986,0.4968732,0.34804878,-0.936266,-0.04762408
1355984841571,0.49623477,0.22915745,-0.8373995,0.8055029,0.23833025,0.5425531,0.3239077,-0.9437614,-0.06631923
1355984841611,0.53726894,0.26068464,-0.80211323,0.78386366,0.19667289,0.58896315,0.31128758,-0.945179,-0.09867495
1355984841650,0.542417,0.31391954,-0.7792549,0.7775068,0.16377231,0.6071752,0.31822455,-0.93521816,-0.1552417
1355984841689,0.4995008,0.3882138,-0.77446043,0.79533,0.14890593,0.587603,0.3434373,-0.9094597,-0.23437944
1355984841729,0.42745888,0.4648729,-0.77535295,0.8228888,0.15506172,0.54663515,0.37434343,-0.87169325,-0.31625617
1355984841769,0.38385633,0.5208814,-0.7624545,0.83401084,0.15883473,0.5283913,0.39633346,-0.8387217,-0.373451
1355984841816,0.41668385,0.54692954,-0.72611475,0.8144402,0.13021153,0.5654486,0.40380904,-0.8269903,-0.39118433
1355984841849,0.52148736,0.5400485,-0.6606046,0.75407183,0.07059914,0.6529864,0.39928243,-0.8386675,-0.37041882
1355984841889,0.64432555,0.50449866,-0.57473975,0.6586339,0.015857488,0.7522965,0.38864654,-0.8632669,-0.32206252
1355984841929,0.73826176,0.4578989,-0.49527583,0.5587936,-0.003941953,0.8292974,0.37778202,-0.8889955,-0.2587812
1355984841969,0.7912243,0.41848728,-0.44590634,0.48589733,0.012510598,0.8739263,0.37130558,-0.9081365,-0.19344318
1355984842009,0.8129194,0.39165026,-0.43101296,0.44820225,0.051822037,0.8924288,0.37185594,-0.91865367,-0.1334114
1355984842049,0.8114287,0.37537506,-0.44796994,0.4438648,0.10284594,0.8901723,0.38022038,-0.92114943,-0.083163634
1355984842089,0.79074293,0.36523739,-0.4912506,0.46684548,0.15927467,0.8698774,0.39595553,-0.91718763,-0.044564113
1355984842129,0.75194836,0.35649,-0.5545165,0.5101399,0.21809405,0.83198094,0.41752964,-0.9084877,-0.017864302
1355984842169,0.69534457,0.34521425,-0.63033575,0.5660898,0.27725872,0.77631825,0.4427622,-0.89663523,-0.0026319325
1355984842211,0.6217305,0.32893494,-0.71081156,0.6273534,0.3341897,0.7033811,0.46891254,-0.8832435,0.0014174879
1355984842249,0.5376489,0.30496567,-0.786085,0.6857074,0.38437092,0.6181136,0.4906516,-0.8713524,-0.002460599
1355984842290,0.45477405,0.2756858,-0.84686357,0.7346469,0.42141458,0.53169876,0.5034625,-0.8639485,-0.0108833015
1355984842330,0.38242885,0.24311158,-0.89142853,0.7747036,0.44142988,0.45274037,0.50356966,-0.86373395,-0.019523919
1355984842371,0.32578674,0.21169046,-0.9214392,0.8088136,0.44227466,0.3875742,0.48957494,-0.871539,-0.027130902
1355984842415,0.28602964,0.1860309,-0.9399891,0.83925843,0.42476386,0.33944216,0.4624201,-0.8859843,-0.03463292
1355984842451,0.264323,0.17014158,-0.94930774,0.86315906,0.39735532,0.31155276,0.43022054,-0.90175414,-0.04182911
1355984842490,0.26437563,0.16467637,-0.95025635,0.87922066,0.3637607,0.30765095,0.39632878,-0.9168205,-0.048617423
1355984842531,0.2929033,0.17089587,-0.94074553,0.88428575,0.3257956,0.33450845,0.36365682,-0.92986655,-0.055694163
1355984842571,0.3462742,0.18874809,-0.9189496,0.8766203,0.28376234,0.38860747,0.33411226,-0.94013464,-0.06720084
1355984842610,0.41037378,0.2202357,-0.8849235,0.8565116,0.24000636,0.45692986,0.31301957,-0.9454593,-0.09014216
1355984842651,0.4394586,0.26937234,-0.85692155,0.8432981,0.20486188,0.4968701,0.3093936,-0.9409942,-0.13713285
1355984842690,0.41847023,0.3374062,-0.8432317,0.8484607,0.18601045,0.49549443,0.32403275,-0.9227986,-0.20843601
1355984842730,0.33683512,0.41371822,-0.84580094,0.8735249,0.19796225,0.444708,0.35142046,-0.88862145,-0.29471254
1355984842769,0.25518668,0.47849664,-0.84019095,0.8900285,0.22328234,0.39748508,0.37779504,-0.8492268,-0.36889696
1355984842816,0.24459869,0.52320355,-0.8163513,0.88588876,0.2216748,0.40750623,0.39417323,-0.8228719,-0.4092788
1355984842849,0.33314124,0.5466964,-0.76820564,0.8539933,0.1703799,0.49159557,0.39964035,-0.8198132,-0.41011453
1355984842889,0.48448437,0.54125947,-0.6872504,0.77922493,0.0900476,0.62024176,0.39759696,-0.8360201,-0.37813622
1355984842929,0.6287258,0.5084128,-0.58840483,0.6713851,0.026883155,0.74062085,0.39235932,-0.8606937,-0.32443866
1355984842969,0.7246129,0.46751183,-0.5063289,0.5695593,0.0073803067,0.8219172,0.38799286,-0.8839561,-0.26092783
1355984843009,0.7746587,0.4339433,-0.4599969,0.4996865,0.02578485,0.86582243,0.38757882,-0.9005711,-0.19686115
1355984843049,0.7927039,0.41100824,-0.45021415,0.46638763,0.06668946,0.88206303,0.3925597,-0.9091891,-0.13882418
1355984843089,0.78900677,0.395731,-0.46996304,0.4635178,0.11866325,0.8781061,0.40326115,-0.9106679,-0.08980225
1355984843129,0.7680302,0.3837241,-0.51272345,0.48459268,0.175203,0.8570145,0.41868776,-0.90667504,-0.051388696
1355984843170,0.7305259,0.3716882,-0.5728698,0.5241528,0.23252207,0.8192663,0.43771648,-0.89876664,-0.024958014
1355984843212,0.67635715,0.35663354,-0.64447916,0.57681614,0.28768137,0.7645407,0.45806548,-0.88884866,-0.011136621
1355984843249,0.607422,0.33790517,-0.71892875,0.63463974,0.33789882,0.69502276,0.47777694,-0.8784329,-0.009200841
1355984843290,0.5317979,0.31440032,-0.78634816,0.6884985,0.38015488,0.6176181,0.49311346,-0.86984754,-0.014298588
1355984843331,0.46415997,0.2879005,-0.83765674,0.7318099,0.40813535,0.54578364,0.49900874,-0.86633646,-0.02124837
1355984843370,0.41482088,0.26308575,-0.87103933,0.7650236,0.41741928,0.49040815,0.492608,-0.8697971,-0.02811253
1355984843412,0.3894413,0.2449291,-0.887888,0.7913066,0.40435123,0.45862186,0.47134846,-0.8811979,-0.03634292
1355984843451,0.3911851,0.23828131,-0.88892984,0.8070504,0.3754086,0.4557829,0.44231644,-0.89570665,-0.045450807
1355984843491,0.4232106,0.24286416,-0.8728744,0.80827,0.3341017,0.484846,0.40938044,-0.9107101,-0.05490437
1355984843529,0.4924841,0.25829893,-0.8311084,0.78506535,0.2803583,0.5523329,0.37567514,-0.9244895,-0.064709544
1355984843571,0.59448683,0.2809897,-0.7534124,0.72678,0.21314004,0.6529642,0.34405857,-0.93574363,-0.07750875
1355984843613,0.6993832,0.3075901,-0.6451756,0.6388087,0.13589329,0.7572691,0.32060346,-0.941765,-0.10144973
1355984843649,0.77919924,0.3393405,-0.5269692,0.5433269,0.05346775,0.83781683,0.31248108,-0.9391428,-0.14271082
1355984843689,0.8029073,0.38682395,-0.45354947,0.4990775,-0.02014494,0.8663231,0.32597783,-0.9219334,-0.20922966
1355984843729,0.7874836,0.4510366,-0.42004234,0.5043555,-0.07986349,0.8597949,0.35425293,-0.888925,-0.29037398
1355984843770,0.7647896,0.5114358,-0.39182946,0.51755303,-0.12547907,0.8464005,0.3837131,-0.85011077,-0.36066023
1355984843816,0.7711692,0.5413856,-0.33496246,0.4913755,-0.17163292,0.8538691,0.4047818,-0.8230698,-0.3983816
1355984843850,0.80757076,0.5328944,-0.2526917,0.41856873,-0.2160278,0.8821181,0.4154873,-0.8181416,-0.39751065
1355984843889,0.845616,0.5033893,-0.17757452,0.33145916,-0.23442069,0.91388273,0.41841167,-0.83165264,-0.36508292
1355984843930,0.8714894,0.4729379,-0.12975344,0.25804952,-0.21723473,0.94139236,0.41703317,-0.8538963,-0.31135917
1355984843986,0.8847964,0.45199,-0.11331548,0.21215278,-0.17422986,0.9615795,0.4148814,-0.8748422,-0.25004888
1355984844008,0.8894846,0.44041148,-0.12188047,0.19193134,-0.118011,0.97428733,0.41470408,-0.89000624,-0.18949774
1355984844048,0.8872771,0.4357096,-0.15131569,0.19475919,-0.056537688,0.9792203,0.41810066,-0.8983098,-0.13502306
1355984844085,0.87855744,0.4345811,-0.19818191,0.21733518,0.005752653,0.97608006,0.425326,-0.90061426,-0.089395724
1355984844115,0.8641677,0.43216982,-0.25776628,0.25489196,0.06572929,0.96473306,0.4338713,-0.89939374,-0.05335547
1355984844156,0.84183633,0.43086788,-0.32506076,0.3024443,0.122241616,0.945296,0.4470336,-0.89409727,-0.027406111
1355984844198,0.8058297,0.42755115,-0.40968096,0.36776292,0.18088824,0.9121567,0.46410012,-0.88570845,-0.011472344
1355984844239,0.7543977,0.41875646,-0.505497,0.4447944,0.24023,0.8628137,0.48274434,-0.87574685,-0.005031556
1355984844281,0.69016516,0.40178007,-0.60186774,0.5242143,0.29578063,0.79856944,0.49887007,-0.8666525,-0.0064813495
1355984844328,0.62352586,0.3727289,-0.68723255,0.59767365,0.3394096,0.72635204,0.5039857,-0.8636401,-0.0111396015
1355984844373,0.5625223,0.3344453,-0.7561184,0.66139495,0.3667341,0.65426517,0.49611032,-0.86813164,-0.01490432
1355984844422,0.52517396,0.29400092,-0.7985961,0.71207494,0.36204183,0.6015605,0.46598452,-0.8845842,-0.019215733
1355984844458,0.4998111,0.26215893,-0.8255068,0.7503846,0.34492886,0.56386787,0.43256414,-0.9012751,-0.024320781
1355984844501,0.48919266,0.24087992,-0.8382526,0.7759789,0.31857443,0.5443961,0.39817995,-0.9167809,-0.03107348
1355984844540,0.49573568,0.2311101,-0.83715844,0.78779113,0.2860758,0.5454775,0.36555612,-0.92991865,-0.040248483
1355984844581,0.51517975,0.23283854,-0.8248491,0.7881373,0.24947715,0.5626729,0.33679295,-0.939972,-0.05498314
1355984844620,0.5341007,0.2491839,-0.8078637,0.7838646,0.21199214,0.5836228,0.31669018,-0.9449692,-0.082101285
1355984844661,0.53021044,0.2872317,-0.79773104,0.7879822,0.18038577,0.5886807,0.3129871,-0.9407225,-0.13069105
1355984844699,0.4824382,0.3516519,-0.80224323,0.8112819,0.16594088,0.5606115,0.33026505,-0.9213059,-0.20523259
1355984844743,0.39275008,0.4312038,-0.8122872,0.8451718,0.1789524,0.5036472,0.36253533,-0.8843298,-0.29415774
1355984844780,0.304411,0.4987443,-0.81153435,0.86691505,0.20797086,0.45299715,0.39470524,-0.8414287,-0.36906034
