1355991434830,0.09882897,-0.0180448,0.99494076,-0.92301476,-0.37528574,0.08487809,0.37185547,-0.9267335,-0.053744733
1355991434851,-0.16224247,-0.007908374,-0.9867192,0.9140005,0.3756373,-0.15329632,0.3718608,-0.926733,-0.053716004
1355991434879,-0.16208127,-0.007972211,-0.98674524,0.9140204,0.37564012,-0.1531705,0.3718822,-0.92673135,-0.05359745
1355991434914,-0.16161153,-0.00819692,-0.9868204,0.91407883,0.3756412,-0.15281886,0.37194306,-0.9267289,-0.053215325
1355991434952,-0.16002831,-0.008939326,-0.987072,0.9142949,0.37559673,-0.15163094,0.37209645,-0.9267401,-0.05193287
1355991434992,-0.15821514,-0.010882288,-0.9873447,0.9145204,0.37542918,-0.15068343,0.37231773,-0.92678726,-0.049446464
1355991435034,-0.15764546,-0.014423937,-0.9873904,0.9145155,0.3751161,-0.15149006,0.3725711,-0.9268656,-0.045944452
1355991435072,-0.16027749,-0.019543886,-0.98687845,0.9139644,0.37467062,-0.1558555,0.3728004,-0.9269519,-0.042188883
1355991435112,-0.16712731,-0.025774002,-0.98559844,0.91270345,0.37402743,-0.16454753,0.37288192,-0.9270594,-0.038986206
1355991435153,-0.17749691,-0.03249544,-0.98358464,0.9108292,0.37305492,-0.17669246,0.37267277,-0.92724,-0.036618292
1355991435192,-0.18938416,-0.0391196,-0.98112345,0.9086554,0.3717029,-0.19021648,0.37212762,-0.9275271,-0.034848392
1355991435232,-0.20096248,-0.045147777,-0.978558,0.90649927,0.37007213,-0.2032381,0.3713128,-0.9279053,-0.033444226
1355991435271,-0.21140158,-0.050139844,-0.97611237,0.9045234,0.3683617,-0.2148188,0.37033343,-0.92832947,-0.03251958
1355991435313,-0.22058958,-0.05381939,-0.97388077,0.9027488,0.3667875,-0.22474754,0.36930302,-0.9287467,-0.032324076
1355991435352,-0.22844481,-0.056189924,-0.97193396,0.9011867,0.36551058,-0.23294738,0.36834145,-0.9291097,-0.032861352
1355991435392,-0.23465157,-0.057534754,-0.97037536,0.89990395,0.3646127,-0.23922884,0.3675751,-0.92938006,-0.03378117
1355991435432,-0.2387619,-0.058337867,-0.96932423,0.89899963,0.36411357,-0.24335355,0.3671408,-0.9295257,-0.034490705
1355991435472,-0.24035746,-0.05917543,-0.968879,0.8985718,0.3639676,-0.24514556,0.36714718,-0.9295299,-0.03430891
1355991435512,-0.23935938,-0.060552984,-0.96904105,0.8986268,0.36411858,-0.24471942,0.3676644,-0.9293821,-0.032740712
1355991435552,-0.23633042,-0.062722534,-0.96964633,0.89897037,0.36462787,-0.24269098,0.3687823,-0.92903847,-0.029787004
1355991435591,-0.23252267,-0.065555185,-0.9703791,0.89922285,0.3656692,-0.2401754,0.37058246,-0.9284334,-0.026077628
1355991435631,-0.22937837,-0.06860915,-0.9709163,0.89901114,0.36737928,-0.23835146,0.37304762,-0.9275372,-0.022588491
1355991435672,-0.22782782,-0.07138261,-0.9710815,0.89816236,0.36974105,-0.23789907,0.3760306,-0.92638874,-0.020124197
1355991435712,-0.22795454,-0.07352579,-0.97089183,0.896771,0.3725495,-0.238765,0.3792607,-0.9250951,-0.01898861
1355991435751,-0.2292966,-0.07487708,-0.97047234,0.8950902,0.3754916,-0.240457,0.3824089,-0.92379624,-0.019077182
1355991435791,-0.23134539,-0.0753915,-0.96994615,0.893371,0.3782725,-0.24248335,0.38518515,-0.9226191,-0.020159066
1355991435833,-0.23367807,-0.07505345,-0.969413,0.8917919,0.38072875,-0.24444401,0.38742977,-0.92163587,-0.022035956
1355991435874,-0.23603448,-0.07379362,-0.9689387,0.8904166,0.38289568,-0.24606746,0.38916063,-0.9208395,-0.024669468
1355991435911,-0.23714098,-0.07157087,-0.96883523,0.88953376,0.38488117,-0.2461628,0.3905045,-0.920187,-0.027606368
1355991435954,-0.23678863,-0.06846538,-0.9691458,0.8891661,0.38674247,-0.24456888,0.39155436,-0.91964275,-0.030699134
1355991435993,-0.23349953,-0.06413475,-0.9702395,0.8897364,0.3884133,-0.23980036,0.3922335,-0.9192507,-0.033631325
1355991436033,-0.226266,-0.058309853,-0.97231865,0.8915232,0.38974425,-0.2308372,0.39241573,-0.91907525,-0.0362013
1355991436074,-0.21477342,-0.050741643,-0.9753449,0.8944423,0.39084184,-0.21729174,0.39223135,-0.9190582,-0.038556933
1355991436113,-0.19966781,-0.041239053,-0.97899544,0.89786446,0.39240152,-0.1996505,0.39239267,-0.918869,-0.041322887
1355991436153,-0.1827322,-0.029815704,-0.9827105,0.9006504,0.39574698,-0.1794805,0.394256,-0.91787547,-0.04546213
1355991436194,-0.16627914,-0.016618669,-0.98593867,0.90164584,0.40224814,-0.15884331,0.3992317,-0.9153799,-0.05190128
1355991436235,-0.15255708,-0.0018528402,-0.98829293,0.9002644,0.41230625,-0.1397416,0.4077383,-0.91104347,-0.06123221
1355991436277,-0.14402956,0.0144382715,-0.9894681,0.89630073,0.4256823,-0.12425634,0.419405,-0.9047575,-0.07425183
1355991436315,-0.14045325,0.03215602,-0.989565,0.89053583,0.44089225,-0.11207077,0.4326878,-0.89698374,-0.09056085
1355991436356,-0.14275768,0.051045537,-0.9884405,0.883014,0.4577032,-0.10389423,0.4471091,-0.8876385,-0.110414624
1355991436394,-0.1485677,0.07121378,-0.9863348,0.87458456,0.47498116,-0.097441345,0.4615513,-0.87710977,-0.13284934
1355991436433,-0.15656596,0.09263453,-0.98331374,0.86600864,0.4915713,-0.09157914,0.4748854,-0.86589634,-0.15718561
1355991436479,-0.1735323,0.11682525,-0.97787446,0.85544515,0.5098546,-0.09089455,0.48795503,-0.8522911,-0.18841386
1355991436509,-0.18409324,0.14306387,-0.9724415,0.8469075,0.52521306,-0.08305994,0.49885613,-0.8388587,-0.21785003
1355991436554,-0.20812406,0.1687285,-0.9634392,0.83398855,0.54524696,-0.08466989,0.511026,-0.82111907,-0.25419664
1355991436594,-0.24118514,0.19465983,-0.9507562,0.81563973,0.57153416,-0.08989212,0.5258912,-0.79715514,-0.2966178
1355991436636,-0.2861176,0.21846765,-0.93295693,0.78782064,0.6078523,-0.099268526,0.545413,-0.7634052,-0.3460306
1355991436674,-0.33250463,0.23745877,-0.91271794,0.7544168,0.64772815,-0.10631803,0.56594694,-0.72392094,-0.39451545
1355991436714,-0.37095243,0.25009552,-0.8943414,0.72281337,0.682396,-0.10897985,0.5830396,-0.6868682,-0.43390882
1355991436754,-0.3901479,0.25742918,-0.8840333,0.7050873,0.70099443,-0.10704565,0.5921457,-0.6650843,-0.45500147
1355991436793,-0.3811463,0.2619974,-0.8866142,0.71046257,0.69665736,-0.09955603,0.5915829,-0.6678517,-0.45166773
1355991436834,-0.33745235,0.266024,-0.90297127,0.7402042,0.6676133,-0.07993886,0.58157,-0.69535875,-0.42219973
1355991436873,-0.25195995,0.26963553,-0.9294154,0.7871866,0.615734,-0.034770012,0.5628974,-0.740384,-0.36739373
1355991436911,-0.14329378,0.26772967,-0.9527789,0.8285576,0.5589623,0.03245622,0.54125696,-0.78478146,-0.3019253
1355991436952,-0.02584289,0.25728905,-0.9659888,0.8531165,0.5093701,0.112846375,0.52107996,-0.82118475,-0.23266113
1355991436992,0.074239686,0.23472223,-0.9692233,0.85976243,0.4773677,0.18146208,0.5052691,-0.8467736,-0.16636574
1355991437032,0.14080101,0.20082873,-0.9694549,0.8579785,0.46385747,0.22070146,0.4940121,-0.8628465,-0.106995106
1355991437072,0.16884638,0.15828416,-0.9728499,0.85713935,0.4637248,0.2242125,0.48662394,-0.87172544,-0.057373345
1355991437112,0.15975234,0.11019966,-0.98098695,0.8607795,0.47093418,0.19307938,0.48325756,-0.8752583,-0.01962477
1355991437154,0.118955925,0.06006691,-0.991081,0.86640286,0.4812637,0.1331594,0.48496976,-0.8745154,0.005207062
1355991437192,0.05368878,0.010965496,-0.9984976,0.8686774,0.49262887,0.05211848,0.49246028,-0.8701704,0.01692313
1355991437232,-0.0251109,-0.034416407,-0.9990921,0.86304617,0.5036142,-0.03903994,0.5045005,-0.86324286,0.017056763
1355991437274,-0.10423961,-0.07369417,-0.9918182,0.84895635,0.51289296,-0.12733394,0.51808035,-0.85528356,0.009099364
1355991437314,-0.17337763,-0.106349826,-0.97909653,0.83139694,0.51711756,-0.20339262,0.5279387,-0.84928155,-0.0012376904
1355991437358,-0.22945747,-0.13142043,-0.9644054,0.8176036,0.5115671,-0.2642412,0.52808475,-0.8491335,-0.009933054
1355991437393,-0.27458006,-0.14708704,-0.950248,0.81102574,0.49546862,-0.31104356,0.51656854,-0.8560819,-0.016754448
1355991437434,-0.3111313,-0.15180689,-0.93816423,0.81194735,0.47056282,-0.34541598,0.49390173,-0.86920965,-0.023147643
1355991437474,-0.33623627,-0.14555639,-0.9304615,0.8189868,0.4426014,-0.36519134,0.46497953,-0.8848262,-0.029609919
1355991437514,-0.3453228,-0.12959561,-0.9294929,0.8315805,0.41682017,-0.3670623,0.43500108,-0.89970315,-0.036168277
1355991437554,-0.33620584,-0.104447424,-0.93597883,0.8492767,0.39592618,-0.34924427,0.40705615,-0.912323,-0.044407904
1355991437593,-0.31002402,-0.06833652,-0.9482696,0.8694067,0.3832438,-0.3118591,0.38472986,-0.92111576,-0.059402585
1355991437634,-0.2754568,-0.018138975,-0.9611423,0.88531804,0.3848335,-0.26098877,0.3746138,-0.92280775,-0.08994621
1355991437674,-0.25116384,0.04733482,-0.9667865,0.88882935,0.40677178,-0.21099529,0.38327408,-0.9123026,-0.14423895
1355991437713,-0.25253353,0.12166414,-0.9599087,0.8768096,0.4483089,-0.17385057,0.40918425,-0.8855603,-0.21988934
1355991437753,-0.26897675,0.1916869,-0.943879,0.85651565,0.49580234,-0.14339128,0.4404912,-0.8470161,-0.2975421
1355991437795,-0.26840645,0.24974403,-0.9303688,0.8436222,0.5271859,-0.10186511,0.46503714,-0.812221,-0.35218972
1355991437834,-0.22221492,0.29888675,-0.92805564,0.8491515,0.5270812,-0.03357181,0.47912657,-0.79552007,-0.3709255
1355991437873,-0.11113644,0.3440753,-0.9323416,0.86752856,0.49125183,0.077882946,0.48481214,-0.80017734,-0.35309112
1355991437911,0.039974384,0.38040695,-0.92395496,0.87295735,0.4366091,0.21752694,0.4861559,-0.81526875,-0.31462586
1355991437952,0.20242342,0.4005306,-0.8936442,0.85052955,0.38041452,0.36315882,0.4854115,-0.83358264,-0.26365834
1355991437992,0.33368766,0.40069556,-0.8532852,0.80854595,0.34372747,0.47760338,0.48467112,-0.84929067,-0.20928311
1355991438032,0.41585538,0.38561696,-0.8236284,0.768846,0.3346459,0.5448741,0.4857366,-0.8598323,-0.15731579
1355991438072,0.4521234,0.3607902,-0.81572974,0.74553984,0.3491853,0.5676619,0.48964766,-0.86481214,-0.1111086
1355991438112,0.45074797,0.32910514,-0.82976866,0.741884,0.3788296,0.5532596,0.49642155,-0.86497283,-0.07340121
1355991438152,0.41749263,0.2918758,-0.86052793,0.7551949,0.41521668,0.5072235,0.50535184,-0.8616284,-0.047073245
1355991438192,0.35525826,0.25028357,-0.9006385,0.77957964,0.4523168,0.43320328,0.51579756,-0.8560185,-0.03442669
1355991438233,0.26783887,0.20590442,-0.9412044,0.8059887,0.48734275,0.33597502,0.5278679,-0.8485873,-0.035427332
1355991438282,0.16300929,0.16106805,-0.97338843,0.82393444,0.5204883,0.22410685,0.5427338,-0.8385398,-0.047865093
1355991438322,0.06924571,0.114744216,-0.9909787,0.8298044,0.544765,0.121061206,0.5537416,-0.8307015,-0.057492614
1355991438362,0.008167356,0.07762694,-0.996949,0.83170104,0.55297947,0.049871117,0.5551637,-0.8295709,-0.060046077
1355991438402,-0.024003789,0.052481234,-0.99833333,0.838927,0.5441786,0.008435756,0.5437144,-0.8373263,-0.057090223
1355991438442,-0.03197421,0.041395813,-0.99863106,0.8522588,0.5230903,-0.0056042373,0.52214223,-0.8512714,-0.05200535
1355991438482,-0.014244869,0.045649946,-0.99885595,0.8680373,0.49639207,0.010306984,0.4962947,-0.86689734,-0.0466969
1355991438522,0.03527288,0.06616205,-0.99718523,0.8817534,0.46758997,0.06221381,0.47039,-0.8814659,-0.04184538
1355991438563,0.12198709,0.10397217,-0.9870709,0.8866465,0.4355368,0.15545303,0.44606853,-0.89414626,-0.03905672
1355991438602,0.24138714,0.15971163,-0.9571961,0.8720088,0.3971265,0.28616643,0.42583203,-0.9037603,-0.043408692
1355991438643,0.36332613,0.23066649,-0.9026556,0.83390343,0.351525,0.42548227,0.41545057,-0.90731645,-0.064635396
1355991438684,0.44492352,0.31229928,-0.8393523,0.7908939,0.30268157,0.53185606,0.42015475,-0.90047383,-0.11232546
1355991438723,0.47030747,0.39834803,-0.7874832,0.76671726,0.2574138,0.58811814,0.43698478,-0.8803733,-0.18435666
1355991438763,0.4750322,0.47801024,-0.7388171,0.753377,0.21293253,0.6221598,0.45471695,-0.8521537,-0.25897214
1355991438803,0.5133193,0.5376695,-0.6688908,0.721317,0.15198737,0.67572314,0.46497867,-0.829344,-0.30981204
1355991438873,0.6002641,0.5651229,-0.5659674,0.6489969,0.06939787,0.7576192,0.4674249,-0.8220827,-0.32510597
1355991438884,0.69570047,0.55895966,-0.45118168,0.5469976,-0.0051056743,0.83711857,0.46561196,-0.8291791,-0.3093016
1355991438921,0.7634667,0.5357578,-0.36066908,0.4505232,-0.041656077,0.8917924,0.4627607,-0.8433436,-0.27317435
1355991438962,0.7994132,0.5128706,-0.31289333,0.38538456,-0.038226277,0.9219639,0.46088743,-0.85761434,-0.228211
1355991439002,0.8125798,0.49579173,-0.30643865,0.35643566,-0.006712645,0.9342958,0.46115908,-0.8684156,-0.1821724
1355991439042,0.80871725,0.48312455,-0.3355103,0.3607896,0.04305789,0.9316528,0.46455073,-0.8744923,-0.13948466
1355991439082,0.78819185,0.4715935,-0.39541537,0.39494693,0.10515073,0.9126666,0.47198582,-0.87552446,-0.10337545
1355991439122,0.74778205,0.45768124,-0.48098844,0.4542331,0.17571127,0.8733829,0.48424608,-0.87158096,-0.07650024
1355991439165,0.6827495,0.43784198,-0.58493376,0.5314541,0.2517907,0.80880034,0.5014076,-0.86307347,-0.06078294
1355991439203,0.5899452,0.4091016,-0.69613266,0.61548805,0.33018854,0.7156467,0.52262723,-0.8506536,-0.057004035
1355991439242,0.47576448,0.36821684,-0.7987894,0.6909853,0.40545055,0.5984556,0.54423106,-0.8366757,-0.06153342
1355991439283,0.35927573,0.31798983,-0.8773844,0.7452115,0.4681792,0.4748348,0.5617658,-0.82443357,-0.06876427
1355991439323,0.25869167,0.2622636,-0.92967546,0.7808159,0.50983894,0.36109674,0.5686873,-0.81931806,-0.07288849
1355991439363,0.18165445,0.20849138,-0.9610062,0.807888,0.5255238,0.2667242,0.56064135,-0.82483697,-0.07297397
1355991439403,0.12626372,0.1641159,-0.97832686,0.83277214,0.51835,0.19443238,0.5390251,-0.8392731,-0.071222305
1355991439443,0.09172928,0.13411203,-0.98671156,0.8553432,0.49675816,0.14703518,0.5098762,-0.8574645,-0.06914455
1355991439483,0.08153415,0.12032333,-0.98938084,0.87403643,0.46842343,0.12899593,0.47897038,-0.8752725,-0.06697446
1355991439523,0.100314945,0.12295964,-0.98732865,0.88785887,0.43680146,0.14460683,0.44904742,-0.8911147,-0.065353096
1355991439563,0.14814152,0.14213961,-0.97869825,0.89481395,0.4021564,0.19385079,0.42114365,-0.9044703,-0.06761247
1355991439603,0.21392837,0.17924863,-0.9602628,0.89156586,0.3658742,0.2669203,0.39918044,-0.91323924,-0.08154106
1355991439645,0.267439,0.23610362,-0.9342009,0.88052547,0.33387595,0.33645457,0.39134535,-0.91256887,-0.118603766
1355991439683,0.27799594,0.31040993,-0.9090456,0.8723546,0.31459743,0.37420034,0.40213892,-0.8970363,-0.18333071
1355991439723,0.23580801,0.39024174,-0.8900033,0.8731704,0.31692702,0.37031174,0.42657718,-0.864447,-0.26601356
1355991439764,0.18711615,0.4584488,-0.8687993,0.8728119,0.32824224,0.36118752,0.45076263,-0.8258824,-0.33872014
1355991439806,0.1921888,0.50629395,-0.8406723,0.8639218,0.31906623,0.3896612,0.4655133,-0.8011637,-0.3760774
1355991439846,0.26317343,0.5332775,-0.80396193,0.8420658,0.2797092,0.46118098,0.47081298,-0.79835945,-0.37544274
1355991439885,0.3865822,0.53433573,-0.75169116,0.7943454,0.22120363,0.56576,0.46858257,-0.8158151,-0.3389337
1355991439922,0.49963206,0.51360637,-0.69755024,0.73206717,0.18013102,0.6569859,0.4630826,-0.83890486,-0.2859951
1355991439962,0.58118916,0.48200938,-0.655657,0.67302847,0.16819614,0.72023785,0.45744044,-0.8598703,-0.22665232
1355991440002,0.62515086,0.4488712,-0.63851476,0.6345201,0.1841,0.7506608,0.45450053,-0.8744266,-0.1697275
1355991440042,0.6383847,0.41764477,-0.6465584,0.62010694,0.21857223,0.75345445,0.45599604,-0.88192916,-0.119451225
1355991440082,0.62636536,0.38824406,-0.6759682,0.6274543,0.26345718,0.7327288,0.46256635,-0.8830951,-0.07858497
1355991440122,0.5913091,0.36016056,-0.72155243,0.6520934,0.3128847,0.690563,0.47447628,-0.87885576,-0.0498468
1355991440162,0.5335196,0.33320218,-0.7773887,0.6882095,0.36326495,0.6280178,0.491655,-0.87006605,-0.035503924
1355991440222,0.45503423,0.30687687,-0.835925,0.7281505,0.41213742,0.54766744,0.5125824,-0.8578866,-0.03591594
1355991440242,0.36422482,0.27996403,-0.8882344,0.76339346,0.45655325,0.45693487,0.5334517,-0.8444994,-0.047434688
1355991440282,0.27666754,0.25092468,-0.927627,0.78891015,0.49187464,0.36834776,0.54870373,-0.83372426,-0.06187129
1355991440319,0.20667467,0.21982571,-0.9533951,0.8071859,0.51237845,0.29311964,0.5529344,-0.8301475,-0.07154459
1355991440363,0.15837389,0.18978825,-0.96896756,0.8244474,0.51459265,0.23554406,0.5433271,-0.83616674,-0.07497233
1355991440403,0.12904254,0.16540924,-0.97774625,0.8433728,0.5003257,0.19595009,0.5216036,-0.84989053,-0.07493842
1355991440442,0.11682905,0.15078944,-0.9816382,0.8610514,0.47717226,0.175776,0.49491572,-0.86577666,-0.074089885
1355991440483,0.12277955,0.14702556,-0.98148286,0.8751633,0.450314,0.17693615,0.46798956,-0.880682,-0.07338202
1355991440523,0.1499632,0.15493819,-0.9764759,0.8837445,0.42181504,0.20265159,0.44329065,-0.8933455,-0.07366902
1355991440566,0.19579951,0.17476231,-0.9649459,0.88525623,0.39182216,0.25059283,0.4218814,-0.9032904,-0.07799089
1355991440603,0.2462807,0.20883867,-0.9464313,0.8792813,0.36261985,0.30882224,0.40768874,-0.90823627,-0.09432167
1355991440650,0.2798425,0.261191,-0.923833,0.8693881,0.33925277,0.35926569,0.4072499,-0.90370727,-0.13213903
1355991440683,0.2711495,0.33175772,-0.9035567,0.8640793,0.32969198,0.38035527,0.4240812,-0.8838779,-0.1972692
1355991440723,0.22530013,0.40817338,-0.8846662,0.86417943,0.33559853,0.37492347,0.44992647,-0.84898067,-0.27712464
1355991440764,0.17666739,0.46998113,-0.86481583,0.8639619,0.34689516,0.36501187,0.47154906,-0.81165355,-0.34476066
1355991440803,0.16153139,0.50642323,-0.84702003,0.8607179,0.3475803,0.37195775,0.48277554,-0.7891282,-0.37974244
1355991440877,0.19461873,0.51770526,-0.83312947,0.8526326,0.33061108,0.4046158,0.48491353,-0.7890992,-0.3770693
1355991440882,0.26515523,0.50757086,-0.8197954,0.835454,0.30351827,0.45814118,0.48136204,-0.8063798,-0.34357268
1355991440909,0.33291513,0.48689783,-0.8075259,0.8139311,0.28401738,0.5068041,0.4761132,-0.8259932,-0.30174756
1355991440953,0.41366178,0.4545296,-0.78885156,0.7804829,0.2690724,0.56431067,0.4687541,-0.84911895,-0.2434476
1355991440993,0.4790496,0.4154451,-0.77325094,0.7468648,0.2699277,0.607727,0.46119905,-0.86864525,-0.18097255
1355991441032,0.52323675,0.37564337,-0.76492834,0.72008646,0.28513962,0.6325906,0.45573986,-0.8818092,-0.12130016
1355991441072,0.5436539,0.3386594,-0.76795197,0.7055005,0.3112536,0.6367026,0.45465314,-0.8879363,-0.069710165
1355991441112,0.53958744,0.30653596,-0.78414357,0.7052654,0.34411147,0.619829,0.45983267,-0.8874813,-0.030510992
1355991441152,0.5104902,0.28010833,-0.8129816,0.7185605,0.38034263,0.58224595,0.4723035,-0.88140726,-0.0071136057
1355991441192,0.4568885,0.25879484,-0.8510453,0.74155134,0.41758955,0.52509105,0.49127847,-0.87100184,-0.0011177659
1355991441232,0.3834196,0.24038392,-0.8917427,0.7675664,0.45404342,0.4524228,0.51364505,-0.8579394,-0.010421455
1355991441272,0.30220738,0.22138283,-0.9271786,0.7893977,0.48710433,0.3736047,0.5343424,-0.8448189,-0.027552605
1355991441313,0.2297706,0.19908297,-0.95266545,0.8047502,0.5116326,0.30101365,0.54734147,-0.8358218,-0.04265392
1355991441354,0.17617474,0.17417338,-0.9688272,0.81798446,0.52161807,0.24252024,0.5475983,-0.8352115,-0.050575197
1355991441394,0.14106385,0.15068176,-0.97846615,0.83350027,0.51524067,0.19951037,0.53420806,-0.8436955,-0.05291146
1355991441433,0.12151861,0.13318294,-0.9836135,0.85091895,0.49623013,0.17231551,0.5110481,-0.8579149,-0.053026676
1355991441474,0.11812782,0.124777734,-0.98512757,0.86714864,0.47042483,0.16356558,0.48383784,-0.8735737,-0.052630603
1355991441513,0.13472225,0.12706515,-0.9827026,0.8793695,0.44174767,0.17767462,0.45668283,-0.8880954,-0.05222392
1355991441554,0.17356844,0.14027801,-0.97477996,0.8858892,0.41013938,0.21676272,0.4302027,-0.9011702,-0.05308354
1355991441593,0.23220657,0.165905,-0.9584131,0.884025,0.37497562,0.2790934,0.4056846,-0.9120685,-0.059592426
1355991441635,0.29221892,0.20583943,-0.93393695,0.8739679,0.33904368,0.34818035,0.38831472,-0.9179757,-0.08082205
1355991441673,0.32608974,0.2634011,-0.90790164,0.8630814,0.30888015,0.39960426,0.38568893,-0.91389984,-0.12661391
1355991441713,0.31516615,0.33643037,-0.8874034,0.86096436,0.29202446,0.4164878,0.3992626,-0.8952856,-0.1976183
1355991441753,0.27577618,0.41128987,-0.86878544,0.8648464,0.28829488,0.4110069,0.41950935,-0.8647119,-0.27619773
1355991441793,0.25123143,0.47100413,-0.8455991,0.86460376,0.28353703,0.41480973,0.43513578,-0.8353214,-0.33599854
1355991441833,0.27308258,0.50771123,-0.8171017,0.85381883,0.26339605,0.44901657,0.44319212,-0.8202754,-0.36156458
1355991441879,0.33901283,0.5206284,-0.783592,0.82781786,0.23064551,0.51139045,0.44697633,-0.82203937,-0.3527937
1355991441914,0.42086875,0.51321393,-0.7479846,0.7876274,0.20231551,0.5819892,0.45001394,-0.8340743,-0.31907314
1355991441953,0.4919412,0.49260375,-0.7178687,0.7431474,0.19197422,0.6409975,0.45357004,-0.8488153,-0.27163717
1355991441994,0.54186976,0.46516588,-0.69999844,0.7051203,0.20162377,0.6798185,0.45736474,-0.86195624,-0.21874407
1355991442033,0.56987804,0.4343224,-0.6975694,0.68044937,0.22649595,0.69691336,0.4606817,-0.8718163,-0.16645929
1355991442073,0.57898664,0.40163562,-0.7095514,0.6705564,0.2604966,0.694619,0.4638194,-0.87796944,-0.118495286
1355991442114,0.5681453,0.36890322,-0.73560953,0.67627805,0.30002362,0.67278063,0.46889114,-0.8797138,-0.079024136
1355991442153,0.53511584,0.3384958,-0.77399707,0.69570595,0.34315437,0.6310612,0.47921205,-0.8761653,-0.051866204
1355991442195,0.4787906,0.3115512,-0.8207895,0.7239491,0.38877478,0.56987,0.496646,-0.8670583,-0.039405525
1355991442236,0.4020161,0.28744516,-0.8693436,0.75331223,0.43587303,0.4924787,0.52048403,-0.85287154,-0.041307986
1355991442275,0.31890053,0.26142853,-0.91102004,0.77586335,0.4800703,0.40935135,0.5443698,-0.83736944,-0.04973817
1355991442316,0.2457706,0.23335212,-0.9408207,0.7901662,0.51395845,0.33389246,0.5614573,-0.8254657,-0.058071077
1355991442355,0.18968028,0.20366511,-0.96049047,0.803306,0.53029495,0.27108428,0.5645536,-0.8229871,-0.06301892
1355991442396,0.15168312,0.17709813,-0.9724343,0.82170546,0.5242003,0.22363847,0.54935634,-0.83297676,-0.06601012
1355991442434,0.12865992,0.15785348,-0.9790449,0.8440778,0.5007954,0.19166768,0.52055657,-0.85105,-0.06880832
1355991442475,0.121060595,0.1483728,-0.98149365,0.8657026,0.46801966,0.1775293,0.48569888,-0.8711734,-0.07178801
1355991442515,0.1319555,0.14952514,-0.97991323,0.883214,0.43106288,0.18470988,0.45002294,-0.88984656,-0.075181544
1355991442555,0.16390719,0.16192442,-0.97309554,0.89424413,0.39208186,0.2158685,0.4164875,-0.9055674,-0.080534935
1355991442594,0.20906337,0.18596321,-0.9600574,0.89793724,0.35231894,0.26378024,0.3872998,-0.9172181,-0.09332633
1355991442635,0.25183916,0.22585577,-0.9410453,0.89525014,0.3149494,0.31517315,0.36756527,-0.9218439,-0.12288082
1355991442673,0.26644227,0.2851113,-0.9207172,0.893033,0.2863696,0.34710875,0.36263007,-0.9147153,-0.17831284
1355991442713,0.23980123,0.3602239,-0.9015177,0.8964467,0.27429998,0.34805572,0.37266427,-0.8916267,-0.25714403
1355991442753,0.18953776,0.43541616,-0.8800501,0.90061826,0.279921,0.3324621,0.39110392,-0.85560334,-0.33908814
1355991442793,0.15746388,0.49306756,-0.8556223,0.89853615,0.28790757,0.33127344,0.40968034,-0.82097113,-0.397704
1355991442834,0.17414814,0.52622736,-0.8323204,0.8884368,0.2805603,0.3632713,0.42467934,-0.80272704,-0.41866064
1355991442878,0.23649344,0.53565615,-0.8106438,0.8680447,0.25836757,0.42396313,0.4365425,-0.8039395,-0.40387124
1355991442913,0.32067937,0.5244565,-0.78873956,0.83534384,0.2359488,0.4965167,0.44650352,-0.8180914,-0.36243755
1355991442954,0.4006849,0.49861294,-0.768659,0.7952247,0.22741264,0.5620508,0.45504856,-0.8364619,-0.30538857
1355991442993,0.45967352,0.46568024,-0.7562025,0.75830936,0.23738265,0.6071379,0.46224147,-0.8525207,-0.24401116
1355991443033,0.4952715,0.43038997,-0.7546328,0.731385,0.26219058,0.629549,0.4688092,-0.8637248,-0.18492526
1355991443073,0.5084111,0.39503133,-0.765159,0.7175611,0.29687828,0.63005507,0.4760506,-0.86937535,-0.13252294
1355991443113,0.50112975,0.3609812,-0.7864868,0.7162924,0.33694968,0.61105657,0.48558635,-0.8695731,-0.08971256
1355991443153,0.47533673,0.3295781,-0.815741,0.72476834,0.37893927,0.5754267,0.49876434,-0.86474466,-0.058744043
1355991443193,0.4332932,0.30201063,-0.8491446,0.73912525,0.42004696,0.52654946,0.51570415,-0.8557745,-0.041220248
1355991443233,0.37918806,0.27842826,-0.88243645,0.75523037,0.45789135,0.46900165,0.53464335,-0.8442826,-0.03665054
1355991443272,0.32108632,0.25714543,-0.91147125,0.76962984,0.4899961,0.4093578,0.5518818,-0.8329346,-0.040575743
1355991443313,0.26996416,0.23550603,-0.93362534,0.7818514,0.5123128,0.35530812,0.5619855,-0.8258768,-0.045824647
1355991443352,0.2340352,0.21262485,-0.94869286,0.7951171,0.5196706,0.31261992,0.5594786,-0.82748604,-0.04744047
1355991443392,0.21514717,0.19105592,-0.95771044,0.8119315,0.50994015,0.2841274,0.5426592,-0.83872443,-0.045412123
1355991443432,0.21230288,0.17480212,-0.96144253,0.830244,0.48663646,0.27180853,0.5153857,-0.8559376,-0.04181409
1355991443473,0.22594666,0.1667794,-0.9597566,0.8452444,0.45621288,0.27826542,0.48426235,-0.87410206,-0.0378896
1355991443512,0.25784272,0.16810536,-0.9514503,0.8528532,0.42316985,0.30589,0.4540469,-0.890319,-0.03425795
1355991443552,0.30709243,0.17902684,-0.93468904,0.8508233,0.38837612,0.35392642,0.4263732,-0.9039433,-0.033052802
1355991443592,0.3653727,0.20171079,-0.908744,0.83873296,0.35211506,0.41538164,0.4037694,-0.9139626,-0.040528297
1355991443633,0.4141356,0.2420285,-0.87744737,0.8211676,0.3165073,0.4748757,0.39265192,-0.91719425,-0.067668974
1355991443673,0.43353966,0.30664504,-0.84735596,0.80813444,0.28373566,0.5161519,0.39870048,-0.9085499,-0.12479973
1355991443718,0.4149616,0.39356172,-0.82031465,0.80764425,0.25582132,0.53128743,0.4189484,-0.8829862,-0.21170181
1355991443753,0.38148254,0.479707,-0.7901597,0.81344914,0.23179775,0.5334513,0.43905762,-0.8462571,-0.30179048
1355991443793,0.36223918,0.541676,-0.7585314,0.81607014,0.20888537,0.5388844,0.4503469,-0.81421983,-0.36637914
1355991443834,0.37659,0.56905776,-0.7309947,0.8079471,0.18428725,0.5596961,0.4532124,-0.801381,-0.3903678
1355991443878,0.41821757,0.5653366,-0.71097714,0.78788507,0.16373941,0.5936552,0.45203,-0.80844533,-0.37694162
1355991443913,0.4696312,0.53984165,-0.69858253,0.7596954,0.15602255,0.6312843,0.44978818,-0.8271808,-0.33684218
1355991443953,0.51514244,0.50312126,-0.6939,0.7307699,0.16523898,0.6623228,0.44788802,-0.8482718,-0.28254426
1355991444012,0.5476892,0.46262836,-0.69714534,0.7072395,0.18921456,0.6811829,0.4470446,-0.86612517,-0.22355834
1355991444042,0.57108504,0.41768372,-0.7066839,0.68763447,0.22678322,0.6897304,0.44835317,-0.879835,-0.15770125
1355991444082,0.57356787,0.3738594,-0.7288683,0.68434644,0.270331,0.6771935,0.45021087,-0.8872149,-0.10079619
1355991444119,0.56410146,0.33586988,-0.7543082,0.6893914,0.3112155,0.65412873,0.45445454,-0.8890086,-0.0559887
1355991444163,0.54048675,0.30673972,-0.7834442,0.7018472,0.34914422,0.6208936,0.46398777,-0.88544285,-0.026576579
1355991444203,0.5015168,0.28782934,-0.8158647,0.7197769,0.38440007,0.5780638,0.48000216,-0.8771493,-0.014389813
1355991444242,0.44923413,0.27790448,-0.8490923,0.73943317,0.4177488,0.5279436,0.5014252,-0.8650174,-0.017824769
1355991444282,0.39126915,0.27099982,-0.87947005,0.75662243,0.44927293,0.47505414,0.5238617,-0.8513007,-0.029257894
1355991444322,0.3393164,0.2605947,-0.9038555,0.770386,0.47438744,0.42598343,0.53978676,-0.84086084,-0.039791107
1355991444363,0.30152768,0.24478889,-0.92149854,0.7847407,0.48521972,0.38567337,0.54153776,-0.83942854,-0.045788586
1355991444404,0.27933216,0.2270565,-0.9329624,0.8025042,0.47829783,0.3566766,0.52721965,-0.84833753,-0.048609853
1355991444443,0.27144873,0.21240166,-0.93872315,0.82101643,0.45786786,0.34101188,0.5022426,-0.86327434,-0.050097585
1355991444483,0.27775595,0.20426998,-0.9386828,0.8354367,0.4310055,0.34099808,0.47423315,-0.87892437,-0.050940335
1355991444525,0.29936323,0.20403156,-0.9320691,0.8425683,0.40186408,0.35858604,0.44772798,-0.89267933,-0.05160719
1355991444563,0.33549678,0.21257153,-0.91774464,0.8411281,0.37108946,0.3934415,0.42419982,-0.9039392,-0.054300547
1355991444603,0.3785498,0.233008,-0.8957719,0.8316953,0.33907497,0.43967146,0.4061808,-0.91144687,-0.06543493
1355991444649,0.4122444,0.27180836,-0.86958313,0.819083,0.3073736,0.48438057,0.3989456,-0.9119439,-0.09592056
1355991444686,0.41495073,0.3363465,-0.8453916,0.81394494,0.27798635,0.51011485,0.40658265,-0.89977473,-0.15841693
1355991444723,0.39436707,0.41361582,-0.8206075,0.8173418,0.25028536,0.5189505,0.4200322,-0.8753738,-0.23936117
1355991444764,0.36088493,0.48538756,-0.79634225,0.8269491,0.228237,0.5138706,0.4311812,-0.8439827,-0.31902355
1355991444804,0.34664845,0.53369117,-0.7713679,0.8301772,0.20823509,0.51714987,0.43662414,-0.8196413,-0.37087387
1355991444846,0.36704117,0.5531754,-0.74784875,0.819488,0.18811029,0.5413446,0.44013655,-0.8115489,-0.3842764
1355991444885,0.41469318,0.5484337,-0.7261198,0.7931972,0.17319673,0.58381593,0.44594592,-0.81806076,-0.36319256
1355991444922,0.46960512,0.52862453,-0.707126,0.7567891,0.17146614,0.6307691,0.4546881,-0.83135766,-0.31953585
1355991444962,0.5172436,0.5018762,-0.6932383,0.71863383,0.18520427,0.6702722,0.46478432,-0.8448785,-0.26486948
1355991445002,0.55155593,0.47304943,-0.68703,0.68581337,0.21166277,0.69631803,0.47481152,-0.8552327,-0.20767978
1355991445042,0.5711385,0.444439,-0.69012666,0.66260535,0.24663618,0.707195,0.4845152,-0.8611879,-0.15362424
1355991445084,0.57566637,0.41736206,-0.703148,0.6510525,0.2863145,0.70296127,0.49471083,-0.86245745,-0.10690299
1355991445124,0.56449664,0.3926705,-0.7260533,0.6517122,0.32779166,0.68397653,0.5065716,-0.8592802,-0.07087085
1355991445166,0.53709453,0.37070322,-0.75769955,0.6632639,0.36938325,0.65087396,0.52116257,-0.8521356,-0.047480375
1355991445205,0.4950817,0.34907955,-0.79563653,0.68330187,0.40918025,0.6047066,0.53664947,-0.8430391,-0.03594905
1355991445245,0.44353783,0.32728195,-0.83436245,0.70729804,0.44394368,0.5501304,0.55045766,-0.83414656,-0.034580052
1355991445283,0.389669,0.30176404,-0.8701129,0.7326673,0.47086072,0.49141508,0.5579934,-0.82899255,-0.037612855
1355991445323,0.34300646,0.27156287,-0.899222,0.75766724,0.48586944,0.43574214,0.55523586,-0.8307735,-0.039097965
1355991445364,0.30819425,0.23958349,-0.9206606,0.7828076,0.4860588,0.3885345,0.5405817,-0.84044427,-0.037747264
1355991445403,0.2849263,0.21114877,-0.93500435,0.80777264,0.47226322,0.3528042,0.5160624,-0.8557942,-0.036000013
1355991445444,0.2732846,0.19092703,-0.94279504,0.8299931,0.44862038,0.33143806,0.48623756,-0.87309027,-0.035867095
1355991445483,0.27576497,0.18174791,-0.9438863,0.8459934,0.42029688,0.32809398,0.45634282,-0.8889984,-0.037854373
1355991445523,0.29460585,0.18448466,-0.9376421,0.8539284,0.38962388,0.34496307,0.42896816,-0.9023074,-0.042751193
1355991445563,0.3282796,0.20027229,-0.92310536,0.8530215,0.35687464,0.38078177,0.40569296,-0.9124316,-0.05368191
1355991445603,0.3644035,0.23162284,-0.90197617,0.84555864,0.32352573,0.4246902,0.3901804,-0.91743225,-0.077956736
1355991445647,0.38017425,0.28263596,-0.88067275,0.8394586,0.29430065,0.45683312,0.3883,-0.91296446,-0.12537563
1355991445685,0.35049498,0.35481983,-0.8667503,0.84533376,0.2785594,0.45586783,0.40319234,-0.8924727,-0.20230752
1355991445725,0.28824878,0.43424994,-0.8534282,0.8577263,0.2791311,0.43173075,0.4256974,-0.85645366,-0.29200834
1355991445766,0.22244152,0.501796,-0.83589506,0.86663115,0.290993,0.40530676,0.44662094,-0.8145698,-0.37014312
1355991445805,0.2034198,0.54707265,-0.8119925,0.8644458,0.28906024,0.4113121,0.4597324,-0.78559256,-0.41411412
1355991445846,0.2522223,0.5685878,-0.7830018,0.8479471,0.25999343,0.46194053,0.46622905,-0.7804558,-0.41655624
1355991445884,0.34983575,0.5668809,-0.74582905,0.8106372,0.21586502,0.5443066,0.46955544,-0.7950147,-0.38401747
1355991445922,0.4521606,0.5467609,-0.70470077,0.75661314,0.18325967,0.62765616,0.47232106,-0.81698734,-0.33082372
1355991445962,0.5317923,0.51737773,-0.67046046,0.700601,0.17599356,0.6915089,0.47576806,-0.83746433,-0.26888335
1355991446004,0.5807821,0.48618585,-0.6529284,0.6573196,0.19307798,0.7284585,0.4802323,-0.8522583,-0.20744324
1355991446043,0.60286206,0.4556907,-0.6549071,0.63302314,0.22643828,0.74027514,0.48563254,-0.8608552,-0.15195176
1355991446084,0.6030019,0.4254657,-0.6748094,0.6280265,0.2684183,0.7304344,0.491906,-0.8642515,-0.10534695
1355991446123,0.5832509,0.39490357,-0.7098377,0.64035505,0.314116,0.70091116,0.49976373,-0.8633553,-0.06967008
1355991446163,0.5427946,0.36401528,-0.7568796,0.6667742,0.36118785,0.6518861,0.51067215,-0.8585081,-0.04666516
1355991446204,0.4812854,0.33257198,-0.8110242,0.7019353,0.40795064,0.5838349,0.5250249,-0.85027766,-0.037103355
1355991446244,0.40351585,0.29951575,-0.8645607,0.7384478,0.45131603,0.5010078,0.5402498,-0.8405975,-0.039063573
1355991446283,0.3220401,0.263779,-0.9092364,0.7695441,0.48647568,0.41369456,0.5514453,-0.8329238,-0.04632491
1355991446323,0.2521935,0.22589341,-0.9409413,0.7937428,0.50790316,0.3346741,0.55350775,-0.83126795,-0.051211357
1355991446363,0.20169389,0.18899184,-0.9610419,0.81509286,0.51167405,0.27168584,0.54308665,-0.83813584,-0.05084443
1355991446406,0.16945706,0.15785027,-0.97281426,0.83690083,0.49823445,0.22662619,0.5204626,-0.85255253,-0.04767567
1355991446444,0.15365942,0.1367321,-0.9786179,0.8578747,0.47300607,0.20078886,0.49034652,-0.8703847,-0.044617176
1355991446485,0.15651792,0.128041,-0.9793403,0.8747264,0.4424798,0.19764927,0.45864555,-0.88759065,-0.042744875
1355991446524,0.18219213,0.13263986,-0.9742754,0.8848034,0.41006655,0.22128782,0.4288693,-0.9023591,-0.04264927
1355991446565,0.23150882,0.15092123,-0.96105486,0.88570154,0.37594453,0.27239412,0.4024133,-0.9142694,-0.04663664
1355991446604,0.29357213,0.18386862,-0.9380873,0.8760606,0.34094727,0.34098795,0.38253528,-0.9219259,-0.060987413
1355991446650,0.34224123,0.23375991,-0.9100698,0.8611171,0.30951452,0.4033337,0.37596306,-0.9217142,-0.09536606
1355991446686,0.33814567,0.30262214,-0.8911102,0.8569011,0.29246074,0.42448455,0.38907316,-0.9071309,-0.16042292
1355991446725,0.29457542,0.38063532,-0.8765513,0.8619538,0.2902256,0.41569796,0.41262698,-0.8780011,-0.24259675
1355991446766,0.2354182,0.45063746,-0.86110634,0.86845934,0.30020416,0.39453247,0.4362988,-0.840716,-0.32068682
1355991446814,0.23899168,0.50141716,-0.831543,0.8603866,0.28762758,0.4207198,0.45013088,-0.81599706,-0.36267203
1355991446887,0.31018108,0.5313185,-0.78834534,0.83441025,0.24522829,0.49358144,0.45557356,-0.8109031,-0.36727244
1355991446893,0.42096758,0.53600365,-0.7317694,0.78387743,0.19096398,0.59082055,0.45642358,-0.8223338,-0.3397715
1355991446919,0.5069968,0.52535677,-0.68334067,0.7311319,0.15776342,0.6637446,0.4565089,-0.83612853,-0.30411956
1355991446951,0.57197964,0.5077297,-0.64424366,0.68094903,0.14397898,0.7180379,0.4573267,-0.8494001,-0.26338503
1355991446992,0.6195058,0.48534128,-0.6169735,0.6351741,0.15191191,0.7572824,0.46126604,-0.8610264,-0.2141659
1355991447032,0.6382453,0.46131438,-0.6163051,0.61103255,0.18340456,0.7700662,0.46827576,-0.86807364,-0.16482097
1355991447072,0.63355243,0.43689537,-0.63854027,0.60847974,0.2283904,0.7599936,0.47787416,-0.87003464,-0.12114468
1355991447112,0.60824805,0.41127682,-0.6788855,0.62470436,0.2795979,0.7290881,0.48967198,-0.86756927,-0.08686152
1355991447152,0.562938,0.383399,-0.7321926,0.6551626,0.33305502,0.67811227,0.503848,-0.8614403,-0.063699365
1355991447192,0.4976513,0.35223603,-0.7926368,0.69384885,0.3867114,0.6074769,0.5204969,-0.85228175,-0.05195111
1355991447233,0.41538405,0.31679863,-0.85269845,0.7332004,0.43821985,0.5199812,0.53839874,-0.84119076,-0.05024737
1355991447272,0.3266254,0.27693152,-0.90367293,0.7655307,0.48324,0.42478445,0.55432713,-0.8305348,-0.05416113
1355991447312,0.24795613,0.23478937,-0.93988913,0.7883408,0.5149809,0.33662045,0.56305987,-0.8244201,-0.05740136
1355991447355,0.19115716,0.19515353,-0.96196365,0.80676085,0.5269974,0.2672279,0.5591028,-0.82715714,-0.056702852
1355991447394,0.15814716,0.16360325,-0.9737677,0.8264235,0.5177748,0.22120899,0.5403829,-0.83972806,-0.053320944
1355991447433,0.14844815,0.14485303,-0.97825396,0.84692705,0.4920959,0.20138574,0.510566,-0.8584051,-0.04962921
1355991447474,0.16608,0.14218813,-0.97580737,0.86333233,0.45721918,0.21355999,0.47652358,-0.8779141,-0.0468207
1355991447514,0.21937644,0.15769684,-0.96281135,0.86862004,0.41780263,0.26634604,0.44426703,-0.8947473,-0.045322597
1355991447554,0.31218904,0.19075638,-0.93067175,0.85415965,0.37247527,0.3628683,0.41587168,-0.9082258,-0.046653688
1355991447594,0.4422294,0.24082905,-0.8639644,0.805939,0.31599206,0.5006109,0.3935675,-0.9176875,-0.05435258
1355991447635,0.5601988,0.297851,-0.7729568,0.7348287,0.25203753,0.62968564,0.3823666,-0.9207399,-0.07767832
1355991447674,0.63054883,0.36284637,-0.68611264,0.67229795,0.18639961,0.71642905,0.38784477,-0.91301566,-0.12640679
1355991447715,0.6404821,0.43782276,-0.6309468,0.6497595,0.12902308,0.74911,0.40938407,-0.88975525,-0.20184249
1355991447753,0.6141772,0.5159341,-0.59715843,0.65737414,0.08418888,0.7488467,0.43662962,-0.8524812,-0.28745487
1355991447793,0.6038492,0.57757074,-0.5493434,0.6532485,0.03633994,0.756271,0.4567631,-0.8155314,-0.3553534
1355991447834,0.64723337,0.6031307,-0.46617842,0.6043705,-0.033305317,0.79600704,0.46457005,-0.79694676,-0.38607067
1355991447896,0.71676576,0.592193,-0.36817697,0.5208156,-0.10355139,0.84736544,0.46367863,-0.7991149,-0.38264546
1355991447916,0.7836081,0.5557758,-0.27761775,0.42039934,-0.14536151,0.89561963,0.4574088,-0.8185251,-0.34755424
1355991447953,0.8238043,0.52107406,-0.22322252,0.34326068,-0.14516011,0.92795515,0.4511303,-0.84107697,-0.29844776
1355991447993,0.8444045,0.4965463,-0.20105442,0.29358557,-0.11500737,0.9489894,0.4480944,-0.8603575,-0.24289156
1355991448033,0.8510428,0.48251134,-0.20714477,0.2715562,-0.06678754,0.96010244,0.4494256,-0.8733398,-0.187868
1355991448092,0.8479225,0.4749282,-0.23552206,0.2728396,-0.010049879,0.9620069,0.45451728,-0.8799671,-0.13810074
1355991448112,0.83617485,0.47011745,-0.28249103,0.29454768,0.049566507,0.9543504,0.46265888,-0.88121086,-0.09702574
1355991448152,0.8140526,0.46598133,-0.34666955,0.3355448,0.10985795,0.9355966,0.47405493,-0.8779479,-0.06692746
1355991448189,0.77819663,0.460868,-0.4266271,0.3940019,0.17072576,0.90311414,0.48905265,-0.8708922,-0.048724666
1355991448233,0.7251863,0.45289177,-0.5186462,0.4657206,0.23218167,0.85392976,0.50715786,-0.8608024,-0.042546064
1355991448272,0.65512145,0.43825907,-0.6154225,0.5428818,0.2934465,0.78687257,0.5254476,-0.8495988,-0.04567972
1355991448312,0.57593775,0.41424087,-0.70476955,0.61380535,0.35028765,0.7074896,0.53994316,-0.8400613,-0.05251938
1355991448352,0.5021255,0.38031107,-0.7766811,0.6711517,0.3950027,0.6273184,0.5453673,-0.8362634,-0.05690548
1355991448392,0.4447684,0.34081763,-0.82826596,0.71645004,0.4195687,0.5573703,0.5374761,-0.8413118,-0.057567894
1355991448432,0.40504932,0.3024795,-0.86281,0.7543498,0.42266268,0.5023072,0.51661515,-0.8543198,-0.05697614
1355991448474,0.38047972,0.27123848,-0.8841181,0.7854426,0.409883,0.46376273,0.48817527,-0.8708763,-0.057090104
1355991448516,0.37125087,0.25073907,-0.89403725,0.8076142,0.38792062,0.44415855,0.45818338,-0.88693154,-0.058484554
1355991448555,0.37949395,0.24237585,-0.892882,0.8192282,0.36044365,0.44603312,0.4299413,-0.900741,-0.06177491
1355991448596,0.40340933,0.24634305,-0.88123554,0.8206146,0.32864615,0.46752918,0.40478724,-0.91176033,-0.06957379
1355991448634,0.43117648,0.26440054,-0.8626582,0.81531125,0.2953471,0.4980337,0.38646394,-0.9180754,-0.088222
1355991448675,0.44241652,0.30077538,-0.8448679,0.81141007,0.26697525,0.5199402,0.381944,-0.9155645,-0.12593791
1355991448714,0.41806597,0.35758215,-0.83507836,0.8178386,0.25199282,0.51733905,0.39542496,-0.89924115,-0.18709487
1355991448755,0.36382785,0.42504153,-0.8288359,0.8310729,0.25371626,0.49491996,0.42065066,-0.8688888,-0.2609315
1355991448793,0.31173033,0.4836177,-0.81788635,0.8389343,0.2640496,0.47588557,0.4461093,-0.83450085,-0.32341123
1355991448833,0.2956791,0.51957095,-0.8016358,0.83417404,0.26851803,0.48171753,0.4655401,-0.8111375,-0.35401744
1355991448884,0.32392833,0.5301132,-0.78361374,0.81588626,0.26278886,0.5150453,0.47895724,-0.8061774,-0.3473873
