1355984140410,0.052704513,0.35688183,-0.9326616,0.77677214,0.5722919,0.26288205,0.6275725,-0.73832065,-0.2470535
1355984140435,-0.568231,-0.21744607,-0.79361874,0.53222656,0.63843405,-0.5560008,0.62757343,-0.7383219,-0.24704742
1355984140465,-0.56817555,-0.2174345,-0.7936616,0.5322795,0.6384256,-0.5559598,0.62757874,-0.7383326,-0.24700189
1355984140506,-0.56786966,-0.21738617,-0.79389375,0.53258944,0.6383468,-0.5557534,0.6275926,-0.73841494,-0.2467202
1355984140548,-0.567351,-0.21756616,-0.79421514,0.53315556,0.63798165,-0.5556298,0.62758094,-0.73867744,-0.24596292
1355984140587,-0.56679475,-0.21839994,-0.7943836,0.53383034,0.6370622,-0.55603683,0.62751013,-0.7392248,-0.24449497
1355984140628,-0.5662501,-0.22022212,-0.7942689,0.5345249,0.6354164,-0.55725145,0.6274106,-0.74010015,-0.24209034
1355984140668,-0.5655263,-0.22307889,-0.7939873,0.5353476,0.6330376,-0.5591657,0.6273619,-0.7412821,-0.23857462
1355984140708,-0.5644349,-0.2267772,-0.7937162,0.53645647,0.63002694,-0.5614985,0.62739766,-0.74272346,-0.23395306
1355984140748,-0.5631242,-0.2310931,-0.79340225,0.5377551,0.6265285,-0.56416446,0.62746364,-0.74435073,-0.22854185
1355984140791,-0.56188184,-0.23582241,-0.7928912,0.5390247,0.6227,-0.56718343,0.62748796,-0.7460781,-0.22276968
1355984140830,-0.56104654,-0.24085973,-0.791968,0.53981954,0.61885124,-0.5706294,0.62755203,-0.7476695,-0.21718359
1355984140872,-0.55415714,-0.23895484,-0.7973772,0.5463162,0.61833644,-0.5649767,0.6280513,-0.748706,-0.21211064
1355984140912,-0.5573645,-0.24834654,-0.79225546,0.54132426,0.6148183,-0.573556,0.6295338,-0.7485469,-0.20824194
1355984140954,-0.5585573,-0.25496006,-0.78930926,0.53679574,0.6143384,-0.5783068,0.63234806,-0.7467153,-0.20628166
1355984140993,-0.5585952,-0.25942874,-0.7878249,0.5316951,0.61701095,-0.5801704,0.6366095,-0.7429631,-0.20672238
1355984141031,-0.5580151,-0.26207626,-0.7873597,0.5261747,0.62195134,-0.5799282,0.6416848,-0.73789746,-0.20916033
1355984141072,-0.5574333,-0.26328787,-0.7873675,0.5198631,0.6287438,-0.5782937,0.6473102,-0.7316835,-0.2136091
1355984141112,-0.557645,-0.2631758,-0.78725517,0.51304644,0.6362921,-0.57612133,0.65254545,-0.72516954,-0.21980375
1355984141158,-0.5614464,-0.2640034,-0.7842704,0.50437146,0.6421823,-0.5772446,0.6560391,-0.7196556,-0.22739512
1355984141192,-0.5645967,-0.25866675,-0.78378695,0.49981576,0.64855283,-0.5740761,0.65682167,-0.71587056,-0.23688507
1355984141231,-0.5744913,-0.2547822,-0.7778469,0.49153054,0.65249854,-0.5767524,0.6544902,-0.7136748,-0.24962151
1355984141270,-0.5885045,-0.25088155,-0.7685836,0.48066264,0.6558223,-0.5821173,0.6500967,-0.7120081,-0.26536494
1355984141309,-0.6047044,-0.24657655,-0.7573193,0.46735102,0.66009843,-0.58809274,0.64491516,-0.7095563,-0.2839266
1355984141351,-0.6197983,-0.2408947,-0.7468733,0.45328507,0.6670084,-0.5912972,0.6406111,-0.7050316,-0.30421674
1355984141391,-0.63071835,-0.23295206,-0.74022144,0.4415601,0.67666805,-0.5891902,0.6381373,-0.6984653,-0.3239246
1355984141455,-0.638198,-0.22349083,-0.73671913,0.4313463,0.6888305,-0.58262587,0.63768613,-0.6896118,-0.3432083
1355984141471,-0.6424724,-0.21191654,-0.7364242,0.42371204,0.7024973,-0.5718092,0.6385118,-0.6794034,-0.36154348
1355984141511,-0.6450538,-0.19889235,-0.737799,0.4170543,0.7174085,-0.5580239,0.64028996,-0.66765773,-0.3798182
1355984141550,-0.64626396,-0.18397337,-0.74060565,0.4114313,0.733369,-0.5411971,0.642703,-0.65446454,-0.3982575
1355984141591,-0.64821553,-0.1684832,-0.7425834,0.40347058,0.7510633,-0.52260447,0.6457772,-0.6383709,-0.4188729
1355984141630,-0.6526473,-0.15274385,-0.7421057,0.39117613,0.7708975,-0.50269103,0.64887047,-0.618374,-0.44337445
1355984141679,-0.66136104,-0.13806406,-0.7372516,0.37263027,0.7925608,-0.48269454,0.65095943,-0.5939576,-0.472722
1355984141721,-0.67842025,-0.12731922,-0.7235578,0.34116477,0.8176409,-0.46375632,0.65065557,-0.5614741,-0.51126736
1355984141760,-0.69224316,-0.11427308,-0.7125595,0.31753236,0.8384379,-0.44293907,0.648053,-0.5328822,-0.5441175
1355984141801,-0.7015421,-0.10216687,-0.7052663,0.3054909,0.85100657,-0.4271569,0.6438276,-0.515121,-0.5658059
1355984141840,-0.70238173,-0.08834504,-0.70629686,0.31179148,0.8538225,-0.41686106,0.63987976,-0.5130129,-0.5721641
1355984141890,-0.68580276,-0.067451596,-0.7246549,0.34906706,0.84321,-0.40883878,0.6386131,-0.5333359,-0.5547306
1355984141925,-0.65301853,-0.042199656,-0.75616527,0.40423942,0.8248999,-0.39513367,0.6404351,-0.56370145,-0.52161616
1355984141980,-0.5889993,-0.0042020977,-0.8081226,0.48493484,0.7981006,-0.35759425,0.6464657,-0.60250956,-0.46804297
1355984142011,-0.4791935,0.047923177,-0.87640005,0.58358204,0.7632215,-0.27735358,0.6555957,-0.6443573,-0.39369792
1355984142050,-0.363305,0.086295605,-0.9276651,0.6554426,0.7313007,-0.18866456,0.6621212,-0.676574,-0.32224703
1355984142090,-0.25850308,0.11023435,-0.9597002,0.6989455,0.7071185,-0.10704467,0.66682184,-0.6984495,-0.25984013
1355984142131,-0.1870065,0.1134074,-0.9757907,0.71755886,0.69417465,-0.056839645,0.6709232,-0.7108166,-0.21119171
1355984142171,-0.15503201,0.09773609,-0.9830629,0.72061324,0.69188476,-0.044855773,0.67578226,-0.7153622,-0.1776942
1355984142210,-0.1549702,0.0688194,-0.98551923,0.71539545,0.6957911,-0.06390646,0.6813175,-0.7149396,-0.15705997
1355984142252,-0.17572652,0.034488052,-0.9838347,0.7041223,0.70284057,-0.1011281,0.6879912,-0.7105109,-0.1477915
1355984142290,-0.20577568,-4.3010712E-4,-0.9785991,0.68890387,0.7101666,-0.14517194,0.6950308,-0.70403355,-0.14583868
1355984142331,-0.23959117,-0.032030195,-0.9703454,0.67032623,0.71754223,-0.1891979,0.7023238,-0.69577813,-0.15044606
1355984142369,-0.27616566,-0.060076505,-0.9592305,0.64870477,0.7247659,-0.23215625,0.7091647,-0.68637097,-0.16118354
1355984142411,-0.31597894,-0.08484948,-0.94496447,0.62370443,0.7319589,-0.27427888,0.71494764,-0.6760449,-0.17836261
1355984142449,-0.35877514,-0.106604904,-0.92731637,0.59561825,0.73876894,-0.31537175,0.7186927,-0.6654741,-0.20155609
1355984142475,-0.3951006,-0.123013005,-0.9103644,0.57075864,0.74363637,-0.34819463,0.7198125,-0.6571703,-0.22360039
1355984142520,-0.43010783,-0.13621128,-0.8924426,0.5512583,0.7432279,-0.3791129,0.7149277,-0.6550258,-0.24458057
1355984142559,-0.4534465,-0.14185935,-0.8799218,0.5433169,0.7386169,-0.39906377,0.70653605,-0.6590304,-0.25784868
1355984142599,-0.46487406,-0.14032872,-0.8741854,0.54944867,0.72850513,-0.40912896,0.694261,-0.67051333,-0.26155972
1355984142638,-0.46380156,-0.12856784,-0.8765606,0.56797624,0.7161819,-0.40556943,0.67992,-0.68596923,-0.25914282
1355984142699,-0.4505787,-0.1056671,-0.88646114,0.5960588,0.7036104,-0.38684142,0.66459966,-0.7026855,-0.2540481
1355984142718,-0.42215976,-0.068504065,-0.90392935,0.63229465,0.69228876,-0.34776387,0.64960337,-0.7183616,-0.24894166
1355984142759,-0.3755157,-0.014902979,-0.92669624,0.6745223,0.6813228,-0.2842867,0.635616,-0.7318313,-0.24579501
1355984142795,-0.30857703,0.057112485,-0.9494832,0.71846807,0.6681584,-0.19330785,0.62336487,-0.7418238,-0.24721187
1355984142840,-0.23349155,0.14164492,-0.96198666,0.7534522,0.65173286,-0.086914,0.6146474,-0.7451047,-0.25889677
1355984142880,-0.17887871,0.22754487,-0.9571968,0.7697582,0.6382869,0.0078829825,0.6127599,-0.73539996,-0.28933048
1355984142921,-0.17384356,0.29947826,-0.9381317,0.76651204,0.63922834,0.06201881,0.6182537,-0.70830774,-0.34067947
1355984142962,-0.2430855,0.33745188,-0.909415,0.7384611,0.6722826,0.052070647,0.6289551,-0.65891004,-0.4126172
1355984142999,-0.32278198,0.35874152,-0.8758518,0.700449,0.71289897,0.033857435,0.6365399,-0.6025609,-0.481391
1355984143042,-0.37274522,0.37865943,-0.8471588,0.6724853,0.7393031,0.03456074,0.6393939,-0.5568195,-0.5302146
1355984143079,-0.3649572,0.4182341,-0.83179706,0.6753323,0.7339202,0.07271373,0.6408841,-0.5352021,-0.55029655
1355984143121,-0.28505915,0.48667365,-0.8257664,0.7090035,0.6868085,0.16002548,0.6450235,-0.5398545,-0.5408343
1355984143160,-0.12937126,0.574119,-0.8084866,0.7463306,0.59320736,0.30182052,0.652881,-0.5643514,-0.5052265
1355984143201,0.07541114,0.6496749,-0.75646263,0.7453232,0.4672413,0.47558278,0.66242474,-0.59967333,-0.44898254
1355984143242,0.27223676,0.6870135,-0.67372066,0.6902319,0.34840482,0.6341876,0.670423,-0.63767266,-0.37935007
1355984143281,0.411593,0.68951553,-0.5959526,0.61287194,0.27456334,0.74094737,0.6745214,-0.6702113,-0.3095764
1355984143319,0.49836877,0.6768638,-0.5417416,0.54371023,0.24270037,0.803415,0.67528343,-0.6949474,-0.24706352
1355984143359,0.5449293,0.65986335,-0.51733196,0.49860153,0.24103677,0.83264506,0.67412794,-0.71167517,-0.19766086
1355984143399,0.5632555,0.6424039,-0.5196735,0.48012432,0.2574042,0.83858436,0.672476,-0.7218451,-0.16344935
1355984143454,0.55912554,0.624549,-0.54526794,0.48616105,0.28576034,0.8258259,0.6715847,-0.72682846,-0.14385548
1355984143479,0.5326354,0.604907,-0.591935,0.513599,0.32488012,0.7941468,0.67269284,-0.72700787,-0.13763696
1355984143519,0.47968885,0.58085376,-0.65765303,0.55842847,0.37602898,0.73943204,0.6767985,-0.7219495,-0.14398837
1355984143559,0.3956647,0.54823506,-0.73680925,0.61299515,0.43976188,0.65638894,0.68387604,-0.7113704,-0.16206717
1355984143599,0.28493458,0.5033096,-0.81577677,0.6637237,0.5104309,0.5467459,0.6915801,-0.69723725,-0.18861914
1355984143639,0.16908866,0.44882017,-0.877479,0.6983406,0.5736977,0.42800856,0.6955065,-0.6851506,-0.21642357
1355984143679,0.07664651,0.39531812,-0.9153409,0.7179543,0.6151455,0.32578772,0.6918576,-0.6821434,-0.23667157
1355984143720,0.021912131,0.35291982,-0.935397,0.7330657,0.6305211,0.25506437,0.6798048,-0.69129646,-0.24489737
1355984143761,0.003772676,0.32619137,-0.9452962,0.7505984,0.6236877,0.21821027,0.66074795,-0.71036106,-0.24248576
1355984143801,0.011325002,0.31529737,-0.9489253,0.768535,0.604368,0.20998412,0.6397075,-0.7316604,-0.23547256
1355984143842,0.041472495,0.31968337,-0.9466164,0.78471833,0.57603467,0.22891316,0.61846364,-0.7523209,-0.2269718
1355984143880,0.09513742,0.3411708,-0.9351746,0.794606,0.5398489,0.27778506,0.5996251,-0.769523,-0.21973652
1355984143921,0.16366696,0.37323904,-0.9131844,0.7953831,0.49767005,0.34596276,0.58359134,-0.7829541,-0.21541584
1355984143961,0.23743695,0.41310778,-0.87918466,0.7853849,0.4509827,0.42401087,0.57165927,-0.7911742,-0.21736866
1355984144001,0.28773588,0.45417476,-0.8431687,0.7719641,0.41107225,0.48486197,0.5668153,-0.79040813,-0.23232633
1355984144041,0.27709657,0.4928739,-0.8247987,0.77152145,0.39750463,0.4967341,0.5726886,-0.77399313,-0.2701156
1355984144080,0.1903739,0.5256347,-0.82913566,0.786279,0.4240644,0.44937152,0.5878122,-0.7374806,-0.3325647
1355984144119,0.03754735,0.5405037,-0.84050345,0.79454845,0.49394912,0.35313895,0.6060388,-0.6810801,-0.41090983
1355984144160,-0.11180431,0.5360487,-0.8367506,0.7769614,0.572118,0.26270133,0.6195408,-0.62075174,-0.48045444
1355984144201,-0.19606537,0.5300376,-0.82499605,0.7533255,0.62000513,0.21930401,0.62774116,-0.57849264,-0.5208524
1355984144240,-0.20171142,0.5369764,-0.8191269,0.7460095,0.6261395,0.22675793,0.63465136,-0.56533676,-0.52688897
1355984144281,-0.13944119,0.5565015,-0.8190618,0.7534301,0.5963678,0.27692702,0.64257234,-0.57849073,-0.5024432
1355984144320,-0.02803737,0.5785203,-0.815186,0.75857496,0.543403,0.3595514,0.6509824,-0.6082988,-0.4540866
1355984144360,0.09370339,0.5890013,-0.80268127,0.74730325,0.49110568,0.4476083,0.6578432,-0.64178866,-0.3941443
1355984144400,0.20044231,0.58540905,-0.7855693,0.7217877,0.45394677,0.5224508,0.6624541,-0.6717355,-0.3315509
1355984144449,0.27437305,0.5696956,-0.774704,0.6940752,0.44027072,0.56957984,0.6655667,-0.6939802,-0.2746132
1355984144483,0.3126268,0.5462291,-0.7771089,0.6739634,0.4489512,0.58669937,0.66935635,-0.70716095,-0.22778428
1355984144520,0.31710038,0.51589906,-0.7957987,0.667251,0.4749367,0.5737694,0.6739611,-0.7129399,-0.19363153
1355984144562,0.29392034,0.48283964,-0.8249102,0.6711536,0.51023287,0.53778744,0.68056136,-0.71170807,-0.1740917
1355984144600,0.24506792,0.44339913,-0.86217105,0.68284935,0.55234313,0.47815678,0.6882286,-0.7059138,-0.16741318
1355984144639,0.17504913,0.39961565,-0.89981395,0.69540656,0.596785,0.4003216,0.6969703,-0.69581246,-0.17342865
1355984144679,0.091154724,0.3511564,-0.93186903,0.70325667,0.6398366,0.30990183,0.705068,-0.68359214,-0.18862903
1355984144720,0.0092718005,0.30189258,-0.9532969,0.70545536,0.67367876,0.22020365,0.70869374,-0.67455006,-0.20672554
1355984144761,-0.055402696,0.2570325,-0.96481335,0.70911074,0.69040096,0.14320785,0.7029172,-0.6762254,-0.2205146
1355984144801,-0.09819903,0.2199954,-0.97054577,0.71968186,0.68927413,0.08342227,0.68732464,-0.6902921,-0.22601277
1355984144841,-0.118729055,0.19394973,-0.9738002,0.7398324,0.67138255,0.043514907,0.66223216,-0.71528244,-0.22320288
1355984144880,-0.11994222,0.18073156,-0.9761915,0.76533794,0.6431415,0.025035739,0.63235414,-0.74411356,-0.2154606
1355984144920,-0.101377025,0.18230724,-0.9780014,0.7916658,0.61013293,0.031671643,0.60248476,-0.7710395,-0.20617986
1355984144960,-0.060000226,0.20011592,-0.97793335,0.81550455,0.57479084,0.06758574,0.57563215,-0.79345393,-0.19768304
1355984145000,0.0053141266,0.23411721,-0.97219384,0.83308595,0.5367167,0.13380226,0.5531181,-0.8106321,-0.19218755
1355984145039,0.08390671,0.28069177,-0.95612335,0.8398731,0.49644363,0.2194472,0.53625834,-0.8214353,-0.19409043
1355984145080,0.14836186,0.33466876,-0.9305835,0.8359606,0.4603027,0.2988164,0.52835464,-0.8222641,-0.21147853
1355984145121,0.1586023,0.3916124,-0.9063581,0.83061445,0.44336176,0.33691245,0.53378356,-0.8062692,-0.25496072
1355984145160,0.1092847,0.4478665,-0.8873965,0.82830375,0.45250314,0.33038443,0.5495178,-0.7711398,-0.32151783
1355984145202,0.013601955,0.49332708,-0.8697376,0.82220894,0.48947424,0.29049516,0.56902325,-0.7190573,-0.3989601
1355984145238,-0.070786685,0.52525675,-0.84799445,0.8081541,0.5285202,0.25991005,0.5847018,-0.6669121,-0.4619006
1355984145278,-0.105611265,0.5487963,-0.829258,0.79556155,0.54694337,0.26064292,0.596597,-0.63219905,-0.49436462
1355984145330,-0.055264533,0.57184464,-0.8184983,0.7903243,0.52602345,0.31414452,0.61019117,-0.62951803,-0.48101318
1355984145378,0.041147053,0.5839265,-0.81076306,0.7799515,0.48839718,0.39133602,0.6244859,-0.6484582,-0.43533826
1355984145459,0.13934034,0.58049154,-0.8022554,0.7589706,0.45776504,0.4630494,0.6360408,-0.6734097,-0.37679088
1355984145461,0.22015801,0.56589633,-0.79453874,0.73281413,0.44165388,0.51761496,0.64382756,-0.69620633,-0.31746316
1355984145499,0.27726352,0.54559135,-0.79085714,0.7087276,0.4396255,0.551756,0.64871424,-0.71348405,-0.2647835
1355984145539,0.31041175,0.5236778,-0.7933512,0.69127524,0.448525,0.5665368,0.65252054,-0.7242837,-0.22277808
1355984145579,0.31774962,0.50118303,-0.80489177,0.68421686,0.46648014,0.5605743,0.65641636,-0.72884274,-0.19469404
1355984145619,0.3007322,0.48047134,-0.82383704,0.68659794,0.49046642,0.5366804,0.661924,-0.7270419,-0.18239164
1355984145668,0.2537505,0.46078905,-0.8504611,0.69683576,0.52270484,0.49112076,0.67084324,-0.71725386,-0.18845767
1355984145711,0.18683109,0.43587682,-0.8804008,0.7082045,0.5613313,0.4281981,0.6808381,-0.70350456,-0.20381582
1355984145758,0.10301301,0.4103744,-0.90608007,0.71414983,0.60355884,0.35455126,0.6923714,-0.68360037,-0.23089445
1355984145798,0.017284874,0.37627375,-0.92634726,0.7130796,0.6448039,0.27521896,0.70087004,-0.66531646,-0.25716782
1355984145841,-0.05255523,0.34121227,-0.9385159,0.7082195,0.675312,0.20586129,0.7040334,-0.6538562,-0.27714437
1355984145879,-0.10079321,0.30590537,-0.9467114,0.70678675,0.6917161,0.14826095,0.7002094,-0.6541794,-0.28593016
1355984145921,-0.12850857,0.27229008,-0.9535951,0.7130779,0.6936306,0.1019637,0.6892064,-0.66688436,-0.28330147
1355984145959,-0.14073908,0.24334227,-0.95967543,0.72691935,0.6834757,0.06670228,0.6721463,-0.6882191,-0.27308196
1355984146000,-0.14164037,0.22253692,-0.9645804,0.7450201,0.665579,0.04415497,0.6518307,-0.71237767,-0.26006734
1355984146040,-0.13141674,0.21289814,-0.9681963,0.7645707,0.6434359,0.037708163,0.6310003,-0.73529905,-0.24733388
1355984146080,-0.10836072,0.21680698,-0.97018176,0.78364813,0.61912197,0.050828934,0.6116809,-0.7547733,-0.2369889
1355984146121,-0.07392502,0.2345629,-0.9692861,0.8008803,0.593121,0.08245158,0.594244,-0.77018684,-0.23170334
1355984146179,-0.03269776,0.26720434,-0.96308494,0.8141077,0.56610763,0.12942466,0.5797926,-0.77982306,-0.23604363
1355984146200,-0.011620462,0.31061113,-0.95046604,0.8203627,0.5464404,0.16854623,0.57172537,-0.77776825,-0.2611637
1355984146238,-0.023888774,0.3625755,-0.93164814,0.8202033,0.53991735,0.18909192,0.57157314,-0.75962377,-0.3102836
1355984146275,-0.08099365,0.41203725,-0.9075601,0.8126302,0.55453193,0.1792388,0.5771241,-0.7229935,-0.3797475
1355984146318,-0.14901024,0.4524843,-0.87923485,0.79949003,0.5783776,0.16215765,0.5819035,-0.6787763,-0.4479409
1355984146358,-0.18353885,0.4853176,-0.8548569,0.79107654,0.58914894,0.16462527,0.5835336,-0.64604205,-0.49205506
1355984146399,-0.15877792,0.51661557,-0.84136665,0.7951954,0.57201236,0.20116206,0.58519554,-0.6371108,-0.5016333
1355984146457,-0.08328366,0.54564023,-0.8338708,0.8032781,0.5319706,0.26786482,0.5897526,-0.6475214,-0.48260534
1355984146482,0.034817725,0.5671692,-0.822865,0.8005328,0.47707072,0.36269933,0.59827673,-0.67135876,-0.43742704
1355984146520,0.15055677,0.57396895,-0.8049176,0.7800459,0.43122515,0.4534018,0.60733926,-0.6961354,-0.3827983
1355984146560,0.24843055,0.5685657,-0.7842291,0.74777305,0.40206188,0.5283765,0.61572534,-0.7176903,-0.32527363
1355984146600,0.31684357,0.5547846,-0.7693012,0.7150648,0.39314973,0.57802737,0.6231313,-0.7332444,-0.27213997
1355984146639,0.3547705,0.5367389,-0.7655386,0.69042957,0.4017093,0.6016118,0.63043237,-0.74198455,-0.22806573
1355984146688,0.3623045,0.516636,-0.77577233,0.6779187,0.42514217,0.5997337,0.6396576,-0.7431967,-0.19620627
1355984146728,0.34009627,0.48968202,-0.80283624,0.6811015,0.46038792,0.56933624,0.6484098,-0.7404421,-0.17694694
1355984146768,0.29859632,0.4613216,-0.8354775,0.6922935,0.49788725,0.5223389,0.65693986,-0.7343641,-0.17070264
1355984146808,0.2369073,0.42996722,-0.87120783,0.7076388,0.53805745,0.45797545,0.6656743,-0.7249982,-0.17679173
1355984146848,0.15800112,0.3947544,-0.9050993,0.7212484,0.5799045,0.37882912,0.6744156,-0.71265686,-0.19309044
1355984146888,0.07217994,0.35608798,-0.93166053,0.7284488,0.61923176,0.29311144,0.6812873,-0.6998238,-0.21469575
1355984146928,-0.004537221,0.3164124,-0.9486109,0.7304664,0.6489003,0.21294905,0.68293357,-0.6919622,-0.2340728
1355984146970,-0.059834056,0.27963686,-0.95823956,0.73433053,0.66257226,0.14750138,0.67614985,-0.694839,-0.24499029
1355984147010,-0.09208709,0.24928647,-0.9640416,0.7448719,0.65975404,0.09945074,0.66082203,-0.7089294,-0.2464413
1355984147050,-0.104270585,0.22826996,-0.96799815,0.76228964,0.64347965,0.06963101,0.6387818,-0.73063445,-0.24110383
1355984147090,-0.0997704,0.21902367,-0.97060525,0.7825576,0.61973727,0.059407353,0.6145319,-0.7536274,-0.23323011
1355984147131,-0.07883994,0.22284329,-0.971661,0.8025665,0.59235454,0.070732385,0.59133005,-0.7742461,-0.22554773
1355984147170,-0.038949475,0.2411721,-0.9697005,0.81979465,0.56257474,0.10698852,0.5713317,-0.79078805,-0.21962357
1355984147211,0.013954498,0.27029514,-0.9626764,0.8318645,0.5310619,0.16116706,0.5548034,-0.8030653,-0.21743822
1355984147250,0.07367676,0.3106735,-0.9476569,0.8364686,0.49817324,0.22835007,0.5430396,-0.8095094,-0.22316486
1355984147291,0.11068219,0.35799646,-0.92713964,0.83445907,0.47324032,0.28235018,0.5398402,-0.80491126,-0.2463541
1355984147330,0.09885382,0.411434,-0.90606284,0.830653,0.46725428,0.30280185,0.5479448,-0.782557,-0.29556906
1355984147372,0.029814955,0.46423793,-0.8852086,0.8253161,0.48816496,0.28381044,0.5638834,-0.73903865,-0.3685884
1355984147410,-0.06391293,0.5057166,-0.860329,0.81309456,0.5262273,0.2489218,0.5786125,-0.68361944,-0.44482815
1355984147449,-0.13021442,0.53293365,-0.8360777,0.7986606,0.55606854,0.23006299,0.5875248,-0.63778484,-0.49804127
1355984147488,-0.1417847,0.5516342,-0.821947,0.79208934,0.5612324,0.2400262,0.59370995,-0.61702335,-0.51651776
1355984147528,-0.10113436,0.5647589,-0.81903553,0.7927736,0.5431312,0.27661985,0.6010672,-0.621334,-0.50265515
1355984147569,-0.02147323,0.57010144,-0.8212936,0.79137963,0.5116914,0.33449975,0.6109476,-0.6427723,-0.4621544
1355984147620,0.0881989,0.56363946,-0.8212987,0.7770837,0.47690177,0.410738,0.62318695,-0.67444444,-0.3959328
1355984147660,0.17127103,0.5432063,-0.8219448,0.75555605,0.46300244,0.4634261,0.6322984,-0.7003968,-0.3311239
1355984147699,0.23201004,0.5184826,-0.8230111,0.7337026,0.46222326,0.4980263,0.63863283,-0.7193925,-0.2731716
1355984147739,0.26943293,0.49201572,-0.8278445,0.7166109,0.47183254,0.5136565,0.64333105,-0.7316383,-0.2254566
1355984147779,0.28508016,0.46538156,-0.8379435,0.70650285,0.48877004,0.5118179,0.6477522,-0.73791856,-0.18945473
1355984147819,0.2800886,0.4391349,-0.85364574,0.70369846,0.5109273,0.49372238,0.6529617,-0.73899513,-0.16591364
1355984147859,0.25447953,0.4133333,-0.87429726,0.7070379,0.5372873,0.45980403,0.6598011,-0.73517203,-0.1555137
1355984147905,0.20610029,0.3879456,-0.8983434,0.7139955,0.56815284,0.4091609,0.6691285,-0.7257413,-0.15989494
1355984147938,0.14073539,0.36106303,-0.92186064,0.7201245,0.6016565,0.3455868,0.6794221,-0.7124907,-0.17533594
1355984147978,0.06697738,0.33422124,-0.94011176,0.7218846,0.6342011,0.27689624,0.6887646,-0.69719803,-0.19879204
1355984148018,-4.619062E-4,0.30645937,-0.9518836,0.720419,0.66027045,0.21222481,0.69353884,-0.685657,-0.22108418
1355984148059,-0.04885453,0.27935028,-0.9589456,0.72165024,0.67363894,0.1594724,0.6905318,-0.68423235,-0.23450357
1355984148099,-0.077263094,0.25539547,-0.9637445,0.72900206,0.6738863,0.12013823,0.68013704,-0.6932895,-0.23825037
1355984148140,-0.087450534,0.2376695,-0.9674015,0.74362636,0.6617602,0.09535825,0.6628516,-0.71104616,-0.23460859
1355984148178,-0.08357418,0.22990572,-0.96961784,0.76009756,0.64393586,0.087168366,0.64441216,-0.72971916,-0.22856718
1355984148221,-0.06609154,0.2326748,-0.9703063,0.7761762,0.62308097,0.09654325,0.62704253,-0.74674803,-0.22177696
1355984148259,-0.03189975,0.24837509,-0.96813846,0.7905525,0.59895074,0.12761185,0.61156285,-0.76129353,-0.21545988
1355984148300,0.016101837,0.2765625,-0.9608611,0.8014659,0.5710044,0.1777817,0.5978236,-0.77296,-0.21246123
1355984148339,0.06583672,0.31634906,-0.94635546,0.8068075,0.54118025,0.23703498,0.5871347,-0.7791323,-0.21960324
1355984148380,0.09668421,0.3665632,-0.925356,0.8074266,0.5147455,0.2882698,0.58199185,-0.7750281,-0.24620509
1355984148457,0.08556986,0.42455566,-0.9013492,0.80795383,0.49979347,0.31211725,0.58299947,-0.75495636,-0.30025405
1355984148459,0.043704834,0.4828061,-0.87463605,0.80959845,0.49583623,0.31416047,0.5853548,-0.7218343,-0.36920857
1355984148498,-0.0041140616,0.5308368,-0.8474641,0.81027865,0.49841765,0.3082667,0.58603036,-0.68541384,-0.4321763
1355984148538,-0.023949089,0.5649602,-0.82477057,0.80954665,0.49502033,0.31557733,0.5865668,-0.6601324,-0.46921694
1355984148579,-0.0023680944,0.58596927,-0.8103298,0.8075432,0.47905874,0.34405905,0.5898036,-0.6535616,-0.47432995
1355984148620,0.061883807,0.5937666,-0.8022541,0.7997667,0.45137763,0.39576697,0.5971128,-0.66610765,-0.44694185
1355984148659,0.13765863,0.58863795,-0.7965899,0.78375125,0.4270201,0.45098534,0.605627,-0.6864104,-0.40256274
1355984148699,0.21785718,0.5730639,-0.7900228,0.75846595,0.4100173,0.50657195,0.61422116,-0.7095657,-0.34532428
1355984148739,0.28215718,0.5513314,-0.78512484,0.73087776,0.4065919,0.5481794,0.62145394,-0.7285031,-0.28823304
1355984148779,0.32674015,0.52854997,-0.7835023,0.70584875,0.41482198,0.5741953,0.62850493,-0.7406468,-0.23753738
1355984148819,0.3487661,0.50764155,-0.7878212,0.6878034,0.43236238,0.583086,0.6366229,-0.74522674,-0.1983642
1355984148859,0.3496134,0.48993632,-0.79858184,0.6780662,0.45588186,0.5765397,0.6465267,-0.7430573,-0.17282683
1355984148899,0.3317557,0.47532386,-0.8148653,0.67567915,0.48306715,0.5568697,0.6583281,-0.7353322,-0.16090614
1355984148939,0.2981443,0.46278352,-0.83483016,0.6783356,0.5125953,0.5264095,0.6715436,-0.723241,-0.16109514
1355984148979,0.2514847,0.4514941,-0.85610074,0.68347096,0.54344356,0.4873773,0.6852904,-0.707688,-0.17191535
1355984149019,0.19613108,0.43991843,-0.8763586,0.68931705,0.5737735,0.4422962,0.6974056,-0.69083697,-0.19070846
1355984149059,0.14026448,0.4262187,-0.89367974,0.6955932,0.5999141,0.39528883,0.70461047,-0.67708254,-0.2123282
1355984149099,0.09475207,0.40849,-0.9078315,0.7040649,0.6172093,0.35120553,0.70378596,-0.67244977,-0.22912157
1355984149141,0.06755173,0.38653952,-0.9197956,0.7183116,0.6209755,0.31371614,0.69243425,-0.6818919,-0.23570788
1355984149180,0.055366006,0.36261174,-0.9302942,0.7373574,0.6133788,0.28296733,0.67323,-0.70162606,-0.23341405
1355984149221,0.0565978,0.33986372,-0.9387702,0.7601064,0.5949781,0.2612267,0.6473291,-0.72835004,-0.22465813
1355984149260,0.06608659,0.32235578,-0.94430894,0.7813511,0.57187414,0.24990103,0.6205829,-0.75435185,-0.2140798
1355984149300,0.08412731,0.3118567,-0.9463974,0.7993441,0.5459566,0.25095892,0.5949551,-0.7776097,-0.2033509
1355984149340,0.112434626,0.31085578,-0.9437834,0.81260574,0.5178626,0.26737657,0.5718657,-0.7969862,-0.19437748
1355984149381,0.14542803,0.31985614,-0.93623865,0.82103884,0.48898956,0.29459193,0.55203795,-0.81153023,-0.1915015
1355984149460,0.170917,0.34349754,-0.9234699,0.82495546,0.4625866,0.3247493,0.5387354,-0.8173267,-0.20430624
1355984149461,0.16432807,0.38730726,-0.9071876,0.8276864,0.44615945,0.34040686,0.53659236,-0.80680525,-0.24725246
1355984149499,0.11718139,0.44823802,-0.8862004,0.83133686,0.4438794,0.3344399,0.54327476,-0.7759212,-0.32062238
1355984149541,0.03455848,0.5121497,-0.85820067,0.83319974,0.45943516,0.3077295,0.5518912,-0.72568727,-0.41084564
1355984149579,-0.04888809,0.56200266,-0.8256894,0.8289732,0.48396373,0.2803257,0.55714756,-0.67076975,-0.48954523
1355984149619,-0.09635934,0.5915445,-0.80049354,0.8218994,0.5009158,0.27122805,0.56142336,-0.6317898,-0.53445804
1355984149658,-0.095287114,0.6048685,-0.7906039,0.8163131,0.50201094,0.28568852,0.5696957,-0.61815786,-0.54159725
1355984149698,-0.04997295,0.60586154,-0.793999,0.8100898,0.48958158,0.32258987,0.58417207,-0.6270898,-0.51526815
1355984149735,0.022283822,0.59602636,-0.8026556,0.7977491,0.47330186,0.3736064,0.60257757,-0.64864314,-0.4649325
1355984149765,0.089607716,0.5798346,-0.8097915,0.7805097,0.46418214,0.41873562,0.61868817,-0.6695721,-0.41097224
1355984149808,0.16143471,0.55836403,-0.81373733,0.75663114,0.45935255,0.46530062,0.63359946,-0.6908147,-0.34832013
1355984149848,0.22065377,0.5329374,-0.81687796,0.73154044,0.4635145,0.50000286,0.645105,-0.70790684,-0.287589
1355984149888,0.2620346,0.5070263,-0.82113475,0.7103255,0.474649,0.5197557,0.6532807,-0.7194669,-0.23577929
1355984149928,0.28357074,0.4827356,-0.82858557,0.69623494,0.49052927,0.5240592,0.65942746,-0.7254981,-0.19699764
1355984149968,0.284226,0.46118802,-0.84054816,0.6903046,0.5099733,0.5132318,0.6653534,-0.726108,-0.1734125
1355984150008,0.2633109,0.44273812,-0.8571175,0.69158405,0.5328072,0.48767608,0.67259115,-0.7211792,-0.16589671
1355984150048,0.22131118,0.42670378,-0.8768952,0.697585,0.5590818,0.4481101,0.68146646,-0.71088076,-0.17393106
1355984150088,0.16257343,0.4109423,-0.8970487,0.7047436,0.58794415,0.39706177,0.69058406,-0.69674104,-0.19402486
1355984150128,0.09805834,0.3925888,-0.9144718,0.71030086,0.61599743,0.34061703,0.69703466,-0.6829504,-0.21845245
1355984150169,0.043258127,0.36973333,-0.9281304,0.7161635,0.63626325,0.28684297,0.69659066,-0.6771014,-0.237266
1355984150208,0.007866088,0.3432157,-0.93922377,0.72683907,0.6431014,0.24109259,0.6867628,-0.6845609,-0.24440384
1355984150249,-0.005674839,0.3171782,-0.948349,0.745514,0.63340443,0.20738296,0.66646576,-0.7058306,-0.24005526
1355984150288,-0.0024178028,0.2962005,-0.9551227,0.76878643,0.61135614,0.1876463,0.6395011,-0.73383164,-0.22919309
1355984150331,0.0142226815,0.2844603,-0.95858234,0.79127145,0.5828976,0.18471575,0.6112997,-0.761126,-0.21679497
1355984150372,0.044265866,0.28450623,-0.9576517,0.8095478,0.551478,0.20125717,0.58538276,-0.78417355,-0.20590973
1355984150410,0.08876181,0.29816076,-0.95037967,0.8211913,0.5180849,0.23923388,0.56370753,-0.8016784,-0.19886088
1355984150456,0.14014393,0.32449555,-0.9354477,0.8246622,0.48463094,0.2916593,0.547989,-0.81230265,-0.1996811
1355984150490,0.18385306,0.36473292,-0.9127803,0.8202513,0.45477697,0.34693754,0.541651,-0.81249475,-0.2155605
1355984150529,0.19442797,0.41820747,-0.8872994,0.8136104,0.43653125,0.38402963,0.547938,-0.7965821,-0.25538403
1355984150569,0.15383905,0.4801977,-0.86356455,0.81092525,0.43799877,0.38801733,0.56456524,-0.75997853,-0.3220231
1355984150610,0.07560688,0.5385926,-0.83916724,0.80985665,0.4578117,0.36679786,0.58173513,-0.70733756,-0.40156907
1355984150650,0.0034334064,0.5828839,-0.8125482,0.80652994,0.47875643,0.34684533,0.59118325,-0.6565353,-0.46846956
1355984150690,-0.021443695,0.6141852,-0.7888706,0.8042301,0.4793472,0.35134068,0.5939312,-0.62689936,-0.5042252
1355984150730,0.01514238,0.6368092,-0.7708728,0.8031028,0.4515282,0.38877785,0.5956481,-0.6249771,-0.50458604
1355984150770,0.09950763,0.649066,-0.75419605,0.79359674,0.40546644,0.45365316,0.60025203,-0.6436694,-0.47474962
1355984150811,0.20728707,0.6468999,-0.73386145,0.76603085,0.35924435,0.5330481,0.60846436,-0.67265445,-0.42107856
1355984150850,0.30074376,0.6317877,-0.71442115,0.72686523,0.33312654,0.60057783,0.6174303,-0.6999079,-0.35903877
1355984150893,0.37438557,0.609352,-0.698946,0.68325853,0.32830694,0.6522057,0.62689173,-0.72173727,-0.29343158
1355984150939,0.41755736,0.5839035,-0.6962058,0.6483981,0.34530318,0.67848784,0.6365735,-0.73472613,-0.23441803
1355984150979,0.4298747,0.55826366,-0.70961213,0.63102365,0.376358,0.67835367,0.6457684,-0.7393892,-0.19049078
1355984151019,0.4193021,0.534781,-0.7336177,0.62819934,0.41246796,0.659724,0.65540165,-0.73748183,-0.16300035
1355984151059,0.3875211,0.5120323,-0.7665836,0.63762605,0.4516855,0.6240298,0.6657781,-0.7306184,-0.15144742
1355984151099,0.33579564,0.4879433,-0.80570006,0.65544844,0.49326754,0.57190424,0.67648256,-0.7201378,-0.15418458
1355984151139,0.26440063,0.46125996,-0.8469543,0.6771544,0.53652513,0.50358987,0.686698,-0.70666826,-0.17048663
1355984151179,0.17706949,0.4298278,-0.8853781,0.6969986,0.580368,0.4211483,0.6948664,-0.69167984,-0.19682395
1355984151219,0.08400434,0.39370278,-0.91539145,0.70963264,0.6212732,0.33232698,0.6995462,-0.6775085,-0.22719467
1355984151259,0.0019016899,0.35423887,-0.935153,0.7147355,0.6535597,0.24902391,0.6993923,-0.6688606,-0.25194424
1355984151300,-0.055309054,0.31515124,-0.9474284,0.71876514,0.67119664,0.18130577,0.6930495,-0.67095065,-0.26364297
1355984151340,-0.08557457,0.28053427,-0.9560217,0.72833514,0.6723662,0.13210449,0.6798565,-0.68499947,-0.26186037
1355984151380,-0.09469808,0.25396582,-0.96256614,0.7442614,0.660212,0.100970834,0.6611408,-0.7068391,-0.25153774
1355984151420,-0.08753001,0.23835158,-0.96722645,0.76361966,0.6395718,0.0885039,0.63970584,-0.73084635,-0.23799169
1355984151460,-0.065099,0.23595944,-0.96958,0.7832602,0.6141023,0.09686029,0.6182764,-0.7531279,-0.22479504
1355984151499,-0.026522487,0.24743912,-0.9685404,0.8015506,0.58421755,0.1273041,0.59733826,-0.7729578,-0.21382987
1355984151540,0.02704122,0.27336082,-0.9615314,0.8159164,0.5496908,0.17922172,0.5775372,-0.78937566,-0.20817524
1355984151581,0.07873532,0.31132203,-0.94703716,0.8235474,0.5150101,0.23776919,0.56175655,-0.7986508,-0.21583897
1355984151622,0.112368345,0.36068654,-0.9258934,0.8247533,0.48585266,0.28936017,0.55421615,-0.79614854,-0.2428829
1355984151661,0.088722855,0.41149947,-0.90708125,0.82528734,0.47952285,0.29825908,0.5576997,-0.7750651,-0.29706073
1355984151699,0.0137676895,0.45621306,-0.8897641,0.8236223,0.49939236,0.26880008,0.56697154,-0.73653024,-0.3688718
1355984151739,-0.06951368,0.48864108,-0.8697113,0.8151675,0.5303697,0.23283027,0.5750389,-0.6927754,-0.4351923
1355984151779,-0.10795587,0.5156916,-0.8499458,0.8068715,0.5449011,0.22812562,0.58077884,-0.66116947,-0.47492206
1355984151819,-0.074795455,0.5474548,-0.833486,0.80569345,0.5256809,0.27297914,0.58759147,-0.6511166,-0.48039925
1355984151859,0.023325741,0.58166754,-0.813092,0.80137455,0.47537732,0.36306363,0.59770787,-0.66006,-0.45504504
1355984151899,0.15243208,0.60579264,-0.78088397,0.77740383,0.4143772,0.4732175,0.6102522,-0.67919576,-0.40778112
1355984151939,0.26999694,0.61236703,-0.74303985,0.73430586,0.36820894,0.570278,0.62281334,-0.6995918,-0.3502494
1355984151979,0.35354537,0.60490865,-0.7135063,0.6878163,0.348845,0.6365657,0.6339672,-0.71581614,-0.2927335
1355984152019,0.40080136,0.5895792,-0.7012523,0.65188694,0.35429543,0.67046124,0.6437405,-0.725859,-0.24233687
1355984152059,0.4170574,0.5698776,-0.70802724,0.63266337,0.37726593,0.67631906,0.65253365,-0.73000675,-0.20319915
1355984152099,0.4075951,0.5464481,-0.73161507,0.63072765,0.41089678,0.65829057,0.66033995,-0.72976583,-0.17718047
1355984152139,0.3753118,0.5191187,-0.76789117,0.6430777,0.45079476,0.6190599,0.66752696,-0.7261541,-0.16464508
1355984152179,0.3202386,0.4864689,-0.81289315,0.66494656,0.49575472,0.5586353,0.67475426,-0.71942705,-0.164716
1355984152219,0.24277404,0.4475296,-0.8606847,0.689709,0.5442809,0.4775562,0.68217474,-0.7095602,-0.17652792
1355984152259,0.14711323,0.40156093,-0.9039395,0.71011174,0.59329677,0.3791312,0.68854856,-0.6976732,-0.19787127
1355984152299,0.045746684,0.35034788,-0.9355018,0.7207105,0.63689184,0.27376094,0.691725,-0.6867497,-0.22336376
1355984152339,-0.04207304,0.2988309,-0.9533782,0.7226826,0.6680026,0.17748925,0.6898984,-0.68152225,-0.24406481
1355984152379,-0.10236565,0.25328547,-0.96196043,0.72434163,0.68178886,0.102436125,0.68179953,-0.686302,-0.25325692
1355984152419,-0.13504595,0.21714443,-0.96675277,0.73236734,0.6790553,0.050219446,0.66738343,-0.70123625,-0.25073314
1355984152459,-0.14538464,0.192541,-0.97045934,0.74830854,0.6630657,0.019449294,0.6472231,-0.7233754,-0.24047965
1355984152498,-0.14030696,0.1816808,-0.9732965,0.76684093,0.6417706,0.009251267,0.6263138,-0.74506557,-0.22936511
1355984152538,-0.121166095,0.18454331,-0.9753269,0.7856288,0.6183936,0.01940766,0.60671747,-0.76389337,-0.21991092
1355984152581,-0.08583599,0.20220003,-0.9755753,0.80364525,0.5928183,0.052160144,0.58888566,-0.77953935,-0.21338224
1355984152618,-0.033942685,0.2359148,-0.9711807,0.8186532,0.56396776,0.10838455,0.57328415,-0.7913814,-0.21227497
1355984152661,0.022112839,0.2831924,-0.9588081,0.82663167,0.53423095,0.17685425,0.5623087,-0.7964919,-0.22228241
1355984152700,0.052352823,0.3381266,-0.9396433,0.8263176,0.5137005,0.23089167,0.5607658,-0.78853166,-0.25250632
1355984152740,0.030228317,0.3926497,-0.9191912,0.8208054,0.51504195,0.24700266,0.57040757,-0.7619435,-0.3067202
1355984152779,-0.051984936,0.43404475,-0.89939016,0.8080956,0.547433,0.21748254,0.5867531,-0.71548736,-0.3792079
1355984152820,-0.14526212,0.4612143,-0.87531734,0.7864088,0.59067684,0.18072675,0.6003834,-0.6621044,-0.44850594
1355984152860,-0.19017142,0.48907024,-0.8512609,0.7710089,0.61118066,0.17889504,0.6077664,-0.62230897,-0.49330658
1355984152900,-0.1515935,0.53588825,-0.830568,0.7757297,0.58526295,0.23603119,0.61258703,-0.6085155,-0.5044265
1355984152939,-0.028818488,0.5997409,-0.7996751,0.7850718,0.5087776,0.35328114,0.618734,-0.61762136,-0.4855019
1355984152979,0.15205055,0.65731025,-0.73812187,0.76414037,0.39548063,0.5095926,0.62687325,-0.6415126,-0.44214422
1355984153019,0.3285392,0.68406177,-0.65124613,0.6993321,0.28726196,0.65453434,0.63482016,-0.6704775,-0.38400954
1355984153059,0.45535234,0.6831592,-0.5709184,0.618509,0.21851459,0.75478345,0.6403912,-0.69681054,-0.32303894
1355984153119,0.53277725,0.6705296,-0.5162735,0.5493078,0.19006237,0.81371814,0.64374626,-0.71712357,-0.26706624
1355984153138,0.57222503,0.65595096,-0.49222642,0.50496656,0.19111198,0.8417155,0.6461945,-0.7302086,-0.22187424
1355984153178,0.5846799,0.64274704,-0.49500066,0.4867859,0.21015912,0.84786355,0.6489907,-0.73668814,-0.19000435
1355984153215,0.576051,0.63050866,-0.52021533,0.49215972,0.24059978,0.8365946,0.65264386,-0.7379502,-0.1717132
1355984153258,0.5484154,0.6175491,-0.5638028,0.5169979,0.2795257,0.8090603,0.65723187,-0.73518604,-0.16597539
1355984153298,0.5002879,0.60180223,-0.622532,0.5570122,0.3267661,0.76351905,0.66290987,-0.72873724,-0.17173406
1355984153338,0.4278101,0.58040667,-0.69289726,0.60701954,0.3835009,0.69602746,0.6697057,-0.7183698,-0.18825263
1355984153378,0.33163276,0.54967195,-0.7667335,0.65765494,0.44800255,0.6056267,0.6763946,-0.7050917,-0.21292216
1355984153418,0.22559497,0.5092483,-0.83052576,0.69726914,0.5109768,0.502711,0.68038416,-0.6925091,-0.23980933
1355984153459,0.13628751,0.4656539,-0.87440956,0.72113407,0.55855924,0.40985012,0.67925787,-0.686424,-0.2596743
1355984153485,0.075292885,0.42782304,-0.9007211,0.73441076,0.5872229,0.34030885,0.67451596,-0.68712205,-0.26998413
1355984153526,0.05918154,0.4034636,-0.9130798,0.74671423,0.5891553,0.3087293,0.6625069,-0.70008075,-0.26640493
1355984153569,0.080252856,0.39477718,-0.9152652,0.7598312,0.57008016,0.31251413,0.64514804,-0.72052723,-0.2542135
1355984153608,0.12558386,0.40060613,-0.90760314,0.7690377,0.538641,0.344161,0.6267452,-0.7412021,-0.24043661
1355984153649,0.18915838,0.41819525,-0.8884434,0.7701882,0.4980656,0.39842284,0.6091216,-0.75963366,-0.22787577
1355984153688,0.26968008,0.4466948,-0.8530747,0.7588008,0.44685137,0.47386202,0.59286934,-0.7751049,-0.21844548
1355984153731,0.3575077,0.48194426,-0.7999487,0.7332067,0.38568974,0.5600459,0.57844293,-0.78674847,-0.2154777
1355984153768,0.43065622,0.52030486,-0.7374402,0.7006381,0.32230935,0.6365712,0.568895,-0.7908221,-0.22574085
1355984153809,0.46455187,0.5625702,-0.6838906,0.67889535,0.2696122,0.68294245,0.56858826,-0.7815524,-0.25667745
1355984153850,0.43456262,0.61157274,-0.6611612,0.6898271,0.24595714,0.68091387,0.57904565,-0.75198656,-0.3149957
1355984153891,0.36726442,0.6617613,-0.6535968,0.7179011,0.24510792,0.65156746,0.5913839,-0.7085154,-0.3850597
1355984153927,0.2905707,0.7032416,-0.6488605,0.74557686,0.25862953,0.6141873,0.5997365,-0.6622402,-0.44917047
1355984153969,0.25329685,0.7332093,-0.6310664,0.7552362,0.25777638,0.60263544,0.60453194,-0.6292499,-0.48845232
1355984154009,0.27351242,0.7521327,-0.5995726,0.7427562,0.23090434,0.6284874,0.61114985,-0.61723536,-0.4954961
1355984154049,0.33000958,0.75725204,-0.563616,0.70935744,0.19499975,0.67733824,0.6228208,-0.6233332,-0.47281057
1355984154089,0.3962582,0.7477243,-0.53281134,0.65996766,0.17147323,0.73146415,0.6382963,-0.6414869,-0.42552614
1355984154129,0.4519149,0.72723824,-0.5166211,0.6082527,0.17242491,0.77478915,0.6525347,-0.664375,-0.36442327
1355984154169,0.49349743,0.70015883,-0.5159824,0.5642314,0.1937558,0.80255944,0.6618937,-0.6871945,-0.2994336
1355984154209,0.51904625,0.66957814,-0.5312779,0.5358841,0.22931334,0.8125538,0.66589737,-0.70645636,-0.23979208
1355984154249,0.5279574,0.637568,-0.561042,0.52641594,0.2727262,0.80529916,0.66644377,-0.720505,-0.19163811
1355984154289,0.51971054,0.6050387,-0.60318255,0.5354093,0.319521,0.7818205,0.6657611,-0.7292699,-0.1578849
1355984154329,0.49362153,0.5720093,-0.6550901,0.55981743,0.36745507,0.74268514,0.665539,-0.73333627,-0.1388371
1355984154369,0.4479774,0.53808653,-0.7139882,0.5951593,0.41645643,0.68727684,0.66715944,-0.7328212,-0.13368416
1355984154409,0.38040802,0.50233996,-0.77649504,0.6358485,0.467622,0.61402476,0.67155534,-0.72731316,-0.14152491
1355984154456,0.29178363,0.46324182,-0.83682096,0.67461944,0.52053744,0.52338266,0.6780493,-0.7172502,-0.1606276
1355984154489,0.18794289,0.42048424,-0.8876206,0.7043776,0.57211316,0.42016518,0.6844923,-0.70418715,-0.18865508
1355984154529,0.08123779,0.37503093,-0.9234458,0.72086257,0.6177226,0.3142863,0.6883005,-0.6912095,-0.2201634
1355984154569,-0.01124135,0.32999572,-0.9439155,0.7259934,0.651821,0.21923259,0.6876098,-0.682812,-0.24690205
1355984154609,-0.07702899,0.28894275,-0.95424247,0.7279907,0.67025363,0.14418617,0.68124604,-0.6835731,-0.2619766
