1355984492635,-0.6228267,-0.13212705,-0.7711221,0.6975918,0.35243285,-0.62382436,0.35419285,-0.9264629,-0.12733388
1355984492656,-0.315473,0.0098159015,-0.9488838,0.88035643,0.37625596,-0.28879762,0.35418832,-0.9264637,-0.12734008
1355984492695,-0.31570843,0.009847522,-0.9488052,0.88029885,0.37622866,-0.28900856,0.3541217,-0.9264745,-0.12744737
1355984492738,-0.3169192,0.00990507,-0.94840086,0.879972,0.37613446,-0.29012454,0.35385254,-0.9265121,-0.12792045
1355984492780,-0.3204694,0.009838551,-0.9472078,0.87896454,0.37588963,-0.29347625,0.35315824,-0.92661226,-0.1291089
1355984492819,-0.32729143,0.009085029,-0.9448798,0.87692404,0.37539077,-0.30014327,0.3519723,-0.9268222,-0.13082904
1355984492862,-0.33775946,0.007406324,-0.94120336,0.873729,0.3743331,-0.3106001,0.35002318,-0.92726475,-0.13290566
1355984492909,-0.35289782,0.004075974,-0.93565303,0.86884356,0.37253857,-0.32607657,0.34723777,-0.9280078,-0.13500947
1355984492949,-0.3722091,-0.0013814867,-0.92814785,0.8619658,0.37033352,-0.34621978,0.34420258,-0.92889786,-0.13665068
1355984492988,-0.39193892,-0.007941335,-0.9199569,0.85436296,0.36776584,-0.36716786,0.34124455,-0.92988455,-0.13735694
1355984493027,-0.40973234,-0.01501587,-0.9120822,0.84708023,0.3647527,-0.3865367,0.3384886,-0.9309833,-0.13673133
1355984493070,-0.42419553,-0.022233605,-0.90529764,0.84094954,0.36119747,-0.4029147,0.33594945,-0.9322242,-0.13452101
1355984493109,-0.4349655,-0.029277265,-0.899971,0.8363284,0.3572691,-0.41582882,0.33370614,-0.9335425,-0.13091427
1355984493151,-0.44085723,-0.03594333,-0.89685726,0.83402073,0.3528992,-0.42411262,0.33174422,-0.9349707,-0.12560064
1355984493192,-0.44345453,-0.04190123,-0.8953169,0.83328205,0.3486558,-0.42904565,0.33013493,-0.93631375,-0.11969745
1355984493233,-0.44353864,-0.046934605,-0.8950255,0.8337362,0.34483096,-0.43124884,0.32887304,-0.93749064,-0.11381477
1355984493270,-0.44312692,-0.050722748,-0.89502275,0.8343097,0.34193265,-0.43244582,0.32797238,-0.93835455,-0.10920107
1355984493314,-0.44295272,-0.053329736,-0.8949574,0.8345989,0.34008476,-0.433344,0.3274715,-0.9388814,-0.10613257
1355984493352,-0.44252765,-0.054932326,-0.89507073,0.83489597,0.33904696,-0.43358493,0.3272888,-0.9391643,-0.10417485
1355984493391,-0.4418878,-0.055740416,-0.89533687,0.8351985,0.33867657,-0.4332916,0.32738146,-0.9392503,-0.10310274
1355984493430,-0.44114843,-0.05568126,-0.89570516,0.83546555,0.33896425,-0.43255118,0.3276971,-0.9391501,-0.10301381
1355984493473,-0.44061974,-0.054672748,-0.89602745,0.8354906,0.34010914,-0.4316032,0.3283441,-0.9387953,-0.10418028
1355984493510,-0.44024315,-0.052717984,-0.89632964,0.8351664,0.34249023,-0.4303458,0.32967106,-0.9380412,-0.10675067
1355984493549,-0.43989563,-0.04992637,-0.89666,0.8343506,0.34661007,-0.42862645,0.3321911,-0.9366797,-0.11081612
1355984493592,-0.43977785,-0.046441227,-0.896905,0.83274734,0.3529163,-0.42659333,0.33634394,-0.93450165,-0.116530955
1355984493632,-0.4407522,-0.042363703,-0.8966286,0.82969826,0.36196065,-0.42495328,0.34254685,-0.93123025,-0.12438589
1355984493671,-0.4431125,-0.03788647,-0.89566505,0.82522345,0.37308532,-0.42404434,0.35022506,-0.9270232,-0.134054
1355984493710,-0.44832024,-0.032967,-0.89326495,0.8184011,0.38675228,-0.4250204,0.3594839,-0.9215942,-0.14640868
1355984493750,-0.45444688,-0.027658463,-0.8903443,0.81093943,0.40073588,-0.42636606,0.36858553,-0.915776,-0.15968382
1355984493791,-0.46111253,-0.021693915,-0.8870764,0.80305195,0.41506317,-0.4275863,0.3774687,-0.90953386,-0.17396945
1355984493830,-0.46483162,-0.014451057,-0.88528115,0.79683053,0.42907068,-0.42539322,0.38599557,-0.9031553,-0.18793058
1355984493873,-0.4649819,-0.005351603,-0.885304,0.7923706,0.44352186,-0.4188522,0.39489317,-0.8962476,-0.20198917
1355984493910,-0.4593487,0.0070475936,-0.8882281,0.79125047,0.45764557,-0.4055654,0.40363544,-0.88910687,-0.21579534
1355984493951,-0.45099127,0.02232632,-0.89224905,0.7915133,0.47197217,-0.38826406,0.41244823,-0.8813307,-0.23052686
1355984493991,-0.43964598,0.041250408,-0.8972234,0.7932799,0.4863036,-0.36635482,0.4212107,-0.8728157,-0.24652457
1355984494031,-0.42703748,0.063186616,-0.90202355,0.79528296,0.50096196,-0.34141195,0.4303068,-0.86315966,-0.26418072
1355984494070,-0.4158489,0.08708888,-0.90525424,0.7953756,0.51747483,-0.31559065,0.44096184,-0.8512552,-0.2844597
1355984494111,-0.40837175,0.111691535,-0.90595675,0.7918012,0.537169,-0.29068935,0.45418432,-0.83604693,-0.30780214
1355984494151,-0.4088494,0.13510188,-0.9025462,0.7816471,0.56229436,-0.26991293,0.4710309,-0.8158263,-0.3354957
1355984494190,-0.42018595,0.15588036,-0.89394915,0.7627337,0.59437335,-0.25486776,0.49161065,-0.788937,-0.36864257
1355984494230,-0.44281614,0.17264819,-0.8798332,0.73459417,0.6324949,-0.24560457,0.51408684,-0.755078,-0.4069053
1355984494270,-0.47649527,0.1841447,-0.8596761,0.6973531,0.6746308,-0.24201639,0.535398,-0.71481746,-0.44987231
1355984494311,-0.51612306,0.19023064,-0.83512235,0.65643907,0.71416485,-0.24301507,0.55018604,-0.6736326,-0.49347174
1355984494351,-0.55431384,0.19206733,-0.8098433,0.6217083,0.7424632,-0.2494539,0.5533669,-0.6417621,-0.5309675
1355984494391,-0.5808811,0.19302182,-0.79077154,0.60439765,0.75300306,-0.26017272,0.5452344,-0.6290699,-0.5540672
1355984494432,-0.5869132,0.19730979,-0.7852399,0.61551887,0.73880446,-0.27441657,0.52599365,-0.6443887,-0.55506206
1355984494471,-0.5668974,0.20841424,-0.79698867,0.6530834,0.70338076,-0.2806021,0.50210506,-0.67957264,-0.5348566
1355984494512,-0.5050881,0.23006001,-0.8318404,0.719586,0.644413,-0.25870425,0.47653127,-0.7292491,-0.49103332
1355984494550,-0.38949448,0.26000693,-0.8835669,0.8019005,0.5676156,-0.1864621,0.45304495,-0.7811587,-0.4295829
1355984494591,-0.22734539,0.28652936,-0.9307067,0.87185305,0.48563892,-0.06345931,0.43380445,-0.8258667,-0.36021924
1355984494631,-0.05824566,0.29549006,-0.9535686,0.9058577,0.4170835,0.07391366,0.41955844,-0.8594923,-0.29196525
1355984494671,0.06937122,0.2833798,-0.95649546,0.9092277,0.37655896,0.17750576,0.41047853,-0.881986,-0.23153442
1355984494709,0.13698792,0.25696626,-0.9566623,0.90331244,0.36393714,0.22710466,0.40652314,-0.8952755,-0.18226576
1355984494750,0.15031068,0.22293779,-0.96317464,0.90098536,0.37016326,0.22628412,0.40697914,-0.9018192,-0.14522421
1355984494791,0.12270723,0.1852732,-0.97499585,0.903438,0.3857816,0.18700936,0.4107833,-0.9037956,-0.12004465
1355984494830,0.06540668,0.14584747,-0.9871426,0.9065633,0.40469342,0.119859904,0.4169714,-0.9027468,-0.10575026
1355984494871,-0.012110412,0.10629067,-0.9942613,0.9050845,0.4238472,0.034286827,0.42505926,-0.89947534,-0.10133499
1355984494911,-0.101617336,0.068938434,-0.9924321,0.8947557,0.44238567,-0.060886085,0.43484035,-0.89417136,-0.10663712
1355984494951,-0.19176531,0.034606665,-0.98083055,0.8753431,0.4579904,-0.15498182,0.44384757,-0.88828325,-0.11811936
1355984494991,-0.27189922,0.00599581,-0.9623071,0.8515078,0.46737814,-0.23768088,0.44833615,-0.88403714,-0.13218522
1355984495030,-0.33591905,-0.017858118,-0.94172156,0.8300955,0.46684507,-0.30495414,0.44508398,-0.88415873,-0.14199823
1355984495071,-0.38286743,-0.035636395,-0.92311573,0.81705713,0.4532263,-0.35637552,0.4310803,-0.8906829,-0.14440864
1355984495111,-0.41656744,-0.04614964,-0.90793264,0.8128356,0.42837167,-0.39470997,0.40714836,-0.9024234,-0.14093363
1355984495150,-0.43846026,-0.048131794,-0.8974608,0.81580937,0.39767078,-0.41989642,0.37710428,-0.91626483,-0.13509649
1355984495192,-0.44680542,-0.041336745,-0.8936757,0.82515,0.36693603,-0.42951757,0.3456767,-0.9293273,-0.12984002
1355984495230,-0.43746835,-0.025722086,-0.8988658,0.84127593,0.34134942,-0.41920805,0.31761023,-0.9395845,-0.1276902
1355984495270,-0.4094845,-0.0010580122,-0.91231644,0.86294043,0.32407373,-0.38769838,0.29606798,-0.9460312,-0.13179022
1355984495310,-0.44248018,0.007073015,-0.8967504,0.85025525,0.32120565,-0.41700476,0.28509182,-0.94698304,-0.14814103
1355984495351,-0.32381997,0.08457959,-0.9423306,0.9006727,0.3325362,-0.27965772,0.28970566,-0.93929017,-0.18386036
1355984495390,-0.26269448,0.16575763,-0.9505346,0.9122063,0.36370343,-0.18867806,0.31443787,-0.9166484,-0.24674803
1355984495434,-0.27649078,0.24174282,-0.9301147,0.89332414,0.421464,-0.15601307,0.35429484,-0.87403005,-0.33248556
1355984495472,-0.31639904,0.3026965,-0.8990364,0.86391675,0.48341292,-0.14127907,0.39184117,-0.82139313,-0.414456
1355984495510,-0.33265942,0.3495807,-0.87586015,0.8465504,0.5199588,-0.11399698,0.41556007,-0.77938193,-0.46890688
1355984495553,-0.28849578,0.39280552,-0.87319756,0.8586113,0.50973535,-0.054373592,0.42374143,-0.7654239,-0.48432374
1355984495591,-0.17604254,0.43658638,-0.8822706,0.88912225,0.45516407,0.047825545,0.42245784,-0.7760271,-0.4683069
1355984495630,0.014074028,0.47353446,-0.88066286,0.9095435,0.3598109,0.20800671,0.4153704,-0.8039286,-0.42563617
1355984495669,0.23618448,0.48428208,-0.8424297,0.88294584,0.25504172,0.39415783,0.4057383,-0.83691376,-0.36735797
1355984495695,0.4020063,0.4682958,-0.7868227,0.82536066,0.18673077,0.5328333,0.39644754,-0.86361486,-0.31144595
1355984495727,0.514465,0.44185603,-0.7349075,0.7644043,0.15207261,0.6265461,0.38860247,-0.8841025,-0.2595206
1355984495768,0.5847069,0.4121582,-0.6987442,0.71469826,0.14581195,0.6840652,0.3838283,-0.8993689,-0.20931146
1355984495808,0.60729885,0.38243997,-0.69636744,0.6962929,0.16587064,0.69832873,0.3825757,-0.90897,-0.16555718
1355984495849,0.5944901,0.35448444,-0.7217495,0.7059306,0.19970381,0.6795443,0.385024,-0.91348743,-0.1315195
1355984495890,0.5506632,0.32822612,-0.7674879,0.73730695,0.23980355,0.6315638,0.39134204,-0.913653,-0.10995239
1355984495928,0.48070836,0.30196458,-0.8232478,0.780376,0.28085238,0.5586906,0.39991593,-0.9110101,-0.10063788
1355984495969,0.39239037,0.27800244,-0.8767808,0.823358,0.3187546,0.46954995,0.41001397,-0.90615135,-0.10381931
1355984496020,0.2968224,0.25479048,-0.9203142,0.85884017,0.35010698,0.37392327,0.41748056,-0.9013916,-0.1149047
1355984496062,0.22204947,0.22910762,-0.9477361,0.8815179,0.36820972,0.2955467,0.41667765,-0.9010723,-0.12020171
1355984496102,0.1879165,0.2062538,-0.9602847,0.8958229,0.364897,0.25367618,0.40272674,-0.907915,-0.11619675
1355984496141,0.18881263,0.19087532,-0.9632842,0.90566444,0.34536767,0.24595347,0.37963372,-0.9188514,-0.10765922
1355984496181,0.2214836,0.18356675,-0.9577308,0.9102251,0.31348842,0.27058336,0.3499077,-0.9316803,-0.09765452
1355984496221,0.2883269,0.18704823,-0.939085,0.90210044,0.2757822,0.33190215,0.32106462,-0.9428452,-0.08922082
1355984496282,0.38151646,0.19839332,-0.90282077,0.87581575,0.23477489,0.42169607,0.29562134,-0.95158863,-0.08418554
1355984496300,0.49547222,0.21766746,-0.8409091,0.82361984,0.18984184,0.5344253,0.27596667,-0.9573824,-0.08521384
1355984496343,0.591589,0.24562734,-0.7679125,0.76075095,0.14534152,0.6325613,0.2669839,-0.95840645,-0.100878805
1355984496379,0.6566432,0.28799766,-0.6970488,0.70326173,0.100090384,0.70385,0.272475,-0.9523861,-0.13681406
1355984496423,0.6559554,0.35603648,-0.6655529,0.69341,0.06407687,0.7176885,0.2981698,-0.9322726,-0.20484766
1355984496463,0.6015281,0.44608384,-0.6627015,0.7246639,0.04441747,0.6876695,0.3361938,-0.89388835,-0.2965425
1355984496501,0.5302823,0.5320664,-0.66008025,0.7625788,0.040908724,0.64560056,0.3705054,-0.84571373,-0.3840494
1355984496541,0.4876067,0.5916065,-0.6420603,0.78023756,0.03470272,0.6245198,0.39175126,-0.80547965,-0.44467232
1355984496579,0.50607413,0.6147334,-0.60497254,0.7644767,0.0050469637,0.64463156,0.39932984,-0.78871876,-0.46739525
1355984496620,0.57349074,0.60216033,-0.555438,0.7159388,-0.038858652,0.69708085,0.39817083,-0.7974291,-0.45339498
1355984496675,0.65312237,0.56308883,-0.50632215,0.6474299,-0.06842357,0.7590472,0.39276668,-0.82355887,-0.4092495
1355984496700,0.71574473,0.51362956,-0.47317448,0.58247614,-0.06527567,0.8102225,0.38526747,-0.8555254,-0.34589767
1355984496740,0.7546854,0.46490332,-0.4629415,0.5372953,-0.033008784,0.84274805,0.37651524,-0.88474596,-0.2747016
1355984496780,0.7716334,0.42134032,-0.47650212,0.51884115,0.016417652,0.8547131,0.3679481,-0.906754,-0.20594026
1355984496821,0.76936007,0.38336053,-0.5109988,0.52650416,0.07247591,0.8470776,0.36177123,-0.92075074,-0.14608085
1355984496860,0.74781704,0.350078,-0.56410563,0.5581808,0.12849998,0.81970847,0.35944945,-0.9278649,-0.09931232
1355984496911,0.7073759,0.32201475,-0.6292264,0.60647357,0.1807338,0.7742901,0.3630553,-0.9293233,-0.06744671
1355984496948,0.6394489,0.299053,-0.7082884,0.6716923,0.23093724,0.7039158,0.37407833,-0.92587,-0.053199053
1355984496985,0.54495025,0.2752815,-0.79199076,0.7431709,0.27878183,0.6082579,0.38823476,-0.9200548,-0.052658975
1355984497027,0.43597397,0.25277197,-0.86373204,0.8045865,0.32050613,0.49991634,0.40319628,-0.9128977,-0.06364459
1355984497068,0.32600778,0.2287176,-0.91728246,0.84967244,0.35449702,0.39036992,0.41445836,-0.9066533,-0.07876623
1355984497109,0.23234892,0.2025953,-0.9512987,0.87846357,0.37613213,0.29466313,0.41751137,-0.9041459,-0.090578675
1355984497149,0.16422969,0.17632425,-0.97053516,0.89779603,0.3808794,0.22111827,0.4086453,-0.9076567,-0.095751464
1355984497191,0.119840294,0.15434146,-0.98072267,0.9129914,0.3709028,0.16993469,0.38998076,-0.9157564,-0.09646332
1355984497229,0.09791686,0.1397174,-0.98533815,0.92631847,0.34913522,0.14155793,0.3637944,-0.92659783,-0.0952366
1355984497272,0.100278944,0.13520002,-0.98573077,0.9361614,0.32271048,0.13949832,0.33696583,-0.9367918,-0.094208
1355984497311,0.12622464,0.14068356,-0.9819753,0.94148064,0.29488707,0.16326663,0.31254077,-0.9451189,-0.09522879
1355984497350,0.17631796,0.15792987,-0.9715812,0.93968976,0.26687995,0.21391156,0.29307854,-0.9507015,-0.101349354
1355984497391,0.23002683,0.1888859,-0.9546778,0.93115294,0.24246632,0.27233133,0.28291675,-0.9515946,-0.12010789
1355984497433,0.2648887,0.23920551,-0.9341385,0.92027104,0.22660677,0.31898373,0.2879848,-0.94415575,-0.16010833
1355984497469,0.25496346,0.30893454,-0.9162712,0.9158932,0.22668701,0.33128914,0.31005344,-0.9236733,-0.22515416
1355984497509,0.2064817,0.38613495,-0.89903563,0.91709924,0.24386567,0.31537044,0.34101945,-0.88962317,-0.30377024
1355984497550,0.16385114,0.45197323,-0.87685406,0.915434,0.2615646,0.30588335,0.3676051,-0.8528213,-0.37089396
1355984497590,0.17357069,0.4962077,-0.8506769,0.9077698,0.25432932,0.33357245,0.38187325,-0.83011717,-0.40629822
1355984497629,0.25242212,0.5152104,-0.819049,0.8884406,0.21194378,0.40712783,0.38334882,-0.83044446,-0.40423453
1355984497673,0.37610963,0.50614214,-0.77611965,0.8468292,0.15219036,0.5096258,0.37606102,-0.84891593,-0.37137568
1355984497709,0.5027771,0.47206724,-0.7241324,0.78373325,0.10445157,0.61225164,0.36466074,-0.87535274,-0.31745896
1355984497748,0.5933286,0.42890632,-0.6811759,0.7229643,0.088159025,0.6852377,0.3539546,-0.89903694,-0.2577767
1355984497788,0.6453034,0.38814938,-0.6579693,0.68073416,0.09869385,0.72585166,0.3466764,-0.9162967,-0.20053908
1355984497828,0.6640788,0.35394472,-0.65857613,0.66378456,0.12626243,0.7371891,0.3440776,-0.92670435,-0.15109485
1355984497868,0.6570653,0.3256908,-0.6798461,0.6696266,0.1620253,0.72480893,0.3462159,-0.9314898,-0.11163005
1355984497908,0.6288222,0.3016968,-0.7166321,0.69302034,0.20044786,0.69249076,0.35256958,-0.9320943,-0.083035976
1355984497949,0.5811977,0.28106898,-0.7636815,0.72841984,0.23868707,0.64220935,0.362786,-0.9295314,-0.066011846
1355984497989,0.51476157,0.26386398,-0.81571835,0.7700979,0.27584717,0.5752022,0.3767888,-0.9242749,-0.061205626
1355984498031,0.43398568,0.24807426,-0.86609215,0.8109156,0.31128338,0.49549836,0.3925205,-0.9173668,-0.06607476
1355984498068,0.3495625,0.23291335,-0.9075007,0.84361136,0.34312722,0.41301772,0.40758556,-0.90995336,-0.07654393
1355984498109,0.27385944,0.21465898,-0.93750864,0.8664677,0.36799204,0.3373655,0.41741425,-0.9047117,-0.08521694
1355984498150,0.21710263,0.19225928,-0.95702815,0.88275063,0.3798259,0.2765567,0.41667464,-0.90485835,-0.087255776
1355984498189,0.18025781,0.16866595,-0.96905047,0.8973282,0.3753208,0.23224199,0.40287608,-0.91141975,-0.08369422
1355984498229,0.16115417,0.14831561,-0.9757211,0.9118181,0.3559276,0.20470282,0.37764668,-0.92266893,-0.07787764
1355984498269,0.15888767,0.13445368,-0.97809863,0.9245322,0.32732904,0.19518214,0.3464031,-0.93529564,-0.07229823
1355984498309,0.1745561,0.12823716,-0.9762609,0.9332123,0.29471233,0.20557103,0.31407797,-0.9469423,-0.06822866
1355984498350,0.20798908,0.13025227,-0.9694199,0.93608797,0.26094317,0.23589826,0.2836898,-0.9565265,-0.06765425
1355984498390,0.25348395,0.1430721,-0.9567008,0.93204296,0.22859949,0.28113723,0.25892428,-0.96295,-0.075403094
1355984498430,0.29414478,0.17295045,-0.9399824,0.92362267,0.20145741,0.3260922,0.24576423,-0.9641074,-0.1004833
1355984498470,0.30897725,0.22674459,-0.9236449,0.91777104,0.18364471,0.35209504,0.24945816,-0.95648396,-0.15135759
1355984498511,0.28464824,0.3015992,-0.9099523,0.9201754,0.18019748,0.3475717,0.26879844,-0.9362514,-0.22623128
1355984498552,0.23015106,0.38046068,-0.8957009,0.92699987,0.19438201,0.32075965,0.29614455,-0.90413785,-0.30794984
1355984498590,0.18836069,0.438745,-0.8786484,0.9286784,0.21147817,0.3046856,0.31949422,-0.8733727,-0.36761886
1355984498632,0.19676012,0.46545103,-0.8629257,0.9214721,0.21286595,0.3249267,0.334925,-0.8590945,-0.3870166
1355984498670,0.2521298,0.46661675,-0.8477614,0.9046228,0.19744903,0.3777188,0.3436396,-0.8621384,-0.3723294
1355984498710,0.34522915,0.44469145,-0.8264783,0.8718648,0.17398399,0.4578007,0.34737402,-0.8786234,-0.32764643
1355984498750,0.43568897,0.4109718,-0.80079794,0.83004475,0.16066247,0.5340537,0.34813917,-0.8973794,-0.2711261
1355984498792,0.5104182,0.372278,-0.775166,0.786623,0.16205129,0.5957882,0.3474155,-0.91386455,-0.21012852
1355984498831,0.55550504,0.33651963,-0.76037407,0.75572145,0.17710984,0.63048965,0.34684193,-0.92487115,-0.15592971
1355984498871,0.5766485,0.30605093,-0.7575021,0.73927224,0.19922334,0.64326257,0.3477832,-0.93093663,-0.11137313
1355984498909,0.57461345,0.28091747,-0.7687032,0.73933405,0.22465178,0.6347572,0.35100493,-0.9330686,-0.07860389
1355984498949,0.55067134,0.26125047,-0.7927857,0.75417733,0.25132358,0.60667366,0.3577395,-0.9319789,-0.058632463
1355984498989,0.5046787,0.24708873,-0.82719195,0.78025323,0.27951244,0.5595335,0.36946487,-0.9278039,-0.0517278
1355984499030,0.4381829,0.23724681,-0.867012,0.81183606,0.3096335,0.49502462,0.38589898,-0.92078286,-0.05692944
1355984499069,0.35841724,0.22869048,-0.9051175,0.84183955,0.33991322,0.41924357,0.40353844,-0.91222787,-0.07068992
1355984499109,0.27876067,0.21724167,-0.935467,0.865301,0.3657238,0.34278318,0.41658935,-0.905015,-0.086030066
1355984499149,0.21255304,0.20037979,-0.95638335,0.88249296,0.3808776,0.2759319,0.41955623,-0.9026517,-0.09587705
1355984499190,0.16546747,0.1797441,-0.96969724,0.8971813,0.38082942,0.2236844,0.40949515,-0.9070066,-0.098248124
1355984499231,0.13713318,0.1595096,-0.9776253,0.9120938,0.36462784,0.18743375,0.3863669,-0.9173894,-0.09548515
1355984499270,0.12580858,0.14447188,-0.98147845,0.9258052,0.33837688,0.16848066,0.35645032,-0.9298543,-0.09118211
1355984499311,0.13294815,0.13605684,-0.98173994,0.93710333,0.30529368,0.16921327,0.32274157,-0.9424883,-0.08691108
1355984499350,0.16294335,0.1360777,-0.97720647,0.9430943,0.26950383,0.19478428,0.2898667,-0.9533366,-0.084420204
1355984499391,0.20969798,0.14514834,-0.9669326,0.94247156,0.23329861,0.23941407,0.26033455,-0.96151114,-0.0878759
1355984499429,0.2616703,0.16905728,-0.9502359,0.93482554,0.20048964,0.29309592,0.24006242,-0.9649992,-0.10557681
1355984499470,0.29150635,0.21572992,-0.9319253,0.92678666,0.17751382,0.33099142,0.2368344,-0.9601821,-0.14818925
1355984499509,0.27431604,0.28837278,-0.9173832,0.92747605,0.17268297,0.3316157,0.25404537,-0.94181836,-0.22008908
1355984499551,0.21290487,0.37366363,-0.9027996,0.93457806,0.19165146,0.2997226,0.28501832,-0.9075491,-0.30841428
1355984499589,0.15473086,0.44462508,-0.882251,0.9365999,0.21815562,0.27420583,0.3143868,-0.8687444,-0.38268036
1355984499629,0.14277929,0.48817432,-0.8609878,0.931695,0.22726601,0.28336313,0.33400384,-0.84263635,-0.4223807
1355984499673,0.1942063,0.50437856,-0.84135973,0.9189526,0.20655984,0.3359452,0.3432347,-0.83841234,-0.4233848
1355984499709,0.2942872,0.4952953,-0.8173601,0.89110744,0.1669097,0.4219818,0.3454309,-0.85253954,-0.39224195
1355984499749,0.40817904,0.46555883,-0.7852675,0.8454725,0.13166493,0.5175333,0.3443344,-0.8751682,-0.33987433
1355984499789,0.5032846,0.42516994,-0.7522866,0.79333234,0.11774954,0.59729296,0.34253246,-0.89742166,-0.27803954
1355984499829,0.56575,0.3839358,-0.7297399,0.75052404,0.12678295,0.6485675,0.34152687,-0.9146144,-0.2164256
1355984499869,0.59637,0.34655514,-0.7240458,0.7260021,0.15192902,0.6707,0.34243804,-0.9256441,-0.16099381
1355984499909,0.5990755,0.31399748,-0.7365556,0.7221024,0.18557382,0.6664311,0.3459431,-0.93111116,-0.1155656
1355984499949,0.5778366,0.28634524,-0.7642718,0.7358991,0.22214171,0.6396136,0.35292703,-0.932019,-0.08235964
1355984499990,0.5335789,0.26322025,-0.80374664,0.76348263,0.2589345,0.59164786,0.36385137,-0.9293374,-0.06280208
1355984500030,0.4680836,0.24512604,-0.84900594,0.79832935,0.29465017,0.52521574,0.37890387,-0.9236312,-0.0577704
1355984500070,0.38802475,0.22887385,-0.8927786,0.83285284,0.32777077,0.44600716,0.39470607,-0.916615,-0.06343508
1355984500109,0.30677608,0.21231589,-0.9277986,0.86056876,0.35454193,0.3656793,0.40658304,-0.9106163,-0.07394743
1355984500149,0.23740022,0.19171748,-0.9523054,0.8811729,0.37012428,0.29418075,0.40887088,-0.9089843,-0.081068635
1355984500190,0.18735583,0.16747174,-0.96791065,0.8982394,0.36960453,0.23782018,0.3975723,-0.9139725,-0.08118212
1355984500230,0.15538901,0.1438204,-0.97732794,0.9146198,0.35288042,0.19734752,0.3732625,-0.9245491,-0.076707244
1355984500270,0.13938685,0.12540859,-0.98226476,0.9298325,0.3245749,0.17338592,0.34056258,-0.93750936,-0.0713675
1355984500310,0.14030984,0.11484754,-0.9834242,0.94176495,0.29109028,0.16836062,0.305601,-0.9497771,-0.06731653
1355984500350,0.1608518,0.11280218,-0.9805113,0.9484576,0.25717083,0.18517941,0.27304757,-0.9597598,-0.065621674
1355984500390,0.19959548,0.11963171,-0.9725481,0.94866246,0.22493258,0.22236198,0.2453593,-0.96700233,-0.068594575
1355984500430,0.2476891,0.13894641,-0.9588243,0.94199586,0.19681105,0.27186242,0.22648153,-0.9705459,-0.082139015
1355984500472,0.2810375,0.17981118,-0.94270134,0.9332141,0.17796408,0.3121541,0.22389576,-0.9674693,-0.11778778
1355984500509,0.28262806,0.24623108,-0.9270877,0.92868686,0.17170776,0.32872057,0.24012941,-0.95387983,-0.18014216
1355984500550,0.23753051,0.3332689,-0.9124205,0.93238795,0.1852359,0.3103876,0.2724556,-0.92445636,-0.26673675
1355984500589,0.17699015,0.41568962,-0.89211917,0.9353534,0.2110039,0.28388637,0.30624926,-0.8846918,-0.35147107
1355984500629,0.14401358,0.47098103,-0.8703085,0.9330151,0.22844833,0.2780183,0.32976186,-0.8520494,-0.40653276
1355984500672,0.16107976,0.4942729,-0.8542527,0.92615265,0.22337526,0.3038829,0.34102,-0.84011775,-0.4217909
1355984500709,0.22397149,0.48952007,-0.8427377,0.912182,0.19917744,0.3581234,0.3431629,-0.84893954,-0.40192133
1355984500749,0.31111115,0.4634416,-0.8297179,0.8873956,0.17086512,0.42817533,0.34020412,-0.86949813,-0.35809803
1355984500789,0.3965314,0.42556375,-0.8134239,0.8544162,0.15298992,0.49655518,0.33576155,-0.8919022,-0.30294323
1355984500829,0.46316546,0.3853336,-0.79812014,0.82151777,0.15123558,0.5497603,0.33254528,-0.91029984,-0.24651128
1355984500869,0.50563705,0.34854758,-0.78920585,0.7962613,0.16360137,0.58241093,0.3321131,-0.9229026,-0.19481206
1355984500909,0.5251568,0.3172742,-0.7896502,0.7823342,0.18517959,0.59469473,0.33490837,-0.93007827,-0.15096611
1355984500949,0.5244494,0.29195,-0.7998238,0.7801343,0.21155077,0.5887587,0.34109145,-0.93274415,-0.1168125
1355984500990,0.50560004,0.27295545,-0.8184522,0.78795767,0.24030036,0.56690264,0.35141355,-0.93153167,-0.09358144
1355984501031,0.47026107,0.26076955,-0.8431214,0.8026107,0.27088562,0.5314481,0.36697495,-0.9266176,-0.08190945
1355984501069,0.42387575,0.25219548,-0.86990047,0.8198037,0.30146992,0.48686525,0.38503408,-0.919518,-0.07896501
1355984501109,0.37603983,0.24417374,-0.89385307,0.83507395,0.32874027,0.44111374,0.4015539,-0.91230977,-0.0802837
1355984501149,0.33611408,0.23145014,-0.9129393,0.84790915,0.34758565,0.40029272,0.40997243,-0.9086336,-0.07942027
1355984501189,0.31042218,0.21249011,-0.92654514,0.8601314,0.35221136,0.36894608,0.4047371,-0.9114796,-0.07343519
1355984501230,0.29961175,0.19011778,-0.93492675,0.873274,0.33999527,0.3489924,0.38422036,-0.9210095,-0.06415838
1355984501270,0.30196702,0.1692811,-0.93816835,0.8855109,0.31470746,0.34180337,0.35310942,-0.9339717,-0.054868996
1355984501310,0.3176028,0.15272519,-0.9358437,0.89376616,0.28143454,0.34925148,0.31671822,-0.9473487,-0.04711622
1355984501350,0.34756848,0.1419316,-0.9268503,0.89499265,0.24455282,0.373071,0.27961445,-0.959192,-0.042028874
1355984501391,0.389494,0.13862479,-0.910537,0.8880136,0.2057997,0.41119128,0.24438956,-0.96872574,-0.04294294
1355984501430,0.43662447,0.14784956,-0.8874117,0.8732797,0.16739464,0.45756045,0.21619809,-0.97474074,-0.056025416
1355984501472,0.46482128,0.18369195,-0.86613995,0.8615413,0.13174833,0.4902947,0.20417565,-0.9741148,-0.09701878
1355984501509,0.46787494,0.25019217,-0.847642,0.85833967,0.09989165,0.50326395,0.21058506,-0.9630294,-0.16801307
1355984501549,0.42691594,0.348028,-0.8346373,0.8730616,0.08183527,0.48069376,0.23559764,-0.93390554,-0.26891312
1355984501594,0.36429387,0.448093,-0.8163961,0.8923114,0.08299941,0.44372457,0.26659027,-0.8901257,-0.36960232
1355984501629,0.3196311,0.5179174,-0.7934718,0.9015411,0.09152294,0.42290336,0.2916499,-0.85052055,-0.43767023
1355984501690,0.32152334,0.54512775,-0.77424705,0.89538884,0.09098514,0.4358905,0.308061,-0.83340114,-0.45884746
1355984501708,0.35709274,0.54108506,-0.76138806,0.8782491,0.083067656,0.47093338,0.31806174,-0.83685523,-0.4455446
1355984501748,0.41527152,0.51183844,-0.7520445,0.8501681,0.07577932,0.5210295,0.32367235,-0.8557329,-0.40367973
1355984501785,0.47252238,0.46992677,-0.7455812,0.8185726,0.07948154,0.5688774,0.3265906,-0.8791197,-0.34711233
1355984501815,0.51122123,0.42973855,-0.7442967,0.7942536,0.094631255,0.6001719,0.32835072,-0.8979809,-0.29294384
1355984501856,0.5404989,0.3901919,-0.7453934,0.7733085,0.11862004,0.622835,0.3314438,-0.9130606,-0.2376247
1355984501898,0.5524394,0.35455424,-0.75438845,0.762206,0.15148467,0.62936026,0.33742067,-0.9226828,-0.1865573
1355984501938,0.5478611,0.3249777,-0.77086824,0.7610697,0.18893245,0.6205462,0.34730572,-0.92665756,-0.1438219
1355984501978,0.52829623,0.30238765,-0.79338825,0.7682659,0.2275846,0.5983083,0.36148396,-0.9256171,-0.112082005
1355984502018,0.4951711,0.2866726,-0.82013685,0.7816961,0.2649608,0.5645769,0.37915283,-0.92065996,-0.092889905
1355984502058,0.45121738,0.2759235,-0.8486867,0.7989242,0.29885677,0.52192414,0.3976469,-0.9135376,-0.08559257
1355984502099,0.40205547,0.2659852,-0.87612975,0.8173613,0.32697162,0.47435233,0.41264024,-0.90683043,-0.08594525
1355984502138,0.3556571,0.25055566,-0.9004054,0.83543575,0.34666693,0.42646122,0.41899303,-0.9039048,-0.086028576
1355984502179,0.32019916,0.22763637,-0.91959465,0.8532258,0.35252956,0.38435498,0.4116775,-0.90769196,-0.08134556
1355984502220,0.29646945,0.19986263,-0.93389547,0.87210715,0.34191972,0.3500286,0.38927495,-0.9182297,-0.0729329
1355984502262,0.2836665,0.17317876,-0.9431556,0.8904946,0.31730747,0.3260909,0.3557424,-0.932376,-0.06420529
1355984502301,0.28304243,0.15170246,-0.94703394,0.90561754,0.2828707,0.31597638,0.31582254,-0.94708526,-0.05731994
1355984502340,0.2973852,0.13891134,-0.94459814,0.91342926,0.2465404,0.32382834,0.277865,-0.9591254,-0.053568244
1355984502381,0.32461104,0.13580632,-0.9360472,0.9137188,0.21072087,0.3474402,0.24442926,-0.9680668,-0.055686474
1355984502420,0.36488712,0.14668784,-0.9194238,0.90470195,0.17741136,0.3873493,0.21993569,-0.9731433,-0.0679737
1355984502461,0.39584875,0.18162107,-0.9001764,0.89340115,0.15062024,0.4232588,0.21245751,-0.97176516,-0.10263765
1355984502500,0.40601602,0.2462132,-0.88007396,0.88566256,0.13138947,0.44535244,0.22528416,-0.96026874,-0.16471562
1355984502540,0.3719067,0.3401134,-0.8637178,0.89158595,0.12810922,0.4343531,0.25837958,-0.9316174,-0.25559562
1355984502579,0.31166947,0.438629,-0.8428919,0.9022958,0.14145964,0.40724838,0.29786617,-0.88746476,-0.3516845
1355984502624,0.26591972,0.5121945,-0.816666,0.9059694,0.15669724,0.39327526,0.3294028,-0.84445405,-0.4223637
1355984502672,0.26759693,0.54978275,-0.79128426,0.89838254,0.1544824,0.41114956,0.3482824,-0.82089835,-0.45257622
1355984502699,0.322524,0.55304855,-0.7681898,0.8765418,0.13182563,0.46292165,0.35728526,-0.8226538,-0.44225323
1355984502739,0.40891725,0.5291826,-0.7434733,0.8383283,0.10404569,0.5351451,0.36054468,-0.84210473,-0.40108263
1355984502779,0.49743062,0.48863637,-0.7167965,0.7891668,0.088241756,0.6078068,0.36024785,-0.86801374,-0.34172142
1355984502819,0.5687969,0.4424181,-0.6933515,0.7408725,0.0904904,0.66552186,0.3571806,-0.8922318,-0.27630478
1355984502859,0.61754704,0.3976845,-0.6785888,0.7031519,0.10745385,0.70287347,0.35243887,-0.9112084,-0.21327478
1355984502904,0.6450584,0.35750425,-0.6753446,0.680344,0.13367856,0.7205984,0.3478961,-0.92429465,-0.15699539
1355984502938,0.6514884,0.32376903,-0.6861024,0.6754097,0.16435623,0.7188942,0.34552085,-0.93175143,-0.11160055
1355984502978,0.64014906,0.29780224,-0.708183,0.68503845,0.1959947,0.7016469,0.34775215,-0.9342911,-0.078540176
1355984503021,0.6094183,0.27936748,-0.74199945,0.7082033,0.22894001,0.66785824,0.3564512,-0.9324914,-0.058328748
1355984503058,0.56076455,0.26675498,-0.7838271,0.74006224,0.2630296,0.6189696,0.371283,-0.927177,-0.04991761
1355984503099,0.5000526,0.2556969,-0.8273853,0.774233,0.29601413,0.5594094,0.38795698,-0.92032313,-0.049946338
1355984503139,0.437831,0.24093133,-0.86617327,0.80541676,0.32300147,0.4969648,0.39950967,-0.91521704,-0.052630067
1355984503179,0.38467917,0.21982804,-0.8964918,0.8319465,0.33815792,0.4399026,0.39985877,-0.9150546,-0.05280286
1355984503219,0.34557262,0.19438893,-0.9180373,0.8551441,0.33760568,0.39338398,0.38640407,-0.9209969,-0.04956323
1355984503259,0.32048887,0.16963524,-0.9319393,0.8756878,0.3220808,0.35977075,0.36118954,-0.9313903,-0.045324206
1355984503299,0.3095485,0.15014029,-0.9389556,0.89186907,0.29661202,0.3414541,0.32977158,-0.9431221,-0.0420897
1355984503339,0.31562114,0.1381891,-0.938769,0.900885,0.26703966,0.3421932,0.29797593,-0.95372623,-0.040209204
1355984503379,0.34223217,0.13419816,-0.92998284,0.900337,0.23633985,0.36542684,0.26883167,-0.9623588,-0.039940506
1355984503419,0.3882556,0.13910434,-0.9109926,0.888715,0.20501556,0.41006604,0.24380958,-0.9688233,-0.04402566
1355984503459,0.44136888,0.15718737,-0.883451,0.8682517,0.17377628,0.46469438,0.22656691,-0.9721594,-0.05977875
1355984503499,0.47755438,0.19659808,-0.8563242,0.8497157,0.14451826,0.50704813,0.22343925,-0.9697751,-0.09803718
1355984503539,0.47212866,0.2630341,-0.84137243,0.84887433,0.12171748,0.5143901,0.23771185,-0.95707774,-0.16581658
1355984503579,0.42028803,0.3477191,-0.83812255,0.86816406,0.1145488,0.48287657,0.2639113,-0.93057513,-0.25373372
1355984503619,0.35479474,0.42496228,-0.8327831,0.8885728,0.12377138,0.44172263,0.29079017,-0.8967093,-0.33369654
1355984503674,0.32909125,0.4731037,-0.8172343,0.89189,0.1285786,0.43358958,0.31021166,-0.87157357,-0.37964237
1355984503699,0.36945036,0.48785818,-0.7908861,0.8722111,0.11153844,0.4762426,0.320553,-0.86576766,-0.38430738
1355984503739,0.458176,0.47368497,-0.7521286,0.8278062,0.080801696,0.555165,0.32374656,-0.8769799,-0.35509792
1355984503780,0.55642104,0.43984687,-0.7049329,0.7655921,0.058302283,0.64067894,0.32289985,-0.8961783,-0.3043027
1355984503819,0.63412786,0.39935085,-0.6621184,0.703426,0.057600643,0.70843077,0.32105088,-0.91498697,-0.24438763
1355984503859,0.6826776,0.36169255,-0.634925,0.65675175,0.07723141,0.7501417,0.32035682,-0.92909306,-0.18481803
1355984503899,0.70470697,0.33038032,-0.62788296,0.6321761,0.1093595,0.7670684,0.32208928,-0.93749106,-0.13179213
1355984503939,0.7038727,0.30545676,-0.64129514,0.63069504,0.14658847,0.7620601,0.32678288,-0.94085497,-0.089470446
1355984503979,0.68288285,0.28587657,-0.672269,0.6491195,0.1847189,0.7379179,0.33513424,-0.9402944,-0.059426665
1355984504019,0.6423056,0.2696557,-0.7174464,0.6832542,0.22269061,0.6953938,0.34728545,-0.93685365,-0.04120797
1355984504060,0.5832596,0.25548673,-0.77106076,0.72655183,0.26037794,0.6358661,0.36322254,-0.93109065,-0.033756405
1355984504101,0.50760263,0.24153525,-0.82704306,0.7725745,0.2973249,0.56100494,0.38140297,-0.92371994,-0.03568107
1355984504139,0.42384213,0.22459286,-0.8774485,0.8140407,0.3302859,0.47775406,0.39710897,-0.9167711,-0.042838603
1355984504179,0.3458157,0.20428559,-0.91579413,0.8462018,0.3537986,0.39845833,0.405406,-0.91273975,-0.050517738
1355984504219,0.28371996,0.18014112,-0.94183445,0.87060213,0.3633092,0.3317505,0.401939,-0.9140873,-0.053753138
1355984504260,0.2416376,0.1547218,-0.9579522,0.8907613,0.35622203,0.28222358,0.3849098,-0.9215026,-0.051743507
1355984504299,0.21755739,0.13219905,-0.9670534,0.9085783,0.3345415,0.25013512,0.35658717,-0.9330624,-0.047331214
1355984504339,0.20994554,0.11614445,-0.9707901,0.92292786,0.30416375,0.23598462,0.32268745,-0.94551307,-0.04333514
1355984504379,0.22057919,0.108333945,-0.9693341,0.93151915,0.2712356,0.24228776,0.28916588,-0.95639694,-0.041086257
1355984504419,0.25242478,0.10920647,-0.9614341,0.9322356,0.23878302,0.27188128,0.2592653,-0.9649127,-0.041531384
1355984504459,0.30433494,0.11964071,-0.94502187,0.9232837,0.20703955,0.32354575,0.23436615,-0.9709895,-0.047452927
1355984504499,0.3635038,0.1434252,-0.92048585,0.9058162,0.1764078,0.38519764,0.21762791,-0.97381186,-0.065791935
1355984504540,0.40165877,0.18801871,-0.8962807,0.890108,0.14999765,0.4303585,0.21535546,-0.9706439,-0.1071091
1355984504579,0.38569978,0.2591265,-0.88548803,0.8928547,0.13700125,0.42900023,0.23247826,-0.95607746,-0.17852095
1355984504619,0.30467957,0.34760717,-0.8867579,0.9148108,0.15235923,0.3740427,0.2651257,-0.9251788,-0.27157408
1355984504675,0.20116782,0.42618746,-0.881984,0.9326219,0.19203728,0.30551285,0.29957953,-0.88401693,-0.35884005
1355984504699,0.14880365,0.4773361,-0.8660298,0.9345346,0.21841699,0.28096083,0.32326835,-0.8511429,-0.4135859
1355984504740,0.19218278,0.50332105,-0.84245694,0.92321694,0.19836909,0.32912037,0.33277062,-0.8410218,-0.4265514
1355984504780,0.32548,0.50402886,-0.80001104,0.88557535,0.13403472,0.4447369,0.33138952,-0.853223,-0.40272993
1355984504821,0.49833164,0.47420985,-0.7258034,0.80420834,0.05992803,0.5913185,0.32390502,-0.8783698,-0.35149953
1355984504860,0.6325446,0.4283731,-0.6452781,0.7074287,0.019647,0.7065116,0.31532842,-0.9033884,-0.29061586
1355984504899,0.7155156,0.38344556,-0.583958,0.62685245,0.016581478,0.7789616,0.30837223,-0.92341465,-0.22849947
1355984504939,0.7546576,0.34799194,-0.5562315,0.5808797,0.039825797,0.81301457,0.30507487,-0.9366512,-0.17208661
1355984504979,0.76238966,0.32223406,-0.56118375,0.569765,0.07689682,0.8182021,0.30680585,-0.9435317,-0.12497237
1355984505019,0.74511373,0.30366194,-0.593797,0.5883243,0.12008813,0.79965824,0.3141337,-0.94518155,-0.08917238
1355984505059,0.7042815,0.29013067,-0.6479287,0.62977827,0.16591895,0.75884795,0.3276687,-0.94249403,-0.065864354
1355984505099,0.6389458,0.27912837,-0.7168233,0.68655086,0.21340075,0.6950598,0.34698147,-0.93624115,-0.05528429
1355984505139,0.5519458,0.2676497,-0.78975916,0.74753076,0.26088753,0.6108482,0.36953166,-0.9275243,-0.05608064
1355984505181,0.45511973,0.2522935,-0.8539403,0.80051863,0.3040213,0.51646984,0.38991803,-0.91865075,-0.06359956
1355984505219,0.36696547,0.23221123,-0.9007854,0.838614,0.33647984,0.42837822,0.40257043,-0.91261125,-0.07125914
1355984505259,0.30241644,0.209171,-0.9299419,0.863627,0.352722,0.36018845,0.40335193,-0.9120498,-0.073976815
1355984505299,0.2661543,0.18732318,-0.9455538,0.8811209,0.35049742,0.3174546,0.39088073,-0.91763914,-0.071767986
1355984505339,0.2563957,0.1712437,-0.95128167,0.89390635,0.3323745,0.3007635,0.36768565,-0.92747116,-0.06785649
1355984505379,0.2726618,0.1641235,-0.9480079,0.90031624,0.30391008,0.3115593,0.33924335,-0.93845725,-0.06489843
1355984505420,0.31768948,0.16725233,-0.93332744,0.8958857,0.26947093,0.35323408,0.31058383,-0.94837344,-0.06423086
1355984505459,0.3942681,0.18068904,-0.90105724,0.8737454,0.230172,0.4284739,0.28481868,-0.9562282,-0.06712675
1355984505499,0.49308583,0.20327383,-0.8458996,0.8290022,0.18511376,0.52771986,0.26385927,-0.9614638,-0.07723749
1355984505539,0.59232897,0.23635653,-0.770248,0.76532066,0.13378325,0.6295922,0.25185448,-0.96241236,-0.101644844
1355984505579,0.6603759,0.2841593,-0.69509506,0.7065518,0.07838905,0.70330626,0.25433886,-0.9555672,-0.14900702
1355984505619,0.67843413,0.35107613,-0.645347,0.6821635,0.025058147,0.73077023,0.27272722,-0.93601155,-0.22249103
1355984505680,0.6537199,0.43130448,-0.62179315,0.6946889,-0.016190471,0.71912813,0.3000961,-0.9020612,-0.31020647
1355984505700,0.63105154,0.5006239,-0.59257877,0.70470256,-0.05061367,0.70769525,0.32429656,-0.864184,-0.38473076
1355984505741,0.65794545,0.53445244,-0.5305359,0.67242193,-0.099754274,0.7334151,0.33905223,-0.8392912,-0.4250104
1355984505779,0.72792745,0.52666473,-0.43902832,0.5924572,-0.16083014,0.7893847,0.3451321,-0.83472025,-0.42909896
1355984505819,0.8026688,0.4880018,-0.3428951,0.48626843,-0.20255882,0.85000765,0.34534883,-0.8490137,-0.3998875
1355984505859,0.85185224,0.44533327,-0.27572814,0.3958508,-0.20264101,0.89567775,0.34300128,-0.87213236,-0.34890574
1355984505899,0.87729335,0.412452,-0.24543777,0.33862588,-0.16951102,0.92552614,0.34013072,-0.8950695,-0.28837782
1355984505939,0.88712025,0.39007717,-0.24669306,0.31414288,-0.11873841,0.9419211,0.33813,-0.91309416,-0.22787523
1355984505979,0.88590086,0.37505352,-0.27297342,0.31742162,-0.06101525,0.94631946,0.33826494,-0.9249929,-0.17310357
1355984506019,0.87423944,0.3646536,-0.32052016,0.34513927,-0.002497673,0.93854815,0.34144443,-0.9311399,-0.12803985
1355984506059,0.8505183,0.3573487,-0.38590223,0.3937439,0.053824425,0.91764295,0.3486895,-0.9324187,-0.094925225
1355984506100,0.810827,0.3521774,-0.46747258,0.46100137,0.10781357,0.8808257,0.36060682,-0.9297028,-0.07493612
1355984506140,0.75151694,0.34722063,-0.56094575,0.54179037,0.16030976,0.8250842,0.37641132,-0.92397976,-0.0676453
1355984506179,0.6728989,0.33880797,-0.6575837,0.6265149,0.21160868,0.75013393,0.3933018,-0.91675025,-0.069877
1355984506220,0.5835886,0.32256067,-0.7452376,0.702791,0.25914785,0.6625158,0.40682828,-0.9103829,-0.07545698
1355984506261,0.49930218,0.29621974,-0.81421816,0.7625041,0.2960277,0.57528704,0.41144252,-0.9080867,-0.07806146
1355984506299,0.43253925,0.26241595,-0.86258197,0.8068612,0.3142735,0.50020707,0.402349,-0.91234314,-0.07579768
1355984506340,0.3858607,0.22728902,-0.89412034,0.8412331,0.31118688,0.442142,0.37873256,-0.92276883,-0.07112828
1355984506380,0.35744303,0.19676054,-0.91297305,0.8679328,0.2909813,0.40252027,0.34485817,-0.9362773,-0.066765726
1355984506421,0.3475964,0.17398927,-0.92136014,0.886271,0.25982642,0.38342398,0.30610535,-0.9498516,-0.06388691
1355984506460,0.3572594,0.16099629,-0.920025,0.8942075,0.22551692,0.3866976,0.2697381,-0.9608446,-0.063396096
1355984506508,0.37412822,0.16093251,-0.9133065,0.89629257,0.19009304,0.40065464,0.23809156,-0.9684861,-0.073123455
1355984506545,0.4029771,0.18112981,-0.89710724,0.8886198,0.15712805,0.43088937,0.21900761,-0.9708258,-0.09763652
1355984506585,0.39652294,0.22807336,-0.8892424,0.89131093,0.13632871,0.43241102,0.21985069,-0.9640524,-0.14922681
1355984506628,0.33765212,0.30574688,-0.8902302,0.9099854,0.13578,0.39177826,0.24066043,-0.9423814,-0.23237884
1355984506679,0.23931707,0.395812,-0.8866004,0.9326272,0.16027422,0.32329345,0.27006257,-0.9042373,-0.33078867
1355984506715,0.14441952,0.4695835,-0.87099624,0.944433,0.19725195,0.26294127,0.29527858,-0.8605714,-0.41500312
