1355984603018,-0.0883472,0.015973955,0.99596167,-0.931926,0.35173225,-0.088308185,-0.35172248,-0.93596435,-0.016188025
1355984603038,-0.08233625,0.04816422,-0.99544007,0.9324784,-0.34877932,-0.094004154,-0.35171658,-0.9359664,-0.01619488
1355984603056,-0.08243948,0.04823163,-0.9954282,0.93247795,-0.34874862,-0.09412402,-0.35169396,-0.9359744,-0.016224265
1355984603098,-0.08286947,0.048505783,-0.9953792,0.93247646,-0.34861803,-0.094621,-0.3515968,-0.9360089,-0.016340762
1355984603139,-0.084408104,0.049212545,-0.99521524,0.93243444,-0.348269,-0.0963051,-0.35134202,-0.9361019,-0.016490757
1355984603178,-0.08786976,0.050334543,-0.99485946,0.9323106,-0.3475783,-0.09993082,-0.35082152,-0.9362989,-0.016385794
1355984603218,-0.09441769,0.051954836,-0.99417603,0.93198895,-0.34645277,-0.10661709,-0.34997424,-0.9366276,-0.015710086
1355984603258,-0.105490565,0.054717124,-0.99291384,0.93123317,-0.3448118,-0.117939144,-0.34882167,-0.93707573,-0.014580011
1355984603298,-0.12247789,0.059787244,-0.9906688,0.9296633,-0.34254396,-0.13560838,-0.3474553,-0.93759745,-0.013627887
1355984603338,-0.14558065,0.06790879,-0.987013,0.9268862,-0.33949864,-0.16007045,-0.34595978,-0.93815196,-0.013519257
1355984603378,-0.17362648,0.07886556,-0.9816487,0.9226185,-0.33558804,-0.19014683,-0.3444256,-0.93870175,-0.014495879
1355984603419,-0.20408344,0.09139454,-0.974678,0.9168931,-0.33101052,-0.22302264,-0.34301168,-0.9391907,-0.016245335
1355984603458,-0.2336359,0.10376161,-0.96677184,0.91025275,-0.32622105,-0.25498977,-0.34183943,-0.9395815,-0.018232405
1355984603498,-0.2595287,0.114380985,-0.9589378,0.9036027,-0.3216505,-0.2829188,-0.34080344,-0.93992436,-0.019877374
1355984603539,-0.27962863,0.12194115,-0.9523331,0.89806896,-0.3175525,-0.30435622,-0.33952925,-0.94036746,-0.02071485
1355984603578,-0.2930035,0.1258806,-0.9477885,0.89449906,-0.31400406,-0.31823385,-0.3376689,-0.94103956,-0.02059576
1355984603618,-0.30008328,0.12663043,-0.9454707,0.893088,-0.31096572,-0.32510635,-0.33517733,-0.94194746,-0.019776523
1355984603657,-0.30215943,0.12512925,-0.9450091,0.89345205,-0.30843443,-0.3265144,-0.33232984,-0.9429798,-0.018600643
1355984603699,-0.30062217,0.12204635,-0.9459022,0.89501655,-0.3065424,-0.3240019,-0.32950234,-0.94400024,-0.017080128
1355984603738,-0.2965744,0.117633164,-0.94773734,0.8972661,-0.30552053,-0.3187017,-0.32704315,-0.94489133,-0.0149386525
1355984603780,-0.29087883,0.11201006,-0.95018065,0.89981025,-0.30549467,-0.31147155,-0.32516304,-0.94558275,-0.011925876
1355984603818,-0.28436762,0.10560432,-0.9528813,0.9023514,-0.3062873,-0.30323273,-0.3238781,-0.94606334,-0.008194029
1355984603859,-0.27801222,0.09930429,-0.95543075,0.90461457,-0.30747223,-0.29518333,-0.3230814,-0.9463612,-0.0043510795
1355984603899,-0.2729019,0.09429413,-0.9574097,0.9063081,-0.30861062,-0.28873047,-0.32269233,-0.94650316,-0.0012391508
1355984603939,-0.26989883,0.09146193,-0.95853496,0.90720594,-0.3094623,-0.28497434,-0.32269475,-0.9465029,5.4875016E-4
1355984603979,-0.26944458,0.091133624,-0.9586941,0.9072484,-0.30983132,-0.28443813,-0.32295528,-0.9464139,8.0150366E-4
1355984604019,-0.27184057,0.09349105,-0.95779014,0.90650976,-0.30919653,-0.28746724,-0.32302102,-0.94639146,-6.983876E-4
1355984604059,-0.27798045,0.09963843,-0.95540524,0.90495825,-0.30638957,-0.29525575,-0.32214502,-0.9466771,-0.0049983263
1355984604098,-0.28808266,0.11016366,-0.9512478,0.90249693,-0.30088854,-0.30816442,-0.32016805,-0.9472751,-0.012741625
1355984604139,-0.30287987,0.12729388,-0.94448936,0.8986971,-0.29168874,-0.3275076,-0.31718662,-0.9480052,-0.026051998
1355984604180,-0.32096225,0.15112257,-0.93495727,0.89362717,-0.27866733,-0.35181668,-0.3137095,-0.94842315,-0.04560548
1355984604218,-0.33826536,0.17891729,-0.92388594,0.888631,-0.2623629,-0.37616587,-0.30969596,-0.94823754,-0.07024312
1355984604258,-0.34971792,0.20652404,-0.9138081,0.885949,-0.24424618,-0.39425665,-0.30461755,-0.94746596,-0.09755254
1355984604298,-0.35227203,0.23161274,-0.9067855,0.88706046,-0.22626567,-0.40240234,-0.29837593,-0.94612867,-0.12574744
1355984604338,-0.34532362,0.25442064,-0.90333927,0.89194155,-0.21038842,-0.4002213,-0.29187664,-0.94393164,-0.15427631
1355984604379,-0.33103144,0.27758047,-0.9018687,0.8991531,-0.19714648,-0.3907132,-0.28625464,-0.9402565,-0.18432564
1355984604419,-0.31379777,0.30528703,-0.89907223,0.9068012,-0.18437451,-0.37910116,-0.28150064,-0.9342408,-0.21897829
1355984604460,-0.2996831,0.34210154,-0.8905934,0.9132701,-0.16710323,-0.37150267,-0.2759126,-0.9246855,-0.26235312
1355984604499,-0.2955262,0.39098972,-0.8716602,0.91712636,-0.13934672,-0.373446,-0.2674765,-0.9097855,-0.31740636
1355984604539,-0.30437005,0.44883448,-0.8401823,0.91739875,-0.0992893,-0.38538438,-0.25639495,-0.8880817,-0.38153946
1355984604579,-0.3221904,0.5054301,-0.80045855,0.914112,-0.053759634,-0.401882,-0.24615565,-0.8611912,-0.44469887
1355984604620,-0.338505,0.5485554,-0.76452684,0.9093721,-0.018054813,-0.41559172,-0.24177846,-0.83591926,-0.4927293
1355984604659,-0.34108737,0.5703315,-0.74724925,0.9072154,-0.008484632,-0.42058086,-0.24621063,-0.82137084,-0.5145196
1355984604699,-0.31807625,0.5664678,-0.76022476,0.91229814,-0.03529489,-0.40800273,-0.2579525,-0.82332766,-0.5055611
1355984604739,-0.25955188,0.53231186,-0.8057772,0.92661494,-0.097785175,-0.36307412,-0.2720617,-0.84088176,-0.4678678
1355984604779,-0.16330159,0.4630089,-0.8711804,0.94485974,-0.18066442,-0.2731309,-0.28385338,-0.867746,-0.40797567
1355984604819,-0.045918554,0.36318484,-0.93058485,0.9555806,-0.25552472,-0.14687705,-0.29113096,-0.89599323,-0.33531904
1355984604859,0.061900795,0.2518557,-0.9657831,0.95391643,-0.29959124,-0.016986817,-0.29361835,-0.9202249,-0.25879422
1355984604899,0.13470492,0.15146062,-0.9792417,0.9470315,-0.31042662,0.08226001,-0.2915235,-0.93845356,-0.18525398
1355984604939,0.16416371,0.07395363,-0.98365706,0.9443307,-0.30000383,0.13504553,-0.28511375,-0.9510671,-0.119086444
1355984604980,0.15283543,0.02098924,-0.9880287,0.949281,-0.28110713,0.14086989,-0.27478522,-0.9594468,-0.06288779
1355984605019,0.10539669,-0.009281397,-0.9943869,0.9595325,-0.26163185,0.104144424,-0.26112995,-0.96512306,-0.018669307
1355984605062,0.02826947,-0.019287229,-0.99941427,0.9692346,-0.24403334,0.032125354,-0.24451,-0.96957505,0.011795133
1355984605099,-0.07185453,-0.011169732,-0.9973526,0.9714189,-0.22759086,-0.06743726,-0.22623503,-0.9736928,0.027203888
1355984605139,-0.18311656,0.010418981,-0.98303604,0.9604844,-0.21131158,-0.18115541,-0.2096143,-0.9773632,0.028687328
1355984605179,-0.2906826,0.038426727,-0.95604765,0.9358045,-0.19684786,-0.29243973,-0.19943345,-0.9796808,0.02126038
1355984605219,-0.38315248,0.066714674,-0.92127275,0.90181017,-0.18875855,-0.38872716,-0.19983187,-0.9797548,0.012159288
1355984605259,-0.45643443,0.09396449,-0.8847815,0.86391973,-0.19109589,-0.46596688,-0.21286246,-0.9770635,0.006044984
1355984605299,-0.5107945,0.12126991,-0.8511067,0.82631373,-0.20397073,-0.5249777,-0.23726481,-0.97143686,0.0039801
1355984605340,-0.5464397,0.14810988,-0.8242979,0.7931787,-0.22441298,-0.5661328,-0.268833,-0.96317303,0.0051505566
1355984605382,-0.56311184,0.17207319,-0.8082671,0.76893055,-0.2492106,-0.5887612,-0.30273876,-0.95303977,0.008021176
1355984605420,-0.56051046,0.19118759,-0.8057762,0.7571335,-0.27590215,-0.5921376,-0.33552474,-0.9419794,0.00989157
1355984605461,-0.5395046,0.20679173,-0.8161936,0.7585921,-0.30123383,-0.577751,-0.36533925,-0.93085736,0.005646467
1355984605500,-0.50471073,0.22666466,-0.83300066,0.77043515,-0.31706947,-0.5530792,-0.3894826,-0.92091805,-0.014602065
1355984605541,-0.46950638,0.26693258,-0.841612,0.7856511,-0.30864638,-0.5361806,-0.4028846,-0.9129536,-0.064804375
1355984605579,-0.460375,0.3454566,-0.81774974,0.7925229,-0.25508225,-0.55393183,-0.3999529,-0.9031018,-0.15634876
1355984605620,-0.48682743,0.44718385,-0.75035036,0.7867484,-0.14873862,-0.59908575,-0.37950754,-0.88198835,-0.27941114
1355984605659,-0.5237916,0.52856654,-0.6680268,0.77652234,-0.026143193,-0.62954706,-0.3502219,-0.8484892,-0.39675015
1355984605699,-0.5433429,0.5714363,-0.61501133,0.7730632,0.05492115,-0.6319468,-0.32734028,-0.8188065,-0.47159737
1355984605739,-0.5298107,0.58408237,-0.61493766,0.78580534,0.06528145,-0.6150189,-0.31907773,-0.8090649,-0.49356186
1355984605779,-0.4606889,0.5700127,-0.6803317,0.8269752,-0.0026768446,-0.5622319,-0.32230046,-0.82163155,-0.47015315
1355984605819,-0.29768544,0.5107648,-0.80653745,0.89637846,-0.1411339,-0.42022237,-0.32846457,-0.8480569,-0.41582507
1355984605859,-0.036668807,0.37832582,-0.9249459,0.9430628,-0.29308644,-0.15726677,-0.3305872,-0.8780489,-0.34603786
1355984605899,0.20389256,0.21549487,-0.95498157,0.9233252,-0.36657873,0.114414036,-0.3254203,-0.9050867,-0.27371454
1355984605939,0.3278025,0.09939137,-0.93950343,0.8915911,-0.36141047,0.2728512,-0.31242737,-0.9270942,-0.2070877
1355984605979,0.35356686,0.038747907,-0.9346064,0.88839096,-0.32669595,0.32253876,-0.29283446,-0.94433486,-0.14993215
1355984606019,0.31928247,0.01221323,-0.94758093,0.9086718,-0.28780538,0.30246282,-0.26902476,-0.9576111,-0.10298906
1355984606067,0.24851847,0.0037008822,-0.96862006,0.93747485,-0.25248897,0.23956284,-0.24367926,-0.9675927,-0.06621766
1355984606100,0.15441132,0.006007284,-0.98798835,0.96328235,-0.22322333,0.14919275,-0.21964583,-0.9747488,-0.04025495
1355984606139,0.04849136,0.015452683,-0.9987041,0.9785728,-0.20105636,0.044403017,-0.20010972,-0.9794578,-0.024871081
1355984606179,-0.05537218,0.02741757,-0.9980893,0.9805119,-0.18722022,-0.059539944,-0.18849495,-0.98193526,-0.016516507
1355984606219,-0.14513993,0.03758824,-0.98869693,0.9713439,-0.1846807,-0.14961368,-0.18821692,-0.98207957,-0.009706616
1355984606259,-0.2154116,0.045884937,-0.9754447,0.9554465,-0.19651097,-0.22023925,-0.20179129,-0.97942734,-0.0015097857
1355984606299,-0.26485962,0.05461037,-0.96273935,0.9368239,-0.22200543,-0.270323,-0.2284958,-0.9735149,0.007640004
1355984606339,-0.29044855,0.06300661,-0.9548141,0.91982913,-0.25663048,-0.29674095,-0.263731,-0.96445376,0.016582549
1355984606379,-0.28633326,0.0660809,-0.9558486,0.90933585,-0.29556233,-0.2928331,-0.30186352,-0.95303524,0.02453962
1355984606419,-0.2440831,0.056886196,-0.96808434,0.9087979,-0.33492804,-0.24881616,-0.33839282,-0.94052494,0.030052245
1355984606459,-0.15852672,0.03221956,-0.98682886,0.91475475,-0.37137496,-0.15907374,-0.3716088,-0.9279238,0.029399812
1355984606503,-0.03325796,9.901822E-4,-0.9994463,0.91627014,-0.39936835,-0.030885845,-0.3991778,-0.91679,0.0123749375
1355984606539,0.12565875,-0.026979655,-0.9917066,0.90011513,-0.41721296,0.12540355,-0.41713622,-0.90840816,-0.028141633
1355984606579,0.22244066,0.014056206,-0.9748449,0.88046926,-0.43229187,0.1946728,-0.4186812,-0.9016241,-0.10853532
1355984606621,0.22345966,0.1458554,-0.96373856,0.88859546,-0.43682837,0.13992539,-0.40057945,-0.88764143,-0.22721997
1355984606659,0.15938267,0.31466636,-0.93572557,0.9152473,-0.40236625,0.02058667,-0.37002638,-0.85970145,-0.35212776
1355984606699,0.11547357,0.43471557,-0.89313394,0.932872,-0.3563146,-0.05281785,-0.34119743,-0.8270806,-0.44667888
1355984606739,0.20628959,0.44468093,-0.87160975,0.922564,-0.38522708,0.021812767,-0.32606798,-0.80861545,-0.48971492
1355984606779,0.46985248,0.30243552,-0.82931983,0.8206656,-0.49574116,0.284163,-0.325187,-0.81410897,-0.48112363
1355984606819,0.72387105,0.07027382,-0.6863471,0.6057109,-0.54103917,0.58343035,-0.33034077,-0.83805627,-0.43420818
1355984606859,0.8358663,-0.09485382,-0.5406758,0.435925,-0.48390388,0.7588191,-0.33361202,-0.86996543,-0.3631298
1355984606899,0.87048477,-0.17536047,-0.45989668,0.36434153,-0.3986488,0.841626,-0.33092523,-0.90018207,-0.2831266
1355984606939,0.8781346,-0.21019119,-0.42976642,0.35403764,-0.31868133,0.8792608,-0.32177144,-0.9242629,-0.20542952
1355984606979,0.87376255,-0.22234139,-0.4325544,0.3770809,-0.25199974,0.8912385,-0.3071628,-0.9418388,-0.13634723
1355984607019,0.8603073,-0.22213732,-0.45883155,0.42034554,-0.20010442,0.8850242,-0.28841114,-0.9542606,-0.07877684
1355984607059,0.8366171,-0.21394217,-0.5042823,0.478239,-0.16366388,0.8628451,-0.26713175,-0.9630384,-0.034608513
1355984607101,0.7998396,-0.19868425,-0.5663755,0.5480937,-0.14283936,0.82412994,-0.24464235,-0.96959865,-0.005351007
1355984607140,0.7451885,-0.17575817,-0.6432754,0.62857074,-0.13701177,0.7655891,-0.22269481,-0.9748522,0.008376837
1355984607196,0.66892993,-0.1468445,-0.72867644,0.71476805,-0.14203851,0.68478584,-0.20405719,-0.9789084,0.009945951
1355984607218,0.57446986,-0.116790354,-0.81015086,0.7957268,-0.15229225,0.5861962,-0.19184175,-0.98141074,0.0054458976
1355984607258,0.47236788,-0.093437076,-0.8764349,0.8605488,-0.16612518,0.48151648,-0.19058946,-0.9816679,0.0019350052
1355984607295,0.37643242,-0.08061826,-0.92292976,0.9036809,-0.18752378,0.38496172,-0.20410624,-0.9789461,0.0022631586
1355984607337,0.29673994,-0.07670882,-0.95187247,0.9262147,-0.21959597,0.30643794,-0.23253378,-0.97257054,0.005885884
1355984607378,0.2392816,-0.078422844,-0.96777797,0.9328913,-0.25775945,0.25154316,-0.26918063,-0.9630213,0.0114828795
1355984607418,0.21108675,-0.08667582,-0.97361684,0.92782646,-0.29562193,0.22747669,-0.30753925,-0.95136476,0.01801829
1355984607458,0.2173289,-0.103758514,-0.97056806,0.91349727,-0.32873982,0.23969361,-0.34393454,-0.93870354,0.023338392
1355984607498,0.25606382,-0.12749636,-0.958215,0.8901572,-0.3553899,0.28516355,-0.3768972,-0.9259821,0.02248925
1355984607539,0.31266922,-0.14435735,-0.93882847,0.85949576,-0.37775874,0.3443335,-0.40435764,-0.91458154,0.005960971
1355984607578,0.3606494,-0.12842503,-0.92381763,0.8316287,-0.40416682,0.38084516,-0.42228648,-0.90562475,-0.03896062
1355984607618,0.36703756,-0.047093302,-0.92901325,0.8270736,-0.44054732,0.349095,-0.42571434,-0.8964933,-0.122747794
1355984607658,0.31510693,0.10580832,-0.94313955,0.8547163,-0.46358567,0.23355591,-0.41251385,-0.87971187,-0.23651515
1355984607699,0.23090845,0.27434605,-0.9334965,0.89211196,-0.44264084,0.09058359,-0.38835242,-0.8536998,-0.34695688
1355984607739,0.18555835,0.37668756,-0.9075651,0.9120419,-0.40976903,0.016397834,-0.36571524,-0.8307802,-0.41959092
1355984607779,0.22547397,0.3837456,-0.89548916,0.9080996,-0.41569677,0.05050984,-0.3528691,-0.824582,-0.44220802
1355984607819,0.34218332,0.30427545,-0.8890034,0.87261707,-0.4538059,0.18055391,-0.34849688,-0.83754206,-0.42080075
1355984607860,0.4789554,0.17569965,-0.86007637,0.80669165,-0.47448403,0.35229737,-0.34619397,-0.86255115,-0.36899215
1355984607904,0.58680236,0.043856084,-0.80854166,0.73500896,-0.44780788,0.5091462,-0.33974218,-0.89305353,-0.29500937
1355984607938,0.6348642,-0.03905058,-0.77163625,0.6991732,-0.39597133,0.5952844,-0.328792,-0.9174321,-0.22408491
1355984607978,0.6519468,-0.089915544,-0.7529148,0.6911727,-0.33788857,0.63883626,-0.31184256,-0.9368813,-0.15813822
1355984608018,0.64204466,-0.11459538,-0.75805444,0.70964026,-0.2853805,0.64418066,-0.29015404,-0.9515387,-0.101905555
1355984608061,0.6101011,-0.12059659,-0.7830921,0.74680215,-0.24265572,0.619197,-0.26469475,-0.9625876,-0.057982765
1355984608102,0.5559624,-0.11259782,-0.8235457,0.79643226,-0.2114231,0.5665649,-0.2379106,-0.9708872,-0.027866736
1355984608140,0.4836205,-0.095903695,-0.8700079,0.8490992,-0.18987438,0.49292815,-0.21246585,-0.9771131,-0.010395378
1355984608179,0.39896706,-0.07403484,-0.91397166,0.8968909,-0.17591229,0.40576044,-0.1908193,-0.9816179,-0.0037820041
1355984608220,0.30796945,-0.053332508,-0.94990027,0.9346,-0.16982174,0.3125436,-0.17798242,-0.9840306,-0.0024553835
1355984608260,0.2229614,-0.03952691,-0.9740256,0.9582068,-0.1748338,0.22643533,-0.17924285,-0.98380435,-0.0011062622
1355984608300,0.15182495,-0.03329304,-0.98784655,0.968493,-0.19460076,0.15540898,-0.19740969,-0.98031735,0.0026988387
1355984608339,0.09910774,-0.03204894,-0.9945604,0.96816456,-0.22777039,0.103817046,-0.2298587,-0.97318727,0.008454859
1355984608379,0.06990224,-0.035182863,-0.9969332,0.9604163,-0.26777512,0.07679188,-0.26965562,-0.9628389,0.015072107
1355984608419,0.07016426,-0.045609444,-0.99649227,0.94824743,-0.30707437,0.08082205,-0.30968347,-0.950592,0.021703392
1355984608459,0.103104234,-0.06646386,-0.9924475,0.9325762,-0.34055197,0.119690925,-0.3459351,-0.9378736,0.02687028
1355984608500,0.16516083,-0.095903456,-0.9815928,0.91139275,-0.3655386,0.18906298,-0.3769418,-0.9258424,0.027033046
1355984608543,0.23995137,-0.11800426,-0.9635862,0.8842333,-0.3831237,0.26710972,-0.40069285,-0.9161283,0.01241228
1355984608580,0.31814688,-0.12141943,-0.94023395,0.85274994,-0.39670038,0.3397738,-0.41424635,-0.9098824,-0.02266854
1355984608619,0.35602716,-0.06324738,-0.93233275,0.839732,-0.41608235,0.34889203,-0.40999374,-0.9071247,-0.09502578
1355984608659,0.34971398,0.06331071,-0.93471485,0.85439634,-0.4308449,0.29048136,-0.38432664,-0.9002024,-0.20476489
1355984608699,0.3070027,0.2238361,-0.9250118,0.8875561,-0.41814527,0.19338787,-0.3435021,-0.8803704,-0.3270388
1355984608741,0.26086414,0.35461432,-0.8978856,0.9163912,-0.38347125,0.114791006,-0.3036068,-0.85275936,-0.42499936
1355984608779,0.2487714,0.41525626,-0.8750286,0.9274579,-0.3625255,0.09163591,-0.2791678,-0.83434856,-0.47531864
1355984608819,0.28500554,0.40157196,-0.87035155,0.9189408,-0.3727204,0.12894696,-0.27261636,-0.83655214,-0.47524822
1355984608859,0.35435593,0.330182,-0.87487817,0.8932469,-0.3963228,0.21222231,-0.27666214,-0.8566843,-0.43537337
1355984608899,0.42869806,0.22835553,-0.87411195,0.85796654,-0.4060182,0.3147104,-0.2830395,-0.8848746,-0.36998063
1355984608939,0.48567015,0.12522486,-0.86512613,0.82572377,-0.39052963,0.40702197,-0.28688812,-0.91203356,-0.29306978
1355984608979,0.517294,0.039465457,-0.85489726,0.80636215,-0.3571053,0.4714402,-0.28668272,-0.93323004,-0.2165519
1355984609019,0.5266824,-0.02520737,-0.84968835,0.8017665,-0.3173893,0.50639373,-0.2824468,-0.9479603,-0.14695294
1355984609059,0.5173196,-0.06984946,-0.852937,0.8105781,-0.27967817,0.51453197,-0.27448764,-0.9575496,-0.08806454
1355984609097,0.491096,-0.09605843,-0.865793,0.8301799,-0.24945375,0.49857205,-0.26386738,-0.9636107,-0.042759955
1355984609139,0.45270982,-0.10592002,-0.88534445,0.8558428,-0.22696736,0.46477827,-0.25017363,-0.96812534,-0.01209946
1355984609180,0.4008017,-0.099087656,-0.9107907,0.8859163,-0.21142676,0.41285726,-0.23347458,-0.9723581,0.003043145
1355984609218,0.33740187,-0.08128667,-0.93784463,0.9159829,-0.20142019,0.3469947,-0.21710685,-0.97612625,0.0064976066
1355984609258,0.27088764,-0.058677852,-0.9608209,0.9407013,-0.1956084,0.27716112,-0.20420793,-0.978925,0.0022104383
1355984609298,0.20626932,-0.0391905,-0.9777101,0.9578545,-0.19606227,0.20993936,-0.19991967,-0.9798081,-0.0029028654
1355984609338,0.14988947,-0.027047694,-0.9883327,0.9663301,-0.2074421,0.1522296,-0.20913929,-0.97787327,-0.004956335
1355984609380,0.10548329,-0.021299243,-0.99419296,0.9667579,-0.23197818,0.10754228,-0.2329216,-0.9724878,-0.0038786232
1355984609419,0.07637185,-0.020329744,-0.99687207,0.9606428,-0.26630795,0.079027236,-0.26708162,-0.96367353,-8.087456E-4
1355984609459,0.066446304,-0.024690121,-0.99748456,0.94991696,-0.3043741,0.07081163,-0.30535677,-0.9522326,0.0032289922
1355984609499,0.0794037,-0.036372185,-0.99617875,0.93587804,-0.34139782,0.08706227,-0.3432599,-0.93921494,0.0069316626
1355984609539,0.11720657,-0.056379735,-0.99150586,0.9179671,-0.37480855,0.12982613,-0.37894452,-0.92538625,0.007824779
1355984609580,0.17767543,-0.08071488,-0.9807735,0.8943942,-0.40246266,0.19514868,-0.41047603,-0.9118712,6.8308413E-4
1355984609621,0.24737293,-0.092233956,-0.9645204,0.86671114,-0.42394936,0.26282844,-0.43314952,-0.90097713,-0.024933413
1355984609659,0.30643547,-0.064006835,-0.949737,0.8446506,-0.44178957,0.30230308,-0.43893343,-0.8948324,-0.081316546
1355984609699,0.33258578,0.027444959,-0.94267356,0.8441762,-0.45427325,0.28460917,-0.42042032,-0.8904395,-0.1742532
1355984609739,0.32406607,0.16196617,-0.93206656,0.86569655,-0.44809005,0.22312513,-0.38151106,-0.87919414,-0.28542432
1355984609782,0.30581844,0.28061694,-0.90979624,0.8894475,-0.4250945,0.16786262,-0.33964428,-0.8605515,-0.37959576
1355984609819,0.31508622,0.3348286,-0.8880374,0.8959459,-0.41358438,0.16195303,-0.31305188,-0.8466627,-0.43030307
1355984609859,0.36810428,0.3148037,-0.87487024,0.8780799,-0.42710543,0.21576989,-0.30573672,-0.8476318,-0.4336421
1355984609899,0.45245188,0.23470822,-0.8603484,0.8360878,-0.4472549,0.31767958,-0.31023306,-0.8630615,-0.39859802
1355984609939,0.53688353,0.12719539,-0.83401287,0.7819289,-0.4462028,0.43530488,-0.3167701,-0.88584673,-0.33901668
1355984609979,0.59780717,0.026681751,-0.8011958,0.7353481,-0.4162172,0.5348143,-0.31920165,-0.9088736,-0.268438
1355984610019,0.63092136,-0.049995124,-0.77423424,0.70884556,-0.36853132,0.60143375,-0.3153984,-0.92826986,-0.19707546
1355984610059,0.6406013,-0.10066745,-0.7612464,0.7046312,-0.31691843,0.63486814,-0.30516356,-0.9430953,-0.1320849
1355984610096,0.6311125,-0.12850085,-0.7649735,0.7193408,-0.2720592,0.63916564,-0.29025134,-0.95366216,-0.079264104
1355984610138,0.6072081,-0.13855919,-0.78236806,0.7467047,-0.23699707,0.6215019,-0.27153364,-0.96157885,-0.040443778
1355984610181,0.5685595,-0.13289416,-0.81183696,0.7837378,-0.21239105,0.58364815,-0.24999034,-0.968106,-0.016602755
1355984610220,0.5155173,-0.11668351,-0.84889746,0.8256726,-0.1972825,0.5285304,-0.22914341,-0.9733779,-0.0053601414
1355984610258,0.45281276,-0.09170061,-0.8868774,0.8664063,-0.18955836,0.46196067,-0.21047711,-0.9775779,-0.0063844174
1355984610298,0.38251126,-0.063129246,-0.9217917,0.9026783,-0.18731469,0.38740823,-0.19712186,-0.9802693,-0.014664605
1355984610339,0.31285575,-0.03889537,-0.9490039,0.9300176,-0.1903204,0.31439695,-0.19284338,-0.9809512,-0.023369461
1355984610380,0.25160068,-0.023988634,-0.9675338,0.9466826,-0.20174354,0.2511804,-0.20121911,-0.9791446,-0.02804923
1355984610419,0.20328441,-0.018143445,-0.9789516,0.95334756,-0.2242203,0.2021232,-0.22316799,-0.97436965,-0.028283536
1355984610459,0.1709435,-0.019275218,-0.9850923,0.95169044,-0.25560665,0.1701487,-0.25507584,-0.9665886,-0.025350213
1355984610499,0.15800583,-0.026783466,-0.9870748,0.9436563,-0.2902642,0.1589317,-0.29076928,-0.9565716,-0.020589024
1355984610539,0.16755325,-0.041289,-0.984998,0.93059444,-0.32320648,0.17184705,-0.32545316,-0.94542724,-0.015730947
1355984610580,0.20032066,-0.06187001,-0.9777749,0.9126357,-0.3511874,0.20919716,-0.35632533,-0.9342588,-0.0138852745
1355984610621,0.24890876,-0.07970008,-0.96524215,0.89049876,-0.37307286,0.2604392,-0.38086262,-0.92437255,-0.021888271
1355984610660,0.30330008,-0.08033785,-0.94950247,0.8675574,-0.38887924,0.31002754,-0.39414874,-0.91777927,-0.048249394
1355984610699,0.33777094,-0.034549385,-0.940594,0.8572414,-0.4013464,0.32258075,-0.38864893,-0.91527456,-0.105946004
1355984610739,0.34117153,0.06765306,-0.9375634,0.8675533,-0.40663645,0.28635326,-0.36187473,-0.9110818,-0.19742547
1355984610779,0.32052168,0.19597599,-0.9267466,0.89017737,-0.39676282,0.22397187,-0.32380548,-0.89675677,-0.30162448
1355984610819,0.30308744,0.29654688,-0.9056479,0.9069286,-0.38156405,0.17857608,-0.2926065,-0.8754821,-0.3845941
1355984610859,0.31825635,0.333061,-0.8875716,0.90565753,-0.38351843,0.18082622,-0.2801739,-0.861385,-0.42369634
1355984610899,0.37321004,0.30095187,-0.8775774,0.8831227,-0.40508035,0.23665208,-0.28426847,-0.86332947,-0.4169575
1355984610939,0.4491509,0.2187736,-0.86625725,0.843333,-0.42398897,0.3301862,-0.29504746,-0.8788467,-0.374934
1355984610979,0.5169269,0.11999932,-0.847577,0.80022275,-0.4193877,0.42866948,-0.30402327,-0.8998412,-0.312819
1355984611019,0.5603783,0.03222677,-0.8276095,0.76897085,-0.39143696,0.5054314,-0.3076685,-0.9196404,-0.24413425
1355984611058,0.57865727,-0.034380436,-0.8148458,0.75615805,-0.35173604,0.55182123,-0.30558252,-0.9354676,-0.17753756
1355984611097,0.5746894,-0.07829976,-0.8146173,0.7617112,-0.31276438,0.5674281,-0.2992127,-0.94659793,-0.12010056
1355984611138,0.55569565,-0.10491136,-0.82473993,0.77947485,-0.27929667,0.56072474,-0.28917357,-0.9544563,-0.073428154
1355984611178,0.522606,-0.115775764,-0.8446768,0.80658555,-0.2538539,0.5338332,-0.27622944,-0.9602886,-0.0392825
1355984611220,0.47652823,-0.11132258,-0.8720827,0.83965605,-0.23637545,0.48898315,-0.26057374,-0.9652637,-0.019166917
1355984611259,0.41829595,-0.09207657,-0.9036318,0.8753475,-0.2247146,0.42810056,-0.2424773,-0.9700645,-0.01339823
1355984611298,0.35144183,-0.064361036,-0.9339949,0.90880096,-0.21617779,0.3568586,-0.22487667,-0.9742304,-0.017482594
1355984611338,0.2839945,-0.037063777,-0.9581093,0.935034,-0.21051449,0.2852983,-0.21227008,-0.9768879,-0.02512908
1355984611380,0.22231856,-0.018503457,-0.97479844,0.9517633,-0.21274415,0.22110322,-0.2114738,-0.97693276,-0.029686064
1355984611418,0.1694389,-0.008862913,-0.9855008,0.9597317,-0.22586006,0.16703963,-0.22406578,-0.9741194,-0.02976343
1355984611459,0.12998015,-0.0069096386,-0.9914925,0.959303,-0.25194734,0.12751606,-0.25068498,-0.96771634,-0.026119739
1355984611500,0.10618025,-0.0106756985,-0.99428964,0.95270336,-0.28525937,0.1048021,-0.28474918,-0.95839095,-0.020118207
1355984611539,0.101291895,-0.02065751,-0.99464226,0.941947,-0.31971246,0.10256553,-0.3201183,-0.94728935,-0.012925953
1355984611580,0.11790568,-0.03717956,-0.9923285,0.92811954,-0.35122347,0.123435825,-0.35311827,-0.9355532,-0.0069042146
1355984611619,0.15440524,-0.05669871,-0.9863794,0.9109212,-0.37843484,0.16434628,-0.3825985,-0.9238898,-0.00678429
1355984611660,0.20485151,-0.06838444,-0.97640127,0.89043653,-0.4011677,0.21491253,-0.40639728,-0.91344845,-0.021287858
1355984611699,0.25512117,-0.050010413,-0.9656149,0.8707936,-0.4221934,0.25193474,-0.4202756,-0.90512514,-0.0641617
1355984611739,0.28925872,0.02134502,-0.957013,0.86037695,-0.44404763,0.25014642,-0.41961995,-0.895749,-0.1468094
1355984611779,0.29441214,0.15026402,-0.9437914,0.86733615,-0.45671022,0.1978479,-0.4013097,-0.87683326,-0.26479045
1355984611819,0.27846417,0.29502776,-0.9140111,0.8865522,-0.44501004,0.12645659,-0.3694359,-0.8455322,-0.3854769
1355984611859,0.2715298,0.39467636,-0.8777826,0.90136886,-0.42397654,0.088193804,-0.33735123,-0.815153,-0.4708712
1355984611899,0.30007142,0.420542,-0.8562135,0.89962983,-0.4232371,0.10740805,-0.3172117,-0.8025053,-0.5053335
1355984611939,0.36588877,0.37624648,-0.8512132,0.87726116,-0.4447909,0.18048242,-0.31070602,-0.81277275,-0.49281046
1355984611979,0.44780013,0.2833522,-0.8480486,0.8381507,-0.46335754,0.28775543,-0.3114136,-0.8396495,-0.44498342
1355984612019,0.5193664,0.17394719,-0.8366606,0.7955556,-0.45589095,0.39906734,-0.31200936,-0.8728722,-0.37515908
1355984612057,0.56731296,0.07411456,-0.8201604,0.7636016,-0.42023972,0.49021536,-0.30833188,-0.90438133,-0.29500145
1355984612096,0.59020984,-0.0018044114,-0.8072479,0.74936324,-0.37062764,0.5487166,-0.30017853,-0.9287798,-0.21739592
1355984612138,0.5953934,-0.05718088,-0.8013969,0.7499355,-0.31834272,0.57987463,-0.2882766,-0.9462496,-0.1466572
1355984612178,0.58600605,-0.09457961,-0.80476797,0.7625594,-0.27151713,0.58718085,-0.2740437,-0.957775,-0.08698807
1355984612219,0.564639,-0.11593333,-0.817155,0.78379726,-0.2348305,0.57490575,-0.25854358,-0.965098,-0.041726254
1355984612258,0.53282595,-0.12209299,-0.83737075,0.8107128,-0.21000281,0.5464828,-0.24257195,-0.9700475,-0.012912586
1355984612298,0.49183214,-0.115796745,-0.8629555,0.84037536,-0.19611776,0.5052792,-0.2277506,-0.9737191,8.557141E-4
1355984612338,0.44495076,-0.10157907,-0.8897756,0.8690757,-0.19083846,0.45638597,-0.21616262,-0.9763516,0.0033661425
1355984612377,0.39535052,-0.0875642,-0.91434705,0.893908,-0.19226038,0.40492517,-0.21124959,-0.97742957,0.0022640675
1355984612418,0.3495014,-0.07950026,-0.9335569,0.9113989,-0.20219728,0.35842475,-0.21725753,-0.9761126,0.0017882437
1355984612458,0.3109874,-0.07846242,-0.9471698,0.9205813,-0.22286612,0.32071954,-0.23625639,-0.9716864,0.0029224157
1355984612498,0.28299084,-0.08333033,-0.95549583,0.9217045,-0.25191966,0.29495308,-0.2652867,-0.96415377,0.005515009
1355984612557,0.26874113,-0.09391922,-0.9586226,0.91554314,-0.28430587,0.28451854,-0.2992638,-0.95412225,0.009582475
1355984612578,0.27084738,-0.10981843,-0.9563376,0.90332985,-0.31428474,0.2919249,-0.33262107,-0.94295543,0.014079094
1355984612619,0.28824168,-0.12896535,-0.94883335,0.8856182,-0.3409096,0.31537426,-0.36413875,-0.93120813,0.015949756
1355984612655,0.32021928,-0.1448707,-0.93620086,0.86291057,-0.36322594,0.3513577,-0.3909539,-0.92036915,0.008698493
1355984612696,0.35589516,-0.13689926,-0.9244443,0.840616,-0.3852893,0.38067952,-0.40829328,-0.91258466,-0.02204287
1355984612739,0.38873118,-0.08516711,-0.9174065,0.82514244,-0.4108175,0.38777432,-0.4099123,-0.90773094,-0.089422554
1355984612778,0.40690425,0.022847235,-0.913185,0.8252598,-0.4377893,0.35677266,-0.39163136,-0.89878726,-0.19699322
1355984612818,0.4043377,0.16646475,-0.8993334,0.8416136,-0.45265496,0.29460156,-0.35804695,-0.8760097,-0.32312447
1355984612864,0.39064494,0.2925058,-0.87283266,0.861574,-0.45007917,0.23477441,-0.32417092,-0.84372336,-0.42783654
1355984612905,0.38702932,0.35783255,-0.8498025,0.8705882,-0.44545016,0.20892689,-0.3037838,-0.8206887,-0.483927
1355984612938,0.40561312,0.35488713,-0.8423379,0.8636762,-0.4504969,0.2260884,-0.2992348,-0.8192116,-0.48923498
1355984612978,0.4430249,0.29475254,-0.84666985,0.843147,-0.457949,0.28175497,-0.30468363,-0.8386916,-0.45140254
1355984613018,0.48226467,0.20608601,-0.8514396,0.8187969,-0.45157453,0.3544745,-0.31143618,-0.8681066,-0.38652098
1355984613061,0.5113452,0.114252925,-0.8517466,0.800012,-0.42526096,0.4232421,-0.31385797,-0.89783037,-0.30885887
1355984613099,0.5237138,0.0408279,-0.8509152,0.7932646,-0.38751945,0.46963793,-0.31057188,-0.9209569,-0.23533663
1355984613139,0.5235274,-0.01293537,-0.85191065,0.79680204,-0.3466355,0.4949246,-0.30170447,-0.93791074,-0.17116626
1355984613179,0.51182413,-0.046996713,-0.8578038,0.8091993,-0.30894473,0.4997496,-0.28850058,-0.9499181,-0.12009567
1355984613219,0.49030536,-0.06309852,-0.8692635,0.82814336,-0.27710807,0.48722643,-0.27162322,-0.9587646,-0.08361295
1355984613259,0.45977148,-0.062764645,-0.88581645,0.8518214,-0.25078955,0.45989653,-0.25101876,-0.9660047,-0.061841607
1355984613301,0.42074904,-0.047891498,-0.90591204,0.8783077,-0.22841343,0.42000347,-0.22703704,-0.9723856,-0.054041296
1355984613339,0.37532002,-0.025490373,-0.9265448,0.90428495,-0.2093749,0.37206328,-0.20347917,-0.9775032,-0.055532068
1355984613379,0.32903495,-0.0045366585,-0.94430685,0.9260272,-0.1943123,0.3235991,-0.18495855,-0.98092926,-0.059734464
1355984613419,0.2866768,0.0059019327,-0.9580091,0.941296,-0.18780598,0.28051853,-0.17826429,-0.98218834,-0.059395045
1355984613459,0.25197867,0.0029897392,-0.96772814,0.94897425,-0.19670191,0.24648777,-0.18961707,-0.98045874,-0.05240184
1355984613499,0.22677663,-0.010295212,-0.97389233,0.94878346,-0.22349563,0.22329247,-0.21995959,-0.9746505,-0.04091564
1355984613539,0.21300292,-0.02979508,-0.97659713,0.9413105,-0.26161516,0.2132883,-0.26184756,-0.96471226,-0.02767837
1355984613579,0.2140544,-0.054820895,-0.9752822,0.92707807,-0.30314934,0.22051474,-0.30774498,-0.9513649,-0.014067218
1355984613619,0.23381793,-0.08565077,-0.96850044,0.906371,-0.34130543,0.24900234,-0.35188168,-0.93604195,-0.0021719337
1355984613659,0.27337706,-0.12019247,-0.95436823,0.87860346,-0.37267745,0.29860917,-0.3915621,-0.9201442,0.003720075
1355984613699,0.32805777,-0.14826334,-0.93295014,0.84420544,-0.39716434,0.3599689,-0.42390475,-0.9056922,-0.0051281303
1355984613739,0.38554502,-0.14792898,-0.91075355,0.809034,-0.42039728,0.41076756,-0.4436428,-0.8952,-0.042402476
1355984613779,0.43068573,-0.0962044,-0.8973597,0.7850136,-0.450626,0.4250763,-0.4452678,-0.88751394,-0.11855644
1355984613819,0.4472636,0.019864887,-0.8941816,0.7867054,-0.4843567,0.38274446,-0.4254997,-0.8746451,-0.2322629
1355984613859,0.43486392,0.17072669,-0.88416386,0.81150985,-0.4998814,0.302606,-0.3903142,-0.8491001,-0.35592675
1355984613899,0.4192974,0.29161555,-0.85973835,0.8354954,-0.49442732,0.23976871,-0.35515782,-0.8188418,-0.45095557
1355984613940,0.43770754,0.33386564,-0.8348328,0.83508027,-0.49509364,0.23983982,-0.3332461,-0.8021321,-0.49551088
1355984613979,0.49923125,0.29309264,-0.8153925,0.8030002,-0.5100335,0.30831254,-0.32551327,-0.8086796,-0.4899781
1355984614019,0.57698274,0.19937292,-0.7920489,0.7496109,-0.5143189,0.41660476,-0.32430595,-0.8341023,-0.4462052
1355984614061,0.6405465,0.093162626,-0.7622472,0.69723284,-0.4865387,0.52644706,-0.3218176,-0.8686776,-0.3766067
1355984614099,0.6736155,0.0128887,-0.73896956,0.6686052,-0.43673253,0.60185695,-0.3149749,-0.89949906,-0.30280727
1355984614139,0.6855416,-0.042838246,-0.726772,0.6620374,-0.37862915,0.646797,-0.30288476,-0.92455655,-0.23120552
1355984614179,0.6792464,-0.07580948,-0.7299844,0.67581743,-0.32323444,0.6624125,-0.28617322,-0.9432775,-0.16832247
1355984614219,0.6576905,-0.09061092,-0.7478187,0.7048666,-0.276157,0.65337616,-0.26571834,-0.95683175,-0.11775723
1355984614261,0.6219028,-0.091042936,-0.77778405,0.7445859,-0.23888049,0.62332004,-0.24254638,-0.96677154,-0.080771126
1355984614301,0.57221717,-0.08097467,-0.81609476,0.7903012,-0.21137327,0.5751045,-0.21906951,-0.9740454,-0.05695702
1355984614340,0.5109633,-0.06483689,-0.85715383,0.836264,-0.19328511,0.5131311,-0.19894487,-0.978998,-0.044540867
1355984614380,0.44182694,-0.048413545,-0.89579296,0.8774065,-0.1847589,0.44274366,-0.18694055,-0.9815906,-0.039153084
1355984614419,0.37130383,-0.03713602,-0.92776847,0.90946335,-0.18680844,0.3714553,-0.18710932,-0.9816942,-0.035588875
1355984614459,0.30537504,-0.03272429,-0.9516697,0.9305897,-0.2016089,0.3055433,-0.20186377,-0.97891927,-0.031113446
1355984614499,0.24882567,-0.03336081,-0.9679736,0.9406892,-0.22965276,0.24972689,-0.23062888,-0.9727007,-0.025761366
1355984614539,0.20670533,-0.037383795,-0.9776888,0.9409653,-0.26618296,0.20911917,-0.2680618,-0.96319723,-0.019844562
1355984614579,0.18572885,-0.046891153,-0.98148155,0.9329072,-0.30521744,0.19111899,-0.3085271,-0.9511275,-0.012942582
1355984614619,0.1928289,-0.06580904,-0.9790231,0.91756034,-0.3414662,0.20367622,-0.347707,-0.9375874,-0.0054608434
1355984614659,0.23141378,-0.09592357,-0.9681148,0.89384925,-0.3718599,0.25050664,-0.38403255,-0.92331946,-3.1226873E-4
1355984614699,0.29676116,-0.13021615,-0.946032,0.8597561,-0.39474422,0.32403162,-0.4156348,-0.9095168,-0.0051906556
1355984614739,0.36706293,-0.14347172,-0.9190651,0.82055414,-0.41542757,0.39256966,-0.4381276,-0.89824045,-0.034761786
1355984614779,0.41261664,-0.09845421,-0.9055685,0.7949945,-0.44638076,0.41076517,-0.44466993,-0.8894105,-0.10591358
1355984614819,0.40600368,0.03130251,-0.9133352,0.80662364,-0.48204002,0.3420465,-0.4295572,-0.87558985,-0.22095938
1355984614861,0.34587178,0.21556684,-0.9131833,0.8507483,-0.48252514,0.20831901,-0.39572722,-0.8489408,-0.35028493
1355984614899,0.29006946,0.359033,-0.88710487,0.88715446,-0.4485222,0.10855782,-0.3589104,-0.81848836,-0.44862035
1355984614939,0.3061717,0.40259892,-0.86265457,0.8915424,-0.4389858,0.11155084,-0.33378288,-0.80324686,-0.49333903
1355984614979,0.40335715,0.3481162,-0.84623766,0.8565217,-0.46905774,0.21530306,-0.3219838,-0.81166494,-0.48736686
1355984615019,0.5296662,0.23261586,-0.815686,0.78688383,-0.49376133,0.3701535,-0.31665063,-0.83790785,-0.4445703
1355984615061,0.629498,0.10858101,-0.76937795,0.71191996,-0.4773,0.5151259,-0.31129122,-0.8720063,-0.37776035
1355984615099,0.6805501,0.019748539,-0.73243535,0.6668757,-0.43080133,0.60801893,-0.30352664,-0.9022307,-0.30635172
1355984615139,0.7008301,-0.04028985,-0.71218956,0.65050364,-0.37359858,0.6612633,-0.2927152,-0.9267151,-0.23562041
1355984615180,0.6977044,-0.077299684,-0.71220315,0.6596632,-0.3183853,0.68079025,-0.2793799,-0.9448045,-0.17114708
1355984615219,0.6763191,-0.097503126,-0.7301271,0.68761444,-0.27188814,0.6732482,-0.2641567,-0.9573766,-0.11683857
1355984615259,0.63773793,-0.10359606,-0.7632549,0.72946966,-0.2369324,0.6416673,-0.24731407,-0.9659869,-0.07553056
1355984615302,0.58095276,-0.096137226,-0.80823976,0.7811427,-0.21317574,0.58683234,-0.22871357,-0.97227246,-0.048748136
1355984615340,0.505566,-0.07967004,-0.85910165,0.8364996,-0.19866082,0.5106881,-0.2113564,-0.9768247,-0.033792183
1355984615381,0.42111185,-0.06012088,-0.905014,0.8849325,-0.19157079,0.42449394,-0.19889516,-0.9796357,-0.027469829
1355984615419,0.33322528,-0.04389134,-0.94182503,0.92235875,-0.19193688,0.33528262,-0.195487,-0.9804253,-0.023474649
1355984615459,0.2543666,-0.034992695,-0.96647465,0.94516915,-0.2026569,0.25609675,-0.20482424,-0.97862446,-0.018475175
1355984615499,0.1891157,-0.03139493,-0.9814528,0.95534456,-0.22522259,0.1912893,-0.2270509,-0.9738014,-0.012600154
1355984615539,0.14235365,-0.03122881,-0.989323,0.9553243,-0.25721878,0.14558092,-0.25901887,-0.96584845,-0.006782323
1355984615579,0.11987424,-0.03571096,-0.9921466,0.94804215,-0.29252768,0.1250746,-0.2946968,-0.95559,-0.0012110472
1355984615619,0.12696874,-0.04854414,-0.9907181,0.9354466,-0.32630944,0.13587403,-0.32987654,-0.94401574,0.0039793253
1355984615659,0.1672191,-0.07260504,-0.98324275,0.9168229,-0.3553211,0.18216097,-0.3625927,-0.9319203,0.007149473
1355984615699,0.23760521,-0.10473001,-0.96569943,0.88898295,-0.3772223,0.2596392,-0.39147547,-0.92018193,0.003473267
1355984615739,0.31833637,-0.12575075,-0.9396003,0.8532921,-0.39378566,0.34179723,-0.4129824,-0.91056,-0.018054172
1355984615779,0.3792568,-0.10279599,-0.91956365,0.82440186,-0.41372237,0.38625827,-0.42014983,-0.90458107,-0.07216184
1355984615819,0.38183215,0.0026934445,-0.9242277,0.83080566,-0.4391215,0.3419564,-0.40492722,-0.8984237,-0.16990845
1355984615859,0.31241205,0.18358478,-0.9320383,0.87621486,-0.434684,0.20808023,-0.36694172,-0.88167256,-0.2966602
1355984615899,0.2189016,0.35535336,-0.9087387,0.92150617,-0.38147858,0.07280365,-0.32079333,-0.85334516,-0.4109666
1355984615939,0.18463913,0.44248548,-0.87756205,0.94002926,-0.34007797,0.026307672,-0.28679875,-0.8297913,-0.47874093
1355984615979,0.24934414,0.43460998,-0.86541414,0.9289856,-0.3597462,0.08699635,-0.27352,-0.8256494,-0.49344704
1355984616019,0.40113252,0.33762977,-0.85152733,0.87337565,-0.4212997,0.24437982,-0.27623832,-0.84173197,-0.46387464
1355984616059,0.57078385,0.18471614,-0.80005354,0.77016914,-0.45826378,0.44365954,-0.28468448,-0.8694103,-0.40383226
1355984616096,0.6824144,0.050189704,-0.7292404,0.6709477,-0.43890166,0.59765756,-0.29006863,-0.8971323,-0.33318746
1355984616138,0.7384824,-0.040945143,-0.67302835,0.60916114,-0.3874213,0.69197357,-0.2890785,-0.9209931,-0.26116166
1355984616178,0.75754,-0.092688635,-0.6461749,0.58899415,-0.32974482,0.7378037,-0.28145882,-0.93950903,-0.19520184
1355984616218,0.75320643,-0.11707355,-0.6472819,0.60067457,-0.27863413,0.7493684,-0.26808602,-0.9532349,-0.13954592
1355984616258,0.73079824,-0.12271583,-0.6714721,0.63507676,-0.23836768,0.7347505,-0.25022274,-0.9633907,-0.09626472
1355984616298,0.6915735,-0.11502272,-0.713089,0.6849263,-0.2090455,0.6979799,-0.22935158,-0.97111773,-0.06578823
1355984616341,0.63573545,-0.098249346,-0.7656288,0.7433455,-0.18939054,0.6415361,-0.20803338,-0.976974,-0.047369063
1355984616379,0.56618637,-0.077765554,-0.8206007,0.80197334,-0.17805141,0.5702075,-0.19045156,-0.98094356,-0.0384444
1355984616419,0.49107412,-0.06080526,-0.86899304,0.85196,-0.17453572,0.49366122,-0.18168756,-0.9827716,-0.033906326
1355984616459,0.42209437,-0.053571433,-0.9049676,0.88725185,-0.18047455,0.42451495,-0.1860655,-0.9821196,-0.028645918
1355984616499,0.36875084,-0.057311237,-0.92775977,0.906555,-0.19835618,0.37257585,-0.2053797,-0.9784529,-0.021188214
1355984616539,0.33683893,-0.06978217,-0.93897283,0.9111804,-0.22712812,0.3437485,-0.23725465,-0.9713616,-0.012921423
1355984616579,0.33196765,-0.09011945,-0.93897605,0.9022093,-0.26023096,0.3439451,-0.27534676,-0.96133155,-0.0050816536
1355984616619,0.36096233,-0.12112489,-0.92468095,0.878258,-0.28931242,0.38073775,-0.31363854,-0.9495404,0.0019480139
1355984616659,0.42763254,-0.16594526,-0.8885902,0.8339163,-0.30696377,0.4586467,-0.34887525,-0.9371422,0.00711675
