1355983806799,0.00902307,0.05039993,-0.9986884,0.96838963,-0.24941331,-0.0038375556,-0.24927956,-0.96708477,-0.05105728
1355983806844,-0.325208,0.03396952,0.94503224,-0.9121979,0.25215787,-0.32297283,-0.24926853,-0.9670897,-0.051016808
1355983806896,-0.32502168,0.034086615,0.945092,-0.91228056,0.25204378,-0.32282817,-0.24920863,-0.9671153,-0.050823092
1355983806928,-0.32432657,0.03451425,0.94531524,-0.9125996,0.25158018,-0.32228762,-0.24894607,-0.96722084,-0.050096393
1355983806969,-0.32313865,0.03515619,0.9456984,-0.913147,0.2508055,-0.32133973,-0.24848342,-0.9673989,-0.04894215
1355983807012,-0.32126087,0.035980165,0.94630694,-0.9139943,0.24970335,-0.31978524,-0.24780193,-0.96765363,-0.047334194
1355983807053,-0.31844604,0.03696853,0.94721985,-0.91522276,0.24827033,-0.31737855,-0.2468996,-0.96798515,-0.045226276
1355983807092,-0.31485665,0.037907302,0.9483819,-0.9167435,0.24668103,-0.31421292,-0.24585879,-0.96835506,-0.042917907
1355983807133,-0.31100512,0.03865266,0.9496219,-0.91839194,0.2449342,-0.3107468,-0.24460611,-0.96876895,-0.040677547
1355983807181,-0.30754185,0.038911402,0.95073867,-0.9199566,0.2431097,-0.30753446,-0.24310043,-0.969218,-0.038969636
1355983807224,-0.3051191,0.038760006,0.95152503,-0.92114806,0.24151444,-0.30521634,-0.24163717,-0.96962285,-0.037986934
1355983807273,-0.30478072,0.03815189,0.95165807,-0.9216137,0.24027199,-0.3047911,-0.2402851,-0.96995556,-0.03806895
1355983807331,-0.30794513,0.03672129,0.9506952,-0.92076397,0.2400499,-0.307522,-0.2395069,-0.9700658,-0.04011053
1355983807370,-0.31310624,0.03520745,0.9490653,-0.91905195,0.24065948,-0.3121322,-0.23939097,-0.9699708,-0.04299456
1355983807423,-0.3196593,0.03256911,0.94697267,-0.91649896,0.24305576,-0.31773195,-0.24051541,-0.9694654,-0.047845483
1355983807461,-0.32490313,0.029946327,0.94527316,-0.9142625,0.24580473,-0.32203147,-0.24199632,-0.9688567,-0.052483976
1355983807505,-0.3288319,0.027573824,0.9439858,-0.91236866,0.24880254,-0.3250858,-0.24382994,-0.9681617,-0.05665672
1355983807544,-0.33114445,0.02569905,0.94323003,-0.9109874,0.2517529,-0.32668406,-0.2458564,-0.9674502,-0.05995506
1355983807591,-0.3317684,0.024599612,0.94304013,-0.9102577,0.25414628,-0.3268648,-0.24771085,-0.9668529,-0.06192571
1355983807634,-0.3312381,0.024141163,0.9432384,-0.91013837,0.25548428,-0.32615313,-0.24885634,-0.9665117,-0.062654376
1355983807673,-0.3296231,0.02440542,0.943797,-0.9106817,0.25544602,-0.3246631,-0.24901268,-0.96651524,-0.0619753
1355983807752,-0.32709122,0.02513966,0.94465834,-0.91175365,0.25440073,-0.3224681,-0.24842852,-0.96677214,-0.060291052
1355983807753,-0.3234802,0.026315778,0.94586885,-0.9134066,0.25233448,-0.31939876,-0.24708053,-0.9672822,-0.05758816
1355983807804,-0.31906307,0.027371377,0.9473382,-0.9154841,0.24963754,-0.31554738,-0.24512818,-0.9679525,-0.054592073
1355983807831,-0.31449884,0.02768761,0.94885397,-0.9178161,0.24626273,-0.31139722,-0.24228927,-0.9688076,-0.05203724
1355983807880,-0.31134272,0.025721908,0.9499495,-0.9201431,0.24166161,-0.30811724,-0.23749173,-0.9700196,-0.051571786
1355983807921,-0.30749744,0.020849258,0.9513204,-0.92283964,0.2371934,-0.3034899,-0.23197445,-0.9712386,-0.053695798
1355983807961,-0.30665523,0.012765914,0.95173514,-0.92471004,0.23295283,-0.3010722,-0.22555283,-0.97240424,-0.059631407
1355983808003,-0.30954188,8.401871E-4,0.9508854,-0.92550343,0.22924232,-0.30148184,-0.21823648,-0.973369,-0.0701825
1355983808043,-0.31871253,-0.015928239,0.9477176,-0.9243716,0.22639263,-0.30705634,-0.20966536,-0.9739059,-0.08687776
1355983808082,-0.33053467,-0.03529662,0.9431336,-0.92216945,0.22476599,-0.31477568,-0.20087385,-0.97377324,-0.10684246
1355983808123,-0.34674197,-0.056939304,0.9362306,-0.9181389,0.2247234,-0.32637444,-0.19180936,-0.9727576,-0.1301992
1355983808164,-0.36294228,-0.07892308,0.9284632,-0.91367674,0.22576612,-0.33797115,-0.1829418,-0.9709793,-0.15405023
1355983808205,-0.37966704,-0.10155687,0.919532,-0.9086931,0.22743273,-0.35007316,-0.17357928,-0.9684836,-0.17863274
1355983808243,-0.39390522,-0.12444368,0.91068786,-0.90440106,0.22926193,-0.3598578,-0.16400403,-0.965377,-0.20285451
1355983808284,-0.40808147,-0.1489377,0.90071476,-0.89988804,0.23188925,-0.3693629,-0.15385401,-0.96127254,-0.22865695
1355983808323,-0.42172652,-0.176388,0.8894009,-0.8953662,0.23577476,-0.37779567,-0.14305967,-0.95566595,-0.25736433
1355983808362,-0.43578345,-0.20795798,0.8756976,-0.89044595,0.24137866,-0.385801,-0.13114432,-0.94788706,-0.2903642
1355983808392,-0.4457484,-0.24107313,0.8620858,-0.8872093,0.24703479,-0.3896581,-0.119029045,-0.9385401,-0.32399768
1355983808423,-0.45765772,-0.27555346,0.8453518,-0.88276255,0.2543871,-0.3949904,-0.10620564,-0.9270153,-0.35967052
1355983808464,-0.47961855,-0.317173,0.8181487,-0.87283266,0.26824927,-0.407683,-0.09016174,-0.90963924,-0.40549636
1355983808503,-0.4994462,-0.3631175,0.78657436,-0.8632616,0.28512353,-0.41651422,-0.07302728,-0.8870458,-0.4558692
1355983808545,-0.5180495,-0.40965462,0.75087136,-0.85346246,0.30586037,-0.4219613,-0.056803405,-0.85943735,-0.5080756
1355983808584,-0.5264301,-0.45032316,0.721166,-0.8489999,0.32382226,-0.4175384,-0.045502394,-0.83207464,-0.55279404
1355983808624,-0.5212772,-0.48010397,0.7055284,-0.852301,0.33459267,-0.4020332,-0.043046862,-0.8108933,-0.58360857
1355983808663,-0.4973428,-0.4957466,0.711959,-0.8660016,0.33276245,-0.3732431,-0.051879257,-0.8021873,-0.59481436
1355983808704,-0.45235634,-0.49452543,0.74217135,-0.88892746,0.31718278,-0.33045876,-0.071983695,-0.8092216,-0.58307695
1355983808744,-0.3863215,-0.47353584,0.79152983,-0.9168739,0.29064742,-0.27361715,-0.1004886,-0.83143723,-0.546456
1355983808782,-0.30741593,-0.43331933,0.8471894,-0.9425584,0.2609336,-0.20855999,-0.13068709,-0.86264014,-0.48864394
1355983808822,-0.22530025,-0.37634885,0.89866644,-0.9616207,0.23415971,-0.14302042,-0.1566059,-0.8963988,-0.4146611
1355983808863,-0.15598518,-0.31137574,0.93739736,-0.9723178,0.21555233,-0.090195894,-0.17397335,-0.9255173,-0.3363791
1355983808903,-0.103981405,-0.2446543,0.9640187,-0.977996,0.20141336,-0.054373205,-0.18086362,-0.9484603,-0.2602142
1355983808941,-0.077622056,-0.18326977,0.9799934,-0.9807693,0.19058925,-0.042041153,-0.17907137,-0.96441066,-0.19453925
1355983808981,-0.07137135,-0.13038447,0.98889136,-0.98285234,0.17818698,-0.04744169,-0.17002192,-0.9753201,-0.14086616
1355983809021,-0.083322704,-0.08625093,0.99278307,-0.9841615,0.16355133,-0.0683901,-0.15647224,-0.9827572,-0.09851235
1355983809063,-0.10899651,-0.050555944,0.99275565,-0.98400474,0.1470539,-0.100547075,-0.14090535,-0.98783565,-0.06577569
1355983809101,-0.14490375,-0.02335909,0.98917,-0.9815644,0.12932494,-0.14073557,-0.12463695,-0.9913271,-0.041668177
1355983809142,-0.1893546,-0.005385369,0.981894,-0.97590435,0.11145097,-0.18758821,-0.108422786,-0.99375534,-0.02635932
1355983809182,-0.24067956,0.0026170611,0.9706011,-0.9660897,0.09569496,-0.2398189,-0.09350929,-0.9954072,-0.020503521
1355983809224,-0.29387277,0.0036207736,0.95583767,-0.9521878,0.086279094,-0.29307747,-0.08353001,-0.99626446,-0.021907449
1355983809262,-0.33988965,0.0029320717,0.9404607,-0.9368478,0.08656925,-0.3388538,-0.08240852,-0.99624145,-0.026677072
1355983809302,-0.37158304,0.005322218,0.9283844,-0.9238712,0.09652752,-0.37033007,-0.091585636,-0.995316,-0.030950904
1355983809348,-0.3859836,0.012418717,0.92242205,-0.91560614,0.11690718,-0.38470542,-0.11261532,-0.99306524,-0.033753574
1355983809391,-0.38327718,0.022480994,0.92335975,-0.9118979,0.14964539,-0.38216284,-0.14676794,-0.98848414,-0.03685528
1355983809433,-0.36756164,0.02848962,0.9295627,-0.9120772,0.18423843,-0.36629426,-0.18169677,-0.9824686,-0.04173428
1355983809471,-0.34756863,0.02867186,0.93721616,-0.9125445,0.21942341,-0.3451318,-0.2155427,-0.97520834,-0.050100327
1355983809510,-0.32528985,0.02128002,0.94537497,-0.9130821,0.25291008,-0.31987125,-0.24590173,-0.9672558,-0.06283873
1355983809550,-0.30679357,0.0041832626,0.95176685,-0.9124148,0.28331125,-0.29535407,-0.27088177,-0.9590189,-0.08310115
1355983809592,-0.29945078,-0.02784428,0.9537054,-0.9101027,0.3084143,-0.2767557,-0.2864303,-0.9508445,-0.11769605
1355983809633,-0.3085346,-0.07935107,0.9478976,-0.90671015,0.32577524,-0.26785678,-0.2875468,-0.94211143,-0.17246133
1355983809673,-0.34305474,-0.15670595,0.9261515,-0.9006603,0.33481887,-0.2769608,-0.26669165,-0.92916065,-0.25600004
1355983809757,-0.3841428,-0.24797186,0.8893504,-0.89433837,0.3392026,-0.29171962,-0.22933173,-0.9074423,-0.35207307
1355983809758,-0.41648403,-0.33504397,0.8451548,-0.8900444,0.33980617,-0.30389613,-0.18537027,-0.8787932,-0.43972778
1355983809791,-0.42110044,-0.39858705,0.8147409,-0.8943189,0.3322264,-0.2996988,-0.15122238,-0.8548415,-0.49636465
1355983809833,-0.39564422,-0.42911696,0.8119879,-0.9084705,0.3125458,-0.2774824,-0.13471106,-0.8474513,-0.51349705
1355983809871,-0.34615576,-0.43050975,0.83356917,-0.92860955,0.28379023,-0.23905525,-0.13364318,-0.85681057,-0.4980111
1355983809914,-0.27882096,-0.4040903,0.87118876,-0.94955206,0.25161448,-0.18719256,-0.143561,-0.8794323,-0.45386016
1355983809952,-0.20472142,-0.35741043,0.9112338,-0.9661038,0.2233567,-0.12944224,-0.15726614,-0.90684605,-0.39102143
1355983809993,-0.13418895,-0.29908746,0.9447433,-0.9763809,0.2028144,-0.07447559,-0.16933283,-0.9324232,-0.31923878
1355983810033,-0.07387215,-0.23650926,0.96881694,-0.9814815,0.18941009,-0.028598696,-0.17673987,-0.9529885,-0.24612159
1355983810072,-0.028318107,-0.17651659,0.9838902,-0.9835456,0.18061352,0.0040950477,-0.17842671,-0.96758497,-0.17872673
1355983810102,9.5269084E-4,-0.12452021,0.9922166,-0.9843296,0.1748468,0.022887826,-0.17633593,-0.97668993,-0.12240237
1355983810132,0.019338638,-0.081676036,0.9964713,-0.98511136,0.16873088,0.032948226,-0.17082655,-0.98227227,-0.077196956
1355983810172,0.026496679,-0.048709273,0.9984615,-0.986817,0.15824804,0.03390768,-0.1596562,-0.98619723,-0.043874085
1355983810202,0.020267874,-0.023768246,0.9995121,-0.9890023,0.14601699,0.023527086,-0.14650491,-0.98899657,-0.02054739
1355983810243,0.0034498274,-0.010949284,0.9999341,-0.9916723,0.12869635,0.004830539,-0.12874076,-0.9916236,-0.010414124
1355983810284,-0.02548647,-0.00890407,0.9996356,-0.99357057,0.11056578,-0.024346977,-0.11030868,-0.993829,-0.011664748
1355983810323,-0.05837217,-0.011716127,0.99822617,-0.9934616,0.09895852,-0.05693215,-0.09811595,-0.9950226,-0.01741594
1355983810364,-0.08585259,-0.01379776,0.99621236,-0.9914347,0.09995881,-0.08405641,-0.09842041,-0.99489594,-0.022261262
1355983810403,-0.10219431,-0.012298495,0.99468845,-0.988569,0.112680495,-0.10017237,-0.110850036,-0.9935552,-0.023673236
1355983810444,-0.10682002,-0.008200526,0.9942446,-0.9851401,0.13613573,-0.10471904,-0.13449347,-0.99065626,-0.022620738
1355983810482,-0.10114351,-0.0046063066,0.9948611,-0.9812843,0.16516772,-0.09899849,-0.16386291,-0.98625475,-0.02122575
1355983810523,-0.087897986,-0.0036754608,0.99612266,-0.97700286,0.19533774,-0.08549011,-0.19426614,-0.9807291,-0.020760715
1355983810563,-0.07006675,-0.0067255795,0.9975196,-0.9721991,0.22443253,-0.066775024,-0.22342673,-0.9744664,-0.022263885
1355983810603,-0.050844997,-0.015084207,0.9985926,-0.9669147,0.25102004,-0.045440316,-0.24998131,-0.9678643,-0.02734822
1355983810642,-0.036220014,-0.031908393,0.99883425,-0.9615099,0.27352518,-0.02612865,-0.27237257,-0.9613354,-0.040587306
1355983810683,-0.033809572,-0.06401527,0.9973761,-0.9576013,0.2877569,-0.013991982,-0.2861061,-0.95556164,-0.07103002
1355983810744,-0.052957863,-0.12111205,0.9912251,-0.9574873,0.28803352,-0.015962243,-0.2835728,-0.9499308,-0.13121688
1355983810764,-0.0966441,-0.20799187,0.97334445,-0.9612621,0.27313066,-0.03707972,-0.25813794,-0.9392226,-0.22633117
1355983810820,-0.14788863,-0.3072914,0.9400537,-0.965073,0.2526681,-0.069230705,-0.21624759,-0.9174589,-0.33392543
1355983810852,-0.18753701,-0.39446157,0.8995721,-0.96733445,0.23320091,-0.09940529,-0.17056948,-0.88882923,-0.42531008
1355983810888,-0.19120222,-0.441434,0.8766856,-0.9707359,0.21726233,-0.102317035,-0.14530453,-0.87059355,-0.4700569
1355983810929,-0.163266,-0.44433606,0.88085735,-0.9760269,0.20299858,-0.078505784,-0.14392984,-0.87255776,-0.46682668
1355983810971,-0.11580481,-0.41128138,0.9041221,-0.9806539,0.19197004,-0.038281024,-0.15782008,-0.89106405,-0.42555577
1355983811011,-0.06385037,-0.35581654,0.93237215,-0.98256975,0.1858587,0.0036403537,-0.1745848,-0.9158882,-0.36148173
1355983811052,-0.015652835,-0.28733656,0.95770174,-0.98237896,0.18282843,0.03879735,-0.186243,-0.9402188,-0.2851352
1355983811093,0.017886758,-0.21765321,0.9758622,-0.98155063,0.18200594,0.058585018,-0.19036394,-0.95890605,-0.21038216
1355983811133,0.03749439,-0.15081578,0.9878506,-0.98160106,0.17965314,0.06468496,-0.187226,-0.9721005,-0.14130497
1355983811170,0.034891248,-0.09219059,0.9951299,-0.9830327,0.17625642,0.050795764,-0.18008095,-0.98001754,-0.08447659
1355983811211,0.01318112,-0.0443213,0.99893034,-0.98546803,0.16862121,0.020484954,-0.16934872,-0.984684,-0.041454554
1355983811251,-0.034655184,-0.0075187087,0.999371,-0.9872316,0.1558223,-0.03306192,-0.15547568,-0.98775643,-0.012822747
1355983811291,-0.11079526,0.0171462,0.99369526,-0.9841753,0.13722956,-0.11210173,-0.13828644,-0.99039084,0.0016704798
1355983811332,-0.217682,0.02993235,0.97556067,-0.96866655,0.11583662,-0.2196978,-0.1195817,-0.99281716,0.0037789345
1355983811371,-0.34588456,0.035881966,0.9375907,-0.93241286,0.098401725,-0.3477403,-0.104738206,-0.9944997,-5.788207E-4
1355983811412,-0.46951383,0.041087747,0.8819686,-0.8773196,0.09067267,-0.47126302,-0.099333614,-0.9950328,-0.0065250397
1355983811451,-0.5711258,0.052567005,0.8191776,-0.8140008,0.09249592,-0.57345206,-0.10591525,-0.9943245,-0.010037243
1355983811492,-0.6390089,0.07256389,0.765769,-0.7588986,0.10290414,-0.6430269,-0.12546131,-0.99204093,-0.010688007
1355983811531,-0.67797804,0.0985544,0.7284455,-0.7187784,0.11867148,-0.6850363,-0.15395904,-0.98803043,-0.009617865
1355983811572,-0.69484925,0.12594172,0.7080418,-0.6947639,0.13668257,-0.706131,-0.18570831,-0.9825765,-0.007474005
1355983811612,-0.69443905,0.15111643,0.7035042,-0.6860238,0.15591913,-0.71067613,-0.21708463,-0.97614187,-0.0046069026
1355983811652,-0.679941,0.17076606,0.7131053,-0.69075024,0.17717099,-0.7010524,-0.24605753,-0.969252,-0.0025091767
1355983811693,-0.65700203,0.1812579,0.73177457,-0.70300937,0.20324641,-0.6815195,-0.27226138,-0.962204,-0.0061073303
1355983811753,-0.63268805,0.17508268,0.7543553,-0.71736604,0.23442268,-0.6560731,-0.2917051,-0.9562385,-0.022718072
1355983811775,-0.63285965,0.1409801,0.76132333,-0.71547365,0.26936013,-0.6446259,-0.29594958,-0.9526645,-0.06959963
1355983811813,-0.65821546,0.077213585,0.7488594,-0.69835156,0.30889243,-0.6456706,-0.28117156,-0.9479576,-0.14939559
1355983811852,-0.70661163,-0.008849144,0.7075463,-0.6634736,0.35587388,-0.65814626,-0.24597323,-0.9344921,-0.25733584
1355983811893,-0.74715805,-0.0945549,0.6578861,-0.63279885,0.40392736,-0.66061205,-0.20327403,-0.9098912,-0.3616318
1355983811939,-0.76027524,-0.15966924,0.6296723,-0.6267052,0.43536612,-0.6462947,-0.17094456,-0.88598084,-0.4310636
1355983811971,-0.74366564,-0.19853099,0.638394,-0.6498102,0.43915755,-0.6203929,-0.15718831,-0.87619984,-0.45559382
1355983812010,-0.70019567,-0.21352376,0.68127364,-0.69609535,0.41624805,-0.58496916,-0.15867406,-0.8838242,-0.44008797
1355983812051,-0.63430774,-0.20741057,0.74473786,-0.7547891,0.37446803,-0.53857875,-0.1671736,-0.9037447,-0.39407915
1355983812090,-0.5540847,-0.1834825,0.81198794,-0.81380665,0.32472062,-0.48194957,-0.17523992,-0.927842,-0.32924205
1355983812131,-0.47062942,-0.14613253,0.87014556,-0.8639639,0.2764977,-0.42085087,-0.17909324,-0.9498391,-0.2563812
1355983812170,-0.39647585,-0.10139257,0.91242886,-0.9006131,0.23571831,-0.3651477,-0.1780529,-0.9665177,-0.18477213
1355983812211,-0.34106243,-0.0552755,0.9384142,-0.9240078,0.20329744,-0.3238516,-0.17287615,-0.9775555,-0.12041217
1355983812251,-0.31042212,-0.012515426,0.95051646,-0.9361989,0.17740881,-0.30341026,-0.16483271,-0.98405766,-0.066788614
1355983812290,-0.30712658,0.023618907,0.9513755,-0.9389585,0.15531838,-0.30697402,-0.15501654,-0.98758197,-0.025525272
1355983812331,-0.33227497,0.05055985,0.94182634,-0.9321462,0.13470697,-0.33609128,-0.14386329,-0.9895947,0.0023694634
1355983812372,-0.38555908,0.066060305,0.92031527,-0.91330224,0.11454517,-0.39084315,-0.13123682,-0.99121916,0.01616913
1355983812413,-0.4636966,0.06806952,0.8833754,-0.8782826,0.095946014,-0.4684165,-0.11664128,-0.99305636,0.015294373
1355983812454,-0.551665,0.06111157,0.83182406,-0.82775396,0.08234751,-0.55501556,-0.102416545,-0.9947282,0.0051570535
1355983812492,-0.62804425,0.05244863,0.7764081,-0.7726681,0.07648444,-0.6301857,-0.09243548,-0.99569035,-0.0075101852
1355983812531,-0.68005246,0.04985115,0.73146677,-0.72744894,0.07844365,-0.68166316,-0.09136063,-0.9956714,-0.017081678
1355983812572,-0.70362014,0.05798474,0.7082065,-0.7029542,0.08878785,-0.7056714,-0.10379833,-0.9943613,-0.021712303
1355983812611,-0.7040625,0.07312113,0.70636344,-0.69881666,0.10556525,-0.7074682,-0.12629834,-0.9917204,-0.023226261
1355983812652,-0.6850527,0.09116623,0.72276664,-0.711625,0.12852323,-0.69070375,-0.15586111,-0.9875072,-0.023168981
1355983812691,-0.6486393,0.1065228,0.75360465,-0.7376206,0.15603966,-0.65693796,-0.18757108,-0.9819901,-0.02264005
1355983812753,-0.5968565,0.11490795,0.79407716,-0.7720355,0.18721622,-0.6073806,-0.21845701,-0.97557485,-0.023028195
1355983812775,-0.53469557,0.11206585,0.837581,-0.80812263,0.2219699,-0.54558885,-0.24705964,-0.96859205,-0.028123379
1355983812821,-0.48005122,0.08842403,0.8727726,-0.83484185,0.25951427,-0.4854806,-0.26942503,-0.9616826,-0.05076003
1355983812861,-0.44332516,0.03774914,0.8955657,-0.8516139,0.29399365,-0.4339602,-0.27967232,-0.9550617,-0.09818715
1355983812901,-0.4558483,-0.03926328,0.88919103,-0.84771836,0.3236098,-0.4202978,-0.27124867,-0.9453756,-0.18080121
1355983812941,-0.5061951,-0.13445315,0.85187376,-0.8273033,0.35469896,-0.43561208,-0.24358931,-0.9252627,-0.29078043
1355983812981,-0.555845,-0.22563678,0.8000778,-0.8049528,0.3864234,-0.45025325,-0.20757511,-0.8942958,-0.3964185
1355983813021,-0.5709065,-0.29310063,0.7669144,-0.80093753,0.40414238,-0.44177818,-0.18045712,-0.8664646,-0.46548283
1355983813061,-0.5427736,-0.3314225,0.7717228,-0.8222392,0.3970139,-0.40780234,-0.17122978,-0.855885,-0.48799717
1355983813101,-0.47391492,-0.342339,0.8113005,-0.8624035,0.3666258,-0.3490638,-0.1779455,-0.8650951,-0.46898383
1355983813141,-0.37411517,-0.3277822,0.8675233,-0.90725106,0.32321346,-0.26912555,-0.19218063,-0.8877454,-0.41829985
1355983813181,-0.26535523,-0.29338574,0.9184288,-0.94234717,0.2803566,-0.18270776,-0.20388374,-0.9139612,-0.3508653
1355983813222,-0.16587713,-0.24572125,0.95504236,-0.9642278,0.24346486,-0.104831845,-0.20675981,-0.9382676,-0.2773165
1355983813261,-0.0972912,-0.19391426,0.9761822,-0.9747715,0.21654043,-0.05413577,-0.2008852,-0.95682156,-0.21008962
1355983813302,-0.058389455,-0.14302364,0.9879954,-0.98059356,0.19375756,-0.029903412,-0.18715465,-0.97056794,-0.15156144
1355983813341,-0.058134288,-0.09539011,0.993741,-0.98381114,0.17450139,-0.040802866,-0.16951698,-0.98002553,-0.103990376
1355983813381,-0.097902864,-0.053687364,0.9937468,-0.98379695,0.15592143,-0.08849895,-0.15019518,-0.9863094,-0.06808263
1355983813421,-0.18444574,-0.019717425,0.9826449,-0.9742087,0.13589907,-0.18013534,-0.1299887,-0.99052644,-0.044274926
1355983813463,-0.31819922,0.0050860643,0.9480102,-0.9416344,0.11420834,-0.3166719,-0.10988125,-0.9934438,-0.03155178
1355983813502,-0.4784075,0.02009815,0.877908,-0.8733149,0.09374738,-0.47805074,-0.0919095,-0.99539316,-0.027297497
1355983813551,-0.62546086,0.030552924,0.77965707,-0.77595073,0.08046216,-0.62564063,-0.081848025,-0.99628925,-0.026618302
1355983813593,-0.7324238,0.046939462,0.6792291,-0.6755408,0.07423043,-0.7335765,-0.08485317,-0.9961358,-0.022658706
1355983813643,-0.7734152,0.07864612,0.62900215,-0.62408197,0.07949287,-0.7773047,-0.11113316,-0.9937282,-0.012399375
1355983813693,-0.7760416,0.118269235,0.61949325,-0.61216605,0.09500736,-0.78500086,-0.15169784,-0.988426,-0.0013292432
1355983813787,-0.7555379,0.15362991,0.6368361,-0.62590235,0.11772233,-0.77096546,-0.19341318,-0.9810909,0.0072135925
1355983813789,-0.71688884,0.18086827,0.673318,-0.6568491,0.14852107,-0.7392502,-0.23370883,-0.9722285,0.012329996
1355983813809,-0.6605759,0.19414032,0.72522336,-0.700933,0.18656558,-0.68839395,-0.26894677,-0.96306944,0.012838602
1355983813852,-0.6022389,0.1886121,0.77571505,-0.74091923,0.22972679,-0.6310818,-0.2972322,-0.9548042,0.0013959408
1355983813890,-0.550432,0.1573776,0.81991273,-0.7735062,0.2734471,-0.57176465,-0.31418568,-0.9489252,-0.028781414
1355983813928,-0.5433789,0.100527674,0.83344686,-0.7789757,0.3097232,-0.54522336,-0.31294787,-0.94549763,-0.08998847
1355983813971,-0.59371305,0.018869013,0.8044555,-0.7516339,0.34395653,-0.56279683,-0.28731716,-0.9387959,-0.19002885
1355983814012,-0.6683762,-0.0745821,0.7400749,-0.70327085,0.3873997,-0.59609693,-0.24224663,-0.91889006,-0.31138015
1355983814061,-0.71834326,-0.1587381,0.6773368,-0.66761386,0.4310906,-0.607003,-0.19563903,-0.8882359,-0.4156468
1355983814101,-0.7066431,-0.22503798,0.67083037,-0.6870885,0.44469693,-0.5745903,-0.16901156,-0.86695015,-0.468863
1355983814143,-0.63658845,-0.2682541,0.72304547,-0.7531547,0.4178968,-0.50805527,-0.16587046,-0.86798733,-0.46806508
1355983814180,-0.5153639,-0.29112402,0.80600667,-0.83883214,0.36385798,-0.40492964,-0.17538723,-0.8847904,-0.43172342
1355983814220,-0.34744996,-0.2877193,0.8924663,-0.9182951,0.29702026,-0.26175007,-0.18977001,-0.9104924,-0.3674109
1355983814261,-0.16666397,-0.2599269,0.95113677,-0.96524096,0.23997077,-0.103556156,-0.20132798,-0.9353353,-0.29088658
1355983814300,-0.010686606,-0.21783522,0.97592705,-0.9784181,0.20369163,0.034751803,-0.20635837,-0.9544933,-0.2153107
1355983814341,0.10239124,-0.17207715,0.97974765,-0.97354543,0.1849162,0.13422066,-0.2042675,-0.9675719,-0.1485911
1355983814381,0.17131233,-0.128809,0.97676015,-0.96547735,0.17551452,0.19247922,-0.19622865,-0.9760138,-0.09429437
1355983814420,0.19962224,-0.09074959,0.9756616,-0.9624789,0.16861764,0.21260875,-0.18380791,-0.9814951,-0.05368477
1355983814461,0.18874663,-0.05923146,0.9802379,-0.9675575,0.15949601,0.19594261,-0.16794997,-0.98542,-0.027205467
1355983814501,0.13706961,-0.035508752,0.9899248,-0.97929907,0.14541212,0.14081421,-0.14894715,-0.98873377,-0.014842033
1355983814541,0.043157488,-0.020583183,0.99885625,-0.99084675,0.12711725,0.0454309,-0.12790698,-0.99167407,-0.014908731
1355983814581,-0.08203721,-0.013047397,0.9965438,-0.99070877,0.10989648,-0.08011806,-0.108471334,-0.9938574,-0.021941721
1355983814621,-0.20713794,-0.008197963,0.9782774,-0.9735288,0.1004864,-0.20529044,-0.09662062,-0.99490464,-0.02879548
1355983814661,-0.29774237,-7.291436E-4,0.954646,-0.94953704,0.103547335,-0.29606986,-0.0986352,-0.99462426,-0.03152275
1355983814702,-0.34060615,0.010552555,0.9401469,-0.9329995,0.11977476,-0.33936107,-0.116187006,-0.99274504,-0.030950546
1355983814754,-0.3419358,0.022705138,0.939449,-0.9283212,0.1470989,-0.3414407,-0.14594442,-0.9888612,-0.02922076
1355983814783,-0.3140208,0.030984133,0.9489104,-0.9320345,0.1803121,-0.3143237,-0.180839,-0.9831214,-0.027743459
1355983814823,-0.26817673,0.03213674,0.9628335,-0.9388784,0.2152074,-0.2686876,-0.21584368,-0.9760394,-0.02754116
1355983814863,-0.21292636,0.024157077,0.97676957,-0.9452641,0.24789426,-0.21218926,-0.2472614,-0.9684859,-0.029948413
1355983814904,-0.16249546,0.0064371824,0.9866883,-0.94792,0.2766051,-0.15791538,-0.27393955,-0.9609622,-0.03884512
1355983814943,-0.12278342,-0.023416996,0.99215716,-0.94813615,0.29811364,-0.11029959,-0.29319268,-0.95424306,-0.058805883
1355983814982,-0.11382145,-0.07045168,0.99100006,-0.9473588,0.3081547,-0.08690184,-0.29925895,-0.948724,-0.10181767
1355983815022,-0.14281693,-0.14199024,0.97951114,-0.94754094,0.30554166,-0.09386414,-0.28595367,-0.9415323,-0.17817813
1355983815062,-0.20417574,-0.23711857,0.9497826,-0.9460546,0.29713634,-0.12919262,-0.25158095,-0.92492425,-0.28499514
1355983815102,-0.26784372,-0.33675653,0.90269315,-0.9410861,0.2921967,-0.17022932,-0.2064381,-0.8951068,-0.39517993
1355983815142,-0.2982589,-0.41397727,0.86003745,-0.9393486,0.2871397,-0.18754974,-0.16930953,-0.8638134,-0.47451097
1355983815182,-0.28318304,-0.45561984,0.84393,-0.9469862,0.27205735,-0.17088586,-0.15173844,-0.84758204,-0.5085077
1355983815221,-0.229051,-0.46096033,0.8573513,-0.96125513,0.24589008,-0.124605685,-0.1533759,-0.85267437,-0.4994219
1355983815261,-0.15008795,-0.43396634,0.8883394,-0.9745056,0.21649843,-0.05888346,-0.1667707,-0.87452936,-0.45539647
1355983815300,-0.06388308,-0.38270572,0.921659,-0.98115313,0.19285451,0.012073338,-0.1823667,-0.9035173,-0.3878131
1355983815341,0.013485208,-0.31842715,0.9478514,-0.9811407,0.1785881,0.07395479,-0.19282421,-0.9309728,-0.31001347
1355983815381,0.07294381,-0.25116712,0.96519125,-0.9780355,0.17145509,0.118531406,-0.19525811,-0.9526375,-0.23314375
1355983815420,0.11206159,-0.18738958,0.97587264,-0.97533774,0.16718444,0.14410338,-0.1901542,-0.9679538,-0.16403317
1355983815461,0.13120404,-0.13079727,0.98268896,-0.9749788,0.16240612,0.15179107,-0.17944854,-0.9780165,-0.10621619
1355983815501,0.13076448,-0.083702624,0.9878738,-0.9775607,0.15510374,0.14254126,-0.16515401,-0.9843458,-0.061542332
1355983815541,0.110452145,-0.04773748,0.9927344,-0.9827285,0.14397207,0.11626205,-0.14847606,-0.98842967,-0.031010926
1355983815581,0.06955445,-0.023876816,0.9972924,-0.9890504,0.12878776,0.07206303,-0.13015965,-0.9913847,-0.014657617
1355983815621,0.009439915,-0.011413634,0.9998903,-0.9936951,0.11160931,0.010655463,-0.111718744,-0.9936866,-0.010288119
1355983815661,-0.061950833,-0.0060538948,0.9980609,-0.99339867,0.097105175,-0.06107241,-0.09654719,-0.99525577,-0.012029707
1355983815702,-0.13085961,-0.0021482408,0.9913985,-0.98731375,0.09099078,-0.13012329,-0.08992857,-0.9958494,-0.014027953
1355983815756,-0.18611246,0.0045388043,0.98251796,-0.97786903,0.096416414,-0.18567726,-0.095573574,-0.9953307,-0.013505936
1355983815784,-0.2201978,0.015350133,0.9753344,-0.9683628,0.11691457,-0.22046393,-0.11741492,-0.99302334,-0.010879815
1355983815822,-0.23458105,0.027526975,0.97170675,-0.9606086,0.14665776,-0.23605642,-0.14900625,-0.9888042,-0.007960439
1355983815862,-0.23402649,0.038577437,0.9714645,-0.95459086,0.18035704,-0.23712367,-0.18435809,-0.9828444,-0.005382657
1355983815902,-0.22338927,0.046470165,0.9736209,-0.9499085,0.21359849,-0.22814357,-0.21856579,-0.97581565,-0.0035731792
1355983815942,-0.20841828,0.049568266,0.9767829,-0.94574845,0.24429676,-0.21419358,-0.2492421,-0.9684328,-0.004036784
1355983815982,-0.19689989,0.044720203,0.97940314,-0.9411659,0.2712291,-0.20159718,-0.27465817,-0.9614754,-0.011315882
1355983816023,-0.19985387,0.024394304,0.979522,-0.9355717,0.29229423,-0.19816601,-0.2911427,-0.95601726,-0.03559345
1355983816062,-0.22574463,-0.020966023,0.9739609,-0.9290093,0.3055584,-0.2087481,-0.29322532,-0.95194244,-0.088455796
1355983816102,-0.27748922,-0.09969714,0.95554185,-0.92065275,0.3118632,-0.23481894,-0.2745876,-0.9448819,-0.17832512
1355983816142,-0.33904862,-0.20301309,0.9186031,-0.91054296,0.31633693,-0.2661626,-0.23655361,-0.9266696,-0.29210573
1355983816182,-0.38446957,-0.3023404,0.87222326,-0.9027262,0.32072538,-0.28674144,-0.19305062,-0.89762217,-0.39623976
1355983816222,-0.39909014,-0.3698863,0.83899415,-0.90243495,0.32040897,-0.28800917,-0.16229057,-0.87207925,-0.4616704
1355983816262,-0.38612518,-0.39570725,0.8332605,-0.9097326,0.3128138,-0.27300942,-0.1526236,-0.86346006,-0.4807731
1355983816302,-0.3552503,-0.3823165,0.85301304,-0.9207611,0.30051607,-0.2487751,-0.1612333,-0.8737986,-0.45878065
1355983816342,-0.31728894,-0.33861825,0.8858134,-0.931409,0.28693193,-0.2239359,-0.17833942,-0.896107,-0.4064324
1355983816382,-0.2825836,-0.27687484,0.9184153,-0.939635,0.2724917,-0.20696452,-0.19295725,-0.92146003,-0.33716297
1355983816423,-0.25855252,-0.2080921,0.94331765,-0.94542253,0.254981,-0.2028817,-0.19831002,-0.9442893,-0.26266092
1355983816462,-0.25069022,-0.14162931,0.95765114,-0.9483937,0.23435235,-0.21360794,-0.19417468,-0.9617797,-0.19307017
1355983816502,-0.25822407,-0.082089484,0.9625911,-0.94858605,0.2103281,-0.2365303,-0.1830433,-0.9741783,-0.13218075
1355983816542,-0.2812739,-0.032046795,0.95909226,-0.9447723,0.18442333,-0.27091202,-0.16819715,-0.98232424,-0.0821504
1355983816582,-0.31837273,0.0063484013,0.9479444,-0.93579614,0.15761065,-0.3153482,-0.1514081,-0.98748094,-0.04423809
1355983816623,-0.36760926,0.031443298,0.9294486,-0.92039806,0.13080007,-0.3684546,-0.13315734,-0.99091005,-0.019142926
1355983816662,-0.4253453,0.0440107,0.90396035,-0.89770764,0.10629159,-0.42757812,-0.11490139,-0.9933605,-0.00570184
1355983816702,-0.48467147,0.048110962,0.8733721,-0.86899877,0.0872938,-0.48705328,-0.099672556,-0.99502015,-5.00381E-4
1355983816768,-0.5380841,0.051267087,0.8413306,-0.83788913,0.076047,-0.54051703,-0.091691375,-0.9957854,0.0020364523
1355983816781,-0.5795052,0.06013164,0.81274706,-0.8094021,0.07389325,-0.5825873,-0.09508848,-0.9954516,0.0058491826
1355983816823,-0.60693944,0.0778085,0.79093015,-0.7866678,0.08273518,-0.6118077,-0.11304164,-0.99352944,0.010994077
1355983816858,-0.6228491,0.10042983,0.7758691,-0.7695238,0.10014129,-0.63071775,-0.14103943,-0.98989165,0.014910221
1355983816901,-0.62843937,0.12507954,0.76773643,-0.75774205,0.12457234,-0.6405536,-0.1757589,-0.9842951,0.01649177
1355983816940,-0.62544775,0.14760262,0.76617783,-0.75123763,0.15143341,-0.64242506,-0.21084851,-0.9773849,0.016171038
1355983816981,-0.614987,0.16519818,0.7710386,-0.7500701,0.1791215,-0.63663983,-0.2432813,-0.9698583,0.013752818
1355983817021,-0.5989582,0.17364419,0.7817267,-0.75349027,0.2082932,-0.6235915,-0.27111137,-0.96252877,0.0060803294
1355983817061,-0.58378166,0.16497856,0.7949723,-0.7580275,0.24000382,-0.6064589,-0.29084918,-0.9566505,-0.015051544
1355983817101,-0.5805354,0.12869883,0.80399954,-0.7582591,0.27433985,-0.5914226,-0.2966845,-0.95298177,-0.06167692
1355983817141,-0.59824044,0.05889401,0.7991495,-0.7492839,0.31240177,-0.5839339,-0.28404593,-0.9481227,-0.14276308
1355983817181,-0.6319586,-0.036103874,0.77416074,-0.7318069,0.35662985,-0.58075273,-0.25512138,-0.93354785,-0.25179636
1355983817221,-0.6606569,-0.13167736,0.7390491,-0.71712327,0.401796,-0.5694683,-0.2219609,-0.9062125,-0.35987818
1355983817263,-0.66380507,-0.20409194,0.7195202,-0.72060215,0.43210006,-0.54223794,-0.20023838,-0.87842816,-0.43389934
1355983817305,-0.63173914,-0.2484889,0.7342744,-0.7500403,0.43522054,-0.49801868,-0.19581917,-0.8653533,-0.4613225
1355983817340,-0.56269807,-0.26600483,0.78269553,-0.8006542,0.41099823,-0.4359282,-0.20572743,-0.87196434,-0.44424576
1355983817381,-0.45435598,-0.2595774,0.852162,-0.8628063,0.36624303,-0.34846994,-0.22164345,-0.8935802,-0.3903697
1355983817420,-0.3187655,-0.23548362,0.9181155,-0.91856027,0.3156245,-0.23796672,-0.2337425,-0.9192,-0.3169161
1355983817461,-0.17869002,-0.20021668,0.9633188,-0.954847,0.27147758,-0.12069452,-0.2373544,-0.94138896,-0.23968667
1355983817501,-0.055523038,-0.1603784,0.9854927,-0.97103506,0.2384066,-0.015910417,-0.23239625,-0.9578314,-0.16897005
1355983817540,0.03925419,-0.12093088,0.99188447,-0.97465885,0.21414119,0.064680666,-0.22022521,-0.969288,-0.10946041
1355983817581,0.1018942,-0.08526355,0.9911345,-0.97402316,0.19398767,0.11682308,-0.20222867,-0.9772916,-0.06328249
1355983817620,0.13152447,-0.055992305,0.98973036,-0.97489387,0.17365459,0.13937709,-0.17967525,-0.98321354,-0.031746745
1355983817661,0.1272755,-0.034913242,0.9912528,-0.9798365,0.15075806,0.13111955,-0.15401712,-0.98795396,-0.015021443
1355983817700,0.08934274,-0.022273988,0.9957518,-0.98782194,0.12587759,0.091446966,-0.12737972,-0.99179566,-0.010756433
1355983817755,0.022522092,-0.016118586,0.9996164,-0.99439114,0.102990806,0.024065077,-0.103339195,-0.9945517,-0.013708651
1355983817782,-0.058472037,-0.01174286,0.99821997,-0.99447966,0.08795643,-0.057218224,-0.087127954,-0.9960551,-0.016821027
1355983817822,-0.12981683,-0.0036885738,0.99153113,-0.98793846,0.08561158,-0.12902799,-0.08441067,-0.9963218,-0.014757931
1355983817852,-0.17894304,0.007317126,0.98383224,-0.9795437,0.09223455,-0.17884901,-0.09205198,-0.9957105,-0.009337246
1355983817892,-0.1903261,0.023830354,0.9814316,-0.97453624,0.11613947,-0.19180897,-0.11855385,-0.992947,0.0011191964
1355983817932,-0.16218412,0.038517445,0.9860085,-0.9745265,0.1506077,-0.16617876,-0.15490136,-0.987843,0.013110042
1355983817973,-0.10387236,0.045633137,0.99354327,-0.975813,0.18851972,-0.11067733,-0.1923531,-0.98100865,0.024947345
1355983818012,-0.0233728,0.04247728,0.998824,-0.97380996,0.22504935,-0.03235817,-0.22615921,-0.973421,0.03610468
1355983818052,0.0675585,0.028737962,0.99730134,-0.9645504,0.25746408,0.057920873,-0.25510475,-0.9658604,0.045113146
1355983818092,0.1487942,0.005141437,0.9888548,-0.9486793,0.28292778,0.14127788,-0.27904814,-0.9591274,0.046975613
1355983818132,0.19836241,-0.03046614,0.97965515,-0.9345801,0.29527992,0.19841841,-0.29531753,-0.95492494,0.030099392
1355983818172,0.19973615,-0.08363244,0.976274,-0.93343365,0.2867832,0.21553862,-0.29800496,-0.95433795,-0.020784318
1355983818212,0.14245255,-0.16175133,0.9764956,-0.9493452,0.25684506,0.1810368,-0.28009102,-0.95282054,-0.116969585
1355983818252,0.045601353,-0.2597158,0.96460783,-0.96864057,0.22459643,0.10626349,-0.24424577,-0.939204,-0.24132937
1355983818294,-0.04640098,-0.35478023,0.9337976,-0.9776722,0.20792286,0.030415535,-0.2049487,-0.91153663,-0.3565066
1355983818332,-0.08113803,-0.42100617,0.90342146,-0.9803808,0.1970763,0.0037901998,-0.17963868,-0.88538957,-0.4287368
1355983818372,-0.046737745,-0.4485157,0.89255214,-0.983643,0.17627291,0.03707111,-0.17395976,-0.87622,-0.44941795
1355983818412,0.03571336,-0.4391214,0.8977177,-0.98278606,0.14749853,0.11124697,-0.181263,-0.8862374,-0.42629468
1355983818452,0.13244626,-0.40080428,0.90653956,-0.97258246,0.12383488,0.19684571,-0.19115785,-0.9077559,-0.37341374
1355983818492,0.21507604,-0.34542868,0.9134667,-0.9566299,0.11365755,0.26821864,-0.1964728,-0.9315369,-0.30600238
1355983818533,0.2692842,-0.2830829,0.92051625,-0.94310206,0.11607115,0.3115863,-0.19505015,-0.95204604,-0.23571992
1355983818572,0.2886644,-0.22023803,0.9317554,-0.9387843,0.12601973,0.32062924,-0.18803433,-0.96727157,-0.17037863
1355983818612,0.27234674,-0.15937182,0.9489088,-0.94577134,0.13711621,0.29447535,-0.17704189,-0.97765017,-0.113386154
1355983818652,0.21401948,-0.101822525,0.97150797,-0.9630821,0.14427298,0.22728434,-0.16330498,-0.98428524,-0.06718624
1355983818694,0.103342265,-0.049574286,0.99340975,-0.983716,0.14256218,0.109448195,-0.1470485,-0.9885436,-0.03403431
1355983818755,-0.07173687,-0.004763633,0.9974122,-0.9889281,0.13057822,-0.070503,-0.12990439,-0.9914266,-0.01407814
1355983818774,-0.28863305,0.027145028,0.9570549,-0.95079917,0.109399974,-0.28984928,-0.11256975,-0.9936271,-0.005766988
1355983818812,-0.5017377,0.047644496,0.8637067,-0.85941255,0.086048365,-0.5039898,-0.09833285,-0.99515116,-0.0022274256
1355983818852,-0.65494347,0.06175655,0.7531501,-0.7500611,0.06816381,-0.65784645,-0.09196392,-0.9957609,0.0016778111
1355983818893,-0.7441488,0.079857886,0.66322345,-0.6604633,0.060899794,-0.74838465,-0.10015458,-0.9949443,0.007424712
1355983818932,-0.78852683,0.106025815,0.6057921,-0.6024919,0.064478874,-0.79551625,-0.12340605,-0.9922707,0.013036311
1355983818972,-0.8049214,0.1392683,0.5768067,-0.571889,0.077175915,-0.81669265,-0.158255,-0.98724276,0.017525375
1355983819012,-0.80616516,0.17412722,0.5654887,-0.5580361,0.09397608,-0.82447815,-0.19670653,-0.98022866,0.021409035
1355983819052,-0.7981152,0.20637707,0.5660572,-0.5554421,0.11199224,-0.82397926,-0.23344445,-0.9720423,0.025247753
1355983819092,-0.7831641,0.23343763,0.57633406,-0.56169856,0.13200444,-0.8167433,-0.26673728,-0.96337,0.027740479
1355983819133,-0.76492167,0.25078964,0.5932955,-0.57253456,0.15730453,-0.8046487,-0.29512566,-0.95517534,0.023259997
1355983819172,-0.7528519,0.24895306,0.60929155,-0.5786378,0.19082642,-0.7929461,-0.3136753,-0.9495301,3.8963556E-4
1355983819212,-0.76293135,0.2153014,0.60957456,-0.56542844,0.23489255,-0.79064286,-0.31341106,-0.94787693,-0.057469428
1355983819252,-0.7992046,0.14703354,0.58279777,-0.5273863,0.29359174,-0.79728764,-0.2883326,-0.94455546,-0.15709639
1355983819292,-0.8463023,0.059563503,0.5293625,-0.474258,0.36829984,-0.7996465,-0.24259388,-0.9277971,-0.28344452
1355983819333,-0.87972915,-0.017892137,0.47513846,-0.43327272,0.44174677,-0.7855791,-0.1958352,-0.89696133,-0.39636976
1355983819377,-0.8913732,-0.067521214,0.44821274,-0.42112038,0.48913783,-0.7638075,-0.16766459,-0.86958903,-0.46443892
1355983819412,-0.88418365,-0.08885528,0.45861095,-0.4376107,0.50106,-0.74661624,-0.16345079,-0.8608389,-0.4819131
1355983819452,-0.8604046,-0.08788073,0.50197697,-0.47787666,0.48130226,-0.7348347,-0.17702487,-0.87213826,-0.45611084
1355983819494,-0.82196105,-0.07090664,0.5651127,-0.5343173,0.439539,-0.72201836,-0.19719318,-0.89542043,-0.39917052
1355983819532,-0.77526116,-0.044207096,0.63009197,-0.59459865,0.3876654,-0.7043919,-0.21312572,-0.9207395,-0.3268274
1355983819572,-0.7310177,-0.012945503,0.6822357,-0.6462226,0.3341844,-0.6860883,-0.21911076,-0.9424188,-0.2526604
1355983819612,-0.7007786,0.019219339,0.71311975,-0.68034434,0.28266674,-0.6761885,-0.21457115,-0.95902556,-0.18501097
1355983819652,-0.6934921,0.049726695,0.71874607,-0.69160736,0.23356599,-0.68346626,-0.20186114,-0.97106856,-0.12758482
1355983819693,-0.71382713,0.07595149,0.69619125,-0.675769,0.1862188,-0.7132032,-0.18381274,-0.97956824,-0.081602395
1355983819781,-0.76129204,0.09460899,0.64146984,-0.6275747,0.14125568,-0.7656349,-0.16304724,-0.98544204,-0.04816258
1355983819782,-0.8268557,0.10105646,0.5532606,-0.5446465,0.10143316,-0.83250916,-0.14024943,-0.9896964,-0.028830588
1355983819808,-0.8923886,0.095821574,0.44097722,-0.4357146,0.071383,-0.8972499,-0.11745417,-0.9928357,-0.021950603
1355983819838,-0.9394591,0.084872976,0.33198375,-0.32853258,0.052235365,-0.9430471,-0.0973805,-0.99502164,-0.021189451
1355983819879,-0.96736854,0.07270823,0.24271727,-0.24006376,0.043379486,-0.96978736,-0.081040464,-0.9964094,-0.02450931
1355983819920,-0.98072535,0.06847682,0.18299924,-0.18066245,0.03894204,-0.98277396,-0.074423596,-0.9968924,-0.025820255
1355983819961,-0.98389643,0.07877126,0.1604461,-0.15799013,0.036519706,-0.9867652,-0.08358818,-0.9962236,-0.023486495
1355983820001,-0.9793198,0.1043812,0.17331247,-0.17022407,0.03787136,-0.9846773,-0.10934539,-0.993816,-0.019320011
1355983820041,-0.9666409,0.13976166,0.2146439,-0.21023569,0.045752466,-0.97657955,-0.14630887,-0.9891275,-0.014843345
1355983820081,-0.94399834,0.1767255,0.278631,-0.27185705,0.06195104,-0.9603415,-0.18697834,-0.98230857,-0.010437608
1355983820121,-0.90774417,0.20846304,0.36406556,-0.35317186,0.08865869,-0.93134815,-0.22642925,-0.9740035,-0.006856084
1355983820160,-0.8534308,0.22778773,0.46879488,-0.45078063,0.12891597,-0.8832766,-0.2616347,-0.96513903,-0.007338524
1355983820201,-0.78464335,0.22460544,0.57782984,-0.5487098,0.1821906,-0.8159193,-0.28853506,-0.95726645,-0.019711494
1355983820241,-0.7258718,0.18963909,0.6611711,-0.6188116,0.23962808,-0.74809796,-0.30030376,-0.9521635,-0.05658841
1355983820281,-0.7094894,0.123735726,0.69376826,-0.6419579,0.29263848,-0.708698,-0.29071453,-0.9481836,-0.12819076
1355983820320,-0.7417751,0.039357334,0.66949284,-0.6184846,0.34585702,-0.7055917,-0.25931904,-0.9374614,-0.23220617
1355983820361,-0.786702,-0.043873936,0.6157719,-0.57769513,0.40398258,-0.7092717,-0.2176426,-0.9137139,-0.34315968
1355983820402,-0.8058654,-0.11157459,0.5814912,-0.5625956,0.4504314,-0.69325155,-0.18457264,-0.88581187,-0.42575842
1355983820441,-0.7845243,-0.1631914,0.59823924,-0.59602594,0.46464399,-0.6548733,-0.17109857,-0.87033015,-0.46179086
1355983820481,-0.7133628,-0.20165741,0.671154,-0.6782174,0.43979666,-0.5887275,-0.17645004,-0.8751646,-0.4505021
