1355983751622,-0.15612838,-0.014074206,0.98763645,-0.89322644,0.4288315,-0.1350928,-0.42162824,-0.90327483,-0.07952416
1355983751661,-0.3078385,0.22502589,-0.92444503,0.85291636,-0.36530584,-0.37294134,-0.42162666,-0.90328,-0.07947302
1355983751701,-0.3076517,0.22464839,-0.92459905,0.8529929,-0.36545557,-0.37261957,-0.4216083,-0.90331346,-0.07919037
1355983751742,-0.30750346,0.2238031,-0.9248534,0.8530833,-0.36573017,-0.3721429,-0.42153352,-0.9034122,-0.07845938
1355983751780,-0.30799454,0.22257897,-0.9249854,0.85299516,-0.36598808,-0.3720914,-0.4213533,-0.9036102,-0.07713652
1355983751820,-0.30973172,0.22111869,-0.9247555,0.8525139,-0.36610734,-0.3730757,-0.42105383,-0.9039203,-0.07511163
1355983751861,-0.31290329,0.21948233,-0.9240774,0.85153925,-0.36610556,-0.37529665,-0.4206809,-0.9043197,-0.07234216
1355983751901,-0.31734878,0.21776974,-0.9229659,0.85007083,-0.3660599,-0.37865508,-0.42032042,-0.90475214,-0.06895107
1355983751940,-0.32288367,0.21635133,-0.9213784,0.8481379,-0.36588502,-0.38313204,-0.4200097,-0.9051631,-0.06535751
1355983751982,-0.32877618,0.21524736,-0.9195514,0.8460617,-0.36550164,-0.38805678,-0.41962573,-0.9055811,-0.061944306
1355983752024,-0.3344853,0.21440467,-0.9176875,0.8441824,-0.36467707,-0.39289525,-0.41889817,-0.90611327,-0.05901754
1355983752060,-0.33927292,0.213417,-0.91615885,0.8428802,-0.36345643,-0.39680263,-0.41766828,-0.9068365,-0.056573987
1355983752101,-0.3361513,0.20882615,-0.9183649,0.84507143,-0.36358196,-0.39199808,-0.4157603,-0.90785456,-0.05425453
1355983752142,-0.33996135,0.20661545,-0.9174619,0.8448342,-0.36147094,-0.39445394,-0.4131361,-0.9092023,-0.051669657
1355983752181,-0.34021008,0.20189059,-0.9184211,0.8464285,-0.35973382,-0.39261985,-0.40965337,-0.910951,-0.048500896
1355983752221,-0.3374309,0.19479096,-0.92097604,0.8497287,-0.35799158,-0.38704404,-0.40509441,-0.91318035,-0.04472202
1355983752261,-0.33298868,0.18646023,-0.92431116,0.85423267,-0.3554057,-0.37943804,-0.39925554,-0.9159254,-0.040934384
1355983752308,-0.32899928,0.17926043,-0.9271598,0.8594777,-0.34991473,-0.37263632,-0.39122573,-0.9194702,-0.038948715
1355983752351,-0.3286175,0.17743841,-0.92764544,0.86340475,-0.3416624,-0.3712129,-0.38280904,-0.9229205,-0.040924847
1355983752392,-0.3332525,0.1834535,-0.9248176,0.86488193,-0.331064,-0.3773273,-0.37539583,-0.9256033,-0.048337758
1355983752431,-0.34227514,0.19719398,-0.91867423,0.8635595,-0.31929398,-0.3902774,-0.37028745,-0.92691207,-0.061002374
1355983752472,-0.35608238,0.22023118,-0.90813196,0.8588308,-0.30585974,-0.41092524,-0.36825952,-0.92625487,-0.08023012
1355983752511,-0.37073946,0.24832404,-0.8949231,0.8524438,-0.2914849,-0.43402308,-0.36863494,-0.9237812,-0.10361737
1355983752570,-0.38487935,0.28001416,-0.8794657,0.8453367,-0.27556247,-0.45768023,-0.3705047,-0.9195963,-0.13064796
1355983752593,-0.3949021,0.311613,-0.86426246,0.83995295,-0.25865108,-0.4770521,-0.37219808,-0.9143287,-0.15959841
1355983752634,-0.3991443,0.34148163,-0.85092545,0.8380222,-0.24068826,-0.48968148,-0.37202504,-0.908548,-0.19009978
1355983752673,-0.39611876,0.3686599,-0.8409399,0.8409583,-0.22201407,-0.49345618,-0.36861798,-0.9026626,-0.22208369
1355983752714,-0.38626575,0.39358985,-0.83419776,0.84881365,-0.2022714,-0.48846883,-0.36099067,-0.8967572,-0.25595397
1355983752755,-0.3725165,0.4189773,-0.8280637,0.8606665,-0.17776757,-0.4771288,-0.347109,-0.890425,-0.29437834
1355983752793,-0.354039,0.44394088,-0.82314813,0.8757113,-0.15161169,-0.45841402,-0.32830766,-0.8831366,-0.3350876
1355983752835,-0.34014153,0.47298726,-0.8127649,0.89019585,-0.11660284,-0.44040322,-0.30307582,-0.8733194,-0.3813898
1355983752873,-0.33124727,0.50447446,-0.7973586,0.90254253,-0.076999664,-0.42366022,-0.2751221,-0.85998636,-0.4298038
1355983752913,-0.33401126,0.539466,-0.7729249,0.9098722,-0.029574454,-0.4138332,-0.24610773,-0.8414878,-0.48096693
1355983752953,-0.3483428,0.575127,-0.74019337,0.91122437,0.022574693,-0.41129136,-0.21983513,-0.8177526,-0.5319335
1355983752993,-0.37061012,0.60708314,-0.7029213,0.9066996,0.07240766,-0.41551536,-0.20135549,-0.79133254,-0.5772771
1355983753035,-0.39437765,0.63142407,-0.66766,0.8977499,0.10957652,-0.42665914,-0.19624299,-0.76765656,-0.6100755
1355983753073,-0.411678,0.64518136,-0.64363205,0.88803834,0.12535098,-0.44235176,-0.20471719,-0.7536765,-0.6245499
1355983753114,-0.41350904,0.6461969,-0.64143574,0.8813326,0.10718796,-0.46017778,-0.22861129,-0.75560594,-0.6138376
1355983753153,-0.39650652,0.6334341,-0.66448754,0.8802524,0.05681953,-0.4710915,-0.26064956,-0.77170765,-0.5801112
1355983753194,-0.34895915,0.5988663,-0.72082365,0.88912195,-0.031478226,-0.45658666,-0.29612455,-0.8002302,-0.52148056
1355983753234,-0.2639125,0.53143454,-0.80493945,0.9070071,-0.14719015,-0.39455444,-0.32815903,-0.83421355,-0.4431696
1355983753274,-0.14592332,0.42463106,-0.8935294,0.9247634,-0.26231754,-0.275685,-0.35145283,-0.86653215,-0.354405
1355983753313,-0.022815645,0.29330358,-0.955747,0.93124187,-0.3415382,-0.12704334,-0.36368644,-0.89293027,-0.26534417
1355983753355,0.068232894,0.17098811,-0.98290753,0.92825806,-0.37193662,-2.6354194E-4,-0.36562443,-0.9123739,-0.18409935
1355983753393,0.11087698,0.07962698,-0.99063903,0.92642945,-0.36911952,0.07402071,-0.35977024,-0.9259645,-0.11469558
1355983753433,0.105278134,0.023522466,-0.9941645,0.9310533,-0.3535509,0.09022963,-0.3493654,-0.9351194,-0.059121847
1355983753474,0.05918497,-0.001657933,-0.99824566,0.9398557,-0.33690292,0.05628264,-0.33640522,-0.9415379,-0.018381357
1355983753513,-0.02131486,2.2110343E-4,-0.9997728,0.94656026,-0.3218904,-0.020251662,-0.32182178,-0.94677687,0.006651789
1355983753570,-0.124562204,0.022945076,-0.99194646,0.9436486,-0.30619746,-0.12558004,-0.30661297,-0.9516914,0.016488552
1355983753615,-0.23339611,0.056586415,-0.9707338,0.9270282,-0.2883805,-0.23969832,-0.29350442,-0.9558424,0.014849722
1355983753634,-0.3316549,0.09160152,-0.93894315,0.8987988,-0.2717268,-0.34398428,-0.28664553,-0.9580051,0.007788241
1355983753672,-0.41189736,0.12424523,-0.90272015,0.86374223,-0.26239973,-0.43022755,-0.29032725,-0.9569272,7.659197E-4
1355983753708,-0.47280914,0.1547119,-0.8674767,0.8267947,-0.2625653,-0.49746355,-0.30473283,-0.95243037,-0.0037716627
1355983753752,-0.51670915,0.18600729,-0.835711,0.7900224,-0.27260715,-0.5491357,-0.32996404,-0.9439738,-0.0060913563
1355983753791,-0.5429702,0.21590906,-0.8115213,0.75872236,-0.2880317,-0.58427584,-0.35989428,-0.9329636,-0.007422447
1355983753833,-0.55475515,0.24435556,-0.79532194,0.73378885,-0.30687642,-0.6061195,-0.3921742,-0.9198463,-0.009064138
1355983753870,-0.55031645,0.26780176,-0.79084384,0.72000337,-0.3273974,-0.61188734,-0.4227847,-0.9061419,-0.012646019
1355983753912,-0.5359473,0.2904024,-0.7927338,0.7139735,-0.34520608,-0.60915893,-0.4505577,-0.89246804,-0.022327363
1355983753951,-0.51490253,0.3176465,-0.79622614,0.7157643,-0.35184032,-0.6032328,-0.47175923,-0.88051635,-0.04619658
1355983753991,-0.4992692,0.36112243,-0.78760445,0.7213524,-0.33031392,-0.60872275,-0.4799802,-0.8720569,-0.095580995
1355983754031,-0.50452155,0.4279456,-0.7498803,0.72563446,-0.26049036,-0.63686687,-0.46788096,-0.8654521,-0.1791091
1355983754071,-0.52860886,0.49968758,-0.68621063,0.72979647,-0.1453594,-0.66803277,-0.43355486,-0.8539221,-0.28783196
1355983754111,-0.55442095,0.55095863,-0.62374836,0.7365985,-0.023974836,-0.6759052,-0.3873501,-0.8341881,-0.39254314
1355983754151,-0.5712029,0.57715625,-0.5836249,0.7437169,0.06307399,-0.66551256,-0.34729317,-0.8141943,-0.46526885
1355983754191,-0.57580286,0.5848216,-0.57134485,0.7500676,0.09977502,-0.65379167,-0.32534555,-0.80500233,-0.4961064
1355983754231,-0.5638191,0.5782471,-0.5896935,0.7606447,0.08540052,-0.64352655,-0.3217572,-0.8113798,-0.48799098
1355983754271,-0.5256478,0.555928,-0.6439243,0.78437614,0.023709178,-0.6198322,-0.32931513,-0.83089226,-0.4485193
1355983754311,-0.44646865,0.50900096,-0.73592377,0.8278429,-0.07719183,-0.55562365,-0.33962023,-0.8572978,-0.38690907
1355983754351,-0.31888056,0.42547935,-0.8469253,0.8819782,-0.19396752,-0.42952412,-0.34702963,-0.8839366,-0.31341106
1355983754391,-0.16912293,0.3101715,-0.9355165,0.92149544,-0.2869568,-0.261729,-0.3496337,-0.90633845,-0.23729062
1355983754431,-0.05085814,0.19437084,-0.97960883,0.93607414,-0.3326158,-0.11459449,-0.34810716,-0.9228146,-0.16502935
1355983754471,0.0029960275,0.10647875,-0.9943105,0.938927,-0.34244823,-0.03384292,-0.34410337,-0.93348354,-0.1010018
1355983754512,-0.007255256,0.05437666,-0.99849415,0.940774,-0.33809274,-0.025247902,-0.3389565,-0.9395405,-0.048703164
1355983754572,-0.06959814,0.037148863,-0.99688315,0.94050944,-0.33069664,-0.07798576,-0.332563,-0.9430057,-0.0119229555
1355983754598,-0.18096906,0.053049862,-0.982057,0.92776537,-0.32213306,-0.18836585,-0.32634583,-0.9452069,0.009078324
1355983754628,-0.28078085,0.075053185,-0.9568329,0.9043939,-0.3130523,-0.28994828,-0.32130027,-0.9467657,0.020021379
1355983754670,-0.36284107,0.10210878,-0.9262397,0.87534034,-0.30352926,-0.37636313,-0.31957087,-0.947335,0.020752966
1355983754712,-0.42692304,0.1295219,-0.8949641,0.84399575,-0.29825574,-0.44577423,-0.32466576,-0.94565725,0.018016398
1355983754751,-0.47222334,0.15631482,-0.8675084,0.8135767,-0.30148757,-0.49719036,-0.33926117,-0.9405695,0.01519531
1355983754792,-0.50015473,0.1831561,-0.8463445,0.78641236,-0.3130687,-0.53248805,-0.36249244,-0.9319022,0.012546599
1355983754832,-0.5115689,0.20903504,-0.83342767,0.7649083,-0.33106905,-0.5525474,-0.39142382,-0.9201618,0.009471953
1355983754872,-0.50312924,0.2270613,-0.83384895,0.755546,-0.35283136,-0.55196035,-0.41953695,-0.90771866,0.0059645176
1355983754912,-0.4788865,0.23718292,-0.845229,0.75658727,-0.376814,-0.5344033,-0.4452455,-0.89540803,0.0010015965
1355983754952,-0.4331661,0.2359404,-0.86988467,0.7712725,-0.40236437,-0.49319535,-0.4663753,-0.8845536,-0.0076838136
1355983754993,-0.37392277,0.23356742,-0.89756787,0.7935762,-0.420309,-0.4399742,-0.48001945,-0.8768048,-0.028190404
1355983755030,-0.30728835,0.24171087,-0.92040735,0.8204051,-0.42280108,-0.38493454,-0.4821921,-0.8733928,-0.068379045
1355983755071,-0.274148,0.2927519,-0.91604537,0.84115994,-0.38871706,-0.37596393,-0.46614665,-0.8736105,-0.13968515
1355983755111,-0.29346853,0.38415194,-0.87538755,0.8532555,-0.3076678,-0.4210647,-0.43108138,-0.87049854,-0.23748899
1355983755151,-0.34224862,0.4730797,-0.811826,0.85608125,-0.19912475,-0.4769427,-0.38728654,-0.858222,-0.33684444
1355983755191,-0.37987143,0.52718693,-0.760113,0.855496,-0.112363756,-0.5054711,-0.3518869,-0.84228754,-0.40832257
1355983755231,-0.37918168,0.54510844,-0.7477152,0.8625287,-0.08438152,-0.49892285,-0.33506042,-0.83410823,-0.4381758
1355983755271,-0.31104618,0.527465,-0.7905891,0.8894894,-0.13143253,-0.4376462,-0.3347521,-0.83934873,-0.42829293
1355983755311,-0.12376821,0.4504364,-0.88418806,0.93139416,-0.25465566,-0.26010662,-0.342325,-0.85572046,-0.38801557
1355983755351,0.2010603,0.27247784,-0.94092,0.91495526,-0.39533687,0.081027776,-0.34990212,-0.8771913,-0.3287916
1355983755391,0.4989421,0.055180997,-0.8648768,0.79110146,-0.43648365,0.428533,-0.3538577,-0.8980185,-0.26143384
1355983755430,0.6513667,-0.09245989,-0.7531086,0.67101264,-0.3931507,0.628629,-0.3542081,-0.91481346,-0.19404352
1355983755471,0.70951426,-0.17264788,-0.6832146,0.6102749,-0.33423528,0.71822786,-0.35235494,-0.9265417,-0.13178205
1355983755510,0.72138613,-0.21463381,-0.65843326,0.5981022,-0.28618997,0.748578,-0.3491071,-0.93382424,-0.078080535
1355983755561,0.70448685,-0.23254211,-0.6705389,0.62094647,-0.25557604,0.74101716,-0.34369135,-0.9384056,-0.03565377
1355983755596,0.66042453,-0.2289652,-0.7151325,0.6723213,-0.24382102,0.6989531,-0.3344002,-0.94240457,-0.007087201
1355983755631,0.58700514,-0.20644054,-0.7828201,0.7427194,-0.24746749,0.62219596,-0.32216895,-0.9466479,0.0080626905
1355983755671,0.49009323,-0.169979,-0.8549361,0.8150991,-0.2582116,0.51859444,-0.30890465,-0.9510173,0.012001991
1355983755712,0.38150156,-0.12955111,-0.91524494,0.87427014,-0.27096623,0.40277684,-0.30018058,-0.9538312,0.0098885745
1355983755752,0.2802326,-0.09595573,-0.9551242,0.9111134,-0.2866792,0.29612097,-0.30222863,-0.95320916,0.00708963
1355983755792,0.20202607,-0.073771775,-0.9765978,0.92520565,-0.3126719,0.21501386,-0.32121658,-0.94699216,0.005086124
1355983755831,0.15112585,-0.06092751,-0.9866351,0.92408097,-0.34574485,0.16289493,-0.35104883,-0.9363483,0.004051
1355983755872,0.13480139,-0.061249077,-0.98897785,0.9117611,-0.38312715,0.14800411,-0.38796943,-0.9216626,0.0041984767
1355983755911,0.16921097,-0.08449292,-0.9819515,0.8898859,-0.41515803,0.1890688,-0.42363992,-0.9058173,0.004939705
1355983755954,0.2558658,-0.13550678,-0.957168,0.852008,-0.4361968,0.28950754,-0.45674393,-0.8895899,0.0038450807
1355983756002,0.38751274,-0.20546645,-0.8986754,0.78464246,-0.4382094,0.43853018,-0.48391122,-0.87507486,-0.008594006
1355983756042,0.53539073,-0.27404243,-0.79891014,0.6803471,-0.42057714,0.600202,-0.5004842,-0.86487883,-0.03872907
1355983756081,0.59552634,-0.2561974,-0.7613878,0.62908065,-0.4407132,0.6403355,-0.4996059,-0.860311,-0.101287514
1355983756128,0.5357045,-0.1008836,-0.83835745,0.6972714,-0.5071402,0.50657815,-0.4762702,-0.85593885,-0.20133406
1355983756171,0.2157942,0.27119797,-0.9380216,0.8789783,-0.47232032,0.06565535,-0.42524105,-0.8386687,-0.34030113
1355983756210,-0.05122122,0.5043756,-0.86196375,0.92432094,-0.3028777,-0.23215479,-0.37816286,-0.8086224,-0.45069116
1355983756251,-0.14710274,0.5846973,-0.7978031,0.9231122,-0.20856002,-0.32305813,-0.35528105,-0.78398454,-0.50906146
1355983756290,-0.099838704,0.58075225,-0.807935,0.92791104,-0.23877588,-0.2862991,-0.35918424,-0.7782756,-0.5150474
1355983756331,0.09981075,0.4775747,-0.87290335,0.9195467,-0.37939736,-0.1024282,-0.38009432,-0.7924519,-0.47702014
1355983756370,0.3929334,0.24577415,-0.88611424,0.8256556,-0.5185307,0.22230339,-0.40484098,-0.81897557,-0.40667284
1355983756411,0.58703065,0.011641204,-0.809481,0.69026405,-0.52964854,0.49295843,-0.4230018,-0.8481374,-0.31895542
1355983756451,0.6529473,-0.1253955,-0.7469509,0.6236434,-0.47062424,0.6241648,-0.4298007,-0.8733778,-0.22909075
1355983756491,0.6542244,-0.19031043,-0.73196477,0.62538457,-0.40812665,0.6650765,-0.4253053,-0.89286876,-0.14798921
1355983756566,0.622578,-0.21552768,-0.75229275,0.6672567,-0.35605487,0.65421206,-0.4088583,-0.90927047,-0.07785967
1355983756570,0.5603503,-0.21643218,-0.79947776,0.7305715,-0.32561034,0.6002025,-0.39022142,-0.92039937,-0.024336636
1355983756598,0.49346638,-0.21048701,-0.84391123,0.78654325,-0.30617833,0.53628767,-0.37126893,-0.92841256,0.014468424
1355983756647,0.42025384,-0.19587445,-0.8860135,0.83604884,-0.29596153,0.46198404,-0.3527167,-0.9349011,0.039381623
1355983756670,0.3321011,-0.16471502,-0.9287507,0.88211715,-0.29445565,0.367648,-0.33403307,-0.9413632,0.04750894
1355983756709,0.22391409,-0.11908963,-0.96730566,0.92138076,-0.29764688,0.249928,-0.3176793,-0.94721913,0.043079525
1355983756753,0.112291396,-0.069995046,-0.991207,0.94528854,-0.29995984,0.1282714,-0.30630067,-0.95138043,0.032482654
1355983756791,0.013942957,-0.02753836,-0.9995235,0.952904,-0.3025002,0.021627009,-0.30295157,-0.95275146,0.022023618
1355983756830,-0.06260204,0.0043636262,-0.998029,0.9486017,-0.3105654,-0.06085959,-0.3102189,-0.950542,0.015302718
1355983756871,-0.11581457,0.027175099,-0.99289906,0.9372827,-0.32788122,-0.11830127,-0.32876778,-0.94432807,0.01250267
1355983756911,-0.14542973,0.042338282,-0.9884622,0.9232205,-0.35337353,-0.15096673,-0.35568807,-0.9345237,0.012303472
1355983756950,-0.14956176,0.04829049,-0.98757243,0.909898,-0.38414538,-0.15658247,-0.38693282,-0.9220089,0.013514012
1355983756991,-0.12561446,0.042017728,-0.9911889,0.8990314,-0.4176284,-0.13163906,-0.41947985,-0.90764576,0.014684975
1355983757031,-0.072619975,0.02237609,-0.9971087,0.88925076,-0.45124763,-0.07489109,-0.4516187,-0.8921182,0.012871593
1355983757071,0.0038278103,-0.0042874813,-0.99998355,0.8764541,-0.48145497,0.0054191947,-0.48147026,-0.8764604,0.001914829
1355983757113,0.078989506,-0.0092663765,-0.9968324,0.8599278,-0.5051919,0.07283723,-0.5042666,-0.86295724,-0.031936422
1355983757151,0.13182455,0.031417996,-0.990775,0.8479419,-0.5212702,0.09629053,-0.5134363,-0.8528131,-0.09535682
1355983757191,0.11019069,0.1646387,-0.98017967,0.8589799,-0.5119,0.010582775,-0.50001156,-0.8431207,-0.19782797
1355983757231,0.03873813,0.33992192,-0.9396554,0.88394547,-0.45017833,-0.12641135,-0.46598253,-0.8257073,-0.31791148
1355983757272,-0.020096779,0.46996242,-0.8824577,0.90409595,-0.36829275,-0.21672788,-0.4268567,-0.80218196,-0.4174896
1355983757311,-0.024685055,0.5241332,-0.8512785,0.915921,-0.32937136,-0.22935393,-0.40059882,-0.78536546,-0.47193396
1355983757350,0.034558,0.5068236,-0.8613568,0.91897243,-0.35486418,-0.17193308,-0.39280444,-0.7856215,-0.4780203
1355983757391,0.14994225,0.4208687,-0.8946434,0.90542394,-0.42192772,-0.04673913,-0.39714596,-0.80302334,-0.44432935
1355983757431,0.28615075,0.28361067,-0.91525006,0.8690125,-0.47920626,0.12320191,-0.40365216,-0.8306181,-0.38358644
1355983757470,0.3955358,0.1400665,-0.90770745,0.8240995,-0.49043903,0.28342476,-0.4054769,-0.8601459,-0.30941492
1355983757510,0.45912546,0.02590704,-0.8879936,0.79290086,-0.46274048,0.39645863,-0.4006395,-0.8861152,-0.23299766
1355983757565,0.48444554,-0.053085864,-0.87320924,0.7828584,-0.41918173,0.45980373,-0.39044246,-0.90634906,-0.16151202
1355983757592,0.4831887,-0.104663014,-0.8692378,0.7898929,-0.37610626,0.48436895,-0.3776213,-0.9206464,-0.09905771
1355983757632,0.46311438,-0.13635248,-0.87574714,0.8078039,-0.34160697,0.48037222,-0.36466128,-0.92989933,-0.048057057
1355983757672,0.427467,-0.15112475,-0.89130986,0.8323889,-0.31886113,0.45327288,-0.35270476,-0.9356757,-0.01050806
1355983757712,0.37760955,-0.14884833,-0.91392297,0.860806,-0.30726987,0.4057072,-0.34120983,-0.9399092,0.012101501
1355983757753,0.31425261,-0.1297031,-0.9404373,0.89049953,-0.3030569,0.33936256,-0.3290224,-0.9441046,0.020264193
1355983757795,0.2419092,-0.0984641,-0.96528995,0.9173496,-0.30093455,0.2605917,-0.31614804,-0.9485479,0.017527178
1355983757833,0.16896874,-0.0647088,-0.98349494,0.9369633,-0.29910505,0.18065387,-0.3058582,-0.95202357,0.010090381
1355983757872,0.10421789,-0.036504686,-0.9938843,0.94679564,-0.3023135,0.11038396,-0.30449414,-0.9525093,0.00305596
1355983757912,0.052351177,-0.015691549,-0.9985055,0.9469365,-0.31674492,0.054625124,-0.3171287,-0.94838095,-0.0017230809
1355983757952,0.015812635,-7.598102E-4,-0.9998747,0.9391767,-0.34310168,0.015113503,-0.34307015,-0.93929803,-0.004711777
1355983757992,-0.0028535724,0.008346111,-0.99996114,0.9268054,-0.37549758,-0.0057789087,-0.37553123,-0.92678577,-0.0066637397
1355983758032,-0.0012421608,0.009547889,-0.99995357,0.91268915,-0.40862328,-0.00503546,-0.40865248,-0.9126531,-0.008206636
1355983758072,0.022879481,5.913973E-4,-0.99973804,0.8979796,-0.43956888,0.020290703,-0.43944174,-0.8982086,-0.010588139
1355983758102,0.07057536,-0.020394027,-0.9972979,0.8819704,-0.46578205,0.0719389,-0.46599063,-0.8846644,-0.014885768
1355983758132,0.12533009,-0.042481303,-0.9912052,0.8636596,-0.48700374,0.1300751,-0.48824635,-0.8723662,-0.024346888
1355983758161,0.18334097,-0.057359576,-0.9813745,0.84354377,-0.50344664,0.1870169,-0.50479686,-0.8621202,-0.04391706
1355983758202,0.22298336,-0.026545644,-0.9744607,0.8319728,-0.51578116,0.20442879,-0.5080352,-0.85630906,-0.092925414
1355983758242,0.24267572,0.058832288,-0.9683218,0.8356726,-0.51963145,0.17786062,-0.49270654,-0.8523625,-0.17526647
1355983758282,0.22450927,0.1945562,-0.9548526,0.8594284,-0.5013988,0.09991008,-0.45932388,-0.84305817,-0.2797758
1355983758322,0.18102849,0.3309848,-0.9261089,0.8890948,-0.45760822,0.01024732,-0.4204033,-0.8252537,-0.37711704
1355983758362,0.15161657,0.4139046,-0.89760536,0.90673023,-0.41977078,-0.04040721,-0.39351326,-0.8077595,-0.43894404
1355983758402,0.1699456,0.42333615,-0.8898905,0.90645325,-0.4214185,-0.027367324,-0.38660187,-0.80199313,-0.4553526
1355983758442,0.24933702,0.356236,-0.90051484,0.8841195,-0.4631874,0.061564416,-0.3951756,-0.81151295,-0.430445
1355983758482,0.37032926,0.22493163,-0.90125585,0.83419263,-0.50734746,0.21615106,-0.4086306,-0.831868,-0.37552193
1355983758522,0.4828084,0.075105876,-0.87249935,0.7696798,-0.51163304,0.38186985,-0.41771886,-0.8559151,-0.30482823
1355983758561,0.55335975,-0.04524982,-0.83171237,0.72028935,-0.47546032,0.50509477,-0.4183017,-0.8785727,-0.23050761
1355983758600,0.5809066,-0.119913846,-0.8050889,0.7022034,-0.4263881,0.57017857,-0.41165265,-0.8965567,-0.16348779
1355983758642,0.5809914,-0.16174471,-0.7976763,0.70922947,-0.38020465,0.59366477,-0.39930248,-0.9106498,-0.10618147
1355983758681,0.55959666,-0.18002465,-0.8089763,0.73479795,-0.34368587,0.5847666,-0.38330612,-0.9216676,-0.060043715
1355983758721,0.5212312,-0.18128982,-0.83393764,0.77152467,-0.31758502,0.5512614,-0.36478427,-0.9307382,-0.025665581
1355983758762,0.4674969,-0.16798344,-0.8678872,0.81416655,-0.30062482,0.49674693,-0.34435374,-0.9388324,-0.0037746504
1355983758801,0.40005073,-0.14178452,-0.90545934,0.8577421,-0.2901136,0.42439672,-0.322859,-0.9464308,0.0055544227
1355983758841,0.32326216,-0.10719702,-0.9402182,0.896665,-0.2828852,0.34054035,-0.30247876,-0.9531446,0.004673764
1355983758881,0.24496013,-0.072128356,-0.9668464,0.92596895,-0.2781642,0.25535494,-0.28736037,-0.95782155,-0.001350522
1355983758921,0.17344034,-0.044558108,-0.9838359,0.9434349,-0.2791133,0.17895916,-0.2825758,-0.95922387,-0.006371826
1355983758961,0.11515653,-0.027489811,-0.9929669,0.9492432,-0.29150712,0.118156046,-0.29270503,-0.95617354,-0.0074744225
1355983759001,0.0713774,-0.018205255,-0.9972832,0.94617677,-0.3152001,0.07347351,-0.31568137,-0.9488506,-0.005272776
1355983759041,0.04462284,-0.0155852735,-0.99888235,0.9365523,-0.3473277,0.04725766,-0.34767598,-0.9376143,-9.023845E-4
1355983759081,0.038650572,-0.02089876,-0.9990343,0.9230038,-0.38230062,0.043706477,-0.38284484,-0.92380166,0.0045134723
1355983759120,0.05679655,-0.036471248,-0.9977194,0.9068588,-0.4161014,0.06683463,-0.4175899,-0.90858656,0.009441078
1355983759160,0.099220395,-0.06131965,-0.9931743,0.8874098,-0.44609654,0.11619672,-0.45017675,-0.89288163,0.010153785
1355983759201,0.15824717,-0.0845789,-0.9837704,0.8639251,-0.47057372,0.17942637,-0.4781122,-0.8782976,-0.0013971031
1355983759241,0.21663666,-0.08312279,-0.9727071,0.84044576,-0.4910642,0.22914395,-0.4967087,-0.8671485,-0.0365223
1355983759280,0.25045633,-0.028310716,-0.9677139,0.8286839,-0.51054305,0.22940966,-0.5005544,-0.85938597,-0.1044081
1355983759321,0.24433589,0.08860722,-0.9656338,0.8386923,-0.51914245,0.16457877,-0.4867187,-0.85008216,-0.2011593
1355983759360,0.20921165,0.22945097,-0.9505696,0.8628782,-0.5006718,0.06905812,-0.46007797,-0.8346736,-0.3027346
1355983759401,0.18383762,0.33054107,-0.9257139,0.8819651,-0.47126445,0.0068769753,-0.43398294,-0.8177117,-0.37816185
1355983759441,0.20261672,0.3572389,-0.9117713,0.88469744,-0.4659544,0.014035851,-0.41982973,-0.80948555,-0.41045848
1355983759481,0.2731321,0.30643275,-0.91186506,0.8662131,-0.49064255,0.09457716,-0.41841823,-0.8157015,-0.39944628
1355983759520,0.3709248,0.19862595,-0.9071728,0.8271792,-0.5146977,0.22552368,-0.42212486,-0.8340467,-0.3552134
1355983759564,0.45831728,0.07297981,-0.8857873,0.78194,-0.5068815,0.36282355,-0.42251045,-0.8589209,-0.28937837
1355983759602,0.5054559,-0.022260278,-0.8625652,0.755633,-0.4712057,0.45495492,-0.4165731,-0.8817424,-0.22135311
1355983759659,0.5228125,-0.08757892,-0.8479369,0.7502365,-0.4250094,0.5064703,-0.4047373,-0.9009422,-0.1564953
1355983759681,0.51594776,-0.12771511,-0.8470459,0.7627997,-0.3814457,0.52214545,-0.38978788,-0.9155261,-0.099385016
1355983759721,0.4910251,-0.14952958,-0.8582163,0.78693867,-0.34642768,0.510603,-0.3736601,-0.92608255,-0.052434087
1355983759758,0.45096162,-0.15570632,-0.8788568,0.8182118,-0.32128552,0.47676516,-0.35659936,-0.9340937,-0.017486654
1355983759802,0.39775112,-0.14654452,-0.9057145,0.8531653,-0.30404678,0.42386848,-0.3374952,-0.94131833,0.0040917695
1355983759841,0.33348528,-0.12340292,-0.93464386,0.8881291,-0.2914441,0.3553685,-0.31625006,-0.9485947,0.012405485
1355983759883,0.26366818,-0.092752784,-0.9601437,0.91809046,-0.28125918,0.2792903,-0.2959542,-0.9551388,0.010996357
1355983759923,0.19594628,-0.062512875,-0.97862005,0.93917954,-0.2750674,0.2056202,-0.2820404,-0.9593905,0.0048123896
1355983759961,0.13578469,-0.03970042,-0.98994267,0.95034826,-0.2771724,0.14146939,-0.2800012,-0.9599997,9.346008E-5
1355983760000,0.08883029,-0.026154429,-0.99570334,0.95129085,-0.2940619,0.09259233,-0.2952201,-0.9554285,-0.0012411475
1355983760041,0.056079984,-0.019672543,-0.9982325,0.9436066,-0.32569093,0.059429646,-0.32628444,-0.9452716,2.9844046E-4
1355983760080,0.039990127,-0.019725531,-0.9990054,0.93014765,-0.3644879,0.044430614,-0.36500174,-0.9309992,0.0037717223
1355983760120,0.043360114,-0.028542548,-0.99865174,0.9135318,-0.40353268,0.051197708,-0.40444985,-0.91451997,0.008577257
1355983760160,0.06901163,-0.048232675,-0.9964492,0.8952933,-0.43764067,0.08318958,-0.44009918,-0.8978553,0.012980148
1355983760201,0.11553657,-0.07554713,-0.9904261,0.8751261,-0.4639554,0.13747576,-0.46989948,-0.8826313,0.01250948
1355983760241,0.17402893,-0.0960646,-0.9800436,0.8535249,-0.4816472,0.19877407,-0.4911304,-0.8710841,-0.0018270016
1355983760282,0.2263844,-0.08124265,-0.970644,0.8366519,-0.49405283,0.23648536,-0.49876213,-0.86562777,-0.043873996
1355983760321,0.25826037,-0.014440447,-0.9659674,0.83242965,-0.504101,0.23009375,-0.49026775,-0.8635241,-0.11816865
1355983760360,0.25348568,0.10941768,-0.961131,0.84821737,-0.5028087,0.16646516,-0.46505082,-0.8574445,-0.22026478
1355983760401,0.22721866,0.24300516,-0.94303775,0.87252724,-0.4808804,0.08631477,-0.43251348,-0.84243846,-0.32129365
1355983760440,0.21334684,0.32823807,-0.9201863,0.8877159,-0.45844555,0.04228717,-0.40797505,-0.82588583,-0.38919008
1355983760480,0.23886955,0.3386256,-0.91009563,0.8847427,-0.4621688,0.060252845,-0.4002146,-0.819593,-0.40999463
1355983760520,0.30628714,0.27577183,-0.9111191,0.8610132,-0.48847428,0.14159495,-0.40601036,-0.82785434,-0.38705656
1355983760565,0.39637035,0.15602201,-0.9047362,0.8183762,-0.5066896,0.2711567,-0.41611403,-0.8478931,-0.32852146
1355983760602,0.46386573,0.04131362,-0.8849417,0.779457,-0.4937819,0.38552082,-0.42104092,-0.8686038,-0.26125067
1355983760642,0.50582767,-0.052276403,-0.86104906,0.75466716,-0.45670465,0.4710608,-0.41787052,-0.88808113,-0.19156256
1355983760682,0.52358913,-0.11713168,-0.84388065,0.7481086,-0.41073957,0.52117807,-0.40766165,-0.9041975,-0.12743154
1355983760722,0.5239473,-0.15808445,-0.8369519,0.75578123,-0.36684138,0.5424224,-0.39277714,-0.9167533,-0.07272827
1355983760762,0.51188403,-0.1812652,-0.8397128,0.77271473,-0.32994008,0.5422651,-0.37534875,-0.9264353,-0.028824747
1355983760802,0.49032125,-0.19071254,-0.8504198,0.79519403,-0.30148783,0.52609086,-0.35672337,-0.9342023,0.0038275719
1355983760844,0.4610227,-0.18698677,-0.86746407,0.82112634,-0.28076026,0.49691543,-0.33646616,-0.94138694,0.024102986
1355983760883,0.42451105,-0.17171872,-0.8889899,0.8486005,-0.26689222,0.45677763,-0.31570172,-0.9483045,0.032421842
1355983760922,0.38409087,-0.14724463,-0.9114785,0.874639,-0.25821766,0.41028056,-0.29577157,-0.95479965,0.029606879
1355983760966,0.34192047,-0.119788826,-0.9320628,0.8967306,-0.254999,0.3617316,-0.28100652,-0.9594926,0.020228922
1355983761002,0.30174336,-0.09898469,-0.94823676,0.9126055,-0.25780115,0.31731632,-0.27586597,-0.9611143,0.0125442
1355983761042,0.26960397,-0.08986664,-0.95876884,0.9195174,-0.27168643,0.28403202,-0.28600955,-0.9581808,0.009386212
1355983761082,0.2458278,-0.0908699,-0.96504474,0.91811585,-0.29745722,0.26188248,-0.31085673,-0.9504009,0.010305867
1355983761122,0.23195803,-0.09968451,-0.9676046,0.90927196,-0.33117098,0.25209218,-0.34557217,-0.9382904,0.013822481
1355983761162,0.23004586,-0.11466521,-0.9664009,0.89467126,-0.36583298,0.25637782,-0.38293892,-0.9235898,0.018429294
1355983761202,0.2417559,-0.13560781,-0.9608146,0.87519836,-0.39712286,0.27626276,-0.41902485,-0.9076915,0.02267699
1355983761242,0.2682581,-0.16121626,-0.9497615,0.8510879,-0.42221987,0.31205723,-0.45131686,-0.8920424,0.023945317
1355983761282,0.30615592,-0.18368682,-0.9340919,0.8237858,-0.44065183,0.35665527,-0.47712216,-0.8786838,0.01641038
1355983761322,0.34959012,-0.18565732,-0.91832346,0.7982223,-0.45417076,0.3956893,-0.4905383,-0.87135535,-0.010577776
1355983761362,0.3892761,-0.14297724,-0.90995693,0.78385276,-0.46741837,0.40877244,-0.48377573,-0.87239754,-0.06988168
1355983761400,0.41527313,-0.045299083,-0.90856826,0.78836846,-0.48041534,0.38428664,-0.45389795,-0.87587047,-0.16379122
1355983761441,0.42030057,0.086919785,-0.9032122,0.8101325,-0.48428598,0.33038208,-0.4086963,-0.8705814,-0.27396223
1355983761482,0.41321954,0.20015767,-0.8883617,0.8327693,-0.4777595,0.2797163,-0.36843586,-0.8553845,-0.36410472
1355983761522,0.41373825,0.25314128,-0.8744942,0.840667,-0.4749146,0.26025972,-0.34942758,-0.8428378,-0.40929788
1355983761565,0.4335174,0.23772591,-0.86922324,0.8294175,-0.4823801,0.28173745,-0.35231972,-0.8430871,-0.4062942
1355983761602,0.4678237,0.16890115,-0.86753297,0.80400723,-0.48895505,0.3383717,-0.36703324,-0.85580105,-0.36454248
1355983761642,0.5021889,0.074492544,-0.8615434,0.77563167,-0.47932014,0.41066748,-0.38236344,-0.87447304,-0.29848802
1355983761672,0.5204093,-0.00521791,-0.85390097,0.7586327,-0.45620722,0.4651358,-0.39198285,-0.88985825,-0.233456
1355983761712,0.5316669,-0.07880679,-0.8432792,0.74957526,-0.41974106,0.51181483,-0.39429337,-0.9042162,-0.16409081
1355983761752,0.529433,-0.13536096,-0.8374832,0.75315684,-0.3793595,0.53743947,-0.39045554,-0.9152944,-0.09889746
1355983761792,0.5166154,-0.1749964,-0.8381437,0.7660072,-0.34289214,0.54374444,-0.3825462,-0.92293084,-0.043094844
1355983761832,0.49554357,-0.19885421,-0.8455138,0.7848898,-0.31439105,0.53395355,-0.3720008,-0.92823243,2.8416514E-4
1355983761872,0.467461,-0.20719716,-0.85938907,0.8077984,-0.294765,0.51046574,-0.35908487,-0.93283594,0.029582389
1355983761912,0.432696,-0.1997486,-0.87913287,0.8335563,-0.2828507,0.4745307,-0.3434502,-0.9381343,0.04411331
1355983761956,0.39057833,-0.17553464,-0.90367925,0.861439,-0.2764567,0.42602187,-0.32460976,-0.94485945,0.043234378
1355983761992,0.34281424,-0.144633,-0.9282024,0.8879197,-0.27272376,0.37043253,-0.30671966,-0.95115876,0.034928918
1355983762032,0.29587033,-0.11358696,-0.9484507,0.9092547,-0.2708327,0.31607822,-0.29277384,-0.9559015,0.02314815
1355983762072,0.2524888,-0.089699626,-0.96343315,0.9233686,-0.27526605,0.26761746,-0.28920558,-0.9571743,0.013324231
1355983762112,0.21651673,-0.07573041,-0.9733373,0.92858744,-0.2918247,0.2292676,-0.30140638,-0.95346904,0.007137403
1355983762152,0.19101185,-0.07069793,-0.97903836,0.9246397,-0.32182717,0.20363823,-0.329478,-0.9441552,0.003897354
1355983762192,0.17914349,-0.073633194,-0.9810636,0.9129879,-0.3590923,0.19366422,-0.3665525,-0.93039286,0.0028971583
1355983762232,0.18482107,-0.08564979,-0.9790329,0.89554775,-0.3956164,0.20367095,-0.40476584,-0.91441333,0.0035852492
1355983762272,0.21164405,-0.108635396,-0.97129047,0.8728448,-0.42610872,0.2378515,-0.43971443,-0.89812565,0.0046384484
1355983762313,0.26059884,-0.1410118,-0.9550936,0.8435209,-0.44797462,0.29629582,-0.4696389,-0.88285583,0.002204761
1355983762351,0.32713914,-0.1733782,-0.9289349,0.80669916,-0.4607324,0.3700839,-0.4921549,-0.8704399,-0.010859549
1355983762391,0.39320487,-0.17941067,-0.901777,0.77008235,-0.47160363,0.42960823,-0.5023576,-0.8633666,-0.047275864
1355983762430,0.4444679,-0.13508093,-0.8855515,0.7468381,-0.49000144,0.44959036,-0.49465257,-0.8611921,-0.11690631
1355983762470,0.46541566,-0.029004216,-0.88461685,0.75203246,-0.51407987,0.4125155,-0.46672842,-0.85725176,-0.21744871
1355983762510,0.45479408,0.11013201,-0.88376087,0.7817862,-0.52467775,0.3369327,-0.42658263,-0.8441471,-0.32472003
1355983762566,0.44223365,0.21471834,-0.87081885,0.8064467,-0.52011013,0.28129926,-0.39252153,-0.826669,-0.4031691
1355983762602,0.47013697,0.23318174,-0.85123295,0.79752815,-0.52535653,0.29656267,-0.37804776,-0.8183073,-0.43295854
1355983762642,0.5444666,0.16044009,-0.8232953,0.7463743,-0.5405369,0.38825935,-0.3827291,-0.8258807,-0.41405264
1355983762700,0.62994957,0.034719527,-0.7758596,0.6681415,-0.53350294,0.51861507,-0.3959173,-0.8450853,-0.35927755
1355983762721,0.6907212,-0.08931509,-0.71758413,0.59771335,-0.4880004,0.6360774,-0.40699264,-0.8682617,-0.2836874
1355983762761,0.7192591,-0.17853244,-0.67141086,0.56082463,-0.4211954,0.7127905,-0.4100514,-0.88922477,-0.20282322
1355983762798,0.72476035,-0.2321282,-0.648721,0.55763286,-0.35538954,0.7501625,-0.40468255,-0.90543616,-0.12812993
1355983762841,0.7148057,-0.25977775,-0.64928293,0.5785471,-0.30189824,0.7577208,-0.39285636,-0.91726387,-0.06550494
1355983762880,0.691473,-0.26827535,-0.6707409,0.6163399,-0.26522478,0.74147207,-0.37681586,-0.92611235,-0.018046973
1355983762921,0.65447444,-0.26018095,-0.7099078,0.66650057,-0.24478662,0.7041708,-0.35698777,-0.93401575,0.013204154
1355983762961,0.60100096,-0.2358321,-0.76366293,0.726287,-0.23768985,0.6449889,-0.333624,-0.94227743,0.028429948
1355983763000,0.5301722,-0.1979934,-0.824449,0.789675,-0.23877811,0.5651535,-0.308757,-0.95067537,0.029756874
1355983763046,0.44616687,-0.15390521,-0.88161695,0.8476724,-0.2432704,0.47145635,-0.28703085,-0.9576705,0.021921962
1355983763080,0.358507,-0.113678455,-0.92657965,0.89213216,-0.25056794,0.37592,-0.27490515,-0.9614015,0.011585861
1355983763121,0.277839,-0.08423668,-0.95692724,0.91934043,-0.2655868,0.29030508,-0.27860147,-0.9603999,0.0036517382
1355983763160,0.21060187,-0.065585464,-0.97536933,0.93015575,-0.2935238,0.22057638,-0.30076075,-0.95369923,-8.1188977E-4
1355983763200,0.16023093,-0.054505974,-0.98557353,0.9275019,-0.3333218,0.16922387,-0.33773685,-0.94123626,-0.0028540492
1355983763241,0.13057673,-0.05032006,-0.99016047,0.91511035,-0.37815595,0.1398975,-0.38147464,-0.9243734,-0.0033300072
1355983763281,0.12694424,-0.05652508,-0.9902979,0.89642584,-0.42085415,0.13893285,-0.4246242,-0.90536547,-0.002754435
1355983763321,0.15418148,-0.07829842,-0.9849353,0.8724085,-0.4571715,0.17290992,-0.46382284,-0.88592535,-0.0021792203
1355983763361,0.21350598,-0.117091745,-0.96989936,0.8407638,-0.48357427,0.2434589,-0.4975254,-0.8674362,-0.004799515
1355983763401,0.29331028,-0.15964743,-0.9425931,0.8004744,-0.49805325,0.33344218,-0.5226947,-0.85232365,-0.018290468
1355983763441,0.3649031,-0.1708374,-0.9152379,0.7632602,-0.5080541,0.3991428,-0.5331788,-0.84421307,-0.054997146
1355983763480,0.38973624,-0.10396853,-0.91503894,0.75877035,-0.52683026,0.38303727,-0.521894,-0.8435878,-0.12643662
1355983763520,0.33674124,0.062120944,-0.9395458,0.8060323,-0.5348232,0.2535274,-0.4867416,-0.84267735,-0.23016852
1355983763568,0.22211176,0.2651552,-0.9382745,0.8709372,-0.48657292,0.06866652,-0.43833163,-0.8324299,-0.33900714
1355983763602,0.12847054,0.40086472,-0.90708476,0.9087261,-0.41385978,-0.054192603,-0.39712983,-0.81732947,-0.417445
1355983763642,0.11760849,0.43883377,-0.8908385,0.918726,-0.38861573,-0.07014486,-0.3769758,-0.81018686,-0.4488725
1355983763682,0.20307216,0.386795,-0.8995284,0.9035342,-0.42805293,0.019914806,-0.37734282,-0.8167988,-0.43640816
1355983763722,0.36900273,0.24517569,-0.8965076,0.84369886,-0.49299046,0.21244428,-0.38988355,-0.834775,-0.38876927
1355983763762,0.53655046,0.060828954,-0.841673,0.7409011,-0.51140565,0.43535027,-0.40395442,-0.8571838,-0.31946313
1355983763802,0.6393833,-0.08992481,-0.76361144,0.6487411,-0.46997586,0.59854627,-0.41270316,-0.8780867,-0.2421568
1355983763842,0.6823541,-0.1834655,-0.70762515,0.602324,-0.40742686,0.6864468,-0.41424477,-0.89461935,-0.16750371
1355983763882,0.6888569,-0.23361073,-0.68622315,0.59823114,-0.35141295,0.7201586,-0.4093845,-0.9066063,-0.102319986
1355983763923,0.6714745,-0.2547997,-0.6958442,0.6241076,-0.31180722,0.71642584,-0.39951435,-0.91534334,-0.050348163
1355983763962,0.6348125,-0.2549057,-0.7294081,0.66991633,-0.28880128,0.68396336,-0.38500017,-0.9228309,-0.012569163
1355983764002,0.5782366,-0.23660563,-0.7808074,0.7292934,-0.27913368,0.6246723,-0.36575064,-0.93064606,0.011149645
1355983764044,0.50049555,-0.20095944,-0.8420923,0.7954721,-0.27711275,0.5389179,-0.34165522,-0.939587,0.02116397
1355983764082,0.40570158,-0.15588218,-0.9006148,0.85732025,-0.27670592,0.43409207,-0.31687266,-0.94822717,0.021380916
1355983764122,0.30638883,-0.110080004,-0.94552016,0.9047626,-0.2750415,0.32520276,-0.29585555,-0.9551098,0.015326604
1355983764162,0.21261597,-0.07192129,-0.9744854,0.93461615,-0.27602053,0.22428876,-0.28510904,-0.9584572,0.008532405
1355983764202,0.13288313,-0.045079738,-0.990106,0.94784355,-0.28622466,0.14024293,-0.28971484,-0.95710146,0.004694104
1355983764242,0.07007128,-0.027044564,-0.99717534,0.947963,-0.30941945,0.075004965,-0.31057394,-0.950541,0.003955841
1355983764282,0.025580049,-0.014448196,-0.99956834,0.9387777,-0.34330195,0.028986633,-0.3435725,-0.939114,0.0047819316
1355983764322,0.0034908056,-0.008102626,-0.999961,0.92457724,-0.38094223,0.0063144267,-0.38097855,-0.9245633,0.0061617196
1355983764362,0.009560168,-0.0128855705,-0.99987125,0.9084801,-0.4176913,0.014069229,-0.41781878,-0.9084977,0.0077130795
1355983764402,0.05098307,-0.035250664,-0.9980772,0.89064044,-0.4505427,0.061407566,-0.45184106,-0.8920587,0.008425593
1355983764442,0.13124603,-0.07802707,-0.98827446,0.86625105,-0.47573316,0.15260142,-0.4820619,-0.87612206,0.0051528662
1355983764482,0.2406004,-0.13015586,-0.96185803,0.828438,-0.48883247,0.273374,-0.50576866,-0.8626137,-0.009787247
1355983764522,0.3450002,-0.15650892,-0.925462,0.7830763,-0.49559677,0.37573323,-0.51746154,-0.8543353,-0.048422612
1355983764568,0.38681173,-0.09791005,-0.9169462,0.76859325,-0.51520824,0.37924248,-0.50954986,-0.8514541,-0.1240356
1355983764602,0.3231858,0.07741931,-0.94316345,0.8165438,-0.5265825,0.23657379,-0.47833794,-0.8465915,-0.23340023
1355983764643,0.1679846,0.3054876,-0.93726116,0.88639843,-0.4628538,0.008007616,-0.43136865,-0.832132,-0.348536
1355983764682,0.048668683,0.44913363,-0.8921381,0.91957164,-0.36881596,-0.13550961,-0.38989666,-0.8137898,-0.4309603
1355983764722,0.040193915,0.4867732,-0.8726032,0.92893845,-0.33988225,-0.1468111,-0.36804602,-0.8046937,-0.46584356
1355983764762,0.16817981,0.4243096,-0.88976234,0.91507983,-0.40281874,-0.019130826,-0.36653036,-0.8109861,-0.45602313
1355983764802,0.4168082,0.24452394,-0.8754878,0.82704,-0.50167674,0.2536244,-0.3771946,-0.82977617,-0.41133404
1355983764842,0.6457039,0.01307705,-0.7634759,0.6564206,-0.5203098,0.5462506,-0.3901007,-0.8538774,-0.34455013
1355983764882,0.75930524,-0.15165432,-0.6328163,0.5143801,-0.4557695,0.7264208,-0.3985833,-0.87708324,-0.2680602
1355983764922,0.79932463,-0.23874053,-0.55143726,0.44809327,-0.3746157,0.81171143,-0.40036547,-0.89591634,-0.19246155
1355983764962,0.8084869,-0.28152776,-0.51680857,0.4354881,-0.3044842,0.8471361,-0.39585233,-0.90996236,-0.12356949
1355983765002,0.80229384,-0.3006175,-0.515707,0.45489296,-0.25150627,0.8542932,-0.38651904,-0.91998565,-0.06503317
1355983765042,0.7851367,-0.30542684,-0.5387715,0.49386394,-0.2161707,0.8422403,-0.3737094,-0.92735356,-0.018884242
1355983765082,0.75649214,-0.29847902,-0.58191913,0.5473355,-0.19808222,0.81313425,-0.35797134,-0.9336347,0.013520509
1355983765123,0.7132782,-0.2794558,-0.64275867,0.61313176,-0.19551215,0.7654047,-0.33956397,-0.94004226,0.031888694
1355983765162,0.65252936,-0.24830657,-0.71592546,0.6870887,-0.20454252,0.6971882,-0.3195536,-0.9468401,0.03713867
1355983765202,0.5756862,-0.2096031,-0.7903492,0.7598064,-0.2200194,0.6117888,-0.30212504,-0.9527108,0.032595694
1355983765242,0.4928361,-0.17216596,-0.8529194,0.8192427,-0.23846605,0.5215125,-0.29317898,-0.9557682,0.023521036
1355983765282,0.41844487,-0.14400452,-0.8967533,0.8581999,-0.26052207,0.44229075,-0.29731593,-0.9546679,0.014570549
1355983765322,0.3639487,-0.12827635,-0.9225435,0.8765317,-0.28781545,0.3858165,-0.3150134,-0.9490561,0.007688254
