1356334120702,0.8401172,-0.07072161,-0.5377746,0.5423324,0.09331596,0.83496577,-0.008867145,-0.9931217,0.116750956
1356334120731,-0.73504704,0.08563089,0.67258704,-0.6779583,-0.079865456,-0.730749,-0.0088582635,-0.9931208,0.116759
1356334120761,-0.73507804,0.0856235,0.672554,-0.67792517,-0.079924405,-0.73077327,-0.008817852,-0.9931167,0.11679697
1356334120793,-0.73522353,0.085580826,0.67240024,-0.6777691,-0.08012724,-0.7308957,-0.008673042,-0.9931039,0.11691558
1356334120839,-0.7358438,0.08529854,0.67175746,-0.67710173,-0.08067989,-0.73145336,-0.008194596,-0.99308354,0.117123604
1356334120880,-0.7380035,0.08423743,0.6695185,-0.6747588,-0.081560075,-0.733518,-0.007183701,-0.9931023,0.117031515
1356334120920,-0.7428062,0.081679076,0.6645053,-0.669484,-0.08251548,-0.7382291,-0.005465865,-0.99323696,0.115975976
1356334120958,-0.75051206,0.07772207,0.6562705,-0.66084874,-0.083373964,-0.7458738,-0.0032550395,-0.9934828,0.11393571
1356334120998,-0.76019436,0.07254943,0.64563227,-0.6496954,-0.08406758,-0.7555319,-5.366802E-4,-0.9938154,0.1110428
1356334121040,-0.7712519,0.06675786,0.6330195,-0.636525,-0.084798396,-0.7665801,0.0025038123,-0.9941592,0.107894
1356334121090,-0.78288245,0.060733646,0.6191983,-0.6221421,-0.08579177,-0.77818954,0.005859822,-0.9944602,0.10494977
1356334121126,-0.794619,0.055749238,0.60454345,-0.60704786,-0.08703792,-0.78988445,0.008582741,-0.9946439,0.103004396
1356334121170,-0.8042527,0.05240321,0.5919725,-0.5941963,-0.088344455,-0.7994535,0.0104035735,-0.99471056,0.10218912
1356334121209,-0.8119062,0.050584763,0.58159214,-0.5836798,-0.08950746,-0.80703557,0.011233151,-0.9947008,0.10219693
1356334121250,-0.817946,0.049779177,0.57313716,-0.5751868,-0.09006941,-0.8130483,0.011149257,-0.9946906,0.10230428
1356334121287,-0.822608,0.049509168,0.5664494,-0.5685151,-0.08970785,-0.8177672,0.010327995,-0.99473685,0.10194111
1356334121331,-0.82585293,0.049806386,0.56168175,-0.5638182,-0.08833933,-0.8211609,0.008719534,-0.99484456,0.101036966
1356334121358,-0.8278287,0.0505659,0.55869716,-0.5609398,-0.086649954,-0.82330924,0.0067797303,-0.99495465,0.10009587
1356334121399,-0.828641,0.05205831,0.55735433,-0.55976486,-0.08444202,-0.8243378,0.00415048,-0.99506754,0.09911257
1356334121439,-0.8285291,0.05385065,0.5573506,-0.5599445,-0.08199167,-0.82446325,0.0013002157,-0.99517715,0.09808588
1356334121481,-0.8279721,0.055501044,0.55801594,-0.5607676,-0.07955122,-0.82414275,-0.0013498962,-0.9952845,0.09698945
1356334121527,-0.8275324,0.0564017,0.55857766,-0.5614085,-0.077373505,-0.8239137,-0.0032509863,-0.99540555,0.09569347
1356334121568,-0.8277463,0.056188166,0.55828226,-0.5610883,-0.07577735,-0.82428014,-0.004009664,-0.9955404,0.09425086
1356334121609,-0.82914424,0.05438137,0.5563835,-0.5590268,-0.07533711,-0.82571995,-0.0029874742,-0.99567413,0.092865884
1356334121650,-0.832119,0.05059877,0.5522841,-0.5545964,-0.0775156,-0.8285011,8.894801E-4,-0.9957063,0.092564106
1356334121688,-0.8365869,0.045119226,0.5459732,-0.5477722,-0.08389485,-0.8324105,0.008246571,-0.9954526,0.09490031
1356334121729,-0.84220684,0.038303226,0.5377923,-0.5388025,-0.095838666,-0.83696294,0.01948294,-0.99465966,0.101353884
1356334121767,-0.84861475,0.030410677,0.5281366,-0.527907,-0.11315632,-0.84173024,0.0341644,-0.9931117,0.11208004
1356334121811,-0.85563666,0.02086991,0.5171561,-0.5149113,-0.1356039,-0.8464502,0.05246301,-0.99054337,0.12677377
1356334121848,-0.8623144,0.010448411,0.5062653,-0.50133395,-0.15831155,-0.8506478,0.07125977,-0.9873339,0.1417526
1356334121891,-0.86846745,-0.0013873279,0.4957443,-0.48737663,-0.18058681,-0.854314,0.09071012,-0.9835581,0.15615761
1356334121928,-0.87275964,-0.0125615,0.4879884,-0.47614256,-0.1984545,-0.85668206,0.10760473,-0.9800296,0.16722208
1356334121967,-0.8758457,-0.02319558,0.48203355,-0.46708995,-0.21038127,-0.85881704,0.12133159,-0.9773442,0.1734271
1356334122009,-0.87837744,-0.034107774,0.4767492,-0.45928204,-0.21593845,-0.8616441,0.13233724,-0.97581106,0.1740104
1356334122050,-0.8818671,-0.047468647,0.46910232,-0.44945878,-0.2159915,-0.8667955,0.14246775,-0.97524065,0.16914064
1356334122088,-0.8877097,-0.065375656,0.45573843,-0.4339181,-0.21209395,-0.8756319,0.1539044,-0.9750601,0.15991026
1356334122127,-0.8962224,-0.08790018,0.43480927,-0.4107901,-0.20552516,-0.88826287,0.1674427,-0.9746964,0.14808768
1356334122169,-0.9061187,-0.11096412,0.4082103,-0.38258162,-0.19678456,-0.90272194,0.18049929,-0.97414714,0.13585746
1356334122208,-0.9157069,-0.12977666,0.38031444,-0.3544402,-0.18510872,-0.91657346,0.18934932,-0.97411126,0.1235072
1356334122253,-0.9240612,-0.14000586,0.35568154,-0.33147603,-0.16987789,-0.9280438,0.19035399,-0.97546905,0.110569
1356334122288,-0.9306729,-0.13990152,0.3380465,-0.31719887,-0.1518535,-0.9361225,0.18229854,-0.9784518,0.0969494
1356334122330,-0.9348084,-0.1301011,0.33046493,-0.3139844,-0.13209605,-0.94019383,0.16597337,-0.9826619,0.08263481
1356334122367,-0.93562514,-0.1139437,0.33409977,-0.32208082,-0.11178237,-0.9400898,0.14446376,-0.9871787,0.06788719
1356334122408,-0.9316441,-0.09347371,0.35114372,-0.34333676,-0.090004444,-0.93488985,0.1189921,-0.99154514,0.051759124
1356334122449,-0.92093,-0.07247719,0.3829295,-0.37863186,-0.06640196,-0.92316234,0.09233548,-0.99515724,0.033709407
1356334122489,-0.90182066,-0.055821463,0.42848963,-0.42670047,-0.04137975,-0.90344584,0.06816247,-0.9975829,0.013498127
1356334122543,-0.8737941,-0.04803607,0.4839179,-0.48376462,-0.015542388,-0.8750602,0.049555674,-0.9987247,-0.009657383
1356334122567,-0.8395423,-0.0544388,0.54056007,-0.541867,0.011826038,-0.8403811,0.03935665,-0.9984471,-0.0394271
1356334122608,-0.8026993,-0.07988876,0.5910089,-0.59502417,0.04039973,-0.80269176,0.040249437,-0.99598473,-0.07996458
1356334122648,-0.7729079,-0.12890357,0.62128675,-0.63205194,0.070160806,-0.77174336,0.05589047,-0.98917204,-0.13570166
1356334122690,-0.75513154,-0.20051551,0.6241553,-0.64956135,0.10020608,-0.75367683,0.088579744,-0.97455233,-0.20591593
1356334122726,-0.7387642,-0.27527022,0.615186,-0.661681,0.12276524,-0.7396668,0.12808478,-0.9534962,-0.2728356
1356334122779,-0.7198938,-0.3366299,0.60698706,-0.67397666,0.13006079,-0.72721374,0.16585667,-0.9326117,-0.32051063
1356334122808,-0.6914403,-0.37365282,0.6182992,-0.6964494,0.117286384,-0.7079563,0.19201177,-0.9201236,-0.34132683
1356334122849,-0.64906764,-0.37753612,0.66043746,-0.7330522,0.07834828,-0.6756448,0.2033362,-0.92267436,-0.32760704
1356334122887,-0.59908223,-0.35820362,0.7160941,-0.7739911,0.03005904,-0.6324826,0.20503241,-0.93315953,-0.2952543
1356334122928,-0.5373008,-0.31255427,0.78333753,-0.8197675,-0.02474463,-0.5721617,0.19821501,-0.94957757,-0.24292648
1356334122968,-0.47110283,-0.24834007,0.8463979,-0.8620667,-0.073607266,-0.50142103,0.18682396,-0.9658722,-0.17940909
1356334122998,-0.415164,-0.18257117,0.8912388,-0.89270556,-0.10697043,-0.4377603,0.17525864,-0.97735614,-0.118572
1356334123038,-0.36030412,-0.11194211,0.9260938,-0.9183491,-0.13171148,-0.37321165,0.1637553,-0.9849472,-0.055345774
1356334123076,-0.32293284,-0.04700458,0.9452539,-0.9336984,-0.14739728,-0.32631472,0.15466613,-0.98795986,0.0037113428
1356334123120,-0.30932522,0.0035936832,0.95094955,-0.9389474,-0.15957355,-0.30481815,0.15065098,-0.9871795,0.052734375
1356334123157,-0.32459825,0.03368649,0.9452519,-0.9333446,-0.17339098,-0.3143301,0.15330952,-0.9842768,0.08772355
1356334123199,-0.37002736,0.040356696,0.9281439,-0.9148487,-0.189668,-0.3564799,0.16165286,-0.98101854,0.10710263
1356334123226,-0.43602568,0.030478984,0.899418,-0.8837122,-0.20340794,-0.42151877,0.17010131,-0.9786196,0.11562574
1356334123268,-0.51271427,0.004356146,0.8585483,-0.840427,-0.20697689,-0.50084233,0.17551795,-0.9783361,0.10978103
1356334123307,-0.59008914,-0.027144283,0.80688167,-0.78845906,-0.19549519,-0.58319294,0.17357183,-0.9803289,0.093957424
1356334123350,-0.6516966,-0.05173078,0.7567136,-0.7409835,-0.16962898,-0.64974576,0.16197237,-0.9841494,0.0722149
1356334123388,-0.68982756,-0.063830316,0.72115445,-0.70956177,-0.13815576,-0.6909668,0.14373624,-0.9883515,0.050012052
1356334123431,-0.7045028,-0.0646649,0.706749,-0.69970435,-0.103269756,-0.7069294,0.11869931,-0.9925491,0.027507603
1356334123467,-0.6955183,-0.060232162,0.7159792,-0.71247476,-0.071051,-0.69809127,0.092918634,-0.99565244,0.006503403
1356334123511,-0.6698153,-0.05666411,0.7403625,-0.73948437,-0.039276123,-0.67202693,0.06715837,-0.9976204,-0.015594482
1356334123548,-0.6230346,-0.058853358,0.7799771,-0.7808939,-0.010676086,-0.62457246,0.04508528,-0.99820954,-0.0393067
1356334123588,-0.5701373,-0.07343969,0.8182603,-0.8210139,0.014979482,-0.5707115,0.029655784,-0.99718714,-0.06883532
1356334123628,-0.52152663,-0.106833816,0.8465202,-0.85284954,0.035452843,-0.52095175,0.025643736,-0.9936446,-0.10960275
1356334123668,-0.49109882,-0.16250098,0.8558128,-0.8702754,0.048686624,-0.49015343,0.037983745,-0.98550653,-0.16533059
1356334123710,-0.48494554,-0.23606086,0.8420825,-0.87194467,0.056322515,-0.48635396,0.067380935,-0.9701046,-0.2331453
1356334123761,-0.49026054,-0.310232,0.81449413,-0.86525536,0.06090045,-0.49761856,0.10477421,-0.9487082,-0.29828697
1356334123799,-0.48838145,-0.36542857,0.7924302,-0.86115754,0.055060446,-0.50534755,0.14103681,-0.92920953,-0.34158206
1356334123840,-0.46223885,-0.387448,0.7976335,-0.87167424,0.033343196,-0.48895004,0.16284704,-0.9212884,-0.353141
1356334123878,-0.41379398,-0.3766133,0.82881665,-0.8943186,-0.0020462275,-0.44742614,0.17020255,-0.9263683,-0.33596557
1356334123917,-0.3453787,-0.3345212,0.8768176,-0.92380476,-0.04330188,-0.38040736,0.16522214,-0.9413929,-0.29407668
1356334123958,-0.26540172,-0.2663379,0.9266208,-0.95221686,-0.078258336,-0.29522666,0.15114588,-0.96069753,-0.23284155
1356334123997,-0.18655449,-0.18185201,0.96546733,-0.9735073,-0.098035276,-0.2065736,0.13221571,-0.9784267,-0.15874529
1356334124038,-0.12355286,-0.094664216,0.9878124,-0.98585963,-0.10184938,-0.13306907,0.113204956,-0.9902855,-0.08074188
1356334124077,-0.078691185,-0.011318326,0.99683475,-0.9921632,-0.09646273,-0.079417676,0.0970563,-0.99527216,-0.003638804
1356334124120,-0.05939561,0.060851753,0.99637806,-0.99454576,-0.08933681,-0.053830296,0.085737586,-0.99414086,0.06582606
1356334124158,-0.06609172,0.118187785,0.99078935,-0.99454665,-0.08808768,-0.05583468,0.08067733,-0.9890765,0.123365104
1356334124201,-0.10465664,0.15668857,0.9820875,-0.9909369,-0.100046456,-0.08963755,0.08420923,-0.9825678,0.16573897
1356334124238,-0.18492597,0.17279571,0.96744204,-0.9781627,-0.12739342,-0.16422132,0.09486905,-0.97668445,0.19258073
1356334124284,-0.30862492,0.15861973,0.9378648,-0.94428015,-0.16967219,-0.28203964,0.11439249,-0.9726516,0.2021465
1356334124316,-0.4773569,0.11182058,0.8715656,-0.86814237,-0.21337712,-0.44810602,0.13586465,-0.97054946,0.19893324
1356334124359,-0.6569113,0.036338657,0.75309163,-0.73775256,-0.23701864,-0.63209444,0.1555273,-0.97082525,0.18250918
1356334124398,-0.8011111,-0.041386187,0.59708303,-0.5743932,-0.22720397,-0.7864164,0.1682064,-0.9729674,0.15824366
1356334124438,-0.88737917,-0.09631325,0.450868,-0.42803073,-0.19127476,-0.88329136,0.17131233,-0.9767997,0.12850821
1356334124478,-0.9316181,-0.12324887,0.34190276,-0.3236138,-0.14685678,-0.9347231,0.1654143,-0.9814493,0.09692943
1356334124516,-0.95307225,-0.12990282,0.27345678,-0.2610103,-0.10506284,-0.95960176,0.1533851,-0.98594475,0.06622642
1356334124558,-0.9626475,-0.12597369,0.23966756,-0.23241465,-0.06964183,-0.9701204,0.13890052,-0.9895862,0.037762344
1356334124596,-0.9645917,-0.11888741,0.2354328,-0.23221381,-0.04043889,-0.97182375,0.12505826,-0.99208385,0.011399806
1356334124638,-0.9595222,-0.11424273,0.2574214,-0.2574199,-0.015020788,-0.9661828,0.11424605,-0.9933393,-0.014995575
1356334124677,-0.94656104,-0.11772745,0.30027053,-0.3035039,0.010145366,-0.95277613,0.10912156,-0.9929941,-0.04533398
1356334124722,-0.9293307,-0.1383897,0.3423343,-0.35077772,0.04132402,-0.9355466,0.11532339,-0.98951536,-0.08694768
1356334124757,-0.90925634,-0.17776155,0.3763691,-0.3939396,0.075538635,-0.916027,0.13440397,-0.9811701,-0.13871133
1356334124812,-0.89382535,-0.23230393,0.3835506,-0.4161023,0.110869825,-0.90253353,0.16713789,-0.9663037,-0.19576049
1356334124837,-0.8714981,-0.28434345,0.39954954,-0.44785944,0.12956321,-0.8846668,0.19978231,-0.94992745,-0.24026
1356334124877,-0.83867556,-0.32191247,0.43931273,-0.4964522,0.1201635,-0.85970694,0.22396103,-0.93911296,-0.26059234
1356334124917,-0.78492194,-0.33797246,0.5192997,-0.5730837,0.07741672,-0.8158319,0.23552625,-0.9379666,-0.2544526
1356334124947,-0.7130885,-0.33492473,0.6158979,-0.65921426,0.021307528,-0.7516533,0.23862402,-0.94200397,-0.23598129
1356334124977,-0.621997,-0.30931434,0.719336,-0.74727273,-0.039916277,-0.66331744,0.23388684,-0.95012176,-0.20631433
1356334125020,-0.4936493,-0.24713016,0.83380866,-0.841903,-0.104499936,-0.52941394,0.21796712,-0.96333086,-0.15647322
1356334125057,-0.36328548,-0.16688958,0.9166087,-0.91041875,-0.145379,-0.3873018,0.19789231,-0.97519886,-0.099125385
1356334125097,-0.24686974,-0.081774056,0.9655922,-0.9528231,-0.16109502,-0.25724795,0.17658836,-0.9835453,-0.038146675
1356334125139,-0.15888041,-0.0040414333,0.98728955,-0.9748756,-0.15748852,-0.15752739,0.15612337,-0.9875125,0.021081924
1356334125177,-0.10346329,0.05958256,0.992847,-0.98507226,-0.14421076,-0.09399873,0.13757855,-0.98775154,0.0736137
1356334125218,-0.08091575,0.1060029,0.9910681,-0.989146,-0.13089484,-0.06675848,0.12264907,-0.9857129,0.115443796
1356334125257,-0.08650321,0.13585839,0.9869446,-0.98978317,-0.12442541,-0.069624186,0.11334199,-0.98288393,0.14523357
1356334125299,-0.118605554,0.14987373,0.9815655,-0.98680735,-0.12750375,-0.099770576,0.110200286,-0.9804493,0.16301912
1356334125338,-0.17616588,0.14848042,0.9730977,-0.97812176,-0.13752633,-0.15609089,0.11065015,-0.979306,0.16945937
1356334125383,-0.25739437,0.13135979,0.9573363,-0.9599241,-0.14843774,-0.23772246,0.11087763,-0.9801586,0.16430241
1356334125417,-0.35019237,0.10367662,0.9309224,-0.93040806,-0.15330088,-0.33292586,0.10819462,-0.9827258,0.15014642
1356334125463,-0.4390396,0.07089391,0.8956664,-0.8927685,-0.14652765,-0.42602107,0.10103762,-0.98666286,0.12762332
1356334125497,-0.50182796,0.04358509,0.8638686,-0.86014664,-0.13044232,-0.4930846,0.091193914,-0.9904974,0.1029492
1356334125537,-0.53699857,0.022587746,0.84328073,-0.83990717,-0.10753679,-0.5319698,0.0786677,-0.9939445,0.07671863
1356334125578,-0.54031557,0.0075478256,0.84142864,-0.8389262,-0.08241218,-0.53796947,0.06528345,-0.99656975,0.050860643
1356334125611,-0.51594657,-0.0043789446,0.8566096,-0.8549763,-0.059300542,-0.51526594,0.053053707,-0.9982306,0.026851952
1356334125659,-0.4814036,-0.020451963,0.8762605,-0.87543887,-0.037939966,-0.4818377,0.04309982,-0.9990708,3.5995245E-4
1356334125686,-0.42288792,-0.04087788,0.9052596,-0.90542597,-0.021738708,-0.42394727,0.03700927,-0.99892765,-0.027818859
1356334125727,-0.3868972,-0.08020514,0.91862816,-0.9210393,-0.014667273,-0.38919333,0.04468912,-0.9966705,-0.06819737
1356334125770,-0.3633387,-0.14357188,0.9205282,-0.92871106,-0.022699237,-0.37010884,0.074032515,-0.9893795,-0.12508929
1356334125811,-0.35017097,-0.22660503,0.9088622,-0.9279922,-0.047961414,-0.36949968,0.12732083,-0.97280514,-0.19349307
1356334125846,-0.32722503,-0.3031866,0.8949869,-0.92596704,-0.08599162,-0.36768258,0.18843776,-0.9490434,-0.25260216
1356334125891,-0.28385693,-0.34643865,0.8940948,-0.92854524,-0.13332063,-0.34645253,0.23922578,-0.9285504,-0.28383994
1356334125926,-0.22190237,-0.3450784,0.9119651,-0.93722624,-0.18254954,-0.29712397,0.2690099,-0.92065006,-0.28290826
1356334125969,-0.15191281,-0.30256715,0.94094396,-0.94870436,-0.22242922,-0.2246894,0.2772771,-0.92681086,-0.25325686
1356334126007,-0.09182727,-0.24036413,0.9663296,-0.95799917,-0.24343169,-0.15158674,0.27167132,-0.9396627,-0.20791495
1356334126048,-0.044433594,-0.16697717,0.98495907,-0.965459,-0.24620014,-0.085291445,0.25673872,-0.95472735,-0.15027007
1356334126087,-0.014390409,-0.09324637,0.99553907,-0.9711888,-0.23556083,-0.036102116,0.23787645,-0.96737593,-0.087170005
1356334126126,2.7757883E-4,-0.023566544,0.99972224,-0.9759684,-0.21785766,-0.0048646033,0.21791175,-0.97569597,-0.02306068
1356334126168,5.418062E-4,0.037560523,0.9992943,-0.9800857,-0.19841462,0.007989228,0.19857466,-0.97939825,0.036704957
1356334126207,-0.011446595,0.08718157,0.9961267,-0.9833542,-0.18164074,0.004597485,0.18133801,-0.9794927,0.08780956
1356334126248,-0.03600031,0.121845365,0.9918959,-0.98505926,-0.17158926,-0.014674038,0.16841075,-0.9776046,0.12620217
1356334126288,-0.07258904,0.13958666,0.9875456,-0.9843128,-0.16967249,-0.048368692,0.1608077,-0.97556484,0.14971328
1356334126327,-0.12210739,0.13963386,0.9826454,-0.98011875,-0.17296332,-0.097215414,0.15638706,-0.97498,0.15797788
1356334126367,-0.18348682,0.124361515,0.975124,-0.9714129,-0.17493951,-0.16047776,0.15063047,-0.97669363,0.1529055
1356334126410,-0.2527939,0.09757605,0.9625872,-0.95740724,-0.16869974,-0.23433265,0.13952297,-0.9808258,0.13606632
1356334126447,-0.32084566,0.06855783,0.9446469,-0.93894124,-0.15390384,-0.3077382,0.12428695,-0.98570454,0.11375123
1356334126488,-0.37945348,0.041487664,0.92428017,-0.91925776,-0.13004816,-0.3715543,0.10478607,-0.9906393,0.087485135
1356334126527,-0.42053026,0.020987809,0.9070357,-0.90333337,-0.10281521,-0.41643468,0.08451703,-0.99447906,0.062195897
1356334126567,-0.44357383,0.0059310496,0.8962182,-0.8939545,-0.07426238,-0.441962,0.063934,-0.9972211,0.038242936
1356334126597,-0.44757205,-0.005185306,0.8942329,-0.893099,-0.04808283,-0.44728327,0.045316517,-0.99882996,0.016889513
1356334126642,-0.443932,-0.018360734,0.89587235,-0.8956274,-0.021989763,-0.44426128,0.027856976,-0.99958956,-0.006682396
1356334126678,-0.4279676,-0.039071977,0.9029491,-0.9036607,0.0013350844,-0.4282471,0.01552698,-0.9992355,-0.035879135
1356334126718,-0.41511768,-0.078297466,0.9063922,-0.90962565,0.018109739,-0.41503412,0.016081601,-0.99676555,-0.07873905
1356334126758,-0.4072268,-0.14100361,0.90237707,-0.91259134,0.023168921,-0.40821594,0.036652803,-0.9897379,-0.13811374
1356334126799,-0.3978681,-0.21531034,0.8918198,-0.9144478,0.014588594,-0.40444103,0.07406992,-0.97643673,-0.20269436
1356334126827,-0.37960178,-0.2777075,0.88248575,-0.91841745,-0.0017513633,-0.39560893,0.11140916,-0.96066415,-0.25438654
1356334126868,-0.35380965,-0.31218722,0.88167906,-0.92423,-0.028021514,-0.3808069,0.14358905,-0.94960725,-0.27861845
1356334126906,-0.32459855,-0.31515414,0.8918036,-0.9312424,-0.058591545,-0.35965905,0.16560018,-0.9472301,-0.27446622
1356334126947,-0.29917467,-0.29172572,0.9085101,-0.9373951,-0.08803904,-0.33695623,0.17828318,-0.9524417,-0.24712324
1356334126986,-0.28404415,-0.25086927,0.9254099,-0.9408909,-0.11280036,-0.31937492,0.18450797,-0.9614264,-0.20400035
1356334127029,-0.28363186,-0.20236784,0.9373368,-0.9404337,-0.13237405,-0.31314808,0.18745017,-0.97032183,-0.15276808
1356334127068,-0.29851007,-0.15378356,0.94193554,-0.9354751,-0.14845276,-0.32069954,0.1891512,-0.97688913,-0.099546075
1356334127109,-0.3250441,-0.105719805,0.93977106,-0.9263524,-0.16438168,-0.33889508,0.19030908,-0.98071504,-0.044502497
1356334127147,-0.3666554,-0.06675628,0.9279588,-0.91055274,-0.17895412,-0.37265164,0.19093889,-0.9815901,0.004829347
1356334127190,-0.41330737,-0.036513418,0.90985924,-0.8902259,-0.19393915,-0.41217172,0.19150716,-0.9803338,0.04765129
1356334127257,-0.46799034,-0.01827988,0.88354456,-0.86279726,-0.20688301,-0.4612813,0.19122255,-0.97819495,0.081047416
1356334127275,-0.53170073,-0.013029367,0.84683204,-0.8258451,-0.21375567,-0.52181256,0.18781403,-0.9768002,0.10289389
1356334127318,-0.58844596,-0.013716817,0.8084201,-0.78898805,-0.20879161,-0.57784414,0.17671758,-0.9778639,0.11204022
1356334127356,-0.6387405,-0.016263902,0.7692503,-0.75336635,-0.18995738,-0.62956756,0.15636405,-0.98165756,0.10908085
1356334127396,-0.68195695,-0.018248528,0.7311647,-0.7198193,-0.1603896,-0.675378,0.12959585,-0.98688513,0.096243024
1356334127437,-0.7177352,-0.019055933,0.6960554,-0.68898964,-0.12519348,-0.7138767,0.1007452,-0.9919493,0.07672644
1356334127480,-0.7460366,-0.018827707,0.6656388,-0.6619878,-0.08729482,-0.74441373,0.072122395,-0.9960046,0.05266136
1356334127517,-0.7666828,-0.01773563,0.641781,-0.64029527,-0.052226305,-0.7663513,0.047109604,-0.99847776,0.028685033
1356334127557,-0.7798951,-0.017365366,0.62566924,-0.6253865,-0.019264638,-0.78007734,0.025599629,-0.9996636,0.004164338
1356334127597,-0.78539073,-0.02046293,0.618662,-0.6189385,0.011841238,-0.7853502,0.008744866,-0.99972045,-0.021965325
1356334127637,-0.785217,-0.033475578,0.6183152,-0.61922073,0.04235798,-0.78407365,5.6743622E-5,-0.99854153,-0.053989053
1356334127679,-0.78240335,-0.06477815,0.61939394,-0.6227463,0.07232207,-0.7790742,0.0056711137,-0.9952755,-0.09692544
1356334127716,-0.7799928,-0.11793673,0.6145747,-0.6250446,0.098954976,-0.7742914,0.03050217,-0.98807836,-0.15089983
1356334127757,-0.77676255,-0.18337612,0.6025057,-0.62570024,0.11580366,-0.7714199,0.07168764,-0.9761981,-0.20469046
1356334127832,-0.767946,-0.23927547,0.5941433,-0.63015664,0.11609566,-0.7677398,0.11472389,-0.96398604,-0.23993623
1356334127834,-0.75215244,-0.2694307,0.6013931,-0.64207953,0.09422153,-0.760826,0.14832571,-0.9583994,-0.24386483
1356334127875,-0.7295185,-0.27422392,0.6265812,-0.6631354,0.059240162,-0.74615145,0.1674938,-0.95983946,-0.2250644
1356334127920,-0.69844776,-0.24979606,0.67065096,-0.69500077,0.013207078,-0.7188877,0.17071797,-0.96820843,-0.1828329
1356334127957,-0.66076034,-0.20621985,0.72171265,-0.7324994,-0.0327065,-0.6799816,0.1638304,-0.9779589,-0.12944478
1356334128020,-0.6158314,-0.14561611,0.7743046,-0.7734614,-0.07540709,-0.62934184,0.15003037,-0.9864632,-0.06619042
1356334128042,-0.57425827,-0.08366874,0.81438744,-0.80728614,-0.10747111,-0.5802922,0.13607544,-0.9906813,-0.00582844
1356334128074,-0.53853446,-0.025707036,0.84221125,-0.83336294,-0.13137364,-0.5368865,0.124446064,-0.9909995,0.049325883
1356334128117,-0.518373,0.020378381,0.8549118,-0.8470744,-0.14934129,-0.510061,0.11727938,-0.9885757,0.094676435
1356334128140,-0.51731664,0.051613092,0.85423625,-0.848143,-0.16409671,-0.50371194,0.114179224,-0.985093,0.12866527
1356334128184,-0.5351343,0.06273398,0.8424343,-0.83644557,-0.17897624,-0.51800215,0.11827943,-0.9818512,0.14824992
1356334128219,-0.5778006,0.055907965,0.81426096,-0.80655235,-0.19188076,-0.55915576,0.124979705,-0.9798246,0.1559614
1356334128289,-0.6338534,0.036241293,0.7726038,-0.76255226,-0.19639844,-0.6163943,0.12939918,-0.9798542,0.15212357
1356334128301,-0.6932846,0.012175381,0.72056115,-0.7094504,-0.18722701,-0.67943084,0.12663618,-0.9822413,0.13843936
1356334128345,-0.7447753,-0.0077729523,0.66727006,-0.6572082,-0.16482985,-0.7354648,0.11570278,-0.9862914,0.117652774
1356334128372,-0.7819731,-0.019906789,0.6229942,-0.6148826,-0.1391846,-0.77623904,0.10216361,-0.9900663,0.09659827
1356334128413,-0.8042121,-0.023888856,0.59386206,-0.5885422,-0.10724324,-0.801322,0.0828304,-0.9939457,0.07218677
1356334128447,-0.80717564,-0.021939576,0.5899035,-0.58686405,-0.07801545,-0.8059183,0.06370309,-0.9967107,0.05009663
1356334128487,-0.7959575,-0.016570896,0.60512555,-0.6038877,-0.047761798,-0.79563713,0.042086273,-0.99872124,0.028009474
1356334128521,-0.75844234,-0.011301696,0.65164196,-0.6513859,-0.019808471,-0.7584879,0.021480292,-0.9997398,0.0076619387
1356334128557,-0.7040395,-0.011127412,0.7100736,-0.7101573,0.007897556,-0.7039987,0.0022258162,-0.9999069,-0.013462424
1356334128596,-0.6325447,-0.023896247,0.7741552,-0.77443635,0.03454691,-0.631708,-0.011649251,-0.9991174,-0.040358663
1356334128639,-0.5592978,-0.059395522,0.8268363,-0.82888865,0.053768456,-0.5568237,-0.011384904,-0.99678546,-0.079304874
1356334128676,-0.5029849,-0.11956483,0.8559851,-0.86422235,0.056715727,-0.49990305,0.011223018,-0.9912051,-0.13185775
1356334128719,-0.46529567,-0.19425115,0.86357766,-0.8833517,0.03965366,-0.46703035,0.05647713,-0.98015004,-0.19004273
1356334128746,-0.41939646,-0.25938413,0.8699578,-0.90178025,0.008831084,-0.43210462,0.10439843,-0.9657339,-0.23761117
1356334128785,-0.3548997,-0.29725778,0.88638824,-0.92317545,-0.038283765,-0.3824676,0.14762574,-0.95402944,-0.26083422
1356334128830,-0.24738264,-0.2912893,0.92409545,-0.95300233,-0.09900576,-0.28632918,0.17489535,-0.95149803,-0.25310713
1356334128890,-0.102130175,-0.23658389,0.9662285,-0.977784,-0.15485954,-0.14126939,0.18305168,-0.95919067,-0.21551216
1356334128915,0.038056523,-0.15782368,0.9867337,-0.98313916,-0.18265155,0.00870356,0.1788548,-0.97042775,-0.16211373
1356334128955,0.15168762,-0.07545444,0.98554426,-0.9739641,-0.18136245,0.13601997,0.16847748,-0.9805174,-0.10100034
1356334128995,0.23742789,8.7600946E-4,0.97140473,-0.9588207,-0.16023171,0.23449668,0.15585524,-0.987079,-0.03720358
1356334129027,0.294624,0.06251794,0.9535661,-0.94468755,-0.13140634,0.3004961,0.14409098,-0.9893553,0.020344436
1356334129065,0.33601743,0.11321166,0.935027,-0.93230295,-0.10105491,0.34727407,0.13380447,-0.98841846,0.0715913
1356334129105,0.36052912,0.15200311,0.9202792,-0.9241088,-0.07576394,0.3745434,0.12665576,-0.98547184,0.113152325
1356334129146,0.36845824,0.17882505,0.91228294,-0.9212297,-0.061500758,0.38412708,0.12479758,-0.9819569,0.14207846
1356334129178,0.36193517,0.1957173,0.9114262,-0.9234363,-0.058499664,0.3792666,0.12754717,-0.9789139,0.1595594
1356334129216,0.3400147,0.20195407,0.91847956,-0.9308091,-0.067004025,0.35931185,0.13410631,-0.9771004,0.1651983
1356334129255,0.29051366,0.19388795,0.9370215,-0.9465388,-0.08528629,0.3111118,0.1402359,-0.97730947,0.1587456
1356334129294,0.19934708,0.16937467,0.96518016,-0.9697695,-0.10736221,0.21913546,0.14073989,-0.97968644,0.1428521
1356334129326,0.07361245,0.13555577,0.98803127,-0.98787,-0.12591493,0.090875715,0.13672659,-0.982736,0.12464252
1356334129376,-0.088094294,0.09013674,0.9920256,-0.9882821,-0.1325329,-0.075719744,0.124650866,-0.98707163,0.10075593
1356334129403,-0.23348427,0.05020842,0.97106344,-0.96618843,-0.12432301,-0.22588402,0.10938424,-0.9909707,0.07753825
1356334129431,-0.33687317,0.021822542,0.9412971,-0.93713677,-0.10445404,-0.33296266,0.09105617,-0.99429035,0.055638433
1356334129474,-0.38772434,0.005215287,0.9217606,-0.9191478,-0.07763833,-0.38618597,0.06954992,-0.9969679,0.034895897
1356334129517,-0.39120007,-0.004514903,0.9202945,-0.9190898,-0.049467683,-0.39093062,0.047289878,-0.99876547,0.015202165
1356334129556,-0.3733613,-0.01570952,0.92755294,-0.9273012,-0.022473752,-0.3736406,0.026715368,-0.99962395,-0.006176591
1356334129598,-0.36053413,-0.037293732,0.93200016,-0.93265724,6.276965E-4,-0.3607632,0.012869239,-0.9993042,-0.03500855
1356334129637,-0.37036878,-0.07655236,0.925725,-0.92878544,0.01594317,-0.37027478,0.013586432,-0.9969381,-0.077005565
1356334129681,-0.40998447,-0.13817316,0.9015659,-0.911326,0.021538794,-0.4111218,0.03738734,-0.9901739,-0.13475138
1356334129716,-0.4508103,-0.20611274,0.86849743,-0.8894149,0.021344662,-0.45660236,0.07557374,-0.97829556,-0.19294214
1356334129772,-0.4760394,-0.26252034,0.83932686,-0.87143254,0.012440443,-0.49035764,0.118287265,-0.96484625,-0.2346909
1356334129796,-0.47686797,-0.29137745,0.8292744,-0.8657489,-0.0073495507,-0.5004247,0.15190727,-0.95657986,-0.24875498
1356334129838,-0.4562871,-0.28516555,0.84290135,-0.87333965,-0.038016915,-0.48562592,0.1705283,-0.95772403,-0.23169976
1356334129877,-0.43701816,-0.25558636,0.86237514,-0.88199687,-0.06620139,-0.4665821,0.1763424,-0.964517,-0.19649523
1356334129917,-0.421902,-0.20755506,0.8825642,-0.8902124,-0.08964038,-0.44663912,0.1718156,-0.97410756,-0.14694864
1356334129957,-0.42417073,-0.15264985,0.8926238,-0.8910246,-0.10567796,-0.44148308,0.16172302,-0.982614,-0.091189265
1356334129990,-0.44976228,-0.10356745,0.88712335,-0.8803464,-0.11616117,-0.45988774,0.15067866,-0.987816,-0.038930297
1356334130027,-0.4848423,-0.059293956,0.87258923,-0.8634523,-0.12634617,-0.48835093,0.13920459,-0.9902125,0.010060489
1356334130067,-0.5366226,-0.024025202,0.84348035,-0.8339996,-0.13697642,-0.5344925,0.12837818,-0.9902829,0.05346763
1356334130109,-0.60869706,-0.003656119,0.79339445,-0.7842046,-0.14905626,-0.6023334,0.12046257,-0.988822,0.08786291
1356334130147,-0.69491345,-0.0018905401,0.71909094,-0.7093522,-0.16223842,-0.6859287,0.11796093,-0.98674977,0.111400604
1356334130190,-0.7842467,-0.018444598,0.6201749,-0.60849756,-0.17238057,-0.77460676,0.12119344,-0.98485774,0.12396538
1356334130226,-0.8618411,-0.046926185,0.50500286,-0.49095398,-0.17264354,-0.85390776,0.12725614,-0.9838659,0.12575269
1356334130270,-0.9189927,-0.07612869,0.38685527,-0.37211224,-0.15685809,-0.9148378,0.13032678,-0.98468274,0.11582297
1356334130306,-0.9563044,-0.095385335,0.27637613,-0.2632795,-0.13013679,-0.95590186,0.12714571,-0.98689723,0.09933722
1356334130349,-0.9768,-0.09928658,0.18974707,-0.18042946,-0.09571862,-0.9789194,0.11535588,-0.9904444,0.07558364
1356334130389,-0.9884587,-0.09260565,0.11988997,-0.11450657,-0.06142682,-0.99152154,0.09918495,-0.9938063,0.050113916
1356334130431,-0.9946008,-0.07762562,0.06887269,-0.06677833,-0.029263556,-0.99733853,0.079434484,-0.99655294,0.023921907
1356334130468,-0.9976333,-0.060248304,0.033134945,-0.03303886,-0.0025905967,-0.9994507,0.06030105,-0.99818003,5.939007E-4
1356334130508,-0.99900967,-0.041986097,0.014727824,-0.015605501,0.020653427,-0.9996649,0.04166785,-0.9989047,-0.021288157
1356334130547,-0.99954695,-0.026011728,0.015142478,-0.016261496,0.043361127,-0.9989271,0.025327224,-0.99872077,-0.043764472
1356334130588,-0.9993804,-0.017745527,0.030393649,-0.031582355,0.07107127,-0.9969711,0.015531663,-0.9973133,-0.07158762
1356334130629,-0.99833983,-0.026042957,0.051374555,-0.053930957,0.109466136,-0.9925264,0.020224549,-0.99364936,-0.110688925
1356334130666,-0.99622315,-0.055996668,0.066361174,-0.07445945,0.15777296,-0.9846642,0.044667907,-0.98588645,-0.16134655
1356334130717,-0.9923939,-0.10481822,0.06455639,-0.08546809,0.20924044,-0.974122,0.08859792,-0.97223026,-0.21660763
1356334130748,-0.98586416,-0.15640168,0.06008634,-0.09794618,0.24702847,-0.9640454,0.13593528,-0.956303,-0.25885546
1356334130788,-0.97806275,-0.1978278,0.06524983,-0.11589144,0.25646895,-0.9595795,0.17309694,-0.9460909,-0.27376932
1356334130827,-0.97016704,-0.22448194,0.091563225,-0.14590693,0.23901331,-0.9599916,0.19361594,-0.9447119,-0.26463628
1356334130870,-0.96213144,-0.23116705,0.14444703,-0.19049075,0.191158,-0.96289766,0.194978,-0.9539499,-0.22795427
1356334130907,-0.9512388,-0.22257638,0.21355179,-0.24635586,0.13159537,-0.96020377,0.18561628,-0.9659929,-0.18001157
1356334130947,-0.93510455,-0.1980031,0.29389486,-0.31171173,0.0650844,-0.947945,0.1685681,-0.9780382,-0.12258065
1356334130990,-0.91430956,-0.16174135,0.37131906,-0.37650582,0.0015338063,-0.92641306,0.14926976,-0.986832,-0.062298894
1356334131028,-0.89329827,-0.12054114,0.43299896,-0.4297148,-0.053387046,-0.90138507,0.13177048,-0.99127173,-0.004107833
1356334131068,-0.8813311,-0.08406821,0.46496025,-0.4572079,-0.096584916,-0.88409966,0.1192328,-0.99176806,0.04668665
1356334131106,-0.8863323,-0.061325878,0.45897096,-0.44891766,-0.12920827,-0.8841822,0.11352605,-0.9897194,0.08699113
1356334131149,-0.9104592,-0.05834417,0.40946308,-0.39726293,-0.15212661,-0.9050081,0.11509219,-0.9866375,0.11532712
1356334131176,-0.94325936,-0.0704712,0.3244928,-0.30979875,-0.1649915,-0.93637735,0.1195262,-0.9837741,0.13379788
1356334131216,-0.9698162,-0.09161103,0.22597346,-0.2092143,-0.163378,-0.9641249,0.12524357,-0.9823009,0.13928032
1356334131256,-0.9861171,-0.109973304,0.12441442,-0.10764875,-0.14708972,-0.9832478,0.1264311,-0.98299056,0.13320923
1356334131299,-0.9923789,-0.11393727,0.04693264,-0.033100564,-0.12039155,-0.99217457,0.118695945,-0.9861664,0.11570251
1356334131338,-0.9944768,-0.104810104,-0.00555028,0.015110739,-0.09064472,-0.99576867,0.10386351,-0.99035263,0.09172785
1356334131379,-0.99597824,-0.08438987,-0.030095875,0.035230003,-0.060024023,-0.99757504,0.08237875,-0.9946233,0.062755704
1356334131417,-0.9976236,-0.060094275,-0.033703197,0.035673894,-0.032027602,-0.99885017,0.05894574,-0.9976788,0.034095228
1356334131457,-0.9992831,-0.03477258,-0.014973416,0.015182362,-0.0057526827,-0.99986815,0.034681857,-0.9993787,0.0062764883
1356334131497,-0.9994946,-0.01230641,0.029309936,-0.029558148,0.020496666,-0.9993529,0.01169769,-0.9997142,-0.020850062
1356334131530,-0.99501437,0.0027306713,0.09969457,-0.099451646,0.047728896,-0.9938971,-0.0074723214,-0.99885666,-0.047219455
1356334131567,-0.9841661,0.005277723,0.17716983,-0.17617962,0.08047533,-0.98106295,-0.019435577,-0.99674267,-0.07827121
1356334131609,-0.9682576,-0.0141706765,0.24955252,-0.24938527,0.12211162,-0.96067464,-0.016859852,-0.9924152,-0.12176943
1356334131649,-0.95386946,-0.060285605,0.2941068,-0.30015546,0.17089313,-0.9384574,0.0063146353,-0.98344356,-0.18110484
1356334131687,-0.94475996,-0.12240173,0.30404985,-0.32452476,0.21925777,-0.9201139,0.04595825,-0.96795857,-0.24686831
1356334131728,-0.93848765,-0.18455325,0.2918579,-0.33267158,0.25662017,-0.9074556,0.09257725,-0.94872874,-0.30223048
1356334131768,-0.92532074,-0.23501551,0.29757205,-0.35567033,0.26588172,-0.8959942,0.13145357,-0.9349196,-0.32961386
1356334131807,-0.897755,-0.26927948,0.3486035,-0.41260916,0.23696142,-0.87954706,0.1542384,-0.9334548,-0.32384044
1356334131846,-0.8430648,-0.28305948,0.45729536,-0.51343966,0.1705426,-0.8410083,0.16006702,-0.9438181,-0.28911245
1356334131889,-0.74273986,-0.26742154,0.61385924,-0.65194285,0.07979351,-0.75405794,0.15266937,-0.9602701,-0.23360944
1356334131927,-0.5966612,-0.21776572,0.7723817,-0.7904339,-0.00675267,-0.6125102,0.1385994,-0.9759778,-0.1681003
1356334131969,-0.41772276,-0.13768283,0.8980819,-0.9003737,-0.06977761,-0.42948616,0.12179884,-0.9880154,-0.094818294
1356334132007,-0.26919127,-0.053265184,0.96161264,-0.9571084,-0.096283734,-0.2732636,0.107143104,-0.9939277,-0.025061786
1356334132047,-0.16649687,0.020687401,0.98582494,-0.981304,-0.10136843,-0.1636061,0.09654698,-0.99463385,0.03717816
1356334132077,-0.13332409,0.0743157,0.9882823,-0.9870018,-0.10024446,-0.12561327,0.08973479,-0.9921836,0.086714715
1356334132122,-0.15947288,0.1060583,0.9814887,-0.983151,-0.10704166,-0.14817616,0.08934486,-0.98858166,0.12134156
1356334132158,-0.29940045,0.10796669,0.9479992,-0.94947636,-0.13169998,-0.28486782,0.09409529,-0.9853924,0.14194292
1356334132196,-0.55614865,0.06640443,0.82842565,-0.82459366,-0.16841096,-0.54007685,0.10365248,-0.9834776,0.14841825
1356334132238,-0.84149295,-0.01915738,0.53992844,-0.5281184,-0.18158221,-0.8295294,0.113933,-0.9831892,0.14268273
1356334132276,-0.97261375,-0.090303734,0.21416697,-0.19933219,-0.14981335,-0.96841234,0.11953634,-0.98458165,0.12771022
1356334132318,-0.9931263,-0.11654763,0.010815494,0.001793813,-0.10754603,-0.99419856,0.11703464,-0.9873452,0.10701579
1356334132357,-0.9897885,-0.11289565,-0.087026015,0.0956818,-0.07365644,-0.9926831,0.10565959,-0.99087304,0.08370632
1356334132398,-0.9873414,-0.09566459,-0.12651227,0.13165048,-0.049431622,-0.990063,0.08846027,-0.9941855,0.061400115
1356334132437,-0.9896032,-0.07233144,-0.124313086,0.12689367,-0.032230973,-0.9913926,0.06770213,-0.9968598,0.041074216
1356334132480,-0.9958234,-0.046062604,-0.07882947,0.07974413,-0.01836586,-0.9966461,0.04446034,-0.9987697,0.021962404
1356334132517,-0.99954903,-0.022088192,0.020341739,-0.020257961,-0.0040100813,-0.99978673,0.022165053,-0.999748,0.0035607815
1356334132559,-0.98542875,-0.005784385,0.16999035,-0.1700697,0.018561184,-0.9852572,0.0025438815,-0.999811,-0.019274473
1356334132597,-0.93107015,-0.009408429,0.36471903,-0.36470848,0.05087471,-0.92973083,-0.009807691,-0.99866074,-0.05079931
1356334132638,-0.8612049,-0.045125738,0.5062508,-0.5082157,0.08930528,-0.8565871,-0.0065567642,-0.9949816,-0.0998438
1356334132680,-0.81303704,-0.10913207,0.57189244,-0.58198935,0.12517822,-0.8035041,0.016099572,-0.9861139,-0.16528821
1356334132716,-0.78773993,-0.18328553,0.5881089,-0.61379325,0.15265739,-0.7745667,0.05218771,-0.9711345,-0.2327537
1356334132757,-0.7572379,-0.24877284,0.6039063,-0.6470389,0.15965247,-0.7455547,0.08905861,-0.9553131,-0.2818606
1356334132795,-0.69425976,-0.29277527,0.6574846,-0.71046436,0.13271368,-0.69110596,0.11508155,-0.9469265,-0.3001442
1356334132838,-0.5819217,-0.30419105,0.7542114,-0.8034199,0.07131362,-0.5911267,0.12602991,-0.94993794,-0.28589213
1356334132877,-0.426255,-0.27704906,0.86113334,-0.896042,-0.0013452768,-0.44396728,0.12415913,-0.9608548,-0.24767423
1356334132919,-0.25079,-0.21419337,0.94404745,-0.96139276,-0.05899185,-0.26878238,0.113262534,-0.97500825,-0.19112939
1356334132957,-0.10694152,-0.1393052,0.984458,-0.98921835,-0.08473021,-0.119448274,0.10005301,-0.9866179,-0.1287421
1356334133000,0.0046541095,-0.061982483,0.9980664,-0.9961271,-0.087920666,-8.150637E-4,0.08780125,-0.99419725,-0.06215161
1356334133038,0.0649218,0.0030623972,0.9978857,-0.9947367,-0.07924175,0.06496009,0.079273105,-0.9968507,-0.0020982623
1356334133075,0.09385216,0.056233644,0.99399674,-0.992684,-0.07089114,0.0977388,0.0759618,-0.9958977,0.049168974
1356334133119,0.08683354,0.0952515,0.9916587,-0.9931391,-0.06998414,0.09368533,0.07832405,-0.9929901,0.08852103
1356334133157,0.042548478,0.11847973,0.99204445,-0.9953501,-0.08085734,0.052347034,0.086416095,-0.98965883,0.11448845
1356334133198,-0.044356942,0.1241332,0.99127364,-0.9942175,-0.102618456,-0.031638175,0.097795635,-0.98694503,0.12796724
1356334133239,-0.17845726,0.10846084,0.9779515,-0.9779423,-0.1291939,-0.1641272,0.10854402,-0.98566985,0.12912408
1356334133278,-0.34770238,0.075413406,0.9345672,-0.9307243,-0.14829606,-0.33430606,0.113381475,-0.9860634,0.121751964
1356334133375,-0.50816834,0.03729236,0.86045015,-0.8542919,-0.14863497,-0.49808943,0.10931805,-0.98818874,0.107390106
1356334133376,-0.6235992,0.009290218,0.78168905,-0.77595484,-0.12882423,-0.6174936,0.09496385,-0.9916239,0.08754349
1356334133390,-0.6833877,-0.0026842356,0.7300507,-0.7259307,-0.10365319,-0.6799122,0.077497154,-0.99460983,0.06888682
1356334133435,-0.70051664,-0.0026870668,0.71363103,-0.71145165,-0.07555336,-0.6986618,0.055794597,-0.99713814,0.05101466
1356334133477,-0.6739476,0.0038013458,0.73876953,-0.7380577,-0.047650754,-0.67305297,0.03264442,-0.99885684,0.03491968
1356334133519,-0.611774,0.010317624,0.7909652,-0.79099435,-0.01780498,-0.6115643,0.0077732503,-0.99978817,0.019053876
1356334133556,-0.5122607,0.009237677,0.8587804,-0.8586986,0.011987388,-0.5123408,-0.015027404,-0.99988556,0.001791656
1356334133598,-0.42082638,-0.009391785,0.9070926,-0.9066074,0.038652718,-0.4202011,-0.031115115,-0.99920857,-0.02478075
1356334133638,-0.34857053,-0.052185923,0.9358287,-0.9367404,0.053350925,-0.34593505,-0.03187439,-0.9972113,-0.06748122
1356334133681,-0.30983382,-0.11969575,0.94322634,-0.9507493,0.04826343,-0.30618033,-0.008874893,-0.99163675,-0.12875432
1356334133719,-0.27587605,-0.19256517,0.9417064,-0.9607514,0.025544882,-0.27623183,0.029136837,-0.9809516,-0.19205451
1356334133759,-0.22660846,-0.2477445,0.94195074,-0.97165173,-0.009412646,-0.23622933,0.06739074,-0.9687797,-0.2385884
1356334133797,-0.14737037,-0.26663768,0.95246327,-0.9846703,-0.051294476,-0.1667133,0.09330818,-0.9624309,-0.25499094
1356334133837,-0.05141908,-0.25164443,0.96645284,-0.9932613,-0.08776075,-0.0756965,0.103865266,-0.9638325,-0.24543607
1356334133879,0.049717456,-0.20595443,0.9772978,-0.99377334,-0.10789189,0.02781862,0.09971312,-0.9725955,-0.21003616
1356334133917,0.13233674,-0.14944416,0.9798742,-0.9872088,-0.10855007,0.116771966,0.08891457,-0.9827937,-0.16189775
1356334133956,0.19705099,-0.08755505,0.9764757,-0.9774513,-0.09464663,0.18876147,0.075893134,-0.9916532,-0.10423097
1356334133997,0.24196053,-0.026636392,0.96992046,-0.9681355,-0.0731467,0.23950645,0.06456691,-0.9969654,-0.043486238
1356334134031,0.26633027,0.025989056,0.9635314,-0.96222067,-0.051493913,0.26735684,0.05656445,-0.998335,0.011292875
1356334134068,0.2791159,0.071260035,0.9576097,-0.9588029,-0.03418681,0.28200766,0.052833498,-0.9968717,0.05878228
1356334134120,0.2794568,0.10822123,0.9540398,-0.95861787,-0.024812818,0.2836124,0.054365367,-0.9938171,0.09680873
