1356333955118,-0.47272086,0.1096102,-0.87436867,0.78712195,-0.3935941,-0.47489226,-0.39619938,-0.9127263,0.0997836
1356333955145,-0.23404533,-0.004686177,-0.9722144,0.88783693,-0.40853614,-0.21176359,-0.39619237,-0.9127301,0.09977651
1356333955180,-0.23414278,-0.0045678318,-0.97219145,0.88785315,-0.40842402,-0.21191174,-0.39609838,-0.9127808,0.0996851
1356333955211,-0.23455799,-0.004188478,-0.9720931,0.88785213,-0.40813464,-0.21247289,-0.39585495,-0.91291213,0.09945002
1356333955240,-0.2355597,-0.0033520162,-0.9718541,0.88780904,-0.4075439,-0.21378306,-0.39535657,-0.9131795,0.09897685
1356333955275,-0.23762512,-0.0017962158,-0.97135526,0.88763607,-0.40654176,-0.21639296,-0.39450783,-0.91363037,0.09819895
1356333955304,-0.24140817,7.4106455E-4,-0.9704234,0.88713557,-0.40515465,-0.2209984,-0.39333528,-0.9142479,0.09715018
1356333955334,-0.24742025,0.0045313835,-0.9688977,0.886143,-0.40334493,-0.22817418,-0.3918339,-0.9150368,0.09578022
1356333955373,-0.25668126,0.010338485,-0.96644086,0.88442385,-0.40073085,-0.23918477,-0.38975543,-0.9161376,0.09371644
1356333955404,-0.2585767,0.012915075,-0.96590436,0.88480026,-0.39808738,-0.24218765,-0.38764217,-0.9172566,0.091508925
1356333955436,-0.2857991,0.026869863,-0.95791274,0.8773118,-0.39482844,-0.27282643,-0.3855421,-0.9183618,0.089268416
1356333955463,-0.3087954,0.03870642,-0.95034057,0.87040067,-0.39133817,-0.29875928,-0.38346845,-0.9194326,0.087153316
1356333955493,-0.32874382,0.04880759,-0.9431571,0.86396813,-0.38779283,-0.32120988,-0.38142702,-0.9204534,0.08531627
1356333955524,-0.34624118,0.057379633,-0.93638915,0.8580117,-0.38427347,-0.3408075,-0.37938493,-0.92143446,0.08381891
1356333955564,-0.36177152,0.064656615,-0.93002194,0.85255414,-0.3806758,-0.35810238,-0.37719053,-0.92244536,0.082594454
1356333955595,-0.37641168,0.07136789,-0.9236995,0.8470979,-0.3772183,-0.3743413,-0.37515235,-0.9233704,0.08153385
1356333955634,-0.3890044,0.077180326,-0.9179972,0.8422409,-0.3739279,-0.38834032,-0.37323695,-0.9242408,0.080455154
1356333955665,-0.39992434,0.08231205,-0.91284454,0.8378215,-0.37100774,-0.4005102,-0.37163922,-0.92497456,0.07941222
1356333955704,-0.40883565,0.08678949,-0.9084718,0.83406734,-0.3684796,-0.41055387,-0.37038508,-0.9255757,0.07825932
1356333955735,-0.41558057,0.090453714,-0.9050474,0.8311436,-0.36640728,-0.4182654,-0.3694497,-0.9260474,0.07709175
1356333955774,-0.4206714,0.09376073,-0.9023549,0.82887876,-0.36459368,-0.4243011,-0.36877567,-0.9264342,0.075657845
1356333955805,-0.42359167,0.096227586,-0.9007277,0.82764983,-0.3630467,-0.42801023,-0.3681926,-0.9267887,0.07414082
1356333955844,-0.42516547,0.09814587,-0.89977866,0.8271768,-0.3614338,-0.43028387,-0.367441,-0.92721784,0.07248518
1356333955874,-0.4246689,0.098653525,-0.89995766,0.82783604,-0.36012477,-0.43011338,-0.36652926,-0.92767316,0.07126492
1356333955904,-0.42288446,0.09772965,-0.90089816,0.82926035,-0.35911018,-0.42821383,-0.36537093,-0.9281641,0.07081887
1356333955934,-0.41996604,0.09536955,-0.90251493,0.83135545,-0.35840654,-0.4247267,-0.3639733,-0.9286815,0.07123262
1356333955964,-0.41627026,0.0919489,-0.9045797,0.8338938,-0.3579328,-0.4201252,-0.36240882,-0.92920905,0.07232118
1356333955994,-0.41212457,0.087853014,-0.90688205,0.8366682,-0.35760123,-0.41485864,-0.36074874,-0.92973286,0.07387245
1356333956024,-0.40770555,0.08332485,-0.90930367,0.839543,-0.3574083,-0.4091783,-0.35908744,-0.9302238,0.07576254
1356333956054,-0.40308857,0.07853201,-0.91178524,0.84242654,-0.35740703,-0.40320942,-0.35754323,-0.9306412,0.07790917
1356333956084,-0.3983804,0.073746145,-0.9142508,0.845212,-0.3576219,-0.3971439,-0.3562439,-0.9309501,0.080138445
1356333956115,-0.3937747,0.069349706,-0.91658723,0.8477626,-0.35803103,-0.39129582,-0.3553029,-0.93113077,0.08219144
1356333956144,-0.38948804,0.06566307,-0.9186878,0.84994876,-0.3586198,-0.3859777,-0.35480416,-0.93117136,0.08386794
1356333956174,-0.38564575,0.06281471,-0.9205062,0.8517164,-0.35937625,-0.38134995,-0.3547625,-0.9310763,0.08509165
1356333956204,-0.38223875,0.060758173,-0.922064,0.85310584,-0.3602587,-0.37739113,-0.35511118,-0.9308717,0.0858717
1356333956234,-0.37910646,0.059377104,-0.92344606,0.8542373,-0.36119717,-0.37391868,-0.35574833,-0.93059707,0.08621004
1356333956264,-0.3759277,0.058525205,-0.9247991,0.8552986,-0.36211318,-0.37059203,-0.35657087,-0.9302951,0.08607179
1356333956294,-0.37232834,0.058068454,-0.92628276,0.8564776,-0.36296022,-0.3670233,-0.3575162,-0.92999357,0.085405976
1356333956324,-0.36787987,0.05780059,-0.9280751,0.8579587,-0.36376524,-0.3627418,-0.35856822,-0.9296955,0.084231496
1356333956354,-0.36231506,0.057546467,-0.9302775,0.8598232,-0.36461973,-0.35743037,-0.35976642,-0.9293766,0.082627445
1356333956384,-0.3553875,0.05705145,-0.93297625,0.8621415,-0.36561906,-0.3507629,-0.36112544,-0.9290144,0.08075005
1356333956414,-0.3470719,0.056130677,-0.9361572,0.8648963,-0.36680818,-0.34264585,-0.3626231,-0.9286016,0.07876161
1356333956444,-0.3373779,0.05462101,-0.93978333,0.86805046,-0.3682139,-0.333027,-0.36423156,-0.9281353,0.07681346
1356333956473,-0.3265192,0.05251339,-0.9437307,0.8714731,-0.36984736,-0.32209888,-0.36595082,-0.9276073,0.07499826
1356333956504,-0.31479043,0.049878657,-0.94784975,0.87502104,-0.3716693,-0.3101616,-0.36775705,-0.92702436,0.07335299
1356333956534,-0.30262,0.04688105,-0.9519576,0.87853134,-0.37359244,-0.29767662,-0.36959955,-0.9264075,0.07187009
1356333956563,-0.29046494,0.04371965,-0.9558863,0.8818627,-0.37551266,-0.28514636,-0.3714139,-0.92578554,0.07051849
1356333956593,-0.2788393,0.040638655,-0.95947754,0.8848777,-0.37733966,-0.2731416,-0.37314904,-0.9251828,0.06925687
1356333956624,-0.268152,0.03782621,-0.9626337,0.8874986,-0.37900114,-0.262115,-0.3747541,-0.9246228,0.068059176
1356333956654,-0.25872684,0.035428286,-0.9653007,0.8896859,-0.3804493,-0.25242317,-0.37619078,-0.92412305,0.06691229
1356333956684,-0.25074393,0.03352517,-0.9674728,0.8914441,-0.3816573,-0.24426457,-0.37743202,-0.9236957,0.06581244
1356333956714,-0.244273,0.032146275,-0.9691735,0.8927988,-0.38262522,-0.23771459,-0.3784719,-0.9233442,0.06476492
1356333956744,-0.23922247,0.031194985,-0.9704636,0.8938148,-0.38336474,-0.23265132,-0.3792991,-0.9230701,0.06382692
1356333956774,-0.23531294,0.030390263,-0.9714445,0.8946331,-0.38382477,-0.22871429,-0.3798151,-0.92290574,0.063130796
1356333956804,-0.23211646,0.029273182,-0.97224736,0.89548814,-0.3838222,-0.22534725,-0.37976682,-0.92294276,0.062877774
1356333956833,-0.22915143,0.027339816,-0.9730067,0.89666903,-0.38305193,-0.22193635,-0.3787798,-0.9233221,0.063262135
1356333956864,-0.22614652,0.02436316,-0.9737886,0.89839685,-0.38116038,-0.21817422,-0.376485,-0.9241879,0.06431022
1356333956894,-0.22329253,0.020740658,-0.9745308,0.90069747,-0.37784845,-0.21441686,-0.3726721,-0.9256351,0.06568968
1356333956925,-0.22111571,0.017379552,-0.9750927,0.90348244,-0.3727976,-0.2115216,-0.3671884,-0.9277499,0.06672931
1356333956966,-0.22128439,0.01671496,-0.9750661,0.9068792,-0.36414856,-0.21205217,-0.3586133,-0.9311909,0.06542188
1356333956997,-0.22493494,0.020623654,-0.9741555,0.9094752,-0.35432726,-0.21750152,-0.34965557,-0.93489397,0.0609439
1356333957034,-0.2348007,0.03351447,-0.9714656,0.9105543,-0.34222817,-0.23188508,-0.3402344,-0.93901896,0.049838692
1356333957065,-0.24593544,0.05038938,-0.9679756,0.9108515,-0.32948583,-0.24857363,-0.33145967,-0.94281495,0.03513497
1356333957094,-0.25826883,0.07094616,-0.9634645,0.9104904,-0.31552595,-0.2673026,-0.32296214,-0.94626105,0.016894668
1356333957125,-0.27000493,0.09354758,-0.9583038,0.9101473,-0.29999208,-0.28572124,-0.31421208,-0.94934374,-0.0041427016
1356333957154,-0.27983582,0.11674684,-0.95292294,0.91046554,-0.2825868,-0.30198875,-0.30453968,-0.95211077,-0.027216077
1356333957184,-0.28714132,0.13962421,-0.9476576,0.9119253,-0.262932,-0.3150538,-0.29315865,-0.9546579,-0.051828206
1356333957214,-0.29177856,0.16160849,-0.94273436,0.9147626,-0.2407816,-0.32439733,-0.2794185,-0.9570303,-0.077578485
1356333957244,-0.2945854,0.1829387,-0.9379514,0.9187921,-0.2156514,-0.33062884,-0.26275533,-0.95918083,-0.10455483
1356333957274,-0.29677755,0.20413485,-0.9328731,0.9235003,-0.18727577,-0.33477613,-0.24304396,-0.9608625,-0.1329394
1356333957304,-0.3003083,0.22602871,-0.92667466,0.928092,-0.1549744,-0.33856794,-0.22013694,-0.961714,-0.1632353
1356333957334,-0.30683535,0.24885765,-0.91865224,0.93171525,-0.11852354,-0.34330586,-0.19431621,-0.9612607,-0.19549727
1356333957364,-0.3175425,0.27210295,-0.9083649,0.93353,-0.07839459,-0.3498229,-0.16639876,-0.9590695,-0.22912264
1356333957394,-0.33242524,0.2942482,-0.8960533,0.932966,-0.036508977,-0.35810828,-0.13808665,-0.9550315,-0.2623871
1356333957424,-0.35021853,0.31325856,-0.88273215,0.92997336,0.0038154125,-0.3676072,-0.111788094,-0.9496602,-0.29265833
1356333957454,-0.36874205,0.32717323,-0.87005,0.9250854,0.037725806,-0.37788057,-0.09080911,-0.944211,-0.31657428
1356333957484,-0.3858423,0.33495897,-0.85960937,0.9192144,0.06024453,-0.38912138,-0.07855293,-0.94030476,-0.33114403
1356333957514,-0.40000483,0.33654618,-0.85248625,0.91329587,0.068501264,-0.40149495,-0.076725215,-0.939172,-0.3347671
1356333957550,-0.40813082,0.33087787,-0.8508519,0.90883017,0.059100747,-0.41295853,-0.086352915,-0.9418211,-0.32483262
1356333957584,-0.40608072,0.3153175,-0.857714,0.9076301,0.029956043,-0.41870067,-0.10632992,-0.94851327,-0.29835624
1356333957614,-0.39905882,0.29370525,-0.86861336,0.90791714,-0.005892694,-0.4191083,-0.12821278,-0.9558779,-0.2643085
1356333957644,-0.3821162,0.26505184,-0.8852879,0.91185844,-0.047358513,-0.4077638,-0.15000448,-0.9630704,-0.22359335
1356333957674,-0.3547905,0.22876742,-0.90652585,0.9193835,-0.09080547,-0.38273796,-0.16987547,-0.96923673,-0.1781081
1356333957704,-0.3175447,0.18474996,-0.9300714,0.9297472,-0.13211882,-0.34367818,-0.18637449,-0.9738645,-0.12981713
1356333957734,-0.27268225,0.13417122,-0.9527027,0.94137764,-0.16722476,-0.29299143,-0.19862646,-0.9767467,-0.08070654
1356333957764,-0.22484207,0.080135494,-0.97109437,0.9522517,-0.19318795,-0.2364214,-0.20654953,-0.97788376,-0.03287232
1356333957794,-0.1793704,0.026684135,-0.98341966,0.96094346,-0.20938927,-0.18095249,-0.21074608,-0.9774682,0.01191631
1356333957824,-0.14104867,-0.022289187,-0.9897518,0.9669858,-0.21742576,-0.13290784,-0.21223512,-0.9758223,0.05222091
1356333957854,-0.112900555,-0.06407252,-0.9915383,0.97069883,-0.2201587,-0.09630126,-0.21212557,-0.9733575,0.08705121
1356333957884,-0.09630442,-0.09722057,-0.9905926,0.9726558,-0.2205078,-0.07291913,-0.21134412,-0.970528,0.11579794
1356333957914,-0.09171671,-0.12109202,-0.988395,0.9733035,-0.22062415,-0.06328684,-0.21040031,-0.96781284,0.13809422
1356333957944,-0.09883076,-0.13558587,-0.985824,0.9728646,-0.2214387,-0.06707588,-0.20920503,-0.96570253,0.15379167
1356333957974,-0.11672062,-0.14116961,-0.9830806,0.9712959,-0.22280252,-0.083327115,-0.20726958,-0.9645881,0.16312307
1356333958006,-0.14370525,-0.13869736,-0.9798529,0.9683448,-0.2239129,-0.11032286,-0.20410025,-0.9646896,0.16648442
1356333958035,-0.17711216,-0.12991506,-0.9755784,0.9636975,-0.22412115,-0.14510965,-0.19979584,-0.9658632,0.16489342
1356333958074,-0.21792793,-0.11255756,-0.96945256,0.9564327,-0.22236502,-0.18918362,-0.1942783,-0.96844447,0.15611324
1356333958104,-0.26037884,-0.09296128,-0.9610208,0.9465426,-0.22088438,-0.2350896,-0.19042027,-0.9708596,0.14550549
1356333958134,-0.2987972,-0.07203102,-0.95159435,0.93527687,-0.22029322,-0.2769985,-0.18967727,-0.97277045,0.13319191
1356333958164,-0.33264512,-0.049606472,-0.9417464,0.92312336,-0.22133845,-0.31440806,-0.19284803,-0.97393453,0.11942008
1356333958194,-0.3613463,-0.025788695,-0.932075,0.9107163,-0.22423822,-0.34686172,-0.20006177,-0.9741931,0.10451388
1356333958224,-0.38427866,-0.0010327101,-0.9232166,0.89881396,-0.22881883,-0.37386546,-0.21086326,-0.9734684,0.088858426
1356333958254,-0.40099066,0.024037302,-0.9157667,0.88817626,-0.2346564,-0.39506882,-0.2243869,-0.9717812,0.07274568
1356333958284,-0.41139114,0.04883066,-0.9101498,0.8794,-0.24124348,-0.41043514,-0.2396096,-0.96923524,0.05630386
1356333958314,-0.41570646,0.07281113,-0.9065797,0.8728733,-0.24808282,-0.42017514,-0.25550026,-0.9659987,0.039574742
1356333958344,-0.41456568,0.09567785,-0.9049758,0.86868954,-0.25468498,-0.42486948,-0.2711343,-0.96227926,0.022469223
1356333958374,-0.4088297,0.11739385,-0.9050288,0.8667606,-0.26043314,-0.42532426,-0.2856299,-0.9583284,0.00472039
1356333958404,-0.4001388,0.13858655,-0.9059155,0.8666054,-0.264354,-0.42321643,-0.29813448,-0.9544164,-0.014321625
1356333958434,-0.39130265,0.1607787,-0.9061084,0.8673255,-0.2646991,-0.42152208,-0.30761787,-0.9508336,-0.035870016
1356333958464,-0.38660175,0.1862669,-0.9032407,0.86764884,-0.2585197,-0.42468,-0.31260931,-0.94787776,-0.061670065
1356333958494,-0.3921016,0.21771547,-0.8937876,0.86578643,-0.24104476,-0.43853307,-0.31091824,-0.9457787,-0.09398109
1356333958524,-0.41236258,0.25510445,-0.8745735,0.86002946,-0.207658,-0.46607682,-0.30051047,-0.94435155,-0.13376695
1356333958584,-0.44730633,0.29432663,-0.8445643,0.8494475,-0.15573889,-0.50416696,-0.2799213,-0.9429301,-0.18035209
1356333958594,-0.49213195,0.32920212,-0.8058736,0.83596665,-0.07951099,-0.54298973,-0.24282914,-0.9409059,-0.23607212
1356333958651,-0.53118366,0.34588337,-0.7734395,0.8234751,-0.004005313,-0.56733835,-0.19933069,-0.938269,-0.2826988
1356333958686,-0.5628148,0.34380832,-0.75168836,0.8092092,0.043704867,-0.5858928,-0.16858241,-0.93802226,-0.3028106
1356333958722,-0.5724833,0.3259131,-0.7523587,0.8053608,0.051386535,-0.5905535,-0.15380803,-0.94400215,-0.29189557
1356333958754,-0.5743687,0.30203605,-0.7608382,0.8050035,0.039729178,-0.59193826,-0.14855921,-0.9524683,-0.26595932
1356333958789,-0.54030937,0.26390713,-0.7990111,0.8271021,-0.0081368685,-0.5619927,-0.15481535,-0.9645137,-0.21388179
1356333958830,-0.47190917,0.20933625,-0.85643446,0.8656943,-0.07393378,-0.49508294,-0.1669583,-0.9750446,-0.14633113
1356333958875,-0.36612666,0.13646981,-0.9205038,0.913113,-0.13799,-0.38364482,-0.1793763,-0.9809866,-0.07409048
1356333958904,-0.25694597,0.059477,-0.9645939,0.9479017,-0.17897415,-0.26353508,-0.1883116,-0.9820544,-0.010391712
1356333958945,-0.12892056,-0.025276333,-0.99133277,0.9728596,-0.19693339,-0.121496886,-0.19215551,-0.980091,0.04997906
1356333959021,-0.05582881,-0.09313804,-0.99408674,0.9799755,-0.19570643,-0.03670019,-0.19113103,-0.9762296,0.10219914
1356333959057,-0.06950307,-0.13038623,-0.9890242,0.9798305,-0.1951201,-0.043133616,-0.18735439,-0.9720739,0.14131773
1356333959078,-0.138057,-0.14260894,-0.98010355,0.97359306,-0.20120102,-0.10786441,-0.18181545,-0.96911347,0.16662031
1356333959112,-0.24052781,-0.13294879,-0.96149415,0.9546437,-0.21151072,-0.20956787,-0.1755045,-0.96829116,0.17779288
1356333959154,-0.35719126,-0.105499,-0.9280541,0.9182172,-0.22172481,-0.32820007,-0.17114782,-0.9693854,0.17606911
1356333959195,-0.4688534,-0.06515548,-0.8808695,0.8662982,-0.22851229,-0.4441953,-0.17234775,-0.9713583,0.16358286
1356333959235,-0.5641397,-0.016324043,-0.8255179,0.8054954,-0.23059398,-0.545897,-0.18144822,-0.972913,0.14323622
1356333959274,-0.638002,0.036714166,-0.7691591,0.7440933,-0.22768915,-0.6280787,-0.19818851,-0.97304153,0.11794728
1356333959314,-0.6893119,0.08889294,-0.7189902,0.6902652,-0.2207377,-0.68906367,-0.21996114,-0.9712738,0.090797484
1356333959344,-0.7169726,0.13124105,-0.68463576,0.6542007,-0.2125405,-0.7258429,-0.24077323,-0.9682986,0.066527724
1356333959384,-0.73662496,0.17222373,-0.65400505,0.6231087,-0.20309216,-0.75530726,-0.26290515,-0.9638944,0.04228872
1356333959424,-0.74449766,0.20831129,-0.63429445,0.6043483,-0.19344556,-0.77287894,-0.28370094,-0.95874137,0.018127322
1356333959465,-0.74449545,0.23957711,-0.62316066,0.5960351,-0.18200165,-0.7820598,-0.30077994,-0.9536656,-0.00729692
1356333959505,-0.73965836,0.26662624,-0.61791253,0.5968902,-0.1641928,-0.78534245,-0.31084973,-0.9497111,-0.037699938
1356333959545,-0.7311646,0.28894234,-0.6179892,0.60867584,-0.13278353,-0.782229,-0.30807787,-0.94809324,-0.07878554
1356333959595,-0.7172381,0.30394584,-0.6270458,0.6398316,-0.06917781,-0.76539534,-0.2760164,-0.9501744,-0.14485717
1356333959635,-0.6980961,0.31344727,-0.6437488,0.67937386,0.0060824156,-0.7337671,-0.22608171,-0.9495861,-0.21719402
1356333959675,-0.6771867,0.31824976,-0.6634269,0.7154632,0.07422447,-0.6946964,-0.17184447,-0.94509673,-0.27795982
1356333959720,-0.6535461,0.31734824,-0.6871445,0.7456722,0.11425853,-0.65644336,-0.12980905,-0.9414005,-0.311311
1356333959765,-0.62953967,0.3108038,-0.7120961,0.7695693,0.123247564,-0.6265567,-0.10697207,-0.9424495,-0.31677425
1356333959796,-0.5944028,0.2964076,-0.74754786,0.7976241,0.098962605,-0.5949809,-0.102377504,-0.9499205,-0.29524547
1356333959835,-0.54399407,0.2722803,-0.79368377,0.83194923,0.05189073,-0.55241984,-0.10922822,-0.96081775,-0.25475168
1356333959895,-0.4616512,0.23376489,-0.85570574,0.8786452,-0.012065113,-0.4773229,-0.121905476,-0.9722183,-0.19982654
1356333959950,-0.3290872,0.17322195,-0.9282757,0.93454874,-0.08115983,-0.346456,-0.13535249,-0.9815331,-0.13517565
1356333959960,-0.15401125,0.08987743,-0.9839729,0.9772087,-0.13339132,-0.16513664,-0.14609551,-0.98697966,-0.06728524
1356333960085,-0.008179307,0.0069417357,-0.9999424,0.9881552,-0.15318519,-0.009146303,-0.15323982,-0.9881731,-0.0056065917
1356333960421,0.07408905,-0.058160663,-0.9955542,0.9847348,-0.15340501,0.08224589,-0.15750647,-0.9864504,0.04590717
1356333960436,0.099048674,-0.102995366,-0.989738,0.98240185,-0.14816016,0.11373252,-0.15835366,-0.98358554,0.0865078
1356333960437,0.05852574,-0.12682405,-0.9901972,0.9858397,-0.14879805,0.07732615,-0.15714622,-0.9807012,0.11631963
1356333960469,-0.007901907,-0.13615301,-0.99065626,0.98799074,-0.15394145,0.013276577,-0.15431073,-0.9786543,0.13573438
1356333960481,-0.10152775,-0.1271266,-0.9866768,0.98338044,-0.16288227,-0.08020231,-0.1505163,-0.97842133,0.14155087
1356333960493,-0.1987853,-0.10593942,-0.9743004,0.96843374,-0.17379832,-0.17869064,-0.15040138,-0.9790664,0.13714382
1356333960495,-0.28096455,-0.07571939,-0.9567265,0.9465549,-0.18640476,-0.26322457,-0.15840715,-0.97955084,0.1240457
1356333960502,-0.3389954,-0.038704723,-0.9399915,0.9241049,-0.20102859,-0.32498863,-0.17638656,-0.97882044,0.103915036
1356333960526,-0.3643784,8.1318617E-4,-0.9312507,0.9088186,-0.21785617,-0.3557914,-0.20316803,-0.9759806,0.078643024
1356333960716,-0.32384342,0.022522002,-0.9458426,0.91796744,-0.23454201,-0.31988412,-0.22904429,-0.9718451,0.055280387
1356333960722,-0.24743974,0.031564295,-0.96838903,0.9351965,-0.25355148,-0.24722296,-0.2533399,-0.9668068,0.033219904
1356333960724,-0.12086767,0.023332745,-0.9923944,0.953725,-0.27454466,-0.12261292,-0.2753175,-0.9612912,0.010930538
1356333960725,0.056583285,-9.461343E-4,-0.99839747,0.9542874,-0.29390526,0.05436191,-0.29348567,-0.95583403,-0.015727282
1356333960727,0.27110055,-0.03546968,-0.9618973,0.913275,-0.30616376,0.26868656,-0.30402833,-0.9513179,-0.050607577
1356333960728,0.4181382,-0.033463508,-0.9077668,0.85805833,-0.31345272,0.40679637,-0.2981548,-0.94901407,-0.10235292
1356333960729,0.45400077,0.033934116,-0.8903549,0.8497675,-0.31696236,0.4212246,-0.26791504,-0.9478309,-0.17273727
1356333960730,0.41736522,0.13719693,-0.89832246,0.8818164,-0.29998395,0.3638812,-0.21955895,-0.9440268,-0.24618539
1356333960731,0.3739467,0.22528952,-0.8996713,0.913166,-0.25903204,0.31469068,-0.1621472,-0.93922675,-0.3025909
1356333960751,0.3892227,0.26306933,-0.88277984,0.9132164,-0.23566058,0.33241522,-0.12058815,-0.9355526,-0.3319637
1356333960797,0.5041871,0.22971627,-0.83248174,0.8574208,-0.24821363,0.45079887,-0.10307747,-0.94107413,-0.3221096
1356333960835,0.64011294,0.15857118,-0.75173837,0.761444,-0.26118666,0.5932828,-0.10226649,-0.95217466,-0.28793204
1356333960875,0.765906,0.064206004,-0.63973874,0.6329081,-0.25047997,0.7325893,-0.113205075,-0.96599036,-0.23248062
1356333960935,0.84732276,-0.022674292,-0.53059405,0.5151583,-0.20769906,0.83154863,-0.12905866,-0.97793,-0.1643073
1356333960958,0.8893291,-0.08992757,-0.44833785,0.43362576,-0.14533025,0.88929623,-0.14512932,-0.98528785,-0.090251505
1356333960994,0.9043537,-0.1365358,-0.40435416,0.39637002,-0.08255235,0.91437185,-0.15822488,-0.98718953,-0.020537823
1356333961024,0.9047583,-0.16944167,-0.39077115,0.3914723,-0.030666314,0.9196788,-0.16781539,-0.9850631,0.03858611
1356333961064,0.8974142,-0.19363391,-0.3964261,0.4057775,0.0095433295,0.9139221,-0.17318305,-0.9810275,0.0871366
1356333961095,0.87683254,-0.21146706,-0.4317944,0.44784793,0.03249234,0.8935192,-0.17491986,-0.97684497,0.12319541
1356333961125,0.84654975,-0.22297615,-0.48335832,0.5035169,0.040830165,0.8630201,-0.1726973,-0.97396845,0.14683703
1356333961167,0.7980151,-0.222552,-0.5600379,0.5799224,0.030856252,0.8140872,-0.16389607,-0.9744324,0.15368664
1356333961218,0.7199625,-0.21585767,-0.6595905,0.6764765,0.005970821,0.7364401,-0.1550279,-0.97640663,0.15032136
1356333961245,0.62231845,-0.20323816,-0.75591934,0.76802206,-0.028002143,0.6398109,-0.15120134,-0.9787289,0.13866514
1356333961284,0.51402724,-0.18580583,-0.837408,0.84357893,-0.06736782,0.53276277,-0.1554048,-0.9802743,0.12211299
1356333961325,0.4117118,-0.16503102,-0.8962467,0.8958724,-0.10698283,0.43123925,-0.16705084,-0.980469,0.10380067
1356333961365,0.33205608,-0.1446029,-0.9321099,0.9251853,-0.14259079,0.35171017,-0.18376857,-0.97916186,0.086436346
1356333961432,0.2865144,-0.12900081,-0.9493515,0.9361894,-0.17289245,0.30603525,-0.20361453,-0.9764563,0.07123305
1356333961448,0.28022242,-0.12156102,-0.9522071,0.93328166,-0.19762576,0.29988232,-0.22463465,-0.9727112,0.058071494
1356333961470,0.31062213,-0.12323359,-0.9425112,0.91865647,-0.21571377,0.33096492,-0.2440987,-0.968649,0.046203896
1356333961506,0.35581452,-0.12877151,-0.9256425,0.8971218,-0.23045665,0.37691143,-0.26185587,-0.9645246,0.033523902
1356333961542,0.40763986,-0.13169941,-0.9035956,0.87033844,-0.24337935,0.42810914,-0.27629822,-0.96094835,0.015411943
1356333961580,0.44788936,-0.11524838,-0.8866301,0.8486339,-0.2573686,0.46214923,-0.28145272,-0.95941603,-0.01746896
1356333961620,0.45465663,-0.061006367,-0.888575,0.8490506,-0.2717071,0.4530876,-0.2690733,-0.96044445,-0.07173595
1356333961654,0.4086727,0.03485149,-0.9120153,0.8815399,-0.273876,0.38455093,-0.23637697,-0.96113336,-0.14264862
1356333961696,0.3326714,0.13707182,-0.93302786,0.9227874,-0.2512722,0.29210556,-0.19440457,-0.9581616,-0.2100792
1356333961737,0.27615952,0.20412949,-0.9391843,0.94809604,-0.2181338,0.23136905,-0.15763855,-0.95433164,-0.25377408
1356333961787,0.29218024,0.2091595,-0.93321115,0.9462527,-0.20473856,0.25037563,-0.1386959,-0.95620835,-0.25773826
1356333961827,0.34842953,0.17732388,-0.92040926,0.9277424,-0.20536336,0.3116408,-0.13375694,-0.9624875,-0.2360656
1356333961869,0.45029184,0.10995445,-0.88608533,0.8820542,-0.20885625,0.4223263,-0.13862783,-0.9717454,-0.19103202
1356333961907,0.55037653,0.03403157,-0.8342227,0.8220058,-0.19712064,0.53427505,-0.14626032,-0.9797884,-0.13646472
1356333961944,0.6351025,-0.03942278,-0.7714212,0.7569636,-0.16707258,0.6317379,-0.15378824,-0.9851561,-0.07626659
1356333961985,0.69066375,-0.09945655,-0.7163044,0.70538396,-0.12571126,0.69758886,-0.15942731,-0.98706895,-0.016669162
1356333962025,0.7164786,-0.14326757,-0.6827392,0.6785323,-0.08418891,0.7297303,-0.16202569,-0.9860968,0.03689208
1356333962065,0.71394384,-0.17136529,-0.67890954,0.68162036,-0.051801994,0.72986996,-0.1602433,-0.98384476,0.07982237
1356333962106,0.68318796,-0.18468642,-0.706502,0.71410733,-0.033288643,0.69924426,-0.15265948,-0.9822335,0.10914355
1356333962144,0.6246356,-0.18682885,-0.7582384,0.76789963,-0.029593438,0.6398864,-0.14198804,-0.9819467,0.12498065
1356333962184,0.5464189,-0.18008164,-0.81792235,0.82696104,-0.038520426,0.56093824,-0.13252139,-0.98289716,0.12787218
1356333962222,0.45865348,-0.16883355,-0.8724289,0.8791829,-0.056450933,0.4731286,-0.12912944,-0.9840267,0.122544184
1356333962254,0.37654966,-0.15471455,-0.9133858,0.9167582,-0.079621255,0.39142656,-0.13328439,-0.9847455,0.11185454
1356333962294,0.30658877,-0.13740203,-0.9418726,0.9403173,-0.10979599,0.32209972,-0.14767101,-0.98441124,0.09553929
1356333962334,0.2600609,-0.120602995,-0.95803094,0.9507867,-0.14109528,0.27585647,-0.16844276,-0.9826225,0.07797435
1356333962364,0.24558306,-0.10928437,-0.9631956,0.95079434,-0.16645837,0.26130757,-0.18888885,-0.9799737,0.06302765
1356333962404,0.25242805,-0.10355008,-0.96205896,0.94408214,-0.19158918,0.26833272,-0.21210593,-0.97599745,0.04939729
1356333962435,0.29549122,-0.1076439,-0.94926167,0.92635936,-0.21062052,0.31224594,-0.23354527,-0.9716233,0.03748037
1356333962476,0.34809303,-0.11498591,-0.9303813,0.90210843,-0.22888511,0.36580288,-0.25501272,-0.9666383,0.024056494
1356333962515,0.42093712,-0.124346405,-0.89852655,0.8648701,-0.2436685,0.43889102,-0.27351716,-0.9618542,0.00497438
1356333962555,0.47997266,-0.11527237,-0.8696773,0.8303442,-0.2602288,0.49275714,-0.28311634,-0.95864135,-0.029186994
1356333962606,0.4828803,-0.043622613,-0.8745991,0.8339009,-0.28193146,0.4744721,-0.26727474,-0.9584423,-0.09976219
1356333962645,0.4543829,0.05831006,-0.88889605,0.85953176,-0.2907837,0.42029765,-0.23396891,-0.9550104,-0.18224649
1356333962685,0.40007502,0.16256982,-0.9019484,0.89640814,-0.27426374,0.34818345,-0.1907677,-0.94781345,-0.25545493
1356333962730,0.36301386,0.22555381,-0.9040721,0.919018,-0.24672723,0.30745998,-0.15371042,-0.9424708,-0.29685342
1356333962765,0.3626668,0.23745012,-0.9011605,0.922675,-0.22735155,0.31141943,-0.13093364,-0.9444198,-0.30154213
1356333962806,0.39624962,0.20631352,-0.8946625,0.90998864,-0.21782807,0.35280547,-0.122094035,-0.9539317,-0.27405727
1356333962845,0.4454097,0.14889333,-0.8828596,0.8868791,-0.20851085,0.41227245,-0.1227012,-0.96661985,-0.22492313
1356333962885,0.4941181,0.08084223,-0.865628,0.85994625,-0.19184023,0.47295853,-0.12782726,-0.9780909,-0.1643117
1356333962924,0.532825,0.0135142505,-0.8461175,0.8355812,-0.16649246,0.5235307,-0.13379708,-0.9859501,-0.1000036
1356333962965,0.55732566,-0.046396285,-0.82899666,0.8186488,-0.1359281,0.5579764,-0.13857195,-0.9896317,-0.037773952
1356333963005,0.5661159,-0.09534046,-0.81879354,0.81215143,-0.10556984,0.57381606,-0.14114782,-0.98983085,0.017666146
1356333963045,0.5588759,-0.13153616,-0.8187527,0.81724715,-0.08002329,0.57070434,-0.14058751,-0.9880762,0.062774435
1356333963085,0.5355525,-0.15415415,-0.8303132,0.833514,-0.061600596,0.54905367,-0.13578665,-0.98612475,0.09549923
1356333963125,0.49746197,-0.16418734,-0.85180634,0.8581327,-0.050663352,0.5109221,-0.12704235,-0.9851272,0.11569148
1356333963164,0.44871175,-0.16446781,-0.87841225,0.88592565,-0.047311425,0.46140802,-0.11744571,-0.98524714,0.124477044
1356333963195,0.39690638,-0.16147327,-0.903544,0.91107225,-0.050180852,0.40918118,-0.111412466,-0.9856004,0.12719671
1356333963236,0.3491604,-0.1546798,-0.9242084,0.9300443,-0.063284785,0.36195683,-0.11447573,-0.9859357,0.12176253
1356333963275,0.30594915,-0.14560825,-0.94084716,0.9435175,-0.08562076,0.3200684,-0.12716067,-0.9856304,0.11118835
1356333963316,0.27363527,-0.13587365,-0.952188,0.9504765,-0.11348277,0.28933695,-0.14737022,-0.98420525,0.09809187
1356333963356,0.25747862,-0.12741464,-0.95784664,0.95072347,-0.14377359,0.27468884,-0.17271245,-0.9813738,0.0841175
1356333963395,0.2619906,-0.122608125,-0.95725036,0.9443552,-0.17184067,0.28047132,-0.19888258,-0.97746515,0.07076496
1356333963436,0.28494105,-0.12194547,-0.9507565,0.93175066,-0.1976426,0.30459496,-0.22505397,-0.9726596,0.057306275
1356333963475,0.32727417,-0.12524515,-0.93659234,0.91149515,-0.21948466,0.34785488,-0.24913478,-0.96754336,0.042328686
1356333963517,0.37606072,-0.12321392,-0.9183663,0.8868542,-0.2392872,0.39526114,-0.26845494,-0.9630991,0.01928623
1356333963555,0.42413673,-0.10644546,-0.8993205,0.8620018,-0.2569575,0.4369505,-0.2775986,-0.9605426,-0.017228901
1356333963618,0.44411415,-0.0516811,-0.89447844,0.85537565,-0.27264333,0.44045222,-0.26663664,-0.96072614,-0.07687798
1356333963635,0.42835638,0.041185677,-0.9026708,0.8729388,-0.27692136,0.4016123,-0.23342818,-0.9600096,-0.15457362
1356333963675,0.38748744,0.14253339,-0.9107896,0.90224266,-0.2614431,0.34293684,-0.18923971,-0.95463693,-0.22990564
1356333963735,0.3501206,0.2150271,-0.9116901,0.9244555,-0.23620808,0.29931194,-0.15098846,-0.9476122,-0.28148428
1356333963756,0.339956,0.2419436,-0.90878665,0.93164754,-0.21848226,0.2903418,-0.12830743,-0.9453723,-0.29968053
1356333963796,0.36323148,0.22615942,-0.9038334,0.9238782,-0.21285945,0.31802487,-0.12046507,-0.95054865,-0.28626108
1356333963835,0.41170445,0.17927787,-0.89350927,0.9031178,-0.21149144,0.37369716,-0.12197399,-0.96079695,-0.24898097
1356333963883,0.47247055,0.11379993,-0.87396854,0.87208664,-0.20373109,0.4449252,-0.12742215,-0.9723904,-0.19550031
1356333963915,0.52930224,0.04490912,-0.8472439,0.8380146,-0.18368801,0.51379967,-0.13255432,-0.98195815,-0.13486093
1356333963954,0.57460874,-0.019027233,-0.818207,0.8071491,-0.15222836,0.57038295,-0.13540715,-0.98816216,-0.07211393
1356333963994,0.6039334,-0.07292345,-0.79369175,0.7854482,-0.1147259,0.60820156,-0.13540918,-0.990717,-0.012009233
1356333964035,0.6156887,-0.11446342,-0.7796317,0.77676666,-0.07822737,0.6249113,-0.13251805,-0.99034274,0.040747657
1356333964075,0.6098536,-0.14294228,-0.7795165,0.7823936,-0.04809746,0.62092423,-0.12624907,-0.98856163,0.08250472
1356333964107,0.58788776,-0.16041893,-0.79287696,0.80031914,-0.027393311,0.59894824,-0.11780211,-0.98666894,0.1122821
1356333964145,0.55362284,-0.1661959,-0.8160151,0.82587135,-0.016270995,0.56362367,-0.10694936,-0.98595846,0.12824847
1356333964184,0.5054935,-0.1623658,-0.84741586,0.857293,-0.016578466,0.5145619,-0.09759605,-0.98659134,0.13081473
1356333964227,0.45131177,-0.15574369,-0.87867033,0.8874923,-0.02443546,0.46017417,-0.09313995,-0.9874952,0.12719333
1356333964255,0.3989792,-0.14531225,-0.90537286,0.91166,-0.04314339,0.4086743,-0.09844625,-0.98844475,0.11526203
1356333964295,0.35235143,-0.1329979,-0.92636925,0.929104,-0.06908041,0.36330935,-0.11231345,-0.9887059,0.09922834
1356333964335,0.31945047,-0.1214259,-0.939791,0.9383315,-0.09786019,0.33159837,-0.13223273,-0.9877647,0.08267623
1356333964374,0.3067805,-0.11367506,-0.9449675,0.9389313,-0.12644365,0.32003137,-0.15586469,-0.98543894,0.067942575
1356333964404,0.3171026,-0.111453354,-0.94181955,0.9315062,-0.14995432,0.3313755,-0.17816284,-0.9823909,0.056268618
1356333964434,0.34042758,-0.11442351,-0.9332826,0.91879094,-0.17046434,0.356041,-0.19983089,-0.9786977,0.047100514
1356333964474,0.3772314,-0.12309688,-0.9179017,0.89868957,-0.19077507,0.3949199,-0.22372621,-0.97388494,0.038659617
1356333964514,0.4313915,-0.13438237,-0.8921002,0.8672775,-0.21055576,0.45110527,-0.24845746,-0.9683014,0.02571486
1356333964554,0.4855627,-0.1350474,-0.8637077,0.8317288,-0.23284903,0.50399244,-0.26917642,-0.96309054,-7.3997676E-4
1356333964610,0.5062697,-0.08751175,-0.8579235,0.8183391,-0.26508775,0.5099505,-0.2720517,-0.9602449,-0.06259157
1356333964646,0.49828166,-0.0016640127,-0.8670137,0.8290225,-0.29186487,0.47700801,-0.25384453,-0.9564582,-0.14405146
1356333964685,0.46332622,0.09804541,-0.8807474,0.8581711,-0.29756898,0.41832417,-0.22106832,-0.9496525,-0.22201127
1356333964733,0.4267901,0.17497763,-0.8872615,0.88522315,-0.28154662,0.37028554,-0.18501386,-0.9434587,-0.2750555
1356333964768,0.41244268,0.20677695,-0.88720596,0.8972349,-0.26076567,0.35632956,-0.15767208,-0.9429977,-0.29307842
1356333964819,0.42463362,0.1962406,-0.8838415,0.8941172,-0.24430215,0.3753277,-0.14226985,-0.9496347,-0.27920103
1356333964850,0.45596415,0.15475869,-0.8764396,0.8794732,-0.229348,0.41704488,-0.13646838,-0.96096265,-0.24068058
1356333964886,0.49150306,0.09909505,-0.8652196,0.86021775,-0.21020055,0.4645871,-0.13583136,-0.9726232,-0.18855757
1356333964924,0.5242398,0.038898975,-0.85068184,0.8404677,-0.18442169,0.50951225,-0.1370647,-0.9820772,-0.12937452
1356333964954,0.5445043,-0.013181925,-0.8386545,0.82734567,-0.15593901,0.53961295,-0.1378921,-0.9876787,-0.07400344
1356333964995,0.5620096,-0.063577,-0.82468367,0.81564873,-0.12295407,0.5653313,-0.1373403,-0.9903738,-0.01724486
1356333965035,0.5669206,-0.10589525,-0.8169378,0.8126936,-0.090200484,0.5756675,-0.13464865,-0.99027777,0.03492388
1356333965075,0.5594133,-0.13749218,-0.81740606,0.8188409,-0.061414957,0.5707257,-0.12867126,-0.98859704,0.07822788
1356333965115,0.5381383,-0.15652192,-0.8281957,0.83440906,-0.03983593,0.5497042,-0.11903265,-0.9868709,0.109166026
1356333965156,0.50472903,-0.16328874,-0.84769416,0.8565954,-0.027211517,0.5152706,-0.107204944,-0.98620296,0.12613796
1356333965195,0.46359906,-0.16251537,-0.87101364,0.88052416,-0.025066882,0.47333807,-0.09875828,-0.98638755,0.1314777
1356333965239,0.4207263,-0.15609992,-0.8936566,0.90160024,-0.037213683,0.43096644,-0.10053009,-0.98704,0.12508297
1356333965285,0.38059592,-0.14660522,-0.9130464,0.91749096,-0.06353265,0.39264995,-0.11557275,-0.98715276,0.110328645
1356333965325,0.3519927,-0.13699591,-0.925923,0.9258996,-0.093990475,0.3658903,-0.13715342,-0.98610246,0.093760476
1356333965364,0.3391683,-0.12922281,-0.9318081,0.926493,-0.12576455,0.35467467,-0.16302049,-0.983608,0.07706864
1356333965404,0.34552914,-0.12532091,-0.93000233,0.91883886,-0.15615433,0.36242384,-0.19064319,-0.9797502,0.06119384
1356333965434,0.37161875,-0.12667537,-0.91970265,0.90304804,-0.18053973,0.38975587,-0.21541539,-0.97537625,0.047301993
1356333965464,0.40514958,-0.13126501,-0.904778,0.88280964,-0.20113003,0.42449233,-0.23769903,-0.9707297,0.034394294
1356333965504,0.44328433,-0.13525355,-0.8861182,0.85834503,-0.22086209,0.4631022,-0.25834617,-0.9658811,0.018189535
1356333965544,0.48826316,-0.1317693,-0.86269104,0.82863,-0.2401528,0.5056668,-0.27380905,-0.9617502,-0.008069754
1356333965593,0.5165906,-0.09219214,-0.8512548,0.8115361,-0.26429695,0.52111065,-0.27302638,-0.96002483,-0.061716035
1356333965639,0.53166866,-0.028053492,-0.84648776,0.80666506,-0.2878097,0.5161948,-0.2581084,-0.9572767,-0.13038965
1356333965662,0.5102743,0.07607207,-0.8566406,0.8315152,-0.2979283,0.46885097,-0.21955106,-0.9515523,-0.21528022
1356333965703,0.4742991,0.17532548,-0.862729,0.8630351,-0.28607556,0.41633058,-0.17381233,-0.94203067,-0.28699744
1356333965768,0.45023227,0.23446083,-0.8615794,0.88238823,-0.2645316,0.38911948,-0.1366817,-0.9354416,-0.32598615
1356333965783,0.44923624,0.2470375,-0.8585798,0.8858501,-0.24794528,0.39216408,-0.11600155,-0.9367473,-0.33022422
1356333965826,0.4721583,0.2175824,-0.8542391,0.8745243,-0.23740757,0.42290056,-0.110787064,-0.9467288,-0.30237508
1356333965869,0.50476027,0.16410974,-0.847517,0.855698,-0.22477682,0.4661078,-0.11400935,-0.96049124,-0.25388676
1356333965905,0.53561985,0.10361996,-0.8380777,0.8359777,-0.2053696,0.50888574,-0.119384944,-0.9731835,-0.19662404
1356333965934,0.5590926,0.047848642,-0.8277234,0.8198104,-0.18097283,0.5432861,-0.12379992,-0.9823234,-0.14040738
1356333965976,0.58153015,-0.009820789,-0.8134656,0.80368686,-0.1481012,0.5763276,-0.12613517,-0.9889235,-0.07823248
1356333966015,0.59652317,-0.06208518,-0.8001909,0.792704,-0.11047317,0.59951323,-0.12562051,-0.99193805,-0.016684636
1356333966055,0.6031388,-0.104932845,-0.79070395,0.7882584,-0.073150545,0.61098105,-0.121952355,-0.99178535,0.038594246
1356333966095,0.6007966,-0.1356419,-0.7878101,0.7910726,-0.04101172,0.6103459,-0.11509794,-0.98990875,0.08266288
1356333966134,0.5900351,-0.1536215,-0.79262793,0.80041766,-0.017328084,0.59919214,-0.10578358,-0.98797774,0.11273722
1356333966175,0.572758,-0.1608136,-0.8037955,0.8140284,-0.0038134456,0.5808126,-0.09646779,-0.98697746,0.12872267
1356333966224,0.552148,-0.16110778,-0.8180323,0.82872194,-0.0014995039,0.55965847,-0.09139198,-0.9869357,0.13268562
1356333966256,0.5319952,-0.15848324,-0.8317838,0.8414544,-0.010714382,0.5402218,-0.09452817,-0.9873035,0.12765643
1356333966296,0.51582634,-0.15565562,-0.8424337,0.84994197,-0.0302262,0.52600855,-0.10733974,-0.98734885,0.11670677
1356333966335,0.506629,-0.15426308,-0.8482511,0.85279864,-0.054959208,0.51934,-0.1267342,-0.9865001,0.103711426
1356333966376,0.50583965,-0.15557489,-0.8484826,0.8491925,-0.08311236,0.5215021,-0.15165201,-0.98432153,0.0900715
1356333966414,0.51464266,-0.15985772,-0.84237075,0.83870935,-0.110185385,0.5333158,-0.17807165,-0.9809712,0.077368096
1356333966444,0.53056574,-0.16619474,-0.83119154,0.8231743,-0.13288832,0.55201894,-0.20219824,-0.9770978,0.06630123
1356333966484,0.54853725,-0.1738928,-0.81784356,0.80480474,-0.15540329,0.5728344,-0.22670731,-0.97242546,0.05470521
1356333966524,0.5707047,-0.17967662,-0.8012569,0.7821311,-0.17829046,0.5970625,-0.25013456,-0.9674342,0.038779408
1356333966565,0.5911287,-0.17319578,-0.78776276,0.7607895,-0.20466,0.61588436,-0.26789212,-0.9633885,0.010785133
1356333966608,0.602034,-0.1346525,-0.7870348,0.7515386,-0.23739028,0.6154963,-0.2697125,-0.9620367,-0.04172048
1356333966655,0.5968919,-0.05533725,-0.8004111,0.7629257,-0.2696219,0.5875784,-0.24832335,-0.961375,-0.118716896
1356333966690,0.5753014,0.041530937,-0.81688654,0.789768,-0.28806636,0.54155743,-0.21282613,-0.9567095,-0.19852479
1356333966737,0.5432043,0.13201186,-0.82915735,0.82292926,-0.27953464,0.49461883,-0.16648269,-0.95101696,-0.26048082
1356333966781,0.5120989,0.17990813,-0.8398737,0.8483758,-0.25873584,0.46185955,-0.13421312,-0.94904625,-0.28512806
1356333966835,0.49690378,0.17836308,-0.8492781,0.8593563,-0.23736955,0.45294872,-0.120803446,-0.95490444,-0.27122724
1356333966855,0.49104434,0.14775589,-0.8585124,0.8628464,-0.21811645,0.45598397,-0.11988136,-0.9646727,-0.2345955
1356333966896,0.49525532,0.09392756,-0.86365485,0.8594028,-0.19839081,0.47124085,-0.12707868,-0.9756119,-0.17897573
1356333966934,0.5031909,0.029484749,-0.86367214,0.8532524,-0.1753507,0.49113387,-0.13696453,-0.9840644,-0.113392815
1356333966964,0.5079795,-0.029004216,-0.86088073,0.84903437,-0.15167096,0.50609934,-0.14524963,-0.9880054,-0.0524202
1356333966994,0.511808,-0.08096063,-0.8552765,0.84567446,-0.12783551,0.51816297,-0.15128547,-0.98848546,0.0030390918
1356333967025,0.51324224,-0.12474334,-0.8491299,0.8441716,-0.105054826,0.52567863,-0.15478003,-0.9866117,0.051386163
1356333967065,0.5115936,-0.15947759,-0.84429795,0.8453679,-0.082356095,0.527798,-0.153705,-0.9837604,0.09268436
1356333967095,0.50304353,-0.18333313,-0.84459233,0.85126054,-0.06375942,0.52085525,-0.14934072,-0.98098105,0.12399049
1356333967136,0.48819962,-0.19112337,-0.8515475,0.86183393,-0.048137754,0.5049012,-0.13748991,-0.98038507,0.1412157
1356333967175,0.46581304,-0.18715745,-0.8648643,0.8763644,-0.037718773,0.48016936,-0.122488916,-0.98160547,0.14644827
1356333967215,0.4402181,-0.17484087,-0.88070345,0.8912967,-0.03356439,0.45217636,-0.10861924,-0.9840244,0.14105947
1356333967255,0.41568646,-0.1594328,-0.895425,0.90380204,-0.03769669,0.42628732,-0.101718724,-0.9864888,0.12842567
1356333967285,0.39752644,-0.1459539,-0.90590847,0.9119686,-0.0462777,0.4076416,-0.10142025,-0.98820835,0.11470875
1356333967315,0.3862153,-0.13488093,-0.9124938,0.91609097,-0.0594953,0.39653215,-0.10777369,-0.989074,0.10058518
1356333967354,0.38289714,-0.12666473,-0.915066,0.9153428,-0.081636906,0.39431328,-0.12464869,-0.9885805,0.084683076
1356333967394,0.3940403,-0.123028636,-0.91082174,0.9071479,-0.10719448,0.40693015,-0.14769906,-0.9865969,0.0693662
1356333967424,0.41891593,-0.12395772,-0.8995243,0.8919867,-0.12918979,0.43320847,-0.16990894,-0.98384166,0.05644904
1356333967454,0.44890618,-0.12836266,-0.8843112,0.87290215,-0.14866477,0.4646941,-0.19111529,-0.9805212,0.04531151
1356333967494,0.48365417,-0.13571417,-0.86467355,0.8487686,-0.16848734,0.5012026,-0.21370679,-0.97631645,0.033700287
1356333967525,0.5291286,-0.14544109,-0.8359843,0.8154553,-0.1852712,0.54836774,-0.23463899,-0.97186494,0.0205684
1356333967554,0.5707065,-0.15085873,-0.8071777,0.7814518,-0.20217624,0.5903033,-0.25224453,-0.9676603,0.002505511
1356333967594,0.6003507,-0.13375437,-0.78847253,0.7565991,-0.22443652,0.6141548,-0.25910786,-0.96526587,-0.033542216
