1356333599939,0.3245821,-0.122366205,0.9379088,0.60398924,-0.7362885,-0.30508393,0.7279034,0.6655116,-0.1650782
1356333599969,-0.42874318,0.629649,0.64785916,0.53511184,-0.40079123,0.7436544,0.72789747,0.66551375,-0.16509616
1356333599999,-0.42864078,0.6296054,0.6479693,0.5352248,-0.4008454,0.74354386,0.7278747,0.66552246,-0.16516179
1356333600053,-0.4280362,0.6294085,0.64856,0.5357889,-0.40118915,0.7429519,0.72781545,0.66550153,-0.16550654
1356333600093,-0.42562258,0.6280608,0.6514484,0.537655,-0.40353847,0.7403269,0.7278548,0.6653544,-0.16592503
1356333600134,-0.42094666,0.6253093,0.65710896,0.54086727,-0.40852356,0.73523545,0.72819406,0.66490364,-0.16624278
1356333600173,-0.4126004,0.6200723,0.66728646,0.5461468,-0.41788465,0.7260138,0.72902983,0.66399,-0.1662311
1356333600213,-0.3999027,0.6115065,0.6827426,0.5538294,-0.43231434,0.7116019,0.73030865,0.6626945,-0.16578656
1356333600256,-0.3839903,0.60006523,0.7017642,0.5628029,-0.4504143,0.6930943,0.7319865,0.6610965,-0.16476369
1356333600294,-0.36561042,0.58576864,0.72332853,0.57255596,-0.47116154,0.67095935,0.7338316,0.6594558,-0.16312373
1356333600334,-0.3465901,0.569694,0.7452007,0.5820804,-0.49235666,0.64712226,0.7355662,0.6580529,-0.1609618
1356333600374,-0.3286069,0.553354,0.76538664,0.59058034,-0.5120237,0.62373596,0.73704296,0.6569863,-0.15854546
1356333600416,-0.31200695,0.53788096,0.7831575,0.598028,-0.5293339,0.60180414,0.7382508,0.6561172,-0.15651205
1356333600454,-0.29622632,0.5240114,0.7985375,0.60478306,-0.544192,0.5814574,0.7392479,0.65518486,-0.15570918
1356333600494,-0.28061056,0.51212716,0.811778,0.61100996,-0.55694145,0.56256837,0.7402193,0.65386707,-0.1566312
1356333600536,-0.26429558,0.5021145,0.8234251,0.61658114,-0.56854445,0.544596,0.7416033,0.65164274,-0.15933055
1356333600574,-0.24734974,0.49386853,0.83361375,0.6207493,-0.5798272,0.5277032,0.743968,0.64799243,-0.1631484
1356333600614,-0.23106253,0.48737517,0.8420662,0.6225539,-0.5910502,0.51291937,0.74768764,0.64274806,-0.16684777
1356333600654,-0.21840727,0.4830977,0.8478884,0.62100863,-0.6014208,0.5026343,0.7527593,0.636325,-0.16865307
1356333600694,-0.21381456,0.48208666,0.84963274,0.61525714,-0.609109,0.50044477,0.75877666,0.629745,-0.1663709
1356333600734,-0.22169316,0.4854108,0.84571195,0.6045457,-0.6120793,0.5097877,0.76509917,0.62428784,-0.15775922
1356333600774,-0.24478185,0.4933348,0.8346871,0.5876789,-0.6092284,0.5324231,0.7711779,0.6208555,-0.14079443
1356333600814,-0.28237486,0.5045209,0.8159185,0.5631219,-0.601397,0.56675863,0.7766325,0.61950004,-0.11428732
1356333600854,-0.32874662,0.51576495,0.79114616,0.5310823,-0.5917472,0.6064543,0.7809464,0.6195335,-0.079378724
1356333600894,-0.37651724,0.5238559,0.76407444,0.49473798,-0.58360857,0.64392185,0.7832427,0.6204643,-0.039432764
1356333600934,-0.41920435,0.52659684,0.7395698,0.46008307,-0.57903993,0.6730797,0.78268206,0.6224215,4.5779347E-4
1356333600981,-0.45383447,0.52338827,0.7211789,0.4323237,-0.5783651,0.69180197,0.7791858,0.6257463,0.036208928
1356333601014,-0.480572,0.51467127,0.7100451,0.4134645,-0.5810555,0.70101464,0.77336776,0.63046646,0.06644073
1356333601054,-0.50195515,0.50183153,0.704419,0.4019812,-0.5857799,0.70375645,0.76580167,0.6364174,0.09230837
1356333601094,-0.52154374,0.4868638,0.70068234,0.39421004,-0.5908116,0.70394605,0.7566971,0.6433547,0.11620751
1356333601135,-0.54354787,0.47279578,0.693556,0.38480085,-0.59397584,0.70648503,0.74597865,0.6508893,0.14092204
1356333601174,-0.57262343,0.46393296,0.67592067,0.36658743,-0.5925578,0.7172789,0.7332913,0.6585147,0.16924042
1356333601214,-0.6115968,0.46481332,0.6402328,0.33141437,-0.5842903,0.7407898,0.71841073,0.66524696,0.20330423
1356333601254,-0.65646005,0.47687703,0.584507,0.27530587,-0.5699429,0.7741909,0.7023295,0.6691437,0.24285778
1356333601294,-0.695723,0.4958009,0.5197605,0.20677875,-0.55472094,0.8059325,0.6879041,0.6681812,0.28341103
1356333601334,-0.7200242,0.51470983,0.46544477,0.1455996,-0.5437392,0.82652795,0.6785026,0.66288877,0.31656384
1356333601374,-0.72883326,0.5294098,0.43419743,0.10835248,-0.53697944,0.836608,0.67606354,0.656794,0.33400553
1356333601414,-0.72460973,0.53812844,0.43053287,0.10275324,-0.5333768,0.8396135,0.68145615,0.65263075,0.33119562
1356333601454,-0.70658004,0.5392059,0.45825934,0.13199332,-0.53580177,0.8339629,0.6952139,0.6497488,0.30741525
1356333601513,-0.67048544,0.53100187,0.51815647,0.19383673,-0.54876685,0.81319255,0.7161539,0.64567155,0.26501256
1356333601532,-0.61127436,0.5126412,0.6029451,0.2779959,-0.5742224,0.7700565,0.7409872,0.638332,0.20849517
1356333601573,-0.5279602,0.485328,0.69693244,0.36712655,-0.6095636,0.7026025,0.7658173,0.6268085,0.1436485
1356333601609,-0.42974252,0.4545596,0.7801903,0.4421877,-0.64740187,0.6207583,0.78726834,0.6117568,0.07721543
1356333601639,-0.34016955,0.43217272,0.8351715,0.48984015,-0.67669064,0.5496786,0.8027088,0.5960844,0.01849392
1356333601669,-0.26319325,0.41627142,0.87031454,0.51925635,-0.69918007,0.49144697,0.8130819,0.5812619,-0.03213209
1356333601711,-0.20035946,0.40713665,0.89112055,0.53717303,-0.7150055,0.44745082,0.81932974,0.5683369,-0.0754447
1356333601753,-0.1651032,0.41418365,0.89509374,0.54405344,-0.71873343,0.43292964,0.8226462,0.5584569,-0.10667285
1356333601792,-0.16108358,0.43703145,0.8849043,0.5415884,-0.7104112,0.44944185,0.82506615,0.55165166,-0.12225559
1356333601833,-0.18442976,0.47034937,0.8629931,0.5291568,-0.6924135,0.49046567,0.82823837,0.54711515,-0.12118691
1356333601873,-0.22391069,0.50519097,0.8334544,0.50714946,-0.6698712,0.54228413,0.83226407,0.5441091,-0.10621607
1356333601912,-0.2662307,0.53332186,0.8029253,0.48016047,-0.6489048,0.5902275,0.83580333,0.54266965,-0.08332166
1356333601982,-0.3019001,0.55044436,0.7783748,0.45606327,-0.6335962,0.6249496,0.83717537,0.5436605,-0.05975464
1356333601996,-0.32743132,0.555771,0.76413834,0.44164553,-0.62491935,0.64375854,0.8353071,0.548265,-0.04083565
1356333602034,-0.34150368,0.5488175,0.7630036,0.44037533,-0.62375164,0.6457579,0.8303281,0.5565367,-0.028672129
1356333602074,-0.34548646,0.5304735,0.774104,0.45244348,-0.62853354,0.6326456,0.822152,0.5688088,-0.022859454
1356333602114,-0.3373453,0.49752045,0.7991692,0.47795635,-0.64085555,0.6007177,0.81102145,0.5846173,-0.021603405
1356333602154,-0.3130278,0.44516057,0.83895504,0.5162491,-0.66170007,0.5437277,0.7971828,0.6033117,-0.022683233
1356333602194,-0.26470488,0.36466977,0.8927191,0.56580204,-0.69091606,0.4500035,0.7808966,0.6242204,-0.02344209
1356333602234,-0.18049526,0.2423137,0.9532605,0.62055767,-0.7238801,0.30150598,0.76310533,0.6459735,-0.019712731
1356333602274,-0.0562616,0.07057494,0.99591863,0.66294533,-0.7432241,0.09011918,0.7465508,0.66530985,-0.0049723536
1356333602314,0.06830388,-0.11545104,0.99096197,0.673537,-0.72742134,-0.13117227,0.7359908,0.6764091,0.02807483
1356333602354,0.116274476,-0.24285778,0.9630682,0.6680398,-0.698419,-0.25677565,0.73498505,0.67322433,0.08103037
1356333602394,0.07141745,-0.28963527,0.9544689,0.66644573,-0.6981106,-0.2617092,0.7421251,0.65479237,0.14316893
1356333602434,-8.329153E-4,-0.29694217,0.95489514,0.6580531,-0.7191717,-0.22306566,0.75297105,0.62818587,0.19600266
1356333602474,-0.033578694,-0.3121434,0.9494414,0.64449745,-0.7328301,-0.21813531,0.76386875,0.6045879,0.22578311
1356333602514,-0.0059865117,-0.35330588,0.9354887,0.63398737,-0.7247992,-0.2696777,0.7733202,0.59147364,0.2283305
1356333602553,0.07440841,-0.41476646,0.9068805,0.61932063,-0.69354814,-0.3680123,0.7816044,0.589033,0.20526758
1356333602593,0.18225878,-0.47680894,0.85990405,0.58664155,-0.64910716,-0.48426405,0.7890713,0.5927168,0.16141042
1356333602632,0.28595507,-0.520206,0.8047456,0.5347872,-0.6102233,-0.58449143,0.79513043,0.59750587,0.10370302
1356333602673,0.36552656,-0.53795046,0.75960493,0.47759447,-0.5920675,-0.6491222,0.7989329,0.60005444,0.040505767
1356333602713,0.41703784,-0.5327406,0.7363877,0.43039948,-0.59784997,-0.67626303,0.8005222,0.5989682,-0.02003479
1356333602753,0.44091368,-0.50672156,0.7408295,0.4043661,-0.62473536,-0.6679774,0.80130094,0.5940867,-0.07055333
1356333602792,0.43512142,-0.45771617,0.7753485,0.40603912,-0.66885006,-0.62271327,0.8036178,0.5857777,-0.10518029
1356333602833,0.39387524,-0.37959164,0.8371216,0.4357785,-0.72476286,-0.5336815,0.80929565,0.5750035,-0.120048255
1356333602873,0.3135535,-0.2693659,0.9105637,0.48248738,-0.7807165,-0.39709914,0.817857,0.5638473,-0.11483073
1356333602912,0.20421648,-0.13910349,0.9689922,0.5250295,-0.8198787,-0.22834824,0.8262201,0.5553819,-0.0943993
1356333602982,0.09073597,-0.015420616,0.99575555,0.548928,-0.83349746,-0.06292762,0.8309301,0.55230796,-0.06716335
1356333602995,-0.0039930344,0.07923098,0.9968482,0.55716085,-0.82761467,0.068011835,0.830395,0.5556764,-0.04083965
1356333603034,-0.0681383,0.13571216,0.9884024,0.56031543,-0.8144986,0.1504613,0.8254718,0.5640693,-0.020542994
1356333603074,-0.10202479,0.15723039,0.98227775,0.5677061,-0.80164534,0.18728216,0.8168849,0.5767525,-0.0074729472
1356333603114,-0.106560946,0.14626916,0.9834887,0.58292705,-0.79211545,0.1809673,0.8055066,0.59258616,-8.556694E-4
1356333603154,-0.0827896,0.10529593,0.9909888,0.60511804,-0.78478825,0.13393943,0.7918195,0.6107539,0.0012557805
1356333603194,-0.032533646,0.03654042,0.9988025,0.6298022,-0.77521634,0.048875034,0.7760739,0.6306381,0.0022073835
1356333603234,0.033868432,-0.051761925,0.998085,0.6502061,-0.757278,-0.061337113,0.7590027,0.6510383,0.008008033
1356333603274,0.08775324,-0.13815007,0.9865161,0.66383123,-0.7302776,-0.16131645,0.74271643,0.66903615,0.027624011
1356333603314,0.0881173,-0.19328861,0.97717696,0.6779547,-0.7070903,-0.20099944,0.72980326,0.68019325,0.06873402
1356333603354,0.011830807,-0.19842827,0.98004407,0.69343877,-0.7045126,-0.15101278,0.7204185,0.6813871,0.1292628
1356333603394,-0.11422515,-0.1606546,0.98037887,0.69194615,-0.72097313,-0.03752631,0.7128556,0.67408293,0.1935176
1356333603434,-0.22727185,-0.110830694,0.967504,0.66887534,-0.73984337,0.072370976,0.7077805,0.66358745,0.24227753
1356333603474,-0.28409582,-0.07815531,0.95560527,0.64694,-0.7512231,0.13089177,0.7076428,0.65540504,0.26398104
1356333603514,-0.27945238,-0.071278304,0.95751023,0.6422162,-0.75520945,0.13121405,0.713768,0.65159667,0.2568211
1356333603554,-0.22546118,-0.08405119,0.9706197,0.6501012,-0.75500727,0.085629135,0.7256278,0.65030706,0.22486669
1356333603594,-0.1409694,-0.10450947,0.98448235,0.65629375,-0.75437766,0.013893306,0.74121946,0.64806813,0.17493299
1356333603635,-0.048870385,-0.12004399,0.991565,0.6506385,-0.7570464,-0.05958453,0.75781345,0.6422385,0.11510239
1356333603674,0.033043623,-0.12339884,0.9918069,0.6332771,-0.76513755,-0.116295666,0.7732194,0.6319314,0.052862734
1356333603714,0.094682574,-0.1119093,0.9891974,0.61062527,-0.77825236,-0.14649172,0.786239,0.6178992,-0.0053522363
1356333603754,0.13082653,-0.08469221,0.98778117,0.58995175,-0.7940884,-0.1462211,0.7967694,0.6018728,-0.05392351
1356333603794,0.13833916,-0.041232944,0.9895263,0.57552785,-0.8097687,-0.11420335,0.8059963,0.5852987,-0.088292
1356333603834,0.11654663,0.017760783,0.99302644,0.5667337,-0.8222705,-0.05180803,0.8156162,0.56881964,-0.1058985
1356333603874,0.06894529,0.08743705,0.9937813,0.5583126,-0.82892555,0.034198463,0.8267609,0.5524828,-0.10596772
1356333603914,0.0065090656,0.15853925,0.9873312,0.54544246,-0.82810295,0.12937555,0.838123,0.5376903,-0.09186423
1356333603980,-0.055959225,0.21980359,0.97393787,0.52887386,-0.8208481,0.21564075,0.8468536,0.5271573,-0.07031439
1356333603994,-0.108740985,0.2647031,0.95817935,0.5146525,-0.80966806,0.28208232,0.8504753,0.5238033,-0.048186004
1356333604034,-0.14828295,0.2911943,0.9451021,0.5088432,-0.79699194,0.3253958,0.8479922,0.5291594,-0.029991925
1356333604074,-0.17343211,0.29869834,0.93845654,0.51425743,-0.785203,0.34495744,0.83991706,0.54243493,-0.017428413
1356333604114,-0.18260854,0.28639835,0.9405477,0.531226,-0.7762326,0.33950233,0.82731676,0.5616394,-0.010395482
1356333604154,-0.17188722,0.25150162,0.9524713,0.55881256,-0.77135813,0.30452418,0.81128484,0.5845968,-0.007955581
1356333604194,-0.13508081,0.1891391,0.97261477,0.5946214,-0.76972526,0.23226783,0.79257715,0.6097125,-0.008490995
1356333604234,-0.06684756,0.09450084,0.9932779,0.63229656,-0.76607776,0.11543846,0.7718371,0.635763,-0.00854218
1356333604274,0.025901198,-0.027659148,0.99928176,0.66044605,-0.7499175,-0.037875593,0.75042653,0.6609528,-0.0011563376
1356333604314,0.11100465,-0.15233815,0.98207486,0.6731203,-0.7154821,-0.18706793,0.73115456,0.68182,0.023120016
1356333604354,0.14583421,-0.2464361,0.95812404,0.6822994,-0.67624164,-0.27778548,0.71637976,0.69423807,0.06952405
1356333604394,0.121157646,-0.29975915,0.94629025,0.698122,-0.6519686,-0.29590958,0.7056532,0.69647783,0.13027751
1356333604434,0.0727787,-0.32720932,0.9421451,0.71210754,-0.6443435,-0.27879083,0.69828796,0.69119865,0.18611372
1356333604474,0.046794116,-0.3488602,0.93600583,0.7162753,-0.64140284,-0.27486727,0.6962471,0.6833,0.2198661
1356333604514,0.061900496,-0.3725166,0.9259588,0.70966685,-0.6359222,-0.30327517,0.7018128,0.6758952,0.22499883
1356333604554,0.10720408,-0.392587,0.9134454,0.6908366,-0.631311,-0.35240746,0.7150188,0.6688211,0.20353445
1356333604594,0.16040099,-0.40047798,0.90215796,0.66059303,-0.6355682,-0.39958727,0.73340875,0.6600535,0.16260713
1356333604634,0.20801955,-0.39400482,0.8952586,0.6232375,-0.65203226,-0.43177405,0.7538586,0.6477762,0.109923184
1356333604674,0.24240965,-0.3733214,0.8954712,0.58629745,-0.6790213,-0.44179794,0.77297664,0.63210857,0.05427608
1356333604714,0.26310396,-0.34169024,0.9022328,0.5552766,-0.71112514,-0.4312412,0.78895134,0.61445004,0.0026327362
1356333604754,0.26819342,-0.3007422,0.91521937,0.53407496,-0.74425143,-0.40106583,0.80177075,0.59635895,-0.038984448
1356333604794,0.25435424,-0.25132647,0.9338838,0.52344966,-0.7761948,-0.35145694,0.8132062,0.57823575,-0.065871686
1356333604834,0.21937037,-0.19399306,0.9561607,0.52105963,-0.8052645,-0.28292394,0.8248475,0.56028193,-0.07556918
1356333604874,0.167409,-0.13308269,0.976864,0.52191067,-0.8286558,-0.20233348,0.8364111,0.5437082,-0.069267154
1356333604915,0.10918951,-0.07578023,0.9911282,0.52254033,-0.8438288,-0.12208459,0.84559405,0.53123474,-0.05253902
1356333604981,0.057053506,-0.029526323,0.99793434,0.5237889,-0.85006434,-0.055097118,0.8499353,0.52585053,-0.03303358
1356333604995,0.018250585,0.0012930036,0.9998326,0.5295567,-0.84823126,-0.00856939,0.8480782,0.52962446,-0.016165435
1356333605043,-0.0037508607,0.014702648,0.99988484,0.5463271,-0.8374487,0.014363587,0.8375635,0.54631805,-0.0048912466
1356333605083,-0.0047497153,0.0058250427,0.99997175,0.56738657,-0.8234174,0.0074915886,0.8234378,0.5674061,6.05993E-4
1356333605123,0.010361671,-0.0162327,0.99981457,0.59192836,-0.8057616,-0.019216627,0.805924,0.59201777,0.0012594461
1356333605164,0.040834963,-0.05049306,0.9978892,0.6175137,-0.7838752,-0.06493342,0.7854994,0.61886185,-8.293092E-4
1356333605204,0.08102745,-0.09345919,0.9923205,0.6414104,-0.7571622,-0.12368548,0.7629071,0.6465066,-0.0014052689
1356333605244,0.11695331,-0.13897806,0.9833651,0.6623668,-0.7268609,-0.181503,0.7399946,0.67257583,0.007045716
1356333605284,0.12665749,-0.17879751,0.97569937,0.68203664,-0.698524,-0.21654148,0.7202665,0.69288933,0.033473156
1356333605324,0.09136754,-0.20490031,0.97450906,0.7012538,-0.6815711,-0.20905502,0.7070326,0.702479,0.08141359
1356333605364,0.014384091,-0.21270362,0.97701097,0.71343637,-0.6824254,-0.15907347,0.7005725,0.6993232,0.14193434
1356333605404,-0.072092056,-0.20497286,0.976109,0.71118176,-0.69672513,-0.09377968,0.69930196,0.68743014,0.19600129
1356333605444,-0.13129228,-0.19077474,0.9728141,0.6991474,-0.71352386,-0.045568466,0.70281947,0.6741577,0.2270599
1356333605484,-0.14658481,-0.17814496,0.9730248,0.68698776,-0.7260725,-0.029438317,0.7117308,0.6641409,0.2288146
1356333605524,-0.119804084,-0.16996443,0.9781406,0.6773178,-0.7343349,-0.044641227,0.72587025,0.65716386,0.20309627
1356333605564,-0.06286502,-0.16468975,0.98434,0.6659217,-0.7415522,-0.08153978,0.7433682,0.6503674,0.15628812
1356333605604,0.007871449,-0.15884474,0.9872722,0.6483394,-0.7508568,-0.12597641,0.76131076,0.64107907,0.09707499
1356333605644,0.076692045,-0.14925538,0.98582006,0.62452054,-0.76355505,-0.16418864,0.77723384,0.62825686,0.03465441
1356333605684,0.13114756,-0.13367294,0.98230946,0.5986812,-0.7791042,-0.18595028,0.79017794,0.6124771,-0.022150155
1356333605724,0.16272753,-0.110719696,0.9804391,0.57604516,-0.79608923,-0.1855099,0.8010567,0.59496474,-0.065766096
1356333605764,0.16714561,-0.07997264,0.9826834,0.55954677,-0.8129447,-0.16133283,0.8117695,0.57682335,-0.09113172
1356333605804,0.14409465,-0.042313725,0.98865885,0.5490596,-0.8277707,-0.11545198,0.8232681,0.5594686,-0.09604457
1356333605844,0.10082334,-0.0012935102,0.9949035,0.5430496,-0.8378231,-0.056121826,0.83362573,0.5459403,-0.08376968
1356333605884,0.050025403,0.036764443,0.998071,0.5405481,-0.84130406,0.0038965046,0.8398245,0.53931046,-0.061959475
1356333605924,0.0045976043,0.065603256,0.99783516,0.5420665,-0.8386851,0.052642226,0.840323,0.540651,-0.039417267
1356333605982,-0.026683927,0.08071445,0.99638,0.54854584,-0.83208036,0.08209546,0.83569455,0.54875076,-0.022072405
1356333606004,-0.03963816,0.07959446,0.996039,0.5607208,-0.8233041,0.08810535,0.82705563,0.56199205,-0.011996061
1356333606044,-0.03210318,0.060560077,0.9976482,0.578272,-0.81300855,0.06796008,0.8152122,0.5790937,-0.008919977
1356333606084,-0.0026486516,0.022507876,0.9997431,0.5989748,-0.8005276,0.01960969,0.80076337,0.59887296,-0.011361271
1356333606124,0.048125625,-0.033621877,0.9982752,0.6191517,-0.78325564,-0.05622855,0.7837953,0.6207899,-0.01687757
1356333606165,0.11345315,-0.10368577,0.98811823,0.6348846,-0.75743216,-0.15237506,0.7642316,0.6446285,-0.020104617
1356333606204,0.17510813,-0.17836905,0.968257,0.64584804,-0.7214749,-0.24970853,0.74311334,0.66907287,-0.011136834
1356333606244,0.20720333,-0.24547857,0.94699895,0.65911835,-0.6802972,-0.32055992,0.7229314,0.69060546,0.020839598
1356333606284,0.19212824,-0.2960682,0.9356444,0.68235755,-0.6449193,-0.34419084,0.70531905,0.7045728,0.0781171
1356333606324,0.13669235,-0.3273486,0.93496424,0.71063936,-0.62514806,-0.32277203,0.69014996,0.7085428,0.14717379
1356333606364,0.072340846,-0.34273994,0.936641,0.7309159,-0.620752,-0.2836002,0.6786227,0.70512164,0.20560825
1356333606404,0.03385669,-0.35028833,0.9360298,0.7380169,-0.62278205,-0.2597568,0.6739323,0.6996003,0.23743334
1356333606444,0.036278307,-0.35641986,0.9336214,0.7337647,-0.62473536,-0.2670117,0.6784345,0.6947451,0.23886389
1356333606484,0.07300687,-0.36178166,0.9293998,0.71820706,-0.6275092,-0.30068368,0.69198877,0.6894535,0.21402174
1356333606524,0.1267426,-0.3633187,0.92300373,0.6903577,-0.6358617,-0.34508872,0.71227986,0.68094015,0.17022905
1356333606564,0.1812312,-0.3583216,0.9158389,0.6523296,-0.6531002,-0.38461173,0.7359492,0.6671325,0.11538163
1356333606604,0.22676569,-0.34591043,0.91045225,0.60963047,-0.6786177,-0.4096692,0.75955784,0.6479384,0.056990296
1356333606646,0.25888175,-0.32618183,0.9091676,0.56899023,-0.7091121,-0.41642565,0.7805322,0.6251125,0.0020180037
1356333606698,0.2742133,-0.29872793,0.91409445,0.53675085,-0.7411524,-0.40322658,0.79793835,0.6012111,-0.042891383
1356333606724,0.26913905,-0.2626629,0.9265918,0.51634926,-0.7727819,-0.36904153,0.8129869,0.57776845,-0.07236001
1356333606764,0.24128604,-0.21683787,0.94591886,0.5077703,-0.80243766,-0.3134696,0.82701296,0.55594534,-0.08351317
1356333606809,0.1922968,-0.1628719,0.9677265,0.5071545,-0.82773906,-0.24008808,0.8401287,0.536955,-0.07657036
1356333606844,0.13321573,-0.10613711,0.98538744,0.50953,-0.8454558,-0.1599489,0.8500781,0.5233922,-0.058547977
1356333606884,0.07680529,-0.054696754,0.9955447,0.5136191,-0.8536443,-0.08652572,0.8545737,0.5179764,-0.03747106
1356333606924,0.03214407,-0.014668465,0.9993756,0.5215138,-0.85273993,-0.029290259,0.8526372,0.5221297,-0.01976072
1356333606982,0.003281176,0.010355562,0.999941,0.5351268,-0.84474283,0.00699237,0.8447654,0.5350722,-0.008313298
1356333607004,-0.008316934,0.018720776,0.9997902,0.5547037,-0.831803,0.020189673,0.83200645,0.5547552,-0.0034664944
1356333607044,-0.0012158751,0.009421557,0.9999549,0.5788138,-0.8154166,0.008386642,0.81545883,0.5787978,-0.004461825
1356333607084,0.026204944,-0.018215567,0.9994907,0.6046363,-0.795923,-0.030358106,0.7960705,0.6051239,-0.009843372
1356333607124,0.072657466,-0.0627327,0.9953821,0.62904936,-0.7715944,-0.09454593,0.7739624,0.63301396,-0.016600125
1356333607164,0.12773651,-0.11914536,0.9846257,0.6493583,-0.74034965,-0.17382847,0.74967813,0.6615791,-0.017201714
1356333607204,0.16695058,-0.17691676,0.9699629,0.6674875,-0.7037676,-0.24325232,0.72566384,0.6880492,5.952716E-4
1356333607244,0.16167778,-0.22363648,0.9611696,0.6905683,-0.67013925,-0.27208218,0.704965,0.7077429,0.04608965
1356333607284,0.10084349,-0.25095767,0.9627309,0.718408,-0.6510621,-0.24496546,0.68827355,0.7163367,0.11463466
1356333607324,0.010836601,-0.2599082,0.96557254,0.7379665,-0.6495182,-0.18311644,0.6747504,0.71454453,0.18476495
1356333607364,-0.05625832,-0.26248842,0.96329373,0.7444264,-0.6539713,-0.134725,0.66533023,0.7095219,0.23219466
1356333607405,-0.063301146,-0.27247095,0.96007943,0.7461914,-0.6517409,-0.13576552,0.6627152,0.70780885,0.24457139
1356333607446,-0.0075460076,-0.29304335,0.95606935,0.7434392,-0.64106226,-0.1906232,0.6687609,0.70934105,0.22269744
1356333607484,0.08610046,-0.3158061,0.9449091,0.7255241,-0.6301174,-0.27670693,0.68278944,0.70937896,0.17487156
1356333607524,0.18296874,-0.33018988,0.9260114,0.6880917,-0.62973493,-0.36050463,0.70217675,0.7031418,0.11197919
1356333607562,0.25922853,-0.33154038,0.9071282,0.63958263,-0.644849,-0.4184541,0.72369516,0.68865865,0.044884205
1356333607603,0.30787724,-0.3206709,0.8957576,0.5917096,-0.6727282,-0.44420308,0.7450445,0.6667884,-0.017373592
1356333607643,0.32802355,-0.29887438,0.89614433,0.55372524,-0.7077479,-0.43872693,0.7653685,0.6401305,-0.06666368
1356333607683,0.3197661,-0.26692277,0.90912145,0.53024554,-0.74476594,-0.40517083,0.785232,0.6116175,-0.0966163
1356333607724,0.28429788,-0.22623388,0.93166137,0.5197473,-0.78020424,-0.34805748,0.80562854,0.58318055,-0.10422596
1356333607764,0.22789764,-0.18000059,0.9569025,0.5167462,-0.81058466,-0.2755463,0.82524896,0.55727214,-0.09171569
1356333607804,0.16397357,-0.13447507,0.97725594,0.5163075,-0.83243847,-0.2011786,0.8405589,0.5375525,-0.067067415
1356333607844,0.10731077,-0.09662151,0.9895194,0.51799315,-0.844082,-0.13859528,0.8486268,0.52743703,-0.040529817
1356333607884,0.06710768,-0.071184844,0.99520314,0.52419126,-0.84618664,-0.09587282,0.8489523,0.5281106,-0.019471139
1356333607924,0.04680133,-0.060289636,0.99708307,0.53637344,-0.84055173,-0.07600121,0.8426821,0.53836584,-0.0070011355
1356333607982,0.04708892,-0.06446394,0.99680847,0.55354464,-0.82899135,-0.07976043,0.83148724,0.55553377,-0.0033526495
1356333608003,0.06804466,-0.083083585,0.9942168,0.5732152,-0.812373,-0.10711858,0.8165747,0.57718897,-0.007652819
1356333608044,0.08847982,-0.08669457,0.992298,0.59558356,-0.79390293,-0.12246741,0.79840565,0.6018323,-0.018610477
1356333608084,0.17152417,-0.16138454,0.9718717,0.6056274,-0.7608042,-0.23322193,0.77704245,0.6285953,-0.0327574
1356333608124,0.24582112,-0.22218283,0.9435077,0.61025906,-0.7207778,-0.3287297,0.75309753,0.6565928,-0.041593347
1356333608164,0.2939253,-0.27232385,0.9162138,0.61769485,-0.67738825,-0.3994975,0.72942513,0.68336296,-0.030888498
1356333608204,0.29777032,-0.31371915,0.901617,0.6389924,-0.6361788,-0.43239474,0.70924014,0.7048807,0.011029005
1356333608244,0.2544369,-0.34723932,0.9026,0.67489976,-0.6047113,-0.42288828,0.69265586,0.7167629,0.08049089
1356333608284,0.18529499,-0.37161392,0.9097081,0.71119565,-0.58812577,-0.38510895,0.6781346,0.7183392,0.15531343
1356333608324,0.12883526,-0.38665566,0.91318065,0.7341857,-0.5818221,-0.34993494,0.6666129,0.71552813,0.20891783
1356333608364,0.11427784,-0.395051,0.9115236,0.74110985,-0.57713085,-0.34303945,0.6615865,0.71474093,0.226823
1356333608404,0.14463896,-0.39862588,0.90563613,0.73213017,-0.5725862,-0.36895853,0.66563123,0.7164094,0.20902783
1356333608444,0.20306551,-0.39689663,0.8951187,0.7065481,-0.57350886,-0.4145811,0.67790437,0.71663153,0.16396666
1356333608484,0.26876736,-0.3895197,0.8809305,0.66674435,-0.58481044,-0.46200502,0.69513744,0.7115272,0.10253218
1356333608524,0.32682437,-0.37752032,0.8664088,0.6191046,-0.6071405,-0.49808624,0.7140696,0.6991844,0.03529629
1356333608564,0.36827892,-0.36246485,0.8561483,0.57219964,-0.63743675,-0.5160058,0.7327743,0.6799218,-0.027352273
1356333608604,0.38798803,-0.34554833,0.8544364,0.5335298,-0.6717319,-0.5139282,0.75153923,0.65526533,-0.07626358
1356333608644,0.38320917,-0.32678285,0.8639234,0.5080844,-0.70652586,-0.49261677,0.77136296,0.6277213,-0.10471389
1356333608685,0.3537832,-0.30590904,0.88388747,0.4956122,-0.74011904,-0.45452428,0.793225,0.5988685,-0.1102294
1356333608724,0.3058535,-0.28239024,0.9092356,0.49260753,-0.77029705,-0.4049447,0.814734,0.57175004,-0.09649047
1356333608764,0.2510144,-0.25752693,0.93309784,0.4959203,-0.7936289,-0.3524432,0.83129704,0.5512105,-0.07149944
1356333608804,0.2013588,-0.2339839,0.9511605,0.504845,-0.8073492,-0.30548128,0.8393963,0.5417,-0.044441253
1356333608844,0.16481864,-0.21466446,0.96268064,0.518934,-0.8111465,-0.26972008,0.83877426,0.5440226,-0.022295386
1356333608884,0.14457458,-0.20167728,0.9687231,0.53618234,-0.8068491,-0.24799807,0.831629,0.55526644,-0.008514106
1356333608924,0.14124268,-0.19590944,0.97039676,0.55462044,-0.7962918,-0.24148594,0.8200284,0.57231003,-0.0038149916
1356333608982,0.15357238,-0.1975551,0.96818775,0.57175255,-0.7813681,-0.25012574,0.8059246,0.5919763,-0.007043928
1356333609004,0.17997676,-0.20554118,0.961957,0.5861151,-0.76296395,-0.27268124,0.78998566,0.6128938,-0.016844992
1356333609044,0.21709841,-0.21861702,0.95135427,0.5971972,-0.7411826,-0.3066005,0.7721553,0.6347085,-0.030352116
1356333609084,0.25486112,-0.23576704,0.93779516,0.60660875,-0.71627396,-0.34493116,0.7530416,0.6567843,-0.039532032
1356333609124,0.27559137,-0.25672722,0.9263587,0.6200327,-0.6889424,-0.37539014,0.73458064,0.677827,-0.030687273
1356333609164,0.2632897,-0.28152925,0.9227241,0.6446684,-0.660213,-0.38538474,0.71769154,0.6963189,0.0076657496
1356333609204,0.21629423,-0.30707955,0.9267788,0.68089074,-0.63286644,-0.36860257,0.6997175,0.7107617,0.072202235
1356333609244,0.15283924,-0.32683283,0.93264174,0.71841806,-0.61129564,-0.33195382,0.6786132,0.7207622,0.14137256
1356333609284,0.10176325,-0.33590427,0.93638265,0.7462934,-0.59661317,-0.2951252,0.6577921,0.7288491,0.18996981
1356333609324,0.08560294,-0.33434778,0.93855405,0.7603064,-0.586874,-0.27841175,0.6438993,0.7374215,0.20396858
1356333609364,0.10702753,-0.325382,0.93950605,0.75971353,-0.5828084,-0.28839156,0.6413895,0.7446213,0.18482056
1356333609404,0.15438372,-0.31239283,0.93732405,0.7437427,-0.5877696,-0.31839234,0.6503941,0.7462825,0.1415978
1356333609444,0.21081328,-0.2975823,0.93112975,0.7138063,-0.60392505,-0.35461998,0.66786116,0.7394048,0.08510059
1356333609484,0.26242656,-0.2822097,0.9227622,0.6745839,-0.6301209,-0.38455737,0.68997747,0.72339857,0.025013626
1356333609524,0.29949254,-0.26661706,0.9160893,0.63324726,-0.66264236,-0.39987868,0.71365404,0.6998717,-0.029621903
1356333609564,0.31593192,-0.25034004,0.9151595,0.5968848,-0.6973307,-0.39681035,0.73750633,0.6716098,-0.07088485
1356333609604,0.3091452,-0.23242748,0.92217505,0.5693324,-0.7314827,-0.3752249,0.7617676,0.6410231,-0.09380588
1356333609644,0.28032154,-0.21208341,0.936184,0.550528,-0.76342404,-0.33779088,0.7863452,0.6100855,-0.09724635
1356333609684,0.23611617,-0.189621,0.95304406,0.5388907,-0.7905869,-0.29080784,0.80860746,0.582251,-0.08448535
1356333609724,0.18732446,-0.16715656,0.9679712,0.5338135,-0.8098859,-0.24316229,0.8245925,0.56226635,-0.062481016
1356333609782,0.14428788,-0.14807019,0.9783947,0.53541386,-0.8198232,-0.20303164,0.83217365,0.5531411,-0.039011717
1356333609803,0.11359018,-0.13597502,0.98417884,0.5426962,-0.8212605,-0.176102,0.83221275,0.55411357,-0.019493941
1356333609843,0.09869856,-0.1338165,0.986079,0.5539267,-0.81581724,-0.16615461,0.8266945,0.5626147,-0.0063954033
1356333609879,0.101447284,-0.14373975,0.98440206,0.56674117,-0.8048924,-0.1759336,0.81762636,0.57574916,-1.909174E-4
1356333609909,0.11891186,-0.16565886,0.9789878,0.5772451,-0.79070085,-0.20391256,0.80786633,0.5893636,0.0016019978
1356333609961,0.1503402,-0.19264247,0.9696838,0.5872537,-0.77163994,-0.2443461,0.7953182,0.60618544,-0.0028785467
1356333609981,0.19563282,-0.23118034,0.95303905,0.5919161,-0.74699754,-0.3027047,0.7818972,0.62333816,-0.009297907
1356333610023,0.2437374,-0.26982698,0.93155,0.5955907,-0.7164152,-0.36334693,0.76541746,0.64338374,-0.01391077
1356333610063,0.28324598,-0.31271058,0.90663326,0.6016015,-0.67828864,-0.42190072,0.74689186,0.66493356,-0.0039954185
1356333610104,0.29328084,-0.35446292,0.8878865,0.62022763,-0.6362125,-0.45885888,0.727533,0.6852662,0.033258706
1356333610144,0.26876235,-0.39132363,0.8801322,0.6538722,-0.59682375,-0.46502954,0.70726085,0.70047635,0.09547192
1356333610184,0.22688836,-0.41941375,0.8789845,0.6903623,-0.56734294,-0.44891196,0.6869655,0.7086707,0.16082394
1356333610224,0.19506472,-0.43678224,0.87816346,0.71503305,-0.5495213,-0.43215063,0.6713252,0.7122133,0.20512146
1356333610264,0.19132823,-0.4446505,0.8750311,0.721251,-0.5409738,-0.4326017,0.66572547,0.713886,0.21720114
1356333610304,0.21557564,-0.44518316,0.8691024,0.70831764,-0.5413663,-0.4529997,0.6721706,0.71325624,0.19862568
1356333610344,0.2554282,-0.4399836,0.86091286,0.6783297,-0.55295223,-0.48385206,0.6889306,0.7075722,0.15721431
1356333610384,0.29656547,-0.4302882,0.8525849,0.63651574,-0.57649004,-0.51235425,0.7119667,0.69463027,0.10291821
1356333610424,0.32964766,-0.41707006,0.8469858,0.59052676,-0.6088843,-0.52965844,0.736621,0.67476845,0.04557377
1356333610464,0.3500675,-0.40057456,0.84675425,0.54868543,-0.6449596,-0.53195053,0.75920814,0.6508203,-0.0059899683
1356333610504,0.35493875,-0.3802349,0.8540725,0.51753044,-0.6808946,-0.518213,0.7785761,0.6259424,-0.044892758
1356333610544,0.3414544,-0.3548678,0.870332,0.4997997,-0.71565866,-0.48788625,0.7959957,0.6015826,-0.06700197
1356333610584,0.308609,-0.32322866,0.8945858,0.49436986,-0.7489811,-0.44116414,0.81262475,0.5784035,-0.07134783
1356333610625,0.26057482,-0.28523606,0.92235625,0.4979272,-0.7787935,-0.38150904,0.8271452,0.5586779,-0.060907185
1356333610664,0.20699662,-0.2432824,0.94761074,0.50703114,-0.80168563,-0.3165748,0.83670294,0.54599804,-0.042594463
1356333610704,0.15842038,-0.20187029,0.96651506,0.5197741,-0.81521344,-0.2554644,0.8394867,0.54284024,-0.024219545
1356333610744,0.12168944,-0.16582082,0.978619,0.53560275,-0.819111,-0.20539442,0.8356563,0.54914534,-0.010863062
1356333610784,0.0996716,-0.13903803,0.98525834,0.5542203,-0.81461096,-0.17102309,0.82638097,0.56309634,-0.00413594
1356333610824,0.09351957,-0.12407094,0.9878565,0.5745106,-0.803625,-0.15532064,0.81313694,0.58205956,-0.0038746335
1356333610864,0.10463017,-0.122268826,0.9869665,0.59488785,-0.78759426,-0.1606351,0.7969698,0.6039417,-0.009669874
1356333610904,0.13373554,-0.13432077,0.9818721,0.6128228,-0.76742023,-0.1884529,0.7788216,0.62691635,-0.020316545
1356333610944,0.17914641,-0.15875967,0.9709284,0.6267692,-0.7422821,-0.2370184,0.7583317,0.65100896,-0.03347152
1356333610984,0.23053712,-0.19327487,0.95367575,0.6368675,-0.71103036,-0.298053,0.7356986,0.67607737,-0.040828403
1356333611021,0.26680332,-0.232866,0.93519485,0.64760655,-0.6753205,-0.35291338,0.71373785,0.6997968,-0.029372152
1356333611062,0.25807762,-0.26741242,0.92837846,0.67103493,-0.64170873,-0.37137878,0.6950598,0.7188189,0.013832357
1356333611103,0.19028074,-0.28855103,0.9383664,0.70837104,-0.6214217,-0.33473194,0.6797085,0.72840464,0.08615667
1356333611144,0.08545917,-0.29093713,0.9529179,0.73982805,-0.62207496,-0.25627583,0.6673464,0.72689646,0.16208139
1356333611184,-0.0034051538,-0.2813036,0.9596128,0.7504375,-0.6349656,-0.18347272,0.6609326,0.7195047,0.21326292
1356333611224,-0.030029833,-0.2768724,0.9604373,0.7475313,-0.6440917,-0.1623042,0.6635474,0.713083,0.22631285
1356333611264,0.012862742,-0.28733122,0.95774496,0.73763037,-0.643937,-0.20309287,0.6750822,0.7090741,0.20366138
1356333611304,0.10004699,-0.3074589,0.9462873,0.71417475,-0.6400074,-0.28345197,0.69278073,0.70417297,0.15554857
1356333611344,0.19512314,-0.32529205,0.9252632,0.6733464,-0.6415035,-0.36752945,0.71311396,0.6947362,0.09386206
1356333611384,0.27240872,-0.3325342,0.9028923,0.6230218,-0.65413934,-0.42888865,0.73323756,0.67935455,0.02898282
1356333611424,0.3215121,-0.3259916,0.88902164,0.5759025,-0.677945,-0.45686632,0.75164235,0.6588779,-0.030228138
1356333611464,0.33964688,-0.30439705,0.889934,0.5421575,-0.7098112,-0.44970363,0.7685736,0.63522476,-0.07605404
1356333611504,0.3258623,-0.26652753,0.90707046,0.52604306,-0.7460881,-0.40820488,0.7855523,0.61017674,-0.102917016
1356333611544,0.28152263,-0.21239859,0.93575203,0.5242431,-0.7827416,-0.33538747,0.8036878,0.5849807,-0.109010994
1356333611584,0.21425366,-0.14613706,0.9657843,0.5281738,-0.81439507,-0.24040201,0.8216616,0.561609,-0.097301364
1356333611624,0.1379,-0.07681115,0.98746324,0.5309179,-0.83591807,-0.13916606,0.8361279,0.54345286,-0.07449269
1356333611664,0.06778699,-0.014689684,0.9975917,0.5324119,-0.8450878,-0.048621774,0.84376687,0.53442556,-0.04946494
1356333611704,0.014236033,0.03280747,0.9993603,0.5367512,-0.84350246,0.020044804,0.8436204,0.5361225,-0.029617578
1356333611744,-0.01956731,0.06255995,0.9978494,0.5474268,-0.8344749,0.06305194,0.8366248,0.54748327,-0.017918617
1356333611784,-0.033373892,0.07394092,0.99670404,0.5649323,-0.82126534,0.07984224,0.8244621,0.565735,-0.014362842
1356333611824,-0.02682823,0.067110896,0.99738485,0.58779144,-0.80597484,0.07004225,0.8085676,0.58813334,-0.017824374
1356333611864,0.0012866259,0.042099893,0.99911255,0.61306643,-0.78936374,0.032472163,0.7900303,0.61248064,-0.026825659
1356333611904,0.051810265,-7.7176094E-4,0.99865663,0.63671094,-0.77036893,-0.033627838,0.76936007,0.6375979,-0.03942158
1356333611944,0.12040126,-0.05945614,0.9909432,0.65354955,-0.7466231,-0.12420443,0.7472459,0.6625849,-0.051036768
1356333611987,0.1862148,-0.12576461,0.9744267,0.661591,-0.7171745,-0.21899362,0.7263755,0.6854518,-0.05034381
1356333612024,0.22122496,-0.18886547,0.9567598,0.6667733,-0.686642,-0.28971732,0.7116691,0.70203465,-0.02597189
1356333612064,0.17501229,-0.2246196,0.9586015,0.68475163,-0.67182195,-0.28243685,0.7074503,0.7058338,0.036231484
1356333612104,0.049070835,-0.22457021,0.9732216,0.7032777,-0.68412524,-0.19332144,0.70921963,0.69393146,0.12436458
1356333612144,-0.10002768,-0.1955289,0.9755834,0.6958823,-0.7145513,-0.07186258,0.7111556,0.671703,0.20754
1356333612184,-0.19750512,-0.16671276,0.9660221,0.67175925,-0.74070853,0.009513557,0.71395475,0.6508132,0.2582845
1356333612224,-0.2133128,-0.16400875,0.9631193,0.6591662,-0.75178254,0.0179725,0.7211086,0.6386895,0.2684738
1356333612264,-0.15458816,-0.19460064,0.96862435,0.66248244,-0.74775463,-0.04449773,0.7329526,0.6348178,0.24451351
1356333612304,-0.038309753,-0.2528064,0.9667582,0.6630019,-0.73027694,-0.16469398,0.74763685,0.6346531,0.19558781
1356333612344,0.099203885,-0.3175617,0.94303405,0.63927746,-0.7059187,-0.30496407,0.76255023,0.63311404,0.13298011
1356333612384,0.22148693,-0.3689017,0.9026933,0.59070957,-0.68576723,-0.42518896,0.77589035,0.6274033,0.06602523
1356333612425,0.30770344,-0.39657363,0.8648976,0.5351314,-0.67947924,-0.5019384,0.78673553,0.6172821,0.003140986
1356333612464,0.35477012,-0.39914852,0.84546936,0.49132538,-0.6897678,-0.53180796,0.79544795,0.6040701,-0.048597187
1356333612504,0.3659845,-0.3772089,0.8507461,0.4694199,-0.714523,-0.5187503,0.80355483,0.5892117,-0.084435016
1356333612543,0.3440287,-0.33057615,0.87884223,0.4702358,-0.7494844,-0.46599516,0.8127254,0.5735788,-0.102395445
1356333612584,0.2910635,-0.26028144,0.920617,0.48709238,-0.78790414,-0.37676,0.8234216,0.5580866,-0.10254902
1356333612624,0.21700668,-0.17425187,0.9604917,0.50835127,-0.8198185,-0.26358426,0.83335894,0.5454667,-0.08932495
1356333612664,0.13876945,-0.088616654,0.9863519,0.52604294,-0.8372628,-0.14923084,0.8390601,0.5395722,-0.06957033
1356333612704,0.07340944,-0.019133419,0.99711835,0.54036486,-0.8395724,-0.05589281,0.8382225,0.54291075,-0.051293522
1356333612744,0.030495882,0.024699569,0.9992297,0.5556614,-0.831401,0.0035926104,0.83084923,0.5551238,-0.03907896
1356333612784,0.01423651,0.038927555,0.99914056,0.57438225,-0.8182442,0.02369541,0.8184634,0.5735513,-0.0340083
1356333612824,0.028314233,0.021348476,0.99937105,0.5960011,-0.8029836,2.6732683E-4,0.8024843,0.59561867,-0.035459578
1356333612864,0.07919234,-0.032222748,0.9963384,0.61545634,-0.7846615,-0.07429543,0.78418237,0.6190864,-0.042307474
1356333612904,0.17318541,-0.12550758,0.9768595,0.6209352,-0.75597763,-0.20721282,0.7644908,0.6424528,-0.052992165
1356333612944,0.30402994,-0.2513225,0.91891396,0.5952261,-0.70300996,-0.3892081,0.74382234,0.6652925,-0.064142376
1356333612986,0.4364301,-0.3818652,0.8146826,0.5343082,-0.6185194,-0.57614976,0.72390854,0.6867407,-0.06590679
1356333613024,0.5296355,-0.48819667,0.69364995,0.46558046,-0.51624894,-0.7188337,0.7090283,0.70366967,-0.04612893
1356333613064,0.5515176,-0.5559906,0.6218542,0.44803485,-0.4313844,-0.78305304,0.7036284,0.71048,0.011187106
1356333613104,0.5143141,-0.6023054,0.610499,0.488566,-0.3792789,-0.7857803,0.7048292,0.702407,0.09919748
1356333613144,0.43996525,-0.6343747,0.6356094,0.5536639,-0.36564046,-0.74817324,0.7070267,0.68108416,0.19036132
1356333613184,0.37625158,-0.6580251,0.65225583,0.5958007,-0.36729145,-0.71422577,0.7095465,0.65734315,0.25385785
1356333613224,0.36582536,-0.6806719,0.6347106,0.59474164,-0.35358852,-0.7219815,0.715859,0.641608,0.2754723
1356333613264,0.40156245,-0.6994271,0.59122694,0.5565802,-0.3262918,-0.76403666,0.7273005,0.63587356,0.25826082
1356333613304,0.45222735,-0.7080056,0.54241914,0.4949511,-0.30670828,-0.8129905,0.7419662,0.63612753,0.21172625
1356333613344,0.49557474,-0.7060839,0.50581735,0.4266188,-0.30939075,-0.84986687,0.75657254,0.6369637,0.14790249
1356333613384,0.5256999,-0.69665235,0.48817533,0.3646142,-0.33395505,-0.8692127,0.7685676,0.6349407,0.07844916
1356333613426,0.5447572,-0.6816878,0.48840702,0.31505638,-0.37337673,-0.8725418,0.7771609,0.62919915,0.01137045
1356333613464,0.5536525,-0.661106,0.5063672,0.28320813,-0.42234156,-0.8610579,0.7831105,0.62013423,-0.04659987
1356333613504,0.5500908,-0.6332649,0.54440403,0.27428955,-0.4787243,-0.83401936,0.7887746,0.6081107,-0.089643896
1356333613544,0.5290481,-0.5945802,0.6054606,0.29130667,-0.54288125,-0.78766763,0.7970248,0.59308875,-0.11400515
1356333613584,0.48523176,-0.53993213,0.6877671,0.33171138,-0.61410403,-0.71613115,0.8090227,0.57562965,-0.118881136
1356333613624,0.4186182,-0.466398,0.77925074,0.38497847,-0.6860071,-0.61740255,0.8225268,0.5584507,-0.10762185
1356333613664,0.3379888,-0.3792348,0.861362,0.43733925,-0.7471209,-0.5005444,0.83336544,0.5458858,-0.08666423
1356333613704,0.25851953,-0.29113108,0.921092,0.4806956,-0.788301,-0.3840747,0.8379138,0.54205567,-0.06384578
1356333613744,0.19320577,-0.21550258,0.95719916,0.51495713,-0.80813926,-0.2858849,0.8351591,0.54815114,-0.04516259
1356333613784,0.14858013,-0.16057916,0.9757757,0.5437375,-0.81091815,-0.2162435,0.82599854,0.5626953,-0.033173412
1356333613824,0.126921,-0.12907551,0.9834788,0.5695446,-0.80227864,-0.17879558,0.8121022,0.582828,-0.0283117
1356333613864,0.12892532,-0.12053126,0.984302,0.59263134,-0.78647083,-0.17392984,0.7950888,0.6057522,-0.029965345
1356333613904,0.15434575,-0.1326981,0.9790652,0.61132693,-0.76565063,-0.20014614,0.77618086,0.62942064,-0.03705299
1356333613944,0.20030099,-0.1616394,0.96630853,0.6230385,-0.7401594,-0.2529566,0.75611013,0.65271485,-0.047547042
1356333613984,0.2558598,-0.20062426,0.9456668,0.6269965,-0.7101311,-0.32029542,0.73580647,0.6748805,-0.055903286
