1356333899959,-0.07954526,-0.16021647,-0.9838716,0.43541044,-0.8934507,0.1102895,-0.8967109,-0.4196149,0.14082962
1356333899984,-0.13623059,0.56437504,0.8142002,-0.42113155,0.71091676,-0.56324553,-0.89671034,-0.41961667,0.14082754
1356333900041,-0.13628605,0.5644151,0.8141632,-0.42113924,0.7108675,-0.563302,-0.89669836,-0.41964626,0.14081603
1356333900059,-0.13648778,0.5646112,0.81399333,-0.42119345,0.710641,-0.56354713,-0.8966421,-0.419766,0.14081675
1356333900096,-0.13690048,0.565162,0.81354177,-0.42147434,0.7099939,-0.5641525,-0.8964472,-0.42011973,0.14100277
1356333900142,-0.1377641,0.56670946,0.8123185,-0.42183182,0.7084693,-0.5657996,-0.8961467,-0.42060867,0.14145446
1356333900155,-0.13869384,0.56890136,0.8106265,-0.42248434,0.70632625,-0.5679878,-0.8956958,-0.42125338,0.14238876
1356333900190,-0.13927385,0.5718697,0.80843544,-0.42378712,0.70343316,-0.5706016,-0.8949901,-0.4220744,0.14438117
1356333900220,-0.14076859,0.5773629,0.8042614,-0.42488933,0.69850606,-0.5758111,-0.8942334,-0.42277816,0.14698756
1356333900251,-0.14147562,0.5830232,0.80004275,-0.42631313,0.6935103,-0.5807758,-0.8934437,-0.4232344,0.15043575
1356333900280,-0.14110136,0.58864975,0.79597855,-0.4281255,0.68867046,-0.58518505,-0.89263594,-0.42334914,0.15484363
1356333900310,-0.13938487,0.593958,0.7923293,-0.43039313,0.6842735,-0.5886693,-0.8918147,-0.42306468,0.16025805
1356333900345,-0.13619629,0.5987487,0.78927207,-0.43313816,0.68052626,-0.5909952,-0.890978,-0.4223553,0.16665578
1356333900384,-0.13032648,0.602259,0.7875908,-0.4368386,0.67822635,-0.59091544,-0.8900489,-0.42106196,0.17469907
1356333900414,-0.1257807,0.6073859,0.7843861,-0.4400246,0.67447764,-0.5928391,-0.88913304,-0.41971695,0.18242854
1356333900444,-0.12170914,0.6122652,0.7812285,-0.44306263,0.6708001,-0.5947458,-0.88819045,-0.4185192,0.18962938
1356333900474,-0.11842483,0.61702645,0.7779806,-0.44607878,0.6669231,-0.5968477,-0.8871241,-0.41772225,0.19626212
1356333900504,-0.1162166,0.6217846,0.7745177,-0.44929418,0.6625438,-0.5993084,-0.88579255,-0.4176358,0.20236558
1356333900534,-0.11542383,0.62669206,0.7706713,-0.45288312,0.6573229,-0.6023483,-0.88406676,-0.41854945,0.20794755
1356333900564,-0.11634377,0.6318933,0.76627344,-0.45679724,0.65102947,-0.60621524,-0.88192993,-0.420561,0.21290386
1356333900594,-0.119149745,0.6374691,0.7612073,-0.46080643,0.64359266,-0.6111022,-0.87946624,-0.42358187,0.21706593
1356333900624,-0.123720735,0.6433611,0.7554996,-0.4645126,0.6352333,-0.61701447,-0.8768816,-0.42727655,0.22025782
1356333900654,-0.12971237,0.6493783,0.74932134,-0.4675337,0.6263689,-0.62375814,-0.8744066,-0.43124217,0.22235852
1356333900684,-0.13677102,0.6553027,0.74288094,-0.4696121,0.6174114,-0.63108456,-0.87221456,-0.43517995,0.22329408
1356333900714,-0.14495894,0.66109765,0.73616356,-0.47065866,0.6083821,-0.63902396,-0.870326,-0.43911403,0.22296095
1356333900744,-0.15486547,0.6669695,0.72881305,-0.4706697,0.59880126,-0.64800245,-0.86861193,-0.4433834,0.22118872
1356333900774,-0.16685832,0.67300487,0.7205712,-0.46972337,0.58829516,-0.65823156,-0.8669016,-0.4483005,0.21796411
1356333900804,-0.18128109,0.679347,0.7110729,-0.4677687,0.57645816,-0.6699913,-0.86506045,-0.45407444,0.21327633
1356333900834,-0.19732034,0.68560785,0.7007186,-0.46488053,0.5638568,-0.68260646,-0.86310536,-0.46044254,0.20746535
1356333900864,-0.21356314,0.6912667,0.69031966,-0.46123725,0.5515618,-0.6950107,-0.86119163,-0.46682975,0.20104468
1356333900895,-0.22836241,0.69580334,0.68096125,-0.45713446,0.54091287,-0.70600384,-0.8595805,-0.47251564,0.19455153
1356333900924,-0.2409415,0.6991636,0.67313987,-0.45266777,0.53255844,-0.71517366,-0.8585097,-0.47702378,0.18817347
1356333900954,-0.2517584,0.701803,0.6664009,-0.44764787,0.5260468,-0.7231087,-0.85803795,-0.48036164,0.18172395
1356333900984,-0.26226097,0.7045391,0.6594269,-0.4417885,0.5198678,-0.73113644,-0.857929,-0.48307577,0.17491621
1356333901014,-0.2741326,0.7082019,0.6506162,-0.43493915,0.512088,-0.7406712,-0.8577176,-0.4860205,0.16764468
1356333901044,-0.2884846,0.71326995,0.6387666,-0.42704594,0.5012516,-0.75258136,-0.85697633,-0.48989078,0.15999568
1356333901074,-0.30516818,0.71959865,0.6237389,-0.41800082,0.48729423,-0.76669395,-0.85565627,-0.49469396,0.1520862
1356333901104,-0.32284793,0.7264784,0.6066288,-0.4077528,0.4716545,-0.7818438,-0.8541118,-0.49977124,0.14395088
1356333901134,-0.33946276,0.7329211,0.58956903,-0.3966876,0.45677197,-0.7962401,-0.8528798,-0.5041685,0.13568366
1356333901164,-0.35303444,0.73795843,0.57513833,-0.3855538,0.4453507,-0.808091,-0.8524759,-0.50703067,0.12729847
1356333901194,-0.3617288,0.74061763,0.5662488,-0.375414,0.4402421,-0.81562924,-0.853356,-0.5076144,0.11878997
1356333901224,-0.3637247,0.73975486,0.5660981,-0.36748964,0.4444763,-0.8169407,-0.8559531,-0.5051767,0.110185206
1356333901254,-0.3575873,0.7338582,0.5775666,-0.3628318,0.46069953,-0.81000555,-0.8605139,-0.4992073,0.101526916
1356333901284,-0.34275204,0.72100484,0.6022234,-0.3615578,0.49043018,-0.79294026,-0.86706233,-0.48952043,0.09258902
1356333901314,-0.3195967,0.698712,0.64004636,-0.3628782,0.53372556,-0.7638432,-0.8753154,-0.4763807,0.0829705
1356333901344,-0.28922665,0.66434705,0.6891959,-0.3651265,0.5889736,-0.7209666,-0.8848902,-0.46016645,0.07222384
1356333901374,-0.25356954,0.615606,0.7461446,-0.36643252,0.65273774,-0.6630691,-0.89522606,-0.44154575,0.06006366
1356333901404,-0.21575299,0.5521222,0.80536443,-0.36475748,0.7195095,-0.5909805,-0.9057608,-0.42126846,0.04615432
1356333901434,-0.17966782,0.47584814,0.86098087,-0.35903293,0.7831296,-0.5077435,-0.9158684,-0.4003456,0.03014195
1356333901464,-0.14992228,0.39219812,0.9075814,-0.34912494,0.8378209,-0.41972366,-0.9250055,-0.3797852,0.011318147
1356333901494,-0.130687,0.30804062,0.9423544,-0.33644503,0.8803219,-0.33442184,-0.9325908,-0.36075506,-0.011407912
1356333901524,-0.12587813,0.23102313,0.96477103,-0.32330322,0.90986013,-0.26005706,-0.9378859,-0.34464905,-0.039840937
1356333901554,-0.13839296,0.16704647,0.97618794,-0.31260186,0.9279165,-0.20310336,-0.93974864,-0.33326626,-0.0761981
1356333901584,-0.16900289,0.11895195,0.97841126,-0.3069869,0.93695813,-0.16693866,-0.9365881,-0.32857254,-0.12183195
1356333901614,-0.21586141,0.086719,0.9725655,-0.3076823,0.9392633,-0.15203984,-0.9266798,-0.33206075,-0.17606878
1356333901644,-0.27182212,0.06587125,0.96009046,-0.31385714,0.9370373,-0.15314928,-0.9097287,-0.34296063,-0.23403335
1356333901674,-0.325305,0.04919146,0.9443288,-0.32392752,0.932427,-0.16015892,-0.88839614,-0.35799456,-0.28738868
1356333901704,-0.36402673,0.029102877,0.93093365,-0.33762336,0.9274075,-0.16101488,-0.86804086,-0.3729187,-0.3277753
1356333901734,-0.3809203,0.0018709451,0.92460597,-0.3555032,0.9228306,-0.148328,-0.8535322,-0.3852015,-0.35085976
1356333901764,-0.37496948,-0.03179975,0.9264916,-0.3768701,0.9183279,-0.12100725,-0.8469751,-0.39454097,-0.35632932
1356333901794,-0.34761876,-0.06936315,0.9350669,-0.39980993,0.9130205,-0.08090486,-0.8481234,-0.40197307,-0.34511513
1356333901825,-0.3014354,-0.10754432,0.9474021,-0.42146176,0.9063087,-0.031217083,-0.8552816,-0.40870374,-0.31851935
1356333901854,-0.24075174,-0.14255339,0.960061,-0.43849975,0.8984256,0.023440227,-0.86588484,-0.41534323,-0.27880716
1356333901884,-0.17071643,-0.17133877,0.97030866,-0.44859263,0.8903011,0.07828537,-0.87728024,-0.4219087,-0.22885036
1356333901914,-0.0976215,-0.19134368,0.9766563,-0.45115548,0.8832265,0.12794401,-0.8870901,-0.4281338,-0.17254764
1356333901944,-0.026405899,-0.20189334,0.9790515,-0.4476323,0.8781021,0.16900322,-0.8938278,-0.43379238,-0.113561034
1356333901976,0.03905672,-0.2031677,0.97836465,-0.44041017,0.87538165,0.19936356,-0.8969467,-0.43866828,-0.0552876
1356333902004,0.09626666,-0.19615087,0.9758369,-0.43206987,0.87497056,0.21849975,-0.8966874,-0.44266394,-5.2040815E-4
1356333902034,0.1433424,-0.18176845,0.9728377,-0.42509392,0.8763826,0.22638175,-0.89372706,-0.4459975,0.04835415
1356333902064,0.17897502,-0.1607439,0.9706335,-0.42183352,0.8787434,0.22330809,-0.88883317,-0.4494123,0.089465976
1356333902094,0.2026777,-0.13381286,0.97005975,-0.4242267,0.88083637,0.21014023,-0.8825834,-0.454116,0.12175888
1356333902124,0.21398348,-0.10120797,0.9715802,-0.43320847,0.8816282,0.18724884,-0.8755236,-0.46096492,0.14480972
1356333902154,0.21238893,-0.06306577,0.97514796,-0.4480527,0.8805497,0.15453444,-0.86841214,-0.46973908,0.15876222
1356333902184,0.19819024,-0.019735888,0.9799648,-0.46594292,0.87770915,0.11190979,-0.86233276,-0.47878706,0.16475761
1356333902214,0.1731838,0.027341068,0.98451006,-0.4828385,0.87360495,0.060674384,-0.85841393,-0.48586714,0.16449553
1356333902244,0.14077803,0.07555507,0.98715395,-0.49491447,0.8689322,0.0040731877,-0.857462,-0.4891302,0.15971988
1356333902274,0.10506004,0.1215224,0.9870131,-0.49970964,0.86455435,-0.053254783,-0.8597981,-0.48762494,0.15155602
1356333902304,0.07059311,0.16154614,0.9843371,-0.4966803,0.8614658,-0.10576078,-0.86505795,-0.48143485,0.14105034
1356333902334,0.041172676,0.19249116,0.98043454,-0.48671407,0.8608346,-0.14857057,-0.87259054,-0.47107425,0.12913102
1356333902364,0.019292235,0.21213785,0.9770493,-0.47169462,0.8635706,-0.17818546,-0.88155085,-0.45743132,0.11672449
1356333902394,0.005280949,0.21983308,0.9755232,-0.4533615,0.87004524,-0.19360948,-0.8913111,-0.44124222,0.10425848
1356333902424,-0.0019775033,0.21573585,0.9764498,-0.43309486,0.87993795,-0.19528973,-0.90134627,-0.42328155,0.091694
1356333902454,-0.004895352,0.20106998,0.97956467,-0.41155246,0.89236504,-0.18522772,-0.9113729,-0.404049,0.07838243
1356333902484,-0.0067080334,0.17750809,0.98409647,-0.3890861,0.9061045,-0.16609234,-0.92117697,-0.3840124,0.062987745
1356333902514,-0.01233995,0.14797299,0.9889144,-0.36612427,0.91964066,-0.14217606,-0.93048406,-0.36382005,0.042828202
1356333902544,-0.027818441,0.11568789,0.992896,-0.34419793,0.931431,-0.11816981,-0.93848497,-0.34504002,0.013908565
1356333902574,-0.059056282,0.08407129,0.99470824,-0.32618326,0.9401268,-0.098823786,-0.94346005,-0.3302933,-0.028097749
1356333902604,-0.10880017,0.055241913,0.9925275,-0.31524634,0.94499946,-0.08715367,-0.9427525,-0.322373,-0.0854013
1356333902637,-0.17347431,0.029220313,0.98440474,-0.31325924,0.9460087,-0.08328392,-0.93368906,-0.32282153,-0.15495467
1356333902676,-0.24332106,0.0044088513,0.9699358,-0.32231873,0.9427944,-0.08514334,-0.91482544,-0.33334565,-0.22798067
1356333902716,-0.2887048,-0.028304413,0.95699966,-0.34291893,0.9363051,-0.07575843,-0.8938993,-0.35004514,-0.2800219
1356333902756,-0.29446793,-0.0688259,0.9531797,-0.37131503,0.92727804,-0.04775554,-0.8805758,-0.36799243,-0.29860973
1356333902796,-0.25532317,-0.1126702,0.9602684,-0.40245652,0.915439,4.0219724E-4,-0.8791125,-0.38636363,-0.27907765
1356333902836,-0.18949395,-0.1496416,0.970412,-0.4260185,0.90297633,0.05605337,-0.884647,-0.40279168,-0.23485863
1356333902876,-0.10490236,-0.17548679,0.9788768,-0.43824852,0.8917353,0.112899244,-0.8927114,-0.41714793,-0.170452
1356333902916,-0.016589582,-0.18496123,0.9826058,-0.439539,0.8840411,0.15898699,-0.89807034,-0.42925602,-0.09596354
1356333902947,0.05772832,-0.17696081,0.98252344,-0.43552947,0.8811091,0.1842848,-0.8983215,-0.43855637,-0.026206672
1356333902986,0.12195253,-0.15982024,0.9795841,-0.43142188,0.88030404,0.19733208,-0.8938695,-0.44667917,0.03840536
1356333903025,0.16954157,-0.13072553,0.9768145,-0.43205646,0.88097715,0.19289002,-0.88576686,-0.45474187,0.09288144
1356333903065,0.1961568,-0.09055644,0.9763821,-0.44124252,0.88106847,0.1703627,-0.8756868,-0.46423906,0.13287026
1356333903097,0.20296064,-0.042238012,0.9782755,-0.457784,0.87906957,0.1329301,-0.86558694,-0.4748184,0.15908062
1356333903134,0.19063115,0.008233517,0.98162717,-0.48015907,0.8729629,0.08592436,-0.8562166,-0.48771706,0.1703673
1356333903164,0.16327101,0.06338897,0.9845427,-0.5020572,0.8643937,0.027605042,-0.8492826,-0.4988039,0.17295533
1356333903194,0.12679887,0.1173719,0.98495984,-0.5184252,0.8544033,-0.03507474,-0.84566975,-0.50618064,0.16918594
1356333903224,0.08559862,0.16885063,0.9819176,-0.5267167,0.8442261,-0.099256694,-0.84572005,-0.5086962,0.16120106
1356333903254,0.044297352,0.21607588,0.9753712,-0.52636564,0.83486754,-0.16104446,-0.8491036,-0.506268,0.15071732
1356333903284,0.0066988617,0.2572919,0.96631044,-0.51812136,0.827397,-0.2167127,-0.8552808,-0.49921435,0.13885105
1356333903314,-0.024424464,0.29117104,0.95635915,-0.5037099,0.82275105,-0.26335728,-0.86352754,-0.48815995,0.12657046
1356333903344,-0.04767573,0.31686977,0.94727004,-0.48536387,0.82151246,-0.29923096,-0.87301135,-0.47403672,0.11463094
1356333903384,-0.06331572,0.33417475,0.940382,-0.46033466,0.8262663,-0.32461673,-0.8854847,-0.45344377,0.101516604
1356333903424,-0.07087244,0.33935302,0.93798536,-0.432122,0.837085,-0.3354987,-0.899026,-0.4291017,0.08731568
1356333903464,-0.075230375,0.3331537,0.93986654,-0.4013593,0.85270107,-0.3343825,-0.91282594,-0.40237984,0.069565296
1356333903504,-0.085431725,0.31680572,0.94463515,-0.3675114,0.8712261,-0.32542357,-0.9260868,-0.3749657,0.0419994
1356333903534,-0.10455054,0.29162914,0.9508006,-0.33404392,0.89019954,-0.3097732,-0.9367412,-0.3499961,0.0043460727
1356333903564,-0.14330983,0.26543695,0.9534178,-0.30276173,0.9054172,-0.29758194,-0.9422301,-0.33130488,-0.04939103
1356333903604,-0.21551919,0.2385015,0.9469258,-0.27830252,0.91449594,-0.29367474,-0.9360017,-0.3268244,-0.13071585
1356333903644,-0.2960472,0.2068739,0.9325016,-0.26630506,0.9196774,-0.28857443,-0.9172991,-0.33376154,-0.21717632
1356333903684,-0.35506868,0.1760968,0.9181046,-0.2688156,0.92138606,-0.28068823,-0.8953571,-0.34646446,-0.27981776
1356333903724,-0.3756901,0.15241173,0.9141267,-0.28344706,0.9202181,-0.26991913,-0.88233477,-0.36051247,-0.30251622
1356333903764,-0.3577692,0.14017852,0.9232286,-0.30516702,0.91683394,-0.25746578,-0.88253856,-0.37385225,-0.28523707
1356333903794,-0.32567674,0.14152096,0.9348296,-0.3243302,0.91201955,-0.25105828,-0.8881129,-0.3849573,-0.25112402
1356333903824,-0.28195244,0.15103965,0.947465,-0.34282088,0.9064765,-0.24652421,-0.89608973,-0.39431888,-0.20380372
1356333903864,-0.21822673,0.16887152,0.9611761,-0.36484182,0.89937896,-0.24084839,-0.905134,-0.40323678,-0.13465714
1356333903904,-0.15329847,0.20204005,0.9673051,-0.3860291,0.8888508,-0.24683122,-0.9096598,-0.41124678,-0.058266163
1356333903934,-0.103851266,0.24636841,0.96359617,-0.40460813,0.8745789,-0.2672153,-0.9085743,-0.41762948,0.008856535
1356333903964,-0.06774823,0.29111847,0.95428514,-0.42351195,0.85764056,-0.29170233,-0.9033536,-0.42391354,0.06518853
1356333904004,-0.04681486,0.33667615,0.94045603,-0.44557646,0.83559394,-0.32131666,-0.894019,-0.43408746,0.110896766
1356333904044,-0.050292537,0.39167073,0.9187299,-0.46789452,0.8034589,-0.36814186,-0.8823521,-0.44838348,0.1428526
1356333904074,-0.07333572,0.4511002,0.88945514,-0.48571923,0.76277876,-0.42690206,-0.87103313,-0.46333265,0.16316909
1356333904104,-0.10986525,0.5052846,0.8559306,-0.49692622,0.7178727,-0.48756868,-0.8608101,-0.47890115,0.17221987
1356333904144,-0.16115755,0.55469877,0.81629497,-0.49701005,0.66895694,-0.5527003,-0.8526483,-0.49477863,0.1678834
1356333904184,-0.2183347,0.6029372,0.76733094,-0.48202908,0.61705136,-0.6220093,-0.8485152,-0.505682,0.15590948
1356333904224,-0.2689291,0.6462525,0.71416724,-0.4544001,0.5686481,-0.68568206,-0.8492336,-0.50891757,0.14073122
1356333904264,-0.3064357,0.68306655,0.66296107,-0.41991276,0.52803457,-0.7381415,-0.8542661,-0.50457865,0.12501967
1356333904304,-0.32886213,0.71276164,0.61953247,-0.38461995,0.49806112,-0.777176,-0.8625063,-0.49386835,0.11034894
1356333904344,-0.33661985,0.7345427,0.5891808,-0.3531563,0.48154354,-0.80212,-0.87290764,-0.47808242,0.09731126
1356333904384,-0.33116192,0.74676955,0.57677287,-0.32809016,0.481991,-0.81242937,-0.8846969,-0.4582792,0.08539069
1356333904424,-0.31447878,0.74655324,0.5863117,-0.30945235,0.50328255,-0.8068122,-0.8974087,-0.43516082,0.072750926
1356333904464,-0.29097307,0.729829,0.6186147,-0.29382843,0.54717416,-0.7837508,-0.9104941,-0.409817,0.05523163
1356333904504,-0.2718181,0.6938545,0.666844,-0.27447248,0.6082567,-0.7447742,-0.9223772,-0.38547337,0.025108755
1356333904534,-0.2648609,0.63987124,0.721397,-0.25272772,0.6759007,-0.69230556,-0.9305791,-0.36568168,-0.017306507
1356333904564,-0.28562617,0.5875164,0.7571276,-0.22369944,0.7273414,-0.6487935,-0.93186706,-0.35468143,-0.07632065
1356333904604,-0.3484248,0.5485791,0.7600402,-0.1864789,0.75407404,-0.62976027,-0.9185999,-0.36115557,-0.16043967
1356333904645,-0.41809934,0.5061398,0.7543311,-0.1622566,0.77543026,-0.61023,-0.89379287,-0.377532,-0.24208236
1356333904686,-0.46385604,0.4555213,0.75982755,-0.16653468,0.79755455,-0.5798042,-0.8701171,-0.39548334,-0.2940904
1356333904725,-0.4702285,0.3899638,0.7917155,-0.20372134,0.8248933,-0.52730316,-0.85870993,-0.4092423,-0.30844438
1356333904765,-0.4298603,0.30640146,0.8493164,-0.26771155,0.8551065,-0.44398582,-0.8622939,-0.41822368,-0.2855491
1356333904795,-0.3638537,0.21660635,0.9059206,-0.3302339,0.8794107,-0.3429029,-0.8709512,-0.4239322,-0.24844605
1356333904836,-0.25179243,0.11134693,0.96135443,-0.3901448,0.8973854,-0.20612237,-0.88565654,-0.42696753,-0.18251342
1356333904875,-0.12387496,0.013149008,0.9922107,-0.42382932,0.9034149,-0.06488629,-0.89723116,-0.42856574,-0.10633755
1356333904915,0.003122989,-0.06831148,0.99765915,-0.4313753,0.8999721,0.06297304,-0.90216714,-0.4305622,-0.026657283
1356333904955,0.11098483,-0.12347232,0.9861222,-0.42298073,0.89202696,0.15929581,-0.89931625,-0.43479013,0.046775043
1356333904995,0.19136226,-0.15144765,0.96976495,-0.4138465,0.883455,0.21963239,-0.89000654,-0.4433632,0.10638386
1356333905055,0.24194688,-0.15385503,0.9580138,-0.41598827,0.87555677,0.24567068,-0.8765931,-0.45796174,0.14783633
1356333905065,0.26588106,-0.13346462,0.95472217,-0.42938256,0.870306,0.24124268,-0.8630978,-0.47408292,0.1740905
1356333905106,0.2588759,-0.092434555,0.9614776,-0.45790413,0.8647047,0.20642078,-0.85047466,-0.49370193,0.18152505
1356333905144,0.21333048,-0.016240776,0.97684515,-0.49478382,0.8603589,0.12235859,-0.84242463,-0.50942993,0.1755051
1356333905184,0.13272882,0.09259884,0.98681736,-0.5237065,0.85184586,-0.009494185,-0.8414954,-0.5155425,0.1615591
1356333905224,0.037621543,0.21345606,0.976228,-0.52941537,0.832811,-0.16169493,-0.8475282,-0.51074684,0.14433855
1356333905264,-0.04122883,0.31315112,0.94880795,-0.51101464,0.8094083,-0.28934798,-0.85858274,-0.49678424,0.12665385
1356333905340,-0.085261956,0.36920327,0.9254292,-0.48573172,0.7955607,-0.36214334,-0.8699397,-0.4803874,0.11150265
1356333905341,-0.10216099,0.38990915,0.9151688,-0.4611528,0.7965927,-0.39086843,-0.88141996,-0.4619642,0.098427
1356333905350,-0.096049264,0.37510887,0.9219913,-0.4399102,0.8149057,-0.37736952,-0.89289063,-0.4418394,0.08674312
1356333905392,-0.07371862,0.3274189,0.9419992,-0.41644844,0.8481649,-0.32739434,-0.9061657,-0.41642913,0.073827565
1356333905434,-0.03802392,0.23121111,0.97216034,-0.38986558,0.8923341,-0.22747457,-0.9200865,-0.38766128,0.056211174
1356333905474,-0.020755798,0.12571284,0.9918495,-0.35818994,0.92527413,-0.12477032,-0.933418,-0.35786024,0.025824249
1356333905514,-0.045193616,0.043392316,0.9980355,-0.33011532,0.942283,-0.055916786,-0.94285816,-0.33199385,-0.028260708
1356333905544,-0.09748778,-0.019436166,0.99504685,-0.31291664,0.94970345,-0.012106955,-0.94476414,-0.31254703,-0.09866637
1356333905574,-0.17348391,-0.05262901,0.9834295,-0.30783063,0.95143515,-0.0033866763,-0.93549114,-0.30331725,-0.18125951
1356333905614,-0.26021212,-0.06744933,0.96319276,-0.3180286,0.94787973,-0.01954025,-0.9116729,-0.31140745,-0.26810062
1356333905654,-0.31362265,-0.101732,0.9440823,-0.34349638,0.93906516,-0.012917563,-0.88524073,-0.3283401,-0.3294567
1356333905694,-0.31429243,-0.16303167,0.9352224,-0.38252452,0.92337656,0.032414794,-0.868847,-0.34755778,-0.35257387
1356333905734,-0.26286408,-0.24207397,0.93397135,-0.42387503,0.8985684,0.1135993,-0.8667366,-0.36602598,-0.33881044
1356333905774,-0.17332917,-0.32069096,0.9311897,-0.4509364,0.8664117,0.2144461,-0.87556463,-0.3827376,-0.29478568
1356333905804,-0.08488485,-0.37301958,0.9239323,-0.45660806,0.83874446,0.2966765,-0.88560915,-0.3966916,-0.2415204
1356333905844,0.021318436,-0.4172208,0.9085551,-0.44314405,0.81067115,0.38266912,-0.8961969,-0.41077867,-0.16760665
1356333905884,0.12364972,-0.43771136,0.8905725,-0.4154858,0.7921693,0.44703397,-0.901156,-0.42529586,-0.08391136
1356333905924,0.21296278,-0.43739998,0.8736865,-0.38590944,0.7838403,0.48648575,-0.89761955,-0.4407672,-0.00186795
1356333905954,0.27850464,-0.41758502,0.86490345,-0.36584514,0.7865163,0.4975434,-0.8880273,-0.45498884,0.06627697
1356333905994,0.3271059,-0.3902686,0.8606347,-0.36136988,0.78985536,0.49552026,-0.87316287,-0.47309503,0.11733502
1356333906034,0.34918123,-0.34292424,0.87205243,-0.37997514,0.7988681,0.4662924,-0.85655785,-0.4941788,0.14864707
1356333906064,0.34309942,-0.27277315,0.8988201,-0.4159888,0.8138208,0.40576965,-0.8421616,-0.51311845,0.16575086
1356333906094,0.3079961,-0.18258542,0.9337028,-0.46235406,0.8289992,0.3146252,-0.8314849,-0.5286046,0.1709094
1356333906124,0.23971626,-0.066425174,0.9685679,-0.51102483,0.83962846,0.1840588,-0.82546335,-0.5390842,0.16732764
1356333906164,0.13140404,0.0794663,0.98813874,-0.54746884,0.83680797,0.0055069327,-0.8264448,-0.54169875,0.15346527
1356333906224,0.001890257,0.24198203,0.970279,-0.5534031,0.80841243,-0.20053531,-0.8329115,-0.5365763,0.13544172
1356333906234,-0.10928805,0.38155323,0.91786337,-0.5302102,0.7586857,-0.37851453,-0.84079325,-0.52802765,0.11938816
1356333906264,-0.1847921,0.4799338,0.85762197,-0.49310482,0.7095776,-0.50333613,-0.8501174,-0.5159101,0.10553336
1356333906290,-0.22737247,0.5424833,0.80871105,-0.45578554,0.6745998,-0.58066744,-0.86055875,-0.5006266,0.09387064
1356333906320,-0.24528664,0.57855904,0.77788424,-0.42393622,0.65759665,-0.6227718,-0.8718444,-0.4825309,0.083972454
1356333906357,-0.24644446,0.59538007,0.76471406,-0.39793438,0.6573057,-0.63999796,-0.8836929,-0.46203005,0.07493293
1356333906380,-0.23789078,0.5980868,0.7653104,-0.3751579,0.67020446,-0.6403768,-0.8959154,-0.43945205,0.064941525
1356333906421,-0.22985253,0.59212136,0.7723731,-0.3456608,0.6922103,-0.6335326,-0.90977275,-0.4125982,0.045566857
1356333906464,-0.23771563,0.5795022,0.779531,-0.3037566,0.717934,-0.62634075,-0.9226177,-0.38567862,0.0053634644
1356333906504,-0.27785861,0.5712271,0.7723304,-0.2448627,0.73531574,-0.6319438,-0.9288901,-0.36470595,-0.06444162
1356333906534,-0.33287346,0.5651555,0.7548473,-0.18180916,0.747014,-0.6394651,-0.92527866,-0.35009915,-0.14591068
1356333906566,-0.39444888,0.5632523,0.7260558,-0.1217951,0.75110376,-0.6488521,-0.91081065,-0.34436902,-0.22767067
1356333906605,-0.45095515,0.56278706,0.69275546,-0.077758074,0.748433,-0.6586362,-0.889153,-0.35088277,-0.2937485
1356333906645,-0.48670566,0.5623463,0.668494,-0.05968499,0.7420527,-0.6676792,-0.8715247,-0.36486232,-0.32759762
1356333906685,-0.49856156,0.5642148,0.65810186,-0.06593326,0.73230296,-0.6777796,-0.8643432,-0.38130563,-0.32789755
1356333906726,-0.48896766,0.57057154,0.6598173,-0.09234133,0.7183017,-0.6895765,-0.8674006,-0.39810896,-0.29853898
1356333906765,-0.4665035,0.58449054,0.6638864,-0.12846628,0.69783133,-0.7046473,-0.8751404,-0.4140075,-0.2504534
1356333906807,-0.43403345,0.60435635,0.668108,-0.17540981,0.6707185,-0.72067195,-0.8836551,-0.42998844,-0.18510425
1356333906845,-0.40243304,0.6335719,0.660783,-0.22141568,0.6330177,-0.74179757,-0.8882695,-0.4448316,-0.11446446
1356333906885,-0.3761062,0.66750777,0.6426334,-0.26634625,0.5864007,-0.7649797,-0.88747054,-0.45887658,-0.04276073
1356333906925,-0.36361295,0.70713323,0.60642254,-0.30215865,0.52625686,-0.7948295,-0.88118434,-0.47224605,0.022312641
1356333906957,-0.36929432,0.74866617,0.55056393,-0.32248485,0.45238802,-0.8314737,-0.87156475,-0.48460707,0.07436919
1356333906995,-0.39275485,0.78334063,0.4817897,-0.32685417,0.37078094,-0.8693031,-0.8595989,-0.49889788,0.11041206
1356333907035,-0.43141901,0.8106954,0.39579087,-0.30840036,0.2797585,-0.90918887,-0.84780115,-0.51430345,0.12932569
1356333907074,-0.47073936,0.8282224,0.30405948,-0.2710565,0.19220144,-0.94317925,-0.8396028,-0.5264088,0.13401824
1356333907104,-0.49935865,0.83794403,0.22020605,-0.22858974,0.1177333,-0.96637756,-0.835696,-0.53290576,0.13275427
1356333907144,-0.51057273,0.845037,0.15883276,-0.18986002,0.06936586,-0.9793576,-0.838611,-0.5301894,0.12502247
1356333907184,-0.50910234,0.85357624,0.110554755,-0.1554094,0.035173178,-0.98722374,-0.84655935,-0.5197792,0.11474705
1356333907224,-0.49817526,0.863742,0.07596856,-0.1285992,0.013043642,-0.9916109,-0.85748684,-0.50376546,0.104578495
1356333907264,-0.48048514,0.8751589,0.056841165,-0.111427695,0.0033679605,-0.9937668,-0.86989534,-0.48382387,0.09589863
1356333907304,-0.4572218,0.88750446,0.05730614,-0.10500434,0.010113895,-0.9944203,-0.8831321,-0.46068808,0.088567495
1356333907344,-0.42766714,0.89995277,0.084769726,-0.10902712,0.04173857,-0.99316216,-0.8973372,-0.4339849,0.08026904
1356333907385,-0.3908553,0.90840816,0.14841336,-0.118736476,0.110132635,-0.986799,-0.9127615,-0.40331778,0.06481534
1356333907424,-0.35237408,0.9023001,0.24836871,-0.1202673,0.2195307,-0.9681642,-0.9280993,-0.3710266,0.031160235
1356333907464,-0.33154684,0.87274253,0.35832545,-0.0956687,0.3467492,-0.9330662,-0.9385755,-0.34363574,-0.031469405
1356333907506,-0.34787574,0.8289555,0.43796718,-0.042520404,0.45271412,-0.8906413,-0.9365759,-0.32845503,-0.12224072
1356333907553,-0.39173222,0.78398573,0.48157275,0.01277259,0.5279867,-0.8491566,-0.91999066,-0.32649103,-0.21684295
1356333907584,-0.4374921,0.7395829,0.5114859,0.04191315,0.5849625,-0.80997664,-0.8982449,-0.33292037,-0.2869147
1356333907626,-0.467631,0.69149876,0.55059135,0.029755265,0.63485634,-0.772057,-0.88342285,-0.34465474,-0.31745428
1356333907665,-0.47352344,0.6322075,0.6132611,-0.02401492,0.68674356,-0.726503,-0.8804538,-0.35874364,-0.31000674
1356333907705,-0.44948757,0.55660427,0.69867915,-0.109634176,0.7418575,-0.66153437,-0.8865332,-0.37395066,-0.27243292
1356333907745,-0.39247847,0.4639169,0.79419255,-0.20968425,0.7956079,-0.5683666,-0.8955407,-0.3896013,-0.21498287
1356333907784,-0.3056628,0.3612769,0.8809366,-0.30418137,0.8396804,-0.44990072,-0.90224385,-0.40548238,-0.14676535
1356333907815,-0.21277204,0.27405238,0.9378823,-0.3707481,0.86543715,-0.33699316,-0.904032,-0.41942084,-0.08253646
1356333907855,-0.1128169,0.19269067,0.97475255,-0.4198476,0.8798908,-0.22253102,-0.9005555,-0.43435282,-0.01836586
1356333907895,-0.03395409,0.15223578,0.98776084,-0.45006272,0.88011783,-0.15111643,-0.8923512,-0.44968534,0.038632035
1356333907934,0.003609918,0.16788955,0.98579913,-0.47310823,0.86878407,-0.14622846,-0.8809969,-0.46586183,0.08256614
1356333907966,-0.012975797,0.25081277,0.9679487,-0.4940105,0.84002864,-0.22428884,-0.86935914,-0.48108715,0.11300409
1356333908004,-0.095247984,0.39560127,0.91347003,-0.50509334,0.7715355,-0.38679925,-0.85779285,-0.49822947,0.12632835
1356333908044,-0.24667582,0.5958843,0.7642466,-0.46820176,0.6171913,-0.63234645,-0.84849167,-0.51380616,0.1267479
1356333908074,-0.3857385,0.7468695,0.5416565,-0.37575024,0.40902126,-0.83157283,-0.8426254,-0.5242972,0.12286115
1356333908104,-0.46276712,0.813397,0.35246527,-0.28116888,0.24239445,-0.9285413,-0.8407084,-0.5288007,0.11652982
1356333908134,-0.49552745,0.8384742,0.22674567,-0.2110179,0.13701838,-0.9678313,-0.8425699,-0.5274344,0.109036684
1356333908164,-0.5041259,0.8499782,0.1529516,-0.1658223,0.07854277,-0.9830229,-0.84756124,-0.52093005,0.10134983
1356333908204,-0.49304247,0.860203,0.13022995,-0.14599839,0.06575906,-0.9870968,-0.8576675,-0.50569403,0.09316623
1356333908244,-0.4703617,0.87022424,0.14652526,-0.14581856,0.0871138,-0.9854685,-0.87034297,-0.48489273,0.0859198
1356333908284,-0.4371584,0.87537694,0.20641676,-0.16473833,0.14769006,-0.97521734,-0.8841685,-0.46032915,0.07964414
1356333908324,-0.3890316,0.86213917,0.3246081,-0.20319313,0.26338315,-0.9430492,-0.89853597,-0.43283412,0.072716415
1356333908364,-0.32038593,0.80101,0.50570333,-0.25227177,0.44241858,-0.8605956,-0.9130782,-0.40329742,0.06032753
1356333908404,-0.24840635,0.67437816,0.6953476,-0.282937,0.63602805,-0.71792406,-0.9264129,-0.37507647,0.03281313
1356333908444,-0.22488473,0.54350954,0.8087176,-0.27556676,0.7606181,-0.58781207,-0.9346068,-0.35504568,-0.021278262
1356333908484,-0.27133697,0.47487593,0.8371793,-0.24320866,0.80775505,-0.5370115,-0.9312496,-0.3493203,-0.103679895
1356333908525,-0.35148722,0.45127982,0.8202459,-0.20443594,0.8180075,-0.537652,-0.91359884,-0.35666552,-0.19526136
1356333908566,-0.41924167,0.42844936,0.8004172,-0.18261269,0.823823,-0.5366268,-0.8893194,-0.37114266,-0.26714063
1356333908605,-0.44779772,0.37710032,0.8107234,-0.19909385,0.841897,-0.5015686,-0.8716873,-0.38601136,-0.3019212
1356333908646,-0.42455572,0.28588036,0.8590838,-0.25897267,0.87085694,-0.41778144,-0.8675746,-0.3998507,-0.2956921
1356333908685,-0.35556233,0.16991583,0.91907775,-0.33396903,0.89532185,-0.29472607,-0.872949,-0.41173702,-0.26159608
1356333908727,-0.23941419,0.034518823,0.9703037,-0.40291196,0.90572274,-0.13163646,-0.8833701,-0.42246264,-0.20293486
1356333908765,-0.11523989,-0.075220674,0.9904855,-0.43794242,0.8988364,0.017307311,-0.89158624,-0.43178114,-0.13652414
1356333908796,-0.007974625,-0.14742938,0.9890405,-0.44556025,0.88598543,0.12847517,-0.89521646,-0.43965256,-0.072754085
1356333908835,0.08989978,-0.20114073,0.9754283,-0.43906453,0.8710814,0.22008973,-0.89394647,-0.448062,-0.010003746
1356333908875,0.16445437,-0.22140408,0.9612153,-0.4300431,0.86089927,0.27187362,-0.8877036,-0.45807484,0.04636532
1356333908915,0.20613828,-0.20112616,0.95763004,-0.43276012,0.85899943,0.27356666,-0.877625,-0.4708166,0.09003329
1356333908947,0.20800728,-0.13300475,0.9690422,-0.45400634,0.86439633,0.2160953,-0.8663782,-0.48490068,0.1194157
1356333908985,0.15805024,-0.008190364,0.9873971,-0.49422452,0.8650417,0.08628474,-0.85484624,-0.50163317,0.13267219
1356333909024,0.021560669,0.2140102,0.97659343,-0.53370506,0.82845575,-0.16976452,-0.84539574,-0.5175526,0.13208038
1356333909064,-0.17981759,0.48630202,0.85508835,-0.5108076,0.69671476,-0.50365084,-0.84067917,-0.52735084,0.123125136
1356333909094,-0.33458135,0.6699065,0.66278243,-0.42747584,0.51890135,-0.7402742,-0.83983314,-0.5310054,0.112754166
1356333909124,-0.40920985,0.75225145,0.51639646,-0.34928185,0.39369863,-0.8502962,-0.8429411,-0.5283174,0.10164231
1356333909164,-0.4275415,0.78324807,0.45136535,-0.30283093,0.34635895,-0.8878789,-0.85176384,-0.51629245,0.089108884
1356333909204,-0.41186863,0.78665245,0.45993716,-0.2898619,0.3654189,-0.88456154,-0.8639123,-0.49764132,0.0775159
1356333909244,-0.3708656,0.7623501,0.5303594,-0.30300078,0.440505,-0.8450715,-0.87786627,-0.4741072,0.06762445
1356333909284,-0.30432442,0.69348985,0.6530379,-0.3321721,0.56526375,-0.7550752,-0.89277565,-0.44670877,0.05833441
1356333909324,-0.2174013,0.5631896,0.79721653,-0.3578902,0.71387553,-0.60191065,-0.9081032,-0.41617212,0.04636258
1356333909364,-0.13852389,0.39193812,0.909503,-0.35930344,0.83589673,-0.414943,-0.92288256,-0.38426706,0.025033057
1356333909404,-0.10787314,0.24016428,0.96471995,-0.33936208,0.90320075,-0.26279607,-0.93445,-0.355738,-0.015928447
1356333909444,-0.13921034,0.1428116,0.9799109,-0.31872568,0.93042815,-0.18087955,-0.93756837,-0.33750308,-0.0840075
1356333909484,-0.21001887,0.08567927,0.97393584,-0.309752,0.9390064,-0.14940116,-0.9273325,-0.33305565,-0.17066973
1356333909526,-0.27872223,0.036062583,0.9596944,-0.31715208,0.93977535,-0.12742396,-0.90649235,-0.33988494,-0.25049895
1356333909565,-0.30886745,-0.03158392,0.9505805,-0.34338337,0.93574053,-0.080483034,-0.88695467,-0.3512721,-0.2998652
1356333909607,-0.28395718,-0.12236363,0.9509971,-0.3848048,0.9229899,0.0038615465,-0.8782332,-0.3648517,-0.30917573
1356333909645,-0.21931261,-0.21851534,0.95086956,-0.4220273,0.89994895,0.1094753,-0.8796561,-0.37728363,-0.28958958
1356333909685,-0.12524804,-0.30844295,0.9429613,-0.44172692,0.8683797,0.2253753,-0.8883639,-0.38830352,-0.24501038
1356333909725,-0.022067904,-0.37887943,0.9251829,-0.43839997,0.8353575,0.33163735,-0.8985091,-0.3982816,-0.18453532
1356333909766,0.07637748,-0.42593127,0.901526,-0.4174109,0.8074653,0.41685492,-0.90550244,-0.40814513,-0.116116166
1356333909805,0.16373399,-0.45161214,0.8770619,-0.3883914,0.78774655,0.47812906,-0.90683144,-0.4189293,-0.04642141
1356333909845,0.23454478,-0.45820042,0.85734534,-0.3621836,0.7772589,0.51448184,-0.9021151,-0.43118548,0.016349316
1356333909885,0.28890145,-0.45071334,0.84462625,-0.34702617,0.77294326,0.53116065,-0.8922493,-0.44656047,0.06689513
1356333909925,0.32575917,-0.43063796,0.841684,-0.34791523,0.7731751,0.5302408,-0.87911093,-0.46556544,0.10204339
1356333909966,0.34400597,-0.39919227,0.8498855,-0.36522323,0.7769662,0.51277244,-0.8650271,-0.48679474,0.12148672
1356333910004,0.34088194,-0.35435754,0.8707642,-0.39367384,0.78731257,0.47451013,-0.85370976,-0.504549,0.12887937
1356333910044,0.31499714,-0.29593405,0.9017759,-0.4261398,0.80488664,0.41299194,-0.84804577,-0.5143739,0.1274277
1356333910074,0.2748342,-0.22744976,0.9342017,-0.4553607,0.82495224,0.33481413,-0.8468251,-0.51741713,0.12315339
1356333910104,0.22764763,-0.15717235,0.9609752,-0.47557023,0.84323514,0.2505743,-0.8497115,-0.5140538,0.117213964
1356333910134,0.18083328,-0.0924674,0.97915727,-0.48428854,0.85813844,0.17047852,-0.8560162,-0.5050229,0.11039907
1356333910174,0.13798964,-0.03885673,0.9896712,-0.4775635,0.8727895,0.10085426,-0.8676935,-0.48654765,0.10187936
1356333910214,0.1116806,-0.013025939,0.9936588,-0.45860323,0.8863934,0.0631637,-0.8815954,-0.4627493,0.09301919
1356333910254,0.10099512,-0.01636143,0.99475247,-0.43236774,0.89978486,0.058696866,-0.8960236,-0.43602696,0.08379972
1356333910294,0.09832889,-0.044298813,0.9941675,-0.40206712,0.9120727,0.08040756,-0.910315,-0.40762848,0.071871996
1356333910334,0.08998236,-0.08635071,0.992193,-0.3719542,0.92123556,0.11390796,-0.9238795,-0.37930003,0.050776422
1356333910374,0.05968374,-0.1298766,0.9897322,-0.3504597,0.9256579,0.14260224,-0.9346742,-0.3553723,0.00973022
1356333910414,-0.001998336,-0.16735473,0.9858947,-0.34718266,0.9246873,0.15626113,-0.9377954,-0.3419733,-0.05995047
1356333910454,-0.085769355,-0.20038602,0.9759555,-0.36418125,0.91808504,0.15649879,-0.9273703,-0.3420019,-0.1517204
1356333910494,-0.16070458,-0.23823282,0.95782,-0.39400408,0.9052427,0.15904891,-0.9049502,-0.35182512,-0.23934132
1356333910534,-0.19582987,-0.28818154,0.93733776,-0.4281085,0.88507295,0.1826719,-0.88225496,-0.3655097,-0.29669666
1356333910574,-0.18119651,-0.3480305,0.91980577,-0.45874196,0.857211,0.23397674,-0.8698987,-0.37955773,-0.31497985
1356333910604,-0.1436181,-0.4013081,0.90461355,-0.47909656,0.8280267,0.2912701,-0.86593324,-0.3915656,-0.31118494
1356333910644,-0.068892926,-0.45320457,0.8887404,-0.48248,0.7948792,0.36794037,-0.8731935,-0.40345097,-0.27342367
1356333910684,0.01972577,-0.4899696,0.8715163,-0.46648973,0.7664773,0.44147477,-0.8843066,-0.41526183,-0.21344644
1356333910714,0.096942306,-0.5071665,0.8563786,-0.44116023,0.74939394,0.4937473,-0.89217705,-0.4256652,-0.15109372
1356333910744,0.16640407,-0.513959,0.84151995,-0.41204524,0.7390924,0.53288007,-0.89583945,-0.4354177,-0.08878636
1356333910784,0.2372084,-0.51384634,0.82443565,-0.38000196,0.73195684,0.565542,-0.8940529,-0.44743848,-0.021636307
1356333910814,0.2918871,-0.49983305,0.8154562,-0.35585457,0.7346244,0.577663,-0.8877891,-0.4587962,0.036559522
1356333910854,0.33703828,-0.48225018,0.80860364,-0.3424243,0.7372463,0.58242035,-0.8770124,-0.4731835,0.08334601
1356333910894,0.36674806,-0.45577547,0.81102675,-0.34577248,0.7425424,0.5736481,-0.8636765,-0.49081507,0.11473137
1356333910935,0.3789736,-0.42097718,0.82411,-0.36558592,0.7499923,0.5512336,-0.8501329,-0.510186,0.13032395
1356333910964,0.3749118,-0.37771904,0.84662235,-0.39400768,0.76172817,0.51432294,-0.8391657,-0.52640146,0.13675666
1356333911004,0.3496151,-0.32547,0.87854344,-0.42930207,0.77782995,0.45899925,-0.8327479,-0.53763354,0.13221616
1356333911044,0.30146456,-0.25756234,0.91803086,-0.46535194,0.80061907,0.37743437,-0.8322059,-0.54099053,0.12150115
1356333911074,0.24291933,-0.18127033,0.9529593,-0.4936736,0.8225505,0.2823068,-0.8350309,-0.5390286,0.11032504
1356333911104,0.18180472,-0.10477896,0.9777364,-0.50987875,0.84015256,0.18484402,-0.8408156,-0.5321325,0.0993191
1356333911134,0.12822792,-0.03985773,0.9909435,-0.51242113,0.8528203,0.10060936,-0.8491067,-0.5206813,0.08893144
1356333911174,0.08841044,0.004029721,0.9960759,-0.49954244,0.8653263,0.04083799,-0.86176616,-0.50119275,0.0785169
1356333911214,0.07471734,0.005756676,0.9971881,-0.47509414,0.8794055,0.03052111,-0.876757,-0.4760387,0.06844181
1356333911254,0.07752308,-0.027383089,0.9966144,-0.4436015,0.89427495,0.059077352,-0.892865,-0.4466795,0.05717981
1356333911294,0.080243915,-0.079533696,0.99359715,-0.40901262,0.9063996,0.10558614,-0.9089937,-0.41486642,0.040202796
1356333911334,0.06443462,-0.1309997,0.98928624,-0.37896967,0.91386795,0.14569613,-0.9231631,-0.38429734,0.009239793
1356333911364,0.031636536,-0.17709202,0.98368573,-0.35870773,0.91660154,0.17655139,-0.93291366,-0.3584411,-0.03452617
1356333911428,-0.025856346,-0.20002894,0.97944874,-0.35258043,0.91863775,0.178302,-0.93542415,-0.34072423,-0.09427893
1356333911429,-0.101848036,-0.20402536,0.97365326,-0.3580648,0.92066276,0.1554664,-0.9281253,-0.332797,-0.16682196
1356333911461,-0.19392112,-0.18892124,0.96265435,-0.37502858,0.9210243,0.10520399,-0.9065033,-0.34062162,-0.24945688
1356333911506,-0.2594677,-0.1856266,0.9477443,-0.39371106,0.9164332,0.07170613,-0.88185495,-0.354532,-0.31086802
1356333911544,-0.27686796,-0.2058489,0.93860024,-0.41604945,0.90615976,0.07600811,-0.86616796,-0.3694599,-0.33652997
1356333911584,-0.24311805,-0.24915376,0.93745184,-0.4407079,0.88931227,0.12206648,-0.8641007,-0.3834659,-0.3260119
1356333911615,-0.19101393,-0.2890375,0.9380677,-0.45725468,0.8718426,0.17552379,-0.86858034,-0.39540836,-0.29869783
1356333911658,-0.09406206,-0.3472385,0.93304753,-0.46385846,0.84454584,0.26753983,-0.8809016,-0.40763667,-0.24050927
1356333911696,0.0111626685,-0.38966155,0.9208904,-0.45134425,0.81983125,0.35237074,-0.89228004,-0.419572,-0.16671997
1356333911739,0.12132266,-0.420814,0.8989974,-0.42259637,0.7976092,0.4303857,-0.89816093,-0.4321286,-0.08106643
1356333911774,0.21199259,-0.42762646,0.87874615,-0.38992885,0.7874962,0.47728947,-0.8961109,-0.44383028,1.9949675E-4
1356333911814,0.28533608,-0.42097384,0.8610252,-0.3630033,0.7839752,0.5035986,-0.8870243,-0.45624983,0.070881486
1356333911854,0.3343977,-0.39527684,0.8555317,-0.35333526,0.7889912,0.50264007,-0.87368894,-0.4703712,0.124171615
1356333911884,0.35786518,-0.3484997,0.8663027,-0.36341944,0.8026155,0.47300604,-0.86015046,-0.48410365,0.16057658
1356333911924,0.35046285,-0.27973428,0.8938258,-0.39883742,0.8189199,0.4126729,-0.8474105,-0.5011177,0.1754325
1356333911954,0.30190596,-0.16384515,0.93915254,-0.45569363,0.8404894,0.29312247,-0.8373745,-0.51646125,0.17908555
1356333911984,0.20617339,-4.5499206E-4,0.97851545,-0.51729727,0.8487859,0.10938935,-0.83059984,-0.52873653,0.17476171
1356333912024,0.04856266,0.21734202,0.9748868,-0.556945,0.81610936,-0.15420055,-0.8291285,-0.5354699,0.16068
1356333912065,-0.12699562,0.43526787,0.891299,-0.5391789,0.72393227,-0.43035814,-0.83256114,-0.53522325,0.14275104
1356333912094,-0.24867874,0.5772905,0.77774966,-0.4862385,0.6200568,-0.61571234,-0.8376938,-0.5312864,0.12650597
1356333912124,-0.3118078,0.6503403,0.69270015,-0.43606257,0.5497847,-0.71245086,-0.8441714,-0.5242083,0.112161875
1356333912164,-0.32931754,0.6766503,0.65855485,-0.4038185,0.5295268,-0.7460108,-0.8535108,-0.511611,0.0988614
1356333912204,-0.30658966,0.65710586,0.68863255,-0.39815575,0.5686023,-0.7198357,-0.86456627,-0.49487713,0.08730286
1356333912244,-0.25313723,0.59154046,0.76550734,-0.40846607,0.6519384,-0.638852,-0.8769704,-0.474401,0.07659429
1356333912284,-0.1813205,0.47900042,0.8588839,-0.41706082,0.7534785,-0.50826216,-0.8906084,-0.45036513,0.06315118
