1356333254806,-0.2594402,-0.08011556,-0.9624305,0.7700456,0.5842798,-0.25621668,0.5828556,-0.8075882,-0.08989304
1356333254808,-0.37855095,-0.36776507,0.84938097,-0.71901095,-0.46103537,-0.520067,0.58285713,-0.8075861,-0.089901745
1356333254839,-0.37872398,-0.36794543,0.84922576,-0.71891177,-0.46091545,-0.5203103,0.582867,-0.80757236,-0.089960575
1356333254869,-0.3794734,-0.3685556,0.8486263,-0.7185001,-0.4604745,-0.5212684,0.58288723,-0.8075456,-0.09006935
1356333254915,-0.3810194,-0.369685,0.8474416,-0.71764344,-0.45964706,-0.5231754,0.5829341,-0.8075009,-0.09016758
1356333254953,-0.38516623,-0.37216276,0.84447724,-0.71537596,-0.45767963,-0.5279835,0.58299583,-0.80748016,-0.08995348
1356333254992,-0.39276332,-0.3763805,0.8390916,-0.7111885,-0.45415878,-0.5366104,0.58305055,-0.8075132,-0.08930057
1356333255031,-0.40443915,-0.38292396,0.8305409,-0.70457935,-0.4485311,-0.54989797,0.5830926,-0.8075822,-0.08839679
1356333255074,-0.42003143,-0.391999,0.8184805,-0.6953535,-0.44052023,-0.5678252,0.58314407,-0.8076377,-0.08754557
1356333255112,-0.4385761,-0.4032008,0.8031688,-0.68372685,-0.43030167,-0.58937085,0.5832397,-0.80763197,-0.08695912
1356333255152,-0.45757324,-0.4150296,0.78636956,-0.67097706,-0.41914362,-0.6116439,0.5834521,-0.8075079,-0.08668637
1356333255194,-0.47644687,-0.4272014,0.7684382,-0.6573163,-0.40737218,-0.6340214,0.5838952,-0.8071846,-0.08671516
1356333255232,-0.49460852,-0.43947646,0.7498151,-0.64303493,-0.39535654,-0.6558957,0.5846951,-0.806569,-0.08705199
1356333255273,-0.5116375,-0.45152274,0.7309954,-0.6284107,-0.38355058,-0.6767488,0.5859412,-0.80561537,-0.08750284
1356333255310,-0.5269679,-0.46264613,0.712926,-0.6139957,-0.37276214,-0.6957426,0.5876344,-0.8043674,-0.08762902
1356333255339,-0.5400555,-0.47212467,0.6967341,-0.60077995,-0.36349583,-0.71199316,0.5894095,-0.8030997,-0.08733511
1356333255380,-0.5504901,-0.47956392,0.6833587,-0.58914685,-0.35679424,-0.7249854,0.59149534,-0.8016959,-0.08612198
1356333255422,-0.55864096,-0.48511162,0.6727459,-0.5792478,-0.35233986,-0.73507047,0.59362644,-0.80032706,-0.084168434
1356333255462,-0.56475234,-0.48920035,0.6646336,-0.57125103,-0.34949505,-0.7426476,0.5955896,-0.7990846,-0.08207798
1356333255502,-0.5691417,-0.49248576,0.6584341,-0.56500995,-0.347526,-0.7483244,0.5973621,-0.7979244,-0.08046782
1356333255543,-0.57193404,-0.4954145,0.653801,-0.56041265,-0.3460474,-0.7524552,0.5990234,-0.7967531,-0.0797202
1356333255582,-0.5730917,-0.49805954,0.6507708,-0.5574965,-0.34508598,-0.7550585,0.600636,-0.7955202,-0.07990056
1356333255622,-0.5724428,-0.5000095,0.6498459,-0.55661124,-0.34498745,-0.75575626,0.6020741,-0.7943388,-0.08082533
1356333255663,-0.5698148,-0.5004709,0.6517975,-0.558509,-0.3459683,-0.75390553,0.602809,-0.7936213,-0.08237964
1356333255702,-0.5651675,-0.49855155,0.65729153,-0.56445163,-0.34737027,-0.7488179,0.60164785,-0.79421675,-0.08508593
1356333255742,-0.55851585,-0.49339673,0.6667982,-0.576007,-0.34775174,-0.739787,0.5968886,-0.79726315,-0.08997518
1356333255784,-0.549875,-0.484328,0.6804879,-0.59407187,-0.3459081,-0.72624105,0.5871252,-0.8036006,-0.09751946
1356333255846,-0.5394021,-0.4712641,0.697822,-0.61781883,-0.3415894,-0.7082489,0.57214093,-0.8131586,-0.106901824
1356333255864,-0.52747667,-0.45489946,0.71751994,-0.64484525,-0.33548927,-0.6867471,0.55312115,-0.82493234,-0.116376996
1356333255904,-0.5140121,-0.43572825,0.7388724,-0.6733038,-0.32874018,-0.66226274,0.5314636,-0.83789665,-0.12440103
1356333255945,-0.49807513,-0.41369003,0.7620904,-0.702609,-0.32253188,-0.6342821,0.5081946,-0.85137165,-0.13001722
1356333255984,-0.47807574,-0.388624,0.78766423,-0.73270303,-0.3180672,-0.6016473,0.48434478,-0.864757,-0.13268578
1356333256024,-0.4522429,-0.36073047,0.8156898,-0.76322144,-0.31668985,-0.5632057,0.4614861,-0.8772577,-0.13209647
1356333256064,-0.41891956,-0.33035946,0.8457949,-0.7934644,-0.3197137,-0.51787764,0.44149804,-0.8880573,-0.1281941
1356333256104,-0.37648022,-0.29731697,0.87741965,-0.8227559,-0.32803673,-0.46418178,0.42583495,-0.89665747,-0.12111992
1356333256144,-0.32314444,-0.26030505,0.9098456,-0.85048103,-0.34177375,-0.39984104,0.41504192,-0.90301275,-0.110942245
1356333256184,-0.25779843,-0.21771148,0.94135106,-0.87546206,-0.3595727,-0.3229144,0.40878633,-0.9073639,-0.0979009
1356333256224,-0.18221849,-0.16956848,0.9685262,-0.8952976,-0.37860948,-0.23472777,0.40649563,-0.9098909,-0.08282459
1356333256264,-0.101922214,-0.11834553,0.98772776,-0.9072375,-0.3962484,-0.14109343,0.4080833,-0.91048425,-0.06698099
1356333256304,-0.024751782,-0.06799522,0.9973786,-0.9099169,-0.4116872,-0.050647557,0.41405174,-0.90878516,-0.05168006
1356333256453,0.041335166,-0.022964358,0.99888134,-0.90420645,-0.42620158,0.027618945,0.42509064,-0.90433663,-0.038381606
1356333256455,0.09062588,0.013506085,0.9957934,-0.8924842,-0.44256467,0.08722639,0.44188112,-0.8966348,-0.028053805
1356333256458,0.119549096,0.039214015,0.9920535,-0.87983125,-0.45878226,0.12416035,0.46000537,-0.887683,-0.020345315
1356333256460,0.13948399,0.0635373,0.98818386,-0.85999733,-0.4869169,0.15269756,0.49086538,-0.8711343,-0.013275221
1356333256491,0.12000996,0.06525856,0.9906255,-0.84621286,-0.51507884,0.13644636,0.51915455,-0.85465497,-0.006591946
1356333256519,0.090093195,0.059746116,0.9941397,-0.8332423,-0.5422378,0.10809958,0.54551864,-0.83809817,9.3103945E-4
1356333256562,0.05446893,0.05419883,0.9970434,-0.817495,-0.57093954,0.07569614,0.57335424,-0.8192011,0.013208836
1356333256603,-0.005802989,0.03616911,0.99932885,-0.7996675,-0.6002002,0.01707974,0.6004151,-0.7990316,0.03240621
1356333256642,-0.07741219,0.017276734,0.9968494,-0.77729356,-0.6271884,-0.04949215,0.62435734,-0.7786759,0.06198111
1356333256682,-0.1343981,0.025675446,0.99059474,-0.75502217,-0.6500895,-0.08558717,0.64177775,-0.75942373,0.10675636
1356333256723,-0.14224905,0.10254571,0.9845047,-0.7492554,-0.66110826,-0.039397568,0.6468241,-0.7432498,0.17087498
1356333256762,-0.08440089,0.257968,0.9624598,-0.76946646,-0.63056505,0.10153353,0.63308597,-0.7320111,0.251718
1356333256802,-0.004508555,0.41455165,0.9100146,-0.79903686,-0.5486648,0.24598221,0.6012653,-0.7260262,0.33371562
1356333256849,0.039214134,0.50024617,0.86499476,-0.82488036,-0.47235483,0.3105691,0.56394553,-0.7256959,0.3941203
1356333256884,0.039084673,0.5179558,0.854514,-0.843459,-0.441422,0.30614293,0.5357698,-0.732713,0.4196217
1356333256924,0.0070399046,0.48415276,0.8749552,-0.8530108,-0.45370674,0.2579201,0.5218458,-0.748162,0.4097935
1356333256964,-0.046521068,0.40599787,0.91268915,-0.8536036,-0.49072558,0.17478347,0.5188417,-0.7709436,0.36939034
1356333257004,-0.10904497,0.29249567,0.9500292,-0.84711784,-0.5273972,0.06514269,0.5200967,-0.7976832,0.3052883
1356333257044,-0.1639654,0.16407627,0.9727251,-0.83860356,-0.5424556,-0.049857795,0.5194798,-0.82390577,0.226539
1356333257084,-0.19789565,0.045725673,0.979156,-0.834901,-0.5312476,-0.14393172,0.51359296,-0.84598184,0.14330801
1356333257124,-0.20738548,-0.047941178,0.97708386,-0.83955204,-0.5039596,-0.20292148,0.50213915,-0.86239564,0.064264804
1356333257165,-0.19498307,-0.11371821,0.97419184,-0.85136706,-0.473544,-0.22567704,0.48698634,-0.87339807,-0.0044828057
1356333257204,-0.1644435,-0.1536319,0.9743488,-0.86683893,-0.4488538,-0.21707252,0.47068942,-0.8802997,-0.059362978
1356333257244,-0.11782491,-0.1697779,0.97841334,-0.8824738,-0.43390584,-0.18156442,0.4553649,-0.884817,-0.09869966
1356333257284,-0.056691647,-0.16383553,0.9848573,-0.8950298,-0.4287545,-0.122846186,0.44238856,-0.888441,-0.122330844
1356333257324,0.016340733,-0.13784423,0.99031913,-0.9010675,-0.4313202,-0.04516819,0.43337086,-0.89160633,-0.13125503
1356333257364,0.09547454,-0.09582913,0.99080837,-0.8975017,-0.43880606,0.044042975,0.4305522,-0.8934573,-0.12790158
1356333257404,0.17206031,-0.044104457,0.9840987,-0.88357997,-0.44858468,0.13438132,0.43552473,-0.89265156,-0.11615345
1356333257444,0.23704922,0.010124415,0.97144485,-0.8620515,-0.458893,0.21513793,0.4479674,-0.8884338,-0.10005243
1356333257484,0.28320968,0.059919596,0.95718443,-0.8382617,-0.4694268,0.27740914,0.46595025,-0.88093597,-0.08271794
1356333257524,0.30580956,0.09905881,0.9469255,-0.8180795,-0.48145145,0.31456384,0.48705903,-0.8708569,-0.06619443
1356333257562,0.30339962,0.1241076,0.94474655,-0.8049647,-0.49716437,0.32382002,0.50988287,-0.8587345,-0.05093725
1356333257602,0.2753861,0.133542,0.95201313,-0.7996026,-0.5179284,0.30395028,0.5336648,-0.8449359,-0.03584975
1356333257642,0.22322571,0.1289905,0.96619445,-0.79912126,-0.54338646,0.25716984,0.55818945,-0.82951343,-0.018218756
1356333257683,0.15113056,0.11613998,0.9816675,-0.79833746,-0.57128716,0.19049469,0.5829381,-0.81249154,0.006379962
1356333257723,0.07110822,0.10939106,0.991452,-0.7925483,-0.5973273,0.122748196,0.605649,-0.7945021,0.044222906
1356333257762,0.004741192,0.1331276,0.99108756,-0.7841501,-0.61454123,0.08629936,0.620553,-0.77757055,0.10147843
1356333257803,-0.028250813,0.20397434,0.97856855,-0.78402793,-0.6117992,0.10488984,0.62008226,-0.76426184,0.17720547
1356333257851,-0.033188105,0.2971087,0.9542667,-0.79742306,-0.5834583,0.15392509,0.6025073,-0.7558458,0.2562852
1356333257883,-0.039433658,0.36062956,0.93187517,-0.8158132,-0.5501207,0.17837074,0.57696956,-0.7532022,0.31589955
1356333257919,-0.0659197,0.37125838,0.92618674,-0.82895267,-0.537044,0.15627277,0.5554206,-0.7574635,0.3431574
1356333257963,-0.11699444,0.32752505,0.93757117,-0.83206797,-0.54772705,0.08751017,0.54219484,-0.76988465,0.33660412
1356333258002,-0.18180233,0.24250144,0.9529643,-0.8254104,-0.5643631,-0.013854325,0.53445816,-0.7891054,0.30276567
1356333258043,-0.24845898,0.1316264,0.9596575,-0.8124267,-0.5678183,-0.13245854,0.527476,-0.81256187,0.24801636
1356333258083,-0.30064464,0.02038905,0.95351833,-0.8009871,-0.5481059,-0.2408314,0.5177186,-0.83616054,0.18111637
1356333258123,-0.33012897,-0.07190359,0.9411932,-0.79804265,-0.51125544,-0.31897599,0.5041257,-0.85641557,0.11139813
1356333258162,-0.33730042,-0.13903868,0.93107283,-0.80529726,-0.4696269,-0.36186576,0.4875702,-0.87184787,0.04643789
1356333258204,-0.32471722,-0.18134874,0.92826253,-0.820883,-0.4334609,-0.3718371,0.46979767,-0.8827368,-0.008113891
1356333258244,-0.29475242,-0.2008628,0.9342243,-0.84163165,-0.4084118,-0.35334957,0.45252305,-0.8904234,-0.04867208
1356333258284,-0.25067252,-0.20054412,0.947072,-0.8639207,-0.39508802,-0.31232446,0.4368116,-0.8964862,-0.074216485
1356333258324,-0.19615692,-0.18390599,0.9631724,-0.884135,-0.39161766,-0.25483504,0.424061,-0.9015621,-0.08577913
1356333258366,-0.13676125,-0.15568426,0.9782938,-0.89871585,-0.39588612,-0.18863735,0.4166608,-0.9050064,-0.085774064
1356333258405,-0.079149604,-0.12187627,0.9893844,-0.90539014,-0.40652275,-0.122507215,0.41713798,-0.90547526,-0.078169495
1356333258444,-0.029829383,-0.088193685,0.9956566,-0.9039072,-0.4228323,-0.064534396,0.42668727,-0.90190613,-0.06710607
1356333258484,0.0064997077,-0.058683485,0.99825543,-0.89566565,-0.444265,-0.020284861,0.4446804,-0.8939713,-0.055448353
1356333258524,0.026824296,-0.036236912,0.99898314,-0.8827779,-0.46974325,0.006664574,0.4690241,-0.88205904,-0.04458961
1356333258564,0.029524565,-0.023261458,0.9992933,-0.8670609,-0.49800467,0.0140251815,0.49732652,-0.8668623,-0.034872413
1356333258604,0.014667749,-0.021116883,0.9996693,-0.84926856,-0.5279593,0.0013084412,0.52775717,-0.849007,-0.02567783
1356333258644,-0.015776515,-0.028697252,0.9994636,-0.8290385,-0.55843264,-0.029120445,0.55896884,-0.8290533,-0.014980942
1356333258684,-0.057215154,-0.040392876,0.9975444,-0.8054227,-0.58854944,-0.07002753,0.5899328,-0.80745155,0.0011405945
1356333258724,-0.10183275,-0.043810695,0.9938364,-0.7787136,-0.6181808,-0.10704121,0.61906004,-0.7848141,0.028834999
1356333258764,-0.13670224,-0.014165431,0.9905109,-0.7539853,-0.64704436,-0.11331239,0.64250964,-0.76232076,0.07777192
1356333258805,-0.1474616,0.07502115,0.98621845,-0.7428241,-0.6667611,-0.06034851,0.6530447,-0.74148595,0.15404917
1356333258847,-0.12478042,0.22223407,0.9669756,-0.7540623,-0.65464896,0.05314824,0.644841,-0.722528,0.24926573
1356333258884,-0.082115054,0.3687142,0.9259086,-0.7782831,-0.6040346,0.17151517,0.622521,-0.7065351,0.33656448
1356333258924,-0.045549512,0.45762166,0.88797957,-0.7990954,-0.5501208,0.24251547,0.5994763,-0.6985339,0.39074105
1356333258964,-0.027196169,0.48174942,0.87588686,-0.8110546,-0.52282685,0.26237857,0.5843379,-0.70325637,0.404944
1356333259004,-0.028741062,0.45016223,0.8924842,-0.8168673,-0.525171,0.23858634,0.5761093,-0.72218394,0.38281667
1356333259044,-0.04654908,0.37230814,0.9269411,-0.8209021,-0.5429891,0.17686886,0.5691686,-0.7526948,0.3309042
1356333259084,-0.07281858,0.26291686,0.9620666,-0.8264975,-0.55580664,0.08933535,0.5582108,-0.7886404,0.25777322
1356333259124,-0.0984416,0.14312717,0.9847963,-0.83523977,-0.54987425,-0.0035747588,0.5410025,-0.8228929,0.17367609
1356333259164,-0.11740804,0.03192225,0.9925706,-0.8468149,-0.5253288,-0.08327183,0.51876765,-0.8503003,0.08871001
1356333259204,-0.12764293,-0.060029656,0.9900019,-0.8596481,-0.4911536,-0.14061767,0.49468422,-0.86900216,0.011087865
1356333259244,-0.12877971,-0.12857926,0.9833022,-0.8722267,-0.45710278,-0.17400455,0.47184354,-0.8800707,-0.053284705
1356333259284,-0.12061715,-0.17265719,0.977569,-0.8838251,-0.42970747,-0.18494505,0.45200077,-0.88630754,-0.100768626
1356333259324,-0.10319662,-0.19286522,0.97578347,-0.8940854,-0.41188264,-0.1759657,0.43584594,-0.89059293,-0.12993315
1356333259364,-0.07746822,-0.19134477,0.9784609,-0.90216756,-0.4042856,-0.15048862,0.42437288,-0.8943938,-0.14130577
1356333259404,-0.046435058,-0.17289007,0.98384595,-0.9066117,-0.40622568,-0.11417529,0.41940323,-0.89726794,-0.13788107
1356333259444,-0.015061796,-0.14425635,0.98942566,-0.9062605,-0.41610944,-0.074463725,0.42245123,-0.897799,-0.12446657
1356333259484,0.010583043,-0.11333552,0.9935005,-0.90125906,-0.43146563,-0.039619803,0.4331516,-0.8949819,-0.10671091
1356333259524,0.024700701,-0.087495685,0.99585867,-0.89284897,-0.4500203,-0.017392814,0.44967842,-0.8887217,-0.08923629
1356333259564,0.022762239,-0.072539955,0.9971057,-0.8823478,-0.47038716,-0.014078468,0.470047,-0.87947357,-0.074712515
1356333259604,0.0021582246,-0.071884215,0.99741066,-0.8702251,-0.49151123,-0.033540636,0.49264959,-0.8678994,-0.063616216
1356333259645,-0.03733045,-0.08623496,0.9955752,-0.85527074,-0.51250905,-0.07646215,0.516835,-0.8543407,-0.054622024
1356333259684,-0.09491414,-0.11442077,0.98888785,-0.8349049,-0.5318482,-0.14167306,0.54214853,-0.83907413,-0.04505056
1356333259724,-0.16496551,-0.15008011,0.974814,-0.8058133,-0.5494047,-0.22095105,0.5687278,-0.82196736,-0.030303657
1356333259764,-0.23834425,-0.18039182,0.95428026,-0.76725733,-0.56743014,-0.29889664,0.59540594,-0.80341876,-0.003163159
1356333259804,-0.30324715,-0.18555224,0.9346719,-0.72628164,-0.58997905,-0.35276,0.6168922,-0.78580856,0.04414633
1356333259849,-0.34925604,-0.14741716,0.92535853,-0.69894314,-0.616761,-0.36205572,0.6240983,-0.7732231,0.112371355
1356333259884,-0.3730991,-0.07061243,0.92510045,-0.6975828,-0.6360437,-0.32988864,0.6116986,-0.7684154,0.18804938
1356333259924,-0.3851841,0.0035681427,0.92283297,-0.7122505,-0.6370065,-0.29482543,0.58679855,-0.7708502,0.24790615
1356333259964,-0.40208018,0.033091694,0.9150062,-0.7218684,-0.6262099,-0.2945626,0.56323844,-0.7789519,0.27567452
1356333260004,-0.43115282,0.008155674,0.90224206,-0.71783316,-0.60892713,-0.3375253,0.54664695,-0.7931842,0.26839507
1356333260044,-0.46748626,-0.055228293,0.88227344,-0.7045856,-0.57946503,-0.40960878,0.5338687,-0.81312364,0.23197892
1356333260086,-0.5025366,-0.13364929,0.8541632,-0.6906824,-0.5321888,-0.48962522,0.5200142,-0.8360101,0.1751352
1356333260124,-0.5274432,-0.19986328,0.8257471,-0.6839894,-0.47662354,-0.55225754,0.5039465,-0.85608685,0.11468744
1356333260164,-0.54432124,-0.250471,0.8006113,-0.6841929,-0.41965985,-0.5964609,0.4853806,-0.87243897,0.057059348
1356333260204,-0.5542931,-0.28516534,0.7819462,-0.6905763,-0.36685878,-0.62331283,0.46461105,-0.8854916,0.006418824
1356333260276,-0.55849487,-0.30585134,0.7710632,-0.70167327,-0.32158726,-0.6357958,0.4424231,-0.8961231,-0.035002947
1356333260289,-0.55636185,-0.31184703,0.7702032,-0.71901685,-0.28393197,-0.63434803,0.4165048,-0.9067161,-0.06625432
1356333260333,-0.547009,-0.3066073,0.7789564,-0.73945314,-0.25921935,-0.6213006,0.39241588,-0.91585875,-0.08492643
1356333260372,-0.5317454,-0.2918861,0.79501534,-0.7602681,-0.24908811,-0.5999562,0.37314773,-0.92344874,-0.08946025
1356333260413,-0.5105606,-0.26923716,0.81660223,-0.7792921,-0.25644785,-0.5717852,0.36336172,-0.92830265,-0.07888222
1356333260452,-0.4848503,-0.2415055,0.8405922,-0.7941841,-0.28098774,-0.5388112,0.36632198,-0.92882776,-0.055562854
1356333260492,-0.45795268,-0.21194667,0.86334115,-0.80283076,-0.31845295,-0.5040343,0.38176185,-0.92394066,-0.0243209
1356333260533,-0.4350019,-0.18511796,0.88119495,-0.8032718,-0.36240733,-0.4726683,0.40685093,-0.9134507,0.008947909
1356333260573,-0.42199916,-0.16626972,0.8912189,-0.7937821,-0.40714592,-0.451821,0.4379803,-0.8981017,0.039833307
1356333260613,-0.42338336,-0.1597578,0.8917533,-0.7728513,-0.44990635,-0.4475323,0.47270226,-0.87867045,0.06701386
1356333260653,-0.44072098,-0.16840082,0.88170636,-0.7393892,-0.48885465,-0.46295214,0.5089878,-0.8559569,0.09093481
1356333260693,-0.47178185,-0.19218782,0.8605149,-0.69289696,-0.52273375,-0.49663204,0.54526675,-0.83055,0.1134499
1356333260733,-0.51082045,-0.22630933,0.829365,-0.6346184,-0.5515254,-0.5413677,0.5799326,-0.8028721,0.13811052
1356333260773,-0.5503822,-0.25905102,0.79370785,-0.57117724,-0.5765512,-0.5842477,0.60896313,-0.77490735,0.16935939
1356333260813,-0.5842638,-0.27142507,0.76482964,-0.51886296,-0.59971774,-0.6091961,0.624033,-0.752773,0.20956096
1356333260853,-0.6097194,-0.2476078,0.75294924,-0.49779078,-0.6196171,-0.60685986,0.6168035,-0.7448254,0.2545357
1356333260881,-0.62795174,-0.20504276,0.7507557,-0.501014,-0.63167703,-0.5915819,0.59553474,-0.747624,0.2939334
1356333260921,-0.63706565,-0.14836293,0.7563966,-0.5337052,-0.62312496,-0.57172906,0.556153,-0.7679217,0.31778944
1356333260962,-0.6404425,-0.10874517,0.7602682,-0.5674992,-0.59999067,-0.56387556,0.5174726,-0.79258156,0.3225468
1356333261003,-0.6417893,-0.09804855,0.7605872,-0.58926934,-0.5716698,-0.5709249,0.4907831,-0.8146043,0.3091146
1356333261043,-0.6415856,-0.111033246,0.75897264,-0.6026104,-0.53923184,-0.58829373,0.47458243,-0.83480567,0.27905366
1356333261084,-0.63930535,-0.13799721,0.7564691,-0.61418855,-0.5002775,-0.6103236,0.4626674,-0.8547978,0.23507378
1356333261123,-0.63414705,-0.1696219,0.7543779,-0.62770194,-0.45676267,-0.6303635,0.4514951,-0.8732676,0.18318275
1356333261162,-0.6260266,-0.20047896,0.75359076,-0.643387,-0.4132558,-0.64441663,0.44061774,-0.88827235,0.12972349
1356333261208,-0.6156994,-0.22983089,0.75371873,-0.66024876,-0.37162048,-0.65266347,0.4300996,-0.8994864,0.077061
1356333261244,-0.6007673,-0.25206286,0.7586454,-0.6801783,-0.3374601,-0.65075195,0.42004296,-0.90696466,0.031287313
1356333261284,-0.5837041,-0.26780874,0.76652986,-0.7012253,-0.30967826,-0.6421702,0.40935642,-0.91234744,-0.0070337653
1356333261324,-0.56187606,-0.27433428,0.78040755,-0.72480536,-0.2914191,-0.62428534,0.39868852,-0.9164145,-0.03509754
1356333261364,-0.5354551,-0.2717839,0.7996383,-0.7482113,-0.28652132,-0.5984024,0.39174953,-0.91871595,-0.04993248
1356333261404,-0.5057328,-0.2613923,0.82213646,-0.7676974,-0.29837298,-0.5671104,0.39354163,-0.9179584,-0.049773097
1356333261443,-0.47517025,-0.24475366,0.845168,-0.7804921,-0.32624727,-0.53328675,0.40625763,-0.9130489,-0.03600532
1356333261491,-0.44732487,-0.22376934,0.86592597,-0.7848519,-0.3660283,-0.50003076,0.428845,-0.9032998,-0.0118921995
1356333261514,-0.42736417,-0.2040424,0.8807534,-0.78264654,-0.40417928,-0.47339565,0.4525751,-0.89163095,0.013038635
1356333261554,-0.41483444,-0.1850667,0.8908775,-0.7716416,-0.44727927,-0.4522283,0.48216343,-0.875038,0.042741656
1356333261594,-0.41647685,-0.17313054,0.8925093,-0.7501167,-0.48924172,-0.44493532,0.5136847,-0.8547914,0.07388976
1356333261634,-0.43087333,-0.16949108,0.88635266,-0.7196243,-0.52811897,-0.45081192,0.5445082,-0.83208364,0.105582416
1356333261674,-0.45432097,-0.17068297,0.87433404,-0.6829795,-0.5634094,-0.4648753,0.5719542,-0.80835474,0.1393956
1356333261714,-0.48129684,-0.16626278,0.8606451,-0.64620984,-0.5960938,-0.4765343,0.5922552,-0.7855118,0.17945749
1356333261754,-0.5059384,-0.14028911,0.8510847,-0.6196742,-0.6272482,-0.47176635,0.60002506,-0.76608,0.2304155
1356333261794,-0.5228809,-0.08044568,0.8486013,-0.615144,-0.6535504,-0.44098726,0.59007925,-0.7525958,0.2922434
1356333261850,-0.5273354,0.0073594153,0.84962535,-0.63663304,-0.66564846,-0.389372,0.5626862,-0.7462292,0.35570523
1356333261874,-0.5194411,0.09215999,0.84952193,-0.67205256,-0.6580732,-0.3395365,0.5277559,-0.7472926,0.40376663
1356333261914,-0.5062004,0.13963339,0.8510368,-0.7024945,-0.639178,-0.3129741,0.5002624,-0.75627637,0.42164397
1356333261954,-0.49284852,0.1396847,0.8588297,-0.71995366,-0.6197605,-0.31235182,0.48863798,-0.7722597,0.40601456
1356333261994,-0.48006165,0.09893578,0.8716378,-0.726914,-0.6010711,-0.33212894,0.49105692,-0.7930481,0.36046895
1356333262034,-0.46608865,0.029569387,0.8842437,-0.72970116,-0.5780071,-0.36529985,0.5002974,-0.81549585,0.2909794
1356333262075,-0.4496386,-0.055466592,0.8914867,-0.7339176,-0.5459322,-0.40413243,0.5091072,-0.8359913,0.20476425
1356333262115,-0.42710316,-0.13437864,0.89416176,-0.74506843,-0.5079864,-0.43223011,0.5123045,-0.8508185,0.11684129
1356333262154,-0.40086788,-0.19976974,0.89408994,-0.7623079,-0.46855825,-0.44647473,0.5081254,-0.8605493,0.035544038
1356333262194,-0.36926603,-0.24413505,0.8966832,-0.7854496,-0.4337144,-0.44154364,0.49670067,-0.86734647,-0.03159976
1356333262234,-0.33150643,-0.26375234,0.9058356,-0.81278753,-0.4076668,-0.4161542,0.4790407,-0.8742097,-0.07923049
1356333262274,-0.28669912,-0.25724256,0.922838,-0.8418695,-0.39208865,-0.37083992,0.4572301,-0.88322854,-0.104153216
1356333262314,-0.23639727,-0.22797492,0.9445336,-0.8692901,-0.38468003,-0.31041268,0.43410954,-0.8944545,-0.10723904
1356333262354,-0.18548012,-0.18566516,0.96494853,-0.8913388,-0.38159055,-0.24475265,0.41365722,-0.9054928,-0.09471318
1356333262394,-0.14067316,-0.14186558,0.9798393,-0.9054358,-0.38190967,-0.18528587,0.4004959,-0.91324645,-0.07472566
1356333262452,-0.10742229,-0.10413432,0.9887449,-0.9110962,-0.3877536,-0.13982421,0.39794987,-0.915862,-0.053223044
1356333262472,-0.08921164,-0.076762676,0.9930502,-0.9093784,-0.40042657,-0.11264786,0.40629086,-0.9131079,-0.034083635
1356333262513,-0.08772427,-0.06311959,0.994143,-0.9013864,-0.41979247,-0.10619259,0.4240366,-0.9054227,-0.020069152
1356333262549,-0.102894664,-0.0649651,0.9925685,-0.8877363,-0.44413942,-0.12109685,0.4487059,-0.8935993,-0.011972278
1356333262579,-0.13076055,-0.07831389,0.98831606,-0.87044126,-0.46813357,-0.15225977,0.47458792,-0.88018066,-0.006954223
1356333262621,-0.16147798,-0.09652725,0.98214424,-0.84637606,-0.4982533,-0.18812525,0.5075158,-0.8616415,-0.0012414157
1356333262662,-0.19773775,-0.11254975,0.9737722,-0.814945,-0.53318375,-0.22711179,0.5447609,-0.8384794,0.013708681
1356333262703,-0.23123091,-0.1082167,0.9668616,-0.7792065,-0.57446665,-0.25064966,0.5825542,-0.81134284,0.048511297
1356333262743,-0.25602305,-0.06616059,0.9644039,-0.7464988,-0.62031317,-0.24073023,0.6141593,-0.78155893,0.109425664
1356333262783,-0.2676199,0.018933564,0.9633386,-0.72747946,-0.6595469,-0.18913427,0.631786,-0.751425,0.19028151
1356333262850,-0.26530457,0.122119755,0.9563996,-0.7273891,-0.6764519,-0.115403146,0.63286537,-0.72629166,0.26829433
1356333262864,-0.25419122,0.20129871,0.9459734,-0.7390281,-0.6713664,-0.055719614,0.6238785,-0.71326435,0.3194208
1356333262903,-0.24061662,0.23246735,0.94237065,-0.7517648,-0.6587738,-0.029440343,0.6139653,-0.7155249,0.33327276
1356333262942,-0.22658664,0.21797338,0.9492872,-0.7621424,-0.6465442,-0.03345868,0.6064631,-0.73107326,0.3126251
1356333262983,-0.21302557,0.16641825,0.96276957,-0.7726961,-0.631764,-0.061766535,0.597964,-0.75708604,0.26317257
1356333263023,-0.19853395,0.0944899,0.9755285,-0.7877281,-0.60761017,-0.101460695,0.5831541,-0.78859454,0.19506371
1356333263063,-0.18358529,0.016925722,0.98285806,-0.8084295,-0.57141465,-0.14116392,0.5592302,-0.820487,0.118586496
1356333263103,-0.16899711,-0.054973364,0.9840822,-0.83283734,-0.52598274,-0.1724065,0.52708805,-0.8487167,0.04310575
1356333263145,-0.15515697,-0.113763064,0.98131764,-0.857911,-0.47700036,-0.19094318,0.48981118,-0.8715094,-0.023588628
1356333263184,-0.14130229,-0.15410656,0.9778982,-0.8812924,-0.43038738,-0.19516769,0.45095164,-0.8893919,-0.0749982
1356333263224,-0.12610614,-0.17275366,0.97685885,-0.902184,-0.38949978,-0.18534765,0.41250584,-0.90468,-0.106737256
1356333263264,-0.10826522,-0.1688155,0.97968364,-0.92044353,-0.355294,-0.16294149,0.3755827,-0.91938436,-0.11691922
1356333263304,-0.088716686,-0.1482077,0.984969,-0.9350891,-0.32826054,-0.1336171,0.34312955,-0.93288773,-0.10946518
1356333263344,-0.07047087,-0.12011799,0.99025524,-0.94490635,-0.31009156,-0.10485777,0.31966504,-0.94308794,-0.09164789
1356333263384,-0.056996524,-0.09214142,0.9941133,-0.94907594,-0.30402815,-0.08259383,0.30984876,-0.94819665,-0.07012063
1356333263424,-0.05136478,-0.068992734,0.9962939,-0.94754636,-0.31175953,-0.07044068,0.315464,-0.94765294,-0.049360335
1356333263464,-0.05605662,-0.054134816,0.99695885,-0.94076955,-0.3315506,-0.07090038,0.33438048,-0.941883,-0.03234276
1356333263504,-0.07268083,-0.050224453,0.9960899,-0.9288739,-0.36028773,-0.08594257,0.36319536,-0.9314882,-0.020466238
1356333263544,-0.10223514,-0.058259755,0.9930528,-0.91184044,-0.39353138,-0.11696175,0.39761156,-0.9174633,-0.012890846
1356333263584,-0.14288867,-0.07615596,0.9868045,-0.88878953,-0.4288093,-0.16178921,0.43547213,-0.9001794,-0.006414652
1356333263624,-0.19090241,-0.09821826,0.9766829,-0.8582545,-0.46618748,-0.2146357,0.4763985,-0.8792169,0.0047000945
1356333263664,-0.2400229,-0.11309561,0.96415687,-0.81976223,-0.50837725,-0.26370907,0.5199797,-0.8536756,0.029310644
1356333263704,-0.2807629,-0.100517154,0.954499,-0.77655923,-0.560643,-0.28746313,0.56402826,-0.82193404,0.07935029
1356333263744,-0.30417848,-0.04192707,0.951692,-0.73864293,-0.62049687,-0.26342025,0.6015663,-0.7830874,0.15777263
1356333263784,-0.30458015,0.06076488,0.9505465,-0.7195699,-0.66853434,-0.18783227,0.6240593,-0.7411946,0.24734688
1356333263850,-0.2896942,0.16457182,0.9428644,-0.7203891,-0.68609023,-0.10158557,0.630172,-0.70865804,0.31731212
1356333263864,-0.27828437,0.21790758,0.935454,-0.7282231,-0.6829192,-0.05755475,0.62629783,-0.6972357,0.34873104
1356333263904,-0.27882886,0.2089957,0.93732345,-0.7347733,-0.6748861,-0.068095684,0.6183549,-0.7077073,0.34174216
1356333263944,-0.28831887,0.1518341,0.94541985,-0.7412344,-0.66043574,-0.119984,0.6061714,-0.73537135,0.3029608
1356333263984,-0.29830027,0.07109457,0.9518206,-0.7533251,-0.629892,-0.1890432,0.5861043,-0.773422,0.24145426
1356333264024,-0.3032416,-0.011038065,0.95284975,-0.77420115,-0.58012855,-0.25310755,0.5555692,-0.81445014,0.16737342
1356333264064,-0.30199444,-0.0814583,0.949823,-0.80157995,-0.517608,-0.29925174,0.51601255,-0.8517315,0.09101942
1356333264106,-0.29552686,-0.1354486,0.94568366,-0.8307321,-0.45238245,-0.3243984,0.47174996,-0.8814782,0.021169633
1356333264144,-0.2835328,-0.16999492,0.9437748,-0.8572618,-0.39614296,-0.3288964,0.4297805,-0.902315,-0.03341061
1356333264184,-0.26658905,-0.18520856,0.9458478,-0.88010633,-0.35324055,-0.31722853,0.39286524,-0.91701627,-0.06883317
1356333264224,-0.24369097,-0.18262428,0.95250356,-0.8994004,-0.32492906,-0.29240385,0.36289617,-0.92793834,-0.08507007
1356333264264,-0.21583617,-0.16704574,0.9620345,-0.91458607,-0.31048083,-0.25910223,0.34197527,-0.93578696,-0.08576465
1356333264304,-0.18617505,-0.14637658,0.9715517,-0.9245198,-0.30860972,-0.22365847,0.3325687,-0.93985844,-0.077872574
1356333264344,-0.15900153,-0.12671417,0.97911286,-0.9284517,-0.31802404,-0.19193235,0.33570197,-0.9395766,-0.06708166
1356333264384,-0.13842368,-0.11138791,0.9840892,-0.9265376,-0.3364039,-0.16840556,0.34980983,-0.935107,-0.056638777
1356333264424,-0.12854612,-0.10293904,0.9863465,-0.91937387,-0.3605048,-0.15744165,0.37178957,-0.92705977,-0.048297912
1356333264464,-0.13311267,-0.10400799,0.98562837,-0.9074608,-0.38705975,-0.1634002,0.39849207,-0.91616976,-0.042860568
1356333264504,-0.15414202,-0.116155565,0.98119724,-0.8905211,-0.41387415,-0.18889219,0.42803308,-0.9028931,-0.039643615
1356333264544,-0.19090271,-0.13854837,0.9717821,-0.8670685,-0.44028884,-0.2331048,0.46016112,-0.887102,-0.036078513
1356333264584,-0.23921353,-0.1663428,0.95661217,-0.83502716,-0.46751368,-0.2901044,0.49548608,-0.8681941,-0.027065128
1356333264624,-0.29070783,-0.18779716,0.93820095,-0.79413784,-0.49958116,-0.3460688,0.5336983,-0.8456659,-0.0039046109
1356333264664,-0.33332884,-0.18149862,0.9251757,-0.7501602,-0.5433519,-0.3768664,0.5710967,-0.8196505,0.04496184
1356333264704,-0.35356772,-0.12064329,0.92759645,-0.7180594,-0.60052073,-0.35180324,0.5994836,-0.79045564,0.12569568
1356333264744,-0.34247297,8.6838007E-4,0.9395273,-0.71369356,-0.6505955,-0.2595516,0.6110269,-0.759424,0.22343111
1356333264784,-0.30855578,0.1374403,0.94122446,-0.73235893,-0.66576207,-0.14286819,0.6069957,-0.733397,0.30608028
1356333264850,-0.27994823,0.2214163,0.93413264,-0.75166,-0.65584594,-0.06980908,0.5971903,-0.72169304,0.35003275
1356333264864,-0.27608705,0.2271032,0.9339165,-0.76071656,-0.64552176,-0.0679118,0.58744043,-0.72919536,0.35098132
1356333264904,-0.2911721,0.1721892,0.9410472,-0.76343334,-0.6346233,-0.120095104,0.5765313,-0.7533951,0.31623954
1356333264944,-0.3119414,0.08426583,0.94635713,-0.7678106,-0.6090338,-0.19885847,0.55960655,-0.78865516,0.25468305
1356333264984,-0.32347286,-0.0036592484,0.9462304,-0.7813978,-0.5629337,-0.2693011,0.5336504,-0.826494,0.17923442
1356333265024,-0.32221216,-0.07570553,0.9436356,-0.804074,-0.5042164,-0.31500962,0.4996444,-0.86025274,0.10159171
1356333265066,-0.30890805,-0.1271944,0.94254833,-0.83137673,-0.44521958,-0.33255422,0.46194,-0.88634145,0.03178546
1356333265104,-0.28478086,-0.15772882,0.9455271,-0.85914326,-0.39549702,-0.3247383,0.42517376,-0.90482247,-0.022881597
1356333265144,-0.25041175,-0.16815686,0.95342386,-0.8852396,-0.35895103,-0.2958123,0.39197537,-0.9180835,-0.05897349
1356333265184,-0.20686662,-0.1610288,0.9650264,-0.90806764,-0.33554316,-0.25064704,0.36416945,-0.9281597,-0.07681236
1356333265224,-0.1573987,-0.14167145,0.9773203,-0.92523193,-0.32479805,-0.19609219,0.34521237,-0.93511254,-0.0799562
1356333265264,-0.10698837,-0.11595222,0.9874758,-0.934479,-0.32746488,-0.1396983,0.339562,-0.9377216,-0.07332
1356333265304,-0.06105262,-0.08901337,0.99415755,-0.93530965,-0.3426813,-0.088121265,0.34852317,-0.9352251,-0.062333435
1356333265344,-0.024903595,-0.06447443,0.99760854,-0.9289659,-0.3671794,-0.04692051,0.3693265,-0.92791283,-0.050750405
1356333265384,-0.0037366748,-0.04639715,0.99891603,-0.91774696,-0.39656395,-0.021852463,0.39714798,-0.9168339,-0.04109904
1356333265424,-0.0021789074,-0.039298475,0.99922514,-0.90366405,-0.42782933,-0.018796593,0.4282365,-0.90300477,-0.03458041
1356333265464,-0.023450911,-0.04665047,0.998636,-0.88735527,-0.45914322,-0.042286187,0.46048963,-0.8871366,-0.030628204
1356333265504,-0.06811935,-0.06912276,0.99527967,-0.8672552,-0.4890393,-0.093321174,0.49318156,-0.8695185,-0.026634008
1356333265544,-0.13269466,-0.10225043,0.98586863,-0.8401042,-0.5162023,-0.16661373,0.52594393,-0.8503412,-0.017403752
1356333265584,-0.20565796,-0.13142553,0.9697588,-0.80435884,-0.5417301,-0.24399877,0.5574152,-0.8302144,0.005697787
1356333265624,-0.2652613,-0.12748861,0.95571077,-0.7677496,-0.57169455,-0.28935406,0.583264,-0.810501,0.05376917
1356333265664,-0.28258955,-0.05134034,0.957866,-0.7518913,-0.6082176,-0.25442258,0.5956531,-0.7921083,0.13327357
1356333265704,-0.23939401,0.10629502,0.96508646,-0.77223086,-0.6233419,-0.12290013,0.58851516,-0.7746911,0.23130853
1356333265744,-0.16557693,0.27041018,0.9484001,-0.8067794,-0.59021574,0.027431786,0.5671784,-0.76060754,0.3158874
1356333265784,-0.12196666,0.35609132,0.9264572,-0.8291245,-0.5496594,0.10211307,0.5455975,-0.75569403,0.3622842
1356333265851,-0.13043076,0.3541453,0.9260502,-0.8368372,-0.54021406,0.08872625,0.53168726,-0.76338065,0.36682242
1356333265866,-0.18492174,0.27837,0.94250417,-0.83174765,-0.55515337,7.7429414E-4,0.5234499,-0.7837825,0.33419347
1356333265904,-0.24706078,0.17078492,0.9538309,-0.8212769,-0.5593118,-0.112581044,0.5142618,-0.8111737,0.27844578
1356333265944,-0.29914743,0.057547867,0.95247,-0.81355184,-0.53700346,-0.2230711,0.49864239,-0.84161484,0.20746136
1356333265984,-0.3242706,-0.033998817,0.9453532,-0.8177657,-0.4922701,-0.29821026,0.47550792,-0.8697783,0.13182566
1356333266024,-0.3258946,-0.10067907,0.94003,-0.832963,-0.4397301,-0.33587202,0.4471748,-0.89246905,0.059443742
1356333266064,-0.30913478,-0.14533564,0.93984747,-0.8544996,-0.3913492,-0.34157935,0.4174522,-0.9086933,-0.0032096505
1356333266104,-0.27746624,-0.17047518,0.9454896,-0.87849027,-0.3533826,-0.3215206,0.38893086,-0.9198146,-0.051708996
1356333266144,-0.23155767,-0.17675969,0.95662796,-0.90259874,-0.32779306,-0.27904704,0.36290023,-0.92806673,-0.0836401
1356333266184,-0.17408353,-0.16659063,0.9705373,-0.9238215,-0.31362033,-0.21953645,0.34095287,-0.9348209,-0.09930393
1356333266224,-0.11115271,-0.145796,0.9830507,-0.93861014,-0.30966222,-0.15205377,0.32658243,-0.93960255,-0.10242587
1356333266264,-0.050731182,-0.120707154,0.99139094,-0.9449141,-0.31560504,-0.086779475,0.32336292,-0.9411818,-0.09804687
1356333266304,-1.0073185E-4,-0.09618515,0.9953634,-0.9435033,-0.32981735,-0.031966805,0.3313629,-0.939132,-0.09071773
1356333266344,0.034810126,-0.07535115,0.99654925,-0.9366683,-0.35016215,0.0062419474,0.34848356,-0.93365335,-0.08276814
1356333266384,0.04770845,-0.06256312,0.9969,-0.9274358,-0.37339503,0.020950735,0.3709268,-0.92556036,-0.075837344
1356333266424,0.03452295,-0.06179595,0.9974916,-0.91720724,-0.39834774,0.007066101,0.3969119,-0.9151504,-0.0704318
1356333266464,-0.009058535,-0.07668057,0.9970145,-0.90506613,-0.42331088,-0.040780067,0.42517415,-0.90273356,-0.06556636
1356333266504,-0.08199626,-0.10708976,0.99086237,-0.88649064,-0.44647998,-0.12161362,0.4554238,-0.88836217,-0.058324337
1356333266544,-0.17766947,-0.1476045,0.97295755,-0.8550627,-0.46625668,-0.22687536,0.48713583,-0.8722486,-0.04337153
1356333266584,-0.2788099,-0.1828528,0.9427778,-0.8084374,-0.48519725,-0.33318564,0.5183571,-0.85507226,-0.012547314
1356333266624,-0.35799438,-0.18441284,0.9153316,-0.7589236,-0.5136102,-0.40029943,0.543944,-0.8379717,0.04391429
1356333266664,-0.3852172,-0.11542854,0.9155785,-0.7370635,-0.5585159,-0.38052243,0.5552883,-0.82142323,0.13007179
1356333266704,-0.34357262,0.035836637,0.9384422,-0.7638765,-0.59195805,-0.25705716,0.5463063,-0.8051716,0.23075533
1356333266744,-0.26973152,0.1957416,0.942831,-0.80882186,-0.57738197,-0.111522704,0.52254397,-0.79266346,0.31405818
1356333266784,-0.23889077,0.27187195,0.93221074,-0.8339853,-0.5491816,-0.053554744,0.49739295,-0.79024374,0.3579316
1356333266851,-0.27524364,0.25338385,0.9273821,-0.8332546,-0.54401416,-0.098668694,0.4795079,-0.79990333,0.3608696
1356333266865,-0.36475027,0.15808567,0.91758716,-0.80399644,-0.55052435,-0.22475019,0.46962428,-0.81971455,0.3279042
1356333266904,-0.46166158,0.03159526,0.8864932,-0.7562785,-0.53629863,-0.37473524,0.46358523,-0.8434367,0.2714833
1356333266944,-0.54379165,-0.09559652,0.83375764,-0.70376205,-0.48927087,-0.5151048,0.45717558,-0.8668767,0.19878429
1356333266984,-0.59552723,-0.19417414,0.779515,-0.666875,-0.4215392,-0.61447734,0.44791177,-0.88577706,0.121548235
1356333267024,-0.62243694,-0.26172805,0.7376115,-0.65019745,-0.3516941,-0.67346454,0.43567818,-0.8987824,0.04873258
1356333267066,-0.63132167,-0.3041141,0.7134056,-0.65106523,-0.29197335,-0.700618,0.42136323,-0.90678895,-0.013669014
1356333267105,-0.62517786,-0.32618034,0.70905507,-0.6668603,-0.24879247,-0.7024242,0.40552446,-0.9119807,-0.061977208
1356333267144,-0.6036171,-0.33024302,0.72566235,-0.69635093,-0.22485942,-0.681567,0.38825476,-0.91672117,-0.094236076
1356333267184,-0.5650674,-0.3180726,0.7612679,-0.73704755,-0.22002858,-0.6390215,0.3707559,-0.9221808,-0.11010367
1356333267224,-0.51115346,-0.29386914,0.80768996,-0.7822075,-0.23039311,-0.57885265,0.35619313,-0.9276637,-0.11210042
1356333267264,-0.44864982,-0.26377746,0.8538939,-0.8231846,-0.25003654,-0.5097537,0.34796616,-0.9316132,-0.10495877
1356333267304,-0.38843578,-0.23463818,0.8911019,-0.85341775,-0.2731381,-0.44392973,0.34755677,-0.9329204,-0.0941478
1356333267344,-0.34242332,-0.21203789,0.9153066,-0.87001836,-0.2962265,-0.39410385,0.354703,-0.93128395,-0.083042026
1356333267384,-0.32150942,-0.2011764,0.92528903,-0.8723084,-0.31723678,-0.37207386,0.36838818,-0.9267626,-0.0734933
1356333267424,-0.33371025,-0.20704105,0.91965836,-0.85918474,-0.3346029,-0.38709506,0.3878649,-0.91933393,-0.066226125
1356333267464,-0.38234085,-0.23279387,0.8942161,-0.8272584,-0.34489447,-0.44349897,0.41165406,-0.9093156,-0.06071341
1356333267504,-0.46006662,-0.27664393,0.84368646,-0.7719318,-0.3448773,-0.53402334,0.4387026,-0.8969547,-0.05488372
1356333267544,-0.549895,-0.33098286,0.7668546,-0.6913695,-0.3347773,-0.64025974,0.4686405,-0.88225543,-0.044739127
1356333267601,-0.63098884,-0.38289493,0.6747182,-0.5931882,-0.32238835,-0.7376947,0.49998087,-0.865712,-0.023705304
1356333267614,-0.69172114,-0.4251831,0.58373034,-0.4918699,-0.3144443,-0.8119044,0.52875876,-0.84873086,0.008373082
1356333267654,-0.72076464,-0.4281771,0.54512626,-0.4233289,-0.3508317,-0.8352902,0.5488997,-0.8328154,0.07160741
1356333267694,-0.7269803,-0.37565017,0.5747926,-0.40771127,-0.43741012,-0.80152595,0.5525135,-0.81704307,0.16483176
1356333267734,-0.70205176,-0.24790213,0.6675837,-0.4682202,-0.5456413,-0.6950147,0.53655684,-0.80051243,0.26699564
1356333267774,-0.64702296,-0.08755419,0.7574269,-0.56664646,-0.60945916,-0.55450094,0.5101697,-0.78796816,0.34472182
1356333267814,-0.6061517,0.0083194375,0.7953055,-0.6286801,-0.61751056,-0.47269654,0.48717698,-0.7865186,0.37953532
1356333267854,-0.60386395,0.010965496,0.79701203,-0.64071476,-0.601494,-0.47716826,0.4741655,-0.7988021,0.37024623
1356333267891,-0.61055875,-0.029475003,0.79142225,-0.63823223,-0.57335865,-0.5137309,0.46891105,-0.8187741,0.33125722
1356333267932,-0.61793816,-0.09469542,0.7805032,-0.63247883,-0.52982616,-0.5650264,0.46703643,-0.8428031,0.26750696
1356333267973,-0.61341655,-0.15923156,0.773541,-0.6394868,-0.4746167,-0.60481054,0.46344033,-0.8656699,0.1893112
1356333268013,-0.5949883,-0.21124429,0.7754772,-0.66230154,-0.41776574,-0.6219554,0.45535228,-0.8836559,0.108658254
1356333268053,-0.56525016,-0.2490576,0.7864239,-0.6960525,-0.36764187,-0.61672556,0.44272256,-0.8959966,0.03445238
1356333268111,-0.5258768,-0.2728138,0.8056216,-0.7357795,-0.32926464,-0.5917882,0.42671072,-0.9039676,-0.027578175
1356333268132,-0.47716022,-0.28195918,0.8323564,-0.7782552,-0.30437142,-0.54925114,0.4082119,-0.9098665,-0.07420224
1356333268173,-0.41844875,-0.27520198,0.8655429,-0.82138103,-0.29203016,-0.4899505,0.38759997,-0.9159597,-0.10384607
1356333268209,-0.349912,-0.25349835,0.9018315,-0.8619932,-0.2897976,-0.4159147,0.3667823,-0.9229062,-0.11711013
1356333268239,-0.27890927,-0.22644922,0.9332365,-0.8943689,-0.2926635,-0.33830786,0.34973383,-0.9290149,-0.12090254
1356333268281,-0.2092213,-0.19238207,0.95875734,-0.91708577,-0.30167735,-0.2606616,0.339382,-0.9337987,-0.113313496
1356333268322,-0.14372647,-0.15691143,0.9770986,-0.92986006,-0.31648946,-0.1876027,0.3386784,-0.93552834,-0.10041773
1356333268363,-0.089167655,-0.12431443,0.9882282,-0.93309116,-0.3366428,-0.12654069,0.34841073,-0.9333904,-0.085979015
1356333268403,-0.050456405,-0.09772533,0.99393356,-0.9289065,-0.36097383,-0.08264691,0.36686075,-0.9274414,-0.072564214
1356333268443,-0.030688584,-0.08008209,0.9963157,-0.91963935,-0.38822603,-0.05953175,0.39156318,-0.91807806,-0.06173247
