1356333544763,0.23991394,0.04938829,0.969537,0.9163954,-0.34114057,-0.20938626,0.32040715,0.938714,-0.1271036
1356333544791,0.3977342,-0.25509354,-0.8813256,-0.8597381,0.2318233,-0.45509163,0.32040274,0.93871474,-0.12710959
1356333544819,0.3977468,-0.25511113,-0.8813149,-0.8597444,0.23177677,-0.45510343,0.32037032,0.9387214,-0.12714192
1356333544863,0.39781404,-0.25514442,-0.8812748,-0.8597856,0.23153698,-0.45514762,0.3201761,0.9387715,-0.12726083
1356333544904,0.39822915,-0.25515106,-0.8810854,-0.8597654,0.23096344,-0.45547703,0.31971395,0.93891096,-0.12739366
1356333544943,0.39936313,-0.25497046,-0.8806243,-0.859547,0.22997305,-0.45638958,0.31888577,0.93920314,-0.12731633
1356333544982,0.40182304,-0.25461692,-0.87960696,-0.8588075,0.22856605,-0.45848364,0.31778595,0.93964237,-0.12682375
1356333545033,0.4054259,-0.25381532,-0.8781842,-0.8576708,0.22676522,-0.46149582,0.31627628,0.9402953,-0.12575346
1356333545064,0.41079748,-0.2533971,-0.8758055,-0.8557298,0.2243014,-0.46627817,0.31459793,0.9409988,-0.12469703
1356333545099,0.41649458,-0.25333837,-0.8731276,-0.8536836,0.22130659,-0.47143155,0.31266055,0.9417234,-0.124097764
1356333545142,0.4222222,-0.25382346,-0.87023103,-0.8517434,0.21748936,-0.47668815,0.31026062,0.9424819,-0.12436363
1356333545183,0.42781228,-0.25479308,-0.8672123,-0.85002816,0.21277463,-0.48184964,0.30729273,0.94329596,-0.12555367
1356333545222,0.43303365,-0.25587952,-0.86429596,-0.8486668,0.20735091,-0.48659042,0.30372107,0.94420934,-0.12736651
1356333545262,0.43773958,-0.25651464,-0.8617333,-0.847777,0.20143226,-0.49061102,0.29942977,0.94531757,-0.12929231
1356333545304,0.441827,-0.25609306,-0.8597704,-0.84742105,0.19536132,-0.49367148,0.29439172,0.9467049,-0.13070273
1356333545343,0.44509593,-0.25440013,-0.8585861,-0.8477477,0.18915513,-0.49552405,0.28846738,0.94842017,-0.13147497
1356333545382,0.44746652,-0.25223836,-0.8579915,-0.84870815,0.18264708,-0.4963209,0.28190082,0.9502714,-0.13234833
1356333545424,0.44890922,-0.25080636,-0.8576577,-0.8502331,0.17541462,-0.4963199,0.27492586,0.95201147,-0.1344986
1356333545463,0.4494812,-0.2515213,-0.8571486,-0.85195094,0.1678192,-0.4960004,0.26860064,0.9531914,-0.13885224
1356333545504,0.44913983,-0.2550913,-0.8562721,-0.8532628,0.16177154,-0.4957546,0.26498318,0.9532882,-0.14500192
1356333545544,0.44821826,-0.26213393,-0.8546263,-0.8532902,0.15950474,-0.4964413,0.266451,0.9517583,-0.15218332
1356333545584,0.44648924,-0.27183685,-0.8524976,-0.8517853,0.16268429,-0.49799153,0.27406046,0.94849277,-0.15890989
1356333545624,0.44384697,-0.28259802,-0.8503753,-0.84884965,0.17149732,-0.50004286,0.2871482,0.94378334,-0.16376466
1356333545682,0.44040507,-0.29302666,-0.8486334,-0.8446462,0.1851784,-0.50227654,0.304329,0.9380002,-0.16595039
1356333545702,0.4365702,-0.30263314,-0.84724236,-0.83916605,0.2025396,-0.5047554,0.32435584,0.9313382,-0.16553673
1356333545743,0.432903,-0.31162655,-0.84586275,-0.8323201,0.2221703,-0.5078224,0.3461765,0.9238664,-0.16319486
1356333545786,0.42987868,-0.32033592,-0.84415007,-0.8242685,0.24233857,-0.5117162,0.3684912,0.91578215,-0.15986666
1356333545813,0.42752725,-0.3282838,-0.8422887,-0.8162832,0.26018804,-0.5157362,0.3884613,0.9080374,-0.15673506
1356333545839,0.4257025,-0.3354562,-0.8403847,-0.8087178,0.27555925,-0.51965636,0.4058977,0.9008531,-0.15398312
1356333545879,0.42375964,-0.340564,-0.83931154,-0.8020772,0.28942943,-0.522401,0.42083246,0.8945651,-0.15051013
1356333545923,0.41979396,-0.33966804,-0.8416642,-0.79839694,0.30284292,-0.52043116,0.43166587,0.89045596,-0.14405829
1356333545963,0.4120881,-0.32936883,-0.849529,-0.7993094,0.31687534,-0.51058257,0.43736482,0.8894415,-0.13268703
1356333546002,0.39924154,-0.30823094,-0.8634813,-0.8056627,0.33158877,-0.49087328,0.43762302,0.8916516,-0.115946114
1356333546043,0.38052937,-0.27712148,-0.88227046,-0.81730264,0.34559938,-0.46106127,0.43268216,0.8965293,-0.09498143
1356333546083,0.35630172,-0.23894951,-0.90330076,-0.83328545,0.35609746,-0.4228829,0.42271078,0.90338135,-0.07223505
1356333546122,0.32842916,-0.19811234,-0.9235182,-0.8520529,0.35979903,-0.3801979,0.40760288,0.9117545,-0.05063373
1356333546162,0.3004468,-0.15950581,-0.94036674,-0.8714558,0.3548293,-0.33861625,0.38768092,0.92122424,-0.032394946
1356333546202,0.27702147,-0.12716872,-0.9524113,-0.8891955,0.3416986,-0.3042589,0.36412978,0.93116605,-0.018419981
1356333546243,0.2628793,-0.1030547,-0.9593092,-0.9035825,0.32230914,-0.28223288,0.33827952,0.9410082,-0.008390009
1356333546283,0.2616865,-0.086824715,-0.9612396,-0.91369396,0.2985739,-0.27571163,0.31093964,0.95042884,-0.001198411
1356333546322,0.27538234,-0.07639328,-0.95829475,-0.9188112,0.27228236,-0.28574187,0.28275552,0.95918006,0.0047907233
1356333546363,0.30357695,-0.06828314,-0.95035696,-0.9181644,0.24554603,-0.3109359,0.254588,0.96697694,0.011846989
1356333546402,0.34319752,-0.05772829,-0.9374875,-0.9113255,0.2211587,-0.3472385,0.22737896,0.97352767,0.023291856
1356333546442,0.38911813,-0.03904867,-0.92035985,-0.89869356,0.20334971,-0.38858548,0.20232859,0.97832716,0.044034302
1356333546482,0.435399,-0.006976664,-0.9002105,-0.88166434,0.19877149,-0.42796937,0.18192196,0.980021,0.08039385
1356333546523,0.47652715,0.040794313,-0.8782128,-0.86252457,0.21509588,-0.45802307,0.17021516,0.97574055,0.13768512
1356333546563,0.51091135,0.09667212,-0.85418034,-0.84271634,0.25248486,-0.47547933,0.16970202,0.9627595,0.21046454
1356333546602,0.54069257,0.14307073,-0.8289646,-0.8221388,0.29856902,-0.4847105,0.17815527,0.94360334,0.27905804
1356333546643,0.56861013,0.16392398,-0.8061089,-0.8001743,0.3375095,-0.49579084,0.19079745,0.92693925,0.32307905
1356333546683,0.5941371,0.15456173,-0.78937435,-0.7776414,0.3612262,-0.514577,0.20560879,0.91957945,0.33481145
1356333546722,0.61452156,0.117733955,-0.78006536,-0.756181,0.36972064,-0.53990453,0.22484118,0.92165357,0.31622946
1356333546763,0.626602,0.059136093,-0.7770926,-0.7377699,0.36631382,-0.5670183,0.25112846,0.9286103,0.27316183
1356333546804,0.6284915,-0.016192168,-0.77764785,-0.7237711,0.35399592,-0.5923193,0.28487504,0.9351067,0.21076405
1356333546842,0.6147512,-0.08783683,-0.78381485,-0.72155297,0.33867422,-0.60387176,0.3185001,0.9367948,0.14482144
1356333546883,0.591564,-0.15338418,-0.7915335,-0.72671056,0.32377067,-0.6058583,0.34920436,0.93361974,0.08006519
1356333546923,0.55822855,-0.20628309,-0.8036344,-0.7407666,0.31234193,-0.594733,0.37369207,0.92730236,0.021550566
1356333546963,0.5156591,-0.24262878,-0.821722,-0.7627865,0.30676785,-0.56925404,0.3901953,0.92033947,-0.026886344
1356333547003,0.46309608,-0.25893041,-0.84764206,-0.7913846,0.30981046,-0.5269989,0.39906442,0.91486204,-0.06144157
1356333547043,0.39697823,-0.25147244,-0.88270605,-0.8248297,0.3240836,-0.46327722,0.40257204,0.91199315,-0.078767836
1356333547083,0.31189865,-0.21738464,-0.9249126,-0.860336,0.34845716,-0.372021,0.40316412,0.91176844,-0.07834053
1356333547122,0.20418729,-0.15733445,-0.9662057,-0.89282644,0.3748361,-0.24971753,0.401458,0.9136432,-0.06393564
1356333547163,0.07841729,-0.0811083,-0.99361575,-0.9147334,0.39042777,-0.10406223,0.39637545,0.9170538,-0.04357618
1356333547204,-0.049676448,-0.0065054595,-0.9987442,-0.9208909,0.38741025,0.04328063,0.38664216,0.92188454,-0.02523601
1356333547244,-0.16203359,0.050725877,-0.98548067,-0.9139891,0.36874816,0.16925949,0.37197998,0.9281443,-0.013386726
1356333547284,-0.24729863,0.08408481,-0.965284,-0.90218955,0.34337917,0.26104566,0.35340837,0.9354253,-0.009056747
1356333547324,-0.3008865,0.094674975,-0.94894886,-0.8938186,0.31893706,0.31522602,0.33249894,0.9430354,-0.011341572
1356333547364,-0.3209443,0.08644104,-0.94314504,-0.8947798,0.2987224,0.33186448,0.31042525,0.95041716,-0.018527508
1356333547404,-0.3059834,0.06355694,-0.949913,-0.90760803,0.28177407,0.31120914,0.28744042,0.95737344,-0.028533459
1356333547444,-0.25653976,0.031862974,-0.9660083,-0.9300028,0.26404327,0.25568712,0.26321492,0.9639844,-0.03810489
1356333547484,-0.181503,0.0030961037,-0.9833855,-0.9542564,0.24105221,0.17688558,0.2375949,0.97050714,-0.040797234
1356333547524,-0.10240784,-0.0039388835,-0.99473464,-0.971974,0.21312383,0.09922072,0.21161088,0.97701716,-0.025654018
1356333547564,-0.044449806,0.02632454,-0.99866474,-0.98128474,0.18633181,0.04858789,0.18736207,0.9821341,0.017549455
1356333547603,-0.016162515,0.08890402,-0.99590904,-0.9858749,0.16464597,0.030697525,0.1667015,0.9823379,0.08498722
1356333547642,-0.0045928955,0.15675211,-0.98762727,-0.98853254,0.1483618,0.028144509,0.15093783,0.976431,0.15427318
1356333547683,0.006539583,0.2036365,-0.9790247,-0.9898683,0.14018679,0.022546709,0.14183766,0.96895814,0.20249012
1356333547722,0.02197373,0.2209877,-0.975029,-0.98956,0.14375436,0.010280341,0.14243641,0.9646238,0.22183946
1356333547764,0.03683299,0.21326333,-0.97630024,-0.9871363,0.15986437,-0.002320975,0.15558064,0.9638269,0.21640822
1356333547804,0.046548933,0.18640375,-0.98136985,-0.9820229,0.18845358,-0.010784626,0.18293235,0.9642297,0.19182509
1356333547841,0.03632596,0.15623543,-0.9870516,-0.97572005,0.21901771,-0.0012417436,0.21598777,0.96313125,0.16039807
1356333547884,0.011469305,0.12712869,-0.99181986,-0.967963,0.25022304,0.020879537,0.25083053,0.9598055,0.12592584
1356333547923,-0.0333049,0.10551679,-0.99385965,-0.95859206,0.27803162,0.061641306,0.2828286,0.9547589,0.09188771
1356333547964,-0.09654477,0.09490344,-0.9907938,-0.9458549,0.3011873,0.1210151,0.30989933,0.9488306,0.060686767
1356333548004,-0.17630467,0.098814875,-0.97936326,-0.9266814,0.31884804,0.19899169,0.3319314,0.9426408,0.03535545
1356333548044,-0.27063155,0.1209901,-0.95504963,-0.896993,0.32849467,0.29579532,0.34951696,0.9367244,0.01962626
1356333548084,-0.37268043,0.1604271,-0.91398716,-0.85416496,0.3256082,0.40543994,0.3626453,0.93179524,0.015683353
1356333548124,-0.4690041,0.20646381,-0.8587245,-0.80201876,0.30761665,0.511994,0.36986622,0.9288405,0.021314383
1356333548164,-0.5457792,0.24325433,-0.8018431,-0.75214314,0.27956402,0.59676176,0.36933142,0.928801,0.030381799
1356333548204,-0.59830546,0.26132455,-0.7574563,-0.71559393,0.25103772,0.6518476,0.3604939,0.9320352,0.036805034
1356333548244,-0.62863594,0.26024437,-0.732864,-0.69719034,0.2289589,0.6793405,0.34459028,0.93800354,0.03750801
1356333548284,-0.6385938,0.24328712,-0.73007494,-0.6982095,0.2157383,0.68261296,0.32357603,0.9456577,0.032096267
1356333548324,-0.62660307,0.21331945,-0.7495754,-0.7196348,0.21082526,0.66157264,0.2991557,0.95396405,0.021408439
1356333548364,-0.58720505,0.172007,-0.7909512,-0.76214874,0.21161246,0.6118411,0.2726161,0.9620986,0.006834984
1356333548404,-0.5121243,0.12049866,-0.8504168,-0.823395,0.21289837,0.526018,0.24443683,0.9696156,-0.009812474
1356333548444,-0.39578718,0.06373501,-0.9161279,-0.8929202,0.20639235,0.40011963,0.2145834,0.9763913,-0.024777174
1356333548484,-0.25050944,0.017751068,-0.9679514,-0.95054054,0.18512976,0.24939853,0.1836237,0.9825538,-0.029503644
1356333548524,-0.110084325,0.0051155984,-0.9939091,-0.98189986,0.15450421,0.10954946,0.15412357,0.9879789,-0.011985481
1356333548564,-0.00471887,0.034743756,-0.9993851,-0.99155605,0.12935337,0.009178907,0.12959269,0.9909897,0.03384
1356333548606,0.06710014,0.08941656,-0.9937315,-0.9912426,0.119508296,-0.05617875,0.113735884,0.98879856,0.09665248
1356333548644,0.12580767,0.1376721,-0.9824555,-0.9859928,0.12666348,-0.10851115,0.109502286,0.9823455,0.15167892
1356333548684,0.1837034,0.15888634,-0.9700557,-0.9758153,0.14842358,-0.16048363,0.118480444,0.9760766,0.18230969
1356333548724,0.24219248,0.14809883,-0.9588585,-0.96020067,0.1783069,-0.21499148,0.13913107,0.9727659,0.18538919
1356333548764,0.2947063,0.11175409,-0.94903076,-0.9407666,0.20816872,-0.26762697,0.16765013,0.9716877,0.16648313
1356333548802,0.3324828,0.062092543,-0.94106305,-0.92180735,0.23227495,-0.31035385,0.19931468,0.97066617,0.1344648
1356333548843,0.34965986,0.01102829,-0.9368118,-0.9082008,0.24949108,-0.33604386,0.2300202,0.9683143,0.097252905
1356333548883,0.34404868,-0.03293842,-0.9383739,-0.9031409,0.26176226,-0.34031895,0.25684047,0.96457016,0.0603109
1356333548923,0.31622463,-0.064750075,-0.94647205,-0.9069728,0.2719434,-0.3216318,0.27821246,0.96013236,0.027268678
1356333548963,0.26449174,-0.07900518,-0.96114635,-0.9185388,0.28300887,-0.27602986,0.29382074,0.9558579,0.0022841692
1356333549003,0.18607864,-0.07057592,-0.9799968,-0.9340377,0.2967858,-0.19872555,0.3048744,0.9523325,-0.0106951
1356333549043,0.08184764,-0.03805381,-0.9959181,-0.9463078,0.31059065,-0.089638144,0.31273395,0.9497818,-0.01058954
1356333549084,-0.03954622,0.011859715,-0.9991474,-0.9475036,0.31707105,0.041265726,0.3172901,0.94832766,-0.001301825
1356333549124,-0.1595881,0.06429848,-0.9850875,-0.9347633,0.3110056,0.17173532,0.31741002,0.9482306,0.010471106
1356333549164,-0.26016223,0.10526949,-0.9598094,-0.913554,0.29500884,0.2799802,0.31262568,0.94967794,0.019419134
1356333549204,-0.33164853,0.12848637,-0.93461245,-0.8931595,0.27622885,0.35491356,0.30376846,0.9524646,0.02314794
1356333549244,-0.37095565,0.13373634,-0.91897047,-0.8814995,0.26060563,0.39375547,0.29214835,0.9561378,0.02121532
1356333549284,-0.3763078,0.122745275,-0.9183279,-0.88362503,0.2504691,0.39556554,0.27856663,0.9603119,0.0142073035
1356333549324,-0.34442562,0.09718257,-0.9337701,-0.90118474,0.24454838,0.35785782,0.26312953,0.9647547,0.0033507347
1356333549364,-0.2715714,0.058907956,-0.9606137,-0.93071353,0.23800707,0.27771375,0.24499246,0.96947527,-0.009809494
1356333549404,-0.1596247,0.015453398,-0.98705673,-0.9615206,0.22404504,0.15900275,0.22360227,0.9744562,-0.020904303
1356333549444,-0.033279926,-0.014001638,-0.99934804,-0.9794142,0.19964626,0.029818833,0.19909862,0.979768,-0.020357668
1356333549484,0.0688234,-0.006577462,-0.9976071,-0.9825095,0.17298788,-0.06892234,0.17302725,0.98490196,0.0054432154
1356333549524,0.122356355,0.046008825,-0.99141926,-0.98141,0.15443051,-0.113954425,0.1478625,0.9869318,0.064049065
1356333549564,0.13345787,0.12756938,-0.9828098,-0.9829653,0.14348409,-0.114854634,0.12636566,0.98139614,0.14454529
1356333549604,0.12924513,0.20566002,-0.9700513,-0.98531365,0.13672361,-0.10229194,0.11159155,0.9690256,0.22031048
1356333549645,0.13607237,0.25344038,-0.9577329,-0.98495936,0.1385183,-0.10328519,0.10648692,0.9573822,0.26847693
1356333549684,0.16474965,0.26142544,-0.9510595,-0.97980446,0.1541554,-0.12735513,0.11331707,0.9528341,0.2815429
1356333549724,0.21160579,0.23248416,-0.94930196,-0.9683425,0.18147296,-0.17140734,0.13242316,0.95552015,0.26352498
1356333549764,0.26502562,0.17599326,-0.9480442,-0.95070463,0.21186256,-0.2264395,0.16100326,0.9613223,0.22346663
1356333549803,0.3157645,0.10092443,-0.9434549,-0.928451,0.2378754,-0.28529656,0.19563133,0.9660381,0.16881597
1356333549841,0.3431653,0.02791205,-0.9388602,-0.91090786,0.2536879,-0.32540628,0.22909465,0.9668833,0.11248219
1356333549882,0.35413125,-0.039831042,-0.93434703,-0.89840436,0.26298842,-0.3517196,0.25973174,0.9639764,0.057348102
1356333549923,0.33938545,-0.093602896,-0.93597865,-0.8962822,0.26980197,-0.35197324,0.28547466,0.9583556,0.0076722503
1356333549963,0.29042208,-0.12487769,-0.94871515,-0.9068601,0.2804917,-0.3145299,0.30538446,0.9516984,-0.031785607
1356333550003,0.19405906,-0.12375316,-0.97315276,-0.9273559,0.30037707,-0.22312474,0.3199251,0.94575834,-0.0564723
1356333550043,0.032505512,-0.07839382,-0.99639237,-0.9435282,0.32644492,-0.05646485,0.32969368,0.94195974,-0.063355505
1356333550083,-0.19134447,0.012029886,-0.98144925,-0.92283744,0.33836553,0.1840649,0.3343028,0.9409379,-0.05364269
1356333550124,-0.4186604,0.11511353,-0.90081763,-0.84498346,0.31408042,0.43284684,0.3327557,0.9423918,-0.034223974
1356333550164,-0.58476317,0.18872961,-0.78894436,-0.74348044,0.26433545,0.61429924,0.32448244,0.9457843,-0.014256895
1356333550204,-0.68373495,0.22273985,-0.69490546,-0.6606816,0.2153914,0.7191012,0.3098492,0.95078576,-1.10566616E-4
1356333550244,-0.73645175,0.22715193,-0.6372132,-0.61115736,0.18045098,0.77066463,0.2900437,0.95699495,0.0059321523
1356333550284,-0.75721824,0.21221472,-0.61772597,-0.59620976,0.16166675,0.7863826,0.26674774,0.9637576,0.0041074753
1356333550324,-0.7486102,0.18369785,-0.637054,-0.6173905,0.15711278,0.7708077,0.24168503,0.9703457,-0.004202962
1356333550364,-0.70102173,0.14309382,-0.6986363,-0.6795797,0.16295004,0.7152752,0.21619427,0.97620255,-0.01698786
1356333550404,-0.58956987,0.08923727,-0.80277276,-0.7848116,0.17172307,0.59546787,0.19099253,0.98109525,-0.031208277
1356333550444,-0.38466114,0.026373357,-0.922681,-0.90797794,0.16913486,0.38336596,0.16616818,0.98524,-0.041113198
1356333550484,-0.11770216,-0.01876387,-0.99287164,-0.98294556,0.14445928,0.1137954,0.14129427,0.9893328,-0.03544706
1356333550524,0.10388318,-0.012422532,-0.99451196,-0.9877795,0.11552337,-0.10462299,0.11618903,0.9932271,-2.6977062E-4
1356333550564,0.21902797,0.049988687,-0.97443724,-0.97145754,0.10440466,-0.2130022,0.09108809,0.9932778,0.07142946
1356333550604,0.2641409,0.14163524,-0.95402783,-0.9620591,0.108792424,-0.2502132,0.06835204,0.98392266,0.164998
1356333550644,0.30321917,0.2214253,-0.92683816,-0.9514029,0.12522241,-0.28133956,0.053765237,0.9671041,0.24863449
1356333550684,0.3796426,0.2568361,-0.88876694,-0.9236026,0.16046286,-0.34815225,0.053196013,0.95304084,0.29813302
1356333550724,0.49639168,0.23581263,-0.8354566,-0.86541986,0.20997217,-0.4549287,0.06814465,0.94884354,0.30830538
1356333550764,0.6240463,0.16640237,-0.7634635,-0.7755401,0.25120872,-0.57916486,0.09541437,0.9535222,0.28581753
1356333550803,0.7316785,0.068139255,-0.6782357,-0.6688689,0.26354328,-0.6950966,0.1313811,0.96223795,0.23840518
1356333550864,0.797013,-0.024482548,-0.60346574,-0.58011913,0.2469415,-0.77619696,0.16802402,0.96872103,0.18261279
1356333550873,0.8290397,-0.09759194,-0.55060786,-0.5220455,0.21780616,-0.8246387,0.20040387,0.97110057,0.12962253
1356333550914,0.84599423,-0.16239385,-0.50786024,-0.48044324,0.1808973,-0.85816693,0.23123159,0.9700023,0.075017035
1356333550954,0.8465629,-0.21198161,-0.48825708,-0.46604627,0.14797616,-0.87229806,0.2571616,0.9660056,0.026477888
1356333550994,0.83480644,-0.24407871,-0.49348128,-0.47644848,0.12882978,-0.8697124,0.27585334,0.9611599,-0.008742988
1356333551034,0.8104516,-0.25668427,-0.52657515,-0.51086664,0.13020182,-0.8497428,0.28667665,0.95768505,-0.02560915
1356333551074,0.7692381,-0.24799359,-0.58887345,-0.5691053,0.15309215,-0.80788726,0.29050273,0.9565887,-0.023370162
1356333551114,0.70265794,-0.21679087,-0.6776973,-0.65043235,0.19042918,-0.7353058,0.2884609,0.9574646,-0.0072012097
1356333551154,0.603491,-0.16555074,-0.7799946,-0.74624777,0.22735995,-0.62563694,0.2809142,0.9596355,0.013667792
1356333551194,0.47792912,-0.104831755,-0.8721204,-0.83651876,0.24859332,-0.4883008,0.2679927,0.9629183,0.031116247
1356333551234,0.35195416,-0.05160442,-0.9345937,-0.90180206,0.24880035,-0.35334313,0.2507613,0.96717906,0.041029364
1356333551274,0.2560842,-0.018589407,-0.9664757,-0.9386245,0.23424101,-0.25320998,0.23109528,0.97200084,0.042536974
1356333551314,0.20701483,-0.007991016,-0.9783052,-0.9553405,0.21388867,-0.20390248,0.2108778,0.97682536,0.036643982
1356333551354,0.20718315,-0.01581809,-0.9781742,-0.9594573,0.19202122,-0.20632392,0.1910938,0.9812632,0.024606794
1356333551394,0.2522051,-0.035851896,-0.9670093,-0.95217866,0.16892186,-0.25459984,0.17247686,0.9849771,0.008465588
1356333551434,0.32870185,-0.05976805,-0.94254065,-0.93166876,0.14300847,-0.3339788,0.15475252,0.98791516,-0.008676857
1356333551474,0.41616637,-0.07497251,-0.90619236,-0.89893854,0.116015196,-0.42243344,0.13680297,0.99041384,-0.019114047
1356333551514,0.49199328,-0.065712094,-0.86811554,-0.86267436,0.09743783,-0.49628514,0.11719927,0.99306995,-0.008749396
1356333551554,0.5438381,-0.022338301,-0.8388928,-0.83380806,0.09865005,-0.54316866,0.09489027,0.9948714,0.03502381
1356333551594,0.5709713,0.05205822,-0.8193178,-0.8179585,0.12147546,-0.5623057,0.070254385,0.99122834,0.11194046
1356333551634,0.5891403,0.13101226,-0.79733896,-0.8065936,0.1541778,-0.57064515,0.048170418,0.97931856,0.19650605
1356333551674,0.61636275,0.18180591,-0.76618767,-0.78662544,0.18699838,-0.58843184,0.036295474,0.9653902,0.258272
1356333551714,0.66098714,0.18611723,-0.72695005,-0.74931437,0.21572931,-0.6260901,0.040298283,0.9585516,0.2820546
1356333551754,0.7151426,0.14653963,-0.6834451,-0.6963248,0.2344811,-0.6783438,0.06085071,0.96101236,0.2697266
1356333551806,0.764829,0.076765746,-0.63964343,-0.6371877,0.23657826,-0.73350006,0.095018,0.96857506,0.2298561
1356333551834,0.798547,-0.004558623,-0.6019152,-0.58617306,0.22143036,-0.7793394,0.13683504,0.97516555,0.1741504
1356333551874,0.8136293,-0.084426835,-0.57522124,-0.55256635,0.19533837,-0.81025517,0.18077004,0.97709525,0.112281606
1356333551914,0.81154203,-0.15406851,-0.5636155,-0.54067445,0.1676901,-0.8243489,0.22151895,0.9737263,0.05278665
1356333551954,0.7954336,-0.2082978,-0.5691199,-0.54969674,0.14744031,-0.8222498,0.25518405,0.9668885,0.0027783364
1356333551994,0.7672429,-0.24372438,-0.59324265,-0.57699394,0.14156201,-0.80438685,0.2800293,0.9594575,-0.03201504
1356333552034,0.72693765,-0.25844428,-0.6362139,-0.61936605,0.15334764,-0.76998055,0.29655895,0.9537772,-0.04859744
1356333552074,0.6719047,-0.2505123,-0.6969847,-0.67481637,0.1807642,-0.7155048,0.30523258,0.9510878,-0.047593504
1356333552115,0.5980607,-0.21940726,-0.77083313,-0.7412011,0.21444413,-0.63610893,0.3048676,0.9517742,-0.034374297
1356333552154,0.5053176,-0.17086306,-0.8458487,-0.8112564,0.24004716,-0.533142,0.29413787,0.9556062,-0.017313689
1356333552194,0.40337706,-0.1183126,-0.9073527,-0.87305313,0.24714416,-0.42035452,0.2739801,0.9617286,-0.0036008656
1356333552234,0.30901322,-0.07584843,-0.94802845,-0.9182066,0.23593488,-0.31816903,0.24780563,0.96880436,0.0032624602
1356333552274,0.2362046,-0.050513744,-0.97038954,-0.94651216,0.21395782,-0.24153027,0.21982306,0.975536,0.002725929
1356333552314,0.19123966,-0.042131275,-0.98063874,-0.9623078,0.18877429,-0.19577515,0.19336763,0.9811163,-0.0044420958
1356333552354,0.17456827,-0.047323495,-0.9835072,-0.9698224,0.16439787,-0.18004957,0.17020708,0.9852582,-0.017196715
1356333552394,0.18334723,-0.061945647,-0.98109454,-0.97149336,0.14115083,-0.19046515,0.15028077,0.98804814,-0.03430018
1356333552434,0.21134323,-0.079131514,-0.97420347,-0.96847415,0.117529094,-0.2196469,0.13187829,0.9899117,-0.051797867
1356333552474,0.24761263,-0.08586088,-0.9650471,-0.96230626,0.0938569,-0.2552599,0.11249316,0.9918765,-0.059384286
1356333552514,0.27960792,-0.06574637,-0.95786047,-0.9558814,0.0745143,-0.28414473,0.09005579,0.9950502,-0.042010903
1356333552552,0.2997699,-0.010757506,-0.9539509,-0.9518608,0.06373331,-0.29983184,0.06402388,0.99790895,0.0088656545
1356333552593,0.30823198,0.069615066,-0.9487606,-0.950584,0.06152746,-0.3043098,0.037190318,0.99567467,0.08513969
1356333552633,0.3138202,0.14702696,-0.9380298,-0.94933194,0.06617525,-0.30722907,0.0169034,0.9869164,0.16034454
1356333552673,0.3249461,0.19543996,-0.925318,-0.9456731,0.078121126,-0.31559402,0.010607272,0.9775993,0.21020743
1356333552713,0.3438699,0.20412624,-0.91656196,-0.9387579,0.09766999,-0.3304452,0.022067994,0.97406006,0.22521096
1356333552754,0.365612,0.1762501,-0.9139276,-0.92938817,0.12256339,-0.34816065,0.050650716,0.9766853,0.20861539
1356333552806,0.38103467,0.123263866,-0.9163071,-0.9200107,0.14875376,-0.36256406,0.091613084,0.9811617,0.17008442
1356333552834,0.38194266,0.058481693,-0.9223338,-0.9137288,0.17360172,-0.36737177,0.13863415,0.9830779,0.11974236
1356333552874,0.36159796,-0.0043130517,-0.9323241,-0.9138154,0.19667882,-0.35532928,0.18490094,0.9804585,0.067177325
1356333552914,0.3153394,-0.052221566,-0.947541,-0.92195237,0.21973829,-0.31893393,0.22486627,0.9741601,0.021146327
1356333552954,0.24028453,-0.07468337,-0.9678253,-0.93639797,0.24488279,-0.2513787,0.2557776,0.96667206,-0.011091828
1356333552994,0.13466987,-0.064110965,-0.98881435,-0.9513036,0.27088,-0.14712402,0.27728233,0.9604758,-0.024509609
1356333553034,3.4603477E-4,-0.02028051,-0.99979424,-0.9571128,0.28964892,-0.0062066913,0.2897152,0.95691806,-0.019310534
1356333553074,-0.1471031,0.042911023,-0.98818994,-0.9447446,0.28979537,0.15321979,0.29294774,0.9561262,-0.002089858
1356333553114,-0.28551346,0.10235605,-0.9528931,-0.9144213,0.26856124,0.30283403,0.28690702,0.957809,0.016918719
1356333553154,-0.40006107,0.14159915,-0.90548384,-0.8750148,0.23483449,0.4233225,0.27258098,0.9616665,0.029953122
1356333553194,-0.48833007,0.15806809,-0.8582239,-0.83509195,0.20080316,0.51215196,0.25328898,0.9667951,0.033943117
1356333553234,-0.55144966,0.15618584,-0.8194567,-0.8011687,0.17456096,0.57241356,0.2324481,0.97218025,0.02886957
1356333553274,-0.5901093,0.14106166,-0.7949041,-0.77891713,0.1594069,0.60652906,0.21227118,0.9770829,0.015807927
1356333553314,-0.6022064,0.11565179,-0.789919,-0.7745403,0.15515876,0.613199,0.19348043,0.9810965,-0.0038606524
1356333553355,-0.5816089,0.080221444,-0.8095033,-0.7943014,0.15874231,0.58641803,0.17554572,0.98405564,-0.028605938
1356333553394,-0.5175276,0.034909964,-0.8549541,-0.841143,0.16255409,0.5158048,0.15698302,0.9860819,-0.054761946
1356333553434,-0.40277195,-0.011989385,-0.9152219,-0.9051547,0.15368468,0.39632824,0.13590387,0.98804724,-0.07275218
1356333553474,-0.25733888,-0.036133796,-0.96564543,-0.95992243,0.12436831,0.25116003,0.11102036,0.991578,-0.066690445
1356333553514,-0.131652,-0.013202727,-0.9912081,-0.98786277,0.08489466,0.13007692,0.08243084,0.9963025,-0.024219036
1356333553572,-0.054665685,0.05128032,-0.997187,-0.99710304,0.050094306,0.05723715,0.052888513,0.9974271,0.04839331
1356333553593,-0.009507775,0.12643918,-0.9919288,-0.99954486,0.027199388,0.013047785,0.028629571,0.99160135,0.12612298
1356333553633,0.042547047,0.18009108,-0.9827293,-0.99895126,0.024320722,-0.03879246,0.016914517,0.9833492,0.18093699
1356333553669,0.12560707,0.19694778,-0.9723345,-0.9918473,0.046159208,-0.11877808,0.021489114,0.9793267,0.20114002
1356333553699,0.22433513,0.18713218,-0.9563761,-0.9738644,0.07882291,-0.21301419,0.03552249,0.97916716,0.19992414
1356333553739,0.3605582,0.13414186,-0.9230405,-0.9303221,0.1228801,-0.34554487,0.06707123,0.983314,0.16910058
1356333553807,0.50542307,0.050016314,-0.86142087,-0.8558848,0.15584585,-0.49312603,0.10958454,0.98651433,0.12157628
1356333553824,0.62818635,-0.04561758,-0.7767245,-0.76226234,0.16407913,-0.6261263,0.15600663,0.98539186,0.068299696
1356333553864,0.7122317,-0.13346988,-0.68913853,-0.67282194,0.15004584,-0.7244288,0.20009184,0.97962856,0.017065912
1356333553904,0.7553688,-0.19954324,-0.6241797,-0.6112369,0.1288318,-0.7808916,0.23623583,0.9713829,-0.02465266
1356333553944,0.7644492,-0.23932709,-0.59861505,-0.58906895,0.1179741,-0.7994247,0.26194507,0.96374506,-0.05079496
1356333553984,0.74079365,-0.25196713,-0.62268555,-0.6117578,0.1298123,-0.7803211,0.27744752,0.95898974,-0.057978734
1356333554024,0.6714442,-0.23414333,-0.7030929,-0.68457395,0.1673215,-0.70948017,0.28376263,0.95769536,-0.047941387
1356333554064,0.5251813,-0.1781547,-0.83213305,-0.80326056,0.21909851,-0.55386674,0.28099307,0.95930016,-0.028038204
1356333554104,0.285017,-0.08736023,-0.9545331,-0.92000866,0.25451678,-0.29800197,0.26897824,0.9631144,-0.00783056
1356333554144,0.023837,1.0663271E-4,-0.9997158,-0.9682372,0.2489678,-0.023059875,0.24889454,0.9685118,0.0060379505
1356333554184,-0.15704376,0.047254622,-0.98646045,-0.96186894,0.21916682,0.16362762,0.22393155,0.9745424,0.011034012
1356333554224,-0.23463207,0.054498345,-0.97055537,-0.95172215,0.19040596,0.24077082,0.1979211,0.9801916,0.007191956
1356333554264,-0.21888375,0.034374714,-0.9751453,-0.9601962,0.17014569,0.221526,0.17353159,0.9848192,-0.004235685
1356333554304,-0.10910052,-0.004907489,-0.9940187,-0.9823815,0.15317708,0.10706699,0.15173545,0.9881866,-0.021532774
1356333554344,0.09295356,-0.05459568,-0.9941725,-0.9868498,0.12756234,-0.0992741,0.13223892,0.9903268,-0.04202038
1356333554384,0.33255002,-0.09462914,-0.9383261,-0.9362211,0.0867016,-0.34054777,0.11358014,0.99172986,-0.059761167
1356333554424,0.5203327,-0.10194367,-0.84785694,-0.84881824,0.047084555,-0.5265839,0.093602836,0.99367523,-0.062031984
1356333554464,0.61910814,-0.069792,-0.7821983,-0.78217053,0.034113467,-0.6221299,0.0701032,0.99697816,-0.03346932
1356333554504,0.64836454,-0.0025112927,-0.76132584,-0.7601428,0.05368811,-0.64753413,0.042500287,0.9985546,0.032900527
1356333554544,0.6482393,0.0798763,-0.7572355,-0.7612769,0.08835918,-0.6423785,0.01559791,0.9928809,0.11808586
1356333554585,0.65776765,0.14475965,-0.7391795,-0.75321805,0.12372978,-0.64602906,-0.0020604432,0.98170036,0.19042104
1356333554624,0.6999281,0.16633046,-0.6945752,-0.714202,0.15753509,-0.6819811,-0.0040142834,0.97340477,0.2290568
1356333554664,0.766187,0.14056838,-0.6270549,-0.64252114,0.18447872,-0.7437299,0.011133373,0.97273225,0.23166338
1356333554704,0.8319607,0.081322506,-0.54884243,-0.5533415,0.19413507,-0.8100153,0.0406771,0.9775982,0.20651186
1356333554744,0.8803569,0.0074421763,-0.47425345,-0.46748674,0.18262586,-0.8649301,0.080174,0.98315436,0.16425505
1356333554808,0.9077485,-0.06636986,-0.41423142,-0.4006504,0.15561199,-0.90291977,0.12438601,0.98558605,0.11466544
1356333554824,0.91807187,-0.13259988,-0.373579,-0.35879004,0.12277976,-0.925308,0.16856363,0.98353565,0.06514513
1356333554864,0.9159291,-0.18744186,-0.3548795,-0.34285614,0.09420097,-0.9346528,0.20862305,0.9777483,0.02201581
1356333554904,0.9040138,-0.22806469,-0.36158752,-0.3528891,0.07932085,-0.9322969,0.24130543,0.9704095,-0.008774407
1356333554944,0.8822617,-0.25228047,-0.39745295,-0.3889553,0.084965765,-0.9173301,0.26519436,0.9639166,-0.023163795
1356333554984,0.84464765,-0.2563601,-0.46994662,-0.45639753,0.11393964,-0.8824505,0.27977067,0.95984226,-0.020763263
1356333555024,0.77514565,-0.23413956,-0.5867946,-0.5640533,0.16191006,-0.8097092,0.2845929,0.95862603,-0.0065633208
1356333555064,0.6478075,-0.18034521,-0.7401494,-0.70854235,0.21426705,-0.67235225,0.27984512,0.959982,0.011021584
1356333555104,0.45226967,-0.10227597,-0.88599765,-0.8510052,0.2478081,-0.46301323,0.2669125,0.9633954,0.02503869
1356333555144,0.23397475,-0.0278638,-0.9718433,-0.93997085,0.24892044,-0.2334381,0.24841613,0.96812296,0.032049954
1356333555184,0.060133547,0.017917275,-0.9980295,-0.9719882,0.2286329,-0.05445993,0.22720659,0.9733478,0.03116393
1356333555224,-0.043902278,0.032590866,-0.9985041,-0.9776368,0.20435429,0.04965487,0.20566684,0.97835433,0.022890449
1356333555264,-0.08485824,0.02452606,-0.9960911,-0.9790452,0.18368196,0.08792874,0.18512055,0.9826797,0.008425176
1356333555304,-0.075995445,0.0021800399,-0.9971057,-0.9832623,0.1659053,0.07530314,0.1655893,0.98613924,-0.010464489
1356333555344,-0.033427656,-0.024831593,-0.99913263,-0.98875386,0.146626,0.02943629,0.14576784,0.9888802,-0.029453695
1356333555384,0.018012762,-0.040752202,-0.99900687,-0.99216557,0.12281352,-0.02289924,0.12362477,0.99159265,-0.038220704
1356333555424,0.04918775,-0.026837975,-0.99842894,-0.9939946,0.09651986,-0.0515638,0.097752124,0.9949692,-0.021929204
1356333555464,0.045538962,0.024195194,-0.9986695,-0.9965838,0.07004911,-0.04374674,0.0688974,0.9972501,0.027302533
1356333555504,0.012073636,0.10182157,-0.9947294,-0.9991013,0.04165107,-0.007863224,0.040630847,0.9939303,0.10223299
1356333555544,-0.02843362,0.17839476,-0.98354805,-0.9994118,0.013794541,0.031394273,0.019168139,0.9838623,0.17789766
1356333555584,-0.057528317,0.23041195,-0.97139114,-0.9982955,-0.0036993027,0.05824423,0.00982666,0.9730861,0.23023206
1356333555624,-0.06985015,0.24790609,-0.9662627,-0.9974445,-0.0027778149,0.07139152,0.015014261,0.9687801,0.24746662
1356333555664,-0.070323884,0.23244083,-0.9700648,-0.9968779,0.01862508,0.07673046,0.0359028,0.97243214,0.23040536
1356333555704,-0.0697307,0.19211149,-0.97889256,-0.99503565,0.056450605,0.08195934,0.07100436,0.97974813,0.18722147
1356333555744,-0.07972914,0.13863066,-0.98712957,-0.99012935,0.10350102,0.09450683,0.115270466,0.98492086,0.1290102
1356333555808,-0.11095208,0.08618161,-0.9900821,-0.9805896,0.15255749,0.123167634,0.1616593,0.98452985,0.06758219
1356333555824,-0.17098734,0.049173027,-0.9840454,-0.96394646,0.19832924,0.17740557,0.20388854,0.97890115,0.013488412
1356333555864,-0.2636708,0.039916158,-0.9637865,-0.9348365,0.23575914,0.26551497,0.23781982,0.9709914,-0.024847746
1356333555904,-0.38386112,0.06357029,-0.9212,-0.8854785,0.2575866,0.3867517,0.26187462,0.9641618,-0.04258734
1356333555944,-0.5115515,0.11201379,-0.8519201,-0.8136662,0.2554999,0.5221754,0.27615634,0.96029824,-0.039559543
1356333555984,-0.62338054,0.165575,-0.7641869,-0.72969735,0.22798514,0.64464307,0.28096002,0.959483,-0.021301866
1356333556024,-0.7077237,0.20563152,-0.67590153,-0.6499424,0.18553513,0.73698825,0.27695146,0.96088105,0.002341032
1356333556064,-0.7675558,0.22525749,-0.60009766,-0.5833224,0.14259678,0.79962564,0.26569363,0.9638077,0.021946788
1356333556104,-0.810171,0.2268324,-0.54052764,-0.5304942,0.10859436,0.840704,0.24939717,0.96786076,0.032353222
1356333556144,-0.8405963,0.21567436,-0.49687245,-0.49024773,0.08714563,0.8672155,0.2303364,0.97256887,0.032479584
1356333556184,-0.86098176,0.19673951,-0.46904588,-0.46300596,0.07859993,0.8828633,0.21056108,0.97730017,0.023418367
1356333556224,-0.87142897,0.17321305,-0.45892113,-0.4516018,0.08192158,0.8884507,0.19148676,0.98147136,0.006834626
1356333556264,-0.87007,0.14580338,-0.47087112,-0.4614116,0.09518701,0.88206506,0.17342886,0.9847237,-0.015543997
1356333556304,-0.8516076,0.11304571,-0.51184475,-0.50067735,0.11368656,0.85813606,0.15519847,0.98706436,-0.040216863
1356333556344,-0.80555224,0.07503277,-0.5877548,-0.5770633,0.1257782,0.8069558,0.13447489,0.9892168,-0.05802226
1356333556384,-0.7220409,0.04186392,-0.6905826,-0.68320346,0.11417425,0.72124696,0.109040976,0.99257827,-0.053836823
1356333556424,-0.61349815,0.035398245,-0.7889024,-0.78580546,0.071679235,0.61430603,0.07829329,0.9967994,-0.016158998
1356333556464,-0.51449054,0.06578457,-0.8549689,-0.85628253,0.013611615,0.5163284,0.04560393,0.99774104,0.049327135
1356333556504,-0.43700927,0.11561686,-0.8919953,-0.8992434,-0.034549713,0.43608212,0.019600242,0.9926928,0.1190663
1356333556544,-0.3636908,0.16032907,-0.9176184,-0.9314729,-0.052721202,0.3599703,0.009335786,0.9856546,0.1685164
1356333556584,-0.2755686,0.18470106,-0.9433702,-0.9610821,-0.032957613,0.27428976,0.01957038,0.982242,0.18659502
1356333556624,-0.16400337,0.18210453,-0.96950555,-0.98529714,0.017463386,0.16995487,0.04788044,0.98312414,0.17656296
1356333556664,-0.03227365,0.15049517,-0.98808384,-0.9955734,0.082470775,0.04507941,0.088272244,0.9851648,0.14716744
1356333556704,0.10405719,0.093759924,-0.990142,-0.9855814,0.14327377,-0.09001082,0.13342202,0.9852318,0.10731667
1356333556744,0.21943685,0.024338901,-0.9753231,-0.9595101,0.18634018,-0.21122903,0.17660081,0.98218375,0.06424332
1356333556808,0.2856674,-0.03840658,-0.9575589,-0.9343798,0.21082148,-0.28720823,0.21290466,0.9767698,0.024338484
1356333556824,0.27557498,-0.07398307,-0.9584284,-0.93084896,0.22834267,-0.2852714,0.23995534,0.9707657,-0.00594154
1356333556864,0.15545243,-0.06298736,-0.98583317,-0.95359564,0.25093013,-0.1664015,0.25785646,0.9659537,-0.021056771
1356333556904,-0.10244921,0.008099765,-0.9947052,-0.9579996,0.26844952,0.100854665,0.267845,0.9632597,-0.019742846
1356333556944,-0.42005873,0.11139998,-0.90063345,-0.86627996,0.2464732,0.4345226,0.27038786,0.96272576,-0.0070296526
1356333556984,-0.64690703,0.18397895,-0.7400426,-0.7150006,0.19105071,0.67251295,0.2651139,0.96418434,0.007953048
1356333557024,-0.76526123,0.21021256,-0.60842896,-0.5925139,0.13940066,0.79340696,0.25159946,0.96766627,0.017876029
1356333557064,-0.8255442,0.2071706,-0.5249355,-0.5146243,0.105376065,0.85091585,0.23160037,0.97261316,0.019622445
1356333557105,-0.8570863,0.18876342,-0.47934467,-0.47132772,0.08830577,0.87752616,0.20797373,0.97804415,0.013283789
1356333557144,-0.87057936,0.16186562,-0.4646407,-0.45674047,0.085318625,0.88549924,0.18297437,0.9831176,-3.4600496E-4
1356333557184,-0.86752844,0.12998325,-0.48010284,-0.47140104,0.09304851,0.8769966,0.15866773,0.9871405,-0.019447982
1356333557224,-0.83998764,0.09220688,-0.5347137,-0.5254188,0.10783875,0.8439821,0.13548382,0.9898832,-0.042135954
1356333557264,-0.76351416,0.045053273,-0.64421755,-0.6359004,0.12147105,0.76215184,0.11259121,0.9915719,-0.0640955
1356333557304,-0.5954888,-0.0075315833,-0.8033283,-0.7984411,0.11607438,0.5907778,0.08879632,0.9932119,-0.075134456
1356333557344,-0.3510546,-0.034220874,-0.9357295,-0.9342052,0.08048028,0.34753945,0.06341466,0.9961686,-0.060222268
1356333557384,-0.16756481,-0.003817916,-0.9858537,-0.9851767,0.037902057,0.16730297,0.0367271,0.99927413,-0.010112405
1356333557424,-0.095044434,0.06603256,-0.99328053,-0.99540114,0.0056886077,0.09562549,0.011964768,0.9978012,0.06518817
1356333557464,-0.056151867,0.1373409,-0.98893094,-0.9984164,-0.011093378,0.055149823,-0.0033962727,0.9904617,0.13774636
1356333557504,0.022763193,0.18274364,-0.98289704,-0.99973845,0.0019990802,-0.022781521,-0.0021983385,0.9831586,0.1827414
1356333557546,0.17117283,0.18695453,-0.96734065,-0.9850961,0.04931906,-0.16478297,0.016901433,0.98112977,0.1926102
1356333557584,0.37144852,0.14332113,-0.9173249,-0.9271406,0.10978198,-0.35827106,0.04935792,0.9835685,0.17365721
1356333557624,0.5675312,0.06234488,-0.8209882,-0.8185179,0.15061387,-0.55438614,0.089089125,0.98662484,0.13650844
1356333557664,0.7085822,-0.02838409,-0.70505714,-0.6934253,0.15701163,-0.7032131,0.1306622,0.9871888,0.0915734
1356333557704,0.7869154,-0.10639897,-0.60781854,-0.5932646,0.14045492,-0.79265976,0.16970927,0.9843534,0.04740341
1356333557744,0.81673276,-0.1627266,-0.55359507,-0.5402657,0.12126109,-0.8327116,0.20263389,0.9791913,0.011122316
1356333557807,0.8069767,-0.19500546,-0.55745995,-0.5451256,0.11720511,-0.83012116,0.22721532,0.9737741,-0.011720672
1356333557824,0.743827,-0.1982479,-0.6382939,-0.6226134,0.14175782,-0.7695825,0.24305125,0.9698466,-0.017988473
1356333557864,0.55500674,-0.15124837,-0.81798005,-0.79316366,0.20015392,-0.575178,0.25071666,0.96801984,-0.008877903
1356333557904,0.11514273,-0.020652652,-0.9931342,-0.9611785,0.25006303,-0.116637945,0.250755,0.96800923,0.008942068
1356333557944,-0.36111063,0.11588436,-0.9252945,-0.90015465,0.21584004,0.37833136,0.24355832,0.96952766,0.026371717
1356333557984,-0.5972509,0.1712988,-0.78354836,-0.7682451,0.15847081,0.620231,0.23041436,0.9723907,0.036952615
1356333558024,-0.68750983,0.17784321,-0.70406103,-0.6941682,0.12371987,0.7091008,0.2132151,0.9762506,0.03839445
1356333558064,-0.71206546,0.16324508,-0.6828718,-0.6745497,0.11078006,0.7298702,0.19479632,0.9803463,0.031234205
1356333558104,-0.6899344,0.1361301,-0.71095634,-0.7019006,0.114334226,0.7030385,0.17699131,0.9840712,0.01666677
1356333558144,-0.60640925,0.09535664,-0.78941435,-0.77880144,0.12907118,0.61384773,0.16042513,0.9870399,-0.004006028
1356333558184,-0.41300714,0.033425897,-0.91011417,-0.89923215,0.14331037,0.4133323,0.14424479,0.9891131,-0.029130518
1356333558224,-0.07241744,-0.04537505,-0.99634165,-0.98936254,0.12963355,0.06600648,0.12616426,0.99052316,-0.054280102
1356333558264,0.27792913,-0.09514201,-0.9558784,-0.9550086,0.07985705,-0.2856247,0.10350856,0.99225545,-0.068666846
1356333558304,0.47813416,-0.08562434,-0.87410307,-0.87506306,0.03875102,-0.48245516,0.07518232,0.99557364,-0.05639851
1356333558346,0.5556545,-0.030393302,-0.8308576,-0.830266,0.032196447,-0.55643666,0.043662608,0.9990194,-0.0073444247
1356333558384,0.5790665,0.046877414,-0.8139315,-0.8151318,0.052343532,-0.5769058,0.01556021,0.99752825,0.06852166
1356333558424,0.5970126,0.117328405,-0.79360574,-0.80222964,0.08496086,-0.5909393,-0.0019085407,0.98945224,0.14484702
1356333558464,0.6397493,0.15371996,-0.7530544,-0.7685642,0.12098834,-0.62822837,-0.0054604113,0.98067933,0.19554588
1356333558504,0.70696783,0.14537099,-0.6921443,-0.7072222,0.15327717,-0.6901759,0.005758345,0.977432,0.21117163
1356333558544,0.7798805,0.09832609,-0.6181572,-0.625139,0.17193928,-0.76133966,0.031425953,0.98018813,0.19555959
1356333558584,0.8390088,0.029293954,-0.54332864,-0.5397871,0.17054388,-0.824345,0.068513066,0.98491454,0.15890032
