1356333655086,0.5562055,-0.3546999,0.75154734,0.591822,-0.46581972,-0.657844,0.5834228,0.8106788,-0.049172282
1356333655119,-0.005860731,-0.056346476,-0.998394,-0.81215245,0.5827671,-0.028122187,0.58341575,0.81068337,-0.04917735
1356333655149,-0.0058332533,-0.05638805,-0.99839187,-0.81217766,0.5827299,-0.028166652,0.58338106,0.8107073,-0.049196303
1356333655193,-0.005709991,-0.056587577,-0.9983813,-0.8123528,0.58247584,-0.028368264,0.5831383,0.8108759,-0.04929501
1356333655234,-0.0049885362,-0.05742684,-0.99833727,-0.8128762,0.581694,-0.02939865,0.5824151,0.811378,-0.04958272
1356333655274,-0.0029347986,-0.059704036,-0.9982118,-0.81402767,0.5799276,-0.032292724,0.5808186,0.8124773,-0.050302684
1356333655312,0.0015500486,-0.064322144,-0.997928,-0.8157697,0.57709646,-0.038464308,0.57837486,0.81413907,-0.051577568
1356333655355,0.008489966,-0.0713813,-0.99741304,-0.8180709,0.5731126,-0.047979057,0.57505476,0.81636184,-0.053529263
1356333655394,0.017987609,-0.0806613,-0.99657935,-0.8207113,0.5680995,-0.060794294,0.57106,0.81899744,-0.05598092
1356333655434,0.029358938,-0.090960294,-0.99542165,-0.823254,0.56260437,-0.075691044,0.5669135,0.82170707,-0.05836594
1356333655476,0.04092738,-0.10041726,-0.9941033,-0.82559484,0.5569985,-0.09025392,0.56277716,0.82442045,-0.06010753
1356333655515,0.05184038,-0.107417405,-0.9928615,-0.82773715,0.5516008,-0.102896184,0.55871606,0.8271626,-0.060318172
1356333655554,0.061239228,-0.11069861,-0.99196553,-0.82974136,0.5467467,-0.112238616,0.5547786,0.8299482,-0.05836886
1356333655594,0.06827474,-0.1088815,-0.9917073,-0.8318722,0.5425293,-0.11683616,0.55075157,0.8329507,-0.05353445
1356333655635,0.072548434,-0.1015788,-0.9921787,-0.8342166,0.5390578,-0.11618671,0.54664373,0.8361211,-0.04563093
1356333655674,0.07379775,-0.088667065,-0.9933237,-0.8366803,0.536521,-0.11005154,0.54269695,0.8392159,-0.034591913
1356333655714,0.07206522,-0.07199353,-0.99479824,-0.83891195,0.53509533,-0.09949735,0.539475,0.84171844,-0.021834493
1356333655756,0.06802803,-0.054288387,-0.99620533,-0.84039253,0.53502387,-0.086544275,0.53769195,0.84309095,-0.009226918
1356333655794,0.06248741,-0.040178537,-0.9972367,-0.84027386,0.5370484,-0.07428965,0.5385492,0.842594,-2.0217896E-4
1356333655834,0.056595564,-0.03463602,-0.9977963,-0.837378,0.5425848,-0.06633106,0.5436865,0.8392867,0.0017044544
1356333655874,0.0514258,-0.041262478,-0.9978241,-0.8303765,0.55331856,-0.06567699,0.5548246,0.83194715,-0.0058085322
1356333655914,0.047507927,-0.060738415,-0.9970225,-0.81850564,0.5697502,-0.07371071,0.57253087,0.8195704,-0.022647083
1356333655954,0.044980347,-0.090889335,-0.9948447,-0.8021163,0.5903167,-0.09019801,0.5954715,0.8020382,-0.046351194
1356333655994,0.04381804,-0.12809908,-0.990793,-0.7826341,0.612003,-0.11373773,0.62093794,0.7804121,-0.07343793
1356333656034,0.043889202,-0.16736984,-0.9849168,-0.7626324,0.6312214,-0.14124924,0.6453414,0.7573288,-0.099937856
1356333656074,0.045001917,-0.20247525,-0.9782528,-0.7451391,0.6454362,-0.16786823,0.665389,0.7364888,-0.12182641
1356333656124,0.046833158,-0.22723567,-0.972713,-0.731909,0.6548889,-0.18822792,0.6797911,0.7207527,-0.13564533
1356333656154,0.048827864,-0.23676321,-0.97033966,-0.7228612,0.66204387,-0.19791359,0.6892661,0.71108454,-0.13882071
1356333656194,0.049954653,-0.22875075,-0.9722024,-0.7170099,0.66942096,-0.19435105,0.69527066,0.7067876,-0.1305759
1356333656234,0.048841983,-0.20443758,-0.97766036,-0.71386933,0.67745566,-0.17732558,0.6985735,0.70658267,-0.11285347
1356333656275,0.04422885,-0.1691527,-0.98459697,-0.7137333,0.6842515,-0.14961511,0.6990197,0.7093569,-0.09046626
1356333656314,0.035508335,-0.12999392,-0.9908788,-0.7170997,0.687273,-0.11586118,0.69606555,0.7146729,-0.068814695
1356333656353,0.023167491,-0.0922173,-0.99546933,-0.72426915,0.684826,-0.08029604,0.6891279,0.72284806,-0.05092442
1356333656394,0.0089072585,-0.05883622,-0.99822795,-0.73520476,0.67625386,-0.046419173,0.6777866,0.7343154,-0.037233114
1356333656434,-0.0046022683,-0.031915367,-0.99948,-0.7491486,0.6621656,-0.017694652,0.66238594,0.7486776,-0.026956797
1356333656474,-0.014344215,-0.012423217,-0.99981993,-0.7646144,0.6444812,0.0029618442,0.6443283,0.7645192,-0.018743515
1356333656514,-0.017831907,0.0011650324,-0.9998403,-0.77993274,0.6256921,0.01463896,0.62560934,0.78006923,-0.010248661
1356333656554,-0.01380986,0.014336526,-0.9998019,-0.7934601,0.60830396,0.019682437,0.60846555,0.7935747,0.0029748678
1356333656594,-0.0025626272,0.03675309,-0.99932104,-0.80304897,0.5954312,0.023958176,0.5959075,0.8025651,0.027988672
1356333656634,0.014372498,0.076544255,-0.9969626,-0.8067845,0.5898863,0.03365913,0.590671,0.8038502,0.07023287
1356333656674,0.034139514,0.13033986,-0.99088144,-0.80523765,0.5908424,0.049975574,0.59196866,0.7961889,0.12512559
1356333656714,0.052776635,0.17926851,-0.98238355,-0.80138516,0.5945577,0.06544393,0.5958157,0.7838137,0.17504191
1356333656754,0.06503275,0.20619977,-0.97634643,-0.7968141,0.59972703,0.07358509,0.6007146,0.77318114,0.20330477
1356333656794,0.06561333,0.2085931,-0.9757991,-0.79076684,0.6072997,0.07664862,0.60859084,0.7666004,0.20479542
1356333656834,0.050394952,0.1939229,-0.9797214,-0.7818413,0.618046,0.08211768,0.62143743,0.7618484,0.18276334
1356333656874,0.017068788,0.17252561,-0.9848572,-0.7688848,0.63192916,0.09737453,0.63915956,0.7555796,0.14343852
1356333656914,-0.03473109,0.15458983,-0.98736805,-0.75090224,0.64791864,0.12785634,0.65949947,0.7458575,0.093578935
1356333656954,-0.103909716,0.15002355,-0.98320687,-0.7266505,0.6635361,0.17804196,0.67910373,0.73294806,0.04006684
1356333656994,-0.1879085,0.16815764,-0.9676845,-0.69346577,0.67499864,0.2519564,0.69555414,0.71840084,-0.0102264285
1356333657034,-0.28308868,0.21841452,-0.93389285,-0.6459811,0.6763143,0.35398793,0.7089212,0.70348704,-0.05036527
1356333657074,-0.38198155,0.30525196,-0.87230235,-0.5776956,0.65787315,0.4831881,0.72135836,0.68849415,-0.07495266
1356333657126,-0.47185084,0.42008066,-0.77517027,-0.48810667,0.6077144,0.62644637,0.7342401,0.6739551,-0.081706345
1356333657154,-0.538455,0.53511596,-0.6509356,-0.39130455,0.52535534,0.75556767,0.74628884,0.66155326,-0.073486984
1356333657194,-0.5787901,0.6224115,-0.5268833,-0.30852568,0.43094337,0.8479975,0.7548602,0.6533696,-0.057395875
1356333657234,-0.6024063,0.67453545,-0.42674175,-0.2504928,0.34786397,0.9034622,0.7578654,0.6511471,-0.040589213
1356333657274,-0.6196755,0.69803035,-0.35882586,-0.21612948,0.287745,0.93300104,0.7545133,0.6557107,-0.027443647
1356333657314,-0.6357252,0.7010758,-0.32302654,-0.20156716,0.25318503,0.94618607,0.74513364,0.66662586,-0.019642293
1356333657354,-0.65120524,0.68899107,-0.31815568,-0.2050976,0.24385202,0.9478772,0.73066187,0.68251556,-0.017487347
1356333657394,-0.66370076,0.663713,-0.34494385,-0.2285845,0.2591257,0.93840444,0.71221507,0.7016686,-0.020267427
1356333657434,-0.66810197,0.62388504,-0.4054715,-0.27694538,0.2972805,0.9137426,0.69060916,0.7227667,-0.02583158
1356333657474,-0.655217,0.5678683,-0.49821314,-0.35434198,0.35142785,0.86656815,0.6671825,0.74432796,-0.029041886
1356333657514,-0.6143314,0.5027351,-0.6081565,-0.45426336,0.4048618,0.79355633,0.6451679,0.76376987,-0.020345151
1356333657553,-0.544865,0.4525503,-0.7059182,-0.55404925,0.43760842,0.7081867,0.62940586,0.7769795,0.012297571
1356333657592,-0.46034062,0.43879256,-0.7717173,-0.6331214,0.44708878,0.63187736,0.6222892,0.77946955,0.071995795
1356333657633,-0.37433803,0.4522556,-0.8095281,-0.68835545,0.4494155,0.569379,0.6213193,0.77038336,0.14307934
1356333657672,-0.2913385,0.46095657,-0.8382367,-0.72512174,0.46512115,0.5077999,0.62395537,0.7557654,0.19874197
1356333657712,-0.21343711,0.44181168,-0.8713478,-0.74538827,0.5029106,0.43758106,0.6315385,0.74288845,0.22198147
1356333657752,-0.14400265,0.38906056,-0.9098875,-0.75022525,0.5566714,0.356762,0.64531034,0.73399514,0.21172088
1356333657793,-0.08795616,0.30946606,-0.94683397,-0.74289924,0.6128384,0.26931357,0.6635996,0.72709,0.17599916
1356333657833,-0.050069124,0.21695131,-0.9748975,-0.72848403,0.6598208,0.18424869,0.6832305,0.71942246,0.12500894
1356333657872,-0.033093914,0.12846309,-0.991162,-0.7123491,0.6925788,0.113548785,0.7010446,0.7098111,0.0685904
1356333657913,-0.036920115,0.059028238,-0.9975734,-0.69792676,0.7129321,0.068015695,0.715217,0.69874424,0.014875829
1356333657952,-0.060538292,0.021380275,-0.9979368,-0.6850461,0.7262572,0.057116956,0.72598,0.6870905,-0.029319882
1356333657992,-0.10303114,0.025316477,-0.9943559,-0.669693,0.7373861,0.088164866,0.7354562,0.6749969,-0.059019446
1356333658033,-0.16372012,0.07771236,-0.9834411,-0.64590156,0.7450645,0.16640326,0.74565864,0.6624497,-0.07178748
1356333658072,-0.23862873,0.1767108,-0.9548977,-0.60928935,0.73844063,0.28891513,0.75618964,0.6507524,-0.0685451
1356333658126,-0.31701478,0.30064666,-0.8995072,-0.5620698,0.7043724,0.433517,0.7639236,0.6430171,-0.05431211
1356333658154,-0.38512796,0.41167012,-0.82595646,-0.51553035,0.6463588,0.56253785,0.7654443,0.6424547,-0.036702394
1356333658194,-0.43647093,0.48460317,-0.75805867,-0.482396,0.58516246,0.6518274,0.7594651,0.65018815,-0.02163577
1356333658234,-0.47226664,0.517476,-0.71357036,-0.46836188,0.5384816,0.7004817,0.746727,0.6650234,-0.011940837
1356333658274,-0.49413204,0.5177495,-0.69840467,-0.47381374,0.5131644,0.7156555,0.72892666,0.684542,-0.00825417
1356333658314,-0.5009121,0.49156561,-0.7123555,-0.4983032,0.5091623,0.70174617,0.7076589,0.7064821,-0.010096848
1356333658354,-0.48877406,0.44181767,-0.7522613,-0.5413405,0.522601,0.6586643,0.684142,0.7291675,-0.016260028
1356333658394,-0.4524768,0.37077534,-0.8110428,-0.6006736,0.5454932,0.5844899,0.6591327,0.75164014,-0.024108052
1356333658434,-0.38928506,0.28833532,-0.8748256,-0.6683277,0.5651579,0.48366785,0.6338731,0.7729548,-0.027305007
1356333658474,-0.3059382,0.22009316,-0.9262617,-0.7296417,0.57077205,0.37661958,0.61157566,0.7910615,-0.014031827
1356333658514,-0.21763381,0.197214,-0.95589864,-0.77220714,0.5641886,0.29221115,0.5969353,0.8017467,0.029503524
1356333658554,-0.13563168,0.22923613,-0.96387494,-0.7946018,0.55593014,0.24402797,0.5917872,0.79899466,0.106749654
1356333658594,-0.06175381,0.2907712,-0.95479757,-0.802939,0.5537492,0.2205691,0.5928535,0.7802652,0.19927543
1356333658634,0.0062301755,0.33816653,-0.9410657,-0.8021272,0.56364167,0.197231,0.5971208,0.7536256,0.27476412
1356333658674,0.068424314,0.3427363,-0.9369365,-0.79211336,0.5896137,0.15783587,0.6065266,0.7313601,0.31182992
1356333658714,0.12196672,0.29922062,-0.9463569,-0.77229756,0.627519,0.098876,0.62344277,0.7188094,0.30762374
1356333658754,0.16144614,0.21866912,-0.9623507,-0.7457314,0.66573274,0.0261648,0.64638984,0.713431,0.2705484
1356333658794,0.18219578,0.11811313,-0.97614247,-0.7179837,0.69426143,-0.050005287,0.67179185,0.7099651,0.21129477
1356333658834,0.18203214,0.016731203,-0.98315024,-0.6946259,0.70987,-0.116530776,0.6959591,0.704134,0.14084107
1356333658874,0.16196162,-0.068702966,-0.98440254,-0.67876387,0.7163396,-0.16167,0.71627367,0.6943612,0.06938642
1356333658914,0.123918705,-0.12470999,-0.9844245,-0.6701642,0.72111374,-0.1757128,0.7317952,0.6815001,0.0057833195
1356333658954,0.06719467,-0.13760796,-0.98820496,-0.6656096,0.73165095,-0.147142,0.74326897,0.6676459,-0.042430162
1356333658994,-0.01087141,-0.095179945,-0.9954008,-0.6579331,0.75030416,-0.06455818,0.752998,0.6542052,-0.07077891
1356333659051,-0.11601886,0.015560925,-0.9931251,-0.63627195,0.7666179,0.086342454,0.762691,0.64191496,-0.07904112
1356333659072,-0.24165463,0.1888039,-0.9518172,-0.587919,0.75186735,0.2984069,0.7719807,0.6317029,-0.07069081
1356333659127,-0.36219105,0.377966,-0.85203254,-0.51267123,0.6826322,0.52075094,0.77845097,0.62542385,-0.05347097
1356333659149,-0.45178995,0.52262926,-0.72301066,-0.43278515,0.5802897,0.6898991,0.78011715,0.6245978,-0.035982847
1356333659182,-0.50973547,0.6100868,-0.6066003,-0.3663195,0.4840607,0.79466677,0.77844703,0.6272793,-0.023256242
1356333659209,-0.54628295,0.654037,-0.523269,-0.32122934,0.41336334,0.8520225,0.7735545,0.6335348,-0.015717447
1356333659251,-0.572781,0.66522723,-0.47895145,-0.29972756,0.37386584,0.87771726,0.76294506,0.64629483,-0.014756262
1356333659293,-0.5913055,0.6539871,-0.47186726,-0.3006972,0.36412632,0.8814722,0.7482907,0.6631085,-0.018657804
1356333659333,-0.59939605,0.6222502,-0.5035168,-0.32747447,0.38336194,0.86359376,0.73040056,0.68252355,-0.026014626
1356333659373,-0.5880991,0.56465894,-0.5790506,-0.38775292,0.43146008,0.81454885,0.70977956,0.70356405,-0.03479308
1356333659413,-0.54188555,0.47489983,-0.69341916,-0.48399383,0.4981857,0.71941715,0.6871026,0.72545236,-0.040111065
1356333659453,-0.45041713,0.36683607,-0.8139752,-0.59578514,0.5555159,0.58003634,0.6649544,0.74621266,-0.03165841
1356333659492,-0.33356476,0.28753364,-0.89780784,-0.6846686,0.5807733,0.4403762,0.6480458,0.7615949,0.0031397939
1356333659533,-0.22935283,0.278046,-0.93278503,-0.73377013,0.58025974,0.35338378,0.63951457,0.76549923,0.070937574
1356333659572,-0.14719978,0.32033473,-0.935798,-0.7566127,0.5729141,0.31512946,0.6370788,0.7544237,0.15803647
1356333659614,-0.076768726,0.36516362,-0.9277727,-0.76677567,0.5731598,0.2890379,0.6373082,0.7335825,0.2359978
1356333659654,-0.0055298507,0.37058508,-0.92878205,-0.7681254,0.59312046,0.24122906,0.64027554,0.71475506,0.281376
1356333659694,0.07013038,0.32096756,-0.9444902,-0.75827324,0.6323534,0.15859023,0.6481539,0.70505965,0.28772825
1356333659734,0.14637066,0.2170054,-0.9651344,-0.73540294,0.67641515,0.040558398,0.6616329,0.7038261,0.25859374
1356333659774,0.2115243,0.07931772,-0.9741489,-0.70368254,0.7040715,-0.09546858,0.6782982,0.7056855,0.20474273
1356333659814,0.25601315,-0.06455761,-0.9645152,-0.67173284,0.7056286,-0.22552903,0.6951492,0.70563495,0.1372847
1356333659854,0.27718148,-0.19158588,-0.9415228,-0.64739585,0.6868375,-0.33035254,0.709964,0.7011056,0.066346705
1356333659894,0.27810022,-0.28932306,-0.9159435,-0.63361454,0.6614268,-0.40130687,0.72193694,0.69195867,6.236434E-4
1356333659934,0.26324368,-0.35309052,-0.8977917,-0.62851495,0.6432455,-0.43726903,0.731896,0.6793838,-0.052592337
1356333659977,0.23541543,-0.38141257,-0.8939262,-0.62781173,0.6424469,-0.43944782,0.741911,0.66467017,-0.088213384
1356333660022,0.19365847,-0.36790818,-0.9094724,-0.62534934,0.66799724,-0.40338317,0.755933,0.6468565,-0.10070777
1356333660064,0.12703007,-0.29824704,-0.94599783,-0.62357223,0.71767616,-0.30999768,0.771376,0.62927705,-0.094812095
1356333660123,0.03661084,-0.17053755,-0.9846708,-0.6192518,0.7694803,-0.15629244,0.78433853,0.61548114,-0.07743436
1356333660146,-0.07005476,3.4928322E-4,-0.99754304,-0.60763675,0.79305285,0.04295039,0.7911194,0.60915273,-0.05534488
1356333660183,-0.16789722,0.15916738,-0.97287005,-0.5889077,0.77523595,0.22846654,0.7905683,0.6112896,-0.036425054
1356333660223,-0.23417227,0.25892243,-0.9370819,-0.57665575,0.7390228,0.34830076,0.78270775,0.621936,-0.02374959
1356333660263,-0.26295534,0.2909189,-0.9199026,-0.582462,0.71223366,0.39174116,0.76915056,0.63881874,-0.017836511
1356333660303,-0.25604984,0.26674452,-0.9291318,-0.6081637,0.7026633,0.36932528,0.7513823,0.65962994,-0.017692447
1356333660343,-0.21494767,0.1995043,-0.95603114,-0.64807,0.70319164,0.2924496,0.73061806,0.68243647,-0.021856666
1356333660383,-0.14368944,0.10425189,-0.9841163,-0.6918702,0.7004382,0.17521957,0.7075796,0.706058,-0.02851677
1356333660424,-0.053627476,0.00410375,-0.99855256,-0.7285106,0.6837498,0.04193479,0.68293226,0.729705,-0.033678174
1356333660464,0.038487226,-0.07095876,-0.9967364,-0.7512839,0.6556252,-0.07568416,0.6588559,0.751745,-0.028076947
1356333660504,0.122144885,-0.09925479,-0.9875369,-0.7586961,0.6321495,-0.15737608,0.63989127,0.768463,0.0019096136
1356333660544,0.19704598,-0.07766354,-0.9773133,-0.75176436,0.6279021,-0.20146787,0.6293038,0.7744077,0.06534088
1356333660584,0.26702204,-0.024805367,-0.96337116,-0.73351145,0.6431314,-0.21987045,0.62502813,0.765354,0.15353525
1356333660624,0.33208728,0.025378853,-0.9429072,-0.7080705,0.667143,-0.23142245,0.6231806,0.7444973,0.23951972
1356333660664,0.3882709,0.041578054,-0.92060685,-0.67838424,0.68903816,-0.25499266,0.62373114,0.7235314,0.29573935
1356333660704,0.43026677,0.012258172,-0.90261865,-0.6465694,0.7019539,-0.29867843,0.6299354,0.71211696,0.30995315
1356333660744,0.45323047,-0.0544551,-0.8897285,-0.6166823,0.701568,-0.35707873,0.6436499,0.7105188,0.2843905
1356333660784,0.45480558,-0.14022523,-0.8794821,-0.59487015,0.68709147,-0.41717485,0.6627831,0.7129111,0.22907722
1356333660824,0.43656006,-0.2254975,-0.87095714,-0.58571523,0.66358674,-0.46539277,0.68290055,0.7133047,0.15761817
1356333660864,0.40253407,-0.2999376,-0.86487204,-0.5886295,0.638757,-0.4954844,0.7010575,0.7085386,0.08056933
1356333660904,0.3568493,-0.35566872,-0.8638045,-0.6004779,0.62100655,-0.50376296,0.715601,0.69846296,0.008034527
1356333660944,0.30403277,-0.39077774,-0.86882496,-0.6157419,0.61529356,-0.49221504,0.72692907,0.68462145,-0.053548813
1356333660984,0.2468754,-0.40235797,-0.8815671,-0.6296352,0.6249264,-0.46154797,0.7366221,0.6690105,-0.09905976
1356333661024,0.18683979,-0.38683963,-0.9030205,-0.6385019,0.6507603,-0.41088483,0.74659646,0.6533499,-0.1254099
1356333661064,0.12466204,-0.34058934,-0.9319111,-0.6401948,0.68995756,-0.33780068,0.7580304,0.6387155,-0.13203198
1356333661137,0.059554394,-0.25994897,-0.96378416,-0.6354081,0.7347639,-0.23744163,0.76987654,0.62653697,-0.12141526
1356333661143,-0.008660257,-0.14767279,-0.98899835,-0.6269564,0.7712955,-0.10967633,0.7790062,0.61910903,-0.099264026
1356333661182,-0.07709541,-0.021794438,-0.9967855,-0.6180318,0.7855564,0.030625105,0.7823638,0.6184062,-0.074032485
1356333661223,-0.13886672,0.09045011,-0.9861718,-0.6114562,0.7755,0.15722919,0.7789976,0.6248348,-0.052384853
1356333661264,-0.1876286,0.1694859,-0.96750706,-0.61039376,0.75159895,0.2500372,0.76955503,0.6374744,-0.03756827
1356333661304,-0.21967945,0.20975395,-0.9527561,-0.61726093,0.72638774,0.3022413,0.75546664,0.65449536,-0.030099511
1356333661344,-0.23344532,0.21441029,-0.9484364,-0.6332105,0.70670307,0.31561887,0.7379348,0.6742396,-0.029209673
1356333661384,-0.22825292,0.18921785,-0.95503783,-0.65776664,0.69323945,0.2945542,0.7178048,0.6954249,-0.033772707
1356333661424,-0.20456201,0.14136797,-0.96859145,-0.68899965,0.6820728,0.24506353,0.695294,0.7174899,-0.042123675
1356333661464,-0.16453794,0.08344132,-0.9828352,-0.7231008,0.6674874,0.17772412,0.6708596,0.73993117,-0.04949051
1356333661504,-0.11251967,0.036467403,-0.99298006,-0.7540462,0.64767504,0.109230906,0.6471117,0.7610434,-0.04537803
1356333661544,-0.052736774,0.023335636,-0.99833584,-0.77583873,0.6284702,0.05567357,0.6287235,0.7774836,-0.015038848
1356333661584,0.014076665,0.048263043,-0.9987354,-0.7863251,0.6175281,0.018758714,0.61765254,0.78506666,0.046643198
1356333661624,0.08470209,0.09644359,-0.9917279,-0.78651875,0.6175253,-0.0071223676,0.61173016,0.7806158,0.12816036
1356333661664,0.15242365,0.13672268,-0.9788126,-0.778327,0.626958,-0.033628643,0.6090766,0.766962,0.20197815
1356333661704,0.20796305,0.14615023,-0.96715635,-0.7636645,0.642109,-0.067175865,0.61120194,0.7525531,0.24514472
1356333661744,0.24406075,0.1216411,-0.96210074,-0.74563956,0.6578687,-0.10597381,0.6200452,0.7432444,0.25126034
1356333661784,0.2568614,0.07358846,-0.9636426,-0.72850704,0.6699412,-0.14302543,0.6350589,0.7387581,0.22569174
1356333661824,0.245771,0.016395807,-0.9691893,-0.71572995,0.67736065,-0.17003885,0.65370286,0.7354684,0.17821056
1356333661864,0.21298769,-0.03731498,-0.97634196,-0.7081282,0.6826055,-0.1805658,0.6731943,0.7298337,0.118962765
1356333661904,0.16268495,-0.07905924,-0.98350555,-0.7037584,0.68934786,-0.17182434,0.69156176,0.72010356,0.056507945
1356333661944,0.100031525,-0.102822006,-0.98965716,-0.6993259,0.7002629,-0.14344063,0.70776904,0.7064415,-0.001857698
1356333661984,0.030538559,-0.10328746,-0.9941826,-0.69138354,0.7161301,-0.09563744,0.72184217,0.6902821,-0.049541652
1356333662024,-0.040598333,-0.07626927,-0.9962604,-0.6769755,0.7354452,-0.028715193,0.734885,0.6732781,-0.08149028
1356333662064,-0.10946025,-0.019030362,-0.993809,-0.65448856,0.7538707,0.057650954,0.74810636,0.6567471,-0.09497404
1356333662123,-0.17333038,0.066719085,-0.9826012,-0.6248008,0.7637772,0.16207536,0.76130193,0.6420226,-0.09069967
1356333662144,-0.23063384,0.17058182,-0.95797175,-0.5919604,0.7567719,0.27727085,0.77226347,0.63102937,-0.07355952
1356333662184,-0.28172126,0.27444112,-0.91941035,-0.5615415,0.7298207,0.38991407,0.7780131,0.6261341,-0.05149591
1356333662224,-0.3285976,0.36151427,-0.87254274,-0.5369459,0.6885147,0.4874799,0.77698946,0.62869304,-0.03213066
1356333662264,-0.37264004,0.42407817,-0.8254072,-0.51887983,0.6422087,0.5642089,0.7693524,0.638534,-0.019267023
1356333662304,-0.41423073,0.46240768,-0.78395915,-0.50661224,0.5984328,0.62066275,0.7561461,0.65426093,-0.013627887
1356333662344,-0.45213765,0.47960013,-0.75203407,-0.49989045,0.5620242,0.6589677,0.7387023,0.6738787,-0.014364719
1356333662384,-0.48386094,0.47858018,-0.7326933,-0.49986017,0.53608394,0.68026,0.7183441,0.6953955,-0.020166874
1356333662424,-0.50614345,0.4609438,-0.72893727,-0.5095046,0.5221304,0.683948,0.69586194,0.71757275,-0.02941984
1356333662464,-0.5148437,0.42881376,-0.74233055,-0.5328763,0.5182322,0.66893804,0.67154944,0.7399689,-0.03830391
1356333662504,-0.5049654,0.3910048,-0.7694967,-0.5715202,0.516613,0.6375545,0.6468189,0.7617259,-0.037404478
1356333662549,-0.47422773,0.36919528,-0.79925144,-0.6196037,0.50498426,0.60090107,0.6254593,0.78018314,-0.010722816
1356333662584,-0.42729428,0.37705678,-0.82173455,-0.66703874,0.4820582,0.5680486,0.61031044,0.7908528,0.045530856
1356333662624,-0.37752664,0.41997412,-0.82528496,-0.7037772,0.4490834,0.55047417,0.60180664,0.7886354,0.12602729
1356333662664,-0.33184183,0.47025412,-0.8177664,-0.7296234,0.42153555,0.53847694,0.59793866,0.7753507,0.20322531
1356333662704,-0.2940266,0.5015938,-0.81360435,-0.7442864,0.41389495,0.52414566,0.5996549,0.75966746,0.25163335
1356333662744,-0.2633775,0.503065,-0.8231391,-0.7480395,0.43229395,0.50354636,0.6091546,0.74836326,0.26245594
1356333662784,-0.23739022,0.4743132,-0.8477459,-0.74276537,0.47380334,0.47308564,0.6260556,0.7419821,0.23982704
1356333662824,-0.21471593,0.42013836,-0.88169205,-0.7311499,0.5293858,0.43031442,0.64754677,0.73704445,0.19351655
1356333662864,-0.19563106,0.3460794,-0.91758245,-0.7151875,0.5898473,0.37494928,0.6709958,0.72959524,0.13211918
1356333662904,-0.18328348,0.26382896,-0.946996,-0.69684744,0.6446098,0.31445473,0.69340515,0.71754616,0.0657022
1356333662944,-0.1815014,0.18850231,-0.965155,-0.6773888,0.6875151,0.26166284,0.71288276,0.7012773,0.0029043555
1356333662984,-0.19601697,0.14056122,-0.97047406,-0.6559186,0.71688634,0.236315,0.7289364,0.6828737,-0.04832518
1356333663024,-0.23408093,0.14359678,-0.961554,-0.62751323,0.73311347,0.2622438,0.7425856,0.6647741,-0.08149904
1356333663064,-0.30055702,0.21591699,-0.92900234,-0.5825384,0.7296867,0.3580591,0.75519174,0.64879674,-0.0935325
1356333663123,-0.38758463,0.35062903,-0.85254765,-0.51215804,0.68705994,0.5154055,0.76646745,0.6364023,-0.08671641
1356333663144,-0.46948773,0.498438,-0.7287941,-0.42456937,0.59628016,0.68131554,0.77415895,0.62929296,-0.068324685
1356333663184,-0.52730906,0.605229,-0.59635794,-0.34634024,0.4878095,0.8013053,0.77588236,0.6290784,-0.047611237
1356333663224,-0.5645516,0.6602618,-0.49531382,-0.29408514,0.39980537,0.8681415,0.7712298,0.63577515,-0.031537592
1356333663264,-0.5900761,0.67763865,-0.43888062,-0.26900318,0.34752315,0.89825666,0.76121455,0.6481,-0.022778213
1356333663304,-0.6073592,0.66928035,-0.42799377,-0.2700132,0.33275986,0.9035285,0.747133,0.6643303,-0.0213902
1356333663344,-0.61331654,0.6375079,-0.46629012,-0.30166993,0.3565334,0.8842393,0.7299576,0.68298435,-0.026350856
1356333663384,-0.59552544,0.5723958,-0.56366,-0.3755649,0.42187536,0.82521045,0.7101412,0.70312464,-0.03626579
1356333663424,-0.5242014,0.44903636,-0.7235877,-0.5021651,0.5232501,0.6885053,0.6877813,0.72427595,-0.048798084
1356333663464,-0.36446416,0.2535473,-0.8960355,-0.6538934,0.61540663,0.4401114,0.6630153,0.74631655,-0.058500767
1356333663504,-0.15144601,0.05688092,-0.9868276,-0.7545074,0.6383076,0.15258452,0.63857865,0.76767707,-0.053752065
1356333663544,0.018830016,-0.03990704,-0.9990259,-0.7852461,0.6179236,-0.039484113,0.6188974,0.7852247,-0.019701302
1356333663584,0.12467036,-0.03196925,-0.99168307,-0.78604877,0.6067239,-0.11837807,0.6054624,0.79426944,0.050511062
1356333663624,0.19302239,0.031428754,-0.98069084,-0.78016543,0.61105937,-0.13397142,0.59504974,0.79096055,0.1424678
1356333663664,0.25127473,0.08950904,-0.96376824,-0.77046216,0.6211978,-0.1431827,0.5858747,0.7785252,0.22505462
1356333663704,0.3140818,0.09909031,-0.94421065,-0.7511649,0.6341502,-0.1833162,0.5806066,0.76683414,0.27360815
1356333663744,0.38112366,0.049933165,-0.92317474,-0.7178484,0.64523953,-0.26145667,0.58261347,0.7623468,0.28176048
1356333663785,0.44257772,-0.044305325,-0.895635,-0.67250645,0.64428294,-0.36419028,0.5931779,0.7635028,0.25534967
1356333663824,0.48823154,-0.16020454,-0.8578837,-0.62312627,0.6242451,-0.4712023,0.6110184,0.7646257,0.20494848
1356333663864,0.51398784,-0.27708137,-0.81181425,-0.5784262,0.58690447,-0.5665389,0.63343483,0.7607687,0.14139065
1356333663904,0.5216372,-0.3814891,-0.7631256,-0.5437687,0.5405865,-0.64193606,0.657427,0.74982154,0.074548215
1356333663944,0.5160854,-0.4674517,-0.7177359,-0.51977587,0.49511144,-0.69620234,0.6808002,0.7323616,0.012549698
1356333663984,0.5024078,-0.5329048,-0.68088096,-0.50393873,0.45942193,-0.7314214,0.7025897,0.7105941,-0.03773421
1356333664024,0.4844716,-0.57826847,-0.6564243,-0.49219817,0.44014713,-0.75100696,0.7232069,0.6869323,-0.07138389
1356333664064,0.46427184,-0.6048769,-0.6469742,-0.48125648,0.4409421,-0.757603,0.7435347,0.6630942,-0.08638394
1356333664123,0.44135797,-0.61165136,-0.65657127,-0.47240224,0.46370864,-0.74954015,0.762915,0.64098126,-0.08428395
1356333664144,0.41127503,-0.5916336,-0.6934137,-0.47392362,0.51102763,-0.7171102,0.77862006,0.62355465,-0.07021624
1356333664184,0.3615362,-0.5282293,-0.76828736,-0.49935493,0.5861729,-0.6380016,0.78736037,0.6143088,-0.051851153
1356333664250,0.2718703,-0.39989445,-0.8753119,-0.5528544,0.67958987,-0.48219252,0.78767926,0.61501384,-0.03632307
1356333664257,0.14192614,-0.21930464,-0.96527845,-0.6067344,0.7512224,-0.25988153,0.78213197,0.62255156,-0.026441574
1356333664289,0.016584337,-0.055813342,-0.9983035,-0.63765895,0.7684548,-0.053556025,0.77014023,0.63746536,-0.022845566
1356333664333,-0.046708375,0.014549762,-0.99880266,-0.6576668,0.7521533,0.041712135,0.75185955,0.65882754,-0.025562942
1356333664373,-0.04240173,-0.0029052794,-0.9990964,-0.6821966,0.7306764,0.026827723,0.72993827,0.6827178,-0.03296393
1356333664413,0.0018889457,-0.062975496,-0.99801326,-0.70833766,0.704387,-0.04578808,0.7058711,0.70701694,-0.043277383
1356333664453,0.05724737,-0.124417275,-0.9905771,-0.7304597,0.67113626,-0.12650993,0.68055224,0.7308191,-0.052461028
1356333664493,0.10063324,-0.15428612,-0.982888,-0.7479832,0.63968277,-0.17699486,0.65604424,0.75299525,-0.05103004
1356333664533,0.121586256,-0.13176042,-0.98379666,-0.76172304,0.62308854,-0.17759103,0.63639194,0.77097327,-0.02460599
1356333664574,0.12268604,-0.051538557,-0.9911064,-0.77128875,0.62350273,-0.12789825,0.62454927,0.7801206,0.036744
1356333664614,0.11482561,0.06716806,-0.99111235,-0.77718174,0.62747973,-0.047516137,0.61871135,0.7757305,0.1242525
1356333664654,0.10981482,0.18041733,-0.9774407,-0.78027666,0.6248222,0.027666926,0.61571825,0.759636,0.20939016
1356333664694,0.11056146,0.2517156,-0.96146524,-0.77955824,0.6220366,0.07320827,0.6164942,0.74142414,0.26500022
1356333664734,0.10981539,0.27476925,-0.95521855,-0.7737449,0.62687385,0.09136811,0.6239066,0.72906184,0.28144163
1356333664774,0.09731236,0.2627663,-0.9599397,-0.7633806,0.6385622,0.09740847,0.63857687,0.72332025,0.26273072
1356333664814,0.065496236,0.23343861,-0.9701632,-0.7496788,0.65316784,0.10655266,0.6585529,0.72033197,0.21778405
1356333664854,0.01096791,0.20439693,-0.97882664,-0.73270607,0.6677723,0.13123295,0.680457,0.71575284,0.15708691
1356333664894,-0.064196676,0.18755636,-0.98015374,-0.71013,0.6814811,0.17691517,0.70113784,0.7073939,0.089440525
1356333664934,-0.15589194,0.19290595,-0.9687544,-0.6783141,0.69202787,0.2469563,0.7180444,0.6956183,0.022969246
1356333664974,-0.25720102,0.22720589,-0.9392684,-0.63283896,0.69495475,0.3413983,0.7303167,0.6822136,-0.034958303
1356333665020,-0.35884082,0.29323417,-0.88614154,-0.5697916,0.68313766,0.45679367,0.7393042,0.6688323,-0.07805526
1356333665053,-0.4493193,0.38676432,-0.80531067,-0.48897687,0.64794624,0.58400965,0.74767214,0.65618515,-0.10201591
1356333665100,-0.51613337,0.5008952,-0.6947737,-0.39718318,0.57870966,0.71227854,0.75884914,0.6435831,-0.0997442
1356333665131,-0.5623697,0.6037631,-0.5649871,-0.30440536,0.48412216,0.8203433,0.7688158,0.63332134,-0.08846688
1356333665164,-0.58317417,0.6720596,-0.45633742,-0.23770882,0.39598495,0.88695574,0.7767898,0.62572515,-0.07117367
1356333665204,-0.59286475,0.71541506,-0.36971962,-0.19644332,0.31675828,0.9279408,0.7809746,0.6227724,-0.04725623
1356333665244,-0.6031822,0.73974824,-0.29823434,-0.16809553,0.24761468,0.954165,0.7796891,0.6256672,-0.02500838
1356333665284,-0.61710614,0.74812734,-0.24389651,-0.14814892,0.19394785,0.96976084,0.77280784,0.6345784,-0.008852124
1356333665324,-0.63465476,0.7445209,-0.20712757,-0.1343858,0.15761441,0.9783139,0.7610215,0.6487266,2.2351742E-5
1356333665364,-0.6543833,0.7321423,-0.18907738,-0.12761125,0.13953531,0.98195994,0.7453174,0.66670656,0.0021198988
1356333665404,-0.67434084,0.7129277,-0.19234997,-0.13115081,0.14071214,0.9813254,0.72668004,0.68697464,-0.0013868809
1356333665444,-0.69219536,0.68701756,-0.22107095,-0.15079886,0.16187477,0.97522116,0.70577985,0.7083808,-0.008447468
1356333665484,-0.70380145,0.65325963,-0.27913305,-0.19463342,0.20057315,0.9601501,0.68321395,0.7300837,-0.014017463
1356333665524,-0.6997891,0.6143004,-0.3645962,-0.26892114,0.24629867,0.9311383,0.66179806,0.749648,-0.007158816
1356333665564,-0.6713093,0.5845685,-0.4556573,-0.36387038,0.27565694,0.88972557,0.64571065,0.7630812,0.027656019
1356333665604,-0.6208959,0.5818172,-0.52533525,-0.45820028,0.27438736,0.8454372,0.63603526,0.7656372,0.09622282
1356333665644,-0.5627025,0.6049329,-0.5634023,-0.53615427,0.2516845,0.80572546,0.6292094,0.7554543,0.18271387
1356333665684,-0.50709796,0.63161284,-0.58644426,-0.59497494,0.23575735,0.76839006,0.62358356,0.73856866,0.2562418
1356333665724,-0.45653486,0.64270014,-0.61523354,-0.634767,0.24924439,0.73140144,0.62341535,0.7244402,0.29417616
1356333665764,-0.40919334,0.6301206,-0.65993094,-0.6576405,0.29769188,0.69201773,0.63251066,0.71716636,0.2925793
1356333665804,-0.3634773,0.5916126,-0.719638,-0.6674063,0.37357652,0.6442122,0.64996386,0.71444744,0.25905937
1356333665844,-0.31947458,0.5282004,-0.78672767,-0.668522,0.46276873,0.58217144,0.67157614,0.7119336,0.20527071
1356333665885,-0.28010708,0.44570118,-0.8502296,-0.66384965,0.5498363,0.5069356,0.6934289,0.7064209,0.14186555
1356333665924,-0.252248,0.35906702,-0.8985777,-0.6544964,0.620669,0.43174583,0.7127451,0.69702286,0.078445494
1356333665964,-0.24372384,0.28826863,-0.9260129,-0.6400265,0.6695671,0.37688994,0.7286732,0.6845299,0.02131015
1356333666004,-0.26591867,0.26087224,-0.92802644,-0.6160161,0.6945014,0.3717419,0.74149275,0.6705322,-0.023979366
1356333666044,-0.3280657,0.30363965,-0.8945255,-0.5707404,0.6908524,0.4438225,0.7527473,0.65614474,-0.05334562
1356333666084,-0.42593205,0.42585468,-0.79826677,-0.48472786,0.6375832,0.5987709,0.7639508,0.64197785,-0.065143526
1356333666124,-0.5229491,0.5839249,-0.6209315,-0.35514072,0.5129694,0.78149694,0.7748544,0.6292011,-0.060881376
1356333666161,-0.58053595,0.698683,-0.41811472,-0.22518167,0.35571218,0.9070623,0.78247756,0.6207341,-0.049173057
1356333666202,-0.605404,0.75011635,-0.26610425,-0.13784957,0.23046404,0.96326727,0.78389,0.6198482,-0.036120594
1356333666243,-0.62246525,0.7630344,-0.17411342,-0.08908087,0.15194803,0.98436594,0.7775613,0.6282438,-0.026610553
1356333666283,-0.6417944,0.75610363,-0.12809056,-0.065556675,0.11232424,0.99150676,0.76406956,0.64474064,-0.022521436
1356333666324,-0.66424066,0.73834896,-0.116726816,-0.060245544,0.10276723,0.99287933,0.74508715,0.66654307,-0.023779929
1356333666364,-0.6873149,0.71331596,-0.13703537,-0.07355055,0.11934364,0.990125,0.7226262,0.69060665,-0.029561937
1356333666404,-0.7066244,0.68004566,-0.1954993,-0.1134758,0.16380328,0.9799448,0.6984306,0.7146373,-0.03857869
1356333666444,-0.7121749,0.6310978,-0.3074451,-0.19653343,0.24119818,0.95036733,0.6739299,0.7372509,-0.04774344
1356333666484,-0.6795312,0.5527854,-0.4823542,-0.3380275,0.34761977,0.87458444,0.6511334,0.7573564,-0.049361825
1356333666524,-0.58308786,0.45078453,-0.67587113,-0.50911736,0.4455548,0.7363969,0.63309395,0.77348185,-0.030295372
1356333666564,-0.4579922,0.38580257,-0.80087435,-0.635228,0.48820728,0.59844726,0.62187517,0.78282183,0.021477401
1356333666604,-0.36148238,0.3948856,-0.8446278,-0.70030004,0.48307616,0.52556396,0.61555713,0.7814748,0.10191482
1356333666644,-0.28878623,0.43468136,-0.8530266,-0.736945,0.46784264,0.48788863,0.6111584,0.7695293,0.18522978
1356333666684,-0.21197188,0.44966227,-0.8676818,-0.76367754,0.47779626,0.4341743,0.60980695,0.7546619,0.24211758
1356333666724,-0.117130786,0.41155598,-0.90382624,-0.7796738,0.52559984,0.34037253,0.6151333,0.74455786,0.25931555
1356333666764,-0.0067234337,0.3141136,-0.9493617,-0.77839196,0.5943377,0.20216003,0.62774265,0.74033463,0.24050748
1356333666804,0.10426128,0.16826963,-0.9802117,-0.7566191,0.6530902,0.031635195,0.6454899,0.7383485,0.19540805
1356333666844,0.1961937,0.002126366,-0.9805628,-0.7204813,0.67863685,-0.14268422,0.66514266,0.7344709,0.13467628
1356333666884,0.25703397,-0.15270409,-0.9542615,-0.68283343,0.6700532,-0.29114795,0.6838655,0.7264366,0.06795496
1356333666924,0.28600487,-0.27561325,-0.9177355,-0.6542196,0.64362216,-0.39717406,0.70014125,0.7139943,0.0037674904
1356333666964,0.28718358,-0.3576426,-0.88860416,-0.6382826,0.620264,-0.45592526,0.71422744,0.6981148,-0.050147414
1356333667004,0.26137057,-0.39293647,-0.88163847,-0.633973,0.6188667,-0.46376967,0.7278487,0.68015075,-0.08735758
1356333667044,0.19791463,-0.3655461,-0.9095086,-0.6394448,0.65509665,-0.40244102,0.7429267,0.6612295,-0.10409337
1356333667084,0.05808866,-0.22098331,-0.97354615,-0.6478056,0.7336537,-0.20518325,0.7595879,0.6425874,-0.10053724
1356333667124,-0.22294141,0.15244883,-0.9628377,-0.5905836,0.7646823,0.25782174,0.77556956,0.6261153,-0.08044553
1356333667162,-0.48899916,0.5637021,-0.66567254,-0.37746036,0.551242,0.7440807,0.7863865,0.61511976,-0.05678165
1356333667202,-0.5764591,0.7207569,-0.38497326,-0.20975906,0.32481647,0.9222231,0.78974426,0.6123755,-0.036058128
1356333667243,-0.60344446,0.756861,-0.2510304,-0.13847747,0.21055984,0.96772337,0.785289,0.61872935,-0.022253036
1356333667284,-0.6212169,0.7552191,-0.20912611,-0.12042838,0.17168993,0.9777626,0.7743298,0.6325873,-0.015706837
1356333667342,-0.6368344,0.73594916,-0.22982755,-0.13842514,0.18410724,0.97310996,0.75847244,0.6515238,-0.015371978
1356333667363,-0.6443469,0.6984188,-0.3114935,-0.19562376,0.24323565,0.9500356,0.73928905,0.6730881,-0.020100832
1356333667403,-0.6239927,0.6235139,-0.471024,-0.30985326,0.35593534,0.88164675,0.7173731,0.6960894,-0.028903246
1356333667439,-0.5267627,0.46940327,-0.70864767,-0.49195904,0.51150894,0.7045104,0.6931791,0.71973544,-0.03851658
1356333667469,-0.31952065,0.23397766,-0.918238,-0.6710334,0.62832296,0.39360443,0.6690447,0.7419331,-0.043755352
1356333667499,-0.11402017,0.04752037,-0.9923412,-0.7541611,0.6460751,0.11759195,0.646715,0.76179314,-0.03782755
1356333667541,0.010544434,-0.009969652,-0.9998946,-0.7764372,0.6300284,-0.014469743,0.63010633,0.77650803,-0.0010975003
1356333667583,0.095922336,0.008946687,-0.9953486,-0.77933335,0.62274253,-0.06950727,0.61922395,0.7823757,0.06670737
1356333667623,0.16068275,0.061423868,-0.98509294,-0.7750963,0.6257676,-0.08741054,0.6110702,0.7775873,0.14815944
1356333667664,0.22316696,0.09534854,-0.97010577,-0.7642242,0.6349026,-0.113402665,0.60510993,0.76668596,0.21455693
1356333667704,0.2879934,0.08008611,-0.95427775,-0.7423765,0.64814854,-0.16964859,0.6049273,0.7572911,0.24611652
1356333667744,0.3477938,0.015255868,-0.93744695,-0.7093508,0.65809214,-0.2524602,0.6130749,0.7527828,0.2397021
1356333667784,0.391681,-0.07957959,-0.91665316,-0.67238146,0.6553108,-0.34419602,0.6280837,0.7511557,0.20316494
1356333667824,0.41380826,-0.18043421,-0.8923039,-0.64124036,0.6379725,-0.4263824,0.6461993,0.7486218,0.1482966
1356333667864,0.41547373,-0.270988,-0.8683012,-0.6215313,0.61240834,-0.48852313,0.66413885,0.7426449,0.086012006
1356333667904,0.40143803,-0.3439498,-0.84884983,-0.61327446,0.5874175,-0.52804846,0.6802514,0.73255664,0.024876058
1356333667944,0.37654665,-0.39714134,-0.83695364,-0.6127645,0.5708053,-0.54653543,0.6947894,0.7186516,-0.028419256
1356333667984,0.34416953,-0.4293741,-0.8349762,-0.61511517,0.5687636,-0.54602313,0.7093524,0.70153105,-0.06836343
1356333668024,0.30601576,-0.4386169,-0.8449671,-0.61577654,0.5856993,-0.52704406,0.7260672,0.6815947,-0.09085679
1356333668064,0.2605219,-0.41867006,-0.8699676,-0.6142001,0.6233612,-0.4839205,0.744907,0.66040605,-0.09474796
1356333668127,0.20455909,-0.3619628,-0.9094715,-0.6127592,0.67719895,-0.4073423,0.76333594,0.6406126,-0.08326882
1356333668144,0.13426259,-0.26400208,-0.95513165,-0.61459446,0.7339006,-0.28924635,0.7773334,0.62585354,-0.063718855
1356333668184,0.05156663,-0.13543865,-0.9894429,-0.61914897,0.7730377,-0.13808437,0.7835786,0.61973315,-0.04399377
1356333668224,-0.029679,-0.009542793,-0.99951386,-0.6236868,0.7815961,0.011057198,0.78111064,0.6237118,-0.029148698
1356333668264,-0.09056537,0.07724774,-0.9928901,-0.63048583,0.7673007,0.11720574,0.7708992,0.6366179,-0.020787299
1356333668304,-0.11930011,0.10899919,-0.98685694,-0.64483297,0.7472837,0.16049133,0.75495553,0.6555045,-0.01886475
1356333668344,-0.111943245,0.08827183,-0.9897862,-0.6684059,0.7303617,0.1407313,0.73532456,0.6773329,-0.02275765
1356333668384,-0.069162235,0.025870383,-0.99727,-0.6975154,0.7134417,0.0668813,0.7132243,0.7002368,-0.03129828
1356333668424,0.0020388812,-0.05836615,-0.9982932,-0.72458196,0.68792593,-0.041700095,0.6891857,0.7234303,-0.04088849
1356333668464,0.08687032,-0.13317752,-0.98727775,-0.74212617,0.6524898,-0.15331623,0.6646069,0.74600327,-0.042152524
1356333668504,0.17122322,-0.1695759,-0.9705291,-0.74688816,0.620084,-0.24011225,0.64252675,0.7659895,-0.020481467
1356333668544,0.25063732,-0.15922695,-0.9548966,-0.7396564,0.6048807,-0.2950045,0.62457126,0.7802346,0.03383243
1356333668584,0.3271198,-0.120310456,-0.93729293,-0.7229178,0.60692155,-0.33020604,0.6085906,0.7856027,0.11156148
1356333668624,0.40092546,-0.08846626,-0.91182923,-0.69751287,0.61579216,-0.36643654,0.5939146,0.7829264,0.18518037
1356333668664,0.4674545,-0.09160131,-0.8792586,-0.66236895,0.6224052,-0.41698825,0.5854518,0.7773166,0.23027223
1356333668704,0.519969,-0.13463643,-0.8435077,-0.61939645,0.6205729,-0.48087132,0.58820087,0.77250385,0.23928535
1356333668745,0.5530489,-0.20499258,-0.80753636,-0.5755292,0.6068302,-0.5482,0.60241437,0.7679422,0.2176275
1356333668784,0.5652454,-0.28632385,-0.7736383,-0.5385186,0.5823505,-0.6089874,0.6248962,0.76084596,0.17498022
1356333668824,0.5590314,-0.3655711,-0.74420536,-0.5130787,0.55255026,-0.65683967,0.6513325,0.74902993,0.12132624
1356333668864,0.53883004,-0.43655428,-0.7204738,-0.4992793,0.5233581,-0.69051903,0.6785148,0.73179,0.064038515
1356333668904,0.5094409,-0.49289572,-0.7053537,-0.4959619,0.50166625,-0.7087685,0.7032011,0.71090424,0.011111796
1356333668944,0.47575298,-0.53201884,-0.7004392,-0.49926314,0.49227867,-0.7130204,0.7241515,0.6889251,-0.03141433
1356333668984,0.44034383,-0.55107737,-0.7088096,-0.506233,0.49961665,-0.70293057,0.74150217,0.6683539,-0.05897039
1356333669024,0.40356684,-0.54772466,-0.7328926,-0.5147329,0.5263225,-0.67678267,0.7564284,0.6503709,-0.0695256
