1356334072610,0.25819576,0.11696434,0.95898604,-0.96595585,0.014553547,0.2582972,0.016254932,-0.9930295,0.11674008
1356334072650,-0.10921025,-0.11778876,-0.9870151,0.9938855,0.0033099651,-0.11036545,0.016266823,-0.9930331,0.11670709
1356334072687,-0.10970694,-0.11764565,-0.98697716,0.99382997,0.0033240914,-0.11086488,0.016323626,-0.9930501,0.116555095
1356334072730,-0.11132133,-0.11732525,-0.9868346,0.9936479,0.0033249855,-0.11248517,0.016478598,-0.993088,0.116209865
1356334072769,-0.115186095,-0.116903186,-0.9864409,0.9932021,0.003224492,-0.116357744,0.016783327,-0.993138,0.11573708
1356334072811,-0.12311208,-0.11639169,-0.98554367,0.99224186,0.0028799176,-0.124288976,0.01730448,-0.99319917,0.11513418
1356334072849,-0.13758492,-0.11561552,-0.9837192,0.9903269,0.0019701123,-0.1387406,0.017978549,-0.99329215,0.11422604
1356334072892,-0.15777588,-0.11395165,-0.9808781,0.9872922,9.084344E-4,-0.1589131,0.018999517,-0.9934859,0.11236018
1356334072950,-0.18427426,-0.11172977,-0.9765037,0.98266673,-4.979372E-4,-0.18538031,0.02022624,-0.9937384,0.10988492
1356334072973,-0.21220124,-0.108656645,-0.9711665,0.97698367,-0.0014587045,-0.21330908,0.021760851,-0.9940783,0.10646528
1356334073003,-0.2412498,-0.10467672,-0.9648012,0.9701824,-0.0021061897,-0.24236682,0.02333811,-0.9945041,0.102063656
1356334073039,-0.27069366,-0.09936139,-0.95752406,0.9623506,-0.0024867654,-0.27180004,0.024625331,-0.9950484,0.09629363
1356334073071,-0.29796553,-0.09360665,-0.94997597,0.95423716,-0.0026724935,-0.29903883,0.02545318,-0.99560565,0.0901193
1356334073100,-0.32287657,-0.08733934,-0.9424026,0.94609123,-0.002710402,-0.3238891,0.025734007,-0.99617493,0.08350605
1356334073141,-0.34702533,-0.07999605,-0.9344379,0.93752164,-0.0029964447,-0.34791404,0.025031775,-0.9967907,0.076037824
1356334073179,-0.36787093,-0.07288912,-0.9270158,0.92958975,-0.0040507913,-0.36857378,0.023109883,-0.99733186,0.06924707
1356334073212,-0.3834185,-0.067154676,-0.92113006,0.9233483,-0.005788684,-0.38391978,0.020449907,-0.9977258,0.06422657
1356334073258,-0.3936277,-0.063242495,-0.91709197,0.91913223,-0.009805322,-0.39382723,0.015914261,-0.9979501,0.061987817
1356334073298,-0.39759922,-0.06125927,-0.91551197,0.91749763,-0.014984608,-0.39745894,0.010629475,-0.99800944,0.062163115
1356334073338,-0.39520675,-0.061741054,-0.9165149,0.9185759,-0.020617485,-0.39470655,0.0054733455,-0.9978792,0.06486207
1356334073378,-0.38618314,-0.065597445,-0.9200868,0.92241836,-0.024589837,-0.38540858,0.0026570559,-0.99754316,0.0700044
1356334073416,-0.36842304,-0.07397717,-0.92671025,0.9296468,-0.024357557,-0.36764607,0.0046250224,-0.9969624,0.07774645
1356334073458,-0.33907843,-0.08807054,-0.9366266,0.94066036,-0.017387211,-0.3389038,0.013562083,-0.9959625,0.08874017
1356334073497,-0.30055135,-0.10674366,-0.9477736,0.9532888,-0.0022022128,-0.3020523,0.030154973,-0.99428415,0.10241938
1356334073543,-0.26133442,-0.12655202,-0.9569164,0.9637668,0.020695925,-0.2659423,0.053459823,-0.99174404,0.116558075
1356334073577,-0.23192245,-0.14364645,-0.9620694,0.9694377,0.047222972,-0.24074957,0.08001456,-0.98850167,0.1283043
1356334073620,-0.21336114,-0.15736142,-0.96421695,0.97068214,0.07767898,-0.22746906,0.11069417,-0.9844812,0.13617426
1356334073657,-0.20756584,-0.1674886,-0.9637759,0.9680085,0.106824815,-0.22704184,0.14098212,-0.9800694,0.13995719
1356334073701,-0.2112289,-0.17382348,-0.96185637,0.9623232,0.1353975,-0.23579997,0.17122051,-0.97542447,0.1386745
1356334073738,-0.21985614,-0.17737466,-0.9592713,0.9555003,0.1590969,-0.24840981,0.19667873,-0.9711985,0.13450307
1356334073779,-0.23058206,-0.17784566,-0.9566624,0.9487806,0.17712992,-0.2616112,0.21597996,-0.9679855,0.12789345
1356334073818,-0.23822051,-0.17587799,-0.95515335,0.9439977,0.1892463,-0.2702853,0.22829643,-0.9660501,0.12094611
1356334073858,-0.23962986,-0.17232871,-0.9554477,0.94221795,0.1960172,-0.2716663,0.23410007,-0.9653393,0.11539966
1356334073898,-0.2324214,-0.1679022,-0.9580132,0.94393945,0.19847447,-0.26379183,0.23443237,-0.9656173,0.11235982
1356334073937,-0.21662623,-0.16271222,-0.9625995,0.9488573,0.19686186,-0.24681002,0.22965813,-0.9668351,0.11174518
1356334073979,-0.19478828,-0.1559816,-0.96836317,0.9559764,0.19071585,-0.22301674,0.21946871,-0.96917343,0.11196554
1356334074018,-0.16969359,-0.14669815,-0.9745172,0.9639441,0.18096977,-0.19509453,0.20497823,-0.9724863,0.110699356
1356334074060,-0.14707118,-0.13354355,-0.98006946,0.97157365,0.16633028,-0.16846037,0.185512,-0.97698534,0.10528505
1356334074098,-0.11941618,-0.11649439,-0.98598623,0.97909987,0.15085399,-0.13640556,0.16463044,-0.981668,0.096045196
1356334074141,-0.094368815,-0.09494674,-0.99099934,0.985396,0.13281482,-0.10656005,0.14173695,-0.9865827,0.081026495
1356334074177,-0.05882275,-0.06971082,-0.9958315,0.99104404,0.11571807,-0.06664047,0.11988127,-0.9908328,0.06227964
1356334074217,-0.021009207,-0.041253954,-0.9989278,0.99471927,0.09953374,-0.025031298,0.100459635,-0.99417853,0.03894502
1356334074260,0.022843838,-0.009502798,-0.9996939,0.9960526,0.0860104,0.021943092,0.085775495,-0.99624896,0.011430085
1356334074296,0.07376772,0.024395525,-0.9969771,0.9942431,0.07610196,0.07542765,0.07771206,-0.9968016,-0.018641233
1356334074376,0.12557608,0.06011483,-0.99026096,0.9889991,0.07106805,0.12973031,0.07817459,-0.9956583,-0.050529033
1356334074377,0.17544481,0.09765971,-0.97963357,0.98049843,0.072173566,0.18279472,0.088555366,-0.9925995,-0.08309272
1356334074414,0.21083015,0.13815817,-0.9677102,0.9711224,0.08349657,0.2234942,0.111678064,-0.98688436,-0.1165649
1356334074456,0.22499582,0.18114984,-0.9573723,0.96311235,0.10751507,0.24668843,0.14761958,-0.97756094,-0.15027726
1356334074499,0.20291251,0.22519875,-0.9529491,0.958452,0.15358329,0.24037874,0.20049006,-0.96213186,-0.18467826
1356334074536,0.16777135,0.26296633,-0.950106,0.9511569,0.210162,0.2261247,0.2591394,-0.9416372,-0.21486312
1356334074580,0.13852495,0.29022387,-0.9468796,0.93874586,0.26614732,0.2189107,0.3155426,-0.9192039,-0.23557842
1356334074617,0.13676971,0.30696708,-0.9418415,0.9246984,0.3014378,0.23252562,0.35528436,-0.90272176,-0.2426244
1356334074660,0.17995031,0.3149704,-0.9318861,0.9105326,0.30514044,0.27896208,0.3722209,-0.89871186,-0.23188066
1356334074697,0.25538555,0.31527075,-0.91399264,0.8926158,0.28635922,0.34818864,0.37150395,-0.9047667,-0.20828366
1356334074738,0.37380013,0.3058916,-0.8756162,0.8569057,0.2473807,0.45223373,0.35494506,-0.9193656,-0.16964936
1356334074778,0.50957704,0.28453487,-0.81201667,0.7950129,0.20522931,0.57081985,0.32906777,-0.93644047,-0.12162873
1356334074819,0.64154416,0.25166205,-0.72462916,0.7071389,0.1720689,0.6858185,0.29728067,-0.9523962,-0.06757024
1356334074859,0.7442073,0.2125335,-0.6332337,0.61347973,0.15748465,0.7738483,0.2641933,-0.96437967,-0.013183758
1356334074897,0.81248975,0.17340977,-0.55658734,0.5343511,0.16020206,0.8299423,0.23308653,-0.9717327,0.037500843
1356334074954,0.85444456,0.1367944,-0.50121033,0.47736996,0.17402214,0.8612981,0.20504248,-0.9751942,0.08339072
1356334074977,0.87172234,0.10394448,-0.47884822,0.45474112,0.19238275,0.86959726,0.18251197,-0.9757994,0.12043652
1356334075021,0.8735157,0.0762863,-0.48078144,0.45733106,0.2097896,0.86419713,0.16678934,-0.974766,0.14836642
1356334075058,0.8583102,0.050572947,-0.5106329,0.48854858,0.22377944,0.8433523,0.15691999,-0.9733269,0.16736484
1356334075101,0.83065045,0.029145151,-0.556031,0.5357919,0.22984925,0.81246316,0.15148266,-0.97278976,0.17530864
1356334075140,0.7897978,0.009602755,-0.6132921,0.59579265,0.22562477,0.77079475,0.14577559,-0.97416687,0.17247671
1356334075178,0.741495,-0.005798131,-0.6709333,0.6567739,0.21079862,0.72402483,0.13723385,-0.9775123,0.16011418
1356334075218,0.6897694,-0.014059663,-0.72389257,0.7131717,0.18569148,0.67594737,0.12491712,-0.9825075,0.13811125
1356334075258,0.64178956,-0.01338467,-0.76676404,0.758867,0.15525186,0.63246965,0.11057618,-0.98778427,0.10979617
1356334075296,0.60708994,-0.0038260221,-0.794624,0.78882945,0.12354027,0.6020682,0.095864594,-0.9923322,0.078018114
1356334075338,0.5941579,0.012906283,-0.8042449,0.8001505,0.09253706,0.592618,0.08207098,-0.9956256,0.044654652
1356334075377,0.6096778,0.0337767,-0.79192936,0.7894923,0.063204765,0.61049724,0.07067427,-0.9974288,0.011868104
1356334075423,0.6450769,0.057403535,-0.7619584,0.7614863,0.034391105,0.64726806,0.063360035,-0.9977585,-0.021527097
1356334075458,0.6985863,0.08258635,-0.7107438,0.7128413,0.00563515,0.70130277,0.061923176,-0.99656796,-0.054934308
1356334075503,0.73041695,0.118991494,-0.6725564,0.67881763,-0.017645955,0.73409486,0.07548317,-0.9927385,-0.093662456
1356334075550,0.7305303,0.1752516,-0.66000926,0.6737079,-0.027083278,0.7385012,0.111548275,-0.984151,-0.13785355
1356334075597,0.687129,0.248391,-0.68275595,0.70636547,-0.008503497,0.7077962,0.1700044,-0.96862257,-0.18129782
1356334075640,0.64298415,0.3057534,-0.702201,0.73246485,0.022372127,0.6804372,0.22375575,-0.9518479,-0.20956874
1356334075678,0.61788356,0.33662432,-0.710566,0.7417638,0.050174475,0.6687819,0.2607805,-0.9403014,-0.21869373
1356334075721,0.6305146,0.3387608,-0.6983498,0.72462887,0.06550887,0.6860185,0.2781443,-0.93858916,-0.20417157
1356334075757,0.6517832,0.32232147,-0.68650377,0.7042864,0.07856783,0.70555496,0.2813526,-0.94336414,-0.17579743
1356334075796,0.6877535,0.28995216,-0.66552454,0.6731216,0.0886004,0.7342053,0.27185017,-0.9529312,-0.13423783
1356334075838,0.72103256,0.24664651,-0.6475165,0.64480245,0.103257686,0.75734246,0.25365695,-0.96358883,-0.08458613
1356334075876,0.7436232,0.1974784,-0.63876975,0.6274816,0.12373856,0.7687363,0.23084925,-0.9724664,-0.0318992
1356334075918,0.75385094,0.14583512,-0.6406566,0.6237813,0.14746404,0.76756185,0.2064113,-0.9782569,0.020196676
1356334075957,0.74753976,0.09495196,-0.6573952,0.63825905,0.17129809,0.7505213,0.183874,-0.980633,0.067448184
1356334075999,0.7225739,0.04774198,-0.68964314,0.67085934,0.19233754,0.7162081,0.16683742,-0.9801668,0.10694994
1356334076039,0.6749702,0.00565663,-0.7378233,0.7209308,0.20782751,0.66111004,0.15707964,-0.9781492,0.13619934
1356334076081,0.60967743,-0.028482378,-0.79213774,0.7776235,0.21515672,0.59077007,0.15360719,-0.97616404,0.15332477
1356334076118,0.5322095,-0.055448562,-0.844795,0.8330108,0.21244721,0.5108416,0.15114889,-0.9755981,0.15925568
1356334076160,0.45118356,-0.07073116,-0.88962376,0.88043535,0.19817424,0.43076733,0.14583182,-0.9776114,0.15168718
1356334076198,0.3775297,-0.074667424,-0.92298216,0.9156462,0.17872003,0.36007097,0.13806981,-0.98106265,0.1358411
1356334076236,0.3185632,-0.067424595,-0.9455006,0.9392043,0.15726307,0.30522725,0.12811247,-0.9852524,0.113423675
1356334076277,0.28338584,-0.05124107,-0.9576361,0.951892,0.13643381,0.27438572,0.116594106,-0.98932314,0.08743939
1356334076317,0.27726763,-0.028928816,-0.9603571,0.95510465,0.11690217,0.27222976,0.10439259,-0.99272203,0.060043216
1356334076361,0.3011505,-0.0024727285,-0.95357347,0.9490316,0.09829581,0.29946128,0.09299183,-0.99515426,0.031948477
1356334076397,0.34829208,0.028216124,-0.9369613,0.93359196,0.07939902,0.34943068,0.0842534,-0.9964435,0.0013117194
1356334076439,0.4092936,0.06486693,-0.910094,0.9088261,0.059248388,0.4129463,0.080708176,-0.99613345,-0.034702778
1356334076476,0.45394245,0.11288318,-0.8838515,0.88675797,0.039794832,0.4605177,0.0871574,-0.992811,-0.08203551
1356334076520,0.4565242,0.1784535,-0.87163067,0.8829395,0.02976887,0.46854204,0.10956046,-0.9834979,-0.14397347
1356334076572,0.4338271,0.24704963,-0.8664644,0.8899669,0.032512665,0.45486462,0.14054522,-0.9684572,-0.20576113
1356334076627,0.40451884,0.30320898,-0.8628029,0.8979064,0.047384128,0.43762872,0.17357618,-0.9517453,-0.25308552
1356334076632,0.40028077,0.33511862,-0.8529189,0.89509034,0.056536674,0.44228578,0.19643933,-0.9404781,-0.2773309
1356334076676,0.44790047,0.33639705,-0.82838535,0.8699467,0.049857736,0.490619,0.20634425,-0.9403996,-0.2703162
1356334076715,0.51047635,0.31728542,-0.79921454,0.8342545,0.042520463,0.5497375,0.20840663,-0.9473763,-0.24299106
1356334076755,0.5873311,0.27956378,-0.7595303,0.7828939,0.04172235,0.6207547,0.20522994,-0.9592202,-0.19436395
1356334076794,0.65438807,0.23200567,-0.7196871,0.72925353,0.057992727,0.68178165,0.19991383,-0.9709841,-0.1312412
1356334076825,0.69444853,0.1873298,-0.6947293,0.69272697,0.0870691,0.71592474,0.19460347,-0.9784306,-0.06930341
1356334076865,0.7269499,0.14275941,-0.6716871,0.66000056,0.12480056,0.7408267,0.18958691,-0.9818578,-0.003497526
1356334076895,0.7392703,0.10231531,-0.6655907,0.6474755,0.16365427,0.7443069,0.18508077,-0.9811977,0.05473809
1356334076936,0.7429457,0.066581786,-0.666032,0.644056,0.1998533,0.7384109,0.18227346,-0.97756106,0.105597734
1356334076975,0.7297586,0.036195725,-0.6827461,0.65875244,0.2300942,0.71631134,0.18302338,-0.9724951,0.14406918
1356334077007,0.7040052,0.011538744,-0.710101,0.68512607,0.2522761,0.683344,0.18702641,-0.9675865,0.1696982
1356334077046,0.6684159,-0.0041876733,-0.74377596,0.7178135,0.26558867,0.64358866,0.19484326,-0.96407735,0.18052968
1356334077087,0.62307763,-0.012062311,-0.782067,0.7554601,0.26830053,0.59774154,0.20261884,-0.96325976,0.17628466
1356334077125,0.5747788,-0.014042199,-0.81818837,0.7921771,0.26020646,0.55204,0.20514601,-0.9654509,0.16068503
1356334077165,0.5306368,-0.009929687,-0.84754115,0.8236345,0.24213488,0.5128323,0.20012707,-0.97019184,0.13666409
1356334077205,0.4971218,3.46303E-5,-0.8676808,0.8468893,0.21758099,0.4852185,0.18880764,-0.9760423,0.108134955
1356334077246,0.48013675,0.014661014,-0.87707114,0.85975057,0.19053805,0.47383997,0.17406246,-0.98157036,0.078879476
1356334077287,0.48262388,0.032155424,-0.8752372,0.86146677,0.1627974,0.48101157,0.15795347,-0.9861354,0.050869107
1356334077326,0.50501645,0.050851136,-0.8616104,0.85139453,0.13456686,0.5069705,0.14172423,-0.9895989,0.024664104
1356334077368,0.5425844,0.07018733,-0.8370638,0.830568,0.10409552,0.5471022,0.1255342,-0.9920876,-0.0018147528
1356334077406,0.59090793,0.090706676,-0.80162346,0.7990382,0.07116167,0.5970545,0.11120176,-0.993332,-0.030428141
1356334077448,0.62661743,0.11935231,-0.7701335,0.7724744,0.03563814,0.63404524,0.10312092,-0.9922122,-0.06986514
1356334077486,0.6468539,0.15922278,-0.74580705,0.7553107,0.0012599602,0.6553656,0.1052888,-0.98724186,-0.11944766
1356334077532,0.6382734,0.21315357,-0.73971117,0.76019704,-0.023147345,0.64927995,0.121273965,-0.9767444,-0.17681307
1356334077597,0.6148181,0.26594976,-0.7424752,0.77550995,-0.032609105,0.6304927,0.1434679,-0.9634352,-0.22629535
1356334077600,0.59836656,0.29827344,-0.7436332,0.7851237,-0.033162363,0.6184504,0.15980667,-0.95390415,-0.25402477
1356334077644,0.60382414,0.30232632,-0.7375604,0.7795149,-0.030579418,0.6256369,0.16659233,-0.9527139,-0.25413245
1356334077686,0.62453145,0.28389335,-0.7275748,0.7631389,-0.023732424,0.6457987,0.16607085,-0.95856214,-0.23147172
1356334077729,0.6550659,0.24909265,-0.7133313,0.7382092,-0.0097670555,0.67450106,0.16104615,-0.9684304,-0.19028056
1356334077756,0.67797196,0.21264467,-0.7036592,0.718482,0.01062417,0.6954643,0.1553626,-0.9770718,-0.1455785
1356334077801,0.7054426,0.16983473,-0.68811834,0.6928574,0.039307497,0.7200025,0.1493296,-0.98468834,-0.08994205
1356334077837,0.72400606,0.12722576,-0.6779593,0.67454493,0.07493073,0.73442125,0.14423728,-0.9890394,-0.031569198
1356334077880,0.7334469,0.08760023,-0.6740785,0.66494316,0.11336886,0.7382399,0.1410895,-0.9896836,0.024900869
1356334077917,0.7300574,0.054079235,-0.6812427,0.6687888,0.1483975,0.7284914,0.14049098,-0.987448,0.07217111
1356334077960,0.71602654,0.028383434,-0.6974958,0.68306345,0.17759606,0.7084377,0.14398044,-0.9836941,0.10777579
1356334077997,0.69024795,0.008736849,-0.72352016,0.7079366,0.19859841,0.6777791,0.14961156,-0.980042,0.13089703
1356334078037,0.6575303,-0.004414052,-0.75341517,0.737304,0.20954303,0.6422419,0.155038,-0.97778946,0.1410354
1356334078077,0.6200528,-0.012043238,-0.78446764,0.7687821,0.20884448,0.60444856,0.1565522,-0.97787464,0.13875325
1356334078116,0.5820004,-0.014074177,-0.8130668,0.79883766,0.19690679,0.56840664,0.15209854,-0.9803212,0.1258428
1356334078211,0.54852986,-0.010412186,-0.836066,0.82394254,0.17684028,0.5383735,0.14224443,-0.9841844,0.105581254
1356334078212,0.5245737,-0.0016714633,-0.8513634,0.8416717,0.15148965,0.5183046,0.12810642,-0.98845744,0.080874294
1356334078232,0.5157964,0.010174125,-0.8566507,0.8493805,0.12445602,0.512897,0.11183357,-0.99217296,0.055552304
1356334078273,0.52344394,0.023187518,-0.85174453,0.8467775,0.09698354,0.5230316,0.09473303,-0.99501586,0.03113079
1356334078321,0.54605794,0.03679827,-0.83693886,0.83415747,0.06850554,0.5472553,0.077473015,-0.99697185,0.0067124367
1356334078356,0.58242327,0.051511794,-0.8112519,0.8104558,0.040309563,0.5844112,0.062805265,-0.99785846,-0.01827079
1356334078400,0.6125229,0.07525498,-0.7868624,0.78843653,0.012889311,0.614981,0.0564225,-0.997081,-0.051438794
1356334078437,0.62937546,0.114952,-0.7685523,0.77443755,-0.010962427,0.63255537,0.06428835,-0.9933106,-0.095922664
1356334078481,0.60732466,0.18204218,-0.77331585,0.78874713,-0.021703586,0.61433446,0.09505105,-0.9830512,-0.15676638
1356334078519,0.5624043,0.25488937,-0.7865957,0.81575596,-0.015642315,0.5781847,0.13506898,-0.9668437,-0.21672484
1356334078558,0.5205334,0.30898324,-0.7959738,0.83681405,6.3282996E-4,0.54748684,0.16966793,-0.95106727,-0.2582321
1356334078596,0.5069636,0.33098152,-0.7958889,0.84065926,0.0141810775,0.5413787,0.19047287,-0.9435306,-0.27105337
1356334078638,0.5258029,0.32216722,-0.7872354,0.8274085,0.020952456,0.5612096,0.1972979,-0.9464509,-0.25554708
1356334078666,0.5501726,0.3001974,-0.779225,0.8113706,0.0284729,0.5838382,0.19745353,-0.9534521,-0.22790632
1356334078708,0.59805727,0.25855213,-0.75860286,0.77843016,0.037850767,0.626589,0.19071963,-0.96525544,-0.17862785
1356334078746,0.6421288,0.20886958,-0.7375934,0.74462485,0.05876541,0.6648912,0.18222049,-0.9761762,-0.11779451
1356334078788,0.67483014,0.1592587,-0.7205838,0.7168238,0.090629585,0.6913393,0.17540804,-0.98306817,-0.053000867
1356334078827,0.6932357,0.11447048,-0.7115623,0.69990724,0.12857684,0.7025652,0.17191339,-0.9850708,0.0090153515
1356334078869,0.6982784,0.076321214,-0.7117459,0.69472635,0.16737586,0.6995287,0.17251796,-0.9829345,0.06385259
1356334078907,0.6899358,0.04560405,-0.7224326,0.70191485,0.2017886,0.68307894,0.1769298,-0.9783668,0.10721104
1356334078950,0.66955996,0.023403496,-0.7423893,0.7191621,0.22950271,0.65584636,0.18572947,-0.97302663,0.13683489
1356334078987,0.6387899,0.007170558,-0.7693478,0.7442026,0.24796377,0.6202228,0.1952177,-0.9687427,0.15306042
1356334079031,0.6001861,-0.0017775595,-0.7998584,0.77395225,0.2537431,0.580183,0.20192724,-0.96727,0.1536688
1356334079068,0.5584307,-0.006289184,-0.8295273,0.80443615,0.24829993,0.53965694,0.20257753,-0.9686628,0.14371756
1356334079106,0.5177148,-0.004932612,-0.855539,0.83305323,0.23073119,0.50277764,0.19491953,-0.973005,0.1235621
1356334079148,0.48326612,0.0022344291,-0.87547064,0.8567132,0.20470084,0.4734343,0.18026745,-0.978822,0.0970107
1356334079186,0.4615656,0.014070988,-0.8869944,0.87225115,0.17501529,0.45667002,0.16166335,-0.9844651,0.06850761
1356334079228,0.45648175,0.028971314,-0.889261,0.8784373,0.14407872,0.4556195,0.14132348,-0.989142,0.04031983
1356334079267,0.4696098,0.045671314,-0.881692,0.87456775,0.11260308,0.47164804,0.12082201,-0.9925899,0.01293686
1356334079309,0.5003682,0.06331235,-0.86349475,0.8597324,0.081655696,0.50417507,0.10242975,-0.9946476,-0.013573736
1356334079338,0.5409103,0.08098251,-0.83717257,0.83648056,0.052158996,0.5455087,0.08784276,-0.9953498,-0.03952694
1356334079394,0.5715518,0.10465589,-0.8138647,0.8165084,0.025977284,0.5767489,0.08150217,-0.9941692,-0.07060504
1356334079416,0.5838902,0.14371562,-0.7990107,0.80682147,0.0064605176,0.59076005,0.09006345,-0.989598,-0.11218059
1356334079458,0.5662559,0.20222917,-0.79903543,0.8157362,0.0013092756,0.57842267,0.11802009,-0.97933733,-0.16422427
1356334079497,0.5251003,0.26735824,-0.80795366,0.83612186,0.014909692,0.5483409,0.1586498,-0.9634818,-0.21571502
1356334079538,0.4807861,0.32021174,-0.8162776,0.8532547,0.04359889,0.51966864,0.20199278,-0.9463422,-0.25226042
1356334079578,0.43736726,0.34518105,-0.8303974,0.86847633,0.07749385,0.48963606,0.2333638,-0.93533134,-0.26588833
1356334079619,0.4519223,0.33910495,-0.8250903,0.8570294,0.09159558,0.50706106,0.24752149,-0.9362789,-0.24922878
1356334079658,0.48374474,0.3150322,-0.816545,0.83879876,0.09942216,0.53528666,0.24981523,-0.9438591,-0.21615368
1356334079697,0.5330533,0.2740591,-0.80046606,0.8106817,0.1053611,0.57592916,0.24217656,-0.95592403,-0.16601157
1356334079737,0.58622557,0.22125453,-0.77934974,0.7773829,0.11718756,0.6180153,0.22806877,-0.96814954,-0.10330117
1356334079766,0.6231746,0.17006415,-0.7633686,0.7524543,0.13574082,0.6445052,0.21322751,-0.97603923,-0.043375254
1356334079808,0.65800834,0.11817172,-0.7436803,0.7268522,0.15837249,0.6682844,0.19675082,-0.9802824,0.018317074
1356334079850,0.67900974,0.06971869,-0.73081124,0.7114636,0.18295956,0.6784876,0.18101215,-0.98064524,0.07462902
1356334079888,0.6828578,0.029482186,-0.72995615,0.710703,0.20451859,0.67310727,0.16913426,-0.9784186,0.118704036
1356334079926,0.67192006,2.5954843E-4,-0.7406237,0.7222965,0.2208567,0.65537024,0.16374183,-0.9753063,0.14821056
1356334079968,0.6465527,-0.018763095,-0.76263857,0.74492085,0.23110515,0.6258461,0.16450691,-0.97274786,0.16339868
1356334080051,0.611172,-0.028426021,-0.79098713,0.77339184,0.23397844,0.5891681,0.1683262,-0.9718261,0.16498557
1356334080052,0.57025826,-0.029838234,-0.8209233,0.8036623,0.22719106,0.5500101,0.17009512,-0.97339296,0.15353745
1356334080080,0.53197235,-0.025821626,-0.84636796,0.83012456,0.21306767,0.51526237,0.1670287,-0.97669613,0.1347813
1356334080143,0.4944398,-0.011333585,-0.86913794,0.85583705,0.18108359,0.48451173,0.15189534,-0.9834024,0.09923464
1356334080187,0.4856156,0.0066949427,-0.8741468,0.8634031,0.15280582,0.48081747,0.13679376,-0.98823357,0.06842446
1356334080227,0.4935796,0.024153769,-0.8693651,0.86110574,0.12661412,0.49240816,0.121967405,-0.991658,0.041695207
1356334080272,0.5189853,0.041330636,-0.8537834,0.8480378,0.10033862,0.52035,0.10717386,-0.9940945,0.017024338
1356334080307,0.561015,0.05886489,-0.82571006,0.82244337,0.07371426,0.5640507,0.09406939,-0.9955406,-0.007058263
1356334080350,0.6012192,0.08162665,-0.7949041,0.79440254,0.046468392,0.60561144,0.08637196,-0.9955791,-0.036906734
1356334080388,0.6353754,0.1143769,-0.7636858,0.76701754,0.020944297,0.6412841,0.08934292,-0.99321663,-0.074421585
1356334080430,0.6420175,0.16738215,-0.74819577,0.75832844,0.0050980747,0.6518527,0.11292288,-0.98587894,-0.1236576
1356334080508,0.634363,0.2256943,-0.7393549,0.75890887,1.8554926E-4,0.6511968,0.14710855,-0.97419816,-0.17116368
1356334080510,0.6233301,0.27381948,-0.73244965,0.7602165,0.007142961,0.6496306,0.1831134,-0.9617546,-0.20370966
1356334080543,0.6231655,0.2996476,-0.72240996,0.7534449,0.017686777,0.65727323,0.20972753,-0.9538861,-0.2147462
1356334080585,0.63993496,0.30045885,-0.7072537,0.734937,0.029452689,0.6774956,0.22439006,-0.95333993,-0.20197052
1356334080625,0.66593367,0.2831539,-0.6901857,0.7099197,0.04374883,0.7029225,0.22923006,-0.9580762,-0.17188272
1356334080666,0.69679374,0.25261536,-0.67131513,0.6804615,0.06316531,0.7300563,0.22682722,-0.96550274,-0.12788184
1356334080705,0.7237693,0.21735065,-0.65491736,0.65373445,0.08782786,0.75161,0.22088292,-0.9721343,-0.07852249
1356334080746,0.7465012,0.18015522,-0.64053106,0.630419,0.11645436,0.76747,0.21285634,-0.9767202,-0.026639953
1356334080785,0.76172423,0.145211,-0.63141906,0.61478156,0.14560896,0.7751398,0.2044991,-0.97862756,0.021640822
1356334080826,0.7702517,0.11429186,-0.62741506,0.6064038,0.17334026,0.77603316,0.19745052,-0.9782077,0.06420863
1356334080865,0.7701056,0.08983627,-0.631559,0.6077206,0.19767386,0.76915586,0.19394082,-0.97614264,0.09763439
1356334080897,0.76363665,0.07209286,-0.64160866,0.61578953,0.21737504,0.75733167,0.1940679,-0.9734221,0.12160151
1356334080935,0.7517906,0.062247515,-0.6564573,0.6290438,0.23088914,0.74228984,0.19777459,-0.9709869,0.13442387
1356334080987,0.7355903,0.058224857,-0.67491984,0.6469656,0.23501766,0.72539794,0.20085427,-0.9702456,0.13520722
1356334081018,0.71820426,0.058074564,-0.6934047,0.6668391,0.22721264,0.70971835,0.1987669,-0.97211206,0.1244587
1356334081055,0.7035895,0.060723424,-0.7080074,0.68432105,0.21058157,0.69811183,0.19148505,-0.9756885,0.106608674
1356334081100,0.6942503,0.06598878,-0.7167022,0.6970491,0.18638852,0.69237405,0.179274,-0.98025745,0.08340286
1356334081136,0.6934691,0.07243073,-0.71683633,0.70147777,0.15915686,0.6946927,0.16440651,-0.98459274,0.059561834
1356334081181,0.7009561,0.07818696,-0.7089058,0.6978649,0.1298494,0.7043605,0.14712283,-0.98844624,0.036454782
1356334081217,0.71594167,0.08247292,-0.69327176,0.68618023,0.10004178,0.7205195,0.1287795,-0.9915593,0.015032783
1356334081280,0.7341917,0.08592501,-0.673483,0.66989326,0.06973404,0.73917526,0.11047834,-0.99385816,-0.006362438
1356334081297,0.7510316,0.09273225,-0.6537219,0.65326726,0.039416946,0.75610065,0.095882624,-0.9949106,-0.030975565
1356334081350,0.757421,0.114538044,-0.64280206,0.6462132,0.009314887,0.76310015,0.09339166,-0.9933752,-0.06696071
1356334081382,0.7503177,0.15424073,-0.6428321,0.6524534,-0.016223371,0.7576551,0.10643232,-0.9879001,-0.11280756
1356334081418,0.7237931,0.2149733,-0.6556753,0.6759199,-0.029793262,0.7363727,0.13876575,-0.9761654,-0.16686888
1356334081451,0.68535304,0.2770756,-0.6734392,0.706227,-0.0273799,0.70745593,0.17758012,-0.960458,-0.21444318
1356334081480,0.64784586,0.3217355,-0.690494,0.7327312,-0.015298132,0.68034613,0.20832823,-0.94670594,-0.24565649
1356334081529,0.62750804,0.33708572,-0.7018596,0.74541056,3.3324584E-4,0.66660553,0.22493711,-0.9414739,-0.25105816
1356334081550,0.61448467,0.33392474,-0.7147746,0.75433576,0.016658336,0.65627736,0.23105422,-0.9424525,-0.24165511
1356334081591,0.6204931,0.30591655,-0.7220827,0.75138235,0.031709887,0.6591047,0.2245282,-0.9515301,-0.21018454
1356334081641,0.6364965,0.25890687,-0.72652555,0.74226856,0.050296225,0.6682123,0.20954624,-0.96459186,-0.16016507
1356334081678,0.64886034,0.20911098,-0.7316098,0.7358223,0.07240829,0.67329234,0.19376746,-0.9752075,-0.10688564
1356334081717,0.66125214,0.15820837,-0.7332911,0.7284876,0.0978584,0.67803365,0.17902935,-0.9825446,-0.0505438
1356334081757,0.6686624,0.111414164,-0.73517174,0.72447705,0.12497442,0.67787504,0.16740257,-0.98588455,0.0028486997
1356334081797,0.6708149,0.07156235,-0.7381641,0.7240624,0.15212983,0.6727482,0.16044027,-0.9857664,0.050235316
1356334081838,0.66615003,0.041034132,-0.74468803,0.7285098,0.1780597,0.66148937,0.1597425,-0.9831637,0.088720724
1356334081910,0.6543493,0.020560503,-0.7559128,0.73795694,0.20084122,0.6442688,0.16506493,-0.97940797,0.11624755
1356334081913,0.63612133,0.010456622,-0.7715182,0.7515315,0.21810962,0.62259835,0.17478585,-0.9758683,0.13088568
1356334081955,0.61497587,0.006445706,-0.7885196,0.7671127,0.22666776,0.60013324,0.18260029,-0.9739508,0.1344506
1356334081999,0.59430397,0.0078036487,-0.8042027,0.78275573,0.2239741,0.58062804,0.18465158,-0.97456384,0.12700033
1356334082037,0.57797843,0.013026327,-0.8159481,0.795719,0.21281338,0.56704664,0.1810312,-0.9770061,0.11263624
1356334082080,0.5681417,0.02194792,-0.82263803,0.8047541,0.1941233,0.56096965,0.17200527,-0.98073155,0.09262687
1356334082117,0.5706345,0.032797128,-0.82054895,0.80529666,0.17336904,0.566957,0.16085231,-0.9843106,0.072518945
1356334082157,0.5837858,0.043720752,-0.8107297,0.7983861,0.15056719,0.58301723,0.14755923,-0.9876325,0.05299294
1356334082197,0.6094127,0.054219216,-0.7909971,0.7816229,0.12623745,0.6108435,0.1329729,-0.9905172,0.034551725
1356334082236,0.643031,0.06465244,-0.7631062,0.7566572,0.10020885,0.6460867,0.11824107,-0.99286366,0.015517667
1356334082278,0.67721665,0.07905713,-0.73152417,0.7279922,0.07230943,0.6817615,0.10679424,-0.9942441,-0.008583859
1356334082355,0.7017888,0.10558972,-0.70451635,0.7045369,0.04351861,0.70833164,0.10545206,-0.993457,-0.043850973
1356334082356,0.70548874,0.15348938,-0.69190073,0.6981038,0.017852895,0.715774,0.122216165,-0.987989,-0.09455651
1356334082394,0.68788606,0.2166062,-0.69274414,0.7092134,0.0023986697,0.7049898,0.15436682,-0.97625613,-0.15197001
1356334082439,0.6598665,0.27583933,-0.6989198,0.7269442,9.394288E-4,0.6866958,0.19007432,-0.96120334,-0.19989991
1356334082477,0.63867867,0.31266534,-0.703086,0.738585,0.007187538,0.674122,0.21582803,-0.94983613,-0.2263394
1356334082520,0.6369622,0.31954342,-0.7015491,0.7369997,0.014466375,0.6757382,0.22607659,-0.9474611,-0.22628888
1356334082557,0.64703226,0.30553538,-0.6985681,0.72853845,0.022505876,0.6846351,0.22490214,-0.9519147,-0.20803225
1356334082597,0.66876256,0.27405393,-0.691123,0.71157545,0.033440143,0.70181346,0.21544598,-0.96113276,-0.17264652
1356334082683,0.6954252,0.23091747,-0.6804857,0.68963027,0.051698394,0.7223139,0.2019749,-0.97159886,-0.12329529
1356334082685,0.7175997,0.18597826,-0.67116517,0.67035484,0.076907896,0.7380444,0.18887812,-0.9795393,-0.06948236
1356334082712,0.7343311,0.1433607,-0.6634799,0.6550212,0.10674143,0.7480331,0.17805938,-0.9838974,-0.015520766
1356334082759,0.7434587,0.10639486,-0.6602646,0.64651906,0.1382727,0.7502625,0.17112064,-0.9846628,0.03401375
1356334082798,0.7441083,0.07716143,-0.6635879,0.6460405,0.16980389,0.7441762,0.17010151,-0.98245233,0.07650308
1356334082841,0.73531985,0.05621168,-0.6753851,0.65464234,0.19893369,0.7292934,0.17535165,-0.9783996,0.10948135
1356334082886,0.71785355,0.043346792,-0.6948434,0.6709559,0.22322068,0.7071002,0.18575397,-0.9738037,0.13115595
1356334082917,0.69441247,0.034649134,-0.7187425,0.6925731,0.23888257,0.68064505,0.1952788,-0.9704301,0.141886
1356334082960,0.66879094,0.030040652,-0.7428434,0.71618795,0.2420685,0.65458196,0.199483,-0.969794,0.14037848
1356334082996,0.64467704,0.027380258,-0.76396453,0.738634,0.23523174,0.6317322,0.1970056,-0.97155344,0.13142455
1356334083036,0.62621796,0.026795149,-0.7791874,0.75700104,0.21823463,0.615892,0.18654853,-0.9755283,0.116378516
1356334083077,0.61747015,0.028024703,-0.7860949,0.76797175,0.19469266,0.6101755,0.17014688,-0.98046386,0.09869474
1356334083117,0.6206172,0.030593157,-0.78351665,0.76969075,0.16700357,0.6161867,0.14970118,-0.98548156,0.08009802
1356334083158,0.63668543,0.03440374,-0.77035576,0.76043457,0.13774776,0.63463753,0.1279487,-0.98986965,0.0615402
1356334083210,0.6617076,0.040240407,-0.7486813,0.7421975,0.10633142,0.6616921,0.10623512,-0.99351615,0.040493965
1356334083241,0.68965083,0.0525074,-0.7222359,0.7187529,0.07181914,0.6915463,0.088181674,-0.9960346,0.011790276
1356334083287,0.69851786,0.08973205,-0.70994437,0.71064997,0.029418647,0.7029304,0.08396101,-0.9955314,-0.043218628
1356334083331,0.68995243,0.15014184,-0.70811236,0.7173787,-0.011265941,0.69659233,0.0966101,-0.98860025,-0.115481496
1356334083368,0.66316676,0.21720758,-0.7162616,0.7388717,-0.037204415,0.6728183,0.11949316,-0.9754162,-0.18516126
1356334083406,0.63072103,0.27347964,-0.726223,0.76193434,-0.04081256,0.6463671,0.14712921,-0.96101165,-0.23411489
1356334083452,0.61106455,0.30362487,-0.73103493,0.7728704,-0.029240668,0.6338898,0.17108876,-0.95234287,-0.25253063
1356334083486,0.6114711,0.30590707,-0.7297423,0.768689,-0.010916173,0.63952947,0.18767062,-0.9519987,-0.24182236
1356334083528,0.6253233,0.28788525,-0.7253226,0.75519437,0.010917813,0.65541005,0.19660184,-0.95760274,-0.21058217
1356334083566,0.6463113,0.25653583,-0.7186592,0.7365659,0.03634361,0.6753886,0.19937998,-0.96585107,-0.16546622
1356334083609,0.66817003,0.21792245,-0.71137804,0.7171556,0.065915085,0.693789,0.19808275,-0.9737377,-0.112241834
1356334083636,0.6819486,0.1807405,-0.70871645,0.704828,0.09641559,0.70279557,0.19535494,-0.9787937,-0.0616405
1356334083678,0.6963851,0.14247137,-0.70338446,0.69170415,0.12799865,0.7107473,0.19129342,-0.9814878,-0.009411678
1356334083717,0.70226395,0.1058422,-0.70400476,0.6868439,0.15940002,0.70911014,0.18727213,-0.9815239,0.039243832
1356334083760,0.69882315,0.07286337,-0.7115737,0.69102097,0.18818551,0.69790846,0.18475983,-0.9794269,0.08115828
1356334083797,0.68307835,0.04440838,-0.72899365,0.7067455,0.2114951,0.6751152,0.18415937,-0.9763696,0.11308232
1356334083841,0.65740854,0.022059679,-0.7532114,0.73051804,0.22650445,0.6442353,0.18481734,-0.9737603,0.13279097
1356334083877,0.6212264,0.003856808,-0.78362167,0.7617004,0.2319483,0.6049896,0.18409306,-0.97272044,0.14115465
1356334083918,0.5801907,-0.0077440143,-0.8144439,0.79445416,0.22576039,0.5638039,0.17950308,-0.9741521,0.13713634
1356334083958,0.5370846,-0.012436658,-0.8434367,0.826139,0.20973685,0.52297705,0.1703957,-0.97767884,0.12292081
1356334083996,0.49831665,-0.010243654,-0.86693466,0.85257584,0.18739785,0.48784894,0.15746441,-0.9822307,0.10211694
1356334084038,0.47097975,-0.002404362,-0.8821408,0.8706417,0.16222666,0.4643982,0.14199024,-0.98675066,0.07849878
1356334084077,0.4601227,0.009289324,-0.8878068,0.8789981,0.13612504,0.4569818,0.12509778,-0.99064815,0.05446893
1356334084119,0.46811575,0.023280293,-0.8833605,0.87707126,0.10967158,0.4676732,0.107767105,-0.99369526,0.030920535
1356334084157,0.49341425,0.03930649,-0.8689058,0.86498284,0.08275649,0.49493018,0.09136155,-0.9957943,0.0068337917
1356334084199,0.5270051,0.0605385,-0.8477032,0.84616923,0.055507258,0.5300155,0.07913998,-0.9966213,-0.021973193
1356334084237,0.55285865,0.09474999,-0.8278706,0.8296031,0.030580238,0.5575155,0.07814106,-0.99503124,-0.061698347
1356334084280,0.54584527,0.15358877,-0.82368886,0.8320002,0.016962707,0.55451596,0.09913942,-0.9879893,-0.118526876
1356334084317,0.51154864,0.22486565,-0.829309,0.8483405,0.021168262,0.52902776,0.13651523,-0.9741599,-0.17993405
1356334084358,0.4592574,0.29195768,-0.8389537,0.8688802,0.048775047,0.4926135,0.18474227,-0.95518667,-0.23127595
1356334084397,0.42710936,0.3329697,-0.84065974,0.8760003,0.07800483,0.4759608,0.22405604,-0.93970543,-0.25836492
1356334084438,0.43709856,0.34294128,-0.8314662,0.864537,0.09473824,0.49355888,0.24803337,-0.9345672,-0.25507548
1356334084480,0.48360845,0.3268025,-0.81198704,0.8369614,0.09883836,0.53826255,0.25616097,-0.9399101,-0.22572199
1356334084517,0.5418525,0.29583108,-0.7866892,0.80129325,0.1006214,0.5897496,0.25362402,-0.949926,-0.18252549
1356334084558,0.60665995,0.253838,-0.75334585,0.7568529,0.10546434,0.64502007,0.24318174,-0.96147984,-0.12813705
1356334084597,0.66353714,0.20705485,-0.7189205,0.71239966,0.118607216,0.6916784,0.22848453,-0.9711131,-0.068805516
1356334084639,0.7068974,0.15995654,-0.688992,0.6748482,0.13921499,0.7247062,0.2118395,-0.97725797,-0.009535685
1356334084668,0.7302416,0.11747655,-0.6730129,0.6543853,0.16275099,0.73843884,0.19628279,-0.9796486,0.041972607
1356334084708,0.7417081,0.08034003,-0.6658938,0.64535385,0.18498236,0.7411477,0.18272243,-0.97945243,0.08535518
1356334084747,0.7328566,0.04783511,-0.67869955,0.65783983,0.20483306,0.724769,0.17368948,-0.9776273,0.118645415
1356334084791,0.70406777,0.020230085,-0.7098446,0.6893927,0.22034577,0.690062,0.17037126,-0.97521204,0.14119188
1356334084827,0.6573109,-0.003011465,-0.7536135,0.73409,0.22873603,0.6393682,0.1704531,-0.9734838,0.15256138
1356334084870,0.5972213,-0.021344513,-0.80179244,0.78408325,0.22608845,0.57801175,0.16893864,-0.9738729,0.15176071
1356334084907,0.53167874,-0.034032583,-0.8462621,0.8311647,0.21295516,0.51362956,0.16273573,-0.97646904,0.1415104
1356334084948,0.46751356,-0.037175864,-0.88320386,0.87131655,0.18792732,0.45331094,0.14912593,-0.98147917,0.12025049
1356334084989,0.41763622,-0.03142345,-0.9080707,0.89892125,0.15987998,0.40789562,0.13236484,-0.9866361,0.09501889
1356334085060,0.38507867,-0.016733319,-0.9227321,0.9161502,0.12749022,0.38001993,0.11128035,-0.99169874,0.06442398
1356334085072,0.39578986,0.0031868815,-0.91833556,0.9137691,0.098293364,0.39416286,0.091522425,-0.99515235,0.03599146
1356334085103,0.4386432,0.022682399,-0.89837503,0.8955395,0.07222101,0.43908218,0.07484099,-0.99713075,0.011366248
1356334085148,0.4895336,0.042057157,-0.87096965,0.86981016,0.046939895,0.4911485,0.06153956,-0.99801195,-0.013603091
1356334085187,0.55849826,0.067469954,-0.8267572,0.8276974,0.02044715,0.5608021,0.054742128,-0.99751174,-0.04442501
1356334085230,0.61060554,0.11069617,-0.78416026,0.7894206,-0.006237939,0.61382097,0.06305608,-0.9938347,-0.091194764
1356334085266,0.6353694,0.17327026,-0.75251794,0.76707137,-0.0294002,0.64088774,0.08892265,-0.98443544,-0.15159066
1356334085320,0.6107567,0.25432417,-0.7498636,0.78031445,-0.032477804,0.6245434,0.13448259,-0.9665735,-0.2182889
1356334085348,0.58360696,0.32360595,-0.7447698,0.7914446,-0.02144257,0.61086476,0.18170974,-0.94594896,-0.26863024
1356334085393,0.59197927,0.361529,-0.7203175,0.7753813,-0.011648722,0.63138586,0.21987352,-0.9322881,-0.28721863
1356334085427,0.636947,0.37050435,-0.67603624,0.73154974,-0.013874173,0.6816468,0.24317364,-0.92872703,-0.27987948
1356334085468,0.7121685,0.3522304,-0.60724765,0.65545094,-0.023859803,0.75486076,0.25139612,-0.9356091,-0.24786195
1356334085508,0.7905272,0.3166678,-0.52420235,0.56003433,-0.02739224,0.82801634,0.247847,-0.9481408,-0.19899915
1356334085546,0.8535893,0.2753622,-0.4422228,0.46397203,-0.015837938,0.8857083,0.23688665,-0.9612101,-0.14127944
1356334085588,0.8982142,0.23520604,-0.37133452,0.37955537,0.011056781,0.92510295,0.22169557,-0.9718826,-0.079342365
1356334085627,0.9264063,0.20007062,-0.31897205,0.31572986,0.048791796,0.9475938,0.20514894,-0.9785658,-0.017967246
1356334085669,0.9419293,0.17121193,-0.28888702,0.2768582,0.09092909,0.9565989,0.19004937,-0.9810293,0.038247343
1356334085696,0.94771314,0.1482149,-0.28261662,0.26453975,0.13045472,0.9555105,0.17848958,-0.9803132,0.08442491
1356334085738,0.94665354,0.13162807,-0.29414472,0.27187222,0.16382843,0.94828564,0.17301027,-0.97766775,0.11930275
1356334085777,0.9365598,0.11738721,-0.3302667,0.30534115,0.18943915,0.9332093,0.17211229,-0.9748503,0.14157793
1356334085818,0.91796446,0.10285738,-0.38309476,0.3575304,0.20373338,0.911408,0.1717942,-0.9736082,0.15024537
1356334085858,0.89110357,0.08663018,-0.4454543,0.42152137,0.2055811,0.88320786,0.16808945,-0.97479826,0.14667758
1356334085903,0.8582099,0.071115434,-0.50834864,0.4883846,0.19166663,0.85131925,0.15797542,-0.9788802,0.1297585
1356334085937,0.8218127,0.058781266,-0.56671745,0.55108607,0.17054486,0.8168345,0.1446653,-0.9835951,0.1077624
1356334085981,0.79030395,0.05159512,-0.61053884,0.5994563,0.14106181,0.7878792,0.12677446,-0.98865545,0.08055268
1356334086018,0.77517605,0.04980874,-0.6297788,0.6223926,0.11068955,0.774839,0.108303726,-0.9926062,0.054803282
1356334086057,0.7783632,0.05039507,-0.62578833,0.6215273,0.07885566,0.7794136,0.08862552,-0.9956114,0.030056447
1356334086098,0.8034347,0.051907986,-0.59312576,0.5913724,0.04600101,0.80508536,0.06907469,-0.9975918,0.0062618777
1356334086138,0.8399422,0.05420026,-0.5399624,0.5401764,0.011882961,0.8414679,0.05202414,-0.9984594,-0.019296698
1356334086178,0.87248456,0.06396513,-0.48443693,0.48664373,-0.024185237,0.8732657,0.044142306,-0.997659,-0.052229464
1356334086218,0.8858348,0.09478749,-0.45421582,0.4606396,-0.06203726,0.88541657,0.05574815,-0.99356264,-0.09861765
1356334086261,0.86413825,0.16416195,-0.47572675,0.49368402,-0.09304398,0.86464953,0.09767905,-0.9820354,-0.16144699
1356334086295,0.82098097,0.24704385,-0.51474226,0.55048835,-0.10326916,0.82843107,0.15150183,-0.9634858,-0.22077678
1356334086338,0.77118033,0.3193516,-0.5507227,0.60233516,-0.08597243,0.7936002,0.20609048,-0.94372845,-0.25865692
1356334086380,0.74100006,0.3581149,-0.5680428,0.6250834,-0.0587973,0.77834034,0.24533588,-0.9318243,-0.26742047
1356334086419,0.7455002,0.35785317,-0.56229043,0.61203825,-0.033531934,0.79011697,0.26389113,-0.9331756,-0.24401788
1356334086457,0.7632983,0.33343053,-0.5533532,0.58921677,-0.008021623,0.80793524,0.26495147,-0.94274056,-0.20258574
1356334086498,0.79136455,0.28930914,-0.5385558,0.5577468,0.019040555,0.8297927,0.25032103,-0.95704633,-0.14629324
