1356334010307,0.49911913,-0.043596447,-0.86543596,0.8585489,0.16014734,0.48707965,0.11736229,-0.9861299,0.11736229
1356334010341,-0.8670432,-0.044128045,0.49627495,-0.4842112,-0.1600135,-0.86019486,0.11736941,-0.98612803,0.11737132
1356334010374,-0.8670799,-0.04419321,0.4962048,-0.48412412,-0.16009617,-0.8602284,0.11745678,-0.98611164,0.11742121
1356334010405,-0.86725324,-0.044459105,0.49587822,-0.4837466,-0.16028178,-0.8604063,0.117733106,-0.98606956,0.11749786
1356334010444,-0.86796254,-0.045622095,0.49452984,-0.48221487,-0.16075194,-0.8611781,0.11878537,-0.9859399,0.11752695
1356334010474,-0.86948335,-0.047675163,0.49165612,-0.47905555,-0.16128838,-0.8628394,0.12043445,-0.98575515,0.1173985
1356334010514,-0.8724463,-0.05199428,0.48593616,-0.4728071,-0.16178936,-0.86618567,0.12365599,-0.98545456,0.11656934
1356334010544,-0.87703997,-0.057737574,0.47693545,-0.4632131,-0.16166592,-0.871377,0.1274154,-0.9851551,0.11504263
1356334010584,-0.88319165,-0.06617813,0.46432,-0.44991398,-0.16008782,-0.8786065,0.1324765,-0.98488194,0.11161369
1356334010614,-0.8905838,-0.075339556,0.4485361,-0.43354785,-0.15744501,-0.88726974,0.13746624,-0.9846498,0.107554555
1356334010645,-0.89773476,-0.08440302,0.4323753,-0.41695815,-0.15399504,-0.89578533,0.14219064,-0.9844601,0.103054166
1356334010684,-0.904695,-0.09362395,0.41564596,-0.39998114,-0.14943463,-0.904259,0.1467722,-0.98432916,0.09774494
1356334010714,-0.9114733,-0.10181071,0.39856118,-0.38280976,-0.14472497,-0.91242063,0.15057594,-0.98422015,0.09293878
1356334010754,-0.916987,-0.10817547,0.3839702,-0.36827797,-0.14037162,-0.91905785,0.15331799,-0.98417175,0.08888018
1356334010785,-0.9215446,-0.11260576,0.37158525,-0.35602352,-0.13680577,-0.92440873,0.15492874,-0.98417693,0.08598226
1356334010824,-0.92466205,-0.114298366,0.36323,-0.34787264,-0.1343981,-0.9278587,0.15487015,-0.9843135,0.08451146
1356334010855,-0.9267689,-0.114332356,0.3578095,-0.34271464,-0.1325844,-0.9300366,0.15377322,-0.98455554,0.08369166
1356334010894,-0.9278968,-0.11267763,0.35540324,-0.34072986,-0.1307168,-0.9310298,0.15136337,-0.98499596,0.082899034
1356334010925,-0.928352,-0.11046666,0.35490808,-0.34073597,-0.12863028,-0.93131804,0.14853153,-0.98552084,0.081774235
1356334010965,-0.92830265,-0.10778563,0.35586026,-0.34232622,-0.12584728,-0.93111503,0.14514485,-0.98617685,0.07992643
1356334010998,-0.927864,-0.10522199,0.3577665,-0.34483787,-0.12313998,-0.9305501,0.14196968,-0.9867953,0.07797259
1356334011036,-0.9273059,-0.1031578,0.3598085,-0.34734613,-0.12104559,-0.9298917,0.13947883,-0.98727214,0.07641488
1356334011077,-0.9268527,-0.10239288,0.36119214,-0.34879416,-0.121037245,-0.9293507,0.13887659,-0.9873529,0.07646966
1356334011113,-0.92681146,-0.10384209,0.3608842,-0.3478541,-0.12467432,-0.92922217,0.14148533,-0.98674875,0.07942772
1356334011144,-0.92709774,-0.10681602,0.3592774,-0.34512228,-0.13066232,-0.92941815,0.14622077,-0.9856561,0.08427209
1356334011175,-0.92786044,-0.11160632,0.35583553,-0.33995354,-0.13914919,-0.9300909,0.15331826,-0.9839622,0.09117013
1356334011205,-0.92907876,-0.11825395,0.35046887,-0.3322411,-0.14963955,-0.9312485,0.16256784,-0.9816435,0.09973824
1356334011245,-0.9311685,-0.12903163,0.3409925,-0.31920174,-0.16339993,-0.9334938,0.17616838,-0.97808546,0.11096579
1356334011277,-0.9334186,-0.14132646,0.32978293,-0.30411425,-0.176076,-0.93622214,0.19037977,-0.97417873,0.12137306
1356334011315,-0.93591636,-0.15649728,0.31554598,-0.28559756,-0.18713772,-0.9399008,0.20614247,-0.96978766,0.13044995
1356334011366,-0.9385635,-0.17583686,0.29695138,-0.262281,-0.19579452,-0.9449197,0.22429314,-0.9647517,0.1376468
1356334011407,-0.94033617,-0.19347292,0.2798861,-0.24122557,-0.2010392,-0.9494175,0.23995462,-0.9602872,0.14237374
1356334011446,-0.9413692,-0.20846489,0.2652667,-0.22365838,-0.20305073,-0.9532824,0.25258848,-0.9567198,0.14452076
1356334011486,-0.94187516,-0.22113879,0.25292057,-0.20950861,-0.20189697,-0.95673597,0.26263535,-0.9541149,0.14383125
1356334011526,-0.94204885,-0.23222002,0.24211144,-0.1978673,-0.19818568,-0.9599849,0.27091074,-0.9522586,0.14075178
1356334011567,-0.9420787,-0.24250868,0.23168325,-0.18752488,-0.19185597,-0.9633409,0.27806836,-0.95098937,0.13526708
1356334011606,-0.9421061,-0.2512083,0.22210431,-0.17896229,-0.18345243,-0.96660113,0.2835638,-0.95038915,0.12787491
1356334011648,-0.9422975,-0.2565378,0.21509036,-0.17450444,-0.17191267,-0.969533,0.28569862,-0.9511227,0.117225826
1356334011686,-0.9428544,-0.25711265,0.21194023,-0.17541942,-0.15776145,-0.97177124,0.28329068,-0.9534172,0.10364354
1356334011718,-0.94363713,-0.25330362,0.2130403,-0.18159586,-0.14190406,-0.97308075,0.27671617,-0.9569224,0.087907135
1356334011756,-0.9442385,-0.24360383,0.22151902,-0.19664213,-0.12240249,-0.9728049,0.2640935,-0.96211994,0.06767452
1356334011797,-0.94409496,-0.22959544,0.23658104,-0.21920715,-0.09881604,-0.9706614,0.24623744,-0.96825683,0.04296285
1356334011848,-0.9421957,-0.21323974,0.25844967,-0.24932863,-0.06909299,-0.9659511,0.2238362,-0.9745538,0.011932313
1356334011876,-0.93727744,-0.20093891,0.2848413,-0.28209683,-0.042788208,-0.9584313,0.20477398,-0.97866887,-0.016579807
1356334011918,-0.93112314,-0.19539201,0.30794752,-0.31085575,-0.016389608,-0.9503158,0.19073126,-0.98058826,-0.045477986
1356334011959,-0.9220347,-0.19793522,0.33267665,-0.34083992,0.0076804757,-0.94009,0.1835218,-0.9801851,-0.07454586
1356334012000,-0.91139805,-0.21158591,0.35296598,-0.36712858,0.030525088,-0.9296692,0.18593058,-0.97688264,-0.105499744
1356334012040,-0.89944965,-0.23693284,0.36722368,-0.38905117,0.05134535,-0.9197841,0.19907182,-0.9701683,-0.13836163
1356334012097,-0.88957566,-0.27617574,0.3638436,-0.3967039,0.072215855,-0.9151015,0.22645357,-0.95839024,-0.17380142
1356334012117,-0.880583,-0.32529545,0.34461054,-0.3920045,0.09139997,-0.91541165,0.26628187,-0.9411848,-0.20800257
1356334012149,-0.8693438,-0.3713951,0.32604742,-0.38781577,0.10372901,-0.9158817,0.30633342,-0.92266244,-0.234209
1356334012186,-0.85709614,-0.40788418,0.31466913,-0.38594717,0.10382694,-0.9166596,0.34121978,-0.90711105,-0.24641144
1356334012226,-0.84319544,-0.4290423,0.3239509,-0.39478472,0.08512783,-0.9148214,0.3649199,-0.8992641,-0.24115872
1356334012278,-0.8281755,-0.4328443,0.3560495,-0.41559765,0.048044026,-0.9082788,0.37603727,-0.9001876,-0.21967793
1356334012298,-0.814636,-0.42567098,0.39391923,-0.43846142,0.007432103,-0.8987193,0.37963104,-0.9048475,-0.19269478
1356334012354,-0.79873174,-0.401003,0.4485802,-0.4716915,-0.04553348,-0.8805872,0.37354356,-0.9149444,-0.15278065
1356334012379,-0.7842037,-0.36318415,0.50311226,-0.50445753,-0.09897143,-0.8577455,0.36131328,-0.92644596,-0.10559726
1356334012437,-0.771888,-0.3166815,0.5512728,-0.5338658,-0.14797604,-0.83252054,0.34521902,-0.9369183,-0.0548445
1356334012461,-0.76406103,-0.26773983,0.5869634,-0.55599,-0.1882199,-0.8095977,0.32723972,-0.9449279,-0.005049169
1356334012500,-0.7605015,-0.22020276,0.61085856,-0.5714001,-0.21992373,-0.7906551,0.3084467,-0.950339,0.041428447
1356334012558,-0.7627664,-0.17812459,0.6216584,-0.577882,-0.24370766,-0.77888316,0.29024112,-0.9533511,0.08295697
1356334012590,-0.7799921,-0.15301241,0.6067945,-0.56153744,-0.2568351,-0.7865821,0.27620295,-0.9542656,0.11440718
1356334012629,-0.80738693,-0.14461686,0.57202464,-0.5264634,-0.26114,-0.80909956,0.266388,-0.9544065,0.1347056
1356334012673,-0.8392625,-0.14869346,0.52299976,-0.47839266,-0.25521588,-0.8402412,0.2584162,-0.9553821,0.14305925
1356334012706,-0.87027997,-0.1580363,0.46651608,-0.42445523,-0.23990917,-0.8730872,0.249901,-0.9578455,0.14170891
1356334012749,-0.895042,-0.16607109,0.4139087,-0.3765101,-0.2160688,-0.90086323,0.23904005,-0.9621511,0.13086307
1356334012794,-0.91304815,-0.1700844,0.37069452,-0.33942294,-0.1870513,-0.92184806,0.2261309,-0.9675139,0.1130563
1356334012836,-0.9244612,-0.16979825,0.34137973,-0.31676704,-0.15627784,-0.93554044,0.21220323,-0.97300863,0.09068632
1356334012866,-0.92952615,-0.1667949,0.3288777,-0.31050366,-0.12707126,-0.9420405,0.19891846,-0.9777691,0.066325724
1356334012909,-0.92824954,-0.16356331,0.3340653,-0.32123137,-0.10026163,-0.9416782,0.18751797,-0.98142475,0.04052627
1356334012950,-0.9193639,-0.16279408,0.35814506,-0.35008827,-0.07674712,-0.9335673,0.17946588,-0.9836706,0.013566375
1356334012992,-0.9035806,-0.16989082,0.39329275,-0.3899334,-0.054141343,-0.91925,0.17746553,-0.98397446,-0.017325044
1356334013028,-0.88121367,-0.18965034,0.4330073,-0.4351766,-0.03227955,-0.8997663,0.18461823,-0.981321,-0.054086268
1356334013070,-0.8642219,-0.23190182,0.44647732,-0.45796293,-0.0048211813,-0.88895816,0.2083036,-0.97272724,-0.10203582
1356334013113,-0.85212463,-0.29171836,0.43449268,-0.46117556,0.026110291,-0.8869246,0.2473875,-0.9561478,-0.15678257
1356334013140,-0.8408177,-0.35251054,0.4108063,-0.45672145,0.054612696,-0.88793176,0.29057014,-0.93421286,-0.20691842
1356334013201,-0.83032006,-0.4053874,0.38239986,-0.446981,0.07463664,-0.8914243,0.33283114,-0.911093,-0.24317276
1356334013218,-0.81199604,-0.43987018,0.3836361,-0.45638508,0.06877345,-0.88712054,0.36383387,-0.8954242,-0.25659394
1356334013260,-0.7819696,-0.45126346,0.42998224,-0.49478325,0.029836655,-0.868504,0.37909496,-0.8918918,-0.24660891
1356334013292,-0.74137944,-0.44261885,0.5044256,-0.55110425,-0.02735418,-0.83398795,0.38293692,-0.89629257,-0.22364926
1356334013344,-0.68171805,-0.4064439,0.6083286,-0.6278222,-0.101914406,-0.77165574,0.37563226,-0.90797395,-0.18569762
1356334013369,-0.5990029,-0.33974093,0.7251011,-0.71522206,-0.18019134,-0.67526925,0.36007357,-0.92309654,-0.13505507
1356334013412,-0.5041811,-0.2524775,0.8258671,-0.79338634,-0.24228686,-0.558422,0.34108573,-0.93677753,-0.078155756
1356334013457,-0.41338152,-0.15988046,0.8964118,-0.8516471,-0.28046435,-0.4427607,0.32220033,-0.9464555,-0.020222902
1356334013490,-0.3418553,-0.07623914,0.936655,-0.8886423,-0.29799587,-0.34858736,0.30569535,-0.9515177,0.03412217
1356334013530,-0.30492055,-0.0145839155,0.9522661,-0.9060811,-0.30351543,-0.2947802,0.2933266,-0.95271486,0.07933393
1356334013570,-0.30580765,0.020730466,0.9518676,-0.9078759,-0.30748814,-0.28497773,0.28678024,-0.9513261,0.1128529
1356334013609,-0.35133982,0.025945395,0.93588847,-0.8912339,-0.3154952,-0.32582968,0.2868145,-0.94857246,0.1339694
1356334013652,-0.44409567,-0.0023432076,0.8959763,-0.8468144,-0.32560402,-0.42057982,0.29271898,-0.94550335,0.14261505
1356334013706,-0.5782677,-0.06447399,0.8132955,-0.75876236,-0.32383287,-0.56516546,0.29981026,-0.94391495,0.13834167
1356334013742,-0.7088052,-0.13294104,0.6927639,-0.63773,-0.29897368,-0.7098698,0.301489,-0.94495577,0.12713361
1356334013781,-0.79397225,-0.17978728,0.580762,-0.5311269,-0.25970054,-0.80651087,0.2958246,-0.94880563,0.11070514
1356334013828,-0.8368134,-0.19941749,0.5098784,-0.47049785,-0.21427941,-0.8559884,0.2799555,-0.9561993,0.08548647
1356334013869,-0.848192,-0.20133197,0.48993444,-0.45972627,-0.17961836,-0.8697063,0.26310086,-0.96291363,0.059793234
1356334013915,-0.8398892,-0.19705252,0.5057237,-0.48332757,-0.15239322,-0.86207354,0.24694261,-0.9684764,0.032752454
1356334013946,-0.803424,-0.1890109,0.5646104,-0.547576,-0.13783276,-0.8253258,0.23381734,-0.9722536,0.007240176
1356334013991,-0.7495859,-0.18592146,0.63525903,-0.6224544,-0.12839144,-0.7720532,0.22510312,-0.97414,-0.019487143
1356334014037,-0.6662116,-0.18784657,0.7217172,-0.7118192,-0.12847179,-0.69051313,0.22243081,-0.97376,-0.04812342
1356334014069,-0.58279777,-0.20702815,0.78580296,-0.77888775,-0.13339412,-0.6128131,0.23169103,-0.96919835,-0.08350992
1356334014106,-0.5097716,-0.24807361,0.8237671,-0.8205899,-0.14737904,-0.552188,0.2583893,-0.95746475,-0.12843704
1356334014149,-0.45197922,-0.30661675,0.8376759,-0.8392745,-0.1719796,-0.5157919,0.30221364,-0.93616736,-0.17960441
1356334014201,-0.3958711,-0.3632486,0.84340763,-0.8478391,-0.20825654,-0.48764545,0.35278162,-0.9081188,-0.2255336
1356334014218,-0.3256051,-0.39485252,0.85911167,-0.85967946,-0.2546289,-0.44284916,0.39361477,-0.88275456,-0.2565381
1356334014258,-0.23486787,-0.38245597,0.8936244,-0.8774859,-0.31206888,-0.36418638,0.41815758,-0.8696784,-0.26230478
1356334014303,-0.13086444,-0.32691976,0.93594754,-0.89560044,-0.3658923,-0.2530267,0.42517552,-0.8713473,-0.2449072
1356334014357,-0.03572625,-0.24726054,0.9682902,-0.9074787,-0.39779472,-0.13506255,0.41857633,-0.883528,-0.21017203
1356334014387,0.03653747,-0.16263124,0.9860102,-0.9144869,-0.40329754,-0.03263226,0.40296248,-0.90050113,-0.1634596
1356334014410,0.08131015,-0.086694926,0.9929111,-0.9200367,-0.3896472,0.0413208,0.38330278,-0.9168745,-0.11144474
1356334014441,0.10085195,-0.02708605,0.9945327,-0.9258529,-0.36846346,0.08385232,0.3641777,-0.9292476,-0.062237978
1356334014491,0.110771954,0.028960079,0.9934238,-0.932006,-0.34406304,0.11395359,0.34510055,-0.9384998,-0.011121571
1356334014525,0.10578966,0.076934904,0.9914079,-0.9388038,-0.320939,0.12508184,0.32780468,-0.9439699,0.038274795
1356334014556,0.087013304,0.11292893,0.9897857,-0.9454623,-0.3036971,0.11776686,0.3138944,-0.9460523,0.08034441
1356334014599,0.062532544,0.13961512,0.9882294,-0.95004493,-0.29504484,0.10179964,0.30578482,-0.9452281,0.11419076
1356334014642,0.024009526,0.15185523,0.98811114,-0.9521941,-0.29762816,0.06887701,0.30454898,-0.9425273,0.13744965
1356334014691,-0.03151679,0.14627907,0.98874116,-0.950845,-0.30928165,0.015447736,0.30805922,-0.93965274,0.14883628
1356334014727,-0.10447395,0.12264004,0.98693705,-0.94472146,-0.32234704,-0.05994925,0.310784,-0.9386437,0.14953753
1356334014772,-0.18848449,0.085638046,0.9783352,-0.932233,-0.32893497,-0.15080938,0.30889362,-0.9404615,0.14183375
1356334014916,-0.27776647,0.037348747,0.9599223,-0.91305286,-0.3208927,-0.25171885,0.29863063,-0.9463788,0.1232346
1356334014931,-0.36096185,-0.010975212,0.9325159,-0.8886862,-0.29911375,-0.3475165,0.28274244,-0.95415425,0.09821516
1356334014948,-0.4230985,-0.04848987,0.9047853,-0.8661072,-0.27169305,-0.41957253,0.26616886,-0.96116155,0.07295549
1356334014984,-0.4629354,-0.076446414,0.8830893,-0.8505099,-0.24228567,-0.46683043,0.24964735,-0.96718854,0.047144175
1356334014987,-0.47745132,-0.09564978,0.87343645,-0.84652835,-0.21628231,-0.4864275,0.23543558,-0.9716342,0.022294104
1356334015010,-0.47618783,-0.11415094,0.8719029,-0.8499366,-0.19452941,-0.4896591,0.22550577,-0.97423196,-0.004388571
1356334015051,-0.4633097,-0.1393953,0.87516457,-0.85745114,-0.17897093,-0.48243853,0.22387868,-0.9739293,-0.036605656
1356334015092,-0.4501713,-0.18263534,0.8740653,-0.86073947,-0.17175281,-0.4791957,0.23764125,-0.96806264,-0.07988328
1356334015140,-0.43964928,-0.24710074,0.86351013,-0.8563571,-0.17459989,-0.48597062,0.27085248,-0.95312965,-0.13484377
1356334015298,-0.42634463,-0.3205035,0.8458768,-0.84702706,-0.18672347,-0.49767405,0.31745133,-0.9286613,-0.19186664
1356334015300,-0.40050477,-0.37734765,0.8349878,-0.84178895,-0.20841104,-0.49795204,0.36192173,-0.9023157,-0.23417747
1356334015301,-0.35875314,-0.39760995,0.84451324,-0.8473215,-0.24083358,-0.47333434,0.39158958,-0.88538444,-0.25050366
1356334015309,-0.30428845,-0.37436336,0.87593406,-0.86359185,-0.2796588,-0.41952366,0.40201694,-0.88410574,-0.23820013
1356334015363,-0.24712777,-0.31915408,0.91491455,-0.8840161,-0.3123843,-0.3477523,0.39679152,-0.8947383,-0.20493847
1356334015757,-0.19620663,-0.2449624,0.9494716,-0.9037898,-0.33041328,-0.27201277,0.38035098,-0.9114935,-0.15656519
1356334015878,-0.16096622,-0.17192087,0.97187096,-0.9188986,-0.33323413,-0.21114072,0.36016005,-0.92703736,-0.10433844
1356334015985,-0.1407196,-0.10471496,0.9844961,-0.9300728,-0.32686222,-0.16770694,0.33935603,-0.93925273,-0.05139655
1356334016000,-0.13282692,-0.039410323,0.9903554,-0.9384501,-0.31645018,-0.13845822,0.31885478,-0.94779015,0.005048454
1356334016017,-0.14679396,0.008203626,0.9891331,-0.94155455,-0.30766273,-0.13718128,0.30319396,-0.9514601,0.0528872
1356334016030,-0.17212087,0.038814723,0.9843108,-0.9398563,-0.30574113,-0.15229091,0.29503316,-0.95132315,0.08910468
1356334016051,-0.20970708,0.05000177,0.97648495,-0.9322834,-0.31127203,-0.18427551,0.29473835,-0.94900453,0.11189172
1356334016052,-0.25805956,0.04450789,0.96510315,-0.9191444,-0.3190391,-0.2310574,0.29762182,-0.9466958,0.12324032
1356334016068,-0.3119539,0.024392843,0.94978404,-0.9017023,-0.3225829,-0.2878769,0.29936197,-0.9462268,0.122626126
1356334016071,-0.3715467,-0.005466342,0.92839813,-0.8800566,-0.31644803,-0.3540635,0.2957252,-0.9485941,0.11276451
1356334016072,-0.4318244,-0.039041936,0.9011123,-0.85568315,-0.29816234,-0.4229724,0.2851914,-0.9537164,0.09534615
1356334016084,-0.48862088,-0.07077354,0.8696209,-0.8297834,-0.27033824,-0.4882384,0.26964614,-0.96016055,0.073366225
1356334016086,-0.53735745,-0.09647468,0.8378184,-0.8046304,-0.23892814,-0.5435839,0.25262043,-0.96623296,0.05076331
1356334016088,-0.57526124,-0.11580181,0.809731,-0.7833627,-0.20690244,-0.5861179,0.23540887,-0.971484,0.028308213
1356334016108,-0.601268,-0.12958178,0.78847027,-0.768072,-0.17835408,-0.61502457,0.22032285,-0.9753965,0.007710457
1356334016109,-0.61783934,-0.14217243,0.7733445,-0.7582128,-0.15282017,-0.633845,0.20829788,-0.97797394,-0.01337868
1356334016111,-0.62423027,-0.15622666,0.7654606,-0.7550093,-0.13112599,-0.64246947,0.20074263,-0.9789787,-0.03609985
1356334016112,-0.6274746,-0.18774134,0.75566447,-0.75068593,-0.11183339,-0.65112513,0.20675161,-0.9758312,-0.07076216
1356334016122,-0.6217991,-0.2355212,0.7469241,-0.7497115,-0.09680885,-0.6546455,0.22649175,-0.9670356,-0.116377294
1356334016123,-0.61375666,-0.30411255,0.7285728,-0.7442397,-0.08508712,-0.6624707,0.26345783,-0.9488286,-0.17410988
1356334016155,-0.6002094,-0.36936486,0.7094493,-0.7407993,-0.07774997,-0.66721165,0.30160415,-0.9260262,-0.22695893
1356334016201,-0.5859217,-0.4191745,0.69353336,-0.7376328,-0.07849866,-0.6706235,0.33554965,-0.9045058,-0.2632028
1356334016245,-0.57346743,-0.44649392,0.68686116,-0.7366274,-0.08585405,-0.6708272,0.3584901,-0.8906583,-0.27966517
1356334016264,-0.5645254,-0.4438271,0.69593716,-0.7390432,-0.103703976,-0.665628,0.36759517,-0.8900916,-0.26946384
1356334016310,-0.56234694,-0.41740316,0.71382105,-0.7420532,-0.12616336,-0.6583615,0.36486018,-0.89992076,-0.23878777
1356334016339,-0.5686134,-0.38481963,0.72704375,-0.7410499,-0.14405513,-0.6558149,0.35710487,-0.9116808,-0.20325887
1356334016379,-0.57801366,-0.3381773,0.7426549,-0.7407763,-0.16427416,-0.65135586,0.34227276,-0.9266337,-0.15556103
1356334016420,-0.5971606,-0.28756505,0.7488028,-0.73352927,-0.18194294,-0.6548523,0.32455206,-0.94032073,-0.102288246
1356334016476,-0.6238657,-0.23885804,0.7441361,-0.71870035,-0.19870508,-0.6663228,0.30702022,-0.9505068,-0.047702074
1356334016549,-0.65644574,-0.19492316,0.728755,-0.69561386,-0.2173838,-0.68473756,0.29189077,-0.9564252,0.007109463
1356334016550,-0.6996205,-0.16702986,0.69471735,-0.65691644,-0.23208821,-0.71735334,0.28105515,-0.95824635,0.05264902
1356334016573,-0.742002,-0.15549715,0.6521148,-0.61047834,-0.24524945,-0.75310624,0.2770366,-0.9569082,0.087047875
1356334016599,-0.78703064,-0.1584213,0.5962261,-0.5514095,-0.25274336,-0.7950274,0.27664143,-0.9544755,0.111561716
1356334016733,-0.82735264,-0.17647691,0.53323865,-0.48647857,-0.24939823,-0.83734053,0.28076005,-0.9521851,0.12048805
1356334016734,-0.8695632,-0.20002759,0.45149627,-0.4070012,-0.22747988,-0.8846485,0.27966037,-0.9530173,0.116396606
1356334016735,-0.9039057,-0.21621661,0.36905944,-0.3300671,-0.19618982,-0.9233447,0.27204818,-0.95643085,0.1059711
1356334016776,-0.92758805,-0.2184231,0.30310336,-0.27257845,-0.15917218,-0.94887567,0.25550202,-0.96278524,0.08810884
1356334016834,-0.9440614,-0.20928003,0.25485292,-0.23373546,-0.12051803,-0.96480215,0.2326282,-0.9704006,0.064860165
1356334016856,-0.95445013,-0.19452429,0.22624134,-0.21322459,-0.08571631,-0.97323585,0.2087106,-0.9771453,0.040334642
1356334016926,-0.9591308,-0.17701723,0.22075541,-0.21467961,-0.05301565,-0.9752446,0.18433858,-0.98277885,0.012846947
1356334016944,-0.95474017,-0.16328,0.24861804,-0.2475809,-0.027001977,-0.96849096,0.16484836,-0.9862102,-0.014645219
1356334016989,-0.9406926,-0.16027018,0.29901654,-0.30232662,-0.0039001703,-0.9531964,0.15393516,-0.98706543,-0.044785082
1356334017033,-0.91702366,-0.17683709,0.35748586,-0.36641967,0.019604385,-0.9302431,0.1574932,-0.98404485,-0.08277422
1356334017065,-0.8885616,-0.22151728,0.4017317,-0.42074293,0.044471502,-0.90608925,0.18284878,-0.9741419,-0.13271749
1356334017346,-0.860432,-0.29230213,0.41739213,-0.45375913,0.066805005,-0.88861674,0.2318607,-0.9539898,-0.19011593
1356334017347,-0.8288705,-0.3667304,0.42247194,-0.4788379,0.07456523,-0.874731,0.28928876,-0.92733425,-0.23740935
1356334017446,-0.78980094,-0.42211917,0.44500548,-0.51160955,0.053174198,-0.85757107,0.33833438,-0.9049795,-0.25795722
1356334017447,-0.7330088,-0.44482428,0.51461583,-0.5721207,-0.006049931,-0.8201471,0.3679347,-0.8955974,-0.25005853
1356334017449,-0.6438957,-0.42124286,0.63871187,-0.66622216,-0.10180527,-0.7387718,0.3762266,-0.9012159,-0.21508932
1356334017496,-0.5148772,-0.35067078,0.78226054,-0.7733493,-0.20374817,-0.6003479,0.3699086,-0.9140661,-0.1662857
1356334017504,-0.372984,-0.25663272,0.89164037,-0.85606956,-0.27540886,-0.43737274,0.35780984,-0.9264392,-0.11697227
1356334017505,-0.23937172,-0.15682253,0.9581795,-0.9086994,-0.3114342,-0.27798223,0.3420037,-0.9372382,-0.067956
1356334017536,-0.112155676,-0.048657447,0.99249864,-0.94106674,-0.31552368,-0.12181234,0.31908393,-0.9476694,-0.010402143
1356334017537,-0.027969182,0.034820437,0.99900216,-0.9545227,-0.2976898,-0.016347826,0.29682344,-0.9540275,0.041562945
1356334017562,0.025194049,0.09576723,0.9950849,-0.9601531,-0.2748263,0.050758988,0.27833652,-0.9567127,0.08502722
1356334018673,0.047688305,0.13503787,0.9896921,-0.9628737,-0.2573521,0.081510246,0.2657064,-0.9568357,0.11775181
1356334018687,0.047640443,0.15464741,0.9868204,-0.9637175,-0.25265008,0.08611858,0.26263827,-0.9551189,0.13700011
1356334018925,0.013287306,0.15131944,0.9883956,-0.9638832,-0.26101476,0.052918077,0.2659934,-0.9534011,0.14238614
1356334018927,-0.054624617,0.12925267,0.990106,-0.96201646,-0.2724293,-0.017510772,0.26747057,-0.9534548,0.13922456
1356334018931,-0.14386237,0.09555045,0.984974,-0.95362985,-0.2792909,-0.11219081,0.2643744,-0.9554405,0.13129917
1356334018933,-0.25811756,0.0463773,0.9649997,-0.93321073,-0.2704246,-0.23661825,0.24998593,-0.96162343,0.11308113
1356334018981,-0.37138999,-0.0032563508,0.9284712,-0.8997779,-0.24544251,-0.3607735,0.22906116,-0.9694056,0.08822501
1356334018982,-0.44967347,-0.038978487,0.89234215,-0.8685565,-0.21394312,-0.4470325,0.2083351,-0.9760682,0.0623495
1356334019259,-0.48054683,-0.06011796,0.874906,-0.8561671,-0.18384278,-0.48288688,0.1898753,-0.98111546,0.036874056
1356334019260,-0.4543451,-0.06939492,0.8881187,-0.87346625,-0.1611538,-0.45944127,0.17500657,-0.9844866,0.0126053095
1356334019296,-0.3899681,-0.077759564,0.9175393,-0.90588546,-0.14638406,-0.3974208,0.16521639,-0.98616695,-0.013356209
1356334019312,-0.33187973,-0.108044595,0.93711376,-0.92801285,-0.14085048,-0.344896,0.16925704,-0.9841176,-0.053521335
1356334019313,-0.2664504,-0.15903306,0.950638,-0.94460595,-0.15301102,-0.29035708,0.19163448,-0.97534406,-0.10945374
1356334019334,-0.24607646,-0.23553547,0.9401964,-0.94035757,-0.17706269,-0.29047593,0.23489115,-0.95560014,-0.17791659
1356334019336,-0.23106444,-0.31057104,0.92203844,-0.92982197,-0.20850295,-0.30324522,0.2864269,-0.9274008,-0.24059814
1356334019337,-0.18130732,-0.35120332,0.9185771,-0.9252595,-0.25555438,-0.28033343,0.33320042,-0.9007487,-0.2786203
1356334019339,-0.076336384,-0.3343265,0.93936074,-0.92875123,-0.31891674,-0.18897942,0.36275867,-0.88685846,-0.28616124
1356334019342,0.053002536,-0.26845682,0.9618325,-0.9257604,-0.37431246,-0.053459466,0.3743774,-0.8875929,-0.26836622
1356334019343,0.17037639,-0.17786261,0.9691939,-0.91281295,-0.3989481,0.08725172,0.37113923,-0.8995584,-0.23032665
1356334019344,0.24794134,-0.09411931,0.9641923,-0.8995464,-0.39184323,0.19306809,0.35964072,-0.9152052,-0.18181884
1356334019347,0.29164827,-0.023237765,0.95624334,-0.8924475,-0.3663562,0.26328805,0.34420747,-0.9301845,-0.12758562
1356334019348,0.3125718,0.039750785,0.949062,-0.89192975,-0.3313935,0.30763558,0.3267418,-0.94265485,-0.06812933
1356334019350,0.30390242,0.08514583,0.9488907,-0.90052015,-0.2994366,0.31527978,0.3109773,-0.95030946,-0.014324039
1356334019352,0.2819609,0.1204209,0.9518387,-0.91169345,-0.27539897,0.3049106,0.29885298,-0.95375794,0.03213519
1356334019353,0.24008429,0.142578,0.9602245,-0.9262563,-0.262394,0.27055264,0.290532,-0.9543694,0.069067076
1356334019355,0.18773669,0.15424049,0.9700334,-0.93954575,-0.2597384,0.22313601,0.28637156,-0.9532816,0.0961536
1356334019356,0.11803925,0.15230936,0.9812587,-0.9512784,-0.26611114,0.15573812,0.28484422,-0.95183337,0.11347699
1356334019357,0.124863744,0.15914309,0.97932756,-0.9512167,-0.26146972,0.1637691,0.28212723,-0.9520016,0.1187315
1356334019375,-0.08925897,0.09455544,0.99151003,-0.95727247,-0.28306693,-0.059182107,0.2750677,-0.9544278,0.115781546
1356334019376,-0.3253278,0.014345646,0.94549245,-0.90878385,-0.28103542,-0.308433,0.26129228,-0.95959014,0.10446578
1356334019377,-0.5300374,-0.057847887,0.8459989,-0.813113,-0.24844927,-0.52642214,0.24064016,-0.9669161,0.08465046
1356334019379,-0.67269176,-0.10440233,0.73252034,-0.7068422,-0.20203471,-0.6779058,0.21876943,-0.9737978,0.06211108
1356334019380,-0.75972694,-0.12779328,0.6375609,-0.6195464,-0.15543664,-0.76941645,0.19742654,-0.979545,0.038915455
1356334019382,-0.80965906,-0.13689765,0.57071114,-0.5592103,-0.11521733,-0.82098037,0.17814612,-0.98386174,0.016732275
1356334019401,-0.83650726,-0.14006095,0.5297533,-0.5234489,-0.08163965,-0.8481369,0.16203973,-0.98677146,-0.0050225854
1356334019402,-0.8497581,-0.14537217,0.5067329,-0.5049326,-0.051810443,-0.8616024,0.15150706,-0.9880196,-0.029376864
1356334019467,-0.85614926,-0.1590846,0.4916305,-0.494658,-0.02276957,-0.86878943,0.14940523,-0.9870024,-0.05919832
1356334019469,-0.8657863,-0.19287339,0.461751,-0.4726782,0.012269735,-0.8811497,0.16428474,-0.981147,-0.10179007
1356334019470,-0.8791702,-0.25458646,0.40279713,-0.42996478,0.059461594,-0.90088546,0.20540228,-0.9652202,-0.16174006
1356334019471,-0.8851161,-0.3245517,0.3335203,-0.385648,0.110408366,-0.9160162,0.26047117,-0.9394021,-0.22288698
1356334019472,-0.88218516,-0.38184735,0.27557552,-0.3531457,0.1493426,-0.9235718,0.3115083,-0.9120797,-0.2665956
1356334019508,-0.87571824,-0.4148912,0.24694693,-0.3376654,0.1606909,-0.92744833,0.3451081,-0.8955689,-0.2808144
1356334019509,-0.87112725,-0.42660528,0.2431978,-0.33339638,0.15019834,-0.9307455,0.36053306,-0.8918791,-0.27307057
1356334019511,-0.869727,-0.41535553,0.26656073,-0.34077355,0.114712894,-0.9331207,0.35699892,-0.90239716,-0.24131101
1356334019512,-0.8719697,-0.39342347,0.29135343,-0.34664002,0.07591593,-0.93492115,0.34570155,-0.9162177,-0.2025727
1356334019513,-0.87466556,-0.35201174,0.33323857,-0.3624621,0.01851219,-0.9318147,0.32184073,-0.9358125,-0.14378285
1356334019514,-0.8826206,-0.30638275,0.35652566,-0.36471698,-0.032190025,-0.93056184,0.29658467,-0.951364,-0.083331406
1356334019516,-0.89293057,-0.26176715,0.3662691,-0.35813862,-0.07993865,-0.9302401,0.27278537,-0.9618148,-0.022369325
1356334019517,-0.9088771,-0.2272321,0.3497258,-0.33078337,-0.11797655,-0.9363034,0.25401762,-0.9666681,0.032061517
1356334019518,-0.92817605,-0.20989634,0.30729923,-0.28035456,-0.14864057,-0.9483181,0.24472561,-0.9663589,0.079119146
1356334019519,-0.9507176,-0.2110904,0.2271056,-0.19470944,-0.16356218,-0.96712756,0.24129723,-0.9636848,0.11440009
1356334019520,-0.9633387,-0.22826663,0.14097086,-0.10437835,-0.16516721,-0.9807267,0.24715096,-0.95948637,0.13528591
1356334019530,-0.96694756,-0.25070128,0.046489082,-0.008453757,-0.15070558,-0.98854256,0.25483504,-0.9562619,0.143605
1356334019559,-0.9629008,-0.2670504,-0.03880862,0.075497895,-0.12852222,-0.98882866,0.2590793,-0.95507395,0.14391589
1356334019590,-0.9562538,-0.27307922,-0.104910634,0.1378155,-0.104195476,-0.984962,0.25804144,-0.9563321,0.13727194
1356334019630,-0.9528773,-0.26364282,-0.1500576,0.1758394,-0.07694411,-0.98140717,0.24719493,-0.96154666,0.11967707
1356334019672,-0.95144975,-0.24458192,-0.18687709,0.20472343,-0.049467206,-0.9775691,0.22985144,-0.968366,0.09713721
1356334019715,-0.952156,-0.21979952,-0.21233766,0.22326887,-0.025850654,-0.9744141,0.20868666,-0.97520256,0.07368821
1356334019756,-0.9555543,-0.19255185,-0.22324847,0.22894546,-0.00756979,-0.97340983,0.18574192,-0.9812576,0.051317155
1356334019796,-0.9623748,-0.16554472,-0.21547559,0.21750861,0.0059682727,-0.9760401,0.16286433,-0.98618424,0.030263603
1356334019835,-0.97281224,-0.14045596,-0.18414289,0.18340102,0.018321037,-0.9828675,0.14142329,-0.9899174,0.007936776
1356334019880,-0.9844116,-0.12153306,-0.12713584,0.12324425,0.039049625,-0.9916077,0.12547773,-0.99181896,-0.023462653
1356334019919,-0.99157333,-0.11954164,-0.04991994,0.040975757,0.07614499,-0.99625444,0.12289504,-0.9899049,-0.07060498
1356334019956,-0.9895266,-0.14301124,0.01961419,-0.03841368,0.12990576,-0.9907819,0.13914496,-0.9811586,-0.13403875
1356334020044,-0.979989,-0.19310895,0.048276633,-0.08661527,0.19533181,-0.976905,0.17921911,-0.9615376,-0.20814925
1356334020049,-0.9658897,-0.24843723,0.07304867,-0.13422117,0.23906755,-0.96168154,0.2214539,-0.938683,-0.26425838
1356334020078,-0.94965,-0.29489338,0.10584372,-0.18255027,0.2462238,-0.9518662,0.2546378,-0.92326146,-0.28765935
1356334020101,-0.93058705,-0.32963422,0.15921375,-0.24082151,0.2236954,-0.9444392,0.2757041,-0.917225,-0.28755105
1356334020146,-0.90189666,-0.34431684,0.26082242,-0.32780772,0.15237159,-0.932376,0.28129083,-0.9264064,-0.25029314
1356334020187,-0.8543493,-0.33745044,0.3952398,-0.43844026,0.05968088,-0.8967767,0.2790294,-0.93944955,-0.19894016
1356334020226,-0.77874887,-0.30163372,0.5500611,-0.56505215,-0.04363519,-0.8239005,0.27251822,-0.9524248,-0.13645786
1356334020268,-0.68550575,-0.24041022,0.68722975,-0.6779009,-0.13355303,-0.7229204,0.26557907,-0.96143985,-0.071422935
1356334020309,-0.60154,-0.17023566,0.780493,-0.75519586,-0.19734645,-0.62508684,0.2604396,-0.96543986,-0.009849489
1356334020349,-0.56331307,-0.1142025,0.81831306,-0.7847132,-0.23610067,-0.5731333,0.25865752,-0.9649945,0.043382347
1356334020390,-0.6095521,-0.09683278,0.7868099,-0.7485254,-0.25655192,-0.6114663,0.2610675,-0.96166766,0.083899856
1356334020430,-0.7482157,-0.13554284,0.64946246,-0.6067567,-0.25616837,-0.75247866,0.2683648,-0.957082,0.10942769
1356334020469,-0.9048607,-0.21584928,0.36692813,-0.32353163,-0.21152073,-0.9222723,0.27668473,-0.95324075,0.12156272
1356334020507,-0.9587937,-0.27374098,0.07603088,-0.039415717,-0.13686043,-0.9898059,0.28135604,-0.9520164,0.120431066
1356334020547,-0.9494075,-0.2913037,-0.11733555,0.14427659,-0.07271898,-0.9868618,0.27894396,-0.9538628,0.11106819
1356334020590,-0.9370026,-0.28079012,-0.2078047,0.22570613,-0.032616317,-0.9736492,0.26661325,-0.95921475,0.093937755
1356334020627,-0.93062025,-0.26019266,-0.2573821,0.26801577,-0.0056091547,-0.96339816,0.24922544,-0.96554035,0.07495576
1356334020669,-0.93259394,-0.23407497,-0.27473116,0.28007206,0.0107911825,-0.9599183,0.2276575,-0.9721586,0.05549419
1356334020758,-0.9419027,-0.2055041,-0.26568294,0.26751995,0.019319236,-0.96335864,0.20310694,-0.97846556,0.036779642
1356334020759,-0.95629686,-0.17975336,-0.23061883,0.23045713,0.02207452,-0.9728321,0.17996064,-0.983464,0.020315647
1356334020796,-0.9742476,-0.15719411,-0.16165276,0.16005793,0.02283746,-0.98684335,0.1588177,-0.9873036,0.002910912
1356334020819,-0.9886136,-0.14312845,-0.046448298,0.042757973,0.028753698,-0.9986716,0.14427388,-0.98928636,-0.022306502
1356334020883,-0.9853013,-0.15184852,0.07825139,-0.08744476,0.05483073,-0.99465925,0.14674696,-0.9868818,-0.06730318
1356334020923,-0.9648514,-0.18822254,0.18339582,-0.20326851,0.09220368,-0.974772,0.1665643,-0.9777887,-0.12722248
1356334020940,-0.9469552,-0.24336623,0.2098779,-0.248554,0.14066482,-0.9583498,0.20370753,-0.9596803,-0.19369292
1356334020983,-0.9254432,-0.29899916,0.2327113,-0.29130664,0.16876584,-0.9416255,0.2422715,-0.93921113,-0.24328369
1356334021030,-0.8869315,-0.34497014,0.30716163,-0.37471303,0.14853823,-0.91516477,0.27007926,-0.9267859,-0.26100808
1356334021067,-0.8056961,-0.37281537,0.46028516,-0.519995,0.07305825,-0.8510392,0.28365287,-0.925025,-0.2527249
1356334021109,-0.6353647,-0.35442644,0.68607104,-0.7183587,-0.054691315,-0.6935197,0.28332388,-0.9334831,-0.21985644
1356334021149,-0.39644265,-0.27814528,0.87491053,-0.8756763,-0.17165309,-0.45136034,0.27572483,-0.94507694,-0.17551464
1356334021176,-0.19453245,-0.18595082,0.96310925,-0.9439607,-0.2314114,-0.23534417,0.26663697,-0.95491934,-0.13051319
1356334021279,-0.022643745,-0.08733326,0.9959218,-0.9661661,-0.25409663,-0.044249237,0.2569248,-0.9632278,-0.078624696
1356334021280,0.08413106,-0.00414443,0.9964461,-0.9646693,-0.25089514,0.08040464,0.24967021,-0.9680054,-0.025106102
1356334021291,0.1358211,0.05965966,0.98893553,-0.9593354,-0.24138528,0.14631796,0.24744374,-0.96859384,0.024448335
1356334021329,0.13742316,0.10272077,0.9851717,-0.9579339,-0.23920637,0.15856498,0.2519473,-0.96551985,0.06552729
1356334021390,0.07351953,0.11831096,0.99025124,-0.96210825,-0.25300872,0.10165855,0.2625695,-0.9602027,0.095226794
1356334021404,-0.09368026,0.092787534,0.9912691,-0.9573475,-0.28173852,-0.06410244,0.27333078,-0.9549942,0.11522326
1356334021442,-0.39831817,3.9339066E-6,0.9172473,-0.8729368,-0.30705643,-0.37907478,0.28164518,-0.95169127,0.122309595
1356334021478,-0.75187504,-0.14245243,0.64373237,-0.5947317,-0.27487844,-0.7554709,0.28456676,-0.95086765,0.12195319
1356334021518,-0.905511,-0.22074285,0.36238432,-0.32125697,-0.20128334,-0.92535347,0.27720708,-0.9543362,0.111349106
1356334021557,-0.94648796,-0.2349106,0.22130845,-0.19057268,-0.14661372,-0.97066283,0.2604659,-0.96089613,0.09400064
1356334021598,-0.95718765,-0.2216489,0.18618166,-0.16358355,-0.116443634,-0.9796332,0.2388143,-0.96814907,0.07520032
1356334021635,-0.95412093,-0.19679323,0.22566718,-0.20879969,-0.10289043,-0.97253084,0.2146065,-0.97503126,0.057079554
1356334021734,-0.92881954,-0.16573992,0.3313977,-0.318513,-0.099850476,-0.94264483,0.18932414,-0.9811015,0.039952815
1356334021735,-0.8584368,-0.13197511,0.49564996,-0.48590654,-0.100216925,-0.8682462,0.1642594,-0.986174,0.021902263
1356334021751,-0.72469634,-0.105409116,0.6809583,-0.6740382,-0.096837044,-0.73232174,0.14313537,-0.9897027,-8.72314E-4
1356334021800,-0.5768035,-0.105757,0.81000817,-0.8061425,-0.08657354,-0.58535403,0.13203055,-0.99061626,-0.03531933
1356334021856,-0.4773426,-0.14744055,0.86625934,-0.86728346,-0.07946223,-0.4914317,0.14129183,-0.9858737,-0.08994204
1356334021871,-0.41392642,-0.21654063,0.88418055,-0.89398116,-0.086449385,-0.43968648,0.17164686,-0.9724385,-0.15779954
1356334021919,-0.36308062,-0.2893799,0.8856816,-0.9062392,-0.11126375,-0.40786147,0.21657112,-0.9507259,-0.22184968
1356334021960,-0.27756155,-0.3290491,0.9025997,-0.92591333,-0.15893555,-0.3426719,0.25621104,-0.9308417,-0.26055658
1356334021987,-0.17281538,-0.33114427,0.92761976,-0.943376,-0.21509749,-0.2525368,0.2831548,-0.91873646,-0.27522147
1356334022017,-0.05953926,-0.29584643,0.9533782,-0.9530628,-0.2671802,-0.1424292,0.29686093,-0.9171094,-0.26605254
1356334022060,0.0663864,-0.21433952,0.97450066,-0.9531082,-0.30262566,-0.0016328394,0.29525885,-0.92869604,-0.22437903
1356334022097,0.16335523,-0.12515858,0.9785962,-0.9441196,-0.3076604,0.11825162,0.28627506,-0.9432288,-0.16842264
1356334022192,0.23131114,-0.03954175,0.97207594,-0.9335035,-0.29040825,0.21031952,0.2739824,-0.95608556,-0.104087055
1356334022194,0.27183786,0.03518644,0.9616996,-0.9260944,-0.2621272,0.27136424,0.26163593,-0.9643917,-0.038670123
1356334022213,0.2886532,0.09456545,0.95275223,-0.9237848,-0.23398936,0.3031017,0.25159684,-0.9676293,0.019816354
1356334022254,0.2894875,0.14044785,0.9468217,-0.9249784,-0.21337673,0.31446043,0.24619505,-0.966822,0.06814133
1356334022316,0.27530706,0.17273447,0.9457108,-0.9290619,-0.20502722,0.30790868,0.24708292,-0.96339333,0.104035586
1356334022338,0.24727452,0.19102797,0.9499283,-0.93517554,-0.2095182,0.28556785,0.25357863,-0.9589633,0.12683608
1356334022371,0.20185804,0.1930266,0.9602052,-0.94417185,-0.22227776,0.24317113,0.2603707,-0.9556848,0.13738167
1356334022415,0.1331119,0.17374924,0.9757522,-0.95594656,-0.23737729,0.17267904,0.26162428,-0.9557526,0.13449731
1356334022456,0.041457713,0.13840756,0.9895072,-0.96583796,-0.24800897,0.07515633,0.25580892,-0.9588195,0.12339741
1356334022501,-0.065056205,0.09126246,0.99369955,-0.9684453,-0.24586016,-0.040822715,0.24058554,-0.96499944,0.10437736
1356334022553,-0.160568,0.048566192,0.98582923,-0.96210134,-0.23073405,-0.14533633,0.22040597,-0.97180396,0.08377418
1356334022577,-0.22562838,0.018597811,0.974036,-0.9538121,-0.20775837,-0.21697682,0.19832876,-0.97800344,0.06461495
1356334022618,-0.25531763,7.326305E-4,0.9668569,-0.9509145,-0.18103904,-0.2509706,0.17485505,-0.98347557,0.046919227
1356334022652,-0.24677175,-0.00811258,0.9690397,-0.9569676,-0.15552539,-0.24499953,0.15269783,-0.9877986,0.030615807
1356334022698,-0.22261536,-0.02022174,0.97469664,-0.9657904,-0.13182873,-0.22331622,0.13300887,-0.9910662,0.009817183
1356334022737,-0.18350166,-0.045081347,0.9819851,-0.97533333,-0.116324544,-0.18759891,0.12268615,-0.9921875,-0.022623599
1356334022780,-0.15850925,-0.095164895,0.98276067,-0.97856915,-0.117364585,-0.16919816,0.13144302,-0.9885187,-0.07452208
1356334022816,-0.1455996,-0.16545391,0.97541046,-0.97597694,-0.13749737,-0.16900712,0.1620793,-0.97658557,-0.14145964
1356334022862,-0.13143903,-0.23747534,0.96246004,-0.9690123,-0.17404807,-0.17527807,0.20913854,-0.95567393,-0.2072398
1356334022898,-0.08922547,-0.2788491,0.95618093,-0.96396625,-0.21737975,-0.153346,0.2506148,-0.93540853,-0.24940526
1356334022940,-0.015274644,-0.27041873,0.9626216,-0.9609066,-0.26220983,-0.08890709,0.27645093,-0.9263475,-0.25584203
1356334022977,0.07129642,-0.22513467,0.9717156,-0.9554394,-0.2951825,0.0017120838,0.28644794,-0.9285374,-0.236148
1356334023018,0.15735254,-0.15285343,0.97564137,-0.9461253,-0.306447,0.10458124,0.28299668,-0.939535,-0.19283873
1356334023100,0.22385114,-0.07758704,0.9715302,-0.9353832,-0.29710722,0.19179532,0.27376786,-0.9516866,-0.13908139
1356334023101,0.2731156,-0.0030999482,0.96197623,-0.925411,-0.2739493,0.26185158,0.262721,-0.9617392,-0.077688545
1356334023129,0.3001926,0.059348702,0.95203054,-0.9196133,-0.24709839,0.30537474,0.25336882,-0.9671712,-0.019599244
1356334023174,0.31424212,0.11257422,0.9426447,-0.9165883,-0.22259706,0.3321393,0.24722019,-0.9683892,0.033234775
1356334023217,0.31420746,0.15471298,0.936663,-0.91698736,-0.20597133,0.3416284,0.24578005,-0.9662503,0.07715212
1356334023261,0.2993105,0.18405282,0.93623596,-0.9208245,-0.20136273,0.33396912,0.24999088,-0.9620695,0.10921031
1356334023298,0.2701776,0.20029262,0.9417467,-0.9274105,-0.2086528,0.3104414,0.2586772,-0.95726013,0.12938017
1356334023361,0.2191379,0.19656742,0.9556881,-0.9376161,-0.22854203,0.2620009,0.26991582,-0.95348287,0.1342226
1356334023385,0.12612927,0.16866747,0.9775698,-0.95326984,-0.25210553,0.1664916,0.27453256,-0.9528872,0.12898771
1356334023425,-0.010809183,0.11639434,0.9931443,-0.9629918,-0.26871043,0.021011263,0.26931384,-0.9561627,0.11499137
1356334023464,-0.18076247,0.049360126,0.9822873,-0.94984496,-0.2678932,-0.16133067,0.25518486,-0.96218324,0.095309585
1356334023495,-0.34049696,-0.009656012,0.94019604,-0.9093463,-0.25086075,-0.33190092,0.23906311,-0.967975,0.07663667
1356334023535,-0.46559322,-0.052107394,0.88346344,-0.8578015,-0.21900737,-0.46498638,0.21771425,-0.97433084,0.057270527
1356334023570,-0.5278286,-0.07102248,0.84637624,-0.826404,-0.18712401,-0.5310754,0.19609565,-0.9797655,0.040076137
1356334023605,-0.54402167,-0.075291574,0.83568627,-0.8209787,-0.15794605,-0.54867744,0.17330414,-0.9845731,0.024113297
1356334023645,-0.5136258,-0.07206619,0.8549824,-0.8447468,-0.1320839,-0.51861024,0.15030369,-0.9886153,0.006964028
