1356333734464,0.5159372,0.047567934,-0.85530466,-0.850595,0.14672253,-0.5049362,0.10147369,0.9880333,0.11616066
1356333734488,0.9559314,-0.06450386,-0.2864164,-0.27549404,0.14012557,-0.9510351,0.10147971,0.9880304,0.11618
1356333734523,0.9559314,-0.064488076,-0.28642,-0.2754793,0.14032167,-0.9510105,0.10151978,0.9880037,0.116372764
1356333734561,0.9559611,-0.064416856,-0.2863368,-0.27533847,0.14096853,-0.9509556,0.10162204,0.9879161,0.117024004
1356333734606,0.95609105,-0.06424193,-0.28594208,-0.27480966,0.14249253,-0.9508814,0.10183106,0.98770887,0.11858153
1356333734656,0.95652807,-0.064023584,-0.284526,-0.27313122,0.14536393,-0.95093054,0.102241814,0.9873046,0.12155783
1356333734711,0.9578262,-0.064278156,-0.2800666,-0.26831314,0.1487732,-0.9517745,0.10284473,0.98678005,0.12525219
1356333734730,0.9599973,-0.06523349,-0.27230456,-0.26014358,0.15198356,-0.9535336,0.10358816,0.9862279,0.12893373
1356333734771,0.96276003,-0.066863686,-0.26195863,-0.24938336,0.15455398,-0.9559922,0.104407914,0.9857192,0.13212371
1356333734814,0.9657849,-0.06900258,-0.24999653,-0.23703988,0.1562374,-0.9588545,0.10522224,0.9853063,0.13453534
1356333734856,0.96874243,-0.07130971,-0.23759833,-0.2243315,0.15702683,-0.9617785,0.105893455,0.98501647,0.13612154
1356333734899,0.9712712,-0.07334195,-0.22639166,-0.2129213,0.15706348,-0.9643628,0.10628612,0.98486143,0.13693517
1356333734967,0.97321296,-0.07464908,-0.21744898,-0.20394103,0.15632313,-0.96642184,0.10613481,0.98488104,0.13691169
1356333734990,0.9744889,-0.07493329,-0.21155699,-0.1981766,0.15514994,-0.96780914,0.10534416,0.9850449,0.13634187
1356333735019,0.97507036,-0.07451219,-0.20901133,-0.1958102,0.15417165,-0.968447,0.104384735,0.9852305,0.13573796
1356333735063,0.97509515,-0.073032066,-0.20941767,-0.19651596,0.15321869,-0.96845526,0.10281497,0.9854899,0.13505083
1356333735099,0.9744042,-0.07090092,-0.2133295,-0.20075163,0.15262687,-0.9676795,0.10116916,0.9857372,0.1344868
1356333735145,0.9732824,-0.0682838,-0.21922295,-0.20698532,0.1523583,-0.96640784,0.09939043,0.98596364,0.1341539
1356333735203,0.97161824,-0.06521914,-0.22738615,-0.21548057,0.1525917,-0.96451217,0.09760188,0.98613495,0.13420743
1356333735249,0.9695653,-0.061957575,-0.236864,-0.22526562,0.1532357,-0.9621716,0.095909856,0.98624545,0.1346151
1356333735287,0.96749616,-0.059019916,-0.24590221,-0.23457235,0.15385392,-0.95984614,0.094483055,0.9863293,0.13500863
1356333735326,0.9658139,-0.056839548,-0.25292838,-0.24181217,0.1541304,-0.95800346,0.09343644,0.98641425,0.13511679
1356333735367,0.9647751,-0.05578667,-0.25709325,-0.24610779,0.15390149,-0.95694584,0.09295186,0.9865101,0.13475078
1356333735406,0.96443015,-0.0558075,-0.25837958,-0.2474308,0.15337229,-0.9566896,0.09301872,0.98659134,0.13410836
1356333735447,0.9646107,-0.056813374,-0.25748485,-0.24647619,0.15265125,-0.9570512,0.09367869,0.98664576,0.13324589
1356333735507,0.965011,-0.058330014,-0.25563917,-0.24450947,0.15194649,-0.9576677,0.09470425,0.9866661,0.13236779
1356333735527,0.9652843,-0.0597298,-0.25428054,-0.24301223,0.15156162,-0.9581097,0.09576687,0.98664147,0.13178498
1356333735563,0.9652113,-0.06049686,-0.2543766,-0.24298528,0.15177265,-0.9580831,0.096568435,0.9865623,0.13179281
1356333735605,0.9647208,-0.060339965,-0.25626722,-0.24479297,0.15268815,-0.9574773,0.09690311,0.9864306,0.13253063
1356333735644,0.9644782,-0.059581816,-0.25735542,-0.2458353,0.15410659,-0.95698285,0.096678935,0.9862561,0.13398513
1356333735687,0.9627445,-0.05716967,-0.2643003,-0.25283954,0.15628353,-0.9548024,0.09589152,0.9860563,0.13600636
1356333735729,0.9608932,-0.053823702,-0.27163818,-0.2603423,0.15871015,-0.9523828,0.09437252,0.985857,0.13849092
1356333735766,0.9589165,-0.04970321,-0.2793004,-0.26830164,0.16094321,-0.9497955,0.09215938,0.98571134,0.14099565
1356333735806,0.9564079,-0.044108644,-0.2886837,-0.27822638,0.16274127,-0.94662845,0.08873524,0.98568237,0.14337486
1356333735847,0.95341444,-0.037723646,-0.29929557,-0.2895614,0.16376054,-0.9430464,0.08458794,0.9857785,0.14520836
1356333735886,0.9497831,-0.030564308,-0.3114127,-0.3026073,0.1635459,-0.938979,0.07962952,0.98606217,0.14608416
1356333735926,0.9458517,-0.023888543,-0.32371908,-0.3158654,0.16205063,-0.9348629,0.07479141,0.9864933,0.14573029
1356333735967,0.94232965,-0.018957645,-0.33414885,-0.32712972,0.1587851,-0.93154365,0.07071775,0.9871312,0.1434263
1356333736006,0.9398857,-0.016923934,-0.3410698,-0.33462182,0.15365359,-0.92974126,0.06814149,0.9879799,0.13875368
1356333736046,0.9392288,-0.018663958,-0.34278408,-0.3365872,0.14631364,-0.93021584,0.06751549,0.9890622,0.13113993
1356333736085,0.9410037,-0.02534832,-0.33744553,-0.33113593,0.1364789,-0.9336608,0.069720924,0.9903186,0.12003341
1356333736126,0.9455643,-0.03840296,-0.32316133,-0.31633967,0.1246658,-0.94041884,0.07640203,0.9914553,0.10573116
1356333736165,0.9527489,-0.0594714,-0.29788023,-0.2902043,0.1114625,-0.95045125,0.08972715,0.9919876,0.088936925
1356333736206,0.96084577,-0.08780669,-0.26280287,-0.25425047,0.09763312,-0.9621977,0.11014566,0.9913414,0.07148549
1356333736246,0.96772987,-0.12102654,-0.22102386,-0.21193823,0.08355945,-0.97370434,0.1363127,0.9891261,0.055212826
1356333736285,0.97158986,-0.15323198,-0.18036968,-0.17144147,0.06971714,-0.9827244,0.16315967,0.9857279,0.041466147
1356333736328,0.9728046,-0.1831164,-0.14184369,-0.13390335,0.055086076,-0.9894622,0.18900038,0.9815467,0.029068084
1356333736366,0.9720406,-0.20824735,-0.10849075,-0.10249655,0.039394945,-0.993953,0.21126206,0.9772825,0.016948849
1356333736406,0.9701011,-0.23026142,-0.07670474,-0.074025095,0.02026686,-0.99705046,0.2311368,0.97291774,0.0026157796
1356333736446,0.96710354,-0.25076663,-0.04274027,-0.04541666,-0.004892857,-0.99895614,0.25029576,0.96803516,-0.016120883
1356333736512,0.9628192,-0.27012354,-0.003524974,-0.014429569,-0.038393795,-0.99915856,0.2697609,0.9620599,-0.04086405
1356333736531,0.95698565,-0.28716433,0.041413054,0.017726526,-0.08459973,-0.9962573,0.2895931,0.95413804,-0.075870305
1356333736566,0.9511484,-0.29731172,0.083201386,0.044206902,-0.13556117,-0.9897822,0.30555275,0.9451078,-0.11579555
1356333736606,0.94811314,-0.2986032,0.10916748,0.054445498,-0.18580264,-0.9810775,0.3132365,0.93611616,-0.15990433
1356333736648,0.9487726,-0.29325107,0.117619514,0.051428765,-0.22396427,-0.97323954,0.3117461,0.92943203,-0.19740963
1356333736695,0.953818,-0.282354,0.10250558,0.033414908,-0.23939538,-0.9703469,0.29852068,0.9289596,-0.2189048
1356333736727,0.95975643,-0.26967108,0.07839059,0.01261802,-0.237445,-0.9713191,0.28055012,0.93321884,-0.22448665
1356333736767,0.96693736,-0.25269082,0.034342803,-0.0206796,-0.21192342,-0.97706735,0.25417402,0.9440528,-0.21014223
1356333736806,0.97307986,-0.2281999,-0.03225518,-0.07169963,-0.16673988,-0.98339057,0.2190314,0.9592303,-0.17861307
1356333736846,0.9738894,-0.19370964,-0.11838892,-0.1415354,-0.11033496,-0.9837652,0.17750236,0.97483474,-0.13487083
1356333736886,0.96540713,-0.14878286,-0.21413249,-0.22402515,-0.053064525,-0.97313756,0.13342336,0.98744506,-0.08455998
1356333736926,0.94727576,-0.096141405,-0.3056558,-0.30743805,-0.0039398083,-0.95155996,0.09028009,0.99535996,-0.033289608
1356333736966,0.92336583,-0.04075724,-0.38175175,-0.38063613,0.032615244,-0.9241496,0.050116718,0.99863666,0.014602121
1356333737006,0.9002317,0.011533856,-0.43525833,-0.4351776,0.056569163,-0.8985657,0.01425828,0.9983321,0.055944625
1356333737046,0.88341725,0.05628948,-0.465194,-0.4682958,0.07105124,-0.8807104,-0.016522124,0.99588317,0.08912802
1356333737086,0.8778703,0.089749634,-0.47041345,-0.47715783,0.080246955,-0.8751462,-0.04079479,0.99272627,0.11327115
1356333737127,0.88371605,0.11028081,-0.45484513,-0.46445066,0.08678764,-0.8813362,-0.05771953,0.9901041,0.12791562
1356333737166,0.89889765,0.11878094,-0.42175126,-0.43290684,0.09217722,-0.8967135,-0.067636594,0.9886327,0.13427895
1356333737208,0.9202897,0.11474946,-0.3740313,-0.38492697,0.09454858,-0.91809136,-0.06998636,0.98888475,0.13118225
1356333737252,0.9419794,0.10277326,-0.3195504,-0.32896036,0.093245745,-0.93972886,-0.06678228,0.9903246,0.1216439
1356333737287,0.96019703,0.08597091,-0.2657643,-0.27302593,0.08796954,-0.95797616,-0.0589789,0.9924064,0.107940376
1356333737326,0.97428405,0.06569831,-0.21553278,-0.22043349,0.07971153,-0.97213954,-0.04668746,0.99465066,0.092143774
1356333737366,0.9838909,0.04433039,-0.17318675,-0.17602819,0.07120845,-0.9818063,-0.03119149,0.99647593,0.07786474
1356333737406,0.9897199,0.023436736,-0.14108574,-0.14234337,0.06563938,-0.9876385,-0.013886251,0.99756813,0.068300664
1356333737446,0.9927678,0.0039230846,-0.11998618,-0.119987845,0.06465852,-0.9906676,0.003871657,0.9978998,0.06466162
1356333737513,0.9942043,-0.015356701,-0.106405236,-0.105124906,0.06835744,-0.99210685,0.022509076,0.9975427,0.066346884
1356333737523,0.9946558,-0.03621445,-0.09668701,-0.093765415,0.075163424,-0.992753,0.043219335,0.9965135,0.07136607
1356333737561,0.9941958,-0.05810648,-0.0905442,-0.085631564,0.0820958,-0.9929388,0.06512948,0.99492913,0.07664356
1356333737603,0.9931653,-0.08152955,-0.083519645,-0.07639187,0.086945385,-0.9932799,0.08824331,0.99287134,0.08012295
1356333737644,0.99155873,-0.10646337,-0.07400562,-0.0648814,0.08675611,-0.9941145,0.11225723,0.99052453,0.079116285
1356333737683,0.98935497,-0.13213928,-0.060958635,-0.050974395,0.07766968,-0.9956752,0.13630244,0.9881835,0.07010716
1356333737726,0.9865444,-0.15865158,-0.03949607,-0.031592444,0.052035302,-0.9981454,0.16041252,0.98596245,0.04632294
1356333737775,0.982567,-0.18587303,-0.003645055,-0.005590275,-0.009942294,-0.999935,0.18582469,0.9825235,-0.010808052
1356333737817,0.9780194,-0.20601298,0.03219743,0.0141866505,-0.088312685,-0.99599177,0.20803067,0.974556,-0.08344889
1356333737857,0.9742589,-0.21699668,0.061090387,0.024275362,-0.16843057,-0.9854145,0.22412118,0.9615319,-0.1588273
1356333737906,0.9728538,-0.21954004,0.07319625,0.022531897,-0.22493061,-0.9741142,0.23032115,0.94931996,-0.21387795
1356333737953,0.97392786,-0.21627855,0.06846897,0.014061809,-0.24368033,-0.9697536,0.22642146,0.9454329,-0.2342858
1356333737988,0.97677314,-0.20944619,0.045238532,-0.00464914,-0.2317883,-0.9727552,0.21422562,0.9499508,-0.22737834
1356333738025,0.9801308,-0.19788462,-0.013612717,-0.05162973,-0.18825641,-0.9807619,0.19151501,0.9619777,-0.19473264
1356333738067,0.97692066,-0.17751159,-0.118809305,-0.14167003,-0.12218171,-0.9823448,0.15986124,0.9765046,-0.14450991
1356333738106,0.94993794,-0.14053115,-0.27905,-0.28779587,-0.04590839,-0.95659083,0.121620074,0.98901135,-0.08405441
1356333738146,0.88249433,-0.08286311,-0.46296597,-0.4631856,0.01771757,-0.88608414,0.08162631,0.9964034,-0.022745341
1356333738193,0.77833426,-0.009919643,-0.62777174,-0.62646735,0.05405289,-0.7775711,0.041646063,0.9984888,0.03585691
1356333738226,0.7049575,0.053374946,-0.7072383,-0.7092046,0.06427315,-0.7020668,0.007983685,0.99650395,0.08316359
1356333738267,0.6747535,0.09871659,-0.73141146,-0.73780084,0.0648303,-0.6718979,-0.018909901,0.99300146,0.116577685
1356333738306,0.6899724,0.12485346,-0.7129864,-0.7227819,0.065710515,-0.687945,-0.03904164,0.9899968,0.13558027
1356333738346,0.7302032,0.13316467,-0.6701272,-0.6811683,0.06575036,-0.72916853,-0.05303836,0.98891056,0.13871866
1356333738392,0.78123844,0.12609388,-0.61136484,-0.62127304,0.061800092,-0.78115344,-0.06071624,0.99009144,0.12661931
1356333738439,0.83380795,0.104883745,-0.54199976,-0.5488091,0.051179178,-0.8343796,-0.059773743,0.99316674,0.10023475
1356333738516,0.8652422,0.08481602,-0.49412784,-0.49845678,0.03972254,-0.8660041,-0.053822964,0.99560463,0.076646715
1356333738523,0.8845695,0.06496601,-0.4618616,-0.46455574,0.034549117,-0.88486964,-0.04152952,0.99728924,0.06074143
1356333738555,0.89318264,0.0456423,-0.44737184,-0.4490639,0.037878603,-0.8926964,-0.023798913,0.9982394,0.054328825
1356333738596,0.894106,0.02586773,-0.4471078,-0.44785485,0.050011575,-0.8927065,-7.317513E-4,0.99841356,0.05630064
1356333738636,0.88645095,0.0062435865,-0.46278036,-0.4620739,0.06878576,-0.8841697,0.026312277,0.9976119,0.06386021
1356333738676,0.86772496,-0.011513457,-0.49691132,-0.4938923,0.092443794,-0.864595,0.05589083,0.9956513,0.07452938
1356333738716,0.831462,-0.024754852,-0.55502975,-0.5487244,0.119881004,-0.8273632,0.08701876,0.9924795,0.08609292
1356333738756,0.76099825,-0.028750896,-0.64811647,-0.6378696,0.1490702,-0.7555795,0.118338436,0.98840845,0.09510285
1356333738795,0.6357011,-0.021885097,-0.771625,-0.75721353,0.17661043,-0.62883735,0.1500392,0.9840375,0.09569976
1356333738837,0.44686362,-0.010981411,-0.8945347,-0.87594545,0.19777498,-0.44000533,0.18174842,0.980186,0.07875931
1356333738876,0.28591144,-0.027696759,-0.95785576,-0.93456614,0.21282953,-0.28511378,0.21175677,0.9766967,0.034965932
1356333738920,0.2812618,-0.10285351,-0.95410323,-0.9300631,0.21568559,-0.29742616,0.23637769,0.9710309,-0.03499618
1356333738957,0.3814091,-0.2045587,-0.90148926,-0.8896624,0.18362196,-0.41807142,0.25105336,0.9614774,-0.11195311
1356333738995,0.43100727,-0.270066,-0.8609861,-0.8657118,0.14536512,-0.47896975,0.25451085,0.9518053,-0.17114592
1356333739037,0.3568691,-0.28012297,-0.8911653,-0.9016162,0.14630342,-0.40704232,0.24440247,0.94874996,-0.20035231
1356333739086,0.13286233,-0.2244297,-0.9653905,-0.96697044,0.18441546,-0.17595184,0.21752173,0.9568815,-0.19251502
1356333739125,-0.059988588,-0.15598068,-0.98593676,-0.9811332,0.19107386,0.029467374,0.18379042,0.9691031,-0.16450006
1356333739167,-0.21649471,-0.08678192,-0.97241914,-0.96573085,0.16509059,0.20027238,0.14315721,0.98245305,-0.119549215
1356333739205,-0.314448,-0.030952066,-0.9487699,-0.94410324,0.114380896,0.30916986,0.0989517,0.9929546,-0.065188825
1356333739245,-0.36857414,0.012659192,-0.92951214,-0.92797476,0.05406058,0.36870077,0.054917425,0.99845743,-0.0081778765
1356333739285,-0.38972658,0.04653725,-0.9197541,-0.92079794,-0.0027321577,0.3900306,0.015638053,0.9989128,0.043916166
1356333739327,-0.38889962,0.07321364,-0.9183665,-0.92111325,-0.04987675,0.38608646,-0.01753831,0.99606836,0.08683503
1356333739370,-0.36142725,0.09219989,-0.9278306,-0.9313679,-0.08251518,0.35460553,-0.043865502,0.99231565,0.11569524
1356333739409,-0.2985044,0.099848956,-0.9491708,-0.9522157,-0.0985297,0.28909704,-0.06465554,0.99011207,0.12448937
1356333739461,-0.18421501,0.09451079,-0.97833145,-0.9796308,-0.09859663,0.17493486,-0.07992694,0.9906293,0.11074862
1356333739519,-0.0395388,0.082947105,-0.99576926,-0.9952986,-0.091448605,0.031902492,-0.08841547,0.9923492,0.08617291
1356333739530,0.11035997,0.06735551,-0.9916067,-0.9899683,-0.081112325,-0.11568716,-0.088223696,0.9944265,0.05772826
1356333739573,0.24238434,0.052317202,-0.9687687,-0.9669512,-0.068375915,-0.24562216,-0.079090685,0.996287,0.03401491
1356333739615,0.34594414,0.039233208,-0.9374345,-0.9362852,-0.050274998,-0.34762412,-0.06076789,0.99796456,0.019341111
1356333739655,0.41974536,0.028117508,-0.9072063,-0.90683043,-0.029263586,-0.42047843,-0.038370937,0.99917614,0.013214588
1356333739697,0.4657416,0.019022316,-0.88471633,-0.88484573,-0.0030083954,-0.46587446,-0.011523604,0.9998146,0.015430689
1356333739745,0.48255947,0.01250574,-0.8757739,-0.87564707,0.029100686,-0.48207402,0.019456923,0.99949825,0.02499345
1356333739785,0.4648787,0.009264737,-0.8853259,-0.8839965,0.060622483,-0.4635463,0.04937604,0.9981178,0.036372095
1356333739825,0.4240429,0.008586615,-0.9056014,-0.9021975,0.091136605,-0.42158493,0.07891342,0.9958013,0.04639265
1356333739867,0.3673605,0.005504489,-0.9300623,-0.92366225,0.11941686,-0.36412585,0.109060764,0.99282897,0.048953325
1356333739903,0.32218245,-0.012642175,-0.94659317,-0.9362309,0.14388195,-0.32057709,0.14025044,0.98951405,0.03452027
1356333739942,0.32412368,-0.060756445,-0.94406176,-0.9305179,0.15941358,-0.329733,0.17052972,0.9853406,-0.004865259
1356333740004,0.42893752,-0.16226408,-0.8886411,-0.8822403,0.1360971,-0.450699,0.1940737,0.97731674,-0.084778726
1356333740044,0.4822604,-0.2338922,-0.8442271,-0.8520272,0.09880243,-0.5140893,0.20365322,0.9672293,-0.15163404
1356333740087,0.48743698,-0.26316506,-0.83255595,-0.84981865,0.07600084,-0.5215671,0.20053321,0.96175265,-0.18659696
1356333740125,0.45013937,-0.25353542,-0.85620934,-0.87323236,0.07544312,-0.48142874,0.18665439,0.96437967,-0.18743542
1356333740169,0.38098228,-0.20978227,-0.9004687,-0.9102429,0.08575843,-0.4050968,0.16220495,0.97397995,-0.15828037
1356333740205,0.33224243,-0.15429696,-0.93048763,-0.93385875,0.08464147,-0.34748164,0.13237318,0.9843923,-0.115970075
1356333740247,0.2898026,-0.08951622,-0.952891,-0.9522256,0.07324749,-0.29648122,0.09633672,0.9932883,-0.06401229
1356333740296,0.27163008,-0.022161305,-0.9621465,-0.960808,0.05126688,-0.27243304,0.055363744,0.9984391,-0.007367164
1356333740335,0.30794805,0.033194005,-0.95082396,-0.95121056,0.030851066,-0.3069963,0.019143522,0.9989727,0.04107499
1356333740375,0.35196126,0.07832298,-0.9327319,-0.9359518,0.017908394,-0.35167247,-0.010840237,0.9967672,0.07960954
1356333740417,0.4045206,0.1107389,-0.90779954,-0.91390777,0.012371153,-0.4057334,-0.03369993,0.99377257,0.10620952
1356333740458,0.4676922,0.12758848,-0.8746343,-0.88249815,0.011867285,-0.4701661,-0.04960823,0.9917562,0.11814682
1356333740518,0.53478086,0.13110974,-0.83475727,-0.84288013,0.012989104,-0.53794456,-0.05968702,0.9912828,0.11745611
1356333740535,0.6037821,0.120729744,-0.787954,-0.79464436,0.012854934,-0.6069391,-0.0631465,0.9926021,0.10369879
1356333740572,0.66112256,0.103820145,-0.7430601,-0.74782723,0.011201367,-0.6637989,-0.060592383,0.99453306,0.08504498
1356333740615,0.7049651,0.08355075,-0.7043035,-0.7073789,0.0108995885,-0.7067504,-0.051372945,0.99644387,0.066785894
1356333740653,0.729572,0.065283746,-0.680781,-0.6828114,0.0132853985,-0.7304739,-0.03864363,0.9977783,0.054269142
1356333740696,0.7394262,0.049586862,-0.671409,-0.67285085,0.020632088,-0.73949033,-0.02281645,0.9985567,0.04862047
1356333740735,0.73362595,0.03677097,-0.678558,-0.67953324,0.031986997,-0.73294705,-0.005246073,0.99881166,0.048453562
1356333740775,0.7117161,0.0269157,-0.7019514,-0.7023407,0.04623036,-0.7103381,0.013332188,0.99856806,0.05180691
1356333740815,0.67144537,0.020127803,-0.7407807,-0.7403227,0.06261876,-0.6693289,0.032914728,0.99783456,0.05694613
1356333740864,0.6124708,0.0139145255,-0.7903707,-0.7884481,0.08262725,-0.6095263,0.056824863,0.9964833,0.061577693
1356333740899,0.5129558,0.010765344,-0.85834754,-0.85452354,0.10150735,-0.50939745,0.08164474,0.99477655,0.06126803
1356333740939,0.4205628,-0.0017520785,-0.9072617,-0.90075076,0.11879784,-0.41777408,0.10851273,0.99291694,0.048383743
1356333740969,0.34598917,-0.025349855,-0.93789595,-0.9284397,0.13484472,-0.34614542,0.13524503,0.9905424,0.023119003
1356333741012,0.3566252,-0.089119345,-0.9299872,-0.9202571,0.13811636,-0.36612937,0.16107568,0.9863982,-0.032756954
1356333741056,0.4087127,-0.17026478,-0.8966403,-0.89448005,0.120401785,-0.4305913,0.18127164,0.978015,-0.10308877
1356333741098,0.454738,-0.23654357,-0.85863876,-0.8696674,0.08998254,-0.48536777,0.1920731,0.96744525,-0.16479573
1356333741145,0.45299292,-0.26147768,-0.8523067,-0.8713858,0.07214093,-0.48526523,0.18837222,0.96250975,-0.19516861
1356333741187,0.4285735,-0.25499752,-0.8667762,-0.8864249,0.06699616,-0.45799834,0.17485908,0.9646179,-0.19732335
1356333741227,0.37285733,-0.21762407,-0.9020072,-0.9158907,0.06950314,-0.395365,0.14873323,0.97355485,-0.17340511
1356333741280,0.29121453,-0.15074334,-0.94470656,-0.95078397,0.063655615,-0.30324525,0.105848074,0.9865213,-0.12478688
1356333741319,0.2459845,-0.08618364,-0.9654346,-0.9673743,0.04049635,-0.2500938,0.060650527,0.99545586,-0.07341033
1356333741357,0.22094882,-0.027931213,-0.9748854,-0.97512805,0.011632085,-0.22133711,0.017522216,0.99954224,-0.024666429
1356333741396,0.21263099,0.023071319,-0.97686017,-0.9769175,-0.015954554,-0.21302024,-0.020500094,0.9996065,0.019146383
1356333741436,0.22254321,0.06463173,-0.9727782,-0.9736204,-0.03682658,-0.22518274,-0.050377995,0.99722946,0.05473119
1356333741475,0.24782056,0.09486294,-0.96415037,-0.9661596,-0.049307823,-0.25318837,-0.071558416,0.9942684,0.07943326
1356333741516,0.28905517,0.11209723,-0.9507266,-0.9535229,-0.05456394,-0.2963387,-0.08509418,0.992198,0.091115355
1356333741554,0.34493777,0.115070075,-0.9315454,-0.9341649,-0.054554373,-0.35264665,-0.091398984,0.9918582,0.0886766
1356333741597,0.4045833,0.108472675,-0.9080452,-0.9099655,-0.051018327,-0.41153353,-0.09096706,0.99278945,0.07806523
1356333741636,0.46046016,0.09406099,-0.8826828,-0.8839215,-0.042827398,-0.46567014,-0.08160439,0.9946449,0.06342222
1356333741675,0.5040029,0.0774298,-0.86022425,-0.86123455,-0.030175626,-0.507311,-0.0652388,0.996541,0.051476628
1356333741716,0.53423154,0.06011367,-0.8431981,-0.8443257,-0.010860473,-0.5357202,-0.04136163,0.99813247,0.04495348
1356333741755,0.5489617,0.04461336,-0.83465606,-0.8357107,0.011229098,-0.54905516,-0.015122712,0.99894124,0.043448195
1356333741796,0.5511162,0.03196931,-0.8338158,-0.83433527,0.036049664,-0.55007744,0.012473196,0.99883854,0.046540678
1356333741836,0.5400443,0.023198724,-0.8413168,-0.84069365,0.062174693,-0.5379299,0.039829373,0.9977957,0.053080097
1356333741877,0.51643467,0.018346429,-0.85613,-0.8537835,0.088024646,-0.51313287,0.06594634,0.9959493,0.061122894
1356333741915,0.4842838,0.014697492,-0.8747875,-0.8700875,0.11293644,-0.4797845,0.09174377,0.99349356,0.06748137
1356333741957,0.45005834,0.004812807,-0.8929862,-0.885061,0.13544188,-0.44533417,0.118804455,0.99077356,0.06521633
1356333741995,0.42815584,-0.024520487,-0.90337217,-0.8913381,0.15334989,-0.4266147,0.1489928,0.98786765,0.043801606
1356333742038,0.4313928,-0.083219945,-0.8983177,-0.8835224,0.16240358,-0.43933272,0.18245134,0.9832088,-0.0034669936
1356333742077,0.45891488,-0.165198,-0.8729873,-0.86188436,0.15583433,-0.4825672,0.2157605,0.97387123,-0.07086685
1356333742115,0.48454013,-0.23701125,-0.84204894,-0.84097356,0.13876536,-0.52297956,0.24079925,0.9615455,-0.13208279
1356333742157,0.49356836,-0.27783185,-0.8241358,-0.83269113,0.12255073,-0.5400063,0.2510294,0.9527805,-0.17086098
1356333742196,0.4795122,-0.2813486,-0.8312106,-0.8431599,0.11480159,-0.5252637,0.2432065,0.9527138,-0.18217307
1356333742236,0.44195974,-0.25102562,-0.8611955,-0.8702033,0.11307402,-0.47954184,0.21775609,0.96135336,-0.16846913
1356333742276,0.38540167,-0.19554868,-0.9017906,-0.90543294,0.10829805,-0.41044217,0.17792359,0.974696,-0.13531795
1356333742316,0.32317215,-0.129756,-0.9374023,-0.9373423,0.09238206,-0.33593902,0.13018924,0.9872329,-0.09177047
1356333742355,0.2663897,-0.064796776,-0.96168494,-0.9605328,0.06505081,-0.27045357,0.08008292,0.99577594,-0.04491055
1356333742397,0.22370058,-0.007636428,-0.974628,-0.9741007,0.032054603,-0.2238307,0.03295055,0.9994569,-2.6798248E-4
1356333742435,0.19831565,0.039082885,-0.9793587,-0.9801084,1.1190772E-4,-0.19846305,-0.0076468885,0.999236,0.038327634
1356333742477,0.1927118,0.073420525,-0.9785048,-0.9804561,-0.025832921,-0.19503444,-0.039597154,0.9969664,0.0670073
1356333742521,0.20897117,0.09279081,-0.97350955,-0.9759377,-0.043591768,-0.2136474,-0.06226158,0.99473095,0.081448644
1356333742550,0.24434522,0.09932262,-0.9645883,-0.96668595,-0.053268164,-0.25036156,-0.07624841,0.9936285,0.08299792
1356333742594,0.29273012,0.09267071,-0.9516939,-0.9527999,-0.055529207,-0.29847744,-0.08050695,0.9941472,0.0720416
1356333742645,0.34820578,0.07551971,-0.93437123,-0.9346303,-0.04884723,-0.3522504,-0.07224324,0.9959472,0.053574085
1356333742687,0.39048338,0.060514987,-0.9186189,-0.91874963,-0.037788033,-0.3930283,-0.058496922,0.9974518,0.040842533
1356333742725,0.41450387,0.05010155,-0.9086674,-0.9091493,-0.02155602,-0.4159122,-0.04042512,0.9985115,0.036614716
1356333742766,0.41916886,0.04479438,-0.9068026,-0.9076819,-0.0016285479,-0.41965574,-0.020274997,0.9989949,0.039976418
1356333742806,0.40492508,0.04531446,-0.91322637,-0.91434956,0.020953983,-0.40438336,8.113682E-4,0.998753,0.049918026
1356333742847,0.37146327,0.05187252,-0.9269975,-0.9282005,0.043788463,-0.36949506,0.021425247,0.9976933,0.064413846
1356333742887,0.3210976,0.06418094,-0.9448688,-0.9460888,0.06658572,-0.31698933,0.042570084,0.9957144,0.082101405
1356333742925,0.25846237,0.076762855,-0.96296656,-0.9638527,0.0872488,-0.25174513,0.064692974,0.9932246,0.0965386
1356333742967,0.20829418,0.07469922,-0.9752095,-0.97377986,0.10908416,-0.19963315,0.09146741,0.9912218,0.0954622
1356333743015,0.20236948,0.03059125,-0.9788313,-0.97109663,0.13544127,-0.19653752,0.12656185,0.99031305,0.05711624
1356333743057,0.23182622,-0.047275513,-0.9716078,-0.95890117,0.15687737,-0.23642758,0.16360047,0.98648596,-0.008964241
1356333743098,0.29109603,-0.14368334,-0.9458426,-0.9365108,0.15921001,-0.3124097,0.1954757,0.976733,-0.08821562
1356333743140,0.3419413,-0.22110581,-0.91333914,-0.91493225,0.14343368,-0.37726095,0.21441817,0.96464455,-0.15325096
1356333743178,0.358804,-0.2560659,-0.8976024,-0.90827435,0.12589322,-0.3989845,0.21516842,0.9584264,-0.18740714
1356333743216,0.3490722,-0.25455144,-0.90186036,-0.9150119,0.11511633,-0.38665432,0.20224223,0.9601832,-0.19273365
1356333743257,0.30670494,-0.21679896,-0.9267849,-0.9357167,0.10959078,-0.33529696,0.17425916,0.9700453,-0.1692504
1356333743296,0.25940362,-0.16384387,-0.95176935,-0.95581484,0.09757462,-0.27730334,0.13830295,0.9816488,-0.13129318
1356333743337,0.20661214,-0.100017816,-0.97329736,-0.973868,0.0748525,-0.21442524,0.09430003,0.99216604,-0.081938714
1356333743392,0.16073838,-0.03270176,-0.9864551,-0.98600316,0.039520472,-0.16197479,0.04428196,0.99868345,-0.025891513
1356333743425,0.1545308,0.018316776,-0.9878181,-0.98798454,0.0054964125,-0.15445489,0.0026003122,0.9998171,0.018946081
1356333743473,0.17270657,0.05146104,-0.98362803,-0.9845589,-0.019943982,-0.17391339,-0.028567225,0.9984758,0.04722202
1356333743508,0.2152023,0.06803185,-0.974197,-0.9753079,-0.035719723,-0.21794215,-0.04962498,0.9970436,0.058664948
1356333743545,0.27689007,0.06779438,-0.9585071,-0.9589272,-0.04441771,-0.2801531,-0.061567485,0.9967101,0.05271101
1356333743584,0.3427643,0.05994171,-0.93750715,-0.93704665,-0.049099714,-0.34573525,-0.066755265,0.9969936,0.03933853
1356333743632,0.4038295,0.047116905,-0.9136201,-0.912601,-0.0489901,-0.40590551,-0.063883334,0.99768734,0.023215294
1356333743666,0.45051098,0.036614656,-0.89201975,-0.89102995,-0.043926477,-0.45181414,-0.05572632,0.9983635,0.012835398
1356333743706,0.48118982,0.029741973,-0.8761117,-0.8756622,-0.030311376,-0.48197192,-0.040890932,0.9990979,0.011458412
1356333743745,0.4968206,0.026070058,-0.8674617,-0.86756015,-0.011058658,-0.49720943,-0.022555202,0.999599,0.017123118
1356333743787,0.49900407,0.02591753,-0.866212,-0.8665988,0.01352489,-0.49882218,-0.0012128651,0.9995725,0.029209092
1356333743835,0.48523024,0.031420797,-0.8738217,-0.87403405,0.045796305,-0.48370144,0.024819493,0.9984565,0.049684644
1356333743877,0.4522854,0.040705174,-0.8909439,-0.8904772,0.07648134,-0.44855428,0.049882114,0.9962398,0.07083845
1356333743916,0.41304892,0.04919648,-0.9093791,-0.90760183,0.10464901,-0.40658036,0.075163335,0.99329174,0.08787596
1356333743956,0.37773892,0.046135277,-0.9247621,-0.9202541,0.1289517,-0.36946434,0.10220435,0.99057716,0.09116617
1356333743996,0.37316692,0.009791613,-0.92771256,-0.9180588,0.14815527,-0.36772004,0.13384488,0.9889157,0.06427592
1356333744036,0.40437165,-0.06503001,-0.91227996,-0.8989097,0.15568015,-0.40954262,0.16865647,0.98566467,0.004496515
1356333744076,0.46613002,-0.16958293,-0.8683113,-0.8612435,0.13759995,-0.4892094,0.20244122,0.9758626,-0.081912786
1356333744116,0.5155675,-0.2575931,-0.8172122,-0.8263338,0.10278624,-0.55372137,0.22663292,0.9607709,-0.15986463
1356333744155,0.5358804,-0.30542943,-0.7871119,-0.81069267,0.07424629,-0.58074504,0.23581675,0.9493157,-0.20782223
1356333744195,0.5251577,-0.31006107,-0.7925097,-0.81979513,0.065567106,-0.56889087,0.2283535,0.948453,-0.21975347
1356333744237,0.4879016,-0.27885938,-0.8271575,-0.84844947,0.07120243,-0.5244652,0.20514765,0.9576887,-0.20185831
1356333744275,0.4316563,-0.2223779,-0.8741973,-0.88614,0.07661009,-0.45704138,0.16860825,0.971946,-0.16398877
1356333744317,0.36946255,-0.15442598,-0.91632426,-0.92102575,0.07001378,-0.38315752,0.12332487,0.9855206,-0.1163629
1356333744355,0.31222355,-0.08603048,-0.94610536,-0.9471276,0.049313903,-0.31704506,0.073931724,0.9950713,-0.06608489
1356333744395,0.27146378,-0.027305871,-0.96206117,-0.96206605,0.020483345,-0.27204654,0.027134687,0.9994172,-0.020709544
1356333744437,0.25046718,0.017398745,-0.9679687,-0.9680271,-0.009717822,-0.2506569,-0.013767719,0.99980134,0.014408469
1356333744475,0.2528095,0.045965225,-0.9664236,-0.96643305,-0.035252005,-0.2544886,-0.045766056,0.9983208,0.0355103
1356333744520,0.27674693,0.056619555,-0.95927334,-0.95849884,-0.05488825,-0.2797632,-0.06849286,0.9968859,0.039079607
1356333744552,0.3130846,0.055818766,-0.9480835,-0.94616294,-0.068050206,-0.3164569,-0.08218145,0.99611926,0.031508148
1356333744599,0.35258767,0.046285033,-0.93463343,-0.93188566,-0.07364407,-0.35519806,-0.08527058,0.99621,0.017166376
1356333744635,0.38535956,0.033790648,-0.9221476,-0.9195308,-0.06955168,-0.38681465,-0.077207625,0.9970059,0.004269153
1356333744677,0.40486696,0.022350162,-0.9141024,-0.91247535,-0.05454126,-0.40547985,-0.058918893,0.9982613,-0.0016879439
1356333744715,0.40822634,0.014127612,-0.91277146,-0.9122754,-0.030095667,-0.4084703,-0.033241183,0.9994472,6.0242414E-4
1356333744755,0.39463168,0.010484844,-0.9187796,-0.91882706,-6.978512E-4,-0.39466006,-0.0047791004,0.99994487,0.009358346
1356333744795,0.36540475,0.012911916,-0.9307592,-0.9305389,0.03086254,-0.3648902,0.024014145,0.9994402,0.023292392
1356333744837,0.32180777,0.021878958,-0.94655216,-0.9454222,0.061438352,-0.3200035,0.051153243,0.99787104,0.040456206
1356333744877,0.2688054,0.036156416,-0.9625156,-0.96007156,0.090462,-0.26472464,0.07749951,0.9952433,0.05902946
1356333744925,0.21739778,0.045369178,-0.9750281,-0.9702586,0.11900815,-0.21079668,0.10647255,0.9918561,0.06989205
1356333744973,0.19462088,0.021816313,-0.98063594,-0.97049755,0.14934972,-0.1892862,0.1423282,0.98854375,0.050239205
1356333745024,0.22843188,-0.061800927,-0.97159636,-0.9559666,0.17462969,-0.23586488,0.18424621,0.9826927,-0.019188583
1356333745063,0.2893722,-0.16921264,-0.9421416,-0.93154806,0.17662251,-0.3178406,0.22018605,0.9696245,-0.10652009
1356333745105,0.35155362,-0.26682928,-0.89733624,-0.9044359,0.15063919,-0.39912876,0.24167326,0.9518981,-0.1883722
1356333745145,0.3908921,-0.32455796,-0.8613162,-0.8872736,0.11605577,-0.4464041,0.2448447,0.9387189,-0.24260643
1356333745185,0.4033012,-0.33743033,-0.85058165,-0.8853787,0.090960234,-0.45588464,0.23119846,0.9369456,-0.26206926
1356333745227,0.39444196,-0.31434864,-0.8634816,-0.89602333,0.07688971,-0.43729872,0.20385712,0.9461886,-0.2513352
1356333745275,0.3583402,-0.25188816,-0.89896864,-0.92019975,0.067212,-0.38563582,0.15755862,0.96541953,-0.20770267
1356333745317,0.32633132,-0.18461493,-0.9270519,-0.9389876,0.049442932,-0.34037894,0.10867521,0.9815665,-0.15721631
1356333745357,0.29134074,-0.11601859,-0.9495579,-0.95486134,0.024881035,-0.29600793,0.057968378,0.99293536,-0.10353279
1356333745395,0.26047596,-0.055656403,-0.9638748,-0.9654149,-0.0033893287,-0.26069647,0.011242539,0.99844426,-0.054614365
1356333745437,0.23507792,-0.00692302,-0.97195184,-0.97151804,-0.032384396,-0.23474231,-0.02985096,0.9994515,-0.014338672
1356333745475,0.21887329,0.026379466,-0.9753966,-0.9737768,-0.057686955,-0.22006992,-0.062073052,0.9979861,0.013061613
1356333745516,0.213283,0.04316753,-0.97603637,-0.97330016,-0.0773617,-0.2161066,-0.08483654,0.9960682,0.02551499
1356333745552,0.2157723,0.04591307,-0.9753637,-0.9715171,-0.09012106,-0.2191636,-0.09796327,0.9948719,0.025159657
1356333745597,0.22087777,0.04021895,-0.97447187,-0.96999526,-0.09502345,-0.22378495,-0.101598084,0.9946623,0.01802358
1356333745634,0.22168037,0.03319788,-0.9745541,-0.9703721,-0.09098819,-0.22382858,-0.09610349,0.9952985,0.012043983
1356333745677,0.2142719,0.029405057,-0.97633135,-0.9733539,-0.07714468,-0.2159419,-0.081668586,0.9965862,0.012091577
1356333745715,0.19840124,0.029935777,-0.9796636,-0.97831184,-0.05465278,-0.19979748,-0.05952239,0.99805653,0.018443346
1356333745757,0.17572588,0.034669966,-0.9838285,-0.98391044,-0.02656287,-0.1766766,-0.03225869,0.9990457,0.029444337
1356333745796,0.14801449,0.044145793,-0.98799944,-0.98898244,0.0042595267,-0.14797145,-0.002323866,0.999016,0.044289857
1356333745845,0.116108924,0.060047418,-0.9914198,-0.9927664,0.037726432,-0.113981724,0.030558497,0.9974824,0.063993335
1356333745886,0.08613819,0.076355636,-0.9933529,-0.9943473,0.06871563,-0.08094254,0.062078446,0.9947101,0.08184305
1356333745926,0.06766206,0.084027916,-0.9941635,-0.99317,0.10060626,-0.05909103,0.09505379,0.9913716,0.09026119
1356333745965,0.071745396,0.06737241,-0.99514496,-0.9883374,0.13916117,-0.061833233,0.13431966,0.98797524,0.07657084
1356333746044,0.10676435,0.013238251,-0.99419624,-0.9775122,0.18428198,-0.10251889,0.18185526,0.9827843,0.032615304
1356333746050,0.17689279,-0.08657637,-0.9804149,-0.95597684,0.22184649,-0.19207379,0.23413068,0.9712304,-0.043522
1356333746085,0.25564092,-0.19227666,-0.9474584,-0.927175,0.22884347,-0.29660952,0.27385077,0.95428526,-0.119772375
1356333746127,0.31696177,-0.26602927,-0.91036457,-0.9026631,0.20998222,-0.37564188,0.2910921,0.9408166,-0.17357844
1356333746171,0.3464396,-0.28451306,-0.8938859,-0.8959151,0.18209983,-0.40518627,0.27805728,0.9412184,-0.19181287
1356333746206,0.35993826,-0.2683325,-0.8935559,-0.89942384,0.1547391,-0.40876976,0.24795425,0.95081735,-0.18564811
1356333746247,0.35435492,-0.22115082,-0.908584,-0.9133982,0.12630689,-0.38697577,0.20034042,0.96702576,-0.15724128
1356333746285,0.342005,-0.16201663,-0.9256258,-0.9283898,0.094098166,-0.35949668,0.14534414,0.9822912,-0.11823255
1356333746325,0.3256926,-0.09990591,-0.9401825,-0.9413207,0.058859706,-0.33234143,0.08854169,0.9932544,-0.0748733
1356333746366,0.310624,-0.04323846,-0.94954896,-0.9498386,0.024054289,-0.31181413,0.0363231,0.9987752,-0.033597708
1356333746406,0.3021066,7.998347E-4,-0.9532739,-0.95325893,-0.0054083765,-0.30210644,-0.00539726,0.99998516,-8.715093E-4
1356333746446,0.3028698,0.02876091,-0.95259786,-0.95239574,-0.027382433,-0.30363226,-0.03481722,0.9992112,0.01909846
1356333746488,0.3145554,0.039446205,-0.9484192,-0.94775534,-0.042791545,-0.31611505,-0.053053856,0.9983051,0.023925006
1356333746527,0.3336425,0.03653282,-0.9419915,-0.9406448,-0.053040057,-0.33522245,-0.062209904,0.99792385,0.016667992
1356333746564,0.35507432,0.024482071,-0.9345175,-0.9327976,-0.056734174,-0.35590714,-0.06173238,0.99808913,0.0026919544
1356333746601,0.37056056,0.010758042,-0.928746,-0.9273542,-0.05164495,-0.3706034,-0.051952004,0.9986075,-0.009161085
1356333746644,0.3762547,-6.5365434E-4,-0.92651606,-0.92594945,-0.035240322,-0.37599972,-0.03240496,0.9993787,-0.013864577
1356333746695,0.3673278,-0.005936891,-0.93007255,-0.9300847,-0.0061858296,-0.36729315,-0.0035726726,0.9999633,-0.007794082
1356333746735,0.33916306,-0.0038450956,-0.9407198,-0.94043624,0.023501217,-0.33915693,0.023412168,0.99971646,0.0043546557
1356333746782,0.29794872,0.007764846,-0.95455027,-0.9533955,0.052259028,-0.2971632,0.047576427,0.9986034,0.022973478
1356333746816,0.24492899,0.026703686,-0.9691732,-0.96713674,0.07708284,-0.2422905,0.06823659,0.996667,0.044705927
1356333746855,0.18688959,0.049523532,-0.98113185,-0.9784921,0.09816146,-0.18143198,0.0873242,0.9939375,0.06680372
1356333746895,0.13267624,0.06603876,-0.98895705,-0.98518336,0.11819005,-0.12427771,0.108677775,0.99079263,0.08074129
1356333746937,0.10032374,0.05747658,-0.9932933,-0.9852869,0.14457333,-0.09114933,0.13836476,0.98782337,0.071135074
1356333746975,0.097173095,0.016910106,-0.99512386,-0.97957516,0.17847586,-0.09262192,0.17603937,0.983799,0.03390777
1356333747016,0.13401678,-0.062773645,-0.9889889,-0.966656,0.21147332,-0.1444132,0.2182101,0.97536576,-0.032339513
1356333747056,0.18629494,-0.14911988,-0.9711114,-0.9498466,0.2253463,-0.21681875,0.25116828,0.96279913,-0.0996601
1356333747096,0.2275069,-0.20928857,-0.95101994,-0.9371159,0.21839759,-0.27224296,0.26467782,0.9531531,-0.14644068
1356333747135,0.24219708,-0.22739702,-0.9432026,-0.93580097,0.2019143,-0.28897607,0.25615844,0.9526391,-0.16389531
1356333747175,0.23020148,-0.20865458,-0.95051074,-0.9459711,0.18121994,-0.26888314,0.2283552,0.9610529,-0.15566409
1356333747217,0.1990799,-0.16593257,-0.96583307,-0.96228313,0.15336946,-0.22469741,0.18541387,0.9741376,-0.12914133
1356333747255,0.16285023,-0.115787834,-0.9798331,-0.97739685,0.116763026,-0.1762434,0.13481519,0.98638713,-0.09415585
1356333747300,0.12620145,-0.0646365,-0.98989666,-0.988868,0.07109445,-0.13071251,0.078825,0.99537313,-0.054944754
1356333747335,0.10047224,-0.021906972,-0.99469864,-0.99459326,0.024176449,-0.10099405,0.026260704,0.9994677,-0.01935941
1356333747377,0.08496401,0.011395335,-0.9963188,-0.9961668,-0.019905716,-0.08517873,-0.020803064,0.9997369,0.009660393
1356333747425,0.08500901,0.032541722,-0.99584866,-0.9946599,-0.05593446,-0.0867354,-0.058524728,0.99790406,0.027612984
1356333747466,0.10164428,0.04220268,-0.9939253,-0.99133646,-0.07924992,-0.10474455,-0.08318895,0.99596107,0.033781737
1356333747544,0.1294975,0.04141411,-0.99071455,-0.9870199,-0.09032425,-0.13279036,-0.09498492,0.995051,0.029179752
1356333747548,0.16327852,0.033715755,-0.98600376,-0.98196757,-0.09097469,-0.165721,-0.09528875,0.99528235,0.018253505
1356333747583,0.19405171,0.024864048,-0.9806762,-0.9771453,-0.08353481,-0.19547102,-0.08678076,0.9961946,0.008085698
1356333747627,0.21476364,0.01873687,-0.9764863,-0.97400737,-0.06961322,-0.21555418,-0.07201517,0.9973981,0.0032994747
1356333747664,0.22232518,0.01660207,-0.9748313,-0.9735167,-0.050842315,-0.22289124,-0.053263128,0.9985688,0.0048588216
1356333747707,0.2160823,0.018561125,-0.9761988,-0.9758308,-0.029277354,-0.21655753,-0.032600075,0.99939907,0.011786193
1356333747747,0.19602698,0.024902403,-0.98028225,-0.98053485,-0.0064105988,-0.1962404,-0.011171043,0.9996693,0.023161024
1356333747788,0.16365084,0.03439209,-0.98591864,-0.9864763,0.014932126,-0.16322255,0.009108335,0.9992969,0.036370635
1356333747826,0.12407383,0.046070755,-0.9912029,-0.991834,0.03546831,-0.122504264,0.029512465,0.9983083,0.05009523
1356333747865,0.082594246,0.054721862,-0.9950798,-0.99524,0.056355447,-0.079508424,0.051727355,0.9969101,0.059115976
1356333747905,0.054459006,0.048849672,-0.9973203,-0.99538136,0.08173606,-0.050349593,0.079057425,0.9954561,0.053075373
1356333747945,0.055764556,0.014577597,-0.9983375,-0.99197066,0.114483535,-0.053737283,0.11350986,0.9933182,0.020844638
1356333747985,0.09603146,-0.053983033,-0.9939134,-0.9834772,0.14880183,-0.10310516,0.15346208,0.9873924,-0.03880143
1356333748024,0.16555983,-0.14297816,-0.97578025,-0.9673624,0.16891772,-0.18888259,0.19183266,0.9752046,-0.11034572
1356333748066,0.23592532,-0.22114983,-0.94627273,-0.94667566,0.16756397,-0.27518654,0.21941867,0.96073675,-0.16982454
1356333748107,0.2782396,-0.26127228,-0.92429405,-0.9325284,0.15710668,-0.32512802,0.2301597,0.95239395,-0.19993049
1356333748150,0.2888578,-0.26229635,-0.9207398,-0.9305546,0.14911243,-0.33441544,0.22500974,0.95339715,-0.2010088
1356333748194,0.25347415,-0.21966583,-0.942071,-0.94651335,0.14468649,-0.2884064,0.19965798,0.9647864,-0.17124236
1356333748226,0.20229769,-0.159365,-0.9662704,-0.96578604,0.13102692,-0.22380626,0.1622743,0.97848594,-0.12740606
1356333748267,0.13635513,-0.08822161,-0.986724,-0.9842461,0.101093024,-0.14505136,0.112547636,0.99095774,-0.07304728
1356333748306,0.08548921,-0.026461631,-0.9959876,-0.9944042,0.0600034,-0.0869475,0.062063396,0.9978474,-0.021183908
1356333748347,0.053614587,0.02214253,-0.99831617,-0.9984561,0.015725464,-0.05327335,0.014519334,0.99963117,0.022951514
1356333748397,0.057385266,0.052071184,-0.9969933,-0.9980284,-0.02243495,-0.058616668,-0.025419742,0.9983914,0.050681084
1356333748435,0.10259372,0.06516385,-0.99258673,-0.9932767,-0.047086418,-0.10575631,-0.053628832,0.9967631,0.05989492
