1356334245145,0.36554962,-0.42931265,-0.8258717,0.67480665,-0.48889494,0.5528269,-0.64110017,-0.7593894,0.11098772
1356334245174,0.16665208,0.003408581,0.9860099,-0.7491454,0.65062547,0.124368906,-0.6410993,-0.7593911,0.11098158
1356334245214,0.16652423,0.003400743,0.9860315,-0.74918586,0.65059566,0.12428114,-0.6410852,-0.7594167,0.11088771
1356334245244,0.16602969,0.0035615563,0.98611426,-0.74933225,0.65051615,0.12381378,-0.64104235,-0.75948405,0.110673785
1356334245284,0.16491914,0.004046738,0.9862988,-0.74973327,0.65026605,0.12269497,-0.6408601,-0.75969577,0.11027527
1356334245314,0.1623161,0.0060462058,0.9867203,-0.7505665,0.6499022,0.11948633,-0.6405493,-0.75999373,0.11002767
1356334245345,0.15882316,0.0092969835,0.9872633,-0.7517476,0.64937806,0.11482012,-0.6400397,-0.76040894,0.11012524
1356334245384,0.15436256,0.014423013,0.987909,-0.75350004,0.6484718,0.10826841,-0.6390696,-0.7611021,0.11096746
1356334245425,0.1463261,0.023646414,0.9889537,-0.7562085,0.64718854,0.09641433,-0.6377597,-0.7619631,0.11258221
1356334245454,0.13493593,0.036037683,0.9901988,-0.7594044,0.6456835,0.079985976,-0.6364725,-0.76275426,0.11449307
1356334245485,0.12351248,0.04870993,0.9911468,-0.7623504,0.64405656,0.06334871,-0.6352689,-0.7634255,0.11668301
1356334245524,0.11205833,0.061668813,0.99178624,-0.7650044,0.64234453,0.046494365,-0.63420117,-0.7639309,0.11915696
1356334245555,0.099215955,0.075386256,0.9922062,-0.7674655,0.64047503,0.028080642,-0.63336635,-0.76427,0.12140173
1356334245594,0.08741541,0.08789924,0.9922864,-0.76944554,0.638614,0.0112142265,-0.6327023,-0.7644906,0.123458385
1356334245625,0.07623248,0.099475026,0.9921156,-0.77121955,0.63655293,-0.0045651495,-0.63198817,-0.7647909,0.12524313
1356334245664,0.066802934,0.10930586,0.99176085,-0.77317524,0.6339429,-0.01778987,-0.63066435,-0.76561654,0.12686181
1356334245695,0.058684528,0.11758438,0.9913274,-0.77537274,0.6308411,-0.028925508,-0.6287713,-0.7669507,0.1281923
1356334245734,0.05164413,0.1240572,0.9909303,-0.77851176,0.62648726,-0.03785801,-0.62550175,-0.76949567,0.12893432
1356334245765,0.045433104,0.12868166,0.9906447,-0.78208804,0.62155056,-0.044869244,-0.62150955,-0.7727328,0.12887937
1356334245804,0.038662538,0.13160327,0.99054825,-0.78675103,0.61515826,-0.051021278,-0.61605847,-0.77734226,0.12732261
1356334245836,0.032225326,0.1330952,0.99057925,-0.791464,0.6086423,-0.056030005,-0.61036575,-0.78220224,0.12495375
1356334245893,0.024552241,0.13369367,0.99071854,-0.79623735,0.6018519,-0.061484993,-0.60448605,-0.7873375,0.121228635
1356334245904,0.01598394,0.1340012,0.99085224,-0.800133,0.5959906,-0.06769341,-0.5996096,-0.7917316,0.116745055
1356334245931,0.005607307,0.13415283,0.99094474,-0.80275834,0.5915011,-0.075534254,-0.5962781,-0.79506564,0.11100906
1356334245960,-0.0070973933,0.13428232,0.99091774,-0.80386233,0.5886347,-0.085525334,-0.5947731,-0.7971684,0.10376674
1356334245990,-0.022622854,0.13431686,0.9906802,-0.80325544,0.5875176,-0.09799877,-0.59520495,-0.79798627,0.094599426
1356334246020,-0.04120484,0.13412243,0.9901078,-0.80086374,0.58808994,-0.11299327,-0.59742737,-0.7975973,0.08318162
1356334246050,-0.062931776,0.13343006,0.9890581,-0.796594,0.59030026,-0.13032088,-0.60122997,-0.79607916,0.06914097
1356334246080,-0.08763689,0.13191769,0.98737913,-0.79037154,0.5941003,-0.14952517,-0.60632724,-0.79350024,0.052198887
1356334246112,-0.114917696,0.12928107,0.98492664,-0.78220356,0.5993977,-0.16994137,-0.612333,-0.78994226,0.032242656
1356334246142,-0.14327013,0.12540215,0.9817066,-0.7724895,0.60589534,-0.19013348,-0.6186546,-0.7855985,0.010065138
1356334246175,-0.1715438,0.120283544,0.977806,-0.76159114,0.61340773,-0.20906922,-0.62494123,-0.78055286,-0.013619363
1356334246204,-0.19773221,0.11388624,0.9736179,-0.7502936,0.6216067,-0.22508797,-0.63084185,-0.7750064,-0.037463546
1356334246234,-0.22125158,0.10604817,0.96943355,-0.7390586,0.6303376,-0.23762748,-0.6362704,-0.7690437,-0.06108737
1356334246264,-0.24138969,0.09604365,0.9656639,-0.72847325,0.6394977,-0.24570209,-0.64113796,-0.76277024,-0.08440292
1356334246294,-0.25799152,0.082939416,0.96258056,-0.71897817,0.64904237,-0.24862486,-0.6453763,-0.75621754,-0.10781574
1356334246324,-0.27056623,0.06553006,0.9604684,-0.7111556,0.65885687,-0.24528614,-0.6488849,-0.7494087,-0.13166237
1356334246354,-0.2792156,0.042929262,0.95926845,-0.70529985,0.6687478,-0.23522046,-0.65160644,-0.742249,-0.15644681
1356334246384,-0.28373957,0.0143533945,0.958794,-0.70170945,0.67835146,-0.21781462,-0.6535257,-0.7345974,-0.18240327
1356334246414,-0.28501803,-0.019997716,0.9583135,-0.70009875,0.68722063,-0.19388008,-0.6546957,-0.7261734,-0.2098707
1356334246443,-0.28429598,-0.059536725,0.95688623,-0.69992423,0.69496506,-0.164711,-0.65519613,-0.7165745,-0.23924696
1356334246474,-0.2825045,-0.103162736,0.95370257,-0.70079017,0.7010958,-0.1317491,-0.6550453,-0.7055651,-0.27035815
1356334246504,-0.28251588,-0.14852428,0.94769466,-0.70172745,0.70558816,-0.098609984,-0.65403616,-0.6928823,-0.30356342
1356334246534,-0.2859562,-0.19389516,0.93842083,-0.702673,0.7082775,-0.0677757,-0.651521,-0.6787839,-0.33878124
1356334246564,-0.2943493,-0.23712283,0.92581385,-0.7039825,0.7089602,-0.042239666,-0.64634913,-0.66418993,-0.37561226
1356334246594,-0.30688664,-0.27628523,0.9107618,-0.706724,0.70709443,-0.02363342,-0.63746506,-0.65091,-0.4122553
1356334246624,-0.32076192,-0.30951536,0.8951604,-0.7119932,0.70207727,-0.012373924,-0.62464184,-0.6413172,-0.4455725
1356334246654,-0.33019853,-0.33547586,0.88228387,-0.72034365,0.69359255,-0.005862981,-0.6099786,-0.6374836,-0.4706812
1356334246684,-0.32924122,-0.35341334,0.87561363,-0.73176277,0.68155944,-6.2048435E-5,-0.5967608,-0.64076185,-0.48301214
1356334246714,-0.31551334,-0.3629012,0.87678623,-0.74494195,0.66708094,0.008035451,-0.5878035,-0.6506195,-0.48081326
1356334246744,-0.28974786,-0.3637703,0.8852781,-0.7583373,0.6515695,0.019536316,-0.58392704,-0.6656788,-0.46465153
1356334246774,-0.25487244,-0.3557719,0.89914757,-0.7706816,0.6363481,0.03333077,-0.584029,-0.6844615,-0.43637443
1356334246804,-0.21374142,-0.33893806,0.9162072,-0.78155535,0.62200403,0.047773123,-0.58607674,-0.70585555,-0.39784682
1356334246834,-0.16973582,-0.31357425,0.93427026,-0.79088336,0.6089492,0.060699284,-0.5879569,-0.728596,-0.35136116
1356334246864,-0.12619734,-0.28045464,0.9515353,-0.79886806,0.59740424,0.0701285,-0.5881191,-0.7513011,-0.29943705
1356334246894,-0.08648205,-0.24059206,0.9667659,-0.8058793,0.58742493,0.07409832,-0.58572984,-0.7726885,-0.24468988
1356334246924,-0.054614365,-0.19532886,0.979216,-0.812274,0.57903636,0.07019973,-0.5807136,-0.7915577,-0.1902842
1356334246954,-0.031514764,-0.14668372,0.9886813,-0.81865835,0.5712769,0.058661133,-0.5734154,-0.8075435,-0.13808751
1356334246984,-0.018701553,-0.09578025,0.9952268,-0.8252223,0.5634791,0.038722098,-0.56449836,-0.8205592,-0.08957797
1356334247014,-0.016847104,-0.043778062,0.9988992,-0.8318025,0.5549762,0.010293633,-0.554816,-0.8307134,-0.045764446
1356334247044,-0.025663689,0.008143574,0.99963754,-0.8378329,0.54530954,-0.025952041,-0.5453232,-0.83819526,-0.0071716905
1356334247074,-0.044712484,0.059028357,0.99725443,-0.84237146,0.5344099,-0.0694004,-0.5370392,-0.8431618,0.025829017
1356334247104,-0.073082924,0.10788646,0.9914733,-0.84432375,0.52243304,-0.11908454,-0.530826,-0.8458275,0.05291021
1356334247134,-0.10970563,0.15390521,0.98197645,-0.8427136,0.50946933,-0.17399648,-0.5270658,-0.8466134,0.073806405
1356334247164,-0.152756,0.19617891,0.9685966,-0.8368728,0.49563047,-0.23236668,-0.52565145,-0.8460876,0.08846629
1356334247194,-0.2000446,0.23415983,0.9513944,-0.8264977,0.48116115,-0.29220793,-0.5261974,-0.84477985,0.09727883
1356334247224,-0.24838322,0.26755738,0.93097734,-0.8118272,0.46680796,-0.350752,-0.5284339,-0.8429136,0.101263106
1356334247254,-0.2938561,0.29648453,0.90870535,-0.7937761,0.45393708,-0.40479708,-0.5325111,-0.84026074,0.10195017
1356334247284,-0.3326997,0.32148033,0.8865446,-0.7738922,0.4441379,-0.45147792,-0.5388893,-0.83629656,0.101026535
1356334247314,-0.36213744,0.34301838,0.86671484,-0.75391054,0.43901902,-0.4887546,-0.54815614,-0.8304219,0.099620044
1356334247345,-0.38091594,0.36127663,0.8511065,-0.7352878,0.43973368,-0.5157384,-0.5605844,-0.82226115,0.09814072
1356334247374,-0.38910657,0.37583804,0.8410362,-0.7191709,0.446599,-0.5322993,-0.5756643,-0.8119699,0.096517146
1356334247404,-0.3874033,0.38589108,0.8372614,-0.7061604,0.4596331,-0.53858596,-0.5926686,-0.79989094,0.09443766
1356334247434,-0.37698957,0.3900897,0.84006476,-0.6967599,0.47813722,-0.53470594,-0.6102495,-0.786902,0.09154612
1356334247464,-0.3593769,0.3870541,0.8491392,-0.6911322,0.50102025,-0.5208791,-0.6270443,-0.77405936,0.087450445
1356334247494,-0.33612502,0.37560672,0.86367786,-0.68907195,0.5270562,-0.49738473,-0.64202785,-0.7623196,0.08166325
1356334247524,-0.30899036,0.3550521,0.88230544,-0.68990576,0.55488294,-0.46490318,-0.6546411,-0.75235826,0.073499024
1356334247555,-0.2804986,0.32522583,0.90307736,-0.6925324,0.58288777,-0.4250185,-0.6646197,-0.7446274,0.061730206
1356334247595,-0.25931442,0.28568563,0.9225724,-0.6946187,0.60852,-0.3836773,-0.6710148,-0.7403291,0.040644586
1356334247636,-0.24736792,0.23059309,0.94108236,-0.69807583,0.6311494,-0.3381428,-0.671937,-0.74059254,0.004845321
1356334247676,-0.260454,0.16510719,0.951264,-0.701792,0.64427346,-0.30397314,-0.66306233,-0.74676055,-0.051932693
1356334247707,-0.29377794,0.096876085,0.95095193,-0.70684534,0.6477,-0.28434896,-0.64347816,-0.75571144,-0.12180358
1356334247744,-0.35537362,0.034366965,0.93409234,-0.70999235,0.6400565,-0.2936641,-0.6079642,-0.76755893,-0.20305884
1356334247774,-0.40824068,-0.019660115,0.91266257,-0.7136852,0.6302582,-0.30565992,-0.5692038,-0.77613664,-0.2713282
1356334247804,-0.43927422,-0.06083277,0.896291,-0.7207942,0.6193495,-0.31122655,-0.53618455,-0.7827552,-0.31591213
1356334247834,-0.4441232,-0.08890948,0.8915434,-0.73387873,0.6069289,-0.30505624,-0.5139811,-0.7897674,-0.3348
1356334247864,-0.42511147,-0.10445219,0.89909405,-0.7527708,0.59237266,-0.28710774,-0.50260967,-0.7988645,-0.33045298
1356334247894,-0.38757846,-0.10797429,0.9154914,-0.77507466,0.5757985,-0.26022175,-0.49904138,-0.8104305,-0.3068552
1356334247924,-0.33664095,-0.10006103,0.9363016,-0.79812944,0.5579501,-0.22733489,-0.49966216,-0.8238201,-0.26769048
1356334247954,-0.27869576,-0.081653416,0.95690197,-0.81917614,0.5402792,-0.1924808,-0.5012775,-0.8375149,-0.21746206
1356334247984,-0.21982086,-0.054480582,0.9740178,-0.8366474,0.524002,-0.15950897,-0.5016971,-0.84997284,-0.16076761
1356334248014,-0.16601852,-0.020802468,0.98590326,-0.8500664,0.5097649,-0.13238865,-0.4998249,-0.8600622,-0.102313936
1356334248044,-0.12112638,0.01690507,0.9924931,-0.8600885,0.49737242,-0.11343908,-0.4955564,-0.8673724,-0.04570508
1356334248075,-0.08816114,0.056506366,0.9945022,-0.86758316,0.486181,-0.10453418,-0.48941484,-0.8720293,0.0061616898
1356334248104,-0.06886876,0.0960556,0.99299073,-0.873456,0.4751048,-0.106537044,-0.48200813,-0.8746707,0.051180482
1356334248134,-0.06499368,0.13411129,0.9888327,-0.87831414,0.46265483,-0.1204775,-0.4736456,-0.876336,0.08772224
1356334248164,-0.07767415,0.16962561,0.98244286,-0.8823147,0.4471289,-0.14695776,-0.46420637,-0.87823856,0.114932775
1356334248194,-0.10699713,0.20178276,0.9735683,-0.8847814,0.4273582,-0.185814,-0.45355642,-0.8812767,0.13280755
1356334248224,-0.15161115,0.23004663,0.9612973,-0.88384914,0.4038505,-0.23604128,-0.44252083,-0.8854283,0.14209831
1356334248254,-0.20727804,0.25408068,0.9447109,-0.8772136,0.3792002,-0.2944547,-0.43304974,-0.88974726,0.14428318
1356334248284,-0.26654428,0.27410755,0.9240234,-0.86392355,0.35709053,-0.35513717,-0.4273058,-0.89294535,0.14162755
1356334248314,-0.32143676,0.29061338,0.9012338,-0.8453785,0.34072822,-0.41138712,-0.4266304,-0.89411867,0.13615578
1356334248344,-0.36627305,0.30410692,0.87941056,-0.82454205,0.3319316,-0.4582049,-0.4312474,-0.8929392,0.12917137
1356334248374,-0.39793175,0.31475085,0.8617321,-0.80469435,0.3313502,-0.49261957,-0.4405876,-0.8894599,0.12142342
1356334248404,-0.41506743,0.32231122,0.85078466,-0.78857654,0.33891392,-0.5131125,-0.4537247,-0.8838851,0.11349487
1356334248434,-0.41743886,0.3260616,0.8481913,-0.7779497,0.35414904,-0.51901126,-0.46961576,-0.87650573,0.10582405
1356334248464,-0.40551835,0.32471758,0.8544666,-0.7734266,0.37634176,-0.51007664,-0.48720235,-0.86771274,0.09853172
1356334248494,-0.38042158,0.31666228,0.86890984,-0.7743679,0.40459108,-0.48647743,-0.50560224,-0.8579225,0.091297925
1356334248524,-0.344051,0.30029267,0.88963664,-0.77892333,0.4377982,-0.44901136,-0.5243162,-0.84744155,0.08328003
1356334248554,-0.29937246,0.27412304,0.91391057,-0.78449905,0.47447196,-0.3992963,-0.5430812,-0.8365004,0.0730055
1356334248584,-0.2524472,0.23748314,0.93801504,-0.7878022,0.5124185,-0.34175274,-0.5618169,-0.8252448,0.057731092
1356334248614,-0.21281001,0.19050792,0.9583416,-0.78629565,0.5488591,-0.2837126,-0.5800439,-0.8139167,0.0329929
1356334248644,-0.1928311,0.13472214,0.9719393,-0.77923954,0.5809487,-0.23512608,-0.5963236,-0.8027132,-0.0070441365
1356334248674,-0.200717,0.07259199,0.976956,-0.7680577,0.6073772,-0.20292929,-0.60811186,-0.7910899,-0.06615609
1356334248704,-0.23536922,0.00788185,0.9718741,-0.75440145,0.6289744,-0.18780246,-0.6127641,-0.77738607,-0.14209515
1356334248734,-0.28367287,-0.054689497,0.9573603,-0.74023426,0.64714366,-0.18236858,-0.60957605,-0.76040393,-0.22406018
1356334248764,-0.32742918,-0.11060843,0.93837947,-0.72908986,0.6612802,-0.17645538,-0.6010143,-0.74193954,-0.29716593
1356334248794,-0.35211843,-0.15750507,0.92260766,-0.7253896,0.6688421,-0.16266608,-0.5914581,-0.72652763,-0.34976417
1356334248824,-0.3512584,-0.19504008,0.91573846,-0.7316222,0.66749966,-0.13846669,-0.58424854,-0.7186122,-0.37716055
1356334248854,-0.32451618,-0.22357297,0.91907805,-0.7468886,0.65677345,-0.103952676,-0.580385,-0.72018313,-0.38011765
1356334248885,-0.27541935,-0.24296665,0.9301137,-0.7674004,0.63830775,-0.060497314,-0.579,-0.7304317,-0.36225504
1356334248914,-0.20812201,-0.25244585,0.9449637,-0.788895,0.6144531,-0.009598553,-0.57821274,-0.7474748,-0.32703447
1356334248944,-0.13075411,-0.25103703,0.9591057,-0.8071413,0.5887124,0.044053048,-0.5756963,-0.7683736,-0.2795989
1356334248984,-0.02772136,-0.23658285,0.9712157,-0.8232081,0.5565667,0.11207977,-0.5670625,-0.7964057,-0.2101857
1356334249025,0.07066779,-0.20360768,0.97649884,-0.83169043,0.52845377,0.17037493,-0.55072415,-0.8241847,-0.13199389
1356334249054,0.13966852,-0.15890962,0.97736406,-0.8358958,0.5102057,0.20240662,-0.5308211,-0.8452443,-0.061572194
1356334249094,0.1930974,-0.11187139,0.9747811,-0.84056544,0.49360877,0.22315955,-0.5061256,-0.8624588,0.0012793541
1356334249124,0.20570539,-0.05744055,0.9769267,-0.8516363,0.48125815,0.20762032,-0.4820797,-0.8746949,0.050078988
1356334249154,0.18954936,-0.004858285,0.9818592,-0.8676181,0.4673374,0.16980737,-0.45968452,-0.8840657,0.08436835
1356334249194,0.13456458,0.046078622,0.9898328,-0.8890401,0.44676024,0.100064546,-0.4376071,-0.89346623,0.101083875
1356334249224,0.031616032,0.104644656,0.994007,-0.9072337,0.420345,-0.015395939,-0.41943702,-0.9013099,0.108226776
1356334249254,-0.0942128,0.1591835,0.98274344,-0.9088702,0.389111,-0.15015846,-0.40629905,-0.9073331,0.10801792
1356334249294,-0.23290855,0.20736298,0.95013374,-0.88586426,0.35786563,-0.29525682,-0.40124553,-0.9104574,0.10034549
1356334249324,-0.36616665,0.25162557,0.8958831,-0.8392583,0.32656252,-0.43474415,-0.40195453,-0.9110662,0.09160262
1356334249354,-0.46780205,0.28597844,0.83628803,-0.7839768,0.3026312,-0.5420284,-0.4080953,-0.9091923,0.082628906
1356334249384,-0.5364773,0.31257188,0.7838947,-0.732471,0.28887612,-0.6164713,-0.41914004,-0.90490305,0.07397431
1356334249424,-0.57246196,0.3345042,0.7485948,-0.69297296,0.29062653,-0.6597914,-0.43826455,-0.8964614,0.06542969
1356334249454,-0.5829688,0.34941354,0.7335241,-0.6710466,0.30194414,-0.6771456,-0.45808712,-0.88698363,0.05844885
1356334249494,-0.5717409,0.35937932,0.73753566,-0.663816,0.3256533,-0.67327434,-0.4821418,-0.87452644,0.052372396
1356334249534,-0.53243583,0.35561204,0.76814866,-0.6763989,0.36685258,-0.6386735,-0.50891733,-0.8596274,0.045210004
1356334249564,-0.47045797,0.33266088,0.8173164,-0.70158064,0.42076862,-0.5750985,-0.53521395,-0.84397304,0.035434425
1356334249604,-0.41554862,0.2960909,0.8600288,-0.7139831,0.4796083,-0.5101019,-0.56351346,-0.8260182,0.012103379
1356334249634,-0.36259007,0.23712967,0.9012757,-0.7214154,0.5408179,-0.43252254,-0.58998996,-0.8070226,-0.025026143
1356334249664,-0.3457975,0.17437735,0.92196333,-0.7119262,0.59129477,-0.37885535,-0.61121595,-0.78737724,-0.08032441
1356334249704,-0.39220577,0.116888106,0.91242087,-0.67986476,0.63132143,-0.37311816,-0.6196439,-0.7666619,-0.16813987
1356334249734,-0.4402368,0.058773756,0.89595616,-0.6515401,0.66568655,-0.36380893,-0.61780834,-0.74391335,-0.2547663
1356334249764,-0.47959727,0.010662854,0.87742394,-0.6310553,0.6906014,-0.3533255,-0.60971767,-0.7231569,-0.32448173
1356334249794,-0.49542624,-0.029919028,0.86813456,-0.62701756,0.70397717,-0.33356425,-0.601167,-0.7095921,-0.36752856
1356334249834,-0.46361643,-0.068902254,0.8833529,-0.6540382,0.69919336,-0.28872594,-0.59774053,-0.7116046,-0.36922222
1356334249864,-0.40822375,-0.1030651,0.90704525,-0.6901674,0.6851949,-0.23275909,-0.59751344,-0.72103083,-0.35084504
1356334249894,-0.32835108,-0.13240016,0.93523026,-0.7305915,0.6631673,-0.16261989,-0.59868324,-0.7366677,-0.3144821
1356334249934,-0.20115663,-0.15786585,0.96675456,-0.7758523,0.628163,-0.05885914,-0.59798753,-0.76189876,-0.24883974
1356334249964,-0.08156672,-0.16549024,0.98283255,-0.80139875,0.59716094,0.034041226,-0.59254277,-0.7848641,-0.18133217
1356334250004,0.051993594,-0.16423994,0.98504925,-0.8147638,0.56338906,0.1369409,-0.5774571,-0.80970246,-0.104524136
1356334250034,0.15176062,-0.14447764,0.9778011,-0.81633925,0.5394319,0.206406,-0.55727816,-0.8295417,-0.036078274
1356334250064,0.22672296,-0.11865452,0.96670467,-0.81485677,0.52055883,0.2550039,-0.53348404,-0.845541,0.021336198
1356334250104,0.27674985,-0.08827153,0.95687914,-0.8184695,0.5001019,0.28285295,-0.503505,-0.86145586,0.06615555
1356334250134,0.2810781,-0.04562196,0.95859987,-0.83424675,0.48212373,0.26756096,-0.47437042,-0.8749144,0.09745443
1356334250164,0.25167125,-5.6281686E-4,0.96781266,-0.85827816,0.4619804,0.22345638,-0.4472362,-0.88688993,0.11578417
1356334250204,0.16989124,0.048835456,0.9842521,-0.890913,0.4345014,0.13222146,-0.42120185,-0.89934623,0.11732614
1356334250234,0.033718497,0.10826278,0.9935503,-0.915656,0.40176198,-0.01270324,-0.40054607,-0.90932196,0.11267823
1356334250264,-0.12345022,0.16364983,0.97876394,-0.9139558,0.3654772,-0.17638394,-0.38658115,-0.9163215,0.104450405
1356334250304,-0.27569294,0.209238,0.9381966,-0.8815041,0.33419228,-0.33356562,-0.38333267,-0.91898584,0.09230971
1356334250334,-0.39167935,0.24286175,0.8874714,-0.83495796,0.3114161,-0.45372376,-0.38656503,-0.9187155,0.08080411
1356334250364,-0.46183097,0.26442745,0.84663475,-0.79383504,0.3025586,-0.5275266,-0.39564916,-0.9157164,0.07018083
1356334250394,-0.49090052,0.27603257,0.82633084,-0.7689837,0.30852026,-0.5598922,-0.40948826,-0.9102863,0.060811818
1356334250425,-0.48508334,0.27816504,0.8290467,-0.7631027,0.32833177,-0.556662,-0.4270463,-0.9026752,0.053000152
1356334250464,-0.44359905,0.26906437,0.8548826,-0.7745581,0.36476725,-0.5167249,-0.4508654,-0.8913749,0.046595573
1356334250504,-0.35716808,0.23692477,0.903492,-0.8022783,0.4175219,-0.42664397,-0.47831023,-0.87723553,0.040954053
1356334250534,-0.23985097,0.17909709,0.9541466,-0.82931876,0.4731327,-0.29728088,-0.50468016,-0.8625947,0.035047233
1356334250564,-0.13053939,0.112572044,0.98503155,-0.8378109,0.5187174,-0.17030963,-0.5301251,-0.8475021,0.026601017
1356334250604,-0.055346698,0.04300812,0.9975405,-0.8294183,0.5542357,-0.06991419,-0.55587935,-0.8312479,0.0049965978
1356334250634,0.0053651184,-0.03967309,0.9991983,-0.81595206,0.5774742,0.027309775,-0.5780946,-0.81544447,-0.029273093
1356334250664,0.022890061,-0.116865605,0.99288386,-0.80460405,0.58730316,0.08767688,-0.59337026,-0.8008854,-0.08058715
1356334250704,-0.014707819,-0.1900188,0.9816703,-0.8036988,0.5863241,0.101451546,-0.59485465,-0.787475,-0.16134143
1356334250734,-0.043204486,-0.2655928,0.9631167,-0.8072016,0.5773197,0.12299365,-0.5886925,-0.7721155,-0.23932981
1356334250764,-0.055845976,-0.33143476,0.9418239,-0.8128352,0.56287986,0.14988399,-0.57981044,-0.7571772,-0.30083638
1356334250794,-0.041716926,-0.38526952,0.92186064,-0.81827116,0.54261386,0.18974322,-0.57331663,-0.7464165,-0.3378911
1356334250824,-7.7962875E-5,-0.4255578,0.90493125,-0.8202811,0.5176122,0.24334446,-0.5719606,-0.74227905,-0.3491174
1356334250854,0.06361014,-0.45105416,0.89022696,-0.8152779,0.49097896,0.30702066,-0.5755656,-0.745312,-0.3365032
1356334250884,0.13888049,-0.46146786,0.8762189,-0.8014567,0.4673496,0.37316415,-0.5817038,-0.7540767,-0.30494076
1356334250924,0.23499674,-0.45288986,0.8600391,-0.7739373,0.44812065,0.44744715,-0.5880456,-0.77076495,-0.24520147
1356334250954,0.31325972,-0.43040723,0.84653294,-0.7444113,0.4422081,0.5003038,-0.58967805,-0.78689367,-0.18187398
1356334250994,0.3913031,-0.3950957,0.83113253,-0.712757,0.44117364,0.54529196,-0.58211625,-0.80577,-0.108974636
1356334251034,0.4537961,-0.3473307,0.8206281,-0.6897087,0.44621336,0.57025915,-0.56424373,-0.82477576,-0.037067115
1356334251064,0.4921867,-0.29488292,0.8190216,-0.68140423,0.45498762,0.5733013,-0.54170144,-0.8402561,0.023004353
1356334251118,0.51539034,-0.24421121,0.8214218,-0.6844929,0.45940048,0.56605726,-0.5155991,-0.85399777,0.06960973
1356334251121,0.5231515,-0.19605765,0.82938164,-0.6992967,0.45750585,0.54924726,-0.48713106,-0.8673234,0.10224241
1356334251152,0.5148035,-0.15117866,0.8438734,-0.7252429,0.44810346,0.52271026,-0.45716512,-0.8811063,0.12104404
1356334251194,0.48552713,-0.11126539,0.86711204,-0.7645763,0.42689422,0.4828916,-0.42389426,-0.8974304,0.12219784
1356334251224,0.42781705,-0.071056336,0.901068,-0.8125447,0.40642726,0.41783717,-0.39590856,-0.910916,0.11614007
1356334251254,0.3512617,-0.036176264,0.93557817,-0.8574161,0.38897052,0.33695626,-0.37610215,-0.9205396,0.10561237
1356334251294,0.25355673,-0.0080117285,0.96728736,-0.89371085,0.38067216,0.23742294,-0.37012154,-0.92467535,0.08936185
1356334251324,0.14844066,0.018752724,0.98874354,-0.91592276,0.37961215,0.13030821,-0.37289548,-0.92495567,0.073525906
1356334251354,0.053706646,0.041124403,0.9977095,-0.9220663,0.3855583,0.033742517,-0.38328755,-0.9217665,0.058626473
1356334251384,-0.020477355,0.058433264,0.9980812,-0.9163518,0.3981532,-0.04211068,-0.39984986,-0.91545594,0.045392334
1356334251424,-0.06897566,0.06990242,0.9951663,-0.90209395,0.4215887,-0.09213799,-0.42599154,-0.9040888,0.033979177
1356334251454,-0.08432981,0.07102594,0.9939033,-0.88794994,0.44724867,-0.107301116,-0.45214307,-0.89158505,0.025351107
1356334251494,-0.08052546,0.06577495,0.9945799,-0.872373,0.47802866,-0.102244765,-0.4821628,-0.875878,0.018886864
1356334251534,-0.053675592,0.045706153,0.99751186,-0.85623586,0.51188475,-0.06952822,-0.51378906,-0.8578374,0.011659503
1356334251564,-0.015312776,0.01121527,0.9998199,-0.83917385,0.543533,-0.01894939,-0.54364765,-0.83931285,0.0010885596
1356334251604,0.0033332556,-0.033229828,0.99944216,-0.8197243,0.5723446,0.021763384,-0.5727485,-0.81933963,-0.025331497
1356334251644,0.0020531267,-0.09734705,0.9952484,-0.80148935,0.5950064,0.059852064,-0.5980056,-0.7978038,-0.076801
1356334251674,-0.009684816,-0.17306075,0.9848636,-0.78720605,0.60865724,0.09921244,-0.61661416,-0.77432966,-0.14212918
1356334251714,-0.04425039,-0.25186962,0.9667491,-0.7816952,0.61131305,0.123486936,-0.6220889,-0.75023866,-0.22393614
1356334251744,-0.06271124,-0.32554734,0.9434438,-0.78271556,0.60254097,0.15588689,-0.61921203,-0.72867227,-0.29259706
1356334251774,-0.059952863,-0.38326684,0.92168987,-0.7881489,0.58480036,0.1919114,-0.61255777,-0.71492314,-0.33713174
1356334251804,-0.032463726,-0.42260453,0.9057326,-0.79468393,0.5605073,0.23304282,-0.6061546,-0.7122057,-0.35403317
1356334251835,0.017127514,-0.44290173,0.8964066,-0.7985815,0.5334153,0.27881134,-0.601643,-0.72062904,-0.34455705
1356334251874,0.09425831,-0.43887773,0.89358926,-0.79601204,0.50583875,0.33240342,-0.5978966,-0.74263954,-0.30167246
1356334251904,0.16506636,-0.4186575,0.8930168,-0.7886205,0.4877332,0.3744251,-0.59230983,-0.76605636,-0.24965352
1356334251944,0.2420755,-0.37874103,0.8932831,-0.77765083,0.47483063,0.412062,-0.58022296,-0.79441243,-0.17958337
1356334251974,0.29492167,-0.3266505,0.8979535,-0.7715254,0.4730012,0.42546254,-0.5637107,-0.81827205,-0.11252087
1356334252014,0.3409645,-0.26436982,0.90213734,-0.7706671,0.47094303,0.4292841,-0.53834504,-0.8416182,-0.04316628
1356334252044,0.35862055,-0.19537386,0.91280895,-0.7815243,0.47192582,0.408051,-0.5105006,-0.85971797,0.016552866
1356334252074,0.35954416,-0.12958094,0.92408705,-0.79927516,0.46828955,0.3766486,-0.4815468,-0.8740216,0.064799964
1356334252114,0.34338734,-0.06922406,0.9366393,-0.82497704,0.4544157,0.3360345,-0.44888532,-0.88809586,0.098932326
1356334252145,0.29922158,-0.011145383,0.9541186,-0.85766673,0.43508756,0.2740557,-0.41817963,-0.9003191,0.120628536
1356334252174,0.23977892,0.03650105,0.9701412,-0.888732,0.4104283,0.20421582,-0.39071932,-0.9111621,0.13085169
1356334252214,0.16287446,0.070308,0.9841386,-0.91541123,0.38289702,0.12414554,-0.3680953,-0.9211117,0.12672484
1356334252244,0.07041082,0.10027373,0.9924654,-0.93266714,0.35950127,0.029846191,-0.35379973,-0.92774135,0.11883479
1356334252274,-0.018833756,0.12399238,0.99210453,-0.936935,0.34417456,-0.06080103,-0.34899607,-0.9306825,0.10969061
1356334252314,-0.09947199,0.14348239,0.9846411,-0.9279117,0.34392542,-0.14385799,-0.35928416,-0.92796993,0.098928094
1356334252344,-0.16998956,0.16341135,0.9718026,-0.91145015,0.34884712,-0.21809223,-0.37464932,-0.9228231,0.089640915
1356334252374,-0.22431085,0.182116,0.95734966,-0.89137876,0.35869983,-0.27708882,-0.39386344,-0.91551524,0.08187413
1356334252404,-0.26300043,0.1995042,0.94394326,-0.8705365,0.3727172,-0.32132244,-0.41592908,-0.906245,0.07565093
1356334252435,-0.28724715,0.2149812,0.9334196,-0.8510152,0.38997045,-0.35170463,-0.43961594,-0.8953805,0.070934415
1356334252474,-0.29713273,0.22858167,0.927072,-0.8324666,0.41352928,-0.36877212,-0.46766597,-0.8813307,0.06741357
1356334252514,-0.29111174,0.235639,0.92721534,-0.81670034,0.44355235,-0.36913678,-0.49825156,-0.864717,0.06332314
1356334252550,-0.2727406,0.23245806,0.9335823,-0.80412275,0.47767246,-0.35385817,-0.5282037,-0.8472262,0.056644082
1356334252584,-0.25793818,0.21666586,0.941554,-0.78768814,0.51716554,-0.3347943,-0.55947787,-0.8280071,0.03726834
1356334252642,-0.25528476,0.17569822,0.95076793,-0.76622355,0.5629778,-0.30977005,-0.58968717,-0.8075804,-0.00909549
1356334252654,-0.26485494,0.114677936,0.95744497,-0.74356127,0.6079093,-0.27850124,-0.6139776,-0.78568137,-0.075737715
1356334252684,-0.29634142,0.042479277,0.9541369,-0.72043824,0.6459141,-0.2525148,-0.6270171,-0.7622273,-0.16080737
1356334252710,-0.33829138,-0.031159848,0.94052535,-0.7023257,0.67357314,-0.23029926,-0.6263365,-0.7384634,-0.24974835
1356334252740,-0.37598068,-0.09489721,0.92175543,-0.6931581,0.68896306,-0.21180603,-0.61495554,-0.71855724,-0.32481557
1356334252770,-0.39895096,-0.14184496,0.90593493,-0.69380987,0.6926658,-0.19708368,-0.5995549,-0.70717335,-0.37475312
1356334252800,-0.4035561,-0.17060128,0.89890915,-0.70305693,0.6865593,-0.18533021,-0.5855369,-0.7067754,-0.39700758
1356334252830,-0.39064938,-0.18270904,0.90222526,-0.718838,0.67279065,-0.17499918,-0.57503474,-0.7169171,-0.39416343
1356334252863,-0.36334306,-0.1803295,0.9140367,-0.7388222,0.6534454,-0.16477507,-0.5675593,-0.7351805,-0.37065625
1356334252892,-0.32641107,-0.16560924,0.93060696,-0.7605649,0.63059956,-0.15454823,-0.5612458,-0.7582333,-0.33179128
1356334252934,-0.26880056,-0.13368684,0.9538733,-0.78914446,0.5983849,-0.13851556,-0.55226564,-0.78997684,-0.26634443
1356334252965,-0.22223438,-0.08919406,0.97090495,-0.81203425,0.5680932,-0.13368082,-0.5396409,-0.8181165,-0.1986785
1356334252994,-0.18211907,-0.041222125,0.98241204,-0.8328135,0.53762734,-0.13182768,-0.5227373,-0.8421743,-0.1322425
1356334253034,-0.1457504,0.011613846,0.9892532,-0.85535985,0.5009598,-0.13190463,-0.49710804,-0.8653927,-0.063081086
1356334253065,-0.14116195,0.07022208,0.9874928,-0.8717236,0.46395954,-0.15760562,-0.46922407,-0.8830687,-0.0042791367
1356334253104,-0.15910211,0.12196493,0.9796995,-0.88516414,0.4218572,-0.19626758,-0.43723106,-0.8984214,0.040840626
1356334253135,-0.21369106,0.17162472,0.96170735,-0.8877776,0.37669235,-0.26448777,-0.40766045,-0.91030097,0.07186878
1356334253165,-0.2874133,0.21043387,0.93440413,-0.87819636,0.3315066,-0.3447818,-0.38231492,-0.91968524,0.0895229
1356334253204,-0.3777613,0.2375324,0.89491606,-0.85117567,0.2913137,-0.4366193,-0.36441255,-0.92666864,0.092134714
1356334253234,-0.47224188,0.26180068,0.84169364,-0.80659294,0.25678468,-0.53241855,-0.3555216,-0.9303344,0.08990204
1356334253264,-0.54739904,0.2820873,0.7878967,-0.75722253,0.23391324,-0.6098349,-0.35632616,-0.93043613,0.08555895
1356334253304,-0.5960468,0.303764,0.74327356,-0.71134746,0.22960281,-0.6642796,-0.37244195,-0.9246675,0.079227686
1356334253334,-0.6279051,0.32530817,0.70704305,-0.6723416,0.23087943,-0.7033146,-0.39203572,-0.91698927,0.07374781
1356334253365,-0.64226025,0.34536105,0.6842716,-0.6451053,0.23855424,-0.7259002,-0.41393352,-0.90764403,0.06958026
1356334253394,-0.63991874,0.3625088,0.67756283,-0.631989,0.253318,-0.73240685,-0.43714285,-0.89689314,0.0669986
1356334253434,-0.6157698,0.3766892,0.6920497,-0.6359134,0.28101498,-0.71878004,-0.465233,-0.88268673,0.06650114
1356334253465,-0.56317955,0.37592024,0.7358754,-0.6636521,0.32481897,-0.6738386,-0.49233586,-0.86785746,0.066548884
1356334253504,-0.48858613,0.36102748,0.794319,-0.6988741,0.3830936,-0.60399854,-0.5223586,-0.8502344,0.06513864
1356334253534,-0.37690428,0.313156,0.87170887,-0.74346614,0.4590334,-0.48636037,-0.5524502,-0.83139735,0.059809268
1356334253564,-0.26536635,0.24277142,0.93308246,-0.7681961,0.531584,-0.35678175,-0.58262813,-0.8114681,0.045431554
1356334253604,-0.20035532,0.15873948,0.966778,-0.764022,0.5923991,-0.2556047,-0.613293,-0.7898513,0.0025901198
1356334253644,-0.18151678,0.05733177,0.98171526,-0.7474766,0.6406531,-0.17562047,-0.6390075,-0.7656871,-0.07343513
1356334253674,-0.1847119,-0.046908826,0.9816726,-0.7321167,0.6729442,-0.105598986,-0.65565735,-0.7382043,-0.1586436
1356334253714,-0.21152055,-0.13511437,0.96798927,-0.7216238,0.689554,-0.061436266,-0.65918,-0.7115191,-0.24335659
1356334253744,-0.21249175,-0.21652487,0.95287156,-0.72426474,0.6895051,-0.0048330724,-0.6559633,-0.6911583,-0.30333543
1356334253774,-0.18330467,-0.28403813,0.94112784,-0.7368526,0.6734104,0.05972168,-0.6507285,-0.6825253,-0.3327335
1356334253804,-0.11832409,-0.33937186,0.9331807,-0.7543978,0.64180124,0.13775021,-0.64566505,-0.68769026,-0.33196193
1356334253844,0.003948953,-0.38152176,0.92435145,-0.76957256,0.5890917,0.24643262,-0.6385472,-0.7123287,-0.29128236
1356334253874,0.13185903,-0.40638155,0.9041389,-0.7667543,0.5362648,0.35285687,-0.6282524,-0.73977983,-0.24088347
1356334253904,0.2579806,-0.41402966,0.87294066,-0.74711007,0.48739728,0.4519629,-0.61259496,-0.7687804,-0.18358666
1356334253944,0.39130232,-0.4023016,0.827669,-0.7096142,0.44074467,0.5497198,-0.5859438,-0.8024323,-0.11301452
1356334253974,0.49511147,-0.37610686,0.78320384,-0.6679256,0.41173565,0.619959,-0.5556438,-0.83007073,-0.047356367
1356334254004,0.5768864,-0.34473628,0.74051267,-0.6271433,0.39391908,0.67195165,-0.52334815,-0.8520473,0.011047512
1356334254044,0.64289856,-0.30972034,0.70053893,-0.5909749,0.38125637,0.7109095,-0.48726803,-0.87104356,0.062072217
1356334254074,0.68324196,-0.27335298,0.6770957,-0.57186985,0.37626538,0.72896445,-0.45403227,-0.88526976,0.10075796
1356334254114,0.70767045,-0.2418441,0.66386294,-0.56638193,0.36753753,0.73765004,-0.42239085,-0.8980131,0.123119295
1356334254144,0.71405303,-0.21291794,0.66692895,-0.57724494,0.3599614,0.73295027,-0.39612693,-0.9083467,0.13412571
1356334254174,0.7067139,-0.1891339,0.68175054,-0.5991415,0.35249683,0.718871,-0.3762778,-0.91650116,0.13579646
1356334254214,0.6755778,-0.1704917,0.71730554,-0.6396423,0.3483212,0.6852226,-0.36667752,-0.9217402,0.12626436
1356334254244,0.6240021,-0.15155235,0.7665854,-0.69073844,0.35172656,0.6317981,-0.36537892,-0.9237533,0.11479506
1356334254274,0.55125964,-0.13058785,0.8240508,-0.74678624,0.36320364,0.5571296,-0.37205258,-0.9225129,0.102698326
1356334254314,0.45014626,-0.10646099,0.88658583,-0.8025032,0.38719356,0.4539491,-0.39160815,-0.91583145,0.088858426
1356334254344,0.36721796,-0.08803949,0.925959,-0.8333956,0.4109289,0.36957988,-0.4130409,-0.90740645,0.077528715
1356334254374,0.30874836,-0.076993644,0.94802237,-0.8454244,0.43447918,0.31062093,-0.43581188,-0.897385,0.0690524
1356334254404,0.28416073,-0.07891151,0.9555237,-0.84168124,0.456743,0.28802532,-0.45915732,-0.8860919,0.06337011
1356334254434,0.29060858,-0.09496316,0.952118,-0.82631576,0.47680408,0.29976675,-0.48244053,-0.8738649,0.06009376
1356334254464,0.31727365,-0.122305155,0.94041425,-0.8024297,0.49387643,0.33495185,-0.5054148,-0.86088765,0.058552682
1356334254504,0.3467432,-0.1553866,0.92499954,-0.77306867,0.5111263,0.37565255,-0.5311629,-0.8453431,0.057105064
1356334254544,0.3691337,-0.19660127,0.9083437,-0.74236023,0.525644,0.41545117,-0.55914366,-0.8276752,0.04808396
1356334254574,0.3708342,-0.23927763,0.8973451,-0.72005224,0.5361501,0.44053143,-0.58652097,-0.80949944,0.026530385
1356334254614,0.31498295,-0.27995956,0.9068673,-0.7281817,0.54154193,0.42009962,-0.6087176,-0.79268837,-0.033284962
1356334254654,0.20980987,-0.3251134,0.92210686,-0.7573017,0.54249585,0.3635826,-0.6184448,-0.77459633,-0.13238794
1356334254684,0.096372366,-0.36943632,0.92424524,-0.781701,0.54673153,0.30004686,-0.6161622,-0.7513997,-0.23609895
1356334254724,-0.0059917048,-0.4072232,0.91330904,-0.79791605,0.5524535,0.24109143,-0.6027388,-0.7272994,-0.32824004
1356334254754,-0.071153164,-0.43256828,0.89878917,-0.80509865,0.55685794,0.20426792,-0.58885765,-0.7090796,-0.38788235
1356334254784,-0.09437382,-0.4475553,0.88926256,-0.8099303,0.5539226,0.192828,-0.57888377,-0.70204276,-0.41476434
1356334254814,-0.08322389,-0.4510366,0.8886168,-0.8150464,0.54388314,0.19972599,-0.5733874,-0.70764196,-0.41287982
1356334254854,-0.027519077,-0.43848962,0.8983148,-0.8205177,0.52319753,0.23024976,-0.5709582,-0.730747,-0.37418646
1356334254884,0.015551269,-0.40585515,0.9138051,-0.8232541,0.51347595,0.24206418,-0.56745994,-0.7560582,-0.3261367
1356334254914,0.057227015,-0.3626145,0.9301805,-0.8258256,0.506366,0.24820465,-0.56101435,-0.78237087,-0.2704785
1356334254954,0.10784778,-0.30445862,0.9464004,-0.82948875,0.49718526,0.25447035,-0.548012,-0.8124726,-0.19892472
1356334254984,0.12465155,-0.22841036,0.965552,-0.83797777,0.49683672,0.22571325,-0.53127694,-0.83724666,-0.12947136
1356334255014,0.12682614,-0.14910743,0.9806539,-0.84993553,0.49336419,0.1849361,-0.51139486,-0.85694736,-0.06416023
1356334255054,0.1166099,-0.065909415,0.9909885,-0.8660345,0.48170856,0.13394442,-0.48619583,-0.8738495,-9.0783834E-4
1356334255084,0.059036136,0.027308702,0.99788225,-0.8854862,0.4629652,0.03971681,-0.4609002,-0.8859557,0.051513135
1356334255124,-0.023371935,0.1115247,0.9934868,-0.90065074,0.42897522,-0.06934294,-0.43391472,-0.89640534,0.090418816
1356334255154,-0.15058169,0.19352463,0.9694706,-0.8997619,0.3794572,-0.21550113,-0.40957737,-0.90474325,0.11698681
1356334255184,-0.28532052,0.2561354,0.92357284,-0.8758314,0.3216766,-0.3597826,-0.38924485,-0.91154754,0.13255048
1356334255225,-0.4164217,0.29910254,0.85856307,-0.8273511,0.26685083,-0.49424762,-0.37693894,-0.9161486,0.13634044
1356334255254,-0.537173,0.33329344,0.7748294,-0.7561908,0.2166518,-0.61744416,-0.3736583,-0.91759324,0.13565403
1356334255284,-0.62172574,0.35850048,0.6963724,-0.6849123,0.18243855,-0.70541567,-0.37993705,-0.9155291,0.13211465
1356334255324,-0.6722533,0.38452125,0.6326287,-0.62195444,0.17016661,-0.7643403,-0.40155736,-0.9072964,0.124759614
1356334255354,-0.7075067,0.41044372,0.5753001,-0.56465816,0.16120332,-0.8094286,-0.42496514,-0.897524,0.11770797
1356334255384,-0.7261608,0.4347966,0.5325809,-0.5207335,0.15797383,-0.8389762,-0.4489178,-0.8865643,0.11169875
1356334255414,-0.73248523,0.45760503,0.5040465,-0.48993358,0.15974122,-0.8569993,-0.47268417,-0.8746886,0.107188106
1356334255454,-0.7259323,0.48080277,0.4917834,-0.47318834,0.16975743,-0.86445075,-0.49911425,-0.86023897,0.10427785
1356334255484,-0.7081383,0.49894157,0.49959728,-0.47316614,0.18984878,-0.86027396,-0.5240744,-0.84558547,0.101643145
1356334255524,-0.6818332,0.5126217,0.52184504,-0.4814846,0.2225607,-0.8477259,-0.5507049,-0.82926816,0.09507024
1356334255554,-0.64323866,0.5130116,0.5683864,-0.5038469,0.27535582,-0.81872916,-0.5765261,-0.81301796,0.081359744
1356334255584,-0.6085306,0.49870998,0.6172348,-0.5189503,0.33833396,-0.7849973,-0.6003175,-0.7980091,0.05291921
1356334255624,-0.60480154,0.46226642,0.6484789,-0.50315195,0.40937513,-0.7610848,-0.6172951,-0.78658867,-0.015000522
1356334255654,-0.617177,0.40597335,0.6740016,-0.4790924,0.48561049,-0.7311996,-0.6241498,-0.77418864,-0.105208874
1356334255684,-0.65061593,0.34527272,0.6763768,-0.44173586,0.55241084,-0.7069029,-0.61771214,-0.7587022,-0.20688796
1356334255724,-0.69470364,0.28624138,0.6598884,-0.40160248,0.60674906,-0.6859818,-0.596743,-0.74156684,-0.30655545
1356334255754,-0.7191619,0.23155405,0.655125,-0.3881901,0.64808875,-0.6552018,-0.5762938,-0.7255093,-0.37619376
1356334255784,-0.7243749,0.18868358,0.66308326,-0.39730805,0.67177635,-0.6251902,-0.56340677,-0.71632046,-0.4116524
1356334255814,-0.7092454,0.15571058,0.6875502,-0.42874146,0.67892075,-0.59602636,-0.55959976,-0.71751016,-0.41476184
1356334255854,-0.66103065,0.13207205,0.7386444,-0.4934743,0.6650448,-0.5605342,-0.5652625,-0.73503226,-0.3744408
1356334255884,-0.59883213,0.11473507,0.79261345,-0.56203824,0.6448389,-0.51797277,-0.5705376,-0.75565773,-0.32166475
1356334255914,-0.52434254,0.10442981,0.8450794,-0.63052475,0.61938685,-0.4677589,-0.5722791,-0.77810943,-0.25892526
1356334255954,-0.42853075,0.102813035,0.89765865,-0.70446265,0.5840908,-0.4032001,-0.5657684,-0.80515057,-0.17787296
1356334255984,-0.34095997,0.114631355,0.9330627,-0.7604229,0.54993707,-0.34543636,-0.55272365,-0.8273022,-0.10033822
1356334256014,-0.26294804,0.13265306,0.9556472,-0.80391014,0.5175491,-0.2930382,-0.53346676,-0.84530824,-0.029447377
1356334256054,-0.20405006,0.1577203,0.9661718,-0.8387556,0.48077607,-0.25562358,-0.50482935,-0.86254203,0.034186363
1356334256084,-0.19602785,0.19746897,0.9605098,-0.8581729,0.43938836,-0.26547506,-0.4744599,-0.87632406,0.083330214
1356334256124,-0.24340022,0.23910123,0.9399931,-0.86507064,0.3847736,-0.3218728,-0.4386447,-0.8915043,0.113185406
1356334256154,-0.3605541,0.2880588,0.8871431,-0.83998454,0.3132081,-0.44308776,-0.4054957,-0.9049435,0.12903643
1356334256184,-0.5073001,0.324332,0.7984081,-0.7750027,0.2334457,-0.58725965,-0.3768521,-0.9166852,0.13293111
1356334256224,-0.6541796,0.3413844,0.67491174,-0.6671159,0.16001946,-0.72756445,-0.35637823,-0.9262022,0.12306148
1356334256255,-0.76387155,0.34870645,0.5430507,-0.5444062,0.103726864,-0.83238375,-0.34658653,-0.93147445,0.11060393
1356334256284,-0.82303405,0.35358393,0.4445148,-0.44892114,0.07450873,-0.89045954,-0.34797245,-0.9324306,0.097408
1356334256324,-0.8433492,0.36796865,0.39161378,-0.39333716,0.07382256,-0.9164258,-0.36612588,-0.9269031,0.08247751
1356334256354,-0.84990036,0.3855265,0.3592195,-0.35732463,0.07937169,-0.9306016,-0.38728344,-0.9192766,0.0703001
1356334256384,-0.84585506,0.4047792,0.34739447,-0.34080994,0.09089148,-0.9357282,-0.41033852,-0.909886,0.061071813
1356334256414,-0.833128,0.42397356,0.35516798,-0.34247214,0.1087867,-0.93320864,-0.43429333,-0.8991173,0.054565907
