1356334189991,0.16343313,0.0021719038,0.986552,-0.65928197,0.74415994,0.10757899,-0.7339188,-0.66799796,0.1230523
1356334190015,-0.61923057,0.5835654,-0.52536166,0.27913624,-0.46176612,-0.8419352,-0.73391855,-0.66799957,0.123045504
1356334190050,-0.61923504,0.5835998,-0.52531826,0.2791494,-0.46169275,-0.8419712,-0.73390985,-0.6680203,0.12298471
1356334190082,-0.6193084,0.58377486,-0.5250372,0.27904248,-0.4614023,-0.8421658,-0.73388857,-0.66806805,0.122852266
1356334190112,-0.61951905,0.5842068,-0.5243077,0.27869028,-0.46072143,-0.84265506,-0.73384464,-0.6681603,0.12261295
1356334190142,-0.6199904,0.5851235,-0.52272594,0.27784508,-0.45932335,-0.8436967,-0.73376703,-0.66832066,0.1222024
1356334190174,-0.6208719,0.5868452,-0.519741,0.27617002,-0.45675772,-0.84563726,-0.73365396,-0.6685694,0.12151903
1356334190205,-0.6222318,0.58957976,-0.5149984,0.27350295,-0.45268172,-0.84869045,-0.733501,-0.6689357,0.12042117
1356334190244,-0.62407625,0.59337157,-0.50836885,0.26998466,-0.4467885,-0.85292923,-0.7332374,-0.6695447,0.11862892
1356334190274,-0.6267005,0.5982767,-0.49931097,0.26474452,-0.43917346,-0.8585086,-0.7329098,-0.67021763,0.11683977
1356334190306,-0.62931293,0.6027957,-0.49051255,0.25959712,-0.43186128,-0.8637738,-0.73251253,-0.67091966,0.115291774
1356334190334,-0.6318429,0.60677016,-0.48229107,0.25466892,-0.4251716,-0.8685464,-0.73206455,-0.67160934,0.11411613
1356334190363,-0.6342191,0.61016214,-0.47483495,0.25004765,-0.41927415,-0.8727459,-0.73160255,-0.6722435,0.11334205
1356334190394,-0.6363547,0.61293626,-0.46836066,0.24585812,-0.41434067,-0.876285,-0.7311678,-0.6727784,0.11297232
1356334190433,-0.63818043,0.61500883,-0.46313047,0.24218228,-0.41065192,-0.8790408,-0.73080325,-0.6731487,0.11312586
1356334190465,-0.63958824,0.6164945,-0.4591965,0.23920107,-0.40808845,-0.8810486,-0.7305544,-0.6733486,0.11354244
1356334190504,-0.6405405,0.6173082,-0.45676965,0.23701395,-0.4068483,-0.88221246,-0.7304329,-0.6733536,0.114292145
1356334190535,-0.6409587,0.61712223,-0.45643413,0.23626415,-0.40715396,-0.8822726,-0.730309,-0.67333937,0.115164936
1356334190574,-0.64119786,0.615595,-0.45815718,0.23685154,-0.4091313,-0.8811997,-0.7299086,-0.6735387,0.116529524
1356334190605,-0.6411869,0.6125355,-0.46225485,0.23915288,-0.41287565,-0.8788285,-0.72916746,-0.67404294,0.11824089
1356334190644,-0.64142734,0.6070113,-0.4691568,0.24356368,-0.4187709,-0.87481856,-0.72749406,-0.67540216,0.12076527
1356334190674,-0.6416412,0.6000291,-0.47776747,0.24961835,-0.42563033,-0.8697871,-0.7252499,-0.67735076,0.12332362
1356334190714,-0.6421685,0.5905154,-0.48878527,0.25867215,-0.43330228,-0.8633295,-0.7216011,-0.6808382,0.12550318
1356334190744,-0.64249974,0.5805507,-0.500155,0.26913634,-0.4401545,-0.85663855,-0.71746755,-0.68499994,0.12655187
1356334190774,-0.6426162,0.57083184,-0.5110727,0.28074616,-0.44521093,-0.85027564,-0.7128996,-0.68988264,0.12584096
1356334190804,-0.64232576,0.56215346,-0.5209617,0.2931735,-0.44781566,-0.84469545,-0.7081433,-0.6953018,0.12283504
1356334190834,-0.6414335,0.555472,-0.5291635,0.30586934,-0.44739717,-0.8404045,-0.7035674,-0.70091844,0.117073596
1356334190864,-0.6397712,0.55168223,-0.535107,0.31851226,-0.44332063,-0.8378644,-0.69945884,-0.70647967,0.10790622
1356334190894,-0.6371617,0.5513178,-0.53858495,0.33108565,-0.4352485,-0.8372222,-0.6959938,-0.7117636,0.09479016
1356334190924,-0.6334141,0.5547448,-0.5394857,0.34346908,-0.42318058,-0.83841944,-0.6934087,-0.7163633,0.077510774
1356334190954,-0.62830937,0.5619492,-0.53799677,0.3552301,-0.40800834,-0.84103554,-0.6921264,-0.71954316,0.056734204
1356334190984,-0.6216808,0.5729327,-0.5340984,0.36579266,-0.39059234,-0.8447682,-0.69261014,-0.7205455,0.03324908
1356334191014,-0.6134099,0.5873661,-0.52794826,0.37509364,-0.37160772,-0.8492422,-0.6950058,-0.7189636,0.007630646
1356334191044,-0.6035199,0.60505396,-0.519301,0.38330173,-0.35093898,-0.85435456,-0.6991735,-0.7146689,-0.020119607
1356334191074,-0.59212035,0.62574726,-0.5077734,0.39071792,-0.32816344,-0.8600281,-0.70479286,-0.7076363,-0.05017841
1356334191104,-0.5794794,0.6489634,-0.4930012,0.39771074,-0.3028239,-0.86609685,-0.7113577,-0.69795716,-0.08261949
1356334191134,-0.5660579,0.6742559,-0.47429687,0.40459532,-0.27405518,-0.8724657,-0.71824867,-0.68576443,-0.11766964
1356334191164,-0.55248046,0.7008718,-0.4511586,0.41178918,-0.24109441,-0.87880784,-0.72470343,-0.6713063,-0.15541142
1356334191194,-0.5395736,0.72813,-0.42271397,0.41951025,-0.2027986,-0.8848073,-0.72998047,-0.6547515,-0.19603318
1356334191224,-0.5282737,0.7549185,-0.38861912,0.4280241,-0.15851128,-0.8897581,-0.7332954,-0.63637424,-0.23938596
1356334191254,-0.5195379,0.779786,-0.34930515,0.43776277,-0.10816014,-0.89256096,-0.7337874,-0.6166321,-0.28516793
1356334191284,-0.5140902,0.80070096,-0.3075537,0.4493156,-0.054038107,-0.8917373,-0.7306345,-0.59662205,-0.33198696
1356334191316,-0.5121428,0.81592655,-0.268279,0.46314073,-7.0756674E-4,-0.8862844,-0.7233329,-0.5781551,-0.37752646
1356334191346,-0.5132661,0.8247651,-0.23731944,0.4786514,0.045575082,-0.8768214,-0.71235585,-0.56363595,-0.41816717
1356334191375,-0.5165223,0.8279768,-0.21830937,0.49360105,0.07958114,-0.86603975,-0.6996876,-0.5550866,-0.44979572
1356334191417,-0.5204818,0.8254673,-0.21840899,0.5051978,0.09148839,-0.85814047,-0.688385,-0.5569862,-0.4646423
1356334191455,-0.5265847,0.8206296,-0.22198133,0.5045972,0.091570556,-0.8584851,-0.68417126,-0.5640762,-0.46230698
1356334191495,-0.53390473,0.8146279,-0.22655475,0.48987114,0.07962006,-0.86815137,-0.68918204,-0.57449275,-0.4415723
1356334191534,-0.54210615,0.8063406,-0.23650753,0.46422926,0.05277604,-0.8841413,-0.70043707,-0.58909214,-0.4029371
1356334191564,-0.5507589,0.79565156,-0.25219673,0.4370228,0.017468095,-0.8992808,-0.7111088,-0.6055026,-0.3573386
1356334191594,-0.5575582,0.7800742,-0.2839245,0.4140572,-0.03511101,-0.9095734,-0.71950364,-0.6247011,-0.30341893
1356334191624,-0.5620164,0.7561194,-0.33529225,0.39979517,-0.106538534,-0.9103918,-0.7240865,-0.64570343,-0.24241644
1356334191654,-0.56274843,0.7185143,-0.40871912,0.39941752,-0.19654083,-0.8954537,-0.72372633,-0.6671648,-0.17638421
1356334191684,-0.5573635,0.6609348,-0.50250477,0.41724288,-0.30028427,-0.85775155,-0.7178121,-0.687746,-0.10840285
1356334191714,-0.543578,0.5801152,-0.6066212,0.45302403,-0.40564555,-0.79386455,-0.7066061,-0.7063413,-0.042306125
1356334191744,-0.5221816,0.48204204,-0.7035353,0.4993637,-0.49591398,-0.7104261,-0.6913482,-0.72229135,0.018242776
1356334191774,-0.49915183,0.38306677,-0.7772433,0.5446042,-0.55898994,-0.625249,-0.6739834,-0.7353842,0.07040116
1356334191804,-0.48244,0.30050206,-0.8227698,0.57978874,-0.5945369,-0.5571095,-0.65657955,-0.74580455,0.112600684
1356334191834,-0.47724986,0.24391606,-0.8442378,0.6012784,-0.60997295,-0.5161368,-0.64085627,-0.7539483,0.14444804
1356334191864,-0.484546,0.21460511,-0.84803295,0.60898405,-0.6131849,-0.50313294,-0.62797594,-0.7602296,0.16642517
1356334191893,-0.5023687,0.2093762,-0.83892035,0.60423315,-0.6090038,-0.51382554,-0.61848855,-0.76503336,0.17943242
1356334191925,-0.49256825,0.18836534,-0.84964406,0.61842823,-0.61114347,-0.49401435,-0.6123096,-0.76877964,0.18453944
1356334191954,-0.54174185,0.23563549,-0.80684054,0.57970023,-0.5903455,-0.5616404,-0.6086571,-0.7719897,0.18321693
1356334191984,-0.57988167,0.27898413,-0.7654444,0.5440797,-0.56670225,-0.6187291,-0.60639465,-0.77525246,0.17683068
1356334192014,-0.6083639,0.31588057,-0.72808844,0.5143816,-0.5416968,-0.6648129,-0.6044046,-0.77896345,0.16706556
1356334192044,-0.62889326,0.34542847,-0.6965432,0.49166143,-0.5173241,-0.70046043,-0.60229754,-0.7829783,0.1555078
1356334192074,-0.6432815,0.36875045,-0.6709785,0.47461343,-0.49561524,-0.7273979,-0.6007754,-0.78637695,0.14380616
1356334192104,-0.6529701,0.38838422,-0.6502214,0.46070904,-0.47773135,-0.7480107,-0.60114664,-0.78799146,0.13301218
1356334192134,-0.65865517,0.4064757,-0.6332068,0.44808117,-0.4641645,-0.76405144,-0.60448045,-0.78697443,0.12359023
1356334192164,-0.66046613,0.42417082,-0.61956733,0.4361324,-0.45496237,-0.77640057,-0.61120623,-0.78299963,0.11549252
1356334192194,-0.65826374,0.44176042,-0.6095381,0.42523116,-0.4499457,-0.7853199,-0.6211822,-0.7761421,0.108332574
1356334192224,-0.65176886,0.458547,-0.60409594,0.41663605,-0.44908786,-0.7904014,-0.6337284,-0.7668472,0.10165435
1356334192254,-0.64062655,0.47295588,-0.60490525,0.4122671,-0.45274997,-0.79060316,-0.64779127,-0.7558639,0.095059514
1356334192284,-0.62457484,0.48381078,-0.61305255,0.4134261,-0.46114695,-0.7851258,-0.66255957,-0.7438217,0.088000715
1356334192314,-0.6029018,0.4898626,-0.6297174,0.42139092,-0.47469693,-0.77271754,-0.67745036,-0.7312301,0.079772055
1356334192344,-0.5747186,0.49058744,-0.6549982,0.43644175,-0.49331337,-0.7524364,-0.69225514,-0.71830773,0.06940347
1356334192374,-0.5384267,0.48531234,-0.68888956,0.45873874,-0.51694345,-0.7227229,-0.7068632,-0.7051536,0.055704534
1356334192404,-0.49265158,0.47468686,-0.7293606,0.48704696,-0.5441626,-0.68313426,-0.72116554,-0.69178003,0.036887705
1356334192434,-0.4372636,0.4618528,-0.77168167,0.5185911,-0.5715454,-0.6359239,-0.7347543,-0.6782536,0.010403216
1356334192465,-0.37714338,0.4566291,-0.8057623,0.54806334,-0.591289,-0.5916114,-0.74658525,-0.664731,-0.02726096
1356334192505,-0.338351,0.50301486,-0.79529536,0.5639803,-0.5681423,-0.5992834,-0.75328934,-0.65129906,-0.09145895
1356334192544,-0.3198961,0.5858671,-0.74459803,0.5796433,-0.50063866,-0.6429421,-0.7494532,-0.63727593,-0.17944154
1356334192574,-0.3141598,0.663894,-0.6786371,0.5987727,-0.4161625,-0.68430996,-0.73673254,-0.62133205,-0.26678008
1356334192604,-0.31702065,0.72213995,-0.6148266,0.61773336,-0.33467925,-0.7116145,-0.719655,-0.60539544,-0.33998966
1356334192634,-0.31688076,0.754259,-0.5750478,0.63425076,-0.282278,-0.71975344,-0.70520383,-0.59280056,-0.3889408
1356334192664,-0.30875725,0.76457036,-0.56577474,0.6465217,-0.26758462,-0.7144285,-0.69762355,-0.58637065,-0.41169262
1356334192694,-0.29021335,0.7560296,-0.5866818,0.6557673,-0.28938144,-0.69730026,-0.6969544,-0.5870926,-0.4117971
1356334192724,-0.25659508,0.7249095,-0.63926935,0.6653128,-0.34729373,-0.6608677,-0.7010834,-0.5948894,-0.3931777
1356334192754,-0.20075798,0.6599733,-0.72396916,0.6778347,-0.4399671,-0.58904076,-0.7072739,-0.608986,-0.3590259
1356334192784,-0.11713594,0.54595333,-0.82958674,0.69146186,-0.5547659,-0.462726,-0.7128532,-0.62782943,-0.31252292
1356334192814,-0.009763777,0.37663573,-0.92631,0.6983815,-0.66041696,-0.27588543,-0.7156591,-0.6496115,-0.25658733
1356334192844,0.09384614,0.1857008,-0.9781146,0.69357467,-0.7170163,-0.06958407,-0.7142459,-0.6718653,-0.19608656
1356334192875,0.172342,0.014801115,-0.984926,0.6847614,-0.7205712,0.10899085,-0.70809615,-0.69322294,-0.1343199
1356334192904,0.21864754,-0.11267772,-0.9692765,0.68218064,-0.69259423,0.23439863,-0.6977269,-0.7124723,-0.074567415
1356334192934,0.23944104,-0.19975194,-0.9501406,0.68882835,-0.6547137,0.31123194,-0.68423927,-0.72900546,-0.019170463
1356334192964,0.24136925,-0.25488624,-0.936362,0.7028866,-0.6193579,0.34978026,-0.6690974,-0.7425825,0.029662188
1356334192994,0.22929758,-0.28560004,-0.93051344,0.7214192,-0.5919068,0.3594448,-0.6534347,-0.7537101,0.070314586
1356334193024,0.20518804,-0.29578513,-0.9329572,0.74232465,-0.57420874,0.34530908,-0.63784945,-0.7634104,0.10174787
1356334193054,0.17022967,-0.28780025,-0.94243985,0.7638156,-0.56571805,0.31072313,-0.6225814,-0.7727445,0.12352431
1356334193084,0.12600666,-0.2640636,-0.95623887,0.78372693,-0.56445915,0.25914857,-0.60818946,-0.7820846,0.13582814
1356334193114,0.0762009,-0.229193,-0.9703938,0.79934657,-0.5677092,0.19685403,-0.596019,-0.79068136,0.13994461
1356334193144,0.02602768,-0.18895629,-0.9816405,0.80848026,-0.57356536,0.13184223,-0.5879474,-0.7970686,0.13783886
1356334193174,-0.019137204,-0.14890209,-0.98866683,0.81042385,-0.5814178,0.071879715,-0.5855314,-0.7998636,0.13180044
1356334193204,-0.055093884,-0.112775,-0.99209195,0.8060236,-0.59145665,0.022472262,-0.5893137,-0.7984114,0.123484984
1356334193234,-0.07812637,-0.084050864,-0.99339414,0.79737926,-0.603366,-0.01165992,-0.5984001,-0.79302275,0.11415914
1356334193264,-0.08515757,-0.06632689,-0.99415743,0.78668225,-0.6168005,-0.026234806,-0.61145675,-0.78432006,0.10470341
1356334193294,-0.07293892,-0.06416115,-0.9952705,0.77552533,-0.63110995,-0.01614958,-0.6270889,-0.7730354,0.09579098
1356334193324,-0.03919512,-0.08169663,-0.9958862,0.7638295,-0.64501333,0.02285102,-0.6442268,-0.7597916,0.08768374
1356334193354,0.016952455,-0.12182155,-0.99240726,0.7491195,-0.6558312,0.09330222,-0.6622179,-0.74501336,0.080141015
1356334193384,0.0945375,-0.18554354,-0.97807777,0.726524,-0.65883064,0.1952048,-0.6806067,-0.7290512,0.07251773
1356334193414,0.18767732,-0.26889712,-0.9447071,0.68989766,-0.6485237,0.32164913,-0.6991555,-0.7121175,0.06379834
1356334193444,0.28444868,-0.36104658,-0.8881072,0.6354661,-0.62261987,0.4566479,-0.71782434,-0.6942549,0.05232948
1356334193487,0.36764634,-0.43833032,-0.8201846,0.56474245,-0.5954728,0.57138264,-0.7388519,-0.67325974,0.028620332
1356334193526,0.44071102,-0.49897265,-0.7461904,0.4803757,-0.57112473,0.6656243,-0.75829613,-0.65179974,-0.012006611
1356334193568,0.48611063,-0.5013174,-0.7158054,0.41288576,-0.59015757,0.69371426,-0.77020895,-0.6327677,-0.07989505
1356334193601,0.50821936,-0.4202165,-0.7517521,0.39191753,-0.66442025,0.636354,-0.7668857,-0.6180323,-0.17298102
1356334193630,0.50980943,-0.27957976,-0.81359047,0.41829592,-0.7458415,0.51840997,-0.7517465,-0.6046119,-0.26328996
1356334193660,0.49059427,-0.11263806,-0.8640775,0.47632748,-0.7956837,0.37416524,-0.7296776,-0.5951472,-0.33670527
1356334193690,0.46320465,0.021311104,-0.8859951,0.5326236,-0.8057234,0.25907916,-0.7083457,-0.5919085,-0.38456562
1356334193721,0.44238374,0.0942194,-0.89186287,0.56931317,-0.79789674,0.19809946,-0.69294965,-0.5953852,-0.40661687
1356334193750,0.43033215,0.11427745,-0.89540774,0.58787024,-0.7882321,0.18193087,-0.68499845,-0.6046742,-0.4063819
1356334193782,0.42439142,0.093666345,-0.90062124,0.5940118,-0.77949464,0.19884175,-0.6834046,-0.61936635,-0.38644975
1356334193812,0.4174317,0.050507307,-0.9073036,0.596939,-0.76804525,0.2318842,-0.68513834,-0.63840073,-0.35075623
1356334193845,0.40736544,-0.0068517327,-0.91323954,0.60144925,-0.7504854,0.2739169,-0.6872497,-0.6608515,-0.30160084
1356334193884,0.40036,-0.09516454,-0.9114031,0.6067978,-0.71775717,0.34149832,-0.68666464,-0.6897597,-0.22961563
1356334193914,0.36647052,-0.146027,-0.918899,0.633662,-0.6839986,0.36141157,-0.68130153,-0.7147181,-0.15813354
1356334193944,0.3278128,-0.18484974,-0.9264823,0.6644261,-0.6520554,0.3651874,-0.6716225,-0.7352921,-0.090933114
1356334193974,0.28464532,-0.21097676,-0.93512887,0.69616747,-0.6251254,0.35294363,-0.6590356,-0.75146997,-0.031063918
1356334194004,0.23738623,-0.22464103,-0.9450843,0.72624606,-0.60508794,0.32624435,-0.6451469,-0.76380956,0.019505076
1356334194034,0.18554407,-0.22519884,-0.9564826,0.75306475,-0.5927111,0.28563464,-0.63124245,-0.7732911,0.059615217
1356334194064,0.12876523,-0.21192488,-0.96876585,0.7756978,-0.58709824,0.2315354,-0.61782885,-0.78128326,0.08879182
1356334194094,0.06661183,-0.18465999,-0.9805425,0.79335535,-0.58617175,0.1642859,-0.60510343,-0.78886205,0.10745507
1356334194125,9.250045E-4,-0.1451537,-0.98940873,0.8050492,-0.586817,0.0868431,-0.5932075,-0.79660296,0.11631301
1356334194154,-0.06475437,-0.098294735,-0.9930484,0.8099212,-0.58651537,0.0052419007,-0.58295333,-0.8039515,0.11759037
1356334194194,-0.12819177,-0.043512046,-0.9907944,0.80695957,-0.58533967,-0.07870072,-0.57652676,-0.80961984,0.11014812
1356334194225,-0.18266052,0.0066034794,-0.9831539,0.7975539,-0.5837583,-0.15209875,-0.5749286,-0.8119006,0.10136294
1356334194254,-0.22252584,0.048110694,-0.973739,0.7843791,-0.584324,-0.20812231,-0.578992,-0.8100931,0.09229016
1356334194284,-0.24679565,0.07995847,-0.9657632,0.77027714,-0.58853227,-0.24556655,-0.58801794,-0.80451006,0.08365697
1356334194314,-0.25561088,0.10135111,-0.9614525,0.75716925,-0.59737325,-0.2642722,-0.60113037,-0.7955332,0.07595521
1356334194344,-0.2483564,0.11008531,-0.96239305,0.7467473,-0.61107033,-0.26260516,-0.6169988,-0.78388405,0.06955734
1356334194384,-0.22632176,0.10747877,-0.9681048,0.7356168,-0.6326177,-0.24220419,-0.638472,-0.76697016,0.06411189
1356334194415,-0.17316031,0.07474905,-0.982053,0.73161983,-0.657774,-0.17906925,-0.65935415,-0.7494972,0.05921246
1356334194457,-0.11058986,0.033002496,-0.99331796,0.7214892,-0.6847107,-0.103075355,-0.68353724,-0.7280673,0.051911175
1356334194495,-0.017736316,-0.03746757,-0.99914044,0.7054137,-0.7086565,0.014052272,-0.7085739,-0.7045581,0.038999125
1356334194535,0.07895833,-0.10282147,-0.99156106,0.674344,-0.72704595,0.1290904,-0.7341838,-0.678846,0.011930712
1356334194565,0.17201817,-0.15796342,-0.97234625,0.63042843,-0.7408054,0.23187757,-0.7569476,-0.6528819,-0.027847294
1356334194605,0.2219739,-0.12044296,-0.96758515,0.5955565,-0.768978,0.23234747,-0.77203625,-0.6278267,-0.098962456
1356334194644,0.23096436,0.014241725,-0.972858,0.58959854,-0.79744107,0.1283017,-0.7739697,-0.60322875,-0.19257736
1356334194674,0.20898789,0.18785524,-0.95970535,0.6083165,-0.79336625,-0.02282703,-0.76568604,-0.57903403,-0.28007936
1356334194714,0.17356318,0.34110743,-0.92386234,0.63713413,-0.75422156,-0.15877642,-0.75095665,-0.5610665,-0.34823626
1356334194744,0.14188296,0.43889982,-0.8872633,0.65954643,-0.71030533,-0.245896,-0.73815155,-0.5503029,-0.39025503
1356334194784,0.15483528,0.4289618,-0.8899538,0.6626579,-0.7132177,-0.22848414,-0.7327418,-0.5543575,-0.39468622
1356334194814,0.17468059,0.38245553,-0.9073117,0.6589307,-0.73012555,-0.18090603,-0.73164,-0.56625473,-0.37955046
1356334194844,0.20764071,0.2949893,-0.9326664,0.6481575,-0.75559694,-0.09468457,-0.7326509,-0.58485436,-0.3480922
1356334194885,0.26545048,0.12898324,-0.9554577,0.6259574,-0.77679497,0.069042474,-0.73328936,-0.6164032,-0.2869386
1356334194914,0.29639256,-0.008071035,-0.9550321,0.6166607,-0.76196927,0.19781902,-0.7293017,-0.64756286,-0.22086495
1356334194944,0.31315213,-0.11923945,-0.9421877,0.6198674,-0.72596216,0.2978983,-0.71951383,-0.6773189,-0.15342396
1356334194974,0.31824446,-0.20288597,-0.92604417,0.6352446,-0.6794497,0.36716813,-0.7036937,-0.7051138,-0.08734885
1356334195004,0.31385,-0.26123214,-0.91282856,0.6596161,-0.63153225,0.40752125,-0.68293834,-0.73001695,-0.025893454
1356334195034,0.3021347,-0.299011,-0.9051557,0.68869567,-0.5880507,0.42413974,-0.6591,-0.7515242,0.028257098
1356334195064,0.28418332,-0.32000056,-0.9037917,0.718843,-0.5526567,0.4217052,-0.6344325,-0.76952595,0.072974354
1356334195094,0.26058936,-0.32657015,-0.90854,0.74790597,-0.5268045,0.40387318,-0.61051595,-0.7847476,0.10696417
1356334195124,0.23106354,-0.31973273,-0.9189018,0.7747771,-0.51080465,0.37255737,-0.5884981,-0.79802847,0.1296933
1356334195164,0.19388437,-0.29434064,-0.93582714,0.80000305,-0.50468576,0.3244804,-0.56780636,-0.81157625,0.13762268
1356334195204,0.1462676,-0.2536535,-0.95617247,0.82152724,-0.5073097,0.2602498,-0.5510888,-0.82358783,0.13418025
1356334195234,0.09751791,-0.2121239,-0.972365,0.83591723,-0.5127814,0.19569823,-0.54012287,-0.8319007,0.1273126
1356334195264,0.055643797,-0.17562547,-0.9828833,0.8426086,-0.51985085,0.14059141,-0.5356441,-0.8360089,0.11905703
1356334195294,0.021893024,-0.1447267,-0.98922944,0.8426448,-0.52981377,0.09616193,-0.53802454,-0.8356743,0.11035396
1356334195324,-0.0025873184,-0.12003797,-0.9927659,0.8375912,-0.54260325,0.06342471,-0.54629135,-0.83136785,0.10194662
1356334195364,-0.01707369,-0.1015206,-0.99468684,0.82563895,-0.5625392,0.043242306,-0.5639404,-0.82051396,0.09342402
1356334195394,-0.014851034,-0.09568912,-0.9953005,0.81231165,-0.5815771,0.043792725,-0.58303446,-0.8078438,0.086366415
1356334195424,-0.003039658,-0.09868622,-0.99511397,0.7975979,-0.60047954,0.057113677,-0.60318184,-0.7935271,0.08053717
1356334195455,0.018014729,-0.11068511,-0.9936923,0.78099847,-0.618979,0.083105445,-0.62427306,-0.77756923,0.07529409
1356334195496,0.04713291,-0.12978852,-0.9904209,0.75832546,-0.64072645,0.120051056,-0.65017,-0.7567197,0.06822259
1356334195536,0.09178114,-0.16088098,-0.982697,0.72969097,-0.6606557,0.1763095,-0.6775893,-0.73324704,0.056757748
1356334195575,0.13837051,-0.18545806,-0.97286123,0.6952139,-0.6814226,0.22878128,-0.7053589,-0.7080032,0.034644246
1356334195615,0.18068004,-0.1835915,-0.96625507,0.6588999,-0.7067851,0.2574991,-0.73020935,-0.6831903,-0.006733533
1356334195646,0.21426678,-0.14733891,-0.96559876,0.62829584,-0.7361184,0.25174204,-0.74788636,-0.66062164,-0.0651533
1356334195685,0.2314238,-0.041067213,-0.9719859,0.6201248,-0.76359516,0.17991039,-0.7495921,-0.6443881,-0.1512473
1356334195724,0.22766328,0.12003997,-0.9663125,0.64278126,-0.76396066,0.056536466,-0.73143816,-0.6339989,-0.25108522
1356334195764,0.20622313,0.27157688,-0.9400628,0.68122107,-0.72950613,-0.061308086,-0.7024315,-0.6277474,-0.33544493
1356334195804,0.17871833,0.3671412,-0.91283464,0.7125142,-0.6881021,-0.13725518,-0.67851555,-0.6258776,-0.38456976
1356334195834,0.14899725,0.42093667,-0.8947694,0.73196435,-0.65534544,-0.18641482,-0.66485184,-0.62716395,-0.40575534
1356334195874,0.13239521,0.41246527,-0.9013012,0.7343553,-0.6515441,-0.19029619,-0.66572803,-0.636681,-0.38915735
1356334195914,0.11978066,0.36319628,-0.9239811,0.72863686,-0.6643116,-0.16666888,-0.6743449,-0.65328294,-0.34420985
1356334195944,0.10558814,0.30538505,-0.9463567,0.7236574,-0.6763225,-0.13750541,-0.68203443,-0.67031914,-0.2924058
1356334195974,0.096572995,0.2336513,-0.96751267,0.7203939,-0.68716013,-0.094040364,-0.68680876,-0.6879084,-0.23468208
1356334196014,0.09518963,0.13534376,-0.9862155,0.7212696,-0.6921894,-0.025375962,-0.68608236,-0.7089117,-0.16350855
1356334196044,0.09038317,0.046366572,-0.99482715,0.7275316,-0.6852231,0.034161896,-0.6800946,-0.7268559,-0.0956658
1356334196074,0.085701525,-0.03266889,-0.9957851,0.73812604,-0.66922563,0.08548167,-0.66919744,-0.7423408,-0.033239976
1356334196104,0.07868993,-0.095443875,-0.9923197,0.75193715,-0.64785874,0.12194058,-0.65452147,-0.7557576,0.02078785
1356334196134,0.06805396,-0.1390244,-0.9879478,0.7678852,-0.6249146,0.14083335,-0.6369623,-0.7682147,0.06422693
1356334196164,0.052555263,-0.16261894,-0.98528826,0.7844223,-0.6038685,0.1415078,-0.61799645,-0.7803191,0.0958255
1356334196204,0.030856729,-0.16154462,-0.98638284,0.8018736,-0.58513105,0.12091449,-0.5966964,-0.7946855,0.11148313
1356334196234,0.0019349456,-0.14578968,-0.9893137,0.8155587,-0.57225937,0.08592582,-0.5786711,-0.80700964,0.117792755
1356334196264,-0.026373029,-0.123912305,-0.99194264,0.8241867,-0.56423146,0.048570246,-0.56570375,-0.816265,0.11700742
1356334196294,-0.05222118,-0.0997552,-0.9936407,0.8276304,-0.5611267,0.012837112,-0.5588389,-0.8216968,0.11186314
1356334196324,-0.07385206,-0.07564828,-0.9943959,0.82637334,-0.56281674,-0.01855725,-0.55825883,-0.8231128,0.104078904
1356334196364,-0.09006864,-0.050921768,-0.9946329,0.8194063,-0.5714483,-0.044944912,-0.56609267,-0.81905663,0.093195245
1356334196404,-0.09542531,-0.032709002,-0.99489903,0.8094931,-0.58421415,-0.058435142,-0.5793228,-0.81094015,0.082226545
1356334196434,-0.08706981,-0.026573181,-0.9958478,0.8003824,-0.5970486,-0.05404803,-0.5931332,-0.80176497,0.07325353
1356334196474,-0.0711596,-0.02738133,-0.9970891,0.78820324,-0.61415344,-0.03938654,-0.6112872,-0.78871155,0.06528492
1356334196514,-0.03726077,-0.043508887,-0.99835795,0.7741007,-0.6330612,-0.0013019443,-0.631965,-0.7728781,0.057268605
1356334196544,0.011095405,-0.073580116,-0.99722755,0.75812507,-0.6496682,0.056370646,-0.65201485,-0.75664866,0.04857458
1356334196574,0.060965538,-0.10491857,-0.99261034,0.73787344,-0.6649646,0.11560628,-0.67218006,-0.7394688,0.036876738
1356334196604,0.111105144,-0.13245746,-0.98494196,0.71249676,-0.680303,0.1718612,-0.6928232,-0.7208626,0.018790312
1356334196635,0.15819871,-0.14600083,-0.9765536,0.6826823,-0.69836855,0.2150029,-0.7133849,-0.700689,-0.0108088255
1356334196664,0.1984064,-0.13275626,-0.9710874,0.6524359,-0.7214803,0.23193432,-0.73141116,-0.67958957,-0.056531332
1356334196694,0.22669005,-0.078318715,-0.9708129,0.62984395,-0.74850416,0.20745626,-0.74290526,-0.658489,-0.120349884
1356334196724,0.23865241,0.020459652,-0.97088957,0.623671,-0.76957256,0.13708603,-0.7443652,-0.6382315,-0.19642043
1356334196754,0.23340732,0.1439154,-0.9616701,0.6359502,-0.77074355,0.039008737,-0.73558706,-0.62067926,-0.27142024
1356334196794,0.21878672,0.2509867,-0.9429412,0.6603788,-0.7495055,-0.046274126,-0.71835387,-0.6125742,-0.32972813
1356334196824,0.2006951,0.3197465,-0.9260042,0.6816013,-0.7245164,-0.102448285,-0.70366263,-0.61060476,-0.36334652
1356334196854,0.19216383,0.33790013,-0.9213558,0.69259477,-0.7118389,-0.116609454,-0.6952593,-0.6157181,-0.3708176
1356334196894,0.20387506,0.281577,-0.93762964,0.6889603,-0.72170246,-0.066927284,-0.69553477,-0.63234484,-0.34113252
1356334196924,0.21106231,0.21149443,-0.954318,0.6846346,-0.72881645,-0.010101497,-0.6976591,-0.6512271,-0.29862207
1356334196954,0.21979469,0.12651095,-0.9673083,0.68047047,-0.73038894,0.059093475,-0.6990353,-0.6712131,-0.24662258
1356334196986,0.22827375,0.03262496,-0.9730502,0.67930704,-0.7212965,0.13517871,-0.6974475,-0.6918576,-0.18681544
1356334197024,0.23588729,-0.06909391,-0.96932095,0.68427324,-0.6964506,0.21616353,-0.6900198,-0.71427065,-0.11700473
1356334197054,0.23256171,-0.14653876,-0.9614788,0.6972209,-0.6641217,0.26986194,-0.67808414,-0.7331227,-0.05227942
1356334197084,0.22430259,-0.20449951,-0.9528212,0.714615,-0.6302511,0.30349454,-0.66258115,-0.7489749,0.004771471
1356334197114,0.21120346,-0.24332057,-0.94667226,0.73458236,-0.59941286,0.3179514,-0.6448116,-0.7625611,0.05214087
1356334197144,0.19312906,-0.2637743,-0.9450525,0.75557435,-0.574489,0.31475365,-0.62594616,-0.7748455,0.088350534
1356334197184,0.16793144,-0.26071116,-0.95069915,0.7784313,-0.5566476,0.29015207,-0.60485023,-0.7887796,0.10946706
1356334197214,0.13265705,-0.24017835,-0.9616218,0.79954386,-0.547453,0.2470322,-0.5857745,-0.8016294,0.11940963
1356334197244,0.09460449,-0.20897445,-0.9733343,0.81636107,-0.5432711,0.19598737,-0.5697408,-0.8131336,0.119202696
1356334197274,0.05519277,-0.17045873,-0.9838178,0.82804155,-0.5427778,0.14049664,-0.55794334,-0.8223965,0.11118956
1356334197314,0.015335202,-0.1239931,-0.9921646,0.83299965,-0.5472723,0.081268996,-0.553061,-0.827719,0.09489368
1356334197344,-0.020610988,-0.08160651,-0.9964515,0.83288366,-0.5527374,0.028039932,-0.5530642,-0.82935023,0.07936117
1356334197384,-0.048190832,-0.04450205,-0.99784625,0.8260447,-0.563411,-0.014766693,-0.5615405,-0.8249773,0.06391202
1356334197414,-0.060519397,-0.020721376,-0.997952,0.81741315,-0.57482123,-0.037635297,-0.57286406,-0.81801665,0.0517257
1356334197444,-0.061456382,-0.0080548525,-0.9980772,0.80721086,-0.5885487,-0.04495409,-0.587055,-0.8084215,0.042672142
1356334197484,-0.050401628,-0.007723838,-0.9986992,0.79247427,-0.6088838,-0.035284966,-0.6078192,-0.79322183,0.036809683
1356334197514,-0.018432856,-0.02747026,-0.99945265,0.77765954,-0.6286788,0.0029370785,-0.6284154,-0.7771797,0.03295088
1356334197548,0.020064592,-0.05664906,-0.9981926,0.760751,-0.6469569,0.052007705,-0.6487337,-0.7604195,0.030114785
1356334197584,0.0629428,-0.090388805,-0.99391556,0.73782396,-0.6664055,0.10732934,-0.67205215,-0.74009025,0.024745584
1356334197614,0.11627942,-0.13155854,-0.984465,0.7092281,-0.68290555,0.17502972,-0.69532335,-0.7185626,0.01389721
1356334197644,0.16372776,-0.1560722,-0.97408146,0.67630726,-0.7010909,0.22600886,-0.71819335,-0.6957823,-0.009235226
1356334197684,0.20130086,-0.1298396,-0.970886,0.6427337,-0.7304495,0.23094793,-0.73916936,-0.6705112,-0.063587844
1356334197714,0.23242325,-0.07010311,-0.9700851,0.61441696,-0.76260036,0.20231779,-0.7539703,-0.6430601,-0.13417351
1356334197744,0.25071907,0.030332327,-0.9675845,0.60083425,-0.7885721,0.13096672,-0.7590376,-0.6141938,-0.21593475
1356334197784,0.25334758,0.16146457,-0.9538051,0.6093719,-0.7923999,0.027718842,-0.7513194,-0.58824456,-0.29914457
1356334197814,0.2430048,0.27281964,-0.9308696,0.6277622,-0.7758111,-0.06349683,-0.7395021,-0.5689347,-0.35979164
1356334197844,0.23190051,0.33638263,-0.91272604,0.64318854,-0.75693905,-0.11554989,-0.72974694,-0.56025887,-0.39189202
1356334197884,0.23232216,0.3159317,-0.9198987,0.64569056,-0.7574062,-0.0970546,-0.72739965,-0.5714219,-0.37995633
1356334197924,0.23370337,0.24050032,-0.9420946,0.6429618,-0.76506066,-0.035808504,-0.7293715,-0.59736234,-0.3334298
1356334197954,0.22803271,0.1592137,-0.9605478,0.6447764,-0.7639135,0.026448041,-0.72956455,-0.62536955,-0.27685452
1356334197986,0.2220822,0.06916538,-0.97257173,0.6513417,-0.75278944,0.09519547,-0.72555745,-0.65461767,-0.21223143
1356334198024,0.21743637,-0.039503247,-0.97527474,0.6670399,-0.7234412,0.17801854,-0.7125862,-0.6892549,-0.13095221
1356334198054,0.20448393,-0.12238026,-0.9711897,0.6907594,-0.68494076,0.23174919,-0.6935689,-0.7182474,-0.05552412
1356334198084,0.18964523,-0.18442497,-0.96437657,0.7176237,-0.64431477,0.26433825,-0.6701126,-0.74219,0.01015646
1356334198114,0.17229491,-0.22487482,-0.9590337,0.7445899,-0.6076742,0.2762569,-0.6449033,-0.76168454,0.06274035
1356334198144,0.15238148,-0.24521968,-0.957417,0.7698561,-0.57802266,0.27057633,-0.6197592,-0.7783041,0.100703835
1356334198174,0.12950557,-0.24793449,-0.96008164,0.7923875,-0.5562026,0.2505208,-0.59611267,-0.7932005,0.1244289
1356334198214,0.10283488,-0.22771755,-0.96828187,0.8132881,-0.5412153,0.21365535,-0.57270193,-0.80946326,0.12954408
1356334198244,0.07133913,-0.19741648,-0.97772056,0.8298953,-0.5320311,0.16797814,-0.5533394,-0.82338905,0.12588039
1356334198274,0.04177153,-0.16470426,-0.9854581,0.84136444,-0.5261451,0.12360078,-0.53885156,-0.83429235,0.11659847
1356334198314,0.015154839,-0.12965113,-0.9914439,0.8467237,-0.5257238,0.08169162,-0.5318171,-0.840717,0.101811424
1356334198344,-0.0062052608,-0.10060522,-0.9949071,0.84751177,-0.52858686,0.048164934,-0.53074044,-0.8428966,0.088544086
1356334198384,-0.02052629,-0.077671826,-0.99676764,0.8416997,-0.5393808,0.024697512,-0.53955567,-0.8384721,0.076447845
1356334198424,-0.023513377,-0.06484401,-0.9976184,0.8309755,-0.5560626,0.016557693,-0.55581194,-0.828607,0.06695871
1356334198454,-0.014499247,-0.0633975,-0.9978831,0.8193296,-0.5727997,0.024486303,-0.5731394,-0.8172401,0.06024857
1356334198494,3.9553642E-4,-0.07043052,-0.99751663,0.8030234,-0.5944451,0.042289734,-0.5959474,-0.8010459,0.056322232
1356334198524,0.027751863,-0.09018561,-0.99553823,0.785524,-0.61395705,0.07751569,-0.6182085,-0.7841704,0.05380456
1356334198554,0.05725324,-0.11485794,-0.99173063,0.76606095,-0.6319527,0.11741522,-0.64021295,-0.7664485,0.051806882
1356334198584,0.087848425,-0.14204642,-0.9859541,0.7437252,-0.64910877,0.15978295,-0.6626881,-0.7473156,0.048620343
1356334198614,0.11846346,-0.1668602,-0.97883815,0.7177187,-0.66683257,0.20053494,-0.68618244,-0.7262865,0.04076335
1356334198644,0.1477009,-0.18028775,-0.97246116,0.6880516,-0.68758386,0.23197718,-0.7104712,-0.70336676,0.022490472
1356334198684,0.17443448,-0.15190423,-0.97288114,0.6553814,-0.7194762,0.22984573,-0.73487943,-0.67770123,-0.025946192
1356334198714,0.19814664,-0.08969101,-0.97606015,0.62661874,-0.75414455,0.19650678,-0.7537154,-0.6505548,-0.093229115
1356334198785,0.21479547,0.010102063,-0.9766068,0.6104288,-0.78195775,0.12616946,-0.7623907,-0.6232496,-0.17412758
1356334198786,0.2219705,0.12936911,-0.966433,0.6115128,-0.790476,0.034637302,-0.7594611,-0.59867465,-0.25457323
1356334198800,0.22026193,0.23573615,-0.9465269,0.6250632,-0.77906144,-0.04857263,-0.74885297,-0.58094037,-0.31894755
1356334198832,0.21347797,0.30526918,-0.928029,0.64144105,-0.76028883,-0.102539,-0.73687214,-0.5733861,-0.3581171
1356334198874,0.2065875,0.31435782,-0.92655313,0.65349346,-0.7491221,-0.10845442,-0.72819495,-0.58309114,-0.36019003
1356334198914,0.1963737,0.27858287,-0.94012177,0.6621478,-0.7448289,-0.08240226,-0.72318566,-0.606318,-0.33072788
1356334198944,0.18201011,0.23346001,-0.9551799,0.6712661,-0.7393339,-0.05279389,-0.7185222,-0.6315708,-0.29128003
1356334198974,0.16788918,0.17724612,-0.9697407,0.6816224,-0.7315356,-0.015699893,-0.7121826,-0.6583612,-0.24363184
1356334199015,0.1544177,0.098362744,-0.98309714,0.696878,-0.7161927,0.037802607,-0.7003687,-0.6909361,-0.17913966
1356334199044,0.13933504,0.026242018,-0.9898976,0.7155857,-0.69365567,0.082335025,-0.68448734,-0.7198286,-0.115429
1356334199084,0.12506294,-0.045657754,-0.9910977,0.7389311,-0.6623183,0.12375453,-0.66207254,-0.74783003,-0.049093515
1356334199114,0.11027479,-0.10136801,-0.9887183,0.76209384,-0.62995034,0.14958411,-0.63800657,-0.7699915,0.007784337
1356334199144,0.096598625,-0.14139813,-0.9852286,0.78344244,-0.59973806,0.16288742,-0.613911,-0.7876046,0.052843377
1356334199184,0.08374572,-0.16326976,-0.9830207,0.8039137,-0.5718412,0.16346422,-0.5888204,-0.8039532,0.083365485
1356334199224,0.07003051,-0.16799733,-0.98329675,0.82218826,-0.5484727,0.15226346,-0.56489134,-0.81911814,0.09971562
1356334199254,0.056049526,-0.16457433,-0.9847709,0.8360128,-0.5314851,0.13640422,-0.54583967,-0.8309265,0.10779683
1356334199284,0.043700516,-0.15662444,-0.986691,0.8446647,-0.5216233,0.120211124,-0.533509,-0.8386763,0.10949992
1356334199324,0.03323376,-0.1444343,-0.98895615,0.8459599,-0.522849,0.10478899,-0.53220993,-0.8400997,0.10480943
1356334199354,0.02526182,-0.13321975,-0.99076456,0.84314287,-0.529636,0.092713594,-0.53709584,-0.83769816,0.09894368
1356334199394,0.020732105,-0.12311262,-0.9921761,0.8330963,-0.54652315,0.08522251,-0.5527392,-0.8283452,0.0912341
1356334199424,0.02290231,-0.118804544,-0.99265355,0.821054,-0.56426275,0.086476296,-0.5703911,-0.81700253,0.084621936
1356334199454,0.02922386,-0.11951521,-0.99240214,0.80720973,-0.58273995,0.093949854,-0.5895409,-0.8038222,0.07944399
1356334199494,0.040002048,-0.12677616,-0.99112445,0.78844887,-0.6053205,0.10924944,-0.6137982,-0.7858211,0.07574248
1356334199524,0.06033182,-0.14373761,-0.98777497,0.768701,-0.62457937,0.13783774,-0.6367564,-0.7676197,0.07280929
1356334199554,0.08256209,-0.16395786,-0.9830063,0.74793184,-0.6416781,0.16984531,-0.658621,-0.74924445,0.06965091
1356334199584,0.106340885,-0.18493935,-0.9769796,0.72536576,-0.657615,0.2034382,-0.6801001,-0.7303014,0.06421726
1356334199614,0.13154477,-0.20185713,-0.9705409,0.7002002,-0.67412364,0.23511045,-0.70172334,-0.7105005,0.052663006
1356334199644,0.15799004,-0.20621595,-0.9656677,0.67222846,-0.693876,0.2581568,-0.7232897,-0.68993556,0.028998762
1356334199684,0.18832994,-0.16861592,-0.96752286,0.6420023,-0.7243805,0.25120884,-0.7432126,-0.66846204,-0.028170705
1356334199714,0.2190814,-0.0979245,-0.97078013,0.6163504,-0.7574122,0.2154969,-0.7563832,-0.64555216,-0.10557914
1356334199744,0.24505019,0.008539259,-0.96947277,0.6043652,-0.78324085,0.14586437,-0.75808513,-0.62165976,-0.19709414
1356334199784,0.26100874,0.14294794,-0.95469385,0.6154388,-0.7865662,0.05048415,-0.7437133,-0.60073245,-0.29327637
1356334199824,0.2597549,0.25402433,-0.93166465,0.6395003,-0.7681596,-0.031146258,-0.7235791,-0.5877094,-0.36198187
1356334199854,0.24681097,0.3247345,-0.91303444,0.66201645,-0.7445555,-0.08585645,-0.70768535,-0.5832535,-0.39874405
1356334199894,0.23234975,0.32671666,-0.9161167,0.6741725,-0.73301685,-0.09043062,-0.70107424,-0.5966092,-0.3905797
1356334199924,0.21474922,0.30197012,-0.92881477,0.6823325,-0.72681123,-0.0785355,-0.6987884,-0.616895,-0.36212617
1356334199954,0.19909799,0.2509486,-0.947304,0.68773705,-0.72441345,-0.04735911,-0.6981244,-0.64206696,-0.3168159
1356334199984,0.18574196,0.17890981,-0.9661735,0.69307256,-0.7208678,-2.4598837E-4,-0.69652736,-0.66958266,-0.25789288
1356334200040,0.17508209,0.0802615,-0.9812769,0.70092833,-0.7100795,0.06698209,-0.6914086,-0.69953215,-0.18057974
1356334200064,0.16657078,-0.03671503,-0.98534566,0.7147346,-0.6839212,0.1463081,-0.67927057,-0.7286314,-0.087679744
1356334200094,0.15931016,-0.13312048,-0.97821224,0.7321216,-0.64879274,0.2075235,-0.6622826,-0.74923086,-0.0058989003
1356334200124,0.15398604,-0.20577344,-0.96640867,0.7507348,-0.61153954,0.2498335,-0.64240617,-0.7639874,0.06031272
1356334200154,0.14914083,-0.25309002,-0.95587784,0.7696718,-0.5771716,0.27290705,-0.62077564,-0.7764138,0.1087164
1356334200194,0.14296544,-0.27001545,-0.95218307,0.7902827,-0.54803395,0.2740657,-0.5958306,-0.7916757,0.13503861
1356334200234,0.13277936,-0.25967807,-0.95652336,0.81072956,-0.5267075,0.25553223,-0.57016414,-0.80941117,0.14059287
1356334200264,0.11962134,-0.23990443,-0.96339846,0.8271495,-0.512603,0.23035169,-0.5491034,-0.8244295,0.13711858
1356334200294,0.10662866,-0.21667129,-0.970404,0.83866054,-0.50466937,0.20483497,-0.53411496,-0.83568084,0.1279014
1356334200334,0.094519794,-0.19043952,-0.97713804,0.843486,-0.5060188,0.18021211,-0.52876973,-0.8412359,0.112804264
1356334200364,0.08564967,-0.16928339,-0.9818387,0.8437127,-0.5118154,0.16184488,-0.52991796,-0.8422518,0.098989785
1356334200404,0.08136368,-0.15415755,-0.98469055,0.83669794,-0.5262852,0.1515275,-0.5415871,-0.8362173,0.086162806
1356334200434,0.08716577,-0.15008554,-0.9848231,0.82674074,-0.5406464,0.1555678,-0.5557895,-0.82775354,0.07695593
1356334200464,0.09901297,-0.15516755,-0.98291373,0.8143492,-0.5550258,0.16965187,-0.571867,-0.8172327,0.0714058
1356334200504,0.1176098,-0.17268822,-0.9779298,0.7963799,-0.57189405,0.19676405,-0.59325117,-0.80194503,0.07026514
1356334200534,0.14984667,-0.20415717,-0.96740156,0.7745606,-0.58387643,0.24319571,-0.6144932,-0.7857532,0.07064018
1356334200570,0.18411702,-0.24048227,-0.9530316,0.7493335,-0.5931348,0.29443246,-0.636082,-0.7683485,0.07099518
1356334200594,0.21908909,-0.27800077,-0.9352623,0.7196984,-0.60118496,0.34729075,-0.65881264,-0.7491944,0.06836361
1356334200620,0.2533819,-0.3099469,-0.9163681,0.68503,-0.61136,0.39619812,-0.6830312,-0.728129,0.057415336
1356334200650,0.2857054,-0.32677317,-0.90088385,0.6460202,-0.62868196,0.43291688,-0.707835,-0.70567584,0.031484216
1356334200680,0.31521988,-0.31716752,-0.89445025,0.60578614,-0.65825546,0.44690365,-0.73052007,-0.68271846,-0.015359521
1356334200710,0.34101188,-0.27442014,-0.8991131,0.57104033,-0.6992868,0.43001252,-0.74674207,-0.6600693,-0.08176014
1356334200740,0.36068255,-0.20128949,-0.9107089,0.549844,-0.74282473,0.38194638,-0.75337887,-0.6385092,-0.15724611
1356334200782,0.3711424,-0.10600418,-0.92250556,0.5487775,-0.7763671,0.3099957,-0.7490638,-0.62130284,-0.22997004
1356334200814,0.3698948,-0.023079723,-0.928787,0.5597547,-0.7923463,0.24261487,-0.7415204,-0.6096349,-0.2801658
1356334200844,0.36405247,0.024715751,-0.9310504,0.57229257,-0.7946081,0.20267989,-0.7348108,-0.6066194,-0.3034237
1356334200884,0.36027515,0.007855028,-0.932813,0.57973015,-0.7853004,0.21729308,-0.73083156,-0.61906517,-0.287478
1356334200924,0.35414338,-0.04821813,-0.93394727,0.58798444,-0.7651075,0.262459,-0.72722536,-0.6420946,-0.24260625
1356334200954,0.34372097,-0.1045398,-0.9332349,0.6011684,-0.73896027,0.30419457,-0.7214239,-0.66558933,-0.19115013
1356334200985,0.33337575,-0.1616518,-0.92883223,0.61791635,-0.70662504,0.34476146,-0.7120674,-0.6888757,-0.13568437
1356334201024,0.3237701,-0.22636509,-0.91865754,0.64193,-0.6607311,0.38905048,-0.695053,-0.7156768,-0.06861442
1356334201055,0.31022036,-0.27487957,-0.9100574,0.67012453,-0.61577934,0.41442603,-0.6743119,-0.7384152,-0.0068237185
1356334201095,0.29665995,-0.31175387,-0.90266407,0.70188904,-0.56976587,0.4274559,-0.6475682,-0.7603791,0.04978996
1356334201124,0.27881706,-0.33085757,-0.90155107,0.733159,-0.5330107,0.4223475,-0.6202733,-0.77873796,0.093958735
1356334201155,0.2594484,-0.33491182,-0.905826,0.7617912,-0.5055335,0.40510505,-0.5935998,-0.79515415,0.12397295
1356334201194,0.23597407,-0.31771642,-0.91835326,0.78916305,-0.48879832,0.37188447,-0.56704324,-0.81248546,0.13538626
1356334201234,0.20401692,-0.28542092,-0.93643576,0.81282985,-0.48372632,0.32452485,-0.5456049,-0.8273715,0.13331038
1356334201264,0.16748738,-0.25206175,-0.95310694,0.8300632,-0.4855584,0.27427757,-0.53192395,-0.837077,0.12790227
