1356333844801,-0.421663,-0.6447153,-0.63760686,-0.23836014,-0.5996345,0.7639522,-0.8748628,0.47411042,0.099169195
1356333844837,0.26955706,0.6466739,-0.71354866,-0.4024385,-0.5975213,-0.6935499,-0.87486124,0.47411072,0.09918043
1356333844876,0.26952833,0.64667964,-0.71355456,-0.40247336,-0.59751225,-0.69353765,-0.87485415,0.47411472,0.099224746
1356333844916,0.26958704,0.64686376,-0.71336526,-0.40245274,-0.5973133,-0.6937208,-0.87484545,0.47411394,0.0993042
1356333844948,0.26998317,0.6476056,-0.71254206,-0.4021879,-0.59652567,-0.6945517,-0.87484515,0.47409308,0.099407196
1356333844986,0.27075267,0.64901644,-0.7109647,-0.40164477,-0.5950343,-0.69614345,-0.8748568,0.47403792,0.09956688
1356333845068,0.27242255,0.6517669,-0.70780355,-0.40052846,-0.5920439,-0.699329,-0.8748502,0.47400847,0.09976506
1356333845070,0.27560598,0.6563721,-0.70229405,-0.39850375,-0.58683723,-0.7048523,-0.87477773,0.4741283,0.099830896
1356333845100,0.2803005,0.6624666,-0.69467235,-0.39556473,-0.57966536,-0.7124019,-0.87461996,0.4744745,0.09956795
1356333845142,0.2860583,0.6693073,-0.6857102,-0.3919919,-0.57125485,-0.7211174,-0.8743644,0.47507444,0.09895083
1356333845174,0.29187465,0.67614746,-0.6764864,-0.3883338,-0.5625891,-0.7298565,-0.87407446,0.47572914,0.09836537
1356333845218,0.29320735,0.6767255,-0.6753311,-0.38831496,-0.56118995,-0.7309427,-0.8736366,0.47655892,0.09823763
1356333845256,0.29964966,0.68547386,-0.66357785,-0.3845647,-0.5497475,-0.741544,-0.8731094,0.47739205,0.09887743
1356333845289,0.30375975,0.69157827,-0.6553239,-0.382652,-0.5413551,-0.74867356,-0.8725293,0.4781779,0.10019195
1356333845327,0.30578107,0.6956382,-0.65006566,-0.38263333,-0.5354192,-0.7529395,-0.8718312,0.47897142,0.10245332
1356333845366,0.30601865,0.6980127,-0.6474032,-0.38428593,-0.53159904,-0.7548025,-0.8710206,0.47977155,0.10555717
1356333845408,0.30496603,0.6990147,-0.6468185,-0.38710815,-0.52955085,-0.7548001,-0.8701396,0.4805771,0.10909927
1356333845447,0.30307114,0.6989229,-0.6478077,-0.3907204,-0.528881,-0.75340736,-0.86918676,0.4814477,0.11279479
1356333845487,0.3005815,0.6979607,-0.65000135,-0.39497727,-0.5292356,-0.7509346,-0.8681266,0.48245284,0.116600096
1356333845528,0.2976125,0.6963045,-0.65313613,-0.39953786,-0.53050184,-0.747621,-0.86706185,0.48345393,0.12031609
1356333845565,0.29406565,0.6942658,-0.65690213,-0.4043041,-0.5324159,-0.7436878,-0.8660621,0.48428124,0.124129266
1356333845606,0.289774,0.6920269,-0.66115785,-0.40918964,-0.5349028,-0.73921776,-0.86521375,0.48474506,0.12816927
1356333845646,0.28486234,0.68982786,-0.66557574,-0.41402477,-0.5376934,-0.7344858,-0.8645444,0.48479217,0.13243717
1356333845684,0.28030568,0.6881212,-0.66926676,-0.4181713,-0.5400452,-0.7303999,-0.86403793,0.48460338,0.13637474
1356333845715,0.27683192,0.68708044,-0.6717772,-0.4212727,-0.5415552,-0.7274938,-0.8636512,0.48439488,0.13952842
1356333845754,0.27493668,0.68670154,-0.67294186,-0.4230406,-0.5421222,-0.72604424,-0.8633924,0.48429793,0.14145336
1356333845796,0.2750991,0.687089,-0.67247987,-0.4232791,-0.54147184,-0.72639054,-0.8632238,0.48447606,0.14187196
1356333845835,0.27729535,0.6879664,-0.6706784,-0.42214304,-0.5398236,-0.7282758,-0.8630773,0.48506972,0.14072973
1356333845876,0.2807365,0.6886693,-0.66852194,-0.42024514,-0.53801644,-0.7307068,-0.86289114,0.48607922,0.13836902
1356333845916,0.2846111,0.68850166,-0.66705483,-0.4180345,-0.53705233,-0.73268145,-0.86269563,0.4873812,0.13496631
1356333845955,0.28739774,0.686358,-0.6680683,-0.416145,-0.5387437,-0.7325152,-0.8626852,0.4885365,0.13079077
1356333845997,0.28896058,0.6821766,-0.6716672,-0.4138329,-0.543652,-0.73019505,-0.8632752,0.4889556,0.12521312
1356333846036,0.2885924,0.6750484,-0.6789876,-0.41114897,-0.5530722,-0.7246155,-0.8646797,0.48828354,0.117932975
1356333846075,0.2889486,0.66648805,-0.68724257,-0.40608323,-0.5647543,-0.7184351,-0.86695164,0.48666853,0.10746467
1356333846106,0.28993344,0.6563134,-0.6965567,-0.40069017,-0.5777153,-0.71112055,-0.8691294,0.48528105,0.09547937
1356333846147,0.3007458,0.6500828,-0.69781387,-0.38908565,-0.58439195,-0.7121084,-0.8707262,0.48567298,0.07718453
1356333846185,0.31530184,0.64347035,-0.6975175,-0.37761813,-0.5892425,-0.7142814,-0.87062585,0.4886095,0.057196826
1356333846226,0.3337975,0.63809186,-0.6938429,-0.36729103,-0.5898472,-0.71915054,-0.86814547,0.49489293,0.037475884
1356333846267,0.3538316,0.63298106,-0.688577,-0.35937446,-0.5876819,-0.7249001,-0.8635122,0.5039495,0.019536765
1356333846305,0.37338442,0.62758327,-0.68317145,-0.35281786,-0.58502287,-0.7302519,-0.8579648,0.51369977,0.0029841661
1356333846346,0.3949889,0.6239026,-0.6743362,-0.3428508,-0.58088213,-0.738261,-0.8523128,0.52280164,-0.015536489
1356333846386,0.41791487,0.62191373,-0.66224647,-0.32630187,-0.5775596,-0.74829936,-0.8478645,0.5288178,-0.038439125
1356333846418,0.43726152,0.620165,-0.65130466,-0.30710712,-0.57770735,-0.7562668,-0.8452737,0.5307067,-0.062152117
1356333846456,0.44760203,0.6166233,-0.64763284,-0.2904345,-0.5847262,-0.7574583,-0.84575427,0.5271348,-0.082636
1356333846487,0.44671923,0.6096807,-0.65477574,-0.2831387,-0.59790343,-0.749896,-0.8486898,0.5203853,-0.09447074
1356333846526,0.42673308,0.59385526,-0.68208116,-0.29371166,-0.622314,-0.72557473,-0.8553551,0.50996196,-0.091139734
1356333846565,0.38692772,0.567376,-0.72689164,-0.31953984,-0.65694666,-0.68287295,-0.86497474,0.4964933,-0.07289162
1356333846605,0.33256334,0.53270566,-0.77822,-0.35019454,-0.696434,-0.62637323,-0.8756514,0.48083714,-0.045057833
1356333846636,0.27756035,0.50018734,-0.8202274,-0.37355894,-0.7303964,-0.5718172,-0.8851068,0.46511704,-0.01587966
1356333846676,0.21745902,0.46524408,-0.85805565,-0.3921406,-0.7633843,-0.5132936,-0.893833,0.4480988,0.01643622
1356333846716,0.15938014,0.43712223,-0.8851679,-0.40285414,-0.78978026,-0.46255347,-0.90128046,0.4303154,0.050221175
1356333846756,0.11075163,0.42301178,-0.8993303,-0.40620756,-0.80659556,-0.42941684,-0.90704435,0.4128734,0.08249891
1356333846795,0.07875103,0.42853707,-0.9000857,-0.4045564,-0.8114621,-0.4217385,-0.911116,0.39734775,0.10946393
1356333846836,0.06062895,0.4471428,-0.89240545,-0.40096787,-0.8078326,-0.43200856,-0.91408366,0.38401812,0.13031179
1356333846876,0.055319965,0.47691482,-0.8772069,-0.39647037,-0.7958298,-0.45767504,-0.91637933,0.3731051,0.14505723
1356333846907,0.058226347,0.51154065,-0.85728395,-0.39162862,-0.7781996,-0.49095035,-0.9182792,0.3643232,0.15502232
1356333846946,0.06533581,0.5444223,-0.83626294,-0.3854615,-0.759233,-0.52438986,-0.9204079,0.3566086,0.1602487
1356333846985,0.0748719,0.57501054,-0.8147129,-0.3767911,-0.7401252,-0.5569948,-0.92326736,0.3486798,0.16124427
1356333847026,0.0846436,0.60127527,-0.79454607,-0.36591882,-0.72293335,-0.58606374,-0.9267896,0.34034586,0.15882629
1356333847055,0.093186855,0.62154055,-0.7778198,-0.35545966,-0.70896804,-0.6091083,-0.9300348,0.33324447,0.15486598
1356333847096,0.10477853,0.6386381,-0.76234037,-0.34481406,-0.69567883,-0.63018584,-0.93280476,0.32889563,0.1473192
1356333847127,0.117236555,0.6502279,-0.7506392,-0.33651185,-0.6851261,-0.64603555,-0.9343529,0.32833797,0.13848758
1356333847166,0.13571787,0.66052276,-0.7384378,-0.33131832,-0.67216444,-0.6621353,-0.933707,0.33452153,0.12761855
1356333847206,0.16072875,0.6682687,-0.72634935,-0.33042365,-0.6570212,-0.6776013,-0.93004656,0.348913,0.11520946
1356333847244,0.19214135,0.6731883,-0.7140723,-0.33336604,-0.63958895,-0.69267106,-0.92301077,0.37113822,0.10152656
1356333847276,0.22282487,0.67313766,-0.7051487,-0.33785424,-0.6251829,-0.703563,-0.9144417,0.3950088,0.08811608
1356333847316,0.26547253,0.67762285,-0.6858219,-0.3404171,-0.5996482,-0.7242502,-0.90202034,0.42573404,0.07148424
1356333847403,0.31146306,0.680987,-0.66275734,-0.3388438,-0.5720119,-0.7469853,-0.8877925,0.4572295,0.052587744
1356333847405,0.36115873,0.68732256,-0.63020015,-0.32736582,-0.53934854,-0.77584463,-0.873153,0.48650903,0.030215416
1356333847433,0.41156167,0.6979501,-0.5860739,-0.30128288,-0.50271523,-0.8102505,-0.8601428,0.5100421,0.00338215
1356333847463,0.45851353,0.7139946,-0.52912855,-0.2597757,-0.46171573,-0.84813637,-0.84987175,0.5263367,-0.026224464
1356333847506,0.495688,0.7333654,-0.46526173,-0.19882947,-0.42565647,-0.8827702,-0.8454349,0.5300863,-0.06517807
1356333847553,0.5129172,0.7496282,-0.4182982,-0.12745738,-0.41537446,-0.9006767,-0.8489231,0.5152879,-0.11750707
1356333847589,0.5096528,0.757596,-0.40780187,-0.0617297,-0.4405594,-0.89559865,-0.8581629,0.48161784,-0.17776614
1356333847631,0.49488238,0.7557702,-0.4288389,-0.011231363,-0.4879038,-0.87282515,-0.86888736,0.4367622,-0.23296665
1356333847671,0.47695008,0.74735683,-0.46257582,0.017374575,-0.53420806,-0.84517443,-0.87875867,0.3950689,-0.2677756
1356333847711,0.45885268,0.7360103,-0.49773806,0.019921988,-0.5685742,-0.8223908,-0.88828903,0.3674403,-0.27555457
1356333847750,0.43735194,0.71735346,-0.54233503,-0.010009646,-0.59914947,-0.80057466,-0.8992348,0.3555615,-0.25485873
1356333847791,0.40890014,0.68781054,-0.5997644,-0.06393656,-0.634012,-0.77067566,-0.9103367,0.3534763,-0.21527135
1356333847831,0.36154312,0.6294751,-0.68778455,-0.14663874,-0.69011354,-0.7086892,-0.9207517,0.3570775,-0.1572004
1356333847868,0.2915786,0.5442647,-0.7866116,-0.23255526,-0.75733703,-0.6102121,-0.92784697,0.36085543,-0.09425166
1356333847913,0.18903393,0.4193663,-0.8879179,-0.3113796,-0.8319573,-0.4592274,-0.9312942,0.3632891,-0.026686043
1356333847961,0.07751274,0.29783583,-0.951465,-0.35807395,-0.88234466,-0.3053703,-0.9304702,0.3643649,0.03825423
1356333848008,-0.003207326,0.23818332,-0.97121495,-0.3769893,-0.8998483,-0.2194362,-0.92621213,0.36543384,0.09267861
1356333848052,-0.033544183,0.26088837,-0.96478593,-0.3876408,-0.89315814,-0.22804174,-0.9211999,0.36634097,0.1310913
1356333848091,-0.031411886,0.32192984,-0.9462423,-0.39635614,-0.873103,-0.28388885,-0.9175593,0.36613145,0.15502468
1356333848131,-0.0038532615,0.40265897,-0.9153419,-0.39830652,-0.84022254,-0.3679372,-0.91724426,0.3631689,0.1636194
1356333848169,0.035386145,0.4838691,-0.87442464,-0.39072326,-0.79863,-0.45773935,-0.91982776,0.35785568,0.16079852
1356333848210,0.076354384,0.5518984,-0.8304084,-0.37311178,-0.75651574,-0.5370954,-0.92463917,0.35084474,0.14815652
1356333848251,0.11255258,0.6022996,-0.7902956,-0.3506881,-0.7200899,-0.5987389,-0.92970407,0.34453684,0.13017136
1356333848289,0.14287663,0.63631237,-0.758085,-0.33023337,-0.691402,-0.64258003,-0.9330231,0.34215462,0.11134642
1356333848330,0.16864109,0.6565175,-0.73521763,-0.3166348,-0.6702848,-0.67116356,-0.93343586,0.3459812,0.09483877
1356333848371,0.19404954,0.6674173,-0.7189569,-0.3110397,-0.6532136,-0.6903379,-0.93037575,0.35758388,0.08083743
1356333848410,0.21892345,0.66899705,-0.7102926,-0.31255093,-0.64151436,-0.7005506,-0.92432916,0.3753695,0.06865314
1356333848450,0.24444997,0.66400576,-0.7066403,-0.3188224,-0.6331921,-0.7052801,-0.91574913,0.39769846,0.056916088
1356333848491,0.2734599,0.6556072,-0.70384586,-0.3266646,-0.6249489,-0.709034,-0.9047154,0.42381388,0.043265134
1356333848527,0.30372167,0.64226806,-0.7037364,-0.33351642,-0.62022495,-0.70999146,-0.89247966,0.45034742,0.025831193
1356333848562,0.33685958,0.629998,-0.6997343,-0.33454615,-0.61459,-0.71439344,-0.88011616,0.4747437,0.0037329514
1356333848601,0.39539707,0.6507921,-0.64817494,-0.29912132,-0.5759784,-0.7607728,-0.86843973,0.4946903,-0.03307438
1356333848639,0.47496584,0.71960616,-0.5065317,-0.19219172,-0.47688147,-0.85769826,-0.8587606,0.5047286,-0.08820006
1356333848684,0.52209806,0.80060655,-0.29401135,-0.009176552,-0.33943242,-0.9405856,-0.852836,0.49377596,-0.16987018
1356333848715,0.5147611,0.83896124,-0.17653617,0.13334778,-0.281756,-0.9501747,-0.84689987,0.46557224,-0.25691062
1356333848756,0.500552,0.84690034,-0.17946473,0.19899085,-0.31431073,-0.9282302,-0.8425262,0.42891568,-0.32585427
1356333848795,0.49339655,0.8435482,-0.21209976,0.21805787,-0.35601988,-0.9086807,-0.84202766,0.40208992,-0.35960132
1356333848835,0.49477902,0.824715,-0.27393237,0.18595397,-0.40839502,-0.8936636,-0.8488904,0.3912272,-0.35542428
1356333848874,0.503802,0.7282508,-0.4645797,0.05244267,-0.56261426,-0.82505447,-0.8622258,0.39130026,-0.32163763
1356333848905,0.40312147,0.2790175,-0.87157464,-0.26477587,-0.87609476,-0.4029289,-0.87600625,0.39320123,-0.2792955
1356333848945,-0.05193913,-0.571125,-0.8192183,-0.44805261,-0.7198009,0.5302222,-0.8924972,0.39459217,-0.21850818
1356333848976,-0.19566804,-0.71736836,-0.66865283,-0.37614176,-0.57478505,0.72673213,-0.9056663,0.39370647,-0.15736511
1356333849015,-0.258201,-0.751162,-0.60752594,-0.30685467,-0.5325195,0.7888365,-0.91606355,0.3901006,-0.09300044
1356333849055,-0.2924046,-0.7474259,-0.5965352,-0.25096723,-0.54195666,0.80205894,-0.92277575,0.38423645,-0.029108852
1356333849095,-0.31571275,-0.7274189,-0.6092514,-0.20891222,-0.57304543,0.79244846,-0.9255707,0.37746614,0.028951079
1356333849135,-0.33276176,-0.698454,-0.6335863,-0.18126875,-0.61196995,0.76982754,-0.92542493,0.3710186,0.07703233
1356333849174,-0.34152496,-0.6591853,-0.6699518,-0.17074186,-0.65743613,0.73391074,-0.9242337,0.36503762,0.11198032
1356333849206,-0.34158647,-0.60876185,-0.71605015,-0.17480303,-0.7074323,0.68482375,-0.92345154,0.35909426,0.13523583
1356333849247,-0.32275367,-0.5371595,-0.779288,-0.19719954,-0.7671182,0.61044407,-0.9257118,0.35069826,0.14166263
1356333849285,-0.28615743,-0.44075072,-0.8507953,-0.22952837,-0.8305433,0.50745904,-0.9302853,0.3404948,0.13650127
1356333849325,-0.23737317,-0.33253416,-0.91272944,-0.2604042,-0.8834137,0.38957676,-0.9358652,0.3301536,0.123105355
1356333849355,-0.1932835,-0.24039222,-0.95123756,-0.28099808,-0.91534424,0.28841788,-0.94004333,0.3230424,0.109371245
1356333849395,-0.15701675,-0.17094192,-0.9726894,-0.29752877,-0.93096,0.21163702,-0.9417125,0.32263362,0.09531611
1356333849444,-0.1364814,-0.1399126,-0.98071265,-0.3111119,-0.9338359,0.17652103,-0.9405223,0.32920322,0.08392283
1356333849474,-0.13379568,-0.14978239,-0.97962433,-0.32139468,-0.92852545,0.18586512,-0.93744546,0.33971405,0.076093495
1356333849511,-0.14784753,-0.19176298,-0.9702412,-0.3314029,-0.9147015,0.2312858,-0.93183327,0.35573578,0.07168561
1356333849550,-0.1837123,-0.27511853,-0.94369465,-0.3369817,-0.8842318,0.3233845,-0.9234138,0.37741753,0.069734275
1356333849590,-0.24091393,-0.39630383,-0.8859478,-0.32972813,-0.8251193,0.45875624,-0.9128196,0.40264276,0.06811033
1356333849628,-0.30787712,-0.5281266,-0.79138744,-0.30663046,-0.7323303,0.6080051,-0.90066063,0.42985433,0.063528
1356333849669,-0.3662138,-0.6394758,-0.6759868,-0.27654007,-0.6188396,0.73522997,-0.8884892,0.4561888,0.049786925
1356333849709,-0.39743763,-0.7122912,-0.5785192,-0.26079935,-0.5167718,0.8154327,-0.87978804,0.4749611,0.019619554
1356333849744,-0.38230848,-0.742457,-0.550089,-0.2883615,-0.46972024,0.83439237,-0.8778883,0.4776197,-0.034518003
1356333849784,-0.3087055,-0.7322717,-0.60702467,-0.35887024,-0.50135726,0.7873074,-0.88085926,0.46088922,-0.108018756
1356333849814,-0.20372206,-0.6902891,-0.69426095,-0.42561144,-0.5761733,0.69776726,-0.88167584,0.437636,-0.17641574
1356333849844,-0.096144915,-0.62845236,-0.77188325,-0.46361095,-0.6579496,0.5934367,-0.88080704,0.41490948,-0.22809884
1356333849874,-0.02083999,-0.57366896,-0.81882215,-0.4734752,-0.71567285,0.51345277,-0.88056064,0.39839226,-0.25670344
1356333849904,0.0067024827,-0.5463066,-0.83755845,-0.46916863,-0.741385,0.47982198,-0.88308316,0.38974017,-0.26127905
1356333849944,-0.043746173,-0.57961386,-0.8137162,-0.45071286,-0.71544737,0.53384733,-0.89159644,0.39010614,-0.22994137
1356333849974,-0.0857262,-0.58395153,-0.8072495,-0.42676333,-0.71061814,0.5593702,-0.90029114,0.39245713,-0.18829057
1356333850004,-0.13137245,-0.5851697,-0.8001985,-0.39800572,-0.70814735,0.583197,-0.9079277,0.39509964,-0.13986978
1356333850044,-0.19450378,-0.59655,-0.77865034,-0.35494626,-0.6972128,0.62282217,-0.9144296,0.3975203,-0.076132655
1356333850084,-0.2456842,-0.5831607,-0.77431446,-0.3137107,-0.7079757,0.6327369,-0.9171831,0.3983642,-0.009005308
1356333850124,-0.28432763,-0.55009687,-0.78520775,-0.28285047,-0.73442465,0.616941,-0.9160532,0.39750972,0.053222
1356333850164,-0.30876493,-0.4985306,-0.81001943,-0.2674521,-0.7717626,0.5769332,-0.9127615,0.39477813,0.10496017
1356333850194,-0.3182991,-0.42972887,-0.8449963,-0.26801085,-0.81419975,0.51502323,-0.9093161,0.3903996,0.14398704
1356333850224,-0.31518793,-0.3539878,-0.88053924,-0.27747905,-0.85291284,0.44220495,-0.90755826,0.38370883,0.17060356
1356333850255,-0.29708308,-0.26889017,-0.9162094,-0.292837,-0.88763535,0.35545734,-0.9088388,0.37390038,0.18496051
1356333850295,-0.2532969,-0.16396877,-0.9533913,-0.31083155,-0.9194774,0.24071781,-0.9160919,0.35731715,0.18193412
1356333850335,-0.19298446,-0.04904309,-0.9799754,-0.32258922,-0.94005847,0.110572234,-0.926657,0.3374682,0.16559592
1356333850375,-0.13148159,0.05296454,-0.9899027,-0.3240512,-0.94600916,-0.0075746328,-0.93685824,0.3197832,0.14154607
1356333850405,-0.08428347,0.12420958,-0.98867,-0.3195445,-0.94316727,-0.091252,-0.94381547,0.30823302,0.11918384
1356333850444,-0.04489106,0.17431009,-0.9836669,-0.32009494,-0.9352544,-0.15112318,-0.94632125,0.30808276,0.097780466
1356333850485,-0.015922427,0.19826022,-0.98002005,-0.329271,-0.9265124,-0.18208581,-0.9441012,0.31979293,0.08003372
1356333850525,0.0025450587,0.19795254,-0.98020834,-0.34885642,-0.9184547,-0.18638723,-0.9371727,0.3424263,0.0667195
1356333850565,0.0078495145,0.17127626,-0.98519176,-0.37679708,-0.9120959,-0.16157064,-0.92626256,0.37248567,0.05737683
1356333850604,-0.002882123,0.11665885,-0.9931679,-0.4111607,-0.90547615,-0.10516529,-0.9115583,0.4080485,0.050575286
1356333850650,-0.035515487,0.025976107,-0.99903154,-0.4463635,-0.89482117,-0.007398337,-0.8941467,0.44566846,0.043374743
1356333850693,-0.085074484,-0.09654909,-0.9916858,-0.47540635,-0.8707603,0.12555999,-0.8756433,0.48213565,0.028179377
1356333850738,-0.123988986,-0.2265552,-0.9660742,-0.49366745,-0.8304641,0.25811195,-0.86076665,0.50892246,-0.008874521
1356333850828,-0.114868104,-0.31666368,-0.9415569,-0.511938,-0.7934017,0.32929173,-0.8513077,0.5198438,-0.07097557
1356333850830,0.0032008886,-0.29055548,-0.95685285,-0.53264004,-0.8103225,0.24427865,-0.8463358,0.5088762,-0.1573553
1356333850840,0.15854895,-0.2015336,-0.96656424,-0.5196229,-0.8494413,0.0918773,-0.8395559,0.48768193,-0.23939952
1356333850869,0.28249598,-0.11306727,-0.9525817,-0.47488612,-0.87929153,-0.03646335,-0.8334742,0.46266857,-0.3020904
1356333850903,0.33793682,-0.08003634,-0.9377595,-0.43973166,-0.89436597,-0.08213164,-0.8321266,0.44011784,-0.3374337
1356333850941,0.2918207,-0.15816239,-0.9433055,-0.45139244,-0.8922699,0.009962708,-0.84325886,0.42289367,-0.33177614
1356333851002,0.18583012,-0.28132248,-0.9414483,-0.46937305,-0.8671646,0.16647676,-0.8632243,0.41095403,-0.29319048
1356333851021,0.06663221,-0.38934326,-0.9186795,-0.46083772,-0.828647,0.31776208,-0.8849795,0.40218896,-0.23463865
1356333851056,-0.022170186,-0.44717786,-0.8941703,-0.43108955,-0.80269516,0.4121193,-0.9020368,0.39460424,-0.1749778
1356333851089,-0.09314805,-0.48153967,-0.87146026,-0.39363116,-0.7861476,0.4764729,-0.914537,0.38741642,-0.11632089
1356333851122,-0.1608305,-0.5080218,-0.84619576,-0.34780756,-0.7731862,0.53029513,-0.92366844,0.37960094,-0.052341834
1356333851152,-0.20715994,-0.50788796,-0.8361427,-0.30861944,-0.7771144,0.5484956,-0.9283528,0.37167615,0.0042428225
1356333851183,-0.24234301,-0.49860433,-0.8322641,-0.27635726,-0.786821,0.5518508,-0.9299981,0.36373943,0.052887723
1356333851225,-0.26722348,-0.48025355,-0.8354328,-0.2513121,-0.80222577,0.54154956,-0.93028694,0.3546692,0.093680084
1356333851264,-0.27697724,-0.44469035,-0.8517828,-0.23713027,-0.8274122,0.50907576,-0.93115664,0.34298593,0.12372492
1356333851304,-0.27026415,-0.3924384,-0.87917536,-0.23293877,-0.8593753,0.45520714,-0.93418235,0.3278202,0.14084427
1356333851345,-0.24897587,-0.32818913,-0.9112095,-0.2359515,-0.8919353,0.38571778,-0.9393284,0.31103572,0.14463371
1356333851385,-0.21845907,-0.26059005,-0.9404086,-0.2434465,-0.9186619,0.3111172,-0.9449917,0.2969056,0.13725042
1356333851425,-0.18650979,-0.20011654,-0.9618562,-0.25384372,-0.93597525,0.24395381,-0.9490929,0.28966093,0.123770356
1356333851465,-0.15939492,-0.1551112,-0.9749532,-0.26730353,-0.94390774,0.1938734,-0.9503379,0.29151088,0.1089924
1356333851505,-0.1412577,-0.13061276,-0.9813188,-0.2838786,-0.9442854,0.16654709,-0.9483982,0.30210146,0.09630948
1356333851546,-0.13398147,-0.12763987,-0.9827294,-0.305171,-0.9381643,0.16345747,-0.9428254,0.32180083,0.086744696
1356333851585,-0.13870156,-0.14714004,-0.97934246,-0.32832682,-0.9261407,0.18564685,-0.9343251,0.3472939,0.08014721
1356333851626,-0.15511829,-0.18429677,-0.9705529,-0.35401696,-0.9068259,0.22877641,-0.9222853,0.37907964,0.075421154
1356333851665,-0.18223023,-0.23870169,-0.9538415,-0.37699068,-0.8789871,0.29199272,-0.90811354,0.4127993,0.07018971
1356333851712,-0.21100366,-0.29739252,-0.9311472,-0.39819255,-0.84382087,0.35973483,-0.8927039,0.44668126,0.05962974
1356333851749,-0.22754681,-0.35184425,-0.9079802,-0.41861057,-0.8065399,0.41744292,-0.8791971,0.47507793,0.036239862
1356333851786,-0.20684749,-0.38598287,-0.8990169,-0.44308555,-0.7822988,0.4378172,-0.8722897,0.48890278,-0.009206966
1356333851857,-0.10315162,-0.371601,-0.92264426,-0.4690972,-0.79978174,0.37456238,-0.8771018,0.47144657,-0.09181821
1356333851871,0.0244748,-0.3287137,-0.9441124,-0.47164312,-0.83648324,0.2790135,-0.8814498,0.43845534,-0.17550832
1356333851916,0.12248349,-0.2818212,-0.9516168,-0.452667,-0.8691586,0.19913802,-0.8832273,0.40637442,-0.23402873
1356333851965,0.1661439,-0.251894,-0.9533864,-0.43613893,-0.88589,0.15805611,-0.88440883,0.38954887,-0.25704598
1356333852010,0.15091741,-0.25261053,-0.95572585,-0.43431213,-0.8854372,0.16545069,-0.88802975,0.39011395,-0.24333972
1356333852043,0.101115584,-0.26866823,-0.9579107,-0.437132,-0.87692165,0.19981,-0.8936953,0.3985295,-0.20611393
1356333852077,0.011373043,-0.30757806,-0.9514548,-0.43389753,-0.8587855,0.2724342,-0.9008904,0.40973553,-0.14322437
1356333852111,-0.09216875,-0.34725928,-0.9332287,-0.41285974,-0.83953404,0.35317042,-0.90611905,0.41784385,-0.06599052
1356333852139,-0.17161393,-0.36455297,-0.9152321,-0.3848483,-0.83038944,0.402921,-0.9068851,0.42137232,0.0022087544
1356333852189,-0.2332083,-0.3724684,-0.89826566,-0.35585397,-0.8269745,0.43529436,-0.9049762,0.42116567,0.060312957
1356333852222,-0.27907968,-0.37210232,-0.8852426,-0.32891768,-0.82906276,0.4521816,-0.9021795,0.4173666,0.10898347
1356333852252,-0.30794734,-0.36071604,-0.88037056,-0.3075266,-0.83792615,0.45089582,-0.90033096,0.40958956,0.14710742
1356333852281,-0.31962824,-0.33711907,-0.88554424,-0.2945964,-0.8528968,0.43102208,-0.90058357,0.39864495,0.17329584
1356333852321,-0.31160158,-0.30258164,-0.9007491,-0.28785148,-0.8733436,0.39295372,-0.90556395,0.3817269,0.1850366
1356333852363,-0.28445685,-0.25689027,-0.92362964,-0.28422973,-0.89751565,0.33716342,-0.915586,0.35843143,0.18228862
1356333852405,-0.24360204,-0.20578332,-0.94779277,-0.279527,-0.92086875,0.27178174,-0.92872095,0.33114028,0.16680351
1356333852451,-0.2046904,-0.16151516,-0.96540916,-0.27294043,-0.937754,0.21475841,-0.9400029,0.30745813,0.14786509
1356333852464,-0.16986418,-0.12639719,-0.97732794,-0.26732838,-0.9486431,0.1691503,-0.94851553,0.29000008,0.12735093
1356333852496,-0.1410526,-0.10198781,-0.9847348,-0.26508254,-0.95446867,0.1368234,-0.9538529,0.2803353,0.107595176
1356333852521,-0.119325995,-0.08908438,-0.9888505,-0.2674092,-0.95627886,0.118418716,-0.95616615,0.27855816,0.090287
1356333852550,-0.105220914,-0.088248976,-0.9905254,-0.27409467,-0.9548992,0.114191264,-0.9559292,0.28351304,0.07628679
1356333852580,-0.09860706,-0.09912095,-0.99017763,-0.28502503,-0.95052606,0.12353592,-0.9534346,0.2944069,0.06547657
1356333852610,-0.09943664,-0.1218921,-0.9875499,-0.2994794,-0.9427851,0.1465215,-0.948907,0.31032044,0.05724314
1356333852640,-0.10773045,-0.15631807,-0.981814,-0.3164697,-0.9307991,0.1829207,-0.9424654,0.3304205,0.050805412
1356333852684,-0.12470329,-0.20257564,-0.9712941,-0.33964837,-0.91107583,0.23362339,-0.932249,0.35903203,0.04480967
1356333852714,-0.15340161,-0.27044868,-0.9504343,-0.35884643,-0.88091147,0.30858412,-0.9207047,0.38839725,0.038083702
1356333852745,-0.18504786,-0.3400857,-0.92200804,-0.37527406,-0.8426562,0.38613436,-0.9082546,0.4174591,0.028306454
1356333852785,-0.20639825,-0.40254143,-0.8918297,-0.39464375,-0.7997844,0.45232868,-0.8953525,0.44531488,0.006213635
1356333852825,-0.20354593,-0.4547612,-0.86704165,-0.419024,-0.7599128,0.49694204,-0.88486606,0.4644618,-0.035878703
1356333852856,-0.17633736,-0.49097458,-0.8531407,-0.44758216,-0.7319444,0.5137389,-0.8766843,0.4724419,-0.09068233
1356333852894,-0.087784946,-0.48394123,-0.8706864,-0.4782131,-0.74628067,0.46300927,-0.8738456,0.45701882,-0.16591486
1356333852934,0.023009479,-0.44723955,-0.8941182,-0.48841128,-0.7853903,0.38028476,-0.87231016,0.42794725,-0.23650825
1356333852975,0.096574545,-0.41515934,-0.90460825,-0.4799649,-0.8156292,0.32308316,-0.8719559,0.4029786,-0.27803093
1356333853004,0.1295569,-0.3958348,-0.9091369,-0.47043788,-0.8316436,0.29505458,-0.8728707,0.38946608,-0.29396084
1356333853034,0.116734505,-0.40347198,-0.9075149,-0.46761373,-0.82847005,0.30817983,-0.8761909,0.38839123,-0.28538007
1356333853074,0.03201902,-0.4584712,-0.8881323,-0.46643874,-0.7927456,0.39241466,-0.8839738,0.40169457,-0.23923168
1356333853114,-0.0832693,-0.5199683,-0.8501171,-0.44233343,-0.7451495,0.49909234,-0.89297664,0.4175943,-0.16795126
1356333853154,-0.19025934,-0.5634712,-0.80392885,-0.39268586,-0.70684564,0.58835965,-0.8997773,0.4276324,-0.0867832
1356333853194,-0.27058303,-0.5836525,-0.76559424,-0.3330626,-0.689395,0.6432758,-0.9032464,0.4290504,-0.007854193
1356333853224,-0.321302,-0.58313066,-0.74613917,-0.28407818,-0.6922764,0.6633649,-0.903363,0.42510235,0.056775093
1356333853264,-0.3505903,-0.57195354,-0.74158996,-0.24615696,-0.70773077,0.6622115,-0.90360016,0.4147124,0.10733312
1356333853294,-0.3643906,-0.54949063,-0.7518507,-0.22341289,-0.7321985,0.6434066,-0.9040499,0.40242445,0.14404298
1356333853334,-0.3606044,-0.51787174,-0.77574044,-0.21401827,-0.7635662,0.6092313,-0.9078329,0.38571414,0.1645114
1356333853374,-0.33969384,-0.47298634,-0.8129526,-0.21588252,-0.80206263,0.5568574,-0.9154249,0.36466333,0.1703463
1356333853414,-0.30399597,-0.41688743,-0.85661614,-0.22245052,-0.8432525,0.489327,-0.92633796,0.33930814,0.16360861
1356333853454,-0.25911438,-0.3547708,-0.89833045,-0.22776815,-0.88141924,0.41378963,-0.93860614,0.31182986,0.14758286
1356333853494,-0.2143892,-0.29557613,-0.9309522,-0.22973749,-0.91111505,0.34218413,-0.94934607,0.2872352,0.12742832
1356333853524,-0.1798113,-0.24929373,-0.95158845,-0.22946344,-0.9300394,0.28700757,-0.9565639,0.26996195,0.11002773
1356333853554,-0.15590852,-0.21725485,-0.9635834,-0.23072422,-0.9405176,0.24938561,-0.96044725,0.26120335,0.09650862
1356333853594,-0.14375663,-0.20065446,-0.96905714,-0.23995675,-0.9429381,0.23084304,-0.96008056,0.26571703,0.087405205
1356333853634,-0.14287555,-0.20367125,-0.968558,-0.25514448,-0.937943,0.23487073,-0.95628864,0.28067952,0.08204353
1356333853674,-0.15177155,-0.22444937,-0.9625943,-0.2743323,-0.9260489,0.25918177,-0.9495826,0.30340716,0.07897416
1356333853714,-0.16985494,-0.2615142,-0.95013654,-0.295089,-0.9064096,0.30223164,-0.9402509,0.33171043,0.07678825
1356333853744,-0.19492674,-0.31109348,-0.9301744,-0.31180927,-0.8795115,0.359492,-0.9299347,0.3601116,0.074438475
1356333853784,-0.22277385,-0.36200517,-0.9051652,-0.33017755,-0.84560484,0.41944632,-0.91725385,0.3923069,0.06885268
1356333853824,-0.24819595,-0.41539076,-0.87512815,-0.34984395,-0.8039894,0.48084337,-0.90333164,0.42550164,0.054224923
1356333853857,-0.26455337,-0.46309778,-0.84590304,-0.3702955,-0.7611345,0.5324992,-0.89044523,0.4541086,0.029877722
1356333853902,-0.22758073,-0.47761783,-0.84858006,-0.4079329,-0.74452925,0.52845705,-0.88419324,0.4664304,-0.025395453
1356333853939,-0.14137185,-0.46102566,-0.8760532,-0.44914222,-0.7587494,0.47177383,-0.8822048,0.46016803,-0.099800274
1356333853981,-0.0026922822,-0.402121,-0.91558254,-0.46917748,-0.8080486,0.3562721,-0.8830998,0.4305299,-0.18649058
1356333854018,0.13036615,-0.32602048,-0.93633074,-0.45160627,-0.8602592,0.23665565,-0.88264173,0.39200097,-0.2593816
1356333854060,0.21145862,-0.2686231,-0.9397483,-0.41905856,-0.89354885,0.1611222,-0.88299215,0.3597389,-0.30151743
1356333854099,0.234352,-0.24391678,-0.94105464,-0.39788476,-0.90728736,0.13607876,-0.88699883,0.34254098,-0.30967537
1356333854140,0.20234758,-0.25661945,-0.9450936,-0.39492565,-0.90448886,0.1610393,-0.89615244,0.3406558,-0.28436673
1356333854181,0.11422914,-0.30755126,-0.94465023,-0.40023643,-0.8845397,0.23958355,-0.90926486,0.350716,-0.22413343
1356333854226,-0.004853189,-0.37329593,-0.9276996,-0.39049163,-0.8533471,0.3454201,-0.9205937,0.36393532,-0.14162754
1356333854265,-0.11082381,-0.4228145,-0.89941424,-0.36133277,-0.82591504,0.43278515,-0.92582756,0.37295073,-0.06124568
1356333854307,-0.19788784,-0.45689064,-0.867232,-0.3202572,-0.8060399,0.49772972,-0.9264317,0.37623197,0.013183042
1356333854345,-0.25718266,-0.46997306,-0.8443829,-0.28147706,-0.79945534,0.53069943,-0.92446077,0.3741611,0.07331942
1356333854385,-0.29067445,-0.46577224,-0.8358017,-0.25186208,-0.8054666,0.5364596,-0.9230784,0.3664419,0.116818264
1356333854415,-0.3053838,-0.4472118,-0.8406797,-0.23418634,-0.820466,0.52152896,-0.922983,0.3561422,0.14582604
1356333854455,-0.29818964,-0.41629827,-0.8589405,-0.22642851,-0.84334165,0.48734492,-0.9272611,0.33980978,0.15721388
1356333854495,-0.27380794,-0.37127268,-0.8872349,-0.2274058,-0.8713408,0.4348009,-0.9345137,0.32081428,0.15415049
1356333854535,-0.24075949,-0.32012203,-0.9162733,-0.23343608,-0.897233,0.3748074,-0.94209474,0.3041297,0.14128932
1356333854574,-0.20765126,-0.2717016,-0.93971235,-0.24316874,-0.9161588,0.3186253,-0.9474967,0.29467162,0.12417218
1356333854615,-0.18039829,-0.23326632,-0.955533,-0.25681022,-0.92660403,0.27468815,-0.94947624,0.2949439,0.10725254
1356333854655,-0.16162705,-0.20940822,-0.96437794,-0.27468997,-0.92905986,0.2477764,-0.94785124,0.30495232,0.09263887
1356333854694,-0.15246063,-0.2027642,-0.96728617,-0.2961604,-0.9243772,0.24044943,-0.9428918,0.3231309,0.080880344
1356333854724,-0.1522646,-0.21381103,-0.9649354,-0.31552845,-0.91471285,0.2524723,-0.9366201,0.34290716,0.071814865
1356333854754,-0.1587323,-0.23444726,-0.95908207,-0.33426046,-0.9012734,0.27563754,-0.9290177,0.3643358,0.064694814
1356333854794,-0.17341441,-0.26520458,-0.9484693,-0.35588226,-0.88110965,0.31143805,-0.9183003,0.39155123,0.05841551
1356333854824,-0.19764,-0.31286508,-0.92900693,-0.37282133,-0.8524938,0.3664128,-0.9066105,0.41877148,0.05184424
1356333854855,-0.2224927,-0.36051363,-0.9058294,-0.38821387,-0.81952,0.4215174,-0.8943081,0.44544008,0.042380825
1356333854884,-0.2415247,-0.40485835,-0.88190454,-0.4034593,-0.78464055,0.4707014,-0.8825454,0.46949863,0.026166186
1356333854914,-0.24438244,-0.44051406,-0.86384284,-0.4220858,-0.7537049,0.5037583,-0.87299526,0.48772553,-0.0017424375
1356333854954,-0.19929367,-0.45565638,-0.8675594,-0.45144334,-0.7430863,0.4939856,-0.86975914,0.4901021,-0.05761066
1356333854995,-0.10444838,-0.44881105,-0.8875016,-0.48089665,-0.75832975,0.4400845,-0.8705337,0.47276267,-0.13662536
1356333855035,0.01902008,-0.4196046,-0.9075077,-0.49161768,-0.7942902,0.35695258,-0.8706034,0.43935755,-0.2213925
1356333855075,0.125179,-0.38406757,-0.91477996,-0.47916064,-0.8307744,0.28322947,-0.86875504,0.40287215,-0.28802556
1356333855115,0.18179828,-0.36253214,-0.91406775,-0.45971465,-0.85305464,0.24690115,-0.86925936,0.37532413,-0.32174522
1356333855155,0.18638074,-0.36271563,-0.9130715,-0.44578335,-0.85940474,0.25040108,-0.8755224,0.36036217,-0.32186908
1356333855195,0.14547944,-0.3843081,-0.91167045,-0.43660188,-0.85183257,0.28941333,-0.8878145,0.3559333,-0.29171377
1356333855235,0.07451272,-0.41815624,-0.9053139,-0.4238055,-0.8350528,0.35082158,-0.9026831,0.35753635,-0.23943897
1356333855276,-0.012454271,-0.45547855,-0.89015955,-0.39970124,-0.81374425,0.4219705,-0.9165608,0.36105323,-0.17192069
1356333855316,-0.09637779,-0.485816,-0.8687314,-0.36456746,-0.7949121,0.48497984,-0.92617595,0.36345246,-0.10050088
1356333855356,-0.17116094,-0.5070977,-0.84472233,-0.3221566,-0.7814396,0.5343849,-0.93108493,0.3635987,-0.029612944
1356333855395,-0.2286179,-0.51618034,-0.8254039,-0.28142074,-0.7766184,0.56361866,-0.93195283,0.36113915,0.032285064
1356333855435,-0.26779044,-0.5149237,-0.81433517,-0.24741599,-0.7801091,0.5746434,-0.9311678,0.35536358,0.08150545
1356333855465,-0.290936,-0.50434506,-0.8130143,-0.22338153,-0.7904786,0.570302,-0.93029934,0.3475338,0.11731729
1356333855504,-0.29515505,-0.4872467,-0.82187235,-0.20860954,-0.8065773,0.55309594,-0.9323977,0.33469945,0.13642107
1356333855544,-0.2835409,-0.46123624,-0.8407531,-0.20378046,-0.82773,0.522816,-0.9370582,0.31956875,0.1407044
1356333855584,-0.26321948,-0.43094632,-0.8631343,-0.20713398,-0.8485744,0.48684394,-0.9422373,0.30693126,0.13409768
1356333855624,-0.24202842,-0.40189362,-0.88312155,-0.21758735,-0.8645186,0.4530598,-0.94555694,0.30180943,0.12179123
1356333855664,-0.22543478,-0.37919188,-0.89743674,-0.23428166,-0.8730193,0.42772597,-0.9456698,0.30667722,0.107971154
1356333855704,-0.21619207,-0.36651808,-0.9049449,-0.2555561,-0.87330824,0.41475725,-0.942312,0.32093143,0.09513652
1356333855734,-0.213835,-0.36533466,-0.905983,-0.2750465,-0.8673978,0.41469327,-0.93734944,0.33786342,0.08499597
1356333855774,-0.22007906,-0.3725859,-0.9015237,-0.2974319,-0.8545447,0.42577896,-0.9290315,0.3618469,0.077248424
1356333855814,-0.23629457,-0.39316222,-0.8885877,-0.31792012,-0.83286935,0.453051,-0.91820014,0.38955346,0.07180846
1356333855844,-0.25873005,-0.4227366,-0.86853474,-0.33254635,-0.80520535,0.4909758,-0.90690225,0.41585827,0.06775132
1356333855874,-0.28332466,-0.45254433,-0.84553576,-0.34395647,-0.7750565,0.5300767,-0.89522123,0.44101134,0.06393711
1356333855904,-0.30632973,-0.48133975,-0.8212638,-0.35354084,-0.7435045,0.5676354,-0.8838388,0.46423388,0.057584256
1356333855944,-0.31175828,-0.50521195,-0.8047159,-0.36899906,-0.71607465,0.59251726,-0.8755835,0.4816616,0.036819547
1356333855987,-0.27867728,-0.523218,-0.8053458,-0.39499402,-0.7019144,0.5927021,-0.87539625,0.4832794,-0.0110602975
1356333856028,-0.20400327,-0.5309686,-0.8224688,-0.42627436,-0.7081306,0.5628864,-0.8812904,0.46542805,-0.08187726
1356333856068,-0.09535593,-0.52295715,-0.84700835,-0.44906178,-0.7367864,0.5054595,-0.88839793,0.42855763,-0.16458309
1356333856108,0.007973671,-0.5036291,-0.8638832,-0.4505478,-0.7730614,0.44652298,-0.8927167,0.38566026,-0.23307313
1356333856145,0.071407974,-0.48435044,-0.87195504,-0.43928367,-0.800114,0.4084697,-0.8955059,0.35386762,-0.26990175
1356333856185,0.084495306,-0.4760511,-0.875349,-0.42518234,-0.81172305,0.40040684,-0.90115505,0.33835047,-0.27099532
1356333856224,0.05691409,-0.47809535,-0.87646204,-0.41070682,-0.81137484,0.41592166,-0.9099894,0.33629712,-0.24253567
1356333856265,0.0033350587,-0.4866458,-0.87359303,-0.39278373,-0.8040243,0.44639215,-0.91962487,0.34164438,-0.19382802
1356333856306,-0.064160764,-0.49811518,-0.8647338,-0.36770976,-0.7937506,0.4845095,-0.9277246,0.34905759,-0.1322341
1356333856345,-0.13088799,-0.50776947,-0.851492,-0.33638522,-0.785183,0.5199353,-0.9325842,0.3544826,-0.0680352
1356333856386,-0.19230646,-0.51465946,-0.83555,-0.3000882,-0.7798147,0.5493961,-0.9343261,0.35639113,-0.0044798255
1356333856425,-0.24119449,-0.5158671,-0.82201356,-0.26516756,-0.77975786,0.5671541,-0.9335477,0.35476577,0.051282078
1356333856465,-0.27564603,-0.51130027,-0.8139972,-0.2353369,-0.7851381,0.57286555,-0.9320064,0.34947163,0.09609224
1356333856505,-0.2942245,-0.49942213,-0.81486785,-0.21376432,-0.7966197,0.56542194,-0.9315239,0.3405506,0.12762634
1356333856545,-0.29710603,-0.4799781,-0.8254387,-0.20150885,-0.8134864,0.5455585,-0.9333393,0.3284219,0.14497182
1356333856584,-0.28654116,-0.4535017,-0.8439374,-0.19851442,-0.8336536,0.515377,-0.9372759,0.3152105,0.14884959
1356333856624,-0.26829582,-0.42251265,-0.8657369,-0.2034939,-0.8535495,0.4796284,-0.94159836,0.30485448,0.14302509
1356333856664,-0.24933046,-0.39158875,-0.8857158,-0.21464889,-0.86950463,0.44484553,-0.9443305,0.30103144,0.1327399
1356333856704,-0.23473632,-0.3657524,-0.9006243,-0.23058362,-0.87911606,0.4171164,-0.9443146,0.30558157,0.12202397
1356333856734,-0.22582942,-0.34897184,-0.9095162,-0.24649854,-0.88278174,0.39991868,-0.9424646,0.31450778,0.11333699
1356333856764,-0.22282135,-0.34119987,-0.9131994,-0.2629966,-0.88097805,0.39333236,-0.93871367,0.32781124,0.10656637
1356333856794,-0.22601485,-0.34354022,-0.91153574,-0.27936515,-0.8735838,0.3985053,-0.9332055,0.34471944,0.10146974
1356333856824,-0.23539764,-0.35598204,-0.90435874,-0.2946554,-0.8605726,0.41544306,-0.92615664,0.36426854,0.097684786
1356333856854,-0.25092602,-0.37768543,-0.8912855,-0.30834538,-0.84159666,0.44343898,-0.9175834,0.38609418,0.094721004
1356333856884,-0.27184987,-0.40759912,-0.87175715,-0.31962183,-0.81620735,0.48129755,-0.90771115,0.4094733,0.09160836
1356333856914,-0.29535836,-0.44255596,-0.846704,-0.3290146,-0.78491503,0.5250312,-0.89694643,0.43365034,0.08622384
1356333856954,-0.31034082,-0.47710615,-0.8222277,-0.34455264,-0.74966794,0.5650501,-0.88598657,0.4586588,0.06826426
1356333856994,-0.30220234,-0.5113666,-0.80447364,-0.36943617,-0.7151466,0.5933651,-0.87874377,0.47651803,0.027201742
1356333857041,-0.24604529,-0.5323706,-0.80996495,-0.41072068,-0.6996534,0.5846312,-0.87793523,0.47651514,-0.046509117
1356333857077,-0.15412337,-0.5370592,-0.82934517,-0.45192537,-0.70810944,0.5425352,-0.8786407,0.45841947,-0.13357446
1356333857122,-0.051271975,-0.52551484,-0.8492381,-0.4729972,-0.73615587,0.48409542,-0.8795709,0.42650774,-0.21082291
1356333857165,0.012226164,-0.51689607,-0.8559608,-0.46800566,-0.75943315,0.4519203,-0.8836408,0.39506927,-0.25119525
1356333857205,0.025593221,-0.5212945,-0.8529931,-0.45242795,-0.76692516,0.45512065,-0.89143366,0.37426987,-0.25547624
1356333857244,-0.0032702088,-0.5401099,-0.84158814,-0.43016833,-0.7589859,0.4887694,-0.90274274,0.36362296,-0.22985607
1356333857285,-0.05676788,-0.56589633,-0.8225198,-0.39923173,-0.74224716,0.53822225,-0.9150909,0.35892975,-0.18378797
1356333857325,-0.118400395,-0.5908667,-0.79803383,-0.35847798,-0.7240504,0.58927476,-0.9259994,0.3558479,-0.1260849
1356333857365,-0.17709607,-0.6102436,-0.7721656,-0.3105501,-0.7098373,0.63221014,-0.9339141,0.35175803,-0.063801825
1356333857406,-0.2274186,-0.6221169,-0.749167,-0.26063928,-0.7023704,0.6623767,-0.9382686,0.34589916,-0.002415955
1356333857445,-0.26491016,-0.6249094,-0.73437774,-0.21743372,-0.7032609,0.6768652,-0.9394387,0.338987,0.050424635
1356333857486,-0.2885151,-0.6192521,-0.7302642,-0.185939,-0.7119408,0.6771756,-0.93924737,0.33116,0.09026262
1356333857531,-0.2976792,-0.6035064,-0.7397074,-0.16891585,-0.7293122,0.66300166,-0.9396034,0.32231012,0.11515924
1356333857567,-0.29118335,-0.57816017,-0.7621962,-0.16579859,-0.75416577,0.6354091,-0.9421905,0.31139162,0.12374237
1356333857605,-0.27436173,-0.5432168,-0.7934993,-0.17261684,-0.78393996,0.596357,-0.94600695,0.30058888,0.12131475
1356333857679,-0.25204468,-0.5043415,-0.8259014,-0.18520987,-0.81253767,0.5527023,-0.9498267,0.29227072,0.111386776
1356333857681,-0.23197806,-0.46735856,-0.85308975,-0.19822893,-0.835896,0.51184285,-0.9523085,0.28784338,0.10126555
1356333857701,-0.2168504,-0.4378605,-0.87249875,-0.21081126,-0.8516729,0.479804,-0.9531708,0.2879782,0.092379704
1356333857732,-0.20783699,-0.4181615,-0.8842764,-0.22328342,-0.8598679,0.45909882,-0.95233834,0.292862,0.08534387
1356333857762,-0.20509648,-0.40948305,-0.8889652,-0.23556557,-0.86092156,0.45091355,-0.94997066,0.30189037,0.0801118
1356333857804,-0.21095479,-0.41290873,-0.8860048,-0.2506817,-0.8532369,0.45732427,-0.94480515,0.3185799,0.07648574
1356333857834,-0.22391856,-0.4328671,-0.8732047,-0.2618782,-0.836282,0.4817179,-0.9387653,0.33653888,0.073900595
