1356333309953,-0.61566204,-0.59157884,0.5205716,-0.44551516,-0.28359288,-0.849171,0.649982,-0.7547248,-0.08896005
1356333309981,-0.31625396,-0.16217887,-0.93470937,0.69102275,0.63567597,-0.34409833,0.64997774,-0.75472784,-0.08896577
1356333310009,-0.31630978,-0.16217604,-0.93469083,0.69101286,0.6356646,-0.34413913,0.649961,-0.754738,-0.08900118
1356333310051,-0.3166312,-0.1621452,-0.9345875,0.6909353,0.6356285,-0.34436136,0.64988697,-0.754775,-0.089227974
1356333310093,-0.31754997,-0.16227138,-0.9342537,0.6906632,0.63550425,-0.3451357,0.6497278,-0.75485253,-0.08972949
1356333310134,-0.31926098,-0.16302109,-0.93353987,0.6901135,0.63512874,-0.3469222,0.64947367,-0.75500715,-0.09026873
1356333310172,-0.32188076,-0.16502914,-0.9322865,0.6892468,0.63424784,-0.35024065,0.64910066,-0.7553112,-0.09040642
1356333310213,-0.32562122,-0.16879064,-0.93031204,0.6879797,0.6326474,-0.3555858,0.648579,-0.75582206,-0.08987886
1356333310254,-0.33064467,-0.17439309,-0.92750263,0.6861973,0.63029224,-0.36313224,0.6479255,-0.7565175,-0.088734746
1356333310294,-0.33685642,-0.18155795,-0.9238856,0.68377125,0.62739533,-0.3726017,0.6472902,-0.75723964,-0.08719802
1356333310336,-0.34380463,-0.18974356,-0.9196716,0.68053716,0.62449026,-0.3832507,0.6470453,-0.75763404,-0.085575104
1356333310374,-0.3510254,-0.1982601,-0.91513604,0.67618024,0.6223992,-0.39420736,0.64773554,-0.7571738,-0.08441836
1356333310414,-0.3581573,-0.20634836,-0.91057324,0.67040384,0.621956,-0.40463483,0.64983225,-0.7553748,-0.08442134
1356333310454,-0.36459562,-0.21344939,-0.9063716,0.66337883,0.62352955,-0.41369015,0.6534513,-0.7520973,-0.08573836
1356333310499,-0.36955187,-0.21929015,-0.9029636,0.65583193,0.6268517,-0.42064416,0.6582673,-0.74764216,-0.08783668
1356333310534,-0.37269586,-0.22376543,-0.9005703,0.6487422,0.6310839,-0.4252842,0.66349924,-0.7427396,-0.09003627
1356333310572,-0.37407237,-0.22693744,-0.89920485,0.6429322,0.6353151,-0.42780012,0.66836226,-0.7381559,-0.091748476
1356333310613,-0.3737323,-0.2290179,-0.89881873,0.63915735,0.63864946,-0.42849123,0.6721623,-0.7346276,-0.09230542
1356333310653,-0.37215018,-0.23009083,-0.89920104,0.6381439,0.6400651,-0.42788917,0.6740005,-0.73305863,-0.09136927
1356333310694,-0.37080318,-0.22983399,-0.8998229,0.64075494,0.6380379,-0.42701375,0.6722633,-0.73490405,-0.08931917
1356333310734,-0.37171483,-0.2276861,-0.8999928,0.64788836,0.63070107,-0.42714965,0.66488254,-0.7418728,-0.086925745
1356333310774,-0.37602267,-0.22330572,-0.8993006,0.6595587,0.6171818,-0.42903256,0.6508374,-0.7544675,-0.084791064
1356333310814,-0.38333568,-0.21684282,-0.8977934,0.6743984,0.59844506,-0.4324931,0.631063,-0.7712605,-0.0831669
1356333310854,-0.3926344,-0.20868808,-0.895705,0.6902937,0.5766862,-0.43695256,0.6077274,-0.78986216,-0.0823707
1356333310895,-0.4036255,-0.19903293,-0.893013,0.7057816,0.5533656,-0.44233328,0.5822016,-0.8088092,-0.08287871
1356333310934,-0.4156076,-0.18814895,-0.88987094,0.72026956,0.52935827,-0.4483209,0.55541164,-0.82727253,-0.08448738
1356333310994,-0.42679164,-0.17675433,-0.88690853,0.73384833,0.50544107,-0.4538678,0.5285032,-0.84456336,-0.08600724
1356333311014,-0.4350192,-0.16565004,-0.88505274,0.74682724,0.4827122,-0.45742536,0.5029983,-0.85997033,-0.08627713
1356333311054,-0.43849248,-0.15523928,-0.88522595,0.7593577,0.46285993,-0.4573145,0.4807288,-0.87273216,-0.08507848
1356333311096,-0.43576863,-0.14548936,-0.8882221,0.7714442,0.44799432,-0.45185727,0.4636589,-0.882119,-0.082984924
1356333311134,-0.42568228,-0.13603193,-0.89458925,0.78318125,0.43980232,-0.43954647,0.45323473,-0.8877326,-0.080678344
1356333311174,-0.40786514,-0.12612352,-0.9042892,0.79480684,0.43839845,-0.41962945,0.44936413,-0.88988745,-0.07856363
1356333311214,-0.3831755,-0.11481607,-0.91651165,0.8063336,0.4424259,-0.39253718,0.45055804,-0.88942486,-0.076946676
1356333311254,-0.35306042,-0.10143757,-0.93008536,0.817289,0.4504363,-0.35936868,0.45539767,-0.8870274,-0.07612741
1356333311294,-0.31852162,-0.08623546,-0.94398487,0.82677186,0.46184736,-0.32116234,0.46367252,-0.8827573,-0.07581133
1356333311334,-0.28002286,-0.07027486,-0.9574177,0.8337742,0.4765193,-0.27883667,0.4758232,-0.8763508,-0.07484287
1356333311374,-0.23895675,-0.054830253,-0.969481,0.8372332,0.4941069,-0.23430523,0.49187425,-0.8676704,-0.072164476
1356333311414,-0.1984961,-0.04106301,-0.97924113,0.83629435,0.5139105,-0.19107026,0.51108813,-0.85686046,-0.0676685
1356333311454,-0.16236061,-0.03028056,-0.98626673,0.8310785,0.5346305,-0.15322763,0.53192806,-0.8445433,-0.0616374
1356333311494,-0.13269955,-0.024266541,-0.99085915,0.82267094,0.55488276,-0.123764455,0.552814,-0.83157456,-0.053669274
1356333311534,-0.10968879,-0.025001138,-0.9936515,0.8122926,0.5738834,-0.104108036,0.5728431,-0.81855524,-0.042640388
1356333311574,-0.092141405,-0.034225225,-0.9951576,0.80070585,0.5915601,-0.094481975,0.5919292,-0.8055341,-0.027102828
1356333311614,-0.07762745,-0.053252667,-0.9955592,0.7883644,0.60798585,-0.09399298,0.61029136,-0.7921599,-0.0052139163
1356333311654,-0.06230609,-0.08295354,-0.99460375,0.7758492,0.6228543,-0.10055068,0.6278343,-0.7779275,0.025551796
1356333311694,-0.04007943,-0.12363431,-0.99151814,0.76415837,0.6355563,-0.1101377,0.6437824,-0.7620911,0.06900346
1356333311734,-0.004933402,-0.17460105,-0.9846269,0.7549113,0.645092,-0.11817476,0.6558083,-0.743889,0.12862581
1356333311774,0.048641503,-0.23286042,-0.971293,0.7504958,0.6502014,-0.11829686,0.6590828,-0.72319716,0.20638752
1356333311814,0.11752343,-0.29232326,-0.94907075,0.7525095,0.64983565,-0.106972665,0.64801055,-0.70161295,0.29634696
1356333311854,0.18300295,-0.34336847,-0.9211992,0.7593524,0.6445109,-0.089384556,0.6244148,-0.6831572,0.37868506
1356333311894,0.22298366,-0.37824574,-0.89844775,0.76916766,0.6344853,-0.07621989,0.5988817,-0.6740612,0.4324143
1356333311934,0.22784477,-0.3942834,-0.8902962,0.78102064,0.62002057,-0.074708134,0.5814581,-0.6783179,0.44921196
1356333311994,0.2022469,-0.39121366,-0.8978018,0.7933905,0.6028919,-0.083981514,0.57413214,-0.6953224,0.4323182
1356333312014,0.15467948,-0.368842,-0.9165314,0.80462205,0.5853456,-0.099769145,0.5732867,-0.7220291,0.3873194
1356333312054,0.094435334,-0.32769606,-0.9400517,0.8137679,0.56934845,-0.11672211,0.5734663,-0.75396127,0.32043517
1356333312094,0.031867802,-0.2702874,-0.9622521,0.8210596,0.5560746,-0.12900427,0.5699522,-0.7859553,0.23964292
1356333312134,-0.021695197,-0.20109996,-0.9793305,0.8277602,0.5457192,-0.13039777,0.56066245,-0.8134798,0.15462303
1356333312174,-0.05750099,-0.12564605,-0.99040735,0.8354678,0.5370197,-0.116633445,0.54652286,-0.83416,0.07409406
1356333312214,-0.06961253,-0.04871416,-0.9963839,0.84521717,0.5276444,-0.084848285,0.5298698,-0.84806734,0.0044433475
1356333312254,-0.053876474,0.026416332,-0.99819815,0.8568926,0.51446086,-0.032634974,0.5126717,-0.85710686,-0.05035329
1356333312294,-0.007876381,0.09729996,-0.99522394,0.8679966,0.49483234,0.041508824,0.49650782,-0.86352396,-0.088353574
1356333312334,0.06919564,0.16253462,-0.98427355,0.87222064,0.46901476,0.13876736,0.4841934,-0.86810577,-0.109312296
1356333312375,0.16741647,0.22074726,-0.960855,0.86164904,0.44085413,0.25141314,0.4790957,-0.8700105,-0.11640042
1356333312414,0.26572785,0.27018294,-0.92541337,0.8342174,0.41667745,0.3611942,0.48318732,-0.8679753,-0.11466849
1356333312454,0.34591073,0.31069425,-0.88533324,0.7964449,0.40158558,0.45211136,0.49600548,-0.8615092,-0.10853809
1356333312494,0.39976057,0.34235436,-0.85028523,0.757822,0.3984047,0.5167006,0.51565236,-0.8509214,-0.10017717
1356333312539,0.42546824,0.3652308,-0.82799953,0.7246655,0.41053972,0.5534591,0.542067,-0.83550197,-0.08999854
1356333312572,0.42621377,0.37567472,-0.8229279,0.70494163,0.4321681,0.56239486,0.5669207,-0.8198166,-0.080632746
1356333312612,0.41116765,0.3758847,-0.83045286,0.69297594,0.46298215,0.552659,0.59222084,-0.8027193,-0.070115745
1356333312653,0.37972593,0.35889763,-0.8526434,0.68872577,0.5056687,0.51957285,0.6176286,-0.7845328,-0.055166543
1356333312692,0.34249234,0.32246235,-0.8824494,0.6850302,0.55709636,0.4694435,0.64298725,-0.7652853,-0.03009522
1356333312732,0.31601134,0.2665819,-0.9105333,0.6744442,0.6118659,0.41321325,0.6672795,-0.744684,0.013561964
1356333312774,0.321451,0.19514036,-0.92660105,0.6520346,0.6639809,0.36603308,0.6866733,-0.72183764,0.086199045
1356333312814,0.37063786,0.115458906,-0.921573,0.61831915,0.7097269,0.3375932,0.6930433,-0.69495106,0.19166124
1356333312854,0.441149,0.03759408,-0.89664614,0.5844732,0.7461431,0.31884408,0.681013,-0.6647234,0.30718756
1356333312894,0.49534526,-0.028110802,-0.86824125,0.56740123,0.7672895,0.29886895,0.65779096,-0.6406845,0.39602333
1356333312934,0.50965023,-0.07864432,-0.8567799,0.5777656,0.7691653,0.27307814,0.6375293,-0.6341923,0.43744323
1356333312994,0.4838494,-0.11424348,-0.86766243,0.61190605,0.7529712,0.24208534,0.62566817,-0.6480608,0.43423095
1356333313014,0.42574918,-0.13457873,-0.89477724,0.66008115,0.72256756,0.20539947,0.61889464,-0.67807424,0.3964654
1356333313054,0.34426868,-0.1383163,-0.9286268,0.712399,0.68272126,0.16241744,0.61152816,-0.717468,0.33357596
1356333313094,0.24946183,-0.12443054,-0.9603572,0.76066047,0.6389172,0.114806205,0.59930336,-0.7591455,0.25403482
1356333313134,0.15676497,-0.093467414,-0.98320323,0.79850274,0.5978509,0.07048151,0.5812213,-0.7961395,0.16835606
1356333313174,0.07616128,-0.04966837,-0.99585766,0.8257722,0.56291187,0.035078287,0.55883783,-0.82502323,0.08388686
1356333313216,0.018063039,0.002584517,-0.9998335,0.8442696,0.5356604,0.016637266,0.5356142,-0.84442955,0.007493615
1356333313255,-0.009490907,0.058240473,-0.9982575,0.8571626,0.5145814,0.021872401,0.5149585,-0.85546136,-0.054805398
1356333313294,-0.0018602163,0.11299008,-0.9935944,0.86717206,0.49499917,0.054667085,0.49800527,-0.86151564,-0.09890264
1356333313334,0.041968286,0.16386089,-0.9855903,0.8742181,0.47156453,0.11562657,0.48371607,-0.8664736,-0.1234594
1356333313374,0.11686048,0.20843157,-0.9710304,0.8738172,0.44309673,0.20027184,0.4720034,-0.8719069,-0.13035059
1356333313414,0.20783041,0.24502382,-0.9469793,0.8603351,0.4148658,0.2961583,0.46543515,-0.8762703,-0.12458092
1356333313454,0.2930699,0.27396676,-0.915998,0.8343754,0.39450353,0.3849476,0.4668273,-0.8771027,-0.11297405
1356333313494,0.35633868,0.29692656,-0.8859217,0.80377847,0.38603085,0.45268124,0.47640622,-0.87339264,-0.10110545
1356333313534,0.3923924,0.31477898,-0.86425835,0.77684444,0.38968015,0.49463332,0.4924845,-0.8654846,-0.09162676
1356333313574,0.40189365,0.3265623,-0.8554756,0.75850654,0.40465257,0.5108073,0.51298076,-0.854174,-0.08507234
1356333313650,0.386948,0.32951772,-0.8612138,0.750103,0.43071598,0.50182587,0.5362991,-0.8401796,-0.08050758
1356333313652,0.35050648,0.3196064,-0.8803391,0.749508,0.46791148,0.46829104,0.56158954,-0.8239603,-0.075541556
1356333313679,0.296624,0.29232967,-0.9091521,0.75426006,0.5122011,0.41078186,0.5857524,-0.8075849,-0.068561494
1356333313711,0.24330595,0.2545403,-0.93595487,0.75443673,0.5568085,0.34754795,0.6096125,-0.7906793,-0.05655974
1356333313752,0.20715046,0.2051771,-0.9565517,0.74322486,0.60280246,0.29025164,0.63616467,-0.7710588,-0.027621925
1356333313793,0.19405317,0.13431084,-0.971753,0.72292536,0.65002024,0.23420635,0.6631156,-0.7479534,0.029041767
1356333313833,0.22332126,0.049758673,-0.9734741,0.69620985,0.6908375,0.1950269,0.6822167,-0.72129583,0.11963624
1356333313873,0.29074585,-0.03668967,-0.9560966,0.6707977,0.72037035,0.17634356,0.68227357,-0.69261855,0.23405606
1356333313913,0.36086488,-0.11490643,-0.9255123,0.65614164,0.73651403,0.16439357,0.662763,-0.66659105,0.34117693
1356333313953,0.40081567,-0.17974602,-0.89835304,0.65795934,0.7388173,0.14573443,0.6375236,-0.64949244,0.4143951
1356333313991,0.3976591,-0.2320076,-0.88771605,0.67744565,0.72675943,0.11352584,0.6188171,-0.64652395,0.446175
1356333314033,0.3503883,-0.27348897,-0.89578557,0.7117573,0.69942397,0.06486678,0.6087936,-0.66031045,0.43972775
1356333314073,0.26393664,-0.30321163,-0.9156419,0.7525081,0.6585819,-0.0011742413,0.6033813,-0.6887181,0.40199313
1356333314113,0.14869821,-0.3174559,-0.9365419,0.7880243,0.6101966,-0.081718326,0.59741664,-0.7258663,0.34089804
1356333314152,0.020950675,-0.31247628,-0.94969445,0.80906415,0.5633438,-0.16750774,0.58734673,-0.76485443,0.26461583
1356333314193,-0.09973708,-0.28759083,-0.95254606,0.813974,0.5270133,-0.24434257,0.5722751,-0.7997178,0.18152869
1356333314234,-0.19563887,-0.24588466,-0.94935036,0.8095002,0.5059521,-0.2978622,0.5535655,-0.8267728,0.10005981
1356333314274,-0.25487748,-0.1921334,-0.94769305,0.8066304,0.4982498,-0.31795353,0.53327733,-0.8454773,0.027988017
1356333314314,-0.271203,-0.13012365,-0.9536859,0.8147373,0.49652818,-0.2994375,0.5124959,-0.8582119,-0.02864337
1356333314354,-0.23697016,-0.060395658,-0.9696379,0.8378695,0.49248502,-0.23544255,0.49175182,-0.86822283,-0.06610054
1356333314394,-0.14584395,0.016560078,-0.98916894,0.8689772,0.48006037,-0.120085925,0.4728722,-0.8770791,-0.08440423
1356333314434,4.8403442E-4,0.098959774,-0.9950913,0.88788784,0.45775908,0.04595509,0.4600598,-0.8835517,-0.08764362
1356333314474,0.1740499,0.17974174,-0.968194,0.87207353,0.42853004,0.23632559,0.4573778,-0.8854687,-0.08216238
1356333314514,0.32945946,0.24993503,-0.9104883,0.821396,0.39964816,0.40692753,0.4655804,-0.88193756,-0.07362777
1356333314554,0.43906826,0.30609488,-0.8447041,0.75774384,0.37900376,0.5312066,0.4827456,-0.8733053,-0.06553298
1356333314594,0.5021228,0.34964126,-0.7909637,0.70187753,0.36955744,0.60892963,0.50521344,-0.8609171,-0.05984211
1356333314634,0.52658415,0.38131362,-0.75980854,0.6644382,0.37293115,0.6476451,0.5303122,-0.8458855,-0.056979656
1356333314674,0.5197208,0.39960295,-0.75512105,0.648357,0.39109764,0.65320444,0.5563485,-0.8290719,-0.055823773
1356333314714,0.48601106,0.4007184,-0.77667105,0.65112,0.42675945,0.6276297,0.5829544,-0.810741,-0.053505927
1356333314754,0.43039447,0.37824047,-0.8195698,0.6654674,0.4804839,0.5712166,0.6098473,-0.79124546,-0.04490906
1356333314794,0.36932543,0.32922488,-0.86902803,0.6772005,0.5450486,0.4942889,0.6363947,-0.77105963,-0.02165091
1356333314834,0.33390394,0.2593841,-0.9062164,0.6737592,0.6066711,0.42189893,0.65920913,-0.7514453,0.027807415
1356333314874,0.3547648,0.18355154,-0.91676104,0.6519007,0.6543132,0.38327503,0.6701995,-0.7336097,0.11246991
1356333314914,0.42953163,0.114773005,-0.8957286,0.6164354,0.6875887,0.38370448,0.6599318,-0.71697205,0.22459096
1356333314954,0.5159823,0.0567621,-0.8547165,0.5807113,0.7103348,0.39774224,0.62971157,-0.70157146,0.33355775
1356333314993,0.57028526,0.005228609,-0.82143,0.56593657,0.7222923,0.3975042,0.595391,-0.69156814,0.4089536
1356333315031,0.5763944,-0.046749145,-0.81583333,0.58301544,0.72307914,0.37047207,0.57259285,-0.68918145,0.44403422
1356333315072,0.5304958,-0.102302164,-0.84149176,0.63224447,0.70900035,0.31238663,0.56466013,-0.6977483,0.4408017
1356333315112,0.43111682,-0.16139981,-0.8877434,0.70236075,0.6776543,0.21788527,0.56641656,-0.71745014,0.40550902
1356333315152,0.2852582,-0.21635237,-0.93371266,0.7704685,0.6312171,0.08912495,0.570093,-0.7448199,0.34675255
1356333315193,0.11241478,-0.2561853,-0.96006876,0.8143009,0.57746273,-0.058743715,0.5694532,-0.7751812,0.27352726
1356333315233,-0.05843222,-0.2733151,-0.9601482,0.82550776,0.5276045,-0.20042586,0.561358,-0.80432105,0.1947946
1356333315272,-0.20247203,-0.26784968,-0.94194555,0.8128048,0.49053633,-0.31420106,0.5462172,-0.8292349,0.118389666
1356333315313,-0.30931222,-0.2455109,-0.9187221,0.7921283,0.46803194,-0.39176363,0.52617353,-0.84892315,0.049708188
1356333315354,-0.37452358,-0.21204108,-0.9026465,0.7784351,0.45699745,-0.43033957,0.5037568,-0.863824,-0.0060961246
1356333315394,-0.40005884,-0.1723901,-0.9001303,0.78053904,0.45064893,-0.43321395,0.4803245,-0.8758979,-0.045728803
1356333315434,-0.3865296,-0.12881613,-0.91323674,0.8008661,0.44419733,-0.4016245,0.45739305,-0.8866201,-0.06853098
1356333315474,-0.33183295,-0.08172649,-0.9397914,0.8351103,0.437876,-0.3329496,0.4387229,-0.895313,-0.0770511
1356333315514,-0.23664334,-0.03136465,-0.9710902,0.87155306,0.43488303,-0.22643334,0.4294127,-0.89994055,-0.075576246
1356333315554,-0.11614832,0.020681828,-0.9930165,0.894256,0.4372504,-0.09549007,0.43222198,-0.899102,-0.06928074
1356333315594,-5.5481493E-4,0.06865436,-0.9976404,0.89511925,0.44480866,0.030112475,0.44582644,-0.89299035,-0.061700642
1356333315634,0.084530935,0.1062814,-0.9907365,0.88066655,0.45717078,0.12418267,0.46613407,-0.88300574,-0.054953396
1356333315674,0.12930313,0.12917948,-0.9831548,0.8626045,0.47435883,0.17577583,0.48907474,-0.8708021,-0.050094724
1356333315714,0.13549149,0.13487533,-0.9815552,0.8479005,0.4967193,0.18529621,0.5125493,-0.8573673,-0.047059596
1356333315754,0.109085605,0.12153041,-0.9865752,0.83716637,0.52390033,0.15710166,0.53595966,-0.84306514,-0.04459119
1356333315794,0.06000416,0.0885607,-0.9942618,0.82660764,0.5539617,0.09922853,0.5595706,-0.8278185,-0.039964914
1356333315834,0.0070248395,0.038837224,-0.99922085,0.8116679,0.5834291,0.02838263,0.58407676,-0.81123495,-0.027424395
1356333315874,-0.02453585,-0.023486853,-0.9994231,0.7932824,0.6079172,-0.033761352,0.6083594,-0.793653,0.0037159324
1356333315914,-0.010741606,-0.0945375,-0.9954634,0.7787454,0.62368363,-0.06763333,0.62724805,-0.77593905,0.066921294
1356333315954,0.051350847,-0.17185482,-0.98378295,0.77308416,0.6304535,-0.069779605,0.6322214,-0.75696385,0.1652326
1356333315994,0.139588,-0.25013724,-0.9580954,0.77457905,0.6303589,-0.051721632,0.61688143,-0.7349008,0.28174156
1356333316031,0.19542357,-0.32414478,-0.9256023,0.7821359,0.6209084,-0.052308053,0.5916697,-0.7137246,0.37486547
1356333316072,0.1929864,-0.38711858,-0.90160716,0.79850376,0.59596324,-0.08496839,0.5702176,-0.70353895,0.42412838
1356333316131,0.12918472,-0.43588924,-0.8906805,0.81848097,0.55395585,-0.15238708,0.55982155,-0.709319,0.42832974
1356333316153,0.021725178,-0.46471724,-0.8851925,0.8292339,0.50297105,-0.24370301,0.5584792,-0.72873724,0.3962865
1356333316193,-0.10567358,-0.46925908,-0.87671494,0.82126886,0.4559134,-0.34301674,0.5606698,-0.7562665,0.33720982
1356333316229,-0.22627199,-0.4508294,-0.8634547,0.79621553,0.42503023,-0.43056962,0.56110775,-0.78492177,0.26278484
1356333316259,-0.3150543,-0.41864914,-0.8517474,0.7678043,0.41509372,-0.4880305,0.5578686,-0.80773145,0.19066364
1356333316301,-0.39267927,-0.37696967,-0.83886635,0.7373694,0.41606814,-0.5321405,0.54962647,-0.827515,0.114584565
1356333316342,-0.44466758,-0.32585567,-0.8343194,0.7173082,0.4282896,-0.5495789,0.5364137,-0.842844,0.043292463
1356333316393,-0.47665095,-0.26850367,-0.83708405,0.71248454,0.43978518,-0.54676753,0.5149462,-0.85702664,-0.018319309
1356333316433,-0.46930102,-0.20478421,-0.85896444,0.7346751,0.44912294,-0.5084693,0.48990715,-0.869685,-0.060324013
1356333316474,-0.43440244,-0.14561257,-0.88887095,0.77280223,0.44666675,-0.45084995,0.46267852,-0.8827717,-0.08150339
1356333316514,-0.3682907,-0.09142801,-0.9252043,0.8204907,0.43602738,-0.36969593,0.43721497,-0.89527714,-0.085569024
1356333316554,-0.27298695,-0.040916532,-0.9611471,0.8656932,0.42531043,-0.26398158,0.41958708,-0.9041221,-0.08068299
1356333316594,-0.16257802,0.006233692,-0.986676,0.8955276,0.4207541,-0.14490089,0.41424468,-0.90715325,-0.07398778
1356333316634,-0.058497787,0.048949808,-0.99708676,0.9046389,0.42495978,-0.032211512,0.42214504,-0.90388775,-0.06914115
1356333316674,0.020430878,0.08487773,-0.9961819,0.89713925,0.43821746,0.055737108,0.44127518,-0.89485264,-0.067193985
1356333316714,0.06499426,0.111451775,-0.99164224,0.8815055,0.4593253,0.109399796,0.46767917,-0.8812484,-0.06839186
1356333316754,0.074814245,0.12646472,-0.9891459,0.86421824,0.48667073,0.12758741,0.49752364,-0.8643832,-0.07288319
1356333316794,0.054420292,0.12804335,-0.99027437,0.8474033,0.518648,0.11363053,0.5281535,-0.84534556,-0.08027941
1356333316834,0.012328669,0.11488685,-0.9933021,0.8290429,0.5542146,0.074391276,0.5590491,-0.8244072,-0.08841342
1356333316874,-0.036372796,0.08583343,-0.99564534,0.80563396,0.59201956,0.021605998,0.591296,-0.80133986,-0.0906837
1356333316914,-0.06871623,0.038790017,-0.99688184,0.7771281,0.6286691,-0.029105961,0.62557983,-0.7767049,-0.07334459
1356333316954,-0.061296254,-0.02958101,-0.9976812,0.7494064,0.6588547,-0.06557748,0.6592669,-0.75168836,-0.018217146
1356333316993,-0.002426818,-0.12122381,-0.99262226,0.73054117,0.67761546,-0.08453971,0.6828644,-0.7253566,0.08691454
1356333317031,0.07205315,-0.22423965,-0.9718667,0.72382045,0.6821468,-0.10372907,0.686216,-0.695983,0.21146005
1356333317072,0.12802887,-0.3177596,-0.9394879,0.7317492,0.6696783,-0.12678361,0.6694414,-0.6712375,0.31825846
1356333317113,0.13561329,-0.38942367,-0.91102046,0.7507692,0.64039576,-0.1619842,0.6464941,-0.66199887,0.37921345
1356333317153,0.09365806,-0.43485406,-0.8956171,0.77221787,0.59953046,-0.21033971,0.6284169,-0.67191154,0.39195293
1356333317193,0.016888589,-0.45287043,-0.8914163,0.78723484,0.5556681,-0.26738393,0.6164218,-0.6972383,0.36589992
1356333317234,-0.07451168,-0.44414926,-0.8928491,0.7917012,0.5180522,-0.32377642,0.60634756,-0.73099476,0.31303257
1356333317274,-0.1626679,-0.41177878,-0.89664793,0.78797936,0.4927077,-0.36922574,0.5938246,-0.7666012,0.2443254
1356333317314,-0.23599571,-0.3604963,-0.90241253,0.78226054,0.48046607,-0.39651084,0.57651925,-0.79949653,0.16861415
1356333317357,-0.28724656,-0.2960115,-0.91097015,0.78146154,0.47754416,-0.40158367,0.55390185,-0.82724166,0.094148695
1356333317394,-0.31090668,-0.22485617,-0.92345905,0.7912042,0.4771234,-0.38255602,0.5266241,-0.8495839,0.029566348
1356333317434,-0.30174753,-0.1537076,-0.9409157,0.8138323,0.4725522,-0.33818844,0.4966139,-0.8677951,-0.017499208
1356333317474,-0.2550654,-0.08776063,-0.96293277,0.8463382,0.46133992,-0.26622742,0.46760362,-0.8828723,-0.04339665
1356333317514,-0.1708124,-0.02856642,-0.9848894,0.87930226,0.44660118,-0.16545367,0.44457915,-0.894277,-0.051166475
1356333317554,-0.058628857,0.025658876,-0.9979501,0.9001063,0.43366736,-0.041730285,0.43170762,-0.90070766,-0.04852116
1356333317594,0.063860655,0.07707727,-0.99497783,0.90000904,0.42631078,0.090789974,0.4311676,-0.90128696,-0.04214573
1356333317634,0.17827184,0.12730715,-0.97571105,0.8792083,0.42463773,0.21604502,0.44182783,-0.896368,-0.036228538
1356333317674,0.27025777,0.17566207,-0.9466275,0.8454591,0.4270805,0.32062635,0.460608,-0.8869865,-0.033093274
1356333317714,0.3336194,0.22039717,-0.91658235,0.80896646,0.43227068,0.398391,0.48401594,-0.8743954,-0.03408003
1356333317754,0.36779186,0.25849345,-0.8932582,0.778034,0.4405686,0.44784206,0.5093057,-0.8596979,-0.03907913
1356333317794,0.3746428,0.28564632,-0.88207084,0.75728583,0.45462358,0.46886617,0.53494006,-0.84363705,-0.04599446
1356333317834,0.35803157,0.2967918,-0.8852842,0.7463168,0.47879738,0.46234655,0.5610924,-0.8262371,-0.050076127
1356333317874,0.3274902,0.28478885,-0.9009137,0.73983395,0.5157876,0.43198252,0.58770394,-0.80799663,-0.041781068
1356333317914,0.30622718,0.24544962,-0.9197714,0.72812915,0.56200635,0.39239874,0.6132315,-0.7898755,-0.006617427
1356333317954,0.320507,0.1822921,-0.92954016,0.70488113,0.6096418,0.36260104,0.6327858,-0.77143145,0.06690019
1356333317996,0.37752783,0.1083079,-0.9196424,0.6704658,0.6530452,0.35214716,0.6387083,-0.7495342,0.173926
1356333318034,0.43560904,0.038267612,-0.8993222,0.64094514,0.68830365,0.3397462,0.632008,-0.7244127,0.2753038
1356333318074,0.46796992,-0.018146962,-0.8835581,0.6281651,0.7100767,0.31811905,0.6216211,-0.70389044,0.3436938
1356333318114,0.4559935,-0.066173434,-0.8875196,0.6422816,0.7147807,0.27670005,0.6160717,-0.69621086,0.36843732
1356333318154,0.3986261,-0.10898778,-0.9106146,0.68011534,0.70123786,0.21379557,0.6152563,-0.7045474,0.353656
1356333318194,0.3020802,-0.1457983,-0.9420671,0.72929776,0.67175376,0.12989083,0.6138993,-0.72628486,0.30925387
1356333318234,0.17950654,-0.17176756,-0.9686451,0.7740958,0.63229275,0.031330258,0.6070858,-0.7554481,0.2464652
1356333318274,0.047204018,-0.18186563,-0.9821897,0.8042578,0.59007114,-0.07060701,0.59240276,-0.7866008,0.1741206
1356333318314,-0.07201257,-0.17316237,-0.9822571,0.81832933,0.55276513,-0.15744156,0.57022035,-0.8151476,0.101897836
1356333318354,-0.15868619,-0.14732167,-0.9762761,0.82535076,0.522879,-0.21305779,0.5418623,-0.8395796,0.038618386
1356333318394,-0.19719627,-0.10713011,-0.97449315,0.8378952,0.49763283,-0.22426143,0.5089649,-0.8607466,-0.008367538
1356333318434,-0.17426944,-0.054341316,-0.9831974,0.8631538,0.47211623,-0.17908588,0.47391516,-0.8798598,-0.03537047
1356333318474,-0.077295035,0.01147303,-0.9969422,0.893909,0.44362697,-0.064201295,0.44153386,-0.8961381,-0.04454595
1356333318514,0.08746402,0.08773759,-0.99229646,0.9039384,0.41161054,0.11606997,0.41862336,-0.9071267,-0.043308258
1356333318554,0.27121794,0.16330454,-0.94856334,0.870517,0.37884784,0.3141249,0.41065916,-0.91093683,-0.03940904
1356333318595,0.41114828,0.2256701,-0.8831931,0.80952585,0.3550295,0.46757007,0.41907614,-0.9072083,-0.036716014
1356333318633,0.4852804,0.2723457,-0.83086145,0.7553245,0.34809333,0.5552621,0.44044054,-0.89702773,-0.036786497
1356333318674,0.5020559,0.30388445,-0.80968773,0.7267172,0.35932097,0.58546615,0.46885183,-0.8823507,-0.04043886
1356333318714,0.47142258,0.31756687,-0.8227466,0.72673726,0.3886244,0.5664132,0.49961346,-0.8649406,-0.047581375
1356333318754,0.39608008,0.30624303,-0.86564183,0.7496877,0.43648523,0.49744242,0.5301782,-0.8459881,-0.056703568
1356333318794,0.2778374,0.26052305,-0.92462647,0.78046536,0.4999581,0.37538737,0.5600716,-0.82593566,-0.06442219
1356333318834,0.13800472,0.17803016,-0.9742997,0.79551244,0.5660853,0.21611908,0.5900125,-0.804893,-0.06350279
1356333318874,0.02975297,0.074851334,-0.9967507,0.78390324,0.616955,0.069729924,0.62016976,-0.7834308,-0.04031998
1356333318914,0.0064976662,-0.024567902,-0.9996771,0.761893,0.6476102,-0.01096341,0.64767045,-0.7615757,0.022926033
1356333318954,0.07646853,-0.10949296,-0.99104184,0.74379706,0.6682035,-0.016433686,0.664017,-0.7358774,0.13253707
1356333318996,0.19676246,-0.17968193,-0.96384585,0.7253486,0.6880969,0.019798547,0.6596619,-0.70302,0.2657237
1356333319034,0.2815182,-0.24513595,-0.9277155,0.7132022,0.70025516,0.031390756,0.64194256,-0.67048573,0.37196606
1356333319074,0.29551482,-0.30979165,-0.90371466,0.72213125,0.6917553,-9.953678E-4,0.62545776,-0.65230644,0.4281342
1356333319114,0.23203284,-0.37706298,-0.8966518,0.7516566,0.65459174,-0.080759615,0.61739236,-0.6552353,0.43530858
1356333319154,0.10512203,-0.43816602,-0.892726,0.78185713,0.5911538,-0.1980822,0.6145312,-0.67716146,0.40472662
1356333319194,-0.05828926,-0.47912145,-0.8758111,0.78977907,0.5144752,-0.33401242,0.6106156,-0.7111666,0.34841168
1356333319234,-0.2294603,-0.49122453,-0.8402657,0.7656641,0.4418974,-0.46742398,0.60092133,-0.7506165,0.27471513
1356333319274,-0.37930256,-0.47496173,-0.79406613,0.71798337,0.39024097,-0.5763783,0.5836348,-0.78874797,0.19299519
1356333319314,-0.49544144,-0.439071,-0.7495029,0.66504437,0.36333513,-0.6524597,0.5587969,-0.82170814,0.11199033
1356333319354,-0.5744617,-0.3927682,-0.71814126,0.62554246,0.35518783,-0.69464976,0.52791137,-0.8482775,0.041651428
1356333319394,-0.62046933,-0.3424542,-0.70550907,0.610164,0.35434723,-0.708617,0.492664,-0.8701513,-0.010908365
1356333319434,-0.6346079,-0.2906175,-0.71611047,0.62371385,0.35455382,-0.69661504,0.4563482,-0.88872546,-0.04374051
1356333319474,-0.6131599,-0.23762406,-0.75337225,0.6663041,0.3567313,-0.6548142,0.42435104,-0.9034808,-0.060403466
1356333319514,-0.5461104,-0.18040049,-0.81805813,0.73445475,0.36657596,-0.57113767,0.40291393,-0.91273093,-0.0676949
1356333319554,-0.42632914,-0.11421898,-0.89732796,0.81339145,0.3856212,-0.43553495,0.39577502,-0.9155601,-0.071496844
1356333319594,-0.26868865,-0.04032591,-0.96238256,0.87463593,0.4083307,-0.26130056,0.4035075,-0.91194284,-0.07444334
1356333319634,-0.11810535,0.029717416,-0.99255633,0.8983449,0.42910552,-0.09404746,0.42311656,-0.9027654,-0.07737619
1356333319674,-0.015891686,0.08268091,-0.99644935,0.89267457,0.45010877,0.023111373,0.45042145,-0.88913774,-0.080960155
1356333319714,0.028914735,0.11350834,-0.99311626,0.87564826,0.4762888,0.07993218,0.4820831,-0.8719317,-0.085621655
1356333319754,0.028156042,0.12228808,-0.9920951,0.8566749,0.5084695,0.08698794,0.5150877,-0.85235226,-0.090444624
1356333319794,0.0034874976,0.11238095,-0.9936591,0.8356006,0.54552233,0.06463027,0.54932636,-0.83052754,-0.09200305
1356333319835,-0.019813389,0.08662549,-0.99604386,0.8108176,0.58427024,0.034684837,0.5849634,-0.80692273,-0.08181381
1356333319874,-0.009610906,0.049275845,-0.998739,0.78352714,0.6209283,0.023095518,0.6212833,-0.78231704,-0.044576645
1356333319914,0.056572273,0.001445502,-0.99839747,0.75488245,0.65440124,0.043721437,0.6534158,-0.75614613,0.0359298
1356333319954,0.17372517,-0.05534479,-0.98323774,0.721239,0.68697536,0.08876473,0.67054737,-0.7245701,0.15926176
1356333319997,0.29920906,-0.11345485,-0.9474185,0.684477,0.71730113,0.13027018,0.6648045,-0.68746424,0.29228026
1356333320034,0.38721842,-0.16196938,-0.90764964,0.65931565,0.73679334,0.14979479,0.6444881,-0.65643084,0.3920889
1356333320074,0.42276347,-0.19421923,-0.8851836,0.65658563,0.7388868,0.15146504,0.62463295,-0.6452327,0.4398959
1356333320114,0.41549283,-0.20689444,-0.8857542,0.6737165,0.7242503,0.14685905,0.61112344,-0.65776604,0.44030896
1356333320154,0.38026142,-0.19794407,-0.90344864,0.70274377,0.696904,0.14309433,0.6012923,-0.68930614,0.40410966
1356333320194,0.3344769,-0.16617307,-0.9276377,0.73439384,0.66282034,0.14606449,0.59058523,-0.7301066,0.3437346
1356333320234,0.292309,-0.11287683,-0.94963896,0.76337147,0.62567586,0.16060421,0.57603765,-0.77187335,0.26905763
1356333320274,0.26930064,-0.040709525,-0.9621954,0.7853726,0.5875227,0.1949538,0.5573752,-0.8081831,0.19019234
1356333320314,0.27313495,0.044038683,-0.9609672,0.79922557,0.545574,0.25216556,0.5353838,-0.83690476,0.11381847
1356333320354,0.31028262,0.13415954,-0.9411301,0.80193925,0.4946989,0.3349126,0.51050776,-0.8586467,0.04590869
1356333320394,0.38433066,0.21971503,-0.896669,0.7872691,0.42928597,0.44262955,0.48217982,-0.8760358,-0.007987082
1356333320434,0.49360538,0.28993732,-0.819933,0.7437509,0.34792566,0.5707735,0.45076424,-0.8915627,-0.043903142
1356333320474,0.6175444,0.3348315,-0.7117069,0.6654043,0.26006237,0.6997176,0.41937566,-0.9056795,-0.06219825
1356333320514,0.7256293,0.35618156,-0.5887247,0.5635841,0.1832102,0.80548555,0.39475948,-0.91627985,-0.067795575
1356333320554,0.7991348,0.36767522,-0.47560346,0.46270338,0.12888238,0.8770946,0.38378286,-0.9209801,-0.06713018
1356333320594,0.83946764,0.3826205,-0.38586983,0.37936604,0.0957652,0.9202773,0.38906989,-0.9189289,-0.064761445
1356333320634,0.85605043,0.40582854,-0.32012618,0.31704456,0.07689312,0.9452884,0.4082405,-0.9107089,-0.062841326
1356333320674,0.85710996,0.4356335,-0.27492878,0.27408388,0.06623188,0.95942235,0.4361656,-0.8976841,-0.06263211
1356333320714,0.848145,0.4680561,-0.24814016,0.2493234,0.060613245,0.9665215,0.4674269,-0.88161755,-0.06528853
1356333320754,0.8322023,0.4996088,-0.24047938,0.2434088,0.060501516,0.968035,0.49818817,-0.86413574,-0.07125968
1356333320794,0.8096864,0.528283,-0.25558752,0.25804898,0.07066497,0.9635441,0.527085,-0.8461227,-0.079106405
1356333320834,0.7780402,0.5521658,-0.2996105,0.29423785,0.101079345,0.9503721,0.5550474,-0.8275844,-0.08382429
1356333320874,0.7338385,0.56504035,-0.37710798,0.34697744,0.16548386,0.9231585,0.5840272,-0.8082973,-0.07461783
1356333320914,0.68217015,0.5529648,-0.47840753,0.39624363,0.27031365,0.8774517,0.61452,-0.78813726,-0.034708887
1356333320954,0.64789087,0.5056755,-0.569675,0.41058674,0.39809296,0.8203295,0.6416041,-0.7653851,0.05029717
1356333320998,0.65124947,0.43428832,-0.62230843,0.38443816,0.5182259,0.76396936,0.6542793,-0.7367738,0.1705373
1356333321034,0.6756862,0.3588166,-0.64397115,0.35144755,0.611098,0.7092559,0.64802223,-0.70555645,0.28680524
1356333321074,0.69144857,0.28874317,-0.6622132,0.34788522,0.67028785,0.65550756,0.63314676,-0.6836239,0.36302003
1356333321114,0.6820663,0.22377801,-0.6962104,0.38638473,0.69801605,0.6028934,0.62088037,-0.6802184,0.38962886
1356333321154,0.6412036,0.1611217,-0.7502652,0.46146062,0.70021254,0.54475355,0.6131167,-0.69551575,0.37462744
1356333321194,0.5646719,0.10010651,-0.81922174,0.5606624,0.68188524,0.46977687,0.6056429,-0.7245766,0.3289155
1356333321234,0.45020777,0.04352647,-0.8918624,0.6670857,0.6475484,0.36834458,0.59355676,-0.7607802,0.2624954
1356333321285,0.30458146,-0.0018361807,-0.95248455,0.7599038,0.6033753,0.24183565,0.5742616,-0.79745525,0.18517226
1356333321305,0.16486923,-0.024810016,-0.9860034,0.8181207,0.56181204,0.12266126,0.55090535,-0.82689285,0.112923086
1356333321344,0.03522663,-0.032584906,-0.998848,0.8528217,0.5220393,0.013046503,0.52101284,-0.8522988,0.04617876
1356333321384,-0.028607368,-0.008458674,-0.9995549,0.87346625,0.4860136,-0.029111564,0.48604354,-0.8739103,-0.006515205
1356333321424,0.011085361,0.050286174,-0.9986733,0.8935669,0.44775477,0.032464474,0.44879326,-0.8927413,-0.039970577
1356333321464,0.18618412,0.14397445,-0.9719088,0.89083743,0.39250523,0.2287977,0.41442034,-0.90841126,-0.055179596
1356333321504,0.45763716,0.24877092,-0.8536283,0.7989223,0.30632344,0.5175799,0.3902452,-0.9188465,-0.05856368
1356333321544,0.67352456,0.3200925,-0.6662623,0.63279814,0.21614403,0.74353766,0.38200945,-0.9224005,-0.056975633
1356333321584,0.77729636,0.36086506,-0.5153511,0.4933176,0.15876698,0.85523725,0.39044598,-0.91900456,-0.054612085
1356333321624,0.81414807,0.39294994,-0.4274965,0.4101023,0.13207728,0.9024254,0.4110706,-0.91002524,-0.05361922
1356333321664,0.8184573,0.42391175,-0.38784853,0.37145704,0.12459886,0.9200515,0.43834612,-0.8970919,-0.055486143
1356333321704,0.8038078,0.4530118,-0.3855818,0.36751884,0.13151759,0.9206699,0.46778512,-0.8817502,-0.06077552
1356333321744,0.77015996,0.47701693,-0.42344832,0.39899522,0.15766561,0.90329635,0.49765092,-0.86463654,-0.06889975
1356333321784,0.7064278,0.48717636,-0.5134382,0.4718346,0.21656677,0.85467595,0.52757156,-0.8460248,-0.07687786
1356333321824,0.5925842,0.4627052,-0.65935415,0.5802284,0.32258442,0.7478465,0.5587298,-0.82573795,-0.077316225
1356333321864,0.43847877,0.37967098,-0.81460804,0.67571247,0.45835257,0.5773435,0.59257823,-0.8035937,-0.055570543
1356333321904,0.3393882,0.26649722,-0.9021058,0.7004912,0.5684593,0.4314697,0.62779593,-0.778353,0.006249368
1356333321944,0.35647532,0.17552218,-0.9176694,0.6652974,0.64191306,0.3812179,0.6559762,-0.7464178,0.112051725
1356333321999,0.43055147,0.108780816,-0.89598674,0.60787827,0.69884974,0.37695235,0.66716534,-0.7069482,0.23476529
1356333322024,0.48643795,0.04756248,-0.8724196,0.56825113,0.74125606,0.35725337,0.66367817,-0.669535,0.33354765
1356333322064,0.48891234,-0.022050112,-0.87205416,0.57426536,0.7606422,0.30272558,0.6566461,-0.6487968,0.38454995
1356333322104,0.42881215,-0.10431364,-0.897351,0.6256758,0.7508054,0.21170995,0.65165174,-0.65223455,0.38722098
1356333322144,0.30255717,-0.19473109,-0.93302673,0.7005857,0.70916235,0.0791738,0.64624983,-0.6776198,0.35098797
1356333322184,0.1180802,-0.2781911,-0.95324016,0.7633369,0.6394092,-0.092047095,0.6351172,-0.71677446,0.2878551
1356333322243,-0.092739046,-0.3341895,-0.93793225,0.78328764,0.55706495,-0.27593312,0.6147032,-0.76026046,0.21010482
1356333322262,-0.2832245,-0.3518548,-0.8921782,0.75984097,0.48528364,-0.43259853,0.58517134,-0.8004361,0.12990957
1356333322303,-0.4245103,-0.3373852,-0.8402156,0.7201786,0.43660814,-0.53918105,0.54875666,-0.83399314,0.057632923
1356333322342,-0.50744724,-0.30182728,-0.807092,0.6953833,0.40968716,-0.5904223,0.50886077,-0.8608465,0.0019910336
1356333322369,-0.5348708,-0.25318474,-0.80610836,0.70126027,0.3991711,-0.5906746,0.47132492,-0.88122636,-0.03595656
1356333322411,-0.5080095,-0.19820035,-0.83823806,0.74314165,0.3911897,-0.54287314,0.4355077,-0.8987143,-0.0514372
1356333322452,-0.3688276,-0.11282179,-0.92262524,0.83506536,0.39570108,-0.38221252,0.4082057,-0.91142297,-0.051731884
1356333322493,-0.08071327,0.014729947,-0.9966285,0.9148667,0.3979528,-0.068210036,0.3956064,-0.9172876,-0.045596004
1356333322541,0.23835704,0.14538375,-0.96023417,0.88463414,0.37550166,0.27644366,0.40075997,-0.9153481,-0.03910798
1356333322583,0.40940544,0.2280277,-0.8833972,0.80673647,0.3617359,0.46725088,0.42610267,-0.90396374,-0.03586161
1356333322623,0.46079394,0.27163398,-0.8449165,0.7612928,0.3683615,0.5336132,0.45618218,-0.8891146,-0.03705424
1356333322663,0.43570933,0.28621,-0.8533705,0.7561813,0.3978528,0.51952195,0.48820823,-0.87166333,-0.043078482
1356333322703,0.35251418,0.27041954,-0.8958834,0.77779466,0.4476619,0.44117373,0.5203549,-0.85233337,-0.052523732
1356333322743,0.22466913,0.21962714,-0.94936174,0.8029345,0.51028514,0.30806708,0.552105,-0.8314885,-0.06170088
1356333322782,0.08439748,0.138024,-0.98682654,0.8073603,0.5709607,0.14890707,0.5839919,-0.80929184,-0.06324744
1356333322822,-0.014360562,0.04371929,-0.99894065,0.78734213,0.6163175,0.015654892,0.61634904,-0.78628325,-0.043272734
1356333322863,-0.03095086,-0.04769227,-0.99838245,0.76230764,0.64492124,-0.054439902,0.64647436,-0.7627595,0.01639533
1356333322903,0.032990977,-0.13357109,-0.99048996,0.7452141,0.6636812,-0.06467837,0.6660087,-0.73599327,0.12143457
1356333322943,0.13275816,-0.21548611,-0.9674405,0.7340104,0.67728543,-0.050131947,0.6660361,-0.7034559,0.24808419
1356333323000,0.1997125,-0.2958923,-0.9341107,0.73228854,0.67848945,-0.058357745,0.6510518,-0.6723838,0.35218132
1356333323024,0.19249472,-0.37576067,-0.90650415,0.7480216,0.65410507,-0.112295926,0.6351453,-0.6564683,0.40698886
1356333323064,0.10517481,-0.45047134,-0.88657427,0.77318734,0.5977036,-0.21197146,0.62539566,-0.6631939,0.41116208
1356333323104,-0.041532725,-0.50620407,-0.86141306,0.7844878,0.5174004,-0.34187096,0.61875194,-0.68996686,0.3756219
1356333323144,-0.21170926,-0.5295731,-0.8214204,0.7645353,0.43382752,-0.47673827,0.6088225,-0.7289348,0.31303203
1356333323184,-0.37081498,-0.518621,-0.77040803,0.7163268,0.36824745,-0.59268016,0.5910772,-0.7716386,0.23495042
1356333323224,-0.49958915,-0.48207828,-0.71972996,0.6570069,0.33063525,-0.6775118,0.5645818,-0.8113451,0.15154696
1356333323265,-0.59321123,-0.43181103,-0.6794407,0.60488254,0.3178571,-0.730126,0.5312415,-0.8441007,0.07263863
1356333323304,-0.6542065,-0.37743747,-0.6554043,0.5725638,0.3190301,-0.75524205,0.49415037,-0.869345,0.0073954463
1356333323344,-0.68841803,-0.32435763,-0.6487471,0.564279,0.32245886,-0.76000625,0.45570803,-0.8892763,-0.03895831
1356333323384,-0.6993339,-0.27530003,-0.6596528,0.57924473,0.32245708,-0.7486634,0.4188168,-0.90566623,-0.066039085
1356333323424,-0.6849055,-0.23229486,-0.69061095,0.6159379,0.3217771,-0.7190828,0.38926202,-0.91787726,-0.0773077
1356333323464,-0.63937926,-0.19521779,-0.7436963,0.671887,0.32842904,-0.663854,0.37384754,-0.9241344,-0.07882637
1356333323504,-0.55993843,-0.16060379,-0.81281936,0.7383536,0.3483656,-0.5774732,0.37590274,-0.9234976,-0.076480925
1356333323544,-0.45590824,-0.1250745,-0.8811947,0.7982951,0.38031214,-0.46699852,0.3935387,-0.91636187,-0.073541045
1356333323584,-0.3507498,-0.09054971,-0.9320812,0.8358646,0.41852403,-0.35520133,0.4222618,-0.90368044,-0.07110995
1356333323624,-0.2702774,-0.06372121,-0.96067154,0.8474935,0.45771542,-0.2687959,0.4568422,-0.8868124,-0.06970686
1356333323664,-0.22703451,-0.051347673,-0.97253215,0.8397567,0.49541688,-0.22219545,0.49321806,-0.8671364,-0.06935722
1356333323704,-0.21823806,-0.057156533,-0.97422034,0.8200755,0.53040177,-0.21482578,0.5290069,-0.84581745,-0.068881154
1356333323744,-0.2313937,-0.08171213,-0.9694225,0.79317,0.5611516,-0.23662275,0.56332797,-0.82366985,-0.06503534
1356333323784,-0.24820611,-0.12348378,-0.9608046,0.76376057,0.58515716,-0.27250853,0.59587204,-0.801463,-0.05092758
1356333323824,-0.24711189,-0.17999566,-0.95212245,0.7401605,0.5990987,-0.30535737,0.6253784,-0.78018093,-0.014818728
1356333323864,-0.20741016,-0.24859923,-0.9461392,0.7333375,0.6006071,-0.31857058,0.6474544,-0.75991416,0.057735085
