1356333489623,0.02099529,-0.15003759,-0.9884573,-0.9974956,0.06364736,-0.030848324,0.06754109,0.98662955,-0.1483255
1356333489643,-0.9901303,0.08458324,0.111747906,0.12279919,0.1393075,0.98260564,0.06754464,0.98663014,-0.14831936
1356333489660,-0.9901284,0.08458219,0.11176586,0.12281472,0.13927639,0.9826081,0.06754479,0.9866346,-0.14828944
1356333489704,-0.99011457,0.08461666,0.111861974,0.122905254,0.13913047,0.9826174,0.0675824,0.98665226,-0.14815497
1356333489746,-0.99004334,0.08476353,0.11238027,0.12341945,0.13880867,0.9825985,0.06768916,0.986685,-0.14788806
1356333489784,-0.98984843,0.08515905,0.11378908,0.12483965,0.1382727,0.9824946,0.06793438,0.98672616,-0.14750028
1356333489823,-0.98944116,0.08585532,0.11676876,0.12784727,0.13750118,0.98221606,0.068272635,0.98677367,-0.14702564
1356333489864,-0.9887734,0.08685901,0.12158423,0.13270321,0.13645,0.98171854,0.068680935,0.9868318,-0.14644456
1356333489904,-0.98775804,0.08814785,0.12870146,0.13986954,0.13515568,0.9809023,0.069069706,0.98689556,-0.14583027
1356333489944,-0.98636353,0.0895983,0.13805439,0.14926966,0.1337114,0.9797141,0.069321275,0.98696166,-0.1452623
1356333489984,-0.9846202,0.09103637,0.14911585,0.16035149,0.13206047,0.9781859,0.06935817,0.98705244,-0.14462727
1356333490026,-0.9825922,0.09232806,0.1612081,0.17240663,0.12996638,0.97641414,0.069198795,0.98721033,-0.14362192
1356333490064,-0.9804419,0.093274444,0.17330177,0.18436879,0.12719977,0.9745914,0.068860516,0.9874817,-0.14190888
1356333490104,-0.97835976,0.093821704,0.18441693,0.19525948,0.12377775,0.97290945,0.06845333,0.9878646,-0.13941866
1356333490146,-0.9765757,0.0939783,0.19356662,0.20410542,0.11977476,0.9715941,0.06812436,0.9883431,-0.1361506
1356333490184,-0.97513336,0.09403089,0.20068164,0.2108995,0.11551267,0.97065866,0.0680906,0.98884535,-0.13247132
1356333490224,-0.97386724,0.09446406,0.20654088,0.2165201,0.11160058,0.96987855,0.06856858,0.98925316,-0.12913752
1356333490264,-0.9724214,0.09587012,0.21261606,0.22254573,0.108637094,0.96885055,0.06978584,0.9894478,-0.12697649
1356333490306,-0.9704608,0.09861713,0.22018299,0.23030633,0.10681629,0.9672379,0.07186711,0.989376,-0.12637317
1356333490344,-0.967775,0.10271347,0.22991632,0.24045444,0.10577011,0.96488047,0.07478796,0.9890716,-0.12705958
1356333490384,-0.9643304,0.107806064,0.24175355,0.25284803,0.10491258,0.961801,0.078324996,0.9886208,-0.12842894
1356333490424,-0.9601956,0.11340524,0.25527185,0.2669726,0.10378873,0.95809895,0.08215909,0.988113,-0.12993366
1356333490464,-0.95546645,0.11904551,0.2700221,0.2822981,0.10214102,0.95387363,0.08597405,0.98762107,-0.13119859
1356333490504,-0.950191,0.12439813,0.28576595,0.29853207,0.09988344,0.94915855,0.089530274,0.98719215,-0.13204515
1356333490544,-0.9444048,0.12927167,0.30230513,0.3154379,0.09692943,0.9439829,0.092728,0.98686045,-0.13231772
1356333490584,-0.93825626,0.13337828,0.31919485,0.33252037,0.09320581,0.93847907,0.0954219,0.98667264,-0.13180196
1356333490625,-0.9323005,0.1360726,0.33511183,0.34839368,0.08899772,0.93311375,0.09714704,0.9866933,-0.13037938
1356333490665,-0.92782366,0.13606144,0.34731892,0.3602212,0.08501953,0.9289846,0.096870095,0.9870456,-0.1278953
1356333490689,-0.9249625,0.13368137,0.35577187,0.36806506,0.08177221,0.9261973,0.094723076,0.9876449,-0.12483966
1356333490719,-0.9255881,0.12757131,0.3563878,0.36773613,0.0797866,0.92650104,0.08975999,0.98861504,-0.12076211
1356333490761,-0.9335415,0.11249183,0.34036142,0.3498826,0.07936424,0.93342566,0.07799022,0.99047816,-0.11344874
1356333490801,-0.947295,0.08815585,0.30799466,0.3148325,0.078312576,0.94591105,0.059267737,0.9930235,-0.10193944
1356333490843,-0.96371055,0.05548191,0.26112005,0.26474765,0.07327449,0.9615298,0.03421408,0.9957673,-0.08530414
1356333490882,-0.9787031,0.017067261,0.20457025,0.20524174,0.061874926,0.9767534,0.004012719,0.997938,-0.06406009
1356333490922,-0.9891808,-0.02332981,0.14483419,0.14369258,0.044835985,0.98860615,-0.029557772,0.9987219,-0.04099852
1356333490981,-0.9942355,-0.062174797,0.087349735,0.08593848,0.02502656,0.9959861,-0.0641113,0.9977515,-0.019539118
1356333491002,-0.9946464,-0.09756923,0.034040917,0.0337456,0.0046758056,0.9994195,-0.09767176,0.99521774,-0.0013582706
1356333491043,-0.99150497,-0.1290754,-0.016045015,-0.014104828,-0.015931547,0.9997736,-0.12930179,0.9915068,0.01397562
1356333491079,-0.985605,-0.1563873,-0.06423233,-0.058995884,-0.03790319,0.99753845,-0.15843695,0.9869683,0.028131366
1356333491111,-0.9777887,-0.17841211,-0.109992735,-0.10050312,-0.061410308,0.99303967,-0.183925,0.9820376,0.04211533
1356333491149,-0.9682748,-0.19628605,-0.15464737,-0.13924828,-0.09005034,0.9861546,-0.20749442,0.97640294,0.059860885
1356333491193,-0.9570804,-0.20965864,-0.20010106,-0.17608945,-0.12771988,0.97605336,-0.23019488,0.9693972,0.08531946
1356333491233,-0.9453023,-0.21680622,-0.24371833,-0.20797472,-0.17501062,0.96235013,-0.2512968,0.96039903,0.12034774
1356333491272,-0.9358918,-0.21619807,-0.2781455,-0.22798844,-0.23020345,0.946059,-0.2685662,0.94882286,0.16615486
1356333491313,-0.9315145,-0.20815752,-0.29824692,-0.23369046,-0.28580284,0.92935765,-0.2786926,0.9354075,0.21758509
1356333491352,-0.9318225,-0.19576323,-0.30558735,-0.23074582,-0.33033282,0.91522485,-0.28011292,0.92334014,0.26264
1356333491392,-0.93447745,-0.18213718,-0.3059053,-0.22801207,-0.35371846,0.907135,-0.27342734,0.9174472,0.28901237
1356333491433,-0.9386826,-0.16835485,-0.30088457,-0.22811206,-0.35112464,0.90811694,-0.25853392,0.921069,0.29119092
1356333491474,-0.94595456,-0.15344651,-0.28569937,-0.22548257,-0.3219744,0.9195053,-0.23308277,0.9342305,0.26997364
1356333491514,-0.9579642,-0.13541588,-0.2529172,-0.2100983,-0.2691679,0.93989754,-0.19535422,0.95352566,0.22940254
1356333491554,-0.97423637,-0.111447394,-0.1960691,-0.17136496,-0.19938964,0.9648201,-0.14662082,0.9735622,0.17515439
1356333491594,-0.9907328,-0.07798897,-0.11120317,-0.10113762,-0.12290388,0.98725164,-0.09066204,0.9893495,0.113877356
1356333491634,-0.9994814,-0.03219475,-6.8494864E-4,9.92028E-4,-0.052043736,0.9986443,-0.032186754,0.99812573,0.052048683
1356333491675,-0.9920147,0.025434837,0.123531416,0.123643205,0.0028643608,0.9923227,0.024885718,0.9996724,-0.0059863925
1356333491713,-0.97122204,0.08317305,0.22318138,0.22675033,0.036147833,0.97328186,0.07288329,0.9958793,-0.05396712
1356333491754,-0.9498404,0.1310016,0.283975,0.2929495,0.054854453,0.9545531,0.10947068,0.9898634,-0.09047991
1356333491794,-0.93986386,0.1624485,0.30044377,0.31433183,0.06729096,0.9469253,0.13360944,0.9844198,-0.114307046
1356333491834,-0.94322044,0.17637977,0.28147006,0.29824635,0.076651156,0.9514061,0.14623381,0.98133314,-0.12490356
1356333491874,-0.9544019,0.17554766,0.24145418,0.25844234,0.081056,0.9626201,0.14941439,0.9811284,-0.122729
1356333491914,-0.9670594,0.16447447,0.19427897,0.20906876,0.07781625,0.9747999,0.14521165,0.983307,-0.109639406
1356333491954,-0.9776496,0.14753278,0.14978433,0.16101159,0.067285836,0.9846562,0.1351907,0.98676574,-0.08953643
1356333491994,-0.98536795,0.12771983,0.11286141,0.12046308,0.05342394,0.99127924,0.12057653,0.9903704,-0.068027735
1356333492034,-0.99070024,0.10649496,0.08468677,0.08949879,0.041240454,0.99513274,0.10248411,0.9934576,-0.050388098
1356333492075,-0.99431926,0.08468559,0.064479604,0.067559175,0.034014046,0.99713534,0.082249776,0.995827,-0.03954208
1356333492114,-0.99671745,0.06284492,0.05103875,0.05316038,0.032562554,0.998055,0.061060727,0.99749196,-0.035796583
1356333492154,-0.9982184,0.041585714,0.042784356,0.044295013,0.036110222,0.99836564,0.039972797,0.9984821,-0.03788787
1356333492194,-0.99905884,0.021023631,0.037939116,0.038821653,0.04329419,0.9983078,0.019345509,0.99884117,-0.044069648
1356333492234,-0.9994258,0.0011578985,0.033860795,0.03387498,0.0523324,0.998055,-6.1636977E-4,0.998629,-0.05234152
1356333492274,-0.9994666,-0.019104611,0.026484225,0.025282376,0.060621142,0.9978406,-0.02066886,0.99797803,-0.06010574
1356333492314,-0.999103,-0.041411914,0.008837996,0.0062128045,0.06309736,0.99798805,-0.041886248,0.99714786,-0.06278342
1356333492354,-0.997353,-0.06654684,-0.029301811,-0.032665316,0.05003071,0.9982134,-0.064961955,0.99652827,-0.052072108
1356333492394,-0.9915839,-0.090433255,-0.09264539,-0.093821615,0.008834183,0.9955498,-0.08921236,0.9958633,-0.017244458
1356333492434,-0.98137945,-0.103186876,-0.16200933,-0.15629047,-0.061338305,0.98580474,-0.11165949,0.99276894,0.044068992
1356333492474,-0.9721495,-0.10182875,-0.21108356,-0.19613937,-0.13947225,0.9706064,-0.12827593,0.98497635,0.11561525
1356333492514,-0.9665827,-0.09285718,-0.23894693,-0.21703202,-0.19966811,0.95552593,-0.13643752,0.9754539,0.17284262
1356333492553,-0.9641446,-0.08176522,-0.25246692,-0.22846164,-0.22829396,0.9464075,-0.13501991,0.9701527,0.20142823
1356333492592,-0.9666214,-0.07079557,-0.2462335,-0.2252112,-0.22345,0.94834054,-0.122159205,0.9721409,0.20004767
1356333492633,-0.97734064,-0.060153916,-0.20294513,-0.18838513,-0.1900022,0.9635404,-0.09652077,0.97993904,0.17436486
1356333492677,-0.9939554,-0.04688082,-0.099271275,-0.09198191,-0.1380176,0.98614925,-0.05993267,0.9893196,0.13287121
1356333492714,-0.9967754,-0.024164226,0.07651741,0.078280136,-0.083242774,0.99345,-0.017636431,0.99623626,0.08486593
1356333492754,-0.9576982,0.01258795,0.28749916,0.28673232,-0.043211877,0.9570357,0.024470478,0.99898666,0.037774503
1356333492794,-0.8872574,0.05683334,0.45776,0.45708865,-0.025063694,0.8890679,0.062001854,0.99806905,-0.003739953
1356333492834,-0.8286401,0.09729363,0.5512618,0.55207056,-0.020854771,0.8335365,0.09259422,0.9950372,-0.03643185
1356333492874,-0.80276704,0.12779914,0.5824366,0.5849021,-0.021239817,0.8108257,0.11599368,0.9915726,-0.057699382
1356333492914,-0.80599433,0.14616351,0.57359344,0.5769113,-0.02287829,0.8164863,0.13246335,0.98899585,-0.06588358
1356333492954,-0.8277386,0.15155596,0.5402588,0.5431714,-0.025114238,0.83924615,0.14076094,0.9881296,-0.061532855
1356333492994,-0.85766286,0.14430758,0.49354804,0.4952064,-0.026741982,0.8683637,0.13850991,0.98917145,-0.048526466
1356333493034,-0.8869197,0.12673283,0.4441985,0.4447022,-0.025865078,0.8953049,0.12495376,0.99159956,-0.03341812
1356333493074,-0.9101914,0.10233246,0.40134725,0.4013974,-0.021012902,0.9156629,0.10213551,0.9945283,-0.021950245
1356333493114,-0.9253629,0.07481849,0.37162578,0.371804,-0.012052,0.928233,0.07392782,0.9971243,-0.01666534
1356333493154,-0.93178934,0.047741145,0.35984638,0.36027008,2.9021502E-4,0.93284804,0.044430792,0.9988597,-0.017470121
1356333493194,-0.92897624,0.023885697,0.36936802,0.36977515,0.0156213045,0.92899,0.01641956,0.99959266,-0.023344219
1356333493234,-0.914784,0.005134538,0.40391076,0.40384346,0.033863902,0.91420114,-0.0089839995,0.99941325,-0.03305179
1356333493274,-0.8831273,-0.0072125047,0.4690781,0.46803492,0.05484271,0.8820066,-0.032087,0.99846894,-0.045057356
1356333493315,-0.81958723,-0.011999339,0.57282865,0.5703931,0.0773406,0.81772256,-0.054115027,0.9969325,-0.056542993
1356333493354,-0.6999251,-0.009906739,0.71414757,0.710063,0.098024845,0.69728166,-0.076912016,0.99513465,-0.06157559
1356333493396,-0.52171355,-0.011569947,0.85304236,0.8469806,0.11272651,0.5195351,-0.10217151,0.9935587,-0.04901147
1356333493434,-0.365049,-0.04038346,0.930112,0.9219988,0.12281871,0.36719722,-0.12906381,0.9916071,-0.0076013803
1356333493474,-0.32745296,-0.110560864,0.93837667,0.9323783,0.123129785,0.33986712,-0.1531181,0.9862126,0.06276536
1356333493514,-0.37716925,-0.19948617,0.9044052,0.9108921,0.09659243,0.40118012,-0.16738862,0.9751283,0.14527869
1356333493554,-0.40696853,-0.26523575,0.87408614,0.89787686,0.059743345,0.4361741,-0.16790983,0.9623309,0.21383536
1356333493594,-0.37224442,-0.29362348,0.88046545,0.9152001,0.041701376,0.40083647,-0.15441161,0.9550111,0.25320113
1356333493634,-0.27976435,-0.2876795,0.9159543,0.9513903,0.044915915,0.3046948,-0.12879533,0.9566729,0.26112968
1356333493672,-0.14595628,-0.25164095,0.9567516,0.98507583,0.052213907,0.16401026,-0.09122744,0.9664111,0.24026445
1356333493713,-0.008597136,-0.19814834,0.9801343,0.99895716,0.0422498,0.017303705,-0.044839203,0.979261,0.19757852
1356333493753,0.10669345,-0.14070633,0.9842857,0.99428046,0.010320306,-0.106301546,0.004799098,0.9899976,0.1410026
1356333493794,0.19213435,-0.087111115,0.97749484,0.9800339,-0.034900993,-0.19574362,0.05116692,0.99558705,0.07866612
1356333493834,0.24829105,-0.040171534,0.96785223,0.9645891,-0.08153632,-0.25083813,0.08899167,0.99586046,0.018504292
1356333493874,0.27364305,-0.0012909174,0.9618305,0.9548235,-0.12012926,-0.2718108,0.115894824,0.99275744,-0.031639993
1356333493914,0.26196977,0.028254956,0.9646623,0.9559109,-0.14502731,-0.2553453,0.13268766,0.98902404,-0.065001965
1356333493954,0.20458007,0.047398597,0.97770154,0.9685699,-0.15417981,-0.19519472,0.14148986,0.9869052,-0.07745099
1356333493994,0.098495215,0.05690235,0.9935094,0.9846943,-0.14983007,-0.08903998,0.14379099,0.987073,-0.07078901
1356333494034,-0.04354036,0.058022797,0.9973654,0.9892861,-0.13673913,0.051142544,0.1393463,0.9889064,-0.05144751
1356333494074,-0.19205922,0.054156393,0.97988796,0.97294676,-0.1201337,0.19733834,0.12840474,0.9912795,-0.029618502
1356333494114,-0.31894517,0.047522962,0.946581,0.941189,-0.101638734,0.3222311,0.111522675,0.99368566,-0.012310922
1356333494154,-0.41024965,0.040098846,0.9110913,0.9074552,-0.08137238,0.41219372,0.090666145,0.99587685,-0.0030049682
1356333494194,-0.46372133,0.03352514,0.88534653,0.88338196,-0.05899018,0.46492615,0.067813486,0.99769545,-0.0022604465
1356333494234,-0.48163462,0.029491812,0.8758757,0.87523067,-0.0348047,0.4824519,0.04471302,0.9989588,-0.009048939
1356333494274,-0.4657706,0.029653579,0.8844085,0.8846204,-0.009765983,0.46620965,0.022461921,0.99951255,-0.021683455
1356333494314,-0.4166968,0.0349904,0.9083718,0.90904486,0.014811814,0.41643497,0.0011166036,0.99927783,-0.0379799
1356333494354,-0.3393966,0.043154,0.9396529,0.9404217,0.03725308,0.33796343,-0.020420521,0.9983736,-0.05322653
1356333494394,-0.25672293,0.044201672,0.9654738,0.9654693,0.05751592,0.2540885,-0.044298977,0.9973656,-0.057441056
1356333494434,-0.21303052,0.021247268,0.9768145,0.9743347,0.07904214,0.2107704,-0.07273126,0.99664485,-0.037540317
1356333494474,-0.24588263,-0.03736046,0.9685793,0.96355903,0.09917015,0.24843344,-0.10533571,0.9943688,0.011614859
1356333494514,-0.3439628,-0.12001291,0.93128216,0.9290979,0.100036204,0.3560476,-0.13589218,0.9877194,0.07709509
1356333494555,-0.4433639,-0.1906484,0.87583196,0.88292944,0.075510204,0.4633937,-0.1544795,0.9787499,0.13485068
1356333494594,-0.4906488,-0.22319496,0.84228724,0.857574,0.04756224,0.51215696,-0.15437192,0.9736128,0.16806978
1356333494634,-0.4773007,-0.21751738,0.8513931,0.8683573,0.03174758,0.49492195,-0.13468382,0.97554004,0.1737296
1356333494672,-0.40702307,-0.17985874,0.89553505,0.90841335,0.022782505,0.41745198,-0.09548491,0.9834286,0.15411311
1356333494711,-0.325688,-0.13050741,0.9364268,0.9442857,0.0048111677,0.3290918,-0.047454238,0.99143565,0.12166929
1356333494752,-0.24219966,-0.07775617,0.9671056,0.9702128,-0.024684727,0.24099317,0.005134076,0.9966668,0.08141869
1356333494793,-0.17495883,-0.029180914,0.98414326,0.9829936,-0.061821997,0.17292136,0.05579567,0.9976606,0.039500892
1356333494833,-0.13472772,0.010855854,0.99082327,0.98597133,-0.09796685,0.13514128,0.09853485,0.99513054,0.0024952292
1356333494873,-0.1271646,0.040460408,0.991056,0.9832879,-0.12609929,0.13131592,0.1302846,0.9911921,-0.023748815
1356333494913,-0.15555245,0.059006035,0.9860637,0.97626716,-0.1430862,0.16256931,0.15068468,0.9879497,-0.035348237
1356333494953,-0.21612895,0.06716049,0.9740522,0.96313536,-0.14900643,0.22398064,0.16018268,0.98655283,-0.03248006
1356333494994,-0.29496682,0.06724095,0.9531386,0.9421977,-0.14544791,0.30184186,0.15892813,0.9870783,-0.020451963
1356333495034,-0.37265962,0.0625785,0.92585564,0.9161044,-0.13421988,0.3778066,0.1479108,0.9889737,-0.0073100924
1356333495074,-0.4338075,0.056037933,0.8992613,0.89161634,-0.117012024,0.43741122,0.129736,0.9915483,7.9631805E-4
1356333495114,-0.47030813,0.049565226,0.88110924,0.875896,-0.09572035,0.47291002,0.10778001,0.9941734,0.0016040802
1356333495154,-0.47847253,0.044777423,0.87696004,0.8739859,-0.072306156,0.48054177,0.08492705,0.9963768,-0.0045383573
1356333495194,-0.4559844,0.043349355,0.8889314,0.8877609,-0.04845816,0.45774707,0.06291902,0.99788404,-0.016387701
1356333495234,-0.40065515,0.046981215,0.91502357,0.91525,-0.025630653,0.40207025,0.042342395,0.99856687,-0.03273052
1356333495274,-0.3119809,0.056685537,0.9483959,0.9498168,-0.0052576065,0.3127626,0.02271539,0.9983783,-0.052200615
1356333495314,-0.19773543,0.070637256,0.9777071,0.9802525,0.011779606,0.19739917,0.0024267435,0.9974326,-0.07157153
1356333495354,-0.083437294,0.08039829,0.9932645,0.9962987,0.027400404,0.081474304,-0.020665467,0.9963862,-0.08238697
1356333495394,-0.011591792,0.069755554,0.9974967,0.9987736,0.0488286,0.008192033,-0.048134893,0.9963683,-0.07023597
1356333495434,-0.016398609,0.022327542,0.9996162,0.996691,0.07996917,0.014564455,-0.07961327,0.9965473,-0.023564994
1356333495474,-0.09585589,-0.06240061,0.99343747,0.989189,0.105303705,0.10206038,-0.110981286,0.99248046,0.051632047
1356333495514,-0.20328557,-0.15653268,0.966526,0.9698447,0.103357315,0.2207227,-0.13444787,0.98224986,0.13080132
1356333495554,-0.28232974,-0.22295341,0.9330497,0.94846237,0.08102822,0.3063553,-0.14390627,0.97145575,0.1885863
1356333495594,-0.31269062,-0.24698704,0.91718143,0.9397777,0.059836745,0.33650762,-0.13799411,0.96716946,0.21340263
1356333495634,-0.30277485,-0.23246592,0.9242765,0.9457957,0.04623854,0.3214536,-0.117464215,0.9715048,0.20586544
1356333495672,-0.2623797,-0.18519866,0.947026,0.9614891,0.03304565,0.2728492,-0.08182636,0.9821453,0.16939598
1356333495710,-0.22431451,-0.12608334,0.9663261,0.9737079,0.011395454,0.22751486,-0.039697558,0.9919542,0.12021214
1356333495752,-0.19039595,-0.063602835,0.9796449,0.9816953,-0.017294407,0.18967158,0.0048787594,0.99782544,0.065731406
1356333495793,-0.16992897,-0.006201595,0.9854368,0.9843658,-0.048099577,0.16944158,0.046348304,0.9988233,0.014278173
1356333495833,-0.16528952,0.041255355,0.98538184,0.9829124,-0.07517612,0.16802275,0.08100906,0.99631643,-0.02812457
1356333495873,-0.1776352,0.07564378,0.98118484,0.97819674,-0.09543896,0.184452,0.10759592,0.992557,-0.05704117
1356333495913,-0.20771945,0.094922304,0.97357196,0.96995497,-0.10887486,0.21756294,0.12664908,0.98951304,-0.06945497
1356333495953,-0.25307393,0.099202305,0.9623474,0.95746326,-0.116854966,0.2638353,0.13862813,0.98818207,-0.0654096
1356333495993,-0.3056599,0.09184921,0.94770026,0.941345,-0.12030923,0.31527025,0.14297438,0.98847836,-0.0496881
1356333496033,-0.35426962,0.07856166,0.93183744,0.9246905,-0.11914241,0.3615972,0.13942906,0.9897642,-0.030436635
1356333496074,-0.38981897,0.06455311,0.91862625,0.9117904,-0.11284298,0.39484778,0.12914914,0.9915137,-0.014870644
1356333496150,-0.40800762,0.052807808,0.91145,0.90613425,-0.09859002,0.41134015,0.11158183,0.993726,-0.0076254606
1356333496159,-0.4025507,0.045615524,0.9142605,0.91066897,-0.08143121,0.40503222,0.0929251,0.9956346,-0.008760393
1356333496203,-0.37883162,0.044496536,0.9243953,0.92244714,-0.062452137,0.38103944,0.074685395,0.9970556,-0.017386854
1356333496243,-0.3392914,0.049832016,0.9393605,0.93895817,-0.042474985,0.3413993,0.056911945,0.997854,-0.032378733
1356333496283,-0.28705418,0.06088066,0.9559777,0.9571357,-0.022000909,0.28880307,0.0386149,0.9979025,-0.05195558
1356333496324,-0.22828376,0.07395205,0.9707819,0.97342694,-0.0011692643,0.22899479,0.018069774,0.9972611,-0.071719944
1356333496364,-0.17587698,0.07986793,0.9811669,0.9843888,0.021125913,0.17473489,-0.0067723393,0.9965816,-0.082336664
1356333496404,-0.15017915,0.063580275,0.9866123,0.9879514,0.047395527,0.14732867,-0.03739384,0.99685067,-0.06993204
1356333496444,-0.17298442,0.009061843,0.98488283,0.98215485,0.07652503,0.17180121,-0.07381141,0.99702644,-0.022137761
1356333496484,-0.24259311,-0.07922089,0.96688807,0.96375847,0.09434235,0.24953774,-0.11098707,0.99238276,0.05346304
1356333496524,-0.32938927,-0.17139372,0.9285078,0.93371606,0.08696848,0.3472905,-0.14027429,0.9813565,0.13138664
1356333496564,-0.39742792,-0.23292902,0.88757825,0.9044609,0.06386733,0.42174825,-0.15492463,0.97039425,0.18529248
1356333496604,-0.43418902,-0.25341958,0.86444104,0.8876011,0.043448865,0.4585592,-0.15376684,0.96638024,0.20607042
1356333496677,-0.43970752,-0.23684254,0.86635035,0.88766,0.032335162,0.4593628,-0.13681024,0.9710098,0.19601762
1356333496678,-0.43602204,-0.20540497,0.87618124,0.89281344,0.023518145,0.44981223,-0.11299983,0.97839445,0.17313379
1356333496709,-0.40176743,-0.15021336,0.9033376,0.9126786,0.014933109,0.4084051,-0.074837506,0.98854077,0.1310969
1356333496743,-0.36960793,-0.09446159,0.92437387,0.92851293,3.6412477E-4,0.37130007,-0.035410196,0.99552846,0.087574184
1356333496783,-0.32817584,-0.03573236,0.94394064,0.9445802,-0.021193624,0.32759595,0.008299708,0.9991367,0.04070729
1356333496822,-0.29354084,0.017122567,0.95579314,0.9546137,-0.0475291,0.29403004,0.050462514,0.99872303,-0.0023937225
1356333496863,-0.27152133,0.05911821,0.9606149,0.958415,-0.07449293,0.275484,0.08784518,0.99546766,-0.03643334
1356333496903,-0.26779366,0.08689594,0.9595497,0.95619214,-0.098263085,0.27575523,0.11825031,0.9913594,-0.056775033
1356333496943,-0.28440243,0.099119216,0.9535673,0.94837666,-0.11651945,0.29496604,0.14034599,0.98823005,-0.060863912
1356333496984,-0.31819028,0.097219646,0.94302875,0.93567246,-0.12786102,0.32888982,0.15255123,0.9870156,-0.050281584
1356333497024,-0.3598761,0.085688055,0.9290569,0.9202923,-0.13118833,0.3685807,0.1534644,0.9876473,-0.03164649
1356333497064,-0.39838666,0.07014209,0.91453165,0.9059747,-0.12554312,0.40428793,0.14317077,0.9896054,-0.013532221
1356333497104,-0.4258361,0.054756403,0.9031419,0.8962673,-0.111234784,0.42933872,0.12396985,0.99228454,-0.0017086267
1356333497144,-0.43786645,0.04211268,0.8980533,0.89346194,-0.09071827,0.43988186,0.09999439,0.9949859,0.0020962954
1356333497184,-0.43193507,0.034240007,0.9012546,0.89872557,-0.06748885,0.43328705,0.07566041,0.9971324,-0.0016215444
1356333497224,-0.40672857,0.032667518,0.9129647,0.9119509,-0.044567347,0.40787163,0.054012626,0.9984721,-0.011664331
1356333497264,-0.3625626,0.037951946,0.9311863,0.9312699,-0.023674428,0.36356002,0.035843134,0.99899906,-0.026759982
1356333497304,-0.30217278,0.049058944,0.95198995,0.9530431,-0.0054204464,0.30278635,0.020014584,0.9987812,-0.04511738
1356333497344,-0.23319519,0.061814934,0.9704632,0.9724208,0.01050204,0.23299664,0.0042108297,0.9980324,-0.06255919
1356333497384,-0.17138374,0.06700924,0.9829229,0.9851006,0.02613777,0.16998154,-0.014301062,0.99741,-0.07049042
1356333497424,-0.13919878,0.051037043,0.98894835,0.98954713,0.045172155,0.13695186,-0.037683338,0.99767464,-0.056791484
1356333497464,-0.15444386,0.0033730865,0.98799586,0.98580444,0.067178965,0.15387192,-0.06585351,0.99773526,-0.013700604
1356333497646,-0.21289676,-0.07018012,0.9745511,0.9725296,0.08087307,0.21827903,-0.094133765,0.99425066,0.05103469
1356333497663,-0.28475296,-0.1435864,0.9477862,0.95176506,0.07551813,0.29738906,-0.11427605,0.9867523,0.11515653
1356333497664,-0.345841,-0.19575837,0.9176452,0.92995155,0.058606863,0.3629814,-0.12483695,0.97889936,0.16177708
1356333497665,-0.38170505,-0.22058085,0.8975775,0.9158479,0.04064375,0.399463,-0.12459484,0.97452146,0.18650466
1356333497666,-0.3358382,-0.17795643,0.9249564,0.9377816,0.028776586,0.34603128,-0.08819562,0.98361754,0.15721995
1356333497689,-0.32472247,-0.13541129,0.9360658,0.9443681,0.008197427,0.32878837,-0.052194983,0.99075556,0.12521619
1356333497731,-0.2939359,-0.08294532,0.95221937,0.95579386,-0.017456472,0.29351872,-0.00772354,0.99640113,0.08440977
1356333497772,-0.26223183,-0.029939443,0.96454036,0.9642081,-0.048739374,0.2606286,0.039207965,0.9983628,0.041648805
1356333497812,-0.23642594,0.017789006,0.9714866,0.96810424,-0.08101994,0.23708636,0.08292729,0.9965537,0.0019335747
1356333497853,-0.22099197,0.05714336,0.9736001,0.96790516,-0.10964757,0.22613487,0.11967498,0.9923265,-0.03107816
1356333497893,-0.2200306,0.08595127,0.971699,0.96424,-0.13170153,0.2299912,0.14774227,0.9875561,-0.05389929
1356333497933,-0.23688269,0.10238558,0.96612835,0.9571046,-0.14618397,0.25016204,0.16684547,0.9839449,-0.06336522
1356333497973,-0.27221364,0.105700016,0.95641375,0.9458734,-0.15313113,0.28613716,0.1767014,0.98253673,-0.058294475
1356333498014,-0.3203832,0.097902805,0.9422153,0.93067443,-0.1529342,0.3323498,0.17663491,0.98337495,-0.042118073
1356333498054,-0.3705516,0.08363083,0.9250391,0.9137552,-0.1457761,0.3792108,0.16656226,0.9857764,-0.022400558
1356333498094,-0.41234577,0.06771743,0.90850717,0.8989124,-0.13184905,0.41781858,0.14807945,0.98895407,-0.006504655
1356333498134,-0.4390034,0.05359435,0.8968855,0.88984096,-0.11220151,0.44226,0.124334544,0.9922391,0.0015664101
1356333498174,-0.4466275,0.043571323,0.8936585,0.889236,-0.08880198,0.44874677,0.09891108,0.99509585,9.161234E-4
1356333498214,-0.4332233,0.039292186,0.9004297,0.8982084,-0.06367767,0.43493325,0.07442677,0.99719673,-0.0077058673
1356333498254,-0.39806473,0.04175076,0.91640675,0.9158671,-0.03882909,0.39959943,0.052266836,0.99837327,-0.02278161
1356333498295,-0.3421204,0.051108956,0.9382651,0.9390944,-0.01592195,0.34329012,0.032484263,0.99856615,-0.042548895
1356333498334,-0.27021146,0.06535697,0.9605801,0.9627024,0.0040643215,0.27053198,0.013777047,0.99785364,-0.064017534
1356333498374,-0.19602484,0.07698539,0.9775723,0.9805788,0.021791995,0.19491154,-0.0062978566,0.99679404,-0.07976198
1356333498414,-0.14450473,0.070803195,0.9869677,0.9890348,0.041052043,0.14186242,-0.030472666,0.9966452,-0.07595897
1356333498454,-0.14168704,0.029159188,0.9894819,0.98809123,0.06475556,0.13957962,-0.060004443,0.997475,-0.037986994
1356333498494,-0.19450092,-0.053481698,0.9794433,0.97656596,0.08322841,0.19847411,-0.09213224,0.99509436,0.036040366
1356333498534,-0.27855313,-0.15703973,0.947495,0.953004,0.07717341,0.2929636,-0.11912835,0.9845724,0.12816256
1356333498574,-0.3484782,-0.24066296,0.9058942,0.9278953,0.048113585,0.36972356,-0.1325646,0.96941555,0.20654345
1356333498614,-0.3805216,-0.2815182,0.8808807,0.9157407,0.0180915,0.40136215,-0.1289272,0.9593853,0.2509135
1356333498691,-0.37539786,-0.2799327,0.8835803,0.9204335,-4.941225E-4,0.3908988,-0.10898879,0.96001947,0.25784487
1356333498693,-0.3426677,-0.24546373,0.9068222,0.9363849,-0.011246026,0.35079467,-0.07590923,0.96934056,0.23370212
1356333498719,-0.3082078,-0.20271659,0.92946976,0.95042217,-0.023197174,0.3100962,-0.041300595,0.9789627,0.19981581
1356333498763,-0.2560249,-0.14330432,0.9559891,0.9666698,-0.03883183,0.25306433,8.57532E-4,0.9889166,0.14846987
1356333498803,-0.20412517,-0.08036664,0.9756403,0.97795224,-0.061608613,0.199534,0.044072002,0.9948595,0.09117061
1356333498843,-0.16019374,-0.023099512,0.9868152,0.9835378,-0.08842009,0.15759194,0.08361396,0.9958154,0.036883593
1356333498883,-0.13114858,0.021480411,0.99113,0.9845332,-0.11432809,0.13275346,0.11616552,0.9932108,-0.006154239
1356333498923,-0.12209451,0.048686355,0.9913236,0.9825934,-0.13496715,0.12764788,0.14001083,0.9896532,-0.03136009
1356333498964,-0.1339798,0.05727893,0.9893273,0.9788745,-0.14794302,0.14112967,0.15444788,0.98733586,-0.03624749
1356333499004,-0.16132706,0.050605714,0.98560274,0.9740086,-0.1527335,0.16727138,0.15899947,0.9869709,-0.024650335
1356333499044,-0.19320321,0.035910368,0.98050135,0.9690442,-0.14956963,0.19642353,0.15370685,0.98809886,-0.005901456
1356333499084,-0.21849436,0.02067843,0.9756192,0.9657434,-0.1388517,0.21922562,0.13999966,0.9900973,0.010368228
1356333499124,-0.22996104,0.0097388625,0.9731511,0.965664,-0.12191492,0.22941184,0.120875835,0.9924928,0.01863116
1356333499164,-0.22454101,0.0052339137,0.9744506,0.9693434,-0.10118598,0.22390768,0.09977266,0.99485373,0.017646909
1356333499204,-0.20198685,0.008295506,0.9793531,0.9762211,-0.07864845,0.20200709,0.07870039,0.9968679,0.007787764
1356333499244,-0.16424477,0.018862426,0.9862392,0.98464924,-0.056738615,0.16506511,0.05907139,0.99821085,-0.0092538595
1356333499284,-0.116096795,0.03642577,0.9925698,0.9923803,-0.037264705,0.11744219,0.041265756,0.9986413,-0.031821907
1356333499324,-0.06341636,0.059809774,0.99619335,0.99768746,-0.020660639,0.06475189,0.024454772,0.997996,-0.058361292
1356333499364,-0.015425116,0.08311069,0.996421,0.99985814,-0.0054712594,0.015934646,0.006775975,0.99652535,-0.08301449
1356333499404,0.013691038,0.093212485,0.9955522,0.9998007,0.013194531,-0.0149849355,-0.014532685,0.99555886,-0.09301329
1356333499444,0.008441985,0.07175246,0.99738675,0.99908984,0.04110229,-0.011413336,-0.04181379,0.99657524,-0.07134014
1356333499484,-0.039675772,0.005939752,0.999195,0.99642515,0.074876845,0.039120674,-0.07458416,0.9971751,-0.0088893175
1356333499525,-0.12127304,-0.09471837,0.9880897,0.98689103,0.09528178,0.13025963,-0.10648489,0.9909338,0.08192164
1356333499564,-0.20785809,-0.19374424,0.9587796,0.9698158,0.0869298,0.22781691,-0.12748471,0.9771931,0.16982722
1356333499604,-0.27433258,-0.2565929,0.9267695,0.95261395,0.059183836,0.2983689,-0.13140914,0.9647058,0.22819787
1356333499644,-0.31472325,-0.27361658,0.9088912,0.94185305,0.028752744,0.33479282,-0.11773798,0.961409,0.2486574
1356333499687,-0.3341636,-0.25225508,0.908131,0.9382831,0.0021696687,0.34586132,-0.08921561,0.9676583,0.23596168
1356333499724,-0.3390118,-0.20467326,0.91824824,0.9394313,-0.021363735,0.34207058,-0.05039549,0.97859716,0.19951904
1356333499764,-0.33410996,-0.14255857,0.9316907,0.94251084,-0.043590248,0.33132038,-0.0066199005,0.98882604,0.14892697
1356333499804,-0.32411486,-0.077091634,0.94287145,0.9453204,-0.06465334,0.3196705,0.03631589,0.99492556,0.09383142
1356333499844,-0.31160778,-0.015563339,0.9500833,0.94723797,-0.084116936,0.3092967,0.075104415,0.9963343,0.040953696
1356333499884,-0.3015803,0.034499973,0.9528164,0.9474052,-0.10142398,0.30354,0.10711056,0.99424493,-0.0020979643
1356333499924,-0.29857397,0.06755301,0.95199275,0.9453422,-0.11606568,0.30472422,0.13107875,0.99094164,-0.029206455
1356333499964,-0.30515975,0.08134064,0.948821,0.9409764,-0.12744433,0.31356236,0.14642721,0.98850477,-0.037648797
1356333500004,-0.31992513,0.07807717,0.9442202,0.93504965,-0.13464671,0.32795182,0.15274164,0.9878129,-0.029929161
1356333500044,-0.3371473,0.06456083,0.9392357,0.92941207,-0.13621688,0.34298426,0.1500831,0.98857313,-0.014078438
1356333500084,-0.35002798,0.04883063,0.9354656,0.92631865,-0.13049841,0.3534174,0.13933441,0.9902452,4.454255E-4
1356333500124,-0.35418713,0.036207378,0.93447345,0.9271637,-0.11691654,0.35594663,0.12214333,0.99248147,0.007840157
1356333500164,-0.3480435,0.028858244,0.93703413,0.93211746,-0.09608704,0.3491766,0.10011342,0.9949545,0.0065431595
1356333500204,-0.33105385,0.027409136,0.9432137,0.94056964,-0.07061589,0.33217788,0.075710624,0.99712694,-0.002402544
1356333500244,-0.3038823,0.031997144,0.95217216,0.9513469,-0.043244958,0.30507213,0.05093804,0.998552,-0.017298996
1356333500284,-0.26771015,0.04244384,0.9625642,0.9631263,-0.016013563,0.26857257,0.026813328,0.9989705,-0.03659177
1356333500324,-0.22478431,0.057549447,0.9727075,0.9744042,0.010322988,0.22456571,0.0028823912,0.9982892,-0.058396935
1356333500364,-0.18098557,0.07173759,0.98086596,0.9832105,0.03679353,0.17872721,-0.023268014,0.9967447,-0.07719225
1356333500404,-0.14884669,0.070979595,0.98630965,0.9872922,0.06681728,0.14418647,-0.055668235,0.99523735,-0.08002311
1356333500444,-0.14501524,0.03572312,0.9887843,0.98458946,0.10393572,0.14064494,-0.09774575,0.99394226,-0.050244927
1356333500484,-0.17794478,-0.044114977,0.9830511,0.973035,0.14110279,0.1824638,-0.14676064,0.98901165,0.017816901
1356333500524,-0.23446983,-0.14985353,0.960504,0.95332724,0.15791136,0.2573545,-0.19023997,0.9760164,0.10583401
1356333500564,-0.28523898,-0.2387372,0.92824745,0.93424785,0.14703989,0.3249002,-0.21405518,0.95988744,0.18109822
1356333500604,-0.31111342,-0.28202742,0.9075621,0.92605394,0.12468535,0.35619882,-0.2136175,0.95126975,0.22238135
1356333500644,-0.31143457,-0.27950382,0.9082324,0.93048906,0.104288936,0.3511608,-0.19286937,0.95446396,0.2275961
1356333500688,-0.2938612,-0.24459332,0.92402375,0.942673,0.08579254,0.32250178,-0.15815616,0.96582294,0.20536035
1356333500724,-0.26662308,-0.19180489,0.9445227,0.9569293,0.064133406,0.28314885,-0.114884794,0.9793354,0.16644424
1356333500765,-0.23633057,-0.1325199,0.9625935,0.9693193,0.036753714,0.24304172,-0.06758672,0.99049866,0.11976802
1356333500804,-0.20873088,-0.07552615,0.9750525,0.9777359,0.00584805,0.20975822,-0.021544397,0.99712676,0.07262391
1356333500844,-0.18750107,-0.026170254,0.9819157,0.9820801,-0.024359047,0.18688321,0.01902768,0.9993607,0.03026861
1356333500884,-0.17658186,0.010930061,0.9842253,0.98295057,-0.050112188,0.17690966,0.051255316,0.9986838,-0.001894772
1356333500924,-0.17933959,0.03216681,0.9832612,0.9809904,-0.069462,0.18119785,0.07412782,0.9970658,-0.019098043
1356333500964,-0.19600946,0.03709522,0.9799001,0.97664714,-0.08227229,0.19847327,0.087981015,0.9959193,-0.020102799
1356333501004,-0.22174406,0.029946834,0.9746449,0.9706222,-0.08895296,0.22356203,0.09339249,0.99558556,-0.009342253
1356333501044,-0.24798024,0.018119842,0.96859556,0.9644836,-0.08927798,0.24859768,0.0909788,0.9958419,0.0046628714
1356333501084,-0.26673365,0.008164406,0.9637357,0.9603018,-0.08250821,0.26648226,0.08169174,0.996557,0.014167428
1356333501124,-0.27352405,0.0032935143,0.96185946,0.95954394,-0.06849611,0.27310008,0.06678304,0.9976459,0.015575051
1356333501164,-0.2671014,0.00413689,0.9636596,0.9624858,-0.04838133,0.26698372,0.047727644,0.9988203,0.008941054
1356333501204,-0.24803388,0.010525346,0.9686942,0.9683965,-0.02437067,0.24822244,0.026220322,0.9996476,-0.0041480064
1356333501244,-0.21783274,0.022375673,0.9757296,0.9759785,0.0010589957,0.21786404,0.003841579,0.99974906,-0.022068858
1356333501284,-0.17881274,0.03952062,0.9830891,0.98370016,0.026449323,0.17786059,-0.018972874,0.9988686,-0.043605924
1356333501324,-0.13544655,0.0594922,0.9889969,0.98980176,0.052575648,0.13239416,-0.04412073,0.9968432,-0.06600672
1356333501364,-0.09763566,0.07325065,0.9925229,0.9922848,0.08373174,0.09143257,-0.07640821,0.9937924,-0.080860734
1356333501404,-0.08174169,0.06349027,0.99462926,0.9891875,0.12709242,0.07318178,-0.1217635,0.98985684,-0.07319254
1356333501444,-0.1046198,0.01087749,0.99445283,0.97786784,0.18330258,0.10086995,-0.18118858,0.9829964,-0.029813886
1356333501484,-0.16864991,-0.08753765,0.9817811,0.95537126,0.2305693,0.18467131,-0.24253425,0.96911037,0.044745505
1356333501524,-0.24853379,-0.19897765,0.9479656,0.92578095,0.2390464,0.29289326,-0.28488696,0.9504024,0.124798656
1356333501564,-0.3097496,-0.27604112,0.9098662,0.90331054,0.21326578,0.3722199,-0.29679134,0.9371867,0.18329191
1356333501604,-0.34172177,-0.30250445,0.88978493,0.8965336,0.17903864,0.4051822,-0.28187534,0.93618166,0.210024
1356333501644,-0.35236955,-0.2888858,0.89015764,0.90211844,0.14825684,0.40521857,-0.24903387,0.9458144,0.20836812
1356333501688,-0.3512627,-0.25013217,0.9022463,0.913548,0.11947912,0.38878626,-0.20504755,0.96081144,0.18653923
1356333501724,-0.34487104,-0.19816688,0.9174931,0.9258528,0.089039326,0.36724472,-0.15446863,0.9761157,0.15276635
1356333501764,-0.33635658,-0.14076772,0.9311545,0.9362912,0.056171954,0.3467039,-0.101109475,0.9884479,0.11290574
1356333501804,-0.3297544,-0.08564103,0.94017434,0.9426979,0.023741424,0.33280206,-0.050822645,0.9960432,0.072904706
1356333501844,-0.32829845,-0.03903854,0.94376695,0.94453675,-0.004694402,0.32837206,-0.008388698,0.9992266,0.038414538
1356333501884,-0.33565307,-0.005902171,0.9419671,0.94167304,-0.02786094,0.33537376,0.024264693,0.99959433,0.014909565
1356333501924,-0.35462278,0.011062741,0.9349439,0.9337902,-0.046856105,0.35473967,0.047732294,0.99884033,0.006286025
1356333501964,-0.38375503,0.013113052,0.9233419,0.9212625,-0.06311089,0.38378704,0.06330547,0.9979204,0.012138486
1356333502004,-0.41679186,0.0060265064,0.908982,0.90617067,-0.07610875,0.41600737,0.07168859,0.9970813,0.026260495
1356333502044,-0.44568998,-0.002970934,0.8951825,0.8921796,-0.08338022,0.44391817,0.07332161,0.9965134,0.039812267
1356333502084,-0.46498102,-0.0094406605,0.88527036,0.88263106,-0.08282924,0.46271136,0.068957955,0.9965191,0.04684657
1356333502124,-0.4722687,-0.012044132,0.88137245,0.879421,-0.07432228,0.4702074,0.05984232,0.99716157,0.045691907
1356333502164,-0.46651047,-0.010557562,0.8844527,0.88323677,-0.05931312,0.4651611,0.04754868,0.9981836,0.036995053
1356333502204,-0.44703138,-0.004753053,0.8945056,0.89388937,-0.039865017,0.44651157,0.03353715,0.9991937,0.022069573
1356333502244,-0.4133467,0.0056620836,0.91055614,0.9103844,-0.017819285,0.41337958,0.018566012,0.99982524,0.0022107959
1356333502284,-0.36546528,0.020523846,0.9305987,0.9308222,0.0056065917,0.36542937,0.0022825599,0.9997736,-0.021153033
1356333502324,-0.3063171,0.03706342,0.95120776,0.95177567,0.02989167,0.30533525,-0.017116427,0.9988657,-0.044432342
1356333502364,-0.24763077,0.045472473,0.9677868,0.96791816,0.05551654,0.24505585,-0.042584866,0.9974218,-0.057761192
1356333502404,-0.21436161,0.027470082,0.97636807,0.9737488,0.084367275,0.21141288,-0.07656601,0.99605596,-0.044834077
1356333502444,-0.23418182,-0.033932418,0.9716005,0.9650885,0.1124838,0.23654073,-0.11731571,0.993074,0.006406069
1356333502484,-0.31052256,-0.13356465,0.94113564,0.9376487,0.11962825,0.32634953,-0.15617517,0.9837935,0.08808941
1356333502524,-0.4044181,-0.2324,0.88455427,0.89627784,0.09178138,0.43389195,-0.1820221,0.96828014,0.17117691
1356333502562,-0.47033948,-0.29214188,0.8327267,0.8617463,0.05132526,0.5047365,-0.19019458,0.95499676,0.2276119
1356333502603,-0.49227744,-0.30517983,0.81518614,0.8512807,0.026608229,0.5240356,-0.18161574,0.951923,0.24669498
1356333502643,-0.47656423,-0.28227833,0.8325896,0.8644779,0.021775007,0.5021991,-0.15988955,0.9590854,0.2336461
1356333502723,-0.434151,-0.23578826,0.86943483,0.8915976,0.025428593,0.45211414,-0.12871167,0.9714718,0.19918835
1356333502724,-0.37749046,-0.17625633,0.90908444,0.92150736,0.025229454,0.38754055,-0.091242164,0.9840208,0.15289766
1356333502749,-0.3339095,-0.12134811,0.9347615,0.94095004,0.015829325,0.33817503,-0.055833578,0.99248374,0.10889697
1356333502791,-0.28881997,-0.066369474,0.9550803,0.9572162,-0.001371026,0.2893706,-0.017895967,0.9977942,0.06392592
1356333502832,-0.26766384,-0.019725025,0.96331036,0.9633334,-0.024742007,0.26716366,0.018564463,0.9994992,0.025624394
1356333502873,-0.27671844,0.013664067,0.9608538,0.9596274,-0.048533857,0.27705538,0.05041966,0.99872804,3.1781197E-4
1356333502912,-0.3154692,0.032855332,0.9483668,0.94594806,-0.06835532,0.31703272,0.0752421,0.9971199,-0.009515464
1356333502953,-0.37446743,0.03968054,0.92639065,0.92273784,-0.08238745,0.37651986,0.09126344,0.9958101,-0.005763352
1356333502993,-0.4392258,0.038731277,0.89754134,0.8931197,-0.0890972,0.44090676,0.09704536,0.99526954,0.004542172
1356333503033,-0.49638623,0.034031212,0.8674345,0.8631961,-0.08673084,0.49736336,0.09215918,0.9956504,0.013676345
1356333503073,-0.5389014,0.02775982,0.8419113,0.8387518,-0.07483661,0.53934664,0.077977985,0.9968093,0.017046034
1356333503113,-0.5639375,0.021153629,0.8255465,0.82381326,-0.055195034,0.5641678,0.057500273,0.9982515,0.013699889
1356333503153,-0.5696984,0.01597336,0.8216986,0.8211304,-0.03087753,0.5699047,0.034475327,0.9993955,0.00447464
1356333503192,-0.55417514,0.014402688,0.8322755,0.8323124,-0.0049284697,0.554285,0.012084991,0.9998842,-0.009256363
1356333503233,-0.5146074,0.018609703,0.85722387,0.8573842,0.021023393,0.5142473,-0.00845173,0.9996058,-0.026774406
1356333503273,-0.4465204,0.029352903,0.8942919,0.89435375,0.045249104,0.44506606,-0.027401894,0.99854434,-0.046456516
1356333503314,-0.35226744,0.04294318,0.93491364,0.9347398,0.06585348,0.34917718,-0.046572477,0.9969048,-0.0633387
1356333503354,-0.25181633,0.0457758,0.9666919,0.9653319,0.08281356,0.24754056,-0.06872386,0.9955132,-0.065042615
