1356336712989,-0.35813108,0.6351479,0.68434584,-0.45365572,0.52225256,-0.7221141,-0.81605065,-0.5690689,0.10110366
1356336713018,-0.006362319,-0.1660799,-0.98609173,0.5779399,-0.8053478,0.13190962,-0.81605446,-0.56906253,0.10110819
1356336713045,-0.0063866973,-0.16608211,-0.98609126,0.57791805,-0.8053652,0.13190033,-0.81606984,-0.56903756,0.10112542
1356336713087,-0.006505072,-0.1661277,-0.9860828,0.57780975,-0.80544555,0.13188355,-0.81614554,-0.5689103,0.10122973
1356336713128,-0.0070596933,-0.16601479,-0.986098,0.577583,-0.80567026,0.13150382,-0.8163014,-0.5686251,0.101575136
1356336713168,-0.008561254,-0.1653411,-0.98619926,0.5773317,-0.8060733,0.13013026,-0.8164648,-0.56825006,0.102357656
1356336713209,-0.011554062,-0.1635301,-0.9864707,0.57727593,-0.8066196,0.1269543,-0.8164674,-0.56799895,0.10372171
1356336713249,-0.016409934,-0.15975589,-0.98702013,0.57752943,-0.8073422,0.12107198,-0.8162049,-0.5680464,0.10551211
1356336713290,-0.02276671,-0.15415214,-0.98778474,0.5780249,-0.80818486,0.11280158,-0.81570137,-0.5683961,0.10750362
1356336713330,-0.030252695,-0.14660239,-0.98873276,0.57846785,-0.80926585,0.10229267,-0.815144,-0.5688555,0.10928723
1356336713368,-0.0382818,-0.13736685,-0.9897802,0.578468,-0.81070906,0.090141,-0.8148062,-0.56910545,0.1104978
1356336713410,-0.045922816,-0.1276871,-0.9907508,0.57770634,-0.8125152,0.07793869,-0.8149519,-0.5687839,0.11107862
1356336713449,-0.05299139,-0.11829917,-0.99156296,0.57585347,-0.81484854,0.06644115,-0.8158337,-0.56747425,0.11130307
1356336713489,-0.05939424,-0.11004272,-0.99215066,0.5726391,-0.817863,0.056431383,-0.8176532,-0.56479263,0.11159112
1356336713528,-0.06514192,-0.103568375,-0.99248683,0.5678611,-0.82169586,0.04847434,-0.8205427,-0.56043696,0.11233923
1356336713570,-0.0703069,-0.09919736,-0.9925809,0.56175125,-0.8261995,0.042779237,-0.8243134,-0.5545758,0.1138117
1356336713609,-0.07493478,-0.09698285,-0.99246114,0.5549171,-0.8309767,0.039304197,-0.82852393,-0.5477884,0.11608643
1356336713649,-0.07901192,-0.09641248,-0.99220043,0.5484551,-0.83533895,0.037495047,-0.83243865,-0.5412148,0.118879646
1356336713690,-0.08272123,-0.09706007,-0.991835,0.5433605,-0.8386945,0.03675641,-0.83541405,-0.53588337,0.12211639
1356336713737,-0.08649939,-0.098928764,-0.99132794,0.5407297,-0.84039617,0.036684692,-0.83673733,-0.5328672,0.12618741
1356336713770,-0.09090161,-0.10254902,-0.9905658,0.54136026,-0.83996385,0.037278607,-0.8358624,-0.5328643,0.13187009
1356336713810,-0.096729875,-0.10963294,-0.98925424,0.54578805,-0.8369968,0.039391726,-0.8323213,-0.5361128,0.14079896
1356336713850,-0.10494977,-0.122116625,-0.9869514,0.5534292,-0.83173,0.04406075,-0.82625765,-0.54158354,0.15487275
1356336713890,-0.11626148,-0.1408235,-0.98318464,0.56286585,-0.82493615,0.051598445,-0.8183308,-0.54740214,0.17517304
1356336713930,-0.13071734,-0.16405687,-0.97775173,0.57237387,-0.817744,0.060687527,-0.8095068,-0.5517066,0.20079511
1356336713970,-0.14790463,-0.18829882,-0.9709108,0.5801232,-0.81159854,0.069028124,-0.8009877,-0.5530383,0.2292757
1356336714030,-0.16748112,-0.21049477,-0.9631417,0.5846285,-0.807837,0.07489158,-0.79382586,-0.55053717,0.25835878
1356336714050,-0.18929923,-0.2294532,-0.954734,0.5852859,-0.8070745,0.07791872,-0.78842014,-0.5440424,0.28707424
1356336714090,-0.21319562,-0.2463994,-0.94542843,0.58224523,-0.8091096,0.07957448,-0.7845624,-0.5335063,0.3159635
1356336714130,-0.23887354,-0.26429707,-0.93439096,0.5759554,-0.8132771,0.0827986,-0.78180224,-0.5183891,0.34649378
1356336714170,-0.2656927,-0.28657854,-0.9204782,0.5671332,-0.8185669,0.09114887,-0.7795943,-0.49781615,0.3800155
1356336714210,-0.2927348,-0.31622067,-0.9023916,0.5569872,-0.8234842,0.10788351,-0.7772203,-0.4710394,0.41719347
1356336714250,-0.31890064,-0.354222,-0.87910706,0.5475416,-0.8259504,0.1341798,-0.7736282,-0.43855765,0.45734733
1356336714290,-0.34297925,-0.39900556,-0.85038805,0.5413182,-0.8238195,0.16821459,-0.7676848,-0.40263638,0.4985419
1356336714331,-0.36366087,-0.4462402,-0.8176921,0.5402918,-0.8161038,0.20508371,-0.75883824,-0.3672114,0.537885
1356336714370,-0.37940073,-0.4891284,-0.7853716,0.5447354,-0.80421245,0.23770931,-0.747876,-0.33763257,0.5715643
1356336714410,-0.38942176,-0.5218971,-0.75892955,0.55330026,-0.7912866,0.2602389,-0.7363487,-0.31857324,0.59691006
1356336714450,-0.3934844,-0.54148215,-0.7429449,0.5639525,-0.7803907,0.27008882,-0.72603554,-0.3127099,0.6124418
1356336714490,-0.39166045,-0.5471052,-0.7397824,0.5744339,-0.77347016,0.2678984,-0.7187682,-0.3200309,0.6172135
1356336714530,-0.3835857,-0.53880304,-0.7500355,0.5825451,-0.77136475,0.25619814,-0.71659136,-0.33865556,0.60976166
1356336714570,-0.3682412,-0.517109,-0.77265567,0.5868495,-0.77385783,0.23822606,-0.72111446,-0.36570793,0.5884315
1356336714610,-0.34431922,-0.48373812,-0.8046376,0.58741516,-0.77956665,0.21730006,-0.732385,-0.3978358,0.5525749
1356336714650,-0.31062692,-0.441558,-0.84174657,0.5856643,-0.78639984,0.19639884,-0.74867094,-0.4319741,0.5028818
1356336714690,-0.267007,-0.39547026,-0.87881196,0.5837765,-0.791935,0.17900802,-0.7667544,-0.4652334,0.4423185
1356336714730,-0.21449542,-0.35072172,-0.9115844,0.58290637,-0.7948443,0.16864972,-0.7837168,-0.49519372,0.37492833
1356336714770,-0.15581125,-0.31411564,-0.93651175,0.5825323,-0.7948954,0.16969779,-0.79773366,-0.51910746,0.3068362
1356336714810,-0.09473044,-0.29041153,-0.9522014,0.57977945,-0.7936391,0.18437195,-0.8092479,-0.5346011,0.24355626
1356336714850,-0.0346514,-0.28348577,-0.9583502,0.571237,-0.7924612,0.21376042,-0.82005334,-0.540038,0.18939742
1356336714890,0.021535814,-0.2945956,-0.95537937,0.55429643,-0.791765,0.25663912,-0.83204067,-0.53509027,0.14624205
1356336714930,0.071775734,-0.32319346,-0.94360703,0.5283265,-0.790108,0.31080604,-0.8460019,-0.52084094,0.11404109
1356336714970,0.11483097,-0.36700872,-0.9231026,0.49498764,-0.7845329,0.3734908,-0.8612788,-0.49981272,0.0915761
1356336715030,0.1509502,-0.42098176,-0.89442074,0.4584424,-0.77179676,0.4406364,-0.87581086,-0.4765545,0.076492965
1356336715050,0.18268281,-0.4769227,-0.8597509,0.42495298,-0.75026083,0.5064816,-0.88659006,-0.45787922,0.06560999
1356336715090,0.21372122,-0.52635205,-0.82296824,0.40020657,-0.7213198,0.56527185,-0.89115536,-0.45016786,0.056488246
1356336715130,0.24675119,-0.56496304,-0.7873567,0.38666195,-0.6876065,0.61456466,-0.8885979,-0.45608544,0.04878205
1356336715170,0.2816686,-0.5930666,-0.7542777,0.38316697,-0.6511825,0.65509117,-0.87968516,-0.47353292,0.043825865
1356336715210,0.31619245,-0.61331177,-0.7237894,0.38645795,-0.6134929,0.6886775,-0.86641365,-0.49746877,0.043037385
1356336715250,0.34757942,-0.6282203,-0.69608027,0.39369354,-0.575981,0.7164156,-0.85099584,-0.5230536,0.047127157
1356336715290,0.3734703,-0.63983124,-0.6716665,0.40317315,-0.5401388,0.73871607,-0.83544683,-0.54668635,0.056237012
1356336715330,0.39182013,-0.64983535,-0.6512995,0.41483665,-0.50707716,0.755502,-0.821211,-0.56620383,0.07089248
1356336715370,0.40064633,-0.6605192,-0.63497794,0.4297329,-0.476609,0.76692474,-0.8092047,-0.5801364,0.09289515
1356336715410,0.3977788,-0.67585063,-0.620482,0.44945335,-0.44603926,0.77397716,-0.7998523,-0.58674943,0.12633836
1356336715450,0.3810435,-0.7023043,-0.6013106,0.4751193,-0.40918797,0.778991,-0.7931378,-0.5825237,0.17775989
1356336715490,0.34989423,-0.74608105,-0.5665131,0.50673956,-0.35788727,0.7843033,-0.7879017,-0.5614978,0.25284606
1356336715530,0.30810338,-0.8051911,-0.5066948,0.5436353,-0.28806937,0.78833795,-0.78072596,-0.5183468,0.34897512
1356336715570,0.26507527,-0.8636492,-0.4287718,0.5832247,-0.21050185,0.7845623,-0.7678438,-0.4580384,0.44790268
1356336715610,0.23072124,-0.9050604,-0.35725823,0.61890006,-0.1468153,0.7716269,-0.7508199,-0.3991378,0.5262685
1356336715650,0.20825016,-0.9258128,-0.31544027,0.6434801,-0.113195956,0.75704694,-0.73659027,-0.36063468,0.572169
1356336715690,0.19412994,-0.9305167,-0.31056744,0.65393186,-0.11323434,0.74803144,-0.7312227,-0.34830517,0.5865124
1356336715730,0.18337303,-0.9227625,-0.3389449,0.65140843,-0.144166,0.7449048,-0.73623455,-0.35738713,0.57465917
1356336715770,0.17264754,-0.90260446,-0.39433217,0.6398146,-0.20161551,0.741612,-0.74888587,-0.38033694,0.5426911
1356336715810,0.16090167,-0.8677579,-0.4702199,0.62354565,-0.27992713,0.72995317,-0.76505,-0.41065422,0.49604595
1356336715850,0.14925593,-0.8166622,-0.5574813,0.60549784,-0.37024027,0.7044817,-0.78172565,-0.44270182,0.43922666
1356336715908,0.14105088,-0.75211287,-0.643763,0.58647895,-0.4604004,0.66638875,-0.7975883,-0.4715482,0.37615848
1356336715929,0.14103884,-0.6831653,-0.7165146,0.5656707,-0.5383592,0.6246487,-0.81248057,-0.49341106,0.31051707
1356336715969,0.15444142,-0.6258169,-0.76452667,0.54103535,-0.59390604,0.59544647,-0.8266974,-0.5055976,0.24686533
1356336716016,0.1848368,-0.59879607,-0.77928084,0.50931567,-0.619786,0.59704506,-0.84049565,-0.5072558,0.19041699
1356336716035,0.23081994,-0.6099782,-0.758056,0.46938744,-0.6126357,0.6358876,-0.8522896,-0.50259745,0.14490753
1356336716065,0.2793607,-0.6479381,-0.70861393,0.42133218,-0.580431,0.696835,-0.86280745,-0.49323016,0.11084756
1356336716108,0.3257962,-0.70994955,-0.6243624,0.36187547,-0.5164627,0.7760879,-0.8734432,-0.4787879,0.088651806
1356336716149,0.36779636,-0.7755221,-0.51311916,0.29627278,-0.42531407,0.85517853,-0.88144666,-0.46655482,0.07333714
1356336716188,0.39938104,-0.8156044,-0.41866958,0.24405617,-0.34560776,0.906086,-0.88370323,-0.4640525,0.0610241
1356336716229,0.42575783,-0.82730037,-0.36647573,0.21645337,-0.30013782,0.92901313,-0.878566,-0.4748596,0.051285863
1356336716268,0.45026585,-0.81920993,-0.35518414,0.21368146,-0.2873685,0.93368065,-0.86694914,-0.49630082,0.045657717
1356336716309,0.47029677,-0.7997281,-0.37317023,0.23065811,-0.2967635,0.9266759,-0.85183203,-0.5218874,0.04489682
1356336716349,0.48085472,-0.7734674,-0.41294894,0.26261565,-0.32230076,0.9094808,-0.8365475,-0.54577506,0.048144788
1356336716388,0.47669306,-0.7402658,-0.47409946,0.30833977,-0.36425254,0.8787757,-0.8232195,-0.56509006,0.054616686
1356336716430,0.45153815,-0.6971904,-0.55681133,0.3687892,-0.42242074,0.82798266,-0.8124702,-0.5792117,0.06637722
1356336716470,0.39933723,-0.64655,-0.65000224,0.44035336,-0.48658395,0.75453633,-0.804126,-0.5875451,0.090399325
1356336716510,0.322397,-0.60758966,-0.7258754,0.5105241,-0.53413504,0.67384344,-0.7971357,-0.587822,0.13798556
1356336716550,0.23643887,-0.61208606,-0.75461733,0.56838906,-0.54276437,0.618337,-0.7880548,-0.57511514,0.21957248
1356336716590,0.15573174,-0.665815,-0.72968364,0.6181605,-0.5104843,0.59773207,-0.77047086,-0.5441475,0.3320818
1356336716630,0.08027542,-0.7309199,-0.6777256,0.66685826,-0.4659667,0.5815283,-0.7408481,-0.49862933,0.45001423
1356336716670,2.632141E-4,-0.7661902,-0.64261377,0.7077279,-0.45385432,0.5414217,-0.70648503,-0.45493826,0.54213476
1356336716710,-0.09625912,-0.7524852,-0.65153676,0.7265385,-0.50053656,0.47074932,-0.6803499,-0.4280526,0.5948907
1356336716750,-0.21615589,-0.67659885,-0.70391095,0.7100933,-0.60375726,0.36227688,-0.6701075,-0.4215342,0.61095405
1356336716790,-0.35207224,-0.5232149,-0.77607435,0.64781195,-0.73468804,0.20142794,-0.67556256,-0.43183303,0.5976081
1356336716830,-0.4737069,-0.3002073,-0.8279355,0.544415,-0.83878374,-0.0073485672,-0.6922528,-0.45422164,0.5607751
1356336716870,-0.5475047,-0.06442633,-0.8343188,0.435657,-0.8731994,-0.21846235,-0.71445197,-0.483086,0.5061486
1356336716910,-0.5712966,0.1297177,-0.81042796,0.3586914,-0.84868014,-0.3886934,-0.73821455,-0.5127528,0.4383194
1356336716950,-0.5627675,0.2687038,-0.7817231,0.32226166,-0.7995453,-0.50682807,-0.76120967,-0.53714573,0.3633652
1356336716990,-0.53637433,0.36486292,-0.7610372,0.31452668,-0.7503517,-0.5814165,-0.7831829,-0.5512234,0.28771037
1356336717028,-0.49942464,0.4295996,-0.7523425,0.3217915,-0.7142886,-0.62148374,-0.8043788,-0.5524817,0.21849173
1356336717069,-0.456205,0.4709399,-0.7550448,0.333168,-0.69638,-0.6356525,-0.82515216,-0.5415446,0.16078994
1356336717109,-0.40989202,0.49107397,-0.76865774,0.34356242,-0.6975197,-0.62883294,-0.84495753,-0.52183557,0.11719334
1356336717148,-0.36304265,0.48996773,-0.7925476,0.352335,-0.7152383,-0.60356796,-0.86258924,-0.49836317,0.08702922
1356336717189,-0.31723666,0.4676898,-0.8250013,0.3620484,-0.7443186,-0.5611691,-0.8765169,-0.4767138,0.066798806
1356336717229,-0.27323312,0.42336816,-0.8637726,0.37838453,-0.7782538,-0.50114477,-0.88440305,-0.46376756,0.05244881
1356336717269,-0.2322141,0.35961103,-0.9037459,0.40463912,-0.80921036,-0.4259647,-0.88450205,-0.46460593,0.04239729
1356336717309,-0.195252,0.28503162,-0.93842083,0.4384169,-0.8305471,-0.34348547,-0.8773069,-0.47848576,0.037203252
1356336717348,-0.16401231,0.21242987,-0.9633139,0.4731024,-0.83996207,-0.26577798,-0.86560625,-0.49933693,0.03726299
1356336717389,-0.14030564,0.15062827,-0.97858346,0.50381374,-0.8399751,-0.20152798,-0.85234153,-0.52129924,0.04196465
1356336717430,-0.12506378,0.10336137,-0.98674995,0.5284625,-0.83479387,-0.15442309,-0.8396942,-0.54077315,0.04977992
1356336717470,-0.11839473,0.06828889,-0.99061567,0.5476867,-0.82766527,-0.12251325,-0.8282644,-0.55705196,0.060590237
1356336717510,-0.12103218,0.038028896,-0.99191993,0.5624955,-0.8207185,-0.10009991,-0.8178937,-0.5700658,0.0779422
1356336717550,-0.13572347,6.276965E-4,-0.9907466,0.57287866,-0.81582457,-0.07899611,-0.80832493,-0.57829916,0.1103669
1356336717590,-0.16796798,-0.059182525,-0.9840143,0.57768375,-0.81475186,-0.049606293,-0.79879165,-0.5767814,0.17104107
1356336717630,-0.22198534,-0.14618687,-0.964029,0.5769436,-0.81673443,-0.009000957,-0.7860399,-0.55818844,0.26564464
1356336717670,-0.29235536,-0.24581729,-0.9241766,0.57404673,-0.8180313,0.03598945,-0.76485217,-0.5199988,0.38026637
1356336717710,-0.36248016,-0.326411,-0.8729628,0.5716882,-0.8176203,0.0683358,-0.7360576,-0.47429213,0.4829764
1356336717750,-0.4171108,-0.3670508,-0.8314399,0.56751156,-0.81974,0.07718055,-0.70989376,-0.43965888,0.55022806
1356336717790,-0.45039535,-0.36842352,-0.81327003,0.55893505,-0.826664,0.064948544,-0.69622964,-0.42531258,0.5782504
1356336717830,-0.46232986,-0.34260145,-0.817848,0.5478951,-0.8355757,0.040302336,-0.6971815,-0.4294619,0.5740212
1356336717870,-0.4542135,-0.3021928,-0.8380749,0.5392939,-0.84204125,0.011340603,-0.70912075,-0.44681764,0.5454372
1356336717915,-0.42516726,-0.25260893,-0.8691499,0.53665054,-0.8436267,-0.0173257,-0.72886145,-0.4737961,0.49424517
1356336717948,-0.37860024,-0.21985954,-0.8990682,0.5447403,-0.83824956,-0.024404883,-0.74827784,-0.4989984,0.43712786
1356336717989,-0.32017028,-0.19155593,-0.9277916,0.5534526,-0.83266217,-0.019075125,-0.7688831,-0.519596,0.37261087
1356336718033,-0.24595588,-0.18066007,-0.95229596,0.56094885,-0.8277612,0.01215452,-0.79046947,-0.5311999,0.30493385
1356336718071,-0.15864807,-0.19757625,-0.9673647,0.5631031,-0.8229101,0.07572356,-0.8110153,-0.5327126,0.24180883
1356336718110,-0.06752133,-0.23749869,-0.9690383,0.55220354,-0.81782615,0.16196173,-0.8309706,-0.5241705,0.18636835
1356336718150,0.0253371,-0.3068958,-0.95140576,0.52729225,-0.80445105,0.27353492,-0.8493061,-0.5085995,0.14144138
1356336718190,0.11310655,-0.40015176,-0.9094424,0.4885204,-0.77464074,0.40159628,-0.8651906,-0.48970434,0.10786533
1356336718230,0.19016749,-0.5023479,-0.8434944,0.44063315,-0.7241013,0.5305842,-0.8773134,-0.47257146,0.08365065
1356336718270,0.25250536,-0.5903875,-0.7666052,0.3935997,-0.66109455,0.63877475,-0.88392323,-0.46302962,0.065446466
1356336718310,0.30206567,-0.6502812,-0.6970586,0.35794804,-0.60034025,0.71516776,-0.88353246,-0.4655384,0.051424682
1356336718350,0.3426808,-0.6813053,-0.646833,0.33929524,-0.55229306,0.7614796,-0.8760415,-0.4804118,0.04190338
1356336718390,0.37578744,-0.69146013,-0.616982,0.3364632,-0.5185435,0.7860695,-0.8634677,-0.5029868,0.037788685
1356336718430,0.4000293,-0.6892266,-0.60410523,0.34514105,-0.4973296,0.7959528,-0.8490313,-0.526906,0.03893399
1356336718470,0.4137479,-0.67990434,-0.6054277,0.3617692,-0.48746938,0.7946676,-0.83542544,-0.5478171,0.04427904
1356336718510,0.4156435,-0.6657513,-0.61969,0.38514835,-0.48839486,0.78302693,-0.82395464,-0.5641326,0.05341488
1356336718550,0.4039951,-0.64881027,-0.6448513,0.41609097,-0.4974553,0.76118755,-0.814651,-0.57583284,0.06899461
1356336718590,0.37609679,-0.6368788,-0.67300564,0.4549517,-0.5058239,0.7329128,-0.80719894,-0.5818312,0.09951034
1356336718630,0.32917666,-0.64309555,-0.69142663,0.5004397,-0.5021314,0.70528305,-0.80075145,-0.5781801,0.15654057
1356336718670,0.2649979,-0.6800389,-0.6836104,0.55035126,-0.47546893,0.6863256,-0.7917636,-0.55810064,0.24826202
1356336718710,0.19050783,-0.7393315,-0.6458295,0.60462594,-0.42992163,0.6705184,-0.7733914,-0.51822424,0.3651155
1356336718750,0.116443336,-0.7932227,-0.59769446,0.65822715,-0.38901812,0.6445168,-0.74375933,-0.46846843,0.47682214
1356336718790,0.05008316,-0.8220304,-0.5672369,0.6999135,-0.37626737,0.6070782,-0.71246946,-0.42742112,0.5565056
1356336718830,-0.00890851,-0.82102233,-0.5708267,0.7218494,-0.40031946,0.56451565,-0.69199294,-0.4070219,0.5962206
1356336718870,-0.062305808,-0.7911412,-0.6084518,0.7236472,-0.45566,0.5183713,-0.687352,-0.40800688,0.6008973
1356336718910,-0.1098277,-0.73269516,-0.6716364,0.7094793,-0.531034,0.46329466,-0.69611555,-0.42562953,0.5781544
1356336718950,-0.1473999,-0.6493925,-0.7460313,0.68583894,-0.6105888,0.39598766,-0.71266973,-0.45328882,0.5353794
1356336718990,-0.1691469,-0.55007386,-0.81780684,0.65893936,-0.6801661,0.3212055,-0.73293126,-0.48455417,0.4775133
1356336719032,-0.16998309,-0.4501466,-0.8766264,0.6335076,-0.7313121,0.25268698,-0.7548337,-0.51239693,0.409482
1356336719070,-0.14787221,-0.37187612,-0.9164289,0.61311364,-0.76154536,0.21009605,-0.77603185,-0.5308077,0.3406137
1356336719110,-0.108413994,-0.31993294,-0.94121695,0.593264,-0.7805362,0.19698022,-0.7976743,-0.5370347,0.2744257
1356336719150,-0.05119008,-0.30573586,-0.95073926,0.571622,-0.7895935,0.22313759,-0.8189187,-0.5320411,0.21518469
1356336719190,0.018662214,-0.3312359,-0.94336337,0.54393137,-0.78832066,0.28755736,-0.8389222,-0.5184914,0.16545776
1356336719230,0.09670061,-0.3975551,-0.9124686,0.50737715,-0.76901525,0.38882393,-0.8562812,-0.50056523,0.12734613
1356336719270,0.17404228,-0.49259898,-0.8526755,0.460785,-0.72450733,0.5126073,-0.8702795,-0.4821154,0.10088736
1356336719310,0.24163961,-0.59255385,-0.7684337,0.40806675,-0.6564232,0.63449997,-0.880393,-0.4668925,0.08318362
1356336719350,0.2952382,-0.6735696,-0.6775975,0.3582855,-0.57940274,0.7320683,-0.8857008,-0.45890787,0.07026839
1356336719390,0.33732486,-0.72528255,-0.60014766,0.32049096,-0.5109534,0.79762906,-0.88515395,-0.461402,0.060089227
1356336719430,0.37243396,-0.75215465,-0.54365087,0.29730338,-0.45822662,0.837639,-0.87914944,-0.47359443,0.05295897
1356336719460,0.40063357,-0.7654133,-0.50362206,0.2832508,-0.41927135,0.862543,-0.87135625,-0.48821497,0.048829786
1356336719500,0.42434245,-0.7669952,-0.48130217,0.28139326,-0.3935163,0.87519294,-0.86066914,-0.5068167,0.048841655
1356336719540,0.44129932,-0.7616084,-0.47456032,0.28865665,-0.3802535,0.87868345,-0.84966594,-0.5247474,0.052037776
1356336719580,0.44965926,-0.7514962,-0.4827628,0.3044698,-0.37915555,0.8738072,-0.8397051,-0.5399022,0.05831713
1356336719620,0.44678187,-0.73759866,-0.5062945,0.33159852,-0.3890791,0.8594532,-0.8309202,-0.55187464,0.07075319
1356336719660,0.428227,-0.72342587,-0.54155016,0.37306488,-0.40430206,0.83508235,-0.82307005,-0.5596382,0.09675169
1356336719700,0.3906964,-0.7226233,-0.5702384,0.42666477,-0.4067548,0.8077795,-0.81566745,-0.5588972,0.1494003
1356336719740,0.33618593,-0.7490493,-0.5708802,0.4872222,-0.38041735,0.7860644,-0.80597365,-0.5424093,0.23706245
1356336719780,0.27521896,-0.79990584,-0.53329647,0.5506157,-0.3235742,0.76949465,-0.78808427,-0.5054209,0.35138702
1356336719820,0.21795076,-0.849526,-0.4804197,0.6126377,-0.2640962,0.74493504,-0.7597187,-0.45668232,0.4628917
1356336719860,0.16691571,-0.8788207,-0.44700482,0.6638437,-0.2350393,0.7099775,-0.72900665,-0.4152478,0.5441679
1356336719900,0.117346704,-0.88438827,-0.45176008,0.6969796,-0.25070578,0.6718378,-0.7074244,-0.3937055,0.58698106
1356336719940,0.06198585,-0.8652488,-0.49749595,0.71090615,-0.31158978,0.63049525,-0.7005499,-0.39275473,0.5957965
1356336719980,-0.003840208,-0.8144697,-0.5801933,0.7072667,-0.41237795,0.5742109,-0.70693636,-0.40814632,0.577631
1356336720060,-0.08003014,-0.72033346,-0.68899554,0.6875318,-0.5403653,0.48508283,-0.72173065,-0.4348851,0.5384977
1356336720061,-0.15603608,-0.58126444,-0.7986141,0.6544365,-0.6664299,0.35718912,-0.73984164,-0.4669078,0.4843878
1356336720085,-0.21054137,-0.43444026,-0.8757477,0.61993194,-0.75199956,0.22401153,-0.7558814,-0.4957403,0.42765036
1356336720127,-0.24977565,-0.27264258,-0.92912763,0.5828841,-0.8085515,0.0805652,-0.77321297,-0.52145046,0.36087543
1356336720168,-0.25670958,-0.13862954,-0.9564947,0.55571276,-0.8308781,-0.028722048,-0.7907487,-0.53890955,0.29033253
1356336720209,-0.23784804,-0.042256385,-0.97038275,0.5380329,-0.83750725,-0.09540567,-0.80867106,-0.5447899,0.2219348
1356336720249,-0.19721216,0.008295476,-0.98032564,0.5271116,-0.84222716,-0.113166004,-0.8265957,-0.5390588,0.16172493
1356336720289,-0.13702112,0.005438596,-0.9905532,0.5192938,-0.85116434,-0.07650611,-0.84353966,-0.524871,0.11380332
1356336720328,-0.05708933,-0.058294877,-0.99666566,0.51039726,-0.85968107,0.021046907,-0.8580416,-0.50749385,0.07883221
1356336720369,0.0385828,-0.17639214,-0.9835636,0.49449188,-0.85195625,0.17218745,-0.86832553,-0.49300766,0.054353505
1356336720409,0.13471597,-0.31369793,-0.9399176,0.4693873,-0.8151819,0.33934343,-0.8726552,-0.4869004,0.037427813
1356336720449,0.2110269,-0.42189622,-0.8817433,0.4446364,-0.7618979,0.47096714,-0.8704976,-0.49144194,0.026809454
1356336720489,0.26019388,-0.4822411,-0.8365061,0.43304682,-0.71604484,0.5474943,-0.8630003,-0.504701,0.022522569
1356336720529,0.28487194,-0.50332975,-0.8157862,0.43821615,-0.6885276,0.5778376,-0.85253423,-0.52210045,0.02442506
1356336720569,0.28809363,-0.49779755,-0.8180462,0.45681185,-0.6793573,0.57427925,-0.84162045,-0.53913945,0.03168127
1356336720609,0.27063346,-0.4727978,-0.838582,0.4842499,-0.6860003,0.543052,-0.8320214,-0.5530513,0.043297708
1356336720649,0.23250854,-0.43291375,-0.8709336,0.51632136,-0.70393175,0.48774192,-0.8242281,-0.5630858,0.05985254
1356336720689,0.1761818,-0.38994795,-0.9038256,0.5477925,-0.72403616,0.41915998,-0.8178529,-0.5689572,0.08604854
1356336720729,0.10812348,-0.36844683,-0.92333966,0.5732275,-0.73573035,0.3607089,-0.8122311,-0.5682848,0.13165423
1356336720769,0.036424816,-0.396645,-0.91724914,0.5915,-0.7312519,0.33970344,-0.80548185,-0.5549265,0.2079798
1356336720809,-0.035337567,-0.47692287,-0.87823457,0.6091169,-0.7069673,0.3594076,-0.7922928,-0.52224696,0.31548426
1356336720849,-0.10734981,-0.5694738,-0.8149698,0.6322488,-0.6717121,0.38608873,-0.7672924,-0.4738171,0.43215716
1356336720889,-0.18133724,-0.6238499,-0.7602159,0.6534733,-0.6541238,0.3809129,-0.73490775,-0.42770708,0.52628624
1356336720929,-0.25894135,-0.6195511,-0.7410166,0.6575144,-0.67505074,0.3346359,-0.7075479,-0.40057802,0.58216244
1356336720969,-0.33741134,-0.5590823,-0.75735104,0.6362272,-0.72839975,0.25426143,-0.69380736,-0.39605665,0.6014736
1356336721033,-0.40788382,-0.45363677,-0.7923663,0.59292316,-0.79155046,0.14795253,-0.69431466,-0.40946493,0.5918324
1356336721086,-0.45929432,-0.32016125,-0.8285805,0.5398685,-0.84135276,0.025839418,-0.7054012,-0.43545657,0.5592734
1356336721090,-0.48419183,-0.1760645,-0.8570645,0.49166787,-0.86501414,-0.100066274,-0.72375476,-0.46984234,0.50539804
1356336721127,-0.48098022,-0.06115763,-0.87459576,0.46584582,-0.8629199,-0.19584876,-0.7427285,-0.5016262,0.44353753
1356336721168,-0.45878154,0.035565555,-0.8878369,0.45454347,-0.8491667,-0.26889765,-0.76348513,-0.5269258,0.37341607
1356336721209,-0.41816354,0.1063855,-0.9021205,0.45621768,-0.8341827,-0.30984616,-0.7854965,-0.5411297,0.3002899
1356336721249,-0.3630017,0.15008338,-0.9196222,0.46406996,-0.8267105,-0.31810206,-0.80800307,-0.54224056,0.23044807
1356336721289,-0.2970978,0.16460142,-0.9405526,0.47199175,-0.83095515,-0.29451203,-0.83003414,-0.531432,0.16918443
1356336721328,-0.2230522,0.14344054,-0.96419525,0.47706783,-0.8465053,-0.23629466,-0.8500906,-0.5126926,0.12038393
1356336721369,-0.14270353,0.08068058,-0.9864717,0.4773421,-0.8674929,-0.14000224,-0.8670526,-0.49086326,0.08528206
1356336721408,-0.05696714,-0.024569511,-0.9980737,0.47235432,-0.88139313,-0.005263418,-0.87956595,-0.47174427,0.061815888
1356336721448,0.028612077,-0.15465456,-0.9875542,0.46224803,-0.87392837,0.15025292,-0.8862889,-0.46079403,0.046483874
1356336721488,0.10534769,-0.2791557,-0.95444953,0.45060512,-0.8422011,0.29606116,-0.8864857,-0.4612692,0.03706509
1356336721529,0.16629803,-0.37395465,-0.912416,0.44378334,-0.7979133,0.4079101,-0.88056874,-0.47274965,0.033263445
1356336721569,0.20963323,-0.43437037,-0.8760001,0.445026,-0.7553477,0.48104206,-0.8706352,-0.49068525,0.03496024
1356336721609,0.2359469,-0.46635628,-0.8525497,0.45422876,-0.72265124,0.5210099,-0.8590723,-0.5101832,0.041325122
1356336721649,0.24596363,-0.47643265,-0.8441053,0.46991053,-0.7030605,0.53375083,-0.84775347,-0.52793723,0.050953448
1356336721689,0.23974627,-0.46921325,-0.84991807,0.49112493,-0.6965504,0.52308106,-0.83744735,-0.5428227,0.06344697
1356336721729,0.21660185,-0.45097926,-0.86585295,0.5173372,-0.6991191,0.49355307,-0.8279166,-0.5548424,0.08187786
1356336721769,0.17602617,-0.4359706,-0.88257825,0.5467218,-0.7022846,0.45595142,-0.81860244,-0.5627842,0.11473414
1356336721809,0.11867285,-0.44539353,-0.88743526,0.5763781,-0.6968583,0.42682174,-0.80852026,-0.5621505,0.17401695
1356336721867,0.047382116,-0.49252594,-0.869007,0.6050143,-0.67809296,0.41730994,-0.7948035,-0.54553473,0.2658558
1356336721888,-0.031595707,-0.563577,-0.82545906,0.63320214,-0.6502859,0.41974184,-0.77334124,-0.5094204,0.37740448
1356336721929,-0.10962552,-0.6242459,-0.7734982,0.65786445,-0.6289233,0.41433075,-0.7451153,-0.46343574,0.47961515
1356336721965,-0.18194044,-0.6468475,-0.7405985,0.6705235,-0.6325128,0.38771886,-0.719233,-0.4260469,0.5488061
1356336722008,-0.2476561,-0.62666535,-0.7388891,0.6651635,-0.6644837,0.34061554,-0.70443165,-0.40712658,0.5813983
1356336722037,-0.30528486,-0.5762354,-0.75812525,0.6448016,-0.7109355,0.28071615,-0.7007367,-0.403142,0.5885954
1356336722069,-0.35212344,-0.5040326,-0.78864455,0.61469686,-0.75995165,0.2112374,-0.7058022,-0.4103957,0.57742405
1356336722109,-0.38680446,-0.39394608,-0.83377975,0.5737808,-0.81063426,0.11682367,-0.7219127,-0.4332189,0.5395956
1356336722149,-0.40193003,-0.26874536,-0.8753446,0.5357375,-0.8442811,0.013214901,-0.74258834,-0.4636435,0.48331898
1356336722189,-0.39619964,-0.14946008,-0.905918,0.50957876,-0.85655093,-0.08154684,-0.7637769,-0.49394542,0.41552693
1356336722229,-0.37228936,-0.05105239,-0.92671144,0.4971912,-0.85410064,-0.15268521,-0.78371,-0.5175959,0.34335554
1356336722268,-0.33457583,0.019370437,-0.94216967,0.4944538,-0.8475035,-0.19301069,-0.80223083,-0.5304361,0.27397653
1356336722308,-0.2871747,0.06058584,-0.95596033,0.49445814,-0.8453762,-0.20211478,-0.82039136,-0.53072464,0.2128134
1356336722348,-0.23268747,0.070711955,-0.96997744,0.49220878,-0.85162944,-0.18016009,-0.83880085,-0.51935244,0.16335851
1356336722389,-0.17344487,0.04858084,-0.98364466,0.48525238,-0.8649129,-0.12828079,-0.85699886,-0.4995655,0.12644067
1356336722430,-0.110924125,-0.005470231,-0.9938138,0.4754473,-0.878421,-0.04823178,-0.87272316,-0.47785616,0.100038946
1356336722470,-0.04812795,-0.081774145,-0.99548805,0.4667581,-0.8829723,0.049965635,-0.8830744,-0.46224743,0.080664515
1356336722510,0.010662973,-0.16201895,-0.98673004,0.46441364,-0.87309986,0.14837977,-0.88555425,-0.45983306,0.06593397
1356336722550,0.06084609,-0.2282196,-0.9717065,0.4714587,-0.85150003,0.22950903,-0.8797866,-0.47208425,0.055785656
1356336722590,0.09848732,-0.2716325,-0.9573484,0.48745322,-0.8255403,0.28438082,-0.8675768,-0.49467048,0.051102936
1356336722630,0.12161189,-0.29372934,-0.9481212,0.5089773,-0.8016119,0.3136251,-0.852146,-0.5207126,0.05201593
1356336722670,0.1297661,-0.29896438,-0.94539994,0.53227603,-0.7834321,0.32080573,-0.83656615,-0.54484344,0.057468653
1356336722710,0.12360793,-0.29197317,-0.9484053,0.5553188,-0.77171814,0.30995482,-0.82240015,-0.5649802,0.066747755
1356336722750,0.10348034,-0.2779662,-0.9550009,0.57725453,-0.76512134,0.28524828,-0.80998087,-0.5807962,0.08128223
1356336722790,0.07022607,-0.26919073,-0.96052307,0.5970957,-0.760005,0.25664973,-0.7990901,-0.5915477,0.10736048
1356336722831,0.023134291,-0.2821598,-0.95908844,0.61364836,-0.75334895,0.23643398,-0.7892405,-0.59401274,0.15571874
1356336722870,-0.039095104,-0.32874665,-0.94360864,0.6268935,-0.7434374,0.2330353,-0.7781235,-0.58243155,0.23515385
1356336722915,-0.11539215,-0.40897155,-0.905222,0.63916767,-0.7281551,0.2474971,-0.76036125,-0.55002946,0.3454248
1356336722949,-0.19649291,-0.48303297,-0.85327005,0.65031296,-0.71548945,0.25528038,-0.7338145,-0.5047318,0.4547111
1356336722988,-0.2686984,-0.52729887,-0.80607516,0.6557848,-0.71309495,0.24787495,-0.7055122,-0.4620082,0.537402
1356336723033,-0.3265906,-0.53047895,-0.7822599,0.64957154,-0.7271865,0.22193798,-0.6865824,-0.43565086,0.58207643
1356336723070,-0.3686298,-0.4975269,-0.78522545,0.6310739,-0.7541696,0.18158734,-0.68253773,-0.4285968,0.5919857
1356336723110,-0.393638,-0.4375344,-0.8084632,0.6050344,-0.7854347,0.13048233,-0.6920856,-0.43778527,0.57390034
1356336723150,-0.40059358,-0.36249998,-0.8414978,0.5791533,-0.81185097,0.0740238,-0.71000445,-0.45770276,0.5351653
1356336723190,-0.38938648,-0.2833815,-0.8763977,0.5592973,-0.82873833,0.01947321,-0.73182285,-0.4825843,0.48119408
1356336723230,-0.36118096,-0.20994619,-0.9085542,0.54758286,-0.8363952,-0.024410814,-0.75478554,-0.5063255,0.4170531
1356336723270,-0.31850123,-0.15029669,-0.9359315,0.5424326,-0.8386147,-0.049922958,-0.7773827,-0.5235803,0.34862563
1356336723310,-0.26460665,-0.108603,-0.9582217,0.53940797,-0.8403297,-0.053712636,-0.79938877,-0.53108513,0.28093815
1356336723350,-0.20231783,-0.09083791,-0.975098,0.5349879,-0.84424,-0.032354265,-0.8202777,-0.5282115,0.21940193
1356336723390,-0.13553798,-0.101068094,-0.98560375,0.52611667,-0.8502829,0.014841348,-0.839542,-0.516531,0.16841924
1356336723430,-0.067367196,-0.14263304,-0.9874804,0.5116365,-0.854628,0.08853912,-0.856557,-0.49926633,0.13055009
1356336723470,-2.939701E-4,-0.21283118,-0.97708887,0.4922704,-0.8505303,0.18511584,-0.8704422,-0.48093757,0.10502058
1356336723510,0.06267917,-0.29813427,-0.95246375,0.47111672,-0.83248365,0.2915818,-0.8798411,-0.46699774,0.088276654
1356336723550,0.11871731,-0.3781591,-0.9180969,0.45396304,-0.801668,0.38890374,-0.8830763,-0.46295166,0.07649833
1356336723590,0.16472626,-0.43552667,-0.8849756,0.44657063,-0.7670718,0.4606253,-0.8794543,-0.4710812,0.06813651
1356336723630,0.1986416,-0.465522,-0.8624563,0.45111972,-0.73779917,0.5021389,-0.8700762,-0.48881668,0.06344849
1356336723670,0.21867067,-0.47203925,-0.854027,0.46576795,-0.71857995,0.516433,-0.8574633,-0.51070714,0.062728405
1356336723710,0.22340202,-0.46038598,-0.8591485,0.48749757,-0.710493,0.50748956,-0.8440602,-0.532207,0.06571153
1356336723750,0.21104288,-0.4332729,-0.87620515,0.51335084,-0.7136958,0.4765597,-0.83182436,-0.55037516,0.07180062
1356336723790,0.1813193,-0.39543617,-0.9004185,0.5407607,-0.7246572,0.42714134,-0.82140195,-0.5643599,0.082442075
1356336723830,0.13448107,-0.35709125,-0.9243379,0.56664634,-0.7375328,0.3673653,-0.8129125,-0.5731764,0.10316029
1356336723870,0.07246214,-0.3366663,-0.9388317,0.58671945,-0.7468149,0.31309375,-0.8065417,-0.5735183,0.14341286
1356336723910,-0.0017389655,-0.35548577,-0.93468004,0.59787166,-0.74960196,0.28398287,-0.8015899,-0.5583249,0.21383843
1356336723950,-0.08554292,-0.41235298,-0.90699905,0.601734,-0.7469414,0.28283316,-0.79410225,-0.52157784,0.31202242
1356336723990,-0.171785,-0.48142257,-0.85948956,0.60257727,-0.7415629,0.29493248,-0.77935266,-0.4672439,0.41748363
1356336724033,-0.253497,-0.5224106,-0.8141415,0.5991548,-0.74554896,0.2918396,-0.75944245,-0.41381633,0.50199926
1356336724071,-0.32798958,-0.51083255,-0.79465276,0.5827378,-0.7714795,0.25541338,-0.74353176,-0.37930128,0.55071867
1356336724110,-0.39441788,-0.44080406,-0.80630404,0.54637754,-0.81798553,0.17992005,-0.7388546,-0.36958274,0.5634736
1356336724150,-0.44752467,-0.3222273,-0.83420104,0.494084,-0.86661685,0.0696868,-0.7453876,-0.3809788,0.54703975
1356336724190,-0.4799682,-0.17870633,-0.8588914,0.44079685,-0.89560044,-0.05998315,-0.7585042,-0.40738666,0.5086329
1356336724230,-0.48985678,-0.039453134,-0.8709097,0.40279764,-0.89619887,-0.18596113,-0.77317154,-0.4418947,0.4549008
1356336724270,-0.48150575,0.07636167,-0.87311006,0.3867268,-0.87546253,-0.28984085,-0.78650784,-0.47721508,0.39200914
1356336724310,-0.4602812,0.16511798,-0.87228286,0.38875407,-0.8458503,-0.36525,-0.79813004,-0.5072212,0.3251387
1356336724350,-0.43019748,0.2280482,-0.8734553,0.40111703,-0.8185153,-0.41126373,-0.8087244,-0.5272824,0.2606492
1356336724390,-0.39405066,0.2702707,-0.8784518,0.41554928,-0.8001228,-0.43257612,-0.81978214,-0.535497,0.20297825
1356336724430,-0.35361993,0.2960446,-0.88730514,0.42667323,-0.79310846,-0.4346595,-0.83240783,-0.5322937,0.15414466
1356336724470,-0.31098586,0.30766374,-0.899239,0.4329337,-0.79643273,-0.4222123,-0.84608287,-0.52061296,0.114481375
1356336724510,-0.26892895,0.30524254,-0.9135122,0.43660432,-0.80677503,-0.39810917,-0.85851854,-0.50590634,0.08369483
1356336724550,-0.22985739,0.28688133,-0.92998105,0.44321477,-0.81986797,-0.36246002,-0.86644465,-0.49549544,0.061302617
1356336724590,-0.19549352,0.2541732,-0.94719493,0.45640376,-0.83128613,-0.31726795,-0.868031,-0.4943272,0.04650545
1356336724630,-0.16665846,0.21227223,-0.9628944,0.4760188,-0.837891,-0.26710463,-0.86349934,-0.50287104,0.03859599
1356336724670,-0.14409423,0.16872041,-0.9750745,0.49885792,-0.83860356,-0.2188264,-0.8546214,-0.51795524,0.036670357
1356336724710,-0.1286174,0.12994456,-0.9831439,0.5218444,-0.83415145,-0.17852093,-0.8432888,-0.5360091,0.039475605
1356336724750,-0.12079394,0.10033822,-0.98759353,0.54241014,-0.82655615,-0.15032,-0.8313844,-0.5538385,0.04541856
1356336724790,-0.12081152,0.07946636,-0.9894896,0.5596491,-0.8178229,-0.13400996,-0.8198765,-0.5699569,0.05432915
1356336724830,-0.12944746,0.06249395,-0.98961496,0.57346904,-0.80945927,-0.1261303,-0.8089355,-0.5838408,0.068944186
1356336724870,-0.14904583,0.04014653,-0.98801506,0.5836982,-0.8029526,-0.12067987,-0.798174,-0.5946894,0.0962432
1356336724910,-0.1845426,-0.0017474592,-0.982823,0.5890523,-0.8006853,-0.10918145,-0.786741,-0.5990827,0.14878982
1356336724950,-0.2412402,-0.07153475,-0.96782535,0.5875056,-0.8045323,-0.08697641,-0.772425,-0.589585,0.23611265
1356336724990,-0.31740135,-0.16409653,-0.9339854,0.57951105,-0.8131688,-0.054068714,-0.7506153,-0.55841637,0.35319662
1356336725057,-0.39910597,-0.2512964,-0.88179624,0.56836855,-0.8224565,-0.022861183,-0.7194941,-0.5103093,0.4710762
1356336725072,-0.46925503,-0.30434173,-0.8289608,0.5546702,-0.8320267,-0.0085182935,-0.68712497,-0.4637971,0.55924195
1356336725109,-0.51962847,-0.3134396,-0.7948218,0.53581107,-0.84415853,-0.017400086,-0.6655018,-0.43491593,0.6065933
1356336725148,-0.54837334,-0.2865715,-0.78559744,0.5121741,-0.8577211,-0.04463379,-0.6610328,-0.4268387,0.61712587
1356336725189,-0.556372,-0.2375301,-0.7962599,0.4887159,-0.8685443,-0.08238819,-0.6720172,-0.43498334,0.59931827
1356336725229,-0.5451414,-0.18077363,-0.818622,0.47232378,-0.87297523,-0.121756226,-0.69262636,-0.45302895,0.5612785
1356336725268,-0.51660544,-0.1269486,-0.8467603,0.46696043,-0.8707027,-0.15435278,-0.7176815,-0.47514302,0.5090897
1356336725310,-0.47229028,-0.08131234,-0.8776845,0.47202325,-0.86425793,-0.17393172,-0.744403,-0.4964338,0.44656193
1356336725350,-0.4138711,-0.049029127,-0.9090142,0.48454732,-0.85720843,-0.17437781,-0.77066505,-0.51263034,0.37853074
1356336725390,-0.34430927,-0.031970188,-0.93831176,0.49869692,-0.8529985,-0.1539312,-0.7954573,-0.52093315,0.3096388
1356336725430,-0.26717407,-0.033610076,-0.96306205,0.50880206,-0.8536506,-0.11136088,-0.8183756,-0.5197607,0.24517405
1356336725470,-0.18679035,-0.05848171,-0.9806576,0.510548,-0.8586156,-0.04604271,-0.8393153,-0.50927305,0.1902389
1356336725510,-0.10694641,-0.111223936,-0.9880242,0.50249666,-0.8635184,0.04281652,-0.8579392,-0.4918998,0.14823973
1356336725550,-0.030215085,-0.19153696,-0.9810202,0.4860294,-0.86044097,0.1530252,-0.87342,-0.47218096,0.119090945
1356336725590,0.041199327,-0.2884449,-0.9566097,0.46543524,-0.84165776,0.273829,-0.8841226,-0.45652142,0.09957668
1356336725630,0.10490805,-0.38182533,-0.91826123,0.44773698,-0.8063462,0.38644192,-0.8879898,-0.4516804,0.08636516
1356336725670,0.15862638,-0.45355195,-0.8769996,0.43946564,-0.76297307,0.47406954,-0.8841423,-0.4606111,0.07829291
1356336725710,0.20069158,-0.49843448,-0.8433777,0.44212228,-0.72215295,0.5319991,-0.8742144,-0.47964385,0.07543898
1356336725750,0.22981542,-0.5201787,-0.8225564,0.4539141,-0.6903348,0.5633825,-0.86089885,-0.502844,0.077466816
1356336725790,0.24489146,-0.52401334,-0.815744,0.47178882,-0.6706276,0.57242817,-0.8470203,-0.52504164,0.08299261
1356336725830,0.24500781,-0.51374567,-0.8222144,0.49397883,-0.66358,0.56182426,-0.8342398,-0.5438078,0.09119722
1356336725870,0.22891223,-0.49432266,-0.83859664,0.5200249,-0.6661482,0.534622,-0.82290536,-0.5584727,0.10457063
1356336725910,0.19512945,-0.4767293,-0.85711944,0.5491215,-0.6710001,0.49822134,-0.8126439,-0.56788033,0.13085037
1356336725950,0.14281374,-0.47695124,-0.86724955,0.5793524,-0.6701455,0.46395665,-0.8024681,-0.5687024,0.18061689
1356336725990,0.0734967,-0.5103474,-0.85682195,0.6092724,-0.65719867,0.44370845,-0.7895476,-0.55464906,0.26263857
1356336726032,-0.008926272,-0.5721521,-0.820099,0.6394344,-0.63380325,0.43522075,-0.7687938,-0.5205146,0.37151122
1356336726070,-0.095294714,-0.6274203,-0.7728277,0.6660168,-0.6171827,0.4189356,-0.7398246,-0.47479385,0.47668678
1356336726110,-0.17396528,-0.65670216,-0.7338108,0.68102276,-0.6184776,0.39203742,-0.7112974,-0.431541,0.55482286
1356336726150,-0.24500489,-0.64400953,-0.72472364,0.67558306,-0.64954984,0.34881592,-0.6953849,-0.4041494,0.5942248
1356336726190,-0.30716807,-0.58690006,-0.7491302,0.6477019,-0.7056627,0.28726676,-0.69723016,-0.39697388,0.5968935
1356336726230,-0.35666472,-0.48916048,-0.7959348,0.6037598,-0.7708367,0.20318626,-0.7129265,-0.4080841,0.5702658
1356336726270,-0.3870144,-0.36556935,-0.8465099,0.556738,-0.82446206,0.10151382,-0.7350256,-0.43199694,0.52260506
1356336726310,-0.39450133,-0.23920292,-0.88721514,0.519511,-0.8544636,-6.284863E-4,-0.7579427,-0.4611659,0.46135554
1356336726350,-0.3808577,-0.13034433,-0.9154004,0.49797738,-0.8630838,-0.08429146,-0.7790803,-0.4879517,0.39362055
1356336726390,-0.3508432,-0.04940355,-0.9351301,0.49046093,-0.8603778,-0.1385574,-0.79771996,-0.50725675,0.3260882
1356336726430,-0.3090943,0.0021835864,-0.95102894,0.4913192,-0.8558476,-0.1616489,-0.81428874,-0.5172235,0.26346478
1356336726470,-0.25858253,0.022869319,-0.96571845,0.49578753,-0.8548606,-0.15299705,-0.8290536,-0.51835346,0.2097137
1356336726510,-0.20249927,0.014122859,-0.97918063,0.4991976,-0.85873944,-0.11562218,-0.84249383,-0.512218,0.16684395
1356336726550,-0.14307547,-0.02159582,-0.98947614,0.49851215,-0.8652488,-0.05319895,-0.8549941,-0.5008774,0.13456166
1356336726590,-0.08181256,-0.079377174,-0.99348176,0.49359912,-0.86921257,0.02880077,-0.8658329,-0.48802543,0.110293
1356336726630,-0.021696568,-0.1476845,-0.98879653,0.4866228,-0.8655249,0.11859527,-0.8733427,-0.47859785,0.09064558
1356336726670,0.03384769,-0.2131205,-0.9764394,0.48156285,-0.85262734,0.20278998,-0.87575763,-0.47708094,0.07377151
1356336726710,0.08123028,-0.26527244,-0.9607457,0.48183846,-0.83335406,0.27083728,-0.87248695,-0.4849244,0.060124815
1356336726750,0.11759889,-0.29985148,-0.9467098,0.48850644,-0.81253576,0.31803602,-0.8645993,-0.49987453,0.05092618
1356336726790,0.14111418,-0.31670505,-0.9379684,0.50064236,-0.79454273,0.3435973,-0.85407495,-0.51807314,0.04643473
