1356336027411,0.22581035,0.93260163,0.28153846,0.004598677,-0.29002023,0.9570095,0.97416043,-0.21480793,-0.06977829
1356336027413,0.025115043,0.41004458,-0.91171956,0.22447035,0.8864057,0.40484315,0.9741572,-0.21482165,-0.06978077
1356336027447,0.025197476,0.4101016,-0.9116918,0.22454496,0.8863559,0.40491092,0.974138,-0.21491855,-0.069752336
1356336027477,0.025406033,0.41010895,-0.9116826,0.22469369,0.8862993,0.4049522,0.9740982,-0.21513757,-0.06963158
1356336027510,0.025908947,0.4101128,-0.9116667,0.22496188,0.8861889,0.40504488,0.97402304,-0.21558455,-0.06929952
1356336027549,0.027163327,0.41024172,-0.9115723,0.22551954,0.88588417,0.4054013,0.97385997,-0.2165894,-0.06845397
1356336027589,0.02872768,0.4089129,-0.9121211,0.2264628,0.8861085,0.40438372,0.97359604,-0.21817851,-0.06714773
1356336027629,0.030292451,0.40550774,-0.91358954,0.2278657,0.88713974,0.4013232,0.97322124,-0.2203328,-0.06552768
1356336027668,0.031482518,0.39958495,-0.9161554,0.2297495,0.8891725,0.3957113,0.9727405,-0.22294426,-0.063811064
1356336027709,0.032013655,0.39111084,-0.91978663,0.23205264,0.8922036,0.3874587,0.97217625,-0.22584286,-0.0621956
1356336027749,0.031888425,0.3806354,-0.9241752,0.23469988,0.8959398,0.3771045,0.9715447,-0.22892907,-0.06076497
1356336027789,0.031336844,0.3691327,-0.9288482,0.23766005,0.8999002,0.36564648,0.9708428,-0.23220831,-0.059528053
1356336027830,0.030703455,0.35782132,-0.9332851,0.24094161,0.90354156,0.35434416,0.9700538,-0.23574679,-0.058472216
1356336027869,0.030393243,0.34788072,-0.937046,0.24451329,0.9064084,0.34443724,0.96916944,-0.23958875,-0.05751276
1356336027909,0.030670017,0.34004036,-0.9399106,0.2481707,0.9083165,0.33670828,0.96823066,-0.24358514,-0.05653
1356336027949,0.031217754,0.33403838,-0.94204235,0.25159502,0.90952766,0.33084646,0.967329,-0.24734142,-0.055648983
1356336027989,0.03107363,0.3286628,-0.943936,0.25449318,0.9106654,0.32545626,0.96657515,-0.25033838,-0.05534476
1356336028029,0.02923581,0.32262477,-0.9460753,0.25664356,0.91232824,0.3190474,0.96606386,-0.25213176,-0.056126893
1356336028072,0.025077999,0.31514332,-0.9487127,0.257951,0.91483426,0.3107082,0.9658325,-0.25251332,-0.05834931
1356336028110,0.018103957,0.30567724,-0.9519631,0.2585113,0.918313,0.2997884,0.9658386,-0.2515206,-0.06239593
1356336028150,0.008671999,0.29463488,-0.9555705,0.25857872,0.9224433,0.28676724,0.96595126,-0.24957705,-0.06818688
1356336028190,-0.0029667616,0.2821036,-0.9593793,0.25831568,0.92703855,0.27179506,0.966056,-0.2470164,-0.07562208
1356336028230,-0.015519083,0.2692307,-0.9629507,0.25779256,0.93158466,0.25630647,0.96607566,-0.24426389,-0.08386302
1356336028269,-0.02697438,0.25781456,-0.9658178,0.25700846,0.9354795,0.24253806,0.9660326,-0.24168101,-0.0914945
1356336028300,-0.035568118,0.24921721,-0.9677942,0.2561608,0.9383272,0.23221481,0.9659796,-0.2396515,-0.09721422
1356336028341,-0.039325893,0.24546666,-0.968607,0.25513008,0.9396938,0.227781,0.9661066,-0.23816308,-0.09958023
1356336028380,-0.03827405,0.24579763,-0.9685653,0.25390795,0.9398555,0.22847836,0.9664709,-0.23718165,-0.098382056
1356336028458,-0.03204781,0.25039652,-0.96761286,0.25231358,0.93878144,0.2345789,0.9671147,-0.23662414,-0.09326434
1356336028460,-0.021597415,0.2579784,-0.9659093,0.25007161,0.9368174,0.24461693,0.9679865,-0.23626342,-0.084745884
1356336028485,-0.01004836,0.26545152,-0.9640718,0.24738964,0.93480873,0.2548156,0.9688639,-0.23594092,-0.07506323
1356336028517,0.0031945705,0.27469602,-0.9615258,0.24390396,0.93227756,0.26715052,0.96979415,-0.2353734,-0.06402123
1356336028559,0.02067095,0.28854996,-0.95724165,0.23811208,0.9284751,0.28502044,0.9710177,-0.23382244,-0.04951477
1356336028599,0.03938824,0.30339462,-0.9520506,0.23000707,0.92445153,0.30411533,0.97239155,-0.23095694,-0.033370376
1356336028639,0.057312787,0.31769788,-0.9464583,0.22006285,0.9206789,0.3223704,0.9738006,-0.22675627,-0.017146826
1356336028679,0.07293701,0.33004653,-0.9411426,0.20915103,0.9176109,0.33800313,0.97515947,-0.22149388,-0.002101779
1356336028719,0.085165024,0.33898914,-0.9369276,0.19823897,0.91577893,0.3493569,0.9764468,-0.21548854,0.010791481
1356336028759,0.09324935,0.34309417,-0.93466085,0.18825145,0.91574293,0.35493127,0.97768396,-0.20904836,0.020804465
1356336028800,0.09696925,0.34135705,-0.9349184,0.17998838,0.9178432,0.35379094,0.97887754,-0.2025813,0.02756226
1356336028839,0.096738935,0.33353585,-0.9377609,0.17403638,0.92199606,0.34588227,0.979976,-0.19666478,0.031145513
1356336028880,0.093474805,0.32013893,-0.94274783,0.17078461,0.927703,0.33196348,0.9808644,-0.19203703,0.032042086
1356336028920,0.08815542,0.30207047,-0.94920075,0.17032325,0.934306,0.31314892,0.98143697,-0.18927674,0.030914485
1356336028960,0.081351966,0.28004742,-0.95653296,0.17202072,0.9413667,0.29023728,0.98172843,-0.18815485,0.02840805
1356336029000,0.07286149,0.25430423,-0.96437573,0.17428242,0.9488213,0.2633701,0.9819963,-0.18726327,0.024811804
1356336029040,0.06187305,0.2245235,-0.9725024,0.17487557,0.9568579,0.23203763,0.9826445,-0.18442377,0.019940019
1356336029080,0.04839456,0.19139832,-0.9803187,0.17193127,0.9652227,0.19693857,0.98391956,-0.1780782,0.013804197
1356336029120,0.034089923,0.15783568,-0.98687685,0.1649367,0.9730224,0.16131735,0.9857149,-0.16827151,0.007137358
1356336029160,0.022012174,0.12817156,-0.99150777,0.15615058,0.9791358,0.13003892,0.98748803,-0.15768695,0.0015388727
1356336029200,0.014405102,0.1060036,-0.9942614,0.15003107,0.98287815,0.10696365,0.9885763,-0.15071093,-0.0017453432
1356336029240,0.011569053,0.09279302,-0.99561816,0.1511876,0.98407567,0.09347402,0.98843735,-0.15160653,-0.0026443005
1356336029280,0.012136161,0.088263966,-0.9960231,0.1621618,0.9827367,0.08906243,0.9866895,-0.16259778,-0.0023863912
1356336029320,0.014093667,0.09156242,-0.99569964,0.18263736,0.9788104,0.09259449,0.9830793,-0.18315695,-0.002927661
1356336029360,0.015758783,0.1022859,-0.9946302,0.21023414,0.97217757,0.10330783,0.97752404,-0.21073322,-0.0061836243
1356336029400,0.01631096,0.12089743,-0.99253094,0.24186845,0.9627049,0.12123918,0.9701719,-0.24203944,-0.013538659
1356336029454,0.015240103,0.14775321,-0.9889068,0.27489746,0.9502901,0.14621991,0.96135277,-0.27407637,-0.026134431
1356336029480,0.011919558,0.18276495,-0.9830844,0.30680466,0.9350638,0.17755735,0.9516979,-0.3037313,-0.044927597
1356336029520,0.0039387643,0.22275463,-0.97486657,0.33617064,0.9178417,0.2110828,0.9417928,-0.32855293,-0.07126844
1356336029560,-0.012329042,0.26302472,-0.9647103,0.362439,0.90035075,0.24084532,0.93192595,-0.34667927,-0.10643089
1356336029600,-0.04390508,0.2946406,-0.954599,0.3850897,0.8866728,0.25596341,0.92183423,-0.35636815,-0.1523925
1356336029640,-0.10104856,0.305316,-0.9468745,0.4010987,0.8834722,0.24206772,0.9104444,-0.35532954,-0.21173543
1356336029680,-0.18754554,0.28665143,-0.9394986,0.40258545,0.8948758,0.19267121,0.8959641,-0.34209386,-0.28323168
1356336029720,-0.2957688,0.23698205,-0.9253974,0.37903303,0.9183308,0.11402861,0.8768437,-0.3170301,-0.36143762
1356336029761,-0.39810598,0.17617314,-0.9002636,0.33409822,0.9418287,0.03656528,0.85433596,-0.28621963,-0.43380678
1356336029800,-0.46955377,0.13137707,-0.87307465,0.29103988,0.95662826,-0.012576066,0.8335557,-0.26000467,-0.48742437
1356336029840,-0.5025802,0.11832859,-0.8563944,0.2719377,0.96194506,-0.026675686,0.82064784,-0.2462926,-0.51563257
1356336029880,-0.49815077,0.14104758,-0.8555415,0.28409213,0.9587688,-0.007350534,0.8192298,-0.2467143,-0.51768196
1356336029920,-0.45723575,0.1971542,-0.86721724,0.3221152,0.94562346,0.045145594,0.82896155,-0.25870168,-0.49587917
1356336029960,-0.38160756,0.27804875,-0.8815127,0.37198395,0.91924334,0.1289177,0.84617,-0.27871257,-0.45421982
1356336030000,-0.2781098,0.36910275,-0.88680214,0.41558293,0.87857926,0.23534936,0.86599404,-0.30308688,-0.39773428
1356336030059,-0.16187975,0.45257273,-0.87691087,0.43749866,0.82944006,0.3473098,0.884528,-0.3274249,-0.3322695
1356336030079,-0.053297818,0.5139975,-0.8561343,0.43280917,0.784528,0.4440631,0.89990866,-0.34687516,-0.26427644
1356336030119,0.031227976,0.5474192,-0.83627576,0.40859455,0.75658834,0.51051414,0.9121817,-0.35764006,-0.20004576
1356336030156,0.0860441,0.55438566,-0.82780004,0.37665343,0.75111496,0.5421794,0.92234945,-0.35844505,-0.14418226
1356336030199,0.11525363,0.5397736,-0.83388305,0.34469834,0.7655805,0.54320306,0.9316113,-0.3500442,-0.09782314
1356336030239,0.12608615,0.50685304,-0.8527615,0.3169527,0.7939825,0.5187801,0.94002295,-0.33569604,-0.060538232
1356336030279,0.12429148,0.45938057,-0.87950045,0.2937628,0.82960117,0.47483188,0.94776314,-0.3173821,-0.03183657
1356336030319,0.11226183,0.39783934,-0.9105609,0.27476433,0.868197,0.41320518,0.9549355,-0.29657683,-0.011846662
1356336030359,0.09317511,0.32576016,-0.94084996,0.25843683,0.9046597,0.33882332,0.9615242,-0.2747202,1.03354454E-4
1356336030399,0.07235655,0.25011706,-0.96550816,0.24506226,0.9339111,0.2602971,0.9668035,-0.25544384,0.006280303
1356336030455,0.054982275,0.1793432,-0.98224896,0.23846921,0.9529103,0.18733494,0.9695924,-0.24453624,0.009625375
1356336030480,0.04235947,0.11921446,-0.99196446,0.24284504,0.96185184,0.12596563,0.9691398,-0.2462295,0.011792898
1356336030520,0.032199025,0.07213614,-0.9968749,0.25832006,0.9629036,0.07802163,0.96552265,-0.26002502,0.012370348
1356336030560,0.022441179,0.039877206,-0.9989526,0.2808728,0.9587091,0.044580474,0.95948267,-0.28157902,0.010314167
1356336030600,0.013986317,0.025633916,-0.99957365,0.30554807,0.9517445,0.028682679,0.952074,-0.30581892,0.005478978
1356336030640,0.00996846,0.033024058,-0.99940485,0.32897604,0.94370914,0.034465,0.9442857,-0.3291238,-0.0014567971
1356336030680,0.01325354,0.06405169,-0.9978586,0.34923565,0.93480253,0.06464273,0.9369412,-0.34934452,-0.009979665
1356336030720,0.023346514,0.11664853,-0.9928988,0.36561304,0.9233743,0.11707742,0.93047416,-0.3657501,-0.021090627
1356336030760,0.03268689,0.18146414,-0.98285425,0.37928754,0.9075665,0.18017781,0.92470133,-0.3786738,-0.039161563
1356336030800,0.02414748,0.24051197,-0.97034574,0.39354402,0.88996994,0.23038338,0.9189886,-0.38743693,-0.07316154
1356336030840,-0.027008802,0.2693241,-0.96267086,0.40935227,0.881554,0.23514542,0.91197664,-0.3877205,-0.13405812
1356336030880,-0.13820034,0.24578112,-0.9594229,0.4131788,0.8947013,0.16968454,0.9001022,-0.37296277,-0.22519958
1356336030920,-0.28937066,0.16952379,-0.94208616,0.3794821,0.9238641,0.049683303,0.8787821,-0.3431279,-0.3316704
1356336030960,-0.42394656,0.07588511,-0.9025026,0.3128505,0.9474152,-0.067298636,0.8499376,-0.3108794,-0.42539406
1356336031001,-0.50648254,0.0047729984,-0.86223704,0.25339824,0.95665157,-0.14355178,0.8241753,-0.2911958,-0.4857368
1356336031040,-0.53753614,-0.02743426,-0.8427943,0.22938451,0.9570228,-0.17745458,0.81144166,-0.2887122,-0.5081414
1356336031080,-0.52627134,-0.019429646,-0.8500947,0.24499157,0.9538802,-0.17346963,0.81425893,-0.29955813,-0.4972397
1356336031120,-0.4781971,0.02440849,-0.87791336,0.29075003,0.9476467,-0.13202348,0.82872915,-0.31838655,-0.46025866
1356336031162,-0.39698112,0.09528758,-0.91286707,0.3495056,0.93535626,-0.054355428,0.84867656,-0.34063023,-0.40462232
1356336031200,-0.29025924,0.1788798,-0.9400807,0.40039963,0.91494966,0.05047047,0.86915463,-0.3617584,-0.337196
1356336031240,-0.17769486,0.2526698,-0.95109546,0.42579967,0.8910627,0.15716848,0.8871974,-0.3770481,-0.26592398
1356336031280,-0.082411945,0.29807436,-0.9509785,0.42348444,0.8742629,0.23732948,0.90214705,-0.38316578,-0.19827956
1356336031320,-0.016717613,0.3090754,-0.9508906,0.4035838,0.87219423,0.2764007,0.91479,-0.3791433,-0.13931882
1356336031360,0.019961476,0.28875315,-0.95719546,0.3776906,0.88426715,0.27462953,0.9257167,-0.36700577,-0.091408074
1356336031400,0.034389824,0.24379276,-0.9692174,0.35357624,0.9041035,0.2399599,0.9347733,-0.35094446,-0.055107355
1356336031450,0.033026993,0.18156417,-0.98282427,0.3342628,0.92472756,0.18206412,0.941901,-0.3345346,-0.030149162
1356336031480,0.020388335,0.10845289,-0.9938925,0.3193683,0.94131005,0.10926653,0.94741136,-0.31964552,-0.015444696
1356336031526,-4.5657158E-5,0.030634046,-0.9995306,0.3071956,0.9512002,0.029138744,0.9516464,-0.30705008,-0.0094540715
1356336031559,-0.02115065,-0.04585719,-0.99872416,0.2980332,0.9532409,-0.050080433,0.9543212,-0.2987122,-0.006494701
1356336031599,-0.03845415,-0.10723729,-0.9934895,0.29443368,0.94887,-0.113817476,0.9548979,-0.29689354,-0.0049137473
1356336031639,-0.053459886,-0.15492228,-0.9864791,0.2972125,0.94065076,-0.16383186,0.9533135,-0.30195236,-0.0042422414
1356336031679,-0.06710255,-0.18756828,-0.9799568,0.3049049,0.9313305,-0.19913936,0.95001584,-0.31215644,-0.0053041577
1356336031719,-0.078638494,-0.20302568,-0.97601056,0.31534976,0.92370194,-0.21755286,0.9457116,-0.32489276,-0.008614421
1356336031759,-0.08465716,-0.1972355,-0.97669405,0.32675943,0.92051136,-0.21421248,0.9413083,-0.3372786,-0.013479352
1356336031799,-0.08318376,-0.16853563,-0.9821793,0.3386525,0.9221584,-0.18691793,0.93722725,-0.34816602,-0.019633591
1356336031839,-0.07647753,-0.1178226,-0.99008536,0.35078937,0.92632973,-0.1373317,0.93332636,-0.35781422,-0.029512525
1356336031879,-0.07443252,-0.052736223,-0.9958306,0.36208847,0.92901886,-0.07626204,0.9291672,-0.36625516,-0.050054073
1356336031919,-0.09740484,0.007738292,-0.99521476,0.37012333,0.92852974,-0.029005378,0.92386204,-0.37117746,-0.093307376
1356336031959,-0.16323274,0.04243137,-0.9856748,0.36953676,0.9289741,-0.021206632,0.9147665,-0.3677047,-0.16731894
1356336031999,-0.2683593,0.039460465,-0.9625104,0.3502524,0.93477434,-0.059331164,0.89738876,-0.35304362,-0.2646765
1356336032039,-0.37474018,0.016757905,-0.92697835,0.31487674,0.9427076,-0.11024979,0.87202203,-0.33319896,-0.3585471
1356336032078,-0.44389826,0.0077896565,-0.89604336,0.2893359,0.94764614,-0.13509822,0.8480796,-0.31922737,-0.4229123
1356336032119,-0.46132398,0.03765081,-0.8864325,0.29816204,0.9475715,-0.114924125,0.83563125,-0.31731778,-0.44836354
1356336032159,-0.4264272,0.11506795,-0.89717287,0.34323856,0.9382725,-0.042802423,0.8368674,-0.32619646,-0.43960065
1356336032199,-0.34176958,0.23263083,-0.91053635,0.40558648,0.91051483,0.08038856,0.84775776,-0.34182692,-0.4055382
1356336032240,-0.22090992,0.36463195,-0.9045675,0.45510393,0.85885215,0.23506038,0.8626002,-0.35974506,-0.3556744
1356336032278,-0.09253362,0.4781425,-0.8733942,0.47129464,0.7937094,0.3845865,0.8771083,-0.3760388,-0.2987908
1356336032319,0.01762861,0.55631214,-0.83078635,0.45649427,0.73477894,0.50170994,0.88955164,-0.38809365,-0.24100018
1356336032358,0.09618321,0.59851736,-0.79531497,0.4259989,0.69739056,0.5763431,0.8995965,-0.39423782,-0.18789041
1356336032399,0.14351967,0.61275357,-0.7771327,0.39283532,0.6854736,0.61303043,0.9083405,-0.39326704,-0.14233226
1356336032455,0.16383696,0.6043024,-0.7797282,0.36416364,0.6975321,0.61711735,0.916811,-0.38505524,-0.1057834
1356336032480,0.16289002,0.5768107,-0.80047256,0.34126407,0.72829413,0.5942445,0.925746,-0.369969,-0.07821292
1356336032520,0.1461057,0.53148687,-0.8343709,0.3228735,0.7716169,0.5480512,0.9350967,-0.34946966,-0.058865428
1356336032560,0.11949447,0.47104025,-0.8739807,0.3065632,0.81976736,0.4837361,0.9443199,-0.32573408,-0.046445906
1356336032600,0.0911403,0.4016295,-0.9112558,0.2920465,0.86404955,0.41003305,0.9520516,-0.30349958,-0.038544774
1356336032640,0.068843395,0.33397263,-0.9400653,0.2821408,0.8973142,0.3394465,0.9568997,-0.2885994,-0.03245312
1356336032680,0.05578792,0.2768765,-0.9592846,0.28129154,0.9175047,0.28117636,0.9579993,-0.28552487,-0.026697338
1356336032720,0.050771177,0.2363879,-0.97033143,0.29151005,0.9257672,0.24078418,0.9552195,-0.29508626,-0.02190715
1356336032760,0.05093974,0.21590172,-0.9750854,0.31029862,0.9246092,0.22093573,0.94927335,-0.31382206,-0.01989466
1356336032800,0.055770308,0.21920666,-0.97408324,0.33218583,0.91594934,0.22514325,0.9415638,-0.33613294,-0.021734536
1356336032840,0.067851365,0.25045356,-0.96574795,0.35214505,0.8996668,0.25805724,0.93348277,-0.35759288,-0.02715236
1356336032880,0.09076744,0.3126904,-0.94550836,0.36681744,0.87217754,0.32365307,0.9258543,-0.37620613,-0.035534978
1356336032920,0.12326276,0.4012702,-0.90762794,0.37504548,0.82793474,0.4169712,0.91877484,-0.3917988,-0.048441052
1356336032960,0.15301627,0.49876052,-0.853126,0.38004774,0.76719916,0.51669055,0.91222245,-0.4032907,-0.07215887
1356336033000,0.1562509,0.5803484,-0.799238,0.39265558,0.7059919,0.5894039,0.90631515,-0.40592015,-0.117565155
1356336033040,0.10826355,0.62846124,-0.77026975,0.42324772,0.67195326,0.6077336,0.8995223,-0.39181033,-0.19324672
1356336033080,0.0014590621,0.6377871,-0.77021134,0.46242607,0.6824841,0.56601906,0.88665664,-0.35699168,-0.29393363
1356336033120,-0.12782556,0.6224998,-0.7721106,0.48679316,0.7176523,0.49800366,0.86411417,-0.31220055,-0.39476293
1356336033160,-0.22232795,0.6140945,-0.75727034,0.49836195,0.7391528,0.45308778,0.8379772,-0.2766606,-0.47037566
1356336033200,-0.25088114,0.6361275,-0.7296578,0.51561,0.7257549,0.4554406,0.819271,-0.26195738,-0.5100719
1356336033240,-0.21761608,0.6831043,-0.69714534,0.538991,0.6795839,0.49764884,0.81371486,-0.26745868,-0.5160755
1356336033280,-0.14385742,0.7336768,-0.66409594,0.55409396,0.6157365,0.5602218,0.8199298,-0.28737947,-0.49510413
1356336033320,-0.05449319,0.770803,-0.6347387,0.55047953,0.5535465,0.62494683,0.83306825,-0.3153553,-0.45447582
1356336033360,0.031409204,0.78939,-0.61308795,0.52834386,0.507575,0.68060297,0.8484493,-0.34529847,-0.40112686
1356336033400,0.10338718,0.79227257,-0.6013446,0.49397194,0.4838565,0.7224089,0.86330926,-0.3717352,-0.3413359
1356336033455,0.15783113,0.7845607,-0.5996281,0.45398462,0.48160648,0.74963534,0.87691927,-0.3905377,-0.28016597
1356336033481,0.19418365,0.77033126,-0.6073569,0.41293073,0.4974268,0.76292515,0.8898207,-0.39894393,-0.22150135
1356336033520,0.21286163,0.75173444,-0.62416756,0.3734097,0.52773035,0.76293236,0.90291476,-0.39546925,-0.16837144
1356336033560,0.21580586,0.72927684,-0.6492944,0.33685058,0.5685375,0.750531,0.91649306,-0.3806842,-0.12296361
1356336033600,0.20604849,0.70259434,-0.68110585,0.30365032,0.61577404,0.72706175,0.9302368,-0.35662794,-0.08646369
1356336033640,0.18753314,0.67101073,-0.7173396,0.2744313,0.6654222,0.6941907,0.94314307,-0.3270442,-0.059357643
1356336033681,0.16608706,0.6351454,-0.7543245,0.2504537,0.7126958,0.6552387,0.9537757,-0.29775006,-0.040704966
1356336033737,0.14943591,0.59787977,-0.7875333,0.23451711,0.75231814,0.61564523,0.96055746,-0.27668953,-0.027789712
1356336033759,0.14337444,0.5635529,-0.8135428,0.23000062,0.78055435,0.5812354,0.9625713,-0.27044967,-0.017705977
1356336033799,0.14859992,0.53586674,-0.83112264,0.23845695,0.7962366,0.55600864,0.9597168,-0.28080976,-0.009460449
1356336033836,0.16075477,0.5164072,-0.84111917,0.2569238,0.80092895,0.5408355,0.952968,-0.30304545,-0.0039241314
1356336033879,0.17598614,0.5065511,-0.8440586,0.2802236,0.7961865,0.53624785,0.94366497,-0.3308973,-0.001829803
1356336033919,0.19265062,0.507965,-0.83955777,0.3024159,0.78320456,0.54326355,0.93350434,-0.3585557,-0.0027318597
1356336033959,0.21045601,0.5210748,-0.8271573,0.3202441,0.7626752,0.56193435,0.92366225,-0.38315475,-0.006361544
1356336033999,0.22664347,0.54380953,-0.8080247,0.3343095,0.73577666,0.58895653,0.91480595,-0.4036135,-0.015041709
1356336034039,0.23252091,0.57146716,-0.7869938,0.34992102,0.7058326,0.6159185,0.90746313,-0.4185996,-0.035847545
1356336034079,0.21260515,0.5983951,-0.77247804,0.3759995,0.6795802,0.6299168,0.9018999,-0.42437494,-0.080514014
1356336034119,0.14895725,0.61912066,-0.7710391,0.41836947,0.6670527,0.6164476,0.89597917,-0.41440362,-0.15965885
1356336034159,0.036711484,0.6275849,-0.7776822,0.46789128,0.6768436,0.5682962,0.88302326,-0.3847337,-0.26879352
1356336034199,-0.097486466,0.620673,-0.7779855,0.50357777,0.7050181,0.49935853,0.85843223,-0.34309548,-0.38128686
1356336034239,-0.20761752,0.6062727,-0.7676773,0.51838493,0.7337127,0.4392525,0.82956135,-0.30675584,-0.46661425
1356336034279,-0.26719126,0.5964424,-0.7568787,0.5231196,0.7494037,0.4058817,0.80929273,-0.28749,-0.5122449
1356336034319,-0.27664995,0.5953357,-0.75434744,0.5262209,0.7506833,0.3994573,0.8040873,-0.28644356,-0.5209546
1356336034359,-0.24778956,0.5994152,-0.7611187,0.5278188,0.7423135,0.4127686,0.8124085,-0.29945302,-0.50032014
1356336034398,-0.19433025,0.6031364,-0.7736035,0.5245228,0.73031473,0.4376257,0.828922,-0.32072878,-0.45828104
1356336034454,-0.1097514,0.60690176,-0.78716254,0.50934184,0.71440405,0.47978923,0.8535371,-0.3482773,-0.38752735
1356336034490,-0.035122573,0.59771925,-0.80093575,0.48281723,0.7118462,0.5100613,0.87501657,-0.3687909,-0.313591
1356336034530,0.028518468,0.58383745,-0.81136954,0.44808143,0.7181127,0.53248197,0.89353776,-0.37874517,-0.24112725
1356336034570,0.07752204,0.56610835,-0.82067764,0.40888992,0.7326886,0.54403716,0.9092852,-0.3777417,-0.17467648
1356336034610,0.111736834,0.54541665,-0.83068377,0.36926955,0.75327295,0.5442608,0.92258054,-0.3675602,-0.11723745
1356336034650,0.13239068,0.5216599,-0.84281886,0.3334362,0.7773091,0.53348935,0.9334308,-0.35165533,-0.07103181
1356336034690,0.14101863,0.49424884,-0.8578064,0.304984,0.80263734,0.51259935,0.94185907,-0.33390328,-0.037551165
1356336034730,0.13904423,0.46253532,-0.8756299,0.28553826,0.82793903,0.4826851,0.94822705,-0.3171404,-0.016951382
1356336034770,0.12964776,0.42621383,-0.89528376,0.27474836,0.85210943,0.4454468,0.95273536,-0.30372894,-0.0066275
1356336034810,0.11777297,0.38739324,-0.91436106,0.27149844,0.8731266,0.40489322,0.95520586,-0.29593307,-0.0023459792
1356336034850,0.10754731,0.3495173,-0.9307369,0.2754829,0.8890337,0.3656888,0.955271,-0.29573095,-6.7287683E-4
1356336034890,0.10019374,0.3166973,-0.94321996,0.28618145,0.8987572,0.33216807,0.9529225,-0.3032132,-5.8305264E-4
1356336034930,0.095175326,0.29300523,-0.951362,0.3017559,0.90224135,0.30806482,0.9486227,-0.31639922,-0.0025449395
1356336034970,0.09267682,0.28241152,-0.95480615,0.3187396,0.90005744,0.297156,0.94330066,-0.33187404,-0.006601274
1356336035010,0.094774246,0.288625,-0.95273995,0.3336444,0.89248645,0.30356112,0.93792284,-0.3466461,-0.011713386
1356336035050,0.10329932,0.31318206,-0.9440584,0.34473205,0.87903386,0.32933158,0.9330001,-0.3594669,-0.017160296
1356336035090,0.116381824,0.35425153,-0.92787987,0.35232285,0.858748,0.37204897,0.92861396,-0.37021303,-0.02486825
1356336035130,0.12477216,0.40545484,-0.90555966,0.35913292,0.8323494,0.42215872,0.9249084,-0.37788993,-0.04175812
1356336035170,0.11142033,0.4556583,-0.88315403,0.37000862,0.80577105,0.4624139,0.92232263,-0.3782969,-0.0788182
1356336035210,0.056914657,0.49071458,-0.86945957,0.38862517,0.791296,0.4720392,0.9196364,-0.36475983,-0.14566773
1356336035250,-0.04233849,0.50085783,-0.8644934,0.40871987,0.7982371,0.44245413,0.9116773,-0.3346028,-0.23850667
1356336035290,-0.15950513,0.4879091,-0.8581974,0.41791192,0.82096124,0.3890659,0.8943756,-0.29659286,-0.33485055
1356336035330,-0.2529778,0.46870708,-0.8463544,0.4167081,0.8422927,0.34190246,0.87313026,-0.266189,-0.4083954
1356336035370,-0.2992807,0.46150365,-0.83513206,0.41740796,0.8503814,0.32034692,0.85802203,-0.2527171,-0.447138
1356336035410,-0.2975095,0.47310168,-0.8292544,0.42699385,0.8428086,0.32764298,0.85391116,-0.25660962,-0.45275503
1356336035456,-0.25748277,0.49934658,-0.8272579,0.44257608,0.8219886,0.35841483,0.8589698,-0.27383888,-0.43264675
1356336035491,-0.1892316,0.5331319,-0.824598,0.45703715,0.7910815,0.40657985,0.8690849,-0.29993415,-0.3933587
1356336035530,-0.10768998,0.56453925,-0.818351,0.46241003,0.75712526,0.46145236,0.8801022,-0.3287199,-0.34258342
1356336035570,-0.025616467,0.58769524,-0.8086768,0.45503354,0.72713536,0.514022,0.8901058,-0.3548076,-0.2860477
1356336035610,0.044929147,0.5987977,-0.79963917,0.4362012,0.7083517,0.5549472,0.8987269,-0.37373692,-0.22937065
1356336035650,0.09686884,0.59709847,-0.79629767,0.4108397,0.704731,0.578416,0.90654683,-0.38318115,-0.17704523
1356336035691,0.12914073,0.5834909,-0.80178607,0.3840826,0.71601075,0.5829315,0.9142227,-0.3832323,-0.13164252
1356336035730,0.14424428,0.5590561,-0.8164863,0.3593819,0.739179,0.5696131,0.9219752,-0.3755938,-0.09429228
1356336035770,0.1453093,0.52449536,-0.83892184,0.3385722,0.7703681,0.5402794,0.92965263,-0.36254323,-0.06563789
1356336035810,0.1354213,0.48084468,-0.86628485,0.3221947,0.80544543,0.49744165,0.93693733,-0.34647655,-0.04585111
1356336035850,0.11898884,0.43084317,-0.8945478,0.31021255,0.83971554,0.4456973,0.9431913,-0.33053297,-0.03373617
1356336035891,0.10207656,0.3800425,-0.91931933,0.30300182,0.8683554,0.39261794,0.9475073,-0.31863254,-0.026514828
1356336035930,0.08971849,0.33529264,-0.9378323,0.3019731,0.8881479,0.34641805,0.9490853,-0.31428024,-0.021566093
1356336035970,0.083492994,0.30241784,-0.9495117,0.30808088,0.8983254,0.3132055,0.94768935,-0.31867686,-0.01816529
1356336036011,0.08276284,0.28569943,-0.95473886,0.31994426,0.89969385,0.2969624,0.94381464,-0.33004066,-0.016946673
1356336036050,0.08737928,0.28866863,-0.9534334,0.3339463,0.89322555,0.30104482,0.9385333,-0.34470063,-0.018350422
1356336036090,0.098659724,0.3139773,-0.94429046,0.34611142,0.8788481,0.32837942,0.93299145,-0.3592275,-0.021964192
1356336036130,0.11742565,0.36110646,-0.9251018,0.35425442,0.855029,0.37872052,0.9277473,-0.37219292,-0.027521253
1356336036170,0.14239323,0.4269846,-0.8929772,0.35805362,0.81885433,0.44863698,0.9227794,-0.3836166,-0.03628409
1356336036210,0.16468477,0.49997622,-0.85023683,0.36100745,0.77164096,0.523683,0.9179066,-0.39318445,-0.053417623
1356336036250,0.16861382,0.56671417,-0.80647653,0.37036976,0.72180855,0.5846526,0.91345257,-0.39727503,-0.08818692
1356336036291,0.13665459,0.6170076,-0.7750013,0.39300048,0.6843736,0.6141525,0.90932727,-0.38850266,-0.14896154
1356336036330,0.06277463,0.6473901,-0.75956917,0.42551485,0.67106915,0.6071271,0.9027715,-0.36132014,-0.23334795
1356336036370,-0.031358838,0.6625102,-0.74839616,0.45431048,0.67639434,0.57973504,0.89029133,-0.3218244,-0.32219625
1356336036410,-0.10771191,0.6740138,-0.7308239,0.47325772,0.68123144,0.5585256,0.8743142,-0.2857082,-0.39235896
1356336036456,-0.13926387,0.693342,-0.7070237,0.4862399,0.66986024,0.56112206,0.86265653,-0.26563913,-0.4304179
1356336036491,-0.12338421,0.7213063,-0.6815376,0.49395576,0.64030004,0.58823764,0.8606881,-0.2640702,-0.4352963
1356336036530,-0.07396263,0.7499769,-0.65731597,0.49248162,0.60061127,0.6298634,0.8671744,-0.27712962,-0.41377258
1356336036569,-0.0043926835,0.7726227,-0.6348504,0.47864297,0.559033,0.6770399,0.8779987,-0.30089265,-0.37226605
1356336036609,0.070227206,0.785239,-0.61519736,0.45288348,0.5243991,0.7210423,0.8887995,-0.32924947,-0.31879473
1356336036649,0.13843572,0.7883206,-0.59948814,0.4184534,0.50207156,0.75684935,0.8976259,-0.35563284,-0.2603708
1356336036689,0.19250739,0.78472614,-0.5891907,0.38027894,0.49384534,0.7819876,0.9046153,-0.37459522,-0.20334601
1356336036729,0.22916579,0.7775767,-0.5855404,0.3430786,0.49842316,0.79616046,0.91092265,-0.38333917,-0.15254837
1356336036769,0.24892995,0.76873696,-0.58913267,0.30983695,0.51310694,0.80045134,0.9176246,-0.3817914,-0.11045545
1356336036809,0.25387308,0.7585552,-0.6001187,0.2818489,0.5355035,0.79611385,0.9252619,-0.3712547,-0.07784808
1356336036849,0.2464492,0.7463354,-0.61826074,0.2594663,0.5638392,0.78406805,0.93377733,-0.35365075,-0.054691136
1356336036889,0.23092681,0.73102355,-0.64208823,0.24264334,0.595806,0.7655974,0.9422298,-0.3325954,-0.03979045
1356336036929,0.21434033,0.71233594,-0.66830814,0.23168725,0.6276051,0.7432583,0.9488832,-0.31414872,-0.030518055
1356336036969,0.20396462,0.691627,-0.6928567,0.22778015,0.65478396,0.7206762,0.9521106,-0.30481148,-0.02398616
1356336037009,0.20316595,0.6714613,-0.7126453,0.2320965,0.6740562,0.7012699,0.9512385,-0.30787665,-0.018898547
1356336037049,0.21035704,0.65436804,-0.726328,0.24408178,0.68427,0.68716717,0.9466647,-0.32183388,-0.015778303
1356336037089,0.22200584,0.64234066,-0.7335611,0.26087022,0.68577933,0.6794508,0.9394999,-0.3422063,-0.0153205395
1356336037129,0.23572075,0.6368841,-0.73403966,0.27854204,0.67935747,0.67888707,0.9310478,-0.36448866,-0.017260373
1356336037169,0.2504939,0.6388067,-0.7274467,0.29399046,0.66572607,0.6858414,0.92240036,-0.38566142,-0.021042764
1356336037209,0.26467034,0.64767253,-0.71447176,0.30660036,0.64593256,0.699119,0.91430074,-0.40409335,-0.027617455
1356336037250,0.27366194,0.6617003,-0.6980414,0.31964582,0.6219285,0.7148647,0.90715796,-0.41875726,-0.041311562
1356336037289,0.26824427,0.67845106,-0.6839219,0.34059942,0.5972957,0.7261059,0.901131,-0.4277171,-0.070858896
1356336037329,0.23454252,0.69543284,-0.679237,0.37789398,0.57854563,0.7228285,0.89564824,-0.42621362,-0.12710637
1356336037369,0.16071826,0.70876604,-0.6868918,0.43188804,0.5752735,0.694646,0.8874922,-0.40830266,-0.21365064
1356336037427,0.052698582,0.71181303,-0.70038927,0.48749965,0.59377325,0.6401385,0.87153137,-0.3751739,-0.31571764
1356336037491,-0.059163958,0.7009921,-0.71071064,0.52574193,0.62709725,0.574756,0.8485842,-0.33964556,-0.4056425
1356336037492,-0.13943595,0.68172574,-0.71819746,0.5421134,0.65949243,0.52075213,0.82865596,-0.3167329,-0.4615296
1356336037515,-0.189971,0.6572398,-0.7293469,0.54441154,0.688722,0.4788299,0.8170233,-0.30610105,-0.48864615
1356336037545,-0.20684534,0.6369768,-0.74261403,0.5403959,0.70712316,0.4560144,0.81559014,-0.30698115,-0.49048477
1356336037589,-0.17597693,0.62585413,-0.75982803,0.53271997,0.7096277,0.46112677,0.8277932,-0.32362792,-0.4582832
1356336037629,-0.12407905,0.6106611,-0.782111,0.52018565,0.71124196,0.4728021,0.844992,-0.34817803,-0.40590733
1356336037669,-0.06343496,0.5918788,-0.8035269,0.5033561,0.71421015,0.48635018,0.8617474,-0.37360847,-0.34323168
1356336037709,-0.005781114,0.5700778,-0.82157034,0.48211503,0.72138166,0.49716556,0.8760888,-0.3932172,-0.27901345
1356336037749,0.041032583,0.54639566,-0.83652145,0.45633987,0.7345552,0.50217783,0.888859,-0.40234372,-0.21920145
1356336037789,0.0729242,0.5206708,-0.85063744,0.42711928,0.7544313,0.49839997,0.90124977,-0.39966905,-0.16737223
1356336037829,0.09134486,0.49277523,-0.8653488,0.3956938,0.7794732,0.4856419,0.9138285,-0.38677406,-0.123787224
1356336037869,0.09911531,0.46174324,-0.88145864,0.36407518,0.8075731,0.46397737,0.9260807,-0.36690447,-0.0880664
1356336037909,0.09755847,0.42606908,-0.89941514,0.33479112,0.83700764,0.43281993,0.93722856,-0.34334144,-0.060986936
1356336037949,0.08727828,0.3843987,-0.91903216,0.30986625,0.86631143,0.3917747,0.9467657,-0.31897044,-0.043502033
1356336037989,0.07132617,0.3374044,-0.93865377,0.29086617,0.89311457,0.34313735,0.9541014,-0.2974973,-0.03443706
1356336038029,0.055502534,0.28909928,-0.9556887,0.28020716,0.9141888,0.29281867,0.9583336,-0.284043,-0.030267894
1356336038069,0.044487357,0.24493597,-0.968518,0.28096548,0.9272786,0.24741231,0.95868623,-0.28312686,-0.027566373
1356336038109,0.038708538,0.20946413,-0.9770498,0.2934438,0.93228817,0.21149349,0.9551923,-0.29489583,-0.025378406
1356336038149,0.03643942,0.1860286,-0.9818684,0.31455398,0.93044454,0.18795946,0.94853985,-0.31569973,-0.024611175
1356336038189,0.037435263,0.17827642,-0.98326814,0.33875227,0.92343366,0.18032491,0.9401306,-0.3398348,-0.02582258
1356336038229,0.044126093,0.18981059,-0.9808286,0.36210793,0.9119837,0.19277841,0.9310911,-0.36367238,-0.02848965
1356336038269,0.0590021,0.22305386,-0.97301894,0.38214642,0.89542174,0.22843826,0.92221636,-0.38531405,-0.032407463
1356336038309,0.07998186,0.27597374,-0.9578316,0.39728755,0.87246364,0.28455192,0.9142021,-0.40329355,-0.039859653
1356336038349,0.0951024,0.33842126,-0.9361766,0.4082218,0.84446853,0.34673905,0.90791553,-0.41514343,-0.05783993
1356336038388,0.08461505,0.39570528,-0.91447127,0.41911626,0.81849176,0.39295393,0.9039811,-0.41651958,-0.0965898
1356336038429,0.021847248,0.42673996,-0.90411043,0.4336281,0.8107914,0.39317173,0.90082705,-0.4006374,-0.16733289
1356336038470,-0.099469066,0.41977647,-0.9021606,0.4408075,0.8314253,0.33826137,0.89207333,-0.36403257,-0.26774168
1356336038508,-0.2293573,0.39264172,-0.8906332,0.42888045,0.8621775,0.2696508,0.8737601,-0.32012883,-0.36614305
1356336038549,-0.32316786,0.370467,-0.8708138,0.41086602,0.88386524,0.22354282,0.8524973,-0.28554595,-0.4378491
1356336038589,-0.3588056,0.37651697,-0.854104,0.40881762,0.8859915,0.21883143,0.8391226,-0.2706548,-0.47182548
1356336038629,-0.34116954,0.4116781,-0.84505886,0.42580464,0.8691564,0.25151044,0.8380297,-0.27402228,-0.47182417
1356336038669,-0.28257352,0.4643315,-0.8393739,0.45053202,0.83675945,0.3112146,0.8468608,-0.2902238,-0.4456423
1356336038708,-0.19919395,0.5185151,-0.8315431,0.46885613,0.79555184,0.38375926,0.8605206,-0.31343156,-0.40157813
1356336038749,-0.10521594,0.5633266,-0.8195076,0.47234824,0.75349694,0.45730665,0.87510955,-0.338977,-0.34536624
1356336038789,-0.016202152,0.59155065,-0.806105,0.45964104,0.7203811,0.5194047,0.887957,-0.3621035,-0.28357267
1356336038829,0.05782336,0.60272926,-0.7958478,0.43542472,0.7021351,0.5633929,0.8983661,-0.37910905,-0.22184342
1356336038869,0.11103001,0.59872943,-0.7932183,0.40620655,0.70109713,0.5860538,0.90701073,-0.38728005,-0.16536498
1356336038909,0.1420438,0.5821456,-0.8005811,0.37748748,0.7158041,0.58747566,0.91505563,-0.38565663,-0.1180771
1356336038949,0.15242308,0.5551176,-0.8176867,0.35202527,0.7425975,0.5697606,0.92349625,-0.374691,-0.082226396
1356336038989,0.14551684,0.51866066,-0.84250575,0.3307431,0.77707344,0.5355052,0.9324344,-0.356578,-0.058466196
1356336039029,0.12671494,0.47504377,-0.87079084,0.31265616,0.81399155,0.48955476,0.9413763,-0.33429205,-0.045380473
1356336039069,0.10407156,0.4282627,-0.8976415,0.297664,0.84775996,0.43897521,0.9489812,-0.31288034,-0.039250672
1356336039108,0.08611408,0.38411587,-0.9192602,0.28863555,0.87349856,0.39203292,0.9535585,-0.29909074,-0.035649
1356336039149,0.077062845,0.34791064,-0.93435514,0.28965765,0.88890916,0.35487878,0.954023,-0.2979911,-0.032273114
1356336039189,0.07559684,0.3225684,-0.94352245,0.30121174,0.89463854,0.3299898,0.9505559,-0.30914623,-0.029529572
1356336039229,0.07925972,0.31026086,-0.94734156,0.31975904,0.89220065,0.31895462,0.944178,-0.32820132,-0.028493166
1356336039269,0.08752158,0.31304333,-0.94569755,0.34015128,0.8828896,0.3237328,0.93628895,-0.3500138,-0.02921021
1356336039309,0.10128176,0.3319755,-0.93783486,0.35837647,0.8672198,0.34568208,0.92806697,-0.37110925,-0.031138659
1356336039349,0.119380295,0.36497343,-0.9233324,0.37330747,0.8452416,0.38237178,0.91999453,-0.39033455,-0.035342097
1356336039389,0.13584024,0.4072632,-0.9031523,0.38638642,0.81763846,0.42681712,0.91227895,-0.40694475,-0.04629278
1356336039428,0.1377053,0.44984508,-0.8824266,0.4021266,0.78879297,0.46486545,0.90516937,-0.4188617,-0.07227373
1356336039472,0.10421705,0.4827757,-0.8695208,0.42623055,0.7682427,0.47763023,0.8985913,-0.42039356,-0.12570977
1356336039510,0.030465454,0.5021722,-0.8642308,0.45453677,0.7630985,0.4594311,0.89020675,-0.4068215,-0.20500761
1356336039550,-0.08067271,0.50223166,-0.86096185,0.475707,0.7784537,0.40952742,0.8758965,-0.37652785,-0.30171508
1356336039590,-0.19152129,0.48980764,-0.850534,0.4813446,0.8020808,0.35351628,0.855352,-0.34169406,-0.38938183
1356336039630,-0.26467842,0.4784062,-0.83730096,0.4792189,0.8187192,0.3163038,0.83683604,-0.31753165,-0.4459586
1356336039670,-0.28822398,0.47617495,-0.83077335,0.47879893,0.8230133,0.30561525,0.8292638,-0.30968773,-0.46520424
1356336039711,-0.26770908,0.4823258,-0.83408254,0.48151672,0.81679666,0.31778115,0.83454984,-0.3165518,-0.45091182
1356336039750,-0.2160973,0.49083117,-0.84403,0.48375288,0.80471665,0.34411374,0.84810674,-0.33393988,-0.4113381
1356336039790,-0.14825171,0.49608502,-0.8555239,0.48176226,0.791723,0.37560594,0.8636704,-0.35647488,-0.35636932
1356336039830,-0.0766204,0.4958721,-0.8650088,0.47324458,0.7816948,0.406193,0.8775926,-0.37823805,-0.29456258
1356336039870,-0.011597902,0.48995972,-0.871668,0.45783472,0.7775856,0.43098488,0.8889617,-0.39408132,-0.23333895
1356336039910,0.040239424,0.4793327,-0.8767103,0.43713903,0.7805506,0.44682223,0.8984933,-0.40122414,-0.17812616
1356336039950,0.076365024,0.46511957,-0.88194793,0.4133568,0.7901714,0.45250994,0.9073613,-0.3991151,-0.1319189
1356336039990,0.097066164,0.44802317,-0.888737,0.3882523,0.80516434,0.4482974,0.91642696,-0.38856867,-0.09579182
1356336040030,0.10388914,0.42820066,-0.8976922,0.36311096,0.82394516,0.43504572,0.925936,-0.37115836,-0.06988543
1356336040070,0.09907055,0.4055303,-0.908697,0.3390011,0.8448081,0.4139777,0.9355551,-0.3490623,-0.053779602
1356336040110,0.08632591,0.38014415,-0.92089,0.31751814,0.8656409,0.38710204,0.9443146,-0.32581618,-0.045975447
1356336040150,0.07166448,0.35299,-0.93287843,0.3019007,0.88373494,0.35758692,0.95064193,-0.30726296,-0.04323554
1356336040193,0.060570925,0.32597232,-0.9434369,0.29597038,0.896801,0.32886094,0.9532748,-0.2991488,-0.042158127
1356336040229,0.054636955,0.30081895,-0.95211494,0.30129704,0.90412575,0.30294675,0.9519638,-0.3034215,-0.041237175
1356336040269,0.05188185,0.27914461,-0.95884645,0.3160549,0.9061976,0.2809185,0.9473213,-0.3176227,-0.041209817
1356336040309,0.049939185,0.26300466,-0.96350116,0.33532196,0.9042928,0.26422274,0.94077903,-0.3362782,-0.043031573
1356336040349,0.04882288,0.25470537,-0.96578544,0.35546696,0.89919955,0.2551145,0.93341285,-0.35576028,-0.046637833
1356336040389,0.0501644,0.25643542,-0.9652587,0.3743163,0.8912023,0.2562144,0.92594326,-0.3741649,-0.051281333
1356336040428,0.05389279,0.26816127,-0.9618654,0.39200386,0.8802529,0.267372,0.9183836,-0.3914644,-0.057680964
1356336040472,0.053907096,0.28708684,-0.95638645,0.4104612,0.8667491,0.28331536,0.9102832,-0.40783226,-0.07111406
1356336040511,0.04104519,0.30968466,-0.949953,0.4297485,0.8528463,0.29659632,0.90201527,-0.42041472,-0.09808129
1356336040550,-0.00543195,0.32592374,-0.94538045,0.44859654,0.84572256,0.28898877,0.8937179,-0.42252463,-0.1508022
1356336040590,-0.095320284,0.32816973,-0.9397971,0.45821533,0.8525933,0.2512437,0.88371533,-0.40668082,-0.23164183
1356336040630,-0.21556634,0.3104844,-0.9258135,0.44643015,0.87455565,0.18934764,0.8684649,-0.3724941,-0.32713437
1356336040670,-0.3287207,0.2769202,-0.9029164,0.41478187,0.9012388,0.12539797,0.8484685,-0.33329242,-0.41111732
1356336040711,-0.40438604,0.2391946,-0.88275576,0.38096502,0.9215277,0.075182155,0.83146703,-0.30589646,-0.46377772
1356336040750,-0.43591714,0.2062845,-0.87602687,0.3591675,0.93237954,0.04083003,0.8252121,-0.29684186,-0.48053092
1356336040790,-0.43060958,0.18064193,-0.8842759,0.35252106,0.9356015,0.019462153,0.8308455,-0.30334532,-0.46655905
1356336040830,-0.39854676,0.16159266,-0.9028003,0.35889393,0.9333385,0.00862278,0.84401166,-0.32057297,-0.42997366
1356336040870,-0.3491333,0.14758115,-0.92537874,0.37390947,0.92744,0.006838724,0.8592425,-0.34362024,-0.3789822
1356336040910,-0.2905717,0.13705133,-0.9469873,0.39141202,0.9201228,0.013063282,0.873135,-0.3668664,-0.32100517
1356336040949,-0.23048362,0.12803416,-0.9646163,0.4047643,0.91408974,0.02461411,0.88489723,-0.38476908,-0.26250637
1356336040990,-0.17573139,0.11804974,-0.97733444,0.40920472,0.9117104,0.036545366,0.8953602,-0.39350772,-0.20852268
1356336041030,-0.13076076,0.10498293,-0.9858399,0.4033023,0.914016,0.04384075,0.90567595,-0.39185882,-0.16185725
1356336041069,-0.09739792,0.08743164,-0.9913976,0.38825762,0.9205453,0.0430395,0.91638935,-0.38072574,-0.12360519
1356336041128,-0.075924784,0.06470987,-0.9950116,0.36632857,0.929917,0.032523617,0.92738277,-0.36203182,-0.09430879
1356336041149,-0.0654507,0.03703174,-0.9971684,0.34004882,0.9403234,0.012601048,0.9381274,-0.3382612,-0.07413739
1356336041189,-0.06357664,0.005835414,-0.99796,0.31247458,0.9498177,-0.014352769,0.9477962,-0.3127496,-0.062209606
1356336041226,-0.066465676,-0.026564792,-0.997435,0.2888531,0.95632845,-0.04471819,0.95506334,-0.2910844,-0.055889726
1356336041269,-0.07058197,-0.057077512,-0.9958717,0.2752713,0.95847994,-0.07444416,0.9587721,-0.27938926,-0.051939607
1356336041309,-0.07464683,-0.08321935,-0.9937316,0.27522945,0.95608574,-0.10074132,0.9584763,-0.2810242,-0.048464358
