1356337134978,-0.5241085,-0.41646773,0.7428762,0.6767135,0.3259508,0.66016287,-0.51707757,0.8487113,0.11099571
1356337134997,-0.8550108,-0.51819575,-0.020731986,0.03991504,-0.105611086,0.9936061,-0.51707196,0.8487164,0.11098236
1356337135026,-0.85503286,-0.51816005,-0.020707011,0.0398833,-0.10552025,0.99361694,-0.5170377,0.8487494,0.110889256
1356337135069,-0.85508704,-0.5180728,-0.020655662,0.03975676,-0.10523629,0.99365216,-0.5169579,0.8488379,0.11058307
1356337135108,-0.8551546,-0.5179629,-0.020620495,0.039433464,-0.10466552,0.99372536,-0.5168711,0.8489756,0.10993022
1356337135148,-0.85517466,-0.51792747,-0.020673737,0.038812518,-0.10375583,0.9938452,-0.51688474,0.84910893,0.108831406
1356337135190,-0.8550764,-0.51808083,-0.02089931,0.037911147,-0.10266876,0.9939929,-0.5171144,0.84914744,0.10743064
1356337135229,-0.8548008,-0.518515,-0.021396115,0.036889285,-0.10183549,0.9941171,-0.5176435,0.84898275,0.106176734
1356337135269,-0.85430497,-0.51929367,-0.022301048,0.03591904,-0.1017856,0.99415773,-0.51852965,0.8485127,0.105608344
1356337135310,-0.85356534,-0.52044225,-0.02379024,0.03505601,-0.102935016,0.99407005,-0.51980495,0.84766984,0.10610646
1356337135348,-0.8525672,-0.52196765,-0.026054531,0.03424263,-0.105538666,0.99382544,-0.5214945,0.8464109,0.1078524
1356337135389,-0.8513215,-0.5238303,-0.029214531,0.03332822,-0.10956854,0.99342036,-0.5235847,0.8447465,0.11073637
1356337135430,-0.84991974,-0.5258689,-0.033143416,0.032197982,-0.11461675,0.9928879,-0.52592766,0.8428078,0.11434692
1356337135468,-0.84853166,-0.52781814,-0.03744331,0.03089936,-0.12006688,0.99228483,-0.52824163,0.8408281,0.11818987
1356337135509,-0.84729564,-0.5294852,-0.04166016,0.029613093,-0.1254121,0.9916627,-0.5302954,0.8389978,0.12194085
1356337135549,-0.846226,-0.5308793,-0.0454842,0.028610647,-0.13051438,0.99103355,-0.53205556,0.837337,0.12563348
1356337135590,-0.84529567,-0.5320724,-0.048725843,0.028192371,-0.13548517,0.9903782,-0.5335545,0.83578867,0.12952542
1356337135629,-0.84454393,-0.5330333,-0.051197037,0.028571546,-0.14032763,0.9896928,-0.5347236,0.8343762,0.13374239
1356337135669,-0.84407866,-0.5336214,-0.052719623,0.029739022,-0.1447522,0.9890209,-0.53539395,0.83324367,0.13805169
1356337135710,-0.8440374,-0.533639,-0.053199917,0.031520784,-0.14839411,0.9884258,-0.5353571,0.8325915,0.14207089
1356337135750,-0.8445728,-0.5328485,-0.052624583,0.033708602,-0.15100026,0.98795885,-0.5343787,0.83262926,0.14549232
1356337135790,-0.8458802,-0.5309334,-0.05095333,0.036112517,-0.15232038,0.98767114,-0.53214884,0.8336115,0.14801818
1356337135830,-0.84818923,-0.52750945,-0.048049867,0.038506076,-0.15187752,0.98764896,-0.5282919,0.835863,0.1491332
1356337135870,-0.8517189,-0.52217376,-0.04369752,0.040603682,-0.1489098,0.98801684,-0.52242345,0.83973837,0.14803147
1356337135911,-0.85640293,-0.51490694,-0.03801292,0.04192473,-0.14273334,0.9888729,-0.5146032,0.84527993,0.14382452
1356337135950,-0.8617467,-0.50634646,-0.031712547,0.04181263,-0.13317752,0.99020976,-0.5056127,0.8519841,0.13593704
1356337136017,-0.86716616,-0.49735677,-0.025673911,0.039767444,-0.120539725,0.99191165,-0.49642867,0.8591312,0.1243065
1356337136031,-0.87231356,-0.48851842,-0.020460248,0.035829082,-0.10559851,0.99376315,-0.48763216,0.86614007,0.109618306
1356337136070,-0.87703156,-0.48015475,-0.016340211,0.030858532,-0.090240896,0.9954418,-0.47944063,0.8725296,0.09396106
1356337136109,-0.8814867,-0.47203344,-0.012872145,0.025948063,-0.075638294,0.9967976,-0.47149545,0.8783298,0.07892245
1356337136146,-0.88577306,-0.46401462,-0.009824917,0.022110403,-0.06333327,0.9977475,-0.46359164,0.8835606,0.06635845
1356337136190,-0.8899185,-0.45606834,-0.006843433,0.020115644,-0.054231524,0.99832577,-0.4556759,0.8882908,0.05743569
1356337136229,-0.8937709,-0.44850796,-0.00374192,0.020086214,-0.04835862,0.99862796,-0.4480736,0.8924696,0.052230477
1356337136268,-0.89719903,-0.4416264,-1.3966858E-4,0.021931082,-0.044870615,0.998752,-0.44108152,0.8960763,0.04994321
1356337136308,-0.90021974,-0.43541092,0.0046705455,0.025840491,-0.04271233,0.99875325,-0.43466854,0.899218,0.04970163
1356337136350,-0.90326065,-0.42892516,0.011971578,0.032875523,-0.0413599,0.9986033,-0.42783093,0.9023927,0.051459968
1356337136388,-0.9069706,-0.42055088,0.023263484,0.044416443,-0.04057312,0.99818885,-0.41884536,0.9063612,0.055477977
1356337136429,-0.91134834,-0.40979126,0.038927272,0.060504317,-0.039814115,0.9973736,-0.4071651,0.9113101,0.061078668
1356337136469,-0.9153108,-0.39865464,0.05727832,0.07911843,-0.038534343,0.9961202,-0.39490074,0.91629124,0.06681168
1356337136508,-0.91717243,-0.39129105,0.075405896,0.09723541,-0.0362463,0.9946012,-0.38644534,0.91955286,0.07129145
1356337136550,-0.91578287,-0.3912792,0.09078823,0.112472445,-0.03280872,0.9931131,-0.3856058,0.9196871,0.074053645
1356337136590,-0.91096896,-0.399585,0.10231064,0.12404691,-0.028843284,0.99185705,-0.39338028,0.91624224,0.07584256
1356337136630,-0.90327716,-0.41472927,0.10995428,0.13244459,-0.025764644,0.9908555,-0.40810382,0.90958005,0.07820135
1356337136670,-0.8935154,-0.43439475,0.11371738,0.13831714,-0.025324881,0.9900642,-0.42719877,0.9003666,0.08271229
1356337136710,-0.8827941,-0.45579493,0.113689914,0.14238912,-0.028997838,0.9893858,-0.44766033,0.88961226,0.09049952
1356337136750,-0.8725752,-0.47587895,0.11023551,0.14554636,-0.037863433,0.98862666,-0.46629274,0.8786954,0.102301
1356337136790,-0.8643359,-0.49205536,0.10394703,0.14871919,-0.052632213,0.9874779,-0.4804228,0.86897147,0.11866999
1356337136830,-0.8590115,-0.50305545,0.095048785,0.15266709,-0.07449561,0.9854659,-0.48866332,0.8610375,0.14079273
1356337136870,-0.8571551,-0.50816584,0.08397995,0.15909761,-0.10614967,0.9815397,-0.4898705,0.8546928,0.1718347
1356337136910,-0.85935456,-0.5061559,0.07290964,0.1715418,-0.15101111,0.9735342,-0.48174995,0.84911823,0.21659905
1356337136950,-0.86590606,-0.49569133,0.067057654,0.1950154,-0.2110914,0.95781493,-0.46062523,0.842455,0.27945286
1356337137023,-0.8755321,-0.47809875,0.06974909,0.22878416,-0.283086,0.9314075,-0.4255598,0.8314348,0.35723245
1356337137025,-0.8852421,-0.45932606,0.07325323,0.2573277,-0.3524449,0.89975834,-0.3874647,0.815354,0.4301964
1356337137055,-0.8934308,-0.44301486,0.07429099,0.27723086,-0.41367042,0.8671907,-0.3534464,0.7953707,0.4924033
1356337137089,-0.90099883,-0.42891544,0.065059215,0.28003854,-0.4604938,0.8423324,-0.33133,0.77715963,0.53501725
1356337137128,-0.9076358,-0.418002,0.038359627,0.25993425,-0.48794395,0.83327353,-0.32959265,0.76627994,0.5515286
1356337137169,-0.9134904,-0.40678537,-0.007805899,0.21495777,-0.49882782,0.83962137,-0.3454395,0.7653081,0.5431161
1356337137209,-0.91624296,-0.39359254,-0.074725136,0.14409576,-0.49780947,0.8552323,-0.37381196,0.77283293,0.5128293
1356337137249,-0.91171604,-0.37695622,-0.16333361,0.047559485,-0.4917516,0.86943567,-0.40805876,0.78491044,0.46626568
1356337137290,-0.8940265,-0.35604608,-0.2719336,-0.07168037,-0.48547906,0.8713048,-0.4422427,0.79846185,0.40850955
1356337137328,-0.85909194,-0.33264196,-0.38898623,-0.20076369,-0.48008442,0.8539396,-0.47080243,0.81170696,0.3456543
1356337137369,-0.8126455,-0.31364316,-0.4911569,-0.31571347,-0.4714666,0.8234343,-0.48982868,0.8242251,0.284114
1356337137411,-0.7747026,-0.31004167,-0.5510991,-0.39006388,-0.4516402,0.802416,-0.49768084,0.8365975,0.22895062
1356337137450,-0.7683965,-0.32895815,-0.5489567,-0.40637153,-0.41186017,0.81561846,-0.4943977,0.84979874,0.1827926
1356337137490,-0.7994624,-0.36490035,-0.47718713,-0.35907966,-0.34654105,0.8665859,-0.48158243,0.86415106,0.14601833
1356337137530,-0.8488717,-0.39906937,-0.34664166,-0.25754398,-0.26043367,0.93050814,-0.4616145,0.87915754,0.11829686
1356337137570,-0.88972014,-0.4138389,-0.1927056,-0.13113937,-0.17263967,0.97621614,-0.43726483,0.8938305,0.099330425
1356337137610,-0.911377,-0.40773094,-0.056103393,-0.015010297,-0.1032958,0.9945375,-0.41129893,0.9072406,0.08802122
1356337137650,-0.919341,-0.3911742,0.042366102,0.070899144,-0.058783114,0.99574995,-0.38702124,0.9184375,0.081775665
1356337137690,-0.9215521,-0.3751961,0.09984748,0.12157199,-0.034617484,0.99197876,-0.36873007,0.92629886,0.077515125
1356337137730,-0.92249525,-0.36686134,0.12006365,0.13859338,-0.024486423,0.9900466,-0.3602699,0.92995334,0.07343316
1356337137770,-0.9233589,-0.3683378,0.108330816,0.12636605,-0.025121689,0.99166554,-0.36254647,0.9293526,0.069741726
1356337137810,-0.9234807,-0.37731427,0.06940836,0.08978011,-0.036651015,0.99528706,-0.37299213,0.9253597,0.067721784
1356337137850,-0.92137825,-0.38863593,0.004933402,0.031064987,-0.060984552,0.99765515,-0.38742375,0.919371,0.068262756
1356337137890,-0.91371036,-0.3961327,-0.09062092,-0.054488257,-0.10155827,0.99333626,-0.4026963,0.91255945,0.071210325
1356337137930,-0.8904532,-0.39155036,-0.2319079,-0.18010229,-0.16477948,0.9697478,-0.4179188,0.90528226,0.07620937
1356337137970,-0.8274054,-0.35856834,-0.43223727,-0.3575513,-0.25717813,0.89778423,-0.43307894,0.89737856,0.084584
1356337138018,-0.6970098,-0.275074,-0.6622022,-0.560619,-0.3667463,0.74243087,-0.44708365,0.8887246,0.101414084
1356337138050,-0.5284541,-0.14486045,-0.8365117,-0.716225,-0.45294994,0.5309031,-0.45580477,0.8796885,0.13561058
1356337138090,-0.40383375,-0.004306257,-0.91482234,-0.7950353,-0.4930665,0.35327664,-0.4525895,0.86998105,0.1956932
1356337138130,-0.34728098,0.12907866,-0.92883515,-0.83222985,-0.49891126,0.24182856,-0.4321914,0.85698676,0.2806855
1356337138170,-0.31573105,0.25626832,-0.9135866,-0.86078113,-0.48245573,0.16214904,-0.39921144,0.83759356,0.37291718
1356337138210,-0.25940132,0.37249187,-0.89104474,-0.89285827,-0.44417524,0.074246496,-0.36812386,0.81483626,0.44780207
1356337138250,-0.15789348,0.46556062,-0.87081736,-0.9230322,-0.38290524,-0.03734979,-0.35082906,0.7978953,0.49018568
1356337138290,-0.024878263,0.52394307,-0.8513899,-0.9365634,-0.31005788,-0.16344169,-0.34961423,0.79331446,0.49841952
1356337138330,0.10994434,0.5457938,-0.8306753,-0.92583895,-0.24778748,-0.2853481,-0.3615722,0.800444,0.4780743
1356337138389,0.22266078,0.53986675,-0.8117673,-0.8968515,-0.21301329,-0.38766342,-0.38220376,0.8143521,0.43675053
1356337138408,0.30500698,0.5167615,-0.79995525,-0.8615449,-0.20823783,-0.46300903,-0.40584615,0.83041835,0.38169917
1356337138449,0.35868865,0.48267394,-0.7989795,-0.83026403,-0.22622204,-0.509397,-0.4266194,0.84607893,0.3196035
1356337138485,0.3864255,0.44032604,-0.8104248,-0.8103835,-0.25747007,-0.5262964,-0.44040203,0.86012924,0.2573399
1356337138515,0.3879242,0.3930941,-0.8336617,-0.8057891,-0.29446602,-0.5138031,-0.44745803,0.8710722,0.20252049
1356337138555,0.3769548,0.34165737,-0.8609154,-0.8123312,-0.32461154,-0.48450524,-0.4449979,0.881985,0.15517506
1356337138599,0.33878976,0.2830516,-0.8972755,-0.8350793,-0.3488717,-0.42535987,-0.43343288,0.89340377,0.11817639
1356337138640,0.27079713,0.220445,-0.93705547,-0.8688067,-0.36321837,-0.3365223,-0.4145404,0.90524936,0.09316559
1356337138678,0.17267752,0.15839103,-0.9721599,-0.90403235,-0.36634606,-0.2202642,-0.39103478,0.9168986,0.07993081
1356337138719,0.04694277,0.09960726,-0.9939189,-0.9286071,-0.36230135,-0.08016679,-0.36808333,0.92672336,0.07548854
1356337138758,-0.09391123,0.044505417,-0.9945853,-0.93112624,-0.35753512,0.071920455,-0.35239837,0.9328386,0.07501677
1356337138799,-0.22926724,-0.0071909428,-0.97333694,-0.9087418,-0.3567,0.21668729,-0.34874752,0.9341912,0.07524499
1356337138839,-0.34444183,-0.056212038,-0.9371233,-0.8682717,-0.36053574,0.34076142,-0.3570213,0.93105006,0.07537621
1356337138879,-0.43442285,-0.1019339,-0.8949224,-0.8196736,-0.367135,0.4397124,-0.37337896,0.92456543,0.07593939
1356337138919,-0.50269055,-0.14336985,-0.8524946,-0.7703332,-0.37321424,0.5170085,-0.39228666,0.9166003,0.07716882
1356337138959,-0.55475855,-0.17945221,-0.8124283,-0.72431374,-0.37632006,0.5777134,-0.40940505,0.9089445,0.07878715
1356337139016,-0.595154,-0.2090296,-0.7759499,-0.6833098,-0.3765521,0.6255366,-0.42294127,0.90250486,0.08127457
1356337139040,-0.6275547,-0.22984007,-0.74387413,-0.6471925,-0.37711984,0.6625124,-0.43280154,0.8971925,0.08791244
1356337139080,-0.6560362,-0.23771124,-0.71631676,-0.61402255,-0.38377273,0.68970627,-0.4388538,0.892307,0.105808794
1356337139120,-0.6850789,-0.2273389,-0.69208664,-0.5807525,-0.40308952,0.7072802,-0.43976516,0.88647383,0.1441204
1356337139160,-0.71825945,-0.19512144,-0.6678555,-0.54494,-0.4390446,0.7143391,-0.4326012,0.87702197,0.20901847
1356337139200,-0.7552258,-0.14367485,-0.63952446,-0.5074039,-0.48950386,0.7091736,-0.41494012,0.8600834,0.2967848
1356337139241,-0.7882465,-0.08723526,-0.60914475,-0.4750952,-0.54285604,0.6925257,-0.39109057,0.83528274,0.3864594
1356337139280,-0.81014526,-0.043102324,-0.58464247,-0.45398048,-0.58484614,0.6722029,-0.37089938,0.8099982,0.4542427
1356337139320,-0.8185568,-0.01984927,-0.5740826,-0.44635105,-0.607098,0.6574213,-0.36157373,0.79437906,0.48808444
1356337139360,-0.8144248,-0.016476825,-0.58003527,-0.4517783,-0.60930395,0.65164804,-0.36415485,0.7927656,0.4887883
1356337139400,-0.799593,-0.028294593,-0.59987533,-0.46816564,-0.5962489,0.6521565,-0.37612757,0.8023008,0.46350998
1356337139441,-0.7767993,-0.051026925,-0.62767744,-0.49185264,-0.57327944,0.65531033,-0.3932731,0.81776947,0.4202254
1356337139480,-0.7515235,-0.08155142,-0.6546462,-0.5168479,-0.5439022,0.6610889,-0.4099763,0.8351764,0.3666057
1356337139520,-0.7310084,-0.11786148,-0.6721127,-0.53682256,-0.50871974,0.673072,-0.4212462,0.8528265,0.30860764
1356337139560,-0.7244422,-0.15832187,-0.670908,-0.5433984,-0.46769136,0.69712466,-0.424148,0.8695969,0.25278366
1356337139600,-0.73707134,-0.1995705,-0.645676,-0.5308522,-0.4202919,0.7359013,-0.41823658,0.8851703,0.20384258
1356337139640,-0.76859295,-0.2369604,-0.5942345,-0.49567592,-0.36664677,0.7873218,-0.40443826,0.89967775,0.16434658
1356337139680,-0.8125544,-0.26479343,-0.51926863,-0.4383863,-0.30950338,0.84381586,-0.38415226,0.9132865,0.13540637
1356337139720,-0.85831493,-0.27921432,-0.43050545,-0.36587888,-0.25520742,0.89498705,-0.35976136,0.9256936,0.116889656
1356337139761,-0.89563143,-0.28190377,-0.34405592,-0.29199502,-0.21086806,0.9328845,-0.33553413,0.93598336,0.10654563
1356337139800,-0.9193513,-0.28051063,-0.27587512,-0.23198166,-0.17985022,0.95594895,-0.31777003,0.9428508,0.10027212
1356337139840,-0.92994004,-0.28341874,-0.23427567,-0.1945639,-0.16136843,0.9675252,-0.3120195,0.9453221,0.09492004
1356337139881,-0.9301879,-0.2950029,-0.21845774,-0.17950694,-0.15355712,0.9716983,-0.32019958,0.9430766,0.0898819
1356337139920,-0.9229373,-0.31403065,-0.22264642,-0.18148494,-0.15510958,0.97108406,-0.33948475,0.93665665,0.08616465
1356337139960,-0.9109005,-0.33553514,-0.24015957,-0.19450733,-0.16413909,0.9670705,-0.36390567,0.9276177,0.08425027
1356337140045,-0.8960465,-0.35479367,-0.2668745,-0.21539801,-0.17820781,0.9601279,-0.38820642,0.9178036,0.083260715
1356337140047,-0.8783085,-0.36973754,-0.30309808,-0.2449973,-0.19632733,0.94943774,-0.41054916,0.90815735,0.081851184
1356337140078,-0.8562323,-0.37743044,-0.35272166,-0.28665864,-0.22088397,0.9322216,-0.42975935,0.899309,0.080934286
1356337140119,-0.83172446,-0.37736636,-0.40722117,-0.33015043,-0.2535202,0.90924597,-0.44635764,0.8906864,0.086271286
1356337140158,-0.8084608,-0.36155617,-0.4644009,-0.3704329,-0.30057204,0.87888324,-0.45735162,0.88257205,0.10906845
1356337140199,-0.79872584,-0.32194299,-0.50832057,-0.3926229,-0.3613019,0.845759,-0.45594335,0.8751078,0.162179
1356337140239,-0.80889565,-0.2589333,-0.52786493,-0.39336503,-0.42893124,0.8131925,-0.43698037,0.8654314,0.2451052
1356337140279,-0.83040917,-0.18524912,-0.5254555,-0.383669,-0.49373347,0.7804009,-0.4040035,0.849653,0.33892635
1356337140319,-0.846808,-0.11776194,-0.51869845,-0.38172135,-0.54456455,0.74681866,-0.37041163,0.83041036,0.41618955
1356337140360,-0.84850645,-0.066272736,-0.5250187,-0.39824086,-0.57337576,0.7159919,-0.34848377,0.81660765,0.4601206
1356337140400,-0.83266735,-0.03272842,-0.5528054,-0.43485266,-0.5794484,0.68930596,-0.3428821,0.8143515,0.4682558
1356337140440,-0.7996308,-0.015592188,-0.60028964,-0.4864672,-0.5692541,0.6627968,-0.35205173,0.8220139,0.44760787
1356337140480,-0.7516223,-0.013626546,-0.65945286,-0.5448406,-0.5506875,0.6323701,-0.3717695,0.8346002,0.40648478
1356337140525,-0.69098234,-0.027440608,-0.72235066,-0.60387397,-0.5273616,0.5976839,-0.39734071,0.84919775,0.34782678
1356337140558,-0.646719,-0.057909578,-0.76052684,-0.6383158,-0.50470674,0.5812264,-0.41750163,0.8613464,0.28943884
1356337140599,-0.61978763,-0.09670666,-0.7787882,-0.65777075,-0.47723484,0.5827387,-0.42801964,0.8734384,0.2321735
1356337140639,-0.6311049,-0.14816211,-0.7614162,-0.64770615,-0.43946743,0.62237054,-0.42682937,0.88595504,0.18138462
1356337140679,-0.68338686,-0.20540571,-0.7005646,-0.60111976,-0.3862375,0.69962525,-0.41429138,0.899238,0.14047629
1356337140719,-0.76544684,-0.25720203,-0.5898627,-0.50985634,-0.31684917,0.7997831,-0.39260343,0.9129368,0.11139524
1356337140758,-0.8501987,-0.29031628,-0.43917966,-0.37932605,-0.24066174,0.89341694,-0.36506718,0.9261741,0.0944857
1356337140799,-0.91185784,-0.2998964,-0.28031662,-0.23654488,-0.17423117,0.95587134,-0.33550224,0.9379263,0.08793509
1356337140839,-0.94388753,-0.29563314,-0.14723174,-0.113600686,-0.12797529,0.98524976,-0.31011456,0.9466907,0.0872103
1356337140878,-0.95505303,-0.29120266,-0.05545123,-0.027155295,-0.10032928,0.9945836,-0.29518878,0.95138586,0.08791202
1356337140918,-0.95541304,-0.29526633,-0.0018612593,0.024238393,-0.08470887,0.9961108,-0.2942757,0.9516523,0.08808887
1356337140958,-0.9506362,-0.30943528,0.02325581,0.049307317,-0.07663733,0.9958391,-0.3063655,0.94782734,0.08811152
1356337141019,-0.9433981,-0.33042175,0.028663188,0.056301042,-0.074377954,0.9956396,-0.32684904,0.94089824,0.088771045
1356337141040,-0.9353456,-0.3531739,0.019917563,0.050342426,-0.07717085,0.99574614,-0.3501345,0.9323695,0.08996111
1356337141080,-0.9273929,-0.37408298,-0.0020507574,0.032183364,-0.08524537,0.99584,-0.37270164,0.923469,0.09109527
1356337141121,-0.9194818,-0.3910401,-0.040507287,-7.0488453E-4,-0.10139722,0.9948458,-0.3931319,0.91477114,0.09295726
1356337141158,-0.9105275,-0.40130365,-0.099472746,-0.049962893,-0.13202965,0.98998576,-0.41041827,0.9063793,0.10016638
1356337141199,-0.9000335,-0.39812565,-0.17730135,-0.110419884,-0.18523777,0.97647035,-0.42160082,0.89843357,0.12275922
1356337141238,-0.890758,-0.37205493,-0.26100856,-0.16883405,-0.26231015,0.95009923,-0.42195427,0.8903755,0.17083925
1356337141279,-0.889556,-0.32050127,-0.32552916,-0.20673108,-0.3530202,0.9124906,-0.40737277,0.8790084,0.24777359
1356337141319,-0.89419216,-0.25253186,-0.36965948,-0.2332416,-0.442006,0.86615765,-0.38212413,0.86073136,0.33633727
1356337141358,-0.8926627,-0.1783982,-0.41391733,-0.27389973,-0.5146147,0.8124966,-0.35795584,0.8386572,0.41051406
1356337141399,-0.870594,-0.099311695,-0.48187482,-0.35092443,-0.5611326,0.74965477,-0.34484518,0.8217466,0.45366773
1356337141439,-0.8106657,-0.009715959,-0.5854287,-0.47323054,-0.5779032,0.66489154,-0.3447812,0.8160475,0.46388838
1356337141479,-0.6908243,0.09179604,-0.7171718,-0.62982905,-0.56352484,0.53456074,-0.35507357,0.8209831,0.44711244
1356337141519,-0.5018522,0.1924245,-0.8432777,-0.78100467,-0.5197984,0.34618127,-0.37172058,0.8323356,0.41114634
1356337141558,-0.28157657,0.26628345,-0.9218502,-0.8766983,-0.4618945,0.13436332,-0.39001885,0.8460181,0.363509
1356337141600,-0.08886701,0.30008027,-0.9497655,-0.9097793,-0.41261935,-0.04524228,-0.40546793,0.8600565,0.30967504
1356337141640,0.044412076,0.2991984,-0.95315677,-0.9090519,-0.38357872,-0.16276342,-0.4143092,0.8736977,0.25495136
1356337141680,0.114705384,0.27369192,-0.9549531,-0.9027673,-0.3724373,-0.21517849,-0.41455278,0.8867825,0.20435953
1356337141720,0.12601876,0.23005748,-0.96498334,-0.9053147,-0.37105918,-0.20668915,-0.40561628,0.89966035,0.16151401
1356337141760,0.07232422,0.16947556,-0.982877,-0.9188087,-0.37206042,-0.13176343,-0.3880203,0.91260564,0.12880664
1356337141800,-0.06265885,0.09027833,-0.99394345,-0.92951256,-0.36793,0.025178581,-0.36342856,0.9254606,0.10696891
1356337141840,-0.28525245,-0.006100923,-0.95843303,-0.89748013,-0.34926808,0.2693347,-0.33639324,0.937003,0.09415412
1356337141880,-0.5316974,-0.099739075,-0.84104097,-0.7864451,-0.31041038,0.53399396,-0.31432793,0.9453558,0.08660507
1356337141920,-0.70275867,-0.16642603,-0.6916882,-0.6429856,-0.26750815,0.7176413,-0.3044664,0.9490742,0.080984116
1356337141960,-0.78284293,-0.20868942,-0.586179,-0.53966856,-0.24117929,0.8065919,-0.30970138,0.9477771,0.076182246
1356337142019,-0.80832654,-0.23913106,-0.5379821,-0.48946497,-0.23482877,0.8398093,-0.32715815,0.94216347,0.07277191
1356337142040,-0.80578,-0.26214996,-0.53103316,-0.47717294,-0.24368125,0.84434915,-0.35074887,0.9337542,0.07126248
1356337142080,-0.7867685,-0.27681187,-0.55169773,-0.49019793,-0.2629534,0.83100027,-0.37510154,0.924246,0.07119089
1356337142120,-0.7537188,-0.28074273,-0.59421504,-0.52354443,-0.29004008,0.8011105,-0.39725214,0.91490996,0.07162738
1356337142160,-0.7054497,-0.2715686,-0.6546687,-0.5732468,-0.32457966,0.75235367,-0.41680777,0.90603447,0.07329887
1356337142200,-0.6455092,-0.246045,-0.72303504,-0.6289124,-0.36590052,0.68599266,-0.43334395,0.8975403,0.081451476
1356337142240,-0.5887435,-0.20015347,-0.7831472,-0.67558813,-0.410102,0.61269647,-0.44380358,0.8898061,0.10622364
1356337142280,-0.5597762,-0.13358599,-0.8178052,-0.70061994,-0.45068848,0.5531831,-0.44247293,0.8826294,0.15869167
1356337142320,-0.568797,-0.049728215,-0.8209733,-0.7045387,-0.48556995,0.51753944,-0.42437625,0.8727823,0.24115527
1356337142360,-0.5960069,0.04237616,-0.80186033,-0.70027035,-0.5160935,0.49322292,-0.392934,0.8554833,0.33727005
1356337142400,-0.61179066,0.12991086,-0.78027904,-0.70397985,-0.5392569,0.46218452,-0.36072803,0.8320608,0.42136687
1356337142440,-0.59518176,0.20402226,-0.7772604,-0.72793317,-0.5466013,0.41393298,-0.34039998,0.8121589,0.4738416
1356337142480,-0.5430154,0.26043668,-0.79831505,-0.76985335,-0.53406715,0.34942538,-0.33535072,0.80432886,0.4905048
1356337142520,-0.46203125,0.29666537,-0.8357731,-0.8180559,-0.5065161,0.2724443,-0.34250772,0.80958694,0.4767151
1356337142560,-0.36407417,0.31037575,-0.8781327,-0.85986954,-0.47429442,0.18886304,-0.3578749,0.82383966,0.43956095
1356337142600,-0.2670617,0.30108932,-0.9154361,-0.8868989,-0.4483633,0.11126864,-0.37694615,0.84161484,0.38677645
1356337142640,-0.18961954,0.2714494,-0.94358873,-0.89910835,-0.43415695,0.05578375,-0.39452317,0.8589662,0.3263871
1356337142680,-0.14296806,0.22584572,-0.96361494,-0.9025111,-0.42937982,0.03326705,-0.40624365,0.87442935,0.2652159
1356337142720,-0.13452137,0.16809571,-0.976549,-0.9022871,-0.42815703,0.050591946,-0.40961197,0.88793325,0.20926683
1356337142760,-0.16896355,0.101435035,-0.9803889,-0.89891624,-0.42380702,0.111073375,-0.4042289,0.9000548,0.16278946
1356337142800,-0.2473374,0.029657096,-0.96847546,-0.8867247,-0.409832,0.21390915,-0.3905683,0.9116788,0.12766442
1356337142840,-0.3674096,-0.04276985,-0.92907524,-0.85306656,-0.38246816,0.3549583,-0.3705233,0.92297816,0.10403702
1356337142880,-0.51128227,-0.107013315,-0.8527242,-0.7863759,-0.34202564,0.5144235,-0.34670374,0.9335773,0.090719044
1356337142920,-0.6487366,-0.15548977,-0.7449589,-0.6888946,-0.29596174,0.6616878,-0.32336497,0.9424593,0.08488512
1356337142960,-0.7521585,-0.18802123,-0.63158965,-0.58343446,-0.255583,0.7708965,-0.30636847,0.9483276,0.08254093
1356337143020,-0.81457406,-0.21194483,-0.5399524,-0.49606806,-0.22792244,0.83783525,-0.30064207,0.950332,0.08052057
1356337143040,-0.8447553,-0.23410484,-0.48123124,-0.43809566,-0.21392459,0.87310284,-0.30734476,0.9483835,0.07815355
1356337143080,-0.8539454,-0.2563453,-0.45284042,-0.40748402,-0.21180105,0.8883114,-0.32362655,0.9430946,0.076409936
1356337143120,-0.8503391,-0.2760653,-0.44800815,-0.39833635,-0.21865493,0.89079636,-0.34387717,0.935937,0.075963974
1356337143160,-0.8381098,-0.28991264,-0.46208516,-0.40694594,-0.23182195,0.88354605,-0.36327264,0.9285522,0.076313496
1356337143200,-0.8174706,-0.2959242,-0.49413618,-0.43279707,-0.25047362,0.86599624,-0.38003734,0.92178726,0.076679766
1356337143240,-0.78578705,-0.2917303,-0.5453734,-0.47644594,-0.2767473,0.83451194,-0.394383,0.91558963,0.07847071
1356337143280,-0.7441758,-0.2730335,-0.60963523,-0.53054535,-0.31292748,0.78778046,-0.4058621,0.90968627,0.08801639
1356337143320,-0.70226747,-0.23278463,-0.672779,-0.58138824,-0.35787046,0.73069584,-0.4108625,0.9042897,0.11598259
1356337143360,-0.67546844,-0.16702628,-0.71822315,-0.6168791,-0.40562093,0.67448634,-0.4039833,0.8986512,0.1709491
1356337143400,-0.6705432,-0.079808086,-0.7375653,-0.6354587,-0.45125997,0.62654346,-0.38283694,0.88881665,0.2518746
1356337143440,-0.6687192,0.015840054,-0.74334633,-0.65294933,-0.49071032,0.5769408,-0.35562894,0.87117887,0.3384901
1356337143480,-0.6478819,0.10492295,-0.7544801,-0.68372446,-0.51674664,0.51526093,-0.33581233,0.8496847,0.40652913
1356337143559,-0.5890455,0.17758143,-0.7883464,-0.7354687,-0.5220236,0.43194574,-0.33482993,0.8342399,0.43810132
1356337143560,-0.50488555,0.23861736,-0.82954955,-0.792672,-0.5086057,0.33614203,-0.34170428,0.82727385,0.44593295
1356337143598,-0.39696127,0.27639323,-0.87523055,-0.8453538,-0.48151135,0.23135191,-0.35748938,0.8317172,0.4247915
1356337143638,-0.281837,0.29134554,-0.91415846,-0.8827571,-0.4520312,0.12809196,-0.37590912,0.843081,0.3845865
1356337143679,-0.17740428,0.28567463,-0.9417631,-0.90288574,-0.42799187,0.04025361,-0.39156753,0.8574456,0.3338591
1356337143719,-0.09833163,0.263356,-0.9596741,-0.91097724,-0.41198516,-0.019715935,-0.40056384,0.87230253,0.2804225
1356337143761,-0.051401913,0.22855473,-0.9721732,-0.9145342,-0.4018705,-0.04612407,-0.40122953,0.8867147,0.22967796
1356337143799,-0.04106307,0.1844868,-0.98197675,-0.9181773,-0.39455503,-0.035730988,-0.3940358,0.9001616,0.18559329
1356337143839,-0.06821835,0.13412857,-0.988613,-0.92225564,-0.3864178,0.011212796,-0.38051376,0.91251886,0.15006167
1356337143880,-0.1341672,0.079713196,-0.98774743,-0.9219562,-0.37548006,0.09492874,-0.36331236,0.9233962,0.12386918
1356337143920,-0.23491096,0.024717063,-0.97170264,-0.9088185,-0.3601653,0.21054709,-0.34476942,0.93256104,0.10707003
1356337143960,-0.35736334,-0.026388705,-0.9335926,-0.8751691,-0.33960372,0.34459895,-0.326145,0.94019836,0.09826726
1356337144019,-0.47946572,-0.069776684,-0.87478226,-0.82126594,-0.31560302,0.47530746,-0.30924922,0.94632244,0.09401548
1356337144040,-0.5798682,-0.10481691,-0.8079394,-0.75836635,-0.29294145,0.5822934,-0.29771325,0.95036757,0.09037793
1356337144080,-0.64918,-0.13400781,-0.748737,-0.70107216,-0.27643496,0.65732896,-0.29506433,0.9516436,0.085507035
1356337144120,-0.6903951,-0.15927319,-0.7056816,-0.65768695,-0.2681278,0.70395684,-0.30133432,0.95012605,0.0803622
1356337144160,-0.7108412,-0.18053958,-0.6797869,-0.6296693,-0.26730794,0.7294265,-0.3134028,0.9465474,0.076333344
1356337144200,-0.7165057,-0.19716732,-0.6691373,-0.6157538,-0.2720176,0.73949564,-0.32782143,0.94187665,0.07349557
1356337144240,-0.71051323,-0.20840386,-0.67211515,-0.61498785,-0.28030086,0.7370355,-0.34199554,0.9370161,0.070991635
1356337144280,-0.6939239,-0.2141829,-0.68745553,-0.62607163,-0.2921269,0.7229772,-0.35567364,0.9320877,0.068620026
1356337144320,-0.6674547,-0.21319908,-0.7134776,-0.6464324,-0.30971408,0.6972821,-0.36963394,0.9266193,0.0689013
1356337144360,-0.6359763,-0.20056316,-0.7451903,-0.6700114,-0.33562708,0.6621474,-0.3829084,0.9203961,0.07907128
1356337144400,-0.61115426,-0.16728222,-0.7736325,-0.6886529,-0.36945283,0.62390864,-0.39018953,0.9140686,0.11059326
1356337144440,-0.6044969,-0.10607433,-0.78951377,-0.69827867,-0.40643924,0.5892488,-0.38339347,0.90749955,0.17162168
1356337144480,-0.6168854,-0.019573212,-0.7868096,-0.7006619,-0.44170398,0.56033075,-0.35850435,0.8969474,0.25876647
1356337144520,-0.6297621,0.07364035,-0.7732895,-0.70528585,-0.4713943,0.5294896,-0.3255325,0.87884265,0.34880382
1356337144560,-0.62599814,0.15229088,-0.7648097,-0.7196003,-0.49073595,0.49127755,-0.30050254,0.8578961,0.4167883
1356337144600,-0.59847206,0.20683485,-0.7739835,-0.7460785,-0.4958763,0.44437987,-0.29188684,0.8434014,0.45108324
1356337144640,-0.54760224,0.23823002,-0.8021086,-0.78166306,-0.4876868,0.3887987,-0.29855424,0.8398857,0.453274
1356337144680,-0.4778539,0.25049478,-0.84196675,-0.8196766,-0.47182113,0.32483098,-0.3158892,0.8453622,0.43078622
1356337144720,-0.3974716,0.24725977,-0.8836734,-0.8527484,-0.45517182,0.25620055,-0.33887517,0.85538363,0.39176828
1356337144760,-0.31769466,0.2313028,-0.9195483,-0.876226,-0.4422207,0.19149122,-0.3623508,0.86656785,0.34316468
1356337144800,-0.25058085,0.20504877,-0.94613117,-0.8897821,-0.4338531,0.14163083,-0.3814407,0.8773406,0.291164
1356337144841,-0.20448828,0.1704531,-0.96391404,-0.89663446,-0.42768776,0.11458546,-0.39272285,0.8877099,0.24029127
1356337144880,-0.18683195,0.1289601,-0.9738908,-0.8996372,-0.42070448,0.11687857,-0.3946475,0.89798504,0.19461831
1356337144920,-0.19957179,0.083022505,-0.9763597,-0.9004489,-0.40852916,0.149317,-0.38647482,0.90896153,0.15628844
1356337144960,-0.24699515,0.034606546,-0.96839845,-0.89600277,-0.38872737,0.21463883,-0.3690152,0.9207026,0.12702143
1356337145028,-0.32903272,-0.012490392,-0.9442358,-0.879304,-0.3605469,0.3111756,-0.34432805,0.93265736,0.10764897
1356337145045,-0.4404682,-0.053776234,-0.8961562,-0.8411466,-0.3241676,0.43288308,-0.31378365,0.94447,0.09755182
1356337145087,-0.5596001,-0.09383547,-0.8234334,-0.77534574,-0.2916571,0.5601563,-0.2927227,0.9519091,0.09045637
1356337145128,-0.64108235,-0.12690794,-0.7569066,-0.7116089,-0.2710899,0.6481689,-0.28744757,0.95415115,0.083482206
1356337145169,-0.6809039,-0.15581319,-0.7156062,-0.6689724,-0.26535255,0.6943083,-0.2980703,0.951478,0.076444805
1356337145209,-0.6885525,-0.17963089,-0.70258665,-0.65152675,-0.27220637,0.70810765,-0.3184466,0.9453234,0.0703941
1356337145249,-0.67284983,-0.19497152,-0.7136239,-0.6562797,-0.2878871,0.6974367,-0.3414234,0.93760705,0.06574899
1356337145289,-0.6366689,-0.19852558,-0.7451445,-0.6806786,-0.30942667,0.664027,-0.3623939,0.9299692,0.061870217
1356337145329,-0.57780087,-0.1877015,-0.79430115,-0.7221768,-0.33585328,0.60470086,-0.38027194,0.92302257,0.058502734
1356337145368,-0.49690205,-0.15965551,-0.85299385,-0.7724496,-0.36657995,0.518595,-0.39548695,0.9165857,0.058828473
1356337145409,-0.40959334,-0.110939056,-0.90549755,-0.81662416,-0.39785326,0.41813618,-0.4066428,0.91071695,0.07236254
1356337145449,-0.33966208,-0.037516326,-0.9397991,-0.8469281,-0.42238718,0.3229581,-0.40907526,0.9056388,0.11169526
1356337145489,-0.30550635,0.060919493,-0.9502393,-0.8655144,-0.43376935,0.25045803,-0.39692685,0.89896226,0.18524587
1356337145530,-0.2973559,0.17914468,-0.93780947,-0.8804181,-0.4314599,0.19673908,-0.36938247,0.884166,0.28601936
1356337145569,-0.27721477,0.29936013,-0.9129817,-0.8995166,-0.41481358,0.13711187,-0.33767134,0.8592516,0.3842718
1356337145609,-0.22323447,0.40036243,-0.8887499,-0.92249376,-0.38133168,0.059928566,-0.31491536,0.8332443,0.45445818
1356337145649,-0.13021928,0.47026312,-0.8728663,-0.9428067,-0.3311922,-0.037778854,-0.30685246,0.8180247,0.48649478
1356337145689,-0.01406008,0.50550747,-0.8627076,-0.95001614,-0.27587163,-0.14616528,-0.31188416,0.8175311,0.484119
1356337145747,0.102173924,0.51016504,-0.853986,-0.939817,-0.23186874,-0.25095975,-0.32604358,0.82823217,0.45577085
1356337145769,0.19998348,0.492905,-0.8467889,-0.917204,-0.2097745,-0.33872032,-0.34459165,0.8444166,0.41014302
1356337145809,0.27211034,0.46115828,-0.8445643,-0.8913863,-0.2098102,-0.40175873,-0.36247265,0.86215574,0.3539787
1356337145845,0.31656772,0.41992587,-0.8505569,-0.8713289,-0.22568423,-0.43572074,-0.3749277,0.87904996,0.29444924
1356337145875,0.33211792,0.37481076,-0.86557186,-0.8627896,-0.2501191,-0.43935716,-0.3811718,0.89272475,0.24031374
1356337145916,0.33525097,0.32531455,-0.8841816,-0.8629464,-0.27057046,-0.42674953,-0.3780613,0.9060696,0.19002002
1356337145959,0.31121856,0.26940256,-0.9113536,-0.876834,-0.28840798,-0.38468593,-0.3664769,0.9188271,0.14646329
1356337146020,0.26072574,0.21091923,-0.94209087,-0.9004586,-0.29876387,-0.31609246,-0.34813273,0.93072724,0.11202861
1356337146040,0.18436837,0.15465903,-0.97061265,-0.9275608,-0.2991919,-0.22386435,-0.32502207,0.94157577,0.088294074
1356337146081,0.083933234,0.10439265,-0.99098814,-0.95010495,-0.29144698,-0.11117217,-0.30042604,0.95087373,0.07472184
1356337146120,-0.033236265,0.061392665,-0.99756014,-0.959445,-0.28151542,0.014641106,-0.27992973,0.9575907,0.06825942
1356337146160,-0.1535641,0.023824126,-0.9878515,-0.95058024,-0.27656448,0.14110026,-0.269843,0.96070004,0.06511709
1356337146200,-0.26136613,-0.010554403,-0.96518207,-0.92565334,-0.280689,0.25373134,-0.273594,0.95974076,0.06359288
1356337146240,-0.34880608,-0.043129683,-0.936202,-0.8915325,-0.29273933,0.3456495,-0.2889709,0.95521915,0.06365773
1356337146280,-0.41467792,-0.0734404,-0.90699995,-0.8553052,-0.30880094,0.41604704,-0.31063703,0.9482872,0.06523889
1356337146320,-0.4616279,-0.100602865,-0.8813505,-0.82196647,-0.3251006,0.46763316,-0.33357278,0.9403131,0.06738329
1356337146360,-0.49270886,-0.123875976,-0.86133206,-0.7946948,-0.33922255,0.5033769,-0.35453954,0.93251425,0.06869429
1356337146400,-0.51049644,-0.1423102,-0.8480219,-0.7747345,-0.3517565,0.52540827,-0.37306815,0.92521083,0.06931782
1356337146440,-0.51919127,-0.15257642,-0.84092855,-0.7609397,-0.36545044,0.53611255,-0.38911593,0.9182409,0.07363731
1356337146480,-0.52665293,-0.14715856,-0.83724606,-0.7499374,-0.38334394,0.53911155,-0.4002881,0.9118069,0.09152949
1356337146520,-0.5442972,-0.114688456,-0.83101565,-0.7373666,-0.4069804,0.5391265,-0.40003866,0.9062083,0.13695085
1356337146560,-0.5758574,-0.0486207,-0.8161031,-0.723362,-0.4348595,0.5363251,-0.38096666,0.8991848,0.21524665
1356337146600,-0.61302054,0.04222688,-0.7889376,-0.71171856,-0.4630596,0.52823514,-0.34301943,0.8853206,0.31391877
1356337146640,-0.6393437,0.13309631,-0.75731444,-0.7080585,-0.48594654,0.51235664,-0.2998215,0.8637948,0.40492672
1356337146680,-0.64543414,0.20127594,-0.7368194,-0.7151834,-0.49796402,0.4904534,-0.26819304,0.84351635,0.46535218
1356337146720,-0.6309558,0.23871037,-0.7381816,-0.73252225,-0.4967178,0.46549183,-0.2555502,0.8344392,0.48826763
1356337146760,-0.5988437,0.24841511,-0.7613647,-0.757403,-0.4845959,0.43761563,-0.2602439,0.8387233,0.47834757
1356337146800,-0.55263126,0.23567879,-0.7994087,-0.78574944,-0.46710205,0.40547928,-0.27784255,0.8522154,0.4433197
1356337146840,-0.4987105,0.20555824,-0.8420414,-0.81217855,-0.45013714,0.3711369,-0.30274382,0.8689778,0.3914381
1356337146880,-0.44750142,0.16264656,-0.87936825,-0.83172417,-0.437011,0.342427,-0.32859904,0.8846284,0.3308401
1356337146920,-0.40934122,0.11034551,-0.9056841,-0.84246075,-0.42681867,0.32876408,-0.35028517,0.89758,0.26767614
1356337146960,-0.39634025,0.051531017,-0.9166564,-0.8427815,-0.4164706,0.3409861,-0.36418912,0.90768754,0.20849353
1356337147020,-0.4155048,-0.010028809,-0.90953577,-0.83158016,-0.40097088,0.3843134,-0.3685515,0.91603595,0.1582655
1356337147040,-0.4704001,-0.07018474,-0.87965775,-0.8043953,-0.37579572,0.46013665,-0.36286616,0.9240409,0.120318085
1356337147080,-0.55801255,-0.123568475,-0.82058084,-0.7532747,-0.33942288,0.56335545,-0.3481369,0.9324821,0.096321225
1356337147120,-0.6640723,-0.16387534,-0.72948813,-0.67250293,-0.29544353,0.6785669,-0.3267229,0.9412003,0.08598924
1356337147160,-0.76424015,-0.18847114,-0.6167784,-0.5692899,-0.25225562,0.78248066,-0.3030609,0.9491289,0.08548921
1356337147200,-0.8382688,-0.20088068,-0.5069047,-0.46619007,-0.21811509,0.8573755,-0.2827937,0.9550251,0.08919042
1356337147240,-0.88211364,-0.21054418,-0.42136317,-0.38427377,-0.19567913,0.9022437,-0.2724141,0.9578001,0.09170449
1356337147280,-0.9021468,-0.22380129,-0.36884144,-0.33264545,-0.18358642,0.9250097,-0.27473268,0.957188,0.0911755
1356337147321,-0.90638953,-0.24162036,-0.3465221,-0.30902624,-0.18004811,0.9338551,-0.28802907,0.95352095,0.088526785
1356337147360,-0.90098417,-0.26002157,-0.3472985,-0.3070274,-0.18344301,0.93385375,-0.3065316,0.9480176,0.08544558
1356337147400,-0.88903934,-0.27503306,-0.3660138,-0.32214165,-0.19227988,0.92695916,-0.32532147,0.94201136,0.08234465
1356337147440,-0.8704375,-0.2846188,-0.4016599,-0.35365343,-0.20603764,0.9124022,-0.34244388,0.9362375,0.078686476
1356337147480,-0.8427695,-0.28790724,-0.45480657,-0.40143603,-0.22670734,0.8873854,-0.3585927,0.93043715,0.07548571
1356337147520,-0.805122,-0.28132123,-0.5221465,-0.4603982,-0.25856882,0.84922063,-0.3739146,0.9241215,0.078659594
1356337147560,-0.7629129,-0.25542718,-0.59390295,-0.5195142,-0.30455995,0.7983409,-0.38479707,0.91760564,0.099654734
1356337147600,-0.72959363,-0.19963346,-0.6540946,-0.5656664,-0.36135328,0.74124587,-0.3843367,0.9108075,0.15071511
1356337147640,-0.7122798,-0.11118372,-0.69303375,-0.59809095,-0.42061597,0.6821799,-0.36734837,0.90040016,0.23309821
1356337147680,-0.6991338,-0.0029729307,-0.7149846,-0.629704,-0.47107983,0.6177026,-0.33865124,0.88208556,0.32747585
1356337147720,-0.67113185,0.10329127,-0.7341069,-0.67251235,-0.50150895,0.54425716,-0.31194413,0.8589643,0.4060433
1356337147761,-0.61579055,0.19139254,-0.7643107,-0.72935945,-0.5054224,0.46106714,-0.29805493,0.84137803,0.4508283
1356337147800,-0.53372777,0.25454873,-0.80643636,-0.791542,-0.48602742,0.37045738,-0.29765075,0.8360516,0.46089235
1356337147840,-0.43391287,0.29099348,-0.8526678,-0.8471153,-0.45403004,0.27613842,-0.30678234,0.8421279,0.4435145
1356337147880,-0.33062786,0.30148992,-0.89430916,-0.88744485,-0.4217584,0.18590671,-0.32113346,0.85511607,0.40700084
1356337147920,-0.2403248,0.28942457,-0.9265405,-0.91071045,-0.3975616,0.112032026,-0.33593217,0.8707342,0.35912597
1356337147960,-0.17558485,0.25969264,-0.9495945,-0.9214101,-0.3830095,0.065629005,-0.3466603,0.8864894,0.30653405
1356337148019,-0.143291,0.2173047,-0.965529,-0.92552376,-0.3749674,0.05296272,-0.35053295,0.9012092,0.2548502
1356337148040,-0.14541519,0.16666076,-0.9752326,-0.9265764,-0.36851537,0.07518333,-0.34685814,0.9145603,0.20801166
1356337148080,-0.18210578,0.11162314,-0.9769226,-0.9240377,-0.3590762,0.13121963,-0.33614248,0.92660916,0.16853383
1356337148120,-0.25275195,0.05592051,-0.9659138,-0.9129851,-0.3442521,0.21897194,-0.3202728,0.93721044,0.13806498
1356337148160,-0.3489828,0.004389733,-0.9371189,-0.8873507,-0.32312578,0.3289355,-0.30136332,0.9463459,0.116660535
1356337148200,-0.45767796,-0.040558934,-0.8881925,-0.84282506,-0.29834515,0.44792432,-0.28315514,0.95359594,0.10236186
1356337148240,-0.5591041,-0.07891789,-0.82533294,-0.7835938,-0.27495164,0.5571196,-0.2708934,0.9582137,0.09188706
1356337148280,-0.6375744,-0.113542706,-0.76197577,-0.7217598,-0.25780332,0.64233965,-0.26937285,0.95950276,0.082418144
1356337148320,-0.6879949,-0.14681974,-0.7107088,-0.66954315,-0.24937278,0.6996608,-0.27995545,0.95721316,0.073265076
1356337148360,-0.71412796,-0.17827511,-0.67693377,-0.632599,-0.2497083,0.7331196,-0.29973292,0.95176876,0.06554693
1356337148400,-0.722249,-0.20527086,-0.6604697,-0.611326,-0.2571578,0.7484319,-0.32347625,0.9443165,0.06024462
1356337148440,-0.7172753,-0.22513339,-0.65941715,-0.6046183,-0.26929784,0.74961007,-0.34634188,0.9363725,0.05704099
1356337148480,-0.70142514,-0.2365766,-0.6723349,-0.6116493,-0.28447574,0.7382132,-0.36590695,0.9290345,0.05483651
1356337148520,-0.6750795,-0.239168,-0.69790137,-0.6310092,-0.30292714,0.7141866,-0.38222384,0.922515,0.05358261
1356337148561,-0.640318,-0.23064156,-0.7326645,-0.6584748,-0.32628763,0.67819417,-0.39547914,0.9167011,0.05705625
1356337148600,-0.6056504,-0.20434433,-0.7690455,-0.686146,-0.35532928,0.6347793,-0.40297794,0.91213185,0.07499528
1356337148640,-0.58471197,-0.15024251,-0.7972071,-0.70679694,-0.38799417,0.59152234,-0.39818347,0.9093337,0.120673835
1356337148680,-0.5838734,-0.06253654,-0.8094325,-0.72024655,-0.42016488,0.5520022,-0.37461543,0.90529037,0.20028141
1356337148720,-0.59001446,0.048851043,-0.80591345,-0.73449767,-0.44694698,0.5106384,-0.33525538,0.8932256,0.29958618
