1356336424365,-0.27397937,-0.3929907,-0.8777776,-0.66148615,-0.585523,0.46861374,-0.6981199,0.70902824,-0.09953663
1356336424387,-0.48040614,-0.3607999,0.7993956,0.5308807,0.60589254,0.592503,-0.6981229,0.7090258,-0.09953284
1356336424431,-0.48038524,-0.36088657,0.79936904,0.5308477,0.6058776,0.5925479,-0.6981624,0.7089945,-0.09947884
1356336424453,-0.48026386,-0.36101612,0.79938346,0.53083146,0.60588944,0.5925504,-0.6982582,0.70891845,-0.09934807
1356336424480,-0.479966,-0.36123177,0.79946494,0.5308399,0.605945,0.59248596,-0.6984565,0.70876104,-0.09907675
1356336424539,-0.47926185,-0.36188725,0.7995909,0.5307511,0.6060785,0.592429,-0.69900733,0.70831245,-0.09839815
1356336424562,-0.4775159,-0.36179453,0.80067664,0.5313225,0.6068758,0.5910991,-0.69976765,0.7076768,-0.09756321
1356336424612,-0.4750887,-0.3618414,0.8020982,0.53200376,0.60795856,0.5893712,-0.7009013,0.70672286,-0.096333206
1356336424633,-0.47175813,-0.36137387,0.8042718,0.53332245,0.6094279,0.58665556,-0.7021477,0.7056958,-0.09477377
1356336424657,-0.46820575,-0.3614884,0.8062937,0.5346346,0.6106193,0.5842173,-0.70352626,0.7046064,-0.09263128
1356336424686,-0.46447784,-0.3622105,0.8081236,0.53596437,0.61146057,0.58211523,-0.70498395,0.7035051,-0.0898779
1356336424729,-0.46057156,-0.36437422,0.8093858,0.5371444,0.61152697,0.5809567,-0.7066469,0.70232916,-0.08593035
1356336424770,-0.45643455,-0.3666636,0.8106944,0.5385912,0.61139184,0.5797582,-0.7082282,0.70125455,-0.08157861
1356336424809,-0.4525655,-0.36864275,0.81196487,0.5401245,0.61119354,0.5785395,-0.70954204,0.70038915,-0.07749206
1356336424849,-0.4492702,-0.36976817,0.8132821,0.54161716,0.6112319,0.5771017,-0.7104978,0.6997621,-0.074335515
1356336424888,-0.4467293,-0.3699106,0.8146159,0.5428657,0.61167276,0.57545924,-0.7111468,0.6993015,-0.072440386
1356336424929,-0.44490665,-0.36904633,0.8160042,0.54369026,0.6127335,0.5735491,-0.71165925,0.69882935,-0.0719623
1356336424968,-0.44368196,-0.36706874,0.8175615,0.54392576,0.61473024,0.5711843,-0.7122437,0.6981169,-0.07308662
1356336425008,-0.4428921,-0.36393476,0.81938887,0.543567,0.6178011,0.56820494,-0.71300876,0.6970462,-0.07579625
1356336425059,-0.44257364,-0.3586364,0.82189316,0.5422724,0.62293255,0.5638223,-0.71419126,0.6952229,-0.081214905
1356336425098,-0.44244727,-0.35295138,0.8244184,0.5407662,0.6283573,0.5592307,-0.7154106,0.6932477,-0.08715081
1356336425139,-0.44257793,-0.34755358,0.8266386,0.5390886,0.6335368,0.5549907,-0.71659493,0.691258,-0.093027234
1356336425180,-0.44298103,-0.34293538,0.82834965,0.537379,0.63801086,0.5515125,-0.71762913,0.6894473,-0.09834039
1356336425220,-0.44363832,-0.33922145,0.8295263,0.53583145,0.64154196,0.54891586,-0.71838,0.6880064,-0.1028471
1356336425260,-0.44450384,-0.33629975,0.8302522,0.5346146,0.6440886,0.54711705,-0.7187513,0.68706065,-0.10650903
1356336425300,-0.44554877,-0.33390072,0.83066034,0.53380334,0.64578557,0.5459075,-0.7187073,0.68663776,-0.10949159
1356336425340,-0.44680277,-0.33160928,0.8309047,0.5333675,0.6469197,0.5449899,-0.7182524,0.6866805,-0.112176
1356336425388,-0.44833595,-0.3287808,0.83120275,0.53334725,0.6478309,0.5439263,-0.7173114,0.6871814,-0.11509156
1356336425420,-0.4503062,-0.32489157,0.8316668,0.5338114,0.6486908,0.5424441,-0.7157302,0.6882192,-0.11867869
1356336425460,-0.45298707,-0.3194926,0.83230233,0.53485644,0.64951384,0.5404261,-0.713254,0.6899683,-0.1233387
1356336425501,-0.45687115,-0.31193435,0.83304596,0.5364515,0.65041375,0.53775615,-0.7095692,0.6925741,-0.1298176
1356336425540,-0.4626844,-0.3012874,0.833756,0.538111,0.6519611,0.5342129,-0.70452803,0.69582516,-0.13952613
1356336425580,-0.47120047,-0.28667068,0.8341403,0.53889287,0.65510494,0.5295583,-0.6982583,0.6990404,-0.15420097
1356336425620,-0.48299122,-0.26857248,0.8334196,0.53776264,0.6601703,0.52439153,-0.69103605,0.70145845,-0.17442822
1356336425660,-0.4982549,-0.24934371,0.83040345,0.5339174,0.66638017,0.5204514,-0.6831356,0.7026843,-0.1988982
1356336425700,-0.51690924,-0.23226832,0.8239273,0.5265777,0.67257404,0.51996154,-0.6749227,0.70263475,-0.2253524
1356336425740,-0.5386352,-0.21969715,0.8133912,0.51508737,0.6781163,0.524255,-0.66675115,0.7013497,-0.2520941
1356336425780,-0.56287754,-0.21216899,0.7988449,0.49928415,0.68295145,0.5331911,-0.65869886,0.69897187,-0.27848542
1356336425820,-0.5887096,-0.20798264,0.7811301,0.4798966,0.68768513,0.5447829,-0.65047693,0.6955806,-0.30503666
1356336425860,-0.6151598,-0.20471367,0.7613611,0.4579536,0.6933009,0.55642825,-0.6417608,0.69096035,-0.3327415
1356336425900,-0.6412716,-0.20013073,0.7407553,0.43450764,0.7009784,0.5655373,-0.63243484,0.68452686,-0.3625592
1356336425940,-0.6662532,-0.19259511,0.7204261,0.41049612,0.71181595,0.5699219,-0.6225749,0.6754444,-0.39519006
1356336425980,-0.68950367,-0.1815072,0.7011703,0.38665977,0.72635007,0.5682515,-0.6124369,0.66292584,-0.4306395
1356336426020,-0.7105088,-0.16720487,0.6835347,0.36375505,0.74424285,0.56016505,-0.6023781,0.6466414,-0.46796948
1356336426060,-0.7288138,-0.15085045,0.66788805,0.34281045,0.76398253,0.54663664,-0.59271514,0.6273554,-0.5050879
1356336426100,-0.74395895,-0.13458838,0.6545311,0.3251353,0.7828324,0.53052855,-0.58379114,0.6075027,-0.53863573
1356336426140,-0.7554425,-0.12176466,0.6438013,0.3116987,0.79748774,0.5165822,-0.5763251,0.59092015,-0.5645023
1356336426180,-0.7627576,-0.11637251,0.63612765,0.30259007,0.80512345,0.5101132,-0.57152444,0.58157855,-0.5789009
1356336426220,-0.76538926,-0.12199687,0.6318987,0.29700536,0.8040972,0.51499087,-0.5709352,0.5818458,-0.57921356
1356336426260,-0.76252997,-0.14129554,0.6313347,0.2939512,0.793643,0.53265697,-0.5763164,0.59174854,-0.5636426
1356336426300,-0.7530749,-0.17472203,0.63431096,0.2936437,0.7734896,0.5616825,-0.5887712,0.6092505,-0.53118956
1356336426340,-0.7360539,-0.21945342,0.64036304,0.29837677,0.7439528,0.5979176,-0.60761493,0.631169,-0.48210955
1356336426383,-0.7113961,-0.26936182,0.6491223,0.3112814,0.70732725,0.634659,-0.6300948,0.65355366,-0.41934252
1356336426420,-0.67983264,-0.3183614,0.66066146,0.3336147,0.66799754,0.6651921,-0.65309167,0.67262566,-0.34791648
1356336426460,-0.6424256,-0.3620889,0.67541164,0.36391672,0.631485,0.6846834,-0.6744285,0.6856517,-0.2739119
1356336426500,-0.60069776,-0.3971594,0.6938491,0.3986268,0.60351014,0.69055927,-0.6930071,0.6914042,-0.20420885
1356336426540,-0.5562188,-0.42173174,0.7160748,0.43387797,0.5875342,0.68304724,-0.7087811,0.69061273,-0.14381748
1356336426580,-0.5103581,-0.43504864,0.7418,0.4666801,0.58441985,0.66382456,-0.7223187,0.6849716,-0.09523493
1356336426620,-0.4645946,-0.43683153,0.7702792,0.4955848,0.59261084,0.63498676,-0.73385805,0.67675006,-0.0588367
1356336426660,-0.42033878,-0.42728668,0.80046326,0.51997477,0.60952914,0.598415,-0.7436004,0.66775775,-0.034030437
1356336426700,-0.37849864,-0.40743533,0.8311048,0.53941846,0.63257337,0.5557685,-0.75217456,0.6586709,-0.019650102
1356336426740,-0.33984423,-0.37914944,0.8606693,0.55299586,0.659665,0.50895745,-0.76072437,0.64891285,-0.014515281
1356336426780,-0.3048081,-0.34404123,0.88810337,0.56041723,0.6891719,0.45931962,-0.7700808,0.6377128,-0.017258525
1356336426820,-0.27364224,-0.30343902,0.9127128,0.5631749,0.71870947,0.40778756,-0.779714,0.62560487,-0.025780022
1356336426860,-0.2461894,-0.25877696,0.934037,0.5649168,0.7447654,0.35523713,-0.78756565,0.61510885,-0.03716594
1356336426900,-0.22175346,-0.21212079,0.9517511,0.56996965,0.7637495,0.3030203,-0.7911763,0.60966504,-0.048461676
1356336426940,-0.19926803,-0.16615309,0.96575636,0.58130795,0.773353,0.25299448,-0.7889064,0.6118156,-0.057518423
1356336426980,-0.17758909,-0.12380496,0.97628605,0.59917176,0.7733804,0.20706502,-0.7806761,0.6217356,-0.06316352
1356336427020,-0.1558662,-0.087488204,0.98389614,0.62113905,0.76581043,0.16649517,-0.76804435,0.63708735,-0.065021634
1356336427090,-0.13400707,-0.058112264,0.989275,0.64379084,0.7538196,0.13148895,-0.753376,0.6545067,-0.06360495
1356336427097,-0.1129988,-0.034899086,0.99298203,0.66471756,0.7401463,0.10165617,-0.73849964,0.67153966,-0.06043762
1356336427139,-0.09523846,-0.015261859,0.99533755,0.68295693,0.7264431,0.07648724,-0.72422343,0.68705714,-0.058762133
1356336427179,-0.08488053,0.0058384836,0.99637413,0.6987655,0.7132064,0.055348188,-0.7102972,0.70092976,-0.0646171
1356336427219,-0.08747579,0.037012905,0.9954788,0.7126461,0.7005696,0.036574543,-0.69604844,0.71262354,-0.087659955
1356336427259,-0.10756937,0.08752918,0.99033713,0.72474116,0.6887902,0.017843038,-0.68057275,0.7196574,-0.13752878
1356336427299,-0.14474854,0.16184524,0.97614235,0.7353976,0.6776278,-0.0033018887,-0.6619956,0.7173748,-0.21710622
1356336427338,-0.19061533,0.25059962,0.9491394,0.7456238,0.6658573,-0.026061833,-0.63852245,0.70273316,-0.31377566
1356336427383,-0.23250699,0.333444,0.9136496,0.7557013,0.6532911,-0.04611197,-0.6122549,0.6797248,-0.4038788
1356336427420,-0.26087832,0.3882429,0.88386077,0.7634179,0.6433607,-0.057272673,-0.590877,0.65981394,-0.46423048
1356336427460,-0.27375185,0.40831977,0.8708242,0.76635367,0.6397004,-0.059037834,-0.58117294,0.6511977,-0.4880365
1356336427500,-0.2733435,0.39650416,0.87639475,0.7640598,0.6429973,-0.05260223,-0.5843766,0.6552395,-0.47871208
1356336427540,-0.26169896,0.36044103,0.89531887,0.75803655,0.6509539,-0.04049179,-0.59740627,0.6680877,-0.44358146
1356336427580,-0.23991168,0.3086788,0.9204129,0.74986726,0.66106755,-0.026244372,-0.61655617,0.6838912,-0.39006597
1356336427620,-0.2085256,0.25132364,0.94517374,0.7406858,0.67167985,-0.0151898265,-0.63867176,0.6969093,-0.32621425
1356336427660,-0.16827863,0.19932815,0.96537596,0.7310369,0.68220574,-0.01342994,-0.661262,0.70346546,-0.26051688
1356336427700,-0.119678825,0.16295552,0.979348,0.7208286,0.6925813,-0.027152777,-0.68270284,0.70269245,-0.20035028
1356336427740,-0.06278325,0.14889988,0.9868572,0.7091259,0.70244926,-0.06087345,-0.7022811,0.6959841,-0.1496908
1356336427780,0.001948975,0.15943545,0.98720646,0.6942518,0.7103087,-0.11608666,-0.71972966,0.68559605,-0.10930395
1356336427820,0.0727318,0.19406445,0.9782889,0.674276,0.71318936,-0.19160604,-0.73488915,0.67357254,-0.07898146
1356336427860,0.14586267,0.2498493,0.95723534,0.64755136,0.7073977,-0.28331214,-0.74793136,0.6611837,-0.05860734
1356336427900,0.21573865,0.31987292,0.9225714,0.6135703,0.69058305,-0.38291842,-0.7595974,0.64867276,-0.04727906
1356336427940,0.27680826,0.39306122,0.8768581,0.5748747,0.66346747,-0.47888416,-0.7699976,0.63664263,-0.042307675
1356336427980,0.32576725,0.45662934,0.8278679,0.53811663,0.6304158,-0.5594698,-0.77737135,0.62774646,-0.040351033
1356336428020,0.362909,0.5012379,0.78553015,0.5110523,0.5978457,-0.61758083,-0.7791807,0.6255726,-0.03919524
1356336428060,0.39026606,0.52405655,0.75700533,0.49790084,0.57147896,-0.6523086,-0.77445924,0.6314875,-0.037899375
1356336428100,0.4090107,0.5274175,0.74467504,0.4980915,0.55473256,-0.66646576,-0.76460123,0.64350796,-0.03581065
1356336428142,0.41856384,0.51515687,0.7479424,0.50887585,0.54909706,-0.6629765,-0.75222987,0.65810776,-0.03231871
1356336428180,0.41697326,0.49012282,0.76544946,0.52815914,0.5547254,-0.6429056,-0.73971695,0.6723535,-0.027557194
1356336428220,0.4021015,0.45382768,0.79520744,0.5554314,0.5695457,-0.605899,-0.72788066,0.6853161,-0.023055017
1356336428260,0.3715713,0.4090846,0.8334174,0.59077835,0.5883012,-0.5521618,-0.7161814,0.6975324,-0.023082495
1356336428300,0.3225816,0.36436766,0.8736002,0.63278216,0.60336965,-0.48531616,-0.70393735,0.70935273,-0.03592944
1356336428340,0.25640395,0.33762345,0.90568614,0.67590296,0.607191,-0.4177011,-0.69095016,0.71925616,-0.072514474
1356336428380,0.17835817,0.3495652,0.9197785,0.71436006,0.596831,-0.36535245,-0.6766669,0.72221667,-0.14326578
1356336428420,0.094561756,0.40114626,0.91112006,0.7463701,0.57707477,-0.33153635,-0.6587789,0.7113834,-0.24483436
1356336428460,0.013367835,0.47094518,0.8820612,0.7724624,0.5552743,-0.3081758,-0.6349198,0.68547875,-0.3563646
1356336428500,-0.059485734,0.5243091,0.8494476,0.7910419,0.54379314,-0.2802527,-0.6088629,0.6552777,-0.4470985
1356336428540,-0.121886134,0.54176116,0.8316481,0.79822373,0.551492,-0.24227132,-0.5899005,0.6343118,-0.49966586
1356336428580,-0.17459726,0.51926434,0.83658856,0.79233086,0.5785186,-0.1937216,-0.58457476,0.62903166,-0.51243687
1356336428620,-0.21699062,0.46215975,0.85983914,0.7762327,0.61580116,-0.13509881,-0.5919271,0.6381201,-0.4923666
1356336428660,-0.24589062,0.38044828,0.8915138,0.75563484,0.65129304,-0.069521934,-0.6070863,0.6565641,-0.44762683
1356336428700,-0.25723007,0.2896315,0.9219253,0.7367164,0.676167,-0.0068699718,-0.62536526,0.67743033,-0.3873067
1356336428740,-0.2493608,0.20359519,0.9467672,0.7227807,0.6897981,0.04203099,-0.6445209,0.69478595,-0.31916332
1356336428780,-0.22221251,0.13506079,0.9655984,0.71454126,0.6963744,0.06703317,-0.66336447,0.7048555,-0.2512496
1356336428820,-0.17720675,0.09203035,0.9798612,0.709834,0.7015926,0.062477797,-0.6817135,0.7066103,-0.18965322
1356336428860,-0.114046246,0.081456125,0.9901305,0.70570356,0.70813286,0.023028374,-0.69926816,0.7013649,-0.13824373
1356336428900,-0.0341886,0.1058839,0.9937905,0.6973102,0.71486783,-0.052176923,-0.7159536,0.69119644,-0.09827429
1356336428940,0.06055534,0.16704479,0.98408794,0.678838,0.715901,-0.16329315,-0.73178685,0.67792463,-0.070044756
1356336428980,0.16388959,0.2609281,0.9513446,0.6440324,0.7021994,-0.30354273,-0.7472365,0.6624443,-0.05296302
1356336429020,0.26524678,0.37410724,0.8886438,0.59100914,0.6651257,-0.4564164,-0.7618086,0.64625967,-0.04467839
1356336429060,0.35186294,0.48206094,0.8023776,0.5279728,0.6056156,-0.5953776,-0.77294064,0.63312477,-0.041421354
1356336429100,0.417139,0.56275636,0.7136528,0.47018,0.53836155,-0.6993551,-0.77776974,0.62727356,-0.040025175
1356336429140,0.46438956,0.61047393,0.6416104,0.42795426,0.47958767,-0.7660619,-0.7753693,0.63033104,-0.03853941
1356336429180,0.4988478,0.63136816,0.59373826,0.40284744,0.43764922,-0.8038515,-0.7673753,0.6401855,-0.03602469
1356336429220,0.5230186,0.63370585,0.56997234,0.39270163,0.41435137,-0.82103497,-0.75646347,0.6532456,-0.03214383
1356336429260,0.53635526,0.6228857,0.5695056,0.39641228,0.4097921,-0.8215399,-0.7451043,0.66639626,-0.027125418
1356336429300,0.53597885,0.5995592,0.59435296,0.41645792,0.42462543,-0.80390054,-0.7343633,0.67839664,-0.022100925
1356336429340,0.5164569,0.5605187,0.64737254,0.4581049,0.4578683,-0.7619032,-0.7234724,0.6900547,-0.020307153
1356336429400,0.46842062,0.50401413,0.7256389,0.5250454,0.50175214,-0.6874388,-0.7105698,0.7030038,-0.029599309
1356336429419,0.3830107,0.4385907,0.8129828,0.6086139,0.54225445,-0.5792661,-0.6949042,0.71665776,-0.059243143
1356336429459,0.27723894,0.40441233,0.8715441,0.68319315,0.55482936,-0.47477517,-0.6755632,0.7270591,-0.12247145
1356336429495,0.17134774,0.42262793,0.88995814,0.7390789,0.5421704,-0.39976686,-0.6514616,0.72624844,-0.21945572
1356336429525,0.07343763,0.4629125,0.88335663,0.77890676,0.52653736,-0.34067982,-0.6228252,0.71307117,-0.32189798
1356336429557,-0.0016168989,0.5145399,0.85746497,0.8060798,0.50812376,-0.3033904,-0.5918048,0.6906946,-0.41558176
1356336429599,-0.06346601,0.5555969,0.829026,0.8237577,0.49810869,-0.27075994,-0.56337845,0.6657325,-0.48929024
1356336429639,-0.13680226,0.55395174,0.8212324,0.825896,0.52154154,-0.21422006,-0.54697436,0.64894676,-0.5288546
1356336429678,-0.22317278,0.5028384,0.83507335,0.8065896,0.5763079,-0.13146251,-0.54736376,0.6442226,-0.53420043
1356336429718,-0.3166085,0.40086696,0.85968876,0.76361406,0.6453721,-0.019706726,-0.56271887,0.6502311,-0.51043797
1356336429759,-0.402502,0.2586372,0.87812245,0.7022231,0.70261925,0.11493015,-0.5872605,0.66289747,-0.46442664
1356336429799,-0.46420303,0.1035451,0.8796556,0.6373365,0.72871566,0.250551,-0.61507547,0.6769431,-0.40426505
1356336429839,-0.49587858,-0.03768617,0.86757374,0.58412206,0.7247901,0.36535013,-0.6425775,0.6879382,-0.3373946
1356336429878,-0.5012884,-0.14975534,0.8522226,0.5501531,0.70503664,0.44749853,-0.6678634,0.6931787,-0.2710383
1356336429919,-0.48767942,-0.23138234,0.8418021,0.53379047,0.68397343,0.4972404,-0.69082296,0.69183993,-0.21005005
1356336429959,-0.45926633,-0.2836235,0.84180295,0.53175104,0.67132664,0.5162958,-0.71155834,0.68474686,-0.15750062
1356336429999,-0.41871664,-0.3084008,0.8541459,0.54005593,0.67160356,0.5072359,-0.7300793,0.6736747,-0.11465782
1356336430039,-0.36525923,-0.30229634,0.880456,0.5566119,0.68719137,0.4668525,-0.74616957,0.6605944,-0.08274132
1356336430078,-0.29555398,-0.25830573,0.9197423,0.5788392,0.71748316,0.38750887,-0.7599954,0.6469127,-0.06253749
1356336430119,-0.20614804,-0.17043251,0.96356404,0.6017173,0.75445247,0.26217884,-0.7716471,0.63384086,-0.052976727
1356336430159,-0.09851347,-0.042752266,0.99421704,0.6185724,0.779984,0.09483218,-0.77952766,0.62433743,-0.05039358
1356336430199,0.010216832,0.094548255,0.9954679,0.6242311,0.7771107,-0.08021566,-0.781173,0.62222147,-0.051080346
1356336430239,0.09648144,0.20044908,0.97494173,0.62409365,0.7508603,-0.21613878,-0.7753699,0.62930834,-0.052654922
1356336430278,0.1485292,0.25607014,0.9551791,0.6285304,0.72125816,-0.2910949,-0.76347136,0.6435952,-0.053819954
1356336430319,0.16700667,0.26587534,0.9494309,0.64216465,0.70136786,-0.30936658,-0.74815327,0.6613573,-0.053602636
1356336430383,0.15420693,0.2391711,0.9586539,0.66292846,0.6944009,-0.27988076,-0.73262954,0.6786785,-0.05147189
1356336430400,0.11303734,0.1842162,0.97636414,0.686495,0.69591403,-0.21078016,-0.7182946,0.69409513,-0.04779923
1356336430440,0.046915047,0.1099675,0.9928273,0.7079246,0.69755644,-0.11071497,-0.7047281,0.7080411,-0.045122802
1356336430480,-0.03568043,0.034718215,0.99876004,0.72223103,0.69164973,0.0017588437,-0.690731,0.72139823,-0.04975289
1356336430520,-0.12091553,-0.012650728,0.9925822,0.7275704,0.67909974,0.09728733,-0.6752931,0.733937,-0.072909415
1356336430560,-0.20318724,-0.013998032,0.9790399,0.7248863,0.6700249,0.16002074,-0.658221,0.7422067,-0.12599349
1356336430600,-0.28106123,0.033884853,0.9590915,0.7164842,0.67229086,0.18621317,-0.6384787,0.73951113,-0.21323287
1356336430640,-0.35528475,0.110438526,0.92821133,0.7050084,0.68368757,0.18850583,-0.61378825,0.72137,-0.3207639
1356336430680,-0.42427635,0.18082914,0.88729393,0.691105,0.69780713,0.1882529,-0.5851184,0.6930845,-0.421035
1356336430720,-0.4873212,0.21222307,0.8470416,0.6695799,0.71346617,0.20646738,-0.5605184,0.66777796,-0.48978752
1356336430760,-0.54293174,0.19299926,0.8172982,0.6354178,0.73073137,0.2495514,-0.54906213,0.6548152,-0.5193724
1356336430800,-0.5866457,0.1304338,0.7992708,0.59110165,0.7435986,0.3125059,-0.55357534,0.65578055,-0.51332855
1356336430840,-0.6130938,0.04251802,0.7888652,0.54662967,0.7437519,0.38474557,-0.5703614,0.6671022,-0.4792313
1356336430880,-0.61972874,-0.05049169,0.7831902,0.51332086,0.7287931,0.4531692,-0.5936648,0.68286985,-0.4257356
1356336430920,-0.6078613,-0.13693298,0.7821471,0.49623716,0.7034583,0.5088174,-0.6198818,0.6974208,-0.3596539
1356336430960,-0.5800911,-0.20753172,0.78767055,0.49605802,0.67699134,0.5436994,-0.64608103,0.7061255,-0.28976893
1356336431000,-0.54000103,-0.25849771,0.8009856,0.50875175,0.6578847,0.55530113,-0.6705003,0.70736593,-0.22374725
1356336431040,-0.48992229,-0.28783756,0.82287645,0.5296862,0.6514138,0.5432242,-0.6923934,0.70200396,-0.16667855
1356336431080,-0.43026575,-0.2932534,0.85374105,0.555676,0.6592959,0.50651085,-0.71140397,0.69233763,-0.12071854
1356336431120,-0.36034358,-0.27199483,0.8922844,0.584238,0.67988795,0.443191,-0.7271991,0.68100744,-0.08608359
1356336431160,-0.2790084,-0.22051562,0.9346267,0.6121743,0.70902574,0.35003603,-0.7398628,0.66981745,-0.06283009
1356336431200,-0.18504049,-0.13617876,0.9732499,0.63476753,0.739476,0.2241548,-0.75022006,0.65926516,-0.050391138
1356336431240,-0.08204411,-0.024065077,0.9963381,0.6458326,0.7601198,0.07154107,-0.759058,0.6493372,-0.046821356
1356336431280,0.022496857,0.10117477,0.9946143,0.643131,0.76022416,-0.09187877,-0.7654256,0.6417343,-0.047966003
1356336431320,0.115823746,0.21511813,0.9696953,0.6306522,0.7383102,-0.23911469,-0.7673739,0.6392356,-0.05015087
1356336431382,0.18945605,0.29908744,0.9352289,0.61664474,0.7049752,-0.3503701,-0.7641044,0.64308375,-0.05086887
1356336431400,0.24048218,0.34703612,0.90649563,0.6081051,0.67404556,-0.41936958,-0.75655574,0.65209556,-0.048938513
1356336431440,0.26946032,0.36247686,0.89218926,0.60796463,0.6544606,-0.44951132,-0.7468401,0.66354495,-0.044021904
1356336431480,0.27633217,0.35048765,0.89487374,0.6167359,0.6494477,-0.44480842,-0.73707354,0.6748156,-0.036695004
1356336431520,0.26054466,0.3141232,0.912931,0.6345708,0.6569298,-0.4071402,-0.72762376,0.68539757,-0.028173864
1356336431560,0.2195558,0.2563956,0.94130576,0.66115856,0.6703913,-0.3368157,-0.71740127,0.6963022,-0.022329867
1356336431600,0.15522346,0.19139767,0.9691608,0.69232184,0.678749,-0.24492897,-0.7046958,0.7089899,-0.027150989
1356336431640,0.073596455,0.1444425,0.9867725,0.721599,0.67526925,-0.15266407,-0.6883883,0.72328955,-0.05453217
1356336431680,-0.017487705,0.13933462,0.99009097,0.7439834,0.66336596,-0.08021414,-0.6679692,0.73520845,-0.1152634
1356336431720,-0.11150685,0.1843167,0.9765212,0.75859725,0.65055525,-0.036168635,-0.64194745,0.7367532,-0.21236348
1356336431760,-0.20520446,0.25472146,0.94499105,0.7660454,0.6427494,-0.0069060624,-0.60915154,0.7224889,-0.3270232
1356336431800,-0.29271305,0.3141163,0.9031335,0.76524097,0.6432859,0.024281502,-0.5733458,0.6982222,-0.4286728
1356336431840,-0.37165642,0.3339426,0.8662297,0.7517957,0.65569353,0.06978023,-0.5446786,0.677162,-0.4947493
1356336431880,-0.4413095,0.305542,0.8437358,0.72246015,0.67867416,0.13210899,-0.53225684,0.6678664,-0.5202472
1356336431920,-0.4988256,0.23356402,0.8346381,0.6795473,0.70312,0.20937468,-0.53794837,0.67161757,-0.50945204
1356336431960,-0.53867555,0.13565998,0.8315196,0.63318837,0.7162582,0.29333708,-0.55578864,0.68452215,-0.4717291
1356336432000,-0.5572967,0.031298548,0.82972336,0.5948651,0.7122089,0.37268478,-0.5792719,0.70126945,-0.4155301
1356336432040,-0.55521095,-0.063464224,0.8292848,0.57168126,0.69508183,0.43593776,-0.60408723,0.71612394,-0.34963578
1356336432080,-0.53577757,-0.14205895,0.832323,0.56353766,0.67390907,0.47777802,-0.6287827,0.7250281,-0.2810098
1356336432120,-0.5019686,-0.19974448,0.8415044,0.5678325,0.6577871,0.49485594,-0.6523754,0.7262357,-0.21676707
1356336432160,-0.4571661,-0.2360324,0.85748935,0.57930124,0.6525395,0.48846936,-0.67484033,0.7200562,-0.16158515
1356336432200,-0.40350214,-0.24975356,0.88023245,0.59337246,0.6608726,0.4595177,-0.69648767,0.7077221,-0.118466616
1356336432240,-0.3424452,-0.23827982,0.9088201,0.60685843,0.6823561,0.4075696,-0.7172546,0.6910954,-0.0890674
1356336432280,-0.27523673,-0.19952725,0.9404434,0.61785793,0.7127402,0.3320437,-0.73654354,0.67245096,-0.072892785
1356336432320,-0.20318,-0.13525552,0.96975446,0.6264916,0.7431843,0.23491552,-0.7524799,0.6552732,-0.066263735
1356336432381,-0.13063401,-0.055647045,0.98986775,0.63387203,0.76301515,0.12654698,-0.76232606,0.6439808,-0.06440264
1356336432400,-0.06426131,0.022156179,0.99768716,0.6421319,0.7662075,0.024344265,-0.76389605,0.64221114,-0.0634647
1356336432440,-0.011500299,0.080700815,0.99667203,0.65306,0.75540483,-0.053629875,-0.75721884,0.65026987,-0.061389863
1356336432480,0.022719271,0.11126074,0.9935315,0.6665164,0.7390208,-0.098000675,-0.74514407,0.6644316,-0.057367086
1356336432520,0.037173964,0.11416748,0.9927658,0.68187165,0.7233476,-0.10871714,-0.7305267,0.68098027,-0.05095786
1356336432560,0.03194782,0.09386954,0.99507177,0.6976429,0.71083903,-0.08945516,-0.71573293,0.69706273,-0.042777658
1356336432600,0.00959298,0.058667034,0.99823153,0.7129127,0.69961035,-0.04796785,-0.70118725,0.71211207,-0.035113096
1356336432640,-0.027079493,0.020699888,0.9994189,0.72703695,0.68657637,0.0054789186,-0.68606406,0.7267629,-0.033641756
1356336432680,-0.075774774,-0.0036371052,0.99711835,0.7389246,0.6712348,0.058602035,-0.6695137,0.74123585,-0.048175156
1356336432720,-0.1360869,0.002052188,0.99069476,0.74651504,0.6576301,0.10118285,-0.65130305,0.7533382,-0.09102684
1356336432760,-0.20906626,0.044879824,0.976871,0.74694884,0.65206826,0.12990156,-0.6311567,0.7568307,-0.16984844
1356336432800,-0.2919647,0.11487228,0.94950575,0.7387155,0.6576613,0.14758393,-0.6074999,0.74450386,-0.27687186
1356336432840,-0.37530088,0.18388417,0.9084799,0.7230096,0.67138463,0.1627875,-0.5800054,0.7179341,-0.38492125
1356336432880,-0.44803202,0.2244112,0.865394,0.7014972,0.6883264,0.18468475,-0.5542282,0.6898162,-0.46581608
1356336432920,-0.5042541,0.22338954,0.8341612,0.67452,0.7050452,0.21893822,-0.5392129,0.6730589,-0.5062027
1356336432961,-0.5415268,0.18473843,0.8201344,0.6446322,0.7174498,0.26403612,-0.5396277,0.6716677,-0.5076066
1356336433000,-0.5589563,0.1214319,0.8202573,0.617926,0.72064084,0.31439507,-0.55293334,0.68259144,-0.4778427
1356336433040,-0.5569435,0.04893726,0.8291075,0.601052,0.7126858,0.36168417,-0.5731933,0.69977427,-0.42633957
1356336433080,-0.53735167,-0.020310074,0.84311366,0.59691644,0.6970636,0.3972317,-0.5957717,0.71672153,-0.36244488
1356336433120,-0.502779,-0.07894635,0.8608024,0.6038046,0.6805327,0.41508466,-0.61857355,0.72845227,-0.29448938
1356336433160,-0.4558924,-0.12206426,0.88162494,0.6178714,0.6695665,0.4122082,-0.6406224,0.7326534,-0.22983027
1356336433200,-0.3992275,-0.14661458,0.9050534,0.63485277,0.6679986,0.38825226,-0.66149783,0.7295766,-0.17360479
1356336433240,-0.33450744,-0.15007883,0.9303661,0.6513614,0.67664146,0.3433432,-0.68105286,0.7208554,-0.12858605
1356336433280,-0.26326096,-0.13085312,0.9558091,0.66413075,0.69403213,0.27793837,-0.69973135,0.70795256,-0.09580797
1356336433320,-0.18573488,-0.086277604,0.97880477,0.67120165,0.71637565,0.19051066,-0.71762866,0.6923598,-0.07514626
1356336433381,-0.10398319,-0.017650157,0.99442244,0.67079735,0.7369565,0.08322322,-0.7343149,0.6757097,-0.06479138
1356336433400,-0.021541558,0.06797513,0.9974544,0.66324174,0.74750894,-0.036617965,-0.74809515,0.6607646,-0.061186433
1356336433440,0.056060024,0.15625149,0.9861251,0.6522197,0.74208444,-0.15466118,-0.75595415,0.65184057,-0.060309052
1356336433480,0.12214333,0.2288973,0.9657572,0.6435143,0.72253907,-0.2526393,-0.7556258,0.6523368,-0.059045374
1356336433520,0.17093799,0.27245957,0.94686115,0.64184606,0.69832706,-0.3168171,-0.74753857,0.66189516,-0.055506468
1356336433560,0.19886553,0.2833426,0.9381734,0.64866316,0.67953885,-0.3427288,-0.734635,0.67671555,-0.04865706
1356336433600,0.20332217,0.26311353,0.94309664,0.66344464,0.67135763,-0.3303333,-0.72007024,0.6928565,-0.038059354
1356336433640,0.18123963,0.21359564,0.9599631,0.68507826,0.67289746,-0.27906418,-0.70556366,0.70822734,-0.024374068
1356336433680,0.13059703,0.13949645,0.98157275,0.7110678,0.67674565,-0.19078255,-0.6908885,0.7228804,-0.010810435
1356336433720,0.055434898,0.05658701,0.9968575,0.73630667,0.6720096,-0.07909262,-0.6743734,0.7383773,-0.0044125915
1356336433760,-0.037523493,-0.010503978,0.9992405,0.7546923,0.6551325,0.03522691,-0.655005,0.75544095,-0.016655624
1356336433800,-0.13829143,-0.03532806,0.9897613,0.7617974,0.6348214,0.12909892,-0.6328824,0.7718508,-0.060877502
1356336433840,-0.2421354,-0.008423239,0.9702059,0.75581133,0.62537247,0.19405809,-0.6083747,0.78028095,-0.14505845
1356336433880,-0.3455994,0.055563748,0.93673575,0.7370499,0.6339156,0.2343257,-0.58079135,0.77140373,-0.26003414
1356336433920,-0.4420773,0.12617067,0.88805896,0.7085072,0.65627766,0.25945565,-0.5500776,0.74389553,-0.37951833
1356336433960,-0.5279293,0.16505328,0.8330955,0.67030656,0.6833327,0.28938836,-0.52151686,0.7112059,-0.47138762
1356336434000,-0.6011272,0.1530792,0.78435504,0.61982864,0.70883673,0.33669415,-0.50443876,0.6885618,-0.52098393
1356336434040,-0.65961033,0.09102918,0.746075,0.5569746,0.7257134,0.40388048,-0.50467163,0.68194854,-0.52938896
1356336434080,-0.698699,-0.0043542683,0.71540254,0.49090004,0.72450554,0.48384798,-0.5204199,0.68925524,-0.50407374
1356336434120,-0.71584386,-0.109488785,0.68962294,0.4363752,0.7008633,0.56424046,-0.54510945,0.70484245,-0.4539305
1356336434160,-0.7135485,-0.20647928,0.66948855,0.4035907,0.659961,0.6336924,-0.5726807,0.72236955,-0.38758105
1356336434200,-0.6968131,-0.28758055,0.65707606,0.3935479,0.61259013,0.6854585,-0.5996428,0.73622733,-0.31368417
1356336434240,-0.67002666,-0.3522777,0.6534254,0.40070748,0.5693404,0.7178335,-0.62489825,0.7428,-0.240313
1356336434280,-0.63625646,-0.40097168,0.6590898,0.41816333,0.538693,0.7314022,-0.64831865,0.7409666,-0.17507523
1356336434320,-0.5977641,-0.43479785,0.6735198,0.43969187,0.52468747,0.7289541,-0.6703351,0.73188376,-0.12246227
1356336434381,-0.556381,-0.45353392,0.6962379,0.46182594,0.5277808,0.7128564,-0.6907655,0.7181605,-0.08419347
1356336434400,-0.5140157,-0.45718822,0.7257871,0.48211464,0.5458492,0.68528396,-0.709474,0.7021592,-0.060157895
1356336434440,-0.47172514,-0.4455335,0.76090425,0.5006099,0.5750576,0.64706916,-0.7258548,0.6861549,-0.048230648
1356336434480,-0.43021315,-0.41903657,0.7995781,0.5199987,0.6089918,0.5989411,-0.7379147,0.6734519,-0.04409778
1356336434565,-0.39072165,-0.37979499,0.838506,0.5436655,0.639855,0.54315126,-0.74280846,0.6680877,-0.04352379
1356336434573,-0.35426754,-0.33428624,0.873354,0.57191646,0.66145325,0.48517114,-0.73986894,0.6713659,-0.043147624
1356336434588,-0.3230939,-0.2932315,0.899792,0.5987389,0.672971,0.4343061,-0.73288614,0.67906207,-0.04186368
1356336434628,-0.29837027,-0.25960484,0.91846645,0.6270324,0.67218924,0.39369038,-0.7195872,0.6933737,-0.037780643
1356336434665,-0.28303468,-0.24031477,0.92851496,0.65144044,0.6623606,0.37000513,-0.7039294,0.7095965,-0.030920208
1356336434695,-0.2767018,-0.23370492,0.9321042,0.6690099,0.64945304,0.36143667,-0.6898274,0.7235971,-0.023353934
1356336434739,-0.27543828,-0.23387717,0.9324351,0.6833223,0.6346103,0.36102676,-0.67616886,0.7365943,-0.014982462
1356336434779,-0.28337127,-0.23521462,0.92971754,0.69365966,0.61916244,0.36806804,-0.6622211,0.74920756,-0.012293875
1356336434819,-0.30245045,-0.22448693,0.9263527,0.69982564,0.60752225,0.3757137,-0.6471227,0.7619202,-0.026643634
1356336434859,-0.33821133,-0.19035938,0.92161626,0.698321,0.6057211,0.3813787,-0.63084143,0.77257055,-0.07192981
1356336434898,-0.3954138,-0.1298162,0.9092831,0.68430066,0.6187136,0.3859095,-0.6126831,0.77481693,-0.15581453
1356336434939,-0.47127628,-0.05243972,0.8804254,0.65584433,0.64660615,0.389575,-0.5897177,0.76101947,-0.27033788
1356336434978,-0.55127347,0.013576031,0.83421415,0.6169888,0.67969346,0.39666313,-0.5616248,0.7333706,-0.3830732
1356336435019,-0.6188659,0.0460096,0.784148,0.57441455,0.7074192,0.4118324,-0.53577316,0.705295,-0.46422625
1356336435058,-0.6659537,0.039616883,0.74494034,0.5333421,0.72348154,0.43831575,-0.5215859,0.6892061,-0.5029345
1356336435098,-0.6908616,0.002988726,0.72298086,0.49931964,0.7251704,0.474139,-0.5228672,0.688563,-0.5024847
1356336435138,-0.6953943,-0.050096855,0.71688014,0.47802305,0.71261287,0.51349473,-0.5365825,0.6997665,-0.47159952
1356336435179,-0.6820606,-0.10800813,0.7232756,0.4732538,0.6888157,0.5491482,-0.55751604,0.7168453,-0.4186988
1356336435219,-0.65364313,-0.1614179,0.7393882,0.48506415,0.66057277,0.57302386,-0.58091605,0.7332038,-0.35348082
1356336435259,-0.61240804,-0.20567757,0.76331717,0.50964993,0.635404,0.5801023,-0.6043288,0.7442839,-0.28430295
1356336435298,-0.5601395,-0.23711897,0.793737,0.5420926,0.6196017,0.56765246,-0.62640196,0.74824345,-0.21852297
1356336435339,-0.49843317,-0.25321835,0.82912284,0.5772662,0.6165863,0.5353364,-0.6467828,0.7454541,-0.16115266
1356336435383,-0.42795396,-0.24973138,0.86861366,0.61198646,0.62714916,0.48182625,-0.6650775,0.7377792,-0.1155588
1356336435420,-0.34990573,-0.22406785,0.9095931,0.64294297,0.64873886,0.4071391,-0.6813152,0.7272768,-0.08293462
1356336435460,-0.26448876,-0.17363904,0.948628,0.6676214,0.67687404,0.3100374,-0.69593626,0.71532583,-0.0631004
1356336435500,-0.17220017,-0.09821525,0.98015344,0.68320394,0.70489705,0.19066352,-0.70963335,0.702477,-0.054282308
1356336435540,-0.07574405,-0.0027806163,0.9971235,0.6875442,0.72411346,0.054246873,-0.7221813,0.68967533,-0.05293548
1356336435580,0.020062119,0.10113844,0.9946701,0.6816009,0.72645986,-0.08761433,-0.73144907,0.67972577,-0.0543617
1356336435620,0.10794764,0.19658193,0.974527,0.6693921,0.7103745,-0.21744506,-0.7350249,0.6758133,-0.054907143
1356336435660,0.18193138,0.26943043,0.9456787,0.65637827,0.6828212,-0.32081574,-0.732167,0.6790895,-0.052621663
1356336435700,0.23815161,0.31344175,0.91925955,0.64722717,0.6544802,-0.39083594,-0.7241415,0.68804795,-0.047002494
1356336435740,0.27439755,0.32848597,0.9037715,0.64561796,0.63359386,-0.42630535,-0.71265936,0.70046824,-0.03821981
1356336435780,0.2880643,0.31703544,0.9036081,0.65389824,0.6242436,-0.42747748,-0.6995971,0.7140087,-0.027486622
1356336435820,0.2766514,0.28200424,0.91866076,0.673073,0.62545323,-0.39469093,-0.6858839,0.72751755,-0.01677692
1356336435860,0.2379342,0.22807966,0.9441224,0.70212865,0.6312537,-0.32944524,-0.67112046,0.7412816,-0.009944439
1356336435900,0.17087552,0.16647467,0.97112703,0.7363758,0.63328123,-0.23812938,-0.654639,0.7558049,-0.014375687
1356336435940,0.082799725,0.12283367,0.98896724,0.7669542,0.625807,-0.14193979,-0.6363376,0.7702451,-0.04239118
1356336435980,-0.018893614,0.11809206,0.9928229,0.7861713,0.61526006,-0.05822158,-0.61771977,0.77942884,-0.10446507
1356336436020,-0.12392019,0.16183761,0.97900575,0.79066706,0.6122453,-0.0011283457,-0.59957427,0.7739278,-0.20382917
1356336436060,-0.22689885,0.22942731,0.9465095,0.782598,0.62142825,0.0369758,-0.5797045,0.7491262,-0.32055074
1356336436100,-0.31994978,0.2876456,0.9027138,0.76649976,0.6386155,0.0681794,-0.55687547,0.7137438,-0.42480516
1356336436140,-0.40119913,0.30715483,0.8629572,0.7423641,0.6609235,0.10988957,-0.5365955,0.68471605,-0.49318266
1356336436180,-0.47002923,0.27859238,0.83753145,0.7075832,0.6861574,0.16886115,-0.527635,0.6719928,-0.51964134
1356336436220,-0.52306324,0.20973133,0.8260857,0.6649145,0.7067754,0.24157229,-0.5331918,0.6756339,-0.5091416
1356336436260,-0.5555327,0.11875221,0.82297105,0.6244229,0.7131549,0.31860012,-0.5490714,0.69087476,-0.4703325
1356336436300,-0.56531805,0.025143236,0.8244897,0.5971216,0.7020634,0.38801146,-0.5690882,0.7116705,-0.41190267
1356336436340,-0.55411196,-0.05967781,0.8303002,0.58754003,0.678548,0.44087332,-0.5897089,0.73212785,-0.34092844
1356336436384,-0.5249602,-0.12924418,0.8412566,0.5940367,0.65221304,0.47089124,-0.60953844,0.74693644,-0.2656101
1356336436420,-0.48136893,-0.18002881,0.8578308,0.6110597,0.63272,0.47568,-0.6284029,0.75316334,-0.19456345
1356336436460,-0.42661467,-0.21100295,0.8794758,0.63166845,0.626433,0.4567019,-0.64729816,0.7503729,-0.13396162
1356336436500,-0.36263126,-0.21956733,0.90569794,0.65109026,0.63563675,0.41478592,-0.6667683,0.74010545,-0.08754361
1356336436540,-0.29219288,-0.20458803,0.93422,0.6651983,0.6583658,0.35222962,-0.6871205,0.7243606,-0.05627823
1356336436580,-0.21632685,-0.16401756,0.9624452,0.6738703,0.6882376,0.26875225,-0.706471,0.70670164,-0.038357675
1356336436620,-0.13826685,-0.10128069,0.9852027,0.6784123,0.71504587,0.16871884,-0.72155315,0.6917019,-0.03015709
1356336436660,-0.062673226,-0.026874661,0.99767214,0.68143517,0.72920924,0.06245038,-0.72919005,0.6837629,-0.027388513
1356336436700,0.0038110912,0.042746693,0.99907863,0.6851808,0.7275909,-0.033744484,-0.72836304,0.6846782,-0.026516318
1356336436740,0.054768056,0.09316835,0.9941429,0.6913276,0.7148596,-0.105080426,-0.7204628,0.69303346,-0.025258422
1356336436780,0.08607414,0.11736739,0.9893514,0.70092213,0.69858015,-0.14385366,-0.708025,0.70584035,-0.022135735
1356336436820,0.09584253,0.11469644,0.9887663,0.71412945,0.6840652,-0.14857283,-0.69342136,0.7203468,-0.01634556
1356336436860,0.08377451,0.088804424,0.99251986,0.73025537,0.6722318,-0.121784896,-0.67801845,0.73499537,-0.008534014
1356336436900,0.050843343,0.048044443,0.99755037,0.74758476,0.6604765,-0.06991321,-0.6622175,0.74930805,-0.0023364425
1356336436940,-2.2935867E-4,0.007776141,0.9999697,0.76350015,0.64578944,-0.0048468113,-0.6458076,0.76347595,-0.006085217
1356336436980,-0.0680704,-0.014333397,0.99757755,0.77422583,0.6298771,0.061880052,-0.62923825,0.7765625,-0.031778693
1356336437020,-0.15011606,3.4558773E-4,0.9886683,0.7756854,0.6200739,0.117560714,-0.6130067,0.7845434,-0.093351066
1356336437060,-0.24544044,0.052752852,0.96797526,0.76477283,0.6241426,0.15990168,-0.59571934,0.77952754,-0.19353378
1356336437100,-0.3459877,0.12413943,0.92999023,0.7422987,0.6424478,0.19040322,-0.57383364,0.75620776,-0.3144276
1356336437141,-0.43978417,0.18142137,0.87958854,0.71159756,0.6679006,0.21803138,-0.5479222,0.72179985,-0.42283112
1356336437180,-0.5188194,0.19860148,0.83149505,0.6739018,0.6934745,0.2548521,-0.5260066,0.6925682,-0.49362588
1356336437220,-0.5800481,0.17171389,0.796278,0.63034844,0.71377957,0.3052534,-0.5159507,0.6789942,-0.52226603
1356336437260,-0.6224454,0.112138376,0.77458805,0.5857276,0.72317195,0.3659857,-0.5191193,0.6815037,-0.5158176
1356336437300,-0.6449934,0.03464669,0.7634022,0.54790896,0.7173415,0.43036836,-0.53270924,0.69585973,-0.48166376
1356336437340,-0.64820546,-0.044996068,0.76013494,0.524475,0.69733036,0.48852468,-0.5520469,0.7153361,-0.42841405
1356336437384,-0.634387,-0.11728315,0.76406664,0.5181529,0.668982,0.5328983,-0.57364684,0.73396707,-0.3636229
1356336437420,-0.6063494,-0.17759228,0.7751138,0.52718496,0.63996977,0.5590302,-0.5953288,0.7475959,-0.29442132
1356336437460,-0.5667115,-0.22319794,0.79310834,0.5472757,0.617596,0.564858,-0.6158956,0.75416046,-0.22784793
1356336437500,-0.51779234,-0.25200057,0.81754935,0.5729771,0.60748565,0.550144,-0.6352861,0.7532974,-0.17016083
1356336437540,-0.46167743,-0.26339507,0.84704024,0.59835315,0.6124665,0.51658326,-0.65484923,0.74532396,-0.12515873
1356336437580,-0.3996944,-0.25639415,0.88006043,0.6194567,0.6321268,0.4654987,-0.67566097,0.73121655,-0.09383249
1356336437620,-0.33337235,-0.2303443,0.91422343,0.63509524,0.6618039,0.39833364,-0.69679046,0.7134123,-0.07433659
1356336437660,-0.2644008,-0.18597707,0.9463112,0.64749205,0.6929668,0.31709796,-0.7147352,0.69656986,-0.062802315
1356336437700,-0.19531785,-0.12815756,0.97233045,0.66016775,0.71600056,0.22698401,-0.72527885,0.68623525,-0.05524218
1356336437740,-0.13015936,-0.06694269,0.9892306,0.6751719,0.72466075,0.13787553,-0.7260863,0.68584657,-0.049123526
1356336437780,-0.07436964,-0.014854223,0.9971201,0.6920574,0.7191464,0.062329948,-0.7180012,0.6946998,-0.0432027
1356336437820,-0.03360653,0.01833412,0.999267,0.70916605,0.704957,0.010915846,-0.7042401,0.709013,-0.036693096
1356336437860,-0.012085408,0.028554887,0.99951917,0.7256198,0.68800986,-0.010881871,-0.6879898,0.7251394,-0.029034913
1356336437900,-0.012935832,0.01621434,0.9997849,0.74068093,0.6718557,-0.0013126731,-0.67173237,0.7405046,-0.020700634
1356336437941,-0.03639081,-0.013458222,0.9992471,0.75390506,0.6559802,0.036290884,-0.65597475,0.75465804,-0.01372546
1356336437980,-0.08118932,-0.050017208,0.99544287,0.7640197,0.63825184,0.094383925,-0.6400641,0.768201,-0.013605118
1356336438020,-0.14398028,-0.0763689,0.9866293,0.76831543,0.6197277,0.16009071,-0.6236674,0.7810924,-0.030553162
1356336438060,-0.2208465,-0.07437962,0.97246826,0.76285446,0.6080805,0.21975267,-0.60768414,0.79038334,-0.07755166
1356336438100,-0.3085946,-0.036457658,0.9504948,0.7436064,0.6138731,0.26497072,-0.5931434,0.7885625,-0.16232777
1356336438140,-0.40164405,0.025885284,0.91543,0.709728,0.64052534,0.29328057,-0.5787645,0.76750064,-0.2756347
1356336438180,-0.4910602,0.08380374,0.8670852,0.6650665,0.6789301,0.31103146,-0.5626247,0.72940445,-0.3891306
1356336438220,-0.56931967,0.10760093,0.81504434,0.61297905,0.71620756,0.33362168,-0.5478429,0.6895425,-0.47370815
1356336438260,-0.6327408,0.083614945,0.7698361,0.5534663,0.74413687,0.37407935,-0.5415848,0.6627736,-0.5171238
1356336438300,-0.67837214,0.015833333,0.73454785,0.48919284,0.7556697,0.4354924,-0.5481802,0.65476143,-0.52037084
1356336438340,-0.704179,-0.07491146,0.70605963,0.4311434,0.74498165,0.50903606,-0.56413406,0.6628654,-0.49230283
