1356337252297,0.19397825,-0.30214423,0.9333174,0.5566677,-0.7494817,-0.3583272,0.8077707,0.5890553,0.022810757
1356337252325,-0.47065103,0.66773534,-0.5767297,-0.35495448,0.45513147,0.8166166,0.8077716,0.58905417,0.022807539
1356337252356,-0.47065306,0.6677285,-0.5767359,-0.35494655,0.45514482,0.81661254,0.80777377,0.58905166,0.022792637
1356337252396,-0.4706676,0.66769236,-0.576766,-0.35490853,0.45520884,0.8165935,0.8077822,0.58904326,0.022717655
1356337252439,-0.4706496,0.6675977,-0.5768901,-0.354865,0.45539296,0.8165097,0.80781174,0.5890081,0.02257657
1356337252480,-0.47043633,0.66750276,-0.5771738,-0.35486436,0.45574778,0.81631196,0.8079362,0.5888413,0.02247268
1356337252518,-0.46973056,0.6676181,-0.57761514,-0.3549891,0.45622045,0.8159936,0.8082919,0.5883443,0.022696495
1356337252559,-0.46821636,0.6682391,-0.5781264,-0.35542676,0.4565798,0.8156021,0.808978,0.5873597,0.023731887
1356337252600,-0.46573752,0.66958743,-0.5785682,-0.35639578,0.45650905,0.8152187,0.8099818,0.5858772,0.0260247
1356337252637,-0.4624157,0.6716348,-0.57885957,-0.35794508,0.45588374,0.8148898,0.811201,0.58401775,0.02960062
1356337252679,-0.45858067,0.6741536,-0.57898235,-0.3598793,0.4548254,0.81462914,0.8125211,0.581937,0.034039795
1356337252719,-0.45465666,0.67679715,-0.578993,-0.36184862,0.45364308,0.81441605,0.8138506,0.5797875,0.03864628
1356337252760,-0.45099795,0.67930824,-0.5789137,-0.36348337,0.45260596,0.8142651,0.8151568,0.5776574,0.042792916
1356337252797,-0.44783998,0.68156004,-0.5787186,-0.36449814,0.45186108,0.8142252,0.81644374,0.57558453,0.046065867
1356337252839,-0.44529837,0.6835453,-0.57833815,-0.36471862,0.45142722,0.81436706,0.81773436,0.57356715,0.048281968
1356337252880,-0.44337213,0.68535876,-0.57767165,-0.36409023,0.45121056,0.8147683,0.8190601,0.57157016,0.049478233
1356337252918,-0.44196308,0.68715346,-0.5766184,-0.36277568,0.45097595,0.8154842,0.82040375,0.56959707,0.049967825
1356337252959,-0.4409052,0.68908507,-0.57512105,-0.36136752,0.45025265,0.8165085,0.8215935,0.567833,0.050494313
1356337253000,-0.43995357,0.69130594,-0.57318145,-0.36093777,0.4483233,0.8177592,0.8222924,0.5666589,0.05227703
1356337253040,-0.4387738,0.6939883,-0.5708395,-0.36279348,0.44436985,0.8190949,0.8221061,0.5664942,0.05679655
1356337253080,-0.4369945,0.6972945,-0.5681694,-0.36810362,0.43771344,0.8203089,0.82069224,0.5676156,0.0653981
1356337253120,-0.43426597,0.7013501,-0.5652621,-0.3776982,0.42792147,0.82111347,0.8177757,0.57008004,0.07906693
1356337253160,-0.43015885,0.7063782,-0.5621327,-0.39190373,0.41483128,0.82117385,0.8132496,0.57353705,0.09838891
1356337253200,-0.42406064,0.7127937,-0.5586572,-0.4103848,0.39865518,0.8201575,0.8073147,0.57706094,0.12346572
1356337253240,-0.41563463,0.7206054,-0.5549555,-0.4319876,0.38053942,0.8176652,0.80039644,0.5795839,0.15312731
1356337253280,-0.40551382,0.7285256,-0.55209506,-0.4546334,0.36323792,0.8132445,0.7930113,0.58078283,0.18391407
1356337253338,-0.3946454,0.73484904,-0.5515904,-0.47663838,0.3495012,0.80663794,0.7855386,0.5812451,0.2123282
1356337253377,-0.38332552,0.73847,-0.55472845,-0.49762246,0.34085214,0.7976163,0.778096,0.58179206,0.23682195
1356337253400,-0.37105185,0.7388742,-0.5624816,-0.51853514,0.3376317,0.78557384,0.7703518,0.58315504,0.25785333
1356337253439,-0.35684627,0.73613364,-0.5751245,-0.5411419,0.33894664,0.7695977,0.7614633,0.58585197,0.27740085
1356337253475,-0.33917332,0.7311883,-0.59188265,-0.5667057,0.343387,0.74895257,0.75087017,0.58944803,0.29790092
1356337253506,-0.31741995,0.7254137,-0.6107533,-0.59329724,0.3505131,0.72466475,0.73975873,0.5923813,0.31912607
1356337253535,-0.29358256,0.72206056,-0.62644845,-0.6195338,0.35535246,0.69993037,0.72800213,0.5935934,0.34301573
1356337253578,-0.2653829,0.7257093,-0.6347582,-0.64827156,0.3530149,0.67462915,0.71366376,0.5905307,0.37677258
1356337253618,-0.23106736,0.73516804,-0.6372878,-0.67954355,0.34682232,0.6464788,0.69629616,0.582445,0.41943944
1356337253659,-0.19432825,0.74980104,-0.6324831,-0.71144414,0.3361733,0.61711806,0.6753397,0.56989986,0.4681136
1356337253698,-0.1591633,0.76686054,-0.6217652,-0.74198383,0.32253194,0.58773565,0.6512504,0.5548856,0.5176628
1356337253739,-0.12915593,0.7822197,-0.60946774,-0.7686321,0.30934852,0.5599179,0.6265168,0.5407733,0.561285
1356337253779,-0.10672212,0.79201573,-0.60110027,-0.78886086,0.30055088,0.53606683,0.6052347,0.53139466,0.5927147
1356337253818,-0.09268296,0.7937735,-0.6011103,-0.80116516,0.2990175,0.5183849,0.5912227,0.52963406,0.6082298
1356337253859,-0.086674035,0.78587663,-0.612279,-0.80518234,0.3066578,0.5075849,0.58665925,0.53699064,0.6061947
1356337253899,-0.08774656,0.76680285,-0.6358568,-0.8004785,0.32564944,0.50317645,0.59290355,0.5531417,0.58523464
1356337253940,-0.094404876,0.73634064,-0.6699927,-0.7869854,0.35697353,0.5032136,0.60970616,0.5747803,0.5457893
1356337253980,-0.10553211,0.6939953,-0.7122033,-0.764514,0.40137511,0.5043971,0.63590986,0.5977195,0.48821115
1356337254020,-0.120518684,0.6418926,-0.7572642,-0.7346211,0.45540035,0.5029337,0.66768783,0.61691517,0.41666365
1356337254060,-0.13928702,0.5844261,-0.79940325,-0.6994496,0.5133865,0.4971968,0.7009776,0.6283952,0.3372684
1356337254100,-0.16236371,0.5296426,-0.8325362,-0.6611382,0.5679379,0.4902476,0.73248494,0.63002,0.25795448
1356337254140,-0.19041207,0.48841888,-0.85158104,-0.62078816,0.6120888,0.48986673,0.76050335,0.621928,0.18665552
1356337254180,-0.22373426,0.47165903,-0.85292476,-0.5777878,0.64057374,0.505793,0.784923,0.60597277,0.12920058
1356337254220,-0.26152325,0.4861342,-0.83383405,-0.530489,0.6493212,0.5449435,0.80634177,0.58485514,0.088076234
1356337254260,-0.30081972,0.5303722,-0.7925987,-0.47830895,0.635103,0.6065185,0.8250624,0.5615598,0.062630296
1356337254301,-0.33651775,0.59447026,-0.7303157,-0.4236771,0.59703815,0.6812072,0.84098375,0.53865623,0.050949514
1356337254339,-0.36311194,0.66614676,-0.65145856,-0.37144363,0.53772736,0.7568877,0.85450536,0.51681507,0.052180707
1356337254378,-0.3790005,0.73142046,-0.5669063,-0.32658786,0.46747205,0.82146835,0.8658516,0.49648166,0.06170088
1356337254419,-0.38445216,0.78226525,-0.4901606,-0.29375225,0.39970267,0.8683014,0.8751606,0.4778062,0.07612568
1356337254460,-0.38574725,0.8157253,-0.43103492,-0.273833,0.34491295,0.8978031,0.8810303,0.46435672,0.09032333
1356337254498,-0.38929403,0.8318324,-0.395607,-0.26547977,0.30993718,0.91294,0.88202643,0.4604278,0.10017806
1356337254539,-0.39780384,0.8336055,-0.38321534,-0.26515162,0.29540586,0.9178399,0.87832046,0.46673036,0.10351819
1356337254578,-0.4097756,0.82482433,-0.38954937,-0.2691486,0.29870927,0.9156046,0.871575,0.48003912,0.0995965
1356337254620,-0.42206,0.807608,-0.41186714,-0.276103,0.31822145,0.9069191,0.8635001,0.49649203,0.088674426
1356337254660,-0.4315884,0.78089833,-0.4515854,-0.28855717,0.3547933,0.8893012,0.85467327,0.5141202,0.072209
1356337254700,-0.4350466,0.73969114,-0.5134117,-0.31274518,0.4105624,0.8565215,0.84434885,0.5331937,0.052720964
1356337254741,-0.4256386,0.67612135,-0.60140795,-0.3574748,0.48492172,0.7981621,0.8312902,0.5547168,0.03529507
1356337254780,-0.3912213,0.58590144,-0.70969397,-0.4280673,0.56680536,0.7039106,0.8146805,0.57918155,0.029058874
1356337254820,-0.3212451,0.48493746,-0.8134109,-0.5158421,0.6307169,0.5797439,0.7941716,0.60583144,0.047536433
1356337254860,-0.21931255,0.41478005,-0.88309664,-0.6000335,0.6563763,0.45730743,0.7693257,0.6301808,0.10493034
1356337254900,-0.103005975,0.40807304,-0.90711975,-0.6671704,0.6480589,0.367292,0.737749,0.64303666,0.2055003
1356337254940,0.011683673,0.45035928,-0.8927709,-0.71732515,0.62580025,0.30629808,0.6966405,0.6368284,0.33036572
1356337254980,0.117658556,0.49357677,-0.8617067,-0.74981153,0.61309403,0.24879375,0.65110606,0.6168449,0.44222534
1356337255020,0.21749595,0.4970972,-0.839994,-0.75788337,0.6283151,0.1755931,0.6150678,0.5984267,0.5133977
1356337255060,0.31714058,0.44248295,-0.83882695,-0.73483074,0.673796,0.07760668,0.5995379,0.5917836,0.5388381
1356337255100,0.4151441,0.32508242,-0.8496922,-0.6781244,0.7331887,-0.05080965,0.60646737,0.5972904,0.5248252
1356337255140,0.49770334,0.15726566,-0.8529706,-0.59545887,0.7770047,-0.20418726,0.6306505,0.6095336,0.48036307
1356337255180,0.5476364,-0.026955113,-0.83628213,-0.5085647,0.78294706,-0.3582678,0.6644218,0.62150407,0.41506183
1356337255220,0.5603491,-0.191425,-0.8058321,-0.44044712,0.75508755,-0.485643,0.701438,0.627056,0.3388
1356337255260,0.5440331,-0.31833056,-0.7763335,-0.40025297,0.71472543,-0.5735549,0.7374453,0.6227627,0.26142156
1356337255300,0.50964856,-0.40618956,-0.7584646,-0.38412374,0.68138885,-0.62302345,0.76987493,0.6088672,0.19124177
1356337255340,0.4651312,-0.4596283,-0.7565678,-0.38291207,0.66609466,-0.64007527,0.7981424,0.5874179,0.13382417
1356337255377,0.4150285,-0.47769624,-0.7743111,-0.39214087,0.6740361,-0.6260199,0.82096094,0.56345516,0.09241998
1356337255419,0.36509457,-0.46741414,-0.80512726,-0.40152943,0.7011932,-0.5891538,0.8399286,0.53837913,0.06832129
1356337255458,0.31474665,-0.4262068,-0.8481051,-0.40979138,0.7449367,-0.5264412,0.8561574,0.51324177,0.05981046
1356337255499,0.26439825,-0.35619536,-0.89622456,-0.41608015,0.79622793,-0.43920198,0.8700407,0.4890255,0.062315464
1356337255539,0.21509162,-0.26495948,-0.9399638,-0.42246792,0.84252787,-0.33416712,0.8804865,0.4689811,0.06928378
1356337255578,0.16918528,-0.16839486,-0.9710919,-0.43236917,0.8727419,-0.22666831,0.8856824,0.45821917,0.07484633
1356337255619,0.1295051,-0.08666769,-0.9877839,-0.4472393,0.8839839,-0.13619637,0.8849889,0.45941395,0.07571924
1356337255660,0.09803504,-0.032929197,-0.9946381,-0.46551943,0.88184744,-0.07507832,0.87959135,0.47038364,0.071122766
1356337255700,0.0751937,-0.008839905,-0.9971298,-0.48488647,0.873454,-0.044308797,0.8713386,0.48682648,0.06139189
1356337255740,0.05992871,-0.00954546,-0.998157,-0.5041909,0.86273265,-0.038521692,0.8615104,0.50557023,0.046889722
1356337255780,0.050513536,-0.02785264,-0.9983349,-0.5238572,0.8503239,-0.05022925,0.850307,0.5255222,0.028362095
1356337255820,0.046218567,-0.05433224,-0.9974527,-0.5451883,0.83532166,-0.07076301,0.8370386,0.54707015,0.008986056
1356337255860,0.049457222,-0.07664333,-0.99583113,-0.56895554,0.8173001,-0.09115958,0.8208797,0.5710922,-0.0031852722
1356337255900,0.06750545,-0.08136833,-0.9943954,-0.59382105,0.79763985,-0.105580494,0.8017603,0.5976201,0.0055268407
1356337255941,0.11154845,-0.058432013,-0.9920396,-0.6160145,0.77927065,-0.115166575,0.7797968,0.6239574,0.050931454
1356337255981,0.19066224,-0.00673908,-0.9816326,-0.63015145,0.7659073,-0.12765229,0.75269985,0.64291567,0.14178294
1356337256022,0.29964453,0.0598844,-0.9521696,-0.63082623,0.76115936,-0.15064757,0.7157313,0.6457943,0.26585388
1356337256060,0.4108522,0.11323947,-0.9046421,-0.61673343,0.7652932,-0.18429929,0.67144644,0.6336428,0.38426095
1356337256100,0.49534202,0.13557065,-0.85805416,-0.5938076,0.77379274,-0.22053882,0.6340575,0.6187612,0.46379492
1356337256141,0.5406462,0.12843303,-0.83138835,-0.5719959,0.78079784,-0.2513473,0.6168649,0.6114407,0.49559858
1356337256180,0.5469464,0.10407427,-0.83067334,-0.5601138,0.7829371,-0.27070647,0.6221914,0.6133335,0.48651809
1356337256220,0.51866245,0.07619427,-0.8515773,-0.56272954,0.7802882,-0.27292085,0.6436807,0.62076145,0.44758293
1356337256260,0.4607283,0.055357277,-0.8858132,-0.57812303,0.77599597,-0.2521983,0.67342645,0.6283039,0.3895266
1356337256300,0.37836146,0.04775566,-0.9244252,-0.5983926,0.7745581,-0.2049048,0.7062357,0.6306973,0.3216396
1356337256338,0.27926004,0.057409167,-0.9584979,-0.61303794,0.7789561,-0.1319542,0.7390524,0.624445,0.2527253
1356337256379,0.17397529,0.08653849,-0.9809403,-0.6136254,0.78862077,-0.039257884,0.77019256,0.6087597,0.19030273
1356337256419,0.07300693,0.13614145,-0.98799574,-0.59726095,0.79932606,0.06600961,0.7987174,0.5852721,0.13966829
1356337256459,-0.015652314,0.20504102,-0.9786283,-0.566167,0.8049087,0.17769884,0.824142,0.5568484,0.10348874
1356337256499,-0.08780354,0.28972027,-0.9530754,-0.52567273,0.79922783,0.29138133,0.8461435,0.52659,0.08212298
1356337256538,-0.143127,0.3826088,-0.91275686,-0.48238227,0.7783222,0.4018977,0.8641886,0.49782017,0.07316476
1356337256580,-0.18467268,0.47232434,-0.8618617,-0.44343433,0.74256384,0.5019612,0.8770758,0.47487763,0.07231361
1356337256620,-0.2192196,0.54789686,-0.80731136,-0.4144788,0.6967685,0.5854236,0.8832609,0.46294984,0.07434636
1356337256660,-0.2518158,0.6023451,-0.7574755,-0.39700007,0.6495162,0.6484748,0.8825983,0.46401405,0.07557261
1356337256700,-0.28453568,0.6352134,-0.7180136,-0.3886354,0.6082374,0.6921055,0.87635726,0.47597414,0.07380116
1356337256740,-0.31612107,0.64990056,-0.6911561,-0.38558936,0.57761693,0.7194995,0.8668266,0.4939514,0.06799787
1356337256780,-0.34445524,0.649255,-0.6780994,-0.3863464,0.56026936,0.73269016,0.855621,0.51436013,0.057849526
1356337256820,-0.36748183,0.6349297,-0.6795743,-0.39164,0.55710846,0.73228973,0.8435491,0.5352517,0.04393667
1356337256860,-0.3827448,0.60794485,-0.69563615,-0.40428948,0.56682545,0.7178154,0.83069646,0.5559784,0.02883619
1356337256900,-0.38644612,0.57102376,-0.7242867,-0.42876056,0.58405596,0.6892336,0.8165927,0.5768972,0.019126356
1356337256940,-0.37138334,0.53232366,-0.7607273,-0.46875003,0.59974754,0.64851856,0.8014661,0.5974399,0.0267905
1356337256980,-0.33015805,0.5085693,-0.7952062,-0.52291006,0.6028224,0.60263604,0.7858503,0.61478645,0.06690937
1356337257020,-0.25923884,0.5149837,-0.81705993,-0.58526796,0.5891932,0.5570572,0.7682815,0.6226099,0.14866173
1356337257060,-0.16547969,0.54955196,-0.8189074,-0.6470641,0.56613994,0.5106796,0.74426115,0.6143925,0.26191062
1356337257100,-0.06662646,0.5896549,-0.80490255,-0.6979222,0.54896784,0.45993355,0.71306765,0.5924031,0.37495744
1356337257140,0.018873572,0.6091389,-0.79283905,-0.7287285,0.55130637,0.40622175,0.68454266,0.5700975,0.45430195
1356337257180,0.08259383,0.59758955,-0.79753673,-0.73731536,0.5750476,0.3545226,0.6704806,0.55875474,0.48810744
1356337257220,0.124442905,0.55571145,-0.82200897,-0.72814804,0.61391926,0.30480087,0.6740285,0.56061393,0.4810381
1356337257260,0.14606437,0.49068695,-0.85900605,-0.70897466,0.65750575,0.25503147,0.689942,0.57176256,0.44392282
1356337257300,0.14797759,0.41248488,-0.8988653,-0.68631387,0.6972345,0.20697166,0.7120926,0.5862766,0.3862692
1356337257338,0.13067375,0.334468,-0.93330365,-0.66357625,0.72892797,0.16831723,0.73660785,0.5973234,0.31719673
1356337257377,0.096791625,0.27458143,-0.9566798,-0.64266175,0.75120544,0.1505862,0.7600113,0.60024613,0.2491734
1356337257418,0.05170256,0.23846659,-0.9697735,-0.6204388,0.76859915,0.15591983,0.7825487,0.59362364,0.18769246
1356337257458,-0.0024144202,0.23459896,-0.9720892,-0.59479344,0.7811058,0.18998536,0.80387485,0.5786511,0.13765204
1356337257499,-0.060851216,0.26626682,-0.9619767,-0.5633162,0.78645134,0.25331628,0.82399756,0.55731165,0.1021359
1356337257539,-0.11862777,0.33195287,-0.9358071,-0.5251535,0.7788844,0.34285983,0.84269893,0.532115,0.08192885
1356337257579,-0.17007469,0.42080802,-0.8910641,-0.48229355,0.7529916,0.4476567,0.8593413,0.50588953,0.07488817
1356337257619,-0.21247366,0.5142484,-0.8309053,-0.4404609,0.7086358,0.55120736,0.87226677,0.4830983,0.07593989
1356337257658,-0.2473945,0.5930618,-0.7662072,-0.40637687,0.65436345,0.63770396,0.87957585,0.46913344,0.079120755
1356337257699,-0.27897376,0.64712054,-0.709513,-0.38332993,0.60238576,0.70013535,0.8804725,0.46729693,0.08001083
1356337257739,-0.3100732,0.6774193,-0.66705143,-0.3693503,0.5606849,0.74108887,0.87603354,0.47616753,0.0763517
1356337257779,-0.340531,0.6885883,-0.64022243,-0.36145574,0.5327185,0.76521945,0.8679795,0.49199298,0.06748706
1356337257819,-0.3687892,0.6847566,-0.6285722,-0.35797054,0.51944995,0.77590513,0.857818,0.5111557,0.05355513
1356337257858,-0.39290977,0.66778433,-0.6322073,-0.35965383,0.52114195,0.7739898,0.846328,0.5314839,0.03540939
1356337257899,-0.41084668,0.637326,-0.65193605,-0.3701996,0.5368513,0.75811803,0.833161,0.55281675,0.015374243
1356337257939,-0.4175564,0.5945973,-0.68709594,-0.3956386,0.5617574,0.72656643,0.8179956,0.57522416,6.802678E-4
1356337257979,-0.4055064,0.5490321,-0.73084086,-0.43960175,0.58386624,0.6825325,0.80144554,0.5980502,0.0045939684
1356337258018,-0.36717692,0.52092415,-0.7705967,-0.49876016,0.5890273,0.6358342,0.7851239,0.61780655,0.043538988
1356337258058,-0.30175984,0.53253484,-0.7907891,-0.5644467,0.5686694,0.59834355,0.7683364,0.62691444,0.12898594
1356337258099,-0.21889961,0.5803022,-0.7844313,-0.629733,0.530067,0.56786025,0.7453317,0.6182866,0.2494039
1356337258139,-0.13585794,0.6304258,-0.76426834,-0.68698573,0.49589276,0.53116953,0.71385807,0.5972049,0.36572254
1356337258179,-0.0645051,0.6539383,-0.75379294,-0.7264652,0.4871046,0.48474464,0.6841691,0.5788728,0.44364268
1356337258219,-0.005150616,0.6405062,-0.76793575,-0.74319535,0.5113528,0.43148473,0.66905475,0.57294863,0.47338742
1356337258258,0.04576963,0.5905159,-0.80572706,-0.7395516,0.5622457,0.37005836,0.67154187,0.5789393,0.4624508
1356337258299,0.08906174,0.5068661,-0.8574116,-0.7212596,0.6264979,0.29544026,0.6869153,0.59210396,0.42137903
1356337258342,0.12145686,0.39879185,-0.9089628,-0.6947443,0.68819165,0.20909958,0.7089278,0.6061001,0.36064398
1356337258380,0.13688584,0.29240692,-0.9464463,-0.66793436,0.7328135,0.12980022,0.73152316,0.61439615,0.29562038
1356337258420,0.13482757,0.20108809,-0.97025,-0.6418315,0.7637265,0.06909531,0.75489986,0.6134211,0.23203605
1356337258460,0.111867964,0.14389895,-0.98324907,-0.61811465,0.78482544,0.044534266,0.7780874,0.6027787,0.17674285
1356337258501,0.07049969,0.129578,-0.98905975,-0.5942404,0.8018403,0.062693,0.8011916,0.5833195,0.13353002
1356337258562,0.011658832,0.1724103,-0.98495626,-0.56190276,0.8159185,0.1361701,0.82712114,0.55186206,0.106390476
1356337258580,-0.07101685,0.28065658,-0.9571774,-0.5242534,0.805872,0.2751884,0.84859586,0.5213465,0.089904666
1356337258620,-0.14216591,0.4113722,-0.900312,-0.4770272,0.7684874,0.42646477,0.86731416,0.49010208,0.086983025
1356337258660,-0.20086476,0.5395585,-0.8176369,-0.4304057,0.70116556,0.5684346,0.88000256,0.46609402,0.0913896
1356337258700,-0.24175403,0.62544477,-0.74187183,-0.39953005,0.6325742,0.663495,0.8842685,0.45680267,0.09695661
1356337258740,-0.26970392,0.66152465,-0.6997462,-0.3900015,0.5893664,0.70749277,0.8804309,0.46371573,0.09904122
1356337258780,-0.28869757,0.6582897,-0.6952039,-0.3983064,0.57772326,0.71245193,0.8706353,0.4825873,0.095413685
1356337258820,-0.29785421,0.6256861,-0.72097147,-0.419138,0.59284246,0.687649,0.85767496,0.5070057,0.085668206
1356337258860,-0.29373097,0.56745875,-0.7692287,-0.44947255,0.628221,0.63506925,0.84362113,0.53228664,0.07052916
1356337258900,-0.27242863,0.48283917,-0.83225524,-0.48832297,0.6759117,0.5519819,0.8290496,0.5567851,0.05164379
1356337258940,-0.22942472,0.37515402,-0.8981223,-0.5341696,0.7228285,0.43838537,0.8136505,0.5803261,0.034561157
1356337258980,-0.16509141,0.26508504,-0.94998676,-0.58121526,0.75203633,0.31085405,0.79682726,0.60346615,0.029916763
1356337259020,-0.08397801,0.1886065,-0.9784556,-0.62214214,0.7571028,0.19933534,0.77838737,0.6254782,0.05376005
1356337259060,0.010732681,0.16952853,-0.98546684,-0.65227354,0.74816585,0.12160206,0.7579076,0.64148885,0.11860877
1356337259100,0.115085974,0.20854919,-0.97121704,-0.6715327,0.7367904,0.07863641,0.73198295,0.643154,0.22484183
1356337259140,0.22171427,0.26548758,-0.93827456,-0.68031347,0.73146296,0.04621157,0.69858164,0.6280751,0.3427906
1356337259180,0.31809202,0.2970806,-0.9003114,-0.6746522,0.73811746,0.0051970184,0.6660796,0.6057439,0.43521532
1356337259220,0.39710304,0.27849287,-0.8745004,-0.64964926,0.75834954,-0.0534966,0.6482786,0.5893622,0.48206553
1356337259260,0.4542269,0.21196842,-0.86530185,-0.6083321,0.7833856,-0.12743278,0.6508533,0.5842743,0.48478198
1356337259300,0.48586094,0.11767687,-0.8660781,-0.5630155,0.80006707,-0.20713818,0.6685452,0.58825576,0.45497525
1356337259338,0.49002212,0.0146998465,-0.8715861,-0.52599,0.8023112,-0.28219008,0.6951351,0.5967249,0.40088218
1356337259377,0.46920753,-0.07130769,-0.88020426,-0.5066675,0.79462147,-0.33446193,0.72327894,0.6029029,0.33671305
1356337259418,0.4292293,-0.13709041,-0.8927309,-0.5009656,0.786301,-0.36161336,0.7515289,0.6024425,0.26882583
1356337259459,0.3732895,-0.17534375,-0.9109937,-0.50463563,0.7856116,-0.35799068,0.7784586,0.59335405,0.20477587
1356337259499,0.305722,-0.1807652,-0.9348037,-0.5118033,0.7967009,-0.3214422,0.80286455,0.5767076,0.15105277
1356337259539,0.23131815,-0.15071553,-0.9611331,-0.5161301,0.8184284,-0.25255626,0.82468283,0.5544905,0.111528516
1356337259579,0.1535433,-0.08152591,-0.98477304,-0.5136727,0.84476775,-0.1500259,0.8441355,0.52888656,0.08783078
1356337259619,0.07620761,0.025243774,-0.9967723,-0.5026454,0.86433446,-0.016539708,0.86112714,0.50228345,0.07855755
1356337259659,0.0036382973,0.15613087,-0.9877296,-0.4849422,0.8640946,0.13480155,0.8745386,0.47850132,0.07885826
1356337259699,-0.05994098,0.28453267,-0.9567905,-0.46617955,0.8395839,0.27888268,0.8826571,0.4627527,0.08231789
1356337259739,-0.11269356,0.3849952,-0.91601247,-0.4525322,0.80084014,0.39226222,0.8845987,0.45873058,0.08397317
1356337259779,-0.15523374,0.44764474,-0.8806343,-0.446983,0.7631418,0.46671274,0.88097036,0.46607807,0.08162421
1356337259819,-0.18851784,0.4753192,-0.8593792,-0.44931293,0.73636806,0.50584584,0.87325764,0.48149118,0.074748576
1356337259859,-0.21257707,0.4739117,-0.85452837,-0.4581064,0.7241186,0.51554894,0.86310464,0.5010588,0.06317091
1356337259899,-0.22669837,0.4472953,-0.86517906,-0.47286814,0.7260386,0.4992632,0.8514714,0.52229774,0.046919882
1356337259938,-0.2289899,0.39869696,-0.8880339,-0.49465036,0.7380522,0.45891163,0.83838207,0.5443525,0.02820909
1356337259979,-0.21661633,0.33600166,-0.91661346,-0.52511054,0.751416,0.39954087,0.8230045,0.5678705,0.013669014
1356337260026,-0.18240611,0.28322026,-0.9415489,-0.566234,0.752613,0.33608434,0.8038078,0.5944408,0.02308774
1356337260068,-0.11530782,0.255536,-0.9598987,-0.6111702,0.7435311,0.27135324,0.78305507,0.61795056,0.07044101
1356337260109,-0.024331689,0.27631298,-0.9607597,-0.649629,0.72610706,0.22527938,0.759862,0.6296187,0.16183347
1356337260148,0.079748884,0.32880583,-0.94102436,-0.6779362,0.709976,0.19062166,0.7307822,0.62275255,0.27952915
1356337260189,0.18005568,0.377498,-0.9083365,-0.69343865,0.70365155,0.15497507,0.6976552,0.60197157,0.3884682
1356337260229,0.2639414,0.3911262,-0.88167757,-0.6922308,0.7133619,0.10923059,0.6716781,0.58149385,0.45903534
1356337260268,0.32756388,0.36238998,-0.87256825,-0.67400306,0.7368254,0.052991927,0.6621342,0.5707555,0.48560938
1356337260341,0.36809653,0.28355536,-0.88549495,-0.640645,0.76756287,-0.020522624,0.67385375,0.5748422,0.46419558
1356337260349,0.39131948,0.20059009,-0.8981273,-0.6103342,0.78699684,-0.09015639,0.6887388,0.5834378,0.4303942
1356337260387,0.39548963,0.109733224,-0.9118918,-0.5861807,0.7945008,-0.1586211,0.70709276,0.5972663,0.37854034
1356337260428,0.37869602,0.028501302,-0.92508215,-0.5736288,0.79162335,-0.21043389,0.726319,0.61034423,0.3161338
1356337260468,0.34457642,-0.034768194,-0.9381142,-0.5701661,0.7861291,-0.23856167,0.74577326,0.6170836,0.25105792
1356337260509,0.29741096,-0.07447536,-0.95184046,-0.57027274,0.78571635,-0.23966403,0.7657257,0.61408734,0.19120938
1356337260549,0.24155891,-0.08600579,-0.9665673,-0.5687259,0.7945153,-0.21282916,0.786257,0.6011226,0.14300853
1356337260589,0.18176016,-0.06710853,-0.98105025,-0.5614341,0.8119926,-0.15956162,0.80731344,0.57979697,0.109910905
1356337260629,0.121818006,-0.017124861,-0.99240476,-0.5467771,0.8333025,-0.08149648,0.82836896,0.552552,0.09214777
1356337260668,0.06472194,0.05904807,-0.9961547,-0.5265346,0.8499998,0.016174763,0.84768635,0.52346313,0.08610451
1356337260709,0.013083339,0.14813691,-0.9888803,-0.5059546,0.85399735,0.1212371,0.86246085,0.4987424,0.086123705
1356337260749,-0.032011434,0.23119013,-0.97238183,-0.49172163,0.8433566,0.21670133,0.8701638,0.4850781,0.08668417
1356337260789,-0.06949042,0.29158953,-0.9540161,-0.48709026,0.8246623,0.28753287,0.8705827,0.48467273,0.08472431
1356337260829,-0.09866208,0.32315817,-0.9411878,-0.49118516,0.8067429,0.32848597,0.8654495,0.49470663,0.0791356
1356337260868,-0.11878897,0.32729813,-0.9374247,-0.5012382,0.7952159,0.34116262,0.8571169,0.51039946,0.06959146
1356337260909,-0.12979768,0.30716595,-0.9427628,-0.5153007,0.791425,0.32880345,0.8471232,0.5284842,0.055557728
1356337260949,-0.1311907,0.2669307,-0.9547444,-0.5326668,0.7932565,0.29497474,0.83609504,0.5472586,0.03811723
1356337260989,-0.122734085,0.21509223,-0.9688506,-0.553896,0.79519486,0.24670693,0.8234898,0.56692195,0.021541238
1356337261029,-0.102018535,0.16653974,-0.98074293,-0.5788206,0.7918757,0.19467813,0.8090482,0.58753496,0.015610635
1356337261068,-0.06407954,0.1418433,-0.9878129,-0.6050369,0.781653,0.15148896,0.7936146,0.6073706,0.035732448
1356337261109,-0.0017379224,0.1565815,-0.9876635,-0.62863016,0.76793957,0.122853234,0.77770245,0.6210886,0.09709728
1356337261149,0.0861488,0.2067303,-0.9745979,-0.64659995,0.7558207,0.10316789,0.7579492,0.6212871,0.19878483
1356337261189,0.18677336,0.26719558,-0.9453688,-0.65750575,0.7489968,0.081792444,0.72993284,0.6063088,0.31557524
1356337261229,0.27828312,0.3065201,-0.9102769,-0.6595776,0.74991244,0.050878942,0.69822335,0.5862395,0.4108618
1356337261268,0.34523937,0.30991167,-0.8858694,-0.65173507,0.7583623,0.01131174,0.6753156,0.57344687,0.4637968
1356337261340,0.37848893,0.27150393,-0.88489085,-0.63544667,0.77134526,-0.035130054,0.6730184,0.5755973,0.46447188
1356337261350,0.39047784,0.22697052,-0.8921948,-0.6211138,0.78028166,-0.07333627,0.67951804,0.5827906,0.44565716
1356337261387,0.37968153,0.16990687,-0.909381,-0.6096088,0.78533965,-0.10779053,0.69585854,0.5952927,0.4017557
1356337261428,0.3467602,0.116106346,-0.9307398,-0.6048194,0.7861275,-0.12726746,0.7169036,0.6070608,0.34282112
1356337261469,0.29677066,0.07315907,-0.9521423,-0.6032332,0.7873033,-0.12752673,0.7402951,0.61221004,0.27778047
1356337261509,0.23534358,0.048559308,-0.97069836,-0.5999095,0.793045,-0.10577449,0.7646711,0.6072246,0.21576923
1356337261549,0.16867447,0.046745986,-0.98456264,-0.5904468,0.80461764,-0.06295249,0.7892537,0.5919504,0.16331947
1356337261589,0.10203821,0.071483314,-0.9922089,-0.57326925,0.81936705,7.6293945E-5,0.8129887,0.568795,0.12458593
1356337261629,0.03996984,0.12478776,-0.99137807,-0.5491574,0.83163303,0.08253954,0.8347626,0.54112345,0.101768374
1356337261669,-0.014345229,0.20393191,-0.97887987,-0.52042645,0.8344032,0.18145953,0.85378593,0.5120381,0.09416187
1356337261709,-0.060320973,0.2971503,-0.9529234,-0.49096555,0.8223665,0.28751734,0.8690882,0.4851959,0.09628463
1356337261768,-0.098948285,0.38549605,-0.9173887,-0.46582636,0.79671603,0.3850316,0.87932646,0.4654421,0.10074055
1356337261789,-0.13256933,0.45279154,-0.8817058,-0.4495693,0.76532197,0.4606189,0.8833532,0.45745182,0.102102995
1356337261829,-0.16238284,0.49150702,-0.8556008,-0.44381812,0.7380645,0.5082187,0.8812817,0.46225712,0.09829068
1356337261865,-0.1871387,0.50228137,-0.84421116,-0.44677028,0.72184944,0.5285165,0.87485737,0.47607437,0.089318395
1356337261895,-0.20243502,0.49240845,-0.8464951,-0.45442593,0.7184604,0.526604,0.8674775,0.4912724,0.078321636
1356337261925,-0.21123356,0.46737713,-0.8584514,-0.46574134,0.7240269,0.5087927,0.85934,0.5072904,0.064738095
1356337261969,-0.2141326,0.421001,-0.8814224,-0.48379567,0.73819184,0.47012186,0.8485806,0.52709675,0.045607507
1356337262009,-0.19926444,0.3485455,-0.9158655,-0.51283973,0.7593143,0.40054604,0.83503824,0.5495069,0.027443647
1356337262048,-0.16320087,0.26760948,-0.9496056,-0.5501986,0.7742533,0.3127513,0.8189304,0.5735129,0.020879567
1356337262089,-0.103087425,0.20456436,-0.9734097,-0.5893369,0.77579343,0.22544765,0.8012834,0.596907,0.040582776
1356337262129,-0.016985774,0.17861809,-0.98377186,-0.62155527,0.76881254,0.15032086,0.78318614,0.6140219,0.09796214
1356337262168,0.090656996,0.19272083,-0.9770568,-0.64050543,0.7625454,0.09097949,0.7625838,0.6175623,0.19256884
1356337262209,0.20790194,0.22846788,-0.9510937,-0.6444938,0.76342714,0.04250586,0.73580194,0.60413694,0.3059641
1356337262249,0.31714556,0.24958107,-0.914947,-0.63258505,0.77444947,-0.008015364,0.7065796,0.58132386,0.40349448
1356337262289,0.40502346,0.23191024,-0.88440585,-0.6035374,0.7944228,-0.068081915,0.68680334,0.5613467,0.46172637
1356337262342,0.46749428,0.17095987,-0.8673072,-0.55991864,0.8164854,-0.14086418,0.6840615,0.5514747,0.47742587
1356337262370,0.5035067,0.077415615,-0.8605161,-0.51113534,0.82968044,-0.22443494,0.6965785,0.55284464,0.45731956
1356337262410,0.5144532,-0.028536573,-0.85704345,-0.47042543,0.826237,-0.3098907,0.7169642,0.56259936,0.41163597
1356337262450,0.5042114,-0.12750694,-0.85411525,-0.44687262,0.8078022,-0.3843962,0.7389693,0.5754976,0.3503237
1356337262490,0.47754696,-0.20923674,-0.8533281,-0.44099987,0.782941,-0.43877396,0.7599132,0.58585274,0.2816177
1356337262530,0.4390242,-0.26959863,-0.8570731,-0.44751927,0.7615538,-0.46878806,0.7790919,0.589366,0.21368998
1356337262571,0.39305338,-0.3071642,-0.8666945,-0.45918858,0.751045,-0.47442305,0.7966524,0.58444977,0.15415448
1356337262610,0.34375164,-0.32121223,-0.8824158,-0.4697458,0.75484324,-0.45776698,0.81312597,0.57186925,0.10859048
1356337262650,0.29442042,-0.311743,-0.90340084,-0.47502485,0.7725168,-0.42138964,0.82925755,0.5532035,0.079359055
1356337262690,0.24736953,-0.27999538,-0.9275834,-0.47316808,0.80051106,-0.3678233,0.8455296,0.52989113,0.065537155
1356337262730,0.20419809,-0.22847542,-0.951894,-0.4662321,0.83231837,-0.2997897,0.8607734,0.50502,0.06343526
1356337262770,0.16589713,-0.16260372,-0.972645,-0.46012652,0.85960275,-0.22218621,0.87221664,0.4843998,0.06778735
1356337262810,0.13245028,-0.092533246,-0.986861,-0.46034187,0.87599754,-0.14392236,0.8778055,0.47335598,0.07342917
1356337262850,0.10343376,-0.030946314,-0.99415475,-0.46781084,0.8805479,-0.07608186,0.87775534,0.4729458,0.07660133
1356337262890,0.078739196,0.01252985,-0.9968165,-0.47988915,0.8769171,-0.026884034,0.8737886,0.4804783,0.075060666
1356337262930,0.058345973,0.034251288,-0.9977086,-0.493739,0.8696096,9.798259E-4,0.86765057,0.4925505,0.067649424
1356337262970,0.04195743,0.035659105,-0.9984828,-0.50840795,0.86106515,0.009387568,0.8600935,0.5072428,0.054257452
1356337263010,0.029429287,0.021845907,-0.99932814,-0.52500594,0.8510927,0.003144443,0.85058963,0.5245607,0.03651625
1356337263050,0.0223592,0.0016134083,-0.9997487,-0.5452782,0.838185,-0.010842383,0.8379569,0.54538363,0.019620895
1356337263090,0.02587542,-0.012835264,-0.9995828,-0.56949633,0.8216047,-0.025292039,0.82158655,0.5699132,0.013949752
1356337263130,0.050068505,-0.0071960688,-0.9987198,-0.59551823,0.8025509,-0.035637528,0.80178,0.5965402,0.035897136
1356337263170,0.106550895,0.026702285,-0.9939486,-0.61787856,0.78497624,-0.045148045,0.7790204,0.6189501,0.100138724
1356337263210,0.19865805,0.08527264,-0.9763521,-0.6304389,0.7738629,-0.060687512,0.75038767,0.6275865,0.2074933
1356337263250,0.30887064,0.14665411,-0.9397295,-0.62996614,0.77177763,-0.08661398,0.7125599,0.61875033,0.33076656
1356337263290,0.4061134,0.1853511,-0.89482784,-0.6187687,0.7763516,-0.12001483,0.67245615,0.60243106,0.42997622
1356337263342,0.4748791,0.19750653,-0.85760194,-0.60244983,0.7833169,-0.15319537,0.641517,0.5894114,0.49096859
1356337263360,0.5058385,0.18046339,-0.8435403,-0.5874018,0.78818953,-0.18362027,0.63173294,0.5883793,0.50470114
1356337263400,0.50290537,0.1472431,-0.85170746,-0.5797219,0.78833926,-0.20601876,0.6410996,0.59736145,0.4818201
1356337263440,0.47334337,0.10962805,-0.87402964,-0.5819309,0.7837956,-0.21684295,0.6612885,0.611266,0.4348004
1356337263480,0.42312926,0.076150596,-0.9028636,-0.5925582,0.77708566,-0.21216176,0.68544614,0.62477106,0.37393135
1356337263520,0.35693097,0.052550793,-0.93265146,-0.60651,0.7723845,-0.18859436,0.71045476,0.6329776,0.30756056
1356337263560,0.27953455,0.043019116,-0.9591714,-0.6173358,0.7731774,-0.145235,0.7353618,0.63272905,0.24268705
1356337263600,0.19664416,0.050283432,-0.97918457,-0.61942357,0.7805162,-0.08431399,0.76002985,0.62310994,0.18463069
1356337263640,0.11437961,0.07692769,-0.99045414,-0.6095079,0.79273087,-0.008816481,0.7844854,0.6046981,0.13756025
1356337263680,0.03859131,0.12471165,-0.9914423,-0.58709157,0.80570585,0.07849598,0.8086002,0.5790381,0.10431039
1356337263720,-0.0265612,0.19324592,-0.98079073,-0.5547066,0.81337374,0.17528185,0.8316219,0.54870677,0.0855906
1356337263760,-0.07959984,0.27718955,-0.95751226,-0.5172051,0.8096642,0.2773854,0.85215175,0.51731014,0.0789147
1356337263800,-0.12221329,0.36460936,-0.92310554,-0.48129398,0.79163086,0.37639958,0.8679977,0.49028617,0.078736484
1356337263840,-0.1578141,0.440611,-0.88371754,-0.4539175,0.7624073,0.46118763,0.87695706,0.47391674,0.07968241
1356337263880,-0.19051802,0.4948677,-0.84782594,-0.4391909,0.72942615,0.5244511,0.87796026,0.47227484,0.0783726
1356337263920,-0.22170323,0.5251295,-0.82163656,-0.43542373,0.70062065,0.56527597,0.87249863,0.48308355,0.073324025
1356337263960,-0.24982294,0.53392196,-0.80778456,-0.43833905,0.6815007,0.58601683,0.86339295,0.50048393,0.06378436
1356337264000,-0.2731841,0.52357805,-0.8069923,-0.4455405,0.6746323,0.5885277,0.85256326,0.5203241,0.04897636
1356337264040,-0.28966317,0.49512413,-0.8191138,-0.4577947,0.6798934,0.5728604,0.840547,0.54092246,0.029725134
1356337264081,-0.29702613,0.45035222,-0.8419966,-0.47778735,0.69337046,0.5394039,0.82673734,0.5625124,0.009223461
1356337264120,-0.2905941,0.39609268,-0.8710142,-0.50771433,0.70775187,0.49123672,0.8110371,0.5849769,-0.0045665503
1356337264160,-0.2632593,0.34825495,-0.8996738,-0.54665256,0.7145552,0.43655676,0.7948997,0.6067366,0.0022611022
1356337264200,-0.20765728,0.3282367,-0.9214875,-0.59010315,0.70927507,0.38562572,0.78016466,0.6238506,0.046407342
1356337264240,-0.12008068,0.34868297,-0.9295164,-0.6324116,0.69487023,0.34236068,0.7652686,0.62894785,0.13707066
1356337264281,-0.007971704,0.39843446,-0.9171621,-0.66825026,0.680192,0.3012979,0.7438938,0.6152957,0.26083165
1356337264342,0.1068131,0.44548893,-0.88889295,-0.6913583,0.6757866,0.25560933,0.7145731,0.5872411,0.38017535
1356337264360,0.20201755,0.4624598,-0.8633191,-0.69665384,0.68742824,0.20522144,0.6883766,0.5599762,0.46104693
1356337264400,0.2685066,0.4409807,-0.8564113,-0.6847002,0.712729,0.15232545,0.6775617,0.5454846,0.49331203
1356337264440,0.30728883,0.38705564,-0.8693455,-0.66210914,0.7431264,0.09682283,0.6835094,0.54584897,0.48462743
1356337264481,0.32098943,0.31199938,-0.8942159,-0.63752586,0.76941025,0.039606154,0.700376,0.5573726,0.44588023
1356337264520,0.3123312,0.22912258,-0.92192847,-0.6174566,0.7864853,-0.013720661,0.7219395,0.57353616,0.38711715
1356337264560,0.2845477,0.15110993,-0.9466776,-0.6038284,0.7952451,-0.05455768,0.74459654,0.58715504,0.31752962
1356337264600,0.24212706,0.0883809,-0.9662107,-0.5946579,0.80039716,-0.07580432,0.7666527,0.59291923,0.24635422
1356337264640,0.1905235,0.048310608,-0.9804932,-0.5860119,0.80690604,-0.074112594,0.7875855,0.5887009,0.18204516
1356337264680,0.1350891,0.035294086,-0.9902047,-0.57390416,0.8174457,-0.04915878,0.8077036,0.5749234,0.13068342
1356337264720,0.080285974,0.050655633,-0.99548393,-0.5555049,0.83150953,-0.0024898946,0.8276283,0.5531961,0.094897985
1356337264761,0.029384963,0.092865095,-0.995245,-0.5304434,0.84535986,0.06321797,0.8472109,0.52606344,0.074100554
1356337264800,-0.015570454,0.15602843,-0.9876298,-0.5024272,0.85277164,0.14264423,0.8644792,0.49843317,0.065114915
1356337264840,-0.05395256,0.22854629,-0.97203684,-0.4782758,0.8486125,0.22607319,0.8765508,0.47709894,0.06352335
1356337264880,-0.08756593,0.29590428,-0.9511955,-0.4639675,0.83285606,0.30180275,0.8815136,0.46775144,0.0643602
1356337264920,-0.1173826,0.3461132,-0.9308206,-0.4611274,0.8111316,0.3597597,0.87953556,0.4714564,0.06438953
1356337264960,-0.1434355,0.37450805,-0.9160621,-0.4674382,0.7902403,0.39625975,0.8723117,0.48504016,0.061710835
1356337265000,-0.16484295,0.38097543,-0.9097718,-0.4795348,0.77507913,0.41145924,0.86190104,0.5040933,0.054924607
1356337265049,-0.18279047,0.36286864,-0.9137364,-0.4980047,0.76716626,0.40428627,0.8476905,0.5289446,0.0404796
1356337265088,-0.1875873,0.3239554,-0.9272885,-0.5204004,0.76788646,0.37354225,0.8330633,0.5526331,0.024540782
1356337265129,-0.18202376,0.27866313,-0.9429816,-0.54603374,0.768902,0.33262125,0.81774974,0.57544464,0.012201011
1356337265169,-0.15991536,0.2375733,-0.9581159,-0.5756959,0.76600516,0.2860249,0.8018736,0.5973232,0.0142739415
1356337265209,-0.11320174,0.21705268,-0.9695738,-0.6073103,0.7572139,0.24041894,0.7863583,0.6160481,0.046100438
1356337265249,-0.034105405,0.22968678,-0.9726668,-0.6357107,0.74598277,0.19844778,0.77117354,0.62510294,0.12057233
1356337265289,0.07644367,0.2722968,-0.95917195,-0.6546145,0.739328,0.15771468,0.7520879,0.6158316,0.23476636
1356337265345,0.1982082,0.31844223,-0.92698866,-0.659645,0.742859,0.114144444,0.7249703,0.58885914,0.35729957
1356337265370,0.30308735,0.34066212,-0.88999283,-0.6502466,0.7566573,0.068183646,0.69664717,0.55804926,0.4508477
1356337265410,0.37478882,0.32592452,-0.8679323,-0.6288908,0.77722865,0.02029726,0.6811973,0.53822744,0.49626756
1356337265450,0.41148746,0.27834612,-0.86787176,-0.60112655,0.798632,-0.028875083,0.6850729,0.53358257,0.49594834
1356337265490,0.4167863,0.20957674,-0.884515,-0.5753202,0.81418335,-0.07818031,0.7037726,0.5414638,0.4599142
1356337265529,0.39685592,0.13496841,-0.9079036,-0.55940294,0.8197707,-0.12265532,0.7277182,0.5565604,0.4008326
1356337265569,0.35665274,0.065255344,-0.9319553,-0.5557544,0.81667423,-0.15549996,0.7509567,0.57339776,0.32753503
1356337265609,0.3021855,0.010460794,-0.9531917,-0.5608831,0.81047904,-0.16891927,0.7707749,0.5856741,0.2507823
1356337265649,0.24010333,-0.023758113,-0.97045654,-0.567621,0.807552,-0.16020669,0.7875003,0.5893177,0.18041033
1356337265689,0.17648798,-0.033750027,-0.98372406,-0.56939435,0.81172,-0.1300028,0.8028961,0.5830708,0.124041736
1356337265730,0.116182685,-0.017194808,-0.993079,-0.56285465,0.82266617,-0.080093876,0.81834966,0.56826466,0.08590138
1356337265770,0.06319183,0.025274396,-0.9976813,-0.5474133,0.8367539,-0.013474822,0.8344732,0.5469955,0.066711545
1356337265810,0.019418865,0.09082651,-0.9956774,-0.52479476,0.8485743,0.06717248,0.8510073,0.5212219,0.06414366
1356337265850,-0.01656279,0.17107832,-0.98511815,-0.4998402,0.8518896,0.15634531,0.86595917,0.49499118,0.07140219
1356337265890,-0.046748966,0.2515396,-0.9667173,-0.47896248,0.8436259,0.24267313,0.8765897,0.47436604,0.08103943
1356337265930,-0.07378416,0.31829578,-0.9451156,-0.46748132,0.82608813,0.3147055,0.8809183,0.4650442,0.08784509
1356337265970,-0.09875578,0.3632196,-0.926455,-0.46601084,0.8057281,0.3655628,0.8792504,0.46783948,0.08969396
1356337266011,-0.12133926,0.3841552,-0.9152604,-0.4720974,0.7887721,0.3936529,0.87315565,0.4798576,0.08564967
1356337266050,-0.13998517,0.38228375,-0.9133802,-0.48266327,0.7790972,0.40005457,0.86454636,0.49685675,0.07545221
1356337266090,-0.15351178,0.3596358,-0.9203782,-0.4968594,0.7770175,0.38649005,0.85414565,0.5166294,0.059407115
1356337266130,-0.15992975,0.3196549,-0.9339396,-0.5157155,0.7796752,0.3551678,0.8417007,0.538449,0.040157735
1356337266170,-0.15535374,0.27064762,-0.95006055,-0.540609,0.7816496,0.31107202,0.8268053,0.5619376,0.024882376
1356337266210,-0.13353097,0.22805417,-0.96444845,-0.57129157,0.77748775,0.26294246,0.80981195,0.58609223,0.026466727
1356337266250,-0.08583234,0.20986135,-0.9739564,-0.60429525,0.766254,0.21836212,0.79212385,0.6072997,0.061048806
1356337266290,-0.005678594,0.22697252,-0.97388464,-0.6342819,0.75209844,0.17898166,0.773081,0.6187337,0.13969368
1356337266338,0.10121702,0.26820993,-0.9580285,-0.65630215,0.7417126,0.13831085,0.7476781,0.61475676,0.25110072
1356337266370,0.21313827,0.3068958,-0.92757046,-0.66657364,0.7397898,0.09160063,0.714319,0.5987705,0.36224616
1356337266410,0.30565614,0.31879997,-0.89718497,-0.66322637,0.74736965,0.039615303,0.68315816,0.58292806,0.4398747
