1356336479558,-0.2067806,-0.18516994,0.9607049,0.5037266,0.82163525,0.2667864,-0.8387499,0.53909886,-0.07662326
1356336479580,0.07686198,-0.022064477,-0.99679756,-0.5390599,-0.8419553,-0.02292937,-0.8387531,0.53909594,-0.07660841
1356336479595,0.07679701,-0.02205798,-0.9968027,-0.5390527,-0.84196067,-0.022898912,-0.8387636,0.53908783,-0.07655048
1356336479625,0.07660985,-0.022011101,-0.9968181,-0.5390473,-0.8419658,-0.022836387,-0.83878416,0.53908163,-0.076367855
1356336479666,0.075932026,-0.021887898,-0.99687266,-0.5391088,-0.84193337,-0.02257809,-0.8388063,0.53913724,-0.0757296
1356336479711,0.07518375,-0.02091074,-0.99695045,-0.5392235,-0.8418484,-0.023007333,-0.8388,0.53930885,-0.074568875
1356336479749,0.075083256,-0.018333226,-0.9970087,-0.5392691,-0.8417584,-0.025133133,-0.8387797,0.53954303,-0.0730885
1356336479789,0.076737225,-0.013272405,-0.996963,-0.53897506,-0.8417773,-0.03027898,-0.838819,0.5396617,-0.07174916
1356336479830,0.08069235,-0.005497247,-0.9967239,-0.538126,-0.8419653,-0.038921654,-0.83899295,0.5395037,-0.07089838
1356336479868,0.08706099,0.0048954487,-0.9961909,-0.5366358,-0.842269,-0.051037744,-0.83931065,0.53903514,-0.07070169
1356336479907,0.087867856,0.0051347315,-0.9961189,-0.5358598,-0.84272796,-0.051612332,-0.8397223,0.5383151,-0.071297206
1356336479950,0.10443026,0.028280735,-0.9941301,-0.5320739,-0.8429222,-0.07987191,-0.84023315,0.5372917,-0.07297915
1356336479989,0.11917776,0.04663658,-0.991777,-0.52794254,-0.8430011,-0.103081346,-0.8408765,0.5358863,-0.07584554
1356336480047,0.13324058,0.06085421,-0.98921365,-0.5229728,-0.8435248,-0.12233272,-0.8418707,0.53363156,-0.080566645
1356336480090,0.14208513,0.06932551,-0.9874238,-0.5192868,-0.84403217,-0.13398087,-0.8427057,0.5317929,-0.08392459
1356336480128,0.14575565,0.073771656,-0.98656625,-0.5171317,-0.84445345,-0.1395462,-0.8434039,0.5305243,-0.084934205
1356336480169,0.14450103,0.074925646,-0.9866639,-0.5163159,-0.8449142,-0.139778,-0.84411925,0.5296283,-0.08340567
1356336480208,0.13947535,0.07394636,-0.9874607,-0.51610416,-0.8456239,-0.13622278,-0.84509355,0.5286323,-0.079779655
1356336480250,0.1328938,0.0722547,-0.9884931,-0.5154998,-0.8467859,-0.1312007,-0.84652185,0.52700365,-0.075285316
1356336480288,0.12720656,0.07125272,-0.98931366,-0.5136909,-0.8484996,-0.12716167,-0.8484929,0.52437717,-0.07133284
1356336480329,0.12426138,0.07192531,-0.9896392,-0.51034963,-0.85069996,-0.1259081,-0.8509421,0.5207075,-0.06900209
1356336480369,0.124902606,0.07466212,-0.9893558,-0.50569415,-0.85313076,-0.1282239,-0.8536234,0.5163269,-0.06880206
1356336480408,0.12934637,0.07934421,-0.98841995,-0.5001767,-0.8554726,-0.13412604,-0.8562084,0.5117334,-0.070966154
1356336480448,0.13756192,0.08562134,-0.9867856,-0.49445647,-0.8573059,-0.14331591,-0.85824794,0.5076373,-0.0755966
1356336480491,0.14943087,0.09298468,-0.98439026,-0.48938948,-0.85811734,-0.15534656,-0.8591672,0.5049638,-0.0827235
1356336480530,0.16486877,0.1008694,-0.9811441,-0.48587608,-0.8573772,-0.16979045,-0.85833716,0.5047076,-0.0923447
1356336480596,0.18424034,0.10870229,-0.9768517,-0.4843765,-0.8547558,-0.18647212,-0.8552396,0.5075197,-0.10482767
1356336480612,0.20853812,0.115800545,-0.9711344,-0.48449922,-0.85032755,-0.20543493,-0.8495718,0.5133549,-0.12122044
1356336480649,0.23656899,0.120331675,-0.96413445,-0.4851795,-0.8450977,-0.2245231,-0.8418051,0.5208936,-0.14154145
1356336480690,0.2682187,0.121072814,-0.9557197,-0.48562998,-0.839804,-0.24267834,-0.83199894,0.529217,-0.16645455
1356336480730,0.30052477,0.115219355,-0.9467889,-0.48630917,-0.8354352,-0.2560299,-0.82048047,0.5373755,-0.19503674
1356336480770,0.33054805,0.10087392,-0.93838286,-0.4884329,-0.8324837,-0.26154187,-0.8075712,0.5447892,-0.22590572
1356336480810,0.35629064,0.077210695,-0.93117964,-0.4932733,-0.83084816,-0.25762916,-0.7935606,0.5511169,-0.25793743
1356336480850,0.37722486,0.04474899,-0.92504,-0.501338,-0.8299609,-0.2445917,-0.77869225,0.5560238,-0.2906475
1356336480890,0.39469123,0.005691588,-0.9187962,-0.5116886,-0.8292012,-0.22494483,-0.76314723,0.5589213,-0.32436612
1356336480929,0.41108102,-0.03663145,-0.9108625,-0.52219236,-0.8284737,-0.20235233,-0.7472132,0.55882865,-0.35969847
1356336480970,0.42937744,-0.07803576,-0.89974743,-0.52996016,-0.8284695,-0.18105377,-0.7312847,0.55457073,-0.39708197
1356336481010,0.45156872,-0.11468503,-0.884835,-0.53259563,-0.8302911,-0.16419059,-0.71584046,0.54540265,-0.43601424
1356336481050,0.4781755,-0.14354986,-0.86645347,-0.52880275,-0.8347417,-0.1535379,-0.7012245,0.5316011,-0.4750626
1356336481090,0.50723314,-0.1635031,-0.84615684,-0.5194391,-0.8414545,-0.14878605,-0.6876755,0.5149961,-0.51174355
1356336481130,0.53541267,-0.17512214,-0.8262358,-0.506957,-0.849074,-0.14855264,-0.67552054,0.49840295,-0.5433843
1356336481170,0.5590778,-0.1804098,-0.8092492,-0.49464756,-0.8558887,-0.15092477,-0.665399,0.48467186,-0.56774765
1356336481210,0.5749006,-0.18226609,-0.7976643,-0.48611674,-0.8602551,-0.15379089,-0.6581639,0.47617245,-0.58316386
1356336481250,0.58023334,-0.18383369,-0.79343206,-0.48468122,-0.8608495,-0.15499131,-0.65453297,0.47449273,-0.5885943
1356336481290,0.57271373,-0.18803008,-0.7978995,-0.4927181,-0.85685736,-0.15173773,-0.6551548,0.4800418,-0.5833798
1356336481330,0.5493723,-0.1974221,-0.8119203,-0.5112539,-0.8479934,-0.13973796,-0.6609156,0.49186558,-0.5667969
1356336481370,0.5060555,-0.21404584,-0.83551913,-0.53958005,-0.83430636,-0.11307657,-0.67287534,0.50805247,-0.5377002
1356336481410,0.4390597,-0.23835723,-0.8662635,-0.57367843,-0.81640697,-0.06612603,-0.6914619,0.52598995,-0.4951918
1356336481450,0.34827513,-0.26827878,-0.89818203,-0.6054445,-0.79588205,0.0029582083,-0.71564054,0.5427691,-0.43961382
1356336481490,0.24001127,-0.2994244,-0.9234391,-0.62484515,-0.77564806,0.089099646,-0.7429423,0.55562145,-0.37325814
1356336481530,0.12654418,-0.32689583,-0.9365499,-0.6247669,-0.7596097,0.18071929,-0.77048874,0.56225634,-0.30035788
1356336481596,0.022583187,-0.34715545,-0.9375357,-0.60508364,-0.75125676,0.263604,-0.79584163,0.5613345,-0.22702384
1356336481611,-0.06116891,-0.35913444,-0.9312791,-0.57216847,-0.7518924,0.32753807,-0.81785184,0.5528837,-0.15949303
1356336481650,-0.11968148,-0.3631397,-0.9240161,-0.5359269,-0.7598273,0.36802822,-0.8357384,0.53925127,-0.10367903
1356336481690,-0.15490192,-0.36071584,-0.91972256,-0.5026391,-0.7726839,0.38770288,-0.85050535,0.5223444,-0.061619654
1356336481730,-0.17025936,-0.35234207,-0.9202537,-0.47579223,-0.78841907,0.38989386,-0.86292154,0.50423265,-0.033405945
1356336481770,-0.16890138,-0.33846688,-0.92569566,-0.4562803,-0.80564135,0.3778232,-0.8736594,0.48619154,-0.018361837
1356336481810,-0.15315455,-0.31929234,-0.9351984,-0.4428912,-0.82381785,0.353796,-0.88339746,0.46837664,-0.015240371
1356336481850,-0.12635064,-0.29545483,-0.9469646,-0.43265906,-0.8426177,0.3206268,-0.8926599,0.45022422,-0.021365926
1356336481890,-0.094276905,-0.26877773,-0.9585773,-0.42308486,-0.86077297,0.28296492,-0.90117204,0.43223658,-0.03256479
1356336481930,-0.06403369,-0.24236803,-0.9680689,-0.41480452,-0.8758257,0.2467114,-0.9076546,0.41735724,-0.044453017
1356336481970,-0.041434705,-0.21987495,-0.9746477,-0.41106942,-0.8853495,0.21720539,-0.9106619,0.4096477,-0.053699672
1356336482010,-0.029656112,-0.20470394,-0.97837454,-0.41429526,-0.88825357,0.19840601,-0.9096592,0.41121987,-0.05846566
1356336482050,-0.029934227,-0.19966134,-0.97940767,-0.42391583,-0.8848257,0.19333634,-0.9052068,0.4209738,-0.058153093
1356336482090,-0.042287588,-0.20663545,-0.9775038,-0.43754926,-0.8757361,0.20405138,-0.89819956,0.43633485,-0.053380467
1356336482130,-0.06511897,-0.22598153,-0.9719526,-0.45298892,-0.86118263,0.23057659,-0.8891347,0.45529866,-0.046287805
1356336482170,-0.094438076,-0.25607502,-0.96203274,-0.46884477,-0.8410367,0.2698924,-0.8782175,0.47653216,-0.040633574
1356336482210,-0.12326759,-0.2931518,-0.948086,-0.48543054,-0.81545705,0.3152568,-0.8655416,0.49909088,-0.041785344
1356336482250,-0.14137226,-0.33260095,-0.93241113,-0.505596,-0.78550947,0.35685804,-0.8511091,0.5218731,-0.0571125
1356336482290,-0.13565558,-0.36986467,-0.9191287,-0.5341476,-0.7540299,0.38226324,-0.83443624,0.54280657,-0.09527396
1356336482330,-0.09232652,-0.40124086,-0.91130763,-0.57344955,-0.72677594,0.3780905,-0.81402177,0.5574967,-0.16299075
1356336482370,-0.0078344345,-0.4235871,-0.90582144,-0.6156794,-0.7117497,0.3381588,-0.7879578,0.5603449,-0.25521767
1356336482410,0.10373473,-0.43383834,-0.8949991,-0.64609057,-0.7135341,0.27099073,-0.75617856,0.5501393,-0.35431716
1356336482467,0.20898396,-0.433141,-0.8767637,-0.65773463,-0.72572875,0.20174976,-0.7236787,0.5345154,-0.43655747
1356336482489,0.2794859,-0.42731902,-0.8598175,-0.6582861,-0.73718107,0.15239255,-0.6989614,0.5234143,-0.4873299
1356336482529,0.30446085,-0.42180592,-0.85403943,-0.65757686,-0.7417474,0.1319225,-0.6891272,0.5214313,-0.50320286
1356336482583,0.2882193,-0.41753575,-0.8617387,-0.6582622,-0.73996294,0.13836807,-0.6954284,0.5273696,-0.4881196
1356336482595,0.25653905,-0.41015914,-0.8751898,-0.656871,-0.73822796,0.15342715,-0.70901906,0.53552675,-0.45880598
1356336482625,0.20956647,-0.402623,-0.8910537,-0.6526845,-0.7361502,0.17912523,-0.7280693,0.54403824,-0.41705817
1356336482668,0.1360057,-0.39515853,-0.908489,-0.6400666,-0.7349816,0.22386791,-0.756186,0.5510462,-0.35288945
1356336482708,0.05882752,-0.38120562,-0.9226167,-0.61523366,-0.7416758,0.26721644,-0.7861469,0.55190516,-0.27816147
1356336482749,-0.007785976,-0.36159602,-0.93230236,-0.5818217,-0.7566299,0.29831994,-0.81327915,0.5447564,-0.2044933
1356336482788,-0.05645883,-0.33780408,-0.93952155,-0.54585403,-0.77748513,0.31234616,-0.8359759,0.53047633,-0.14049576
1356336482829,-0.086013496,-0.3110604,-0.9464898,-0.5116128,-0.80139476,0.3098689,-0.8549,0.5108892,-0.090211645
1356336482868,-0.097587824,-0.28182697,-0.9544895,-0.48125,-0.82612026,0.2931275,-0.87113434,0.48795375,-0.055009946
1356336482909,-0.0931592,-0.25009432,-0.9637294,-0.4557399,-0.84987456,0.26460242,-0.8852246,0.46386003,-0.034804374
1356336482949,-0.07590467,-0.21595049,-0.9734494,-0.43505478,-0.87126625,0.22720553,-0.89719886,0.44074982,-0.027817063
1356336482989,-0.050673366,-0.1799881,-0.9823626,-0.41923016,-0.88893604,0.18449578,-0.9064647,0.4211851,-0.030411012
1356336483029,-0.023386598,-0.14360973,-0.989358,-0.40979168,-0.90129167,0.14051327,-0.91187924,0.40871683,-0.03777188
1356336483068,0.0013228655,-0.10937677,-0.9939995,-0.40882927,-0.90719455,0.09928092,-0.91260993,0.40624478,-0.045916587
1356336483110,0.01987505,-0.08011341,-0.9965876,-0.41625193,-0.9069511,0.06460638,-0.90903205,0.41354746,-0.051373065
1356336483150,0.029354632,-0.059261337,-0.99781084,-0.4299035,-0.9019471,0.040920526,-0.9023975,0.42776117,-0.051952984
1356336483190,0.028202891,-0.050145373,-0.99834365,-0.44709915,-0.8939021,0.032269016,-0.8940397,0.44544852,-0.04763052
1356336483230,0.016593695,-0.05528742,-0.99833256,-0.46535897,-0.8841612,0.04122971,-0.88496643,0.46389884,-0.04039994
1356336483270,-0.0029736757,-0.075483665,-0.99714255,-0.48298573,-0.8730204,0.067527995,-0.8756231,0.48180646,-0.0338614
1356336483310,-0.023679078,-0.109298214,-0.9937269,-0.5001315,-0.859383,0.1064394,-0.8656257,0.49951452,-0.03431409
1356336483350,-0.032129765,-0.15178017,-0.987892,-0.5198212,-0.84166825,0.14622073,-0.85367066,0.51822525,-0.05185602
1356336483390,-0.010623336,-0.19478303,-0.9807888,-0.54569054,-0.8207855,0.16891721,-0.8379195,0.5370016,-0.097571835
1356336483430,0.05824268,-0.22666015,-0.9722309,-0.575537,-0.80337083,0.15281485,-0.815699,0.55065453,-0.17724177
1356336483470,0.174308,-0.23657562,-0.95584977,-0.59467876,-0.7989878,0.08930665,-0.7848401,0.5528566,-0.27995646
1356336483510,0.30714595,-0.22214104,-0.9253728,-0.5882002,-0.8087146,-0.0010963976,-0.74811894,0.54464126,-0.37905684
1356336483550,0.41285366,-0.19598152,-0.8894623,-0.5642647,-0.8216231,-0.080875635,-0.71495265,0.53528196,-0.44979554
1356336483594,0.4656143,-0.1773626,-0.86703277,-0.5474822,-0.8274679,-0.12473999,-0.6953176,0.53276575,-0.48238376
1356336483630,0.45995125,-0.18001817,-0.8695046,-0.5546278,-0.82295656,-0.12300636,-0.6934211,0.5388284,-0.47836298
1356336483670,0.40065423,-0.20659636,-0.89263326,-0.5832302,-0.808877,-0.07456881,-0.7066249,0.550487,-0.44457322
1356336483710,0.29762858,-0.25041375,-0.9212547,-0.61576664,-0.78778195,0.015198469,-0.72955376,0.56275445,-0.38866287
1356336483750,0.1748516,-0.2960221,-0.93904096,-0.6303035,-0.76634675,0.124218225,-0.7564023,0.570161,-0.32058072
1356336483790,0.06098813,-0.32969305,-0.9421162,-0.6184931,-0.75331086,0.22358243,-0.7834199,0.56905645,-0.24985589
1356336483830,-0.023415208,-0.3446892,-0.9384247,-0.5878299,-0.7545224,0.29180807,-0.8086456,0.55846685,-0.18495126
1356336483870,-0.0732494,-0.34096283,-0.9372186,-0.55067503,-0.7696732,0.32304797,-0.8314995,0.53976595,-0.13138156
1356336483910,-0.09265697,-0.3208245,-0.9425955,-0.5150056,-0.7947601,0.3211318,-0.85216427,0.51519704,-0.09158635
1356336483950,-0.08771461,-0.28632346,-0.9541096,-0.4835684,-0.8251384,0.29207596,-0.8709006,0.48699656,-0.06608033
1356336483990,-0.06555122,-0.24014027,-0.9685224,-0.45592606,-0.85616285,0.2431391,-0.8876004,0.45751268,-0.05336368
1356336484030,-0.034302056,-0.18666029,-0.98182553,-0.43117303,-0.88350946,0.18303274,-0.901617,0.42961502,-0.05017674
1356336484070,-0.0026647449,-0.13138959,-0.9913273,-0.41131213,-0.903448,0.12084779,-0.9114907,0.40806696,-0.05163473
1356336484110,0.023588717,-0.080597445,-0.9964676,-0.39986432,-0.91430306,0.064486,-0.91627073,0.39693066,-0.053795278
1356336484150,0.04193914,-0.039433807,-0.9983416,-0.39868858,-0.9168797,0.019467697,-0.9161269,0.39721096,-0.05417496
1356336484190,0.050392926,-0.012744918,-0.9986482,-0.4067071,-0.9135156,-0.008864462,-0.9121677,0.40660402,-0.051218178
1356336484230,0.046396613,-0.0051609725,-0.9989098,-0.42141885,-0.9067439,-0.014888972,-0.90567845,0.4216502,-0.04424477
1356336484270,0.027780116,-0.020504996,-0.9994037,-0.44035083,-0.89780444,0.006180167,-0.89739585,0.43991655,-0.03397045
1356336484310,-0.0058552027,-0.0606824,-0.9981399,-0.4614777,-0.88534874,0.05653228,-0.88713247,0.46095037,-0.022819676
1356336484350,-0.050608218,-0.12420763,-0.9909648,-0.48293966,-0.8654723,0.13314196,-0.87418985,0.48531428,-0.016184725
1356336484390,-0.09420055,-0.20242956,-0.97475564,-0.5052935,-0.83390063,0.22200954,-0.8577906,0.5134511,-0.023732439
1356336484430,-0.11483705,-0.2797153,-0.9531903,-0.53464526,-0.79130864,0.296623,-0.8372377,0.543682,-0.058676958
1356336484470,-0.08489531,-0.33716828,-0.93760884,-0.5787863,-0.749279,0.32184994,-0.81104827,0.5699987,-0.1315381
1356336484510,0.11916536,-0.23612782,-0.9643874,-0.61872935,-0.77730817,0.11386813,-0.7765137,0.58312577,-0.23872745
1356336484548,0.21793425,-0.2933674,-0.9308277,-0.64316094,-0.7605282,0.0891114,-0.7340631,0.57925165,-0.35442758
1356336484596,0.32864267,-0.30472398,-0.8939448,-0.6425941,-0.7658051,0.024806142,-0.6921465,0.56629133,-0.44749004
1356336484629,0.39193273,-0.31233066,-0.8653544,-0.6375523,-0.7703324,-0.010723025,-0.6632614,0.5559114,-0.50104564
1356336484669,0.3777463,-0.3507886,-0.85688686,-0.65481377,-0.7555089,0.020621687,-0.6546196,0.55331147,-0.5150919
1356336484709,0.29025313,-0.4201787,-0.8597691,-0.6882563,-0.7158872,0.1175106,-0.6648731,0.55763376,-0.49697918
1356336484749,0.15732896,-0.494959,-0.85455436,-0.7081435,-0.6596771,0.25171208,-0.6883171,0.5655455,-0.4542883
1356336484789,0.020666003,-0.5491009,-0.8355005,-0.6947068,-0.60886496,0.38296986,-0.71899605,0.5725134,-0.39404696
1356336484829,-0.08866203,-0.5745884,-0.81362593,-0.65286756,-0.5833887,0.4831372,-0.7522652,0.5740259,-0.3234057
1356336484868,-0.16078675,-0.5759279,-0.8015326,-0.5985938,-0.58879393,0.54314554,-0.7847502,0.56712306,-0.25007656
1356336484908,-0.19954419,-0.55932015,-0.80457634,-0.5447194,-0.6192135,0.5655576,-0.81453234,0.55112207,-0.18111211
1356336484949,-0.21182883,-0.5282309,-0.8222534,-0.49740884,-0.6659511,0.55596185,-0.8412568,0.52676487,-0.12167904
1356336484989,-0.20252031,-0.4827713,-0.8520078,-0.45975372,-0.7213187,0.5180017,-0.86464554,0.4966197,-0.07587415
1356336485028,-0.17630959,-0.42334425,-0.8886477,-0.43149602,-0.77818596,0.45633096,-0.8847182,0.46390343,-0.045469776
1356336485068,-0.13833642,-0.35193235,-0.92574656,-0.41041487,-0.8303258,0.37698635,-0.9013449,0.4320911,-0.029573962
1356336485108,-0.09587866,-0.27339378,-0.9571118,-0.3956894,-0.8718357,0.28867334,-0.9133658,0.40639663,-0.024588525
1356336485149,-0.05561626,-0.19563106,-0.9790992,-0.38897178,-0.8988979,0.20170125,-0.9195693,0.39205983,-0.026101567
1356336485189,-0.02170533,-0.12685505,-0.9916838,-0.39162895,-0.9115685,0.12517849,-0.9198672,0.3910891,-0.02989427
1356336485229,0.0025328994,-0.075311005,-0.99715686,-0.40274227,-0.91279024,0.06791614,-0.9153099,0.40142518,-0.03264293
1356336485269,0.01288718,-0.04872249,-0.9987292,-0.4197182,-0.9068238,0.03882307,-0.907563,0.41868454,-0.032136112
1356336485308,0.004838705,-0.05331321,-0.9985661,-0.43995535,-0.8968534,0.045750946,-0.8980066,0.43910313,-0.027794987
1356336485348,-0.02471906,-0.092202276,-0.99543345,-0.4610003,-0.88249344,0.09318893,-0.88705564,0.46119863,-0.020690918
1356336485388,-0.074329555,-0.16358003,-0.98372597,-0.47941574,-0.8591213,0.17908427,-0.87443453,0.48492494,-0.01456479
1356336485429,-0.1317265,-0.25452688,-0.9580523,-0.49394807,-0.8210895,0.28605473,-0.85945535,0.5109091,-0.01756382
1356336485469,-0.17387968,-0.3444714,-0.92255366,-0.51124287,-0.76911104,0.38353485,-0.841663,0.5383379,-0.042375833
1356336485508,-0.17240322,-0.412937,-0.8942932,-0.545822,-0.7157112,0.43570167,-0.8199729,0.56324124,-0.10199925
1356336485549,-0.100794315,-0.44770846,-0.88848054,-0.6031265,-0.68273085,0.41245258,-0.79125154,0.57743907,-0.20120952
1356336485597,0.03949672,-0.44611323,-0.8941046,-0.6562661,-0.68633753,0.3134576,-0.7534951,0.57438993,-0.31987703
1356336485630,0.20244741,-0.4165396,-0.88628995,-0.67193574,-0.717463,0.18370976,-0.7124026,0.5583383,-0.42513636
1356336485670,0.31760433,-0.3885514,-0.8649597,-0.66018313,-0.7453959,0.092429295,-0.68065095,0.54167587,-0.49325603
1356336485711,0.35593006,-0.3854305,-0.85132664,-0.6542615,-0.7532511,0.0674883,-0.6672748,0.5329692,-0.5202771
1356336485750,0.32401478,-0.40867475,-0.85322875,-0.6645299,-0.7402399,0.10219985,-0.6733605,0.5338818,-0.5114253
1356336485790,0.24809283,-0.44075155,-0.8626633,-0.67691135,-0.715903,0.1710963,-0.6929942,0.5414988,-0.47596014
1356336485830,0.15191,-0.46729034,-0.8709553,-0.6771808,-0.6910754,0.25266775,-0.7199649,0.5514115,-0.42142132
1356336485870,0.057015717,-0.4794454,-0.87571764,-0.65933627,-0.67673427,0.32757658,-0.74968326,0.55871534,-0.35470018
1356336485910,-0.021412611,-0.47446278,-0.8800151,-0.6266605,-0.67947507,0.38158894,-0.7789981,0.55964154,-0.28277776
1356336485950,-0.07804716,-0.45375043,-0.88770443,-0.58612543,-0.6993947,0.4090281,-0.80645245,0.55222964,-0.21136889
1356336485990,-0.11002648,-0.41726282,-0.90210074,-0.54530156,-0.7334791,0.4057764,-0.8309875,0.53656316,-0.14683193
1356336486030,-0.11881447,-0.3662479,-0.9229007,-0.5088284,-0.7757007,0.37333912,-0.8526293,0.5139561,-0.09419288
1356336486070,-0.10639411,-0.30105868,-0.9476518,-0.4786063,-0.8198858,0.31420258,-0.8715597,0.48698142,-0.056857556
1356336486110,-0.07728851,-0.22391029,-0.9715404,-0.453844,-0.8597404,0.23424825,-0.887723,0.45903245,-0.03517236
1356336486150,-0.038657665,-0.14035878,-0.98934567,-0.4325979,-0.8901438,0.14318828,-0.9007578,0.4335242,-0.02630797
1356336486190,8.197427E-4,-0.0577655,-0.9983299,-0.41532552,-0.9081735,0.052207842,-0.9096725,0.41458905,-0.024735954
1356336486230,0.03500378,0.015492991,-0.9992671,-0.40471095,-0.91400516,-0.02834788,-0.9137745,0.40540662,-0.025723454
1356336486270,0.0608297,0.07365435,-0.9954269,-0.4027596,-0.9106709,-0.0919953,-0.91328216,0.4065138,-0.025730789
1356336486310,0.075903535,0.111920476,-0.99081403,-0.40954977,-0.90249383,-0.13331845,-0.9091247,0.415907,-0.02266547
1356336486350,0.07768601,0.1268834,-0.98887074,-0.424223,-0.8933884,-0.14795904,-0.9022193,0.43099606,-0.015576869
1356336486390,0.06382233,0.115397766,-0.99126685,-0.44471633,-0.8859259,-0.13176742,-0.8933947,0.44924226,-0.005222529
1356336486430,0.03430569,0.07672006,-0.9964622,-0.46859348,-0.8794263,-0.08384164,-0.88274753,0.46981198,0.005781237
1356336486470,-0.0051770806,0.013261229,-0.9998986,-0.49308142,-0.86993676,-0.008984625,-0.86996776,0.49298495,0.011042599
1356336486510,-0.03860718,-0.06469287,-0.9971581,-0.5173452,-0.8524544,0.07533507,-0.85490555,0.5187834,-5.576238E-4
1356336486550,-0.036423743,-0.13616967,-0.9900156,-0.5457623,-0.82718015,0.133852,-0.83714795,0.54518867,-0.044187218
1356336486596,0.02932328,-0.17953199,-0.98331505,-0.57880074,-0.80508375,0.12973046,-0.8149417,0.5653393,-0.127521
1356336486630,0.17201155,-0.17463942,-0.9694912,-0.5953462,-0.80252546,0.038933992,-0.78484076,0.5704858,-0.24201456
1356336486670,0.350859,-0.12570047,-0.9279533,-0.5641088,-0.8193385,-0.10230191,-0.7474485,0.5593602,-0.35838103
1356336486710,0.49014223,-0.069979,-0.86882883,-0.5022348,-0.8373485,-0.21588798,-0.7124049,0.54217196,-0.44556576
1356336486750,0.5560421,-0.043788,-0.8299999,-0.46108598,-0.84711015,-0.2642048,-0.6915324,0.5296103,-0.49121886
1356336486790,0.55285275,-0.060584083,-0.8310736,-0.4672169,-0.8483672,-0.2489606,-0.6899726,0.52593017,-0.4973281
1356336486830,0.49346277,-0.11321232,-0.86236733,-0.51054585,-0.84040856,-0.18181434,-0.7041573,0.52999663,-0.4725104
1356336486870,0.3901478,-0.18506019,-0.9019631,-0.56422526,-0.8221736,-0.07536857,-0.7276225,0.53831524,-0.42518485
1356336486910,0.26150215,-0.25534368,-0.93081486,-0.60097605,-0.7977022,0.04999028,-0.75527775,0.54632485,-0.36205626
1356336486951,0.13712335,-0.30333441,-0.9429663,-0.6060621,-0.7786722,0.16235237,-0.7835087,0.5492338,-0.29061365
1356336486990,0.042637944,-0.31849575,-0.94696486,-0.58503914,-0.7762873,0.23474929,-0.8098835,0.5440023,-0.21943176
1356336487030,-0.015121162,-0.30285206,-0.95291764,-0.55228055,-0.791929,0.26045108,-0.8335212,0.53021616,-0.15528445
1356336487070,-0.039284587,-0.26100037,-0.96453905,-0.5181829,-0.820023,0.24299988,-0.85436726,0.50935376,-0.103031695
1356336487110,-0.03659612,-0.19807707,-0.97950304,-0.486789,-0.8524769,0.19057694,-0.87275267,0.48378566,-0.06522439
1356336487150,-0.01619798,-0.12170084,-0.9924346,-0.4579904,-0.8814138,0.115561604,-0.88880956,0.4563974,-0.0414607
1356336487190,0.011920869,-0.040978163,-0.99908894,-0.43331024,-0.9006846,0.031771913,-0.901166,0.43253672,-0.0284932
1356336487230,0.04007733,0.033620447,-0.99863076,-0.4163128,-0.9079915,-0.04727651,-0.9083377,0.41763753,-0.022393253
1356336487270,0.06433314,0.09422581,-0.99347,-0.4097908,-0.9052288,-0.11239295,-0.909908,0.4143455,-0.01962328
1356336487310,0.08112514,0.13428418,-0.9876166,-0.4137262,-0.89694667,-0.15594041,-0.9067797,0.42125356,-0.017208101
1356336487351,0.08556551,0.14789397,-0.9852949,-0.42720765,-0.88795453,-0.17038289,-0.90009564,0.4355044,-0.012796849
1356336487391,0.070863724,0.12729856,-0.98932976,-0.44766375,-0.8822705,-0.14558835,-0.89138967,0.45320404,-0.0055340827
1356336487430,0.03219956,0.068532184,-0.99712914,-0.47201526,-0.87834203,-0.07561049,-0.8810021,0.4730948,0.004065957
1356336487470,-0.03277445,-0.032323435,-0.99893993,-0.494362,-0.868126,0.044310242,-0.868638,0.4952902,0.012472928
1356336487510,-0.115213215,-0.1673099,-0.9791493,-0.50734794,-0.8375358,0.20280994,-0.8540047,0.52013576,0.011610866
1356336487550,-0.18762046,-0.30815083,-0.93265307,-0.51400214,-0.77832913,0.36056286,-0.8370187,0.5470346,-0.012359768
1356336487630,-0.21910685,-0.42606765,-0.87775767,-0.5323906,-0.7016844,0.47349682,-0.81765056,0.5710563,-0.07309055
1356336487632,-0.21175867,-0.51535726,-0.8304006,-0.5687585,-0.62598497,0.5335322,-0.794778,0.5852775,-0.16055608
1356336487670,-0.12518203,-0.557908,-0.8204073,-0.6312745,-0.5931381,0.4996795,-0.76539004,0.5804531,-0.27794287
1356336487707,0.043821573,-0.55454904,-0.83099645,-0.68677884,-0.62080646,0.3780665,-0.7255444,0.5541433,-0.40805724
1356336487745,0.1349859,-0.57283604,-0.8084786,-0.711463,-0.6239394,0.3232956,-0.68963706,0.53156227,-0.49177468
1356336487787,0.1148248,-0.6258278,-0.7714628,-0.7337513,-0.5769408,0.35881537,-0.66964495,0.52486086,-0.52544904
1356336487829,0.008873969,-0.6914517,-0.72236824,-0.7445299,-0.48680928,0.45682818,-0.6675302,0.53377086,-0.51912636
1356336487869,-0.1269902,-0.73696935,-0.66388977,-0.723191,-0.3892926,0.5704786,-0.6788727,0.5525643,-0.48353326
1356336487909,-0.24728137,-0.7538021,-0.6087975,-0.67108434,-0.31997967,0.6687741,-0.69892615,0.5739298,-0.42673975
1356336487949,-0.33302736,-0.75177234,-0.5691495,-0.6036214,-0.29373807,0.7411877,-0.72438526,0.5903866,-0.35596305
1356336487989,-0.38428485,-0.74199855,-0.5493299,-0.5345583,-0.30629492,0.7876743,-0.7527101,0.5963402,-0.27893698
1356336488028,-0.40796107,-0.73007655,-0.5482299,-0.47211814,-0.34526294,0.81110907,-0.7814552,0.58973026,-0.20382857
1356336488069,-0.410738,-0.71704084,-0.5631579,-0.42026502,-0.39924043,0.81485236,-0.8091178,0.5713664,-0.13736397
1356336488109,-0.39718688,-0.7011331,-0.5921613,-0.38257688,-0.4600057,0.8012676,-0.83419275,0.54480016,-0.08552915
1356336488149,-0.3704195,-0.67971516,-0.6330694,-0.3605324,-0.52290684,0.7723891,-0.85604084,0.51435,-0.05136448
1356336488189,-0.33298635,-0.6502664,-0.6828424,-0.3519646,-0.5861147,0.72978795,-0.87478054,0.48334575,-0.033702552
1356336488229,-0.2905259,-0.6118352,-0.7356985,-0.35186905,-0.6466775,0.6767543,-0.8898218,0.4554842,-0.027409285
1356336488269,-0.25166643,-0.56795806,-0.7836374,-0.35624334,-0.6984862,0.620651,-0.8998637,0.4353626,-0.026545733
1356336488309,-0.2241916,-0.52634853,-0.8201801,-0.36405724,-0.73544055,0.5714801,-0.9039914,0.42671356,-0.026741415
1356336488349,-0.21241474,-0.49585694,-0.8420248,-0.3745237,-0.7545756,0.5388391,-0.90255857,0.42981562,-0.025427192
1356336488389,-0.21768034,-0.48328426,-0.8479691,-0.38468257,-0.75599384,0.5296157,-0.8970143,0.44148582,-0.021346107
1356336488429,-0.23937881,-0.49122944,-0.83749115,-0.39021775,-0.74116474,0.5462645,-0.88906014,0.45756802,-0.014267355
1356336488469,-0.2747053,-0.5170273,-0.8106909,-0.38783425,-0.71191907,0.58545345,-0.8798418,0.4752409,-0.0049529076
1356336488509,-0.3174581,-0.553197,-0.7701905,-0.37812874,-0.6709893,0.63780236,-0.86961997,0.4937067,0.0038313568
1356336488549,-0.35746574,-0.5904127,-0.7236237,-0.36850786,-0.622783,0.6901763,-0.85814935,0.51337534,0.0050518215
1356336488597,-0.38212836,-0.62318987,-0.6823579,-0.37221813,-0.57205296,0.73089606,-0.8458319,0.5332821,-0.013364911
1356336488630,-0.3772366,-0.6509961,-0.6587083,-0.4047959,-0.523815,0.7495052,-0.83296627,0.5493832,-0.065918386
1356336488670,-0.33013773,-0.67697793,-0.657807,-0.47221833,-0.4849589,0.7360875,-0.8173243,0.55363876,-0.1595782
1356336488710,-0.24053359,-0.70025134,-0.6721544,-0.5585792,-0.4664666,0.68585575,-0.79380906,0.5404229,-0.2789449
1356336488750,-0.13092136,-0.7145677,-0.6872064,-0.63421696,-0.47240913,0.6120445,-0.76198983,0.51596767,-0.39134252
1356336488790,-0.03882122,-0.716671,-0.69633013,-0.68078613,-0.49113196,0.54343325,-0.73145276,0.4951486,-0.4688334
1356336488830,0.012311488,-0.7096474,-0.70444936,-0.70067585,-0.50873435,0.50024265,-0.7133735,0.48743197,-0.50349605
1356336488870,0.021846682,-0.6965047,-0.7172195,-0.7025204,-0.521117,0.4846671,-0.71132815,0.493273,-0.50069344
1356336488910,4.1776896E-4,-0.67775303,-0.7352895,-0.69216067,-0.53088635,0.48895115,-0.7217433,0.5087342,-0.4693358
1356336488950,-0.040318787,-0.6534697,-0.75587815,-0.6720698,-0.54206234,0.5044706,-0.73938936,0.5283425,-0.4173219
1356336488990,-0.09009069,-0.6246698,-0.77567476,-0.6432648,-0.55809367,0.5241583,-0.760325,0.54618603,-0.3515491
1356336489030,-0.14027369,-0.5935877,-0.79244995,-0.60717493,-0.5806344,0.5424041,-0.78208816,0.5572408,-0.27896386
1356336489070,-0.1833809,-0.5629771,-0.8058712,-0.56664026,-0.609348,0.5546295,-0.8032996,0.5583475,-0.20726267
1356336489110,-0.21401393,-0.53520024,-0.8171651,-0.5249752,-0.6424519,0.5582622,-0.8237713,0.5484673,-0.14347318
1356336489150,-0.22926813,-0.51099664,-0.82844347,-0.48575327,-0.67748886,0.5523157,-0.8434927,0.5290475,-0.09289166
1356336489190,-0.22866964,-0.48960224,-0.84142727,-0.45188293,-0.7121873,0.53720677,-0.86227137,0.5030695,-0.05838731
1356336489230,-0.21423781,-0.46916503,-0.85673004,-0.4243403,-0.7453021,0.51425695,-0.87979406,0.47371835,-0.03941381
1356336489371,-0.1911881,-0.4476936,-0.8735088,-0.40263814,-0.7758348,0.4857602,-0.8951702,0.44457948,-0.03192818
1356336489373,-0.16691315,-0.42429763,-0.8900065,-0.38734394,-0.801877,0.45492625,-0.90669984,0.42067182,-0.0305053
1356336489374,-0.14729106,-0.39976534,-0.904706,-0.3785548,-0.82225454,0.42496306,-0.91378415,0.40507406,-0.030222282
1356336489386,-0.13922542,-0.37752146,-0.9154747,-0.38226157,-0.8323331,0.40137,-0.9135056,0.4058317,-0.028430074
1356336489415,-0.13553905,-0.3568008,-0.92429566,-0.38907945,-0.83879167,0.38084885,-0.9111786,0.4112443,-0.025134876
1356336489459,-0.14257008,-0.3420673,-0.928797,-0.39964366,-0.83859575,0.3701922,-0.9055158,0.42396614,-0.017146423
1356336489499,-0.15995663,-0.33773783,-0.92754894,-0.41038486,-0.83184254,0.3736606,-0.89777404,0.44042155,-0.0055437535
1356336489538,-0.18593645,-0.34455773,-0.9201671,-0.4197699,-0.8188766,0.39145148,-0.888381,0.45904356,0.007624045
1356336489597,-0.21667689,-0.3619116,-0.9066814,-0.42887032,-0.7990385,0.42143536,-0.8769957,0.48016405,0.017919973
1356336489620,-0.24334401,-0.38822973,-0.88885397,-0.44204223,-0.77130973,0.45790833,-0.86335534,0.50434023,0.016079605
1356336489660,-0.249977,-0.42055663,-0.8721488,-0.46831414,-0.73586303,0.48906776,-0.84746283,0.5306953,-0.013003737
1356336489700,-0.21750033,-0.45602524,-0.86298007,-0.5155892,-0.6970487,0.49828795,-0.82877105,0.55332094,-0.08351341
1356336489740,-0.12997979,-0.48871142,-0.86270875,-0.58067983,-0.66774464,0.46575522,-0.80368906,0.5614964,-0.1969915
1356336489780,0.0030763745,-0.50826657,-0.8611944,-0.6395018,-0.6630781,0.38905638,-0.76878345,0.54953843,-0.3270773
1356336489820,0.14001083,-0.5084845,-0.84961194,-0.6687342,-0.6813524,0.29757953,-0.73019964,0.52650017,-0.4354377
1356336489860,0.23332787,-0.4975268,-0.835479,-0.6726867,-0.70301676,0.23078153,-0.70217574,0.50816786,-0.49871302
1356336489900,0.2657533,-0.48811877,-0.83133346,-0.6695957,-0.7138493,0.20508729,-0.69355375,0.50215465,-0.51655006
1356336489940,0.24429348,-0.48555917,-0.83937657,-0.66781646,-0.71186006,0.21743158,-0.7030945,0.50743234,-0.49816716
1356336489980,0.18235785,-0.48824435,-0.85344195,-0.66443056,-0.7010103,0.2590688,-0.7247604,0.51980966,-0.45223916
1356336490020,0.09976196,-0.49075186,-0.8655693,-0.65268505,-0.6888811,0.31534916,-0.75103253,0.5334843,-0.38903052
1356336490060,0.012632072,-0.4898532,-0.87171346,-0.6289163,-0.68164456,0.3739317,-0.7773704,0.5435113,-0.3166873
1356336490100,-0.065042734,-0.48374695,-0.8727877,-0.59438986,-0.6837671,0.42327696,-0.8015424,0.5463072,-0.24306023
1356336490140,-0.123619795,-0.47186825,-0.8729596,-0.55473065,-0.69655305,0.45506904,-0.8227953,0.540513,-0.17565209
1356336490180,-0.15978682,-0.45439523,-0.87635213,-0.5155477,-0.7186566,0.46662962,-0.84183055,0.5263626,-0.11943051
1356336490220,-0.17370266,-0.43080682,-0.8855693,-0.48033875,-0.74795616,0.45807904,-0.8597105,0.5049428,-0.07701132
1356336490260,-0.16807026,-0.40037304,-0.9008073,-0.45012206,-0.78181005,0.43146613,-0.87700766,0.47798988,-0.048817664
1356336490300,-0.14829087,-0.3630331,-0.9199005,-0.4250621,-0.8164824,0.39074117,-0.8929345,0.44895816,-0.033234715
1356336490340,-0.12201768,-0.32058305,-0.9393287,-0.406704,-0.8471482,0.34195316,-0.9053749,0.42375302,-0.027015403
1356336490380,-0.095869124,-0.27684894,-0.9561191,-0.3978698,-0.8698158,0.29175344,-0.91241914,0.40838107,-0.026761353
1356336490420,-0.07427758,-0.23648418,-0.9687921,-0.3997118,-0.8829644,0.24617952,-0.91362643,0.40552324,-0.028941005
1356336490460,-0.06071675,-0.20561409,-0.97674775,-0.41034913,-0.88689435,0.21220733,-0.90990496,0.41369218,-0.030524157
1356336490500,-0.05915326,-0.19090211,-0.9798252,-0.4261797,-0.8827669,0.19772094,-0.9027025,0.42927742,-0.029140115
1356336490540,-0.07362765,-0.19837682,-0.9773565,-0.44358784,-0.8712201,0.21025102,-0.89320153,0.44902372,-0.023851722
1356336490598,-0.10665113,-0.23121843,-0.9670386,-0.4595181,-0.8510267,0.25415862,-0.8817418,0.471478,-0.015486091
1356336490620,-0.1557802,-0.28809887,-0.9448447,-0.47096485,-0.8191391,0.32741892,-0.8682883,0.49599403,-0.008078784
1356336490661,-0.20891148,-0.35844865,-0.90987396,-0.47936973,-0.7734212,0.41475815,-0.8523853,0.52281374,-0.010252863
1356336490699,-0.24632734,-0.42828524,-0.86942196,-0.49400848,-0.7162991,0.49281955,-0.8338336,0.55089676,-0.035132498
1356336490739,-0.24447733,-0.4851862,-0.83953875,-0.53036916,-0.6579081,0.53466403,-0.8117508,0.57597864,-0.09648427
1356336490780,-0.18436271,-0.52356035,-0.83180225,-0.59374696,-0.6151017,0.51876235,-0.7832464,0.5895206,-0.1974605
1356336490820,-0.06472278,-0.54023755,-0.83901983,-0.6629772,-0.6051251,0.4407775,-0.74583656,0.58477944,-0.31899974
1356336490860,0.077266395,-0.53740937,-0.83977437,-0.7051715,-0.62489694,0.33501786,-0.7048142,0.5662994,-0.42724934
1356336490900,0.18063822,-0.5314373,-0.8276136,-0.71744573,-0.64678514,0.25872892,-0.67278636,0.5470315,-0.4981115
1356336490940,0.21118227,-0.54017776,-0.81462264,-0.7213053,-0.64856327,0.2430727,-0.65963674,0.536259,-0.5265982
1356336490980,0.17538667,-0.5638679,-0.8070269,-0.72506666,-0.6284951,0.28155345,-0.66597146,0.53576756,-0.51907146
1356336491021,0.09568119,-0.5914839,-0.8006198,-0.720434,-0.596169,0.3543409,-0.6868916,0.5428899,-0.4831672
1356336491060,-6.764531E-4,-0.6120771,-0.79079777,-0.69824123,-0.56581336,0.43853664,-0.7158622,0.55246425,-0.42699468
1356336491100,-0.09421015,-0.62212837,-0.7772263,-0.65620697,-0.54829687,0.51842356,-0.7486768,0.5588621,-0.35658985
1356336491140,-0.16880661,-0.6227367,-0.7640048,-0.6010157,-0.5493192,0.5805417,-0.7812071,0.5571781,-0.2815458
1356336491180,-0.21898693,-0.6176911,-0.7553161,-0.5422824,-0.5664932,0.620496,-0.81115633,0.54547507,-0.21090841
1356336491220,-0.24634427,-0.60979027,-0.7533062,-0.48752683,-0.5937947,0.6400979,-0.83763474,0.5249415,-0.15101114
1356336491260,-0.25507998,-0.60012555,-0.7581448,-0.44080326,-0.6256897,0.64358747,-0.8605967,0.49835896,-0.10493642
1356336491300,-0.24907726,-0.58865607,-0.7690543,-0.4037874,-0.65865207,0.63492763,-0.88029325,0.4686805,-0.07363659
1356336491340,-0.23221481,-0.57510316,-0.7844314,-0.37627476,-0.69057214,0.61767906,-0.89693564,0.43859595,-0.056035727
1356336491380,-0.21039742,-0.5598624,-0.8014282,-0.35702103,-0.7191541,0.59611535,-0.91009283,0.4115478,-0.048574537
1356336491420,-0.19130969,-0.54484916,-0.81641906,-0.3450889,-0.7413418,0.5756092,-0.91886574,0.3918568,-0.046195522
1356336491460,-0.18139279,-0.5331549,-0.8263428,-0.34024286,-0.75436294,0.56140125,-0.9226762,0.3829914,-0.044566154
1356336491500,-0.18360722,-0.527821,-0.82927287,-0.34122574,-0.7569346,0.5573286,-0.921875,0.38529876,-0.041127518
1356336491540,-0.19800657,-0.5306138,-0.8241616,-0.34553745,-0.7490483,0.56527025,-0.91727704,0.39670593,-0.035030454
1356336491598,-0.22299409,-0.5416839,-0.8104642,-0.3500215,-0.73146355,0.5851889,-0.9098124,0.41417354,-0.02648902
1356336491621,-0.25628632,-0.5592294,-0.78840333,-0.35254747,-0.70537806,0.6149407,-0.9000153,0.4355505,-0.016376078
1356336491660,-0.29442185,-0.58012253,-0.75945616,-0.35353047,-0.6721915,0.65051883,-0.88788056,0.46001786,-0.0071831346
1356336491700,-0.33155268,-0.60077536,-0.7274213,-0.3573861,-0.6335917,0.6861754,-0.87312543,0.48747355,-0.004639715
1356336491740,-0.35906476,-0.6187619,-0.6987175,-0.37403956,-0.59048927,0.7151341,-0.855083,0.5181275,-0.019417495
1356336491780,-0.36569452,-0.6354091,-0.68009025,-0.4138092,-0.54351056,0.73031384,-0.83368427,0.5484994,-0.06417933
1356336491820,-0.3381666,-0.65460426,-0.6761188,-0.48153216,-0.49691397,0.72194415,-0.80856055,0.5697103,-0.14717337
1356336491860,-0.26966244,-0.67805874,-0.68375325,-0.56710887,-0.4620334,0.68184507,-0.77824783,0.5716305,-0.25993997
1356336491901,-0.1737271,-0.7000341,-0.69265527,-0.6461229,-0.44977707,0.6166246,-0.7431986,0.55466473,-0.3741696
1356336491940,-0.08230847,-0.7128295,-0.69649076,-0.6986412,-0.45711756,0.5504035,-0.71072197,0.53190005,-0.4603874
1356336491980,-0.022244573,-0.71465397,-0.69912434,-0.72193813,-0.4722712,0.5057323,-0.69159997,0.5159743,-0.50543046
1356336492020,-0.0010787249,-0.70757425,-0.70663816,-0.7225151,-0.4879865,0.48973584,-0.69135433,0.51108503,-0.5107067
1356336492060,-0.012309194,-0.6931722,-0.72066694,-0.70724404,-0.5034542,0.49632642,-0.7068624,0.5157967,-0.4840448
1356336492100,-0.04698187,-0.6722316,-0.7388487,-0.68000716,-0.52028656,0.5166161,-0.73169875,0.52669394,-0.4326782
1356336492140,-0.09347737,-0.6462195,-0.75740504,-0.64408946,-0.5408535,0.54094946,-0.75921726,0.53840315,-0.36566567
1356336492180,-0.14366668,-0.61734384,-0.77346396,-0.6014791,-0.5661775,0.56361866,-0.78586435,0.5461956,-0.28997856
1356336492220,-0.18914002,-0.5887862,-0.78584784,-0.55583555,-0.59554064,0.5799811,-0.8094892,0.54649985,-0.21462765
1356336492260,-0.2243861,-0.56306565,-0.7953665,-0.51118076,-0.6268658,0.5879911,-0.82966566,0.53851306,-0.14716834
1356336492300,-0.24590474,-0.5413007,-0.8040674,-0.47107548,-0.6582439,0.5871991,-0.84712374,0.5231714,-0.093128115
1356336492340,-0.2520947,-0.52288544,-0.8142721,-0.43819505,-0.688556,0.57781976,-0.86280555,0.5024753,-0.055544496
1356336492380,-0.24276084,-0.5057813,-0.8277998,-0.41376603,-0.7178275,0.5599299,-0.8774195,0.47844443,-0.03501475
1356336492420,-0.22079575,-0.48642418,-0.8453642,-0.39751247,-0.74661726,0.53342897,-0.8906363,0.45382172,-0.028509706
1356336492460,-0.19197279,-0.46187934,-0.86591804,-0.38820478,-0.7746272,0.49924934,-0.9013566,0.43199575,-0.030596465
1356336492500,-0.1631962,-0.4309179,-0.88751155,-0.38558105,-0.8001683,0.45941055,-0.9081268,0.41718167,-0.03556934
1356336492540,-0.13981807,-0.39514828,-0.90791446,-0.38969123,-0.8209665,0.41731837,-0.91027004,0.412155,-0.039199814
1356336492598,-0.12514818,-0.35900566,-0.9249069,-0.3993275,-0.835164,0.3782043,-0.90822655,0.41667235,-0.038841516
1356336492620,-0.1207993,-0.32820684,-0.9368499,-0.41186017,-0.8421268,0.3481286,-0.9032046,0.42790487,-0.033446938
1356336492660,-0.12819982,-0.3090276,-0.942373,-0.4245932,-0.8416241,0.3337509,-0.896262,0.44291192,-0.023315027
1356336492700,-0.14737982,-0.30660912,-0.9403564,-0.43535605,-0.83357555,0.3400249,-0.8881128,0.45950264,-0.010631919
1356336492740,-0.17490298,-0.3225903,-0.93023884,-0.4439354,-0.8174752,0.3669544,-0.87882316,0.4771474,-2.3034215E-4
1356336492780,-0.20088285,-0.354491,-0.91322625,-0.45404834,-0.7923544,0.4074489,-0.8680358,0.4964984,-0.0017856508
1356336492820,-0.20941526,-0.39721176,-0.89351445,-0.47318724,-0.7584917,0.4480895,-0.85570973,0.5166364,-0.029115811
1356336492860,-0.18004757,-0.4415991,-0.8789613,-0.51035565,-0.721948,0.46725592,-0.84090424,0.5327112,-0.09538764
1356336492900,-0.099018276,-0.4774052,-0.87308633,-0.56416714,-0.69582343,0.44446066,-0.8197017,0.5365763,-0.20043713
1356336492940,0.022412121,-0.49490684,-0.86865693,-0.6147861,-0.6919945,0.37839353,-0.7883753,0.52555764,-0.31977093
1356336492980,0.14481223,-0.49339557,-0.8576656,-0.64307797,-0.70569754,0.29739156,-0.7519842,0.5084799,-0.41948545
1356336493020,0.22365445,-0.48674265,-0.84442896,-0.65288746,-0.7180934,0.24099775,-0.7236827,0.49741685,-0.4783929
1356336493060,0.24183142,-0.48923892,-0.8379516,-0.6589586,-0.71670395,0.22827402,-0.71224374,0.49697158,-0.49570972
1356336493100,0.20299256,-0.5046975,-0.8390915,-0.66601115,-0.69934165,0.2595196,-0.71779054,0.5061637,-0.47809532
1356336493140,0.12841523,-0.5245021,-0.8416692,-0.6669503,-0.6737783,0.3181197,-0.7339529,0.5205001,-0.43634024
1356336493180,0.036817193,-0.5405405,-0.840512,-0.65375036,-0.6491611,0.38884473,-0.755814,0.5351689,-0.3772789
