1356336941241,0.8333102,-0.4917842,0.25247264,0.26424667,-0.046793565,-0.9633193,0.48555928,0.8694589,0.090958774
1356336941243,-0.31940067,0.0795784,0.94427246,0.8137663,-0.48755497,0.31634554,0.48555905,0.8694581,0.09096724
1356336941265,-0.31941104,0.07954988,0.94427127,0.8137617,-0.48756653,0.31633955,0.48555988,0.8694542,0.09099954
1356336941295,-0.31942457,0.0794518,0.944275,0.81374985,-0.48761255,0.3162992,0.4855709,0.86943746,0.0911015
1356336941337,-0.31946558,0.0791232,0.94428873,0.813694,-0.48779798,0.31615683,0.48563752,0.8693633,0.09145266
1356336941378,-0.31903535,0.078178346,0.9445129,0.81377447,-0.4882273,0.31528586,0.48578554,0.8692078,0.092142254
1356336941420,-0.31761843,0.07629472,0.9451443,0.8142062,-0.4889242,0.31308368,0.48599055,0.8689835,0.093171716
1356336941458,-0.3143906,0.07331559,0.9464583,0.81534255,-0.48976904,0.30877614,0.48618406,0.86876404,0.094201475
1356336941500,-0.3091759,0.069672406,0.94844925,0.8172283,-0.49058038,0.30243808,0.4863622,0.86860615,0.09473738
1356336941539,-0.3014176,0.06567162,0.95122796,0.81999743,-0.491239,0.29374892,0.48657125,0.8685456,0.09421757
1356336941578,-0.29139745,0.061665207,0.9546124,0.8234608,-0.49168336,0.28312457,0.48682606,0.86858773,0.092496514
1356336941619,-0.28007197,0.058232307,0.9582112,0.8272157,-0.49184096,0.2716739,0.48710772,0.86873555,0.08958021
1356336941660,-0.2684099,0.05529523,0.9617164,0.8309342,-0.4917845,0.26018515,0.48734424,0.8689594,0.08605313
1356336941700,-0.25764298,0.05274895,0.9647993,0.834306,-0.4915269,0.2496692,0.4873946,0.8692634,0.08262974
1356336941738,-0.24885714,0.05032292,0.967232,0.8371481,-0.49105257,0.24093652,0.48708645,0.86967516,0.08007428
1356336941780,-0.24292344,0.04785654,0.9688642,0.8394449,-0.4901582,0.23468521,0.48612797,0.87031865,0.07889804
1356336941818,-0.24021703,0.045235276,0.9696647,0.8412945,-0.48863614,0.23121071,0.484272,0.8713143,0.07932249
1356336941858,-0.24241304,0.043937802,0.96917766,0.84218335,-0.4863928,0.23269963,0.48162538,0.87263477,0.080904305
1356336941898,-0.24503511,0.04148969,0.96862614,0.84341514,-0.48359108,0.23407415,0.4781306,0.87431026,0.08350369
1356336941940,-0.24996698,0.039025545,0.96746767,0.8443192,-0.48032027,0.23752391,0.47396377,0.87622464,0.087114125
1356336941979,-0.25741255,0.03646174,0.9656135,0.84472775,-0.4767537,0.24318922,0.46922687,0.8782804,0.091922134
1356336942018,-0.26677853,0.03386429,0.96316266,0.84455514,-0.47322685,0.25056487,0.46427968,0.8802894,0.097646594
1356336942059,-0.27710235,0.031160086,0.96033496,0.84390783,-0.4699623,0.25875652,0.45938414,0.8821362,0.10393149
1356336942099,-0.28708845,0.028691828,0.95747423,0.8429954,-0.46711606,0.26676086,0.45490548,0.8837304,0.10991657
1356336942138,-0.2954077,0.026938856,0.9549914,0.8420789,-0.46481228,0.2735921,0.45126194,0.8849994,0.11462444
1356336942179,-0.30136877,0.026236176,0.9531467,0.84122336,-0.46330452,0.27873328,0.44891003,0.88581073,0.11755499
1356336942218,-0.30509847,0.026667535,0.95194745,0.8402338,-0.46296275,0.28226364,0.4482434,0.88597655,0.118842185
1356336942282,-0.30700213,0.02833137,0.95128703,0.83876693,-0.46424234,0.28451544,0.44968846,0.8852549,0.11876005
1356336942300,-0.30724347,0.031589,0.95110655,0.83643496,-0.4676891,0.28573346,0.45384812,0.88332844,0.11727217
1356336942340,-0.3056851,0.037040204,0.9514119,0.8328692,-0.473822,0.28604457,0.46139508,0.8798412,0.113990754
1356336942380,-0.30240434,0.045249194,0.9521051,0.8278233,-0.48268723,0.28587025,0.47250432,0.8746231,0.10850829
1356336942420,-0.2981016,0.05643931,0.9528641,0.82126665,-0.49358827,0.28616747,0.48647362,0.86786246,0.10078773
1356336942461,-0.29385024,0.07044396,0.9532522,0.81335545,-0.5054353,0.2880765,0.5021006,0.85998416,0.09122634
1356336942500,-0.29080766,0.086805254,0.95283574,0.8043636,-0.5170914,0.29260164,0.51810247,0.85151714,0.08055109
1356336942540,-0.28994226,0.104825616,0.9512861,0.7946797,-0.52752274,0.30033985,0.53330827,0.84304893,0.069648325
1356336942580,-0.29175538,0.12366584,0.94846475,0.7847949,-0.53590965,0.31128398,0.54678667,0.8351692,0.05930227
1356336942620,-0.29645377,0.14250231,0.9443561,0.7751966,-0.54165435,0.32508597,0.55784,0.82843447,0.050108135
1356336942660,-0.30413973,0.16055328,0.9390005,0.766212,-0.5444759,0.34127015,0.56605506,0.82326716,0.042578816
1356336942700,-0.31440282,0.17691657,0.9326583,0.7580035,-0.5446666,0.35884413,0.57147324,0.81977975,0.037141293
1356336942740,-0.3272729,0.19100854,0.92542326,0.7501197,-0.5430612,0.37736586,0.5746416,0.8176799,0.034449875
1356336942780,-0.34279507,0.20212379,0.91740805,0.7416748,-0.5411308,0.39635342,0.5765502,0.8162864,0.035586804
1356336942820,-0.36098498,0.2097477,0.90867805,0.7315185,-0.5406649,0.41540608,0.57842076,0.8146701,0.041737527
1356336942860,-0.38110042,0.21392846,0.8994427,0.71885407,-0.54321253,0.4337844,0.5813874,0.81188345,0.053235203
1356336942900,-0.40111482,0.2158377,0.8902365,0.70419747,-0.5488849,0.45036808,0.5858438,0.8075516,0.06817347
1356336942940,-0.41878796,0.21705362,0.88176215,0.6899513,-0.55526996,0.4643732,0.5904099,0.8028468,0.08278391
1356336942980,-0.43341136,0.2182488,0.8743696,0.6794752,-0.55821556,0.47613972,0.5920036,0.80047673,0.093642265
1356336943020,-0.44568205,0.2189371,0.8680058,0.6751529,-0.55449593,0.48652118,0.5878232,0.80287033,0.09931287
1356336943060,-0.45606613,0.2183204,0.86275136,0.6771692,-0.5438975,0.49559802,0.5774474,0.81025416,0.10021338
1356336943100,-0.46393973,0.21590914,0.8591525,0.68412715,-0.5288142,0.5023201,0.5627876,0.82081586,0.09762865
1356336943140,-0.46824646,0.2112441,0.857975,0.69459164,-0.5121827,0.5051845,0.54615724,0.8324931,0.093099356
1356336943180,-0.4683624,0.20356396,0.8597664,0.7077429,-0.4960748,0.5030006,0.5289013,0.8440802,0.088271916
1356336943220,-0.46427846,0.19202101,0.8646233,0.7228873,-0.48189127,0.49519163,0.51174164,0.854932,0.084922224
1356336943282,-0.45685875,0.17583773,0.8719869,0.73884785,-0.47087705,0.48205665,0.49536234,0.86449754,0.085206956
1356336943300,-0.44862437,0.15406045,0.88034177,0.753667,-0.46419537,0.46530512,0.48033562,0.8722317,0.092139095
1356336943338,-0.44499803,0.12545207,0.8867009,0.76411366,-0.46316683,0.44900632,0.46701926,0.87734723,0.110248685
1356336943379,-0.45417595,0.08900195,0.8864552,0.7655093,-0.470024,0.4394006,0.45576274,0.87815493,0.14534178
1356336943417,-0.48373735,0.0459947,0.8740038,0.75259936,-0.48789024,0.44221866,0.4467576,0.8716924,0.20139515
1356336943458,-0.53434527,0.0018305779,0.8452644,0.7219401,-0.5191229,0.4575084,0.43963355,0.85469764,0.27606925
1356336943498,-0.5965183,-0.035479665,0.8018149,0.6756403,-0.5614369,0.47780627,0.4332161,0.82675856,0.35887885
1356336943539,-0.6555344,-0.059643686,0.7528063,0.6235745,-0.6050334,0.495065,0.42594543,0.79396296,0.43381253
1356336943578,-0.70101815,-0.069689244,0.7097302,0.5780933,-0.6382917,0.5083225,0.41759032,0.7666335,0.48774105
1356336943618,-0.72890806,-0.06853835,0.68117213,0.5479123,-0.6549554,0.520409,0.41046938,0.752553,0.5149553
1356336943659,-0.7381999,-0.060099006,0.6718997,0.53717816,-0.6548511,0.53161055,0.40804493,0.7533646,0.5156948
1356336943698,-0.72869086,-0.047773764,0.6831745,0.54699695,-0.6408394,0.53862727,0.41207287,0.7661871,0.4931058
1356336943739,-0.70010823,-0.033952028,0.71322894,0.57610536,-0.61697596,0.5361372,0.42184222,0.78624916,0.45151007
1356336943778,-0.6520055,-0.019874275,0.75795376,0.62054396,-0.5883987,0.5183747,0.43567666,0.8083267,0.39597195
1356336943819,-0.5851848,-0.005733013,0.81087965,0.6731404,-0.56101227,0.48181653,0.45215112,0.82778764,0.332155
1356336943858,-0.5058726,0.009024441,0.862561,0.72333074,-0.5403737,0.42987078,0.46998456,0.8413767,0.2668326
1356336943898,-0.42739475,0.025365531,0.9037093,0.76093686,-0.5296654,0.3747396,0.48816895,0.8478274,0.20707458
1356336943939,-0.3641386,0.04433608,0.9302889,0.78169596,-0.52847266,0.33116174,0.50631464,0.8477918,0.15777993
1356336943978,-0.3242113,0.0666433,0.9436344,0.78754723,-0.5336101,0.30826902,0.5240768,0.8431009,0.12051764
1356336944018,-0.30912668,0.09226301,0.9465349,0.7825482,-0.5409,0.30829456,0.5404248,0.8360113,0.09500629
1356336944059,-0.31698734,0.12039065,0.94075775,0.76980484,-0.5467425,0.32935268,0.5540031,0.82860047,0.08063313
1356336944098,-0.3434226,0.14954528,0.9271986,0.7507744,-0.5494305,0.36669338,0.5642684,0.8220477,0.07641202
1356336944138,-0.3813507,0.17798916,0.9071337,0.726514,-0.54907334,0.41315377,0.57161975,0.81660175,0.08007783
1356336944180,-0.42232013,0.20404698,0.88318205,0.699756,-0.5459464,0.46074286,0.5761833,0.812593,0.0877811
1356336944220,-0.45960307,0.22628504,0.85881317,0.6751049,-0.53929245,0.50338554,0.5770601,0.8111465,0.09509429
1356336944281,-0.4896506,0.24336322,0.83726734,0.6569013,-0.5284679,0.5377754,0.5733437,0.8133241,0.09889901
1356336944300,-0.51065683,0.25411677,0.8213734,0.6475451,-0.51478946,0.56185156,0.56561023,0.81878966,0.09832868
1356336944340,-0.5208014,0.25772452,0.8138452,0.64789426,-0.5014438,0.57339966,0.5558768,0.82591295,0.094174355
1356336944380,-0.51808596,0.25362742,0.8168599,0.6584082,-0.49135292,0.5701499,0.54597217,0.8332139,0.087572694
1356336944420,-0.50015455,0.24077302,0.8317896,0.67946935,-0.48635387,0.5493463,0.5368118,0.8399335,0.07965416
1356336944460,-0.46495324,0.21737452,0.85823464,0.7103529,-0.4869815,0.50818074,0.52840996,0.84592974,0.07201105
1356336944500,-0.4130404,0.18049657,0.89264697,0.74767756,-0.49242318,0.4455308,0.5199768,0.85143435,0.06843743
1356336944540,-0.3533057,0.12736392,0.9267974,0.78406096,-0.5001045,0.3676192,0.51031697,0.8565477,0.07682875
1356336944580,-0.3080299,0.059013754,0.94954467,0.8100281,-0.5071945,0.29429293,0.4989711,0.8598088,0.10842812
1356336944620,-0.30535203,-0.016755432,0.9520922,0.8185183,-0.5155543,0.2534396,0.48660865,0.8566931,0.17114013
1356336944678,-0.3547176,-0.087346435,0.9308845,0.80638796,-0.5324729,0.25731486,0.4731953,0.8419282,0.2593127
1356336944698,-0.42943716,-0.14294395,0.8917122,0.7787093,-0.5586818,0.28545818,0.45737886,0.81697094,0.3512306
1356336944739,-0.487235,-0.18397403,0.8536719,0.75418216,-0.58146256,0.3051405,0.44024026,0.7924992,0.4220587
1356336944779,-0.50155044,-0.2188485,0.8369902,0.7526103,-0.58749086,0.29737568,0.4266438,0.77907634,0.45936388
1356336944805,-0.48416895,-0.24942124,0.8386713,0.7682792,-0.5798849,0.27107325,0.41872135,0.775579,0.47238725
1356336944846,-0.39878494,-0.28832284,0.87054026,0.8156755,-0.5453557,0.19303027,0.4190991,0.78705597,0.45265752
1356336944888,-0.26665097,-0.32094663,0.9087851,0.8650202,-0.49550772,0.078816175,0.42501426,0.807134,0.40975302
1356336944928,-0.11919981,-0.33564115,0.9344177,0.8929876,-0.44763368,-0.046874464,0.43400982,0.82883596,0.35308123
1356336944969,0.0061591864,-0.32759237,0.9447991,0.8955617,-0.4185452,-0.15096134,0.44489485,0.8470557,0.2908012
1356336945010,0.08358681,-0.29931936,0.95048475,0.8856108,-0.4149655,-0.20855948,0.45684424,0.8591924,0.23039483
1356336945049,0.10604143,-0.25511137,0.96107924,0.87658584,-0.4322945,-0.2114681,0.46941718,0.86489284,0.17778587
1356336945089,0.07518083,-0.1967983,0.9775573,0.8724141,-0.46181458,-0.16006547,0.48295078,0.8648687,0.13696994
1356336945129,-0.0020635724,-0.12544698,0.99209815,0.8670049,-0.4945845,-0.060734868,0.49829537,0.8600286,0.109783754
1356336945169,-0.10998428,-0.045223027,0.99290395,0.84962,-0.522688,0.07030621,0.5157995,0.8513237,0.09590992
1356336945209,-0.22541344,0.03578326,0.97360575,0.8149843,-0.5406508,0.20855945,0.53384376,0.84048563,0.09270722
1356336945278,-0.32847613,0.10891113,0.93821204,0.7689115,-0.5460401,0.3325889,0.548524,0.8306495,0.09561813
1356336945291,-0.41178155,0.1686145,0.8955474,0.7222438,-0.5388814,0.43355593,0.5556977,0.82533383,0.100120634
1356336945329,-0.47598612,0.21296804,0.8532771,0.6828573,-0.52191603,0.51118445,0.55420494,0.82598317,0.10299805
1356336945370,-0.5230955,0.24132474,0.8173944,0.6552398,-0.4994284,0.5667734,0.5450064,0.83206594,0.10312316
1356336945410,-0.5536947,0.25497884,0.79272187,0.6413485,-0.47660565,0.6012646,0.53112555,0.841328,0.10036376
1356336945450,-0.5661762,0.25596607,0.7835343,0.6427693,-0.45799166,0.6140777,0.5160352,0.85130787,0.09477681
1356336945490,-0.55754465,0.24562259,0.7929776,0.66087383,-0.44675064,0.60304195,0.50238395,0.86028093,0.08675796
1356336945529,-0.52555346,0.22315656,0.8209717,0.69488907,-0.44414282,0.56556726,0.49083874,0.8677201,0.078351736
1356336945569,-0.47280127,0.18540192,0.8614436,0.73873323,-0.44952118,0.50219905,0.4803458,0.8738173,0.075571686
1356336945609,-0.41104805,0.12806186,0.90257394,0.7812251,-0.46077257,0.4211604,0.46981585,0.8782305,0.089354455
1356336945648,-0.36791146,0.053194165,0.9283381,0.80856705,-0.47472227,0.34764656,0.45919555,0.8785267,0.13164473
1356336945689,-0.37271774,-0.029330373,0.9274811,0.8125444,-0.49304104,0.31093743,0.4481663,0.8695115,0.20759737
1356336945730,-0.41854668,-0.10644433,0.9019359,0.7974757,-0.51827574,0.30890584,0.43457025,0.84856343,0.30180934
1356336945770,-0.46995616,-0.16862822,0.8664328,0.7776526,-0.54349303,0.31602493,0.41760945,0.8223016,0.3865521
1356336945810,-0.49299443,-0.21586922,0.8428267,0.7718816,-0.5555023,0.30921835,0.40144145,0.8030054,0.440485
1356336945850,-0.47204292,-0.25212094,0.8447547,0.7896422,-0.5469749,0.27799925,0.39197016,0.79828155,0.457281
1356336945890,-0.40849578,-0.2773498,0.8696024,0.82483304,-0.5201515,0.22156906,0.3908729,0.8077868,0.441247
1356336945930,-0.3181098,-0.28615892,0.90383595,0.8615593,-0.48510003,0.14964521,0.3956285,0.82631177,0.40085787
1356336945970,-0.22582549,-0.27385804,0.93488216,0.88678145,-0.45505238,0.0809066,0.40326348,0.84730697,0.34561473
1356336946010,-0.15434033,-0.24113268,0.9581411,0.8976727,-0.4393471,0.034030616,0.4127505,0.8653493,0.28426707
1356336946050,-0.118103445,-0.19236407,0.9741907,0.8977699,-0.4399162,0.021972775,0.42433545,0.8771943,0.2246543
1356336946090,-0.120908916,-0.13284248,0.98373467,0.89072245,-0.45195866,0.048444927,0.4381718,0.882092,0.17297156
1356336946130,-0.15566933,-0.06769773,0.9854868,0.877023,-0.46853006,0.1063506,0.45453042,0.88085,0.13230813
1356336946170,-0.21226531,-5.020201E-4,0.97721195,0.8551661,-0.4840231,0.1855064,0.4729,0.87505513,0.10317057
1356336946210,-0.2777604,0.06383729,0.95852697,0.8245514,-0.49612737,0.2719789,0.49291384,0.86589974,0.08516741
1356336946279,-0.34412003,0.12250438,0.9308996,0.7860826,-0.50460976,0.35699195,0.5134741,0.85461205,0.077347696
1356336946290,-0.40476334,0.1727528,0.89795494,0.7428466,-0.5105242,0.4330635,0.5332407,0.84233105,0.078312576
1356336946327,-0.45700097,0.21484749,0.8631284,0.70051366,-0.5110457,0.49810937,0.5481156,0.8322698,0.08304474
1356336946368,-0.49942482,0.2466244,0.83051264,0.6652998,-0.5048584,0.5499948,0.5549334,0.8272209,0.088059634
1356336946409,-0.53467596,0.2686855,0.80120516,0.63946676,-0.49118006,0.5914595,0.55245256,0.82858324,0.09080675
1356336946449,-0.56332207,0.2812374,0.7769001,0.6235168,-0.47225237,0.62306064,0.5421209,0.8353941,0.09067392
1356336946489,-0.5846943,0.28502327,0.75953543,0.61713713,-0.4514296,0.64447886,0.5265683,0.8455607,0.08804995
1356336946529,-0.59710944,0.2813812,0.751189,0.6202338,-0.43191028,0.65480036,0.50869477,0.8569003,0.08337557
1356336946569,-0.5985688,0.271586,0.7536288,0.6330613,-0.4161002,0.6527587,0.4908653,0.8678143,0.07713407
1356336946609,-0.5882942,0.25555903,0.76720226,0.6551345,-0.40553707,0.63744676,0.47403428,0.877627,0.07114971
1356336946649,-0.5693388,0.23087674,0.7890179,0.6827865,-0.40175402,0.61024284,0.45788202,0.88616574,0.07109463
1356336946689,-0.5508888,0.19343662,0.81185216,0.7076375,-0.40745997,0.5772569,0.44245988,0.89250135,0.08758211
1356336946728,-0.55034125,0.14109749,0.82293135,0.7163787,-0.42646503,0.5522039,0.4288661,0.89343107,0.13362205
1356336946769,-0.5797124,0.07841858,0.8110388,0.6996206,-0.4623316,0.54477555,0.41768938,0.88323265,0.21315613
1356336946809,-0.63053524,0.018045515,0.77595085,0.66113484,-0.51123583,0.5491254,0.40660316,0.85925096,0.3104217
1356336946849,-0.6803669,-0.028628618,0.7323123,0.61858904,-0.55826974,0.55288565,0.3929994,0.82916546,0.39753756
1356336946888,-0.7117841,-0.059186548,0.6999002,0.59141207,-0.5880755,0.55172366,0.37893957,0.8066376,0.45358646
1356336946928,-0.7180399,-0.07735926,0.6916895,0.5898692,-0.5951282,0.54578096,0.36942267,0.7998988,0.47295758
1356336946970,-0.6984191,-0.086750805,0.71041185,0.6142697,-0.58203954,0.5328251,0.3672648,0.8085197,0.45979604
1356336947010,-0.65687007,-0.08790186,0.7488624,0.6562201,-0.55578566,0.5103699,0.37134457,0.8266653,0.42276198
1356336947050,-0.6002692,-0.07925472,0.7958615,0.70421505,-0.5241031,0.47895396,0.3791542,0.84795904,0.37041542
1356336947090,-0.53717124,-0.059049934,0.8414038,0.7483249,-0.4936276,0.44310468,0.38917476,0.8676664,0.309351
1356336947130,-0.4830659,-0.026365697,0.8751869,0.77861434,-0.4701463,0.4155984,0.4005084,0.8821945,0.24764043
1356336947170,-0.44850624,0.016353697,0.89363,0.7923312,-0.4553858,0.40599877,0.41358602,0.89014393,0.19128588
1356336947210,-0.4418422,0.06632796,0.89463747,0.7879592,-0.4480201,0.42237216,0.42883065,0.89155966,0.14569044
1356336947279,-0.46093357,0.118772864,0.8794505,0.76688194,-0.44538623,0.46208563,0.44657844,0.88742554,0.11420879
1356336947292,-0.49726534,0.1691027,0.8509591,0.7309942,-0.4466287,0.51591694,0.46730572,0.8785938,0.0984799
1356336947330,-0.5403006,0.21516597,0.81349796,0.68550384,-0.44812673,0.57381797,0.4880162,0.8676901,0.09462598
1356336947370,-0.5792446,0.25275037,0.7749793,0.6393801,-0.4488505,0.6242807,0.505637,0.85711753,0.0983907
1356336947410,-0.61281365,0.28180668,0.7382713,0.5985769,-0.4444033,0.6664919,0.515912,0.85034746,0.10365337
1356336947450,-0.64022326,0.30119777,0.7066783,0.5678833,-0.43393898,0.69943225,0.51732266,0.84910357,0.10677266
1356336947490,-0.66087,0.31119707,0.6829401,0.549284,-0.41951948,0.7226967,0.51140773,0.85273665,0.106312275
1356336947530,-0.67321044,0.3129512,0.6699623,0.5436996,-0.40458494,0.7353244,0.5011772,0.8592862,0.102219224
1356336947570,-0.6757694,0.30791694,0.6697184,0.55176866,-0.39113843,0.736588,0.4887606,0.86729336,0.09442049
1356336947610,-0.66556185,0.29641914,0.6849547,0.57502806,-0.38139176,0.72379756,0.47578356,0.87560034,0.083390534
1356336947650,-0.63988763,0.27707648,0.7167792,0.6139137,-0.37671888,0.6936806,0.4622268,0.8839182,0.07095677
1356336947690,-0.59688103,0.24498932,0.76401126,0.66639966,-0.37892282,0.6421284,0.44681585,0.8924112,0.06291103
1356336947730,-0.5394719,0.19274643,0.8196457,0.7244886,-0.38977414,0.5685003,0.429053,0.90051377,0.07062948
1356336947770,-0.48603594,0.115736365,0.86624134,0.771589,-0.40862203,0.48752275,0.41038942,0.9053359,0.1093041
1356336947810,-0.46865737,0.020161241,0.88314986,0.7911819,-0.43510348,0.42978603,0.39292657,0.90015465,0.18796328
1356336947850,-0.49980593,-0.075243354,0.86286294,0.78017443,-0.4718032,0.4107671,0.376194,0.87848747,0.29451296
1356336947890,-0.5482713,-0.15499929,0.8218113,0.75558734,-0.51299685,0.40733528,0.35844994,0.8442805,0.39837688
1356336947930,-0.5671421,-0.22212201,0.79310244,0.7493067,-0.5388784,0.38490194,0.34189063,0.8125711,0.47205824
1356336947970,-0.5205618,-0.29136863,0.8025707,0.7864332,-0.5296397,0.31781214,0.33247283,0.7966091,0.5048522
1356336948010,-0.38998657,-0.3667168,0.8446475,0.85827047,-0.47706848,0.18914977,0.33359027,0.79870176,0.5007924
1356336948050,-0.1869843,-0.42938134,0.8835546,0.92023885,-0.39133054,0.0045726597,0.34379843,0.81393623,0.468306
1356336948090,0.030421317,-0.45652685,0.88918936,0.9326141,-0.30707604,-0.18956569,0.35959062,0.83503747,0.41642177
1356336948130,0.20284396,-0.4494961,0.8699469,0.9031897,-0.25732875,-0.3435553,0.37828904,0.8554152,0.35378262
1356336948170,0.31362057,-0.4243026,0.849476,0.8618338,-0.24834663,-0.44222903,0.39860344,0.8707992,0.2877917
1356336948210,0.36716866,-0.39242047,0.8433228,0.8303407,-0.2703166,-0.487302,0.41919142,0.87916726,0.2265909
1356336948277,0.3741659,-0.35738242,0.85573226,0.8165076,-0.3105368,-0.4867056,0.43967634,0.88082045,0.17561314
1356336948291,0.33964664,-0.31725743,0.88543093,0.8200239,-0.3611799,-0.44397068,0.46065283,0.87686765,0.13748515
1356336948330,0.26345515,-0.2662,0.92721575,0.8360875,-0.41644037,-0.3571208,0.4811955,0.8693188,0.11285306
1356336948370,0.1517294,-0.20202684,0.96755534,0.8524492,-0.46873683,-0.23155162,0.50030845,0.8599249,0.101096496
1356336948410,0.017042816,-0.12439585,0.99208623,0.85679096,-0.5096351,-0.07862079,0.5153821,0.8513505,0.09789568
1356336948450,-0.11468357,-0.043343276,0.9924561,0.8444916,-0.53037286,0.07442266,0.52314603,0.84665585,0.09742801
1356336948490,-0.22459179,0.028214961,0.97404444,0.82363117,-0.52869153,0.20522454,0.52075934,0.84834504,0.095501006
1356336948530,-0.30655414,0.08169013,0.94834125,0.80442476,-0.5103789,0.3039968,0.508847,0.85606074,0.09074533
1356336948570,-0.35844356,0.11377323,0.92659265,0.7945429,-0.48391557,0.36677974,0.49012226,0.8676874,0.083058655
1356336948610,-0.37704933,0.12487182,0.9177369,0.79856133,-0.45811802,0.3904202,0.4691842,0.88007677,0.07301524
1356336948650,-0.35832548,0.11713657,0.9262191,0.81821036,-0.4383642,0.3719791,0.4495937,0.89113164,0.061234772
1356336948690,-0.2975899,0.091304004,0.95031774,0.85094374,-0.4259166,0.30739203,0.4328222,0.90014374,0.049053878
1356336948730,-0.19597977,0.04677716,0.97949165,0.8868693,-0.41772884,0.1973969,0.41839558,0.9073669,0.040381163
1356336948770,-0.073447526,-0.015899599,0.99717224,0.9110206,-0.4078837,0.060598433,0.40576693,0.9128953,0.04444301
1356336948811,0.03291577,-0.09538382,0.9948962,0.9175778,-0.39171267,-0.0679124,0.3961912,0.9151301,0.07462862
1356336948850,0.08402741,-0.18908018,0.97835994,0.9162559,-0.37126964,-0.150446,0.3916817,0.9090696,0.142049
1356336948890,0.07459271,-0.29315865,0.95314944,0.9173012,-0.35473442,-0.18089238,0.39114508,0.88781846,0.24245417
1356336948930,0.03574735,-0.39364102,0.91856897,0.9204304,-0.34505898,-0.1836904,0.38926855,0.8520452,0.34998426
1356336948970,0.0055143237,-0.4727711,0.88116795,0.92384607,-0.33484626,-0.18543568,0.38272446,0.8150861,0.43492132
1356336949010,0.0040282607,-0.52079785,0.8536706,0.92711616,-0.31797522,-0.19836164,0.37475243,0.7922508,0.4815592
1356336949050,0.028921366,-0.5374251,0.8428154,0.92821985,-0.29842782,-0.22214586,0.37090635,0.7887427,0.4902177
1356336949090,0.0680365,-0.526779,0.8472751,0.92519706,-0.28447783,-0.251163,0.37333828,0.8009846,0.46801943
1356336949130,0.10839534,-0.4953881,0.86188227,0.9184143,-0.28192526,-0.27754867,0.3804807,0.82165,0.4244122
1356336949170,0.1435647,-0.44950143,0.8816676,0.90927184,-0.29176676,-0.2968113,0.3906584,0.84428704,0.36683154
1356336949210,0.16736978,-0.39613485,0.90280926,0.89990807,-0.31263822,-0.30401137,0.40268216,0.8633276,0.3041587
1356336949278,0.1789614,-0.3410542,0.92285144,0.89150035,-0.34055978,-0.29874092,0.41617295,0.8761855,0.24310288
1356336949291,0.17711747,-0.2883633,0.94099736,0.88491416,-0.3718142,-0.28050166,0.43076253,0.88238364,0.18932194
1356336949330,0.16086239,-0.24051768,0.95722234,0.8807369,-0.40274048,-0.24920401,0.4454501,0.88314855,0.14704698
1356336949370,0.13227874,-0.19970772,0.97088575,0.87770534,-0.4315369,-0.20834896,0.4605819,0.87971175,0.11820133
1356336949410,0.09099078,-0.16539961,0.9820202,0.8747956,-0.45794094,-0.15818575,0.47587115,0.8734604,0.103022456
1356336949450,0.040813744,-0.1366711,0.9897754,0.870466,-0.48146474,-0.10237607,0.49053374,0.8657441,0.0993171
1356336949490,-0.01151824,-0.11102614,0.99375075,0.8647158,-0.5001638,-0.045857877,0.5021295,0.8587837,0.10176696
1356336949530,-0.05868441,-0.08687922,0.9944889,0.8597331,-0.51070684,0.0061168373,0.5073609,0.85535395,0.104663506
1356336949570,-0.09625238,-0.064599514,0.9932585,0.8581102,-0.51103324,0.049919188,0.5043633,0.85713005,0.10462166
1356336949610,-0.12238002,-0.046049982,0.9914144,0.8608569,-0.5020415,0.08294478,0.4939116,0.8636167,0.101082265
1356336949650,-0.13605374,-0.032912165,0.9901546,0.86726844,-0.48707402,0.10297826,0.47888932,0.8727404,0.09481186
1356336949690,-0.13599926,-0.025718898,0.99037504,0.8759645,-0.47011167,0.10808,0.46280715,0.8822322,0.08646369
1356336949730,-0.121409595,-0.024065971,0.99231076,0.8858903,-0.4535569,0.0973891,0.44772556,0.8909024,0.076385915
1356336949770,-0.094065666,-0.028355181,0.995162,0.89627284,-0.43757826,0.072250485,0.43341264,0.8987331,0.06657511
1356336949845,-0.06174034,-0.040904373,0.99725366,0.906394,-0.42064178,0.03886172,0.417897,0.9063041,0.06304607
1356336949849,-0.030178845,-0.06267378,0.99757767,0.9153459,-0.40266126,0.0023936033,0.40153587,0.9132009,0.06952
1356336949865,-0.014570951,-0.094736755,0.99539566,0.92318267,-0.38367254,-0.023002118,0.38408515,0.91859686,0.093049824
1356336949907,-0.036799014,-0.15226993,0.9876536,0.930452,-0.3657691,-0.021724135,0.3645611,0.91816485,0.15513983
1356336949949,-0.08960456,-0.22705111,0.96975195,0.93446374,-0.35604584,0.002981782,0.3445991,0.90646523,0.24407429
1356336949989,-0.15742028,-0.2991191,0.9411411,0.9324589,-0.3588357,0.04192072,0.3251758,0.8841745,0.3354043
1356336950029,-0.2169525,-0.34869853,0.91177905,0.9260613,-0.3689587,0.07924718,0.30877542,0.86155605,0.40296265
1356336950069,-0.25243652,-0.3687394,0.89459884,0.9198791,-0.37825572,0.103659034,0.30016398,0.84909004,0.43468118
1356336950109,-0.25959766,-0.36264536,0.89504045,0.9171486,-0.38280225,0.110909164,0.3024028,0.84967685,0.43197426
1356336950149,-0.24151134,-0.33764878,0.90976125,0.9181217,-0.38306415,0.101560354,0.3142051,0.8597995,0.40251696
1356336950189,-0.20501566,-0.30098498,0.93133056,0.92068505,-0.38219577,0.07915521,0.332126,0.8736902,0.35546842
1356336950229,-0.1587978,-0.25872508,0.95280886,0.92187464,-0.3843422,0.04927814,0.3534551,0.88619554,0.29954475
1356336950278,-0.11304027,-0.21581897,0.9698682,0.91949606,-0.39260012,0.019806266,0.37649575,0.8940288,0.24282421
1356336950310,-0.07727921,-0.1755375,0.9814349,0.9132216,-0.40746206,-9.698272E-4,0.40006775,0.8961926,0.19179301
1356336950350,-0.05842358,-0.13897213,0.9885714,0.90424895,-0.42695493,-0.0065805614,0.42298993,0.89353025,0.1506096
1356336950390,-0.05954379,-0.105573,0.99262726,0.8938713,-0.44828415,0.0059416294,0.44435182,0.8876348,0.12106128
1356336950430,-0.08140653,-0.07416034,0.99391806,0.88237494,-0.4690684,0.0372715,0.4634516,0.8800426,0.103622526
1356336950470,-0.121332884,-0.044029236,0.99163496,0.8688615,-0.48776388,0.084653705,0.4799564,0.8718647,0.097437024
1356336950510,-0.17282021,-0.014129221,0.984852,0.8528758,-0.502304,0.14245492,0.4926824,0.86457556,0.0988588
1356336950549,-0.22668308,0.015759587,0.9738411,0.8361685,-0.50956917,0.20288303,0.4994367,0.8602854,0.10233301
1356336950589,-0.27548933,0.044282466,0.9602837,0.8218386,-0.50735915,0.25916803,0.4986853,0.8605962,0.10337901
1356336950629,-0.31481487,0.06858581,0.9466718,0.8123677,-0.49634087,0.30611178,0.49086684,0.86541414,0.10053864
1356336950669,-0.34161454,0.086021096,0.93589526,0.8090291,-0.4798655,0.3394127,0.4783005,0.8731148,0.09433547
1356336950709,-0.35223657,0.09521842,0.93105465,0.81271136,-0.46223533,0.35473746,0.46414393,0.88163024,0.08543116
1356336950749,-0.34262383,0.09576878,0.9345786,0.8244525,-0.44630116,0.34798446,0.45042962,0.88974357,0.0739567
1356336950789,-0.3098964,0.0866186,0.94681644,0.8444366,-0.4325472,0.31595835,0.43691075,0.8974408,0.060900986
1356336950829,-0.25569904,0.06521872,0.96455395,0.8699335,-0.4196884,0.258993,0.4217033,0.9053221,0.050578028
1356336950869,-0.1907391,0.027669668,0.9812507,0.8949643,-0.40578616,0.18540895,0.4033082,0.91354907,0.052635968
1356336950909,-0.13724929,-0.029293299,0.9901033,0.91372234,-0.38968724,0.115131944,0.38245803,0.9204812,0.08025026
1356336950948,-0.12000036,-0.10464808,0.98724294,0.9245316,-0.37410235,0.07272282,0.36171964,0.9214641,0.14164293
1356336950989,-0.14906526,-0.19054347,0.9702953,0.9276622,-0.3667047,0.070503235,0.3423778,0.91061574,0.23142278
1356336951029,-0.1979993,-0.2705398,0.9421276,0.92515993,-0.3691321,0.08843401,0.32384464,0.88912857,0.32338047
1356336951069,-0.22932953,-0.3305142,0.91551536,0.9233352,-0.3714965,0.09717271,0.30799383,0.8676121,0.3903705
1356336951109,-0.21935076,-0.36647204,0.9042033,0.92841256,-0.36327398,0.07798934,0.29989263,0.8565806,0.41992158
1356336951149,-0.16646367,-0.38027623,0.90976906,0.9385128,-0.34411645,0.02788508,0.30246255,0.85847175,0.414177
1356336951189,-0.084599435,-0.3750957,0.92311764,0.9457121,-0.3219905,-0.044166148,0.31380168,0.8692671,0.38197285
1356336951229,0.0064154267,-0.3554546,0.9346715,0.9439267,-0.30638844,-0.12299812,0.33009282,0.88305044,0.3335575
1356336951278,0.08971572,-0.32719326,0.94068885,0.93290246,-0.30314398,-0.19441354,0.348775,0.895013,0.27804267
1356336951310,0.15448946,-0.29607198,0.94258916,0.9167721,-0.3127073,-0.248481,0.36832285,0.9025272,0.22312064
1356336951350,0.19566119,-0.2661857,0.9438548,0.9009153,-0.33140212,-0.2802218,0.38738653,0.90516174,0.1749682
1356336951390,0.21243435,-0.23928604,0.9474248,0.8893244,-0.35443544,-0.28892475,0.4049366,0.9039456,0.13750869
1356336951430,0.20684701,-0.2155962,0.9543231,0.8832265,-0.37844288,-0.2769331,0.4208625,0.9001663,0.11214051
1356336951488,0.18131775,-0.19450012,0.96399873,0.88179445,-0.40182614,-0.24693003,0.4353878,0.8948215,0.09865089
1356336951509,0.13990498,-0.1753546,0.9745139,0.8827343,-0.4237671,-0.20298171,0.44856068,0.88863504,0.09550442
1356336951549,0.090215266,-0.15681046,0.9834997,0.8838168,-0.44257683,-0.15163648,0.45905238,0.8829135,0.09866454
1356336951588,0.043072343,-0.13816416,0.98947227,0.88460493,-0.45503914,-0.1020464,0.4643478,0.8796874,0.10262109
1356336951615,0.0062353015,-0.12104455,0.9926275,0.8853667,-0.4607743,-0.061749995,0.4648517,0.8792243,0.10429567
1356336951656,-0.014971793,-0.106223226,0.99422956,0.8891308,-0.45628518,-0.035360217,0.45740828,0.8834707,0.101277694
1356336951699,-0.017043531,-0.09717396,0.9951215,0.89559555,-0.44398618,-0.028016478,0.44454265,0.89074886,0.09459561
1356336951738,0.0012619495,-0.09567705,0.99541163,0.90295696,-0.42764902,-0.04224953,0.4297291,0.89886725,0.08585259
1356336951779,0.040903807,-0.101585805,0.9939854,0.90889925,-0.40941697,-0.079245,0.4150047,0.90667415,0.075584605
1356336951819,0.10175955,-0.11458558,0.9881878,0.9104969,-0.3894819,-0.13892174,0.40079972,0.91387856,0.06469633
1356336951859,0.17603248,-0.13362083,0.97527325,0.905573,-0.36645228,-0.21365902,0.3859404,0.9207921,0.05649592
1356336951899,0.24888337,-0.1600995,0.9552095,0.89531255,-0.3381462,-0.2899526,0.36942175,0.92737544,0.05918017
1356336951939,0.30156368,-0.19972396,0.9322927,0.8860744,-0.30232972,-0.35138142,0.35203907,0.9320446,0.08579861
1356336951978,0.3214522,-0.259296,0.91073275,0.8851418,-0.2594381,-0.3862846,0.33644083,0.93029964,0.14611682
1356336952019,0.30454838,-0.34141427,0.8892056,0.8955578,-0.21529728,-0.38938826,0.32438633,0.91492254,0.24018782
1356336952059,0.26590943,-0.42945233,0.8630544,0.9112768,-0.18003744,-0.37035275,0.31443095,0.8849617,0.34347624
1356336952098,0.22705996,-0.4991905,0.83621323,0.9246686,-0.1589914,-0.34599096,0.30566606,0.85178083,0.4254852
1356336952139,0.20135337,-0.53657496,0.819478,0.9320532,-0.15231878,-0.3287489,0.30122036,0.8299917,0.46944654
1356336952179,0.18751109,-0.54176116,0.81935,0.9339942,-0.15993059,-0.3194953,0.3041292,0.8251771,0.47601295
1356336952219,0.18124557,-0.5201327,0.8346329,0.9320448,-0.17991537,-0.3145201,0.3137555,0.8349205,0.45217815
1356336952280,0.17611039,-0.4786722,0.86015,0.9286179,-0.20911074,-0.30649862,0.326579,0.85272825,0.40767708
1356336952300,0.16849077,-0.42407805,0.8898138,0.9251427,-0.24350446,-0.29123268,0.34017906,0.87227476,0.35130447
1356336952340,0.15619916,-0.36304837,0.9185846,0.9220993,-0.2797382,-0.26735657,0.35402653,0.8887871,0.2910717
1356336952380,0.13823473,-0.30165464,0.9433428,0.919349,-0.31517553,-0.23550314,0.36835924,0.899816,0.23375775
1356336952420,0.11386818,-0.24461144,0.96291184,0.9166382,-0.3479249,-0.19678056,0.3831558,0.90504885,0.18460265
1356336952460,0.08275741,-0.19480625,0.9773442,0.9134644,-0.377245,-0.15254164,0.3984143,0.9053931,0.14672878
1356336952500,0.04389465,-0.15366179,0.98714805,0.9092185,-0.40332264,-0.10321155,0.4139988,0.9020637,0.1220084
1356336952540,-0.003213942,-0.12080935,0.99267066,0.90313184,-0.42655975,-0.04898891,0.4293516,0.8963549,0.11047758
1356336952581,-0.056853354,-0.09322718,0.9940202,0.89483786,-0.4462937,0.009323567,0.44275582,0.89001715,0.10879657
1356336952620,-0.11306071,-0.06666893,0.99134886,0.8852602,-0.45979202,0.070040226,0.45114473,0.8855205,0.11100376
1356336952660,-0.16776496,-0.038866907,0.9850606,0.8761716,-0.4638793,0.13091719,0.45186082,0.8850454,0.111876726
1356336952700,-0.21812254,-0.010667026,0.9758631,0.86872643,-0.45774263,0.18917215,0.4446762,0.8890208,0.10911068
1356336952740,-0.26169735,0.0155949,0.965024,0.8631507,-0.4435925,0.24123964,0.4318395,0.8960929,0.102626204
1356336952780,-0.29553616,0.038124323,0.95457053,0.85958135,-0.42539918,0.28311732,0.41686723,0.90420246,0.0929499
1356336952820,-0.31627995,0.056177437,0.947001,0.8588634,-0.40698963,0.31098697,0.4028901,0.91170347,0.08047402
1356336952860,-0.32139653,0.06915796,0.9444159,0.8626045,-0.39006764,0.3221191,0.39066324,0.91818535,0.065710425
1356336952900,-0.31104976,0.0744268,0.94747496,0.87172174,-0.37481117,0.31562296,0.37861493,0.924109,0.05170539
1356336952941,-0.29071814,0.065992296,0.95453024,0.884544,-0.36180246,0.2944162,0.36478055,0.92991614,0.046809405
1356336952980,-0.27317613,0.035046965,0.9613254,0.89647317,-0.35314906,0.26762205,0.34887055,0.93491036,0.065053284
1356336953020,-0.276366,-0.024898171,0.9607299,0.9016801,-0.35263675,0.25024065,0.3325581,0.935429,0.11990693
1356336953060,-0.3125717,-0.10861701,0.94366384,0.8954118,-0.36530262,0.25454226,0.31707528,0.9245304,0.21144024
1356336953100,-0.37421417,-0.19453636,0.90670794,0.8770398,-0.39189196,0.27788818,0.3012722,0.89920866,0.3172677
1356336953141,-0.43750536,-0.25834593,0.8613051,0.852795,-0.42298335,0.30630994,0.2851838,0.86852896,0.40537354
1356336953180,-0.48158002,-0.29043004,0.82688034,0.83268225,-0.44590664,0.3283407,0.2733514,0.8466509,0.4565756
1356336953220,-0.4983914,-0.29520157,0.8151454,0.82376933,-0.45429808,0.33914202,0.27020374,0.8405172,0.46959633
1356336953281,-0.4882031,-0.28061968,0.82638395,0.8280378,-0.4480698,0.33702666,0.2757013,0.84881455,0.4511127
1356336953300,-0.45668077,-0.2534335,0.85276854,0.84213984,-0.43215448,0.32255718,0.28678092,0.865456,0.410783
1356336953340,-0.41066456,-0.21807384,0.8853239,0.86055255,-0.41359925,0.29729602,0.30133677,0.8839567,0.3575146
1356336953380,-0.3589452,-0.1777918,0.9162687,0.87734413,-0.3992356,0.26622942,0.3184737,0.8994448,0.29928833
1356336953420,-0.3106084,-0.13495731,0.9409087,0.8885051,-0.39295703,0.2369461,0.33775905,0.90959954,0.24196598
1356336953460,-0.27621394,-0.09147972,0.95673263,0.89190435,-0.39526838,0.21970338,0.35806772,0.91399914,0.19076976
1356336953500,-0.26171124,-0.04880786,0.9639113,0.8877943,-0.40393144,0.22059163,0.37858748,0.91348624,0.14904478
1356336953541,-0.2695719,-0.0080040395,0.962947,0.87654984,-0.4160912,0.24192691,0.3987374,0.9092877,0.11918244
1356336953580,-0.2978781,0.029851079,0.9541371,0.8581915,-0.42935497,0.281357,0.4180623,0.9026424,0.10227749
1356336953620,-0.33957165,0.06399575,0.93840057,0.8337618,-0.44130313,0.33180225,0.4353531,0.8950732,0.09649688
1356336953660,-0.38487798,0.09381363,0.91818726,0.80702496,-0.44852114,0.3841085,0.44786108,0.88883495,0.09691605
1356336953700,-0.42602968,0.11827141,0.8969451,0.78340966,-0.44765568,0.4311308,0.45251298,0.88635004,0.098059624
1356336953740,-0.45887178,0.13580555,0.87806237,0.7671948,-0.43791264,0.46866262,0.4481616,0.88870096,0.09675646
1356336953780,-0.48106772,0.14517447,0.8645798,0.7603942,-0.4217264,0.49391046,0.43631935,0.89502585,0.09248909
1356336953820,-0.48986977,0.14638269,0.8594183,0.7637083,-0.40337646,0.50402105,0.42044902,0.9032495,0.08580822
1356336953860,-0.48155332,0.14058965,0.8650671,0.7776784,-0.3866021,0.4957371,0.40413225,0.9114678,0.07683593
1356336953900,-0.45235467,0.12864181,0.8825115,0.8025427,-0.3728711,0.46571714,0.38897368,0.9189225,0.06542939
1356336953940,-0.40103215,0.109295845,0.90952057,0.83633304,-0.3614437,0.412196,0.37379175,0.9259659,0.053542852
1356336953980,-0.3327738,0.0784359,0.939739,0.8730998,-0.35091054,0.33846498,0.35631213,0.9331182,0.048291445
1356336954020,-0.26473135,0.029765785,0.96386266,0.9040996,-0.34002542,0.25881764,0.33544174,0.939945,0.06310421
1356336954060,-0.22094536,-0.041959673,0.9743831,0.92371464,-0.3295803,0.1952635,0.3129444,0.9431946,0.11157811
1356336954100,-0.2229079,-0.13474843,0.96548164,0.93033636,-0.32523388,0.1694021,0.29118073,0.9359838,0.19785863
1356336954140,-0.26458997,-0.23414788,0.9355036,0.9256327,-0.3338142,0.17824757,0.2705481,0.91309524,0.30505884
1356336954180,-0.3127718,-0.317978,0.89502174,0.91598046,-0.3502882,0.19564766,0.25130385,0.8810155,0.40082183
1356336954220,-0.3368702,-0.37325776,0.86440563,0.9111818,-0.36052573,0.19942138,0.23720482,0.85480976,0.46155608
1356336954281,-0.32705498,-0.3997696,0.85628223,0.91592187,-0.35716486,0.1830858,0.23264182,0.84416676,0.48297027
1356336954300,-0.28838795,-0.4015983,0.8692244,0.92744124,-0.3428793,0.14928615,0.23808599,0.849207,0.4713412
1356336954340,-0.2318899,-0.3829793,0.8941777,0.939865,-0.32517856,0.10446307,0.2507603,0.86463034,0.4353546
1356336954380,-0.17075044,-0.34931216,0.9213171,0.94827306,-0.31222957,0.057366163,0.26762375,0.8834555,0.38455665
1356336954420,-0.114595056,-0.30642447,0.944972,0.9509468,-0.30898434,0.015125841,0.28734666,0.9003514,0.32680148
1356336954460,-0.06976676,-0.25967237,0.9631733,0.948475,-0.31641632,-0.016604006,0.30907544,0.91238743,0.26836818
1356336954500,-0.03872919,-0.21270218,0.97634923,0.94253933,-0.33225727,-0.034995735,0.33184278,0.9188922,0.21334825
1356336954540,-0.023678303,-0.16827196,0.9854562,0.93496376,-0.3527273,-0.037764996,0.35395208,0.92047167,0.16568017
1356336954580,-0.025276124,-0.12886459,0.99134004,0.92694,-0.3743738,-0.025030851,0.3743573,0.91828007,0.12891239
1356336954620,-0.043748736,-0.09642708,0.99437815,0.91856337,-0.39526838,0.002083093,0.39284533,0.9134904,0.10586685
1356336954660,-0.07665455,-0.07072225,0.9945464,0.9093592,-0.41402137,0.040647626,0.4088887,0.90751576,0.096048474
1356336954700,-0.11699629,-0.050027966,0.99187154,0.8994398,-0.42880493,0.084465384,0.42109376,0.90201086,0.0951657
1356336954740,-0.15703565,-0.03166184,0.98708534,0.8904463,-0.43681931,0.12764987,0.4271362,0.89899194,0.0967893
1356336954780,-0.19093144,-0.014637768,0.98149425,0.88442504,-0.43633533,0.16554102,0.42583746,0.899665,0.09625614
1356336954820,-0.21549791,1.2531877E-4,0.9765042,0.8823739,-0.42834198,0.19477999,0.41830218,0.90361667,0.092196256
1356336954860,-0.22873175,0.0117738545,0.97341835,0.8843235,-0.41554612,0.21282256,0.40700594,0.90949595,0.08463666
1356336954900,-0.22857559,0.020424992,0.9733119,0.88997805,-0.40083545,0.21741676,0.39457858,0.9159224,0.07344335
1356336954940,-0.21392405,0.026427746,0.97649264,0.89885265,-0.38608795,0.20736429,0.38249227,0.92208326,0.058838874
1356336954980,-0.18698168,0.029082626,0.98193276,0.90988994,-0.3716777,0.1842714,0.37032163,0.9279061,0.043035
1356336955020,-0.15483588,0.024600804,0.9876338,0.9213634,-0.35717684,0.1533432,0.35653234,0.9337127,0.032637507
1356336955060,-0.12947834,0.005602598,0.9915664,0.93127376,-0.34273398,0.12354186,0.34053564,0.9394158,0.03915906
1356336955101,-0.12820894,-0.03728077,0.99104613,0.93760896,-0.33020568,0.10887435,0.32319015,0.94317245,0.07729012
1356336955140,-0.16183722,-0.10712728,0.9809854,0.93810606,-0.32517004,0.11925349,0.3062118,0.93956804,0.15312138
1356336955180,-0.22708392,-0.19311413,0.95453644,0.9298234,-0.3344444,0.15354255,0.28958812,0.9224174,0.25550902
1356336955220,-0.30269432,-0.2700775,0.9140209,0.9129559,-0.35751987,0.19670066,0.27365622,0.8940009,0.35478806
1356336955279,-0.36554265,-0.31646103,0.8753462,0.89297277,-0.38458622,0.23386526,0.2626368,0.86714804,0.4231738
1356336955300,-0.40565813,-0.32710117,0.8534907,0.87599915,-0.405666,0.26088426,0.2608966,0.8534869,0.45110205
