1356336096744,0.5068846,-0.11107451,0.85482776,-0.8481544,0.11284596,0.5175904,-0.15395498,-0.98738456,-0.037008464
1356336096767,0.40086102,-0.096625805,0.9110291,-0.903109,0.12544118,0.41068077,-0.153963,-0.98738444,-0.0369792
1356336096811,0.40099567,-0.09648198,0.910985,-0.9030373,0.12557612,0.41079697,-0.15403247,-0.9873812,-0.036771327
1356336096854,0.40124428,-0.09610334,0.9109156,-0.9028832,0.12601615,0.41100115,-0.15428868,-0.9873622,-0.03620684
1356336096893,0.40110993,-0.0956319,0.91102433,-0.90283585,0.12691778,0.4108275,-0.15491334,-0.9872924,-0.03543189
1356336096935,0.3993402,-0.095647395,0.91179985,-0.90342844,0.12820338,0.4091222,-0.15602726,-0.9871248,-0.0352138
1356336096973,0.39441583,-0.09701958,0.9137961,-0.90529776,0.12963912,0.4045118,-0.1577093,-0.9868034,-0.03669989
1356336097013,0.38522696,-0.100235045,0.91736203,-0.9088668,0.13101508,0.39597487,-0.15987879,-0.9863001,-0.040629745
1356336097054,0.37235028,-0.104592085,0.92217994,-0.9138024,0.13237596,0.38398156,-0.16223589,-0.9856658,-0.046286285
1356336097093,0.35736156,-0.10927442,0.9275515,-0.9193361,0.13393779,0.36997548,-0.16466308,-0.9849466,-0.052595705
1356336097132,0.34196872,-0.11281136,0.93291533,-0.92473066,0.13616212,0.3554337,-0.16712466,-0.98424256,-0.0577569
1356336097173,0.3278493,-0.11461675,0.9377514,-0.9293331,0.13934931,0.3419381,-0.1698668,-0.9835876,-0.060831577
1356336097214,0.31566116,-0.11504465,0.941872,-0.932913,0.1436579,0.33020568,-0.17329577,-0.98291767,-0.061979413
1356336097254,0.30492848,-0.115089625,0.9453956,-0.9356669,0.14892407,0.3199201,-0.17761159,-0.98212826,-0.062274337
1356336097291,0.29501763,-0.11573392,0.94845676,-0.93792254,0.15440306,0.31058177,-0.18238947,-0.98120606,-0.06299785
1356336097334,0.2855417,-0.117602944,0.95112324,-0.9398452,0.15980653,0.30191538,-0.18750188,-0.98011804,-0.06489715
1356336097373,0.27627933,-0.12080109,0.95345515,-0.94154215,0.1649865,0.29373085,-0.19279021,-0.97887003,-0.06815693
1356336097412,0.2676891,-0.124689996,0.9554031,-0.9430153,0.16950391,0.2863402,-0.19764832,-0.97760975,-0.07221022
1356336097452,0.25920355,-0.12935731,0.9571208,-0.9445163,0.17305501,0.27917892,-0.20174837,-0.9763804,-0.077323616
1356336097491,0.25041026,-0.13471344,0.9587215,-0.9462913,0.17513563,0.2717726,-0.20451769,-0.97528446,-0.083622396
1356336097532,0.24122132,-0.1402564,0.96028143,-0.9485072,0.17524828,0.26386002,-0.20529574,-0.97448254,-0.09076059
1356336097572,0.23232476,-0.1448288,0.9617951,-0.95115507,0.172855,0.25578353,-0.20329595,-0.97424114,-0.09759623
1356336097612,0.22512555,-0.14671254,0.9632206,-0.95390725,0.16816032,0.2485621,-0.19844267,-0.9747808,-0.10209298
1356336097653,0.22218761,-0.14383638,0.964336,-0.9563378,0.16045675,0.2442779,-0.1898703,-0.9765064,-0.10190463
1356336097691,0.22293591,-0.13617575,0.96527493,-0.9582958,0.15100175,0.24262658,-0.17879805,-0.97910917,-0.09683293
1356336097732,0.22855794,-0.12348658,0.96566683,-0.959449,0.13952667,0.24492851,-0.16498166,-0.9824884,-0.08658919
1356336097790,0.23689082,-0.107308805,0.9655918,-0.96006614,0.12641469,0.24958399,-0.14884749,-0.9861562,-0.07307705
1356336097812,0.24556169,-0.08993223,0.9652003,-0.9604937,0.11194453,0.25479466,-0.1309632,-0.9896366,-0.058890104
1356336097851,0.25335112,-0.07309094,0.9646092,-0.96089447,0.09620723,0.25966528,-0.11178154,-0.9926741,-0.045858473
1356336097893,0.25964665,-0.05820772,0.96394783,-0.9612446,0.08023429,0.26376352,-0.0926947,-0.995075,-0.035119265
1356336097931,0.2652267,-0.045819163,0.9630968,-0.96130395,0.06460908,0.26780686,-0.074495494,-0.99685824,-0.026910096
1356336098064,0.27095398,-0.036103636,0.961915,-0.96084774,0.04999301,0.27252972,-0.057928324,-0.9980968,-0.0211443
1356336098066,0.2775063,-0.02877298,0.9602928,-0.95972025,0.03737223,0.27846053,-0.0439004,-0.99888706,-0.017242968
1356336098067,0.28316513,-0.024012625,0.9587705,-0.95854795,0.025931329,0.2837489,-0.031675726,-0.99937534,-0.015674412
1356336098086,0.28860226,-0.022052705,0.9571951,-0.9572164,0.015394777,0.28896335,-0.02110821,-0.9996383,-0.016666234
1356336098130,0.29454508,-0.021653652,0.9553922,-0.9555402,0.0075981915,0.29476282,-0.013641894,-0.99973655,-0.018452883
1356336098170,0.2980705,-0.022444785,0.95427996,-0.9544964,0.0029624104,0.29820776,-0.009520173,-0.9997437,-0.020540476
1356336098210,0.2979941,-0.024604738,0.9542506,-0.9545325,9.0560317E-4,0.29810548,-0.0081989765,-0.99969685,-0.023216158
1356336098259,0.292611,-0.029254615,0.95578396,-0.95620215,-0.0011103153,0.2927051,-0.007501751,-0.99957144,-0.028298229
1356336098302,0.28188068,-0.03486806,0.9588157,-0.95943874,-0.0055123568,0.28186345,-0.004542738,-0.9993768,-0.035007626
1356336098341,0.26889762,-0.04046744,0.9623183,-0.9631669,-0.013270348,0.26857668,0.0019016862,-0.99909276,-0.04254526
1356336098382,0.25513232,-0.044324666,0.9658896,-0.96685886,-0.0215742,0.25439826,0.009562224,-0.9987842,-0.04835993
1356336098421,0.2422559,-0.04535836,0.9691516,-0.97010785,-0.025991052,0.24127853,0.014245242,-0.99863267,-0.05029899
1356336098460,0.23050675,-0.043937087,0.9720783,-0.97299945,-0.022496551,0.2297084,0.011775702,-0.99878097,-0.04793635
1356336098502,0.21970695,-0.041372627,0.97468823,-0.9755658,-0.009732366,0.21949163,4.0507317E-4,-0.9990964,-0.04249996
1356336098541,0.20962468,-0.039037257,0.9770024,-0.97760427,0.010683209,0.21018067,-0.018642396,-0.9991807,-0.03592348
1356336098582,0.19999012,-0.038176358,0.9790539,-0.9788789,0.035484463,0.20133808,-0.0424276,-0.9986409,-0.030273497
1356336098623,0.18983826,-0.04058972,0.980976,-0.97942555,0.061842233,0.19209704,-0.06846294,-0.9972602,-0.0280146
1356336098662,0.1786286,-0.047681868,0.9827604,-0.97948605,0.08606306,0.18220899,-0.09326741,-0.99514794,-0.031330347
1356336098702,0.16404301,-0.06284881,0.984449,-0.97963166,0.10678178,0.17005745,-0.11580908,-0.9922942,-0.044051856
1356336098741,0.14612103,-0.08811486,0.9853347,-0.9799614,0.123399615,0.15635937,-0.13536757,-0.98843735,-0.06831789
1356336098782,0.12089613,-0.12942207,0.98419213,-0.98093307,0.13640621,0.13843334,-0.15216625,-0.9821626,-0.11046338
1356336098819,0.087467015,-0.19071952,0.97773993,-0.98225474,0.14695239,0.116535604,-0.16590679,-0.9705828,-0.17448169
1356336098863,0.045416772,-0.27276015,0.9610095,-0.98337793,0.15708643,0.09105924,-0.1757989,-0.9491712,-0.26109195
1356336098903,-0.001801312,-0.3689915,0.9294311,-0.98346376,0.16897064,0.065176636,-0.18109623,-0.91394436,-0.3631941
1356336098942,-0.045550287,-0.46413177,0.8845942,-0.98220414,0.18232465,0.045086175,-0.18220925,-0.8667984,-0.46417707
1356336098981,-0.07590498,-0.54115987,0.83748704,-0.98034716,0.19388716,0.036431342,-0.1820932,-0.8182627,-0.54524153
1356336099021,-0.08782105,-0.5908399,0.80199474,-0.9788423,0.20055462,0.040564716,-0.184811,-0.781464,-0.5959521
1356336099062,-0.08210236,-0.61222214,0.78641164,-0.97803706,0.20117748,0.054508597,-0.19157967,-0.7646644,-0.6152931
1356336099101,-0.062443912,-0.6071379,0.79213905,-0.977806,0.19625616,0.07334131,-0.19999045,-0.7699786,-0.6059181
1356336099143,-0.035320684,-0.5788877,0.81464195,-0.9777154,0.18881054,0.09177837,-0.20694235,-0.79324627,-0.5726563
1356336099181,-0.0052611083,-0.5291306,0.8485241,-0.9775218,0.18156876,0.10716343,-0.21076891,-0.828887,-0.5181919
1356336099221,0.019964054,-0.4624081,0.8864424,-0.9774879,0.17723955,0.11447063,-0.21004477,-0.86877203,-0.44845992
1356336099263,0.03678833,-0.38229114,0.9233093,-0.97861725,0.17332457,0.11075613,-0.2023733,-0.90764093,-0.3677404
1356336099301,0.03562215,-0.29826108,0.9538194,-0.98159564,0.1687403,0.08942494,-0.18761972,-0.9394504,-0.2867608
1356336099342,0.019060403,-0.21645555,0.9761064,-0.9861158,0.15700826,0.054073095,-0.16496122,-0.96358466,-0.21045762
1356336099382,-0.022858173,-0.14461434,0.9892241,-0.9900868,0.14043751,-0.0023475587,-0.13858464,-0.9794713,-0.14639086
1356336099424,-0.08447185,-0.08826321,0.992509,-0.99033314,0.117419034,-0.07384464,-0.11002162,-0.9891523,-0.0973286
1356336099461,-0.16841,-0.049378395,0.9844795,-0.98233676,0.0910483,-0.16347674,-0.08156294,-0.9946215,-0.063839674
1356336099502,-0.2681737,-0.027807176,0.9629692,-0.9618207,0.0644055,-0.26599407,-0.05462396,-0.9975363,-0.044017375
1356336099540,-0.37258732,-0.019369572,0.927795,-0.9274906,0.040803015,-0.37161323,-0.030658841,-0.99897945,-0.03316778
1356336099580,-0.46840018,-0.016433328,0.8833636,-0.8834261,0.023011982,-0.46800524,-0.012637049,-0.9996001,-0.02529645
1356336099620,-0.54659003,-0.011282265,0.8373243,-0.83738667,0.013074517,-0.54645455,-0.0047823787,-0.99985087,-0.016593993
1356336099660,-0.60509664,-5.352497E-5,0.796152,-0.7960964,0.011857271,-0.60505366,-0.0094077885,-0.99992967,-0.0072173476
1356336099700,-0.6465391,0.016427606,0.762704,-0.76248395,0.018332183,-0.64674735,-0.024606586,-0.99969697,6.7323446E-4
1356336099740,-0.6744709,0.03480524,0.73748064,-0.73688745,0.030058205,-0.675347,-0.045672983,-0.998942,0.0053741336
1356336099789,-0.69139934,0.0516102,0.72062707,-0.719249,0.04495263,-0.6932966,-0.068175256,-0.9976551,0.0060403347
1356336099823,-0.6984319,0.06430465,0.71278155,-0.7099779,0.06317645,-0.7013843,-0.09013325,-0.9959284,0.0015305281
1356336099861,-0.69437385,0.07116097,0.7160873,-0.7111705,0.08413416,-0.69796705,-0.109915376,-0.9939102,-0.007812917
1356336099902,-0.6835055,0.06906229,0.72667086,-0.7184861,0.112051904,-0.6864562,-0.12883309,-0.9912995,-0.026967764
1356336099942,-0.66558915,0.053455293,0.7444016,-0.73156875,0.15058887,-0.66492873,-0.14764255,-0.98715025,-0.061124146
1356336099983,-0.6568307,0.016142726,0.7538652,-0.7353799,0.20731544,-0.6451641,-0.16670257,-0.9781409,-0.12430006
1356336100021,-0.6628376,-0.041957974,0.7475866,-0.7262136,0.279208,-0.62821704,-0.1823734,-0.95931345,-0.21553999
1356336100060,-0.6946981,-0.11175409,0.71056706,-0.6939583,0.36403978,-0.62120605,-0.18925238,-0.9246546,-0.33045042
1356336100104,-0.7324506,-0.17577985,0.6577367,-0.65470016,0.44688743,-0.6096387,-0.1867721,-0.87715054,-0.44240612
1356336100141,-0.7527535,-0.2235888,0.6191689,-0.6324862,0.50645685,-0.5860568,-0.18254657,-0.83277214,-0.522654
1356336100183,-0.7498709,-0.25783592,0.6092737,-0.63616276,0.53384924,-0.55704755,-0.18163343,-0.8053109,-0.5643436
1356336100221,-0.72161674,-0.28575137,0.6305675,-0.6676165,0.52825445,-0.5246288,-0.18318667,-0.7995582,-0.57196957
1356336100260,-0.6644881,-0.3100493,0.6799449,-0.7240541,0.49228376,-0.48311734,-0.1849356,-0.8133426,-0.5516091
1356336100300,-0.5707867,-0.32905245,0.7522812,-0.7998724,0.4297994,-0.41889924,-0.18549016,-0.8408311,-0.5085238
1356336100340,-0.43207142,-0.33627632,0.8367989,-0.8829365,0.34671453,-0.31656313,-0.18367764,-0.8756182,-0.44671607
1356336100381,-0.24957618,-0.32225206,0.9131623,-0.9518261,0.25512698,-0.17010987,-0.17815405,-0.91162705,-0.3704015
1356336100420,-0.048039764,-0.2818457,0.95825636,-0.98461103,0.17474833,0.0020366013,-0.16802767,-0.94341195,-0.28590322
1356336100460,0.13044491,-0.22197232,0.96628785,-0.9795599,0.12166694,0.1601854,-0.15312192,-0.9674323,-0.20156431
1356336100504,0.25467628,-0.15669236,0.95424706,-0.95773757,0.09557295,0.2713014,-0.13371104,-0.9830123,-0.12572995
1356336100542,0.31520844,-0.096618176,0.94409144,-0.94256866,0.08394706,0.32329115,-0.11048952,-0.99177504,-0.064608455
1356336100580,0.30802402,-0.046925336,0.9502206,-0.9474517,0.075523645,0.3108561,-0.086351156,-0.9960393,-0.021196425
1356336100621,0.23332831,-0.010632366,0.9723399,-0.97033954,0.06248346,0.23353153,-0.0632382,-0.99798936,0.0042621493
1356336100662,0.07882121,0.010406077,0.9968345,-0.99599165,0.043234557,0.07830325,-0.04228285,-0.9990108,0.01377216
1356336100701,-0.14013392,0.017584443,0.98997635,-0.98982275,0.022522151,-0.14051226,-0.02476722,-0.9995917,0.014249325
1356336100743,-0.36111552,0.0140401125,0.9324153,-0.93243945,0.007789254,-0.36124215,-0.012334704,-0.999871,0.010278761
1356336100782,-0.5296761,0.00945428,0.8481474,-0.8481653,0.003160417,-0.5297224,-0.0076886415,-0.99995035,0.0063447356
1356336100820,-0.62660724,0.010439128,0.77926534,-0.77923167,0.007912159,-0.6266861,-0.01270777,-0.99991417,0.0031766295
1356336100859,-0.669434,0.016922295,0.74267876,-0.7424489,0.018476903,-0.6696478,-0.025054395,-0.9996861,1.9490719E-4
1356336100902,-0.67414665,0.024661362,0.7381857,-0.7374845,0.032372415,-0.6745877,-0.040533125,-0.9991716,-0.0036364198
1356336100939,-0.6462229,0.028477848,0.76261723,-0.7611392,0.048420966,-0.6467786,-0.055345535,-0.99842095,-0.009615183
1356336100982,-0.5793261,0.023696005,0.8147513,-0.81230026,0.06593168,-0.5795008,-0.06744981,-0.99754274,-0.01894766
1356336101021,-0.4680723,0.005728543,0.88367164,-0.88030964,0.08436185,-0.46683833,-0.077222526,-0.9964187,-0.03444463
1356336101061,-0.3142553,-0.030988604,0.9488326,-0.94541466,0.100993454,-0.30982488,-0.086224854,-0.9944044,-0.0610348
1356336101102,-0.16827336,-0.09131038,0.9815021,-0.9810679,0.112345666,-0.15774733,-0.09586352,-0.98946494,-0.108486414
1356336101140,-0.06952712,-0.17463985,0.98217463,-0.99201846,0.11592278,-0.049611807,-0.105192214,-0.97778463,-0.1813057
1356336101181,-0.053302526,-0.27624163,0.9596089,-0.992388,0.12149048,-0.020149946,-0.11101708,-0.95337856,-0.2806146
1356336101220,-0.07311171,-0.38222462,0.9211726,-0.99110717,0.13081294,-0.024383754,-0.11118123,-0.91476357,-0.38838947
1356336101260,-0.06474836,-0.47338283,0.87847394,-0.9918901,0.12701367,-0.0046638846,-0.10937041,-0.8716515,-0.47776765
1356336101300,0.014518008,-0.5374199,0.84318984,-0.993683,0.0860955,0.07198349,-0.1112802,-0.83890843,-0.5327751
1356336101340,0.16843791,-0.5640413,0.8083848,-0.9786125,0.0025639683,0.20569608,-0.1180937,-0.8257425,-0.55154604
1356336101381,0.3614058,-0.5445128,0.756896,-0.9236172,-0.09785539,0.37061507,-0.1277383,-0.8330247,-0.5382869
1356336101420,0.538175,-0.48773283,0.68737495,-0.83136576,-0.17312068,0.5280722,-0.13855931,-0.85565525,-0.4986536
1356336101460,0.666158,-0.4183299,0.6174412,-0.730714,-0.20035964,0.6526202,-0.14930028,-0.8859211,-0.43915072
1356336101500,0.74789155,-0.3534181,0.5619198,-0.64482296,-0.18571651,0.7414262,-0.15767565,-0.9168452,-0.3667879
1356336101539,0.7973535,-0.29736054,0.52517056,-0.5817621,-0.14719915,0.7999283,-0.16056243,-0.94334996,-0.29036283
1356336101579,0.8265754,-0.24777187,0.5053535,-0.5409792,-0.10202241,0.83482504,-0.1552888,-0.9634316,-0.21836865
1356336101620,0.8413993,-0.20292467,0.5008681,-0.52158844,-0.062440902,0.85090935,-0.14139584,-0.97720146,-0.1583809
1356336101660,0.8453098,-0.16171601,0.50921434,-0.52052784,-0.034451127,0.8531493,-0.12042487,-0.98623574,-0.11329954
1356336101700,0.8395948,-0.1245704,0.528737,-0.53476214,-0.018516954,0.8447997,-0.09544642,-0.99203795,-0.08216227
1356336101740,0.82427716,-0.0932053,0.558462,-0.5618267,-0.012477845,0.8271608,-0.07012732,-0.9955687,-0.06265041
1356336101791,0.79954696,-0.06899744,0.59662724,-0.5987841,-0.014308929,0.8007827,-0.046714872,-0.99751425,-0.052755237
1356336101821,0.76551914,-0.052142978,0.6412968,-0.6428656,-0.02087602,0.76569456,-0.026537895,-0.9984215,-0.049501926
1356336101860,0.72340214,-0.042087406,0.68914294,-0.6903343,-0.027750567,0.72295797,-0.011303276,-0.9987284,-0.049129173
1356336101900,0.674633,-0.038506687,0.7371482,-0.73814327,-0.029991493,0.673977,-0.00384444,-0.99880815,-0.048656702
1356336101940,0.6216708,-0.040840864,0.7822132,-0.7832538,-0.02446191,0.62122065,-0.006236762,-0.99886614,-0.04719603
1356336101980,0.56841916,-0.047606677,0.8213606,-0.82255006,-0.011480868,0.5685769,-0.017638117,-0.9988002,-0.045684814
1356336102020,0.5194129,-0.057270825,0.852602,-0.85382617,0.005513042,0.52052903,-0.034511536,-0.99834347,-0.046035796
1356336102060,0.4777654,-0.06960988,0.87572515,-0.8768664,0.022742778,0.48019576,-0.05334273,-0.99731493,-0.050172836
1356336102100,0.44585854,-0.08478764,0.8910787,-0.8922391,0.037477925,0.45000526,-0.07155064,-0.9956939,-0.058940977
1356336102140,0.4235834,-0.10429013,0.8998337,-0.9014957,0.048827752,0.4300248,-0.08878419,-0.9933476,-0.073334455
1356336102180,0.4085511,-0.13153175,0.90320843,-0.90654564,0.05657439,0.4182994,-0.10611814,-0.98969626,-0.09612602
1356336102241,0.39510775,-0.17274317,0.90224695,-0.9100592,0.060283944,0.41007066,-0.1252279,-0.9831203,-0.13338786
1356336102259,0.3776837,-0.23406348,0.8958624,-0.91422665,0.059107885,0.40086907,-0.14678138,-0.9704229,-0.191663
1356336102299,0.35283154,-0.31642655,0.88055897,-0.920308,0.05256331,0.38764703,-0.16894689,-0.9471595,-0.27266386
1356336102336,0.32393354,-0.40904337,0.85308295,-0.9272687,0.041647375,0.37207282,-0.18772262,-0.911564,-0.36580217
1356336102379,0.2978663,-0.4948817,0.8163135,-0.93313056,0.029426478,0.35833144,-0.20135286,-0.86846197,-0.4530241
1356336102419,0.28356856,-0.5584449,0.77956915,-0.9351415,0.01899445,0.3537647,-0.2123656,-0.82932407,-0.51683885
1356336102459,0.28397846,-0.5941761,0.7525364,-0.9324333,0.01176095,0.36115074,-0.22343767,-0.80424905,-0.5506897
1356336102499,0.29727608,-0.6028408,0.74041194,-0.9257524,0.007810354,0.37804955,-0.23368657,-0.79782325,-0.5557595
1356336102539,0.31960154,-0.586684,0.74408114,-0.9164667,0.008096151,0.400029,-0.24071482,-0.8097754,-0.53508884
1356336102580,0.34348625,-0.5498279,0.7613846,-0.907165,0.015557289,0.42048728,-0.24304071,-0.8351331,-0.49344093
1356336102619,0.362451,-0.49627912,0.7888829,-0.90059686,0.031383723,0.4335209,-0.23990542,-0.86759555,-0.43557233
1356336102661,0.37064284,-0.430494,0.82298166,-0.89976186,0.053317428,0.43311185,-0.23033136,-0.90101725,-0.36758035
1356336102700,0.3657665,-0.3559304,0.8599584,-0.90608436,0.07494846,0.41640586,-0.21266404,-0.93150216,-0.2950893
1356336102742,0.3397317,-0.2808115,0.8976231,-0.9214702,0.09174611,0.37745908,-0.18834823,-0.9553678,-0.22759035
1356336102791,0.2967401,-0.21004766,0.93157136,-0.94192415,0.09624459,0.32173878,-0.15723911,-0.9729424,-0.16928929
1356336102821,0.22869855,-0.14884645,0.9620508,-0.96563154,0.09068698,0.2435807,-0.12350157,-0.98469317,-0.12299085
1356336102863,0.13974711,-0.10111502,0.9850109,-0.9861927,0.07505068,0.14761895,-0.08885223,-0.99203986,-0.089230776
1356336102901,0.026061445,-0.06822288,0.9973296,-0.9980575,0.05469629,0.029821962,-0.056584716,-0.99616957,-0.066664875
1356336102940,-0.099763155,-0.04989308,0.9937595,-0.9946291,0.03267646,-0.09820989,-0.027572542,-0.99821985,-0.052885056
1356336102980,-0.2270419,-0.041318953,0.97300804,-0.9738714,0.014894247,-0.22661093,-0.00512892,-0.999035,-0.043621004
1356336103020,-0.33806866,-0.035417706,0.94045484,-0.94110024,0.0060024858,-0.3380746,0.006328732,-0.9993546,-0.035360813
1356336103060,-0.42220896,-0.026174188,0.90612054,-0.90648884,0.007575512,-0.42216173,0.0041854084,-0.99962866,-0.026925027
1356336103100,-0.4780112,-0.011986256,0.87827194,-0.8782972,0.017868161,-0.47778106,-0.009966254,-0.9997685,-0.019068658
1356336103140,-0.5090947,0.0049491227,0.8606962,-0.8601148,0.034272313,-0.50894785,-0.032016844,-0.99940026,-0.013190985
1356336103180,-0.5200737,0.020356387,0.85387874,-0.85222185,0.05427009,-0.5203583,-0.056932688,-0.9983188,-0.010876298
1356336103220,-0.5139457,0.030069172,0.85729563,-0.85401857,0.076079965,-0.51464957,-0.0806981,-0.99664825,-0.013421416
1356336103260,-0.49254835,0.030935884,0.869735,-0.86431664,0.09945214,-0.49301723,-0.10174891,-0.9945613,-0.0222466
1356336103300,-0.4577213,0.019723058,0.888877,-0.8808926,0.1254344,-0.456393,-0.12049717,-0.9919059,-0.040040076
1356336103340,-0.41737443,-0.009011149,0.90869,-0.89811146,0.15654117,-0.41096318,-0.13854411,-0.98763037,-0.073429346
1356336103380,-0.38355744,-0.06153047,0.9214649,-0.9100671,0.19485062,-0.36580205,-0.15704009,-0.978901,-0.13073331
1356336103420,-0.37307298,-0.14022973,0.9171435,-0.91114306,0.24185592,-0.3336527,-0.17502862,-0.9601257,-0.21799928
1356336103460,-0.389187,-0.23643747,0.8902982,-0.90158534,0.29595324,-0.31552443,-0.1888848,-0.92547774,-0.3283497
1356336103501,-0.41386387,-0.33015928,0.84835815,-0.8889079,0.347585,-0.29837453,-0.19636539,-0.87759876,-0.43733406
1356336103540,-0.4236869,-0.40506387,0.81019294,-0.883312,0.38286552,-0.27050677,-0.20062241,-0.8302634,-0.52001286
1356336103580,-0.40321332,-0.4570538,0.792793,-0.8916123,0.3912629,-0.22790542,-0.20602542,-0.7987585,-0.56527716
1356336103620,-0.34835052,-0.48815233,0.8002245,-0.9129401,0.37029374,-0.17153111,-0.2125848,-0.7903099,-0.5746459
1356336103660,-0.26121104,-0.49835256,0.8266883,-0.9403335,0.32482302,-0.101306766,-0.21804091,-0.80382514,-0.5534649
1356336103700,-0.15033059,-0.48561615,0.861149,-0.96361476,0.26670033,-0.017821312,-0.22101444,-0.832495,-0.5080401
1356336103740,-0.030105203,-0.44900927,0.89301986,-0.97489834,0.2103742,0.07291043,-0.22060579,-0.86840856,-0.4440717
1356336103787,0.080614045,-0.39247796,0.91622174,-0.9732938,0.16722782,0.1572701,-0.21494281,-0.9044312,-0.3685155
1356336103821,0.16589552,-0.32419112,0.93133175,-0.9652724,0.13988924,0.22063589,-0.20181146,-0.93559134,-0.28972572
1356336103860,0.21761377,-0.25255597,0.9427935,-0.95926416,0.12295218,0.25435197,-0.18015656,-0.9597386,-0.2155118
1356336103900,0.23070541,-0.18472949,0.95532715,-0.96111524,0.109871954,0.2533488,-0.15176463,-0.9766284,-0.15219826
1356336103940,0.20515552,-0.12560162,0.9706366,-0.9714463,0.0946289,0.21757177,-0.11917767,-0.9875574,-0.10260159
1356336103982,0.13826314,-0.07866186,0.98726666,-0.9866435,0.07574734,0.14421108,-0.086126685,-0.9940194,-0.067138135
1356336104020,0.03352031,-0.04646635,0.99835724,-0.9979042,0.053764135,0.036007434,-0.055348933,-0.9974719,-0.04456681
1356336104062,-0.099166214,-0.02880922,0.9946537,-0.994642,0.03221339,-0.09823209,-0.029211164,-0.9990657,-0.031849265
1356336104100,-0.23895788,-0.02134499,0.9707953,-0.9709703,0.016336083,-0.23864174,-0.010765225,-0.9996387,-0.024628997
1356336104140,-0.362189,-0.017041475,0.9319489,-0.932099,0.0101184845,-0.36206225,-0.0032598674,-0.99980366,-0.019549191
1356336104180,-0.45607322,-0.0104984045,0.88988036,-0.88991153,0.013693333,-0.45592767,-0.007398963,-0.99985117,-0.015587866
1356336104220,-0.5196392,-5.3718686E-4,0.8543856,-0.85413456,0.02457869,-0.519471,-0.02072063,-0.99969774,-0.01323086
1356336104260,-0.5581431,0.010693312,0.82967585,-0.82882786,0.039809525,-0.5580857,-0.038996816,-0.99915016,-0.013356566
1356336104300,-0.5767183,0.020032674,0.81669736,-0.8148633,0.05718249,-0.5768257,-0.05825612,-0.9981627,-0.016654253
1356336104340,-0.57825714,0.024945319,0.8154732,-0.8122681,0.076016724,-0.5783097,-0.07641572,-0.9967945,-0.023694992
1356336104381,-0.5631932,0.023234338,0.8259986,-0.8210621,0.09690744,-0.56255317,-0.093115985,-0.9950222,-0.035500824
1356336104422,-0.53437245,0.01135087,0.8451729,-0.83816636,0.12205714,-0.53158176,-0.109193265,-0.9924582,-0.055710018
1356336104461,-0.50251144,-0.017487466,0.86439365,-0.85542494,0.15509403,-0.49415985,-0.12542063,-0.9877449,-0.09289569
1356336104500,-0.48527473,-0.07001296,0.87155414,-0.8629255,0.19903946,-0.46448132,-0.14095393,-0.9774873,-0.15700477
1356336104540,-0.50259364,-0.14586279,0.85212886,-0.85087216,0.25792506,-0.45770213,-0.15302369,-0.9550909,-0.2537421
1356336104580,-0.5466709,-0.22955936,0.8052661,-0.82205087,0.33011153,-0.46395975,-0.15932131,-0.915603,-0.36917186
1356336104620,-0.58570707,-0.29988575,0.75300455,-0.79406226,0.39858717,-0.45890462,-0.16251904,-0.86671615,-0.4715833
1356336104660,-0.59621274,-0.34955144,0.72273386,-0.7850758,0.44211057,-0.43381357,-0.16788808,-0.826046,-0.5380164
1356336104700,-0.57045555,-0.3830957,0.7265109,-0.80194056,0.45085844,-0.3919412,-0.17740253,-0.8062036,-0.5644147
1356336104740,-0.5069146,-0.40503222,0.7609115,-0.84083945,0.42671388,-0.3330229,-0.18980646,-0.8086186,-0.5568746
1356336104787,-0.4063607,-0.41533187,0.8138614,-0.8908497,0.37809974,-0.25184807,-0.20312029,-0.82736933,-0.52364314
1356336104820,-0.2752055,-0.41086894,0.8691654,-0.93707687,0.31665802,-0.14701891,-0.21482274,-0.8549353,-0.4721619
1356336104860,-0.12909105,-0.38921228,0.91205776,-0.9665797,0.25482592,-0.028063357,-0.2214934,-0.8851991,-0.4091004
1356336104901,0.009285226,-0.3520355,0.9359405,-0.97547853,0.20264067,0.08589667,-0.21989822,-0.91378754,-0.3415215
1356336104940,0.12052649,-0.30483916,0.94474673,-0.97058785,0.16360593,0.17661351,-0.20840487,-0.9382463,-0.27615434
1356336104980,0.19582784,-0.2532653,0.94736904,-0.96271193,0.13422412,0.23488209,-0.18664724,-0.9580399,-0.21753663
1356336105020,0.2309077,-0.20114166,0.95195776,-0.9602975,0.11031683,0.25623962,-0.15655738,-0.9733304,-0.16768283
1356336105060,0.22545287,-0.15110615,0.9624646,-0.9666959,0.08812049,0.24027896,-0.12112048,-0.98458207,-0.1262067
1356336105107,0.17281723,-0.10588649,0.9792458,-0.98133826,0.06659931,0.18038794,-0.0843178,-0.9921454,-0.09240097
1356336105142,0.068347394,-0.06891844,0.99527836,-0.99643207,0.044798017,0.07152867,-0.0495162,-0.996616,-0.06561071
1356336105181,-0.07872933,-0.042622775,0.99598444,-0.9966936,0.023497105,-0.0777798,-0.02008757,-0.99881494,-0.04433173
1356336105222,-0.2382415,-0.025638342,0.9708675,-0.97120523,0.0075054765,-0.23812613,-0.0011816323,-0.9996431,-0.026688218
1356336105261,-0.3658111,-0.012328804,0.93060744,-0.9306834,0.001344204,-0.36582318,0.0032592416,-0.9999231,-0.011965871
1356336105303,-0.44246113,0.0013944507,0.8967866,-0.89676845,0.005849421,-0.44246134,-0.0058626235,-0.9999819,-0.0013375878
1356336105341,-0.4743607,0.014737338,0.8802071,-0.8799877,0.019963205,-0.47457668,-0.024565697,-0.99969196,0.0034989715
1356336105381,-0.47215426,0.023813128,0.88119435,-0.88027114,0.040370584,-0.4727505,-0.046832055,-0.998901,0.0019007921
1356336105422,-0.44110394,0.02510342,0.89710486,-0.8948183,0.06428015,-0.4417784,-0.06875616,-0.99761605,-0.005891204
1356336105461,-0.3743726,0.01642558,0.92713284,-0.9230746,0.08849585,-0.37430176,-0.08819556,-0.99594104,-0.017968416
1356336105502,-0.28322357,-0.0050595403,0.9590406,-0.95311433,0.112605095,-0.2808793,-0.106571734,-0.99362695,-0.036714733
1356336105541,-0.16942447,-0.043951333,0.98456264,-0.97754306,0.1345253,-0.1622113,-0.12531915,-0.9899349,-0.06575614
1356336105582,-0.07982677,-0.104115754,0.9913565,-0.98610497,0.15360242,-0.06327203,-0.14568713,-0.9826323,-0.11493063
1356336105620,-0.037856907,-0.18792692,0.9814532,-0.9853915,0.17021856,-0.005415678,-0.16604376,-0.9673206,-0.19162554
1356336105660,-0.048894405,-0.28915152,0.9560339,-0.98210716,0.18820411,0.0066943467,-0.18186516,-0.9386004,-0.29317993
1356336105701,-0.08577563,-0.39137474,0.91622514,-0.9781157,0.20804475,-0.0027012825,-0.18955868,-0.89640576,-0.4006549
1356336105740,-0.102298886,-0.476784,0.87304753,-0.97608304,0.21735498,0.0043287277,-0.19182509,-0.851724,-0.48761594
1356336105786,-0.067236826,-0.5374507,0.84061056,-0.97856843,0.19987859,0.04952243,-0.19463593,-0.8192651,-0.53937143
1356336105820,0.024435982,-0.5705434,0.8209038,-0.97951496,0.15051882,0.13377082,-0.19988355,-0.80735636,-0.55517775
1356336105860,0.15786043,-0.5722429,0.8047473,-0.9658665,0.080024205,0.24636981,-0.20538265,-0.81617045,-0.5400776
1356336105901,0.30284408,-0.54270005,0.78342974,-0.92984104,0.012016386,0.3677652,-0.20900014,-0.83984065,-0.5009857
1356336105941,0.43208587,-0.48962855,0.75734115,-0.877141,-0.033004813,0.47909734,-0.20958382,-0.8713062,-0.44373423
1356336105980,0.53062403,-0.42485228,0.7334431,-0.8222933,-0.04812959,0.56702507,-0.20560157,-0.9039824,-0.37489185
1356336106020,0.5997584,-0.35534626,0.71695113,-0.7761112,-0.04022348,0.629312,-0.19478542,-0.93386894,-0.2999126
1356336106060,0.6409635,-0.2865532,0.7120765,-0.74703866,-0.019748025,0.6644871,-0.1763488,-0.9578607,-0.22672412
1356336106101,0.6593866,-0.22067869,0.71868646,-0.7366204,0.0015108362,0.67630464,-0.15033185,-0.9753453,-0.16156021
1356336106140,0.6545487,-0.16089863,0.7387,-0.7465866,0.016305208,0.6650884,-0.11905646,-0.9868362,-0.10945219
1356336106181,0.62600064,-0.110105455,0.7720103,-0.7751572,0.020269364,0.6314432,-0.08517352,-0.9937132,-0.07266042
1356336106230,0.57038915,-0.06999728,0.8183866,-0.82001173,0.008845493,0.5722784,-0.04729694,-0.9975079,-0.05235322
1356336106271,0.4586699,-0.043574423,0.8875377,-0.8884473,-0.0035686493,0.45896477,-0.016831785,-0.99904376,-0.040350407
1356336106306,0.3182917,-0.028823406,0.9475546,-0.9479885,-0.012704641,0.31805104,0.0028710067,-0.9995038,-0.031368047
1356336106349,0.16988686,-0.020915717,0.9852416,-0.985425,-0.012450665,0.16965419,0.008718491,-0.9997037,-0.022726059
1356336106389,0.03668481,-0.014717817,0.99921846,-0.99932563,-0.0021329522,0.036657304,0.0015917718,-0.9998894,-0.014786124
1356336106429,-0.061528325,-0.007671386,0.99807584,-0.99800026,0.014984131,-0.06140846,-0.0144842565,-0.9998583,-0.008578062
1356336106469,-0.118992984,-5.542338E-4,0.99289495,-0.9922998,0.03468895,-0.118902296,-0.03437656,-0.999398,-0.004677713
1356336106510,-0.13897067,0.0038111508,0.9902892,-0.98879814,0.05445552,-0.13897097,-0.054456353,-0.99850893,-0.0037992597
1356336106550,-0.1266911,0.0020361245,0.99194014,-0.9892545,0.07330513,-0.12649864,-0.07297185,-0.9973075,-0.0072728395
1356336106590,-0.094285905,-0.010388792,0.99549097,-0.9914227,0.09188467,-0.0929417,-0.090504825,-0.99571544,-0.018963099
1356336106631,-0.053683966,-0.039732754,0.9977671,-0.99268633,0.11032215,-0.04901749,-0.10812816,-0.9931013,-0.04536462
1356336106670,-0.029812247,-0.09500691,0.9950301,-0.9915173,0.1288037,-0.01740861,-0.1265096,-0.9871086,-0.09804094
1356336106710,-0.037005663,-0.18174565,0.982649,-0.988961,0.14784503,-0.009898692,-0.14348072,-0.97216785,-0.18521047
1356336106751,-0.071329296,-0.29071522,0.9541472,-0.98540664,0.1687566,-0.022248387,-0.1545507,-0.9418099,-0.29851002
1356336106791,-0.10962182,-0.39858592,0.9105561,-0.9812958,0.18924159,-0.03529975,-0.15824512,-0.89739454,-0.41187572
1356336106829,-0.11401388,-0.48049048,0.86955726,-0.9806516,0.19462791,-0.021034867,-0.15913308,-0.8551309,-0.493384
1356336106869,-0.07616387,-0.5291593,0.8450973,-0.98408747,0.17635073,0.021732062,-0.16053322,-0.82999444,-0.5341706
1356336106909,0.0046922714,-0.5454435,0.8381344,-0.98666066,0.1338612,0.09263837,-0.16272268,-0.827389,-0.53753954
1356336106949,0.113683805,-0.53246367,0.83878386,-0.97968745,0.08029519,0.18375275,-0.16519198,-0.84263575,-0.5125197
1356336106989,0.23282231,-0.49368703,0.8378943,-0.9580331,0.031724527,0.28489682,-0.16723168,-0.86906075,-0.4655823
1356336107029,0.34342098,-0.43635616,0.8316582,-0.9242233,3.9589405E-4,0.38185215,-0.16695279,-0.89977396,-0.4031546
1356336107069,0.432755,-0.36958352,0.82227194,-0.88683045,-0.010585368,0.4619738,-0.16203383,-0.92913723,-0.33233875
1356336107109,0.49730605,-0.30004215,0.8140402,-0.8543774,-0.0063325837,0.5196144,-0.15075123,-0.9539049,-0.25949848
1356336107149,0.5351117,-0.2334336,0.8118893,-0.83420444,0.0055907965,0.551427,-0.13326067,-0.9723567,-0.19173962
1356336107189,0.5483692,-0.1726779,0.81821364,-0.82887006,0.017347395,0.5591723,-0.110750556,-0.9848256,-0.13361478
1356336107229,0.5384197,-0.11955261,0.83415306,-0.838383,0.023803681,0.54456156,-0.084959656,-0.99254245,-0.0874145
1356336107270,0.50495803,-0.07593787,0.859797,-0.8612393,0.021809995,0.5077313,-0.057308167,-0.996874,-0.05438754
1356336107311,0.44476017,-0.043765873,0.89457977,-0.8951212,0.0125852525,0.44564518,-0.030762583,-0.9989625,-0.033578366
1356336107352,0.3616571,-0.023768455,0.9320082,-0.9322804,-0.0010873377,0.36173502,-0.0075845122,-0.999717,-0.022552133
1356336107390,0.25738716,-0.013899267,0.9662084,-0.9662822,-0.011062086,0.25724766,0.0071127415,-0.99984217,-0.01627785
1356336107430,0.14907703,-0.010323167,0.9887717,-0.9887818,-0.01096645,0.1489641,0.009305507,-0.9998866,-0.011842221
1356336107470,0.053703487,-0.00862667,0.99851966,-0.9985565,3.9720535E-4,0.05370888,-8.599758E-4,-0.9999627,-0.008592904
1356336107511,-0.0154161155,-0.006832123,0.9998578,-0.9996985,0.019215673,-0.0152823925,-0.019108504,-0.999792,-0.0071262717
1356336107550,-0.05345708,-0.0058602095,0.9985529,-0.99775815,0.04063213,-0.053176105,-0.040261716,-0.999157,-0.008019149
1356336107590,-0.060834438,-0.007940352,0.9981163,-0.9962744,0.061721534,-0.06023115,-0.061127007,-0.99806184,-0.011665583
1356336107630,-0.04060486,-0.015700221,0.9990519,-0.9959042,0.08147666,-0.03919652,-0.08078396,-0.99655163,-0.018944263
1356336107672,8.5482E-4,-0.03256163,0.99946934,-0.99502337,0.09955743,0.0040944815,-0.099637926,-0.9944989,-0.03231448
1356336107713,0.050715,-0.06475538,0.9966116,-0.99157065,0.11586627,0.057986885,-0.1192286,-0.9911517,-0.058333337
1356336107751,0.10168135,-0.11657128,0.9879636,-0.9849036,0.12805563,0.11647588,-0.14009207,-0.9848923,-0.10179061
1356336107790,0.12255576,-0.19622892,0.97286916,-0.9791077,0.1363593,0.15084553,-0.16226006,-0.9710306,-0.1754176
1356336107816,0.13682704,-0.2892505,0.9474242,-0.97379744,0.13610803,0.18218994,-0.18165055,-0.94752777,-0.2630481
1356336107857,0.11395112,-0.3965208,0.9109261,-0.9741134,0.13559458,0.180879,-0.19523892,-0.9079567,-0.37080508
1356336107899,0.10268542,-0.49281263,0.8640553,-0.97329533,0.12951097,0.1895341,-0.20530942,-0.86044335,-0.4663533
1356336107939,0.12377462,-0.55991054,0.8192558,-0.96829784,0.112375945,0.2230941,-0.21697739,-0.820897,-0.5282508
1356336107979,0.18245348,-0.59314746,0.7841472,-0.95576066,0.080153376,0.28301397,-0.23072106,-0.80109394,-0.55228275
1356336108018,0.26925454,-0.59410274,0.7579868,-0.9317471,0.03839562,0.3610724,-0.2436175,-0.8034723,-0.5432153
1356336108059,0.36967075,-0.56571746,0.7370938,-0.89401233,-4.2629614E-4,0.44804204,-0.25315106,-0.824599,-0.505916
1356336108099,0.46468306,-0.5161756,0.71946675,-0.8472036,-0.022871435,0.5307758,-0.2575183,-0.85617733,-0.44793385
1356336108139,0.5435759,-0.45288873,0.70669454,-0.79978406,-0.023983683,0.59980863,-0.25469744,-0.8912445,-0.37525016
1356336108179,0.59955317,-0.38377938,0.7023171,-0.762596,-0.007653594,0.6468296,-0.24286456,-0.923393,-0.29725736
1356336108219,0.6322079,-0.3137068,0.70844996,-0.7425902,0.015562713,0.6695653,-0.22107263,-0.94939244,-0.22311673
1356336108259,0.64282405,-0.24542029,0.72563493,-0.7422111,0.03475824,0.6692642,-0.18947276,-0.9687934,-0.15981022
1356336108299,0.63041234,-0.18264732,0.75446683,-0.7614049,0.043742955,0.6467992,-0.15113872,-0.9822049,-0.111492455
1356336108339,0.5956555,-0.12885588,0.7928372,-0.79577726,0.0395696,0.60429543,-0.10923934,-0.99087363,-0.07897076
1356336108379,0.5361787,-0.08753604,0.83955336,-0.8413581,0.02474463,0.5399114,-0.06803614,-0.995854,-0.06038162
1356336108421,0.4525097,-0.060484737,0.8897059,-0.8912699,0.0023793727,0.45346692,-0.02954477,-0.9981663,-0.05283153
1356336108461,0.34571874,-0.046160728,0.9372021,-0.93833363,-0.020130098,0.3451446,0.0029338598,-0.99873114,-0.050273508
1356336108500,0.22980803,-0.040741056,0.97238284,-0.9728681,-0.037084997,0.22836888,0.026756823,-0.9984813,-0.04815808
1356336108549,0.114675075,-0.038304657,0.9926643,-0.9927865,-0.039617807,0.1131604,0.034992635,-0.99848044,-0.042571485
1356336108589,0.008399099,-0.03562349,0.9993299,-0.99951345,-0.030319244,0.007319778,0.030038208,-0.9989052,-0.035860777
1356336108629,-0.07044476,-0.030486166,0.9970497,-0.9974063,-0.01264894,-0.07085672,0.014771789,-0.9994552,-0.029516041
1356336108669,-0.11931586,-0.02364117,0.9925749,-0.9928362,0.009221196,-0.11912763,-0.006336391,-0.999678,-0.024572015
1356336108709,-0.13810956,-0.017008126,0.99027085,-0.98998064,0.032046735,-0.1375187,-0.029396027,-0.99934167,-0.021263659
1356336108749,-0.12798125,-0.013015866,0.99169123,-0.9903481,0.055324852,-0.12708181,-0.053211123,-0.9983836,-0.019970775
1356336108795,-0.09212223,-0.016108185,0.9956174,-0.9926578,0.080194026,-0.09055093,-0.07838392,-0.99664915,-0.023377597
1356336108831,-0.039005876,-0.033797145,0.99866724,-0.99362683,0.10708767,-0.03518489,-0.105755806,-0.993675,-0.037758768
1356336108870,0.008952141,-0.07835391,0.9968854,-0.9905807,0.13552809,0.01954782,-0.1366376,-0.9876704,-0.076402545
1356336108922,0.017431736,-0.1728017,0.98480237,-0.9852141,0.16493046,0.04637909,-0.17043829,-0.97104967,-0.16737163
1356336108960,0.029584557,-0.29050636,0.95641565,-0.97991276,0.18036035,0.08509493,-0.19722012,-0.93972135,-0.27933502
1356336109000,0.021577775,-0.4062988,0.9134854,-0.9768158,0.18608749,0.10584143,-0.21299145,-0.89459085,-0.3928637
1356336109041,0.026827753,-0.49693507,0.867373,-0.9748387,0.17907488,0.1327472,-0.22129145,-0.84911,-0.4796273
1356336109080,0.065776035,-0.55311614,0.83050346,-0.9717433,0.15357767,0.17924514,-0.22669014,-0.8188263,-0.5273852
1356336109121,0.14333951,-0.57541203,0.80520487,-0.9627025,0.10757977,0.24825487,-0.22947264,-0.8107574,-0.5385302
1356336109160,0.252331,-0.5657518,0.78501844,-0.9403119,0.048082612,0.33689994,-0.22834751,-0.8231725,-0.51985043
1356336109200,0.37476003,-0.52803445,0.76205945,-0.89988565,-0.009402089,0.43602446,-0.22307095,-0.8491709,-0.47869414
1356336109240,0.49096674,-0.46918792,0.7340398,-0.84465104,-0.05002445,0.53297484,-0.21334544,-0.88168037,-0.4208604
1356336109280,0.5845516,-0.4006113,0.7055565,-0.78671503,-0.067172855,0.6136508,-0.1984412,-0.9137825,-0.35443294
1356336109321,0.652112,-0.32993573,0.68256307,-0.73717934,-0.06579935,0.6724857,-0.17696482,-0.9417074,-0.28613034
1356336109360,0.6939779,-0.2626273,0.6703892,-0.70439017,-0.05484035,0.7076913,-0.14909467,-0.96333766,-0.22305007
1356336109400,0.71469736,-0.20038739,0.6701138,-0.6898358,-0.04377523,0.7226412,-0.11547378,-0.9787383,-0.16952042
1356336109440,0.7155455,-0.14543602,0.6832591,-0.6940961,-0.037545674,0.71890265,-0.07890093,-0.98865503,-0.12781222
1356336109480,0.6975862,-0.10016364,0.70946515,-0.7152151,-0.038050264,0.6978679,-0.04290563,-0.99424314,-0.09818189
1356336109521,0.66020614,-0.06661707,0.7481243,-0.75101,-0.04453002,0.6587875,-0.010572493,-0.99678445,-0.07942909
1356336109560,0.6031565,-0.044958025,0.7963549,-0.79745996,-0.054168478,0.60093546,0.016120404,-0.99751925,-0.068524316
1356336109602,0.52876943,-0.03330776,0.84811175,-0.84804475,-0.061902896,0.52629656,0.03497079,-0.9975262,-0.060978845
1356336109640,0.44316888,-0.028658181,0.89597994,-0.89542115,-0.061748505,0.44091743,0.042689502,-0.99768025,-0.05302617
1356336109680,0.357309,-0.027621627,0.93357766,-0.933218,-0.051090747,0.35565975,0.037873298,-0.998312,-0.044032156
1356336109721,0.28434223,-0.027683586,0.958323,-0.95846295,-0.03147918,0.2834744,0.022319645,-0.9991209,-0.035484552
1356336109792,0.23460662,-0.028057158,0.9716854,-0.97208863,-0.0086631775,0.23445386,0.0018397868,-0.99956876,-0.029306501
1356336109801,0.21253577,-0.029707223,0.9767016,-0.9769746,0.012655288,0.21298006,-0.018687457,-0.9994786,-0.026333481
1356336109839,0.2201668,-0.033645153,0.9748818,-0.97478235,0.029719174,0.22117001,-0.036413968,-0.9989919,-0.026253521
1356336109879,0.25100043,-0.041406184,0.9671009,-0.96659124,0.042910963,0.25270534,-0.051962793,-0.99822044,-0.029252142
1356336109919,0.29875684,-0.05615571,0.95267564,-0.95192766,0.05324161,0.30166063,-0.06766194,-0.9970014,-0.037549853
1356336109959,0.35076904,-0.08433077,0.9326571,-0.93246555,0.060459077,0.35616374,-0.08642316,-0.99460196,-0.05742839
1356336109999,0.3917346,-0.13532597,0.91007197,-0.913439,0.06141138,0.40231565,-0.11033252,-0.98889613,-0.099555045
1356336110039,0.41353428,-0.21578404,0.8845488,-0.89989483,0.05090134,0.43312597,-0.13848639,-0.9751134,-0.17313352
1356336110079,0.42155793,-0.31840765,0.8490615,-0.89139605,0.02635023,0.45245862,-0.16643927,-0.9475876,-0.2727192
1356336110119,0.43225968,-0.41955292,0.7982023,-0.88132644,-0.009241402,0.47241732,-0.19082752,-0.90768373,-0.37375775
1356336110159,0.4613049,-0.49490684,0.7363864,-0.8614592,-0.051211663,0.5052379,-0.21233413,-0.86743563,-0.44996628
1356336110217,0.5119261,-0.53402907,0.672863,-0.82735413,-0.095770895,0.55345553,-0.23112066,-0.8400243,-0.4908588
1356336110239,0.57650626,-0.53860337,0.61444855,-0.7796071,-0.1374242,0.61100525,-0.24464938,-0.8312767,-0.4991249
1356336110279,0.6440097,-0.51568604,0.56508356,-0.7227632,-0.16805065,0.67035246,-0.25072873,-0.8401351,-0.4809451
1356336110316,0.7038915,-0.47559637,0.527584,-0.665206,-0.18092337,0.7244085,-0.24907382,-0.860857,-0.44372
