1356337072757,0.3293638,0.1731751,-0.9281863,-0.8950858,-0.25566354,-0.36531824,-0.30056748,0.951129,0.070800304
1356337072779,-0.059935182,-0.09292531,0.9938675,0.95187557,0.29448023,0.08493641,-0.30056706,0.95112896,0.07080364
1356337072815,-0.059940606,-0.09295729,0.9938641,0.9518783,0.29446742,0.08495039,-0.30055732,0.95112973,0.070833564
1356337072849,-0.059853554,-0.09298742,0.9938666,0.9518926,0.29444325,0.08487427,-0.30052954,0.9511343,0.070890546
1356337072889,-0.059585273,-0.09299937,0.9938816,0.9519353,0.2943797,0.084616154,-0.3004478,0.9511528,0.070988715
1356337072931,-0.05857697,-0.09276697,0.9939633,0.9520422,0.29433075,0.08357647,-0.3003071,0.9511907,0.07107705
1356337072970,-0.056346893,-0.0921264,0.99415183,0.95224035,0.2943421,0.0812476,-0.3001058,0.9512495,0.07114118
1356337073010,-0.052523196,-0.09100136,0.99446476,0.95254433,0.29443383,0.07725218,-0.29983416,0.95132935,0.07121819
1356337073052,-0.046949953,-0.089346945,0.99489343,0.95294017,0.29462358,0.071428925,-0.29950103,0.95142746,0.071309745
1356337073092,-0.039693475,-0.087107986,0.9954078,0.95337033,0.29497576,0.063830405,-0.2991813,0.9515259,0.07133758
1356337073130,-0.031082183,-0.08427474,0.9959577,0.9537331,0.29562208,0.054778993,-0.2990436,0.95158046,0.07118702
1356337073170,-0.02169171,-0.08101866,0.9964765,0.9539012,0.29674432,0.044891745,-0.29933578,0.9515139,0.070846915
1356337073211,-0.012283415,-0.07772556,0.9968992,0.95374537,0.2985678,0.035030216,-0.3003648,0.95121825,0.07046294
1356337073251,-0.0035960674,-0.07468715,0.9972006,0.95311105,0.3015002,0.02601847,-0.30259946,0.9505364,0.0701009
1356337073290,0.0038119256,-0.071985126,0.9973984,0.9519638,0.30565593,0.018421799,-0.3061868,0.949417,0.06969237
1356337073332,0.00934267,-0.0699549,0.9975064,0.95023715,0.31125927,0.012928575,-0.3113875,0.94774675,0.069381714
1356337073371,0.012477428,-0.06945288,0.9975072,0.9480698,0.31789634,0.010274947,-0.31781748,0.9455783,0.069812715
1356337073410,0.012977719,-0.07121381,0.9973767,0.945855,0.32440782,0.010855764,-0.32432988,0.9432328,0.07156801
1356337073450,0.011056572,-0.07602209,0.9970448,0.9438047,0.3301762,0.014708936,-0.3303187,0.94085294,0.07540065
1356337073491,0.006938815,-0.08437753,0.9964098,0.9421748,0.3344149,0.021757573,-0.33505014,0.9386411,0.08181876
1356337073530,0.0011596978,-0.09628677,0.99535304,0.9412857,0.33614573,0.031420738,-0.3376091,0.9368751,0.09102315
1356337073570,-0.00551188,-0.11069256,0.9938394,0.94144696,0.33447498,0.042474657,-0.3371161,0.93588126,0.10236758
1356337073610,-0.012101591,-0.12532175,0.99204236,0.94277704,0.32917106,0.053083807,-0.3332042,0.93591714,0.114166915
1356337073649,-0.017545223,-0.1369493,0.9904227,0.94511676,0.32096463,0.06112355,-0.32626152,0.9371375,0.12380165
1356337073690,-0.021053493,-0.14253157,0.9895663,0.94815093,0.31110638,0.064982325,-0.31712246,0.93962634,0.12859154
1356337073730,-0.022437513,-0.1403088,0.9898535,0.9515999,0.3005647,0.06417462,-0.3065193,0.9433844,0.12677395
1356337073799,-0.02230823,-0.13045898,0.9912027,0.9552034,0.28987628,0.05965066,-0.2951081,0.94813085,0.11814827
1356337073811,-0.021425426,-0.11366549,0.993288,0.95879304,0.27918816,0.052629888,-0.2832964,0.9534852,0.102999985
1356337073850,-0.021486431,-0.09264806,0.9954671,0.9620973,0.2688355,0.04578668,-0.271859,0.9587199,0.083360076
1356337073890,-0.023369968,-0.06935316,0.9973183,0.96506065,0.25885963,0.04061511,-0.26098222,0.96342194,0.060880482
1356337073930,-0.028363913,-0.046026736,0.9985374,0.96770513,0.24905476,0.038968086,-0.25048402,0.96739507,0.037476122
1356337073971,-0.037629753,-0.024965882,0.9989798,0.96999705,0.23936936,0.042520255,-0.24018669,0.9706075,0.015209436
1356337074010,-0.05137658,-0.007586628,0.9986505,0.9718342,0.22991484,0.051743627,-0.2299971,0.9731811,-0.0044392943
1356337074050,-0.06944075,0.005233258,0.99757236,0.97302794,0.22087255,0.0665735,-0.21998793,0.9752886,-0.02042967
1356337074090,-0.09110296,0.013242304,0.9957534,0.97333413,0.21256977,0.086224884,-0.21052524,0.97705615,-0.032254875
1356337074130,-0.115083516,0.016833961,0.99321324,0.9725245,0.20559943,0.10920161,-0.20236582,0.9784915,-0.040032566
1356337074170,-0.13997069,0.016691089,0.9900149,0.97049296,0.20058224,0.13382894,-0.19634566,0.9795347,-0.04427421
1356337074210,-0.16459179,0.013317168,0.98627186,0.967371,0.19744617,0.15877154,-0.19262123,0.9802233,-0.045380652
1356337074250,-0.1882753,0.0063467324,0.98209584,0.96354604,0.19473359,0.18346065,-0.1900827,0.9808356,-0.04277891
1356337074290,-0.21095139,-0.0048107803,0.9774847,0.9595556,0.18969005,0.20801574,-0.18641984,0.9818322,-0.0353992
1356337074330,-0.23232007,-0.019775838,0.97243834,0.95590436,0.18002301,0.23203108,-0.17964986,0.9834635,-0.022919118
1356337074370,-0.25148088,-0.03634125,0.9671797,0.95273554,0.16668779,0.25398842,-0.17044729,0.98533976,-0.0072951317
1356337074410,-0.26709884,-0.051735103,0.96227944,0.94992656,0.15390223,0.2719443,-0.162166,0.9867308,0.008037448
1356337074450,-0.27782995,-0.06417015,0.95848453,0.9474163,0.14662027,0.28443784,-0.15878567,0.98710924,0.02006036
1356337074490,-0.28216046,-0.07329038,0.95656365,0.9455266,0.14751095,0.2902069,-0.162373,0.98634124,0.027676225
1356337074530,-0.27874404,-0.079901904,0.9570358,0.944752,0.15614986,0.28820303,-0.17246899,0.98449636,0.03196162
1356337074571,-0.2653106,-0.08439118,0.9604627,0.94603497,0.16947699,0.27621624,-0.18608657,0.9819143,0.03487295
1356337074610,-0.23960745,-0.08639079,0.9670185,0.9500268,0.18441588,0.2518725,-0.200093,0.9790441,0.037886202
1356337074650,-0.19998622,-0.08553848,0.97605765,0.9564047,0.1993438,0.21342933,-0.21282741,0.97618914,0.04194343
1356337074690,-0.14619052,-0.08301443,0.9857671,0.9635915,0.21355802,0.16088626,-0.2238743,0.9733969,0.048771918
1356337074730,-0.08129233,-0.08400342,0.99314404,0.9689671,0.22672117,0.09849021,-0.23344031,0.97033036,0.06296581
1356337074798,-0.012591779,-0.0985145,0.995056,0.9702334,0.23948294,0.035987437,-0.24184424,0.96588963,0.09256649
1356337074811,0.049612194,-0.13828638,0.98914886,0.9673263,0.25319496,-0.013120085,-0.24863315,0.95748067,0.14632964
1356337074850,0.0985097,-0.20219108,0.97437906,0.96251595,0.2680005,-0.041698217,-0.25270304,0.94196314,0.22101283
1356337074890,0.12946224,-0.28064898,0.9510393,0.95824254,0.28203183,-0.047216028,-0.25497222,0.917439,0.30544227
1356337074930,0.14580685,-0.35121632,0.92487156,0.9546188,0.29535252,-0.03833759,-0.25969836,0.8884897,0.37834215
1356337074970,0.15339795,-0.39479315,0.9058739,0.9505595,0.30944332,-0.026104957,-0.27001062,0.86509144,0.4227423
1356337075010,0.15607736,-0.40383038,0.90142155,0.945982,0.32367417,-0.018789113,-0.2841793,0.85566115,0.4325345
1356337075050,0.15375632,-0.38160008,0.9114497,0.942193,0.33453858,-0.01888007,-0.29771045,0.8616643,0.4109783
1356337075090,0.1450769,-0.3364621,0.93045473,0.94053125,0.33885017,-0.024116337,-0.3071706,0.87862045,0.3656124
1356337075130,0.12908432,-0.27901697,0.95157075,0.9416816,0.33521387,-0.029452354,-0.31076205,0.8998785,0.30601597
1356337075170,0.106410146,-0.21933785,0.9698287,0.94558024,0.32395804,-0.03048274,-0.30749777,0.9202945,0.24187395
1356337075211,0.07824507,-0.16597724,0.9830205,0.95160854,0.3063731,-0.024015516,-0.297185,0.93732977,0.18191749
1356337075250,0.04582256,-0.12396401,0.9912281,0.95858985,0.28465688,-0.0087142885,-0.28107962,0.9505806,0.13187438
1356337075290,0.010231763,-0.09450367,0.99547195,0.9652041,0.26107505,0.014864087,-0.26129758,0.9606815,0.093886614
1356337075330,-0.027881712,-0.077397406,0.9966103,0.9705637,0.23650345,0.045520067,-0.23922488,0.96854305,0.06852502
1356337075370,-0.067935795,-0.07163134,0.9951148,0.97422266,0.2102947,0.08164719,-0.21511579,0.9750103,0.05549842
1356337075410,-0.10883838,-0.07405025,0.9912976,0.975712,0.18275303,0.12077886,-0.19010639,0.9803663,0.05236113
1356337075450,-0.14893216,-0.07983601,0.98561925,0.9744183,0.15780354,0.16002184,-0.16830963,0.98423785,0.054291666
1356337075490,-0.18629187,-0.085357636,0.9787795,0.97011507,0.14166427,0.19699708,-0.15547329,0.98622775,0.056415856
1356337075534,-0.21902943,-0.09008771,0.97155046,0.963023,0.1401425,0.2301017,-0.15688488,0.9860245,0.05606121
1356337075569,-0.245592,-0.09475577,0.964731,0.9551523,0.14619005,0.2575123,-0.16543481,0.98470795,0.0546031
1356337075609,-0.26360768,-0.099757046,0.9594579,0.9476148,0.15921158,0.27690747,-0.18038025,0.98219156,0.05256188
1356337075648,-0.27052695,-0.10362741,0.95711887,0.9422697,0.17529082,0.2853086,-0.19733998,0.9790478,0.050224006
1356337075688,-0.2653473,-0.104587466,0.95846343,0.94005656,0.19279516,0.28128925,-0.21420637,0.97564924,0.047160447
1356337075728,-0.24765003,-0.10225898,0.9634378,0.94100386,0.21130788,0.26431158,-0.23061022,0.97205555,0.04389572
1356337075798,-0.21850473,-0.10014388,0.97068375,0.94415104,0.22972387,0.23623237,-0.24664646,0.96808994,0.044355154
1356337075811,-0.18161759,-0.108107656,0.9774087,0.94789124,0.24532536,0.20326737,-0.2617579,0.96339417,0.057918906
1356337075850,-0.14366299,-0.13833603,0.9799102,0.9510629,0.25442332,0.17535123,-0.2735694,0.9571477,0.09501505
1356337075890,-0.11648315,-0.20392358,0.97203237,0.9535155,0.2509027,0.16690129,-0.27792066,0.9462891,0.16521835
1356337075930,-0.10787803,-0.29996666,0.9478303,0.9561529,0.22980446,0.18155313,-0.27227554,0.92585635,0.2620231
1356337075970,-0.11839992,-0.4020317,0.90793836,0.9581356,0.1937967,0.2107583,-0.260687,0.8948817,0.36225533
1356337076010,-0.14000958,-0.48299855,0.8643551,0.9576071,0.15591377,0.24223873,-0.25176582,0.8616283,0.44069338
1356337076050,-0.16214073,-0.53037345,0.8321144,0.95451844,0.12952423,0.2685478,-0.25020963,0.8378111,0.48525012
1356337076090,-0.17662,-0.54456073,0.819914,0.95071167,0.12130594,0.2853631,-0.25485802,0.82990265,0.49629518
1356337076130,-0.1787147,-0.5305797,0.82858086,0.94807947,0.13230217,0.2892084,-0.26307115,0.8372463,0.47938734
1356337076170,-0.16717368,-0.4941947,0.8531264,0.9474203,0.15894616,0.2777245,-0.27285114,0.85469747,0.44163853
1356337076210,-0.14325309,-0.44010276,0.886447,0.94857043,0.19442958,0.24982274,-0.28229922,0.8766452,0.3896157
1356337076250,-0.11106008,-0.37339714,0.92099965,0.9509287,0.22937119,0.20766208,-0.28879127,0.89886785,0.32960004
1356337076290,-0.07733518,-0.30084997,0.9505307,0.95402724,0.2545719,0.1581935,-0.289571,0.9190661,0.26733166
1356337076330,-0.050219744,-0.23084971,0.97169256,0.9578191,0.26450303,0.112342,-0.28294972,0.9363475,0.207829
1356337076370,-0.036723167,-0.17117378,0.9845563,0.9625716,0.25867912,0.08087674,-0.26852813,0.95067596,0.15526748
1356337076410,-0.041615278,-0.12766525,0.9909439,0.9681364,0.23997697,0.07157415,-0.24694124,0.96234745,0.113610625
1356337076451,-0.06617427,-0.1027652,0.992502,0.97339046,0.21205395,0.086856455,-0.21938977,0.97183967,0.08599824
1356337076490,-0.10740435,-0.09393525,0.9897679,0.97626793,0.17833996,0.12286502,-0.1880565,0.97947484,0.07255149
1356337076530,-0.1580661,-0.09407514,0.98293686,0.9748067,0.14378697,0.1705203,-0.15737522,0.985127,0.06897724
1356337076570,-0.21014977,-0.09594169,0.97295034,0.9683316,0.11678845,0.22066846,-0.13480067,0.9885119,0.06836027
1356337076610,-0.25773793,-0.09719244,0.9613141,0.95787394,0.104745984,0.26740578,-0.12668356,0.98973835,0.066101134
1356337076650,-0.2982996,-0.0994457,0.9492776,0.94503987,0.10870355,0.30835563,-0.13385445,0.9890875,0.061553955
1356337076690,-0.32914084,-0.10393524,0.93854344,0.9319923,0.124070585,0.34058315,-0.15184426,0.98681504,0.056030154
1356337076730,-0.3470497,-0.10912761,0.931476,0.9213921,0.14555901,0.36034575,-0.1749084,0.9833126,0.050033152
1356337076794,-0.34769446,-0.11105195,0.9310081,0.9165429,0.1690414,0.36245576,-0.19763032,0.9793327,0.043009102
1356337076810,-0.3282559,-0.10686323,0.93852454,0.9190941,0.19314885,0.34345242,-0.21797734,0.9753326,0.034815073
1356337076850,-0.2875579,-0.09873283,0.9526607,0.9282131,0.21644258,0.3026104,-0.23607397,0.9712901,0.029405296
1356337076890,-0.23017198,-0.09718093,0.96828544,0.9399158,0.23561019,0.24707502,-0.2521489,0.9669766,0.037111044
1356337076930,-0.17159313,-0.12139398,0.97766006,0.9489147,0.24636793,0.19713888,-0.2647955,0.9615437,0.07291752
1356337076970,-0.12616378,-0.18281046,0.97501945,0.9542948,0.24607092,0.16961893,-0.27093205,0.9518558,0.14340985
1356337077010,-0.10045415,-0.2729033,0.9567826,0.957754,0.2339325,0.1672807,-0.26947406,0.9331664,0.23787469
1356337077050,-0.08331895,-0.36139908,0.92868114,0.9607972,0.21816081,0.17109829,-0.2644366,0.90652996,0.3290543
1356337077090,-0.055541337,-0.41832444,0.906598,0.96377563,0.21477139,0.1581445,-0.26086703,0.8825406,0.39124224
1356337077130,-0.0045327544,-0.4304332,0.902611,0.9655029,0.2331183,0.116017014,-0.26035273,0.8719995,0.41452783
1356337077170,0.06666261,-0.4004216,0.913903,0.9627329,0.26642507,0.046508342,-0.26210964,0.87674415,0.4032596
1356337077210,0.1435903,-0.33940712,0.92961526,0.95349896,0.29897562,-0.03812197,-0.26499343,0.8918612,0.36655435
1356337077250,0.20827848,-0.26415864,0.941722,0.9408997,0.31702793,-0.11916843,-0.26707286,0.91088617,0.3145768
1356337077290,0.24903294,-0.1905764,0.94955957,0.9313146,0.31617644,-0.1807915,-0.2657738,0.9293617,0.2562249
1356337077330,0.26093787,-0.13019526,0.9565357,0.9299761,0.2996961,-0.21290049,-0.25895134,0.9451091,0.19928056
1356337077370,0.243988,-0.08831856,0.9657482,0.93805087,0.27413532,-0.21192059,-0.24602911,0.95762706,0.1497331
1356337077410,0.20276585,-0.06335488,0.9771756,0.9523462,0.24497059,-0.18173113,-0.2278657,0.96745837,0.110007435
1356337077450,0.1418949,-0.051531345,0.98853946,0.9680463,0.21582022,-0.12770283,-0.2067661,0.9750724,0.08050853
1356337077490,0.06592202,-0.049966186,0.996573,0.9805144,0.18847066,-0.055410177,-0.18505618,0.98080695,0.061416924
1356337077530,-0.019800097,-0.056819826,0.998188,0.9863684,0.16201404,0.02878797,-0.16335616,0.9851512,0.05283743
1356337077570,-0.108781636,-0.068574995,0.99169755,0.9837321,0.13604498,0.11731523,-0.14296043,0.9883265,0.052660167
1356337077610,-0.1921215,-0.08074877,0.97804344,0.97299695,0.114243805,0.20056239,-0.12793061,0.9901657,0.056619585
1356337077650,-0.2637716,-0.09145251,0.96024,0.9566654,0.102502465,0.27255192,-0.1233525,0.9905199,0.060452282
1356337077690,-0.3211249,-0.10121405,0.9416127,0.9380287,0.10281706,0.33095443,-0.13031113,0.9895375,0.061924577
1356337077730,-0.36255378,-0.1110363,0.92532456,0.9203967,0.113279104,0.37421614,-0.14637148,0.9873392,0.061127722
1356337077795,-0.38644755,-0.120217204,0.9144431,0.9071541,0.129466,0.4003874,-0.1665228,0.9842695,0.05902368
1356337077810,-0.39159954,-0.12665236,0.91137755,0.900965,0.14835328,0.40774184,-0.18684733,0.9807908,0.05601424
1356337077850,-0.37632865,-0.128021,0.91759866,0.9035605,0.16824716,0.39404473,-0.2048294,0.97739625,0.052358508
1356337077890,-0.33998954,-0.12462205,0.93213546,0.91438156,0.18785924,0.3586298,-0.21980345,0.9742578,0.05008191
1356337077930,-0.28729242,-0.123365104,0.94986534,0.92926544,0.20452976,0.30762544,-0.23222601,0.9710555,0.055879056
1356337077970,-0.22723389,-0.13781592,0.9640391,0.9434401,0.21426028,0.25300843,-0.24142382,0.9670053,0.081333935
1356337078010,-0.17604929,-0.18369126,0.9670905,0.9535464,0.21214396,0.21387881,-0.24445006,0.9598189,0.13781035
1356337078050,-0.14465791,-0.26292127,0.9539112,0.9602943,0.19512099,0.19940594,-0.23855624,0.9448811,0.22425592
1356337078090,-0.13053352,-0.3543353,0.925963,0.9651841,0.16811305,0.2003938,-0.22667307,0.9198829,0.32005444
1356337078130,-0.12245774,-0.4293261,0.894809,0.96846426,0.14542162,0.2023105,-0.21698177,0.891365,0.39797902
1356337078170,-0.1096043,-0.46987617,0.8759014,0.97044885,0.14000374,0.19654012,-0.214979,0.87155914,0.44064572
1356337078210,-0.0880093,-0.47292817,0.87669456,0.97154534,0.15353268,0.18035352,-0.21989548,0.8676213,0.44595885
1356337078250,-0.059027493,-0.44208643,0.8950282,0.9716686,0.18010575,0.15304264,-0.22885782,0.8787044,0.4189303
1356337078290,-0.030495882,-0.3878685,0.92121005,0.970654,0.20845693,0.119901866,-0.23853874,0.89783275,0.37012905
1356337078330,-0.0077103376,-0.31971222,0.94748336,0.9693149,0.23042238,0.0856401,-0.24570161,0.91907,0.30812514
1356337078370,0.002486229,-0.24978313,0.9682987,0.96896434,0.2399553,0.05941108,-0.2471883,0.93809915,0.2426275
1356337078410,-0.0031231642,-0.18780142,0.98220205,0.97041744,0.23654938,0.04831502,-0.24141291,0.9532969,0.18150699
1356337078450,-0.02565232,-0.13979355,0.98984826,0.97314405,0.22309807,0.056727022,-0.2287632,0.96472013,0.13031632
1356337078490,-0.06393111,-0.107574016,0.99213934,0.97538185,0.20351702,0.08491793,-0.21105218,0.9731437,0.09191471
1356337078530,-0.11469334,-0.09000647,0.989315,0.97510207,0.18006736,0.12942794,-0.18979257,0.9795277,0.06711304
1356337078570,-0.17442262,-0.08409709,0.98107314,0.9704791,0.15386808,0.18572855,-0.16657516,0.98450613,0.05477631
1356337078610,-0.23688626,-0.085348785,0.96778125,0.96092635,0.12623966,0.24634147,-0.14319736,0.9883214,0.05210948
1356337078650,-0.29648554,-0.089277744,0.9508554,0.9469986,0.10142511,0.30480593,-0.123653054,0.99082917,0.05447477
1356337078690,-0.34900713,-0.09359223,0.9324346,0.9302433,0.08571786,0.35679084,-0.1133191,0.99191374,0.057147443
1356337078730,-0.39227843,-0.09905967,0.914497,0.91250575,0.083442986,0.4004629,-0.11597809,0.9915768,0.057659566
1356337078824,-0.42508465,-0.10690862,0.8988178,0.8957601,0.093001306,0.43470052,-0.13006437,0.98990977,0.05623114
1356337078824,-0.44601935,-0.11657375,0.8873992,0.88223475,0.109745264,0.45784038,-0.15076005,0.98710006,0.053896844
1356337078835,-0.45318067,-0.1243453,0.88270354,0.8751524,0.12624341,0.46708766,-0.16951564,0.9841752,0.051610053
1356337078868,-0.4515931,-0.12937081,0.882795,0.87276983,0.14143765,0.46719196,-0.18530145,0.9814575,0.04903859
1356337078896,-0.4403615,-0.13065687,0.8882627,0.875677,0.15587068,0.45704946,-0.19817072,0.9790981,0.045773745
1356337078939,-0.41967058,-0.12907025,0.89845276,0.8831793,0.1703471,0.43700808,-0.20945355,0.97689444,0.042502522
1356337078979,-0.38382208,-0.13039416,0.9141543,0.8966268,0.1840629,0.4027174,-0.22077394,0.974227,0.04626745
1356337079019,-0.3435995,-0.14830682,0.9273319,0.90978146,0.19230825,0.36785218,-0.23288855,0.9700632,0.0688498
1356337079058,-0.311603,-0.19577292,0.929826,0.9182223,0.18973327,0.34766227,-0.24448177,0.96211964,0.12064165
1356337079099,-0.29817462,-0.2756637,0.9138389,0.920215,0.17131263,0.35193235,-0.25356716,0.9458656,0.20258874
1356337079139,-0.30179042,-0.36833104,0.8793492,0.916968,0.14031202,0.37347332,-0.26094514,0.9190457,0.29540288
1356337079179,-0.31314266,-0.44663614,0.8381276,0.91060835,0.10940683,0.39852563,-0.2696928,0.8880013,0.3724506
1356337079219,-0.3222549,-0.49382997,0.8076408,0.90429425,0.09176576,0.41693032,-0.2800065,0.8647028,0.41699567
1356337079259,-0.32336062,-0.50743127,0.7987186,0.90110636,0.09254521,0.4236068,-0.28886887,0.8567082,0.42732406
1356337079298,-0.31495976,-0.4927106,0.81119454,0.90224814,0.10979974,0.41700393,-0.2945312,0.8632383,0.40996468
1356337079339,-0.29789728,-0.45584226,0.8387283,0.90717864,0.13829118,0.39736944,-0.29712653,0.87925166,0.37233377
1356337079379,-0.2763123,-0.4044542,0.8718189,0.91421056,0.16918135,0.36823446,-0.29642943,0.89877385,0.32300955
1356337079419,-0.25495994,-0.34546924,0.9031315,0.92213047,0.1941973,0.33460855,-0.29098263,0.9181168,0.26905513
1356337079459,-0.23972839,-0.28631708,0.92765987,0.9297048,0.20748973,0.30429745,-0.2796055,0.9353986,0.2164492
1356337079498,-0.23588043,-0.23382896,0.94323087,0.9355733,0.20784181,0.28548986,-0.26279858,0.94980305,0.1697383
1356337079539,-0.24549013,-0.1917004,0.9502555,0.9387806,0.19740725,0.28234977,-0.24171385,0.96139556,0.13150305
1356337079579,-0.26891404,-0.16137621,0.94954884,0.9382441,0.17891675,0.2961195,-0.21767679,0.9705393,0.103297114
1356337079619,-0.30234504,-0.14130741,0.9426663,0.9338489,0.15434146,0.32265306,-0.19108579,0.97786045,0.08529532
1356337079659,-0.3406936,-0.12826002,0.93138456,0.9257585,0.12704962,0.35613146,-0.16400954,0.9835689,0.075452745
1356337079698,-0.37847877,-0.11907703,0.9179186,0.91472894,0.10349375,0.39058936,-0.14150912,0.98747647,0.06975299
1356337079739,-0.41158122,-0.112419754,0.9044129,0.9021771,0.090360105,0.42179564,-0.12914103,0.9895438,0.06423199
1356337079796,-0.43750107,-0.108722776,0.8926209,0.8899015,0.09017211,0.44715133,-0.129105,0.9899739,0.057302177
1356337079820,-0.45415705,-0.10854712,0.8842844,0.87987983,0.10113472,0.46430936,-0.1398313,0.98893344,0.049577355
1356337079860,-0.45902354,-0.11063677,0.88150823,0.87443256,0.11913633,0.4702916,-0.15705118,0.98669446,0.04205805
1356337079900,-0.4485442,-0.111498,0.8867787,0.8762198,0.1407479,0.46090013,-0.17620173,0.98374707,0.03456503
1356337079940,-0.4188006,-0.10718143,0.90173066,0.88682353,0.16531402,0.43152666,-0.19532037,0.9803996,0.025817454
1356337079980,-0.36383045,-0.095300406,0.9265771,0.9064672,0.19268489,0.3757521,-0.21434674,0.97662187,0.016282082
1356337080026,-0.2836637,-0.08185071,0.9554242,0.9295456,0.22126406,0.29493594,-0.23554173,0.9717729,0.013319373
1356337080060,-0.16771388,-0.06890115,0.983425,0.9519441,0.247998,0.17972046,-0.2562704,0.9663072,0.023997307
1356337080100,-0.06989351,-0.09173864,0.99332714,0.9590381,0.26784638,0.09221777,-0.27451897,0.95908403,0.06926018
1356337080140,-5.77271E-4,-0.15952468,0.9871938,0.9585154,0.28130174,0.04601717,-0.28504017,0.946267,0.15274447
1356337080181,0.041930825,-0.25461754,0.9661324,0.95750284,0.2864215,0.033928066,-0.28535983,0.9236518,0.25580686
1356337080220,0.07854861,-0.33910245,0.9374645,0.95706743,0.28884572,0.024291009,-0.2790197,0.89530873,0.34723234
1356337080260,0.12980351,-0.38294876,0.91460437,0.95374,0.30048087,-0.009545088,-0.2711658,0.87353384,0.4042371
1356337080300,0.19736299,-0.38016656,0.9036157,0.9439951,0.3223236,-0.070575416,-0.26442626,0.8669377,0.42249003
1356337080340,0.26955286,-0.33905584,0.9013226,0.9272459,0.34400728,-0.14789835,-0.25991574,0.87561417,0.40711632
1356337080380,0.3303355,-0.2764056,0.90248454,0.90802014,0.35405904,-0.22392339,-0.25763914,0.893444,0.36794013
1356337080420,0.37184075,-0.20672554,0.90498567,0.8924286,0.3479832,-0.28719166,-0.25555,0.91442466,0.31388205
1356337080460,0.39191055,-0.14188334,0.90899676,0.8852978,0.3269781,-0.33065552,-0.2503075,0.9343203,0.2537552
1356337080500,0.39183795,-0.09002161,0.9156195,0.8883087,0.29610848,-0.35103765,-0.23952171,0.9509027,0.19599351
1356337080540,0.37471616,-0.05376005,0.9255796,0.89993334,0.26115906,-0.3491646,-0.22295243,0.96379757,0.14624095
1356337080580,0.3428496,-0.031778216,0.93885267,0.9172187,0.2271806,-0.3272597,-0.20288941,0.9733341,0.10703632
1356337080620,0.29798797,-0.021169126,0.95433486,0.9369236,0.19782862,-0.28816316,-0.18269464,0.980008,0.078784406
1356337080660,0.24204677,-0.019920021,0.97006005,0.95625496,0.17418218,-0.23502544,-0.16428548,0.984512,0.061208814
1356337080700,0.1774297,-0.026097804,0.9837874,0.97287595,0.1554201,-0.17133877,-0.14842871,0.98750365,0.052966088
1356337080740,0.109368354,-0.03600931,0.9933488,0.984583,0.1411672,-0.10328582,-0.136509,0.98933065,0.050893426
1356337080796,0.044792444,-0.04484734,0.9979892,0.9903581,0.13308212,-0.038469583,-0.13108921,0.9900899,0.050375998
1356337080820,-0.008840799,-0.05031562,0.99869424,0.99096155,0.1332494,0.015485644,-0.13385457,0.9898045,0.04868281
1356337080860,-0.04657647,-0.053085357,0.9975033,0.98852015,0.14123496,0.053673238,-0.14373162,0.98855186,0.045897663
1356337080902,-0.06457916,-0.053772658,0.99646276,0.98543835,0.15395537,0.07217264,-0.15729171,0.9866135,0.04304737
1356337080938,-0.060195416,-0.050934047,0.99688625,0.9832982,0.16882107,0.068000555,-0.17175889,0.9843298,0.039921105
1356337080979,-0.031199217,-0.04207465,0.9986272,0.9821203,0.18428636,0.038447976,-0.18565106,0.9819716,0.035572767
1356337081019,0.020287752,-0.02735433,0.9994199,0.9798014,0.19945174,-0.014430523,-0.19894132,0.9795258,0.030848205
1356337081059,0.08798528,-0.013021737,0.99603665,0.97336054,0.21365595,-0.08318895,-0.21172592,0.9768222,0.0314734
1356337081098,0.15934157,-0.012426674,0.98714525,0.9615855,0.22835368,-0.15234116,-0.2235251,0.97349894,0.04833561
1356337081139,0.22203466,-0.042191744,0.9741255,0.9469191,0.24753436,-0.20511219,-0.23247552,0.96796,0.09491339
1356337081179,0.27025926,-0.108608425,0.9566421,0.93344706,0.27298468,-0.23271424,-0.23587388,0.95586795,0.17515686
1356337081219,0.30280071,-0.19968277,0.9319004,0.92396206,0.30125326,-0.23567036,-0.23367867,0.9324019,0.27571908
1356337081259,0.32274425,-0.2864646,0.90209424,0.918103,0.3264101,-0.2248185,-0.23005006,0.90077436,0.36835104
1356337081298,0.33387938,-0.3438246,0.87767255,0.9144789,0.34394613,-0.21314156,-0.2285887,0.8737767,0.42925692
1356337081340,0.33792204,-0.36403757,0.86792016,0.9127186,0.35179627,-0.20780787,-0.22968116,0.8623897,0.45114356
1356337081380,0.33329216,-0.35441527,0.8736739,0.9137162,0.34989628,-0.20662838,-0.232463,0.86715764,0.44045264
1356337081421,0.32000834,-0.32289794,0.8906916,0.91741025,0.34033602,-0.20622751,-0.23654395,0.8831241,0.40514028
1356337081460,0.29794848,-0.27969277,0.9126876,0.9237262,0.32560492,-0.20177051,-0.24074179,0.9031906,0.35537305
1356337081500,0.26943898,-0.23255482,0.93451643,0.93185914,0.30780828,-0.19207457,-0.24298406,0.92259,0.29964384
1356337081540,0.23715386,-0.18673825,0.95335567,0.94105613,0.28779933,-0.17772165,-0.24118772,0.9393085,0.24398383
1356337081580,0.20307207,-0.14581269,0.9682461,0.9507051,0.26603365,-0.15932992,-0.23435369,0.9528719,0.19264886
1356337081620,0.1684685,-0.112238586,0.9792961,0.9601781,0.2433292,-0.13729128,-0.22288194,0.9634279,0.14876232
1356337081660,0.13428894,-0.08775148,0.9870492,0.96906817,0.21975961,-0.11230537,-0.20705858,0.97159934,0.114548475
1356337081700,0.10068235,-0.07388747,0.9921713,0.97720325,0.19469425,-0.084664494,-0.18691444,0.9780772,0.09180534
1356337081740,0.067617595,-0.0706,0.99521023,0.9842788,0.1678502,-0.054967582,-0.16316551,0.9832812,0.08083975
1356337081796,0.034815013,-0.07366389,0.9966752,0.9894987,0.14253008,-0.02402994,-0.14028603,0.9870454,0.07785255
1356337081820,0.0033145845,-0.07733834,0.9969994,0.9921434,0.12494263,0.006393492,-0.1250622,0.98914516,0.07714486
1356337081860,-0.02569294,-0.078540415,0.99657977,0.99205136,0.12083852,0.035099506,-0.12318194,0.98956025,0.07481146
1356337081900,-0.05047667,-0.07806763,0.9956694,0.989679,0.12996817,0.060363412,-0.13411778,0.98844004,0.07070148
1356337081940,-0.06893715,-0.07730791,0.9946211,0.98584974,0.14742479,0.07978788,-0.15280002,0.9860474,0.06605095
1356337081980,-0.07880676,-0.07578924,0.9940047,0.98184097,0.16669875,0.0905526,-0.17256227,0.98309076,0.06127602
1356337082020,-0.07815474,-0.07135302,0.9943845,0.9786044,0.18493325,0.09018454,-0.19032967,0.9801574,0.055372953
1356337082060,-0.06583163,-0.0629617,0.99584234,0.976161,0.20279613,0.077352285,-0.20682314,0.97719467,0.048110366
1356337082100,-0.04241553,-0.05428052,0.9976244,0.9735732,0.2220262,0.053473413,-0.22440127,0.97352856,0.04342878
1356337082140,-0.010930151,-0.055616736,0.99839234,0.96961224,0.24344936,0.024176687,-0.24440262,0.96831775,0.051265717
1356337082180,0.022299618,-0.08212826,0.99637234,0.96392596,0.26617035,3.6618114E-4,-0.26523495,0.96042097,0.08510101
1356337082220,0.049690098,-0.14400536,0.9883286,0.9583126,0.28564677,-0.006560594,-0.2813681,0.9474536,0.15219593
1356337082260,0.06438199,-0.23719054,0.9693274,0.9557105,0.29418543,0.008508444,-0.28718013,0.92584854,0.24562573
1356337082300,0.06556338,-0.3347734,0.9400151,0.9567591,0.28863746,0.036062986,-0.2833965,0.89700353,0.33922148
1356337082340,0.05903083,-0.40577003,0.91206694,0.95944834,0.27533776,0.060397714,-0.27563408,0.87151575,0.40556887
1356337082380,0.052716732,-0.4350169,0.8988778,0.9620497,0.26345444,0.07107866,-0.26773375,0.86101806,0.4323963
1356337082420,0.051190555,-0.4238321,0.90429306,0.96386206,0.25800425,0.06636101,-0.26143742,0.86821663,0.42172304
1356337082460,0.055335402,-0.38134894,0.92277354,0.9644934,0.25944877,0.04938358,-0.2582448,0.88727635,0.38216528
1356337082500,0.06357348,-0.31927735,0.9455265,0.9640761,0.26449442,0.024491578,-0.25790608,0.91000247,0.3246225
1356337082540,0.073162675,-0.24962482,0.9655748,0.963624,0.26723266,-0.003928691,-0.25705236,0.93073857,0.26009598
1356337082580,0.080495,-0.18429121,0.97957,0.96451163,0.26234168,-0.029902041,-0.25147134,0.9472136,0.19886822
1356337082620,0.081900895,-0.13281065,0.98775184,0.9675403,0.24833912,-0.04683402,-0.23907736,0.95952547,0.14883888
1356337082660,0.07465744,-0.099570036,0.9922259,0.9725112,0.22734547,-0.050359935,-0.22056377,0.9687104,0.11380601
1356337082700,0.057484984,-0.084068954,0.99480045,0.9786162,0.20186853,-0.039490223,-0.19749904,0.9757979,0.09387565
1356337082740,0.029951513,-0.08254531,0.99613714,0.9845606,0.17438716,-0.015152782,-0.17246282,0.9812112,0.08649397
1356337082795,-0.006169766,-0.09047741,0.9958795,0.98907787,0.14611158,0.019402117,-0.14726502,0.98512197,0.0885877
1356337082820,-0.047883153,-0.10195571,0.9936359,0.9910249,0.11944866,0.06001377,-0.12480727,0.9875915,0.09532106
1356337082860,-0.09024125,-0.1112178,0.9896904,0.98987836,0.09927708,0.1014148,-0.109532684,0.98882496,0.10113323
1356337082900,-0.128734,-0.11544034,0.9849372,0.98603797,0.09088725,0.1395303,-0.10562566,0.98914766,0.10212821
1356337082940,-0.15976387,-0.11547738,0.9803777,0.9805407,0.09621233,0.1711232,-0.11408523,0.98863953,0.097859025
1356337082980,-0.18047112,-0.11357418,0.97700113,0.9747025,0.1125074,0.19312525,-0.13185388,0.98713887,0.09039664
1356337083020,-0.1876533,-0.11032742,0.9760195,0.9699821,0.1356498,0.20182618,-0.1546638,0.9845948,0.08156049
1356337083060,-0.17714655,-0.10403463,0.9786705,0.96793616,0.1615293,0.19237438,-0.17809758,0.981369,0.072084546
1356337083101,-0.14646256,-0.09244886,0.98488677,0.96865714,0.18852544,0.16174549,-0.20062935,0.9777072,0.06193936
1356337083140,-0.09418988,-0.07631755,0.9926247,0.97040343,0.21566093,0.10866231,-0.22236317,0.97348136,0.053745747
1356337083180,-0.026355684,-0.06363982,0.9976249,0.96943444,0.24189341,0.041041702,-0.24393073,0.96821356,0.05531937
1356337083220,0.04489529,-0.06956792,0.9965664,0.9634272,0.26682222,-0.02477613,-0.26418236,0.9612316,0.07900274
1356337083260,0.10515079,-0.10932061,0.9884292,0.95460355,0.28965393,-0.06951651,-0.27870283,0.9508678,0.13481516
1356337083301,0.14598754,-0.18498355,0.97183776,0.9481645,0.3064492,-0.084100604,-0.2822616,0.9337398,0.22013262
1356337083340,0.17084962,-0.2763388,0.9457522,0.94614744,0.31389767,-0.07920349,-0.2749824,0.908353,0.3150866
1356337083380,0.1920946,-0.35123944,0.916368,0.945349,0.31691077,-0.07669935,-0.26346704,0.88102114,0.39292076
1356337083420,0.2203787,-0.38837263,0.8947625,0.9419161,0.32306874,-0.09176427,-0.25343108,0.8630141,0.4370119
1356337083460,0.25785887,-0.38425756,0.8864846,0.93425536,0.33307976,-0.12737685,-0.24632454,0.8610482,0.4448822
1356337083500,0.29940322,-0.34681183,0.88886404,0.9228832,0.34171358,-0.17753428,-0.2421659,0.87347203,0.42237696
1356337083540,0.33814573,-0.2878078,0.89600444,0.9097867,0.34350324,-0.23300952,-0.24071845,0.89396423,0.3779979
1356337083580,0.3691241,-0.21922705,0.90315384,0.8977492,0.33547848,-0.2854828,-0.24040312,0.9161843,0.32064414
1356337083620,0.39015192,-0.15167281,0.90817225,0.88930607,0.31763917,-0.32899836,-0.23857102,0.9360025,0.2588111
1356337083660,0.40111858,-0.09358901,0.9112326,0.8858822,0.29272574,-0.35989478,-0.23305902,0.9516053,0.20032659
1356337083700,0.40306586,-0.049904495,0.9138093,0.88754594,0.26479745,-0.3770205,-0.2231594,0.96301186,0.15102333
1356337083740,0.3971094,-0.022043318,0.9175066,0.89355695,0.23741257,-0.38103977,-0.20942819,0.97115886,0.11397573
1356337083796,0.38377494,-0.009186417,0.923381,0.9029803,0.21299176,-0.37317705,-0.19324437,0.97701085,0.090036035
1356337083820,0.36341572,-0.009253234,0.93158114,0.914873,0.1923315,-0.35498732,-0.17588761,0.98128635,0.07836181
1356337083860,0.3366214,-0.017695993,0.94147384,0.928048,0.17549914,-0.32852238,-0.15941432,0.9843206,0.075499475
1356337083935,0.30540395,-0.027304709,0.95183134,0.9406957,0.1637153,-0.2971345,-0.14771625,0.98612964,0.0756847
1356337083937,0.27299514,-0.033590376,0.9614288,0.9514193,0.15734932,-0.26465553,-0.14239031,0.98697156,0.07491416
1356337083965,0.24467605,-0.032913327,0.9690461,0.9581819,0.16116643,-0.23645902,-0.14839515,0.9863783,0.070970476
1356337083999,0.2199794,-0.030231893,0.9750359,0.9624266,0.16984326,-0.21186838,-0.15919805,0.98500717,0.06645805
1356337084039,0.2013908,-0.02518189,0.97918725,0.96346146,0.18531603,-0.19339067,-0.17658916,0.98235625,0.061582714
1356337084079,0.19246995,-0.018997192,0.9811189,0.9617854,0.20206642,-0.18476468,-0.19474122,0.97918755,0.05716291
1356337084118,0.19502807,-0.011062771,0.9807353,0.9580301,0.21634924,-0.18807247,-0.21010068,0.9762534,0.05279264
1356337084159,0.20933807,-0.001072079,0.97784275,0.952247,0.22752821,-0.20360905,-0.22226852,0.9737709,0.04865122
1356337084199,0.23391888,0.00647223,0.9722346,0.9441325,0.23726192,-0.22873703,-0.23215464,0.9714242,0.049389422
1356337084239,0.26438367,-4.6360493E-4,0.96441746,0.93404055,0.24912816,-0.25593644,-0.24014494,0.9684704,0.066298425
1356337084279,0.29665396,-0.03580889,0.95431346,0.9230013,0.26720455,-0.27689406,-0.2450816,0.9629743,0.11231893
1356337084319,0.32692873,-0.104038864,0.9393047,0.91282976,0.29207844,-0.28536293,-0.24466178,0.95071864,0.19045863
1356337084359,0.35091114,-0.19001645,0.916927,0.90527123,0.31925023,-0.28029168,-0.23946914,0.9284251,0.28404486
1356337084399,0.36434156,-0.26645163,0.8923333,0.9011295,0.34265786,-0.26561514,-0.23499149,0.9008825,0.36495188
1356337084439,0.36468992,-0.3140974,0.87655246,0.9008802,0.35702392,-0.24687824,-0.2354064,0.8797027,0.41316712
1356337084479,0.35063106,-0.32966986,0.87657046,0.9052758,0.35903984,-0.22708178,-0.23986176,0.8731599,0.4243326
1356337084518,0.32179946,-0.31986436,0.8911408,0.914212,0.34981036,-0.20457047,-0.24629548,0.8805223,0.40499264
1356337084559,0.2795621,-0.29180712,0.9147096,0.9259775,0.33377203,-0.17652726,-0.25379258,0.89635086,0.36351684
1356337084599,0.22608188,-0.25427076,0.9403368,0.93865526,0.31492934,-0.14051941,-0.26040968,0.9144211,0.30987242
1356337084639,0.16600177,-0.2135745,0.96271974,0.95037854,0.29512295,-0.09840223,-0.2631045,0.9312831,0.25196755
1356337084678,0.10349196,-0.17558652,0.97900903,0.9601664,0.27449673,-0.052268744,-0.2595571,0.945421,0.1970005
1356337084718,0.0419403,-0.14442176,0.98862696,0.96759444,0.252475,-0.004165739,-0.24900195,0.9567647,0.15033054
1356337084759,-0.017663717,-0.123012215,0.99224794,0.97247183,0.22850698,0.0456405,-0.2323499,0.96573937,0.11558968
1356337084799,-0.07531348,-0.112452626,0.99079883,0.97454774,0.20210043,0.09701601,-0.21115056,0.9728874,0.09436959
1356337084837,-0.1319623,-0.11045134,0.98508203,0.97307754,0.17500633,0.14997655,-0.1889607,0.97835237,0.08438343
1356337084878,-0.18478608,-0.11359361,0.9761919,0.9683888,0.1483106,0.20056704,-0.16756272,0.9823953,0.08259708
1356337084918,-0.23410136,-0.11752513,0.9650825,0.9604089,0.12625587,0.24834281,-0.15103385,0.9850113,0.08331555
1356337084959,-0.27780467,-0.11961371,0.9531616,0.9498158,0.11431199,0.29117468,-0.14378628,0.98621774,0.08185458
1356337084999,-0.31369406,-0.120355666,0.9418655,0.9380788,0.11426604,0.32703432,-0.14698368,0.98613274,0.077058494
1356337085048,-0.33931053,-0.12081775,0.9328834,0.9267225,0.12723649,0.35354808,-0.16141164,0.9844867,0.06879187
1356337085088,-0.3493706,-0.12022817,0.92923915,0.9202837,0.14238065,0.36442524,-0.1761199,0.9824831,0.06090039
1356337085128,-0.3446837,-0.11676425,0.9314286,0.91952044,0.15764958,0.36003998,-0.18887907,0.9805676,0.05302787
1356337085169,-0.32221115,-0.108815074,0.94039315,0.9253508,0.17341745,0.33712366,-0.19976467,0.97881854,0.044815063
1356337085209,-0.2804448,-0.09813091,0.9548408,0.936609,0.18969226,0.294585,-0.21003374,0.9769274,0.038712084
1356337085248,-0.22175795,-0.09250647,0.97070384,0.94983286,0.20466536,0.23649424,-0.22054672,0.9744509,0.042479515
1356337085289,-0.15414768,-0.10717654,0.9822177,0.9608952,0.2151888,0.17428207,-0.2300412,0.97067344,0.06981456
1356337085329,-0.088974,-0.15584847,0.9837657,0.96815515,0.21851295,0.12217894,-0.234007,0.9633086,0.13144344
1356337085369,-0.03810233,-0.2380037,0.97051656,0.9728075,0.21321082,0.09047887,-0.22845891,0.9475733,0.22340804
1356337085409,-0.003979683,-0.32933137,0.944206,0.97616076,0.20362812,0.07513818,-0.21701226,0.9219959,0.32066995
1356337085449,0.020184398,-0.39834684,0.91701275,0.9777574,0.19938326,0.06508988,-0.20876533,0.89530224,0.39351106
1356337085489,0.04292816,-0.4286306,0.90245944,0.97718656,0.20607108,0.051392376,-0.20799917,0.8796651,0.42769825
1356337085528,0.06810266,-0.42061055,0.90468156,0.97466445,0.22169155,0.029699475,-0.21305212,0.87973845,0.42505193
1356337085569,0.09512222,-0.38140413,0.9195013,0.97036064,0.24166131,-1.437664E-4,-0.22215307,0.89226156,0.3930869
1356337085609,0.11921045,-0.32296684,0.93887234,0.9651005,0.25976905,-0.033181548,-0.23317346,0.9100618,0.34266266
1356337085649,0.13637662,-0.2567857,0.9567981,0.9606101,0.27034318,-0.06436521,-0.24213576,0.9278878,0.2835394
1356337085688,0.14300859,-0.19460034,0.9704015,0.95899856,0.26964486,-0.08725464,-0.24468395,0.94309187,0.22518304
1356337085729,0.13816115,-0.14398602,0.9798876,0.96130455,0.25758526,-0.09769106,-0.2383385,0.95546734,0.17400262
1356337085796,0.12170565,-0.108285576,0.98664176,0.9670198,0.23700833,-0.0932731,-0.22374216,0.9654539,0.13355955
1356337085811,0.09615725,-0.086233586,0.99162376,0.9745145,0.2110045,-0.07614884,-0.20267048,0.97367394,0.10432547
1356337085850,0.06319982,-0.075617254,0.99513197,0.9819284,0.1829431,-0.048459917,-0.17838809,0.98021114,0.08581275
1356337085890,0.025189877,-0.07392788,0.9969454,0.98774505,0.15549725,-0.013426602,-0.15402961,0.9850661,0.07693893
1356337085930,-0.014887065,-0.07748079,0.9968827,0.9910381,0.13121924,0.024998605,-0.13274705,0.9883209,0.074832976
1356337085989,-0.053323567,-0.081692874,0.9952301,0.9914871,0.11422461,0.062499106,-0.11878553,0.9900904,0.07490659
1356337086009,-0.08659667,-0.08350432,0.99273765,0.98947775,0.108727396,0.09545791,-0.11590895,0.99055815,0.07321024
1356337086049,-0.111996114,-0.08247346,0.9902802,0.98583525,0.11597794,0.1211524,-0.124842465,0.9898218,0.0683161
1356337086085,-0.12735099,-0.0795809,0.98866004,0.9816694,0.13238919,0.13710701,-0.14179903,0.987998,0.06126219
1356337086115,-0.13082355,-0.075633496,0.98851645,0.9785565,0.150159,0.14099434,-0.15909863,0.9857646,0.054367244
1356337086157,-0.12518579,-0.06944919,0.9896996,0.9761201,0.16988045,0.13538897,-0.17753327,0.98301446,0.046524167
1356337086199,-0.101946175,-0.05849278,0.9930688,0.9755659,0.18942529,0.11130673,-0.19462302,0.98015136,0.03775239
1356337086239,-0.0632942,-0.043054104,0.9970657,0.9754809,0.2083439,0.0709205,-0.21078593,0.9771075,0.028811514
1356337086279,-0.014040858,-0.028206617,0.9995035,0.97361636,0.2273049,0.020091891,-0.22775877,0.9734151,0.024270892
1356337086318,0.03777024,-0.02580896,0.9989531,0.9685422,0.24700537,-0.030238807,-0.2459664,0.96867037,0.034326494
1356337086359,0.08217293,-0.053119957,0.99520147,0.9614304,0.2672283,-0.065120876,-0.26248673,0.96216804,0.073030114
1356337086399,0.11269337,-0.119463444,0.9864221,0.9559578,0.28380162,-0.07484239,-0.27100724,0.95141214,0.14618456
1356337086439,0.12719405,-0.21509543,0.9682746,0.95490456,0.290604,-0.06088212,-0.268289,0.9323536,0.24235871
1356337086479,0.12962478,-0.30958337,0.9419955,0.9568054,0.2883796,-0.036887825,-0.26023242,0.906088,0.33359215
1356337086518,0.12660009,-0.3738416,0.9188117,0.9585744,0.28437108,-0.016375363,-0.25516173,0.8828225,0.39435637
1356337086559,0.12282455,-0.39709148,0.9095232,0.95929444,0.28233796,-0.0062790215,-0.25429958,0.8732718,0.41560572
1356337086599,0.11857778,-0.3849709,0.9152796,0.9599141,0.2802192,-0.0064988136,-0.25397706,0.8793604,0.40276673
1356337086639,0.11328843,-0.3479047,0.93066,0.9611554,0.27565488,-0.013953745,-0.25168636,0.8960897,0.365619
1356337086679,0.10619268,-0.29669505,0.94904953,0.9633948,0.26697972,-0.024333715,-0.24615723,0.91689354,0.31418583
