1356337003478,0.0333668,-0.13534698,0.9902363,0.63637114,-0.7611099,-0.12547266,0.770661,0.6343444,0.06073516
1356337003499,-0.4098509,0.5664114,-0.7149828,-0.48795322,0.5261115,0.6964972,0.77066463,0.63433814,0.060754955
1356337003516,-0.40980348,0.56646466,-0.7149677,-0.48796895,0.52608454,0.6965065,0.77067983,0.63431287,0.060825825
1356337003545,-0.40967882,0.5665826,-0.7149458,-0.488002,0.52604246,0.6965152,0.77072525,0.6342424,0.06098497
1356337003587,-0.4094191,0.5667613,-0.7149529,-0.48799938,0.5260786,0.6964897,0.7708648,0.63405275,0.061192572
1356337003630,-0.4090704,0.5665269,-0.7153381,-0.48791695,0.52665377,0.6961127,0.7711021,0.6337847,0.060979605
1356337003669,-0.40876243,0.5653463,-0.71644735,-0.48769945,0.5282254,0.6950734,0.77140296,0.6335309,0.059800386
1356337003708,-0.4083929,0.56301415,-0.7184918,-0.48758817,0.5308666,0.69313663,0.77166903,0.63340014,0.057716846
1356337003751,-0.40794566,0.55971235,-0.72132,-0.48773116,0.5342748,0.69041204,0.77181524,0.63346076,0.05503404
1356337003790,-0.407182,0.5557631,-0.72479665,-0.48842406,0.5380645,0.6869705,0.77178025,0.6337302,0.052357852
1356337003828,-0.4058651,0.5516755,-0.7286478,-0.48980826,0.54180014,0.6830377,0.77159667,0.63411885,0.050317466
1356337003869,-0.40408117,0.5479735,-0.732423,-0.491698,0.54506505,0.67907083,0.771331,0.63453066,0.049187005
1356337003909,-0.40185994,0.54484606,-0.73596966,-0.49383152,0.54787964,0.6752469,0.7711284,0.63479966,0.048891306
1356337003950,-0.39930776,0.5425484,-0.73904973,-0.49586344,0.55022407,0.67184293,0.7711503,0.6347399,0.049321175
1356337003988,-0.39646244,0.5413522,-0.74145484,-0.49760598,0.551994,0.6690971,0.7714958,0.63422424,0.05053526
1356337004032,-0.3931921,0.54179573,-0.742871,-0.49897608,0.5528871,0.66733706,0.7722841,0.63306653,0.05295235
1356337004069,-0.38924646,0.54444325,-0.74301326,-0.49995878,0.55260324,0.6668364,0.7736461,0.63103974,0.057100296
1356337004109,-0.38476261,0.5491729,-0.7418672,-0.5006323,0.5510812,0.6675904,0.77545154,0.62826645,0.06289822
1356337004149,-0.3796005,0.55604345,-0.73940474,-0.50121194,0.54817116,0.6695484,0.77761835,0.6247593,0.07060951
1356337004190,-0.37416437,0.5643382,-0.73588264,-0.5018177,0.5440961,0.67241234,0.7798588,0.6208717,0.07961351
1356337004228,-0.36895344,0.57308537,-0.731742,-0.5025273,0.5392928,0.67574364,0.78188205,0.6170383,0.08901715
1356337004269,-0.364448,0.5814412,-0.72739524,-0.50356096,0.5340111,0.6791601,0.78332883,0.61380637,0.09817177
1356337004310,-0.36075145,0.589139,-0.7230309,-0.5056001,0.5279041,0.68241173,0.78372633,0.61174554,0.107426524
1356337004350,-0.35753903,0.5965165,-0.71856374,-0.5097648,0.52003217,0.68535125,0.7824996,0.6113384,0.11815131
1356337004390,-0.35413805,0.60431606,-0.7137143,-0.5172908,0.5092106,0.68783337,0.77909964,0.6127859,0.13227636
1356337004430,-0.34968638,0.61340153,-0.70813704,-0.5289184,0.4946198,0.6896351,0.7732818,0.6157027,0.15147752
1356337004470,-0.34373128,0.62394285,-0.70181483,-0.5441927,0.4767204,0.6903564,0.7653124,0.61921966,0.17568141
1356337004520,-0.33678216,0.63479835,-0.69541985,-0.56128496,0.45764905,0.6895771,0.7560006,0.622566,0.20217478
1356337004550,-0.3298307,0.6443559,-0.68994004,-0.5777521,0.44021153,0.6873254,0.74660176,0.62531537,0.22708267
1356337004590,-0.32344198,0.6518278,-0.6859343,-0.5918788,0.42621887,0.6841176,0.73828506,0.6272623,0.2479459
1356337004630,-0.31759852,0.6573441,-0.68339586,-0.60337305,0.41587657,0.68043196,0.7314862,0.6284468,0.26454198
1356337004671,-0.3119005,0.6615261,-0.6819833,-0.61318064,0.4081434,0.6763345,0.7257599,0.6291281,0.27833498
1356337004710,-0.3056028,0.6653535,-0.6811106,-0.6228189,0.40139014,0.6715524,0.7202108,0.62943685,0.2917288
1356337004750,-0.29757953,0.6702975,-0.6798145,-0.6338308,0.39378726,0.6657253,0.71393627,0.6289936,0.30767214
1356337004790,-0.28660804,0.67804915,-0.6768347,-0.64737314,0.38371563,0.65853655,0.7062322,0.6269064,0.32897478
1356337004830,-0.27196795,0.68991786,-0.6708553,-0.6640865,0.3699664,0.64970297,0.6964356,0.62220436,0.35754615
1356337004870,-0.25389904,0.7059708,-0.6611661,-0.6840337,0.35222626,0.6387759,0.6838372,0.61444443,0.39347786
1356337004910,-0.23377806,0.7246119,-0.64829427,-0.7063793,0.3315974,0.6253571,0.66811377,0.6041364,0.4343307
1356337004950,-0.21353519,0.7436409,-0.63356215,-0.7294589,0.31001687,0.60973716,0.6498404,0.5923579,0.4762559
1356337004990,-0.19515413,0.7608576,-0.61887866,-0.7509948,0.28992587,0.5932537,0.63081044,0.5805505,0.51481974
1356337005030,-0.18054849,0.77416027,-0.6066944,-0.7687477,0.27370185,0.5780263,0.6135383,0.5707567,0.5457175
1356337005070,-0.17133409,0.7815127,-0.599902,-0.780955,0.2634828,0.5662914,0.60062784,0.56552154,0.5651828
1356337005110,-0.16841787,0.78124845,-0.6010708,-0.7863593,0.2612005,0.5598332,0.5943689,0.5669436,0.57035124
1356337005150,-0.17181307,0.7720254,-0.611929,-0.7840381,0.26893198,0.5594282,0.59646004,0.5758927,0.5590913
1356337005190,-0.18073213,0.7530962,-0.63259935,-0.7730911,0.28883153,0.56471807,0.6080016,0.5911197,0.53001094
1356337005230,-0.19394064,0.72464025,-0.6612742,-0.7531483,0.3219499,0.5736862,0.62861323,0.60929865,0.48332244
1356337005270,-0.21021712,0.6883817,-0.6942186,-0.72530127,0.36632586,0.58287513,0.6555508,0.62604797,0.42227614
1356337005310,-0.22883117,0.64738154,-0.72700316,-0.69163454,0.41742367,0.5894059,0.68503875,0.63769484,0.3522318
1356337005350,-0.24957705,0.6065191,-0.75488144,-0.6544757,0.4688986,0.5931237,0.7137037,0.6420815,0.27992564
1356337005390,-0.27244115,0.57220477,-0.7735358,-0.61547595,0.514311,0.59722155,0.73957103,0.6388003,0.21205872
1356337005430,-0.29730752,0.5513064,-0.77953166,-0.5754598,0.5480248,0.60705435,0.76187557,0.6290709,0.15432274
1356337005470,-0.32363313,0.5485121,-0.7709709,-0.53472054,0.5662007,0.6272885,0.78059953,0.6152653,0.11005938
1356337005529,-0.3501141,0.5640063,-0.7478749,-0.4937147,0.5673904,0.65902495,0.7960313,0.5999708,0.079806864
1356337005550,-0.37461057,0.59430164,-0.7116688,-0.45391208,0.5517378,0.69967794,0.80847436,0.5851418,0.06307387
1356337005590,-0.39455268,0.6343898,-0.66473883,-0.41795355,0.52035856,0.7446757,0.8183171,0.57164377,0.059836686
1356337005630,-0.40791696,0.67860574,-0.6108177,-0.38866228,0.4763025,0.78871906,0.8261632,0.5591335,0.06945652
1356337005670,-0.41474813,0.7203894,-0.5558984,-0.36744064,0.42630428,0.82659066,0.8324491,0.5470866,0.08789146
1356337005710,-0.41759247,0.75348085,-0.50782216,-0.35420007,0.37968516,0.8546236,0.83675504,0.5367549,0.10832924
1356337005750,-0.4205013,0.77382743,-0.47367677,-0.3483219,0.3443815,0.8718217,0.8377651,0.5315942,0.1247282
1356337005790,-0.4265812,0.78046614,-0.45705688,-0.34888214,0.32424033,0.87928915,0.8344517,0.5345472,0.13397592
1356337005830,-0.435988,0.7750503,-0.4573963,-0.3544018,0.31931317,0.8788848,0.8272326,0.54528534,0.13546258
1356337005870,-0.44612736,0.76033056,-0.47208875,-0.36334383,0.32819074,0.87193584,0.81789464,0.56052494,0.12984657
1356337005911,-0.45329583,0.7382143,-0.49956208,-0.37546378,0.35016853,0.8581427,0.8084242,0.5765601,0.11844283
1356337005950,-0.45395124,0.70779806,-0.5412486,-0.39298052,0.38613182,0.8345469,0.799684,0.5915438,0.102865875
1356337005990,-0.44393468,0.66466284,-0.6009535,-0.42100954,0.4373092,0.794677,0.7909948,0.6057919,0.0856927
1356337006030,-0.4167605,0.6028784,-0.68032944,-0.46579057,0.5010687,0.7293622,0.78060853,0.6208605,0.07198948
1356337006070,-0.3641834,0.52301145,-0.77060336,-0.5285711,0.56518066,0.6333904,0.7668006,0.6379889,0.070619285
1356337006110,-0.2843701,0.44510487,-0.8491262,-0.5983344,0.6096333,0.5199453,0.7490859,0.6559183,0.09296006
1356337006150,-0.19014412,0.40479523,-0.8944194,-0.6585507,0.6230822,0.42199475,0.72811824,0.6692603,0.14810276
1356337006190,-0.0991863,0.42001545,-0.9020805,-0.7029679,0.6120453,0.3622662,0.7042715,0.6700654,0.23455083
1356337006230,-0.021211326,0.4741667,-0.8801796,-0.73563164,0.58879143,0.3349191,0.6770497,0.654592,0.3363229
1356337006270,0.044076562,0.5322198,-0.84545803,-0.76054734,0.56661683,0.31703812,0.6477847,0.6290369,0.4297529
1356337006310,0.1040982,0.5642556,-0.8190111,-0.7758572,0.5612936,0.28808856,0.6222613,0.6054462,0.4962114
1356337006350,0.16838732,0.5541823,-0.81518567,-0.77533865,0.5851337,0.23763119,0.6086836,0.5920309,0.5282081
1356337006390,0.24387354,0.49228346,-0.83557326,-0.75223136,0.63982135,0.15740591,0.6121059,0.5901573,0.52634656
1356337006430,0.32878536,0.37314513,-0.86756146,-0.7032223,0.7099088,0.038832784,0.6303798,0.59732085,0.49581158
1356337006470,0.40881032,0.20651829,-0.8889456,-0.6338438,0.7650497,-0.113758475,0.6565943,0.6099583,0.44366056
1356337006518,0.46484584,0.025288701,-0.88503045,-0.5616729,0.7811303,-0.27268845,0.68442816,0.6238557,0.37730917
1356337006550,0.48891985,-0.13384713,-0.86199903,-0.506203,0.76123434,-0.40531567,0.7104336,0.6345133,0.3044288
1356337006590,0.486237,-0.25221717,-0.8366362,-0.4754101,0.7269833,-0.49545985,0.7331841,0.6386562,0.23357958
1356337006630,0.4658164,-0.32903355,-0.8214329,-0.4651692,0.69862974,-0.5436306,0.7527501,0.63533735,0.17237693
1356337006670,0.43406752,-0.3685322,-0.822052,-0.4680077,0.68745595,-0.5553136,0.7697755,0.6257702,0.12592638
1356337006710,0.39472172,-0.37365702,-0.8393898,-0.47803894,0.69666374,-0.5349191,0.78464866,0.6124051,0.09636569
1356337006750,0.34956443,-0.34491265,-0.87111413,-0.49184918,0.72379166,-0.48395246,0.79742646,0.59762937,0.08336681
1356337006790,0.29957268,-0.28466684,-0.9106157,-0.5069279,0.76108474,-0.40469027,0.8082576,0.58285064,0.08369464
1356337006830,0.24689308,-0.20210066,-0.94773376,-0.5212475,0.7967743,-0.3056988,0.8169118,0.5694787,0.09137362
1356337006870,0.19620937,-0.1139645,-0.9739169,-0.5344955,0.820265,-0.2036664,0.8220806,0.5605154,0.100030184
1356337006910,0.1537025,-0.03970784,-0.987319,-0.5477939,0.8281662,-0.11858575,0.82237303,0.5590743,0.1055395
1356337006950,0.12411514,0.006717235,-0.99224514,-0.5617757,0.82475686,-0.06468645,0.81792647,0.5654477,0.10613841
1356337006990,0.109072335,0.021283388,-0.993806,-0.5753384,0.81664026,-0.04565546,0.8106103,0.57675445,0.101318
1356337007030,0.107453436,0.0076530874,-0.9941807,-0.586681,0.8077961,-0.05719158,0.8026576,0.58941233,0.091290355
1356337007070,0.11627039,-0.027181268,-0.99284554,-0.59534746,0.7982328,-0.09157345,0.79501104,0.60173535,0.076628506
1356337007110,0.13219786,-0.073623,-0.98848534,-0.6028744,0.78560966,-0.13913979,0.78680754,0.61432654,0.059470475
1356337007150,0.1532219,-0.11751999,-0.981179,-0.61171615,0.76851743,-0.18757482,0.77609694,0.62894356,0.04586482
1356337007180,0.17960668,-0.15023538,-0.9721989,-0.62040925,0.7496533,-0.23046117,0.76343554,0.64455354,0.0414353
1356337007220,0.21605766,-0.14534394,-0.9655021,-0.63038826,0.73437023,-0.25161678,0.74560696,0.66300493,0.067043185
1356337007260,0.27443552,-0.10847518,-0.9554676,-0.63458765,0.72610563,-0.2647058,0.72248435,0.6789726,0.13043219
1356337007300,0.3558942,-0.047155917,-0.9333358,-0.62803406,0.7275077,-0.27623492,0.6920351,0.68447703,0.22930026
1356337007340,0.44818962,0.012924284,-0.8938451,-0.60905707,0.7363252,-0.29474515,0.65435123,0.6765044,0.33788493
1356337007380,0.53093696,0.047196895,-0.846096,-0.5805577,0.74758124,-0.3226065,0.6172995,0.66249126,0.42431903
1356337007420,0.5890171,0.046498746,-0.8067817,-0.54873693,0.7559091,-0.35705644,0.59325093,0.6530233,0.47075897
1356337007460,0.6173068,0.018248767,-0.7865108,-0.52199006,0.757476,-0.39211804,0.58860743,0.652608,0.47712076
1356337007516,0.6171193,-0.022847846,-0.7865378,-0.5085552,0.7511792,-0.42083418,0.60044605,0.6597028,0.4519478
1356337007540,0.59169924,-0.063336834,-0.8036669,-0.5128482,0.7395963,-0.43587157,0.62199575,0.670064,0.40513638
1356337007580,0.5440667,-0.09340754,-0.8338263,-0.533461,0.72854805,-0.42969415,0.64761925,0.67859614,0.34654948
1356337007620,0.47671473,-0.107553646,-0.8724537,-0.5638184,0.72404146,-0.39733216,0.67442715,0.6813195,0.28452048
1356337007660,0.39346984,-0.10047369,-0.9138307,-0.59545374,0.72948045,-0.3365905,0.7004401,0.6765821,0.2272011
1356337007700,0.3003758,-0.07026309,-0.9512294,-0.6194728,0.7439552,-0.2505675,0.7252777,0.6645252,0.17994004
1356337007740,0.20439017,-0.016237736,-0.9787549,-0.63009495,0.76300424,-0.14423913,0.7491362,0.6461895,0.14571923
1356337007780,0.112731755,0.060179114,-0.99180144,-0.62622666,0.77927476,-0.023895502,0.77144784,0.6237863,0.12553477
1356337007820,0.031567186,0.15350477,-0.9876436,-0.61053455,0.7853229,0.10254504,0.79136026,0.5997535,0.118510365
1356337007860,-0.038965896,0.2550817,-0.9661341,-0.58896184,0.7752067,0.22842632,0.80722094,0.57791686,0.12002677
1356337007900,-0.10057369,0.3512131,-0.9308783,-0.5674889,0.74825156,0.3436219,0.81721556,0.5628224,0.12405515
1356337007940,-0.15690175,0.43084443,-0.88868153,-0.55044293,0.708959,0.4408964,0.8199966,0.5583459,0.12591833
1356337007980,-0.21006173,0.48897848,-0.8466251,-0.53861636,0.6648107,0.517609,0.81594515,0.564736,0.12372053
1356337008020,-0.2597311,0.52585053,-0.8099513,-0.53046143,0.62317014,0.57469094,0.806939,0.578913,0.11708671
1356337008060,-0.30356535,0.54516125,-0.78143936,-0.5235299,0.58981085,0.6148494,0.7960934,0.5957537,0.106362045
1356337008100,-0.3389492,0.54957765,-0.7635954,-0.5178022,0.56867385,0.63913304,0.78549,0.61202496,0.091820955
1356337008140,-0.36385885,0.5402565,-0.75876856,-0.51625216,0.56107223,0.64705616,0.77530026,0.627153,0.0747574
1356337008180,-0.37571964,0.5181121,-0.7683714,-0.5242774,0.5648514,0.63724095,0.764178,0.6422637,0.059408665
1356337008220,-0.37018514,0.48760527,-0.79069847,-0.54760593,0.57301414,0.6097397,0.7503937,0.6587078,0.05489421
1356337008260,-0.34030914,0.46014208,-0.820036,-0.5884245,0.5760215,0.5674116,0.7334483,0.67562455,0.074733436
1356337008300,-0.28215197,0.45435137,-0.84495866,-0.6416659,0.5653753,0.5182814,0.7132007,0.6884152,0.13201994
1356337008340,-0.19901508,0.48018473,-0.8542925,-0.6982985,0.54213846,0.46740252,0.6875844,0.6895713,0.22741848
1356337008380,-0.104041636,0.52437174,-0.84510916,-0.7491654,0.51756805,0.41336966,0.6541609,0.6761342,0.3389926
1356337008421,-0.013550609,0.5609955,-0.827708,-0.7865545,0.5051174,0.3552302,0.6173723,0.655851,0.43440884
1356337008460,0.06352037,0.57001215,-0.8191772,-0.8050327,0.5143907,0.29550743,0.58981997,0.64069366,0.49155268
1356337008516,0.125301,0.5473184,-0.8274915,-0.80435556,0.5443032,0.23821464,0.5807855,0.63574886,0.5084404
1356337008540,0.17214334,0.4966627,-0.85070133,-0.7888509,0.5867313,0.18292214,0.5899837,0.63958776,0.49279478
1356337008580,0.20323357,0.4273342,-0.880955,-0.7654779,0.63036144,0.12918273,0.6105242,0.6480973,0.45522544
1356337008620,0.21658951,0.35099757,-0.9109828,-0.74045265,0.6672066,0.081026345,0.6362538,0.6569902,0.40440702
1356337008660,0.21101408,0.281995,-0.935923,-0.718314,0.694117,0.047186762,0.66294646,0.66232955,0.34902942
1356337008700,0.1876597,0.23009293,-0.95490366,-0.69986165,0.7134508,0.034374297,0.68918604,0.6618498,0.2949192
1356337008740,0.14779724,0.20386432,-0.9677787,-0.68456066,0.72732943,0.048668474,0.7138157,0.65531003,0.24705476
1356337008780,0.095014825,0.20632645,-0.97385913,-0.66991794,0.7368673,0.09075552,0.7363302,0.64378256,0.20823514
1356337008820,0.03357722,0.2377816,-0.9707381,-0.65287524,0.7406254,0.1588331,0.75672084,0.6284377,0.18010986
1356337008860,-0.03226614,0.29559243,-0.9547691,-0.6313171,0.73454946,0.24874857,0.7748533,0.6107882,0.16291147
1356337008900,-0.09646079,0.3688573,-0.92446727,-0.60518277,0.71565974,0.3486903,0.79022104,0.59310657,0.15419292
1356337008940,-0.1551536,0.44189352,-0.8835483,-0.57818073,0.6845794,0.4439124,0.8010209,0.57972515,0.1492793
1356337008980,-0.20722947,0.5007273,-0.84043336,-0.5557333,0.64675725,0.52236533,0.8051189,0.5753063,0.14424366
1356337009037,-0.2533703,0.5389355,-0.8033381,-0.5412701,0.60929394,0.57947195,0.80176693,0.5816438,0.13733268
1356337009059,-0.2937911,0.5584359,-0.77578104,-0.53361917,0.57753944,0.61781776,0.7930558,0.5954809,0.1283161
1356337009099,-0.32738715,0.5628081,-0.75898916,-0.53040653,0.5552989,0.640556,0.7819759,0.61228263,0.116719425
1356337009139,-0.35259974,0.5551957,-0.7532804,-0.53020716,0.5447692,0.64969754,0.7710732,0.6284778,0.10228318
1356337009165,-0.36740032,0.5386488,-0.7582048,-0.53409034,0.5452124,0.64613533,0.76142275,0.6423402,0.08737582
1356337009207,-0.37533215,0.5133872,-0.7717249,-0.5428239,0.5531298,0.63197273,0.75131077,0.65611047,0.071071446
1356337009248,-0.36752078,0.47833028,-0.79757684,-0.56437415,0.566926,0.6000639,0.7391959,0.67066765,0.06160009
1356337009289,-0.33980966,0.4471094,-0.82741916,-0.6005983,0.5738563,0.55675,0.72374785,0.6861356,0.07353121
1356337009329,-0.2897833,0.4395184,-0.85020536,-0.6484274,0.56322473,0.5121716,0.7039655,0.69971526,0.12178266
1356337009369,-0.22285831,0.46883953,-0.8547068,-0.7012024,0.5319957,0.4746533,0.6772366,0.70510286,0.21019167
1356337009409,-0.15093857,0.5222578,-0.8393238,-0.7524301,0.48997778,0.44019413,0.6411448,0.6979747,0.31900585
1356337009449,-0.0855037,0.5690204,-0.8178661,-0.7944728,0.45642543,0.4006105,0.6012504,0.68402606,0.41304517
1356337009518,-0.030299544,0.5881891,-0.80815566,-0.8205775,0.44702607,0.35611826,0.5707315,0.67394453,0.46911007
1356337009531,0.017052174,0.57375264,-0.8188511,-0.82865214,0.46639347,0.3095363,0.55950415,0.6732645,0.48339438
1356337009571,0.05863145,0.53142333,-0.8450749,-0.8224188,0.5055511,0.26085502,0.565853,0.6797112,0.4666937
1356337009610,0.09340161,0.46628678,-0.8796891,-0.8060819,0.5540184,0.20807588,0.58438694,0.6896668,0.42761153
1356337009651,0.11700702,0.38895214,-0.9137974,-0.78448033,0.600439,0.15512443,0.6090156,0.6987054,0.3753808
1356337009690,0.12472066,0.31238526,-0.9417325,-0.7611322,0.6389997,0.111162364,0.63649225,0.70291877,0.31746298
1356337009730,0.11284956,0.25022137,-0.96158934,-0.73801816,0.6690843,0.08749491,0.6652775,0.6997967,0.26017386
1356337009770,0.07975966,0.21418187,-0.97353196,-0.7153108,0.6924897,0.09374711,0.69423974,0.6889007,0.20843935
1356337009810,0.025941446,0.21307172,-0.97669214,-0.69059885,0.7102215,0.13659677,0.72277266,0.6709589,0.16557127
1356337009850,-0.048218265,0.25591156,-0.965497,-0.6603476,0.71707225,0.22304356,0.7494105,0.64831835,0.13441455
1356337009890,-0.13557756,0.34164128,-0.92999995,-0.6200415,0.7028724,0.34859562,0.772766,0.62390035,0.11653805
1356337009930,-0.22294563,0.45233345,-0.86353326,-0.56896186,0.658918,0.49204618,0.7915666,0.60101706,0.1104576
1356337009970,-0.29508913,0.5550724,-0.7776999,-0.51548815,0.5928349,0.6187236,0.80448395,0.5834736,0.111194074
1356337010010,-0.3461584,0.6255344,-0.6992003,-0.47286177,0.52735806,0.70590025,0.8102938,0.5749784,0.11324191
1356337010050,-0.38046026,0.65976804,-0.6480402,-0.44871134,0.4810307,0.7531717,0.80864584,0.5773349,0.11303234
1356337010090,-0.40295202,0.665267,-0.62852955,-0.4423686,0.45962906,0.7700981,0.80121136,0.58835435,0.109084785
1356337010130,-0.41454685,0.6491361,-0.63778776,-0.45086843,0.46227682,0.76355606,0.7904863,0.6040881,0.10103965
1356337010170,-0.41269404,0.613958,-0.672859,-0.47241816,0.4873088,0.7344054,0.7787842,0.62095547,0.088935494
1356337010210,-0.39231202,0.55667657,-0.73225844,-0.50728637,0.5331297,0.677077,0.76730156,0.63709015,0.073241234
1356337010250,-0.3463078,0.47105524,-0.8112816,-0.5561395,0.59336114,0.5819204,0.75549966,0.65270936,0.056486785
1356337010290,-0.26942205,0.35999244,-0.8932062,-0.6142132,0.65013146,0.44729316,0.7417236,0.6691296,0.04595232
1356337010330,-0.16703871,0.25273722,-0.95300674,-0.6682796,0.6816548,0.2979078,0.7249141,0.68663716,0.055036366
1356337010370,-0.055654988,0.19484699,-0.97925335,-0.7069304,0.68491715,0.1764592,0.70509,0.70208484,0.09962422
1356337010410,0.0531971,0.20770621,-0.9767437,-0.7303972,0.6750924,0.103779405,0.6809479,0.70789003,0.187621
1356337010450,0.15720122,0.26871628,-0.95030487,-0.7444101,0.6645731,0.064778626,0.64895415,0.69723326,0.30450684
1356337010519,0.2552334,0.3282345,-0.90946025,-0.7491694,0.66176116,0.028588146,0.6112291,0.6740432,0.4148068
1356337010531,0.3460763,0.3457574,-0.87217146,-0.7371372,0.6752883,-0.02478847,0.5803965,0.65148866,0.4885719
1356337010567,0.42899567,0.30951363,-0.8486248,-0.7031159,0.70420635,-0.09859744,0.5670897,0.63897943,0.51972544
1356337010609,0.4972872,0.22492354,-0.837923,-0.650475,0.7357539,-0.18854304,0.57409734,0.638808,0.5121881
1356337010649,0.54315394,0.11233671,-0.8320843,-0.59228045,0.7536947,-0.28486526,0.59513676,0.6475529,0.4759071
1356337010689,0.5619416,-0.0022694468,-0.8271737,-0.5449124,0.75133324,-0.37224835,0.6223279,0.6599191,0.4209688
1356337010728,0.5554481,-0.100082904,-0.82550645,-0.5181196,0.7348217,-0.43770903,0.6504072,0.6708357,0.35630038
1356337010769,0.52838266,-0.17367707,-0.83105236,-0.5120268,0.7156179,-0.4750995,0.6772298,0.67655545,0.28919283
1356337010809,0.48436058,-0.21851252,-0.8471406,-0.522324,0.70456547,-0.48038024,0.7018351,0.67515916,0.2271294
1356337010849,0.42646098,-0.23393442,-0.87373096,-0.541468,0.7077413,-0.4537782,0.7245298,0.666616,0.17515606
1356337010888,0.35632682,-0.21741945,-0.90871334,-0.5630247,0.7261916,-0.39452368,0.7456771,0.65220743,0.13634902
1356337010929,0.2757581,-0.16526714,-0.946913,-0.58157516,0.75565714,-0.3012519,0.76532865,0.6337737,0.11226332
1356337010969,0.18578777,-0.07452801,-0.9797594,-0.5945604,0.7853329,-0.17248252,0.78229207,0.61457133,0.10159385
1356337011008,0.09167361,0.044576466,-0.99479085,-0.60004836,0.79972696,-0.019460946,0.7946935,0.5987067,0.10006189
1356337011050,0.0024029464,0.16784686,-0.98581004,-0.5990766,0.7895726,0.13297467,0.800688,0.5902563,0.10245043
1356337011090,-0.07384254,0.26936477,-0.960203,-0.59556526,0.7603719,0.25910717,0.7999057,0.59099674,0.10427654
1356337011130,-0.13243142,0.33549803,-0.9326859,-0.59414726,0.7263137,0.34562612,0.7933795,0.59992456,0.10314846
1356337011170,-0.17339298,0.36717358,-0.91384816,-0.59706914,0.69874513,0.3940352,0.78322625,0.6139535,0.09807056
1356337011210,-0.19751963,0.37027735,-0.9076787,-0.6044169,0.6829817,0.41014165,0.7717942,0.6296274,0.08889955
1356337011250,-0.20530647,0.34969264,-0.91409206,-0.61611015,0.67951417,0.39833242,0.7604325,0.64496166,0.07594055
1356337011290,-0.1964049,0.3091358,-0.93051606,-0.63286984,0.6848886,0.36111397,0.74893314,0.65982014,0.061127186
1356337011330,-0.17032263,0.25634402,-0.95146096,-0.65548074,0.69148266,0.30363902,0.73575485,0.67538095,0.05025339
1356337011370,-0.12581748,0.20831616,-0.96993524,-0.6827377,0.6911569,0.23700497,0.7197494,0.69203067,0.055265665
1356337011410,-0.06361988,0.19060549,-0.979603,-0.7106253,0.68053365,0.17856556,0.7006883,0.70749104,0.09215367
1356337011450,0.014991537,0.21930471,-0.97554123,-0.7351992,0.66367626,0.13789839,0.6776854,0.7151498,0.17118216
1356337011516,0.1046353,0.2840215,-0.9530914,-0.7546841,0.6468184,0.109898955,0.64769065,0.7077837,0.2820266
1356337011530,0.19411391,0.3518744,-0.91569877,-0.76766104,0.6356491,0.08152786,0.6107507,0.68712056,0.3935086
1356337011570,0.273518,0.38897735,-0.8797071,-0.7697738,0.63691473,0.042284966,0.5767462,0.6656097,0.47363216
1356337011610,0.33903822,0.38230383,-0.8595911,-0.75734115,0.6529666,-0.008301526,0.5581106,0.65381825,0.5109151
1356337011650,0.3895939,0.3363446,-0.85737324,-0.7321836,0.6778237,-0.06679931,0.5586803,0.65377927,0.510342
1356337011690,0.42352384,0.26440036,-0.86644095,-0.7013317,0.70108855,-0.12887502,0.5733772,0.66224414,0.48236006
1356337011730,0.43874905,0.18009342,-0.8803781,-0.6724467,0.7156813,-0.18872102,0.5960828,0.67480856,0.43510777
1356337011770,0.43418658,0.098932475,-0.89537394,-0.651584,0.72082627,-0.23632134,0.6220292,0.68601894,0.3774359
1356337011810,0.41126725,0.029065609,-0.9110513,-0.63921285,0.72173524,-0.26552802,0.6498201,0.69155866,0.3154052
1356337011850,0.37164417,-0.020967603,-0.9281385,-0.63413703,0.7244415,-0.27028635,0.6780493,0.6890173,0.2559381
1356337011890,0.3187643,-0.046985596,-0.94666874,-0.63282907,0.73300266,-0.24946836,0.7056321,0.67860115,0.2039212
1356337011930,0.255934,-0.046696484,-0.96556574,-0.631789,0.7479145,-0.20363322,0.7316696,0.6621505,0.16191441
1356337011970,0.1853863,-0.016122162,-0.9825335,-0.62974966,0.7656065,-0.13138509,0.7543523,0.6431071,0.13178003
1356337012010,0.111247756,0.04444,-0.9927986,-0.62505686,0.7797881,-0.03513542,0.7726111,0.6244643,0.114527166
1356337012050,0.037355527,0.12813507,-0.991053,-0.61670524,0.7833172,0.07803118,0.78630733,0.6082727,0.108282804
1356337012090,-0.031455025,0.21886691,-0.97524756,-0.6056198,0.7720453,0.19279717,0.7951322,0.59669363,0.10826546
1356337012130,-0.09085645,0.29804933,-0.95021677,-0.59564936,0.74840605,0.29170236,0.7980896,0.592499,0.10953534
1356337012170,-0.13869905,0.3534267,-0.9251228,-0.5901043,0.7207096,0.36380568,0.79532355,0.59637845,0.10859686
1356337012211,-0.17386192,0.38149127,-0.9078748,-0.5898045,0.6979347,0.40622395,0.7886082,0.6060954,0.10366094
1356337012250,-0.19571611,0.38408437,-0.9023161,-0.594215,0.6855149,0.42068732,0.7801306,0.618505,0.09406233
1356337012290,-0.20339653,0.363632,-0.9090664,-0.6031064,0.6848835,0.40889782,0.77129287,0.6314321,0.080005825
1356337012330,-0.19613755,0.32144228,-0.9263936,-0.61682475,0.6939713,0.37139088,0.7622713,0.64426607,0.062159657
1356337012370,-0.17220193,0.2605667,-0.9499745,-0.6359486,0.70707303,0.30922017,0.75227386,0.6573832,0.043947697
1356337012410,-0.13140486,0.19285095,-0.97238946,-0.6597607,0.71509707,0.23098043,0.7398977,0.67189634,0.033268213
1356337012450,-0.07361914,0.14093333,-0.9872781,-0.6858069,0.71158034,0.15271673,0.7240505,0.6883249,0.044267118
1356337012515,0.003060326,0.12612018,-0.9920102,-0.7097957,0.69905347,0.08668515,0.70440084,0.7038593,0.09165889
1356337012530,0.09875603,0.15682626,-0.9826764,-0.7275413,0.68510705,0.036221147,0.67891896,0.7113606,0.18175602
1356337012570,0.20758814,0.21115762,-0.9551542,-0.73537743,0.6775835,-0.010028392,0.64507914,0.70448065,0.29593885
1356337012610,0.313973,0.2531561,-0.915059,-0.72980034,0.6808387,-0.062049717,0.6072993,0.6872922,0.39851838
1356337012650,0.40344578,0.2583477,-0.8777745,-0.7091202,0.6945385,-0.12151089,0.57825613,0.67147064,0.46340817
1356337012690,0.46895885,0.22482008,-0.8541273,-0.676948,0.7126345,-0.18410163,0.5672909,0.6645359,0.4863878
1356337012730,0.5081018,0.16393016,-0.84555274,-0.64206845,0.72645,-0.24498664,0.57409114,0.66738087,0.47436497
1356337012770,0.5215228,0.094230294,-0.848018,-0.61494297,0.7304991,-0.2970121,0.5914888,0.67638135,0.43891823
1356337012810,0.5110048,0.027748793,-0.85912985,-0.60082686,0.7263,-0.33390927,0.6147204,0.6868175,0.387815
1356337012850,0.47902274,-0.025580227,-0.8774297,-0.59994304,0.7201371,-0.34852672,0.6407851,0.6933601,0.32961538
1356337012890,0.42955744,-0.060916692,-0.9009825,-0.60771585,0.71848714,-0.3383159,0.6679535,0.69286746,0.27161145
1356337012930,0.36670148,-0.075806916,-0.9272451,-0.6182699,0.7248891,-0.3037731,0.695178,0.6846818,0.21894878
1356337012970,0.29415286,-0.06688976,-0.95341486,-0.62743556,0.7389797,-0.24542534,0.7209707,0.67039895,0.17540395
1356337013010,0.21730709,-0.034044266,-0.97550946,-0.63107026,0.75753284,-0.16701604,0.7446664,0.65190876,0.14313293
1356337013050,0.13950613,0.023782134,-0.9899356,-0.62842315,0.77472025,-0.069948375,0.7652597,0.6318567,0.12302345
1356337013090,0.06464456,0.10148105,-0.99273497,-0.62005246,0.7835542,0.03972149,0.7818926,0.61297995,0.113576055
1356337013130,-0.0047041923,0.18822306,-0.98211503,-0.60895973,0.7784791,0.15211292,0.79318714,0.5987841,0.11095816
1356337013170,-0.06790699,0.26959613,-0.96057624,-0.5997106,0.7584148,0.2552533,0.79733056,0.5934012,0.110177934
1356337013210,-0.12371197,0.33233982,-0.935011,-0.5955319,0.72883344,0.3378514,0.79374874,0.5986251,0.107753575
1356337013250,-0.17085299,0.37094158,-0.91280425,-0.59675944,0.69821787,0.39543656,0.78402007,0.6122861,0.10207027
1356337013290,-0.20740616,0.38586667,-0.898938,-0.60232884,0.67370653,0.4281582,0.77083236,0.63025904,0.092687726
1356337013330,-0.23101968,0.37946284,-0.8959006,-0.61155427,0.6595382,0.43704772,0.756724,0.6488584,0.07969582
1356337013370,-0.23922914,0.3532451,-0.9044266,-0.6248528,0.65695256,0.42186764,0.743188,0.66605645,0.06356394
1356337013410,-0.22943115,0.30830824,-0.9232048,-0.6437264,0.6633734,0.38151276,0.73005307,0.6818223,0.04626769
1356337013451,-0.19868404,0.25023186,-0.9475804,-0.66941315,0.6715329,0.31769407,0.7158286,0.6974436,0.03408563
1356337013520,-0.144645,0.19560653,-0.96995664,-0.70018846,0.67240477,0.24001645,0.69915235,0.71386963,0.039701402
1356337013525,-0.06949337,0.15322086,-0.98574543,-0.7288724,0.66686416,0.15503931,0.6811135,0.72925687,0.06533581
1356337013545,0.013503358,0.14770517,-0.98893934,-0.75017273,0.65540755,0.08764666,0.66110414,0.7406917,0.119654596
1356337013579,0.10351415,0.17999458,-0.9782059,-0.76351625,0.6446797,0.037828535,0.63743854,0.74296033,0.20416224
1356337013619,0.19905278,0.25688988,-0.9457196,-0.7706625,0.6371509,0.010864884,0.60535717,0.726668,0.32480204
1356337013659,0.2978648,0.32087082,-0.8990653,-0.7671115,0.6410118,-0.02537471,0.5681694,0.69724154,0.43707854
1356337013698,0.38731754,0.33992416,-0.8569928,-0.748033,0.659227,-0.076592386,0.5389171,0.6707245,0.5096047
1356337013739,0.46347058,0.30456698,-0.83212614,-0.71060073,0.68876714,-0.14368832,0.5293784,0.6579048,0.5356489
1356337013778,0.5241641,0.2233967,-0.82179433,-0.65832406,0.7184472,-0.22459522,0.540242,0.6587317,0.5236517
1356337013818,0.5644746,0.113830775,-0.8175641,-0.6017834,0.73468494,-0.31320074,0.5650001,0.66879034,0.48321247
1356337013859,0.5814443,-0.0014245212,-0.81358486,-0.5544363,0.7311491,-0.39751893,0.59541804,0.6822162,0.4243327
1356337013898,0.576512,-0.10359408,-0.810495,-0.5246369,0.713519,-0.4643777,0.62641037,0.69293493,0.35700297
1356337013939,0.553641,-0.1861163,-0.8116909,-0.5115398,0.6931254,-0.50784266,0.6571214,0.6963748,0.28853682
1356337013978,0.5169127,-0.24457218,-0.8203571,-0.5109997,0.68069106,-0.52491814,0.6867901,0.69053906,0.22688156
1356337014018,0.47094148,-0.27849,-0.8370528,-0.5164404,0.6822329,-0.5175399,0.7151947,0.6760189,0.1774683
1356337014059,0.41894594,-0.28534883,-0.8620095,-0.5240904,0.6992519,-0.48618525,0.7414942,0.65545624,0.14340013
1356337014098,0.3635228,-0.26253194,-0.8938278,-0.53274256,0.72851276,-0.4306444,0.76422274,0.6327292,0.124969065
1356337014139,0.3068863,-0.21064779,-0.9281424,-0.54201317,0.76292866,-0.3523658,0.78233147,0.6112016,0.11995846
1356337014201,0.24974716,-0.13284501,-0.9591551,-0.55421126,0.7926463,-0.25409007,0.7940253,0.5950328,0.12433696
1356337014230,0.18834257,-0.044189304,-0.9811087,-0.5725957,0.806687,-0.14625402,0.7979105,0.58932453,0.1266309
1356337014270,0.13547441,0.023945183,-0.99049145,-0.5929619,0.8028638,-0.061693043,0.7937524,0.59568155,0.12296611
1356337014310,0.09631749,0.060145736,-0.99353176,-0.614262,0.78901416,-0.0117845535,0.7832019,0.61142385,0.112941146
1356337014350,0.07334307,0.064659536,-0.99520856,-0.6345857,0.7728449,0.0034458041,0.76936466,0.63129234,0.09771484
1356337014390,0.06630567,0.043215156,-0.9968631,-0.65221566,0.75796044,-0.01052323,0.755128,0.65086746,0.07844269
1356337014430,0.07302463,0.0028072,-0.99732614,-0.6668733,0.74370414,-0.046735376,0.7415844,0.66850305,0.056180775
1356337014470,0.09065178,-0.047155738,-0.9947655,-0.6798162,0.7270173,-0.09641424,0.7277583,0.6849979,0.033848166
1356337014517,0.117560275,-0.09242603,-0.9887553,-0.69234705,0.7061547,-0.14832747,0.71192354,0.70199925,0.019024849
1356337014575,0.15612432,-0.115668684,-0.9809414,-0.70366037,0.6839243,-0.19263858,0.69317186,0.7203252,0.025385737
1356337014595,0.22063157,-0.083686054,-0.9717605,-0.70958084,0.66979647,-0.21878704,0.6691911,0.73781395,0.08839619
1356337014627,0.31015447,-0.045589328,-0.94959253,-0.7010103,0.66374165,-0.26082876,0.64217514,0.7465713,0.17390382
1356337014668,0.4144731,0.01680535,-0.9099064,-0.67460495,0.6767616,-0.2947911,0.6108357,0.7360103,0.29183647
1356337014709,0.51688623,0.067479044,-0.8533904,-0.63328564,0.7009042,-0.3281503,0.5760016,0.7100563,0.40502128
1356337014749,0.59695506,0.083627075,-0.79790425,-0.58640337,0.724221,-0.3628155,0.5475178,0.6844783,0.4813666
1356337014789,0.64629865,0.06566341,-0.7602541,-0.5432426,0.73926425,-0.39796472,0.53589696,0.6702064,0.5134566
1356337014829,0.6652909,0.026822016,-0.7461023,-0.5124907,0.7431172,-0.43026742,0.54290086,0.66862345,0.5081352
1356337014869,0.6572702,-0.017781302,-0.75344527,-0.50076145,0.7368264,-0.45422986,0.56323516,0.67584807,0.47538984
1356337014909,0.6252807,-0.057266608,-0.778296,-0.50943816,0.72554314,-0.4626662,0.5911827,0.6857899,0.4244943
1356337014949,0.5713107,-0.08567591,-0.8162498,-0.53385174,0.71660125,-0.44887078,0.623383,0.692201,0.36366373
1356337014988,0.4984238,-0.09849818,-0.86131984,-0.56560534,0.71600354,-0.40918157,0.6570117,0.6911129,0.30116212
1356337015029,0.4116993,-0.09354508,-0.9065059,-0.5951705,0.7256838,-0.3451885,0.6901273,0.68163943,0.24308825
1356337015069,0.3172429,-0.06693211,-0.9459795,-0.61691,0.74303627,-0.25945947,0.72026324,0.6658958,0.1944319
1356337015108,0.22292846,-0.018436313,-0.9746605,-0.6279933,0.7620002,-0.15805094,0.74560535,0.64731425,0.15829366
1356337015149,0.13490716,0.0506621,-0.9895622,-0.6297258,0.77544534,-0.046150535,0.7650134,0.6293789,0.13651633
1356337015189,0.055000275,0.13571636,-0.98921996,-0.625509,0.7769053,0.07180968,0.778276,0.6148164,0.12762183
1356337015229,-0.016639128,0.22472481,-0.97428024,-0.6178632,0.76379216,0.18672627,0.78610957,0.6050788,0.12614036
1356337015269,-0.08145353,0.30407006,-0.949161,-0.6092182,0.73851705,0.28886977,0.78880817,0.60177565,0.12509018
1356337015308,-0.14020288,0.3641389,-0.9207312,-0.60216814,0.70681095,0.37123007,0.7859622,0.60648257,0.12017596
1356337015349,-0.19245625,0.40154436,-0.8953897,-0.59871125,0.6748945,0.43134934,0.77749944,0.61909574,0.110521495
1356337015389,-0.23643214,0.41854763,-0.8768796,-0.5985925,0.64812976,0.47075987,0.76536715,0.63619626,0.09730077
1356337015429,-0.26986668,0.41824564,-0.8673192,-0.60120416,0.6304047,0.49106368,0.7521473,0.6539576,0.08132583
1356337015469,-0.2908532,0.4025138,-0.8679787,-0.6071231,0.623507,0.4925856,0.7394633,0.67024,0.06302637
1356337015526,-0.29764083,0.37218484,-0.8791406,-0.61875254,0.62607086,0.47453183,0.7270179,0.68521065,0.043946087
1356337015550,-0.287763,0.33108658,-0.89865136,-0.6389417,0.6326121,0.43767047,0.71340454,0.7001312,0.02950263
1356337015590,-0.25717357,0.29176474,-0.9212683,-0.66850275,0.6347058,0.38762432,0.6978294,0.71555704,0.031815946
1356337015630,-0.2018283,0.27487242,-0.9400588,-0.7038989,0.62667847,0.33436564,0.6810225,0.7291908,0.067000926
1356337015670,-0.12131035,0.29802853,-0.9468172,-0.73865634,0.6100852,0.28667563,0.6630767,0.7341493,0.14613098
1356337015710,-0.022081077,0.35519817,-0.9345302,-0.7673862,0.59312207,0.24356681,0.64080495,0.72252375,0.25947738
1356337015750,0.080709755,0.4179467,-0.90487933,-0.78648114,0.58441067,0.19977893,0.61231804,0.6955464,0.37587482
1356337015790,0.17188859,0.45289785,-0.87483597,-0.79235476,0.59123206,0.15039504,0.5853447,0.6673292,0.46048176
1356337015830,0.24404621,0.4478804,-0.86014223,-0.7835411,0.6136844,0.097236216,0.5714061,0.6502266,0.5007
1356337015870,0.29699355,0.40654683,-0.86401075,-0.7630241,0.64505315,0.041239172,0.5740985,0.6470132,0.50178164
1356337015928,0.33025926,0.34059536,-0.8802974,-0.73783123,0.6748021,-0.015723258,0.5886713,0.65470374,0.47416154
1356337015949,0.3427177,0.26288536,-0.9019069,-0.71524036,0.69545656,-0.06907609,0.609078,0.66875374,0.42637146
1356337015989,0.33391017,0.18644029,-0.92398274,-0.69975746,0.705788,-0.11046618,0.63154054,0.68344957,0.3661328
1356337016030,0.30549103,0.122330844,-0.94430417,-0.6916384,0.7101241,-0.13175762,0.6544551,0.69336784,0.30154526
1356337016055,0.2626378,0.08106288,-0.9614833,-0.68970287,0.7126323,-0.12831634,0.67478234,0.69683856,0.24307352
1356337016096,0.21460418,0.052636683,-0.97528166,-0.68476766,0.72013277,-0.11181235,0.69644684,0.6918368,0.1905874
1356337016139,0.15550919,0.050225466,-0.9865567,-0.67820644,0.73156226,-0.06966072,0.7182289,0.6799221,0.14782792
1356337016179,0.09107199,0.074421376,-0.99305964,-0.66821325,0.7439493,-0.005528152,0.7383746,0.664079,0.117482305
1356337016219,0.027324423,0.12173775,-0.9921861,-0.6542002,0.75265986,0.07433224,0.7558277,0.64705724,0.10020679
1356337016259,-0.03197159,0.18417138,-0.98237395,-0.6374104,0.7533081,0.16197175,0.76986086,0.6313539,0.09330827
1356337016299,-0.08449797,0.24931628,-0.9647288,-0.62086236,0.7440968,0.24667767,0.77935237,0.6198075,0.09191644
1356337016339,-0.12990363,0.30492207,-0.9434764,-0.60812795,0.72705317,0.31870705,0.78313833,0.61515546,0.09098476
1356337016379,-0.16771954,0.3427148,-0.9243467,-0.6012071,0.70753175,0.37141454,0.78129387,0.61801726,0.08737564
1356337016419,-0.19737533,0.3603313,-0.91170406,-0.600022,0.69104826,0.40302098,0.7752526,0.62658894,0.07981086
1356337016459,-0.21784088,0.35863963,-0.9077019,-0.60374314,0.6812185,0.41404766,0.7668373,0.63821536,0.06812894
1356337016517,-0.22790754,0.33917242,-0.91269934,-0.61195934,0.67919815,0.40521055,0.75733995,0.6508855,0.05276537
1356337016540,-0.22649506,0.30352965,-0.9255105,-0.62534606,0.68318534,0.37709436,0.7467545,0.6641743,0.035072982
1356337016580,-0.21155983,0.25589144,-0.94327193,-0.6453318,0.68825155,0.33144626,0.7340227,0.6788441,0.019528508
1356337016620,-0.1798116,0.20728076,-0.9616145,-0.6720364,0.68797725,0.2739605,0.71835566,0.6955012,0.015593946
1356337016660,-0.12726735,0.1762748,-0.97607905,-0.70257354,0.67862016,0.21416125,0.70013815,0.71302307,0.037479818
1356337016701,-0.049456254,0.18029746,-0.98236805,-0.73140526,0.6632555,0.1585514,0.68014747,0.7263505,0.09906834
1356337016740,0.053133637,0.22086143,-0.9738568,-0.7520963,0.65039635,0.10646933,0.6569079,0.726777,0.20066702
1356337016780,0.1685611,0.27797574,-0.9456832,-0.76026624,0.64729977,0.054756522,0.6273615,0.7097412,0.32044518
1356337016820,0.27617592,0.31745917,-0.907164,-0.7549235,0.65581274,-3.28362E-4,0.5948254,0.68493015,0.4207771
1356337016860,0.36109948,0.32145727,-0.87536985,-0.73798275,0.6723639,-0.05751735,0.5700777,0.6667774,0.4800202
1356337016901,0.41952217,0.29066336,-0.85995114,-0.7133784,0.69139016,-0.11432779,0.5613309,0.66143364,0.4974065
1356337016940,0.45235884,0.23553112,-0.8601724,-0.6871989,0.7068114,-0.16785517,0.5684446,0.6670402,0.48158908
1356337016980,0.46145892,0.16957605,-0.870804,-0.6659008,0.7147838,-0.21368264,0.58620113,0.67847484,0.4427642
1356337017020,0.4491673,0.105000675,-0.88725615,-0.6533185,0.71600056,-0.24600424,0.60944533,0.690158,0.39020294
1356337017060,0.41814125,0.049116164,-0.9070531,-0.64925146,0.7145327,-0.26060617,0.6353191,0.6978758,0.33066437
1356337017100,0.3717814,0.00862807,-0.92828023,-0.65156597,0.7146934,-0.254313,0.66124153,0.6993846,0.2713315
1356337017140,0.31484115,-0.0139395,-0.949042,-0.65607756,0.71936023,-0.22821721,0.6858843,0.69449735,0.2173388
1356337017181,0.25191805,-0.01674959,-0.96760356,-0.6590105,0.7292298,-0.18419829,0.70869064,0.6840638,0.17266798
1356337017220,0.18780491,0.0012512803,-0.98220557,-0.6575402,0.7430147,-0.12477997,0.7296371,0.669274,0.14036459
1356337017260,0.12645727,0.039417088,-0.9911886,-0.65090847,0.75730896,-0.052927554,0.74854976,0.65186614,0.12142414
1356337017300,0.06994249,0.093254894,-0.9931826,-0.64155865,0.7666057,0.026800215,0.76387864,0.63531035,0.11344677
1356337017340,0.018736765,0.15334691,-0.9879948,-0.6345323,0.7654851,0.10677755,0.7726693,0.6249139,0.111646295
1356337017380,-0.02726689,0.20803364,-0.97774154,-0.633988,0.7526226,0.17781563,0.772862,0.6247249,0.11136919
1356337017420,-0.067389235,0.24830687,-0.9663345,-0.6406144,0.73175275,0.23270385,0.7648999,0.6347295,0.10975671
1356337017460,-0.100122854,0.27062228,-0.9574648,-0.6520766,0.70898604,0.2685793,0.75151277,0.65123135,0.10548073
1356337017515,-0.12325856,0.2753802,-0.9534008,-0.6653375,0.6898838,0.28528285,0.7362971,0.66949683,0.09818667
1356337017540,-0.1352666,0.26398188,-0.9549956,-0.6789883,0.67725223,0.2833801,0.7215801,0.6867627,0.08763099
1356337017580,-0.13489524,0.2377441,-0.9619153,-0.6932857,0.67093897,0.26305097,0.70792526,0.7023665,0.07431811
