1356335888783,-0.8940844,0.06276429,0.44347918,-0.4352942,0.11147702,-0.8933599,-0.10550885,-0.991783,-0.07234901
1356335888817,0.16832909,0.053869396,-0.9842578,0.9800675,-0.11602709,0.16126221,-0.10551348,-0.99178416,-0.07232636
1356335888858,0.16837251,0.05374798,-0.984257,0.98005724,-0.116036296,0.16131762,-0.10553905,-0.9917897,-0.07221338
1356335888905,0.16836122,0.05342707,-0.9842764,0.98004854,-0.11608258,0.16133705,-0.10563755,-0.9918016,-0.07190496
1356335888953,0.16765776,0.053046703,-0.984417,0.98013735,-0.11626652,0.1606637,-0.10593206,-0.9918004,-0.071486056
1356335888993,0.16462862,0.053167164,-0.98492163,0.98059887,-0.11654794,0.15761462,-0.10641068,-0.99176097,-0.0713228
1356335889030,0.15933841,0.054016054,-0.9857452,0.98139435,-0.11701894,0.15222284,-0.10712835,-0.99165964,-0.071656674
1356335889074,0.15114298,0.055614024,-0.9869462,0.98259354,-0.117542595,0.14385292,-0.108008,-0.9915093,-0.072411746
1356335889113,0.14058498,0.05759865,-0.98839176,0.9840539,-0.11800268,0.13309133,-0.108967036,-0.99134135,-0.073269546
1356335889191,0.11694449,0.059521675,-0.9913532,0.9869865,-0.1178987,0.10935065,-0.11037046,-0.99124014,-0.07253471
1356335889229,0.10647306,0.058916926,-0.99256855,0.98805344,-0.11812678,0.098977,-0.11141747,-0.9912492,-0.07079041
1356335889270,0.09863824,0.05645424,-0.99352074,0.98877746,-0.11813164,0.091454774,-0.11220324,-0.9913919,-0.067472994
1356335889310,0.09363565,0.052488595,-0.994222,0.9891981,-0.11802623,0.08693147,-0.112781346,-0.9916223,-0.06297311
1356335889353,0.09097457,0.048222512,-0.99468493,0.98940945,-0.11781794,0.084780216,-0.11310348,-0.9918636,-0.058430225
1356335889391,0.090103924,0.044220448,-0.9949502,0.9895052,-0.117287874,0.08439794,-0.11296347,-0.992113,-0.054324478
1356335889433,0.090432644,0.041122645,-0.99505323,0.98954856,-0.116395295,0.0851222,-0.11231905,-0.9923513,-0.051218778
1356335889471,0.09088695,0.03952989,-0.9950763,0.9896579,-0.11493939,0.08582598,-0.11098084,-0.9925856,-0.04956749
1356335889513,0.09104389,0.039586812,-0.9950597,0.98986495,-0.11295378,0.08607486,-0.108988315,-0.9928113,-0.049469322
1356335889551,0.090780586,0.040911227,-0.9950302,0.99017155,-0.11045113,0.08579606,-0.106392205,-0.9930392,-0.050535947
1356335889591,0.09050545,0.04252717,-0.99498755,0.9904946,-0.1077573,0.08549112,-0.10358149,-0.99326724,-0.05187562
1356335889632,0.09030244,0.044079363,-0.99493843,0.9908102,-0.10499075,0.085276276,-0.10070044,-0.9934958,-0.053155154
1356335889672,0.09017366,0.045602262,-0.9948815,0.99108094,-0.10252607,0.08512968,-0.09811917,-0.9936845,-0.054440677
1356335889712,0.08998665,0.047313094,-0.9948185,0.99130714,-0.10051969,0.08488834,-0.09598249,-0.99380946,-0.055947214
1356335889752,0.08997914,0.0489752,-0.99473876,0.9914583,-0.09908947,0.08480379,-0.09441489,-0.9938725,-0.057472795
1356335889828,0.09049845,0.05013877,-0.9946337,0.991494,-0.09834242,0.085255444,-0.09354007,-0.9938888,-0.05861211
1356335889829,0.09179008,0.050509065,-0.9944966,0.9913745,-0.09845805,0.08650139,-0.093547136,-0.9938586,-0.05911088
1356335889855,0.09383172,0.050329536,-0.99431515,0.9911252,-0.099179566,0.08851054,-0.09416106,-0.993796,-0.05918905
1356335889897,0.09653559,0.049290568,-0.9941083,0.9906647,-0.101343006,0.09117633,-0.096251726,-0.99362975,-0.058613658
1356335889940,0.10064748,0.04764089,-0.99378085,0.9899087,-0.10494289,0.09522441,-0.09975371,-0.99333644,-0.05772233
1356335889980,0.10618299,0.045774907,-0.99329245,0.98883235,-0.1099177,0.100640774,-0.10457364,-0.99288607,-0.056935042
1356335890019,0.10666528,0.044953495,-0.99327826,0.9882293,-0.114970654,0.10091978,-0.10966119,-0.99235123,-0.056687713
1356335890060,0.12095547,0.043501943,-0.9917043,0.9860327,-0.12049681,0.114978015,-0.114495456,-0.9917601,-0.05746907
1356335890100,0.13278028,0.04355231,-0.9901881,0.98404264,-0.12518117,0.12645024,-0.118445754,-0.9911775,-0.05947891
1356335890140,0.14213142,0.046107978,-0.9887732,0.9823487,-0.12929651,0.13517857,-0.12161216,-0.99053335,-0.06367114
1356335890180,0.14890796,0.051830888,-0.9874918,0.9809691,-0.13357818,0.14091322,-0.12460369,-0.98968196,-0.070735395
1356335890222,0.15105835,0.06321046,-0.98650175,0.9801539,-0.13917443,0.14116868,-0.12837249,-0.98824835,-0.08297944
1356335890261,0.14730272,0.082209766,-0.9856691,0.9800373,-0.14666179,0.1342287,-0.13352507,-0.9857646,-0.102172285
1356335890302,0.13693115,0.10998115,-0.9844562,0.980633,-0.15553907,0.119022965,-0.14003107,-0.98168826,-0.12914932
1356335890340,0.12028423,0.14623773,-0.9819094,0.98179936,-0.16395828,0.09585211,-0.14697501,-0.9755676,-0.16329765
1356335890399,0.098545104,0.18940437,-0.9769416,0.9833151,-0.16937861,0.066349745,-0.15290606,-0.9671799,-0.2029356
1356335890419,0.07349259,0.23679343,-0.96877646,0.9849136,-0.16983163,0.03320566,-0.15666595,-0.9566014,-0.24570245
1356335890459,0.04680386,0.28555718,-0.95721805,0.98636997,-0.16454038,-8.5645914E-4,-0.1577456,-0.9441311,-0.28936613
1356335890496,0.019596338,0.33328322,-0.94262314,0.9875649,-0.15354478,-0.033758163,-0.15598586,-0.9302399,-0.33214772
1356335890539,-0.00784409,0.37845257,-0.9255874,0.9884511,-0.13714969,-0.06445441,-0.15133703,-0.9154035,-0.373006
1356335890580,-0.036028832,0.42058256,-0.9065386,0.98894596,-0.1155546,-0.0929147,-0.14383301,-0.89986527,-0.41177016
1356335890620,-0.06513518,0.45855784,-0.88627434,0.9887781,-0.09000355,-0.11923623,-0.1344445,-0.8840951,-0.44754958
1356335890660,-0.09529519,0.4921134,-0.86529946,0.98766047,-0.061783254,-0.14390823,-0.124280214,-0.86833584,-0.48015326
1356335890699,-0.12663174,0.5203457,-0.8445145,0.98524714,-0.032826126,-0.1679599,-0.11511934,-0.85332453,-0.5085122
1356335890742,-0.15883431,0.54269063,-0.82477796,0.9813434,-0.0048871934,-0.19220111,-0.10833654,-0.8399185,-0.53178966
1356335890781,-0.1915929,0.55862546,-0.80698806,0.9758996,0.0209184,-0.21721503,-0.104460955,-0.82915616,-0.54917014
1356335890821,-0.22376579,0.56727177,-0.79254746,0.9691462,0.043263555,-0.24266002,-0.10336575,-0.8223934,-0.5594502
1356335890860,-0.2536872,0.567337,-0.7834358,0.96160144,0.060237527,-0.26775765,-0.10471654,-0.82127964,-0.5608335
1356335890902,-0.27945346,0.5579157,-0.7814319,0.9540795,0.069910884,-0.29128125,-0.10787979,-0.8269478,-0.55183274
1356335890940,-0.29799023,0.53769124,-0.7887267,0.9479865,0.06982866,-0.31055683,-0.11190799,-0.8402452,-0.5305323
1356335890982,-0.30668932,0.5051062,-0.8067275,0.94478154,0.058742166,-0.32239303,-0.11545381,-0.86105573,-0.49523062
1356335891022,-0.30199942,0.4575235,-0.8363424,0.9461142,0.03627023,-0.32179573,-0.11689478,-0.88845754,-0.44382304
1356335891061,-0.28639287,0.39864007,-0.8712435,0.9511962,0.009236336,-0.30844858,-0.11491287,-0.917061,-0.38183016
1356335891102,-0.2568927,0.328088,-0.9090458,0.96041673,-0.018184453,-0.277973,-0.10773012,-0.94447213,-0.3104297
1356335891141,-0.21838367,0.2514163,-0.94292015,0.9712416,-0.03792703,-0.23505569,-0.094858944,-0.96713567,-0.23590338
1356335891182,-0.17741477,0.17620921,-0.96823263,0.9811295,-0.04517734,-0.18799973,-0.07686949,-0.98331547,-0.16486895
1356335891220,-0.14127994,0.109725505,-0.9838701,0.98843265,-0.039726138,-0.1463655,-0.055145323,-0.99316776,-0.10284376
1356335891262,-0.115558445,0.056602567,-0.9916866,0.99279165,-0.025374532,-0.117135555,-0.031793803,-0.9980743,-0.053262293
1356335891301,-0.1023466,0.01792112,-0.9945874,0.99471414,-0.006514609,-0.102476954,-0.008315831,-0.9998182,-0.0171597
1356335891341,-0.101949036,-0.0073797703,-0.9947623,0.99470186,0.012526572,-0.10203579,0.013214022,-0.9998944,0.0060635805
1356335891381,-0.112665236,-0.020984381,-0.99341136,0.9931104,0.030041873,-0.11326569,0.03222078,-0.9993283,0.017455101
1356335891421,-0.13223457,-0.02584806,-0.9908814,0.9900241,0.04561603,-0.13331008,0.048645914,-0.99862456,0.019558191
1356335891462,-0.15721625,-0.025251746,-0.9872414,0.9855628,0.05960095,-0.15847343,0.06284228,-0.9979029,0.015516937
1356335891500,-0.18320781,-0.023636788,-0.98279,0.9802859,0.07084894,-0.18444496,0.07398936,-0.997207,0.010190666
1356335891539,-0.20594805,-0.023501277,-0.9782807,0.97525585,0.07719147,-0.20716557,0.0803836,-0.99673927,0.007022321
1356335891580,-0.22374797,-0.025354892,-0.97431725,0.9713454,0.076412976,-0.22505397,0.08015674,-0.9967539,0.0075311065
1356335891620,-0.23561555,-0.027534097,-0.97145617,0.96908855,0.06859481,-0.23698553,0.07316205,-0.9972645,0.010520995
1356335891660,-0.24037004,-0.027863234,-0.9702813,0.9687228,0.056579053,-0.24160874,0.061629593,-0.9980092,0.013391912
1356335891702,-0.23602176,-0.024680525,-0.97143435,0.9705241,0.04416758,-0.23692271,0.04875329,-0.9987192,0.013528526
1356335891740,-0.22135597,-0.016187876,-0.9750587,0.97450256,0.033945918,-0.22179335,0.03668955,-0.99929255,0.008261025
1356335891782,-0.19632989,1.0660291E-4,-0.9805379,0.9801811,0.026996255,-0.1962555,0.026449919,-0.9996355,-0.005404651
1356335891821,-0.16662306,0.02940917,-0.985582,0.98585296,0.023404598,-0.1659705,0.018186122,-0.9992934,-0.032892883
1356335891858,-0.1386795,0.07650283,-0.987378,0.9902675,0.022553086,-0.13733792,0.011761755,-0.99681425,-0.07888591
1356335891900,-0.13350245,0.15037367,-0.97957385,0.9910221,0.027462035,-0.13084704,0.007225126,-0.9882477,-0.15268981
1356335891940,-0.154179,0.24496984,-0.95719314,0.9880338,0.042412788,-0.1482921,0.004270196,-0.96860266,-0.24857765
1356335891983,-0.20684713,0.34927624,-0.91390395,0.9783724,0.075084746,-0.19274262,0.0012998283,-0.9340067,-0.3572533
1356335892022,-0.25865188,0.43373126,-0.8631202,0.9659583,0.11161849,-0.2333794,-0.0048837364,-0.8941021,-0.44783664
1356335892060,-0.29093283,0.48728687,-0.8233527,0.95659584,0.13303494,-0.25928006,-0.016809076,-0.8630488,-0.5048408
1356335892091,-0.30301628,0.51660603,-0.8008117,0.9525202,0.13792846,-0.27144262,-0.029774189,-0.8450408,-0.5338722
1356335892132,-0.27126777,0.5184292,-0.81095314,0.96147186,0.10694748,-0.25324717,-0.044561356,-0.84840643,-0.5274665
1356335892172,-0.1968902,0.49375045,-0.84702116,0.97866046,0.047159106,-0.19999948,-0.05880505,-0.86832404,-0.49249923
1356335892211,-0.08978519,0.44383913,-0.8915971,0.99341446,-0.024068147,-0.11201957,-0.07117778,-0.8957832,-0.4387552
1356335892251,0.041475832,0.36815616,-0.9288384,0.99591327,-0.08988011,0.008845866,-0.080227464,-0.9254094,-0.3703795
1356335892292,0.16834673,0.27850762,-0.94556487,0.98218584,-0.12864104,0.1369766,-0.08348939,-0.95177996,-0.29520252
1356335892331,0.2693199,0.19055384,-0.9440106,0.95980686,-0.13349628,0.24687949,-0.07897809,-0.9725574,-0.21884808
1356335892371,0.33292818,0.116915554,-0.935676,0.9405899,-0.11136967,0.32076067,-0.066704005,-0.98687774,-0.1470477
1356335892412,0.361104,0.061200798,-0.93051517,0.9313187,-0.07441944,0.3565212,-0.047429025,-0.9953473,-0.08387062
1356335892451,0.35766926,0.022296757,-0.93358207,0.9335327,-0.034526557,0.35682574,-0.02427736,-0.99915504,-0.033163786
1356335892493,0.32970363,-0.002609253,-0.9440809,0.944083,0.0027094483,0.32969683,0.0016976595,-0.9999929,0.0033566952
1356335892531,0.27958947,-0.017504424,-0.95996,0.9597454,0.03300774,0.278925,0.026803643,-0.99930173,0.026028425
1356335892573,0.21547738,-0.02513054,-0.9761854,0.97522783,0.05672607,0.21380562,0.05000204,-0.9980734,0.036731184
1356335892610,0.1446372,-0.029800713,-0.98903596,0.9870413,0.07454762,0.14209932,0.06949568,-0.9967721,0.040196866
1356335892652,0.0770497,-0.035033315,-0.99641156,0.9936451,0.08494577,0.07384917,0.08205375,-0.9957695,0.04135573
1356335892691,0.019434124,-0.041003317,-0.99897003,0.9962332,0.08524725,0.015881896,0.0845083,-0.9955158,0.042505562
1356335892731,-0.025453657,-0.045319617,-0.99864817,0.99669486,0.07594064,-0.028850168,0.07714546,-0.9960818,0.04323685
1356335892770,-0.055471838,-0.045634508,-0.99741685,0.9964534,0.06077397,-0.05819884,0.06327286,-0.99710786,0.042101443
1356335892826,-0.06683594,-0.04129207,-0.99690914,0.9966123,0.045228124,-0.068689406,0.047924608,-0.9981229,0.03812939
1356335892852,-0.05663562,-0.032830536,-0.997855,0.99780256,0.032562613,-0.057703972,0.03438717,-0.99893034,0.030914187
1356335892891,-0.020002663,-0.021484494,-0.999569,0.99951506,0.023431659,-0.020505339,0.023862064,-0.99949455,0.021005452
1356335892932,0.03289768,-0.0046887696,-0.9994477,0.99933887,0.015641242,0.03282073,0.0154787,-0.9998667,0.005200237
1356335892971,0.09791291,0.021494478,-0.9949628,0.9951614,0.006093383,0.098064154,0.008170575,-0.9997504,-0.020793885
1356335893011,0.14183888,0.06748265,-0.98758686,0.98988646,-0.007097274,0.1416842,0.0025520325,-0.9976952,-0.06780681
1356335893051,0.1408534,0.14238086,-0.9797387,0.99002993,-0.019225776,0.13953888,0.0010314286,-0.9896252,-0.14366934
1356335893092,0.086645514,0.24057925,-0.96675444,0.9962306,-0.016888231,0.08508468,0.0041428506,-0.9704826,-0.24113572
1356335893130,-0.0033308864,0.34017906,-0.94035476,0.99996495,0.008348346,-5.219579E-4,0.0076728463,-0.9403236,-0.340195
1356335893171,-0.08380282,0.41406408,-0.90638185,0.9964696,0.03942406,-0.07412213,0.005041927,-0.90939355,-0.41590607
1356335893212,-0.12049392,0.45290464,-0.8833791,0.9926931,0.049186558,-0.110186756,-0.0064537227,-0.89020115,-0.45552194
1356335893251,-0.10930228,0.46194693,-0.8801466,0.9937502,0.030599892,-0.1073499,-0.022657603,-0.8863795,-0.46240455
1356335893291,-0.046664894,0.4421907,-0.89570636,0.99806446,-0.016260982,-0.060025215,-0.041107655,-0.8967737,-0.44057602
1356335893348,0.052671254,0.39483798,-0.91723967,0.9968742,-0.07495129,0.024980366,-0.058885127,-0.9156884,-0.3975516
1356335893369,0.16494578,0.32562655,-0.9309996,0.98361033,-0.12400472,0.13089496,-0.07282549,-0.9373314,-0.34074372
1356335893409,0.26164556,0.24866709,-0.93258035,0.96189046,-0.14669484,0.23075348,-0.079423994,-0.9574159,-0.27757254
1356335893445,0.32174718,0.18080017,-0.92940307,0.9437494,-0.14030123,0.29942042,-0.07626113,-0.97346133,-0.21577159
1356335893490,0.34468246,0.12880489,-0.9298405,0.93670547,-0.11204225,0.33170676,-0.061455905,-0.9853202,-0.1592713
1356335893530,0.33423164,0.09214997,-0.9379753,0.94173217,-0.072579116,0.32843992,-0.037811667,-0.9930965,-0.111038804
1356335893570,0.30129895,0.066269994,-0.9512241,0.9535059,-0.028001696,0.30007088,-0.0067501664,-0.99740875,-0.07162571
1356335893611,0.24957189,0.046956033,-0.9672172,0.9680133,0.014484197,0.2504805,0.025770932,-0.99879193,-0.041839212
1356335893652,0.18813401,0.032163233,-0.98161656,0.98043,0.052859545,0.18963858,0.057987154,-0.99808383,-0.0215891
1356335893693,0.12108824,0.018500596,-0.9924693,0.9889965,0.0833585,0.1222184,0.08499184,-0.9963479,-0.008203268
1356335893732,0.057810158,0.0038216114,-0.9983202,0.99309677,0.102012604,0.057898164,0.102062464,-0.9947758,0.0021021366
1356335893773,0.0042518377,-0.011464924,-0.99992526,0.9944761,0.10491949,0.0030257106,0.104876995,-0.9944146,0.011847675
1356335893829,-0.04150471,-0.024223924,-0.9988446,0.99458456,0.09433612,-0.04361552,0.09528366,-0.99524564,0.020177305
1356335893854,-0.07831508,-0.031334966,-0.9964361,0.99411213,0.0726251,-0.08041617,0.07488617,-0.99686694,0.025462747
1356335893891,-0.10089922,-0.03207004,-0.99437964,0.99354815,0.04877311,-0.102387816,0.051782608,-0.99829495,0.026941955
1356335893932,-0.10734761,-0.027022839,-0.9938543,0.99379313,0.026426613,-0.108059555,0.029184252,-0.99928546,0.024018347
1356335893970,-0.09138584,-0.01697439,-0.9956709,0.9957693,0.008079886,-0.09153262,0.009598643,-0.99982333,0.016164184
1356335894011,-0.055024445,-9.787381E-4,-0.9984845,0.99846625,-0.0061751604,-0.055017382,-0.0061119795,-0.99998045,0.0013170838
1356335894050,-0.008471727,0.025543839,-0.9996378,0.999797,-0.018058658,-0.008934587,-0.018280327,-0.9995105,-0.025385618
1356335894092,0.027750134,0.071354985,-0.9970649,0.99922955,-0.029672146,0.02568686,-0.02775222,-0.9970095,-0.07212341
1356335894130,0.025457025,0.14743015,-0.98874485,0.9990834,-0.037799716,0.020086974,-0.03441289,-0.9883499,-0.14825726
1356335894171,-0.031893045,0.25445235,-0.9665593,0.9988116,-0.02754417,-0.04020843,-0.036854178,-0.9666929,-0.25327146
1356335894213,-0.13073903,0.37041205,-0.91962063,0.9907922,0.015896201,-0.13445446,-0.03518513,-0.92873144,-0.36907965
1356335894251,-0.224101,0.4599197,-0.85921633,0.97397673,0.07504058,-0.21386519,-0.033884704,-0.8847841,-0.46476775
1356335894292,-0.28114554,0.5106621,-0.81251544,0.95896196,0.11708966,-0.25822854,-0.03673035,-0.85177124,-0.52262473
1356335894330,-0.29531106,0.5283967,-0.7959826,0.95441186,0.1252521,-0.2709426,-0.043466717,-0.8397076,-0.5412964
1356335894371,-0.2736303,0.5202754,-0.8089746,0.9604339,0.10241619,-0.2589935,-0.051895887,-0.8478352,-0.5277143
1356335894411,-0.22030336,0.48817083,-0.8444854,0.97349334,0.055487275,-0.22188255,-0.06145838,-0.8709824,-0.48745507
1356335894451,-0.15315574,0.43702802,-0.8863124,0.9856558,0.0032151341,-0.16873711,-0.07089323,-0.89944214,-0.43125165
1356335894492,-0.071317434,0.36673626,-0.9275874,0.9943981,-0.046593666,-0.09487572,-0.078014016,-0.9291575,-0.36135888
1356335894531,-0.001912415,0.2898715,-0.9570636,0.9968093,-0.07581782,-0.024955302,-0.079796374,-0.9540577,-0.2888016
1356335894572,0.051499426,0.21433163,-0.97540236,0.9959688,-0.08284998,0.034380138,-0.07344329,-0.9732409,-0.2177344
1356335894611,0.076610625,0.14862764,-0.9859212,0.9953468,-0.06936067,0.06688696,-0.05844289,-0.98645777,-0.15324986
1356335894652,0.072286904,0.09619868,-0.9927338,0.99674463,-0.04259777,0.06845108,-0.03570336,-0.9944502,-0.09896475
1356335894690,0.04121363,0.057048976,-0.9975204,0.9991246,-0.009530067,0.040734917,-0.0071825385,-0.99832594,-0.057391763
1356335894732,-0.010219246,0.028826326,-0.99953216,0.99965465,0.024495095,-0.009514034,0.02420932,-0.9992842,-0.029066682
1356335894772,-0.07229149,0.007444769,-0.9973558,0.99594355,0.054254234,-0.07178414,0.05357638,-0.9984994,-0.011336744
1356335894831,-0.13525087,-0.010929555,-0.990751,0.98804617,0.073165596,-0.13568884,0.07397184,-0.9972599,9.032488E-4
1356335894853,-0.19239342,-0.026508063,-0.9809598,0.97811544,0.075513005,-0.19387609,0.07921445,-0.9967924,0.011399746
1356335894890,-0.2450797,-0.037118882,-0.9687921,0.9668995,0.06382239,-0.24704629,0.071000725,-0.99727064,0.020248711
1356335894930,-0.2905156,-0.040376246,-0.956018,0.95547575,0.04167968,-0.29211107,0.05164084,-0.99831486,0.026469946
1356335894970,-0.32490873,-0.03662637,-0.9450358,0.9453448,0.016502738,-0.3256546,0.02752325,-0.9991927,0.029262662
1356335895012,-0.34315407,-0.028050214,-0.9388602,0.9392723,-0.006432891,-0.34311253,0.0035848022,-0.9995858,0.028554201
1356335895051,-0.34168464,-0.01631245,-0.93967307,0.939649,-0.02470237,-0.34124702,-0.017645627,-0.9995617,0.023768425
1356335895091,-0.32041276,-5.1909685E-4,-0.9472779,0.94661546,-0.037570477,-0.3201681,-0.035423487,-0.9992938,0.012529492
1356335895130,-0.28992987,0.02613768,-0.9566909,0.9557265,-0.04460317,-0.29085618,-0.050273746,-0.99866277,-0.012048662
1356335895172,-0.2694596,0.07567203,-0.960034,0.96093774,-0.044262826,-0.27320218,-0.0631676,-0.9961499,-0.06078905
1356335895211,-0.2904567,0.16211343,-0.94305575,0.9539902,-0.02758336,-0.29856613,-0.07441425,-0.98638654,-0.14664286
1356335895250,-0.3577413,0.27482802,-0.8924633,0.93014413,0.020146191,-0.36664164,-0.08278364,-0.9612824,-0.2628368
1356335895291,-0.45074013,0.38260248,-0.806504,0.88835263,0.10365966,-0.44730797,-0.087539166,-0.9180796,-0.3866095
1356335895332,-0.52796423,0.4558702,-0.7165445,0.844354,0.19114289,-0.5005305,-0.09121454,-0.8692794,-0.48583245
1356335895371,-0.5700402,0.4935921,-0.6568264,0.8159715,0.24654996,-0.52288014,-0.09614894,-0.83401436,-0.5433005
1356335895412,-0.5742184,0.5074001,-0.64250946,0.81224674,0.25471416,-0.5247627,-0.10260838,-0.8232046,-0.5583956
1356335895451,-0.54569685,0.50654274,-0.66755474,0.830898,0.2237046,-0.509475,-0.10873577,-0.8326888,-0.5429603
1356335895492,-0.47148535,0.4887011,-0.73407954,0.87451625,0.1517972,-0.46062875,-0.113678575,-0.8591442,-0.49894726
1356335895531,-0.3565334,0.4503948,-0.8185526,0.92707664,0.061945617,-0.36971828,-0.115813464,-0.8906779,-0.43963617
1356335895572,-0.19808528,0.383963,-0.9018506,0.9737009,-0.028572112,-0.2260313,-0.112555474,-0.9229063,-0.36820537
1356335895610,-0.027530015,0.2956641,-0.9548952,0.99441564,-0.08925927,-0.05630666,-0.10188109,-0.9511128,-0.2915557
1356335895652,0.11153895,0.20712629,-0.97193503,0.99026895,-0.10507506,0.09125066,-0.08322573,-0.97265506,-0.21683073
1356335895690,0.19684741,0.13630655,-0.97091275,0.97875786,-0.085203975,0.18647611,-0.05730778,-0.9869958,-0.15018326
1356335895731,0.2300893,0.08757964,-0.96922064,0.97280395,-0.04799521,0.22660309,-0.026672155,-0.99500066,-0.096241
1356335895768,0.22400755,0.056586623,-0.9729433,0.9745724,-0.0074668527,0.22394836,0.005407661,-0.9983698,-0.056820422
1356335895832,0.19230312,0.036516994,-0.98065597,0.9807179,0.02829969,0.19336909,0.034813583,-0.9989323,-0.030370802
1356335895852,0.1496425,0.020736039,-0.98852277,0.9870911,0.054585487,0.15057084,0.057081252,-0.99829376,-0.0123000145
1356335895890,0.10840732,0.005505681,-0.9940913,0.99177116,0.06790513,0.1085304,0.068101406,-0.9976766,0.0019010305
1356335895931,0.07493967,-0.008869112,-0.99714863,0.9950107,0.06671077,0.07418564,0.065862626,-0.997733,0.013824075
1356335895970,0.05255738,-0.01992169,-0.99841917,0.99726415,0.053088635,0.0514372,0.05197993,-0.998391,0.022657454
1356335896010,0.04554397,-0.025871664,-0.9986273,0.9984448,0.033354223,0.044671535,0.032152683,-0.9991087,0.027350545
1356335896050,0.0585168,-0.026614219,-0.9979316,0.99822116,0.012993515,0.058187246,0.011418015,-0.9995613,0.02732718
1356335896091,0.09765798,-0.023070663,-0.9949526,0.9951985,-0.004315555,0.097782195,-0.0065496564,-0.99972457,0.022538394
1356335896132,0.16081089,-0.014825612,-0.98687387,0.98676145,-0.018874407,0.16107613,-0.02101472,-0.99971193,0.0115941465
1356335896171,0.24933723,-0.0021823049,-0.96841425,0.9678635,-0.033233434,0.24927032,-0.032727778,-0.9994452,-0.0061741173
1356335896212,0.33286175,0.02171877,-0.94272554,0.9420079,-0.052939564,0.33138877,-0.042710096,-0.9983615,-0.03808081
1356335896250,0.39517108,0.06541109,-0.9162757,0.9171737,-0.08380404,0.38957572,-0.051305056,-0.994333,-0.09311026
1356335896290,0.4153175,0.13866693,-0.8990456,0.90786964,-0.12544498,0.4000455,-0.05730763,-0.98236203,-0.17799097
1356335896332,0.38336372,0.24396828,-0.8907927,0.92170477,-0.16277294,0.35208726,-0.05909884,-0.95602536,-0.28726795
1356335896370,0.3155495,0.36027938,-0.8778538,0.9470952,-0.17675263,0.2678978,-0.05864489,-0.9159461,-0.3969931
1356335896412,0.2527501,0.45246223,-0.8552165,0.96560454,-0.17372233,0.19346425,-0.061034977,-0.874699,-0.4808079
1356335896450,0.23052907,0.50039065,-0.834545,0.970672,-0.17837226,0.16118032,-0.06820658,-0.8472263,-0.5268352
1356335896489,0.25617775,0.5035105,-0.8251364,0.9635165,-0.20146611,0.17620254,-0.07751721,-0.8401717,-0.53675175
1356335896530,0.3195547,0.46607712,-0.8250193,0.9435791,-0.2363209,0.23197195,-0.08685249,-0.85259867,-0.51529807
1356335896566,0.3905999,0.4040618,-0.82714313,0.91559184,-0.26374978,0.30352527,-0.09551585,-0.87588245,-0.4729763
1356335896609,0.4611758,0.3237282,-0.8261458,0.88129425,-0.2753399,0.3840681,-0.103137255,-0.9052005,-0.4122799
1356335896649,0.5150391,0.2414718,-0.82245123,0.8504106,-0.2641793,0.4549848,-0.10740861,-0.93375623,-0.34141284
1356335896689,0.5517523,0.16521463,-0.81747997,0.82736397,-0.23190704,0.5115545,-0.10506311,-0.9586048,-0.26464784
1356335896729,0.5687174,0.10385695,-0.8159499,0.8171189,-0.1849665,0.54598904,-0.09421864,-0.9772415,-0.19005716
1356335896772,0.56890535,0.059815377,-0.8202249,0.8192184,-0.128903,0.558807,-0.07230419,-0.9898516,-0.122335464
1356335896831,0.55318666,0.03174457,-0.8324523,0.831813,-0.07564598,0.54987717,-0.045516014,-0.99662936,-0.06825192
1356335896851,0.5268797,0.017315328,-0.8497634,0.8498172,-0.02771394,0.52634835,-0.014436424,-0.9994658,-0.029316768
1356335896892,0.49063468,0.012370229,-0.8712776,0.87118644,0.013297394,0.4907722,0.017656714,-0.9998351,-0.0042526126
1356335896931,0.4500293,0.009558082,-0.89296263,0.89189625,0.045199275,0.44997564,0.044662178,-0.99893224,0.011816204
1356335896971,0.41260558,0.0042280257,-0.9109,0.9088286,0.06564796,0.41197205,0.061540574,-0.99783397,0.023244172
1356335897011,0.38238102,-0.0053176284,-0.9239894,0.92176515,0.071775556,0.3810474,0.06429356,-0.9974066,0.032347232
1356335897050,0.361195,-0.016982257,-0.9323356,0.9309635,0.063758224,0.35950202,0.053338856,-0.9978208,0.038839042
1356335897090,0.34993756,-0.027536392,-0.93636817,0.9361877,0.04560882,0.34852886,0.033109367,-0.99857974,0.041739523
1356335897130,0.3502037,-0.034947038,-0.93602145,0.9366327,0.022404373,0.34959587,0.008753657,-0.999138,0.040578574
1356335897171,0.36352837,-0.038473904,-0.9307883,0.9314465,-0.0020996928,0.36387223,-0.015953988,-0.9992574,0.0350731
1356335897211,0.38922948,-0.03768429,-0.9203696,0.9203111,-0.026488662,0.3902893,-0.039087147,-0.99893856,0.024371117
1356335897251,0.42121106,-0.029856712,-0.90647113,0.90493536,-0.052953362,0.42224166,-0.060607404,-0.9981506,0.0047138035
1356335897291,0.45228708,-0.010653764,-0.89180875,0.8882235,-0.08497727,0.45148396,-0.0805935,-0.99632597,-0.02897121
1356335897331,0.4647735,0.033317238,-0.8848026,0.879897,-0.12891534,0.45734242,-0.09882721,-0.9910958,-0.08923219
1356335897371,0.450695,0.11058125,-0.8858024,0.88550234,-0.18094549,0.4279536,-0.11295828,-0.97725666,-0.1794712
1356335897412,0.3957749,0.23074874,-0.88888544,0.91059315,-0.22412246,0.34725958,-0.119089544,-0.94684964,-0.29882023
1356335897452,0.31810588,0.36136815,-0.87648255,0.9406549,-0.23559284,0.24426275,-0.11822426,-0.90216905,-0.41486618
1356335897492,0.247108,0.46482044,-0.8502233,0.9621559,-0.22171257,0.15842888,-0.11486417,-0.85719633,-0.50201666
1356335897531,0.20691071,0.5201984,-0.8286022,0.97182363,-0.20701553,0.11270976,-0.112902105,-0.828576,-0.5483748
1356335897572,0.20577239,0.52682656,-0.82468873,0.97218364,-0.20639451,0.110726,-0.1118778,-0.8245333,-0.5546425
1356335897611,0.23083255,0.4959529,-0.8371063,0.96672803,-0.21437964,0.13956416,-0.11024135,-0.8414701,-0.5289374
1356335897651,0.26921663,0.43862718,-0.85739636,0.9570196,-0.2215549,0.18715447,-0.10786933,-0.87093025,-0.4794211
1356335897690,0.3111351,0.36512128,-0.8774288,0.9445877,-0.22046083,0.24320996,-0.10463756,-0.9044796,-0.4134822
1356335897731,0.34833777,0.2875861,-0.89216316,0.9321221,-0.20683527,0.29726663,-0.099041075,-0.9351542,-0.34011388
1356335897771,0.3768433,0.21569505,-0.9008134,0.92199945,-0.18070242,0.34243795,-0.08891696,-0.95959485,-0.26696724
1356335897829,0.39469814,0.15604967,-0.90546227,0.9158903,-0.14533418,0.3741966,-0.07320136,-0.97699875,-0.20028749
1356335897852,0.40215173,0.110529214,-0.908877,0.9140831,-0.10507873,0.39167655,-0.05221191,-0.98830247,-0.14329049
1356335897892,0.40009278,0.077608585,-0.91318274,0.91602093,-0.06521338,0.39579403,-0.0288347,-0.99484885,-0.09718251
1356335897931,0.39039356,0.054326832,-0.9190437,0.92062736,-0.029724896,0.38930914,-0.006168604,-0.9980806,-0.061619133
1356335897972,0.37422782,0.038676143,-0.92652994,0.927223,4.6253204E-5,0.37450978,0.0145275,-0.99925184,-0.035844147
1356335898011,0.35166746,0.027646571,-0.9357166,0.9356003,0.02308166,0.35230565,0.031337887,-0.99935126,-0.017749041
1356335898052,0.32671916,0.018143654,-0.94494736,0.94417834,0.038389444,0.32719034,0.042212397,-0.9990981,-0.004588276
1356335898091,0.30091384,0.007872462,-0.9536189,0.95258516,0.04479,0.3009574,0.045081884,-0.9989654,0.0059787333
1356335898131,0.27818474,-0.0033236742,-0.9605219,0.9597557,0.04104337,0.27782083,0.038499713,-0.9991518,0.014607549
1356335898171,0.25943646,-0.013165057,-0.96567047,0.9654506,0.028852373,0.25898403,0.024452388,-0.999497,0.020195514
1356335898213,0.2464185,-0.01905191,-0.9689762,0.9691386,0.012003213,0.2462238,0.006939769,-0.99974644,0.02142179
1356335898250,0.24141484,-0.019394547,-0.9702282,0.9703715,-0.0053858757,0.2415582,-0.009910375,-0.99979746,0.017519653
1356335898292,0.2464461,-0.013711512,-0.9690595,0.9688674,-0.02093497,0.24669349,-0.02366978,-0.99968684,0.008125305
1356335898331,0.26165432,-0.0015491247,-0.9651604,0.96455085,-0.035152316,0.26154554,-0.034332752,-0.9993808,-0.0077035725
1356335898371,0.28522775,0.017729849,-0.9582957,0.95746374,-0.050839216,0.28403953,-0.043683022,-0.99854946,-0.031476468
1356335898413,0.3074627,0.049349964,-0.9502796,0.95002776,-0.07257283,0.30361235,-0.053981185,-0.99614143,-0.0691973
1356335898451,0.3182356,0.10065511,-0.94265306,0.94574046,-0.102496356,0.30833358,-0.06558314,-0.9896278,-0.12781161
1356335898491,0.30359197,0.17924044,-0.935791,0.9498366,-0.13436228,0.28241307,-0.075115204,-0.9745869,-0.21104044
1356335898530,0.25349694,0.28483573,-0.9244501,0.96421826,-0.15107149,0.21785474,-0.07760519,-0.9465971,-0.31294
1356335898571,0.1770708,0.39476478,-0.9015579,0.9814534,-0.13918972,0.13181582,-0.07345131,-0.90817785,-0.41208977
1356335898612,0.10105902,0.47829172,-0.872367,0.99246955,-0.10947436,0.054950893,-0.06921926,-0.87135094,-0.4857533
1356335898651,0.048197567,0.521247,-0.85204375,0.99640894,-0.08454424,0.004643023,-0.069615245,-0.84920776,-0.52345
1356335898692,0.033730417,0.5224621,-0.85199505,0.996616,-0.08152053,-0.010534227,-0.0749588,-0.8487566,-0.5234438
1356335898731,0.04762599,0.49364462,-0.8683587,0.99541295,-0.09567192,2.0688772E-4,-0.08297539,-0.8643853,-0.49593675
1356335898771,0.08960909,0.4381611,-0.89441884,0.99158406,-0.12350005,0.038843155,-0.09344125,-0.89037216,-0.4455403
1356335898829,0.1492976,0.3633839,-0.91959906,0.98325443,-0.152852,0.09923187,-0.104503304,-0.91901493,-0.38011926
1356335898851,0.21550283,0.27886325,-0.9358386,0.9700418,-0.17119983,0.1723646,-0.11214921,-0.9449476,-0.3074031
1356335898889,0.27495414,0.19715229,-0.9410267,0.95489264,-0.17017579,0.24335244,-0.11216244,-0.9654902,-0.23504981
1356335898929,0.31699717,0.12935248,-0.9395641,0.94288695,-0.1498962,0.29748154,-0.10235715,-0.9802035,-0.16948146
1356335898972,0.3369394,0.08048639,-0.93807983,0.93778884,-0.11737692,0.32676405,-0.08380887,-0.98982054,-0.11502811
1356335899010,0.33661878,0.048778594,-0.9403768,0.93976235,-0.08045483,0.3322256,-0.059452295,-0.9955641,-0.072922945
1356335899052,0.31987926,0.029500753,-0.94699895,0.94686234,-0.045401663,0.31841874,-0.03360173,-0.9985331,-0.04245621
1356335899091,0.29094896,0.018139094,-0.95656663,0.9566897,-0.015618056,0.29069033,-0.0096668005,-0.99971354,-0.021897584
1356335899131,0.2543243,0.010572374,-0.9670612,0.96706647,0.0076413453,0.2544092,0.010079324,-0.9999149,-0.008280814
1356335899170,0.21632153,0.003660977,-0.97631526,0.97602284,0.023948789,0.21634647,0.024173498,-0.9997064,0.0016075075
1356335899211,0.18160093,-0.0043542683,-0.9833627,0.9828849,0.032283902,0.18136972,0.030957013,-0.9994692,0.010142565
1356335899251,0.15370762,-0.0128053725,-0.9880334,0.9876764,0.031829715,0.15323955,0.029486537,-0.9994113,0.017539978
1356335899291,0.1343332,-0.019036978,-0.99075335,0.99069047,0.02484274,0.13384733,0.022064984,-0.99951005,0.022196949
1356335899330,0.12544641,-0.02119121,-0.99187404,0.9920416,0.013560802,0.12517783,0.010797918,-0.9996834,0.022723734
1356335899370,0.1312497,-0.018631041,-0.9911742,0.9913488,0.0014440715,0.13124567,-0.0010139048,-0.9998254,0.018659413
1356335899410,0.15507299,-0.011791348,-0.98783267,0.98784375,-0.009103596,0.1551834,-0.010822624,-0.999889,0.010236263
1356335899450,0.19636524,-6.5022707E-4,-0.9805306,0.9803624,-0.018403351,0.19634381,-0.018172681,-0.9998305,-0.002976358
1356335899490,0.24991605,0.01676929,-0.96812224,0.96795875,-0.029573888,0.24936157,-0.024449557,-0.9994219,-0.02362293
1356335899530,0.30395946,0.045634538,-0.95159143,0.9521642,-0.04757777,0.30186075,-0.031499267,-0.9978246,-0.057913333
1356335899589,0.3404686,0.09556389,-0.9353869,0.93940496,-0.07688606,0.33407596,-0.03999266,-0.9924495,-0.115950435
1356335899609,0.3435643,0.17584556,-0.9225193,0.9378881,-0.11473003,0.3274188,-0.048265547,-0.9777093,-0.2043406
1356335899649,0.31001824,0.28232625,-0.90784395,0.9491911,-0.14623398,0.27866113,-0.05408427,-0.94810736,-0.31331673
1356335899686,0.25640303,0.39189753,-0.88355744,0.9648124,-0.15887046,0.20951653,-0.05826217,-0.9061879,-0.4188425
1356335899730,0.21946235,0.47157013,-0.85408306,0.97354424,-0.16294067,0.1601932,-0.063622564,-0.866644,-0.49485373
1356335899770,0.22406244,0.5053707,-0.8333045,0.97203237,-0.1776073,0.15365133,-0.07035014,-0.8444265,-0.5310317
1356335899834,0.27220023,0.4924364,-0.8266883,0.9591565,-0.20758508,0.19216457,-0.07697931,-0.8452307,-0.52882826
1356335899851,0.34766832,0.43996817,-0.8279823,0.9338768,-0.24129215,0.26391685,-0.083670616,-0.86498904,-0.4947657
1356335899890,0.42888337,0.36058986,-0.8282716,0.89873576,-0.26297075,0.3508852,-0.091285616,-0.8948862,-0.43685874
1356335899932,0.49940133,0.2697724,-0.82329893,0.8607323,-0.2627324,0.4360177,-0.09868172,-0.92638785,-0.3634108
1356335899971,0.5513682,0.1817807,-0.81421673,0.8278847,-0.23966677,0.50711614,-0.10295677,-0.9536852,-0.28263807
1356335900011,0.5831239,0.107583344,-0.80522805,0.8060092,-0.20053783,0.55689657,-0.1015659,-0.97376096,-0.20365158
1356335900051,0.59745,0.05195722,-0.8002211,0.7964618,-0.15453081,0.58460987,-0.09328416,-0.9866208,-0.13370638
1356335900091,0.59771585,0.015663445,-0.8015549,0.7978855,-0.10913883,0.59284675,-0.07819483,-0.99390304,-0.07773161
1356335900130,0.5868517,-0.0026974976,-0.8096899,0.8077074,-0.06806283,0.58564156,-0.05668953,-0.9976774,-0.037764013
1356335900171,0.567207,-0.006659895,-0.8235483,0.8230144,-0.032315806,0.5671005,-0.030390471,-0.99945545,-0.012848541
1356335900212,0.54214525,-0.0028223097,-0.84028006,0.8402785,-0.0020574331,0.5421511,-0.0032589436,-0.9999939,0.0012561083
1356335900251,0.51636064,5.031228E-4,-0.85637105,0.85618216,0.020708874,0.51625896,0.017994255,-0.9997854,0.010262445
1356335900292,0.49409103,-0.0020471215,-0.8694078,0.86898804,0.032320157,0.49377647,0.027088553,-0.9994755,0.017748028
1356335900330,0.47726366,-0.010374665,-0.8786989,0.87847775,0.030979425,0.4767778,0.02227521,-0.9994662,0.023899257
1356335900370,0.46632698,-0.021173239,-0.8843591,0.8845881,0.018586189,0.46600282,0.0065701306,-0.99960315,0.027396798
1356335900410,0.46175954,-0.030764759,-0.8864715,0.8868946,2.3421645E-4,0.46197185,-0.014004797,-0.9995266,0.027393222
1356335900450,0.4647214,-0.037119716,-0.88467854,0.884784,-0.019477993,0.4655941,-0.034514487,-0.999121,0.023791075
1356335900490,0.47643137,-0.039547175,-0.87832177,0.877655,-0.03802848,0.4777819,-0.05229613,-0.9984938,0.016590804
1356335900530,0.49614778,-0.037118495,-0.8674443,0.86563504,-0.05615881,0.49751607,-0.06718168,-0.9977317,0.0042679906
1356335900570,0.518837,-0.025459379,-0.854494,0.8510928,-0.078514695,0.51911104,-0.08030665,-0.99658775,-0.019068003
1356335900611,0.535872,0.0049757957,-0.84428465,0.8392535,-0.112302154,0.5320168,-0.092167735,-0.9936617,-0.06435557
1356335900652,0.5350102,0.068564385,-0.8420588,0.8387737,-0.16238795,0.51970065,-0.10110718,-0.984342,-0.14438927
1356335900690,0.51031196,0.16472179,-0.8440665,0.85357064,-0.21670642,0.47376716,-0.104875,-0.9622395,-0.2511895
1356335900731,0.46096194,0.28009972,-0.842056,0.8813102,-0.25564682,0.3974129,-0.10395372,-0.9253048,-0.36469817
1356335900769,0.4026441,0.3812439,-0.8321843,0.9095342,-0.26901186,0.31682822,-0.10307863,-0.88446915,-0.45507044
1356335900831,0.3546371,0.44365332,-0.82304573,0.92905736,-0.2663232,0.25675738,-0.10528493,-0.8557124,-0.5066275
1356335900851,0.32580754,0.46330923,-0.8241323,0.93901616,-0.25998965,0.22506452,-0.1099914,-0.8472012,-0.51976144
1356335900891,0.3133438,0.44715673,-0.83777475,0.94255155,-0.25403032,0.21694526,-0.115811646,-0.8576243,-0.50106704
1356335900932,0.3125224,0.40181974,-0.8607384,0.9420699,-0.2472894,0.22661027,-0.12179497,-0.88169646,-0.45582578
1356335900970,0.31156728,0.34223104,-0.88645566,0.9418136,-0.23506573,0.24027318,-0.1261464,-0.9097373,-0.39555666
1356335901010,0.3118963,0.27279195,-0.9101128,0.94162524,-0.21652582,0.25779542,-0.12673837,-0.93739057,-0.3244014
1356335901050,0.3073922,0.20365226,-0.92953527,0.94375265,-0.19030127,0.27040067,-0.121824026,-0.9603704,-0.25069448
1356335901090,0.2960227,0.1421046,-0.94455117,0.9487536,-0.15826738,0.273529,-0.11062187,-0.9771171,-0.18167302
1356335901130,0.276491,0.092256546,-0.956578,0.9564388,-0.123455405,0.26454416,-0.093688756,-0.98805237,-0.12237206
1356335901171,0.24867088,0.055017024,-0.9670242,0.9659178,-0.088168025,0.24337018,-0.07187116,-0.99458504,-0.075066745
1356335901210,0.21200684,0.029478103,-0.97682345,0.9761349,-0.05451122,0.21021232,-0.04705119,-0.99807787,-0.040331304
1356335901250,0.1685248,0.012776166,-0.98561454,0.98546386,-0.023947597,0.16818857,-0.021454304,-0.9996315,-0.01662618
1356335901290,0.12217653,4.7835708E-4,-0.9925083,0.9925078,9.794235E-4,0.122177005,0.0010305345,-0.9999994,-3.5509467E-4
1356335901330,0.07802263,-0.011004895,-0.9968909,0.99683416,0.016209096,0.077839226,0.015302092,-0.9998081,0.012234718
1356335901370,0.0396474,-0.02188614,-0.99897397,0.99906075,0.018361092,0.039248526,0.017483234,-0.99959177,0.022593558
1356335901410,0.00865984,-0.029585034,-0.99952483,0.99992895,0.008453071,0.008413196,0.008200258,-0.9995266,0.029656082
1356335901450,-0.012141347,-0.032082886,-0.99941146,0.9998907,-0.008822322,-0.011863947,-0.008436441,-0.9994463,0.03218648
1356335901490,-0.018375397,-0.029490322,-0.9993961,0.9994559,-0.027921677,-0.017552584,-0.027387112,-0.99917495,0.029987335
1356335901531,-0.00573045,-0.023191452,-0.9997146,0.9989687,-0.045160294,-0.004678607,-0.04503897,-0.9987105,0.023426354
1356335901570,0.027625501,-0.014016181,-0.99952006,0.9978198,-0.059568882,0.028413862,-0.05993852,-0.9981258,0.012340009
1356335901610,0.07922992,-4.964173E-4,-0.9968562,0.99421215,-0.072748095,0.079056025,-0.07255864,-0.9973502,-0.0052702427
1356335901650,0.13862887,0.023217738,-0.9900722,0.9867359,-0.08850387,0.13608626,-0.08446556,-0.99580526,-0.03517896
1356335901690,0.18812793,0.06758627,-0.9798163,0.97739553,-0.11087102,0.18001544,-0.09646666,-0.991534,-0.08691645
1356335901731,0.20462483,0.14597619,-0.9678944,0.9730145,-0.138058,0.18488559,-0.1066367,-0.97960746,-0.17028701
1356335901770,0.17557332,0.25798598,-0.9500617,0.978156,-0.15480837,0.13872758,-0.11128771,-0.9536654,-0.2795308
1356335901828,0.10679451,0.38177243,-0.9180658,0.9881339,-0.14326814,0.055367947,-0.11039165,-0.91308486,-0.39254254
1356335901850,0.030972421,0.48117813,-0.8760755,0.99350715,-0.11081904,-0.025742441,-0.10947254,-0.86959004,-0.48148632
1356335901890,-0.019720674,0.5376923,-0.8429105,0.9934555,-0.08432943,-0.07703653,-0.112504095,-0.8389133,-0.53251034
1356335901930,-0.031619042,0.55320656,-0.8324439,0.99247813,-0.08117297,-0.091641724,-0.11826873,-0.8290799,-0.5464788
1356335901970,-0.004824817,0.5341397,-0.8453825,0.9922463,-0.102436244,-0.07038543,-0.12419343,-0.83916724,-0.52950394
1356335902010,0.05007422,0.48728925,-0.87180376,0.9904353,-0.13659823,-0.019462615,-0.12857082,-0.86249065,-0.48946857
1356335902050,0.12050438,0.41899893,-0.89995474,0.98417735,-0.16904938,0.053076148,-0.12989801,-0.89211106,-0.43274045
1356335902090,0.19200075,0.33842635,-0.9211967,0.97321284,-0.18661267,0.13428509,-0.12646127,-0.9223033,-0.3651907
1356335902130,0.25183067,0.2566525,-0.9331188,0.96065104,-0.18303981,0.2089163,-0.11717901,-0.9490131,-0.29264855
1356335902172,0.2921283,0.18306485,-0.9386951,0.9509101,-0.16041443,0.2646456,-0.10213292,-0.96992505,-0.22093982
1356335902210,0.31034294,0.12274158,-0.94266737,0.9470376,-0.12598231,0.2953779,-0.0825043,-0.98440987,-0.15533859
1356335902250,0.30741233,0.07674691,-0.94847643,0.9496771,-0.08768743,0.30070618,-0.060091257,-0.9931872,-0.09984097
1356335902290,0.28594267,0.043913573,-0.95724,0.9575478,-0.051241577,0.2836839,-0.03659287,-0.99772036,-0.05670151
1356335902330,0.25003183,0.021630108,-0.967996,0.9681386,-0.019886255,0.24962431,-0.013850421,-0.9995683,-0.02591315
1356335902370,0.20617539,0.0058294833,-0.9784977,0.9785023,0.0038887858,0.20619953,0.0050072074,-0.99997544,-0.004902363
1356335902411,0.16186297,-0.0071814954,-0.9867871,0.9866886,0.017067432,0.16172266,0.015680522,-0.9998286,0.009848505
