1356337197169,-0.6376907,0.5812221,0.5055013,0.3471048,-0.36902207,0.86217237,0.68765473,0.7252611,0.033576846
1356337197190,-0.20922399,0.15367475,0.9657171,0.6952392,-0.67110264,0.2574173,0.6876538,0.7252623,0.03357005
1356337197225,-0.2091878,0.1536597,0.9657273,0.6952502,-0.6711054,0.25738084,0.6876538,0.725263,0.03355506
1356337197261,-0.20908576,0.15355998,0.96576524,0.6952709,-0.67113876,0.25723773,0.6876639,0.72525316,0.03355974
1356337197299,-0.20892763,0.153276,0.9658445,0.6952467,-0.6712842,0.25692332,0.6877364,0.7251786,0.033685207
1356337197340,-0.20817465,0.15225652,0.9661683,0.69530165,-0.6717073,0.2556656,0.6879091,0.7250015,0.03396827
1356337197380,-0.20655328,0.15012333,0.9668499,0.69551814,-0.67249006,0.25300515,0.6881789,0.7247207,0.03449154
1356337197420,-0.20393288,0.14640969,0.967975,0.696006,-0.67365426,0.24852705,0.68846726,0.7243992,0.03547819
1356337197460,-0.20060605,0.14103508,0.96946704,0.6967488,-0.6751214,0.24238862,0.6886933,0.72409964,0.037167385
1356337197501,-0.19684833,0.13425389,0.97119856,0.6976994,-0.67676175,0.23496619,0.6888151,0.7238574,0.039550498
1356337197540,-0.19287723,0.12657106,0.9730252,0.69883084,-0.67838836,0.22676998,0.6887915,0.7237188,0.042393968
1356337197580,-0.18857944,0.11855209,0.974876,0.7001977,-0.67981505,0.21811634,0.68859345,0.7237382,0.04518923
1356337197619,-0.18449122,0.11105275,0.97653997,0.70168406,-0.68084055,0.20999008,0.68818796,0.7239638,0.047685042
1356337197661,-0.18103856,0.1044966,0.97790873,0.7031415,-0.6814595,0.2029902,0.68761694,0.72435725,0.049894556
1356337197700,-0.17911083,0.09929156,0.97880566,0.70428616,-0.68173593,0.1980331,0.6869501,0.72482914,0.05217661
1356337197740,-0.17943406,0.09572017,0.9791022,0.7049154,-0.6817212,0.19583279,0.6862199,0.72532326,0.05484937
1356337197780,-0.1822725,0.0939582,0.97874844,0.705042,-0.6813383,0.19670743,0.6853411,0.72591317,0.057944804
1356337197820,-0.18779624,0.09402341,0.9776974,0.70479995,-0.6803913,0.20081007,0.68409765,0.72679245,0.061507225
1356337197860,-0.1961307,0.095834434,0.9758834,0.7042106,-0.67878187,0.2081888,0.6823637,0.72805965,0.06564239
1356337197900,-0.20713353,0.09897992,0.97329277,0.7032292,-0.6765668,0.21846339,0.680121,0.7296989,0.07053405
1356337197940,-0.2200718,0.10325271,0.9700037,0.70170885,-0.67399454,0.23094565,0.67762303,0.73148483,0.07587397
1356337197980,-0.23342979,0.10831189,0.96632236,0.69966215,-0.6714197,0.2442712,0.6752654,0.73311937,0.08094768
1356337198020,-0.24540848,0.11386642,0.9627093,0.69721174,-0.669257,0.25688708,0.6735507,0.7342544,0.08485232
1356337198059,-0.2544093,0.11963886,0.95966786,0.694512,-0.6679499,0.26738733,0.6729999,0.7345267,0.086842045
1356337198101,-0.25927413,0.12534937,0.95763487,0.6916964,-0.667905,0.2746981,0.6740423,0.7336147,0.08646676
1356337198140,-0.25890625,0.13079959,0.9570052,0.6888239,-0.6695611,0.27786592,0.67711824,0.7311493,0.08325574
1356337198210,-0.25202167,0.13598683,0.9581194,0.6858641,-0.6733689,0.27598011,0.6826973,0.72669256,0.076435
1356337198220,-0.23800284,0.14114645,0.96095383,0.68265235,-0.67947817,0.26887774,0.6908983,0.7199911,0.06536372
1356337198257,-0.21847433,0.14669415,0.96475375,0.67884314,-0.68737274,0.25824556,0.7010286,0.7113365,0.050590977
1356337198298,-0.19687712,0.15329704,0.9683694,0.6740335,-0.69609994,0.24723195,0.71198183,0.70138776,0.03371887
1356337198339,-0.17752612,0.16186327,0.9707136,0.6681561,-0.70437044,0.23964517,0.7225317,0.6911314,0.016894177
1356337198379,-0.16449231,0.1733328,0.97102934,0.6615965,-0.7107693,0.23894973,0.7315957,0.68173504,0.0022397786
1356337198418,-0.1608057,0.18838167,0.9688415,0.65481675,-0.7141019,0.2475348,0.73848253,0.67421865,-0.008523822
1356337198459,-0.16771251,0.20714802,0.9638268,0.6478771,-0.713742,0.26613426,0.74305296,0.6690754,-0.014502928
1356337198500,-0.18440962,0.22925621,0.9557377,0.6403883,-0.709642,0.29378733,0.74558425,0.66622055,-0.015948147
1356337198540,-0.20824331,0.25393307,0.94453835,0.63197565,-0.7021134,0.32809097,0.7464862,0.665248,-0.014269173
1356337198580,-0.2356019,0.28015262,0.93059456,0.6226116,-0.69173133,0.36587232,0.74622154,0.66559917,-0.0114530325
1356337198620,-0.26333714,0.30672336,0.91464436,0.61214745,-0.6796521,0.404164,0.7456064,0.66632867,-0.008782297
1356337198660,-0.28974998,0.33230126,0.8975638,0.5994895,-0.66803074,0.4408483,0.7460947,0.6658159,-0.005649179
1356337198700,-0.314017,0.35554805,0.8803289,0.5828377,-0.65975696,0.47436392,0.74946225,0.66204715,-5.1885843E-5
1356337198740,-0.3349173,0.37541044,0.8642323,0.5615804,-0.6569701,0.5030087,0.75660944,0.6538023,0.0092074275
1356337198780,-0.35109854,0.39113358,0.8507317,0.5378729,-0.6594578,0.5251744,0.76643497,0.6419735,0.021154493
1356337198810,-0.36203796,0.40207064,0.8409921,0.51763964,-0.6635875,0.54009336,0.77522755,0.63086516,0.032116175
1356337198850,-0.36966556,0.40864062,0.8344819,0.50203776,-0.66787744,0.5494522,0.7818602,0.62205505,0.04173833
1356337198907,-0.37338966,0.40836114,0.8329594,0.4954096,-0.67136484,0.5512155,0.78431463,0.61847425,0.048374653
1356337198929,-0.37322652,0.40063232,0.8367771,0.49905008,-0.6736435,0.54511786,0.78208125,0.62104607,0.051485986
1356337198970,-0.36755133,0.38464156,0.84673303,0.5126091,-0.6758811,0.5295437,0.7759754,0.62867755,0.05125031
1356337199005,-0.35425138,0.35966784,0.86321783,0.5348892,-0.67923886,0.50252163,0.76707196,0.6397449,0.048238933
1356337199036,-0.33145332,0.32516533,0.8856671,0.5625417,-0.6855033,0.46220332,0.7574203,0.6514235,0.044293374
1356337199065,-0.30332756,0.28631598,0.908854,0.59169453,-0.6910348,0.41517293,0.74692035,0.66369736,0.040198296
1356337199109,-0.2725991,0.24198537,0.93119967,0.6228359,-0.6933062,0.36249417,0.73332477,0.67880017,0.038277477
1356337199148,-0.2350871,0.1819778,0.9547869,0.65532076,-0.69579947,0.29396877,0.717836,0.6948,0.044319704
1356337199209,-0.2063415,0.111875415,0.9720633,0.68178684,-0.6961409,0.22484335,0.70184743,0.70913446,0.06736757
1356337199230,-0.20601165,0.03942606,0.97775495,0.696607,-0.695825,0.1748319,0.6872393,0.7171284,0.11588362
1356337199270,-0.25120932,-0.02376619,0.967641,0.6940254,-0.701267,0.16295213,0.6747019,0.71250254,0.1926591
1356337199310,-0.3359288,-0.0685834,0.9393871,0.66954863,-0.71885616,0.18695065,0.6624625,0.69176745,0.28740436
1356337199350,-0.42921567,-0.09401244,0.89829594,0.62874776,-0.74511486,0.22244154,0.64842135,0.66027695,0.378925
1356337199390,-0.49923933,-0.10807371,0.85969776,0.5903836,-0.7686513,0.24621639,0.63419825,0.6304723,0.44754583
1356337199430,-0.53054315,-0.12170023,0.83887595,0.57281834,-0.7809535,0.24897917,0.6248223,0.6126178,0.48404175
1356337199470,-0.51897883,-0.14293294,0.8427522,0.58385384,-0.7793724,0.22736196,0.62432027,0.6100401,0.48792964
1356337199510,-0.463785,-0.1746711,0.8685582,0.62002844,-0.76426494,0.17738007,0.63282543,0.62079704,0.46275574
1356337199550,-0.36739928,-0.21412542,0.905079,0.66805637,-0.73780954,0.09663203,0.6470846,0.6401464,0.4141186
1356337199591,-0.23922467,-0.25387406,0.93718696,0.709382,-0.7047555,-0.009835213,0.6629846,0.6624708,0.34868866
1356337199630,-0.09837186,-0.2850929,0.9534386,0.72894436,-0.67287916,-0.12599179,0.67746824,0.68260956,0.27400914
1356337199670,0.030525148,-0.30202323,0.9528117,0.7239575,-0.65058005,-0.22941492,0.68916893,0.6967981,0.1987929
1356337199710,0.12982202,-0.30438682,0.9436604,0.7036058,-0.64229155,-0.30397442,0.6986309,0.70342755,0.13078475
1356337199750,0.19305247,-0.29478425,0.9358595,0.67976874,-0.6476313,-0.34422103,0.70756286,0.70262074,0.07535833
1356337199790,0.22165108,-0.27584141,0.935298,0.66003776,-0.6635933,-0.35212803,0.717789,0.6953815,0.034979586
1356337199830,0.21976519,-0.24920005,0.9431875,0.64652836,-0.6868094,-0.3321051,0.73055065,0.6827826,0.010178115
1356337199870,0.19333631,-0.21589388,0.95708454,0.6372546,-0.7140852,-0.28980827,0.7460078,0.665937,-4.7919154E-4
1356337199910,0.15207958,-0.17753042,0.9722936,0.62924635,-0.7412185,-0.23376103,0.76218164,0.6473625,-0.0010138415
1356337199950,0.10756415,-0.13709939,0.98469985,0.62293077,-0.7626287,-0.17422664,0.7748467,0.63214034,0.0033718646
1356337199990,0.068332255,-0.09843227,0.9927949,0.62214005,-0.77372694,-0.11953321,0.7799182,0.6258255,0.008368224
1356337200030,0.03849387,-0.06570348,0.9970965,0.62921476,-0.77357864,-0.07526627,0.7762777,0.63028514,0.011563443
1356337200070,0.020580769,-0.04283616,0.9988701,0.6426748,-0.7647546,-0.046037912,0.76586264,0.6428961,0.011790551
1356337200110,0.017744124,-0.033126086,0.9992936,0.65931,-0.75097984,-0.036601752,0.75166184,0.6594937,0.008514881
1356337200150,0.033123314,-0.03856513,0.998707,0.6763295,-0.734845,-0.050807357,0.7358542,0.67713785,0.0017422214
1356337200210,0.06799817,-0.059693635,0.995898,0.6910279,-0.7171819,-0.09016967,0.7196226,0.6943247,-0.007517107
1356337200230,0.1186865,-0.09477478,0.9883983,0.70070684,-0.6972865,-0.15100148,0.7035079,0.7104993,-0.016349137
1356337200270,0.17331612,-0.1396473,0.97491544,0.70457107,-0.67407686,-0.22181055,0.6881432,0.7253406,-0.018436879
1356337200310,0.21161819,-0.18980545,0.9587449,0.7063569,-0.64827573,-0.2842511,0.67548335,0.7373687,-0.0031166077
1356337200350,0.20908308,-0.24204561,0.94746935,0.71358,-0.6247193,-0.31706357,0.6686462,0.7423878,0.042100698
1356337200390,0.1477853,-0.29338896,0.94450116,0.7289939,-0.61306405,-0.30450022,0.6683767,0.73353624,0.12327692
1356337200430,0.031564593,-0.33620912,0.94125825,0.7422504,-0.6228019,-0.2473503,0.6693788,0.7064568,0.22989285
1356337200470,-0.10424429,-0.35967588,0.92723584,0.73975444,-0.6511957,-0.16943286,0.66475296,0.66826445,0.3339553
1356337200510,-0.21645749,-0.36033836,0.90736014,0.7235062,-0.6832214,-0.098728806,0.6555036,0.63511014,0.40859538
1356337200549,-0.28408623,-0.34311673,0.8953021,0.7056836,-0.7069652,-0.04701945,0.6490806,0.61844254,0.44297096
1356337200589,-0.30849582,-0.3137705,0.89798576,0.6942841,-0.71958506,-0.012918711,0.6502307,0.61947185,0.4398349
1356337200631,-0.29889488,-0.27591503,0.9135276,0.69126844,-0.72255445,0.007939488,0.6578828,0.63386583,0.40669918
1356337200668,-0.26753467,-0.23171043,0.93527293,0.6943025,-0.7193947,0.020377725,0.6681087,0.6548141,0.3533402
1356337200710,-0.22319579,-0.18375763,0.9572966,0.70002246,-0.713639,0.026225358,0.6783451,0.6759826,0.28791574
1356337200750,-0.17555243,-0.13397184,0.97531176,0.70445454,-0.7091404,0.029389411,0.6876956,0.6922221,0.21886835
1356337200790,-0.13366145,-0.0841147,0.98745096,0.70514226,-0.70819557,0.03512141,0.69635403,0.7009878,0.15397123
1356337200830,-0.10450989,-0.03530982,0.9938969,0.70132136,-0.711195,0.048478723,0.7051427,0.70210755,0.09909038
1356337200871,-0.09215236,0.012070566,0.99567175,0.69303656,-0.7172134,0.07283735,0.71498835,0.6967491,0.05772756
1356337200911,-0.09734106,0.05768782,0.9935778,0.6801087,-0.72500414,0.10872471,0.72662014,0.6863243,0.031338736
1356337200950,-0.11809546,0.10154092,0.987797,0.6625754,-0.7328766,0.1545501,0.7396264,0.67274165,0.019270882
1356337200990,-0.14889759,0.14282088,0.97848445,0.6418839,-0.7387507,0.20550552,0.7522065,0.6586727,0.018323734
1356337201030,-0.18317187,0.18045728,0.9663763,0.6221429,-0.739839,0.25607875,0.7611742,0.64813066,0.02324754
1356337201070,-0.21593422,0.21288992,0.95291674,0.6084665,-0.7339324,0.3018475,0.7636367,0.6449971,0.028944671
1356337201110,-0.24394011,0.23819686,0.94008267,0.6034824,-0.7215298,0.33941668,0.7591456,0.65012074,0.03226249
1356337201150,-0.26415157,0.2546799,0.9302484,0.60714555,-0.70550925,0.36555558,0.74939847,0.6613583,0.03173369
1356337201208,-0.27272058,0.26096818,0.92602324,0.6180254,-0.69013673,0.37650454,0.7373384,0.6749865,0.026929587
1356337201230,-0.26630604,0.25614172,0.92923224,0.63564444,-0.6780441,0.36906958,0.7245946,0.6889467,0.01775217
1356337201270,-0.24222833,0.2383961,0.94047475,0.6596651,-0.6703439,0.3398251,0.7114544,0.70271367,0.005114615
1356337201310,-0.20008862,0.2049295,0.9581067,0.68785644,-0.66699195,0.28631318,0.69772345,0.7163279,-0.0075045824
1356337201350,-0.14573711,0.15298072,0.97742397,0.71489,-0.6666625,0.21093455,0.68388087,0.7294916,-0.012206897
1356337201390,-0.09566605,0.08276945,0.99196637,0.7342416,-0.6670052,0.12646559,0.67211413,0.74044144,0.0030368716
1356337201430,-0.07947874,0.0037087202,0.9968296,0.7422426,-0.66728824,0.061662823,0.66540146,0.7447903,0.050282523
1356337201470,-0.12801874,-0.066073924,0.98956823,0.73668396,-0.6743655,0.050275892,0.66400886,0.73543537,0.13500713
1356337201510,-0.23226964,-0.1108388,0.96631545,0.7124251,-0.6957656,0.09143692,0.6621943,0.7096654,0.24056958
1356337201550,-0.3455366,-0.12868673,0.92953974,0.6710517,-0.7263048,0.14889857,0.655968,0.6752192,0.3373204
1356337201590,-0.41608006,-0.13763216,0.8988519,0.63668644,-0.7498424,0.1799074,0.6492362,0.6471427,0.3996231
1356337201630,-0.42528474,-0.15695544,0.89134616,0.6317916,-0.75666827,0.16820413,0.64805275,0.6346796,0.4209625
1356337201670,-0.37500453,-0.1945046,0.90638816,0.65760535,-0.7449588,0.11221138,0.65339625,0.63812554,0.40727028
1356337201710,-0.27553922,-0.24525322,0.92947775,0.6967568,-0.7170978,0.017335862,0.6622749,0.6523967,0.36847055
1356337201750,-0.14356017,-0.2966832,0.94412374,0.7265278,-0.6793715,-0.103013635,0.6719731,0.6711434,0.31307924
1356337201790,-0.010557771,-0.33234748,0.9430979,0.7322005,-0.6448976,-0.21906495,0.6810072,0.68822396,0.2501537
1356337201830,0.09714961,-0.34435385,0.9338,0.71818215,-0.6253015,-0.30530748,0.6890403,0.7002989,0.1865609
1356337201870,0.16226661,-0.32994467,0.9299495,0.6995048,-0.6262477,-0.34424812,0.6959616,0.7063641,0.12917882
1356337201911,0.18241733,-0.29106882,0.93915004,0.6876986,-0.6448909,-0.33344597,0.7027051,0.70667857,0.08252841
1356337201950,0.15784627,-0.22732161,0.9609419,0.68560827,-0.6751148,-0.2723254,0.71065164,0.7018153,0.04928932
1356337201990,0.094420016,-0.14116487,0.98547316,0.6865753,-0.70758635,-0.16714078,0.7209017,0.69238293,0.030109972
1356337202030,0.0053477883,-0.039818674,0.99919266,0.68051183,-0.7320021,-0.032813072,0.7327177,0.6801378,0.023182489
1356337202070,-0.088609576,0.062444627,0.9941071,0.6632347,-0.7409157,0.105657816,0.7431474,0.66868865,0.024236828
1356337202110,-0.1711157,0.1520813,0.97344273,0.6404523,-0.7336232,0.2271955,0.74869233,0.6623204,0.02813363
1356337202151,-0.23598295,0.22192228,0.94607747,0.6206189,-0.714739,0.32245985,0.74775946,0.66324854,0.030937076
1356337202210,-0.2820112,0.2698744,0.92067224,0.6090393,-0.6911159,0.38913995,0.7413102,0.67046744,0.03053832
1356337202230,-0.30817407,0.2963149,0.9040056,0.60841686,-0.6691242,0.4267338,0.73133963,0.6815205,0.025923729
1356337202270,-0.31202543,0.30184013,0.90085113,0.62054145,-0.65324897,0.43381357,0.71942234,0.69437635,0.016525924
1356337202310,-0.28948712,0.28505996,0.91374946,0.6460309,-0.6462125,0.4062677,0.706287,0.70791966,0.0029126108
1356337202350,-0.2367183,0.24213907,0.94092137,0.6821642,-0.64816886,0.33842123,0.69182104,0.7219734,-0.011745125
1356337202390,-0.15443873,0.16813034,0.97359174,0.7204259,-0.6551832,0.22742373,0.6761177,0.73652375,-0.01993981
1356337202430,-0.061408818,0.065241456,0.99597824,0.7478757,-0.6578184,0.08920193,0.6609924,0.75034565,-0.00839664
1356337202470,-0.0028672218,-0.045892328,0.9989423,0.76023483,-0.6490604,-0.02763635,0.64964217,0.75935143,0.03674987
1356337202510,-0.035770535,-0.12685701,0.9912758,0.7654799,-0.6411537,-0.05442804,0.64246476,0.75685483,0.12004091
1356337202550,-0.16035056,-0.15789494,0.97434944,0.75587213,-0.65446234,0.01833862,0.6347794,0.7394242,0.22429182
1356337202590,-0.29445308,-0.16073978,0.94205093,0.72419715,-0.6807294,0.11020827,0.623567,0.7146818,0.31685024
1356337202630,-0.3544883,-0.18077272,0.9174199,0.7058121,-0.6952759,0.13572326,0.6133249,0.6956384,0.37405866
1356337202670,-0.3135361,-0.24384181,0.9177343,0.72773737,-0.68254876,0.067272216,0.6099946,0.68896186,0.39145643
1356337202711,-0.18647587,-0.33555415,0.92337966,0.7664033,-0.6377309,-0.076975405,0.6146972,0.6933272,0.3760913
1356337202750,-0.023429632,-0.41529712,0.909384,0.78030396,-0.5762387,-0.24305247,0.62496126,0.70390135,0.33755916
1356337202790,0.117878914,-0.4562215,0.8820241,0.7611556,-0.52894163,-0.3753171,0.637767,0.71559954,0.28490448
1356337202830,0.21200651,-0.4594962,0.8625059,0.7290631,-0.5133564,-0.45269424,0.65078425,0.7247954,0.22616687
1356337202870,0.2590683,-0.43431205,0.862703,0.7025046,-0.5282544,-0.47690096,0.66285056,0.7296028,0.16825229
1356337202910,0.2608729,-0.38397098,0.88572663,0.6906862,-0.56677556,-0.44913033,0.6744612,0.7289251,0.11734706
1356337202950,0.21585268,-0.30626768,0.92715037,0.6931123,-0.62075114,-0.36641967,0.6877521,0.721712,0.078287065
1356337202990,0.12593436,-0.1991383,0.9718459,0.69822806,-0.67811495,-0.22942892,0.7047114,0.707463,0.05364602
1356337203030,0.009956896,-0.07179496,0.9973697,0.68885064,-0.7225075,-0.05888608,0.72483486,0.68762517,0.042262137
1356337203070,-0.1012457,0.054620355,0.99336094,0.66042614,-0.7430589,0.108169645,0.744034,0.66699326,0.03915885
1356337203110,-0.1899898,0.16296406,0.96816665,0.6257107,-0.7398121,0.24731424,0.7565647,0.65277934,0.038588345
1356337203150,-0.25786078,0.24767202,0.93389845,0.5980144,-0.7182769,0.3556078,0.7588718,0.65018207,0.03710407
1356337203210,-0.3105473,0.30859372,0.8990719,0.58181095,-0.6862605,0.43651178,0.75170237,0.6586474,0.03357315
1356337203230,-0.34944808,0.3471298,0.87027985,0.5773076,-0.65180683,0.49179655,0.7379716,0.67427653,0.027371973
1356337203270,-0.37280154,0.36570182,0.85280776,0.58477306,-0.6209938,0.52192634,0.7204578,0.69327396,0.017654926
1356337203310,-0.37804466,0.36656275,0.85012585,0.6045488,-0.597707,0.5265615,0.70114404,0.7130064,0.0043548346
1356337203350,-0.36435485,0.3512835,0.8624647,0.6354165,-0.5832715,0.50600415,0.68080205,0.7323894,-0.01069352
1356337203391,-0.33433372,0.31948727,0.8866503,0.67252505,-0.5782069,0.46193808,0.66025066,0.75073606,-0.021549076
1356337203428,-0.30050147,0.271974,0.9141821,0.7057632,-0.5813134,0.40493578,0.64155835,0.76688,-0.01726374
1356337203469,-0.2944761,0.21708384,0.93067634,0.72008836,-0.5898588,0.36543056,0.6282966,0.7777797,0.017379701
1356337203510,-0.3502913,0.1719692,0.92071855,0.69968545,-0.60546136,0.37928465,0.6226847,0.7770735,0.09176344
1356337203550,-0.46631503,0.15384673,0.871138,0.629615,-0.6340219,0.44900018,0.62139773,0.75785714,0.19878969
1356337203590,-0.5854492,0.16052704,0.79465723,0.52542377,-0.6713427,0.5227129,0.61739695,0.7235537,0.3086924
1356337203630,-0.6650454,0.17741448,0.7254232,0.43063754,-0.70250344,0.56660414,0.61013603,0.68921185,0.39079535
1356337203670,-0.70053005,0.19182396,0.68735814,0.37681156,-0.7185427,0.5845592,0.6060287,0.6685058,0.43107927
1356337203710,-0.70083034,0.19719343,0.6855302,0.37041557,-0.7206979,0.5859922,0.609614,0.6646122,0.43204343
1356337203750,-0.6719299,0.19107091,0.71554327,0.40539348,-0.71366954,0.5712548,0.61981153,0.67391974,0.4020769
1356337203790,-0.615594,0.17412585,0.7685859,0.4695115,-0.7022615,0.5351521,0.63293207,0.6902963,0.35055384
1356337203830,-0.53376085,0.15008916,0.83220947,0.54553187,-0.6908393,0.47448513,0.6461381,0.70725834,0.28686446
1356337203870,-0.43362546,0.1257339,0.89227796,0.61503136,-0.68240166,0.39504987,0.65856314,0.7200826,0.21857643
1356337203910,-0.3373251,0.11367816,0.9344993,0.66124856,-0.67794317,0.3211592,0.67004627,0.7262714,0.15351781
1356337203950,-0.26669723,0.1223408,0.95598394,0.68174297,-0.6771849,0.27685222,0.6812481,0.72557104,0.09719835
1356337203990,-0.23355818,0.15374914,0.96011037,0.6818168,-0.67808914,0.27444708,0.6932363,0.71871865,0.053544402
1356337204030,-0.23721653,0.2034233,0.9499196,0.6665257,-0.67728835,0.3114865,0.7067331,0.70703566,0.025077134
1356337204082,-0.2671451,0.26208326,0.9273326,0.6385435,-0.672577,0.3740351,0.721731,0.6920638,0.012324184
1356337204110,-0.30958194,0.32070574,0.89515746,0.60167503,-0.66290593,0.44558138,0.7363057,0.6765378,0.012263119
1356337204150,-0.3534794,0.37246686,0.85809135,0.56341636,-0.647491,0.5131447,0.7467358,0.66484874,0.019020826
1356337204209,-0.3945303,0.4138695,0.8204012,0.53127074,-0.62573,0.571151,0.74973154,0.66119146,0.026992619
1356337204230,-0.43170834,0.44369572,0.785342,0.50922763,-0.5987557,0.6182061,0.7445234,0.6668026,0.032545686
1356337204270,-0.46358895,0.46199256,0.75607425,0.49816084,-0.5697716,0.65360254,0.73274904,0.6796494,0.033993155
1356337204310,-0.48780662,0.46987143,0.73570734,0.49757114,-0.54281574,0.67658985,0.7172639,0.6961118,0.030994773
1356337204350,-0.5026584,0.46904162,0.7261781,0.5072112,-0.5202191,0.6871019,0.700051,0.7137031,0.023589313
1356337204390,-0.5072616,0.46076202,0.72827464,0.5266194,-0.5032047,0.68516934,0.6821713,0.73108363,0.012610257
1356337204430,-0.5027825,0.444923,0.7411162,0.5534658,-0.49288064,0.671375,0.663992,0.74773806,0.0015621185
1356337204470,-0.494955,0.42016912,0.76057714,0.58097804,-0.49085987,0.64924663,0.64613014,0.76322645,-0.0011555552
1356337204510,-0.49523222,0.3851872,0.77870136,0.59707326,-0.5001936,0.6271442,0.63106936,0.7755238,0.017727017
1356337204550,-0.5226571,0.3446033,0.7797936,0.58327866,-0.5225563,0.62186885,0.6217842,0.7798611,0.0721181
1356337204590,-0.58569074,0.30995435,0.7489291,0.5251781,-0.55867726,0.64192504,0.6173771,0.7692906,0.16443083
1356337204630,-0.66221476,0.29094586,0.6905231,0.43289593,-0.60364354,0.6694891,0.6116149,0.7422702,0.2737924
1356337204670,-0.7217557,0.28535768,0.6305868,0.3426611,-0.6442609,0.6837479,0.60137516,0.7095765,0.36721808
1356337204710,-0.75162435,0.28159356,0.59646124,0.29087245,-0.6701043,0.6829008,0.5919917,0.686779,0.4217588
1356337204750,-0.751645,0.26648107,0.60333866,0.29462573,-0.6827593,0.668607,0.5901062,0.6803143,0.43468052
1356337204790,-0.7182143,0.2266514,0.65787333,0.35808852,-0.6902584,0.62874156,0.59660774,0.68714803,0.41459215
1356337204830,-0.63171756,0.14577623,0.7613687,0.48009402,-0.6975619,0.53189963,0.60864013,0.70153886,0.37067574
1356337204870,-0.46153796,0.01368618,0.887015,0.6319611,-0.6966447,0.3395754,0.6225817,0.7172859,0.31287876
1356337204910,-0.21566826,-0.14162093,0.9661422,0.7403766,-0.6688216,0.06723294,0.6366551,0.72980905,0.24909635
1356337204950,0.007447481,-0.25227585,0.9676267,0.75967646,-0.62781507,-0.16952842,0.65025854,0.7363457,0.18697244
1356337204990,0.13803494,-0.29395303,0.9458001,0.7350278,-0.6096494,-0.29675168,0.6638376,0.7361515,0.1319108
1356337205029,0.18029904,-0.2804648,0.94277877,0.71245813,-0.6235956,-0.32176387,0.6781561,0.72970414,0.087385684
1356337205069,0.15620369,-0.22510572,0.9617316,0.702866,-0.65876186,-0.26835066,0.6939594,0.71788585,0.055318177
1356337205105,0.08513594,-0.1362817,0.9870051,0.6984807,-0.6982702,-0.15666309,0.7105466,0.70274174,0.035742283
1356337205149,-0.008082569,-0.029930085,0.99951935,0.68810093,-0.725435,-0.016158462,0.72556996,0.68763953,0.026458323
1356337205208,-0.101785064,0.07642275,0.9918666,0.67070293,-0.73109037,0.12515745,0.734709,0.677987,0.02315718
1356337205230,-0.18422598,0.16811907,0.96839917,0.6527506,-0.7156831,0.248424,0.7348317,0.6778892,0.022107542
1356337205270,-0.2524408,0.23843068,0.9377764,0.63951087,-0.68620753,0.34661955,0.7261539,0.6872191,0.02074778
1356337205310,-0.30225378,0.2839581,0.90995085,0.63379085,-0.65316486,0.41434887,0.7120056,0.701957,0.017451465
1356337205350,-0.32849652,0.3038572,0.8942935,0.6391985,-0.6255502,0.44733906,0.69535273,0.71858037,0.011265993
1356337205390,-0.32458347,0.29682225,0.89807695,0.6597191,-0.6093577,0.43983406,0.6778026,0.73524135,0.0019680858
1356337205430,-0.27897775,0.2568217,0.92531836,0.6974295,-0.6081903,0.37907356,0.66012394,0.7510974,-0.0094435215
1356337205470,-0.17262763,0.16948572,0.970296,0.7465342,-0.62011325,0.24113548,0.6425624,0.76598585,-0.019478291
1356337205510,0.014622688,0.0134854615,0.9998021,0.77945423,-0.6264521,-0.002950281,0.6262884,0.7793431,-0.019671664
1356337205549,0.24002236,-0.19119594,0.95175284,0.75165725,-0.58383024,-0.30684495,0.6143295,0.7890415,0.0035814568
1356337205589,0.390069,-0.3691998,0.84352696,0.6897797,-0.4896872,-0.5333014,0.6099591,0.7898721,0.06365469
1356337205628,0.41926515,-0.489491,0.7646014,0.67135024,-0.3997833,-0.62406904,0.61115104,0.7749657,0.16100469
1356337205668,0.37107855,-0.57348824,0.73035055,0.7001951,-0.34380418,-0.62572014,0.6099407,0.74357915,0.27397525
1356337205709,0.3270231,-0.63964915,0.69563264,0.7280042,-0.2988268,-0.61701894,0.6025494,0.70820296,0.36794406
1356337205749,0.34157372,-0.69006145,0.6380773,0.7273662,-0.23585814,-0.64444506,0.5952024,0.6842414,0.42136437
1356337205789,0.39812666,-0.71586025,0.5736194,0.6984496,-0.16882902,-0.6954601,0.59469587,0.6775255,0.43277705
1356337205828,0.45708674,-0.71685475,0.5264893,0.65553147,-0.1285482,-0.74414635,0.6011241,0.6852697,0.41116318
1356337205869,0.50502515,-0.7013101,0.50310415,0.6096415,-0.12277374,-0.7831117,0.6109721,0.7022042,0.3655439
1356337205909,0.53761953,-0.6763047,0.5035645,0.57034695,-0.14817888,-0.8079277,0.62102294,0.7215642,0.3060645
1356337205949,0.5567008,-0.64600307,0.5222683,0.54073304,-0.19547334,-0.8181674,0.6306282,0.7378822,0.24049503
1356337205989,0.5619316,-0.61254424,0.55589783,0.5233181,-0.25719175,-0.812398,0.6406021,0.74742347,0.17603132
1356337206028,0.5523834,-0.57668805,0.60191655,0.51920664,-0.32688564,-0.7896646,0.652148,0.7487167,0.118854076
1356337206069,0.52668554,-0.53801984,0.6581315,0.5276355,-0.40011013,-0.7493414,0.66648567,0.74192077,0.073146164
1356337206108,0.48310018,-0.4941061,0.72282326,0.54722196,-0.47405988,-0.68979365,0.6834928,0.72878414,0.041367322
1356337206149,0.4224319,-0.44266626,0.79094744,0.5733546,-0.54535425,-0.6114353,0.70200837,0.7117832,0.023429781
1356337206209,0.35031402,-0.38248408,0.8549772,0.6003532,-0.6089562,-0.5184094,0.7189271,0.69489443,0.016299635
1356337206230,0.27737993,-0.3167084,0.9070591,0.624522,-0.6579983,-0.42072612,0.73009086,0.6831793,0.015275868
1356337206270,0.21386015,-0.25223732,0.9437373,0.64623624,-0.687947,-0.33031443,0.7325589,0.6805184,0.015880495
1356337206310,0.16577345,-0.19692099,0.9663029,0.66665983,-0.6996712,-0.25695303,0.72669375,0.6867913,0.015292406
1356337206350,0.13659805,-0.15710825,0.978089,0.68566847,-0.69761837,-0.20781605,0.7149824,0.699032,0.012430824
1356337206409,0.12932396,-0.13584432,0.9822534,0.7025974,-0.68645686,-0.18744037,0.69973725,0.7143692,0.006668508
1356337206429,0.1462189,-0.13368538,0.9801777,0.7157873,-0.6696282,-0.1981081,0.68283874,0.7305658,-0.0022220314
1356337206469,0.18586475,-0.14756966,0.97143066,0.7236258,-0.6482523,-0.23692775,0.6646955,0.7469888,-0.013702065
1356337206505,0.24081081,-0.17403105,0.9548421,0.7246356,-0.622246,-0.2961644,0.6456884,0.7632321,-0.02373454
1356337206536,0.29812694,-0.20784694,0.93162227,0.71915454,-0.59285796,-0.36240336,0.62764406,0.7780225,-0.02727285
1356337206575,0.3278103,-0.24449316,0.91255873,0.71895385,-0.562086,-0.4088577,0.61289936,0.7901155,-0.008478258
1356337206618,0.31824958,-0.29322398,0.9015192,0.7290838,-0.532117,-0.43045127,0.60593235,0.794274,0.04443884
1356337206659,0.25473177,-0.35436878,0.8997413,0.75158465,-0.5128992,-0.41479474,0.608467,0.7818932,0.13568649
1356337206699,0.14596653,-0.41786316,0.8967075,0.77542746,-0.51454437,-0.36600065,0.6143339,0.74875534,0.24891624
1356337206738,0.026401699,-0.466373,0.88419414,0.7868408,-0.53587145,-0.30614308,0.6165912,0.7038027,0.35281324
1356337206779,-0.06584346,-0.48938644,0.86957777,0.78390276,-0.56456923,-0.25837559,0.6173824,0.6646521,0.42080462
1356337206818,-0.11512214,-0.4869941,0.8657849,0.77395636,-0.5903271,-0.22914037,0.6226864,0.6437006,0.44487202
1356337206859,-0.12243098,-0.46398228,0.87734324,0.7639664,-0.6083437,-0.2151126,0.6335346,0.64392424,0.4289469
1356337206899,-0.10079986,-0.42477548,0.8996694,0.757396,-0.61912256,-0.20745693,0.64512837,0.6604944,0.38413084
1356337206938,-0.061059475,-0.3749099,0.9250483,0.7543863,-0.62419385,-0.20318292,0.6535848,0.68543744,0.32093987
1356337206979,-0.011203349,-0.31970975,0.9474493,0.7526175,-0.62653965,-0.20252165,0.65836275,0.710798,0.24763846
1356337207019,0.03849119,-0.26465678,0.9635742,0.7493988,-0.6302213,-0.20303327,0.6609992,0.72991633,0.17407551
1356337207059,0.08039886,-0.21414626,0.97348726,0.74358886,-0.63750535,-0.20164937,0.6637858,0.7400867,0.10798207
1356337207098,0.10841805,-0.17008927,0.9794464,0.7355881,-0.649017,-0.194132,0.668697,0.7415165,0.054750472
1356337207139,0.1180138,-0.13243702,0.9841409,0.7262229,-0.6644165,-0.17649674,0.6772541,0.73553467,0.017768472
1356337207209,0.10588008,-0.09939489,0.9893988,0.7160586,-0.68276733,-0.14521945,0.6899633,0.72384346,-0.0011188686
1356337207219,0.071884155,-0.06856859,0.9950533,0.7042776,-0.70294315,-0.09931752,0.70627594,0.70793307,-0.0022391453
1356337207257,0.025364459,-0.03579697,0.9990371,0.6918037,-0.7207807,-0.04339081,0.72163993,0.6922382,0.0064822733
1356337207299,-0.023207545,-0.0031350553,0.9997257,0.6804079,-0.7327092,0.013497233,0.732466,0.68053454,0.019137546
1356337207338,-0.06663573,0.028815776,0.9973611,0.6738646,-0.7358756,0.066283256,0.73584384,0.6765032,0.029617772
1356337207379,-0.09962195,0.056721747,0.99340737,0.6745635,-0.7300756,0.10933331,0.731464,0.68100834,0.034469068
1356337207419,-0.118872166,0.07692039,0.9899255,0.68229043,-0.717992,0.13772106,0.7213522,0.69178796,0.032867268
1356337207459,-0.12154007,0.08634791,0.98882365,0.69607866,-0.7027711,0.14692634,0.70760345,0.70615643,0.025309846
1356337207499,-0.104531825,0.08249453,0.99109423,0.71483207,-0.6866198,0.1325455,0.6914393,0.72232115,0.012803897
1356337207538,-0.0657233,0.06289384,0.9958538,0.73668957,-0.6700884,0.090939194,0.67302966,0.739612,-0.0022927672
1356337207579,-0.007777512,0.025473058,0.99964523,0.75840163,-0.651399,0.022499591,0.651741,0.7583076,-0.014252514
1356337207619,0.05764699,-0.031410247,0.9978427,0.7754892,-0.62805015,-0.06457108,0.62872356,0.7775386,-0.01184684
1356337207659,0.10195655,-0.10297078,0.98944527,0.7874003,-0.59950066,-0.14352658,0.60795206,0.793723,0.019956157
1356337207699,0.086672366,-0.17844856,0.9801245,0.79975235,-0.57417744,-0.17526096,0.5940404,0.7990472,0.09294936
1356337207738,-0.009185135,-0.24180692,0.970281,0.81033844,-0.570326,-0.13446182,0.5858902,0.7850209,0.20118394
1356337207779,-0.15849417,-0.27750915,0.947559,0.80129737,-0.596875,-0.040775537,0.57689,0.7528139,0.31696865
1356337207818,-0.28779578,-0.28784192,0.9134115,0.77334857,-0.6324265,0.04436949,0.5648943,0.71915483,0.40461183
1356337207859,-0.34921944,-0.29229456,0.8902863,0.75411624,-0.651618,0.08186993,0.55619645,0.6999699,0.44798172
1356337207898,-0.3387289,-0.3047675,0.890157,0.7592641,-0.6472929,0.06730375,0.5556804,0.69866204,0.45065588
1356337207940,-0.26658022,-0.32668132,0.9067603,0.7827099,-0.6223588,0.0058912933,0.56240565,0.71130073,0.42160526
1356337207980,-0.15229177,-0.34936398,0.92452794,0.8054103,-0.5860308,-0.08878124,0.5728188,0.7311038,0.37062904
1356337208020,-0.024192154,-0.36247072,0.93168116,0.81071186,-0.55241483,-0.19386604,0.5849452,0.7506349,0.30722344
1356337208060,0.09050757,-0.36137578,0.9280172,0.7956426,-0.53420424,-0.28561985,0.5989668,0.76422083,0.23917642
1356337208100,0.17281502,-0.3467611,0.9218957,0.7691889,-0.5371061,-0.3462159,0.61521,0.76894325,0.1739048
1356337208140,0.21736705,-0.32141957,0.92165124,0.7426405,-0.5582971,-0.3698505,0.6334324,0.7648488,0.11734381
1356337208211,0.22695947,-0.2870971,0.930626,0.7222158,-0.59145087,-0.35859472,0.65337104,0.7534992,0.07311073
1356337208220,0.20575446,-0.24346122,0.9478353,0.70908296,-0.6304248,-0.3158576,0.6744379,0.737083,0.042921428
1356337208257,0.1605156,-0.1906707,0.9684417,0.70041335,-0.66931486,-0.24786827,0.69545376,0.71809626,0.026112854
1356337208298,0.10181725,-0.13154921,0.98606694,0.6926906,-0.7020636,-0.1651853,0.7140118,0.69985807,0.019640774
1356337208338,0.041639447,-0.071573734,0.99656576,0.68585366,-0.7232621,-0.08060193,0.7265472,0.68685454,0.018972881
1356337208379,-0.010699451,-0.017685503,0.9997864,0.6828661,-0.730522,-0.005614549,0.7304652,0.6826601,0.01989302
1356337208419,-0.04934317,0.023427397,0.998507,0.68578315,-0.7260222,0.050923526,0.7261313,0.6872721,0.01975812
1356337208459,-0.06965655,0.046226084,0.9964994,0.6949632,-0.71438664,0.08171812,0.71566343,0.69822264,0.0176363
1356337208499,-0.06653315,0.04663086,0.99669397,0.70953304,-0.7001027,0.080118746,0.70152414,0.71251786,0.01349394
1356337208538,-0.03368646,0.021351635,0.99920434,0.72699696,-0.68552315,0.039158165,0.68581384,0.7277376,0.0075703263
1356337208579,0.034793198,-0.031850457,0.99888694,0.74214226,-0.66858065,-0.047168642,0.6693387,0.74295735,3.7544966E-4
1356337208619,0.14101487,-0.1145682,0.98335594,0.7447467,-0.6421594,-0.18161416,0.6522785,0.7579614,-0.0052297413
1356337208660,0.26709688,-0.21768388,0.93876135,0.72455823,-0.59690136,-0.34456363,0.6353539,0.7722192,-0.0017058253
1356337208700,0.37611884,-0.32459962,0.8678535,0.6870823,-0.5306941,-0.49626774,0.6216531,0.78294235,0.023422629
1356337208740,0.43106747,-0.42276642,0.7971508,0.6601013,-0.45456028,-0.59803116,0.61518055,0.78399205,0.08312249
1356337208780,0.4235332,-0.51229006,0.7471134,0.66482013,-0.38443595,-0.6404866,0.6153322,0.7679634,0.17775938
1356337208820,0.37967283,-0.5909936,0.711741,0.6910016,-0.3303762,-0.64293724,0.6151141,0.7359199,0.28294265
1356337208860,0.3385929,-0.6503471,0.6800025,0.71515393,-0.2917813,-0.6351523,0.6114815,0.7013646,0.3663033
1356337208900,0.32553446,-0.68446076,0.65233487,0.7231877,-0.26421177,-0.6381157,0.6091197,0.6794892,0.4089836
1356337208940,0.33966184,-0.6939338,0.63489026,0.7137776,-0.24940181,-0.6544617,0.61249596,0.6754661,0.4106022
1356337208980,0.36738443,-0.68315715,0.63113,0.69291013,-0.25160974,-0.6756983,0.6204065,0.68555737,0.38092902
1356337209020,0.39929205,-0.65729374,0.63916415,0.6664687,-0.27064633,-0.6946726,0.6295914,0.7033601,0.3299988
1356337209060,0.4284705,-0.62187314,0.655505,0.63961494,-0.30366796,-0.70617175,0.6382051,0.72184455,0.2676466
1356337209100,0.45121014,-0.5825407,0.67605895,0.61545295,-0.3454581,-0.70843226,0.64624065,0.7357343,0.20265225
1356337209140,0.46561813,-0.544486,0.6976637,0.5957685,-0.39009356,-0.7020589,0.6544154,0.7425375,0.142753
1356337209211,0.47098178,-0.5115765,0.71865535,0.5809317,-0.43320078,-0.68909746,0.66384816,0.7420421,0.093161374
1356337209219,0.46708322,-0.4855179,0.7389896,0.571084,-0.47241282,-0.67133373,0.67505276,0.73559386,0.05661547
1356337209245,0.45740908,-0.46372008,0.7587757,0.56596065,-0.5063402,-0.65062135,0.68590486,0.7270374,0.030842692
1356337209289,0.43811834,-0.44890323,0.77880573,0.5655248,-0.53580374,-0.6269738,0.6987375,0.71512264,0.019120395
1356337209329,0.40895045,-0.43594992,0.8016902,0.57052696,-0.563507,-0.5974603,0.7122208,0.70171756,0.018274724
1356337209369,0.37315965,-0.4203308,0.8270876,0.5800414,-0.59007084,-0.56157655,0.72408825,0.68930274,0.023618698
1356337209409,0.33599985,-0.39773208,0.8537642,0.59389836,-0.61407727,-0.5198016,0.731019,0.6817024,0.02988261
1356337209448,0.3020116,-0.36669478,0.8799567,0.6121594,-0.6330038,-0.47388512,0.73078716,0.68179256,0.033301175
1356337209489,0.2734586,-0.3291463,0.90381587,0.6340052,-0.6449531,-0.42669988,0.72336555,0.6897087,0.032312572
1356337209529,0.25040632,-0.2888693,0.92404073,0.65705276,-0.65027714,-0.3813417,0.71104044,0.70263386,0.02696878
1356337209569,0.23485124,-0.25047988,0.93920434,0.6785441,-0.649604,-0.34291753,0.69600487,0.7178261,0.017401367
1356337209609,0.2299056,-0.21795972,0.94849193,0.6967603,-0.64356613,-0.31677714,0.67946196,0.7337004,0.003906224
1356337209649,0.23682976,-0.19429109,0.95192575,0.7114861,-0.6325218,-0.3061105,0.6615883,0.74977803,-0.011564553
1356337209688,0.2516051,-0.18155059,0.9506494,0.72411835,-0.6163968,-0.30936652,0.6421429,0.76622087,-0.023624457
1356337209729,0.26217854,-0.18269932,0.9475671,0.7374403,-0.5954176,-0.31884122,0.62245023,0.78236747,-0.021375895
1356337209768,0.24961376,-0.20111233,0.9472311,0.7548043,-0.5723609,-0.32042697,0.60659987,0.79495716,0.008931309
1356337209809,0.18967783,-0.23881847,0.9523592,0.7777948,-0.55541664,-0.29418963,0.5992141,0.7965413,0.08040159
1356337209848,0.074138284,-0.286927,0.95507926,0.7974374,-0.5580339,-0.22954705,0.5988298,0.7786342,0.18743461
1356337209889,-0.07775575,-0.32541668,0.9423683,0.797745,-0.58723503,-0.13696003,0.59796077,0.74112016,0.3052604
1356337209929,-0.2213319,-0.33544564,0.9156902,0.77528477,-0.63011664,-0.043436795,0.5915623,0.70030665,0.39953065
1356337209969,-0.32615858,-0.31688452,0.89062035,0.74323726,-0.66813976,0.034459233,0.58413935,0.6731814,0.45344007
1356337210009,-0.38690168,-0.27911052,0.87886536,0.7151072,-0.6925467,0.09487131,0.58217573,0.6651889,0.46754152
1356337210048,-0.4106025,-0.23158108,0.88191605,0.69786686,-0.70231295,0.14049354,0.5868454,0.67314696,0.44998413
1356337210089,-0.40420234,-0.18093473,0.89659524,0.6942578,-0.6988847,0.17194831,0.59550536,0.69197017,0.4081062
1356337210128,-0.37670135,-0.13069412,0.9170688,0.70140815,-0.68690765,0.190222,0.60508066,0.71489644,0.35042897
1356337210169,-0.3326301,-0.08312124,0.93938714,0.71526504,-0.67142737,0.19385913,0.61461633,0.73639405,0.2827906
1356337210212,-0.27811515,-0.038217574,0.95978713,0.7299503,-0.6578977,0.18531916,0.62435937,0.75213695,0.21086825
1356337210250,-0.22915894,0.005470693,0.9733738,0.7388835,-0.6500055,0.17760673,0.63366985,0.75990987,0.14491226
1356337210290,-0.19149017,0.047187895,0.9803596,0.74038064,-0.6487801,0.17584378,0.64433545,0.7595116,0.089297906
1356337210330,-0.17757338,0.09215373,0.97978336,0.73272187,-0.6522475,0.19414386,0.6569523,0.7523835,0.048298746
1356337210370,-0.19052196,0.1415466,0.9714247,0.71605486,-0.6568848,0.23615211,0.6715406,0.74058557,0.023795843
1356337210410,-0.22592944,0.19408886,0.9546127,0.690288,-0.65955585,0.29747018,0.68735605,0.72616494,0.0150358975
1356337210450,-0.2729054,0.24642546,0.92994463,0.6584049,-0.65695536,0.36730444,0.70144534,0.7125195,0.017039001
1356337210490,-0.32044977,0.29280037,0.90087724,0.62715435,-0.64716417,0.43342346,0.7099221,0.70387954,0.0237526
1356337210529,-0.36234635,0.32932854,0.871922,0.60331863,-0.6301857,0.4887461,0.71043074,0.7031421,0.029655397
1356337210569,-0.39488924,0.35317943,0.8481313,0.59087014,-0.6092764,0.5288239,0.7035161,0.7099623,0.03191355
1356337210609,-0.414423,0.3633082,0.8344224,0.5910348,-0.58976245,0.55032545,0.6920487,0.7212402,0.029683322
1356337210648,-0.41727185,0.35960662,0.8346061,0.6045626,-0.5758428,0.550372,0.6785193,0.73422635,0.0228782
1356337210689,-0.3991722,0.34132868,0.8509737,0.6324391,-0.56948066,0.52508336,0.6638391,0.7477878,0.011451244
1356337210729,-0.3543287,0.30433488,0.8842123,0.6741089,-0.5722013,0.46707898,0.6480959,0.7615549,-0.002407521
1356337210769,-0.28049248,0.24294652,0.9286016,0.72315747,-0.58266145,0.37087578,0.63116336,0.77555305,-0.012256384
1356337210809,-0.18558908,0.1519196,0.9708126,0.7666937,-0.5955612,0.23976555,0.61460346,0.7888138,-0.0059460998
1356337210848,-0.099524856,0.036777943,0.99435514,0.79223645,-0.6017051,0.10154992,0.60204333,0.7978711,0.030747801
1356337210889,-0.071998894,-0.08103287,0.99410754,0.79980606,-0.60019094,0.009002984,0.5959248,0.79574144,0.10802367
1356337210929,-0.1174804,-0.18102619,0.97643626,0.7975073,-0.60310084,-0.015859276,0.5917605,0.7768519,0.21522228
1356337210970,-0.20431626,-0.2525764,0.945759,0.7866749,-0.6173465,0.0050787926,0.58257824,0.74504256,0.32482946
1356337211010,-0.26881665,-0.30305207,0.9142741,0.7767,-0.629563,0.019687235,0.5696268,0.715409,0.4046175
1356337211050,-0.27555192,-0.3447118,0.8973544,0.7800598,-0.62570447,-8.2555413E-4,0.5617632,0.6997626,0.44130987
1356337211090,-0.22164625,-0.38173795,0.89730096,0.7953831,-0.6031187,-0.06011319,0.5641265,0.7003742,0.43730688
1356337211130,-0.12960482,-0.407627,0.90390426,0.8085637,-0.57111275,-0.1416159,0.57395774,0.71251,0.4036113
1356337211170,-0.02323991,-0.4170558,0.90858376,0.8094426,-0.54123926,-0.22773424,0.58673906,0.7301538,0.35016102
1356337211211,0.078357875,-0.40953267,0.9089241,0.79626024,-0.52288383,-0.30424023,0.59985805,0.7475798,0.2851225
1356337211250,0.16028172,-0.38847548,0.907412,0.774291,-0.5206782,-0.35967714,0.61219543,0.7602506,0.21733785
