1356336650788,0.82090473,0.04040405,-0.5696339,0.5617293,0.12249741,0.81820196,0.10283731,-0.991646,0.07786259
1356336650808,0.18393642,0.09590116,0.97824866,-0.9775411,-0.08630258,0.19226393,0.10286373,-0.9916425,0.07787311
1356336650827,0.18399304,0.095974624,0.97823083,-0.9775203,-0.08638126,0.19233435,0.10296002,-0.9916286,0.07792354
1356336650856,0.18415475,0.09622005,0.9781763,-0.97746325,-0.08657575,0.19253674,0.10321218,-0.9915879,0.07810819
1356336650897,0.18489364,0.097180516,0.9779418,-0.97724724,-0.08705744,0.19341338,0.103933156,-0.99145186,0.07887307
1356336650939,0.1858261,0.099259585,0.9775562,-0.97692776,-0.087919146,0.19463384,0.10526514,-0.9911699,0.08063179
1356336650980,0.18651742,0.10277015,0.9770617,-0.9765704,-0.08926171,0.1958125,0.10733789,-0.990692,0.08371344
1356336651018,0.18534088,0.107144475,0.97681564,-0.9764979,-0.091193676,0.19528344,0.110002935,-0.99005246,0.08772448
1356336651060,0.182118,0.11204499,0.976872,-0.9767117,-0.093998075,0.19286942,0.113434136,-0.9892473,0.092316896
1356336651100,0.17613149,0.11697909,0.97739124,-0.97727585,-0.09818268,0.18786168,0.11793879,-0.9882692,0.09702778
1356336651139,0.16707665,0.12126544,0.978458,-0.97820926,-0.10367584,0.17988327,0.12325603,-0.98719096,0.10130116
1356336651178,0.15623486,0.12450197,0.97984177,-0.97925115,-0.11010301,0.1701307,0.12906522,-0.9860915,0.10471681
1356336651219,0.1432885,0.12580729,0.98165214,-0.9805031,-0.1167236,0.15807992,0.1344696,-0.985164,0.10662931
1356336651259,0.12817842,0.12426561,0.9839351,-0.98201245,-0.12279129,0.14343578,0.13864279,-0.98462194,0.106291205
1356336651298,0.11110175,0.119392425,0.98661125,-0.98374295,-0.12772793,0.1262354,0.14108944,-0.98459685,0.103260696
1356336651342,0.09242678,0.11104354,0.98950833,-0.9856069,-0.1310687,0.10677099,0.14154977,-0.9851347,0.09733102
1356336651379,0.073723614,0.10043955,0.99220806,-0.9874147,-0.13223481,0.08675334,0.13991791,-0.9861165,0.08942667
1356336651420,0.057996273,0.09025833,0.99422824,-0.98895395,-0.13088107,0.06957027,0.13640499,-0.98728085,0.08167076
1356336651450,0.047202826,0.08254811,0.9954686,-0.99011135,-0.12793237,0.057557493,0.13210389,-0.9883417,0.07569304
1356336651490,0.041671515,0.07830387,0.9960582,-0.9911211,-0.12274444,0.05111438,0.12626305,-0.9893444,0.0724937
1356336651530,0.04181403,0.07761246,0.9961064,-0.991916,-0.116327345,0.050701886,0.11980951,-0.99017394,0.072120905
1356336651570,0.04692197,0.08010414,0.9956815,-0.99238586,-0.10990012,0.055608302,0.11387995,-0.99070954,0.07433748
1356336651610,0.05665523,0.085671365,0.99471134,-0.9923745,-0.10440689,0.065514386,0.10946745,-0.9908379,0.079102874
1356336651650,0.07067168,0.09410229,0.99305105,-0.9917053,-0.10052085,0.08010128,0.107360035,-0.9904748,0.08621773
1356336651690,0.08820081,0.104745805,0.9905801,-0.99020654,-0.09882122,0.09861705,0.10822013,-0.98957694,0.0950039
1356336651731,0.10896361,0.11734697,0.987095,-0.9876319,-0.09984094,0.12089211,0.11273882,-0.98805946,0.10501656
1356336651770,0.13341099,0.1322993,0.9821906,-0.9836855,-0.10300499,0.14748862,0.12068316,-0.9858433,0.1163989
1356336651829,0.16330999,0.1517027,0.9748416,-0.9777239,-0.1071735,0.18047088,0.13185516,-0.9825986,0.13082087
1356336651850,0.1991235,0.1766144,0.963928,-0.9691664,-0.110192,0.22039536,0.1451422,-0.97809255,0.14922696
1356336651890,0.23907417,0.20657077,0.948774,-0.95782554,-0.11024946,0.265359,0.15941724,-0.9722004,0.17150094
1356336651930,0.28073925,0.24048087,0.9291687,-0.9438882,-0.10628688,0.31269506,0.17395559,-0.96481717,0.19714816
1356336651970,0.32270426,0.27775085,0.9048295,-0.92752707,-0.097649455,0.3607742,0.18856153,-0.9556773,0.22610956
1356336652010,0.36503115,0.31844184,0.8748412,-0.90852916,-0.083343595,0.40942463,0.20329037,-0.94427145,0.25889075
1356336652050,0.4085878,0.3625763,0.83761233,-0.8863285,-0.061467767,0.45895907,0.2178939,-0.9299247,0.29624677
1356336652090,0.45333025,0.40869722,0.7921226,-0.8608099,-0.029866248,0.5080494,0.23129615,-0.9121812,0.33827138
1356336652148,0.4983957,0.4541006,0.7385082,-0.83251786,0.013000935,0.55384564,0.24190034,-0.89085555,0.38452643
1356336652168,0.54160595,0.49506646,0.6793911,-0.80313176,0.06603697,0.59213054,0.24827904,-0.86634195,0.43336958
1356336652209,0.58304036,0.5279925,0.6174851,-0.7729982,0.12656745,0.62165457,0.25007546,-0.83976454,0.4819312
1356336652246,0.6147857,0.5521288,0.5631983,-0.7485713,0.18362728,0.63712007,0.2483538,-0.81328636,0.5261992
1356336652275,0.64056754,0.5668968,0.51797813,-0.7275672,0.23231557,0.64550406,0.24559973,-0.7903529,0.5612692
1356336652317,0.65835094,0.573817,0.4871428,-0.7125033,0.2663819,0.64913774,0.24272019,-0.77445126,0.5842193
1356336652359,0.6681423,0.57357943,0.47391194,-0.7038543,0.28077808,0.65249735,0.24119496,-0.76952606,0.59131604
1356336652398,0.6686368,0.56681836,0.48129183,-0.7034317,0.2723309,0.65652096,0.24105746,-0.77752995,0.58080846
1356336652439,0.65732324,0.55267996,0.51231927,-0.71413547,0.23968327,0.6576948,0.24070041,-0.79818344,0.55223775
1356336652478,0.6302731,0.52872586,0.568511,-0.7390368,0.18423387,0.6479835,0.23786663,-0.8285571,0.5068655
1356336652519,0.57987404,0.4898923,0.6509621,-0.7814178,0.10837287,0.61452556,0.23050469,-0.86502075,0.44565314
1356336652559,0.49968612,0.4306442,0.7515713,-0.83852774,0.022901177,0.54437745,0.21722108,-0.9022312,0.3725505
1356336652598,0.3909769,0.34993103,0.85128456,-0.8989824,-0.053180873,0.43474418,0.19740254,-0.93526477,0.29378933
1356336652639,0.27115005,0.25780466,0.9273696,-0.9470917,-0.10044736,0.30484048,0.1717411,-0.9609616,0.21692836
1356336652679,0.16710013,0.17216274,0.9707922,-0.97562766,-0.11316395,0.18800122,0.14222547,-0.9785468,0.149057
1356336652718,0.09704965,0.10597396,0.9896216,-0.9890295,-0.10098755,0.10780588,0.11136407,-0.98922753,0.09501058
1356336652759,0.06440073,0.061984003,0.9959972,-0.99459845,-0.077427804,0.06912884,0.08140275,-0.99506927,0.056662798
1356336652830,0.06460863,0.037145644,0.9972191,-0.9964477,-0.05169034,0.066484034,0.054016262,-0.9979721,0.03367406
1356336652840,0.091551155,0.027316064,0.99542564,-0.99534225,-0.027807027,0.092306525,0.030201256,-0.99924004,0.024643064
1356336652877,0.13866311,0.028415501,0.98993194,-0.9902858,-0.00644207,0.13889766,0.010324031,-0.9995755,0.027246177
1356336652919,0.19792962,0.0362235,0.97954667,-0.98019874,0.0132648945,0.19757077,-0.0058368146,-0.99925554,0.038131833
1356336652959,0.2587937,0.04510516,0.9648789,-0.96576446,0.03072077,0.25759515,-0.018022925,-0.99850976,0.051511347
1356336653000,0.3121871,0.050933212,0.9486543,-0.9497043,0.04249707,0.3102509,-0.024512917,-0.9977975,0.061638564
1356336653040,0.3545363,0.052777708,0.93355155,-0.93476653,0.04425019,0.35249603,-0.022705883,-0.99762535,0.065023124
1356336653080,0.38573593,0.052521676,0.921113,-0.92253613,0.034518957,0.38436368,-0.011608422,-0.99802303,0.061768383
1356336653120,0.4052449,0.052286446,0.91271174,-0.9141823,0.015667677,0.40500027,0.006875962,-0.9985092,0.054148585
1356336653160,0.41006038,0.05288121,0.9105241,-0.911608,-0.007607788,0.4109904,0.028660715,-0.9985719,0.045087278
1356336653201,0.39623395,0.054370284,0.91653836,-0.91677415,-0.03119132,0.39818618,0.050237536,-0.9980335,0.037486196
1356336653240,0.36151186,0.058090776,0.93055606,-0.9297285,-0.052578777,0.36447263,0.07010004,-0.9969257,0.0350008
1356336653280,0.31036067,0.068921596,0.9481171,-0.94646823,-0.07069659,0.31496003,0.088736236,-0.99511397,0.043290734
1356336653320,0.2592164,0.09656224,0.96098,-0.95978475,-0.08529732,0.26746494,0.10779601,-0.9916653,0.0705685
1356336653360,0.23640674,0.15324658,0.9594933,-0.96303517,-0.09428167,0.25233772,0.12913248,-0.9836801,0.12529296
1356336653400,0.26893216,0.24512675,0.9314443,-0.9509345,-0.08601397,0.29719576,0.15296778,-0.96566796,0.20996751
1356336653440,0.3530916,0.35647902,0.8650139,-0.9187809,-0.04234606,0.39249006,0.17654437,-0.9333433,0.3125741
1356336653480,0.44214994,0.4513775,0.7750882,-0.87518597,0.027941167,0.4829791,0.19634905,-0.89189553,0.40739346
1356336653520,0.49126905,0.51069975,0.70557815,-0.84504426,0.083147466,0.5281919,0.21108043,-0.8557291,0.47241163
1356336653560,0.4841251,0.53924507,0.6890846,-0.8467335,0.09017077,0.52431995,0.2206017,-0.8373075,0.5002509
1356336653600,0.41585237,0.5410885,0.7309515,-0.881229,0.0411371,0.4708963,0.22472733,-0.83995897,0.4939298
1356336653640,0.2879356,0.5097359,0.8107172,-0.9311933,-0.048587322,0.3612732,0.22354448,-0.8589579,0.46067262
1356336653680,0.1226511,0.4402251,0.88947093,-0.9684682,-0.1427418,0.20419124,0.21685481,-0.88646865,0.4088366
1356336653720,-0.03599876,0.34644184,0.93738055,-0.97840583,-0.20325458,0.03754562,0.20353416,-0.915787,0.34627753
1356336653760,-0.15165687,0.25419298,0.95518905,-0.9713712,-0.21710724,-0.09645,0.1828615,-0.94247043,0.27984148
1356336653830,-0.21643722,0.17902714,0.95974183,-0.96377224,-0.19613534,-0.18075967,0.15587834,-0.9640956,0.21499231
1356336653840,-0.23796237,0.12326625,0.9634206,-0.9631932,-0.15763712,-0.21773705,0.1250312,-0.9797734,0.15624094
1356336653877,-0.22448641,0.08437312,0.9708177,-0.96999836,-0.114753485,-0.21432385,0.09332159,-0.9898044,0.10760242
1356336653919,-0.18222922,0.059344262,0.98146355,-0.98121667,-0.07523048,-0.17763457,0.06329441,-0.99539864,0.07193881
1356336653959,-0.11646783,0.045242757,0.9921635,-0.99250674,-0.04246974,-0.11457154,0.03695339,-0.99807286,0.049850106
1356336653998,-0.036088347,0.03799957,0.9986259,-0.99922305,-0.01720941,-0.035455078,0.015838474,-0.99912953,0.038591146
1356336654039,0.046948284,0.0332191,0.99834484,-0.99889565,-2.6854873E-4,0.046983123,0.0018288493,-0.99944806,0.033169776
1356336654079,0.12257466,0.028969824,0.99203634,-0.9924548,0.006573707,0.12243438,-0.0029744208,-0.9995587,0.02955705
1356336654119,0.18513477,0.025924861,0.98237115,-0.9827108,0.0026596189,0.18512863,0.002186656,-0.99966043,0.025968969
1356336654159,0.23048654,0.0247747,0.9727601,-0.9729568,-0.00974682,0.23078132,0.015198916,-0.9996455,0.021858275
1356336654200,0.25414613,0.02485329,0.9668464,-0.9666358,-0.026562184,0.25477353,0.032013535,-0.99933815,0.017273426
1356336654240,0.25250024,0.024947047,0.96727526,-0.9663494,-0.04424244,0.2533996,0.049116164,-0.9987093,0.012936324
1356336654280,0.22454429,0.024902761,0.97414565,-0.9722745,-0.061249435,0.22567877,0.06528589,-0.9978118,0.010459125
1356336654320,0.17435426,0.027282238,0.9843049,-0.9812851,-0.07815772,0.17598566,0.08173236,-0.9965676,0.013144523
1356336654360,0.114766,0.038896173,0.9926307,-0.98824286,-0.09714174,0.11806521,0.10101819,-0.9945102,0.027290344
1356336654400,0.07020211,0.07191861,0.9949369,-0.9896468,-0.12014508,0.07851344,0.1251834,-0.9901479,0.06273958
1356336654441,0.07464135,0.14264187,0.98695594,-0.98535705,-0.14159554,0.09498483,0.15329736,-0.9795938,0.12998429
1356336654480,0.15512139,0.2594259,0.9532237,-0.97131336,-0.13599664,0.19507754,0.18024337,-0.9561397,0.2308879
1356336654520,0.29173905,0.39400494,0.8715781,-0.93537116,-0.07293844,0.34606466,0.19992268,-0.9162096,0.34726185
1356336654560,0.41578704,0.49385634,0.763693,-0.8844948,0.024175048,0.46592343,0.21163693,-0.8692074,0.44686502
1356336654600,0.48962042,0.5451554,0.68049794,-0.84391415,0.100019544,0.5270721,0.21927309,-0.83234715,0.50903594
1356336654640,0.5181627,0.56281286,0.6440101,-0.825254,0.131232,0.5493032,0.22464013,-0.81610036,0.5324631
1356336654680,0.51096344,0.55799735,0.65387714,-0.8290492,0.11889291,0.54638994,0.22714272,-0.82128155,0.52335715
1356336654720,0.47535744,0.5339189,0.69926095,-0.8501459,0.07416913,0.52129734,0.22646695,-0.84227633,0.48916584
1356336654760,0.41888738,0.49099693,0.7638426,-0.8803394,0.013408244,0.4741549,0.22256675,-0.87105817,0.43786043
1356336654828,0.3454703,0.42859903,0.8348372,-0.9137056,-0.049233377,0.40338343,0.21399164,-0.90215236,0.37460464
1356336654841,0.26621187,0.35098508,0.89774203,-0.94322884,-0.09705746,0.31764627,0.19862166,-0.93133736,0.30522144
1356336654880,0.20078099,0.27080542,0.9414624,-0.9636794,-0.11815125,0.23950452,0.17609406,-0.9553558,0.23724703
1356336654920,0.16065717,0.19919318,0.96670127,-0.9759614,-0.11407834,0.18570241,0.14727035,-0.9732975,0.17607743
1356336654960,0.15123373,0.1424712,0.9781771,-0.9818119,-0.09325129,0.16537774,0.1147778,-0.9853965,0.1257771
1356336655000,0.17008215,0.10172528,0.98016524,-0.9820834,-0.06440538,0.17709917,0.08114338,-0.99272543,0.08894849
1356336655040,0.21172586,0.07477033,0.9744648,-0.9760833,-0.034150153,0.21469784,0.04933116,-0.9966159,0.06575158
1356336655080,0.26518083,0.056982994,0.96251345,-0.9639437,-0.007289827,0.2660064,0.022174388,-0.99834853,0.052995235
1356336655120,0.32043916,0.044039845,0.94624484,-0.94726384,0.011564791,0.320246,0.003160417,-0.9989629,0.04542315
1356336655160,0.37148032,0.034457058,0.9278012,-0.9284289,0.01884076,0.37103194,-0.004695773,-0.99922854,0.03898993
1356336655200,0.41546863,0.029031813,0.90914404,-0.90960735,0.013819456,0.41523904,-5.0869584E-4,-0.9994829,0.032149136
1356336655240,0.44941866,0.027995855,0.89288247,-0.8932313,-1.0597706E-4,0.44959757,0.012681484,-0.99960804,0.024959117
1356336655280,0.46921998,0.030102372,0.8825681,-0.8825596,-0.01836437,0.4698418,0.030351132,-0.9993781,0.017950162
1356336655320,0.47111046,0.03364107,0.8814325,-0.8807287,-0.037231266,0.47215536,0.04870069,-0.9987403,0.012088627
1356336655360,0.45318183,0.038053066,0.89060557,-0.88894296,-0.05510947,0.45469052,0.06638315,-0.997755,0.008852392
1356336655400,0.41816354,0.046097547,0.90720135,-0.90438616,-0.07232612,0.42054096,0.08500028,-0.99631524,0.011445805
1356336655440,0.37469792,0.064870626,0.9248747,-0.92088056,-0.08974397,0.37937438,0.10761219,-0.99385,0.026111215
1356336655480,0.34502283,0.10695809,0.93248016,-0.9285335,-0.10617754,0.3557414,0.13705784,-0.98857796,0.06268047
1356336655520,0.36058164,0.18682122,0.91382647,-0.91658425,-0.11051887,0.38426414,0.17278373,-0.97615755,0.13138631
1356336655560,0.43930063,0.30324683,0.84561,-0.8738445,-0.07406846,0.48053056,0.20835242,-0.9500291,0.23245226
1356336655600,0.5514909,0.41913676,0.7212366,-0.8003459,0.022113502,0.59913063,0.23516859,-0.9076538,0.34764975
1356336655640,0.63946784,0.49132627,0.59133697,-0.7270238,0.13630444,0.67294693,0.25003463,-0.8602439,0.44436818
1356336655681,0.6875247,0.5215735,0.5052433,-0.67980355,0.21768317,0.7003436,0.2552977,-0.82496977,0.5042301
1356336655720,0.70457965,0.5277982,0.47433805,-0.662768,0.25057542,0.7056562,0.2535866,-0.81156707,0.52635807
1356336655760,0.6976062,0.52075386,0.4920985,-0.6727303,0.23974249,0.69996965,0.24653499,-0.81935275,0.51757276
1356336655831,0.667504,0.5027099,0.54929155,-0.7063151,0.19396251,0.6808065,0.23570621,-0.842414,0.48454234
1356336655840,0.61249566,0.47121435,0.6346701,-0.7585916,0.12466553,0.639529,0.2222337,-0.8731642,0.4338163
1356336655877,0.5313506,0.42257795,0.7342305,-0.8217846,0.04660511,0.5678891,0.20575848,-0.9051275,0.3720317
1356336655918,0.42902103,0.35631993,0.8300464,-0.88418007,-0.022384018,0.46660966,0.18484211,-0.9340958,0.3054478
1356336655958,0.3227172,0.28004566,0.9041172,-0.9331441,-0.06573993,0.35344064,0.15841615,-0.95773304,0.24010758
1356336655999,0.23566669,0.20709407,0.94951206,-0.9635416,-0.07756978,0.25606722,0.12668341,-0.975241,0.18126318
1356336656039,0.18502057,0.14843601,0.97145987,-0.9783979,-0.06494337,0.19626519,0.0922226,-0.9867873,0.13321358
1356336656078,0.17331615,0.10705972,0.9790299,-0.98311555,-0.040437013,0.17846125,0.058695167,-0.99342984,0.09824377
1356336656119,0.19350994,0.08019465,0.9778153,-0.9806611,-0.01394093,0.19521648,0.02928695,-0.99668175,0.07594606
1356336656158,0.23324218,0.06205222,0.9704368,-0.97239375,0.0077470243,0.23321715,0.0069536865,-0.9980428,0.062146127
1356336656199,0.27834308,0.048000455,0.95928156,-0.9604651,0.019802988,0.27769563,-0.00566718,-0.998651,0.0516147
1356336656239,0.32038572,0.036649287,0.9465779,-0.9472604,0.0199022,0.3198461,-0.0071167946,-0.99912995,0.041092813
1356336656279,0.35287285,0.028559238,0.9352353,-0.9356704,0.00934422,0.3527516,0.0013352633,-0.99954844,0.030019373
1356336656319,0.36920667,0.023616701,0.9290472,-0.9292158,-0.0074389577,0.36946273,0.015636653,-0.9996934,0.019198477
1356336656358,0.36217406,0.020566732,0.9318836,-0.93157697,-0.025832742,0.36262506,0.031531125,-0.9994547,0.009803534
1356336656399,0.32561305,0.018271059,0.94532657,-0.94433224,-0.04345855,0.32611057,0.04704088,-0.99888813,0.0031032562
1356336656439,0.25358796,0.016737401,0.9671675,-0.96530384,-0.060019553,0.25413793,0.06230259,-0.9980568,9.364784E-4
1356336656479,0.15017909,0.018881172,0.98847854,-0.98545706,-0.077540696,0.15120116,0.079502106,-0.99681044,0.0069615543
1356336656519,0.03272742,0.031623095,0.9989639,-0.9942682,-0.10075575,0.035763115,0.10178226,-0.9944085,0.02814436
1356336656558,-0.064985275,0.066155285,0.9956909,-0.9892354,-0.13537067,-0.05556974,0.1311112,-0.9885839,0.0742403
1356336656598,-0.101028085,0.13867044,0.985172,-0.9810003,-0.17873728,-0.07544169,0.1656254,-0.9740757,0.15409324
1356336656639,-0.052206516,0.25773975,0.964803,-0.97877085,-0.20494986,0.0017884374,0.19819716,-0.94422764,0.2629678
1356336656680,0.047748208,0.39291614,0.91833377,-0.973849,-0.18613607,0.13027444,0.22212192,-0.9005389,0.37375337
1356336656720,0.124074936,0.49405736,0.8605305,-0.9634878,-0.1473841,0.22353756,0.23726895,-0.8568461,0.45773166
1356336656760,0.13085979,0.5429435,0.8295108,-0.9603454,-0.13835943,0.24206069,0.24619594,-0.82829285,0.50330764
1356336656831,0.06832111,0.54366815,0.83651495,-0.9658984,-0.17384928,0.19187656,0.24974468,-0.82109773,0.51325065
1356336656839,-0.03628266,0.50339144,0.8632964,-0.9679162,-0.23263448,0.094970495,0.24863985,-0.8321527,0.49568135
1356336656865,-0.12463093,0.45165938,0.88344264,-0.961271,-0.27555454,0.005266547,0.2458153,-0.8485714,0.46850967
1356336656910,-0.22757638,0.37162694,0.9000569,-0.9438715,-0.31143564,-0.11006522,0.23940665,-0.8745863,0.42164356
1356336656949,-0.3091954,0.2862251,0.90690327,-0.92336917,-0.31855524,-0.21427095,0.22756901,-0.90365803,0.36278722
1356336656989,-0.36348623,0.2100389,0.90761304,-0.9082011,-0.296874,-0.2950195,0.20748118,-0.9315307,0.29866722
1356336657029,-0.3904528,0.15175143,0.9080298,-0.9032233,-0.25399834,-0.3459373,0.1781416,-0.95522577,0.23623982
1356336657068,-0.39464277,0.1123254,0.9119431,-0.90788805,-0.20041502,-0.3682025,0.14140856,-0.9732507,0.18107122
1356336657109,-0.3808905,0.088855624,0.9203407,-0.91916203,-0.14438105,-0.3664632,0.10031742,-0.98552465,0.13666606
1356336657148,-0.35228616,0.07745549,0.9326816,-0.9339926,-0.09256005,-0.34509465,0.059599638,-0.99268985,0.10495049
1356336657189,-0.3127234,0.073972166,0.9469595,-0.9495681,-0.04838866,-0.30980495,0.022905111,-0.99608576,0.08537382
1356336657229,-0.2683196,0.07242373,0.9606036,-0.96331584,-0.014774919,-0.26796323,-0.0052140653,-0.99726444,0.0737313
1356336657303,-0.22743285,0.06789708,0.97142386,-0.9735817,0.004966378,-0.22828516,-0.02032435,-0.99767995,0.06497383
1356336657304,-0.19393921,0.060742438,0.9791312,-0.9807041,0.013061881,-0.19506106,-0.024637789,-0.998068,0.057037115
1356336657325,-0.17129439,0.051611245,0.98386705,-0.9850405,0.010081172,-0.17202759,-0.01879704,-0.99861634,0.04911238
1356336657359,-0.16030431,0.041309506,0.9862029,-0.98705566,-0.001762569,-0.16036904,-0.004886508,-0.9991449,0.04105729
1356336657399,-0.16363019,0.028997809,0.98609555,-0.9863583,-0.023007512,-0.16299722,0.017961055,-0.99931467,0.03236693
1356336657438,-0.18543953,0.01697132,0.9825091,-0.9817529,-0.046048343,-0.18450138,0.042111695,-0.99879503,0.025200844
1356336657479,-0.22196352,0.0068360865,0.97503096,-0.9729167,-0.067741275,-0.22100729,0.064539015,-0.99767953,0.02168703
1356336657519,-0.268205,7.6165795E-4,0.9633616,-0.95953727,-0.08922982,-0.2670697,0.085757166,-0.9960108,0.024662673
1356336657559,-0.31330734,0.00351879,0.94964516,-0.9434427,-0.115317166,-0.31083375,0.10841668,-0.99332243,0.039449573
1356336657599,-0.3439492,0.023992002,0.9386818,-0.9291999,-0.1526643,-0.33657283,0.1352281,-0.98798686,0.07480204
1356336657639,-0.34583837,0.075683594,0.93523675,-0.92339915,-0.20434862,-0.32492414,0.16652292,-0.9759681,0.14055777
1356336657679,-0.3065411,0.17156592,0.9362679,-0.93107545,-0.2584628,-0.2574792,0.19781572,-0.95066404,0.23897025
1356336657719,-0.2273292,0.30323002,0.92540425,-0.9482473,-0.28526467,-0.13946709,0.22169453,-0.909217,0.35238603
1356336657759,-0.13491416,0.4300148,0.8926844,-0.9625086,-0.27083582,-0.015002668,0.23531955,-0.8612405,0.45043257
1356336657833,-0.065119445,0.51179826,0.8566341,-0.96834207,-0.23972446,0.06961271,0.24098378,-0.8249817,0.5112065
1356336657839,-0.015240371,0.55355334,0.8326744,-0.96996677,-0.21037161,0.1220997,0.2427597,-0.8058056,0.5401344
1356336657880,0.008376062,0.5637498,0.8259032,-0.97029877,-0.19510627,0.14301726,0.24176487,-0.8025707,0.5453715
1356336657916,-0.017714798,0.5143198,0.85741544,-0.9717691,-0.21064252,0.106276184,0.23526809,-0.8313272,0.5035316
1356336657957,-0.039137185,0.44990695,0.8922174,-0.97288454,-0.22085512,0.06869209,0.22795591,-0.8653361,0.44635123
1356336657985,-0.05634415,0.38464054,0.9213451,-0.9737468,-0.22502035,0.03439206,0.22055003,-0.89521915,0.38722116
1356336658029,-0.0806008,0.30912304,0.94760036,-0.9742348,-0.22534186,-0.009355962,0.21064189,-0.92393935,0.3193212
1356336658068,-0.10356814,0.23362687,0.9667947,-0.9750867,-0.21555418,-0.05236754,0.1961622,-0.9481323,0.25013104
1356336658109,-0.122566104,0.1657798,0.9785165,-0.97685075,-0.19432998,-0.08943421,0.17532867,-0.96682626,0.18576035
1356336658148,-0.13394243,0.11228809,0.984607,-0.97983015,-0.1636886,-0.11462498,0.14829794,-0.98010075,0.13194814
1356336658189,-0.13527077,0.076593995,0.9878437,-0.98398864,-0.12716359,-0.124883056,0.11605245,-0.98892,0.09256911
1356336658229,-0.12553382,0.058036506,0.9903904,-0.98872215,-0.089497924,-0.12007782,0.081669,-0.99429464,0.06861699
1356336658268,-0.10703385,0.051157594,0.9929384,-0.9930136,-0.05539739,-0.10418779,0.04967621,-0.997153,0.056729585
1356336658309,-0.08431512,0.04853487,0.9952564,-0.996117,-0.029500127,-0.08294943,0.025334269,-0.9983858,0.05083376
1356336658349,-0.061765492,0.044580102,0.99709463,-0.99800146,-0.0161196,-0.06110093,0.013348848,-0.99887574,0.04548663
1356336658389,-0.042786956,0.03790322,0.998365,-0.99897456,-0.016428351,-0.04218933,0.014802396,-0.99914634,0.038567334
1356336658429,-0.02985239,0.029635996,0.9991149,-0.9992045,-0.027326763,-0.02904445,0.026441783,-0.9991872,0.030428112
1356336658468,-0.025695264,0.021234095,0.9994443,-0.99873346,-0.043807685,-0.02474624,0.043257892,-0.9988143,0.022332877
1356336658509,-0.03292817,0.013780206,0.9993627,-0.9975412,-0.06234616,-0.03200844,0.0618653,-0.9979595,0.015799254
1356336658549,-0.0531649,0.009029329,0.99854493,-0.99530977,-0.08141059,-0.052256525,0.08082029,-0.9966398,0.013315171
1356336658589,-0.0832566,0.0112096965,0.9964651,-0.9913881,-0.10236156,-0.081680894,0.10108411,-0.9946841,0.019635439
1356336658629,-0.11482394,0.028595418,0.99297416,-0.98553073,-0.12873518,-0.11025596,0.1246779,-0.9912666,0.042963505
1356336658668,-0.13350779,0.07328805,0.9883343,-0.97918594,-0.16358793,-0.12014139,0.15287459,-0.9838028,0.093602836
1356336658709,-0.11917174,0.160878,0.97975314,-0.9756165,-0.20215458,-0.08547428,0.18431064,-0.96604955,0.1810464
1356336658750,-0.059349835,0.29268003,0.9543668,-0.9752022,-0.22119898,0.0071905553,0.21320948,-0.9302739,0.29855028
1356336658790,0.035999775,0.43915382,0.8976903,-0.9714755,-0.19530588,0.13450325,0.23439178,-0.8769262,0.41959617
1356336658833,0.12732095,0.55127794,0.8245496,-0.9602968,-0.13953984,0.24157569,0.24823278,-0.82256997,0.51162404
1356336658870,0.18370682,0.60985565,0.7709266,-0.9486271,-0.09553671,0.30162778,0.25760123,-0.78673303,0.5609749
1356336658910,0.19953018,0.6231268,0.75624114,-0.94389945,-0.085023165,0.31910014,0.26313788,-0.7774857,0.57120436
1356336658950,0.18280983,0.60292125,0.7765736,-0.9468148,-0.1047855,0.30423957,0.2648062,-0.7908893,0.551699
1356336658990,0.14234686,0.55605626,0.81886446,-0.9541322,-0.143049,0.26299956,0.26338032,-0.81874204,0.5101886
1356336659030,0.08639479,0.48759836,0.8687829,-0.962079,-0.18563509,0.19985884,0.25872746,-0.85310453,0.45307028
1356336659070,0.02313602,0.40438464,0.91429627,-0.96831477,-0.2184053,0.1211015,0.24865875,-0.8881284,0.38651866
1356336659110,-0.039608836,0.3154347,0.94812036,-0.97233427,-0.23077852,0.036158413,0.2302114,-0.9204576,0.31584877
1356336659150,-0.09153134,0.2332888,0.96809006,-0.9748992,-0.21913892,-0.039367348,0.20296228,-0.94739354,0.24749115
1356336659190,-0.12683481,0.16621712,0.9778982,-0.9774102,-0.1889723,-0.09465119,0.16906303,-0.96781266,0.18643057
1356336659230,-0.14259768,0.11748132,0.9827838,-0.9808384,-0.14994204,-0.12439141,0.13274693,-0.98169005,0.13661161
1356336659270,-0.13780254,0.0868386,0.9866456,-0.98558044,-0.11077851,-0.12790367,0.098192185,-0.990044,0.10085201
1356336659310,-0.11401117,0.07086614,0.99094874,-0.9911417,-0.07650089,-0.1085625,0.068115056,-0.99454796,0.0789603
1356336659351,-0.07704836,0.06332454,0.9950143,-0.99603057,-0.049502313,-0.073976666,0.044570923,-0.99676454,0.06688723
1356336659390,-0.03516704,0.058257878,0.997682,-0.99892896,-0.032087326,-0.033337265,0.030070752,-0.9977858,0.059323877
1356336659430,0.0039399266,0.052831978,0.99859565,-0.99965155,-0.025856972,0.005312085,0.026101291,-0.9982686,0.052711666
1356336659470,0.03353685,0.046587586,0.9983511,-0.99894655,-0.029744565,0.034944892,0.031323522,-0.99847126,0.04554093
1356336659510,0.047115147,0.039535612,0.9981068,-0.9980155,-0.03992468,0.048692256,0.041774213,-0.99842024,0.03757611
1356336659550,0.03948754,0.031514674,0.998723,-0.997748,-0.052990198,0.041121066,0.05421847,-0.9980976,0.029351264
1356336659590,0.007969201,0.023196846,0.99969923,-0.99769974,-0.067118764,0.009510696,0.067319185,-0.9974753,0.022608548
1356336659630,-0.04457295,0.016841859,0.9988642,-0.99562466,-0.082945466,-0.043029785,0.0821265,-0.9964118,0.020465255
1356336659670,-0.10867256,0.017275006,0.99392754,-0.98891914,-0.103606164,-0.106324166,0.10114032,-0.99446833,0.028342754
1356336659710,-0.16742909,0.033340394,0.9853202,-0.97768444,-0.13424635,-0.16158912,0.12688819,-0.99038696,0.055073142
1356336659750,-0.19929838,0.07871875,0.97677195,-0.9668126,-0.17839515,-0.18288934,0.15985453,-0.98080504,0.11166012
1356336659790,-0.18325102,0.16883913,0.9684588,-0.9633963,-0.22692591,-0.14273134,0.19566974,-0.95916533,0.20424336
1356336659833,-0.113185644,0.3026668,0.9463519,-0.9677539,-0.24931061,-0.0360097,0.22503662,-0.9199114,0.32112536
1356336659870,-0.01821673,0.44173768,0.8969593,-0.97017527,-0.22469378,0.09095433,0.24171916,-0.8685508,0.4326562
1356336659910,0.0513438,0.5387637,0.840891,-0.9673229,-0.18251169,0.17599991,0.24829474,-0.82244956,0.51178753
1356336659950,0.071139336,0.5820027,0.8100691,-0.9656703,-0.16323191,0.20207971,0.24984011,-0.7966355,0.55041057
1356336659990,0.044487476,0.5798975,0.8134738,-0.96770525,-0.17723125,0.17926419,0.24812782,-0.79517794,0.5532853
1356336660035,-0.019334972,0.53755873,0.8430046,-0.9696409,-0.21565586,0.1152778,0.24376747,-0.8151829,0.5254086
1356336660070,-0.09392208,0.47270036,0.8762038,-0.96657574,-0.2541806,0.033517867,0.23855796,-0.8437692,0.48077393
1356336660110,-0.17442012,0.38769716,0.9051347,-0.9570448,-0.28296387,-0.06322104,0.23160973,-0.8772813,0.420398
1356336660150,-0.24826509,0.29569373,0.9224585,-0.9433371,-0.2902481,-0.16084534,0.22018087,-0.9101216,0.3509973
1356336660190,-0.30669343,0.21116608,0.92808837,-0.9302128,-0.27302915,-0.24527371,0.20160168,-0.93854356,0.2801656
1356336660230,-0.3460616,0.14509371,0.9269246,-0.9216629,-0.23731786,-0.3069492,0.17543933,-0.96053535,0.21585402
1356336660270,-0.3675316,0.101224124,0.92448586,-0.9188402,-0.19313133,-0.3441408,0.14371186,-0.9759375,0.16399068
1356336660310,-0.37445915,0.07738194,0.92400885,-0.9207492,-0.14876527,-0.36067972,0.10955036,-0.9858402,0.12695593
1356336660350,-0.3711468,0.06743997,0.92612195,-0.9254053,-0.10918933,-0.3629085,0.076648146,-0.9917306,0.10293466
1356336660390,-0.36286205,0.06299448,0.9297111,-0.9305367,-0.07730293,-0.3579465,0.049320757,-0.9950155,0.08666903
1356336660430,-0.3547716,0.05644521,0.9332476,-0.93438745,-0.05612105,-0.35181051,0.032516778,-0.9968272,0.0726518
1356336660470,-0.35015726,0.044362545,0.9356399,-0.9362331,-0.04780525,-0.3481126,0.029285312,-0.99787116,0.058273017
1356336660510,-0.35065758,0.026824206,0.93611944,-0.9356903,-0.05168712,-0.34901583,0.03902331,-0.99830294,0.04322374
1356336660550,-0.35645467,0.0067991912,0.9342879,-0.9326105,-0.062921405,-0.35535687,0.056370586,-0.9979953,0.028769672
1356336660591,-0.36786407,-0.012797803,0.9297915,-0.92677164,-0.07663792,-0.3677241,0.07596332,-0.99697685,0.016331673
1356336660630,-0.3852725,-0.029746175,0.9223232,-0.9179263,-0.09026247,-0.3863469,0.09474358,-0.9954736,0.007470906
1356336660670,-0.4079848,-0.042225122,0.9120118,-0.9059878,-0.104745865,-0.4101396,0.112847626,-0.9936023,0.0044792295
1356336660710,-0.43226045,-0.046392113,0.9005547,-0.8918948,-0.12524116,-0.43455553,0.13294643,-0.9910412,0.012759864
1356336660750,-0.45207572,-0.034947574,0.8912947,-0.87792337,-0.15926045,-0.45153818,0.1577281,-0.9866178,0.04131645
1356336660790,-0.45861053,0.0037478805,0.88862944,-0.8684684,-0.21373224,-0.44730425,0.18825233,-0.9768851,0.10127473
1356336660832,-0.44003397,0.08839345,0.89362,-0.86995184,-0.2886567,-0.39982647,0.22260734,-0.9533436,0.20391673
1356336660870,-0.3953067,0.20887884,0.89448434,-0.88335943,-0.3534068,-0.3078631,0.25181073,-0.9118515,0.3242192
1356336660910,-0.3299927,0.34364977,0.87920964,-0.9043087,-0.38226366,-0.19000074,0.2707962,-0.8577757,0.43690974
1356336660950,-0.26346755,0.45058402,0.8529706,-0.92292607,-0.37502545,-0.08696738,0.2806996,-0.8101419,0.5146628
1356336660990,-0.21281731,0.50940573,0.8337953,-0.93466306,-0.3548687,-0.021756351,0.28480503,-0.78394777,0.5516448
1356336661030,-0.17861855,0.5251745,0.83203804,-0.94180787,-0.33600605,0.0099003315,0.2847692,-0.78185153,0.5546303
1356336661070,-0.1556403,0.50911593,0.8465088,-0.9468193,-0.32119882,0.019095153,0.28161925,-0.7985189,0.5320322
1356336661110,-0.13908714,0.47039604,0.8714254,-0.95106566,-0.3086338,0.014802277,0.2759143,-0.826724,0.49030465
1356336661150,-0.12607193,0.41613907,0.90051883,-0.95551986,-0.29491603,0.0025117695,0.26662272,-0.860147,0.4348098
1356336661190,-0.1150434,0.3528949,0.92856354,-0.96104324,-0.27603513,-0.014161974,0.2513185,-0.8940189,0.3709033
1356336661230,-0.10496479,0.28669447,0.95225453,-0.968108,-0.2484945,-0.03189826,0.22748491,-0.9252334,0.30363432
1356336661270,-0.09283513,0.2250025,0.96992546,-0.97636735,-0.21151018,-0.04438579,0.19516224,-0.9511242,0.23932073
1356336661310,-0.07618159,0.173327,0.98191357,-0.9847163,-0.16776514,-0.046785176,0.1566217,-0.97047037,0.18345848
1356336661350,-0.052170277,0.13489422,0.98948556,-0.9918872,-0.122015476,-0.03566289,0.115921915,-0.9833187,0.14016545
1356336661390,-0.01934141,0.10941133,0.9938083,-0.9967779,-0.07950044,-0.01064679,0.07784337,-0.9908122,0.11059648
1356336661430,0.020601332,0.09302789,0.99545026,-0.9987026,-0.044461966,0.024823695,0.04656896,-0.9946703,0.091991246
1356336661470,0.06403035,0.08052251,0.994694,-0.9976014,-0.021101117,0.06592572,0.026297659,-0.99652946,0.07897827
1356336661510,0.10612574,0.06926417,0.9919374,-0.994158,-0.012350827,0.107225716,0.019678116,-0.99752194,0.06754878
1356336661550,0.14316317,0.059484303,0.9879099,-0.9893499,-0.017914087,0.14445058,0.02629003,-0.9980686,0.056286097
1356336661590,0.17108336,0.0519841,0.98388416,-0.98434865,-0.03384182,0.17295215,0.04228717,-0.9980743,0.04538071
1356336661630,0.18486705,0.04648307,0.9816637,-0.98075604,-0.055087954,0.18730462,0.062784314,-0.997399,0.035404593
1356336661670,0.17854854,0.04177627,0.9830438,-0.98040795,-0.07691917,0.18133861,0.08319053,-0.99616176,0.027223974
1356336661710,0.14937475,0.037554562,0.98806715,-0.9834103,-0.098364145,0.15240934,0.102914095,-0.9944416,0.022238433
1356336661750,0.0975098,0.036309958,0.9945719,-0.9874966,-0.120844126,0.10122788,0.12386379,-0.99200714,0.024072498
1356336661790,0.035955906,0.046418905,0.99827474,-0.9881997,-0.14717495,0.04243648,0.14889091,-0.98802066,0.04057932
1356336661834,-0.014032364,0.081608325,0.9965657,-0.9837185,-0.17971408,8.652508E-4,0.17916751,-0.98032796,0.08280146
1356336661870,-0.02404666,0.15779153,0.9871796,-0.97699845,-0.21299988,0.01024738,0.21188611,-0.9642265,0.15928409
1356336661910,0.029127777,0.28243095,0.95884526,-0.9703477,-0.22228265,0.09495124,0.23995185,-0.933179,0.26758164
1356336661950,0.12626177,0.42248166,0.89753395,-0.958081,-0.18262708,0.22074434,0.25717443,-0.88778174,0.38171285
1356336661990,0.21418178,0.5268681,0.82251817,-0.9402596,-0.11693728,0.3197461,0.26464707,-0.84186435,0.47034693
1356336662030,0.25738448,0.57867044,0.7738822,-0.9288015,-0.07281196,0.363354,0.2666101,-0.81230474,0.5187293
1356336662070,0.25453502,0.58821124,0.7676064,-0.9298939,-0.06907827,0.3612831,0.26553574,-0.8057517,0.52939117
1356336662110,0.21616387,0.5655494,0.79588133,-0.94033384,-0.09878862,0.32559633,0.26276487,-0.81877637,0.5104507
1356336662150,0.1550898,0.5167026,0.84200096,-0.95334,-0.14518893,0.26469427,0.25901744,-0.8437646,0.4700759
1356336662190,0.08373171,0.44771376,0.89024794,-0.96384275,-0.19041282,0.186414,0.25297478,-0.8736677,0.4155821
1356336662230,0.012542367,0.36636543,0.93038654,-0.9703549,-0.22013277,0.099764585,0.24135885,-0.90405643,0.35274345
1356336662270,-0.044698775,0.28620505,0.9571252,-0.97403383,-0.2253415,0.021894455,0.22194633,-0.93129367,0.28884587
1356336662310,-0.081619084,0.21723524,0.972701,-0.97756636,-0.20758599,-0.035666734,0.19417101,-0.9537908,0.22930488
1356336662350,-0.09510541,0.1649853,0.98169994,-0.9824381,-0.17458844,-0.06583542,0.16053155,-0.9707207,0.1786921
1356336662390,-0.08764166,0.12934041,0.9877196,-0.98836875,-0.13499719,-0.07002154,0.12428278,-0.982368,0.13966742
1356336662430,-0.06368768,0.10719025,0.9921967,-0.99405634,-0.094775915,-0.053568155,0.08829439,-0.98971105,0.11258921
1356336662470,-0.029973686,0.09277323,0.99523604,-0.99793386,-0.059387982,-0.024518967,0.056830406,-0.9939146,0.09436163
1356336662510,0.00480783,0.08034471,0.9967556,-0.99937236,-0.034597754,0.0076093078,0.035096914,-0.9961665,0.080127984
1356336662550,0.034742355,0.06727609,0.9971293,-0.9990201,-0.025034666,0.036497355,0.027418226,-0.9974203,0.06634045
1356336662590,0.056574285,0.054007083,0.9969366,-0.9978272,-0.030715466,0.058288813,0.03376931,-0.9980681,0.052151978
1356336662630,0.067542315,0.041474253,0.99685407,-0.9964464,-0.047593713,0.06949487,0.050326258,-0.9980054,0.038112283
1356336662670,0.06474799,0.030230045,0.9974436,-0.99537456,-0.06913322,0.06670895,0.0709731,-0.99714935,0.025614023
1356336662710,0.046484828,0.020393848,0.9987109,-0.9947002,-0.090845406,0.04815331,0.09171024,-0.99565625,0.016062796
1356336662750,0.013316095,0.0128631,0.9998286,-0.9936797,-0.111290395,0.014665961,0.11145997,-0.9937047,0.011299849
1356336662790,-0.029375553,0.010982692,0.9995081,-0.99085313,-0.13207757,-0.027669877,0.13170868,-0.9911785,0.014762074
1356336662834,-0.0691362,0.023256242,0.99733615,-0.9854199,-0.15738273,-0.064640224,0.15546012,-0.98726386,0.03379792
1356336662870,-0.0904578,0.06257737,0.99393237,-0.9786166,-0.19071442,-0.077056676,0.18473518,-0.97964907,0.078490764
1356336662911,-0.073194265,0.14726481,0.9863851,-0.9730768,-0.22728044,-0.038274318,0.21854964,-0.96263003,0.15993568
1356336662950,-0.014285982,0.27480835,0.9613929,-0.96829814,-0.24361163,0.055246294,0.2493886,-0.93012565,0.26957664
1356336663016,0.06987023,0.41550756,0.90690225,-0.9601886,-0.21848398,0.17407653,0.27047366,-0.88295996,0.38370007
1356336663023,0.14311081,0.522794,0.8403604,-0.94858325,-0.16976345,0.2671518,0.28232786,-0.83538413,0.4716187
1356336663055,0.18875659,0.58510005,0.78868806,-0.93882906,-0.12805581,0.31969,0.28804672,-0.80078685,0.52513754
1356336663089,0.21474028,0.61438936,0.7592182,-0.9326102,-0.10185981,0.3462121,0.29004285,-0.7824003,0.5511124
1356336663129,0.2130968,0.6083572,0.7645203,-0.9337387,-0.10353953,0.3426537,0.287614,-0.78688055,0.5459827
1356336663169,0.19924527,0.578289,0.7911278,-0.93853766,-0.119600296,0.32379442,0.28186584,-0.80701774,0.5189162
1356336663209,0.1777314,0.53059894,0.82878,-0.94541067,-0.14170021,0.2934616,0.27314872,-0.8356948,0.4764493
1356336663248,0.15054572,0.46942273,0.87004495,-0.9537177,-0.16276675,0.2528427,0.26030457,-0.8678417,0.42319304
1356336663290,0.11946559,0.39915234,0.90906847,-0.962992,-0.17623317,0.20393217,0.24160805,-0.8997885,0.36332667
1356336663329,0.08697045,0.32512683,0.9416627,-0.97253984,-0.17712212,0.15097693,0.21587592,-0.92893505,0.30079436
1356336663369,0.057968497,0.25532737,0.96511537,-0.9811834,-0.16377407,0.102261126,0.1841709,-0.95288306,0.2410292
1356336663410,0.036652744,0.1961801,0.97988266,-0.9882021,-0.13879436,0.064751625,0.14870518,-0.9706954,0.1887784
1356336663450,0.025769234,0.15101475,0.98819554,-0.9933321,-0.107250094,0.042292923,0.11237094,-0.9826962,0.14724407
1356336663490,0.025405347,0.1190134,0.99256754,-0.9965986,-0.074846804,0.034483016,0.0783945,-0.99006754,0.11670712
1356336663530,0.032844186,0.09585631,0.9948532,-0.99818075,-0.047209978,0.037502825,0.050561845,-0.99427503,0.09413132
1356336663570,0.04461366,0.07679582,0.99604815,-0.9984404,-0.030068219,0.04703906,0.033561766,-0.99659336,0.07533464
1356336663629,0.05818349,0.059812814,0.9965124,-0.99785006,-0.026677966,0.059862763,0.030165523,-0.99785304,0.058131963
1356336663649,0.07150841,0.045214057,0.99641466,-0.996688,-0.035546064,0.07314101,0.038725585,-0.9983448,0.04252243
1356336663689,0.08203858,0.033314288,0.9960722,-0.99512154,-0.052213907,0.08370656,0.05479741,-0.9980801,0.028868228
1356336663725,0.08678907,0.023924202,0.99593943,-0.9935229,-0.07152575,0.08829668,0.07334775,-0.99715185,0.017561555
1356336663755,0.08350271,0.016651303,0.9963684,-0.992427,-0.08900213,0.084659755,0.090088636,-0.9958922,0.009093344
1356336663796,0.076408744,0.013479918,0.9969855,-0.9912722,-0.10670811,0.07741365,0.10742992,-0.99419904,0.0052087605
1356336663838,0.062417448,0.017971843,0.9978883,-0.9899976,-0.12563765,0.06418663,0.12652585,-0.9919135,0.009950072
1356336663870,0.045630097,0.030525565,0.9984919,-0.9881228,-0.14544034,0.04960254,0.14673516,-0.988896,0.02352652
1356336663910,0.044912815,0.071437955,0.9964334,-0.9839388,-0.16933191,0.056489676,0.1727635,-0.98296654,0.0626854
1356336663950,0.06681162,0.14919639,0.9865478,-0.97689545,-0.19139183,0.09510231,0.20300612,-0.97010803,0.13296208
1356336663990,0.119308054,0.26372808,0.95719016,-0.96549445,-0.1939584,0.17378321,0.23148653,-0.9448956,0.23148721
1356336664030,0.19642544,0.39208883,0.8987121,-0.9477895,-0.15891176,0.27648175,0.25122136,-0.9060979,0.34040338
1356336664070,0.27679282,0.49446982,0.8239449,-0.9249088,-0.09547317,0.368006,0.26063254,-0.86393535,0.43091327
1356336664110,0.34383118,0.5522522,0.7594719,-0.90138125,-0.03261906,0.43179595,0.26323354,-0.8330387,0.48657435
1356336664150,0.39327765,0.5692314,0.72201693,-0.8813524,0.009777248,0.47235838,0.26182184,-0.82211936,0.5055385
1356336664190,0.42858964,0.55711585,0.7112896,-0.86591893,0.028593302,0.49936628,0.2578668,-0.82994235,0.49467197
1356336664230,0.4512874,0.52451473,0.7219585,-0.8559992,0.025796056,0.5163334,0.25220066,-0.8510106,0.46062553
1356336664270,0.4641476,0.4792839,0.74488515,-0.8512732,0.009004861,0.5246454,0.2447465,-0.8776137,0.41218117
1356336664311,0.46670496,0.42468026,0.775779,-0.8531023,-0.015163779,0.5215233,0.23324439,-0.9052164,0.35521868
1356336664350,0.46049482,0.36462873,0.8093147,-0.8611067,-0.037843227,0.5070139,0.2154989,-0.9303837,0.2965576
1356336664390,0.44816026,0.30363765,0.84080714,-0.87329125,-0.05234632,0.4843784,0.19108862,-0.9513486,0.24170451
1356336664430,0.433853,0.24635929,0.86664796,-0.8864859,-0.055140704,0.4594587,0.16097951,-0.9676087,0.19447105
1356336664470,0.42292222,0.19746423,0.88438946,-0.89711726,-0.046340197,0.43935546,0.12773973,-0.9792142,0.15755025
