1356336180141,-0.10367495,-0.3203411,0.941612,-0.018586501,0.9471723,0.3201863,-0.9944376,0.015694022,-0.104152024
1356336180161,0.09814644,-0.22071831,-0.97038686,-0.038216904,-0.9752113,0.21795033,-0.99443793,0.015694126,-0.104148686
1356336180188,0.09814423,-0.2206968,-0.970392,-0.0382128,-0.9752162,0.21792918,-0.9944383,0.01569289,-0.10414529
1356336180216,0.098176,-0.22053373,-0.97042584,-0.038196124,-0.9752532,0.21776652,-0.9944358,0.01568707,-0.104169995
1356336180257,0.09843516,-0.21967116,-0.9705953,-0.038139515,-0.9754482,0.21690151,-0.99441236,0.015667297,-0.10439655
1356336180300,0.099221945,-0.21661651,-0.97120154,-0.037938483,-0.9761317,0.21384019,-0.99434185,0.015628263,-0.10507178
1356336180340,0.100812316,-0.20984025,-0.9725245,-0.037466407,-0.9776118,0.20705414,-0.99419975,0.015563391,-0.10641727
1356336180379,0.1029495,-0.19864403,-0.97464967,-0.03654997,-0.9799498,0.19586357,-0.99401486,0.015459359,-0.10814577
1356336180420,0.10502684,-0.18429914,-0.97724265,-0.035188444,-0.9827508,0.18155614,-0.9938466,0.01531937,-0.10970041
1356336180460,0.1062209,-0.16803268,-0.9800419,-0.033410974,-0.98566455,0.16537547,-0.99378103,0.015177809,-0.11031231
1356336180499,0.10622418,-0.15087175,-0.98282963,-0.03137876,-0.98843825,0.1483413,-0.99384695,0.015082546,-0.109730214
1356336180539,0.10497463,-0.1350925,-0.9852565,-0.02944947,-0.9907181,0.13270366,-0.99403876,0.015084766,-0.10797867
1356336180581,0.10291451,-0.12082009,-0.98732525,-0.02778193,-0.9925576,0.11856452,-0.9943022,0.015227791,-0.1055052
1356336180621,0.10052651,-0.10858975,-0.9889907,-0.026562441,-0.99396473,0.10643593,-0.99457973,0.01557038,-0.102804214
1356336180660,0.09837443,-0.098296575,-0.9902829,-0.025859192,-0.9950262,0.09619855,-0.99481344,0.01614444,-0.100427
1356336180702,0.09683412,-0.08972952,-0.9912476,-0.025697786,-0.9958213,0.08763314,-0.9949687,0.016986996,-0.09873533
1356336180741,0.09592295,-0.08269092,-0.9919481,-0.026065992,-0.9964103,0.080542274,-0.99504745,0.01813026,-0.097734034
1356336180780,0.09526265,-0.07743759,-0.99243563,-0.026919251,-0.9968055,0.07519461,-0.99508816,0.019552387,-0.09704289
1356336180820,0.09447247,-0.07416509,-0.9927611,-0.028179277,-0.9970208,0.071801744,-0.9951286,0.021192,-0.09628093
1356336180861,0.09337002,-0.07280144,-0.9929663,-0.029645454,-0.9970842,0.07031575,-0.99519,0.02287155,-0.095256
1356336180900,0.09178311,-0.07596576,-0.9928772,-0.03135621,-0.99681187,0.07336819,-0.9952852,0.024398904,-0.09387249
1356336180941,0.08986986,-0.07667227,-0.9929979,-0.032527212,-0.99672645,0.07401633,-0.99542224,0.025647614,-0.092069596
1356336180980,0.08748919,-0.0790159,-0.9930268,-0.03350936,-0.9965185,0.07634145,-0.9956017,0.026596641,-0.089832366
1356336181020,0.08479482,-0.08223254,-0.9929994,-0.034260303,-0.99623996,0.07957533,-0.99580926,0.027272888,-0.0872933
1356336181060,0.08218503,-0.08521972,-0.99296683,-0.034786172,-0.99597555,0.08259878,-0.99600977,0.027753131,-0.08481875
1356336181100,0.08033222,-0.086595684,-0.9929995,-0.03498178,-0.9958503,0.08401433,-0.9961541,0.027987827,-0.08302814
1356336181141,0.07989931,-0.0851299,-0.9931611,-0.03469391,-0.9959803,0.08258045,-0.996199,0.027858522,-0.08253163
1356336181179,0.08094782,-0.08086024,-0.993433,-0.033836506,-0.99635226,0.07834076,-0.9961438,0.027272783,-0.08338857
1356336181206,0.08229667,-0.076424405,-0.99367326,-0.032807894,-0.99672276,0.073941775,-0.9960677,0.026515171,-0.08453429
1356336181238,0.0833804,-0.07315889,-0.9938287,-0.031689413,-0.9969918,0.070733055,-0.9960138,0.025596099,-0.08544794
1356336181280,0.08320606,-0.073380746,-0.9938269,-0.030401355,-0.9970079,0.07107033,-0.99606854,0.024300208,-0.08518797
1356336181319,0.08120406,-0.07966173,-0.9935089,-0.029029187,-0.996567,0.077534236,-0.99627465,0.022544665,-0.0832378
1356336181358,0.07735747,-0.0926867,-0.99268574,-0.02732962,-0.99549234,0.090819016,-0.9966287,0.020104196,-0.07954186
1356336181399,0.072283685,-0.111878246,-0.99108946,-0.024915263,-0.9935813,0.11034237,-0.9970728,0.0167173,-0.07460719
1356336181438,0.06684679,-0.13542728,-0.9885297,-0.021463644,-0.9907117,0.13427478,-0.99753237,0.012241609,-0.069132656
1356336181478,0.061811507,-0.16107136,-0.9850053,-0.016843855,-0.9869202,0.1603275,-0.9979457,0.0066811964,-0.063716084
1356336181519,0.057728708,-0.18645291,-0.9807664,-0.011010051,-0.9824639,0.18612756,-0.9982716,5.337596E-5,-0.058769226
1356336181558,0.054960072,-0.20928532,-0.9763089,-0.0040169284,-0.9778252,0.20938423,-0.9984805,-0.007585995,-0.05458203
1356336181598,0.053663135,-0.22745055,-0.9723099,0.004270375,-0.97365177,0.22800013,-0.99855,-0.016387321,-0.051277906
1356336181639,0.053772092,-0.23978601,-0.9693355,0.013708547,-0.97047114,0.2408274,-0.99845916,-0.02623798,-0.048897147
1356336181679,0.054966867,-0.2460359,-0.96770096,0.023837365,-0.96856654,0.24760999,-0.99820364,-0.036677793,-0.04737422
1356336181719,0.056725085,-0.24685094,-0.96739185,0.033943035,-0.967915,0.24897476,-0.99781275,-0.046959326,-0.046526194
1356336181759,0.05853671,-0.24328086,-0.968188,0.043364145,-0.9683159,0.2459348,-0.997343,-0.056380853,-0.046132356
1356336181798,0.060073197,-0.23622864,-0.96983874,0.05180656,-0.9695462,0.23936635,-0.9968487,-0.064623505,-0.046005547
1356336181838,0.061173737,-0.22645749,-0.9720982,0.05943288,-0.97136766,0.2300274,-0.9963562,-0.07184624,-0.04596317
1356336181879,0.061733007,-0.21468908,-0.97472954,0.066583656,-0.9735308,0.21864204,-0.9958693,-0.07839848,-0.045804203
1356336181919,0.06171757,-0.20155257,-0.9775314,0.07353134,-0.97581875,0.20584193,-0.9953814,-0.084583245,-0.045404732
1356336181958,0.061172366,-0.18753551,-0.98035115,0.080464646,-0.9780672,0.19211948,-0.9948786,-0.090636015,-0.044740707
1356336181999,0.060085177,-0.17306462,-0.98307604,0.087561674,-0.9801451,0.17790037,-0.99434537,-0.09676897,-0.043738365
1356336182039,0.05838126,-0.15847462,-0.9856356,0.094889425,-0.9819684,0.16350552,-0.9937745,-0.103072055,-0.042290986
1356336182078,0.05615771,-0.14346433,-0.9880609,0.10220016,-0.98359835,0.14862506,-0.9931775,-0.10932643,-0.04057455
1356336182119,0.053845644,-0.1268765,-0.9904559,0.10902,-0.9852186,0.13213243,-0.9925801,-0.11509427,-0.03921765
1356336182184,0.051932275,-0.10748701,-0.99284923,0.115091905,-0.9869221,0.11286536,-0.9919964,-0.12013027,-0.038882226
1356336182200,0.050220072,-0.085904695,-0.9950368,0.120587625,-0.9884837,0.091425076,-0.99143153,-0.1245805,-0.03928268
1356336182240,0.047558725,-0.065318555,-0.9967305,0.12490052,-0.989639,0.070813425,-0.99102885,-0.12785996,-0.038907647
1356336182280,0.04308307,-0.049024828,-0.99786794,0.12558508,-0.9906072,0.054090265,-0.9911469,-0.12764771,-0.036521614
1356336182320,0.037623823,-0.03746561,-0.99858946,0.11950327,-0.9919569,0.04171929,-0.9921207,-0.12090434,-0.032843947
1356336182360,0.033207595,-0.029417925,-0.99901545,0.10480154,-0.99395365,0.032752514,-0.99393857,-0.105785996,-0.029923767
1356336182400,0.031640112,-0.024771428,-0.99919236,0.081907645,-0.9962662,0.027292546,-0.9961376,-0.082705036,-0.029493004
1356336182440,0.033674896,-0.025908517,-0.99909693,0.052777752,-0.998223,0.027664743,-0.99803835,-0.053661697,-0.032247663
1356336182480,0.039097726,-0.03691923,-0.99855316,0.019734455,-0.9990938,0.03771191,-0.9990405,-0.02118035,-0.038333714
1356336182539,0.047235906,-0.0618123,-0.9969694,-0.015243944,-0.9980119,0.061154686,-0.99876744,0.012309052,-0.04808426
1356336182559,0.05759543,-0.10237239,-0.9930774,-0.050731782,-0.9937436,0.09949878,-0.99705017,0.044649914,-0.062428623
1356336182599,0.07060325,-0.15619552,-0.9851995,-0.08577878,-0.9849564,0.15000974,-0.9938094,0.073918045,-0.08293939
1356336182636,0.08828515,-0.21533936,-0.9725403,-0.11929628,-0.97161114,0.20430416,-0.98892576,0.09798342,-0.11146802
1356336182679,0.11780381,-0.2604047,-0.9582858,-0.14868434,-0.95875245,0.24225348,-0.98184276,0.113943696,-0.1516628
1356336182719,0.1670894,-0.27429095,-0.94701934,-0.1685665,-0.9543275,0.24666628,-0.97142494,0.11842042,-0.20569429
1356336182759,0.24294049,-0.23895252,-0.9401497,-0.16773775,-0.96493393,0.2019073,-0.95542866,0.108647145,-0.27450287
1356336182799,0.33569938,-0.16060454,-0.92817676,-0.13656789,-0.9832452,0.1207398,-0.93201673,0.086226866,-0.35200822
1356336182839,0.42110556,-0.07040099,-0.9042753,-0.08307923,-0.9957859,0.038836837,-0.9031987,0.05877208,-0.42517984
1356336182879,0.480191,-0.0045316042,-0.87715226,-0.034379236,-0.9993155,-0.013657947,-0.87648994,0.03671425,-0.4800181
1356336182919,0.50906336,0.017935485,-0.8605422,-0.014048852,-0.99947655,-0.029141922,-0.8606144,0.026924714,-0.5085449
1356336182959,0.50929385,-0.008785761,-0.86054784,-0.030430414,-0.9995064,-0.0078050243,-0.86005455,0.03016188,-0.50930977
1356336182999,0.4800408,-0.084763214,-0.87314147,-0.07917637,-0.995445,0.05310622,-0.87366575,0.04363902,-0.48456547
1356336183039,0.4181527,-0.20422241,-0.88512236,-0.14542815,-0.9768822,0.15669027,-0.8966599,0.06320126,-0.4381856
1356336183079,0.32519537,-0.34865165,-0.87902784,-0.20431368,-0.9335011,0.29467195,-0.92331135,0.08377146,-0.37480456
1356336183119,0.21833599,-0.48324978,-0.84782016,-0.22997521,-0.86979127,0.43654847,-0.9483886,0.09966338,-0.3010422
1356336183186,0.12279117,-0.5802559,-0.80512446,-0.21581553,-0.8074616,0.5490259,-0.9686826,0.10634287,-0.22437741
1356336183201,0.05452341,-0.6327344,-0.77244693,-0.17474511,-0.76770556,0.61651623,-0.98310286,0.10136679,-0.15242513
1356336183240,0.014488757,-0.6473338,-0.7620689,-0.12557119,-0.7572929,0.64088947,-0.9919788,0.0864082,-0.09225871
1356336183280,-0.0034300685,-0.6326883,-0.774399,-0.07839689,-0.77184993,0.63095295,-0.99691635,0.062874705,-0.046953306
1356336183320,-0.0062431097,-0.591985,-0.8059248,-0.036995083,-0.805252,0.59177744,-0.99929595,0.03350982,-0.016873203
1356336183360,-9.2327595E-5,-0.5275613,-0.849517,-5.3170323E-4,-0.84951687,0.5275613,-0.9999999,5.00381E-4,-2.0211935E-4
1356336183400,0.009836376,-0.4429497,-0.89649254,0.03394626,-0.8958713,0.44301522,-0.9993753,-0.034790248,0.0062243044
1356336183440,0.018697321,-0.34679288,-0.93775535,0.06882332,-0.9352481,0.34723788,-0.9974536,-0.07103185,0.0063809156
1356336183480,0.022715926,-0.25260815,-0.967302,0.10240251,-0.9618747,0.25359565,-0.99448365,-0.104814805,0.00401783
1356336183520,0.021519184,-0.17166258,-0.9849208,0.12867425,-0.97647995,0.17300278,-0.99145347,-0.13045684,0.0010754466
1356336183560,0.018157542,-0.10850965,-0.99392956,0.14193892,-0.9837456,0.109990835,-0.98970884,-0.14307445,-0.0024606586
1356336183600,0.016438842,-0.0643887,-0.9977895,0.14062881,-0.98785573,0.06606457,-0.98992586,-0.14140399,-0.007184297
1356336183640,0.018639565,-0.041816227,-0.9989515,0.12720215,-0.99090695,0.043852963,-0.99170166,-0.12788618,-0.01315096
1356336183680,0.02489239,-0.045379646,-0.9986596,0.1054128,-0.9932809,0.047762726,-0.9941169,-0.10646044,-0.019941539
1356336183720,0.03387326,-0.07980829,-0.99623454,0.078129895,-0.9935445,0.082249306,-0.9963676,-0.08062176,-0.02741918
1356336183761,0.044614136,-0.14427836,-0.9885309,0.046451893,-0.98814625,0.14631869,-0.99792373,-0.052447017,-0.03738329
1356336183800,0.059070647,-0.22700238,-0.9721011,0.010361142,-0.9736097,0.22798426,-0.99820006,-0.02353926,-0.055159748
1356336183840,0.08420664,-0.3023057,-0.94948435,-0.031053975,-0.95320195,0.30073524,-0.9959643,0.004161373,-0.08965373
1356336183880,0.13142169,-0.34070718,-0.9309388,-0.07698114,-0.9397556,0.33306646,-0.98833305,0.027892545,-0.14973229
1356336183920,0.21039242,-0.32123214,-0.9233336,-0.11761981,-0.9459306,0.3022927,-0.97051567,0.045002252,-0.2367999
1356336183960,0.31185448,-0.25161317,-0.91620827,-0.13526292,-0.9662332,0.2193111,-0.94045246,0.055535868,-0.33535808
1356336184000,0.4066617,-0.17010272,-0.8976031,-0.12810951,-0.9834228,0.12832583,-0.9045519,0.06280631,-0.42171216
1356336184040,0.46645933,-0.12804216,-0.8752262,-0.122938156,-0.9892488,0.07920227,-0.87595767,0.07065404,-0.4771856
1356336184080,0.48369682,-0.14549598,-0.8630575,-0.1416732,-0.9860973,0.08683814,-0.86369324,0.0802688,-0.497585
1356336184120,0.4617781,-0.21086758,-0.86156595,-0.18058753,-0.973337,0.141433,-0.8684176,0.09027741,-0.48754576
1356336184181,0.41071218,-0.29521716,-0.8626485,-0.21905726,-0.95036757,0.22094207,-0.885059,0.09822582,-0.454997
1356336184200,0.345155,-0.3720899,-0.86163634,-0.23872742,-0.9226658,0.3028153,-0.9076769,0.10117798,-0.40729076
1356336184240,0.28004915,-0.4256624,-0.8604557,-0.23225628,-0.899736,0.3695026,-0.9314663,0.09636733,-0.35083306
1356336184280,0.22532451,-0.45084983,-0.8636917,-0.20294823,-0.8887625,0.4109906,-0.95291185,0.08267842,-0.29175913
1356336184320,0.18267393,-0.45137566,-0.87343585,-0.15877199,-0.89026713,0.42686754,-0.97026885,0.060699597,-0.23429441
1356336184360,0.14972955,-0.43173975,-0.88948405,-0.107329085,-0.9014067,0.41945976,-0.9828843,0.03266199,-0.18130544
1356336184400,0.12286115,-0.39649564,-0.9097782,-0.05385667,-0.91803634,0.39282158,-0.9909615,7.351339E-4,-0.13414493
1356336184440,0.09986544,-0.34691522,-0.93256456,-0.0023922622,-0.93733096,0.34843212,-0.99499804,-0.032565355,-0.094436884
1356336184480,0.08038306,-0.28401417,-0.9554447,0.044894755,-0.95654213,0.28811744,-0.9957526,-0.06605422,-0.06413904
1356336184520,0.06440419,-0.20894551,-0.97580415,0.08730367,-0.97290534,0.21408693,-0.99409765,-0.0989794,-0.04441747
1356336184560,0.050789416,-0.1271667,-0.9905802,0.124292746,-0.9833442,0.13261057,-0.99094486,-0.12985714,-0.034137577
1356336184600,0.0376029,-0.04634722,-0.99821746,0.15233745,-0.9869825,0.051564142,-0.98761296,-0.15400484,-0.03005299
1356336184640,0.025497913,0.026932426,-0.999312,0.16684258,-0.9857311,-0.02230934,-0.9856538,-0.16615894,-0.029627562
1356336184680,0.01679188,0.08963996,-0.9958327,0.16572767,-0.98244596,-0.08564042,-0.98602855,-0.16359895,-0.031352937
1356336184720,0.013192177,0.13867176,-0.9902505,0.15100148,-0.9792553,-0.13512036,-0.98844546,-0.14774677,-0.03385815
1356336184760,0.014718711,0.16979645,-0.9853692,0.12737177,-0.977766,-0.16658369,-0.9917458,-0.12305632,-0.03601873
1356336184800,0.020215452,0.17918807,-0.98360705,0.098941945,-0.9793374,-0.17637675,-0.9948878,-0.093754455,-0.037526965
1356336184840,0.028458178,0.16294602,-0.9862245,0.0692703,-0.98457366,-0.16067442,-0.99719197,-0.06374356,-0.03930649
1356336184880,0.040366292,0.12477319,-0.99136376,0.039065838,-0.99161094,-0.12321362,-0.99842095,-0.033754785,-0.044902027
1356336184920,0.06103635,0.07428819,-0.99536717,0.008651018,-0.9972284,-0.07389662,-0.998098,-0.004100565,-0.061509848
1356336184961,0.10044283,0.03686297,-0.99425966,-0.01962867,-0.9990455,-0.039023347,-0.9947491,0.023435611,-0.09962338
1356336185000,0.17037553,0.045541722,-0.98432624,-0.03584558,-0.99798375,-0.05237807,-0.984727,0.04420769,-0.16839954
1356336185049,0.28865832,0.1554967,-0.94472075,-0.0028040558,-0.9865818,-0.16324364,-0.9574281,0.049770687,-0.28434902
1356336185089,0.39382577,0.27232015,-0.8779197,0.06737952,-0.96108973,-0.26789275,-0.91671216,0.046349257,-0.3968507
1356336185129,0.46171704,0.35985765,-0.81075263,0.13983813,-0.93211126,-0.33408672,-0.8759353,0.040879413,-0.48069346
1356336185186,0.49539462,0.3994844,-0.7713601,0.18010743,-0.91592026,-0.3586802,-0.84979147,0.038760558,-0.5256921
1356336185210,0.5053358,0.39372545,-0.7678646,0.17913419,-0.91832113,-0.35298342,-0.8441248,0.0408244,-0.53459024
1356336185250,0.49663138,0.34967655,-0.7944077,0.1439335,-0.9357634,-0.3219161,-0.85594416,0.04553175,-0.51505965
1356336185290,0.46886837,0.27291006,-0.84004915,0.08658805,-0.9606901,-0.26377457,-0.87901366,0.050937355,-0.47406796
1356336185330,0.4203657,0.17128888,-0.8910403,0.022593044,-0.9836912,-0.17844088,-0.9070735,0.054879118,-0.41737998
1356336185370,0.35394734,0.060625944,-0.93329835,-0.03034101,-0.9966273,-0.07624635,-0.9347731,0.055304408,-0.35091412
1356336185410,0.277811,-0.041111946,-0.9597556,-0.05986905,-0.9978826,0.02541545,-0.9587683,0.05039897,-0.2796841
1356336185450,0.20422429,-0.11455223,-0.9721986,-0.061836466,-0.99265593,0.10397303,-0.9769691,0.038883507,-0.20980796
1356336185490,0.14177531,-0.15218677,-0.9781303,-0.04146421,-0.98815715,0.14773679,-0.98903006,0.019611977,-0.14640659
1356336185530,0.09357494,-0.1537948,-0.98366195,-0.0069158077,-0.98807365,0.15382665,-0.99558824,-0.007591501,-0.09352255
1356336185570,0.057943285,-0.12554145,-0.9903949,0.03387917,-0.99124295,0.12763105,-0.99774486,-0.04094911,-0.05318263
1356336185610,0.03111595,-0.0777478,-0.99648744,0.07456299,-0.9940116,0.07988291,-0.99673074,-0.076786704,-0.025132507
1356336185650,0.009904504,-0.020512559,-0.9997405,0.10837003,-0.99387884,0.021465912,-0.99406123,-0.10855451,-0.0076209307
1356336185690,-0.006437123,0.038162258,-0.99925077,0.1289917,-0.9908912,-0.03867396,-0.9916247,-0.12914401,0.0014559333
1356336185730,-0.016510189,0.0926991,-0.9955573,0.13359942,-0.98656005,-0.09407695,-0.9908979,-0.13455911,0.0039037457
1356336185770,-0.01940918,0.137253,-0.99034584,0.12419282,-0.98253,-0.13860376,-0.9920683,-0.12568404,0.0020242631
1356336185810,-0.015806377,0.16468824,-0.986219,0.104844645,-0.9806317,-0.1654356,-0.994363,-0.10601471,-0.0017663855
1356336185850,-0.007865131,0.16530517,-0.9862111,0.08099884,-0.9828955,-0.1653954,-0.9966832,-0.08118281,-0.0056589246
1356336185890,0.002482891,0.1330353,-0.9911082,0.05519357,-0.98961866,-0.1326971,-0.9984726,-0.054373324,-0.009799808
1356336185930,0.015017033,0.061579026,-0.99798924,0.028404234,-0.99772525,-0.061135333,-0.99948376,-0.027429048,-0.016731977
1356336185970,0.03223294,-0.042954266,-0.998557,-2.7815066E-4,-0.9990764,0.042967632,-0.99948037,-0.0011072252,-0.03221512
1356336186010,0.061938584,-0.15406498,-0.9861174,-0.03317844,-0.98778623,0.15224174,-0.9975284,0.023288198,-0.06629372
1356336186050,0.1154865,-0.23323373,-0.9655387,-0.07096599,-0.9714959,0.22618464,-0.99077076,0.04239913,-0.12874633
1356336186090,0.20534635,-0.23628268,-0.94973856,-0.10205249,-0.9702982,0.21933252,-0.97335404,0.051884063,-0.22336042
1356336186130,0.32787037,-0.14952064,-0.93281543,-0.097359054,-0.9874864,0.12406361,-0.9396926,0.05014124,-0.33832473
1356336186184,0.4464507,-0.021812785,-0.89454234,-0.047363404,-0.99887747,7.1866065E-4,-0.89355385,0.042047724,-0.44698268
1356336186211,0.52738404,0.06581117,-0.8470744,0.004791137,-0.99721,-0.07449262,-0.84961355,0.035227768,-0.52622795
1356336186250,0.5687956,0.06705402,-0.819741,0.010410279,-0.99717826,-0.07434481,-0.8224131,0.03375327,-0.5678886
1356336186290,0.5745929,-0.024107795,-0.81808424,-0.04439125,-0.9990127,-0.0017393101,-0.81723464,0.037315175,-0.57509583
1356336186330,0.53675413,-0.19160335,-0.82169527,-0.14256726,-0.98046684,0.13549688,-0.83160657,0.04441834,-0.553586
1356336186370,0.4527986,-0.38670945,-0.8033861,-0.2396502,-0.9206759,0.30809692,-0.8588022,0.053025812,-0.5095557
1356336186410,0.34232122,-0.5550654,-0.75810194,-0.2941263,-0.8296028,0.47460395,-0.89235973,0.06051071,-0.44724998
1356336186450,0.23934591,-0.6660426,-0.7064706,-0.2936322,-0.7432016,0.60119164,-0.9254694,0.06354979,-0.37345386
1356336186490,0.1614675,-0.72705346,-0.6673241,-0.2542686,-0.68401676,0.68371665,-0.95355946,0.059281558,-0.29531336
1356336186534,0.110224664,-0.75413275,-0.6474058,-0.19474965,-0.6551355,0.72997946,-0.97463995,0.045620322,-0.21907918
1356336186569,0.08022505,-0.758955,-0.64618206,-0.13071758,-0.6506836,0.74801326,-0.9881685,0.024457961,-0.15140988
1356336186609,0.06510258,-0.74919367,-0.65914375,-0.06887242,-0.6623434,0.74602807,-0.99549896,-0.0031715333,-0.09471904
1356336186649,0.06040269,-0.7264916,-0.6845156,-0.013414264,-0.68629664,0.7271981,-0.99808395,-0.034742475,-0.051199555
1356336186689,0.063233554,-0.69060206,-0.72046536,0.034352124,-0.7199762,0.69314814,-0.9974074,-0.06857976,-0.021803059
1356336186729,0.070124924,-0.642,-0.763491,0.07517815,-0.7597972,0.64579904,-0.9947013,-0.10268444,-0.005016297
1356336186769,0.07622546,-0.58546245,-0.80710804,0.1084207,-0.79979664,0.59039843,-0.9911784,-0.13251062,0.0025113858
1356336186809,0.078363836,-0.52885425,-0.8450872,0.13038209,-0.83497614,0.534617,-0.9883621,-0.15207887,0.003521204
1356336186846,0.07670903,-0.4795156,-0.8741741,0.13801645,-0.8632102,0.4856125,-0.9874549,-0.15790124,-3.492646E-5
1356336186889,0.073425055,-0.44383076,-0.89309734,0.13205984,-0.8833018,0.44981995,-0.98851854,-0.15097037,-0.0062442143
1356336186929,0.070210755,-0.42837498,-0.9008692,0.1173816,-0.8932757,0.43391252,-0.99060184,-0.13621081,-0.012434214
1356336186969,0.06713134,-0.43829423,-0.89632106,0.0978999,-0.891119,0.44308287,-0.99292946,-0.11749448,-0.016912997
1356336187009,0.063284576,-0.47459748,-0.877925,0.07491693,-0.874947,0.47838798,-0.9951796,-0.096046,-0.019815207
1356336187049,0.05799693,-0.5308157,-0.84550047,0.04756479,-0.8444949,0.53344715,-0.99718297,-0.07115434,-0.02372992
1356336187089,0.05276227,-0.5930283,-0.80345106,0.013120621,-0.8040907,0.594362,-0.998521,-0.041901678,-0.034644805
1356336187129,0.053306222,-0.64447856,-0.762762,-0.032960057,-0.76456743,0.64370054,-0.9980342,-0.009172559,-0.061998308
1356336187184,0.08563012,-0.65593374,-0.74994564,-0.10710403,-0.75440884,0.64760804,-0.9905535,0.024867445,-0.1348533
1356336187220,0.1529308,-0.6322296,-0.759538,-0.18653375,-0.7732305,0.6060691,-0.97047275,0.048992813,-0.23618291
1356336187260,0.26446187,-0.5562295,-0.7878253,-0.24184263,-0.82905793,0.50415784,-0.9335802,0.05719924,-0.35377422
1356336187300,0.38812923,-0.44801584,-0.80538034,-0.24899516,-0.8923665,0.37640852,-0.8873315,0.054440662,-0.45790732
1356336187340,0.47896844,-0.35450846,-0.80306476,-0.22757941,-0.933696,0.27644068,-0.8478189,0.050354637,-0.5278897
1356336187380,0.5217923,-0.30466372,-0.7968142,-0.21047132,-0.951154,0.22584917,-0.82670105,0.049860165,-0.5604278
1356336187420,0.52190626,-0.29909605,-0.7988463,-0.20955758,-0.9527677,0.21981657,-0.8268612,0.052680664,-0.55993325
1356336187461,0.49019024,-0.3218537,-0.81001467,-0.21768725,-0.9450824,0.24378584,-0.84399396,0.056828395,-0.5333336
1356336187500,0.4349349,-0.3595949,-0.8255441,-0.22457781,-0.93114823,0.2872765,-0.87200713,0.06045232,-0.4857459
1356336187540,0.36502242,-0.4009451,-0.84023905,-0.2209619,-0.914036,0.3401677,-0.90439725,0.06149198,-0.42223722
1356336187580,0.289405,-0.43860683,-0.8508048,-0.20178017,-0.89682233,0.39369336,-0.9356973,0.05773872,-0.34804702
1356336187620,0.21766245,-0.4671865,-0.85694796,-0.16666906,-0.8828941,0.43899822,-0.96168834,0.04727328,-0.27003843
1356336187660,0.15779173,-0.48361957,-0.8609378,-0.12032725,-0.8747798,0.4693417,-0.9801138,0.029536054,-0.19622564
1356336187700,0.11242789,-0.48870006,-0.8651776,-0.069200665,-0.8724347,0.4838068,-0.99124736,0.005477488,-0.13190436
1356336187740,0.08045846,-0.4844321,-0.87112105,-0.019509807,-0.8745524,0.48453832,-0.996567,-0.021989837,-0.07981631
1356336187780,0.05961281,-0.47266722,-0.8792224,0.023422882,-0.8798839,0.47461098,-0.99794674,-0.04888682,-0.04138106
1356336187820,0.048158646,-0.454492,-0.889448,0.057082683,-0.8877735,0.4567271,-0.9972072,-0.07276742,-0.016810294
1356336187860,0.04357946,-0.43132117,-0.9011453,0.08227226,-0.89738905,0.43350202,-0.99565655,-0.09303105,-0.0036219098
1356336187900,0.042459548,-0.40627545,-0.91276366,0.10065663,-0.90719974,0.40848124,-0.9940148,-0.10921967,0.0023749769
1356336187940,0.041534543,-0.38315824,-0.9227484,0.11147705,-0.9160018,0.3853746,-0.99289864,-0.118871644,0.004667638
1356336187980,0.039376855,-0.36506194,-0.9301501,0.1126983,-0.9233099,0.36714828,-0.9928487,-0.11928348,0.0047848243
1356336188020,0.036141634,-0.354171,-0.934482,0.10403791,-0.92867833,0.35599515,-0.9939164,-0.11008781,0.0032833219
1356336188060,0.032486856,-0.35247988,-0.93525535,0.08883339,-0.93102765,0.3539722,-0.9955166,-0.09458135,0.0010657609
1356336188100,0.028779566,-0.36157304,-0.93189955,0.07056905,-0.9292246,0.3627145,-0.99709165,-0.076202035,-0.0012268722
1356336188140,0.025463223,-0.38194594,-0.92383385,0.050780416,-0.92244625,0.3827719,-0.9983852,-0.056659266,-0.0040930808
1356336188187,0.023695827,-0.4113148,-0.9111853,0.028205737,-0.9108034,0.4118759,-0.9993213,-0.035460398,-0.009980854
1356336188220,0.026768506,-0.44476616,-0.8952466,-1.0550022E-4,-0.8955688,0.44492304,-0.99964166,-0.011815473,-0.024019957
1356336188260,0.04182768,-0.47293988,-0.8801013,-0.038425595,-0.880982,0.4715869,-0.99838567,0.014093012,-0.05502242
1356336188300,0.08002114,-0.4842452,-0.87126523,-0.08901045,-0.87404776,0.4776166,-0.992811,0.039332286,-0.113045186
1356336188340,0.1537208,-0.46546412,-0.87161523,-0.14598207,-0.8831179,0.44586098,-0.97727126,0.058702096,-0.20370302
1356336188380,0.26471794,-0.40728784,-0.8740944,-0.18935652,-0.91073793,0.36701572,-0.94555193,0.06835982,-0.31821126
1356336188420,0.3894446,-0.31699646,-0.864781,-0.19781375,-0.94578475,0.25760615,-0.8995569,0.07074225,-0.431037
1356336188460,0.49061346,-0.22310652,-0.8423313,-0.17651124,-0.9720717,0.15466213,-0.8533125,0.0728016,-0.5162923
1356336188500,0.5487638,-0.15377147,-0.82171327,-0.1510926,-0.9849932,0.08342292,-0.82221,0.0783753,-0.56376237
1356336188540,0.5646869,-0.120969854,-0.8163915,-0.13987939,-0.9889164,0.049781278,-0.8133649,0.0860855,-0.5753493
1356336188581,0.5449982,-0.12412865,-0.8291978,-0.1465837,-0.9878549,0.051535636,-0.82552415,0.09346005,-0.55657434
1356336188620,0.49753335,-0.15466002,-0.8535461,-0.16356182,-0.98305345,0.08278592,-0.851885,0.0984188,-0.51439834
1356336188660,0.428576,-0.20395567,-0.88018453,-0.18005313,-0.9739276,0.13800697,-0.88538325,0.099333495,-0.45412484
1356336188701,0.34696347,-0.2614023,-0.9007137,-0.18467811,-0.96061283,0.20764628,-0.9195163,0.094296426,-0.38157284
1356336188739,0.26435983,-0.31612986,-0.91113985,-0.17033722,-0.94520277,0.27852643,-0.9492624,0.08156982,-0.30372232
1356336188779,0.19243228,-0.35899824,-0.9132854,-0.1371912,-0.93138146,0.33720487,-0.971673,0.060405627,-0.22847927
1356336188819,0.13738734,-0.38570914,-0.9123339,-0.0915772,-0.92206925,0.37603444,-0.986275,0.031886622,-0.1620028
1356336188859,0.09872329,-0.39643094,-0.91274107,-0.041821092,-0.91806424,0.39421952,-0.99423575,-7.468313E-4,-0.1072135
1356336188899,0.07292408,-0.39290154,-0.9166845,0.0058347136,-0.9189479,0.3943358,-0.9973204,-0.034105167,-0.06472096
1356336188939,0.056611896,-0.37632757,-0.92475545,0.048541054,-0.924108,0.3790357,-0.9972155,-0.06634654,-0.03404817
1356336188979,0.04652518,-0.3483652,-0.93620354,0.0856639,-0.9323744,0.35119742,-0.9952372,-0.09653838,-0.013536572
1356336189020,0.03910905,-0.3122848,-0.94918317,0.11578161,-0.9420954,0.3147234,-0.9925044,-0.12220647,-6.875694E-4
1356336189060,0.03186637,-0.27232143,-0.9616785,0.13549137,-0.9521086,0.27410114,-0.99026597,-0.13903373,0.0065568984
1356336189100,0.024561822,-0.23263337,-0.9722542,0.141964,-0.96187985,0.23373747,-0.989567,-0.14376613,0.0094000995
1356336189140,0.018332005,-0.19774516,-0.980082,0.13597439,-0.9706464,0.19838473,-0.9905427,-0.13690287,0.009094387
1356336189187,0.014072537,-0.17358232,-0.98471886,0.12099374,-0.97728413,0.17400086,-0.99255353,-0.121593446,0.0072494447
1356336189220,0.011752665,-0.167298,-0.9858363,0.10147987,-0.98061454,0.16762164,-0.9947682,-0.102012545,0.005452484
1356336189260,0.010901153,-0.18476951,-0.98272145,0.08007145,-0.9794626,0.185045,-0.9967295,-0.080705136,0.0041174293
1356336189300,0.011948466,-0.22746503,-0.9737129,0.056928106,-0.9720483,0.22777472,-0.99830675,-0.058153197,0.0013346677
1356336189340,0.017682672,-0.28820094,-0.95740664,0.029419094,-0.9569918,0.2886194,-0.99941075,-0.03326957,-0.008443503
1356336189381,0.03486526,-0.35067523,-0.9358479,-0.0072437674,-0.9364813,0.3506427,-0.9993658,-0.005446166,-0.03519088
1356336189420,0.07496524,-0.3910155,-0.9173261,-0.05699101,-0.920091,0.38753667,-0.99555624,0.023227572,-0.09125921
1356336189460,0.15421027,-0.3808422,-0.91168994,-0.11417599,-0.92341477,0.36642742,-0.9814189,0.047586218,-0.18588307
1356336189500,0.27529103,-0.3059416,-0.9113806,-0.1516392,-0.9499621,0.273089,-0.94932634,0.06302207,-0.30790877
1356336189540,0.40713978,-0.18779008,-0.8938524,-0.1440397,-0.9795908,0.14019443,-0.9019367,0.071671516,-0.4258796
1356336189581,0.5036508,-0.08702392,-0.85951304,-0.11344952,-0.99295986,0.034056865,-0.85642576,0.08035858,-0.5099778
1356336189620,0.5482292,-0.049446233,-0.83486515,-0.103543855,-0.99458337,-0.009088136,-0.82989365,0.091427535,-0.5503795
1356336189660,0.5456515,-0.08271337,-0.8339202,-0.13048424,-0.9913658,0.012951225,-0.82779115,0.10174659,-0.5517331
1356336189700,0.50258124,-0.1692861,-0.84779376,-0.180502,-0.97957623,0.08859669,-0.8454768,0.10850145,-0.52287316
1356336189740,0.42642313,-0.28262332,-0.8592365,-0.22826605,-0.95281035,0.20011775,-0.87524736,0.110799685,-0.47081366
1356336189780,0.3348418,-0.39093837,-0.8573496,-0.25022766,-0.91409534,0.31908602,-0.9084422,0.10768922,-0.4039009
1356336189820,0.24680626,-0.47621274,-0.84398353,-0.23884773,-0.8739507,0.4232753,-0.93916905,0.097116545,-0.32943884
1356336189860,0.17603964,-0.533039,-0.8275745,-0.19991553,-0.8425432,0.50015473,-0.9638692,0.07739794,-0.25488377
1356336189900,0.12711847,-0.5646,-0.8155168,-0.14484863,-0.8239394,0.5478529,-0.9812541,0.04848428,-0.18651944
1356336189940,0.09824449,-0.576262,-0.81133854,-0.083999425,-0.81717503,0.57023597,-0.9916109,0.012129426,-0.12868863
1356336189980,0.085267246,-0.57230747,-0.815594,-0.02487111,-0.81954265,0.57247806,-0.9960477,-0.028528899,-0.084114015
1356336190020,0.08364469,-0.55586886,-0.827051,0.027944744,-0.82832456,0.5595511,-0.9961037,-0.069915205,-0.05375129
1356336190060,0.088186085,-0.53077704,-0.842911,0.07229175,-0.8405661,0.5368637,-0.99347734,-0.10827944,-0.035755422
1356336190100,0.09322226,-0.50305647,-0.85921115,0.106201604,-0.8530216,0.5109552,-0.989965,-0.138882,-0.026095148
1356336190140,0.0946089,-0.4796972,-0.8723186,0.12582615,-0.86345965,0.48847228,-0.9875307,-0.15597428,-0.021332469
1356336190188,0.09110534,-0.46625292,-0.8799477,0.12836231,-0.87075293,0.4746709,-0.98753375,-0.15619718,-0.019480946
1356336190220,0.08374071,-0.46607864,-0.8807713,0.115302876,-0.87340695,0.47314423,-0.98979425,-0.1411769,-0.019399464
1356336190260,0.07395774,-0.481057,-0.87356424,0.09228955,-0.8689026,0.48630333,-0.9929818,-0.116586745,-0.019865543
1356336190300,0.06258416,-0.5117255,-0.85686654,0.06599222,-0.8545488,0.5151614,-0.9958555,-0.08878747,-0.019711252
1356336190340,0.04928261,-0.5561527,-0.8296176,0.03998211,-0.82886267,0.55802166,-0.9979843,-0.06067063,-0.018612415
1356336190380,0.03480172,-0.6096419,-0.79191256,0.014877617,-0.7919887,0.6103544,-0.99928343,-0.03302315,-0.018492498
1356336190420,0.022277772,-0.662735,-0.7485226,-0.01264143,-0.74883527,0.6626356,-0.9996719,-0.005299628,-0.025060311
1356336190460,0.019394457,-0.70534563,-0.70859814,-0.04952869,-0.7085391,0.7039312,-0.9985844,0.021443576,-0.048676565
1356336190500,0.03890997,-0.7289258,-0.6834859,-0.102870315,-0.6832917,0.7228624,-0.9939334,0.042183876,-0.101571634
1356336190540,0.09718293,-0.7262101,-0.6805691,-0.17263806,-0.68574023,0.70707595,-0.98017937,0.048776448,-0.19201371
1356336190579,0.19461942,-0.69581455,-0.69135046,-0.24025343,-0.7171735,0.6541716,-0.95100033,0.038784802,-0.30674773
1356336190618,0.3064509,-0.6462099,-0.69892824,-0.283832,-0.7628881,0.5808969,-0.9085853,0.02036184,-0.41720277
1356336190659,0.39394483,-0.59963924,-0.696592,-0.3020411,-0.8002455,0.51805234,-0.8680891,0.0063153505,-0.4963683
1356336190698,0.4381531,-0.57305956,-0.69254935,-0.30828294,-0.81951165,0.4830759,-0.8443835,0.0018399358,-0.535736
1356336190739,0.44084093,-0.56835854,-0.6947142,-0.3102269,-0.82276213,0.47625804,-0.8422699,0.0055649877,-0.53902733
1356336190779,0.4133714,-0.57657003,-0.7047632,-0.3070367,-0.8169179,0.48823518,-0.85723543,0.014565691,-0.51471865
1356336190819,0.36568123,-0.59013826,-0.7197319,-0.29600585,-0.8068799,0.51119995,-0.8824159,0.026108623,-0.46974522
1356336190859,0.30676788,-0.603785,-0.73575616,-0.27432507,-0.7963131,0.5391022,-0.9113941,0.03645712,-0.40991664
1356336190898,0.24542427,-0.6144306,-0.749828,-0.24084856,-0.787879,0.56677914,-0.93902016,0.041493624,-0.34134933
1356336190939,0.18869305,-0.6211252,-0.7606566,-0.19619265,-0.782799,0.5905372,-0.9622388,0.03780496,-0.26956892
1356336190998,0.14282578,-0.6231201,-0.7689747,-0.14380078,-0.7817604,0.6067718,-0.9792457,0.023916483,-0.20126069
1356336191019,0.11108774,-0.6202189,-0.7765231,-0.08891109,-0.78442836,0.61381346,-0.98982537,8.543134E-4,-0.14228469
1356336191059,0.09422839,-0.61186427,-0.78532994,-0.035379708,-0.7903996,0.61156905,-0.9949217,-0.029842407,-0.09612566
1356336191096,0.090001404,-0.597191,-0.79703367,0.013534546,-0.7994742,0.6005479,-0.9958496,-0.064837605,-0.06387105
1356336191140,0.09366304,-0.57615894,-0.81195325,0.056284845,-0.8111698,0.5820958,-0.9940117,-0.10022153,-0.0435476
1356336191193,0.09993118,-0.549601,-0.82942903,0.0919292,-0.8249363,0.55769986,-0.9907385,-0.13198036,-0.031912416
1356336191230,0.09906447,-0.5193647,-0.84879124,0.11447972,-0.841375,0.528188,-0.9884739,-0.14949408,-0.023893688
1356336191270,0.09030944,-0.49292868,-0.8653702,0.120951965,-0.85706025,0.50081766,-0.9885418,-0.14989677,-0.017779946
1356336191310,0.07613957,-0.47113454,-0.87876904,0.11341126,-0.8715159,0.47707224,-0.99062645,-0.13598639,-0.012924943
1356336191350,0.059323728,-0.45521188,-0.88840467,0.096283376,-0.8832134,0.45898122,-0.9935846,-0.112767085,-0.008566231
1356336191390,0.042456806,-0.4466951,-0.89367825,0.075037435,-0.8905328,0.44868773,-0.99627644,-0.08610918,-0.0042903163
1356336191430,0.027351081,-0.44746876,-0.89388126,0.052418947,-0.89234346,0.44830287,-0.99825054,-0.05911787,-9.5072016E-4
1356336191470,0.016424477,-0.4574458,-0.8890858,0.027551904,-0.888661,0.45773625,-0.99948543,-0.032014087,-0.001992289
1356336191510,0.015041292,-0.47266185,-0.88111544,-0.0026276857,-0.8812308,0.47267887,-0.9998834,-0.004794389,-0.014496803
1356336191549,0.034299016,-0.48171845,-0.8756546,-0.04304108,-0.87606925,0.48026067,-0.9984844,0.021216646,-0.050782047
1356336191589,0.08866435,-0.46939635,-0.8785247,-0.09370607,-0.88201755,0.46180534,-0.99164397,0.04137741,-0.12218881
1356336191629,0.1903395,-0.41552794,-0.88944215,-0.13993196,-0.908238,0.3943637,-0.9716943,0.049398407,-0.23101923
1356336191669,0.32757413,-0.31175888,-0.89190894,-0.1504488,-0.94916004,0.2765147,-0.9327702,0.043607548,-0.35782403
1356336191709,0.45512563,-0.1857506,-0.8708372,-0.11415392,-0.9821008,0.149823,-0.88307965,0.031221196,-0.4681834
1356336191749,0.53624356,-0.08491328,-0.8397813,-0.063207895,-0.9961731,0.060365126,-0.8416933,0.020710401,-0.5395586
1356336191789,0.56838083,-0.035468847,-0.82200074,-0.032505155,-0.9992584,0.020641387,-0.8221233,0.014987096,-0.5691122
1356336191829,0.56263256,-0.038936317,-0.8257896,-0.03321054,-0.9991485,0.024483027,-0.8260397,0.013649968,-0.56344664
1356336191869,0.5274514,-0.08583794,-0.8452378,-0.05868553,-0.9961876,0.06454626,-0.84755594,0.015558222,-0.53047794
1356336191909,0.46863317,-0.1615025,-0.8685044,-0.0939192,-0.9866829,0.13280082,-0.87838614,0.019334376,-0.47756052
1356336191949,0.39142722,-0.25170285,-0.8851161,-0.122765996,-0.9675496,0.22085355,-0.91198313,0.02221407,-0.4096258
1356336191989,0.3079874,-0.33595863,-0.89009863,-0.13094822,-0.9416415,0.31010294,-0.94233555,0.021049067,-0.3340069
1356336192029,0.23070192,-0.40088058,-0.8866067,-0.11552237,-0.9160263,0.3841229,-0.9661424,0.013805017,-0.2576397
1356336192069,0.16739798,-0.4410056,-0.88175505,-0.08241607,-0.8975043,0.43323612,-0.9824385,1.4792383E-4,-0.18658635
1356336192108,0.120022416,-0.45691624,-0.8813752,-0.040845364,-0.8893139,0.4554696,-0.9919306,-0.018666461,-0.12540051
1356336192148,0.087553084,-0.45082465,-0.8883082,0.0019313097,-0.89165413,0.45271307,-0.99615794,-0.04135202,-0.07719639
1356336192196,0.07111776,-0.4198543,-0.90480083,0.04588777,-0.9047602,0.42344224,-0.99641186,-0.07163358,-0.045078337
1356336192229,0.059512734,-0.3681765,-0.9278493,0.083256274,-0.9244275,0.3721588,-0.99474955,-0.09939745,-0.024362208
1356336192269,0.054804325,-0.31063068,-0.94894946,0.11560717,-0.9420122,0.31503645,-0.99178195,-0.12697071,-0.015715212
1356336192309,0.05155152,-0.2501885,-0.96682376,0.13922535,-0.9568566,0.2550328,-0.988918,-0.1477537,-0.014494836
1356336192349,0.0477919,-0.19600236,-0.97943807,0.14898711,-0.96819067,0.20102142,-0.98768353,-0.15553086,-0.017069846
1356336192389,0.044032097,-0.15488368,-0.986951,0.14377052,-0.9766434,0.15968032,-0.988631,-0.1489255,-0.02073595
1356336192430,0.04129702,-0.13269863,-0.9902957,0.12667814,-0.98244745,0.13692963,-0.9910838,-0.1311036,-0.023762137
1356336192470,0.039608717,-0.1351685,-0.9900306,0.10284293,-0.98499477,0.13859545,-0.9939087,-0.107307225,-0.025113255
1356336192510,0.03780502,-0.1659974,-0.9854013,0.076062635,-0.9827674,0.16847184,-0.99638605,-0.0813213,-0.024527341
1356336192550,0.035425186,-0.22414312,-0.97391224,0.04756867,-0.9730411,0.22567293,-0.99823964,-0.05432222,-0.023807973
1356336192590,0.035152078,-0.30008852,-0.9532635,0.015846327,-0.9535657,0.300768,-0.9992564,-0.025678337,-0.028764516
1356336192630,0.0444448,-0.37383062,-0.9264315,-0.023282528,-0.92748356,0.3731382,-0.9987405,0.0049856156,-0.04992554
1356336192670,0.07655549,-0.4201634,-0.9042134,-0.07387525,-0.90677243,0.41509783,-0.9943247,0.035020962,-0.100458086
1356336192710,0.14818013,-0.41441923,-0.89794177,-0.13026713,-0.90823317,0.39767203,-0.9803434,0.05804521,-0.18856731
1356336192750,0.26809108,-0.3385404,-0.90195215,-0.16522285,-0.9385096,0.30315208,-0.9491199,0.06775072,-0.30754066
1356336192790,0.40788752,-0.210644,-0.8884013,-0.14818114,-0.9753953,0.16323699,-0.90092736,0.06506199,-0.42906505
1356336192830,0.51428175,-0.096313894,-0.8521959,-0.09979452,-0.99364436,0.052076347,-0.8517954,0.05826257,-0.52062476
1356336192870,0.56780094,-0.043680348,-0.8220061,-0.06862548,-0.9976267,0.005609529,-0.82030034,0.053225473,-0.569451
1356336192910,0.57563746,-0.057552427,-0.81567717,-0.07524946,-0.99701566,0.017242437,-0.8142352,0.051453874,-0.57825035
1356336192950,0.54550946,-0.12200811,-0.8291763,-0.11171571,-0.9911039,0.07233772,-0.83062565,0.053171113,-0.55428684
1356336192990,0.48379385,-0.21436629,-0.8485226,-0.1574201,-0.9750402,0.15657435,-0.86090785,0.05782481,-0.50546396
1356336193030,0.3990115,-0.31384698,-0.8615625,-0.19156656,-0.9473983,0.25639558,-0.8967118,0.06274177,-0.4381454
1356336193070,0.30574077,-0.4016087,-0.8632688,-0.19917554,-0.91360295,0.3544838,-0.9310487,0.06356186,-0.3593163
1356336193110,0.2203837,-0.46576136,-0.85702825,-0.17789245,-0.8830873,0.43417865,-0.95905435,0.056772947,-0.27747348
1356336193150,0.15224141,-0.5049903,-0.8495925,-0.13573863,-0.86215025,0.48813105,-0.97897786,0.041008756,-0.19980165
1356336193190,0.103387356,-0.5225834,-0.84629637,-0.08361064,-0.8524106,0.5161447,-0.99112076,0.017396554,-0.13182202
1356336193227,0.071121514,-0.52309585,-0.8493012,-0.03231907,-0.8522188,0.5221864,-0.99694395,-0.009690046,-0.07751706
1356336193269,0.052663326,-0.51098394,-0.8579755,0.01433669,-0.8586923,0.5122909,-0.9985094,-0.039279476,-0.03789577
1356336193308,0.044809103,-0.48806864,-0.8716543,0.054965094,-0.8700045,0.48997045,-0.9974823,-0.0698657,-0.012157381
1356336193349,0.04347694,-0.4578975,-0.88794124,0.089333266,-0.8834396,0.45995015,-0.99505246,-0.099319935,0.002496183
1356336193389,0.043890476,-0.42532924,-0.9039738,0.11561653,-0.8966035,0.42747495,-0.99232376,-0.12327638,0.009822784
1356336193429,0.04298407,-0.3952024,-0.9175879,0.13051642,-0.90834475,0.39733535,-0.9905139,-0.13683937,0.012535991
1356336193469,0.039972544,-0.3709377,-0.9277971,0.13203771,-0.91843563,0.37288356,-0.99043846,-0.13740933,0.012265504
1356336193509,0.035655916,-0.3548271,-0.9342518,0.12177964,-0.92633677,0.35646874,-0.99191654,-0.12648308,0.010181278
1356336193549,0.031194806,-0.34852767,-0.93677926,0.10333966,-0.9310881,0.34985146,-0.99415684,-0.10772001,0.0069715073
1356336193589,0.027661443,-0.35325098,-0.93511957,0.081333056,-0.9315804,0.35431993,-0.996303,-0.08585711,0.0029622316
1356336193630,0.025708973,-0.36854047,-0.92925614,0.05784197,-0.92745763,0.36942747,-0.9979947,-0.06324759,-0.0025268793
