1356335958109,-0.101420745,0.0010667443,-0.994843,0.66405475,0.744685,-0.06689954,0.7407733,-0.66741526,-0.07623488
1356335958138,0.11914307,0.018831193,0.9926985,-0.66110915,-0.744445,0.0934678,0.74076957,-0.6674181,-0.07624593
1356335958176,0.11905342,0.018531859,0.9927149,-0.6611858,-0.74441177,0.09319067,0.7407156,-0.66746366,-0.07637179
1356335958217,0.1186322,0.017434388,0.9927852,-0.6614964,-0.7442696,0.09211522,0.7405058,-0.66765165,-0.07676151
1356335958260,0.11739266,0.014931828,0.9929733,-0.66227496,-0.7438984,0.089482784,0.7400074,-0.668126,-0.077439286
1356335958299,0.11462891,0.010544568,0.9933524,-0.66365194,-0.7432567,0.08447257,0.73920655,-0.66892326,-0.078200795
1356335958339,0.11000329,0.00415498,0.99392253,-0.66571236,-0.74224776,0.07678118,0.73805577,-0.6701127,-0.07888367
1356335958379,0.10309464,-0.0043801367,0.99466187,-0.6683848,-0.7408805,0.06601408,0.73663646,-0.6716225,-0.07930836
1356335958419,0.09433699,-0.014309764,0.99543744,-0.6713522,-0.7392412,0.052996755,0.73511,-0.6732887,-0.07934468
1356335958459,0.08432943,-0.025095016,0.9961219,-0.6741835,-0.73756015,0.038493723,0.7337338,-0.67481506,-0.07911673
1356335958501,0.07409495,-0.036089092,0.99659795,-0.67658913,-0.73598075,0.023651391,0.7326234,-0.6760398,-0.0789499
1356335958539,0.064267755,-0.047059745,0.9968225,-0.6786567,-0.73439956,0.009083986,0.73163843,-0.677084,-0.07913566
1356335958579,0.055592716,-0.057159036,0.9968161,-0.6806735,-0.7325757,-0.004045695,0.73047453,-0.6782814,-0.07963252
1356335958621,0.048635542,-0.06582236,0.9966454,-0.6829841,-0.73028123,-0.014901519,0.7288123,-0.6799682,-0.080473244
1356335958659,0.043445945,-0.073283136,0.9963644,-0.68562245,-0.7275741,-0.023617238,0.7266597,-0.68210375,-0.0818547
1356335958699,0.0398404,-0.07993743,0.9960034,-0.6883309,-0.7247497,-0.030633688,0.72430193,-0.68435943,-0.08389765
1356335958739,0.03751445,-0.08608556,0.99558127,-0.69087917,-0.7220533,-0.03640127,0.7219963,-0.68646073,-0.08656216
1356335958782,0.036203325,-0.09184271,0.9951152,-0.69314057,-0.71962404,-0.041199476,0.7198927,-0.6882632,-0.08971268
1356335958819,0.03559345,-0.09740871,0.9946078,-0.6950183,-0.7175571,-0.045403033,0.71811056,-0.6896546,-0.09324117
1356335958859,0.03555596,-0.10237035,0.9941107,-0.69630265,-0.7160849,-0.048835754,0.71686697,-0.69046557,-0.09674184
1356335958902,0.036053777,-0.10576141,0.9937377,-0.6968337,-0.71542716,-0.05085957,0.7163259,-0.6906363,-0.099491954
1356335958949,0.037294686,-0.10589066,0.9936782,-0.6967436,-0.71556824,-0.050103903,0.7163501,-0.69047034,-0.100465536
1356335958980,0.039093554,-0.10228777,0.9939864,-0.69653577,-0.71602744,-0.046289146,0.71645635,-0.69053745,-0.09923914
1356335959020,0.041164577,-0.0949412,0.9946314,-0.6965525,-0.71641463,-0.039556324,0.716324,-0.6911847,-0.09562245
1356335959060,0.042877972,-0.08473569,0.9954805,-0.69675696,-0.7166375,-0.03098932,0.7160246,-0.6922792,-0.0897681
1356335959100,0.04373026,-0.072280765,0.99642515,-0.69678694,-0.7169579,-0.021428257,0.7159438,-0.693359,-0.081717014
1356335959153,0.043545365,-0.057445526,0.9973985,-0.69621205,-0.7177527,-0.010943353,0.7165141,-0.69392437,-0.07124902
1356335959180,0.04218936,-0.04026693,0.99829787,-0.6947781,-0.71922415,3.5190582E-4,0.7179857,-0.6936103,-0.058320224
1356335959220,0.039975643,-0.02039802,0.9989925,-0.69253933,-0.72126323,0.012985438,0.72027165,-0.69236064,-0.042959392
1356335959260,0.03736943,0.0019986331,0.9992995,-0.68995523,-0.72333896,0.027247995,0.7228868,-0.6904901,-0.025651738
1356335959301,0.03521055,0.026978284,0.9990157,-0.6874199,-0.7249379,0.043805182,0.72540617,-0.6882857,-0.0069800913
1356335959340,0.0337646,0.052940547,0.9980267,-0.68488955,-0.7260313,0.061683208,0.72786415,-0.6856208,0.011744268
1356335959380,0.032981753,0.077545404,0.99644315,-0.681619,-0.7274117,0.07917005,0.7309636,-0.68180573,0.02886504
1356335959420,0.032567143,0.0986028,0.99459374,-0.67669904,-0.730164,0.09454548,0.7355391,-0.67611974,0.042945117
1356335959460,0.03216374,0.11458781,0.99289227,-0.66989756,-0.73477554,0.1064997,0.74175656,-0.6685616,0.053128958
1356335959500,0.031435072,0.124507844,0.9917206,-0.6617411,-0.7410135,0.11400783,0.7490732,-0.65984607,0.059098087
1356335959540,0.030173242,0.12805471,0.99130803,-0.6529616,-0.7483702,0.11654732,0.75678974,-0.65080273,0.061034024
1356335959580,0.028197348,0.12533054,0.9917143,-0.6440258,-0.7564752,0.11391312,0.764484,-0.6419016,0.05938545
1356335959620,0.02529025,0.11668879,0.9928464,-0.63526386,-0.76497376,0.1060887,0.7718809,-0.63340247,0.05478189
1356335959659,0.021227896,0.10285702,0.9944696,-0.6269245,-0.7734634,0.09338087,0.7787908,-0.62543964,0.048064597
1356335959700,0.015925944,0.085306704,0.99622744,-0.6192746,-0.78140825,0.07681167,0.7850129,-0.6181617,0.040383607
1356335959740,0.009489,0.06617835,0.9977627,-0.6126878,-0.7881862,0.058104694,0.79026806,-0.61186844,0.033067547
1356335959780,0.0021490455,0.04765877,0.9988614,-0.60753524,-0.7933268,0.03915918,0.79428977,-0.6069277,0.027249478
1356335959820,-0.0058994293,0.031066537,0.9994999,-0.6039427,-0.7967457,0.021199793,0.7970059,-0.6035156,0.023462802
1356335959860,-0.014637768,0.016105562,0.99976313,-0.6015656,-0.7988131,0.0040607452,0.79868925,-0.6013637,0.02138134
1356335959900,-0.024235249,7.7307224E-4,0.9997059,-0.59955,-0.80021626,-0.013915747,0.79997027,-0.59971094,0.019856982
1356335959940,-0.034909368,-0.017738283,0.99923307,-0.59676313,-0.8016503,-0.03507942,0.80165774,-0.59753007,0.01739955
1356335959980,-0.04658264,-0.040970743,0.9980739,-0.59257257,-0.80323213,-0.060629368,0.804169,-0.59425545,0.013138533
1356335960020,-0.058582067,-0.06723347,0.99601597,-0.5878662,-0.8040638,-0.088852406,0.8068343,-0.5907293,0.0075794384
1356335960060,-0.06958681,-0.091315806,0.99338764,-0.58520085,-0.8027234,-0.11478259,0.80789703,-0.5893187,0.002420932
1356335960100,-0.07805282,-0.1074335,0.99114364,-0.58745116,-0.79829043,-0.13279141,0.80548674,-0.5926133,-8.031279E-4
1356335960153,-0.082951725,-0.11418435,0.98999035,-0.5956166,-0.7907766,-0.14111423,0.7989743,-0.6013604,-0.0024138242
1356335960199,-0.08382994,-0.115239054,0.98979414,-0.60783637,-0.78118384,-0.14243144,0.7896249,-0.6135729,-0.00455983
1356335960219,-0.080039084,-0.11443406,0.99020123,-0.62117606,-0.77118504,-0.13933352,0.77957296,-0.62624145,-0.009358704
1356335960259,-0.0704025,-0.11265087,0.9911374,-0.63388574,-0.7621399,-0.13164964,0.77021575,-0.6375363,-0.017751217
1356335960296,-0.053361535,-0.10877317,0.99263334,-0.6454429,-0.7547321,-0.11740127,0.76194227,-0.64695287,-0.029933274
1356335960339,-0.028425992,-0.1054191,0.99402153,-0.6557109,-0.7486061,-0.09814337,0.7544768,-0.6545806,-0.047844574
1356335960379,0.0055048466,-0.10749853,0.99419004,-0.6643588,-0.74346685,-0.076710075,0.74739355,-0.6600766,-0.07551025
1356335960419,0.047725976,-0.12677309,0.990783,-0.67078173,-0.7390378,-0.062250108,0.74011767,-0.6616281,-0.120308414
1356335960459,0.099419475,-0.17072335,0.9802905,-0.67470896,-0.7356661,-0.05969268,0.7313574,-0.65547615,-0.1883281
1356335960499,0.16101098,-0.23465344,0.9586518,-0.6769539,-0.7330835,-0.06574187,0.7181983,-0.6383779,-0.27688408
1356335960539,0.23049062,-0.29587585,0.9270014,-0.6779377,-0.73222715,-0.06514558,0.69805056,-0.6134337,-0.36935687
1356335960579,0.30333355,-0.32540667,0.89559996,-0.6740011,-0.73766065,-0.039741546,0.673581,-0.5915804,-0.44308165
1356335960619,0.37389782,-0.30828705,0.874734,-0.65905404,-0.75191,0.016707659,0.65257055,-0.5827439,-0.48431534
1356335960659,0.43554392,-0.24743353,0.86549306,-0.6313791,-0.7692822,0.09780224,0.64160883,-0.5890514,-0.49128056
1356335960699,0.48148635,-0.1566405,0.86234254,-0.5963807,-0.7795522,0.19138534,0.6422624,-0.60643387,-0.46876115
1356335960739,0.5068468,-0.05381325,0.8603549,-0.5635979,-0.77587926,0.28349376,0.6522758,-0.6285821,-0.4235809
1356335960779,0.51066625,0.044820502,0.85861,-0.54100573,-0.7594048,0.36141002,0.66823107,-0.64907277,-0.36355424
1356335960819,0.49522403,0.1291984,0.85910475,-0.53149784,-0.73717153,0.41723886,0.68721414,-0.663239,-0.29639637
1356335960859,0.4642694,0.19423902,0.86413264,-0.53365475,-0.7173215,0.44795367,0.70687103,-0.6691196,-0.22937384
1356335960899,0.42171276,0.23779348,0.87499285,-0.54382515,-0.7058371,0.45392534,0.7255429,-0.66726923,-0.16834241
1356335960939,0.3708136,0.2599736,0.89157784,-0.5576647,-0.7053442,0.4376068,0.7426355,-0.659472,-0.116573125
1356335960979,0.31397855,0.26148057,0.91271317,-0.5713286,-0.715755,0.40159488,0.75828826,-0.6475513,-0.07534039
1356335961018,0.25323993,0.24256098,0.9365008,-0.5819748,-0.735094,0.34776735,0.7727709,-0.63308847,-0.044990778
1356335961059,0.19109291,0.20461546,0.9600084,-0.5872989,-0.7598173,0.27885067,0.78648806,-0.6170983,-0.025025278
1356335961098,0.12915605,0.14948851,0.9802917,-0.5872786,-0.78502274,0.19708672,0.7990135,-0.60115933,-0.013599068
1356335961152,0.06916535,0.08249271,0.99418867,-0.58444893,-0.80429196,0.10739595,0.8084773,-0.5884806,-0.0074163675
1356335961181,0.012379289,0.012670815,0.99984306,-0.5836451,-0.8118199,0.017514259,0.8119145,-0.5837703,-0.0026544407
1356335961220,-0.040346324,-0.050258398,0.9979209,-0.5890531,-0.8055253,-0.06438443,0.80708647,-0.5904261,0.002895169
1356335961260,-0.08836442,-0.10165076,0.99088794,-0.6011061,-0.7877835,-0.13442004,0.794269,-0.60750675,0.00850907
1356335961300,-0.1309542,-0.14362252,0.98093003,-0.61587834,-0.76357764,-0.19401869,0.77688164,-0.62954104,0.011539593
1356335961340,-0.1674943,-0.18058741,0.9691923,-0.62871814,-0.73766357,-0.24610128,0.75938076,-0.6505694,0.01001592
1356335961381,-0.19805294,-0.21474478,0.95637846,-0.63741195,-0.7130109,-0.29209846,0.74463487,-0.66745806,0.0043329448
1356335961420,-0.22285569,-0.24551745,0.9434281,-0.64273906,-0.6906216,-0.33155435,0.7329542,-0.6802668,-0.0038946867
1356335961460,-0.24118453,-0.272543,0.9314238,-0.6470489,-0.6701453,-0.36363858,0.7232964,-0.69038075,-0.014719933
1356335961500,-0.25029886,-0.29910088,0.920809,-0.6531819,-0.64985573,-0.38863987,0.71463555,-0.69873184,-0.03270912
1356335961539,-0.24564713,-0.3342179,0.9099208,-0.66338307,-0.626481,-0.4091997,0.70681,-0.70414484,-0.067821234
1356335961579,-0.22305912,-0.3897621,0.89349324,-0.6785373,-0.596,-0.42938453,0.6998798,-0.7020466,-0.13152489
1356335961619,-0.18316513,-0.4697643,0.86358094,-0.69901294,-0.55544204,-0.45040554,0.69125354,-0.6861529,-0.2266337
1356335961658,-0.13527888,-0.5584656,0.8184228,-0.724547,-0.5076575,-0.46617118,0.67581904,-0.6560489,-0.3359593
1356335961699,-0.09319919,-0.63026947,0.7707622,-0.7510987,-0.4636609,-0.46996742,0.6535784,-0.622719,-0.43018174
1356335961739,-0.06495619,-0.6712173,0.73840904,-0.7718489,-0.43521225,-0.46350786,0.6324792,-0.60004795,-0.48980868
1356335961781,-0.05052319,-0.6818794,0.7297177,-0.7824757,-0.4270164,-0.4531983,0.62062794,-0.5938834,-0.51197994
1356335961820,-0.046820074,-0.66768026,0.74297446,-0.7827959,-0.4375148,-0.4425059,0.6205147,-0.6023155,-0.50217295
1356335961860,-0.051344395,-0.6342826,0.7713944,-0.77497435,-0.4618832,-0.43136832,0.62990355,-0.61995924,-0.46783757
1356335961900,-0.063129365,-0.5875364,0.8067315,-0.7612646,-0.49436742,-0.4196155,0.6453611,-0.6406262,-0.41606155
1356335961940,-0.08266133,-0.5346327,0.8410321,-0.7429019,-0.5294646,-0.40959,0.6642769,-0.6586616,-0.3534134
1356335961981,-0.11135721,-0.48399872,0.86795443,-0.7200518,-0.5626542,-0.4061352,0.68492705,-0.6701982,-0.2858486
1356335962020,-0.15140921,-0.44637063,0.88194585,-0.6923936,-0.5888776,-0.41691044,0.7054547,-0.6737778,-0.21990275
1356335962060,-0.20355266,-0.43036085,0.8794065,-0.6579792,-0.60500026,-0.44837272,0.7250033,-0.6698986,-0.16001901
1356335962100,-0.26906854,-0.44357473,0.85489386,-0.6132178,-0.6055608,-0.5072081,0.7426749,-0.66070986,-0.10907048
1356335962149,-0.34356105,-0.4852984,0.80402184,-0.55462945,-0.5860351,-0.59071904,0.75786006,-0.6488823,-0.06782192
1356335962180,-0.41812408,-0.54657686,0.72555226,-0.48171178,-0.54375654,-0.68722826,0.7701468,-0.63685375,-0.035934865
1356335962220,-0.48228973,-0.6119563,0.6268222,-0.40039018,-0.48243773,-0.77906454,0.77915615,-0.62670827,-0.0123464465
1356335962260,-0.5299586,-0.66565716,0.5253993,-0.32280535,-0.41456532,-0.8508421,0.7841815,-0.62051284,0.0048247576
1356335962300,-0.5630363,-0.6995677,0.43999434,-0.26051736,-0.35501665,-0.89782727,0.7842963,-0.62013555,0.01763779
1356335962340,-0.58761615,-0.7149703,0.3788467,-0.21807022,-0.31094795,-0.9250712,0.7792,-0.6262019,0.026804328
1356335962381,-0.6077551,-0.7176001,0.34012341,-0.1944291,-0.28080392,-0.9398652,0.7699553,-0.63733774,0.031137645
1356335962420,-0.62409437,-0.71389776,0.31757885,-0.1858545,-0.2591496,-0.9477867,0.75892323,-0.65053177,0.029052675
1356335962460,-0.6356262,-0.70869184,0.3061619,-0.18842974,-0.24216741,-0.95176107,0.7486478,-0.66265434,0.020389378
1356335962500,-0.6414885,-0.70394444,0.30488488,-0.20026231,-0.22998434,-0.9523666,0.7405319,-0.6719892,0.006558776
1356335962540,-0.6409651,-0.6992297,0.31660944,-0.22235624,-0.22564763,-0.94849396,0.73465735,-0.67835164,-0.01084584
1356335962580,-0.63222593,-0.6935464,0.34537482,-0.25835577,-0.23154175,-0.93789166,0.73044,-0.68218905,-0.032795012
1356335962620,-0.61097383,-0.6876262,0.39227694,-0.31271607,-0.24558675,-0.9175488,0.72726864,-0.6832696,-0.06498468
1356335962660,-0.5728609,-0.6876943,0.44598985,-0.38323343,-0.25625926,-0.8873913,0.724543,-0.67927,-0.116746545
1356335962700,-0.5231433,-0.708369,0.47385067,-0.45528305,-0.2377246,-0.8580235,0.7204432,-0.6646054,-0.19814438
1356335962740,-0.47406197,-0.7510343,0.45957887,-0.520353,-0.18208593,-0.83431256,0.7102802,-0.63465905,-0.304483
1356335962780,-0.43128854,-0.79603034,0.424648,-0.5806839,-0.11531055,-0.8059217,0.6905045,-0.59417105,-0.41250986
1356335962820,-0.38802257,-0.82591164,0.40903357,-0.6377653,-0.079776615,-0.7660881,0.66535246,-0.5581269,-0.49578267
1356335962860,-0.33222038,-0.8359529,0.43682086,-0.6884866,-0.1016199,-0.7180945,0.6446829,-0.5393109,-0.54178214
1356335962900,-0.25016746,-0.81994027,0.5148924,-0.73084503,-0.18888846,-0.65588623,0.63504475,-0.5403879,-0.5519956
1356335962940,-0.12258354,-0.7553935,0.6437033,-0.7610924,-0.34471366,-0.5494641,0.63695496,-0.55727303,-0.53266805
1356335962980,0.06688976,-0.59675545,0.79963034,-0.75920457,-0.5504532,-0.34728912,0.6474057,-0.5838529,-0.48987913
1356335963020,0.2879768,-0.32027224,0.9024937,-0.6913662,-0.7216328,-0.035481155,0.6626327,-0.6137359,-0.4292389
1356335963060,0.45470047,-0.014083654,0.8905331,-0.57606137,-0.76722187,0.2819998,0.6792649,-0.6412271,-0.35696918
1356335963100,0.5363646,0.21894881,0.81509167,-0.4787809,-0.7163925,0.50749433,0.6950409,-0.66245234,-0.2794191
1356335963149,0.5631561,0.3687804,0.73949724,-0.4245524,-0.63863516,0.6417947,0.7089502,-0.67538595,-0.2030847
1356335963180,0.563304,0.46419042,0.6835319,-0.40258163,-0.56823397,0.7176616,0.7215377,-0.67943907,-0.13321394
1356335963220,0.54988945,0.5266464,0.6482786,-0.39865375,-0.516557,0.75778896,0.73395956,-0.6751389,-0.07409966
1356335963260,0.528613,0.56782854,0.63098264,-0.4029295,-0.48640436,0.77527964,0.7471386,-0.6640644,-0.028324783
1356335963300,0.50204176,0.59292257,0.62960064,-0.41051507,-0.47737658,0.77691,0.761204,-0.6485018,0.0037406096
1356335963340,0.47048384,0.60180163,0.6453524,-0.4215071,-0.4892472,0.76352406,0.7752269,-0.6312463,0.023480743
1356335963380,0.42990416,0.58641577,0.6865121,-0.4428999,-0.5256216,0.72633433,0.7867795,-0.61631036,0.033756614
1356335963420,0.37139553,0.5318877,0.7610261,-0.48197988,-0.59011805,0.6476542,0.79357463,-0.6073352,0.037192047
1356335963460,0.2848109,0.42289764,0.8602559,-0.53614396,-0.6736511,0.5086685,0.79462713,-0.6060954,0.034870952
1356335963502,0.1814689,0.27584332,0.94391704,-0.5846431,-0.7415423,0.329101,0.79073477,-0.6115762,0.026703028
1356335963540,0.09979248,0.14600554,0.9842377,-0.6131834,-0.76999414,0.17639492,0.7836119,-0.62112105,0.012688544
1356335963599,0.06640756,0.07185146,0.9952022,-0.62835443,-0.7717742,0.09764907,0.7750876,-0.63182425,-0.006103486
1356335963619,0.0770303,0.04732451,0.9959049,-0.6375786,-0.7656042,0.085695654,0.76652455,-0.6415689,-0.028801613
1356335963659,0.11631364,0.050542027,0.9919257,-0.64077246,-0.75924623,0.113823414,0.7588688,-0.64883786,-0.055924714
1356335963695,0.16747439,0.05622822,0.98427165,-0.63704294,-0.7557799,0.1515685,0.7524152,-0.65240717,-0.09075397
1356335963739,0.2181049,0.038722336,0.9751568,-0.62829465,-0.75902516,0.17066523,0.74677706,-0.6499088,-0.14121807
1356335963780,0.27035856,-0.007132888,0.9627333,-0.6156193,-0.7701074,0.16717497,0.7402156,-0.63787436,-0.21259627
1356335963819,0.32667416,-0.0772275,0.9419766,-0.60128295,-0.7859373,0.14408809,0.729207,-0.6134643,-0.303181
1356335963859,0.3926705,-0.13688141,0.90943575,-0.583166,-0.80169964,0.13113002,0.71114504,-0.5818429,-0.3946284
1356335963899,0.4651334,-0.15229487,0.87204194,-0.55509895,-0.81753445,0.15330541,0.68957675,-0.55537707,-0.4648013
1356335963939,0.53404987,-0.11283609,0.83788943,-0.51273906,-0.83122194,0.21486892,0.67222714,-0.5443694,-0.5017695
1356335963979,0.58840245,-0.031636193,0.807949,-0.4609695,-0.83406705,0.30304992,0.6642963,-0.5507552,-0.5053505
1356335964019,0.62147284,0.06671283,0.78059006,-0.41359225,-0.81827044,0.3992178,0.66536677,-0.570949,-0.480941
1356335964059,0.6336634,0.16317642,0.7562038,-0.3828565,-0.78325474,0.48982945,0.6722288,-0.59990454,-0.43384677
1356335964099,0.62974507,0.24529439,0.7370562,-0.37333488,-0.73649603,0.5640875,0.6812064,-0.63040006,-0.3722278
1356335964148,0.61370486,0.3117613,0.72537655,-0.38228586,-0.6865268,0.6184969,0.69081384,-0.65687585,-0.3021429
1356335964180,0.58796966,0.3632952,0.722709,-0.4043712,-0.64179355,0.65160185,0.70055383,-0.6753648,-0.23044902
1356335964220,0.55412567,0.40136027,0.72928363,-0.43328243,-0.6089922,0.6643755,0.710782,-0.68413335,-0.16355586
1356335964260,0.5132584,0.42674884,0.7446148,-0.46329847,-0.59256417,0.65895534,0.72244054,-0.6831933,-0.10642645
1356335964301,0.46651912,0.4385437,0.7681402,-0.49110112,-0.5938542,0.63730437,0.7356491,-0.67454916,-0.061675042
1356335964340,0.41558135,0.4361119,0.79818445,-0.51452935,-0.6109239,0.60169053,0.7500344,-0.66074073,-0.029496163
1356335964380,0.36124706,0.41697034,0.83404815,-0.5341929,-0.64058524,0.5516236,0.7642895,-0.64481497,-0.008666962
1356335964420,0.3046366,0.38006678,0.8733532,-0.5507278,-0.6778293,0.4870793,0.77710706,-0.62936205,0.0028217435
1356335964460,0.24627638,0.32574666,0.9128182,-0.56572455,-0.71641773,0.4082908,0.78695846,-0.61695606,0.007846086
1356335964500,0.18707216,0.25733137,0.9480425,-0.58068836,-0.7494469,0.31800982,0.7923415,-0.610008,0.009228736
1356335964540,0.12890083,0.18004325,0.97517645,-0.596527,-0.77148426,0.22128649,0.79217434,-0.610243,0.007955637
1356335964583,0.07368475,0.09896392,0.99235916,-0.61313945,-0.7802864,0.12334165,0.78653073,-0.617543,0.0031834766
1356335964621,0.02274412,0.020927548,0.99952227,-0.6276161,-0.77792263,0.030569226,0.7781907,-0.6280116,-0.004558742
1356335964662,-0.021359026,-0.04897502,0.9985716,-0.6396636,-0.7669414,-0.05129683,0.7683582,-0.63984555,-0.014946416
1356335964700,-0.05835265,-0.10815099,0.99242043,-0.6492797,-0.75101995,-0.12002042,0.75830793,-0.65136194,-0.026396215
1356335964742,-0.0867973,-0.15647638,0.98386043,-0.6574509,-0.7329942,-0.17457889,0.74848145,-0.6619929,-0.039253563
1356335964781,-0.1040898,-0.19875833,0.9745052,-0.66586435,-0.7139,-0.21672875,0.73877597,-0.6714475,-0.058036327
1356335964822,-0.106857,-0.24452102,0.963738,-0.6761997,-0.692737,-0.25073767,0.7289277,-0.67847246,-0.09132117
1356335964860,-0.092959344,-0.30826086,0.9467491,-0.68941015,-0.66612786,-0.28458256,0.71838164,-0.679153,-0.1505953
1356335964900,-0.06341797,-0.39634323,0.9159095,-0.70606637,-0.63078094,-0.32184732,0.7053002,-0.6671038,-0.23984176
1356335964940,-0.02566576,-0.49610037,0.86788577,-0.7265995,-0.58700955,-0.3570336,0.6865817,-0.6397689,-0.3454002
1356335964980,0.010042429,-0.5783966,0.8156939,-0.74830204,-0.5454368,-0.37754846,0.6632822,-0.60659385,-0.4382929
1356335965020,0.03843388,-0.6244489,0.7801195,-0.7649901,-0.52066314,-0.37907782,0.6428942,-0.5822143,-0.4977083
1356335965060,0.061305672,-0.6311643,0.77322257,-0.77207625,-0.520947,-0.36402267,0.6325661,-0.57467014,-0.519244
1356335965100,0.08218226,-0.60241884,0.79393804,-0.7691824,-0.54489756,-0.33383384,0.6337228,-0.5832479,-0.50815094
1356335965149,0.10250211,-0.54135525,0.8345225,-0.7583735,-0.58542377,-0.28661585,0.64371026,-0.603501,-0.47055668
1356335965180,0.12011278,-0.4550647,0.8823203,-0.7431945,-0.63046646,-0.2239956,0.65820587,-0.6288308,-0.41392866
1356335965220,0.13038784,-0.35498232,0.92573565,-0.72701627,-0.6690882,-0.15416971,0.6741263,-0.6529231,-0.3453189
1356335965260,0.12797272,-0.25790113,0.95765865,-0.7125957,-0.69550633,-0.09207776,0.68980455,-0.67064,-0.27278507
1356335965300,0.10978061,-0.17916352,0.9776752,-0.70075667,-0.7115243,-0.05170396,0.7049031,-0.6794363,-0.20366158
1356335965340,0.07489139,-0.12893671,0.9888208,-0.69002205,-0.72257113,-0.041958302,0.71990335,-0.67916584,-0.14308351
1356335965380,0.022297919,-0.1148805,0.993129,-0.6781006,-0.731684,-0.06941292,0.7346308,-0.6718936,-0.09421562
1356335965420,-0.045560718,-0.1383067,0.9893409,-0.6611724,-0.7382334,-0.13365069,0.7488493,-0.6602142,-0.057810128
1356335965460,-0.12472165,-0.19679426,0.97247964,-0.6350571,-0.73723125,-0.23063537,0.76233,-0.64634526,-0.03302695
1356335965500,-0.20730668,-0.2799965,0.9373505,-0.5976041,-0.72236025,-0.3479442,0.7745278,-0.6322956,-0.017577022
1356335965541,-0.28293985,-0.36930662,0.885188,-0.55231464,-0.6917906,-0.4651607,0.78415155,-0.62051475,-0.008238405
1356335965580,-0.34471405,-0.445392,0.826316,-0.5083602,-0.65143794,-0.56320363,0.7891401,-0.6142104,-0.0018596947
1356335965620,-0.39143133,-0.4973328,0.77423614,-0.4752593,-0.6112107,-0.6328903,0.7879785,-0.615696,0.0028849542
1356335965660,-0.4252721,-0.5258686,0.73661786,-0.45744503,-0.5773863,-0.67629075,0.7809531,-0.6245698,0.00499025
1356335965700,-0.4482237,-0.538479,0.7135377,-0.45324817,-0.5510997,-0.7006107,0.77049446,-0.6374399,0.0029512942
1356335965740,-0.4608407,-0.5414711,0.7031607,-0.45954522,-0.5322272,-0.71102214,0.75923914,-0.650802,-0.003558576
1356335965780,-0.46243834,-0.5370859,0.7054711,-0.4743998,-0.52231216,-0.70861465,0.7490631,-0.662366,-0.013256192
1356335965820,-0.4520886,-0.5260575,0.7203328,-0.49717346,-0.52187514,-0.69315565,0.7405636,-0.6714982,-0.025607944
1356335965860,-0.42792422,-0.5100765,0.7461253,-0.52779007,-0.5291233,-0.6644293,0.733702,-0.6781229,-0.042788684
1356335965900,-0.38832605,-0.49572778,0.77682495,-0.564922,-0.5379429,-0.62568426,0.72805643,-0.6818149,-0.0711503
1356335965940,-0.33453703,-0.49829316,0.7998679,-0.60485816,-0.537337,-0.5877205,0.72265583,-0.680421,-0.12163749
1356335965980,-0.27082586,-0.53333324,0.8013794,-0.64495736,-0.51748013,-0.562356,0.7146211,-0.6691561,-0.20383021
1356335966020,-0.20332593,-0.5961928,0.7766678,-0.68597704,-0.47926766,-0.5474835,0.6986373,-0.6440938,-0.311527
1356335966060,-0.13805324,-0.66025305,0.7382461,-0.7274231,-0.43826646,-0.5279946,0.6721585,-0.6099085,-0.41977918
1356335966100,-0.076764554,-0.69875,0.7112353,-0.7631724,-0.41786852,-0.4929034,0.6416191,-0.5806326,-0.5011892
1356335966150,-0.017560929,-0.70192826,0.71203107,-0.78615427,-0.4303212,-0.4436046,0.61778075,-0.5675564,-0.54426706
1356335966180,0.042146027,-0.66951925,0.7415981,-0.793286,-0.47366422,-0.38254339,0.6073886,-0.57217675,-0.5510833
1356335966220,0.101837784,-0.6026899,0.7914505,-0.78544873,-0.53695035,-0.3078224,0.61049116,-0.59029585,-0.52806383
1356335966260,0.15659249,-0.50648373,0.84791094,-0.76669365,-0.6035361,-0.21891773,0.62262315,-0.6158071,-0.48282707
1356335966301,0.1991204,-0.39116922,0.89851975,-0.74279606,-0.6583114,-0.1219843,0.63922226,-0.6431273,-0.42164212
1356335966359,0.22186255,-0.2750017,0.93549514,-0.72046256,-0.6927192,-0.032769084,0.65704703,-0.6667189,-0.3518169
1356335966379,0.22201031,-0.17349422,0.95948493,-0.7035373,-0.7098235,0.034437507,0.6750902,-0.6826788,-0.27964777
1356335966419,0.19895482,-0.09808996,0.97508734,-0.6924598,-0.71814495,0.069045514,0.6934814,-0.68894565,-0.21080177
1356335966456,0.1516872,-0.0588938,0.9866724,-0.685341,-0.7255737,0.062052667,0.71224904,-0.6856197,-0.1504226
1356335966499,0.07960391,-0.06345937,0.9948046,-0.67708266,-0.7358715,0.00723812,0.73158896,-0.67414105,-0.10154553
1356335966539,-0.021423578,-0.123074204,0.9921662,-0.66056633,-0.74318236,-0.1064522,0.750462,-0.65767217,-0.06537706
1356335966579,-0.14718956,-0.23847653,0.9599293,-0.6235434,-0.7309909,-0.27721125,0.7678079,-0.63936013,-0.04110627
1356335966619,-0.281981,-0.3891594,0.87695026,-0.55709815,-0.6777487,-0.47989422,0.7811072,-0.6238684,-0.025687814
1356335966659,-0.39403337,-0.5224039,0.75619566,-0.47418702,-0.5892536,-0.6541612,0.7873274,-0.61633945,-0.01553154
1356335966699,-0.4702862,-0.60435,0.6431111,-0.40396345,-0.5004821,-0.76572263,0.78463006,-0.61990225,-0.008765429
1356335966739,-0.52006876,-0.64104575,0.56443673,-0.36094528,-0.43398112,-0.82545674,0.7741105,-0.63302505,-0.005682409
1356335966779,-0.55362713,-0.65154326,0.5186409,-0.3420523,-0.38991982,-0.85496354,0.7592741,-0.65073335,-0.0069916844
1356335966819,-0.5751399,-0.6488223,0.49824065,-0.3414994,-0.3630225,-0.86694455,0.74336547,-0.6687633,-0.012783706
1356335966859,-0.58490264,-0.63913375,0.49939665,-0.35608774,-0.3508547,-0.86608464,0.7287596,-0.6844042,-0.022371829
1356335966899,-0.58137095,-0.62480295,0.52118045,-0.38550174,-0.35256982,-0.85269153,0.7165167,-0.6966461,-0.03588879
1356335966939,-0.56086236,-0.60651165,0.5635397,-0.43108317,-0.36718702,-0.82422143,0.70682436,-0.7052073,-0.055515587
1356335966979,-0.52046454,-0.5898704,0.6173893,-0.4896837,-0.3861375,-0.7817338,0.6995188,-0.7091902,-0.08787906
1356335967019,-0.46304566,-0.5902657,0.6611921,-0.5506728,-0.3929494,-0.7364443,0.6945129,-0.70510787,-0.14308977
1356335967059,-0.40246803,-0.626658,0.66732234,-0.6007795,-0.36921012,-0.7090472,0.6907123,-0.6862824,-0.22788805
1356335967099,-0.35024762,-0.6924837,0.63070834,-0.63969105,-0.31502062,-0.70111156,0.68419445,-0.649021,-0.33264047
1356335967155,-0.30331492,-0.75470406,0.58174026,-0.6758557,-0.25997716,-0.68965995,0.6717284,-0.6023567,-0.43121606
1356335967180,-0.2470915,-0.7862568,0.5663443,-0.7125503,-0.24865106,-0.6560828,0.6566717,-0.5656614,-0.49880797
1356335967220,-0.16609895,-0.77616847,0.6082545,-0.7447841,-0.30552775,-0.59325314,0.6463031,-0.55155706,-0.5273301
1356335967260,-0.048003435,-0.70969886,0.7028679,-0.7629898,-0.42807955,-0.48434946,0.6446256,-0.55953145,-0.5209437
1356335967301,0.106039405,-0.5649285,0.8182979,-0.7522642,-0.5837445,-0.30551744,0.6502724,-0.5831793,-0.4868754
1356335967340,0.26411647,-0.34927964,0.8990252,-0.7042041,-0.7067624,-0.067701995,0.65904415,-0.61521596,-0.43263173
1356335967380,0.38094658,-0.1246216,0.91616,-0.63974094,-0.7509193,0.16386482,0.66754115,-0.6485288,-0.3657857
1356335967420,0.4443383,0.055063546,0.8941653,-0.58900285,-0.7340975,0.3379001,0.67501044,-0.6768078,-0.29375505
1356335967460,0.46820402,0.18147416,0.8647845,-0.56101215,-0.695073,0.44959867,0.6826788,-0.69565845,-0.22362676
1356335967501,0.46690542,0.2665876,0.8431669,-0.5502666,-0.6588081,0.51300937,0.6922471,-0.7034934,-0.16090685
1356335967540,0.44856387,0.32149667,0.83392465,-0.54987395,-0.63629454,0.5410803,0.7045772,-0.70126253,-0.10863611
1356335967580,0.41719985,0.35251305,0.8376627,-0.5548857,-0.6311625,0.5419739,0.7197542,-0.6909185,-0.06771645
1356335967620,0.37254727,0.35764432,0.8563288,-0.56441647,-0.6451468,0.5149948,0.7366428,-0.675186,-0.038487345
1356335967660,0.31294233,0.3314307,0.8900679,-0.57719207,-0.67786735,0.45535168,0.7542655,-0.6562389,-0.020834208
1356335967701,0.23311311,0.26301378,0.93620616,-0.5926446,-0.7248628,0.35120696,0.7709933,-0.63670844,-0.013101308
1356335967740,0.1279853,0.14280124,0.98144156,-0.60764414,-0.770803,0.19139308,0.7838293,-0.6208627,-0.011879053
1356335967780,0.005180061,-0.0154001415,0.99986804,-0.6137613,-0.7894406,-0.00897938,0.7894746,-0.6136338,-0.013541371
1356335967820,-0.107188344,-0.16275154,0.9808275,-0.60814834,-0.76970744,-0.1941804,0.78655344,-0.61730254,-0.016473413
1356335967860,-0.18608147,-0.2613669,0.94713306,-0.60197765,-0.7315285,-0.320139,0.7765286,-0.62972486,-0.02121313
1356335967900,-0.22920579,-0.31120512,0.92228854,-0.6047082,-0.6969598,-0.3854543,0.76275337,-0.6460638,-0.028441072
1356335967940,-0.24194086,-0.32549357,0.91406703,-0.61795413,-0.6746033,-0.40378588,0.7480624,-0.66254383,-0.03792602
1356335967980,-0.22670877,-0.31221104,0.9225656,-0.6397404,-0.6665017,-0.38276297,0.73439443,-0.6769783,-0.048632175
1356335968021,-0.1870777,-0.2799862,0.94159955,-0.6658296,-0.66861296,-0.3311007,0.72226924,-0.6888864,-0.06134051
1356335968060,-0.12675273,-0.23988238,0.9624916,-0.6910453,-0.6747484,-0.25917333,0.71161085,-0.6979763,-0.08024335
1356335968101,-0.056546926,-0.21480064,0.9750196,-0.70988834,-0.67804885,-0.19054726,0.70204055,-0.70292985,-0.11414288
1356335968153,0.012378037,-0.22893403,0.9733633,-0.7211839,-0.6763308,-0.14990118,0.69263303,-0.7001184,-0.17347519
1356335968180,0.07336897,-0.29324067,0.95321923,-0.728704,-0.6683102,-0.14950547,0.6808873,-0.6836456,-0.2627189
1356335968220,0.12777644,-0.3883354,0.91261643,-0.73741215,-0.65253437,-0.1744197,0.6632469,-0.65068775,-0.36974174
1356335968260,0.18272611,-0.46962565,0.8637493,-0.7463252,-0.63815784,-0.18908519,0.6400077,-0.6100871,-0.46710154
1356335968300,0.24421418,-0.5040231,0.8284445,-0.7473314,-0.6422239,-0.17042388,0.61794436,-0.5775026,-0.5335124
1356335968340,0.31340697,-0.48215958,0.8181065,-0.7318517,-0.6716119,-0.11545771,0.60511917,-0.5625474,-0.5633572
1356335968380,0.383777,-0.40995318,0.827438,-0.69762915,-0.71578526,-0.031065106,0.60500324,-0.56532276,-0.5606972
1356335968420,0.44371596,-0.3021525,0.84369427,-0.65111065,-0.7555754,0.07183781,0.61576873,-0.58121395,-0.5319956
1356335968460,0.48280296,-0.18007168,0.8570155,-0.6051017,-0.77603376,0.17783011,0.6330508,-0.6044384,-0.48363307
1356335968500,0.49716276,-0.06390175,0.86530095,-0.57172537,-0.7742885,0.27130693,0.65265554,-0.62959826,-0.42148164
1356335968540,0.48886216,0.03358522,0.87171435,-0.5569055,-0.7571285,0.34148616,0.6714686,-0.6524021,-0.35142767
1356335968580,0.46244648,0.109381765,0.87987435,-0.55922663,-0.7340996,0.38517946,0.68804705,-0.67017406,-0.2783126
1356335968620,0.4210466,0.16119786,0.8926002,-0.57444996,-0.7141769,0.3999484,0.7019452,-0.68115103,-0.20810166
1356335968660,0.36823583,0.19113831,0.90987283,-0.5952336,-0.7033154,0.38864434,0.71421236,-0.68469965,-0.14521396
1356335968700,0.30458194,0.19649707,0.9319972,-0.6165952,-0.705118,0.3501699,0.7259754,-0.6813204,-0.09360707
1356335968740,0.2314809,0.17586122,0.9568121,-0.6336305,-0.71904683,0.28545398,0.738193,-0.6723425,-0.05501455
1356335968780,0.14769822,0.12488946,0.98111564,-0.64523685,-0.7396477,0.19128686,0.7495696,-0.6613047,-0.02866137
1356335968820,0.055487037,0.046327233,0.9973841,-0.6509586,-0.75575566,0.07131842,0.7570826,-0.653213,-0.011777528
1356335968860,-0.038581014,-0.04774043,0.9981144,-0.6514224,-0.7562308,-0.061351,0.75773376,-0.652561,-0.0019230396
1356335968900,-0.12482542,-0.13940683,0.9823362,-0.64820933,-0.738114,-0.18711628,0.7511613,-0.6601164,0.0017705262
1356335968940,-0.19430107,-0.21476546,0.9571431,-0.6444347,-0.7076917,-0.28961402,0.7395614,-0.67308855,-8.97035E-4
1356335968980,-0.24335271,-0.27009112,0.9315741,-0.64285743,-0.6742816,-0.36342633,0.72630143,-0.6873101,-0.009541899
1356335969020,-0.27206033,-0.3081391,0.9116103,-0.6452444,-0.6443956,-0.4103825,0.71389264,-0.69986033,-0.023510486
1356335969060,-0.28131658,-0.3328827,0.9000278,-0.6520991,-0.62176704,-0.4337886,0.7040084,-0.70893925,-0.04215914
1356335969100,-0.27226084,-0.34873417,0.89680463,-0.66276276,-0.60771435,-0.43752572,0.69758123,-0.7134898,-0.065671176
1356335969161,-0.24760187,-0.36371,0.8980024,-0.67509025,-0.60005265,-0.4291734,0.6949434,-0.7124968,-0.09696284
1356335969180,-0.21164954,-0.39110732,0.89567816,-0.6861379,-0.59316844,-0.42114824,0.69600224,-0.70369464,-0.14280969
1356335969220,-0.17008305,-0.44682303,0.8783057,-0.6938405,-0.578607,-0.42871803,0.69975495,-0.6823217,-0.21161264
1356335969261,-0.12798643,-0.5369976,0.8338183,-0.69973594,-0.54691076,-0.4596283,0.70284355,-0.6422788,-0.3057593
1356335969300,-0.085095346,-0.6368937,0.7662409,-0.7093739,-0.5013052,-0.49546114,0.6996767,-0.5857128,-0.40913698
1356335969340,-0.03847909,-0.7090991,0.7040581,-0.72401506,-0.46582657,-0.5087316,0.68871015,-0.5293242,-0.4954738
1356335969380,0.016846597,-0.7326451,0.6804024,-0.7372524,-0.4687814,-0.48652124,0.6754074,-0.49343204,-0.5480417
1356335969420,0.083782345,-0.70542115,0.7038192,-0.7408541,-0.5164503,-0.4294348,0.66642004,-0.48544833,-0.5658836
1356335969460,0.16059875,-0.62746793,0.76190025,-0.7297656,-0.5952252,-0.33637646,0.66456765,-0.501987,-0.55349696
1356335969500,0.23859826,-0.5053348,0.8292814,-0.7048488,-0.6775384,-0.21007106,0.66802615,-0.53439546,-0.5178441
1356335969540,0.30474833,-0.35640457,0.8832351,-0.6735879,-0.7362708,-0.06468889,0.6733556,-0.5752226,-0.4644471
1356335969580,0.34936202,-0.20643082,0.9139653,-0.64658403,-0.75907665,0.07570866,0.67814106,-0.61740506,-0.3986674
1356335969620,0.37034863,-0.07545766,0.9258229,-0.63040495,-0.7524403,0.19084881,0.6822254,-0.6543239,-0.3262341
1356335969660,0.3707831,0.030506253,0.92821836,-0.6246241,-0.73144746,0.27354962,0.6872879,-0.6812151,-0.2521534
1356335969700,0.35383946,0.10982016,0.9288364,-0.6260506,-0.7099955,0.32243916,0.69488007,-0.69559026,-0.18247142
1356335969759,0.32308948,0.1640612,0.93203914,-0.6303046,-0.6973312,0.3412408,0.7059244,-0.69771993,-0.12189183
1356335969779,0.28078347,0.1925597,0.940256,-0.6343922,-0.6979074,0.33237296,0.7202133,-0.68981594,-0.07380247
1356335969819,0.22853512,0.19332977,0.9541463,-0.6359669,-0.7124115,0.29667473,0.7371009,-0.6746061,-0.03985971
1356335969856,0.16669881,0.16372325,0.9723201,-0.6347216,-0.7368123,0.23288696,0.7545463,-0.65597445,-0.018907126
1356335969899,0.097481966,0.106191784,0.9895558,-0.63160896,-0.76180214,0.14397126,0.7691342,-0.63904685,-0.0071903095
1356335969939,0.025353372,0.030876815,0.99920154,-0.6292378,-0.7761853,0.039951324,0.7767992,-0.6297483,-2.5001168E-4
1356335969979,-0.041377127,-0.04437059,0.99815786,-0.6297118,-0.77446693,-0.060530722,0.7757261,-0.63105637,0.004104525
1356335970019,-0.09486407,-0.10491726,0.98994607,-0.63459706,-0.7598092,-0.14133856,0.76699895,-0.6416248,0.0054984093
1356335970059,-0.13102353,-0.14555812,0.98063534,-0.64370763,-0.73979497,-0.1958159,0.75397176,-0.6568989,0.003233686
1356335970099,-0.14871895,-0.16656649,0.9747504,-0.65581495,-0.7211443,-0.22328852,0.74012804,-0.67246306,-0.001989022
1356335970154,-0.14911556,-0.17290968,0.9735845,-0.6711197,-0.70539564,-0.22806868,0.72619754,-0.68740034,-0.010857627
1356335970190,-0.12528229,-0.15893334,0.9793082,-0.6882642,-0.6970107,-0.20116805,0.71456057,-0.69922554,-0.022065088
1356335970230,-0.09115249,-0.14841762,0.98471487,-0.70286715,-0.6909054,-0.16919684,0.7054566,-0.7075465,-0.041340142
1356335970270,-0.0469386,-0.15546852,0.98672503,-0.713907,-0.6856918,-0.14199835,0.69866556,-0.7110951,-0.07880463
1356335970311,0.0061890483,-0.19700193,0.9803836,-0.7213066,-0.6799076,-0.13206965,0.69258827,-0.7063398,-0.14630677
1356335970350,0.06829971,-0.27533215,0.9589199,-0.7277598,-0.6712054,-0.14088628,0.68242276,-0.68824077,-0.24621874
1356335970390,0.1366477,-0.36654246,0.9203119,-0.7362535,-0.6591357,-0.15320227,0.6627656,-0.65664816,-0.35993755
1356335970430,0.20489398,-0.4335378,0.87753254,-0.74387956,-0.6516609,-0.14826028,0.63613015,-0.62240094,-0.45602137
1356335970470,0.26750594,-0.4549217,0.8494038,-0.7431394,-0.65853226,-0.11865544,0.61333877,-0.5994844,-0.5142315
1356335970511,0.32120505,-0.42978692,0.84386647,-0.72993815,-0.6800697,-0.06852418,0.6033387,-0.59396,-0.5321597
1356335970550,0.36292008,-0.36827588,0.85595673,-0.7067685,-0.7074293,-0.004706621,0.6072622,-0.6032551,-0.51702607
1356335970590,0.38924944,-0.2828505,0.8766302,-0.6799919,-0.7302134,0.06632814,0.62136614,-0.62191963,-0.4765712
1356335970630,0.39777875,-0.18821038,0.89796937,-0.6569569,-0.74163866,0.13557187,0.64045274,-0.64385474,-0.4186542
1356335970670,0.3883847,-0.097575694,0.91631675,-0.6424793,-0.74150765,0.1933567,0.660589,-0.66381127,-0.3506806
1356335970711,0.36293203,-0.02041918,0.93159187,-0.6372591,-0.7348492,0.23215824,0.67983913,-0.6779231,-0.27971262
1356335970750,0.3240376,0.03733909,0.945307,-0.63868237,-0.72850955,0.24770685,0.69791436,-0.6840173,-0.21221668
1356335970790,0.2739969,0.07261452,0.9589853,-0.64292264,-0.72775394,0.23879854,0.7152456,-0.6819834,-0.15271679
1356335970830,0.2145127,0.08402145,0.9731005,-0.6467422,-0.7343688,0.20597783,0.73192126,-0.6735301,-0.10319123
1356335970870,0.14676833,0.06998506,0.986692,-0.6478951,-0.74694425,0.149353,0.7474564,-0.66119313,-0.06428483
1356335970910,0.07193798,0.029083192,0.99698496,-0.64434415,-0.7616426,0.06871095,0.76134455,-0.64734435,-0.036051445
1356335970950,-0.007751286,-0.03683555,0.9992913,-0.6343531,-0.77232206,-0.033389598,0.77300453,-0.6341623,-0.017380282
1356335970990,-0.087798715,-0.11866109,0.9890454,-0.6182754,-0.7719958,-0.14750554,0.7810421,-0.6244533,-0.0055849403
1356335971030,-0.16086137,-0.19953698,0.9665964,-0.60028535,-0.7576084,-0.2562948,0.78344184,-0.6214616,0.0020908117
1356335971070,-0.22067314,-0.26423833,0.93887246,-0.586642,-0.73306096,-0.34419894,0.77920127,-0.6267374,0.006753519
1356335971110,-0.26324505,-0.30584228,0.91496587,-0.5822798,-0.70581317,-0.40345746,0.76918936,-0.63897437,0.0077161193
1356335971154,-0.28717375,-0.32562727,0.9008319,-0.5883087,-0.6822095,-0.4341463,0.75592595,-0.6546427,0.004343301
1356335971190,-0.29183036,-0.3270765,0.8988081,-0.6033938,-0.66616863,-0.43833247,0.742126,-0.670254,-0.002947718
1356335971230,-0.2762919,-0.31256574,0.90882635,-0.62537116,-0.6595843,-0.41696465,0.7297765,-0.68355775,-0.013231814
1356335971270,-0.23878849,-0.2825473,0.9290571,-0.65168303,-0.66266644,-0.36902905,0.71992314,-0.6935706,-0.025894165
1356335971310,-0.18047363,-0.24236135,0.95325243,-0.6780924,-0.6713756,-0.2990743,0.71247447,-0.7003683,-0.043177813
1356335971350,-0.10544574,-0.20535545,0.9729904,-0.699451,-0.68018395,-0.21935838,0.7068589,-0.7036896,-0.071913645
1356335971390,-0.02277124,-0.19674096,0.98019105,-0.7110094,-0.68606216,-0.15422204,0.7028138,-0.70043683,-0.12426217
1356335971430,0.06257659,-0.23049909,0.97105837,-0.7120931,-0.6920332,-0.11837873,0.69929075,-0.6840762,-0.20744188
1356335971470,0.14533609,-0.30557382,0.9410112,-0.70624673,-0.6981261,-0.11762443,0.6928874,-0.647491,-0.31727344
1356335971510,0.22681987,-0.38438562,0.8948745,-0.6975746,-0.7053192,-0.12615266,0.6796635,-0.5956278,-0.42811805
1356335971549,0.30807078,-0.42551672,0.85089827,-0.6831299,-0.721432,-0.1134436,0.6621374,-0.5463254,-0.5129353
1356335971589,0.39260086,-0.40242574,0.8269934,-0.652138,-0.7558614,-0.05822064,0.64852184,-0.51645637,-0.5591889
1356335971629,0.4772826,-0.31126422,0.82177603,-0.59703326,-0.8010448,0.043341488,0.64478874,-0.5113138,-0.5681599
1356335971669,0.5493665,-0.16652234,0.8188203,-0.5237295,-0.8321848,0.18214262,0.651079,-0.5289034,-0.5443871
1356335971709,0.5953127,-0.0062656403,0.80346966,-0.4544905,-0.82725126,0.33029336,0.6626018,-0.5617972,-0.49532086
1356335971749,0.6136969,0.13577732,0.77777934,-0.40970275,-0.787328,0.460715,0.6749221,-0.6013977,-0.4275524
1356335971789,0.6118951,0.24725562,0.75129825,-0.39380318,-0.7285343,0.5604969,0.6859326,-0.638829,-0.3484165
1356335971829,0.59712577,0.33056125,0.7308694,-0.39975515,-0.66730213,0.6284136,0.69543993,-0.6674108,-0.26631975
1356335971869,0.5736871,0.3927454,0.7187727,-0.4177709,-0.614506,0.6692159,0.7045216,-0.6842028,-0.18845657
1356335971909,0.5440359,0.4374571,0.71600014,-0.44055948,-0.5773128,0.6874716,0.7140954,-0.6894499,-0.12135303
