1356336541794,-0.11171174,0.14217132,0.9835181,0.971036,-0.1947369,0.13844392,0.21120998,0.97049725,-0.11629909
1356336541827,0.6417149,-0.047923,0.7654446,0.73728704,-0.23630701,-0.6329036,0.21121055,0.97049594,-0.11630874
1356336541883,0.6418621,-0.047923982,0.765321,0.7371597,-0.23633152,-0.6330426,0.21120748,0.97048986,-0.11636459
1356336541898,0.64227957,-0.047953874,0.7649689,0.7368021,-0.23636268,-0.6334473,0.21118632,0.9704809,-0.11647841
1356336541940,0.64302635,-0.048051506,0.76433516,0.73617923,-0.23629923,-0.6341945,0.21108583,0.9704914,-0.11657209
1356336541982,0.6438089,-0.04842657,0.7636524,0.7355552,-0.2358682,-0.63507855,0.21087599,0.9705777,-0.11623365
1356336542020,0.6436629,-0.049255073,0.7637224,0.7357673,-0.23476112,-0.63524294,0.2105813,0.97080433,-0.11486674
1356336542061,0.6385242,-0.049483597,0.7680093,0.7403081,-0.23321445,-0.63051957,0.21031126,0.9711655,-0.11227995
1356336542102,0.6393659,-0.052782804,0.76708883,0.7396258,-0.23045336,-0.63233304,0.21015447,0.97165084,-0.10830451
1356336542141,0.6370387,-0.05593729,0.76879954,0.7416368,-0.22741155,-0.6310775,0.21013463,0.97219086,-0.10338482
1356336542180,0.63504976,-0.059048116,0.77021104,0.7433292,-0.22457264,-0.63010216,0.21017468,0.9726666,-0.09872261
1356336542222,0.634694,-0.0618971,0.7702807,0.74361086,-0.22228558,-0.6305808,0.21025339,0.97301483,-0.09505599
1356336542262,0.6364347,-0.0643667,0.7686403,0.7420524,-0.22085601,-0.63291466,0.21049744,0.9731802,-0.092796974
1356336542300,0.63948053,-0.066357374,0.7659383,0.73922914,-0.22061335,-0.6362941,0.21119896,0.9731015,-0.092024654
1356336542340,0.6427429,-0.06785506,0.763071,0.735961,-0.22186859,-0.6396372,0.21270412,0.9727127,-0.09266576
1356336542382,0.6454822,-0.06891632,0.7606598,0.7328229,-0.22476412,-0.6422241,0.21522877,0.97197306,-0.09457778
1356336542421,0.64772344,-0.069619775,0.7586879,0.72980154,-0.22919974,-0.6440941,0.21873277,0.97088647,-0.09764943
1356336542460,0.65003693,-0.070023715,0.7566695,0.7265885,-0.2343255,-0.64588,0.22253382,0.9696331,-0.10144182
1356336542501,0.6531944,-0.070150316,0.75393367,0.722602,-0.2397492,-0.6483569,0.22623742,0.9682971,-0.10591208
1356336542540,0.65739226,-0.069989234,0.75029117,0.7176833,-0.24536577,-0.6517102,0.2297085,0.96690077,-0.11107144
1356336542580,0.66261894,-0.06951037,0.7457241,0.7117673,-0.25141114,-0.6558809,0.23307389,0.96538115,-0.117114544
1356336542620,0.66913784,-0.06868753,0.73995715,0.7045449,-0.2580732,-0.6610708,0.23637044,0.9636805,-0.12429309
1356336542660,0.6773228,-0.06756681,0.73257667,0.69566166,-0.26514602,-0.667647,0.23935057,0.961838,-0.13258582
1356336542700,0.68747544,-0.06630468,0.7231744,0.6848511,-0.27206385,-0.6759883,0.24157082,0.9599922,-0.14162838
1356336542740,0.69947267,-0.06514037,0.71168435,0.67226017,-0.27793047,-0.6861639,0.24249575,0.95839,-0.15061352
1356336542780,0.71232045,-0.064352274,0.69889796,0.65895784,-0.28147143,-0.6975302,0.24160747,0.9574093,-0.15809244
1356336542832,0.72475183,-0.064137846,0.6860183,0.6464956,-0.28102836,-0.7092718,0.23828177,0.95755386,-0.16221097
1356336542860,0.73622936,-0.06450835,0.67365044,0.63583183,-0.274881,-0.72121996,0.23169845,0.95931166,-0.16135898
1356336542900,0.7472213,-0.06520873,0.6613684,0.6267734,-0.26170427,-0.7339387,0.22094215,0.9629427,-0.1546799
1356336542939,0.75845844,-0.0658097,0.64839023,0.6184001,-0.24137616,-0.74787617,0.20572346,0.9681976,-0.14237708
1356336542979,0.77002597,-0.06582153,0.63460815,0.60999614,-0.2155636,-0.7625202,0.18698862,0.9742689,-0.1258387
1356336543018,0.7813188,-0.06485808,0.62075305,0.6015907,-0.1866221,-0.77669865,0.16622147,0.98028857,-0.10679332
1356336543060,0.79130983,-0.06277433,0.6081843,0.5938965,-0.157493,-0.78897583,0.14531223,0.98552287,-0.08734429
1356336543100,0.79898906,-0.05970797,0.598374,0.5879965,-0.13092746,-0.79819673,0.12600231,0.98959225,-0.06950153
1356336543140,0.8033682,-0.05603966,0.59283984,0.5852984,-0.109025374,-0.8034546,0.10965991,0.99245805,-0.054787613
1356336543180,0.8041635,-0.05225727,0.5921066,0.5864552,-0.09265101,-0.80466527,0.09690885,0.9943264,-0.04386002
1356336543220,0.802345,-0.048651457,0.5948744,0.5903908,-0.08165871,-0.802976,0.08764264,0.9954722,-0.03679508
1356336543260,0.80014694,-0.04521829,0.5980971,0.5942837,-0.0752072,-0.80073136,0.08118895,0.9961421,-0.033304304
1356336543300,0.7995999,-0.041861743,0.5990722,0.59561753,-0.07209299,-0.8000265,0.07667941,0.996519,-0.032711953
1356336543340,0.80151355,-0.03858918,0.59673023,0.5934653,-0.07101429,-0.80172056,0.0733141,0.9967286,-0.03401757
1356336543380,0.8066591,-0.035279095,0.5899631,0.58681643,-0.07099253,-0.8066019,0.07033917,0.99685276,-0.036564417
1356336543420,0.8168946,-0.031373203,0.5759331,0.5728878,-0.071775675,-0.8164851,0.06695372,0.9969273,-0.040659837
1356336543460,0.83398557,-0.026080757,0.5511695,0.5482385,-0.07392349,-0.8330485,0.062470943,0.9969228,-0.04735265
1356336543500,0.8574963,-0.018946499,0.5141411,0.5113883,-0.07817937,-0.8557861,0.05640939,0.9967592,-0.0573495
1356336543543,0.8842277,-0.0103108585,0.46694225,0.46451873,-0.08465535,-0.8815077,0.048618242,0.9963569,-0.07006502
1356336543581,0.9068173,-0.002660036,0.42151558,0.41951108,-0.09191325,-0.90308493,0.041145086,0.9957635,-0.082232624
1356336543622,0.92082804,0.0018460453,0.38996434,0.3882113,-0.09916893,-0.9162191,0.03698097,0.9950689,-0.09203419
1356336543661,0.92482525,0.0017868578,0.38038817,0.37843338,-0.10567817,-0.9195761,0.038555562,0.9943988,-0.09841004
1356336543702,0.9171347,-0.0027987808,0.39856765,0.39577985,-0.11187667,-0.9115054,0.047141522,0.9937182,-0.101498276
1356336543741,0.89606005,-0.009265706,0.44383615,0.4397344,-0.11865026,-0.89025605,0.06091012,0.99289286,-0.102243304
1356336543782,0.8560068,-0.013689488,0.5167833,0.511155,-0.12703228,-0.8500491,0.07728489,0.9918042,-0.10174304
1356336543838,0.7827004,-0.01130265,0.622296,0.61514574,-0.13814478,-0.7762163,0.09474024,0.99034756,-0.1011732
1356336543862,0.64792264,0.005061835,0.7616893,0.7533878,-0.15163893,-0.63985336,0.112262934,0.988423,-0.10206382
1356336543901,0.42346826,0.04180941,0.9049456,0.896536,-0.16268125,-0.4120169,0.12999156,0.9857924,-0.106373966
1356336543942,0.12457198,0.097819805,0.9873769,0.98105454,-0.16095006,-0.107828915,0.14837053,0.98210305,-0.11601645
1356336543982,-0.14191288,0.1591832,0.9769961,0.9754843,-0.14521861,0.16535392,0.1681996,0.9765103,-0.13467234
1356336544026,-0.31872648,0.21953642,0.92207223,0.9290457,-0.120438814,0.34981227,0.18784982,0.9681417,-0.16557235
1356336544062,-0.39872265,0.2815437,0.87278485,0.8939352,-0.093105316,0.43841895,0.20469502,0.95502067,-0.2145586
1356336544103,-0.42855674,0.34623784,0.83454084,0.8773356,-0.061264396,0.47595048,0.21591973,0.93614423,-0.27751154
1356336544142,-0.4189,0.41304094,0.80865324,0.8810212,-0.030718267,0.47207835,0.21982816,0.9101943,-0.35102993
1356336544183,-0.40011087,0.47545165,0.7834902,0.8902498,-0.0013839304,0.45547044,0.21763846,0.8797407,-0.42271698
1356336544221,-0.40111887,0.52322114,0.75189316,0.8906939,0.031077564,0.4535401,0.21393478,0.8516301,-0.47849566
1356336544266,-0.43616372,0.54907984,0.7129323,0.87428826,0.07101774,0.48018372,0.21302839,0.8327471,-0.5110294
1356336544301,-0.5067078,0.5495078,0.6642954,0.8348374,0.12044752,0.53715825,0.2151599,0.8267609,-0.51978135
1356336544340,-0.6038827,0.51996833,0.60411817,0.7666592,0.17154032,0.61871445,0.21808131,0.83678365,-0.5022288
1356336544379,-0.7033212,0.4663949,0.536484,0.6766033,0.20770395,0.70644677,0.21805334,0.8598459,-0.4616469
1356336544422,-0.7869205,0.3993713,0.47038144,0.57930785,0.21563,0.78607005,0.21250544,0.8910703,-0.40104258
1356336544461,-0.8432681,0.3360365,0.41949785,0.49811625,0.195355,0.8448175,0.20193857,0.92136633,-0.33212185
1356336544503,-0.8806208,0.27782547,0.38382292,0.4358648,0.15730625,0.88615835,0.18581963,0.9476644,-0.2596215
1356336544541,-0.9010801,0.22970563,0.367818,0.40025115,0.11410743,0.9092737,0.16689454,0.9665479,-0.19475985
1356336544582,-0.91151917,0.18881512,0.36535126,0.3845843,0.07662445,0.9199041,0.14569694,0.9790187,-0.14245993
1356336544621,-0.91377383,0.15425244,0.37579715,0.38713762,0.050450265,0.92064065,0.123051986,0.98674256,-0.10581708
1356336544662,-0.90959287,0.12510522,0.39621884,0.40349472,0.038383424,0.91417646,0.09916003,0.9914007,-0.085392535
1356336544701,-0.8997908,0.10125443,0.4244101,0.4299288,0.039854765,0.90198267,0.07441498,0.99406195,-0.07939309
1356336544742,-0.88394046,0.08424991,0.459947,0.46469373,0.0487864,0.88412654,0.0520484,0.9952496,-0.082274675
1356336544780,-0.86133194,0.07667743,0.502223,0.50669646,0.057736695,0.860189,0.036960363,0.99538285,-0.088582695
1356336544837,-0.83054435,0.08003254,0.5511722,0.55592376,0.059007883,0.8291362,0.033834398,0.9950442,-0.093500614
1356336544862,-0.79239595,0.0924747,0.60295695,0.6084066,0.048253953,0.7921572,0.044159412,0.9945451,-0.094498456
1356336544901,-0.75261533,0.107231915,0.64967036,0.655488,0.028366923,0.7546727,0.062495828,0.9938293,-0.091638684
1356336544942,-0.7167441,0.12071988,0.6868075,0.6920192,0.0017410517,0.721877,0.08594912,0.9926851,-0.08478838
1356336544981,-0.689986,0.13008875,0.7120367,0.715654,-0.024764776,0.6980158,0.10843742,0.99119306,-0.07601118
1356336545032,-0.67249477,0.13631403,0.7274401,0.7286997,-0.049911797,0.6830121,0.12941203,0.98940754,-0.06576651
1356336545059,-0.6638641,0.1421488,0.73421943,0.73322296,-0.069529,0.67642426,0.14720243,0.9874003,-0.05806899
1356336545095,-0.6563419,0.15311268,0.7387637,0.73657525,-0.081920564,0.6713761,0.16331616,0.9848074,-0.059011042
1356336545138,-0.6452444,0.17871845,0.7427781,0.74272454,-0.08097988,0.66468227,0.17894107,0.9805621,-0.080486774
1356336545179,-0.62666523,0.22634995,0.74569184,0.7549502,-0.060941756,0.65294427,0.19323766,0.97213775,-0.13269287
1356336545231,-0.5831234,0.3183549,0.74740696,0.7866582,-0.008415103,0.6173313,0.20281997,0.9479342,-0.24552947
1356336545273,-0.5421066,0.41481772,0.730785,0.81455386,0.0457443,0.5782815,0.20645219,0.908754,-0.3626896
1356336545313,-0.507097,0.49710295,0.704089,0.8367964,0.088274956,0.54035103,0.2064567,0.8631896,-0.46073794
1356336545353,-0.48860303,0.5483202,0.678684,0.8478912,0.11493489,0.51756203,0.20578526,0.82833254,-0.52107346
1356336545393,-0.48999023,0.564515,0.6642533,0.847262,0.12914062,0.5152376,0.20507728,0.81525797,-0.5415697
1356336545430,-0.5036634,0.5515969,0.66487896,0.8395263,0.13098863,0.52729255,0.20376137,0.8237614,-0.5290543
1356336545472,-0.52013564,0.51759154,0.67938054,0.8299772,0.11866155,0.5450296,0.20148633,0.8473597,-0.4913093
1356336545514,-0.53263617,0.4670983,0.70577466,0.82304376,0.091542244,0.56055236,0.19722486,0.8794539,-0.43320107
1356336545551,-0.5277706,0.41096106,0.74335,0.82783353,0.052972198,0.55846727,0.1901314,0.9101126,-0.36816448
1356336545590,-0.50951016,0.34897977,0.7865193,0.84172744,0.0124284625,0.5397597,0.17858997,0.9370479,-0.30007833
1356336545631,-0.46866673,0.28537473,0.83601004,0.86829257,-0.02531588,0.49540597,0.16254067,0.95808166,-0.23592407
1356336545672,-0.40209532,0.22369277,0.88785183,0.90455604,-0.053090274,0.42303637,0.14176652,0.9732127,-0.18099529
1356336545711,-0.30037254,0.16907918,0.93871653,0.9465183,-0.068721235,0.3152469,0.11781147,0.98320377,-0.13939452
1356336545752,-0.16356665,0.12659827,0.9783756,0.9823792,-0.07000232,0.17329401,0.09042734,0.9894809,-0.11291748
1356336545791,0.015185535,0.0984087,0.99503016,0.99790955,-0.06401032,-0.008898854,0.0628165,0.99308527,-0.09917498
1356336545830,0.21212217,0.08644563,0.9734123,0.9765801,-0.055440456,-0.20788905,0.035995245,0.9947128,-0.09618127
1356336545870,0.40125024,0.08557102,0.9119626,0.9158726,-0.05188352,-0.39810228,0.013249844,0.9949802,-0.099190384
1356336545911,0.5507988,0.08679858,0.83011246,0.8346373,-0.05594705,-0.5479512,-0.0011190474,0.9946537,-0.10326089
1356336545950,0.6509959,0.082407,0.7545949,0.75906956,-0.06515227,-0.6477412,-0.004214853,0.9944669,-0.10496649
1356336545991,0.7103512,0.06999573,0.7003583,0.7038398,-0.07526581,-0.70636004,0.0032708943,0.9947037,-0.10273093
1356336546030,0.74019176,0.051385015,0.67042947,0.67215395,-0.083286345,-0.73571223,0.018033057,0.9952,-0.096186504
1356336546071,0.7476643,0.030014515,0.66339827,0.66309863,-0.08794646,-0.7433476,0.03603232,0.9956729,-0.085657
1356336546112,0.7343914,0.00860402,0.6786716,0.6765305,-0.08964358,-0.730938,0.054549575,0.9959367,-0.07165435
1356336546151,0.69726205,-0.010012448,0.71674633,0.71316534,-0.09110075,-0.69505095,0.07225528,0.9957913,-0.056380555
1356336546192,0.6325855,-0.02436462,0.7741072,0.7691144,-0.09780088,-0.63158375,0.09109667,0.9949077,-0.043128222
1356336546231,0.5330702,-0.02665037,0.84565115,0.8386206,-0.115707815,-0.5322848,0.11203411,0.9929257,-0.03933081
1356336546271,0.42455372,-0.005430937,0.90538645,0.89514494,-0.14758196,-0.4206366,0.13590312,0.98903495,-0.057795033
1356336546310,0.33617344,0.049532622,0.9404967,0.92823565,-0.18630078,-0.321979,0.15926686,0.9812433,-0.10860726
1356336546351,0.29317683,0.13454518,0.9465437,0.93957365,-0.22360444,-0.25923398,0.17677274,0.96534896,-0.19197077
1356336546397,0.29318318,0.23408318,0.92695665,0.9377737,-0.25911507,-0.23117039,0.18607536,0.9370508,-0.2954852
1356336546432,0.29308897,0.3220673,0.9002063,0.93668723,-0.2854287,-0.20284843,0.19161391,0.9026644,-0.38533232
1356336546470,0.27655435,0.38591853,0.8801049,0.9405471,-0.296628,-0.16547817,0.1972026,0.8735438,-0.4450083
1356336546511,0.23034358,0.4236991,0.87602556,0.9518634,-0.28519034,-0.11234912,0.20223185,0.8597357,-0.46899545
1356336546552,0.1527752,0.43539122,0.88718325,0.9669533,-0.2512668,-0.04320088,0.20411044,0.86446476,-0.45939028
1356336546591,0.06158623,0.4246715,0.90325046,0.97742045,-0.20892939,0.031586707,0.20212951,0.88091016,-0.42794985
1356336546632,-0.03695959,0.39152852,0.91942346,0.98000026,-0.16582394,0.11000931,0.1955342,0.90510106,-0.37756926
1356336546671,-0.1190193,0.34302244,0.93175644,0.97551763,-0.13438806,0.17408368,0.18493158,0.92966413,-0.31862968
1356336546711,-0.17962766,0.28533497,0.9414446,0.9689704,-0.11386269,0.21938938,0.16979486,0.9516403,-0.25602823
1356336546752,-0.20704883,0.2256051,0.95196277,0.96665895,-0.10267919,0.23457909,0.15066904,0.9687927,-0.1968236
1356336546791,-0.19635355,0.16961622,0.9657513,0.97207034,-0.09545112,0.21440247,0.12854812,0.9808769,-0.14613676
1356336546836,-0.14497018,0.120966375,0.98201364,0.9839197,-0.087032855,0.15597242,0.10433489,0.98883384,-0.10640401
1356336546871,-0.049443185,0.08295241,0.9953263,0.99561954,-0.07508409,0.055715382,0.07935488,0.99372095,-0.078876674
1356336546910,0.088578135,0.059048563,0.9943174,0.9945303,-0.060711235,-0.08499169,0.05534765,0.9964073,-0.064103246
1356336546951,0.25436744,0.050284833,0.9657995,0.96650577,-0.048445255,-0.25203112,0.034115016,0.9975593,-0.060923487
1356336546993,0.41769853,0.05263537,0.90705985,0.90841156,-0.043738693,-0.4157829,0.017788708,0.9976555,-0.06608418
1356336547031,0.54864395,0.056209564,0.83416444,0.8360087,-0.04750584,-0.54665583,0.008900404,0.99728817,-0.073055506
1356336547072,0.6346679,0.054468095,0.7708632,0.77272445,-0.057228178,-0.63215667,0.009682655,0.9968743,-0.07840976
1356336547110,0.68569684,0.045309186,0.72647566,0.7276414,-0.06860499,-0.68251836,0.018915534,0.99661446,-0.08001107
1356336547170,0.7120736,0.031030148,0.7014187,0.7013277,-0.07842611,-0.7085117,0.03302437,0.99643683,-0.07760744
1356336547189,0.7202636,0.014931232,0.69353974,0.6920161,-0.08509189,-0.7168493,0.048311204,0.99626124,-0.07162124
1356336547229,0.71157265,-6.9886446E-4,0.7026123,0.6998027,-0.08863945,-0.70881546,0.06277451,0.9960636,-0.062584355
1356336547265,0.68323165,-0.014554739,0.7300566,0.72612625,-0.091941044,-0.6813865,0.07703954,0.99565804,-0.052248448
1356336547295,0.6317017,-0.023279041,0.77486193,0.76980007,-0.099061996,-0.63055116,0.091437966,0.994809,-0.04465744
1356336547338,0.57194245,-0.021048695,0.8200237,0.8128835,-0.11952378,-0.57003033,0.11001068,0.9926082,-0.051250607
1356336547380,0.50066483,0.00601089,0.8656203,0.85557646,-0.15548077,-0.49377596,0.13161927,0.9878206,-0.08298653
1356336547427,0.47149724,0.070482224,0.87904644,0.8681884,-0.21198726,-0.44867605,0.15472296,0.97472745,-0.16114324
1356336547463,0.45824164,0.15250623,0.87564623,0.87167764,-0.26970315,-0.40919212,0.17376027,0.95079017,-0.25652546
1356336547502,0.47763366,0.23221782,0.84731394,0.8583785,-0.32887,-0.3937395,0.18722278,0.9153794,-0.35641018
1356336547541,0.48060462,0.29513046,0.8257828,0.8546649,-0.36851862,-0.36570734,0.19638494,0.8815282,-0.42934942
1356336547582,0.4512413,0.33837417,0.82576287,0.8691852,-0.37634188,-0.32075542,0.20223379,0.8624789,-0.46393076
1356336547621,0.38341302,0.36462814,0.8485521,0.9006879,-0.35089803,-0.25618717,0.20434222,0.86250615,-0.46295506
1356336547661,0.2794575,0.3734148,0.8845705,0.938562,-0.30053556,-0.16964594,0.20249656,0.8776331,-0.43445987
1356336547700,0.14967212,0.36231437,0.9199601,0.9690312,-0.23858306,-0.06369293,0.19641,0.90100306,-0.38680318
1356336547741,0.01610297,0.33167124,0.9432576,0.9825437,-0.18011147,0.046557724,0.18533337,0.92604214,-0.32878184
1356336547781,-0.100522935,0.28642416,0.95281494,0.98058844,-0.13352144,0.14359078,0.16834912,0.9487535,-0.2674423
1356336547835,-0.1787622,0.23456901,0.9555216,0.97297114,-0.10215223,0.20710394,0.14618888,0.96671724,-0.20996785
1356336547862,-0.20656532,0.18311441,0.96114504,0.9710494,-0.082084715,0.22433245,0.11997378,0.9796587,-0.16085732
1356336547901,-0.16444206,0.13661838,0.97687984,0.98201156,-0.07050073,0.17516556,0.09280154,0.988112,-0.122567534
1356336547940,-0.04422617,0.0990448,0.99409974,0.9968971,-0.060485184,0.050376922,0.065117836,0.9932431,-0.09606248
1356336547981,0.183799,0.07289833,0.98025703,0.98218924,-0.053202957,-0.18020484,0.03901589,0.99591935,-0.08137864
1356336548022,0.464383,0.05999738,0.8835999,0.8854819,-0.049973547,-0.46197882,0.01643908,0.9969468,-0.07633346
1356336548060,0.68276304,0.05714512,0.7284018,0.7306399,-0.05318539,-0.68068844,-1.5768409E-4,0.9969483,-0.07806553
1356336548099,0.7990807,0.05468875,0.5987313,0.60117716,-0.06028104,-0.79683894,-0.0074859858,0.9966822,-0.08104706
1356336548142,0.84400666,0.04684107,0.53428334,0.53632283,-0.06766946,-0.8412958,-0.0032525063,0.9966076,-0.082235396
1356336548181,0.8504219,0.033421785,0.5250386,0.52599597,-0.07398158,-0.8472632,0.010526091,0.99669945,-0.0804953
1356336548221,0.8315081,0.017924845,0.5552233,0.55473226,-0.07974849,-0.8281982,0.029432893,0.9966538,-0.076255
1356336548261,0.7868996,0.004694253,0.61706316,0.6151316,-0.085389376,-0.78378683,0.04901135,0.99633664,-0.07008047
1356336548301,0.7028063,-0.0024236739,0.71137714,0.70826745,-0.09107773,-0.7000444,0.06648728,0.9958409,-0.062293395
1356336548340,0.55230916,-9.4139576E-4,0.8336388,0.8295437,-0.09838304,-0.5497071,0.08253345,0.9951481,-0.053556904
1356336548382,0.31140557,0.014638454,0.9501643,0.94502866,-0.109713525,-0.30803216,0.09973678,0.9938555,-0.047999144
1356336548422,0.04070723,0.051605463,0.99783754,0.9918357,-0.122876406,-0.034107536,0.12085053,0.99107933,-0.05618611
1356336548461,-0.16084832,0.11196983,0.9806072,0.9763682,-0.12724459,0.17468235,0.14433616,0.9855311,-0.08885664
1356336548505,-0.23106807,0.1982531,0.95252466,0.9586291,-0.12089366,0.2577111,0.16624618,0.9726667,-0.16211653
1356336548545,-0.25537795,0.29566193,0.9205249,0.9496571,-0.10200101,0.29622152,0.18147594,0.9498315,-0.25472856
1356336548582,-0.25938633,0.38605732,0.8852561,0.9469282,-0.07853213,0.31170434,0.18985683,0.91912585,-0.3451984
1356336548621,-0.28982407,0.45132518,0.8439832,0.9371712,-0.045099914,0.34594235,0.19419602,0.89121914,-0.40989792
1356336548662,-0.36655027,0.47996378,0.7970419,0.9096626,0.0050242543,0.41531765,0.19533288,0.8772739,-0.43844676
1356336548700,-0.4762905,0.47011295,0.7430621,0.85790706,0.063231796,0.5098993,0.19272512,0.8803384,-0.43342984
1356336548741,-0.58840257,0.4307055,0.68430644,0.78668636,0.10938889,0.60758436,0.18683441,0.8958386,-0.4031948
1356336548780,-0.68005055,0.37671167,0.6289829,0.7111402,0.13022375,0.6908845,0.17835572,0.9171314,-0.35645348
1356336548835,-0.74457353,0.32050762,0.58556396,0.6462569,0.12635761,0.752586,0.16721909,0.9387804,-0.3012128
1356336548862,-0.78581566,0.26716423,0.5577786,0.5992876,0.10611081,0.79347014,0.15280053,0.9577911,-0.24349171
1356336548901,-0.80535316,0.220895,0.5501016,0.576942,0.078899205,0.8129655,0.1361774,0.972101,-0.19098538
1356336548941,-0.8092096,0.18027759,0.5591778,0.57569814,0.05333793,0.8159208,0.117266834,0.98216856,-0.14694703
1356336548981,-0.7945803,0.14570437,0.5894169,0.5993022,0.03254634,0.79986095,0.097359896,0.98879266,-0.11318159
1356336549021,-0.7624149,0.11609745,0.63658845,0.64257824,0.019886255,0.76596195,0.076266885,0.9930387,-0.089763224
1356336549061,-0.7056147,0.092190415,0.70257306,0.7065108,0.015528977,0.70753187,0.054317445,0.9956203,-0.07609099
1356336549100,-0.6152655,0.075645596,0.7846822,0.78765404,0.018084466,0.61585224,0.03239596,0.9969708,-0.07070929
1356336549143,-0.48089784,0.06868178,0.87408245,0.87667775,0.022691905,0.48054263,0.013169885,0.9973805,-0.071124315
1356336549181,-0.30196077,0.069983125,0.9507482,0.9533192,0.020591974,0.30126157,0.0015054643,0.9973357,-0.07293421
1356336549222,-0.11820704,0.07316819,0.9902896,0.9929886,0.007782817,0.117954135,9.2327595E-4,0.9972893,-0.0735752
1356336549262,0.028085321,0.07138726,0.99705315,0.99954605,-0.012885302,-0.027233034,0.010903209,0.9973655,-0.071716726
1356336549302,0.116856426,0.06376642,0.9910996,0.9927519,-0.035710484,-0.11475366,0.028075218,0.9973257,-0.067477256
1356336549341,0.15142661,0.053939074,0.9869957,0.9873353,-0.05605048,-0.14841563,0.047316164,0.9969699,-0.061743498
1356336549381,0.13990486,0.045487255,0.9891196,0.9880067,-0.07233268,-0.13642105,0.06534022,0.9963428,-0.0550614
1356336549420,0.089232385,0.040597588,0.9951831,0.99260116,-0.0862301,-0.08548319,0.08234429,0.99544775,-0.047991753
1356336549465,0.007889509,0.04352787,0.99902105,0.9949415,-0.100396216,-0.0034829676,0.10014629,0.99399495,-0.044099748
1356336549503,-0.076253235,0.0630413,0.9950936,0.9897076,-0.116420925,0.08321607,0.12109581,0.9911972,-0.053514957
1356336549541,-0.1423176,0.106585115,0.9840657,0.97930384,-0.12938088,0.15564227,0.14390844,0.98585,-0.08596599
1356336549582,-0.14894158,0.1832023,0.97172695,0.97482944,-0.13766712,0.17537186,0.16590339,0.9733882,-0.15808666
1356336549621,-0.1218282,0.28001752,0.9522332,0.9757519,-0.1419757,0.16658714,0.18184125,0.94943833,-0.25593096
1356336549662,-0.074495256,0.3779701,0.9228158,0.9788445,-0.1491198,0.14009526,0.19056189,0.91372967,-0.35886526
1356336549700,-0.048141092,0.45376205,0.8898216,0.97938716,-0.1535193,0.13127348,0.1961717,0.8777994,-0.4370181
1356336549742,-0.06327036,0.49756247,0.86511767,0.9775073,-0.14385399,0.15422592,0.20118761,0.85541666,-0.47726923
1356336549781,-0.121669054,0.50880253,0.8522421,0.97122383,-0.116087556,0.20796144,0.20474601,0.8530203,-0.48003685
1356336549838,-0.20580214,0.49233747,0.8457241,0.95670915,-0.08052164,0.2796853,0.2057986,0.8666719,-0.45445228
1356336549860,-0.29783928,0.4534375,0.8400513,0.9326213,-0.049598515,0.35743183,0.2037383,0.88990694,-0.40811306
1356336549901,-0.37936795,0.40050825,0.8340702,0.9039334,-0.031935215,0.42647928,0.19744465,0.9157365,-0.34991765
1356336549941,-0.4421538,0.3403947,0.82983816,0.8776275,-0.026764095,0.47859544,0.18512118,0.93990165,-0.28690594
1356336549981,-0.47744507,0.2813304,0.8324058,0.8625546,-0.030495226,0.50504416,0.16746873,0.9591263,-0.22810304
1356336550024,-0.49044704,0.2255741,0.84177077,0.859473,-0.034528077,0.5100137,0.14411062,0.973614,-0.17694062
1356336550062,-0.47302675,0.17679882,0.8631268,0.8730211,-0.037882447,0.48620886,0.11865854,0.9835177,-0.13642967
1356336550105,-0.4288159,0.13708511,0.8929303,0.89861786,-0.036754668,0.43718994,0.09275162,0.9898771,-0.10742617
1356336550140,-0.35019732,0.108594,0.9303597,0.9342279,-0.0312711,0.35530335,0.06767714,0.9935942,-0.090500474
1356336550178,-0.23130757,0.09219548,0.9685024,0.9718523,-0.023863196,0.23437926,0.044720322,0.9954549,-0.08408064
1356336550220,-0.080640316,0.08758342,0.99288785,0.99643326,-0.0177598,0.082494825,0.024858594,0.99599886,-0.085838914
1356336550259,0.08109945,0.08931762,0.9926959,0.9966423,-0.018529892,-0.07975465,0.011271089,0.99583083,-0.09052044
1356336550299,0.21835339,0.090641946,0.9716511,0.97584784,-0.026950836,-0.21678236,0.006537229,0.9955188,-0.09433758
1356336550338,0.31137648,0.086872846,0.9463075,0.95023024,-0.039312392,-0.3090583,0.01035279,0.99544346,-0.09479019
1356336550387,0.3572533,0.0781194,0.9307349,0.9337913,-0.051316977,-0.3541193,0.020098925,0.9956224,-0.09128034
1356336550423,0.35947493,0.06663057,0.9307728,0.93257916,-0.060677618,-0.35582885,0.03276804,0.9959309,-0.08395037
1356336550461,0.31948543,0.056120187,0.9459279,0.94652843,-0.06616539,-0.31576282,0.04486698,0.99622923,-0.07425827
1356336550503,0.24146971,0.04670751,0.9692837,0.9687487,-0.0699946,-0.23796356,0.056729943,0.9964533,-0.062149405
1356336550541,0.12248945,0.042286396,0.99156857,0.98999596,-0.07570374,-0.119066685,0.0700306,0.9962332,-0.051136255
1356336550582,-0.0058344603,0.050045162,0.9987299,0.9960828,-0.08783299,0.010220259,0.088232934,0.9948772,-0.049336642
1356336550621,-0.11884141,0.081180245,0.98958904,0.9866737,-0.10190189,0.12685078,0.11113876,0.9914766,-0.06798828
1356336550662,-0.1756478,0.14830887,0.9732175,0.9748502,-0.11154032,0.19294018,0.13716778,0.9826308,-0.124987066
1356336550702,-0.20007682,0.24172977,0.94949245,0.9665965,-0.10974246,0.23162013,0.16018912,0.96411794,-0.21169823
1356336550741,-0.20111862,0.34449047,0.9169938,0.9633061,-0.10030553,0.24895817,0.17774326,0.93341583,-0.31167644
1356336550780,-0.21522039,0.43021125,0.8766975,0.95754284,-0.083363414,0.27597505,0.1918121,0.8988709,-0.39400417
1356336550837,-0.2614829,0.48184833,0.83633065,0.94353926,-0.05496353,0.32666916,0.2033726,0.8745292,-0.44027078
1356336550860,-0.3389907,0.49544883,0.79975975,0.9169725,-0.01606679,0.39862654,0.2103487,0.86848843,-0.4488665
1356336550900,-0.43272808,0.4752764,0.766067,0.8764623,0.022819608,0.4809295,0.2110931,0.87954056,-0.42643654
1356336550940,-0.52350944,0.43084854,0.735056,0.8268412,0.048722148,0.56032103,0.20560002,0.90110797,-0.3817498
1356336550980,-0.59662765,0.37420982,0.7099313,0.77861446,0.055616975,0.625033,0.19440931,0.9256748,-0.32454783
1356336551020,-0.64738613,0.31395268,0.6944962,0.7411232,0.046690106,0.6697436,0.17784172,0.94828993,-0.2629041
1356336551060,-0.675694,0.2554524,0.69150686,0.7202896,0.029117465,0.6930621,0.1569095,0.96638304,-0.2036742
1356336551100,-0.68259853,0.20211858,0.70228726,0.7185549,0.010489643,0.6953912,0.13318473,0.9793049,-0.15239358
1356336551140,-0.6693992,0.15549925,0.7264466,0.7350943,-0.002762854,0.6779592,0.10742921,0.9878322,-0.112457156
1356336551180,-0.6353669,0.11662662,0.7633525,0.7680418,-0.00713408,0.64035994,0.08012888,0.9931502,-0.085041285
1356336551220,-0.5780123,0.08707681,0.8113689,0.8143228,-0.002695024,0.58040595,0.052726567,0.99619794,-0.06935084
1356336551262,-0.4950629,0.06870732,0.8661363,0.8684268,0.0077546835,0.49575686,0.027345508,0.99760675,-0.063506305
1356336551300,-0.38583863,0.062339634,0.92045766,0.92254114,0.018700302,0.38544545,0.006815672,0.99787974,-0.064726174
1356336551341,-0.25542635,0.06504366,0.9646381,0.9668138,0.022691369,0.25447243,-0.005337149,0.99762446,-0.06868106
1356336551382,-0.12133819,0.07083669,0.99008036,0.9925872,0.015597165,0.12052953,-0.0069045126,0.99736595,-0.07220411
1356336551420,-0.0021131039,0.07347712,0.9972947,0.999997,-0.0010911822,0.0021992028,0.0012497902,0.99729633,-0.073474586
1356336551462,0.08925095,0.07029337,0.9935256,0.99587697,-0.022551388,-0.087866634,0.016228944,0.9972714,-0.07201627
1356336551505,0.14821512,0.062179893,0.98699844,0.98834527,-0.04435748,-0.14562285,0.034725904,0.9970788,-0.06802967
1356336551542,0.17460933,0.05179134,0.9832748,0.98316395,-0.06379047,-0.17122969,0.05385533,0.9966185,-0.062057793
1356336551582,0.16951716,0.04183653,0.9846389,0.9828217,-0.08115798,-0.16575602,0.07297659,0.9958229,-0.054875582
1356336551621,0.13364682,0.03702253,0.99033725,0.9867427,-0.09781274,-0.12950516,0.09207296,0.994516,-0.049604088
1356336551662,0.0820739,0.04469785,0.99562347,0.99019015,-0.11700705,-0.07637304,0.11308125,0.99212474,-0.0538626
1356336551701,0.024881184,0.07445213,0.99691415,0.9905281,-0.13653958,-0.014524698,0.13503683,0.9878329,-0.077144206
1356336551743,-0.0031343699,0.13827497,0.990389,0.987948,-0.1528408,0.02446574,0.15475479,0.9785294,-0.13612944
1356336551781,-0.010002315,0.22770113,0.97367966,0.9859224,-0.1602816,0.047611028,0.16690406,0.96044886,-0.2228924
1356336551853,0.0066675544,0.32747537,0.94483614,0.98541695,-0.1628055,0.049473643,0.17002594,0.9307277,-0.3237853
1356336551862,0.01801759,0.41449338,0.90987396,0.9852924,-0.16202062,0.054297507,0.16992429,0.89551353,-0.4113164
1356336551900,-0.00451687,0.47215748,0.8815027,0.98516953,-0.14910129,0.08491084,0.17152447,0.86881316,-0.4644817
1356336551940,-0.067405045,0.49553454,0.8659688,0.9822762,-0.1191901,0.14466241,0.17490014,0.8603716,-0.47871774
1356336551980,-0.16634986,0.48755178,0.85710037,0.96989846,-0.07585737,0.23139274,0.17783332,0.86979246,-0.46025693
1356336552020,-0.28311336,0.45313296,0.84529126,0.942145,-0.033525884,0.3335247,0.17947018,0.8908123,-0.41742533
1356336552060,-0.3940696,0.40183067,0.8265841,0.90142906,-0.0064333677,0.4328791,0.17926183,0.9156914,-0.35968667
1356336552100,-0.48459393,0.3432251,0.8045901,0.8569362,0.0016444921,0.5154198,0.17558187,0.9392517,-0.29491895
1356336552140,-0.54926413,0.28473184,0.7856441,0.8188745,-0.004033923,0.57395834,0.16659343,0.9585987,-0.23094398
1356336552180,-0.589666,0.22992656,0.77422726,0.79342806,-0.014173746,0.608499,0.15088376,0.9731048,-0.17407238
1356336552220,-0.6070476,0.18098578,0.7737812,0.78416634,-0.02132988,0.620184,0.12874916,0.9832544,-0.12897474
1356336552260,-0.6033939,0.13917616,0.7852044,0.79092205,-0.021220088,0.6115489,0.10177508,0.9900403,-0.09727347
1356336552321,-0.57713056,0.10671276,0.8096497,0.8133831,-0.013503313,0.5815716,0.07299408,0.9941982,-0.07900512
1356336552330,-0.52703786,0.084336996,0.8456467,0.8485335,-0.002970636,0.5291333,0.047137618,0.9964329,-0.06999713
1356336552371,-0.45579606,0.07559627,0.8868682,0.88977486,0.012429476,0.4562304,0.02346605,0.997061,-0.072928965
1356336552408,-0.35355073,0.078510195,0.93211484,0.93540096,0.02413702,0.35276416,0.005197078,0.99662113,-0.08197218
1356336552451,-0.23390734,0.087531805,0.9683106,0.9722508,0.025102913,0.23258993,-0.0039483607,0.9958453,-0.09097463
1356336552489,-0.123440325,0.09494597,0.9877995,0.9923493,0.014128506,0.12265086,-0.0023109019,0.9953822,-0.0959636
1356336552532,-0.04744333,0.09599912,0.99425006,0.9988401,-0.0036269426,0.048012614,0.008215278,0.9953748,-0.0957157
1356336552568,-0.017520279,0.091083646,0.99568903,0.9995705,-0.021800607,0.019582927,0.02349028,0.9956046,-0.0906626
1356336552612,-0.034793288,0.08283913,0.9959554,0.9986048,-0.036728293,0.03794071,0.03972274,0.99588585,-0.081445694
1356336552649,-0.095819354,0.07354215,0.9926783,0.99386275,-0.048312366,0.099512905,0.05527708,0.99612117,-0.06846148
1356336552691,-0.19025612,0.06644237,0.9794836,0.97919583,-0.05886066,0.194193,0.07055572,0.9960526,-0.0538615
1356336552730,-0.2929784,0.0674741,0.95373523,0.95207,-0.07111609,0.29749817,0.08789933,0.9951833,-0.04340458
1356336552770,-0.38709682,0.08580354,0.918038,0.915787,-0.07997382,0.3936223,0.1071932,0.9930972,-0.047620118
1356336552848,-0.44362628,0.13310006,0.88627315,0.8870039,-0.07618654,0.4554337,0.1281403,0.98817,-0.084261894
1356336552870,-0.47263366,0.21119547,0.8555782,0.8688501,-0.050677,0.49247462,0.14736655,0.97612923,-0.15954554
1356336552886,-0.4862463,0.30702943,0.818106,0.8586969,-0.0055477023,0.5124538,0.16187704,0.9516839,-0.2609476
1356336552926,-0.5061698,0.39281365,0.7677822,0.8451096,0.04837352,0.53239995,0.17199361,0.9183449,-0.35645586
1356336552966,-0.545923,0.44554192,0.7095494,0.8183517,0.10198408,0.56559676,0.17963433,0.8894333,-0.4202854
1356336553010,-0.60712194,0.45691904,0.6500983,0.7727778,0.14906222,0.61692363,0.1849791,0.87692946,-0.44359583
1356336553050,-0.6752358,0.43562597,0.59521973,0.7134394,0.18087542,0.6769698,0.18724506,0.8817676,-0.43292624
1356336553089,-0.7373827,0.39372224,0.54886204,0.64942783,0.18976349,0.7363649,0.18576926,0.899429,-0.3956225
1356336553132,-0.78496826,0.34539866,0.5143195,0.59272075,0.17709273,0.7856973,0.18029656,0.9215953,-0.34373707
1356336553170,-0.8183606,0.2958824,0.49268603,0.54903615,0.1491602,0.822381,0.1698389,0.9435067,-0.28451693
1356336553211,-0.8383315,0.24887297,0.48503867,0.5227864,0.11472541,0.8447085,0.15457883,0.9617174,-0.22628534
1356336553252,-0.8469672,0.20503932,0.49051538,0.5142498,0.08187944,0.853723,0.13488367,0.9753229,-0.17479056
1356336553291,-0.84422594,0.16625035,0.5095521,0.5239667,0.05577475,0.8499106,0.1128778,0.98450494,-0.13419616
1356336553332,-0.8325286,0.1314914,0.53815067,0.54689765,0.040221095,0.8362328,0.08831242,0.99050105,-0.10539758
1356336553370,-0.8095469,0.10253902,0.5780308,0.58356327,0.033324122,0.81138366,0.063936114,0.9941706,-0.08681542
1356336553411,-0.7774967,0.079847425,0.6237975,0.6276208,0.035605192,0.7777046,0.03988725,0.996171,-0.07779682
1356336553452,-0.73457485,0.064343244,0.67547,0.6783117,0.044519365,0.73342437,0.017119408,0.99693424,-0.07634759
1356336553491,-0.6792474,0.05674666,0.7317122,0.733909,0.053481877,0.677139,-7.0792437E-4,0.9969551,-0.07797426
1356336553532,-0.6137243,0.056726605,0.7874799,0.7894584,0.056597292,0.6111892,-0.009898514,0.99678427,-0.07951844
1356336553571,-0.539827,0.06166789,0.8395141,0.84173095,0.049856544,0.53759027,-0.008703232,0.9968507,-0.07882166
1356336553611,-0.4637913,0.06730962,0.8833839,0.8859433,0.03356695,0.46257734,0.0014833808,0.99716735,-0.07520062
1356336553651,-0.39322114,0.070273876,0.9167545,0.9192788,0.011152148,0.39344904,0.017425448,0.9974654,-0.068986535
1356336553691,-0.3345369,0.069490105,0.9398171,0.94172835,-0.012505949,0.33614194,0.035111815,0.99750423,-0.061257064
1356336553730,-0.2918715,0.06595844,0.9541806,0.95501167,-0.03473693,0.2945269,0.052571803,0.99721754,-0.052852392
1356336553771,-0.26716328,0.062550664,0.961619,0.961131,-0.054827332,0.27059406,0.06964883,0.99653465,-0.04547155
1356336553846,-0.25786215,0.06543082,0.9639636,0.96216375,-0.073504806,0.26237,0.08802304,0.99514616,-0.044001043
1356336553850,-0.259184,0.08311713,0.9622449,0.95977616,-0.08919108,0.2662232,0.10795134,0.9925405,-0.056656957
1356336553890,-0.25299758,0.12834144,0.9589164,0.958941,-0.09803057,0.26612443,0.12815794,0.9868731,-0.09827036
1356336553930,-0.23045492,0.2065419,0.95091057,0.96241486,-0.09592581,0.2540785,0.14369473,0.9737241,-0.17667246
1356336553971,-0.19630653,0.30185664,0.9329235,0.9687716,-0.08727372,0.23208809,0.15147704,0.94935024,-0.2752977
1356336554010,-0.1552962,0.39506543,0.9054316,0.9760041,-0.08026081,0.20242062,0.1526401,0.91514015,-0.37312132
1356336554058,-0.13906237,0.4600035,0.8769598,0.9786935,-0.07125011,0.19256833,0.15106556,0.8850539,-0.4402942
1356336554099,-0.16767469,0.48709068,0.8571043,0.9746903,-0.04849282,0.21823642,0.14786434,0.87200403,-0.46663153
1356336554138,-0.23597229,0.4779012,0.846125,0.9612758,-0.012758911,0.2752926,0.14235827,0.87832093,-0.45638412
1356336554179,-0.33363932,0.43698698,0.8353007,0.9329205,0.025749028,0.35916048,0.13544026,0.8990992,-0.416265
1356336554218,-0.4357649,0.3760067,0.81775784,0.89083385,0.050418615,0.4515229,0.12854543,0.9252443,-0.35693014
1356336554261,-0.52361304,0.30686936,0.79477084,0.84327614,0.053854465,0.5347757,0.1213043,0.9502267,-0.2869745
1356336554300,-0.58460504,0.24087325,0.7747367,0.8035002,0.03964752,0.59398276,0.11235815,0.9697464,-0.21671987
1356336554340,-0.61644185,0.18381304,0.7656449,0.7809189,0.01821351,0.6243668,0.1008217,0.98279244,-0.15477061
1356336554380,-0.62001044,0.13701165,0.77253795,0.7798289,-7.354021E-4,0.6259923,0.086336374,0.9905691,-0.1063897
1356336554420,-0.59283566,0.10036299,0.7990452,0.8022939,-0.0123800635,0.5968009,0.0697889,0.9948739,-0.07318133
1356336554460,-0.53062636,0.074308485,0.84434235,0.84598124,-0.015217006,0.5329955,0.052454412,0.99711925,-0.054789066
1356336554500,-0.4207517,0.060558707,0.90515226,0.9064603,-0.011555731,0.42213282,0.036023498,0.99809766,-0.05003196
1356336554542,-0.25287402,0.0611448,0.96556515,0.9672705,-0.0057212114,0.25368294,0.021035612,0.99811244,-0.05769682
1356336554581,-0.038504094,0.07121831,0.99671733,0.99922377,-0.0055677593,0.038998753,0.008326918,0.9974452,-0.0709486
1356336554622,0.17067963,0.08361152,0.98177266,0.98532605,-0.0134551525,-0.17015147,-0.0010167062,0.9964075,-0.084681064
1356336554661,0.33292243,0.08984098,0.9386647,0.94294333,-0.026940495,-0.33186153,-0.0045267045,0.99559176,-0.09368408
1356336554701,0.43303078,0.08678347,0.89719164,0.90137875,-0.04080522,-0.4311046,-8.0260634E-4,0.9953911,-0.095894665
1356336554740,0.47929782,0.07616782,0.87434095,0.8776075,-0.051661804,-0.476588,0.00886935,0.9957558,-0.091606855
1356336554781,0.48317045,0.062034875,0.8733258,0.87527823,-0.05796753,-0.48013297,0.020839602,0.99638915,-0.08230597
1356336554841,0.44933635,0.047001988,0.89212537,0.89277613,-0.05980718,-0.44651315,0.03236848,0.99710274,-0.068835795
1356336554854,0.3784334,0.035004616,0.92496634,0.9246654,-0.059870124,-0.3760445,0.042214602,0.9975922,-0.055024415
1356336554886,0.2869729,0.023357749,0.9576539,0.95648664,-0.062008947,-0.28511065,0.052723557,0.9978022,-0.040136218
1356336554920,0.15616515,0.019037396,0.9875474,0.98562896,-0.0681968,-0.15454713,0.06440541,0.9974903,-0.02941376
1356336554958,0.04343599,0.032001436,0.99854356,0.9958244,-0.081715524,-0.040698886,0.08029407,0.9961418,-0.0354172
1356336554999,-0.04881203,0.0766916,0.99585927,0.99406016,-0.093369484,0.055914283,0.097271055,0.9926734,-0.07167852
1356336555041,-0.10133171,0.15737203,0.98232675,0.9888201,-0.09264225,0.116843104,0.10939276,0.98318434,-0.14622504
1356336555081,-0.13216376,0.25686756,0.9573671,0.9845016,-0.07831031,0.15692076,0.115279615,0.96326864,-0.24253672
1356336555123,-0.15758547,0.35246125,0.922463,0.9801502,-0.057973057,0.18959099,0.120301425,0.93402904,-0.33632928
1356336555160,-0.21255425,0.4184138,0.8830349,0.96858585,-0.029159635,0.24696398,0.12908214,0.9077883,-0.39907163
1356336555200,-0.29679933,0.44503856,0.844897,0.94436777,0.0054988563,0.32884544,0.14170295,0.8954945,-0.42191207
1356336555240,-0.39998898,0.43579376,0.80628324,0.9033685,0.038965255,0.42709136,0.15470675,0.8992027,-0.40926802
1356336555280,-0.49904794,0.40353274,0.7668849,0.85053456,0.05860758,0.5226435,0.1659585,0.91308624,-0.3724665
1356336555320,-0.5794397,0.3607009,0.7308519,0.7962194,0.059055567,0.60211885,0.17402396,0.93081,-0.3214162
1356336555360,-0.6371939,0.31514448,0.70332634,0.7502877,0.044994473,0.6595786,0.17621675,0.9479765,-0.2651192
1356336555398,-0.6733941,0.27062932,0.68796813,0.719363,0.025294602,0.69417363,0.17046183,0.96235126,-0.21171397
1356336555438,-0.69155663,0.22785242,0.6854434,0.70516634,0.0073759556,0.70900357,0.15649238,0.97366774,-0.16577476
1356336555480,-0.6933357,0.1871404,0.6958908,0.70774657,-0.004840791,0.7064498,0.13557398,0.9823212,-0.12909162
1356336555518,-0.67881954,0.14958063,0.71890867,0.72600627,-0.010059774,0.68761444,0.110085845,0.98869836,-0.10176772
1356336555559,-0.6476756,0.1170868,0.7528659,0.7574693,-0.0076529384,0.65282595,0.08219895,0.9930922,-0.08373308
1356336555599,-0.5964434,0.09246829,0.79731107,0.80079246,9.175539E-4,0.59894127,0.05465144,0.9957152,-0.07459521
1356336555639,-0.52334696,0.077611804,0.8485778,0.8516011,0.0129022,0.5240315,0.029722512,0.9969002,-0.07284665
1356336555678,-0.4294815,0.07214758,0.9001891,0.9030181,0.023055494,0.4289834,0.010195792,0.9971275,-0.07505244
1356336555722,-0.32454377,0.07275355,0.9430685,0.94586945,0.026561797,0.32345855,-0.0015168488,0.99699616,-0.07743585
1356336555760,-0.22528803,0.07399851,0.971478,0.9742829,0.021448493,0.2243048,-0.0042384863,0.99702764,-0.07692754
