1356336369186,0.8438695,-0.058858603,-0.53331035,-0.53432536,-0.0017991029,-0.845277,0.048792377,0.99826473,-0.032967865
1356336369187,0.064682394,-0.03611085,-0.99725235,-0.99671245,0.046521753,-0.06633195,0.048789293,0.9982643,-0.032983005
1356336369218,0.064757675,-0.03622091,-0.99724346,-0.9967083,0.046498388,-0.06641182,0.048775733,0.99826145,-0.03309059
1356336369261,0.065179735,-0.036761105,-0.9971962,-0.99668247,0.046412677,-0.06685713,0.048740298,0.9982457,-0.03361398
1356336369302,0.066720694,-0.038114995,-0.9970435,-0.9965824,0.046229213,-0.06845707,0.048701793,0.99820346,-0.034900308
1356336369342,0.07023385,-0.04047495,-0.996709,-0.9963408,0.045938224,-0.0720734,0.048704118,0.99812394,-0.037100375
1356336369381,0.07647896,-0.04340622,-0.99612594,-0.9958757,0.045582116,-0.07844597,0.04881051,0.99801713,-0.0397411
1356336369424,0.08560768,-0.045889676,-0.9952715,-0.9951202,0.045251578,-0.087681115,0.04906124,0.99792105,-0.041791856
1356336369460,0.096773624,-0.047093213,-0.99419165,-0.99407774,0.045043766,-0.098896146,0.04943952,0.9978744,-0.042455256
1356336369501,0.10887113,-0.046876103,-0.99294996,-0.9928063,0.04494235,-0.110977024,0.049827665,0.99788916,-0.041645944
1356336369539,0.12065661,-0.04555881,-0.9916483,-0.9914321,0.044828534,-0.12268984,0.050043732,0.9979553,-0.039759606
1356336369580,0.13114083,-0.043521553,-0.990408,-0.9901055,0.044568717,-0.13305923,0.04993218,0.99805784,-0.037246197
1356336369622,0.13962615,-0.041000992,-0.9893551,-0.9889703,0.044092655,-0.1413992,0.049420834,0.9981858,-0.034392357
1356336369662,0.14587924,-0.038463235,-0.9885545,-0.98810506,0.04348311,-0.14750484,0.048658997,0.99831355,-0.031662464
1356336369705,0.14991304,-0.03592938,-0.98804617,-0.98754936,0.042742163,-0.15139204,0.047670692,0.99843997,-0.02907449
1356336369740,0.15173474,-0.03342399,-0.98785603,-0.9873178,0.042086393,-0.15307602,0.046691686,0.9985547,-0.0266141
1356336369785,0.1519416,-0.030397207,-0.98792195,-0.98733497,0.041491926,-0.15312797,0.045645446,0.99867636,-0.023707867
1356336369822,0.15084767,-0.026850253,-0.98819226,-0.9875536,0.040934265,-0.15186235,0.044528425,0.9988009,-0.020341188
1356336369864,0.14914554,-0.02262628,-0.9885563,-0.9878653,0.040401936,-0.14996594,0.043332756,0.9989273,-0.01632592
1356336369901,0.1476377,-0.018569231,-0.9888672,-0.9881346,0.04003772,-0.14828017,0.042345464,0.9990257,-0.01243785
1356336369943,0.14672086,-0.01522696,-0.98906076,-0.9882963,0.039950103,-0.14722252,0.04175487,0.99908566,-0.009187251
1356336369981,0.14670965,-0.013368815,-0.98908925,-0.9883059,0.040034145,-0.14713457,0.041564345,0.9991089,-0.00733909
1356336370023,0.14747113,-0.013748497,-0.9889708,-0.98818624,0.040124416,-0.147912,0.041715443,0.9991001,-0.0076688826
1356336370061,0.14886591,-0.016804129,-0.98871464,-0.98797536,0.03969553,-0.14942932,0.041758597,0.9990705,-0.010692745
1356336370101,0.15079698,-0.02259785,-0.9883065,-0.98771757,0.03793779,-0.15157461,0.040919453,0.9990246,-0.016599387
1356336370140,0.15320164,-0.030578613,-0.9877218,-0.9874438,0.03422737,-0.1542182,0.03852299,0.9989462,-0.02495104
1356336370182,0.15602261,-0.03991756,-0.9869466,-0.98715115,0.028589249,-0.1572113,0.03449163,0.99879396,-0.034944147
1356336370226,0.15908775,-0.050003827,-0.9859974,-0.9868224,0.02183029,-0.16032797,0.029541671,0.9985104,-0.045871973
1356336370262,0.16195577,-0.060619712,-0.98493433,-0.98647857,0.015448093,-0.16316044,0.025106102,0.9980414,-0.057298154
1356336370300,0.16396472,-0.072024494,-0.9838333,-0.9862021,0.011107773,-0.16517273,0.022824645,0.99734104,-0.06920943
1356336370342,0.1645523,-0.08505812,-0.98269415,-0.98607683,0.010037452,-0.16598761,0.023982406,0.9963255,-0.08222216
1356336370381,0.16339886,-0.10081491,-0.98139554,-0.98613584,0.012479603,-0.1654701,0.028929293,0.9948269,-0.097378105
1356336370422,0.16036156,-0.119395345,-0.9798107,-0.9863795,0.017425865,-0.16356012,0.036602378,0.9926939,-0.11497468
1356336370462,0.15601537,-0.14015278,-0.9777609,-0.98667955,0.02405867,-0.16088706,0.046072364,0.9898376,-0.13453233
1356336370501,0.15025747,-0.1597879,-0.97564876,-0.98705494,0.03173536,-0.1572116,0.056083083,0.9866411,-0.15295094
1356336370542,0.14463678,-0.17686975,-0.9735488,-0.9872327,0.04055062,-0.15403676,0.06672245,0.98339856,-0.16874647
1356336370581,0.14048213,-0.19080743,-0.97152317,-0.9870658,0.049559116,-0.15246305,0.07723892,0.98037565,-0.18137735
1356336370622,0.13956916,-0.2033363,-0.96911037,-0.9862464,0.058959603,-0.15440783,0.0885351,0.9773321,-0.19231081
1356336370660,0.14365953,-0.21685618,-0.9655751,-0.9844293,0.068555415,-0.16186139,0.10129604,0.9737934,-0.20363092
1356336370702,0.15360656,-0.23415986,-0.95998657,-0.9813422,0.077545255,-0.17593849,0.11564013,0.9691006,-0.21787947
1356336370740,0.16987082,-0.25815558,-0.95105183,-0.9767643,0.08386245,-0.19722727,0.1306729,0.9624567,-0.2379114
1356336370780,0.1922659,-0.2900317,-0.9375049,-0.9706062,0.084727615,-0.22526616,0.14476684,0.95325905,-0.2652163
1356336370820,0.21992852,-0.329741,-0.91809714,-0.96284413,0.077828065,-0.25860012,0.15672481,0.940858,-0.3003726
1356336370862,0.2513983,-0.3742638,-0.8925948,-0.9536164,0.06198266,-0.29457417,0.16557387,0.9252485,-0.34132177
1356336370901,0.28442377,-0.41899213,-0.86229265,-0.9434258,0.037582755,-0.32944676,0.17044291,0.90721166,-0.38459855
1356336370941,0.3161285,-0.45738035,-0.83118343,-0.93320066,0.007886782,-0.35926917,0.17087802,0.8892362,-0.4243344
1356336370981,0.3439491,-0.48461682,-0.80426705,-0.9240505,-0.022518188,-0.38160658,0.16682234,0.8744366,-0.4555555
1356336371022,0.36674678,-0.49770743,-0.7859925,-0.9165152,-0.048283048,-0.39707527,0.15967718,0.86600006,-0.47386402
1356336371062,0.383492,-0.49441087,-0.78005886,-0.9112563,-0.06524408,-0.4066388,0.15015242,0.8667763,-0.47555566
1356336371102,0.39529496,-0.47596955,-0.7856176,-0.9080553,-0.0735467,-0.4123428,0.13848302,0.87638116,-0.4612793
1356336371142,0.39970666,-0.4386341,-0.8048818,-0.9084489,-0.07241249,-0.41167596,0.122291684,0.8957436,-0.42742047
1356336371181,0.40017533,-0.38889658,-0.8298309,-0.91065085,-0.06713861,-0.4076856,0.10283384,0.9188318,-0.38101617
1356336371234,0.39469528,-0.32701713,-0.85864747,-0.91536814,-0.059113547,-0.3982547,0.07947841,0.94316775,-0.3226729
1356336371262,0.38614297,-0.25814685,-0.8855811,-0.9209008,-0.05246468,-0.3862501,0.05324751,0.9646801,-0.2579865
1356336371300,0.3772657,-0.18831593,-0.90675664,-0.925741,-0.049235865,-0.37493894,0.025961995,0.98087347,-0.1929068
1356336371341,0.3713295,-0.12345785,-0.92025673,-0.9285012,-0.049379468,-0.36803168,-5.3942204E-6,0.9911205,-0.13296679
1356336371382,0.37196672,-0.06931478,-0.92565453,-0.92796606,-0.052259266,-0.36898234,-0.022798091,0.9962251,-0.08376044
1356336371420,0.38157663,-0.029883713,-0.923854,-0.9233712,-0.058006793,-0.37950093,-0.042248905,0.99786884,-0.049727798
1356336371462,0.40021986,-0.005925864,-0.9164,-0.9144808,-0.0675863,-0.39894468,-0.05957198,0.99769586,-0.032468498
1356336371501,0.42566162,0.0053225756,-0.90486676,-0.9016889,-0.08144444,-0.42464578,-0.07595652,0.9966637,-0.029868484
1356336371542,0.4540003,0.009785682,-0.8909478,-0.88642704,-0.096235394,-0.45275366,-0.09017122,0.99531054,-0.03501661
1356336371581,0.48125777,0.011252165,-0.87650687,-0.8709565,-0.1069341,-0.479583,-0.09912485,0.9942024,-0.041662693
1356336371621,0.50556254,0.011356562,-0.86271524,-0.85698617,-0.10917458,-0.50364244,-0.09990615,0.99395776,-0.04546219
1356336371662,0.5249796,0.010325164,-0.8510522,-0.8461263,-0.10177174,-0.5231757,-0.09201491,0.9947542,-0.04469171
1356336371701,0.5370865,0.009297937,-0.84347594,-0.8397472,-0.08866432,-0.5356896,-0.07976702,0.9960182,-0.03981252
1356336371742,0.5399366,0.010073334,-0.8416454,-0.8391541,-0.071357846,-0.5391924,-0.06548947,0.99739987,-0.030075625
1356336371781,0.53030574,0.012877166,-0.8477087,-0.8461908,-0.05366081,-0.5301713,-0.05231586,0.99847615,-0.01756008
1356336371830,0.5091276,0.017341912,-0.8605163,-0.85982,-0.034720212,-0.5094154,-0.038711548,0.9992466,-0.0027660877
1356336371865,0.46785018,0.015510261,-0.88367164,-0.8834546,-0.020054907,-0.4680872,-0.024982154,0.9996785,0.004319966
1356336371895,0.42468312,0.0043934584,-0.90533143,-0.90528226,-0.009436101,-0.42470586,-0.0104086995,0.9999459,-3.0040741E-5
1356336371941,0.4023312,-0.037958324,-0.91470695,-0.9154499,-0.006857902,-0.40237346,0.00900045,0.9992558,-0.0375081
1356336371979,0.40225264,-0.114923894,-0.90828705,-0.91498405,-0.01624605,-0.403163,0.03157702,0.99324155,-0.111688584
1356336372020,0.43073282,-0.21658203,-0.87610584,-0.9008596,-0.04504636,-0.431767,0.054047585,0.9752246,-0.21451294
1356336372060,0.47667956,-0.31588966,-0.82035995,-0.8759603,-0.09216887,-0.4734961,0.07396093,0.94430864,-0.32064185
1356336372102,0.51896673,-0.38484094,-0.76326334,-0.85004234,-0.1383248,-0.5082265,0.09000811,0.9125589,-0.39891708
1356336372143,0.54284716,-0.41564116,-0.72976667,-0.8338082,-0.16285014,-0.527488,0.10040313,0.8948308,-0.43496776
1356336372181,0.5468012,-0.4176455,-0.7256588,-0.8308788,-0.1638552,-0.53178185,0.10319334,0.8937134,-0.43660903
1356336372232,0.52425677,-0.3946606,-0.75458455,-0.8460114,-0.14039356,-0.5143484,0.09705424,0.9080378,-0.40748963
1356336372261,0.48000354,-0.35503462,-0.8022139,-0.87316453,-0.1050228,-0.47597697,0.08473757,0.9289353,-0.36041492
1356336372302,0.41674548,-0.3015789,-0.8575392,-0.9065417,-0.06822491,-0.41656643,0.06712213,0.9509972,-0.30182627
1356336372341,0.35006762,-0.24395141,-0.9044006,-0.9355495,-0.042711556,-0.3506036,0.04690194,0.96884656,-0.2431806
1356336372382,0.28911024,-0.18718594,-0.93881667,-0.95698303,-0.03144604,-0.28843477,0.024468869,0.98182106,-0.18822515
1356336372420,0.24466881,-0.13715267,-0.95985746,-0.9696059,-0.033314854,-0.24239337,0.0012673736,0.9899895,-0.1411351
1356336372461,0.22142518,-0.09750247,-0.9702908,-0.9749141,-0.045251608,-0.21793294,-0.022658259,0.99420595,-0.10507631
1356336372501,0.22032928,-0.07005486,-0.97290665,-0.9742626,-0.06449622,-0.21599224,-0.047617495,0.995456,-0.08246222
1356336372541,0.2370292,-0.053937823,-0.9700041,-0.9687247,-0.08857405,-0.23179129,-0.07341483,0.99460816,-0.073245555
1356336372581,0.2635259,-0.045434803,-0.96358174,-0.9596697,-0.11374205,-0.25709283,-0.09791881,0.99247086,-0.07357636
1356336372622,0.29107052,-0.040117115,-0.95586,-0.9495745,-0.13384223,-0.2835391,-0.116559714,0.99019027,-0.0770517
1356336372660,0.31357482,-0.035884023,-0.9488852,-0.94135016,-0.14289537,-0.30568087,-0.124622226,0.9890871,-0.07858783
1356336372701,0.3274098,-0.032604456,-0.9443198,-0.93717045,-0.13863307,-0.32014444,-0.12047583,0.989807,-0.075945765
1356336372741,0.328947,-0.030032188,-0.94387066,-0.9382837,-0.123487055,-0.32307073,-0.106853336,0.9918916,-0.06879938
1356336372781,0.31363043,-0.027013123,-0.9491608,-0.9453273,-0.10299435,-0.30943257,-0.08939946,0.9943151,-0.05783841
1356336372823,0.27741608,-0.021704793,-0.96050465,-0.9580454,-0.081210464,-0.2748706,-0.07203707,0.99646056,-0.04332325
1356336372861,0.21669662,-0.01473096,-0.97612786,-0.97458065,-0.06152135,-0.21542472,-0.056879282,0.9979971,-0.027687997
1356336372903,0.13871413,-0.009368986,-0.99028814,-0.9894185,-0.044261754,-0.13817358,-0.04253736,0.998976,-0.015409559
1356336372943,0.0497469,-0.013525426,-0.99867034,-0.9984011,-0.027546138,-0.049360394,-0.026841909,0.999529,-0.014874101
1356336372980,-0.02034545,-0.040086,-0.9989891,-0.99977684,-0.0048614144,0.02055657,-0.005680591,0.99918437,-0.039978087
1356336373021,-0.058760047,-0.09716374,-0.9935323,-0.99802047,0.028063655,0.05628097,0.022413641,0.9948727,-0.098620415
1356336373064,-0.047689885,-0.1929754,-0.980044,-0.9972278,0.065303594,0.03566748,0.057117492,0.97902805,-0.19555473
1356336373111,0.002103418,-0.3099453,-0.950752,-0.9956656,0.087753385,-0.030810386,0.09298122,0.9466959,-0.30841732
1356336373151,0.04651569,-0.4004279,-0.9151468,-0.99158955,0.09225623,-0.09076846,0.12077424,0.91167223,-0.3927688
1356336373191,0.062848836,-0.44704646,-0.8923001,-0.9885815,0.0948039,-0.11712766,0.13695502,0.8894727,-0.4359836
1356336373230,0.04663825,-0.45003378,-0.8917928,-0.9891132,0.10393363,-0.10417679,0.13957033,0.88694274,-0.44028705
1356336373270,0.0062283427,-0.4173604,-0.90871966,-0.99158335,0.11494239,-0.05958754,0.12931988,0.90144247,-0.41313177
1356336373311,-0.040131062,-0.3641732,-0.9304662,-0.9930538,0.11761746,-0.003203541,0.11060569,0.9238744,-0.3663637
1356336373350,-0.08536714,-0.29853162,-0.9505743,-0.99267507,0.10734564,0.055435658,0.0854907,0.94834375,-0.30550873
1356336373389,-0.116744936,-0.23487997,-0.9649881,-0.9914447,0.08467531,0.09933549,0.058378786,0.96832925,-0.24275595
1356336373432,-0.13514447,-0.17818207,-0.97467285,-0.9903601,0.054451585,0.12736517,0.030378282,0.98248976,-0.18382323
1356336373471,-0.13875014,-0.13287684,-0.9813726,-0.9903232,0.021502316,0.13710421,0.0028838217,0.99089926,-0.13457453
1356336373512,-0.1285739,-0.10050601,-0.9865938,-0.99141425,-0.010851622,0.13030753,-0.023802817,0.9948772,-0.098247886
1356336373550,-0.1064682,-0.08027646,-0.9910702,-0.9930719,-0.04126185,0.110025436,-0.04972583,0.9959183,-0.07532722
1356336373592,-0.07561165,-0.06892529,-0.9947523,-0.99444294,-0.06807673,0.0803051,-0.073254555,0.99529636,-0.063394845
1356336373630,-0.04028088,-0.062125742,-0.9972552,-0.99506766,-0.08805609,0.04567814,-0.09065226,0.99417627,-0.058272302
1356336373672,-0.004120946,-0.05621907,-0.99841,-0.9951967,-0.09742445,0.009593517,-0.09780884,0.9936539,-0.055547565
1356336373711,0.030226052,-0.049734056,-0.9983051,-0.9951983,-0.09452003,-0.02542311,-0.09309545,0.9942799,-0.05235222
1356336373751,0.061043352,-0.043150514,-0.99720204,-0.99494004,-0.0825046,-0.05733481,-0.07979968,0.99565613,-0.047968596
1356336373790,0.08564088,-0.036988348,-0.99563926,-0.994382,-0.06556907,-0.08309683,-0.062209547,0.9971622,-0.04239595
1356336373831,0.10119471,-0.031012625,-0.99438316,-0.99385726,-0.048163444,-0.09963912,-0.044802845,0.99835795,-0.03569603
1356336373872,0.10503051,-0.024483293,-0.99416757,-0.99404395,-0.031809658,-0.10423407,-0.029072136,0.999194,-0.02767843
1356336373911,0.09606242,-0.018392414,-0.99520534,-0.9952705,-0.016284108,-0.095767766,-0.014444649,0.9996983,-0.019869715
1356336373952,0.07929227,-0.016865939,-0.99670875,-0.9968498,4.6673417E-4,-0.07931137,0.0018028319,0.99985766,-0.016775787
1356336373991,0.06011793,-0.027474672,-0.9978131,-0.99796283,0.019731313,-0.060670286,0.021355122,0.9994278,-0.02623254
1356336374032,0.054160625,-0.06377685,-0.99649346,-0.9974581,0.042820543,-0.05695364,0.046302706,0.99704504,-0.06129557
1356336374070,0.07306501,-0.1353175,-0.9881046,-0.9944747,0.06499395,-0.08243674,0.075375944,0.98866826,-0.12982106
1356336374110,0.1236881,-0.23967499,-0.9629419,-0.98687786,0.0717904,-0.14463115,0.103794426,0.9681952,-0.22765034
1356336374151,0.19497174,-0.3504188,-0.91607463,-0.97270393,0.050741255,-0.22643402,0.12582949,0.9352176,-0.33096063
1356336374192,0.2654698,-0.4362501,-0.85977423,-0.953841,0.011027262,-0.3001097,0.14040387,0.89975786,-0.41318578
1356336374230,0.31873024,-0.48240685,-0.81590116,-0.9360138,-0.024608731,-0.35110196,0.14929569,0.87560153,-0.459383
1356336374257,0.35718113,-0.4994831,-0.7892644,-0.92132545,-0.04948216,-0.38563067,0.15356147,0.86490935,-0.47786057
1356336374297,0.3664793,-0.4843982,-0.79438746,-0.91810614,-0.049789347,-0.39319485,0.15091082,0.8734297,-0.46297568
1356336374339,0.35227138,-0.4435097,-0.8241384,-0.9250833,-0.031526625,-0.3784535,0.14186552,0.895715,-0.42138934
1356336374379,0.3195581,-0.38481173,-0.86591136,-0.93886864,-0.0050496757,-0.34423846,0.12809446,0.9229813,-0.3629014
1356336374420,0.27344805,-0.3157256,-0.90859425,-0.95558226,0.01880534,-0.29412404,0.1099489,0.9486642,-0.29655945
1356336374460,0.22059086,-0.24317816,-0.94456553,-0.971542,0.030892998,-0.23484424,0.086289406,0.9694896,-0.22944307
1356336374499,0.17550123,-0.17835656,-0.96818805,-0.98271084,0.027180672,-0.18314084,0.058980316,0.98359036,-0.17050266
1356336374540,0.14482105,-0.12628528,-0.98136586,-0.98904896,0.010035038,-0.14724624,0.028443158,0.99194324,-0.12344909
1356336374579,0.13525122,-0.08898845,-0.98680705,-0.99081004,-0.013777971,-0.13455746,-0.0016221404,0.99593735,-0.09003416
1356336374619,0.14594671,-0.06547281,-0.9871236,-0.98887587,-0.03861001,-0.14364493,-0.028707981,0.99710715,-0.070379525
1356336374659,0.17505667,-0.053737164,-0.9830909,-0.9832102,-0.061778277,-0.17170101,-0.051506907,0.9966423,-0.063649625
1356336374709,0.22020176,-0.05191219,-0.974072,-0.97296584,-0.08297172,-0.21552977,-0.069631815,0.99519885,-0.06877929
1356336374752,0.27143985,-0.050181717,-0.96114635,-0.959026,-0.09833032,-0.26570722,-0.08117619,0.9938878,-0.074816376
1356336374788,0.31335956,-0.04699132,-0.9484712,-0.94578505,-0.10528225,-0.30725595,-0.08541882,0.99333143,-0.0774349
1356336374832,0.3427602,-0.042228818,-0.9384732,-0.93574905,-0.103610754,-0.337103,-0.08300051,0.993721,-0.075029224
1356336374870,0.356769,-0.036248118,-0.93348914,-0.9311093,-0.09491655,-0.35217375,-0.07583791,0.99482507,-0.06761423
1356336374909,0.35171962,-0.029599816,-0.9356373,-0.93368876,-0.08286482,-0.34836563,-0.06721991,0.99612105,-0.056782186
1356336374950,0.32394034,-0.020862788,-0.9458474,-0.9442924,-0.068516254,-0.3218964,-0.0580903,0.99743176,-0.041895717
1356336374990,0.26629865,-0.011734188,-0.96381915,-0.96264565,-0.054041564,-0.26531646,-0.048973083,0.9984697,-0.025687039
1356336375030,0.18626478,-0.0045111775,-0.98248917,-0.98177546,-0.039239496,-0.18594927,-0.037713587,0.9992196,-0.0117378235
1356336375071,0.08873737,-0.0072831213,-0.9960284,-0.995803,-0.02314514,-0.088548034,-0.022408366,0.99970555,-0.009306371
1356336375112,0.008580804,-0.034420907,-0.9993706,-0.9999631,1.2719631E-4,-0.008590311,4.2280555E-4,0.9994074,-0.034418583
1356336375151,-0.03965369,-0.09066266,-0.99509186,-0.9987878,0.03265968,0.03682542,0.029160678,0.99534595,-0.09184784
1356336375188,-0.027072161,-0.18154985,-0.983009,-0.9977501,0.065243155,0.015428573,0.061333507,0.981215,-0.18290758
1356336375235,0.029778153,-0.2887213,-0.95695,-0.9953327,0.07935473,-0.054914683,0.0917936,0.95411885,-0.28501076
1356336375272,0.08733183,-0.37890115,-0.92130727,-0.9893253,0.07531363,-0.12475321,0.116656125,0.92236745,-0.36827922
1356336375312,0.10322641,-0.42981586,-0.89699644,-0.98571503,0.076451585,-0.15006965,0.13307911,0.8996741,-0.41578418
1356336375352,0.060355544,-0.43729907,-0.89728856,-0.98843545,0.09909761,-0.114782274,0.13911334,0.89383954,-0.42626083
1356336375390,-0.03120783,-0.405789,-0.9134339,-0.990317,0.13623527,-0.026687354,0.13527134,0.90375626,-0.4061113
1356336375430,-0.13919005,-0.3484129,-0.92694914,-0.9824481,0.16597334,0.085139245,0.124185234,0.9225298,-0.36539936
1356336375470,-0.23733959,-0.28005293,-0.93018293,-0.96553767,0.17328534,0.19418892,0.106803894,0.9442153,-0.3115291
1356336375510,-0.30601984,-0.21700498,-0.92696315,-0.9483291,0.15519726,0.27674124,0.083807886,0.9637544,-0.2532856
1356336375550,-0.34155935,-0.16752002,-0.9248104,-0.93816197,0.11989522,0.32477266,0.056474447,0.9785511,-0.19811219
1356336375590,-0.34722155,-0.13262895,-0.928357,-0.93741,0.07701266,0.3396051,0.026453823,0.9881693,-0.15106815
1356336375630,-0.3263117,-0.10998577,-0.9388417,-0.94525295,0.033578753,0.3246063,-0.0041769147,0.99336576,-0.11492157
1356336375670,-0.28264523,-0.09641138,-0.95436704,-0.9586195,-0.006942272,0.28460595,-0.03406474,0.99531734,-0.090459585
1356336375710,-0.21907115,-0.089013636,-0.9716401,-0.97376686,-0.042852998,0.2234765,-0.061530143,0.9951081,-0.077290654
1356336375750,-0.14120781,-0.08442575,-0.9863734,-0.9864146,-0.072485566,0.14741793,-0.083943725,0.9937898,-0.07304323
1356336375790,-0.058128178,-0.07962346,-0.99512875,-0.9934894,-0.0932188,0.06549114,-0.09797934,0.99245673,-0.07368642
1356336375830,0.02131641,-0.07333106,-0.99707985,-0.9946591,-0.10229576,-0.013741255,-0.10098937,0.9920474,-0.07511997
1356336375871,0.09006834,-0.06648591,-0.9937139,-0.9915364,-0.09966463,-0.08320275,-0.09350628,0.9927974,-0.07489985
1356336375912,0.14170927,-0.06014067,-0.9880798,-0.98681384,-0.08744532,-0.13620526,-0.07821146,0.9943523,-0.071739465
1356336375951,0.16983289,-0.05447033,-0.98396635,-0.9835869,-0.07111359,-0.16583076,-0.060940474,0.9959799,-0.06565371
1356336375991,0.1697039,-0.04758507,-0.9843456,-0.9845179,-0.05265665,-0.16718811,-0.043876708,0.9974783,-0.055784374
1356336376031,0.13560405,-0.039414108,-0.98997885,-0.9903435,-0.03447053,-0.13428167,-0.028832495,0.99862826,-0.043707848
1356336376072,0.07354927,-0.030642897,-0.9968207,-0.9971801,-0.017206848,-0.07304683,-0.014913797,0.99938226,-0.031822026
1356336376111,-0.007183045,-0.027325213,-0.99960077,-0.9999742,2.0936131E-4,0.007180035,1.3053417E-5,0.9996266,-0.027325988
1356336376151,-0.08161503,-0.04054594,-0.9958389,-0.9964938,0.021781325,0.08078182,0.018415332,0.9989402,-0.042181432
1356336376190,-0.12210977,-0.08311704,-0.98903024,-0.99167776,0.05117798,0.11813572,0.040797472,0.99522483,-0.088674664
1356336376236,-0.11385903,-0.16021162,-0.9804939,-0.9914158,0.082167834,0.10170123,0.06427133,0.98365676,-0.16819185
1356336376270,-0.066969484,-0.25793177,-0.9638394,-0.99409026,0.09996894,0.04231879,0.08543864,0.9609773,-0.2631023
1356336376310,-0.015537173,-0.34557748,-0.9382616,-0.99457777,0.10184464,-0.021041304,0.102828294,0.93284714,-0.345286
1356336376351,0.0056720823,-0.3981775,-0.91729087,-0.9934057,0.102800414,-0.05076638,0.11451191,0.9115299,-0.3949687
1356336376390,-0.017422661,-0.4088379,-0.91244066,-0.9928819,0.114612535,-0.03239581,0.11782178,0.90538144,-0.4079246
1356336376447,-0.07491186,-0.38401282,-0.9202839,-0.99081826,0.13282606,0.025228232,0.11254969,0.91372395,-0.39043713
1356336376468,-0.1462827,-0.33566976,-0.9305521,-0.9840801,0.14535603,0.102264345,0.1009343,0.93069726,-0.35158896
1356336376509,-0.21184412,-0.2773615,-0.93711936,-0.97358894,0.14341608,0.17764121,0.085127145,0.9500013,-0.30041796
1356336376546,-0.25903183,-0.22065973,-0.9403254,-0.9636005,0.12572008,0.23594162,0.06615499,0.96721435,-0.24519336
1356336376589,-0.28419673,-0.17169508,-0.9432672,-0.9577379,0.096386015,0.27101228,0.044386297,0.98042357,-0.19183153
1356336376629,-0.28609622,-0.13318172,-0.9489002,-0.95796776,0.061602294,0.280184,0.021139026,0.9891753,-0.14520794
1356336376669,-0.26673424,-0.10478148,-0.9580572,-0.9637673,0.026607752,0.26541394,-0.0023186803,0.99413925,-0.108082175
1356336376709,-0.22696161,-0.085779846,-0.9701187,-0.9735871,-0.005415261,0.2282519,-0.024832845,0.9962994,-0.082285106
1356336376748,-0.16747278,-0.07545611,-0.98298484,-0.9848372,-0.032969594,0.17031923,-0.04526025,0.99660397,-0.068790495
1356336376788,-0.091609955,-0.07216376,-0.9931767,-0.99382776,-0.05603516,0.09574148,-0.06256187,0.9958174,-0.066584945
1356336376829,-0.0072025657,-0.072009295,-0.997378,-0.99713326,-0.07461035,0.012587577,-0.07532111,0.9946095,-0.07126552
1356336376869,0.074307114,-0.07064754,-0.9947298,-0.99386686,-0.087164015,-0.06805214,-0.08189696,0.9936857,-0.07669112
1356336376910,0.14333656,-0.06643468,-0.9874417,-0.9863377,-0.09144649,-0.13702378,-0.08119494,0.9935914,-0.07863465
1356336376951,0.19476286,-0.06021148,-0.9790005,-0.9781062,-0.08653161,-0.18926293,-0.07331878,0.99442786,-0.0757463
1356336376992,0.22602883,-0.05393681,-0.97262627,-0.97215617,-0.07586834,-0.22171232,-0.061833084,0.9956579,-0.069583416
1356336377030,0.23511899,-0.046978176,-0.9708306,-0.97074336,-0.06144488,-0.23212454,-0.048747838,0.9970043,-0.060050607
1356336377081,0.21561664,-0.037472516,-0.9757588,-0.9758347,-0.044536173,-0.2139231,-0.035440326,0.9983047,-0.046169728
1356336377122,0.16217342,-0.028624296,-0.98634696,-0.9865037,-0.027584165,-0.16139871,-0.022587627,0.9992096,-0.032711387
1356336377160,0.09669465,-0.024695277,-0.9950077,-0.99528754,-0.009704709,-0.096480995,-0.0072736144,0.999648,-0.025517285
1356336377238,0.03536889,-0.036294907,-0.99871504,-0.9992888,0.011788636,-0.035817653,0.013073474,0.99927163,-0.035852134
1356336377240,0.0061403215,-0.07957935,-0.9968096,-0.9992224,0.038336247,-0.009215742,0.038947314,0.9960911,-0.079282045
1356336377279,0.025543451,-0.1592072,-0.98691475,-0.99751425,0.060795486,-0.03562528,0.06567183,0.98537153,-0.15725857
1356336377320,0.10784817,-0.27154836,-0.956363,-0.99016225,0.05692202,-0.12782201,0.089147985,0.96074,-0.26273805
1356336377360,0.21397354,-0.37658224,-0.901333,-0.9708587,0.019963577,-0.23881954,0.10792899,0.926168,-0.3613364
1356336377400,0.30160666,-0.4456012,-0.8428956,-0.94559956,-0.026713371,-0.32423428,0.12196261,0.89483297,-0.42941725
1356336377438,0.34793112,-0.47400683,-0.80886424,-0.9285676,-0.055286013,-0.3670227,0.12925234,0.87878376,-0.45938307
1356336377481,0.34321958,-0.46812522,-0.8142844,-0.93043435,-0.050918832,-0.3629037,0.12842196,0.8821938,-0.45303613
1356336377522,0.29342762,-0.4340138,-0.8517818,-0.9483385,-0.019709915,-0.31664717,0.120640695,0.90069056,-0.41737545
1356336377561,0.22170624,-0.38133338,-0.89745814,-0.9690006,0.016735703,-0.24649101,0.10901481,0.92428607,-0.36580187
1356336377602,0.13492587,-0.31289467,-0.94015527,-0.9864924,0.046526283,-0.15706041,0.092885256,0.9486476,-0.30239064
1356336377641,0.06572431,-0.24405372,-0.9675319,-0.99514675,0.055131853,-0.08150685,0.07323384,0.9681933,-0.23924577
1356336377682,0.020587593,-0.18232843,-0.9830222,-0.99856627,0.04484424,-0.029230744,0.04941252,0.98221457,-0.18114382
1356336377720,0.008746505,-0.13332349,-0.991034,-0.9996887,0.021992445,-0.011781573,0.023366034,0.9908285,-0.13308966
1356336377761,0.0283221,-0.09793913,-0.9947893,-0.99959576,-0.0052298903,-0.027944028,-0.0024657845,0.99517864,-0.09804767
1356336377804,0.0745326,-0.075335026,-0.99436885,-0.9968735,-0.031858474,-0.07230669,-0.026231825,0.9966492,-0.07747397
1356336377841,0.14019588,-0.06314236,-0.9881084,-0.989029,-0.055848807,-0.13675761,-0.04654947,0.99644065,-0.07027936
1356336377880,0.21394658,-0.05830154,-0.975104,-0.97483027,-0.07682544,-0.2092931,-0.06271076,0.99533844,-0.07327062
1356336377923,0.28486797,-0.05613455,-0.9569217,-0.9557626,-0.09293541,-0.27907118,-0.07326642,0.9940884,-0.08012563
1356336377962,0.34467602,-0.053849757,-0.93717587,-0.93561447,-0.1008693,-0.33830583,-0.0763146,0.9934412,-0.085149854
1356336378000,0.3898798,-0.050639123,-0.9194724,-0.9179883,-0.10024521,-0.38372967,-0.07274091,0.9936733,-0.08556971
1356336378042,0.4181114,-0.046690136,-0.9071951,-0.90611994,-0.09208503,-0.4128766,-0.06426185,0.99465597,-0.08080867
1356336378081,0.42737138,-0.04185021,-0.903107,-0.90248805,-0.078930914,-0.42342082,-0.05356282,0.99600124,-0.07150215
1356336378121,0.41500014,-0.036144614,-0.9091031,-0.9088101,-0.063566566,-0.41233906,-0.042884707,0.9973228,-0.05922872
1356336378160,0.37977818,-0.02946958,-0.924608,-0.9245137,-0.04698339,-0.37824187,-0.03229466,0.99846077,-0.04508823
1356336378239,0.31941628,-0.024698436,-0.94729257,-0.9473952,-0.029827654,-0.3186732,-0.020384789,0.9992499,-0.03292662
1356336378242,0.23849303,-0.029276162,-0.9707028,-0.97112954,-0.012695789,-0.23821497,-0.005349815,0.99949074,-0.031458795
1356336378278,0.15475252,-0.051791042,-0.98659486,-0.9878638,0.005326897,-0.15523121,0.013295114,0.99864376,-0.05033818
1356336378320,0.11134678,-0.110429704,-0.987627,-0.9931162,0.023997366,-0.11464891,0.0363611,0.99359417,-0.10699749
1356336378366,0.11428639,-0.20165324,-0.9727665,-0.9916098,0.036380976,-0.124042004,0.060403705,0.9787811,-0.19580352
1356336378402,0.16305274,-0.30754933,-0.9374579,-0.9831544,0.028891742,-0.18047926,0.08259109,0.95109344,-0.2976576
1356336378449,0.22181976,-0.39798018,-0.89017284,-0.96984863,0.00445801,-0.24366704,0.10094303,0.9173832,-0.3849917
1356336378480,0.2466795,-0.45334944,-0.85651827,-0.96247995,-0.011501953,-0.27110884,0.11305538,0.8912586,-0.43917704
1356336378520,0.20692404,-0.47012007,-0.8580032,-0.9714006,0.0056699067,-0.2373786,0.11646122,0.8825842,-0.45550168
1356336378560,0.09906973,-0.4503176,-0.8873552,-0.98882616,0.05527176,-0.13844803,0.11139125,0.8911561,-0.43981004
1356336378600,-0.05617255,-0.3954466,-0.9167697,-0.99344677,0.113681555,0.011834413,0.099539936,0.91142666,-0.3992409
1356336378640,-0.21302482,-0.3193005,-0.9234,-0.97354734,0.14928398,0.1729731,0.082618415,0.93582124,-0.34265536
1356336378680,-0.3329766,-0.24439386,-0.9107131,-0.9409225,0.14918795,0.3039866,0.061574966,0.9581308,-0.2796318
1356336378720,-0.40791798,-0.1840832,-0.8942685,-0.9122722,0.12177205,0.3910638,0.036908656,0.97533834,-0.21760702
1356336378760,-0.44339967,-0.14177209,-0.8850409,-0.8962553,0.082344055,0.4358276,0.011089593,0.98646843,-0.16357529
1356336378800,-0.4502172,-0.114041805,-0.8856065,-0.89281917,0.04265678,0.44839087,-0.013358176,0.9925598,-0.121023476
1356336378840,-0.4350109,-0.09701443,-0.8951837,-0.89976066,0.008645117,0.43629816,-0.034588248,0.99524546,-0.091050446
1356336378880,-0.40107125,-0.08823609,-0.9117874,-0.914551,-0.01829058,0.40405688,-0.05232951,0.9959316,-0.07336056
1356336378921,-0.35123408,-0.085900486,-0.93233883,-0.93385714,-0.039564073,0.35545123,-0.06742057,0.99551785,-0.066322505
1356336378960,-0.2907467,-0.0870685,-0.9528302,-0.9534946,-0.05633968,0.29609776,-0.079462916,0.9946079,-0.06663877
1356336379002,-0.22822732,-0.087557346,-0.9696628,-0.9698328,-0.06717515,0.23433304,-0.085654825,0.99389195,-0.06958479
1356336379041,-0.17312032,-0.08465868,-0.98125553,-0.98136216,-0.06955147,0.17913973,-0.08341348,0.9939797,-0.071040094
1356336379081,-0.13233995,-0.07824066,-0.9881116,-0.9884577,-0.06374556,0.13743383,-0.0737406,0.99489444,-0.06890148
1356336379120,-0.11139774,-0.069116324,-0.9913695,-0.99200225,-0.051840663,0.1150831,-0.05934736,0.99626076,-0.062788606
1356336379161,-0.114240766,-0.058518052,-0.99172807,-0.99247277,-0.03761345,0.116546005,-0.04412234,0.9975774,-0.053780615
1356336379239,-0.14322329,-0.04680103,-0.9885832,-0.9892197,-0.024032414,0.1444532,-0.030518621,0.99861515,-0.042854488
1356336379242,-0.1978777,-0.035023183,-0.97960085,-0.98004365,-0.012242198,0.19840485,-0.018941283,0.9993115,-0.031901777
1356336379280,-0.2677145,-0.026083708,-0.96314514,-0.9634694,-4.891753E-4,0.26781788,-0.007456839,0.99965966,-0.024999917
1356336379321,-0.33433175,-0.025791138,-0.94210243,-0.9424306,0.016408384,0.33399904,0.0068441927,0.9995327,-0.02979225
1356336379362,-0.37951344,-0.04482597,-0.9240996,-0.9247993,0.04726219,0.37750825,0.02675283,0.99787617,-0.059391677
1356336379401,-0.39320904,-0.09360081,-0.91467243,-0.9179886,0.09601557,0.3848091,0.051804364,0.9909692,-0.123678625
1356336379442,-0.37253875,-0.17509368,-0.91134906,-0.92468417,0.15318656,0.34855872,0.07857597,0.97256166,-0.21897429
1356336379485,-0.3303784,-0.27256706,-0.9036356,-0.93811595,0.20018744,0.28260145,0.10386869,0.94108033,-0.32183707
1356336379532,-0.2954291,-0.3510994,-0.88851047,-0.94703305,0.23018163,0.22393039,0.12589696,0.90760434,-0.40050513
1356336379562,-0.28639075,-0.38945216,-0.8753898,-0.94750684,0.2506927,0.19845375,0.14216554,0.88627315,-0.44080466
1356336379602,-0.30414593,-0.385759,-0.8710254,-0.94080985,0.26519603,0.21106362,0.14957279,0.8836634,-0.44358414
1356336379644,-0.33975008,-0.34641978,-0.87439305,-0.92908776,0.26810846,0.25478196,0.14617068,0.8989501,-0.4129442
1356336379682,-0.3709402,-0.29492477,-0.8805809,-0.9187144,0.25492513,0.30162403,0.13552582,0.92088675,-0.36551356
1356336379723,-0.396642,-0.23740849,-0.88674253,-0.91037214,0.22578403,0.3467622,0.11788803,0.9448062,-0.30568552
1356336379763,-0.4101316,-0.18564436,-0.8929324,-0.9069973,0.18569735,0.37798446,0.095644504,0.9649107,-0.24453932
1356336379802,-0.41300982,-0.1436795,-0.89932144,-0.90803456,0.14083469,0.3945109,0.069972545,0.9795519,-0.18863207
1356336379843,-0.4062379,-0.11332807,-0.90671253,-0.9127625,0.09684956,0.39684346,0.042841226,0.98882604,-0.14278561
1356336379882,-0.3911625,-0.093963504,-0.9155122,-0.92017174,0.057878792,0.387213,0.016604811,0.9938917,-0.10910255
1356336379923,-0.3689857,-0.084655255,-0.92557174,-0.9294002,0.024987996,0.36822653,-0.008044124,0.99609697,-0.08789885
1356336379962,-0.3395779,-0.084457606,-0.9367784,-0.94006705,-0.0023469925,0.3409816,-0.030997038,0.9964243,-0.07859886
1356336380004,-0.3038413,-0.090896696,-0.9483766,-0.95131993,-0.025050282,0.30718523,-0.051679194,0.9955452,-0.07886058
1356336380042,-0.26516294,-0.098302364,-0.95917946,-0.96183527,-0.04271388,0.27027473,-0.06753892,0.99423945,-0.083224535
1356336380086,-0.22870272,-0.10180545,-0.96815836,-0.9705919,-0.05291903,0.23484221,-0.075142235,0.9933958,-0.08670884
1356336380121,-0.1975658,-0.099172264,-0.97526026,-0.9775485,-0.054416835,0.20356283,-0.07325837,0.9935812,-0.08619481
1356336380164,-0.17529845,-0.090108305,-0.98038304,-0.98254097,-0.047021866,0.18000615,-0.062319517,0.9948213,-0.080292225
1356336380203,-0.16246563,-0.07788822,-0.9836353,-0.9855355,-0.03590125,0.16562235,-0.04821375,0.9963155,-0.07092893
1356336380242,-0.16098428,-0.06237468,-0.984984,-0.9864094,-0.023069084,0.16267812,-0.032869637,0.99778616,-0.057813227
1356336380279,-0.17192048,-0.04586363,-0.98404264,-0.98493445,-0.010902107,0.17258435,-0.018643469,0.9988882,-0.043298364
1356336380322,-0.19217515,-0.03008616,-0.98089933,-0.9813477,7.561445E-4,0.19223979,-0.005042106,0.999547,-0.029670238
1356336380362,-0.21782982,-0.020516336,-0.97577107,-0.9759399,0.014368236,0.21756545,0.0095564425,0.99968624,-0.02315253
1356336380401,-0.24034882,-0.026756912,-0.9703178,-0.9703027,0.03473586,0.23938718,0.027299583,0.99903834,-0.034310997
1356336380444,-0.24783838,-0.064184874,-0.96667284,-0.967561,0.06687361,0.24362585,0.049007833,0.99569476,-0.07867664
1356336380482,-0.234909,-0.13518402,-0.962571,-0.9694787,0.10410875,0.22197369,0.070204735,0.9853358,-0.15551412
1356336380522,-0.19458556,-0.23935872,-0.9512328,-0.977055,0.13291848,0.1664215,0.08660197,0.96178997,-0.2597307
1356336380562,-0.13736239,-0.34804788,-0.92735875,-0.9856626,0.14064392,0.09321329,0.09798467,0.92686677,-0.36237693
1356336380606,-0.08309135,-0.42865765,-0.89963794,-0.99078536,0.13242778,0.028410912,0.10695851,0.8937088,-0.43571132
1356336380642,-0.044045895,-0.4688648,-0.88217103,-0.9926375,0.12026915,-0.014360458,0.112831086,0.8750435,-0.4707101
1356336380685,-0.03373298,-0.4627892,-0.88582635,-0.99301434,0.115793556,-0.022680193,0.11306915,0.8788731,-0.4634624
1356336380723,-0.03838195,-0.4299915,-0.9020167,-0.99330235,0.114867315,-0.012490988,0.10898322,0.89549583,-0.43152034
1356336380762,-0.059646457,-0.37422764,-0.9254166,-0.99308515,0.11615351,0.017036825,0.10111472,0.9200337,-0.37856805
1356336380803,-0.08951798,-0.3061598,-0.947762,-0.9919552,0.11292252,0.05721426,0.089506984,0.9452591,-0.31380534
1356336380841,-0.12000367,-0.23781326,-0.9638692,-0.9900588,0.100417286,0.09848866,0.07336721,0.9661062,-0.24749947
1356336380882,-0.14542612,-0.17788193,-0.9732468,-0.9879906,0.078020245,0.13336933,0.05220893,0.98095405,-0.18709183
1356336380921,-0.16133517,-0.13187286,-0.9780493,-0.9865241,0.048884988,0.15614185,0.027221054,0.99006045,-0.13798267
1356336380964,-0.16542476,-0.10148743,-0.9809867,-0.9862224,0.017220914,0.16452616,1.9612908E-4,0.99468774,-0.10293794
1356336381002,-0.1569969,-0.08523667,-0.983914,-0.9872565,-0.012692988,0.15862983,-0.026009917,0.9962799,-0.08215773
1356336381046,-0.13581288,-0.08194268,-0.98734,-0.98945236,-0.039465427,0.13937885,-0.050386935,0.9958553,-0.0757184
1356336381089,-0.10192549,-0.08758825,-0.99092865,-0.9922331,-0.062451005,0.10757971,-0.07130721,0.99419725,-0.080542564
1356336381125,-0.061358094,-0.0924004,-0.99382967,-0.9944551,-0.07954091,0.068791926,-0.08540648,0.99253994,-0.08700758
1356336381156,-0.02336651,-0.09357759,-0.9953377,-0.9954159,-0.09018266,0.03184688,-0.092742294,0.9915192,-0.091041386
1356336381197,0.006521553,-0.08974177,-0.9959437,-0.99588925,-0.09056434,0.0016393065,-0.09034413,0.99183893,-0.089963496
1356336381238,0.028622746,-0.08169696,-0.9962461,-0.9963099,-0.08300996,-0.021817416,-0.0809159,0.99319434,-0.08377147
1356336381282,0.039304405,-0.07099506,-0.9967021,-0.99685204,-0.07152167,-0.034215838,-0.06885663,0.9949093,-0.07358274
1356336381322,0.033646047,-0.058019042,-0.9977484,-0.99782324,-0.058602333,-0.030240774,-0.056715876,0.99659395,-0.05986449
1356336381363,0.0074718595,-0.043889016,-0.9990084,-0.99894774,-0.04553497,-0.0054709613,-0.04524967,0.9979981,-0.044183075
1356336381402,-0.037976444,-0.03096968,-0.9987986,-0.9987262,-0.032054245,0.03896758,-0.033222586,0.99900615,-0.029712915
1356336381442,-0.09489483,-0.025538325,-0.99515975,-0.9953202,-0.015882313,0.09531772,-0.018239647,0.9995477,-0.023911715
1356336381482,-0.14789832,-0.03863451,-0.98824763,-0.9890001,0.007994115,0.14769843,0.002193898,0.99922144,-0.039391816
1356336381523,-0.17515415,-0.084497154,-0.98090833,-0.9841009,0.0448128,0.171864,0.029435217,0.99541545,-0.09100288
1356336381564,-0.16855511,-0.16296256,-0.9721278,-0.98387074,0.08774486,0.15588209,0.05989626,0.98272276,-0.17512393
1356336381602,-0.12390149,-0.26630774,-0.9558916,-0.9881909,0.12063336,0.09448007,0.0901517,0.95630956,-0.27810955
1356336381641,-0.073798984,-0.35813385,-0.93074906,-0.990483,0.13504568,0.026572376,0.1161772,0.9238521,-0.36469173
1356336381682,-0.047650352,-0.41330588,-0.9093446,-0.9896393,0.14297466,-0.013125449,0.13543802,0.8992977,-0.4158365
1356336381721,-0.05991222,-0.42505088,-0.90318453,-0.98764837,0.156476,-0.0081246495,0.14478007,0.8915419,-0.42917562
1356336381762,-0.105849236,-0.39953583,-0.9105861,-0.9839744,0.17422774,0.0379346,0.14349318,0.9000088,-0.41157496
1356336381800,-0.16887501,-0.3492883,-0.9216718,-0.9765494,0.1859856,0.10844657,0.13353854,0.9183719,-0.3725056
1356336381841,-0.23150253,-0.28861374,-0.9290365,-0.9657683,0.18307316,0.18378222,0.11703959,0.93978,-0.32111585
1356336381881,-0.2819708,-0.22961187,-0.93154216,-0.9546958,0.16341436,0.24869996,0.0951229,0.95946556,-0.26528758
1356336381921,-0.31329572,-0.18157351,-0.93213564,-0.94706535,0.13218606,0.29256475,0.07009333,0.9744526,-0.21337533
1356336381960,-0.32643288,-0.14660797,-0.9337814,-0.94424486,0.09544879,0.3151048,0.042931378,0.98457885,-0.16959143
1356336382001,-0.32281953,-0.12385976,-0.938321,-0.94634473,0.057749152,0.317957,0.014805138,0.9906179,-0.13585657
1356336382042,-0.3047098,-0.11180171,-0.9458606,-0.9523418,0.02112782,0.30430034,-0.014037281,0.99350595,-0.11291134
1356336382080,-0.27365983,-0.10780451,-0.9557659,-0.9609357,-0.0121126175,0.2765063,-0.04138547,0.9940983,-0.1002785
1356336382121,-0.23384863,-0.10965735,-0.9660694,-0.970012,-0.041410267,0.23950341,-0.0662685,0.9931065,-0.09668517
1356336382160,-0.19020808,-0.112612724,-0.9752636,-0.9779651,-0.06533992,0.19827971,-0.08605251,0.9914882,-0.0977031
1356336382201,-0.15029943,-0.11200759,-0.9822751,-0.9839115,-0.08011675,0.15968534,-0.09658262,0.99047244,-0.09816408
1356336382241,-0.12061107,-0.105909616,-0.98703396,-0.98819363,-0.081820965,0.12953225,-0.094478846,0.99100375,-0.0947907
1356336382277,-0.10482997,-0.09582043,-0.98986316,-0.99109185,-0.0721485,0.1119442,-0.082143664,0.99278045,-0.087403536
1356336382320,-0.106960416,-0.082113504,-0.99086666,-0.9922726,-0.054214597,0.11160502,-0.062883735,0.9951472,-0.07568014
1356336382359,-0.13020307,-0.06610915,-0.98928094,-0.9905585,-0.03450519,0.13267705,-0.042906433,0.9972156,-0.06099236
1356336382402,-0.17391676,-0.04646963,-0.9836633,-0.9844716,-0.015981257,0.17481467,-0.023843765,0.9987918,-0.04296863
1356336382441,-0.23604423,-0.026779294,-0.97137326,-0.97172064,-1.74582E-4,0.2361334,-0.006493032,0.99964136,-0.02598083
1356336382481,-0.30000585,-0.011807263,-0.9538643,-0.95386696,0.015861392,0.29981035,0.011589706,0.99980444,-0.016021073
1356336382520,-0.35560995,-0.010519713,-0.9345753,-0.9340588,0.03909284,0.35497338,0.032801002,0.99918026,-0.023727894
1356336382561,-0.39092392,-0.034007132,-0.9197946,-0.91861725,0.07698196,0.38757733,0.0576272,0.99645245,-0.061333656
1356336382601,-0.39752537,-0.09426907,-0.91273594,-0.91379535,0.13105506,0.38445115,0.083376825,0.9868829,-0.13824034
1356336382641,-0.37991604,-0.18443537,-0.90644765,-0.9190303,0.18660197,0.3472218,0.10510492,0.964968,-0.24039477
