1355995371186,-0.14136255,-0.23620956,0.96136445,-0.19600944,-0.94521236,-0.2610629,0.97035915,-0.22534102,0.08731833
1355995371223,-0.063930154,0.10876832,0.9920092,-0.23302811,-0.96818984,0.09113914,0.9703663,-0.2253395,0.0872426
1355995371263,-0.06345308,0.10852486,0.9920666,-0.232939,-0.9682228,0.09101761,0.97041905,-0.22531566,0.086716324
1355995371304,-0.06181693,0.10785544,0.9922428,-0.23250577,-0.9683498,0.090773135,0.9706285,-0.22509086,0.08493742
1355995371343,-0.05861926,0.1070355,0.99252564,-0.23150279,-0.9685893,0.09078145,0.97106653,-0.22445092,0.081557006
1355995371383,-0.053699076,0.10625957,0.9928873,-0.22973911,-0.9689628,0.091273986,0.97176963,-0.22320372,0.07644445
1355995371423,-0.047522485,0.1061151,0.99321765,-0.22739631,-0.9693812,0.09268819,0.9726421,-0.22144924,0.07019752
1355995371462,-0.040750265,0.106846645,0.9934401,-0.22480585,-0.9697538,0.09507775,0.9735511,-0.2194567,0.06353754
1355995371503,-0.033898056,0.10829248,0.99354094,-0.22218594,-0.97005135,0.09815157,0.9744149,-0.2174237,0.056943923
1355995371545,-0.027469039,0.110302195,0.9935185,-0.21962337,-0.97027475,0.10164943,0.97519803,-0.21540767,0.050877392
1355995371583,-0.022147417,0.11295627,0.99335307,-0.21722643,-0.97040284,0.10550335,0.97586995,-0.21344593,0.046029
1355995371623,-0.018347979,0.115996435,0.99308026,-0.21486245,-0.970499,0.10938908,0.976472,-0.21136858,0.042729914
1355995371665,-0.016032994,0.119244784,0.9927354,-0.21237037,-0.9706152,0.1131579,0.9770577,-0.20901331,0.040886045
1355995371703,-0.014894426,0.12230247,0.99238104,-0.2095637,-0.9708298,0.11650117,0.97768146,-0.20623185,0.040090114
1355995371743,-0.014719367,0.12488997,0.9920614,-0.20637524,-0.9711852,0.11919986,0.9783622,-0.20298238,0.04006943
1355995371785,-0.015650988,0.12709394,0.99176717,-0.20284835,-0.9716659,0.12131685,0.9790851,-0.19927958,0.040988386
1355995371823,-0.017916799,0.12924573,0.9914508,-0.19912481,-0.9722069,0.12313865,0.97981036,-0.1952162,0.043154806
1355995371863,-0.021551847,0.13167739,0.9910583,-0.19539648,-0.97272664,0.124992594,0.9804875,-0.1909555,0.046693295
1355995371902,-0.0264647,0.13455972,0.990552,-0.19188091,-0.9731571,0.12707023,0.9810613,-0.18670513,0.051573813
1355995371943,-0.032406926,0.13794735,0.9899093,-0.18880516,-0.97344226,0.12947164,0.98147976,-0.1827042,0.05759138
1355995371983,-0.038991213,0.14063059,0.98929405,-0.18624787,-0.97372013,0.1310761,0.9817288,-0.1791431,0.06415862
1355995372023,-0.045174956,0.1427795,0.98872304,-0.18420547,-0.97395253,0.13223013,0.9818491,-0.1761547,0.07029903
1355995372063,-0.05010563,0.14380756,0.9883364,-0.18252596,-0.97423184,0.13250177,0.9819235,-0.17375796,0.07506305
1355995372122,-0.052872837,0.1435425,0.9882307,-0.18102637,-0.9745963,0.1318767,0.9820559,-0.17192313,0.07751465
1355995372154,-0.053632677,0.14282325,0.988294,-0.1798245,-0.97491926,0.13113171,0.98223555,-0.17068654,0.077970654
1355995372195,-0.052328944,0.14244793,0.9884181,-0.17896082,-0.9750889,0.1310524,0.9824636,-0.17003027,0.07651791
1355995372225,-0.049859166,0.14377564,0.98835355,-0.17842513,-0.9749473,0.13282447,0.98268944,-0.1697246,0.074263185
1355995372265,-0.04588902,0.14582387,0.9882457,-0.17818296,-0.97461784,0.13553908,0.9829267,-0.1698688,0.07070759
1355995372295,-0.041261077,0.15136339,0.9876166,-0.1782604,-0.97371453,0.14178528,0.9831179,-0.17020272,0.06715867
1355995372335,-0.036299586,0.15811287,0.9867536,-0.17867534,-0.9725208,0.14925937,0.9832382,-0.1708905,0.063552976
1355995372374,-0.031013966,0.16856536,0.98520243,-0.1794874,-0.97059315,0.16041553,0.98327124,-0.17185631,0.060357362
1355995372415,-0.025616229,0.18155184,0.98304766,-0.1804919,-0.9680492,0.17407863,0.9832428,-0.1729729,0.057566404
1355995372455,-0.019892275,0.19577439,0.98044723,-0.18120004,-0.96510744,0.189035,0.9832451,-0.17389673,0.05467245
1355995372495,-0.0134369135,0.20972356,0.97766846,-0.18118763,-0.96208113,0.20388965,0.9833568,-0.17440178,0.050926656
1355995372535,-0.0060255527,0.22225407,0.9749701,-0.18010339,-0.9592851,0.21756545,0.9836291,-0.17428449,0.045809
1355995372575,0.0021403432,0.23268108,0.97255075,-0.17775975,-0.9569754,0.22934592,0.9840716,-0.17337126,0.039313078
1355995372615,0.010250092,0.2410227,0.9704654,-0.17386794,-0.9553033,0.23909348,0.9847157,-0.17118356,0.03211406
1355995372655,0.017156065,0.24780108,0.968659,-0.16760494,-0.95438033,0.2471168,0.98570496,-0.16659158,0.02515927
1355995372695,0.021624029,0.25392616,0.9669818,-0.1580061,-0.9541843,0.25409898,0.9872013,-0.15828367,0.019488633
1355995372735,0.0229429,0.26022843,0.96527445,-0.14554206,-0.9543729,0.26074874,0.98908603,-0.14647034,0.015978098
1355995372775,0.020938575,0.26733696,0.9633755,-0.13208076,-0.9544014,0.26771736,0.99101776,-0.132849,0.015326321
1355995372815,0.016109645,0.27564383,0.9611249,-0.12022707,-0.95374125,0.27554142,0.9926157,-0.1199921,0.017775416
1355995372860,0.009423733,0.28526685,0.95840186,-0.111090355,-0.95221275,0.284517,0.99376565,-0.109150425,0.02271694
1355995372894,0.0021415353,0.29605862,0.95516735,-0.103950866,-0.9499289,0.294668,0.9945801,-0.099921495,0.0287413
1355995372930,-0.0044645667,0.30764022,0.9514923,-0.097699344,-0.9470839,0.30575645,0.995206,-0.09159509,0.034284562
1355995372974,-0.009557605,0.31945735,0.9475524,-0.0921961,-0.94384086,0.31727612,0.99569494,-0.08432821,0.038473696
1355995373013,-0.012629926,0.33115798,0.9434908,-0.08870958,-0.9402166,0.32882124,0.99597746,-0.07954368,0.04125175
1355995373053,-0.013472736,0.34210274,0.939566,-0.08875871,-0.9363512,0.33965945,0.99596214,-0.078818515,0.042979747
1355995373122,-0.011963189,0.35199416,0.9359258,-0.09248908,-0.93236977,0.34947455,0.9956419,-0.08238207,0.043709725
1355995373136,-0.008228183,0.3606201,0.9326765,-0.09807962,-0.92850184,0.3581407,0.99514455,-0.088529706,0.04300937
1355995373175,-0.0035633445,0.36847115,0.9296324,-0.10241537,-0.92488444,0.36619663,0.99473536,-0.09390378,0.04103273
1355995373215,0.0010215044,0.37550414,0.9268201,-0.10378322,-0.92177594,0.37357485,0.9945994,-0.09657,0.038029432
1355995373255,0.0053874254,0.38151222,0.92434806,-0.10288046,-0.919245,0.38000563,0.99467915,-0.097144604,0.034297794
1355995373295,0.010192335,0.3855689,0.9226228,-0.102505326,-0.91740716,0.3845216,0.9946803,-0.098492935,0.03017229
1355995373335,0.016077578,0.38669932,0.92206573,-0.105455354,-0.9163857,0.38615602,0.99429405,-0.10344522,0.026046248
1355995373375,0.023618996,0.38408452,0.9229958,-0.11221598,-0.91640013,0.38421142,0.9934031,-0.112649575,0.021455973
1355995373415,0.033308625,0.377221,0.9255241,-0.12117435,-0.9176824,0.37838578,0.9920722,-0.12475328,0.015142769
1355995373455,0.044775903,0.36637327,0.9293899,-0.13082716,-0.92016035,0.36903787,0.99039346,-0.13811344,0.0067306757
1355995373495,0.05682242,0.3524801,0.93409264,-0.1410597,-0.9233844,0.35702026,0.9883691,-0.1520496,-0.00274825
1355995373535,0.06818342,0.33636165,0.9392614,-0.15210898,-0.92694104,0.3429916,0.98600906,-0.16625643,-0.012038379
1355995373575,0.078675866,0.3178202,0.9448812,-0.1633315,-0.9309018,0.32671794,0.9834292,-0.18003365,-0.021329463
1355995373615,0.089772224,0.29492036,0.95129544,-0.17220804,-0.93616945,0.30648202,0.9809615,-0.19133429,-0.033254355
1355995373655,0.10540259,0.26296246,0.9590313,-0.17359257,-0.9447301,0.27811986,0.97916085,-0.19579524,-0.053928673
1355995373695,0.1316219,0.21358518,0.96801704,-0.1612662,-0.95889074,0.23349899,0.9780945,-0.186842,-0.09176695
1355995373735,0.17359352,0.13614076,0.97536194,-0.13465881,-0.9778154,0.16044958,0.9755677,-0.1591941,-0.15140986
1355995373775,0.22825062,0.025303017,0.9732736,-0.1077304,-0.99286723,0.051077176,0.9676238,-0.11650956,-0.22389665
1355995373815,0.28052568,-0.108191565,0.9537295,-0.10113239,-0.99142796,-0.08272148,0.9545039,-0.07324744,-0.28906268
1355995373855,0.31114346,-0.2373554,0.92024577,-0.11931138,-0.97040445,-0.20995238,0.9428439,-0.04447048,-0.3302542
1355995373895,0.3111077,-0.33826113,0.88813925,-0.14753711,-0.9403754,-0.306475,0.9388529,-0.03568679,-0.3424641
1355995373935,0.28414315,-0.40398765,0.8695152,-0.17118265,-0.9137,-0.3685768,0.9433764,-0.04411733,-0.32877725
1355995373974,0.23893762,-0.4407725,0.8652331,-0.1853089,-0.8953644,-0.40494838,0.9531891,-0.06357801,-0.29561532
1355995374015,0.18367022,-0.45888823,0.86930245,-0.19070469,-0.8841795,-0.42644858,0.96431166,-0.087454155,-0.24990958
1355995374054,0.12496132,-0.46928465,0.87416047,-0.18895526,-0.8761973,-0.44336691,0.9740023,-0.10977355,-0.19816458
1355995374123,0.06798661,-0.48242286,0.8732961,-0.18051925,-0.866822,-0.46479294,0.981219,-0.12604704,-0.14601889
1355995374136,0.016460836,-0.5068964,0.8618498,-0.1649558,-0.85153204,-0.49767742,0.9861636,-0.13397494,-0.09763244
1355995374174,-0.026802778,-0.5497273,0.834914,-0.14334047,-0.8244694,-0.5474519,0.98931044,-0.13435023,-0.05670005
1355995374215,-0.059144318,-0.6098937,0.7902731,-0.11719155,-0.78194255,-0.6122352,0.9913466,-0.12882356,-0.025226936
1355995374254,-0.07945782,-0.68511647,0.72408694,-0.089619935,-0.7185324,-0.68969524,0.9928015,-0.11969426,-0.004307136
1355995374295,-0.08721942,-0.765357,0.6376687,-0.06423885,-0.6344547,-0.77028596,0.9941157,-0.108146995,0.006171152
1355995374335,-0.08338326,-0.83873934,0.53811115,-0.044721246,-0.53629804,-0.84284306,0.9955136,-0.09434399,0.0072087646
1355995374375,-0.07208198,-0.89590085,0.43836734,-0.03416583,-0.4370348,-0.8987955,0.9968133,-0.07976416,8.93116E-4
1355995374415,-0.06115067,-0.9333516,0.3537165,-0.032849967,-0.35230577,-0.9353082,0.9975878,-0.06881428,-0.009116858
1355995374455,-0.0576905,-0.95403254,0.29409817,-0.037920088,-0.29228222,-0.95558006,0.99761415,-0.06628007,-0.019315124
1355995374495,-0.06387782,-0.9632884,0.26075843,-0.046083093,-0.25816607,-0.96500087,0.99689317,-0.073658735,-0.027900219
1355995374535,-0.07751107,-0.96483815,0.251156,-0.055398226,-0.2473566,-0.9673395,0.9954512,-0.088893205,-0.03427741
1355995374575,-0.09573132,-0.9595833,0.26464203,-0.06495735,-0.25927413,-0.9636169,0.99328554,-0.10943872,-0.03751138
1355995374615,-0.117019236,-0.9452944,0.30450773,-0.07515141,-0.2973066,-0.9518199,0.9902822,-0.13426545,-0.036249638
1355995374655,-0.1397329,-0.91605234,0.37592912,-0.089528054,-0.3664108,-0.92613596,0.9861336,-0.16306788,-0.03081274
1355995374695,-0.15774357,-0.86364496,0.4787843,-0.11537251,-0.46541518,-0.8775409,0.9807172,-0.19366497,-0.026224673
1355995374735,-0.15676588,-0.787305,0.5963013,-0.15751758,-0.5761069,-0.802053,0.9749937,-0.21966252,-0.033700436
1355995374765,-0.12857038,-0.6958072,0.70662725,-0.20590277,-0.67828393,-0.70536166,0.97008955,-0.23618512,-0.056061476
1355995374803,-0.06399113,-0.646709,0.76004773,-0.24783409,-0.72745067,-0.6398389,0.9666868,-0.22930974,-0.11372614
1355995374844,0.026382089,-0.6236339,0.7812712,-0.27726263,-0.7554454,-0.5936563,0.96043193,-0.2009554,-0.19284065
1355995374883,0.116408825,-0.6021617,0.78984195,-0.28871816,-0.78142273,-0.55319107,0.9503109,-0.16364537,-0.2648195
1355995374923,0.18594015,-0.557533,0.8090632,-0.2782113,-0.81959933,-0.5008547,0.9423506,-0.13196148,-0.3075084
1355995374963,0.22728121,-0.47854847,0.84813595,-0.24739462,-0.8707298,-0.4250006,0.9418806,-0.11322965,-0.31629086
1355995375003,0.24088484,-0.36844218,0.8979003,-0.20624828,-0.9234444,-0.3235925,0.94838613,-0.10724185,-0.29843432
1355995375043,0.23156255,-0.24340121,0.94187826,-0.16767256,-0.96369016,-0.20781526,0.9582613,-0.1098049,-0.26396626
1355995375083,0.20742112,-0.12568319,0.9701444,-0.13963237,-0.98536175,-0.0978006,0.96823514,-0.11517765,-0.22193429
1355995375126,0.17655027,-0.03206029,0.98376936,-0.12211324,-0.9924614,-0.010428734,0.9766875,-0.118290074,-0.17913431
1355995375164,0.14452916,0.029794343,0.9890518,-0.11099384,-0.9927501,0.046125162,0.9832556,-0.116445094,-0.14017436
1355995375204,0.11442053,0.058522873,0.9917071,-0.10268227,-0.9922198,0.07040034,0.9881115,-0.10988599,-0.10752106
1355995375245,0.08811337,0.05301877,0.9946985,-0.095768295,-0.9935058,0.061438642,0.9914961,-0.100674145,-0.08246362
1355995375285,0.06665194,0.011489112,0.9977101,-0.08976756,-0.9958096,0.017464139,0.99372995,-0.090726025,-0.065341294
1355995375325,0.05026543,-0.0676284,0.9964435,-0.08396867,-0.9944585,-0.06325789,0.9951998,-0.08049035,-0.055665553
1355995375365,0.038694143,-0.18291253,0.98236746,-0.078219175,-0.98064154,-0.17951024,0.996185,-0.06989398,-0.052252352
1355995375405,0.030207872,-0.32265443,0.94603467,-0.07464644,-0.9445518,-0.31976515,0.9967524,-0.0609587,-0.052617904
1355995375445,0.020784795,-0.45937657,0.8879984,-0.07630561,-0.8863285,-0.45672667,0.99686784,-0.058266282,-0.053475164
1355995375485,0.0067726374,-0.5649395,0.82510453,-0.08388828,-0.8225359,-0.5624922,0.99645215,-0.06540702,-0.05296254
1355995375525,-0.011506677,-0.6292104,0.77714974,-0.0958491,-0.7729283,-0.6272118,0.9953293,-0.081706226,-0.051415354
1355995375565,-0.030745327,-0.6553085,0.75473535,-0.110574454,-0.7482276,-0.6541625,0.9933921,-0.103566915,-0.04945582
1355995375605,-0.048058927,-0.64545774,0.76228255,-0.12734804,-0.7529769,-0.645607,0.99069315,-0.12810233,-0.04601057
1355995375645,-0.0618214,-0.59523296,0.8011716,-0.14711824,-0.78850454,-0.59717405,0.98718506,-0.15478507,-0.038823158
1355995375685,-0.0690248,-0.49913073,0.8637731,-0.17287104,-0.8467553,-0.5031113,0.98252285,-0.18404855,-0.027838081
1355995375723,-0.062924385,-0.3686968,0.9274175,-0.2056083,-0.90453595,-0.37355053,0.97660935,-0.21419014,-0.018889815
1355995375763,-0.03537792,-0.24540131,0.96877587,-0.23706414,-0.9396536,-0.24668148,0.97084963,-0.23838907,-0.024932858
1355995375821,0.017247677,-0.17231785,0.9848904,-0.25270662,-0.9538071,-0.16245401,0.96738917,-0.24608636,-0.059996817
1355995375843,0.09302318,-0.16595833,0.98173547,-0.24590947,-0.9592942,-0.13886386,0.9648187,-0.22850049,-0.13004732
1355995375884,0.1807068,-0.20207523,0.9625543,-0.22628899,-0.96095306,-0.15925631,0.95715123,-0.18903673,-0.21937814
1355995375921,0.25945193,-0.23742206,0.93611723,-0.20582502,-0.96063447,-0.18659429,0.94356805,-0.14426409,-0.29810587
1355995375964,0.31199837,-0.23935908,0.9194369,-0.1841844,-0.96462315,-0.18862206,0.9320585,-0.110496156,-0.34504706
1355995376003,0.33328903,-0.20316148,0.92067575,-0.15897423,-0.9746358,-0.15751916,0.92932534,-0.093864314,-0.35713285
1355995376043,0.3264752,-0.14200088,0.93447834,-0.13483262,-0.98553663,-0.1026536,0.93553954,-0.09248432,-0.34089962
1355995376084,0.2993548,-0.07745288,0.95099306,-0.11944187,-0.99190146,-0.043186575,0.9466363,-0.10066028,-0.30618158
1355995376123,0.25908136,-0.023058899,0.96558017,-0.11458836,-0.99338824,0.007023003,0.959034,-0.11246377,-0.26001066
1355995376162,0.21435046,0.0026418604,0.97675323,-0.11815557,-0.99258274,0.028614148,0.969584,-0.12154229,-0.21244842
1355995376203,0.16889942,0.0027241632,0.9856295,-0.1221934,-0.99222374,0.023681689,0.97802955,-0.12443726,-0.16725314
1355995376243,0.124797404,-0.033644576,0.99161166,-0.123546705,-0.99217343,-0.018114898,0.9844602,-0.12024966,-0.12797734
1355995376283,0.08362639,-0.11618276,0.9897011,-0.12053649,-0.9870668,-0.10568859,0.98918027,-0.110456735,-0.09654909
1355995376323,0.046649575,-0.2575393,0.9651411,-0.11294337,-0.96135706,-0.2510705,0.9925057,-0.09729396,-0.07393426
1355995376363,0.016043067,-0.45997778,0.88778543,-0.10131964,-0.8840772,-0.4562255,0.9947245,-0.08263086,-0.060788035
1355995376403,-0.005203426,-0.68283176,0.7305571,-0.088368565,-0.7273948,-0.6805055,0.9960742,-0.06809923,-0.056555912
1355995376443,-0.018138051,-0.8497471,0.5268784,-0.0794304,-0.5240749,-0.8479601,0.99667543,-0.057230502,-0.057990074
1355995376483,-0.029733777,-0.9350727,0.35320663,-0.07594806,-0.35022795,-0.9335804,0.99666834,-0.054584235,-0.06060338
1355995376523,-0.04544145,-0.9689845,0.24290764,-0.0750151,-0.23916239,-0.96807754,0.99614644,-0.062212586,-0.061820596
1355995376563,-0.06529486,-0.9798483,0.18876892,-0.07481462,-0.18383312,-0.9801062,0.9950574,-0.07811862,-0.061303616
1355995376603,-0.08701688,-0.9797386,0.18038964,-0.075609,-0.17405903,-0.9818282,0.99333346,-0.09907472,-0.058930933
1355995376643,-0.108827114,-0.9696592,0.21890101,-0.07916212,-0.21105582,-0.9742632,0.9909036,-0.12335491,-0.0537917
1355995376683,-0.1290856,-0.9390576,0.3186029,-0.09051636,-0.30879146,-0.94681287,0.98749363,-0.15105864,-0.04513955
1355995376723,-0.14104378,-0.857147,0.49538442,-0.120289594,-0.48184162,-0.8679626,0.9826683,-0.18201032,-0.035145104
1355995376763,-0.12556732,-0.68624544,0.7164496,-0.17439914,-0.69565094,-0.69688934,0.97663593,-0.21245472,-0.03232959
1355995376803,-0.06711626,-0.47518066,0.8773247,-0.22947606,-0.8483832,-0.47706038,0.97099745,-0.23334354,-0.052102223
1355995376843,0.02412951,-0.34076726,0.93983805,-0.25689185,-0.9106566,-0.32359117,0.96613896,-0.23362863,-0.10951403
1355995376883,0.13475835,-0.30476788,0.94284505,-0.25862774,-0.9293595,-0.2634438,0.9565312,-0.20834465,-0.20406038
1355995376923,0.25044638,-0.30923563,0.91741484,-0.24776925,-0.9365291,-0.24803963,0.93588835,-0.16518655,-0.3111694
1355995376963,0.35032952,-0.28815603,0.89119875,-0.22261876,-0.94984895,-0.21960844,0.90978575,-0.12146224,-0.39690906
1355995377003,0.41784364,-0.21087016,0.88370836,-0.17342918,-0.9733176,-0.15025021,0.8918122,-0.09047972,-0.44326562
1355995377043,0.4449271,-0.08459504,0.8915624,-0.10550667,-0.99354726,-0.04161951,0.8893302,-0.075548135,-0.45098144
1355995377083,0.43377328,0.058926985,0.8990931,-0.041268706,-0.99551255,0.08515672,0.90007645,-0.07404312,-0.4293949
1355995377127,0.3950398,0.18975435,0.898853,-8.908957E-4,-0.97835547,0.20692942,0.91866356,-0.082546145,-0.3863203
1355995377165,0.3494736,0.28158987,0.89363045,0.010418162,-0.9548781,0.29681528,0.9368883,-0.09441911,-0.33663833
1355995377204,0.30305338,0.3415593,0.88966054,0.0016684383,-0.9337514,0.35791832,0.9529721,-0.10698402,-0.2835464
1355995377245,0.25915277,0.37226406,0.8912123,-0.018621832,-0.920639,0.38997072,0.9656568,-0.117658004,-0.2316539
1355995377284,0.2183789,0.37889725,0.8993039,-0.042654082,-0.9169595,0.39669368,0.9749315,-0.124988526,-0.1840831
1355995377325,0.18040776,0.36520547,0.91327876,-0.06481667,-0.9220814,0.38152933,0.98145396,-0.12802656,-0.14267924
1355995377365,0.14558583,0.33280087,0.9316911,-0.08099766,-0.93455386,0.3464801,0.98602444,-0.12590739,-0.10910171
1355995377404,0.11566627,0.2814781,0.952571,-0.08847147,-0.9522765,0.2921338,0.98934025,-0.11806537,-0.08524349
1355995377445,0.092668235,0.2107615,0.97313523,-0.08752756,-0.97183293,0.21881439,0.9918425,-0.1054533,-0.0716106
1355995377485,0.07679868,0.12305856,0.9894234,-0.08331098,-0.9880918,0.12935951,0.99355996,-0.09236446,-0.065632015
1355995377525,0.0659256,0.026915664,0.99746144,-0.083302036,-0.9959981,0.03238189,0.99434125,-0.08522536,-0.06341964
1355995377565,0.05710435,-0.06409812,0.99630845,-0.09178969,-0.9940473,-0.058691636,0.9941397,-0.0880993,-0.06264797
1355995377605,0.04853195,-0.13625368,0.98948455,-0.107572965,-0.98560274,-0.13044295,0.99301195,-0.10011113,-0.062490433
1355995377645,0.039952278,-0.1795761,0.9829325,-0.127175,-0.9766314,-0.17325579,0.99107534,-0.11808248,-0.06185624
1355995377684,0.031532347,-0.18813953,0.981636,-0.1484681,-0.97211045,-0.18154475,0.98841435,-0.14001709,-0.058585644
1355995377725,0.023975968,-0.16024628,0.9867858,-0.17176163,-0.9730521,-0.15384273,0.9848468,-0.16580342,-0.050854027
1355995377765,0.021230519,-0.10287471,0.99446774,-0.19814007,-0.97539485,-0.096671656,0.97994375,-0.19499151,-0.04109174
1355995377805,0.032776535,-0.03491407,0.9988527,-0.22424722,-0.9741667,-0.026692696,0.973981,-0.22311506,-0.03975919
1355995377845,0.07032317,0.019821107,0.99732727,-0.23928449,-0.97027606,0.036155835,0.96839947,-0.24118756,-0.06349
1355995377885,0.14058691,0.049430408,0.98883367,-0.23063526,-0.96964115,0.081261456,0.96283054,-0.23948419,-0.12491846
1355995377925,0.23620242,0.060569815,0.9698143,-0.19553089,-0.9746775,0.10849596,0.95182776,-0.21525568,-0.21837792
1355995377964,0.33275908,0.074012384,0.940103,-0.14416523,-0.9812041,0.12827694,0.9319269,-0.17821547,-0.31583455
1355995378005,0.4024107,0.10884643,0.90896535,-0.08966053,-0.9834468,0.15745927,0.91105795,-0.14486162,-0.38599026
1355995378045,0.43235767,0.16741388,0.88602453,-0.042412445,-0.97774994,0.20544155,0.9007042,-0.12640269,-0.41563725
1355995378084,0.427531,0.23561029,0.87275714,-0.012214869,-0.96384484,0.26618403,0.9039182,-0.12446253,-0.4091956
1355995378122,0.3998379,0.29703894,0.8671202,-0.005402297,-0.9452526,0.32629487,0.9165699,-0.13514951,-0.37634313
1355995378164,0.36245102,0.3391137,0.86811936,-0.018973693,-0.92857784,0.37065238,0.93180966,-0.15081477,-0.33012974
1355995378203,0.32045233,0.36037862,0.87603515,-0.045030385,-0.9179641,0.39409918,0.94619375,-0.16573821,-0.27793574
1355995378243,0.27572274,0.36040875,0.89111304,-0.075534314,-0.91605777,0.39386895,0.9582648,-0.17590824,-0.22535473
1355995378283,0.22969931,0.3388996,0.9123515,-0.103801,-0.92353934,0.36918896,0.9677105,-0.17950542,-0.17695823
1355995378323,0.18416983,0.2961757,0.9372094,-0.12494564,-0.93872964,0.32120904,0.9749206,-0.17625725,-0.13587981
1355995378363,0.14169997,0.23264341,0.9621841,-0.13569109,-0.9582522,0.2516758,0.98056567,-0.16622226,-0.104216665
1355995378403,0.10566646,0.14963956,0.98307806,-0.13449661,-0.9773777,0.16322827,0.985264,-0.14946842,-0.08315003
1355995378443,0.07913011,0.0501799,0.9956005,-0.12349479,-0.99054533,0.059740458,0.9891853,-0.12767875,-0.07218501
1355995378483,0.06233239,-0.059351616,0.99628913,-0.10971504,-0.9925879,-0.05226685,0.99200666,-0.106049985,-0.068382144
1355995378523,0.05163753,-0.16892616,0.9842751,-0.10180609,-0.98134583,-0.16308242,0.99346316,-0.09178403,-0.06787199
1355995378564,0.0420689,-0.26814097,0.96246076,-0.10417006,-0.9592405,-0.26269057,0.9936694,-0.08920849,-0.06828645
1355995378603,0.030403316,-0.35017806,0.93618953,-0.11528751,-0.9316001,-0.34471735,0.99286675,-0.09745041,-0.06869489
1355995378643,0.01543659,-0.41240048,0.9108718,-0.13120931,-0.9039383,-0.40703768,0.9912345,-0.113231584,-0.06806452
1355995378683,-0.0036391616,-0.45426953,0.89085686,-0.14907748,-0.88066125,-0.4496795,0.98881876,-0.13444315,-0.064516485
1355995378723,-0.02763468,-0.47578698,0.8791263,-0.16816801,-0.8647147,-0.47327363,0.9853709,-0.16091973,-0.056115985
1355995378763,-0.05444342,-0.47841346,0.8764454,-0.18965627,-0.85681427,-0.4794788,0.98034,-0.19232783,-0.044086277
1355995378821,-0.074605405,-0.46817237,0.8804821,-0.21510862,-0.8546006,-0.47263736,0.9737363,-0.22466058,-0.036950096
1355995378843,-0.070887506,-0.45736215,0.88645065,-0.24268898,-0.854074,-0.4600648,0.9675107,-0.24774465,-0.05045359
1355995378884,-0.027076185,-0.4586587,0.8881999,-0.26536125,-0.85334957,-0.44875163,0.96376884,-0.2478443,-0.09860484
1355995378921,0.055767357,-0.47275546,0.8794272,-0.27622023,-0.85372597,-0.44142315,0.95947504,-0.21829858,-0.17819467
1355995378964,0.15401751,-0.48764226,0.8593507,-0.27455106,-0.85659933,-0.43687445,0.9491577,-0.16864933,-0.265814
1355995379003,0.23448026,-0.48926216,0.8400247,-0.26428735,-0.86365217,-0.42925182,0.93550587,-0.121356815,-0.33181518
1355995379043,0.27953273,-0.47396657,0.8349953,-0.24817976,-0.8757766,-0.41403162,0.9275065,-0.09149355,-0.36243713
1355995379083,0.29011047,-0.44483775,0.8473224,-0.22892046,-0.89195365,-0.38988987,0.92921,-0.08085829,-0.36059755
1355995379126,0.27422833,-0.40693575,0.87132204,-0.21004182,-0.9095255,-0.35867223,0.93844616,-0.084656,-0.3348912
1355995379165,0.24396986,-0.36791706,0.8972824,-0.19450219,-0.92500407,-0.32639903,0.9500777,-0.094891876,-0.2972338
1355995379205,0.20572722,-0.3330027,0.92020947,-0.18200366,-0.93693763,-0.2983665,0.96153575,-0.10609941,-0.25336128
1355995379244,0.16468453,-0.30758062,0.9371623,-0.1712535,-0.94462097,-0.27993476,0.9713657,-0.114391394,-0.20823872
1355995379285,0.12400997,-0.29470098,0.9475087,-0.16058241,-0.9482529,-0.2739154,0.9792011,-0.118185,-0.1649166
1355995379325,0.08629787,-0.296246,0.9512051,-0.1487543,-0.9478957,-0.28171962,0.9851015,-0.11718404,-0.12586924
1355995379365,0.05448222,-0.31315365,0.9481384,-0.13489902,-0.9431517,-0.30375502,0.9893604,-0.1113537,-0.09362912
1355995379405,0.03175044,-0.345999,0.9376975,-0.11883674,-0.9328225,-0.34017637,0.992406,-0.10063216,-0.07073492
1355995379445,0.020224214,-0.3939402,0.91891354,-0.102026775,-0.91511655,-0.39006698,0.99457604,-0.08586499,-0.058699965
1355995379485,0.0182212,-0.45206004,0.89180136,-0.08845027,-0.88918114,-0.44892463,0.99591386,-0.07070014,-0.05618673
1355995379525,0.018682301,-0.5102521,0.85982186,-0.08317563,-0.8577842,-0.50723565,0.99635977,-0.062039897,-0.058465928
1355995379565,0.013990998,-0.55715656,0.8302896,-0.08859165,-0.8277959,-0.55399036,0.9959698,-0.06580588,-0.06094107
1355995379605,0.0021279454,-0.58556163,0.81062514,-0.103015214,-0.8064426,-0.5822699,0.9946775,-0.08226764,-0.06203787
1355995379645,-0.013523936,-0.59195614,0.8058567,-0.122818395,-0.7988442,-0.58886623,0.992337,-0.106937796,-0.061899528
1355995379685,-0.02859199,-0.57258683,0.81934536,-0.14515494,-0.8086137,-0.5701526,0.9889958,-0.13523383,-0.059993938
1355995379725,-0.040354013,-0.52111685,0.8525308,-0.1696428,-0.83726525,-0.51981556,0.98467904,-0.16560236,-0.05461672
1355995379765,-0.046073675,-0.4307546,0.90129226,-0.19832486,-0.88034546,-0.4308818,0.97905284,-0.19860095,-0.04486858
1355995379804,-0.03898275,-0.30417684,0.95181763,-0.23231289,-0.92368203,-0.30470008,0.9718596,-0.23299755,-0.034656473
1355995379843,-0.009234846,-0.16578107,0.9861193,-0.2650645,-0.9504781,-0.16227156,0.96418643,-0.26288378,-0.0351651
1355995379883,0.051391244,-0.046317823,0.99760395,-0.27899423,-0.95981807,-0.030191153,0.9589167,-0.27677417,-0.062248647
1355995379923,0.14060116,0.039654784,0.9892718,-0.25581267,-0.9638133,0.07499189,0.9564472,-0.26361224,-0.12536907
1355995379963,0.24136811,0.103139654,0.96493715,-0.19330604,-0.9692993,0.15195924,0.95098597,-0.22320628,-0.21402043
1355995380016,0.3267818,0.1666411,0.9302926,-0.10980191,-0.97097284,0.21249789,0.9386997,-0.17158833,-0.29899874
1355995380063,0.36884093,0.2525176,0.89453405,-0.023488939,-0.95955014,0.2805561,0.9291957,-0.12449225,-0.34799
1355995380124,0.36807162,0.37439704,0.8510876,0.049256966,-0.92191356,0.3842514,0.9284918,-0.099510044,-0.35777187
1355995380145,0.33558065,0.48119128,0.80983984,0.08583115,-0.8717349,0.48240155,0.93809307,-0.092375115,-0.33383858
1355995380184,0.28938425,0.56597596,0.7719637,0.08854003,-0.8188396,0.56715286,0.9531094,-0.095775396,-0.2870708
1355995380224,0.24146974,0.6286057,0.73928833,0.06761694,-0.77087957,0.6333819,0.96804976,-0.10295415,-0.22864848
1355995380264,0.19757104,0.6726022,0.71314234,0.035315722,-0.7318934,0.68050337,0.9796522,-0.109262586,-0.16835439
1355995380305,0.15989941,0.70221984,0.693772,0.0019093454,-0.7030336,0.7111541,0.98713154,-0.11238852,-0.11375548
1355995380345,0.12933892,0.7212101,0.6805346,-0.025526613,-0.68365014,0.7293633,0.99127185,-0.11170679,-0.07001251
1355995380385,0.10607833,0.7327099,0.6722229,-0.043182045,-0.672005,0.73928654,0.9934197,-0.10745028,-0.0396453
1355995380425,0.08955991,0.73942816,0.66725194,-0.04936281,-0.6658254,0.74447286,0.9947574,-0.099612385,-0.023131058
1355995380465,0.07883179,0.7437861,0.6637528,-0.043724924,-0.6626043,0.74769217,0.9959285,-0.087964416,-0.01971224
1355995380505,0.07346994,0.7479048,0.65972763,-0.029157579,-0.6596217,0.7510319,0.99687105,-0.07441431,-0.026655227
1355995380545,0.07382226,0.75354934,0.65323323,-0.013309598,-0.65421766,0.7561891,0.99718255,-0.064517856,-0.038266346
1355995380585,0.08018863,0.76214254,0.642424,-0.004308611,-0.6442284,0.764821,0.9967704,-0.06409788,-0.04837601
1355995380625,0.09187102,0.77477705,0.625524,-0.0047219098,-0.6278346,0.77833253,0.9957598,-0.07445991,-0.054021418
1355995380665,0.1071468,0.7919749,0.60107845,-0.01185447,-0.60349816,0.79727626,0.9941725,-0.09255105,-0.055274457
1355995380705,0.124548495,0.8129099,0.56891584,-0.022722244,-0.57089335,0.8207098,0.9919534,-0.11514521,-0.052632824
1355995380745,0.14387077,0.83523524,0.53073853,-0.03664872,-0.5314532,0.8462945,0.98891765,-0.1412079,-0.04585029
1355995380785,0.16642445,0.85545796,0.49040246,-0.05417013,-0.48865533,0.8707937,0.98456514,-0.17148653,-0.034983933
1355995380825,0.19394779,0.8700706,0.4531683,-0.0729596,-0.4478674,0.8911183,0.9782951,-0.2058934,-0.023382932
1355995380865,0.22606176,0.87652475,0.42497104,-0.084022045,-0.41709316,0.90497154,0.9704825,-0.24028641,-0.020641372
1355995380904,0.25777918,0.8738151,0.412307,-0.07247394,-0.40803975,0.910083,0.9634819,-0.26448196,-0.041855335
1355995380945,0.28230745,0.86039555,0.42428997,-0.026568353,-0.4350983,0.89999086,0.958956,-0.26534683,-0.09997217
1355995380984,0.30075276,0.8247708,0.47885358,0.04461828,-0.51371825,0.85679793,0.9526578,-0.2363188,-0.19130203
1355995381025,0.33180642,0.717481,0.612475,0.09396163,-0.67116463,0.7353294,0.9386564,-0.18643788,-0.29011238
1355995381065,0.3893432,0.36521763,0.8455933,0.01730232,-0.9207706,0.38972062,0.9209302,-0.13710435,-0.36481488
1355995381125,0.35954237,-0.2840931,0.8888309,-0.20685458,-0.95309424,-0.22095826,0.90991235,-0.10441488,-0.40144372
1355995381145,0.25373143,-0.6465786,0.71941394,-0.32717824,-0.757284,-0.56522155,0.91026086,-0.09196213,-0.4036932
1355995381183,0.1762163,-0.76645875,0.6176478,-0.35114872,-0.6351308,-0.68797046,0.91958815,-0.09565461,-0.3810614
1355995381225,0.11772567,-0.8090149,0.575878,-0.3398472,-0.57771665,-0.7421235,0.9330833,-0.10834357,-0.34295356
1355995381264,0.06824416,-0.82743,0.5574069,-0.3145492,-0.54805857,-0.7750424,0.94678485,-0.12243977,-0.2976692
1355995381304,0.025917113,-0.8401481,0.5417375,-0.28273562,-0.52595335,-0.80214316,0.9588477,-0.13237923,-0.251171
1355995381345,-0.00860256,-0.85547924,0.51776564,-0.24766245,-0.4998299,-0.8299598,0.9688082,-0.13537091,-0.20757023
1355995381385,-0.034635782,-0.8761398,0.4808111,-0.21117252,-0.4638213,-0.86039287,0.9768349,-0.13133448,-0.16895184
1355995381425,-0.051998973,-0.9012313,0.43020722,-0.17514694,-0.41588265,-0.892393,0.9831681,-0.12175298,-0.13622242
1355995381465,-0.060387373,-0.9281031,0.36739337,-0.14242366,-0.35628772,-0.92345786,0.9879619,-0.10809076,-0.11066854
1355995381505,-0.05988747,-0.95334774,0.29587424,-0.11685711,-0.28767234,-0.95057297,0.9913415,-0.0915024,-0.094177455
1355995381545,-0.053939104,-0.9734283,0.22254851,-0.10110611,-0.21640337,-0.9710546,0.9934124,-0.07487887,-0.08674693
1355995381585,-0.050178647,-0.986452,0.15618765,-0.093548685,-0.15105486,-0.9840889,0.99434936,-0.06399143,-0.08470154
1355995381625,-0.055687904,-0.99316776,0.102550775,-0.089585304,-0.09732568,-0.9912125,0.9944211,-0.06438565,-0.083553314
1355995381665,-0.072001934,-0.9954466,0.06246379,-0.08606404,-0.05619204,-0.99470365,0.9936844,-0.076996535,-0.08162618
1355995381705,-0.095704615,-0.9948003,0.034827024,-0.08244857,-0.026945174,-0.99623096,0.9919894,-0.09821531,-0.07944107
1355995381745,-0.12272024,-0.9922367,0.020153701,-0.07897061,-0.010479689,-0.9968219,0.98929435,-0.12392178,-0.07707143
1355995381785,-0.15134054,-0.98823524,0.022068858,-0.07559273,-0.010689974,-0.9970814,0.985587,-0.15256712,-0.073085606
1355995381843,-0.1818502,-0.98218393,0.047385663,-0.07375458,-0.03442961,-0.996682,0.98055637,-0.18474168,-0.06617957
1355995381863,-0.21298224,-0.9714314,0.10468811,-0.08050057,-0.08933538,-0.99274313,0.9737342,-0.21986413,-0.05917394
1355995381904,-0.23584872,-0.95163804,0.19687665,-0.10902113,-0.17540264,-0.9784418,0.9656551,-0.25222796,-0.062380135
1355995381941,-0.231475,-0.92322993,0.30670157,-0.1661103,-0.2731259,-0.9475281,0.9585545,-0.27027535,-0.09013617
1355995381984,-0.1853717,-0.8997588,0.39505863,-0.23884332,-0.34871626,-0.9062841,0.95320046,-0.26235655,-0.15025917
1355995382023,-0.10749793,-0.89075935,0.4415791,-0.30629888,-0.39287645,-0.86708087,0.9458463,-0.22846454,-0.23060519
1355995382063,-0.022774398,-0.88748693,0.4602697,-0.3547709,-0.42325187,-0.8336638,0.9346758,-0.18227649,-0.30521518
1355995382128,0.049885154,-0.87227976,0.4864561,-0.37513295,-0.46776474,-0.80029464,0.92562777,-0.1425629,-0.35055542
1355995382145,0.1043666,-0.8324438,0.544192,-0.3651455,-0.54103893,-0.75759196,0.9250818,-0.11964196,-0.3604295
1355995382185,0.1401462,-0.758374,0.6365751,-0.33178535,-0.6417197,-0.6914581,0.9328866,-0.114301115,-0.34155196
1355995382224,0.15706056,-0.6471385,0.7460186,-0.2881423,-0.7525545,-0.5921451,0.9446195,-0.121956855,-0.3046646
1355995382265,0.15593088,-0.5131393,0.8440223,-0.24763447,-0.8474943,-0.46950036,0.95622313,-0.13579941,-0.2592215
1355995382305,0.14097977,-0.38486424,0.91214263,-0.21798804,-0.9108001,-0.35060576,0.96571517,-0.1494079,-0.21230018
1355995382345,0.118141174,-0.28690863,0.9506451,-0.19901273,-0.94476694,-0.26040232,0.9728497,-0.15842624,-0.16871434
1355995382385,0.09188336,-0.23186554,0.96839863,-0.18633865,-0.9593369,-0.21201573,0.97817963,-0.16096936,-0.1313526
1355995382425,0.06446308,-0.22520186,0.9721772,-0.17556821,-0.9615672,-0.21110252,0.98235446,-0.1570751,-0.101523876
1355995382465,0.036924124,-0.27356875,0.96114343,-0.163562,-0.9504835,-0.26425108,0.9858418,-0.14744931,-0.07984123
1355995382505,0.010391176,-0.38767287,0.92173845,-0.1483579,-0.91218406,-0.3819819,0.98887914,-0.13277793,-0.06699299
1355995382545,-0.013071299,-0.5680623,0.82288176,-0.13014263,-0.8149854,-0.56467843,0.9914091,-0.11447309,-0.0632762
1355995382585,-0.03147626,-0.7666483,0.6412953,-0.11306116,-0.63476413,-0.76438975,0.9930893,-0.09656575,-0.066698134
1355995382625,-0.046514153,-0.9038781,0.42525372,-0.10239598,-0.41915756,-0.9021208,0.99365556,-0.085505694,-0.07305667
1355995382665,-0.0636999,-0.96528375,0.2533172,-0.09811306,-0.24654561,-0.96415204,0.9931345,-0.08627015,-0.07900202
1355995382704,-0.08587843,-0.98547506,0.14650512,-0.0968152,-0.138098,-0.98567533,0.9915905,-0.09883216,-0.08354932
1355995382745,-0.11173248,-0.9895686,0.090938926,-0.09646082,-0.08027953,-0.99209404,0.9890456,-0.11962119,-0.08648473
1355995382785,-0.13879251,-0.9873898,0.076144785,-0.09667942,-0.0630123,-0.99331903,0.98559105,-0.14522687,-0.086714685
1355995382825,-0.16517192,-0.9803457,0.10789046,-0.09982607,-0.09221339,-0.99072266,0.98119974,-0.17440987,-0.08263296
1355995382865,-0.18696511,-0.9593215,0.21153319,-0.11553872,-0.19236207,-0.9744986,0.9755485,-0.2066375,-0.074873805
1355995382905,-0.18853837,-0.887419,0.4206435,-0.16258588,-0.39420933,-0.9045247,0.9685139,-0.23892829,-0.06995821
1355995382944,-0.13884717,-0.71794283,0.68211406,-0.23818305,-0.6443573,-0.72668606,0.96124417,-0.26336628,-0.08153468
1355995382984,-0.0504601,-0.5643203,0.8240123,-0.29198056,-0.78068113,-0.5525253,0.9550922,-0.26847613,-0.12537728
1355995383025,0.027047038,-0.5772637,0.8161097,-0.31975165,-0.7785119,-0.5400723,0.94711524,-0.24634509,-0.20563747
1355995383065,0.079978764,-0.6981526,0.71146774,-0.35536045,-0.6868267,-0.6340253,0.9313015,-0.20211892,-0.30302733
1355995383124,0.11720955,-0.79552126,0.59448105,-0.39780518,-0.58609354,-0.7058649,0.9099521,-0.15375355,-0.3851583
1355995383145,0.15825352,-0.8176485,0.5535402,-0.4175505,-0.56342924,-0.71288085,0.8947667,-0.11831513,-0.4305742
1355995383185,0.21723884,-0.75473917,0.6190122,-0.39251506,-0.64817005,-0.6525393,0.8937221,-0.10121471,-0.4370542
1355995383223,0.29003143,-0.565495,0.77207327,-0.31036207,-0.81872594,-0.4830768,0.90529394,-0.09951478,-0.41296446
1355995383263,0.33653367,-0.24034645,0.9104826,-0.18655209,-0.96473247,-0.18571356,0.9230078,-0.1073536,-0.3695021
1355995383303,0.32703555,0.07995165,0.94162387,-0.08636462,-0.98971623,0.114030406,0.9410574,-0.11861499,-0.3167674
1355995383343,0.28913027,0.28657743,0.9133877,-0.042117953,-0.9494071,0.31121093,0.9563628,-0.12845051,-0.26243228
1355995383383,0.24807161,0.39395475,0.88501984,-0.03544113,-0.9092744,0.4146855,0.9680932,-0.13423781,-0.21160296
1355995383424,0.21001953,0.43277016,0.8766994,-0.04639545,-0.8912766,0.45108038,0.9765958,-0.13541056,-0.16710693
1355995383463,0.17381656,0.40838268,0.896109,-0.06504783,-0.90321195,0.4242369,0.9826274,-0.13202934,-0.13042879
1355995383504,0.13413358,0.2806015,0.95040566,-0.08867254,-0.9518267,0.29353565,0.986988,-0.12364786,-0.10279027
1355995383544,0.06940669,-0.14337729,0.9872313,-0.12079729,-0.98354375,-0.13434917,0.9902478,-0.10993014,-0.085584104
1355995383583,-0.04284656,-0.87034905,0.49056774,-0.11405519,-0.48354745,-0.86785555,0.9925501,-0.09313646,-0.078549504
1355995383623,-0.08039653,-0.9966705,-0.013574153,-0.07701501,0.019788802,-0.99683356,0.99378324,-0.079096586,-0.07834953
1355995383663,-0.08837798,-0.98003155,-0.17812213,-0.06537229,0.18414304,-0.98072314,0.9939395,-0.07503009,-0.0803411
1355995383703,-0.10057208,-0.9699652,-0.22147852,-0.061086446,0.2282072,-0.9716943,0.99305266,-0.08419603,-0.08220297
1355995383743,-0.11989871,-0.9687526,-0.21712369,-0.058651358,0.22523126,-0.9725384,0.9910521,-0.103871524,-0.08382356
1355995383783,-0.1430423,-0.972157,-0.18560603,-0.05853796,0.19551656,-0.97895175,0.98798394,-0.12916654,-0.08487517
1355995383823,-0.1667091,-0.9782303,-0.123586535,-0.062379062,0.13555303,-0.98880446,0.98403096,-0.15713343,-0.08361906
1355995383863,-0.18876296,-0.9820092,-0.0051602125,-0.07571995,0.01979357,-0.9969327,0.97909915,-0.1877932,-0.078094006
1355995383903,-0.2013275,-0.95407116,0.22184551,-0.11571252,-0.20173204,-0.9725815,0.9726653,-0.22147766,-0.06978375
1355995383943,-0.17216063,-0.80447984,0.5684831,-0.19908807,-0.5367748,-0.8199005,0.96474075,-0.25433275,-0.0677509
1355995383983,-0.07901102,-0.54123867,0.83714867,-0.27878794,-0.79426885,-0.539828,0.95709693,-0.2760393,-0.08813481
1355995384023,0.031690598,-0.3788129,0.9249305,-0.30845678,-0.8839317,-0.35145295,0.95071036,-0.2741633,-0.14485973
1355995384063,0.13979506,-0.347693,0.9271283,-0.30763218,-0.9052381,-0.29309803,0.94118,-0.24424082,-0.23350936
1355995384123,0.24398786,-0.35175517,0.90373576,-0.2927021,-0.91515,-0.27717504,0.9245515,-0.196898,-0.32624495
1355995384145,0.33440357,-0.30341002,0.8922537,-0.25425032,-0.94069874,-0.22459443,0.90748614,-0.15175058,-0.3917151
1355995384185,0.39565808,-0.17215592,0.902118,-0.18157166,-0.97754836,-0.106915526,0.90027016,-0.12149709,-0.41803354
1355995384225,0.414092,0.01390988,0.9101288,-0.09261587,-0.99405,0.057331026,0.90551096,-0.10803269,-0.4103399
1355995384264,0.3937106,0.19380847,0.89857125,-0.022775851,-0.9751645,0.22030777,0.9189522,-0.107203245,-0.37951845
1355995384304,0.35410166,0.3292455,0.87533385,0.011535183,-0.9374452,0.34794155,0.9351358,-0.11310955,-0.33574882
1355995384344,0.31077158,0.4175079,0.8538783,0.017162874,-0.90067947,0.43414503,0.9503296,-0.1202649,-0.28707123
1355995384385,0.2694651,0.46957922,0.8407639,0.007148117,-0.87400943,0.48585635,0.9629836,-0.12491143,-0.23887163
1355995384425,0.23137373,0.4949687,0.8375393,-0.00867857,-0.85981554,0.51053095,0.97282624,-0.12539208,-0.19464311
1355995384465,0.19707793,0.49859557,0.84413433,-0.024692148,-0.8582233,0.5126822,0.9800768,-0.12188181,-0.15682548
1355995384505,0.16740566,0.48151562,0.8603011,-0.038125366,-0.8688008,0.49369174,0.98515064,-0.11544609,-0.12708423
1355995384545,0.14318144,0.4419936,0.88551724,-0.04746428,-0.89063996,0.45222515,0.9885577,-0.10678069,-0.1065442
1355995384585,0.12515485,0.3754077,0.918371,-0.052581728,-0.92183846,0.38399088,0.99074286,-0.09634785,-0.09563297
1355995384625,0.11318022,0.27679092,0.9542416,-0.056721613,-0.95704645,0.28433213,0.991954,-0.08630689,-0.092618704
1355995384665,0.10444981,0.14839089,0.98339736,-0.06639266,-0.98555976,0.15576896,0.9923116,-0.08156042,-0.09308946
1355995384705,0.09410566,0.009358015,0.99551827,-0.08539416,-0.99619466,0.017436627,0.9918931,-0.08665232,-0.09294844
1355995384745,0.07959986,-0.110437654,0.9906904,-0.11109603,-0.98863524,-0.101282224,0.99061674,-0.101999715,-0.09096441
1355995384789,0.06278199,-0.1885181,0.98006094,-0.1393637,-0.97403294,-0.17843108,0.98824906,-0.12538268,-0.08742431
1355995384842,0.04984224,-0.21606342,0.97510624,-0.16300459,-0.9649888,-0.20548968,0.9853655,-0.14870472,-0.083316535
1355995384863,0.0411247,-0.20253062,0.97841203,-0.18504295,-0.9638443,-0.19173737,0.9818696,-0.1731631,-0.07711467
