1355995868688,0.21858597,-0.19150266,0.9568422,-0.93655634,0.23417044,0.2608187,-0.2740116,-0.9531479,-0.12816668
1355995868844,0.3238703,-0.21748322,0.9207655,-0.90584546,0.20958756,0.36812657,-0.2730424,-0.9532965,-0.12912703
1355995868885,0.29671562,-0.2115626,0.9312363,-0.91532016,0.21505328,0.3405011,-0.2723027,-0.95341146,-0.12983781
1355995868923,0.2754706,-0.2068524,0.93879074,-0.92215276,0.2190217,0.31884763,-0.2715699,-0.95354164,-0.13041544
1355995868963,0.2541566,-0.201774,0.94588137,-0.9284831,0.2229134,0.2970332,-0.27078316,-0.95372784,-0.13068879
1355995869004,0.22986488,-0.19546652,0.9533914,-0.9350021,0.22748367,0.27207044,-0.27006167,-0.9539623,-0.13047111
1355995869043,0.20225714,-0.18798083,0.96112186,-0.9414869,0.23286723,0.24367055,-0.26961917,-0.9541677,-0.12988245
1355995869083,0.17309587,-0.17999336,0.9683182,-0.9472791,0.23872642,0.21370998,-0.26962957,-0.95426,-0.12918139
1355995869122,0.17351767,-0.17959556,0.9683166,-0.9470594,0.23926166,0.21408477,-0.27012974,-0.95420086,-0.12857157
1355995869164,0.12729645,-0.16749099,0.9776207,-0.9541087,0.24867862,0.16683984,-0.27105758,-0.95399463,-0.12814873
1355995869202,0.09430814,-0.15875033,0.9828043,-0.9576125,0.25543898,0.13315132,-0.27218434,-0.9537029,-0.1279313
1355995869243,0.073718786,-0.15338826,0.98541236,-0.9590695,0.25998652,0.11221731,-0.2734067,-0.9533515,-0.12794411
1355995869283,0.06392166,-0.15115383,0.9864414,-0.95942056,0.26271835,0.10242745,-0.27463862,-0.9529594,-0.1282267
1355995869322,0.062146455,-0.15140083,0.98651695,-0.9592023,0.26408204,0.1009545,-0.27580598,-0.95254314,-0.12881225
1355995869363,0.06553933,-0.15334997,0.9859961,-0.9586866,0.2644358,0.104851246,-0.27681157,-0.9521332,-0.12968355
1355995869404,0.072039425,-0.15619186,0.98509616,-0.95800936,0.26399428,0.111916184,-0.27754015,-0.9517937,-0.13061523
1355995869443,0.079967916,-0.15903273,0.9840293,-0.9572576,0.263031,0.120301634,-0.2779621,-0.9515898,-0.13120121
1355995869483,0.08785808,-0.1612334,0.9829978,-0.95650816,0.2619027,0.12844828,-0.27815995,-0.9515307,-0.1312108
1355995869523,0.09430343,-0.16265643,0.9821658,-0.9558749,0.2609226,0.13499042,-0.2782263,-0.95155776,-0.13087332
1355995869563,0.09834033,-0.16352034,0.98162633,-0.9554831,0.26021546,0.13906825,-0.27817482,-0.9516034,-0.13065124
1355995869603,0.09999323,-0.16402227,0.9813756,-0.9553742,0.2597102,0.14075056,-0.27795947,-0.95165503,-0.13073337
1355995869643,0.100329995,-0.16411984,0.9813249,-0.95546067,0.2592343,0.14104086,-0.27754068,-0.951768,-0.13080108
1355995869683,0.10087365,-0.1636106,0.98135424,-0.9555731,0.25865322,0.14134607,-0.2769561,-0.95201373,-0.13025057
1355995869728,0.10292667,-0.16239282,0.9813434,-0.9555299,0.2579546,0.14290565,-0.27634895,-0.9524117,-0.1286208
1355995869765,0.1072894,-0.16062108,0.9811677,-0.955171,0.25723442,0.1465571,-0.2759303,-0.95290685,-0.12582207
1355995869804,0.114430636,-0.15881926,0.98065394,-0.95435494,0.25656256,0.1529128,-0.27588457,-0.9533898,-0.12221134
1355995869843,0.12476194,-0.15753493,0.97960055,-0.95293057,0.25594658,0.16252539,-0.27632883,-0.95376825,-0.11818749
1355995869883,0.13905105,-0.1576007,0.97766393,-0.9506896,0.25513253,0.17634225,-0.27722555,-0.95397556,-0.11435294
1355995869924,0.15744726,-0.15954974,0.97455335,-0.947451,0.2538795,0.19463271,-0.2784727,-0.95398587,-0.11119294
1355995869965,0.18000902,-0.1635493,0.96997344,-0.94298923,0.25193894,0.21748129,-0.27994302,-0.9538231,-0.10887396
1355995870005,0.20594035,-0.16913417,0.9638372,-0.93714535,0.24943648,0.24400821,-0.28168625,-0.9535067,-0.10713422
1355995870045,0.23352365,-0.17573828,0.95633817,-0.9299275,0.24698202,0.27246037,-0.28408003,-0.9529512,-0.1057477
1355995870085,0.26036358,-0.1833629,0.9479392,-0.92169493,0.24520655,0.30058637,-0.2875573,-0.9519726,-0.105161846
1355995870125,0.28379378,-0.19247279,0.9393697,-0.91331136,0.24416915,0.32595047,-0.29210165,-0.9504397,-0.10649389
1355995870165,0.30178088,-0.20339283,0.9314288,-0.90589404,0.24330683,0.34663767,-0.29712662,-0.94838446,-0.11082697
1355995870205,0.3134657,-0.21579129,0.9247559,-0.9003708,0.24194324,0.36165717,-0.30178088,-0.9459903,-0.11845124
1355995870245,0.31910634,-0.22852951,0.9197529,-0.89723927,0.23966016,0.37084323,-0.30517668,-0.9435769,-0.12856853
1355995870285,0.3199677,-0.2397021,0.9166044,-0.89655185,0.23616546,0.37472767,-0.30629334,-0.94168407,-0.13934004
1355995870325,0.31787598,-0.24720857,0.91533756,-0.898057,0.23109128,0.37428647,-0.30405334,-0.94100195,-0.14854896
1355995870366,0.31457937,-0.24945918,0.9158657,-0.9013598,0.22403623,0.3706189,-0.29764146,-0.9421135,-0.15437531
1355995870405,0.31135327,-0.24575323,0.9179676,-0.9060847,0.2144351,0.3647303,-0.2864781,-0.9453164,-0.15590817
1355995870444,0.30892375,-0.23622137,0.9212847,-0.9119087,0.20159057,0.3574685,-0.27016398,-0.95055807,-0.15313625
1355995870485,0.30753917,-0.2216228,0.9253664,-0.91839564,0.18528561,0.34959784,-0.24893594,-0.95736754,-0.14655483
1355995870525,0.30707365,-0.20310822,0.9297595,-0.92490673,0.1664349,0.341829,-0.22417271,-0.96490747,-0.13674837
1355995870565,0.30735624,-0.18190801,0.9340458,-0.93078005,0.14670436,0.3348526,-0.19794095,-0.9723103,-0.124225825
1355995870605,0.3081597,-0.15931115,0.93790054,-0.9356265,0.12766314,0.3290973,-0.17216417,-0.9789393,-0.109715104
1355995870645,0.3093751,-0.13646558,0.9410974,-0.9393704,0.11004941,0.32476526,-0.14788651,-0.9845132,-0.09414521
1355995870685,0.31058055,-0.11451599,0.9436237,-0.942186,0.09429121,0.32155028,-0.12579805,-0.9889364,-0.07861036
1355995870728,0.31105816,-0.09455255,0.9456758,-0.94435036,0.081258595,0.31874678,-0.10698265,-0.992198,-0.06401461
1355995870765,0.3094011,-0.0779348,0.9477327,-0.9463478,0.07250404,0.31491128,-0.09325707,-0.9943186,-0.051320612
1355995870806,0.30375528,-0.06623739,0.9504448,-0.94886523,0.06896365,0.3080566,-0.08595106,-0.99541783,-0.041902304
1355995870845,0.29245374,-0.060552716,0.9543606,-0.9525459,0.069658786,0.2963173,-0.08442244,-0.99573135,-0.037307233
1355995870885,0.2748684,-0.060338706,0.9595867,-0.957633,0.0720298,0.278838,-0.08594352,-0.99557567,-0.037983626
1355995870926,0.25122246,-0.06357294,0.9658394,-0.9639377,0.07409629,0.25560492,-0.08781466,-0.99522275,-0.04266575
1355995870964,0.2212157,-0.06792936,0.97285616,-0.9711039,0.07626709,0.22614262,-0.08955869,-0.99477077,-0.049095005
1355995871004,0.18325922,-0.07145184,0.9804646,-0.9786423,0.081235975,0.18883872,-0.09314191,-0.9941305,-0.0550386
1355995871043,0.13446844,-0.07261646,0.9882536,-0.98576057,0.09181547,0.14087579,-0.10096684,-0.9931247,-0.05923617
1355995871083,0.070747286,-0.07045224,0.9950031,-0.9909942,0.108726114,0.07816067,-0.11368939,-0.991572,-0.062125623
1355995871123,-0.01235491,-0.06423211,0.9978585,-0.99147403,0.13024592,-0.0038920045,-0.12971702,-0.9893989,-0.06529361
1355995871163,-0.1159648,-0.05312285,0.9918318,-0.98231804,0.15390167,-0.106609404,-0.14698115,-0.9866571,-0.07003069
1355995871203,-0.23344216,-0.036919743,0.97166955,-0.9583796,0.17764106,-0.2234996,-0.16435686,-0.98340255,-0.07685208
1355995871244,-0.34850442,-0.018130034,0.93713176,-0.9195622,0.2002396,-0.33809674,-0.18152118,-0.9795792,-0.08645612
1355995871283,-0.4438237,-0.0029467344,0.89610934,-0.87403107,0.2220555,-0.43215862,-0.19771257,-0.9750296,-0.101128995
1355995871323,-0.51510864,4.3526292E-4,0.8571248,-0.8309332,0.24506587,-0.4994926,-0.21026945,-0.9695063,-0.12587392
1355995871365,-0.5762715,-0.015481651,0.81711173,-0.7888019,0.2720741,-0.5511509,-0.21378228,-0.96215177,-0.16900057
1355995871406,-0.64833033,-0.054434925,0.75941074,-0.734359,0.30798233,-0.6048667,-0.2009592,-0.9498336,-0.23964906
1355995871445,-0.73082405,-0.109847754,0.67366886,-0.6613202,0.3582822,-0.6590065,-0.16897324,-0.92712855,-0.33448583
1355995871486,-0.8050622,-0.16667919,0.5692915,-0.58033365,0.42003658,-0.69769776,-0.12283155,-0.8920691,-0.43488508
1355995871526,-0.8514023,-0.21156152,0.47995412,-0.5188027,0.4743321,-0.7112334,-0.07718803,-0.85454714,-0.5136061
1355995871586,-0.8699203,-0.24106437,0.43026337,-0.49110097,0.50365454,-0.7107404,-0.045369923,-0.82959026,-0.5565263
1355995871604,-0.8681482,-0.25735408,0.42436743,-0.495295,0.50378084,-0.7077342,-0.031649873,-0.8246052,-0.5648226
1355995871644,-0.8507513,-0.26222932,0.45547575,-0.52447665,0.47943106,-0.7036122,-0.03386146,-0.8374853,-0.5454097
1355995871681,-0.81961304,-0.25565088,0.5127155,-0.57094884,0.43860304,-0.6940063,-0.047455266,-0.8615509,-0.5054484
1355995871723,-0.77730703,-0.23707806,0.5827416,-0.62552935,0.39009002,-0.6756795,-0.06713289,-0.8897324,-0.451519
1355995871770,-0.72391194,-0.20500788,0.6587285,-0.6840576,0.3372174,-0.6467995,-0.08953574,-0.91883415,-0.38435292
1355995871806,-0.67985654,-0.16315961,0.7149643,-0.72528607,0.29373592,-0.62263894,-0.10842112,-0.9418589,-0.31803566
1355995871846,-0.64409304,-0.1174503,0.7558767,-0.7550661,0.25592893,-0.6036353,-0.12255359,-0.95953417,-0.25352484
1355995871885,-0.6306666,-0.06935766,0.7729484,-0.764691,0.22535414,-0.60370785,-0.13231537,-0.97180504,-0.19516057
1355995871926,-0.6435826,-0.023016214,0.7650305,-0.7526084,0.20084482,-0.62709004,-0.1392192,-0.97935265,-0.14658242
1355995871965,-0.68105096,0.017973483,0.7320154,-0.7179234,0.18030077,-0.6723671,-0.14406773,-0.9834473,-0.10989046
1355995872005,-0.73595303,0.050758064,0.67512727,-0.6610962,0.16120851,-0.732778,-0.14603063,-0.98561424,-0.08508593
1355995872046,-0.79726416,0.073512465,0.59913754,-0.586264,0.14207071,-0.7975652,-0.1437509,-0.987123,-0.070170164
1355995872085,-0.8532364,0.08698887,0.51421833,-0.50295824,0.12349069,-0.8554432,-0.13791522,-0.9885257,-0.06161493
1355995872125,-0.89524215,0.09536317,0.4352556,-0.4254401,0.10741967,-0.8985887,-0.13244726,-0.9896297,-0.05559528
1355995872165,-0.9209759,0.10414587,0.3754424,-0.36646098,0.09572065,-0.9254966,-0.13232423,-0.98994505,-0.04999101
1355995872205,-0.9326603,0.11638132,0.34146753,-0.33252323,0.08973873,-0.93881583,-0.13990346,-0.9891422,-0.044996202
1355995872245,-0.9328036,0.13191086,0.33537596,-0.32562903,0.09022814,-0.94118255,-0.15441254,-0.98714656,-0.04121113
1355995872285,-0.9210712,0.14901361,0.35975385,-0.34832332,0.097690225,-0.93227005,-0.17406535,-0.9839977,-0.03807473
1355995872325,-0.8922447,0.16537374,0.42017958,-0.405918,0.11389017,-0.9067853,-0.19781283,-0.9796329,-0.03448975
1355995872365,-0.8346564,0.17613144,0.521849,-0.50270075,0.14350641,-0.85246575,-0.22503467,-0.9738499,-0.031237066
1355995872405,-0.7348384,0.16967826,0.6566748,-0.62905586,0.1914795,-0.7534085,-0.25357682,-0.9667186,-0.033969402
1355995872446,-0.601988,0.12913105,0.7879946,-0.7485908,0.25216508,-0.6132084,-0.27788898,-0.9590297,-0.055134
1355995872488,-0.4819048,0.045893997,0.87502086,-0.82743466,0.30474424,-0.47168094,-0.2883049,-0.95132786,-0.10888344
1355995872526,-0.42229697,-0.07176709,0.90361214,-0.8642385,0.33256343,-0.37748298,-0.2734175,-0.94034624,-0.20246446
1355995872566,-0.39685142,-0.20095679,0.8956145,-0.8870473,0.33475167,-0.31794408,-0.23591542,-0.920629,-0.31110483
1355995872607,-0.3680886,-0.31491286,0.8748375,-0.9102048,0.31414688,-0.26988682,-0.18983665,-0.89562356,-0.40226912
1355995872645,-0.2978924,-0.3981344,0.86761117,-0.9422303,0.2684688,-0.20031622,-0.15317371,-0.8771622,-0.45510912
1355995872687,-0.18252686,-0.44488743,0.87678915,-0.9742203,0.2020931,-0.100266546,-0.1325857,-0.87248707,-0.4703058
1355995872725,-0.039700106,-0.45471245,0.88975304,-0.9912304,0.13024358,0.022333652,-0.12604004,-0.8810637,-0.45589554
1355995872751,0.08223826,-0.44317654,0.8926542,-0.9887383,0.07609123,0.12886733,-0.1250341,-0.89319915,-0.43192792
1355995872792,0.19872433,-0.4100811,0.890136,-0.9715281,0.037123322,0.23399773,-0.12900281,-0.91129327,-0.391028
1355995872834,0.2868179,-0.3652316,0.8856305,-0.9486462,0.020487413,0.315675,-0.1334388,-0.93069124,-0.34059942
1355995872875,0.3463716,-0.31601888,0.883266,-0.9282482,0.020621419,0.37138936,-0.13558021,-0.94852877,-0.28620127
1355995872913,0.37517595,-0.26877865,0.88713086,-0.91702497,0.03207892,0.39753762,-0.13530782,-0.9626677,-0.23444146
1355995872956,0.3796017,-0.22535795,0.8972827,-0.9154112,0.048862904,0.39954326,-0.13388407,-0.9730499,-0.18774673
1355995873006,0.35476834,-0.1859656,0.916273,-0.92549795,0.06918095,0.372381,-0.13263866,-0.9801178,-0.14756757
1355995873045,0.28198415,-0.1498163,0.9476498,-0.95044124,0.09118867,0.29723108,-0.13094503,-0.9844998,-0.11667785
1355995873085,0.17719638,-0.115859985,0.977332,-0.9758959,0.10785544,0.18972191,-0.1273917,-0.9873923,-0.093955636
1355995873124,0.039190233,-0.08210668,0.9958527,-0.9916997,0.11894077,0.04883328,-0.12245703,-0.98950064,-0.07676387
1355995873165,-0.12268153,-0.04735002,0.99131584,-0.985188,0.12639162,-0.11588612,-0.119806856,-0.99084973,-0.06215465
1355995873205,-0.28417194,-0.011664659,0.9587023,-0.95072055,0.13275367,-0.28019083,-0.12400293,-0.9910804,-0.048814714
1355995873245,-0.4163288,0.023211867,0.9089177,-0.8988836,0.13975954,-0.41530183,-0.13666981,-0.98991334,-0.03732109
1355995873284,-0.50364155,0.054779887,0.8621743,-0.8497195,0.14874774,-0.50581706,-0.1559551,-0.98735666,-0.028367996
1355995873325,-0.54411674,0.08086917,0.83510303,-0.8196683,0.16124886,-0.5496751,-0.17911115,-0.9835949,-0.021452248
1355995873365,-0.5390367,0.099383414,0.8363985,-0.8170736,0.17942643,-0.5479023,-0.2045244,-0.9787385,-0.015513837
1355995873405,-0.49042118,0.10672164,0.8649264,-0.8401593,0.2058081,-0.5017723,-0.23155886,-0.9727557,-0.01126951
1355995873445,-0.41168237,0.09670624,0.9061818,-0.8738059,0.24049777,-0.42263937,-0.2588065,-0.9658202,-0.014506161
1355995873485,-0.3404833,0.06257996,0.9381657,-0.89712226,0.27710336,-0.3440717,-0.28150088,-0.9588,-0.038207233
1355995873527,-0.3348373,-2.3129582E-4,0.942276,-0.8967174,0.30726114,-0.31857264,-0.28945112,-0.9516252,-0.10308993
1355995873566,-0.40788743,-0.090316385,0.9085542,-0.8715972,0.33488825,-0.35800576,-0.2719303,-0.9379194,-0.21531618
1355995873606,-0.5344956,-0.19209817,0.8230509,-0.8150047,0.37500498,-0.44174504,-0.22378975,-0.9069011,-0.3569994
1355995873645,-0.6392889,-0.28088802,0.7158294,-0.7520723,0.42244902,-0.50588953,-0.16030309,-0.8617649,-0.48131502
1355995873686,-0.67677796,-0.34736675,0.6490824,-0.7281179,0.4460185,-0.52049196,-0.10870123,-0.82486594,-0.5547794
1355995873727,-0.64729416,-0.39782926,0.6501862,-0.75790775,0.4267328,-0.49343166,-0.08115423,-0.8121766,-0.5777396
1355995873762,-0.5594685,-0.43552268,0.70520574,-0.8255291,0.3689018,-0.42709866,-0.07414055,-0.8211161,-0.56592554
1355995873807,-0.41492158,-0.45340365,0.7888379,-0.9062502,0.2830693,-0.3139784,-0.08093685,-0.84516084,-0.5283487
1355995873843,-0.2541619,-0.4474682,0.8574228,-0.9628775,0.20042187,-0.18082604,-0.0909324,-0.8715522,-0.48179662
1355995873884,-0.09385842,-0.4187809,0.90322375,-0.9905833,0.13011092,-0.042610347,-0.09967485,-0.89871776,-0.4270494
1355995873923,0.040694296,-0.37394926,0.926556,-0.9937897,0.080971,0.07632634,-0.10356632,-0.92390776,-0.36833185
1355995873964,0.14058746,-0.3211679,0.93652886,-0.98477644,0.052308276,0.16576841,-0.10222763,-0.94557655,-0.30892462
1355995874004,0.20371419,-0.26675633,0.9419881,-0.9741349,0.04087156,0.22224042,-0.09778461,-0.96289694,-0.25153053
1355995874043,0.22154999,-0.21673334,0.9507588,-0.97067034,0.044322193,0.2362935,-0.09335244,-0.9752242,-0.20055705
1355995874083,0.19814849,-0.1735777,0.9646802,-0.97602904,0.055452585,0.21045727,-0.09002471,-0.9832577,-0.15842903
1355995874125,0.12493482,-0.13667357,0.9827063,-0.98829544,0.070248574,0.13541552,-0.08754146,-0.9881222,-0.12629741
1355995874164,0.0032226741,-0.103545964,0.9946194,-0.9962438,0.08573541,0.0121534765,-0.08653253,-0.9909226,-0.10288072
1355995874204,-0.14894661,-0.07115844,0.98628163,-0.9847666,0.101171166,-0.14141852,-0.08972016,-0.99232095,-0.085143566
1355995874245,-0.2927227,-0.038555592,0.9554198,-0.95094955,0.11627829,-0.28666073,-0.100042224,-0.99246806,-0.07070172
1355995874284,-0.3927549,-0.008350283,0.91960526,-0.9120984,0.13136262,-0.38835603,-0.11755887,-0.9912992,-0.059209645
1355995874325,-0.43716198,0.01531136,0.8992525,-0.8885064,0.14767379,-0.4344523,-0.1394481,-0.9889176,-0.05095315
1355995874365,-0.42707562,0.029095203,0.9037477,-0.8894403,0.1664294,-0.42567256,-0.16279519,-0.9856241,-0.045199513
1355995874404,-0.3648026,0.031356066,0.9305567,-0.9121189,0.18866044,-0.36393166,-0.18697065,-0.98154163,-0.0402233
1355995874445,-0.25805175,0.021577,0.96589017,-0.94238496,0.21467131,-0.2565675,-0.21288487,-0.97644806,-0.035062492
1355995874485,-0.13244668,-8.442402E-4,0.99118984,-0.9616339,0.2424908,-0.12829071,-0.24024618,-0.9701534,-0.032929003
1355995874525,-0.027623385,-0.038401246,0.9988805,-0.9639534,0.2655621,-0.01644817,-0.26463318,-0.9633286,-0.04435277
1355995874585,0.029498637,-0.096957535,0.99485123,-0.96065927,0.27222586,0.055015713,-0.27615836,-0.95733607,-0.08511287
1355995874603,0.036304444,-0.18215403,0.9825996,-0.96423423,0.2519404,0.082330525,-0.26255336,-0.9504451,-0.16649264
1355995874644,0.015641242,-0.2882201,0.95743644,-0.97544175,0.20600322,0.07794914,-0.21970153,-0.93514264,-0.27791977
1355995874681,0.0048909336,-0.39113986,0.92031825,-0.9869405,0.14629652,0.067421734,-0.16101065,-0.9086291,-0.38531625
1355995874722,0.033704236,-0.46323156,0.88559616,-0.99344003,0.08135517,0.0803633,-0.109274626,-0.8824953,-0.45745075
1355995874766,0.10505511,-0.49082184,0.8649031,-0.9914334,0.01618214,0.12960723,-0.077610016,-0.8711097,-0.4849171
1355995874803,0.19104351,-0.48474556,0.85353625,-0.9794809,-0.037285194,0.19805798,-0.064183444,-0.8738601,-0.48192215
1355995874845,0.2763639,-0.45232743,0.8479522,-0.9587849,-0.06918341,0.27558163,-0.06598896,-0.88916457,-0.45280457
1355995874884,0.34422266,-0.40965107,0.8448058,-0.9358498,-0.077373624,0.3438003,-0.075472474,-0.9089551,-0.4100056
1355995874925,0.3947916,-0.36244437,0.84425926,-0.91449773,-0.06649721,0.39908898,-0.08850667,-0.92963016,-0.3577071
1355995874965,0.42800003,-0.3148409,0.84716654,-0.89808846,-0.043139875,0.43769392,-0.101257235,-0.9481635,-0.30121887
1355995875005,0.4456867,-0.2691922,0.8537558,-0.88822436,-0.014244497,0.45918903,-0.111448765,-0.9629811,-0.24545163
1355995875044,0.44895315,-0.22761944,0.8640778,-0.8856797,0.0147500485,0.46406242,-0.118374765,-0.9736384,-0.1949758
1355995875085,0.43803194,-0.19203785,0.8782081,-0.8906342,0.039938956,0.4529633,-0.122060835,-0.98057455,-0.15354097
1355995875125,0.41340992,-0.16311577,0.89581555,-0.90223885,0.059200495,0.42715383,-0.12270826,-0.9848292,-0.12269533
1355995875164,0.37614462,-0.13988855,0.91594017,-0.9185872,0.073109835,0.38839749,-0.121296614,-0.98746455,-0.10099995
1355995875205,0.3290638,-0.12054667,0.93658185,-0.9366305,0.084548086,0.33996302,-0.12016761,-0.98910064,-0.08508596
1355995875245,0.27644286,-0.10384205,0.9554036,-0.9531903,0.09709999,0.28635615,-0.122505486,-0.9898426,-0.07213864
1355995875284,0.22407871,-0.089764744,0.9704282,-0.9658395,0.112538695,0.23342898,-0.13016438,-0.98958445,-0.06148082
1355995875325,0.17893037,-0.0789471,0.9806892,-0.9734851,0.13018009,0.18809566,-0.14251584,-0.9883423,-0.053560615
1355995875366,0.14845255,-0.07180753,0.986309,-0.97623813,0.14856997,0.1577532,-0.15786368,-0.9862913,-0.048045635
1355995875405,0.1384252,-0.06818673,0.9880228,-0.97466934,0.16757187,0.148119,-0.17566457,-0.98349893,-0.043263316
1355995875446,0.14996454,-0.068047374,0.98634696,-0.9689989,0.18800512,0.1602973,-0.19634607,-0.979808,-0.037743747
1355995875485,0.17557701,-0.07348633,0.98171914,-0.95966506,0.20964739,0.18732578,-0.21958074,-0.97501165,-0.033712983
1355995875525,0.19979468,-0.09088531,0.9756136,-0.9495766,0.22758195,0.21566343,-0.2416327,-0.9695083,-0.040832937
1355995875566,0.20532589,-0.13131967,0.9698435,-0.94540966,0.22962289,0.23124462,-0.25306523,-0.96437985,-0.07700336
1355995875606,0.18891586,-0.20104542,0.9611927,-0.9514631,0.2046981,0.2298187,-0.2429583,-0.95795584,-0.15261662
1355995875647,0.15432446,-0.29793522,0.94202894,-0.96674097,0.15128045,0.20621821,-0.20395023,-0.9425225,-0.2646799
1355995875687,0.12448934,-0.39734063,0.909188,-0.9810605,0.08775577,0.17268214,-0.14840013,-0.9134655,-0.37889057
1355995875726,0.11784206,-0.46901864,0.8752912,-0.9881013,0.032349452,0.15036416,-0.098838836,-0.88259566,-0.45962584
1355995875764,0.1330844,-0.5005857,0.8553961,-0.9887533,-0.0076426417,0.14935985,-0.06822991,-0.8656533,-0.49597287
1355995875805,0.15472998,-0.49849966,0.8529693,-0.98639095,-0.02936028,0.16177383,-0.055600762,-0.8663925,-0.4962585
1355995875845,0.17099123,-0.47078612,0.86551857,-0.9836737,-0.03154494,0.1771754,-0.05610898,-0.88168323,-0.46849376
1355995875884,0.16805603,-0.43124604,0.88644457,-0.9838003,-0.01644735,0.17851168,-0.062402785,-0.9020844,-0.42702407
1355995875925,0.14938897,-0.38101932,0.9124183,-0.9861878,0.009339094,0.16536704,-0.07152921,-0.9245199,-0.37436146
1355995875973,0.11169255,-0.31844604,0.9413378,-0.99038863,0.042092204,0.13175201,-0.08157888,-0.947006,-0.31068397
1355995876015,0.043191016,-0.2550561,0.9659611,-0.9950038,0.07612777,0.06459069,-0.09001073,-0.96392477,-0.25049382
1355995876056,-0.0334073,-0.19567579,0.9800995,-0.99476236,0.10129538,-0.0136835575,-0.09660202,-0.97542316,-0.19803488
1355995876095,-0.11573431,-0.14487422,0.98265815,-0.9881542,0.11717138,-0.09910691,-0.10078135,-0.9824878,-0.15671879
1355995876135,-0.19950166,-0.10543409,0.9742088,-0.9746065,0.12452552,-0.18610635,-0.1016919,-0.98659873,-0.12759972
1355995876175,-0.28225338,-0.0762285,0.9563066,-0.9541179,0.12617362,-0.2715499,-0.099960804,-0.98907506,-0.10834384
1355995876215,-0.3603497,-0.05301994,0.9313092,-0.92756164,0.12619716,-0.3517152,-0.09888065,-0.99058723,-0.09465432
1355995876255,-0.43030548,-0.031217784,0.90214336,-0.8967581,0.12910503,-0.42326927,-0.103257775,-0.9911394,-0.08354944
1355995876295,-0.4892661,-0.008468509,0.87209344,-0.86438996,0.13767356,-0.48360735,-0.11596879,-0.9904415,-0.07467914
1355995876335,-0.53505886,0.015214294,0.8446778,-0.8337816,0.15155125,-0.5308865,-0.13608906,-0.98833233,-0.06840348
1355995876376,-0.56584316,0.03895384,0.8235922,-0.8087027,0.16845357,-0.5635809,-0.1606907,-0.9849396,-0.06381625
1355995876414,-0.5796577,0.062476367,0.81246156,-0.7928679,0.18683559,-0.5800457,-0.1880359,-0.9804026,-0.058765233
1355995876456,-0.57462543,0.08504659,0.8139857,-0.7889148,0.20707297,-0.5785622,-0.21775916,-0.97462195,-0.051894844
1355995876495,-0.5508183,0.10147929,0.8284329,-0.7967792,0.2315697,-0.55813825,-0.24847946,-0.96751094,-0.046696246
1355995876535,-0.5145804,0.09889999,0.85171926,-0.81212986,0.26242113,-0.52113366,-0.2750492,-0.95987177,-0.054717124
1355995876576,-0.47967803,0.057998776,0.8755256,-0.82938284,0.29573476,-0.4739884,-0.28641412,-0.9535078,-0.09375429
1355995876620,-0.45988357,-0.035764724,0.8872587,-0.8464248,0.31974006,-0.4258301,-0.26846248,-0.94683003,-0.17731535
1355995876666,-0.4603661,-0.1827493,0.8687149,-0.8627814,0.3224723,-0.38938406,-0.20897684,-0.9287703,-0.30612797
1355995876731,-0.43803224,-0.3157603,0.84167874,-0.8867342,0.30565152,-0.34681353,-0.14775041,-0.89826083,-0.41388065
1355995876742,-0.39917967,-0.40273723,0.82368577,-0.910792,0.2774695,-0.30572632,-0.10542032,-0.87224627,-0.47757
1355995876782,-0.34059033,-0.44520003,0.8281275,-0.93625134,0.24135235,-0.2553086,-0.08620715,-0.8622911,-0.4990214
1355995876825,-0.26655027,-0.4517374,0.8514013,-0.96010613,0.20193204,-0.19344151,-0.08454046,-0.8689976,-0.4875409
1355995876863,-0.18491417,-0.4330805,0.88218373,-0.9784171,0.16537482,-0.12389997,-0.09223235,-0.8860545,-0.45431352
1355995876905,-0.10527104,-0.39788127,0.91137725,-0.9890907,0.13685495,-0.05450055,-0.10304171,-0.9071721,-0.40794754
1355995876946,-0.034796834,-0.35216287,0.9352917,-0.992949,0.11829895,0.0076009035,-0.11332077,-0.9284324,-0.35379618
1355995876986,0.020568699,-0.30212486,0.95304644,-0.9924065,0.10945496,0.056116432,-0.12126982,-0.94696367,-0.2975793
1355995877026,0.060769618,-0.25114718,0.9660394,-0.99008,0.10766852,0.0902732,-0.12668392,-0.96194214,-0.24211282
1355995877066,0.08376017,-0.20284212,0.9756225,-0.9879824,0.11072752,0.107842654,-0.12990326,-0.9729308,-0.19112986
1355995877105,0.08924946,-0.16036254,0.98301494,-0.98737806,0.11540529,0.10847205,-0.13083997,-0.98028845,-0.14803863
1355995877145,0.07775465,-0.1254665,0.9890462,-0.9885529,0.11895451,0.09280592,-0.1292955,-0.9849406,-0.11478096
1355995877185,0.05208659,-0.09768692,0.9938533,-0.99060583,0.12095064,0.063804746,-0.12644011,-0.9878402,-0.0904693
1355995877225,0.018629104,-0.075089574,0.9970027,-0.99192476,0.12373105,0.027853072,-0.12545168,-0.98947066,-0.072178245
1355995877265,-0.014043689,-0.056314766,0.99831426,-0.9913425,0.13113791,-0.0065481663,-0.13054809,-0.9897633,-0.057668865
1355995877304,-0.036135852,-0.04186344,0.99846965,-0.988906,0.14554566,-0.029687375,-0.1440801,-0.9884654,-0.046658397
1355995877345,-0.0372988,-0.033661246,0.9987371,-0.98563564,0.16597593,-0.031215519,-0.16471556,-0.98555505,-0.03936839
1355995877385,-0.0072838366,-0.03398505,0.9993957,-0.9819027,0.18938485,-7.162094E-4,-0.18924603,-0.9813146,-0.03474945
1355995877425,0.060854673,-0.044665247,0.9971467,-0.9746038,0.2130341,0.069021285,-0.21550906,-0.97602326,-0.030566752
1355995877465,0.16397485,-0.06705809,0.98418266,-0.9561436,0.23465344,0.17529157,-0.24269658,-0.9697634,-0.025639892
1355995877505,0.28220296,-0.10235289,0.953879,-0.9206836,0.25056022,0.29926765,-0.26963505,-0.9626751,-0.023525745
1355995877545,0.38823214,-0.15265208,0.90883064,-0.8740657,0.2515203,0.41562805,-0.29203585,-0.9557378,-0.035779685
1355995877605,0.46533206,-0.2209726,0.8571098,-0.83238536,0.22004655,0.50863945,-0.30099943,-0.9501319,-0.08153963
1355995877627,0.516493,-0.30572984,0.7998527,-0.8072766,0.13764203,0.57389826,-0.28555122,-0.9421168,-0.17571744
1355995877665,0.55810744,-0.39168793,0.73150307,-0.79452735,0.0019292235,0.6072254,-0.23925412,-0.92009616,-0.31013003
1355995877708,0.6182993,-0.44493032,0.6478758,-0.7652941,-0.15311623,0.6252043,-0.17897204,-0.8823788,-0.43517417
1355995877745,0.69920224,-0.4444329,0.55999607,-0.70361,-0.28898042,0.6491712,-0.12668516,-0.84792084,-0.51476324
1355995877786,0.7837773,-0.4012337,0.47403023,-0.61365044,-0.38293278,0.6905039,-0.09553173,-0.8320901,-0.54635125
1355995877827,0.85074604,-0.34232318,0.3988058,-0.51865554,-0.42407733,0.7423981,-0.08501558,-0.838435,-0.5383299
1355995877866,0.89805514,-0.28811723,0.3323934,-0.43132246,-0.4284175,0.79398954,-0.0863589,-0.85641515,-0.509014
1355995877906,0.9296638,-0.24455918,0.2755285,-0.35620055,-0.40574798,0.84171826,-0.0940548,-0.88065845,-0.46432135
1355995877945,0.9515435,-0.20977636,0.22485265,-0.28985193,-0.36759588,0.8836622,-0.102716535,-0.90601707,-0.41058758
1355995877987,0.9670222,-0.18136421,0.17881587,-0.23018852,-0.3218838,0.91837037,-0.10900157,-0.9292458,-0.35301673
1355995878028,0.9780521,-0.15742378,0.13649864,-0.17573707,-0.2713014,0.946315,-0.11194022,-0.94953316,-0.29301208
1355995878066,0.9857851,-0.13846333,0.09516087,-0.12456511,-0.22225362,0.96699893,-0.11274405,-0.96510684,-0.23634201
1355995878105,0.9908699,-0.123887524,0.053186137,-0.0749418,-0.17818218,0.98113966,-0.11207414,-0.97616756,-0.18583971
1355995878145,0.9936994,-0.1119019,0.006286625,-0.022369944,-0.14305949,0.9894613,-0.10982324,-0.9833677,-0.14466137
1355995878185,0.9936139,-0.1007984,-0.050706036,0.038641945,-0.118227124,0.9922344,-0.106010474,-0.9878573,-0.11357707
1355995878225,0.9879744,-0.09082649,-0.12512866,0.11573183,-0.10225454,0.98800313,-0.102531835,-0.9906032,-0.09051335
1355995878265,0.97037196,-0.08434897,-0.22641444,0.21850094,-0.093624234,0.97133505,-0.10312899,-0.9920281,-0.07242
1355995878304,0.9270938,-0.08225016,-0.36569393,0.3580721,-0.0941129,0.9289387,-0.11082186,-0.9921581,-0.057799995
1355995878345,0.8296982,-0.07902345,-0.55259055,0.5439185,-0.108136505,0.8321414,-0.12551385,-0.9909904,-0.046738356
1355995878385,0.623976,-0.06072706,-0.77908033,0.7679101,-0.13709179,0.62571543,-0.1448034,-0.9886951,-0.038909063
1355995878424,0.25041988,-0.010389179,-0.9680816,0.9536687,-0.16958174,0.24851146,-0.16675082,-0.98546135,-0.0325588
1355995878465,-0.22723204,0.069667876,-0.9713454,0.9548388,-0.18013757,-0.23629057,-0.19143769,-0.98117113,-0.025588632
1355995878504,-0.6195755,0.15398058,-0.76968575,0.7536789,-0.15726,-0.6381514,-0.21930376,-0.975479,-0.018617451
1355995878545,-0.8508549,0.22755352,-0.4735666,0.4629232,-0.10160756,-0.8805555,-0.24849148,-0.96844995,-0.018886447
1355995878585,-0.94715106,0.27507177,-0.16504626,0.17016932,-0.00530988,-0.9854005,-0.27193224,-0.96140903,-0.04177946
1355995878628,-0.9593037,0.26907563,0.0856425,-0.053670667,0.12401891,-0.99082726,-0.27722877,-0.95510083,-0.104530275
1355995878667,-0.95079625,0.20270115,0.23430482,-0.17890665,0.25821292,-0.94937795,-0.25294054,-0.9445837,-0.2092433
1355995878736,-0.9507907,0.101120025,0.292868,-0.23667905,0.37296665,-0.89715046,-0.19994986,-0.92231804,-0.3306802
1355995878748,-0.95182145,8.13663E-4,0.3066517,-0.27368328,0.44881976,-0.8506811,-0.13832352,-0.893622,-0.42697358
1355995878784,-0.94530404,-0.073872544,0.31771538,-0.31288305,0.4807206,-0.81915313,-0.092219405,-0.8737566,-0.47754055
1355995878824,-0.93306005,-0.11784102,0.3398711,-0.3534276,0.47626922,-0.8051438,-0.066991195,-0.8713674,-0.486036
1355995878864,-0.9154078,-0.13561581,0.37899482,-0.39802432,0.44540733,-0.80199057,-0.060044453,-0.88499755,-0.46170777
1355995878904,-0.8948602,-0.13428754,0.42566648,-0.44177473,0.40261388,-0.8017089,-0.06371972,-0.90546614,-0.41960794
1355995878946,-0.8727612,-0.11725618,0.47385544,-0.48263896,0.3526972,-0.8016635,-0.07312746,-0.9283619,-0.36441278
1355995878995,-0.8515158,-0.08549915,0.51731104,-0.51745474,0.2962677,-0.8027864,-0.08462496,-0.9512704,-0.29651856
1355995879036,-0.8452096,-0.045498252,0.53249484,-0.52604795,0.24665266,-0.8139018,-0.09431018,-0.96803534,-0.23240751
1355995879075,-0.84939045,-0.0059103966,0.52773196,-0.5176747,0.20392692,-0.8309192,-0.102707684,-0.9789683,-0.17627329
1355995879119,-0.86594594,0.030570507,0.49920237,-0.4877689,0.16898471,-0.85646117,-0.11054002,-0.9851445,-0.1314202
1355995879155,-0.8930474,0.060879707,0.44582504,-0.4344779,0.14101869,-0.8895744,-0.1170267,-0.9881333,-0.09948552
1355995879199,-0.9236283,0.0826028,0.37428284,-0.36374918,0.11890721,-0.9238764,-0.1208197,-0.98946345,-0.079779446
1355995879235,-0.951183,0.097006544,0.29298556,-0.28342712,0.10115582,-0.9536438,-0.12214688,-0.9901298,-0.06872344
1355995879275,-0.97051805,0.10801124,0.21547236,-0.2067003,0.08684772,-0.9745422,-0.123974785,-0.990349,-0.061961293
1355995879314,-0.98106444,0.120529875,0.15160862,-0.14326586,0.07515466,-0.98682654,-0.13033617,-0.9898608,-0.05646372
1355995879355,-0.98491514,0.13703248,0.105661675,-0.09738425,0.06578201,-0.99307054,-0.14303355,-0.9883799,-0.051444948
1355995879395,-0.98447686,0.15713273,0.0781952,-0.069700584,0.058870435,-0.99582934,-0.16108078,-0.98582125,-0.047004282
1355995879435,-0.9811771,0.17972435,0.07064389,-0.061747357,0.054629743,-0.9965956,-0.18297176,-0.98219895,-0.042503893
1355995879475,-0.9749027,0.2043677,0.08830897,-0.07887229,0.053884983,-0.99542737,-0.20819172,-0.97740996,-0.03641361
1355995879515,-0.9626954,0.23042946,0.14184466,-0.13123928,0.06079805,-0.9894846,-0.23663029,-0.9711879,-0.028288662
1355995879555,-0.93564963,0.25315806,0.24590793,-0.23115507,0.08694416,-0.96902424,-0.26669654,-0.9635101,-0.022830427
1355995879594,-0.8790925,0.25563598,0.40230155,-0.37591213,0.14710683,-0.9149042,-0.29306376,-0.95551544,-0.033223867
1355995879635,-0.8000106,0.21087465,0.561707,-0.5164398,0.23452318,-0.82358295,-0.3054061,-0.948963,-0.078716934
1355995879677,-0.7548901,0.11630747,0.6454561,-0.58758307,0.31726038,-0.74437356,-0.29135388,-0.9411793,-0.1711564
1355995879734,-0.7761493,0.0027428865,0.6305433,-0.5808331,0.38608402,-0.7166394,-0.24540837,-0.9224595,-0.29806572
1355995879757,-0.80907476,-0.100961834,0.5789686,-0.55762947,0.4429869,-0.7020056,-0.18559973,-0.89082503,-0.4147088
1355995879794,-0.81221294,-0.1875081,0.5524045,-0.56762177,0.47250205,-0.67420125,-0.13459405,-0.8611518,-0.49020594
1355995879833,-0.76170635,-0.26933956,0.58928746,-0.6394883,0.45878914,-0.61690134,-0.10420275,-0.84674007,-0.52170205
1355995879875,-0.62733185,-0.35280168,0.6942519,-0.7730694,0.38963103,-0.5005511,-0.09390682,-0.8507166,-0.51716816
1355995879914,-0.40055218,-0.4193605,0.8146746,-0.91127324,0.275089,-0.30644262,-0.09559807,-0.86513746,-0.4923395
1355995879957,-0.113473535,-0.441185,0.89021325,-0.9880761,0.14395905,-0.054602504,-0.104064435,-0.88579434,-0.4522599
1355995879995,0.14166088,-0.41596603,0.89827853,-0.9833013,0.045591846,0.17618135,-0.11423963,-0.9082365,-0.40256137
1355995880036,0.32360694,-0.36837503,0.8715379,-0.93806636,-0.004453689,0.34642687,-0.1237334,-0.92966664,-0.34700143
1355995880076,0.441284,-0.31671885,0.83961755,-0.88751996,-0.015805677,0.46049827,-0.13257784,-0.9483878,-0.28806913
1355995880117,0.5060235,-0.2697978,0.819237,-0.8509203,-9.096712E-4,0.52529395,-0.14097786,-0.9629165,-0.2300367
1355995880157,0.5384375,-0.22729537,0.81143206,-0.8296392,0.0256695,0.55770963,-0.14759392,-0.97348756,-0.17475173
1355995880195,0.5322647,-0.18729931,0.8255987,-0.8332191,0.056661606,0.55003214,-0.14980042,-0.98066735,-0.12590241
1355995880235,0.48902988,-0.14510816,0.8601124,-0.85990065,0.08525185,0.5032921,-0.14635798,-0.98573613,-0.08308789
1355995880275,0.18735978,-0.07246196,0.97961503,-0.9721062,0.12956235,0.19550735,-0.14108807,-0.98892003,-0.046165973
1355995880314,-0.94822377,0.13940705,-0.2853722,0.28460652,-0.02582705,-0.9582964,-0.14096361,-0.9898982,-0.01518625
1355995880355,-0.838453,0.12335484,-0.5308297,0.52355766,-0.08805126,-0.8474281,-0.1512746,-0.9884486,0.009243488
1355995880395,-0.8238095,0.12878227,-0.5520444,0.5401791,-0.1169464,-0.8333847,-0.1718848,-0.9847531,0.026776135
1355995880434,-0.8305807,0.14771806,-0.5369498,0.52015173,-0.13866019,-0.84274286,-0.1989419,-0.97926134,0.0383327
1355995880475,-0.84771043,0.17598456,-0.5004161,0.47844374,-0.15373862,-0.8645553,-0.22908169,-0.9723136,0.04612714
1355995880514,-0.880974,0.21561176,-0.42118472,0.39471352,-0.15599954,-0.9054642,-0.26093334,-0.96393764,0.05232662
1355995880555,-0.939975,0.27798408,-0.1979184,0.17330423,-0.11074597,-0.97862196,-0.29396003,-0.95418036,0.055922687
1355995880613,-0.8316489,0.31031758,0.4605031,-0.4499653,0.109375894,-0.88632286,-0.32540947,-0.94431984,0.048669815
1355995880637,-0.36463416,0.14849156,0.91923463,-0.8637392,0.31484598,-0.39348033,-0.34784582,-0.9374553,0.013454378
1355995880677,-0.3114179,0.04325223,0.9492882,-0.8840391,0.3532327,-0.30610698,-0.34855944,-0.9345351,-0.07176632
1355995880721,-0.5945716,-0.0083386,0.8039994,-0.744915,0.3820807,-0.54691494,-0.30263212,-0.92409134,-0.23338586
1355995880762,-0.755793,-0.09057686,0.64851594,-0.61248434,0.44808242,-0.6512182,-0.23160331,-0.8893919,-0.39413446
1355995880804,-0.8128313,-0.17154983,0.5566651,-0.5588306,0.49930415,-0.6621206,-0.16435854,-0.8492738,-0.5017174
1355995880843,-0.779958,-0.26116604,0.5687334,-0.61397725,0.4953598,-0.6145328,-0.12123251,-0.8284992,-0.54670984
1355995880885,-0.6398356,-0.36045527,0.67873585,-0.7614589,0.41672656,-0.49650717,-0.10387862,-0.83451235,-0.54110837
1355995880923,-0.38757917,-0.43633896,0.81202877,-0.91610914,0.28035614,-0.28660864,-0.10259876,-0.85499054,-0.5083943
1355995880963,-0.08310078,-0.45094183,0.8886764,-0.9903369,0.13672371,-0.023229271,-0.111028105,-0.8820194,-0.45794612
1355995881003,0.16313055,-0.41419044,0.8954522,-0.9788573,0.045570403,0.1994035,-0.12339717,-0.9090487,-0.3979994
1355995881044,0.31862438,-0.3608014,0.87652767,-0.93813497,0.012231246,0.34605372,-0.13557765,-0.9325625,-0.33458316
1355995881084,0.40774047,-0.30730256,0.859833,-0.9014567,0.014410913,0.4326293,-0.1453391,-0.95150274,-0.27114406
1355995881123,0.44356555,-0.25974345,0.85777795,-0.8833585,0.034993336,0.46738982,-0.151418,-0.9650434,-0.21392477
1355995881168,0.44343814,-0.2179769,0.8693956,-0.8832369,0.058761448,0.46523076,-0.15249649,-0.9741834,-0.16646814
1355995881206,0.40009752,-0.18064171,0.8984935,-0.9043276,0.08126041,0.41903284,-0.1487068,-0.98018646,-0.13084716
1355995881247,0.31748772,-0.14596775,0.93696046,-0.93789136,0.09739822,0.33297667,-0.13986215,-0.9844831,-0.105979145
1355995881285,0.17958418,-0.11018449,0.9775525,-0.97505766,0.11181483,0.19172895,-0.1304304,-0.9876015,-0.08735603
1355995881324,0.008969456,-0.07256377,0.9973234,-0.9920933,0.12421057,0.017959803,-0.12518132,-0.989599,-0.07087594
1355995881365,-0.15912691,-0.034453362,0.9866568,-0.9788629,0.13556036,-0.15313628,-0.12847546,-0.9901699,-0.05529642
1355995881405,-0.27424085,-0.0014766753,0.9616599,-0.95134866,0.14647138,-0.2710754,-0.14045537,-0.9892138,-0.041573286
1355995881445,-0.31427652,0.020782024,0.94910395,-0.93608737,0.15963161,-0.3134617,-0.15802133,-0.9869579,-0.03071469
1355995881485,-0.27915365,0.028935969,0.9598104,-0.94353026,0.17742789,-0.27976772,-0.1783925,-0.98370826,-0.022227705
1355995881525,-0.1762068,0.021365345,0.9841213,-0.9636686,0.20013234,-0.1768896,-0.20073381,-0.9795359,-0.014675558
1355995881565,-0.03063783,-0.0018526912,0.99952877,-0.97382385,0.22539017,-0.029432178,-0.22522938,-0.97426677,-0.0087096095
1355995881604,0.109604836,-0.040035248,0.99316865,-0.96192336,0.24742115,0.11613032,-0.25038022,-0.9680805,-0.011392236
1355995881645,0.20154503,-0.09549558,0.9748129,-0.9414904,0.25559756,0.21969458,-0.27013963,-0.9620553,-0.038393676
1355995881692,0.22889836,-0.17647678,0.95732,-0.93475574,0.23466839,0.26676306,-0.27173027,-0.9559219,-0.11124748
1355995881728,0.21303463,-0.2843056,0.93476546,-0.94603205,0.17911184,0.2700785,-0.24421236,-0.9418541,-0.23080516
1355995881763,0.18143624,-0.40335003,0.8968777,-0.9652945,0.10116589,0.24077383,-0.18784958,-0.9094362,-0.37099642
1355995881808,0.19169198,-0.49846146,0.8454528,-0.97318256,0.015073523,0.2295396,-0.12716064,-0.86678076,-0.48220456
1355995881846,0.27064955,-0.5423498,0.7953651,-0.9588934,-0.078690186,0.27263775,-0.08527762,-0.83645964,-0.5413531
1355995881885,0.391766,-0.53114396,0.7512693,-0.9177812,-0.16810489,0.35974792,-0.0647859,-0.8304378,-0.5533317
1355995881926,0.5082203,-0.48564538,0.71123886,-0.8592961,-0.23067153,0.4565094,-0.05763915,-0.84317213,-0.5345452
1355995881965,0.59715325,-0.42771846,0.67857563,-0.8000962,-0.25745168,0.5418161,-0.057044357,-0.8664731,-0.49595407
1355995882006,0.6549932,-0.37255204,0.65741074,-0.75336766,-0.25461996,0.60630506,-0.058490306,-0.8923977,-0.447443
1355995882046,0.6884173,-0.3237795,0.6490365,-0.72285044,-0.23256168,0.6506937,-0.059740245,-0.91710514,-0.39414358
1355995882086,0.7021075,-0.28246468,0.65365034,-0.70953536,-0.20012236,0.6756558,-0.060038865,-0.93817097,-0.3409261
1355995882127,0.70333,-0.24467221,0.6674298,-0.7083559,-0.16243243,0.6869117,-0.059655994,-0.9559034,-0.28755862
1355995882167,0.69193774,-0.21085009,0.6904813,-0.71951735,-0.12283766,0.68352455,-0.05930409,-0.96976966,-0.2367063
1355995882205,0.6735211,-0.17864054,0.7172565,-0.7368048,-0.084722996,0.67077625,-0.05905974,-0.98026,-0.18868594
1355995882245,0.6482707,-0.1484032,0.74680746,-0.75913,-0.050129145,0.6490059,-0.058877677,-0.9876555,-0.14515457
1355995882286,0.6164977,-0.12196222,0.77785337,-0.7850474,-0.01960522,0.6191254,-0.06025991,-0.9923411,-0.107832685
1355995882324,0.57714796,-0.101780176,0.8102722,-0.8139103,0.009360313,0.58091503,-0.066710025,-0.99476284,-0.07743764
1355995882365,0.52886426,-0.08932704,0.8439925,-0.84473586,0.0406771,0.5336353,-0.08199921,-0.99517137,-0.053945065
1355995882405,0.47210538,-0.0841738,0.87751424,-0.8750388,0.07594323,0.47805825,-0.1068812,-0.9935529,-0.0378021
1355995882445,0.41184425,-0.084417254,0.90733576,-0.9007319,0.11316465,0.4193754,-0.13808087,-0.98998356,-0.029431134
1355995882485,0.35793412,-0.0882566,0.9295665,-0.9179841,0.14888851,0.36761028,-0.17084575,-0.98490757,-0.027725875
1355995882525,0.3218968,-0.09514442,0.9419819,-0.9249178,0.18094866,0.33434224,-0.20226118,-0.9788796,-0.029753983
