1355995598894,0.38775194,0.12655228,0.91303504,0.86154133,0.30240232,-0.40779817,-0.3277117,0.94474196,0.00822705
1355995598935,0.0121745765,-0.0045161247,0.9999157,0.9446977,0.3277894,-0.010021836,-0.3277165,0.94474006,0.008257031
1355995598973,0.012120098,-0.0046826303,0.9999156,0.9446869,0.32782373,-0.009915441,-0.32774964,0.9447273,0.008396864
1355995599013,0.011947274,-0.0050456524,0.99991584,0.9446502,0.32793784,-0.009632111,-0.32786164,0.9446858,0.008684397
1355995599055,0.011578947,-0.0055703223,0.99991745,0.9445691,0.32818636,-0.0091097355,-0.3281085,0.9445966,0.009061635
1355995599093,0.010949761,-0.0062740147,0.99992037,0.9444413,0.32857588,-0.008280575,-0.32849777,0.94445676,0.0095232725
1355995599133,0.010002136,-0.007337332,0.9999231,0.94428694,0.32904828,-0.0070311427,-0.32897142,0.9442846,0.010219693
1355995599194,0.008692086,-0.008954614,0.9999221,0.94414115,0.3294993,-0.0052564144,-0.3294266,0.9441133,0.011318445
1355995599215,0.0070557,-0.011049449,0.99991405,0.9440394,0.3298189,-0.00301677,-0.32975718,0.94397956,0.012758255
1355995599254,0.0052583516,-0.013186216,0.9998993,0.9439989,0.32994828,-6.132722E-4,-0.329907,0.94390696,0.014182746
1355995599291,0.0035449564,-0.014790058,0.99988437,0.9440089,0.3299165,0.0015332103,-0.329901,0.94389427,0.015131474
1355995599334,0.0021529198,-0.0153802335,0.9998795,0.9440417,0.32981205,0.0030404627,-0.3298191,0.9439213,0.015229583
1355995599373,0.0012208223,-0.014761925,0.9998903,0.9440743,0.3297119,0.0037150383,-0.32973063,0.9439662,0.014338851
1355995599413,7.916093E-4,-0.0130198,0.999915,0.9441117,0.32960665,0.0035443008,-0.3296248,0.9440286,0.012553036
1355995599453,7.984936E-4,-0.01053381,0.9999443,0.94417816,0.32942423,0.002716273,-0.32943454,0.94412327,0.0102087855
1355995599493,0.0012059212,-0.0075571835,0.99997073,0.9442862,0.32912254,0.0013485849,-0.32912308,0.944257,0.0075330734
1355995599532,0.002136618,-0.0039153993,0.99999,0.9444262,0.32872275,-7.3075294E-4,-0.3287166,0.9444183,0.004400134
1355995599572,0.0038192868,8.1288815E-4,0.9999924,0.9445819,0.3282529,-0.0038745403,-0.3282536,0.94458956,4.8583746E-4
1355995599613,0.00638932,0.006760508,0.9999567,0.94474304,0.32770807,-0.008252114,-0.3277497,0.94475484,-0.004293084
1355995599652,0.009688467,0.013376176,0.9998637,0.9448983,0.32708433,-0.013531625,-0.32722074,0.9449005,-0.009470165
1355995599693,0.013207078,0.019511044,0.99972236,0.9450364,0.32642096,-0.018855184,-0.32669818,0.94502306,-0.0141275525
1355995599733,0.01624757,0.023852885,0.9995834,0.94515514,0.32580113,-0.02313736,-0.32621735,0.9451374,-0.017251194
1355995599782,0.018192858,0.025464386,0.99951017,0.9452652,0.32530567,-0.025493264,-0.32579544,0.945266,-0.018152356
1355995599813,0.018672228,0.02415368,0.9995339,0.94538057,0.32496858,-0.02551341,-0.32543337,0.94541633,-0.016766548
1355995599853,0.017486185,0.020452827,0.9996379,0.9455135,0.3247564,-0.023184031,-0.325113,0.94557655,-0.013659656
1355995599893,0.0144455135,0.015240371,0.99977946,0.9456685,0.32459924,-0.01861173,-0.3248113,0.94572884,-0.009723306
1355995599932,0.009263694,0.009372771,0.99991316,0.9458325,0.32444036,-0.011803836,-0.3245228,0.9458597,-0.005859554
1355995599972,0.0017278194,0.0033480227,0.99999285,0.9459678,0.32424915,-0.0027200878,-0.3242559,0.94596577,-0.0026068687
1355995600013,-0.008219242,-0.002652049,0.9999627,0.9460103,0.3240214,0.008635163,-0.32403222,0.946046,-1.5431643E-4
1355995600052,-0.020159632,-0.008475572,0.99976075,0.94588256,0.3237749,0.021818072,-0.3238823,0.9460962,0.0014897585
1355995600093,-0.03335446,-0.013821423,0.99934804,0.9455337,0.32352376,0.036032826,-0.32381085,0.94611907,0.0022776723
1355995600134,-0.046967,-0.018213272,0.9987303,0.94497746,0.32323983,0.050333947,-0.3237461,0.9461417,0.0020295382
1355995600173,-0.06006527,-0.021068215,0.99797213,0.9442998,0.3228721,0.063651025,-0.32355836,0.94620806,5.0133467E-4
1355995600212,-0.07194206,-0.022086501,0.99716425,0.943615,0.322386,0.07521927,-0.3231331,0.9463506,-0.0023519397
1355995600253,-0.082048565,-0.021366,0.9963993,0.9430289,0.32178745,0.08455387,-0.32243535,0.9465709,-0.006253481
1355995600293,-0.08996338,-0.019259572,0.9957589,0.9426067,0.32115972,0.091373,-0.32155743,0.9468292,-0.010738432
1355995600333,-0.095430285,-0.01631996,0.9953023,0.94232714,0.3207465,0.09561026,-0.32080016,0.94702446,-0.015230179
1355995600373,-0.09836745,-0.013186246,0.99506277,0.94206583,0.32098073,0.09738195,-0.32068008,0.94699395,-0.019151747
1355995600413,-0.09884241,-0.010474682,0.99504805,0.94162565,0.32240632,0.09692964,-0.32182506,0.94654346,-0.022004187
1355995600453,-0.09707934,-0.008744299,0.9952382,0.94078475,0.3255297,0.09462792,-0.32480702,0.9454914,-0.02337569
1355995600493,-0.09338817,-0.008488148,0.99559355,0.9393567,0.33066633,0.09093222,-0.3299811,0.9437095,-0.0229069
1355995600533,-0.08814177,-0.010047168,0.9960572,0.9372225,0.33787397,0.08634353,-0.33740932,0.9411377,-0.020364404
1355995600573,-0.08188638,-0.013762981,0.9965466,0.93431616,0.34698775,0.08156505,-0.34691203,0.9377687,-0.015554547
1355995600613,-0.075327754,-0.020028293,0.99695766,0.93070424,0.35746723,0.077503145,-0.35793197,0.9337109,-0.008286774
1355995600653,-0.069269806,-0.029025137,0.99717563,0.92655486,0.36858812,0.0750927,-0.36972672,0.9291396,0.0013613105
1355995600693,-0.06439626,-0.04039994,0.9971063,0.9219531,0.37998265,0.074938476,-0.3819106,0.92411095,0.012777388
1355995600733,-0.06109783,-0.053289443,0.9967083,0.9168861,0.39162353,0.07714301,-0.3944454,0.9185811,0.02493298
1355995600784,-0.059565127,-0.0669952,0.99597365,0.9114707,0.403184,0.08163196,-0.40702957,0.9126633,0.03704846
1355995600815,-0.059841424,-0.08091456,0.994923,0.90633255,0.41327414,0.08812353,-0.41830644,0.9070046,0.048604608
1355995600855,-0.0617958,-0.09374416,0.99367666,0.90250134,0.41991088,0.09574038,-0.4262308,0.90271086,0.05865544
1355995600895,-0.065080434,-0.10269329,0.9925817,0.9008597,0.42178592,0.10270485,-0.42920408,0.900861,0.065062284
1355995600935,-0.06929749,-0.10471654,0.99208474,0.90154135,0.41919798,0.10722023,-0.42710766,0.9018356,0.06535697
1355995600975,-0.07435268,-0.09917101,0.9922887,0.90375304,0.41392082,0.1090866,-0.4215472,0.9048948,0.05884993
1355995601015,-0.08059198,-0.08895287,0.9927701,0.9060402,0.40860176,0.11016226,-0.41544688,0.90836775,0.04766482
1355995601055,-0.088261545,-0.077935964,0.9930438,0.90722024,0.40534848,0.1124461,-0.41129234,0.9108341,0.03492844
1355995601095,-0.097263336,-0.06849033,0.9928992,0.90729,0.40397507,0.116743416,-0.4091023,0.91220236,0.022848666
1355995601136,-0.107584596,-0.062022567,0.99225944,0.90734583,0.4018364,0.12349525,-0.40638548,0.9136087,0.0130444765
1355995601176,-0.11893839,-0.058848947,0.9911561,0.9085125,0.3962772,0.13254976,-0.40057293,0.91624296,0.006332457
1355995601216,-0.13181558,-0.058945715,0.9895201,0.9106392,0.38716045,0.14437094,-0.3916131,0.9201262,0.0026444793
1355995601257,-0.14634973,-0.061732084,0.9873049,0.9131862,0.3753186,0.1588301,-0.38035884,0.9248379,0.001445055
1355995601296,-0.1633721,-0.066630304,0.9843118,0.9152281,0.3622576,0.17642793,-0.36832985,0.92969334,0.0017991662
1355995601336,-0.1824533,-0.0722152,0.98055893,0.9168082,0.34780177,0.19620568,-0.35520917,0.9347828,0.00274992
1355995601377,-0.20415998,-0.07636112,0.9759548,0.91765726,0.33226174,0.2179617,-0.3409162,0.940091,0.00223881
1355995601416,-0.22865278,-0.07575482,0.9705561,0.9172137,0.31734467,0.24085554,-0.3262468,0.9452796,-0.003078401
1355995601456,-0.2552296,-0.06481579,0.96470547,0.914889,0.30658418,0.2626483,-0.31278718,0.9496341,-0.018950045
1355995601496,-0.2839626,-0.03746766,0.958103,0.9096374,0.30543965,0.2815429,-0.30319136,0.95147395,-0.052651465
1355995601537,-0.31365147,0.014103532,0.94943345,0.90079814,0.3206531,0.2928213,-0.30030897,0.9470917,-0.11327773
1355995601575,-0.34558412,0.08529213,0.93450356,0.8876455,0.35275194,0.29606012,-0.3043963,0.9318216,-0.19761461
1355995601616,-0.3788932,0.16086969,0.91135114,0.8704356,0.3963955,0.29191178,-0.3142957,0.9038759,-0.29021823
1355995601655,-0.41448426,0.21407324,0.8845198,0.8491425,0.44058573,0.2912751,-0.32735264,0.87181234,-0.36439455
1355995601696,-0.45091793,0.22910085,0.8626621,0.8245928,0.4768673,0.30437517,-0.34164274,0.8485931,-0.403943
1355995601736,-0.48426342,0.2081474,0.8498021,0.79953694,0.4997021,0.3332244,-0.3552881,0.8408165,-0.408409
1355995601788,-0.5094772,0.16515937,0.84448516,0.7786498,0.5062041,0.3707584,-0.36624762,0.8464513,-0.38650078
1355995601816,-0.52418345,0.110396534,0.84441954,0.76506436,0.49656135,0.41000408,-0.37404305,0.8609527,-0.3447497
1355995601855,-0.5258682,0.05700347,0.84865373,0.7609705,0.47726658,0.43947762,-0.3799823,0.87690777,-0.29435724
1355995601895,-0.51717865,0.0051972866,0.8558616,0.7637508,0.45411843,0.45876038,-0.3862782,0.8909261,-0.23882979
1355995601935,-0.49633008,-0.040969163,0.86716664,0.77361655,0.43237787,0.46321353,-0.39392114,0.90076125,-0.1829077
1355995601974,-0.4619505,-0.07742831,0.8835194,0.79037035,0.41602746,0.44970638,-0.40238833,0.90604967,-0.13098705
1355995602015,-0.4087332,-0.09688941,0.90749633,0.81505024,0.40865296,0.41072595,-0.41064608,0.90753245,-0.08806026
1355995602055,-0.3243943,-0.08903459,0.94172245,0.8482884,0.41312075,0.33126742,-0.41853935,0.9063135,-0.058486998
1355995602095,-0.18445721,-0.039596528,0.9820426,0.88528335,0.42731324,0.18351242,-0.4269063,0.90323615,-0.043766916
1355995602125,0.0357527,0.05980599,0.99756956,0.8994887,0.4330507,-0.058199584,-0.43547884,0.8993833,-0.038312078
1355995602164,0.31545317,0.20222402,0.92714334,0.8378539,0.3993547,-0.37217844,-0.44552243,0.89421546,-0.043456435
1355995602205,0.58918357,0.34196395,0.7320678,0.6692551,0.30111155,-0.679286,-0.4527254,0.89016426,-0.051451147
1355995602262,0.7546188,0.41674995,0.50682336,0.47439873,0.1871075,-0.8601957,-0.45331696,0.8895562,-0.05651079
1355995602283,0.8321827,0.43833107,0.3396142,0.32792735,0.10484564,-0.93886685,-0.4471416,0.89267755,-0.05649002
1355995602324,0.8686513,0.43523967,0.2366673,0.23495324,0.05865854,-0.97023505,-0.43616733,0.8984017,-0.05130715
1355995602361,0.88765204,0.42187136,0.18465722,0.18474124,0.04108873,-0.9819278,-0.4218346,0.9057241,-0.041464545
1355995602404,0.8981241,0.40167454,0.1789711,0.17461368,0.047773242,-0.9834773,-0.40358782,0.91453546,-0.027231574
1355995602443,0.90053296,0.3736524,0.22231594,0.20957154,0.07497087,-0.97491497,-0.38094655,0.92453414,-0.010793172
1355995602483,0.88722116,0.33592966,0.31621185,0.29506418,0.11371088,-0.948687,-0.35464886,0.934998,0.001765877
1355995602523,0.8454674,0.29619807,0.44435525,0.42010492,0.1448015,-0.8958484,-0.3296919,0.94408643,-0.0020093322
1355995602563,0.78012115,0.28066403,0.55914104,0.5408573,0.14666188,-0.82822925,-0.31445882,0.94853467,-0.03738515
1355995602604,0.7184452,0.31321624,0.6210733,0.6203151,0.11547831,-0.77580535,-0.31471533,0.9426348,-0.11132789
1355995602643,0.6718359,0.38394952,0.6334188,0.6642175,0.06616035,-0.7446059,-0.32779828,0.9209808,-0.21057707
1355995602683,0.6286412,0.45984778,0.6271764,0.69687176,0.024909496,-0.716763,-0.34522453,0.88764834,-0.3047958
1355995602723,0.57729286,0.5152467,0.633446,0.73241943,0.016189484,-0.6806613,-0.3609636,0.856889,-0.36803058
1355995602782,0.5132276,0.53990597,0.6671575,0.7726088,0.04785523,-0.6330762,-0.37372857,0.84036386,-0.39257547
1355995602805,0.43626475,0.5313671,0.7261694,0.8139933,0.110913455,-0.570187,-0.38352054,0.8398495,-0.38414162
1355995602845,0.3510636,0.49114886,0.7971996,0.85102797,0.18771994,-0.490421,-0.39051998,0.85060805,-0.35207975
1355995602885,0.2677318,0.4265955,0.8639074,0.87837833,0.2604018,-0.40080225,-0.39594346,0.866145,-0.3049944
1355995602925,0.19841272,0.3501919,0.9154223,0.89403266,0.31809992,-0.31546468,-0.40166894,0.88100964,-0.24996793
1355995602965,0.15261638,0.27562547,0.9490726,0.8997829,0.35845923,-0.24879241,-0.40877736,0.89192915,-0.19329631
1355995603005,0.13567998,0.21465504,0.9672198,0.8987868,0.38409054,-0.21132153,-0.4168612,0.8979965,-0.14081573
1355995603045,0.15020885,0.17629394,0.97280914,0.892779,0.3985167,-0.21007138,-0.42471498,0.9000582,-0.09753078
1355995603085,0.1970327,0.16641617,0.9661696,0.88024294,0.40389663,-0.24907795,-0.43168318,0.89954054,-0.0669058
1355995603125,0.27394772,0.18667853,0.9434532,0.85585403,0.4001652,-0.32769144,-0.43871012,0.8972285,-0.05014527
1355995603164,0.3730186,0.23252681,0.898214,0.81259656,0.38538024,-0.43722865,-0.44782135,0.89298,-0.045196533
1355995603205,0.478262,0.29158956,0.8283967,0.74843603,0.35817248,-0.55817205,-0.45946598,0.88695437,-0.046935797
1355995603246,0.57095087,0.3465997,0.7442336,0.6728002,0.32196388,-0.6660925,-0.47048378,0.8810266,-0.049366742
1355995603285,0.6395845,0.3839559,0.6659651,0.6032198,0.286331,-0.74440604,-0.47650552,0.8778339,-0.048476934
1355995603324,0.6833817,0.3998273,0.6108417,0.55387175,0.26115397,-0.79058504,-0.4756212,0.8785993,-0.0429852
1355995603365,0.70519125,0.3962644,0.5879455,0.53221995,0.25203538,-0.8082204,-0.46845207,0.88286626,-0.033166647
1355995603405,0.7043215,0.37431654,0.6031735,0.5440681,0.2611458,-0.7973661,-0.45598355,0.8897696,-0.019723088
1355995603444,0.6724472,0.32993203,0.6625403,0.5966463,0.28806722,-0.7490197,-0.43798172,0.8989784,-0.0031427443
1355995603485,0.592137,0.25622332,0.764018,0.6916941,0.32482475,-0.64501804,-0.41344064,0.9104057,0.015112579
1355995603525,0.45255297,0.15967652,0.87732506,0.80536425,0.34922004,-0.47899258,-0.3828633,0.9233357,0.029442817
1355995603565,0.2881049,0.080102175,0.95424277,0.8909546,0.34282637,-0.29777485,-0.35099202,0.9359774,0.02740252
1355995603606,0.15973231,0.062927395,0.9851526,0.93140006,0.32105032,-0.17152423,-0.32707715,0.94496924,-0.0073284507
1355995603646,0.09426445,0.12253004,0.9879781,0.942776,0.30782533,-0.12812847,-0.31982425,0.94352,-0.08650142
1355995603686,0.05942452,0.22114062,0.9734298,0.9433502,0.30644596,-0.12720564,-0.32643393,0.9258443,-0.19040263
1355995603727,0.03204924,0.31984818,0.9469266,0.9395226,0.313578,-0.13771752,-0.34098408,0.8940728,-0.2904547
1355995603787,-0.021532625,0.37394187,0.92720217,0.9349135,0.33611885,-0.11384547,-0.35422176,0.8644024,-0.35684085
1355995603806,-0.10230444,0.3725873,0.92234075,0.92548275,0.37559736,-0.049072742,-0.36471263,0.84859014,-0.38324845
1355995603846,-0.19874616,0.32334232,0.9251755,0.9062439,0.42003512,0.047880024,-0.37312454,0.8479506,-0.37650734
1355995603886,-0.29216176,0.2434074,0.92487526,0.87729275,0.45325834,0.15784287,-0.38078734,0.857502,-0.3459643
1355995603925,-0.3683999,0.15062705,0.9173838,0.84425306,0.46737477,0.26229313,-0.38925362,0.87113285,-0.29934812
1355995603966,-0.4190442,0.062233806,0.9058305,0.8156671,0.46405876,0.3454514,-0.39885986,0.88361555,-0.24522322
1355995604005,-0.44517353,-0.013977259,0.8953352,0.7966596,0.4503452,0.40314108,-0.4088447,0.8927451,-0.18934661
1355995604045,-0.4456149,-0.06973311,0.89250463,0.79185605,0.43435672,0.4292996,-0.41760176,0.89803755,-0.13833725
1355995604085,-0.41913262,-0.0998911,0.9024132,0.80250955,0.4240884,0.41967535,-0.42462474,0.90009487,-0.09758574
1355995604124,-0.35952148,-0.09991038,0.92777276,0.8275881,0.42518875,0.36648676,-0.4310944,0.89957345,-0.07017988
1355995604164,-0.25344884,-0.06372017,0.96524787,0.8619102,0.4381371,0.2552384,-0.43917477,0.89664686,-0.05612427
1355995604204,-0.079707116,0.018027008,0.99665534,0.88954866,0.4524816,0.06295702,-0.44983327,0.89159155,-0.05210191
1355995604245,0.1722811,0.14759746,0.9739272,0.87052965,0.43987536,-0.2206533,-0.4609744,0.88584685,-0.052705705
1355995604284,0.45092735,0.2891843,0.8444152,0.7600347,0.3716319,-0.5331389,-0.46798703,0.88219166,-0.052211136
1355995604326,0.6513671,0.38010228,0.656691,0.5975139,0.27646452,-0.7526915,-0.46765155,0.8826605,-0.0470365
1355995604363,0.76482046,0.41889706,0.48946398,0.44965133,0.19700012,-0.8712087,-0.46137124,0.88640636,-0.037687913
1355995604404,0.8199878,0.42237574,0.3862886,0.35490817,0.15429196,-0.9220815,-0.44906607,0.8931925,-0.02338709
1355995604443,0.84350264,0.4046815,0.3531801,0.32055813,0.14832383,-0.935544,-0.4309824,0.90234864,-0.004612401
1355995604484,0.839691,0.36620164,0.40101805,0.3599918,0.17753524,-0.9159079,-0.40660182,0.9134428,0.017245144
1355995604524,0.7836509,0.29510295,0.54663104,0.49522275,0.23446417,-0.836529,-0.3750276,0.9262508,0.037596345
1355995604564,0.6287625,0.19134143,0.7536884,0.69904363,0.28543675,-0.65564007,-0.34058148,0.93910295,0.0457159
1355995604605,0.4399193,0.12174356,0.8897469,0.8428416,0.2860183,-0.4558636,-0.3099824,0.9504589,0.02321443
1355995604655,0.3592009,0.1678949,0.91803384,0.88517267,0.25039577,-0.392137,-0.2957096,0.95347434,-0.05867356
1355995604695,0.3069534,0.26037264,0.91541564,0.90481174,0.2184219,-0.36552376,-0.2951192,0.94047755,-0.16854286
1355995604734,0.2838623,0.36385474,0.8871482,0.90952206,0.19080037,-0.36927608,-0.303631,0.9117044,-0.27677286
1355995604791,0.23612201,0.43245167,0.8701908,0.9192764,0.19081432,-0.34426868,-0.31492442,0.88123524,-0.35248715
1355995604815,0.14274117,0.44786075,0.8826357,0.934471,0.2328985,-0.26929978,-0.32617334,0.8632376,-0.38526863
1355995604854,0.008820996,0.40771556,0.9130664,0.94149625,0.3042571,-0.14495695,-0.3369081,0.8609272,-0.3811788
1355995604894,-0.1409354,0.32157093,0.9363383,0.92709106,0.37467867,0.010865897,-0.3473318,0.8696022,-0.350931
1355995604935,-0.27386746,0.2128093,0.93792796,0.89254296,0.41952422,0.16542828,-0.35827878,0.8824464,-0.30483544
1355995604975,-0.3706687,0.105564415,0.9227464,0.85158604,0.43515712,0.29230046,-0.3706831,0.89414454,-0.25119627
1355995605015,-0.42932516,0.013367146,0.9030511,0.8170912,0.4317245,0.38206795,-0.3847621,0.9019065,-0.19627237
1355995605055,-0.45461884,-0.058290392,0.88877666,0.7958994,0.42135552,0.43474567,-0.3998325,0.90502036,-0.14516288
1355995605095,-0.4508459,-0.10674462,0.8861961,0.7903147,0.41374594,0.45190367,-0.41489834,0.9041127,-0.102173805
1355995605134,-0.41943815,-0.12969497,0.8984714,0.79981446,0.4153498,0.43333757,-0.42938167,0.9003687,-0.07048166
1355995605174,-0.3578254,-0.12377089,0.9255494,0.8217845,0.4289434,0.37507033,-0.44343105,0.89481187,-0.051773787
1355995605214,-0.26108778,-0.085457295,0.96152496,0.8499881,0.45177865,0.27095428,-0.45755148,0.88802767,-0.04531622
1355995605274,-0.12895796,-0.015728205,0.9915253,0.8727015,0.47302136,0.121007085,-0.47091582,0.8809105,-0.047273815
1355995605294,0.021830156,0.07144126,0.99720585,0.8767421,0.477983,-0.05343643,-0.48046497,0.87545896,-0.052201092
1355995605334,0.15587176,0.1483182,0.9765786,0.86149096,0.46327782,-0.20786306,-0.48325709,0.8737135,-0.055562854
1355995605372,0.24349467,0.1925965,0.9505877,0.8436071,0.44154805,-0.3055525,-0.4785785,0.876323,-0.054961205
1355995605414,0.27757964,0.20007777,0.93963736,0.83899426,0.42599168,-0.33855525,-0.46801502,0.8823265,-0.04961747
1355995605453,0.26281285,0.17473784,0.948892,0.8523797,0.4187569,-0.31319585,-0.45208225,0.8911282,-0.038888276
1355995605495,0.20406045,0.12052289,0.971511,0.8798703,0.4124807,-0.23598301,-0.42917088,0.9029584,-0.021873474
1355995605533,0.11512762,0.05362901,0.991902,0.90878284,0.39748222,-0.12697077,-0.40107274,0.9160414,-0.0029759407
1355995605574,0.026285112,-6.714463E-4,0.99965423,0.92962843,0.3677029,-0.024196804,-0.3675595,0.929943,0.010289311
1355995605616,-0.048144042,-0.019820064,0.99864376,0.9410591,0.33422095,0.052001208,-0.33479834,0.9422864,0.0025610924
1355995605656,-0.10367462,0.007026732,0.99458635,0.944469,0.31419417,0.096230656,-0.31181702,0.9493327,-0.0392105
1355995605695,-0.14386168,0.07907319,0.98643357,0.9414042,0.3182167,0.11178616,-0.30506033,0.94471455,-0.12021905
1355995605737,-0.18509772,0.16861287,0.968147,0.9319775,0.34259596,0.11851588,-0.31169993,0.9242282,-0.22055715
1355995605788,-0.23930693,0.23517546,0.9420322,0.9155952,0.37755626,0.13833532,-0.32313716,0.89562476,-0.30567735
1355995605816,-0.30732772,0.25329906,0.91727275,0.89111394,0.41479173,0.1840212,-0.33386475,0.8739493,-0.3531953
1355995605855,-0.37999034,0.22373694,0.8975239,0.8591755,0.44483328,0.25286543,-0.34267315,0.86721694,-0.3612616
1355995605894,-0.4450875,0.1632208,0.88048637,0.82433367,0.45877945,0.33165562,-0.34981596,0.87343025,-0.33874542
1355995605935,-0.49435702,0.09030545,0.8645555,0.79291564,0.4544324,0.40592614,-0.35622475,0.88619196,-0.29625648
1355995605975,-0.5249033,0.018604279,0.85095847,0.7698435,0.4368293,0.46531826,-0.36306667,0.899352,-0.24361545
1355995606015,-0.5375439,-0.044716567,0.84204924,0.75731933,0.41354877,0.5054156,-0.37082887,0.90938324,-0.18843585
1355995606055,-0.53409946,-0.09550691,0.8400097,0.7556032,0.39174956,0.52497256,-0.379212,0.9151015,-0.13706797
1355995606095,-0.5163254,-0.13136116,0.8462579,0.7633413,0.37736726,0.52431285,-0.3882244,0.91669965,-0.094570935
1355995606135,-0.48540503,-0.15144336,0.8610731,0.77801067,0.37448096,0.5044437,-0.39885014,0.91478354,-0.06395036
1355995606174,-0.44156808,-0.1552954,0.883686,0.79679036,0.38491988,0.46579158,-0.41248363,0.90979123,-0.046230495
1355995606214,-0.38419497,-0.14233008,0.9122151,0.8170457,0.40767622,0.4077212,-0.42991936,0.90196586,-0.040336967
1355995606255,-0.31279874,-0.11271718,0.9431075,0.8365449,0.43755794,0.3297509,-0.4498327,0.8920975,-0.042574525
1355995606296,-0.22872698,-0.068823725,0.9710547,0.85381424,0.46498758,0.23406777,-0.46763778,0.882638,-0.04759246
1355995606336,-0.13761514,-0.017816812,0.9903255,0.8677604,0.4798903,0.12921724,-0.47754985,0.87714756,-0.05057943
1355995606376,-0.05279541,0.027644724,0.9982226,0.87735426,0.47869712,0.033145756,-0.47693,0.87754476,-0.049527228
1355995606415,0.014876649,0.057952583,0.9982085,0.88401437,0.4657269,-0.040213317,-0.46722305,0.88302886,-0.044302464
1355995606456,0.05904214,0.06884712,0.9958786,0.89071214,0.44679642,-0.08369514,-0.45071718,0.8919827,-0.034943163
1355995606495,0.078777745,0.060285717,0.9950677,0.90020466,0.4245292,-0.096987545,-0.4282823,0.903405,-0.020826042
1355995606535,0.07788062,0.036959082,0.9962774,0.91302,0.3987109,-0.08616331,-0.4004112,0.91633165,-0.0026925206
1355995606575,0.06471565,0.00970307,0.9978565,0.9277992,0.3675935,-0.06374648,-0.3674241,0.92993593,0.014786541
1355995606616,0.049133092,-0.002907157,0.9987879,0.941405,0.33421704,-0.04533744,-0.33368012,0.9424916,0.019157946
1355995606660,0.03981021,0.02412358,0.99891603,0.9506457,0.30695394,-0.04529932,-0.307714,0.95141864,-0.0107131
1355995606696,0.029355824,0.09127173,0.9953933,0.955021,0.29141432,-0.054886192,-0.2950814,0.9522327,-0.07861173
1355995606736,0.01676312,0.19974414,0.9797046,0.95427215,0.28929725,-0.07531038,-0.29846868,0.93616736,-0.18576074
1355995606786,-0.009477451,0.30506083,0.95228565,0.95153975,0.2954908,-0.08518925,-0.30737957,0.9053303,-0.29307806
1355995606817,-0.043820143,0.37568918,0.9257092,0.9474348,0.30958056,-0.080791384,-0.31693405,0.8735087,-0.36950684
1355995606856,-0.078016385,0.40225565,0.9121973,0.9424412,0.3281682,-0.064110756,-0.32514304,0.8546906,-0.40470475
1355995606896,-0.10423802,0.38913742,0.91526306,0.9371028,0.34667617,-0.040669113,-0.33312574,0.85345626,-0.40079862
1355995606935,-0.11621171,0.35122976,0.92904925,0.9329096,0.35959566,-0.019251585,-0.34084377,0.86448175,-0.3694548
1355995606975,-0.11128916,0.30149436,0.9469508,0.9306413,0.36586368,-0.0071128905,-0.3485994,0.88047993,-0.3212998
1355995607015,-0.088296846,0.24995273,0.9642236,0.929753,0.36804074,-0.010265797,-0.3574395,0.8955834,-0.26489115
1355995607054,-0.0474921,0.2039679,0.9778249,0.92840016,0.37019044,-0.032127738,-0.36853445,0.906287,-0.20694494
1355995607095,0.010106012,0.1705007,0.9853058,0.9239263,0.37526375,-0.07441342,-0.38243708,0.91110194,-0.15373766
1355995607135,0.08292316,0.15606987,0.98425907,0.91335297,0.38317484,-0.13770777,-0.39863533,0.9103951,-0.11077279
1355995607174,0.16791068,0.16461802,0.9719603,0.8937162,0.3906716,-0.22056052,-0.41602552,0.90569115,-0.081523895
1355995607214,0.26037163,0.19641572,0.9453187,0.8625291,0.3926623,-0.31915495,-0.43387806,0.8984637,-0.06717616
1355995607255,0.3536842,0.24599677,0.90243727,0.8190566,0.38448602,-0.42581314,-0.45172316,0.88975054,-0.06549865
1355995607295,0.4398614,0.30142573,0.8459696,0.7665608,0.36474243,-0.52853346,-0.4678746,0.88096845,-0.07062504
1355995607334,0.51330984,0.348885,0.7840869,0.7121231,0.33673203,-0.6160294,-0.47895056,0.8745804,-0.07560122
1355995607375,0.57273495,0.37963456,0.72653437,0.66292125,0.30684307,-0.6829221,-0.4821929,0.8727685,-0.07592806
1355995607415,0.6194515,0.3923076,0.67998123,0.62317777,0.28103188,-0.7298427,-0.47741926,0.87585145,-0.070391774
1355995607454,0.6545743,0.38897005,0.6482553,0.5954202,0.26312366,-0.75910527,-0.46584052,0.882875,-0.059366673
1355995607494,0.67784715,0.37088358,0.63479817,0.5828897,0.2551074,-0.771466,-0.4480658,0.8929533,-0.043260366
1355995607535,0.68679744,0.33748692,0.6437483,0.5904887,0.2573752,-0.764906,-0.42383063,0.9054615,-0.022517562
1355995607575,0.6759787,0.28813845,0.67825437,0.6235756,0.26680124,-0.73482686,-0.392691,0.9196703,6.7585707E-4
1355995607616,0.637724,0.22844082,0.7356106,0.6829649,0.27391663,-0.6771474,-0.35618412,0.9342294,0.018666118
1355995607658,0.5697549,0.1785928,0.80217457,0.7568735,0.26627058,-0.5968605,-0.32019046,0.9472089,0.016536802
1355995607697,0.4846561,0.16903472,0.85821664,0.8238421,0.24148244,-0.51280653,-0.29392636,0.95556974,-0.022221982
1355995607735,0.40321836,0.21842489,0.8886537,0.8696984,0.21062437,-0.44638753,-0.28467423,0.9528525,-0.10503617
1355995607785,0.33124107,0.30829093,0.8917601,0.897593,0.1883974,-0.39853862,-0.29087114,0.93245006,-0.21431488
1355995607818,0.26036853,0.39598614,0.8805698,0.9162529,0.18624628,-0.35467297,-0.30444846,0.89917034,-0.31433076
1355995607855,0.17408675,0.4433669,0.8792722,0.93258095,0.21249086,-0.2917884,-0.3162066,0.870789,-0.37648368
1355995607894,0.07149944,0.4392905,0.8954952,0.9424932,0.26411566,-0.20481545,-0.32648778,0.8586424,-0.39514422
1355995607935,-0.050514817,0.38483468,0.92160213,0.9404298,0.32897717,-0.08582458,-0.3362143,0.8623667,-0.37852818
1355995607975,-0.17996752,0.29157892,0.9394644,0.920949,0.38552648,0.056765854,-0.34563667,0.8754148,-0.33791155
1355995608015,-0.29769516,0.18032742,0.9374751,0.88620055,0.4173668,0.20113066,-0.35500166,0.8906666,-0.28405434
1355995608055,-0.38981855,0.07184529,0.91808474,0.84547865,0.4230426,0.32588458,-0.36497566,0.903257,-0.22565347
1355995608095,-0.45292175,-0.021089464,0.8913008,0.80832636,0.4120462,0.42050725,-0.37612537,0.9109189,-0.16957748
1355995608135,-0.49036446,-0.093698114,0.866466,0.78002894,0.39624748,0.4842961,-0.38871258,0.9133502,-0.12121844
1355995608175,-0.50743973,-0.14593238,0.84924006,0.7616301,0.3849939,0.52124774,-0.4030192,0.91130865,-0.08421469
1355995608214,-0.50871754,-0.17942214,0.8420298,0.75180084,0.38401252,0.53603166,-0.41952595,0.90572745,-0.060464203
1355995608273,-0.49755943,-0.19607383,0.8449791,0.7484254,0.39540905,0.53245753,-0.43851334,0.8973331,-0.04999286
1355995608293,-0.47686815,-0.19832414,0.8563086,0.7500432,0.4161353,0.5140687,-0.45829248,0.88741136,-0.04969001
1355995608345,-0.44982046,-0.18816566,0.8730723,0.7566823,0.43900132,0.48446858,-0.47444028,0.8785622,-0.05509013
1355995608380,-0.4264063,-0.17628464,0.88718736,0.76658654,0.4501954,0.4578964,-0.4801278,0.8753558,-0.056828737
1355995608422,-0.41717342,-0.17133418,0.8925307,0.77599204,0.44405165,0.44794482,-0.473078,0.8794673,-0.052292645
1355995608463,-0.43516964,-0.18140644,0.8818838,0.7756532,0.42180222,0.46951574,-0.45715374,0.88835496,-0.042847037
1355995608505,-0.47817022,-0.20298603,0.85448813,0.76402557,0.38369328,0.5186949,-0.4331492,0.9008752,-0.028384209
1355995608545,-0.5421712,-0.23014352,0.8081363,0.7362673,0.33334982,0.58888733,-0.40492064,0.9142821,-0.011285484
1355995608584,-0.60630345,-0.24809213,0.7555438,0.7039238,0.27459812,0.6550475,-0.36998308,0.9290028,0.008148193
1355995608623,-0.667882,-0.25109178,0.700633,0.6670071,0.21572167,0.713138,-0.33020478,0.94361913,0.023403406
1355995608663,-0.7228918,-0.2341147,0.65009063,0.626987,0.17312759,0.75954866,-0.29037017,0.9566698,0.02163428
1355995608705,-0.7742893,-0.19951446,0.60055816,0.5767204,0.1682083,0.79943705,-0.2605181,0.9653497,-0.015177846
1355995608746,-0.8254523,-0.16201782,0.5407205,0.5068782,0.20879042,0.83634984,-0.24840085,0.9644464,-0.09022319
1355995608785,-0.873221,-0.14006557,0.46676198,0.41285467,0.29625195,0.8612699,-0.25891337,0.94478375,-0.2008667
1355995608822,-0.91569746,-0.1548481,0.37083736,0.29106525,0.38071185,0.8776899,-0.27709082,0.9116362,-0.303546
1355995608865,-0.9421191,-0.20540035,0.26499492,0.156723,0.42891687,0.889645,-0.29639417,0.8796823,-0.3718999
1355995608904,-0.94940853,-0.27208996,0.15681393,0.026358843,0.42853397,0.90314114,-0.3129357,0.86158323,-0.39968187
1355995608945,-0.9414806,-0.3321808,0.0571865,-0.08052279,0.3863986,0.91881025,-0.32730788,0.86043715,-0.39053488
1355995608983,-0.9265186,-0.3748718,-0.032161668,-0.1611206,0.31806415,0.934278,-0.34000498,0.8708079,-0.35509193
1355995609025,-0.90937805,-0.4002647,-0.113224275,-0.22184315,0.23642004,0.94598687,-0.35187668,0.88537776,-0.30379117
1355995609065,-0.8907822,-0.4128154,-0.18997501,-0.27188718,0.14917988,0.95069593,-0.36412144,0.8985148,-0.24512601
1355995609106,-0.86881804,-0.41656002,-0.26764318,-0.32071844,0.061644435,0.94516647,-0.3772199,0.9070158,-0.18715632
1355995609145,-0.83978564,-0.4132367,-0.35213006,-0.37652072,-0.02398175,0.92609775,-0.39114225,0.9103079,-0.13545263
1355995609185,-0.79635394,-0.40155667,-0.45229706,-0.44916332,-0.108175874,0.8868767,-0.4050589,0.909423,-0.094218254
1355995609224,-0.7233356,-0.37627795,-0.5789649,-0.5490531,-0.1950255,0.81271505,-0.41871968,0.90574825,-0.06552762
1355995609265,-0.58990824,-0.3247082,-0.7393056,-0.68159807,-0.29065913,0.67152166,-0.4329345,0.9000455,-0.049858272
1355995609305,-0.35420835,-0.22385448,-0.9079789,-0.820929,-0.39059442,0.41654733,-0.44789743,0.89293075,-0.04541689
1355995609346,-0.02688241,-0.06735507,-0.9973669,-0.88698435,-0.45852792,0.05487296,-0.46101654,0.8861239,-0.047416568
1355995609386,0.28535497,0.0971894,-0.9534814,-0.8364922,-0.46034092,-0.29726586,-0.4678176,0.882406,-0.050062373
1355995609426,0.5126853,0.22423203,-0.82877856,-0.7208216,-0.41200742,-0.55737436,-0.46644408,0.88315904,-0.04959887
1355995609466,0.65801466,0.3038376,-0.6889843,-0.59839475,-0.3444306,-0.72338873,-0.4571,0.888285,-0.044825524
1355995609505,0.75541043,0.35044235,-0.5536652,-0.48354656,-0.272084,-0.8319573,-0.44219655,0.89619213,-0.036079884
1355995609546,0.824371,0.37389624,-0.42498714,-0.3762393,-0.19900963,-0.90489733,-0.42291427,0.90586793,-0.02338329
1355995609585,0.8772995,0.37950292,-0.29380795,-0.26691654,-0.12297181,-0.9558418,-0.39887485,0.9169817,-0.0065875053
1355995609626,0.9185879,0.36734995,-0.14577462,-0.13973525,-0.043142073,-0.9892487,-0.36968946,0.92908174,0.011701942
1355995609665,0.94143426,0.33610463,0.027114272,0.017721072,0.030983776,-0.9993627,-0.33673057,0.9413148,0.023213059
1355995609707,0.93135184,0.29740316,0.21008357,0.19614571,0.07631767,-0.97760034,-0.30677453,0.9516969,0.012744248
1355995609745,0.8907465,0.28351095,0.35523552,0.349749,0.07156649,-0.93410593,-0.29025227,0.95629483,-0.035410084
1355995609802,0.8460127,0.32515833,0.42253354,0.44265088,0.013386786,-0.89659417,-0.2971914,0.94556487,-0.13260622
1355995609825,0.8008775,0.38791814,0.45619595,0.51070845,-0.044670165,-0.85859275,-0.31268537,0.92061067,-0.23388839
1355995609864,0.76495016,0.4499322,0.46088213,0.55172133,-0.088504195,-0.8293193,-0.33234745,0.88866645,-0.31593847
1355995609904,0.73139477,0.4923369,0.47187507,0.5853696,-0.098257095,-0.8047906,-0.3498631,0.864841,-0.36006376
1355995609946,0.6994888,0.51014704,0.50046515,0.6151902,-0.07346812,-0.784948,-0.36367065,0.8569436,-0.36522758
1355995609985,0.66895926,0.50611484,0.54437226,0.64262235,-0.025755107,-0.76575005,-0.37353712,0.8620814,-0.34246987
1355995610025,0.6395243,0.48315042,0.5979752,0.668433,0.034755945,-0.74295986,-0.3797446,0.8748473,-0.30072644
1355995610065,0.6132963,0.44683543,0.6513108,0.6906525,0.0967114,-0.7166911,-0.38323212,0.88937336,-0.24929526
1355995610105,0.5948423,0.4047336,0.69451666,0.7053576,0.15157205,-0.69245684,-0.38552988,0.90178525,-0.19532046
1355995610145,0.59074783,0.3660953,0.71902096,0.7073593,0.1937074,-0.6797942,-0.38814914,0.9101932,-0.14452866
1355995610184,0.6074325,0.34015918,0.7178562,0.6908243,0.21991509,-0.6887664,-0.3921576,0.91429156,-0.101406634
1355995610224,0.6478166,0.3336176,0.6848599,0.6493275,0.22831786,-0.7254272,-0.39838102,0.91464216,-0.068719
1355995610264,0.7078224,0.34852606,0.61442417,0.57685727,0.21683133,-0.7875404,-0.40770477,0.91187376,-0.04757172
1355995610305,0.7740435,0.38014188,0.50630903,0.47321048,0.18392527,-0.86153543,-0.4206287,0.9064566,-0.03752096
1355995610344,0.82836854,0.41618082,0.37496546,0.35219708,0.1335899,-0.9263428,-0.43561772,0.89941496,-0.035916016
1355995610385,0.8613766,0.44308168,0.248413,0.23866165,0.07868484,-0.96790975,-0.4484094,0.8930214,-0.037969336
1355995610425,0.8780725,0.45471898,0.14906156,0.15032199,0.03362283,-0.9880652,-0.45430386,0.89000005,-0.038830966
1355995610464,0.8877777,0.45285532,0.082297266,0.08962688,0.0052912794,-0.9959613,-0.45146185,0.8915683,-0.03589052
1355995610505,0.89580524,0.4423661,0.042955875,0.051232785,-0.006772902,-0.9986638,-0.44148406,0.896809,-0.028730847
1355995610544,0.9037653,0.42720088,0.026601553,0.031570464,-0.004551202,-0.99949116,-0.42686245,0.9041453,-0.017600149
1355995610585,0.9120393,0.40856045,0.035534695,0.033419803,0.012316346,-0.9993655,-0.40873885,0.91264814,-0.0024210177
1355995610626,0.9196104,0.38402903,0.08269483,0.06986739,0.047260284,-0.9964362,-0.3865686,0.92211074,0.016629938
1355995610667,0.9173601,0.34572113,0.19730017,0.1713875,0.10431555,-0.9796656,-0.35927257,0.9325209,0.036442637
1355995610705,0.8656133,0.28077146,0.4145854,0.37782052,0.17709222,-0.908785,-0.32858074,0.94329524,0.047212154
1355995610746,0.70493644,0.1998917,0.6805203,0.64195377,0.22816893,-0.732007,-0.30159572,0.952881,0.032523364
1355995610788,0.5163007,0.17508906,0.8383182,0.80632365,0.23046052,-0.5447294,-0.2885754,0.9572,-0.022191525
1355995610823,0.419338,0.23453772,0.87701064,0.858902,0.21037059,-0.46693844,-0.2940119,0.9490712,-0.11322853
1355995610864,0.39589503,0.3348345,0.8550749,0.86307585,0.182354,-0.47100657,-0.3136356,0.92446357,-0.21679449
1355995610905,0.36307412,0.4133368,0.83506274,0.8693864,0.17211282,-0.4631894,-0.33517817,0.8941643,-0.29685968
1355995610945,0.27767205,0.44016996,0.85390204,0.8934369,0.20836675,-0.39793706,-0.35308474,0.87340355,-0.33540642
1355995610983,0.13207841,0.40739137,0.9036524,0.92139953,0.2856754,-0.26346275,-0.36548373,0.8674226,-0.33763862
1355995611025,-0.06547366,0.30689046,0.9494901,0.9256023,0.374164,-0.057109326,-0.37279132,0.8751111,-0.30855644
1355995611063,-0.23541102,0.18616426,0.9538996,0.8960053,0.4217907,0.13880622,-0.37650523,0.8873756,-0.26609832
1355995611105,-0.3584605,0.07299486,0.9306867,0.85353005,0.42944777,0.295061,-0.3781434,0.9001368,-0.21624333
1355995611143,-0.4286178,-0.0140787065,0.9033762,0.8200207,0.4136828,0.39551574,-0.37927958,0.91031224,-0.16576701
1355995611183,-0.45867184,-0.07559839,0.8853841,0.8026403,0.3922954,0.44930264,-0.38129866,0.9167274,-0.119256556
1355995611223,-0.45603395,-0.11461967,0.8825505,0.802053,0.3768186,0.46337765,-0.38567364,0.9191682,-0.07991105
1355995611281,-0.41771957,-0.13055524,0.8991472,0.8186585,0.3751631,0.4347999,-0.39409226,0.9177189,-0.04983282
1355995611303,-0.31481987,-0.10938001,0.9428278,0.856948,0.39432108,0.33189,-0.408079,0.91244006,-0.03040713
1355995611344,-0.012377679,0.01840794,0.9997539,0.90385973,0.42781597,0.003313303,-0.42764968,0.90367836,-0.021933556
1355995611381,0.71286494,0.37345928,0.5935922,0.5384604,0.250817,-0.8044571,-0.449315,0.8930952,-0.022294372
1355995611425,0.8833116,0.4645786,-0.062667966,-0.042821735,-0.053159595,-0.99766743,-0.46682638,0.88393474,-0.027062412
1355995611464,0.852018,0.45006722,-0.26740393,-0.22113322,-0.15357843,-0.9630752,-0.47451606,0.8796893,-0.03132677
1355995611504,0.8377784,0.43609598,-0.32855386,-0.275371,-0.18214017,-0.9439257,-0.47148508,0.88127476,-0.032504916
1355995611545,0.8408427,0.42331547,-0.3373241,-0.28701288,-0.1796851,-0.94092345,-0.45891955,0.887985,-0.029589921
1355995611583,0.8524948,0.41099256,-0.32301366,-0.28025514,-0.16226761,-0.94611114,-0.44125926,0.8970811,-0.02314952
1355995611625,0.87480474,0.39857507,-0.275417,-0.245444,-0.12551987,-0.96125025,-0.41770068,0.90850574,-0.011977524
1355995611663,0.90878236,0.38462335,-0.16180086,-0.14990588,-0.060934097,-0.9868209,-0.38941348,0.92106026,0.0022814563
1355995611705,0.9279804,0.35084575,0.12553677,0.11202931,0.058624715,-0.99197406,-0.35538945,0.93459636,0.015097585
1355995611743,0.7160934,0.23251258,0.6581399,0.6198729,0.2216261,-0.75275457,-0.3208859,0.94700575,0.014576748
1355995611793,0.36618364,0.12942922,0.92149746,0.8829142,0.2644323,-0.38799235,-0.29389128,0.95567966,-0.017444164
1355995611826,0.27019557,0.17271549,0.9471873,0.9205485,0.24191055,-0.30670792,-0.28210786,0.95480293,-0.09362984
1355995611864,0.29042566,0.27851832,0.9154674,0.91415656,0.20197694,-0.35145852,-0.28279093,0.93895304,-0.19595009
1355995611906,0.3272778,0.3852019,0.8628491,0.89905274,0.15412578,-0.40981612,-0.2908492,0.9098706,-0.2958749
1355995611943,0.30853677,0.45031077,0.8378695,0.902257,0.14039612,-0.40770233,-0.3012264,0.88176477,-0.3629787
1355995611983,0.22284353,0.46405512,0.8573176,0.92318827,0.1820423,-0.3385025,-0.3131519,0.86689866,-0.3878433
1355995612023,0.07916112,0.42197534,0.9031446,0.94194484,0.2648936,-0.20632792,-0.3263025,0.86704564,-0.37650824
1355995612063,-0.09216583,0.3286079,0.9399587,0.9360856,0.35042816,-0.030723006,-0.33948383,0.87705016,-0.33990258
1355995612103,-0.24574128,0.21013221,0.94628525,0.90333605,0.40370277,0.14494148,-0.3515611,0.89043164,-0.28902644
1355995612143,-0.35351717,0.09812316,0.93026733,0.86254597,0.41904128,0.2835821,-0.36199448,0.9026495,-0.23277402
1355995612183,-0.4142006,0.008641481,0.9101447,0.83126193,0.41088688,0.37440032,-0.37073115,0.91164535,-0.17737299
1355995612223,-0.43533358,-0.05449611,0.89861834,0.816952,0.39546993,0.41975355,-0.37825143,0.9168608,-0.1276406
1355995612263,-0.4217218,-0.091166556,0.90213037,0.8204247,0.38526675,0.4224605,-0.3860751,0.9182909,-0.08768004
1355995612303,-0.36916223,-0.09850106,0.92413026,0.8404287,0.3891016,0.37719953,-0.39673513,0.91591346,-0.060858488
1355995612343,-0.26050335,-0.06677377,0.96316105,0.87292475,0.40991902,0.26451614,-0.41248077,0.9096745,-0.048496783
1355995612383,-0.059850156,0.024710208,0.99790144,0.8994709,0.434842,0.043179065,-0.4328625,0.9001677,-0.04825145
1355995612423,0.24814814,0.18409312,0.951069,0.8561574,0.41765964,-0.3042283,-0.45322943,0.88975847,-0.05397123
1355995612465,0.53825086,0.33683783,0.77254534,0.7013759,0.3292185,-0.6322081,-0.46728778,0.8821312,-0.05904776
1355995612503,0.6897361,0.4105987,0.5963831,0.5491096,0.24025351,-0.8004729,-0.47195628,0.87959474,-0.059752136
1355995612544,0.7392301,0.42360234,0.52354556,0.48532218,0.20389211,-0.8502296,-0.46690607,0.8826035,-0.054860413
1355995612584,0.73048276,0.40204975,0.55204254,0.509286,0.21785307,-0.83256704,-0.45499748,0.8893234,-0.04562038
1355995612624,0.6586929,0.34363958,0.6693545,0.6128613,0.27104414,-0.7422506,-0.4364913,0.8991367,-0.03206855
1355995612663,0.4832569,0.23160377,0.8442881,0.7729242,0.34003875,-0.53568816,-0.41115808,0.91144574,-0.014686108
1355995612704,0.2146947,0.08389813,0.973071,0.9002966,0.36925226,-0.23047489,-0.37864506,0.9255343,0.003743291
1355995612744,-0.028565079,-0.0251154,0.9992764,0.9395541,0.34056386,0.035417408,-0.341207,0.939886,0.013869047
1355995612793,-0.1806769,-0.058256,0.9818157,0.9344791,0.30118248,0.1898365,-0.30676484,0.9517853,2.2232533E-5
1355995612827,-0.25112754,-0.015492171,0.96783,0.9247303,0.29161388,0.24461219,-0.28602225,0.95641065,-0.058906198
1355995612865,-0.29393113,0.067258894,0.95345724,0.91364664,0.31282985,0.25959072,-0.28081003,0.94742477,-0.15340126
