1355994733295,-0.3699656,0.03040418,0.9285478,0.92572534,0.09648472,0.36568177,-0.078472435,0.99486995,-0.06384194
1355994733333,0.06765154,0.06918606,0.99530727,0.99461913,0.07377377,-0.072732925,-0.07845968,0.9948722,-0.063822865
1355994733373,0.067560464,0.06902638,0.9953246,0.994632,0.07370785,-0.07262513,-0.07837632,0.9948882,-0.06367612
1355994733414,0.06725493,0.068383455,0.9953896,0.99467254,0.073521405,-0.07225737,-0.07812366,0.99494636,-0.06307447
1355994733453,0.06662604,0.06679383,0.9955399,0.9947499,0.073228985,-0.07148641,-0.07767728,0.995076,-0.061564267
1355994733495,0.06552422,0.06380126,0.9958092,0.9948685,0.072923064,-0.07013455,-0.07709214,0.9952948,-0.058695674
1355994733534,0.064079344,0.059391975,0.9961759,0.99501026,0.07269448,-0.068338424,-0.07647523,0.99558437,-0.0544374
1355994733573,0.06295505,0.05440986,0.9965321,0.9951247,0.07253316,-0.0668264,-0.0759176,0.9958808,-0.04957831
1355994733613,0.062261343,0.049301326,0.99684143,0.995207,0.07239699,-0.06573981,-0.07540938,0.99615663,-0.044557452
1355994733654,0.062302053,0.04447344,0.99706596,0.9952425,0.07220888,-0.065408915,-0.07490593,0.9963975,-0.039763033
1355994733693,0.06319773,0.040240467,0.99718946,0.99522454,0.07193953,-0.06597626,-0.07439226,0.99659693,-0.035501897
1355994733733,0.06454241,0.03659451,0.99724376,0.9951786,0.07159549,-0.06703603,-0.07385132,0.9967623,-0.03179711
1355994733775,0.06626287,0.033712626,0.99723256,0.9951056,0.07119414,-0.068528384,-0.073307425,0.9968926,-0.028830111
1355994733814,0.06831682,0.031847537,0.99715525,0.9950022,0.07078332,-0.07043004,-0.072825015,0.9969832,-0.026852667
1355994733852,0.0706197,0.030893356,0.99702483,0.9948654,0.07046175,-0.072650045,-0.07249659,0.997036,-0.025758743
1355994733895,0.072836936,0.030176789,0.9968872,0.9947138,0.07034433,-0.074807495,-0.07238281,0.99706614,-0.024893582
1355994733933,0.07467094,0.028842598,0.996791,0.9945736,0.07045874,-0.07654357,-0.0724403,0.9970976,-0.023424804
1355994733973,0.07574195,0.026294053,0.9967807,0.9944816,0.07078296,-0.07743436,-0.072591126,0.9971451,-0.020787716
1355994734013,0.0760456,0.022525966,0.9968499,0.99445146,0.071166486,-0.07747084,-0.07268742,0.9972101,-0.016989112
1355994734053,0.075570464,0.017893791,0.99697983,0.99449694,0.071403205,-0.07666379,-0.07255933,0.997287,-0.012399375
1355994734093,0.074501485,0.0131287575,0.99713445,0.99461484,0.07126418,-0.07525155,-0.07204792,0.9973711,-0.0077487826
1355994734134,0.07328695,0.0092481375,0.9972681,0.9947804,0.070510924,-0.073758066,-0.07100049,0.9974682,-0.0040323734
1355994734173,0.07252988,0.0072740912,0.9973397,0.9949562,0.06894758,-0.07285941,-0.069294184,0.99759376,-0.0022366643
1355994734230,0.07261118,0.0076812804,0.9973307,0.995121,0.066414386,-0.07296181,-0.066797554,0.99776256,-0.0028213859
1355994734255,0.07324582,0.010025293,0.99726355,0.9952959,0.062845826,-0.07373306,-0.063413054,0.99797285,-0.005374968
1355994734295,0.07343927,0.013226241,0.99721205,0.995543,0.058350235,-0.0740903,-0.059167534,0.9982086,-0.008882165
1355994734324,0.07165778,0.01599136,0.9973011,0.99591804,0.053873062,-0.07242221,-0.054885775,0.9984197,-0.012065649
1355994734355,0.06828374,0.018107653,0.9975016,0.99638295,0.049452245,-0.06910485,-0.050579995,0.99861234,-0.014665395
1355994734385,0.06263769,0.019464582,0.9978465,0.9969573,0.045258224,-0.06346473,-0.046396017,0.9987856,-0.016570479
1355994734414,0.054505467,0.020066202,0.9983119,0.99760634,0.041514754,-0.055301428,-0.04255441,0.9989364,-0.01775539
1355994734444,0.044002056,0.019956976,0.9988321,0.99825716,0.03847927,-0.044745564,-0.039327353,0.99906015,-0.018229067
1355994734474,0.031602412,0.019178063,0.99931645,0.99881625,0.03638336,-0.032284856,-0.03697762,0.99915385,-0.01800555
1355994734515,0.01759711,0.01733005,0.999695,0.9991895,0.035899967,-0.01821059,-0.036204636,0.9992052,-0.016684234
1355994734555,0.0011533797,0.014608532,0.9998926,0.99929523,0.03749904,-0.0017005205,-0.037519813,0.99918985,-0.014554918
1355994734595,-0.015294135,0.011332899,0.9998188,0.9990258,0.04157108,0.014810771,-0.041395694,0.99907124,-0.011957645
1355994734635,-0.029880464,0.007950425,0.999522,0.9984052,0.048155904,0.029464006,-0.04789868,0.99880826,-0.009376705
1355994734665,-0.041315854,0.0050678253,0.9991332,0.9976183,0.055488586,0.040971756,-0.055232853,0.99844646,-0.0073483586
1355994734705,-0.049494922,0.0030623674,0.99876964,0.9966314,0.0656237,0.04918772,-0.065392345,0.99783975,-0.0063000917
1355994734734,-0.053942114,0.0018726289,0.9985423,0.99562657,0.07648823,0.05364117,-0.0762763,0.99706876,-0.005990386
1355994734775,-0.055752754,0.0016850829,0.99844325,0.99436504,0.0903998,0.055372447,-0.090165764,0.9959041,-0.0067155957
1355994734803,-0.05473128,0.0019309223,0.9984993,0.9931004,0.10397211,0.054234266,-0.10371137,0.99457836,-0.0076081157
1355994734843,-0.05282396,0.0020758212,0.9986017,0.9915868,0.11844826,0.052206665,-0.118174314,0.99295807,-0.008315265
1355994734883,-0.04972616,0.0018727779,0.9987611,0.9899234,0.13284174,0.0490371,-0.13258535,0.9911355,-0.008459628
1355994734923,-0.04610151,0.0013978183,0.9989358,0.98813426,0.14673036,0.04539773,-0.14651075,0.98917556,-0.00814569
1355994734963,-0.042273104,9.058118E-4,0.9991057,0.98628336,0.1597367,0.041585714,-0.15955615,0.98715925,-0.0076459646
1355994735003,-0.038506866,3.6895275E-4,0.9992583,0.9844943,0.17127901,0.03787467,-0.17113802,0.98522246,-0.0069586635
1355994735043,-0.03507653,-5.822778E-4,0.9993845,0.98292446,0.18072668,0.034604102,-0.1806356,0.98353326,-0.005766928
1355994735083,-0.031858742,-0.0019551814,0.9994905,0.9816778,0.18790042,0.03165856,-0.18786657,0.9821862,-0.0040668845
1355994735123,-0.027877063,-0.0025677085,0.99960804,0.98065484,0.19375405,0.027846187,-0.19374958,0.9810467,-0.0028832555
1355994735163,-0.021632582,-4.171133E-4,0.9997659,0.97947454,0.20044181,0.02127713,-0.20040378,0.9797055,-0.0039275885
1355994735229,-0.011868,0.0062301755,0.9999101,0.9777532,0.20950532,0.010299683,-0.20942232,0.9777876,-0.008577943
1355994735245,0.00191167,0.01809436,0.9998345,0.9756821,0.21911308,-0.005830884,-0.21918231,0.9755317,-0.017235458
1355994735285,0.0188092,0.034106255,0.9992412,0.97417057,0.22431254,-0.025993556,-0.22502881,0.9739202,-0.029006124
1355994735333,0.03489539,0.049348176,0.9981719,0.973646,0.22356299,-0.045090646,-0.22537947,0.97343946,-0.040246308
1355994735353,0.04932472,0.06354797,0.9967591,0.9754175,0.211535,-0.061754942,-0.21477383,0.97530234,-0.05155188
1355994735391,0.05934617,0.074810594,0.99543023,0.9787966,0.19148168,-0.072745144,-0.19604874,0.978641,-0.06186068
1355994735421,0.06373906,0.083007336,0.9945085,0.9822383,0.1710087,-0.07722598,-0.17647997,0.98176664,-0.070633054
1355994735464,0.064821154,0.090023994,0.9938279,0.9859841,0.14764962,-0.077684045,-0.15373176,0.9849341,-0.07919139
1355994735503,0.05907297,0.09568587,0.9936571,0.989756,0.12398863,-0.070780665,-0.12997484,0.98765934,-0.08738124
1355994735544,0.047436863,0.10081479,0.9937737,0.9932748,0.10043427,-0.05760172,-0.105616,0.98982286,-0.0953725
1355994735585,0.030263752,0.10645732,0.99385667,0.996124,0.078946024,-0.038789183,-0.08259046,0.9911784,-0.10365552
1355994735624,0.011979878,0.11602491,0.993174,0.99796957,0.060749292,-0.019134551,-0.06255466,0.9913868,-0.11506158
1355994735663,-0.0037075877,0.13468918,0.99088097,0.99880934,0.048698306,-0.0028822422,-0.048642486,0.98969054,-0.13470942
1355994735705,-0.0068104863,0.17212191,0.9850521,0.9989283,0.046270072,-0.001178503,-0.045781255,0.98398834,-0.17225254
1355994735743,0.009994715,0.23544991,0.971835,0.9982567,0.05418697,-0.023394525,-0.058168977,0.9703747,-0.23449785
1355994735784,0.048789293,0.322086,0.94545245,0.9951161,0.065649,-0.0737167,-0.08581117,0.9444315,-0.31731004
1355994735823,0.10025792,0.4141244,0.9046819,0.98753977,0.06943391,-0.1412242,-0.12129998,0.90756816,-0.402003
1355994735863,0.14846386,0.4882868,0.85996187,0.97701377,0.0620984,-0.20393118,-0.15297914,0.870471,-0.46784353
1355994735903,0.18052083,0.5301064,0.8284923,0.96829283,0.05210823,-0.24432325,-0.1726886,0.8463285,-0.5038916
1355994735943,0.19235906,0.5373607,0.82112205,0.9646868,0.049879946,-0.2586337,-0.1799371,0.84187615,-0.50878996
1355994735983,0.18726294,0.5143024,0.83691436,0.9660362,0.058019802,-0.25180894,-0.17806357,0.85564405,-0.48596978
1355994736023,0.17272449,0.46760857,0.8668958,0.9701077,0.0715543,-0.23188564,-0.17046186,0.8810346,-0.44127154
1355994736063,0.15776888,0.40548068,0.9003856,0.97432226,0.08440915,-0.20873716,-0.16063961,0.9101981,-0.38175166
1355994736103,0.15127169,0.33726835,0.92917544,0.9766865,0.09384684,-0.19307077,-0.15231687,0.9367192,-0.3152091
1355994736143,0.1599903,0.2716297,0.94901025,0.9759549,0.10065292,-0.19334215,-0.14803815,0.95712405,-0.24899483
1355994736183,0.18771389,0.2148265,0.95844305,0.9709641,0.10674134,-0.21409124,-0.14829794,0.97080165,-0.1885519
1355994736228,0.23702446,0.17133561,0.9562759,0.95955336,0.112627774,-0.2580163,-0.1519106,0.97875386,-0.1377101
1355994736265,0.30890405,0.14443272,0.9400624,0.9379633,0.11740549,-0.3262526,-0.15748999,0.9825249,-0.09920555
1355994736305,0.40179121,0.13623255,0.90554106,0.9007384,0.11941354,-0.4176253,-0.16502807,0.98345375,-0.074730575
1355994736335,0.50543696,0.14213565,0.85107636,0.84516156,0.11721593,-0.5215002,-0.17388347,0.98288244,-0.06088233
1355994736375,0.60774577,0.16461903,0.77688193,0.77156305,0.10916438,-0.62671643,-0.18797728,0.98029774,-0.06066978
1355994736405,0.7010981,0.19112109,0.68697476,0.6838547,0.09270415,-0.7237049,-0.20200069,0.977179,-0.065704376
1355994736445,0.7715283,0.21547832,0.59859264,0.59933215,0.069450974,-0.797482,-0.21341291,0.97403574,-0.075559676
1355994736474,0.82123816,0.22954537,0.5223762,0.52710843,0.045312434,-0.8485891,-0.21845983,0.97224265,-0.083782986
1355994736515,0.8501235,0.22883193,0.47426355,0.4817449,0.025700686,-0.8759345,-0.21263069,0.97312653,-0.08838986
1355994736544,0.8672247,0.22194706,0.44571382,0.45451814,0.012636782,-0.8906478,-0.20330906,0.97497684,-0.089920044
1355994736584,0.8739343,0.20764986,0.43945456,0.447911,0.006982742,-0.89405084,-0.18871813,0.97817826,-0.086906195
1355994736614,0.86923295,0.19202065,0.4555899,0.4628567,0.007832048,-0.88639855,-0.17377506,0.9813597,-0.08207018
1355994736645,0.8551512,0.17435004,0.4881788,0.4937839,0.012663603,-0.8694925,-0.15777816,0.9846023,-0.07526195
1355994736686,0.825001,0.14950214,0.5449976,0.5483004,0.02185449,-0.8359958,-0.13689381,0.9885198,-0.063942105
1355994736726,0.7617512,0.11895406,0.6368556,0.63798726,0.033308566,-0.7693262,-0.112727255,0.9923409,-0.050518334
1355994736766,0.6634278,0.09279913,0.7424633,0.7426893,0.0389736,-0.66850096,-0.09097272,0.99492174,-0.04306473
1355994736808,0.5636816,0.094035506,0.82062197,0.8220157,0.033504993,-0.5684782,-0.08095205,0.9950049,-0.058412492
1355994736846,0.48599744,0.13487157,0.8634907,0.8694463,0.025675714,-0.49335986,-0.088710964,0.99053043,-0.10478526
1355994736885,0.46507055,0.22250003,0.8568565,0.8772344,0.014317378,-0.4798487,-0.11903429,0.9748275,-0.1885261
1355994736926,0.47530288,0.33028233,0.8154758,0.86509717,-0.0065764785,-0.5015612,-0.16029385,0.9438593,-0.2888521
1355994736966,0.48004895,0.4202498,0.770028,0.8557153,-0.031065583,-0.5165136,-0.19314334,0.90687656,-0.37452716
1355994737005,0.45950863,0.47376943,0.75126183,0.8635044,-0.040333904,-0.5027259,-0.20787483,0.8797248,-0.42763576
1355994737044,0.41218096,0.49143952,0.76719886,0.8872387,-0.025044322,-0.46063042,-0.20715803,0.8705516,-0.44634694
1355994737086,0.344387,0.4783545,0.8078209,0.91789585,0.009123988,-0.39671654,-0.19714168,0.8781194,-0.4359374
1355994737125,0.26654035,0.44019988,0.8574265,0.9463229,0.04923348,-0.31945106,-0.18283641,0.896549,-0.40344858
1355994737166,0.1938532,0.38693944,0.9014981,0.9664054,0.082761645,-0.24333328,-0.16876471,0.91838354,-0.35789675
1355994737229,0.13559546,0.32702228,0.9352381,0.97806084,0.10649444,-0.17904174,-0.15814832,0.93899703,-0.30540752
1355994737248,0.09785795,0.2673335,0.9586222,0.98334134,0.1222862,-0.13448355,-0.15317822,0.95581317,-0.25091338
1355994737286,0.0873155,0.21591637,0.9724999,0.98423016,0.132061,-0.11768913,-0.15384036,0.9674399,-0.20098048
1355994737325,0.0998826,0.17574331,0.9793558,0.9820261,0.14101309,-0.12545943,-0.16015065,0.9742842,-0.15849978
1355994737367,0.13657677,0.15000588,0.9792063,0.9753645,0.15249628,-0.15940204,-0.17323658,0.9768537,-0.12548298
1355994737405,0.20188642,0.14220977,0.9690295,0.9604312,0.16508079,-0.22432142,-0.19186884,0.97597367,-0.10325515
1355994737447,0.2895671,0.1538625,0.94471014,0.9324682,0.17738144,-0.31470442,-0.21599522,0.9720402,-0.09210807
1355994737485,0.39218554,0.179658,0.90217155,0.88847715,0.18011138,-0.4220997,-0.23832494,0.96710026,-0.08898497
1355994737526,0.48782545,0.2051833,0.84848464,0.8362999,0.16880172,-0.5216402,-0.25025758,0.96405697,-0.089249015
1355994737565,0.55940247,0.21736395,0.79988855,0.7909281,0.14874247,-0.5935556,-0.24799496,0.96469086,-0.088712335
1355994737605,0.6040174,0.21496296,0.7674334,0.7613758,0.12892488,-0.6353624,-0.23552063,0.96807504,-0.08579475
1355994737646,0.62392414,0.2017836,0.75498486,0.7507025,0.11372039,-0.6507791,-0.21717373,0.97280574,-0.08052659
1355994737685,0.6201867,0.18128315,0.76322013,0.7596562,0.10390496,-0.64197063,-0.1956808,0.9779265,-0.07327238
1355994737726,0.5908902,0.15450305,0.7918191,0.7883398,0.09791255,-0.6073989,-0.17137402,0.9831286,-0.06394532
1355994737765,0.5336461,0.12212387,0.83684385,0.8334913,0.09163499,-0.54488087,-0.14322707,0.98827565,-0.052888513
1355994737806,0.45214105,0.09136778,0.88725436,0.88477564,0.079938814,-0.4591098,-0.11287388,0.99260354,-0.04469636
1355994737846,0.368554,0.079558104,0.9261956,0.9256629,0.06026566,-0.37351862,-0.085534185,0.9950068,-0.05143282
1355994737885,0.3066153,0.10356128,0.94618285,0.94927824,0.03951949,-0.3119438,-0.06969795,0.9938376,-0.08619115
1355994737926,0.29427826,0.17842409,0.93891704,0.95280254,0.021929204,-0.30279753,-0.074616104,0.9837092,-0.16354963
1355994737964,0.3101132,0.2825095,0.9077544,0.9458695,0.0044421703,-0.32451674,-0.09571144,0.95925415,-0.26583952
1355994738004,0.33721855,0.3881871,0.857668,0.9332389,-0.017949373,-0.3588076,-0.12388986,0.9214058,-0.36832422
1355994738045,0.34670523,0.46374586,0.815313,0.92652667,-0.033935405,-0.3746956,-0.14609551,0.8853181,-0.44143844
1355994738086,0.32757646,0.49803105,0.8029064,0.9315349,-0.028211541,-0.3625561,-0.15791294,0.8667002,-0.4731747
1355994738126,0.28087348,0.49297255,0.82346106,0.94601065,0.0024266094,-0.32412657,-0.16178373,0.8700415,-0.46567577
1355994738165,0.22015354,0.4587433,0.86086404,0.9619216,0.044453472,-0.26968616,-0.16198507,0.8874561,-0.4314885
1355994738230,0.15593421,0.40341848,0.90163076,0.97441953,0.086728334,-0.20732781,-0.16183683,0.91089606,-0.3795749
1355994738245,0.10446252,0.3392963,0.9348613,0.98095393,0.119628385,-0.1530306,-0.16375867,0.9330418,-0.32033736
1355994738285,0.07603434,0.27673444,0.95793366,0.9827496,0.14163676,-0.11892107,-0.16858816,0.950451,-0.26119137
1355994738325,0.078027606,0.22347766,0.97158086,0.98127943,0.154903,-0.11443639,-0.17607474,0.9623215,-0.20720726
1355994738365,0.11599547,0.18491676,0.9758846,0.9757656,0.16232401,-0.14673945,-0.18554407,0.9692557,-0.16160655
1355994738406,0.19517195,0.1648919,0.96680844,0.96099323,0.16480571,-0.2221061,-0.19595906,0.97244525,-0.12629455
1355994738446,0.31898683,0.1663033,0.9330545,0.9248922,0.16033103,-0.34477314,-0.20693451,0.97295284,-0.10266915
1355994738486,0.48144957,0.18855658,0.85595137,0.8486234,0.14394358,-0.5090371,-0.21919101,0.971456,-0.09071198
1355994738543,0.6490487,0.2227084,0.7274178,0.72416264,0.1120832,-0.68046,-0.23307545,0.9684205,-0.088529676
1355994738563,0.7812797,0.25136018,0.57133186,0.57434946,0.06887424,-0.8157077,-0.24438646,0.96544003,-0.09055853
1355994738605,0.8614545,0.26169887,0.43521255,0.44362858,0.029300302,-0.8957317,-0.24716383,0.96470475,-0.090856224
1355994738641,0.904937,0.2553749,0.3404007,0.35122412,0.0034317973,-0.9362852,-0.24027191,0.96683604,-0.086588256
1355994738687,0.92693925,0.23664828,0.29117233,0.30097416,-0.0055700243,-0.953616,-0.22404975,0.97157943,-0.07638808
1355994738733,0.9355085,0.20964979,0.284378,0.29079437,2.296269E-4,-0.95678556,-0.20065519,0.9777765,-0.060750164
1355994738774,0.92984295,0.18017638,0.32082483,0.3234548,0.015407354,-0.94611824,-0.17541122,0.9835137,-0.043952495
1355994738815,0.90135074,0.14395103,0.40846658,0.40768406,0.036260426,-0.9124028,-0.1461525,0.9889203,-0.026003182
1355994738853,0.82448983,0.10162616,0.55667645,0.55405086,0.055088818,-0.83065814,-0.11508328,0.9932962,-0.010885902
1355994738893,0.6849751,0.06412214,0.72573924,0.7235153,0.05722648,-0.68793225,-0.08564317,0.99629986,-0.0071946234
1355994738934,0.5210434,0.06060797,0.85137564,0.85097736,0.04020138,-0.5236615,-0.06596458,0.99735177,-0.030629367
1355994738973,0.3999446,0.10796222,0.9101585,0.9143803,0.021120012,-0.40430504,-0.06287226,0.99393064,-0.09027171
1355994739013,0.36751395,0.20616865,0.9068781,0.926571,0.002707526,-0.37611002,-0.07999751,0.9785127,-0.19003487
1355994739053,0.37404972,0.3233081,0.8692288,0.921113,-0.020489454,-0.38875577,-0.10787791,0.94607186,-0.3054674
1355994739093,0.36135197,0.42070115,0.83212703,0.9229336,-0.034336984,-0.38342494,-0.1327346,0.9065493,-0.40068692
1355994739133,0.29731584,0.47817558,0.82640874,0.9432315,-0.01289165,-0.3318856,-0.14804584,0.87816966,-0.4548632
1355994739173,0.17758088,0.48972645,0.8536,0.9719639,0.04855548,-0.23006219,-0.15411448,0.87052304,-0.4673739
1355994739229,-0.0050189644,0.4379037,0.89900786,0.98856896,0.13764392,-0.061526954,-0.15068585,0.8884225,-0.43358886
1355994739264,-0.16790113,0.36146685,0.9171428,0.975126,0.19745925,0.10069287,-0.14470118,0.9112363,-0.38562942
1355994739305,-0.2883581,0.2805552,0.91549903,0.94734925,0.22259527,0.23017561,-0.13920885,0.9336703,-0.3299709
1355994739344,-0.3655751,0.20714438,0.90743935,0.92070806,0.22352496,0.3198958,-0.13657072,0.9524326,-0.27243465
1355994739385,-0.40720472,0.14527601,0.901709,0.90287966,0.21299776,0.3734169,-0.13781351,0.9661919,-0.21790045
1355994739424,-0.42004293,0.09602377,0.90240973,0.89618134,0.2004813,0.39581096,-0.14290899,0.97498035,-0.1702655
1355994739454,-0.40716666,0.060985446,0.91131556,0.9010122,0.19029015,0.38982895,-0.14964047,0.9798318,-0.13242841
1355994739494,-0.3801117,0.03787914,0.92416465,0.91067743,0.19011825,0.36677194,-0.16180757,0.9810302,-0.10676187
1355994739534,-0.3253792,0.030521184,0.9450909,0.92823446,0.20088953,0.31308815,-0.1803031,0.97913826,-0.09369612
1355994739574,-0.24368027,0.038638443,0.9690857,0.9483199,0.2188904,0.22973123,-0.20324707,0.97498417,-0.08998084
1355994739604,-0.14111716,0.057877123,0.9882996,0.9646185,0.2326088,0.12411371,-0.22270381,0.9708468,-0.08865446
1355994739644,-0.038046062,0.07904819,0.99614453,0.97126675,0.23729181,0.018265754,-0.23493305,0.9682169,-0.08580488
1355994739683,0.05459416,0.093746334,0.9940981,0.9699447,0.23144782,-0.075093865,-0.23712164,0.9683199,-0.078293085
1355994739723,0.12114537,0.095565856,0.98802376,0.9653726,0.22033036,-0.13967931,-0.23104021,0.97073257,-0.06556463
1355994739765,0.15457791,0.082940996,0.984493,0.9635636,0.20751029,-0.16877392,-0.21829069,0.97471035,-0.047842383
1355994739804,0.15724227,0.060200274,0.9857235,0.96691734,0.19362947,-0.16606772,-0.20086244,0.979226,-0.027761936
1355994739845,0.1320433,0.027474433,0.9908631,0.9755547,0.17354524,-0.13481534,-0.17566356,0.9844426,-0.0038873553
1355994739883,0.08566326,-0.007817507,0.9962934,0.9857035,0.14628303,-0.08360487,-0.14508721,0.98921186,0.02023679
1355994739925,0.037023365,-0.03338456,0.9987565,0.99307334,0.11275363,-0.033043742,-0.11151025,0.9930619,0.037327826
1355994739966,9.754598E-4,-0.031897485,0.9994907,0.9963928,0.08484337,0.0017352402,-0.0848555,0.9958836,0.03186524
1355994740006,-0.010733247,0.012381315,0.9998658,0.9969071,0.07798332,0.009735823,-0.07785237,0.9968778,-0.013180077
1355994740044,-2.5057793E-4,0.10263285,0.99471927,0.9953699,0.09563619,-0.009616822,-0.09611818,0.99011123,-0.10218161
1355994740084,0.016879052,0.21931845,0.9755074,0.9913656,0.12321654,-0.044855684,-0.13003635,0.9678415,-0.21534497
1355994740124,0.01798597,0.32253078,0.9463881,0.9867995,0.14663991,-0.06872919,-0.16094553,0.93513143,-0.31563574
1355994740164,-0.009268597,0.38230467,0.9239899,0.98380315,0.16890608,-0.06001702,-0.17901233,0.9084679,-0.3776781
1355994740230,-0.06196755,0.39378518,0.9171114,0.980671,0.19488728,-0.0174177,-0.1855922,0.8983052,-0.3982504
1355994740245,-0.12790349,0.36808133,0.9209543,0.97444725,0.2195153,0.047598124,-0.18464357,0.9035094,-0.3867526
1355994740284,-0.1934756,0.32088354,0.9271467,0.9646553,0.23454076,0.12012875,-0.17890632,0.9176189,-0.35491985
1355994740324,-0.24858171,0.26650053,0.93122745,0.953428,0.23687887,0.18671751,-0.17082778,0.9342729,-0.31297284
1355994740364,-0.28854087,0.2140195,0.9332416,0.9435451,0.22917256,0.23917055,-0.16268614,0.949566,-0.2680627
1355994740404,-0.3122007,0.16822726,0.9350029,0.93712217,0.21613577,0.27402076,-0.1559898,0.96176136,-0.22512728
1355994740445,-0.31967327,0.1318672,0.938307,0.93525875,0.20275566,0.29014003,-0.15198714,0.97030985,-0.18814558
1355994740484,-0.31145674,0.10627666,0.94429874,0.9379219,0.19399726,0.28751987,-0.15263474,0.97522837,-0.160101
1355994740525,-0.28816012,0.091825694,0.95316935,0.94403744,0.1940687,0.2667033,-0.16049013,0.9766808,-0.14260978
1355994740564,-0.25024587,0.08870351,0.9641103,0.95192146,0.20428056,0.22828713,-0.1766991,0.9748852,-0.1355592
1355994740604,-0.19890696,0.09604466,0.97530067,0.9599103,0.21965545,0.1741372,-0.1975052,0.9708382,-0.13588524
1355994740644,-0.13812572,0.10969803,0.9843209,0.96690595,0.23018819,0.110028535,-0.21450913,0.9669435,-0.13786256
1355994740684,-0.07532805,0.12282863,0.98956496,0.9723469,0.22904903,0.045586914,-0.2210595,0.96563435,-0.13668585
1355994740724,-0.018146694,0.13010642,0.99133396,0.97608733,0.2171188,-0.010627896,-0.21661997,0.9674357,-0.13093519
1355994740764,0.028253555,0.12976164,0.99114263,0.9784804,0.1991576,-0.05396658,-0.20439637,0.97133833,-0.1213423
1355994740804,0.06181261,0.12220284,0.99057853,0.9803828,0.17867371,-0.083218545,-0.18715993,0.97629,-0.10876131
1355994740844,0.08227795,0.10781291,0.9907607,0.98280036,0.15614069,-0.0986079,-0.16532925,0.9818332,-0.093111694
1355994740885,0.09117362,0.087595284,0.9919751,0.9861843,0.13040248,-0.10215649,-0.13830453,0.9875841,-0.07449585
1355994740927,0.093034714,0.06645888,0.9934424,0.9899189,0.10084626,-0.099451125,-0.10679439,0.9926798,-0.056406736
1355994740965,0.096022785,0.05658716,0.9937694,0.9924517,0.07107121,-0.099942446,-0.07628384,0.99586487,-0.0493356
1355994741006,0.10890636,0.0749203,0.99122465,0.99241304,0.04904309,-0.112743795,-0.057059497,0.9959828,-0.069010794
1355994741045,0.13399237,0.13159156,0.9822066,0.9892745,0.04040253,-0.1403695,-0.05815509,0.9904803,-0.12476653
1355994741084,0.16508168,0.22028404,0.9613651,0.983031,0.042302728,-0.17849511,-0.07998797,0.974518,-0.2095626
1355994741126,0.18963678,0.31340346,0.9304924,0.9755398,0.04716517,-0.2147035,-0.11117563,0.9484481,-0.29679328
1355994741165,0.19929828,0.37939826,0.9035138,0.9702414,0.052993253,-0.23626974,-0.13752043,0.92371464,-0.3575464
1355994741230,0.19577736,0.40458426,0.89329886,0.96862423,0.062429845,-0.24056101,-0.15309572,0.91236734,-0.37966776
1355994741244,0.18618707,0.39257345,0.9006778,0.96959627,0.07474904,-0.23301426,-0.15880004,0.9166781,-0.36672044
1355994741284,0.17817451,0.3552559,0.91763127,0.97128874,0.085907355,-0.22185168,-0.15764537,0.9308132,-0.32974958
1355994741324,0.17772688,0.3061921,0.93523234,0.97209996,0.09321357,-0.21525085,-0.15308446,0.9473952,-0.28108275
1355994741364,0.18828875,0.25619727,0.9481088,0.9708765,0.09706211,-0.2190384,-0.14814246,0.96173906,-0.23046023
1355994741404,0.21089414,0.2119467,0.9542548,0.96675014,0.099214286,-0.23569185,-0.14462978,0.97223204,-0.18397576
1355994741445,0.24522746,0.17759529,0.95306003,0.9588301,0.100788,-0.2654932,-0.1432074,0.97892886,-0.14556777
1355994741503,0.2904665,0.15615693,0.9440573,0.94593287,0.10198416,-0.30791277,-0.14436156,0.98245317,-0.11809093
1355994741523,0.34579116,0.14982599,0.92627245,0.9263198,0.10281034,-0.36243856,-0.1495331,0.98335254,-0.10323587
1355994741563,0.4099024,0.15964013,0.89805067,0.89780134,0.10321106,-0.4281356,-0.16103634,0.9817649,-0.10101864
1355994741601,0.47985095,0.18285984,0.8580824,0.8588851,0.10169339,-0.501971,-0.17905167,0.97786546,-0.10825795
1355994741643,0.5496256,0.21107942,0.80830514,0.8113795,0.09552506,-0.5766612,-0.19893467,0.97279,-0.11876249
1355994741683,0.6130029,0.23236921,0.755137,0.7609453,0.083518624,-0.643418,-0.21257854,0.9690351,-0.1256231
1355994741723,0.6656763,0.23950353,0.70676243,0.7144811,0.06880661,-0.69626313,-0.2153874,0.9684543,-0.12531784
1355994741764,0.70664084,0.23269524,0.6682153,0.67622626,0.055879653,-0.73457164,-0.20827092,0.97094303,-0.11786777
1355994741803,0.7352106,0.21589203,0.6425388,0.64934015,0.047651682,-0.7590037,-0.19448091,0.97525376,-0.10515334
1355994741843,0.7493748,0.19146736,0.63385934,0.63843256,0.04496318,-0.7683633,-0.17561682,0.9804686,-0.08854473
1355994741883,0.7449602,0.16027255,0.64757013,0.64952767,0.047127366,-0.75887614,-0.15214533,0.9859472,-0.068993464
1355994741925,0.71486324,0.1231325,0.6883378,0.6881851,0.05065018,-0.72376513,-0.12398344,0.99109685,-0.048529983
1355994741963,0.65095353,0.08959961,0.75381124,0.75299335,0.049668625,-0.65615094,-0.09623167,0.9947387,-0.03513594
1355994742004,0.56861895,0.07986906,0.8187145,0.81906056,0.037269846,-0.57249516,-0.076238036,0.99610835,-0.044225276
1355994742043,0.48559067,0.11105278,0.8671038,0.87118804,0.02060607,-0.490517,-0.072340906,0.99360085,-0.086741745
1355994742083,0.43804544,0.19041932,0.8785537,0.8944839,0.005000904,-0.44707203,-0.08952469,0.98169005,-0.16813636
1355994742123,0.41734332,0.2929848,0.8602235,0.9010389,-0.010366693,-0.43361428,-0.11812472,0.9560609,-0.2683172
1355994742163,0.38844365,0.38015726,0.8393998,0.9105662,-0.018620268,-0.41294387,-0.14135379,0.9247345,-0.35339123
1355994742231,0.3146568,0.4275021,0.8474864,0.9371436,0.0019694567,-0.34893844,-0.15084103,0.9040122,-0.40001112
1355994742245,0.1773747,0.42690006,0.8867326,0.97283566,0.060136482,-0.2235496,-0.14875832,0.902297,-0.40463692
1355994742284,-0.011015356,0.37838566,0.9255824,0.9900762,0.13381618,-0.04292226,-0.14009902,0.9159244,-0.3761047
1355994742324,-0.20503351,0.29687533,0.9326448,0.9701812,0.18749532,0.1536029,-0.1292656,0.93632823,-0.32646567
1355994742364,-0.36093187,0.20923534,0.9088173,0.92487,0.20545566,0.32000545,-0.11976519,0.956038,-0.267671
1355994742404,-0.46704942,0.13363814,0.87407416,0.8769734,0.19640172,0.43857053,-0.11305994,0.9713739,-0.20892638
1355994742445,-0.5316096,0.07548809,0.84361887,0.8398836,0.17573059,0.51353115,-0.109484166,0.9815398,-0.15682131
1355994742484,-0.5661757,0.03364584,0.82359767,0.81686366,0.15667439,0.5551459,-0.11035833,0.98707706,-0.11618936
1355994742524,-0.5797712,0.00497666,0.81476414,0.8061305,0.14881825,0.57271874,-0.11840156,0.988852,-0.090292394
1355994742564,-0.5785924,-0.013738185,0.81550115,0.8041291,0.15761364,0.57317924,-0.13640851,0.9874053,-0.08014679
1355994742604,-0.5667541,-0.024892628,0.8235108,0.80731213,0.18270665,0.5611287,-0.16442883,0.9828523,-0.083453596
1355994742634,-0.5472534,-0.029879212,0.83643353,0.8145086,0.21094131,0.54044384,-0.19258642,0.977042,-0.09110153
1355994742674,-0.52226216,-0.028506786,0.8523084,0.8242867,0.23933941,0.5130966,-0.21861768,0.9705174,-0.10150015
1355994742714,-0.49288738,-0.020621091,0.8698487,0.8383223,0.25642997,0.4811024,-0.23297617,0.96634287,-0.10910398
1355994742753,-0.46842998,-0.010382831,0.88343966,0.8521202,0.2588219,0.45486525,-0.2333763,0.9658693,-0.112392545
1355994742793,-0.46869028,-0.0058849454,0.883343,0.8547236,0.24953979,0.4551676,-0.22310781,0.96834666,-0.11192685
1355994742833,-0.50940377,-0.012186617,0.8604413,0.83556795,0.23207122,0.497965,-0.20575213,0.9726225,-0.10803521
1355994742873,-0.58004797,-0.025090396,0.8141959,0.79376405,0.20711863,0.5718746,-0.18298367,0.9779941,-0.100222826
1355994742914,-0.64885765,-0.034291804,0.7601367,0.74488425,0.17531937,0.64374727,-0.15534195,0.9839142,-0.08821392
1355994742955,-0.69287837,-0.031687558,0.7203579,0.710422,0.14093119,0.68952084,-0.12337011,0.9895122,-0.0751366
1355994742995,-0.71208715,-0.016303718,0.70190173,0.6958842,0.11624986,0.7086826,-0.09315014,0.99308616,-0.07143456
1355994743035,-0.7051733,0.016932309,0.70883274,0.7052281,0.12020576,0.69871587,-0.07337493,0.99260455,-0.096707046
1355994743073,-0.67605966,0.071249425,0.7333941,0.7334621,0.16036254,0.66054314,-0.070545614,0.9844833,-0.16067338
1355994743113,-0.6174302,0.15617824,0.77096575,0.7821047,0.22680849,0.5804051,-0.084214866,0.96133566,-0.2621861
1355994743153,-0.53457636,0.26423052,0.8027518,0.83907294,0.27937025,0.4668073,-0.10092026,0.9231114,-0.37105334
1355994743193,-0.46204036,0.35905498,0.8109244,0.8800213,0.2989459,0.36904466,-0.10991523,0.8841442,-0.45410115
1355994743232,-0.43684423,0.40700194,0.8021947,0.8925966,0.3066941,0.33046922,-0.11152676,0.86039996,-0.4972661
1355994743273,-0.4550309,0.4068649,0.7920908,0.8835205,0.31724206,0.34459993,-0.11107892,0.856632,-0.5038284
1355994743313,-0.49146622,0.37270612,0.7871157,0.86356944,0.32554895,0.38505286,-0.112733096,0.8689695,-0.48185396
1355994743353,-0.52257943,0.32099983,0.7898544,0.84430444,0.32368463,0.4270577,-0.118578315,0.8900491,-0.4401725
1355994743393,-0.5333313,0.26611388,0.8029578,0.83616376,0.30949995,0.45281345,-0.12801546,0.9129037,-0.38758075
1355994743433,-0.5169718,0.21692845,0.8280593,0.8446815,0.28608516,0.452403,-0.1387564,0.93332595,-0.33113337
1355994743473,-0.46886465,0.17833444,0.86507964,0.87065244,0.25826648,0.41864392,-0.14876246,0.949471,-0.27635932
1355994743513,-0.38316467,0.1527724,0.9109585,0.91008747,0.23101035,0.34405664,-0.15787852,0.9608823,-0.22755128
1355994743553,-0.2515502,0.14233014,0.9573215,0.95312846,0.20825994,0.21948528,-0.1681324,0.9676621,-0.18804681
1355994743593,-0.06439659,0.15105939,0.9864249,0.98111284,0.19025949,0.03491378,-0.18240261,0.97004247,-0.16045833
1355994743633,0.17502832,0.18131575,0.96772397,0.9637619,0.16942286,-0.20605528,-0.20131564,0.96872103,-0.14509141
1355994743673,0.4220761,0.22179058,0.87901115,0.87945664,0.13514598,-0.4563898,-0.22001776,0.96568346,-0.1380133
1355994743713,0.6117925,0.24962658,0.7505975,0.7567406,0.09160578,-0.647265,-0.2303336,0.96399945,-0.13285881
1355994743753,0.7292302,0.25472367,0.6350898,0.64518803,0.0532136,-0.76216835,-0.22793774,0.9655486,-0.1255397
1355994743793,0.79856336,0.24269861,0.55081207,0.56228465,0.025751175,-0.82654274,-0.21478485,0.96975994,-0.11590177
1355994743833,0.84161246,0.22170365,0.49247944,0.5035562,0.007525502,-0.86392975,-0.19524254,0.97508514,-0.105306685
1355994743873,0.86904365,0.19652897,0.4540259,0.4636826,-0.0035417099,-0.8859944,-0.17251554,0.9804917,-0.094204955
1355994743913,0.88471127,0.1680382,0.43479782,0.44228864,-0.008064715,-0.8968365,-0.1471963,0.98574746,-0.08145634
1355994743953,0.88967323,0.13664162,0.43567258,0.440659,-0.0070426483,-0.89764696,-0.119587645,0.9905955,-0.06647801
1355994743993,0.88368505,0.10536443,0.45606926,0.45906043,-0.004710462,-0.88839257,-0.09145668,0.99442255,-0.052531213
1355994744033,0.8687324,0.08384639,0.488133,0.49057513,-0.010121498,-0.87134016,-0.06811811,0.9964273,-0.049925826
1355994744075,0.8531548,0.08811763,0.51416165,0.5183605,-0.032558024,-0.85454214,-0.058560118,0.9955778,-0.073453724
1355994744115,0.85257936,0.1352482,0.5047934,0.5173349,-0.08168551,-0.85187566,-0.07398033,0.9874388,-0.13961199
1355994744153,0.8621619,0.20998481,0.46106762,0.49465707,-0.1521909,-0.855659,-0.1095051,0.96578693,-0.23508364
1355994744193,0.87369955,0.28829736,0.39183378,0.46135944,-0.23564363,-0.8553476,-0.15426128,0.928093,-0.33889043
1355994744236,0.8761432,0.34616885,0.3354703,0.44303665,-0.3039855,-0.8433928,-0.18997821,0.8875584,-0.4197003
1355994744274,0.86995256,0.37993672,0.3143734,0.446619,-0.33674595,-0.82893527,-0.209079,0.8615395,-0.46264
1355994744314,0.8569386,0.39415792,0.33210805,0.46910527,-0.32949787,-0.8193726,-0.21353331,0.8579456,-0.46726102
1355994744354,0.8349352,0.39386716,0.3843851,0.50933164,-0.28842247,-0.8107982,-0.2084815,0.8727434,-0.44142306
1355994744394,0.8007635,0.38043797,0.46264976,0.5652251,-0.22430539,-0.79385626,-0.19823821,0.89719236,-0.39464867
1355994744434,0.75344527,0.35417292,0.55396914,0.6306342,-0.15083629,-0.76128113,-0.18606651,0.9229356,-0.33700043
1355994744493,0.6977705,0.31694368,0.6423886,0.6948054,-0.08131656,-0.714586,-0.17424667,0.944952,-0.27695447
1355994744513,0.64522237,0.2737441,0.71326876,0.7461132,-0.024968386,-0.6653509,-0.16432676,0.9614785,-0.22035426
1355994744554,0.611875,0.23262107,0.75597376,0.7750772,0.014200769,-0.63170683,-0.15768373,0.9724637,-0.1716102
1355994744591,0.6137564,0.20272133,0.7630249,0.77391684,0.036560677,-0.632231,-0.15606341,0.97855365,-0.13445011
1355994744633,0.6595573,0.19160542,0.726823,0.734005,0.044131696,-0.67770875,-0.16192862,0.98047936,-0.11153197
1355994744673,0.7432239,0.20147236,0.63798666,0.64533645,0.035710663,-0.76306325,-0.17651907,0.9788429,-0.103476435
1355994744713,0.8343924,0.2243978,0.5034231,0.51471883,0.009406775,-0.8573073,-0.19711347,0.97445214,-0.10765283
1355994744753,0.89974105,0.24344882,0.36221364,0.37967303,-0.027368158,-0.9247159,-0.21520784,0.9695276,-0.11705521
1355994744794,0.93437207,0.24796796,0.25585276,0.27826744,-0.059395283,-0.9586655,-0.22252186,0.96694577,-0.1244987
1355994744833,0.9519489,0.2399517,0.19030635,0.21453199,-0.07900381,-0.9735165,-0.21856199,0.96756476,-0.1266849
1355994744873,0.9614891,0.2246166,0.15838617,0.18148242,-0.08608085,-0.97961944,-0.20640478,0.97063774,-0.12352976
1355994744913,0.96651137,0.2062064,0.152757,0.17285855,-0.083167106,-0.98142916,-0.1896726,0.9749678,-0.11602649
1355994744953,0.9666099,0.1857,0.1765809,0.19242841,-0.07095289,-0.9787425,-0.16922358,0.9800414,-0.104317725
1355994744993,0.95645577,0.16146956,0.2431457,0.25381982,-0.048828036,-0.9660182,-0.1441102,0.9856689,-0.08768603
1355994745033,0.91876245,0.13163662,0.3722195,0.3778354,-0.019682465,-0.92566353,-0.114525035,0.99110264,-0.06782049
1355994745074,0.81874204,0.09953332,0.56546855,0.56793916,0.0042075254,-0.82305974,-0.0843011,0.99502534,-0.053083986
1355994745114,0.6533812,0.08699307,0.7520141,0.75446534,0.006856352,-0.6563041,-0.062250018,0.9961853,-0.061153457
1355994745153,0.5066209,0.119326234,0.85387146,0.8603099,-0.0049646944,-0.50974715,-0.05658698,0.9928427,-0.10517275
1355994745193,0.47997382,0.20221934,0.8536583,0.87437725,-0.031140536,-0.48424646,-0.07134065,0.978845,-0.19176266
1355994745240,0.5300632,0.30348766,0.791788,0.842435,-0.082074896,-0.5325101,-0.096624345,0.9492939,-0.29917353
1355994745276,0.5678009,0.38448775,0.72785395,0.81476724,-0.13651842,-0.5634866,-0.11728817,0.9129797,-0.39078325
1355994745316,0.5506579,0.43572438,0.7119832,0.82489693,-0.15351212,-0.5440396,-0.12775323,0.88689256,-0.44396037
1355994745354,0.4753908,0.46208414,0.7486533,0.86983097,-0.11928749,-0.47871125,-0.13189992,0.8787768,-0.45864332
1355994745395,0.33850378,0.45911276,0.82135904,0.93143797,-0.03959115,-0.36174005,-0.13356093,0.88749534,-0.44103682
1355994745434,0.15908737,0.42108244,0.8929618,0.97798735,0.05648835,-0.20087275,-0.13502592,0.90526164,-0.40282667
1355994745474,-0.020287275,0.35510644,0.9346058,0.99034286,0.1353693,-0.02993691,-0.13714772,0.9249728,-0.3544234
1355994745514,-0.159973,0.28075343,0.94635415,0.97717327,0.18080488,0.111543566,-0.13978922,0.94259596,-0.30326867
1355994745554,-0.2455304,0.21435353,0.9453927,0.95885897,0.1970562,0.20434824,-0.14249268,0.9566721,-0.2539181
1355994745594,-0.27624714,0.16396737,0.94699645,0.9500158,0.19571328,0.24324119,-0.1454561,0.96685624,-0.20983684
1355994745634,-0.24824625,0.13352698,0.95945,0.9569462,0.18760723,0.2214891,-0.15042499,0.97312593,-0.17435098
1355994745674,-0.14242554,0.12772846,0.9815296,0.9766797,0.1790933,0.11841601,-0.16066024,0.97550553,-0.15025729
1355994745714,0.092738986,0.15689844,0.9832509,0.97958785,0.16250253,-0.11832425,-0.17834562,0.9741539,-0.1386255
1355994745754,0.48168725,0.21915862,0.8484968,0.85310495,0.10422397,-0.5112233,-0.20047268,0.9701066,-0.13676196
1355994745794,0.8019584,0.25877893,0.5384201,0.55584925,0.006940186,-0.8312541,-0.21884778,0.9659116,-0.13827634
1355994745833,0.9198124,0.2581513,0.29547098,0.3202619,-0.05893773,-0.9454939,-0.22666606,0.9643051,-0.13688767
1355994745873,0.9523294,0.24477538,0.1820818,0.20770454,-0.08307946,-0.9746572,-0.22344483,0.9660139,-0.12995997
1355994745913,0.96208566,0.22892791,0.14826724,0.17084238,-0.08205646,-0.9818756,-0.21261245,0.96997875,-0.11805594
1355994745953,0.962522,0.21216038,0.16893618,0.18646803,-0.06539616,-0.98028207,-0.19692926,0.97504425,-0.10250637
1355994745993,0.9490458,0.19250646,0.24950626,0.26080766,-0.035370678,-0.9647426,-0.17689398,0.980658,-0.08377555
1355994746033,0.893981,0.16351809,0.4172048,0.42168003,0.008008808,-0.9067094,-0.15160467,0.98650783,-0.061792582
1355994746075,0.72234595,0.11437002,0.6820086,0.68101144,0.053725272,-0.7302993,-0.12016547,0.9919844,-0.039079055
1355994746113,0.40401363,0.0589917,0.91284883,0.9105556,0.06955308,-0.40749344,-0.087530166,0.99583244,-0.025614798
1355994746153,0.15100008,0.047778636,0.9873785,0.9865962,0.055223048,-0.15355268,-0.061862588,0.9973303,-0.038799554
1355994746193,0.05150166,0.09589216,0.9940585,0.99724305,0.04830709,-0.056326628,-0.053421378,0.9942188,-0.09313989
1355994746239,0.07176924,0.19475475,0.9782227,0.9951422,0.052280188,-0.083419055,-0.06738794,0.9794576,-0.19005656
1355994746274,0.1425251,0.31638944,0.93786156,0.985196,0.04585108,-0.16518638,-0.09526524,0.9475206,-0.3051707
1355994746314,0.18908338,0.41882494,0.88816273,0.97453773,0.03096728,-0.22207496,-0.12051448,0.9075388,-0.40230525
1355994746354,0.1644925,0.47630322,0.8637577,0.9772432,0.04020782,-0.2082763,-0.1339325,0.87836134,-0.4588502
1355994746393,0.06810984,0.48411307,0.8723506,0.98821855,0.08738443,-0.12565058,-0.13705894,0.8706311,-0.47245777
1355994746433,-0.072274715,0.44485763,0.8926803,0.9883069,0.1524243,0.004057944,-0.13426101,0.8825353,-0.45067227
1355994746473,-0.21467021,0.37225688,0.9029627,0.9681035,0.20339844,0.14630345,-0.1291987,0.90556836,-0.40404677
1355994746513,-0.32690817,0.28847772,0.899951,0.93681556,0.22439945,0.2683684,-0.124530226,0.93081987,-0.34360844
1355994746553,-0.39982122,0.21031591,0.892138,0.90852106,0.21982121,0.35534206,-0.12137678,0.9525995,-0.27896565
1355994746593,-0.43771452,0.14514619,0.887321,0.8910708,0.20173866,0.4065642,-0.11999568,0.96862483,-0.21763945
1355994746633,-0.44752383,0.094713956,0.8892422,0.8859936,0.18194735,0.42650962,-0.121398896,0.97873616,-0.16534173
1355994746673,-0.43493795,0.05836475,0.89856696,0.8913094,0.16980964,0.42039534,-0.12804905,0.983747,-0.12587768
1355994746713,-0.40221882,0.03603658,0.914834,0.90433776,0.17149538,0.39084858,-0.14280498,0.9845256,-0.101567924
1355994746754,-0.34774792,0.02955538,0.9371221,0.92276984,0.18778688,0.33649954,-0.16603383,0.98176503,-0.09257525
1355994746793,-0.26798654,0.04088059,0.96255493,0.9440268,0.21060997,0.2538833,-0.1923447,0.976715,-0.09503299
1355994746833,-0.16516197,0.066782355,0.9840028,0.96318746,0.22549367,0.14636433,-0.21211192,0.97195303,-0.10156691
1355994746873,-0.056396186,0.09578943,0.9938028,0.97414184,0.22340298,0.033747315,-0.21878591,0.970008,-0.10591155
1355994746913,0.03218326,0.11529058,0.99281037,0.97655314,0.20791885,-0.055800945,-0.21285737,0.9713279,-0.10589588
1355994746953,0.08156896,0.1202476,0.98938715,0.9766389,0.18836772,-0.103411674,-0.19880363,0.9747093,-0.10207355
1355994746993,0.084093004,0.11157423,0.9901917,0.9800498,0.17032799,-0.102424115,-0.18008521,0.9790503,-0.095024884
1355994747033,0.03939265,0.09169993,0.9950072,0.98669755,0.15360832,-0.053220242,-0.1577217,0.98386765,-0.084429085
