1355995813494,0.27487612,-0.3680008,-0.8882671,0.23147404,-0.87135327,0.43262368,-0.9332003,-0.3245287,-0.15433156
1355995813643,-0.35092524,0.92077357,0.17037457,0.08484882,0.2124643,-0.9734781,-0.93255144,-0.3271619,-0.15268564
1355995813685,-0.35089022,0.92423916,0.15052626,0.0903455,0.19341081,-0.97694933,-0.9320482,-0.32920253,-0.15136683
1355995813724,-0.3511932,0.9264127,0.13573056,0.09391141,0.17908603,-0.97934103,-0.93158144,-0.33119127,-0.14989454
1355995813764,-0.35139978,0.92824185,0.122005045,0.09690955,0.16567934,-0.98140657,-0.9311964,-0.33304262,-0.14817524
1355995813805,-0.35129023,0.9298192,0.109687924,0.0992831,0.15348881,-0.9831501,-0.9309877,-0.3344809,-0.14623445
1355995813843,-0.35070032,0.9311381,0.09995502,0.10072142,0.14361805,-0.98449427,-0.9310555,-0.3351949,-0.1441524
1355995813901,-0.34953475,0.93222547,0.09370762,0.100948066,0.13690561,-0.985427,-0.93146926,-0.33498135,-0.14195961
1355995813923,-0.34778374,0.93315536,0.09092626,0.09992403,0.13331902,-0.98602295,-0.93223476,-0.33383703,-0.13961083
1355995813966,-0.3455277,0.93399686,0.09088749,0.09786147,0.1321885,-0.9863819,-0.93329185,-0.33192787,-0.1370771
1355995814001,-0.34296286,0.93478596,0.0924755,0.0953114,0.13256818,-0.9865807,-0.93450105,-0.32954657,-0.13456172
1355995814044,-0.34029508,0.9355448,0.094631255,0.092989504,0.13362563,-0.9866596,-0.9357094,-0.32695574,-0.13246799
1355995814083,-0.33774227,0.93628645,0.09642503,0.09166345,0.13467616,-0.9866408,-0.9367646,-0.3243917,-0.13130915
1355995814122,-0.3354221,0.9370333,0.09726572,0.09202409,0.1353432,-0.986516,-0.9375626,-0.32194844,-0.13162678
1355995814163,-0.33337915,0.9378153,0.09675121,0.09458497,0.13537359,-0.98626953,-0.9380362,-0.31965047,-0.133834
1355995814203,-0.3315664,0.9386521,0.09484723,0.09946948,0.13475507,-0.9858737,-0.93817353,-0.31744817,-0.13804746
1355995814243,-0.32982975,0.9395567,0.09189901,0.1061959,0.13365519,-0.98532164,-0.93804836,-0.3152291,-0.14386052
1355995814283,-0.32795644,0.94053024,0.088585734,0.11368877,0.13238442,-0.98465693,-0.937827,-0.31285334,-0.15034401
1355995814323,-0.325772,0.9415544,0.085719496,0.12068677,0.1313374,-0.9839641,-0.93771386,-0.31020275,-0.15641922
1355995814363,-0.32323927,0.9425876,0.08393395,0.12624991,0.13085645,-0.9833298,-0.93785787,-0.30725417,-0.16129959
1355995814403,-0.32050067,0.94356465,0.08345738,0.13005486,0.13110352,-0.98280084,-0.9382777,-0.30413434,-0.16473395
1355995814443,-0.3178566,0.9444019,0.08409721,0.13235027,0.13202327,-0.98237133,-0.93885607,-0.30112293,-0.1669563
1355995814483,-0.31570286,0.94500864,0.08538413,0.13357893,0.13335389,-0.98202515,-0.93940854,-0.2986226,-0.16833341
1355995814534,-0.31438488,0.9453144,0.0868496,0.13391653,0.13473755,-0.98179024,-0.9398024,-0.29702944,-0.1689527
1355995814565,-0.31408072,0.9452809,0.088302046,0.13321948,0.13596922,-0.9817153,-0.94000316,-0.29657435,-0.16863519
1355995814605,-0.3147413,0.9449134,0.08986968,0.13129851,0.13711357,-0.98181486,-0.94005245,-0.29721794,-0.16722101
1355995814645,-0.316159,0.94425184,0.091825366,0.12812406,0.13840061,-0.98205364,-0.9400147,-0.2987201,-0.164738
1355995814684,-0.31804323,0.9433531,0.09451687,0.12391096,0.14019853,-0.98233926,-0.9399439,-0.3007147,-0.16148096
1355995814714,-0.31998765,0.942299,0.09838879,0.119363666,0.14311808,-0.98248124,-0.9398724,-0.30263782,-0.15827233
1355995814753,-0.3219214,0.9412204,0.1023263,0.11463979,0.14603627,-0.9826144,-0.93980014,-0.30459395,-0.15491349
1355995814796,-0.32392055,0.93997514,0.107342124,0.10971728,0.15001631,-0.98257685,-0.93970084,-0.30649957,-0.15172487
1355995814834,-0.32592034,0.9385558,0.11352983,0.10487229,0.15523827,-0.9822947,-0.93956256,-0.30824372,-0.14902377
1355995814872,-0.32795173,0.9371043,0.11951238,0.10027629,0.16032565,-0.98195744,-0.93935734,-0.3100504,-0.14654845
1355995814913,-0.32938844,0.93696076,0.1166527,0.098377764,0.15693164,-0.9826975,-0.93905544,-0.3122131,-0.14386755
1355995814953,-0.3327297,0.9346347,0.12549531,0.09193388,0.16459268,-0.98206794,-0.9385303,-0.31522587,-0.14068943
1355995814993,-0.33694822,0.93269235,0.12865016,0.08681363,0.16683549,-0.98215544,-0.9375123,-0.31976688,-0.13718534
1355995815033,-0.342654,0.931263,0.12384415,0.08441073,0.16181022,-0.9832051,-0.9356618,-0.32644534,-0.13405353
1355995815073,-0.3501364,0.9302497,0.10972744,0.08647385,0.14874369,-0.98508763,-0.93269867,-0.33542645,-0.13252288
1355995815113,-0.35912263,0.9292629,0.08661094,0.095041305,0.12873256,-0.98711455,-0.92843854,-0.34626356,-0.13454914
1355995815153,-0.36868244,0.9278026,0.057057858,0.112021744,0.105281055,-0.9881128,-0.9227808,-0.3579081,-0.14274931
1355995815193,-0.3773771,0.9256958,0.025956571,0.13794324,0.08390725,-0.98687947,-0.9157282,-0.3688452,-0.1593582
1355995815233,-0.3837188,0.9234499,-4.621148E-4,0.17074716,0.07045835,-0.9827925,-0.907527,-0.3771948,-0.18471265
1355995815273,-0.386945,0.92195046,-0.01675886,0.2069889,0.069134295,-0.97589755,-0.8985706,-0.38108757,-0.21758467
1355995815313,-0.38752234,0.921645,-0.019925386,0.2438789,0.08165115,-0.96636236,-0.88901615,-0.37934634,-0.25641137
1355995815353,-0.38723907,0.92192745,-0.009786457,0.28026584,0.10759506,-0.9538734,-0.87834907,-0.3721198,-0.30004972
1355995815393,-0.38887513,0.92121816,0.011545122,0.31584755,0.14508027,-0.93765235,-0.86545736,-0.36098322,-0.3473826
1355995815433,-0.39517263,0.91770244,0.040754467,0.35092202,0.19181404,-0.9165485,-0.8489361,-0.3478932,-0.3978417
1355995815473,-0.4080523,0.90993476,0.074243605,0.3853636,0.24539235,-0.8895378,-0.8276402,-0.33436716,-0.45078862
1355995815533,-0.42783153,0.8973644,0.1081543,0.4186151,0.30277455,-0.8562062,-0.8010753,-0.32103696,-0.5051868
1355995815555,-0.4531468,0.8804585,0.13946652,0.44876254,0.36049297,-0.8177145,-0.77024037,-0.30795735,-0.558473
1355995815595,-0.48119637,0.8608457,0.16551313,0.47477007,0.4146475,-0.7763123,-0.73691475,-0.29497796,-0.6082307
1355995815635,-0.5093337,0.8402769,0.18577912,0.49555045,0.46287385,-0.7349677,-0.7035687,-0.28228092,-0.65215683
1355995815675,-0.53529346,0.82043254,0.20087646,0.5100117,0.5035111,-0.69739854,-0.67331195,-0.27086353,-0.68795633
1355995815714,-0.5575352,0.8022491,0.21342652,0.5153247,0.53602266,-0.6686705,-0.6508417,-0.26282334,-0.71227026
1355995815755,-0.57508725,0.7857148,0.22787459,0.507721,0.5611935,-0.65366745,-0.641478,-0.2602191,-0.7216592
1355995815794,-0.58733016,0.77024686,0.24852169,0.48458934,0.58061045,-0.65426654,-0.64824104,-0.26383948,-0.71426344
1355995815834,-0.5937841,0.75524306,0.2775398,0.44528833,0.5957354,-0.66844416,-0.6701781,-0.2733263,-0.6900391
1355995815875,-0.59386384,0.7400206,0.31574547,0.39001673,0.6080333,-0.69150734,-0.7037134,-0.28751513,-0.64970946
1355995815914,-0.5866864,0.72353476,0.36372584,0.31959814,0.6195601,-0.7169395,-0.7440807,-0.3043725,-0.5947279
1355995815955,-0.571023,0.70452857,0.4213931,0.23603742,0.632536,-0.7376886,-0.786269,-0.32177263,-0.5274877
1355995815995,-0.5456828,0.6824876,0.48625183,0.1437071,0.6478763,-0.7480672,-0.8255776,-0.3383296,-0.45161325
1355995816035,-0.5109534,0.65973926,0.5510634,0.050911278,0.6631635,-0.7467411,-0.85809946,-0.35349458,-0.37243384
1355995816075,-0.47029138,0.642315,0.60519207,-0.03268665,0.672613,-0.7392721,-0.8819057,-0.367455,-0.29532897
1355995816115,-0.43044353,0.6389909,0.6375022,-0.09916896,0.6685264,-0.7370467,-0.89715326,-0.38047743,-0.2243948
1355995816155,-0.399533,0.6580272,0.6382581,-0.14302397,0.64297235,-0.7524166,-0.9054929,-0.39190152,-0.16277498
1355995816194,-0.38298267,0.7003635,0.6023416,-0.1618084,0.5911145,-0.79019094,-0.9094737,-0.40009332,-0.113061965
1355995816235,-0.38030496,0.75654864,0.53197956,-0.15632886,0.5143386,-0.8432182,-0.91155326,-0.40384385,-0.07733518
1355995816275,-0.3863018,0.81129813,0.43882376,-0.132034,0.42221746,-0.89682746,-0.91287345,-0.4043857,-0.055984378
1355995816315,-0.39606458,0.8540597,0.33721638,-0.09729126,0.32614875,-0.94029856,-0.91305375,-0.40522718,-0.04608339
1355995816355,-0.40667766,0.8815868,0.2396205,-0.060336083,0.23579872,-0.9699271,-0.91157717,-0.4089054,-0.042702615
1355995816396,-0.41537988,0.89623857,0.15561485,-0.027544707,0.15860051,-0.9869586,-0.90923095,-0.4142491,-0.04119283
1355995816435,-0.4182402,0.90340114,0.09456003,-0.0043602884,0.102104425,-0.9947641,-0.908326,-0.41646263,-0.038765073
1355995816475,-0.4122582,0.90895134,0.062052995,0.0060942173,0.07085997,-0.99746764,-0.9110466,-0.4108361,-0.034751892
1355995816533,-0.39721102,0.91593194,0.057377756,0.004784763,0.06458759,-0.9979006,-0.9177149,-0.39610255,-0.030037463
1355995816546,-0.37959754,0.92258394,0.06888065,-0.002018571,0.07362723,-0.9972838,-0.92514956,-0.37870553,-0.02608645
1355995816584,-0.3561399,0.9282242,0.10753679,-0.017121792,0.10858089,-0.9939402,-0.93427575,-0.35582298,-0.02277714
1355995816615,-0.3309856,0.9264617,0.17921281,-0.04100457,0.17561716,-0.98360425,-0.9427445,-0.33290738,-0.020137548
1355995816654,-0.29787084,0.9073242,0.29670843,-0.07353169,0.2880861,-0.95477724,-0.95176995,-0.3062177,-0.01909542
1355995816695,-0.25214955,0.8307648,0.49623638,-0.118303806,0.48249486,-0.86787266,-0.9604295,-0.2775404,-0.023378253
1355995816734,-0.19981374,0.65043366,0.73281,-0.15684563,0.71701586,-0.6791817,-0.96719897,-0.25064787,-0.041251898
1355995816775,-0.18053234,0.4254772,0.8867791,-0.16989334,0.8745517,-0.4541977,-0.968785,-0.23265523,-0.085599124
1355995816815,-0.23276663,0.28955922,0.9284261,-0.16622248,0.92875546,-0.33133572,-0.9582221,-0.2314492,-0.16805202
1355995816854,-0.34724128,0.26484898,0.899599,-0.14851473,0.9316528,-0.33161187,-0.92594105,-0.24875306,-0.28417432
1355995816895,-0.475698,0.28435102,0.8323797,-0.11476035,0.9181552,-0.37923756,-0.87209034,-0.27592674,-0.40413237
1355995816953,-0.5700868,0.2730435,0.7748859,-0.09850707,0.9136404,-0.39440793,-0.8156576,-0.30117851,-0.49395758
1355995816983,-0.6046581,0.17885076,0.776145,-0.15248989,0.93044186,-0.33320382,-0.7817515,-0.31982866,-0.53532624
1355995817024,-0.57590383,0.009149775,0.81746614,-0.26519924,0.94377124,-0.19739601,-0.7733072,-0.33047256,-0.54109496
1355995817061,-0.49046192,-0.1762991,0.8534434,-0.3784256,0.9252568,-0.026342005,-0.7850102,-0.33588457,-0.5205193
1355995817104,-0.37512946,-0.3322284,0.8653913,-0.45227465,0.8805053,0.1419789,-0.8091511,-0.3381341,-0.48056197
1355995817143,-0.26394996,-0.43627167,0.86023116,-0.4786042,0.83355963,0.27589205,-0.83741784,-0.33888856,-0.42881948
1355995817183,-0.1699084,-0.49569482,0.85171455,-0.4729188,0.7992703,0.3708299,-0.86456865,-0.3397847,-0.37022614
1355995817223,-0.09434661,-0.5215908,0.84796333,-0.45145637,0.7815637,0.43051755,-0.8872913,-0.34220052,-0.3092134
1355995817263,-0.03566298,-0.5218877,0.85226834,-0.42579162,0.7794676,0.45949087,-0.9041182,-0.34650192,-0.25001353
1355995817304,0.005916089,-0.49979633,0.8661228,-0.40330744,0.7913768,0.45941898,-0.91504544,-0.35203168,-0.1968897
1355995817343,0.028591514,-0.45476738,0.89015114,-0.38897106,0.8152656,0.4290029,-0.92080617,-0.3585089,-0.15358168
1355995817383,0.030408531,-0.38336375,0.9230967,-0.3854353,0.8476014,0.36470735,-0.92223364,-0.3668843,-0.12198764
1355995817423,0.0095665455,-0.28038552,0.95983976,-0.3908997,0.882453,0.26167557,-0.9203835,-0.3777044,-0.101160586
1355995817463,-0.03489393,-0.14154066,0.9893173,-0.3969661,0.910441,0.11625464,-0.9171698,-0.38866884,-0.08795571
1355995817533,-0.097583026,0.027136758,0.9948573,-0.3892566,0.91895545,-0.06324756,-0.9159459,-0.39342666,-0.07911128
1355995817555,-0.16781583,0.21655802,0.96173835,-0.35792887,0.8956144,-0.26412448,-0.918545,-0.38855818,-0.072785914
1355995817594,-0.21480884,0.36551887,0.9056783,-0.3135361,0.8524326,-0.41839424,-0.92496073,-0.37383762,-0.06850672
1355995817635,-0.23431282,0.46109954,0.8558532,-0.27127793,0.8143794,-0.51302475,-0.93354475,-0.35238236,-0.06573343
1355995817674,-0.23209472,0.5082724,0.8293318,-0.23926903,0.796583,-0.5551629,-0.9428056,-0.3272838,-0.0632689
1355995817715,-0.21451236,0.51390034,0.8305966,-0.21798688,0.80375355,-0.55359006,-0.9520851,-0.29981112,-0.060391486
1355995817754,-0.18895954,0.483732,0.85457456,-0.20247778,0.8323589,-0.5159278,-0.9608835,-0.27052182,-0.05933714
1355995817795,-0.1693866,0.42907393,0.887245,-0.18476123,0.8704678,-0.45623374,-0.96807617,-0.24120837,-0.068169296
1355995817835,-0.17754114,0.37068313,0.9116321,-0.16065334,0.903005,-0.39846262,-0.9709118,-0.21720025,-0.10076904
1355995817875,-0.23276213,0.33069658,0.9145827,-0.13295637,0.92076236,-0.36676854,-0.9634025,-0.20696944,-0.17035043
1355995817915,-0.33389547,0.31479192,0.88849306,-0.10554193,0.9241757,-0.3670969,-0.9366828,-0.21634527,-0.2753544
1355995817955,-0.44978237,0.3073375,0.8385938,-0.08227215,0.9206802,-0.38154837,-0.8893408,-0.24060664,-0.38882047
1355995817994,-0.54057217,0.2880969,0.79043144,-0.07438352,0.9194919,-0.38600746,-0.83800286,-0.26745996,-0.47562206
1355995818035,-0.58778083,0.24904816,0.7697328,-0.09302263,0.924323,-0.37009966,-0.8036544,-0.2891401,-0.52013224
1355995818075,-0.5928112,0.19398095,0.78163046,-0.13650446,0.93231165,-0.33490515,-0.7936885,-0.30523157,-0.52620554
1355995818115,-0.56374985,0.13282163,0.81519604,-0.19216017,0.93880975,-0.28585088,-0.8032812,-0.3177966,-0.50373083
1355995818155,-0.511602,0.07815038,0.85566103,-0.24488898,0.9412884,-0.23239078,-0.8235853,-0.32843357,-0.4624269
1355995818195,-0.44787687,0.04045245,0.89317954,-0.2855968,0.94016826,-0.18579054,-0.84725475,-0.33830053,-0.40952653
1355995818235,-0.38288903,0.026347458,0.9234185,-0.31236812,0.93702185,-0.15625684,-0.86938035,-0.34827554,-0.3505453
1355995818274,-0.32456005,0.038312897,0.94508886,-0.32762164,0.9327736,-0.15032464,-0.88731325,-0.3584209,-0.2901889
1355995818314,-0.27948508,0.07699016,0.95705825,-0.3339857,0.9267367,-0.17208317,-0.9001897,-0.36773846,-0.23329544
1355995818355,-0.2534704,0.14266543,0.956765,-0.33281612,0.91582155,-0.22473139,-0.90828747,-0.37538958,-0.18465233
1355995818394,-0.24998659,0.23409247,0.93952507,-0.32462168,0.893911,-0.3091018,-0.91221017,-0.38226154,-0.14747423
1355995818435,-0.26731104,0.34472242,0.8998395,-0.3092334,0.8537425,-0.4189254,-0.91264415,-0.39024383,-0.12161511
1355995818475,-0.2974935,0.4612757,0.8358962,-0.28589237,0.79231906,-0.5389768,-0.9109134,-0.39931843,-0.10383457
1355995818533,-0.32794064,0.5666433,0.75589037,-0.2556113,0.7170705,-0.6484387,-0.9094602,-0.40586352,-0.09031618
1355995818555,-0.34678173,0.64874613,0.6774002,-0.2227613,0.6445865,-0.73135877,-0.91110915,-0.4045204,-0.079015315
1355995818595,-0.34869862,0.7052431,0.61728555,-0.19279188,0.59056556,-0.7836221,-0.9171917,-0.3922556,-0.06996429
1355995818635,-0.33597034,0.7394937,0.5833292,-0.16910106,0.5619074,-0.80973136,-0.92656827,-0.37068725,-0.06373507
1355995818674,-0.31337446,0.7538711,0.5774729,-0.15341672,0.5599245,-0.81421614,-0.9371551,-0.34374854,-0.059809625
1355995818715,-0.28387368,0.74725664,0.6008522,-0.14656284,0.5854525,-0.79734856,-0.94759434,-0.31440884,-0.05667454
1355995818755,-0.24837548,0.7149677,0.65355253,-0.14704639,0.6390462,-0.75498164,-0.95743775,-0.2836214,-0.05359
1355995818795,-0.21052384,0.6518271,0.7285609,-0.14868674,0.715243,-0.68287605,-0.96621525,-0.25208908,-0.05365765
1355995818835,-0.18439886,0.56233895,0.80608433,-0.14234054,0.7962227,-0.5880209,-0.97248966,-0.22316885,-0.06677896
1355995818875,-0.19474971,0.46886826,0.86153066,-0.12501572,0.8593193,-0.49592477,-0.9728533,-0.20428611,-0.10873628
1355995818915,-0.26065296,0.39724573,0.87991804,-0.10247332,0.89489114,-0.4343605,-0.95997876,-0.20338547,-0.19254893
1355995818955,-0.37367803,0.35163286,0.85832334,-0.080241084,0.90963405,-0.40758714,-0.9240812,-0.22117916,-0.31169486
1355995818995,-0.49425688,0.31394932,0.81064534,-0.06535563,0.91645086,-0.39477387,-0.8668556,-0.24809995,-0.4324438
1355995819035,-0.58151203,0.26487708,0.76920986,-0.07255558,0.9248587,-0.3733257,-0.8102958,-0.27290386,-0.51859814
1355995819075,-0.6211793,0.19880638,0.7580319,-0.11013449,0.9355399,-0.33561194,-0.7758909,-0.29196066,-0.5592426
1355995819115,-0.61642385,0.12014089,0.77819526,-0.17095952,0.94429696,-0.28120473,-0.7686316,-0.3063812,-0.56154794
1355995819155,-0.57618445,0.039492734,0.81636506,-0.23786429,0.9474939,-0.21371913,-0.78194124,-0.3173257,-0.53653735
1355995819195,-0.51273,-0.030414864,0.858011,-0.29397285,0.9451817,-0.1421673,-0.8066523,-0.32512537,-0.49356413
1355995819235,-0.4393595,-0.079767555,0.89476264,-0.33051142,0.9405364,-0.07844432,-0.8352995,-0.33019453,-0.43959767
1355995819274,-0.3667699,-0.10403815,0.924476,-0.34779945,0.93700427,-0.032535404,-0.86285305,-0.33346525,-0.37984937
1355995819314,-0.3011029,-0.1033687,0.94797266,-0.35129133,0.93621814,-0.009493068,-0.8865279,-0.33587295,-0.31821048
1355995819355,-0.24655962,-0.07927938,0.9658794,-0.34687936,0.9378384,-0.011569992,-0.9049215,-0.33789635,-0.25873345
1355995819395,-0.20625356,-0.03419575,0.97790086,-0.3397524,0.9397143,-0.038798302,-0.91762066,-0.34024647,-0.20543754
1355995819435,-0.18270707,0.029316321,0.98273015,-0.3341518,0.9382016,-0.090112746,-0.9246408,-0.34484532,-0.16161996
1355995819475,-0.17722419,0.10798847,0.97822803,-0.3322621,0.9290388,-0.16275382,-0.92638737,-0.353872,-0.12876767
1355995819534,-0.18836045,0.19657832,0.96222514,-0.33230865,0.90921426,-0.25079954,-0.92417055,-0.36699647,-0.105935335
1355995819555,-0.21054804,0.28744853,0.9343676,-0.32886553,0.8792597,-0.3446009,-0.9206068,-0.37983635,-0.09059453
1355995819594,-0.23450504,0.3709764,0.8985454,-0.31738335,0.84445107,-0.43147448,-0.91884446,-0.38636628,-0.080286264
1355995819635,-0.25157246,0.43958256,0.86225194,-0.29762164,0.8125986,-0.50110364,-0.9209412,-0.38268876,-0.07359815
1355995819674,-0.257856,0.4894232,0.8330518,-0.2735494,0.7899491,-0.5487724,-0.9266504,-0.36938506,-0.06981176
1355995819715,-0.2535472,0.5192704,0.81613237,-0.25018185,0.77979374,-0.5738735,-0.9344104,-0.34968552,-0.06780243
1355995819754,-0.23982565,0.52847457,0.81436974,-0.23102073,0.7836869,-0.57659715,-0.9429278,-0.32641912,-0.065859616
1355995819794,-0.21761306,0.5161364,0.8284008,-0.21638669,0.8021075,-0.5565971,-0.9517465,-0.30037767,-0.062864065
1355995819833,-0.19034761,0.4817577,0.85538137,-0.20325375,0.8330934,-0.51443493,-0.9604455,-0.2717809,-0.060658276
1355995819873,-0.16900519,0.42877835,0.8874607,-0.18642883,0.870252,-0.4559669,-0.96782315,-0.24250901,-0.06714046
1355995819913,-0.1738947,0.3663683,0.914076,-0.16359383,0.9045728,-0.39368156,-0.97108066,-0.21799633,-0.09736478
1355995819953,-0.22659415,0.30593047,0.92469543,-0.13891286,0.92953336,-0.34157127,-0.96403235,-0.20585012,-0.16812915
1355995820011,-0.33078587,0.25154513,0.9095635,-0.12039151,0.9446975,-0.30504507,-0.9359949,-0.21040832,-0.28220868
1355995820033,-0.4567328,0.19775902,0.86734456,-0.115634814,0.95350903,-0.27829683,-0.88205653,-0.22740251,-0.41263103
1355995820074,-0.5577642,0.13744754,0.81853974,-0.13114005,0.9592118,-0.25042954,-0.8195739,-0.24702397,-0.5169891
1355995820111,-0.6098417,0.06927606,0.7894897,-0.1684283,0.96208704,-0.21452364,-0.7744191,-0.26379785,-0.57505274
1355995820154,-0.6140184,-0.0038122311,0.78928256,-0.2215268,0.96062684,-0.16769584,-0.7575667,-0.27781555,-0.5906871
1355995820193,-0.5814653,-0.07607566,0.8100065,-0.27849156,0.954083,-0.110308595,-0.7644217,-0.2897206,-0.57595265
1355995820233,-0.52370703,-0.13994384,0.84032536,-0.3274019,0.94372153,-0.04688026,-0.78647244,-0.29967564,-0.5400514
1355995820273,-0.45340353,-0.18822224,0.87120473,-0.36061674,0.9326118,0.013812363,-0.81509566,-0.30790842,-0.49072558
1355995820313,-0.38087797,-0.216564,0.89890605,-0.377284,0.9239698,0.06274231,-0.84414977,-0.3152457,-0.43362588
1355995820353,-0.31263933,-0.22385134,0.92311823,-0.38137066,0.9196462,0.093847744,-0.86995006,-0.32270968,-0.37288785
1355995820393,-0.25327098,-0.21079627,0.9441498,-0.3781123,0.91990477,0.10395345,-0.8904409,-0.33066624,-0.31268984
1355995820433,-0.2065202,-0.1793133,0.96187115,-0.37213635,0.92357993,0.09227484,-0.90491104,-0.3388906,-0.2574669
1355995820473,-0.174905,-0.1319033,0.97570986,-0.36725134,0.92820716,0.05964835,-0.91352874,-0.34789795,-0.21078974
1355995820534,-0.15893674,-0.07128295,0.98471206,-0.36617222,0.93051046,0.008257538,-0.9168735,-0.35926178,-0.17399412
1355995820555,-0.1569696,-8.2701445E-4,0.98760307,-0.36876905,0.92772,-0.057835266,-0.9161713,-0.37327582,-0.14592886
1355995820594,-0.16509736,0.07443625,0.9834643,-0.37125337,0.91911703,-0.13188945,-0.91373616,-0.38688904,-0.12410909
1355995820634,-0.17764351,0.14842969,0.97283673,-0.3679617,0.90683687,-0.20555097,-0.912714,-0.39448148,-0.1064772
1355995820674,-0.18881693,0.21432123,0.9583395,-0.35569897,0.894699,-0.27017036,-0.91532856,-0.39189312,-0.09270048
1355995820715,-0.19489902,0.2661979,0.94400907,-0.3358154,0.886185,-0.31922436,-0.9215435,-0.3792293,-0.08332324
1355995820755,-0.19404468,0.29996344,0.93400675,-0.31251857,0.8835949,-0.34870064,-0.92988104,-0.359558,-0.077712774
1355995820794,-0.18507001,0.31326234,0.931459,-0.28950518,0.88839054,-0.35629913,-0.9391144,-0.3356025,-0.073723376
1355995820835,-0.167914,0.30533317,0.93732417,-0.26764944,0.9009882,-0.341444,-0.9487722,-0.30820754,-0.06956625
1355995820877,-0.1467765,0.27737662,0.9494834,-0.24479881,0.91983473,-0.3065576,-0.9583998,-0.27742785,-0.06710869
1355995820913,-0.13380006,0.23345199,0.96311885,-0.218772,0.94092244,-0.2584644,-0.9665591,-0.24528593,-0.074822724
1355995820953,-0.14866918,0.18093042,0.9721942,-0.19140063,0.95926416,-0.20779331,-0.9701872,-0.21697108,-0.107982814
1355995820993,-0.20828229,0.124326244,0.97013474,-0.17153622,0.97187084,-0.16137657,-0.962909,-0.20002514,-0.18109703
1355995821034,-0.31014,0.06441039,0.9485065,-0.17010444,0.977842,-0.12202275,-0.935349,-0.1991893,-0.29231143
1355995821073,-0.42119157,8.296892E-4,0.90697134,-0.19132853,0.9774145,-0.08974585,-0.8865614,-0.21132967,-0.41152
1355995821113,-0.5016933,-0.06340439,0.8627188,-0.22949064,0.97132987,-0.06206812,-0.8340491,-0.22912504,-0.5018604
1355995821153,-0.5357844,-0.12389204,0.83521605,-0.2752603,0.9607661,-0.034061708,-0.7982273,-0.24815157,-0.5488661
1355995821193,-0.5290669,-0.17660205,0.8299999,-0.32030225,0.94731176,-0.0026073754,-0.7858083,-0.2672303,-0.5577574
1355995821233,-0.49365455,-0.2177403,0.84195864,-0.35774916,0.9332828,0.031603426,-0.7926668,-0.2856088,-0.5386157
1355995821273,-0.44161624,-0.24395007,0.8634022,-0.38308603,0.9214641,0.06441285,-0.8113076,-0.3023116,-0.5003874
1355995821313,-0.38235426,-0.25318456,0.8886522,-0.3952818,0.9141046,0.09036102,-0.8351991,-0.31671813,-0.44959104
1355995821353,-0.32282522,-0.24470952,0.91427636,-0.3961393,0.91224825,0.10429238,-0.85956824,-0.32851255,-0.39143574
1355995821393,-0.26747584,-0.2193417,0.93826747,-0.38904434,0.91543186,0.10309682,-0.8815334,-0.33745176,-0.3301896
1355995821433,-0.21979928,-0.17875701,0.9590277,-0.37769634,0.921993,0.08528982,-0.899463,-0.34347463,-0.27016926
1355995821473,-0.18269819,-0.12541318,0.97513735,-0.3658875,0.92926276,0.050961852,-0.9125501,-0.34747994,-0.2156617
1355995821535,-0.15871173,-0.06202936,0.98537457,-0.35710827,0.9340621,0.0012807399,-0.9204805,-0.35168213,-0.17039782
1355995821555,-0.14926234,0.008708507,0.9887592,-0.35298046,0.93360674,-0.061508402,-0.92364794,-0.35819358,-0.13627839
1355995821595,-0.15301374,0.08349942,0.9846901,-0.35163146,0.9266115,-0.13321549,-0.92354864,-0.36663184,-0.1124233
1355995821634,-0.16562986,0.15863585,0.97334546,-0.34784395,0.91414773,-0.2081789,-0.9228062,-0.373053,-0.09622967
1355995821674,-0.18093318,0.2296323,0.95631176,-0.33645332,0.8992395,-0.27958456,-0.92415494,-0.3723404,-0.08544171
1355995821715,-0.19379056,0.2922546,0.93650013,-0.31618974,0.8850505,-0.34162802,-0.9286923,-0.362316,-0.07910651
1355995821754,-0.20166461,0.34327862,0.9173283,-0.2902408,0.8735609,-0.39070648,-0.93546337,-0.34503776,-0.0765329
1355995821795,-0.20349783,0.38050127,0.9021127,-0.26330215,0.86617976,-0.4247406,-0.94300616,-0.32396203,-0.07607889
1355995821835,-0.19835469,0.40208238,0.89385974,-0.2387107,0.86470115,-0.44193792,-0.95061696,-0.30103433,-0.07553613
1355995821875,-0.18607932,0.40614954,0.8946603,-0.21686646,0.87112844,-0.44057256,-0.9583023,-0.2760033,-0.07401878
1355995821915,-0.17064643,0.39140436,0.90425795,-0.19548461,0.8860282,-0.4204044,-0.9657461,-0.24850902,-0.074684024
1355995821955,-0.1644207,0.35997152,0.9183607,-0.17190236,0.90632725,-0.3860317,-0.9712957,-0.22133996,-0.08713901
1355995821994,-0.18743616,0.3200599,0.92867076,-0.1472477,0.9255887,-0.3487171,-0.9711776,-0.20210683,-0.12636071
1355995822035,-0.25743797,0.28444552,0.9234805,-0.12630516,0.9375876,-0.3240007,-0.9580045,-0.20005046,-0.20544374
1355995822075,-0.36974436,0.26128876,0.8916373,-0.11106543,0.9403339,-0.3216156,-0.9224714,-0.21794565,-0.318663
1355995822115,-0.4898625,0.24869515,0.8355749,-0.098508045,0.93652016,-0.33649096,-0.8662165,-0.24714515,-0.43426764
1355995822154,-0.579493,0.23788358,0.7794865,-0.09094171,0.93160355,-0.35191536,-0.80988723,-0.27482033,-0.5182242
1355995822195,-0.62553835,0.22161327,0.748057,-0.09701641,0.9292731,-0.3564257,-0.774138,-0.29553175,-0.55979586
1355995822235,-0.63314414,0.19683158,0.7485893,-0.121426284,0.9298952,-0.34720385,-0.7644503,-0.3107285,-0.5648572
1355995822275,-0.6103889,0.16410266,0.7749166,-0.16125827,0.9320719,-0.3244036,-0.77551347,-0.32297406,-0.5424634
1355995822314,-0.56475973,0.12764902,0.8153233,-0.20786463,0.93410844,-0.2902304,-0.79864806,-0.33338732,-0.5010131
1355995822354,-0.5042758,0.09467593,0.8583369,-0.25119942,0.934905,-0.250702,-0.82619894,-0.3420367,-0.44766742
1355995822395,-0.4379052,0.073376074,0.8960218,-0.2842384,0.9342393,-0.21541914,-0.85290545,-0.34901693,-0.38825196
1355995822434,-0.37415475,0.07053889,0.92467964,-0.3047225,0.93238527,-0.1944271,-0.8758724,-0.35451654,-0.32736158
1355995822475,-0.32023162,0.0910294,0.9429556,-0.313703,0.9290255,-0.19621949,-0.8938916,-0.3586437,-0.26894712
1355995822535,-0.28263557,0.13967437,0.9490038,-0.31344512,0.9215833,-0.2289899,-0.9065701,-0.3621813,-0.21669197
1355995822546,-0.26632807,0.22059558,0.9383001,-0.30520406,0.9040704,-0.2991776,-0.91428655,-0.3660524,-0.17345262
1355995822584,-0.26912373,0.3174717,0.90927666,-0.29588708,0.8711956,-0.39175123,-0.9165278,-0.3744728,-0.14052367
1355995822624,-0.29782826,0.44865358,0.8426198,-0.27350068,0.80557114,-0.5255972,-0.9146013,-0.38699484,-0.1172148
1355995822665,-0.33859515,0.58707345,0.73532176,-0.23371585,0.7045171,-0.6700989,-0.91144407,-0.3987486,-0.10133767
1355995822704,-0.3698169,0.6987518,0.61235726,-0.18328476,0.5912651,-0.785374,-0.91084695,-0.40268034,-0.090589285
1355995822745,-0.37929714,0.77169126,0.5105156,-0.13681352,0.4989053,-0.8557894,-0.91510415,-0.394444,-0.08365548
1355995822785,-0.36976197,0.8151815,0.4458198,-0.10206938,0.44128397,-0.89154375,-0.9235031,-0.37516353,-0.079964936
1355995822825,-0.34918267,0.8396812,0.41594112,-0.07941586,0.41576618,-0.90599763,-0.9336834,-0.34939098,-0.07849431
1355995822865,-0.32315102,0.8494527,0.4171376,-0.06794304,0.41882423,-0.905522,-0.94390535,-0.32096192,-0.07762915
1355995822905,-0.29377115,0.8434169,0.44982925,-0.06658867,0.45139343,-0.889837,-0.9535537,-0.29136196,-0.07644433
1355995822945,-0.26265946,0.8166385,0.5139178,-0.07126337,0.5147456,-0.8543761,-0.96225333,-0.2610335,-0.0770064
1355995822985,-0.23713034,0.7652832,0.5984236,-0.07211703,0.60042644,-0.7964215,-0.9687973,-0.23201227,-0.08718938
1355995823041,-0.2354122,0.6988247,0.67544436,-0.056869924,0.6838808,-0.72737396,-0.97023034,-0.20964515,-0.12125176
1355995823063,-0.2789995,0.64396834,0.71236503,-0.017941564,0.73819685,-0.6743467,-0.96012354,-0.20092335,-0.19440275
1355995823104,-0.36925548,0.6179166,0.6941394,0.04484752,0.75790435,-0.65082234,-0.9282451,-0.20918925,-0.30757236
1355995823141,-0.47578362,0.6083205,0.63527644,0.11775373,0.75981605,-0.6393853,-0.8716444,-0.22940284,-0.4331401
1355995823184,-0.5635858,0.5947497,0.5732747,0.1720201,0.7632739,-0.62275356,-0.80794805,-0.25236034,-0.5324793
1355995823223,-0.6198434,0.5677949,0.5416668,0.18619516,0.7769667,-0.6013769,-0.7623158,-0.27190378,-0.58731836
1355995823263,-0.6474891,0.5276262,0.54988045,0.1593918,0.79936063,-0.5793245,-0.7452195,-0.2874598,-0.6016766
1355995823303,-0.65036416,0.47537166,0.5924932,0.10093242,0.8271463,-0.5528487,-0.7528871,-0.2997512,-0.5859268
1355995823343,-0.62962896,0.4135208,0.657699,0.023575276,0.8563527,-0.5158529,-0.77653825,-0.3092905,-0.5489333
1355995823383,-0.5863933,0.34737507,0.7317606,-0.059019,0.88265514,-0.46630102,-0.8078736,-0.31662357,-0.49708134
1355995823423,-0.5254042,0.28637615,0.80121094,-0.13372579,0.9021605,-0.4101509,-0.8402783,-0.32263762,-0.4357031
1355995823463,-0.45538837,0.24134228,0.856957,-0.19213882,0.913231,-0.35929346,-0.86931247,-0.32827276,-0.36950356
1355995823535,-0.3803693,0.21523677,0.89944,-0.23700933,0.917377,-0.31975934,-0.89394957,-0.3348023,-0.29792893
1355995823545,-0.32842463,0.24893591,0.9111356,-0.25123838,0.9068691,-0.33833075,-0.91050345,-0.3400284,-0.23529589
1355995823582,-0.2956946,0.30548254,0.90512156,-0.2574173,0.88696265,-0.38344958,-0.9199462,-0.34637794,-0.18363357
1355995823623,-0.29338038,0.41033188,0.86345565,-0.24817148,0.8395471,-0.48329246,-0.92322195,-0.35607362,-0.14447397
1355995823663,-0.31700993,0.5479055,0.7741475,-0.22243594,0.7505295,-0.6222763,-0.9219692,-0.36946595,-0.116051435
1355995823703,-0.35019195,0.6822244,0.641822,-0.18114546,0.6229489,-0.76100004,-0.918995,-0.3827592,-0.0945698
1355995823743,-0.37343377,0.7803124,0.5016572,-0.13560572,0.48905146,-0.8616495,-0.9176919,-0.38979653,-0.07681352
1355995823783,-0.37872186,0.8387551,0.39122838,-0.09940779,0.38340595,-0.91821456,-0.9201564,-0.38663912,-0.061825454
1355995823823,-0.36936533,0.8714843,0.32262123,-0.07702178,0.31726724,-0.9452032,-0.9260869,-0.37397417,-0.050064266
1355995823863,-0.35119784,0.8893311,0.2928315,-0.06708014,0.2880509,-0.9552628,-0.93389523,-0.35512936,-0.04150641
1355995823903,-0.32730275,0.8955688,0.30137935,-0.0688529,0.29549545,-0.95285976,-0.9424077,-0.33262444,-0.03505397
1355995823943,-0.297407,0.88603777,0.35564882,-0.08287829,0.3471395,-0.93414414,-0.9511468,-0.3072966,-0.029808402
1355995823983,-0.25987136,0.8460164,0.46553537,-0.106689215,0.4539922,-0.88459516,-0.95973134,-0.27954856,-0.027718723
1355995824023,-0.21923584,0.752878,0.6205726,-0.12858355,0.6082033,-0.78329754,-0.96716183,-0.2515223,-0.036532223
1355995824063,-0.20044602,0.61615705,0.76169014,-0.13086574,0.75366247,-0.64410174,-0.9709251,-0.22878675,-0.07043481
1355995824103,-0.23887272,0.50766975,0.8277749,-0.10827063,0.8332129,-0.5422488,-0.964996,-0.21915217,-0.1440661
1355995824143,-0.33880126,0.47753102,0.810665,-0.06046897,0.84879005,-0.5252608,-0.93891275,-0.22697909,-0.25869536
1355995824183,-0.45948178,0.4951589,0.7373562,0.009869948,0.8329764,-0.5532205,-0.88813233,-0.2469171,-0.38762462
1355995824223,-0.55538636,0.5047181,0.6609127,0.07066196,0.82052356,-0.5672283,-0.82858485,-0.2683295,-0.491372
1355995824263,-0.61413,0.47640774,0.6291899,0.082500905,0.8316314,-0.5491654,-0.7848808,-0.28535026,-0.550034
1355995824303,-0.6400652,0.4022717,0.6545945,0.033166632,0.8656532,-0.49954432,-0.7676043,-0.29803026,-0.5674165
1355995824343,-0.6303733,0.27869928,0.72453856,-0.06834425,0.90978384,-0.40941712,-0.77327776,-0.3076037,-0.55445594
1355995824383,-0.57616687,0.11265878,0.80953056,-0.19628364,0.9423975,-0.27085015,-0.7934132,-0.31495246,-0.5208651
1355995824423,-0.47937417,-0.06701753,0.8750481,-0.31270373,0.94468194,-0.098956645,-0.82001036,-0.32106805,-0.47381276
1355995824463,-0.35967475,-0.22481433,0.90558964,-0.39019468,0.9178433,0.07288197,-0.8475743,-0.32714245,-0.41784644
1355995824539,-0.23590118,-0.34586468,0.90814555,-0.42628518,0.8766373,0.2231324,-0.8732878,-0.33449176,-0.35423672
1355995824544,-0.13960677,-0.40813845,0.9021824,-0.4278931,0.8465123,0.31674027,-0.8929824,-0.3418185,-0.2928185
1355995824570,-0.0688819,-0.43439236,0.8980861,-0.41620758,0.83065075,0.36985224,-0.90665686,-0.3483141,-0.23801416
1355995824614,-0.015094042,-0.44172776,0.89702207,-0.40328568,0.8236066,0.39878917,-0.9149496,-0.35573685,-0.19057405
1355995824653,0.0060814023,-0.3999956,0.9164968,-0.39550206,0.84082097,0.36959195,-0.91844493,-0.36472404,-0.15308571
1355995824694,-0.00931555,-0.29710823,0.9547984,-0.396145,0.87781185,0.269287,-0.9181407,-0.37573004,-0.12587523
1355995824733,-0.078042924,-0.09004526,0.99287516,-0.39355737,0.917811,0.052302793,-0.91598135,-0.38667148,-0.10706663
1355995824773,-0.20408875,0.24905032,0.9467427,-0.34867823,0.88518184,-0.30802047,-0.91475207,-0.39297205,-0.093817234
1355995824813,-0.31295773,0.5713166,0.7587192,-0.247979,0.72198594,-0.6459432,-0.9168227,-0.39029938,-0.08427656
1355995824853,-0.34853587,0.73039234,0.5874094,-0.16507688,0.5690764,-0.8055443,-0.92264426,-0.37772876,-0.07777262
1355995824893,-0.34062967,0.77830786,0.5274545,-0.13160688,0.51601005,-0.84641206,-0.93094087,-0.3577297,-0.073337615
1355995824933,-0.31115785,0.75851125,0.57257456,-0.13843107,0.5598825,-0.8169262,-0.9402222,-0.33345503,-0.06921035
1355995824973,-0.25860044,0.6529187,0.7119149,-0.17624457,0.69272304,-0.6993373,-0.9497702,-0.30632013,-0.06406504
1355995825013,-0.17559403,0.4178452,0.8913877,-0.2215867,0.86544627,-0.44933516,-0.95920074,-0.27642024,-0.059378266
1355995825053,-0.0942806,0.120770305,0.9881932,-0.23449522,0.961992,-0.13994065,-0.9675346,-0.24492025,-0.062377095
1355995825093,-0.07059103,-0.08230602,0.9941039,-0.22257358,0.9727643,0.064734325,-0.9723569,-0.2166916,-0.086987615
1355995825133,-0.11666602,-0.16176397,0.9799089,-0.21998847,0.96634734,0.13333382,-0.9685009,-0.20001312,-0.1483261
1355995825173,-0.21926737,-0.15862966,0.9626829,-0.23306572,0.9666449,0.106197834,-0.94741863,-0.20108268,-0.24892485
1355995825213,-0.34800726,-0.12236994,0.9294711,-0.2470442,0.9683721,0.03499458,-0.9043562,-0.2174421,-0.3672313
1355995825253,-0.45410442,-0.11207068,0.88387173,-0.263871,0.9644666,-0.013278589,-0.85097665,-0.239258,-0.46754074
1355995825293,-0.4996038,-0.16963537,0.8494822,-0.30937243,0.9509078,0.007938936,-0.809126,-0.25884002,-0.5275577
1355995825333,-0.47429198,-0.28935853,0.8314559,-0.38621578,0.9170964,0.09885147,-0.7911287,-0.27423692,-0.5467263
1355995825373,-0.39372212,-0.4264089,0.8143453,-0.4603688,0.8582608,0.22682351,-0.7956403,-0.28559375,-0.53422165
1355995825413,-0.2926395,-0.53637326,0.7916223,-0.5004828,0.79132974,0.3511613,-0.81478775,-0.29342967,-0.5000199
1355995825453,-0.19787005,-0.60623056,0.7702804,-0.5041562,0.73685354,0.45041475,-0.84063905,-0.29921803,-0.4514361
1355995825493,-0.117883086,-0.64246523,0.7571935,-0.48424983,0.70289314,0.5210023,-0.866952,-0.30525348,-0.39397287
1355995825537,-0.051309347,-0.65412426,0.7546449,-0.4538268,0.68838465,0.56583375,-0.8896115,-0.3134455,-0.33217967
1355995825575,0.0024056435,-0.6461158,0.7632356,-0.42241922,0.6911422,0.5864166,-0.9063974,-0.32381615,-0.27126908
1355995825615,0.04214695,-0.62072754,0.7828927,-0.3963157,0.7089182,0.58341146,-0.91714644,-0.3348617,-0.21612531
1355995825654,0.0648309,-0.57693,0.81421655,-0.37964964,0.7403163,0.55479544,-0.9228559,-0.34508494,-0.17103589
1355995825694,0.068008006,-0.511779,0.8564211,-0.37441754,0.78257436,0.49738204,-0.92476285,-0.35448503,-0.1383977
1355995825735,0.05010587,-0.42042592,0.9059423,-0.3788989,0.8312689,0.40672794,-0.9240806,-0.36363998,-0.11764747
1355995825774,0.011203349,-0.29890463,0.9542172,-0.38609037,0.87898064,0.27987015,-0.92239296,-0.37154955,-0.10555667
1355995825814,-0.043720692,-0.15122151,0.9875326,-0.38533568,0.9145442,0.12298493,-0.9217402,-0.37515455,-0.098255575
1355995825855,-0.10214439,0.004079461,0.99476117,-0.36910218,0.9284525,-0.04170783,-0.9237587,-0.3714288,-0.09333044
1355995825895,-0.14917102,0.13967739,0.97889644,-0.33973414,0.9224676,-0.18339665,-0.9286166,-0.359922,-0.09015226
1355995825935,-0.17661932,0.23582649,0.9556105,-0.30649668,0.909426,-0.28107682,-0.93534243,-0.34253505,-0.08834213
1355995825975,-0.1839354,0.2858645,0.9404517,-0.27745423,0.9027689,-0.3286753,-0.9429671,-0.32138726,-0.08673686
1355995826015,-0.17393056,0.2903609,0.9409775,-0.255366,0.9095557,-0.32786688,-0.9510712,-0.29731974,-0.08405119
1355995826071,-0.15234429,0.25422794,0.9550703,-0.23767616,0.92856693,-0.28508502,-0.95932335,-0.27042854,-0.08103794
1355995826093,-0.13169605,0.19099908,0.97271556,-0.21901052,0.9514076,-0.216467,-0.96679395,-0.24154279,-0.083465815
1355995826134,-0.1325559,0.12411568,0.98337394,-0.1982409,0.9687628,-0.14899383,-0.97114855,-0.21469493,-0.10381043
1355995826171,-0.17467919,0.07645057,0.981653,-0.1824377,0.9772049,-0.10856783,-0.96757627,-0.19805503,-0.1567499
1355995826214,-0.2652773,0.059311885,0.9623461,-0.17790698,0.9779567,-0.10931529,-0.94761646,-0.20020695,-0.2488777
1355995826253,-0.3816293,0.060102254,0.92235935,-0.1813184,0.9736279,-0.1384641,-0.9063568,-0.22008267,-0.3606673
1355995826293,-0.48450124,0.056988686,0.87293226,-0.18981867,0.96725196,-0.16850083,-0.85394806,-0.24733771,-0.45781726
1355995826333,-0.5442717,0.029783942,0.83838016,-0.21254975,0.9618652,-0.17215696,-0.81153613,-0.27189764,-0.51718545
1355995826373,-0.55514234,-0.026157036,0.8313439,-0.25630158,0.95624834,-0.14106224,-0.79128146,-0.2913844,-0.5375581
1355995826413,-0.5226099,-0.1038099,0.84622836,-0.3148507,0.9458971,-0.07840743,-0.79230547,-0.30741206,-0.5270198
1355995826453,-0.4570136,-0.18898746,0.86915034,-0.37290028,0.92785406,0.005674824,-0.8075171,-0.32151294,-0.49451542
1355995826493,-0.3724454,-0.26604387,0.8891035,-0.4162422,0.9041522,0.09618302,-0.8294738,-0.3342595,-0.44748604
1355995826542,-0.2841077,-0.3235647,0.9025457,-0.4385646,0.8809428,0.17776656,-0.8526101,-0.34531975,-0.39218664
1355995826575,-0.20390064,-0.35702652,0.9115682,-0.44180995,0.86447674,0.23975798,-0.8736295,-0.35385308,-0.33400524
1355995826615,-0.13852763,-0.367162,0.9197837,-0.43252224,0.85791403,0.27732298,-0.8909178,-0.35941002,-0.27765054
1355995826655,-0.090343505,-0.35673153,0.92982835,-0.41846418,0.86082506,0.28959963,-0.9037289,-0.3629364,-0.22704935
1355995826695,-0.059524685,-0.32812107,0.9427583,-0.406672,0.8704767,0.2772871,-0.9116329,-0.36688802,-0.18525255
1355995826735,-0.045383364,-0.28306794,0.9580256,-0.40135354,0.8833755,0.24199829,-0.91479826,-0.37352422,-0.15370083
1355995826775,-0.046422303,-0.22340909,0.97361875,-0.40159157,0.8966093,0.18659037,-0.9146416,-0.38233513,-0.13134187
1355995826815,-0.059414744,-0.15289903,0.98645407,-0.40141475,0.9084403,0.11662951,-0.9139672,-0.3890477,-0.11535066
1355995826855,-0.07822555,-0.07981378,0.9937356,-0.39406282,0.9180902,0.042718053,-0.9157484,-0.38825262,-0.103269756
1355995826895,-0.09511542,-0.016124532,0.99533564,-0.3773318,0.92583865,-0.021059588,-0.92118067,-0.37757492,-0.094145834
1355995826935,-0.10415515,0.026844025,0.9941987,-0.3545827,0.9329443,-0.06233725,-0.9292054,-0.35901842,-0.087652564
1355995826975,-0.10277319,0.042019665,0.9938169,-0.3306392,0.9408537,-0.0739726,-0.9381446,-0.33619726,-0.08280122
1355995827015,-0.09100109,0.027291343,0.9954767,-0.30759245,0.94997543,-0.054162353,-0.94715655,-0.31113,-0.07805419
1355995827054,-0.07187864,-0.013914838,0.9973163,-0.28385162,0.9588421,-0.0070797354,-0.95617026,-0.28359878,-0.072870016
1355995827095,-0.053646892,-0.071998574,0.99596095,-0.25728893,0.96471745,0.055881225,-0.9648442,-0.25325185,-0.070278525
1355995827135,-0.050436527,-0.13319626,0.9898056,-0.23113057,0.96571875,0.11817747,-0.9716146,-0.22281384,-0.079493225
1355995827175,-0.078244776,-0.18561882,0.97950166,-0.21728617,0.96206844,0.16495787,-0.97296685,-0.19992508,-0.11560923
1355995827215,-0.14693701,-0.22468883,0.9632883,-0.23041123,0.954844,0.18757294,-0.96193564,-0.19439103,-0.19207275
1355995827255,-0.2488535,-0.2539305,0.9346611,-0.27351403,0.94416535,0.18368958,-0.92911905,-0.20993115,-0.30441242
1355995827295,-0.35169062,-0.28339627,0.89218843,-0.33130583,0.9290702,0.16451445,-0.87552845,-0.23772904,-0.42063612
1355995827334,-0.4182304,-0.32284293,0.8490322,-0.38759533,0.9087682,0.15462926,-0.8214944,-0.26441026,-0.50520694
