1355995758446,0.16622835,-0.30262166,-0.9385032,-0.0688098,-0.95298433,0.2951035,-0.9836835,0.015523642,-0.17923635
1355995758483,0.17692369,-0.097509176,-0.97938246,-0.032668382,-0.99511373,0.093173936,-0.9836822,0.0155101605,-0.17924467
1355995758525,0.17697388,-0.097455114,-0.97937876,-0.032588895,-0.9951202,0.09313269,-0.9836759,0.0154348165,-0.17928624
1355995758564,0.17707545,-0.09733009,-0.97937286,-0.0323859,-0.9951354,0.09304105,-0.9836643,0.01524258,-0.17936617
1355995758603,0.17719096,-0.09716916,-0.979368,-0.03205424,-0.995156,0.09293622,-0.9836544,0.014925439,-0.17944732
1355995758643,0.17731011,-0.0970603,-0.9793571,-0.0315615,-0.9951738,0.0929137,-0.9836488,0.01443544,-0.17951775
1355995758684,0.17738134,-0.097173825,-0.979333,-0.030874956,-0.9951729,0.09315332,-0.9836578,0.013713211,-0.17952535
1355995758723,0.1771915,-0.097866416,-0.97929835,-0.030115709,-0.9951168,0.09399818,-0.98371553,0.012836587,-0.17927355
1355995758762,0.17641377,-0.09951082,-0.97927314,-0.029421534,-0.9949652,0.09580518,-0.9838763,0.01191036,-0.17845333
1355995758805,0.1748668,-0.102416605,-0.97925097,-0.028972048,-0.9946798,0.09885666,-0.9841657,0.011084158,-0.1769037
1355995758844,0.17253596,-0.10657683,-0.9792205,-0.028834786,-0.99424964,0.10313198,-0.9845811,0.0104416385,-0.17461693
1355995758883,0.16955644,-0.11175285,-0.9791639,-0.028963983,-0.9936859,0.10839473,-0.9850948,0.009981465,-0.17172265
1355995758925,0.16586822,-0.117676646,-0.9791016,-0.029318329,-0.99300426,0.114380814,-0.985712,0.009733483,-0.16815794
1355995758964,0.16143799,-0.12410948,-0.97904783,-0.029927012,-0.9922202,0.12084454,-0.98642904,0.00979108,-0.16389626
1355995759003,0.15674031,-0.1304078,-0.97899246,-0.030737147,-0.99140835,0.12714052,-0.9871614,0.010163389,-0.15940201
1355995759045,0.15237963,-0.13589628,-0.9789344,-0.03157769,-0.9906652,0.13260941,-0.9878174,0.010705516,-0.1552485
1355995759083,0.14908409,-0.13993919,-0.9788723,-0.032127306,-0.9900981,0.13665098,-0.98830247,0.011076048,-0.15210375
1355995759123,0.14722508,-0.14229974,-0.97881335,-0.03218056,-0.9897622,0.13905115,-0.98857933,0.011026949,-0.1502971
1355995759163,0.14695191,-0.14290959,-0.97876555,-0.031753268,-0.9896796,0.1397357,-0.9886338,0.010544576,-0.14997315
1355995759203,0.14821535,-0.14187472,-0.9787256,-0.031085778,-0.98983556,0.13877766,-0.98846644,0.009855464,-0.15111911
1355995759243,0.1509304,-0.13927628,-0.9786839,-0.0304848,-0.9902101,0.13621528,-0.98807424,0.009275958,-0.15369862
1355995759284,0.15505916,-0.13511766,-0.9786214,-0.030127134,-0.9907886,0.13202403,-0.98744565,0.009011522,-0.15770155
1355995759323,0.16001594,-0.1298552,-0.97853595,-0.029962074,-0.9914917,0.12667492,-0.9866596,0.009048961,-0.1625452
1355995759374,0.16506058,-0.12426252,-0.9784242,-0.02989269,-0.992206,0.120969936,-0.9858303,0.009280354,-0.16748863
1355995759405,0.16922694,-0.11943211,-0.978314,-0.029857278,-0.99279624,0.11603544,-0.98512477,0.009573482,-0.17157379
1355995759445,0.17190331,-0.11652246,-0.97819823,-0.029947102,-0.9931391,0.113039464,-0.98465854,0.009862345,-0.17421341
1355995759485,0.17301434,-0.116480485,-0.9780073,-0.030384902,-0.99314076,0.11290763,-0.98445046,0.010182019,-0.17536685
1355995759525,0.17292029,-0.11998612,-0.9776001,-0.03140481,-0.99271905,0.116286784,-0.9844351,0.010592993,-0.1754294
1355995759565,0.17211795,-0.12728563,-0.9768182,-0.033172537,-0.9918033,0.123393185,-0.9845177,0.011165358,-0.17492953
1355995759605,0.17104053,-0.1381906,-0.9755248,-0.035718486,-0.9903339,0.13402584,-0.9846164,0.011920415,-0.1743232
1355995759645,0.17000437,-0.15198426,-0.97365254,-0.038942873,-0.9882994,0.14747098,-0.98467356,0.012846112,-0.17393392
1355995759675,0.16910464,-0.16770285,-0.97122574,-0.042521335,-0.98574144,0.1628057,-0.9846804,0.013766602,-0.1738244
1355995759715,0.16874158,-0.18230157,-0.968655,-0.046224892,-0.98312956,0.17697324,-0.98457587,0.014913231,-0.17432171
1355995759755,0.16889495,-0.19733882,-0.96567696,-0.050492592,-0.98019785,0.19147515,-0.9843399,0.016420357,-0.17551461
1355995759800,0.16986185,-0.21142945,-0.96251994,-0.05549542,-0.97721595,0.204864,-0.98390406,0.01861687,-0.17772508
1355995759835,0.17148417,-0.22408909,-0.959363,-0.060987778,-0.9743348,0.21668477,-0.98329735,0.021351412,-0.18074968
1355995759875,0.17431957,-0.23348793,-0.95660657,-0.06727281,-0.9720349,0.22499475,-0.98238844,0.025132634,-0.18515208
1355995759915,0.1784448,-0.23938829,-0.954385,-0.0744823,-0.9704562,0.22949319,-0.98112684,0.030132905,-0.19100305
1355995759955,0.18385494,-0.24162373,-0.9527935,-0.082369156,-0.96969485,0.23001558,-0.9794961,0.036191292,-0.19818553
1355995760019,0.19038486,-0.24034923,-0.9518329,-0.090089954,-0.96975297,0.22685453,-0.9775671,0.042560898,-0.20627934
1355995760044,0.19848704,-0.23536545,-0.95142317,-0.09652876,-0.97071236,0.21999934,-0.97533846,0.04817269,-0.21539336
1355995760080,0.20551574,-0.22805798,-0.95171046,-0.09909728,-0.9723201,0.21159723,-0.97362363,0.050825357,-0.22242701
1355995760111,0.21051997,-0.22080174,-0.95232767,-0.09819311,-0.9740084,0.20412213,-0.9726456,0.050540246,-0.22672942
1355995760154,0.21155119,-0.21615371,-0.95316505,-0.09118757,-0.975349,0.20094575,-0.97310376,0.044406503,-0.22604677
1355995760193,0.20808727,-0.21380216,-0.9544571,-0.078358255,-0.976325,0.20161727,-0.97496647,0.03283561,-0.21991396
1355995760233,0.1997447,-0.21469581,-0.9560375,-0.060526937,-0.9765401,0.20665416,-0.9779768,0.016587943,-0.20805359
1355995760273,0.18691027,-0.21900938,-0.9576531,-0.038849458,-0.9757179,0.21555823,-0.98160857,-0.00308574,-0.19088009
1355995760313,0.17072713,-0.22625512,-0.9589895,-0.014235057,-0.9737436,0.22720185,-0.98521554,-0.025138266,-0.16946521
1355995760372,0.15290767,-0.23535532,-0.9598058,0.012799852,-0.9706738,0.24005944,-0.9881576,-0.0489923,-0.14541095
1355995760395,0.1355133,-0.24479401,-0.96005833,0.04124123,-0.9667633,0.25232488,-0.9899168,-0.07378736,-0.120913684
1355995760435,0.11996716,-0.253443,-0.95988256,0.06946094,-0.96235317,0.26277664,-0.99034494,-0.09819893,-0.09784639
1355995760475,0.10699457,-0.260541,-0.9595158,0.09482547,-0.9579825,0.27069855,-0.9897274,-0.119949795,-0.077793
1355995760515,0.09705281,-0.26534155,-0.95925736,0.11405658,-0.95449257,0.27556324,-0.9887223,-0.13615379,-0.062372237
1355995760554,0.09094876,-0.26661125,-0.95950335,0.12402612,-0.9529626,0.27654988,-0.98810214,-0.14415534,-0.053604007
1355995760595,0.0897845,-0.26270035,-0.96069103,0.12340256,-0.95421976,0.27246377,-0.9882867,-0.14301476,-0.053256243
1355995760634,0.09416664,-0.25231597,-0.96305203,0.11412993,-0.95823705,0.262214,-0.9889929,-0.13460486,-0.06143716
1355995760674,0.10312873,-0.23560403,-0.9663618,0.10121314,-0.9640135,0.24583283,-0.9895051,-0.12316096,-0.07557127
1355995760715,0.114205,-0.21453612,-0.97001624,0.089524165,-0.9702097,0.22511904,-0.9894153,-0.11254962,-0.09159663
1355995760744,0.12377453,-0.19285753,-0.9733888,0.08120548,-0.97567314,0.20363608,-0.9889821,-0.104249455,-0.10510239
1355995760775,0.13104165,-0.17409849,-0.97597015,0.0751517,-0.9798822,0.18488681,-0.9885243,-0.097573675,-0.11532158
1355995760815,0.1343162,-0.16020338,-0.9779029,0.069707334,-0.98287296,0.170592,-0.98848367,-0.09108026,-0.12084842
1355995760855,0.13356197,-0.15219794,-0.9792839,0.06407301,-0.9847437,0.16178524,-0.98896706,-0.08435403,-0.12177253
1355995760894,0.13028055,-0.15116745,-0.9798854,0.057669424,-0.98547995,0.15969798,-0.9897986,-0.07731497,-0.119671136
1355995760935,0.12631029,-0.15750076,-0.97940767,0.04954895,-0.98508114,0.16480327,-0.9907526,-0.06934497,-0.11662188
1355995760975,0.12296295,-0.17099038,-0.97756964,0.038255863,-0.98349607,0.17683898,-0.99167365,-0.059142407,-0.11439219
1355995761015,0.1214295,-0.1904235,-0.97416306,0.022881255,-0.9806278,0.19453934,-0.9923363,-0.04591289,-0.11472002
1355995761055,0.12341064,-0.2130687,-0.9692118,0.003876552,-0.97656685,0.21517922,-0.9923481,-0.030312613,-0.11969277
1355995761094,0.1317485,-0.23448417,-0.9631508,-0.017286032,-0.972016,0.2342779,-0.99113244,-0.014216706,-0.13211495
1355995761135,0.15155673,-0.24804533,-0.9568198,-0.038059033,-0.96874815,0.2451092,-0.9877156,-7.323101E-4,-0.15626067
1355995761175,0.1911766,-0.24382441,-0.95078975,-0.052978203,-0.9698072,0.23804893,-0.9801249,0.004861757,-0.19832182
1355995761214,0.25729793,-0.21118727,-0.94297284,-0.05150365,-0.97743684,0.20485261,-0.9649586,-0.0041416213,-0.2623694
1355995761255,0.34388566,-0.14725867,-0.92739284,-0.022037357,-0.98862034,0.1488092,-0.9387529,-0.030736059,-0.34321755
1355995761294,0.42867476,-0.06556947,-0.9010764,0.034296542,-0.99546295,0.0887539,-0.90280765,-0.06895036,-0.42448103
1355995761335,0.48858148,0.009632878,-0.87246513,0.09720977,-0.9943146,0.04345937,-0.8670862,-0.106045574,-0.4867401
1355995761374,0.51484644,0.0599495,-0.8551838,0.14407182,-0.9894147,0.017376326,-0.8450896,-0.13215402,-0.5180336
1355995761412,0.5137539,0.08526455,-0.85369015,0.16811539,-0.98576355,0.002716735,-0.841305,-0.1449142,-0.5207741
1355995761453,0.49049962,0.08522338,-0.8672641,0.16815534,-0.9857589,-0.0017636716,-0.8550636,-0.14497001,-0.49784514
1355995761493,0.45067096,0.066698804,-0.8901949,0.15023364,-0.98864853,0.0019818917,-0.8799577,-0.13463041,-0.4555756
1355995761533,0.39878082,0.035586152,-0.91635555,0.121887565,-0.99243796,0.0145024285,-0.90891,-0.11747564,-0.40010273
1355995761573,0.33878863,-0.0028866343,-0.94085807,0.09129037,-0.9951761,0.03592555,-0.9364231,-0.09806244,-0.33689082
1355995761613,0.2757061,-0.042456355,-0.9603039,0.06570035,-0.9958555,0.06289091,-0.95899403,-0.08043171,-0.27177405
1355995761653,0.21558219,-0.07625299,-0.9735038,0.04877474,-0.99486107,0.08872702,-0.9752668,-0.06661036,-0.21075511
1355995761693,0.16502142,-0.09709352,-0.9814993,0.04073104,-0.99362284,0.10514103,-0.9854486,-0.057328004,-0.16001433
1355995761733,0.12940806,-0.09937903,-0.98659885,0.040304065,-0.99361575,0.10537235,-0.990772,-0.053399973,-0.12457651
1355995761774,0.11092019,-0.08128055,-0.9905,0.04680372,-0.99511695,0.08690069,-0.99272656,-0.055998124,-0.10657433
1355995761813,0.107058346,-0.046145793,-0.99318135,0.059973616,-0.9968037,0.052778855,-0.99244237,-0.06521509,-0.10394862
1355995761853,0.11199552,-0.0021065027,-0.9937065,0.078193516,-0.9968783,0.010926016,-0.99062747,-0.078925066,-0.11148119
1355995761893,0.11928725,0.0413005,-0.9920004,0.09661469,-0.99487555,-0.029802363,-0.9881478,-0.092286766,-0.12266621
1355995761933,0.125005,0.076538876,-0.98919946,0.10897578,-0.9920468,-0.06298792,-0.9861532,-0.09992498,-0.1323517
1355995761973,0.12877697,0.09973335,-0.9866457,0.11161108,-0.99006605,-0.085511625,-0.9853728,-0.099108666,-0.13862905
1355995762013,0.13141948,0.10891533,-0.9853255,0.10450566,-0.9899298,-0.09548566,-0.98580295,-0.09042342,-0.14147833
1355995762054,0.1331541,0.1028734,-0.9857419,0.088686734,-0.9918452,-0.09153053,-0.9871194,-0.07523456,-0.14119175
1355995762093,0.1334852,0.080609836,-0.98776704,0.06476373,-0.99526566,-0.07246972,-0.98893243,-0.054297846,-0.13807383
1355995762133,0.13202763,0.04214541,-0.99034965,0.033616826,-0.99871135,-0.038019653,-0.9906758,-0.028272767,-0.13327429
1355995762173,0.1307258,-0.009563679,-0.9913724,-0.0020694737,-0.9999539,0.009373576,-0.9914164,8.2625076E-4,-0.13073957
1355995762213,0.13711447,-0.06425212,-0.9884692,-0.036258332,-0.9975509,0.05981292,-0.98989135,0.027639033,-0.13910833
1355995762253,0.16549343,-0.10041591,-0.98108536,-0.05920332,-0.9940203,0.09175316,-0.9844323,0.04289896,-0.17044878
1355995762293,0.22902042,-0.0905076,-0.9692048,-0.05690821,-0.99521,0.07948879,-0.9717567,0.036951162,-0.23307404
1355995762333,0.32007313,-0.024443446,-0.94707745,-0.014732314,-0.9996747,0.02082203,-0.9472783,0.0072880723,-0.3203291
1355995762374,0.40568608,0.06879115,-0.9114201,0.06088829,-0.9969827,-0.048146904,-0.9119822,-0.035962284,-0.40865058
1355995762414,0.45668828,0.16793644,-0.87363213,0.14562547,-0.9828868,-0.11281301,-0.87762696,-0.07570271,-0.4733287
1355995762455,0.48099044,0.18877125,-0.8561621,0.18234855,-0.9767293,-0.11291143,-0.857553,-0.10181059,-0.50421965
1355995762495,0.48230425,0.16962075,-0.85942507,0.18318865,-0.9789126,-0.09039907,-0.8566356,-0.11383706,-0.5032063
1355995762535,0.4655323,0.10845387,-0.8783606,0.15318626,-0.98735785,-0.04072316,-0.87167287,-0.115594834,-0.47626063
1355995762575,0.43177658,0.011279497,-0.90191007,0.105146706,-0.9937339,0.037909623,-0.895831,-0.11120136,-0.43025702
1355995762615,0.3825782,-0.105982006,-0.91782445,0.056121442,-0.9888992,0.13758224,-0.9222171,-0.10414559,-0.3723834
1355995762654,0.3236313,-0.22073358,-0.9200758,0.020984598,-0.970494,0.24021053,-0.9459505,-0.09704706,-0.3094502
1355995762694,0.26445472,-0.3116213,-0.9126642,0.0061679333,-0.94579035,0.32471922,-0.96437836,-0.09150279,-0.24819666
1355995762734,0.21363884,-0.36686552,-0.90541047,0.008228049,-0.92609936,0.37719,-0.9768781,-0.0880322,-0.1948322
1355995762774,0.17544007,-0.38432795,-0.90637344,0.019275725,-0.9191352,0.39347035,-0.9843014,-0.08650148,-0.15384495
1355995762815,0.1505844,-0.3664024,-0.9181904,0.03316492,-0.92638606,0.37511194,-0.98804075,-0.08693771,-0.12734759
1355995762855,0.13795,-0.31691507,-0.9383681,0.04793346,-0.94417983,0.3259246,-0.9892787,-0.089940526,-0.11505878
1355995762895,0.13443315,-0.24375308,-0.96047497,0.06429156,-0.9650857,0.2539218,-0.98883486,-0.09588595,-0.11406824
1355995762935,0.13467991,-0.16105492,-0.977713,0.08179127,-0.9815286,0.17295021,-0.9875077,-0.10326132,-0.1190193
1355995762975,0.13365626,-0.08481859,-0.9873914,0.096266985,-0.9905078,0.09811728,-0.98634106,-0.10816719,-0.12422234
1355995763040,0.12978947,-0.025053192,-0.991225,0.10215713,-0.99402297,0.038500205,-0.98626494,-0.10625762,-0.12645435
1355995763063,0.1235494,0.013467535,-0.992247,0.09177341,-0.9957777,-0.0020883083,-0.9880856,-0.090803884,-0.124263704
1355995763101,0.118599415,0.02924751,-0.9925114,0.07266938,-0.99714124,-0.020700369,-0.99027944,-0.069670126,-0.120385766
1355995763131,0.114946425,0.025830623,-0.99303573,0.05004618,-0.99854296,-0.020180903,-0.9921102,-0.04737792,-0.11607167
1355995763174,0.11066228,0.00833652,-0.9938232,0.019026002,-0.9997993,-0.006268104,-0.99367595,-0.018214837,-0.11079869
1355995763213,0.10675442,-0.032916546,-0.9937404,-0.018742466,-0.9993409,0.031088613,-0.99410874,0.0153063005,-0.107301
1355995763253,0.10682851,-0.08748981,-0.99042076,-0.05882704,-0.99493223,0.081543155,-0.99253565,0.04955239,-0.11143389
1355995763294,0.12160045,-0.13553566,-0.98328197,-0.09366338,-0.9877798,0.124572486,-0.98815,0.07694945,-0.13280919
1355995763333,0.16810799,-0.14414203,-0.9751732,-0.11070156,-0.9857545,0.12662247,-0.9795329,0.08666695,-0.18166995
1355995763376,0.25667787,-0.0815938,-0.9630467,-0.08781387,-0.99427754,0.06083506,-0.96249944,0.06895384,-0.2623741
1355995763415,0.35641837,0.025539245,-0.93397737,-0.018933669,-0.99922365,-0.034548726,-0.9341346,0.02999742,-0.3556581
1355995763455,0.4323336,0.12638775,-0.8928123,0.07016336,-0.99184155,-0.106430694,-0.89897984,-0.016629152,-0.4376742
1355995763495,0.47343183,0.17869653,-0.86251366,0.13453479,-0.9823859,-0.12968594,-0.8704957,-0.05464066,-0.48913363
1355995763535,0.4885799,0.17570062,-0.8546455,0.1553395,-0.9813825,-0.11295181,-0.85857975,-0.077574216,-0.50677705
1355995763575,0.4851799,0.12277928,-0.8657515,0.13594595,-0.9886455,-0.06402177,-0.8637819,-0.08663333,-0.49636227
1355995763615,0.46473682,0.027239433,-0.8850298,0.088709116,-0.9959302,0.015929207,-0.88099396,-0.0859131,-0.46526182
1355995763655,0.42650986,-0.09839222,-0.89911526,0.030963674,-0.99189454,0.12323338,-0.9039528,-0.080400154,-0.42000622
1355995763695,0.37366843,-0.23124564,-0.89827466,-0.017548546,-0.9700142,0.24241385,-0.9273963,-0.074818976,-0.36652172
1355995763734,0.31544298,-0.34544644,-0.88383394,-0.043614537,-0.93567985,0.35014424,-0.9479417,-0.07190254,-0.31022012
1355995763774,0.26137757,-0.42647702,-0.86590946,-0.047147334,-0.9016656,0.42985606,-0.9640845,-0.0715294,-0.25578243
1355995763815,0.2162832,-0.4729032,-0.854157,-0.036459684,-0.8781663,0.4769639,-0.9756497,-0.072017044,-0.20717451
1355995763856,0.18173808,-0.487652,-0.8539127,-0.019400373,-0.8699828,0.49270034,-0.9831556,-0.07297619,-0.16756964
1355995763895,0.15848094,-0.47211468,-0.86717445,7.094443E-4,-0.87821937,0.4782575,-0.9873617,-0.076409906,-0.1388461
1355995763935,0.14591897,-0.43182725,-0.8900747,0.02374728,-0.89791644,0.4395249,-0.98901147,-0.08527188,-0.12076831
1355995763975,0.13981688,-0.37373102,-0.91693854,0.0493412,-0.92225456,0.3834214,-0.9889473,-0.09885165,-0.110506415
1355995764015,0.13435328,-0.3107919,-0.9409344,0.07224731,-0.9439442,0.322102,-0.9882963,-0.111255445,-0.10436812
1355995764054,0.12625438,-0.25404742,-0.95891595,0.08409821,-0.9604301,0.26552126,-0.9884267,-0.11416633,-0.09989357
1355995764095,0.11617643,-0.20908955,-0.970971,0.07907462,-0.97254044,0.21888879,-0.99007595,-0.10220889,-0.096452594
1355995764136,0.10638505,-0.17829001,-0.9782101,0.057437893,-0.9810484,0.18505399,-0.9926647,-0.0758733,-0.09412828
1355995764175,0.097815156,-0.16449463,-0.981516,0.024099119,-0.98556477,0.16757481,-0.99491274,-0.040045023,-0.092438996
1355995764215,0.08872622,-0.17191257,-0.9811084,-0.016425729,-0.9851118,0.17112859,-0.99592066,9.318292E-4,-0.090229034
1355995764255,0.076392055,-0.20441744,-0.9758984,-0.060675927,-0.97789764,0.20008656,-0.99522996,0.04392851,-0.087106824
1355995764295,0.06144917,-0.25954616,-0.9637737,-0.105253026,-0.9618997,0.25233066,-0.9925451,0.085934594,-0.08642596
1355995764334,0.054401457,-0.32197815,-0.94518286,-0.14588973,-0.9389897,0.31147152,-0.987804,0.12094797,-0.09805572
1355995764375,0.08059335,-0.35998422,-0.92947084,-0.17854421,-0.92263573,0.34185565,-0.9806257,0.13840035,-0.1386314
1355995764414,0.16121507,-0.34675825,-0.9239959,-0.19514896,-0.92895734,0.31457138,-0.96743304,0.12960319,-0.21743143
1355995764455,0.2987048,-0.26240954,-0.9175602,-0.16930497,-0.960775,0.21965241,-0.9392078,0.089736275,-0.33141536
1355995764495,0.43978214,-0.14954236,-0.8855669,-0.093779705,-0.98829603,0.120317824,-0.89319485,0.030134581,-0.44865897
1355995764535,0.53420055,-0.07610408,-0.84192514,-0.01692473,-0.9967027,0.07935616,-0.8451884,-0.028142745,-0.5337271
1355995764575,0.5788799,-0.069079705,-0.81248146,0.017558495,-0.99511796,0.09711817,-0.81522375,-0.07048571,-0.5748409
1355995764615,0.58630973,-0.11851759,-0.80137044,0.0066160522,-0.9885064,0.15103434,-0.81005996,-0.0938548,-0.57878673
1355995764655,0.5639268,-0.20422447,-0.80017436,-0.032446988,-0.9736707,0.2256379,-0.8251871,-0.10127999,-0.5557054
1355995764694,0.5172763,-0.30406782,-0.79998004,-0.07790896,-0.9476038,0.30980194,-0.8522649,-0.097927585,-0.51386255
1355995764734,0.45442104,-0.39850596,-0.7966771,-0.111873716,-0.9128021,0.39278057,-0.883734,-0.089360505,-0.45937884
1355995764774,0.38572252,-0.47452405,-0.7912301,-0.12509719,-0.87657464,0.46472317,-0.91409457,-0.080273524,-0.3974762
1355995764815,0.32072467,-0.5268012,-0.787157,-0.11803177,-0.8468109,0.51863265,-0.9397895,-0.073428735,-0.33377242
1355995764854,0.26539975,-0.5561786,-0.78754574,-0.09762947,-0.82814324,0.5519486,-0.9591827,-0.069599345,-0.27408844
1355995764895,0.22262436,-0.56591237,-0.79383975,-0.07200825,-0.82159543,0.56550485,-0.97224134,-0.06873216,-0.22365752
1355995764935,0.19375652,-0.55923605,-0.80604804,-0.046826035,-0.8259533,0.56179035,-0.9799315,-0.07110652,-0.18622065
1355995764975,0.17848831,-0.5396008,-0.8227836,-0.024009109,-0.83835095,0.54460186,-0.983649,-0.07745075,-0.16259119
1355995765015,0.17334855,-0.5117861,-0.84144235,-0.0032247603,-0.85466754,0.5191657,-0.9848553,-0.08728315,-0.14980578
1355995765055,0.1717847,-0.48218304,-0.85906315,0.014711663,-0.87067336,0.4916416,-0.9850247,-0.097094744,-0.14247465
1355995765095,0.16738892,-0.4566499,-0.8737573,0.026572332,-0.88385,0.46701518,-0.9855328,-0.10139093,-0.13581243
1355995765134,0.15747803,-0.4379059,-0.885121,0.029460698,-0.8938224,0.44745243,-0.98708296,-0.09654023,-0.12785637
1355995765174,0.14319718,-0.42538482,-0.8936119,0.023479238,-0.901203,0.4327608,-0.98941565,-0.08295146,-0.11906201
1355995765215,0.1264106,-0.4175754,-0.89980614,0.010625601,-0.90646076,0.42215636,-0.99192107,-0.062926024,-0.110149264
1355995765255,0.10767496,-0.41330352,-0.9042048,-0.0073348284,-0.9097979,0.41498664,-0.99415904,-0.038051486,-0.10099396
1355995765295,0.087149024,-0.41132042,-0.90731496,-0.029637665,-0.91144764,0.41034716,-0.9957543,-0.008870661,-0.09162235
1355995765334,0.06797671,-0.4090592,-0.90997237,-0.05581644,-0.91221285,0.40589675,-0.9961243,0.023199886,-0.08484146
1355995765372,0.06039411,-0.40140635,-0.91390675,-0.0850369,-0.9143185,0.39596766,-0.99454576,0.05380167,-0.0893538
1355995765414,0.08210313,-0.37981313,-0.9214125,-0.11325303,-0.9221008,0.37000534,-0.99016804,0.07397416,-0.11872235
1355995765453,0.15300512,-0.332039,-0.93077356,-0.12990244,-0.94044864,0.31413645,-0.9796503,0.07284529,-0.18702614
1355995765493,0.27598357,-0.24689715,-0.9289106,-0.113548115,-0.96805245,0.22356507,-0.9544318,0.043775767,-0.29520127
1355995765533,0.41503197,-0.1326474,-0.90008503,-0.049382076,-0.9911405,0.123296194,-0.9084657,-0.006723799,-0.4179054
1355995765573,0.520378,-0.020838771,-0.8536818,0.040414218,-0.99798095,0.048996434,-0.8529792,-0.059997544,-0.51848507
1355995765613,0.5742981,0.06371133,-0.8161633,0.117719695,-0.99303263,0.0053160563,-0.8101381,-0.0991315,-0.5777968
1355995765653,0.5865055,0.117041185,-0.8014441,0.1651354,-0.9859993,-0.023145344,-0.79293233,-0.11877191,-0.5976217
1355995765693,0.57052374,0.14434706,-0.8084965,0.18316121,-0.9820026,-0.046074864,-0.80059636,-0.12179838,-0.5866946
1355995765733,0.53585064,0.15086646,-0.83072466,0.17777847,-0.9820088,-0.063666694,-0.8253841,-0.1135691,-0.5530309
1355995765773,0.48884228,0.14035761,-0.8610069,0.15630335,-0.98509276,-0.07184332,-0.85825545,-0.09945821,-0.50349337
1355995765813,0.43327093,0.11509318,-0.8938847,0.12604585,-0.9898032,-0.06634814,-0.89240617,-0.08392375,-0.44335997
1355995765853,0.37231797,0.078120954,-0.9248116,0.094201796,-0.99448603,-0.046082005,-0.9233122,-0.06996175,-0.37762415
1355995765893,0.30995655,0.034449726,-0.9501264,0.066669784,-0.9976708,-0.014424132,-0.9484103,-0.05887387,-0.31153136
1355995765933,0.25183284,-0.008716894,-0.9677315,0.047296256,-0.9986537,0.021303337,-0.96661437,-0.051134955,-0.25108153
1355995765973,0.2040075,-0.044207547,-0.97797066,0.03816312,-0.9978614,0.053067617,-0.9782252,-0.04814861,-0.20188412
1355995766013,0.17067802,-0.067689694,-0.982999,0.040152445,-0.99633104,0.07557941,-0.98450834,-0.05236956,-0.1673339
1355995766054,0.15219289,-0.07926694,-0.985167,0.052363776,-0.9947321,0.08812593,-0.9869627,-0.06499921,-0.14724043
1355995766100,0.14643085,-0.08204056,-0.985813,0.07396644,-0.9928572,0.093613625,-0.98645175,-0.08662501,-0.13931668
1355995766131,0.14288568,-0.0856659,-0.98602486,0.08972682,-0.9910236,0.09910258,-0.98566365,-0.102633215,-0.13391656
1355995766174,0.13797379,-0.09159993,-0.98619103,0.09376936,-0.9900335,0.1050757,-0.98598707,-0.10697219,-0.12800941
1355995766213,0.13163698,-0.10327665,-0.98590344,0.08408461,-0.98981047,0.11491283,-0.98772544,-0.09802609,-0.121611685
1355995766253,0.12437731,-0.120684825,-0.9848682,0.063092925,-0.989605,0.12923317,-0.99022704,-0.07821189,-0.11547005
1355995766293,0.115606844,-0.14458606,-0.9827156,0.0349345,-0.98814523,0.14949462,-0.99268055,-0.05161327,-0.10918531
1355995766333,0.103444695,-0.17579657,-0.97897637,0.0022237226,-0.9842134,0.17697194,-0.9946327,-0.020483784,-0.10142073
1355995766375,0.08682114,-0.21418566,-0.97292686,-0.034250543,-0.976679,0.21195526,-0.99563503,0.014921084,-0.09213236
1355995766414,0.07004237,-0.256704,-0.9639487,-0.07229606,-0.9650872,0.251754,-0.99492073,0.052056246,-0.08615568
1355995766455,0.066404045,-0.2937081,-0.9535859,-0.109191254,-0.9520946,0.2856451,-0.99180025,0.085155256,-0.09529328
1355995766495,0.0978784,-0.3106262,-0.9454793,-0.14006399,-0.9448846,0.29593104,-0.9852928,0.10346235,-0.13599133
1355995766535,0.18433005,-0.2886628,-0.93951917,-0.15363596,-0.9526109,0.2625424,-0.9707824,0.09594947,-0.21994379
1355995766575,0.31788552,-0.21806481,-0.9227115,-0.1287969,-0.97410244,0.18583795,-0.93934023,0.059767194,-0.33773914
1355995766614,0.44961774,-0.120123625,-0.88510686,-0.060854673,-0.99273294,0.10381722,-0.89114565,0.007184826,-0.45366043
1355995766655,0.5346732,-0.036429923,-0.8442733,0.015953645,-0.9984572,0.053186215,-0.84490836,-0.041906483,-0.5332671
1355995766695,0.56866276,0.0106387045,-0.822502,0.068137094,-0.9970892,0.03421182,-0.8197439,-0.07549789,-0.5677324
1355995766734,0.5653273,0.021475919,-0.82458705,0.08819778,-0.99550396,0.034540012,-0.8201379,-0.09225316,-0.5646797
1355995766774,0.5361824,0.0037633143,-0.8440937,0.08277351,-0.99540496,0.048141196,-0.8400339,-0.09568106,-0.5340302
1355995766814,0.4884801,-0.03439839,-0.8718968,0.062135145,-0.99531484,0.07407874,-0.87035996,-0.09036142,-0.48405412
1355995766855,0.42796308,-0.08502319,-0.8997881,0.03651297,-0.993126,0.11120945,-0.90305835,-0.08044748,-0.4219168
1355995766895,0.3607304,-0.13976744,-0.9221381,0.014082082,-0.9877787,0.15522528,-0.9325638,-0.06898011,-0.3543536
1355995766935,0.2932378,-0.19058251,-0.9368511,-7.42957E-4,-0.9799743,0.19912247,-0.95603925,-0.05769418,-0.28750712
1355995766975,0.2315796,-0.23058343,-0.94509375,-0.007348381,-0.97189003,0.23532057,-0.9727882,-0.04755053,-0.22676432
1355995767015,0.18069077,-0.25485775,-0.94994646,-0.006955169,-0.9661513,0.25788233,-0.9835153,-0.03998991,-0.1763472
1355995767054,0.14422882,-0.2605506,-0.9546263,-7.4237585E-5,-0.9647159,0.26329315,-0.9895444,-0.037903592,-0.13915917
1355995767094,0.12356293,-0.24762648,-0.96094394,0.013994604,-0.96783364,0.2512014,-0.99223804,-0.044487208,-0.11612293
1355995767135,0.116116464,-0.22014095,-0.9685323,0.034937337,-0.97361976,0.2254859,-0.99262094,-0.06002058,-0.10536215
1355995767175,0.11588818,-0.18571024,-0.97574675,0.058230847,-0.9794057,0.19332264,-0.9915539,-0.079222366,-0.10268748
1355995767214,0.116856575,-0.15270194,-0.98133916,0.075321384,-0.9839004,0.16206968,-0.99028844,-0.092854746,-0.103473514
1355995767255,0.116122544,-0.12715878,-0.9850616,0.07861406,-0.98748285,0.13673864,-0.9901189,-0.093318135,-0.10467255
1355995767295,0.113921046,-0.11234801,-0.98711693,0.066472955,-0.99049693,0.1204042,-0.9912635,-0.07933316,-0.10537034
1355995767334,0.11072838,-0.11055814,-0.9876822,0.04230124,-0.99236846,0.11582506,-0.9929501,-0.0546053,-0.10520661
1355995767372,0.10507846,-0.124491096,-0.98664105,0.009569913,-0.991961,0.12618156,-0.9944179,-0.022701036,-0.103042364
1355995767413,0.09480274,-0.1571046,-0.9830212,-0.028413102,-0.9874934,0.15507917,-0.99509054,0.013228759,-0.0980809
1355995767453,0.07921034,-0.20776793,-0.9749657,-0.06953456,-0.97680813,0.20251128,-0.9944298,0.051752836,-0.09182036
1355995767493,0.06349856,-0.27136073,-0.96038085,-0.11057917,-0.95831037,0.26346442,-0.99183685,0.08946849,-0.09085816
1355995767533,0.06264454,-0.33264813,-0.9409681,-0.14783946,-0.9355114,0.32087678,-0.98702544,0.119011,-0.1077832
1355995767573,0.10027778,-0.36531246,-0.9254681,-0.17798038,-0.92173976,0.34455594,-0.9789113,0.13016388,-0.15744847
1355995767613,0.19460887,-0.34071347,-0.9198053,-0.18919048,-0.933164,0.3056336,-0.96246266,0.11453941,-0.24606174
1355995767653,0.32991648,-0.25104874,-0.91001624,-0.15614043,-0.9652242,0.20967212,-0.9310077,0.07291606,-0.35764223
1355995767693,0.44898653,-0.14264302,-0.8820795,-0.08296214,-0.9895662,0.11779645,-0.88967884,0.020290181,-0.45613587
1355995767733,0.5152394,-0.07989075,-0.8533146,-0.020016784,-0.996496,0.081209645,-0.85681254,-0.024761802,-0.51503325
1355995767773,0.5344274,-0.087095216,-0.84071505,-0.0016576536,-0.9947828,0.10200236,-0.8452128,-0.053119235,-0.5317835
1355995767813,0.51890874,-0.15809405,-0.8400833,-0.026835151,-0.9852777,0.16884224,-0.8544083,-0.06506996,-0.5155117
1355995767853,0.4745354,-0.27484566,-0.83622724,-0.07642885,-0.9592804,0.27191874,-0.87691206,-0.06512318,-0.47621864
1355995767893,0.40777493,-0.40977588,-0.81596774,-0.1249322,-0.9102756,0.3947028,-0.9044952,-0.05900924,-0.42238176
1355995767933,0.33210248,-0.5323997,-0.778626,-0.15199278,-0.8448953,0.5128841,-0.93091685,-0.051984563,-0.36151275
1355995767973,0.2629313,-0.62426984,-0.7356319,-0.15226352,-0.77975327,0.6072896,-0.9527239,-0.047665536,-0.30007505
1355995768013,0.208852,-0.6834488,-0.6994845,-0.13297004,-0.7284612,0.672059,-0.9688652,-0.047350347,-0.24301878
1355995768053,0.17042345,-0.7164671,-0.6764841,-0.10463077,-0.69580394,0.7105696,-0.9798001,-0.05031672,-0.19354579
1355995768093,0.14547491,-0.72961926,-0.6682011,-0.07516801,-0.68158466,0.7278681,-0.9865023,-0.055659175,-0.15399745
1355995768133,0.13281345,-0.72611296,-0.67462623,-0.048782915,-0.68462014,0.7272657,-0.9899398,-0.06368041,-0.12634863
1355995768173,0.13121432,-0.7079078,-0.6940095,-0.026945382,-0.7023503,0.71132123,-0.9909877,-0.07463518,-0.11123322
1355995768214,0.13670886,-0.6790733,-0.7212282,-0.010431409,-0.7290102,0.6844232,-0.9905563,-0.08604327,-0.10674582
1355995768253,0.14257854,-0.6476768,-0.74845576,-0.0011715293,-0.7562912,0.65423405,-0.9897828,-0.092402935,-0.10858965
1355995768293,0.14311612,-0.6232301,-0.7688316,-0.0015886128,-0.77697206,0.6295331,-0.9897046,-0.088874936,-0.11218729
1355995768333,0.13645142,-0.6122378,-0.77881056,-0.011782527,-0.7871111,0.6166987,-0.9905767,-0.07497305,-0.11461615
1355995768375,0.12268883,-0.6177397,-0.77675295,-0.029314786,-0.78458005,0.6193342,-0.99201214,-0.053215057,-0.1143681
1355995768414,0.102645576,-0.6395842,-0.76183724,-0.049746662,-0.76822495,0.6382442,-0.9934733,-0.027614117,-0.11067206
1355995768455,0.074780345,-0.6753222,-0.73372185,-0.070435435,-0.73752135,0.6716405,-0.9947094,0.001454562,-0.10271868
1355995768495,0.039832234,-0.7191411,-0.69372153,-0.08945617,-0.69405115,0.7143464,-0.99519396,0.03360364,-0.09197725
1355995768535,0.0042333603,-0.7602865,-0.64957416,-0.10778272,-0.64614266,0.75556767,-0.99416554,0.06681427,-0.08468111
1355995768575,-0.017728448,-0.7879645,-0.6154653,-0.1325745,-0.60827416,0.7825768,-0.9910145,0.09546891,-0.09368017
1355995768614,-0.005205989,-0.7946274,-0.6070751,-0.17475387,-0.5970185,0.7829624,-0.9845984,0.11016488,-0.13575616
1355995768655,0.06432861,-0.7724276,-0.63183653,-0.23491877,-0.6270761,0.74269027,-0.96988404,0.100654006,-0.22179675
1355995768694,0.19723338,-0.7103003,-0.6757015,-0.28488332,-0.701024,0.65376365,-0.93805146,0.06355208,-0.340618
1355995768735,0.35523304,-0.61285865,-0.7058426,-0.2869226,-0.7901279,0.54163957,-0.8896544,0.010113955,-0.45652252
1355995768774,0.47514287,-0.5198424,-0.70993185,-0.25076774,-0.85336554,0.4570369,-0.8434186,-0.03912984,-0.5358302
1355995768814,0.5326891,-0.46539426,-0.7068596,-0.21504234,-0.8822439,0.4188109,-0.81853473,-0.07109125,-0.5700412
1355995768855,0.53900695,-0.44961333,-0.7122636,-0.1952436,-0.8892771,0.4136014,-0.8193604,-0.083869115,-0.56711066
1355995768895,0.51018816,-0.45786363,-0.72805834,-0.18687071,-0.88530755,0.42580497,-0.83951616,-0.08118789,-0.5372347
1355995768935,0.45931616,-0.4761346,-0.749883,-0.18115069,-0.8766717,0.44568056,-0.8696051,-0.06886645,-0.48892158
1355995768975,0.39687175,-0.4954881,-0.7726476,-0.1715862,-0.86699003,0.467853,-0.90169346,-0.053101942,-0.42910278
1355995769015,0.331505,-0.5113158,-0.7928812,-0.1554071,-0.85851765,0.48866767,-0.930566,-0.038776413,-0.364065
1355995769053,0.27037305,-0.52135456,-0.809375,-0.13349275,-0.85286635,0.5047759,-0.95345587,-0.028432086,-0.30018914
1355995769094,0.2188412,-0.5243325,-0.82291186,-0.10875003,-0.8512064,0.51344043,-0.9696814,-0.022870243,-0.2433002
1355995769131,0.18075866,-0.51889694,-0.8355072,-0.08345963,-0.8545291,0.5126544,-0.97998005,-0.022935584,-0.19777048
1355995769174,0.15832454,-0.5039616,-0.84909123,-0.057339594,-0.863179,0.50163144,-0.9857208,-0.030734017,-0.16555938
1355995769213,0.1501978,-0.4797172,-0.86447215,-0.029658154,-0.876184,0.48106343,-0.98821104,-0.046616033,-0.14582843
1355995769253,0.15100318,-0.44957066,-0.88038874,-0.001911521,-0.8907321,0.45452467,-0.9885315,-0.06695178,-0.13536274
1355995769293,0.15264463,-0.41922796,-0.8949567,0.02042298,-0.9040375,0.42696503,-0.98807013,-0.0834516,-0.12943459
1355995769333,0.1495679,-0.3942089,-0.9067683,0.031218067,-0.9147442,0.40282562,-0.9882585,-0.08855733,-0.12450993
1355995769377,0.14062655,-0.37750742,-0.9152663,0.02727133,-0.92262506,0.38473272,-0.9896871,-0.079064175,-0.11945045
1355995769415,0.12898397,-0.36917764,-0.92036456,0.01323317,-0.92739403,0.37385184,-0.9915584,-0.060400233,-0.11473358
1355995769455,0.11475271,-0.37006646,-0.9218908,-0.00860168,-0.9283566,0.37159127,-0.9933569,-0.034711286,-0.10971463
1355995769495,0.09722996,-0.38167733,-0.91916746,-0.035212502,-0.9242842,0.38007724,-0.99463886,-0.0045887083,-0.10330793
1355995769535,0.07586223,-0.40392652,-0.9116404,-0.06520191,-0.91432786,0.39969146,-0.99498415,0.029119208,-0.09569973
1355995769575,0.054265857,-0.43356743,-0.89948565,-0.098118156,-0.89876884,0.42730245,-0.9936941,0.06506795,-0.091313295
1355995769614,0.044193447,-0.46208054,-0.88573617,-0.13332365,-0.88139963,0.4531661,-0.99008673,0.098062605,-0.10055834
1355995769655,0.06587833,-0.47501174,-0.8775101,-0.16824386,-0.87211746,0.45946187,-0.9835416,0.1173671,-0.13737145
1355995769694,0.13888639,-0.45403525,-0.8800924,-0.1927987,-0.8840975,0.42567617,-0.9713595,0.110560015,-0.21032652
1355995769735,0.2607922,-0.3857782,-0.88496476,-0.18458681,-0.9197004,0.34652403,-0.94758385,0.07298204,-0.31106025
1355995769774,0.3894521,-0.28516737,-0.8757891,-0.13189778,-0.9583299,0.25339037,-0.91155356,0.016831204,-0.41083655
1355995769813,0.47839028,-0.19422317,-0.8563995,-0.06232906,-0.98028475,0.18750173,-0.8759325,-0.036320433,-0.48106444
1355995769853,0.5172653,-0.14216161,-0.8439352,-0.011738934,-0.9871929,0.15909845,-0.85574454,-0.072389215,-0.5123095
1355995769893,0.51746416,-0.13248383,-0.84538686,0.0079673715,-0.9871533,0.15957744,-0.8556678,-0.08931112,-0.5097609
1355995769933,0.49108416,-0.1569094,-0.856864,0.0024593845,-0.98339003,0.18148844,-0.87110865,-0.09123345,-0.48254135
1355995769973,0.44647127,-0.20498976,-0.8710009,-0.016817369,-0.97515553,0.220882,-0.89463985,-0.083969526,-0.43882632
1355995770013,0.39046496,-0.26577157,-0.8814208,-0.038095593,-0.9612676,0.27297133,-0.9198293,-0.073007494,-0.38546604
1355995770053,0.32980436,-0.3286102,-0.885011,-0.0527969,-0.9424158,0.3302499,-0.9425718,-0.062192023,-0.32816243
1355995770093,0.2710325,-0.384381,-0.8824923,-0.05734849,-0.9216279,0.38381404,-0.9608604,-0.053416476,-0.2718348
1355995770133,0.21975315,-0.42637205,-0.87744826,-0.052692607,-0.9033091,0.42574182,-0.9741314,-0.047323078,-0.22097167
1355995770173,0.1799568,-0.45042557,-0.8744897,-0.0420873,-0.89171475,0.45063674,-0.9827737,-0.0442902,-0.17942733
1355995770213,0.15401614,-0.45434564,-0.8774104,-0.028211966,-0.8896659,0.45573968,-0.9876654,-0.045437798,-0.14984089
1355995770253,0.14245522,-0.4376936,-0.8877673,-0.011593059,-0.89759105,0.4406767,-0.98973334,-0.05248475,-0.13294074
1355995770293,0.14213592,-0.40409303,-0.90360737,0.0077064186,-0.9123962,0.40923563,-0.98981714,-0.06513065,-0.12657017
1355995770333,0.14618611,-0.36253425,-0.9204339,0.026787937,-0.9286375,0.37001997,-0.98889434,-0.0787483,-0.12604237
1355995770377,0.14746839,-0.32432133,-0.9343815,0.039498,-0.94202554,0.33320832,-0.9882778,-0.08604387,-0.12610894
1355995770414,0.14281195,-0.2978106,-0.94388217,0.04085228,-0.95107096,0.30625987,-0.9889063,-0.0822973,-0.12365806
1355995770455,0.13310009,-0.2868197,-0.9486932,0.030554816,-0.9555674,0.29318476,-0.9906315,-0.068010055,-0.11842239
1355995770495,0.12008512,-0.29295427,-0.94855547,0.011964798,-0.9549731,0.29645103,-0.9926915,-0.046948656,-0.111172915
1355995770535,0.103580296,-0.31786,-0.9424628,-0.011823013,-0.94788617,0.3183897,-0.9945508,-0.021836147,-0.10194039
1355995770575,0.08192384,-0.36242962,-0.9284036,-0.039255247,-0.93198544,0.36036396,-0.9958652,0.0069223195,-0.09057909
1355995770614,0.05514455,-0.42351508,-0.9042091,-0.06915741,-0.9050323,0.41968298,-0.99608046,0.039389536,-0.07919681
1355995770655,0.029927969,-0.4902472,-0.87106955,-0.10038413,-0.8685282,0.48536786,-0.9944986,0.072915465,-0.07520637
1355995770694,0.02356112,-0.5439329,-0.83879787,-0.13389687,-0.83318824,0.53653425,-0.9907152,0.099671066,-0.09246176
1355995770734,0.0618369,-0.56230575,-0.8246141,-0.17174618,-0.81986624,0.5461892,-0.9831986,0.10784969,-0.14727186
1355995770774,0.16439492,-0.524942,-0.8351109,-0.20262414,-0.84654623,0.49224275,-0.96535885,0.08829142,-0.24553382
1355995770813,0.3137859,-0.4285122,-0.8472991,-0.19498679,-0.9024316,0.3841841,-0.92925704,0.04466057,-0.36672452
1355995770853,0.4471308,-0.31732893,-0.8362872,-0.14618629,-0.94830835,0.28167507,-0.8824418,-0.003691852,-0.470407
1355995770893,0.5237639,-0.24859488,-0.8147834,-0.10072441,-0.96783483,0.23054345,-0.8458877,-0.03868176,-0.53195655
1355995770933,0.5476054,-0.23908687,-0.8018515,-0.08729151,-0.96940255,0.22943166,-0.83217096,-0.05564318,-0.55172026
1355995770973,0.5325389,-0.27675378,-0.79988104,-0.10227301,-0.9591487,0.26376882,-0.84020394,-0.058660924,-0.5390884
1355995771013,0.48950598,-0.3413753,-0.80240065,-0.12867051,-0.9383886,0.32073465,-0.8624545,-0.053756237,-0.5032718
1355995771053,0.4290992,-0.41282946,-0.80339634,-0.14954714,-0.90963835,0.3875484,-0.89079154,-0.046151087,-0.45206255
1355995771093,0.36201334,-0.4764949,-0.80118597,-0.15514416,-0.8782929,0.4522519,-0.9191717,-0.0394219,-0.39187917
1355995771133,0.2973765,-0.52455574,-0.79775214,-0.14431904,-0.8506479,0.5055394,-0.94378984,-0.03520474,-0.3286661
1355995771173,0.24097884,-0.55486095,-0.79627794,-0.12173656,-0.83125746,0.542394,-0.9628652,-0.03376931,-0.26786232
1355995771213,0.19686115,-0.566728,-0.8000407,-0.093532875,-0.82314295,0.5600779,-0.97595966,-0.03542748,-0.21505255
1355995771253,0.1679405,-0.55989313,-0.8113665,-0.06409441,-0.82751644,0.55777097,-0.9837113,-0.041668266,-0.17485955
1355995771293,0.1548801,-0.5349418,-0.8305718,-0.034768432,-0.8431471,0.53655773,-0.98732126,-0.05422443,-0.1491858
1355995771333,0.15329462,-0.49580058,-0.85479975,-0.0057747066,-0.86545855,0.5009473,-0.9881637,-0.071856305,-0.13553324
1355995771379,0.15458149,-0.45055246,-0.87926507,0.019857988,-0.8883657,0.458707,-0.98778045,-0.08836803,-0.12837783
1355995771414,0.15127492,-0.4077931,-0.90045583,0.035950646,-0.9080668,0.41727954,-0.9878378,-0.095495924,-0.12270731
1355995771455,0.14129573,-0.37284216,-0.9170738,0.03839585,-0.92360663,0.38141388,-0.9892226,-0.08910398,-0.11618608
1355995771495,0.12655807,-0.34748185,-0.92910683,0.028611392,-0.93496966,0.35357186,-0.9915465,-0.07133043,-0.10838601
1355995771535,0.108841,-0.3331535,-0.93656945,0.010494471,-0.9417291,0.33620846,-0.9940038,-0.04642205,-0.09900248
1355995771575,0.08768356,-0.33201402,-0.9391902,-0.013449311,-0.94313025,0.33215123,-0.99605757,-0.01649274,-0.087162375
1355995771614,0.06191641,-0.34546012,-0.9363887,-0.04260148,-0.93824846,0.3433293,-0.9971718,0.018633828,-0.07281008
1355995771655,0.034125745,-0.37092453,-0.92803574,-0.07677053,-0.9268059,0.36760998,-0.9964646,0.058700845,-0.060104016
1355995771695,0.015983462,-0.39866734,-0.9169563,-0.11507209,-0.91171336,0.394382,-0.99322855,0.09921247,-0.060447812
1355995771734,0.029376447,-0.41067797,-0.91130716,-0.15556943,-0.9024694,0.4016804,-0.9873881,0.12997158,-0.09040028
1355995771773,0.0988068,-0.38226265,-0.9187559,-0.1893035,-0.9136342,0.35977322,-0.9769347,0.13837568,-0.16263694
1355995771813,0.22876275,-0.2917313,-0.92874134,-0.18863058,-0.9492425,0.2517085,-0.955032,0.117607474,-0.27218077
1355995771853,0.3733173,-0.15486519,-0.91468626,-0.12961192,-0.9850046,0.11387134,-0.9186049,0.076044105,-0.38779163
1355995771894,0.47189587,-0.030987319,-0.88110954,-0.04376476,-0.9989734,0.011693325,-0.8805674,0.033043515,-0.4727676
1355995771933,0.51293033,0.041605707,-0.8574214,0.01906817,-0.99913055,-0.03707499,-0.85821843,0.0026674308,-0.51327777
