1355994622925,-0.7064636,0.29671738,-0.6425482,-0.47356853,0.4765138,0.7407209,0.52596784,0.8275829,-0.19612366
1355994622963,-0.06931473,-0.1878039,-0.97975767,-0.84761274,0.5289952,-0.04143402,0.52606857,0.8275831,-0.1958521
1355994623005,-0.07006748,-0.18528289,-0.9801841,-0.84715086,0.52987456,-0.03960374,0.5267124,0.8275888,-0.19408947
1355994623044,-0.07218312,-0.17742455,-0.9814836,-0.84578466,0.5324369,-0.03404638,0.5286188,0.8276663,-0.18849593
1355994623083,-0.075252876,-0.1632801,-0.9837055,-0.84359264,0.5364242,-0.024503887,0.5316844,0.8280028,-0.17810935
1355994623125,-0.07898252,-0.14203459,-0.98670566,-0.8409911,0.5409461,-0.010549724,0.53525305,0.82897735,-0.16217512
1355994623164,-0.08230744,-0.11524898,-0.98992085,-0.83890855,0.5442349,0.0063902736,0.538013,0.830979,-0.14147794
1355994623203,-0.08383463,-0.0874075,-0.99263877,-0.8381896,0.54490185,0.022808671,0.5388971,0.83393157,-0.11894572
1355994623245,-0.084255874,-0.05938703,-0.99467283,-0.83909667,0.54260534,0.03868121,0.5374176,0.8378858,-0.09554911
1355994623284,-0.08371776,-0.032340974,-0.9959645,-0.8413987,0.53778374,0.053262502,0.53389096,0.8424623,-0.07223374
1355994623323,-0.08219892,-0.0083373785,-0.9965811,-0.8442461,0.53197706,0.06518364,0.5296148,0.8467177,-0.050766766
1355994623363,-0.080411494,0.0127168,-0.9966806,-0.8470533,0.5261822,0.075053275,0.52539,0.85027677,-0.03153926
1355994623405,-0.078172,0.030037671,-0.9964873,-0.8496331,0.52090466,0.0823535,0.52154857,0.85308623,-0.015199184
1355994623444,-0.0752469,0.04288733,-0.99624217,-0.8520827,0.5161965,0.08658025,0.51796997,0.8553957,-0.0022985935
1355994623483,-0.07144132,0.050815552,-0.9961495,-0.8543823,0.5122415,0.08740461,0.5147106,0.8573368,0.0068207383
1355994623525,-0.06703153,0.0542427,-0.9962753,-0.85632944,0.50932884,0.08534634,0.51206124,0.8588608,0.012308538
1355994623564,-0.062478393,0.054044515,-0.996582,-0.85764253,0.5077783,0.0813047,0.5104367,0.8597909,0.014625728
1355994623603,-0.05853647,0.05162102,-0.99694973,-0.8581568,0.50763017,0.07667169,0.5100396,0.8600273,0.0145840645
1355994623645,-0.055630237,0.0475536,-0.9973184,-0.85759467,0.5092449,0.072117984,0.5113088,0.8593069,0.012452304
1355994623683,-0.054479063,0.043545634,-0.9975649,-0.85597587,0.51237553,0.06911278,0.5141374,0.8576567,0.009360313
1355994623723,-0.05500129,0.040534645,-0.99766314,-0.8532678,0.51701427,0.06804684,0.51856434,0.85501647,0.006150484
1355994623763,-0.057401657,0.03952819,-0.9975683,-0.84978515,0.5225138,0.06960237,0.5239945,0.8517141,0.0035973191
1355994623803,-0.061363667,0.0403744,-0.9972986,-0.8460088,0.52808774,0.07343373,0.529626,0.8482295,0.0017516613
1355994623865,-0.06636751,0.042345256,-0.99689627,-0.84260213,0.5327513,0.07872525,0.53443146,0.84521174,3.2281876E-4
1355994623885,-0.0721426,0.044898838,-0.9963832,-0.84055257,0.5350248,0.084968954,0.5369048,0.84364235,-8.582473E-4
1355994623925,-0.07858834,0.047552228,-0.9957724,-0.840513,0.53395176,0.09183332,0.53606135,0.84417665,-0.001994133
1355994623955,-0.08607155,0.05055225,-0.9950056,-0.8413237,0.53124464,0.09976792,0.5336349,0.84570897,-0.0031942725
1355994623985,-0.09369266,0.05324787,-0.99417627,-0.842615,0.5276431,0.10766977,0.53030336,0.84779567,-0.004568815
1355994624025,-0.10192025,0.055813313,-0.9932256,-0.84427476,0.5231976,0.11603615,0.5261296,0.85038173,-0.006202638
1355994624065,-0.11298373,0.06012836,-0.99177575,-0.8455515,0.5183836,0.1277538,0.52180195,0.85303164,-0.0077272654
1355994624105,-0.12595007,0.065616876,-0.9898641,-0.84630704,0.51349676,0.14172298,0.51759136,0.855579,-0.009142935
1355994624145,-0.13961637,0.071445346,-0.9876249,-0.8464574,0.5089447,0.15647745,0.513826,0.8578292,-0.010581553
1355994624175,-0.15286899,0.07721624,-0.9852252,-0.8459842,0.5050949,0.17085055,0.5108247,0.8596027,-0.011889577
1355994624215,-0.16411781,0.081953526,-0.98303044,-0.8451182,0.50229234,0.1829685,0.50876355,0.8608054,-0.013174713
1355994624245,-0.1739842,0.08612877,-0.98097473,-0.84390897,0.5003352,0.19360343,0.50749105,0.86153734,-0.014365613
1355994624275,-0.18203887,0.08936292,-0.9792222,-0.8425233,0.4992734,0.20218956,0.5069678,0.8618238,-0.015596807
1355994624304,-0.18861395,0.09170243,-0.97776043,-0.8410045,0.4990149,0.20903486,0.50708604,0.8617278,-0.016999006
1355994624335,-0.19405445,0.093221426,-0.9765514,-0.839371,0.4994574,0.21447286,0.5077393,0.86130834,-0.018674612
1355994624364,-0.19868961,0.094034106,-0.9755409,-0.8376523,0.5004455,0.21884447,0.5087838,0.8606462,-0.020665407
1355994624405,-0.20266375,0.093728095,-0.9747525,-0.8358699,0.5020071,0.22205916,0.51014584,0.8597697,-0.023394167
1355994624435,-0.20678997,0.09347591,-0.9739098,-0.8342961,0.50311923,0.22543523,0.51106554,0.85914683,-0.026053429
1355994624475,-0.21040955,0.09265986,-0.97321224,-0.8336824,0.50292337,0.22812656,0.51058936,0.85934997,-0.02857101
1355994624515,-0.21391639,0.09201601,-0.9725085,-0.83436584,0.5005238,0.23088825,0.50800914,0.86081874,-0.030295253
1355994624555,-0.2169708,0.09173691,-0.9718581,-0.8368294,0.49514115,0.23356321,0.5026333,0.86395586,-0.030663013
1355994624594,-0.21934375,0.09218377,-0.97128284,-0.84120166,0.48643598,0.23613498,0.49423468,0.8688395,-0.0291515
1355994624625,-0.22088706,0.093336254,-0.97082293,-0.8460747,0.47681153,0.23834491,0.48514578,0.8740361,-0.026352048
1355994624665,-0.22240272,0.097323775,-0.97008514,-0.85191405,0.46446016,0.2419076,0.4741093,0.88023007,-0.020385802
1355994624695,-0.2229386,0.1019887,-0.9694827,-0.85764205,0.45224446,0.24479583,0.4634096,0.88604367,-0.01335299
1355994624752,-0.22323316,0.10832557,-0.96872723,-0.86389744,0.43832844,0.24809128,0.4514953,0.89226323,-0.0042672157
1355994624783,-0.22161701,0.113416374,-0.9685157,-0.8709274,0.42371204,0.24890482,0.43860167,0.8986684,0.0048756003
1355994624814,-0.21743459,0.11556715,-0.9692092,-0.8784241,0.40974605,0.24592525,0.4255505,0.90484935,0.012424052
1355994624851,-0.21022376,0.1141454,-0.97096694,-0.8856965,0.39827177,0.23858207,0.41394183,0.9101376,0.017371953
1355994624880,-0.20016748,0.10987109,-0.97358173,-0.8922009,0.3901742,0.2274678,0.40485865,0.91416216,0.019926906
1355994624922,-0.18842265,0.10123479,-0.97685635,-0.89748216,0.38613698,0.21312904,0.3987764,0.9168695,0.018099487
1355994624963,-0.17249763,0.08665052,-0.9811912,-0.90240216,0.3854137,0.19268268,0.39486057,0.9186664,0.011710703
1355994625003,-0.15329236,0.06663263,-0.9859319,-0.90734893,0.3857218,0.16714269,0.3914326,0.9202059,0.0013307929
1355994625043,-0.13222241,0.04275632,-0.99029744,-0.91246223,0.3850237,0.13845354,0.38720772,0.9219157,-0.01189518
1355994625083,-0.11107424,0.017676502,-0.99365497,-0.91707826,0.38342336,0.109335005,0.38292322,0.92340356,-0.026377738
1355994625123,-0.091881424,-0.0052711964,-0.995756,-0.9199237,0.3832431,0.0828554,0.38117987,0.92363244,-0.04006201
1355994625163,-0.07641035,-0.023544937,-0.9967984,-0.91994774,0.38720727,0.061373264,0.38452253,0.921692,-0.051246703
1355994625203,-0.06575659,-0.03683403,-0.9971556,-0.9168204,0.39666376,0.045806557,0.39384824,0.91722465,-0.059853435
1355994625244,-0.06061825,-0.046197563,-0.9970913,-0.9109062,0.4110103,0.036335647,0.40813613,0.91045934,-0.066996336
1355994625283,-0.06180623,-0.052013367,-0.99673206,-0.9027977,0.4287505,0.033607543,0.4256013,0.90192443,-0.073457
1355994625323,-0.07026419,-0.05330178,-0.9961033,-0.8927938,0.4487774,0.038962662,0.44495186,0.89205253,-0.07912046
1355994625363,-0.08680871,-0.048519194,-0.9950428,-0.8809349,0.4701546,0.053928614,0.46520746,0.8812494,-0.08355582
1355994625403,-0.11155641,-0.03746727,-0.9930515,-0.8673568,0.49139357,0.078896254,0.48502305,0.8701314,-0.08731556
1355994625443,-0.14305189,-0.024758607,-0.9894055,-0.8530623,0.50995815,0.11057779,0.5018177,0.8598429,-0.09407115
1355994625483,-0.17686793,-0.023726702,-0.9839485,-0.8412835,0.5225184,0.13862363,0.51084214,0.8522978,-0.11237764
1355994625523,-0.20531258,-0.053547204,-0.9772305,-0.8379354,0.5255296,0.14725086,0.5056787,0.84908843,-0.15276694
1355994625563,-0.21989429,-0.12388098,-0.967626,-0.8482598,0.51414037,0.12694502,0.48176947,0.8487127,-0.21813977
1355994625603,-0.2173819,-0.218736,-0.95126224,-0.8700966,0.48508984,0.08729097,0.442354,0.8466655,-0.29577124
1355994625643,-0.20485286,-0.30320573,-0.9306458,-0.892882,0.4474194,0.050770402,0.40099514,0.84135735,-0.3623821
1355994625683,-0.19497341,-0.3503898,-0.91608524,-0.90718555,0.4194625,0.032640725,0.37282643,0.83742344,-0.39965272
1355994625723,-0.19627938,-0.35374516,-0.9145155,-0.9105527,0.4118106,0.036135763,0.36382434,0.8398073,-0.40293354
1355994625763,-0.21004534,-0.3193315,-0.9240716,-0.904444,0.42240667,0.05961281,0.37129778,0.8482924,-0.37754202
1355994625803,-0.23178335,-0.25933272,-0.9375622,-0.8918831,0.44143432,0.098388374,0.38835678,0.85900074,-0.3336116
1355994625862,-0.25585905,-0.18589702,-0.94867194,-0.8763795,0.45881376,0.14645478,0.40803826,0.86886835,-0.280308
1355994625884,-0.27666217,-0.1105921,-0.9545823,-0.8617507,0.4681422,0.19552118,0.42525715,0.87670535,-0.22482002
1355994625923,-0.2895954,-0.043306172,-0.9561689,-0.85112804,0.46863863,0.23655638,0.4378533,0.8823278,-0.17257464
1355994625963,-0.29157585,0.008874416,-0.9565065,-0.8464619,0.4633417,0.2623294,0.4455174,0.8861353,-0.12758738
1355994626003,-0.27988046,0.040302455,-0.9591886,-0.8491899,0.45565897,0.26692963,0.4478208,0.8892416,-0.09330559
1355994626043,-0.2523885,0.047275603,-0.9664705,-0.8600596,0.4467205,0.2464515,0.44339335,0.8934237,-0.07208735
1355994626083,-0.20890653,0.030134678,-0.9774711,-0.878017,0.4343595,0.20104203,0.4306322,0.9002353,-0.06428176
1355994626123,-0.15308902,-0.0044911504,-0.9882022,-0.899017,0.4158058,0.13738295,0.41028318,0.9094423,-0.067692935
1355994626163,-0.09284508,-0.04448238,-0.99468637,-0.91704047,0.39294952,0.068024844,0.3878356,0.9184835,-0.077275574
1355994626203,-0.036965072,-0.078733325,-0.9962101,-0.9278194,0.3729968,0.0049483776,0.37119362,0.924486,-0.086838186
1355994626243,0.008705378,-0.10277352,-0.9946667,-0.93090916,0.3623942,-0.045591652,0.36514708,0.92634124,-0.09251809
1355994626283,0.040949345,-0.11696482,-0.99229145,-0.9284444,0.36252242,-0.08104631,0.36920747,0.9246062,-0.0937503
1355994626323,0.057071492,-0.121727675,-0.9909214,-0.92306995,0.37171906,-0.09882668,0.38037428,0.92033005,-0.091148615
1355994626363,0.053969786,-0.11524981,-0.99186933,-0.91631025,0.38902318,-0.095060825,0.3968159,0.9139904,-0.08460909
1355994626403,0.027770102,-0.09374285,-0.9952091,-0.90810096,0.41378272,-0.06431535,0.41782942,0.9055364,-0.07363719
1355994626443,-0.024449438,-0.054215997,-0.99822986,-0.8964375,0.44316503,-0.0021129549,0.44249514,0.894799,-0.05943638
1355994626483,-0.10122168,-0.0013102293,-0.99486303,-0.8780425,0.47028798,0.08871645,0.46775588,0.8825121,-0.048753798
1355994626523,-0.18926302,0.044179082,-0.9809321,-0.8520473,0.48914298,0.18642563,0.48805225,0.87108403,-0.054934025
1355994626563,-0.262864,0.04756865,-0.9636596,-0.8271333,0.5031117,0.25045764,0.4967423,0.8629112,-0.09290433
1355994626603,-0.299275,-0.014799446,-0.9540521,-0.8191544,0.51673317,0.24894354,0.4893061,0.85601854,-0.16676837
1355994626643,-0.2918046,-0.13083127,-0.94748783,-0.8339449,0.5198975,0.18504736,0.46838662,0.8441503,-0.26081455
1355994626683,-0.25987113,-0.25063622,-0.9325495,-0.8568138,0.50523865,0.102975816,0.44535053,0.8257817,-0.3460455
1355994626723,-0.23847668,-0.32629097,-0.9146929,-0.8702494,0.489843,0.05215183,0.4310392,0.80844796,-0.4007706
1355994626763,-0.25297743,-0.34022507,-0.9056761,-0.8677448,0.4937417,0.05690396,0.42780992,0.80029124,-0.42013407
1355994626803,-0.30730885,-0.29639068,-0.90427536,-0.84778047,0.5168959,0.1186887,0.43223804,0.803101,-0.4101209
1355994626859,-0.3858443,-0.21067342,-0.89818764,-0.81098413,0.5415784,0.22135401,0.43980563,0.81382406,-0.37981778
1355994626885,-0.46257138,-0.10949245,-0.8797949,-0.7658508,0.54928505,0.33430302,0.4466545,0.82843065,-0.33793843
1355994626924,-0.51823974,-0.018160999,-0.8550426,-0.7268588,0.5361891,0.42915922,0.4506705,0.8439025,-0.291075
1355994626965,-0.5468394,0.05022365,-0.83572984,-0.7051024,0.51060355,0.4920515,0.45143926,0.85834825,-0.24380535
1355994627004,-0.54839945,0.09201431,-0.8311386,-0.7055264,0.48262256,0.51894885,0.44887698,0.8709815,-0.19975144
1355994627044,-0.5225408,0.10679805,-0.845899,-0.7289273,0.45869616,0.5081956,0.4422849,0.8821519,-0.16183943
1355994627085,-0.46604347,0.09380567,-0.879775,-0.7729958,0.44059503,0.45645756,0.43044275,0.89279145,-0.13282502
1355994627125,-0.37532255,0.053436667,-0.9253527,-0.8300419,0.4249271,0.36120293,0.41250888,0.903649,-0.11513001
1355994627164,-0.2565242,-0.0049604774,-0.9665251,-0.8841803,0.40512592,0.23259005,0.39041057,0.9142474,-0.10831052
1355994627204,-0.13086653,-0.0628978,-0.9894028,-0.91961515,0.3805424,0.09744421,0.37038067,0.92262197,-0.107642055
1355994627245,-0.020365,-0.10718328,-0.99403065,-0.93294185,0.3594905,-0.019649237,0.35945064,0.9269726,-0.10731673
1355994627284,0.0646601,-0.13655499,-0.98852,-0.93070567,0.34911743,-0.109105766,0.3600085,0.9270759,-0.10451853
1355994627324,0.12126398,-0.15404037,-0.980595,-0.9212506,0.35035574,-0.16896215,0.36958408,0.9238628,-0.09942424
1355994627364,0.14732464,-0.16026416,-0.97601783,-0.91112995,0.36200064,-0.19697139,0.38488653,0.91829777,-0.09268987
1355994627404,0.13868487,-0.15172064,-0.9786457,-0.9040861,0.38395077,-0.18764335,0.40422118,0.91080326,-0.08392042
1355994627444,0.08768885,-0.1206404,-0.9888158,-0.9000777,0.41571587,-0.13053888,0.4268147,0.90145785,-0.07213211
1355994627474,-0.013273984,-0.060132414,-0.9981022,-0.8935567,0.44869474,-0.0151488185,0.4487541,0.8916598,-0.059687674
1355994627504,-0.14361313,0.02191922,-0.9893912,-0.8713275,0.47121403,0.1369152,0.46921614,0.88174653,-0.048573732
1355994627545,-0.28133285,0.103122234,-0.9540533,-0.82807463,0.4763118,0.2956679,0.48491678,0.8732084,-0.048609257
1355994627585,-0.40630588,0.15076208,-0.9012138,-0.7721628,0.47069183,0.4268651,0.48854905,0.8693216,-0.07483196
1355994627624,-0.47254384,0.11969569,-0.87314093,-0.7430723,0.4785871,0.46775842,0.47386265,0.86984324,-0.13721079
1355994627664,-0.47506866,0.011271149,-0.8798766,-0.76105654,0.4966618,0.4172768,0.4417043,0.867871,-0.2273705
1355994627704,-0.44376606,-0.1199007,-0.8880853,-0.7997025,0.5002059,0.33206913,0.40441018,0.85756505,-0.31785935
1355994627745,-0.43118557,-0.20426095,-0.87883806,-0.8191346,0.49699554,0.28638068,0.37828216,0.84336996,-0.3816145
1355994627784,-0.47144362,-0.20979506,-0.8565786,-0.80027074,0.5098839,0.3155711,0.3705504,0.8342688,-0.4082744
1355994627824,-0.55663645,-0.1414257,-0.81862986,-0.7395644,0.53322005,0.4107564,0.37841836,0.83407146,-0.40140313
1355994627863,-0.6501989,-0.027494699,-0.7592665,-0.6486387,0.54045165,0.53589165,0.39561263,0.8409257,-0.36923522
1355994627904,-0.71417177,0.08274874,-0.69506204,-0.5641018,0.51986873,0.64150256,0.41442454,0.85022885,-0.32459688
1355994627943,-0.7471001,0.16881672,-0.64291704,-0.50631106,0.48215947,0.7149625,0.43068612,0.85966456,-0.27474755
1355994627983,-0.7571288,0.22720054,-0.61248344,-0.48060307,0.4413063,0.7578057,0.44246668,0.8681179,-0.22493243
1355994628042,-0.75146574,0.26209468,-0.6054796,-0.48298776,0.40665615,0.7754699,0.44946852,0.87517834,-0.1789996
1355994628063,-0.7327054,0.27679086,-0.6217151,-0.50913477,0.38324797,0.77065086,0.4515802,0.88119686,-0.13988405
1355994628104,-0.6987431,0.27081835,-0.6621296,-0.55777085,0.3733124,0.7413026,0.44793957,0.8872967,-0.109794915
1355994628141,-0.6431261,0.24069607,-0.72694856,-0.62870187,0.37600082,0.6807035,0.43717593,0.8948121,-0.090489864
1355994628184,-0.5578792,0.18381336,-0.8093104,-0.7167593,0.38486576,0.58149326,0.41836208,0.9044838,-0.0829587
1355994628223,-0.44380635,0.10882771,-0.88949,-0.8044956,0.38885552,0.4489747,0.39474404,0.91484857,-0.08502519
1355994628263,-0.3199406,0.035515428,-0.9467717,-0.8706459,0.3830804,0.3085857,0.37364918,0.923032,-0.091641605
1355994628303,-0.20955476,-0.020613998,-0.9775796,-0.90804815,0.37493357,0.18674383,0.36267784,0.9268224,-0.097287595
1355994628343,-0.125997,-0.056714028,-0.99040806,-0.92279685,0.3731277,0.09602919,0.36410245,0.92604494,-0.099348485
1355994628383,-0.074430645,-0.07525727,-0.9943825,-0.9240366,0.3801642,0.040393382,0.3749887,0.92185223,-0.097836375
1355994628423,-0.059078246,-0.0759958,-0.99535644,-0.9182366,0.39528486,0.024320692,0.39160106,0.91540956,-0.09313488
1355994628463,-0.08601093,-0.05379489,-0.99484074,-0.90707433,0.4172477,0.055860758,0.41209003,0.9071992,-0.084683836
1355994628503,-0.1611366,-7.36326E-4,-0.98693186,-0.885478,0.44172707,0.14424264,0.4358483,0.8971492,-0.07183039
1355994628543,-0.28033835,0.08470556,-0.9561566,-0.84160686,0.45735532,0.28727013,0.46163666,0.88524073,-0.056925416
1355994628583,-0.41585752,0.18147916,-0.8911385,-0.7688162,0.453263,0.45108122,0.48578197,0.8727072,-0.048968732
1355994628623,-0.5267506,0.24709056,-0.8133142,-0.6860177,0.44139344,0.5784043,0.50190985,0.86262274,-0.06299579
1355994628663,-0.5954061,0.24857275,-0.7640047,-0.62682045,0.45113486,0.63527435,0.502581,0.85714,-0.112797976
1355994628703,-0.62833816,0.1805383,-0.7567015,-0.6091677,0.49079168,0.62292725,0.48384506,0.852367,-0.19840509
1355994628743,-0.6389254,0.072493196,-0.7658454,-0.6225008,0.53618085,0.57009023,0.45195928,0.8409844,-0.2974525
1355994628783,-0.64833486,-0.01602614,-0.7611866,-0.633411,0.56607854,0.5275847,0.42243624,0.8241955,-0.3771596
1355994628823,-0.67357934,-0.04348722,-0.73783445,-0.61730754,0.58209604,0.5292405,0.4064753,0.8119563,-0.41893286
1355994628865,-0.7099827,-0.012313724,-0.7041116,-0.5763163,0.5847546,0.57089543,0.40470266,0.8111168,-0.42226225
1355994628905,-0.73925567,0.04321359,-0.67203695,-0.5335565,0.5712851,0.62365913,0.41087526,0.8196132,-0.39926893
1355994628944,-0.7548761,0.101021916,-0.6480407,-0.50394166,0.54304296,0.67167497,0.4197678,0.833606,-0.35902095
1355994628985,-0.7565887,0.14728078,-0.63708854,-0.4951339,0.5073476,0.70529485,0.4271017,0.8490623,-0.31092978
1355994629024,-0.7478783,0.1799373,-0.638984,-0.50468636,0.4711842,0.72337896,0.43124205,0.863486,-0.26157647
1355994629064,-0.7315091,0.2014551,-0.6513911,-0.52701104,0.4391029,0.7276318,0.43261284,0.87555957,-0.21503866
1355994629105,-0.70874864,0.21341425,-0.672406,-0.5578158,0.41396964,0.71935433,0.43187615,0.88492006,-0.17435461
1355994629144,-0.6799516,0.21503809,-0.7010168,-0.5949892,0.3969437,0.69887316,0.42854854,0.89229727,-0.14195722
1355994629185,-0.6449749,0.20357378,-0.73659027,-0.63797694,0.38718867,0.66563535,0.42070532,0.8992456,-0.11985165
1355994629225,-0.60355216,0.17691976,-0.7774472,-0.68595535,0.3818254,0.6194148,0.40643585,0.90714324,-0.109092474
1355994629264,-0.5566009,0.13904253,-0.819062,-0.73499966,0.37715137,0.5635001,0.38726088,0.91565496,-0.107726574
1355994629304,-0.5076309,0.10100949,-0.8556331,-0.77837634,0.37200254,0.50571173,0.36937934,0.9227194,-0.11021662
1355994629345,-0.4612827,0.07334697,-0.88421637,-0.81116617,0.3689138,0.45377538,0.3594827,0.92656505,-0.110677004
1355994629385,-0.42027876,0.058971107,-0.9054768,-0.83303195,0.37055656,0.4107866,0.35975492,0.9269359,-0.106612265
1355994629425,-0.3850244,0.054779083,-0.92127925,-0.84630954,0.37721655,0.376122,0.36812538,0.92450356,-0.09887749
1355994629464,-0.3550512,0.057029843,-0.93310565,-0.8532635,0.3880311,0.34838668,0.38194245,0.91988015,-0.08910942
1355994629504,-0.33002514,0.06453377,-0.94176376,-0.85488427,0.40265596,0.32717142,0.40032044,0.91307366,-0.07771772
1355994629544,-0.3096267,0.07800037,-0.94765353,-0.85136515,0.42109072,0.3128259,0.42344865,0.9036584,-0.06397414
1355994629585,-0.29331544,0.09631136,-0.951152,-0.8430805,0.44303754,0.3048493,0.4507565,0.89131474,-0.048751533
1355994629625,-0.2804639,0.110637486,-0.953467,-0.8319576,0.4674082,0.29895833,0.47873428,0.87709117,-0.039045453
1355994629665,-0.2701999,0.10199046,-0.9573871,-0.8226495,0.4921862,0.28460604,0.50023973,0.8644945,-0.049086213
1355994629705,-0.2595057,0.048197567,-0.96453816,-0.82213795,0.5129965,0.24682763,0.5067012,0.8570366,-0.093500495
1355994629745,-0.24148458,-0.058124214,-0.96866244,-0.8356079,0.519991,0.17711261,0.49340123,0.8521919,-0.1741389
1355994629785,-0.2099353,-0.19284043,-0.9585091,-0.8596659,0.5033922,0.087009996,0.46572697,0.84226406,-0.27145815
1355994629824,-0.16800404,-0.30878496,-0.93617654,-0.88221884,0.4708299,0.0030241013,0.43984613,0.82642066,-0.35151726
1355994629863,-0.12671699,-0.3777605,-0.9171913,-0.89473855,0.44271255,-0.05872363,0.4282356,0.8132052,-0.39409614
1355994629902,-0.091290906,-0.4037948,-0.9102834,-0.8983774,0.42776906,-0.09965831,0.4296326,0.80868006,-0.40181154
1355994629943,-0.067595124,-0.39190432,-0.91751945,-0.8953868,0.42950863,-0.11749339,0.44012868,0.81359285,-0.37993866
1355994629983,-0.05539909,-0.35363647,-0.933741,-0.88953555,0.44223073,-0.11471009,0.45349467,0.824241,-0.33907145
1355994630023,-0.053660154,-0.2987955,-0.9528073,-0.88374686,0.45842922,-0.09399024,0.46487856,0.8369969,-0.28865898
1355994630063,-0.05975306,-0.23661575,-0.96976423,-0.8796903,0.47163486,-0.060872644,0.47177806,0.8494549,-0.23633027
1355994630103,-0.06971635,-0.1758753,-0.9819406,-0.878047,0.47800803,-0.023275912,0.47346914,0.86056733,-0.18775177
1355994630143,-0.07900384,-0.124574244,-0.98906004,-0.87945,0.47587946,0.010310382,0.469389,0.8706434,-0.1471532
1355994630183,-0.083664805,-0.088902265,-0.99252033,-0.88468623,0.46502313,0.0329217,0.45861813,0.8808235,-0.11755669
1355994630224,-0.081341624,-0.07251811,-0.99404466,-0.8940999,0.44602138,0.040624797,0.4404191,0.89207965,-0.101118505
1355994630263,-0.07209951,-0.0745638,-0.9946064,-0.9066251,0.4205492,0.034193933,0.4157313,0.9042005,-0.0979228
1355994630303,-0.05881539,-0.08763918,-0.9944145,-0.91937935,0.39287576,0.019752681,0.3889503,0.9154059,-0.10368085
1355994630343,-0.045687467,-0.10096118,-0.99384075,-0.92881215,0.3705162,0.0050584674,0.3677234,0.92332256,-0.11070198
1355994630383,-0.036174476,-0.10709685,-0.9935903,-0.9329466,0.3599822,-0.0048350394,0.35819262,0.9267918,-0.11293781
1355994630423,-0.032508314,-0.10434812,-0.9940094,-0.93202025,0.36232752,-0.0075550973,0.3609453,0.9261912,-0.10903323
1355994630463,-0.036397606,-0.09362391,-0.99494207,-0.9271674,0.37464485,-0.0013357997,0.37287498,0.92242926,-0.10044122
1355994630503,-0.049485743,-0.075089455,-0.99594814,-0.9190066,0.3939188,0.015963316,0.39112407,0.91607285,-0.088501096
1355994630543,-0.0732145,-0.046910107,-0.99621236,-0.90714794,0.4181814,0.04697743,0.4143937,0.90715146,-0.07317132
1355994630583,-0.10812956,-0.0066734552,-0.9941144,-0.89049065,0.44521326,0.093869746,0.4419665,0.8953997,-0.054083347
1355994630623,-0.15295535,0.04335633,-0.9872815,-0.86834204,0.47105253,0.15521479,0.47179097,0.881039,-0.034401834
1355994630663,-0.20322192,0.089253485,-0.9750563,-0.84243095,0.49158466,0.22057807,0.4990101,0.86624384,-0.024710894
1355994630703,-0.2516159,0.10519695,-0.96209306,-0.81854266,0.50728285,0.26954043,0.51640815,0.8553349,-0.041532278
1355994630743,-0.29003772,0.06715906,-0.9546558,-0.80507815,0.5222089,0.2813308,0.5174237,0.85016906,-0.09739196
1355994630783,-0.31150526,-0.025971591,-0.9498894,-0.8076557,0.53391063,0.25026336,0.50065637,0.845142,-0.18729204
1355994630823,-0.31448597,-0.14182502,-0.9386075,-0.82229906,0.5347033,0.19472167,0.47426015,0.83305335,-0.2847793
1355994630865,-0.3069847,-0.23607647,-0.92196983,-0.83760333,0.5269691,0.14395958,0.45186406,0.8164384,-0.35950983
1355994630904,-0.29976273,-0.28521144,-0.9103828,-0.84590447,0.5206993,0.115403295,0.4411214,0.8046904,-0.39734787
1355994630945,-0.29915655,-0.2878203,-0.9097609,-0.8456361,0.52165365,0.11303526,0.44204623,0.8031419,-0.39944732
1355994630985,-0.30311626,-0.25716683,-0.91759783,-0.84002507,0.5267783,0.12985575,0.44997603,0.8101666,-0.37570167
1355994631043,-0.3075505,-0.20822227,-0.9284699,-0.83318794,0.5302106,0.15708175,0.45957673,0.82190037,-0.33655483
1355994631063,-0.30896825,-0.15339732,-0.9386202,-0.8285088,0.52803236,0.18642703,0.46702445,0.83525515,-0.29023623
1355994631103,-0.3052233,-0.101386994,-0.94686824,-0.82772565,0.5198905,0.21114975,0.47085994,0.8481949,-0.2426033
1355994631141,-0.29479718,-0.058568746,-0.95376325,-0.83160675,0.50735235,0.22588447,0.47066426,0.8597461,-0.19827223
1355994631184,-0.2768089,-0.028955936,-0.9604886,-0.84076744,0.49128005,0.22749507,0.46528155,0.87052023,-0.1603359
1355994631223,-0.25001836,-0.015482068,-0.96811724,-0.8555878,0.47161788,0.21341532,0.45327723,0.8816671,-0.13115937
1355994631263,-0.21472728,-0.01862678,-0.9764964,-0.87530935,0.4472106,0.1839461,0.43327326,0.89423466,-0.11233252
1355994631303,-0.17234367,-0.034892738,-0.9844187,-0.8970881,0.41833544,0.14222664,0.40685457,0.90762216,-0.10339934
1355994631343,-0.12738562,-0.05523503,-0.99031407,-0.9158185,0.38993597,0.096054345,0.38085347,0.91918397,-0.100257516
1355994631383,-0.08541745,-0.070706755,-0.9938331,-0.92728233,0.37054378,0.05333507,0.36448747,0.92611974,-0.09721601
1355994631423,-0.050948888,-0.077952206,-0.99565434,-0.9307448,0.3651735,0.019037098,0.3621026,0.9276701,-0.09115881
1355994631464,-0.02755946,-0.07745612,-0.9966148,-0.9281446,0.37220567,-0.0032615662,0.3711984,0.92491275,-0.08214831
1355994631503,-0.018997192,-0.069024265,-0.997434,-0.9218516,0.38743252,-0.009253383,0.3870771,0.9193104,-0.070990264
1355994631543,-0.029456079,-0.04952997,-0.9983382,-0.9128594,0.40821946,0.0066812932,0.40721014,0.9115392,-0.0572384
1355994631583,-0.0635626,-0.013284206,-0.9978894,-0.90005696,0.43271002,0.051570594,0.43111166,0.9014353,-0.03946072
1355994631623,-0.12440494,0.043810964,-0.99126387,-0.88000757,0.4566442,0.13062447,0.45837772,0.88857,-0.018254817
1355994631663,-0.20882624,0.11545494,-0.97111356,-0.84826076,0.47277474,0.23861608,0.48666736,0.8735869,-7.918477E-4
1355994631703,-0.30305317,0.17708513,-0.93637574,-0.8049177,0.47844872,0.3509905,0.51016295,0.86007416,-0.0024564266
1355994631743,-0.38679013,0.19273436,-0.90180206,-0.76138735,0.4849784,0.4302154,0.5202718,0.85302377,-0.040839374
1355994631783,-0.4446449,0.13848421,-0.8849367,-0.7367134,0.50539184,0.44925767,0.50945485,0.8517049,-0.1226967
1355994631823,-0.47180656,0.026254416,-0.8813111,-0.7404846,0.53080165,0.41222826,0.47862428,0.8470893,-0.23099476
1355994631866,-0.47965318,-0.092233,-0.87259716,-0.75836295,0.5438123,0.35937977,0.44138235,0.834123,-0.33078736
1355994631904,-0.49567568,-0.15982828,-0.85367477,-0.7631891,0.5493121,0.34029198,0.41454557,0.8201897,-0.3942598
1355994631944,-0.5362907,-0.15772715,-0.829165,-0.7408978,0.5585498,0.37295127,0.40430537,0.8143368,-0.41640472
1355994631985,-0.5964008,-0.097785115,-0.7967083,-0.6915099,0.56657743,0.44811162,0.4075783,0.8181858,-0.40552658
1355994632024,-0.6577324,-0.0065014362,-0.7532236,-0.6266249,0.55963784,0.542353,0.41800636,0.8287118,-0.37216592
1355994632065,-0.7051834,0.087091416,-0.70365584,-0.5644611,0.53161216,0.63148403,0.4290689,0.8424984,-0.32572442
1355994632105,-0.7350662,0.16423868,-0.6578018,-0.5186949,0.48857388,0.7016061,0.43661562,0.8569254,-0.27394432
1355994632145,-0.75087935,0.21924008,-0.6229879,-0.49314255,0.4413324,0.7496908,0.439307,0.87014914,-0.22327077
1355994632185,-0.75690794,0.25348002,-0.6023605,-0.4859107,0.3980716,0.77809364,0.43701375,0.8816387,-0.17813486
1355994632224,-0.7555011,0.26928645,-0.59724617,-0.49462366,0.3633449,0.7895112,0.42961106,0.8918886,-0.14131206
1355994632265,-0.7467728,0.26704842,-0.60911036,-0.5185625,0.33966613,0.7846782,0.4164412,0.9018382,-0.11517209
1355994632305,-0.7287999,0.24621147,-0.6389293,-0.5579419,0.32737976,0.76257676,0.39692765,0.9122513,-0.101222634
1355994632344,-0.69983405,0.21128547,-0.6823421,-0.60890275,0.3229702,0.724519,0.37345654,0.922523,-0.09737325
1355994632384,-0.66326797,0.17611794,-0.7273638,-0.65957355,0.32166076,0.6793357,0.35360765,0.9303316,-0.09718454
1355994632425,-0.6291246,0.15609005,-0.76147103,-0.69622946,0.32244986,0.6413195,0.34563982,0.93362844,-0.09418666
1355994632463,-0.60733145,0.15698335,-0.77878416,-0.7124318,0.32616735,0.62133396,0.35155305,0.93218625,-0.086251795
1355994632503,-0.6029796,0.17645746,-0.77799636,-0.7081042,0.33078367,0.6238353,0.36742896,0.9270625,-0.07450557
1355994632543,-0.6166361,0.21016015,-0.75867826,-0.68500334,0.33171344,0.6486421,0.38798255,0.91967326,-0.060586154
1355994632583,-0.645339,0.25623935,-0.719638,-0.6438546,0.32450676,0.69292605,0.4110824,0.9105145,-0.044435978
1355994632623,-0.682001,0.31196153,-0.66147923,-0.5870049,0.30599612,0.7495276,0.43623388,0.8994701,-0.025566757
1355994632663,-0.7156462,0.36938992,-0.5927914,-0.5231907,0.27876884,0.8053319,0.4627332,0.8864756,-0.0062384605
1355994632703,-0.7382972,0.41546354,-0.5313261,-0.46572182,0.25579697,0.8471548,0.48787352,0.8729021,0.004636228
1355994632743,-0.75067556,0.43599495,-0.49638155,-0.4245343,0.25735343,0.8680667,0.5062182,0.86236745,-0.008094072
1355994632783,-0.7592619,0.41840523,-0.49845603,-0.4034239,0.2984044,0.86498785,0.51065695,0.8578414,-0.057772398
1355994632823,-0.7678366,0.35528633,-0.5331029,-0.4051883,0.37523943,0.8336773,0.4962354,0.8561349,-0.14416474
1355994632865,-0.77263355,0.25699344,-0.58050984,-0.42985603,0.4611287,0.77626294,0.46718425,0.8493025,-0.24581337
1355994632904,-0.768667,0.16232595,-0.61870944,-0.46453527,0.5232781,0.71441376,0.439725,0.8365586,-0.3268205
1355994632944,-0.7581905,0.10487947,-0.64354295,-0.49368033,0.55240965,0.67165715,0.4259424,0.8269486,-0.36705482
1355994632985,-0.74226505,0.08796747,-0.6643075,-0.5171022,0.5553254,0.65132105,0.4262019,0.8269676,-0.36671048
1355994633024,-0.7206465,0.098317236,-0.6862961,-0.5401163,0.541013,0.64465445,0.43467572,0.8352477,-0.33677638
1355994633064,-0.69372475,0.12095715,-0.7100108,-0.5664266,0.517269,0.6415557,0.4448673,0.84723204,-0.29032898
1355994633105,-0.66331744,0.14465685,-0.7342237,-0.5964504,0.49034733,0.6354577,0.45194796,0.8594381,-0.23897535
1355994633145,-0.63170075,0.16399011,-0.75766844,-0.6280862,0.4646026,0.62422127,0.4543808,0.8702021,-0.19048989
1355994633184,-0.6002081,0.1766643,-0.78008974,-0.65950775,0.44251174,0.6076454,0.45254815,0.8791889,-0.14908767
1355994633224,-0.5688202,0.18013227,-0.80249363,-0.69099057,0.42452168,0.58507556,0.44606692,0.8873183,-0.11700684
1355994633264,-0.5361485,0.1710296,-0.8266158,-0.7243897,0.4095195,0.55457497,0.43336403,0.8961265,-0.09567118
1355994633304,-0.4999637,0.14717507,-0.8534494,-0.7610801,0.39558673,0.5140702,0.4132716,0.90655977,-0.08576697
1355994633344,-0.45844644,0.110809505,-0.8817869,-0.7997496,0.3812809,0.46370834,0.38759178,0.91779417,-0.08617705
1355994633385,-0.41228598,0.07094371,-0.9082881,-0.8355761,0.36788076,0.40801504,0.3630878,0.92716277,-0.09239316
1355994633425,-0.36532983,0.03901142,-0.9300603,-0.8630827,0.36011538,0.35412595,0.34874398,0.9320917,-0.097890794
1355994633465,-0.3221288,0.020738065,-0.9464687,-0.87993085,0.3622358,0.30741972,0.3492202,0.93185574,-0.09843856
1355994633504,-0.28616711,0.01463297,-0.958068,-0.88714826,0.37375596,0.2706925,0.36204466,0.9274117,-0.09397507
1355994633534,-0.25958344,0.014073461,-0.9656181,-0.8888793,0.38738135,0.24460003,0.37750477,0.92181206,-0.0880481
1355994633574,-0.24407226,0.02305913,-0.9694828,-0.8840435,0.40564173,0.23221067,0.39861724,0.91374123,-0.07862055
1355994633615,-0.24486032,0.04466003,-0.9685292,-0.8722792,0.425967,0.2401686,0.42328742,0.90363574,-0.06534642
1355994633655,-0.2624746,0.08106071,-0.96152806,-0.8531925,0.44597405,0.2704989,0.45074344,0.8913677,-0.047896504
1355994633695,-0.29488602,0.12831038,-0.94687843,-0.82683593,0.4624255,0.32016397,0.4789411,0.87732494,-0.030271232
1355994633735,-0.33608145,0.16952693,-0.92645013,-0.7962893,0.47415894,0.37562817,0.50296366,0.863964,-0.024363518
1355994633774,-0.37758052,0.1772613,-0.9088516,-0.769145,0.4864865,0.4144234,0.51560533,0.85551697,-0.0473482
1355994633815,-0.41066614,0.12786067,-0.90277624,-0.7557409,0.50619864,0.415474,0.5101069,0.852886,-0.11124909
1355994633867,-0.42769754,0.022970974,-0.90362996,-0.76263386,0.5274803,0.37437162,0.48524672,0.84925663,-0.20808357
1355994633895,-0.42755038,-0.09975338,-0.8984709,-0.7836952,0.53629106,0.3133906,0.45058012,0.8381176,-0.3074677
1355994633934,-0.4217047,-0.19123766,-0.886337,-0.80271137,0.53333783,0.26684302,0.4216866,0.8240017,-0.3784197
1355994633975,-0.42483574,-0.22657889,-0.87645686,-0.8080084,0.5314831,0.25426006,0.40821207,0.81620324,-0.4088707
1355994634033,-0.4423439,-0.20809877,-0.87236845,-0.7974173,0.53641343,0.27638063,0.41043568,0.81789696,-0.4032207
1355994634053,-0.47022495,-0.15062329,-0.86959827,-0.7745886,0.5426618,0.3248551,0.42296696,0.8263358,-0.3718441
1355994634093,-0.49998698,-0.07421842,-0.86284685,-0.74708927,0.5408925,0.38638455,0.43803057,0.8378108,-0.32588696
1355994634131,-0.52371454,8.779466E-4,-0.8518934,-0.72376597,0.52697456,0.44548926,0.44931734,0.8498806,-0.27534878
1355994634174,-0.5372942,0.061649293,-0.84113866,-0.71059823,0.5040943,0.49085534,0.45427412,0.8614454,-0.2270391
1355994634213,-0.53865916,0.101732075,-0.83635926,-0.71047115,0.4787175,0.5158103,0.45285428,0.8720551,-0.18558788
1355994634253,-0.52694976,0.11964741,-0.84143233,-0.7240044,0.45533654,0.51815665,0.44513094,0.8822433,-0.15331423
1355994634293,-0.50028765,0.114503175,-0.8582548,-0.7511462,0.43564782,0.49597424,0.43068743,0.89280456,-0.1319406
1355994634333,-0.45748088,0.08787754,-0.88486654,-0.78944075,0.41785672,0.44964325,0.40926093,0.9042529,-0.12178731
1355994634373,-0.40137312,0.04893118,-0.9146067,-0.8316458,0.39891317,0.38630763,0.38375115,0.9156823,-0.119419575
1355994634413,-0.34065202,0.013363719,-0.94009453,-0.8674396,0.38119867,0.3197437,0.3626358,0.9243966,-0.1182639
1355994634453,-0.2853053,-0.008014202,-0.9584032,-0.89028996,0.3725386,0.26191366,0.3549432,0.9279821,-0.113422215
1355994634493,-0.24163517,-0.014599025,-0.9702573,-0.9000387,0.3770934,0.21847385,0.36268815,0.92606014,-0.104258716
1355994634533,-0.2136696,-0.009451866,-0.9768603,-0.8995682,0.39184034,0.1929721,0.3809493,0.9199847,-0.09222692
1355994634573,-0.20571095,0.0074987113,-0.9785842,-0.8912388,0.41158456,0.19050369,0.40419868,0.9113407,-0.07798433
1355994634613,-0.2224595,0.0406411,-0.9740945,-0.87508714,0.43214738,0.2178787,0.42980722,0.9008868,-0.060570776
1355994634653,-0.26647785,0.09439772,-0.9592073,-0.848753,0.44861045,0.2799412,0.4567362,0.88872814,-0.03942436
1355994634693,-0.33284765,0.16387734,-0.92863154,-0.8098248,0.45485103,0.3705324,0.48311087,0.8753598,-0.01868409
1355994634733,-0.4071124,0.22706091,-0.88470507,-0.76147664,0.45051834,0.46603286,0.5043937,0.8634099,-0.010510087
1355994634773,-0.47285116,0.25229758,-0.8442498,-0.7159394,0.44852877,0.5350259,0.5136561,0.8574193,-0.031457543
1355994634813,-0.5213685,0.21672516,-0.8253515,-0.6888969,0.46388867,0.55698144,0.5035831,0.8589747,-0.0925557
1355994634868,-0.55179787,0.12432811,-0.8246584,-0.6875192,0.49188885,0.5341935,0.47205552,0.86173534,-0.18594521
1355994634895,-0.5688534,0.012853414,-0.82233846,-0.70201695,0.5133107,0.493644,0.4284601,0.8581066,-0.2829752
1355994634935,-0.5864118,-0.06346193,-0.80752325,-0.70955217,0.52111703,0.4743129,0.39071333,0.8511226,-0.35061872
1355994634975,-0.6153453,-0.07581067,-0.7846037,-0.6955191,0.52063066,0.49517363,0.3709493,0.85040957,-0.3730954
1355994635014,-0.65150285,-0.030891657,-0.75801694,-0.6620021,0.51116216,0.5481483,0.37053636,0.8589289,-0.35347396
1355994635054,-0.68255633,0.045935422,-0.729388,-0.62140834,0.4888218,0.6122948,0.3846668,0.8711735,-0.30510378
1355994635095,-0.7005045,0.12862247,-0.7019614,-0.58706814,0.45540643,0.6692952,0.4057641,0.8809434,-0.2435041
1355994635134,-0.7046403,0.19866936,-0.68118465,-0.567576,0.4183274,0.709126,0.42583978,0.8863028,-0.18201041
1355994635175,-0.69809264,0.24802594,-0.6716768,-0.5648635,0.3856917,0.72950053,0.43999523,0.8886647,-0.12914777
1355994635215,-0.683439,0.27546865,-0.6760385,-0.5773071,0.36284602,0.73147744,0.446797,0.8902021,-0.08895314
1355994635255,-0.6612691,0.28236085,-0.6949788,-0.60279036,0.35143524,0.71633583,0.44650525,0.8926173,-0.062188864
1355994635295,-0.63022,0.2697724,-0.7280423,-0.63994604,0.35048848,0.68383247,0.43964964,0.8968727,-0.048245072
1355994635334,-0.58770365,0.23740102,-0.77346313,-0.6877255,0.35699427,0.6321304,0.42619026,0.9034356,-0.04654008
1355994635374,-0.53148794,0.1862751,-0.8263305,-0.74325,0.36538994,0.5604192,0.40632492,0.91202617,-0.055751324
1355994635414,-0.46325862,0.12571275,-0.8772616,-0.79864365,0.36984873,0.4747424,0.3841353,0.92054784,-0.070935965
1355994635455,-0.39127496,0.07143292,-0.9174972,-0.84368646,0.37034932,0.3886317,0.36755556,0.92614186,-0.0846414
1355994635495,-0.32529077,0.033637673,-0.94501555,-0.8733742,0.37241456,0.3138866,0.36249593,0.9274566,-0.09176475
1355994635534,-0.2715121,0.012761503,-0.96235037,-0.8890928,0.37952775,0.25587642,0.36850402,0.92509234,-0.091700196
1355994635575,-0.23319328,0.0057624876,-0.9724133,-0.89450324,0.3909607,0.21682662,0.38142487,0.92038935,-0.08601487
1355994635614,-0.21251824,0.011529177,-0.97708905,-0.89235413,0.40516064,0.19886896,0.39817083,0.91417277,-0.075815916
1355994635655,-0.21086481,0.031665385,-0.97700226,-0.883533,0.4214383,0.20435062,0.41821706,0.9063041,-0.060889125
1355994635695,-0.22779384,0.06718731,-0.97138864,-0.8676911,0.43868116,0.23381835,0.44183952,0.89612764,-0.041631043
1355994635735,-0.2591876,0.11191583,-0.9593209,-0.8449372,0.4548873,0.28135148,0.4678706,0.8834888,-0.023339331
1355994635774,-0.2967011,0.14675453,-0.9436268,-0.8185016,0.46995738,0.33044705,0.49195904,0.870404,-0.019318044
1355994635814,-0.32952577,0.14311677,-0.9332365,-0.7966288,0.48837972,0.35618514,0.50674987,0.8608152,-0.046922743
1355994635865,-0.34688434,0.07797372,-0.93466103,-0.79075223,0.51157796,0.33615312,0.50436306,0.85569155,-0.11580044
1355994635895,-0.3409431,-0.042820245,-0.9391082,-0.80669796,0.52625465,0.26887608,0.4826967,0.8492482,-0.2139659
1355994635934,-0.31505436,-0.17554876,-0.9326968,-0.834923,0.51854557,0.18442878,0.4512696,0.83683515,-0.30993974
1355994635975,-0.28750357,-0.26822308,-0.9194553,-0.85780954,0.49912563,0.12262291,0.42603338,0.82397205,-0.37358475
1355994636014,-0.27511156,-0.29983893,-0.9134606,-0.86672986,0.48850954,0.10068658,0.41604447,0.81942356,-0.394274
1355994636044,-0.27130088,-0.29774025,-0.9152849,-0.86804044,0.48651615,0.09903443,0.41581437,0.82137245,-0.39044285
1355994636085,-0.29153585,-0.24290556,-0.9252047,-0.85537916,0.4991473,0.13848612,0.42817432,0.8317745,-0.35329568
1355994636125,-0.31779084,-0.1628511,-0.93407094,-0.837211,0.5106225,0.19581228,0.44506934,0.8442418,-0.29861182
1355994636165,-0.3391559,-0.08042285,-0.9372862,-0.82074285,0.5122051,0.2530356,0.45973295,0.8550895,-0.23972392
1355994636205,-0.34819886,-0.0125053525,-0.9373373,-0.8119029,0.50384414,0.29488093,0.4685843,0.863704,-0.1855911
1355994636244,-0.34092918,0.03166029,-0.93955576,-0.8136898,0.49060807,0.31178927,0.47082496,0.870805,-0.14150095
1355994636285,-0.3157999,0.049295068,-0.94754446,-0.8260506,0.4770379,0.3001255,0.46680936,0.8774992,-0.10992831
1355994636325,-0.27242446,0.041345716,-0.96128845,-0.84685236,0.46396905,0.2599495,0.4567559,0.88488597,-0.0913828
1355994636365,-0.21194622,0.010706276,-0.9772226,-0.8724897,0.44840828,0.19414377,0.44027323,0.89376473,-0.08569729
1355994636405,-0.13867861,-0.03569287,-0.989694,-0.89783686,0.4262547,0.11043474,0.4179199,0.9038987,-0.09115875
1355994636446,-0.06244439,-0.08438891,-0.9944744,-0.9170945,0.39795792,0.023815691,0.39374915,0.91351414,-0.10224289
1355994636485,0.005901009,-0.1222938,-0.9924764,-0.9269278,0.37171444,-0.051314235,0.37519318,0.9202568,-0.11116403
1355994636525,0.060091764,-0.14491817,-0.9876172,-0.9278673,0.35668752,-0.1087949,0.36803705,0.92291534,-0.11303085
1355994636564,0.097853616,-0.15439287,-0.9831518,-0.92299867,0.3553412,-0.14766878,0.3721533,0.9218977,-0.10773295
1355994636604,0.117257625,-0.1525923,-0.9813084,-0.91576576,0.36567906,-0.16628852,0.38421828,0.9181473,-0.09686017
1355994636645,0.11545737,-0.13895237,-0.98354554,-0.90868556,0.38515294,-0.16108286,0.4011983,0.9123318,-0.081795275
