1355995536665,-0.2527086,-0.045878142,-0.96645415,-0.96108425,0.12712091,0.24527001,0.111604005,0.99082565,-0.076217294
1355995536704,0.99374914,-0.111480385,0.005891431,-0.002663236,-0.076432884,-0.99707115,0.11160417,0.9908229,-0.07625201
1355995536745,0.9937487,-0.111480996,0.0059548244,-0.0026251487,-0.076658994,-0.99705386,0.11160906,0.9908054,-0.07647243
1355995536783,0.9937459,-0.11148177,0.006391853,-0.0022544079,-0.07725966,-0.99700844,0.1116421,0.99075866,-0.0770278
1355995536825,0.9937356,-0.111496896,0.007614225,-0.0011502951,-0.07833326,-0.99692655,0.11175066,0.9906727,-0.0779708
1355995536864,0.99371064,-0.11152378,0.010080442,0.0011824034,-0.07956606,-0.99682885,0.11197219,0.9905713,-0.078933775
1355995536903,0.9936617,-0.11155136,0.013882261,0.0049036257,-0.08036345,-0.99675363,0.11230484,0.99050397,-0.07930708
1355995536943,0.99357855,-0.111576155,0.018774413,0.00982048,-0.080263644,-0.99672526,0.11271768,0.9905092,-0.0786525
1355995536984,0.99345505,-0.11155185,0.024559792,0.015749425,-0.07918525,-0.99673545,0.11313246,0.9905987,-0.07691011
1355995537024,0.9932883,-0.11144979,0.030939933,0.022388969,-0.07717529,-0.9967661,0.11347717,0.9907688,-0.074162066
1355995537063,0.9930774,-0.11125029,0.037690796,0.029472686,-0.07461241,-0.996777,0.11370393,0.9909876,-0.07081705
1355995537105,0.9928353,-0.11100826,0.044218417,0.03638549,-0.07162267,-0.99676794,0.1138165,0.9912353,-0.067070425
1355995537144,0.99257857,-0.11077283,0.050171413,0.042738512,-0.06848556,-0.9967363,0.11384731,0.99148333,-0.06324303
1355995537183,0.9923362,-0.11062892,0.05504617,0.047980633,-0.06554648,-0.9966952,0.11387141,0.99169797,-0.059736103
1355995537223,0.9921356,-0.11066224,0.05848805,0.0517599,-0.062726766,-0.99668765,0.113964446,0.9918766,-0.05650559
1355995537264,0.9919952,-0.11093902,0.060316056,0.053924628,-0.05973959,-0.99675643,0.11418243,0.99203014,-0.053279042
1355995537303,0.991925,-0.11142686,0.0605715,0.054551408,-0.056307465,-0.99692214,0.114494525,0.9921762,-0.04977429
1355995537343,0.99193585,-0.111993626,0.05933497,0.053711284,-0.05258298,-0.99717104,0.11479681,0.9923167,-0.04614362
1355995537383,0.99202794,-0.11248736,0.05680762,0.051541135,-0.04918781,-0.9974588,0.11499575,0.992435,-0.042997956
1355995537423,0.99217474,-0.112853676,0.05341708,0.048402697,-0.04671669,-0.99773484,0.11509351,0.99251276,-0.040888697
1355995537463,0.9923263,-0.11314907,0.04985802,0.044977896,-0.045282006,-0.9979612,0.11517605,0.99254566,-0.039845318
1355995537504,0.99243855,-0.11344479,0.046860173,0.042035684,-0.04455331,-0.9981223,0.11531955,0.99254483,-0.039447695
1355995537542,0.9924964,-0.1137314,0.044900585,0.040103003,-0.04412678,-0.9982207,0.11551036,0.99253106,-0.039234698
1355995537600,0.9925129,-0.11393504,0.04401122,0.039242435,-0.04376611,-0.99827075,0.115664214,0.99252367,-0.03896734
1355995537624,0.99251497,-0.11399626,0.04380515,0.039076142,-0.04339391,-0.9982936,0.1157026,0.992533,-0.03861457
1355995537665,0.99253464,-0.11389427,0.04362442,0.038941342,-0.04302475,-0.9983148,0.11557926,0.9925608,-0.038268358
1355995537704,0.99260294,-0.11362755,0.042757124,0.03810894,-0.042770118,-0.9983578,0.11526969,0.99260235,-0.03812352
1355995537734,0.9927224,-0.11329522,0.040822845,0.03618946,-0.042656988,-0.9984342,0.11485919,0.99264526,-0.038246453
1355995537773,0.99290717,-0.1126951,0.03788368,0.033200547,-0.04314688,-0.998517,0.11416252,0.9926924,-0.039099306
1355995537815,0.99317575,-0.11181337,0.03316099,0.028331634,-0.044507354,-0.9986072,0.11313355,0.992732,-0.04103577
1355995537855,0.9934895,-0.1106773,0.027004797,0.021918118,-0.04692152,-0.99865806,0.11179589,0.99274814,-0.0441902
1355995537897,0.9938402,-0.109050035,0.019742604,0.01422108,-0.0511806,-0.9985881,0.10990651,0.99271774,-0.04931453
1355995537936,0.9941785,-0.10710412,0.011741769,0.005646568,-0.057035863,-0.9983562,0.10759775,0.9926106,-0.056099057
1355995537977,0.9944591,-0.10506186,0.0036138333,-0.0032052472,-0.064664185,-0.99790186,0.10507512,0.992361,-0.06464264
1355995538015,0.9946254,-0.103471875,-0.0037290454,-0.011399388,-0.0736379,-0.9972199,0.10290962,0.9919027,-0.074421644
1355995538057,0.99466866,-0.10268359,-0.009504341,-0.018119685,-0.08329797,-0.99635994,0.101518124,0.99122024,-0.08471447
1355995538096,0.9946364,-0.102514066,-0.013757341,-0.023326479,-0.092739224,-0.9954171,0.10076842,0.990399,-0.0946331
1355995538136,0.9946002,-0.10230124,-0.01746263,-0.027798515,-0.10049698,-0.9945489,0.099988654,0.98966396,-0.102798134
1355995538176,0.9946132,-0.10133571,-0.021810874,-0.03250461,-0.1051065,-0.9939297,0.0984281,0.98928446,-0.10783419
1355995538215,0.9947385,-0.09907654,-0.0260599,-0.03654844,-0.10556853,-0.99374014,0.095705226,0.9894641,-0.108634174
1355995538256,0.9948427,-0.09570501,-0.033593707,-0.043290697,-0.1011188,-0.99393195,0.091727324,0.9902603,-0.10474044
1355995538295,0.99494255,-0.090688184,-0.043186165,-0.051559705,-0.09211883,-0.99441224,0.08620318,0.99160963,-0.096328795
1355995538336,0.99496347,-0.08356828,-0.055353243,-0.062040053,-0.07966229,-0.99488944,0.07873164,0.9933128,-0.084445655
1355995538374,0.994747,-0.073878005,-0.07085535,-0.075701475,-0.06499976,-0.9950097,0.06890376,0.9951468,-0.07025099
1355995538414,0.99408495,-0.061917193,-0.08922615,-0.09237542,-0.050010473,-0.9944676,0.057112403,0.9968276,-0.055434287
1355995538451,0.9926652,-0.047541678,-0.11115622,-0.11290099,-0.035733104,-0.99296355,0.043235205,0.99823,-0.04083851
1355995538494,0.9901629,-0.03117992,-0.13640098,-0.13715592,-0.023503244,-0.9902706,0.0276707,0.9992374,-0.027548552
1355995538534,0.98623383,-0.013175048,-0.16483098,-0.1650149,-0.014357537,-0.98618656,0.010626487,0.99981016,-0.016333967
1355995538603,0.98080826,0.0052644834,-0.19490367,-0.19485208,-0.008990972,-0.9807914,-0.0069157556,0.9999457,-0.007792623
1355995538617,0.97434485,0.022237793,-0.22395866,-0.22384694,-0.00742367,-0.974596,-0.023335472,0.9997251,-0.0022553513
1355995538656,0.9678994,0.03534928,-0.24883974,-0.24867007,-0.009187639,-0.96854466,-0.036523618,0.9993327,-1.0239985E-4
1355995538695,0.96252584,0.043147013,-0.26773536,-0.26736605,-0.01422146,-0.96349,-0.045379326,0.9989674,-0.0021524737
1355995538735,0.9584709,0.04596424,-0.281462,-0.28066206,-0.023150444,-0.95952743,-0.050619915,0.9986748,-0.009288609
1355995538775,0.9547742,0.046075784,-0.2937399,-0.29229692,-0.035582453,-0.95566547,-0.05448503,0.998304,-0.020505399
1355995538816,0.9504755,0.04545468,-0.3074576,-0.305266,-0.049305644,-0.95098984,-0.058386333,0.99774885,-0.03298804
1355995538857,0.9456067,0.043720886,-0.32236072,-0.3195452,-0.060922477,-0.94561046,-0.06098193,0.99718446,-0.0436379
1355995538896,0.9409123,0.038955227,-0.33640233,-0.3334111,-0.06749821,-0.9403622,-0.05933857,0.9969586,-0.05052179
1355995538936,0.9375135,0.029447705,-0.34670064,-0.34418476,-0.067683786,-0.9364592,-0.051042616,0.99727213,-0.053319007
1355995538976,0.9347792,0.016750246,-0.35483408,-0.35317305,-0.06349659,-0.93340075,-0.038165465,0.9978415,-0.053439558
1355995539017,0.93415403,7.6009333E-4,-0.35686925,-0.35627663,-0.05565852,-0.9327214,-0.020571768,0.99844956,-0.051722825
1355995539056,0.9362147,-0.017076269,-0.35101348,-0.3514285,-0.04632622,-0.9350679,-2.9367208E-4,0.99878037,-0.049372375
1355995539097,0.94345546,-0.038086787,-0.32930428,-0.33063686,-0.03649524,-0.9430522,0.023899779,0.99860775,-0.04702452
1355995539136,0.9578079,-0.062359557,-0.2805627,-0.28277802,-0.02992931,-0.9587184,0.05138822,0.99760497,-0.04630044
1355995539177,0.97774065,-0.08809368,-0.19042777,-0.19403763,-0.03433162,-0.98039323,0.079828754,0.9955204,-0.05066091
1355995539215,0.9930277,-0.10705772,-0.04934285,-0.0560616,-0.060682684,-0.99658144,0.103697486,0.9923992,-0.06626141
1355995539255,0.98798054,-0.101651005,0.116453916,0.1047683,-0.11358595,-0.9879888,0.11365758,0.9883144,-0.101570904
1355995539303,0.97089064,-0.05835203,0.23230669,0.21843368,-0.182235,-0.9586851,0.098275624,0.981522,-0.16418421
1355995539332,0.9600858,0.010291889,0.27951622,0.27318746,-0.24898428,-0.92917997,0.06003212,0.9684529,-0.24185789
1355995539373,0.95789874,0.08348352,0.27470088,0.2869836,-0.3063921,-0.90761465,0.008395314,0.9482376,-0.317451
1355995539414,0.9493612,0.14980003,0.2761761,0.31183517,-0.34190953,-0.8864856,-0.03836833,0.9277165,-0.37130857
1355995539454,0.9259638,0.20664382,0.31605273,0.37114114,-0.34375334,-0.8626053,-0.06960787,0.91604143,-0.39499718
1355995539493,0.8746955,0.25454542,0.4124493,0.47748747,-0.3065812,-0.8234158,-0.08314754,0.9171775,-0.38970745
1355995539533,0.7730617,0.28780395,0.56528264,0.6290329,-0.23288423,-0.7416755,-0.08181171,0.9289423,-0.36107203
1355995539601,0.60005426,0.2925817,0.7445339,0.7968911,-0.13718864,-0.5883399,-0.06999594,0.9463483,-0.3154764
1355995539615,0.3753441,0.25995168,0.88968647,0.9253981,-0.050741866,-0.37558433,-0.05248946,0.9642875,-0.25960448
1355995539655,0.16098374,0.20234975,0.96599114,0.9863981,-5.108118E-5,-0.16437384,-0.03321162,0.97931325,-0.19960558
1355995539695,0.0019232333,0.14141357,0.98994875,0.99988437,0.014661819,-0.004036993,-0.01508534,0.98984206,-0.14136899
1355995539735,-0.09303522,0.09053388,0.99153817,0.9956627,0.008978784,0.09260243,-5.1912665E-4,0.9958529,-0.090976536
1355995539775,-0.13192207,0.053667396,0.98980623,0.99121964,-0.0018745661,0.13221213,0.008950949,0.9985571,-0.052948892
1355995539813,-0.12264848,0.030493587,0.9919816,0.9923655,-0.0092897415,0.12298155,0.012965441,0.9994918,-0.029121399
1355995539853,-0.068297684,0.019438833,0.9974756,0.99759483,-0.010528386,0.06851101,0.011833549,0.9997556,-0.018673062
1355995539893,0.030430406,0.018729717,0.9993614,0.9995209,-0.0062339604,-0.030318439,0.0056621134,0.99980515,-0.018910408
1355995539933,0.16962579,0.026113302,0.9851625,0.9854989,-6.6906214E-5,-0.16968188,-0.004365027,0.99965894,-0.025745928
1355995539975,0.33006755,0.037163377,0.9432255,0.943849,0.0021422803,-0.3303702,-0.01429832,0.9993069,-0.03436953
1355995540013,0.47448844,0.044816196,0.8791201,0.8800566,-0.002594173,-0.47486162,-0.019000858,0.99899185,-0.040671676
1355995540054,0.57255435,0.044270933,0.8186706,0.8197104,-0.011410102,-0.5726645,-0.016011238,0.9989543,-0.042822227
1355995540096,0.6153956,0.03507331,0.7874377,0.78820145,-0.020823225,-0.615065,-0.005175352,0.9991678,-0.04045935
1355995540134,0.60968393,0.021695286,0.79234767,0.7925832,-0.029128715,-0.6090677,0.009866148,0.9993402,-0.034954652
1355995540175,0.5568496,0.0042478144,0.83060247,0.83006144,-0.039293632,-0.556286,0.030274391,0.9992187,-0.02540657
1355995540213,0.4551311,-0.013649613,0.8903198,0.8887129,-0.055001855,-0.4551529,0.05518189,0.99839294,-0.012902439
1355995540256,0.32626727,-0.027832061,0.94486773,0.94137836,-0.08112922,-0.32745212,0.0857701,0.99631494,-2.693236E-4
1355995540293,0.2065028,-0.027514368,0.97805905,0.97158945,-0.11236495,-0.20829785,0.115630716,0.993286,0.0035290122
1355995540333,0.14426455,-0.003720969,0.9895321,0.9803859,-0.13516101,-0.14343938,0.13427997,0.9908166,-0.015850931
1355995540375,0.14443627,0.049398422,0.9882803,0.98121524,-0.13623026,-0.13659438,0.12788606,0.98944485,-0.06814712
1355995540426,0.22105667,0.14324102,0.96468437,0.97230685,-0.10930005,-0.20657393,0.07585025,0.98363376,-0.1634357
1355995540467,0.28175893,0.23773354,0.92956686,0.9594218,-0.080943614,-0.27010706,0.011029035,0.9679519,-0.2508933
1355995540505,0.3042671,0.30430704,0.90267307,0.9516136,-0.054279327,-0.30246508,-0.0430457,0.9510262,-0.30609813
1355995540547,0.27942297,0.32902196,0.9020351,0.9571408,-0.020905942,-0.2888675,-0.07618585,0.94409084,-0.32076198
1355995540600,0.22178335,0.3136491,0.9232748,0.97115624,0.013979271,-0.23803404,-0.08756584,0.94943607,-0.30150187
1355995540625,0.15445992,0.27000502,0.9503891,0.9846554,0.037004083,-0.17054185,-0.08121544,0.9621476,-0.26014626
1355995540665,0.09959328,0.21435702,0.9716647,0.9930155,0.04066819,-0.11075345,-0.06325668,0.9759084,-0.20880955
1355995540705,0.068739176,0.15906376,0.98487246,0.9968142,0.029079616,-0.074269235,-0.040453315,0.98683995,-0.1565581
1355995540744,0.064757526,0.11020231,0.9917973,0.9977262,0.011451662,-0.06641704,-0.018677026,0.99384314,-0.10921013
1355995540784,0.08752936,0.070277065,0.9936799,0.99616075,-0.0046289563,-0.08742052,-0.0015439689,0.9975168,-0.07041243
1355995540824,0.13752928,0.040711552,0.9896606,0.99045146,-0.015307456,-0.13700938,0.009571373,0.9990536,-0.042427987
1355995540865,0.21507668,0.022218347,0.97634435,0.97648716,-0.019896865,-0.21465537,0.014656872,0.9995551,-0.025975317
1355995540905,0.31844392,0.014595628,0.94782937,0.94783366,-0.02000007,-0.31813735,0.014313221,0.99969345,-0.020203143
1355995540945,0.44130766,0.016944706,0.8971959,0.8973109,-0.018342495,-0.44101784,0.00898391,0.99968815,-0.023299336
1355995540985,0.57194346,0.027327806,0.8198377,0.8202925,-0.017851606,-0.57166564,-9.869337E-4,0.99946713,-0.032626912
1355995541027,0.69360566,0.041467547,0.7191604,0.7202271,-0.021118626,-0.6934169,-0.013566613,0.9989167,-0.044514045
1355995541066,0.79057205,0.051812887,0.6101731,0.6119172,-0.028571911,-0.7904055,-0.023519367,0.998248,-0.054293342
1355995541105,0.8570445,0.05261758,0.5125486,0.5145843,-0.037152734,-0.85663444,-0.02603145,0.9979233,-0.05891773
1355995541147,0.8987744,0.0435327,0.4362448,0.43794754,-0.04338622,-0.89795303,-0.020163283,0.99810946,-0.058059454
1355995541185,0.92290664,0.027457252,0.3840435,0.38494575,-0.045719206,-0.9218061,-0.0077521056,0.9985769,-0.052764114
1355995541226,0.9339423,0.007281676,0.35734957,0.35730875,-0.044383824,-0.9329311,0.009067237,0.998988,-0.044053737
1355995541265,0.9321413,-0.017041743,0.3616933,0.36080042,-0.04066345,-0.93175614,0.030586451,0.9990275,-0.031755418
1355995541306,0.91359365,-0.045766488,0.40404463,0.4025579,-0.038445737,-0.9145868,0.057391226,0.9982121,-0.016700119
1355995541365,0.8711078,-0.07581991,0.48520368,0.48302233,-0.04609266,-0.8743941,0.08866076,0.99605566,-0.0035289787
1355995541384,0.8040368,-0.0934407,0.58719134,0.58289045,-0.07098742,-0.80944395,0.1173182,0.993091,-0.0026108027
1355995541424,0.74187857,-0.07881144,0.6658866,0.657454,-0.10969657,-0.7454669,0.13179678,0.9908357,-0.029566646
1355995541461,0.71478117,-0.02225703,0.6989939,0.6887714,-0.1507673,-0.7091285,0.121168494,0.9883187,-0.09243562
1355995541504,0.72559464,0.06619388,0.6849313,0.6830106,-0.19037986,-0.7051611,0.08371976,0.97947633,-0.18334974
1355995541544,0.7424936,0.15982544,0.6505068,0.6690014,-0.22589013,-0.70810366,0.033770084,0.9609524,-0.2746454
1355995541606,0.7394359,0.23465055,0.63101006,0.673168,-0.24529907,-0.6976196,-0.008910656,0.9406207,-0.33934218
1355995541627,0.71016526,0.2817896,0.645182,0.7032039,-0.23939404,-0.66947347,-0.034197897,0.9291313,-0.3681649
1355995541665,0.6562833,0.30149844,0.6916581,0.75335145,-0.21096033,-0.62286234,-0.041879594,0.9298358,-0.36558402
1355995541705,0.584284,0.2963467,0.755507,0.8107252,-0.17119998,-0.55983496,-0.036562502,0.9396112,-0.34028518
1355995541745,0.5056016,0.27106118,0.8190805,0.8624325,-0.13234746,-0.4885636,-0.024027377,0.9534201,-0.30068702
1355995541785,0.4337449,0.23233089,0.87056744,0.9009867,-0.101761445,-0.42174336,-0.009393811,0.96729875,-0.25346556
1355995541825,0.37984455,0.18731815,0.9058863,0.9250434,-0.08070226,-0.37118974,0.0035764873,0.97897863,-0.20393175
1355995541864,0.3514646,0.1427069,0.9252607,0.936118,-0.066749066,-0.34529382,0.012484431,0.9875117,-0.15705043
1355995541905,0.35269964,0.10391152,0.92994916,0.93559635,-0.056366146,-0.3485431,0.016199976,0.99298805,-0.11709961
1355995541945,0.38436124,0.07449576,0.9201722,0.9230659,-0.04687515,-0.38177502,0.014692575,0.996119,-0.0867815
1355995541985,0.44390824,0.056545556,0.8942864,0.8960336,-0.03728375,-0.4424181,0.008325547,0.9977037,-0.06721726
1355995542025,0.52505434,0.050918818,0.8495441,0.85106415,-0.028146029,-0.5243068,-0.0027857423,0.99830604,-0.058113337
1355995542065,0.61567634,0.05574864,0.78602463,0.7878024,-0.02125816,-0.61556107,-0.017607272,0.9982185,-0.05700709
1355995542105,0.6991512,0.064706534,0.7120398,0.71425414,-0.01853551,-0.6996411,-0.03207338,0.9977323,-0.059176058
1355995542146,0.7625498,0.06962207,0.64317214,0.6456665,-0.019811727,-0.76336247,-0.04040453,0.9973766,-0.06006007
1355995542186,0.8022273,0.06541446,0.59342426,0.59575236,-0.023003958,-0.8028387,-0.038866162,0.9975929,-0.05742523
1355995542226,0.8219254,0.05375412,0.567053,0.56883025,-0.02588582,-0.82204753,-0.029509783,0.9982186,-0.05185318
1355995542266,0.82292056,0.0347279,0.5670941,0.5680151,-0.028026164,-0.8225408,-0.012671649,0.9990038,-0.04278928
1355995542306,0.80394065,0.011137664,0.5946052,0.5946407,-0.030269913,-0.80342156,0.009050429,0.9994797,-0.030958116
1355995542346,0.76230896,-0.01805368,0.64696145,0.64613616,-0.036418766,-0.7623527,0.037324846,0.9991735,-0.016097218
1355995542385,0.69392186,-0.04805827,0.7184447,0.7164958,-0.05293256,-0.69558024,0.071457505,0.99744093,-0.0022975057
1355995542426,0.6096397,-0.06501314,0.79000807,0.7855433,-0.083871916,-0.6130965,0.1061188,0.9943534,-6.1020255E-5
1355995542466,0.53707993,-0.049173206,0.84209687,0.83351016,-0.122485906,-0.5387559,0.12963736,0.99125135,-0.024798334
1355995542504,0.49906233,0.012041807,0.8664824,0.85703105,-0.15478143,-0.4914677,0.12819722,0.98787534,-0.08756575
1355995542544,0.49133557,0.111723036,0.8637751,0.8655964,-0.17263518,-0.4700426,0.096603334,0.97862923,-0.18152887
1355995542603,0.48693895,0.22041887,0.84516627,0.87216586,-0.17487042,-0.4568886,0.04708767,0.959602,-0.27739304
1355995542626,0.46141148,0.30324027,0.83375335,0.8871844,-0.15961157,-0.43292943,0.0017950833,0.9394517,-0.34267664
1355995542666,0.40818253,0.34197485,0.8464279,0.91253877,-0.12675115,-0.3888538,-0.025692523,0.9311216,-0.3638029
1355995542705,0.33619696,0.3393772,0.8785185,0.9411453,-0.08650942,-0.32674417,-0.0348894,0.93666387,-0.3484874
1355995542745,0.2581705,0.30458108,0.91683066,0.96562743,-0.05169308,-0.25473815,-0.03019461,0.95108265,-0.30745745
1355995542785,0.18870848,0.25176314,0.94921255,0.981869,-0.030694425,-0.18705958,-0.017959177,0.967302,-0.25299072
1355995542825,0.13890034,0.19438717,0.97104084,0.9902973,-0.023072302,-0.13703617,-0.004233986,0.9806535,-0.19570589
1355995542865,0.1117785,0.13975555,0.9838567,0.99370795,-0.022769034,-0.10966346,0.007075399,0.9899242,-0.14142126
1355995542905,0.109233946,0.092813015,0.9896735,0.993925,-0.02367422,-0.10748297,0.013453931,0.99540204,-0.09483522
1355995542945,0.13220999,0.05730617,0.9895638,0.9911226,-0.021762282,-0.13115793,0.014019012,0.9981194,-0.05967465
1355995542985,0.18068305,0.03543344,0.9829029,0.9834982,-0.015875429,-0.1802201,0.009218186,0.9992459,-0.037717134
1355995543024,0.2532608,0.027788252,0.9669989,0.96739805,-0.006960511,-0.2531653,-3.042221E-4,0.9995896,-0.028645128
1355995543064,0.34585664,0.033761144,0.93767977,0.93817484,0.0030310452,-0.34614834,-0.014528513,0.9994253,-0.030625522
1355995543105,0.4499175,0.05041042,0.89164627,0.89247704,0.011001751,-0.45095873,-0.032542735,0.9986681,-0.040040284
1355995543146,0.55147874,0.070859134,0.831174,0.83267254,0.013292164,-0.55360615,-0.05027616,0.9973978,-0.0516721
1355995543186,0.6362207,0.085544646,0.76674986,0.7690706,0.008600354,-0.63910586,-0.061266363,0.9962972,-0.060318127
1355995543226,0.69765294,0.088775486,0.71091443,0.71373415,-2.6911497E-5,-0.7004167,-0.06216073,0.99605167,-0.06338088
1355995543267,0.73474336,0.08008736,0.673601,0.6762771,-0.008999854,-0.7365924,-0.05292946,0.99674726,-0.060773835
1355995543305,0.7506993,0.0634585,0.65758926,0.6596133,-0.016415447,-0.75142586,-0.036889732,0.99784946,-0.054181144
1355995543346,0.7468044,0.041668057,0.66373706,0.6648493,-0.022644453,-0.7466342,-0.016080827,0.99887484,-0.044613972
1355995543385,0.7214125,0.0151953995,0.6923389,0.6924367,-0.029930353,-0.7208575,0.009768248,0.9994365,-0.032113984
1355995543426,0.67227644,-0.013482571,0.7401774,0.7391943,-0.042406082,-0.67215586,0.040450424,0.9990095,-0.018542364
1355995543465,0.6040698,-0.037062258,0.79606915,0.79345095,-0.06528641,-0.6051227,0.07439968,0.9971781,-0.010030493
1355995543506,0.53142214,-0.038779557,0.84621906,0.84077084,-0.09780809,-0.5324828,0.10341653,0.99444944,-0.019372672
1355995543547,0.47912338,0.0027684867,0.87774324,0.87058556,-0.12898389,-0.4748095,0.11190021,0.99164283,-0.0642094
1355995543603,0.44772324,0.08684528,0.8899449,0.88947135,-0.14517698,-0.43331796,0.091567844,0.98558694,-0.1422455
1355995543625,0.43218267,0.19827971,0.8797177,0.90075946,-0.14145206,-0.41063806,0.043016642,0.96988475,-0.23973548
1355995543665,0.40882927,0.3020717,0.86116856,0.9125111,-0.121352926,-0.3906366,-0.013494909,0.9455296,-0.3252564
1355995543705,0.36725914,0.37113968,0.85286343,0.92831564,-0.089194044,-0.3609358,-0.057887226,0.9242834,-0.37729204
1355995543745,0.31058997,0.39907473,0.86271274,0.946888,-0.050370798,-0.31759378,-0.0832881,0.9155338,-0.39352375
1355995543785,0.24822034,0.39256668,0.8855947,0.96429765,-0.013039574,-0.2644995,-0.09228587,0.91963106,-0.38178778
1355995543825,0.19037932,0.36197382,0.9125408,0.9775544,0.015544355,-0.21010873,-0.09023872,0.9320586,-0.3508898
1355995543864,0.1455667,0.31770766,0.9369483,0.9859407,0.03195113,-0.16401252,-0.08204457,0.9476502,-0.30858988
1355995543905,0.11839625,0.2674556,0.95626867,0.99046457,0.036510617,-0.13284162,-0.07044315,0.9628782,-0.26058263
1355995543945,0.109942466,0.21602014,0.9701794,0.9923247,0.03173557,-0.11951825,-0.056607544,0.975873,-0.21087301
1355995543985,0.11928624,0.16688013,0.97873473,0.99196315,0.02185601,-0.12462503,-0.042188615,0.9857349,-0.1629318
1355995544024,0.14455095,0.12331894,0.9817827,0.9890348,0.012328118,-0.14716712,-0.03025195,0.9922905,-0.1201846
1355995544065,0.18364832,0.0888218,0.9789709,0.9826939,0.007935733,-0.18506673,-0.024206787,0.9960159,-0.08582723
1355995544105,0.23448229,0.06660819,0.96983576,0.9717654,0.010900497,-0.23569754,-0.026271135,0.99771976,-0.06217158
1355995544145,0.29435286,0.058085382,0.95393,0.95502144,0.019642383,-0.29588568,-0.035924107,0.9981184,-0.04969102
1355995544186,0.35883096,0.060944885,0.9314108,0.93212056,0.028885216,-0.36099437,-0.048904717,0.9977231,-0.046443045
1355995544226,0.4211282,0.06692779,0.9045285,0.9051648,0.03241627,-0.423823,-0.057686955,0.9972311,-0.04692924
1355995544267,0.47285664,0.068489075,0.8784736,0.87929004,0.027881816,-0.4754699,-0.057057917,0.9972622,-0.04703766
1355995544306,0.5116266,0.063358575,0.8568687,0.85784686,0.018443763,-0.5135744,-0.04834324,0.99782044,-0.044915617
1355995544364,0.5350551,0.05104491,0.84327376,0.8442085,0.0055820197,-0.535986,-0.032066554,0.9986808,-0.04010585
1355995544383,0.5423659,0.03322476,0.83948517,0.84008074,-0.009342998,-0.5423809,-0.010177195,0.9994042,-0.032978803
1355995544424,0.5331404,0.011042237,0.8459548,0.845862,-0.026694447,-0.5327335,0.016699702,0.9995827,-0.023572102
1355995544461,0.50777745,-0.013365537,0.86138463,0.86011505,-0.04856825,-0.50778264,0.048622727,0.9987305,-0.013165981
1355995544506,0.4704116,-0.032865435,0.88183486,0.878505,-0.076910555,-0.47150165,0.08331853,0.99649614,-0.007307157
1355995544546,0.43298188,-0.032296777,0.90082383,0.89420694,-0.110631436,-0.43376788,0.11366877,0.99333656,-0.019021392
1355995544607,0.40320018,7.352829E-4,0.9151114,0.90621316,-0.13943759,-0.39916757,0.1273075,0.99023056,-0.056887537
1355995544625,0.39160663,0.07521132,0.91705364,0.91350543,-0.15118313,-0.37769222,0.11023635,0.9856403,-0.12791023
1355995544666,0.38611624,0.17562598,0.90557706,0.9202251,-0.14148107,-0.36492327,0.06403196,0.97423756,-0.21624362
1355995544706,0.36881092,0.2648919,0.89096063,0.9294126,-0.11857322,-0.34947497,0.013070941,0.95696014,-0.28992495
1355995544748,0.33560944,0.318162,0.88664496,0.9417131,-0.09003937,-0.32414412,-0.0232974,0.943751,-0.3298354
1355995544791,0.29008567,0.33170852,0.8976747,0.95620024,-0.062107608,-0.28604844,-0.039132267,0.9413353,-0.33519632
1355995544825,0.24125801,0.31426248,0.91816866,0.96966946,-0.03985764,-0.24114826,-0.03918779,0.9484991,-0.31434667
1355995544863,0.19935602,0.28070158,0.93886304,0.97941095,-0.025981903,-0.20019779,-0.031802356,0.95944333,-0.28010184
1355995544904,0.16878676,0.23884323,0.9562766,0.9853984,-0.018856525,-0.1692172,-0.022384346,0.970875,-0.2385385
1355995544943,0.1550228,0.1959143,0.96829003,0.9877945,-0.015692353,-0.15497038,-0.015166163,0.98049545,-0.1959557
1355995544984,0.15931061,0.15565029,0.97488105,0.98716044,-0.013520509,-0.15915856,-0.01159218,0.98771966,-0.15580577
1355995545024,0.18174839,0.120186865,0.97597265,0.98327905,-0.010711491,-0.18178993,-0.01139465,0.9926935,-0.12012404
1355995545063,0.22302118,0.09183383,0.9704783,0.97471964,-0.0071873963,-0.22331566,-0.013532728,0.99574834,-0.09111521
1355995545103,0.27964115,0.07246694,0.9573659,0.95992875,-0.0020195246,-0.28023696,-0.018374503,0.9973688,-0.070127845
1355995545143,0.35119495,0.06348941,0.93414736,0.93589735,0.0055387914,-0.35222933,-0.027536899,0.9979671,-0.057474375
1355995545183,0.43426913,0.065090954,0.8984284,0.8997955,0.015349314,-0.43604198,-0.04217267,0.99776137,-0.0519028
1355995545223,0.523039,0.07417026,0.8490753,0.85025597,0.023693219,-0.5258359,-0.059118718,0.9969641,-0.05067122
1355995545263,0.60899436,0.08305216,0.7888144,0.7900412,0.024795428,-0.61255217,-0.07043275,0.9962367,-0.05051434
1355995545303,0.6844106,0.08332124,0.7243202,0.72582805,0.01610151,-0.68768764,-0.06896162,0.9963926,-0.049456865
1355995545343,0.74586546,0.07164031,0.6622329,0.663923,2.9414147E-4,-0.7478008,-0.053767473,0.99743044,-0.047344267
1355995545383,0.79311717,0.05013442,0.6070023,0.6083738,-0.017599791,-0.7934556,-0.029096365,0.9985875,-0.044459186
1355995545424,0.8257257,0.021966696,0.563644,0.5640711,-0.03378457,-0.8250347,9.1922283E-4,0.99918765,-0.040287554
1355995545465,0.8421133,-0.009839684,0.5392108,0.53826106,-0.04671585,-0.8414824,0.033469588,0.99885976,-0.03404373
1355995545514,0.8351966,-0.04831694,0.5478249,0.5449455,-0.06138906,-0.8362212,0.07403411,0.99694383,-0.02494184
1355995545553,0.7966325,-0.07787457,0.5994265,0.5938821,-0.08390719,-0.8001648,0.11260866,0.99342597,-0.020594895
1355995545605,0.74417996,-0.08558941,0.6624731,0.6525669,-0.11865923,-0.7483825,0.14266214,0.9892393,-0.03245101
1355995545635,0.70138323,-0.05598122,0.7105826,0.6961199,-0.16050826,-0.6997529,0.15322739,0.98544574,-0.07360817
1355995545676,0.6958921,0.013712227,0.71801543,0.7053403,-0.2010218,-0.67976856,0.13501567,0.97949076,-0.14956126
1355995545715,0.7246796,0.10757953,0.6806365,0.6832347,-0.24062182,-0.6894138,0.089609206,0.9646386,-0.24787578
1355995545756,0.7552342,0.19797066,0.6248432,0.6545582,-0.2776499,-0.70318145,0.034278333,0.9400628,-0.339274
1355995545795,0.76412165,0.26586878,0.5877346,0.6449667,-0.2984081,-0.70354146,-0.011665016,0.9166605,-0.39949661
1355995545835,0.74553305,0.30737144,0.5913571,0.6653314,-0.29143614,-0.68731296,-0.03891751,0.90586305,-0.42177916
1355995545874,0.7025148,0.3239597,0.6336585,0.7100116,-0.25831395,-0.65510106,-0.048543483,0.9101231,-0.4114845
1355995545915,0.6420741,0.31742543,0.6978409,0.7652734,-0.21099448,-0.6081431,-0.045799464,0.924512,-0.3783913
1355995545955,0.5767618,0.2910145,0.7633193,0.816093,-0.16341893,-0.5543343,-0.036578476,0.9426584,-0.3317487
1355995545995,0.52224755,0.25084922,0.81506574,0.85239995,-0.12450114,-0.5078521,-0.02591768,0.95998657,-0.27884427
1355995546034,0.49223584,0.20449096,0.8461012,0.8702937,-0.09651095,-0.48298496,-0.017108023,0.9740991,-0.22547337
1355995546075,0.4949295,0.1585531,0.8543452,0.86885583,-0.077190146,-0.48901036,-0.011587054,0.9843285,-0.17596346
1355995546115,0.53285825,0.11769971,0.837979,0.84614897,-0.06277011,-0.529237,-0.00969106,0.9910634,-0.13303909
1355995546155,0.6035503,0.085556686,0.7927214,0.7972393,-0.050185814,-0.6015737,-0.011685342,0.99506855,-0.098498836
1355995546195,0.6989439,0.06592786,0.71213126,0.7149359,-0.03858407,-0.6981245,-0.018548936,0.99707806,-0.07410228
1355995546235,0.80286586,0.06150514,0.59297854,0.5953322,-0.030325502,-0.8029072,-0.03140056,0.997646,-0.060963295
1355995546276,0.89162076,0.06977002,0.44737518,0.45011914,-0.02956298,-0.89247894,-0.049042508,0.9971249,-0.057763793
1355995546317,0.948926,0.081363656,0.30482692,0.30852163,-0.037237614,-0.9504882,-0.06598415,0.9959886,-0.060438182
1355995546356,0.9775258,0.08593415,0.19250603,0.19710971,-0.048680335,-0.979172,-0.07477306,0.99511075,-0.06452474
1355995546396,0.9898617,0.079469346,0.11772163,0.12249916,-0.05817443,-0.99076223,-0.07188684,0.9951384,-0.06731957
1355995546435,0.995024,0.06302587,0.07716818,0.08113668,-0.063040495,-0.9947073,-0.057827577,0.9960188,-0.06784052
1355995546476,0.9971312,0.040506046,0.063941024,0.06641505,-0.063002676,-0.995801,-0.036307506,0.99719095,-0.06551215
1355995546516,0.99685735,0.0136828795,0.078026995,0.07869884,-0.05851412,-0.99517965,-0.009051241,0.9981928,-0.059407055
1355995546556,0.9922013,-0.015232593,0.12371109,0.12276465,-0.052336603,-0.99105483,0.021570958,0.9985133,-0.050058424
1355995546605,0.97704905,-0.046586156,0.20785783,0.20554712,-0.049910665,-0.9773737,0.0559064,0.9976666,-0.039189517
1355995546635,0.9396092,-0.07392031,0.33417112,0.33013165,-0.06175828,-0.9419124,0.09026429,0.99535,-0.033625215
1355995546676,0.8758725,-0.08040005,0.47579736,0.46847498,-0.09466794,-0.87839013,0.115665376,0.99225694,-0.04525164
1355995546720,0.81278855,-0.047394842,0.5806277,0.5701299,-0.14006692,-0.8095265,0.119694114,0.98900706,-0.086823575
1355995546754,0.7820318,0.02344355,0.6227974,0.61572814,-0.18372962,-0.76623905,0.096462965,0.98269725,-0.15811726
1355995546796,0.78391397,0.112020046,0.6106802,0.61877227,-0.22173455,-0.75362766,0.050987512,0.9686513,-0.24313572
1355995546837,0.789241,0.19317618,0.5829079,0.6140833,-0.24742365,-0.7494553,-5.517304E-4,0.94945484,-0.31390315
1355995546876,0.7766651,0.25250754,0.5770886,0.6284778,-0.24880248,-0.7369619,-0.04250738,0.93505996,-0.35193163
1355995546915,0.7395449,0.28720063,0.60876036,0.66947097,-0.21996379,-0.7095242,-0.06987056,0.9322724,-0.3549456
1355995546955,0.67428094,0.29810673,0.6756313,0.73381275,-0.16783172,-0.6582944,-0.08284959,0.93966216,-0.33192027
1355995546995,0.58329636,0.286031,0.76023126,0.80790377,-0.107504606,-0.5794258,-0.084005386,0.9521707,-0.29379255
1355995547035,0.4808666,0.25506416,0.838874,0.8734276,-0.05559355,-0.48377016,-0.07675645,0.96532464,-0.24951315
1355995547065,0.4005829,0.21849263,0.8898282,0.91379523,-0.0240746,-0.40546104,-0.06716797,0.9755416,-0.20930141
1355995547105,0.332467,0.17888749,0.92599404,0.9415637,-0.0066690743,-0.33676875,-0.054068178,0.9838469,-0.17065126
1355995547145,0.30639213,0.14258519,0.9411659,0.9510206,-0.0032304525,-0.3091109,-0.04103428,0.9897773,-0.13659126
1355995547185,0.32605258,0.113805056,0.9384765,0.9448168,-0.0058419406,-0.32754695,-0.031793952,0.9934859,-0.10942972
1355995547225,0.3940338,0.09489566,0.91418386,0.918618,-0.008590519,-0.39505318,-0.029635519,0.99545014,-0.090557784
1355995547265,0.5098656,0.0873335,0.85580945,0.859496,-0.009961709,-0.51104534,-0.03610608,0.9961293,-0.08014193
1355995547305,0.65799505,0.089845896,0.7476431,0.7514376,-0.013964832,-0.65965635,-0.048826694,0.9958578,-0.07670236
1355995547364,0.7975159,0.094757855,0.5958098,0.6002511,-0.025502145,-0.7994049,-0.060555488,0.99517363,-0.07721688
1355995547383,0.89163524,0.0917836,0.44335356,0.44831514,-0.04218978,-0.8928793,-0.0632467,0.9948848,-0.07876587
1355995547425,0.9403791,0.07705039,0.331286,0.3359296,-0.057830393,-0.9401101,-0.053277463,0.9953487,-0.080266
1355995547461,0.96289474,0.055004574,0.26421237,0.2676677,-0.069627434,-0.9609922,-0.034462556,0.9960555,-0.081766844
1355995547505,0.9695919,0.02914416,0.24298576,0.24455598,-0.0782398,-0.9664734,-0.009155877,0.9965084,-0.08298805
1355995547543,0.9640181,0.004239604,0.26580277,0.26519614,-0.08469963,-0.960467,0.01844138,0.9963975,-0.08277631
1355995547608,0.94003415,-0.018379644,0.3405847,0.3376102,-0.09193531,-0.9367856,0.04852952,0.99559534,-0.08021718
1355995547625,0.8786619,-0.03334698,0.47627848,0.47074744,-0.10598692,-0.87587875,0.07968719,0.9938082,-0.07742867
1355995547667,0.7636805,-0.02996549,0.64489853,0.6365627,-0.13155402,-0.75992197,0.107610464,0.990856,-0.08139032
1355995547706,0.6296617,0.0030004084,0.77686363,0.7669859,-0.16140534,-0.6210322,0.12352663,0.9868836,-0.10393199
1355995547746,0.5521479,0.065790564,0.83114636,0.82544553,-0.18345349,-0.5338392,0.11735514,0.98082435,-0.15559997
1355995547785,0.55990005,0.1490609,0.8150416,0.8241922,-0.20106997,-0.5294129,0.08496559,0.9681693,-0.23543395
1355995547826,0.6009797,0.23498532,0.7639407,0.7983705,-0.22168201,-0.5598765,0.037789166,0.9463821,-0.32083172
1355995547867,0.6175479,0.30694163,0.7241695,0.7865094,-0.23381191,-0.5716074,-0.0061306655,0.922561,-0.3858025
1355995547905,0.5757262,0.35941142,0.7344132,0.8169177,-0.21503443,-0.5351688,-0.034421682,0.90806586,-0.41741052
1355995547946,0.46407118,0.38888487,0.7958684,0.8846159,-0.1570656,-0.43907303,-0.045745283,0.90779895,-0.41690335
1355995547985,0.28717428,0.3868457,0.8762884,0.95683694,-0.07320304,-0.2812552,-0.044655412,0.91923434,-0.39117026
1355995548025,0.082004786,0.35093662,0.9328015,0.99594986,0.005762756,-0.08972433,-0.03686303,0.93638146,-0.3490427
1355995548064,-0.100984484,0.29446697,0.9503112,0.99453163,0.05544123,0.088504404,-0.026624769,0.9540521,-0.29845536
1355995548105,-0.23635834,0.23430848,0.9429922,0.9715208,0.07376212,0.22518101,-0.016795278,0.96936,-0.24506986
1355995548145,-0.32500076,0.17933384,0.9285548,0.94566226,0.071881115,0.31710586,-0.009877741,0.98115873,-0.19295067
1355995548185,-0.3757938,0.1321286,0.91723555,0.9266696,0.062017024,0.3707254,-0.0079007745,0.9892906,-0.14574522
1355995548225,-0.39354116,0.093999356,0.9144887,0.91923535,0.052654266,0.39017162,-0.011475831,0.9941789,-0.10712916
1355995548265,-0.3760205,0.06670636,0.9242072,0.92639256,0.048738718,0.3733918,-0.020137072,0.9965816,-0.08012301
1355995548305,-0.3113706,0.052427888,0.9488412,0.94970393,0.052185833,0.30877018,-0.033327878,0.9972602,-0.0660401
1355995548345,-0.1737073,0.053661227,0.9833343,0.98354423,0.059809327,0.17048058,-0.04966429,0.99676645,-0.06316751
1355995548384,0.07050893,0.071262926,0.99496233,0.99537635,0.06019482,-0.074849606,-0.06522557,0.99563956,-0.06668913
1355995548426,0.3883903,0.09415853,0.91667175,0.9185246,0.040248454,-0.3933096,-0.07392806,0.9947432,-0.07085481
1355995548472,0.632352,0.10159689,0.76799035,0.7712778,0.010259375,-0.6364161,-0.072537035,0.9947728,-0.07187191
1355995548506,0.73470336,0.09114045,0.67223835,0.6756807,-0.00986249,-0.7371285,-0.0605523,0.9957893,-0.06882785
1355995548546,0.7394681,0.073957115,0.6691168,0.67183363,-0.017972678,-0.74048406,-0.04273826,0.99709946,-0.06297709
1355995548606,0.66296667,0.05351895,0.7467335,0.74838483,-0.020885587,-0.6629359,-0.019883692,0.9983484,-0.05389923
1355995548625,0.49001306,0.032580525,0.871106,0.87168443,-0.026684925,-0.4893404,0.007302493,0.9991127,-0.041475892
1355995548666,0.25375733,0.01603064,0.9671351,0.96646154,-0.045021266,-0.2528344,0.039488554,0.9988574,-0.026917487
1355995548706,0.048821688,0.0133648515,0.99871814,0.9959927,-0.07566768,-0.047675878,0.0749335,0.9970436,-0.017005533
1355995548746,-0.06873208,0.03195113,0.99712336,0.992114,-0.10281807,0.07168141,0.10481259,0.9941869,-0.024632245
1355995548790,-0.09629387,0.078076005,0.9922861,0.9886813,-0.10773015,0.10442054,0.115051836,0.9911097,-0.066818535
1355995548826,-0.07420796,0.14993873,0.9859065,0.9923538,-0.086672306,0.08787456,0.098626524,0.98488903,-0.14236051
1355995548867,-0.02626586,0.23947266,0.9705478,0.9980527,-0.048666537,0.039018214,0.056576997,0.96968263,-0.23772806
1355995548906,-0.003703922,0.31706494,0.94839656,0.99992806,-0.009642512,0.0071288943,0.011405289,0.9483548,-0.3170064
1355995548947,-0.025511563,0.3597803,0.9326881,0.9994408,0.02935177,0.016015142,-0.021614105,0.9325752,-0.36032796
1355995548985,-0.08421752,0.36223048,0.92827606,0.9957544,0.06533149,0.06484595,-0.037156433,0.9297961,-0.3661946
1355995549025,-0.1559295,0.3333225,0.92982906,0.98703814,0.08876389,0.13370347,-0.037968874,0.9386251,-0.34284294
1355995549065,-0.21881375,0.28765315,0.93240345,0.9753098,0.09371176,0.19997212,-0.029854596,0.9531388,-0.30105639
1355995549105,-0.26128584,0.2375735,0.9355686,0.9650748,0.08335841,0.2483587,-0.01898408,0.9677862,-0.2510566
1355995549145,-0.2822814,0.18842825,0.9406445,0.95928216,0.065403104,0.27477303,-0.009746045,0.9799068,-0.19921792
1355995549185,-0.2814712,0.1431944,0.94882524,0.9595574,0.04699838,0.27756205,-0.004847914,0.9885781,-0.15063196
1355995549225,-0.2579654,0.104607254,0.96047443,0.96613944,0.033423305,0.25584665,-0.0053388476,0.9939518,-0.10968727
1355995549265,-0.20885319,0.075692356,0.9750133,0.97788876,0.02704215,0.2073698,-0.010670185,0.9967644,-0.079666555
1355995549305,-0.12960511,0.059114963,0.989802,0.9913752,0.027293444,0.12818104,-0.0194377,0.997878,-0.06214243
1355995549345,-0.015888274,0.05617279,0.9982946,0.9994013,0.031582177,0.014128774,-0.030734658,0.99792135,-0.056640983
1355995549385,0.13143742,0.065514416,0.9891572,0.99033904,0.035800397,-0.13396561,-0.044188857,0.9972092,-0.060175955
1355995549426,0.2998036,0.08190161,0.9504788,0.95225614,0.034537613,-0.30334023,-0.05767131,0.9960418,-0.06763679
1355995549466,0.46327412,0.09538767,0.8810665,0.8837563,0.02427937,-0.467317,-0.06596798,0.995144,-0.07305145
1355995549507,0.59112024,0.09751177,0.8006674,0.8039849,0.008384779,-0.59459066,-0.064693004,0.9951991,-0.07344158
1355995549545,0.67960864,0.08908728,0.7281453,0.73145103,-0.0068172365,-0.68185997,-0.055781126,0.9960005,-0.069796026
1355995549609,0.72860825,0.07230845,0.6811031,0.68373585,-0.018075041,-0.72950566,-0.040438443,0.9972185,-0.062609494
1355995549625,0.74129796,0.05043751,0.66927826,0.6708589,-0.025028735,-0.7411625,-0.020631164,0.9984135,-0.052390188
1355995549666,0.71457696,0.024329364,0.69913375,0.69954693,-0.030185059,-0.7139489,0.0037334263,0.9992482,-0.03858909
1355995549705,0.6387494,-0.004582584,0.7694012,0.7686883,-0.03964442,-0.6383937,0.033427954,0.99920326,-0.02180028
1355995549746,0.51256126,-0.027871817,0.85819817,0.85603285,-0.06139797,-0.5132621,0.06699717,0.9977241,-0.0076110214
1355995549788,0.3720296,-0.027000636,0.9278281,0.92303133,-0.09478974,-0.37286475,0.09801614,0.99513113,-0.010342181
1355995549826,0.2584538,0.010510862,0.96596646,0.95910275,-0.12227243,-0.25528693,0.11542776,0.99244094,-0.04168281
1355995549866,0.21780217,0.09032506,0.97180426,0.97023886,-0.12799937,-0.2055543,0.105823666,0.9876525,-0.11551538
1355995549906,0.2053085,0.19202358,0.95967454,0.97592074,-0.11397636,-0.18597832,0.07366806,0.9747493,-0.21080008
1355995549946,0.19116193,0.28818563,0.9382996,0.98107207,-0.08618963,-0.1734041,0.030899107,0.9536878,-0.29920703
1355995549985,0.14069235,0.35271153,0.9250947,0.99003685,-0.044730067,-0.13351473,-0.0057125986,0.93466234,-0.35549057
1355995550024,0.05137238,0.37554535,0.92537916,0.998291,0.0065334737,-0.058071494,-0.027854383,0.926781,-0.37456787
1355995550065,-0.05714932,0.36142454,0.9306483,0.9977492,0.05342856,0.04052043,-0.035078138,0.93086934,-0.36366445
1355995550104,-0.15978605,0.3235801,0.9326116,0.9866664,0.08197141,0.1406065,-0.03095004,0.9426434,-0.33236343
1355995550145,-0.24118838,0.27518228,0.9306465,0.9702616,0.08864078,0.225245,-0.02050978,0.95729697,-0.28837794
1355995550185,-0.2973946,0.22450799,0.92798316,0.95471555,0.078728706,0.2869147,-0.008644313,0.9712868,-0.23775482
1355995550225,-0.3296616,0.17611015,0.92752814,0.9440986,0.06039983,0.3240829,0.0010517538,0.98251563,-0.18617684
1355995550265,-0.3401175,0.13313252,0.9309113,0.9403586,0.04101938,0.33770287,0.0067738295,0.99024904,-0.1391437
1355995550305,-0.3301826,0.09818366,0.93879676,0.94388485,0.026128232,0.32923952,0.007796824,0.99482524,-0.10130119
1355995550363,-0.3005311,0.073043555,0.9509709,0.95376635,0.019602,0.299909,0.0032655299,0.9971361,-0.07555747
1355995550383,-0.25145358,0.05833894,0.9661095,0.96783787,0.023203671,0.2505023,-0.0078032315,0.99802715,-0.062297344
