1355994802604,-0.42349434,-0.0033937395,0.9058924,0.88803244,0.19606805,0.41587955,-0.17902789,0.98058444,-0.08001995
1355994802643,0.10537124,-0.06179455,-0.99251115,-0.9781853,-0.18612188,-0.09226218,-0.17902672,0.9805815,-0.080058396
1355994802683,0.105656505,-0.061932117,-0.99247223,-0.9781554,-0.18615294,-0.092516094,-0.1790219,0.980567,-0.08024752
1355994802725,0.10635856,-0.06222391,-0.99237895,-0.9780791,-0.18623778,-0.09314847,-0.17902243,0.9805323,-0.08066785
1355994802763,0.10748896,-0.06260538,-0.9922332,-0.97794604,-0.18641844,-0.094179064,-0.17907447,0.98047376,-0.08126262
1355994802803,0.10884261,-0.06293756,-0.99206465,-0.97776395,-0.18673903,-0.09542677,-0.17925125,0.9803915,-0.081863254
1355994802845,0.1101422,-0.063087344,-0.99191165,-0.9775562,-0.18720052,-0.09664187,-0.17958954,0.98029375,-0.08229011
1355994802883,0.11128682,-0.063005984,-0.99178904,-0.9773415,-0.18775219,-0.097738236,-0.18005246,0.9801935,-0.08247268
1355994802923,0.112442374,-0.06272209,-0.9916767,-0.9771172,-0.18832052,-0.09888056,-0.18055105,0.9801028,-0.08246204
1355994802963,0.113836765,-0.062247247,-0.99154747,-0.9768716,-0.18884498,-0.10029653,-0.18100557,0.9800321,-0.082305044
1355994803003,0.115542114,-0.061517835,-0.99139583,-0.97660327,-0.18928045,-0.102072984,-0.18137255,0.9799942,-0.08194837
1355994803043,0.11737007,-0.06043011,-0.99124795,-0.97633654,-0.18958163,-0.10404682,-0.18163484,0.9800036,-0.08125135
1355994803082,0.11887327,-0.05889049,-0.99116147,-0.976125,-0.18970159,-0.10579866,-0.1817944,0.9800741,-0.08003488
1355994803125,0.1161626,-0.057432413,-0.9915684,-0.9764366,-0.18940967,-0.103419185,-0.18187302,0.9802171,-0.07808149
1355994803163,0.117651075,-0.054282635,-0.99157023,-0.9762511,-0.18923214,-0.105474085,-0.18191159,0.9804307,-0.075256824
1355994803206,0.116636455,-0.05099243,-0.99186474,-0.9763667,-0.18884069,-0.10510552,-0.1819449,0.98068285,-0.07181299
1355994803243,0.11412978,-0.04806462,-0.9923025,-0.97665906,-0.18837649,-0.10320607,-0.18196589,0.9809201,-0.068442166
1355994803283,0.11135453,-0.046034068,-0.992714,-0.9769832,-0.18795818,-0.10087401,-0.18194503,0.98109764,-0.06590453
1355994803322,0.10908157,-0.04520166,-0.99300456,-0.9772489,-0.18767422,-0.0988079,-0.18189514,0.9811907,-0.06464502
1355994803363,0.10746312,-0.045551926,-0.99316496,-0.9774331,-0.18757653,-0.09715763,-0.18186873,0.9811932,-0.0646815
1355994803403,0.10647154,-0.046966523,-0.9932059,-0.97753763,-0.18766963,-0.09591746,-0.18188968,0.98110867,-0.065893054
1355994803444,0.10642618,-0.049458593,-0.99308974,-0.97753763,-0.18793327,-0.095399946,-0.1819163,0.9809357,-0.06834862
1355994803483,0.107253075,-0.05277592,-0.99283,-0.9774546,-0.18827128,-0.095584154,-0.18187684,0.980698,-0.071778744
1355994803533,0.1089021,-0.05652067,-0.9924444,-0.9773005,-0.18860477,-0.096499145,-0.1817255,0.9804253,-0.07577714
1355994803565,0.11040309,-0.060073256,-0.9920698,-0.97717786,-0.1888223,-0.097312,-0.18147904,0.98017216,-0.079548866
1355994803605,0.11079785,-0.06305316,-0.9918407,-0.9771887,-0.18884668,-0.09715581,-0.18117985,0.97998023,-0.082538635
1355994803644,0.10923457,-0.06548637,-0.9918565,-0.97742325,-0.18863338,-0.095190674,-0.18086356,0.97986174,-0.084613234
1355994803685,0.10504609,-0.0676949,-0.9921607,-0.9779433,-0.18814832,-0.09070349,-0.1805332,0.9798049,-0.08596599
1355994803714,0.09793037,-0.07008234,-0.9927225,-0.9787432,-0.18740141,-0.08332151,-0.18019828,0.97978014,-0.08694485
1355994803745,0.08958137,-0.07245165,-0.99334073,-0.97961575,-0.1864571,-0.07474396,-0.17980012,0.97978795,-0.087677896
1355994803785,0.07976091,-0.074903905,-0.9939958,-0.98059016,-0.1850726,-0.06473881,-0.17911217,0.9798661,-0.088211626
1355994803815,0.06628817,-0.07787901,-0.9947566,-0.98174816,-0.18319792,-0.051078886,-0.17825934,0.9799864,-0.08860144
1355994803855,0.05260229,-0.08076006,-0.9953446,-0.9828307,-0.18070453,-0.03727901,-0.17685264,0.98021615,-0.08887893
1355994803895,0.037221313,-0.08402172,-0.99576855,-0.98388386,-0.17747456,-0.021801949,-0.17489174,0.98053205,-0.08927342
1355994803924,0.02193135,-0.08748683,-0.99592423,-0.98471487,-0.17405683,-0.0063945055,-0.172788,0.98084164,-0.08996689
1355994803955,0.00944984,-0.09103331,-0.995803,-0.9853163,-0.1706245,0.0062476397,-0.17047715,0.9811219,-0.09130895
1355994803985,2.322197E-4,-0.09487483,-0.99548924,-0.98580396,-0.1671645,0.015701562,-0.16790012,0.98135364,-0.093566835
1355994804015,-0.0055514574,-0.09909943,-0.995062,-0.9862704,-0.16369236,0.02180475,-0.1650449,0.9815213,-0.0968301
1355994804045,-0.008032024,-0.10368115,-0.9945781,-0.98675483,-0.1603297,0.0246827,-0.16201958,0.9816031,-0.10102007
1355994804075,-0.0075212717,-0.10855731,-0.9940618,-0.98723626,-0.15734297,0.024652392,-0.15908483,0.9815593,-0.10598832
1355994804114,-0.0033307076,-0.11426827,-0.9934443,-0.9876473,-0.15525657,0.021169275,-0.1566577,0.98124313,-0.112339675
1355994804155,0.0029696822,-0.11991966,-0.99277914,-0.98780036,-0.154926,0.01575905,-0.15569714,0.9806208,-0.11891675
1355994804184,0.009038806,-0.124480486,-0.99218094,-0.98770654,-0.15596193,0.010569125,-0.1560581,0.9798881,-0.124359906
1355994804215,0.013614178,-0.12767375,-0.9917227,-0.9873456,-0.15843534,0.0068427324,-0.15799758,0.97907996,-0.12821504
1355994804255,0.014959753,-0.12864557,-0.9915778,-0.9864844,-0.16373199,0.0063593686,-0.16317111,0.97808087,-0.12935624
1355994804295,0.013308048,-0.1273228,-0.99177206,-0.9850904,-0.17181051,0.008838475,-0.17152223,0.9768675,-0.12771094
1355994804324,0.010908246,-0.12489337,-0.99211013,-0.9834222,-0.18093497,0.011964619,-0.18100175,0.9755327,-0.12479657
1355994804355,0.007552147,-0.1215592,-0.99255544,-0.9814039,-0.19128942,0.015960127,-0.19180542,0.9739772,-0.120743304
1355994804384,0.0036293864,-0.11737949,-0.9930805,-0.9789997,-0.20283878,0.020397037,-0.20382938,0.9721515,-0.11565071
1355994804415,-5.862117E-4,-0.11238083,-0.993665,-0.97623086,-0.21529484,0.024925232,-0.21673211,0.9700611,-0.10958344
1355994804445,-0.004794061,-0.10661271,-0.99428904,-0.97317684,-0.22820312,0.029161334,-0.23000881,0.96775883,-0.10265899
1355994804474,-0.008714795,-0.1001437,-0.9949348,-0.9699161,-0.2412231,0.03277561,-0.24328351,0.9652889,-0.09502879
1355994804532,-0.012025356,-0.09306157,-0.9955877,-0.96650374,-0.25419444,0.035434663,-0.25637046,0.9626654,-0.08688757
1355994804546,-0.01650709,-0.08436912,-0.99629784,-0.9624563,-0.26866412,0.03869754,-0.27093434,0.9595319,-0.07676676
1355994804585,-0.018720746,-0.07387304,-0.9970919,-0.9583672,-0.28286946,0.03895107,-0.28492424,0.95630944,-0.06550196
1355994804615,-0.018045187,-0.06261441,-0.9978746,-0.95489085,-0.29479527,0.035765618,-0.29640815,0.9535068,-0.0544703
1355994804662,-0.016877353,-0.05113876,-0.9985489,-0.95224357,-0.30369496,0.0316478,-0.3048727,0.9513959,-0.043571025
1355994804685,-0.015638709,-0.03889078,-0.99912107,-0.9507882,-0.3086719,0.026897252,-0.30944666,0.9503732,-0.032149643
1355994804720,-0.0076273084,-0.026765227,-0.9996126,-0.9502179,-0.31119633,0.015582889,-0.31149286,0.9499687,-0.02305919
1355994804751,0.007679701,-0.016237736,-0.9998387,-0.9496379,-0.31334168,-0.0022053719,-0.3132553,0.94950163,-0.017826349
1355994804792,0.029712439,-0.010057032,-0.99950784,-0.9478282,-0.31780148,-0.024978459,-0.31739384,0.9481039,-0.01897499
1355994804834,0.058202982,-0.0059086084,-0.9982873,-0.9440496,-0.32549858,-0.053114235,-0.32462728,0.9455241,-0.02452305
1355994804873,0.088303745,-0.0029388964,-0.9960892,-0.938887,-0.3342554,-0.08224657,-0.33270654,0.94247794,-0.03227529
1355994804913,0.11668903,-7.2285533E-4,-0.99316823,-0.9342717,-0.3393247,-0.10952225,-0.3369273,0.94066906,-0.040270835
1355994804953,0.14112288,4.7636032E-4,-0.989992,-0.9320569,-0.33700734,-0.13302639,-0.33369792,0.941502,-0.047115475
1355994804993,0.16026443,-1.180172E-4,-0.98707414,-0.93283683,-0.32693684,-0.15141928,-0.32269302,0.9450462,-0.052506477
1355994805033,0.17323607,-0.0034825802,-0.9848742,-0.9361618,-0.31120223,-0.16356727,-0.30592543,0.9503373,-0.057171702
1355994805073,0.17896074,-0.010329634,-0.98380196,-0.9415004,-0.29203743,-0.16819954,-0.28556952,0.95635116,-0.061988592
1355994805113,0.17587358,-0.020781726,-0.9841933,-0.9486277,-0.27069205,-0.16380224,-0.26300928,0.96244156,-0.06732166
1355994805153,0.16223621,-0.034615368,-0.9861446,-0.9572693,-0.24799114,-0.14878088,-0.2394051,0.96814364,-0.073369324
1355994805196,0.1374228,-0.05210352,-0.9891412,-0.9666219,-0.2250576,-0.12243909,-0.21623424,0.97295135,-0.08129242
1355994805233,0.10552633,-0.0753071,-0.99156094,-0.97489583,-0.20443642,-0.08822626,-0.19606712,0.9759788,-0.094989985
1355994805275,0.08252314,-0.10880691,-0.99063164,-0.9795001,-0.19214687,-0.060491294,-0.18376487,0.9753157,-0.12243295
1355994805317,0.09704608,-0.15632829,-0.982926,-0.97782934,-0.19909966,-0.06487736,-0.18555808,0.96743,-0.17218426
1355994805356,0.16832867,-0.21117243,-0.9628456,-0.9645095,-0.23687556,-0.11666769,-0.20343763,0.9483122,-0.24355072
1355994805394,0.27667964,-0.25534153,-0.92641735,-0.9326674,-0.3035707,-0.19487524,-0.23147348,0.9179572,-0.32214049
1355994805435,0.37170827,-0.27739143,-0.88593847,-0.8916352,-0.37239933,-0.25749844,-0.25849503,0.8856482,-0.3857559
1355994805474,0.41883326,-0.28321368,-0.86276805,-0.8645877,-0.41484094,-0.2835403,-0.27760908,0.8646948,-0.41861224
1355994805531,0.4056431,-0.2840166,-0.8687855,-0.8673079,-0.4196095,-0.26777777,-0.28849733,0.8621267,-0.41654152
1355994805555,0.32962418,-0.2855571,-0.89989173,-0.89778465,-0.38972044,-0.20518479,-0.29211426,0.87554276,-0.38483
1355994805594,0.19574276,-0.28591096,-0.938051,-0.93721163,-0.3360977,-0.09312752,-0.2886506,0.8973813,-0.33374777
1355994805635,0.023479372,-0.27864665,-0.9601066,-0.9596465,-0.27547804,0.056482434,-0.28022698,0.92003685,-0.27387026
1355994805664,-0.12496942,-0.26012993,-0.9574523,-0.9541935,-0.23289257,0.18781859,-0.27184078,0.9370664,-0.2191099
1355994805705,-0.2542466,-0.2355048,-0.93802786,-0.9299579,-0.20681524,0.30398312,-0.26558796,0.9496131,-0.1664275
1355994805734,-0.31479126,-0.20424968,-0.92692417,-0.91245514,-0.20383286,0.35479245,-0.26140386,0.9574623,-0.12220389
1355994805774,-0.33306468,-0.17308703,-0.9268812,-0.90640736,-0.21207166,0.3653101,-0.25979564,0.9618038,-0.08625376
1355994805804,-0.29188216,-0.13693497,-0.94660103,-0.9206654,-0.22797477,0.31686372,-0.2591909,0.9639898,-0.059529543
1355994805845,-0.21357226,-0.10177535,-0.9716114,-0.9414342,-0.24420571,0.23251921,-0.2609378,0.9643678,-0.04365921
1355994805874,-0.094882786,-0.06188637,-0.99356294,-0.95956355,-0.26001936,0.107831895,-0.2650189,0.9636182,-0.034712583
1355994805905,0.025843978,-0.025517434,-0.9993403,-0.96168673,-0.27356708,-0.01788491,-0.27293015,0.9615144,-0.031609893
1355994805944,0.14217865,0.00592345,-0.9898233,-0.9467959,-0.29087025,-0.13773882,-0.28872603,0.9567442,-0.03574723
1355994805985,0.24767923,0.03562659,-0.96818686,-0.91881174,-0.30834204,-0.24639437,-0.30731094,0.95060813,-0.04363577
1355994806025,0.3307466,0.061193794,-0.94173354,-0.8872167,-0.31994325,-0.3323896,-0.3216415,0.9454584,-0.051527977
1355994806064,0.39371163,0.081157655,-0.91564435,-0.85928607,-0.3213337,-0.39795977,-0.3265249,0.94348186,-0.056775182
1355994806105,0.4415314,0.09471062,-0.8922331,-0.8378658,-0.31222293,-0.44776958,-0.32098418,0.94527596,-0.058501408
1355994806134,0.47551128,0.10248983,-0.873719,-0.8228704,-0.2993938,-0.48295727,-0.31108427,0.9486091,-0.058029294
1355994806175,0.50142586,0.10556787,-0.858736,-0.81407326,-0.2785683,-0.50959235,-0.29301327,0.9545968,-0.053741366
1355994806214,0.5167067,0.1037201,-0.8498567,-0.81288147,-0.2521812,-0.5250034,-0.26877123,0.96210545,-0.045991614
1355994806256,0.5231558,0.097772956,-0.84661,-0.81799906,-0.22113642,-0.5310144,-0.23913509,0.97032946,-0.035710648
1355994806296,0.5263626,0.08694404,-0.84580326,-0.82532096,-0.18691564,-0.53283,-0.20442024,0.978521,-0.026628643
1355994806336,0.5386504,0.06932703,-0.8396723,-0.82527685,-0.15723512,-0.5423978,-0.16962877,0.9851249,-0.027480826
1355994806376,0.6021909,0.04326707,-0.79717886,-0.78544325,-0.14673008,-0.60128963,-0.14298609,0.9882299,-0.054375708
1355994806416,0.73045456,0.02095902,-0.6826396,-0.6699121,-0.172467,-0.7221308,-0.13286796,0.98479223,-0.111938596
1355994806455,0.861161,0.023709506,-0.507779,-0.487734,-0.24293551,-0.83850926,-0.1432382,0.9697526,-0.19764265
1355994806495,0.93157536,0.051715672,-0.35985112,-0.3245955,-0.32744637,-0.887365,-0.16372263,0.94345343,-0.2882543
1355994806537,0.9626978,0.090090364,-0.25514027,-0.20147216,-0.39075837,-0.8981741,-0.18061505,0.916074,-0.35803154
1355994806574,0.9769833,0.13118543,-0.1682082,-0.0998,-0.41582036,-0.9039543,-0.18853004,0.8999354,-0.39315724
1355994806615,0.98178685,0.17182544,-0.08105925,-0.005325474,-0.4016022,-0.9157987,-0.1899111,0.89955086,-0.3933727
1355994806655,0.97763914,0.20960389,0.016968325,0.09215762,-0.3545159,-0.9304974,-0.18902034,0.9112544,-0.36590523
1355994806694,0.96198606,0.24056098,0.12927964,0.19698393,-0.28332567,-0.9385754,-0.18915638,0.9283625,-0.319942
1355994806734,0.93406975,0.25881368,0.24602674,0.30085605,-0.19925874,-0.9326208,-0.19235207,0.9451515,-0.26398724
1355994806775,0.90596217,0.26012793,0.3340151,0.37340507,-0.1191861,-0.91998017,-0.19950256,0.9581901,-0.20511118
1355994806814,0.9141536,0.24910203,0.319799,0.34629497,-0.06979719,-0.9355256,-0.21072024,0.9659589,-0.15006813
1355994806855,0.9664668,0.23649226,0.1000668,0.12165208,-0.07848066,-0.98946524,-0.22614756,0.96845865,-0.10461873
1355994806895,0.94487613,0.22223826,-0.24045633,-0.21634148,-0.12750012,-0.96795666,-0.24577521,0.96661985,-0.07239246
1355994806934,0.8669379,0.21701595,-0.4486902,-0.41967866,-0.16777816,-0.8920316,-0.2688655,0.9616416,-0.054376274
1355994806974,0.8159456,0.22372553,-0.53308505,-0.49802443,-0.19628118,-0.84465694,-0.2936059,0.95468354,-0.04873398
1355994807015,0.7928809,0.2344579,-0.5624673,-0.52091885,-0.21817131,-0.82525444,-0.31620163,0.9473283,-0.05085033
1355994807055,0.78714293,0.24345009,-0.56669044,-0.5203419,-0.23116845,-0.8220738,-0.33113492,0.94196236,-0.055285335
1355994807094,0.79214805,0.24721673,-0.55801916,-0.5105077,-0.23269112,-0.8277903,-0.3344897,0.9406056,-0.058119774
1355994807135,0.80217445,0.24447913,-0.5447441,-0.49985778,-0.22404648,-0.8366274,-0.32658595,0.9434157,-0.057519555
1355994807175,0.81224185,0.23598747,-0.53345394,-0.49384785,-0.20851249,-0.84417826,-0.31044728,0.949122,-0.052820683
1355994807215,0.81991065,0.22300087,-0.5272733,-0.4945578,-0.18802977,-0.84856194,-0.28837314,0.95651215,-0.04388079
1355994807255,0.8248173,0.20623183,-0.5264454,-0.5015359,-0.16299734,-0.84964323,-0.26103264,0.9648317,-0.031010361
1355994807295,0.8279343,0.18575197,-0.52917004,-0.51213837,-0.13412112,-0.84836656,-0.22855863,0.97340006,-0.015912771
1355994807335,0.864092,0.16756213,-0.474624,-0.4650442,-0.09496817,-0.8801788,-0.19255885,0.98127663,-0.0041374266
1355994807376,0.85029876,0.13325103,-0.5091523,-0.5016502,-0.08740112,-0.860644,-0.1591822,0.9872209,-0.007471651
1355994807414,0.850648,0.09824188,-0.5164751,-0.50692266,-0.10718006,-0.8553022,-0.13938233,0.98937404,-0.04137146
1355994807455,0.87554735,0.07153778,-0.47780666,-0.46171743,-0.16728199,-0.8711106,-0.14224574,0.9833103,-0.11343306
1355994807495,0.8948105,0.057102457,-0.44277924,-0.41441703,-0.26264346,-0.871365,-0.16605015,0.9632018,-0.2113519
1355994807533,0.89333516,0.042878598,-0.4473407,-0.40340355,-0.36214876,-0.84030586,-0.19803497,0.93113357,-0.30622286
1355994807572,0.8835696,0.02566944,-0.4675958,-0.412484,-0.43009537,-0.80304104,-0.22172442,0.90241843,-0.36943096
1355994807613,0.85763556,-0.002266556,-0.51425296,-0.45861107,-0.4558124,-0.7628309,-0.23267388,0.890073,-0.39196038
1355994807653,0.7610185,-0.07421446,-0.64447105,-0.6052257,-0.43889236,-0.66413504,-0.23356502,0.8954695,-0.37892172
1355994807693,0.08509961,-0.33010232,-0.9401014,-0.9697914,-0.24392644,-0.002136141,-0.22861043,0.91188395,-0.34088844
1355994807733,-0.8754288,-0.3207285,-0.36160427,-0.42957422,0.1733352,0.88623977,-0.22156358,0.9311757,-0.2895193
1355994807773,-0.96069485,-0.24886155,-0.12301786,-0.1749028,0.19847596,0.96437347,-0.2155794,0.9479848,-0.23420149
1355994807813,-0.9705664,-0.22931157,-0.07360166,-0.112218216,0.16019744,0.9806854,-0.2130917,0.9600797,-0.18121523
1355994807872,-0.96916604,-0.22878413,-0.09151541,-0.119364366,0.1109879,0.9866275,-0.2155676,0.9671295,-0.13487434
1355994807893,-0.9592484,-0.23674071,-0.15426065,-0.17273957,0.05927944,0.983182,-0.22361474,0.96976274,-0.097758174
1355994807934,-0.9323979,-0.24787414,-0.2630448,-0.272516,0.004061401,0.9621427,-0.23742194,0.96878374,-0.07133651
1355994807971,-0.8681307,-0.25606817,-0.42518014,-0.42478824,-0.059755027,0.9033184,-0.2567178,0.96481,-0.056899607
1355994808013,-0.73196954,-0.2510714,-0.6333906,-0.62057704,-0.13807452,0.77189344,-0.28125548,0.9580702,-0.054742754
1355994808053,-0.5160601,-0.22128692,-0.8274745,-0.7989509,-0.2239235,0.5581538,-0.30880317,0.9491524,-0.06123942
1355994808093,-0.29530776,-0.17513442,-0.93921304,-0.8949754,-0.29335278,0.33609986,-0.33438346,0.93982553,-0.07011157
1355994808133,-0.14349753,-0.13370231,-0.98057747,-0.9251939,-0.33361393,0.18088117,-0.3513185,0.93318033,-0.07582781
1355994808173,-0.06737387,-0.1070075,-0.9919729,-0.9320756,-0.34794605,0.10083982,-0.3559436,0.93138766,-0.07629669
1355994808213,-0.05412841,-0.0964936,-0.99386066,-0.93552136,-0.34307432,0.08426005,-0.34909862,0.93433875,-0.071701735
1355994808253,-0.10166454,-0.101849765,-0.9895913,-0.9373169,-0.32348716,0.12958783,-0.33331853,0.94073516,-0.06257835
1355994808293,-0.22059095,-0.12184125,-0.96772635,-0.9248647,-0.2889889,0.24720573,-0.30978203,0.9495473,-0.048938334
1355994808334,-0.4212687,-0.15108624,-0.89426255,-0.86318994,-0.23574603,0.44646046,-0.27827284,0.95999825,-0.03110373
1355994808373,-0.66691124,-0.17376518,-0.72459304,-0.70573676,-0.16472393,0.68905854,-0.2390922,0.9709128,-0.012776196
1355994808415,-0.85610545,-0.17402966,-0.48661813,-0.47789133,-0.09185648,0.8736031,-0.1967319,0.98044693,-0.0045284033
1355994808468,-0.9382098,-0.16516492,-0.30410996,-0.30697545,-0.008523166,0.9516792,-0.159776,0.98622906,-0.042705
1355994808531,-0.9730801,-0.15445592,-0.17105131,-0.18560748,0.085237086,0.9789201,-0.13662006,0.984316,-0.11161065
1355994808545,-0.9707442,-0.17443386,-0.16501088,-0.1973615,0.18821913,0.9620925,-0.13676332,0.96651244,-0.21713912
1355994808584,-0.9101452,-0.26200134,-0.32092208,-0.3850186,0.24891931,0.8887068,-0.15295866,0.9324132,-0.3274281
1355994808625,-0.6576553,-0.41623542,-0.6278833,-0.7328026,0.16028595,0.6612931,-0.1746128,0.89501756,-0.41043133
1355994808665,-0.36514527,-0.4922402,-0.79016995,-0.9103862,0.01139009,0.41360283,-0.19459179,0.87038493,-0.45228773
1355994808705,-0.3178559,-0.50176656,-0.8044861,-0.92450917,-0.024228096,0.38038892,-0.2103576,0.86466366,-0.4561867
1355994808744,-0.40512297,-0.48522764,-0.77487385,-0.88713115,0.0036906302,0.4615027,-0.22107407,0.8743801,-0.4319557
1355994808784,-0.511081,-0.4496057,-0.7325647,-0.8289882,0.032651603,0.5583122,-0.22710094,0.8926302,-0.38940543
1355994808824,-0.5871826,-0.40633154,-0.70007944,-0.7760372,0.03664601,0.6296215,-0.23017994,0.91299057,-0.3368463
1355994808863,-0.6252333,-0.36408633,-0.6903075,-0.7449452,0.014707208,0.66696346,-0.23267977,0.931249,-0.28041983
1355994808903,-0.62644476,-0.3257434,-0.70813715,-0.7426697,-0.026399434,0.66913736,-0.2366615,0.9450896,-0.22538197
1355994808943,-0.5903236,-0.29031324,-0.7531508,-0.7694875,-0.079346776,0.6337137,-0.24373558,0.9536364,-0.17655212
1355994808983,-0.5133683,-0.25487435,-0.81944615,-0.8192792,-0.13863361,0.55638325,-0.2554106,0.95698476,-0.13764316
1355994809023,-0.39521515,-0.21616265,-0.8927926,-0.87713695,-0.19986278,0.43667558,-0.27282903,0.9556823,-0.11061543
1355994809063,-0.24952209,-0.17281103,-0.95282483,-0.9222641,-0.25758296,0.288236,-0.29524174,0.9506773,-0.095104754
1355994809103,-0.105773985,-0.12738153,-0.98619765,-0.9420761,-0.30460536,0.14038593,-0.31828362,0.94392246,-0.087783754
1355994809143,0.010381103,-0.08494535,-0.9963316,-0.9420719,-0.33488744,0.018736124,-0.3352504,0.9384214,-0.08350116
1355994809183,0.09093708,-0.049793452,-0.99461097,-0.9354621,-0.34679067,-0.0681676,-0.34152752,0.9366199,-0.078116
1355994809223,0.13718581,-0.024342269,-0.9902462,-0.93142104,-0.34338236,-0.120595306,-0.33709756,0.9388801,-0.06978008
1355994809263,0.14913827,-0.009463459,-0.988771,-0.93406427,-0.3294744,-0.13773337,-0.3244713,0.94411707,-0.057976693
1355994809303,0.12189609,-0.005064428,-0.99253,-0.9444401,-0.30812573,-0.11441773,-0.30524457,0.95133215,-0.042342365
1355994809343,0.043287456,-0.010817081,-0.9990041,-0.9592533,-0.27990735,-0.038534224,-0.27921176,0.95996606,-0.022492826
1355994809385,-0.10759395,-0.025981337,-0.99385536,-0.96370673,-0.24293846,0.11068103,-0.24432135,0.96969366,0.0011003017
1355994809433,-0.3436367,-0.04995826,-0.937773,-0.917989,-0.19268739,0.34665212,-0.19801512,0.9799876,0.020353258
1355994809473,-0.6161344,-0.08061576,-0.7835046,-0.772675,-0.13113058,0.6211104,-0.15281269,0.9880819,0.018504262
1355994809533,-0.73250127,-0.12322819,-0.6695198,-0.6691855,-0.050290465,0.74139166,-0.12503079,0.9911033,-0.045624733
1355994809565,-0.7442906,-0.19013776,-0.640218,-0.65693015,0.035744667,0.7531036,-0.120309055,0.9811065,-0.15151167
1355994809604,-0.5832707,-0.3030725,-0.75361955,-0.80048734,0.05696249,0.59663665,-0.13789615,0.95126355,-0.2758302
1355994809645,-0.29268843,-0.41228,-0.8627623,-0.94201255,-0.030571043,0.33418238,-0.1641522,0.91054416,-0.37942517
1355994809685,-0.13891959,-0.46645972,-0.87356544,-0.97243714,-0.102550864,0.20940208,-0.1872625,0.8785776,-0.43935645
1355994809725,-0.18724042,-0.49192116,-0.85026735,-0.9607394,-0.08870709,0.2628893,-0.20474559,0.8661089,-0.45599848
1355994809765,-0.33957654,-0.48914242,-0.803385,-0.9150667,-0.025778592,0.4024778,-0.21757916,0.8718229,-0.43884408
1355994809804,-0.49007928,-0.45851207,-0.74134266,-0.841676,0.027704656,0.5392716,-0.22672394,0.8882562,-0.39949614
1355994809845,-0.5978255,-0.4149065,-0.6858988,-0.766935,0.04704547,0.639998,-0.23327093,0.908647,-0.34633124
1355994809885,-0.66224355,-0.3708912,-0.65105546,-0.7104553,0.03471929,0.7028853,-0.23808983,0.9280271,-0.28649426
1355994809924,-0.69548595,-0.33060575,-0.6379647,-0.67674136,0.0029796958,0.73621476,-0.24149589,0.9437642,-0.22580689
1355994809965,-0.70507956,-0.29488027,-0.6449096,-0.66572016,-0.038051903,0.7452307,-0.24429384,0.9547763,-0.16947812
1355994810005,-0.6924616,-0.26433527,-0.67128515,-0.6772562,-0.082499444,0.7311073,-0.24863808,0.96089584,-0.121895015
1355994810045,-0.654962,-0.23957692,-0.7166783,-0.71050316,-0.1277057,0.6920091,-0.25731325,0.9624418,-0.08657783
1355994810085,-0.58953875,-0.22028327,-0.7771225,-0.7604363,-0.17304724,0.62593234,-0.2723613,0.95996344,-0.065493345
1355994810123,-0.50012344,-0.20412126,-0.84155273,-0.8148793,-0.21788406,0.5371203,-0.29299867,0.95439035,-0.05736524
1355994810163,-0.4031669,-0.18771908,-0.89566624,-0.8596128,-0.25801522,0.44101456,-0.31388235,0.94772875,-0.05734259
1355994810205,-0.31890184,-0.1699529,-0.93242574,-0.8892728,-0.28666645,0.35639358,-0.32786527,0.94283533,-0.059715986
1355994810245,-0.25877047,-0.15255529,-0.95381594,-0.9073177,-0.3003707,0.29419735,-0.33137968,0.9415437,-0.06068909
1355994810284,-0.22577363,-0.13779902,-0.9643847,-0.91820097,-0.3006404,0.2579194,-0.32547405,0.94373024,-0.058650494
1355994810324,-0.22009867,-0.12662286,-0.9672245,-0.9241027,-0.29047358,0.24831292,-0.31239522,0.9484681,-0.053079665
1355994810365,-0.24171746,-0.11837241,-0.96309954,-0.92498887,-0.2717982,0.26555857,-0.29320353,0.9550464,-0.04379481
1355994810406,-0.28997338,-0.111100584,-0.9505641,-0.9188441,-0.24546444,0.30898663,-0.2676583,0.96301806,-0.030905962
1355994810448,-0.36043334,-0.10338345,-0.9270381,-0.9025613,-0.2122848,0.37459072,-0.2355226,0.9717237,-0.016795397
1355994810485,-0.43873042,-0.09802508,-0.8932562,-0.8762257,-0.17386097,0.44944507,-0.19935927,0.9798793,-0.009613991
1355994810533,-0.49727315,-0.105572075,-0.86114687,-0.85134685,-0.13181287,0.5077736,-0.16711694,0.9856368,-0.02433145
1355994810566,-0.49929887,-0.14439556,-0.8543129,-0.8530588,-0.09063023,0.5138841,-0.15162918,0.9853609,-0.07792628
1355994810604,-0.4214304,-0.22084561,-0.8795588,-0.89283454,-0.068880975,0.44508645,-0.15888026,0.97287333,-0.16815007
1355994810645,-0.26219952,-0.31701127,-0.9114578,-0.9473717,-0.09521669,0.3056479,-0.18367982,0.94363004,-0.27536172
1355994810685,-0.08886361,-0.39018953,-0.9164363,-0.9736688,-0.15989333,0.16249076,-0.20993423,0.90674496,-0.36570662
1355994810725,0.02511859,-0.42380425,-0.9054055,-0.9735074,-0.21627295,0.074225545,-0.22727183,0.87955445,-0.41800904
1355994810764,0.057975113,-0.42888117,-0.9014987,-0.97018754,-0.23705977,0.050386846,-0.23531902,0.8717016,-0.42983878
1355994810804,0.019604206,-0.41658673,-0.9088845,-0.9712918,-0.22349858,0.0814901,-0.2370821,0.8811946,-0.40900886
1355994810863,-0.07080293,-0.39144596,-0.9174731,-0.96935654,-0.18990588,0.15583152,-0.23523316,0.900392,-0.36600482
1355994810883,-0.18745834,-0.35604343,-0.91547394,-0.9543525,-0.15461254,0.25555086,-0.23253095,0.92159,-0.31080753
1355994810923,-0.30178225,-0.31500438,-0.8998332,-0.92481756,-0.13256115,0.35656705,-0.23160315,0.93978715,-0.25131696
1355994810961,-0.39058816,-0.27481207,-0.8785894,-0.8903581,-0.12971014,0.43639183,-0.23388767,0.9527086,-0.19401795
1355994811004,-0.44513464,-0.23984098,-0.8627465,-0.8627211,-0.14328706,0.48495486,-0.23993239,0.9601798,-0.14313388
1355994811043,-0.46457458,-0.2114991,-0.8599062,-0.84955525,-0.16753376,0.50018835,-0.24985269,0.96291256,-0.101848245
1355994811083,-0.45166814,-0.18962103,-0.87180257,-0.85211295,-0.19787973,0.48450702,-0.26438478,0.96171063,-0.0722025
1355994811123,-0.40984982,-0.17274195,-0.8956469,-0.86687917,-0.23174018,0.44138095,-0.28380236,0.9573175,-0.054767728
1355994811163,-0.34816706,-0.15820193,-0.9239869,-0.88619256,-0.26586354,0.37944603,-0.30568358,0.95094097,-0.047632456
1355994811203,-0.28130192,-0.14331949,-0.9488565,-0.9033109,-0.2941767,0.31223303,-0.32388052,0.9449442,-0.046709597
1355994811243,-0.22331136,-0.12700701,-0.96643746,-0.9166107,-0.30992663,0.2525279,-0.33159748,0.9422392,-0.047205865
1355994811283,-0.18231678,-0.110386044,-0.9770237,-0.92742884,-0.3107124,0.20816708,-0.32655212,0.94407237,-0.045727074
1355994811323,-0.16194046,-0.095383406,-0.9821798,-0.93635094,-0.29931927,0.18345243,-0.31148368,0.9493734,-0.040840387
1355994811365,-0.16606456,-0.08297542,-0.98261774,-0.94266796,-0.27915913,0.18288606,-0.28948176,0.9566532,-0.031859845
1355994811403,-0.19769847,-0.074433565,-0.97743285,-0.94390595,-0.2545852,0.21030441,-0.26449367,0.96418154,-0.019927204
1355994811447,-0.26167643,-0.0660117,-0.9628956,-0.936689,-0.22314447,0.26985228,-0.23267823,0.97254765,-0.0034407973
1355994811483,-0.36038387,-0.06058842,-0.9308343,-0.9116097,-0.18863392,0.36521912,-0.19771501,0.9801767,0.012747645
1355994811533,-0.468915,-0.056793332,-0.8814155,-0.86882436,-0.14992225,0.47187665,-0.1589432,0.9870653,0.02095735
1355994811566,-0.5637051,-0.06505662,-0.8234102,-0.8163946,-0.10751921,0.5673972,-0.12544537,0.9920723,0.007497251
1355994811606,-0.59739214,-0.1016933,-0.79547536,-0.79439545,-0.060784042,0.6043518,-0.10981071,0.99295706,-0.044472814
1355994811645,-0.5398421,-0.17926359,-0.8224567,-0.83329093,-0.02449292,0.5522919,-0.11915022,0.9834961,-0.13615638
1355994811685,-0.38548076,-0.2839922,-0.8779254,-0.91080403,-0.03527814,0.41132897,-0.14778578,0.9581774,-0.24506217
1355994811724,-0.20618203,-0.3701256,-0.90581226,-0.9616224,-0.09461519,0.25754654,-0.18102822,0.92415094,-0.3364131
1355994811765,-0.1020228,-0.4146243,-0.9042555,-0.97281873,-0.14837196,0.1777907,-0.2078825,0.8978154,-0.38821697
1355994811805,-0.099179536,-0.4285833,-0.8980422,-0.9692178,-0.16277239,0.18472189,-0.22534513,0.888719,-0.39924687
1355994811845,-0.17579219,-0.4214758,-0.8896377,-0.95625484,-0.1415421,0.25601283,-0.23382446,0.89572537,-0.37815624
1355994811884,-0.29282922,-0.3963598,-0.87014365,-0.926898,-0.10576081,0.3601039,-0.23475787,0.9119833,-0.33641523
1355994811925,-0.41199446,-0.35764724,-0.83806264,-0.88144237,-0.07664865,0.4660303,-0.23091081,0.93070585,-0.28366667
1355994811965,-0.5065375,-0.31325528,-0.8033,-0.83216774,-0.06620425,0.55055773,-0.225647,0.9473585,-0.22714603
1355994812004,-0.5647881,-0.2710371,-0.779457,-0.7948402,-0.075321496,0.6021259,-0.22190836,0.9596174,-0.17289048
1355994812044,-0.5854819,-0.23554862,-0.7757112,-0.77966094,-0.09857237,0.618395,-0.22212577,0.96685076,-0.12593567
1355994812085,-0.5705348,-0.20795408,-0.7945093,-0.788949,-0.12996066,0.6005578,-0.22814342,0.96946645,-0.08991802
1355994812125,-0.5221136,-0.18728772,-0.8320581,-0.8182144,-0.16530573,0.55063534,-0.24067116,0.96829605,-0.066933095
1355994812164,-0.4445628,-0.17148495,-0.87917966,-0.85749125,-0.2023046,0.47305563,-0.25898403,0.9641918,-0.057109714
1355994812205,-0.34938395,-0.15776274,-0.92360264,-0.89409137,-0.23867881,0.3789896,-0.28023475,0.9581981,-0.0576638
1355994812245,-0.25576848,-0.14349005,-0.9560298,-0.9194596,-0.2693709,0.2864145,-0.29862428,0.9522866,-0.06303662
1355994812284,-0.1806401,-0.12816158,-0.97516346,-0.9341569,-0.28788966,0.21088019,-0.30776623,0.9490491,-0.067718595
1355994812325,-0.13137305,-0.11342046,-0.98482335,-0.9432676,-0.29128253,0.15937614,-0.30493832,0.94988966,-0.06871927
1355994812364,-0.10975504,-0.10119492,-0.98879397,-0.9500117,-0.28185558,0.13429582,-0.29228714,0.9541054,-0.06520131
1355994812405,-0.11732972,-0.092221916,-0.98880184,-0.95460695,-0.2640267,0.13789701,-0.27378717,0.9600965,-0.05705759
1355994812444,-0.15647548,-0.08579078,-0.9839489,-0.9550574,-0.24078965,0.17287534,-0.25175577,0.96677834,-0.044257462
1355994812484,-0.2287367,-0.079964876,-0.9701985,-0.94691086,-0.21301115,0.24080294,-0.22591886,0.973772,-0.026996195
1355994812530,-0.32997966,-0.0729191,-0.94116753,-0.9236665,-0.18081927,0.33785304,-0.19481713,0.98080945,-0.0076862574
1355994812565,-0.44198292,-0.06687525,-0.8945271,-0.88274646,-0.1447826,0.44698614,-0.15940425,0.9872009,0.0049575567
1355994812606,-0.5314667,-0.071229786,-0.8440791,-0.83768535,-0.103792846,0.5361998,-0.12580276,0.99204504,-0.004505694
1355994812644,-0.5639397,-0.10284686,-0.8193867,-0.8191443,-0.05620283,0.5708273,-0.10475966,0.9931081,-0.05255145
1355994812684,-0.5185647,-0.17468879,-0.8370033,-0.8486382,-0.014396608,0.5287778,-0.104421556,0.98451847,-0.14078194
1355994812725,-0.39721185,-0.27709845,-0.8748938,-0.90950954,-0.008429527,0.4155976,-0.12253639,0.9608046,-0.2486754
1355994812764,-0.25316602,-0.37133056,-0.89331996,-0.9560625,-0.04506284,0.28967872,-0.14782217,0.92740655,-0.34360683
1355994812805,-0.15991908,-0.42827561,-0.88938516,-0.9721806,-0.08787763,0.21712312,-0.17114562,0.89936507,-0.40230793
1355994812845,-0.14677355,-0.4473983,-0.88220876,-0.9707948,-0.105956286,0.2152457,-0.18977612,0.888036,-0.41878045
1355994812885,-0.19855565,-0.43695372,-0.8772954,-0.958803,-0.09894341,0.2662837,-0.20315626,0.8940255,-0.39930677
1355994812925,-0.28348023,-0.40483424,-0.86933786,-0.9355583,-0.08237058,0.3434323,-0.21064097,0.91067255,-0.35539567
1355994812965,-0.37304497,-0.359678,-0.8552598,-0.9031037,-0.070557475,0.42358628,-0.21269968,0.930405,-0.29850543
1355994813005,-0.45031458,-0.30988497,-0.83736974,-0.8676321,-0.06953263,0.49232078,-0.21078736,0.9482281,-0.23755461
1355994813045,-0.50804293,-0.26202136,-0.82051027,-0.8361587,-0.07858771,0.54282826,-0.20671463,0.9618569,-0.17916554
1355994813085,-0.54362965,-0.22086582,-0.8097438,-0.81437886,-0.09466106,0.57256114,-0.2031104,0.97069955,-0.1284079
1355994813124,-0.55617785,-0.18971527,-0.80911946,-0.8058243,-0.115008295,0.5808789,-0.20325705,0.9750801,-0.08891207
1355994813165,-0.54603755,-0.17024025,-0.82028115,-0.8110173,-0.13800383,0.568512,-0.20998558,0.97569114,-0.06271255
1355994813205,-0.51495695,-0.1623418,-0.8417033,-0.82722783,-0.16333157,0.537603,-0.22475216,0.97312284,-0.050184906
1355994813245,-0.46864313,-0.16326815,-0.8681689,-0.84840435,-0.19064432,0.49382675,-0.24613768,0.9679867,-0.049173236
1355994813284,-0.4184997,-0.16753438,-0.89263105,-0.8676189,-0.21681964,0.44746706,-0.26850605,0.96172833,-0.054617047
1355994813325,-0.3775146,-0.16977161,-0.91030777,-0.8813109,-0.23584354,0.40947393,-0.2842073,0.9568466,-0.060587168
1355994813364,-0.35393625,-0.16761705,-0.9201269,-0.8896278,-0.24324447,0.38651568,-0.28860244,0.9553725,-0.063023806
1355994813406,-0.35003346,-0.16144285,-0.9227203,-0.89315736,-0.23943424,0.3807112,-0.28239396,0.95739615,-0.060383856
1355994813444,-0.3649556,-0.15223199,-0.9184948,-0.89130586,-0.22795218,0.3919333,-0.2690377,0.96169806,-0.052492857
1355994813484,-0.397093,-0.13967887,-0.9070871,-0.88290584,-0.21171886,0.41910905,-0.2505881,0.96729773,-0.03925121
1355994813527,-0.44452077,-0.12215567,-0.88740027,-0.86657906,-0.19219023,0.46054706,-0.2268081,0.9737252,-0.020424962
1355994813566,-0.5026813,-0.098392904,-0.85885406,-0.8418699,-0.16997701,0.5122137,-0.19638363,0.9805237,0.0026102066
1355994813606,-0.5620408,-0.07092178,-0.8240632,-0.8117833,-0.14360887,0.56602496,-0.15848634,0.98708993,0.023140967
1355994813645,-0.60739344,-0.051881015,-0.7927053,-0.78529567,-0.1114378,0.6090094,-0.11993334,0.99241626,0.026944578
1355994813686,-0.6213521,-0.06080395,-0.78116864,-0.7781789,-0.06844711,0.6243017,-0.09142876,0.99580014,-0.0047866106
1355994813725,-0.5914731,-0.11336112,-0.79831624,-0.8020454,-0.01915294,0.5969559,-0.08296171,0.9933692,-0.07959229
1355994813765,-0.5129624,-0.20610008,-0.8333021,-0.85313654,0.014954805,0.5214733,-0.0950138,0.9784167,-0.18350273
1355994813823,-0.40467542,-0.3066399,-0.861516,-0.9069469,0.014062583,0.42101014,-0.116983384,0.95172167,-0.2837969
1355994813843,-0.30601022,-0.3784733,-0.87356496,-0.9419993,-0.012465328,0.33538333,-0.13782287,0.9255283,-0.35270715
1355994813885,-0.24519897,-0.40867773,-0.8791245,-0.9573451,-0.040914476,0.2860356,-0.15286532,0.9117612,-0.38121337
1355994813921,-0.22440907,-0.4045323,-0.8865632,-0.9609331,-0.05939117,0.27033353,-0.16201273,0.9125931,-0.3754006
1355994813964,-0.23372743,-0.37735367,-0.89608914,-0.95787084,-0.06883338,0.27882853,-0.16689783,0.9235076,-0.34536785
1355994814003,-0.25888634,-0.3386265,-0.9046049,-0.9507222,-0.07608122,0.3005644,-0.17060247,0.93784,-0.3022434
1355994814043,-0.28977227,-0.29646507,-0.91002226,-0.9407357,-0.08682549,0.3278379,-0.17620564,0.95108867,-0.25373566
1355994814083,-0.3177033,-0.25721815,-0.91263545,-0.92990136,-0.10360801,0.35291484,-0.18533245,0.9607831,-0.20627087
1355994814123,-0.33662653,-0.22485495,-0.91439754,-0.92055655,-0.12574607,0.36981556,-0.19813675,0.96624434,-0.1646623
1355994814163,-0.34338427,-0.20078304,-0.91748214,-0.914466,-0.15121526,0.3753476,-0.21410075,0.9678947,-0.13168436
1355994814203,-0.33657944,-0.18494228,-0.923315,-0.9124657,-0.17818564,0.3683155,-0.23263854,0.9664607,-0.10877985
1355994814243,-0.31654042,-0.17628825,-0.93205404,-0.91413033,-0.20570278,0.34935972,-0.25331405,0.96260524,-0.09603721
1355994814283,-0.28730232,-0.17197031,-0.94227576,-0.91764504,-0.23257309,0.32223818,-0.2745634,0.9572544,-0.090988874
1355994814323,-0.25682992,-0.16773152,-0.95179015,-0.9212333,-0.25524247,0.29356524,-0.29217738,0.9522171,-0.08896595
1355994814363,-0.23319954,-0.16058725,-0.95907754,-0.9246051,-0.2688738,0.26983762,-0.3012033,0.9496939,-0.085778534
1355994814403,-0.2214424,-0.15041634,-0.96350306,-0.9279361,-0.27128136,0.25561884,-0.29982966,0.9506742,-0.079503596
1355994814443,-0.22437316,-0.13866115,-0.9645879,-0.9304187,-0.26386398,0.25435588,-0.28978923,0.9545412,-0.06980896
1355994814483,-0.24426621,-0.12656248,-0.9614135,-0.9303814,-0.24889785,0.26914728,-0.27335772,0.96022487,-0.056954026
1355994814526,-0.28434563,-0.11335069,-0.95199746,-0.92555887,-0.22645515,0.30341202,-0.2499767,0.9674036,-0.040521204
1355994814566,-0.34520137,-0.09945655,-0.933244,-0.9121648,-0.19847625,0.35855612,-0.22088754,0.9750464,-0.022206485
1355994814608,-0.42135817,-0.0817678,-0.90320057,-0.88837516,-0.16302252,0.4292005,-0.18233687,0.9832281,-0.0039495826
1355994814646,-0.502294,-0.066524565,-0.86213416,-0.8533856,-0.1226027,0.50665724,-0.13940507,0.99022377,0.0048114657
1355994814687,-0.559467,-0.067524076,-0.8260976,-0.8229755,-0.073224306,0.56333786,-0.09852931,0.995027,-0.014604032
1355994814726,-0.5764261,-0.09935722,-0.8110864,-0.81412303,-0.015516758,0.580485,-0.07026079,0.99493086,-0.07194477
1355994814765,-0.5297643,-0.17656836,-0.8295621,-0.8458055,0.037388444,0.53217953,-0.062950075,0.983578,-0.16914952
1355994814805,-0.41940403,-0.2860069,-0.8615685,-0.90470755,0.053418696,0.4226708,-0.0748629,0.9567374,-0.2811566
1355994814843,-0.30029228,-0.3785802,-0.8755007,-0.94935656,0.02966407,0.31279725,-0.09244797,0.925093,-0.36831552
1355994814883,-0.23217225,-0.42680326,-0.8740338,-0.96659875,9.5778704E-4,0.25629288,-0.108549505,0.904344,-0.41276985
1355994814923,-0.23332158,-0.43310797,-0.8706196,-0.96494305,-0.007540554,0.26235098,-0.120191276,0.9013105,-0.41616517
1355994814963,-0.2876134,-0.40907836,-0.86598706,-0.9492804,0.0018018484,0.31442574,-0.12706438,0.9124975,-0.3888483
1355994815003,-0.36752564,-0.36633512,-0.85482365,-0.92079437,0.014236152,0.38978836,-0.13062376,0.930374,-0.34255147
1355994815043,-0.44864857,-0.31606382,-0.8359534,-0.8836461,0.016913712,0.4678499,-0.13373137,0.9485871,-0.28687686
1355994815083,-0.51526964,-0.26790762,-0.8140778,-0.84566855,0.0047953725,0.5336869,-0.13907498,0.96343267,-0.22903198
1355994815123,-0.5597084,-0.22866142,-0.7965177,-0.81529474,-0.020174742,0.57869464,-0.14839467,0.97329694,-0.17513448
1355994815163,-0.5794775,-0.20178738,-0.7896124,-0.79845965,-0.05357033,0.5996603,-0.1633037,0.9779632,-0.13007629
1355994815203,-0.5742004,-0.18781653,-0.7968807,-0.7975234,-0.09170461,0.5962773,-0.18506837,0.9779137,-0.09713125
1355994815243,-0.545437,-0.18449739,-0.8175936,-0.8105022,-0.13238293,0.5705796,-0.21350586,0.97387654,-0.07732898
1355994815283,-0.4980631,-0.18680227,-0.84678096,-0.83175445,-0.17320096,0.5274334,-0.24518901,0.96700895,-0.069108605
1355994815323,-0.44188827,-0.18820494,-0.87710524,-0.8544331,-0.20954841,0.47542983,-0.27327427,0.9595147,-0.068211555
1355994815363,-0.38895857,-0.18370867,-0.9027527,-0.8742442,-0.23542583,0.42458424,-0.2905311,0.9543719,-0.06903529
1355994815403,-0.34791178,-0.17226022,-0.92156595,-0.890281,-0.2474078,0.3823468,-0.29386574,0.95347565,-0.06728393
1355994815445,-0.3225094,-0.15604231,-0.93361586,-0.9025384,-0.2466178,0.35299304,-0.2853281,0.95646775,-0.061297655
1355994815484,-0.31401676,-0.137855,-0.93935585,-0.9104591,-0.23679179,0.33910728,-0.26917946,0.9617305,-0.051154733
1355994815527,-0.3252161,-0.11840525,-0.9381976,-0.9128213,-0.21979904,0.3441594,-0.2469652,0.9683329,-0.03660065
1355994815566,-0.3567354,-0.09919748,-0.92892396,-0.90774465,-0.19817609,0.3697647,-0.22077024,0.9751339,-0.019349575
1355994815605,-0.40774345,-0.078064054,-0.9097534,-0.893489,-0.17125607,0.41514906,-0.188209,0.982129,7.915497E-5
1355994815646,-0.4730326,-0.058078676,-0.8791285,-0.86810493,-0.13966244,0.47632778,-0.15044576,0.9884944,0.015646517
1355994815685,-0.5336383,-0.048213243,-0.84433746,-0.83822,-0.102451324,0.53562206,-0.112327546,0.99356896,0.0142585635
1355994815727,-0.5634143,-0.06529763,-0.8235901,-0.8218355,-0.05773735,0.5667916,-0.08456206,0.99619406,-0.02113384
1355994815765,-0.5325294,-0.12690923,-0.83684313,-0.8427589,-0.012250125,0.53815174,-0.078547865,0.9918387,-0.10043025
1355994815804,-0.43311572,-0.22499508,-0.87280464,-0.896483,0.0071590543,0.44302025,-0.09342894,0.97433364,-0.20480496
1355994815847,-0.28421283,-0.32845974,-0.90074265,-0.951054,-0.022299469,0.30821922,-0.121323705,0.94425476,-0.30604523
1355994815885,-0.16097373,-0.3954596,-0.90426713,-0.9758468,-0.073324025,0.20578259,-0.1476832,0.91555184,-0.37410474
1355994815925,-0.11351538,-0.4197033,-0.9005351,-0.97949165,-0.10458881,0.17221281,-0.16646424,0.9016154,-0.3992234
