1355994984986,-0.36747128,-0.09567997,-0.9251001,-0.92733896,-0.03798747,0.37228945,-0.07076284,0.9946871,-0.07476848
1355994985024,0.4296878,-0.0372622,-0.9022083,-0.9002009,-0.095971525,-0.42476797,-0.07075849,0.99468637,-0.0747813
1355994985063,0.4298055,-0.037345856,-0.90214884,-0.90014684,-0.09599188,-0.42487797,-0.07073152,0.99468124,-0.07487461
1355994985104,0.43011078,-0.03762406,-0.9019917,-0.9000074,-0.096060425,-0.42515776,-0.070649534,0.9946642,-0.07517859
1355994985144,0.43042448,-0.038149446,-0.90182006,-0.89986944,-0.09616718,-0.42542532,-0.070495814,0.9946338,-0.07572222
1355994985183,0.43021733,-0.038772404,-0.9018923,-0.89998513,-0.0962069,-0.42517164,-0.07028335,0.9946059,-0.07628444
1355994985223,0.4289667,-0.039241612,-0.90246755,-0.9006013,-0.0960359,-0.42390376,-0.07003462,0.99460405,-0.07653725
1355994985265,0.4266322,-0.039443046,-0.9035647,-0.9017302,-0.095618814,-0.421592,-0.069768935,0.9946363,-0.07636103
1355994985303,0.42363816,-0.039415658,-0.9049735,-0.90315974,-0.0950551,-0.418649,-0.06952104,0.9946914,-0.07586759
1355994985343,0.4204354,-0.039138407,-0.90647805,-0.9046694,-0.09443036,-0.41551942,-0.069336206,0.9947619,-0.07510924
1355994985383,0.41725743,-0.038472176,-0.90797365,-0.9061466,-0.09373677,-0.41244602,-0.069242865,0.9948534,-0.073973775
1355994985445,0.4141181,-0.03727731,-0.9094595,-0.90758336,-0.092951715,-0.4094538,-0.06927252,0.9949725,-0.07232523
1355994985463,0.41110504,-0.035638183,-0.91089106,-0.9089385,-0.09215301,-0.4066184,-0.0694502,0.99510694,-0.07027751
1355994985505,0.4078595,-0.033602268,-0.9124262,-0.9103718,-0.09137648,-0.403576,-0.06981325,0.9952493,-0.06785932
1355994985541,0.40445176,-0.031428993,-0.9140191,-0.9118531,-0.0906851,-0.40037498,-0.07030454,0.9953835,-0.06533638
1355994985584,0.40109268,-0.029360443,-0.9155668,-0.9132973,-0.09006688,-0.3972102,-0.07079998,0.9955028,-0.06293997
1355994985623,0.39814293,-0.027551323,-0.9169096,-0.91455853,-0.0894689,-0.39443377,-0.07116768,0.99560857,-0.06081873
1355994985664,0.3960399,-0.026101917,-0.9178622,-0.91545784,-0.08888394,-0.39247483,-0.07133886,0.99569994,-0.059096783
1355994985703,0.39525247,-0.025137126,-0.9182285,-0.9158016,-0.08836979,-0.39178863,-0.07129517,0.9957706,-0.057949007
1355994985743,0.39609468,-0.024777293,-0.9178753,-0.9154587,-0.08797866,-0.3926769,-0.071024,0.99581414,-0.057530463
1355994985783,0.3985181,-0.025041819,-0.9168185,-0.914446,-0.08770019,-0.39509133,-0.07051137,0.9958321,-0.057849497
1355994985823,0.40211087,-0.02583465,-0.9152264,-0.91292906,-0.08748096,-0.39863208,-0.0697664,0.99583113,-0.058762193
1355994985863,0.40628394,-0.02702114,-0.91334724,-0.9111506,-0.08727798,-0.40272477,-0.06883296,0.99581754,-0.060079962
1355994985913,0.4104956,-0.028565943,-0.911415,-0.9093426,-0.087080926,-0.4068329,-0.0677453,0.99579155,-0.061722577
1355994985945,0.41417223,-0.030496746,-0.9096875,-0.9077598,-0.08695382,-0.41037947,-0.06658557,0.9957455,-0.06369758
1355994985985,0.41681862,-0.032936424,-0.9083928,-0.90662956,-0.0870319,-0.41285387,-0.06546125,0.9956609,-0.06613764
1355994986014,0.4171617,-0.035640985,-0.90813315,-0.9065393,-0.087254226,-0.41300508,-0.06451851,0.99554825,-0.068709075
1355994986045,0.41622967,-0.03858319,-0.9084406,-0.9070207,-0.087687016,-0.41185492,-0.06376776,0.9954006,-0.071493685
1355994986074,0.41355464,-0.041789442,-0.9095198,-0.9082856,-0.088239044,-0.40893918,-0.063165784,0.9952224,-0.07444844
1355994986104,0.41805044,-0.044356048,-0.9073403,-0.90626544,-0.08917472,-0.4131958,-0.0625841,0.99502784,-0.07747784
1355994986135,0.4044028,-0.048711568,-0.9132829,-0.9124887,-0.088995636,-0.39930448,-0.06182745,0.99484015,-0.08043882
1355994986173,0.39276388,-0.05323872,-0.918097,-0.9176624,-0.0881128,-0.38746843,-0.060267776,0.9946867,-0.083462715
1355994986204,0.39748618,-0.05590397,-0.9159037,-0.9157586,-0.08751026,-0.39208183,-0.05823201,0.99459374,-0.08597866
1355994986245,0.3761772,-0.060818166,-0.9245496,-0.92492604,-0.083660424,-0.37082705,-0.054795206,0.99463665,-0.087723464
1355994986274,0.3592804,-0.064616114,-0.93099,-0.9318383,-0.079294086,-0.35410425,-0.05094117,0.9947548,-0.08870059
1355994986305,0.3461262,-0.067249835,-0.93577456,-0.9370218,-0.0744949,-0.3412339,-0.046762556,0.9949512,-0.08879915
1355994986344,0.33518234,-0.068085015,-0.9396899,-0.94120806,-0.06886241,-0.33073443,-0.042191297,0.9953001,-0.08716357
1355994986385,0.32616258,-0.0662905,-0.9429865,-0.9445101,-0.06397635,-0.32219213,-0.03897056,0.99574727,-0.08347872
1355994986414,0.319193,-0.06250805,-0.945626,-0.9469294,-0.060997903,-0.31560084,-0.037953645,0.9961786,-0.078660786
1355994986455,0.30692413,-0.05436364,-0.95018005,-0.95079017,-0.061966628,-0.30357578,-0.04237598,0.9965966,-0.07070744
1355994986484,0.29557097,-0.044341117,-0.95429116,-0.95400333,-0.06614345,-0.29240844,-0.050154388,0.9968244,-0.06185168
1355994986525,0.27816147,-0.030347884,-0.96005476,-0.95832366,-0.07654047,-0.27524045,-0.065130085,0.99660456,-0.050373703
1355994986554,0.26383296,-0.01614219,-0.9644332,-0.9610982,-0.08913556,-0.26142862,-0.08174536,0.9958886,-0.03903106
1355994986595,0.24809164,-8.171797E-4,-0.9687363,-0.963355,-0.105468154,-0.24662456,-0.10196927,0.9944223,-0.026953012
1355994986634,0.23710242,0.014016479,-0.9713836,-0.9636698,-0.12317845,-0.23699695,-0.12297538,0.99228555,-0.015698671
1355994986664,0.23340195,0.026854634,-0.9720094,-0.96203053,-0.13908118,-0.23484835,-0.14149496,0.9899168,-0.0066268444
1355994986694,0.23417482,0.037424535,-0.97147393,-0.9593719,-0.15286282,-0.23714644,-0.15737736,0.9875385,1.0743737E-4
1355994986725,0.23951256,0.0460473,-0.96980065,-0.9558157,-0.16416961,-0.2438536,-0.17044061,0.9853568,0.0046921074
1355994986764,0.24962261,0.052731276,-0.96690637,-0.9514165,-0.17252544,-0.2550325,-0.18026417,0.9835925,0.007103175
1355994986805,0.2663249,0.058725893,-0.96209276,-0.94574183,-0.17682222,-0.2725919,-0.18612757,0.9824893,0.008447349
1355994986845,0.28734556,0.064042,-0.9556836,-0.93923247,-0.1768072,-0.2942474,-0.18781593,0.98215973,0.009345621
1355994986874,0.31110215,0.06867111,-0.94789225,-0.93175495,-0.17443317,-0.31844282,-0.18721169,0.98227155,0.00971812
1355994986916,0.33725825,0.07035127,-0.93877983,-0.9234104,-0.16935852,-0.34442836,-0.18322131,0.9830404,0.007845491
1355994986954,0.3689685,0.0692209,-0.9268607,-0.9122302,-0.16405362,-0.3753963,-0.17804018,0.9840197,0.002614811
1355994986995,0.4034264,0.065095365,-0.9126936,-0.8983799,-0.16113925,-0.40859225,-0.17366824,0.9847826,-0.0065274388
1355994987034,0.43613118,0.060055554,-0.897877,-0.88326436,-0.16230136,-0.43988907,-0.17214444,0.98491204,-0.017739773
1355994987075,0.46305603,0.056038886,-0.8845557,-0.8691758,-0.16668266,-0.46556458,-0.17352986,0.98441684,-0.028475761
1355994987116,0.4832539,0.053331196,-0.8738544,-0.8577836,-0.17083204,-0.48479235,-0.17513695,0.9838557,-0.03680858
1355994987155,0.49748957,0.050979525,-0.8659707,-0.8499199,-0.17114264,-0.49834377,-0.1736098,0.9839265,-0.04181318
1355994987196,0.5061703,0.04795757,-0.8610991,-0.84597933,-0.16649547,-0.5065553,-0.16766223,0.9848753,-0.04370399
1355994987236,0.508844,0.04351142,-0.8597584,-0.84623647,-0.15801209,-0.5088379,-0.15799248,0.98647803,-0.043582514
1355994987277,0.5036334,0.037193626,-0.8631165,-0.851403,-0.14806715,-0.5031791,-0.1465142,0.9882777,-0.04290481
1355994987317,0.4916731,0.028259426,-0.87032115,-0.8606863,-0.135966,-0.49064493,-0.13219938,0.99031043,-0.042528346
1355994987356,0.46932927,0.015960336,-0.882879,-0.87540376,-0.12265387,-0.46757278,-0.11575112,0.99232113,-0.043593332
1355994987397,0.44192332,-0.0011218488,-0.89705217,-0.8917929,-0.108682334,-0.43919647,-0.09700099,0.9940759,-0.049029723
1355994987435,0.4149379,-0.026334852,-0.90946853,-0.90648735,-0.09782058,-0.41074526,-0.07814786,0.9948555,-0.06446168
1355994987477,0.40706393,-0.06434241,-0.9111306,-0.91117716,-0.09814891,-0.40015358,-0.063679636,0.9930895,-0.09858021
1355994987517,0.44541186,-0.11659795,-0.88770103,-0.89334816,-0.12374097,-0.43199214,-0.05947557,0.9854405,-0.15927827
1355994987557,0.5334919,-0.17048016,-0.82844603,-0.8430426,-0.18627892,-0.5045586,-0.06830481,0.96759325,-0.24310032
1355994987595,0.63491595,-0.2055588,-0.7447331,-0.76773715,-0.27564836,-0.5784443,-0.086380094,0.9390227,-0.33282864
1355994987636,0.71275973,-0.21559916,-0.6674508,-0.69361955,-0.35807267,-0.6250407,-0.104237646,0.9084608,-0.40476358
1355994987676,0.7604378,-0.20922962,-0.61478233,-0.63922703,-0.4081527,-0.6517669,-0.114556134,0.8886137,-0.44412
1355994987716,0.7868907,-0.19498132,-0.5854787,-0.6060851,-0.42259753,-0.67384875,-0.11603396,0.88509524,-0.45071334
1355994987758,0.7944225,-0.17907457,-0.58036643,-0.59745926,-0.4022834,-0.69369334,-0.109248936,0.8978309,-0.42657274
1355994987795,0.7898475,-0.16320848,-0.59118855,-0.6054706,-0.36107016,-0.7092487,-0.097705156,0.9181456,-0.3840083
1355994987837,0.7631019,-0.15028757,-0.6285612,-0.6408518,-0.30173403,-0.70587933,-0.0835734,0.9414724,-0.32656586
1355994987875,0.6966555,-0.14007777,-0.7035974,-0.71389115,-0.23232229,-0.66059506,-0.070926696,0.96249914,-0.26184887
1355994987915,0.5500109,-0.12887272,-0.8251544,-0.8327725,-0.15924458,-0.53021806,-0.063070685,0.97879165,-0.19490795
1355994987952,0.35638782,-0.104781836,-0.9284441,-0.9323561,-0.10457125,-0.3460879,-0.06082481,0.9889821,-0.13496193
1355994987993,0.22038564,-0.06985605,-0.97290814,-0.97324586,-0.08219728,-0.21456024,-0.06498203,0.9941648,-0.08610222
1355994988033,0.22391182,-0.033436477,-0.97403574,-0.97172457,-0.08449823,-0.22047988,-0.07493225,0.9958625,-0.051411152
1355994988073,0.3206846,-0.0011104047,-0.9471854,-0.9429332,-0.095030546,-0.31913352,-0.08965719,0.99547374,-0.031521857
1355994988113,0.4372015,0.025556743,-0.8990004,-0.89281553,-0.10806948,-0.43726587,-0.108329535,0.9938148,-0.024430707
1355994988153,0.53133184,0.04746461,-0.84583306,-0.83718854,-0.12334788,-0.5328234,-0.12962195,0.9912278,-0.025801823
1355994988193,0.59799147,0.06583485,-0.79879415,-0.78740156,-0.13786826,-0.60082555,-0.14968354,0.98826027,-0.03060563
1355994988233,0.6474582,0.079859346,-0.75790524,-0.74455464,-0.14588861,-0.65142536,-0.16259211,0.98607254,-0.034997135
1355994988273,0.68820906,0.08760512,-0.7202039,-0.70665747,-0.14390041,-0.69276834,-0.16432765,0.9857069,-0.037126772
1355994988313,0.72328925,0.08812401,-0.6848991,-0.6729286,-0.13265263,-0.72771573,-0.15498292,0.9872372,-0.036645055
1355994988354,0.75327325,0.081812024,-0.6525996,-0.64333326,-0.114659175,-0.7569516,-0.13675427,0.9900304,-0.0337373
1355994988394,0.7792112,0.06939748,-0.62290764,-0.61681175,-0.09147662,-0.7817771,-0.111234814,0.9933862,-0.02847445
1355994988434,0.8024481,0.05176282,-0.59447265,-0.5912782,-0.06528654,-0.8038207,-0.08041906,0.99652314,-0.021782845
1355994988476,0.8378702,0.027881682,-0.545157,-0.54403144,-0.039235614,-0.8381469,-0.04475856,0.9988409,-0.017705835
1355994988515,0.8646043,-0.0042606443,-0.5024353,-0.5023589,-0.026718311,-0.86424625,-0.009741992,0.9996339,-0.025241137
1355994988580,0.92362213,-0.040298417,-0.38118,-0.3828761,-0.050004214,-0.9224454,0.018112496,0.99793565,-0.061614305
1355994988593,0.9811765,-0.05713296,-0.18446818,-0.19022197,-0.12126386,-0.974223,0.033290923,0.99097466,-0.1298492
1355994988635,0.9990308,-0.039010674,-0.020384103,-0.028682895,-0.22572532,-0.97376865,0.033386163,0.9734096,-0.2266255
1355994988671,0.99724627,-0.0025050715,0.0741189,0.0693866,-0.32129455,-0.94443387,0.026179874,0.946976,-0.32023597
1355994988716,0.9895769,0.037829343,0.13894801,0.14275095,-0.3847801,-0.9119027,0.018967748,0.9222328,-0.38616967
1355994988765,0.973097,0.08042534,0.21590263,0.22993113,-0.3984785,-0.8878888,0.014623813,0.9136447,-0.40625054
1355994988803,0.9421471,0.124357186,0.31127828,0.33502296,-0.37950522,-0.8624009,0.010885999,0.9167938,-0.39921224
1355994988843,0.8913095,0.16315065,0.42302388,0.4533623,-0.3319747,-0.8271973,0.005475417,0.9290719,-0.36985856
1355994988914,0.797105,0.19394974,0.5718453,0.6038207,-0.24831158,-0.75745755,-0.004912913,0.94906527,-0.3150413
1355994988935,0.69561136,0.19733045,0.6907862,0.7182064,-0.16765904,-0.67532957,-0.017446578,0.965894,-0.25834954
1355994988974,0.6122009,0.18037137,0.76985466,0.7900511,-0.10003267,-0.6048245,-0.03208241,0.97849864,-0.2037427
1355994989015,0.6487073,0.14883277,0.74634284,0.75952387,-0.06478144,-0.6472455,-0.047982156,0.9867381,-0.15506624
1355994989054,0.8893191,0.109650046,0.4439464,0.4527233,-0.07429886,-0.88855016,-0.06444487,0.9911895,-0.115716524
1355994989094,0.9946274,0.07543323,-0.0708952,-0.06376489,-0.093066454,-0.993616,-0.08154962,0.9927983,-0.087756455
1355994989135,0.9429497,0.071236484,-0.3252248,-0.31768695,-0.09972057,-0.94293725,-0.099603154,0.99246216,-0.07140058
1355994989175,0.90616715,0.081030175,-0.41508466,-0.4060887,-0.107420295,-0.9074982,-0.11812323,0.9909062,-0.0644353
1355994989215,0.8900952,0.092545494,-0.44628,-0.43555892,-0.115666084,-0.89269805,-0.13423465,0.98896754,-0.06264481
1355994989255,0.8869394,0.10033876,-0.45085543,-0.4391511,-0.119278796,-0.89045995,-0.14312512,0.98777765,-0.061729193
1355994989296,0.89151525,0.10146943,-0.44147992,-0.43023488,-0.11534328,-0.89531773,-0.14176913,0.98812944,-0.059174597
1355994989336,0.8996702,0.09509966,-0.4260865,-0.41668764,-0.10413045,-0.90306604,-0.13024987,0.99000657,-0.054056197
1355994989375,0.905734,0.08349572,-0.41554105,-0.40850037,-0.08946144,-0.90836346,-0.11301935,0.99248433,-0.04692024
1355994989417,0.9110636,0.06692885,-0.40679678,-0.40245873,-0.06955558,-0.9127919,-0.08938709,0.9953304,-0.03643346
1355994989455,0.9117411,0.04707268,-0.40805927,-0.4060514,-0.046785116,-0.9126519,-0.06205207,0.9977952,-0.023541983
1355994989496,0.9124263,0.022836447,-0.40860343,-0.4081865,-0.020848632,-0.9126604,-0.029360741,0.9995218,-0.009701312
1355994989541,0.9174596,-0.008507103,-0.39773798,-0.39775497,-3.349185E-4,-0.9174916,0.007671997,0.9999637,-0.0036910214
1355994989576,0.9416625,-0.048325405,-0.33307117,-0.33363992,-0.003985524,-0.9426922,0.044228524,0.9988237,-0.019876301
1355994989617,0.99143815,-0.08114044,-0.10230651,-0.10776284,-0.06598064,-0.9919847,0.073739834,0.9945164,-0.07415965
1355994989656,0.9867234,-0.06606506,0.14836542,0.13481958,-0.17617375,-0.9750829,0.090556994,0.9821397,-0.1649279
1355994989694,0.97910106,-0.040753305,0.19924915,0.18013065,-0.28104722,-0.9426375,0.094414,0.9588283,-0.26783273
1355994989736,0.982135,-0.025627658,0.1864241,0.16478817,-0.36121407,-0.9178067,0.09086027,0.93213063,-0.35053787
1355994989776,0.98275363,-0.011529788,0.1845599,0.16430423,-0.40350777,-0.9001031,0.08484934,0.9149035,-0.39465433
1355994989813,0.9765936,0.011280797,0.21479678,0.20045319,-0.40985054,-0.88985443,0.07799631,0.9120829,-0.4025187
1355994989854,0.85395443,0.14156638,0.50072026,0.51560974,-0.3597746,-0.77763027,0.070060134,0.9222371,-0.3802241
1355994989921,-0.99714565,0.07250339,0.021063874,0.04423906,0.3349889,0.9411829,0.061182797,0.9394284,-0.33724016
1355994989936,-0.9968673,0.031873576,-0.07238552,-0.060247727,0.28693128,0.95605475,0.051242553,0.95742077,-0.2841121
1355994989976,-0.9935232,0.014031988,-0.11275963,-0.10653572,0.23009866,0.96731836,0.039519243,0.97306615,-0.22711349
1355994990015,-0.9887274,-2.5887787E-4,-0.1497265,-0.14750353,0.17336982,0.9737482,0.025705982,0.9848567,-0.17145371
1355994990057,-0.980662,-0.01463785,-0.19516096,-0.19547352,0.122177005,0.97306883,0.00960055,0.9924004,-0.12267566
1355994990095,-0.9650399,-0.031608373,-0.2601903,-0.26192722,0.079927325,0.96177226,-0.009603724,0.99629945,-0.085412204
1355994990137,-0.93253773,-0.052741632,-0.35719973,-0.35958958,0.04609102,0.9319715,-0.032690004,0.9975439,-0.061946988
1355994990175,-0.86630315,-0.076540574,-0.49361974,-0.49604875,0.0155463815,0.8681555,-0.058775127,0.99694526,-0.05143571
1355994990216,-0.7479989,-0.09633663,-0.6566711,-0.6583283,-0.017932653,0.75251734,-0.084270835,0.9951873,-0.050007522
1355994990256,-0.5810382,-0.103235036,-0.80730236,-0.80731213,-0.0526191,0.58777404,-0.103158385,0.9932642,-0.052769125
1355994990296,-0.3991354,-0.09518403,-0.91193795,-0.91023976,-0.078455865,0.40658104,-0.11024693,0.9923631,-0.055325747
1355994990336,-0.24571854,-0.07962865,-0.96606505,-0.96382207,-0.08612943,0.25224736,-0.1032927,0.9930967,-0.055584252
1355994990374,-0.13984483,-0.064670384,-0.9880593,-0.9863003,-0.079075634,0.14477149,-0.08749387,0.99476874,-0.05272615
1355994990417,-0.10297179,-0.05198568,-0.9933249,-0.9925365,-0.06022066,0.10604173,-0.06533131,0.9968305,-0.045396745
1355994990456,-0.15883297,-0.038093418,-0.98657024,-0.9865682,-0.032483697,0.16008696,-0.03814575,0.99874604,-0.032422245
1355994990495,-0.31226414,-0.017891377,-0.94982684,-0.9499587,-0.0029036403,0.3123622,-0.008346558,0.9998357,-0.01608932
1355994990537,-0.5127945,0.010560155,-0.8584465,-0.8581618,0.022227585,0.5128979,0.02449748,0.99969715,-0.0023358464
1355994990576,-0.6789611,0.035339803,-0.7333232,-0.7320099,0.044054687,0.67986816,0.056332737,0.99840385,-0.004042387
1355994990617,-0.74663275,0.03624946,-0.66424805,-0.6600422,0.08416754,0.74649847,0.082968295,0.99579203,-0.03891611
1355994990655,-0.707222,-0.009294808,-0.7069305,-0.699888,0.15059364,0.69819653,0.099969685,0.9885521,-0.1130085
1355994990694,-0.47468948,-0.13667613,-0.86947656,-0.873758,0.19204837,0.44683817,0.10590944,0.97182155,-0.21058518
1355994990736,0.010870397,-0.30480975,-0.9523512,-0.9945794,0.09519899,-0.041821837,0.10341057,0.9476435,-0.30212265
1355994990776,0.35562843,-0.37242618,-0.8572206,-0.9294945,-0.044938743,-0.36608812,0.097818434,0.9269731,-0.3621496
1355994990816,0.43532017,-0.38234967,-0.8150491,-0.8956303,-0.09207621,-0.43516463,0.091338396,0.91941863,-0.38252658
1355994990856,0.37099534,-0.37645635,-0.848907,-0.92469525,-0.0656455,-0.37500572,0.08544633,0.92410564,-0.37246156
1355994990918,0.16265252,-0.34932637,-0.92277586,-0.98338974,0.018959016,-0.18051374,0.080553174,0.9368093,-0.3404402
1355994990935,-0.13911322,-0.2844982,-0.9485295,-0.9874047,0.112743825,0.11099881,0.07536185,0.9520239,-0.29659903
1355994990975,-0.3898729,-0.20355535,-0.8980893,-0.9184077,0.15720278,0.36306286,0.06727877,0.96636045,-0.24823588
1355994991015,-0.50141907,-0.14729786,-0.8525739,-0.86350334,0.14695925,0.4824571,0.054228693,0.9781136,-0.20088035
1355994991056,-0.4961964,-0.120556414,-0.85979956,-0.867477,0.10953516,0.48526868,0.035676003,0.98664486,-0.15893084
1355994991095,-0.4066354,-0.109552145,-0.9069983,-0.9135084,0.062067747,0.40205723,0.012249142,0.9920413,-0.12531579
1355994991136,-0.25647742,-0.10193813,-0.9611597,-0.9664339,0.011616826,0.25665268,-0.014997065,0.99472284,-0.10149592
1355994991175,-0.079823196,-0.09049326,-0.99269295,-0.995802,-0.037512958,0.083492875,-0.04479447,0.99519026,-0.08711898
1355994991216,0.080781996,-0.07340348,-0.99402523,-0.99393964,-0.08052689,-0.074828535,-0.07455313,0.994046,-0.07946372
1355994991255,0.2016196,-0.053193808,-0.9780183,-0.9744276,-0.11202267,-0.19478655,-0.09919879,0.99228084,-0.07441947
1355994991296,0.28495687,-0.03393373,-0.9579395,-0.95188475,-0.12758201,-0.27863637,-0.11276066,0.9912474,-0.068656355
1355994991336,0.3386951,-0.019175708,-0.94070077,-0.9341548,-0.1263206,-0.33376333,-0.11242971,0.9918041,-0.060697258
1355994991375,0.36454338,-0.010496885,-0.93112725,-0.92557,-0.113743484,-0.36108539,-0.102119386,0.9934547,-0.051180035
1355994991417,0.35894346,-0.006542206,-0.9333364,-0.9296592,-0.09145868,-0.35688818,-0.083026856,0.9957874,-0.038910538
1355994991456,0.30414248,-0.005102396,-0.95261294,-0.95079935,-0.06353277,-0.30322322,-0.05897492,0.99796677,-0.024174392
1355994991496,0.18983671,-8.4128976E-4,-0.98181534,-0.98138654,-0.029723674,-0.18972832,-0.029023558,0.9995578,-0.006468296
1355994991537,-0.002696097,0.009500504,-0.99995124,-0.99996984,0.0072535872,0.002765119,0.007279545,0.99992853,0.009480715
1355994991575,-0.24596679,0.02296859,-0.96900606,-0.96818864,0.041567743,0.24674457,0.045946807,0.9988716,0.012013614
1355994991617,-0.4130829,0.018367082,-0.91050816,-0.9068692,0.08323246,0.41311094,0.08337149,0.9963609,-0.017725348
1355994991655,-0.4308132,-0.03328854,-0.9018269,-0.8952169,0.14195693,0.42241552,0.113959014,0.9893129,-0.0909574
1355994991694,-0.23580754,-0.16358155,-0.95793307,-0.96257,0.17484945,0.20709082,0.13361785,0.97091126,-0.19868952
1355994991736,0.13692509,-0.3305613,-0.933799,-0.9803581,0.089863405,-0.17556342,0.14194879,0.9394965,-0.31176388
1355994991776,0.3728381,-0.41914582,-0.82783365,-0.91676867,-0.028642923,-0.39839008,0.14327195,0.907467,-0.39493895
1355994991815,0.4046009,-0.45204696,-0.79495394,-0.90368676,-0.06439384,-0.42332453,0.14017245,0.88966686,-0.43456268
1355994991853,0.29867423,-0.45460433,-0.8391238,-0.9449597,-0.017798558,-0.32670248,0.13358521,0.8905157,-0.43489873
1355994991917,0.10717934,-0.4179642,-0.9021189,-0.9864962,0.06831598,-0.1488558,0.12384549,0.9058912,-0.404998
1355994991930,-0.07155347,-0.35330954,-0.932766,-0.99117076,0.12984443,0.026851714,0.11162752,0.92645174,-0.35948098
1355994991975,-0.20328137,-0.2797885,-0.93829376,-0.9745146,0.15065661,0.16620448,0.09485811,0.9481672,-0.3032837
1355994992013,-0.2632442,-0.21988884,-0.9393356,-0.9618634,0.13481772,0.23799804,0.07430598,0.9661641,-0.246993
1355994992053,-0.27749383,-0.17401794,-0.9448359,-0.95944357,0.101022005,0.26317802,0.049651533,0.979547,-0.19499338
1355994992095,-0.2559499,-0.140921,-0.95636344,-0.9664575,0.05900258,0.24995723,0.021203727,0.9882611,-0.1512959
1355994992133,-0.20724744,-0.11808622,-0.9711355,-0.9782492,0.016109467,0.20680672,-0.008776516,0.99287266,-0.11885637
1355994992173,-0.14503312,-0.10261756,-0.984091,-0.9886169,-0.02520591,0.14832854,-0.04002601,0.99440145,-0.09779376
1355994992225,-0.07778287,-0.09098625,-0.9928098,-0.9942397,-0.0665735,0.08399603,-0.07373726,0.9936243,-0.085283875
1355994992264,-0.011698961,-0.07623941,-0.99702096,-0.9951518,-0.09648776,0.019055128,-0.09765303,0.99241006,-0.074741006
1355994992305,0.032490015,-0.059093177,-0.9977236,-0.9936835,-0.10919088,-0.025891244,-0.10741237,0.99226266,-0.062267452
1355994992344,0.059462726,-0.04280415,-0.9973123,-0.992697,-0.107586205,-0.05456999,-0.104961246,0.99327385,-0.048888892
1355994992384,0.06956905,-0.027859896,-0.9971881,-0.99339783,-0.09333968,-0.06669688,-0.0912191,0.9952445,-0.034169495
1355994992423,0.06107813,-0.01429075,-0.99803066,-0.99564713,-0.07139689,-0.05990994,-0.07040012,0.99734557,-0.018589348
1355994992464,0.03254664,2.1743774E-4,-0.99947023,-0.99852246,-0.043532252,-0.03252527,-0.043516308,0.9990519,-0.0011996925
1355994992503,-0.017676413,0.01666212,-0.9997049,-0.9997761,-0.011925399,0.017478943,-0.011630595,0.9997901,0.016869158
1355994992547,-0.08267242,0.031155229,-0.9960897,-0.996269,0.022255719,0.08338344,0.024766564,0.99926674,0.029199004
1355994992597,-0.13184375,0.020040423,-0.99106795,-0.98913264,0.06296885,0.13285959,0.06506902,0.9978143,0.011520565
1355994992635,-0.15853071,-0.024217755,-0.9870571,-0.982375,0.10413957,0.15522361,0.09903255,0.9942678,-0.04030025
1355994992676,-0.10075939,-0.1264906,-0.98683715,-0.9878427,0.13074183,0.08410385,0.11838254,0.98331416,-0.13812625
1355994992715,0.029459715,-0.2644574,-0.9639473,-0.9922258,0.10891831,-0.06020546,0.12091327,0.95822704,-0.2591927
1355994992756,0.16143261,-0.3778701,-0.9116762,-0.9804337,0.044037744,-0.19186029,0.1126464,0.92481065,-0.3633675
1355994992796,0.23399855,-0.43671313,-0.86863476,-0.9669682,-0.011650488,-0.25463083,0.1010806,0.8995254,-0.42501384
1355994992836,0.23942661,-0.45181215,-0.8593839,-0.96672773,-0.028825283,-0.25417832,0.09006888,0.89164734,-0.44368088
1355994992875,0.18559216,-0.43519473,-0.88100004,-0.97931087,-0.008324459,-0.20219028,0.08065826,0.9002979,-0.42773587
1355994992923,0.088050455,-0.39458862,-0.9146294,-0.99341357,0.032805175,-0.10978773,0.073325574,0.91827214,-0.38910115
1355994992956,-0.037994325,-0.33397308,-0.94181657,-0.99703205,0.07582468,0.013333976,0.06695974,0.93952787,-0.33586276
1355994992995,-0.16206756,-0.26536107,-0.9504302,-0.98497784,0.10168162,0.13956901,0.059605062,0.9587723,-0.27785403
1355994993037,-0.2688337,-0.19686824,-0.94285274,-0.9619408,0.104646444,0.252426,0.048971534,0.9748292,-0.21750814
1355994993074,-0.3370657,-0.14036742,-0.9309584,-0.94081986,0.08727205,0.32747754,0.035279423,0.98624563,-0.16147685
1355994993116,-0.3690896,-0.09835732,-0.92417455,-0.9292302,0.05770862,0.3649669,0.0174357,0.9934765,-0.11269629
1355994993157,-0.36131108,-0.07172775,-0.9296825,-0.93242943,0.02196902,0.3606837,-0.0054468215,0.99718237,-0.07481867
1355994993196,-0.31634414,-0.056894302,-0.9469368,-0.94812965,-0.013917923,0.3175789,-0.031247854,0.99828315,-0.04954028
1355994993237,-0.24739671,-0.04939866,-0.9676542,-0.96712506,-0.048075616,0.24971566,-0.05885616,0.9976214,-0.035880983
1355994993275,-0.16886222,-0.042210847,-0.98473537,-0.98227537,-0.075270176,0.17166686,-0.08136746,0.99626935,-0.028752446
1355994993316,-0.098404646,-0.032901675,-0.99460244,-0.99079704,-0.09010279,0.1010088,-0.092939764,0.99538887,-0.023732305
1355994993355,-0.044632554,-0.022368222,-0.9987531,-0.9947624,-0.09102881,0.046492904,-0.091955215,0.995597,-0.018188268
1355994993398,-0.013436317,-0.012353927,-0.99983335,-0.9965496,-0.0817402,0.014402211,-0.0819045,0.9965771,-0.011213005
1355994993436,-0.010721266,-0.0026341677,-0.99993896,-0.99778974,-0.06555402,0.0108709335,-0.06557867,0.99784553,-0.001925528
1355994993476,-0.04340464,0.008656621,-0.99902004,-0.9980835,-0.044521213,0.042978257,-0.04410559,0.99897087,0.010572493
1355994993517,-0.11710131,0.024752736,-0.99281144,-0.9929824,-0.0195598,0.11663377,-0.016532153,0.9995023,0.026869476
1355994993556,-0.22821468,0.04470834,-0.9725838,-0.97349346,0.005033374,0.22865951,0.01511845,0.99898744,0.04237455
1355994993597,-0.3442937,0.060611874,-0.9369035,-0.93747365,0.032055795,0.34657705,0.051039875,0.9976466,0.045785367
1355994993636,-0.4337855,0.057570904,-0.89917505,-0.89695406,0.06706464,0.43700784,0.085461825,0.9960863,0.022546709
1355994993676,-0.44508857,0.010516256,-0.8954248,-0.88860846,0.118508816,0.4430922,0.11077541,0.9928973,-0.043402016
1355994993715,-0.3420967,-0.100721955,-0.93425095,-0.9319447,0.16355199,0.3236197,0.12020293,0.9813795,-0.14981788
1355994993756,-0.13539046,-0.25172028,-0.95828295,-0.9841565,0.14591807,0.1007165,0.11447844,0.95673656,-0.26748812
1355994993796,0.05958721,-0.36670622,-0.92842656,-0.9931438,0.0719274,-0.09215042,0.10057145,0.9275521,-0.35990608
1355994993836,0.15005483,-0.41750258,-0.8962004,-0.9849064,0.015974417,-0.17234907,0.08627245,0.90853524,-0.40880394
1355994993877,0.12265885,-0.4176393,-0.9002956,-0.98974526,0.015437663,-0.14200711,0.07320619,0.9084817,-0.41146296
1355994993925,0.030508459,-0.38720936,-0.92148685,-0.9975901,0.045680344,-0.052222967,0.062315077,0.9208595,-0.38488257
1355994993957,-0.10749307,-0.32899547,-0.9381936,-0.99278116,0.08602026,0.08358276,0.05320531,0.9404055,-0.3358671
1355994993996,-0.24809244,-0.25578174,-0.9343586,-0.9676882,0.11029044,0.22675005,0.04505226,0.96042275,-0.27487916
1355994994037,-0.36087883,-0.18329021,-0.914424,-0.9318868,0.10954857,0.34581223,0.036789894,0.976936,-0.21033955
1355994994075,-0.43131506,-0.123725176,-0.8936774,-0.9017929,0.088925004,0.4229206,0.027144313,0.98832405,-0.14992917
1355994994116,-0.45682502,-0.08257958,-0.8857152,-0.8894355,0.058825076,0.45325935,0.014672279,0.9948468,-0.10032195
1355994994156,-0.44101197,-0.059834808,-0.8955045,-0.8974985,0.026938736,0.44019398,-0.0022152066,0.9978447,-0.06558192
1355994994195,-0.38747746,-0.05261278,-0.92037654,-0.92156583,-0.0039206743,0.38820225,-0.024032861,0.9986072,-0.04696697
1355994994236,-0.307567,-0.054219037,-0.94998044,-0.950271,-0.03376621,0.30958825,-0.048862815,0.997958,-0.041137397
1355994994275,-0.21996891,-0.05768156,-0.97380006,-0.9727688,-0.061771452,0.22339487,-0.07303879,0.9964222,-0.042523086
1355994994316,-0.14277613,-0.057558358,-0.9880799,-0.9856563,-0.08248901,0.14723119,-0.089980155,0.99492836,-0.044955254
1355994994356,-0.087050974,-0.053166658,-0.99478406,-0.99168396,-0.090390325,0.09161067,-0.094789565,0.9944862,-0.044855893
1355994994396,-0.056387424,-0.046640605,-0.997319,-0.99443173,-0.08644879,0.06026703,-0.08902788,0.995164,-0.04150629
1355994994437,-0.05434823,-0.03789538,-0.9978026,-0.99576205,-0.07218909,0.056978762,-0.07418975,0.9966708,-0.03381145
1355994994477,-0.08545238,-0.026857704,-0.9959802,-0.99484265,-0.052524388,0.08677119,-0.05464369,0.9982584,-0.022230864
1355994994517,-0.1478793,-0.009853095,-0.98895633,-0.98856103,-0.028498054,0.14810413,-0.029642612,0.9995453,-0.0055261254
1355994994555,-0.23866928,0.013289094,-0.97100997,-0.97110075,-0.002632916,0.23865551,6.149709E-4,0.99990827,0.013533413
1355994994596,-0.3369006,0.036168516,-0.94084525,-0.94089156,0.024151742,0.33784562,0.03494242,0.9990538,0.025893986
1355994994639,-0.41085374,0.042144477,-0.91072667,-0.9090533,0.057142437,0.41274315,0.06943604,0.99747616,0.014834344
1355994994675,-0.4346177,0.010517895,-0.9005536,-0.8954238,0.102160394,0.43333516,0.09655869,0.99471223,-0.03498268
1355994994715,-0.38899618,-0.076431125,-0.9180633,-0.9147663,0.14997494,0.3751134,0.10901615,0.9857311,-0.12825626
1355994994755,-0.28103504,-0.20649299,-0.93721926,-0.9538578,0.16767058,0.24908221,0.10571036,0.9639747,-0.2440862
1355994994799,-0.16418532,-0.32594952,-0.931021,-0.9819379,0.14397153,0.12276021,0.094026834,0.93436027,-0.34370017
1355994994833,-0.094586074,-0.394783,-0.9138927,-0.9922645,0.11152905,0.054519176,0.080402315,0.9119801,-0.40227818
1355994994874,-0.08759263,-0.4102792,-0.90774363,-0.9938949,0.09736195,0.051900417,0.06708604,0.9067478,-0.41630262
1355994994922,-0.12982553,-0.38435155,-0.91401273,-0.9900165,0.1012758,0.09803358,0.05488801,0.91761494,-0.3936625
1355994994955,-0.1965844,-0.33245236,-0.9224045,-0.9794684,0.10945529,0.16929618,0.044679135,0.9367471,-0.34714377
1355994994994,-0.26737413,-0.26861215,-0.92539644,-0.9629272,0.11017075,0.24623892,0.03580886,0.9569273,-0.28811073
1355994995035,-0.32851434,-0.20448393,-0.9220979,-0.94412285,0.098644435,0.3144858,0.026652575,0.97388685,-0.22546405
1355994995091,-0.37188512,-0.14898059,-0.91624576,-0.92813754,0.07689327,0.3642089,0.016193092,0.9858459,-0.16687
1355994995113,-0.3948384,-0.10670754,-0.9125328,-0.91874206,0.050115466,0.39166474,0.0039384067,0.9930266,-0.11782426
1355994995154,-0.39773422,-0.07899925,-0.9140934,-0.9174372,0.022524,0.39724255,-0.010792822,0.9966202,-0.08143538
1355994995191,-0.3823949,-0.065246284,-0.92169243,-0.9235616,-0.0036981702,0.38343227,-0.02842611,0.99786234,-0.058844745
1355994995234,-0.3527041,-0.06306499,-0.9336073,-0.93445563,-0.028414309,0.35494402,-0.048912406,0.99760485,-0.048909545
1355994995273,-0.31562567,-0.06660986,-0.94654286,-0.946334,-0.050982177,0.31914374,-0.06951496,0.9964757,-0.046943843
1355994995313,-0.2798143,-0.06947166,-0.95753723,-0.95627826,-0.0682022,0.28439462,-0.08506352,0.99524975,-0.047350287
1355994995355,-0.2513494,-0.06762472,-0.9655311,-0.9636649,-0.07569295,0.25616503,-0.090406984,0.9948354,-0.04614222
1355994995394,-0.23191667,-0.061350614,-0.97079897,-0.96892595,-0.07367128,0.23612496,-0.0860064,0.99539363,-0.042358577
1355994995434,-0.2227782,-0.050946206,-0.97353697,-0.97210276,-0.06356865,0.22577664,-0.073388904,0.9966762,-0.035363257
1355994995473,-0.22424632,-0.03698507,-0.97383046,-0.9729403,-0.048601627,0.22588724,-0.05568424,0.99813324,-0.025085509
1355994995514,-0.23695326,-0.018028527,-0.97135377,-0.9709599,-0.029583037,0.23740625,-0.0330157,0.9993998,-0.010495126
1355994995553,-0.25975013,0.005296141,-0.9656613,-0.9656595,-0.0072305202,0.2597101,-0.00560683,0.9999598,0.0069924593
1355994995595,-0.2864799,0.027128458,-0.95770216,-0.9577324,0.019059539,0.28702882,0.026040047,0.9994503,0.020521581
1355994995635,-0.30476648,0.03290698,-0.95185846,-0.9505602,0.052034676,0.30614966,0.05960411,0.99810296,0.015421629
1355994995677,-0.29783028,0.0026443303,-0.9546151,-0.9503708,0.0934127,0.29676488,0.08995792,0.99562395,-0.025308013
1355994995716,-0.24585405,-0.08206448,-0.9658267,-0.9629134,0.1349316,0.23364758,0.11114639,0.9874507,-0.11219448
1355994995754,-0.14574066,-0.20911917,-0.9669689,-0.9819168,0.14994618,0.115565896,0.120826274,0.96632564,-0.22719085
1355994995796,-0.022649258,-0.33593372,-0.9416133,-0.9924457,0.12114927,-0.019349784,0.120576054,0.93406177,-0.33613998
1355994995836,0.0772569,-0.41725636,-0.9054991,-0.9903549,0.072655484,-0.117976636,0.11501601,0.90587986,-0.4076187
1355994995877,0.12668143,-0.44394985,-0.88705146,-0.98630893,0.038804814,-0.16027749,0.10557699,0.895211,-0.4329558
1355994995925,0.13295998,-0.43397257,-0.8910609,-0.9865949,0.027873233,-0.1607902,0.09461534,0.9004948,-0.42444915
1355994995956,0.10122864,-0.3977826,-0.91187817,-0.9914074,0.035997376,-0.12576017,0.082850456,0.9167732,-0.39072067
1355994995995,0.043694913,-0.34611297,-0.9371748,-0.9965652,0.05095172,-0.06528112,0.07034531,0.9368082,-0.3426978
1355994996027,-0.018641382,-0.29397547,-0.9556312,-0.9981338,0.061062247,6.862283E-4,0.058151305,0.9538605,-0.29456514
1355994996065,-0.083275706,-0.24104464,-0.9669346,-0.9955052,0.06404093,0.06977168,0.04510528,0.9683988,-0.24529427
1355994996106,-0.14093113,-0.1921883,-0.9711859,-0.9895278,0.0582546,0.13206479,0.031194806,0.9796275,-0.1983856
1355994996147,-0.18233553,-0.15256703,-0.9713274,-0.9831033,0.04454121,0.17754996,0.016175807,0.98728883,-0.15811062
1355994996186,-0.20257157,-0.12517068,-0.9712348,-0.97926724,0.025302827,0.20098591,-5.825758E-4,0.99181247,-0.12770116
1355994996225,-0.20154768,-0.110102,-0.9732709,-0.9792749,0.0023804307,0.20252174,-0.019981235,0.9939175,-0.10829985
1355994996268,-0.18518114,-0.10353264,-0.9772353,-0.98180425,-0.023060977,0.18849012,-0.04205084,0.99435866,-0.09737831
1355994996304,-0.16370296,-0.0990344,-0.9815261,-0.98451674,-0.046809256,0.16892475,-0.06267387,0.9939824,-0.08983821
1355994996346,-0.14627516,-0.09195915,-0.98496044,-0.98641706,-0.061659396,0.15224817,-0.07473266,0.9938519,-0.08169085
1355994996386,-0.13807052,-0.08144221,-0.9870682,-0.98761606,-0.06364864,0.14339882,-0.074504346,0.9946436,-0.07164562
1355994996425,-0.142084,-0.06825867,-0.9874983,-0.98778284,-0.05473429,0.14590833,-0.06400955,0.99616504,-0.05964786
1355994996467,-0.16118848,-0.052326888,-0.9855355,-0.985819,-0.038697362,0.16328946,-0.04668203,0.99788,-0.045347214
1355994996506,-0.19827777,-0.03204739,-0.97962177,-0.9798522,-0.017983615,0.19891274,-0.023991793,0.99932456,-0.027835965
1355994996546,-0.25361443,-0.0070508122,-0.9672797,-0.96730226,0.004398942,0.25358826,0.0024670064,0.9999655,-0.007935882
1355994996585,-0.32033497,0.020983517,-0.9470719,-0.9467341,0.027593553,0.3208321,0.032865286,0.99939895,0.011026621
1355994996626,-0.38553965,0.041914374,-0.9217387,-0.92037165,0.053319037,0.38739252,0.06538355,0.9976975,0.018020213
1355994996668,-0.42727464,0.03523928,-0.9034349,-0.8990717,0.08890724,0.42867893,0.09542826,0.99541634,-0.006305158
1355994996706,-0.42968488,-0.0152436495,-0.9028503,-0.8954771,0.13580912,0.42388284,0.11615381,0.99061775,-0.07200545
1355994996745,-0.37744987,-0.11807659,-0.91847134,-0.91788125,0.1789946,0.35419625,0.12257913,0.97673887,-0.17594177
1355994996786,-0.28562042,-0.24189633,-0.9273117,-0.9510221,0.19091585,0.24312153,0.11822826,0.9513345,-0.2845782
1355994996826,-0.19856626,-0.33614933,-0.92063844,-0.97382224,0.17371154,0.14661044,0.11064252,0.92565006,-0.36184293
1355994996866,-0.15416372,-0.37619087,-0.91362685,-0.9827441,0.1540398,0.10239968,0.102213085,0.91364765,-0.39344674
1355994996922,-0.15125355,-0.3722341,-0.9157315,-0.9841424,0.14354524,0.10420373,0.092660725,0.91697145,-0.3880431
1355994996945,-0.18209642,-0.33536133,-0.9243233,-0.9799241,0.13950098,0.1424366,0.08117625,0.9317039,-0.35403126
1355994996985,-0.22598892,-0.2818449,-0.9324658,-0.9717625,0.13192129,0.19563851,0.067872375,0.9503474,-0.30369908
1355994997025,-0.26749545,-0.22457215,-0.9370238,-0.96209157,0.1159001,0.24687436,0.05316007,0.9675405,-0.24706173
1355994997066,-0.29741257,-0.1718764,-0.9391508,-0.9539982,0.09250301,0.28518525,0.03785768,0.98076594,-0.19148135
1355994997104,-0.3109445,-0.12840432,-0.9417143,-0.95016044,0.06550872,0.30480114,0.022552729,0.98955595,-0.14237434
1355994997144,-0.30551696,-0.09653145,-0.9472808,-0.95216197,0.03812921,0.30320576,0.006850183,0.99459934,-0.10356271
1355994997184,-0.2799201,-0.07706916,-0.9569248,-0.959968,0.011769056,0.27986246,-0.010306686,0.9969563,-0.07727826
1355994997225,-0.23554695,-0.0690313,-0.9694083,-0.97140735,-0.013817549,0.23701662,-0.029756427,0.99751884,-0.06380284
1355994997264,-0.17811358,-0.06836495,-0.98163223,-0.9827248,-0.038609684,0.18100074,-0.05027458,0.9969131,-0.060307086
1355994997305,-0.117642105,-0.06915429,-0.9906453,-0.9907743,-0.05941373,0.12180492,-0.067281246,0.9958352,-0.061526775
1355994997346,-0.063456476,-0.06713155,-0.9957242,-0.9951885,-0.070379436,0.06816727,-0.0746547,0.99525887,-0.062342525
1355994997386,-0.021149397,-0.061701566,-0.9978705,-0.9973489,-0.06820732,0.025355875,-0.06962663,0.99576133,-0.06009537
1355994997425,0.006359935,-0.05409211,-0.9985157,-0.998483,-0.05495584,-0.0033825934,-0.054691344,0.9970225,-0.054359555
1355994997466,0.016109526,-0.044601947,-0.9988749,-0.99930584,-0.03428155,-0.014585704,-0.033592433,0.9984164,-0.04512325
1355994997505,0.0043605566,-0.031723112,-0.99948716,-0.9999554,-0.008502066,-0.0040926933,-0.008367926,0.99946046,-0.031758726
1355994997547,-0.0323385,-0.013487548,-0.99938595,-0.99927604,0.020482779,0.032058537,0.0200378,0.9996992,-0.014140129
1355994997587,-0.09368509,0.010312617,-0.9955485,-0.99421316,0.051827133,0.09409633,0.052566797,0.99860287,0.005397558
1355994997626,-0.17206573,0.031677753,-0.9845761,-0.9812875,0.0821715,0.17413476,0.08642033,0.99611473,0.016946018
1355994997667,-0.23338711,0.029650271,-0.9719317,-0.9649787,0.116058886,0.2352581,0.119776756,0.99279964,0.0015252233
1355994997706,-0.25597143,-0.01267454,-0.96660125,-0.9554235,0.15549576,0.25097242,0.1471214,0.9877553,-0.05191207
1355994997744,-0.20344391,-0.11250332,-0.9726015,-0.96543217,0.18837509,0.18015441,0.16294593,0.97563195,-0.14693809
1355994997785,-0.08542788,-0.24435604,-0.9659152,-0.9822341,0.18323326,0.040517062,0.16708723,0.95221615,-0.25566804
1355994997826,0.036319077,-0.35090068,-0.9357081,-0.98574674,0.1413315,-0.09126219,0.16426903,0.92568576,-0.3407662
1355994997865,0.09906556,-0.40105477,-0.9106817,-0.9824531,0.105916575,-0.1535176,0.1580253,0.9099103,-0.38352484
1355994997924,0.08640461,-0.40163246,-0.91171575,-0.98505735,0.10241161,-0.13847002,0.14898431,0.9100567,-0.3867821
1355994997944,0.00948602,-0.36539227,-0.93080527,-0.9905562,0.12389219,-0.05872938,0.13677877,0.922572,-0.36076635
1355994997984,-0.101275444,-0.30609295,-0.94659936,-0.98743904,0.14691514,0.05813825,0.121274084,0.9405972,-0.31712705
1355994998025,-0.20935464,-0.24022073,-0.9478737,-0.972442,0.15285909,0.17604169,0.10260224,0.9586073,-0.26560247
1355994998065,-0.28967494,-0.18156275,-0.9397465,-0.9536314,0.1385634,0.26718393,0.08170378,0.9735683,-0.21328229
1355994998104,-0.3338198,-0.13615733,-0.9327516,-0.9407248,0.11111468,0.32045344,0.060010314,0.9844363,-0.1651789
1355994998144,-0.34130704,-0.10451394,-0.93412334,-0.9391677,0.07850593,0.33436653,0.038388252,0.99142003,-0.12495071
1355994998184,-0.31301177,-0.085007936,-0.9459373,-0.9496033,0.045472026,0.31013846,0.016649455,0.99534214,-0.09495711
1355994998225,-0.2503333,-0.0754115,-0.96521825,-0.968141,0.013306379,0.2500517,-0.0060132146,0.99706364,-0.07633996
1355994998265,-0.16043591,-0.07196918,-0.984419,-0.9866035,-0.018177569,0.16212085,-0.029562086,0.99724126,-0.06808871
1355994998323,-0.060287774,-0.06910476,-0.9957861,-0.9968854,-0.046642125,0.06359118,-0.05084005,0.99651843,-0.06607759
1355994998344,0.031340778,-0.06313476,-0.9975128,-0.9974536,-0.06594229,-0.027165294,-0.06406322,0.9958241,-0.06504065
1355994998384,0.10425043,-0.0550521,-0.99302626,-0.9924144,-0.07117218,-0.1002405,-0.06515741,0.99594367,-0.062054217
