1355995150556,-0.36138672,0.7933929,-0.48982376,0.29217854,-0.4025113,-0.86753464,-0.8854554,-0.45663154,-0.08635008
1355995150594,-0.115816295,0.036809117,0.9925884,-0.45007628,0.8888896,-0.08547898,-0.88544786,-0.45664036,-0.08638096
1355995150633,-0.11597809,0.036871687,0.9925671,-0.4500937,0.888868,-0.08561145,-0.88541776,-0.45667726,-0.08649349
1355995150674,-0.11629357,0.037108675,0.99252146,-0.45012182,0.888819,-0.085972115,-0.8853622,-0.45675355,-0.086660504
1355995150714,-0.11672613,0.037730053,0.99244714,-0.45013714,0.88873756,-0.08672996,-0.8852974,-0.45686102,-0.08675516
1355995150753,-0.11734102,0.038907588,0.9923292,-0.4501197,0.8886149,-0.088066936,-0.885225,-0.4570008,-0.0867579
1355995150792,-0.11806452,0.040465355,0.99218106,-0.4501064,0.8884487,-0.08979505,-0.88513553,-0.45718867,-0.08668053
1355995150834,-0.117697984,0.040397152,0.9922273,-0.45032,0.8883616,-0.08958538,-0.8850757,-0.4573639,-0.08636671
1355995150873,-0.118394256,0.043383732,0.99201846,-0.45003754,0.8882004,-0.09255402,-0.8851266,-0.45740342,-0.08563352
1355995150913,-0.117925555,0.045182362,0.9919941,-0.44970214,0.88822734,-0.09391545,-0.8853596,-0.45717686,-0.084426105
1355995150954,-0.11665973,0.045854986,0.9921129,-0.44918063,0.8884946,-0.09388368,-0.8857919,-0.4565903,-0.083054364
1355995150994,-0.11508137,0.045726925,0.992303,-0.44831926,0.88902646,-0.09296118,-0.88643444,-0.45556664,-0.08181012
1355995151032,-0.11328418,0.045138642,0.99253684,-0.44716972,0.88975644,-0.09150255,-0.8872463,-0.45419818,-0.08061069
1355995151075,-0.110875994,0.04436642,0.99284345,-0.4458889,0.8905933,-0.089591965,-0.8881945,-0.45263147,-0.07896292
1355995151114,-0.10738363,0.04355146,0.99326336,-0.44469893,0.8914288,-0.08716363,-0.88921964,-0.4510631,-0.0763576
1355995151154,-0.10304278,0.042872384,0.99375254,-0.44371992,0.8921729,-0.08449963,-0.8902218,-0.4496549,-0.07290864
1355995151193,-0.09828725,0.042429656,0.9942532,-0.44298112,0.89278316,-0.08189048,-0.89112705,-0.44848418,-0.06895363
1355995151233,-0.093666345,0.042305008,0.9947045,-0.44248223,0.8932326,-0.07965571,-0.8918723,-0.44760007,-0.06494659
1355995151273,-0.089634806,0.042451203,0.9950696,-0.44213632,0.89355457,-0.07794751,-0.89245796,-0.44694322,-0.061324358
1355995151313,-0.08684555,0.042777568,0.99530286,-0.44176537,0.8938234,-0.07696243,-0.8929172,-0.44637424,-0.058726907
1355995151353,-0.08581501,0.043145224,0.9953764,-0.4412269,0.89410365,-0.07679525,-0.89328307,-0.44577703,-0.05769068
1355995151393,-0.08640019,0.04335445,0.9953167,-0.4404672,0.8944436,-0.07719611,-0.8936015,-0.44507414,-0.05818391
1355995151433,-0.08804363,0.043263525,0.99517673,-0.43946686,0.8948847,-0.0777833,-0.8939336,-0.4441955,-0.059776008
1355995151483,-0.09041796,0.04292305,0.9949785,-0.43823075,0.89543223,-0.07845259,-0.89430326,-0.4431237,-0.06215298
1355995151515,-0.09341073,0.042430833,0.9947231,-0.43687034,0.896027,-0.07924572,-0.8946612,-0.4419674,-0.065161765
1355995151555,-0.096730195,0.041659042,0.99443847,-0.4355719,0.8965983,-0.07992889,-0.8949416,-0.440881,-0.068582654
1355995151584,-0.09940467,0.040041625,0.994241,-0.43456963,0.8971156,-0.07957852,-0.89513564,-0.43997747,-0.07177663
1355995151625,-0.101720035,0.03774704,0.99409664,-0.43382204,0.8975748,-0.078472465,-0.89523816,-0.4392433,-0.07492584
1355995151665,-0.102436036,0.03289306,0.99419564,-0.433577,0.8980411,-0.07438503,-0.8952753,-0.43868005,-0.07773012
1355995151704,-0.10115406,0.025139078,0.99455315,-0.43387026,0.89849275,-0.06683904,-0.895279,-0.43826807,-0.07997906
1355995151744,-0.09777215,0.014530525,0.9951028,-0.4346286,0.8988777,-0.055829123,-0.895287,-0.43795866,-0.08156985
1355995151785,-0.09257457,0.0016527027,0.9957044,-0.43565136,0.8991353,-0.041996613,-0.89534235,-0.4376678,-0.08251703
1355995151815,-0.08631477,-0.012515515,0.99618924,-0.43672872,0.8992016,-0.026543304,-0.8954427,-0.43735558,-0.08308029
1355995151845,-0.0803093,-0.025609717,0.996441,-0.4375562,0.8991089,-0.012157157,-0.8955976,-0.43697524,-0.08341253
1355995151884,-0.07505953,-0.037482485,0.9964744,-0.43808186,0.8989347,8.149445E-4,-0.89579594,-0.43647614,-0.083894014
1355995151914,-0.07055795,-0.04877612,0.99631447,-0.43860403,0.8985874,0.012930274,-0.89590627,-0.43607518,-0.08479589
1355995151953,-0.06858203,-0.058079436,0.99595344,-0.4391517,0.8981402,0.022135139,-0.8957914,-0.43585658,-0.08710194
1355995151995,-0.0691849,-0.0656331,0.9954425,-0.43951094,0.8977803,0.028647155,-0.89556885,-0.43552592,-0.09095931
1355995152035,-0.07250729,-0.07112682,0.9948284,-0.43909895,0.8978618,0.03219062,-0.8955081,-0.43449405,-0.096333265
1355995152074,-0.078433275,-0.07442908,0.9941371,-0.43743402,0.89865327,0.032768637,-0.89582354,-0.43229923,-0.103042126
1355995152115,-0.0864003,-0.075607315,0.99338734,-0.43454993,0.9001239,0.030713797,-0.8964939,-0.42902273,-0.1106261
1355995152155,-0.09507382,-0.07497811,0.9926425,-0.43115717,0.90187794,0.026826724,-0.8972539,-0.4254344,-0.11807233
1355995152185,-0.10258758,-0.07303947,0.99203885,-0.42830753,0.90335983,0.022218794,-0.8977909,-0.42261833,-0.12395686
1355995152225,-0.10671663,-0.070984036,0.99175245,-0.4271816,0.90397173,0.018734694,-0.89784604,-0.42165905,-0.1267919
1355995152265,-0.106650025,-0.06820205,0.9919548,-0.4285104,0.90339446,0.016041756,-0.8972205,-0.4233521,-0.12557232
1355995152305,-0.101922244,-0.06499182,0.992667,-0.43308485,0.90123594,0.014538556,-0.895572,-0.42842728,-0.120002925
1355995152345,-0.09271273,-0.061444417,0.9937952,-0.44159132,0.8971029,0.014269367,-0.8924133,-0.43752837,-0.110306144
1355995152385,-0.07938245,-0.057584494,0.99517965,-0.4541271,0.89080524,0.0153206885,-0.8873935,-0.45072183,-0.09686494
1355995152425,-0.06235933,-0.053434014,0.9966223,-0.4698236,0.8825784,0.017922342,-0.8805549,-0.46711907,-0.080141544
1355995152483,-0.042490035,-0.048899263,0.99789953,-0.4871036,0.87306607,0.022041544,-0.87231004,-0.4851439,-0.06091559
1355995152505,-0.021117415,-0.04374163,0.9988197,-0.5045651,0.8629475,0.027123645,-0.8631153,-0.5033968,-0.040293694
1355995152545,1.9275397E-4,-0.037664294,0.9992904,-0.52145356,0.85267043,0.032238588,-0.85327965,-0.52108973,-0.019475818
1355995152585,0.01963932,-0.030357033,0.99934614,-0.5371535,0.8427093,0.036155134,-0.8432559,-0.5375123,2.438426E-4
1355995152625,0.03502637,-0.021565378,0.99915373,-0.5506546,0.8338993,0.037302375,-0.8339981,-0.55149513,0.017333388
1355995152665,0.043728195,-0.01117745,0.998981,-0.56082046,0.827247,0.033804625,-0.82678187,-0.56172717,0.029905498
1355995152705,0.04318145,7.44164E-4,0.99906695,-0.56716585,0.82325673,0.023900688,-0.8224708,-0.56766874,0.035971463
1355995152745,0.032553732,0.013953984,0.9993726,-0.5703551,0.82136744,0.0071103275,-0.82075286,-0.5702287,0.034697294
1355995152785,0.014241815,0.027951092,0.99950784,-0.57183003,0.82023877,-0.014789939,-0.8202484,-0.571338,0.02766496
1355995152825,-0.006602563,0.042036563,0.9990942,-0.57252693,0.8189935,-0.03824249,-0.8198593,-0.57226086,0.018659592
1355995152865,-0.025375873,0.05526799,0.9981491,-0.5715753,0.8183645,-0.059844345,-0.82015723,-0.5720359,0.010823131
1355995152905,-0.038331866,0.06664896,0.9970399,-0.5668377,0.8202583,-0.076624095,-0.82293725,-0.568097,0.006337106
1355995152945,-0.043199122,0.07476038,0.9962655,-0.55700403,0.82603073,-0.086138114,-0.8293856,-0.5586449,0.0059580207
1355995152986,-0.040224798,0.07803513,0.9961388,-0.5427868,0.83531535,-0.08735472,-0.83890676,-0.5442048,0.0087560415
1355995153025,-0.031296156,0.07491699,0.9966985,-0.5261507,0.84660524,-0.08015624,-0.84981525,-0.5269222,0.012922108
1355995153065,-0.018089466,0.06396276,0.99778837,-0.50846714,0.85868,-0.06426355,-0.8608914,-0.5085051,0.016989887
1355995153105,-0.002117753,0.04403153,0.9990278,-0.48962328,0.87104213,-0.03942862,-0.8719314,-0.48923084,0.019714236
1355995153145,0.013750523,0.014532849,0.99979985,-0.46887624,0.8832407,-0.0063899755,-0.8831569,-0.46869454,0.018959105
1355995153185,0.024281535,-0.02454181,0.99940383,-0.4467163,0.8940739,0.03280869,-0.8943461,-0.44724664,0.010746241
1355995153225,0.021635506,-0.07272957,0.997117,-0.42655456,0.9013469,0.07499951,-0.904203,-0.42694747,-0.011522055
1355995153283,-0.003465414,-0.12958954,0.9915617,-0.41577202,0.90198547,0.11642954,-0.9094623,-0.41186014,-0.057005465
1355995153304,-0.057202727,-0.194471,0.979239,-0.42409867,0.8926824,0.15250744,-0.90380764,-0.40657008,-0.13353872
1355995153344,-0.13212329,-0.2651037,0.95512486,-0.4558748,0.8718719,0.17893448,-0.88018274,-0.41177592,-0.2360487
1355995153381,-0.20346802,-0.3362282,0.9195386,-0.5026984,0.84181494,0.19657561,-0.8401756,-0.42225376,-0.34030378
1355995153424,-0.24525893,-0.4025038,0.88195163,-0.5497211,0.8070821,0.21546483,-0.7985328,-0.43198282,-0.41920894
1355995153483,-0.24825543,-0.46099252,0.85197127,-0.5865167,0.77150065,0.24654599,-0.7709522,-0.43848902,-0.46190906
1355995153505,-0.21851796,-0.5094004,0.8323228,-0.6085797,0.73788184,0.29182395,-0.7628111,-0.44276592,-0.47125113
1355995153545,-0.16666329,-0.5462158,0.82089686,-0.6144786,0.70863926,0.34676573,-0.77112865,-0.44663045,-0.45374203
1355995153585,-0.10214198,-0.5705019,0.81492,-0.6044359,0.6862321,0.40465128,-0.7900786,-0.45123506,-0.41492498
1355995153625,-0.03349954,-0.58226,0.8123122,-0.5809653,0.6726906,0.4582213,-0.8132387,-0.45657495,-0.36080766
1355995153665,0.033510417,-0.58207333,0.8124456,-0.54859114,0.6687829,0.5017742,-0.835419,-0.46251506,-0.29690903
1355995153705,0.09474477,-0.57108223,0.815407,-0.5132196,0.67383164,0.5315606,-0.8530118,-0.46884543,-0.22924858
1355995153745,0.14778128,-0.55062574,0.82156676,-0.48104674,0.68579006,0.54615563,-0.86414963,-0.4759236,-0.16352975
1355995153785,0.19030198,-0.5221984,0.83132064,-0.4573966,0.70210946,0.54573876,-0.8686619,-0.48409837,-0.105238914
1355995153825,0.22012761,-0.48729548,0.8450367,-0.4457495,0.72030175,0.53148174,-0.86767,-0.49366847,-0.058653414
1355995153865,0.23585513,-0.4473368,0.8627063,-0.44699603,0.73832476,0.5050457,-0.862883,-0.5047439,-0.025820076
1355995153905,0.23713103,-0.402312,0.884259,-0.46039316,0.7549771,0.46695584,-0.8554572,-0.5178365,-0.0061932206
1355995153945,0.22494468,-0.35258526,0.9083411,-0.4819572,0.7699425,0.41821742,-0.8468277,-0.5318573,0.0032634735
1355995153985,0.20085165,-0.29768568,0.9332962,-0.5062948,0.7840619,0.35904372,-0.83864427,-0.54463756,0.0067633986
1355995154025,0.16644987,-0.23741817,0.9570408,-0.5265908,0.7991828,0.28984296,-0.83366454,-0.5522132,0.008001626
1355995154065,0.12427968,-0.17219914,0.9771909,-0.5372592,0.81629306,0.2121749,-0.83421046,-0.55137384,0.008933067
1355995154105,0.07849261,-0.10368632,0.991508,-0.53644425,0.8339139,0.12967359,-0.8402777,-0.54206717,0.00983417
1355995154145,0.034360945,-0.03537962,0.998783,-0.5258124,0.8492354,0.04817164,-0.8499062,-0.52682775,0.0105775
1355995154185,-0.0026671663,0.02730158,0.9996237,-0.5078939,0.86106044,-0.024872288,-0.86141557,-0.5077691,0.011569679
1355995154225,-0.028001875,0.0774544,0.99660254,-0.4847082,0.87088907,-0.081303164,-0.8742275,-0.48533803,0.013156235
1355995154265,-0.04072175,0.1084332,0.9932693,-0.4573766,0.8818038,-0.11501612,-0.88834023,-0.4589818,0.01368624
1355995154303,-0.048851423,0.11859836,0.99173987,-0.4265471,0.89535046,-0.1280825,-0.9031451,-0.42928076,0.0068486333
1355995154345,-0.07278356,0.11710605,0.9904487,-0.39404342,0.90891075,-0.13642184,-0.9162054,-0.40020907,-0.020008922
1355995154385,-0.13759413,0.1221254,0.98293096,-0.36275458,0.91720784,-0.16473919,-0.92167073,-0.37922984,-0.081900835
1355995154425,-0.25463462,0.14886704,0.9555102,-0.3284012,0.91604835,-0.23023483,-0.9095679,-0.37241647,-0.1843695
1355995154481,-0.40133327,0.19398166,0.8951551,-0.27887964,0.90503347,-0.32115507,-0.87244344,-0.37853074,-0.3091225
1355995154505,-0.5286097,0.23576663,0.8154667,-0.21984024,0.8898569,-0.3997812,-0.8199037,-0.3906006,-0.41855597
1355995154545,-0.6060516,0.2570215,0.75275594,-0.17924753,0.8778846,-0.44405958,-0.7749657,-0.40405264,-0.48597294
1355995154585,-0.63439465,0.2557405,0.7294795,-0.17486462,0.8717475,-0.45768845,-0.75297135,-0.41791523,-0.508312
1355995154625,-0.62374187,0.23769285,0.7446128,-0.20372923,0.87027264,-0.44846398,-0.7546128,-0.43142515,-0.4944005
1355995154664,-0.58301854,0.2110773,0.78456086,-0.2515619,0.8713075,-0.4213548,-0.77253217,-0.4430233,-0.45488942
1355995154705,-0.52111256,0.18496463,0.83320445,-0.30259475,0.8727803,-0.3830025,-0.7980464,-0.45171073,-0.39884746
1355995154744,-0.4494012,0.16863576,0.87726873,-0.3454137,0.8728403,-0.34473065,-0.8238494,-0.45794305,-0.33400637
1355995154789,-0.37188542,0.16440651,0.91360366,-0.3809696,0.8704566,-0.311717,-0.84650064,-0.46397826,-0.2610762
1355995154823,-0.31571686,0.19332016,0.92895114,-0.39848495,0.86149067,-0.31471187,-0.86112285,-0.4695329,-0.19495195
1355995154863,-0.2740184,0.23178902,0.9333744,-0.41416952,0.8474716,-0.33204752,-0.8679732,-0.47756237,-0.13622284
1355995154903,-0.2577507,0.2931089,0.92068,-0.42393652,0.82195073,-0.38036132,-0.8682409,-0.4883483,-0.0875988
1355995154943,-0.26935247,0.37325686,0.88776606,-0.4261948,0.7804495,-0.45744568,-0.8636014,-0.5015754,-0.051135898
1355995154983,-0.30680624,0.46438116,0.83079493,-0.41622967,0.71953285,-0.5559005,-0.8559339,-0.5163552,-0.027467966
1355995155023,-0.35969535,0.5530798,0.75147986,-0.39063275,0.6421455,-0.65958714,-0.8473637,-0.5308031,-0.014925718
1355995155063,-0.41139224,0.62630624,0.66219103,-0.35232198,0.5607735,-0.7492679,-0.8406104,-0.54154736,-0.010036409
1355995155103,-0.4473506,0.67902005,0.5820732,-0.3111943,0.49198017,-0.813089,-0.8384721,-0.5448737,-0.00878042
1355995155143,-0.46253937,0.7141859,0.52535313,-0.2773475,0.4462552,-0.85084355,-0.842102,-0.53925395,-0.008332908
1355995155183,-0.45992303,0.7362501,0.4963936,-0.25556654,0.42561716,-0.8680644,-0.85038614,-0.52610445,-0.0075902343
1355995155223,-0.4439382,0.7466323,0.49543828,-0.2471391,0.42944014,-0.8686216,-0.86130196,-0.5080565,-0.006122887
1355995155263,-0.41605237,0.74302137,0.5242325,-0.2524912,0.45943496,-0.8515678,-0.8735838,-0.4866609,-0.0035426617
1355995155303,-0.37473902,0.7189202,0.5854267,-0.27006072,0.5194149,-0.81072515,-0.88692605,-0.46191114,-4.929304E-4
1355995155343,-0.31976795,0.6640568,0.6758528,-0.2925673,0.6092468,-0.7370364,-0.90119517,-0.4334131,-5.36263E-4
1355995155383,-0.26168412,0.57232785,0.7771501,-0.3058357,0.71454144,-0.6292019,-0.9154157,-0.4023324,-0.011945903
1355995155423,-0.22869693,0.45802322,0.85901827,-0.29857442,0.80687565,-0.5097107,-0.92658025,-0.3730502,-0.047775924
1355995155484,-0.2512706,0.35258013,0.9014157,-0.27543837,0.8667445,-0.4157976,-0.9278991,-0.35276216,-0.12067336
1355995155505,-0.32999104,0.27261922,0.9037614,-0.25136182,0.89744896,-0.36249498,-0.9099028,-0.34679118,-0.22762406
1355995155545,-0.42918026,0.20991081,0.8784884,-0.23898718,0.91156363,-0.33456978,-0.8710278,-0.3535382,-0.3410591
1355995155585,-0.50355786,0.14537698,0.8516426,-0.24973705,0.91916806,-0.3045678,-0.8270798,-0.36605424,-0.42654824
1355995155625,-0.5308186,0.06770197,0.8447769,-0.28877866,0.92270076,-0.25540203,-0.79676753,-0.37952572,-0.47023582
1355995155665,-0.50895685,-0.023968324,0.86045825,-0.3494091,0.9193086,-0.18106616,-0.7866868,-0.39280683,-0.47626317
1355995155704,-0.44499987,-0.1213987,0.887264,-0.41529864,0.9057652,-0.0843595,-0.79341173,-0.40601948,-0.4534821
1355995155744,-0.3523783,-0.21096647,0.91176903,-0.46864182,0.88308334,0.023209587,-0.81006455,-0.41911453,-0.4100471
1355995155785,-0.24982375,-0.2793994,0.9271052,-0.4993168,0.8575178,0.12387887,-0.82962084,-0.43197134,-0.35373712
1355995155823,-0.15297994,-0.32059562,0.9347811,-0.5092739,0.83621174,0.20344563,-0.8468987,-0.4449365,-0.29119456
1355995155863,-0.07081127,-0.33469358,0.93966264,-0.50723004,0.82322234,0.25499535,-0.85889655,-0.45856863,-0.22806007
1355995155903,-0.008023501,-0.3239491,0.94604045,-0.5023827,0.8193129,0.27629343,-0.8646081,-0.47305748,-0.16932017
1355995155943,0.03202027,-0.28997737,0.9564976,-0.50138324,0.8232077,0.26635298,-0.86463255,-0.48810062,-0.119030476
1355995155983,0.046241492,-0.23276135,0.971434,-0.5075921,0.83209467,0.2235369,-0.86035573,-0.5034289,-0.07967055
1355995156023,0.0315288,-0.15008,0.988171,-0.52050805,0.84155464,0.14441986,-0.85327446,-0.5189043,-0.05158466
1355995156063,-0.013184719,-0.040675834,0.99908537,-0.5346069,0.84465873,0.027333498,-0.84499794,-0.5337575,-0.032882154
1355995156103,-0.08372662,0.09128992,0.99229825,-0.5390805,0.83334917,-0.12215257,-0.8380823,-0.5451561,-0.02056092
1355995156143,-0.16453718,0.22991775,0.9592004,-0.5236161,0.8037613,-0.28247827,-0.83591497,-0.5487309,-0.011859953
1355995156183,-0.23208374,0.35152724,0.90695405,-0.48948005,0.7635453,-0.4211981,-0.84056306,-0.54168916,-0.005140841
1355995156223,-0.27201596,0.4411087,0.855237,-0.44913876,0.72780824,-0.51823694,-0.8510474,-0.52508885,1.4358759E-4
1355995156281,-0.28455722,0.49672905,0.8199313,-0.41415772,0.70765793,-0.5724453,-0.86458117,-0.5024743,0.0043549538
1355995156303,-0.27411675,0.519793,0.80912,-0.38981444,0.70907545,-0.58758545,-0.87915,-0.47647372,0.008253336
1355995156344,-0.24315682,0.5085023,0.8260147,-0.37606633,0.73554575,-0.56351274,-0.8941191,-0.44765824,0.01237762
1355995156381,-0.19562802,0.45945755,0.86638814,-0.36722723,0.7848587,-0.49914023,-0.909326,-0.4158071,0.0151849985
1355995156424,-0.14637329,0.37871164,0.91386664,-0.3528189,0.843075,-0.40588588,-0.9241718,-0.38184035,0.010212958
1355995156485,-0.12425304,0.29090133,0.9486504,-0.32865945,0.8900253,-0.3159715,-0.9362394,-0.35104334,-0.014980853
1355995156505,-0.16010338,0.23399128,0.9589656,-0.30103523,0.91364336,-0.27319154,-0.940077,-0.33242127,-0.07583779
1355995156545,-0.2617614,0.22678845,0.9381087,-0.27237362,0.9151308,-0.2972342,-0.9259014,-0.33332053,-0.17777473
1355995156585,-0.40062684,0.2571112,0.879427,-0.23186508,0.90012884,-0.36879078,-0.8864178,-0.35165593,-0.30100065
1355995156625,-0.523692,0.2906813,0.80078155,-0.18334433,0.87950206,-0.43915942,-0.8319444,-0.376803,-0.40729344
1355995156665,-0.5980781,0.29924458,0.7434752,-0.15636274,0.86628026,-0.47445673,-0.7860365,-0.40001398,-0.47131252
1355995156705,-0.6227106,0.27340305,0.73313195,-0.17240828,0.8659947,-0.46939173,-0.76322144,-0.4186932,-0.49212706
1355995156744,-0.6031034,0.2129453,0.7687136,-0.23070104,0.8759544,-0.42365187,-0.7635727,-0.43284893,-0.47916436
1355995156785,-0.54210156,0.1242381,0.83107805,-0.31307027,0.88794756,-0.33695126,-0.7798159,-0.4428476,-0.4424625
1355995156825,-0.4470809,0.023051068,0.8941964,-0.39304918,0.89292586,-0.21953534,-0.8035116,-0.4496132,-0.3901499
1355995156865,-0.33560818,-0.06888969,0.93947935,-0.44978797,0.88800836,-0.09556128,-0.8276824,-0.45463765,-0.32900864
1355995156904,-0.22827742,-0.1349599,0.9641967,-0.47887883,0.8778297,0.009494543,-0.8476819,-0.459566,-0.2650181
1355995156945,-0.139314,-0.16850534,0.97580606,-0.4887909,0.86870426,0.0802269,-0.8612055,-0.46578842,-0.20338655
1355995156985,-0.075784326,-0.16849023,0.98278576,-0.49092644,0.8641902,0.11030184,-0.86789864,-0.47411633,-0.14820838
1355995157024,-0.0415923,-0.13414106,0.99008894,-0.493521,0.8643775,0.096377045,-0.8687388,-0.4846212,-0.102152884
1355995157065,-0.042692002,-0.06009765,0.99727917,-0.49946427,0.8657871,0.03079243,-0.86528194,-0.4967907,-0.06697881
1355995157104,-0.08715719,0.062485218,0.994233,-0.5041956,0.857997,-0.098122284,-0.8591801,-0.5098399,-0.043275833
1355995157145,-0.17547445,0.23204377,0.9567467,-0.49292675,0.82052654,-0.28941217,-0.8521924,-0.52239054,-0.029600859
1355995157185,-0.28310925,0.41397074,0.8651458,-0.45059463,0.73888767,-0.5010085,-0.84664845,-0.5316702,-0.022652924
1355995157225,-0.36677197,0.5535256,0.7477217,-0.38906866,0.63880503,-0.66374224,-0.84504664,-0.53435713,-0.018936276
1355995157265,-0.40637738,0.63172686,0.6601353,-0.33871406,0.5668507,-0.7509681,-0.84860486,-0.52877355,-0.016380548
1355995157305,-0.409207,0.6617868,0.62816226,-0.31465432,0.5438617,-0.7779506,-0.8564708,-0.51599675,-0.01431793
1355995157343,-0.38502547,0.65335405,0.65183103,-0.3169426,0.569721,-0.7582647,-0.8667772,-0.49854428,-0.012281299
1355995157383,-0.33516687,0.6009463,0.72562164,-0.3411634,0.64048994,-0.68802625,-0.87822026,-0.47815913,-0.009650171
1355995157423,-0.25593793,0.48851955,0.8341729,-0.37631857,0.74449563,-0.5514623,-0.89043814,-0.4550549,-0.0067056417
1355995157485,-0.15631141,0.31501806,0.9361251,-0.39926058,0.8467376,-0.3516054,-0.9034144,-0.42871782,-0.006580472
1355995157505,-0.073814906,0.12608638,0.9892692,-0.3937305,0.9077065,-0.14506933,-0.91625744,-0.40021375,-0.017358243
1355995157545,-0.048785154,-0.019474804,0.99861944,-0.37459058,0.9271903,-2.1789968E-4,-0.92590606,-0.37408406,-0.052528203
1355995157585,-0.09167847,-0.10825889,0.98988634,-0.36778033,0.927469,0.067370564,-0.92538244,-0.3578843,-0.12484443
1355995157625,-0.18597531,-0.15964141,0.96949875,-0.38308915,0.9204062,0.0780711,-0.9047961,-0.35688514,-0.23232973
1355995157665,-0.2914975,-0.20285203,0.9348157,-0.41530788,0.9071841,0.06735329,-0.86171263,-0.36860293,-0.3486879
1355995157704,-0.35921067,-0.2633202,0.895338,-0.460656,0.8843804,0.075281814,-0.8116426,-0.38540077,-0.4389789
1355995157745,-0.36251292,-0.34701297,0.8649661,-0.5166781,0.84724605,0.12336075,-0.77564687,-0.4021892,-0.48643166
1355995157784,-0.30746526,-0.4376405,0.8449473,-0.56878763,0.7963938,0.20551783,-0.7628537,-0.41740596,-0.49378788
1355995157824,-0.22067034,-0.51261914,0.82977486,-0.5981014,0.743137,0.3000369,-0.77044106,-0.43008018,-0.47058654
1355995157865,-0.12894246,-0.5604439,0.8180932,-0.5982604,0.70189977,0.38655043,-0.7908592,-0.43958998,-0.42579603
1355995157905,-0.046763062,-0.5816878,0.81206685,-0.5759249,0.6799326,0.45387465,-0.8161641,-0.4464649,-0.36680424
1355995157944,0.022506654,-0.581397,0.81330866,-0.54197854,0.6765039,0.4985997,-0.8400908,-0.45201766,-0.2998789
1355995157985,0.0789181,-0.5638792,0.822078,-0.50660664,0.6875394,0.52023,-0.8585578,-0.45752576,-0.23140568
1355995158024,0.12237579,-0.53217655,0.8377424,-0.47772533,0.70828396,0.51972324,-0.86994404,-0.4638123,-0.16755748
1355995158064,0.1516338,-0.48836565,0.85936385,-0.46057612,0.73435384,0.49859214,-0.87457234,-0.47140586,-0.11357665
1355995158105,0.16429463,-0.43351087,0.8860449,-0.45761862,0.76224124,0.45779186,-0.87383777,-0.4806834,-0.073150516
1355995158145,0.15844306,-0.36788595,0.91627276,-0.46782768,0.7892448,0.39778125,-0.8695016,-0.49168342,-0.047056854
1355995158185,0.13451523,-0.2919976,0.94691235,-0.48644316,0.81307036,0.3198275,-0.86329526,-0.5036407,-0.0326699
1355995158224,0.09588152,-0.20788121,0.9734435,-0.5059111,0.8320402,0.22751504,-0.8572402,-0.51429033,-0.025392115
1355995158264,0.04926655,-0.12095086,0.99143517,-0.5181851,0.8454997,0.12889709,-0.85384834,-0.52009726,-0.021020114
1355995158303,0.004237298,-0.040277123,0.9991796,-0.5184629,0.8543149,0.036636293,-0.85508966,-0.51819277,-0.01726222
1355995158343,-0.029813498,0.023763016,0.99927294,-0.50771457,0.8607888,-0.035617605,-0.86100936,-0.50840735,-0.013598263
1355995158383,-0.04717678,0.062937945,0.99690175,-0.4905676,0.86790437,-0.07800922,-0.8701252,-0.49272797,-0.010069609
1355995158423,-0.046433546,0.072724864,0.99627054,-0.47065407,0.87811303,-0.086035684,-0.8810952,-0.47289377,-0.006545663
1355995158488,-0.02998504,0.052507207,0.9981703,-0.44820166,0.8918909,-0.060380533,-0.89342946,-0.4491921,-0.003209591
1355995158505,-0.0053181946,0.0064581186,0.99996495,-0.42138255,0.90684676,-0.008097798,-0.9068674,-0.4214109,-0.002101481
1355995158545,0.013475748,-0.05558087,0.9983633,-0.3903492,0.9189361,0.05642788,-0.9205683,-0.39047068,-0.00931257
1355995158585,0.008609294,-0.12218991,0.99246943,-0.36238924,0.924656,0.11698452,-0.93198717,-0.36066738,-0.036319673
1355995158625,-0.034293532,-0.18556377,0.98203355,-0.3517137,0.92199457,0.16193672,-0.9354792,-0.3398413,-0.096883774
1355995158665,-0.11615789,-0.24439587,0.96269304,-0.37026978,0.91004014,0.18635252,-0.92163306,-0.3348098,-0.19620073
1355995158704,-0.21496072,-0.30190718,0.9287863,-0.41539955,0.88896716,0.19282258,-0.883875,-0.3443681,-0.31650513
1355995158745,-0.2929429,-0.36162168,0.8851068,-0.47183114,0.8598251,0.19513099,-0.83160067,-0.36045873,-0.42250407
1355995158784,-0.32240248,-0.42404202,0.84631264,-0.52589494,0.8236198,0.21233235,-0.78707767,-0.376615,-0.48853856
1355995158824,-0.3024183,-0.4831458,0.82165277,-0.5687198,0.783226,0.25122666,-0.7649189,-0.3913147,-0.51163644
1355995158865,-0.24983633,-0.5293524,0.8107823,-0.59277177,0.74570733,0.3042076,-0.7656393,-0.40460673,-0.50008994
1355995158905,-0.18527046,-0.5553564,0.81071216,-0.59513164,0.7199056,0.3571475,-0.78198034,-0.41631156,-0.46388733
1355995158945,-0.122217,-0.5587486,0.8202822,-0.5795238,0.7111303,0.39805257,-0.8057389,-0.4267243,-0.41072035
1355995158985,-0.067251146,-0.53937376,0.8393767,-0.55380976,0.7199628,0.41826832,-0.8299229,-0.43672603,-0.34712875
1355995159025,-0.022677481,-0.49780896,0.86699027,-0.52656144,0.7431248,0.4129148,-0.8498346,-0.4471597,-0.27897918
1355995159064,0.009123921,-0.4348197,0.9004713,-0.5049148,0.7752771,0.3794819,-0.86312103,-0.45812368,-0.21247333
1355995159105,0.025191128,-0.35240215,0.9355095,-0.49305868,0.8096851,0.3182816,-0.86963123,-0.469279,-0.15335804
1355995159145,0.022396507,-0.25396314,0.9669545,-0.49150994,0.8394405,0.23185685,-0.87058395,-0.48046055,-0.10602486
1355995159184,-2.9960647E-4,-0.14531063,0.989386,-0.4975136,0.85827065,0.12590313,-0.86745614,-0.4921953,-0.07255119
1355995159224,-0.040907234,-0.03312625,0.9986136,-0.50597143,0.86251426,0.007884905,-0.86157966,-0.5049474,-0.052043974
1355995159283,-0.09322783,0.0756703,0.9927651,-0.51093245,0.8521701,-0.11293416,-0.85455054,-0.5177645,-0.040783525
1355995159303,-0.1481276,0.17557172,0.97325885,-0.50745356,0.83119285,-0.2271768,-0.8488517,-0.52753484,-0.034028113
1355995159344,-0.19621105,0.26338798,0.9445253,-0.49334925,0.8059338,-0.32722664,-0.8474124,-0.53018636,-0.028190851
1355995159381,-0.2313991,0.33804044,0.9122407,-0.47042945,0.7818945,-0.4090685,-0.8515577,-0.52380294,-0.021905541
1355995159424,-0.25169384,0.3990571,0.881705,-0.44309062,0.7624315,-0.4715601,-0.8604191,-0.50936395,-0.015080929
1355995159486,-0.2588141,0.44637337,0.8566015,-0.4163799,0.74863625,-0.5159182,-0.871575,-0.49019855,-0.007896662
1355995159505,-0.2541888,0.4794365,0.8399576,-0.39308652,0.7423016,-0.5426521,-0.88366914,-0.46811208,-2.2476912E-4
1355995159545,-0.23882103,0.49729136,0.8340659,-0.37295726,0.746071,-0.5516167,-0.89658654,-0.44280857,0.0072909594
1355995159585,-0.21572223,0.4982854,0.8397473,-0.35254478,0.7622427,-0.54286116,-0.9105911,-0.41315573,0.0112351775
1355995159625,-0.19451761,0.48059136,0.8550994,-0.3263266,0.79038936,-0.518455,-0.9250265,-0.37989026,0.0030850768
1355995159665,-0.19420707,0.44390503,0.87477535,-0.29116616,0.8254812,-0.4835319,-0.93675286,-0.34861034,-0.031064153
1355995159705,-0.23578757,0.39079842,0.88976455,-0.25251606,0.8594924,-0.4444192,-0.9384242,-0.3294683,-0.10397476
1355995159744,-0.32187063,0.32645887,0.8887203,-0.22424674,0.88567746,-0.4065573,-0.9198438,-0.33015153,-0.2118662
1355995159790,-0.42433882,0.25904346,0.86765945,-0.21796778,0.9008104,-0.37554044,-0.878878,-0.3484782,-0.3257857
1355995159823,-0.5000669,0.1975319,0.84315735,-0.2318608,0.90755075,-0.35013172,-0.8343703,-0.3705844,-0.40803617
1355995159863,-0.53393406,0.14803249,0.8324667,-0.25870907,0.90873295,-0.32752728,-0.80497456,-0.39024466,-0.4469061
1355995159903,-0.52918494,0.108722165,0.84151214,-0.29259425,0.9075441,-0.3012513,-0.796462,-0.4056393,-0.44844717
1355995159943,-0.49498045,0.077502936,0.8654407,-0.32870233,0.9052934,-0.26906997,-0.80433154,-0.41765672,-0.42262715
1355995159983,-0.44112635,0.05382614,0.8958294,-0.3628124,0.90229595,-0.23287162,-0.8208378,-0.42774382,-0.37849772
1355995160023,-0.3767958,0.03870915,0.92548716,-0.39229524,0.8984317,-0.19729362,-0.8391241,-0.43740362,-0.32333994
1355995160063,-0.31016248,0.033789948,0.9500829,-0.41652,0.8935152,-0.16775455,-0.85458195,-0.4477597,-0.26306075
1355995160103,-0.24874991,0.040549174,0.9677186,-0.43600702,0.88747895,-0.14926161,-0.86488235,-0.4590609,-0.2030806
1355995160143,-0.19942906,0.059903145,0.9780796,-0.4518788,0.8800449,-0.1460364,-0.869502,-0.47109735,-0.14843756
1355995160183,-0.16826284,0.09266582,0.98137695,-0.4653429,0.8701881,-0.16195269,-0.86899,-0.48392743,-0.1032989
1355995160223,-0.15934417,0.13936315,0.97733694,-0.4769103,0.85594016,-0.19980763,-0.8643877,-0.49794018,-0.06992531
1355995160263,-0.17328069,0.19937842,0.9644801,-0.48507524,0.8350004,-0.25976193,-0.85713226,-0.5128572,-0.047975898
1355995160303,-0.20519112,0.26898006,0.9410348,-0.48594984,0.8066039,-0.3365157,-0.84955835,-0.52634573,-0.03479719
1355995160343,-0.24349229,0.3396684,0.9084806,-0.47607738,0.774213,-0.41706657,-0.8450218,-0.5340595,-0.026806474
1355995160384,-0.27331632,0.39990744,0.8748555,-0.45713505,0.74622166,-0.48392227,-0.8463603,-0.532191,-0.0211429
1355995160423,-0.28440565,0.43973142,0.85190946,-0.43623328,0.7319271,-0.52343416,-0.85370606,-0.5204989,-0.016338706
1355995160487,-0.27388668,0.45199123,0.8489346,-0.4208962,0.7373422,-0.5283682,-0.8647731,-0.5020264,-0.0117067695
1355995160505,-0.24125,0.42878366,0.87059927,-0.4153685,0.7651498,-0.49195006,-0.877079,-0.48030242,-0.0064891577
1355995160545,-0.18403234,0.35874102,0.91511583,-0.41786548,0.8141409,-0.40319106,-0.8896744,-0.4565955,7.724762E-5
1355995160585,-0.10231156,0.23085238,0.96759474,-0.4181139,0.8726241,-0.25240445,-0.9026146,-0.43038863,0.007243037
1355995160625,-0.012735639,0.054691344,0.998422,-0.40119165,0.9143292,-0.055202454,-0.9159055,-0.40126166,0.01029712
1355995160665,0.049950033,-0.12887016,0.9904027,-0.36808044,0.9194653,0.13820368,-0.9284513,-0.37145114,-0.0015072823
1355995160705,0.06008804,-0.2821507,0.95748645,-0.34531486,0.89411867,0.2851481,-0.9365613,-0.34776834,-0.043704987
1355995160744,0.019703656,-0.3996196,0.9164693,-0.36203346,0.8515898,0.37911293,-0.9319568,-0.33926246,-0.12789625
1355995160784,-0.0462524,-0.4939323,0.8682693,-0.4252655,0.7962353,0.4303006,-0.9038861,-0.34934253,-0.24688017
1355995160824,-0.09611565,-0.5809282,0.8082601,-0.51278317,0.72487193,0.46001542,-0.8531209,-0.37024748,-0.3675617
1355995160864,-0.09199035,-0.6692854,0.7372887,-0.59316885,0.63155186,0.4992924,-0.7998053,-0.39140663,-0.455096
1355995160905,-0.026012063,-0.75216895,0.6584566,-0.6434824,0.5166713,0.5647841,-0.76501876,-0.40901405,-0.49744725
1355995160945,0.07483995,-0.81356055,0.5766438,-0.6512895,0.39801526,0.64606947,-0.7551297,-0.4239139,-0.50007606
1355995160985,0.17442355,-0.8480228,0.5004335,-0.6195843,0.30048004,0.7251393,-0.765305,-0.4365421,-0.47301084
1355995161025,0.25344634,-0.8632363,0.43656388,-0.56206155,0.23589206,0.79274315,-0.78730667,-0.44629365,-0.42540598
1355995161065,0.3103146,-0.8685783,0.38636324,-0.49184775,0.20110494,0.8471379,-0.8135052,-0.45291114,-0.36480248
1355995161105,0.3506161,-0.86950636,0.34788945,-0.4180428,0.18709946,0.888951,-0.83803856,-0.4571132,-0.29789078
1355995161144,0.3805757,-0.8682554,0.3182683,-0.34680477,0.18504146,0.9195031,-0.8572564,-0.46031746,-0.23069286
1355995161185,0.40499195,-0.86559033,0.29450816,-0.28269246,0.18778059,0.9406506,-0.86952084,-0.46421114,-0.16864622
1355995161224,0.42729193,-0.8617979,0.27336058,-0.22869992,0.18949217,0.9548765,-0.8747102,-0.47052854,-0.11612463
1355995161265,0.44985336,-0.85709053,0.25105324,-0.18563372,0.1852302,0.96500254,-0.87359726,-0.4807136,-0.075778484
1355995161305,0.4733593,-0.8520024,0.223658,-0.15156445,0.17134096,0.9734837,-0.8677323,-0.49470615,-0.048027486
1355995161344,0.49572375,-0.8478008,0.18839276,-0.12229818,0.14661583,0.98160434,-0.8598262,-0.5096446,-0.031003535
1355995161383,0.51256573,-0.84630126,0.1450882,-0.09362531,0.11287986,0.9891878,-0.8535284,-0.52060765,-0.021376848
1355995161423,0.5200777,-0.84873295,0.09576762,-0.063711554,0.07326248,0.9952755,-0.85173935,-0.5237222,-0.01597187
1355995161489,0.5177211,-0.85449624,0.04243782,-0.03298983,0.029627442,0.99901646,-0.8549131,-0.51861197,-0.01285094
1355995161504,0.5077273,-0.8614036,-0.014032453,-0.0021373332,-0.017547503,0.9998438,-0.86151516,-0.507618,-0.010750473
1355995161545,0.4919565,-0.86778855,-0.07015571,0.027253002,-0.06519219,0.9975004,-0.8701931,-0.4926388,-0.008421868
1355995161585,0.47114763,-0.87418455,-0.11756411,0.051306486,-0.10589811,0.99305254,-0.880561,-0.47390622,-0.0050423592
1355995161625,0.44598895,-0.8836989,-0.14202148,0.06257188,-0.12750423,0.9898623,-0.89284855,-0.45035422,-0.0015707612
1355995161665,0.41848466,-0.8995604,-0.12514666,0.05012989,-0.11470458,0.992134,-0.9068394,-0.42146644,-0.0029072315
1355995161705,0.39006394,-0.9197817,-0.043032438,-0.0015422106,-0.047386885,0.9988755,-0.9207865,-0.38955894,-0.019902408
1355995161744,0.3480996,-0.92508876,0.1517812,-0.11774495,0.11748056,0.9860702,-0.9300338,-0.36112207,-0.06802958
1355995161784,0.19205898,-0.78665876,0.5867549,-0.3261902,0.51272357,0.7941754,-0.92558813,-0.34392226,-0.15812725
1355995161824,-0.27340642,-0.07014035,0.95933795,-0.34647638,0.9375726,-0.030194983,-0.8973311,-0.34064347,-0.28064036
1355995161864,-0.5192268,0.38832462,0.7613196,-0.108401,0.85369205,-0.5093713,-0.8477339,-0.34700704,-0.401165
1355995161905,-0.60318613,0.48702794,0.6316409,0.010547921,0.796728,-0.60424596,-0.79753065,-0.35781032,-0.4857124
1355995161945,-0.6410316,0.490971,0.58993727,0.038463026,0.7882173,-0.61419386,-0.7665501,-0.37102687,-0.52415645
1355995161985,-0.6499655,0.47237808,0.5953182,0.01784806,0.79262304,-0.6094507,-0.75975406,-0.38549668,-0.5236087
1355995162025,-0.6353308,0.4557392,0.6234233,-0.023570046,0.795472,-0.60553175,-0.7718803,-0.3994071,-0.49464607
1355995162065,-0.6031,0.4515457,0.6575538,-0.068859726,0.79179794,-0.6068891,-0.79468787,-0.41129377,-0.44643998
1355995162104,-0.56081504,0.46406096,0.6856631,-0.10970314,0.7792025,-0.61709696,-0.82064104,-0.42129666,-0.38607955
1355995162145,-0.51669705,0.49397254,0.69929624,-0.14370847,0.75514793,-0.63960886,-0.8440213,-0.4309788,-0.31919467
1355995162184,-0.47904345,0.539814,0.6921836,-0.1704571,0.7163335,-0.676617,-0.8610817,-0.4421166,-0.25113976
1355995162225,-0.4546247,0.5974618,0.6605722,-0.18945894,0.6598059,-0.7271599,-0.8702997,-0.45573622,-0.18676955
1355995162283,-0.44745615,0.66071403,0.6026939,-0.19805083,0.58398056,-0.78723735,-0.87210023,-0.47161824,-0.13045073
1355995162303,-0.45725223,0.7209356,0.520742,-0.19285744,0.49122444,-0.8494142,-0.86817414,-0.48882556,-0.0855757
1355995162343,-0.4788733,0.7697549,0.42208737,-0.17233798,0.38901633,-0.90496737,-0.860802,-0.50610644,-0.053631544
1355995162381,-0.50331527,0.802825,0.3196025,-0.1400109,0.28920972,-0.9469713,-0.8526844,-0.5213729,-0.033159435
1355995162424,-0.52169985,0.8222674,0.22738856,-0.10377559,0.20339108,-0.9735824,-0.84679383,-0.53151524,-0.020777762
1355995162489,-0.52906346,0.8346659,0.15305117,-0.07082471,0.13629901,-0.98813283,-0.84562147,-0.53362477,-0.012995839
1355995162505,-0.52511036,0.8453147,0.09850022,-0.045307577,0.08780956,-0.9951064,-0.8498273,-0.52700347,-0.0078105927
1355995162545,-0.51284283,0.856302,0.061147004,-0.027791947,0.054629266,-0.99811983,-0.85803246,-0.51357806,-0.004217863
1355995162585,-0.49557757,0.8676705,0.03938085,-0.018587291,0.034735322,-0.9992237,-0.8683648,-0.49592483,-0.0010864735
1355995162625,-0.47476995,0.87941605,0.034940034,-0.019182801,0.0293504,-0.9993851,-0.8799008,-0.47514835,0.002935052
1355995162665,-0.4496081,0.8916098,0.053708404,-0.0314897,0.044269443,-0.99852324,-0.89267075,-0.45063534,0.008172631
1355995162705,-0.41796422,0.9022716,0.1058858,-0.055001944,0.09120828,-0.99431175,-0.906797,-0.42141062,0.011504829
1355995162744,-0.3799171,0.9027566,0.20172644,-0.081536025,0.18454719,-0.9794357,-0.92142,-0.38855234,0.0034945607
1355995162785,-0.34705555,0.87664783,0.33322826,-0.09107733,0.3221289,-0.94230455,-0.9334117,-0.35738152,-0.03195393
1355995162824,-0.34806114,0.8198248,0.45468745,-0.06268525,0.4635762,-0.8838369,-0.93537366,-0.3361315,-0.10996193
1355995162865,-0.40152562,0.7565898,0.5160902,0.0034064054,0.5647407,-0.82526135,-0.9158415,-0.32960555,-0.22933513
1355995162904,-0.4850219,0.70381725,0.51903284,0.080052674,0.6267597,-0.7750896,-0.8708303,-0.33438542,-0.36033463
1355995162945,-0.5617058,0.6558515,0.50432676,0.13026616,0.672085,-0.7289256,-0.8170174,-0.343745,-0.46294934
1355995162985,-0.6142899,0.6025976,0.5094352,0.1317288,0.71486026,-0.68674767,-0.7780074,-0.3547548,-0.5185109
1355995163025,-0.6402149,0.5352186,0.5510589,0.081701964,0.76071316,-0.64392567,-0.76383877,-0.36722827,-0.5307483
1355995163065,-0.6364489,0.44445902,0.63038784,-0.012982801,0.810997,-0.5849062,-0.77120954,-0.38044718,-0.51038784
1355995163104,-0.59534836,0.3240741,0.7352117,-0.13756593,0.8604224,-0.4906617,-0.7916034,-0.39325473,-0.4676695
1355995163145,-0.5105433,0.1780227,0.8412214,-0.2680751,0.896616,-0.35244223,-0.8169952,-0.4054475,-0.41003782
1355995163185,-0.3896535,0.02681452,0.9205711,-0.37529564,0.90819305,-0.18530673,-0.84102523,-0.4176917,-0.34381723
1355995163225,-0.25531733,-0.10351302,0.9613002,-0.44253767,0.896504,-0.0210004,-0.85963565,-0.43077332,-0.27470142
1355995163265,-0.13295743,-0.19506955,0.97173566,-0.47304928,0.8740493,0.11073482,-0.8709459,-0.44495583,-0.20848882
1355995163305,-0.040319443,-0.2404116,0.96983325,-0.48249424,0.854642,0.19179782,-0.8749707,-0.46020576,-0.15045589
1355995163345,0.009973735,-0.23147564,0.9727895,-0.4877392,0.84813786,0.20681538,-0.8729323,-0.47653037,-0.10444063
1355995163384,-0.002984941,-0.13872257,0.99032676,-0.49866542,0.8586189,0.11877023,-0.86678946,-0.49348718,-0.07173908
1355995163425,-0.13562143,0.13133426,0.98201734,-0.49339664,0.85057265,-0.18189545,-0.8591662,-0.509193,-0.050556004
1355995163490,-0.40490347,0.61605716,0.67566764,-0.32850057,0.59160423,-0.7362688,-0.85331154,-0.520075,-0.03716749
1355995163505,-0.51826364,0.8359113,0.18070701,-0.07109618,0.16845578,-0.98314184,-0.8522606,-0.52237433,-0.02787435
1355995163545,-0.51262933,0.8564241,-0.06122756,0.049053103,-0.04198122,-0.9979135,-0.8572076,-0.5145632,-0.020489395
1355995163585,-0.49005133,0.8567759,-0.16057628,0.09227377,-0.13218987,-0.9869201,-0.86679596,-0.4984585,-0.014278114
1355995163625,-0.46562946,0.86125433,-0.20354387,0.10461059,-0.17482084,-0.97902715,-0.8787751,-0.47715673,-0.008694589
1355995163665,-0.4415462,0.8713391,-0.21402133,0.09933391,-0.18959415,-0.9768249,-0.8917229,-0.45257285,-0.0028389692
1355995163705,-0.41840637,0.89009964,-0.18071705,0.07376698,-0.16501057,-0.9835292,-0.9052593,-0.42484593,0.00338161
1355995163745,-0.39359576,0.9183966,-0.040374994,0.00960502,-0.039809167,-0.9991611,-0.91923344,-0.3936534,0.006847501
1355995163784,-0.33506066,0.8651099,0.37325495,-0.13352343,0.3485576,-0.92772794,-0.93268746,-0.3606834,-0.0012754798
1355995163824,-0.20945896,0.5056411,0.83693135,-0.2596025,0.79644513,-0.5461517,-0.9427266,-0.3316658,-0.035556912
1355995163864,-0.21467802,0.32270536,0.92183226,-0.25510082,0.8925481,-0.37186223,-0.9427815,-0.31499082,-0.10928804
1355995163904,-0.3382895,0.39033785,0.85626894,-0.18400118,0.8649157,-0.4669736,-0.92287797,-0.31552678,-0.22076929
1355995163945,-0.4710394,0.5082933,0.7209436,-0.062977105,0.79582906,-0.60223746,-0.8798612,-0.32908052,-0.34285605
1355995163985,-0.55784696,0.5646135,0.6082913,0.03688413,0.7490724,-0.6614605,-0.8291238,-0.34655747,-0.43869305
1355995164025,-0.60712296,0.54537475,0.57789975,0.057547316,0.75554484,-0.6525644,-0.7925213,-0.36293027,-0.49009347
1355995164065,-0.6260089,0.45023322,0.63671255,-0.015425548,0.80918163,-0.58735603,-0.7796633,-0.37751177,-0.49960983
1355995164104,-0.59273,0.26605147,0.7601893,-0.16949198,0.88152236,-0.44067088,-0.78736496,-0.39004484,-0.47741115
1355995164145,-0.4779953,0.0133342,0.87826115,-0.34560215,0.9163799,-0.20200753,-0.8075145,-0.4000876,-0.43341696
1355995164185,-0.31040388,-0.2187714,0.9250884,-0.45970166,0.88634616,0.05536121,-0.83206,-0.4080803,-0.37569487
1355995164224,-0.15361515,-0.36939394,0.9164882,-0.4957173,0.8311476,0.2519085,-0.85479045,-0.41562203,-0.31079185
