1355994677994,-0.3379702,-0.3760149,-0.86277986,-0.75852126,-0.43386567,0.4862162,-0.557155,0.8187634,-0.1385817
1355994678153,0.8250233,0.5650832,-0.0041713417,0.076502785,-0.119001836,-0.9899423,-0.55989623,0.81640637,-0.14140972
1355994678193,0.82426494,0.5660181,-0.014517933,0.06936309,-0.12639141,-0.98955244,-0.5619396,0.8146464,-0.14344078
1355994678235,0.8233409,0.56710136,-0.022489697,0.063964516,-0.13209414,-0.9891712,-0.5639311,0.81298655,-0.14503288
1355994678273,0.8223099,0.5682425,-0.030114323,0.0584777,-0.1370278,-0.9888396,-0.56602716,0.81137156,-0.14590883
1355994678313,0.8212622,0.56930274,-0.037720025,0.05238563,-0.14107227,-0.9886123,-0.568141,0.8099339,-0.1456806
1355994678353,0.82029,0.5701707,-0.045051426,0.04573387,-0.14390409,-0.9885342,-0.5701164,0.8088244,-0.1441192
1355994678393,0.81945723,0.57079196,-0.05183047,0.03870672,-0.1453408,-0.9886243,-0.5718318,0.80812913,-0.14119405
1355994678433,0.818818,0.57112503,-0.057908,0.031559348,-0.14550912,-0.98885345,-0.5731851,0.8078635,-0.13716984
1355994678475,0.81841207,0.57115924,-0.06307718,0.02473241,-0.14468,-0.9891693,-0.5740992,0.8079881,-0.132534
1355994678513,0.81824464,0.5709543,-0.066984385,0.01877433,-0.14299929,-0.98954475,-0.5745635,0.8084321,-0.12772769
1355994678553,0.8182799,0.57063913,-0.06920263,0.014267117,-0.14051521,-0.98997575,-0.5746429,0.80908996,-0.12312216
1355994678593,0.8184772,0.57034105,-0.06932649,0.011809468,-0.13733965,-0.99045366,-0.5744176,0.80984503,-0.1191448
1355994678633,0.8188005,0.57013,-0.067212194,0.0118254125,-0.13380414,-0.99093723,-0.5739564,0.81058514,-0.11630094
1355994678673,0.81919104,0.5700301,-0.06318042,0.014221728,-0.13031861,-0.9913702,-0.57334435,0.81122303,-0.11486265
1355994678713,0.81956553,0.5700549,-0.0578779,0.018434972,-0.12719229,-0.9917068,-0.57268894,0.8117017,-0.11475137
1355994678772,0.8198551,0.57020694,-0.051977515,0.023844182,-0.12470156,-0.9919077,-0.57207435,0.8119812,-0.11583334
1355994678793,0.82001585,0.5704919,-0.04596743,0.030005693,-0.12305582,-0.99194604,-0.5715537,0.81203216,-0.11802572
1355994678834,0.8200145,0.57093596,-0.04010564,0.036587328,-0.12222043,-0.99182844,-0.57117224,0.81184626,-0.12111154
1355994678871,0.8198375,0.5715599,-0.034434795,0.043192267,-0.12169703,-0.9916271,-0.5709649,0.81148577,-0.12445876
1355994678914,0.8195016,0.5723442,-0.028971165,0.049310148,-0.12078973,-0.99145263,-0.5709516,0.8110685,-0.12720975
1355994678953,0.8190509,0.5732349,-0.023606688,0.054613143,-0.118860185,-0.99140793,-0.5711156,0.8107243,-0.12865871
1355994678993,0.8185466,0.5741478,-0.018322855,0.05901724,-0.11578172,-0.9915198,-0.5714004,0.81052375,-0.12865734
1355994679033,0.8180858,0.57494867,-0.013027698,0.062717885,-0.111712426,-0.9917595,-0.5716661,0.81052727,-0.1274499
1355994679072,0.8177841,0.5754746,-0.0076262653,0.06621975,-0.107248686,-0.99202454,-0.57170284,0.8107568,-0.12581405
1355994679112,0.8178043,0.57549155,-0.0023762584,0.06951004,-0.10287464,-0.9922626,-0.5712832,0.8113115,-0.124133766
1355994679153,0.81822395,0.57489413,0.0025160313,0.072604,-0.098990984,-0.9924362,-0.57029665,0.8122177,-0.1227364
1355994679192,0.81907725,0.5736444,0.006676346,0.07527138,-0.09592449,-0.9925385,-0.5687237,0.8134683,-0.121748574
1355994679233,0.8203596,0.5717642,0.009792596,0.07726365,-0.09385687,-0.9925831,-0.5666044,0.8150317,-0.121172965
1355994679273,0.8220401,0.56930757,0.011788398,0.078498885,-0.092793874,-0.99258614,-0.563993,0.8168709,-0.12097031
1355994679313,0.8240657,0.566347,0.012918979,0.07919215,-0.09258774,-0.9925503,-0.5609318,0.81894964,-0.12114861
1355994679354,0.8263656,0.56296366,0.013849378,0.079999864,-0.0930156,-0.99244547,-0.5574226,0.82123077,-0.12190193
1355994679393,0.8288495,0.5592571,0.0154927075,0.081911564,-0.09391099,-0.9922052,-0.55344284,0.8236578,-0.12364769
1355994679433,0.83140236,0.5553557,0.018711418,0.085922524,-0.09521693,-0.9917414,-0.5489876,0.82614386,-0.12688112
1355994679473,0.8338641,0.55144876,0.023978412,0.09261525,-0.09695667,-0.99097013,-0.5441444,0.8285552,-0.13192123
1355994679513,0.83601356,0.5478289,0.031061053,0.10178694,-0.09920904,-0.989847,-0.5391853,0.8306871,-0.13870195
1355994679553,0.83755326,0.54497814,0.038773045,0.11215277,-0.10203925,-0.988438,-0.5347207,0.83221793,-0.14658412
1355994679593,0.83815336,0.5435651,0.045121297,0.121497706,-0.105415165,-0.98697823,-0.5317304,0.8327213,-0.154396
1355994679633,0.83749574,0.54435647,0.04771699,0.1271007,-0.10912633,-0.9858686,-0.53145677,0.8317256,-0.16058093
1355994679673,0.8352957,0.5480209,0.044206664,0.12622018,-0.11288419,-0.98555857,-0.53511643,0.82881254,-0.16346297
1355994679713,0.8312354,0.55496335,0.032609493,0.11656274,-0.11663467,-0.986311,-0.543563,0.8236577,-0.16163892
1355994679753,0.8249891,0.5650194,0.012086064,0.09705122,-0.12057245,-0.98794913,-0.55675316,0.81622016,-0.15430677
1355994679797,0.8156956,0.5781939,-0.018234253,0.06629151,-0.12474203,-0.9899721,-0.57467043,0.8063071,-0.14008087
1355994679833,0.8047837,0.59124947,-0.052414507,0.030760974,-0.12972951,-0.9910722,-0.5927706,0.7959864,-0.12259161
1355994679873,0.79201,0.60419905,-0.087542295,-0.0073669553,-0.13392377,-0.99096423,-0.6104637,0.78549856,-0.10161787
1355994679914,0.7779601,0.6164702,-0.12141928,-0.04525575,-0.1377662,-0.98943037,-0.6266818,0.77523226,-0.079277776
1355994679953,0.7635231,0.6278907,-0.15094975,-0.07919267,-0.14094576,-0.98684484,-0.64090645,0.7654329,-0.057890974
1355994679993,0.75010365,0.6382265,-0.17323838,-0.1061869,-0.14232267,-0.98410803,-0.6527395,0.7565786,-0.038985454
1355994680034,0.7397533,0.6467801,-0.18558171,-0.12353706,-0.14056744,-0.9823336,-0.6614406,0.7496107,-0.024083912
1355994680072,0.7340743,0.65297306,-0.18644318,-0.12913278,-0.13531888,-0.98235095,-0.6666781,0.74519455,-0.015013866
1355994680113,0.73321337,0.6562716,-0.17806138,-0.12328425,-0.12922229,-0.9839221,-0.6687296,0.743377,-0.013839573
1355994680153,0.7354382,0.6576075,-0.16334939,-0.10764158,-0.12462683,-0.98634756,-0.6689872,0.74298084,-0.020869434
1355994680193,0.7382705,0.65833735,-0.14679408,-0.08626312,-0.1236901,-0.98856425,-0.6689658,0.74249077,-0.034526497
1355994680233,0.74069464,0.6589804,-0.130829,-0.063052714,-0.1256885,-0.990064,-0.6688765,0.7415842,-0.051546276
1355994680273,0.7438374,0.65836585,-0.11515331,-0.040536582,-0.12753533,-0.9910053,-0.6671302,0.74181473,-0.06817765
1355994680313,0.7492814,0.6548462,-0.09876141,-0.020448118,-0.12618196,-0.9917964,-0.6619359,0.745154,-0.08115541
1355994680353,0.75746286,0.6477642,-0.081557274,-0.0040337145,-0.12027393,-0.9927325,-0.65286577,0.75228703,-0.088490136
1355994680393,0.76762503,0.63769925,-0.06396499,0.008696765,-0.11016022,-0.99387574,-0.6408402,0.7623676,-0.09010764
1355994680433,0.7789705,0.62543553,-0.04511538,0.01979196,-0.09643453,-0.9951425,-0.6267482,0.7742937,-0.087498255
1355994680473,0.7908517,0.6115998,-0.022341251,0.033056796,-0.079139926,-0.99631524,-0.6111143,0.78719914,-0.082805485
1355994680513,0.8025639,0.59650254,0.008716345,0.053572744,-0.057512246,-0.99690646,-0.5941559,0.800548,-0.078113526
1355994680553,0.8120928,0.58113337,0.05281377,0.087206304,-0.03137517,-0.995696,-0.57697517,0.8132033,-0.07615805
1355994680594,0.8159797,0.5669878,0.11270267,0.1388511,-0.0029792786,-0.99030876,-0.5611572,0.8237208,-0.08115791
1355994680633,0.80878043,0.5580559,0.18560152,0.20956205,0.021408413,-0.977561,-0.5495071,0.82952714,-0.09963265
1355994680673,0.78642696,0.56256574,0.25505388,0.28929877,0.02936584,-0.9567883,-0.54574615,0.8262309,-0.13965549
1355994680713,0.75237036,0.58963966,0.29370722,0.3591734,0.006563723,-0.93324775,-0.5522077,0.8076398,-0.20684451
1355994680753,0.71557236,0.6362994,0.28823474,0.40956783,-0.04791403,-0.9110206,-0.56587136,0.76995283,-0.29489374
1355994680793,0.6818154,0.68483263,0.25716168,0.44698188,-0.11173308,-0.88753754,-0.5790812,0.7200833,-0.38228905
1355994680833,0.6520707,0.7210133,0.23440051,0.4797746,-0.15303224,-0.863943,-0.5870435,0.6758114,-0.4457117
1355994680873,0.62469995,0.74298465,0.24025773,0.50964355,-0.1548276,-0.84634024,-0.59161925,0.6511546,-0.47537816
1355994680913,0.5962515,0.75257945,0.27947873,0.5373378,-0.11547649,-0.83542407,-0.59644973,0.6482973,-0.4732424
1355994680953,0.56251436,0.7488396,0.35045218,0.5658076,-0.039590955,-0.8235863,-0.6028593,0.6615676,-0.44596964
1355994680993,0.5194282,0.7270397,0.4490073,0.5981064,0.06594986,-0.79869854,-0.61029756,0.68342066,-0.40059087
1355994681034,0.46360397,0.6795867,0.56853604,0.6348005,0.19289505,-0.7482111,-0.6181421,0.70778066,-0.3419751
1355994681072,0.40367603,0.6104385,0.6814767,0.6681457,0.3121454,-0.6753862,-0.62500155,0.727963,-0.28185624
1355994681113,0.34757885,0.5287825,0.7743242,0.6931994,0.41117582,-0.5919536,-0.6313981,0.7425116,-0.22363567
1355994681153,0.31284782,0.45556247,0.83342016,0.7040825,0.47770515,-0.52541953,-0.6374905,0.75117284,-0.17130452
1355994681193,0.31288806,0.41189662,0.8558284,0.6985314,0.5107436,-0.5011935,-0.6435487,0.75464046,-0.12791711
1355994681233,0.3568253,0.41463542,0.83711004,0.670696,0.51005316,-0.53852826,-0.65026355,0.75360686,-0.09609443
1355994681273,0.44435364,0.47087845,0.7621176,0.60673064,0.46772194,-0.64273953,-0.6591114,0.7480037,-0.07786244
1355994681313,0.5518186,0.563194,0.61506814,0.49504596,0.37231615,-0.78505427,-0.67113763,0.73769456,-0.07335594
1355994681353,0.63381195,0.64463973,0.42745999,0.36089107,0.2423389,-0.9005718,-0.6841346,0.7250596,-0.07904744
1355994681393,0.6734077,0.6866759,0.2738582,0.25687385,0.13002044,-0.9576589,-0.6932084,0.7152418,-0.08883232
1355994681433,0.68987125,0.6985919,0.18986064,0.20285124,0.06521585,-0.9770355,-0.694931,0.7125422,-0.0967197
1355994681473,0.6992091,0.6956755,0.16474912,0.18743685,0.043999203,-0.9812908,-0.68990874,0.7170075,-0.099630594
1355994681513,0.7048417,0.68539417,0.18284726,0.19950888,0.055819206,-0.9783049,-0.6807308,0.7260297,-0.09739852
1355994681553,0.7031612,0.66780686,0.24412753,0.24085175,0.0993385,-0.96546483,-0.6689953,0.737676,-0.09099147
1355994681593,0.68162584,0.63325036,0.3665791,0.32697314,0.18457821,-0.92683303,-0.6545799,0.7516148,-0.08124256
1355994681633,0.6053578,0.55369246,0.57180995,0.47763088,0.32198155,-0.817433,-0.6367187,0.7679535,-0.06954652
1355994681673,0.42287898,0.39380717,0.816143,0.66513646,0.47678155,-0.5746937,-0.6154404,0.78587234,-0.060314596
1355994681713,0.1801871,0.20917076,0.96113485,0.7846482,0.5586897,-0.2686876,-0.59317774,0.80256677,-0.063456774
1355994681754,0.004229054,0.117393434,0.99307656,0.8180117,0.5708079,-0.070959866,-0.57518613,0.8126483,-0.093615234
1355994681812,-0.08259779,0.14038283,0.98664594,0.820156,0.5719984,-0.012725651,-0.5661464,0.8081525,-0.16238165
1355994681834,-0.112926394,0.24576041,0.9627302,0.8174561,0.57376564,-0.050581664,-0.5648125,0.78127766,-0.26569158
1355994681874,-0.12361854,0.37559256,0.9185035,0.81615865,0.56497717,-0.121185064,-0.56444967,0.7346639,-0.3763848
1355994681911,-0.14726114,0.4654944,0.87271357,0.81407726,0.5581786,-0.16035846,-0.56177604,0.6868417,-0.4611464
1355994681954,-0.19705409,0.48634756,0.8512553,0.8041308,0.57688534,-0.14344639,-0.56084144,0.65625393,-0.50476474
1355994681993,-0.26415047,0.4433036,0.85656667,0.7811029,0.6193036,-0.07963282,-0.56577635,0.6480316,-0.50985503
1355994682037,-0.3305965,0.35369664,0.87498844,0.7469658,0.6647249,0.013523996,-0.57684314,0.6580574,-0.48395503
1355994682074,-0.37755474,0.24595731,0.89272475,0.7126972,0.69270295,0.11056805,-0.5911981,0.67798793,-0.4368264
1355994682115,-0.39726496,0.14463809,0.90623415,0.6892375,0.6990231,0.19057381,-0.6059145,0.7003188,-0.3773874
1355994682155,-0.39027363,0.06455445,0.91843295,0.6816779,0.69078135,0.24111496,-0.61887133,0.7201763,-0.31359905
1355994682194,-0.36037946,0.011036664,0.9327405,0.6887971,0.67744863,0.25811207,-0.62903506,0.7354873,-0.25174057
1355994682234,-0.30999458,-0.013428688,0.9506435,0.70613563,0.6662795,0.23967502,-0.6366127,0.74558115,-0.19706053
1355994682274,-0.23911148,-0.005764991,0.97097504,0.7274574,0.6612801,0.18306923,-0.64314187,0.75011694,-0.1539259
1355994682314,-0.14581527,0.038935184,0.9885454,0.74493647,0.6618496,0.083813906,-0.651005,0.74862486,-0.125512
1355994682354,-0.028144956,0.12568408,0.991671,0.7488651,0.65978134,-0.062366724,-0.6621246,0.7408725,-0.11268997
1355994682394,0.108699106,0.2489023,0.96240956,0.7292216,0.6380021,-0.24736448,-0.6755889,0.72869813,-0.11215466
1355994682435,0.2447313,0.38002974,0.89201117,0.68432194,0.5840433,-0.43657392,-0.6868843,0.71726614,-0.11712903
1355994682474,0.3560301,0.48165268,0.800783,0.6287139,0.5105175,-0.5865925,-0.69134754,0.712308,-0.12106216
1355994682515,0.43522877,0.539607,0.7206943,0.58080214,0.44336736,-0.68271106,-0.68792796,0.7157163,-0.120438635
1355994682555,0.48850438,0.56252915,0.66702664,0.5482828,0.39678928,-0.7361686,-0.6787853,0.72534084,-0.11459172
1355994682595,0.52203226,0.5613897,0.64212453,0.5326816,0.3733844,-0.7594962,-0.66613257,0.73852944,-0.104123205
1355994682635,0.53780377,0.5407715,0.646787,0.5361947,0.3726252,-0.7573941,-0.6505862,0.7541331,-0.089559555
1355994682674,0.53383875,0.5002159,0.68176264,0.56205463,0.39246237,-0.7280576,-0.6317522,0.7718532,-0.071637064
1355994682715,0.5060537,0.44084984,0.7413239,0.61008304,0.42459974,-0.66896474,-0.6096789,0.79080117,-0.05408472
1355994682755,0.45531875,0.37747025,0.80635047,0.6696124,0.45170522,-0.58956045,-0.58677423,0.8083802,-0.04708892
1355994682794,0.3961555,0.34303075,0.8516987,0.7210447,0.45806625,-0.51987475,-0.56846744,0.8200641,-0.06587505
1355994682835,0.3521012,0.37208948,0.8588214,0.7500123,0.4367532,-0.49671733,-0.55991626,0.81902134,-0.12529033
1355994682875,0.3308974,0.46369922,0.82188195,0.75961196,0.3858763,-0.52353525,-0.5599076,0.7975478,-0.22454602
1355994682914,0.322555,0.57618463,0.75097907,0.7625749,0.31182718,-0.56678325,-0.5607475,0.75549656,-0.33880252
1355994682955,0.3129659,0.66202873,0.6810068,0.7686402,0.24463376,-0.5910554,-0.5578929,0.70842934,-0.4322999
1355994682994,0.2964611,0.7057806,0.6434163,0.7769691,0.21352708,-0.59222066,-0.5553647,0.6754849,-0.48506725
1355994683033,0.27157143,0.7101102,0.64960945,0.78349817,0.22885701,-0.5777154,-0.5589093,0.66585886,-0.494219
1355994683073,0.24254534,0.6863698,0.6856152,0.7867329,0.27435526,-0.5529743,-0.567647,0.6735174,-0.47344613
1355994683113,0.21018541,0.6361204,0.74241024,0.7873493,0.3400306,-0.514257,-0.57957155,0.69262546,-0.4293794
1355994683153,0.1818425,0.56806725,0.80264115,0.7853405,0.4073103,-0.46619576,-0.59175456,0.71512085,-0.37205994
1355994683193,0.16566148,0.4954825,0.8526741,0.7807104,0.46237203,-0.42036086,-0.6025342,0.7353292,-0.31023115
1355994683233,0.16885728,0.43351236,0.88518596,0.7729492,0.4990139,-0.39183497,-0.6115854,0.750368,-0.25082093
1355994683273,0.19588938,0.39531863,0.89741325,0.75994503,0.5171834,-0.39370647,-0.6197667,0.7591077,-0.19910967
1355994683313,0.24821743,0.39058092,0.8864731,0.736848,0.51792586,-0.4345202,-0.62884265,0.7610514,-0.15924054
1355994683353,0.32299563,0.42378968,0.84621286,0.6963983,0.4990438,-0.51573706,-0.6408613,0.755882,-0.13393748
1355994683393,0.40897846,0.48833042,0.7708891,0.6336128,0.45597798,-0.62499505,-0.6567126,0.74405473,-0.12292725
1355994683433,0.48723704,0.56218356,0.6682437,0.5555213,0.39088774,-0.73389566,-0.6737923,0.7288048,-0.121849954
1355994683473,0.5438758,0.6192292,0.56635165,0.4825815,0.32134083,-0.814773,-0.6865232,0.7164462,-0.12405905
1355994683513,0.5801697,0.6484658,0.49284405,0.4315992,0.26839188,-0.8612131,-0.69074255,0.71236086,-0.12416446
1355994683553,0.60369885,0.65398604,0.45590562,0.40535408,0.24062029,-0.88192403,-0.68646616,0.7172197,-0.11983371
1355994683593,0.61848724,0.643146,0.45148283,0.400174,0.23667708,-0.88535005,-0.67626494,0.7282494,-0.1109885
1355994683633,0.6241848,0.61963546,0.47586268,0.41421628,0.25397104,-0.8740273,-0.66243356,0.74266464,-0.09813821
1355994683673,0.617535,0.58188695,0.5292052,0.4490858,0.291527,-0.844591,-0.6457341,0.759223,-0.08128905
1355994683713,0.59222543,0.52480763,0.61142945,0.50736886,0.34661683,-0.78894454,-0.62597585,0.77745336,-0.060995758
1355994683753,0.5402284,0.44683653,0.7130852,0.58643025,0.40783578,-0.69983536,-0.6035336,0.79624563,-0.041713953
1355994683793,0.4610992,0.36404717,0.8092324,0.6705731,0.45430052,-0.58646625,-0.58113605,0.8130687,-0.034642637
1355994683833,0.37048647,0.31362677,0.8742871,0.73748493,0.47290596,-0.48215753,-0.56467307,0.8234064,-0.05608976
1355994683873,0.2890167,0.32876176,0.8991024,0.776877,0.46825716,-0.42094815,-0.55940276,0.820153,-0.12007332
1355994683913,0.22143057,0.40619123,0.8865536,0.79636776,0.44937626,-0.40479547,-0.5628205,0.79565674,-0.22397196
1355994683953,0.15990567,0.50351554,0.84905964,0.80959994,0.4252211,-0.4046418,-0.5647815,0.75210315,-0.33965087
1355994683993,0.09744191,0.572791,0.81388915,0.8225101,0.41407984,-0.3898911,-0.56034124,0.70742375,-0.4307776
1355994684036,0.032665014,0.5929443,0.80458057,0.8310239,0.43112922,-0.3514639,-0.55527675,0.6801063,-0.4786681
1355994684074,-0.031193465,0.568352,0.82219404,0.8307619,0.4721248,-0.29484367,-0.5557532,0.6738503,-0.4868924
1355994684114,-0.08817983,0.50671804,0.8575903,0.8216884,0.5236738,-0.224931,-0.5630741,0.68483764,-0.46254182
1355994684154,-0.13090873,0.42327413,0.8964942,0.8077911,0.56978345,-0.15106365,-0.57474893,0.7044046,-0.41650677
1355994684194,-0.15367666,0.33557606,0.9293935,0.7940265,0.60177076,-0.08598778,-0.5881372,0.72474873,-0.3589344
1355994684234,-0.15476254,0.25788608,0.9536998,0.78375363,0.6197564,-0.04040149,-0.6014806,0.7412131,-0.29803425
1355994684274,-0.13544771,0.1996198,0.97046673,0.7776586,0.6283455,-0.020709723,-0.6139225,0.75188684,-0.24034405
1355994684315,-0.09866455,0.16558665,0.9812474,0.77390915,0.632635,-0.028941274,-0.62556374,0.75654083,-0.19056767
1355994684354,-0.047513455,0.15842012,0.98622787,0.7694148,0.63543344,-0.0650031,-0.63697994,0.7557298,-0.15208238
1355994684384,0.014669269,0.17617434,0.9842498,0.7619136,0.6354817,-0.12510276,-0.6475126,0.7517484,-0.12490755
1355994684425,0.07678118,0.21590781,0.9733902,0.74711335,0.6340306,-0.1995669,-0.6602472,0.7425558,-0.112626016
1355994684464,0.14546046,0.27910876,0.94917834,0.724025,0.6237986,-0.29438585,-0.6742618,0.7300504,-0.11134374
1355994684505,0.2133866,0.3489768,0.91251373,0.6957162,0.6014631,-0.39270985,-0.68588996,0.7186496,-0.11444467
1355994684544,0.2738662,0.40694606,0.8714312,0.66902125,0.5703273,-0.47658932,-0.6909471,0.7135277,-0.116062164
1355994684583,0.32313046,0.4422938,0.83663785,0.64972854,0.53909534,-0.53593755,-0.68806946,0.71676517,-0.11317277
1355994684623,0.35960454,0.45404062,0.8151881,0.63996685,0.5157708,-0.5695813,-0.67906326,0.72651744,-0.10509747
1355994684663,0.38218915,0.44517174,0.8097861,0.6401815,0.504405,-0.57943356,-0.6664076,0.7398633,-0.09221256
1355994684703,0.38951904,0.41740382,0.8210049,0.65128887,0.5054615,-0.5659784,-0.6512279,0.7551707,-0.07496357
1355994684743,0.37979275,0.37102294,0.8474075,0.6742505,0.5161549,-0.52817655,-0.63335913,0.7719625,-0.054130495
1355994684803,0.35135803,0.30994406,0.8834491,0.7080662,0.52938086,-0.467331,-0.6125274,0.78974086,-0.03345865
1355994684823,0.3040267,0.24971803,0.91935235,0.7466544,0.5368941,-0.39274928,-0.5916714,0.80584466,-0.023222923
1355994684863,0.24636957,0.22038993,0.9437851,0.77923286,0.53398573,-0.3281089,-0.57627964,0.8162644,-0.040177226
1355994684901,0.18275633,0.24299484,0.9526561,0.79990035,0.52663255,-0.2877805,-0.57162887,0.8146236,-0.09812623
1355994684944,0.11670783,0.3195492,0.94035506,0.8087145,0.5190307,-0.27674565,-0.576507,0.79277706,-0.1978491
1355994684983,0.04888629,0.41558504,0.90823966,0.8121104,0.5128245,-0.27836618,-0.5814523,0.7511991,-0.3124308
1355994685037,-0.016876165,0.48875237,0.87225926,0.81343853,0.5139926,-0.27226695,-0.581406,0.7049345,-0.40624428
1355994685065,-0.07782984,0.5147196,0.85381866,0.81059885,0.5312532,-0.24637277,-0.5804068,0.6729292,-0.45857847
1355994685104,-0.13136607,0.49248707,0.86034846,0.8017169,0.5632478,-0.20000483,-0.58308923,0.66348207,-0.46882683
1355994685145,-0.1740123,0.4327617,0.8845546,0.78908324,0.59866285,-0.13766041,-0.5891242,0.6740327,-0.44565976
1355994685184,-0.20153922,0.35285738,0.9137143,0.7773262,0.62519336,-0.0699808,-0.5959413,0.6961501,-0.40028626
1355994685224,-0.21158937,0.27022842,0.93925846,0.7701956,0.63772976,-0.009973288,-0.60168815,0.7213025,-0.34306556
1355994685265,-0.20473628,0.19756418,0.9586717,0.769156,0.638222,0.032737315,-0.6053777,0.7440706,-0.2826249
1355994685304,-0.18366642,0.14191702,0.9726902,0.77315104,0.631937,0.053788215,-0.60704553,0.76191545,-0.22578889
1355994685344,-0.15176804,0.106882066,0.9826203,0.7787827,0.6251106,0.052289963,-0.60865754,0.77318364,-0.1781097
1355994685374,-0.11206402,0.09272981,0.9893648,0.7831173,0.6211263,0.030486614,-0.61169344,0.77820516,-0.1422242
1355994685415,-0.07280162,0.09774321,0.99254537,0.77971613,0.6261172,-0.0044674575,-0.6218864,0.7735784,-0.12179428
1355994685454,-0.027847499,0.12619579,0.9916144,0.76860464,0.63695335,-0.05947584,-0.63911766,0.7605032,-0.114732206
1355994685495,0.01989039,0.17068931,0.9851241,0.75158954,0.6472274,-0.1273182,-0.6593312,0.7429413,-0.11541468
1355994685535,0.06728691,0.21886605,0.9734322,0.7339919,0.64999527,-0.19688064,-0.6758168,0.72773886,-0.11690974
1355994685575,0.110878624,0.25743583,0.95991284,0.7211628,0.64375126,-0.2559463,-0.68383485,0.72063243,-0.11427492
1355994685614,0.1473552,0.27877223,0.948985,0.71522593,0.6326874,-0.29691505,-0.6831825,0.72249067,-0.106155336
1355994685654,0.17412406,0.28197002,0.94349015,0.71597105,0.6215548,-0.31789157,-0.67606676,0.73086417,-0.09365475
1355994685693,0.18949237,0.26849666,0.94445866,0.723122,0.61253107,-0.31921846,-0.6642193,0.7434483,-0.07808584
1355994685733,0.19267026,0.2394699,0.95159465,0.7368143,0.6051602,-0.30147278,-0.64806086,0.75923336,-0.059848487
1355994685773,0.18358967,0.19793004,0.96286994,0.7566766,0.59680414,-0.26695552,-0.6274833,0.77759147,-0.040201962
1355994685813,0.1628699,0.1541971,0.97452384,0.7805155,0.58406216,-0.22286084,-0.60354704,0.7969283,-0.02522713
1355994685853,0.13124718,0.12810707,0.98303753,0.803472,0.56710476,-0.18117681,-0.58069533,0.813622,-0.028499544
1355994685893,0.08814399,0.14217329,0.98590946,0.8196658,0.5520618,-0.15289143,-0.56602,0.8215927,-0.06787366
1355994685933,0.031186298,0.20752767,0.97773194,0.8260639,0.5453666,-0.14210495,-0.562713,0.81210077,-0.15442312
1355994685973,-0.03926239,0.30714455,0.95085263,0.82506275,0.5467647,-0.1425477,-0.5636754,0.77891624,-0.27488083
1355994686036,-0.1145187,0.39779884,0.9102975,0.8207713,0.55411524,-0.13889167,-0.5596607,0.7312404,-0.38995838
1355994686055,-0.1830644,0.44465393,0.87679553,0.81283134,0.57012606,-0.1194216,-0.5529853,0.690825,-0.46579844
1355994686094,-0.23833263,0.4420275,0.8647596,0.79924756,0.5951141,-0.08391935,-0.5517253,0.67115635,-0.49512458
1355994686134,-0.2778288,0.4009903,0.87293637,0.7815836,0.62268543,-0.037281454,-0.55851436,0.6719149,-0.4864074
1355994686174,-0.3002018,0.3372661,0.89226145,0.7642429,0.6447892,0.013405919,-0.5707992,0.68592894,-0.45132005
1355994686214,-0.3051499,0.2662539,0.9143262,0.7512868,0.65730375,0.059328347,-0.58519363,0.7050253,-0.4006092
1355994686254,-0.29371464,0.19960928,0.9348197,0.7446873,0.6609232,0.09285122,-0.59931004,0.72342014,-0.34276932
1355994686294,-0.26799303,0.14461538,0.95250523,0.744377,0.6587334,0.10942182,-0.6116229,0.7383473,-0.28418434
1355994686334,-0.23077828,0.10504773,0.96731913,0.748557,0.6542929,0.10753292,-0.621614,0.7489097,-0.22963083
1355994686374,-0.18517435,0.08314744,0.9791818,0.75411785,0.6509055,0.087340415,-0.6300927,0.75459164,-0.18323398
1355994686415,-0.13463753,0.08069575,0.98760366,0.757185,0.6512833,0.05000961,-0.6391742,0.7545318,-0.14878881
1355994686453,-0.08211297,0.09856996,0.99173653,0.7544644,0.6563351,-0.0027664602,-0.6511842,0.74800277,-0.12826115
1355994686493,-0.029714614,0.13371894,0.99057376,0.7451196,0.66353476,-0.06721988,-0.6662687,0.7360984,-0.119353235
1355994686533,0.02145207,0.17818096,0.9837638,0.73230016,0.6671009,-0.13679501,-0.68064404,0.7233449,-0.11617124
1355994686573,0.07055193,0.22116779,0.97268045,0.7210348,0.6625131,-0.20294124,-0.68929756,0.7156544,-0.11272812
1355994686613,0.116586305,0.2538684,0.9601867,0.7142091,0.6503784,-0.25867635,-0.69015443,0.71593213,-0.10548991
1355994686653,0.15827608,0.27256984,0.9490282,0.7117617,0.63466656,-0.30098772,-0.68435663,0.72312105,-0.09355223
1355994686693,0.19435906,0.27714056,0.9409663,0.71292955,0.6189679,-0.32956058,-0.6737625,0.73489577,-0.07727969
1355994686733,0.22367278,0.26796377,0.937105,0.71769255,0.60524803,-0.3443721,-0.65946025,0.74957997,-0.05693811
1355994686773,0.2445941,0.24511446,0.9381325,0.7269927,0.59385145,-0.34470576,-0.6416037,0.7663285,-0.032943845
1355994686814,0.25425634,0.21157885,0.94370973,0.7421146,0.583036,-0.33065826,-0.62017703,0.7844128,-0.008775175
1355994686853,0.24919274,0.17863813,0.9518358,0.76261544,0.56959784,-0.30655515,-0.59692603,0.802276,0.0057074428
1355994686893,0.22772413,0.16771418,0.95917344,0.7839848,0.5526421,-0.2827624,-0.57750297,0.8163692,-0.0056354403
1355994686933,0.19303668,0.20201504,0.96017015,0.7997323,0.5345668,-0.27325177,-0.5684761,0.82062674,-0.058366954
1355994686973,0.15258041,0.28683963,0.9457496,0.80826426,0.51445717,-0.28643095,-0.5687074,0.8081193,-0.15334612
1355994687036,0.11473899,0.39414218,0.91185904,0.8152431,0.48715168,-0.31314838,-0.56763864,0.77931714,-0.2654264
1355994687055,0.08360943,0.4803254,0.87309617,0.8244892,0.4587386,-0.3313253,-0.5596668,0.74756026,-0.35766822
1355994687094,0.05676457,0.52203816,0.85103106,0.832663,0.44556275,-0.32885575,-0.550863,0.72728944,-0.40938967
1355994687134,0.029267337,0.51897115,0.8542906,0.83595043,0.455865,-0.3055715,-0.54802394,0.72308785,-0.42049223
1355994687175,-5.691387E-4,0.48036978,0.87706584,0.83365965,0.4846125,-0.26488167,-0.5522782,0.73102367,-0.40074068
1355994687214,-0.029327512,0.4185201,0.9077339,0.8266834,0.52065265,-0.21334338,-0.5619025,0.7441517,-0.36125302
1355994687255,-0.050382376,0.34704942,0.9364925,0.81677634,0.553937,-0.16133857,-0.57475036,0.75677633,-0.31137043
1355994687294,-0.05669316,0.2797608,0.9583944,0.8064791,0.578703,-0.12122002,-0.5885383,0.7660527,-0.25842977
1355994687334,-0.043113805,0.22821555,0.97265553,0.797485,0.59429187,-0.1040903,-0.6017964,0.7711905,-0.20762068
1355994687374,-0.0053490475,0.20301324,0.97916144,0.7888063,0.6026846,-0.12064773,-0.6146186,0.77172333,-0.1633619
1355994687414,0.06112612,0.21539667,0.9746117,0.7755054,0.60446936,-0.18223089,-0.6283749,0.76695573,-0.13009244
1355994687453,0.15935111,0.27450353,0.9482906,0.7478823,0.5934543,-0.2974628,-0.6444217,0.75661075,-0.11072868
1355994687493,0.28219163,0.37550247,0.882817,0.6943319,0.55507034,-0.45803946,-0.6620205,0.74222285,-0.104087174
1355994687533,0.40396705,0.48684087,0.7744653,0.61507255,0.48212084,-0.62389517,-0.67712355,0.72838545,-0.10468155
1355994687573,0.4979319,0.56908625,0.65437347,0.5319573,0.3954988,-0.74873364,-0.68489796,0.7209171,-0.105798125
1355994687613,0.5607442,0.6107337,0.5590799,0.4668141,0.32448965,-0.82267314,-0.6838498,0.7222956,-0.103143364
1355994687653,0.6024212,0.6225557,0.49951297,0.4244929,0.28008422,-0.8610219,-0.67593974,0.73073757,-0.095541805
1355994687693,0.63022286,0.61561656,0.47311252,0.40307724,0.26138395,-0.87704456,-0.66358715,0.7434344,-0.08341089
1355994687733,0.64623487,0.59405077,0.47904503,0.4033614,0.26698944,-0.87522346,-0.64782715,0.7588282,-0.067079276
1355994687791,0.6481372,0.55628276,0.52006507,0.42976794,0.29658338,-0.8528411,-0.6286634,0.7762653,-0.046845764
1355994687823,0.6279034,0.49282202,0.6023818,0.4923397,0.3479222,-0.797842,-0.60277617,0.7975441,-0.024174303
1355994687863,0.56529313,0.41198236,0.7146427,0.58935815,0.40444064,-0.69934595,-0.57714874,0.8165159,-0.01417762
1355994687901,0.4901733,0.3645193,0.79174227,0.6687524,0.42529127,-0.6098341,-0.55901736,0.82840395,-0.035306692
1355994687944,0.43265945,0.3920167,0.8118675,0.7108914,0.40548873,-0.574641,-0.55447197,0.8257735,-0.103242815
1355994687983,0.40049243,0.48666427,0.77637863,0.72512054,0.34966993,-0.5932379,-0.5601839,0.80055535,-0.2128501
1355994688036,0.38724592,0.61503273,0.686859,0.72778255,0.25344375,-0.6372588,-0.5660151,0.7466598,-0.349465
1355994688075,0.35110748,0.68492883,0.63843244,0.75028616,0.20211768,-0.6294593,-0.56017333,0.7000149,-0.4429276
1355994688114,0.30583122,0.7015124,0.64369833,0.776923,0.20691207,-0.5946243,-0.5503253,0.6819587,-0.48174095
1355994688155,0.2488578,0.6714085,0.6980548,0.801506,0.2618606,-0.53760314,-0.5437443,0.69328177,-0.47297186
1355994688194,0.18192106,0.59834814,0.7803103,0.820632,0.34479868,-0.45571592,-0.5417267,0.72325194,-0.42829746
1355994688234,0.113877535,0.49261147,0.8627664,0.83204,0.42726207,-0.3537746,-0.5429008,0.7581431,-0.3612169
1355994688274,0.058503576,0.37601388,0.92476535,0.8355051,0.48854667,-0.25150204,-0.5463593,0.78735995,-0.2855798
1355994688314,0.027305156,0.27297008,0.9616349,0.8333849,0.52501976,-0.17269585,-0.55201817,0.8061274,-0.21315336
1355994688354,0.026533738,0.20106494,0.9792185,0.82786083,0.54462844,-0.13426206,-0.5603057,0.8142191,-0.15200275
1355994688394,0.060981393,0.17261434,0.98309994,0.8180097,0.5557527,-0.14832085,-0.5719627,0.8132301,-0.10730964
1355994688435,0.13680607,0.1990836,0.9703864,0.7971659,0.55940044,-0.22715136,-0.5880567,0.8046346,-0.08217329
1355994688474,0.2572453,0.2871893,0.92268485,0.7501134,0.5426129,-0.37802267,-0.60922474,0.7893628,-0.07583988
1355994688513,0.40482962,0.42137372,0.81151533,0.6584519,0.4814679,-0.57847184,-0.6344714,0.7685264,-0.08254188
1355994688553,0.53499746,0.5522133,0.63940454,0.5284411,0.3717802,-0.76323617,-0.6591871,0.74621713,-0.09291074
1355994688593,0.6163641,0.6358872,0.46448123,0.40128416,0.25387725,-0.88006663,-0.67754436,0.72883046,-0.0986906
1355994688633,0.65921515,0.67292935,0.3355615,0.30641025,0.16713274,-0.9371123,-0.68669367,0.720578,-0.09601602
1355994688673,0.68376505,0.6821459,0.2591184,0.24503393,0.11983782,-0.9620797,-0.68733084,0.7213293,-0.08520797
1355994688713,0.7007332,0.6761594,0.22755559,0.21203773,0.10716179,-0.9713683,-0.68118507,0.72892034,-0.06827946
1355994688753,0.7131296,0.65885305,0.2394972,0.20844768,0.12689647,-0.96976644,-0.66932493,0.74149173,-0.04684277
1355994688793,0.71754456,0.62631667,0.304725,0.24482319,0.1827864,-0.95218205,-0.65206707,0.7578368,-0.02217944
1355994688833,0.6978044,0.564501,0.44091684,0.34130657,0.27914512,-0.89754546,-0.62974507,0.77679896,0.0021207929
1355994688873,0.6174517,0.4558458,0.64106005,0.5029329,0.39785078,-0.7673157,-0.6048239,0.79619056,0.01639381
1355994688913,0.46814817,0.3321548,0.81884694,0.66340435,0.48002523,-0.5739952,-0.5837225,0.81194144,0.004369974
1355994688953,0.33220413,0.28884938,0.89789003,0.7485559,0.49843237,-0.4372977,-0.5738507,0.81739295,-0.050638616
1355994688993,0.26656258,0.3590253,0.89445245,0.773619,0.47380972,-0.42073512,-0.57485485,0.8041177,-0.15144885
1355994689038,0.24526593,0.4822757,0.84098446,0.7799343,0.41707394,-0.4666388,-0.57580125,0.7703632,-0.27384937
1355994689074,0.21888763,0.5775939,0.7864309,0.79278696,0.36458957,-0.4884294,-0.5688383,0.7303833,-0.37810475
1355994689114,0.15984038,0.61102045,0.7753097,0.81389606,0.36286226,-0.45376676,-0.55859137,0.7035517,-0.4393071
1355994689154,0.059797525,0.57719505,0.8144139,0.83147323,0.42264426,-0.36058834,-0.55233717,0.6987257,-0.4546492
1355994689194,-0.072558284,0.47625333,0.87630934,0.8306294,0.5152068,-0.21122667,-0.55207795,0.7125621,-0.43297255
1355994689234,-0.20777532,0.32640404,0.9221116,0.8042328,0.5936108,-0.028908879,-0.5568114,0.7355858,-0.38584256
1355994689275,-0.31387353,0.16595542,0.9348487,0.762838,0.63029826,0.14423001,-0.5652978,0.7584081,-0.32443106
1355994689314,-0.37833238,0.028192014,0.92524046,0.7247735,0.6307902,0.27714097,-0.57581943,0.77544117,-0.25908118
1355994689354,-0.4049596,-0.07191533,0.91150206,0.7012961,0.61522734,0.36010984,-0.58667845,0.7850628,-0.1987083
1355994689394,-0.3996528,-0.12973282,0.9074398,0.69490695,0.6027185,0.39221764,-0.5978142,0.7873372,-0.15072584
1355994689435,-0.36424932,-0.14432946,0.92004967,0.70235944,0.6061728,0.37315655,-0.61156654,0.7821276,-0.11942685
1355994689475,-0.29175112,-0.109835684,0.95016694,0.7193054,0.6295825,0.29364195,-0.63046086,0.7691307,-0.10467595
1355994689513,-0.16078915,-0.006078154,0.98697007,0.7395829,0.6614393,0.12456027,-0.6535779,0.74997413,-0.10185695
1355994689553,0.056040883,0.19070011,0.98004746,0.7353798,0.6560607,-0.16970837,-0.675334,0.7302177,-0.1034708
1355994689593,0.307814,0.41800454,0.8547063,0.6556418,0.5577948,-0.50891936,-0.68948126,0.7170336,-0.10236418
1355994689633,0.46957752,0.5483691,0.69194525,0.5460699,0.4354485,-0.71567607,-0.69376117,0.7139158,-0.09497106
1355994689673,0.531116,0.57913417,0.6184816,0.49232194,0.38314644,-0.7815485,-0.6895904,0.71958494,-0.08162525
1355994689713,0.5232584,0.54337853,0.6564605,0.51496166,0.41215402,-0.7516272,-0.67898095,0.7313472,-0.064156055
1355994689753,0.43815875,0.4347449,0.7867743,0.6070704,0.5023915,-0.6156853,-0.6629348,0.7473952,-0.0437935
1355994689793,0.25670272,0.24041454,0.9361114,0.7229578,0.59504634,-0.35107255,-0.6414326,0.7668903,-0.021059513
1355994689833,0.036085516,0.026375502,0.9990006,0.7880455,0.61399364,-0.044676095,-0.6145584,0.7888701,0.0013711452
1355994689873,-0.12887457,-0.11084473,0.9854465,0.8008755,0.5743873,0.16934484,-0.584799,0.81104416,0.014748871
1355994689913,-0.22422236,-0.15488935,0.9621506,0.79826266,0.53714114,0.2724997,-0.559018,0.82914937,0.0032032728
1355994689953,-0.27768877,-0.12440336,0.95258206,0.79034793,0.5340992,0.30014688,-0.5461126,0.8362188,-0.04999137
1355994689993,-0.3134061,-0.03795585,0.9488603,0.77547157,0.56649464,0.27879697,-0.5481062,0.82319087,-0.14810914
1355994690038,-0.34816605,0.07257682,0.9346192,0.75532377,0.6122155,0.23383361,-0.5552175,0.787353,-0.2679717
1355994690074,-0.39361244,0.15507156,0.90610266,0.7312661,0.650114,0.20640185,-0.557063,0.7438445,-0.36929154
1355994690115,-0.45020205,0.17314982,0.8759778,0.69917417,0.6785546,0.22520897,-0.5554039,0.7138506,-0.4265486
1355994690154,-0.5067174,0.12798965,0.8525586,0.6582746,0.69602156,0.2867552,-0.5566975,0.7065215,-0.43693858
1355994690194,-0.54861826,0.045504034,0.83483374,0.6179561,0.6946475,0.36823234,-0.5631591,0.7179096,-0.4092158
1355994690234,-0.56836843,-0.04552421,0.8215138,0.5898862,0.67351234,0.4454385,-0.5735779,0.7377728,-0.35594904
1355994690274,-0.56675285,-0.12703215,0.8140356,0.5790248,0.6414706,0.5032352,-0.58610696,0.75655687,-0.29000056
1355994690314,-0.5480006,-0.1900668,0.81459796,0.58418083,0.6100429,0.53533196,-0.5986886,0.7692348,-0.22327054
1355994690354,-0.5163847,-0.23091501,0.82463634,0.6010746,0.58816075,0.54108804,-0.609964,0.7750775,-0.16492003
1355994690394,-0.47462958,-0.24880032,0.8442898,0.62415457,0.58119875,0.5221485,-0.62061083,0.77479446,-0.12056422
1355994690435,-0.42358547,-0.24358304,0.8724922,0.64786565,0.5917187,0.47972816,-0.63312364,0.76846355,-0.09283441
1355994690475,-0.36249664,-0.21385294,0.9071181,0.6681851,0.61889124,0.41291928,-0.6497114,0.75580466,-0.08145261
1355994690514,-0.28994787,-0.15740547,0.9440094,0.6834763,0.65639895,0.31937528,-0.6699182,0.73781025,-0.08273858
1355994690555,-0.20494212,-0.073886186,0.9759813,0.6948979,0.69124126,0.19824868,-0.6892863,0.71883684,-0.090321064
1355994690595,-0.11027521,0.02750966,0.9935203,0.70433784,0.707443,0.05858907,-0.7012473,0.7062348,-0.09738952
1355994690635,-0.0161938,0.12358993,0.99220127,0.71179265,0.69833434,-0.075368255,-0.702203,0.705021,-0.099279106
1355994690675,0.06448251,0.19193786,0.9792863,0.7175236,0.67309546,-0.17917144,-0.69354296,0.7142145,-0.09431702
1355994690714,0.12411648,0.2252352,0.9663665,0.7239233,0.64550555,-0.24342875,-0.6786237,0.7297888,-0.082935154
1355994690754,0.1602321,0.22563428,0.96094483,0.7343827,0.62324286,-0.26879442,-0.6595512,0.7487707,-0.0658384
1355994690813,0.1722906,0.19685507,0.9651756,0.7514052,0.60731196,-0.257997,-0.63695073,0.76968837,-0.04328376
1355994690833,0.16135451,0.14656147,0.9759531,0.7745168,0.5940707,-0.21726424,-0.6116277,0.7909487,-0.017658353
1355994690873,0.13235943,0.0921883,0.98690546,0.7992667,0.5789333,-0.16127318,-0.5862199,0.81014663,0.002944231
1355994690911,0.093733,0.060839444,0.99373674,0.81821275,0.56395936,-0.11170414,-0.5672232,0.82355833,0.0030819774
1355994690954,0.05484526,0.08179864,0.9951387,0.8244475,0.5585177,-0.0913471,-0.5632747,0.8254496,-0.036806643
1355994690993,0.018297076,0.16683137,0.98581564,0.8172139,0.56556803,-0.11087993,-0.5760441,0.80765104,-0.12598866
1355994691038,-0.01690957,0.2995947,0.95391667,0.8040989,0.5711067,-0.16511247,-0.594255,0.76425135,-0.25056094
1355994691074,-0.057394568,0.4211833,0.9051577,0.79615146,0.5663507,-0.21304876,-0.6023693,0.7084148,-0.36783117
1355994691115,-0.107325226,0.48234165,0.8693836,0.79242337,0.56960875,-0.21819943,-0.60045516,0.66550153,-0.44335222
1355994691154,-0.16730478,0.4720367,0.8655579,0.7840227,0.59599614,-0.17348498,-0.59776044,0.6495922,-0.46980047
1355994691194,-0.23067963,0.40307516,0.88561696,0.7672518,0.63511086,-0.08921245,-0.59842426,0.6589117,-0.45576727
1355994691234,-0.2855469,0.3001297,0.9101566,0.74638253,0.6653535,0.01476109,-0.6011456,0.68354,-0.41400117
1355994691275,-0.32203883,0.18984133,0.9274974,0.7286344,0.6752154,0.11478716,-0.6044692,0.71277237,-0.35577047
1355994691314,-0.33688754,0.09181315,0.93705773,0.7188992,0.6677758,0.19302714,-0.608022,0.73867846,-0.29096973
1355994691354,-0.33204126,0.015893936,0.94313097,0.7180568,0.65263,0.24180272,-0.6116724,0.75751007,-0.22811282
1355994691394,-0.3110472,-0.03393498,0.94978833,0.7238716,0.6391117,0.25989637,-0.61584044,0.7683649,-0.17422932
1355994691434,-0.2770422,-0.0567663,0.95917946,0.7322701,0.63385445,0.24901631,-0.6221159,0.7713665,-0.13403618
1355994691475,-0.23180579,-0.052467257,0.9713461,0.7390536,0.63977265,0.21092796,-0.6325075,0.7667712,-0.10952687
1355994691515,-0.1761071,-0.022038132,0.9841243,0.74127185,0.6548395,0.14731339,-0.64768994,0.75544655,-0.09898561
1355994691554,-0.11122219,0.030297399,0.99333364,0.7386967,0.67115825,0.062240034,-0.6647983,0.74069476,-0.097028255
1355994691595,-0.040830716,0.09449607,0.9946875,0.7343172,0.67794126,-0.03426206,-0.6775773,0.7290172,-0.09707087
1355994691634,0.027976982,0.15456718,0.987586,0.7314993,0.6701721,-0.12561104,-0.681268,0.7259327,-0.09431636
1355994691674,0.08702763,0.19634706,0.9766648,0.7314345,0.6530003,-0.19645405,-0.6763356,0.73146325,-0.08678591
1355994691715,0.13062423,0.21419954,0.9680165,0.7342665,0.63516206,-0.23962858,-0.6661756,0.74208343,-0.07431197
1355994691754,0.1558131,0.20771098,0.965701,0.74091685,0.62198687,-0.2533269,-0.65327215,0.7549758,-0.056982875
1355994691794,0.16116506,0.1774208,0.9708489,0.7528625,0.6139581,-0.23717806,-0.6381409,0.7691406,-0.034624875
1355994691834,0.14687988,0.12774777,0.98087037,0.770307,0.60730433,-0.194444,-0.6205267,0.7841313,-0.009204209
1355994691875,0.116660774,0.073854774,0.990422,0.7903751,0.5969673,-0.13761273,-0.6014129,0.7988589,0.011269689
1355994691914,0.07779713,0.042586952,0.9960592,0.8070109,0.5839432,-0.0879983,-0.5853896,0.8106767,0.011060953
1355994691954,0.037455678,0.06199181,0.9973736,0.81403786,0.5769999,-0.066434085,-0.57960284,0.8143882,-0.028851748
1355994691994,-0.0021960884,0.14455485,0.9894944,0.809958,0.5805824,-0.083019465,-0.5864839,0.80126655,-0.11835837
1355994692036,-0.041971527,0.2762436,0.9601707,0.80075216,0.5840377,-0.13302618,-0.5975235,0.76327544,-0.24571562
1355994692074,-0.08739558,0.39277822,0.9154711,0.79604906,0.58002174,-0.17286047,-0.598889,0.7136526,-0.36336207
1355994692114,-0.13615322,0.45373768,0.88067275,0.79455894,0.5809721,-0.17648686,-0.59172505,0.6757171,-0.43962252
1355994692154,-0.18885192,0.44802296,0.8738481,0.78884006,0.5991967,-0.13672847,-0.5848644,0.6635049,-0.4665779
1355994692194,-0.23990005,0.38995743,0.88903385,0.7767892,0.6263828,-0.065139055,-0.582277,0.674965,-0.45318395
