1355995481503,-0.4415735,0.45882782,-0.7710317,-0.49100235,0.59567744,0.6356769,0.7509524,0.6592764,-0.037749827
1355995481544,-0.079386696,0.033336103,-0.99628633,-0.65554833,0.75117916,0.077370554,0.75096875,0.659256,-0.037780225
1355995481583,-0.07931323,0.032906532,-0.9963064,-0.65544856,0.75130504,0.07699296,0.7510636,0.65913415,-0.038019896
1355995481625,-0.07894954,0.03128794,-0.9963875,-0.65516543,0.7517017,0.07551703,0.751349,0.65876067,-0.038847685
1355995481663,-0.07807122,0.027836442,-0.996559,-0.6546391,0.75247574,0.07230353,0.75189924,0.6580314,-0.040523887
1355995481703,-0.076686084,0.022752672,-0.99679565,-0.65389585,0.7535669,0.0675067,0.75268817,0.6569773,-0.04291022
1355995481745,-0.074919105,0.016768336,-0.9970486,-0.6530543,0.75478816,0.061765075,0.7535962,0.65575427,-0.045597434
1355995481783,-0.0728766,0.010283411,-0.997288,-0.65218115,0.7560321,0.055453688,0.754552,0.65445364,-0.048390448
1355995481823,-0.070634276,0.0034875572,-0.9974961,-0.65129006,0.7572602,0.048766524,0.7555343,0.65310395,-0.05121714
1355995481865,-0.06838012,-0.0032554567,-0.99765396,-0.65034676,0.75846994,0.0421004,0.75655353,0.6516999,-0.053981423
1355995481903,-0.066385046,-0.009434223,-0.9977495,-0.6492872,0.75969,0.03601688,0.75764054,0.650217,-0.056557596
1355995481943,-0.06487366,-0.014686078,-0.99778545,-0.6480793,0.7609443,0.03093651,0.7588048,0.648651,-0.05888295
1355995481983,-0.06383058,-0.019127488,-0.99777746,-0.6468239,0.7621695,0.026768267,0.7599635,0.6470949,-0.061021864
1355995482024,-0.0629501,-0.023317367,-0.99774426,-0.6457542,0.76320165,0.022906095,0.760946,0.64573956,-0.063100934
1355995482063,-0.06180805,-0.027670205,-0.99770445,-0.6451491,0.7638258,0.018783301,0.76155263,0.64482903,-0.06506199
1355995482103,-0.060096562,-0.032055795,-0.9976778,-0.64525753,0.7638308,0.014325798,0.76159775,0.64462,-0.066587865
1355995482143,-0.05777484,-0.036254257,-0.9976711,-0.6462904,0.76302993,0.009698808,0.76090133,0.6453456,-0.06751472
1355995482183,-0.055017203,-0.04055965,-0.99766135,-0.6483458,0.76133084,0.004802078,0.75935555,0.6470938,-0.068183005
1355995482223,-0.052131444,-0.045327693,-0.9976109,-0.65132153,0.7588017,-4.41432E-4,0.7570089,0.64974254,-0.06908035
1355995482263,-0.049460173,-0.050034106,-0.9975221,-0.65474933,0.7558265,-0.005446583,0.7542261,0.65285754,-0.0701431
1355995482303,-0.047372878,-0.053118497,-0.9974639,-0.6580564,0.75291675,-0.0088422,0.75147694,0.65596855,-0.0706228
1355995482342,-0.046132267,-0.053013533,-0.9975277,-0.6607412,0.75055575,-0.009331256,0.74919486,0.6586772,-0.069653094
1355995482383,-0.045814693,-0.04927194,-0.997734,-0.6625146,0.74902016,-0.006567627,0.7476465,0.6607125,-0.0669595
1355995482451,-0.046340108,-0.04256341,-0.9980185,-0.6633065,0.748347,-0.0011167228,0.74691164,0.66194046,-0.06291109
1355995482465,-0.047681667,-0.033984482,-0.9982843,-0.6631931,0.7484226,0.0061980486,0.7469279,0.6623508,-0.05822432
1355995482505,-0.05015298,-0.024450302,-0.99844223,-0.6623316,0.7490622,0.014926344,0.7475303,0.66204846,-0.0537619
1355995482545,-0.054511353,-0.014240533,-0.99841166,-0.66085505,0.7500842,0.025382817,0.74853134,0.66118896,-0.05029905
1355995482585,-0.062127486,-0.0026949942,-0.99806464,-0.6588954,0.7512237,0.038986385,0.74966466,0.6600422,-0.04844737
1355995482625,-0.074258566,0.011274964,-0.9971752,-0.65642893,0.7522018,0.057388663,0.7507241,0.65883636,-0.048456192
1355995482665,-0.091779634,0.028995305,-0.99535704,-0.6531862,0.75272715,0.08215621,0.75161445,0.65769374,-0.050145686
1355995482705,-0.114509374,0.051095605,-0.9921073,-0.64878285,0.7524413,0.11363506,0.7523087,0.65667444,-0.053011596
1355995482745,-0.14133719,0.07733327,-0.9869364,-0.6429196,0.7509197,0.15091094,0.7527804,0.65585005,-0.05641377
1355995482785,-0.17052805,0.10640973,-0.9795903,-0.63554853,0.747839,0.19187227,0.75299287,0.6552968,-0.059898973
1355995482825,-0.20033234,0.13628641,-0.97020257,-0.62689996,0.7431787,0.23384136,0.75290334,0.65506595,-0.06344479
1355995482865,-0.22921742,0.1642645,-0.95941466,-0.6175344,0.7373563,0.27378267,0.7524032,0.6552273,-0.06757593
1355995482905,-0.2562444,0.18756582,-0.9482393,-0.6082714,0.73111546,0.30899203,0.7512288,0.6559644,-0.07325333
1355995482945,-0.28096038,0.20389532,-0.93781024,-0.60003537,0.7253123,0.33746058,0.74901193,0.65753233,-0.081439614
1355995482985,-0.30316073,0.21191722,-0.9290773,-0.5936469,0.72066385,0.35808808,0.74543744,0.66010207,-0.092672944
1355995483025,-0.3229641,0.21220978,-0.922313,-0.5894653,0.7173221,0.3714562,0.7404221,0.66363853,-0.106578946
1355995483065,-0.34068507,0.20746753,-0.917001,-0.5873184,0.7146612,0.37989005,0.7341598,0.6679944,-0.12162495
1355995483105,-0.3567715,0.20172818,-0.9121513,-0.5866733,0.7114705,0.38681296,0.7269998,0.6731386,-0.13548386
1355995483145,-0.37174472,0.19883123,-0.9067921,-0.5869187,0.7064651,0.39551654,0.7192581,0.6792445,-0.14592695
1355995483185,-0.38603833,0.20104352,-0.9003087,-0.5877416,0.69862616,0.40802115,0.71100926,0.6866607,-0.15153486
1355995483225,-0.39995825,0.20905131,-0.8923737,-0.5890153,0.6873325,0.42501172,0.70220673,0.69560874,-0.15176988
1355995483265,-0.41357324,0.22209944,-0.882966,-0.5908359,0.6723907,0.44587398,0.69272655,0.7060896,-0.14685845
1355995483305,-0.42680058,0.2380732,-0.8724462,-0.59348536,0.6541847,0.46884692,0.6823609,0.71788824,-0.13791347
1355995483345,-0.4393213,0.25389183,-0.8617051,-0.59738946,0.63382566,0.49131542,0.6709117,0.7306189,-0.12678087
1355995483385,-0.45054242,0.26679426,-0.851958,-0.60305977,0.6127094,0.5107897,0.6582784,0.74391395,-0.11515874
1355995483450,-0.45981103,0.27525222,-0.8442807,-0.6104773,0.59247345,0.52563536,0.64489627,0.75710726,-0.10439062
1355995483465,-0.4664132,0.27903587,-0.83940315,-0.6190851,0.57482594,0.53507835,0.63181674,0.7692296,-0.095359445
1355995483505,-0.4697345,0.27824682,-0.8378115,-0.6284975,0.5610537,0.5387111,0.6199519,0.7796136,-0.08866882
1355995483545,-0.4692705,0.27224958,-0.84003896,-0.63868517,0.5522872,0.53577995,0.6098086,0.7879461,-0.08529031
1355995483585,-0.46477535,0.25990212,-0.84642464,-0.6499118,0.5490856,0.52547085,0.6013306,0.7943274,-0.086287975
1355995483625,-0.45637637,0.24111962,-0.85649395,-0.66210175,0.5510321,0.5079221,0.5944257,0.7988898,-0.09183228
1355995483665,-0.44480532,0.21814686,-0.8686542,-0.6739977,0.5571796,0.48505467,0.5898095,0.80122584,-0.10080594
1355995483695,-0.43164423,0.19578706,-0.8805401,-0.68427837,0.5649693,0.4610562,0.5877469,0.8015467,-0.109892845
1355995483735,-0.41983083,0.17679653,-0.89021635,-0.68948257,0.5757191,0.43950123,0.5902169,0.79830474,-0.11980653
1355995483775,-0.40970924,0.16078028,-0.89793545,-0.6907116,0.58830297,0.42049623,0.59586567,0.7924956,-0.12998039
1355995483815,-0.40354818,0.14696792,-0.9030776,-0.68831193,0.60151565,0.40546963,0.6028063,0.78522563,-0.14158076
1355995483855,-0.40313187,0.13527635,-0.9050884,-0.6821538,0.61486614,0.39573455,0.61004174,0.77694273,-0.15559286
1355995483895,-0.4089546,0.12739348,-0.9036188,-0.6718274,0.62810135,0.39260238,0.6175792,0.7676324,-0.17127848
1355995483936,-0.41989326,0.1249533,-0.89893067,-0.65758824,0.6407653,0.39622924,0.6255137,0.7575002,-0.18688524
1355995483975,-0.4334741,0.12686658,-0.8921913,-0.6407553,0.6527693,0.40413463,0.6336663,0.7468581,-0.2016682
1355995484015,-0.4468997,0.12849188,-0.8853082,-0.62363696,0.66476744,0.4112922,0.6413718,0.7359172,-0.21695209
1355995484055,-0.4574329,0.12023434,-0.88107824,-0.61014426,0.6783539,0.40934104,0.6468997,0.7248308,-0.2369411
1355995484095,-0.4621865,0.08838382,-0.88236725,-0.60673666,0.69414544,0.3873407,0.6467258,0.71438825,-0.26719892
1355995484135,-0.45673043,0.022978336,-0.8893083,-0.6206721,0.70792603,0.33705616,0.6373095,0.7059127,-0.30906934
1355995484175,-0.4363824,-0.06891,-0.89711857,-0.6530715,0.7101144,0.26312572,0.61892486,0.70070606,-0.35488456
1355995484234,-0.40225825,-0.15904734,-0.90160537,-0.69315505,0.6962606,0.18643296,0.59810066,0.6999465,-0.39032102
1355995484254,-0.36362314,-0.21732762,-0.9058405,-0.72567344,0.6758071,0.12916195,0.584103,0.70431066,-0.403448
1355995484294,-0.329709,-0.23196068,-0.9151428,-0.74284434,0.66197723,0.0998421,0.5826442,0.7127274,-0.39057052
1355995484331,-0.303536,-0.20884785,-0.9296496,-0.74571216,0.65941143,0.095341116,0.5931097,0.7221905,-0.35589546
1355995484374,-0.2841069,-0.15847233,-0.94560546,-0.7384957,0.66515714,0.110408336,0.6114796,0.7296934,-0.3060069
1355995484414,-0.26786375,-0.09545621,-0.9587164,-0.72699666,0.67301524,0.13611174,0.63223803,0.73344296,-0.24967277
1355995484454,-0.25253272,-0.028166711,-0.9671783,-0.7147818,0.6791518,0.16685274,0.6521612,0.7334572,-0.19164109
1355995484493,-0.23461823,0.028766096,-0.9716618,-0.7066916,0.68130684,0.1908085,0.6674887,0.73143244,-0.1395182
1355995484533,-0.21443044,0.0704211,-0.9741974,-0.70380825,0.6804385,0.20410147,0.67725444,0.7294136,-0.096343756
1355995484573,-0.19165291,0.09272516,-0.9770729,-0.70601016,0.67852116,0.20287621,0.68177634,0.7287051,-0.06457567
1355995484613,-0.16687606,0.09534672,-0.9813569,-0.7118275,0.67705107,0.18682456,0.68224186,0.7297334,-0.045113206
1355995484653,-0.14119455,0.08075306,-0.98668283,-0.71998835,0.6756836,0.15833047,0.6794711,0.73275554,-0.037261546
1355995484693,-0.11595984,0.052547455,-0.99186295,-0.73019385,0.6724416,0.12099275,0.67332774,0.73828256,-0.039606392
1355995484734,-0.0927252,0.016469598,-0.9955555,-0.7419332,0.66567004,0.08011532,0.6640309,0.7460644,-0.049505055
1355995484773,-0.073067054,-0.018422961,-0.99715686,-0.75299305,0.6566191,0.043044508,0.6539593,0.7539973,-0.061849594
1355995484813,-0.058260724,-0.043269426,-0.9973632,-0.7601311,0.6495671,0.016222209,0.6471524,0.75907195,-0.07073468
1355995484853,-0.049408183,-0.054249257,-0.99730426,-0.761243,0.6484621,0.002439618,0.6465817,0.75931144,-0.073336184
1355995484893,-0.047542006,-0.052025914,-0.9975135,-0.7562354,0.6542969,0.0019173026,0.6525702,0.75444615,-0.070450425
1355995484933,-0.05329442,-0.037701398,-0.99786687,-0.74603903,0.6657401,0.01469177,0.663766,0.7452307,-0.06360692
1355995484973,-0.06625594,-0.010560304,-0.99774677,-0.7310573,0.6810627,0.041337788,0.6790915,0.73214895,-0.052844644
1355995485013,-0.08541812,0.030520707,-0.9958776,-0.7112869,0.6980551,0.0824016,0.6976924,0.7153933,-0.037917554
1355995485053,-0.10940507,0.08277115,-0.99054503,-0.6871263,0.7137836,0.1355373,0.7182534,0.69545805,-0.021217287
1355995485093,-0.13747776,0.13499263,-0.98126286,-0.6605574,0.7257087,0.19238195,0.73808116,0.6746286,-0.010598421
1355995485133,-0.1697779,0.16549641,-0.97148675,-0.6361928,0.73445344,0.23629852,0.75261825,0.6581711,-0.019406319
1355995485174,-0.20621035,0.1484471,-0.9671819,-0.6218286,0.7432946,0.2466624,0.75551736,0.6522857,-0.060966372
1355995485214,-0.24239373,0.073174566,-0.9674144,-0.6263057,0.749734,0.21363547,0.74093616,0.6576811,-0.13590115
1355995485253,-0.26894245,-0.034163058,-0.96255016,-0.6504084,0.74353135,0.1553385,0.71037936,0.66782784,-0.22218704
1355995485293,-0.28081763,-0.12407556,-0.95170724,-0.6803222,0.72517836,0.10619813,0.67698085,0.6772899,-0.28805423
1355995485333,-0.28169286,-0.16731831,-0.94480354,-0.70088446,0.70836794,0.08352131,0.6552939,0.6857255,-0.316813
1355995485373,-0.27637407,-0.16529405,-0.9467287,-0.70761746,0.7015754,0.08407992,0.6503036,0.6931593,-0.31086218
1355995485413,-0.26686925,-0.13235435,-0.95460105,-0.70420396,0.7030057,0.09939703,0.6579343,0.6987598,-0.28081506
1355995485457,-0.25355434,-0.08370763,-0.9636926,-0.69689536,0.7067248,0.12197101,0.6708556,0.7025191,-0.23752862
1355995485494,-0.23663057,-0.03264445,-0.97105116,-0.6911963,0.70804626,0.14463136,0.68282765,0.7054112,-0.19010907
1355995485535,-0.21677186,0.011795521,-0.976151,-0.68979084,0.7057188,0.16170815,0.69079554,0.7083938,-0.14484352
1355995485575,-0.1946421,0.043254733,-0.9799201,-0.6928818,0.701069,0.16857347,0.6942832,0.7117803,-0.106487095
1355995485615,-0.17084886,0.05816385,-0.983579,-0.69923353,0.6961507,0.16262454,0.69417804,0.7155356,-0.07826644
1355995485655,-0.14585121,0.055582434,-0.9877439,-0.7074959,0.6920137,0.1434106,0.69150335,0.71974146,-0.061606646
1355995485695,-0.120216236,0.036622524,-0.9920719,-0.7170569,0.6879109,0.11228517,0.6865693,0.72487056,-0.05643761
1355995485734,-0.09484835,0.004936576,-0.9954795,-0.72785527,0.6818629,0.07273066,0.67913955,0.7314634,-0.061080456
1355995485774,-0.07090676,-0.03170529,-0.99697894,-0.7388035,0.6732013,0.031136125,0.6701804,0.7387793,-0.07115853
1355995485814,-0.049447104,-0.063426375,-0.9967607,-0.7468521,0.6649693,-0.005263984,0.66314924,0.74417263,-0.08025092
1355995485855,-0.03160444,-0.08413711,-0.99595284,-0.74905694,0.6617259,-0.03213224,0.6617514,0.7450099,-0.08393699
1355995485895,-0.018775284,-0.093153745,-0.9954747,-0.7450181,0.66530013,-0.048205405,0.66678,0.7407416,-0.08189243
1355995485935,-0.012298793,-0.0914188,-0.9957366,-0.73638844,0.6744932,-0.05282989,0.67644715,0.73259914,-0.07561523
1355995485974,-0.012908682,-0.07840249,-0.9968382,-0.724777,0.6875327,-0.044689655,0.6888627,0.72190845,-0.0656994
1355995486015,-0.020505741,-0.05193889,-0.99843967,-0.7103496,0.70350486,-0.022007316,0.7035502,0.70878994,-0.051320672
1355995486055,-0.034962207,-0.011061609,-0.9993274,-0.69246435,0.72126925,0.016242594,0.72060454,0.6925665,-0.03287691
1355995486095,-0.056633875,0.038698107,-0.9976448,-0.6710726,0.7383819,0.06673661,0.7392254,0.67327154,-0.01584816
1355995486135,-0.08618538,0.07988581,-0.99307114,-0.6484506,0.7522446,0.11678988,0.75636226,0.6540232,-0.013030469
1355995486175,-0.121903315,0.083676815,-0.9890084,-0.63095963,0.7626543,0.14229664,0.7661785,0.6413709,-0.04017341
1355995486215,-0.15596633,0.024423718,-0.9874604,-0.6297667,0.76769894,0.11845788,0.76096547,0.6403451,-0.104353905
1355995486254,-0.17524895,-0.091950715,-0.9802208,-0.65311426,0.7558694,0.04586199,0.73670185,0.6482334,-0.1925196
1355995486295,-0.1733461,-0.21746479,-0.96055204,-0.69168687,0.7211735,-0.038445204,0.70108515,0.6577369,-0.27543014
1355995486335,-0.15996361,-0.30179262,-0.9398579,-0.72488606,0.68219185,-0.09567946,0.67003876,0.66598463,-0.3278911
1355995486375,-0.1501239,-0.32831788,-0.9325611,-0.74168277,0.66110367,-0.11335215,0.6537351,0.67464757,-0.34275508
1355995486414,-0.15235603,-0.30413574,-0.94036645,-0.7428667,0.6628057,-0.094008744,0.6518716,0.68424416,-0.3269148
1355995486454,-0.16822028,-0.24111263,-0.95580685,-0.73290944,0.6790101,-0.042296946,0.6592008,0.6934047,-0.290937
1355995486492,-0.19188452,-0.15919816,-0.96841943,-0.7180386,0.69544184,0.027950138,0.66902983,0.7007258,-0.24775493
1355995486533,-0.217688,-0.0710884,-0.9734262,-0.70215845,0.70414627,0.10560101,0.6779275,0.7064874,-0.20319957
1355995486573,-0.23865502,0.009121329,-0.9710616,-0.68929255,0.7027783,0.1760068,0.6840464,0.71135044,-0.1614343
1355995486613,-0.24892688,0.068843484,-0.96607244,-0.6829577,0.69478333,0.2254881,0.68673444,0.71591663,-0.12593305
1355995486653,-0.24491435,0.09996596,-0.96437746,-0.6851355,0.68594074,0.24510132,0.68600756,0.720758,-0.09950656
1355995486693,-0.22556095,0.10006198,-0.9690768,-0.6957289,0.6797638,0.23212588,0.6819703,0.7265733,-0.08371216
1355995486733,-0.19192892,0.07136938,-0.9788103,-0.71284854,0.67536485,0.18902192,0.67454445,0.73402226,-0.0787465
1355995486773,-0.14817365,0.022622108,-0.98870265,-0.73249805,0.66917825,0.1250883,0.664448,0.74275756,-0.082583964
1355995486813,-0.101683006,-0.030354768,-0.99435353,-0.748999,0.66016287,0.056440115,0.6547221,0.75050884,-0.089863
1355995486853,-0.060178608,-0.07255596,-0.9955472,-0.7578867,0.6523839,-0.0017334819,0.6496047,0.75440764,-0.09424871
1355995486893,-0.02843529,-0.09763014,-0.9948164,-0.7582625,0.6505838,-0.042173773,0.6513289,0.7531328,-0.09252882
1355995486933,-0.008687094,-0.105795145,-0.99435,-0.75212854,0.65597683,-0.06322256,0.6589592,0.74732983,-0.08527005
1355995486973,-0.002367586,-0.09769422,-0.9952136,-0.74200946,0.66735196,-0.06374475,0.67038524,0.738307,-0.07407004
1355995487013,-0.0108303875,-0.07096642,-0.9974199,-0.7288279,0.68348527,-0.040716052,0.68461126,0.7265065,-0.05912471
1355995487053,-0.03536004,-0.0211398,-0.999151,-0.7114193,0.7026922,0.010309815,0.7018777,0.71117985,-0.039886475
1355995487093,-0.076023385,0.052941114,-0.9956995,-0.68732476,0.720653,0.0907954,0.72236073,0.6912716,-0.018398762
1355995487133,-0.12953232,0.14022592,-0.98160994,-0.654912,0.7312022,0.190876,0.74452114,0.6675927,-0.0028787255
1355995487173,-0.18725003,0.2093635,-0.95974183,-0.6175906,0.7346799,0.280762,0.7638843,0.64530027,-0.008267939
1355995487213,-0.23626678,0.21444964,-0.9477285,-0.58851856,0.7445167,0.31518388,0.77319074,0.6322233,-0.049696922
1355995487254,-0.2623313,0.12101038,-0.9573603,-0.5887938,0.7659492,0.25815445,0.7645287,0.63140976,-0.1296823
1355995487300,-0.24348441,-0.08959317,-0.96575797,-0.6408505,0.76227045,0.0908539,0.7280289,0.6410279,-0.24301684
1355995487331,-0.21226564,-0.25760216,-0.9426476,-0.6932478,0.7195587,-0.040531784,0.6887313,0.6448848,-0.3313197
1355995487374,-0.19386,-0.3423575,-0.91935277,-0.72638834,0.6799644,-0.10004124,0.659377,0.6484132,-0.3805024
1355995487413,-0.19903815,-0.35364157,-0.91395926,-0.73668283,0.669035,-0.0984405,0.6462834,0.65370464,-0.39368516
1355995487456,-0.22826272,-0.30695087,-0.9239465,-0.72654873,0.68542135,-0.048213422,0.6480918,0.66028684,-0.37947088
1355995487495,-0.27018136,-0.22518028,-0.93610674,-0.7028279,0.71064407,0.031906545,0.65805393,0.6665425,-0.35026574
1355995487535,-0.31681013,-0.119963944,-0.94087183,-0.67023945,0.73020667,0.13257939,0.6711261,0.67261195,-0.3117414
1355995487575,-0.35594553,-0.012018621,-0.9344294,-0.6378536,0.73389703,0.23353368,0.68296826,0.67915446,-0.26889348
1355995487615,-0.37955385,0.079660505,-0.92173374,-0.61482203,0.72275,0.3156364,0.69132686,0.6865032,-0.22534549
1355995487655,-0.3847996,0.14340356,-0.911792,-0.6069466,0.7049227,0.36701483,0.6953741,0.69463617,-0.18421566
1355995487695,-0.37222242,0.17548564,-0.9114028,-0.61542225,0.68839306,0.3838885,0.69477034,0.7037896,-0.14823753
1355995487735,-0.34316975,0.17636937,-0.9225661,-0.6380207,0.6770634,0.36676246,0.68932146,0.7144781,-0.11982036
1355995487774,-0.29950312,0.14924851,-0.9423497,-0.6700156,0.67026246,0.3191039,0.6792474,0.72696155,-0.10074693
1355995487815,-0.24551596,0.10250312,-0.96395797,-0.70437014,0.6643353,0.2500426,0.6660214,0.74037266,-0.09090477
1355995487855,-0.18920298,0.050923675,-0.9806167,-0.73294294,0.6572502,0.17554727,0.65345,0.75195,-0.08702958
1355995487895,-0.13952346,0.008931547,-0.99017847,-0.7500645,0.65188605,0.11156973,0.64647996,0.7582643,-0.084254146
1355995487935,-0.10218577,-0.01692304,-0.99462134,-0.75481975,0.65255815,0.06644601,0.64792377,0.75754964,-0.07945597
1355995487975,-0.079627454,-0.026302963,-0.9964776,-0.7497122,0.6603994,0.042476863,0.65695596,0.7504537,-0.07230556
1355995488015,-0.073084906,-0.019127548,-0.9971423,-0.7378391,0.6737208,0.041155905,0.6710082,0.7387384,-0.06335187
1355995488054,-0.08367294,0.0078086853,-0.9964627,-0.7206457,0.6901624,0.06592095,0.6882359,0.72361237,-0.052120626
1355995488095,-0.11202358,0.059965283,-0.9918946,-0.6971632,0.70655,0.12145156,0.70810604,0.7051179,-0.037344694
1355995488135,-0.15685724,0.13946617,-0.9777244,-0.664938,0.71707195,0.20896234,0.73024195,0.68290335,-0.019741595
1355995488175,-0.21228896,0.23483749,-0.94856983,-0.62280566,0.71549255,0.3165178,0.7530249,0.6579679,-0.005633056
1355995488215,-0.26768482,0.31266803,-0.91136366,-0.576087,0.70624864,0.41150537,0.7723139,0.6351784,-0.0089280605
1355995488255,-0.3125119,0.32579467,-0.8922971,-0.54041123,0.7115433,0.44906783,0.7812119,0.62254643,-0.046302617
1355995488294,-0.33949053,0.24144909,-0.9090922,-0.5378673,0.74305254,0.39821067,0.7716508,0.6241597,-0.12239176
1355995488334,-0.34208614,0.07570949,-0.9366137,-0.57800317,0.76892126,0.27326268,0.7408707,0.634845,-0.21927696
1355995488375,-0.32971048,-0.08551648,-0.9402009,-0.6331974,0.758709,0.15304148,0.70025134,0.6457922,-0.3043031
1355995488414,-0.32705656,-0.1704286,-0.9295095,-0.66859615,0.73685116,0.100147724,0.66784215,0.6542205,-0.35493988
1355995488454,-0.34740585,-0.16945556,-0.9222765,-0.67288065,0.73006403,0.11932352,0.65310085,0.6620357,-0.36765188
1355995488494,-0.38415855,-0.10907149,-0.9168019,-0.6526351,0.73446476,0.18608835,0.65306175,0.6698245,-0.35333484
1355995488533,-0.42571467,-0.014768481,-0.904737,-0.6174882,0.7356093,0.27854502,0.6614193,0.6772451,-0.32227904
1355995488573,-0.46110773,0.08787654,-0.8829821,-0.57927454,0.7239797,0.37455887,0.67217606,0.68420106,-0.282928
1355995488613,-0.4848095,0.17934887,-0.8560337,-0.5483778,0.7001406,0.45725793,0.6813526,0.69111294,-0.24108386
1355995488653,-0.49669558,0.24991785,-0.8311646,-0.53052366,0.6704895,0.51864105,0.6869048,0.6985592,-0.20044184
1355995488693,-0.49895918,0.29675078,-0.81423503,-0.52713436,0.6418292,0.5569423,0.6878728,0.7071027,-0.16381902
1355995488733,-0.49390268,0.32046682,-0.8083076,-0.5369373,0.6187849,0.5734139,0.68392867,0.7172212,-0.13354897
1355995488773,-0.48305604,0.3226623,-0.8139693,-0.5575993,0.6033845,0.5700966,0.6750851,0.72925735,-0.1115523
1355995488813,-0.46734375,0.3056498,-0.82955897,-0.58629835,0.5951567,0.5495841,0.66169786,0.7432137,-0.09894085
1355995488853,-0.447989,0.27582484,-0.8504272,-0.6180186,0.5918107,0.51750654,0.6460331,0.75741714,-0.094659805
1355995488893,-0.4277498,0.24555093,-0.8699051,-0.64494634,0.5913774,0.484063,0.63330436,0.7680999,-0.09459442
1355995488933,-0.41035348,0.2275597,-0.8830779,-0.66008544,0.5940251,0.4598059,0.62920374,0.7715898,-0.0935514
1355995488974,-0.3983774,0.22725895,-0.8886218,-0.66126037,0.6002301,0.4499539,0.6356336,0.7668619,-0.08884066
1355995489013,-0.39229947,0.24237883,-0.8873295,-0.6507458,0.6086476,0.4539582,0.65010077,0.7555135,-0.08104509
1355995489053,-0.3911695,0.26815027,-0.8803873,-0.6323712,0.6167045,0.4688093,0.66865027,0.74011546,-0.071665525
1355995489093,-0.39302218,0.30250883,-0.8683445,-0.60858244,0.6223414,0.4922588,0.6893193,0.72192776,-0.060492396
1355995489133,-0.39471048,0.3447771,-0.8516645,-0.5808932,0.62452585,0.5220446,0.7118755,0.7007826,-0.04622817
1355995489173,-0.3924628,0.39035803,-0.83282256,-0.5515483,0.62472457,0.5527329,0.73604846,0.676269,-0.029879808
1355995489213,-0.38510928,0.4263903,-0.81846327,-0.52419466,0.62884843,0.57425565,0.75954646,0.6501853,-0.018663883
1355995489253,-0.37757728,0.43186846,-0.81910014,-0.5031951,0.64687324,0.5730181,0.7773224,0.62852573,-0.02693057
1355995489293,-0.37898278,0.38303503,-0.842411,-0.4946771,0.6854883,0.53422874,0.7820912,0.6191849,-0.07030958
1355995489333,-0.3917216,0.26813042,-0.8801479,-0.5089062,0.7338081,0.45004463,0.76653033,0.6242049,-0.15099531
1355995489373,-0.4040805,0.10868749,-0.9082433,-0.55116165,0.7635015,0.33658022,0.7300272,0.6365944,-0.24861169
1355995489413,-0.40129238,-0.04238221,-0.91496897,-0.6073928,0.76001686,0.23118916,0.6855935,0.64852,-0.33073163
1355995489455,-0.38048503,-0.14622945,-0.9131528,-0.65728784,0.7373606,0.15579465,0.6505412,0.65948176,-0.37666953
1355995489494,-0.34599257,-0.20151006,-0.9163421,-0.692614,0.7136879,0.104572356,0.63290983,0.67085266,-0.3864994
1355995489535,-0.3040769,-0.21788594,-0.92739576,-0.7130679,0.69760114,0.06990543,0.63172096,0.6825528,-0.3674919
1355995489575,-0.25911182,-0.2096926,-0.94280964,-0.7226616,0.6897221,0.04520592,0.6407973,0.69304574,-0.33025193
1355995489615,-0.21570134,-0.18608207,-0.95856476,-0.725372,0.687715,0.029723912,0.6536883,0.7017275,-0.28331977
1355995489655,-0.1772125,-0.15293333,-0.9722176,-0.72468495,0.6886705,0.023762792,0.6659035,0.7087625,-0.2328695
1355995489695,-0.14542687,-0.11492506,-0.9826715,-0.72315204,0.69018793,0.026301622,0.67520535,0.7144459,-0.18348014
1355995489735,-0.120707855,-0.07695669,-0.98970056,-0.72247,0.69054496,0.03442028,0.68078387,0.7191838,-0.13895309
1355995489774,-0.10254739,-0.044392437,-0.9937371,-0.7235979,0.68882424,0.043899447,0.6825614,0.72356784,-0.10275942
1355995489813,-0.09022629,-0.022392213,-0.9956695,-0.7271373,0.6846324,0.050495118,0.680537,0.7285445,-0.07805407
1355995489853,-0.08324917,-0.014273971,-0.9964265,-0.733618,0.67760134,0.051585376,0.67444354,0.7352909,-0.06688136
1355995489893,-0.08099525,-0.018824846,-0.99653673,-0.74265206,0.6679735,0.0477421,0.6647614,0.7439469,-0.06808299
1355995489933,-0.08202009,-0.029093295,-0.9962059,-0.7516074,0.6582298,0.042658687,0.6544914,0.7522546,-0.07585484
1355995489973,-0.084496334,-0.03659424,-0.9957516,-0.7567018,0.65252113,0.04023093,0.6482767,0.7568864,-0.082826555
1355995490013,-0.087470725,-0.036661267,-0.9954923,-0.75569016,0.65355986,0.04233125,0.64906186,0.75598645,-0.08487189
1355995490053,-0.09122035,-0.028964609,-0.99540937,-0.7489263,0.66080916,0.049403995,0.65634465,0.7499949,-0.081971586
1355995490093,-0.09629589,-0.014458716,-0.9952477,-0.73789346,0.6720973,0.061631322,0.66801214,0.74032164,-0.07538921
1355995490133,-0.10267188,0.0070189536,-0.9946906,-0.7235019,0.68572724,0.07951856,0.68264455,0.7278248,-0.06532669
1355995490173,-0.109793246,0.036493957,-0.9932842,-0.70564204,0.7009315,0.1037513,0.70001054,0.71229434,-0.051205873
1355995490232,-0.11780012,0.07292864,-0.99035573,-0.68385553,0.71717787,0.13415489,0.720045,0.69306374,-0.034610987
1355995490253,-0.12905024,0.10871196,-0.98566103,-0.65877503,0.73353547,0.16715601,0.74118924,0.67090046,-0.023046196
1355995490294,-0.14833575,0.12567165,-0.98091954,-0.6343297,0.7488744,0.19186695,0.7586978,0.65068716,-0.0313676
1355995490331,-0.17911515,0.0987277,-0.9788619,-0.6195213,0.76159465,0.19017611,0.7642716,0.6404892,-0.075249195
1355995490374,-0.21638605,0.013848007,-0.9762097,-0.6262077,0.7651576,0.14965896,0.7490267,0.6436941,-0.15689772
1355995490413,-0.24527791,-0.10461241,-0.96379197,-0.6560578,0.7498438,0.085571915,0.71374154,0.6532922,-0.25255185
1355995490456,-0.2567287,-0.20938815,-0.943529,-0.6938831,0.71949816,0.02913028,0.6727679,0.66217744,-0.33000678
1355995490495,-0.2547747,-0.26979077,-0.9286027,-0.7213425,0.6925706,-0.0033053756,0.6440147,0.6689984,-0.37106103
1355995490535,-0.24818122,-0.28265667,-0.92655885,-0.7323258,0.6808565,-0.011547178,0.6341176,0.6756772,-0.37597257
1355995490575,-0.24225909,-0.25926083,-0.93493015,-0.7297387,0.68372595,-5.108416E-4,0.6393685,0.68213093,-0.35483152
1355995490615,-0.23889607,-0.21185067,-0.9476539,-0.7193332,0.6941727,0.026154041,0.65229475,0.687927,-0.31822634
1355995490655,-0.23811176,-0.15117356,-0.9594005,-0.7068658,0.70440614,0.06444177,0.66606563,0.69351184,-0.2745868
1355995490695,-0.23905668,-0.08660641,-0.9671356,-0.6964338,0.7093526,0.10862249,0.6766327,0.69951284,-0.22989112
1355995490735,-0.2404522,-0.0258649,-0.97031623,-0.69003475,0.7076067,0.15213412,0.6826673,0.70613295,-0.18799329
1355995490775,-0.24085815,0.025399268,-0.97022796,-0.68832904,0.70028776,0.18920958,0.6842445,0.7134087,-0.15118694
1355995490815,-0.23905273,0.06291512,-0.96896625,-0.6916585,0.68935627,0.21539837,0.68151474,0.7216853,-0.121276736
1355995490855,-0.23450314,0.083034545,-0.96856266,-0.7005124,0.6763765,0.22758982,0.67401093,0.73186064,-0.10044569
1355995490895,-0.22747956,0.08454308,-0.9701059,-0.71463704,0.6622234,0.22528648,0.6614733,0.7445217,-0.09022468
1355995490935,-0.21849103,0.0721387,-0.97316897,-0.7311511,0.64836895,0.2122164,0.6462815,0.75790095,-0.08891851
1355995490975,-0.20785752,0.05547726,-0.9765847,-0.74477774,0.6382539,0.19477698,0.63411474,0.7678243,-0.091347635
1355995491014,-0.19596942,0.04269436,-0.9796802,-0.7509583,0.6359263,0.17793083,0.63060105,0.77056795,-0.09256041
1355995491054,-0.18392667,0.036244065,-0.9822715,-0.74848473,0.6425885,0.1638614,0.6371353,0.76535374,-0.091061056
1355995491095,-0.17344335,0.035269022,-0.98421216,-0.7392618,0.6556268,0.15377104,0.65069926,0.754261,-0.08764106
1355995491135,-0.16615748,0.04000625,-0.9852874,-0.72579527,0.6714337,0.14965972,0.66754246,0.73998404,-0.0825274
1355995491175,-0.16295335,0.053375274,-0.98518896,-0.7089577,0.6881099,0.15454403,0.6861671,0.7236407,-0.074289024
1355995491215,-0.16425146,0.07895988,-0.9832531,-0.6880942,0.7050476,0.1715641,0.706787,0.7047505,-0.06147325
1355995491255,-0.17085315,0.116372645,-0.9784,-0.66261226,0.72134596,0.20150687,0.7292148,0.68272793,-0.046134293
1355995491294,-0.18472326,0.15515287,-0.9704664,-0.63422894,0.73550117,0.23831011,0.75075364,0.65951926,-0.037461758
1355995491334,-0.20772676,0.17101505,-0.96312165,-0.60881877,0.74804544,0.26413584,0.76563,0.64123464,-0.051271856
1355995491375,-0.23764285,0.13361654,-0.9621187,-0.59744513,0.76087475,0.25323695,0.7658884,0.63499314,-0.10098785
1355995491414,-0.26354584,0.031236976,-0.9641409,-0.6123518,0.76685905,0.19223033,0.7453649,0.6410549,-0.18297446
1355995491452,-0.27220777,-0.10460591,-0.95653576,-0.6524743,0.7506982,0.10358322,0.7072343,0.6523111,-0.27259856
1355995491494,-0.26537734,-0.21262373,-0.9404074,-0.6951526,0.7180665,0.033814907,0.6680852,0.6627003,-0.33836448
1355995491533,-0.25817448,-0.26012394,-0.93042,-0.72138035,0.692508,0.006560594,0.6426167,0.67288053,-0.36643618
1355995491573,-0.26264656,-0.24703519,-0.9327328,-0.72659916,0.68668544,0.022732437,0.6348783,0.68369347,-0.35985112
1355995491613,-0.28158635,-0.18730727,-0.94107664,-0.7144201,0.6956527,0.07530746,0.64055693,0.6935296,-0.32970244
1355995491653,-0.31164575,-0.095861435,-0.9453505,-0.6901544,0.70667905,0.15585789,0.6531186,0.7010102,-0.28639275
1355995491693,-0.3460099,0.010994881,-0.93816644,-0.6602013,0.7076288,0.2517853,0.6666419,0.70649886,-0.23758769
1355995491733,-0.3766204,0.11384535,-0.91934556,-0.632376,0.6936195,0.34495306,0.6769473,0.71128845,-0.18923819
1355995491773,-0.39773777,0.19668534,-0.8961695,-0.61334217,0.66943026,0.41913554,0.6823607,0.7163645,-0.14562225
1355995491813,-0.40735584,0.2524859,-0.8776742,-0.6061033,0.6441354,0.46661368,0.68315446,0.7220391,-0.10935974
1355995491853,-0.40546668,0.279697,-0.870268,-0.6109971,0.6251977,0.48560312,0.67991126,0.7286271,-0.0826028
1355995491893,-0.39264637,0.27852237,-0.8765011,-0.6273426,0.6157858,0.47670662,0.6725104,0.7370435,-0.06705713
1355995491933,-0.3704398,0.25315338,-0.89369327,-0.652376,0.6139817,0.4443332,0.6611958,0.7476227,-0.0622921
1355995491973,-0.34283218,0.21563077,-0.9143136,-0.67924345,0.61543596,0.3998337,0.64891785,0.75811744,-0.064525425
1355995492013,-0.31651098,0.1823147,-0.9309039,-0.6992005,0.6183506,0.35883301,0.6410456,0.7644631,-0.068240225
1355995492053,-0.29839107,0.16478956,-0.94011015,-0.7068452,0.6237191,0.3336829,0.6413521,0.7640804,-0.06963146
1355995492093,-0.29355764,0.16731364,-0.9411855,-0.70157284,0.631056,0.33100423,0.6493223,0.75747895,-0.06786865
1355995492133,-0.30527094,0.19170108,-0.93277025,-0.6843004,0.63702273,0.354873,0.66222537,0.7466275,-0.063283384
1355995492173,-0.3350025,0.24119103,-0.9108239,-0.65402937,0.63633156,0.40905705,0.6782469,0.73274076,-0.055426717
1355995492213,-0.3806924,0.31864458,-0.8680662,-0.6074465,0.621614,0.49457538,0.6971959,0.7155849,-0.043084204
1355995492253,-0.43417642,0.4190325,-0.7974349,-0.5424495,0.5851207,0.6028121,0.71919346,0.694295,-0.026741564
1355995492293,-0.48255664,0.52253824,-0.7029173,-0.46394384,0.5282085,0.7111623,0.7428964,0.6692903,-0.0124620795
1355995492333,-0.51829636,0.6008195,-0.60859233,-0.3840126,0.47235334,0.79335773,0.76413554,0.64490163,-0.014096737
1355995492373,-0.5477362,0.63311833,-0.5469426,-0.31341422,0.4508571,0.83576274,0.77572966,0.6291971,-0.048522472
1355995492413,-0.58323574,0.61166805,-0.5345074,-0.26068527,0.4822678,0.8363378,0.7693368,0.6271204,-0.12182289
1355995492456,-0.6279924,0.5387943,-0.5615392,-0.23849666,0.55360246,0.79789954,0.7407732,0.63500005,-0.21915746
1355995492495,-0.66844606,0.45091546,-0.5914854,-0.243582,0.61868393,0.74692565,0.7027428,0.6433547,-0.30372196
1355995492535,-0.6956006,0.3872197,-0.6051452,-0.2571253,0.6523404,0.7129786,0.67084,0.6515465,-0.35420448
1355995492575,-0.70817006,0.36431122,-0.6047912,-0.2658807,0.6559298,0.7064443,0.65406615,0.66108507,-0.36764657
1355995492615,-0.7084974,0.37246978,-0.59941435,-0.27137238,0.6402721,0.71861583,0.651451,0.671802,-0.35255307
1355995492655,-0.69968325,0.39492515,-0.59537995,-0.28017387,0.6149181,0.73714197,0.65722585,0.6825758,-0.31960016
1355995492695,-0.6852869,0.41947907,-0.5953312,-0.29609275,0.58636403,0.7539936,0.66536534,0.6929751,-0.27762282
1355995492735,-0.6683686,0.44027993,-0.5995307,-0.31890693,0.5585549,0.765712,0.6719984,0.7029723,-0.23291212
1355995492775,-0.6508033,0.45559993,-0.60735786,-0.34618428,0.53389144,0.7714378,0.6757302,0.71231216,-0.18973678
1355995492814,-0.63347757,0.46487615,-0.6185438,-0.37555566,0.5141979,0.77107626,0.67650884,0.72075707,-0.151146
1355995492855,-0.6168188,0.46673843,-0.63379014,-0.40586838,0.5013064,0.7641745,0.6743927,0.7285926,-0.11978096
1355995492895,-0.601064,0.45852843,-0.65457904,-0.43725893,0.49690765,0.74959147,0.6689744,0.736773,-0.09817767
1355995492935,-0.585883,0.437783,-0.6819729,-0.47053635,0.50138223,0.7260932,0.65980035,0.7462988,-0.08775854
1355995492975,-0.5694529,0.4061776,-0.714663,-0.5055345,0.5125059,0.6940984,0.6481962,0.7565431,-0.086511135
1355995493014,-0.5489788,0.37206796,-0.74845695,-0.53929365,0.52645767,0.65727067,0.6385802,0.7644657,-0.08836019
1355995493055,-0.5232792,0.34535587,-0.77904326,-0.56727135,0.54103184,0.62087667,0.6359106,0.76682067,-0.087200224
1355995493094,-0.49368924,0.32979265,-0.8046787,-0.58709395,0.5562255,0.5881615,0.6415541,0.762791,-0.08098328
1355995493135,-0.4628712,0.32352844,-0.82527554,-0.5991467,0.5719524,0.56026214,0.65327907,0.7537903,-0.07089931
1355995493175,-0.43315127,0.3241846,-0.8410021,-0.60478294,0.58730257,0.5378785,0.66829467,0.74160635,-0.05832964
1355995493233,-0.40577483,0.33246267,-0.85136086,-0.60441875,0.60111547,0.5228175,0.68558353,0.7267246,-0.042970896
1355995493253,-0.38089782,0.3504506,-0.8556292,-0.5977142,0.6127077,0.51703686,0.7054465,0.7083599,-0.023909688
1355995493294,-0.35880515,0.37683892,-0.85396206,-0.58441246,0.62267447,0.5203254,0.7278193,0.6857616,-0.0031894445
1355995493331,-0.34185818,0.40209,-0.84938604,-0.5654583,0.6338984,0.5276644,0.750593,0.66067874,0.010661781
1355995493374,-0.3354134,0.40662628,-0.8497958,-0.54418427,0.6527036,0.52710676,0.7690002,0.6392442,0.002354145
1355995493413,-0.34436062,0.36572772,-0.8646728,-0.52877134,0.6854781,0.50052035,0.7757684,0.6295737,-0.042665362
1355995493456,-0.3661347,0.25664,-0.89447254,-0.5346354,0.72872716,0.42792714,0.76164967,0.6348957,-0.1296035
1355995493495,-0.3818618,0.1034843,-0.9184077,-0.56923103,0.7565325,0.32192332,0.72811925,0.64571637,-0.22998434
1355995493535,-0.37982738,-0.038934886,-0.9242376,-0.6181346,0.7539939,0.22226731,0.6882156,0.6557265,-0.31045455
1355995493575,-0.36467063,-0.123951614,-0.9228496,-0.656698,0.736871,0.16052687,0.6601235,0.6645729,-0.350114
1355995493615,-0.34724933,-0.14600897,-0.92633647,-0.67575026,0.7238645,0.13921842,0.65021497,0.6743156,-0.35002708
1355995493655,-0.3333739,-0.12046105,-0.9350674,-0.6794637,0.7182723,0.14971286,0.6535984,0.6852547,-0.32130218
1355995493695,-0.32454908,-0.06533539,-0.9436097,-0.6754314,0.7143947,0.18284616,0.6621634,0.69668615,-0.27598572
1355995493735,-0.32034886,0.0037628114,-0.9472922,-0.66960394,0.70645297,0.22924829,0.67008007,0.70775,-0.22379184
1355995493774,-0.31943065,0.07384458,-0.944728,-0.6650475,0.69272226,0.2790119,0.6750376,0.71741396,-0.17216659
1355995493814,-0.31990775,0.13586655,-0.9376563,-0.66276824,0.67512655,0.32394797,0.67705035,0.72508234,-0.12593019
1355995493855,-0.31968918,0.18364784,-0.92955494,-0.66334534,0.65714145,0.35796374,0.6765883,0.73105305,-0.0882591
1355995493895,-0.31686336,0.21267696,-0.92431927,-0.6676072,0.6422232,0.3766299,0.67371976,0.73642236,-0.06151235
1355995493935,-0.31007594,0.21976775,-0.92496216,-0.6764543,0.6326301,0.37707913,0.6680287,0.74261785,-0.04750055
1355995493975,-0.29873374,0.2043953,-0.9321914,-0.69021845,0.62829304,0.35895172,0.6590574,0.7506467,-0.046614945
1355995494015,-0.283278,0.17220378,-0.94345075,-0.70703226,0.62716055,0.3267644,0.64796513,0.75961536,-0.05590713
1355995494054,-0.26555923,0.1358613,-0.9544737,-0.72198963,0.6280688,0.29027647,0.6389125,0.7662057,-0.06869906
1355995494095,-0.24857002,0.10845673,-0.9625228,-0.72973984,0.632475,0.2597212,0.6369402,0.76695013,-0.07806915
1355995494135,-0.23540014,0.09654057,-0.9670919,-0.7280675,0.6416429,0.24127156,0.64382017,0.76090354,-0.08075482
1355995494175,-0.22858617,0.100645065,-0.9683072,-0.7180962,0.6541604,0.23751229,0.6573326,0.7496298,-0.07725912
1355995494215,-0.22985564,0.12006089,-0.9657907,-0.70176613,0.6671199,0.24995056,0.6743075,0.73521173,-0.06908661
1355995494255,-0.23982307,0.15596622,-0.9582064,-0.67967796,0.67778635,0.2804346,0.6931976,0.7185264,-0.05654204
1355995494294,-0.25772694,0.21020176,-0.94307584,-0.6511143,0.68336165,0.3302529,0.7138817,0.6991652,-0.03925532
1355995494334,-0.2815706,0.2800064,-0.9177768,-0.615457,0.68110585,0.39661998,0.7361593,0.67652875,-0.019447505
1355995494375,-0.30931363,0.3518288,-0.8834826,-0.57387924,0.67174304,0.46842712,0.7582793,0.6519032,-0.0058719516
1355995494414,-0.34076363,0.40043813,-0.8506054,-0.53045076,0.66509694,0.5256121,0.7762101,0.63031375,-0.014228106
1355995494452,-0.37810957,0.39519632,-0.8371696,-0.49383503,0.6787944,0.5434751,0.78304535,0.6189168,-0.061496854
1355995494494,-0.41931215,0.3208435,-0.84925663,-0.47875926,0.7166629,0.50713307,0.77134097,0.6192365,-0.14689863
1355995494533,-0.4528879,0.18962921,-0.8711678,-0.49824065,0.75647295,0.42368025,0.739357,0.62593085,-0.2481165
1355995494573,-0.4694391,0.05662012,-0.8811476,-0.53948015,0.77161884,0.33699486,0.6989908,0.6335602,-0.33168262
1355995494613,-0.47533864,-0.024579734,-0.87945956,-0.57356656,0.766644,0.28857994,0.66713923,0.64160174,-0.37851363
1355995494653,-0.48108923,-0.04226166,-0.87565243,-0.58621514,0.7581914,0.28547782,0.65184736,0.650661,-0.38953215
1355995494693,-0.48980087,-0.010712951,-0.8717685,-0.5794625,0.75110084,0.31633943,0.6513971,0.6601006,-0.3740976
1355995494733,-0.49923444,0.049775034,-0.8650361,-0.5620662,0.7411945,0.3670318,0.659429,0.6694424,-0.34205294
1355995494773,-0.50635517,0.12039322,-0.8538794,-0.54343534,0.72427857,0.42438024,0.66953903,0.6789153,-0.30131626
1355995494813,-0.50952595,0.1870806,-0.83987147,-0.53026277,0.70043445,0.4777164,0.67764634,0.68876153,-0.25768763
1355995494853,-0.508434,0.24127917,-0.8266071,-0.525707,0.6733115,0.5198883,0.6820023,0.698882,-0.21549231
1355995494893,-0.50326157,0.27912378,-0.81781274,-0.53032714,0.64744616,0.5473268,0.68226165,0.7091569,-0.17780781
1355995494933,-0.4940149,0.29927793,-0.81632227,-0.5434625,0.6265851,0.558605,0.67867357,0.7195998,-0.14689606
1355995494973,-0.48049095,0.3011536,-0.8236717,-0.56418025,0.6129103,0.55321026,0.6714382,0.7305118,-0.12459296
1355995495013,-0.46243262,0.28545004,-0.83944887,-0.5908542,0.60670185,0.53179336,0.6610957,0.74191046,-0.111899376
1355995495053,-0.44011012,0.25833857,-0.8599793,-0.6191804,0.60630333,0.49901092,0.6503221,0.752102,-0.106882095
1355995495093,-0.41524327,0.23180038,-0.8796826,-0.6423538,0.61002,0.4639582,0.6441696,0.75772303,-0.1044088
1355995495133,-0.39081177,0.21597154,-0.89477515,-0.65514314,0.617561,0.43520793,0.6465708,0.7562901,-0.09985787
1355995495173,-0.3698954,0.21335755,-0.90424335,-0.65695393,0.628144,0.4169492,0.6569543,0.7482738,-0.092181504
1355995495214,-0.3547455,0.22219008,-0.908178,-0.65024436,0.6393329,0.41040927,0.6718168,0.7361284,-0.0823226
1355995495253,-0.3464222,0.24218816,-0.9062763,-0.6371329,0.6483358,0.41680026,0.6885155,0.72180724,-0.07029188
1355995495293,-0.34431943,0.27582276,-0.89742184,-0.61803657,0.6529559,0.43781203,0.7067354,0.7053867,-0.054356813
1355995495333,-0.3460929,0.32405707,-0.8804582,-0.5928829,0.6517786,0.47294247,0.72712415,0.68569064,-0.0334481
1355995495373,-0.34895974,0.3798679,-0.85669565,-0.5627878,0.64601314,0.5156907,0.749331,0.66209316,-0.011647522
1355995495413,-0.3531116,0.42390022,-0.8340388,-0.53102434,0.6431469,0.55170214,0.7702761,0.63770735,-0.0020012856
1355995495457,-0.36335716,0.4276117,-0.8277196,-0.5037004,0.6572323,0.56065285,0.7837458,0.6206399,-0.023421884
