1355995040096,0.06896418,-0.07524645,-0.9947773,-0.62618846,-0.77951664,0.015552521,-0.77661574,0.6218455,-0.100877196
1355995040244,-0.013761103,-0.17485662,-0.9844978,-0.6290865,-0.7637959,0.14445098,-0.7772136,0.62132204,-0.09948932
1355995040283,-0.0028064847,-0.1599399,-0.98712283,-0.6286648,-0.767381,0.12612326,-0.7776714,0.6209233,-0.098394975
1355995040325,0.005006492,-0.14846247,-0.9889053,-0.6280548,-0.7700057,0.1124199,-0.77815294,0.6205239,-0.097097546
1355995040364,0.01212436,-0.13694556,-0.9905044,-0.6272578,-0.7724779,0.09912354,-0.7787173,0.6200998,-0.095265955
1355995040403,0.019527376,-0.12425032,-0.9920587,-0.62633395,-0.7749366,0.08472836,-0.77931017,0.61970556,-0.092954636
1355995040445,0.026970923,-0.11104211,-0.99344975,-0.6253774,-0.7771863,0.069891214,-0.77985626,0.6193959,-0.09040472
1355995040483,0.034246206,-0.098195314,-0.99457777,-0.6244628,-0.7790862,0.055417627,-0.7803035,0.6191789,-0.08800013
1355995040523,0.041018784,-0.086761385,-0.9953843,-0.62361765,-0.780582,0.0423398,-0.7806526,0.61900246,-0.086124405
1355995040564,0.046706438,-0.07772741,-0.99588,-0.62283516,-0.7817066,0.031800658,-0.7809577,0.6187837,-0.08492209
1355995040604,0.0507738,-0.071593106,-0.9961408,-0.62209576,-0.78255665,0.024534166,-0.7812931,0.6184493,-0.08427113
1355995040643,0.05279076,-0.06851128,-0.9962526,-0.62145257,-0.78317213,0.020927578,-0.7816711,0.618019,-0.08392071
1355995040683,0.05318767,-0.067949295,-0.99627006,-0.6209515,-0.7835862,0.020292878,-0.7820424,0.61755604,-0.083870284
1355995040723,0.052802086,-0.069385946,-0.9961915,-0.62067986,-0.783764,0.02169162,-0.78228414,0.61717063,-0.08445084
1355995040763,0.05300218,-0.07195872,-0.9959983,-0.6206677,-0.7837187,0.023593038,-0.78228027,0.61693347,-0.08620125
1355995040803,0.05477482,-0.074879766,-0.99568707,-0.6208764,-0.7835172,0.024767995,-0.7819925,0.6168419,-0.08940816
1355995040844,0.058367968,-0.07748929,-0.9952832,-0.6212075,-0.7832614,0.02455154,-0.7814694,0.6168443,-0.09385429
1355995040883,0.06284261,-0.079446256,-0.99485636,-0.62155235,-0.783027,0.023268282,-0.7808479,0.61689305,-0.09858747
1355995040923,0.06668049,-0.08063769,-0.9945106,-0.62186146,-0.78282434,0.021778703,-0.7802833,0.6169956,-0.10234453
1355995040963,0.06867951,-0.081085265,-0.9943381,-0.6221648,-0.7826086,0.020846099,-0.77986795,0.6172105,-0.10419753
1355995041003,0.068428695,-0.08087075,-0.99437296,-0.6225021,-0.7823421,0.02078855,-0.7796209,0.61757666,-0.10387692
1355995041043,0.066075265,-0.08016649,-0.99458903,-0.6228802,-0.78201747,0.021651804,-0.77952176,0.61807925,-0.101606086
1355995041082,0.062180817,-0.07920563,-0.99491715,-0.62327355,-0.7816576,0.023274302,-0.7795279,0.6186583,-0.09797093
1355995041138,0.057644308,-0.07826072,-0.99526495,-0.62364876,-0.78129464,0.025314689,-0.77957636,0.6192365,-0.093844384
1355995041165,0.05350715,-0.07765427,-0.9955434,-0.6239964,-0.7809475,0.027377635,-0.77959317,0.6197506,-0.09024225
1355995041204,0.050374985,-0.07784897,-0.9956917,-0.6243549,-0.78058577,0.029442787,-0.77951485,0.6201818,-0.08792737
1355995041235,0.047505856,-0.07952124,-0.99570054,-0.62477034,-0.78013206,0.032496512,-0.779362,0.6205404,-0.086743355
1355995041265,0.04519981,-0.08219853,-0.99559045,-0.6252487,-0.7795958,0.03597915,-0.77911556,0.62086535,-0.08663212
1355995041304,0.043582737,-0.08616021,-0.9953276,-0.62593746,-0.77884626,0.04001242,-0.7786546,0.6212689,-0.0878752
1355995041335,0.039688945,-0.09333444,-0.9948434,-0.626862,-0.7776534,0.047949642,-0.7781188,0.6217265,-0.08937201
1355995041374,0.03533262,-0.10128781,-0.9942295,-0.6280613,-0.77609205,0.056745082,-0.7773612,0.62243223,-0.091036275
1355995041405,0.028593779,-0.1116164,-0.9933399,-0.62938726,-0.77403516,0.068857044,-0.77656555,0.62322664,-0.092382595
1355995041445,0.021132171,-0.12183547,-0.99232537,-0.6309376,-0.7715627,0.08129451,-0.7755458,0.62437737,-0.09317537
1355995041475,0.0122179985,-0.13302648,-0.99103725,-0.6325139,-0.76865417,0.09537816,-0.7744527,0.62567943,-0.09353252
1355995041514,0.003158927,-0.14328185,-0.98967695,-0.63454735,-0.76519394,0.1087566,-0.7728776,0.6276533,-0.09333636
1355995041545,-0.005855441,-0.15318075,-0.9881808,-0.63668823,-0.7614403,0.12180576,-0.77109903,0.6298764,-0.09306978
1355995041575,-0.013565004,-0.16156983,-0.986768,-0.63911694,-0.7575533,0.13282496,-0.7689899,0.63246197,-0.092985764
1355995041615,-0.019220233,-0.16837513,-0.98553556,-0.64271307,-0.7529863,0.14117931,-0.76586586,0.6361301,-0.09374438
1355995041655,-0.02188009,-0.17346776,-0.98459643,-0.6473759,-0.74802244,0.14617404,-0.76185673,0.64060235,-0.09593198
1355995041685,-0.021788418,-0.17667866,-0.9840273,-0.6521417,-0.7435226,0.14793669,-0.75778383,0.6449486,-0.09901929
1355995041715,-0.018953383,-0.17836808,-0.98378134,-0.65694404,-0.73952174,0.14673829,-0.7537011,0.64907044,-0.103161395
1355995041755,-0.012226462,-0.17847522,-0.9838684,-0.66198665,-0.73599213,0.14173654,-0.74941593,0.65304065,-0.10914962
1355995041785,-0.0040872097,-0.17676456,-0.9842447,-0.6661361,-0.7335995,0.13451636,-0.7458191,0.6561907,-0.11475094
1355995041825,0.0031796694,-0.17455786,-0.98464173,-0.66873753,-0.7324516,0.1276899,-0.7434917,0.6580609,-0.119062364
1355995041865,0.007131636,-0.17194626,-0.9850805,-0.6689657,-0.7330275,0.123107225,-0.74325895,0.65810716,-0.12025379
1355995041895,0.0074502826,-0.16968235,-0.9854707,-0.66724396,-0.73486495,0.12148756,-0.74480206,0.65664417,-0.118694514
1355995041934,-2.4485588E-4,-0.16875646,-0.98565775,-0.66077006,-0.7397959,0.12682611,-0.75058836,0.65132415,-0.111328006
1355995041965,-0.011692762,-0.169165,-0.9855184,-0.6517037,-0.7462138,0.13582036,-0.75838345,0.64385414,-0.10152015
1355995041995,-0.026297271,-0.17063583,-0.9849832,-0.6394977,-0.7544572,0.14777358,-0.7683431,0.63378054,-0.08928107
1355995042035,-0.046841323,-0.17351207,-0.9837172,-0.62052417,-0.76667994,0.16477743,-0.7827871,0.6181387,-0.07175614
1355995042064,-0.068083584,-0.17790139,-0.9816902,-0.5999246,-0.77890277,0.18275917,-0.79715437,0.60138303,-0.05369693
1355995042095,-0.08876771,-0.18272747,-0.9791481,-0.5781893,-0.79100174,0.20003335,-0.8110594,0.5838894,-0.03543566
1355995042131,-0.10829216,-0.18789493,-0.97620094,-0.5560803,-0.80252844,0.21615446,-0.8240434,0.56625396,-0.017577067
1355995042160,-0.12768352,-0.19334783,-0.9727865,-0.53229415,-0.8142343,0.23170103,-0.836875,0.54739296,0.001046449
1355995042194,-0.14465481,-0.19915055,-0.9692338,-0.51091003,-0.8238256,0.24552473,-0.8473759,0.5307076,0.017422274
1355995042233,-0.1590079,-0.20418918,-0.96593136,-0.4930179,-0.83123356,0.25687397,-0.85536534,0.5170664,0.031503737
1355995042273,-0.16893595,-0.20788133,-0.9634552,-0.48125035,-0.8356648,0.26469278,-0.86015034,0.5083793,0.041131005
1355995042313,-0.17168176,-0.20929193,-0.9626642,-0.47743708,-0.83707434,0.26713377,-0.8617304,0.50547355,0.0437866
1355995042353,-0.16471875,-0.20769693,-0.96422493,-0.4817322,-0.83611166,0.26239535,-0.86069846,0.50771964,0.037668973
1355995042412,-0.14770168,-0.20275752,-0.9680255,-0.49157137,-0.83425754,0.24974334,-0.85822004,0.5127412,0.023551568
1355995042435,-0.12322819,-0.19481891,-0.97306746,-0.50255984,-0.83325666,0.2304709,-0.8557151,0.5174252,0.0047725886
1355995042474,-0.09636384,-0.18493232,-0.97801536,-0.51138234,-0.8337893,0.20804715,-0.8539334,0.520188,-0.0142240375
1355995042511,-0.073230326,-0.17481157,-0.9818749,-0.518023,-0.8346239,0.18723047,-0.8522262,0.5223447,-0.029436693
1355995042554,-0.058753848,-0.16646901,-0.9842947,-0.52433324,-0.8338926,0.17233035,-0.8494838,0.52622354,-0.03829083
1355995042593,-0.054972112,-0.16157225,-0.98532856,-0.5310186,-0.83096397,0.1658857,-0.8455751,0.53234696,-0.040118024
1355995042633,-0.06147456,-0.16130526,-0.98498803,-0.5371964,-0.8263817,0.16885856,-0.8412139,0.5395125,-0.035851106
1355995042673,-0.07652295,-0.16641742,-0.9830816,-0.54189223,-0.820702,0.1811104,-0.836957,0.5465834,-0.02737777
1355995042713,-0.09761071,-0.17705299,-0.97934896,-0.5453273,-0.8136559,0.20145017,-0.8325204,0.5537294,-0.0171303
1355995042753,-0.121180296,-0.19264622,-0.9737571,-0.5487749,-0.8044358,0.22744088,-0.8271406,0.5619347,-0.00823769
1355995042793,-0.14240128,-0.2121261,-0.9668115,-0.5539621,-0.7923838,0.25544816,-0.820273,0.5719531,-0.004673317
1355995042833,-0.15471232,-0.23384845,-0.9598849,-0.5628081,-0.7776591,0.28016666,-0.8119798,0.5835762,-0.011298358
1355995042873,-0.14736575,-0.2553202,-0.95555997,-0.5768748,-0.7625805,0.29272237,-0.80342937,0.5943757,-0.03490953
1355995042913,-0.103696644,-0.27218527,-0.9566411,-0.59460527,-0.75405836,0.27899927,-0.7973027,0.59775513,-0.08364947
1355995042953,-0.007041335,-0.27623576,-0.96106404,-0.60604316,-0.7632899,0.2238304,-0.79540056,0.5840224,-0.16203617
1355995042993,0.13574928,-0.25786835,-0.9565961,-0.59140086,-0.79573476,0.13058025,-0.79486924,0.5480056,-0.26052397
1355995043033,0.28126192,-0.21786857,-0.9345721,-0.54255927,-0.8393926,0.032395557,-0.79153085,0.49794912,-0.3542958
1355995043073,0.38549632,-0.17121226,-0.9066857,-0.4817829,-0.8753983,-0.039535895,-0.7869421,0.4520666,-0.41994995
1355995043137,0.43802828,-0.1319208,-0.88922894,-0.43640566,-0.8960015,-0.082044974,-0.78592706,0.4240026,-0.450045
1355995043155,0.44894397,-0.10515168,-0.8873514,-0.4168187,-0.9030351,-0.10387385,-0.7903869,0.41649818,-0.44924134
1355995043194,0.4290095,-0.09129405,-0.8986747,-0.42124224,-0.9002974,-0.1096338,-0.7990656,0.42559367,-0.42469305
1355995043224,0.3973415,-0.08394155,-0.9138236,-0.43501785,-0.89403844,-0.107026875,-0.8080094,0.4400558,-0.39175463
1355995043263,0.34070587,-0.090076566,-0.93584496,-0.4628355,-0.88249713,-0.0835592,-0.8183537,0.46161133,-0.34236258
1355995043303,0.26634234,-0.10395084,-0.9582567,-0.49364394,-0.8686014,-0.042980567,-0.82787526,0.4844852,-0.28266004
1355995043343,0.18345046,-0.120182544,-0.9756547,-0.5187677,-0.85488003,0.007762477,-0.83500063,0.5047141,-0.21917495
1355995043385,0.10470611,-0.13231005,-0.98566246,-0.533769,-0.8437369,0.056556866,-0.8391229,0.52019423,-0.1589674
1355995043423,0.042208195,-0.13514978,-0.98992574,-0.53941023,-0.83708066,0.09128332,-0.8409846,0.5301232,-0.108232886
1355995043463,0.0032556653,-0.12631,-0.99198544,-0.53892964,-0.8358239,0.10465713,-0.8423444,0.53426963,-0.07079331
1355995043504,-0.011427164,-0.10664435,-0.9942316,-0.5344724,-0.8396921,0.09621088,-0.84510875,0.5324887,-0.047403216
1355995043543,-0.0062409043,-0.07921527,-0.996838,-0.52639115,-0.847304,0.0706279,-0.8502196,0.52516747,-0.036410272
1355995043583,0.010828495,-0.04867983,-0.99875575,-0.51560545,-0.85606384,0.03613478,-0.8567577,0.5145726,-0.034369476
1355995043624,0.03068477,-0.020072356,-0.9993275,-0.50537616,-0.86289716,0.0018142462,-0.8623534,0.5049806,-0.03662184
1355995043663,0.046140134,0.0024692267,-0.99893194,-0.49975675,-0.8657985,-0.025223687,-0.86493605,0.50038683,-0.03871409
1355995043703,0.053506255,0.01607114,-0.9984382,-0.50069207,-0.8646658,-0.040749952,-0.8639702,0.50209045,-0.038218345
1355995043744,0.05111295,0.018792868,-0.9985161,-0.50812405,-0.8602494,-0.042200908,-0.8597659,0.509527,-0.034420785
1355995043783,0.037861466,0.009074062,-0.99924177,-0.5212182,-0.8529805,-0.027494952,-0.8525832,0.52186394,-0.027565576
1355995043823,0.013148069,-0.01379323,-0.99981844,-0.53933394,-0.8420799,0.0045246184,-0.8419894,0.5391766,-0.018510938
1355995043863,-0.021975994,-0.050476015,-0.9984835,-0.56064165,-0.82628864,0.054110527,-0.82776684,0.56098056,-0.010140389
1355995043903,-0.060933232,-0.09896928,-0.99322313,-0.58267653,-0.8043973,0.11590044,-0.81041664,0.58579,-0.008652478
1355995043943,-0.0867669,-0.15295014,-0.98441744,-0.60372674,-0.7779516,0.17408401,-0.7924553,0.6094239,-0.02483958
1355995043983,-0.06831062,-0.19772027,-0.9778754,-0.624342,-0.7560374,0.19648013,-0.7781585,0.62395036,-0.07179968
1355995044023,0.027548552,-0.21096417,-0.9771055,-0.6376139,-0.7565174,0.14536072,-0.76986325,0.61901164,-0.1553546
1355995044063,0.19148374,-0.1780532,-0.9652104,-0.61546564,-0.7878213,0.023230642,-0.76454955,0.58960557,-0.2604406
1355995044134,0.3564294,-0.11510345,-0.92720515,-0.54185724,-0.8339143,-0.10477449,-0.7611497,0.53975755,-0.3596012
1355995044154,0.43920243,-0.07809833,-0.8949871,-0.4815329,-0.8614889,-0.16113035,-0.7584374,0.50173455,-0.41597492
1355995044195,0.44788897,-0.08295202,-0.8902328,-0.46829718,-0.86995035,-0.154545,-0.7616385,0.48611248,-0.42848736
1355995044235,0.39512116,-0.1316325,-0.9091491,-0.49935627,-0.8614668,-0.0922942,-0.7710529,0.4904567,-0.4061153
1355995044274,0.28679085,-0.21763237,-0.93294543,-0.55047405,-0.83446455,0.025441542,-0.7840468,0.5062658,-0.35911775
1355995044314,0.13716376,-0.32123703,-0.93701273,-0.5867973,-0.78845555,0.18440925,-0.798032,0.5245423,-0.29664856
1355995044355,-0.017293453,-0.41110408,-0.91142434,-0.58443564,-0.7354632,0.34282476,-0.81125575,0.5385975,-0.2275452
1355995044394,-0.13902885,-0.46651107,-0.8735207,-0.55116004,-0.6963895,0.45963484,-0.82273537,0.54535216,-0.16030404
1355995044435,-0.21498162,-0.4867839,-0.8466548,-0.51101565,-0.68270653,0.5222784,-0.83225346,0.54493415,-0.10198483
1355995044474,-0.2496965,-0.478504,-0.8418348,-0.4813485,-0.6930157,0.536687,-0.8402115,0.53922474,-0.05728364
1355995044515,-0.25043362,-0.4463796,-0.8590857,-0.46807945,-0.72092736,0.51104337,-0.84745777,0.5301028,-0.028396666
1355995044554,-0.22237128,-0.39258185,-0.89242953,-0.46856418,-0.7596734,0.45093665,-0.8549846,0.5184359,-0.015020236
1355995044594,-0.1729567,-0.3214131,-0.93100995,-0.47404212,-0.80140674,0.36473447,-0.86334807,0.50442123,-0.013754621
1355995044634,-0.11579776,-0.24316822,-0.96304727,-0.4761032,-0.8373409,0.26867458,-0.871732,0.4896218,-0.018811017
1355995044674,-0.0662536,-0.17103875,-0.98303425,-0.47395068,-0.86156964,0.1818479,-0.87805545,0.47795781,-0.023981892
1355995044714,-0.032921553,-0.11463493,-0.99286205,-0.47268993,-0.87349063,0.11652601,-0.8806136,0.4731521,-0.025430053
1355995044755,-0.017113924,-0.07811056,-0.9967978,-0.4764284,-0.8758514,0.076812774,-0.8790467,0.47621736,-0.022224784
1355995044793,-0.018288314,-0.06309119,-0.99784017,-0.48608956,-0.8715611,0.06401585,-0.87371755,0.4862104,-0.014728524
1355995044833,-0.037262738,-0.07081357,-0.9967933,-0.50087523,-0.8618191,0.07994884,-0.86471695,0.5022482,-0.0033550262
1355995044873,-0.07564086,-0.10222885,-0.9918809,-0.5188514,-0.8454229,0.12670168,-0.85151136,0.5242226,0.010906942
1355995044913,-0.13217622,-0.15633872,-0.9788195,-0.5366652,-0.8189448,0.2032726,-0.83337855,0.5521662,0.024343535
1355995044953,-0.19636464,-0.2268842,-0.95392066,-0.55127,-0.779002,0.29875982,-0.8108899,0.58453363,0.027893946
1355995044994,-0.24199718,-0.29916093,-0.92300606,-0.5661638,-0.7290051,0.38472104,-0.7879696,0.615674,0.007043034
1355995045033,-0.22643936,-0.35018012,-0.9088999,-0.5958377,-0.688376,0.41366136,-0.7705209,0.63522613,-0.052775055
1355995045073,-0.10283613,-0.35150778,-0.93051976,-0.6414432,-0.6915515,0.3321254,-0.76024693,0.6310301,-0.15435585
1355995045136,0.12971127,-0.27925545,-0.9514155,-0.6464084,-0.7514122,0.1324232,-0.7518851,0.5978261,-0.27797967
1355995045155,0.35319483,-0.17208818,-0.91958636,-0.5701622,-0.8188975,-0.0657423,-0.7417335,0.54753315,-0.38734853
1355995045195,0.47092405,-0.107311875,-0.87562245,-0.48805335,-0.8585286,-0.1572661,-0.7348704,0.5014109,-0.45667568
1355995045235,0.4931668,-0.11001584,-0.8629502,-0.46177307,-0.87379014,-0.15250055,-0.73725986,0.47369534,-0.48172665
1355995045275,0.44567224,-0.17100744,-0.87871087,-0.4906227,-0.86769426,-0.079974845,-0.7487761,0.46675807,-0.4706074
1355995045315,0.34082204,-0.27210262,-0.89988905,-0.54617345,-0.83640534,0.04605028,-0.76520246,0.4758006,-0.43368062
1355995045355,0.1948219,-0.385541,-0.9018883,-0.591455,-0.7797003,0.20554435,-0.78244835,0.49338186,-0.37993282
1355995045394,0.04023838,-0.47941372,-0.87666607,-0.60115236,-0.7124356,0.36201015,-0.79812074,0.5124432,-0.31686792
1355995045435,-0.08976948,-0.53656,-0.8390737,-0.5778331,-0.6581304,0.482673,-0.81120294,0.528174,-0.25096214
1355995045492,-0.18005317,-0.5582886,-0.8098733,-0.5409311,-0.63146245,0.55556166,-0.8215683,0.5381162,-0.18829885
1355995045513,-0.23183626,-0.55287886,-0.8003605,-0.5070782,-0.6334583,0.5844676,-0.8301348,0.54134613,-0.13349417
1355995045553,-0.25091398,-0.5263569,-0.8123981,-0.48368183,-0.658798,0.57622665,-0.83850706,0.5375255,-0.08928767
1355995045591,-0.24249333,-0.48184884,-0.84203243,-0.47111064,-0.70024645,0.5363857,-0.8480871,0.5267604,-0.05719897
1355995045634,-0.2124781,-0.42270726,-0.88100606,-0.46520782,-0.7491048,0.4716182,-0.85932225,0.5100594,-0.037478358
1355995045673,-0.17145407,-0.35557336,-0.91878784,-0.46104878,-0.7952148,0.39378607,-0.8706535,0.49112225,-0.027593851
1355995045713,-0.13253957,-0.2909103,-0.9475254,-0.45708925,-0.8303007,0.31885737,-0.87949,0.47536492,-0.022924215
1355995045753,-0.10473633,-0.23747127,-0.9657317,-0.45611727,-0.8514464,0.25883597,-0.8837349,0.46759647,-0.019137383
1355995045793,-0.090996444,-0.20053369,-0.9754517,-0.46044022,-0.8600575,0.21976374,-0.88301444,0.46913487,-0.014071666
1355995045833,-0.092146456,-0.18313901,-0.97875905,-0.4696617,-0.8587401,0.2048987,-0.87802446,0.4785663,-0.006883584
1355995045873,-0.11008799,-0.18754117,-0.9760681,-0.48186737,-0.8488358,0.2174433,-0.86930114,0.4942733,0.0030766577
1355995045913,-0.14746666,-0.21476854,-0.9654678,-0.49454206,-0.8293462,0.26002514,-0.85655224,0.5158095,0.016088828
1355995045953,-0.20415932,-0.2628501,-0.94298935,-0.50437903,-0.797335,0.33144945,-0.83899987,0.5432925,0.030207232
1355995045993,-0.27101463,-0.32409358,-0.9063743,-0.509452,-0.75062746,0.420734,-0.8167066,0.57577926,0.038320884
1355995046033,-0.3244027,-0.38506496,-0.86399525,-0.5157579,-0.6936714,0.5028058,-0.79294175,0.608724,0.02642861
1355995046073,-0.3280735,-0.4313942,-0.8403969,-0.5414658,-0.64311135,0.5415002,-0.77406883,0.63269806,-0.022597432
1355995046136,-0.24374056,-0.45110852,-0.85854036,-0.59783,-0.6271665,0.4992608,-0.7636686,0.63495135,-0.116820306
1355995046155,-0.06419575,-0.43296516,-0.8991219,-0.65030384,-0.66526324,0.36678296,-0.75695693,0.6082483,-0.23885185
1355995046195,0.13825953,-0.38632882,-0.91193986,-0.6488178,-0.731014,0.21131493,-0.7482779,0.5624665,-0.35172665
1355995046235,0.2703135,-0.35193664,-0.89614236,-0.61591953,-0.77861696,0.119994834,-0.73998225,0.5195154,-0.4272353
1355995046274,0.3136601,-0.3533504,-0.8813403,-0.5977139,-0.79468596,0.10588828,-0.7378045,0.4935765,-0.4604637
1355995046314,0.28754503,-0.38637054,-0.8763764,-0.60319304,-0.7838099,0.14764874,-0.74395967,0.4861685,-0.45843667
1355995046355,0.21381348,-0.43543375,-0.8744605,-0.6175916,-0.7538206,0.2243549,-0.7568781,0.49208942,-0.43009722
1355995046394,0.11539352,-0.48333257,-0.8677983,-0.62317187,-0.7155483,0.3156699,-0.7735251,0.5043612,-0.3837689
1355995046435,0.0139914155,-0.51856256,-0.85492516,-0.61147344,-0.6809364,0.40302092,-0.7911413,0.5171252,-0.32661447
1355995046474,-0.0748871,-0.5376742,-0.83982044,-0.5847099,-0.6585389,0.47375196,-0.80777866,0.52652925,-0.26506737
1355995046514,-0.14430964,-0.54270774,-0.8274316,-0.5499949,-0.6511356,0.522999,-0.8226058,0.530557,-0.20452136
1355995046554,-0.19300538,-0.5371718,-0.821094,-0.5139846,-0.6574771,0.5509479,-0.83580416,0.5283656,-0.1492014
1355995046594,-0.22182554,-0.5239529,-0.8223544,-0.48112243,-0.6747414,0.5596832,-0.8481242,0.5198052,-0.102410614
1355995046634,-0.23190999,-0.50500727,-0.8313756,-0.45371047,-0.69985545,0.5516785,-0.8604444,0.5051436,-0.06682357
1355995046674,-0.22607064,-0.48189092,-0.84656554,-0.4324004,-0.7291082,0.53050077,-0.87288135,0.48598596,-0.04353988
1355995046715,-0.21096987,-0.45660177,-0.86429536,-0.41710374,-0.7576071,0.5020518,-0.88403404,0.46641862,-0.030618027
1355995046754,-0.19604486,-0.43137038,-0.88061684,-0.40898275,-0.7802368,0.4732479,-0.8912348,0.45293492,-0.02346158
1355995046784,-0.186122,-0.40762395,-0.89398056,-0.40762395,-0.795845,0.44774264,-0.89398056,0.44774264,-0.018033013
1355995046823,-0.18601656,-0.38798982,-0.90269697,-0.4157291,-0.80136186,0.43010303,-0.8902625,0.45528367,-0.01223214
1355995046863,-0.19229704,-0.36969802,-0.9090353,-0.4312922,-0.800227,0.41668186,-0.88148105,0.47218654,-0.005566582
1355995046903,-0.20322287,-0.35241607,-0.9135116,-0.45067105,-0.7946107,0.40680408,-0.86925036,0.4943651,0.0026592761
1355995046943,-0.21845782,-0.33527595,-0.91644216,-0.47239655,-0.7854183,0.39994952,-0.85388386,0.5202962,0.013197556
1355995046983,-0.23694736,-0.31765163,-0.9181249,-0.49695146,-0.7724156,0.3954913,-0.8348025,0.5499742,0.02516438
1355995047023,-0.25285065,-0.3001214,-0.9197791,-0.5259638,-0.7552832,0.3910362,-0.8120521,0.58264434,0.033120915
1355995047063,-0.25147682,-0.28513813,-0.9249084,-0.56129926,-0.7355405,0.37937206,-0.7884811,0.61455375,0.024923608
1355995047136,-0.18777251,-0.27807748,-0.94202673,-0.60811883,-0.7202448,0.33382475,-0.77131903,0.6355473,-0.033862025
1355995047154,-0.054451287,-0.26865247,-0.9616968,-0.64653575,-0.72448176,0.23899272,-0.76093787,0.63478494,-0.13424443
1355995047195,0.14223188,-0.24774103,-0.958329,-0.6423311,-0.75973403,0.10106897,-0.75311404,0.6011893,-0.26719016
1355995047235,0.33745044,-0.20790224,-0.918098,-0.5792377,-0.81466305,-0.028421551,-0.7420316,0.5413878,-0.39533323
1355995047274,0.46734536,-0.16024573,-0.8694306,-0.49519086,-0.8621353,-0.10727899,-0.7323758,0.4806704,-0.48226714
1355995047314,0.52548605,-0.11817795,-0.8425547,-0.431926,-0.89025563,-0.14451584,-0.73301053,0.43986234,-0.51886106
1355995047354,0.53155833,-0.086749285,-0.84256774,-0.40185305,-0.9014922,-0.16070463,-0.7456272,0.4240123,-0.5140561
1355995047394,0.50294644,-0.06678532,-0.8617335,-0.40125847,-0.9010986,-0.16435634,-0.7655303,0.42844027,-0.4800025
1355995047435,0.4503209,-0.058107004,-0.89097404,-0.42181635,-0.8933454,-0.15493505,-0.78694475,0.4455979,-0.4268026
1355995047475,0.37977397,-0.0600172,-0.92313033,-0.45376846,-0.8816807,-0.12935707,-0.8061426,0.4680139,-0.3620733
1355995047515,0.29642427,-0.07058057,-0.9524448,-0.486842,-0.8691356,-0.08711024,-0.8216554,0.48951173,-0.29199448
1355995047554,0.2083044,-0.08605008,-0.9742713,-0.5120212,-0.85831285,-0.03366454,-0.8333328,0.5058601,-0.22284982
1355995047595,0.12601238,-0.10171361,-0.9868005,-0.5245907,-0.851102,0.020737424,-0.8419772,0.51505315,-0.1606074
1355995047634,0.059316814,-0.11370754,-0.99174196,-0.52483046,-0.8486511,0.06591107,-0.8491375,0.5165868,-0.11001646
1355995047674,0.014000833,-0.12030448,-0.99263835,-0.51571876,-0.85137284,0.095909506,-0.85664356,0.51057935,-0.073963255
1355995047715,-0.009852707,-0.12207021,-0.9924726,-0.5004697,-0.858663,0.11058052,-0.86569804,0.49779195,-0.05263234
1355995047754,-0.018054664,-0.121061295,-0.9924808,-0.48229358,-0.86846703,0.1147079,-0.87582356,0.48073816,-0.042707205
1355995047784,-0.02126354,-0.1196738,-0.99258554,-0.46651012,-0.8769133,0.11572121,-0.8842603,0.4655118,-0.03718275
1355995047824,-0.02402103,-0.119152606,-0.99258536,-0.45514637,-0.88269943,0.116976336,-0.89009255,0.4545815,-0.03302852
1355995047864,-0.030869365,-0.121488094,-0.99211276,-0.45094913,-0.8841315,0.12229651,-0.8920157,0.45116758,-0.027492434
1355995047905,-0.043102145,-0.12761617,-0.9908866,-0.4539166,-0.8810302,0.13321246,-0.8900011,0.45552164,-0.019952804
1355995047944,-0.061442792,-0.13817562,-0.9885,-0.46274793,-0.87355715,0.15087186,-0.88435805,0.46669632,-0.010266691
1355995047984,-0.086845875,-0.15330075,-0.9843559,-0.47638392,-0.8614047,0.1761822,-0.8749378,0.48423207,0.0017794892
1355995048025,-0.11932498,-0.17258851,-0.9777396,-0.49423438,-0.8437675,0.20925726,-0.8611003,0.5082022,0.015383422
1355995048064,-0.15528464,-0.19519256,-0.9683938,-0.5161674,-0.8197943,0.24800926,-0.84229326,0.53836536,0.026549429
1355995048135,-0.1837312,-0.22001505,-0.9580377,-0.5427728,-0.78986996,0.28548732,-0.81953675,0.5724498,0.02570562
1355995048143,-0.18239003,-0.24514237,-0.952176,-0.5757209,-0.7584143,0.30553728,-0.79704404,0.6039146,-0.002806306
1355995048183,-0.1216197,-0.26554483,-0.9563967,-0.61274844,-0.73794156,0.28281027,-0.78086364,0.6204259,-0.072964
1355995048223,0.016771734,-0.26975667,-0.9627825,-0.63505834,-0.7466229,0.19812934,-0.7722821,0.60810006,-0.18383344
1355995048263,0.20110333,-0.2471624,-0.9478756,-0.61080706,-0.7881314,0.0759183,-0.76581466,0.5637017,-0.3094644
1355995048303,0.35554838,-0.20726025,-0.9113883,-0.5461404,-0.83738804,-0.022627085,-0.7584959,0.50579095,-0.41092515
1355995048343,0.44178084,-0.17105095,-0.88066524,-0.48408568,-0.8719295,-0.07348469,-0.75530833,0.45878157,-0.46800506
1355995048383,0.46762347,-0.14927606,-0.87123185,-0.4499752,-0.8885678,-0.0892725,-0.76082236,0.43377864,-0.4826857
1355995048423,0.44937867,-0.14296119,-0.8818281,-0.44529712,-0.8915851,-0.08237997,-0.77444774,0.42969534,-0.46431953
1355995048482,0.39830136,-0.14967613,-0.9049602,-0.46153104,-0.8853097,-0.05670826,-0.79268223,0.4402542,-0.42170024
1355995048503,0.32237184,-0.16569264,-0.9319991,-0.487127,-0.87323064,-0.013249084,-0.8116549,0.45827305,-0.36221832
1355995048543,0.23026085,-0.18613486,-0.9551617,-0.51095283,-0.85847586,0.044118017,-0.8281951,0.4778839,-0.2927795
1355995048581,0.1342848,-0.20507199,-0.96949124,-0.5251105,-0.84442157,0.105883226,-0.8403729,0.49487144,-0.22107843
1355995048624,0.047100246,-0.21750404,-0.97492236,-0.5273113,-0.8343436,0.16066572,-0.8483657,0.50652015,-0.15399012
1355995048663,-0.020154238,-0.22001705,-0.97528785,-0.51983035,-0.83095926,0.1981999,-0.85403174,0.5109788,-0.09762424
1355995048704,-0.061617076,-0.21194059,-0.97533816,-0.5064748,-0.83539754,0.21352814,-0.8600504,0.5071412,-0.05586782
1355995048743,-0.07707393,-0.19434337,-0.9779009,-0.4902057,-0.8466931,0.20690367,-0.8681924,0.49531952,-0.030010283
1355995048783,-0.07321185,-0.17046425,-0.9826403,-0.4732214,-0.8613673,0.18468376,-0.87789613,0.47852743,-0.017605089
1355995048823,-0.06099081,-0.14480083,-0.9875793,-0.45907122,-0.8744936,0.15657122,-0.88630337,0.46291864,-0.013137817
1355995048863,-0.05007869,-0.121793464,-0.9912913,-0.4522211,-0.882198,0.13123551,-0.8904989,0.45485494,-0.010898203
1355995048903,-0.0454337,-0.105110094,-0.99342215,-0.4545259,-0.8833754,0.11425403,-0.88957405,0.45672712,-0.007640183
1355995048943,-0.048986852,-0.09770553,-0.994009,-0.46427745,-0.87892306,0.10927376,-0.8843341,0.46684894,-0.0023068488
1355995048983,-0.06262028,-0.10203116,-0.9928083,-0.47879887,-0.86974216,0.11958334,-0.8756885,0.48284385,0.005611092
1355995049023,-0.089064896,-0.12004438,-0.98876524,-0.4960216,-0.8555095,0.14854613,-0.8637303,0.50367916,0.016651325
1355995049063,-0.1303212,-0.15291049,-0.9796095,-0.51393384,-0.8345159,0.19863294,-0.84787285,0.5293405,0.030169323
1355995049135,-0.18379474,-0.20012194,-0.96237767,-0.53515124,-0.80086946,0.26874018,-0.82451975,0.5644106,0.040100098
1355995049155,-0.23790252,-0.26812518,-0.9335477,-0.5504152,-0.7547027,0.35702506,-0.80027837,0.598776,0.03196551
1355995049195,-0.2484265,-0.33036783,-0.91057205,-0.5732807,-0.7075846,0.41312635,-0.7807903,0.6246449,-0.01361078
1355995049235,-0.17764908,-0.37299994,-0.91066563,-0.6138727,-0.68126726,0.3987924,-0.7691561,0.6298778,-0.107948005
1355995049275,-0.009925067,-0.37656647,-0.9263364,-0.64928085,-0.7021064,0.29237103,-0.76048386,0.6043543,-0.23752892
1355995049315,0.19856262,-0.33524936,-0.9209672,-0.63214755,-0.7619011,0.14105387,-0.7489742,0.5541792,-0.36321217
1355995049355,0.3481837,-0.28700185,-0.8924114,-0.5774558,-0.8155834,0.03699328,-0.7384531,0.5024477,-0.4497037
1355995049395,0.40578833,-0.27266577,-0.87234694,-0.5416759,-0.8405187,0.010746747,-0.73615414,0.46816847,-0.48876917
1355995049435,0.38672358,-0.30267593,-0.8711097,-0.5454663,-0.8367241,0.04857202,-0.7435801,0.4563771,-0.48868048
1355995049474,0.3075689,-0.36897653,-0.8770734,-0.5755972,-0.8061275,0.13728192,-0.75768673,0.46261737,-0.4603216
1355995049515,0.18350714,-0.4537999,-0.8720038,-0.6045988,-0.75154984,0.2638808,-0.77510345,0.4787885,-0.4122817
1355995049554,0.04047531,-0.5333413,-0.84493124,-0.6073843,-0.68458164,0.40302882,-0.7933763,0.49688527,-0.35165185
1355995049595,-0.09063697,-0.5904676,-0.8019557,-0.5783452,-0.624356,0.5250681,-0.81074154,0.5113978,-0.2849043
1355995049634,-0.19121426,-0.62259877,-0.75882006,-0.5301758,-0.5850952,0.61365896,-0.8260453,0.5196484,-0.21820822
1355995049675,-0.25876898,-0.63551307,-0.727435,-0.4786259,-0.5697755,0.66803676,-0.8390207,0.52103645,-0.1567328
1355995049714,-0.29762256,-0.6351095,-0.7127811,-0.43401855,-0.5749863,0.6935551,-0.8503227,0.5157778,-0.10452038
1355995049754,-0.31219488,-0.62476623,-0.71568245,-0.40130424,-0.5960976,0.6954297,-0.86109763,0.5043161,-0.0646227
1355995049795,-0.3065424,-0.6060896,-0.7339532,-0.38116816,-0.62838864,0.67811406,-0.8722057,0.48763025,-0.038394332
1355995049833,-0.2905202,-0.58170265,-0.75975007,-0.37112048,-0.6633449,0.64980245,-0.8819681,0.47073948,-0.023166716
1355995049873,-0.27409786,-0.5573198,-0.7837506,-0.36764562,-0.6923371,0.6208914,-0.88865465,0.45832747,-0.015128136
1355995049913,-0.2654506,-0.5386346,-0.79963034,-0.36848694,-0.7097378,0.6004079,-0.8909283,0.454032,-0.010079503
1355995049954,-0.26865578,-0.5307368,-0.80382997,-0.3709416,-0.71314293,0.59483576,-0.88894683,0.45798,-0.0052824616
1355995049993,-0.28541797,-0.5365432,-0.79413974,-0.3714806,-0.7018983,0.6077343,-0.883481,0.4684658,0.0010189712
1355995050033,-0.3167805,-0.5560422,-0.7684186,-0.36673546,-0.6753314,0.6398692,-0.8747315,0.48450446,0.010011435
1355995050073,-0.36200523,-0.58540946,-0.7254296,-0.35458726,-0.6332337,0.68795574,-0.8621022,0.5062716,0.021655113
1355995050136,-0.41633433,-0.6171508,-0.6676756,-0.33621392,-0.5777923,0.74371797,-0.8447639,0.53411716,0.033060014
1355995050155,-0.4695453,-0.64323545,-0.6047937,-0.3192938,-0.5149292,0.7955498,-0.82315177,0.56665355,0.03640145
1355995050194,-0.50716716,-0.6602569,-0.55393344,-0.31991452,-0.45258397,0.8323596,-0.8002725,0.59935683,0.01830995
1355995050235,-0.511328,-0.67230976,-0.5352974,-0.35758865,-0.3999533,0.84390026,-0.78145635,0.62292606,-0.035903037
1355995050274,-0.46115583,-0.6860313,-0.5627579,-0.4414137,-0.37280762,0.81619143,-0.76973325,0.62480044,-0.13090128
1355995050315,-0.3411134,-0.69889593,-0.6286383,-0.5502759,-0.3937288,0.73632467,-0.76212734,0.5970948,-0.25027943
1355995050354,-0.17721951,-0.6974348,-0.6943903,-0.63149476,-0.46057773,0.6237647,-0.754856,0.5490472,-0.35880303
1355995050394,-0.039658725,-0.6822884,-0.7300066,-0.65909934,-0.53124297,0.53232396,-0.75100946,0.5022582,-0.4286274
1355995050434,0.029498398,-0.6680345,-0.7435454,-0.65435976,-0.57522404,0.49084684,-0.75560784,0.47206697,-0.45410305
1355995050474,0.037752926,-0.659111,-0.75109744,-0.6386982,-0.59398097,0.48913318,-0.7685306,0.46125835,-0.44339755
1355995050515,0.008158565,-0.65095973,-0.75906837,-0.6188477,-0.59955096,0.5075097,-0.7854686,0.46560723,-0.4077364
1355995050554,-0.039975703,-0.63913715,-0.7680532,-0.59581244,-0.60181576,0.5318132,-0.8021281,0.47887525,-0.3567479
1355995050594,-0.09350312,-0.62202317,-0.77739584,-0.56996435,-0.6067681,0.55405146,-0.81633186,0.4948935,-0.29779628
1355995050634,-0.1443674,-0.6002032,-0.78671104,-0.54221314,-0.6170751,0.5702835,-0.82774574,0.50889534,-0.2363526
1355995050675,-0.18710965,-0.5750353,-0.79644495,-0.5146664,-0.63319826,0.57808185,-0.83672494,0.5180681,-0.17747387
1355995050714,-0.21828097,-0.5479769,-0.80751145,-0.48990628,-0.6541111,0.57630765,-0.84400547,0.5214019,-0.12567732
1355995050754,-0.23546124,-0.52022004,-0.82093185,-0.4692077,-0.6788741,0.5647779,-0.85111815,0.5181709,-0.08424267
1355995050794,-0.23728871,-0.49236193,-0.8374208,-0.45212474,-0.70701104,0.5438,-0.85981226,0.50765634,-0.054843217
1355995050834,-0.22584087,-0.46481636,-0.85612005,-0.4373794,-0.73688614,0.5154591,-0.8704569,0.49086103,-0.036882102
1355995050874,-0.20789486,-0.43794098,-0.8746356,-0.42517218,-0.764824,0.48401743,-0.8809134,0.47249544,-0.027197331
1355995050915,-0.19213331,-0.41273683,-0.89035565,-0.4174701,-0.78670156,0.45477402,-0.8881461,0.45907408,-0.021153718
1355995050955,-0.18434066,-0.3905354,-0.90194273,-0.4162715,-0.8002782,0.4315936,-0.8903576,0.45501328,-0.015045017
1355995050994,-0.18558484,-0.372655,-0.909223,-0.42147556,-0.80566853,0.41624102,-0.8876466,0.46046332,-0.0075451136
1355995051035,-0.19496864,-0.35999614,-0.91235405,-0.43138486,-0.80392724,0.40939948,-0.8808486,0.4733958,0.001443848
1355995051073,-0.21215254,-0.35311657,-0.9112079,-0.44403762,-0.7957859,0.41177094,-0.87052965,0.49196887,0.012031004
1355995051145,-0.2376039,-0.3520219,-0.9053315,-0.45847645,-0.78103083,0.42401677,-0.85635495,0.51582116,0.02418217
1355995051156,-0.27066684,-0.3562751,-0.8943196,-0.4756858,-0.75816065,0.44599953,-0.8369364,0.5461324,0.035733864
1355995051193,-0.30363315,-0.3657342,-0.8797985,-0.49572256,-0.72793,0.47368437,-0.8136744,0.5799623,0.03972113
1355995051233,-0.31915742,-0.3783932,-0.8688827,-0.5257494,-0.6921177,0.49453095,-0.7884962,0.61464775,0.021954477
1355995051273,-0.29016185,-0.39321536,-0.8724608,-0.5728303,-0.6589478,0.4874969,-0.76659733,0.64122504,-0.034044176
1355995051313,-0.18245,-0.40213096,-0.8972195,-0.6346432,-0.64881,0.41984954,-0.75095946,0.64601576,-0.13683432
1355995051353,0.011899769,-0.3863958,-0.9222563,-0.67560506,-0.6830607,0.27746323,-0.73716766,0.6197792,-0.2691792
1355995051393,0.22788495,-0.33736145,-0.913376,-0.65449834,-0.74759644,0.112834066,-0.72090244,0.5720899,-0.39116848
1355995051433,0.380542,-0.28002176,-0.8813487,-0.5955814,-0.80329263,-0.0019337833,-0.7074394,0.52565086,-0.47246236
1355995051492,0.45146912,-0.24102665,-0.8591169,-0.5472799,-0.83525294,-0.053266034,-0.70474136,0.49422532,-0.50899994
1355995051513,0.4594402,-0.22781768,-0.85849506,-0.52680826,-0.84807897,-0.05687803,-0.7151138,0.47839433,-0.50965786
1355995051553,0.42253488,-0.23748742,-0.8746794,-0.52918667,-0.8481264,-0.025358409,-0.7358164,0.4735835,-0.48403817
1355995051591,0.35514957,-0.26270318,-0.8971376,-0.5417166,-0.83997023,0.031514004,-0.7618477,0.47480214,-0.44062573
1355995051634,0.268323,-0.2954749,-0.9168955,-0.5525826,-0.82684964,0.10474767,-0.78908503,0.47855437,-0.38513708
1355995051673,0.17491549,-0.32697228,-0.92870545,-0.5536742,-0.8126399,0.18182786,-0.8141557,0.4823957,-0.3231794
1355995051713,0.084682286,-0.35124084,-0.9324478,-0.5427108,-0.80107737,0.25246787,-0.83563983,0.48466992,-0.25845927
1355995051753,0.0068883896,-0.36397883,-0.9313817,-0.52164733,-0.7959385,0.30719033,-0.8531333,0.48373678,-0.19535135
1355995051793,-0.051582277,-0.36350918,-0.9301615,-0.49533713,-0.7994455,0.33989412,-0.86716807,0.478276,-0.13882238
1355995051833,-0.08664495,-0.3499056,-0.93276936,-0.46938264,-0.81151754,0.3480219,-0.87873346,0.46798012,-0.09392573
1355995051873,-0.09975481,-0.32538497,-0.9403051,-0.44799817,-0.829125,0.3344391,-0.8884518,0.45461684,-0.06306273
1355995051913,-0.09863824,-0.29452342,-0.9505401,-0.4338116,-0.84692985,0.30743685,-0.8955881,0.44268033,-0.044228062
1355995051953,-0.09339017,-0.26336423,-0.9601654,-0.42895582,-0.8596412,0.27751368,-0.89848495,0.43778557,-0.032689527
1355995051993,-0.09108347,-0.23780787,-0.9670322,-0.4339885,-0.86452514,0.25347662,-0.89630234,0.4427684,-0.024462
1355995052033,-0.09473097,-0.22255176,-0.9703075,-0.4464398,-0.8616859,0.2412239,-0.8897851,0.4560353,-0.017727613
1355995052073,-0.106402576,-0.22130813,-0.96938187,-0.46243024,-0.85205394,0.24528027,-0.8802481,0.47436994,-0.011678845
1355995052136,-0.12936151,-0.23682557,-0.9629015,-0.4789741,-0.8353394,0.26979974,-0.868245,0.4961066,-0.005372554
1355995052155,-0.16691273,-0.27008352,-0.94825894,-0.493744,-0.80957705,0.317493,-0.8534383,0.52119076,0.0017766058
1355995052195,-0.21849662,-0.31849834,-0.92239803,-0.5046081,-0.77217406,0.38615796,-0.83524245,0.5498237,0.008000597
1355995052235,-0.27377653,-0.37537223,-0.885518,-0.5113313,-0.7229927,0.46456638,-0.8146084,0.57998043,0.0059987903
1355995052274,-0.3081872,-0.43040246,-0.8483952,-0.5217548,-0.6692397,0.52904654,-0.79548264,0.60569966,-0.018313438
1355995052314,-0.28705424,-0.47358572,-0.8326562,-0.5521345,-0.6285183,0.5478249,-0.7827818,0.6169937,-0.081064194
1355995052355,-0.17866093,-0.49398714,-0.8509153,-0.605426,-0.62652725,0.49083894,-0.7755898,0.60286003,-0.18713665
1355995052394,0.009936035,-0.47802225,-0.87829155,-0.643461,-0.67537993,0.3603054,-0.7654144,0.56156635,-0.31429926
1355995052435,0.20086354,-0.43408185,-0.8781952,-0.6311367,-0.7429606,0.22288135,-0.74921316,0.5094925,-0.42319864
1355995052475,0.31722984,-0.4004733,-0.85964316,-0.59877795,-0.78751266,0.14590657,-0.7354116,0.46844947,-0.4896171
1355995052514,0.34834117,-0.40117174,-0.84718335,-0.58544487,-0.79894793,0.13760987,-0.73206055,0.44804397,-0.5131704
1355995052554,0.31178752,-0.4343839,-0.8450439,-0.59579664,-0.7821845,0.18224658,-0.7401452,0.4466521,-0.5026798
1355995052596,0.2264064,-0.48591286,-0.84417343,-0.6134773,-0.7443138,0.26389888,-0.75656176,0.45813283,-0.4666139
1355995052635,0.11508846,-0.5373525,-0.8354681,-0.6186469,-0.6968094,0.36295,-0.7771941,0.4750884,-0.41262618
1355995052674,1.1956692E-4,-0.57597053,-0.81747043,-0.6017016,-0.6529722,0.4599809,-0.79872096,0.4918183,-0.34664044
1355995052714,-0.10067153,-0.59706444,-0.7958513,-0.56585556,-0.623581,0.53940177,-0.81833535,0.50463927,-0.27507538
1355995052754,-0.17778265,-0.6021005,-0.77837545,-0.52167785,-0.61302036,0.5933449,-0.83441323,0.5115477,-0.20511812
1355995052795,-0.22878718,-0.5945413,-0.77082884,-0.47964382,-0.6201987,0.62072164,-0.8471117,0.51173645,-0.14327455
1355995052835,-0.25409204,-0.57689726,-0.77629036,-0.4468861,-0.6417897,0.6232164,-0.857747,0.50526774,-0.094733655
1355995052874,-0.25509113,-0.55033004,-0.7950254,-0.42622548,-0.6740321,0.60333467,-0.8679058,0.4927654,-0.06262514
1355995052915,-0.23578721,-0.515543,-0.8237838,-0.41603032,-0.7125298,0.5649957,-0.87825006,0.47593778,-0.046476185
1355995052954,-0.20512623,-0.4748115,-0.8558489,-0.4125387,-0.7510249,0.51553226,-0.8875444,0.45881996,-0.041823283
1355995052994,-0.17445046,-0.43285257,-0.884424,-0.41398972,-0.7827116,0.4647312,-0.893409,0.447215,-0.04265216
1355995053033,-0.15177256,-0.39499438,-0.9060599,-0.42093146,-0.8035697,0.42082354,-0.89430517,0.4452586,-0.04430574
1355995053073,-0.13985604,-0.36526906,-0.9203362,-0.4329638,-0.8133463,0.3886002,-0.8904957,0.45282033,-0.044396877
1355995053136,-0.13950449,-0.34613135,-0.92775613,-0.44834015,-0.81330407,0.37084696,-0.8829097,0.4676852,-0.041724965
1355995053154,-0.15197945,-0.33866572,-0.9285515,-0.46533513,-0.804314,0.3695163,-0.8719894,0.4882465,-0.035353914
1355995053195,-0.1785934,-0.34234998,-0.92244285,-0.48301718,-0.7862679,0.38532737,-0.857204,0.5143727,-0.024938598
1355995053234,-0.21688348,-0.35497838,-0.90936893,-0.50087446,-0.7591112,0.41578227,-0.83790594,0.54565597,-0.013160914
1355995053274,-0.2553749,-0.37274197,-0.8921026,-0.52020943,-0.72478056,0.45174685,-0.8149637,0.57944494,-0.008813113
1355995053314,-0.27017486,-0.39108786,-0.8798044,-0.54663944,-0.689921,0.47454634,-0.7925849,0.6091463,-0.027384758
1355995053355,-0.22766197,-0.40400642,-0.8859734,-0.5874691,-0.66863596,0.45585752,-0.776563,0.6242634,-0.085118294
1355995053395,-0.09873849,-0.39902115,-0.91161,-0.63358307,-0.68120116,0.36679357,-0.7673482,0.6137973,-0.18555227
1355995053435,0.10063988,-0.36012334,-0.92746043,-0.6440832,-0.73407745,0.21514443,-0.75830626,0.5757096,-0.30582684
1355995053475,0.2887693,-0.29561624,-0.91061705,-0.5985936,-0.7980538,0.06925219,-0.7471934,0.52509165,-0.40740743
1355995053514,0.40243706,-0.23772289,-0.8840431,-0.5379542,-0.8427762,-0.018263265,-0.74070895,0.48292452,-0.4670484
1355995053554,0.44222352,-0.2047256,-0.8732272,-0.5007038,-0.8641162,-0.050979003,-0.74413306,0.4597723,-0.4846394
1355995053593,0.42900357,-0.19688837,-0.8815843,-0.49378705,-0.8683462,-0.04635875,-0.75639296,0.455203,-0.46974456
1355995053633,0.37839633,-0.208779,-0.9017913,-0.50812256,-0.8611736,-0.013835505,-0.7737103,0.46345586,-0.43195027
1355995053673,0.30093795,-0.23369274,-0.924567,-0.5299572,-0.8470038,0.041591838,-0.7928314,0.47746438,-0.37874275
