1355994574701,-0.51952857,0.14514571,0.84203494,0.8488181,-0.02532047,0.5280783,0.097969025,0.9890863,-0.11004758
1355994574863,0.13262814,-0.11510852,-0.9844591,-0.98639834,0.0819726,-0.14247409,0.09709865,0.98996496,-0.10267097
1355994574906,0.14769128,-0.11062893,-0.9828268,-0.9843203,0.08045688,-0.15697202,0.09644079,0.99059975,-0.09701145
1355994574938,0.15584299,-0.10544592,-0.98213744,-0.9831217,0.07991007,-0.16457859,0.09583673,0.99120915,-0.09121269
1355994574982,0.16233352,-0.09920454,-0.98173636,-0.9821223,0.079855055,-0.17046666,0.09530765,0.99185765,-0.08446783
1355994575023,0.17026898,-0.092172,-0.9810774,-0.9808129,0.0800769,-0.17774633,0.094944894,0.99251807,-0.076768845
1355994575061,0.18198153,-0.08530858,-0.97959435,-0.97872055,0.08034113,-0.18881574,0.094809294,0.9931102,-0.06887266
1355994575104,0.19872972,-0.07977939,-0.9768018,-0.9754478,0.080420285,-0.20502254,0.09491128,0.9935632,-0.061838776
1355994575140,0.22109658,-0.07655409,-0.9722427,-0.9705913,0.08007383,-0.22702605,0.095231056,0.9938449,-0.056598753
1355994575191,0.24858215,-0.076093376,-0.9656173,-0.96386784,0.07910219,-0.25436527,0.095737964,0.99395806,-0.05368057
1355994575219,0.28000653,-0.07841596,-0.9567901,-0.95514727,0.07730919,-0.2858618,0.09638479,0.9939186,-0.053251684
1355994575260,0.3135688,-0.08318195,-0.9459151,-0.9445871,0.074546546,-0.31968406,0.097106606,0.9937422,-0.05519712
1355994575305,0.34654266,-0.089538515,-0.9337511,-0.9329199,0.07090646,-0.3530335,0.09781912,0.9934561,-0.05896017
1355994575340,0.37565187,-0.09624535,-0.9217497,-0.9215186,0.06684694,-0.38253757,0.098433614,0.9931104,-0.06358072
1355994575381,0.3986212,-0.10230699,-0.9113915,-0.9117689,0.06294303,-0.40585178,0.098887235,0.9927595,-0.06818995
1355994575428,0.4151991,-0.10744196,-0.90336365,-0.9043096,0.059498563,-0.42271036,0.09916562,0.99242944,-0.072457016
1355994575468,0.42610484,-0.111635834,-0.8977595,-0.89920783,0.056658104,-0.43383765,0.099297166,0.99213266,-0.07624152
1355994575499,0.43174338,-0.11460012,-0.8946868,-0.89651054,0.054709926,-0.43963128,0.09933004,0.9919041,-0.07911956
1355994575541,0.43230033,-0.11589733,-0.89425063,-0.8962463,0.05397542,-0.4402604,0.09929255,0.9917935,-0.08053893
1355994575581,0.42851198,-0.11545482,-0.89612925,-0.89807796,0.054426417,-0.436456,0.09916404,0.9918206,-0.08036503
1355994575619,0.42240685,-0.113979965,-0.89921135,-0.90099597,0.05543226,-0.4302715,0.09888762,0.9919354,-0.079280496
1355994575664,0.41688228,-0.11273542,-0.9019423,-0.90361655,0.05604036,-0.4246608,0.09841949,0.9920435,-0.078507334
1355994575700,0.41420686,-0.11276144,-0.9031708,-0.9049135,0.055601493,-0.42194796,0.097797126,0.9920652,-0.07900885
1355994575739,0.41478893,-0.11424023,-0.9027177,-0.90471977,0.054111212,-0.42255673,0.097120106,0.9919784,-0.08091065
1355994575764,0.41612548,-0.11606276,-0.9018698,-0.9041674,0.052491724,-0.4239409,0.096544474,0.99185383,-0.08309707
1355994575796,0.41741204,-0.11794832,-0.9010302,-0.90362155,0.05098492,-0.42528668,0.09610084,0.99171007,-0.085298926
1355994575845,0.4179775,-0.11991167,-0.90050876,-0.9033896,0.049693212,-0.42593178,0.09582338,0.9915401,-0.0875563
1355994575879,0.41478717,-0.12169334,-0.9017441,-0.90487087,0.049073383,-0.42284808,0.09570947,0.99135387,-0.08976179
1355994575919,0.40655386,-0.12333754,-0.90526336,-0.90858984,0.049320117,-0.4147674,0.095804036,0.99113846,-0.09201193
1355994575963,0.39238107,-0.12497926,-0.9112724,-0.9147526,0.050653085,-0.40082654,0.09625378,0.99086547,-0.09444979
1355994576000,0.37265548,-0.12688756,-0.9192537,-0.92285275,0.05321148,-0.38145944,0.09731731,0.99048877,-0.097269
1355994576044,0.34922907,-0.12944433,-0.9280535,-0.93176067,0.056987673,-0.35857275,0.0993028,0.9899478,-0.10070938
1355994576083,0.32488045,-0.13292468,-0.9363673,-0.94019496,0.061806828,-0.33498245,0.10240126,0.9891971,-0.104895264
1355994576122,0.30262235,-0.13734794,-0.9431624,-0.94713855,0.06726655,-0.3136938,0.10652846,0.9882362,-0.10973114
1355994576160,0.28477135,-0.14240724,-0.9479586,-0.952125,0.07268605,-0.29694226,0.11119011,0.98713577,-0.114890635
1355994576198,0.27204388,-0.14731035,-0.9509426,-0.9553429,0.07714152,-0.28525272,0.11537784,0.98607755,-0.11974603
1355994576239,0.2624213,-0.15047759,-0.95314825,-0.9577784,0.07961261,-0.2762649,0.11745432,0.9854026,-0.123232186
1355994576278,0.25222263,-0.15014485,-0.9559499,-0.9607394,0.07916221,-0.26591983,0.11560163,0.9854897,-0.12428355
1355994576312,0.24314913,-0.14738259,-0.9587267,-0.9636259,0.07632348,-0.2561247,0.11092168,0.98613036,-0.12346375
1355994576337,0.23084155,-0.14165178,-0.962625,-0.9675107,0.07144323,-0.24252614,0.10312727,0.9873351,-0.12055755
1355994576368,0.2152904,-0.13314208,-0.9674313,-0.9721488,0.06472924,-0.22524858,0.09261119,0.988981,-0.115498394
1355994576400,0.1974853,-0.122427434,-0.97263104,-0.97701216,0.05668333,-0.20550978,0.080292046,0.9908575,-0.10841897
1355994576437,0.17357156,-0.10783666,-0.9788995,-0.982657,0.046897322,-0.17940408,0.06525412,0.99306184,-0.09782642
1355994576482,0.1542624,-0.092714906,-0.98367023,-0.9867649,0.035907656,-0.1581322,0.049982548,0.99504507,-0.085948646
1355994576528,0.1445337,-0.07953611,-0.9862981,-0.9888618,0.024179399,-0.14685917,0.03552866,0.99653864,-0.0751555
1355994576564,0.1468043,-0.069678724,-0.9867084,-0.9889247,0.011676043,-0.14795858,0.02183044,0.9975012,-0.06719291
1355994576585,0.15903798,-0.06269753,-0.98527956,-0.9872258,-3.9628148E-4,-0.15932691,0.009598941,0.99803245,-0.061959654
1355994576625,0.17721504,-0.058799237,-0.9824141,-0.98416936,-0.012948036,-0.17675665,-0.002327174,0.9981859,-0.06016299
1355994576666,0.20261371,-0.05687666,-0.9776056,-0.9791652,-0.02556473,-0.2014496,-0.0135344565,0.9980538,-0.060871422
1355994576705,0.23255917,-0.056219965,-0.97095597,-0.97228515,-0.03811446,-0.23067063,-0.02403915,0.9976906,-0.06352568
1355994576745,0.26663837,-0.05696529,-0.9621117,-0.9631683,-0.05179009,-0.2638648,-0.034796685,0.99703205,-0.06867641
1355994576785,0.30387765,-0.0585005,-0.9509133,-0.951609,-0.06663132,-0.30000076,-0.04581043,0.9960612,-0.07591733
1355994576843,0.3415625,-0.060789824,-0.937891,-0.93817216,-0.08181381,-0.33636203,-0.056285053,0.994792,-0.08497584
1355994576863,0.37911534,-0.063651055,-0.9231577,-0.9232172,-0.093703926,-0.37267894,-0.06278211,0.99356335,-0.09428832
1355994576904,0.41556478,-0.067236334,-0.90707505,-0.9074724,-0.09823531,-0.40846515,-0.061643094,0.9928893,-0.10183826
1355994576941,0.44950116,-0.07179749,-0.8903897,-0.89177734,-0.093854666,-0.44263357,-0.051787227,0.99299365,-0.10621515
1355994576984,0.4797954,-0.07789615,-0.8739157,-0.876714,-0.08138026,-0.4740779,-0.034190655,0.99363446,-0.10733852
1355994577023,0.5047954,-0.08586988,-0.85895747,-0.86315286,-0.06426732,-0.5008362,-0.012196183,0.9942314,-0.10656068
1355994577064,0.5242573,-0.09647006,-0.8460779,-0.8514602,-0.04418415,-0.52255446,0.013027638,0.99435467,-0.10530427
1355994577103,0.53736454,-0.11034191,-0.83610046,-0.84238297,-0.022762403,-0.5383983,0.040376246,0.993633,-0.10518187
1355994577143,0.5439528,-0.12783557,-0.829321,-0.8363302,-0.0021290034,-0.54822195,0.06831661,0.99179304,-0.10807079
1355994577185,0.54710877,-0.15028417,-0.8234601,-0.8316261,0.014336795,-0.5551507,0.09523609,0.9885388,-0.11713642
1355994577224,0.5499469,-0.17874637,-0.81584805,-0.8267919,0.021742776,-0.56208754,0.11820984,0.98365486,-0.13582864
1355994577267,0.57552916,-0.21887401,-0.7879469,-0.80685735,0.0049813315,-0.59072536,0.13321942,0.9757404,-0.1737332
1355994577313,0.6458087,-0.27269846,-0.7131386,-0.75207835,-0.066260785,-0.6557344,0.13156465,0.95981514,-0.2478824
1355994577354,0.71237683,-0.31403416,-0.6276159,-0.69201845,-0.16555703,-0.7026388,0.116746396,0.9348654,-0.33525646
1355994577394,0.760637,-0.33583498,-0.5555594,-0.6424631,-0.26665998,-0.7184244,0.093126565,0.90338653,-0.418593
1355994577434,0.7862285,-0.3438918,-0.51340353,-0.6139615,-0.34065574,-0.71204275,0.06997183,0.8750383,-0.47896957
1355994577476,0.79339576,-0.34524155,-0.50132966,-0.60636365,-0.37607598,-0.70063543,0.05335039,0.85986924,-0.50771904
1355994577514,0.7823571,-0.3437431,-0.51938236,-0.62126666,-0.37165356,-0.689856,0.044102907,0.8623887,-0.50432193
1355994577557,0.75441617,-0.34024593,-0.5613278,-0.6551335,-0.33728057,-0.6760487,0.040697902,0.8777668,-0.47735643
1355994577596,0.6980471,-0.33358574,-0.6336014,-0.71480227,-0.27237815,-0.64410233,0.04228419,0.9025135,-0.42858064
1355994577633,0.61439985,-0.31913581,-0.7215713,-0.7876978,-0.19568717,-0.5841565,0.045223027,0.9272858,-0.37161273
1355994577674,0.49279302,-0.29187226,-0.81973517,-0.86888707,-0.11438818,-0.48161262,0.04680136,0.94959253,-0.30997372
1355994577746,0.35322583,-0.2490674,-0.9017744,-0.93444073,-0.04725583,-0.3529694,0.045299083,0.9673326,-0.24943072
1355994577754,0.23750845,-0.19853249,-0.95088094,-0.97053003,-0.0074259937,-0.24086592,0.04075849,0.9800662,-0.19444552
1355994577794,0.18023747,-0.15238896,-0.9717468,-0.98302984,0.0063998103,-0.18333378,0.034157008,0.98829985,-0.14864942
1355994577833,0.18976471,-0.117786884,-0.97473884,-0.98148584,0.0035147965,-0.19150299,0.025982618,0.99303275,-0.11493918
1355994577873,0.25166324,-0.09556311,-0.9630853,-0.9676972,-0.009330124,-0.25194257,0.015090644,0.9953796,-0.094824165
1355994577913,0.33987814,-0.08245054,-0.9368483,-0.9404695,-0.029639482,-0.33858335,1.4868379E-4,0.9961543,-0.08761603
1355994577953,0.42761034,-0.074172765,-0.900915,-0.9038018,-0.05391532,-0.4245416,-0.017083704,0.9957869,-0.09009221
1355994577993,0.5013977,-0.06851745,-0.8624996,-0.86466485,-0.07528536,-0.49667573,-0.030902654,0.9948052,-0.09699252
1355994578033,0.5586261,-0.06523466,-0.82685024,-0.82863575,-0.087225154,-0.5529507,-0.036050618,0.9940503,-0.102782026
1355994578073,0.5996245,-0.06424722,-0.7976984,-0.79964495,-0.08784616,-0.5940126,-0.031911075,0.99406004,-0.10404968
1355994578113,0.62478876,-0.06495893,-0.778087,-0.7805028,-0.07916771,-0.62011933,-0.021317035,0.99474263,-0.10016371
1355994578153,0.6343369,-0.06668705,-0.770175,-0.77302694,-0.0634613,-0.6311909,-0.0067840815,0.99575377,-0.09180671
1355994578193,0.6276243,-0.068799436,-0.7754705,-0.7784384,-0.041358247,-0.626357,0.011020869,0.9967728,-0.079513565
1355994578235,0.60224235,-0.07047784,-0.7951962,-0.79765767,-0.0127620995,-0.6029754,0.032348007,0.9974317,-0.06390305
1355994578274,0.55441105,-0.071555525,-0.82916105,-0.83028257,0.020787567,-0.5569548,0.05708936,0.99721986,-0.0478864
1355994578313,0.48285842,-0.07498652,-0.87248194,-0.8717607,0.05321689,-0.48703313,0.082951725,0.99576354,-0.039674103
1355994578355,0.41310856,-0.09475607,-0.9057387,-0.90452075,0.07280102,-0.42016923,0.10575226,0.9928349,-0.05563411
1355994578393,0.38238597,-0.144499,-0.91263413,-0.91614324,0.06925978,-0.39482227,0.12026027,0.9870781,-0.105897784
1355994578434,0.44819233,-0.23084036,-0.8636182,-0.8854737,0.017983228,-0.46434155,0.12271941,0.9728255,-0.19634312
1355994578474,0.5672685,-0.31655207,-0.7602639,-0.81531787,-0.08580304,-0.5726208,0.11603135,0.9446865,-0.3067639
1355994578515,0.66235375,-0.3674317,-0.65290236,-0.7412583,-0.19491863,-0.64229494,0.108736694,0.90939575,-0.40146688
1355994578554,0.7134873,-0.38923615,-0.5826071,-0.6925135,-0.2652549,-0.6708687,0.10658693,0.8821196,-0.45880735
1355994578594,0.7262242,-0.3971603,-0.56112576,-0.6788646,-0.28565714,-0.67641914,0.10835722,0.8721603,-0.4770692
1355994578635,0.6937149,-0.39959264,-0.59923726,-0.71164143,-0.25202554,-0.6557815,0.11102241,0.88136756,-0.4592006
1355994578673,0.61361176,-0.39642638,-0.6828812,-0.781619,-0.18223852,-0.5965407,0.11203718,0.8997973,-0.42167804
1355994578744,0.4582245,-0.37788865,-0.8045063,-0.8820416,-0.08162019,-0.46404827,0.10969457,0.92224634,-0.37071386
1355994578756,0.23177463,-0.3296432,-0.9152136,-0.96733004,0.021253407,-0.2526281,0.102728575,0.9438664,-0.3139478
1355994578794,0.01863265,-0.26209548,-0.9648621,-0.9956018,0.08375603,-0.041977882,0.09181526,0.9614005,-0.2593822
1355994578835,-0.12128931,-0.19990504,-0.97227925,-0.9895909,0.1007815,0.10272777,0.077452004,0.97461843,-0.21004796
1355994578875,-0.17728293,-0.15535474,-0.97182083,-0.98226786,0.08913261,0.16494003,0.06099668,0.9838294,-0.16840166
1355994578915,-0.16887519,-0.12673932,-0.977455,-0.98467666,0.06547007,0.16163391,0.04350868,0.9897731,-0.13585347
1355994578955,-0.11195284,-0.110135645,-0.9875914,-0.9933994,0.03739035,0.10844153,0.024983078,0.993213,-0.11359459
1355994578994,-0.020431787,-0.10212684,-0.99456155,-0.9997815,0.0064817965,0.01987341,0.004416913,0.99475026,-0.10223693
1355994579034,0.08535525,-0.09835836,-0.99148375,-0.99620545,-0.025406986,-0.08324134,-0.017003119,0.9948267,-0.100153774
1355994579075,0.1833747,-0.09489608,-0.9784521,-0.98246396,-0.051851094,-0.17909774,-0.033738136,0.99413586,-0.10274017
1355994579115,0.26059467,-0.09074968,-0.9611738,-0.96460086,-0.06617904,-0.25527555,-0.04044333,0.99367243,-0.10478312
1355994579155,0.31206298,-0.0867275,-0.94609463,-0.9493427,-0.06719208,-0.30697483,-0.036946923,0.99396354,-0.10330227
1355994579194,0.33404446,-0.083399385,-0.9388604,-0.9421673,-0.05819708,-0.33005136,-0.027112842,0.9948154,-0.09801659
1355994579235,0.31987065,-0.08030319,-0.944052,-0.9473512,-0.042292416,-0.31739104,-0.014438719,0.99587286,-0.089603454
1355994579274,0.25619355,-0.07565424,-0.96366036,-0.96662545,-0.020154923,-0.2553995,-1.0046363E-4,0.99693036,-0.07829285
1355994579314,0.119764924,-0.065700024,-0.990626,-0.9926686,0.008443117,-0.12057185,0.016285539,0.9978037,-0.06420717
1355994579355,-0.11279744,-0.045306325,-0.9925845,-0.9929911,0.040618718,0.11098969,0.03528899,0.998147,-0.04957044
1355994579395,-0.40888143,-0.0145845115,-0.91247094,-0.9108274,0.06859225,0.4070486,0.0566518,0.9975382,-0.04133004
1355994579435,-0.65237564,0.011049449,-0.7578152,-0.75388247,0.09330243,0.6503505,0.077892005,0.99557644,-0.052538276
1355994579474,-0.78002936,0.011455953,-0.625638,-0.6186821,0.13565677,0.7738409,0.093737125,0.99068964,-0.09872866
1355994579515,-0.8161324,-0.02738434,-0.57721573,-0.56937546,0.20869756,0.79514587,0.098688945,0.97759676,-0.18591678
1355994579555,-0.78422564,-0.113723844,-0.60996485,-0.61346436,0.28948176,0.73475295,0.09301478,0.95040375,-0.29678458
1355994579595,-0.7070184,-0.22528361,-0.67035246,-0.7020587,0.33763042,0.6269923,0.085080296,0.9139218,-0.3968733
1355994579634,-0.6592202,-0.2985723,-0.69013286,-0.74739563,0.36102724,0.5577268,0.082634985,0.883467,-0.46114802
1355994579675,-0.703817,-0.29134154,-0.6478902,-0.7051865,0.396634,0.5877018,0.08575332,0.87051797,-0.48460793
1355994579745,-0.79400903,-0.22360046,-0.56528986,-0.6011149,0.42739785,0.6752718,0.090612605,0.875976,-0.47376734
1355994579753,-0.86194223,-0.14693592,-0.4852478,-0.4981836,0.42322618,0.75676465,0.094173655,0.89402986,-0.43799758
1355994579791,-0.89512897,-0.09233962,-0.43613946,-0.43568057,0.38853174,0.811927,0.09448099,0.91679686,-0.38801664
1355994579833,-0.9063312,-0.060518354,-0.41821206,-0.41278097,0.33856452,0.8455684,0.09041935,0.938995,-0.3318324
1355994579873,-0.9032995,-0.04544176,-0.4265969,-0.42104405,0.28463912,0.86122143,0.08229074,0.9575571,-0.27624732
1355994579913,-0.88806117,-0.041679278,-0.4578322,-0.45425123,0.23278183,0.85992354,0.070734054,0.9716355,-0.2256574
1355994579953,-0.8556039,-0.047709152,-0.51542795,-0.51457834,0.18638015,0.8369418,0.056135744,0.98131865,-0.18401772
1355994579993,-0.79256225,-0.06433511,-0.6063877,-0.60860986,0.14531922,0.78004897,0.037935257,0.98729086,-0.15432954
1355994580033,-0.6741169,-0.09166521,-0.7329147,-0.7384654,0.104243755,0.66618466,0.015335828,0.99031854,-0.13796407
1355994580073,-0.47851604,-0.121667296,-0.8696089,-0.87802136,0.054968655,0.47545448,-0.010046035,0.99104774,-0.13312984
1355994580113,-0.23094553,-0.13833135,-0.9630829,-0.97242945,-7.301569E-5,0.2331973,-0.032328814,0.990386,-0.13450062
1355994580171,0.0022559464,-0.13605645,-0.9906985,-0.99900603,-0.044410795,0.0038242936,-0.044518054,0.98970515,-0.13602138
1355994580203,0.18018949,-0.12357214,-0.9758389,-0.982811,-0.06314045,-0.17348132,-0.040177464,0.99032474,-0.13282531
1355994580244,0.3071199,-0.11151028,-0.9451152,-0.95123386,-0.06606215,-0.30131382,-0.028836757,0.99156505,-0.12636134
1355994580281,0.37561265,-0.10303372,-0.9210316,-0.9266718,-0.056706518,-0.37156925,-0.013944298,0.9930601,-0.116778105
1355994580324,0.39208832,-0.09651619,-0.9148505,-0.919921,-0.03737417,-0.39031854,0.0034802854,0.9946295,-0.10344127
1355994580363,0.3546953,-0.08895993,-0.93074024,-0.93469477,-0.009067208,-0.3553357,0.023171455,0.995994,-0.086366534
1355994580403,0.2575407,-0.077507496,-0.96315384,-0.9652175,0.025819123,-0.26017022,0.04503289,0.9966574,-0.06816211
1355994580443,0.10422787,-0.064697444,-0.9924469,-0.9922609,0.060951084,-0.108181745,0.06748977,0.9960418,-0.057843924
1355994580483,-0.053066015,-0.06668809,-0.99636173,-0.99479866,0.090405524,0.046931773,0.086946815,0.99366975,-0.07113868
1355994580523,-0.12199414,-0.11111605,-0.9862914,-0.9875802,0.112716794,0.10945478,0.099009424,0.9873947,-0.12348688
1355994580563,-0.046040863,-0.21246615,-0.9760832,-0.99375594,0.10915586,0.023114264,0.101634204,0.97105265,-0.21616513
1355994580603,0.13472855,-0.3376945,-0.93156356,-0.98597896,0.047725677,-0.15989915,0.09845656,0.9400451,-0.32652962
1355994580643,0.2976112,-0.42910743,-0.85281557,-0.94977546,-0.04258308,-0.3100214,0.096717,0.9022491,-0.4202289
1355994580683,0.36892933,-0.4772662,-0.7975639,-0.92411196,-0.09645392,-0.36974823,0.099540174,0.8734493,-0.47663206
1355994580752,0.3367967,-0.49834865,-0.79888463,-0.9357508,-0.08291006,-0.3427775,0.10458714,0.86300325,-0.49425393
1355994580765,0.19776386,-0.49321166,-0.84713143,-0.97420645,-0.0030779243,-0.22563758,0.10867965,0.8699039,-0.48109865
1355994580804,-0.018856212,-0.44956997,-0.89304614,-0.9937817,0.106463686,-0.032611817,0.10973826,0.8868779,-0.4487818
1355994580845,-0.24242234,-0.37095812,-0.8964493,-0.9643694,0.19303739,0.18090925,0.105938464,0.9083648,-0.4045372
1355994580885,-0.39537776,-0.29155192,-0.8710189,-0.9134064,0.22471094,0.33940214,0.09677413,0.92978626,-0.35515106
1355994580925,-0.46917033,-0.23320216,-0.8517605,-0.87915343,0.2145105,0.42552847,0.08347738,0.9484735,-0.30566245
1355994580965,-0.48224455,-0.19683811,-0.8536364,-0.8734083,0.18345648,0.45111144,0.067809224,0.96311915,-0.260391
1355994581004,-0.4463147,-0.17799807,-0.8769948,-0.8934461,0.14401436,0.42545733,0.050569236,0.9734354,-0.22330737
1355994581044,-0.365283,-0.1727587,-0.9147255,-0.93037486,0.10064399,0.35252434,0.031159997,0.97980875,-0.19749391
1355994581085,-0.2465468,-0.17567214,-0.95307606,-0.9690896,0.053756475,0.24078083,0.008935511,0.9829799,-0.18349558
1355994581125,-0.113699436,-0.17769402,-0.97749543,-0.99342114,0.006794274,0.11431676,-0.013672024,0.9840624,-0.17729753
1355994581165,0.003960699,-0.17202008,-0.9850854,-0.99952924,-0.030649453,0.0013334453,-0.030421674,0.9846165,-0.17206049
1355994581205,0.09244397,-0.15923122,-0.9829036,-0.9950645,-0.05052921,-0.08540192,-0.03606665,0.9859474,-0.16311646
1355994581245,0.15144625,-0.1437628,-0.97795516,-0.9879925,-0.05261591,-0.14526588,-0.030572236,0.9882124,-0.15000501
1355994581285,0.1826565,-0.12880504,-0.97470295,-0.98302186,-0.04152462,-0.17872798,-0.017453074,0.99080014,-0.13420293
1355994581324,0.18537956,-0.114516616,-0.97597146,-0.98266697,-0.02143848,-0.1841358,1.6322732E-4,0.99318993,-0.11650592
1355994581365,0.15721947,-0.09840816,-0.98264843,-0.98734003,0.0055136085,-0.15852228,0.02101785,0.9951309,-0.096295446
1355994581405,0.09648815,-0.07741547,-0.99231887,-0.99434185,0.037008077,-0.09957197,0.044432163,0.9963118,-0.07340658
1355994581445,0.009182513,-0.052222162,-0.9985932,-0.99754584,0.06884122,-0.012772918,0.0694114,0.9962598,-0.051461875
1355994581485,-0.08365199,-0.03350705,-0.99593157,-0.9920841,0.096732885,0.08007431,0.09365624,0.9947462,-0.041333675
1355994581525,-0.14686662,-0.04284221,-0.9882281,-0.9826589,0.12064117,0.14080888,0.113188416,0.9917713,-0.059817433
1355994581564,-0.14705339,-0.10222149,-0.98383236,-0.98138165,0.13932052,0.1322115,0.12355316,0.98495716,-0.1208058
1355994581605,-0.071364015,-0.21434629,-0.9741472,-0.98983943,0.1356366,0.04266879,0.12298414,0.96729434,-0.22184801
1355994581645,0.052159876,-0.34391448,-0.9375512,-0.9918877,0.09113863,-0.08861455,0.11592299,0.9345676,-0.33637077
1355994581685,0.16561097,-0.44225258,-0.88146794,-0.9799947,0.026238322,-0.19728667,0.1103788,0.8965067,-0.4290598
1355994581753,0.23238684,-0.49329534,-0.8382458,-0.9664514,-0.020176217,-0.25605583,0.109398484,0.86962783,-0.48143464
1355994581766,0.24605429,-0.5049783,-0.8273175,-0.96299684,-0.030518353,-0.2677792,0.109974295,0.86259234,-0.49380165
1355994581804,0.21916074,-0.49004567,-0.84369653,-0.9696171,-0.013071001,-0.24427813,0.10867947,0.8715988,-0.47802126
1355994581845,0.15813456,-0.4535837,-0.877072,-0.9819449,0.021149918,-0.1879808,0.10381505,0.8909627,-0.44204968
1355994581885,0.07807942,-0.40209636,-0.9122621,-0.99245524,0.05541648,-0.10936889,0.09453118,0.91391873,-0.39473575
1355994581925,-0.0046630204,-0.34362632,-0.9390949,-0.99672705,0.07738957,-0.023368597,0.08070621,0.9359123,-0.3428625
1355994581965,-0.07552585,-0.28649288,-0.9551009,-0.9951102,0.08279815,0.053853482,0.06365195,0.95449793,-0.29134536
1355994582004,-0.12520817,-0.23669878,-0.9634814,-0.9910904,0.07429597,0.11054376,0.04541719,0.9687382,-0.24389231
1355994582045,-0.14874658,-0.19747391,-0.9689574,-0.98849297,0.056940585,0.14014101,0.027498841,0.9786531,-0.20367134
1355994582084,-0.1445322,-0.16985431,-0.97481275,-0.9894539,0.034327805,0.14072159,0.009560972,0.98487115,-0.17302448
1355994582125,-0.11331743,-0.15341142,-0.98164356,-0.99350643,0.0073488355,0.113538414,-0.010204166,0.9881351,-0.15324795
1355994582165,-0.061005324,-0.14498481,-0.98755133,-0.99763155,-0.022637874,0.06495154,-0.03177306,0.98917484,-0.14326042
1355994582204,-6.824732E-6,-0.13894784,-0.9902997,-0.9987322,-0.049849898,0.007001221,-0.050339192,0.98904425,-0.1387713
1355994582244,0.057343036,-0.13115871,-0.98970157,-0.9966147,-0.066020876,-0.048994273,-0.05891496,0.98916054,-0.13450056
1355994582274,0.105470896,-0.12240404,-0.9868603,-0.9926937,-0.071449935,-0.09723213,-0.058609515,0.9899051,-0.12904564
1355994582304,0.1401884,-0.11381352,-0.9835617,-0.988866,-0.0661698,-0.13328752,-0.049912155,0.99129605,-0.121822596
1355994582344,0.15894976,-0.10457116,-0.9817331,-0.9868458,-0.0465416,-0.15482005,-0.029501706,0.99342775,-0.11059338
1355994582385,0.1541259,-0.09467086,-0.98350537,-0.9880452,-0.018239707,-0.15308172,-0.00344643,0.9953416,-0.09635034
1355994582425,0.11892384,-0.081344336,-0.98956573,-0.9925852,0.015489042,-0.12055993,0.025134355,0.9965657,-0.078899145
1355994582465,0.044955134,-0.06082192,-0.99713576,-0.9974625,0.052425206,-0.048167616,0.05520466,0.996771,-0.058310807
1355994582505,-0.06885421,-0.032788634,-0.9970877,-0.9939569,0.087902784,0.06574735,0.08549103,0.99558926,-0.038643003
1355994582545,-0.19957948,-0.008487314,-0.9798449,-0.9733746,0.11676568,0.19725016,0.11273813,0.9931233,-0.03156537
1355994582585,-0.2985657,-0.013121188,-0.95429885,-0.94519985,0.14248645,0.29375982,0.13212022,0.98970973,-0.05494374
1355994582625,-0.32221007,-0.07193041,-0.94393146,-0.9362289,0.17188287,0.30648282,0.14020023,0.9824878,-0.122725725
1355994582664,-0.258298,-0.18811369,-0.9475734,-0.95618165,0.18972847,0.22297934,0.13783619,0.9636475,-0.22887737
1355994582704,-0.14309669,-0.32339948,-0.9353802,-0.9810638,0.17099464,0.09096557,0.13052678,0.9306845,-0.3417443
1355994582744,-0.053950414,-0.42243543,-0.904786,-0.99077046,0.13548638,-0.0041798055,0.12435186,0.8962097,-0.4258461
1355994582770,-0.018752962,-0.47661155,-0.878914,-0.99256116,0.11463967,-0.040988237,0.120293885,0.8716072,-0.47521597
1355994582812,-0.081496835,-0.47388816,-0.8768057,-0.98960626,0.14305371,0.014664948,0.1184808,0.8688876,-0.48062116
1355994582853,-0.20432195,-0.42649525,-0.8811097,-0.97189647,0.19588897,0.1305559,0.116918236,0.8830229,-0.45453364
1355994582893,-0.33732957,-0.35263225,-0.8728455,-0.93447495,0.23758006,0.2651646,0.11386508,0.9051001,-0.40966874
1355994582933,-0.4420561,-0.27587748,-0.85350925,-0.8904264,0.2498413,0.380421,0.10829234,0.9281546,-0.35609245
1355994582973,-0.50605464,-0.21209008,-0.83601826,-0.85666794,0.23614123,0.4586473,0.10014385,0.94829065,-0.3011911
1355994583013,-0.5325554,-0.1657713,-0.8300028,-0.84159917,0.20795858,0.49846175,0.089975536,0.9639882,-0.25026244
1355994583053,-0.52572596,-0.13672131,-0.83959484,-0.84706503,0.17470992,0.5019534,0.078057826,0.9750814,-0.20766139
1355994583093,-0.4865253,-0.123934895,-0.8648314,-0.87133896,0.1410405,0.4699744,0.06373006,0.98221576,-0.1766091
1355994583133,-0.41345114,-0.12626305,-0.90172935,-0.909372,0.10711378,0.40195692,0.045835376,0.9861969,-0.15910637
1355994583191,-0.30874616,-0.13988587,-0.9408017,-0.95084155,0.070353925,0.30158016,0.024002254,0.98766506,-0.1547308
1355994583213,-0.1883159,-0.15534139,-0.96974546,-0.98210824,0.030567199,0.18582013,7.7682734E-4,0.9873879,-0.15831834
1355994583254,-0.07770279,-0.1622797,-0.98368055,-0.99681795,-0.0049509704,0.07955736,-0.017780721,0.9867323,-0.16137856
1355994583291,0.0065762997,-0.1577768,-0.98745286,-0.9996295,-0.027118742,-0.002324313,-0.026411742,0.9871024,-0.1578967
1355994583333,0.061006248,-0.14521053,-0.9875182,-0.99783194,-0.03334844,-0.05673963,-0.024693012,0.9888386,-0.14693016
1355994583374,0.08700952,-0.12894261,-0.9878274,-0.9960785,-0.027214497,-0.08418393,-0.016028374,0.9912785,-0.13080484
1355994583413,0.08335948,-0.11043048,-0.9903819,-0.9965149,-0.012270927,-0.08250743,-0.0030415654,0.9938081,-0.11106849
1355994583453,0.04597926,-0.08865163,-0.99500084,-0.9988549,0.0090991855,-0.046968043,0.013217449,0.9960211,-0.088131726
1355994583493,-0.027953863,-0.06174165,-0.9977007,-0.9990774,0.03428018,0.025871009,0.03260401,0.9975033,-0.06264293
1355994583533,-0.13177359,-0.03148994,-0.9907795,-0.98976684,0.059381306,0.1297516,0.05474791,0.9977386,-0.038992584
1355994583573,-0.24073142,-0.008600563,-0.97055364,-0.9674612,0.082374215,0.23923442,0.07789102,0.99656427,-0.028150737
1355994583613,-0.31745428,-0.012808889,-0.9481871,-0.9432297,0.107260704,0.3143455,0.09767684,0.9941485,-0.046132147
1355994583653,-0.3293534,-0.06501466,-0.9419657,-0.938016,0.13658261,0.31854546,0.10794601,0.98849297,-0.10596877
1355994583693,-0.26287645,-0.17144048,-0.94947577,-0.9590653,0.15384084,0.23775348,0.10530761,0.973109,-0.20486379
1355994583753,-0.14472893,-0.3005147,-0.94273245,-0.98491013,0.1351305,0.10812858,0.09489766,0.94415605,-0.3155372
1355994583774,-0.0373407,-0.40141326,-0.91513556,-0.9955713,0.09400785,-6.1270595E-4,0.086275876,0.91105986,-0.40314585
1355994583814,0.0143909305,-0.45227018,-0.8917649,-0.99644053,0.06759988,-0.050364256,0.08306143,0.8893154,-0.44968748
1355994583855,0.0047095865,-0.45827797,-0.88879645,-0.99658394,0.07113342,-0.041958302,0.08245167,0.88595784,-0.45637745
1355994583894,-0.049875557,-0.4303651,-0.90127593,-0.9954412,0.094874024,0.009783566,0.08129722,0.8976552,-0.4331351
1355994583935,-0.12523574,-0.3800414,-0.91645217,-0.9890579,0.120425284,0.08521864,0.07797739,0.9170966,-0.3909645
1355994583974,-0.19902772,-0.31952393,-0.9264408,-0.9773327,0.13433671,0.16362888,0.07217169,0.93800753,-0.33901793
1355994584004,-0.24843302,-0.26517105,-0.9316466,-0.9663929,0.13345876,0.21971259,0.066075,0.9549204,-0.28941494
1355994584034,-0.28319287,-0.21696118,-0.93420005,-0.95715845,0.12529498,0.2610536,0.06041208,0.9681059,-0.24314886
1355994584064,-0.3025999,-0.17569768,-0.9367837,-0.9515165,0.11263466,0.28623378,0.055223703,0.9779794,-0.20126247
1355994584104,-0.30766207,-0.14092037,-0.94100237,-0.9502574,0.09594399,0.29631987,0.04852602,0.985361,-0.16342902
1355994584145,-0.28239477,-0.11809209,-0.9520018,-0.9585444,0.07407397,0.27514687,0.038025886,0.99023604,-0.13411456
1355994584184,-0.228454,-0.10890573,-0.9674442,-0.97330683,0.04797119,0.22443834,0.021966815,0.99289393,-0.11695784
1355994584225,-0.15367264,-0.11058158,-0.98191464,-0.98812133,0.01814884,0.15260011,9.458065E-4,0.9937013,-0.11205697
1355994584266,-0.07449433,-0.11561832,-0.9904964,-0.9970195,-0.011350542,0.07630983,-0.020065457,0.9932289,-0.11442822
1355994584305,-0.007807255,-0.11715561,-0.9930829,-0.9994182,-0.03205979,0.011639178,-0.033201605,0.992596,-0.116837144
1355994584344,0.03778404,-0.11379194,-0.99278593,-0.99870336,-0.038220525,-0.033628494,-0.034118086,0.99276924,-0.11508852
1355994584384,0.06001222,-0.10711461,-0.9924339,-0.99789554,-0.030896842,-0.05700773,-0.024556756,0.9937665,-0.10874337
1355994584424,0.057329774,-0.09791267,-0.99354243,-0.998317,-0.014341295,-0.05619198,-0.008746773,0.99509174,-0.09857005
1355994584464,0.027203262,-0.08502203,-0.9960077,-0.9995778,0.007861376,-0.027971834,0.010208249,0.996348,-0.08477229
1355994584504,-0.032568783,-0.06608251,-0.9972825,-0.99899197,0.032993942,0.030438364,0.030892849,0.9972685,-0.06709039
1355994584544,-0.11947709,-0.04048723,-0.9920111,-0.99144095,0.0578323,0.117048115,0.05263135,0.99750495,-0.047050357
1355994584585,-0.21948987,-0.014817953,-0.9755022,-0.9727918,0.07933283,0.21767491,0.074163854,0.996738,-0.03182751
1355994584624,-0.30592686,-0.0063545704,-0.9520339,-0.94757146,0.09896636,0.30383235,0.09228861,0.9950705,-0.036297858
1355994584664,-0.35161316,-0.037765175,-0.9353832,-0.93054974,0.12318361,0.34482288,0.10220155,0.991665,-0.07845533
1355994584704,-0.3425733,-0.12231541,-0.9314948,-0.9340186,0.15120143,0.32364702,0.10125631,0.98090625,-0.16604239
1355994584744,-0.28272468,-0.24927649,-0.926244,-0.95466137,0.16696388,0.2464644,0.09321153,0.953931,-0.2851795
1355994584789,-0.21670964,-0.36458376,-0.90560234,-0.9722192,0.1646649,0.16635904,0.08846912,0.91649556,-0.39013976
1355994584823,-0.1788126,-0.43567416,-0.88216436,-0.97958076,0.1625919,0.11825955,0.09191015,0.88529766,-0.4558515
1355994584863,-0.18215582,-0.45599908,-0.8711395,-0.9781012,0.17475227,0.1130473,0.10068411,0.87265486,-0.4778453
1355994584903,-0.21720403,-0.43496692,-0.8738571,-0.97000647,0.19626844,0.14340907,0.10913235,0.87879604,-0.46455103
1355994584943,-0.26541364,-0.3874011,-0.8828793,-0.9574269,0.21373451,0.19403926,0.113530755,0.8967931,-0.42763627
1355994584983,-0.31033644,-0.32874784,-0.89197314,-0.94394004,0.2176607,0.24819535,0.112553835,0.9189933,-0.37786627
1355994585023,-0.34348893,-0.2702007,-0.8994481,-0.9330677,0.2070635,0.29412454,0.10677022,0.94027454,-0.32323962
1355994585063,-0.362349,-0.21806064,-0.9061748,-0.9269185,0.18611637,0.32585695,0.09759739,0.95802414,-0.26956356
1355994585103,-0.3660824,-0.17633796,-0.9137224,-0.9265963,0.15985653,0.34038982,0.086040854,0.97126245,-0.22191471
1355994585143,-0.3547564,-0.1472246,-0.9232946,-0.9322048,0.13143826,0.33722138,0.07170892,0.98033106,-0.18387204
1355994585183,-0.3281291,-0.13198724,-0.9353666,-0.94314957,0.10124421,0.3165731,0.052916884,0.9860674,-0.15770489
1355994585223,-0.28732044,-0.12985149,-0.9489919,-0.9574293,0.06775391,0.28060412,0.027861059,0.98921585,-0.14379066
1355994585263,-0.23769623,-0.13520157,-0.9618841,-0.9713383,0.031488657,0.23560643,-0.0015659332,0.9903176,-0.13881117
1355994585303,-0.1887849,-0.1389553,-0.9721377,-0.98163575,-9.3239546E-4,0.19076267,-0.027413905,0.9902983,-0.13622749
1355994585343,-0.1488924,-0.1352585,-0.9795592,-0.9879884,-0.021076083,0.1530838,-0.04135117,0.99058616,-0.13049579
1355994585383,-0.121742725,-0.12424207,-0.98475516,-0.99168754,-0.026404738,0.12593114,-0.04164818,0.99190056,-0.11999464
1355994585423,-0.10844463,-0.10888603,-0.9881212,-0.99358,-0.020351768,0.11128646,-0.032227576,0.9938459,-0.10597986
1355994585463,-0.11054933,-0.09119454,-0.9896779,-0.9937248,-0.0069124103,0.11163834,-0.017021924,0.9958091,-0.089858115
1355994585503,-0.13066256,-0.07098138,-0.98888266,-0.9914242,0.011677682,0.13016018,0.0023089051,0.9974092,-0.07189852
1355994585543,-0.17108595,-0.04670149,-0.9841486,-0.98492926,0.03383577,0.16961601,0.025378078,0.9983357,-0.051786423
1355994585583,-0.23037463,-0.01880017,-0.97292036,-0.97174084,0.057307303,0.22898796,0.05145043,0.99817955,-0.031471014
1355994585623,-0.29831088,0.005239874,-0.95445436,-0.95124674,0.08046466,0.29775012,0.07836002,0.9967437,-0.019019067
1355994585663,-0.3549629,0.008022159,-0.93484604,-0.9293128,0.10594189,0.35377106,0.10187736,0.99433994,-0.030150354
1355994585703,-0.37668353,-0.032510906,-0.92577136,-0.91890395,0.13950515,0.36899024,0.117153674,0.9896875,-0.08242375
1355994585746,-0.34149048,-0.13332668,-0.9303807,-0.9320185,0.17584196,0.31689292,0.12134969,0.97534794,-0.18431127
1355994585784,-0.26314226,-0.264036,-0.9279231,-0.9573273,0.19060037,0.2172463,0.11950168,0.94549274,-0.30292392
1355994585825,-0.1717343,-0.38279778,-0.9077296,-0.97808605,0.17634585,0.110678494,0.117706865,0.90684503,-0.40469384
1355994585865,-0.11415224,-0.45316175,-0.88408923,-0.986393,0.15768082,0.046538293,0.118314534,0.8773718,-0.46499515
1355994585905,-0.11071929,-0.47110194,-0.8751024,-0.98673314,0.15730503,0.040159553,0.11873874,0.867939,-0.48226857
1355994585944,-0.15387279,-0.44772157,-0.88083404,-0.9812399,0.17403114,0.08295387,0.116152346,0.8770739,-0.466101
1355994585984,-0.22181347,-0.3978882,-0.8902155,-0.9689014,0.1926249,0.15532443,0.109675884,0.8969841,-0.42824125
1355994586025,-0.29256955,-0.3366667,-0.8950188,-0.9510164,0.20017943,0.2355757,0.09985384,0.92009985,-0.37874198
1355994586064,-0.3511724,-0.27663606,-0.8945113,-0.93216056,0.19314688,0.3062205,0.08806044,0.9413643,-0.32569706
1355994586104,-0.39186326,-0.22455496,-0.89219856,-0.9169306,0.17477223,0.35873795,0.07537511,0.95866036,-0.27438807
1355994586144,-0.41302478,-0.18341187,-0.89205974,-0.908605,0.14970022,0.38990617,0.06202811,0.97157085,-0.22847885
1355994586203,-0.4146579,-0.1540994,-0.8968346,-0.90875,0.12129712,0.39932507,0.047247678,0.9805817,-0.19033462
1355994586223,-0.39640725,-0.13701516,-0.907793,-0.9176071,0.09068662,0.38700527,0.02929908,0.986409,-0.16167492
1355994586264,-0.35879308,-0.13127393,-0.92414,-0.9333932,0.05754733,0.354211,0.006683111,0.98967445,-0.1431778
1355994586301,-0.3076554,-0.1315943,-0.94235396,-0.9513321,0.024058461,0.30722696,-0.017757744,0.9910117,-0.13259166
1355994586344,-0.25480294,-0.13008383,-0.9582034,-0.9662987,-0.0032915473,0.25740242,-0.036637843,0.9914975,-0.12486118
1355994586383,-0.21076667,-0.1220493,-0.96988726,-0.9765476,-0.018325567,0.21452016,-0.043955803,0.9923548,-0.1153245
1355994586423,-0.18199259,-0.10789108,-0.977363,-0.9824928,-0.020312965,0.18519011,-0.039833456,0.99395525,-0.10230541
1355994586463,-0.17148554,-0.09011611,-0.98105645,-0.9847851,-0.012748897,0.17330831,-0.028125256,0.99584967,-0.08655876
1355994586503,-0.18259943,-0.06968787,-0.98071456,-0.9831201,0.0012686849,0.18295714,-0.011505663,0.997568,-0.06874317
1355994586543,-0.21884292,-0.04545638,-0.97470075,-0.97571504,0.019791663,0.2181476,0.009374797,0.99877024,-0.048683763
1355994586583,-0.28102112,-0.015845299,-0.95957077,-0.9590809,0.04059118,0.28020737,0.034510106,0.99905014,-0.026603878
1355994586623,-0.362184,0.017260194,-0.93194675,-0.9299536,0.061226428,0.3625433,0.06331733,0.99797463,-0.0061240196
1355994586663,-0.44384533,0.043449134,-0.8950495,-0.8912457,0.082457006,0.44596183,0.09317982,0.9956471,0.0021256208
1355994586703,-0.5002945,0.043174326,-0.8647782,-0.8576967,0.11207205,0.5017929,0.11858207,0.99276173,-0.019038558
1355994586748,-0.5064733,-0.0071445704,-0.862226,-0.85199904,0.15792245,0.49915737,0.13259858,0.9874256,-0.08607072
1355994586785,-0.4437753,-0.1202226,-0.8880371,-0.886436,0.20431477,0.41531506,0.13150883,0.9714947,-0.19723946
1355994586824,-0.31412897,-0.27385384,-0.90902543,-0.94182295,0.21046433,0.26205802,0.1195519,0.93846095,-0.32403475
1355994586864,-0.17191228,-0.40553075,-0.89777005,-0.97926086,0.16953143,0.11093798,0.10721147,0.8982227,-0.42626494
1355994586905,-0.079852834,-0.47753632,-0.8749758,-0.9917569,0.12630396,0.021577567,0.10020888,0.86948633,-0.48368567
1355994586944,-0.056522965,-0.4946527,-0.8672507,-0.9937245,0.11185044,9.699166E-4,0.09652254,0.86186314,-0.49787062
1355994586984,-0.08996038,-0.47133946,-0.8773518,-0.99168754,0.12376256,0.035195023,0.091994524,0.873225,-0.4785552
1355994587024,-0.15659931,-0.4208504,-0.8935107,-0.9840448,0.14384094,0.10471642,0.084453434,0.8956531,-0.43666106
1355994587065,-0.2304304,-0.35763416,-0.904986,-0.97023916,0.15556315,0.18556961,0.07441643,0.9208137,-0.38283712
1355994587094,-0.28399402,-0.30103737,-0.9103427,-0.95663077,0.15317011,0.24778306,0.064845294,0.9412308,-0.33148104
1355994587124,-0.32368454,-0.25176406,-0.91205436,-0.94448876,0.14333037,0.29563037,0.05629599,0.9571161,-0.2841822
1355994587164,-0.3522617,-0.20753941,-0.91260016,-0.934682,0.12777445,0.3317274,0.047760427,0.9698459,-0.2389934
1355994587205,-0.35377264,-0.17419758,-0.9189669,-0.9345839,0.10510862,0.33986047,0.037388474,0.97908497,-0.19998682
1355994587244,-0.3274774,-0.15313536,-0.93236697,-0.94457966,0.07705492,0.31911108,0.022976309,0.9851965,-0.1698823
1355994587284,-0.27464843,-0.14307857,-0.95084,-0.9615388,0.0443303,0.2710681,0.0033670068,0.98871803,-0.14975089
1355994587324,-0.20138866,-0.14028725,-0.9694133,-0.9792987,0.008211732,0.20225391,-0.0204131,0.9900768,-0.13903683
1355994587364,-0.120348394,-0.1389032,-0.982966,-0.9917945,-0.026191175,0.12513036,-0.043126047,0.98995954,-0.13461137
1355994587404,-0.046507925,-0.13378796,-0.98991805,-0.9973115,-0.049960226,0.053607404,-0.056628525,0.98974985,-0.13110471
1355994587444,0.010311037,-0.1240001,-0.9922286,-0.9983796,-0.056810886,-0.0032752454,-0.055963278,0.9906546,-0.12438494
1355994587484,0.04679838,-0.111581236,-0.99265283,-0.9979824,-0.047909826,-0.041664273,-0.042908847,0.99259984,-0.11359823
1355994587525,0.060168564,-0.098003834,-0.99336547,-0.9979261,-0.028710425,-0.05761233,-0.0228737,0.99477184,-0.099528074
1355994587565,0.045428485,-0.08232936,-0.9955692,-0.9989675,-0.0039373934,-0.045257956,-1.9395351E-4,0.9965974,-0.08242321
1355994587604,-0.0040386915,-0.061516494,-0.9980979,-0.99971414,0.023769677,0.0025801659,0.02356574,0.997823,-0.061594903
1355994587644,-0.09232074,-0.03322509,-0.99517477,-0.9945681,0.05132985,0.09055075,0.04807362,0.9981289,-0.037783444
1355994587685,-0.21053076,-0.0013546944,-0.97758627,-0.9748951,0.074453354,0.20984799,0.07250032,0.99722356,-0.01699543
1355994587748,-0.3282622,0.018615395,-0.9444032,-0.93988216,0.09322357,0.32852829,0.094156355,0.9954711,-0.013105512
1355994587765,-0.4040184,0.0024023652,-0.9147477,-0.90832055,0.11730856,0.40148777,0.108272225,0.9930926,-0.045212686
1355994587807,-0.40909344,-0.06901738,-0.9098786,-0.9057455,0.15174693,0.39572465,0.11075947,0.98600686,-0.12459087
1355994587845,-0.33011594,-0.19746417,-0.9230554,-0.9384064,0.17438427,0.2983009,0.10206258,0.96467507,-0.24286872
1355994587886,-0.19848993,-0.34165224,-0.9186269,-0.9759054,0.15554604,0.15301612,0.090610474,0.9268652,-0.36429465
1355994587924,-0.08036789,-0.449058,-0.88988084,-0.9930995,0.1125699,0.03288406,0.08540696,0.88638306,-0.4550063
1355994587965,-0.02499175,-0.5022526,-0.86435974,-0.9957938,0.08874655,-0.022775859,0.08814818,0.86015487,-0.50235796
1355994588004,-0.042836055,-0.5085086,-0.8599907,-0.9945844,0.10328998,-0.011534721,0.0946939,0.8548392,-0.5101793
1355994588045,-0.122974515,-0.47495994,-0.8713727,-0.9873364,0.14722371,0.05909276,0.100220025,0.8676049,-0.48705006
1355994588084,-0.23273444,-0.41219825,-0.8808673,-0.96724087,0.19252872,0.16546232,0.10138893,0.8905197,-0.44350302
1355994588124,-0.3341514,-0.33837214,-0.8796858,-0.93748724,0.21564049,0.27316108,0.09726578,0.9159714,-0.3892761
1355994588165,-0.4038843,-0.27104345,-0.8737351,-0.9104873,0.2118392,0.35515788,0.08882815,0.93896735,-0.33234012
1355994588204,-0.43773597,-0.21787766,-0.8723054,-0.89575624,0.18932128,0.40221676,0.07751194,0.95743763,-0.27803797
1355994588245,-0.43859875,-0.17916036,-0.88064337,-0.89637685,0.15737104,0.4144188,0.06434038,0.9711518,-0.22961795
1355994588286,-0.4089114,-0.15279642,-0.89969146,-0.9112259,0.12193465,0.39344546,0.049586535,0.98070645,-0.18909258
