1355995654093,-0.61438847,-0.532615,0.58210653,0.4552784,0.3632393,0.812883,-0.6443977,0.7644465,0.019318104
1355995654135,0.004855931,0.029309183,-0.99955857,-0.76467323,-0.6440218,-0.022598922,-0.6443999,0.7644455,0.01928462
1355995654173,0.005336046,0.029356092,-0.9995548,-0.7646563,-0.64402795,-0.022996604,-0.6444163,0.7644385,0.019010752
1355995654213,0.0070756674,0.029427141,-0.9995419,-0.7645936,-0.6440517,-0.0243738,-0.6444739,0.76441574,0.017942697
1355995654255,0.0111685395,0.029370874,-0.9995062,-0.76444435,-0.64410424,-0.027469158,-0.64459306,0.7643736,0.015258729
1355995654293,0.018363833,0.02894926,-0.9994122,-0.76416963,-0.6441858,-0.032701015,-0.6447538,0.76432097,0.010292441
1355995654333,0.028885007,0.028082341,-0.99918824,-0.7637243,-0.6442905,-0.040186048,-0.644896,0.7642651,0.0028367937
1355995654372,0.04216236,0.0268538,-0.99874985,-0.76306593,-0.6444194,-0.049539715,-0.6449441,0.7642007,-0.006679073
1355995654414,0.056737006,0.025422096,-0.9980655,-0.76221293,-0.64456314,-0.059747428,-0.6448351,0.7641283,-0.017193526
1355995654452,0.07079464,0.02399847,-0.99720216,-0.76128626,-0.6446739,-0.069560766,-0.6445396,0.7640809,-0.027369738
1355995654493,0.082779944,0.022766292,-0.99630773,-0.7604804,-0.64466923,-0.07791692,-0.6440629,0.7641225,-0.03605233
1355995654534,0.09141272,0.021722317,-0.9955762,-0.76000756,-0.64448327,-0.08384496,-0.6434534,0.7643099,-0.042404905
1355995654572,0.096002996,0.020700216,-0.9951658,-0.7600052,-0.6441061,-0.08671513,-0.64278734,0.76465607,-0.04610385
1355995654613,0.09670168,0.019490808,-0.99512255,-0.7604704,-0.64358515,-0.08650467,-0.64213216,0.76512635,-0.047413602
1355995654652,0.09443444,0.017967105,-0.9953689,-0.7612724,-0.6429904,-0.08383125,-0.6415189,0.76566344,-0.04704258
1355995654693,0.090476274,0.016139388,-0.99576783,-0.76223147,-0.64238316,-0.07966873,-0.6409503,0.76621366,-0.045818508
1355995654741,0.08598769,0.014134437,-0.9961959,-0.76319563,-0.6418022,-0.07498217,-0.64042056,0.76673996,-0.04439974
1355995654772,0.081543624,0.012109667,-0.99659616,-0.7640978,-0.641257,-0.07031199,-0.6399258,0.7672305,-0.0430374
1355995654813,0.07700598,0.010190457,-0.9969785,-0.7649503,-0.64073646,-0.065633446,-0.6394694,0.76769316,-0.041545287
1355995654853,0.07237971,0.008563638,-0.9973404,-0.7657331,-0.64025253,-0.061068833,-0.6390727,0.7681167,-0.03978379
1355995654893,0.06858611,0.007565886,-0.9976166,-0.76633906,-0.63985455,-0.05753845,-0.6387648,0.76845884,-0.03808713
1355995654933,0.06683248,0.0075339973,-0.99773574,-0.76665723,-0.6395936,-0.056183487,-0.63856876,0.7686763,-0.036969587
1355995654980,0.067233205,0.008475363,-0.9977013,-0.7666972,-0.6394648,-0.057098478,-0.63847876,0.7687737,-0.03649527
1355995655013,0.06868285,0.009964228,-0.99758875,-0.766594,-0.63940054,-0.059165657,-0.63844836,0.76880926,-0.03627731
1355995655053,0.06957495,0.011140764,-0.99751455,-0.7665559,-0.6393114,-0.06060618,-0.6383975,0.7688673,-0.03594008
1355995655093,0.06851405,0.010935843,-0.99759024,-0.7667908,-0.63911784,-0.059669018,-0.63823014,0.76903117,-0.035403103
1355995655133,0.064587414,0.00835219,-0.9978771,-0.7674478,-0.63874614,-0.05501917,-0.6378497,0.7693722,-0.03484507
1355995655172,0.057386458,0.0027349591,-0.99834836,-0.76856863,-0.63811684,-0.04592654,-0.63718843,0.7699348,-0.034517333
1355995655213,0.046940804,-0.006057143,-0.9988793,-0.77005154,-0.63716227,-0.03232363,-0.6362524,0.7707058,-0.034573242
1355995655253,0.03374785,-0.017559946,-0.99927604,-0.7716374,-0.6358884,-0.014885694,-0.63516676,0.7715812,-0.03500974
1355995655294,0.018606842,-0.030904353,-0.9993491,-0.7729798,-0.6344092,0.0052266717,-0.6341578,0.77237946,-0.035692856
1355995655333,0.0023823977,-0.04508224,-0.99898046,-0.7737663,-0.63290757,0.02671671,-0.6334668,0.7729137,-0.03639096
1355995655373,-0.014125109,-0.059104323,-0.9981519,-0.77377385,-0.631614,0.048350096,-0.6333045,0.77302676,-0.03681177
1355995655413,-0.030127645,-0.072149426,-0.9969387,-0.77281356,-0.63086987,0.06901121,-0.6339177,0.77252686,-0.036751494
1355995655453,-0.044441283,-0.083575875,-0.9955099,-0.7706449,-0.6312432,0.087397605,-0.6357133,0.7710687,-0.03635402
1355995655493,-0.055266917,-0.09291971,-0.9941386,-0.7669547,-0.633566,0.10185501,-0.6393168,0.76808846,-0.03624992
1355995655533,-0.060343146,-0.09987974,-0.993168,-0.76142925,-0.63876045,0.1105012,-0.6454333,0.7628952,-0.03750655
1355995655573,-0.05705583,-0.10430208,-0.9929077,-0.7537415,-0.6476691,0.1113483,-0.6546895,0.7547488,-0.041663498
1355995655613,-0.04305935,-0.10624829,-0.9934069,-0.74335027,-0.66093856,0.10291028,-0.6675149,0.7428805,-0.050520107
1355995655653,-0.017855346,-0.10623628,-0.99418056,-0.7293754,-0.6787337,0.085627645,-0.68388057,0.7266598,-0.06536715
1355995655693,0.01580149,-0.105520874,-0.99429154,-0.71166,-0.69969827,0.0629468,-0.7023463,0.70660293,-0.08615126
1355995655734,0.05333811,-0.10593885,-0.9929411,-0.6921327,-0.72067696,0.03971103,-0.7197967,0.6851289,-0.111763254
1355995655773,0.09225029,-0.10904983,-0.98974645,-0.67416227,-0.73835117,0.018515259,-0.73279953,0.66554165,-0.1416304
1355995655813,0.13249856,-0.115694255,-0.9844079,-0.6607549,-0.75060135,-7.200241E-4,-0.7388146,0.6505478,-0.17589915
1355995655854,0.17536634,-0.12558556,-0.9764604,-0.65279514,-0.75727457,-0.019842625,-0.73695666,0.6409083,-0.21478212
1355995655893,0.2224887,-0.13719079,-0.9652344,-0.648772,-0.759848,-0.041544586,-0.72773194,0.63546026,-0.25806314
1355995655935,0.2751978,-0.14804831,-0.94991994,-0.6454983,-0.76068825,-0.06844908,-0.7124592,0.63200873,-0.30490467
1355995655979,0.33544755,-0.15464438,-0.9292793,-0.638561,-0.7625654,-0.10360423,-0.69261444,0.62815535,-0.35455057
1355995656015,0.4037536,-0.15334857,-0.9019242,-0.6228974,-0.7681291,-0.14824483,-0.67006105,0.6216606,-0.40565532
1355995656055,0.47976777,-0.14044918,-0.86608136,-0.59315276,-0.77928364,-0.20220482,-0.6465236,0.6107299,-0.457183
1355995656094,0.5585617,-0.114736885,-0.82148904,-0.54665697,-0.79579043,-0.26054525,-0.62383896,0.5946033,-0.50721973
1355995656135,0.6319721,-0.07853252,-0.771002,-0.48598433,-0.81510067,-0.31532556,-0.6036809,0.57397175,-0.5532864
1355995656175,0.6933295,-0.036608756,-0.71969014,-0.41802415,-0.83393335,-0.36029285,-0.58698374,0.5506496,-0.593494
1355995656215,0.7398592,0.005967766,-0.6727352,-0.3511168,-0.84954566,-0.39368665,-0.57386875,0.5274814,-0.6264488
1355995656255,0.7711673,0.0444199,-0.635081,-0.29384267,-0.86011326,-0.41696727,-0.56476325,0.5081654,-0.6502387
1355995656293,0.78807884,0.07499811,-0.61098856,-0.25383472,-0.8646446,-0.43354088,-0.56080264,0.49675453,-0.66237104
1355995656334,0.7919301,0.09556194,-0.60308766,-0.23615105,-0.86289054,-0.44682497,-0.5630981,0.49627388,-0.6607819
1355995656371,0.7827889,0.10446549,-0.61345625,-0.24425015,-0.8551191,-0.45728892,-0.5723491,0.5077974,-0.643862
1355995656414,0.75934803,0.10070667,-0.64284426,-0.27951187,-0.8416699,-0.4620226,-0.58759147,0.53051853,-0.6109717
1355995656453,0.71886,0.0837909,-0.69008654,-0.34081832,-0.8227306,-0.45492548,-0.6058739,0.5622218,-0.5628706
1355995656493,0.6531365,0.050699443,-0.755541,-0.42785,-0.7985235,-0.42344376,-0.6247856,0.5998248,-0.49985307
1355995656534,0.5506798,-9.3635917E-4,-0.834716,-0.5323843,-0.7705935,-0.3503607,-0.64289874,0.63732624,-0.4248488
1355995656573,0.40286103,-0.06912139,-0.91264737,-0.63423,-0.74000955,-0.22391571,-0.6598904,0.66903526,-0.34195983
1355995656613,0.22805536,-0.13732243,-0.96391565,-0.7016828,-0.7095246,-0.06493193,-0.67500526,0.69117105,-0.25816768
1355995656654,0.06771344,-0.18493098,-0.98041594,-0.7230937,-0.68616146,0.07948595,-0.687423,0.70355034,-0.18018483
1355995656693,-0.046889603,-0.2023775,-0.97818434,-0.7161101,-0.6759085,0.17416638,-0.69641054,0.70865434,-0.113231435
1355995656733,-0.10961276,-0.19162929,-0.97532725,-0.70375496,-0.6779807,0.21229951,-0.7019359,0.70966214,-0.06054473
1355995656773,-0.12449807,-0.15702382,-0.9797161,-0.6979947,-0.6879106,0.19895291,-0.7051975,0.70860595,-0.023958191
1355995656813,-0.09786999,-0.10329056,-0.98982453,-0.69849056,-0.7013386,0.14225036,-0.7088952,0.7053051,-0.0035075247
1355995656853,-0.04070592,-0.03722599,-0.9984775,-0.69714713,-0.7148099,0.055071324,-0.7157716,0.6983274,0.0031448752
1355995656893,0.029222071,0.031149417,-0.9990876,-0.6873039,-0.72511333,-0.042710334,-0.72578204,0.68792486,2.1971017E-4
1355995656933,0.094430864,0.09277153,-0.99119943,-0.67113596,-0.72944957,-0.13221166,-0.7352955,0.67771447,-0.006620288
1355995656980,0.14595741,0.14307031,-0.9788908,-0.65641105,-0.7262906,-0.20402548,-0.74014926,0.67233384,-0.0120945275
1355995657015,0.1834147,0.18127403,-0.9661774,-0.6485311,-0.71630794,-0.2575077,-0.73876005,0.6738268,-0.013819516
1355995657055,0.20944738,0.2077257,-0.95550084,-0.64865994,-0.70169187,-0.29473507,-0.73169124,0.6815266,-0.012224171
1355995657094,0.22586143,0.22256134,-0.948395,-0.6564204,-0.6845713,-0.31697676,-0.7197908,0.69413865,-0.008524388
1355995657131,0.23240715,0.22534119,-0.9461544,-0.6715245,-0.6665402,-0.3236956,-0.703592,0.7105951,-0.0035865344
1355995657173,0.2277785,0.21550514,-0.94956535,-0.69389546,-0.6482184,-0.31356326,-0.6831003,0.7303221,0.0018878579
1355995657213,0.21050763,0.19127044,-0.95869815,-0.7208873,-0.63201815,-0.28438428,-0.66030896,0.75097847,0.00483983
1355995657253,0.19050318,0.15471071,-0.969419,-0.7440076,-0.6214794,-0.24538955,-0.6404383,0.7680025,-0.0032878444
1355995657293,0.20073372,0.118347496,-0.972471,-0.7484325,-0.62198454,-0.23018265,-0.63210344,0.7740344,-0.03627816
1355995657333,0.29001123,0.112002045,-0.9504468,-0.71078205,-0.639814,-0.29227865,-0.640845,0.7603246,-0.105944194
1355995657373,0.44339222,0.15087394,-0.88353854,-0.60573566,-0.67613333,-0.41943768,-0.6606721,0.72116625,-0.20840251
1355995657413,0.5732803,0.20654859,-0.79289806,-0.46157992,-0.7181288,-0.5208023,-0.67697394,0.66455156,-0.3163504
1355995657453,0.6463488,0.2521656,-0.7201707,-0.34060118,-0.74922436,-0.5680261,-0.6828061,0.61243397,-0.39837238
1355995657493,0.67859375,0.28210872,-0.67817783,-0.27137524,-0.7616806,-0.58838594,-0.68254375,0.58331573,-0.44031438
1355995657533,0.6862805,0.29740784,-0.6637527,-0.25410482,-0.75703704,-0.6019349,-0.68150556,0.581759,-0.44396698
1355995657573,0.6759253,0.29750967,-0.67424995,-0.2824003,-0.7404999,-0.6098442,-0.6807166,0.6026175,-0.4165058
1355995657613,0.6421733,0.27470157,-0.71564835,-0.35459462,-0.7212437,-0.595038,-0.6796147,0.63588256,-0.36575574
1355995657653,0.5583724,0.20567177,-0.803691,-0.47715223,-0.7128769,-0.51393795,-0.67863536,0.67045176,-0.29991406
1355995657693,0.37204617,0.059334576,-0.92631584,-0.63324463,-0.7134285,-0.30003506,-0.6786626,0.69821143,-0.22785503
1355995657733,0.1088534,-0.11474246,-0.98741335,-0.7252965,-0.6884366,4.246831E-5,-0.6797764,0.7161628,-0.15816098
1355995657773,-0.056294084,-0.18555799,-0.9810195,-0.7292261,-0.6634946,0.16734418,-0.6819532,0.7248056,-0.09796287
1355995657813,-0.06799328,-0.13482988,-0.9885332,-0.72390544,-0.67515296,0.14187837,-0.68654054,0.7252513,-0.051698253
1355995657853,0.016021848,-0.013535202,-0.99978006,-0.7176886,-0.6963611,-0.0020737946,-0.69617987,0.717564,-0.020871088
1355995657893,0.12282908,0.11822224,-0.9853611,-0.69099146,-0.7024874,-0.1704182,-0.71235096,0.70180845,-0.004595369
1355995657933,0.2062251,0.22292405,-0.95277286,-0.6484821,-0.6980312,-0.30368334,-0.7327634,0.6804832,6.106496E-4
1355995657976,0.2606272,0.29736793,-0.91850185,-0.6056305,-0.69054854,-0.3954165,-0.7518544,0.65932906,1.1941604E-4
1355995658015,0.296315,0.35021573,-0.8885642,-0.57349193,-0.67871463,-0.4587522,-0.76374376,0.64551955,-2.6747584E-4
1355995658055,0.32104522,0.38657156,-0.8645764,-0.55557615,-0.6624439,-0.50249696,-0.7669844,0.64166224,0.0020955205
1355995658095,0.33846825,0.40959007,-0.8471572,-0.5504476,-0.64400214,-0.5312897,-0.763182,0.64614034,0.007483572
1355995658135,0.34886253,0.42036048,-0.83761096,-0.55669034,-0.62604433,-0.54604435,-0.753917,0.6567843,0.015607178
1355995658175,0.35085225,0.41885206,-0.83753544,-0.5745267,-0.60999465,-0.545734,-0.7394739,0.6726585,0.026623726
1355995658215,0.34120232,0.4034986,-0.8489817,-0.60472566,-0.5972394,-0.5268889,-0.71964425,0.6931767,0.04022652
1355995658255,0.31572622,0.37073812,-0.8734244,-0.6456902,-0.5905554,-0.48407483,-0.69527054,0.71679676,0.05292815
1355995658295,0.27455264,0.31613308,-0.9081193,-0.68917316,-0.59390676,-0.41510832,-0.67056775,0.7398206,0.054811805
1355995658335,0.24263328,0.2466361,-0.9382429,-0.71644485,-0.6065303,-0.34471416,-0.6540917,0.7558384,0.029536668
1355995658375,0.2966798,0.20883788,-0.93186253,-0.6962385,-0.6205791,-0.36074024,-0.6536307,0.75582296,-0.038712323
1355995658415,0.46709806,0.2511185,-0.8477965,-0.58139336,-0.6351759,-0.50846183,-0.666184,0.73040473,-0.1506908
1355995658455,0.61824834,0.32061768,-0.7176163,-0.39939958,-0.658198,-0.63816553,-0.6769408,0.6811605,-0.2788753
1355995658494,0.6923881,0.36619633,-0.6216904,-0.2500894,-0.6864173,-0.68285185,-0.6767969,0.62827665,-0.38368535
1355995658535,0.7221652,0.38714197,-0.57323503,-0.16790006,-0.7058197,-0.6882064,-0.6710342,0.59324497,-0.44471735
1355995658574,0.7297279,0.38702157,-0.56365895,-0.1496031,-0.7140268,-0.6839478,-0.66717017,0.583421,-0.46314567
1355995658614,0.7206689,0.3625676,-0.59091544,-0.1900029,-0.71642053,-0.67129755,-0.6667347,0.59605896,-0.44741315
1355995658654,0.6808343,0.29215664,-0.6716466,-0.30029297,-0.7250452,-0.6197851,-0.6680485,0.62366164,-0.40590307
1355995658694,0.52257526,0.08757198,-0.84808385,-0.5267872,-0.7489619,-0.40193433,-0.6703807,0.6568007,-0.34525716
1355995658734,0.015587747,-0.35579082,-0.9344356,-0.7387067,-0.6339173,0.22904435,-0.6738467,0.68670356,-0.27270642
1355995658774,-0.4146124,-0.5897397,-0.6930394,-0.60679936,-0.3883798,0.6935097,-0.6781527,0.7080736,-0.19682658
1355995658815,-0.5436324,-0.61630744,-0.5697621,-0.4877254,-0.32049745,0.8120377,-0.6830722,0.71933746,-0.12635607
1355995658855,-0.56465286,-0.593805,-0.57320386,-0.4535063,-0.35703886,0.81661206,-0.6895644,0.7210539,-0.06769127
1355995658895,-0.53030664,-0.54203105,-0.6519028,-0.47902226,-0.44286507,0.7578972,-0.6995088,0.7141939,-0.024790645
1355995658934,-0.44556403,-0.45432574,-0.7714018,-0.53913546,-0.5517195,0.6363477,-0.7147066,0.69942373,8.8331103E-4
1355995658979,-0.3211506,-0.3334067,-0.88639843,-0.59723514,-0.6550871,0.46278608,-0.73496425,0.6780124,0.011259526
1355995659015,-0.19478393,-0.20784724,-0.9585712,-0.6249362,-0.72694594,0.28461248,-0.7559854,0.6544838,0.0117061585
1355995659055,-0.09966272,-0.10765356,-0.98918045,-0.6285526,-0.7638528,0.14645939,-0.77135515,0.6363485,0.008461833
1355995659095,-0.04233569,-0.042390257,-0.99820375,-0.62818265,-0.77578086,0.05958715,-0.7769133,0.6295769,0.006214395
1355995659134,-0.017909288,-0.011056751,-0.99977845,-0.6343261,-0.77280915,0.019909501,-0.7728581,0.63454217,0.0068268776
1355995659175,-0.024620831,-0.012850791,-0.9996143,-0.64791024,-0.7612816,0.025745094,-0.76131874,0.64829415,0.0104171485
1355995659215,-0.06810427,-0.050608456,-0.9963938,-0.66482663,-0.7423558,0.08314684,-0.7438867,0.6680918,0.01691176
1355995659273,-0.15999115,-0.12972838,-0.97855675,-0.6740381,-0.7098795,0.20431276,-0.72116256,0.69227284,0.026132569
1355995659293,-0.30558848,-0.24974518,-0.91882694,-0.65185285,-0.6485235,0.39307117,-0.6940485,0.71905804,0.035384268
1355995659334,-0.47250915,-0.38404202,-0.79325074,-0.5771542,-0.5453797,0.60782725,-0.66605407,0.745032,0.036045462
1355995659371,-0.592355,-0.48830613,-0.64083743,-0.48278692,-0.4216466,0.7675486,-0.6450056,0.76404923,0.014016628
1355995659414,-0.62398404,-0.5521126,-0.55300593,-0.44902587,-0.32585156,0.83198345,-0.6395464,0.7674583,-0.0445866
1355995659453,-0.56358385,-0.59472,-0.57330745,-0.51127696,-0.29398435,0.8075698,-0.6488213,0.7482522,-0.13838178
1355995659493,-0.40557623,-0.614244,-0.67691386,-0.63072634,-0.3479399,0.69362974,-0.6615832,0.7082671,-0.24630374
1355995659533,-0.2140221,-0.60372305,-0.7679278,-0.7130331,-0.44077855,0.5452505,-0.6676664,0.66425353,-0.33613813
1355995659573,-0.109975755,-0.60048455,-0.79203767,-0.73601717,-0.4863339,0.47091204,-0.6679701,0.6347422,-0.38848197
1355995659613,-0.13686556,-0.6332379,-0.7617596,-0.73212403,-0.4533469,0.5084005,-0.6672798,0.62728494,-0.40156114
1355995659653,-0.2554999,-0.67862004,-0.6886179,-0.69960445,-0.3618238,0.6161469,-0.667288,0.63918567,-0.38231963
1355995659693,-0.3968917,-0.7017693,-0.5916053,-0.6296939,-0.26076698,0.7317692,-0.66780424,0.6629634,-0.33840358
1355995659733,-0.5047299,-0.6958454,-0.51092744,-0.54567903,-0.20144999,0.8134201,-0.668941,0.68935984,-0.27803034
1355995659773,-0.5656026,-0.6744075,-0.47462425,-0.47935554,-0.19945693,0.854655,-0.6710528,0.7109089,-0.21046764
1355995659813,-0.58843416,-0.64538336,-0.48705792,-0.44586334,-0.24351579,0.86133957,-0.6745006,0.72400296,-0.14445972
1355995659853,-0.57897234,-0.60612786,-0.5453439,-0.45019296,-0.32000077,0.83362204,-0.67979205,0.7281541,-0.087602854
1355995659893,-0.53445846,-0.54772913,-0.6436979,-0.49076843,-0.41893864,0.76396126,-0.68811375,0.7242121,-0.04490286
1355995659933,-0.44738078,-0.45898324,-0.7675838,-0.5556174,-0.52990234,0.6406972,-0.7008137,0.7131185,-0.017951012
1355995659978,-0.32286918,-0.33877486,-0.8837347,-0.61659724,-0.6330995,0.46796674,-0.71802735,0.6960004,-0.0044793487
1355995660015,-0.19194776,-0.20784166,-0.9591444,-0.64875364,-0.70645404,0.28291607,-0.73639315,0.67655355,7.6417625E-4
1355995660055,-0.08760065,-0.09393197,-0.9917171,-0.6554857,-0.74421394,0.12838992,-0.7501097,0.6613034,0.0036226213
1355995660095,-0.018619537,-0.009019524,-0.99978596,-0.6553869,-0.7550539,0.019017309,-0.75506383,0.65560067,0.008147463
1355995660134,0.02041626,0.04646483,-0.9987112,-0.6593487,-0.75027865,-0.048385352,-0.75156,0.6594869,0.015318692
1355995660175,0.034214437,0.07427704,-0.9966505,-0.66948783,-0.73871255,-0.078036904,-0.7420346,0.6699154,0.024452984
1355995660215,0.02235192,0.07489556,-0.99694085,-0.6853385,-0.72486967,-0.069821775,-0.72788155,0.6848026,0.03512659
1355995660255,-0.020422578,0.046741426,-0.99869823,-0.7049008,-0.70905745,-0.018770903,-0.7090118,0.7035998,0.04742886
1355995660295,-0.101023495,-0.013123691,-0.9947976,-0.7212003,-0.68781894,0.08231309,-0.68532073,0.7257638,0.06002094
1355995660335,-0.21560091,-0.1038298,-0.97094584,-0.7203575,-0.65438163,0.2299346,-0.6592431,0.7490021,0.06629065
1355995660374,-0.32719058,-0.20904532,-0.9215456,-0.697006,-0.60511357,0.38473397,-0.63806665,0.76820415,0.052281618
1355995660415,-0.36830717,-0.2988146,-0.8803748,-0.6820252,-0.55668926,0.4742771,-0.631816,0.7751174,0.0012335181
1355995660455,-0.28068095,-0.3491497,-0.89404285,-0.71201396,-0.5488949,0.43789315,-0.64362586,0.7594793,-0.09453502
1355995660494,-0.06857753,-0.3466741,-0.93547535,-0.74695003,-0.6037431,0.27849594,-0.66133404,0.7178519,-0.21754506
1355995660535,0.15462309,-0.3092916,-0.93831253,-0.7264433,-0.67928106,0.10419878,-0.66960573,0.66551936,-0.32971537
1355995660575,0.28043944,-0.28887463,-0.91537154,-0.6897293,-0.72386473,0.017128438,-0.6675532,0.6265551,-0.40224552
1355995660615,0.29193217,-0.31657416,-0.9025278,-0.68923074,-0.7238797,0.030971915,-0.66312647,0.61300814,-0.42951638
1355995660654,0.19721651,-0.39379513,-0.8977923,-0.7240356,-0.6759322,0.13743386,-0.6609675,0.62292933,-0.4184267
1355995660695,0.01386565,-0.49347332,-0.86965036,-0.7500006,-0.58033603,0.31734717,-0.66129184,0.64783806,-0.37815198
1355995660734,-0.1942895,-0.5665198,-0.8008164,-0.7227681,-0.46927583,0.5073327,-0.6632178,0.677374,-0.31828707
1355995660775,-0.35472226,-0.5916642,-0.7239513,-0.6561208,-0.39410233,0.643575,-0.66609126,0.7032899,-0.24840629
1355995660814,-0.44890302,-0.58376515,-0.6765386,-0.592034,-0.37279582,0.7145062,-0.6693145,0.7212778,-0.17825967
1355995660855,-0.49127954,-0.55878496,-0.6681346,-0.5527462,-0.39281625,0.7349606,-0.67313904,0.73038,-0.11588371
1355995660895,-0.49490583,-0.52260464,-0.6942281,-0.5417046,-0.43912917,0.7167439,-0.6794295,0.7307872,-0.06576973
1355995660934,-0.46567923,-0.47583005,-0.7461425,-0.5527346,-0.5020619,0.6651453,-0.69110584,0.7221631,-0.029207915
1355995660978,-0.4085828,-0.41826755,-0.81124127,-0.5738627,-0.57343423,0.58468354,-0.7097477,0.7044327,-0.0057327747
1355995661014,-0.33580226,-0.35318124,-0.87321234,-0.59165996,-0.6422486,0.48729372,-0.73292243,0.68027914,0.006705314
1355995661055,-0.265177,-0.28857562,-0.92000276,-0.60047305,-0.69711643,0.39174062,-0.7543959,0.65631753,0.011577427
1355995661095,-0.2102434,-0.23245977,-0.94961065,-0.60588783,-0.73131865,0.31316626,-0.76726645,0.64119864,0.012910262
1355995661135,-0.17509729,-0.18990485,-0.96606266,-0.61519474,-0.74498177,0.25794873,-0.76868486,0.63948286,0.013615876
1355995661174,-0.15887654,-0.16306788,-0.9737388,-0.63003707,-0.7425987,0.22715749,-0.7601392,0.6495815,0.015242651
1355995661215,-0.16150129,-0.15261182,-0.97500104,-0.6480174,-0.72873443,0.22140397,-0.7443057,0.66757464,0.018796384
1355995661255,-0.18512785,-0.15822524,-0.9698931,-0.6658412,-0.7056824,0.2422148,-0.7227609,0.69063544,0.025288478
1355995661294,-0.23202866,-0.17853165,-0.95618474,-0.6794062,-0.6737386,0.29066074,-0.6961106,0.7170794,0.03503111
1355995661335,-0.29812676,-0.21105236,-0.93090135,-0.6837064,-0.633328,0.36254814,-0.66608256,0.74454856,0.04451418
1355995661375,-0.36396474,-0.25223482,-0.8966088,-0.678427,-0.5877725,0.44074976,-0.6381744,0.76870096,0.042805523
1355995661415,-0.3942504,-0.29914916,-0.8689513,-0.6763672,-0.5456809,0.49473202,-0.6221688,0.7827785,0.012800217
1355995661455,-0.35169423,-0.34917176,-0.86855644,-0.6961702,-0.52273023,0.4920368,-0.62582606,0.7777096,-0.0592418
1355995661494,-0.2192629,-0.39255092,-0.8932119,-0.7321404,-0.53892374,0.41657114,-0.6448985,0.74529517,-0.16923636
1355995661535,-0.033899486,-0.4127481,-0.9102142,-0.74711823,-0.5944535,0.29738766,-0.6638262,0.6901189,-0.28821993
1355995661574,0.124346495,-0.410544,-0.9033225,-0.72962344,-0.65481,0.19716348,-0.67244893,0.63456875,-0.3809659
1355995661614,0.20793074,-0.40598068,-0.88991266,-0.7087649,-0.6895375,0.14896399,-0.67410463,0.5997647,-0.43112093
1355995661655,0.21271485,-0.4147694,-0.8847139,-0.7061362,-0.6910792,0.15421127,-0.6753695,0.5919255,-0.43988654
1355995661694,0.14853811,-0.440055,-0.8856003,-0.71931124,-0.66262543,0.20861161,-0.6786219,0.60603553,-0.41496167
1355995661734,0.031524897,-0.47414887,-0.87988013,-0.7295599,-0.61263925,0.30399925,-0.68319005,0.6323417,-0.36523336
1355995661774,-0.109139144,-0.503106,-0.85730565,-0.71748066,-0.5570444,0.41823784,-0.6879753,0.66074646,-0.30017346
1355995661815,-0.23800415,-0.51665604,-0.82244796,-0.68127286,-0.51473016,0.5205,-0.6922582,0.6841926,-0.22947586
1355995661855,-0.33352536,-0.51396257,-0.79031855,-0.6361961,-0.49594653,0.5910091,-0.69571215,0.69991404,-0.16157028
1355995661895,-0.39273143,-0.49883986,-0.7726066,-0.59793746,-0.4997937,0.62663954,-0.69873667,0.7080714,-0.1019904
1355995661934,-0.41971618,-0.47422987,-0.77391493,-0.5742766,-0.5215424,0.6310308,-0.7028831,0.70929515,-0.05343935
1355995661977,-0.41736186,-0.44116274,-0.7944713,-0.56625617,-0.55752295,0.6070604,-0.7107484,0.70323807,-0.017122358
1355995662015,-0.3880883,-0.3996856,-0.830445,-0.5699502,-0.60401934,0.5570614,-0.7242542,0.68950135,0.0066119134
1355995662054,-0.3397959,-0.35134232,-0.87240887,-0.57804084,-0.6537036,0.48840588,-0.7418945,0.6702463,0.019035637
1355995662095,-0.2868489,-0.30058515,-0.90959674,-0.5860982,-0.69599277,0.41482863,-0.75776416,0.65210617,0.023472399
1355995662133,-0.242279,-0.2537858,-0.936426,-0.5955281,-0.7230616,0.35004014,-0.7659289,0.6424754,0.024046063
1355995662173,-0.21176755,-0.21647048,-0.9530452,-0.608147,-0.73417985,0.30188924,-0.76505667,0.6435219,0.023829594
1355995662213,-0.19702208,-0.19258115,-0.9612985,-0.6226034,-0.7328433,0.27441886,-0.75732905,0.6525743,0.02448462
1355995662271,-0.20064354,-0.1849882,-0.9620403,-0.6363863,-0.7219907,0.2715547,-0.74481857,0.66671497,0.0271388
1355995662293,-0.22701031,-0.19547376,-0.95407355,-0.64713037,-0.7018234,0.2977688,-0.72779715,0.6850065,0.032824144
1355995662334,-0.2796098,-0.22428147,-0.93355036,-0.6508609,-0.6705368,0.3560344,-0.70583177,0.70716214,0.04151255
1355995662371,-0.3538283,-0.2685095,-0.8959398,-0.6420705,-0.62681115,0.44142193,-0.68011105,0.73144406,0.049381495
1355995662414,-0.42827547,-0.3205197,-0.8448948,-0.62235886,-0.57326806,0.53294766,-0.65517145,0.7540761,0.04603839
1355995662453,-0.4686572,-0.37336463,-0.8005993,-0.6092982,-0.51958776,0.5989859,-0.6396218,0.76852286,0.016018212
1355995662493,-0.4358222,-0.4224462,-0.7947315,-0.6322922,-0.48469186,0.60438424,-0.64051974,0.76590663,-0.055869877
1355995662533,-0.30502903,-0.46089506,-0.8333864,-0.692726,-0.49312854,0.52626497,-0.65351963,0.73783463,-0.16885543
1355995662573,-0.10031009,-0.47243345,-0.8756395,-0.74108016,-0.5517527,0.3825823,-0.6638811,0.6872959,-0.29476476
1355995662613,0.08778089,-0.45915863,-0.8840067,-0.7428628,-0.6214127,0.24900018,-0.66366357,0.6348383,-0.39564005
1355995662653,0.18990755,-0.44959745,-0.87280995,-0.7285681,-0.6604401,0.1816794,-0.6581213,0.6013992,-0.45298493
1355995662694,0.19650206,-0.4640556,-0.8637357,-0.7302957,-0.6570728,0.18687858,-0.6542592,0.5940605,-0.46801394
1355995662733,0.119969964,-0.5024792,-0.85622543,-0.7467766,-0.61396694,0.2556743,-0.6541651,0.6087358,-0.44889724
1355995662773,-0.018907845,-0.5493852,-0.8353553,-0.7534958,-0.54134595,0.37308002,-0.6571808,0.6364908,-0.40372375
1355995662813,-0.1799376,-0.5827233,-0.79249984,-0.7270711,-0.46386385,0.50615996,-0.66256326,0.667281,-0.34021473
1355995662853,-0.316485,-0.59162796,-0.74149424,-0.6719434,-0.41192973,0.61547226,-0.6695741,0.6930298,-0.26717097
1355995662893,-0.40793687,-0.58131284,-0.7040334,-0.6122102,-0.397906,0.68327856,-0.67733765,0.7097509,-0.19356513
1355995662933,-0.45650047,-0.5596278,-0.69168204,-0.5669967,-0.41612047,0.71088564,-0.68565446,0.71670115,-0.12734783
1355995662977,-0.46900314,-0.53007096,-0.7064424,-0.5432231,-0.45754838,0.70395887,-0.6963797,0.71391475,-0.07335514
1355995663015,-0.45064598,-0.49096555,-0.7455676,-0.54185134,-0.51329654,0.6655252,-0.7094472,0.7039031,-0.034715414
1355995663054,-0.40756363,-0.44483283,-0.79750586,-0.5530894,-0.5746716,0.6031954,-0.7266251,0.68693256,-0.011817038
1355995663095,-0.34716958,-0.3902667,-0.8527398,-0.56942177,-0.6347657,0.5223326,-0.745139,0.66690665,-0.0018550456
1355995663135,-0.28526556,-0.3322845,-0.8990053,-0.5850005,-0.682631,0.43793756,-0.7592088,0.650847,3.4451485E-4
1355995663174,-0.2346093,-0.27832326,-0.93139386,-0.60105956,-0.7114929,0.36401272,-0.7639934,0.645224,-3.6594272E-4
1355995663215,-0.20010293,-0.23475243,-0.9512361,-0.6195341,-0.7218233,0.3084621,-0.75903654,0.65104735,-9.982288E-4
1355995663255,-0.18356067,-0.2062382,-0.96113026,-0.6387107,-0.7182061,0.27609545,-0.747231,0.66456443,1.07854605E-4
1355995663295,-0.18854952,-0.19608885,-0.962288,-0.6556738,-0.7043494,0.27199966,-0.7311231,0.68223244,0.0042344183
1355995663334,-0.2203874,-0.206,-0.9534115,-0.66737854,-0.68099797,0.3014096,-0.7113616,0.70271325,0.012603313
1355995663375,-0.28189194,-0.2348873,-0.9302499,-0.6691232,-0.6467389,0.3660642,-0.68761265,0.7256423,0.025141954
1355995663415,-0.36405575,-0.2775136,-0.8890723,-0.65595937,-0.6012698,0.45628053,-0.66119635,0.74930686,0.03685811
1355995663455,-0.43860602,-0.3253044,-0.8377361,-0.63314724,-0.5496914,0.544944,-0.637769,0.76942605,0.035132438
1355995663494,-0.46777803,-0.37297916,-0.8012929,-0.62336427,-0.5034842,0.5982647,-0.62657857,0.7793524,0.0030169487
1355995663535,-0.42249626,-0.42021298,-0.80306774,-0.6487117,-0.47858799,0.5917149,-0.63298494,0.7709568,-0.07039541
1355995663575,-0.29773474,-0.4621416,-0.83533174,-0.6987676,-0.4906869,0.5205288,-0.6504443,0.73868227,-0.17683494
1355995663614,-0.1336655,-0.48786873,-0.86262256,-0.73483807,-0.53523624,0.4165756,-0.664941,0.68956965,-0.28696185
1355995663654,-6.13153E-4,-0.4988886,-0.8666659,-0.7426436,-0.58016765,0.33449376,-0.6696866,0.643829,-0.37014076
1355995663695,0.058959544,-0.5092781,-0.85857993,-0.7413762,-0.59829706,0.30397683,-0.66849464,0.6186084,-0.41284204
1355995663734,0.041049004,-0.5271808,-0.8487611,-0.7441478,-0.58299965,0.32612202,-0.6667527,0.61821663,-0.41623193
1355995663774,-0.040063977,-0.5488716,-0.8349461,-0.7444394,-0.54097885,0.39134637,-0.66648704,0.63724566,-0.38692787
1355995663815,-0.15532917,-0.56354415,-0.81135124,-0.7281482,-0.4897253,0.47955117,-0.66758746,0.66527224,-0.33427513
1355995663855,-0.2698608,-0.5640177,-0.7804224,-0.692097,-0.44988286,0.56445295,-0.6694601,0.6924518,-0.26894933
1355995663895,-0.36002457,-0.55149394,-0.75248706,-0.6476492,-0.4328155,0.6270736,-0.67151535,0.71310955,-0.20135039
1355995663935,-0.4193638,-0.53079706,-0.7364702,-0.6084586,-0.4377213,0.6619503,-0.67373,0.7257096,-0.13940358
1355995663979,-0.44965,-0.50559944,-0.7363316,-0.5818959,-0.4596138,0.670934,-0.677652,0.73015374,-0.087540925
1355995664015,-0.45254165,-0.477696,-0.75300235,-0.56927186,-0.49520743,0.65627664,-0.6863931,0.7256556,-0.04783684
1355995664054,-0.43004513,-0.44784507,-0.783898,-0.56670004,-0.5420109,0.6205444,-0.70278895,0.71109706,-0.020704627
1355995664095,-0.3895716,-0.4158894,-0.82174814,-0.5676383,-0.59420353,0.5698324,-0.7252729,0.6884462,-0.0045899153
1355995664135,-0.34495437,-0.3830153,-0.8569164,-0.56802475,-0.6416135,0.5154416,-0.7472311,0.6645536,0.0037652254
1355995664174,-0.3092733,-0.35219514,-0.8833508,-0.57025313,-0.6746711,0.46864727,-0.76102656,0.6486736,0.007817358
1355995664215,-0.28870904,-0.32711366,-0.899802,-0.57793605,-0.6897356,0.43618187,-0.76330656,0.6459577,0.010082185
1355995664255,-0.2839815,-0.3108129,-0.9070556,-0.5902796,-0.6888159,0.42083564,-0.75559545,0.6549259,0.012144446
1355995664295,-0.29527467,-0.30501217,-0.90541726,-0.60349274,-0.67513734,0.42424774,-0.7406817,0.67168236,0.015278339
1355995664335,-0.3242994,-0.30962712,-0.8938462,-0.6135626,-0.65033835,0.4478851,-0.7199798,0.6936794,0.02092874
1355995664375,-0.3716451,-0.3224408,-0.8705814,-0.616801,-0.6151029,0.49112627,-0.69385624,0.7195001,0.02971816
1355995664415,-0.4305867,-0.3397615,-0.8361562,-0.6115417,-0.57152593,0.5471517,-0.663786,0.7469406,0.03831312
1355995664455,-0.48225105,-0.35960382,-0.79882354,-0.6030862,-0.52509797,0.6004658,-0.63539046,0.77133465,0.036356956
1355995664494,-0.49962264,-0.3852014,-0.77588475,-0.60632783,-0.48418325,0.6308194,-0.61866295,0.78561217,0.008350611
1355995664535,-0.45817065,-0.42248657,-0.78203887,-0.63551044,-0.45942897,0.62052524,-0.6214549,0.7813003,-0.057997644
1355995664575,-0.34916604,-0.46913958,-0.8111665,-0.68446505,-0.46353257,0.5627124,-0.6399927,0.7516952,-0.1592598
1355995664614,-0.20068634,-0.5094246,-0.8367864,-0.72461647,-0.49764186,0.47674257,-0.65928435,0.702025,-0.26926753
1355995664655,-0.07066262,-0.5312991,-0.8442322,-0.7401868,-0.5394241,0.4014287,-0.6686779,0.6532556,-0.3551435
1355995664694,0.0011188388,-0.5379769,-0.8429588,-0.74236745,-0.5652232,0.35974056,-0.66999197,0.6253827,-0.40000898
1355995664734,0.008912027,-0.5362732,-0.8439974,-0.74350184,-0.5679581,0.35302782,-0.6686745,0.6243674,-0.4037818
1355995664774,-0.035178125,-0.52834284,-0.84830207,-0.744272,-0.5526254,0.37505245,-0.66694957,0.64456105,-0.37379044
1355995664813,-0.1130712,-0.5132884,-0.8507349,-0.7382008,-0.52969885,0.4177065,-0.6650372,0.67524374,-0.31901622
1355995664853,-0.20224589,-0.49087963,-0.8474277,-0.720477,-0.5115211,0.46825093,-0.6633321,0.705254,-0.25021437
1355995664893,-0.28332043,-0.4633901,-0.8396423,-0.6934347,-0.50580686,0.5131353,-0.66247857,0.7276188,-0.17802545
1355995664933,-0.34440267,-0.4340346,-0.8324667,-0.6646688,-0.5134974,0.54271156,-0.663025,0.740226,-0.11163941
1355995664980,-0.38108432,-0.40523583,-0.8309986,-0.6410547,-0.5318531,0.55333644,-0.66620094,0.7435834,-0.057097435
1355995665015,-0.391788,-0.37807602,-0.8387853,-0.626054,-0.55851305,0.54416883,-0.6742097,0.7383237,-0.01787734
1355995665054,-0.37702405,-0.352689,-0.85642475,-0.6186842,-0.5922153,0.516247,-0.68926245,0.7244939,0.005076319
1355995665095,-0.341874,-0.32817426,-0.8805815,-0.614607,-0.6307746,0.4736894,-0.71090114,0.7031536,0.013947278
1355995665135,-0.2977386,-0.30375868,-0.9050316,-0.60988104,-0.6688198,0.42511767,-0.73443633,0.67853564,0.013876885
1355995665175,-0.25825673,-0.2799458,-0.92462635,-0.60543686,-0.69892865,0.3807163,-0.75282776,0.6581254,0.011013538
1355995665215,-0.2321943,-0.25871444,-0.9376313,-0.6052664,-0.7161697,0.3474958,-0.7614054,0.6482033,0.009699464
1355995665255,-0.22165173,-0.24273126,-0.9444321,-0.6108914,-0.72034246,0.32850936,-0.76005405,0.6497601,0.011382714
1355995665311,-0.22639662,-0.2343504,-0.94542295,-0.62045175,-0.7135297,0.325446,-0.75085574,0.66026914,0.016137555
1355995665333,-0.24750024,-0.23500468,-0.9399556,-0.63095295,-0.6971396,0.34043312,-0.7352836,0.677325,0.02426526
1355995665374,-0.2872541,-0.24480514,-0.92604303,-0.63904923,-0.67118835,0.3756627,-0.7135134,0.69969773,0.036358953
1355995665411,-0.34465587,-0.2627645,-0.90120316,-0.64078045,-0.6357209,0.4304176,-0.68601215,0.7258193,0.050730616
1355995665454,-0.40867448,-0.2873245,-0.86627346,-0.63498527,-0.59226274,0.49600255,-0.6555752,0.7527745,0.059595823
1355995665493,-0.45526707,-0.319273,-0.83114177,-0.6287966,-0.54560125,0.55401635,-0.63035446,0.7748445,0.04763651
1355995665533,-0.45058775,-0.36121637,-0.8163905,-0.6416603,-0.50476176,0.57748395,-0.6206794,0.78405255,-0.004338771
1355995665573,-0.36538023,-0.41272444,-0.8343595,-0.6862032,-0.48623294,0.54102015,-0.6289853,0.77021825,-0.10555294
1355995665613,-0.19327486,-0.45807087,-0.8676497,-0.7404208,-0.5121335,0.4353118,-0.64375603,0.7265607,-0.24018267
1355995665653,0.013712764,-0.4748219,-0.87997514,-0.7596146,-0.57723975,0.2996331,-0.6502289,0.6643331,-0.36859718
1355995665693,0.1753329,-0.46608394,-0.8671932,-0.74246866,-0.64104605,0.19442277,-0.6465281,0.60977507,-0.4584492
1355995665733,0.25445494,-0.4549608,-0.85338354,-0.7251767,-0.67357683,0.14287394,-0.6398214,0.58249885,-0.5013219
1355995665773,0.25077608,-0.4576407,-0.8530395,-0.7309719,-0.667241,0.14307238,-0.6346586,0.5876687,-0.5018505
1355995665813,0.17147785,-0.47662142,-0.8622224,-0.7565136,-0.6243335,0.19466604,-0.6310963,0.618902,-0.46762997
1355995665853,0.027456284,-0.50295395,-0.863877,-0.7768355,-0.55461466,0.29820985,-0.6291047,0.6629026,-0.40594015
1355995665893,-0.14691782,-0.52015,-0.8413436,-0.7625732,-0.48217696,0.43126252,-0.6299978,0.7049463,-0.32581204
1355995665933,-0.29903972,-0.518976,-0.80077416,-0.71281075,-0.43642187,0.5490327,-0.6344101,0.73498297,-0.23942423
1355995665980,-0.39866412,-0.5044323,-0.7659079,-0.6548096,-0.4281553,0.62282217,-0.64209914,0.7498207,-0.15961695
1355995666015,-0.4455309,-0.4839666,-0.7531789,-0.6117165,-0.449709,0.65081847,-0.65368575,0.7506918,-0.095691025
1355995666055,-0.4495142,-0.46048355,-0.76543576,-0.58933234,-0.49106354,0.6415169,-0.67128557,0.739467,-0.05063784
1355995666094,-0.42087883,-0.43335843,-0.7969074,-0.5820681,-0.54478,0.603665,-0.6957426,0.71792424,-0.022957742
1355995666135,-0.37318027,-0.4016486,-0.8363102,-0.58069706,-0.6018971,0.5481887,-0.7235519,0.69021606,-0.0086200535
1355995666175,-0.32337838,-0.3667029,-0.87232757,-0.5805848,-0.65106237,0.4889162,-0.7472266,0.6645651,-0.002362579
1355995666215,-0.28461945,-0.33226496,-0.8992173,-0.5838987,-0.6838527,0.4375018,-0.76029867,0.6495733,6.287098E-4
1355995666255,-0.26196802,-0.30238685,-0.91647965,-0.59322655,-0.6985917,0.4000649,-0.76121944,0.6484843,0.003624767
1355995666295,-0.25577635,-0.28041753,-0.9251726,-0.6069757,-0.6982804,0.3794536,-0.7524354,0.65861255,0.008397013
1355995666335,-0.26679426,-0.2688756,-0.9254873,-0.6212762,-0.6861479,0.37844,-0.73677444,0.67594886,0.016014397
1355995666375,-0.2979023,-0.26929575,-0.9158242,-0.63199615,-0.6633755,0.40064168,-0.71542645,0.69814944,0.027427256
1355995666415,-0.35113436,-0.2816798,-0.89295083,-0.6343876,-0.62985486,0.4481464,-0.6886632,0.7238366,0.0424695
1355995666455,-0.41987062,-0.30430675,-0.85504735,-0.62440664,-0.5868582,0.51547426,-0.65865386,0.7503298,0.056393415
1355995666494,-0.48225546,-0.33480382,-0.80952835,-0.6063326,-0.53940773,0.58429456,-0.6322899,0.7726226,0.05712983
1355995666534,-0.50605077,-0.37279046,-0.7777789,-0.5994264,-0.49638432,0.62792575,-0.62016195,0.78398347,0.027735114
1355995666575,-0.46080577,-0.4185964,-0.7825824,-0.62647426,-0.47117013,0.62090975,-0.62863994,0.77638644,-0.045121968
1355995666614,-0.33070618,-0.46390045,-0.82184535,-0.6839385,-0.482243,0.5474211,-0.65027803,0.7431272,-0.15779865
1355995666655,-0.14214957,-0.48953056,-0.86032164,-0.73123205,-0.53386986,0.42459697,-0.667153,0.68945104,-0.282071
1355995666695,0.030533195,-0.4903872,-0.87096965,-0.7420474,-0.59491163,0.30894297,-0.6696516,0.63686776,-0.3820551
1355995666735,0.13008648,-0.48548082,-0.8645148,-0.7367948,-0.6307983,0.2433659,-0.663484,0.60531145,-0.4397581
1355995666774,0.14302534,-0.49354458,-0.85787976,-0.7397648,-0.6291358,0.23861325,-0.65748906,0.6005015,-0.45508924
1355995666814,0.0771873,-0.5184734,-0.85160285,-0.7510848,-0.5919623,0.29232225,-0.6556781,0.61706245,-0.43510944
1355995666855,-0.04514432,-0.549404,-0.8343364,-0.7513869,-0.5317041,0.3907792,-0.6583158,0.64455086,-0.38881156
1355995666895,-0.18285054,-0.56987506,-0.8011293,-0.7247899,-0.47243154,0.501486,-0.66426307,0.67234737,-0.32665533
1355995666934,-0.29709846,-0.57281834,-0.76394475,-0.678423,-0.4363696,0.59103614,-0.67191863,0.6938736,-0.25896835
1355995666980,-0.374151,-0.5613737,-0.7381535,-0.6307918,-0.42941064,0.64630353,-0.67978877,0.7074362,-0.1934455
1355995667015,-0.41700703,-0.53972584,-0.73130095,-0.59485465,-0.44627643,0.6685695,-0.6872066,0.713816,-0.13495797
1355995667055,-0.43070245,-0.5098126,-0.74470574,-0.5754038,-0.48057824,0.6617817,-0.69527394,0.7135375,-0.086361945
1355995667094,-0.41697383,-0.47178152,-0.7768881,-0.5716897,-0.5283619,0.6276979,-0.7066143,0.7058725,-0.049399525
1355995667135,-0.37863922,-0.42551714,-0.82192916,-0.5779614,-0.58491576,0.56906426,-0.72290593,0.6905134,-0.024460435
1355995667174,-0.32583845,-0.37305927,-0.8687095,-0.5865095,-0.64090735,0.49522164,-0.74150926,0.6708686,-0.009970635
1355995667215,-0.27377516,-0.3199817,-0.9070054,-0.5943694,-0.685121,0.4211108,-0.7561562,0.654386,-0.0026182234
1355995667255,-0.23342389,-0.2726664,-0.9333629,-0.6043317,-0.7113025,0.3589319,-0.761772,0.6478441,0.0012539923
1355995667295,-0.20828247,-0.23592453,-0.94918805,-0.6181764,-0.7203009,0.31468153,-0.75794214,0.65230834,0.004183069
1355995667335,-0.19898051,-0.21286106,-0.956607,-0.63406974,-0.7163168,0.29128313,-0.7472365,0.6645152,0.0075642616
1355995667374,-0.2077452,-0.20562887,-0.9563256,-0.64919144,-0.70232695,0.29203978,-0.7317051,0.6815083,0.012412593
1355995667415,-0.23905063,-0.21552597,-0.9467858,-0.66062343,-0.6785077,0.32125375,-0.71164,0.7022648,0.01981616
1355995667455,-0.29607338,-0.24261689,-0.92383856,-0.66341954,-0.6436057,0.3816364,-0.68717915,0.7258849,0.02959767
1355995667495,-0.372164,-0.28390974,-0.88367933,-0.65218556,-0.59743243,0.46661374,-0.6604149,0.74997973,0.03718105
1355995667534,-0.4425975,-0.33335844,-0.83245397,-0.6304313,-0.5445061,0.5532354,-0.637702,0.7696656,0.030837446
1355995667575,-0.46840042,-0.38473475,-0.7953491,-0.6211157,-0.49682462,0.6061193,-0.6283442,0.77791035,-0.006251961
1355995667613,-0.4115277,-0.43275368,-0.8021029,-0.6520177,-0.4751289,0.59086823,-0.6368027,0.76614404,-0.08663434
1355995667654,-0.2527861,-0.46343726,-0.84930855,-0.71261185,-0.50457615,0.48742914,-0.65443367,0.72844267,-0.20270106
1355995667694,-0.036112487,-0.45853567,-0.88794196,-0.7452625,-0.5796003,0.3296169,-0.66579247,0.6736531,-0.32079864
1355995667735,0.1381402,-0.43239745,-0.89103854,-0.7328416,-0.6498091,0.2017207,-0.66622853,0.6251244,-0.4066436
1355995667774,0.21587521,-0.42087454,-0.88105756,-0.71743923,-0.68044347,0.14925693,-0.6623283,0.5998844,-0.44884276
1355995667815,0.19787043,-0.44228345,-0.87477577,-0.72487193,-0.66676754,0.17315237,-0.65985453,0.5998387,-0.4525324
