1355995253725,0.33058032,0.23681638,-0.91358346,0.8132646,0.41968516,0.40306956,0.47887093,-0.87623197,-0.053854764
1355995253885,0.30182076,0.21958813,-0.9277313,0.8236586,0.4299789,0.3697359,0.48009455,-0.87572783,-0.051089108
1355995253925,0.277208,0.20480743,-0.9387277,0.8317261,0.43799022,0.341169,0.48102754,-0.87533903,-0.048929334
1355995253963,0.2586937,0.19286829,-0.94650906,0.8371381,0.44412553,0.31929976,0.48195165,-0.87495965,-0.046564937
1355995254005,0.24119367,0.18036672,-0.9535688,0.84175026,0.45013422,0.29805297,0.48299277,-0.8745553,-0.043254197
1355995254043,0.22209603,0.16583002,-0.9608193,0.8463801,0.45643634,0.27442047,0.48406,-0.874166,-0.03898251
1355995254084,0.20278436,0.15024382,-0.9676287,0.8506374,0.46247035,0.2500745,0.48507178,-0.8738123,-0.03402126
1355995254123,0.18397272,0.13489252,-0.9736314,0.85439813,0.46777576,0.22625133,0.4859608,-0.87349284,-0.029193938
1355995254165,0.16674455,0.12133756,-0.97850573,0.8575046,0.47201848,0.20465675,0.4867053,-0.8731986,-0.025340974
1355995254204,0.15223934,0.110798985,-0.9821134,0.8598684,0.47507852,0.18688679,0.48728782,-0.8729398,-0.022946894
1355995254244,0.14138313,0.10401064,-0.9844758,0.8614908,0.47698802,0.17411509,0.487693,-0.87273383,-0.022166133
1355995254305,0.13205358,0.1023072,-0.9859488,0.86288244,0.47766528,0.16513565,0.48784804,-0.8725647,-0.025201678
1355995254354,0.13040775,0.10642499,-0.98573196,0.8631065,0.47706753,0.1656918,0.4878945,-0.87239915,-0.02964282
1355995254395,0.13307549,0.11252472,-0.9846975,0.86267114,0.4759888,0.1709773,0.4879442,-0.87222296,-0.033729374
1355995254434,0.13773917,0.11863521,-0.983338,0.8618723,0.4748549,0.17801419,0.48806164,-0.87203133,-0.036842287
1355995254475,0.14389235,0.12423223,-0.98176444,0.86073905,0.47380537,0.18610954,0.48828605,-0.8718227,-0.038754582
1355995254513,0.15094867,0.12906581,-0.9800798,0.85935885,0.47288653,0.19462961,0.4885866,-0.8716194,-0.039532244
1355995254554,0.15799154,0.13272685,-0.9784795,0.8578977,0.4722026,0.20257398,0.48892757,-0.8714403,-0.039261997
1355995254593,0.16418298,0.13529772,-0.9771072,0.85654837,0.47174227,0.20924649,0.48925334,-0.87129426,-0.03843695
1355995254634,0.16866432,0.1371525,-0.9760848,0.85552305,0.47143662,0.21407461,0.48952302,-0.8711698,-0.037822604
1355995254675,0.17090087,0.1387308,-0.97547257,0.85496676,0.4711992,0.21680203,0.48971903,-0.87104833,-0.038081884
1355995254716,0.1710446,0.14016154,-0.97524273,0.8548598,0.47101372,0.2176249,0.4898554,-0.87091947,-0.03925413
1355995254772,0.16958344,0.14157084,-0.9752944,0.85508204,0.47088367,0.21703309,0.48997575,-0.87076193,-0.04120058
1355995254799,0.16714962,0.14301983,-0.9755031,0.85546136,0.4708473,0.21561235,0.49014986,-0.87054473,-0.043645978
1355995254835,0.16532089,0.14455739,-0.9755881,0.85568786,0.47082222,0.21476677,0.49037465,-0.87030435,-0.045859218
1355995254893,0.16495417,0.14650407,-0.9753598,0.8555738,0.4707389,0.2154032,0.49069718,-0.87002385,-0.047694683
1355995254915,0.16745426,0.14958069,-0.9744663,0.8548192,0.47040302,0.21910068,0.49116513,-0.86968184,-0.049093425
1355995254965,0.17349504,0.15438676,-0.9726584,0.85311794,0.46986502,0.22675246,0.49202576,-0.8691327,-0.050190866
1355995255001,0.18535677,0.16233295,-0.96917015,0.85002154,0.46837232,0.24102005,0.4930579,-0.8684902,-0.051170528
1355995255045,0.19765939,0.17085972,-0.96526563,0.84649765,0.4668203,0.25596997,0.49434054,-0.86768985,-0.052360952
1355995255085,0.21036139,0.18017915,-0.96087646,0.8426229,0.46495995,0.27165964,0.49571645,-0.86680317,-0.05401343
1355995255125,0.22160508,0.189859,-0.95647514,0.83885014,0.46301734,0.2862609,0.4972138,-0.86577624,-0.05665624
1355995255164,0.2312741,0.19971856,-0.95216846,0.83530104,0.4610009,0.2995835,0.49878296,-0.86463326,-0.060207605
1355995255205,0.2376827,0.20945719,-0.94849074,0.8324156,0.45931268,0.31002638,0.50059104,-0.8632263,-0.06518471
1355995255243,0.24133855,0.21885535,-0.94544065,0.8302088,0.45790678,0.31792235,0.5025027,-0.8616401,-0.07118511
1355995255285,0.24175006,0.22787493,-0.9432019,0.8288532,0.45692545,0.32283345,0.50453866,-0.85982096,-0.07841313
1355995255324,0.23984143,0.23595971,-0.94170016,0.82815903,0.45643976,0.3252928,0.5065854,-0.8578961,-0.08593899
1355995255363,0.23611903,0.24280995,-0.94089913,0.82786864,0.45673352,0.32561943,0.50880384,-0.8558258,-0.0931713
1355995255403,0.23160422,0.2478261,-0.9407134,0.8275366,0.45817047,0.32444274,0.5114125,-0.8536171,-0.09897095
1355995255443,0.2276431,0.25042328,-0.9409925,0.8265202,0.46122864,0.32269555,0.5148232,-0.85120875,-0.10198444
1355995255483,0.22569066,0.25006947,-0.94155663,0.8240516,0.46650338,0.3214241,0.51961774,-0.84843373,-0.10078472
1355995255523,0.22708884,0.2463617,-0.9421977,0.8194611,0.47442958,0.32155854,0.52622616,-0.8451168,-0.09414619
1355995255563,0.23268974,0.23914966,-0.9426892,0.8125453,0.48484582,0.32356548,0.53443944,-0.84126806,-0.081501305
1355995255603,0.24268067,0.22856256,-0.9427965,0.8035611,0.4971184,0.32735732,0.5435031,-0.8370379,-0.06302291
1355995255642,0.25594077,0.21522874,-0.94242823,0.7931368,0.5105947,0.3320048,0.5526558,-0.832448,-0.040023804
1355995255683,0.27013305,0.20033449,-0.94175065,0.78201824,0.5249406,0.3359835,0.5616722,-0.8272264,-0.014861405
1355995255723,0.28232992,0.18535948,-0.9412394,0.7711716,0.53973615,0.3376081,0.57059973,-0.821174,0.009439707
1355995255767,0.2902802,0.17149946,-0.9414485,0.7615565,0.55432415,0.3357922,0.5794558,-0.81444013,0.030302763
1355995255805,0.29255584,0.15920639,-0.9429021,0.75484943,0.5668794,0.3299244,0.5870378,-0.8082704,0.045666993
1355995255844,0.2901905,0.14902285,-0.9452945,0.75146806,0.57612896,0.32151383,0.5925244,-0.8036589,0.055201232
1355995255885,0.2840139,0.14001262,-0.94854236,0.7520546,0.5811342,0.31096146,0.594769,-0.80167294,0.05975306
1355995255924,0.27489552,0.13170266,-0.95241106,0.75662756,0.581574,0.29880837,0.59325135,-0.80276155,0.06022221
1355995255965,0.26249722,0.1241858,-0.9569081,0.7643255,0.5785524,0.28475183,0.58898365,-0.80613583,0.056950033
1355995256005,0.24599293,0.11794111,-0.9620693,0.7732451,0.574617,0.2681551,0.584448,-0.80987966,0.05015433
1355995256036,0.22740602,0.11228645,-0.9673047,0.7809742,0.5723288,0.25003812,0.5816922,-0.8123001,0.042458177
1355995256075,0.20711562,0.10899374,-0.9722261,0.7862208,0.5728581,0.23171219,0.58220273,-0.81237555,0.032954693
1355995256104,0.18833065,0.105852544,-0.9763845,0.790022,0.57427657,0.21464288,0.5834353,-0.81178916,0.024528027
1355995256146,0.17334916,0.1035561,-0.9794009,0.79373556,0.5740294,0.20118174,0.58303845,-0.81226003,0.017311394
1355995256186,0.16473295,0.10272756,-0.9809741,0.7987362,0.5696221,0.19378099,0.5786911,-0.81546164,0.011783302
1355995256226,0.16288573,0.104727924,-0.981071,0.8056345,0.5599107,0.193528,0.56957996,-0.8219076,0.0068290234
1355995256266,0.16825001,0.11217943,-0.97934055,0.8120402,0.54744816,0.20221594,0.55882263,-0.8292867,0.0010139346
1355995256306,0.17921025,0.1256237,-0.9757573,0.81680083,0.53384167,0.21874517,0.5483795,-0.8362008,-0.0069396496
1355995256346,0.19786145,0.14567441,-0.96934503,0.81846493,0.51962906,0.24515447,0.53941256,-0.8418815,-0.016414821
1355995256387,0.22100651,0.17043242,-0.960265,0.81754136,0.5044899,0.27769774,0.5317727,-0.8464294,-0.027840018
1355995256425,0.24647292,0.20013449,-0.9482602,0.8141161,0.4880878,0.31461912,0.52580035,-0.849539,-0.04263228
1355995256465,0.2676905,0.23511192,-0.93437904,0.8092302,0.47149995,0.35047707,0.52296096,-0.8499471,-0.06404358
1355995256505,0.27451533,0.27735904,-0.9207134,0.8047862,0.45776492,0.37784976,0.5262704,-0.844703,-0.09755123
1355995256546,0.25365168,0.32968336,-0.9093788,0.80267996,0.4528814,0.3880766,0.5397832,-0.82837635,-0.14975607
1355995256589,0.19075105,0.39237487,-0.89980894,0.80180585,0.46654603,0.37341958,0.56632274,-0.79270226,-0.22561431
1355995256626,0.099589616,0.4502232,-0.88734496,0.7960645,0.4989662,0.3425116,0.59696174,-0.7404943,-0.3087148
1355995256667,3.9419904E-4,0.49172184,-0.8707522,0.7802812,0.5444423,0.30780488,0.6254287,-0.679553,-0.38346672
1355995256706,-0.07462761,0.509217,-0.8573965,0.7611828,0.5845417,0.28091252,0.6442294,-0.6316716,-0.4312302
1355995256770,-0.10967964,0.50838184,-0.8541184,0.7483047,0.60782236,0.26569158,0.65422505,-0.6099999,-0.44709027
1355995256787,-0.107745886,0.49451637,-0.8624641,0.74598026,0.61367816,0.2586746,0.65719414,-0.6155101,-0.43502074
1355995256827,-0.07867575,0.4716938,-0.8782455,0.75243825,0.6060008,0.2580693,0.6539471,-0.64052165,-0.40259802
1355995256866,-0.028907716,0.44167492,-0.8967093,0.7642001,0.5880263,0.26499683,0.6443311,-0.6776049,-0.35452646
1355995256906,0.03170574,0.405818,-0.91340375,0.7761041,0.5658512,0.27834296,0.62980723,-0.7177215,-0.29701626
1355995256947,0.09854621,0.36538094,-0.92562705,0.78426915,0.5440318,0.29824716,0.61254436,-0.7553318,-0.23294473
1355995256987,0.15983126,0.32342458,-0.93265784,0.7868749,0.5287467,0.31820554,0.59605527,-0.7847442,-0.1699844
1355995257025,0.21134388,0.28301382,-0.9355409,0.7845286,0.52176815,0.3350713,0.58296525,-0.8047739,-0.11175996
1355995257064,0.2483949,0.24637124,-0.9368037,0.7798604,0.52277875,0.3442675,0.57455873,-0.81609046,-0.06227964
1355995257104,0.2695505,0.21505475,-0.9386661,0.77552396,0.52937394,0.3439852,0.570881,-0.8206794,-0.024087071
1355995257145,0.2754367,0.18962327,-0.9424318,0.7731477,0.5389096,0.3343935,0.5712943,-0.8207432,0.0018286705
1355995257184,0.26779687,0.17006293,-0.9483478,0.77285385,0.5498275,0.3168385,0.57531023,-0.8177825,0.015808284
1355995257225,0.24934,0.15606984,-0.95575714,0.7736887,0.56146955,0.2935264,0.5824392,-0.8126464,0.019247353
1355995257265,0.22456032,0.14675245,-0.9633465,0.77496266,0.5724412,0.2678507,0.5907669,-0.80670613,0.01481992
1355995257305,0.19935355,0.1406515,-0.96978116,0.7775254,0.5796274,0.24389827,0.59641635,-0.8026514,0.0061906576
1355995257345,0.1785945,0.13673425,-0.9743756,0.7832545,0.57959735,0.22489864,0.5954969,-0.8033497,-0.0035848022
1355995257386,0.16450994,0.13527736,-0.97705495,0.7927642,0.5712595,0.21257353,0.58690834,-0.8095447,-0.0132651925
1355995257425,0.1579472,0.13694993,-0.9779046,0.80481446,0.5559436,0.20784712,0.57212454,-0.8198606,-0.022409558
1355995257466,0.1602023,0.14177367,-0.9768498,0.81723654,0.5359664,0.21181259,0.55358803,-0.8322501,-0.029999554
1355995257508,0.17275651,0.14876825,-0.9736649,0.8289811,0.51188976,0.22529808,0.5319263,-0.8460715,-0.03489375
1355995257555,0.19626974,0.15815392,-0.96771145,0.8401356,0.48177344,0.24913159,0.5056188,-0.8619058,-0.03831321
1355995257596,0.2267715,0.17602599,-0.9579089,0.8466115,0.4505917,0.28322437,0.48148066,-0.87520397,-0.046844244
1355995257635,0.24100313,0.2050586,-0.948614,0.85066426,0.42590252,0.30818412,0.46721292,-0.88122535,-0.071792185
1355995257677,0.21629342,0.2505739,-0.94362587,0.85412264,0.41963843,0.30721024,0.47296053,-0.87241983,-0.12325579
1355995257717,0.1364072,0.30742836,-0.94174355,0.85270166,0.44746494,0.26958302,0.50427467,-0.8397994,-0.2011072
1355995257764,0.03223622,0.35287172,-0.9351162,0.8371293,0.501623,0.21814874,0.54605424,-0.78984547,-0.27922887
1355995257795,-0.055983536,0.37588453,-0.92497385,0.8095615,0.5593061,0.17828864,0.5843594,-0.738842,-0.33561355
1355995257834,-0.101545334,0.38158822,-0.91873765,0.78481984,0.59824777,0.16173229,0.6113479,-0.7046205,-0.36022735
1355995257875,-0.10146478,0.38001764,-0.91939735,0.772889,0.6119908,0.16766012,0.6263765,-0.6935805,-0.35580695
1355995257932,-0.06328535,0.37746254,-0.9238598,0.77289605,0.6041789,0.19390592,0.6313688,-0.70177615,-0.329975
1355995257953,0.0033094622,0.37559682,-0.9267773,0.7775063,0.58185905,0.23858762,0.6288665,-0.7213648,-0.29010326
1355995257994,0.08710483,0.3730681,-0.9237061,0.7782178,0.553385,0.29688752,0.62192434,-0.74470484,-0.24212569
1355995258031,0.17323193,0.36738712,-0.91379285,0.77035195,0.52753925,0.35813445,0.61363554,-0.76598245,-0.19163072
1355995258074,0.24803501,0.35679358,-0.9006536,0.7557172,0.5104184,0.41032237,0.6061106,-0.7824138,-0.14303344
1355995258113,0.30135214,0.34070706,-0.8905648,0.740772,0.5044188,0.44364238,0.6003697,-0.793398,-0.10037857
1355995258153,0.33007452,0.31977832,-0.88813996,0.7312443,0.50836533,0.4548037,0.596936,-0.7995664,-0.066037655
1355995258193,0.33478206,0.29460877,-0.89505684,0.7297211,0.5199121,0.4440704,0.59617794,-0.80180866,-0.040924966
1355995258233,0.31890342,0.26616526,-0.90964645,0.73529327,0.53610885,0.41464576,0.59803385,-0.8010888,-0.024742544
1355995258273,0.2887226,0.23583493,-0.92791224,0.745244,0.5530738,0.37245214,0.6010412,-0.7990564,-0.01606965
1355995258313,0.2532277,0.20556995,-0.945313,0.7571691,0.5660945,0.32593247,0.6021384,-0.7982969,-0.012300372
1355995258353,0.22068527,0.17802352,-0.9589608,0.7700724,0.5715891,0.28332752,0.59857047,-0.8009954,-0.010949671
1355995258393,0.19551542,0.15627858,-0.9681688,0.7833233,0.5691042,0.25004998,0.5900664,-0.8072778,-0.011147976
1355995258433,0.17990091,0.14315376,-0.9732126,0.7955984,0.5606564,0.2295377,0.57849705,-0.81558037,-0.013030291
1355995258473,0.17680918,0.14019546,-0.97420925,0.80558777,0.54805964,0.22507563,0.56547934,-0.82460654,-0.016037762
1355995258513,0.19065109,0.1473727,-0.9705325,0.81246376,0.53120315,0.24026182,0.550958,-0.8343288,-0.018460512
1355995258553,0.2251145,0.163764,-0.96047115,0.8150786,0.5084423,0.27772892,0.53382623,-0.8453803,-0.019022822
1355995258593,0.27843505,0.18860456,-0.94175494,0.8114623,0.47835696,0.33571354,0.51381207,-0.85767305,-0.019854128
1355995258633,0.33771458,0.22253671,-0.9145634,0.80093265,0.44245163,0.4034148,0.49442467,-0.86874276,-0.028814554
1355995258674,0.37518358,0.26769283,-0.8874558,0.7901499,0.4082238,0.45718315,0.48466527,-0.87275076,-0.05835861
1355995258714,0.3568241,0.32464814,-0.87594527,0.79239964,0.39141887,0.46786106,0.49475175,-0.86104286,-0.117583394
1355995258765,0.26719522,0.3840836,-0.8837909,0.80749905,0.4112612,0.42285854,0.52588195,-0.82664615,-0.20026016
1355995258795,0.13949865,0.42747247,-0.89320064,0.81272376,0.4658885,0.34989715,0.5657033,-0.77473557,-0.28242618
1355995258836,0.034254313,0.4488474,-0.89295167,0.79916155,0.5242236,0.29416054,0.60013956,-0.7236889,-0.34074467
1355995258877,-0.01148868,0.4594195,-0.8881451,0.78142965,0.5583009,0.2786895,0.62388766,-0.6908211,-0.36541814
1355995258916,-0.006331563,0.46779948,-0.8838119,0.77041394,0.5657458,0.29392862,0.6375125,-0.67904,-0.3639813
1355995258955,0.04686421,0.47840965,-0.8768854,0.7650341,0.54725766,0.33945835,0.64228237,-0.68675566,-0.34035283
1355995258994,0.13164347,0.48763847,-0.8630635,0.75716245,0.51248467,0.40504867,0.6398242,-0.70680135,-0.30175632
1355995259034,0.2318196,0.49101636,-0.8397396,0.7394266,0.47196802,0.48009837,0.6320664,-0.7322221,-0.25365913
1355995259075,0.32822686,0.4849867,-0.8105894,0.71132267,0.43772227,0.54992664,0.6215201,-0.7570913,-0.2013098
1355995259115,0.40504032,0.46918088,-0.78473663,0.68044883,0.41858572,0.60147774,0.6106814,-0.7775959,-0.14970946
1355995259155,0.45420232,0.4454349,-0.7715491,0.6571274,0.41727427,0.6277466,0.60156786,-0.79213,-0.10318053
1355995259195,0.47431782,0.4157261,-0.77601194,0.6481802,0.43156847,0.6273843,0.5957223,-0.80057514,-0.0647648
1355995259235,0.46698582,0.38125938,-0.7978506,0.65476924,0.45732278,0.60177493,0.59430754,-0.8034284,-0.036073625
1355995259275,0.43563476,0.34282094,-0.83228374,0.6732386,0.48964474,0.5540738,0.5974715,-0.8016993,-0.017494023
1355995259313,0.38707063,0.30214456,-0.8711401,0.69705236,0.5225635,0.49096376,0.6035681,-0.79726785,-0.00834161
1355995259353,0.33226535,0.2618988,-0.90609527,0.72058666,0.5493649,0.42302826,0.6085676,-0.7934779,-0.0061858296
1355995259393,0.28270403,0.22606385,-0.9321875,0.74174243,0.5646738,0.36188632,0.6081912,-0.79374975,-0.008045614
1355995259433,0.24470112,0.19836926,-0.9490896,0.7610044,0.5672662,0.314772,0.6008275,-0.79928637,-0.012149215
1355995259473,0.22058266,0.18177405,-0.9582805,0.7781601,0.55954725,0.2852608,0.58805627,-0.80861926,-0.018022895
1355995259513,0.21305826,0.17789692,-0.96070755,0.7919021,0.5444891,0.27644652,0.57227373,-0.8196855,-0.024869084
1355995259553,0.22681099,0.18667212,-0.9558819,0.8006705,0.5230558,0.29212895,0.55451185,-0.8316046,-0.030828059
1355995259593,0.26558575,0.20639193,-0.941736,0.8024386,0.49410674,0.33459052,0.53437483,-0.84454775,-0.03438914
1355995259635,0.32638258,0.2348943,-0.9155867,0.7944535,0.45667672,0.40036237,0.51216996,-0.8580624,-0.037561238
1355995259675,0.39255762,0.27136856,-0.87878186,0.77698725,0.41340864,0.47474623,0.49212724,-0.86916757,-0.048563242
1355995259714,0.43277916,0.31839144,-0.8434033,0.7605177,0.3734018,0.5312099,0.48406094,-0.8713197,-0.08054179
1355995259769,0.4133143,0.37970847,-0.82764286,0.76209277,0.35322168,0.54263157,0.49838322,-0.8550181,-0.14338154
1355995259795,0.32351032,0.44878107,-0.83302855,0.7807892,0.3707073,0.50293565,0.53451777,-0.81312466,-0.23047578
1355995259836,0.20104218,0.5060339,-0.83875597,0.79142606,0.42066604,0.4434916,0.577258,-0.7529739,-0.31591684
1355995259876,0.106359065,0.5423672,-0.83338195,0.7833011,0.47056448,0.40621218,0.61247617,-0.6959933,-0.3747881
1355995259916,0.07194817,0.565665,-0.8214904,0.76934147,0.49269956,0.40664577,0.63477325,-0.66126406,-0.39974076
1355995259956,0.10065514,0.5840705,-0.80543786,0.756823,0.48054564,0.4430517,0.64582306,-0.6541693,-0.3936686
1355995259995,0.17543048,0.59760845,-0.7823606,0.7414105,0.44264078,0.5043605,0.6477148,-0.66853064,-0.36542052
1355995260040,0.27625874,0.6022289,-0.7490003,0.7150221,0.3919656,0.5788837,0.64220285,-0.6954735,-0.32232302
1355995260073,0.3810081,0.59469956,-0.70793027,0.6751545,0.34415364,0.65247583,0.63166386,-0.72656083,-0.27038878
1355995260115,0.4714259,0.5758941,-0.66790986,0.6282115,0.3122484,0.7126368,0.61895716,-0.75554407,-0.21458131
1355995260155,0.5388258,0.549484,-0.63854057,0.58439195,0.30213296,0.75312793,0.6067559,-0.77896273,-0.158317
1355995260194,0.5781863,0.5193654,-0.62925375,0.55608803,0.31351528,0.76972353,0.5970484,-0.79496396,-0.107542664
1355995260235,0.59432507,0.48905087,-0.63844115,0.544642,0.33934525,0.7669485,0.59172887,-0.8035385,-0.064676255
1355995260273,0.58876073,0.45816556,-0.66591674,0.55142987,0.37469563,0.7453377,0.5910042,-0.80603194,-0.03204012
1355995260313,0.5665586,0.42865384,-0.70375216,0.5700988,0.41275337,0.7103675,0.59497786,-0.8036731,-0.010526061
1355995260353,0.533412,0.40019125,-0.74519706,0.59540945,0.44811472,0.6668439,0.60079885,-0.79939985,7.521212E-4
1355995260393,0.4993726,0.37323067,-0.7818733,0.62170947,0.4741578,0.62341934,0.60341054,-0.7974166,0.004740387
1355995260433,0.47343546,0.34885108,-0.8088027,0.6461845,0.4864475,0.58805984,0.59858537,-0.80104417,0.0048793554
1355995260473,0.4592294,0.32896423,-0.82516116,0.66770595,0.48483878,0.5648895,0.5858986,-0.81037885,0.0030008554
1355995260513,0.45627773,0.3154927,-0.83203065,0.68488294,0.47245175,0.5547294,0.56810737,-0.82295424,-5.0634146E-4
1355995260553,0.46376804,0.30899084,-0.83032763,0.6960882,0.4526936,0.557252,0.54806983,-0.8364169,-0.005140066
1355995260593,0.48186564,0.30774754,-0.8204248,0.7002565,0.42758304,0.571676,0.5267316,-0.8499789,-0.009464651
1355995260633,0.5095117,0.30854368,-0.8032426,0.69767046,0.39825502,0.5955241,0.5036406,-0.8638251,-0.012346208
1355995260673,0.54052633,0.30995697,-0.78214955,0.69131345,0.3662108,0.6228767,0.4794966,-0.87739176,-0.016330808
1355995260713,0.56167597,0.31728822,-0.7640997,0.6878037,0.33422306,0.6443765,0.4598328,-0.88748133,-0.030506939
1355995260768,0.5414011,0.35568288,-0.7618232,0.7016084,0.30815846,0.64248276,0.46328235,-0.88234234,-0.08271277
1355995260805,0.47708282,0.42276895,-0.7704923,0.7289144,0.29944476,0.6156433,0.4909948,-0.8553358,-0.1653024
1355995260844,0.36898333,0.50884485,-0.77777135,0.75775564,0.31987303,0.5687597,0.5381985,-0.7992234,-0.26755226
1355995260886,0.24734363,0.5811878,-0.7752689,0.77227753,0.36496475,0.5199886,0.5851569,-0.7273386,-0.35856658
1355995260945,0.15014932,0.61804897,-0.7716675,0.7709853,0.4154028,0.4827237,0.6188997,-0.6674249,-0.4141342
1355995260967,0.08925226,0.6203472,-0.77923256,0.7643983,0.45890155,0.4528848,0.6385369,-0.636065,-0.43323433
1355995261004,0.06363481,0.59685093,-0.7998247,0.7595307,0.49090815,0.42675802,0.6473514,-0.63464814,-0.42208773
1355995261040,0.060379803,0.55551213,-0.8293134,0.7593948,0.5136489,0.39935488,0.6478224,-0.65388924,-0.39083898
1355995261085,0.07406688,0.5023057,-0.8615121,0.76368994,0.52698374,0.37291527,0.6413203,-0.6855488,-0.34457374
1355995261123,0.0977478,0.44332653,-0.8910145,0.77016574,0.5333363,0.349853,0.6303095,-0.7204262,-0.28930247
1355995261164,0.12777877,0.38378122,-0.91454065,0.77622736,0.5352828,0.33308184,0.61736846,-0.75245225,-0.22950369
1355995261205,0.16063231,0.32738099,-0.9311386,0.780022,0.5359462,0.32299745,0.60478336,-0.7781924,-0.16927409
1355995261243,0.19090092,0.27819368,-0.94136345,0.78133106,0.5374541,0.31727725,0.5942042,-0.79608506,-0.114760876
1355995261296,0.2162255,0.23775977,-0.9469513,0.7781159,0.5438713,0.31422865,0.58973056,-0.80478215,-0.06740582
1355995261333,0.232272,0.20893759,-0.94994473,0.77322054,0.55283237,0.31065488,0.5900676,-0.80667317,-0.033147335
1355995261373,0.2387475,0.191719,-0.9519682,0.7666583,0.56447124,0.3059531,0.5960157,-0.80287987,-0.012216866
1355995261413,0.2400535,0.18267584,-0.95341694,0.7606154,0.5748644,0.3016542,0.6031903,-0.7975967,-9.4783306E-4
1355995261453,0.24106583,0.17716765,-0.9542006,0.7585989,0.57883763,0.2991233,0.60532224,-0.795964,0.005138755
1355995261493,0.24433455,0.17251113,-0.9542225,0.7628685,0.5732747,0.2989779,0.59860855,-0.80099696,0.008467495
1355995261534,0.2500048,0.16874164,-0.95342743,0.7722333,0.55925846,0.30147254,0.5840833,-0.811638,0.009509385
1355995261573,0.25789067,0.1666992,-0.9516848,0.78364277,0.54007643,0.30695513,0.56515175,-0.82494175,0.008648038
1355995261613,0.26889455,0.16619623,-0.94872254,0.7947242,0.5182091,0.31602648,0.5441591,-0.83895063,0.007263422
1355995261655,0.28438693,0.16612288,-0.94420725,0.80467916,0.49402952,0.3292814,0.52116746,-0.85342723,0.006819904
1355995261696,0.30363864,0.1671843,-0.93800485,0.81366336,0.46673036,0.34657568,0.49573734,-0.8684539,0.0056856275
1355995261736,0.3202116,0.1752635,-0.9309926,0.8224962,0.43619645,0.36501056,0.4700687,-0.8826185,-0.004478395
1355995261773,0.3183687,0.20273891,-0.9260336,0.83354104,0.405391,0.3753231,0.45149827,-0.89137816,-0.039927363
1355995261813,0.2817688,0.2554015,-0.92486566,0.84873366,0.38322604,0.3644023,0.44750148,-0.8876418,-0.1087867
1355995261855,0.193771,0.33097893,-0.9235289,0.86512214,0.3862614,0.31994662,0.46261916,-0.8609617,-0.21149093
1355995261895,0.07315797,0.40199476,-0.9127146,0.8691055,0.42319304,0.25605306,0.4891865,-0.8119776,-0.318416
1355995261936,-0.0325616,0.44262666,-0.89611465,0.85615355,0.47496444,0.20349428,0.51569456,-0.76058567,-0.39442194
1355995261975,-0.09144343,0.45300126,-0.8868077,0.8384799,0.5154411,0.17683873,0.53720534,-0.7273997,-0.42696613
1355995262016,-0.10125488,0.44542778,-0.8895738,0.82761765,0.53392035,0.17314202,0.55208385,-0.71869546,-0.4227059
1355995262054,-0.07161677,0.4291156,-0.90040594,0.8252638,0.5324897,0.1881339,0.5601881,-0.7295989,-0.39226872
1355995262095,-0.014844619,0.40857702,-0.91260314,0.8266552,0.51847917,0.21867922,0.562513,-0.75116193,-0.34544897
1355995262135,0.05719167,0.38544756,-0.92095566,0.82577616,0.50017196,0.26061803,0.5610908,-0.77540845,-0.28968775
1355995262175,0.13319576,0.3606578,-0.9231386,0.8187567,0.48482126,0.30754808,0.5584768,-0.79679,-0.23071486
1355995262215,0.20321259,0.3355419,-0.9198458,0.80535954,0.47701558,0.35192636,0.5568669,-0.8123225,-0.17329633
1355995262255,0.26042345,0.31163126,-0.91381925,0.7883677,0.47775152,0.38759497,0.55736524,-0.8213644,-0.12126231
1355995262295,0.30163124,0.2901676,-0.90819675,0.7714435,0.48547813,0.41132218,0.560262,-0.82469004,-0.077412546
1355995262335,0.326073,0.27215368,-0.90532243,0.7573492,0.49794078,0.4224655,0.56577253,-0.82339984,-0.043750346
1355995262376,0.33487648,0.2582673,-0.90617645,0.747275,0.51301587,0.42236814,0.57396674,-0.8186041,-0.021199763
1355995262415,0.33183867,0.24798897,-0.9101563,0.7411977,0.52828294,0.4141776,0.58353156,-0.8120459,-0.008504152
1355995262455,0.3230504,0.23941803,-0.9155967,0.739202,0.5402812,0.4020903,0.5909474,-0.8067064,-0.0024402142
1355995262495,0.31411695,0.23077402,-0.9209093,0.742262,0.5450881,0.38977706,0.5919272,-0.80599153,-7.337332E-5
1355995262535,0.30774736,0.22229785,-0.92513525,0.75071865,0.540645,0.37963736,0.5845623,-0.8113487,-5.0103664E-4
1355995262575,0.30455017,0.2156806,-0.92775595,0.76280254,0.5280881,0.37316927,0.5704223,-0.8213433,-0.0036923885
1355995262615,0.30541834,0.21187091,-0.9283482,0.77579397,0.50994945,0.37161183,0.5521444,-0.833704,-0.008620262
1355995262655,0.312402,0.2099694,-0.9264545,0.78763473,0.48797202,0.37618458,0.5310711,-0.8472285,-0.012935758
1355995262696,0.32747805,0.2082178,-0.9216309,0.79744655,0.46227413,0.38779074,0.50679106,-0.86194426,-0.014657915
1355995262773,0.34974155,0.20683393,-0.91372895,0.805125,0.4323298,0.40603518,0.47901407,-0.8776734,-0.01532346
1355995262774,0.37111974,0.21140537,-0.90420014,0.8118769,0.39873964,0.42645344,0.45069498,-0.8923645,-0.023654997
1355995262813,0.37643775,0.23177922,-0.89698,0.81956875,0.3681306,0.43907517,0.43197423,-0.9004212,-0.051380694
1355995262855,0.33831385,0.27853253,-0.8988678,0.8335556,0.35459688,0.4236108,0.43672508,-0.89256966,-0.11220729
1355995262895,0.24256688,0.34438902,-0.9069495,0.8496552,0.37580258,0.36994392,0.46823856,-0.8603305,-0.20145464
1355995262938,0.10830664,0.4019522,-0.9092326,0.8501255,0.43665993,0.29430383,0.5153215,-0.8048369,-0.29441667
1355995262976,-0.0053794384,0.4264927,-0.904475,0.8325021,0.50299984,0.23223123,0.5539956,-0.75172806,-0.35776192
1355995263016,-0.06629229,0.42575794,-0.9024054,0.8123228,0.5482157,0.19897541,0.5794282,-0.719854,-0.3821954
1355995263055,-0.07497085,0.4143793,-0.90701115,0.80193645,0.5656659,0.1921458,0.59268653,-0.71296,-0.37471431
1355995263096,-0.043320708,0.40174246,-0.9147274,0.8011285,0.56101686,0.20845422,0.59692246,-0.72378385,-0.346151
1355995263135,0.01710672,0.39106154,-0.92020553,0.8034135,0.542468,0.2454693,0.5951757,-0.74350476,-0.30490434
1355995263175,0.094127595,0.38226295,-0.9192469,0.8016515,0.5184118,0.29766437,0.59033453,-0.76493406,-0.25764477
1355995263215,0.17599833,0.37376046,-0.91067433,0.7920852,0.49552244,0.35645276,0.58448744,-0.78406674,-0.208839
1355995263255,0.25260225,0.363836,-0.8965575,0.7755155,0.47796384,0.41246358,0.57859117,-0.79948354,-0.16142571
1355995263295,0.31733987,0.35120416,-0.88088083,0.7557256,0.46747628,0.45863354,0.5728649,-0.8112469,-0.11706513
1355995263335,0.3662451,0.3353866,-0.8679749,0.73715675,0.4646687,0.49059454,0.56785953,-0.8195114,-0.07704985
1355995263374,0.39623782,0.3171123,-0.8616469,0.7234702,0.4699913,0.5056669,0.5653198,-0.8237403,-0.043192983
1355995263416,0.40538642,0.29799926,-0.86420965,0.7167889,0.48310187,0.5028184,0.56734085,-0.8232916,-0.017759621
1355995263455,0.3962305,0.2794761,-0.87458247,0.7169278,0.5009117,0.48487306,0.57359904,-0.819134,-0.0018877387
1355995263495,0.37738457,0.2623204,-0.8881267,0.72206813,0.5171262,0.45956293,0.5798263,-0.8147199,0.0057423115
1355995263534,0.35945523,0.24752161,-0.89973605,0.73090065,0.5247559,0.43636626,0.5801519,-0.8144718,0.007712543
1355995263575,0.34963867,0.23721093,-0.9063574,0.74238765,0.5199777,0.4224733,0.5715009,-0.82058156,0.00570184
1355995263615,0.3513879,0.23407722,-0.90649563,0.7538427,0.50344384,0.4222148,0.5552005,-0.83171636,4.466772E-4
1355995263654,0.36778608,0.23990041,-0.8984327,0.76092654,0.47772256,0.43905804,0.5345318,-0.84512067,-0.0068469048
1355995263696,0.4032779,0.25452763,-0.87896675,0.7586848,0.444046,0.47667646,0.5116289,-0.8590919,-0.014032304
1355995263735,0.46126488,0.27592367,-0.8432679,0.7416708,0.4017451,0.5371455,0.48698995,-0.8731935,-0.01933363
1355995263776,0.53738564,0.30105293,-0.7877714,0.70633864,0.34968704,0.6154711,0.4607628,-0.8871788,-0.024728537
1355995263813,0.61628175,0.330381,-0.71487427,0.6544231,0.29012918,0.6982517,0.43809497,-0.89814997,-0.037407637
1355995263854,0.6654808,0.36776,-0.6495289,0.6113898,0.23061755,0.7569795,0.42817953,-0.90087074,-0.071373135
1355995263894,0.6666267,0.42558047,-0.611956,0.6014869,0.17777148,0.7788522,0.44025263,-0.88728726,-0.13747388
1355995263953,0.6117651,0.507183,-0.60704935,0.6331859,0.14601839,0.76010144,0.4741509,-0.8493786,-0.23181218
1355995263973,0.51998115,0.59471285,-0.6131364,0.6802664,0.14578843,0.7183199,0.51658225,-0.7906089,-0.32875597
1355995264014,0.44010282,0.66266114,-0.6059619,0.707305,0.15991342,0.6885836,0.55319905,-0.7316475,-0.3983252
1355995264051,0.4106924,0.7020647,-0.5817532,0.70431024,0.16092068,0.69141275,0.5790326,-0.69369274,-0.42838252
1355995264094,0.43281972,0.71572983,-0.54808563,0.677119,0.14325869,0.7217942,0.59512764,-0.683526,-0.42262912
1355995264145,0.49858138,0.7021215,-0.5083719,0.62436545,0.11594805,0.77247906,0.6013189,-0.7025535,-0.3805709
1355995264185,0.5601532,0.67681164,-0.47765508,0.57069665,0.10265374,0.8147194,0.6004446,-0.7289638,-0.32875234
1355995264224,0.6104307,0.64704716,-0.4568416,0.52272975,0.1042341,0.8461021,0.59508646,-0.75529146,-0.27460313
1355995264265,0.65055674,0.6156245,-0.44472736,0.48139578,0.11864698,0.8684359,0.58739597,-0.7790567,-0.21917242
1355995264304,0.67805195,0.58662874,-0.44284564,0.4514322,0.1430969,0.8807566,0.58004695,-0.79711354,-0.16779596
1355995264346,0.6953653,0.561492,-0.4485464,0.43103033,0.17357004,0.8854865,0.57504785,-0.8090737,-0.12132552
1355995264385,0.7029672,0.54060006,-0.4621565,0.42057168,0.20805365,0.8830816,0.5735473,-0.81514734,-0.081106186
1355995264425,0.7014255,0.52421165,-0.48291242,0.419372,0.24429905,0.8743255,0.5763067,-0.8157941,-0.04848212
1355995264465,0.6909589,0.5120516,-0.5102734,0.42716628,0.28024554,0.859646,0.583185,-0.8119517,-0.025093019
1355995264505,0.67312026,0.5025404,-0.54255176,0.44287488,0.31361684,0.8399443,0.5922593,-0.805666,-0.011460692
1355995264545,0.6520918,0.49231195,-0.57654595,0.46428078,0.34187764,0.8170454,0.5993494,-0.8004678,-0.005635351
1355995264585,0.63344604,0.4781211,-0.6083965,0.4889168,0.36211306,0.7936211,0.59975535,-0.80017143,-0.004382342
1355995264625,0.6205502,0.4594216,-0.63549125,0.51506305,0.37227774,0.7720876,0.591293,-0.80643725,-0.005614072
1355995264665,0.6132422,0.43843353,-0.6570464,0.54112875,0.37277922,0.7538006,0.57542473,-0.81780905,-0.008645028
1355995264705,0.61033285,0.41779113,-0.6730114,0.5650013,0.36589622,0.7395224,0.5552182,-0.83160716,-0.0127340555
1355995264774,0.6119931,0.39838037,-0.6831966,0.58462584,0.35388803,0.73005193,0.53261346,-0.8462011,-0.016326457
1355995264789,0.62096256,0.37786943,-0.686746,0.59917057,0.33604947,0.72668105,0.5053712,-0.86271983,-0.01773408
1355995264822,0.63322943,0.3592322,-0.6855455,0.60863054,0.3160447,0.7277943,0.47811013,-0.8781047,-0.018510878
1355995264862,0.6434959,0.3447762,-0.68340504,0.61772305,0.29333773,0.72963774,0.45203018,-0.8916739,-0.024214566
1355995264903,0.639322,0.3459481,-0.6867221,0.63379025,0.26861838,0.72536474,0.43540472,-0.8989795,-0.0475249
1355995264944,0.6020656,0.37735182,-0.70364946,0.66585463,0.24904907,0.70328665,0.44062978,-0.891953,-0.101317585
1355995264986,0.51720023,0.44025832,-0.7339458,0.7138851,0.25110847,0.6536915,0.47209305,-0.86204237,-0.1844205
1355995265024,0.39091098,0.51263446,-0.76445705,0.7597149,0.28918827,0.58241177,0.51963633,-0.80844057,-0.27640915
1355995265067,0.26537156,0.561379,-0.78385675,0.7822673,0.34987682,0.5154066,0.56359184,-0.7499598,-0.34630114
1355995265107,0.18276972,0.5758221,-0.796884,0.7840309,0.40368605,0.47152203,0.5932037,-0.71096164,-0.37768072
1355995265146,0.15090507,0.5655475,-0.81079197,0.7790933,0.43680233,0.44968575,0.6084745,-0.69954246,-0.37469864
1355995265185,0.16170618,0.5404856,-0.82566726,0.77405536,0.44950828,0.44584823,0.61211884,-0.7112086,-0.3456775
1355995265225,0.19760561,0.5082493,-0.8382331,0.76907945,0.44983548,0.45405382,0.60783947,-0.7343914,-0.30199403
1355995265265,0.24618372,0.47327173,-0.8458176,0.76198554,0.44480148,0.47066936,0.5989755,-0.7603719,-0.25112337
1355995265305,0.29733595,0.4384531,-0.84814525,0.751843,0.44001183,0.4910416,0.58849263,-0.7836763,-0.19881654
1355995265345,0.3439421,0.4055646,-0.84688914,0.7396365,0.43862563,0.51043653,0.5784823,-0.8019507,-0.14910853
1355995265384,0.38107297,0.37560308,-0.8448111,0.7276801,0.44181755,0.52467036,0.57032025,-0.8146899,-0.10495418
1355995265425,0.4057222,0.3490318,-0.8447285,0.71847403,0.44948894,0.5308058,0.56496423,-0.82227516,-0.06840265
1355995265465,0.41653416,0.3259498,-0.84867907,0.7136905,0.46103105,0.52734834,0.5631565,-0.8253527,-0.040592074
1355995265505,0.41394684,0.30617616,-0.8572655,0.7135289,0.4756532,0.5144224,0.56526494,-0.8246273,-0.021570385
1355995265544,0.40055302,0.2890612,-0.8694831,0.7171198,0.49177876,0.49385506,0.57034767,-0.8213387,-0.010308027
1355995265585,0.3816021,0.27344817,-0.8829529,0.7235035,0.50613314,0.46943793,0.57525873,-0.817958,-0.00469923
1355995265625,0.36373064,0.2582636,-0.89498603,0.73243344,0.51433986,0.44608933,0.57553566,-0.817774,-0.0020797253
1355995265664,0.3517087,0.2438858,-0.9037813,0.74380124,0.51340145,0.4279937,0.5683843,-0.8227628,-8.3482265E-4
1355995265705,0.34713435,0.23236483,-0.9085727,0.7563123,0.5034848,0.41772562,0.55451727,-0.8321716,-9.635091E-4
1355995265773,0.35052565,0.2259796,-0.9088812,0.76734424,0.4870881,0.41704664,0.5369493,-0.8436103,-0.0026673079
1355995265786,0.36365443,0.22543725,-0.9038438,0.7744448,0.46604162,0.42783222,0.5176782,-0.8555602,-0.0051106215
1355995265826,0.38928488,0.23012838,-0.8919071,0.7752435,0.44106755,0.45216906,0.4974483,-0.86746776,-0.0067046285
1355995265865,0.42656943,0.23811424,-0.8725481,0.76954365,0.411343,0.48846647,0.47522748,-0.8798287,-0.007772982
1355995265905,0.469507,0.25166544,-0.8463024,0.7579752,0.37668875,0.5325215,0.4528098,-0.8914988,-0.013898134
1355995265945,0.5000943,0.27793992,-0.8201555,0.74711156,0.34041047,0.57091594,0.4378698,-0.8982594,-0.03741479
1355995265985,0.49208692,0.32817274,-0.8063207,0.74935454,0.31173727,0.58419836,0.44307822,-0.89169645,-0.092515886
1355995266026,0.42331663,0.40501583,-0.8104105,0.7711761,0.30838552,0.5569433,0.47548974,-0.86073256,-0.18179381
1355995266066,0.30238867,0.4876358,-0.819007,0.79577404,0.3438266,0.49852467,0.52469486,-0.80249274,-0.28407866
1355995266105,0.18202323,0.5466373,-0.8173464,0.80132926,0.3992679,0.44548464,0.56985873,-0.73605216,-0.36536044
1355995266147,0.11224687,0.5763498,-0.8094576,0.7918462,0.44025052,0.42327192,0.6003168,-0.6884769,-0.4069637
1355995266184,0.104595184,0.58737254,-0.8025293,0.7797667,0.4524219,0.43275675,0.61727124,-0.67104983,-0.41069233
1355995266226,0.14508057,0.5878944,-0.7958215,0.7675838,0.44064778,0.46545094,0.62431294,-0.6783876,-0.3873288
1355995266265,0.21667,0.5804381,-0.78494954,0.75109047,0.4145201,0.51384455,0.6236323,-0.70090276,-0.34614742
1355995266306,0.30136162,0.5658772,-0.76744,0.7267145,0.38475978,0.56907463,0.6173064,-0.72920704,-0.29527932
1355995266347,0.38637578,0.54511535,-0.74401814,0.69412935,0.35934198,0.62374496,0.60736984,-0.75744486,-0.2395395
1355995266384,0.45768064,0.52114344,-0.72037345,0.6593317,0.34462965,0.6682157,0.5964983,-0.78079444,-0.18587607
1355995266425,0.5119772,0.496404,-0.70104384,0.62763184,0.34102643,0.6998423,0.58647895,-0.7983007,-0.13696122
1355995266465,0.54730725,0.47221017,-0.6909938,0.60461175,0.3478073,0.7165715,0.57870495,-0.8099677,-0.09514633
1355995266505,0.56409204,0.4494033,-0.6927027,0.5931052,0.36313912,0.71857935,0.5744794,-0.8161904,-0.06169954
1355995266544,0.56324875,0.42828122,-0.7066302,0.5934248,0.38541803,0.7066117,0.5749765,-0.81732994,-0.03706649
1355995266585,0.5472477,0.40848285,-0.7305215,0.60337037,0.41235757,0.68257266,0.5800553,-0.8143113,-0.020804703
1355995266625,0.52214867,0.38879246,-0.7590791,0.6190483,0.43943873,0.6509015,0.5866344,-0.809774,-0.011228949
1355995266665,0.4969572,0.36814496,-0.7858135,0.636976,0.46021518,0.61843646,0.5893175,-0.80788076,-0.0057922304
1355995266705,0.4788156,0.34711844,-0.8063774,0.65556544,0.46955916,0.59139514,0.5839261,-0.8118024,-0.0027265847
1355995266771,0.4699998,0.32810524,-0.8194188,0.6736287,0.46655613,0.57319266,0.57037234,-0.8213844,-0.0017398
1355995266785,0.47046205,0.3137126,-0.8247727,0.68892705,0.45347235,0.5654577,0.5514028,-0.8342346,-0.0027835667
1355995266824,0.48076376,0.3054394,-0.82193244,0.69808966,0.43389526,0.5695662,0.53060055,-0.84760934,-0.004622996
1355995266864,0.50252914,0.3017918,-0.81017655,0.6993078,0.40912637,0.58616054,0.50836307,-0.8611256,-0.0054474473
1355995266905,0.5362278,0.30103144,-0.78856814,0.6913327,0.37936887,0.6149295,0.4842713,-0.8749053,-0.0046847165
1355995266963,0.5748572,0.30315602,-0.7600235,0.676982,0.3455066,0.649862,0.4596027,-0.88809997,-0.006614238
1355995266983,0.60196745,0.31399694,-0.73419416,0.6659448,0.30994537,0.67856574,0.44062766,-0.8974073,-0.022527605
1355995267024,0.59489346,0.34555697,-0.72573566,0.6736144,0.27830413,0.68468285,0.43857217,-0.8961793,-0.06721088
1355995267061,0.5325646,0.40607154,-0.7426176,0.7095506,0.2641288,0.6532793,0.46142483,-0.87483823,-0.1474627
1355995267104,0.41488266,0.48215395,-0.7716216,0.75873166,0.28474063,0.58587456,0.5021938,-0.8285229,-0.24769157
1355995267144,0.2769462,0.54460716,-0.7916463,0.79180527,0.33740658,0.5091182,0.5443761,-0.767828,-0.33777934
1355995267188,0.1690453,0.57661295,-0.7993379,0.7998457,0.39363006,0.4531028,0.57590836,-0.7159419,-0.39466006
1355995267225,0.11316091,0.58253545,-0.80488944,0.7959866,0.43167782,0.42433423,0.59464264,-0.6886993,-0.41484135
1355995267267,0.10293555,0.57151234,-0.81411177,0.7913915,0.44876653,0.4151001,0.60258096,-0.6870097,-0.40609592
1355995267305,0.124880195,0.54912615,-0.8263568,0.78876376,0.4502986,0.41842914,0.60187775,-0.70405376,-0.3768974
1355995267345,0.16459927,0.51867884,-0.83897525,0.78661877,0.4441462,0.42891157,0.5950951,-0.7305522,-0.3348964
1355995267384,0.21269733,0.4824679,-0.84969676,0.78281176,0.43629014,0.4436853,0.5847782,-0.7595233,-0.2848838
1355995267425,0.26077563,0.4425011,-0.8580145,0.776508,0.43193746,0.45876518,0.57361275,-0.78588986,-0.23096687
1355995267465,0.30160284,0.4009218,-0.86504185,0.7687018,0.43448383,0.4693839,0.5640329,-0.80652684,-0.1771478
1355995267505,0.33041468,0.35960823,-0.8726443,0.76142496,0.44478253,0.47159362,0.5577259,-0.8202746,-0.12685204
1355995267545,0.34476972,0.31988487,-0.8825007,0.75662804,0.46171975,0.46295667,0.5555609,-0.8273382,-0.08284688
1355995267585,0.3441759,0.28271413,-0.89532995,0.7552115,0.4832172,0.44289583,0.5578518,-0.8285975,-0.047197223
1355995267627,0.32982668,0.24885643,-0.9106508,0.7569349,0.50673974,0.41263103,0.56414884,-0.8254001,-0.02123183
1355995267665,0.30561754,0.21865961,-0.926707,0.76094234,0.5289377,0.3757549,0.5723326,-0.82000786,-0.004734695
1355995267705,0.27836156,0.19172546,-0.9411462,0.7669493,0.545498,0.3379656,0.57819,-0.81588805,0.0048019886
1355995267770,0.25460345,0.16789615,-0.95235914,0.77579916,0.552478,0.30480102,0.57733244,-0.81644285,0.010409117
1355995267785,0.23735091,0.1481432,-0.96006155,0.78796816,0.5486404,0.27946365,0.56812906,-0.8228289,0.0134881735
1355995267825,0.22736071,0.1341865,-0.96452117,0.8022425,0.53563774,0.26362693,0.5520091,-0.8337183,0.014132857
1355995267864,0.2258612,0.12703812,-0.9658405,0.8163376,0.51634073,0.25881484,0.5315822,-0.8469082,0.012915373
1355995267905,0.23545599,0.12620395,-0.96365607,0.8283699,0.49251062,0.26690167,0.5082948,-0.8611073,0.011421025
1355995267945,0.25822902,0.13073593,-0.9571969,0.836942,0.4646132,0.28924486,0.48254102,-0.87580967,0.010558248
1355995267985,0.29090607,0.1415351,-0.94622487,0.84120667,0.4333148,0.32343408,0.45579046,-0.8900596,0.0069936514
1355995268024,0.31931406,0.16371891,-0.9333995,0.8424789,0.40193993,0.35871083,0.43389827,-0.9009108,-0.009584665
1355995268065,0.31600758,0.2057463,-0.92617905,0.84680307,0.37907204,0.3731339,0.42785946,-0.9022044,-0.054436922
