1355995426326,-0.099778175,0.5584719,0.82350075,0.2044023,-0.7984749,0.56626624,0.9737885,0.22482644,-0.03448257
1355995426364,-0.0014856756,-0.14516202,-0.98940676,-0.22743154,0.9635285,-0.14102374,0.97379297,0.22481279,-0.03444594
1355995426403,-0.0013678074,-0.14506081,-0.9894218,-0.22733468,0.9635614,-0.14095512,0.97381574,0.22473708,-0.03429532
1355995426444,-0.00121516,-0.1451894,-0.98940307,-0.22707993,0.9635968,-0.14112356,0.97387534,0.22450212,-0.034140527
1355995426485,-0.0014544727,-0.14654982,-0.98920214,-0.22666574,0.96350515,-0.14240952,0.9739715,0.22401111,-0.034619212
1355995426523,-0.002549857,-0.15030521,-0.9886363,-0.22623473,0.96309346,-0.14583832,0.9740694,0.22329202,-0.036459982
1355995426563,-0.005030304,-0.15706955,-0.9875747,-0.22593926,0.96222746,-0.15188734,0.97412837,0.22236787,-0.040328503
1355995426604,-0.00865072,-0.16658506,-0.9859891,-0.22592807,0.960855,-0.16035637,0.9741055,0.2213754,-0.045948327
1355995426642,-0.01268208,-0.17751898,-0.9840356,-0.2262703,0.95909667,-0.17010388,0.973982,0.22050077,-0.052330613
1355995426683,-0.016310334,-0.18826704,-0.98198247,-0.22690986,0.95718545,-0.17974405,0.9737792,0.21988983,-0.05833167
1355995426723,-0.019008815,-0.19756512,-0.9801055,-0.22771598,0.95537424,-0.18816347,0.9735421,0.21960892,-0.06314927
1355995426764,-0.020564377,-0.20468532,-0.9786117,-0.22857763,0.95385665,-0.19470428,0.97330844,0.2196848,-0.06640196
1355995426802,-0.021128774,-0.20958735,-0.9775616,-0.22943823,0.95270056,-0.19929814,0.97309387,0.22007906,-0.06821674
1355995426843,-0.021585226,-0.21016125,-0.9774284,-0.23025991,0.9524184,-0.19969875,0.9728897,0.22075203,-0.06894988
1355995426884,-0.02078858,-0.21300063,-0.9768308,-0.23112762,0.95159936,-0.20258005,0.97270125,0.22156124,-0.06901276
1355995426929,-0.01974094,-0.21433066,-0.97656155,-0.23172246,0.951137,-0.20406637,0.9725815,0.2222628,-0.06844157
1355995426953,-0.01842466,-0.2144014,-0.97657186,-0.23196009,0.95100486,-0.20441198,0.9725508,0.22275949,-0.06725448
1355995426993,-0.015907586,-0.21232454,-0.97706974,-0.23146881,0.95143026,-0.20298436,0.9727123,0.22293216,-0.06428146
1355995427033,-0.012116015,-0.207767,-0.9781033,-0.23030306,0.95245665,-0.19946633,0.97304356,0.22284342,-0.059389353
1355995427073,-0.0071439743,-0.20080315,-0.9796055,-0.22861664,0.95401317,-0.1938899,0.9734903,0.222569,-0.052722394
1355995427131,-0.0011933148,-0.19167484,-0.9814577,-0.22659336,0.95598197,-0.18642403,0.97398865,0.22216935,-0.04457307
1355995427153,0.0054863393,-0.18086042,-0.9834935,-0.22442625,0.9581966,-0.17746037,0.9744757,0.22169536,-0.03533286
1355995427194,0.012494326,-0.16927688,-0.9854893,-0.22234736,0.96042085,-0.16778988,0.97488743,0.22121736,-0.025638461
1355995427231,0.019141704,-0.15841453,-0.987187,-0.22057368,0.96237135,-0.15870927,0.9751824,0.22078545,-0.01652062
1355995427260,0.024606854,-0.14987528,-0.9883986,-0.21920544,0.96382797,-0.15160678,0.9753683,0.22039293,-0.009136677
1355995427304,0.028400898,-0.14417963,-0.9891439,-0.21809451,0.9648092,-0.1468946,0.97551435,0.21989879,-0.0040433407
1355995427343,0.03033787,-0.14158218,-0.9894615,-0.2171594,0.9653383,-0.14478871,0.97566456,0.21926346,-0.0014595985
1355995427384,0.03018722,-0.14130051,-0.98950636,-0.2164007,0.9655546,-0.14448205,0.9758378,0.21849138,-0.0014300942
1355995427422,0.027957052,-0.14205939,-0.9894632,-0.21583837,0.9656422,-0.14473781,0.9760288,0.21761057,-0.003665328
1355995427463,0.02394551,-0.14256221,-0.98949623,-0.21542981,0.9657899,-0.14436007,0.97622573,0.21662375,-0.0075858235
1355995427503,0.018701166,-0.14177617,-0.9897221,-0.21508405,0.9661485,-0.1424634,0.9764165,0.21553765,-0.012425721
1355995427544,0.012887567,-0.13909549,-0.9901951,-0.21471351,0.96679235,-0.13860255,0.976592,0.21439451,-0.017406106
1355995427583,0.0071255565,-0.1344038,-0.9909011,-0.2142328,0.9677131,-0.1327992,0.9767567,0.21322979,-0.02189821
1355995427623,0.001841247,-0.12811947,-0.991757,-0.21356389,0.9688275,-0.12555382,0.97692734,0.21203467,-0.025577843
1355995427663,-0.0028251112,-0.12113233,-0.9926324,-0.21273898,0.96998656,-0.117763355,0.977105,0.2108389,-0.028509855
1355995427703,-0.0069667697,-0.11474207,-0.9933709,-0.2119576,0.97099227,-0.110670656,0.97725403,0.2097815,-0.031085134
1355995427743,-0.010739505,-0.10995303,-0.9938787,-0.21154936,0.97168785,-0.10521211,0.9773083,0.20912449,-0.033695936
1355995427783,-0.014194787,-0.10735896,-0.9941189,-0.21180496,0.9719805,-0.10194383,0.97720885,0.20911226,-0.036536217
1355995427823,-0.017197788,-0.10695544,-0.9941151,-0.21293613,0.9718448,-0.100875705,0.97691476,0.20994818,-0.039488256
1355995427863,-0.01943466,-0.10819413,-0.99393976,-0.21513496,0.971293,-0.10152236,0.97639084,0.21185815,-0.04215312
1355995427903,-0.020430177,-0.11004019,-0.99371713,-0.2186771,0.9703505,-0.1029568,0.9755834,0.21519977,-0.043887734
1355995427943,-0.01960677,-0.11118887,-0.9936059,-0.2238283,0.9690612,-0.10402544,0.97443146,0.22035752,-0.043887377
1355995427983,-0.016514152,-0.11042121,-0.9937477,-0.230735,0.9674783,-0.10366789,0.97287655,0.2275804,-0.04145515
1355995428023,-0.011044532,-0.10706572,-0.9941906,-0.23935999,0.96562874,-0.10133079,0.970868,0.23685029,-0.036292195
1355995428063,-0.0034409468,-0.10111443,-0.9948688,-0.24952191,0.96349245,-0.09706244,0.968363,0.24790758,-0.028545558
1355995428103,0.005790978,-0.09313852,-0.9956363,-0.26081243,0.9610511,-0.09142016,0.96537215,0.26020372,-0.01872623
1355995428143,0.016018689,-0.08407944,-0.9963303,-0.2725246,0.958364,-0.08525707,0.96201545,0.2728902,-0.0075619817
1355995428183,0.026641816,-0.07497826,-0.9968292,-0.28387776,0.95556235,-0.079461396,0.9584903,0.28509465,0.004173279
1355995428253,0.037192434,-0.066805035,-0.9970726,-0.2942577,0.95279336,-0.07481454,0.95500207,0.29617882,0.01577884
1355995428266,0.047423333,-0.06033773,-0.9970507,-0.30306235,0.9502529,-0.07192041,0.9517899,0.30557925,0.026778042
1355995428304,0.057162255,-0.056365356,-0.99677247,-0.30931133,0.94827956,-0.07136137,0.9492412,0.3123922,0.036771357
1355995428345,0.06642157,-0.054930776,-0.99627846,-0.31172305,0.9473634,-0.07301628,0.9478486,0.31541282,0.045802176
1355995428384,0.07492161,-0.05694866,-0.99556196,-0.30920228,0.9478342,-0.07748773,0.9480405,0.31363553,0.05340463
1355995428425,0.08158606,-0.063919604,-0.99461454,-0.301792,0.9495073,-0.08577611,0.9498765,0.30716482,0.05817616
1355995428465,0.08481127,-0.07772722,-0.9933607,-0.29102248,0.9515487,-0.099302515,0.9529496,0.2975123,0.058081686
1355995428505,0.083673716,-0.099093944,-0.9915539,-0.27954686,0.9527532,-0.118806235,0.9564791,0.28712672,0.052019
1355995428545,0.07881504,-0.12611549,-0.98887974,-0.27010965,0.9521571,-0.14296022,0.95959836,0.27837336,0.040979266
1355995428585,0.07227063,-0.15476242,-0.98530495,-0.26461846,0.94950944,-0.16854942,0.96164143,0.272911,0.027668655
1355995428624,0.066226155,-0.18055837,-0.9813321,-0.26270038,0.94563854,-0.19171956,0.96260196,0.27049315,0.015193284
1355995428665,0.061938196,-0.20001791,-0.9778326,-0.26134223,0.9422811,-0.20929985,0.963257,0.2685126,0.006090045
1355995428694,0.058915347,-0.21184611,-0.97552556,-0.25855145,0.940639,-0.21988492,0.9641991,0.26517817,6.4492226E-4
1355995428735,0.057516992,-0.21668084,-0.97454673,-0.2510358,0.94165933,-0.2241846,0.9662675,0.25754052,-2.3323298E-4
1355995428765,0.055107713,-0.21348773,-0.9753903,-0.24254458,0.94475305,-0.22048537,0.9685739,0.24872608,2.8288364E-4
1355995428805,0.052057087,-0.20629968,-0.9771031,-0.23123582,0.949349,-0.21275936,0.971504,0.23701687,0.0017164946
1355995428844,0.04744789,-0.19103722,-0.9804353,-0.21796902,0.9559063,-0.1968063,0.9748016,0.22304256,0.0037155151
1355995428885,0.04169497,-0.16861024,-0.98480046,-0.2026121,0.9637513,-0.17358464,0.9783709,0.20677009,0.0060210824
1355995428924,0.034014344,-0.14137046,-0.98937225,-0.18549044,0.9718526,-0.14524421,0.9820572,0.18845949,0.0068340898
1355995428965,0.0215334,-0.11516691,-0.99311274,-0.16841206,0.9787304,-0.117150664,0.98548144,0.1697748,0.0016798973
1355995429005,-0.0015363693,-0.10255368,-0.9947262,-0.15629245,0.9825277,-0.10105464,0.9877095,0.15531296,-0.017537892
1355995429044,-0.041890144,-0.123257056,-0.9914902,-0.15895422,0.9805442,-0.115180515,0.98639685,0.15277661,-0.060667396
1355995429085,-0.09808639,-0.19108553,-0.9766604,-0.18935232,0.9670479,-0.17018814,0.97699785,0.16823976,-0.1310367
1355995429125,-0.1526779,-0.29055542,-0.94459885,-0.25024664,0.9360212,-0.24746898,0.956068,0.19859967,-0.21562028
1355995429164,-0.18639696,-0.38507,-0.90386796,-0.32130256,0.89329517,-0.31430626,0.9284508,0.23182935,-0.29023147
1355995429205,-0.1956405,-0.4512141,-0.87070704,-0.37547037,0.8546755,-0.3585413,0.9059508,0.25677943,-0.33662665
1355995429255,-0.18732905,-0.48523733,-0.8540799,-0.39973244,0.83188164,-0.38495052,0.89728576,0.26929104,-0.3498007
1355995429284,-0.16899496,-0.49113768,-0.8545317,-0.39488935,0.8281127,-0.3978589,0.90305203,0.27020928,-0.33389193
1355995429320,-0.14596298,-0.47493482,-0.8678315,-0.3697821,0.8398335,-0.39741775,0.9175815,0.26290026,-0.29820698
1355995429364,-0.12081087,-0.43799907,-0.89082074,-0.33336896,0.8631773,-0.37919667,0.935024,0.2511609,-0.25029647
1355995429403,-0.094922185,-0.38417658,-0.9183671,-0.29616532,0.89165795,-0.34239188,0.9504083,0.2394879,-0.1984179
1355995429443,-0.06910664,-0.31907097,-0.94520783,-0.26578888,0.9191158,-0.2908306,0.9615511,0.23112744,-0.14832252
1355995429483,-0.043980777,-0.25792712,-0.9651629,-0.24658339,0.93900996,-0.23970173,0.9681231,0.22745083,-0.10489893
1355995429523,-0.01987201,-0.21864665,-0.97560173,-0.23766574,0.94885683,-0.20781171,0.97114366,0.22773749,-0.07082051
1355995429563,0.0033547878,-0.21348341,-0.97694093,-0.23482658,0.94945985,-0.20828457,0.97203153,0.23011045,-0.046946347
1355995429603,0.025368541,-0.24464367,-0.96928114,-0.23442112,0.94110215,-0.24366677,0.9718041,0.23340145,-0.03347528
1355995429643,0.04487887,-0.30459857,-0.9514229,-0.23597848,0.9221982,-0.30637342,0.97072136,0.23826504,-0.03049153
1355995429683,0.060676724,-0.37674928,-0.9243258,-0.24104194,0.8930948,-0.3798427,0.968616,0.2458489,-0.036622345
1355995429723,0.07276842,-0.44244075,-0.8938406,-0.249027,0.85976964,-0.44584957,0.965759,0.25503424,-0.047615588
1355995429763,0.08167559,-0.4923952,-0.8665311,-0.25525787,0.83010274,-0.4957548,0.9634171,0.26167992,-0.057888627
1355995429803,0.08707875,-0.527199,-0.84526825,-0.2549135,0.8084507,-0.53049654,0.963035,0.26166523,-0.06399125
1355995429843,0.08827126,-0.55019456,-0.8303579,-0.24700136,0.7954863,-0.55334616,0.9649863,0.2539441,-0.065680206
1355995429883,0.0854505,-0.5627937,-0.8221688,-0.23361142,0.7908665,-0.56564647,0.96856797,0.24040277,-0.06389505
1355995429923,0.079719275,-0.5650953,-0.82116514,-0.21608981,0.7944009,-0.5676552,0.9731136,0.22269848,-0.05878228
1355995429964,0.07217249,-0.55686134,-0.8274639,-0.1941461,0.80591476,-0.55929303,0.9783141,0.20101447,-0.04994756
1355995430003,0.06281787,-0.53949344,-0.8396431,-0.16811687,0.82356274,-0.541739,0.98376346,0.17518905,-0.038963497
1355995430043,0.049569458,-0.51993203,-0.8527682,-0.14249526,0.8414018,-0.52128494,0.9885535,0.14735524,-0.032380044
1355995430083,0.028326366,-0.5177361,-0.8550713,-0.12814866,0.8464751,-0.51677644,0.9913504,0.12421465,-0.042369604
1355995430141,-0.0021204613,-0.56349164,-0.82611907,-0.14150399,0.8179773,-0.557575,0.9899354,0.115716845,-0.08147079
1355995430163,-0.029878758,-0.6594695,-0.75113726,-0.19610094,0.7407363,-0.64253736,0.9801284,0.12810054,-0.15145487
1355995430204,-0.037195556,-0.7546024,-0.6551272,-0.27973372,0.637234,-0.71810997,0.95935684,0.15655065,-0.23478997
1355995430241,-0.023431301,-0.8165684,-0.57677287,-0.35640427,0.54584664,-0.7583056,0.934038,0.18779624,-0.3038184
1355995430270,0.0020926073,-0.8563742,-0.5163516,-0.4064204,0.47105575,-0.78289783,0.9136839,0.21149412,-0.34706223
1355995430314,0.029229663,-0.875579,-0.48218992,-0.41822127,0.42742977,-0.8014953,0.9078748,0.22508952,-0.3536921
1355995430353,0.059474707,-0.89114904,-0.44979554,-0.40035245,0.39147192,-0.8285334,0.9144291,0.22935352,-0.33349103
1355995430393,0.0904976,-0.90727997,-0.41067407,-0.3613027,0.35436147,-0.8624896,0.9280466,0.2264309,-0.29573387
1355995430433,0.12052508,-0.9252039,-0.35982114,-0.30957362,0.30935872,-0.89914477,0.94320613,0.21976066,-0.24913329
1355995430473,0.14620216,-0.94134057,-0.30414274,-0.25382468,0.26145786,-0.9312426,0.95613706,0.21334863,-0.20070982
1355995430513,0.16373192,-0.94919753,-0.2687302,-0.20495465,0.23373227,-0.950454,0.9649795,0.21069717,-0.15627307
1355995430553,0.17286733,-0.9435978,-0.2823828,-0.17315409,0.25311944,-0.9518131,0.9696054,0.21343306,-0.11963171
1355995430593,0.1780138,-0.92443657,-0.337236,-0.16023734,0.31090355,-0.9368366,0.9708939,0.22080764,-0.09278417
1355995430633,0.18339111,-0.8998462,-0.3957834,-0.15999725,0.3699211,-0.9151826,0.9699322,0.23116061,-0.076132655
1355995430673,0.19010073,-0.87906075,-0.43716568,-0.16729832,0.40976745,-0.8967173,0.96740526,0.24360374,-0.06916833
1355995430713,0.19749585,-0.86491334,-0.46143296,-0.18013313,0.43067053,-0.88435006,0.9636117,0.25777486,-0.07074392
1355995430753,0.2045805,-0.8566741,-0.47355717,-0.19578448,0.43820167,-0.87729573,0.95907,0.27219275,-0.078075945
1355995430793,0.21009065,-0.85349774,-0.47686848,-0.20874342,0.4373486,-0.8747299,0.9551377,0.28331575,-0.086279154
1355995430833,0.21240939,-0.85514057,-0.4728814,-0.21362433,0.4315827,-0.8764137,0.9535444,0.28717753,-0.09100664
1355995430873,0.21024518,-0.86101776,-0.4630825,-0.20951563,0.4229831,-0.881583,0.95493466,0.28237155,-0.091466546
1355995430913,0.20362194,-0.869586,-0.44984245,-0.1991938,0.41306204,-0.8886515,0.9585718,0.27055475,-0.08910763
1355995430953,0.19370455,-0.87937653,-0.43494323,-0.18482402,0.40269148,-0.8964819,0.963493,0.2540406,-0.08452672
1355995430993,0.18158685,-0.89034355,-0.41751,-0.16577849,0.39077592,-0.90543455,0.9693006,0.23362917,-0.07664001
1355995431033,0.16748403,-0.90435797,-0.39253762,-0.14088243,0.37212074,-0.9174302,0.97575676,0.20895654,-0.06508386
1355995431073,0.15100373,-0.9249037,-0.34892833,-0.112809956,0.3345468,-0.93560266,0.9820752,0.18064204,-0.05382049
1355995431113,0.13362443,-0.95352304,-0.27007085,-0.09219596,0.25937235,-0.96136665,0.9867342,0.15336153,-0.05325246
1355995431153,0.12338635,-0.980867,-0.15058479,-0.09640899,0.13917813,-0.98556316,0.98766446,0.1361228,-0.07739174
1355995431193,0.1335181,-0.99042714,-0.035028964,-0.13767922,0.016465545,-0.99034,0.9814364,0.13705108,-0.13416278
1355995431256,0.16337982,-0.9863968,0.018118978,-0.2086843,-0.052503496,-0.9765727,0.96423954,0.15577108,-0.21442351
1355995431275,0.19736862,-0.9800551,0.023185074,-0.2824783,-0.079502285,-0.9559735,0.93875,0.18212989,-0.2925356
1355995431315,0.22669724,-0.97370595,0.022473395,-0.3310091,-0.09872487,-0.9384489,0.91599196,0.20530486,-0.3446862
1355995431355,0.25148314,-0.9670143,0.04049039,-0.34111497,-0.12770611,-0.9313065,0.9057576,0.22039595,-0.36197904
1355995431395,0.2744919,-0.95706654,0.09315464,-0.31222603,-0.18033445,-0.93273485,0.9094883,0.22694287,-0.3483214
1355995431434,0.29843858,-0.93212533,0.20512637,-0.24550095,-0.28266028,-0.9272715,0.9223143,0.22637483,-0.31319436
1355995431475,0.3207462,-0.84436786,0.4291441,-0.1295676,-0.48793796,-0.8632084,0.93826115,0.22126761,-0.265907
1355995431515,0.29591632,-0.50131595,0.8130903,0.06747374,-0.8381164,-0.5413023,0.9528278,0.21504243,-0.21418667
1355995431554,0.1086368,0.25097105,0.96187913,0.24424434,-0.944684,0.21889901,0.9636092,0.21115306,-0.1639257
1355995431595,-0.076750815,0.73322874,0.6756367,0.23140961,-0.64603156,0.72738767,0.96982414,0.21217641,-0.12009272
1355995431635,-0.18015224,0.9278568,0.32653776,0.15185836,-0.3017537,0.9412139,0.97184575,0.21914929,-0.086541176
1355995431675,-0.2377963,0.96323836,-0.12499875,0.033710808,0.13679707,0.9900253,0.9707299,0.23121056,-0.06500137
1355995431715,-0.21639194,0.69456947,-0.6861107,-0.13066927,0.6758344,0.72537816,0.9675227,0.24661955,-0.055486202
1355995431754,-0.107898,0.18185413,-0.97738796,-0.24750105,0.94726026,0.20357122,0.962861,0.26386946,-0.057198405
1355995431795,-0.020446777,-0.1665797,-0.98581594,-0.28854552,0.9450481,-0.15370616,0.9572478,0.28131,-0.06738901
1355995431835,0.024657935,-0.3354144,-0.9417479,-0.30540133,0.894472,-0.32657292,0.9519044,0.29566368,-0.08038014
1355995431875,0.04461953,-0.412423,-0.9098991,-0.31246567,0.85934633,-0.40483204,0.94888055,0.30237564,-0.090524435
1355995431915,0.049047828,-0.44278967,-0.8952829,-0.30971485,0.8454356,-0.4351038,0.94956356,0.29862335,-0.09567177
1355995431953,0.041193157,-0.44084537,-0.8966373,-0.29846317,0.85099614,-0.43211713,0.95353174,0.28541347,-0.0965209
1355995431995,0.022136569,-0.4029997,-0.9149323,-0.28097105,0.8757644,-0.39254546,0.9594609,0.2657591,-0.09384483
1355995432035,-0.0080370605,-0.31054962,-0.9505232,-0.25697595,0.91927147,-0.29816642,0.96638435,0.24186525,-0.08719206
1355995432075,-0.0494771,-0.12719797,-0.99064255,-0.22177307,0.96849614,-0.11327805,0.97384226,0.21409318,-0.07612747
1355995432115,-0.097703636,0.18243416,-0.9783515,-0.16743527,0.9660293,0.19685742,0.98102975,0.18304425,-0.06383866
1355995432155,-0.1339122,0.53804237,-0.8322126,-0.09483354,0.82896477,0.5512023,0.9864451,0.15273438,-0.05998403
1355995432195,-0.151975,0.7599265,-0.6319931,-0.023522139,0.6364585,0.77095217,0.9881044,0.13203132,-0.07885069
1355995432258,-0.1799131,0.831885,-0.5249747,0.040130645,0.539446,0.84106326,0.98286355,0.13025078,-0.13043743
1355995432275,-0.23920055,0.8127693,-0.5312147,0.09017536,0.5633278,0.8212979,0.96677375,0.14855245,-0.20804006
1355995432315,-0.3228289,0.73333263,-0.5983349,0.10546565,0.65611947,0.7472511,0.94056284,0.17813045,-0.28915572
1355995432355,-0.3959338,0.6479325,-0.65070736,0.09166959,0.732965,0.6740616,0.9136921,0.20723368,-0.34960133
1355995432395,-0.43301815,0.62219083,-0.652207,0.0853267,0.74860555,0.6575022,0.89733756,0.2290597,-0.37724924
1355995432434,-0.4329574,0.6629165,-0.6108107,0.099455416,0.708607,0.69855905,0.89591104,0.24169786,-0.37272733
1355995432474,-0.40550274,0.7319234,-0.54759085,0.11712271,0.63571787,0.7629843,0.90655935,0.24525687,-0.3435102
1355995432515,-0.36478472,0.7947411,-0.4850967,0.12050718,0.55691415,0.8217814,0.9232607,0.2413156,-0.29892582
1355995432555,-0.32336557,0.83766353,-0.44017535,0.104398936,0.49390823,0.8632239,0.94049746,0.23318306,-0.24716407
1355995432595,-0.28925,0.85828686,-0.42388454,0.07221231,0.46111575,0.8843968,0.95452595,0.22520211,-0.1953566
1355995432635,-0.26497576,0.8569085,-0.44214895,0.030317605,0.46571645,0.88441455,0.9637784,0.22094348,-0.14938301
1355995432675,-0.24851334,0.8309163,-0.49781448,-0.016337574,0.5102687,0.8598598,0.96849066,0.22181973,-0.11323345
1355995432715,-0.23468044,0.7729438,-0.5894769,-0.065793574,0.5923916,0.8029592,0.96984345,0.22722259,-0.088168025
1355995432754,-0.21726702,0.66975796,-0.7100841,-0.118142724,0.70407003,0.70023406,0.9689362,0.23602903,-0.073844135
1355995432795,-0.19074377,0.50766397,-0.84017503,-0.17283013,0.8251517,0.5378238,0.9663056,0.2477941,-0.069652915
1355995432835,-0.15299892,0.29617107,-0.9428011,-0.22503962,0.91852593,0.32506496,0.96226215,0.2619022,-0.073883295
1355995432875,-0.10967466,0.085734315,-0.99026316,-0.26588115,0.95743775,0.112339534,0.9577467,0.2756131,-0.082211554
1355995432915,-0.07047373,-0.07568504,-0.99463826,-0.28944904,0.955768,-0.052218758,0.9545956,0.28421703,-0.0892635
1355995432954,-0.041320026,-0.17996386,-0.982805,-0.29589632,0.9417245,-0.16000116,0.9543259,0.28419712,-0.09216273
1355995432995,-0.023776442,-0.23817918,-0.97093016,-0.2893249,0.9312826,-0.22136812,0.9569356,0.27565092,-0.091053724
1355995433035,-0.016991317,-0.25847527,-0.9658684,-0.27449682,0.93009657,-0.24407351,0.9614379,0.26098067,-0.0867542
1355995433075,-0.018870264,-0.24141723,-0.970238,-0.25380155,0.939781,-0.22890267,0.96707225,0.24192846,-0.07900596
1355995433133,-0.027228534,-0.18125835,-0.98305845,-0.22704071,0.95884335,-0.17050499,0.97350454,0.2185517,-0.06726092
1355995433153,-0.041045904,-0.07053478,-0.9966645,-0.19375516,0.979132,-0.061314516,0.9801909,0.19059217,-0.053855836
1355995433193,-0.061718464,0.08630597,-0.9943551,-0.15541342,0.98327184,0.09499033,0.9859196,0.1603988,-0.04727292
1355995433233,-0.09337208,0.24842864,-0.9641394,-0.11526262,0.95916164,0.25830865,0.98893684,0.13524806,-0.06092441
1355995433260,-0.13320264,0.38765866,-0.9121282,-0.073191434,0.9139687,0.3991294,0.9883826,0.11992507,-0.09336972
1355995433304,-0.19951123,0.34840086,-0.91586685,-0.059206605,0.9286639,0.36616644,0.9781052,0.1272797,-0.16465127
1355995433343,-0.27805996,0.18301614,-0.94296753,-0.09495802,0.9716355,0.21658114,0.9558586,0.14976487,-0.2527941
1355995433383,-0.335046,0.0031697154,-0.9421965,-0.1637537,0.9845797,0.06154327,0.92786264,0.17490798,-0.32936043
1355995433423,-0.36966532,-0.06351906,-0.9269913,-0.20334256,0.9790075,0.0140055865,0.9066418,0.19367416,-0.37482125
1355995433463,-0.39859277,0.021480478,-0.9168765,-0.17864636,0.9787577,0.10059297,0.89956063,0.20389226,-0.3862883
1355995433503,-0.41453987,0.2392204,-0.8780263,-0.09293784,0.94865775,0.30234253,0.905273,0.20693491,-0.37102383
1355995433543,-0.3958686,0.49486914,-0.7735584,0.008445233,0.8443006,0.53580326,0.9182683,0.20557481,-0.3384114
1355995433583,-0.35269976,0.676242,-0.64676076,0.06886062,0.7080616,0.70278513,0.93319935,0.2033358,-0.29629958
1355995433624,-0.31326705,0.76703167,-0.55993426,0.07830778,0.60846806,0.7897054,0.94643104,0.20354143,-0.25067753
1355995433663,-0.28836995,0.7983947,-0.52859116,0.05562064,0.5650775,0.8231609,0.9559022,0.20797434,-0.2073586
1355995433705,-0.2756257,0.7940167,-0.5418191,0.016615927,0.56750333,0.82320344,0.96112144,0.21789315,-0.16961181
1355995433744,-0.26862538,0.7623652,-0.58876103,-0.02926284,0.604486,0.7960781,0.9628001,0.23107561,-0.14007127
1355995433784,-0.2636013,0.70841384,-0.65472454,-0.07705623,0.66109717,0.74633294,0.9615491,0.24718492,-0.11967838
1355995433823,-0.25662977,0.628358,-0.7343754,-0.1256265,0.7316901,0.66996086,0.95831054,0.26418895,-0.10883498
1355995433865,-0.24619292,0.52467495,-0.81492656,-0.17241259,0.80368793,0.5695258,0.9537626,0.28071678,-0.10740173
1355995433903,-0.22987887,0.4114381,-0.8819719,-0.2130968,0.8629712,0.4581163,0.9496028,0.29325664,-0.11070269
1355995433943,-0.21000138,0.31420627,-0.9258368,-0.23987773,0.9014508,0.36034015,0.94781756,0.29775956,-0.113934875
1355995433983,-0.18982989,0.24595664,-0.9505104,-0.2493559,0.9242925,0.28897223,0.9496243,0.29187092,-0.114127636
1355995434023,-0.17321822,0.20888036,-0.96247816,-0.24350032,0.93782914,0.24735397,0.95430756,0.27721,-0.11158669
1355995434063,-0.16205326,0.2014606,-0.9659981,-0.22708625,0.9450497,0.23518716,0.96029717,0.25747773,-0.107399404
1355995434103,-0.1551277,0.22395553,-0.96217436,-0.20363514,0.94579923,0.2529754,0.96667904,0.23517598,-0.10111445
1355995434143,-0.14888182,0.2762438,-0.9494859,-0.17496905,0.93767774,0.30024388,0.9732523,0.2108315,-0.091269016
1355995434183,-0.14030439,0.35048175,-0.92600065,-0.1430975,0.91825444,0.36923146,0.97971314,0.18431316,-0.078682065
1355995434256,-0.13317788,0.4243384,-0.8956566,-0.10914564,0.8919304,0.43880224,0.985064,0.15619574,-0.072470725
1355995434264,-0.13589242,0.48200047,-0.8655684,-0.07752101,0.8658211,0.49431187,0.98768604,0.13427301,-0.08029336
1355995434304,-0.17201477,0.46764946,-0.8670149,-0.053959385,0.8743395,0.48230565,0.9836154,0.12974732,-0.12516522
1355995434343,-0.2443839,0.37724668,-0.8932868,-0.051890597,0.91481173,0.40053308,0.96828914,0.14423704,-0.20398974
1355995434383,-0.32975668,0.2317103,-0.915189,-0.08755894,0.95772725,0.27402908,0.93999684,0.1704959,-0.29552865
1355995434423,-0.3934424,0.09013232,-0.91492045,-0.14660369,0.97629684,0.1592226,0.907585,0.19677562,-0.37090284
1355995434463,-0.42344764,-7.9490244E-4,-0.90592027,-0.19607244,0.9763771,0.09079196,0.8844477,0.21607164,-0.4136005
1355995434503,-0.42671204,-0.033173434,-0.9037789,-0.21920878,0.9733214,0.0677717,0.8774191,0.22703528,-0.42259985
1355995434543,-0.41192284,-0.019382127,-0.91101253,-0.21798018,0.97284216,0.077864215,0.88476217,0.23065673,-0.4049608
1355995434583,-0.38474023,0.025035918,-0.92268527,-0.20196366,0.97312593,0.110619135,0.90065837,0.22890854,-0.36934435
1355995434623,-0.34906623,0.08655962,-0.93309176,-0.1815688,0.9706081,0.15796411,0.9193398,0.22456029,-0.32308996
1355995434663,-0.30881193,0.15259105,-0.938803,-0.16543067,0.9633847,0.21100362,0.9366258,0.22046725,-0.2722615
1355995434703,-0.26837456,0.2111848,-0.9398809,-0.15857339,0.95267904,0.25933966,0.95017344,0.21864027,-0.22218657
1355995434743,-0.23158574,0.25307506,-0.93931955,-0.16175802,0.9421094,0.2937076,0.95927185,0.21996094,-0.17724222
1355995434788,-0.20069641,0.27288312,-0.9408803,-0.17339355,0.9353635,0.30826914,0.96418655,0.22501111,-0.14040792
1355995434823,-0.17628539,0.2675715,-0.9472745,-0.19084361,0.9347948,0.29956198,0.9656616,0.23358971,-0.11372638
1355995434863,-0.15897757,0.23954795,-0.95778024,-0.21253927,0.93906766,0.27014622,0.9641334,0.24651308,-0.09837735
1355995434903,-0.14680532,0.19321042,-0.9701123,-0.23627204,0.94550055,0.22406326,0.960533,0.2621041,-0.09315425
1355995434943,-0.13658941,0.14107907,-0.98053044,-0.25705287,0.950856,0.17261736,0.956696,0.27562588,-0.093612075
1355995434984,-0.12599012,0.095939875,-0.98738146,-0.26884893,0.9547629,0.12707564,0.9549067,0.2814667,-0.09449732
1355995435023,-0.11536282,0.064648375,-0.99121743,-0.26865935,0.9586579,0.09379272,0.956302,0.27712005,-0.09322512
1355995435063,-0.10660726,0.049344555,-0.99307597,-0.25813413,0.96314913,0.07556835,0.96020913,0.26440296,-0.089941144
1355995435103,-0.10086194,0.051698923,-0.9935563,-0.2406092,0.9677371,0.07478112,0.9653674,0.24660134,-0.0851686
1355995435143,-0.09742293,0.0746747,-0.99243766,-0.21798804,0.97136664,0.09448811,0.9710768,0.22554484,-0.07835519
1355995435183,-0.09448075,0.12097235,-0.9881493,-0.19046505,0.97205734,0.13721342,0.97713685,0.20117195,-0.068799734
1355995435256,-0.0908421,0.18975985,-0.97761893,-0.15504104,0.96701324,0.20210794,0.98372245,0.169931,-0.05842495
1355995435264,-0.092024624,0.27775493,-0.95623416,-0.11852332,0.95042664,0.28747433,0.9886778,0.13979076,-0.054542184
1355995435304,-0.10828391,0.33329988,-0.93658197,-0.08399354,0.9356855,0.34269184,0.9905653,0.11577484,-0.07332462
1355995435343,-0.15376496,0.3353286,-0.92946815,-0.05663258,0.9361179,0.3470966,0.9864832,0.10600948,-0.1249516
1355995435383,-0.231996,0.2621855,-0.9367159,-0.05316042,0.9581327,0.2813463,0.971263,0.11506743,-0.20834506
1355995435423,-0.31987324,0.13425718,-0.9378999,-0.08862508,0.9813293,0.17069978,0.94330627,0.13772374,-0.30200243
1355995435463,-0.38432932,0.0148952305,-0.92307585,-0.14510825,0.9864667,0.07633502,0.9117206,0.1632837,-0.37696666
1355995435503,-0.41568482,-0.04502528,-0.90839356,-0.18626386,0.9818189,0.03657046,0.89023143,0.18440266,-0.4165138
1355995435543,-0.42177927,-0.035623647,-0.9059984,-0.19495866,0.9794187,0.0522507,0.8854905,0.19867052,-0.42004365
1355995435583,-0.4100328,0.029047929,-0.91160804,-0.1764813,0.9780767,0.11054557,0.89483374,0.2062091,-0.39591712
1355995435623,-0.38421655,0.1271438,-0.91444635,-0.14574641,0.9696995,0.19606341,0.9116664,0.20860808,-0.35404384
1355995435663,-0.34815174,0.23409386,-0.90773916,-0.118512824,0.9495587,0.29033265,0.92991674,0.20865855,-0.3028474
1355995435703,-0.30773464,0.32744306,-0.89335346,-0.10548012,0.921389,0.37405387,0.9456074,0.20934036,-0.2490046
1355995435743,-0.26959327,0.39172712,-0.8796985,-0.10959765,0.8951051,0.43217504,0.95671725,0.21292435,-0.1983819
1355995435783,-0.237952,0.4214551,-0.87507397,-0.12740701,0.8796232,0.45829087,0.96288437,0.22054178,-0.15561175
1355995435823,-0.21357086,0.41827518,-0.8828552,-0.15334313,0.8781507,0.45314145,0.96481776,0.23215759,-0.12340778
1355995435863,-0.19525665,0.38620174,-0.90151155,-0.18265842,0.8888016,0.42031854,0.96359265,0.24673867,-0.103001416
1355995435903,-0.18157169,0.3302306,-0.9262719,-0.21235065,0.90653884,0.3648213,0.9601766,0.26293564,-0.09447712
1355995435943,-0.17087305,0.25861257,-0.9507481,-0.24073109,0.9247377,0.29480287,0.9554323,0.2792485,-0.09575665
1355995435983,-0.16087195,0.18542753,-0.9694002,-0.26522088,0.93794435,0.22342403,0.95067245,0.29304785,-0.101709664
1355995436023,-0.14984691,0.12588705,-0.9806623,-0.28107208,0.9455138,0.16432339,0.94791585,0.3002601,-0.10629898
1355995436063,-0.13841534,0.08804136,-0.9864532,-0.28423524,0.9506072,0.124724895,0.94871044,0.2976486,-0.10655415
1355995436121,-0.12886387,0.072475046,-0.9890104,-0.27489245,0.9556311,0.10584632,0.9528002,0.28551126,-0.10322344
1355995436143,-0.12297979,0.07827221,-0.98931766,-0.2564199,0.96052754,0.10786938,0.95870996,0.26694646,-0.098054886
1355995436183,-0.120402545,0.10692007,-0.9869505,-0.23183602,0.96366394,0.13268006,0.9652747,0.2447857,-0.09123963
1355995436236,-0.11688119,0.1656448,-0.97923464,-0.198401,0.9622235,0.1864483,0.9731267,0.21607345,-0.079601765
1355995436262,-0.11497486,0.25670215,-0.95962745,-0.16282493,0.94809806,0.27312642,0.9799331,0.18765393,-0.06720996
1355995436302,-0.10854852,0.3511394,-0.9300099,-0.12563795,0.9231901,0.36322868,0.9861199,0.15627247,-0.056094527
1355995436343,-0.10851872,0.43490982,-0.8939111,-0.08893299,0.8913687,0.4444691,0.9901084,0.12773138,-0.05805236
1355995436383,-0.13163286,0.47204852,-0.8716898,-0.056425154,0.87434775,0.48200858,0.9896914,0.11263339,-0.088457465
1355995436423,-0.19046271,0.4373585,-0.8788864,-0.037963033,0.891324,0.45177472,0.9809601,0.11941148,-0.15316051
1355995436463,-0.27322394,0.33750087,-0.90080065,-0.050581798,0.9300954,0.36381873,0.9606196,0.14496812,-0.23705292
1355995436503,-0.3468808,0.22097775,-0.9115057,-0.091326505,0.95927227,0.2673129,0.93345237,0.17597032,-0.312572
1355995436543,-0.3901939,0.1427763,-0.9095953,-0.13101195,0.9692422,0.20833977,0.91136414,0.20046078,-0.359487
1355995436583,-0.40442702,0.12279747,-0.9062888,-0.14880446,0.96890545,0.19768497,0.9023834,0.21480897,-0.3735788
1355995436623,-0.39769197,0.15202513,-0.90483665,-0.1447745,0.96342623,0.22549999,0.90602505,0.22067681,-0.3611375
1355995436663,-0.37678137,0.21157433,-0.90181595,-0.12954874,0.95196134,0.27746475,0.91719836,0.22137268,-0.33127213
1355995436703,-0.34696257,0.28292271,-0.8941878,-0.11469788,0.93345827,0.339853,0.9308392,0.22047769,-0.29142445
1355995436743,-0.3134285,0.35022575,-0.88266903,-0.10828702,0.9102602,0.39962518,0.9434175,0.22083549,-0.24737656
1355995436783,-0.281038,0.402214,-0.8713446,-0.11322938,0.8876993,0.4462836,0.9529936,0.22408447,-0.20393479
1355995436823,-0.25315797,0.43308288,-0.8650724,-0.12817065,0.8713038,0.47371086,0.95889693,0.2308006,-0.16506898
1355995436863,-0.23139521,0.4411863,-0.8670704,-0.14987667,0.86445296,0.47985214,0.9612457,0.24098909,-0.13390672
1355995436903,-0.21640319,0.42654282,-0.87819743,-0.17509799,0.86797076,0.46472293,0.960474,0.25433815,-0.113144875
1355995436943,-0.20767072,0.39187515,-0.89627385,-0.20148396,0.8794664,0.4312112,0.95722365,0.27013472,-0.103682876
1355995436983,-0.20248997,0.34566337,-0.91625035,-0.22701226,0.8935772,0.38727915,0.9526087,0.28642023,-0.10247064
1355995437023,-0.19664314,0.3015071,-0.93296564,-0.2479243,0.9053311,0.34483197,0.9486121,0.29911372,-0.10327625
1355995437063,-0.18731803,0.27128384,-0.94409585,-0.2589033,0.91348904,0.31385803,0.9475658,0.3032208,-0.10087669
1355995437103,-0.17508057,0.25965068,-0.94969904,-0.25682983,0.9191561,0.29864767,0.9504658,0.29619846,-0.09424037
1355995437143,-0.16240355,0.26595393,-0.9502071,-0.24316528,0.9225043,0.29976046,0.9562926,0.27973956,-0.08514726
1355995437183,-0.15081441,0.28916824,-0.9453236,-0.22177619,0.9219896,0.3174121,0.963364,0.2575206,-0.07491869
1355995437259,-0.1365534,0.33316723,-0.932927,-0.1924068,0.9148948,0.35489035,0.9717679,0.22796299,-0.060828328
1355995437264,-0.12311843,0.39579615,-0.91004795,-0.16300175,0.8965049,0.41195816,0.97891384,0.19905905,-0.045860767
1355995437290,-0.1062603,0.45769984,-0.8827342,-0.1361896,0.87269473,0.46888837,0.9849676,0.17004344,-0.030398846
1355995437334,-0.087485485,0.5149834,-0.8527241,-0.10839437,0.84600234,0.5220447,0.99025095,0.13810182,-0.018191636
1355995437373,-0.08159404,0.55662334,-0.8267483,-0.07936834,0.823251,0.56210184,0.9935004,0.111481816,-0.022994101
1355995437413,-0.10729294,0.5619463,-0.8201857,-0.049862057,0.8208683,0.5689367,0.99297637,0.10193902,-0.060053587
1355995437454,-0.17273399,0.5207954,-0.8360234,-0.028275564,0.8458102,0.53273416,0.9845626,0.11566034,-0.13137436
1355995437493,-0.2608018,0.44213986,-0.8581927,-0.028702646,0.88501316,0.46468037,0.9649656,0.14582191,-0.21812242
1355995437533,-0.33740872,0.35743997,-0.87085706,-0.050822943,0.91684085,0.3960049,0.93998533,0.17787501,-0.29118395
1355995437573,-0.38063794,0.2977144,-0.875489,-0.07805564,0.93303394,0.35121927,0.92142403,0.20202419,-0.33190984
1355995437613,-0.39019307,0.2716879,-0.87973577,-0.09847625,0.9376782,0.3332598,0.9154517,0.21666875,-0.3391207
1355995437653,-0.37588292,0.2707268,-0.8862387,-0.11149703,0.9362113,0.33328193,0.919935,0.22408797,-0.3217206
1355995437693,-0.3481018,0.2828365,-0.8937722,-0.121403866,0.9317713,0.3421452,0.9295624,0.22760874,-0.29001385
1355995437733,-0.314686,0.2992887,-0.9007769,-0.13197626,0.9259758,0.353767,0.93997604,0.2302067,-0.25189263
1355995437773,-0.28097892,0.3147483,-0.9066335,-0.14470075,0.91999793,0.36423278,0.9487426,0.23353226,-0.21295571
1355995437813,-0.25031033,0.32610908,-0.9115907,-0.15935746,0.9148451,0.37103063,0.9549607,0.23814158,-0.17702723
1355995437853,-0.22476625,0.33099967,-0.9164711,-0.17545135,0.911417,0.37220407,0.9584868,0.24445504,-0.14678144
1355995437893,-0.20571694,0.32736188,-0.9222335,-0.19298887,0.9103122,0.36617902,0.95939344,0.25331005,-0.12408942
1355995437933,-0.19396394,0.3136393,-0.9295204,-0.21213771,0.9116863,0.35188872,0.9577972,0.2654401,-0.11029953
1355995437973,-0.18870658,0.29046625,-0.9380933,-0.23216778,0.91498077,0.33001256,0.9541949,0.2800706,-0.10522598
1355995438013,-0.18637514,0.26252735,-0.94675434,-0.25015193,0.9191999,0.30413088,0.9500991,0.29351488,-0.105644286
1355995438053,-0.18219602,0.23703137,-0.95426446,-0.26102215,0.92402756,0.27935725,0.9479831,0.29998195,-0.1064837
1355995438093,-0.174023,0.21914469,-0.9600477,-0.26069582,0.92988694,0.25951508,0.94960713,0.29544201,-0.104691565
1355995438133,-0.16335315,0.21028182,-0.96389693,-0.24930716,0.9365122,0.2465581,0.95454794,0.28058246,-0.10055745
1355995438173,-0.15257788,0.2107548,-0.9655582,-0.23028646,0.942522,0.24211659,0.961087,0.25929657,-0.09527403
1355995438213,-0.14217582,0.22225975,-0.96456546,-0.20684575,0.94627964,0.24853507,0.96798795,0.23485196,-0.088564575
1355995438257,-0.1304172,0.24756174,-0.96005446,-0.18017815,0.9462827,0.26848653,0.9749499,0.2079961,-0.07880628
1355995438294,-0.11626002,0.2875922,-0.9506704,-0.15081108,0.94095135,0.3030951,0.9817024,0.17860949,-0.06602293
1355995438335,-0.10301262,0.3368239,-0.9359157,-0.11975836,0.9298768,0.34783196,0.9874444,0.1479148,-0.055451572
1355995438375,-0.101603754,0.38059804,-0.9191419,-0.08859238,0.9167907,0.38941765,0.9908724,0.12099528,-0.059431314
1355995438415,-0.12835714,0.3964422,-0.90904236,-0.059310198,0.9119154,0.4060698,0.9899529,0.10603747,-0.09353775
1355995438455,-0.19364315,0.36364684,-0.91118777,-0.039399803,0.92513573,0.37758645,0.9802805,0.10901764,-0.16481858
1355995438495,-0.28635585,0.278956,-0.9166154,-0.044397995,0.95178694,0.30352998,0.95709413,0.12761347,-0.26016468
1355995438534,-0.37377465,0.17140839,-0.9115436,-0.07848847,0.97340524,0.21522483,0.92419267,0.15199125,-0.35038066
1355995438574,-0.4288326,0.087070435,-0.89917815,-0.119613215,0.98110837,0.1520495,0.8954302,0.17275737,-0.41031647
1355995438615,-0.44828156,0.052457258,-0.89235187,-0.14374194,0.981055,0.12988186,0.8822595,0.18649203,-0.4322486
1355995438655,-0.44073358,0.06763621,-0.8950861,-0.14502059,0.9786926,0.14536087,0.88584584,0.19387133,-0.42153406
1355995438695,-0.41506037,0.11911409,-0.90196276,-0.1316062,0.9731043,0.18907095,0.9002248,0.19717975,-0.3882209
1355995438735,-0.3784871,0.18985352,-0.9059267,-0.11571156,0.9613555,0.24981278,0.91834545,0.19937712,-0.34189242
1355995438775,-0.33767664,0.263533,-0.9036177,-0.10706864,0.9430211,0.31503567,0.9351528,0.20312932,-0.29022008
1355995438814,-0.29865813,0.32730845,-0.8964778,-0.10965242,0.92136014,0.37292337,0.9480399,0.20967758,-0.23928154
1355995438855,-0.26540446,0.37404892,-0.8886214,-0.12210542,0.9012132,0.41581845,0.95637375,0.21886556,-0.19351262
1355995438895,-0.2395457,0.40125388,-0.8840889,-0.14094992,0.8865812,0.44057566,0.9605993,0.23015027,-0.15582001
1355995438935,-0.22140685,0.40857273,-0.8854645,-0.1635439,0.8795827,0.44675225,0.96137005,0.24372631,-0.12792611
1355995438975,-0.21074098,0.3964845,-0.8935257,-0.18841827,0.8804387,0.43511644,0.95921147,0.2600535,-0.110839546
1355995439014,-0.20582154,0.3683121,-0.90663314,-0.2138758,0.88714117,0.40894714,0.95493174,0.27807704,-0.10381967
1355995439055,-0.2026614,0.3324462,-0.9210906,-0.23640355,0.8961787,0.37546912,0.9502851,0.29384217,-0.10302937
1355995439113,-0.19703314,0.29982117,-0.93342656,-0.2506329,0.90504944,0.34361136,0.94781905,0.30165023,-0.10317963
1355995439133,-0.1875363,0.27819648,-0.94203866,-0.2523788,0.9132101,0.31992534,0.94928133,0.29774818,-0.101049185
1355995439174,-0.17561403,0.270539,-0.94655615,-0.24169421,0.92022276,0.3078539,0.95432895,0.28284058,-0.09621632
1355995439211,-0.1631276,0.27785993,-0.9466695,-0.222022,0.92457235,0.30963236,0.9612989,0.26069105,-0.08913225
1355995439253,-0.14994293,0.3018864,-0.9414785,-0.19638821,0.9241752,0.3276155,0.96899366,0.23401892,-0.079286575
1355995439295,-0.13442314,0.34425852,-0.9292021,-0.16661772,0.9165097,0.3636599,0.9768157,0.20370582,-0.06584054
1355995439335,-0.11590183,0.40227312,-0.90815365,-0.13408707,0.8996091,0.41560096,0.9841684,0.16994059,-0.050326705
1355995439375,-0.09889849,0.46477735,-0.87988704,-0.10014047,0.8750847,0.47349632,0.99004596,0.13494034,-0.04000151
1355995439415,-0.09579241,0.5119659,-0.85364795,-0.064660326,0.85257995,0.5185812,0.993299,0.104873285,-0.04856682
1355995439455,-0.12348679,0.52102244,-0.844563,-0.027292296,0.84897184,0.52773285,0.9919709,0.08821809,-0.09061694
1355995439495,-0.19132584,0.47467813,-0.859113,0.0028009713,0.8755429,0.48313224,0.98152256,0.090029344,-0.16884357
1355995439535,-0.28519168,0.37521103,-0.88197637,0.0051446557,0.9207775,0.3900543,0.95845664,0.10670276,-0.2645284
1355995439574,-0.36888433,0.26061225,-0.8921915,-0.024115853,0.9568805,0.28947905,0.9291625,0.12830022,-0.34669334
1355995439615,-0.41735348,0.17959589,-0.8908206,-0.060810927,0.9725597,0.22456527,0.9067073,0.14789474,-0.39497983
1355995439655,-0.4309572,0.15167025,-0.8895347,-0.08422335,0.9747095,0.2069971,0.8984332,0.16412649,-0.4072839
1355995439695,-0.42000753,0.1682473,-0.89178836,-0.092394814,0.96963096,0.22644867,0.902805,0.17750676,-0.39170712
1355995439735,-0.39400908,0.21121117,-0.89450914,-0.09302467,0.9590759,0.2674317,0.9143868,0.18858194,-0.3582368
1355995439774,-0.36003983,0.26388296,-0.8948391,-0.09432945,0.94395125,0.31631944,0.92815584,0.19829729,-0.3149681
1355995439813,-0.32336164,0.3137228,-0.8927571,-0.101436004,0.92651516,0.36232632,0.940823,0.20772015,-0.26777667
1355995439853,-0.28794244,0.35169885,-0.8907285,-0.11584095,0.91049945,0.3969528,0.95061564,0.21748234,-0.22143036
1355995439893,-0.25608727,0.37278777,-0.8918793,-0.13650417,0.89945436,0.41514874,0.9569671,0.22805953,-0.17945176
1355995439934,-0.22878811,0.3741358,-0.8987093,-0.16165125,0.89577734,0.41406742,0.9599608,0.24001119,-0.14446372
1355995439973,-0.20641881,0.35418916,-0.9121082,-0.18949933,0.90006346,0.39239746,0.95993817,0.25384212,-0.11867142
1355995440029,-0.191766,0.30688974,-0.9322256,-0.22213683,0.9116324,0.34580567,0.95597124,0.2733954,-0.106648564
1355995440074,-0.17507377,0.23173012,-0.9568962,-0.2527205,0.9287663,0.27115574,0.9515679,0.28929958,-0.10403967
1355995440113,-0.15926594,0.16238868,-0.9737886,-0.27228102,0.9408967,0.20143598,0.9489454,0.29722607,-0.10563743
