1355995095335,0.069977105,-0.22563466,-0.9716956,-0.05277759,-0.9735566,0.22226599,-0.9961515,0.035730205,-0.08003512
1355995095373,0.033266604,0.99894136,0.0317719,0.081062615,0.028987885,-0.9962874,-0.9961537,0.03571862,-0.0800125
1355995095413,0.033224553,0.99894494,0.03170237,0.080850065,0.028929561,-0.9963063,-0.9961723,0.035664916,-0.079803586
1355995095454,0.03314945,0.99895287,0.031530887,0.07994112,0.02879706,-0.99638355,-0.99624825,0.035550147,-0.07890278
1355995095493,0.03309676,0.9989668,0.031144917,0.07783079,0.028491229,-0.99655944,-0.9964171,0.035407007,-0.07680738
1355995095533,0.033133894,0.99898815,0.030409664,0.07400581,0.027890533,-0.9968677,-0.9967072,0.035280645,-0.07300681
1355995095574,0.03335473,0.9990171,0.029194295,0.068411976,0.02685985,-0.99729556,-0.99709946,0.03526181,-0.067448854
1355995095612,0.03381619,0.9990523,0.027405053,0.06182924,0.02527693,-0.9977666,-0.9975138,0.03543508,-0.060915887
1355995095653,0.03456503,0.99908245,0.025287658,0.05463481,0.023375928,-0.9982327,-0.997908,0.035885543,-0.05377674
1355995095694,0.035586923,0.9991066,0.022794753,0.047513306,0.021091908,-0.9986479,-0.99823654,0.03662184,-0.046720266
1355995095733,0.036691666,0.9991299,0.019828975,0.041452616,0.018303573,-0.99897283,-0.99846655,0.037476003,-0.04074496
1355995095773,0.037710875,0.99914956,0.016679198,0.037053496,0.015281409,-0.9991965,-0.99860156,0.038298637,-0.036445737
1355995095815,0.038476795,0.999172,0.013219327,0.034692377,0.011885494,-0.9993273,-0.998657,0.038909465,-0.03420627
1355995095854,0.038872033,0.9992001,0.009387225,0.034521073,0.008045882,-0.99937165,-0.9986477,0.039171726,-0.0341807
1355995095893,0.03895825,0.9992268,0.0053065717,0.035963565,0.003905058,-0.9993455,-0.99859345,0.039123595,-0.03578359
1355995095936,0.03887579,0.9992429,0.0014787018,0.038600653,-2.30968E-5,-0.9992547,-0.9984982,0.03890392,-0.03857237
1355995095973,0.03885451,0.99924386,-0.0014244616,0.041445613,-0.0030358732,-0.99913615,-0.99838495,0.038761914,-0.04153225
1355995096013,0.039004594,0.9992349,-0.0028648674,0.04413387,-0.004586965,-0.9990151,-0.99826396,0.038839787,-0.04427904
1355995096054,0.03931701,0.9992236,-0.0025239885,0.046173573,-0.0043400526,-0.998924,-0.9981594,0.039158195,-0.0463084
1355995096092,0.039698243,0.99921155,-5.250871E-4,0.04691711,-0.0023888946,-0.9988959,-0.9981096,0.039629728,-0.046974957
1355995096133,0.040082693,0.9991927,0.0026884973,0.045759052,8.522272E-4,-0.99895215,-0.99814796,0.040163666,-0.045687914
1355995096173,0.040571243,0.9991706,0.0034722388,0.042401016,0.0017503202,-0.99909914,-0.9982766,0.04068187,-0.0422948
1355995096213,0.040742755,0.99911535,0.0104215145,0.037564427,0.008891165,-0.9992547,-0.9984633,0.04110387,-0.03716892
1355995096274,0.040922225,0.9990413,0.015546232,0.0315499,0.014259517,-0.9994004,-0.99866414,0.041388124,-0.030936122
1355995096294,0.041132927,0.9989735,0.018976837,0.025183827,0.017950356,-0.9995216,-0.9988363,0.041591138,-0.024419606
1355995096325,0.041400224,0.99892104,0.021045148,0.01959911,0.020247191,-0.9996029,-0.9989504,0.041796237,-0.01873976
1355995096365,0.041830897,0.9988694,0.022581011,0.014941573,0.021972954,-0.99964684,-0.99901295,0.042153418,-0.014005482
1355995096395,0.042360723,0.9988255,0.023519725,0.011477292,0.023052752,-0.99966836,-0.99903643,0.042616606,-0.010487318
1355995096443,0.043022215,0.99877214,0.024563134,0.00928846,0.024185002,-0.9996643,-0.9990309,0.043235898,-0.008236527
1355995096463,0.04405099,0.9986795,0.026431382,0.008969039,0.02606064,-0.99962014,-0.99898905,0.04427129,-0.007809192
1355995096504,0.045420647,0.9985192,0.029937625,0.010446042,0.0294922,-0.9995104,-0.9989133,0.04571116,-0.009091049
1355995096541,0.047112823,0.99825406,0.0356268,0.01358223,0.035022855,-0.9992942,-0.9987973,0.047563493,-0.011908531
1355995096584,0.049162626,0.9978269,0.043871343,0.018344462,0.043014944,-0.998906,-0.99862236,0.049913645,-0.016189873
1355995096623,0.051542282,0.9971742,0.05465302,0.024589837,0.05344194,-0.9982681,-0.998368,0.05279693,-0.021765888
1355995096663,0.054228753,0.99624777,0.06745154,0.032317758,0.06576434,-0.9973117,-0.99800545,0.05626285,-0.028630197
1355995096703,0.057044357,0.99503744,0.08152601,0.04126644,0.07923916,-0.9960011,-0.9975184,0.060180545,-0.03654152
1355995096743,0.0597353,0.99359655,0.09590417,0.050893694,0.09291929,-0.994372,-0.996916,0.06428,-0.045017183
1355995096783,0.06202829,0.99204427,0.10954693,0.060304344,0.10583264,-0.99255365,-0.99625087,0.068172514,-0.05325991
1355995096823,0.063634515,0.990576,0.12128362,0.068164706,0.116931915,-0.99079794,-0.99564254,0.07131618,-0.060081363
1355995096863,0.064168245,0.98948526,0.12961972,0.07289943,0.12489262,-0.9894885,-0.9952729,0.07294294,-0.06411874
1355995096903,0.06291792,0.9891867,0.13248053,0.07307702,0.12782094,-0.98910147,-0.99533975,0.07191354,-0.06424463
1355995096943,0.058737725,0.99012184,0.1273134,0.06784713,0.12327924,-0.99004996,-0.99596524,0.06679115,-0.05993575
1355995096983,0.050335437,0.99244636,0.11187744,0.057218015,0.10896984,-0.99239695,-0.997092,0.056354135,-0.051300764
1355995097023,0.037018478,0.99564207,0.085594445,0.0421983,0.08401936,-0.9955702,-0.9984232,0.040466398,-0.03890407
1355995097063,0.019050658,0.9985721,0.04990819,0.02429244,0.049440205,-0.99848163,-0.9995234,0.020234197,-0.023315907
1355995097103,-0.0022607446,0.99996555,0.00798744,0.005238086,0.007999182,-0.9999542,-0.9999837,-0.0022188127,-0.005255997
1355995097143,-0.02485609,0.9990413,-0.036034644,-0.013265252,-0.036372244,-0.9992503,-0.999603,-0.024359494,0.01415664
1355995097183,-0.046537876,0.99585843,-0.0781039,-0.030191422,-0.07955521,-0.9963732,-0.9984602,-0.044010997,0.033768713
1355995097223,-0.065114856,0.9912931,-0.11444682,-0.0451698,-0.11750066,-0.99204504,-0.99685496,-0.05942729,0.05242753
1355995097273,-0.07868254,0.98674905,-0.14189923,-0.058143646,-0.14664054,-0.9874795,-0.99520266,-0.06944686,0.068911225
1355995097305,-0.085938096,0.9835993,-0.15857765,-0.06848511,-0.16462201,-0.98397624,-0.9939438,-0.073700875,0.08150929
1355995097345,-0.08649665,0.982607,-0.16432253,-0.07461345,-0.17086685,-0.982465,-0.9934542,-0.072719246,0.0880951
1355995097384,-0.08126217,0.9835819,-0.16113105,-0.07461941,-0.16721582,-0.98309255,-0.99389565,-0.067864686,0.08698258
1355995097425,-0.07317096,0.9853818,-0.15384638,-0.06838328,-0.15885395,-0.98493105,-0.9949722,-0.061547816,0.07900715
1355995097454,-0.066403866,0.9866493,-0.14870682,-0.060358733,-0.15273488,-0.9864223,-0.9959656,-0.05652657,0.069695085
1355995097495,-0.062445283,0.98707783,-0.14757344,-0.051244974,-0.15083796,-0.98722935,-0.9967319,-0.054085463,0.06000191
1355995097524,-0.060379088,0.9866998,-0.15092275,-0.044429153,-0.1537053,-0.9871173,-0.9971862,-0.052895874,0.053118855
1355995097565,-0.05855471,0.9860828,-0.1556029,-0.04281667,-0.15820765,-0.98647714,-0.9973656,-0.051100463,0.051484525
1355995097594,-0.055546165,0.98512185,-0.16263345,-0.044574022,-0.16516918,-0.9852575,-0.9974607,-0.04747808,0.053085297
1355995097625,-0.050136983,0.9845586,-0.16772202,-0.049551845,-0.17017853,-0.98416656,-0.99751234,-0.041032255,0.057318985
1355995097664,-0.03960985,0.98501843,-0.16783834,-0.05873078,-0.1699748,-0.9836967,-0.99748766,-0.029106855,0.0645836
1355995097695,-0.028054237,0.9855794,-0.16687194,-0.06761733,-0.16842633,-0.98339224,-0.99731684,-0.01630494,0.07136732
1355995097735,-0.012052238,0.9874879,-0.15723366,-0.07604399,-0.15769488,-0.9845556,-0.9970316,9.056926E-5,0.07699311
1355995097765,0.0061213374,0.99079967,-0.13519812,-0.08188692,-0.13424999,-0.98755836,-0.9966228,0.0171161,0.080311745
1355995097804,0.031275928,0.99523145,-0.092390954,-0.081029,-0.0896073,-0.99267554,-0.9962209,0.03853318,0.07784009
1355995097835,0.0596506,0.99809945,-0.015470713,-0.07104719,-0.011214018,-0.99740994,-0.9956877,0.060595274,0.07024318
1355995097874,0.08928388,0.99159694,0.09361601,-0.039117187,0.097409904,-0.99447536,-0.9952378,0.085128665,0.04748556
1355995097905,0.10739893,0.96391344,0.24359074,0.0133241415,0.24359035,-0.96978676,-0.9941268,0.10739973,0.013318002
1355995097934,0.100615665,0.9197773,0.37932318,0.081430286,0.37236595,-0.92450666,-0.99158734,0.12390825,-0.037431896
1355995097975,0.057933465,0.89386994,0.44456744,0.16638523,0.43044174,-0.8871504,-0.9843575,0.12536517,-0.12378979
1355995098014,-0.010405958,0.8890676,0.4576577,0.25724298,0.44465846,-0.8579656,-0.9662907,0.108801275,-0.23333347
1355995098045,-0.080940545,0.8880805,0.45250595,0.3351464,0.45181048,-0.8267673,-0.9386828,0.084736735,-0.33420676
1355995098085,-0.14276803,0.893957,0.42480364,0.39470828,0.4450184,-0.80384326,-0.9076468,0.052910417,-0.4163866
1355995098124,-0.19357713,0.8886847,0.41565305,0.42161578,0.45790392,-0.7826648,-0.88587135,0.023739934,-0.46332324
1355995098165,-0.23330045,0.86629677,0.441702,0.4103702,0.49951893,-0.76293975,-0.8815708,0.0032671094,-0.47204036
1355995098205,-0.26307178,0.8167869,0.51347095,0.36227357,0.57690203,-0.73208046,-0.8941762,-0.006572783,-0.447667
1355995098233,-0.2828452,0.7392305,0.6111766,0.29756543,0.6733847,-0.6767628,-0.9118407,-0.009554058,-0.41043305
1355995098281,-0.2834279,0.59466124,0.7523607,0.20496018,0.80396634,-0.5582378,-0.93683505,-0.004016191,-0.34974837
1355995098300,-0.25981796,0.40869132,0.8749091,0.11954829,0.9126676,-0.39082748,-0.958229,0.0030498803,-0.28598577
1355995098330,-0.21509922,0.20418651,0.955008,0.054087892,0.9788883,-0.19710988,-0.9750933,0.009256192,-0.22160208
1355995098374,-0.1525583,-0.001977935,0.9882925,0.011199873,0.9999303,0.003730101,-0.988231,0.011637809,-0.15252554
1355995098413,-0.08914101,-0.1478722,0.98498106,-0.0043955,0.9889667,0.14807275,-0.99600935,0.0088698715,-0.08880746
1355995098453,-0.03602922,-0.22738707,0.9731378,-0.006899774,0.97380334,0.22728714,-0.999327,0.001474537,-0.036654294
1355995098493,0.0030314336,-0.24083258,0.9705619,-0.008215085,0.97052765,0.24084973,-0.9999617,-0.008703373,9.636283E-4
1355995098533,0.027219951,-0.18663293,0.9820526,-0.015466206,0.98222035,0.18709351,-0.9995099,-0.020281315,0.023849487
1355995098573,0.035497844,-0.05586891,0.9978069,-0.03108857,0.9978912,0.05697963,-0.9988861,-0.033043046,0.0336861
1355995098613,0.025759041,0.15323289,0.9878543,-0.05217955,0.98704123,-0.15174614,-0.9983054,-0.047636967,0.03342086
1355995098653,-0.0010099746,0.40500513,0.9143138,-0.06904936,0.91210383,-0.40410244,-0.9976127,-0.063540936,0.027044177
1355995098693,-0.033778563,0.62005854,0.78382814,-0.07266897,0.780676,-0.6206966,-0.996784,-0.07792622,0.018688917
1355995098733,-0.057605594,0.7494093,0.6595964,-0.066054344,0.6563847,-0.7515291,-0.99615186,-0.08686146,0.011690319
1355995098773,-0.066484645,0.8049191,0.58964837,-0.05793366,0.58684474,-0.8076243,-0.99610424,-0.08785504,0.0076156855
1355995098813,-0.0616007,0.80913925,0.58437914,-0.052473992,0.582056,-0.8114538,-0.9967205,-0.080650866,0.0066037774
1355995098853,-0.045299277,0.76636016,0.6408121,-0.048571616,0.63902223,-0.76765317,-0.99779195,-0.06589937,0.008276105
1355995098894,-0.020434454,0.6626664,0.74863595,-0.040705025,0.74762,-0.66287816,-0.9989622,-0.044018805,0.011696637
1355995098933,0.005273223,0.4872526,0.8732452,-0.020063996,0.87313306,-0.4870689,-0.99978477,-0.0149523765,0.014380455
1355995098973,0.01612979,0.27608025,0.96099925,0.016697481,0.96091586,-0.27633655,-0.99973047,0.020503506,0.01088953
1355995099013,-0.0018295348,0.104923055,0.99447864,0.05964178,0.9927214,-0.10462793,-0.9982181,0.05912105,-0.008074045
1355995099053,-0.053363025,0.015973147,0.9984474,0.094664216,0.99544996,-0.010865767,-0.99407804,0.09393741,-0.054632306
1355995099093,-0.13752139,0.0045050085,0.9904885,0.114552245,0.99335194,0.011386633,-0.9838524,0.11502859,-0.13712323
1355995099133,-0.24455026,0.0429461,0.9686851,0.121818915,0.99246395,-0.013246413,-0.96195394,0.11476475,-0.24793893
1355995099173,-0.3522463,0.093242206,0.93125105,0.12174416,0.99113536,-0.05318836,-0.92795527,0.094638966,-0.36047548
1355995099213,-0.4362044,0.11970122,0.89185053,0.112044424,0.9906248,-0.0781574,-0.89284474,0.06583428,-0.44552672
1355995099271,-0.48434287,0.1076011,0.8682361,0.08758763,0.99338573,-0.07425048,-0.87048286,0.040084057,-0.49056387
1355995099313,-0.49663198,0.06456505,0.8655565,0.052112248,0.9976485,-0.044517733,-0.86639535,0.022997165,-0.49882877
1355995099333,-0.47853914,0.008346187,0.87802666,0.017000135,0.99985546,-2.3889169E-4,-0.87790173,0.014812252,-0.4786119
1355995099374,-0.43743914,-0.04422757,0.89815974,-0.007603245,0.998936,0.045486964,-0.8992158,0.013068849,-0.43730998
1355995099411,-0.3810308,-0.08147918,0.92096496,-0.018334202,0.99657923,0.08058347,-0.9243804,0.013819627,-0.38122123
1355995099453,-0.314393,-0.100196764,0.94399023,-0.019239165,0.99488235,0.099191,-0.9490979,0.013023376,-0.3147118
1355995099493,-0.24331707,-0.09621954,0.9651625,-0.01576582,0.9953283,0.0952523,-0.9698187,0.007959925,-0.24369735
1355995099533,-0.1737363,-0.06740111,0.9824829,-0.013502862,0.9977244,0.06605895,-0.9846996,-0.0017894916,-0.17425102
1355995099573,-0.11252785,-0.008220921,0.99361455,-0.01546432,0.99985915,0.0065212375,-0.99352825,-0.014631752,-0.11263913
1355995099613,-0.0661318,0.08689226,0.99402016,-0.02294023,0.9958053,-0.088574514,-0.9975471,-0.028660651,-0.06386107
1355995099653,-0.039120942,0.21946838,0.97483486,-0.035273694,0.97467035,-0.2208469,-0.9986116,-0.043025777,-0.030388594
1355995099693,-0.032539908,0.38036612,0.9242633,-0.048888564,0.9230404,-0.381584,-0.998274,-0.05760263,-0.011440098
1355995099733,-0.041767,0.5453331,0.83717823,-0.05810134,0.83516574,-0.5469209,-0.99743664,-0.0714844,-0.0031977892
1355995099773,-0.05682145,0.68497056,0.7263516,-0.059274197,0.7239292,-0.6873231,-0.9966233,-0.08210862,-5.336404E-4
1355995099813,-0.0675811,0.78437996,0.6165881,-0.05382678,0.61423457,-0.78728557,-0.99626076,-0.08639455,7.099509E-4
1355995099853,-0.06895509,0.84717476,0.5268209,-0.045943916,0.5248207,-0.849972,-0.9965613,-0.0828141,0.0027334094
1355995099893,-0.060320318,0.88319033,0.4651196,-0.038877666,0.46353585,-0.8852248,-0.9974216,-0.07147983,0.0063757896
1355995099933,-0.042420983,0.8998216,0.4341906,-0.033703566,0.4330457,-0.9007416,-0.9985311,-0.052844137,0.01195699
1355995099973,-0.015612334,0.8992971,0.43705922,-0.028909951,0.43652382,-0.8992281,-0.99946004,-0.02667448,0.019183517
1355995100013,0.018724203,0.878806,0.47681183,-0.019269437,0.47712398,-0.8786248,-0.9996391,0.00726372,0.02586782
1355995100053,0.05399503,0.8331169,0.55045515,0.004596919,0.551046,-0.8344622,-0.9985307,0.047587216,0.025923967
1355995100093,0.07386628,0.7652974,0.6394245,0.051024973,0.63743603,-0.76881194,-0.99596196,0.08941591,0.008035719
1355995100133,0.056947894,0.69979,0.712075,0.1172975,0.70360315,-0.7008451,-0.9914626,0.12343624,-0.042014897
1355995100173,-0.006738037,0.6680579,0.74407876,0.19172527,0.7311541,-0.65471756,-0.9814255,0.13824722,-0.13301015
1355995100213,-0.10531044,0.67413,0.73106664,0.26482671,0.7276184,-0.6328019,-0.95852834,0.12696537,-0.25515348
1355995100274,-0.210937,0.69346297,0.6889228,0.32622048,0.7143154,-0.6191395,-0.92145854,0.094141304,-0.37689734
1355995100295,-0.29810596,0.70040935,0.6485057,0.36113006,0.7116535,-0.6026064,-0.8835825,0.054554343,-0.46508694
1355995100335,-0.35736716,0.6859043,0.6338958,0.36137015,0.72740006,-0.583353,-0.8612202,0.020599842,-0.5078143
1355995100375,-0.3893391,0.64915466,0.6534626,0.32938552,0.7606522,-0.5593866,-0.86018616,-0.002549976,-0.50997376
1355995100415,-0.3956061,0.591347,0.70271224,0.27438644,0.80628693,-0.52403575,-0.8764747,-0.014497042,-0.4812296
1355995100455,-0.376812,0.51620275,0.7691212,0.20920938,0.8562971,-0.4722147,-0.9023548,-0.017028794,-0.4306575
1355995100494,-0.33512986,0.4326126,0.83697927,0.1470828,0.9014816,-0.4070596,-0.93062055,-0.013312578,-0.36574328
1355995100534,-0.2761202,0.3535028,0.89375246,0.097096786,0.93540657,-0.33998054,-0.95620596,-0.007094994,-0.29260862
1355995100575,-0.20851767,0.29315698,0.9330484,0.062158294,0.95606273,-0.28649676,-0.9760414,-0.0017429292,-0.21757811
1355995100615,-0.14232373,0.26434073,0.95387,0.039666258,0.96442914,-0.2613485,-0.98902506,6.403774E-4,-0.14774656
1355995100655,-0.08612269,0.27591074,0.9573171,0.024094239,0.9611831,-0.27485737,-0.99599314,-6.056428E-4,-0.08942753
1355995100694,-0.045520872,0.33116814,0.94247305,0.010162801,0.9435557,-0.33105773,-0.9989116,-0.0054918826,-0.0463171
1355995100735,-0.023008708,0.42500415,0.904899,-0.004892707,0.90507984,-0.42521352,-0.9997233,-0.014211014,-0.018745303
1355995100773,-0.017753541,0.54174125,0.8403578,-0.020197064,0.8401244,-0.5420176,-0.99963844,-0.026595503,-0.0039736032
1355995100813,-0.024806947,0.6573242,0.75319946,-0.03224787,0.7525132,-0.6577872,-0.999172,-0.040606827,0.0025298
1355995100853,-0.035518825,0.7503173,0.660123,-0.03838855,0.65902793,-0.75113815,-0.99863136,-0.05202073,0.0053957105
1355995100893,-0.041455448,0.8125235,0.58145237,-0.0395222,0.5801637,-0.81354046,-0.99835837,-0.05670601,0.008061826
1355995100933,-0.038656384,0.8472472,0.5297905,-0.038500488,0.52853024,-0.848041,-0.9985106,-0.053179383,0.012188375
1355995100973,-0.027022332,0.85996985,0.5096291,-0.037132323,0.50859976,-0.860202,-0.99894506,-0.04216832,0.018189073
1355995101013,-0.0073488057,0.8523786,0.5228735,-0.035065502,0.5223464,-0.8520121,-0.99935794,-0.024596155,0.026050508
1355995101053,0.01941602,0.82102,0.5705693,-0.029237837,0.570899,-0.82049954,-0.9993839,-7.5134635E-4,0.035089433
1355995101093,0.049978912,0.75911283,0.6490376,-0.013207793,0.65029526,-0.7595668,-0.99866295,0.029389948,0.04252726
1355995101133,0.074204475,0.6648416,0.74328965,0.020484507,0.744171,-0.667675,-0.9970327,0.06477043,0.041601837
1355995101173,0.07365748,0.55619067,0.8277842,0.0723982,0.82486653,-0.56067246,-0.9946523,0.10122782,0.020490348
1355995101214,0.028969973,0.4687452,0.8828583,0.13166562,0.8737438,-0.46822643,-0.99087083,0.1298066,-0.036405325
1355995101284,-0.065405905,0.42131346,0.90455353,0.18371756,0.89608264,-0.40408385,-0.9808006,0.13975291,-0.13601178
1355995101296,-0.19619441,0.40643704,0.8923658,0.22031683,0.90505576,-0.36377823,-0.9554937,0.12523195,-0.26711178
1355995101334,-0.32530314,0.3865885,0.86297584,0.23469418,0.9170655,-0.32235,-0.9160222,0.09767395,-0.38905436
1355995101375,-0.42334598,0.34571147,0.8374137,0.22395588,0.93557733,-0.27301794,-0.8778507,0.0719627,-0.47349703
1355995101415,-0.4803068,0.27861565,0.83167225,0.19005212,0.95873857,-0.21142495,-0.8562626,0.056512244,-0.5134402
1355995101455,-0.49808133,0.19309099,0.84535843,0.14155479,0.97992015,-0.14042324,-0.85549825,0.04972234,-0.5154129
1355995101494,-0.4828115,0.10130635,0.86984485,0.090164155,0.993758,-0.065691836,-0.8710703,0.046712056,-0.488932
1355995101524,-0.45255226,0.025723519,0.8913668,0.05093023,0.9986978,-0.0029633474,-0.89028233,0.044056445,-0.45327306
1355995101554,-0.41199324,-0.035514254,0.9104945,0.022411436,0.99854296,0.04908966,-0.91091126,0.0406301,-0.41059697
1355995101595,-0.35535794,-0.0884082,0.93054,0.0010753386,0.9954778,0.094988436,-0.93472964,0.034755543,-0.35365587
1355995101635,-0.2902016,-0.11730693,0.9497485,-0.008107185,0.9927241,0.12013781,-0.95693123,0.027164396,-0.28904116
1355995101675,-0.22403198,-0.12145683,0.96698385,-0.008414071,0.99240804,0.122700825,-0.9745454,0.019352648,-0.22335309
1355995101715,-0.1639854,-0.10017219,0.9813635,-0.003990095,0.9948899,0.100886166,-0.98645467,0.012628127,-0.16354716
1355995101754,-0.11539239,-0.053969953,0.99185264,2.7707592E-4,0.9985211,0.054365035,-0.99331987,0.0065481327,-0.11520678
1355995101795,-0.08057475,0.01441456,0.9966444,-2.1199835E-4,0.99989516,-0.014478715,-0.99674857,-0.0013779062,-0.08056325
1355995101834,-0.059235185,0.09973159,0.99324965,-0.007152252,0.99492884,-0.10032674,-0.9982184,-0.013046838,-0.05822146
1355995101875,-0.049107462,0.19385488,0.97980034,-0.017282605,0.9806721,-0.19489357,-0.998644,-0.026504233,-0.04480803
1355995101915,-0.045879424,0.28637072,0.9570198,-0.02409473,0.9574327,-0.28764933,-0.9986564,-0.03625633,-0.037026405
1355995101955,-0.044553343,0.36669347,0.92927444,-0.022996366,0.92957515,-0.36791468,-0.99874234,-0.037761763,-0.032983065
1355995101995,-0.04183832,0.42746997,0.90306085,-0.014067143,0.9035107,-0.4283346,-0.9990253,-0.030624315,-0.03178805
1355995102034,-0.03644252,0.4649249,0.8845998,-1.1757016E-4,0.8851858,-0.46523774,-0.99933577,-0.017058447,-0.032203734
1355995102074,-0.027707782,0.47703713,0.87844634,0.0166661,0.87888205,-0.47674805,-0.99947715,0.0014306754,-0.0323022
1355995102113,-0.015713692,0.46267533,0.8863886,0.03642699,0.8861744,-0.4619178,-0.9992128,0.025030047,-0.030778944
1355995102153,-0.0038903058,0.4235218,0.90587753,0.06160572,0.9042653,-0.4225034,-0.99809295,0.05416356,-0.029609203
1355995102193,-0.0020911992,0.3678711,0.9298744,0.094410285,0.9257957,-0.36604518,-0.9955312,0.08702423,-0.03666681
1355995102233,-0.025773823,0.3115634,0.9498757,0.13237867,0.9428871,-0.30567917,-0.99086404,0.117864765,-0.065546155
1355995102295,-0.09172541,0.272514,0.9577696,0.1674248,0.9523525,-0.25493842,-0.98160857,0.13697006,-0.13298053
1355995102313,-0.19457296,0.24750492,0.9491485,0.18910596,0.95895416,-0.2112957,-0.96248657,0.13837719,-0.23339117
1355995102354,-0.31551623,0.23295179,0.91988206,0.19270435,0.96492875,-0.17826258,-0.92914724,0.12102055,-0.3493415
1355995102391,-0.4197402,0.2078864,0.88351655,0.17780095,0.97339004,-0.14456363,-0.890059,0.09641093,-0.44553334
1355995102434,-0.48549923,0.16365644,0.8587823,0.14705706,0.98361266,-0.10430869,-0.8617799,0.075648226,-0.50161004
1355995102473,-0.5107875,0.10268545,0.8535525,0.106032774,0.99278545,-0.05598298,-0.85314316,0.061909135,-0.51799035
1355995102513,-0.50120115,0.033410653,0.86468554,0.06307679,0.9980067,-0.0020006094,-0.86302876,0.05353888,-0.5023095
1355995102554,-0.4652313,-0.033445574,0.88455707,0.027180236,0.99827504,0.05204071,-0.88477176,0.04825344,-0.4635197
1355995102593,-0.41194803,-0.08765665,0.90698135,0.0039924346,0.995179,0.097994,-0.9111986,0.043989494,-0.40961206
1355995102633,-0.3484326,-0.12303363,0.9292241,-0.006329879,0.9916343,0.1289235,-0.9373124,0.03903928,-0.34629655
1355995102673,-0.2810362,-0.13613032,0.9499933,-0.0070545822,0.99015486,0.13979836,-0.9596713,0.03258659,-0.2792297
1355995102713,-0.21544194,-0.1263439,0.9683088,-0.0032195859,0.9916813,0.12867719,-0.97651136,0.024604905,-0.21405655
1355995102753,-0.15697247,-0.09446235,0.983075,-1.8547475E-4,0.995418,0.095618755,-0.98760295,0.0148271695,-0.15627074
1355995102793,-0.110226184,-0.04237369,0.9930029,-0.0025106482,0.9990995,0.042355157,-0.9939034,0.0021755658,-0.11023331
1355995102833,-0.07798123,0.027224626,0.99658304,-0.012124685,0.9995272,-0.028253797,-0.99688107,-0.014286523,-0.07761431
1355995102873,-0.059805095,0.10959882,0.99217516,-0.027337067,0.9934016,-0.1113821,-0.9978357,-0.033784375,-0.056414366
1355995102913,-0.051857293,0.19783205,0.9788633,-0.042826362,0.9788398,-0.20009613,-0.9977358,-0.052297592,-0.042287588
1355995102953,-0.048078537,0.28300273,0.9579132,-0.05213262,0.95700425,-0.28535074,-0.9974821,-0.063657776,-0.03125769
1355995102993,-0.042715248,0.35680562,0.93320155,-0.051619247,0.9320184,-0.35871595,-0.9977529,-0.0634938,-0.021393359
1355995103033,-0.032746013,0.41375902,0.90979725,-0.042108566,0.9089061,-0.4148693,-0.9985762,-0.051895604,-0.012340248
1355995103073,-0.01769868,0.4511733,0.8922608,-0.026646718,0.89187074,-0.45150462,-0.9994881,-0.03176689,-0.0037626624
1355995103113,0.0021270476,0.46782485,0.88381857,-0.007295072,0.8838044,-0.46779972,-0.9999711,-0.005452499,0.0052927136
1355995103153,0.025545713,0.46340787,0.88577676,0.01602538,0.8857623,-0.46386245,-0.9995451,0.026044577,0.015201151
1355995103193,0.048260603,0.43976265,0.8968165,0.045441106,0.8959664,-0.44179112,-0.9978006,0.062073454,0.0232566
1355995103233,0.059661806,0.40300453,0.9132513,0.08271846,0.9097384,-0.4068583,-0.99478555,0.09981665,0.020940721
1355995103277,0.039708853,0.36615413,0.9297065,0.12645364,0.921118,-0.36817262,-0.9911774,0.13218448,-0.009724975
1355995103313,-0.02248168,0.33346558,0.94249415,0.16655165,0.9308076,-0.3253579,-0.9857764,0.1496594,-0.07646537
1355995103353,-0.13724592,0.3168447,0.938495,0.19102757,0.9381413,-0.28878933,-0.97194237,0.13964325,-0.18928218
1355995103393,-0.27844566,0.300677,0.91217405,0.1918493,0.9480062,-0.25392532,-0.9410961,0.104295544,-0.3216529
1355995103433,-0.40110135,0.27219093,0.87465984,0.17094369,0.9603018,-0.22045107,-0.8999422,0.06109439,-0.43170768
1355995103473,-0.47860393,0.22906849,0.8476237,0.13716644,0.97302234,-0.18550728,-0.8672507,0.027481005,-0.4971128
1355995103513,-0.51035804,0.17678416,0.841595,0.09867039,0.9842166,-0.14690757,-0.8542827,0.008065052,-0.51974624
1355995103553,-0.5050532,0.12210628,0.854407,0.06139631,0.99251664,-0.1055517,-0.8609018,-8.517802E-4,-0.50877064
1355995103593,-0.471646,0.07147379,0.8788866,0.030117005,0.9974338,-0.06495242,-0.8812735,-0.0041651167,-0.47258824
1355995103633,-0.4188065,0.030977765,0.907547,0.0083800275,0.99950725,-0.030249555,-0.9080368,-0.0050634416,-0.41885972
1355995103673,-0.35486194,0.0054737665,0.9349026,-0.0025205489,0.99997365,-0.0068114786,-0.93491524,-0.0047736033,-0.3548388
1355995103713,-0.2872967,-0.0020978104,0.9578393,-0.0038946078,0.9999919,0.0010219724,-0.9578337,-0.0034367992,-0.28730255
1355995103753,-0.22239992,0.009452753,0.97490966,6.972705E-4,0.9999542,-0.0095365215,-0.9749552,-0.0014411462,-0.22239637
1355995103794,-0.16509941,0.039739862,0.9854761,0.006557528,0.99921006,-0.039195098,-0.9862552,-8.799136E-6,-0.16522962
1355995103835,-0.119479775,0.08808312,0.9889216,0.009024821,0.9961119,-0.08763319,-0.99279565,-0.0015455522,-0.119810164
1355995103873,-0.08794832,0.15264904,0.9843593,0.0052189752,0.9882456,-0.15278542,-0.99611133,-0.00829988,-0.087711215
1355995103913,-0.0697912,0.23013815,0.9706522,-0.0038307682,0.97295576,-0.23095974,-0.9975543,-0.019837283,-0.067022145
1355995103953,-0.06069702,0.3144483,0.9473321,-0.013040766,0.94875115,-0.31575486,-0.998071,-0.031519324,-0.05348575
1355995103993,-0.05401108,0.39741158,0.91604954,-0.016379535,0.91691256,-0.39875177,-0.998406,-0.03654149,-0.04301405
1355995104033,-0.043913156,0.47155565,0.8807423,-0.011164606,0.88130605,-0.47241414,-0.998973,-0.030578315,-0.03343618
1355995104073,-0.028273076,0.53207684,0.84622383,7.8737736E-4,0.8465738,-0.53227067,-0.99959993,-0.014382631,-0.02435422
1355995104113,-0.007730365,0.57623756,0.81724566,0.015877903,0.8172378,-0.5760819,-0.999844,0.008522838,-0.015466988
1355995104153,0.016757421,0.60124975,0.79888546,0.031733096,0.7982753,-0.6014562,-0.9993559,0.035430014,-0.0057024956
1355995104193,0.04390171,0.6033174,0.7962919,0.048793882,0.7948142,-0.60488796,-0.99784356,0.06540981,0.005455494
1355995104233,0.06937647,0.5791948,0.8122317,0.07079455,0.80928224,-0.5831384,-0.9950754,0.09795767,0.015141308
1355995104278,0.08230078,0.53177875,0.8428749,0.10238491,0.83675754,-0.5379165,-0.99133444,0.13056862,0.014419675
1355995104315,0.06557906,0.47820145,0.87579834,0.14256106,0.86419404,-0.4825402,-0.9876112,0.15649928,-0.011499882
1355995104355,0.0043062884,0.4489749,0.893534,0.18239857,0.87819993,-0.44214898,-0.9832153,0.16488336,-0.078110576
1355995104395,-0.09998718,0.46394107,0.8802053,0.21588841,0.8736795,-0.43597752,-0.9712851,0.14643395,-0.18751621
1355995104434,-0.22145107,0.5106448,0.83078355,0.2477532,0.8534437,-0.45853263,-0.9431743,0.104286775,-0.31550992
1355995104475,-0.3239066,0.55335915,0.76738405,0.27815416,0.83096313,-0.48179924,-0.9042759,0.05739312,-0.4230736
1355995104514,-0.39044926,0.5675614,0.72486097,0.29456744,0.822985,-0.48572195,-0.87222666,0.023870662,-0.48851895
1355995104554,-0.4248842,0.5483835,0.72024226,0.28740695,0.8361834,-0.467113,-0.85841167,0.008533716,-0.51289034
1355995104595,-0.4344896,0.49931544,0.7496018,0.25784904,0.866388,-0.42765135,-0.8629789,0.00747402,-0.5051846
1355995104635,-0.4232844,0.42800716,0.7985237,0.21482673,0.9036554,-0.37048134,-0.88015896,0.014725268,-0.4744506
1355995104675,-0.39363998,0.34610307,0.8516221,0.16921276,0.93786716,-0.3029393,-0.9035566,0.024856314,-0.42774707
1355995104715,-0.3488347,0.26783633,0.8980969,0.12937537,0.9628801,-0.23690498,-0.92821133,0.03355094,-0.3705374
1355995104755,-0.29352936,0.20678478,0.933317,0.09935439,0.9776357,-0.1853569,-0.95077294,0.038321435,-0.30750978
1355995104795,-0.23339039,0.17527394,0.95645595,0.079665616,0.9837604,-0.1608379,-0.9691142,0.038658615,-0.24356353
1355995104833,-0.17411178,0.18420342,0.96734387,0.06771579,0.9822627,-0.17485616,-0.9823949,0.035059944,-0.18349695
1355995104873,-0.120907396,0.24365872,0.96229506,0.058827132,0.9694619,-0.23808208,-0.9909191,0.027823158,-0.13154882
1355995104913,-0.079067916,0.35989648,0.9296359,0.048144445,0.93284583,-0.3570444,-0.99570596,0.016526029,-0.091085196
1355995104953,-0.053491324,0.52503896,0.8493955,0.03437859,0.85107744,-0.52391356,-0.9979763,0.0011761785,-0.06357533
1355995104993,-0.04477422,0.6992247,0.7134985,0.021583647,0.714725,-0.69907236,-0.9987639,-0.015900522,-0.047093093
1355995105034,-0.045141906,0.83200693,0.5529255,0.01464963,0.55398154,-0.8324,-0.9988732,-0.029475987,-0.037196398
1355995105073,-0.043519765,0.9089999,0.41451806,0.013098687,0.41539463,-0.90954703,-0.99896675,-0.03415358,-0.029984593
1355995105113,-0.034235746,0.9471711,0.31889617,0.013740748,0.31949916,-0.9474869,-0.9993193,-0.028056055,-0.02395314
1355995105153,-0.017574817,0.9644434,0.26370454,0.014659941,0.26396552,-0.9644207,-0.9997381,-0.013083667,-0.018777788
1355995105193,0.0043523908,0.9698741,0.24356785,0.015078068,0.24347883,-0.969789,-0.99987686,0.007893413,-0.01356411
1355995105233,0.030535936,0.96549094,0.25864032,0.015402526,0.2582757,-0.96594846,-0.99941504,0.0334799,-0.0069842935
1355995105295,0.060290456,0.9475696,0.31381,0.0193263,0.3132149,-0.94948554,-0.9979937,0.06330964,5.708933E-4
1355995105313,0.089333355,0.9071665,0.4111794,0.03596881,0.40962237,-0.91154575,-0.995352,0.09622106,0.003963232
1355995105354,0.10389474,0.8393723,0.5335355,0.075840145,0.52819085,-0.8457321,-0.99169254,0.1283305,-0.00878185
1355995105391,0.08216187,0.76584613,0.63775325,0.13801849,0.62500715,-0.7683209,-0.98701584,0.15114847,-0.054349184
1355995105434,0.012281917,0.7316175,0.6816046,0.2112329,0.66437435,-0.71692914,-0.9773586,0.15278256,-0.14638186
1355995105473,-0.09166628,0.74577683,0.65985936,0.28922254,0.654023,-0.6990024,-0.9528629,0.12677124,-0.27564728
1355995105513,-0.19787589,0.7750708,0.6000919,0.36350045,0.626568,-0.68940544,-0.91033643,0.081716895,-0.4057213
1355995105553,-0.28128332,0.7857657,0.55086476,0.4128117,0.6172922,-0.66972893,-0.86629456,0.039019823,-0.4980073
1355995105593,-0.33790293,0.7691361,0.54244936,0.42378345,0.6389538,-0.64198565,-0.84037435,0.012952179,-0.54185146
1355995105633,-0.37247312,0.72589326,0.57822376,0.39860308,0.68779254,-0.60667694,-0.8380807,0.0045109093,-0.5455276
1355995105673,-0.38722247,0.6570715,0.64677346,0.34699357,0.75378215,-0.55803937,-0.8541981,0.008340836,-0.51988095
1355995105713,-0.3810991,0.566542,0.7306118,0.28137276,0.82383513,-0.492062,-0.88067746,0.018049866,-0.47337234
1355995105753,-0.3532849,0.4641913,0.81222904,0.21428314,0.8852849,-0.41273886,-0.91064394,0.02823256,-0.41222614
1355995105793,-0.30619046,0.36480513,0.87929785,0.1556203,0.93041694,-0.3318232,-0.9391644,0.035235494,-0.34165585
1355995105833,-0.24630705,0.28567874,0.9261321,0.11102555,0.9575977,-0.26585728,-0.9628117,0.03734182,-0.2675807
1355995105873,-0.18267125,0.24376127,0.95247656,0.08071255,0.9692252,-0.23256814,-0.9798555,0.034393303,-0.19672418
1355995105913,-0.12446126,0.25562987,0.95872974,0.06048298,0.9664006,-0.24982333,-0.99037933,0.026893519,-0.1357407
1355995105953,-0.07938355,0.3372276,0.9380703,0.0445759,0.94129956,-0.3346163,-0.995847,0.015252277,-0.08975595
1355995105993,-0.052301023,0.49219006,0.86891514,0.029602692,0.8704877,-0.49129906,-0.9981925,2.6792288E-5,-0.060097575
1355995106033,-0.043139055,0.68411326,0.728099,0.017603546,0.72918475,-0.6840904,-0.998914,-0.01669392,-0.04349917
1355995106073,-0.044040322,0.84133625,0.5387147,0.012688249,0.5396656,-0.8417838,-0.9989491,-0.030237138,-0.034442067
1355995106113,-0.043121368,0.9293069,0.3667822,0.01343745,0.36762998,-0.9298751,-0.99897945,-0.035168886,-0.02834022
1355995106153,-0.033972472,0.96797174,0.24874988,0.01491493,0.2493569,-0.96829677,-0.99931145,-0.029185385,-0.02290845
1355995106193,-0.016838014,0.9828982,0.18337852,0.014528334,0.18362564,-0.9828889,-0.9997527,-0.013885677,-0.017371774
1355995106233,0.0058195293,0.98679554,0.16186625,0.012239516,0.16178659,-0.9867499,-0.99990815,0.0077235997,-0.011136353
1355995106281,0.0327788,0.9821991,0.18496084,0.0097536445,0.18473709,-0.9827395,-0.99941504,0.034017026,-0.0035246015
1355995106315,0.0636068,0.961867,0.2660191,0.0124075115,0.26577604,-0.963955,-0.997898,0.06461471,0.0049707294
1355995106355,0.09435199,0.9005938,0.42429766,0.03261,0.42317444,-0.9054612,-0.99500465,0.09926841,0.010559022
1355995106395,0.10577573,0.75949705,0.6418533,0.08386865,0.6363606,-0.7668189,-0.9908468,0.13494217,0.0036135316
1355995106435,0.06931615,0.57369167,0.816133,0.15136145,0.80258113,-0.577021,-0.9860451,0.16352795,-0.031202972
1355995106475,-0.01438266,0.47082442,0.88210976,0.20378707,0.86506456,-0.4584039,-0.9789096,0.17316948,-0.108389854
1355995106515,-0.12412122,0.4931665,0.8610347,0.24525452,0.8560691,-0.4549681,-0.9614802,0.15470143,-0.22720766
1355995106554,-0.23381329,0.5755763,0.7836092,0.29358086,0.8101242,-0.50745344,-0.926899,0.111403316,-0.358396
1355995106594,-0.32138845,0.6357443,0.701811,0.3351035,0.76952803,-0.5436288,-0.88567215,0.06046334,-0.46035755
1355995106635,-0.38577056,0.635659,0.6686693,0.338857,0.7717365,-0.53814363,-0.8581124,0.018983275,-0.51311076
1355995106675,-0.4333846,0.5644791,0.70252484,0.29003084,0.8254245,-0.4843103,-0.8532643,-0.006138772,-0.52144265
1355995106715,-0.4588077,0.4132214,0.7866026,0.1935915,0.910501,-0.3653906,-0.86718965,-0.015364453,-0.49774098
1355995106754,-0.44624746,0.1956468,0.8732614,0.077875614,0.9805976,-0.17989916,-0.8915147,-0.012273781,-0.4528253
1355995106795,-0.39431965,-0.03077644,0.9184578,-0.013744568,0.9995248,0.027591968,-0.9188705,-0.0017437506,-0.39455527
1355995106834,-0.32391313,-0.21100047,0.92225766,-0.058962233,0.9774201,0.20291235,-0.9442477,0.011347592,-0.32904023
1355995106874,-0.25427508,-0.3322289,0.9082776,-0.065742075,0.9429108,0.3264923,-0.96489495,0.023306817,-0.26160014
1355995106914,-0.19274616,-0.40496993,0.89378315,-0.051295623,0.91377604,0.40296662,-0.979907,0.031823114,-0.19690001
1355995106954,-0.14018512,-0.44086635,0.8865579,-0.029695958,0.896869,0.44129825,-0.9896799,0.035536274,-0.13881963
1355995106994,-0.09591174,-0.44612125,0.8898184,-0.010528624,0.8943443,0.4472555,-0.9953341,0.033528537,-0.09047514
1355995107035,-0.059761018,-0.41883254,0.9060948,5.4314733E-5,0.9077158,0.4195854,-0.9982126,0.025124088,-0.0542233
1355995107075,-0.032532576,-0.34688208,0.9373443,-5.865097E-4,0.93784726,0.3470478,-0.9994705,0.010740608,-0.030714035
1355995107114,-0.01662615,-0.20130037,0.9793885,-0.009782046,0.9795097,0.20115924,-0.9998139,-0.006235935,-0.018254578
1355995107155,-0.014150888,0.050395586,0.9986291,-0.018729793,0.9985405,-0.05065652,-0.9997245,-0.019420946,-0.013186336
1355995107194,-0.019102812,0.35247082,0.9356278,-0.017551407,0.93553615,-0.35279465,-0.9996635,-0.023160934,-0.011685014
1355995107224,-0.020630442,0.56724966,0.8232875,-0.010256857,0.82329935,-0.56751484,-0.99973464,-0.02015239,-0.011166811
1355995107282,-0.015755385,0.66897196,0.74312055,-9.57191E-4,0.74320245,-0.66906595,-0.9998754,-0.011252731,-0.011069119
1355995107296,-0.0032453388,0.674561,0.738212,0.012042016,0.7381887,-0.6744869,-0.9999223,0.0067006648,-0.01051873
1355995107334,0.010373332,0.5771688,0.81655896,0.028754473,0.8160931,-0.5772048,-0.9995327,0.029467255,-0.00813055
1355995107375,0.019250957,0.38724542,0.92177564,0.053866655,0.9202058,-0.38771087,-0.9983625,0.05711676,-0.003144741
1355995107415,0.015252858,0.14707166,0.9890082,0.08858406,0.98503506,-0.147847,-0.9959519,0.089865446,0.001996398
1355995107455,-0.0070646405,-0.048653714,0.99879074,0.12564927,0.9908562,0.049155943,-0.9920496,0.1258446,-8.867383E-4
1355995107495,-0.051170617,-0.15331265,0.986852,0.15238711,0.9753767,0.15943153,-0.9869953,0.15854172,-0.02654773
1355995107534,-0.12273601,-0.17415391,0.97703964,0.15659647,0.96875167,0.1923483,-0.9800069,0.17660901,-0.09162879
1355995107575,-0.22419393,-0.13470107,0.9651906,0.13554704,0.976465,0.16775933,-0.9650721,0.16843933,-0.20065916
1355995107614,-0.34152892,-0.07134543,0.9371595,0.100929186,0.9885647,0.112040505,-0.9344364,0.13285181,-0.33042258
1355995107655,-0.44365758,-0.0337687,0.89555985,0.0617854,0.9957597,0.06815521,-0.8940639,0.085570104,-0.43968993
1355995107695,-0.50648737,-0.053119645,0.86060953,0.012136666,0.99756247,0.06871553,-0.8621619,0.045248482,-0.5046081
1355995107735,-0.52431816,-0.12421955,0.8424132,-0.048991416,0.9920643,0.115794346,-0.85011196,0.019442063,-0.526243
1355995107774,-0.50329494,-0.21993548,0.8356569,-0.10724646,0.97548866,0.1921458,-0.85743356,0.007084772,-0.51454586
1355995107815,-0.45574975,-0.31257164,0.83342135,-0.14583765,0.9498837,0.27650023,-0.8780794,0.004470721,-0.47849393
1355995107854,-0.39541912,-0.3846661,0.83407176,-0.15750705,0.9230259,0.35101956,-0.9048952,0.0074276477,-0.4255697
1355995107894,-0.33061773,-0.43201938,0.83907753,-0.14576784,0.9017817,0.40686792,-0.9324396,0.012207225,-0.36111957
1355995107935,-0.26558697,-0.45510572,0.84990716,-0.1188374,0.89029807,0.43959868,-0.95673466,0.01575093,-0.29053515
1355995107974,-0.20320979,-0.4550131,0.8669883,-0.08596797,0.890335,0.44711623,-0.97535384,0.016325176,-0.2200414
1355995108015,-0.14672208,-0.43112782,0.89028174,-0.055242836,0.9021886,0.42778963,-0.987634,0.01358448,-0.15618771
1355995108055,-0.099496484,-0.38092583,0.91923666,-0.032783464,0.9245741,0.37958923,-0.9944978,0.007632017,-0.10447997
1355995108094,-0.0645684,-0.2996698,0.95185554,-0.022117004,0.95404136,0.2988577,-0.99766815,-0.0017554313,-0.06822872
1355995108134,-0.04379514,-0.18208675,0.9823067,-0.022976428,0.98317355,0.18122306,-0.9987763,-0.0146332085,-0.047241926
1355995108173,-0.036804527,-0.027019132,0.99895716,-0.0299525,0.9992151,0.02592257,-0.9988735,-0.028967194,-0.0375849
1355995108213,-0.039509535,0.15233973,0.98753816,-0.034269694,0.9875218,-0.15370826,-0.9986314,-0.039915573,-0.033795893
1355995108300,-0.04371554,0.3256215,0.944489,-0.02952689,0.94455874,-0.32701215,-0.9986075,-0.04218334,-0.031677306
1355995108303,-0.04170662,0.46279547,0.88548344,-0.01658079,0.8858119,-0.4637481,-0.99899226,-0.03402339,-0.029270709
1355995108334,-0.030952632,0.55190265,0.8333339,-2.1460652E-4,0.8337297,-0.5521728,-0.99952084,-0.017270029,-0.025687695
1355995108370,-0.013094008,0.59448075,0.80400324,0.016264439,0.8040924,-0.5942818,-0.99978197,0.0052951276,-0.02019769
1355995108414,0.010064103,0.59220517,0.8057244,0.034330457,0.8050856,-0.5921644,-0.99935985,0.033620477,-0.012228191
1355995108453,0.033886522,0.5439226,0.83845085,0.058687016,0.8364022,-0.5449654,-0.9977011,0.06767318,-0.0035784245
1355995108493,0.048331946,0.45733073,0.8879823,0.09492287,0.8828945,-0.45987695,-0.9943107,0.106516585,-7.391572E-4
1355995108533,0.03651476,0.35800248,0.93300635,0.14075024,0.92248,-0.3594719,-0.9893715,0.14444688,-0.016704798
1355995108573,-0.015528262,0.2845027,0.95854944,0.1833466,0.9432203,-0.27698278,-0.9829257,0.17144573,-0.06680918
1355995108613,-0.10973397,0.25813085,0.9598577,0.21079588,0.9497668,-0.23131828,-0.9713514,0.17695059,-0.1586346
1355995108653,-0.23035169,0.26499844,0.93633,0.2210389,0.9513034,-0.21485718,-0.94767076,0.15747263,-0.2777093
1355995108694,-0.34714836,0.2688816,0.8984379,0.2146697,0.9553635,-0.20297162,-0.91291016,0.12240614,-0.3893736
1355995108733,-0.43454087,0.2374667,0.868783,0.18630007,0.96745247,-0.17125422,-0.8811734,0.08743736,-0.4646377
1355995108773,-0.48295063,0.15954041,0.86099094,0.13264719,0.9852443,-0.108159356,-0.86554223,0.061972402,-0.49698693
