1355995198698,-0.11718917,0.06909159,-0.99070334,0.99289024,-0.01281774,-0.118341744,-0.020874977,-0.997528,-0.06709826
1355995198734,-0.46528858,0.06909475,-0.88245815,0.8849131,0.012811124,-0.4655799,-0.020863831,-0.99752784,-0.06710374
1355995198774,-0.46518546,0.06906712,-0.8825147,0.8849687,0.012852192,-0.46547312,-0.02080661,-0.9975292,-0.06710094
1355995198814,-0.46451718,0.06885564,-0.8828832,0.8853233,0.012858748,-0.46479815,-0.020651221,-0.99754375,-0.06693262
1355995198855,-0.4622255,0.06807706,-0.88414544,0.8865278,0.012536883,-0.46250564,-0.020401597,-0.99760133,-0.06614703
1355995198894,-0.45735478,0.06642419,-0.88680005,0.88905597,0.011556983,-0.45765257,-0.020150453,-0.99772453,-0.06434047
1355995198934,-0.44965565,0.06358996,-0.8909354,0.8929788,0.009708881,-0.449994,-0.019965142,-0.99792886,-0.061150074
1355995198976,-0.43952364,0.0598149,-0.8962372,0.89801157,0.007205248,-0.43991292,-0.019855738,-0.9981835,-0.05688137
1355995199015,-0.42787087,0.055351138,-0.9021435,0.90362316,0.0043410063,-0.42830634,-0.019791037,-0.99845755,-0.051873922
1355995199056,-0.4161322,0.050976276,-0.9078741,0.90908986,0.0016499162,-0.41659677,-0.019738615,-0.9986985,-0.0470286
1355995199096,-0.4055127,0.046919316,-0.9128845,0.9138777,-6.825924E-4,-0.405989,-0.019671887,-0.99889845,-0.042601705
1355995199136,-0.39697438,0.043616086,-0.91679275,0.9176214,-0.0024206042,-0.39744836,-0.019554317,-0.99904543,-0.039062142
1355995199175,-0.39118248,0.0412468,-0.9193884,0.9201101,-0.003458202,-0.3916447,-0.019333541,-0.999143,-0.0365988
1355995199214,-0.3883161,0.039836824,-0.9206648,0.92133015,-0.0038272142,-0.38876233,-0.019010633,-0.9991989,-0.03521675
1355995199257,-0.3881302,0.039436102,-0.92076045,0.9214161,-0.003599465,-0.38856074,-0.018637598,-0.9992156,-0.034939945
1355995199295,-0.39030343,0.040034443,-0.9198154,0.9205034,-0.0029404163,-0.39072332,-0.018347025,-0.9991939,-0.035704195
1355995199336,-0.39444143,0.04171467,-0.9179738,0.9187401,-0.0019255877,-0.39485815,-0.018239021,-0.99912775,-0.03756541
1355995199377,-0.40033472,0.04458165,-0.91528386,0.9161855,-5.1242113E-4,-0.40075406,-0.018335283,-0.99900556,-0.040639937
1355995199416,-0.40715116,0.04810837,-0.9120929,0.91317236,0.0011559129,-0.407572,-0.018553317,-0.9988414,-0.044401884
1355995199456,-0.41436893,0.052063346,-0.9086187,0.9099138,0.0030203462,-0.41478652,-0.018850833,-0.9986393,-0.048624635
1355995199496,-0.42116994,0.055851787,-0.90526044,0.9067795,0.004850745,-0.4215773,-0.019154638,-0.9984273,-0.0526883
1355995199536,-0.4270767,0.05917847,-0.9022768,0.9040066,0.006500602,-0.42746913,-0.01943165,-0.9982263,-0.056273937
1355995199614,-0.4314459,0.061493665,-0.9000405,0.90192485,0.0076752305,-0.43182474,-0.019646496,-0.9980779,-0.058774114
1355995199618,-0.4336599,0.062274218,-0.8989221,0.90085936,0.008059025,-0.4340362,-0.019784838,-0.99802655,-0.059595227
1355995199654,-0.43389195,0.061768383,-0.8988451,0.90074587,0.0077400804,-0.43427762,-0.01986751,-0.99806046,-0.058995962
1355995199695,-0.4318635,0.060094982,-0.89993477,0.901719,0.0067313313,-0.43227023,-0.019919544,-0.99816996,-0.057095766
1355995199735,-0.42700213,0.057495177,-0.902421,0.90403,0.005097866,-0.42743865,-0.019975215,-0.99833286,-0.054154217
1355995199775,-0.41890198,0.054692566,-0.90638286,0.90780985,0.003172338,-0.41937006,-0.020061076,-0.9984982,-0.050979376
1355995199815,-0.40794128,0.051977187,-0.9115274,0.9127828,0.0010350347,-0.40844405,-0.020286292,-0.9986477,-0.047866106
1355995199853,-0.39351302,0.049904525,-0.91796356,0.9190821,-0.0013133287,-0.39406398,-0.020871162,-0.9987532,-0.04534954
1355995199897,-0.37780762,0.049040586,-0.92458445,0.92561543,-0.004047334,-0.3784436,-0.022301197,-0.9987886,-0.043863595
1355995199936,-0.36195284,0.050055444,-0.9308515,0.9318619,-0.0073197484,-0.36273938,-0.02497065,-0.99871963,-0.04399538
1355995199976,-0.34750617,0.05332896,-0.93615997,0.9372374,-0.010839224,-0.34852353,-0.0287337,-0.9985182,-0.046215177
1355995200038,-0.33805192,0.06016922,-0.9392021,0.940526,-0.014072657,-0.33943006,-0.033640385,-0.99808896,-0.05183339
1355995200052,-0.3313287,0.0688009,-0.94100356,0.9427371,-0.016359746,-0.33313522,-0.03831455,-0.99749625,-0.059440732
1355995200094,-0.33085918,0.07986954,-0.94029415,0.94273734,-0.016555667,-0.3331251,-0.042173773,-0.99666786,-0.06981838
1355995200134,-0.3341025,0.09128067,-0.93810624,0.9414954,-0.014450371,-0.33671564,-0.044291615,-0.9957203,-0.081112444
1355995200176,-0.33930087,0.10120982,-0.9352173,0.93967813,-0.009355962,-0.34193182,-0.043356717,-0.9948211,-0.09193021
1355995200213,-0.34364045,0.10701603,-0.93298376,0.9382908,-0.0021398664,-0.34584066,-0.03900698,-0.99425495,-0.09967679
1355995200256,-0.34278828,0.106063664,-0.93340594,0.9389506,0.0075241923,-0.3439696,-0.029459596,-0.9943309,-0.102167726
1355995200295,-0.3361169,0.09739217,-0.93677115,0.94170666,0.019305408,-0.33588067,-0.014627397,-0.9950589,-0.09820372
1355995200337,-0.3241285,0.08155662,-0.942491,0.9460041,0.03229326,-0.32254225,0.0041306615,-0.9961454,-0.08762008
1355995200375,-0.31016994,0.060946196,-0.9487256,0.95037675,0.045127213,-0.30781087,0.024053425,-0.9971204,-0.071918905
1355995200416,-0.29682755,0.037814587,-0.954182,0.953949,0.057047367,-0.29449424,0.04329738,-0.99765503,-0.05300641
1355995200457,-0.2871508,0.014208138,-0.95778,0.95592797,0.06814027,-0.2855847,0.061205745,-0.99757457,-0.033148468
1355995200496,-0.2861095,-0.0070575476,-0.9581709,0.9551005,0.07822478,-0.28576893,0.076969534,-0.99691075,-0.0156402
1355995200537,-0.29249018,-0.025011241,-0.95594144,0.95196784,0.08708584,-0.2935529,0.0905911,-0.9958868,-0.0016618371
1355995200624,-0.30822974,-0.039087743,-0.9505085,0.94593084,0.09352958,-0.31059152,0.10104093,-0.9948489,0.00814575
1355995200627,-0.33188206,-0.049013495,-0.94204664,0.9371902,0.09653771,-0.3351939,0.107372046,-0.9941218,0.01389581
1355995200662,-0.36519986,-0.051957875,-0.92947805,0.92476034,0.09450406,-0.368629,0.10699263,-0.9941677,0.013535738
1355995200707,-0.41018212,-0.049364507,-0.9106666,0.9063246,0.08919573,-0.4130614,0.10161814,-0.9947901,0.008153796
1355995200745,-0.45555264,-0.044398874,-0.8891009,0.88514507,0.083785295,-0.45770973,0.09481534,-0.9954942,0.0011308789
1355995200787,-0.49560863,-0.038315743,-0.86770034,0.8641248,0.07891977,-0.4970513,0.08752361,-0.99614435,-0.006003678
1355995200826,-0.52809715,-0.034217298,-0.8484943,0.84529907,0.07428461,-0.52910423,0.08113456,-0.99664986,-0.0103055835
1355995200866,-0.55143356,-0.032787383,-0.8335742,0.83088785,0.06761807,-0.5523162,0.07447365,-0.99717236,-0.0100441575
1355995200906,-0.56704044,-0.032939076,-0.823031,0.82107306,0.056981087,-0.56797194,0.06560564,-0.9978317,-0.0052651167
1355995200946,-0.5762552,-0.032875955,-0.8166083,0.8154638,0.04326117,-0.57718915,0.05430308,-0.9985227,0.0018796921
1355995200985,-0.5796733,-0.03134048,-0.814246,0.81378114,0.028873384,-0.58045375,0.041701734,-0.9990916,0.008767188
1355995201027,-0.5767921,-0.027828425,-0.81641686,0.8163723,0.015973985,-0.5773051,0.029106945,-0.99948514,0.013504684
1355995201065,-0.567312,-0.022069305,-0.82320726,0.8233384,0.0047851205,-0.56753063,0.016464204,-0.999745,0.015455782
1355995201107,-0.5513283,-0.013412923,-0.8341806,0.8342829,-0.005246401,-0.5513116,0.0030182302,-0.9998963,0.01408267
1355995201147,-0.53128886,4.3416023E-4,-0.8471907,0.8471096,-0.013568342,-0.531245,-0.0117256045,-0.99990785,0.0068408847
1355995201186,-0.510431,0.022199512,-0.85963213,0.85952586,-0.017042518,-0.510808,-0.02598998,-0.9996083,-0.010381997
1355995201226,-0.509292,0.06135866,-0.85840356,0.85983956,-0.005470276,-0.510535,-0.03602144,-0.99810076,-0.049972653
1355995201272,-0.5422306,0.11920732,-0.8317305,0.83943295,0.03375709,-0.54241383,-0.036582917,-0.9922954,-0.11837065
1355995201311,-0.6187387,0.18621212,-0.7632086,0.78528047,0.119033456,-0.60758996,-0.02229327,-0.9752723,-0.21987933
1355995201347,-0.70363283,0.23466499,-0.67069614,0.71055305,0.23756891,-0.66232574,0.0039118826,-0.9425993,-0.33390325
1355995201387,-0.7656696,0.25329596,-0.59126246,0.64245474,0.34637967,-0.6835737,0.031654805,-0.90325093,-0.4279436
1355995201426,-0.8021221,0.2512288,-0.54174197,0.59491307,0.41481468,-0.6884818,0.051756054,-0.8745358,-0.48219138
1355995201466,-0.82137215,0.23894149,-0.51793313,0.56704456,0.44029915,-0.6961301,0.061711162,-0.8654731,-0.49713993
1355995201505,-0.8285198,0.22226678,-0.5139576,0.5564157,0.42988864,-0.71105367,0.062900916,-0.87509614,-0.47984397
1355995201544,-0.82664967,0.20340863,-0.52466685,0.55969024,0.39378107,-0.7291662,0.05828519,-0.8964159,-0.4393648
1355995201614,-0.81404805,0.18333574,-0.5511024,0.5785286,0.33975273,-0.74153405,0.051288888,-0.9224728,-0.38264006
1355995201624,-0.7854202,0.16169542,-0.59746945,0.61730015,0.2753358,-0.736974,0.045339435,-0.9476522,-0.3160689
1355995201663,-0.73987454,0.13666451,-0.6587174,0.671403,0.21181571,-0.71017754,0.042470664,-0.96770704,-0.24847406
1355995201703,-0.6805591,0.1067673,-0.72487247,0.73142415,0.15720075,-0.66355604,0.04310444,-0.9817783,-0.1850766
1355995201745,-0.6246314,0.072264016,-0.77756894,0.7795166,0.11735928,-0.6152891,0.046791643,-0.9904568,-0.12963724
1355995201785,-0.5968186,0.03735107,-0.8015064,0.8006725,0.09278512,-0.59187376,0.052260786,-0.99498534,-0.08528191
1355995201827,-0.60216224,0.0072051287,-0.7983413,0.7962328,0.07860285,-0.59986246,0.058429867,-0.99688005,-0.053068697
1355995201865,-0.62829787,-0.015923709,-0.7778098,0.7752578,0.07063836,-0.62768257,0.06493825,-0.9973749,-0.0320369
1355995201906,-0.65956986,-0.0326657,-0.7509332,0.7481922,0.067094326,-0.66008097,0.07194537,-0.99721175,-0.01981318
1355995201946,-0.6873547,-0.044395924,-0.7249638,0.72205496,0.06626552,-0.68865484,0.07861355,-0.99681383,-0.013491571
1355995201986,-0.7097955,-0.051600248,-0.70251536,0.69956434,0.065114915,-0.71159667,0.08246279,-0.99654275,-0.010120571
1355995202027,-0.7279289,-0.053611755,-0.68355334,0.68082815,0.061539292,-0.72985333,0.08119413,-0.99666375,-0.008295774
1355995202066,-0.7405276,-0.051388413,-0.67005837,0.66768706,0.056859612,-0.7422675,0.07624322,-0.99705875,-0.0077947974
1355995202106,-0.7490209,-0.0455769,-0.6609769,0.65900826,0.051713288,-0.75035584,0.06838018,-0.9976214,-0.008698821
1355995202146,-0.7524413,-0.03737703,-0.657598,0.65607,0.04590994,-0.7533024,0.05834648,-0.99824613,-0.010022581
1355995202186,-0.75157154,-0.027188867,-0.65909106,0.6580733,0.038172245,-0.75198567,0.045604646,-0.99890125,-0.010796905
1355995202225,-0.7485721,-0.0138677955,-0.66290843,0.66240454,0.028580248,-0.748601,0.029327482,-0.9994953,-0.012208283
1355995202267,-0.7488389,0.0057459176,-0.66272724,0.6626744,0.0218001,-0.74859023,0.010146201,-0.99974585,-0.020132482
1355995202305,-0.7642776,0.035968453,-0.6438836,0.6448375,0.030198872,-0.7637229,-0.008025378,-0.9988966,-0.046274126
1355995202353,-0.8077808,0.07539174,-0.584642,0.58923566,0.074539125,-0.8045156,-0.017075121,-0.99436414,-0.10463476
1355995202388,-0.8670576,0.10661258,-0.48666713,0.49816293,0.17239755,-0.8497722,-0.006696224,-0.979241,-0.20258904
1355995202443,-0.9076242,0.11289619,-0.40431774,0.41905224,0.3005045,-0.85679185,0.024770737,-0.94707525,-0.32005453
1355995202479,-0.9288117,0.10313442,-0.35591033,0.36651656,0.39706445,-0.8414306,0.054538906,-0.9119776,-0.40659863
1355995202518,-0.9396526,0.089921534,-0.3301015,0.3343057,0.44648272,-0.8299957,0.072750136,-0.8902624,-0.44959998
1355995202556,-0.9451911,0.0786807,-0.31689596,0.31703323,0.45336533,-0.8330365,0.07812573,-0.8878452,-0.45346123
1355995202617,-0.94542265,0.07277051,-0.31761676,0.31727862,0.42764306,-0.84643704,0.07423094,-0.9010138,-0.427392
1355995202637,-0.9337835,0.0775013,-0.34934497,0.35164782,0.3795508,-0.8557365,0.06627348,-0.921919,-0.38167137
1355995202676,-0.88072926,0.10399826,-0.46206084,0.46993542,0.31334257,-0.8252134,0.058962554,-0.9439283,-0.3248424
1355995202717,-0.656487,0.16372752,-0.7363547,0.75227946,0.21415728,-0.62306684,0.05568251,-0.96297973,-0.2637604
1355995202757,-0.14826116,0.19339433,-0.96985424,0.98722947,0.08673844,-0.13362116,0.058282107,-0.9772795,-0.20378453
1355995202798,0.1423955,0.15850607,-0.977036,0.987587,0.0433653,0.15096846,0.06629887,-0.98640525,-0.1503635
1355995202840,0.1830211,0.11924702,-0.9758501,0.97992057,0.05775073,0.19084147,0.079113275,-0.99118364,-0.10628298
1355995202877,0.108503014,0.083521515,-0.9905813,0.98968625,0.084679574,0.115544796,0.09353247,-0.99290156,-0.07347208
1355995202914,0.0015657246,0.051963508,-0.99864775,0.9942499,0.10684779,0.0071185827,0.10707325,-0.9929166,-0.05149746
1355995202953,-0.10487664,0.025922,-0.9941473,0.98748964,0.12107718,-0.10101727,0.11774993,-0.99230456,-0.038295865
1355995202997,-0.19652814,0.005334735,-0.98048365,0.9727479,0.1265434,-0.19428906,0.12303731,-0.9919467,-0.030058682
1355995203035,-0.2657256,-0.009125024,-0.9640055,0.9565072,0.12233627,-0.26481676,0.12034926,-0.9924468,-0.02377975
1355995203076,-0.311477,-0.016480416,-0.9501108,0.943892,0.11013639,-0.31134862,0.10977292,-0.99377984,-0.018749177
1355995203116,-0.33477408,-0.016192108,-0.94215924,0.93778586,0.092009306,-0.3348014,0.09210855,-0.99562645,-0.015617549
1355995203155,-0.32782423,-0.009847701,-0.94468737,0.94199324,0.07277012,-0.32764795,0.071971565,-0.99730015,-0.014579296
1355995203196,-0.28892094,-2.9352307E-4,-0.9573529,0.9560338,0.052388966,-0.28853896,0.050239354,-0.9986267,-0.014855623
1355995203235,-0.19905084,0.009132236,-0.9799467,0.97958505,0.030568242,-0.19869253,0.028140724,-0.999491,-0.015030444
1355995203276,-0.056425154,0.015850842,-0.998281,0.998395,0.0057623386,-0.0563401,0.0048594177,-0.9998578,-0.016150534
1355995203315,0.13577619,0.022134364,-0.9904923,0.9905762,-0.021186143,0.13531426,-0.017989576,-0.99953055,-0.024802417
1355995203356,0.32190418,0.039708823,-0.9459392,0.9461274,-0.050360143,0.31985423,-0.034936607,-0.9979414,-0.053780735
1355995203394,0.43494028,0.08753392,-0.8961946,0.8996897,-0.08338523,0.42849195,-0.03722185,-0.9926654,-0.11502093
1355995203442,0.45259047,0.175839,-0.87420964,0.8915219,-0.10981363,0.43946528,-0.018724948,-0.9782748,-0.20646498
1355995203478,0.4059345,0.28652036,-0.8678267,0.9137399,-0.1093505,0.3913078,0.017220318,-0.9518132,-0.3061942
1355995203516,0.37560976,0.37219542,-0.8487567,0.9252476,-0.09798998,0.36648974,0.053236097,-0.9229672,-0.38117892
1355995203557,0.40031576,0.41249636,-0.81828725,0.912938,-0.102228925,0.39508677,0.07931924,-0.905205,-0.41750744
1355995203644,0.47369966,0.40921545,-0.7798406,0.875805,-0.1257849,0.4659868,0.09259686,-0.90372616,-0.41797724
1355995203655,0.566916,0.37298685,-0.7344978,0.81828314,-0.15218544,0.5543034,0.09496799,-0.9152707,-0.3914852
1355995203682,0.6712657,0.303042,-0.6764376,0.7361278,-0.16580239,0.6562206,0.08670744,-0.938443,-0.33437508
1355995203720,0.7264775,0.245158,-0.64197195,0.6827764,-0.15179706,0.71468455,0.07776117,-0.95752555,-0.27766526
1355995203763,0.75655985,0.19762039,-0.6233485,0.65009123,-0.124235034,0.7496313,0.070700735,-0.9723743,-0.22246253
1355995203804,0.76086193,0.16233876,-0.62827957,0.64541185,-0.08886576,0.7586478,0.06732538,-0.98272526,-0.17238991
1355995203844,0.74342245,0.13685393,-0.65467095,0.6652604,-0.050423443,0.74490684,0.06893268,-0.9893071,-0.12852943
1355995203886,0.7008048,0.118600786,-0.7034248,0.7093919,-0.0120946765,0.7047105,0.075071484,-0.9928683,-0.09261042
1355995203923,0.6327939,0.105109304,-0.7671531,0.76959014,0.02396819,0.6380881,0.08545625,-0.99417174,-0.065724164
1355995203962,0.5368897,0.09327021,-0.8384809,0.8379437,0.056471154,0.54282737,0.097979605,-0.9940381,-0.047836393
1355995204006,0.4213391,0.08014548,-0.9033549,0.9002676,0.083312735,0.42729062,0.10950637,-0.9932954,-0.037049472
1355995204045,0.3010074,0.063886374,-0.95147943,0.9465612,0.10117346,0.30624467,0.11582935,-0.99281543,-0.030018419
1355995204086,0.19116068,0.04534328,-0.98051083,0.97504306,0.1061362,0.19500288,0.112909704,-0.9933171,-0.023922533
1355995204127,0.10091886,0.027846634,-0.99450487,0.99003214,0.095897645,0.1031501,0.09824306,-0.99500155,-0.017891169
1355995204166,0.033362836,0.015620142,-0.9993212,0.9964503,0.076803654,0.03446749,0.07728991,-0.9969239,-0.013002276
1355995204206,-0.008069396,0.009156704,-0.9999255,0.9986508,0.051370084,-0.0075887144,0.05129674,-0.9986377,-0.0095588565
1355995204244,-0.016664356,0.0064740777,-0.99984014,0.99955875,0.024700016,-0.016499758,0.02458927,-0.99967396,-0.0068828464
1355995204284,0.0066908,0.003820151,-0.9999703,0.9999734,-0.0029109716,0.0066797137,-0.002885431,-0.9999885,-0.0038395524
1355995204325,0.06381509,-4.48972E-4,-0.9979617,0.9974749,-0.031207055,0.06379804,-0.031171978,-0.9995129,-0.0015437305
1355995204365,0.14282894,-0.0014294982,-0.98974633,0.9879995,-0.05919814,0.14266235,-0.058795094,-0.9982452,-0.007042855
1355995204405,0.2146917,0.016554207,-0.9765415,0.9733906,-0.08564228,0.21254715,-0.08011469,-0.9961884,-0.03450039
1355995204445,0.23788884,0.07602084,-0.96831286,0.967535,-0.10615191,0.22936395,-0.085351825,-0.9914397,-0.09880519
1355995204500,0.18032953,0.18726465,-0.9656155,0.981418,-0.0997034,0.16394493,-0.06557405,-0.9772365,-0.2017644
1355995204526,0.071716845,0.31201813,-0.9473655,0.9970778,-0.0474841,0.059841067,-0.026313275,-0.9488888,-0.31451178
1355995204570,-0.025667071,0.4039092,-0.91443896,0.9994961,0.027460217,-0.015925229,0.018678367,-0.91438687,-0.40441048
1355995204621,-0.067003995,0.45070496,-0.8901548,0.99639046,0.07683042,-0.036099643,0.052120686,-0.88936055,-0.45422608
1355995204647,-0.04147406,0.4613043,-0.8862722,0.99664044,0.0818011,-0.0040613413,0.07062456,-0.8834631,-0.46314716
1355995204686,0.032769933,0.4482213,-0.89332175,0.99641037,0.05515136,0.06422356,0.07805428,-0.89221966,-0.44480503
1355995204729,0.15510932,0.40953997,-0.8990096,0.9848161,0.007718295,0.17342994,0.07796532,-0.9122596,-0.40212435
1355995204765,0.27991593,0.35796568,-0.89079046,0.95699894,-0.030435279,0.2884904,0.076158255,-0.9332386,-0.35109216
1355995204803,0.39044577,0.29990405,-0.87040776,0.9175088,-0.049025238,0.39468232,0.07569486,-0.95270884,-0.29430625
1355995204844,0.46650058,0.24606204,-0.84960616,0.88102615,-0.043961897,0.47102034,0.07854989,-0.9682566,-0.23729536
1355995204885,0.5052207,0.20206907,-0.8389995,0.85877764,-0.021777213,0.5118855,0.0851652,-0.9791292,-0.1845347
1355995204924,0.5117454,0.16802788,-0.84254575,0.8539287,0.0083441585,0.5203233,0.094459176,-0.985747,-0.13921374
1355995204968,0.49199757,0.1413342,-0.8590478,0.86439705,0.038244575,0.5013534,0.10371235,-0.989223,-0.103352666
1355995205006,0.45565432,0.11961874,-0.88208306,0.8831775,0.06309424,0.46477586,0.11125028,-0.9908131,-0.076895416
1355995205043,0.40663284,0.10046679,-0.9080508,0.90625805,0.08132686,0.41482815,0.115525365,-0.991611,-0.05797866
1355995205085,0.3555797,0.08207083,-0.93103576,0.9276614,0.09056339,0.3622742,0.11404994,-0.9925033,-0.043931454
1355995205120,0.30760112,0.063708544,-0.94938016,0.9456639,0.09001383,0.3124374,0.10536221,-0.99390066,-0.03255847
1355995205163,0.26938722,0.046395898,-0.9619137,0.9589486,0.07895991,0.27236524,0.08858922,-0.9957975,-0.02322042
1355995205204,0.24258083,0.032606214,-0.96958315,0.9677937,0.061204255,0.24419135,0.06730476,-0.9975925,-0.01670909
1355995205244,0.229817,0.02294138,-0.97296345,0.97221935,0.04022333,0.23058966,0.044425875,-0.99892735,-0.013060093
1355995205283,0.23431736,0.015737534,-0.9720328,0.97191185,0.01880616,0.23459274,0.02197215,-0.9996993,-0.010888904
1355995205323,0.2553528,0.008603483,-0.96680963,0.9668474,-0.0032949448,0.25533345,-9.889007E-4,-0.99995756,-0.009159595
1355995205364,0.28926557,0.0026981533,-0.9572451,0.9569192,-0.027058303,0.28909084,-0.02512139,-0.9996302,-0.010408998
1355995205404,0.32477874,0.0064195693,-0.94576824,0.94457173,-0.052941322,0.32400846,-0.047990233,-0.998577,-0.023257941
1355995205451,0.33761287,0.043521762,-0.9402784,0.9392593,-0.08107835,0.3334942,-0.06172195,-0.9957571,-0.06825131
1355995205497,0.3215931,0.118469745,-0.9394375,0.9449767,-0.1029976,0.3105006,-0.05997488,-0.9876013,-0.14507446
1355995205529,0.2516457,0.24361378,-0.9366572,0.9672654,-0.096047014,0.23488832,-0.0327411,-0.9651048,-0.25980902
1355995205563,0.15849441,0.36960375,-0.9155723,0.98733866,-0.053254247,0.1494199,0.006468028,-0.92766213,-0.37336463
1355995205607,0.08131355,0.45551196,-0.88650835,0.9957993,4.364848E-4,0.09156236,0.042094678,-0.8902296,-0.45356297
1355995205648,0.040141806,0.49325258,-0.8689595,0.99719125,0.035258695,0.06607962,0.0632323,-0.8691713,-0.49045175
1355995205686,0.038646385,0.49082488,-0.8704008,0.9968415,0.04154186,0.0676862,0.069380134,-0.8702674,-0.4876691
1355995205725,0.06423633,0.46105513,-0.88504344,0.9957837,0.028585121,0.08716509,0.06548703,-0.88691103,-0.45727503
1355995205766,0.106766835,0.41291517,-0.9044898,0.9926513,0.007845476,0.12075502,0.05695772,-0.91073567,-0.40904313
1355995205804,0.15562108,0.35495153,-0.9218414,0.9866159,-0.009848028,0.16276413,0.048695058,-0.9348329,-0.3517334
1355995205844,0.20326895,0.29380405,-0.93400264,0.97813404,-0.018071055,0.20718887,0.043994516,-0.9556949,-0.291053
1355995205884,0.24260098,0.23557308,-0.94108987,0.96911204,-0.014502943,0.24619436,0.04434821,-0.9717485,-0.23181513
1355995205924,0.26893795,0.18450499,-0.94532025,0.9618795,-9.059906E-4,0.27347207,0.04960051,-0.9828311,-0.17771521
1355995205970,0.27989918,0.14282784,-0.9493454,0.95822954,0.018960238,0.2853711,0.058758795,-0.98956597,-0.1315549
1355995206004,0.27501,0.11129999,-0.9549774,0.9588517,0.04110378,0.28091624,0.07051918,-0.9929365,-0.09541622
1355995206044,0.25622138,0.08919895,-0.9624937,0.96301687,0.062316686,0.26213592,0.083361685,-0.9940625,-0.069933206
1355995206085,0.22819644,0.07400006,-0.9707988,0.96895427,0.080186784,0.23387516,0.09515196,-0.99402916,-0.05340433
1355995206127,0.19766319,0.062076837,-0.9783025,0.9748833,0.092031956,0.2028121,0.10262501,-0.99381924,-0.04232636
1355995206165,0.17083997,0.050763637,-0.9839902,0.9799981,0.09469676,0.1750322,0.10206592,-0.994211,-0.03357023
1355995206207,0.15149531,0.03992644,-0.9876512,0.9841572,0.087014586,0.15447697,0.09210774,-0.9954066,-0.026111543
1355995206245,0.14188519,0.03060782,-0.98940974,0.9870881,0.070684105,0.14373893,0.07433504,-0.997029,-0.020183533
1355995206285,0.14477503,0.023175329,-0.9891931,0.98803675,0.050301135,0.14578429,0.05313608,-0.9984652,-0.0156157315
1355995206327,0.16302097,0.015424341,-0.98650193,0.9861964,0.026836634,0.16339007,0.02899453,-0.9995208,-0.010836452
1355995206365,0.20168266,0.0057764053,-0.97943395,0.97944313,0.0028137863,0.20170122,0.0039210916,-0.99997944,-0.0050902367
1355995206407,0.25402316,-0.005436003,-0.9671829,0.9669123,-0.022882134,0.25408068,-0.023512363,-0.99972343,-5.5646896E-4
1355995206445,0.3122073,-0.009025037,-0.9499712,0.9486541,-0.05052331,0.31225452,-0.050813705,-0.99868214,-0.007212162
1355995206487,0.35438365,0.013755411,-0.934999,0.93241143,-0.080969095,0.35221177,-0.0708611,-0.9966218,-0.04151985
1355995206526,0.35491538,0.08318135,-0.93119055,0.9319316,-0.11076456,0.34530345,-0.074420154,-0.99035954,-0.11683136
1355995206566,0.29828545,0.2009595,-0.9330815,0.9527692,-0.12113914,0.27848923,-0.057067603,-0.9720806,-0.2276021
1355995206633,0.19827062,0.33412653,-0.9214381,0.97984177,-0.0910396,0.17782539,-0.024471164,-0.93812114,-0.34544158
1355995206643,0.10511018,0.43330038,-0.89509916,0.9944235,-0.038031563,0.09836328,0.008578777,-0.9004467,-0.43488157
1355995206685,0.05612272,0.4826031,-0.8740393,0.9978719,0.001995504,0.06517598,0.033198327,-0.87583697,-0.48146403
1355995206720,0.0542327,0.49297962,-0.86834896,0.9973655,0.015212402,0.070926785,0.048175097,-0.86990786,-0.4908558
1355995206768,0.101833716,0.4690936,-0.8772577,0.99327445,8.956343E-4,0.115780056,0.05509737,-0.88314795,-0.4658475
1355995206813,0.17963411,0.41982487,-0.8896509,0.98209083,-0.024292871,0.18683541,0.056825995,-0.90727997,-0.41667002
1355995206853,0.25319666,0.3631225,-0.89667916,0.9657446,-0.040431693,0.25632542,0.056823254,-0.9308638,-0.3609208
1355995206893,0.3157649,0.30492863,-0.898505,0.9471314,-0.044534266,0.31774017,0.056873888,-0.9513334,-0.3028699
1355995206933,0.3604567,0.2500848,-0.89862597,0.9309652,-0.036452904,0.36328387,0.058094263,-0.9675375,-0.24595991
1355995206973,0.38431698,0.20186695,-0.90086085,0.9211805,-0.019323453,0.3886555,0.061048985,-0.9792223,-0.19338223
1355995207013,0.3872702,0.16202727,-0.90761715,0.9195882,0.0027766973,0.39287382,0.066176474,-0.9867824,-0.14792305
1355995207055,0.37093598,0.13121095,-0.9193423,0.9257175,0.026481554,0.37728775,0.07384989,-0.9910008,-0.11164129
1355995207094,0.339226,0.10842812,-0.93443525,0.93697834,0.04938507,0.34587976,0.08365026,-0.9928769,-0.084842086
1355995207135,0.29868227,0.09071162,-0.95003176,0.9497572,0.06931949,0.30521476,0.09354225,-0.9934617,-0.065449536
1355995207176,0.25702024,0.07427102,-0.9635478,0.96125096,0.08319807,0.26282054,0.09968522,-0.9937615,-0.05000946
1355995207216,0.22097743,0.056673497,-0.9736309,0.9703959,0.08699602,0.2253071,0.09747091,-0.9945953,-0.03577155
1355995207256,0.19255316,0.039435238,-0.9804939,0.97746456,0.08039427,0.19519171,0.08652356,-0.99598277,-0.023066431
1355995207296,0.17440215,0.024099082,-0.98437953,0.9823712,0.06407896,0.1756151,0.067310184,-0.99765384,-0.012498736
1355995207335,0.16909125,0.01206401,-0.98552656,0.98456013,0.043860167,0.1694623,0.045269728,-0.9989648,-0.004461348
1355995207374,0.17939427,0.0012122393,-0.98377657,0.98353964,0.021760732,0.179378,0.02162525,-0.99976254,0.0027114153
1355995207416,0.21023807,-0.011674136,-0.97758055,0.9776442,-0.0010150373,0.21026391,-0.0034469366,-0.9999314,0.011199743
1355995207458,0.26068485,-0.02777651,-0.96502435,0.9649353,-0.024302721,0.26136032,-0.030712396,-0.9993187,0.020467162
1355995207495,0.32086363,-0.040754586,-0.9462482,0.9453136,-0.047987908,0.32261357,-0.058556437,-0.9980161,0.023128271
1355995207534,0.36785167,-0.03342554,-0.9292835,0.9263239,-0.07419819,0.36934903,-0.0812968,-0.99668324,0.003668934
1355995207580,0.37262124,0.020791352,-0.9277505,0.9238549,-0.10251176,0.36875927,-0.087438405,-0.99451447,-0.057406217
1355995207617,0.3212262,0.12784162,-0.93833375,0.94445217,-0.115917176,0.30752784,-0.06945416,-0.98499733,-0.15797594
1355995207654,0.21851635,0.2655796,-0.93899846,0.9754478,-0.08649391,0.20253515,-0.027428448,-0.96020114,-0.27795932
1355995207695,0.11899367,0.37553218,-0.9191388,0.99270856,-0.027056724,0.11746362,0.019242495,-0.9264144,-0.37601358
1355995207736,0.060590416,0.43535414,-0.89821804,0.99661434,0.02371791,0.07872367,0.055576533,-0.8999468,-0.43244314
1355995207776,0.05061567,0.45135793,-0.8909063,0.99578345,0.045527518,0.07963964,0.076506734,-0.89118075,-0.4471504
1355995207819,0.074369386,0.43910122,-0.8953543,0.9935895,0.044028893,0.104121655,0.08514139,-0.89735806,-0.43301195
1355995207854,0.121911675,0.40675333,-0.90536696,0.9888251,0.029083759,0.14621612,0.08580536,-0.913075,-0.3986622
1355995207895,0.18243553,0.36057535,-0.9147146,0.97973716,0.01154466,0.19995478,0.08265883,-0.9326587,-0.35116285
1355995207934,0.24454741,0.3071332,-0.9197096,0.96640265,2.0931661E-4,0.2570328,0.079135835,-0.95166653,-0.29676312
1355995207975,0.2987061,0.2527111,-0.9202781,0.95118225,-3.912598E-4,0.3086296,0.077634096,-0.9675417,-0.24049121
1355995208014,0.33792228,0.202784,-0.9190687,0.9378069,0.009980068,0.3470139,0.07954118,-0.97917265,-0.1867997
1355995208055,0.35859942,0.16100428,-0.9195021,0.9296013,0.02824147,0.36748317,0.08513445,-0.9865496,-0.1395424
1355995208095,0.36063415,0.1287753,-0.92377484,0.927975,0.05010532,0.36925864,0.09383747,-0.9904072,-0.101430595
1355995208134,0.34676155,0.105502635,-0.9320009,0.932132,0.07177231,0.35493493,0.1043385,-0.9918256,-0.07345453
1355995208174,0.3224615,0.0887973,-0.94240844,0.9396665,0.090101,0.330013,0.11421624,-0.9919661,-0.05438575
1355995208214,0.29486656,0.07507029,-0.95258504,0.9480368,0.10168946,0.3014725,0.119499505,-0.9919797,-0.041184574
1355995208254,0.27070498,0.061404288,-0.96070194,0.9556567,0.10303599,0.275869,0.115926355,-0.99278045,-0.030789047
1355995208297,0.25427362,0.046946287,-0.9659922,0.96186614,0.09181675,0.25764978,0.100789994,-0.9946687,-0.021809489
1355995208336,0.24685872,0.03395024,-0.9684565,0.9658228,0.07289201,0.2487427,0.07903755,-0.9967618,-0.01479581
1355995208376,0.24982157,0.02223146,-0.96803665,0.966888,0.04808721,0.25062948,0.052122027,-0.99859565,-0.009482086
1355995208416,0.26647997,0.011025786,-0.96377736,0.96353364,0.022179604,0.2666663,0.02431637,-0.99969316,-0.004713267
1355995208454,0.2960504,-0.0020368695,-0.95517015,0.95516235,-0.0039509237,0.29605642,-0.004376799,-0.9999902,7.7584386E-4
1355995208494,0.33673495,-0.016341925,-0.9414576,0.94098663,-0.030226529,0.33709112,-0.033965737,-0.99940944,0.0051992238
1355995208534,0.37908438,-0.02406171,-0.9250492,0.923231,-0.057970792,0.3798471,-0.06276563,-0.9980282,2.387166E-4
1355995208565,0.41507474,-0.019161105,-0.9095855,0.9056207,-0.08687267,0.4150955,-0.08697179,-0.99603516,-0.018705964
1355995208626,0.41390347,0.035013616,-0.9096472,0.9052412,-0.121246636,0.40723172,-0.09603298,-0.99200475,-0.08188018
1355995208647,0.3752253,0.13830999,-0.9165568,0.92302287,-0.14648747,0.35576722,-0.085057914,-0.97949564,-0.18262911
1355995208686,0.29819992,0.27454022,-0.9141687,0.9530599,-0.13829401,0.26935408,-0.05247557,-0.95157886,-0.3028925
1355995208725,0.21606761,0.39284578,-0.8938607,0.9763061,-0.09807104,0.19289508,-0.011883855,-0.91436005,-0.4047277
1355995208768,0.1630287,0.46240193,-0.87155384,0.9863681,-0.056374922,0.15459564,0.022351563,-0.8848765,-0.46528924
1355995208804,0.14957191,0.48436946,-0.8619829,0.98769945,-0.03300111,0.15284222,0.045585692,-0.87424093,-0.48334748
1355995208845,0.16886894,0.47078514,-0.8659357,0.9838067,-0.02697213,0.17719129,0.060062885,-0.88183546,-0.46771634
1355995208885,0.2080416,0.43412519,-0.87650096,0.97564936,-0.028451994,0.21748284,0.069476575,-0.90040314,-0.42947316
1355995208924,0.25532103,0.38484514,-0.8869641,0.963819,-0.028650805,0.26501313,0.0765768,-0.9225364,-0.37823623
1355995208965,0.30265498,0.3306011,-0.89392555,0.9495201,-0.023369804,0.31283462,0.082532614,-0.9434812,-0.32098535
1355995209005,0.34545928,0.2759701,-0.8969383,0.93437696,-0.012376085,0.35607105,0.08716443,-0.9610866,-0.26213554
1355995209046,0.3803259,0.22430778,-0.8972392,0.92045856,0.0026518106,0.39083117,0.09004578,-0.9745148,-0.20545748
1355995209085,0.4040944,0.17909393,-0.8970134,0.91010237,0.01966311,0.41391674,0.09176803,-0.98363554,-0.15504807
1355995209124,0.4141934,0.1439684,-0.8987307,0.9053125,0.036909714,0.4231393,0.09409058,-0.9888936,-0.11504865
1355995209167,0.4101448,0.120705485,-0.90399754,0.90666986,0.05324678,0.41846696,0.09864628,-0.99125934,-0.087601155
1355995209204,0.39468494,0.106264174,-0.9126509,0.9128526,0.06763831,0.40264758,0.10451716,-0.9920347,-0.0703077
1355995209245,0.37388957,0.09539142,-0.9225546,0.92112553,0.07798524,0.38137394,0.10832545,-0.9923803,-0.05870956
1355995209286,0.35240403,0.08339921,-0.9321245,0.92992437,0.08068314,0.3587911,0.10512963,-0.99324465,-0.049121886
1355995209326,0.33360657,0.069582075,-0.94014096,0.9381362,0.0736393,0.3383454,0.09277406,-0.99485457,-0.040710896
1355995209365,0.319674,0.056228846,-0.9458578,0.9446113,0.059346825,0.32278076,0.0742833,-0.9966526,-0.034142822
1355995209406,0.3132215,0.04386857,-0.94866633,0.94827735,0.03982705,0.31493473,0.05159831,-0.9982431,-0.029124856
1355995209444,0.31733665,0.031928092,-0.94777536,0.9479021,0.01873663,0.31801033,0.027911574,-0.99931455,-0.024318874
1355995209486,0.3322615,0.018288642,-0.94301003,0.94318485,-0.0041626096,0.3322424,0.0021509528,-0.99982417,-0.01863268
1355995209524,0.3569991,0.0051740706,-0.9340904,0.933756,-0.029298484,0.35670897,-0.025521815,-0.99955726,-0.015290827
1355995209564,0.38403606,0.0033912063,-0.9233118,0.92188823,-0.057038724,0.3832345,-0.05136487,-0.99836624,-0.025031239
1355995209644,0.4070906,0.01947394,-0.9131802,0.9106995,-0.08530331,0.4041656,-0.07002658,-0.9961647,-0.052461088
1355995209660,0.4010985,0.08859882,-0.91174024,0.9136343,-0.110702634,0.39117417,-0.066274464,-0.98989654,-0.12534964
1355995209674,0.36077833,0.2095756,-0.9087998,0.93199915,-0.117456794,0.34290168,-0.034880877,-0.97071207,-0.2377001
1355995209700,0.30204093,0.33378392,-0.89294994,0.95327145,-0.09917642,0.28537267,0.006693244,-0.9374179,-0.34814203
1355995209730,0.240861,0.4340579,-0.86808974,0.9693063,-0.062139332,0.23787409,0.049308598,-0.8987394,-0.43570197
1355995209774,0.20263056,0.48959637,-0.848078,0.9754034,-0.024171486,0.21909818,0.086770386,-0.8716141,-0.48245186
1355995209826,0.20825697,0.49000186,-0.84647936,0.971513,-0.0035565346,0.23695987,0.11310029,-0.8717142,-0.4767838
1355995209865,0.2301959,0.46953508,-0.85237706,0.964627,0.0055365115,0.26356035,0.12847003,-0.8828965,-0.45165175
1355995209905,0.26528955,0.43420935,-0.86086226,0.9545597,0.0074595213,0.29792655,0.13578412,-0.90078115,-0.4124998
1355995209945,0.30553162,0.39118463,-0.8681158,0.94215745,0.0077464134,0.33508107,0.13780332,-0.9202796,-0.36619073
1355995209985,0.34421054,0.34586698,-0.87286603,0.9288755,0.009993225,0.37025732,0.13678253,-0.93823034,-0.31782758
1355995210025,0.376521,0.30169287,-0.8759072,0.9166331,0.015663788,0.39942268,0.13422298,-0.9532765,-0.27064392
1355995210065,0.3995222,0.26043704,-0.87895083,0.9073608,0.024338827,0.41964746,0.13068438,-0.965184,-0.22658646
1355995210106,0.41179764,0.22282386,-0.8836132,0.9024892,0.034602284,0.42932042,0.1262379,-0.9742445,-0.18684697
1355995210143,0.41294074,0.18931511,-0.8908645,0.9026011,0.045551673,0.42806098,0.12161872,-0.98085916,-0.15206584
1355995210183,0.40362513,0.16021284,-0.90078783,0.90726566,0.05703728,0.41667235,0.11813477,-0.9854332,-0.122333914
1355995210223,0.38620716,0.13476318,-0.9125147,0.91519076,0.06756222,0.3973176,0.115195304,-0.9885718,-0.097240984
1355995210265,0.3660806,0.1103763,-0.9240141,0.9242111,0.07287589,0.3748639,0.10871446,-0.9912145,-0.07533258
1355995210303,0.34694085,0.08637491,-0.9339012,0.9329711,0.07003352,0.35307258,0.09590101,-0.9937981,-0.056287766
1355995210344,0.33367157,0.06325537,-0.94056475,0.9396009,0.05838287,0.33725604,0.07624614,-0.9962882,-0.039954066
1355995210385,0.3284112,0.043276697,-0.94354296,0.94303536,0.04124388,0.33012623,0.053202182,-0.99821144,-0.027266502
1355995210423,0.33371347,0.028215319,-0.9422522,0.9421346,0.02384454,0.33438584,0.031902373,-0.9993174,-0.018625379
1355995210465,0.3501234,0.016649067,-0.9365556,0.9366215,0.0070130825,0.3502727,0.0123998225,-0.9998368,-0.013138413
1355995210503,0.38002905,0.0069482923,-0.92494845,0.9249531,-0.009662896,0.3799584,-0.0062975883,-0.9999292,-0.010099024
1355995210547,0.4199771,1.1020899E-4,-0.90753466,0.90718794,-0.027691096,0.41981328,-0.025084376,-0.9996165,-0.011729598
1355995210589,0.4612861,0.003753841,-0.8872435,0.88624454,-0.049577147,0.46055695,-0.042258143,-0.9987632,-0.026196063
1355995210627,0.4901179,0.033163548,-0.8710251,0.8701548,-0.07724059,0.4866874,-0.051138192,-0.9964608,-0.06671442
1355995210664,0.4855069,0.11021215,-0.86725795,0.8733243,-0.10635871,0.47538677,-0.039847016,-0.988201,-0.14788884
1355995210713,0.43351084,0.23491004,-0.8699918,0.9011425,-0.1165012,0.4175761,-0.0032622516,-0.9650103,-0.26219195
1355995210745,0.33813554,0.37480003,-0.86324346,0.9397618,-0.08562267,0.33093268,0.050120413,-0.9231433,-0.38117486
1355995210786,0.24182713,0.47579288,-0.84566,0.9655272,-0.031482995,0.2583914,0.096316874,-0.87899375,-0.46700436
1355995210828,0.18091848,0.5214497,-0.83388174,0.975755,0.011016935,0.21858844,0.12316969,-0.8532109,-0.50681394
1355995210867,0.1556334,0.5272117,-0.8353598,0.97864455,0.032670096,0.20294714,0.13428739,-0.8491057,-0.5108683
1355995210906,0.16388373,0.50497824,-0.84743094,0.9770314,0.035521194,0.21011388,0.13620469,-0.8624009,-0.48755825
1355995210944,0.19198206,0.46650085,-0.8634349,0.9720793,0.030566007,0.23265323,0.13492468,-0.88399243,-0.44760776
1355995210984,0.22911592,0.42008975,-0.87808335,0.9641496,0.026122704,0.26407045,0.13387117,-0.90710646,-0.39904422
1355995211025,0.2658078,0.37183464,-0.88942975,0.9545857,0.027281329,0.29668498,0.13458258,-0.92789805,-0.34769642
1355995211065,0.29571748,0.32509747,-0.89825547,0.9453845,0.035367027,0.32403308,0.13711098,-0.94501895,-0.29688346
1355995211104,0.31513685,0.28099468,-0.9064936,0.9386313,0.048835948,0.34144744,0.14021438,-0.95846593,-0.2483604
1355995211158,0.32253408,0.23928255,-0.9158142,0.9358322,0.06462772,0.34646997,0.14209121,-0.96879673,-0.2030837
1355995211185,0.31678194,0.19985628,-0.9272037,0.9378487,0.080078065,0.3376794,0.14173609,-0.9765475,-0.16206768
1355995211224,0.29767558,0.16338173,-0.9405826,0.94439375,0.09375486,0.31516722,0.13967675,-0.982098,-0.12638816
1355995211265,0.26689625,0.13059708,-0.9548354,0.9540309,0.104373395,0.28094688,0.13635024,-0.9859263,-0.09673676
1355995211306,0.22949946,0.10137284,-0.9680153,0.9646244,0.10887247,0.2400969,0.12972954,-0.98887324,-0.07280058
1355995211347,0.19273016,0.075501055,-0.9783428,0.97432256,0.10355434,0.19992974,0.11640656,-0.99175406,-0.053604364
1355995211385,0.16249806,0.054176867,-0.9852204,0.9820388,0.08815086,0.16682065,0.09588581,-0.9946327,-0.038879454
1355995211426,0.14308289,0.039304793,-0.9889299,0.9870971,0.06690177,0.1454767,0.07187909,-0.9969851,-0.02922517
1355995211467,0.13931066,0.031140089,-0.98975897,0.9890218,0.04536462,0.14063421,0.04927945,-0.9984851,-0.024478495
1355995211505,0.15580118,0.027170092,-0.9874147,0.987347,0.025599957,0.15649486,0.02952978,-0.999303,-0.022837788
1355995211544,0.19720042,0.023689032,-0.9800769,0.98029566,0.006967902,0.19741285,0.011505604,-0.99969506,-0.021848172
1355995211585,0.26232773,0.019279897,-0.9647862,0.9649572,-0.011940002,0.26213557,-0.006465584,-0.9997428,-0.021736473
1355995211624,0.33805382,0.020588875,-0.9409015,0.9408214,-0.03285867,0.33730596,-0.023972064,-0.99924785,-0.030478418
1355995211662,0.40706095,0.039913565,-0.9125285,0.9127202,-0.05633983,0.4046822,-0.035259366,-0.99761355,-0.059363663
1355995211707,0.4269329,0.102866024,-0.89841354,0.9038266,-0.080112845,0.42033258,-0.028736442,-0.9914639,-0.12717593
1355995211746,0.37732214,0.21963295,-0.8996607,0.92607176,-0.08491461,0.36766902,0.004357904,-0.9718801,-0.23543608
1355995211785,0.2746669,0.35461858,-0.89375824,0.95997787,-0.048180163,0.27590072,0.0547781,-0.93376887,-0.35365945
1355995211827,0.16997933,0.4581144,-0.8724897,0.98002267,0.014188886,0.19837907,0.10325995,-0.88878,-0.4465506
1355995211865,0.10788365,0.511726,-0.8523483,0.985113,0.060396984,0.1609486,0.13384083,-0.8570231,-0.4975921
1355995211904,0.1003274,0.52496284,-0.84519136,0.9841725,0.07235786,0.16176778,0.14607835,-0.84804386,-0.5093946
1355995211945,0.13549536,0.51023126,-0.8492968,0.97998416,0.057168722,0.19069019,0.14584932,-0.8581351,-0.49227244
1355995211984,0.19861317,0.47540224,-0.8570563,0.9702296,0.028285563,0.2405296,0.13859063,-0.87931377,-0.45563143
1355995212024,0.27363038,0.4266777,-0.8620165,0.95323646,-7.3103607E-4,0.30222446,0.12832224,-0.9044034,-0.40692478
1355995212064,0.34567928,0.37036753,-0.8621681,0.9308895,-0.019701198,0.36476943,0.11811304,-0.92867637,-0.3515815
1355995212104,0.4032044,0.31272548,-0.8600168,0.9084582,-0.023680419,0.41730446,0.11013615,-0.9495483,-0.29364604
1355995212144,0.4389875,0.25880948,-0.8604113,0.89229155,-0.013258323,0.45126486,0.10538393,-0.96583736,-0.2367537
1355995212185,0.44973302,0.21166012,-0.86772126,0.88709056,0.0072419047,0.46153846,0.10397327,-0.9773165,-0.1845048
1355995212224,0.4345947,0.17268813,-0.88391525,0.8943441,0.032968894,0.4461632,0.106188774,-0.9844246,-0.14011452
1355995212265,0.3951357,0.141931,-0.90759206,0.911717,0.060326084,0.40636545,0.112427354,-0.9880366,-0.10556391
1355995212308,0.3379752,0.11750826,-0.93379045,0.93329394,0.08612342,0.34863323,0.121388465,-0.98933035,-0.080562145
1355995212345,0.27389866,0.09582731,-0.95697266,0.95322335,0.10522008,0.28336188,0.12784654,-0.9898211,-0.06252521
1355995212385,0.2167871,0.07555929,-0.9732904,0.96803355,0.112199485,0.22432664,0.1261527,-0.99080884,-0.048820525
