1356785321695,-0.49561644,0.08493441,-0.8643786,-0.7956906,0.35457546,0.49107298,0.3481964,0.93116176,-0.10815185
1356785321852,-0.033145845,-0.09875086,-0.9945601,-0.93902004,0.34385085,-0.0028465092,0.34226146,0.9338174,-0.104126275
1356785321894,-0.025753915,-0.098115444,-0.99484175,-0.9408841,0.3386081,-0.009037852,0.33774823,0.935798,-0.101035714
1356785321932,-0.0208368,-0.09640375,-0.99512416,-0.94258785,0.33372077,-0.012592763,0.33330756,0.9377296,-0.09782261
1356785321972,-0.016392857,-0.09391692,-0.995445,-0.94431055,0.32869217,-0.015460223,0.328647,0.9397558,-0.094074965
1356785322014,-0.011689186,-0.090991646,-0.9957831,-0.9459584,0.32376122,-0.018480003,0.3240775,0.94175327,-0.08985877
1356785322052,-0.006755203,-0.08787361,-0.99610865,-0.9473456,0.31947282,-0.021758318,0.32014164,0.9435122,-0.08540475
1356785322092,-0.002151668,-0.084420264,-0.99642795,-0.94832,0.31634873,-0.024754226,0.3173085,0.94487923,-0.08073807
1356785322132,0.0014951527,-0.08039734,-0.9967617,-0.94882166,0.31467262,-0.026804239,0.31580862,0.9457892,-0.07581222
1356785322173,0.0037900805,-0.07576579,-0.9971184,-0.9488637,0.31448573,-0.027502745,0.31566328,0.94623375,-0.07069945
1356785322212,0.0048538744,-0.0710296,-0.9974624,-0.94858545,0.31536105,-0.027072996,0.31648377,0.9463098,-0.06584692
1356785322252,0.004764408,-0.06630868,-0.99778783,-0.9480532,0.31708035,-0.025598764,0.31807628,0.9460778,-0.061353445
1356785322293,0.0038963556,-0.06205958,-0.9980649,-0.94733316,0.31938225,-0.023557484,0.3202262,0.9455917,-0.057546675
1356785322332,0.002899915,-0.059096754,-0.99824804,-0.9465249,0.3218929,-0.021805793,0.3226176,0.94492984,-0.055003047
1356785322372,0.002453059,-0.05811575,-0.9983069,-0.9456333,0.3245422,-0.02121666,0.32522574,0.94408417,-0.05416006
1356785322412,0.0026521683,-0.059095085,-0.9982488,-0.9446818,0.3272574,-0.0218831,0.3279775,0.94308555,-0.054958105
1356785322452,0.0034355521,-0.06167215,-0.9980905,-0.94370633,0.3299389,-0.023635268,0.33076647,0.94198555,-0.057066858
1356785322492,0.004772842,-0.06550115,-0.99784106,-0.94276315,0.3324219,-0.02633053,0.33342892,0.9408535,-0.060165465
1356785322532,0.0066619515,-0.07029554,-0.99750394,-0.9419098,0.33453524,-0.029865772,0.33579963,0.9397577,-0.06398338
1356785322572,0.0089657605,-0.075663835,-0.997093,-0.9411776,0.3361999,-0.033975273,0.3377933,0.9387462,-0.0681988
1356785322612,0.0113551915,-0.081083745,-0.99664253,-0.9405463,0.33751324,-0.038175046,0.33947533,0.93782204,-0.07243049
1356785322652,0.013387859,-0.085999876,-0.9962052,-0.9399605,0.33870512,-0.041871548,0.34102073,0.936954,-0.07630193
1356785322692,0.014628172,-0.08991483,-0.995842,-0.9393873,0.3399585,-0.044493854,0.3425456,0.9361322,-0.07949191
1356785322734,0.01484713,-0.09261733,-0.9955911,-0.93883544,0.34131327,-0.045752287,0.34404594,0.9353755,-0.08188492
1356785322771,0.013944209,-0.09425804,-0.99545014,-0.9383719,0.34260792,-0.04558584,0.34534594,0.93473816,-0.08367169
1356785322812,0.012213409,-0.09524858,-0.9953786,-0.93797755,0.3438397,-0.04441139,0.34648076,0.93418515,-0.08514154
1356785322852,0.009256661,-0.095626116,-0.9953743,-0.93758667,0.3452201,-0.04188478,0.34762847,0.9336374,-0.0864622
1356785322892,0.0047058463,-0.09528968,-0.99543846,-0.9370836,0.34706837,-0.037653536,0.34907317,0.93298626,-0.08766115
1356785322932,-0.0016972125,-0.09411654,-0.9955598,-0.9363396,0.34968302,-0.031461507,0.3510914,0.93212867,-0.08871853
1356785322972,-0.009953767,-0.0920195,-0.99570745,-0.93524724,0.353228,-0.023294598,0.3538553,0.9310007,-0.0895769
1356785323012,-0.019621968,-0.08916482,-0.9958236,-0.93372154,0.3577404,-0.01363337,0.35746193,0.92955446,-0.09027469
1356785323053,-0.029894412,-0.086215585,-0.9958278,-0.93174016,0.36310905,-0.0034662485,0.3618929,0.9277492,-0.09118545
1356785323092,-0.039843023,-0.08414742,-0.9956564,-0.9293879,0.3690555,0.006000668,0.3669475,0.92559016,-0.09290987
1356785323132,-0.048628837,-0.08389047,-0.9952878,-0.9267788,0.3753598,0.013643324,0.37244645,0.923075,-0.09600121
1356785323172,-0.05567372,-0.086313814,-0.99471116,-0.9240923,0.38171643,0.018598676,0.37809226,0.92024046,-0.10101348
1356785323212,-0.06066686,-0.09209019,-0.9939008,-0.9216797,0.38741702,0.020362347,0.38317892,0.91729355,-0.10838103
1356785323252,-0.06311959,-0.10216409,-0.99276304,-0.9199504,0.3916126,0.018189788,0.38692018,0.9144409,-0.11870432
1356785323292,-0.06337762,-0.11639151,-0.9911793,-0.91916955,0.39366227,0.01254648,0.38872963,0.91185695,-0.13193291
1356785323332,-0.061879814,-0.13418838,-0.989022,-0.9193696,0.39337307,0.004149854,0.38849774,0.9095335,-0.14771056
1356785323371,-0.059509665,-0.15412796,-0.9862572,-0.92030954,0.39115086,-0.005596906,0.38663796,0.90732884,-0.16512269
1356785323412,-0.057217315,-0.17437238,-0.983016,-0.9216017,0.3878411,-0.0151546,0.38389656,0.9050821,-0.1828931
1356785323452,-0.055729613,-0.19327182,-0.9795612,-0.9228466,0.38445908,-0.023352504,0.3811146,0.9026833,-0.199786
1356785323492,-0.05537808,-0.20982328,-0.9761697,-0.92372286,0.3819093,-0.029686928,0.37903735,0.9000663,-0.21496803
1356785323532,-0.05596979,-0.22394979,-0.97299224,-0.92408574,0.38062936,-0.034451425,0.3780648,0.8972,-0.22825253
1356785323572,-0.05693984,-0.23627293,-0.970017,-0.92401946,0.3804103,-0.038419068,0.37808186,0.894127,-0.2399813
1356785323612,-0.057715073,-0.24748176,-0.967172,-0.9237674,0.38061428,-0.042267352,0.37857988,0.89100254,-0.2505828
1356785323652,-0.057869628,-0.2579856,-0.96441406,-0.92358303,0.3805818,-0.04638797,0.37900585,0.888032,-0.26029527
1356785323692,-0.057689786,-0.26709265,-0.96194255,-0.9236011,0.3800621,-0.05013752,0.37898925,0.8855588,-0.26861274
1356785323737,-0.058184266,-0.27294388,-0.9602688,-0.92376435,0.37943155,-0.05187601,0.37851554,0.8840437,-0.27421278
1356785323774,-0.060754284,-0.27311903,-0.9600598,-0.9239369,0.37933582,-0.04944554,0.37768966,0.8840307,-0.27539104
1356785323814,-0.066303834,-0.26605338,-0.9616753,-0.9241994,0.37966853,-0.041317612,0.37611055,0.8860402,-0.27105993
1356785323853,-0.07479,-0.2517336,-0.9649024,-0.9248902,0.37925613,-0.027255595,0.3728063,0.8903904,-0.26119053
1356785323894,-0.085378796,-0.2314842,-0.969085,-0.9263487,0.37657502,-0.008338481,0.3668635,0.8969985,-0.24658662
1356785323934,-0.096928075,-0.20727974,-0.97346807,-0.9286631,0.37067723,0.013538837,0.35803616,0.90533614,-0.2284221
1356785323974,-0.108343214,-0.18127328,-0.97744644,-0.9316142,0.3616419,0.036194384,0.3469245,0.9145245,-0.20805824
1356785324003,-0.117405415,-0.15792003,-0.9804475,-0.9345374,0.35154438,0.0552848,0.33594018,0.92275554,-0.18885541
1356785324033,-0.12531629,-0.13677159,-0.98264396,-0.9372674,0.34108332,0.07205495,0.3253084,0.93002987,-0.17093486
1356785324074,-0.13298136,-0.11641514,-0.98425794,-0.9400332,0.32952732,0.088030696,0.31409183,0.9369415,-0.1532551
1356785324113,-0.13887358,-0.09910196,-0.98533905,-0.94288176,0.3174603,0.10096055,0.30280066,0.94307894,-0.1375283
1356785324154,-0.14247769,-0.08615455,-0.9860413,-0.9458538,0.30539012,0.10998762,0.29165134,0.9483218,-0.1250009
1356785324193,-0.14356324,-0.07795715,-0.9865659,-0.94894123,0.29379377,0.11487299,0.28089172,0.9526846,-0.11615473
1356785324234,-0.14225957,-0.073940635,-0.98706377,-0.9519932,0.2832962,0.115983486,0.27105555,0.95617783,-0.11069256
1356785324274,-0.13899586,-0.07290712,-0.9876056,-0.9547932,0.27449587,0.11411402,0.2627739,0.95882034,-0.10776496
1356785324313,-0.1344021,-0.07331717,-0.9882109,-0.95719624,0.2675864,0.11033118,0.25634268,0.96074045,-0.10614312
1356785324354,-0.1292207,-0.073607,-0.98888016,-0.95916903,0.26229414,0.10581443,0.2515888,0.96217656,-0.10449535
1356785324384,-0.12370092,-0.07327896,-0.9896102,-0.9607884,0.25824302,0.10097572,0.24816051,0.9632968,-0.10235047
1356785324424,-0.11983612,-0.070355505,-0.9902977,-0.96164143,0.25614098,0.09817091,0.24674895,0.9640757,-0.09835178
1356785324463,-0.116585165,-0.065395385,-0.99102545,-0.9616133,0.25700614,0.096165836,0.24841082,0.9641947,-0.09284818
1356785324504,-0.11392927,-0.059623897,-0.991698,-0.960499,0.2617069,0.09461048,0.25389314,0.9633039,-0.08708471
1356785324562,-0.11146799,-0.055360943,-0.9922248,-0.95844746,0.26981518,0.09261912,0.2625898,0.9613194,-0.08313632
1356785324582,-0.10879916,-0.05525011,-0.9925271,-0.95591587,0.27976036,0.089212745,0.27274072,0.9584787,-0.08325213
1356785324623,-0.1061151,-0.060929954,-0.9924853,-0.9533399,0.28994,0.08412996,0.28263512,0.9551033,-0.088853955
1356785324660,-0.104352236,-0.072357565,-0.99190474,-0.950878,0.2995298,0.078185946,0.29144764,0.95133924,-0.10005975
1356785324739,-0.10208574,-0.092517525,-0.9904641,-0.9485425,0.30906412,0.0688957,0.29974285,0.94653046,-0.119307876
1356785324747,-0.10767546,-0.11114797,-0.9879535,-0.9456006,0.31830314,0.06724942,0.30699402,0.9414506,-0.13937503
1356785324779,-0.11039281,-0.13514417,-0.984657,-0.94290835,0.32746142,0.060768187,0.31422466,0.9351497,-0.16357797
1356785324813,-0.11576992,-0.1588586,-0.9804903,-0.94002146,0.3364058,0.056487292,0.32086918,0.92822146,-0.18827617
1356785324852,-0.11607474,-0.18937677,-0.9750196,-0.93792254,0.3439319,0.044856906,0.32684553,0.91969955,-0.21754259
1356785324892,-0.11246061,-0.22691134,-0.96740055,-0.93715644,0.3478353,0.02735725,0.3302884,0.9096823,-0.25176919
1356785324932,-0.1027267,-0.2719532,-0.9568118,-0.93863463,0.34490216,0.0027441084,0.32926014,0.8983785,-0.2906953
1356785324972,-0.0862816,-0.32247218,-0.9426384,-0.9424573,0.33317578,-0.027712822,0.3230009,0.8860054,-0.33266324
1356785325012,-0.06571908,-0.3725495,-0.92568237,-0.94754314,0.314108,-0.059144586,0.31279856,0.873237,-0.37364966
1356785325052,-0.046835005,-0.4132118,-0.9094298,-0.9520719,0.29396093,-0.08453408,0.3022673,0.8618834,-0.407175
1356785325092,-0.035464704,-0.43705332,-0.8987362,-0.95471215,0.28064668,-0.098804325,0.2954101,0.8545302,-0.42721313
1356785325132,-0.034344852,-0.44148976,-0.8966087,-0.9553303,0.27800196,-0.100293845,0.2935377,0.85311294,-0.4313165
1356785325172,-0.04359427,-0.426885,-0.9032545,-0.9543375,0.28524312,-0.088748336,0.29553246,0.85814077,-0.41982734
1356785325212,-0.062005535,-0.39459217,-0.9167619,-0.95186543,0.29963404,-0.06458858,0.3001792,0.8686291,-0.39417762
1356785325252,-0.08700758,-0.3474015,-0.93367124,-0.94781387,0.31743002,-0.029784232,0.3067224,0.8823551,-0.35689074
1356785325292,-0.115045235,-0.28973046,-0.95016885,-0.9423479,0.33441514,0.012126654,0.31423736,0.89678466,-0.3114997
1356785325332,-0.14248207,-0.22695795,-0.96342564,-0.9361832,0.34690425,0.05673158,0.3213408,0.9100261,-0.26190186
1356785325372,-0.16599643,-0.16513863,-0.9722009,-0.9305949,0.35239977,0.099033654,0.32624903,0.92116433,-0.21217424
1356785325412,-0.1830045,-0.11025947,-0.9769095,-0.92702645,0.35018504,0.13413605,0.32730934,0.9301684,-0.16629887
1356785325452,-0.19221637,-0.06678924,-0.9790771,-0.9263638,0.34162506,0.15856299,0.323887,0.93746006,-0.12753707
1356785325493,-0.19369969,-0.03685698,-0.98036826,-0.92853475,0.3294811,0.17107162,0.3167076,0.94344246,-0.09804338
1356785325532,-0.18837005,-0.020553559,-0.981883,-0.9327729,0.31660712,0.17232105,0.30732936,0.948334,-0.07881111
1356785325572,-0.1775887,-0.016481578,-0.98396677,-0.9380881,0.30500692,0.1641995,0.29741043,0.95220757,-0.06962699
1356785325612,-0.16284516,-0.022366583,-0.9863981,-0.943618,0.29556748,0.14908057,0.28821275,0.95506006,-0.06923723
1356785325652,-0.14581028,-0.035206616,-0.98868597,-0.9488378,0.28790566,0.12968135,0.28008267,0.95701146,-0.075384974
1356785325692,-0.12860948,-0.05117941,-0.99037385,-0.9534975,0.28088224,0.10930559,0.27258423,0.95837665,-0.084923565
1356785325734,-0.11355513,-0.06643388,-0.9913081,-0.9573841,0.27400517,0.0913063,0.26555774,0.95943093,-0.09471744
1356785325773,-0.10218993,-0.07895213,-0.99162686,-0.960316,0.2678919,0.07763407,0.2595195,0.96020854,-0.10319489
1356785325813,-0.09470028,-0.08941823,-0.9914818,-0.96234506,0.26313996,0.06818575,0.2548014,0.96060485,-0.11097056
1356785325852,-0.09104931,-0.0991399,-0.9908992,-0.96361923,0.259858,0.06254378,0.25129256,0.9605442,-0.11919308
1356785325892,-0.09156641,-0.108541876,-0.9898658,-0.9642087,0.25805667,0.060896307,0.24883166,0.9600133,-0.12828636
1356785325932,-0.09654775,-0.1176433,-0.98835146,-0.9640257,0.25812593,0.06344679,0.24765506,0.9589219,-0.13833266
1356785325972,-0.10575628,-0.12683299,-0.9862702,-0.9628283,0.2609715,0.06968206,0.24855042,0.95697814,-0.14971775
1356785326012,-0.117958724,-0.1372149,-0.9834926,-0.96039796,0.2675314,0.077863365,0.25243115,0.95372903,-0.1633386
1356785326052,-0.13103545,-0.15060556,-0.9798713,-0.95686567,0.27773523,0.0852713,0.2593024,0.9487787,-0.18050241
1356785326092,-0.14196825,-0.16967767,-0.9752202,-0.95300704,0.2897898,0.088314295,0.2676239,0.9419296,-0.20284498
1356785326132,-0.14753258,-0.19712272,-0.96921456,-0.95012534,0.30047846,0.0835143,0.27476552,0.9331963,-0.23162162
1356785326172,-0.1452949,-0.23408514,-0.96129787,-0.94942015,0.30635637,0.068898976,0.27837148,0.9226862,-0.2667572
1356785326212,-0.13553488,-0.27740178,-0.95114595,-0.95099413,0.30571514,0.046351433,0.27792174,0.91081643,-0.30524248
1356785326252,-0.12221715,-0.3186933,-0.93994546,-0.95345116,0.3007436,0.022004545,0.2756699,0.89888144,-0.34061456
1356785326292,-0.111101866,-0.3482823,-0.93078244,-0.95500374,0.2965784,0.003018558,0.2749987,0.88923603,-0.36556137
1356785326332,-0.10620974,-0.3605434,-0.92667574,-0.95490193,0.29685968,-0.0060548484,0.27727574,0.88424134,-0.37581295
1356785326372,-0.108671874,-0.35459274,-0.9286842,-0.9533687,0.30178568,-0.0036682189,0.2815643,0.88497984,-0.37085325
1356785326412,-0.1176617,-0.3323424,-0.93579066,-0.950752,0.3098064,0.009516388,0.28675127,0.89082456,-0.35242754
1356785326453,-0.13121627,-0.2972891,-0.945728,-0.9472693,0.318918,0.031178445,0.2923407,0.89995027,-0.3234601
1356785326492,-0.14597905,-0.25541663,-0.955747,-0.9434073,0.3267402,0.056775272,0.29777965,0.9099468,-0.28865916
1356785326531,-0.16043705,-0.21054444,-0.96432924,-0.93960404,0.33182687,0.08387491,0.30233094,0.91954434,-0.25106573
1356785326572,-0.18576449,-0.1623101,-0.96909595,-0.93413866,0.33506644,0.12294465,0.30475637,0.92810875,-0.21386355
1356785326612,-0.18436143,-0.12776482,-0.9745189,-0.9347249,0.3292773,0.13366303,0.30380952,0.9355494,-0.18013096
1356785326652,-0.18352365,-0.09994453,-0.97792125,-0.9364794,0.32023782,0.14301777,0.2988735,0.94205034,-0.15236717
1356785326692,-0.18151057,-0.08095071,-0.9800515,-0.93957317,0.3084463,0.1485366,0.29026914,0.9477911,-0.13204539
1356785326738,-0.17762095,-0.07109842,-0.9815272,-0.9436898,0.2951805,0.14939195,0.2791061,0.95279247,-0.119525075
1356785326772,-0.17188615,-0.06923035,-0.98268116,-0.9482194,0.28207827,0.1459857,0.26708636,0.9568902,-0.114130914
1356785326812,-0.16467115,-0.07354182,-0.9836031,-0.9526102,0.270444,0.1392619,0.25576806,0.95992273,-0.11459106
1356785326852,-0.1566635,-0.08180329,-0.9842584,-0.95644283,0.26110855,0.13053498,0.2463201,0.96183705,-0.11914635
1356785326892,-0.14881906,-0.09168959,-0.9846044,-0.959401,0.25463024,0.12129769,0.23958832,0.9626819,-0.12586093
1356785326932,-0.1419769,-0.10168871,-0.9846329,-0.96131086,0.25137776,0.11265275,0.23605925,0.9625324,-0.13344431
1356785326972,-0.13654083,-0.11169493,-0.9843174,-0.9621924,0.25133836,0.10495126,0.23567423,0.96143293,-0.14178997
1356785327012,-0.13281205,-0.12219611,-0.9835797,-0.9621575,0.25412747,0.098347664,0.23793691,0.9594203,-0.15132308
1356785327052,-0.13140205,-0.13320848,-0.98233855,-0.9612845,0.25923422,0.093432724,0.2422097,0.95658404,-0.16211516
1356785327092,-0.13303226,-0.14433771,-0.9805453,-0.95958453,0.26630563,0.09098792,0.2479918,0.95302045,-0.17393148
1356785327132,-0.13801423,-0.15544984,-0.97815514,-0.9570178,0.27528992,0.09128234,0.25508642,0.9487101,-0.18676215
1356785327172,-0.14579341,-0.16723403,-0.975078,-0.953583,0.28625163,0.09348494,0.26348376,0.9434473,-0.20120507
1356785327212,-0.1547594,-0.18148986,-0.971139,-0.94949484,0.29891348,0.095448166,0.2729637,0.93686295,-0.21858335
1356785327252,-0.162711,-0.20050237,-0.966087,-0.9453573,0.3120539,0.09445572,0.2825326,0.92866635,-0.24032098
1356785327292,-0.16724324,-0.22624165,-0.9596064,-0.94213396,0.32350004,0.08792806,0.29053974,0.9187832,-0.26725316
1356785327332,-0.16719311,-0.25825787,-0.9514985,-0.94055533,0.3311692,0.075383544,0.29563856,0.90754056,-0.298275
1356785327372,-0.1633003,-0.2926423,-0.94217485,-0.9405039,0.33460692,0.05908081,0.2979687,0.8957671,-0.32987267
1356785327412,-0.15852375,-0.32218567,-0.93330956,-0.9410869,0.33527654,0.044104636,0.29870692,0.8853169,-0.356354
1356785327452,-0.15644564,-0.3396034,-0.9274666,-0.9415159,0.33502448,0.03614211,0.29845005,0.8788789,-0.3721552
1356785327510,-0.15908772,-0.34116438,-0.9264437,-0.94154024,0.33470207,0.038425475,0.29697323,0.878397,-0.37446702
1356785327532,-0.16603863,-0.32773465,-0.93006516,-0.9411743,0.33416122,0.050270736,0.29431626,0.8837004,-0.3639391
1356785327573,-0.17531663,-0.3031629,-0.93667305,-0.9404923,0.33288217,0.06829104,0.29109848,0.8929063,-0.3434822
1356785327610,-0.18437946,-0.2727551,-0.9442504,-0.93975705,0.33029735,0.088092774,0.28785568,0.90360844,-0.31722355
1356785327653,-0.19171599,-0.24046922,-0.95153534,-0.93932676,0.32594636,0.106884,0.2844472,0.914294,-0.28836828
1356785327692,-0.19596443,-0.21002805,-0.957855,-0.9396864,0.31946352,0.12219882,0.28033456,0.92402995,-0.259964
1356785327738,-0.19682646,-0.18352231,-0.96310896,-0.94108725,0.31087327,0.13308841,0.27498013,0.9325649,-0.23389864
1356785327773,-0.19400114,-0.16257599,-0.9674361,-0.9435682,0.3007462,0.13867497,0.26840746,0.93974507,-0.21174663
1356785327813,-0.18769363,-0.14790493,-0.971028,-0.9469015,0.2899926,0.13885906,0.261053,0.9455308,-0.1944812
1356785327853,-0.1783019,-0.13932857,-0.9740616,-0.9507408,0.2795023,0.13405338,0.253575,0.94998217,-0.18230116
1356785327893,-0.16667989,-0.13548633,-0.9766582,-0.95466506,0.26994368,0.12547874,0.24664202,0.9532963,-0.17433822
1356785327933,-0.15395445,-0.13427687,-0.9789115,-0.95823634,0.26193553,0.11477333,0.24100032,0.95569843,-0.16899514
1356785327974,-0.141179,-0.13379496,-0.9809013,-0.9610451,0.2563391,0.10335651,0.23761481,0.9572822,-0.16477269
1356785328014,-0.12909338,-0.13300437,-0.9826723,-0.9627901,0.2540752,0.092092454,0.23742396,0.9579956,-0.1608547
1356785328053,-0.11804396,-0.13197282,-0.9841995,-0.9633939,0.25546753,0.08129254,0.2407026,0.95776796,-0.15729815
1356785328093,-0.10803819,-0.13175055,-0.9853779,-0.9630194,0.25995559,0.07082918,0.24682271,0.9565903,-0.15496343
1356785328134,-0.099013835,-0.1336844,-0.98606527,-0.96192014,0.2665622,0.060450494,0.25476646,0.95450145,-0.1549871
1356785328173,-0.09113249,-0.13862127,-0.9861434,-0.9602657,0.27454457,0.050148606,0.26378864,0.95153,-0.15813321
1356785328213,-0.084724486,-0.14681363,-0.98552907,-0.9581064,0.2835883,0.04012108,0.27359417,0.94764096,-0.16468996
1356785328253,-0.07995379,-0.15842113,-0.98412913,-0.9554347,0.29363787,0.030353934,0.2841689,0.942698,-0.17483854
1356785328292,-0.07662904,-0.17373407,-0.9818067,-0.95228016,0.3045404,0.020435035,0.29544955,0.936521,-0.18878019
1356785328332,-0.07401851,-0.19337085,-0.97832966,-0.94881666,0.31568787,0.009388596,0.30703136,0.9289504,-0.20684028
1356785328372,-0.070874155,-0.21835801,-0.97329164,-0.94549,0.3256238,-0.004204005,0.31784496,0.91993964,-0.22953367
1356785328412,-0.06559928,-0.24990109,-0.9660467,-0.9430747,0.33186537,-0.021808952,0.3260475,0.9096235,-0.25744545
1356785328452,-0.05688411,-0.28823692,-0.955868,-0.94249934,0.3313228,-0.043820113,0.3293314,0.89841235,-0.29051012
1356785328492,-0.04471709,-0.3308701,-0.9426162,-0.94427496,0.3220079,-0.06823301,0.3261061,0.8870377,-0.32683158
1356785328532,-0.031126544,-0.37166288,-0.92784584,-0.94779444,0.30572128,-0.09066561,0.31735924,0.876585,-0.36177605
1356785328572,-0.019520238,-0.40293247,-0.91502154,-0.9515098,0.28850424,-0.106745124,0.3069987,0.86856824,-0.38902587
1356785328612,-0.012851566,-0.4192162,-0.9077954,-0.95410013,0.27680936,-0.114322364,0.29921207,0.86465853,-0.40353167
1356785328652,-0.012490794,-0.41874877,-0.9080162,-0.95521235,0.27350074,-0.11298996,0.29565752,0.86593693,-0.4034102
1356785328692,-0.0184391,-0.4023716,-0.9152907,-0.95513994,0.27772278,-0.102847934,0.29558015,0.8723343,-0.3894421
1356785328739,-0.029760346,-0.3724967,-0.92755616,-0.9542594,0.2867759,-0.08454901,0.29749498,0.88261306,-0.363993
1356785328773,-0.044766128,-0.33288592,-0.9419039,-0.95289606,0.2973438,-0.05979815,0.29997522,0.89485955,-0.33051658
1356785328813,-0.061720386,-0.28738484,-0.9558245,-0.9514022,0.30641752,-0.030694783,0.3017026,0.90747905,-0.2923308
1356785328853,-0.078768075,-0.24020422,-0.9675213,-0.9502275,0.31155688,1.0609627E-5,0.30143535,0.91936624,-0.25278938
1356785328893,-0.09426302,-0.19547138,-0.97616863,-0.949787,0.3115186,0.029335976,0.29836032,0.92991775,-0.2150209
1356785328933,-0.10696247,-0.15675011,-0.9818291,-0.95026135,0.30663607,0.05456865,0.29251057,0.93883103,-0.18175209
1356785328973,-0.1160779,-0.12662384,-0.9851357,-0.9515233,0.2986073,0.07373607,0.2848319,0.9459387,-0.15514725
1356785329013,-0.121224284,-0.106449395,-0.98690075,-0.95334065,0.28942287,0.085884154,0.27648932,0.95126384,-0.1365676
1356785329052,-0.1259267,-0.095359415,-0.9874457,-0.9551449,0.28058526,0.09471083,0.2680311,0.9550804,-0.1264152
1356785329092,-0.12046516,-0.09525928,-0.9881365,-0.9582534,0.27115905,0.09068158,0.25930387,0.9578092,-0.12394774
1356785329132,-0.113259315,-0.10134226,-0.98838353,-0.9615323,0.26174247,0.083345085,0.25025558,0.9598024,-0.12708867
1356785329172,-0.10546738,-0.11000219,-0.9883199,-0.9645355,0.2531467,0.07475346,0.24196687,0.96115357,-0.13279974
1356785329213,-0.09852868,-0.11833811,-0.988073,-0.9666511,0.24723643,0.06678188,0.23638478,0.96170175,-0.1387515
1356785329252,-0.093319476,-0.12566063,-0.9876745,-0.96755505,0.24538374,0.060198694,0.23479465,0.9612472,-0.14448267
1356785329292,-0.09038937,-0.13254827,-0.9870464,-0.96730167,0.24751699,0.055342734,0.23697513,0.9597741,-0.15058708
1356785329332,-0.09050685,-0.1392245,-0.9861161,-0.96607053,0.25278652,0.052977502,0.2419011,0.9574526,-0.15737957
1356785329372,-0.09449464,-0.14541766,-0.9848474,-0.96393883,0.2605853,0.054011732,0.24878249,0.95443654,-0.1647976
1356785329412,-0.10272953,-0.15109447,-0.9831668,-0.96085346,0.270748,0.058789134,0.25730774,0.95071864,-0.17299348
1356785329452,-0.11477876,-0.15689296,-0.9809232,-0.9567351,0.28322417,0.06664845,0.26736447,0.9461335,-0.18261307
1356785329492,-0.12912142,-0.16446814,-0.9778946,-0.9516957,0.2975871,0.07561213,0.27857298,0.9404213,-0.1949485
1356785329532,-0.14295664,-0.17704341,-0.9737654,-0.9463645,0.3124911,0.08211893,0.28975436,0.9332765,-0.21222025
1356785329572,-0.15222812,-0.19941223,-0.96801937,-0.9420881,0.32540774,0.08111617,0.2988254,0.9243076,-0.23740005
1356785329612,-0.15315506,-0.23513114,-0.9598212,-0.94044864,0.33296332,0.068496585,0.30347955,0.9131532,-0.27212375
1356785329652,-0.14540292,-0.2809164,-0.9486537,-0.9417773,0.33311623,0.045706213,0.30317232,0.9000664,-0.3129968
1356785329692,-0.13382798,-0.32502416,-0.9361887,-0.94433594,0.3283112,0.02101019,0.30053243,0.8868884,-0.35086924
1356785329740,-0.12540378,-0.3545828,-0.926577,-0.9460032,0.32413262,0.0039937794,0.29891765,0.87704563,-0.3760839
1356785329774,-0.12472926,-0.36286202,-0.9234575,-0.94593275,0.3243628,3.1030178E-4,0.2994227,0.87356734,-0.38370055
1356785329813,-0.13286816,-0.34934664,-0.92752516,-0.9440894,0.32950145,0.011136264,0.30173048,0.87714636,-0.3735947
1356785329853,-0.14823207,-0.31728473,-0.93667376,-0.9406098,0.33773705,0.034451425,0.30541852,0.88615125,-0.3485046
1356785329892,-0.16762063,-0.27229565,-0.9475012,-0.9360022,0.34570608,0.06623632,0.30952108,0.8979657,-0.3128168
1356785329931,-0.18750656,-0.22095758,-0.9570888,-0.9312462,0.34992272,0.10165897,0.31244478,0.9103471,-0.2713787
1356785329972,-0.20485121,-0.16983327,-0.96394634,-0.92751884,0.3482526,0.13575292,0.31264147,0.92188764,-0.22886348
1356785330012,-0.21743846,-0.12485799,-0.96805525,-0.9257945,0.3405918,0.1640172,0.30923283,0.93188393,-0.18965065
1356785330052,-0.22427458,-0.0901604,-0.97034633,-0.926486,0.3284955,0.18361479,0.3021996,0.9401924,-0.15720552
1356785330092,-0.22533983,-0.06774035,-0.9719225,-0.9294114,0.31419653,0.19358501,0.29226115,0.94693816,-0.13375962
1356785330132,-0.22133923,-0.05756092,-0.9734967,-0.93403083,0.29949087,0.19465774,0.2803487,0.9523613,-0.120052755
1356785330172,-0.21342126,-0.05789852,-0.9752431,-0.93966186,0.28536007,0.1886934,0.26737037,0.9566699,-0.11530697
1356785330212,-0.20310327,-0.06566337,-0.97695315,-0.9455571,0.27228627,0.17827517,0.2543048,0.95997316,-0.11739069
1356785330252,-0.19217524,-0.076913744,-0.97834194,-0.9509611,0.26080546,0.16629326,0.24236667,0.9623226,-0.123262346
1356785330292,-0.18239382,-0.08786571,-0.97929156,-0.9551878,0.25199148,0.15529487,0.23312804,0.96373224,-0.12988997
1356785330332,-0.17492014,-0.09629032,-0.9798628,-0.95779705,0.24719828,0.14668912,0.22809568,0.9641686,-0.13546658
1356785330372,-0.17004716,-0.10210043,-0.98013234,-0.95874375,0.24706739,0.14059937,0.22780344,0.96360433,-0.13990122
1356785330412,-0.16766283,-0.106369644,-0.98008907,-0.95825624,0.25112864,0.13667277,0.2315906,0.96209145,-0.14403433
1356785330471,-0.16786236,-0.11004269,-0.9796494,-0.9565829,0.25836897,0.1348877,0.23826757,0.9597584,-0.14863533
1356785330492,-0.17093417,-0.113773465,-0.9786916,-0.95387185,0.26791957,0.13545346,0.24679959,0.95669997,-0.15432191
1356785330532,-0.17698845,-0.11836547,-0.9770695,-0.9502042,0.2792625,0.13829118,0.25649002,0.9528914,-0.1618976
1356785330570,-0.18564641,-0.12492442,-0.9746432,-0.9456998,0.29204136,0.14270115,0.26680928,0.9482118,-0.1723575
1356785330612,-0.19530731,-0.13560814,-0.9713215,-0.94073266,0.30589956,0.14644948,0.27726716,0.9423566,-0.18731546
1356785330652,-0.20353168,-0.15343869,-0.9669703,-0.93613935,0.31974685,0.14630488,0.28673688,0.9349966,-0.2087186
1356785330694,-0.20625967,-0.18277949,-0.9612745,-0.93347293,0.3313285,0.13729453,0.29340303,0.925642,-0.23895937
1356785330741,-0.20074448,-0.22523168,-0.9534004,-0.9340091,0.33757755,0.11691207,0.29551426,0.9139541,-0.27813524
1356785330775,-0.18786302,-0.27556765,-0.9427459,-0.9374075,0.33684322,0.08833891,0.2932142,0.90033275,-0.3215996
1356785330814,-0.1728702,-0.3222787,-0.93072677,-0.9416318,0.3312168,0.06020668,0.28886905,0.88680995,-0.36072546
1356785330853,-0.16271065,-0.3533773,-0.92122185,-0.94452405,0.325763,0.04186496,0.28530586,0.8769281,-0.38677847
1356785330893,-0.16170992,-0.3627369,-0.9177537,-0.9450803,0.3245945,0.038230836,0.28403,0.87353325,-0.39530563
1356785330932,-0.16977488,-0.35067213,-0.92098075,-0.9431845,0.32867807,0.048720658,0.28562123,0.8769263,-0.38654977
1356785330972,-0.18395296,-0.3215314,-0.9288589,-0.9391985,0.33624545,0.06960681,0.2899438,0.88518727,-0.36383516
1356785331012,-0.20029154,-0.28138852,-0.9384582,-0.9340068,0.34406587,0.096176356,0.2958285,0.8957896,-0.33173227
1356785331052,-0.21521634,-0.23649982,-0.94749665,-0.9289316,0.3489012,0.12391195,0.30127755,0.90682733,-0.29478133
1356785331092,-0.22626412,-0.19221494,-0.95491254,-0.9253286,0.34862953,0.14907843,0.3042556,0.917339,-0.25674433
1356785331132,-0.23165816,-0.15323707,-0.96065235,-0.92425084,0.3427331,0.1682095,0.30347145,0.92685086,-0.22102642
1356785331172,-0.23102248,-0.122323334,-0.9652282,-0.92598516,0.33214098,0.1795376,0.2986302,0.9352643,-0.19000167
1356785331212,-0.22446436,-0.10081971,-0.9692528,-0.9301692,0.31869292,0.18226343,0.29051825,0.94248086,-0.16531461
1356785331252,-0.21283934,-0.08853826,-0.9730676,-0.9359654,0.30434945,0.17703152,0.28047854,0.94843686,-0.14764631
1356785331292,-0.19728976,-0.08445054,-0.97670096,-0.94252497,0.29039645,0.16527724,0.2696727,0.95317256,-0.13688892
1356785331332,-0.1787256,-0.087442994,-0.9800055,-0.9492017,0.27750552,0.14834681,0.258985,0.9567363,-0.1325984
1356785331372,-0.15806758,-0.09611979,-0.98273885,-0.9555038,0.26591498,0.1276784,0.24905252,0.9591925,-0.13387531
1356785331412,-0.13683492,-0.10805014,-0.98468333,-0.9610295,0.2555189,0.10550967,0.24020487,0.96074724,-0.1388033
1356785331452,-0.1172325,-0.11980969,-0.98585105,-0.9654071,0.24655998,0.08483717,0.23290709,0.96169317,-0.14456993
1356785331492,-0.10117984,-0.12895164,-0.98647565,-0.9683764,0.24006444,0.06794235,0.22805649,0.96215415,-0.14916342
1356785331532,-0.08933696,-0.13563713,-0.98672265,-0.9699565,0.23692128,0.05525121,0.22628146,0.96201396,-0.1527279
1356785331572,-0.0816111,-0.14149442,-0.9865693,-0.9704256,0.23691958,0.046296448,0.22718692,0.9611703,-0.15664506
1356785331612,-0.07824886,-0.14747337,-0.9859659,-0.9700922,0.23921323,0.04120934,0.22977883,0.9597024,-0.16178095
1356785331652,-0.07989386,-0.15344822,-0.98492163,-0.9690764,0.24338296,0.040690094,0.2334693,0.95771515,-0.16814786
1356785331693,-0.08696514,-0.1591219,-0.9834212,-0.9672586,0.24974918,0.045125395,0.2384282,0.9551469,-0.17563146
1356785331743,-0.09888518,-0.16493934,-0.98133415,-0.9643802,0.25902402,0.05364093,0.2453416,0.9516835,-0.18467784
1356785331774,-0.114049315,-0.17224193,-0.9784301,-0.96027446,0.27159017,0.06412259,0.25468737,0.9468746,-0.19637424
1356785331813,-0.1295447,-0.18343937,-0.97445786,-0.9552561,0.2866207,0.07303637,0.26590204,0.9403183,-0.21236175
1356785331853,-0.14124787,-0.20201474,-0.9691435,-0.9504134,0.30165035,0.07564002,0.27706206,0.931771,-0.23460501
1356785331892,-0.14482939,-0.2311962,-0.96206695,-0.9473736,0.31295204,0.06741133,0.28549558,0.9211999,-0.26435387
1356785331932,-0.13756126,-0.27133653,-0.95260346,-0.94729674,0.31696272,0.046512306,0.28931928,0.9087965,-0.30063802
1356785331972,-0.12157811,-0.3162542,-0.9408518,-0.949552,0.31312394,0.017450124,0.28908452,0.89550924,-0.33836877
1356785332012,-0.1040535,-0.35463312,-0.92919755,-0.9520407,0.30580473,-0.010100454,0.28773496,0.88358295,-0.3694452
1356785332052,-0.09249638,-0.3770992,-0.9215425,-0.95321,0.30105412,-0.027517766,0.28781113,0.8758782,-0.3873011
1356785332092,-0.090678155,-0.38024625,-0.92042935,-0.9528818,0.30177456,-0.03079328,0.28947115,0.8742682,-0.3896941
1356785332132,-0.09917073,-0.3644277,-0.9259361,-0.9513227,0.30759948,-0.019174546,0.29180518,0.8789624,-0.3771932
1356785332172,-0.11592306,-0.3326224,-0.9359082,-0.9487177,0.31608212,0.005173862,0.29410288,0.8885125,-0.352206
1356785332212,-0.13735814,-0.28966078,-0.94722193,-0.94531584,0.3239324,0.038023114,0.29582208,0.9006467,-0.31831568
1356785332252,-0.15962344,-0.24109054,-0.9572856,-0.9415926,0.3284588,0.074285,0.29651946,0.91323066,-0.2794388
1356785332292,-0.17986399,-0.19175062,-0.9648215,-0.9381522,0.32840997,0.10962337,0.29583663,0.92486674,-0.23896039
1356785332332,-0.1958543,-0.14609748,-0.9696889,-0.9357044,0.3237229,0.1402168,0.2934252,0.9348042,-0.20010656
1356785332372,-0.2060034,-0.10792971,-0.972581,-0.93487644,0.3153235,0.1630249,0.2890824,0.94282675,-0.16585863
1356785332412,-0.20954365,-0.07966313,-0.97454876,-0.9359802,0.3047033,0.17634326,0.28290015,0.94911,-0.13841176
1356785332453,-0.2064108,-0.062214643,-0.9764855,-0.9389843,0.2932233,0.17980167,0.27514198,0.9540175,-0.118943036
1356785332492,-0.19715998,-0.05491829,-0.9788319,-0.9434667,0.28199205,0.17421523,0.2664552,0.95784366,-0.10741109
1356785332532,-0.18284902,-0.056363642,-0.981524,-0.9488626,0.27144375,0.16117695,0.257344,0.96080256,-0.103114605
1356785332572,-0.16492057,-0.06402001,-0.98422694,-0.95452046,0.2616557,0.1429232,0.2483786,0.9630357,-0.1042608
1356785332612,-0.14572242,-0.07432079,-0.98652995,-0.95975196,0.25261024,0.122736454,0.24008572,0.9647095,-0.10814053
1356785332652,-0.12791461,-0.08365324,-0.988251,-0.96391284,0.2450546,0.10402104,0.23347375,0.9658936,-0.1119805
1356785332692,-0.11329824,-0.090087175,-0.98946846,-0.96655464,0.24060845,0.088768095,0.2300776,0.9664326,-0.11433464
1356785332741,-0.10212922,-0.09430811,-0.99029064,-0.9676269,0.24038404,0.07689956,0.23079777,0.9660857,-0.11580521
1356785332774,-0.09384143,-0.09837973,-0.99071455,-0.9674145,0.2440629,0.06739855,0.23516604,0.96475637,-0.11807716
1356785332813,-0.088329226,-0.10371831,-0.9906768,-0.9662094,0.2507018,0.05990058,0.24215168,0.96249217,-0.122357905
1356785332853,-0.08621445,-0.11049709,-0.99013007,-0.9641086,0.2597578,0.054960042,0.25112113,0.9593313,-0.1289261
1356785332893,-0.08809045,-0.1184977,-0.9890392,-0.96106136,0.2711837,0.053107798,0.2619182,0.9552056,-0.13777232
1356785332933,-0.09371874,-0.12804472,-0.9873304,-0.9570285,0.28494266,0.053888917,0.27443236,0.9499538,-0.14924693
1356785332973,-0.10185826,-0.14021489,-0.9848678,-0.9521284,0.30058497,0.05567819,0.28822955,0.943392,-0.16411966
1356785333013,-0.11036068,-0.15676957,-0.98144984,-0.9468226,0.31687146,0.055852234,0.3022375,0.9354228,-0.18340313
1356785333053,-0.11588216,-0.1804615,-0.9767317,-0.94211006,0.33147413,0.05053124,0.31464237,0.9260446,-0.20842654
1356785333092,-0.11430287,-0.21451083,-0.97001034,-0.9394307,0.34091544,0.03530842,0.32311743,0.9152933,-0.24048567
1356785333132,-0.10192941,-0.26091498,-0.9599655,-0.94005066,0.34096003,0.0071431994,0.32544607,0.9031443,-0.28002715
1356785333172,-0.07858539,-0.3166995,-0.9452649,-0.9439168,0.32866383,-0.031641483,0.32069522,0.88976485,-0.32476616
1356785333212,-0.050664067,-0.37129572,-0.92713135,-0.9491011,0.30685914,-0.07102564,0.31087023,0.8763429,-0.36794388
1356785333252,-0.028932467,-0.41122368,-0.91107523,-0.9532505,0.28562558,-0.09864843,0.30079296,0.8656287,-0.40026307
1356785333292,-0.020890698,-0.4290026,-0.9030617,-0.9554337,0.27460313,-0.108348995,0.2944656,0.8605521,-0.4156202
1356785333332,-0.027993366,-0.42420423,-0.90513384,-0.9558506,0.276334,-0.09994608,0.29251683,0.86237484,-0.41321135
1356785333372,-0.048294067,-0.39927983,-0.9155563,-0.9546478,0.28806585,-0.07527131,0.29379484,0.87039864,-0.3950835
1356785333430,-0.078307554,-0.3578545,-0.9304881,-0.9516665,0.3048768,-0.037162036,0.2969828,0.88260424,-0.36443228
1356785333452,-0.11357768,-0.3048806,-0.94559395,-0.9469197,0.32131028,0.010139346,0.30073774,0.89655316,-0.32519108
1356785333492,-0.14999387,-0.24569237,-0.9576727,-0.94084656,0.33313218,0.061892927,0.303825,0.91030663,-0.28112662
1356785333530,-0.18407565,-0.18578756,-0.96519387,-0.9343394,0.33794832,0.11314052,0.30516556,0.92264503,-0.23579675
1356785333573,-0.21357682,-0.12984642,-0.9682586,-0.92848825,0.33519593,0.15985355,0.30379996,0.9331578,-0.19215101
1356785333612,-0.23638278,-0.08242923,-0.9681573,-0.9243917,0.32606995,0.19793531,0.29937133,0.94174504,-0.15327424
1356785333652,-0.25181517,-0.04606077,-0.9666786,-0.9225997,0.31304505,0.22541666,0.29223108,0.9486207,-0.121325135
1356785333692,-0.25945276,-0.022046179,-0.96550417,-0.92326224,0.29895353,0.2412751,0.28332165,0.954013,-0.09791869
1356785333742,-0.25911638,-0.0106420815,-0.9657875,-0.9263483,0.28576985,0.2453861,0.27338153,0.9582392,-0.083905935
1356785333774,-0.25104293,-0.010912538,-0.96791446,-0.9316042,0.2742543,0.23853332,0.26285174,0.96159524,-0.07901579
1356785333813,-0.23644546,-0.020433277,-0.97142994,-0.9383478,0.2642885,0.22283411,0.25218454,0.9642272,-0.08166337
1356785333854,-0.2180768,-0.03509769,-0.9753003,-0.9454237,0.25551644,0.20220128,0.2421085,0.96616745,-0.08890438
1356785333892,-0.19989532,-0.05007407,-0.97853684,-0.9514855,0.24834347,0.18166095,0.23391673,0.9673769,-0.097287476
1356785333932,-0.18524909,-0.062241316,-0.9807185,-0.9555936,0.24415857,0.16500765,0.22918054,0.9677358,-0.10470754
1356785333972,-0.17559353,-0.07142663,-0.98186815,-0.9575316,0.24408093,0.15348548,0.2286923,0.9671208,-0.11125225
1356785334012,-0.17151603,-0.07870147,-0.9820328,-0.9574758,0.2480497,0.14734799,0.23199645,0.9655451,-0.11789924
1356785334052,-0.1740857,-0.08436036,-0.98111033,-0.9554962,0.25543705,0.14757714,0.23816225,0.9631382,-0.12507391
1356785334092,-0.18464887,-0.08793023,-0.9788631,-0.95137703,0.26584893,0.15558308,0.24654925,0.95999616,-0.13274354
1356785334132,-0.2036492,-0.089336306,-0.97495955,-0.9447434,0.27921483,0.17175302,0.2568794,0.95606387,-0.1412617
1356785334172,-0.22987318,-0.089553595,-0.9690916,-0.93531346,0.2955314,0.19455081,0.26897424,0.9511264,-0.15169537
1356785334212,-0.26043895,-0.090646386,-0.9612256,-0.923311,0.31443676,0.22051388,0.2822559,0.9449406,-0.16558635
1356785334252,-0.29080236,-0.09606165,-0.95194864,-0.91012543,0.33468193,0.24425325,0.2951366,0.93742204,-0.18475443
1356785334292,-0.31483662,-0.110985726,-0.9426346,-0.8987745,0.354096,0.25849625,0.30509374,0.9286001,-0.21123356
1356785334332,-0.32641178,-0.14078125,-0.9346849,-0.8930383,0.36996287,0.2561445,0.30973837,0.91831803,-0.24648333
1356785334372,-0.3227172,-0.18636066,-0.9279673,-0.894875,0.37943345,0.23500842,0.3083055,0.906256,-0.2892192
1356785334412,-0.30904213,-0.23812479,-0.9207549,-0.9015414,0.3816419,0.2038934,0.30284658,0.8931103,-0.33262283
1356785334452,-0.29748565,-0.27920753,-0.9129871,-0.90722984,0.38053775,0.17923462,0.29738238,0.88160884,-0.36650985
1356785334492,-0.29755965,-0.2979202,-0.90702903,-0.90813446,0.38142785,0.17263958,0.29453334,0.875075,-0.38404918
1356785334532,-0.31099904,-0.29237336,-0.90432155,-0.9037493,0.38545185,0.18618295,0.29413748,0.8751826,-0.3841074
1356785334572,-0.33424348,-0.2665239,-0.90401685,-0.89513665,0.3899743,0.21598727,0.29497758,0.8814109,-0.36892164
1356785334612,-0.36205494,-0.2264786,-0.90422547,-0.88392615,0.39139825,0.25589463,0.29595757,0.8919164,-0.34189802
1356785334652,-0.3887661,-0.1798639,-0.90360934,-0.8724059,0.3872301,0.29826292,0.29625803,0.9042686,-0.30745625
1356785334692,-0.4114903,-0.13201225,-0.9018029,-0.8621801,0.37718603,0.33819544,0.29550147,0.9166807,-0.2690267
1356785334743,-0.4284165,-0.08733657,-0.89935064,-0.85455155,0.36257,0.3718665,0.29359996,0.92785525,-0.22996455
1356785334774,-0.43877584,-0.049255192,-0.89724565,-0.8503229,0.34562445,0.39685604,0.29056278,0.9370793,-0.19353443
1356785334813,-0.44271958,-0.019822687,-0.896441,-0.8496896,0.32860798,0.41236433,0.2864035,0.94425833,-0.16232437
1356785334852,-0.44071808,-5.6147575E-5,-0.8976456,-0.8525029,0.3131574,0.4185347,0.28108087,0.94970125,-0.138062
1356785334892,-0.43323207,0.0097693205,-0.9012294,-0.85845774,0.30009556,0.41592425,0.27451822,0.95385915,-0.12162447
1356785334932,-0.42073196,0.0101622045,-0.90712804,-0.8670391,0.2896676,0.4053835,0.26688522,0.95707333,-0.11306137
1356785334972,-0.4041062,0.00297454,-0.9147073,-0.8773196,0.28173453,0.38850495,0.25886026,0.9594878,-0.1112411
1356785335012,-0.38505268,-0.008531243,-0.92285514,-0.8880497,0.27560174,0.36798272,0.25120115,0.961234,-0.11369729
1356785335052,-0.36598372,-0.020297766,-0.9303999,-0.8978791,0.27056187,0.34728864,0.2446816,0.96248865,-0.11724621
1356785335092,-0.34900123,-0.029368877,-0.9366621,-0.90577924,0.26690924,0.32912531,0.24033776,0.9632741,-0.11975342
1356785335132,-0.33463937,-0.035644114,-0.94167185,-0.911567,0.2655543,0.31388932,0.23887667,0.9634368,-0.121356905
1356785335172,-0.32228342,-0.040992796,-0.94575524,-0.91572267,0.26675752,0.30048692,0.23996949,0.96289146,-0.123509586
1356785335212,-0.3117773,-0.046717614,-0.949006,-0.91861796,0.27001458,0.28850162,0.2427674,0.96172225,-0.12710011
1356785335252,-0.3039363,-0.052668065,-0.9512354,-0.92016053,0.2749241,0.27878538,0.24683443,0.96002233,-0.1320225
1356785335292,-0.29959735,-0.058419675,-0.9522754,-0.9200871,0.28169605,0.2721892,0.25235102,0.95772356,-0.13814658
1356785335332,-0.298795,-0.064311355,-0.95214784,-0.9183047,0.29087666,0.26852784,0.25968823,0.95459664,-0.14596993
1356785335373,-0.30025965,-0.07188541,-0.9511449,-0.9151338,0.3029465,0.26599553,0.2690248,0.9502926,-0.15674734
1356785335412,-0.3014118,-0.08407655,-0.94978,-0.9115416,0.31762815,0.26115975,0.27971944,0.94448054,-0.1723761
1356785335452,-0.29807612,-0.10571864,-0.9486697,-0.90944374,0.33332786,0.24860546,0.28993574,0.936865,-0.19550222
1356785335492,-0.28542244,-0.14231631,-0.9477764,-0.9113072,0.34648496,0.22241226,0.29673737,0.927197,-0.22858852
1356785335532,-0.26079366,-0.19529724,-0.9454341,-0.91838133,0.35207692,0.18060309,0.29759428,0.9153692,-0.27117682
