1356785376973,-0.6373586,0.6507372,-0.41269243,-0.24756998,0.33424705,0.9093888,0.7297144,0.681777,-0.051932216
1356785377013,0.07222118,-0.15243304,-0.9856715,-0.67993295,0.7155,-0.16047072,0.729709,0.6817799,-0.051970005
1356785377052,0.07211271,-0.15265468,-0.98564506,-0.6799923,0.715425,-0.16055372,0.72966444,0.68180907,-0.052212775
1356785377092,0.071903475,-0.15339443,-0.9855456,-0.68017447,0.71516603,-0.16093564,0.7295154,0.68191475,-0.052912056
1356785377134,0.07176462,-0.15488392,-0.9853227,-0.6804973,0.71464145,-0.16189834,0.7292279,0.68212795,-0.054112136
1356785377172,0.07201573,-0.15698445,-0.9849719,-0.6808886,0.7138895,-0.16356224,0.7288377,0.68243515,-0.05547762
1356785377212,0.07304407,-0.15925986,-0.9845308,-0.68124235,0.7130163,-0.16588166,0.72840476,0.6828207,-0.056412935
1356785377252,0.07520166,-0.1612286,-0.9840478,-0.68147564,0.71211874,-0.16875401,0.7279668,0.68329513,-0.056320846
1356785377292,0.07869828,-0.16261095,-0.9835468,-0.681537,0.7112526,-0.17212525,0.7275397,0.6838695,-0.054850996
1356785377332,0.08336508,-0.16341397,-0.9830291,-0.681419,0.71044457,-0.17588812,0.7271303,0.6845177,-0.052127123
1356785377372,0.08841574,-0.16417855,-0.9824602,-0.6811907,0.70965993,-0.17989424,0.72674745,0.68514824,-0.049091816
1356785377414,0.09241495,-0.1659174,-0.9817998,-0.6811645,0.7086639,-0.18387604,0.7262743,0.6857601,-0.047525942
1356785377452,0.09377476,-0.1696522,-0.9810324,-0.6819916,0.7069322,-0.18744151,0.7253232,0.68663305,-0.049408972
1356785377492,0.091325276,-0.17586014,-0.9801698,-0.68433475,0.7039612,-0.19006479,0.72342634,0.688122,-0.05605775
1356785377532,0.08429283,-0.18456998,-0.979198,-0.6884414,0.69965225,-0.19114164,0.7203771,0.6902323,-0.06808996
1356785377579,0.071846664,-0.19590901,-0.9779866,-0.6942761,0.6941605,-0.19005755,0.7161137,0.6926477,-0.086141825
1356785377602,0.0555662,-0.20667349,-0.97683084,-0.70071393,0.68887544,-0.18560869,0.7112751,0.69479257,-0.1065408
1356785377642,0.03317765,-0.22283687,-0.9742911,-0.7092692,0.68155986,-0.18003714,0.70415664,0.69700783,-0.1354388
1356785377682,0.0033956096,-0.24051917,-0.9706384,-0.7195661,0.6734466,-0.16939384,0.69441557,0.6990137,-0.17078269
1356785377722,-0.031862795,-0.2578286,-0.9656651,-0.73042995,0.66549546,-0.15358347,0.68224394,0.70045716,-0.20953023
1356785377762,-0.07033951,-0.27286917,-0.95947635,-0.74024945,0.65901536,-0.13315198,0.66864276,0.700886,-0.24834609
1356785377802,-0.109884776,-0.28451288,-0.9523538,-0.74744797,0.6552326,-0.10950652,0.6551693,0.6998018,-0.28465867
1356785377843,-0.14868757,-0.29254052,-0.9446227,-0.7509674,0.65489626,-0.0846096,0.64338166,0.6968005,-0.31706333
1356785377925,-0.18531984,-0.29740158,-0.93659425,-0.7505878,0.65800226,-0.060423255,0.6342511,0.6917986,-0.34516686
1356785377929,-0.21882522,-0.2997135,-0.92859423,-0.7469311,0.6638013,-0.038232893,0.627861,0.68522966,-0.3691218
1356785377950,-0.24853757,-0.29963362,-0.9211128,-0.741583,0.6706182,-0.018052667,0.6231241,0.6785948,-0.38887703
1356785377979,-0.27372113,-0.29883754,-0.9142061,-0.7356261,0.67738676,-0.001172781,0.6196216,0.6721929,-0.40524775
1356785378023,-0.29580855,-0.29763162,-0.90769637,-0.72934484,0.68401504,0.013398707,0.6168901,0.66598713,-0.41941357
1356785378062,-0.31724578,-0.29435074,-0.9015058,-0.7228997,0.69034463,0.02898857,0.61381686,0.66089475,-0.431795
1356785378102,-0.3379221,-0.28961205,-0.8955074,-0.7171438,0.6954245,0.045711935,0.60951906,0.65765464,-0.44269282
1356785378143,-0.357499,-0.28317896,-0.8899461,-0.7121452,0.6991446,0.06360847,0.60418844,0.65651083,-0.45160806
1356785378182,-0.37460524,-0.27420908,-0.8857089,-0.70722455,0.702252,0.08170423,0.59958684,0.657002,-0.45699465
1356785378222,-0.38743836,-0.26122344,-0.8841119,-0.70143783,0.7058447,0.098834455,0.59822786,0.6584418,-0.4567033
1356785378262,-0.39440563,-0.24292186,-0.8862466,-0.69462097,0.71021223,0.11445615,0.6016193,0.66074765,-0.44885033
1356785378302,-0.39442027,-0.21845806,-0.89258546,-0.6874611,0.71469766,0.12885836,0.6097786,0.66444206,-0.4320727
1356785378342,-0.38713527,-0.18792714,-0.90266806,-0.68088806,0.71839976,0.14245433,0.6217055,0.669765,-0.40607524
1356785378382,-0.3729679,-0.1525509,-0.9152176,-0.6755792,0.7207738,0.15517035,0.63599354,0.6761755,-0.37188572
1356785378422,-0.35300887,-0.11451471,-0.9285855,-0.67194563,0.72165334,0.16644976,0.6510558,0.6827172,-0.3316977
1356785378462,-0.32888788,-0.07662356,-0.9412553,-0.6702731,0.72106326,0.17550427,0.6652568,0.6886194,-0.28850764
1356785378502,-0.30242017,-0.0415518,-0.9522686,-0.6706729,0.719177,0.1816104,0.67730343,0.69358337,-0.24536133
1356785378542,-0.27538037,-0.011802793,-0.96126294,-0.6730568,0.71633166,0.18402034,0.68641114,0.6976601,-0.20520765
1356785378582,-0.24911441,0.0109395385,-0.9684122,-0.6771507,0.7129194,0.18224373,0.6923935,0.70116067,-0.17019075
1356785378622,-0.22430086,0.025717854,-0.9741805,-0.68257785,0.70933163,0.17588666,0.6955405,0.70440555,-0.14154923
1356785378662,-0.2010577,0.032239974,-0.9790487,-0.68887115,0.70592225,0.1647127,0.6964427,0.7075552,-0.11972195
1356785378702,-0.17926127,0.030699492,-0.98332244,-0.6956605,0.7027991,0.14876148,0.69564503,0.71072567,-0.104628265
1356785378742,-0.15867448,0.021506876,-0.9870968,-0.70275784,0.69978034,0.12821415,0.6935084,0.7140343,-0.095923185
1356785378782,-0.13913813,0.0056557655,-0.9902569,-0.71002793,0.6964898,0.103741884,0.6902906,0.7175445,-0.09289253
1356785378822,-0.12055871,-0.014862508,-0.9925949,-0.71738636,0.69243336,0.076764345,0.6861649,0.72132874,-0.09414101
1356785378862,-0.102844834,-0.03700763,-0.9940088,-0.72459,0.6874091,0.049376786,0.68146336,0.72532696,-0.09751183
1356785378903,-0.08638726,-0.057703704,-0.9945891,-0.7308699,0.682098,0.023907602,0.6770277,0.72898054,-0.10109848
1356785378941,-0.07203099,-0.07503927,-0.9945756,-0.73500127,0.67806256,0.0020728111,0.6742289,0.7311636,-0.10399544
1356785378982,-0.061858177,-0.08859405,-0.9941452,-0.73645663,0.67633045,-0.0144476,0.6736507,0.7312511,-0.10708225
1356785379022,-0.05777593,-0.09887636,-0.9934211,-0.7358783,0.6766686,-0.024551958,0.6746445,0.72961843,-0.1118561
1356785379062,-0.061206743,-0.10618976,-0.99246025,-0.73432827,0.6782459,-0.027282596,0.6760293,0.72712183,-0.1194914
1356785379102,-0.07296102,-0.11068097,-0.9911742,-0.73243606,0.6804779,-0.02207151,0.67691517,0.7243614,-0.13071513
1356785379142,-0.09324008,-0.1127432,-0.9892398,-0.730123,0.6832558,-0.009053141,0.67692447,0.72142255,-0.14602321
1356785379182,-0.12150006,-0.11341217,-0.9860909,-0.7268554,0.68670905,0.01057899,0.6759578,0.71803087,-0.16586941
1356785379222,-0.15635972,-0.11368066,-0.9811362,-0.72204536,0.6909593,0.035010517,0.6739452,0.71389914,-0.19012082
1356785379262,-0.19541486,-0.115712404,-0.9738705,-0.71576196,0.6956782,0.060964912,0.67044604,0.70897293,-0.21876836
1356785379302,-0.23624876,-0.122104466,-0.96399015,-0.7090576,0.6999959,0.085106045,0.6643973,0.7036308,-0.25195223
1356785379342,-0.27607918,-0.1351308,-0.95158815,-0.7037462,0.7027417,0.104380935,0.6546155,0.69849396,-0.28911012
1356785379382,-0.31195354,-0.15693212,-0.9370472,-0.7018829,0.70278907,0.11596501,0.6403479,0.69387305,-0.32938552
1356785379422,-0.3414325,-0.18693489,-0.92112935,-0.7044101,0.69973004,0.1190978,0.62227833,0.68951666,-0.37058944
1356785379462,-0.36267465,-0.22172177,-0.90515554,-0.71068287,0.6940938,0.11473274,0.6028241,0.6848892,-0.40930408
1356785379502,-0.3749218,-0.25521392,-0.8912349,-0.7184773,0.6875231,0.10536766,0.5858532,0.67983663,-0.44113278
1356785379542,-0.37866467,-0.28052825,-0.881996,-0.72482353,0.68247545,0.09411764,0.575538,0.67493045,-0.46176285
1356785379582,-0.3753125,-0.29327926,-0.8792769,-0.72773325,0.6807503,0.0835658,0.57405984,0.67124236,-0.4689232
1356785379622,-0.36633375,-0.29235232,-0.88336277,-0.727178,0.68225455,0.07576853,0.5805272,0.6701185,-0.46252507
1356785379662,-0.35290724,-0.2782976,-0.8933124,-0.7243579,0.6855935,0.07257494,0.5922517,0.67269015,-0.443538
1356785379703,-0.33600336,-0.25236064,-0.90742266,-0.72050595,0.6893732,0.07507172,0.6066077,0.6790278,-0.41345906
1356785379742,-0.31659618,-0.21752863,-0.9232812,-0.7164765,0.69271874,0.08247498,0.6216335,0.6876205,-0.37516624
1356785379782,-0.29590076,-0.17662632,-0.938747,-0.7124414,0.69544524,0.09371856,0.63629395,0.69653356,-0.33161867
1356785379822,-0.27486318,-0.13319784,-0.95221245,-0.70878136,0.6972567,0.107061,0.6496762,0.7043376,-0.28605837
1356785379862,-0.25416082,-0.09198859,-0.9627773,-0.7063284,0.6976729,0.119802445,0.6606832,0.7104862,-0.24229527
1356785379907,-0.23417087,-0.055657625,-0.97060096,-0.70561945,0.69650775,0.13030028,0.6687789,0.71538746,-0.20237494
1356785379942,-0.2142814,-0.028982371,-0.97634184,-0.7071562,0.694128,0.13459724,0.67380524,0.7192679,-0.1692338
1356785379984,-0.19543032,-0.0120924115,-0.9806431,-0.71069145,0.6907954,0.13311392,0.6758141,0.72294915,-0.14359635
1356785380022,-0.17647755,-0.00657174,-0.9842828,-0.716529,0.68646795,0.12388712,0.6748645,0.7271304,-0.12585503
1356785380061,-0.157057,-0.011976719,-0.9875169,-0.72438323,0.6810515,0.10694775,0.67126894,0.73213756,-0.11563963
1356785380102,-0.13711615,-0.025887221,-0.9902166,-0.73339236,0.67460614,0.08391729,0.66583383,0.7377238,-0.111484885
1356785380142,-0.11701909,-0.044147134,-0.9921479,-0.74208623,0.66780674,0.057810456,0.66001093,0.74302423,-0.11090714
1356785380182,-0.09796476,-0.062410504,-0.993231,-0.7485899,0.66224986,0.03222224,0.65575606,0.7466793,-0.111597
1356785380222,-0.081897646,-0.078175634,-0.9935701,-0.7513732,0.6598015,0.01001969,0.65477574,0.7473624,-0.112775266
1356785380262,-0.07127382,-0.09122723,-0.99327624,-0.750214,0.6611592,-0.006891489,0.65734243,0.7446785,-0.11556333
1356785380302,-0.06867312,-0.101845175,-0.9924271,-0.74629617,0.6654059,-0.016643941,0.6620619,0.73950154,-0.121702135
1356785380342,-0.07638022,-0.10872471,-0.9911332,-0.74116945,0.67111516,-0.01650244,0.6669587,0.73333716,-0.13184333
1356785380382,-0.09578276,-0.10970208,-0.98933876,-0.73546076,0.677556,-0.003926754,0.67076313,0.72724366,-0.14557976
1356785380422,-0.12795982,-0.10238677,-0.98648024,-0.7283689,0.68478537,0.023405373,0.67313087,0.72151643,-0.16220039
1356785380462,-0.17343338,-0.08512527,-0.98115975,-0.71784693,0.69299215,0.06676537,0.67425257,0.7159019,-0.18129492
1356785380502,-0.23195246,-0.057103395,-0.97104955,-0.7010976,0.70180905,0.12619916,0.67428493,0.71007276,-0.20282137
1356785380542,-0.30191326,-0.018946886,-0.9531471,-0.67539024,0.7098728,0.19982162,0.6728272,0.7040751,-0.22711653
1356785380582,-0.37973714,0.02619797,-0.9247234,-0.6392026,0.71517324,0.28274947,0.6687449,0.69845605,-0.25483203
1356785380622,-0.4598496,0.07237005,-0.88504297,-0.59335124,0.71647346,0.36687887,0.6606608,0.6938504,-0.28652918
1356785380663,-0.53613085,0.11338596,-0.83648515,-0.5410381,0.71447986,0.44361725,0.6479517,0.6904072,-0.32170856
1356785380702,-0.60337555,0.14580058,-0.7840154,-0.48684627,0.71131957,0.5069568,0.6316,0.68758035,-0.35821033
1356785380742,-0.65808034,0.17084193,-0.73330986,-0.43495673,0.70872355,0.55544895,0.61460793,0.6844881,-0.39208817
1356785380782,-0.69820654,0.19359943,-0.6892219,-0.38832483,0.7063781,0.5918055,0.6014245,0.6808445,-0.41801834
1356785380822,-0.72331446,0.2181876,-0.6551415,-0.3498414,0.7021976,0.62010443,0.59533787,0.67772615,-0.43157864
1356785380862,-0.73481107,0.24507755,-0.63244736,-0.32266945,0.6938616,0.6437705,0.5966047,0.6771211,-0.43077815
1356785380909,-0.73273647,0.28034636,-0.6200832,-0.3084924,0.6753541,0.6698725,0.60657215,0.68213093,-0.40837193
1356785380939,-0.72358143,0.30472693,-0.6193315,-0.30959806,0.6586646,0.6857915,0.6169108,0.6879698,-0.3822546
1356785380982,-0.70883244,0.3344469,-0.6210489,-0.31707114,0.63541347,0.70407075,0.63009715,0.6959849,-0.3443582
1356785381022,-0.6891954,0.3638371,-0.6266037,-0.33207682,0.6100122,0.7194513,0.643999,0.7039231,-0.2995957
1356785381062,-0.6669092,0.3912744,-0.6341424,-0.35207516,0.58458257,0.73096263,0.6567155,0.7107514,-0.25210547
1356785381102,-0.6442339,0.41399452,-0.6430951,-0.3753775,0.5614465,0.73747516,0.66637415,0.7165098,-0.20629859
1356785381142,-0.6230801,0.42988685,-0.65342826,-0.4002984,0.5424531,0.7385836,0.6719616,0.7217631,-0.1659087
1356785381182,-0.6045284,0.4379622,-0.665383,-0.42510644,0.5290345,0.7344433,0.673669,0.7268504,-0.13363588
1356785381222,-0.58877814,0.43820682,-0.6792018,-0.4484413,0.52201664,0.7255336,0.6724884,0.7317605,-0.11084193
1356785381262,-0.5753981,0.43113342,-0.6950115,-0.46978548,0.52138436,0.71236223,0.6694913,0.73639816,-0.09746331
1356785381302,-0.5635576,0.417385,-0.7128762,-0.48945752,0.52646124,0.6951762,0.66545784,0.74069446,-0.092399
1356785381342,-0.55235994,0.39759082,-0.7326801,-0.5080924,0.5362189,0.67402625,0.6608635,0.7445743,-0.094173014
1356785381382,-0.54088783,0.372504,-0.75410944,-0.52670527,0.54901195,0.6489742,0.6557606,0.7482157,-0.10075402
1356785381422,-0.5282644,0.343963,-0.77629,-0.5460508,0.56250095,0.62082297,0.650204,0.75185245,-0.10932791
1356785381462,-0.5140541,0.31538495,-0.7976721,-0.5653746,0.57476646,0.5916038,0.6450581,0.75509995,-0.117150426
1356785381502,-0.49932954,0.29037744,-0.81630325,-0.58226615,0.5852184,0.56434524,0.6415888,0.7571,-0.12313992
1356785381542,-0.4872187,0.27115983,-0.8301146,-0.594027,0.5938637,0.5426396,0.64011705,0.7574947,-0.12826526
1356785381582,-0.48185956,0.25902236,-0.8370894,-0.59875023,0.600168,0.53037393,0.639773,0.75677323,-0.134107
1356785381622,-0.4867703,0.25540233,-0.8353588,-0.5950325,0.603176,0.5311451,0.63952404,0.7556113,-0.14163542
1356785381662,-0.5035051,0.26148438,-0.82347345,-0.5814981,0.6023638,0.5468251,0.63901687,0.7541775,-0.15124065
1356785381702,-0.5309841,0.27707684,-0.80080235,-0.55705416,0.59799933,0.5762704,0.6385504,0.7520806,-0.16318136
1356785381742,-0.56566346,0.30015075,-0.768072,-0.52171665,0.59104824,0.61520225,0.638621,0.7487133,-0.17774075
1356785381782,-0.6026592,0.32689342,-0.72797155,-0.47750536,0.58317995,0.6571833,0.63936734,0.74366784,-0.19536543
1356785381822,-0.63780785,0.3524084,-0.6848427,-0.42841762,0.576594,0.69569945,0.6400465,0.7371212,-0.21677816
1356785381862,-0.6691153,0.37152728,-0.6436243,-0.37944427,0.57387245,0.72573584,0.63898885,0.72982055,-0.24301285
1356785381903,-0.6968989,0.38001406,-0.6082115,-0.33496022,0.5774156,0.7445756,0.63414,0.7226206,-0.27511066
1356785381942,-0.7214445,0.3767253,-0.5810301,-0.29883853,0.58753216,0.7519983,0.6246707,0.7161592,-0.31129187
1356785381982,-0.7424316,0.36301547,-0.563041,-0.2735979,0.60286814,0.74946266,0.611506,0.7104716,-0.34826803
1356785382022,-0.7575302,0.34329277,-0.5552458,-0.26086158,0.6205088,0.7395404,0.59841377,0.7050665,-0.38050228
1356785382062,-0.76388186,0.32300603,-0.5587053,-0.26117885,0.63693553,0.72532666,0.5901441,0.69998586,-0.40218115
1356785382102,-0.76029384,0.30534106,-0.57334113,-0.27426434,0.6492092,0.709441,0.58883977,0.69663066,-0.40984553
1356785382142,-0.74714375,0.29095075,-0.5975983,-0.29906824,0.6557821,0.6931868,0.5935775,0.6966329,-0.4029494
1356785382182,-0.7251215,0.27972937,-0.6292458,-0.333488,0.65682435,0.6762895,0.602482,0.70023793,-0.38299108
1356785382222,-0.69489825,0.2714998,-0.66588604,-0.37443745,0.6539453,0.6573827,0.6139324,0.70614684,-0.3527658
1356785382262,-0.6574718,0.2656727,-0.7050879,-0.41852292,0.6493763,0.63494015,0.62655365,0.71255064,-0.3157565
1356785382302,-0.6144545,0.2611117,-0.74449056,-0.46264353,0.64512014,0.6080961,0.6390669,0.71808124,-0.27559537
1356785382342,-0.56818324,0.25618434,-0.7820086,-0.50441104,0.6424204,0.576945,0.65018255,0.72226423,-0.23579031
1356785382382,-0.5214335,0.24925455,-0.8160756,-0.5423528,0.6415347,0.542482,0.6587569,0.7254691,-0.19933373
1356785382422,-0.47676912,0.23907639,-0.84589225,-0.57587993,0.6420826,0.50605565,0.6641186,0.7284041,-0.16844583
1356785382462,-0.4359881,0.2251203,-0.8713411,-0.60497415,0.6434922,0.46896064,0.66627383,0.73160005,-0.14436299
1356785382502,-0.39992625,0.20728831,-0.89279926,-0.6300511,0.6452686,0.43204626,0.66565347,0.7352958,-0.12745762
1356785382542,-0.36875743,0.1858565,-0.9107554,-0.65182704,0.64681774,0.3959146,0.662676,0.7396514,-0.11737251
1356785382582,-0.3420865,0.16142699,-0.9256987,-0.67106116,0.6476208,0.36092138,0.65776414,0.7446668,-0.11321491
1356785382622,-0.3191019,0.13515788,-0.9380333,-0.68816936,0.6474832,0.32739633,0.65161103,0.7499985,-0.113601685
1356785382662,-0.29879057,0.1089946,-0.948074,-0.70311797,0.6465711,0.29592395,0.6452513,0.7550272,-0.11655325
1356785382702,-0.28025112,0.08551827,-0.95610976,-0.7153437,0.6455765,0.26742166,0.6401113,0.75889236,-0.11974853
1356785382742,-0.2636214,0.06700632,-0.9622961,-0.7238227,0.6456852,0.24325168,0.63763976,0.76065814,-0.121715724
1356785382782,-0.2506129,0.05443582,-0.9665557,-0.72773004,0.6478465,0.22517538,0.6384374,0.75982344,-0.12274408
1356785382822,-0.24400724,0.047732085,-0.968598,-0.72697806,0.65204394,0.21527123,0.6418438,0.7566772,-0.12440324
1356785382862,-0.24653636,0.046809494,-0.96800244,-0.722032,0.65738255,0.21568021,0.6464437,0.7521018,-0.12827069
1356785382904,-0.2601233,0.051899284,-0.96417964,-0.7130772,0.6629538,0.22806418,0.65104294,0.74685925,-0.13544154
1356785382943,-0.2857688,0.06402731,-0.9561573,-0.69956917,0.6679693,0.2538111,0.6549345,0.74142945,-0.14609325
1356785382973,-0.32070088,0.08387509,-0.9434595,-0.6813487,0.6714965,0.29130125,0.6579627,0.7362454,-0.15820134
1356785383013,-0.3599625,0.10283789,-0.92728174,-0.659358,0.67512834,0.3308303,0.6600561,0.7304971,-0.17521393
1356785383052,-0.40871364,0.12778518,-0.9036725,-0.62940085,0.67756283,0.3804776,0.66091424,0.7242786,-0.19650108
1356785383092,-0.4616677,0.15423311,-0.87354165,-0.5930055,0.67871165,0.4332378,0.6597025,0.7180269,-0.22187817
1356785383133,-0.5147314,0.17695573,-0.83889115,-0.55318415,0.6789944,0.48265293,0.6550106,0.71249795,-0.2516107
1356785383172,-0.56527543,0.19117616,-0.8024434,-0.5137963,0.6794375,0.5238111,0.64535034,0.70839,-0.28584373
1356785383212,-0.6110875,0.19485344,-0.7672054,-0.47854966,0.6811035,0.5541554,0.6305254,0.7057833,-0.3229668
1356785383252,-0.64910114,0.19023772,-0.73653066,-0.45030302,0.68426824,0.57358885,0.6131028,0.70397913,-0.35849464
1356785383292,-0.67592734,0.1828984,-0.713912,-0.43073392,0.68798774,0.5840729,0.5979887,0.7022969,-0.38624918
1356785383332,-0.6897267,0.17808259,-0.70182884,-0.42054945,0.6905054,0.588507,0.5894195,0.70106274,-0.40136743
1356785383372,-0.69080985,0.17829238,-0.70070934,-0.41973537,0.69021535,0.5894276,0.5887308,0.7012949,-0.40197194
1356785383412,-0.6806834,0.18372864,-0.70916426,-0.42745888,0.68654656,0.58816046,0.59493625,0.7034896,-0.3887844
1356785383452,-0.66115105,0.19357592,-0.72485006,-0.4420843,0.68007886,0.58485395,0.60616887,0.7071217,-0.36405802
1356785383492,-0.6341389,0.20640723,-0.7451604,-0.46160376,0.67207813,0.5789931,0.6203144,0.71113086,-0.33091253
1356785383532,-0.6016532,0.22062859,-0.7676826,-0.48410627,0.66374284,0.57016367,0.63533825,0.71468073,-0.29253536
1356785383572,-0.56591403,0.23431745,-0.79046607,-0.5081284,0.6559017,0.55821013,0.64926636,0.7175572,-0.2521206
1356785383612,-0.52934706,0.2454345,-0.8121291,-0.53260756,0.64897823,0.543283,0.6603945,0.7201314,-0.21281445
1356785383652,-0.49419874,0.252331,-0.8319234,-0.5566895,0.6431617,0.52577543,0.66773075,0.7229606,-0.17737973
1356785383692,-0.46210793,0.25411087,-0.84963757,-0.57962376,0.6385641,0.50623333,0.67118746,0.72640455,-0.14779687
1356785383732,-0.43397444,0.25059026,-0.8653732,-0.60082704,0.6352416,0.48525766,0.6713219,0.730529,-0.12511724
1356785383790,-0.41017014,0.24196316,-0.87932605,-0.620041,0.6330756,0.4634268,0.6688121,0.735302,-0.10964161
1356785383812,-0.3906331,0.22855112,-0.8917231,-0.6373569,0.63180256,0.44113684,0.66421527,0.74066854,-0.1011343
1356785383852,-0.37502292,0.21095802,-0.902693,-0.6530753,0.6309674,0.41877562,0.65791386,0.74657685,-0.098855734
1356785383890,-0.3622811,0.19054835,-0.91238356,-0.66750884,0.6301564,0.39665458,0.65052617,0.7527245,-0.10110104
1356785383919,-0.35040438,0.1704996,-0.9209488,-0.6803535,0.62944293,0.37539402,0.6436892,0.7581105,-0.10455954
1356785383962,-0.3405045,0.15212882,-0.9278542,-0.69089824,0.6288552,0.356652,0.637743,0.76249444,-0.1090225
1356785384002,-0.3319014,0.137337,-0.93326306,-0.69816124,0.6295512,0.3409343,0.63435984,0.76472473,-0.1130656
1356785384042,-0.32681847,0.12801063,-0.9363775,-0.70080125,0.6319225,0.33098572,0.6340877,0.76438683,-0.1168139
1356785384082,-0.32881552,0.1256097,-0.9360035,-0.6980146,0.6352716,0.33046275,0.63612574,0.7620054,-0.12120974
1356785384122,-0.34107858,0.13151795,-0.9307891,-0.6891191,0.6384726,0.3427354,0.63935924,0.75832427,-0.12713778
1356785384162,-0.36542764,0.14687896,-0.9191786,-0.67291874,0.64059603,0.36988807,0.6431509,0.7536998,-0.1352539
1356785384202,-0.40184182,0.17195986,-0.8994182,-0.6477594,0.6408727,0.41193432,0.6472488,0.74813896,-0.14614087
1356785384242,-0.44799754,0.20538719,-0.87012315,-0.6123203,0.6386647,0.4660163,0.6514307,0.7415682,-0.16035748
1356785384282,-0.49979565,0.24425024,-0.8309911,-0.56650525,0.63356364,0.526943,0.6551917,0.7341246,-0.17828333
1356785384322,-0.55250645,0.28387094,-0.7836797,-0.5123236,0.6259774,0.5879429,0.6574657,0.7263399,-0.2004227
1356785384362,-0.60277295,0.31871027,-0.7314976,-0.45351672,0.61743695,0.6427241,0.65649635,0.719163,-0.2276339
1356785384402,-0.64934313,0.34399784,-0.6782469,-0.39437515,0.61024225,0.68707544,0.6502474,0.71363145,-0.26059246
1356785384442,-0.6918571,0.35747916,-0.62732965,-0.3388173,0.6065,0.7192778,0.63760227,0.7101876,-0.2984913
1356785384482,-0.7289206,0.36054355,-0.5819648,-0.29025733,0.60713387,0.7396886,0.62002045,0.7080938,-0.33790195
1356785384522,-0.7574721,0.35799384,-0.54596376,-0.25192833,0.61121005,0.75030285,0.6023023,0.70587724,-0.3727858
1356785384562,-0.774853,0.3552178,-0.5228988,-0.22656882,0.6161723,0.7543197,0.59014356,0.7029595,-0.3969617
1356785384602,-0.7806901,0.3550204,-0.51427966,-0.21591836,0.61903095,0.7551027,0.5864318,0.7005436,-0.40661585
1356785384642,-0.77630615,0.35733667,-0.5192873,-0.22046062,0.61786336,0.7547463,0.59054714,0.70039654,-0.40087253
1356785384682,-0.76302207,0.3611421,-0.53607243,-0.23929578,0.6125987,0.75329965,0.60044545,0.70306414,-0.38100654
1356785384722,-0.7416551,0.36531165,-0.562579,-0.27025148,0.6048798,0.74905574,0.6139315,0.7075788,-0.34988624
1356785384762,-0.71281016,0.36878076,-0.5965756,-0.3103443,0.5969497,0.7398226,0.628958,0.7124969,-0.3110628
1356785384802,-0.6776649,0.37012708,-0.635434,-0.35601944,0.59095097,0.72389716,0.64344424,0.71678644,-0.26869428
1356785384842,-0.63817227,0.36804166,-0.67622596,-0.40367284,0.58796406,0.7009611,0.6555795,0.72030795,-0.22665393
1356785384910,-0.5969649,0.36148098,-0.7162154,-0.45019802,0.58799005,0.67200404,0.66404414,0.7236015,-0.18827146
1356785384924,-0.5569427,0.34987825,-0.7532596,-0.4932658,0.5903269,0.6389077,0.66820925,0.7273922,-0.15619528
1356785384963,-0.5205616,0.33363876,-0.78593934,-0.5314451,0.5938374,0.6040887,0.6682676,0.73214906,-0.13181823
1356785385003,-0.4894127,0.31369787,-0.8136761,-0.5642566,0.59749854,0.56974554,0.6648983,0.73796284,-0.11541724
1356785385043,-0.46377164,0.29105824,-0.8367802,-0.5920201,0.60085154,0.53711224,0.6591116,0.7444881,-0.106345594
1356785385083,-0.4431621,0.26667327,-0.85585785,-0.6154078,0.6037079,0.50676423,0.65182865,0.75128037,-0.10342765
1356785385122,-0.42639744,0.24123542,-0.87177455,-0.63539463,0.6060695,0.4784908,0.6437849,0.75794804,-0.105146825
1356785385162,-0.41141218,0.21544413,-0.8856206,-0.6530807,0.60810804,0.45132044,0.63578737,0.7640605,-0.10948068
1356785385202,-0.39539677,0.19025373,-0.89859056,-0.6692129,0.6104298,0.4237093,0.6291387,0.7688817,-0.114041686
1356785385242,-0.37617052,0.16672897,-0.91142595,-0.6835571,0.61412275,0.39446548,0.62549627,0.77139795,-0.11704612
1356785385282,-0.35419327,0.1457228,-0.92374885,-0.6948626,0.62007165,0.36424863,0.62586975,0.770893,-0.11836785
1356785385322,-0.33305395,0.12782496,-0.93420327,-0.7017476,0.62814623,0.33612877,0.62978184,0.76752394,-0.1195057
1356785385362,-0.31773454,0.11366543,-0.9413421,-0.70367634,0.6371508,0.3144492,0.6355189,0.7623116,-0.1224612
1356785385402,-0.31218436,0.10407075,-0.9443041,-0.7009784,0.6456635,0.30289942,0.6412256,0.7564972,-0.12861466
1356785385442,-0.31824073,0.099784166,-0.9427438,-0.69403577,0.6528928,0.3033898,0.64578414,0.7508489,-0.13852328
1356785385482,-0.33590034,0.10102478,-0.9364641,-0.68270695,0.6588497,0.3159562,0.6489085,0.7454603,-0.15233755
1356785385522,-0.3637356,0.107109606,-0.92532367,-0.66656446,0.6639687,0.33887666,0.65068287,0.7400494,-0.17011356
1356785385562,-0.3992863,0.11626443,-0.90942466,-0.64558125,0.6686671,0.3689299,0.65099573,0.7344161,-0.19193149
1356785385602,-0.43989116,0.12581459,-0.8891943,-0.62058616,0.6731042,0.40224808,0.6491291,0.7287671,-0.21801376
1356785385643,-0.48362008,0.1326296,-0.865171,-0.59307396,0.67729867,0.43535012,0.6437195,0.72365445,-0.24889606
1356785385682,-0.52897406,0.13390061,-0.8380078,-0.564782,0.6814884,0.46539748,0.6334096,0.7194749,-0.28486502
1356785385722,-0.57331175,0.12793648,-0.80928725,-0.53785324,0.6863515,0.4895258,0.6180838,0.7159287,-0.32468235
1356785385762,-0.6114975,0.11478546,-0.78287613,-0.5156081,0.6926973,0.5043003,0.60018253,0.7120357,-0.36439836
1356785385802,-0.6368746,0.09622578,-0.7649387,-0.50257695,0.7005763,0.5065661,0.58464265,0.7070597,-0.3978184
1356785385842,-0.64424413,0.07459313,-0.7611736,-0.5028701,0.70854837,0.49505648,0.57625616,0.7017087,-0.4189675
1356785385904,-0.63179547,0.051588014,-0.77341646,-0.51791847,0.71426797,0.4707247,0.5767103,0.6979685,-0.42455286
1356785385923,-0.6000716,0.027903497,-0.79945946,-0.54598534,0.71612877,0.43480983,0.5846486,0.6974102,-0.41449368
1356785385963,-0.5502817,0.0042386055,-0.8349683,-0.5828173,0.71413654,0.38772807,0.5979248,0.6999936,-0.3905059
1356785386003,-0.48479027,-0.018989086,-0.8744243,-0.62270826,0.7095408,0.32982773,0.6141766,0.70440847,-0.35580313
1356785386043,-0.40802616,-0.041375816,-0.9120322,-0.659852,0.7037613,0.26327813,0.6309596,0.70923066,-0.3144549
1356785386083,-0.32588565,-0.06253648,-0.94333863,-0.6902018,0.6976279,0.19218937,0.6460805,0.7137258,-0.27050972
1356785386122,-0.27455527,-0.052847236,-0.96011794,-0.70133245,0.6941008,0.16234803,0.65783906,0.7179354,-0.22763252
1356785386161,-0.17519802,-0.094987094,-0.9799403,-0.72576654,0.68501747,0.06335598,0.66525817,0.72230774,-0.18895215
1356785386202,-0.096581,-0.12391782,-0.98758113,-0.7376124,0.67510724,-0.012574613,0.6682813,0.72723764,-0.15660584
1356785386242,-0.035435162,-0.1454829,-0.988726,-0.7437224,0.66469157,-0.07114953,0.6675489,0.73281646,-0.13175231
1356785386282,0.01080659,-0.16294363,-0.9865762,-0.7477168,0.6537771,-0.11616853,0.6639298,0.738935,-0.11477059
1356785386322,0.04436791,-0.17801094,-0.98302776,-0.75144017,0.6424647,-0.15025565,0.65830773,0.7453531,-0.10525972
1356785386362,0.067640126,-0.19144154,-0.9791705,-0.75565916,0.63099515,-0.17556855,0.651463,0.7517947,-0.101983964
1356785386402,0.083564274,-0.20334089,-0.97553545,-0.7603437,0.619773,-0.19431657,0.644123,0.75798017,-0.10281807
1356785386442,0.09517587,-0.21334407,-0.9723301,-0.76469123,0.6096902,-0.2086266,0.63732946,0.76338863,-0.10511458
1356785386482,0.10442841,-0.22102967,-0.9696601,-0.76732445,0.6023606,-0.21994314,0.6326991,0.7670121,-0.10669792
1356785386522,0.11125207,-0.22628883,-0.96768606,-0.76720536,0.5993713,-0.22836351,0.6316794,0.7678199,-0.106928706
1356785386562,0.113787204,-0.229312,-0.9666791,-0.7646126,0.60105956,-0.23258317,0.6343658,0.7656,-0.106942
1356785386602,0.10977921,-0.23026362,-0.9669163,-0.7609575,0.60636353,-0.23079637,0.63944685,0.7611189,-0.10865468
1356785386642,0.09779853,-0.22903606,-0.9684926,-0.75764465,0.61386734,-0.22167882,0.64529836,0.7554531,-0.11349261
1356785386682,0.07738759,-0.22528806,-0.97121394,-0.755203,0.6227325,-0.20462799,0.6509068,0.7492993,-0.121946454
1356785386722,0.048628867,-0.2187191,-0.9745754,-0.75322235,0.6327733,-0.17959407,0.6559659,0.7428055,-0.13397306
1356785386762,0.011873424,-0.20936996,-0.9777645,-0.75081533,0.6439453,-0.14700636,0.6604055,0.73586595,-0.14955235
1356785386802,-0.032174945,-0.19776288,-0.9797217,-0.74715865,0.65583754,-0.10784748,0.66386646,0.72853756,-0.16886175
1356785386840,-0.082266755,-0.18508169,-0.97927374,-0.7419077,0.6674576,-0.06382272,0.6654361,0.7212802,-0.19222313
1356785386888,-0.13704929,-0.17356014,-0.9752406,-0.7353339,0.6774858,-0.017234236,0.66370285,0.71476555,-0.22047359
1356785386924,-0.19468011,-0.1654897,-0.96680546,-0.72799337,0.68495584,0.029346853,0.65736246,0.7095412,-0.25382268
1356785386963,-0.25219834,-0.16278532,-0.95388514,-0.7205368,0.68958217,0.0728226,0.6459277,0.7056751,-0.29120427
1356785387003,-0.3055148,-0.16576049,-0.9376482,-0.71354544,0.691891,0.11018047,0.63048685,0.70271635,-0.3296606
1356785387043,-0.34951532,-0.1724129,-0.9209304,-0.7075132,0.69293755,0.13878939,0.6142181,0.70007944,-0.3641767
1356785387083,-0.3797387,-0.17919183,-0.907573,-0.70310974,0.69347167,0.15726948,0.60119474,0.69784474,-0.38932955
1356785387123,-0.3942202,-0.18289825,-0.9006324,-0.70123327,0.6933018,0.16614613,0.5940223,0.6970515,-0.40156794
1356785387162,-0.39335394,-0.18178236,-0.9012368,-0.7025736,0.6917075,0.16712576,0.59301174,0.6989248,-0.39980137
1356785387202,-0.37862706,-0.17547071,-0.90876377,-0.70709777,0.68838215,0.16168717,0.5972054,0.703804,-0.38471508
1356785387242,-0.35204357,-0.16459829,-0.92139715,-0.7139076,0.68385273,0.15060344,0.60531086,0.7108114,-0.35825396
1356785387282,-0.31617582,-0.15057161,-0.9366755,-0.7215725,0.67917037,0.13439015,0.6159269,0.7183702,-0.3233856
1356785387322,-0.27398276,-0.13518614,-0.952186,-0.7287687,0.67523235,0.113830686,0.62755847,0.725111,-0.28352147
1356785387362,-0.22871463,-0.12042841,-0.9660158,-0.73478687,0.67227936,0.090159,0.6385747,0.73043644,-0.24224931
1356785387402,-0.18356973,-0.108101964,-0.9770447,-0.739631,0.6698812,0.06484693,0.64749384,0.73455644,-0.2029255
1356785387442,-0.14132023,-0.09953195,-0.98494774,-0.743719,0.66733783,0.03927222,0.65338403,0.7380743,-0.16833216
1356785387482,-0.103972614,-0.09532288,-0.9900016,-0.7475107,0.6640901,0.014563262,0.65606207,0.741551,-0.14030206
1356785387522,-0.072653845,-0.09550691,-0.99277383,-0.75131977,0.6598836,-0.008498579,0.6559269,0.7452731,-0.1196993
1356785387562,-0.047665507,-0.09954354,-0.9938909,-0.7553055,0.6547154,-0.029349983,0.6536373,0.74929225,-0.1063931
1356785387602,-0.028754026,-0.10652232,-0.9938946,-0.7594847,0.64878416,-0.04756221,0.64988947,0.7534801,-0.09955722
1356785387642,-0.015417531,-0.11537814,-0.993202,-0.763775,0.64242303,-0.06277278,0.6452985,0.757615,-0.09802753
1356785387682,-0.0069172382,-0.1248548,-0.99215084,-0.768112,0.63594633,-0.07467383,0.64027804,0.76156646,-0.100301445
1356785387722,-0.0020859092,-0.13342321,-0.9910569,-0.7722069,0.6299032,-0.08317679,0.63536763,0.76512754,-0.10434425
1356785387762,9.189546E-5,-0.1396519,-0.9902007,-0.7752837,0.62541384,-0.088276565,0.6316132,0.76769453,-0.10821241
1356785387802,-5.4706633E-4,-0.14286307,-0.98974234,-0.77656853,0.62363076,-0.08958796,0.6300326,0.76855373,-0.11128414
1356785387842,-0.005412191,-0.1431559,-0.98968536,-0.7759799,0.6248481,-0.08613941,0.6307344,0.7675097,-0.11446792
1356785387906,-0.016230285,-0.14073598,-0.9899141,-0.7740348,0.6284849,-0.07666084,0.632935,0.7649838,-0.11913502
1356785387924,-0.034239486,-0.13539353,-0.9902001,-0.7711799,0.6337842,-0.059993416,0.6356959,0.7615683,-0.12611324
1356785387963,-0.06010236,-0.12673953,-0.9901135,-0.76727307,0.64034325,-0.035391778,0.63849807,0.75756025,-0.13572997
1356785388003,-0.0942381,-0.114420384,-0.98895264,-0.76156807,0.6480804,-0.0024115443,0.6411967,0.7529275,-0.14821279
1356785388043,-0.13656819,-0.09849426,-0.98572206,-0.7530346,0.656842,0.03869793,0.6436521,0.74756765,-0.16387331
1356785388083,-0.18617064,-0.07990199,-0.97926307,-0.7408732,0.66605103,0.08650389,0.6453273,0.7416142,-0.18319637
1356785388123,-0.241522,-0.060578614,-0.9685026,-0.7249912,0.6746694,0.13859624,0.64502305,0.73563,-0.20686644
1356785388163,-0.30080044,-0.043490708,-0.9526949,-0.7061914,0.68153065,0.19185832,0.64094675,0.73049605,-0.23571748
1356785388203,-0.3617847,-0.031912655,-0.93171537,-0.6859093,0.6859708,0.24284272,0.6313797,0.7269289,-0.27006292
1356785388243,-0.42121643,-0.02797547,-0.9065286,-0.66574955,0.68831474,0.28809768,0.6159173,0.7248725,-0.30855417
1356785388283,-0.47419173,-0.031215161,-0.8798681,-0.64722526,0.6898581,0.3243382,0.5968599,0.72327137,-0.34732825
1356785388322,-0.5149436,-0.038452953,-0.85636115,-0.6319624,0.69200206,0.34893638,0.5791861,0.7208707,-0.3806429
1356785388362,-0.5389036,-0.045552164,-0.8411349,-0.6219764,0.6949297,0.36085737,0.56809175,0.71763337,-0.4028325
1356785388402,-0.5443883,-0.049884707,-0.8373487,-0.6191647,0.69736516,0.36099434,0.5659298,0.71497786,-0.41052425
1356785388442,-0.53199065,-0.05097282,-0.8452146,-0.62427247,0.6979978,0.35083187,0.572075,0.71428347,-0.40314925
1356785388482,-0.5033109,-0.049650043,-0.86267775,-0.63633287,0.6967179,0.3311564,0.5846011,0.7156249,-0.38225967
1356785388522,-0.46054167,-0.047219396,-0.8863812,-0.65300655,0.69440705,0.30229345,0.6012352,0.7180315,-0.3506379
1356785388562,-0.40674216,-0.04525128,-0.9124216,-0.6714536,0.6920437,0.265001,0.619444,0.72043586,-0.31186748
1356785388602,-0.3457284,-0.045075297,-0.9372514,-0.68923354,0.68999344,0.221057,0.6367331,0.72241074,-0.26961774
1356785388642,-0.28167117,-0.047627628,-0.9583282,-0.70491344,0.6878717,0.17300141,0.6509672,0.72426796,-0.22732699
1356785388682,-0.21858382,-0.05341631,-0.97435504,-0.7180587,0.68493074,0.12353769,0.6607668,0.7266475,-0.18807083
1356785388722,-0.15976714,-0.062539876,-0.9851716,-0.72885025,0.6805533,0.07499668,0.66577154,0.7300246,-0.15431225
1356785388762,-0.10752155,-0.07478133,-0.99138635,-0.7377204,0.6744775,0.029133439,0.6664892,0.7344984,-0.12768859
1356785388802,-0.06308815,-0.08973697,-0.9939654,-0.7452071,0.66670847,-0.012892455,0.6638421,0.73989666,-0.108934045
1356785388842,-0.026509628,-0.10694957,-0.99391097,-0.75171095,0.6575406,-0.050704837,0.6589597,0.7457896,-0.0978263
1356785388907,0.0029179007,-0.12588349,-0.9920407,-0.75741625,0.6474563,-0.08438572,0.6529258,0.751634,-0.09345698
1356785388924,0.02650126,-0.14588153,-0.988947,-0.7625053,0.6367932,-0.11436781,0.6464389,0.7571082,-0.09435964
1356785388963,0.04586643,-0.16567394,-0.98511344,-0.7673005,0.6256088,-0.14093849,0.6396455,0.76234233,-0.098427236
1356785389003,0.062814124,-0.18340656,-0.9810282,-0.7715908,0.6145365,-0.16429377,0.63301027,0.76727235,-0.10291326
1356785389043,0.07756597,-0.19757423,-0.97721434,-0.7745818,0.60516745,-0.18383548,0.6276995,0.77119184,-0.10609698
1356785389083,0.08811117,-0.20783082,-0.9741882,-0.77592206,0.5989631,-0.19796002,0.624645,0.7733366,-0.10848516
1356785389122,0.091745645,-0.21433756,-0.9724413,-0.7762476,0.59628236,-0.2046633,0.6237166,0.77363217,-0.1116727
1356785389162,0.08677244,-0.21688399,-0.9723332,-0.7764417,0.5967986,-0.20240983,0.6241865,0.77252364,-0.11661214
1356785389202,0.07263733,-0.21495953,-0.973918,-0.7766826,0.60041136,-0.19044757,0.6256899,0.7702588,-0.12334305
1356785389242,0.049328208,-0.20829725,-0.9768208,-0.77622926,0.60745186,-0.1687316,0.628518,0.7665602,-0.13172191
1356785389282,0.017126977,-0.19718423,-0.9802168,-0.7739247,0.61809,-0.13785991,0.633046,0.7609751,-0.14201975
1356785389322,-0.02327893,-0.18273252,-0.982887,-0.76894695,0.6315685,-0.09920555,0.6388886,0.7534786,-0.15521389
1356785389362,-0.07078068,-0.1670343,-0.98340714,-0.7614466,0.64589846,-0.054902434,0.6443517,0.744926,-0.17290479
1356785389402,-0.123626605,-0.15335983,-0.9804067,-0.75267947,0.6583377,-0.008069456,0.64667624,0.73693436,-0.19681883
1356785389442,-0.17908335,-0.14555109,-0.9730077,-0.74441725,0.66667295,0.037284195,0.6432512,0.7310007,-0.22774076
1356785389482,-0.23301569,-0.14643878,-0.9613842,-0.7378668,0.6705744,0.076698154,0.633448,0.72724533,-0.26430666
1356785389522,-0.2797833,-0.15551686,-0.94738364,-0.7329866,0.6719065,0.10617095,0.62004185,0.72412443,-0.30197996
1356785389562,-0.31389362,-0.16860637,-0.93436754,-0.72926843,0.67298007,0.12355313,0.6079788,0.7201873,-0.33420342
1356785389602,-0.33228278,-0.18023169,-0.9257995,-0.72681284,0.6745066,0.12955278,0.60110843,0.7159311,-0.35512167
1356785389642,-0.33507878,-0.18643224,-0.9235612,-0.7261474,0.675697,0.12705696,0.60036004,0.71321565,-0.361789
1356785389700,-0.3243127,-0.1856075,-0.9275619,-0.727374,0.6758299,0.11908373,0.60477126,0.7133049,-0.3541863
1356785389722,-0.30264813,-0.17818746,-0.9362978,-0.72999144,0.67494714,0.107512206,0.61279416,0.7160276,-0.33434683
1356785389762,-0.27272302,-0.16593367,-0.9476752,-0.7332799,0.67352384,0.09309307,0.62283456,0.7202997,-0.30536127
1356785389800,-0.23704569,-0.15143487,-0.9596232,-0.7366195,0.672034,0.075908035,0.63340425,0.7248708,-0.27085263
1356785389843,-0.19772114,-0.13670993,-0.9706785,-0.73960686,0.6706892,0.05619371,0.64334136,0.72903115,-0.23372102
1356785389923,-0.1550209,-0.12146598,-0.98041546,-0.7424002,0.6690681,0.03449413,0.6517749,0.73320794,-0.19389588
1356785389924,-0.11180416,-0.11422992,-0.98714304,-0.7454613,0.6665089,0.007304281,0.6571053,0.7366936,-0.15967244
1356785389962,-0.073729336,-0.11033699,-0.99115574,-0.7486963,0.6626666,-0.018075615,0.65880024,0.74074197,-0.13146687
1356785390002,-0.039600074,-0.111804456,-0.9929409,-0.75281036,0.65677005,-0.043928623,0.65704525,0.74575657,-0.11017573
1356785390042,-0.009418592,-0.11861554,-0.99289554,-0.7576268,0.6488875,-0.07033202,0.65262,0.7515819,-0.0959779
1356785390082,0.016909897,-0.129893,-0.99138385,-0.76257133,0.63961905,-0.096811235,0.64668316,0.757638,-0.08823681
1356785390122,0.039959334,-0.14430702,-0.9887258,-0.7668714,0.6299176,-0.12293112,0.6405556,0.76313776,-0.0854938
1356785390162,0.060507953,-0.16015899,-0.985235,-0.769941,0.6206716,-0.14818162,0.63523996,0.7675389,-0.085757375
1356785390202,0.07903674,-0.1758802,-0.98123354,-0.77147305,0.6125885,-0.17194366,0.6313339,0.7705851,-0.08726984
1356785390242,0.09539601,-0.19042566,-0.9770556,-0.77117646,0.60650194,-0.19350046,0.6294336,0.7719414,-0.08899391
1356785390282,0.108764164,-0.20314533,-0.97308904,-0.76888627,0.603259,-0.2118783,0.6300668,0.7712396,-0.09058267
1356785390322,0.11781803,-0.21349588,-0.9698136,-0.7649691,0.60321677,-0.22572523,0.6331991,0.7684719,-0.0922479
1356785390362,0.120963305,-0.22087643,-0.9677714,-0.7603084,0.60618746,-0.23338357,0.6381998,0.7640356,-0.09460777
1356785390402,0.116559826,-0.22451642,-0.96747404,-0.75578594,0.6119381,-0.23306504,0.6443612,0.7583693,-0.09835893
1356785390442,0.103189945,-0.22348687,-0.96922934,-0.7518121,0.62048244,-0.22311449,0.651253,0.75170153,-0.10399258
1356785390482,0.07979211,-0.21683607,-0.97294164,-0.7482476,0.6318598,-0.2021851,0.65860367,0.744134,-0.11182964
1356785390522,0.04571303,-0.20381737,-0.9779411,-0.7445363,0.6457359,-0.16938362,0.6660151,0.7358557,-0.12223089
1356785390562,9.789988E-4,-0.18463966,-0.9828057,-0.73980725,0.6611165,-0.12494081,0.67281806,0.72720915,-0.1359505
1356785390602,-0.05372625,-0.16070211,-0.98553956,-0.7332166,0.67634994,-0.070314616,0.6778693,0.7188363,-0.15416718
1356785390642,-0.116798036,-0.13510379,-0.9839234,-0.7243273,0.6894016,-0.008680314,0.6794911,0.7116687,-0.17838013
1356785390683,-0.18568158,-0.11216238,-0.97618747,-0.71323645,0.6987321,0.055382222,0.67588174,0.70653594,-0.20973998
1356785390722,-0.25656307,-0.09639084,-0.96170896,-0.70049465,0.7041169,0.1163041,0.6659449,0.70351136,-0.24817163
1356785390762,-0.3244692,-0.090034425,-0.9416016,-0.6868302,0.7068762,0.16908643,0.6503722,0.70158374,-0.29119796
1356785390802,-0.38376385,-0.0914374,-0.9188931,-0.6729614,0.709095,0.21049286,0.63233566,0.69915915,-0.33365887
1356785390842,-0.42955792,-0.09555456,-0.8979696,-0.6596798,0.71227175,0.23977406,0.61668694,0.6953692,-0.3689974
1356785390911,-0.4583292,-0.09543529,-0.8836439,-0.6479806,0.71636724,0.25872603,0.60832196,0.6911657,-0.39017224
