1356786538106,0.109411865,0.23005939,0.96700656,0.29995877,0.91985166,-0.25277963,-0.947657,0.3177192,0.03163433
1356786538267,-0.148983,-0.34778625,-0.92566127,-0.2788511,-0.88334,0.37676585,-0.94870764,0.3142534,0.034622073
1356786538306,-0.1462605,-0.33545834,-0.93063176,-0.27762932,-0.8890213,0.36409223,-0.94948924,0.31162298,0.036895633
1356786538348,-0.14746153,-0.335365,-0.9304759,-0.27453107,-0.8899166,0.36425412,-0.9502041,0.3091581,0.039160408
1356786538387,-0.14523017,-0.3231796,-0.9351274,-0.27363575,-0.89516187,0.3518646,-0.9508058,0.30698565,0.04157102
1356786538426,-0.1437577,-0.31165177,-0.93925864,-0.2730536,-0.8997815,0.34034508,-0.95119685,0.3053952,0.044252962
1356786538467,-0.14247805,-0.29893166,-0.9435783,-0.2733484,-0.90434647,0.3277777,-0.95130473,0.30462673,0.04713697
1356786538506,-0.14082599,-0.28448918,-0.94827944,-0.2746853,-0.90899307,0.3134957,-0.9511656,0.30462676,0.049864918
1356786538547,-0.13903224,-0.26968482,-0.9528589,-0.27673307,-0.91329026,0.29886413,-0.9508358,0.30523932,0.052346088
1356786538588,-0.13724595,-0.25505602,-0.9571363,-0.27921778,-0.91713387,0.284434,-0.95036876,0.3062869,0.054656856
1356786538626,-0.13589251,-0.24175869,-0.96077365,-0.28151494,-0.9203726,0.2714103,-0.94988555,0.30735475,0.057013065
1356786538667,-0.13539886,-0.2306983,-0.9635587,-0.28313935,-0.92294925,0.26076204,-0.94947314,0.30812824,0.059646457
1356786538707,-0.13608819,-0.22246315,-0.96539634,-0.28381062,-0.9248655,0.25313103,-0.9491741,0.30843788,0.06272594
1356786538748,-0.13815665,-0.21721092,-0.9662981,-0.28347662,-0.92616385,0.24871942,-0.9489751,0.3082852,0.066381544
1356786538786,-0.14153033,-0.21469936,-0.9663712,-0.28241646,-0.9268716,0.24728513,-0.948794,0.30791748,0.070545815
1356786538829,-0.14669585,-0.2139971,-0.9657564,-0.2808006,-0.9271462,0.24809451,-0.94848895,0.30757946,0.07591799
1356786538866,-0.15339226,-0.21440688,-0.9646245,-0.27901542,-0.9270585,0.25042546,-0.9479563,0.30755842,0.08238077
1356786538907,-0.16195166,-0.21482882,-0.9631304,-0.27732372,-0.9267711,0.25335115,-0.9470286,0.30812955,0.090515055
1356786538946,-0.17226577,-0.21459302,-0.96139187,-0.27594766,-0.9263914,0.25622588,-0.9456095,0.3094328,0.100369155
1356786538986,-0.18417728,-0.21323949,-0.95948297,-0.27500534,-0.9260148,0.25858992,-0.94363695,0.31148934,0.11190888
1356786539026,-0.19751608,-0.21044303,-0.957445,-0.27459225,-0.92571014,0.26011482,-0.941056,0.31428388,0.12505668
1356786539066,-0.21225107,-0.2060228,-0.9552508,-0.27483442,-0.9254824,0.2606691,-0.9377716,0.3178631,0.13981247
1356786539107,-0.22813857,-0.19989164,-0.9528883,-0.27600163,-0.9252731,0.26017842,-0.9336894,0.32235548,0.15592
1356786539149,-0.24528837,-0.1921217,-0.9502225,-0.27841812,-0.92491454,0.25887504,-0.9286102,0.3280582,0.1733807
1356786539185,-0.26138353,-0.18279293,-0.94776857,-0.28192636,-0.92462933,0.25608212,-0.9231447,0.3341366,0.19014874
1356786539227,-0.27662027,-0.17321111,-0.9452402,-0.28608277,-0.92418104,0.25307295,-0.91740817,0.34042206,0.20609456
1356786539266,-0.29033494,-0.16373399,-0.9428133,-0.29037532,-0.9237224,0.2498383,-0.9118047,0.3463065,0.22064456
1356786539306,-0.30254555,-0.15509237,-0.94043213,-0.29416,-0.923314,0.24690324,-0.906607,0.35133696,0.23372257
1356786539347,-0.31341338,-0.1476572,-0.9380669,-0.29694617,-0.92306,0.24450637,-0.9019951,0.3551869,0.24545303
1356786539387,-0.32306945,-0.14139718,-0.93575263,-0.2985416,-0.9230612,0.24255115,-0.89805293,0.35772192,0.25599986
1356786539426,-0.33179986,-0.13589008,-0.933511,-0.29902607,-0.9233889,0.24070008,-0.89470243,0.35900834,0.26574555
1356786539467,-0.3398745,-0.1304994,-0.93137276,-0.29877484,-0.9240406,0.23850036,-0.89175045,0.35933095,0.27506799
1356786539507,-0.3475904,-0.12461834,-0.92932844,-0.2983572,-0.92491454,0.23561892,-0.8889117,0.35917065,0.2843105
1356786539546,-0.35526884,-0.11787481,-0.92730236,-0.2983667,-0.9258264,0.23199764,-0.8858676,0.35909763,0.29374728
1356786539587,-0.3630829,-0.1102256,-0.9252141,-0.29928172,-0.9265647,0.227834,-0.8823839,0.3596223,0.30343127
1356786539627,-0.37107325,-0.102016434,-0.9229828,-0.30118966,-0.9269902,0.22354874,-0.87840164,0.36094585,0.3132549
1356786539666,-0.37892425,-0.09381392,-0.92066026,-0.3036628,-0.92716086,0.21945748,-0.8741883,0.36272803,0.32283595
1356786539707,-0.38562548,-0.08633708,-0.91860706,-0.30579948,-0.9273789,0.21553423,-0.8705054,0.36402506,0.3312191
1356786539747,-0.3894937,-0.080289066,-0.9175229,-0.30662423,-0.9280636,0.21137519,-0.8684908,0.3636641,0.33685642
1356786539788,-0.38872874,-0.07615702,-0.9181993,-0.30563134,-0.92949075,0.20648563,-0.8691832,0.36089742,0.33804387
1356786539826,-0.3818642,-0.07417341,-0.92123723,-0.30290294,-0.9316765,0.20057093,-0.87317216,0.3556363,0.33330655
1356786539867,-0.36834842,-0.074345864,-0.9267104,-0.2990906,-0.9343292,0.19383949,-0.88026375,0.34857082,0.32192254
1356786539907,-0.34839404,-0.076620325,-0.9342114,-0.29512864,-0.93699706,0.18691067,-0.8896744,0.3408311,0.30383134
1356786539947,-0.32339305,-0.08093047,-0.9427976,-0.29200563,-0.93917567,0.18078163,-0.90008324,0.33376572,0.28009057
1356786539987,-0.29514587,-0.08728075,-0.9514573,-0.2904113,-0.94050914,0.17636317,-0.9102474,0.32836682,0.25224
1356786540047,-0.2547099,-0.09742944,-0.9620969,-0.2932297,-0.9402865,0.17285171,-0.92148757,0.32614243,0.210931
1356786540086,-0.22053587,-0.11215868,-0.9689089,-0.29609838,-0.93878967,0.17606783,-0.92934906,0.32572162,0.17382672
1356786540148,-0.19175422,-0.12713529,-0.9731737,-0.30057162,-0.9363215,0.1815456,-0.93428427,0.32732052,0.14133033
1356786540168,-0.16910136,-0.14268765,-0.9752154,-0.30631974,-0.93285483,0.1896052,-0.9367886,0.3307902,0.114038914
1356786540208,-0.15312248,-0.15867683,-0.9753847,-0.3130382,-0.92840534,0.20017697,-0.9373157,0.33598423,0.09248769
1356786540248,-0.14405918,-0.1748369,-0.9740015,-0.3203244,-0.92303586,0.21306576,-0.93629014,0.34269053,0.07696727
1356786540288,-0.14133066,-0.19078124,-0.9714053,-0.32767713,-0.916927,0.22775586,-0.9341592,0.35049614,0.06707519
1356786540318,-0.14226669,-0.20647869,-0.9680531,-0.33386216,-0.9106801,0.24330634,-0.9318242,0.35781068,0.060623907
1356786540358,-0.14599162,-0.22005524,-0.964501,-0.33926633,-0.9046864,0.2577613,-0.9292927,0.36485374,0.057419293
1356786540398,-0.15086055,-0.2334071,-0.9606051,-0.34301165,-0.89899516,0.27230623,-0.92713755,0.37057903,0.05556155
1356786540438,-0.15502274,-0.24621055,-0.9567385,-0.34493336,-0.8940075,0.28595755,-0.925737,0.37434092,0.0536652
1356786540478,-0.15763903,-0.25821212,-0.9531403,-0.34524342,-0.8898866,0.29817575,-0.9251794,0.37606955,0.051134825
1356786540518,-0.15864253,-0.26928404,-0.9499045,-0.34452912,-0.8865151,0.30885354,-0.9252741,0.3762671,0.047862858
1356786540558,-0.15817684,-0.27951095,-0.9470237,-0.3434048,-0.883654,0.31816483,-0.9257718,0.37553877,0.043788135
1356786540598,-0.15633774,-0.28908947,-0.94445,-0.34170315,-0.8813319,0.3263327,-0.9267132,0.37373966,0.03900265
1356786540638,-0.15325052,-0.2979441,-0.9422015,-0.3382263,-0.8800621,0.33330733,-0.9285027,0.36975682,0.03409738
1356786540678,-0.14945531,-0.30536035,-0.94043505,-0.33177057,-0.8804906,0.33862174,-0.93144584,0.3626175,0.030284353
1356786540717,-0.14602649,-0.30989748,-0.9394892,-0.3223297,-0.88294226,0.34134534,-0.9352967,0.3526707,0.029043742
1356786540758,-0.14420992,-0.30985394,-0.939784,-0.31084582,-0.8874522,0.340299,-0.9394564,0.34120244,0.031662606
1356786540798,-0.14503092,-0.30332726,-0.9417848,-0.29887563,-0.8939533,0.33394742,-0.94320697,0.3299092,0.03899368
1356786540838,-0.14920014,-0.28944248,-0.9454958,-0.2872033,-0.9022904,0.3215371,-0.9461784,0.31952295,0.051493146
1356786540868,-0.15441227,-0.26871765,-0.95076156,-0.27784836,-0.91165686,0.3027904,-0.94813347,0.3109221,0.06610825
1356786540908,-0.16556478,-0.242769,-0.9558512,-0.26964766,-0.921151,0.28066194,-0.94861925,0.30421078,0.087047994
1356786540962,-0.17716378,-0.20970672,-0.96158,-0.26470777,-0.93087894,0.2517817,-0.9479149,0.29914433,0.109407164
1356786540987,-0.1993624,-0.16863321,-0.96530694,-0.26318267,-0.9396746,0.21850985,-0.94392246,0.2976147,0.14295444
1356786541027,-0.22223717,-0.11576335,-0.9680958,-0.2690909,-0.94707817,0.1750229,-0.93712366,0.2994024,0.1793251
1356786541055,-0.2444858,-0.06193515,-0.9676728,-0.28060403,-0.95073867,0.13174686,-0.92816377,0.30374315,0.21506292
1356786541097,-0.27063406,-0.00694488,-0.9626572,-0.30052048,-0.949392,0.0913352,-0.91457343,0.3140166,0.2548508
1356786541147,-0.29674482,0.047384903,-0.9537805,-0.32718617,-0.94336206,0.05492845,-0.8971576,0.3283635,0.29544157
1356786541178,-0.31923497,0.096044555,-0.9427961,-0.35559732,-0.93429875,0.025227934,-0.87843025,0.3433094,0.332414
1356786541218,-0.33466476,0.13359755,-0.932819,-0.37871563,-0.9255072,0.0033203363,-0.862887,0.35438433,0.36033005
1356786541258,-0.34104967,0.15577519,-0.9270487,-0.39078182,-0.92041886,-0.010897383,-0.8549706,0.35855722,0.37478265
1356786541298,-0.33840108,0.16056368,-0.9272023,-0.38989905,-0.92069817,-0.017135888,-0.85642487,0.35571647,0.37416887
1356786541338,-0.32773125,0.14764588,-0.93316287,-0.3773414,-0.92596865,-0.013983503,-0.8661441,0.34753817,0.35918176
1356786541378,-0.31044257,0.11764342,-0.9432844,-0.35609955,-0.93444777,6.5390766E-4,-0.88137305,0.33610612,0.33198515
1356786541418,-0.28818923,0.07205677,-0.95485854,-0.33008263,-0.9435242,0.028421938,-0.89888406,0.3233731,0.29569805
1356786541458,-0.26309377,0.013589993,-0.96467453,-0.30365765,-0.95024824,0.0694292,-0.91573673,0.31119722,0.25413102
1356786541488,-0.24075305,-0.05005055,-0.96929514,-0.281188,-0.9522446,0.11901148,-0.9289626,0.30120653,0.2151821
1356786541518,-0.22058958,-0.11263643,-0.9688412,-0.26470584,-0.9491166,0.17061251,-0.9387604,0.29409328,0.17954963
1356786541558,-0.2025513,-0.17398866,-0.9636913,-0.25595224,-0.9404755,0.22359395,-0.9452309,0.2919482,0.14596176
1356786541586,-0.19084811,-0.23441648,-0.9532187,-0.25169346,-0.92691785,0.27834117,-0.9488032,0.2930398,0.11789936
1356786541626,-0.1853615,-0.28566188,-0.9402331,-0.25493628,-0.9100749,0.32675844,-0.94902503,0.300268,0.095867336
1356786541667,-0.18777424,-0.33170375,-0.9245071,-0.2620751,-0.8902058,0.3726262,-0.9466031,0.3122599,0.08022642
1356786541706,-0.19674426,-0.37200883,-0.90713906,-0.27051958,-0.8687114,0.41492146,-0.9423964,0.32703227,0.07027818
1356786541746,-0.21015316,-0.4076881,-0.888609,-0.27794012,-0.8464902,0.4540963,-0.9373285,0.34240994,0.06457983
1356786541787,-0.22571462,-0.44043288,-0.86894864,-0.28260282,-0.82401,0.49106324,-0.9323028,0.35640752,0.0615236
1356786541826,-0.24155813,-0.47145182,-0.84816444,-0.28349388,-0.8016312,0.5263257,-0.9280522,0.36758766,0.05998677
1356786541867,-0.25653172,-0.5012882,-0.8263786,-0.28033534,-0.779648,0.5599652,-0.9249884,0.375312,0.05947572
1356786541907,-0.27011478,-0.5301615,-0.80372065,-0.27392977,-0.75793797,0.59202415,-0.9230388,0.38007748,0.059503153
1356786541946,-0.2815494,-0.55748427,-0.7809874,-0.26585668,-0.73672783,0.6217334,-0.9219817,0.38267934,0.05921431
1356786541986,-0.29008657,-0.5840583,-0.75810665,-0.25684232,-0.7155923,0.6495842,-0.9218903,0.3831495,0.05757284
1356786542026,-0.29487514,-0.61064816,-0.7349541,-0.24646032,-0.69452363,0.67593956,-0.9232042,0.38045478,0.05429715
1356786542066,-0.29578847,-0.63705933,-0.7118037,-0.23396611,-0.6741361,0.7005713,-0.9261582,0.3737589,0.0503515
1356786542106,-0.29393858,-0.661797,-0.6896556,-0.2192965,-0.65558916,0.7225731,-0.9303275,0.3636312,0.04757318
1356786542150,-0.2911505,-0.6828018,-0.67008436,-0.20298052,-0.6403921,0.7407408,-0.9348959,0.35168114,0.04785502
1356786542188,-0.2891608,-0.69842434,-0.65466744,-0.1856975,-0.62996715,0.754094,-0.9390966,0.33962452,0.052466154
1356786542228,-0.2892279,-0.7077807,-0.6445104,-0.16769007,-0.62541384,0.7620615,-0.94245815,0.32848743,0.062199324
1356786542268,-0.29227686,-0.71049166,-0.6401373,-0.14914086,-0.6273128,0.7643531,-0.9446329,0.31887335,0.077385664
1356786542308,-0.29903477,-0.70638084,-0.641564,-0.13045886,-0.6357521,0.760789,-0.94528234,0.31120008,0.09795827
1356786542346,-0.31004882,-0.6952572,-0.6484498,-0.11255124,-0.6504226,0.7511875,-0.94403493,0.3058886,0.1234107
1356786542386,-0.32596648,-0.67661035,-0.6602608,-0.09670454,-0.67087924,0.7352342,-0.9404223,0.30351192,0.15325284
1356786542426,-0.34755117,-0.6495838,-0.676202,-0.084493995,-0.69652796,0.71253747,-0.9338464,0.30477816,0.18719311
1356786542466,-0.37491977,-0.6138028,-0.69475275,-0.077617615,-0.7260027,0.6832976,-0.9238023,0.3101068,0.22455087
1356786542506,-0.4064229,-0.57080793,-0.7134414,-0.077137575,-0.7566159,0.64929354,-0.91042304,0.31892097,0.26347536
1356786542546,-0.4382797,-0.5250882,-0.72951573,-0.082261115,-0.78478193,0.61428845,-0.89506644,0.32924095,0.30075973
1356786542586,-0.46537817,-0.483771,-0.7412076,-0.08997378,-0.80722266,0.5833491,-0.880527,0.3381672,0.33213717
1356786542626,-0.4831354,-0.4542313,-0.7485013,-0.09646848,-0.8220751,0.5611474,-0.87021494,0.3433169,0.3533545
1356786542666,-0.48927784,-0.44076684,-0.7525502,-0.09952256,-0.8290349,0.5502693,-0.8664308,0.3441303,0.36176217
1356786542706,-0.48379886,-0.44361418,-0.75441706,-0.09947078,-0.8285563,0.55099916,-0.869508,0.34161526,0.35672793
1356786542746,-0.46780765,-0.46040162,-0.75444436,-0.09824261,-0.82123065,0.56207526,-0.87835324,0.33706167,0.33894694
1356786542786,-0.44308543,-0.48748976,-0.7523489,-0.09808026,-0.8078279,0.5812007,-0.8910979,0.33131218,0.3101237
1356786542826,-0.4122963,-0.52064395,-0.7476239,-0.10080066,-0.7895104,0.6054027,-0.9054562,0.3249663,0.27303106
1356786542866,-0.37898028,-0.55573833,-0.73995197,-0.10742609,-0.7677722,0.63165295,-0.9191483,0.31887412,0.23126975
1356786542906,-0.34714532,-0.5894062,-0.7294452,-0.11800997,-0.7441793,0.65747297,-0.93035674,0.31432045,0.18878265
1356786542946,-0.32044142,-0.61945283,-0.71665585,-0.13162497,-0.7200936,0.68127835,-0.938079,0.31263956,0.14921232
1356786542986,-0.30133402,-0.6448757,-0.7023768,-0.1464511,-0.69657445,0.70237887,-0.9422048,0.3145145,0.11545882
1356786543026,-0.29049993,-0.66559356,-0.6874555,-0.16046607,-0.6743772,0.7207399,-0.94332415,0.31968814,0.089101344
1356786543066,-0.28702515,-0.6821697,-0.67250353,-0.17200676,-0.6539302,0.7367421,-0.94235355,0.32713872,0.07035667
1356786543106,-0.28919017,-0.69527155,-0.6580019,-0.18034548,-0.6354929,0.7507491,-0.94013,0.33577693,0.058389217
1356786543146,-0.29525888,-0.7056149,-0.6441503,-0.18551946,-0.61903363,0.76313806,-0.93723243,0.34482574,0.05186996
1356786543185,-0.3030491,-0.7144779,-0.6306207,-0.18792152,-0.6039415,0.774558,-0.93426263,0.35323638,0.04875821
1356786543226,-0.31099308,-0.7222855,-0.61772716,-0.18837991,-0.59021616,0.7849573,-0.93155587,0.36048365,0.047489047
1356786543266,-0.31758916,-0.7302253,-0.60490346,-0.1873897,-0.5770164,0.79494476,-0.929528,0.3658185,0.046417415
1356786543306,-0.32130337,-0.73909724,-0.5920299,-0.18514267,-0.56408626,0.80469173,-0.9287014,0.3681602,0.044404447
1356786543346,-0.32099903,-0.7491871,-0.57937753,-0.18116742,-0.5518811,0.814006,-0.9295902,0.3662595,0.04142499
1356786543386,-0.3166381,-0.759836,-0.5677937,-0.17478842,-0.54160416,0.8222616,-0.9323033,0.35960305,0.038681865
1356786543426,-0.30956066,-0.7694949,-0.5586141,-0.16571528,-0.53482276,0.82855475,-0.93632823,0.34905887,0.03804308
1356786543466,-0.30184424,-0.7763479,-0.55333,-0.15414175,-0.5330231,0.8319415,-0.9408137,0.336408,0.041222334
1356786543506,-0.29535764,-0.7789302,-0.55320126,-0.14051777,-0.53731906,0.83159065,-0.94499665,0.32335123,0.049247682
1356786543546,-0.29135472,-0.77626574,-0.55903834,-0.12538126,-0.54836303,0.8267875,-0.94836277,0.3109814,0.062438965
1356786543586,-0.29066288,-0.7676475,-0.5711675,-0.109426916,-0.5663542,0.816865,-0.95054764,0.2999335,0.08061689
1356786543626,-0.2938947,-0.75245297,-0.5894408,-0.093622595,-0.59104806,0.8011848,-0.95124173,0.29064894,0.103259325
1356786543666,-0.30157477,-0.73007286,-0.61322623,-0.079156965,-0.6217785,0.7791828,-0.950151,0.28352296,0.1297223
1356786543706,-0.31442106,-0.6998718,-0.64134145,-0.06736213,-0.6574531,0.7504784,-0.9468906,0.27916834,0.15957218
1356786543746,-0.33336633,-0.66135097,-0.6719238,-0.059776455,-0.69643086,0.7151298,-0.9409004,0.27856553,0.1926335
1356786543786,-0.35881287,-0.6147269,-0.7023989,-0.058112383,-0.73633695,0.67411494,-0.9315988,0.28269917,0.22848386
1356786543826,-0.38983232,-0.5616021,-0.7298177,-0.06367543,-0.7741815,0.62975276,-0.9186818,0.29196942,0.26604062
1356786543866,-0.42365116,-0.50524515,-0.75182915,-0.07650782,-0.80706906,0.58547926,-0.9025886,0.3055598,0.30326062
1356786543907,-0.45653164,-0.45008063,-0.7674673,-0.09481959,-0.83308095,0.5449636,-0.88464004,0.3215641,0.33765143
1356786543947,-0.48377573,-0.4008304,-0.7780078,-0.115367785,-0.85199267,0.5106847,-0.86755484,0.3368139,0.36593038
1356786543984,-0.5012328,-0.36138535,-0.78623563,-0.13459376,-0.8649956,0.4833914,-0.85478085,0.348114,0.38492388
1356786544027,-0.5061545,-0.33368683,-0.7952739,-0.15032032,-0.87386984,0.46233654,-0.8492416,0.3535596,0.39215338
1356786544066,-0.49849474,-0.31733716,-0.8067218,-0.16260478,-0.8798448,0.44657904,-0.8515061,0.35379416,0.38699746
1356786544106,-0.47936112,-0.31105316,-0.8206454,-0.17274868,-0.88334626,0.43572617,-0.86044806,0.3506356,0.36970782
1356786544149,-0.45018756,-0.31325942,-0.83618164,-0.18204822,-0.8845752,0.42940116,-0.87417936,0.3455364,0.34119633
1356786544188,-0.41472435,-0.32127935,-0.8513421,-0.19096887,-0.88402843,0.42664343,-0.8896823,0.33951926,0.30527377
1356786544228,-0.3752964,-0.33327326,-0.8649169,-0.19999996,-0.88202673,0.42664814,-0.9050704,0.33310294,0.26436698
1356786544268,-0.3355509,-0.34714198,-0.87572706,-0.20951177,-0.87884027,0.42865434,-0.9184282,0.32731053,0.22216538
1356786544308,-0.2989757,-0.36126822,-0.883232,-0.22010754,-0.8745012,0.4322039,-0.928529,0.3236245,0.18193677
1356786544348,-0.26846492,-0.3747445,-0.8874081,-0.23215082,-0.86890453,0.43716246,-0.9348971,0.32337528,0.14627308
1356786544387,-0.24579614,-0.3873085,-0.8885812,-0.24535713,-0.86199147,0.44358853,-0.9377549,0.32705203,0.116845146
1356786544428,-0.23142624,-0.3991177,-0.88721305,-0.25877094,-0.853863,0.45161444,-0.9378057,0.33410037,0.09432624
1356786544468,-0.22462809,-0.41049844,-0.88376087,-0.27108932,-0.84481,0.4613097,-0.9359769,0.34320125,0.07848631
1356786544508,-0.22392118,-0.4217432,-0.87863064,-0.281079,-0.83527094,0.4725642,-0.9331955,0.35278174,0.06849177
1356786544548,-0.22746956,-0.43309933,-0.8721712,-0.28792357,-0.82569176,0.4851116,-0.93024606,0.3614667,0.06312019
1356786544586,-0.23315328,-0.44480675,-0.8647465,-0.29140937,-0.81642854,0.4985229,-0.92775005,0.36822745,0.06073208
1356786544626,-0.23871917,-0.45702332,-0.8568213,-0.2915166,-0.80790895,0.5121533,-0.9262997,0.37203848,0.059633598
1356786544666,-0.24270362,-0.4693481,-0.84900373,-0.28803024,-0.8008423,0.52506214,-0.92635494,0.37197322,0.05918081
1356786544706,-0.24526352,-0.48043618,-0.8420373,-0.28094736,-0.7960703,0.5360417,-0.92785466,0.3680396,0.06026973
1356786544748,-0.24762982,-0.48826703,-0.8368243,-0.2707245,-0.79444885,0.54365367,-0.9302622,0.36117366,0.06454332
1356786544786,-0.25044793,-0.490727,-0.8345434,-0.25976592,-0.796344,0.5462213,-0.9326293,0.35358602,0.071968675
1356786544826,-0.2544725,-0.4867537,-0.8356522,-0.24856335,-0.8021485,0.54293084,-0.93459076,0.34587348,0.083135664
1356786544866,-0.2593962,-0.47458175,-0.8411217,-0.23806402,-0.812637,0.5319273,-0.9359696,0.33822072,0.0978141
1356786544907,-0.26522875,-0.4534326,-0.85091275,-0.22863719,-0.8277711,0.51236695,-0.9366849,0.3304448,0.115877196
1356786544946,-0.27202684,-0.42269883,-0.8644808,-0.2211295,-0.8468586,0.48366526,-0.9365378,0.32273218,0.13689715
1356786544986,-0.28091598,-0.38242626,-0.88024783,-0.21655542,-0.86826915,0.44633204,-0.9349812,0.31600428,0.16109426
1356786545027,-0.29327095,-0.33242628,-0.89637315,-0.2168819,-0.8900213,0.40102896,-0.9311038,0.31201723,0.18892017
1356786545066,-0.31011105,-0.27386796,-0.9103997,-0.22408235,-0.90957296,0.34994885,-0.9239147,0.3125275,0.22069964
1356786545106,-0.3309422,-0.20948802,-0.9201043,-0.23913594,-0.9246012,0.29652408,-0.9128478,0.31816235,0.25589353
1356786545149,-0.35344172,-0.14341547,-0.92439765,-0.26099697,-0.93381894,0.24466884,-0.8983093,0.32774115,0.29261956
1356786545188,-0.37242842,-0.08140944,-0.9244834,-0.2855996,-0.93774974,0.19763154,-0.88302314,0.3376357,0.32599416
1356786545228,-0.38404524,-0.029116154,-0.9228551,-0.30780706,-0.93828917,0.15769672,-0.87049645,0.34462398,0.35138333
1356786545268,-0.3853966,0.010471925,-0.9226917,-0.32391495,-0.9378386,0.12465134,-0.8640305,0.3469138,0.36483175
1356786545298,-0.37983882,0.038708866,-0.9242425,-0.33445907,-0.93728024,0.09819877,-0.862473,0.34642097,0.36896187
1356786545337,-0.3623631,0.053052157,-0.93052584,-0.33745426,-0.9381109,0.077926025,-0.86880237,0.34224743,0.35783952
1356786545376,-0.3357125,0.0549279,-0.94036156,-0.33436394,-0.94023776,0.06444846,-0.8806235,0.33605915,0.33401555
1356786545416,-0.30264765,0.046380445,-0.9519734,-0.32730192,-0.9431316,0.058104873,-0.8951413,0.32916802,0.30061698
1356786545456,-0.26625264,0.029434368,-0.96345377,-0.31868207,-0.9460133,0.059166953,-0.9096985,0.32278883,0.26125866
1356786545496,-0.22978097,0.006110415,-0.9732232,-0.31104666,-0.94799554,0.06748703,-0.9221989,0.31822503,0.2197319
1356786545536,-0.19626087,-0.02164121,-0.9803129,-0.3065372,-0.9482938,0.08230381,-0.9314057,0.3166554,0.17947906
1356786545576,-0.16812897,-0.052007794,-0.98439217,-0.3062792,-0.94642764,0.10231292,-0.9369769,0.3187006,0.14319292
1356786545617,-0.14700282,-0.08337339,-0.98561615,-0.31014085,-0.94230837,0.1259669,-0.9392566,0.3241973,0.11266443
1356786545656,-0.13354385,-0.11448298,-0.9844082,-0.3169759,-0.9361943,0.15187648,-0.9389847,0.33231586,0.08873466
1356786545696,-0.1273253,-0.14461425,-0.9812619,-0.3251421,-0.9285625,0.17903699,-0.93705434,0.3418455,0.07120932
1356786545736,-0.12703991,-0.17359811,-0.97658825,-0.33288145,-0.92000335,0.2068426,-0.93437195,0.3513654,0.05908949
1356786545776,-0.1309104,-0.20163158,-0.9706736,-0.338603,-0.9111293,0.23492868,-0.93177813,0.35942757,0.051003188
1356786545816,-0.1369474,-0.2288794,-0.96377367,-0.34132499,-0.9024545,0.26281774,-0.9299155,0.3649522,0.045466535
1356786545856,-0.14318347,-0.2554247,-0.9561677,-0.34059742,-0.8943916,0.28992575,-0.9292426,0.36718082,0.041065156
1356786545896,-0.14809251,-0.28077057,-0.9482808,-0.3360333,-0.8875211,0.31525868,-0.93013453,0.36534137,0.037086904
1356786545936,-0.15124047,-0.30360365,-0.9407184,-0.3273219,-0.88259554,0.33746925,-0.9327308,0.35895672,0.034108035
1356786545976,-0.15345776,-0.32181686,-0.9342829,-0.3149739,-0.8802344,0.35493475,-0.936612,0.34874225,0.03371495
1356786546016,-0.15608114,-0.33302915,-0.92990875,-0.30039012,-0.8808509,0.36587915,-0.94095933,0.33644226,0.037445486
1356786546056,-0.16001219,-0.33530504,-0.9284216,-0.28518283,-0.8847307,0.3686766,-0.9450222,0.32376266,0.045944393
1356786546096,-0.16554517,-0.32742572,-0.930262,-0.27049243,-0.8920284,0.36210415,-0.9483822,0.31157336,0.05910469
1356786546147,-0.17289943,-0.30859926,-0.93534607,-0.2571235,-0.9025761,0.34531695,-0.9507856,0.30020458,0.07670682
1356786546178,-0.18228346,-0.27833158,-0.9430293,-0.24615644,-0.91563755,0.31782806,-0.9519347,0.29006755,0.098392606
1356786546218,-0.19405097,-0.23673801,-0.9519975,-0.23905294,-0.9297781,0.27994004,-0.9514189,0.28190044,0.123831354
1356786546258,-0.20853585,-0.18420234,-0.96051145,-0.23780754,-0.943078,0.23248927,-0.9486624,0.27689922,0.152861
1356786546298,-0.22580236,-0.12196876,-0.9665075,-0.24431242,-0.95333415,0.17738436,-0.9430401,0.2761836,0.18546677
1356786546338,-0.2453605,-0.05228562,-0.9680209,-0.2600777,-0.9583891,0.117686234,-0.9338939,0.28063616,0.22155243
1356786546376,-0.2656216,0.021174192,-0.96384484,-0.28515002,-0.9567528,0.057564795,-0.92094225,0.29013082,0.26017195
1356786546416,-0.28437603,0.0935816,-0.9541345,-0.31759566,-0.9482247,0.0016561598,-0.904579,0.3035,0.29937357
1356786546457,-0.29901677,0.15983891,-0.94076586,-0.3532771,-0.93436414,-0.04646425,-0.8864447,0.31845748,0.335858
1356786546496,-0.30664164,0.21524027,-0.9271692,-0.38569722,-0.91863686,-0.08569832,-0.8701774,0.33132792,0.36470973
1356786546536,-0.3056985,0.25683972,-0.91683245,-0.4088705,-0.9050346,-0.117205426,-0.85986817,0.33903623,0.381682
1356786546576,-0.29598737,0.2840767,-0.91197145,-0.42002112,-0.896202,-0.14284346,-0.8578892,0.3407674,0.3845826
1356786546616,-0.27834946,0.29743737,-0.91326475,-0.41964477,-0.8929477,-0.16291894,-0.86395586,0.33789843,0.37336963
1356786546656,-0.2541989,0.29768467,-0.92019933,-0.4099565,-0.89491296,-0.17625675,-0.8759672,0.33243743,0.34952366
1356786546696,-0.22544163,0.28569964,-0.9314246,-0.39384398,-0.90116197,-0.18109119,-0.8911021,0.32601047,0.3156805
1356786546736,-0.19446886,0.26278305,-0.945054,-0.3746481,-0.910304,-0.17602707,-0.9065433,0.3198309,0.27547687
1356786546776,-0.16387445,0.23083934,-0.9590925,-0.35594645,-0.92057675,-0.16075069,-0.9200257,0.31504264,0.23302531
1356786546816,-0.13596827,0.1921969,-0.97189146,-0.34106773,-0.9301166,-0.1362201,-0.9301534,0.3129592,0.19201851
1356786546858,-0.112740934,0.14960513,-0.98229724,-0.33242223,-0.93731225,-0.104600854,-0.93636805,0.31474462,0.15540546
1356786546904,-0.094763994,0.10473839,-0.98997456,-0.33282158,-0.94056,-0.067651466,-0.93821615,0.32307398,0.12399042
1356786546934,-0.08527619,0.05804427,-0.99466515,-0.33605963,-0.94147813,-0.026128903,-0.9379722,0.33203864,0.09979206
1356786546977,-0.081983626,0.0198704,-0.9964355,-0.34353578,-0.9390911,0.0095382035,-0.93555427,0.34309325,0.08381635
1356786547016,-0.08507234,-0.013543382,-0.9962827,-0.35227656,-0.9349173,0.04278998,-0.9320214,0.35460728,0.07476458
1356786547056,-0.0926829,-0.042333245,-0.9947953,-0.36054456,-0.9298682,0.07316144,-0.92812574,0.3654489,0.07091993
1356786547096,-0.10273528,-0.06811103,-0.9923741,-0.36706814,-0.92464393,0.101463035,-0.9245034,0.37469274,0.069992095
1356786547147,-0.11313939,-0.092934,-0.9892233,-0.3706327,-0.919805,0.12880237,-0.92186266,0.38121116,0.06962186
1356786547178,-0.122433305,-0.11851667,-0.9853749,-0.3696894,-0.9159488,0.15610051,-0.92105365,0.3833946,0.06832835
1356786547218,-0.13028514,-0.14521262,-0.98078495,-0.36298683,-0.91355187,0.18347654,-0.922641,0.37991628,0.0663119
1356786547258,-0.13750243,-0.17167254,-0.97551095,-0.35062146,-0.9126612,0.21003368,-0.926368,0.3709152,0.06530105
1356786547298,-0.14556015,-0.19555917,-0.96982926,-0.33437613,-0.9128613,0.23425798,-0.93113095,0.3583864,0.067485966
1356786547337,-0.15574443,-0.2146863,-0.9641854,-0.31650504,-0.9137881,0.2545897,-0.935718,0.34482047,0.07436811
1356786547377,-0.16869485,-0.22801942,-0.95893127,-0.29871172,-0.9152962,0.2701929,-0.9393154,0.33202413,0.08629369
1356786547416,-0.18452096,-0.23525663,-0.9542569,-0.28184697,-0.9174831,0.28069028,-0.9415488,0.3207477,0.10298848
1356786547456,-0.2031663,-0.23612946,-0.9502453,-0.2664637,-0.9205237,0.28571486,-0.94218916,0.31125355,0.124099605
1356786547496,-0.22461808,-0.22982241,-0.94695747,-0.25349998,-0.9245482,0.28451395,-0.94089556,0.30396068,0.14941034
1356786547536,-0.2490347,-0.21459997,-0.94441974,-0.24474773,-0.92954624,0.27575794,-0.9370594,0.2998179,0.17896634
1356786547576,-0.2766093,-0.1880122,-0.9424112,-0.24284635,-0.93516916,0.2578458,-0.9297919,0.30018362,0.21301833
1356786547616,-0.3068437,-0.14868502,-0.9400744,-0.2503846,-0.9403193,0.23045018,-0.9182345,0.3060923,0.25130254
1356786547656,-0.3377055,-0.09936666,-0.9359921,-0.26775143,-0.9431884,0.19673523,-0.9023658,0.3170518,0.29191434
1356786547696,-0.36566013,-0.04913003,-0.92945087,-0.29057845,-0.9426665,0.16414657,-0.8842267,0.33010024,0.33041942
1356786547736,-0.38729644,-0.011509925,-0.92188334,-0.30996487,-0.94009024,0.14195794,-0.86828744,0.34073126,0.360526
1356786547776,-0.4011522,0.0016459525,-0.91601,-0.3175447,-0.9382393,0.13737778,-0.8592104,0.3459835,0.37689924
1356786547816,-0.4074335,-0.015966684,-0.9130953,-0.3098145,-0.938136,0.15464732,-0.8590768,0.34589866,0.37728134
1356786547856,-0.4064982,-0.06566118,-0.91128916,-0.28781563,-0.93742925,0.19593039,-0.86713403,0.34192863,0.36216488
1356786547896,-0.39830923,-0.14424972,-0.90583766,-0.255682,-0.9309537,0.26067618,-0.88089526,0.33543608,0.3339253
1356786547936,-0.38289,-0.24403392,-0.8909786,-0.21973015,-0.9127392,0.3444211,-0.8972814,0.32765025,0.295857
1356786547976,-0.36184663,-0.3524211,-0.8630564,-0.18743253,-0.87938225,0.43767095,-0.913201,0.32013458,0.2521464
1356786548016,-0.33865964,-0.45562008,-0.82323754,-0.16475847,-0.83270484,0.5286373,-0.9263716,0.31466347,0.20693618
1356786548056,-0.31783527,-0.5433379,-0.7770231,-0.1539781,-0.77906066,0.6077462,-0.9355595,0.31280762,0.1639507
1356786548097,-0.3030036,-0.61155194,-0.7308851,-0.15337525,-0.7256476,0.6707545,-0.94056624,0.3153407,0.12607692
1356786548147,-0.29578388,-0.66161036,-0.6890454,-0.1588251,-0.67722005,0.7184341,-0.9419588,0.3219389,0.09523052
1356786548178,-0.29587847,-0.69747305,-0.65267694,-0.16581717,-0.6353943,0.75417423,-0.9407234,0.33136895,0.07234645
1356786548218,-0.3018533,-0.7232926,-0.6210735,-0.17103362,-0.5998069,0.7816515,-0.93788695,0.3421686,0.057346463
1356786548258,-0.31188303,-0.74261606,-0.59266376,-0.1724818,-0.5691599,0.8039322,-0.93433344,0.3529565,0.049423605
1356786548296,-0.32395256,-0.7585422,-0.56539226,-0.1692135,-0.5415266,0.8234778,-0.9308176,0.3624398,0.047073394
1356786548336,-0.3359753,-0.77351665,-0.5373942,-0.16147393,-0.5148092,0.8419606,-0.927926,0.36965317,0.048060447
1356786548376,-0.3458749,-0.7895576,-0.5069215,-0.1500409,-0.48677182,0.8605469,-0.92620635,0.37370056,0.04989624
1356786548416,-0.3522393,-0.8074603,-0.473218,-0.13533649,-0.45636445,0.8794404,-0.9260732,0.37381718,0.051470667
1356786548456,-0.35521245,-0.8262342,-0.43721977,-0.11741534,-0.42458177,0.8977438,-0.92738223,0.37022611,0.05380416
1356786548496,-0.35615015,-0.8438988,-0.40123788,-0.09669754,-0.3938036,0.9140942,-0.929412,0.3643535,0.058650255
1356786548536,-0.35629088,-0.8589206,-0.3678481,-0.07416704,-0.36644417,0.9274793,-0.93142694,0.35773462,0.06685713
1356786548576,-0.35606986,-0.87070405,-0.3392474,-0.05087623,-0.3444395,0.93742895,-0.93307334,0.35104978,0.07834634
1356786548616,-0.35547382,-0.879181,-0.31729972,-0.027417362,-0.32951778,0.9437512,-0.9342841,0.34417835,0.093030125
1356786548656,-0.35475022,-0.8842672,-0.30368376,-0.0040031374,-0.32336938,0.94626427,-0.9349525,0.33690318,0.1111756
1356786548696,-0.35509938,-0.88541806,-0.29989854,0.0191966,-0.32764477,0.9446059,-0.93463135,0.32967204,0.13334358
1356786548736,-0.359038,-0.88143504,-0.30686143,0.04190001,-0.34367454,0.93815356,-0.932382,0.32397527,0.16032436
1356786548776,-0.36978322,-0.87078416,-0.32402968,0.06355542,-0.37163937,0.9261991,-0.92694175,0.32189903,0.19276911
1356786548816,-0.38960236,-0.852563,-0.34834814,0.08335307,-0.40932405,0.90857375,-0.91720355,0.32494655,0.23053735
1356786548856,-0.41768354,-0.8278612,-0.37441477,0.100183785,-0.45153224,0.88661265,-0.90305245,0.33281317,0.2715358
1356786548896,-0.44894856,-0.80078244,-0.39647537,0.113116235,-0.4910667,0.8637466,-0.88636893,0.34293002,0.31104523
1356786548936,-0.4754994,-0.7773917,-0.41177982,0.12153736,-0.5216456,0.8444611,-0.87128013,0.35149407,0.34252426
1356786548976,-0.49108714,-0.76217103,-0.4218158,0.12460658,-0.54071,0.831929,-0.8621523,0.35598868,0.3605073
1356786549016,-0.49380332,-0.7556957,-0.43021202,0.12077126,-0.549545,0.82668895,-0.8611461,0.35626453,0.36263347
1356786549056,-0.48467582,-0.75573313,-0.4404055,0.108333886,-0.5514847,0.82712066,-0.86795926,0.35317448,0.34916276
1356786549096,-0.46603024,-0.7591431,-0.4544419,0.086793214,-0.5503757,0.8303936,-0.8805014,0.34754604,0.3223802
1356786549148,-0.44060373,-0.7631973,-0.47265017,0.057189196,-0.54930544,0.8336624,-0.8958782,0.34028435,0.28567263
1356786549178,-0.4117533,-0.7663129,-0.49317724,0.022457004,-0.5495508,0.8351584,-0.91101867,0.3328039,0.24348846
1356786549218,-0.38300723,-0.76843274,-0.51265645,-0.013726294,-0.5501802,0.83493316,-0.92364335,0.3268223,0.20017534
1356786549258,-0.35784096,-0.77085817,-0.52699864,-0.047763973,-0.5485207,0.83477163,-0.9325602,0.32388696,0.15946382
1356786549298,-0.33913326,-0.7754736,-0.5325685,-0.07668361,-0.5414458,0.83723116,-0.9376077,0.32477227,0.12415621
1356786549337,-0.32846385,-0.78367054,-0.52723044,-0.09846455,-0.5267492,0.8442985,-0.9393701,0.32923505,0.09585431
1356786549378,-0.32584286,-0.79567444,-0.5106158,-0.11206296,-0.5037791,0.8565327,-0.93875885,0.3363162,0.07498726
1356786549418,-0.3299985,-0.8105023,-0.48392868,-0.11749023,-0.4733954,0.8729793,-0.93664134,0.34493878,0.06099373
1356786549456,-0.33901697,-0.8264972,-0.44941065,-0.115652174,-0.43746316,0.8917682,-0.93364453,0.35429987,0.052721232
1356786549496,-0.35072434,-0.842031,-0.40984893,-0.108113825,-0.39831614,0.91085434,-0.930217,0.36376917,0.048663974
1356786549536,-0.3626576,-0.8557994,-0.36889938,-0.09721339,-0.35894763,0.9282812,-0.92683816,0.37251028,0.046979964
1356786549576,-0.37194592,-0.8670893,-0.33137956,-0.08578333,-0.32335663,0.9423809,-0.9242822,0.37894154,0.045889318
1356786549616,-0.37621915,-0.8757802,-0.30243683,-0.07598904,-0.2961535,0.9521128,-0.92340934,0.38118497,0.044869006
1356786549656,-0.37500447,-0.881828,-0.28592134,-0.06837398,-0.2812789,0.95718706,-0.9244981,0.378499,0.045186758
1356786549696,-0.36982948,-0.8846041,-0.28408077,-0.06262106,-0.2813313,0.95756537,-0.92698705,0.3719253,0.04864973
1356786549737,-0.36290795,-0.88264465,-0.29872426,-0.058773637,-0.29825962,0.95267355,-0.92996955,0.36328998,0.056364596
1356786549795,-0.35627598,-0.8731644,-0.33264297,-0.058679223,-0.33439267,0.9406053,-0.9325364,0.35463428,0.067899406
1356786549817,-0.35117304,-0.8529037,-0.38630643,-0.062976,-0.39013362,0.9186021,-0.9341903,0.34691635,0.08329192
1356786549857,-0.3477984,-0.8154971,-0.46260208,-0.07400763,-0.46798694,0.8806311,-0.9346438,0.34051824,0.102412134
1356786549894,-0.3461815,-0.75394154,-0.55832845,-0.092683345,-0.5647312,0.82005405,-0.9335782,0.3356353,0.12562159
1356786549937,-0.34752882,-0.6640297,-0.6620333,-0.11804572,-0.6694407,0.73342645,-0.93020904,0.33303705,0.15426412
1356786549976,-0.3535192,-0.5482397,-0.7579297,-0.14950421,-0.76671994,0.6243309,-0.9234028,0.3340266,0.1890861
1356786550016,-0.36601168,-0.42069054,-0.83009326,-0.1851008,-0.8412553,0.50796366,-0.9120159,0.3395716,0.23003918
1356786550056,-0.38275933,-0.29518086,-0.875422,-0.22414808,-0.88959664,0.39796427,-0.8962438,0.34854868,0.2743371
1356786550096,-0.39704633,-0.18001604,-0.89997137,-0.26476553,-0.9164225,0.30011502,-0.87877953,0.35744098,0.31620014
1356786550147,-0.4005416,-0.07696422,-0.9130405,-0.30425978,-0.9287529,0.21176437,-0.86428726,0.36262193,0.34858698
1356786550178,-0.38739794,0.015541017,-0.92178166,-0.34042576,-0.93160546,0.12736437,-0.8567574,0.36313888,0.36619252
1356786550218,-0.35636002,0.09858847,-0.9291329,-0.37097982,-0.92760456,0.043859467,-0.8575439,0.36031932,0.36713558
1356786550258,-0.3094387,0.17239231,-0.9351623,-0.3931417,-0.91863936,-0.039258525,-0.86584485,0.35550314,0.35203725
1356786550298,-0.2514851,0.23578629,-0.93870133,-0.4041414,-0.90685505,-0.119514555,-0.87944585,0.34931192,0.32335147
1356786550338,-0.18900144,0.28691575,-0.93912613,-0.40311787,-0.8947323,-0.19222441,-0.89541864,0.3422478,0.2847665
1356786550376,-0.12845951,0.32411334,-0.937256,-0.3922309,-0.88463116,-0.25215623,-0.910853,0.3352289,0.24076647
1356786550416,-0.07475209,0.34641066,-0.93509996,-0.3760644,-0.8782792,-0.29529858,-0.9235734,0.3295836,0.19592592
1356786550456,-0.03082937,0.35336882,-0.9349759,-0.3599761,-0.876575,-0.31942686,-0.932452,0.32672128,0.15422854
1356786550496,0.0016431808,0.3446025,-0.9387472,-0.34850565,-0.87969774,-0.32353616,-0.9373053,0.3276903,0.118650466
1356786550536,0.021471918,0.31959426,-0.9473112,-0.34424162,-0.8872267,-0.30712625,-0.9386355,0.33269855,0.09096715
1356786550577,0.027863145,0.27798817,-0.96018034,-0.3475233,-0.8979414,-0.27005363,-0.93725735,0.3412096,0.07158783
1356786550616,0.020488918,0.21991673,-0.9753035,-0.35635617,-0.90983206,-0.21264014,-0.9341255,0.35191217,0.05972722
1356786550656,-2.3663044E-5,0.14686531,-0.9891565,-0.36713654,-0.92008203,-0.1366007,-0.9301671,0.36315227,0.0539414
1356786550696,-0.031231403,0.062339604,-0.9975662,-0.37579942,-0.925555,-0.046074107,-0.92617464,0.3734458,0.052333564
1356786550736,-0.06813282,-0.027405292,-0.9972998,-0.37908778,-0.9239384,0.051287577,-0.92284906,0.38155854,0.052561462
1356786550776,-0.10438633,-0.11417359,-0.9879614,-0.37546143,-0.9153535,0.14545329,-0.9209409,0.3861248,0.052682675
1356786550816,-0.13512117,-0.19014633,-0.9724128,-0.36537457,-0.9026871,0.22728258,-0.92100143,0.38600558,0.05249756
1356786550856,-0.15853983,-0.24965568,-0.95526814,-0.3508097,-0.8901328,0.29085445,-0.9229289,0.38122928,0.05353982
1356786550897,-0.17511684,-0.2893362,-0.9410731,-0.33446324,-0.88151586,0.33326274,-0.9259959,0.3731143,0.057596005
1356786550937,-0.18594545,-0.3072115,-0.93329805,-0.31918094,-0.8794634,0.35308284,-0.9292727,0.36354512,0.06547629
1356786550976,-0.19248438,-0.30311474,-0.933312,-0.30690727,-0.88478893,0.35065165,-0.93207175,0.35393515,0.077279866
1356786551016,-0.19693446,-0.27881622,-0.9399352,-0.2982437,-0.8962378,0.3283419,-0.93395257,0.34499162,0.09334498
1356786551056,-0.20084918,-0.23595956,-0.95078003,-0.29377773,-0.91137904,0.28824085,-0.9345342,0.33721095,0.113730125
1356786551096,-0.2068519,-0.17930521,-0.96180147,-0.29363096,-0.92636704,0.23584966,-0.93327016,0.3312006,0.13897115
1356786551147,-0.21784341,-0.11414615,-0.96928585,-0.29858968,-0.93772346,0.17753616,-0.92918706,0.3280938,0.17019394
1356786551178,-0.23575628,-0.04564415,-0.9707398,-0.31014276,-0.9431284,0.11966788,-0.92099434,0.32928032,0.20819217
1356786551218,-0.26036882,0.021420538,-0.96527165,-0.3293703,-0.9417531,0.06794451,-0.9075921,0.33562243,0.25225836
1356786551258,-0.28787977,0.08363944,-0.9540071,-0.35509726,-0.93448883,0.025225386,-0.88939923,0.3460272,0.29872072
1356786551298,-0.31161422,0.13844109,-0.94006956,-0.38248158,-0.92391664,-0.009277344,-0.86983025,0.35666832,0.34085658
1356786551338,-0.32483178,0.18396592,-0.9277073,-0.40529573,-0.9133445,-0.039205626,-0.8545289,0.36326057,0.371244
1356786551378,-0.32413745,0.21908641,-0.9202912,-0.4197771,-0.9051047,-0.06762062,-0.84777474,0.36439884,0.38534588
1356786551418,-0.30978048,0.24340972,-0.9191234,-0.42503265,-0.90016466,-0.095136315,-0.8505194,0.3611861,0.38231045
1356786551458,-0.28406364,0.25699893,-0.9237204,-0.4213828,-0.8988426,-0.12049321,-0.8612458,0.35501218,0.36362335
1356786551496,-0.25028664,0.260133,-0.9325704,-0.41000703,-0.9010698,-0.14130697,-0.87706953,0.34699315,0.33218193
1356786551536,-0.21230948,0.25321174,-0.94382656,-0.3933757,-0.9062776,-0.15464997,-0.89452803,0.33844474,0.2920186
1356786551576,-0.17408681,0.23672067,-0.95585406,-0.37506735,-0.913449,-0.15790902,-0.91050434,0.33101982,0.24780568
1356786551616,-0.1391316,0.21122685,-0.9674843,-0.35888252,-0.921326,-0.14953928,-0.922955,0.32640755,0.20399106
1356786551656,-0.110262275,0.17745385,-0.97793275,-0.34764263,-0.92866665,-0.12931727,-0.9311213,0.32571226,0.16408736
1356786551696,-0.08959043,0.13643107,-0.98659015,-0.34230715,-0.9344491,-0.09813643,-0.93530715,0.32892478,0.13041902
1356786551736,-0.07834184,0.089574754,-0.9928943,-0.34203264,-0.93791944,-0.057627916,-0.93641675,0.33508757,0.104115754
1356786551776,-0.07664621,0.03861706,-0.99631023,-0.34503853,-0.938537,-0.009833932,-0.9354538,0.3430117,0.085259676
1356786551816,-0.0836519,-0.014591336,-0.99638826,-0.34938768,-0.93598926,0.043039724,-0.93323666,0.3517261,0.07319924
1356786551856,-0.09768516,-0.0683063,-0.99287057,-0.35332018,-0.9302748,0.09876186,-0.93038845,0.36044875,0.06673992
1356786551896,-0.116122425,-0.12117753,-0.98581517,-0.35518128,-0.92183214,0.15515062,-0.9275569,0.36815956,0.0640054
1356786551936,-0.13564444,-0.17190185,-0.9757306,-0.3533549,-0.9116741,0.20973936,-0.925603,0.37322918,0.06292122
