1356785494434,-0.11425185,0.40424514,0.9074869,0.09445268,-0.9049105,0.41498893,0.9889517,0.1331278,0.065205604
1356785494472,0.13556057,-0.9901722,-0.03438458,0.060017765,0.04284805,-0.99727726,0.98894954,0.13312781,0.06523642
1356785494514,0.1355555,-0.99016964,-0.03447762,0.060190886,0.042964756,-0.9972618,0.98893976,0.13310915,0.06542334
1356785494553,0.13548005,-0.9901614,-0.035009116,0.0606153,0.0435521,-0.99721074,0.98892415,0.13298014,0.06591934
1356785494592,0.13522819,-0.9901471,-0.03636089,0.061104804,0.044962138,-0.99711823,0.98892856,0.13261667,0.06658283
1356785494632,0.13466275,-0.99015,-0.03832698,0.06134823,0.046936154,-0.9970122,0.98899055,0.13190907,0.06706452
1356785494673,0.13379928,-0.99017644,-0.040599197,0.060979843,0.049116105,-0.99692976,0.9891305,0.13091275,0.0669525
1356785494712,0.13285705,-0.99020773,-0.04286921,0.06001872,0.05121097,-0.9968828,0.98931634,0.12986997,0.06623471
1356785494752,0.13196808,-0.9902345,-0.04494682,0.05863121,0.053061664,-0.99686855,0.9895185,0.12891954,0.06506109
1356785494793,0.13126925,-0.99023914,-0.04684922,0.05712238,0.054735035,-0.99686563,0.9896996,0.1281816,0.06374982
1356785494832,0.13088048,-0.9902029,-0.048666447,0.055823177,0.05637151,-0.9968481,0.98982525,0.12775126,0.0626542
1356785494882,0.13106558,-0.99009347,-0.050365776,0.055107474,0.058001548,-0.99679434,0.98984087,0.12786993,0.06216353
1356785494922,0.13176695,-0.9899046,-0.05221486,0.05511433,0.0599086,-0.9966812,0.9897474,0.12845185,0.0624519
1356785494964,0.13290876,-0.98966557,-0.053827375,0.055968344,0.061716676,-0.99652326,0.9895468,0.12943408,0.06359258
1356785495003,0.1342878,-0.9894103,-0.05508247,0.05771637,0.06330088,-0.9963242,0.9892602,0.13061503,0.06560567
1356785495043,0.13540909,-0.98920673,-0.055986375,0.060043633,0.06459585,-0.9961035,0.98896873,0.13151991,0.068142384
1356785495082,0.13567352,-0.9891293,-0.056708634,0.06254077,0.06567401,-0.9958793,0.9887777,0.13156784,0.07077116
1356785495122,0.13460359,-0.9892244,-0.057594568,0.06479889,0.06678644,-0.99566096,0.9887786,0.13028747,0.073090255
1356785495162,0.13211575,-0.9894762,-0.059010386,0.066785455,0.068282634,-0.9954281,0.98898184,0.12757063,0.07510385
1356785495202,0.12859154,-0.9898126,-0.061115324,0.06866142,0.07036537,-0.9951554,0.98931783,0.12377232,0.07701036
1356785495242,0.12477094,-0.9901329,-0.06378862,0.07031438,0.07295334,-0.9948536,0.9896909,0.11964357,0.07872298
1356785495282,0.1213204,-0.9903665,-0.066750735,0.071071684,0.07574174,-0.9945915,0.9900658,0.115920216,0.079575956
1356785495322,0.118766576,-0.99046147,-0.069862425,0.06974462,0.07850829,-0.99447083,0.99046975,0.11323738,0.07840347
1356785495371,0.11732414,-0.99039185,-0.07320535,0.06506726,0.08122221,-0.99456984,0.99095976,0.111923754,0.07397139
1356785495404,0.116883874,-0.9901471,-0.077115685,0.056359023,0.08413565,-0.9948592,0.9915452,0.11193681,0.0656378
1356785495444,0.11703044,-0.98974156,-0.081948906,0.04383722,0.08758366,-0.99519217,0.99216044,0.11287543,0.053637445
1356785495484,0.11723849,-0.989204,-0.087923735,0.02821678,0.091816515,-0.99537605,0.99270284,0.11421543,0.03867662
1356785495524,0.11722261,-0.9885342,-0.09517878,0.010602444,0.097079754,-0.9952202,0.9930491,0.11565319,0.021860778
1356785495553,0.11709347,-0.98768806,-0.10373703,-0.0063082576,0.10371378,-0.9945872,0.9931009,0.1171141,0.005913645
1356785495584,0.117114246,-0.9867288,-0.11247459,-0.022597998,0.11057681,-0.9936107,0.9928614,0.11890775,-0.009348035
1356785495623,0.117985755,-0.98553866,-0.12162632,-0.040361583,0.117621094,-0.992238,0.9921947,0.12197894,-0.025900245
1356785495664,0.11955801,-0.9838358,-0.13331512,-0.059430093,0.12694564,-0.9901277,0.9910469,0.1263006,-0.043292046
1356785495704,0.12148669,-0.98160166,-0.14730597,-0.079538524,0.1383008,-0.9871912,0.9894011,0.13164711,-0.061273456
1356785495743,0.12359956,-0.97888005,-0.16284019,-0.10028204,0.15093711,-0.9834437,0.98725206,0.13788313,-0.079508305
1356785495784,0.12606207,-0.97581923,-0.17856434,-0.12081087,0.16355917,-0.97910833,0.9846386,0.14500093,-0.097270906
1356785495823,0.12925059,-0.972735,-0.19256407,-0.14013916,0.17432535,-0.9746649,0.9816595,0.15296182,-0.11378664
1356785495864,0.13341004,-0.9700551,-0.20296505,-0.15747404,0.18144506,-0.9707109,0.9784701,0.16146433,-0.12855196
1356785495904,0.13853714,-0.9681523,-0.20853981,-0.17232111,0.18379328,-0.96774256,0.97525024,0.17000416,-0.14137089
1356785495943,0.14451033,-0.9672233,-0.2087962,-0.18444502,0.18098247,-0.96603584,0.9721609,0.17811355,-0.1522457
1356785495984,0.15133053,-0.96730363,-0.20352584,-0.19393662,0.17284113,-0.9656679,0.9692717,0.18560618,-0.16143942
1356785496024,0.15927798,-0.9683824,-0.19200495,-0.20110315,0.158584,-0.9666481,0.966534,0.19257852,-0.16948587
1356785496064,0.16894335,-0.9704727,-0.1721653,-0.20611486,0.13602763,-0.9690269,0.96383345,0.19919646,-0.17704785
1356785496103,0.18115902,-0.97340655,-0.14021751,-0.20863625,0.10129166,-0.97273374,0.9610683,0.20547393,-0.18473804
1356785496142,0.1969474,-0.97622406,-0.09054488,-0.20747423,0.04876238,-0.97702444,0.95820993,0.2112082,-0.19293773
1356785496184,0.21765614,-0.97591114,-0.014944047,-0.20012894,-0.02963823,-0.9793212,0.95528746,0.21614605,-0.20175901
1356785496223,0.24491632,-0.9645004,0.09876716,-0.18193388,-0.14577925,-0.9724446,0.9523214,0.22019845,-0.21117902
1356785496262,0.2792039,-0.92272127,0.26576433,-0.1447551,-0.31405383,-0.93830496,0.9492582,0.2235077,-0.22125366
1356785496304,0.31513023,-0.81157434,0.49197555,-0.07712704,-0.5385738,-0.83904094,0.94590926,0.22646254,-0.23231523
1356785496372,0.33476317,-0.5864788,0.7375475,0.025780141,-0.7767147,-0.62932485,0.9419496,0.22968884,-0.24489596
1356785496385,0.3191123,-0.27184626,0.9078915,0.14173022,-0.93351537,-0.32933506,0.93705916,0.23377052,-0.2593674
1356785496423,0.276295,0.026647992,0.9607034,0.2362557,-0.9708248,-0.041017592,0.9315816,0.23830459,-0.27452978
1356785496464,0.22856456,0.24978809,0.9409379,0.30015093,-0.93751997,0.17597064,0.9261035,0.24220273,-0.28925797
1356785496503,0.18332165,0.41120762,0.8929174,0.34174,-0.8783178,0.33432275,0.92174125,0.24385703,-0.30154076
1356785496544,0.13978964,0.53396255,0.83387214,0.36711445,-0.8100707,0.45717874,0.91961175,0.24221769,-0.3092649
1356785496584,0.095955074,0.63307655,0.7681189,0.3787701,-0.73684937,0.5599877,0.9205031,0.23720682,-0.3104949
1356785496623,0.051252604,0.71553785,0.6966913,0.37733215,-0.6597727,0.6498619,0.92465866,0.22957696,-0.30381054
1356785496664,0.0071337223,0.78335565,0.62153274,0.36305827,-0.5811648,0.7283104,0.93173903,0.22045708,-0.28854957
1356785496704,-0.03361386,0.83674425,0.54656124,0.33698946,-0.5053567,0.7943883,0.9409082,0.21088782,-0.264987
1356785496743,-0.06765419,0.8755437,0.47837865,0.30163494,-0.43909043,0.8462955,0.9510201,0.20155111,-0.23438823
1356785496782,-0.09058291,0.89708626,0.43247074,0.2617204,-0.39754838,0.87946445,0.96088356,0.19285089,-0.1987747
1356785496822,-0.07683694,0.85194635,0.51796097,0.23293921,-0.48978102,0.84015113,0.9694511,0.18520802,-0.16081846
1356785496862,0.18062711,-0.98355126,8.4242225E-4,-0.12106368,-0.02308309,-0.9923763,0.97607243,0.17914808,-0.12324178
1356785496903,0.1668717,-0.9814585,-0.094302654,-0.1031881,0.07773456,-0.99161965,0.9805641,0.17520422,-0.08830312
1356785496942,0.16850486,-0.9819993,-0.0853436,-0.07141593,0.07419148,-0.9946835,0.9831103,0.17370388,-0.05762875
1356785496982,0.17195106,-0.9827347,-0.068303704,-0.04365647,0.06166637,-0.9971416,0.98413765,0.17444149,-0.03229913
1356785497022,0.17574564,-0.98299795,-0.053183466,-0.022005737,0.05008802,-0.9985024,0.9841896,0.17665279,-0.0128288865
1356785497062,0.17942348,-0.98291326,-0.041093886,-0.0064729154,0.04059133,-0.99915487,0.98375064,0.17953783,9.2074275E-4
1356785497121,0.18284568,-0.98263216,-0.031647235,0.0036547184,0.03286907,-0.999453,0.98313487,0.18263,0.009601235
1356785497142,0.18581781,-0.98225856,-0.025296599,0.0091382265,0.027471334,-0.99958086,0.9825418,0.18550882,0.014080703
1356785497183,0.18791991,-0.98190415,-0.02345711,0.010749429,0.025937319,-0.9996058,0.98212546,0.18759361,0.0154290795
1356785497220,0.1887865,-0.9816283,-0.0276694,0.009522378,0.03000462,-0.99950445,0.981972,0.1884295,0.015011907
1356785497263,0.18812197,-0.9813697,-0.03903398,0.006429255,0.040973246,-0.99913955,0.98212457,0.18770912,0.014017463
1356785497302,0.18569934,-0.98087907,-0.05824086,0.0020259023,0.05965388,-0.99821705,0.9826045,0.18525022,0.0130648315
1356785497373,0.18147075,-0.9798001,-0.08402461,-0.0037248135,0.084757805,-0.99639463,0.9833893,0.18112946,0.011731476
1356785497385,0.17594582,-0.97782564,-0.11357865,-0.011565924,0.11331719,-0.99349153,0.98433185,0.17611432,0.008628219
1356785497424,0.1703487,-0.97506535,-0.14222795,-0.021452308,0.1406337,-0.9898292,0.9851503,0.17166719,0.0030393898
1356785497464,0.16511366,-0.9722903,-0.16549635,-0.033488393,0.16217586,-0.9861934,0.98570585,0.1683762,-0.005782962
1356785497504,0.16019103,-0.97024524,-0.18155727,-0.046993583,0.1762276,-0.9832271,0.9859668,0.16603619,-0.017365277
1356785497544,0.15508741,-0.9693122,-0.19074005,-0.061271816,0.18326658,-0.98115194,0.9859988,0.16385129,-0.030969143
1356785497584,0.1491538,-0.9693185,-0.19538355,-0.07617363,0.18574306,-0.9796413,0.9858756,0.16100028,-0.046132207
1356785497614,0.14305076,-0.96990466,-0.19703159,-0.09028706,0.18546024,-0.9784952,0.98558855,0.1577639,-0.061039627
1356785497654,0.13541242,-0.9698777,-0.20248634,-0.107628495,0.18876007,-0.9761075,0.98492616,0.15397039,-0.07882601
1356785497684,0.12845853,-0.9695116,-0.20867556,-0.12602863,0.19275364,-0.9731201,0.98367435,0.15130469,-0.0974254
1356785497723,0.12467131,-0.96920884,-0.21234733,-0.15016603,0.19312027,-0.9696158,0.98076874,0.15277073,-0.12146574
1356785497762,0.12724838,-0.9696194,-0.20891652,-0.17948282,0.1846421,-0.966278,0.97549665,0.16045421,-0.15053457
1356785497802,0.14044434,-0.97204983,-0.1881342,-0.21086887,0.15629107,-0.964939,0.96737254,0.17519185,-0.18302488
1356785497842,0.16935161,-0.9763915,-0.13408831,-0.23724347,0.09166548,-0.96711576,0.9565749,0.19559419,-0.21611875
1356785497882,0.21496406,-0.97597116,-0.035646886,-0.24721462,-0.019066662,-0.9687731,0.94481504,0.21706378,-0.24537301
1356785497922,0.25861874,-0.96393746,0.06277716,-0.24133426,-0.12740234,-0.96204287,0.9353471,0.23365206,-0.26557976
1356785497962,0.25350368,-0.9673141,0.0062712133,-0.2625593,-0.075045526,-0.9619931,0.93102014,0.24222219,-0.2730016
1356785498002,0.18464015,-0.9563767,-0.22638828,-0.3098283,0.16196094,-0.93689644,0.932692,0.24313018,-0.2664081
1356785498043,0.13240778,-0.9158448,-0.37907332,-0.31633413,0.3233965,-0.8918226,0.939362,0.23799813,-0.24689275
1356785498082,0.1163183,-0.89429796,-0.43208933,-0.29343605,0.38467968,-0.87516665,0.9488758,0.22858843,-0.21767396
1356785498122,0.115425065,-0.88731426,-0.4464868,-0.25842792,0.4071871,-0.8760215,0.95911,0.21649948,-0.18230718
1356785498163,0.11913431,-0.885776,-0.44856215,-0.21974975,0.41705215,-0.881917,0.9682547,0.20363799,-0.14496386
1356785498202,0.12416093,-0.885797,-0.44715527,-0.18256965,0.42255503,-0.88775873,0.97532177,0.19186196,-0.10925484
1356785498242,0.12979013,-0.88600516,-0.44513962,-0.15013084,0.426201,-0.89208376,0.9801098,0.1826129,-0.07770008
1356785498282,0.13587877,-0.8859147,-0.4434997,-0.12415144,0.42889664,-0.8947816,0.98291576,0.17664292,-0.051709652
1356785498322,0.14243068,-0.88546926,-0.44233215,-0.10522401,0.4308104,-0.89628696,0.9841958,0.17420271,-0.031812012
1356785498370,0.14973974,-0.88494444,-0.4409665,-0.093149304,0.43138474,-0.8973464,0.9843278,0.17544416,-0.017836511
1356785498404,0.15796083,-0.8844841,-0.4390173,-0.08719528,0.43036819,-0.8984321,0.983588,0.1801973,-0.009141505
1356785498443,0.16643849,-0.88371336,-0.43743443,-0.086307555,0.42886344,-0.899237,0.9822674,0.1874215,-0.004891753
1356785498473,0.17319934,-0.8815801,-0.43911108,-0.087953,0.43022317,-0.89842767,0.98095167,0.19422823,-0.0030232668
1356785498502,0.17753002,-0.8784485,-0.44363418,-0.09090248,0.43422994,-0.8962037,0.9799081,0.19943053,-0.0027643442
1356785498542,0.17717521,-0.8731732,-0.45406783,-0.094807506,0.4440788,-0.8909577,0.9796022,0.20090464,-0.004103601
1356785498582,0.17125715,-0.86431116,-0.47290292,-0.09976798,0.462313,-0.88108623,0.9801619,0.19807288,-0.0070561767
1356785498622,0.16021971,-0.85232115,-0.49787387,-0.10627994,0.48656183,-0.8671576,0.98134303,0.19184974,-0.01262784
1356785498662,0.14510828,-0.83775115,-0.5264186,-0.11456564,0.5142445,-0.8499572,0.9827605,0.18364528,-0.021356344
1356785498702,0.12680994,-0.8211005,-0.5565189,-0.124045044,0.54351676,-0.8301822,0.9841403,0.1743088,-0.032930136
1356785498742,0.105788305,-0.80276656,-0.5868344,-0.13385555,0.5732786,-0.8083528,0.9853383,0.1640653,-0.0468086
1356785498782,0.08247478,-0.7832443,-0.61621934,-0.1435166,0.60254645,-0.7850737,0.9862053,0.15318644,-0.06271368
1356785498822,0.057800733,-0.76330197,-0.6434509,-0.15330622,0.63009715,-0.7612324,0.98648685,0.1426448,-0.08059889
1356785498862,0.03302452,-0.74381924,-0.66756445,-0.16452536,0.654771,-0.73770344,0.9858199,0.1341936,-0.100753665
1356785498902,0.009182088,-0.7254465,-0.6882173,-0.17944258,0.67587864,-0.7148346,0.98372555,0.13005915,-0.12397003
1356785498942,-0.013036698,-0.7085563,-0.70553386,-0.20073676,0.69308364,-0.6923436,0.97955847,0.1326007,-0.15126884
1356785498982,-0.032855935,-0.6934842,-0.7197223,-0.23043454,0.70596623,-0.6697101,0.972533,0.1438449,-0.18299788
1356785499022,-0.049334884,-0.68057317,-0.7310172,-0.2682966,0.71403766,-0.6466584,0.9620722,0.16422662,-0.21782243
1356785499062,-0.061849028,-0.6699226,-0.73985034,-0.3096705,0.71756816,-0.62385905,0.9488303,0.1905247,-0.25183612
1356785499102,-0.0702939,-0.6613285,-0.74679536,-0.34559458,0.71842754,-0.6036773,0.9357473,0.21565358,-0.27905262
1356785499142,-0.07413578,-0.6548621,-0.7521033,-0.36774927,0.718979,-0.58977085,0.9269651,0.23286234,-0.2941271
1356785499182,-0.07181865,-0.651173,-0.75552344,-0.37284943,0.720092,-0.58519286,0.9251082,0.23966871,-0.2945056
1356785499222,-0.062092185,-0.6508258,-0.75668377,-0.36176878,0.72126585,-0.59067667,0.9301978,0.23706818,-0.28023344
1356785499262,-0.045627415,-0.65358126,-0.75547975,-0.33725262,0.7219438,-0.6042001,0.9403078,0.22721939,-0.25336242
1356785499302,-0.024425864,-0.6587232,-0.7519888,-0.3028142,0.7217501,-0.6223989,0.95273656,0.21251023,-0.21710008
1356785499373,0.0023808181,-0.666185,-0.74578285,-0.25695264,0.7203367,-0.6442752,0.9664211,0.1931648,-0.16946304
1356785499387,0.026339948,-0.6742711,-0.73801404,-0.21460935,0.7172422,-0.66295284,0.97634476,0.17584687,-0.12581277
1356785499424,0.04851085,-0.6809779,-0.7306954,-0.17544276,0.71437365,-0.6774143,0.9832937,0.16105714,-0.08481777
1356785499464,0.06826977,-0.687168,-0.72328365,-0.14247248,0.7108296,-0.6887835,0.98744154,0.15007111,-0.0493744
1356785499504,0.08500346,-0.692525,-0.7163682,-0.11842024,0.70685273,-0.6973778,0.9893185,0.14411202,-0.021924019
1356785499544,0.098732136,-0.69706213,-0.71018046,-0.10517892,0.7023599,-0.70400846,0.9895399,0.14420423,-0.003970742
1356785499584,0.10970652,-0.70091665,-0.7047555,-0.102883935,0.697219,-0.7094368,0.988625,0.15033787,0.0043764114
1356785499624,0.11799437,-0.7042287,-0.7000995,-0.10939944,0.69151413,-0.7140308,0.98696965,0.16084212,0.004552543
1356785499662,0.12368435,-0.70704985,-0.69626343,-0.120902866,0.6856863,-0.717786,0.9849287,0.17295909,-6.7567825E-4
1356785499702,0.12685576,-0.7093011,-0.69339705,-0.13306138,0.68055785,-0.7205107,0.9829558,0.18366528,-0.008047879
1356785499742,0.12710834,-0.71080065,-0.6918134,-0.14258674,0.6771325,-0.7219145,0.98158664,0.19040477,-0.015281558
1356785499782,0.12379894,-0.71129704,-0.6919034,-0.14874062,0.676088,-0.72165173,0.9810963,0.19225383,-0.022099793
1356785499822,0.116835505,-0.7104385,-0.6939932,-0.15302506,0.67755675,-0.71937484,0.9812914,0.19024688,-0.029552221
1356785499862,0.10678563,-0.707758,-0.6983376,-0.15723234,0.68149567,-0.7147319,0.9817713,0.18612438,-0.038508534
1356785499902,0.09411004,-0.7028194,-0.7051156,-0.16211623,0.6879872,-0.7073839,0.98227364,0.18088257,-0.049191892
1356785499942,0.07876977,-0.6952913,-0.7143986,-0.16749725,0.69720674,-0.69702756,0.98272073,0.17456451,-0.061540544
1356785499982,0.060539253,-0.6849432,-0.7260771,-0.1730408,0.7091956,-0.68344605,0.9830524,0.16701627,-0.07558894
1356785500040,0.039472736,-0.6714783,-0.7399723,-0.17900541,0.72381735,-0.6663675,0.983056,0.1587624,-0.09162718
1356785500062,0.015884638,-0.6544632,-0.75592697,-0.18671398,0.74078226,-0.64527476,0.98228586,0.15139209,-0.11043036
1356785500103,-0.010080367,-0.63330656,-0.77383536,-0.19859803,0.7597263,-0.6191727,0.98002917,0.1474407,-0.13343173
1356785500140,-0.038534585,-0.6070891,-0.79369885,-0.21670555,0.78046286,-0.5864439,0.9754762,0.14940055,-0.16163439
1356785500183,-0.07016814,-0.5750987,-0.8150693,-0.24173696,0.80253154,-0.54544145,0.96780145,0.15875973,-0.19533473
1356785500222,-0.10543108,-0.5355942,-0.83786815,-0.26960087,0.8264033,-0.4943409,0.9571832,0.17377107,-0.23152524
1356785500262,-0.14355579,-0.4874791,-0.86125255,-0.29322457,0.8521406,-0.43344626,0.94520426,0.19031665,-0.2652706
1356785500302,-0.18148392,-0.4287821,-0.8849913,-0.30443645,0.88022286,-0.36404142,0.935084,0.20335594,-0.2902832
1356785500374,-0.21155828,-0.35681665,-0.9099038,-0.29715514,0.91038644,-0.28791553,0.9310972,0.2094717,-0.2986297
1356785500394,-0.23352623,-0.2666205,-0.9350824,-0.27540645,0.940428,-0.19936506,0.9325325,0.21097077,-0.2930436
1356785500434,-0.23995036,-0.17311251,-0.95522565,-0.24731165,0.96240735,-0.11228998,0.938755,0.2092944,-0.27374274
1356785500473,-0.23095378,-0.08436162,-0.9693004,-0.21971199,0.97502303,-0.0325092,0.9478327,0.20545879,-0.24372047
1356785500513,-0.20912468,-0.008434385,-0.9778526,-0.19733348,0.9797553,0.03375116,0.95777154,0.20002127,-0.20655537
1356785500554,-0.178615,0.048244886,-0.98273563,-0.18239239,0.9798627,0.081254184,0.966866,0.1937567,-0.16621864
1356785500594,-0.14377522,0.08174807,-0.98622817,-0.17515114,0.97874683,0.106661975,0.97398704,0.18807432,-0.12640125
1356785500634,-0.10804659,0.09071812,-0.98999804,-0.17458332,0.97862077,0.10872928,0.9786964,0.18458498,-0.089898765
1356785500674,-0.073569775,0.07570563,-0.9944124,-0.17866443,0.97998255,0.08782524,0.98115563,0.18412742,-0.05857116
1356785500714,-0.04152611,0.039049372,-0.9983741,-0.18470256,0.98171365,0.046080202,0.9819168,0.18631577,-0.033554196
1356785500754,-0.012822121,-0.015242733,-0.9998016,-0.19041085,0.9816246,-0.012523659,0.9816207,0.19021249,-0.015488863
1356785500794,0.011511087,-0.08150731,-0.99660635,-0.19488238,0.9773773,-0.08218563,0.98075914,0.19516706,-0.004633665
1356785500832,0.030581206,-0.15273279,-0.9877943,-0.19836238,0.9676726,-0.1557627,0.9796516,0.20070463,-7.0387125E-4
1356785500872,0.04419771,-0.22104178,-0.9742623,-0.20103742,0.9532976,-0.22540541,0.9785859,0.20582558,-0.0023040771
1356785500912,0.0528602,-0.27954423,-0.9586766,-0.20231558,0.9371118,-0.28441146,0.97789276,0.20898926,-0.007020235
1356785500952,0.056894362,-0.32411587,-0.944305,-0.20176472,0.92258847,-0.32881835,0.97778016,0.20923533,-0.012905061
1356785500992,0.055867225,-0.35341224,-0.933798,-0.2003707,0.9122633,-0.35724977,0.978126,0.2070643,-0.01984781
1356785501032,0.049348533,-0.36749482,-0.9287154,-0.19995494,0.9073887,-0.36968064,0.9785616,0.20394444,-0.028704107
1356785501072,0.037296027,-0.36662588,-0.9296206,-0.2017872,0.90834177,-0.36632946,0.978719,0.2012482,-0.04010284
1356785501112,0.01964137,-0.3507427,-0.9362659,-0.20614755,0.914904,-0.3470648,0.97832376,0.19982576,-0.05433476
1356785501152,-0.00414747,-0.31898302,-0.94775134,-0.21254152,0.92638594,-0.310862,0.9771432,0.20014721,-0.0716393
1356785501192,-0.03528264,-0.2689302,-0.9625132,-0.2196754,0.9416442,-0.25504673,0.9749348,0.20244177,-0.09230107
1356785501232,-0.075880915,-0.19705899,-0.9774507,-0.22547255,0.95827717,-0.17568976,0.97129,0.20705679,-0.11714637
1356785501272,-0.12869018,-0.09964354,-0.9866661,-0.22688429,0.9715083,-0.0685204,0.965382,0.21504113,-0.14763117
1356785501312,-0.19503188,0.024535589,-0.9804899,-0.21885428,0.97339284,0.06789088,0.9560676,0.22782531,-0.18447292
1356785501375,-0.27075168,0.16886243,-0.94772303,-0.19425094,0.9546592,0.22559318,0.9428468,0.24517584,-0.22567391
1356785501394,-0.34293467,0.31638646,-0.88447464,-0.14876533,0.9113974,0.38369736,0.92750454,0.26316229,-0.26548243
1356785501433,-0.39534792,0.44561103,-0.80320024,-0.08955458,0.8515739,0.5165286,0.91415524,0.2761388,-0.29676145
1356785501473,-0.41996694,0.54397774,-0.72644067,-0.03302458,0.7907605,0.6112342,0.9069383,0.28068855,-0.31412864
1356785501514,-0.41975772,0.6108718,-0.6712966,0.0069692433,0.7417573,0.67063224,0.90760946,0.27682468,-0.31561565
1356785501554,-0.40199322,0.651773,-0.6431123,0.025741339,0.7101285,0.7036014,0.9152807,0.2662884,-0.3022443
1356785501592,-0.37248504,0.672474,-0.63955724,0.025460213,0.6962952,0.71730375,0.92768884,0.2509017,-0.27648085
1356785501632,-0.33549428,0.6763569,-0.6557323,0.010850877,0.6988036,0.71523124,0.94197977,0.2328407,-0.24178368
1356785501672,-0.29459465,0.6647756,-0.68650377,-0.013104618,0.71550614,0.6984836,0.95553243,0.21476588,-0.20207268
1356785501712,-0.25280875,0.6379676,-0.72738224,-0.04207939,0.74384224,0.66702926,0.9666007,0.19923867,-0.16120452
1356785501752,-0.21226226,0.5957264,-0.774632,-0.07269028,0.7808739,0.620445,0.9745054,0.1880053,-0.12244654
1356785501792,-0.17409918,0.5377074,-0.82496077,-0.1024978,0.82330906,0.55826193,0.97937924,0.18174958,-0.08822358
1356785501832,-0.13878977,0.46374738,-0.8750291,-0.12989348,0.86742246,0.48031867,0.98176634,0.18032385,-0.060151577
1356785501872,-0.10638475,0.37442726,-0.9211332,-0.1541106,0.908987,0.38728872,0.98230964,0.18315801,-0.03899914
1356785501913,-0.076494426,0.2716869,-0.9593408,-0.17511012,0.9435446,0.28117606,0.98157275,0.18949866,-0.024600804
1356785501952,-0.04840654,0.15921433,-0.98605657,-0.19300292,0.9671175,0.16563103,0.98000336,0.19832942,-0.016085982
1356785501992,-0.021632254,0.042506002,-0.998862,-0.20740622,0.9771693,0.04607465,0.9780158,0.20816687,-0.012322366
1356785502032,0.003712058,-0.07188215,-0.9974062,-0.21731228,0.9735187,-0.07096936,0.976095,0.21701206,-0.012007117
1356785502072,0.026889533,-0.1777748,-0.9837038,-0.22172911,0.95848596,-0.1792784,0.97473747,0.22293648,-0.013644636
1356785502112,0.046354204,-0.27043435,-0.9616219,-0.22085848,0.9360583,-0.2738915,0.9742037,0.22507839,-0.016337454
1356785502152,0.060454935,-0.34796247,-0.9355572,-0.21664616,0.91035473,-0.35258842,0.9743765,0.22400057,-0.020349324
1356785502192,0.068532825,-0.4110754,-0.9090216,-0.21176624,0.88440627,-0.41590938,0.97491455,0.22100356,-0.026441038
1356785502232,0.07104796,-0.46202123,-0.88401836,-0.20816398,0.8598763,-0.46613362,0.97551006,0.21713862,-0.03508371
1356785502272,0.06883082,-0.50356007,-0.861214,-0.20674077,0.83732164,-0.5061134,0.97597164,0.21288428,-0.046472847
1356785502312,0.06255531,-0.5381714,-0.8405107,-0.20795354,0.81664795,-0.53836924,0.9761363,0.20846504,-0.060828984
1356785502376,0.052721415,-0.56777525,-0.8214936,-0.2124076,0.7974372,-0.5647805,0.97575796,0.20426753,-0.07855779
1356785502394,0.039988697,-0.59383625,-0.80359155,-0.22118504,0.77902234,-0.5866868,0.97441167,0.20120327,-0.10019559
1356785502433,0.025171634,-0.61732125,-0.78630847,-0.23636726,0.76058,-0.6046888,0.97133774,0.20107858,-0.12676948
1356785502472,0.010216054,-0.6395936,-0.76864535,-0.2600376,0.74053943,-0.61966264,0.9655444,0.2062072,-0.15875298
1356785502512,-0.0024029277,-0.6618833,-0.74960303,-0.2925685,0.71727103,-0.632397,0.9562416,0.21779065,-0.19536978
1356785502552,-0.010032892,-0.68552864,-0.7279766,-0.32972312,0.68956476,-0.64481246,0.9440244,0.23356143,-0.23295301
1356785502592,-0.0106262565,-0.7111874,-0.7029222,-0.36304122,0.6577392,-0.65998507,0.9317125,0.24817659,-0.26517963
1356785502632,-0.0033373833,-0.7383021,-0.674462,-0.38467884,0.62351316,-0.68062735,0.9230445,0.2571798,-0.28609008
1356785502672,0.011132088,-0.7652434,-0.6436448,-0.39084673,0.58914673,-0.7072093,0.92038846,0.25943917,-0.2925344
1356785502712,0.030144602,-0.78965247,-0.6128134,-0.38133144,0.5576366,-0.7373112,0.9239468,0.25591093,-0.28430957
1356785502752,0.050177045,-0.80974895,-0.5846273,-0.358095,0.5318583,-0.7673948,0.932336,0.24785772,-0.26327997
1356785502792,0.0687153,-0.8252102,-0.5606302,-0.32465205,0.51287407,-0.79470825,0.9433341,0.23661837,-0.23266387
1356785502832,0.08497375,-0.8368227,-0.54083955,-0.28528005,0.49964523,-0.8179059,0.9546701,0.22379127,-0.19627208
1356785502872,0.099218264,-0.84559834,-0.52451813,-0.24408576,0.49033254,-0.83665776,0.9646647,0.21103916,-0.15774852
1356785502911,0.11195962,-0.8522632,-0.51099175,-0.20454946,0.48344696,-0.8511396,0.9724323,0.1998164,-0.120203435
1356785502952,0.12363562,-0.8572321,-0.49986732,-0.16928422,0.47812822,-0.8618215,0.97778165,0.19117147,-0.08600217
1356785502992,0.13439795,-0.8608063,-0.49086636,-0.14029473,0.47384134,-0.86936283,0.98094577,0.18570659,-0.05708331
1356785503032,0.14437678,-0.86329865,-0.48360196,-0.118777364,0.4700692,-0.874601,0.98236823,0.18371299,-0.034673214
1356785503072,0.15377454,-0.8650687,-0.47750342,-0.105091035,0.46619195,-0.8784195,0.9825015,0.18525982,-0.019222498
1356785503110,0.16286467,-0.866408,-0.4720298,-0.09860602,0.4617291,-0.88152313,0.98170865,0.19011393,-0.0102337
1356785503153,0.171733,-0.8674787,-0.46689233,-0.0977532,0.45658904,-0.8842911,0.9802816,0.1975022,-0.0063874125
1356785503192,0.17957653,-0.86839044,-0.46222314,-0.09972501,0.4513712,-0.8867463,0.9786762,0.20533407,-0.0055445433
1356785503232,0.18466076,-0.8692369,-0.45861492,-0.10158193,0.4472598,-0.8886168,0.97753847,0.21067965,-0.0057074428
1356785503272,0.1851429,-0.87007797,-0.45682213,-0.1017907,0.44537893,-0.8895371,0.9774256,0.21119174,-0.006107092
1356785503312,0.18055506,-0.8707451,-0.45738694,-0.10137296,0.44607854,-0.8892342,0.9783268,0.20692241,-0.0077282786
1356785503377,0.17206523,-0.8708597,-0.46043134,-0.10261458,0.44901416,-0.8876128,0.97972643,0.1999743,-0.0121032
1356785503394,0.16143294,-0.8700571,-0.4657683,-0.107066184,0.4537325,-0.8846828,0.9810587,0.19268498,-0.019906342
1356785503433,0.14974757,-0.86824584,-0.47299558,-0.11513814,0.45982164,-0.8805154,0.98199743,0.18631488,-0.031111002
1356785503474,0.13734764,-0.86557585,-0.48157468,-0.12681425,0.4668151,-0.8752153,0.98237157,0.18127927,-0.045651376
1356785503513,0.12428494,-0.86235005,-0.49082124,-0.14213198,0.4740832,-0.8689324,0.98201406,0.17775661,-0.06364614
1356785503554,0.1106303,-0.85894513,-0.49997407,-0.1616101,0.48081937,-0.86179745,0.98063403,0.17614174,-0.085621
1356785503594,0.09669019,-0.8556775,-0.50839645,-0.18650857,0.4861653,-0.8537317,0.9776837,0.17736775,-0.11258376
1356785503634,0.083204836,-0.85273993,-0.5156661,-0.2186248,0.48923418,-0.84430635,0.97225523,0.18298784,-0.14572346
1356785503672,0.07136528,-0.8501312,-0.5217125,-0.25873452,0.4893651,-0.8328135,0.96330863,0.19441903,-0.18503457
1356785503712,0.06201803,-0.84775347,-0.5267521,-0.30407614,0.48662937,-0.8189808,0.95062685,0.21096432,-0.22760177
1356785503752,0.05482357,-0.8456594,-0.53089976,-0.34726295,0.48235917,-0.8042003,0.9361639,0.22845092,-0.2672215
1356785503792,0.04921233,-0.84394693,-0.5341644,-0.3794397,0.4789189,-0.7916199,0.9239067,0.24164066,-0.29665828
1356785503832,0.045734823,-0.8422886,-0.537083,-0.39516723,0.47853595,-0.7841213,0.91747,0.24809924,-0.3109591
1356785503872,0.045290105,-0.83996266,-0.54075104,-0.3935761,0.48252177,-0.78247726,0.91817576,0.24826518,-0.30873573
1356785503912,0.047975488,-0.83632725,-0.5461272,-0.37646443,0.49129623,-0.7854314,0.92518795,0.24327886,-0.2912773
1356785503952,0.053334765,-0.8310491,-0.5536361,-0.34721386,0.50439674,-0.79058623,0.9362681,0.23439586,-0.26164985
1356785503992,0.061051674,-0.82410115,-0.5631429,-0.3098269,0.52067983,-0.79555,0.94883084,0.22304645,-0.22354037
1356785504032,0.07089121,-0.81591433,-0.57381034,-0.26861006,0.5383923,-0.798738,0.96063685,0.21075475,-0.18099552
1356785504072,0.08249884,-0.8074157,-0.58418655,-0.22754148,0.5554408,-0.799819,0.9702674,0.19891086,-0.13789731
1356785504112,0.09514385,-0.79991746,-0.5925198,-0.19039041,0.56960964,-0.79956007,0.9770871,0.18888333,-0.098101795
1356785504152,0.10813565,-0.79438525,-0.59771115,-0.15985769,0.5795184,-0.799127,0.9811993,0.18196285,-0.064321995
1356785504192,0.12088661,-0.7912724,-0.59939504,-0.13789871,0.5845823,-0.7995295,0.9830414,0.17930824,-0.03844732
1356785504232,0.13291332,-0.7902988,-0.598132,-0.12544844,0.58521855,-0.80111295,0.98315656,0.18151337,-0.02135843
1356785504272,0.14366058,-0.7908505,-0.5949093,-0.12207121,0.5823928,-0.8036897,0.9820694,0.18807983,-0.012873232
1356785504312,0.15249693,-0.7922503,-0.5908334,-0.12587264,0.57738763,-0.8067092,0.9802555,0.19739047,-0.011672795
1356785504378,0.15885635,-0.7938812,-0.5869561,-0.13356307,0.57176,-0.809476,0.97822577,0.20698607,-0.0152055025
1356785504394,0.16211987,-0.7953501,-0.58406806,-0.14105022,0.5671419,-0.8114524,0.9766382,0.2139355,-0.020239353
1356785504434,0.16156998,-0.79651636,-0.5826292,-0.1457817,0.56464493,-0.81235695,0.9760343,0.21618918,-0.02488786
1356785504474,0.1570518,-0.7970493,-0.5831356,-0.14829567,0.5647355,-0.81183875,0.97639287,0.21397722,-0.029506266
1356785504513,0.1489895,-0.79661477,-0.5858387,-0.1506379,0.5672516,-0.8096504,0.9772974,0.2088789,-0.035485864
1356785504552,0.13815814,-0.79475075,-0.59100217,-0.15425926,0.5721748,-0.8054937,0.9783233,0.20245314,-0.043547094
1356785504592,0.12520403,-0.7912431,-0.5985469,-0.15953878,0.5793865,-0.79928637,0.97921973,0.19556531,-0.0536924
1356785504632,0.11047992,-0.7860764,-0.60817605,-0.16661537,0.5886135,-0.79105854,0.97981304,0.18872759,-0.06594241
1356785504672,0.09405389,-0.77937865,-0.61945355,-0.17603916,0.5993879,-0.78086126,0.9798796,0.18249106,-0.0808264
1356785504712,0.075894535,-0.771173,-0.63208556,-0.18905005,0.6112872,-0.7684972,0.97903013,0.17782053,-0.099396944
1356785504752,0.055951267,-0.7614114,-0.6458499,-0.20777482,0.6238222,-0.7534424,0.9765752,0.1763474,-0.123298526
1356785504792,0.034338593,-0.7498342,-0.6607342,-0.23469803,0.6365855,-0.73462635,0.97146165,0.18029904,-0.1541251
1356785504832,0.011569761,-0.7358441,-0.67705214,-0.27096778,0.6494555,-0.7104815,0.9625188,0.19167939,-0.191876
1356785504877,-0.01182026,-0.71889526,-0.695018,-0.31470197,0.6624201,-0.6798253,0.949117,0.21068785,-0.23406768
1356785504912,-0.035475817,-0.69866765,-0.7145663,-0.3557591,0.67700624,-0.644281,0.9339041,0.23135708,-0.27257472
1356785504952,-0.05773827,-0.67633677,-0.73432624,-0.38548732,0.69361037,-0.60852635,0.920905,0.24793817,-0.30076706
1356785504992,-0.07620016,-0.6513608,-0.7549322,-0.3980829,0.71404773,-0.57590437,0.91417915,0.25664166,-0.31370616
1356785505032,-0.0879935,-0.62336063,-0.77696764,-0.39324358,0.7383789,-0.5478651,0.91521394,0.25732893,-0.3101051
1356785505071,-0.09125334,-0.5930099,-0.8000076,-0.37402818,0.76495063,-0.52436006,0.922917,0.25137576,-0.29160672
1356785505112,-0.08529642,-0.5620495,-0.82269377,-0.34450698,0.7914108,-0.50495934,0.9349008,0.24035253,-0.2611345
1356785505152,-0.07059592,-0.5330416,-0.8431386,-0.30924082,0.81529903,-0.48954833,0.9483597,0.22617273,-0.222395
1356785505192,-0.048712105,-0.5089983,-0.8593881,-0.272684,0.8345012,-0.47880188,0.96086967,0.21101794,-0.17944598
1356785505232,-0.021984696,-0.49272504,-0.86990726,-0.23851213,0.84757817,-0.4740498,0.97089064,0.19706164,-0.13615465
1356785505272,0.0068959,-0.48633054,-0.87374777,-0.2092314,0.85372597,-0.4768377,0.9778419,0.18610369,-0.09586841
1356785505312,0.035161465,-0.49098855,-0.8704562,-0.18617915,0.8525289,-0.48839715,0.9818865,0.17923358,-0.06143564
1356785505380,0.060367286,-0.50658107,-0.8600765,-0.17021841,0.84380245,-0.50894314,0.9835556,0.17712438,-0.035291374
1356785505394,0.08124772,-0.53094006,-0.8435055,-0.16211507,0.82799375,-0.53679144,0.9834213,0.18035802,-0.018800795
1356785505433,0.09810606,-0.5597918,-0.8228052,-0.16180016,0.8068206,-0.5682088,0.98193485,0.18887475,-0.011420429
1356785505473,0.11201513,-0.58870125,-0.80055195,-0.16726401,0.78295726,-0.59916663,0.9795281,0.20101927,-0.010765493
1356785505514,0.12361461,-0.6147637,-0.7789641,-0.1741994,0.7593514,-0.62692904,0.97692066,0.21319267,-0.013224542
1356785505552,0.13238576,-0.6368315,-0.7595523,-0.17824678,0.73850906,-0.6502557,0.97503954,0.22147235,-0.015745103
1356785505592,0.13716999,-0.6549494,-0.7431189,-0.17788869,0.7217256,-0.6689303,0.97444344,0.22394958,-0.017508984
1356785505632,0.13735566,-0.6692201,-0.7302588,-0.17478779,0.70930195,-0.68289095,0.9749783,0.22143926,-0.01954484
1356785505672,0.13332784,-0.6795434,-0.7214184,-0.17144802,0.7011278,-0.6921166,0.9761298,0.2159642,-0.023026526
1356785505712,0.12586978,-0.686103,-0.71653295,-0.169525,0.6967777,-0.69696635,0.9774549,0.20919724,-0.028608382
1356785505752,0.11560527,-0.6895566,-0.71494555,-0.16982812,0.6954517,-0.69821584,0.9786694,0.2021353,-0.036708236
1356785505792,0.10289785,-0.690899,-0.715591,-0.17289183,0.69603634,-0.69688,0.97955114,0.19542727,-0.047830164
1356785505832,0.08791625,-0.6911593,-0.717335,-0.17985249,0.69727486,-0.69387376,0.97975695,0.19001725,-0.06300491
1356785505872,0.0706855,-0.69123524,-0.71916425,-0.1933354,0.69780225,-0.6897054,0.9785831,0.18779203,-0.08431572
1356785505912,0.051333837,-0.69162744,-0.72042793,-0.21721311,0.69637716,-0.68401563,0.97477347,0.19159955,-0.11448282
1356785505970,0.030510303,-0.69184536,-0.72140086,-0.25397414,0.6926834,-0.67504585,0.96672976,0.20381302,-0.15457684
1356785505992,0.009073436,-0.69056296,-0.72321546,-0.30059353,0.6879103,-0.6606232,0.95370924,0.22338802,-0.20133704
1356785506032,-0.012438744,-0.6864449,-0.7270754,-0.34721255,0.6848521,-0.6406411,0.9377039,0.24448094,-0.24686098
1356785506070,-0.03330335,-0.6771912,-0.735053,-0.3817994,0.68830204,-0.616822,0.92364496,0.26010054,-0.281474
1356785506113,-0.052553684,-0.65829235,-0.7509257,-0.39731365,0.70366955,-0.58905953,0.91617686,0.2673958,-0.2985289
1356785506152,-0.069842756,-0.62415934,-0.77816916,-0.39286363,0.7342426,-0.553666,0.9169407,0.2670448,-0.29649103
1356785506192,-0.08455145,-0.5701233,-0.8171967,-0.37004235,0.77944714,-0.50550056,0.92515934,0.2596566,-0.27687317
1356785506232,-0.09477809,-0.49485466,-0.8637916,-0.3333201,0.83338857,-0.44086418,0.93803775,0.24613485,-0.24393201
1356785506272,-0.0975343,-0.40136507,-0.9107102,-0.2893531,0.8869802,-0.359918,0.95224047,0.22841246,-0.20264721
1356785506312,-0.09001997,-0.30136797,-0.949249,-0.24625042,0.9302602,-0.27198672,0.9650166,0.20926875,-0.15795398
1356785506380,-0.07119882,-0.21754278,-0.9734505,-0.21120788,0.957086,-0.19843782,0.9748445,0.19147189,-0.114090145
1356785506394,-0.041712344,-0.18205954,-0.9824024,-0.18794517,0.96713495,-0.17125012,0.9812934,0.17749454,-0.074558675
1356785506434,-0.001970619,-0.23267663,-0.9725522,-0.17451549,0.9577096,-0.22877203,0.9846525,0.16927458,-0.042492986
1356785506472,0.045037866,-0.37166414,-0.9272742,-0.16311023,0.91302395,-0.37387475,0.9855794,0.16808644,-0.019501567
1356785506512,0.09212825,-0.54917073,-0.8306166,-0.14749545,0.81743586,-0.5568157,0.98476267,0.17381065,-0.0056912303
1356785506552,0.13013989,-0.69167936,-0.7103826,-0.13085556,0.6982265,-0.70381576,0.9828228,0.18455207,3.5703182E-4
1356785506592,0.157473,-0.78036654,-0.60516983,-0.11817101,0.59352136,-0.7960955,0.98042744,0.19687709,0.0012468696
1356785506632,0.1761432,-0.833191,-0.5241816,-0.10871965,0.51278305,-0.8516065,0.9783423,0.20699349,-2.6100874E-4
1356785506672,0.18737635,-0.86762214,-0.46056697,-0.10015592,0.44955286,-0.887621,0.9771688,0.2124477,-0.0026619434
1356785506712,0.19220562,-0.8931257,-0.40667373,-0.092041135,0.3961674,-0.9135534,0.9770289,0.21302086,-0.0060587525
1356785506752,0.19225998,-0.9143235,-0.3564387,-0.0849337,0.34634852,-0.93425316,0.97766167,0.20989317,-0.011067927
1356785506792,0.1893257,-0.9339266,-0.303211,-0.07854903,0.29340106,-0.952757,0.9787675,0.20419827,-0.017810643
1356785506832,0.18477896,-0.953506,-0.23808184,-0.071594924,0.22854969,-0.97089607,0.9801688,0.1964466,-0.02603501
1356785506872,0.17974329,-0.97233295,-0.14920092,-0.06270966,0.14003694,-0.98815846,0.9817127,0.18697119,-0.035803914
1356785506913,0.1758452,-0.9841661,-0.022259474,-0.05123478,0.013431549,-0.99859625,0.9830836,0.1767388,-0.04806167
1356785506952,0.17614582,-0.9721246,0.1547462,-0.03699398,-0.16363075,-0.9858278,0.9836687,0.16792479,-0.06478566
1356785506992,0.18537033,-0.90798855,0.37575868,-0.019006789,-0.38562727,-0.9224588,0.98248494,0.16385454,-0.08874178
1356785507032,0.20717704,-0.77061284,0.60268867,0.0075252354,-0.6147814,-0.7886617,0.9782746,0.16792795,-0.12156953
1356785507072,0.23782706,-0.572739,0.78447974,0.0496113,-0.7994362,-0.598699,0.9700397,0.18130587,-0.16171324
1356785507112,0.26238203,-0.34293395,0.9019711,0.111075655,-0.91777325,-0.38125375,0.95854986,0.20022115,-0.2027156
1356785507152,0.26291388,-0.10477616,0.95911324,0.1842687,-0.9703342,-0.15651403,0.9470593,0.21788426,-0.23580736
1356785507192,0.23175156,0.120079964,0.9653352,0.25161994,-0.9659798,0.05975283,0.93966943,0.22904977,-0.25408185
1356785507232,0.17711586,0.3101724,0.93403584,0.2957513,-0.92195034,0.25007746,0.9387018,0.23194966,-0.25502592
1356785507272,0.11508083,0.45505667,0.88299483,0.30990058,-0.8609831,0.4033234,0.9437786,0.22722578,-0.24010497
1356785507312,0.0579623,0.55788225,0.8278935,0.2983086,-0.8010782,0.5189274,0.9527079,0.21688955,-0.21285342
1356785507381,0.010609806,0.6282419,0.77794576,0.2702332,-0.7508426,0.60266876,0.9627365,0.20383258,-0.17773816
1356785507394,-0.027428329,0.6756133,0.7367458,0.23440692,-0.7121258,0.6617629,0.9717515,0.19084936,-0.13883595
1356785507433,-0.057094395,0.70600176,0.70590484,0.19897825,-0.68482625,0.7010139,0.9783393,0.1804837,-0.101379186
1356785507473,-0.0808869,0.7242326,0.6847952,0.16869944,-0.6671864,0.7255362,0.982343,0.17421097,-0.06821102
1356785507514,-0.09987301,0.73187006,0.6740857,0.14699861,-0.6591857,0.73747236,0.9840817,0.17274326,-0.041748986
1356785507552,-0.1148957,0.72955036,0.67420715,0.1359227,-0.6607727,0.7381765,0.9840346,0.17645335,-0.023242578
1356785507592,-0.1262458,0.7163967,0.68617624,0.13612723,-0.6726559,0.72732615,0.9826146,0.18522915,-0.012601107
1356785507632,-0.13267428,0.6889529,0.7125598,0.14678732,-0.69733,0.7015586,0.9802301,0.19767347,-0.008611828
1356785507672,-0.13067085,0.63917404,0.7578797,0.16610414,-0.7395147,0.6523246,0.97741216,0.21112676,-0.00953643
1356785507712,-0.1138553,0.5494212,0.82775193,0.1913108,-0.80545217,0.56093407,0.97490364,0.22222319,-0.013405204
1356785507752,-0.073078215,0.3870018,0.9191785,0.2168953,-0.8934167,0.3933993,0.97345567,0.22811443,-0.01864957
1356785507792,-0.00277555,0.11998503,0.9927718,0.22917645,-0.9662762,0.11742355,0.97338086,0.22784583,-0.024815738
1356785507832,0.07845843,-0.20161203,0.976318,0.2107867,-0.9538405,-0.2139095,0.97437835,0.22257784,-0.032339692
1356785507872,0.13525146,-0.44318998,0.8861658,0.17155881,-0.87039953,-0.4614892,0.97584563,0.21444665,-0.041689664
1356785507912,0.16103947,-0.5559292,0.8154808,0.13810264,-0.80544305,-0.5763585,0.97723794,0.20543654,-0.05293283
1356785507952,0.16843152,-0.5652849,0.80751705,0.121701956,-0.8010272,-0.5861263,0.97817147,0.19699858,-0.066121936
1356785507992,0.1664589,-0.48728478,0.85723096,0.123187855,-0.85227203,-0.5083868,0.97832316,0.19022596,-0.081840694
1356785508032,0.15924805,-0.3267408,0.9316011,0.14034386,-0.92656714,-0.34896562,0.97721225,0.18631658,-0.10169795
1356785508072,0.14964014,-0.10644248,0.9829944,0.17020202,-0.9765745,-0.13165699,0.9739811,0.18700878,-0.12801802
1356785508112,0.13928139,0.12693444,0.9820837,0.21128124,-0.9727231,0.09576018,0.96745074,0.19415824,-0.1623011
1356785508153,0.12559104,0.3345436,0.93397397,0.26202083,-0.91918534,0.29401258,0.95685524,0.20779529,-0.20309883
1356785508192,0.10326141,0.5021313,0.85860425,0.3152917,-0.8352271,0.4505407,0.94336003,0.22418734,-0.24456455
