1356785252472,-0.015752167,-0.737664,0.6749842,0.14826709,0.6658815,0.73117614,-0.98882186,0.1115956,0.0988822
1356785252513,0.09105697,-0.073275335,0.99314624,0.11805553,0.99105096,0.06229678,-0.98882335,0.111573845,0.09889263
1356785252553,0.09111315,-0.07327899,0.9931408,0.117898434,0.99106884,0.062309824,-0.9888369,0.11141249,0.09893888
1356785252592,0.09123981,-0.0733293,0.99312544,0.117394686,0.9911232,0.062396247,-0.98888516,0.11089462,0.09903836
1356785252634,0.091449976,-0.07355246,0.99308974,0.116348,0.99122745,0.06270047,-0.98898953,0.10981002,0.099205434
1356785252672,0.091640115,-0.07409696,0.99303156,0.11480166,0.9913646,0.06337832,-0.9891525,0.10819368,0.09935522
1356785252712,0.09150982,-0.07491466,0.9929822,0.1130526,0.9915008,0.064384356,-0.989366,0.106367424,0.09920138
1356785252754,0.09073043,-0.0756465,0.99299824,0.111324556,0.99163175,0.06537064,-0.9896337,0.10461398,0.09839249
1356785252792,0.089232355,-0.07580444,0.99312204,0.10975449,0.99177575,0.06584019,-0.98994523,0.10312451,0.09681839
1356785252832,0.08717406,-0.07493579,0.9933707,0.10838545,0.99196076,0.06531797,-0.9902794,0.10197289,0.094595194
1356785252871,0.08481005,-0.072797135,0.99373436,0.10725066,0.99220014,0.06353146,-0.9906082,0.10119054,0.09195608
1356785252914,0.082101285,-0.072685376,0.9939699,0.10670629,0.9922451,0.06374537,-0.99089515,0.100829266,0.08922058
1356785252951,0.080557436,-0.0646812,0.9946491,0.106037766,0.9927856,0.055971924,-0.9910936,0.10096142,0.08683491
1356785252992,0.078893304,-0.06460328,0.99478745,0.10652379,0.9927307,0.056021657,-0.9911753,0.101548806,0.08520156
1356785253034,0.07932398,-0.053751953,0.9953987,0.10643496,0.99329376,0.045156408,-0.99115056,0.10236323,0.08451313
1356785253080,0.08043784,-0.04489264,0.9957482,0.10632788,0.9936716,0.036209714,-0.99107224,0.10296315,0.084702134
1356785253112,0.08186209,-0.037031483,0.99595535,0.10551511,0.9940153,0.028286587,-0.9910424,0.10277276,0.085279524
1356785253152,0.08265093,-0.029860176,0.9961311,0.10329563,0.9944239,0.021238368,-0.99121076,0.10114062,0.08527452
1356785253192,0.081525534,-0.023369398,0.99639726,0.099328294,0.9949385,0.01520811,-0.99170935,0.097730584,0.083434105
1356785253232,0.077206254,-0.017759494,0.9968569,0.093896575,0.99552697,0.010463543,-0.99258375,0.092793606,0.078528464
1356785253272,0.06868899,-0.013344526,0.9975489,0.087565154,0.9961321,0.007296033,-0.9937878,0.08684936,0.06959182
1356785253312,0.05551526,-0.010480966,0.99840283,0.0806164,0.9967273,0.0059807748,-0.995198,0.08015561,0.05617851
1356785253352,0.037845016,-0.009504613,0.99923843,0.07283014,0.99732167,0.0067280233,-0.9966261,0.072520055,0.038435876
1356785253407,0.012291998,-0.0105329845,0.999869,0.06177309,0.9980426,0.009754326,-0.99801457,0.061645094,0.0129185915
1356785253444,-0.013986379,-0.015445739,0.9997828,0.04919,0.9986594,0.016116524,-0.99869144,0.049404733,-0.013207853
1356785253484,-0.04006833,-0.022486703,0.99894387,0.034489963,0.9991198,0.023874078,-0.9986015,0.035410132,-0.039257526
1356785253524,-0.06536183,-0.032384276,0.997336,0.018151792,0.9992693,0.033636656,-0.99769646,0.020301986,-0.06472623
1356785253564,-0.08987224,-0.045850147,0.99489737,0.0013082698,0.99893343,0.046154335,-0.9959525,0.0054495875,-0.089716434
1356785253594,-0.11188653,-0.06338945,0.9916972,-0.014325,0.9979626,0.062173747,-0.9936178,-0.007249661,-0.11256659
1356785253634,-0.13508531,-0.08183623,0.9874487,-0.029181264,0.99647963,0.07859263,-0.99040425,-0.018198293,-0.13699788
1356785253664,-0.15647572,-0.10556126,0.98202455,-0.043477908,0.99404454,0.09992557,-0.9867244,-0.027060457,-0.16013342
1356785253704,-0.17981249,-0.12928963,0.9751676,-0.05752775,0.99101067,0.120782524,-0.98201734,-0.03438099,-0.18563384
1356785253734,-0.20151955,-0.15667154,0.9668732,-0.07243733,0.9868053,0.14480364,-0.9768023,-0.040856943,-0.21020943
1356785253764,-0.22245824,-0.18226293,0.9577539,-0.088111065,0.98210835,0.16643202,-0.9709525,-0.047364537,-0.23453748
1356785253804,-0.24585599,-0.2059879,0.9471662,-0.10661381,0.9769767,0.18479729,-0.9634253,-0.055547476,-0.26215672
1356785253834,-0.2671943,-0.22971907,0.9358613,-0.12570658,0.9711808,0.20249867,-0.9554083,-0.06353745,-0.2883712
1356785253864,-0.2866199,-0.2502401,0.9247859,-0.1434899,0.96560967,0.2168147,-0.9472379,-0.07055404,-0.31266987
1356785253904,-0.30485106,-0.26761752,0.9140277,-0.15784776,0.9606343,0.22861724,-0.9392283,-0.07458301,-0.3350932
1356785253944,-0.31813872,-0.28242153,0.90500045,-0.16525315,0.9565032,0.24040174,-0.93353045,-0.07307307,-0.35097176
1356785253974,-0.32526362,-0.29385692,0.89880574,-0.16645563,0.95344085,0.25148177,-0.9308578,-0.067813404,-0.35903376
1356785254014,-0.32081842,-0.30206603,0.8976813,-0.1563552,0.95166725,0.26435298,-0.934146,-0.05554785,-0.35254198
1356785254053,-0.30488133,-0.3056751,0.90200335,-0.1359368,0.95136404,0.2764554,-0.94263905,-0.03832934,-0.33160567
1356785254084,-0.28452778,-0.30433965,0.90907717,-0.11167751,0.95233744,0.28386885,-0.9521408,-0.020754889,-0.30495435
1356785254124,-0.2531218,-0.29987103,0.9197862,-0.07998182,0.9539797,0.28900814,-0.96412253,-4.119426E-4,-0.26545727
1356785254154,-0.22005218,-0.28929594,0.9316034,-0.047727264,0.95706177,0.2859281,-0.97431976,0.01845622,-0.22441083
1356785254184,-0.18532583,-0.2760303,0.94311273,-0.01705657,0.96049714,0.27776664,-0.98252904,0.035391055,-0.18271309
1356785254224,-0.14501345,-0.25977585,0.95471865,0.0130890235,0.96432996,0.2643792,-0.9893431,0.05083488,-0.13644063
1356785254254,-0.10699996,-0.23801024,0.9653508,0.038522974,0.96920335,0.24323002,-0.99351245,0.063213795,-0.09453583
1356785254284,-0.07227683,-0.21535653,0.9738571,0.057990193,0.9738516,0.21965918,-0.9956973,0.07235041,-0.057898343
1356785254313,-0.04173401,-0.1922421,0.98045975,0.071517035,0.9782227,0.19484766,-0.9965659,0.07825135,-0.027076602
1356785254344,-0.015973657,-0.16921748,0.98544925,0.079562575,0.9822347,0.16995516,-0.9967019,0.08111969,-0.002226472
1356785254408,0.00453794,-0.14676839,0.98916054,0.081518374,0.98593277,0.1459155,-0.99666154,0.079972595,0.016438425
1356785254424,0.019652635,-0.12319346,0.99218804,0.07893136,0.9894736,0.12129299,-0.9966863,0.07593103,0.02916962
1356785254483,0.029581606,-0.10011715,0.99453574,0.073310256,0.9925089,0.09773255,-0.99687034,0.0700186,0.036699593
1356785254504,0.03520164,-0.07846201,0.9962954,0.06608937,0.9949138,0.0760181,-0.99719256,0.06316858,0.0402081
1356785254543,0.038021892,-0.058737084,0.99754924,0.05839903,0.9966954,0.056460917,-0.997569,0.056109145,0.041326463
1356785254580,0.039521247,-0.04072641,0.99838847,0.05213894,0.9978919,0.038642235,-0.9978575,0.05052772,0.041561365
1356785254623,0.04011035,-0.02505488,0.99888116,0.04861375,0.99855065,0.02309449,-0.998012,0.047633022,0.041270256
1356785254662,0.039284974,-0.011928465,0.99915683,0.048189033,0.9987878,0.010029359,-0.99806535,0.0477544,0.039812148
1356785254702,0.03605151,-0.0017284304,0.9993484,0.04944607,0.9987768,-5.632639E-5,-0.9981259,0.049415883,0.036092877
1356785254742,0.029431999,0.0053138062,0.99955255,0.050311,0.9987105,-0.006790744,-0.9982998,0.05048836,0.029126704
1356785254783,0.018767327,0.009114938,0.99978226,0.049467035,0.9987253,-0.010033863,-0.99859935,0.049644575,0.018292487
1356785254822,0.0038321912,0.009672482,0.9999459,0.04672049,0.99885947,-0.009841025,-0.99890065,0.046755675,0.0033758879
1356785254862,-0.015740037,0.0068329833,0.9998528,0.042649683,0.9990711,-0.006156234,-0.9989661,0.042546503,-0.016016841
1356785254902,-0.040682137,2.2881664E-4,0.99917203,0.0380819,0.9992737,0.0013216995,-0.99844605,0.038104143,-0.040661335
1356785254942,-0.07195544,-0.010530785,0.9973523,0.033108518,0.99936795,0.01294073,-0.9968582,0.03395201,-0.07156134
1356785254982,-0.1098969,-0.025626007,0.9936126,0.02598963,0.9992517,0.028645983,-0.99360317,0.028971726,-0.10914862
1356785255022,-0.15356612,-0.043688238,0.98717207,0.0141319055,0.99882287,0.04640224,-0.9880373,0.021076435,-0.15276796
1356785255062,-0.20011902,-0.06370372,0.97769845,-0.005917549,0.9979444,0.06381166,-0.97975373,0.006984351,-0.20008463
1356785255102,-0.24461493,-0.083350755,0.9660311,-0.03298247,0.9964371,0.077622525,-0.9690591,-0.012874462,-0.2464925
1356785255142,-0.28107274,-0.10052836,0.9544066,-0.06057699,0.99437374,0.08689819,-0.9577726,-0.033390366,-0.28558105
1356785255182,-0.30430543,-0.11368175,0.94576675,-0.08035596,0.9923779,0.09342948,-0.94917923,-0.0475669,-0.311121
1356785255222,-0.31177145,-0.1218771,0.94230807,-0.08810953,0.9911744,0.099045545,-0.94606304,-0.052146748,-0.31975842
1356785255262,-0.30331516,-0.12453669,0.9447173,-0.08400154,0.9910576,0.10367557,-0.9491806,-0.04791134,-0.31106406
1356785255302,-0.2804924,-0.1212347,0.95216924,-0.06958641,0.99194956,0.10580078,-0.9573305,-0.036581725,-0.28667057
1356785255343,-0.24577415,-0.111715734,0.962868,-0.046798006,0.99354565,0.10332979,-0.96819687,-0.019664515,-0.24941587
1356785255417,-0.20288801,-0.096029356,0.97448176,-0.018928207,0.99537826,0.09414771,-0.979019,6.5625086E-4,-0.20376801
1356785255418,-0.16033775,-0.07530981,0.98418504,0.007678587,0.9969598,0.07753828,-0.98703235,0.019989466,-0.15927202
1356785255439,-0.118665606,-0.053883802,0.9914712,0.031222384,0.99783015,0.05796629,-0.9924433,0.037834693,-0.11672574
1356785255469,-0.078489006,-0.031698912,0.9964109,0.051219463,0.9980461,0.035785582,-0.9955984,0.05384441,-0.07671201
1356785255513,-0.037960023,-0.008565582,0.99924266,0.06808131,0.9976176,0.011137979,-0.9969574,0.068452545,-0.03728646
1356785255552,-0.0014646351,0.019809872,0.99980277,0.08027286,0.9965797,-0.019628417,-0.9967719,0.08022827,-0.0030497909
1356785255592,0.027875066,0.051155165,0.99830157,0.086355105,0.9948329,-0.053388663,-0.99587435,0.08769665,0.023313522
1356785255632,0.048988104,0.08474217,0.99519783,0.08544685,0.9923858,-0.08870879,-0.99513763,0.0893822,0.041374147
1356785255672,0.062601894,0.11985324,0.99081594,0.07755616,0.989177,-0.12455516,-0.9950207,0.08464127,0.052628994
1356785255712,0.070319295,0.1556263,0.9853099,0.06512369,0.9849316,-0.16021428,-0.99539644,0.07543317,0.05912471
1356785255752,0.073593676,0.19102348,0.9788227,0.05212368,0.97940606,-0.19505627,-0.9959252,0.06537475,0.062121272
1356785255792,0.07371095,0.22462541,0.9716533,0.042616308,0.97270435,-0.22810131,-0.9963687,0.058221847,0.06212628
1356785255832,0.07170004,0.25406033,0.9645271,0.038332954,0.9655996,-0.25719243,-0.9966894,0.05541388,0.059494615
1356785255872,0.0677945,0.27594885,0.9587785,0.038581483,0.9595455,-0.2788977,-0.9969531,0.05589883,0.05440539
1356785255912,0.06177181,0.28613228,0.95619696,0.041538008,0.95645946,-0.28889424,-0.9972256,0.057564043,0.047196865
1356785255952,0.052961618,0.2807775,0.95831054,0.045795895,0.9579647,-0.28320712,-0.9975459,0.058885798,0.037876904
1356785255993,0.040262282,0.2567672,0.9656342,0.050582632,0.964655,-0.25861585,-0.9979079,0.05925677,0.02585125
1356785256032,0.02208358,0.21385083,0.9766166,0.055332787,0.97509617,-0.21476907,-0.99822366,0.058781773,0.009700656
1356785256072,-0.003528297,0.155821,0.98777896,0.05899337,0.9860972,-0.15534498,-0.9982521,0.057724312,-0.012671649
1356785256112,-0.038337052,0.090103775,0.99519426,0.05929549,0.9943766,-0.087745555,-0.99750406,0.05564662,-0.043464184
1356785256152,-0.0834524,0.026543155,0.9961582,0.052679546,0.9983649,-0.022188764,-0.9951183,0.050625455,-0.084714234
1356785256192,-0.13776362,-0.02747782,0.9900839,0.03555918,0.9988335,0.032668468,-0.9898266,0.0397071,-0.13662583
1356785256232,-0.19591725,-0.069794655,0.97813344,0.0077206306,0.9973232,0.07271036,-0.98059,0.021797024,-0.19485396
1356785256272,-0.24911559,-0.10311848,0.96296835,-0.025244579,0.9946689,0.09998244,-0.96814466,5.974546E-4,-0.2503907
1356785256312,-0.28762412,-0.1338547,0.9483434,-0.055193532,0.99085635,0.123115495,-0.9561516,-0.016931426,-0.29238206
1356785256352,-0.30512118,-0.16785389,0.9374039,-0.07762572,0.985452,0.15119064,-0.9491445,-0.026635192,-0.31371206
1356785256405,-0.29133102,-0.21450588,0.9322625,-0.088462465,0.97640085,0.19701731,-0.9525232,-0.025072984,-0.30343157
1356785256443,-0.264054,-0.26373708,0.927749,-0.0896329,0.9644359,0.24865516,-0.960334,-0.017498448,-0.27830267
1356785256483,-0.22590774,-0.3121454,0.9227843,-0.0774386,0.95002913,0.30240354,-0.9710659,-0.003143847,-0.23879105
1356785256524,-0.1829406,-0.3558634,0.9164573,-0.05222453,0.9343904,0.35240194,-0.9817358,0.016607076,-0.18952274
1356785256563,-0.14004707,-0.39224353,0.90913796,-0.017223597,0.91901296,0.3938509,-0.989995,0.039499044,-0.13546091
1356785256602,-0.10031378,-0.41994804,0.9019871,0.022544995,0.9053678,0.42402935,-0.9947003,0.06287134,-0.08135313
1356785256642,-0.06543991,-0.4384969,0.89634705,0.06132041,0.8948077,0.44222063,-0.9959706,0.08390324,-0.031667292
1356785256682,-0.036054224,-0.44816822,0.893222,0.09395665,0.8883238,0.4495031,-0.99492335,0.10013059,0.010080516
1356785256722,-0.012019068,-0.44977146,0.8930628,0.11664033,0.8863995,0.44798544,-0.9931014,0.10955152,0.04180777
1356785256762,0.007351339,-0.4445272,0.89573514,0.12746102,0.88886935,0.44007382,-0.9918163,0.110936195,0.063194275
1356785256802,0.02287376,-0.4338678,0.9006862,0.12691177,0.89489335,0.4278543,-0.9916503,0.10452102,0.075532496
1356785256843,0.035140067,-0.4192122,0.90720797,0.11780217,0.9031776,0.41278678,-0.9924152,0.09236573,0.08112186
1356785256882,0.0441378,-0.40181088,0.91465837,0.1048478,0.91235757,0.39574057,-0.9935084,0.07843281,0.082398474
1356785256922,0.049205303,-0.3831149,0.92238915,0.092692345,0.9212739,0.37770694,-0.9944782,0.06691326,0.08084339
1356785256962,0.04991257,-0.36533362,0.9295376,0.084211305,0.92892283,0.36057016,-0.9951971,0.06028059,0.07713014
1356785257002,0.046441436,-0.35181636,0.9349163,0.07944928,0.9342621,0.3476236,-0.99575657,0.058134273,0.071340024
1356785257042,0.039091527,-0.346035,0.93740684,0.07671729,0.9363943,0.34246197,-0.9962862,0.058527976,0.063151956
1356785257082,0.027942713,-0.35014194,0.93627983,0.07433128,0.9347802,0.34736276,-0.9968421,0.0598886,0.052146792
1356785257122,0.0128775835,-0.36393285,0.93133616,0.07117312,0.9293845,0.36218613,-0.99738085,0.061622024,0.037870467
1356785257162,-0.0064771473,-0.384624,0.92305064,0.06635323,0.9208703,0.3841811,-0.9977752,0.06373578,0.019556463
1356785257202,-0.030705456,-0.4079312,0.91249615,0.05883394,0.91060615,0.40906602,-0.9977954,0.06624633,-0.003960371
1356785257243,-0.060391873,-0.42978063,0.9009114,0.04695651,0.9003364,0.43265402,-0.99706966,0.068432465,-0.034192026
1356785257282,-0.09538304,-0.4480477,0.8889068,0.027976707,0.8914189,0.45231593,-0.9950474,0.068011954,-0.07249135
1356785257322,-0.13400796,-0.4626177,0.8763714,-0.0017610639,0.8844577,0.46661705,-0.9909787,0.060987055,-0.11933905
1356785257362,-0.17255467,-0.47504842,0.86287534,-0.044511437,0.8788814,0.4749592,-0.98399365,0.0435486,-0.17280018
1356785257408,-0.2058101,-0.48763508,0.8484422,-0.09626217,0.8728864,0.47833344,-0.97384584,0.016772985,-0.22658968
1356785257443,-0.22892582,-0.5021826,0.83390987,-0.14525802,0.86469096,0.48084265,-0.96254516,-0.011054769,-0.27089614
1356785257482,-0.2393381,-0.51906466,0.8205419,-0.18015665,0.8541697,0.4877885,-0.9540759,-0.031079695,-0.2979483
1356785257523,-0.23698813,-0.5375496,0.8092447,-0.19613476,0.8422953,0.50206554,-0.9515081,-0.03973742,-0.30504614
1356785257560,-0.22392547,-0.55603695,0.80042505,-0.19360599,0.8302912,0.5226215,-0.9551828,-0.037938863,-0.29357547
1356785257603,-0.20270771,-0.57306004,0.7940478,-0.17441024,0.8190453,0.5465765,-0.9635822,-0.027694792,-0.26597434
1356785257642,-0.17679206,-0.58701146,0.7900393,-0.14240743,0.8094925,0.5695981,-0.9738915,-0.011807054,-0.22670662
1356785257682,-0.14862645,-0.5972179,0.7881884,-0.10112621,0.8020413,0.5886453,-0.98370916,0.007781744,-0.17959893
1356785257722,-0.12058151,-0.6029099,0.78864425,-0.054852784,0.7972738,0.60112035,-0.9911868,0.029224604,-0.12920779
1356785257762,-0.09430111,-0.6036312,0.79166704,-0.00845778,0.79566777,0.60567427,-0.9955078,0.050420016,-0.08013773
1356785257802,-0.07046485,-0.599254,0.79745185,0.033351272,0.7975767,0.6022948,-0.9969566,0.06903663,-0.036215246
1356785257842,-0.04891696,-0.5899971,0.80592215,0.06679654,0.8031493,0.59202147,-0.9965668,0.08279273,1.2212992E-4
1356785257882,-0.028855897,-0.5764604,0.8166154,0.08947222,0.8121868,0.57649577,-0.9955712,0.089699686,0.028140843
1356785257922,-0.009372771,-0.5595685,0.82873106,0.10067719,0.8240282,0.5575317,-0.99487495,0.08865994,0.048612356
1356785257962,0.009658806,-0.5399693,0.84162915,0.10172981,0.8378322,0.53636575,-0.99476504,0.08043815,0.06302345
1356785258002,0.02718404,-0.5177549,0.85509694,0.09582159,0.8528236,0.51333225,-0.9950272,0.06798233,0.07279527
1356785258042,0.041223645,-0.49246097,0.8693577,0.08725746,0.8685474,0.48786432,-0.9953325,0.05574639,0.078775585
1356785258082,0.049937487,-0.46359766,0.88463753,0.080061,0.8847503,0.45913738,-0.9955383,0.047896788,0.08129829
1356785258122,0.05275213,-0.43138897,0.9006224,0.0760975,0.90099233,0.42710888,-0.995704,0.04600422,0.080356896
1356785258162,0.05007428,-0.39702535,0.9164407,0.07440062,0.91652507,0.39299667,-0.9959705,0.048504695,0.075433254
1356785258202,0.042389717,-0.36238325,0.9310648,0.07282859,0.93054396,0.3588648,-0.99644333,0.052595943,0.06583738
1356785258242,0.030129854,-0.3298191,0.9435632,0.070164055,0.94236106,0.32715845,-0.9970803,0.056346998,0.051534653
1356785258282,0.013431791,-0.30155075,0.95335555,0.06639381,0.95160633,0.30006206,-0.9977031,0.05926653,0.03280288
1356785258322,-0.008004548,-0.27895314,0.9602714,0.061775103,0.95833,0.2789041,-0.998058,0.061553366,0.00956136
1356785258362,-0.03499642,-0.2621497,0.9643925,0.055936024,0.9629571,0.26378936,-0.9978209,0.06317596,-0.019036412
1356785258409,-0.06851447,-0.25016966,0.9657748,0.047416903,0.96613896,0.25362787,-0.99652267,0.06317123,-0.054332256
1356785258443,-0.10892555,-0.24144173,0.9642827,0.033844076,0.96859145,0.24634361,-0.9934736,0.05946839,-0.097332954
1356785258484,-0.15564841,-0.23401721,0.9596925,0.012599498,0.97098356,0.23881397,-0.9877322,0.049262643,-0.14818358
1356785258524,-0.20559698,-0.2263394,0.95210314,-0.016957723,0.97356504,0.2277796,-0.9784899,0.030685306,-0.20400023
1356785258563,-0.25321388,-0.21738613,0.9426696,-0.05080176,0.97606933,0.21144229,-0.9660755,0.005650848,-0.2581979
1356785258603,-0.29147577,-0.20677808,0.93396187,-0.07980003,0.97820985,0.19167012,-0.95324385,-0.018662997,-0.30162537
1356785258643,-0.31437236,-0.19438303,0.9291853,-0.09595878,0.98030466,0.1726112,-0.9444374,-0.034899287,-0.3268335
1356785258683,-0.31904703,-0.17956926,0.9305718,-0.09735669,0.98290163,0.15628839,-0.9427252,-0.040734045,-0.33107412
1356785258723,-0.30591363,-0.16086031,0.9383713,-0.08569667,0.98627436,0.14113456,-0.9481945,-0.037240315,-0.31549996
1356785258763,-0.2775181,-0.13607968,0.95103425,-0.06311779,0.9903616,0.12328869,-0.9586448,-0.025812339,-0.2834323
1356785258803,-0.23726991,-0.10292293,0.9659762,-0.03230298,0.99465764,0.09804441,-0.97090656,-0.007940922,-0.23932707
1356785258842,-0.18850458,-0.05964811,0.98025924,0.002801098,0.9981171,0.061273403,-0.98206836,0.01429612,-0.18798256
1356785258882,-0.13441718,-0.005548781,0.9909093,0.037201285,0.9992511,0.01064186,-0.9902262,0.038293548,-0.1341101
1356785258922,-0.07856229,0.059015144,0.9951608,0.06570472,0.99638224,-0.05390056,-0.99474156,0.06115221,-0.082155645
1356785258962,-0.024861127,0.13256073,0.990863,0.08433065,0.98791456,-0.13005039,-0.99612767,0.080326915,-0.0357396
1356785259002,0.022765964,0.21312457,0.9767597,0.09115154,0.97250104,-0.21431987,-0.99557674,0.09391235,0.002713263
1356785259042,0.06116405,0.29846787,0.9524578,0.08626141,0.9490935,-0.30295306,-0.9943932,0.1006902,0.032304168
1356785259082,0.08846697,0.3862018,0.9181621,0.071230456,0.9169636,-0.39256084,-0.99352896,0.10012977,0.053611636
1356785259122,0.10445818,0.47385144,0.8743874,0.04889828,0.8756869,-0.48039728,-0.9933264,0.092937484,0.068302155
1356785259162,0.110693865,0.55842054,0.82213944,0.023254097,0.82554144,-0.5638622,-0.9935824,0.08153421,0.0783968
1356785259202,0.11034715,0.63654256,0.7633067,-8.0800056E-4,0.76805395,-0.6403846,-0.9938927,0.070047855,0.08526689
1356785259242,0.10746084,0.7050538,0.70096457,-0.0190036,0.70637506,-0.7075826,-0.99402773,0.06271663,0.089306176
1356785259282,0.104994535,0.7619724,0.63904154,-0.029714555,0.6447101,-0.7638494,-0.9940288,0.06121117,0.09033269
1356785259322,0.10334355,0.8065393,0.58207756,-0.033603042,0.58770806,-0.80837494,-0.99407786,0.0639807,0.08783805
1356785259362,0.10136488,0.83910733,0.53443813,-0.031640768,0.53965247,-0.8412931,-0.994346,0.06836754,0.0812518
1356785259410,0.09808695,0.86049545,0.49992645,-0.024053007,0.504252,-0.8632215,-0.9948871,0.07264605,0.070158064
1356785259444,0.093030944,0.8714231,0.48162952,-0.010556787,0.48456347,-0.87469244,-0.99560726,0.07628897,0.05427885
1356785259483,0.08537109,0.8721968,0.48164776,0.00923726,0.48269898,-0.8757376,-0.9963064,0.07921177,0.033151865
1356785259524,0.0729716,0.86265564,0.5005001,0.03558585,0.49926633,-0.8657175,-0.996699,0.08098352,0.005733907
1356785259563,0.052100748,0.84257495,0.5360532,0.06779379,0.53255975,-0.84367305,-0.9963381,0.08029711,-0.0293746
1356785259603,0.01797989,0.8139189,0.58070016,0.10358608,0.5761523,-0.81075174,-0.99445796,0.07472968,-0.07395148
1356785259642,-0.032281116,0.78192955,0.62253046,0.13873482,0.620331,-0.7719729,-0.9898033,0.061446488,-0.12850583
1356785259682,-0.09573792,0.7543361,0.64947,0.1688622,0.6553179,-0.7362364,-0.98097897,0.039185166,-0.1901176
1356785259723,-0.16138124,0.73501277,0.6585684,0.19136548,0.677956,-0.709757,-0.96816075,0.011485785,-0.25006545
1356785259762,-0.21470511,0.72017884,0.65973026,0.20437932,0.6936578,-0.690701,-0.9550553,-0.013461828,-0.29612154
1356785259802,-0.24662524,0.70252705,0.6675565,0.20538133,0.7110765,-0.6724498,-0.9470979,-0.028739482,-0.31965536
1356785259842,-0.25563455,0.6761346,0.69100857,0.19339293,0.73607457,-0.64868593,-0.94723284,-0.032190353,-0.31892574
1356785259882,-0.24324572,0.636657,0.7317782,0.17102362,0.7707693,-0.6137309,-0.95476824,-0.024136037,-0.29636973
1356785259922,-0.21309131,0.58361226,0.7835744,0.14511938,0.8120044,-0.5653223,-0.9661948,-0.0067534745,-0.25772452
1356785259962,-0.1693292,0.5190479,0.83780485,0.12220727,0.85457766,-0.5047399,-0.9779535,0.01691863,-0.20813638
1356785260002,-0.11793676,0.45034128,0.88503313,0.10669018,0.89184064,-0.43958795,-0.9872731,0.04258074,-0.15322775
1356785260042,-0.06522137,0.38695127,0.91979074,0.098932266,0.9197194,-0.3799061,-0.9929545,0.06621897,-0.09826732
1356785260082,-0.016249508,0.3376479,0.94113225,0.096283,0.9374107,-0.33465034,-0.99522144,0.08517712,-0.047742188
1356785260122,0.025776923,0.3087252,0.95080197,0.09499853,0.9460571,-0.30976003,-0.99514365,0.09830943,-0.004942
1356785260162,0.05928296,0.30337316,0.9510259,0.09156065,0.947033,-0.30780694,-0.9940333,0.10532424,0.02836585
1356785260202,0.08385664,0.32149294,0.9431915,0.08333463,0.9409471,-0.32813695,-0.99298704,0.10611696,0.052113175
1356785260242,0.09980717,0.36042753,0.92743224,0.069172114,0.9273178,-0.36782718,-0.99259955,0.10086425,0.06762141
1356785260282,0.108118,0.4153617,0.9032082,0.049849898,0.905126,-0.42221084,-0.99288744,0.09067342,0.077154696
1356785260322,0.11044872,0.4797697,0.870415,0.028024152,0.8739215,-0.48525852,-0.99348664,0.0779888,0.083078384
1356785260362,0.10899965,0.5463679,0.8304223,0.00783512,0.8349017,-0.5503434,-0.9940109,0.06649372,0.08672315
1356785260411,0.10625329,0.6078217,0.7869327,-0.0065843463,0.79182553,-0.6107119,-0.9943173,0.059708714,0.088136196
1356785260444,0.103874445,0.6585561,0.7453281,-0.01322037,0.75022995,-0.66104484,-0.9945026,0.05881217,0.08663607
1356785260482,0.101325646,0.6959766,0.71087956,-0.012171209,0.71537083,-0.69863904,-0.9947789,0.062137812,0.08095628
1356785260522,0.096502244,0.7192811,0.6879841,-0.004105717,0.6914919,-0.72237253,-0.99532425,0.06688589,0.06968367
1356785260560,0.087641045,0.72681904,0.6812144,0.010340959,0.6831451,-0.73020947,-0.99609846,0.07104072,0.052355528
1356785260602,0.0733439,0.71640617,0.6938176,0.030460775,0.69375753,-0.7195642,-0.99684143,0.07390991,0.029060602
1356785260642,0.052162558,0.6843633,0.7272729,0.05448842,0.725229,-0.68634814,-0.99715096,0.07542962,5.398989E-4
1356785260682,0.022015065,0.63029516,0.7760435,0.07945147,0.7726735,-0.629812,-0.9965957,0.07552317,-0.033067405
1356785260722,-0.018625826,0.5565945,0.83057547,0.10102795,0.8275155,-0.55227834,-0.99470925,0.07362467,-0.07164478
1356785260762,-0.069729686,0.4751951,0.8771131,0.11436014,0.8772644,-0.46618557,-0.9909892,0.06779982,-0.115514755
1356785260802,-0.12919375,0.40301746,0.90602756,0.11583294,0.91356325,-0.3898524,-0.98483086,0.05458133,-0.16470933
1356785260842,-0.19293785,0.35241002,0.91574126,0.104865186,0.9353373,-0.33785716,-0.97559124,0.030843943,-0.21741748
1356785260882,-0.25448942,0.3226415,0.9116675,0.084874585,0.94651943,-0.31128317,-0.9633439,-0.0018408746,-0.26826328
1356785260922,-0.30469352,0.30004823,0.903954,0.06135436,0.9532945,-0.2957452,-0.95047224,-0.034650132,-0.30887192
1356785260963,-0.33488393,0.2673552,0.9035341,0.036963925,0.9618911,-0.27092278,-0.9415341,-0.057329528,-0.33200437
1356785261002,-0.34090647,0.21455187,0.9152871,0.011876322,0.97451407,-0.2240118,-0.9400223,-0.06549682,-0.33476627
1356785261042,-0.32340008,0.14167927,0.93559575,-0.011088461,0.98809236,-0.15346181,-0.9461974,-0.06000388,-0.31797814
1356785261082,-0.2866928,0.056065388,0.95638067,-0.025319746,0.997494,-0.06606562,-0.9576879,-0.043155853,-0.28455478
1356785261122,-0.23816547,-0.030736398,0.9707381,-0.024689104,0.9993677,0.025585555,-0.9709107,-0.01787306,-0.23877376
1356785261162,-0.18572092,-0.10809071,0.97663915,-0.008145589,0.9940663,0.10847048,-0.98256874,0.01218994,-0.18549937
1356785261202,-0.13504621,-0.1695764,0.97622055,0.019994788,0.98457897,0.17379433,-0.9906376,0.042989574,-0.12957305
1356785261242,-0.088935316,-0.2125289,0.97309905,0.052766606,0.9745933,0.21767777,-0.9946386,0.0707064,-0.07546133
1356785261282,-0.048152357,-0.2361294,0.9705279,0.08334172,0.9673169,0.23948315,-0.99535704,0.09241712,-0.026899159
1356785261322,-0.012573957,-0.23978305,0.97074515,0.10626569,0.9650035,0.23974127,-0.99425834,0.10617136,0.013346791
1356785261362,0.018190145,-0.22257188,0.9747466,0.11760948,0.968616,0.21897727,-0.99289334,0.1106562,0.043795824
1356785261412,0.04447159,-0.18347615,0.9820177,0.11518537,0.9773762,0.17739269,-0.992348,0.10522515,0.064599276
1356785261444,0.0661405,-0.120934285,0.9904546,0.0995486,0.98847544,0.11404499,-0.9928321,0.091055386,0.077417076
1356785261483,0.08202386,-0.033725187,0.99605966,0.07438503,0.99684685,0.027626354,-0.9938506,0.07182591,0.084273875
1356785261523,0.0903427,0.07653813,0.9929653,0.046140585,0.9956502,-0.08094308,-0.9948413,0.05312862,0.08641821
1356785261564,0.090559006,0.19848388,0.97591144,0.022230312,0.9792909,-0.20123404,-0.99564296,0.039918385,0.08427125
1356785261603,0.084373355,0.30991614,0.9470128,0.0077272505,0.95016956,-0.31163764,-0.9964043,0.03361173,0.07777417
1356785261642,0.07402456,0.3899176,0.91786957,0.0038163215,0.9202773,-0.39124817,-0.9972491,0.032464862,0.06663507
1356785261682,0.060816612,0.42603642,0.9026596,0.008722886,0.90407217,-0.4272908,-0.99811083,0.033860162,0.051266372
1356785261722,0.044473823,0.41446596,0.90897745,0.019229174,0.90935403,-0.41557848,-0.9988255,0.035961255,0.03247261
1356785261762,0.023529233,0.3570444,0.93379104,0.031501427,0.933321,-0.35765845,-0.9992267,0.037831172,0.010712922
1356785261802,-0.003807812,0.26652658,0.9638201,0.041536674,0.9630374,-0.26614606,-0.9991298,0.039020456,-0.014737725
1356785261842,-0.038549036,0.16500351,0.9855394,0.045860246,0.98552537,-0.16320735,-0.9982038,0.038905602,-0.045558155
1356785261882,-0.08105633,0.0769474,0.99373484,0.042146817,0.9963883,-0.07371506,-0.995818,0.03590769,-0.08400667
1356785261922,-0.13135731,0.016609715,0.9911959,0.028868424,0.9994997,-0.012923106,-0.9909147,0.02691672,-0.13177109
1356785261962,-0.18746805,-0.016003031,0.98214036,0.005576967,0.9998338,0.017355844,-0.9822549,0.00873103,-0.18734765
1356785262002,-0.24264753,-0.03367896,0.96952975,-0.024974434,0.99928284,0.02846207,-0.96979296,-0.017307205,-0.24331462
1356785262042,-0.28583482,-0.057004746,0.9565819,-0.057878513,0.99743366,0.0421446,-0.95652944,-0.04331914,-0.28840065
1356785262082,-0.3070194,-0.10420316,0.94598126,-0.09060515,0.9926733,0.07994041,-0.9473804,-0.06116752,-0.3142113
1356785262122,-0.3019499,-0.18300292,0.9355941,-0.12142479,0.9807917,0.15265547,-0.94555926,-0.067509994,-0.31837106
1356785262162,-0.27311677,-0.28824577,0.9177808,-0.14463747,0.955512,0.25705418,-0.95104533,-0.0625397,-0.30265749
1356785262202,-0.22928599,-0.4046971,0.885239,-0.1517658,0.9132091,0.378175,-0.96145463,-0.047638774,-0.27080524
1356785262242,-0.18220639,-0.5151429,0.8375134,-0.13824588,0.85673237,0.496888,-0.97349316,-0.02524659,-0.22731853
1356785262282,-0.14109194,-0.60853577,0.7808825,-0.10643664,0.7935252,0.59915686,-0.9842583,0.0014217198,-0.17673051
1356785262322,-0.110033244,-0.681131,0.7238461,-0.06339854,0.7315949,0.67878526,-0.9919039,0.028798163,-0.1236825
1356785262362,-0.08865364,-0.7335093,0.67387295,-0.016938448,0.6775491,0.7352824,-0.9959185,0.05377111,-0.072491705
1356785262413,-0.07432595,-0.76746976,0.636762,0.026352137,0.63679373,0.77058375,-0.9968858,0.07405439,-0.027105808
1356785262444,-0.06337084,-0.78494334,0.61631817,0.061883926,0.61328036,0.7874373,-0.9960695,0.0880408,0.009711325
1356785262483,-0.051669285,-0.7874838,0.61416566,0.0871599,0.6090845,0.78830147,-0.9948535,0.09426159,0.03716606
1356785262522,-0.03931476,-0.79734814,0.60223776,0.10052106,0.59649026,0.79630077,-0.99415785,0.09184399,0.056699395
1356785262562,-0.013862506,-0.7421874,0.6700491,0.10756338,0.665118,0.7389507,-0.99410164,0.08231643,0.070611954
1356785262602,0.0129457265,-0.66879547,0.74333364,0.1057851,0.74014014,0.66407984,-0.9943047,0.07003665,0.08033025
1356785262642,0.03682992,-0.57076305,0.8202884,0.09846437,0.8189237,0.5653925,-0.9944588,0.05994585,0.08636069
1356785262682,0.054635942,-0.4525115,0.8900833,0.08854586,0.8900986,0.44708407,-0.9945725,0.054386333,0.0886994
1356785262722,0.0641346,-0.33730376,0.9392087,0.07876076,0.9399214,0.33218148,-0.9948284,0.052668452,0.08684778
1356785262762,0.06425917,-0.25652796,0.9643983,0.07175191,0.9650821,0.25192893,-0.9953504,0.053008668,0.080421746
1356785262802,0.055541515,-0.22742075,0.97221136,0.06841565,0.97229266,0.22353125,-0.9961096,0.054099225,0.06956172
1356785262842,0.03915599,-0.24447542,0.9688645,0.0669809,0.96806943,0.24156782,-0.9969856,0.05543661,0.054280877
1356785262882,0.015968205,-0.28890607,0.95722425,0.064351045,0.9556585,0.28736,-0.9977995,0.05700978,0.033851564
1356785262922,-0.013808191,-0.34173784,0.93969387,0.057342857,0.93796617,0.34195215,-0.998259,0.058606476,0.0066446066
1356785262962,-0.04995277,-0.39232373,0.9184698,0.042493984,0.9179503,0.39441293,-0.9978472,0.05873145,-0.029182792
1356785263002,-0.09107402,-0.4369112,0.89488214,0.015457571,0.89788824,0.439952,-0.99572414,0.053900898,-0.07502073
1356785263042,-0.13334548,-0.47615945,0.8691899,-0.026882485,0.87843716,0.47710112,-0.99070495,0.04025331,-0.12993598
1356785263082,-0.17080468,-0.5117797,0.8419663,-0.081101894,0.8589264,0.5056361,-0.98196137,0.018079966,-0.18821496
1356785263122,-0.19762477,-0.5450776,0.8147606,-0.1354867,0.8383638,0.52800524,-0.9708696,-0.0060423315,-0.23953223
1356785263162,-0.21059525,-0.57647854,0.78950757,-0.17725821,0.8167505,0.54908836,-0.9613684,-0.024311274,-0.27418935
1356785263202,-0.2099311,-0.60564035,0.76754725,-0.19958727,0.7950559,0.5727574,-0.9571279,-0.032953084,-0.28778505
1356785263242,-0.19866967,-0.63173485,0.7492939,-0.20114587,0.7745411,0.5996886,-0.9592031,-0.031577468,-0.2809487
1356785263282,-0.1809448,-0.6539616,0.73457015,-0.18362838,0.75622916,0.6280112,-0.96619856,-0.021252543,-0.25692165
1356785263322,-0.16019467,-0.6719732,0.723042,-0.15082368,0.74056375,0.6548416,-0.97549474,-0.004149735,-0.21998388
1356785263362,-0.13861525,-0.68582237,0.7144463,-0.10763615,0.72757,0.67753696,-0.9844798,0.017016709,-0.17467159
1356785263417,-0.11758211,-0.6956924,0.7086512,-0.059279293,0.71724594,0.6942941,-0.99129236,0.039628237,-0.12557542
1356785263444,-0.097964555,-0.70172846,0.7056771,-0.011127949,0.709816,0.70429933,-0.99512774,0.061143577,-0.07734561
1356785263482,-0.07998586,-0.7041306,0.70555115,0.032123208,0.7056305,0.7078515,-0.9962783,0.07928267,-0.033821523
1356785263522,-0.06322481,-0.7031524,0.7082225,0.06677431,0.7050717,0.7059852,-0.9957628,0.0919269,0.0023745298
1356785263560,-0.04661502,-0.69917154,0.71343267,0.09051967,0.70831394,0.70006967,-0.9948031,0.09721348,0.030270696
1356785263602,-0.02875173,-0.6929003,0.72045994,0.1029785,0.7148696,0.69163346,-0.99426794,0.0940775,0.050800085
1356785263642,-0.009538561,-0.68481404,0.72865546,0.10637808,0.7238585,0.6816983,-0.99428,0.0840154,0.06594461
1356785263682,0.009076193,-0.6753671,0.73742586,0.10450423,0.73405856,0.67099696,-0.99448305,0.07097399,0.07724118
1356785263722,0.023470342,-0.66473436,0.7467111,0.10174847,0.7446266,0.6596806,-0.99453324,0.060493737,0.08511233
1356785263762,0.030882671,-0.6536299,0.756184,0.10091305,0.7547181,0.6482415,-0.99441576,0.056289405,0.08926749
1356785263802,0.030806035,-0.6435099,0.76481754,0.10171056,0.763227,0.6380749,-0.9943369,0.058133513,0.08896375
1356785263842,0.024272993,-0.6362594,0.7710933,0.10169613,0.7688908,0.6312407,-0.9945194,0.06309509,0.08336842
1356785263882,0.012750253,-0.63355136,0.7735955,0.098695904,0.7706779,0.6295353,-0.99503595,0.068324,0.07235527
1356785263922,-0.0026558489,-0.6361228,0.7715832,0.09168473,0.76818115,0.6336336,-0.9957845,0.072425276,0.05628258
1356785263962,-0.02174677,-0.643396,0.7652246,0.079919666,0.76183736,0.6428193,-0.99656403,0.07513574,0.034852505
1356785264002,-0.04503773,-0.6539503,0.75519574,0.06226784,0.7526552,0.6554638,-0.9970428,0.076545,0.006822169
1356785264042,-0.072756454,-0.6664697,0.74197346,0.037026078,0.74162734,0.66978943,-0.9966622,0.07620388,-0.029281437
1356785264081,-0.10372159,-0.68024635,0.7256078,0.0016605556,0.7294233,0.6840607,-0.994605,0.07215676,-0.07452732
1356785264122,-0.13469169,-0.6950413,0.7062406,-0.046574026,0.7163882,0.69614565,-0.9897924,0.060872555,-0.12886238
1356785264162,-0.16090548,-0.7107167,0.68482935,-0.10794136,0.7023805,0.7035697,-0.98104954,0.039286792,-0.18973261
1356785264202,-0.17823052,-0.7270635,0.66303277,-0.17620915,0.68651253,0.70544374,-0.96808267,0.008899182,-0.25047272
1356785264242,-0.18553486,-0.7437476,0.6421965,-0.2381523,0.66809344,0.7049359,-0.95334166,-0.022150397,-0.30107987
1356785264282,-0.18455374,-0.7603315,0.62276477,-0.28101853,0.6480183,0.7078848,-0.94179004,-0.044365644,-0.33326143
1356785264322,-0.17785564,-0.7763914,0.60463536,-0.29964128,0.6279821,0.71822953,-0.9373274,-0.053432614,-0.34432906
1356785264362,-0.1678546,-0.7914683,0.5877098,-0.29511148,0.6091711,0.7360841,-0.940603,-0.049884796,-0.33582354
1356785264415,-0.15495358,-0.8051971,0.5724045,-0.25824916,0.59227014,0.76323223,-0.9535705,-0.029557437,-0.29971588
1356785264452,-0.1429175,-0.8184312,0.5565473,-0.21431202,0.57456905,0.78989923,-0.96625304,-0.006384343,-0.2575156
1356785264492,-0.13176379,-0.8291944,0.5432079,-0.1635637,0.558661,0.8131081,-0.9776938,0.018289119,-0.2092374
1356785264532,-0.120875135,-0.83768886,0.5326035,-0.109939516,0.54453397,0.8315023,-0.98656094,0.041953772,-0.15791571
1356785264572,-0.10964273,-0.844172,0.5247401,-0.05726707,0.5324109,0.8445467,-0.99232006,0.06254807,-0.10671824
1356785264612,-0.0976775,-0.8489115,0.5194308,-0.009268463,0.5226799,0.8524786,-0.99517494,0.07845363,-0.05892217
1356785264652,-0.08476883,-0.8521537,0.5163799,0.031264603,0.5157153,0.8561893,-0.99591,0.08872259,-0.017074347
1356785264693,-0.07073873,-0.85407877,0.51531106,0.062586755,0.51178706,0.8568295,-0.9955295,0.092862695,0.017250836
1356785264732,-0.055158377,-0.8548211,0.51598305,0.083919644,0.5109723,0.8554909,-0.99494475,0.09048858,0.043551862
1356785264772,-0.037781835,-0.85452497,0.5180343,0.09522626,0.5129664,0.85311043,-0.9947384,0.08156255,0.061992407
1356785264812,-0.01931414,-0.85345787,0.5208038,0.09774637,0.51679385,0.8505115,-0.99502397,0.06733358,0.07344097
1356785264852,-0.0013406873,-0.85214704,0.5233009,0.09424853,0.5208642,0.84842074,-0.9955479,0.050457716,0.079615235
1356785264892,0.013452083,-0.8514124,0.5243242,0.08840138,0.52333105,0.8475316,-0.9959941,0.03494996,0.08230597
1356785264932,0.021902323,-0.8522427,0.522688,0.083233416,0.5225527,0.8485346,-0.99628943,0.024920195,0.082380176
1356785264972,0.022355884,-0.85544,0.5174191,0.07982409,0.5174234,0.85199827,-0.9965582,0.022255361,0.079852164
1356785265012,0.015747756,-0.8612165,0.50799423,0.07694632,0.50759435,0.85815334,-0.99691087,0.025574327,0.07426089
1356785265052,0.0044902563,-0.8690692,0.4946701,0.072392195,0.49365968,0.8666369,-0.99736613,0.031918854,0.06513053
1356785265092,-0.0090895295,-0.8777939,0.47895223,0.06456399,0.4774574,0.8762796,-0.9978722,0.038888037,0.05233401
1356785265132,-0.023403287,-0.8857365,0.463598,0.05270505,0.46198702,0.88531923,-0.99833584,0.04515335,0.03587079
1356785265172,-0.03765127,-0.8913957,0.45165917,0.03630945,0.45046082,0.89205754,-0.998631,0.0499866,0.015405655
1356785265212,-0.051740885,-0.89406383,0.44494122,0.014788419,0.44480318,0.89550626,-0.9985511,0.05291429,-0.009792745
1356785265252,-0.06586596,-0.89405763,0.44308296,-0.013067216,0.444782,0.89554346,-0.9977429,0.053196043,-0.04097885
1356785265292,-0.07946059,-0.8923974,0.44419914,-0.049224615,0.44857726,0.8923875,-0.99562186,0.049044102,-0.07957214
1356785265332,-0.0908314,-0.890373,0.4460779,-0.09572229,0.45366138,0.8860184,-0.99125516,0.037778676,-0.12643522
1356785265372,-0.098043725,-0.88913304,0.44702345,-0.15224928,0.45730084,0.8761827,-0.98346716,0.017845184,-0.18020535
1356785265416,-0.1003377,-0.8894583,0.44586584,-0.21404782,0.45693153,0.86336386,-0.9716562,-0.008808702,-0.23623407
1356785265453,-0.0997079,-0.89189553,0.44111294,-0.26658794,0.45105988,0.8517487,-0.9586392,-0.032669336,-0.28274286
1356785265494,-0.09793158,-0.89582956,0.43347293,-0.3008349,0.4418372,0.8451498,-0.9486347,-0.047636926,-0.3127666
1356785265534,-0.094962165,-0.90145373,0.42233086,-0.3131734,0.42976016,0.84689355,-0.9449363,-0.051839918,-0.32312226
1356785265572,-0.09083821,-0.908349,0.4082286,-0.30471462,0.41561466,0.85697925,-0.948102,-0.046546787,-0.31454092
1356785265612,-0.08637114,-0.9160836,0.391575,-0.27867392,0.3995695,0.87331843,-0.9564941,-0.03369221,-0.28979987
1356785265652,-0.08244699,-0.9242481,0.37278408,-0.23941067,0.38147217,0.89283895,-0.96741146,-0.015636593,-0.25272608
1356785265692,-0.079550475,-0.93246937,0.35238123,-0.19157162,0.36121312,0.91259265,-0.97824943,0.0050909817,-0.20736933
1356785265732,-0.07775068,-0.9404321,0.33097178,-0.1397781,0.33898038,0.93035173,-0.9871256,0.02607289,-0.15780777
1356785265772,-0.076630175,-0.9478997,0.30921522,-0.08858383,0.31537324,0.9448241,-0.99311674,0.045010537,-0.1081357
1356785265812,-0.07553071,-0.9547326,0.28771642,-0.041936398,0.29132682,0.95570385,-0.99626124,0.06011924,-0.062042117
1356785265852,-0.07383159,-0.9609114,0.26683012,-0.002821952,0.2677606,0.9634814,-0.99726677,0.07038239,-0.022480845
1356785265892,-0.0707072,-0.96659774,0.24635193,0.02694732,0.24502897,0.9691411,-0.997133,0.07516381,0.008721948
1356785265933,-0.06504461,-0.97216743,0.225077,0.047168553,0.22230718,0.97383505,-0.9967669,0.07395929,0.031395853
1356785265972,-0.056441784,-0.9780396,0.20063102,0.059431195,0.19730383,0.9785393,-0.99663544,0.06715423,0.04698986
1356785266012,-0.04632345,-0.98436356,0.16994855,0.06632486,0.16672495,0.98377013,-0.9967221,0.05684352,0.057564557
1356785266052,-0.03829086,-0.9906945,0.1306065,0.07009354,0.12771755,0.9893306,-0.9968052,0.047037065,0.064550936
1356785266092,-0.03602487,-0.99595934,0.08226237,0.07172626,0.07952666,0.99424887,-0.9967735,0.041718096,0.06857151
