1356785752120,-0.048648715,-0.13141489,0.99013305,0.99757767,0.042954803,0.054715604,-0.04972145,0.9903964,0.12900686
1356785752172,-0.9909624,-0.065051384,0.11731073,0.12457728,-0.122029364,0.98467726,-0.049739257,0.9903924,0.12903053
1356785752214,-0.9910551,-0.065040186,0.11653264,0.12380917,-0.122158825,0.9847582,-0.049813364,0.99037725,0.12911856
1356785752258,-0.9913455,-0.06497319,0.114072755,0.121374115,-0.12251282,0.98501724,-0.050024327,0.9903379,0.12933862
1356785752289,-0.99199545,-0.06474698,0.10841083,0.115752615,-0.12317377,0.9856113,-0.050461985,0.99027073,0.12968236
1356785752330,-0.99309105,-0.06424393,0.098199435,0.10558382,-0.12399477,0.98664963,-0.05121004,0.9902011,0.12992108
1356785752370,-0.9945747,-0.063374646,0.082489945,0.08989314,-0.124571085,0.98813015,-0.052346535,0.9901846,0.12959224
1356785752411,-0.99623847,-0.062088434,0.06044781,0.06781915,-0.124441266,0.9899065,-0.053939547,0.9902825,0.12818396
1356785752451,-0.9976909,-0.060357958,0.031140849,0.03841176,-0.123315215,0.9916239,-0.05601225,0.99053025,0.12534893
1356785752490,-0.99828714,-0.058196753,-0.006003361,0.0010935962,-0.12115562,0.9926329,-0.058495354,0.9909261,0.121011674
1356785752539,-0.9971919,-0.055664416,-0.050097063,-0.043245334,-0.118122816,0.99205685,-0.061139874,0.99143755,0.11538386
1356785752571,-0.9938046,-0.05298302,-0.0977005,-0.09114598,-0.11451143,0.9892318,-0.06360031,0.9920081,0.10897273
1356785752609,-0.9885484,-0.050532434,-0.14219211,-0.1359535,-0.110687494,0.9845125,-0.06548871,0.99256974,0.10254991
1356785752649,-0.9835485,-0.04879529,-0.17392908,-0.16798979,-0.10695732,0.9799692,-0.06642087,0.99306554,0.0970006
1356785752699,-0.98195297,-0.048248403,-0.1828672,-0.17718345,-0.10344571,0.9787262,-0.06613881,0.9934642,0.093029976
1356785752728,-0.98435473,-0.0484715,-0.16939992,-0.16394188,-0.100349665,0.9813527,-0.06456685,0.99377084,0.09083319
1356785752768,-0.9921062,-0.0514829,-0.114345096,-0.10902572,-0.0963949,0.989354,-0.0619571,0.9940108,0.090021014
1356785752810,-0.99705935,-0.053967845,-0.054406557,-0.04924057,-0.09282547,0.99446404,-0.0587194,0.9942187,0.08989519
1356785752850,-0.9984093,-0.056164447,0.00494192,0.009955224,-0.08933544,0.99595183,-0.055495597,0.9944168,0.089752436
1356785752892,-0.99660635,-0.05790431,0.05850584,0.06334908,-0.085681915,0.9943066,-0.052561745,0.9946385,0.08905935
1356785752928,-0.9928586,-0.059257768,0.103537925,0.108199395,-0.08176798,0.9907607,-0.050244175,0.99488807,0.08759582
1356785752974,-0.98839825,-0.060335953,0.13938667,0.14387193,-0.07778019,0.98653495,-0.048682008,0.9951432,0.085558295
1356785753007,-0.98407394,-0.061317503,0.16684902,0.17119598,-0.07421601,0.9824378,-0.04785775,0.9953553,0.08353144
1356785753067,-0.9802784,-0.062399544,0.18751162,0.19179851,-0.07176769,0.9788068,-0.04761982,0.9954676,0.08232045
1356785753090,-0.9771225,-0.06371449,0.20290956,0.20725419,-0.07117665,0.9756945,-0.047723442,0.99542683,0.08275336
1356785753128,-0.974685,-0.0652797,0.21384075,0.21839109,-0.07305789,0.97312284,-0.047902405,0.9951891,0.085464895
1356785753169,-0.97330755,-0.06698203,0.21951255,0.2244418,-0.078007996,0.97136015,-0.04793995,0.9947,0.09095931
1356785753210,-0.9734908,-0.06864506,0.21818228,0.22368583,-0.086573005,0.9708088,-0.047752514,0.9938777,0.09963304
1356785753250,-0.9755971,-0.070080586,0.20808381,0.21438485,-0.09933281,0.9716852,-0.047426708,0.9925833,0.11193305
1356785753289,-0.9793705,-0.07112327,0.18914267,0.19648656,-0.116610765,0.97354764,-0.047185816,0.9906278,0.12817991
1356785753331,-0.98400724,-0.071660504,0.16307864,0.17171906,-0.13823527,0.97539926,-0.047354378,0.9878036,0.14832991
1356785753368,-0.988588,-0.07159562,0.13254388,0.14269897,-0.1630845,0.9762379,-0.048278496,0.98401093,0.17144
1356785753408,-0.9924772,-0.07085978,0.09983958,0.11168025,-0.1898458,0.97544146,-0.05016545,0.97925353,0.19633126
1356785753450,-0.9953646,-0.069291145,0.06669406,0.08030258,-0.21718347,0.9728221,-0.052923106,0.9736684,0.2217409
1356785753490,-0.99718815,-0.066736154,0.03408663,0.04944231,-0.24410808,0.9684868,-0.056312263,0.96744895,0.24672133
1356785753528,-0.99800843,-0.06304119,0.002258528,0.019228308,-0.26991475,0.96269226,-0.060079653,0.9608184,0.2705893
1356785753570,-0.9978947,-0.058118865,-0.02877912,-0.010430703,-0.29414797,0.95570296,-0.06400969,0.9539911,0.29292256
1356785753609,-0.9969193,-0.05196645,-0.05874953,-0.03935363,-0.31652248,0.94776833,-0.06784771,0.9471605,0.3135023
1356785753650,-0.9951986,-0.044725414,-0.08706025,-0.06701376,-0.33693773,0.93913907,-0.07133726,0.9404641,0.33232266
1356785753687,-0.9929195,-0.03670363,-0.11297602,-0.092703074,-0.35525596,0.9301608,-0.074275695,0.9340481,0.3493381
1356785753731,-0.99037594,-0.02836036,-0.13546702,-0.11538068,-0.3713907,0.9212797,-0.076439016,0.92804354,0.3645441
1356785753772,-0.98800164,-0.02033697,-0.15309891,-0.13355473,-0.38533258,0.91306186,-0.0775629,0.92255366,0.37799305
1356785753819,-0.9863007,-0.013301574,-0.16441996,-0.14570373,-0.39706546,0.9061508,-0.077338725,0.91769385,0.38968796
1356785753849,-0.9856858,-0.007891819,-0.16840775,-0.15069726,-0.40662277,0.9010817,-0.0755896,0.91356206,0.39961302
1356785753886,-0.98605406,-0.004296057,-0.16637003,-0.1496957,-0.41392994,0.897916,-0.07272303,0.91029865,0.4075142
1356785753928,-0.986702,-0.0020081177,-0.16252644,-0.14676207,-0.41873628,0.89616996,-0.06985535,0.90810555,0.4128734
1356785753969,-0.98671174,2.0951033E-5,-0.1624804,-0.14742418,-0.42052352,0.89522403,-0.068308085,0.9072816,0.41493857
1356785754009,-0.985426,0.0027290657,-0.17008306,-0.15557748,-0.41877413,0.8946641,-0.06878479,0.90808636,0.4130954
1356785754049,-0.98258024,0.006407276,-0.18572769,-0.17175014,-0.41301018,0.89438486,-0.07097688,0.9107038,0.40691626
1356785754074,-0.9791428,0.010056399,-0.2029246,-0.18950579,-0.40534204,0.8943073,-0.07326035,0.9141099,0.3987934
1356785754106,-0.9753185,0.013401374,-0.22039619,-0.20766228,-0.39487964,0.8949562,-0.07503632,0.9186352,0.3879162
1356785754148,-0.97094256,0.016440362,-0.23874715,-0.22716023,-0.377185,0.89784724,-0.07529092,0.92599195,0.36995965
1356785754186,-0.9665938,0.018530503,-0.25564194,-0.24554153,-0.35304052,0.9028132,-0.073522404,0.93542445,0.34579694
1356785754225,-0.9622671,0.019661084,-0.2713952,-0.26299822,-0.32309532,0.90908813,-0.06981285,0.9461621,0.3160749
1356785754265,-0.9571287,0.020256639,-0.28895342,-0.28227344,-0.28910536,0.9147347,-0.06500855,0.95708287,0.2824291
1356785754307,-0.94916725,0.021054924,-0.3140673,-0.30897126,-0.25299037,0.9168057,-0.06015274,0.9672397,0.24663556
1356785754347,-0.9350969,0.022640765,-0.35366797,-0.34993413,-0.21677637,0.9113473,-0.05603327,0.97595865,0.21062976
1356785754389,-0.91051614,0.025089279,-0.41271162,-0.41006887,-0.1826241,0.8935838,-0.05295171,0.9828626,0.17657053
1356785754425,-0.87164974,0.0278202,-0.48933923,-0.48749956,-0.15249616,0.85970294,-0.050705254,0.9879124,0.14648551
1356785754466,-0.8202193,0.029915392,-0.57126653,-0.5699679,-0.12784797,0.8116597,-0.048754126,0.99134254,0.12191409
1356785754504,-0.76639646,0.030941874,-0.6416221,-0.640674,-0.109304905,0.75999284,-0.046616852,0.9935266,0.1035946
1356785754545,-0.72200704,0.031367034,-0.6911744,-0.69046736,-0.09659791,0.7168847,-0.044279426,0.9948291,0.09140229
1356785754585,-0.6918087,0.031953603,-0.7213735,-0.7208508,-0.08884764,0.6873719,-0.042128325,0.9955326,0.08449936
1356785754624,-0.6738762,0.033118576,-0.7381015,-0.7377355,-0.084866285,0.66973424,-0.040459305,0.99584174,0.08162218
1356785754664,-0.6665887,0.034855396,-0.7446103,-0.74440277,-0.08343673,0.66249734,-0.039036244,0.9959033,0.081564486
1356785754704,-0.6703613,0.036965042,-0.7411136,-0.74110544,-0.0833258,0.66619784,-0.037127852,0.99583656,0.083253324
1356785754744,-0.68417215,0.039026737,-0.72827566,-0.7285235,-0.083242536,0.6799443,-0.03408751,0.99576485,0.08538413
1356785754784,-0.7032244,0.040311307,-0.7098242,-0.71032465,-0.08229911,0.6990464,-0.03023842,0.99579203,0.08650887
1356785754825,-0.72049195,0.039987177,-0.6923095,-0.6929307,-0.080634296,0.7164811,-0.027173817,0.9959413,0.0858047
1356785754864,-0.73076886,0.037679017,-0.68158436,-0.6821034,-0.07933098,0.72693986,-0.02668038,0.996136,0.0836736
1356785754903,-0.73372513,0.033978194,-0.6785964,-0.67881393,-0.07974625,0.72996736,-0.029312491,0.99623597,0.081576645
1356785754943,-0.73262787,0.030394435,-0.67995036,-0.6797708,-0.08283621,0.7287316,-0.034175098,0.99609953,0.08134943
1356785754984,-0.72986424,0.028628737,-0.6829923,-0.6824206,-0.0889799,0.72552365,-0.04000181,0.99562186,0.08448011
1356785755053,-0.7247109,0.029977113,-0.6884006,-0.68750715,-0.098340034,0.719488,-0.046129227,0.99470127,0.09187764
1356785755067,-0.7148855,0.035425693,-0.69834363,-0.6972586,-0.111278474,0.7081297,-0.052624613,0.9931577,0.10425216
1356785755104,-0.69658166,0.045875788,-0.7160093,-0.7149973,-0.12729234,0.68744123,-0.0596056,0.9908037,0.12147057
1356785755144,-0.672168,0.061912984,-0.7378056,-0.7373476,-0.14634961,0.65946984,-0.06714779,0.9872936,0.14402288
1356785755184,-0.64103407,0.08442834,-0.7628546,-0.76387453,-0.16683954,0.62342626,-0.07463947,0.9823627,0.17144251
1356785755224,-0.6063025,0.1133402,-0.7871158,-0.7910936,-0.1868357,0.58246326,-0.08104479,0.97583115,0.2029416
1356785755264,-0.57295376,0.14753681,-0.80619895,-0.81512046,-0.20513922,0.5417531,-0.08545455,0.9675488,0.23779571
1356785755304,-0.54744613,0.18476269,-0.8161896,-0.83225536,-0.22216833,0.50792927,-0.087485075,0.9573421,0.27539492
1356785755344,-0.53644705,0.2218112,-0.8142631,-0.8394221,-0.2398768,0.48767793,-0.087150395,0.9451238,0.31487435
1356785755384,-0.54475236,0.25498715,-0.7988907,-0.83433163,-0.26075786,0.48569125,-0.08447203,0.9311213,0.35479242
1356785755414,-0.5574404,0.28285578,-0.7805464,-0.82629156,-0.2803402,0.48851985,-0.0806379,0.91727966,0.3899943
1356785755454,-0.58709145,0.30165902,-0.75121593,-0.8060682,-0.3034525,0.5081049,-0.074683875,0.9038354,0.4213121
1356785755494,-0.6049255,0.31616282,-0.73082566,-0.7933322,-0.31822205,0.51899785,-0.068477005,0.8937426,0.44332278
1356785755534,-0.5896072,0.33211648,-0.7362486,-0.8051692,-0.31364977,0.5033153,-0.06376484,0.8895631,0.45234007
1356785755574,-0.52319133,0.35291642,-0.77570665,-0.8500194,-0.28140324,0.4452856,-0.061137795,0.8923353,0.44721356
1356785755614,-0.38222498,0.3755469,-0.8443154,-0.9221127,-0.21443534,0.3220645,-0.060100764,0.9016551,0.4282592
1356785755654,-0.14349252,0.38551402,-0.9114762,-0.9878391,-0.11150724,0.10835159,-0.059865117,0.91593945,0.39682627
1356785755684,0.11375064,0.3667815,-0.9233266,-0.9917084,-0.014014542,-0.12774217,-0.059793472,0.93020153,0.36214617
1356785755724,0.39956424,0.3145744,-0.86104083,-0.9147459,0.07544288,-0.39692345,-0.05990261,0.94623005,0.31789994
1356785755764,0.60607386,0.24944195,-0.75528353,-0.7931361,0.11780056,-0.59754336,-0.060079575,0.9611981,0.26923728
1356785755805,0.72909325,0.19400355,-0.6563426,-0.681774,0.12171708,-0.7213661,-0.060059488,0.97342056,0.2210097
1356785755844,0.79851776,0.15338711,-0.58210117,-0.59902525,0.1069227,-0.79355925,-0.05948192,0.9823645,0.17726243
1356785755886,0.8381804,0.124794126,-0.53092384,-0.54228145,0.0868552,-0.8356955,-0.058176428,0.98837376,0.14047387
1356785755924,0.86074364,0.10492124,-0.49810824,-0.50591683,0.06812063,-0.8598882,-0.056289107,0.9921447,0.11171582
1356785755964,0.87254167,0.09136912,-0.4799195,-0.48554865,0.0536504,-0.8725618,-0.053977355,0.9943708,0.09117636
1356785756004,0.8771786,0.082290575,-0.4730601,-0.4774425,0.04473134,-0.8775236,-0.05105135,0.995604,0.07852641
1356785756051,0.8773481,0.07609023,-0.47378325,-0.4775455,0.041709058,-0.87761647,-0.047016993,0.99622816,0.07292992
1356785756084,0.8756623,0.07125476,-0.47763819,-0.4811401,0.04379391,-0.8755492,-0.04146938,0.9964963,0.07263219
1356785756124,0.87497556,0.06635073,-0.47959927,-0.4829459,0.049291402,-0.8742618,-0.03436777,0.99657816,0.07517257
1356785756164,0.8766398,0.06087947,-0.4772802,-0.48040658,0.0557307,-0.8752734,-0.026687026,0.99658805,0.07810265
1356785756204,0.87800044,0.056471944,-0.47531688,-0.47820997,0.060446672,-0.8761628,-0.020747304,0.9965727,0.08007765
1356785756244,0.8733639,0.05621706,-0.483813,-0.48669863,0.062043093,-0.8713639,-0.018968284,0.9964889,0.08154699
1356785756284,0.85819614,0.06211987,-0.5095493,-0.51284814,0.061119445,-0.8563009,-0.022049919,0.9961955,0.08431053
1356785756344,0.8322237,0.07368533,-0.5495218,-0.55370593,0.059472136,-0.83058584,-0.028520733,0.99550664,0.09029412
1356785756363,0.79914886,0.08918899,-0.59448,-0.6000526,0.05908563,-0.79777545,-0.03602755,0.9942606,0.10073629
1356785756403,0.7638564,0.10752195,-0.63636655,-0.64395636,0.061378673,-0.7625961,-0.042936563,0.9923062,0.11612397
1356785756440,0.7296949,0.12865573,-0.67156017,-0.6820158,0.06657933,-0.7283005,-0.048988014,0.9894518,0.13632783
1356785756483,0.6954326,0.1537714,-0.7019458,-0.7164916,0.073759064,-0.6936855,-0.05489409,0.9853497,0.16147035
1356785756522,0.664475,0.18266168,-0.7246431,-0.7447958,0.082386434,-0.6621871,-0.061255425,0.97971797,0.19078934
1356785756562,0.6353484,0.2156075,-0.7415159,-0.76923764,0.092314765,-0.63225895,-0.06786689,0.97210664,0.22450542
1356785756602,0.6099664,0.25189057,-0.7513269,-0.789032,0.105384916,-0.60524595,-0.073277175,0.9620006,0.26303095
1356785756643,0.58736056,0.29078612,-0.75528204,-0.8057704,0.12273544,-0.5793703,-0.075773,0.94888324,0.30639684
1356785756682,0.56908035,0.33019572,-0.7530726,-0.8188475,0.1439488,-0.55566853,-0.07507548,0.93287164,0.35229838
1356785756722,0.5654154,0.36440998,-0.7399397,-0.82156676,0.16939378,-0.5443655,-0.07303104,0.91570246,0.39516497
1356785756762,0.5986592,0.38206464,-0.70401263,-0.7977293,0.20499068,-0.56710386,-0.07235429,0.9011134,0.4275037
1356785756802,0.6762208,0.37238428,-0.6356536,-0.7329266,0.25285605,-0.63157135,-0.07445839,0.8929691,0.44391686
1356785756842,0.7700322,0.3368039,-0.54186106,-0.633124,0.2985369,-0.71416354,-0.07876764,0.89299417,0.44312173
1356785756882,0.8478286,0.28941566,-0.44432563,-0.52360874,0.32452106,-0.7877309,-0.08378859,0.9005136,0.42667878
1356785756922,0.90064776,0.24354658,-0.35988706,-0.42550436,0.32616705,-0.8441334,-0.08820249,0.9134003,0.39739174
1356785756962,0.9338988,0.20481783,-0.29305756,-0.3457263,0.3083798,-0.886214,-0.091139406,0.92895186,0.35880643
1356785757002,0.9548339,0.17344111,-0.24126825,-0.2825117,0.27827263,-0.918015,-0.09208316,0.944713,0.3147033
1356785757053,0.9685207,0.14776449,-0.200333,-0.23182456,0.24219918,-0.94212365,-0.090691924,0.9589083,0.26883036
1356785757084,0.97800744,0.12579252,-0.16636616,-0.18974026,0.20539922,-0.96010923,-0.08660308,0.9705603,0.22474986
1356785757124,0.9849884,0.105824046,-0.13637824,-0.15323465,0.17227104,-0.9730579,-0.07947891,0.9793487,0.1859009
1356785757164,0.990312,0.08672577,-0.10844731,-0.12031405,0.14596593,-0.98194623,-0.06933044,0.9854809,0.15498614
1356785757204,0.9942608,0.068366535,-0.082289144,-0.09053973,0.12796068,-0.9876379,-0.056991607,0.98942006,0.13341618
1356785757244,0.9969188,0.05153082,-0.059139542,-0.06488795,0.11814657,-0.99087375,-0.04407341,0.99165815,0.121126264
1356785757284,0.99848,0.03726475,-0.040607683,-0.04466357,0.11539197,-0.9923154,-0.032292582,0.9926208,0.11688095
1356785757324,0.9992703,0.026361192,-0.027639017,-0.030562645,0.11786169,-0.99255955,-0.022907473,0.9926801,0.118581355
1356785757364,0.99962234,0.019045465,-0.019810043,-0.02200802,0.12314063,-0.99214524,-0.016456444,0.9922065,0.12351328
1356785757394,0.9997983,0.014234455,-0.014170512,-0.015878195,0.12806734,-0.9916384,-0.012300652,0.99166334,0.12826753
1356785757424,0.99986976,0.011909948,-0.010890751,-0.012364914,0.13167268,-0.9912161,-0.010371317,0.9912217,0.1318028
1356785757464,0.99979085,0.014577247,-0.014342453,-0.01615224,0.13275823,-0.99101686,-0.012542218,0.9910413,0.13296592
1356785757504,0.9994489,0.022536248,-0.024372587,-0.027130518,0.13150835,-0.99094373,-0.019126954,0.9910589,0.1320473
1356785757544,0.9985235,0.035292536,-0.041295394,-0.04552503,0.12892967,-0.99060816,-0.029636875,0.9910255,0.130346
1356785757584,0.9968573,0.05030909,-0.061192222,-0.0671418,0.12662387,-0.98967594,-0.0420413,0.9906742,0.12960377
1356785757624,0.99471664,0.06510685,-0.079371884,-0.08711509,0.12629539,-0.98816013,-0.054311693,0.98985386,0.13129991
1356785757664,0.9925511,0.07857001,-0.09310795,-0.10275346,0.12929428,-0.9862681,-0.06545277,0.9884886,0.13640451
1356785757704,0.99063784,0.09084027,-0.101905435,-0.11375403,0.13657176,-0.9840773,-0.07547645,0.98645633,0.1456266
1356785757744,0.98917097,0.10221479,-0.10532299,-0.11989967,0.14891207,-0.9815545,-0.084645525,0.9835534,0.15955502
1356785757784,0.9886383,0.11203804,-0.100208916,-0.11814674,0.16704509,-0.9788449,-0.09292845,0.9795629,0.1783841
1356785757824,0.9900329,0.117551364,-0.077566564,-0.09931295,0.19220114,-0.9763174,-0.09985906,0.97428966,0.20195982
1356785757864,0.9937499,0.110793695,-0.013633076,-0.038686812,0.22726154,-0.973065,-0.10471119,0.9675107,0.2301274
1356785757904,0.9839425,0.06368649,0.16673684,0.1431335,0.27654207,-0.9502828,-0.10662993,0.95888925,0.26298583
1356785757944,0.6954405,-0.14593565,0.70360875,0.710871,0.28279513,-0.6439637,-0.10499981,0.94801354,0.3004086
1356785757984,-0.2934628,-0.35532212,0.8874829,0.95075583,-0.011647284,0.30972198,-0.09971431,0.9346714,0.34124255
1356785758063,-0.61567813,-0.35381433,0.7040993,0.7826637,-0.17078155,0.5985576,-0.09153107,0.9195918,0.3820641
1356785758064,-0.6991708,-0.3506375,0.62306774,0.71018153,-0.24007553,0.6618201,-0.08247563,0.9052165,0.41687018
1356785758103,-0.7234049,-0.352358,0.59374166,0.6862402,-0.27242267,0.6744333,-0.07589328,0.89533776,0.43887413
1356785758142,-0.72339416,-0.35475743,0.59232426,0.68651307,-0.27826667,0.67176443,-0.07348934,0.8925888,0.4448421
1356785758182,-0.7088097,-0.35465127,0.60976326,0.7014318,-0.2628039,0.662516,-0.074713916,0.89730513,0.43504173
1356785758222,-0.68083227,-0.34962016,0.6436094,0.7283134,-0.23001784,0.6454853,-0.07763299,0.9082166,0.4112367
1356785758263,-0.6404874,-0.33703154,0.6900619,0.7637655,-0.18566608,0.6182153,-0.08023694,0.92300475,0.37632996
1356785758303,-0.59152335,-0.31505507,0.7421862,0.80217105,-0.13705635,0.58115155,-0.08137342,0.939125,0.33380014
1356785758342,-0.5407078,-0.28413087,0.7917731,0.8373137,-0.091294646,0.53904635,-0.08087507,0.9544291,0.28727043
1356785758382,-0.49687433,-0.24757776,0.8317579,0.8642162,-0.053875983,0.5002277,-0.079033524,0.96736896,0.24073023
1356785758422,-0.4666412,-0.21016982,0.8591127,0.88117504,-0.027004957,0.47201833,-0.07600373,0.9772918,0.19779801
1356785758462,-0.45290238,-0.17611861,0.8739918,0.8886746,-0.010371387,0.45842105,-0.07167196,0.98431426,0.16120934
1356785758502,-0.4542982,-0.14799976,0.87846977,0.8884083,-0.0023133755,0.45904818,-0.06590676,0.9889847,0.13253528
1356785758542,-0.46693754,-0.12676328,0.8751574,0.8823363,-0.0010315776,0.47061837,-0.058754385,0.9919325,0.11232942
1356785758582,-0.48659796,-0.11223087,0.8663871,0.8721727,-0.0052294135,0.48917,-0.050369263,0.9936684,0.1004293
1356785758622,-0.5096366,-0.10352245,0.85413915,0.85941577,-0.014025569,0.511085,-0.04092902,0.99452823,0.09611672
1356785758662,-0.533231,-0.09925458,0.84012693,0.8454044,-0.026220262,0.53348285,-0.030922294,0.9947166,0.09789163
1356785758702,-0.555381,-0.09786403,0.82581747,0.8313138,-0.039467633,0.55440027,-0.021662802,0.9944169,0.1032753
1356785758742,-0.57557464,-0.098483294,0.81179726,0.81760395,-0.050599575,0.5735532,-0.015408784,0.9938514,0.109644294
1356785758782,-0.59504133,-0.10149437,0.79726076,0.80356544,-0.05731374,0.5924506,-0.014436394,0.99318373,0.11566138
1356785758822,-0.61569756,-0.10781002,0.78057265,0.7877438,-0.059822023,0.61309147,-0.019402027,0.9923701,0.12175882
1356785758862,-0.63842124,-0.11749154,0.76066685,0.7691532,-0.060580432,0.6361866,-0.028665006,0.9912244,0.12904477
1356785758902,-0.6623124,-0.12943691,0.7379623,0.7481838,-0.06228316,0.66056174,-0.039538443,0.9896297,0.13809347
1356785758942,-0.6856798,-0.14242852,0.71383274,0.7261763,-0.06633705,0.68430054,-0.05011037,0.9875796,0.14891428
1356785758982,-0.70728594,-0.15614665,0.68946695,0.7043837,-0.07299936,0.7060557,-0.05991757,0.9850326,0.16161865
1356785759059,-0.7291407,-0.17355385,0.6619916,0.6807381,-0.08448988,0.727638,-0.07035279,0.9811934,0.17974973
1356785759069,-0.74506503,-0.19226252,0.63868105,0.66215986,-0.09815794,0.74290615,-0.080141395,0.97642225,0.20044243
1356785759101,-0.7551122,-0.2108865,0.6207515,0.64958966,-0.11280167,0.75187033,-0.088537484,0.9709802,0.22216761
1356785759142,-0.7638041,-0.23121123,0.6026148,0.6385011,-0.13405156,0.7578565,-0.0944435,0.9636241,0.25001776
1356785759182,-0.7669911,-0.25329563,0.58954746,0.63435566,-0.16110677,0.7560672,-0.096528456,0.95387954,0.2842468
1356785759222,-0.76606655,-0.27619463,0.5803951,0.63580346,-0.1931147,0.74730223,-0.09431802,0.9415005,0.32354432
1356785759262,-0.7624623,-0.2983755,0.5741281,0.64087397,-0.2261247,0.7335858,-0.08905943,0.92727536,0.3636328
1356785759321,-0.75700146,-0.31774202,0.5709542,0.64806056,-0.2534846,0.7181665,-0.08346355,0.913666,0.39780432
1356785759342,-0.749152,-0.33233187,0.5729981,0.65756035,-0.2687559,0.70383567,-0.07991044,0.9040608,0.41986722
1356785759383,-0.7365737,-0.34088105,0.58417416,0.67178136,-0.268418,0.6904069,-0.07854375,0.90097284,0.4267071
1356785759420,-0.71541166,-0.34282857,0.6088141,0.69436544,-0.25190538,0.6740921,-0.0777345,0.9049929,0.41826445
1356785759462,-0.680602,-0.3376925,0.65018827,0.7286806,-0.21970832,0.6486547,-0.07619405,0.9152552,0.39560384
1356785759503,-0.62926644,-0.32500827,0.70596975,0.7736664,-0.17556119,0.6087845,-0.07391912,0.9292727,0.3619228
1356785759542,-0.5594567,-0.30394626,0.7711192,0.82576764,-0.12410712,0.55018646,-0.07152575,0.94457084,0.32042158
1356785759582,-0.47296232,-0.2741632,0.8373418,0.8783403,-0.07178843,0.47261477,-0.06946218,0.959,0.27476174
1356785759622,-0.37658888,-0.23712263,0.89551866,0.9239088,-0.025569797,0.3817572,-0.067625016,0.9711432,0.22870904
1356785759662,-0.2820053,-0.19669068,0.93903446,0.9571687,0.009226203,0.28938383,-0.06558284,0.9804222,0.1856643
1356785759702,-0.20308745,-0.1582849,0.96628225,0.97713137,0.030738711,0.21040294,-0.063005894,0.9869149,0.14842248
1356785759742,-0.15212929,-0.12702134,0.9801644,0.986554,0.04041785,0.15835887,-0.059731126,0.9910762,0.119164646
1356785759782,-0.13726294,-0.106108755,0.9848349,0.98897886,0.041021347,0.14226028,-0.05549431,0.993508,0.09930861
1356785759822,-0.16060334,-0.096066624,0.9823327,0.98574865,0.034867287,0.16457164,-0.050061077,0.994764,0.0890978
1356785759862,-0.21664023,-0.094797105,0.9716381,0.97527385,0.023516715,0.21974519,-0.043680996,0.9952189,0.087358415
1356785759902,-0.29195106,-0.09834197,0.9513639,0.9557146,0.008556187,0.29417065,-0.03706935,0.9951159,0.0914889
1356785759942,-0.36914968,-0.10248312,0.9237021,0.9288429,-0.0072179437,0.37040338,-0.031292826,0.99470854,0.09785527
1356785759982,-0.43564254,-0.10503268,0.89397085,0.89968264,-0.019859552,0.43609267,-0.028050154,0.9942705,0.103147686
1356785760062,-0.49170947,-0.107792735,0.8640616,0.87016916,-0.024302065,0.49215338,-0.03205204,0.9938762,0.10574752
1356785760072,-0.5337227,-0.11191288,0.83822167,0.8447522,-0.02465123,0.5345896,-0.039164275,0.9934122,0.10769558
1356785760101,-0.5635506,-0.11810619,0.817595,0.8246752,-0.022708595,0.5651505,-0.048181325,0.9927412,0.11019677
1356785760142,-0.5912485,-0.12883109,0.7961331,0.80421233,-0.020050764,0.5940039,-0.060563087,0.9914639,0.11546242
1356785760182,-0.60187083,-0.1434842,0.7855977,0.7951591,-0.016540647,0.6061752,-0.07398224,0.98951435,0.12404817
1356785760222,-0.5931469,-0.16121337,0.7887882,0.8003782,-0.012188077,0.5993714,-0.0870128,0.98684424,0.1362611
1356785760262,-0.55828285,-0.18154708,0.8095436,0.8237237,-0.004865706,0.5669706,-0.098992825,0.9833702,0.15226108
1356785760302,-0.4821794,-0.20376202,0.852047,0.8692031,0.010287106,0.49434823,-0.10949451,0.9789664,0.17215031
1356785760342,-0.3336267,-0.22476575,0.9155182,0.93530345,0.042539,0.35128027,-0.11790103,0.97348386,0.19603199
1356785760382,-0.070461035,-0.23373747,0.96974325,0.9898572,0.103841424,0.096951425,-0.12336066,0.96673864,0.22404996
1356785760422,0.28011066,-0.21360576,0.9359009,0.9517704,0.18893152,-0.24173942,-0.12518427,0.95847666,0.25622535
1356785760462,0.5637155,-0.17537844,0.80713516,0.8167149,0.26422203,-0.51299465,-0.12329471,0.9483824,0.29218024
1356785760502,0.71040595,-0.15318525,0.686919,0.6937967,0.31633943,-0.6469741,-0.11819267,0.9361963,0.33100885
1356785760542,0.7663391,-0.15832074,0.6226226,0.63283175,0.35298848,-0.6891467,-0.110672414,0.9221354,0.37069923
1356785760582,0.7786671,-0.18193233,0.6004816,0.61909664,0.37831062,-0.68818635,-0.10196525,0.9076242,0.40721172
1356785760622,0.7848023,-0.20181282,0.5859667,0.61254615,0.39629743,-0.68391204,-0.094194874,0.8956673,0.43463477
1356785760662,0.8114242,-0.19598438,0.55061865,0.57758373,0.4129576,-0.70417553,-0.08937481,0.8894134,0.44828117
1356785760702,0.8584193,-0.15975061,0.4874383,0.5053685,0.42615384,-0.7503303,-0.08785799,0.890434,0.4465516
1356785760744,0.9062592,-0.106705874,0.40903324,0.4133893,0.42591906,-0.8047995,-0.08833821,0.89844686,0.4301041
1356785760782,0.9409863,-0.05492334,0.3339584,0.32650602,0.40708798,-0.85303766,-0.089098796,0.9117362,0.400997
1356785760822,0.96201575,-0.014217436,0.27262348,0.25808886,0.3728321,-0.89128363,-0.08897101,0.9277899,0.3623397
1356785760862,0.9741336,0.014499962,0.22550711,0.20831835,0.3290686,-0.92104137,-0.087562375,0.9441947,0.31753618
1356785760902,0.98131686,0.03357297,0.18944673,0.17263892,0.28100157,-0.9440518,-0.08492945,0.95911986,0.26995558
1356785760942,0.9857704,0.0450829,0.16193901,0.14725561,0.23301724,-0.961259,-0.081070945,0.9714271,0.22306278
1356785760982,0.9886124,0.05026513,0.14184135,0.13004051,0.18898043,-0.97333235,-0.075729914,0.9806935,0.18029189
1356785761023,0.9904496,0.050107542,0.12844723,0.11954771,0.15200481,-0.9811233,-0.06868628,0.9871088,0.14456287
1356785761065,0.99163115,0.04580366,0.1207052,0.114250906,0.124043316,-0.9856774,-0.06012031,0.9912191,0.1177721
1356785761090,0.9927202,0.04044461,0.113450095,0.10875371,0.10381001,-0.98863345,-0.05176215,0.9937745,0.09865579
1356785761131,0.9931757,0.03274268,0.11193737,0.10846524,0.09343517,-0.9896995,-0.0428643,0.9950868,0.089246094
1356785761172,0.99344945,0.024117947,0.11169859,0.10908702,0.090958536,-0.98986185,-0.03403338,0.99556255,0.08773175
1356785761212,0.9935331,0.01521251,0.112519115,0.11061096,0.094067335,-0.9894021,-0.025635663,0.9954496,0.09177634
1356785761252,0.99362993,0.007130526,0.1124665,0.11120015,0.09983045,-0.9887712,-0.018278044,0.9949789,0.098401606
1356785761292,0.994526,0.0022588745,0.10446472,0.1036451,0.1054911,-0.9890042,-0.013254136,0.9944177,0.104679525
1356785761332,0.9972801,0.0043035597,0.073578805,0.07266717,0.10949126,-0.99132794,-0.012322472,0.99397844,0.10888073
1356785761372,0.99986136,0.01665094,8.8496134E-5,-0.0017631631,0.11115682,-0.9938013,-0.016557561,0.9936634,0.11117077
1356785761412,0.9907835,0.04001626,-0.12940916,-0.13306546,0.10888159,-0.98510826,-0.025330085,0.99324894,0.11320287
1356785761452,0.9502461,0.070702955,-0.30337006,-0.30935222,0.10002461,-0.94567245,-0.03651738,0.9924697,0.11692011
1356785761492,0.8724586,0.10176709,-0.47797436,-0.486338,0.08500603,-0.86962605,-0.047868595,0.9911698,0.123657435
1356785761532,0.7834165,0.12839004,-0.608091,-0.61877656,0.0696833,-0.78247035,-0.058087617,0.9892726,0.1340358
1356785761572,0.7144989,0.15132952,-0.6830745,-0.69642,0.060320556,-0.7150948,-0.067011505,0.98664117,0.14848787
1356785761611,0.6768935,0.17337137,-0.7153723,-0.7322514,0.059594527,-0.678422,-0.07498667,0.9830518,0.1672906
1356785761652,0.5684801,0.20311397,-0.79722965,-0.8185808,0.04283333,-0.5727921,-0.08219406,0.9782178,0.1906151
1356785761692,0.6747834,0.21968555,-0.7045606,-0.7327344,0.08541852,-0.6751326,-0.08813435,0.971824,0.21861017
1356785761732,0.71750695,0.23904075,-0.65425014,-0.69050205,0.12057431,-0.71321005,-0.09160057,0.96349424,0.25157106
1356785761772,0.7419093,0.2591203,-0.618407,-0.66424197,0.15832174,-0.7305592,-0.09139547,0.95278054,0.28957897
1356785761812,0.75868356,0.2783801,-0.5889854,-0.645583,0.20011377,-0.7370056,-0.08730358,0.9393929,0.33154047
1356785761852,0.7713111,0.29537493,-0.56376666,-0.6313436,0.24301052,-0.73644495,-0.08052617,0.92395866,0.37391979
1356785761892,0.78228056,0.30783862,-0.5415464,-0.6185659,0.28120035,-0.73369104,-0.07357542,0.9089344,0.41039604
1356785761932,0.7933034,0.3136384,-0.52182436,-0.6048715,0.30848062,-0.7341459,-0.069283575,0.8980371,0.43442965
1356785761973,0.80483073,0.31189048,-0.50494736,-0.589499,0.3214128,-0.74107003,-0.06883614,0.89410186,0.44254202
1356785762012,0.81711006,0.30217764,-0.49093765,-0.57207286,0.31991237,-0.7552408,-0.071159825,0.897967,0.43427128
1356785762063,0.8297969,0.28494617,-0.4798363,-0.55309284,0.30538857,-0.7751298,-0.07433374,0.90859425,0.41101214
1356785762094,0.8412343,0.26246032,-0.47269374,-0.5351758,0.27988648,-0.7970259,-0.07688707,0.9234599,0.37591255
1356785762134,0.84964925,0.23748557,-0.47084686,-0.52154386,0.24631143,-0.8168983,-0.07802656,0.9396443,0.33313745
1356785762174,0.8539596,0.21200362,-0.475192,-0.5145414,0.20810616,-0.83182865,-0.077460304,0.9548541,0.2867989
1356785762214,0.85350806,0.18727028,-0.48626524,-0.5156263,0.1688754,-0.8400064,-0.07518996,0.9676834,0.24069798
1356785762254,0.8478259,0.16407393,-0.5042529,-0.5254596,0.13208845,-0.84050274,-0.07129857,0.9775646,0.19820222
1356785762312,0.83631325,0.1430702,-0.5292552,-0.5442694,0.10051191,-0.83286744,-0.065962076,0.9845955,0.16192818
1356785762332,0.8178036,0.12517646,-0.56171894,-0.5723947,0.075704366,-0.81647605,-0.059679,0.989242,0.13356164
1356785762373,0.79028106,0.11155331,-0.60250443,-0.6104314,0.057974473,-0.7899445,-0.053191066,0.9920659,0.11391178
1356785762410,0.75131714,0.1029616,-0.65186,-0.6582678,0.046620846,-0.75133884,-0.046968758,0.99359214,0.10280335
1356785762453,0.69886965,0.09934905,-0.7083156,-0.7140837,0.040407583,-0.69889313,-0.04081312,0.99423176,0.0991832
1356785762492,0.6315296,0.099683374,-0.76891714,-0.77459264,0.037239924,-0.6313632,-0.034301996,0.9943221,0.10073212
1356785762532,0.5492818,0.10261518,-0.8293128,-0.8351815,0.034642637,-0.5488823,-0.02759406,0.9941177,0.10473086
1356785762572,0.45198876,0.10705832,-0.8855759,-0.89174366,0.029358625,-0.45158753,-0.022346973,0.9938191,0.10873839
1356785762612,0.34164217,0.11223805,-0.9331041,-0.93959963,0.018803746,-0.34175855,-0.020812452,0.9935034,0.111883014
1356785762652,0.22465032,0.11744636,-0.9673358,-0.9741463,0.0027219057,-0.22590148,-0.023898304,0.9930755,0.11502144
1356785762692,0.11241758,0.12239036,-0.9860948,-0.99319255,-0.01663047,-0.11529088,-0.03050965,0.9923427,0.11968762
1356785762732,0.01715833,0.12770203,-0.9916642,-0.99910414,-0.036185324,-0.021946818,-0.038686365,0.9911523,0.12696671
1356785762772,-0.052364647,0.13482127,-0.9894853,-0.99752045,-0.053715944,0.045470834,-0.047020614,0.9894129,0.13729972
1356785762812,-0.09267521,0.14549226,-0.9850092,-0.99417037,-0.068269074,0.08345345,-0.05510387,0.9870012,0.150971
1356785762852,-0.10498315,0.1613259,-0.9813014,-0.99247146,-0.07958549,0.09309429,-0.06307885,0.983687,0.16846645
1356785762892,-0.09402251,0.18354344,-0.9785048,-0.9930371,-0.087356925,0.0790329,-0.07097316,0.9791224,0.19047889
1356785762932,-0.06714404,0.21277997,-0.97479033,-0.99467814,-0.09079689,0.04869455,-0.078146785,0.9728723,0.21774417
1356785762972,-0.0338704,0.24892604,-0.96793,-0.9959488,-0.08912665,0.01192981,-0.08329874,0.96441287,0.25093642
1356785763012,-0.0022059083,0.2904491,-0.9568879,-0.99634755,-0.08232027,-0.022690237,-0.08536166,0.9533429,0.28956988
1356785763066,0.0241763,0.33366865,-0.9423804,-0.9961174,-0.071778715,-0.0509696,-0.08464983,0.93995374,0.3306378
1356785763083,0.052859366,0.37121063,-0.92704296,-0.9951194,-0.057883203,-0.07991892,-0.083326936,0.92674285,0.36633918
1356785763123,0.07831532,0.40036437,-0.9130033,-0.993513,-0.044401705,-0.10469201,-0.08245382,0.91527975,0.39428982
1356785763164,0.10988498,0.41713938,-0.9021752,-0.9904729,-0.029838681,-0.13443622,-0.082998335,0.9083526,0.40988636
1356785763204,0.149328,0.41980758,-0.8952445,-0.9851315,-0.014623463,-0.17117867,-0.084953696,0.90749526,0.41138202
1356785763244,0.19436878,0.40895957,-0.89161247,-0.9770195,-3.540516E-4,-0.2131496,-0.087485254,0.9125524,0.39949268
1356785763283,0.24055678,0.38680074,-0.8902346,-0.96652675,0.011161447,-0.25632265,-0.08920953,0.9220958,0.37653834
1356785763324,0.2831294,0.3563971,-0.89040375,-0.9549721,0.018908143,-0.29609248,-0.08869058,0.9341432,0.3457027
1356785763363,0.31795326,0.32109386,-0.89207876,-0.94428474,0.02285096,-0.3283355,-0.08504164,0.9467716,0.31046957
1356785763393,0.3323748,0.2877852,-0.8981685,-0.9397695,0.020528674,-0.34119192,-0.07975179,0.95747495,0.27727497
1356785763434,0.34903035,0.2534122,-0.90219736,-0.9344062,0.02101174,-0.35558903,-0.07115385,0.9671302,0.24412365
1356785763473,0.34574836,0.22136813,-0.91184115,-0.93636376,0.018564224,-0.35053992,-0.060670763,0.9750136,0.21369965
1356785763514,0.31919116,0.1939328,-0.9276352,-0.9463779,0.013729215,-0.32277003,-0.04986,0.98091877,0.18791595
1356785763554,0.2651527,0.17240101,-0.9486685,-0.9633716,0.006434083,-0.268093,-0.040115684,0.98500586,0.16779223
1356785763593,0.18166721,0.15672314,-0.97079086,-0.9828352,-0.003313005,-0.18445599,-0.032124758,0.98763704,0.15343115
1356785763634,0.07043904,0.14573821,-0.98681235,-0.9971832,-0.015265644,-0.073433846,-0.025766462,0.98920536,0.14425245
1356785763674,-0.06171626,0.1376532,-0.9885559,-0.9978787,-0.029070199,0.058250368,-0.02071917,0.99005383,0.13915524
1356785763714,-0.20272261,0.13025573,-0.9705344,-0.97908616,-0.044312,0.1985617,-0.017142475,0.9904897,0.1365146
1356785763754,-0.3369068,0.12139398,-0.9336795,-0.9414039,-0.06016928,0.33187106,-0.015891671,0.99077916,0.13455218
1356785763794,-0.45062077,0.10977256,-0.8859408,-0.89252794,-0.07574642,0.44458583,-0.018303484,0.99106646,0.13210785
1356785763834,-0.53757393,0.095522076,-0.83778864,-0.84283364,-0.09081316,0.53045684,-0.025411904,0.9912762,0.12932801
1356785763874,-0.5995229,0.08018428,-0.7963308,-0.79950446,-0.10592717,0.5912462,-0.03694445,0.99113566,0.12761343
1356785763914,-0.6419185,0.066064775,-0.7639216,-0.765065,-0.1216445,0.63235927,-0.051150203,0.9903728,0.12862962
1356785763954,-0.66912127,0.055333972,-0.7410903,-0.7402254,-0.13805777,0.6580322,-0.06590176,0.9888772,0.13333708
1356785763994,-0.6833626,0.04961139,-0.7283915,-0.72571415,-0.15509349,0.6702872,-0.079714954,0.98665327,0.14198881
1356785764063,-0.685891,0.050134033,-0.7259752,-0.7218765,-0.17287809,0.6700801,-0.091911435,0.9836665,0.1547662
1356785764075,-0.67856634,0.058103442,-0.7322375,-0.7273843,-0.19195116,0.65883744,-0.10227311,0.97968304,0.17251515
1356785764113,-0.65874994,0.07447839,-0.7486664,-0.74420047,-0.21067643,0.633862,-0.11051732,0.9747145,0.19420993
1356785764153,-0.6345961,0.09856242,-0.7665333,-0.7640494,-0.2292133,0.60306704,-0.11625987,0.9683733,0.22076434
1356785764194,-0.607433,0.13064358,-0.78355443,-0.7854357,-0.24630535,0.5678245,-0.11881104,0.9603468,0.25222605
1356785764233,-0.5851998,0.16861004,-0.7931657,-0.80232143,-0.2622096,0.5362148,-0.11756453,0.9501667,0.28872454
1356785764273,-0.57582235,0.20867056,-0.7904968,-0.809763,-0.27890372,0.51623315,-0.112749875,0.9373737,0.32957265
1356785764314,-0.5822147,0.2462205,-0.77485573,-0.8061254,-0.2988065,0.51076066,-0.10577217,0.92200327,0.37245423
1356785764353,-0.5978332,0.2778825,-0.75191545,-0.79550624,-0.3212903,0.51375335,-0.09882003,0.9052922,0.41313517
1356785764393,-0.60659087,0.3038988,-0.734638,-0.7894304,-0.33957088,0.51136214,-0.09405932,0.8901332,0.44588757
1356785764434,-0.59036,0.32797033,-0.73750293,-0.8018065,-0.34316844,0.48922575,-0.09263623,0.8801539,0.46556163
1356785764474,-0.53613794,0.35310805,-0.7667273,-0.8388964,-0.3238722,0.43744665,-0.09385571,0.8777365,0.46986127
1356785764513,-0.4311545,0.37828717,-0.8191488,-0.89716756,-0.27623165,0.34465402,-0.09589663,0.8835128,0.45848548
1356785764543,-0.2997567,0.39494157,-0.8684279,-0.94904876,-0.21621323,0.22925583,-0.097222984,0.8929014,0.4396302
1356785764573,-0.13367832,0.39959916,-0.90689063,-0.9862226,-0.14361763,0.0820905,-0.09744215,0.9053698,0.4132923
1356785764614,0.0997473,0.38131243,-0.91904914,-0.9903768,-0.051011384,-0.12865332,-0.09593907,0.92303777,0.37255472
1356785764654,0.32426786,0.33557373,-0.88444364,-0.9413722,0.022450387,-0.3366218,-0.093105376,0.94174635,0.32317978
1356785764694,0.49159634,0.27869806,-0.8250215,-0.8662597,0.05964166,-0.49602115,-0.08903447,0.95852506,0.2707445
1356785764734,0.59572995,0.22599748,-0.7707341,-0.7988192,0.06679842,-0.5978511,-0.08362898,0.97183496,0.22032489
1356785764774,0.6505267,0.18325841,-0.7370423,-0.7555669,0.05773054,-0.6525227,-0.07703042,0.9813682,0.17601925
1356785764814,0.66668123,0.1512447,-0.7298364,-0.7420721,0.043054044,-0.66893595,-0.06975061,0.9875583,0.1409378
1356785764854,0.64662635,0.1293478,-0.75176024,-0.7602597,0.0288091,-0.64898014,-0.062286645,0.99118066,0.11696665
1356785764892,0.5853147,0.11644825,-0.80240047,-0.8089589,0.017106712,-0.5876162,-0.054700464,0.9930494,0.10421468
1356785764932,0.47110376,0.1110211,-0.8750632,-0.88083225,0.0065095127,-0.47338375,-0.046859384,0.9937967,0.10085763
1356785764972,0.29208693,0.110672,-0.9499668,-0.95559096,-0.006868273,-0.29461637,-0.03913042,0.9938333,0.103750974
1356785765022,0.0499838,0.11237514,-0.9924079,-0.9982079,-0.027113974,-0.053346187,-0.032902837,0.9932959,0.110818475
1356785765068,-0.20821273,0.10755071,-0.97215253,-0.9775934,-0.054348826,0.20336527,-0.030963242,0.99271303,0.116456866
1356785765089,-0.39156157,0.097968966,-0.91492164,-0.9195787,-0.0767557,0.38533568,-0.032474518,0.99222505,0.120144725
1356785765131,-0.49274933,0.08659902,-0.8658514,-0.86924875,-0.094790876,0.48520222,-0.040056795,0.9917234,0.1219843
1356785765172,-0.5416701,0.076826155,-0.83707297,-0.8390602,-0.109488785,0.53290725,-0.05070892,0.9910146,0.12376863
1356785765212,-0.5583039,0.071315676,-0.82656574,-0.8273355,-0.1220119,0.54829663,-0.061748683,0.98996323,0.12712163
1356785765253,-0.55082595,0.07209763,-0.8315002,-0.8315387,-0.1329369,0.53932476,-0.07165304,0.9884987,0.1331771
1356785765299,-0.52728343,0.08174631,-0.84574807,-0.8458642,-0.14484328,0.5133559,-0.08053595,0.986072,0.14551967
1356785765330,-0.4536574,0.10282281,-0.88522446,-0.88683677,-0.14999324,0.4370613,-0.087837845,0.9833257,0.15923268
1356785765372,-0.3911513,0.12931713,-0.91119576,-0.9155624,-0.15528595,0.3709876,-0.09352088,0.97936887,0.17913818
1356785765412,-0.3177154,0.16575584,-0.9335855,-0.9432174,-0.15591508,0.29331103,-0.0969421,0.9737636,0.20588046
1356785765452,-0.24804187,0.2105301,-0.9455962,-0.9638855,-0.15132284,0.21914846,-0.096953005,0.9658045,0.24046138
1356785765492,-0.19021207,0.26099953,-0.9464135,-0.97733057,-0.14163727,0.15736544,-0.09297511,0.9548917,0.2820239
1356785765532,-0.14554173,0.3126905,-0.93863857,-0.985607,-0.12829727,0.110084504,-0.08600238,0.94115055,0.32686257
1356785765572,-0.10374546,0.35958076,-0.9273288,-0.99147236,-0.11131823,0.06775683,-0.078864485,0.92645025,0.36806306
1356785765612,-0.049104393,0.39532012,-0.91722995,-0.99600166,-0.08799881,0.015394598,-0.07462931,0.91431844,0.39806053
1356785765652,0.029064596,0.41500422,-0.90935516,-0.99682665,-0.05541259,-0.057149112,-0.07410684,0.90813047,0.4120767
1356785765692,0.12974983,0.41589174,-0.9001106,-0.98865736,-0.014987886,-0.14943886,-0.075641096,0.9092907,0.40922976
1356785765732,0.24214196,0.3980226,-0.8848419,-0.9671592,0.026389778,-0.25279778,-0.07726845,0.91699594,0.39134127
1356785765772,0.35094252,0.36512443,-0.86227804,-0.9331349,0.05956897,-0.35455692,-0.078092396,0.9290509,0.36161572
1356785765812,0.44338447,0.32368106,-0.8358474,-0.89292353,0.078264,-0.44335347,-0.0780884,0.94292384,0.3237235
