1356786129358,0.13106593,-0.11037478,-0.9852102,0.9882693,0.09312931,0.12103948,0.07839224,-0.9895172,0.121286094
1356786129398,0.24927253,0.13721806,0.95866287,-0.96525544,-0.044926047,0.2574172,0.078391224,-0.9895215,0.12125164
1356786129436,0.24925354,0.13695747,0.958705,-0.9652608,-0.04499194,0.2573854,0.078384936,-0.98955464,0.1209853
1356786129477,0.24927792,0.13595971,0.95884067,-0.9652561,-0.04523608,0.25736007,0.07836491,-0.989681,0.11995965
1356786129517,0.24948555,0.13343489,0.95914125,-0.9652058,-0.045846105,0.25744104,0.07832453,-0.98999655,0.117354214
1356786129556,0.25000376,0.12866509,0.959658,-0.96507716,-0.046993375,0.25771612,0.07825664,-0.99057406,0.11242324
1356786129597,0.25087845,0.121456206,0.9603689,-0.96485823,-0.048726678,0.25821358,0.07815719,-0.99140006,0.10496354
1356786129638,0.25208956,0.112336904,0.9611614,-0.96455204,-0.05093056,0.2589314,0.07804003,-0.99236405,0.09551573
1356786129676,0.24994746,0.10199565,0.9628724,-0.9651182,-0.053792626,0.2562286,0.077929646,-0.9933294,0.08499256
1356786129716,0.25438547,0.091904104,0.9627262,-0.9639644,-0.056037962,0.26006216,0.077850044,-0.9941898,0.074337065
1356786129766,0.25701517,0.081345856,0.96297765,-0.96326643,-0.058708727,0.26205155,0.07785198,-0.9949553,0.06326869
1356786129807,0.2582139,0.072473675,0.9633655,-0.96293914,-0.0611355,0.2626988,0.07793456,-0.99549484,0.05400172
1356786129848,0.2584698,0.06564966,0.963786,-0.9628557,-0.06317076,0.2625232,0.0781177,-0.99584115,0.046883404
1356786129886,0.25800884,0.061031103,0.9642129,-0.96295714,-0.06472939,0.26176992,0.07838908,-0.99603474,0.042069644
1356786129927,0.25706452,0.05860287,0.96461576,-0.9631836,-0.0657599,0.2606779,0.07870954,-0.99611306,0.039540797
1356786129966,0.25584483,0.05824974,0.9649613,-0.96348333,-0.06622213,0.25945044,0.07901475,-0.99610317,0.0391801
1356786130006,0.25454593,0.059859663,0.9652064,-0.96380985,-0.0660665,0.25827494,0.07922807,-0.9960182,0.04087636
1356786130047,0.25330564,0.06331262,0.96531224,-0.9641334,-0.06523928,0.2572752,0.07926512,-0.995859,0.044516385
1356786130086,0.2522354,0.06855494,0.96523446,-0.964433,-0.06365937,0.25654736,0.07903379,-0.9956143,0.050059497
1356786130126,0.25136116,0.07539639,0.96495235,-0.964708,-0.061300784,0.2560872,0.078460366,-0.9952676,0.057326853
1356786130167,0.25067627,0.0834012,0.96447164,-0.9649626,-0.05824679,0.25584063,0.07751483,-0.99481225,0.065877974
1356786130206,0.2501862,0.09196645,0.96382,-0.9651962,-0.054634154,0.25575653,0.07617852,-0.9942622,0.075096995
1356786130247,0.24988514,0.10042596,0.9630535,-0.9654124,-0.05058986,0.25577265,0.07440692,-0.9936575,0.08431077
1356786130288,0.24974275,0.10823095,0.9622446,-0.96563256,-0.046040893,0.25580063,0.071988165,-0.99305904,0.09301296
1356786130326,0.24963173,0.11439538,0.96156,-0.9658743,-0.04141411,0.25567877,0.06907058,-0.9925717,0.10015327
1356786130367,0.24966028,0.11837953,0.9610702,-0.96612316,-0.03656879,0.25547722,0.06538853,-0.9922948,0.10523948
1356786130406,0.25029153,0.119843006,0.9607246,-0.9662473,-0.03159398,0.2556715,0.060993552,-0.99229,0.10789028
1356786130446,0.25223225,0.118701786,0.9603587,-0.9660361,-0.02670312,0.25702396,0.056153715,-0.9925709,0.10793477
1356786130486,0.25618765,0.115078926,0.95975244,-0.9652685,-0.022166103,0.26031786,0.051231027,-0.99310905,0.10540336
1356786130526,0.2625851,0.10940021,0.95868695,-0.9637831,-0.018243134,0.2660627,0.046596766,-0.9938303,0.10064769
1356786130567,0.27130997,0.10243496,0.95702565,-0.9615506,-0.015120387,0.27421123,0.042559385,-0.9946248,0.09439409
1356786130607,0.28183043,0.09532088,0.9547175,-0.95865697,-0.012832701,0.28427467,0.03934893,-0.99536383,0.0877634
1356786130647,0.29345965,0.08952132,0.95177066,-0.95525146,-0.0111730695,0.2955838,0.03709528,-0.9959222,0.08223659
1356786130687,0.30539563,0.08645022,0.94829315,-0.95155036,-0.009789318,0.30733705,0.03585249,-0.9962081,0.07927212
1356786130726,0.31687492,0.08720711,0.94444966,-0.9477941,-0.008399129,0.31877252,0.035731763,-0.9961548,0.07999292
1356786130767,0.32724172,0.09241924,0.94041026,-0.94421935,-0.0068950057,0.32924485,0.03691271,-0.9956963,0.0850077
1356786130807,0.33595487,0.1024313,0.9362917,-0.9410492,-0.0051912367,0.3382299,0.03950581,-0.99472654,0.09464884
1356786130846,0.34260452,0.117366314,0.93211985,-0.93847966,-0.0030131936,0.34532154,0.043337733,-0.9930842,0.109113514
1356786130884,0.34682122,0.13686183,0.9278922,-0.9367076,2.2143126E-5,0.35011292,0.047896504,-0.9905902,0.12820715
1356786130927,0.34845573,0.16058174,0.9234674,-0.9358432,0.004222572,0.3523913,0.05268821,-0.9870135,0.15175071
1356786130967,0.3471447,0.1873315,0.9189111,-0.9360576,0.00931403,0.35172358,0.0573301,-0.9822527,0.17858636
1356786131006,0.34292606,0.2163055,0.9141191,-0.93733263,0.014856249,0.3481191,0.061719626,-0.97621274,0.20784473
1356786131047,0.33573836,0.24670404,0.9090747,-0.9396555,0.020319104,0.34151816,0.06578237,-0.9688778,0.2386387
1356786131087,0.32589257,0.2779953,0.90361094,-0.9428579,0.025431752,0.33222324,0.06937602,-0.9602458,0.27039802
1356786131126,0.31390682,0.3096148,0.89755285,-0.946702,0.030146271,0.32069695,0.07223466,-0.950384,0.30257607
1356786131167,0.30048084,0.3407806,0.890831,-0.9509162,0.034614682,0.3075062,0.07395634,-0.93950534,0.3344549
1356786131206,0.2864595,0.37068364,0.8834787,-0.95522344,0.039191425,0.2932784,0.07408869,-0.92793196,0.36531243
1356786131247,0.27255887,0.39840314,0.8757777,-0.9594164,0.044112742,0.27852133,0.07233083,-0.916149,0.39425787
1356786131287,0.25945127,0.42360723,0.8678951,-0.9633297,0.04985112,0.26364917,0.068418145,-0.90447325,0.42100734
1356786131325,0.24716234,0.44525665,0.8606144,-0.96691424,0.05545181,0.24900174,0.06314704,-0.89368427,0.44423062
1356786131367,0.2363962,0.46356544,0.8539461,-0.9699894,0.06112498,0.23533851,0.056897372,-0.88395184,0.46410328
1356786131407,0.22686201,0.47828662,0.8483959,-0.9725989,0.065782845,0.22298867,0.050842583,-0.87573653,0.48010468
1356786131447,0.2182672,0.4883402,0.8449162,-0.9747749,0.067736804,0.2126635,0.04662016,-0.8700205,0.4908064
1356786131486,0.2103926,0.49204832,0.8447624,-0.9765604,0.06561571,0.20499846,0.04543948,-0.8680916,0.49431998
1356786131526,0.20316124,0.48806298,0.8488345,-0.9780091,0.05939901,0.19992486,0.047156006,-0.8707849,0.48939764
1356786131567,0.2011795,0.47499585,0.85668296,-0.9782615,0.052505612,0.20061818,0.05031216,-0.87842023,0.4752332
1356786131606,0.19415694,0.45281932,0.87020564,-0.97955155,0.041798532,0.19680357,0.052743107,-0.890622,0.4516753
1356786131646,0.18830407,0.4212626,0.88717496,-0.9806969,0.032200515,0.1928643,0.052679032,-0.90636694,0.4191944
1356786131687,0.18415391,0.38156736,0.9058112,-0.981658,0.025131404,0.18898737,0.049347073,-0.9239994,0.37919658
1356786131726,0.18177462,0.33637485,0.9240184,-0.9824034,0.021113515,0.18557417,0.04291323,-0.9414915,0.3342937
1356786131766,0.18104053,0.28902015,0.9400488,-0.9828881,0.020136595,0.18309975,0.033990115,-0.95711124,0.28771996
1356786131806,0.18177325,0.24267823,0.9529249,-0.98306614,0.021955311,0.1819315,0.023229003,-0.9698584,0.24255955
1356786131847,0.18381542,0.20001447,0.962396,-0.9828973,0.02627331,0.18227074,0.01117143,-0.97944057,0.20142308
1356786131887,0.18704805,0.16304779,0.9687252,-0.98234904,0.032887667,0.18414333,-0.0018349588,-0.9860699,0.16632143
1356786131927,0.1916315,0.13342679,0.97235525,-0.9813483,0.041458607,0.18771493,-0.015266359,-0.9901912,0.13888282
1356786131967,0.19774914,0.111997485,0.9738336,-0.9798355,0.05156386,0.19303772,-0.028594911,-0.9923698,0.11993584
1356786132006,0.20554394,0.09854475,0.97367376,-0.977782,0.06252259,0.20008335,-0.04115945,-0.99316657,0.10920644
1356786132046,0.21471852,0.09173086,0.9723587,-0.9752828,0.073296964,0.20844951,-0.052149743,-0.99308264,0.10520169
1356786132087,0.22450066,0.089402765,0.9703641,-0.9725784,0.08263534,0.21739948,-0.060750216,-0.9925616,0.1055029
1356786132126,0.23380831,0.08892384,0.9682077,-0.97001565,0.089297324,0.22604343,-0.06635764,-0.9920274,0.10713601
1356786132167,0.24156526,0.088202,0.9663677,-0.9679605,0.09224853,0.23354375,-0.06854698,-0.9918219,0.107660145
1356786132206,0.24706724,0.08687356,0.96509624,-0.9666784,0.09097567,0.23928306,-0.067012906,-0.9920566,0.10645595
1356786132247,0.2499797,0.08627993,0.96439934,-0.9662582,0.086101204,0.24275857,-0.062090784,-0.9925434,0.104892194
1356786132287,0.25004023,0.088386446,0.96419275,-0.9666884,0.07905948,0.24344012,-0.0547117,-0.99294376,0.105210245
1356786132326,0.24615026,0.09370363,0.9646915,-0.9680884,0.07209885,0.24001381,-0.047062993,-0.9929861,0.108460546
1356786132367,0.23892123,0.10300127,0.9655607,-0.9702239,0.06605399,0.23302874,-0.039776832,-0.9924855,0.11571601
1356786132406,0.22752246,0.11693996,0.9667257,-0.9732118,0.061002046,0.22166988,-0.03305024,-0.99126375,0.12768668
1356786132446,0.21236867,0.13650855,0.96760786,-0.976822,0.056811213,0.2063761,-0.026798844,-0.98900855,0.1454095
1356786132486,0.19448328,0.16269061,0.9673201,-0.9806802,0.05339998,0.18818825,-0.021038443,-0.9852311,0.16993281
1356786132527,0.17509815,0.19578198,0.9648886,-0.98441815,0.050912827,0.16831163,-0.016172856,-0.97932494,0.20164609
1356786132566,0.15558714,0.23528096,0.95939326,-0.9877355,0.049914062,0.14794257,-0.013079107,-0.97064483,0.24016142
1356786132606,0.13718373,0.27972928,0.9502275,-0.9904634,0.051103055,0.12794879,-0.012768537,-0.95871794,0.28407204
1356786132647,0.12080175,0.32656807,0.9374221,-0.9925528,0.054651618,0.10886729,-0.015679061,-0.9435923,0.3307381
1356786132686,0.106920004,0.37219927,0.92197394,-0.9940431,0.059720397,0.09116876,-0.02112773,-0.9262296,0.37636742
1356786132726,0.09558213,0.41233483,0.9060044,-0.995046,0.06457925,0.07558495,-0.027342826,-0.90874064,0.41646466
1356786132767,0.08621639,0.4422392,0.8927436,-0.9957658,0.06693727,0.06300685,-0.0318937,-0.8943958,0.44613776
1356786132806,0.07806778,0.45837077,0.88532573,-0.9963995,0.06532717,0.054039598,-0.033065617,-0.8863569,0.4618204
1356786132846,0.07067871,0.45969382,0.88526046,-0.99701536,0.060192347,0.04834476,-0.031062096,-0.8860352,0.46257615
1356786132886,0.0638181,0.44684792,0.89233077,-0.99758804,0.05302638,0.044792175,-0.027301818,-0.8930371,0.44915408
1356786132927,0.05750203,0.42146903,0.9050179,-0.99807864,0.04522389,0.042353928,-0.023077607,-0.90571445,0.42325965
1356786132966,0.051939428,0.38585144,0.9210977,-0.99846786,0.037691414,0.040513128,-0.019085467,-0.9217907,0.38721788
1356786133008,0.047534883,0.3428011,0.9382045,-0.998744,0.031202018,0.039201558,-0.015835524,-0.9388896,0.3438537
1356786133046,0.04483795,0.2956258,0.95425093,-0.99889565,0.026689887,0.038667172,-0.014037877,-0.9549309,0.29649603
1356786133086,0.044291317,0.24766943,0.9678317,-0.99891293,0.025069237,0.039298505,-0.014529765,-0.96852016,0.24851057
1356786133127,0.046142817,0.20209914,0.97827744,-0.99877423,0.02689612,0.04155323,-0.017913967,-0.9789957,0.20309249
1356786133166,0.050363958,0.16168869,0.98555577,-0.99843633,0.032115757,0.04575333,-0.024254084,-0.98631907,0.1630534
1356786133206,0.056669235,0.12856615,0.99008036,-0.9978498,0.039997756,0.051919997,-0.032925814,-0.9908939,0.1305564
1356786133246,0.064521134,0.10376382,0.992507,-0.99699736,0.04937601,0.059650898,-0.04281643,-0.99337554,0.106638014
1356786133286,0.07336056,0.087249994,0.99348164,-0.99592507,0.058805168,0.06837666,-0.05245602,-0.9944494,0.0912084
1356786133327,0.08258304,0.077504784,0.99356586,-0.9947816,0.066348284,0.07750854,-0.05991417,-0.99478185,0.08257949
1356786133366,0.09127197,0.072425276,0.99318886,-0.9937787,0.070545524,0.08618185,-0.06382334,-0.9948758,0.07841349
1356786133406,0.09861648,0.06952888,0.99269366,-0.9931014,0.070470214,0.09372121,-0.06343904,-0.9950878,0.07599875
1356786133446,0.10387567,0.067735195,0.9922812,-0.992851,0.06603822,0.09942746,-0.058793813,-0.99551547,0.07411069
1356786133486,0.10659981,0.068149775,0.99196374,-0.9929993,0.058347344,0.10270253,-0.05087933,-0.9959675,0.073892504
1356786133526,0.10638064,0.07257372,0.99167347,-0.9934482,0.04964435,0.10293794,-0.041760445,-0.9961268,0.077379405
1356786133566,0.10267687,0.08189818,0.99133754,-0.9941484,0.042073965,0.0994921,-0.03356126,-0.9957522,0.08573902
1356786133606,0.0948956,0.096114635,0.99083644,-0.9951079,0.036634684,0.09175098,-0.027480423,-0.9946959,0.099120826
1356786133646,0.08276808,0.11518517,0.9898898,-0.99628985,0.0330683,0.079455346,-0.023581922,-0.99279344,0.11749479
1356786133686,0.06656754,0.13935286,0.9880029,-0.9975559,0.030373216,0.06292719,-0.021239787,-0.9897769,0.1410341
1356786133745,0.047206104,0.16896915,0.98449016,-0.9986898,0.02747339,0.043171644,-0.019752532,-0.9852383,0.17004478
1356786133767,0.026174247,0.20426261,0.9785661,-0.9994792,0.023828328,0.021759808,-0.018872797,-0.9786261,0.20478001
1356786133807,0.0054833293,0.24523997,0.9694469,-0.99980414,0.019779503,6.5141916E-4,-0.019015431,-0.9692606,0.24530041
1356786133844,-0.012916565,0.29056677,0.95676756,-0.99969864,0.016224861,-0.018423587,-0.020876765,-0.95671713,0.29026958
1356786133887,-0.027387619,0.33747312,0.9409367,-0.99932015,0.013997674,-0.034107327,-0.02468124,-0.94123113,0.3368603
1356786133927,-0.037504315,0.38045424,0.924039,-0.9988695,0.012757003,-0.04579392,-0.029210478,-0.9247118,0.37954563
1356786133966,-0.043778002,0.4129279,0.909711,-0.9985205,0.011315525,-0.053187996,-0.032256722,-0.9106935,0.41182148
1356786134006,-0.04714799,0.4303326,0.90143824,-0.9983651,0.008891702,-0.056462318,-0.03231293,-0.90262663,0.42920983
1356786134046,-0.048106074,0.43143842,0.90085894,-0.9984077,0.0058309436,-0.0561077,-0.029459894,-0.90212363,0.43047088
1356786134086,-0.046713173,0.41788918,0.9072963,-0.998601,0.0029940605,-0.052793145,-0.024778157,-0.9084931,0.41716462
1356786134126,-0.04290694,0.39256456,0.9187231,-0.99889004,0.0010347962,-0.047093064,-0.01943776,-0.91972387,0.3920844
1356786134166,-0.036603272,0.35877606,0.93270576,-0.9992238,4.606247E-4,-0.039390862,-0.01456216,-0.93342364,0.35848063
1356786134206,-0.027758598,0.32014576,0.9469616,-0.9995508,0.001821816,-0.029916108,-0.01130271,-0.9473666,0.31995133
1356786134246,-0.016648471,0.27974516,0.95992994,-0.99980515,0.0055259466,-0.018950462,-0.010605842,-0.9600584,0.27959865
1356786134289,-0.0037007928,0.23974568,0.9708288,-0.9999077,0.011810303,-0.0067281723,-0.013078839,-0.9707639,0.23967975
1356786134328,0.010986447,0.2030884,0.9790988,-0.9997717,0.020180404,0.007032603,-0.018330425,-0.9789525,0.2032637
1356786134369,0.026446879,0.17138138,0.9848497,-0.9993104,0.03022176,0.021576047,-0.026066154,-0.9847411,0.1720624
1356786134408,0.042655528,0.14614704,0.9883428,-0.9984665,0.04117638,0.037003666,-0.035288393,-0.9884056,0.14767933
1356786134448,0.059153616,0.12804785,0.9900023,-0.9972429,0.052090883,0.052848697,-0.044802904,-0.990399,0.13077623
1356786134488,0.07546249,0.11660677,0.9903071,-0.99571556,0.06203726,0.06856981,-0.053440213,-0.9912387,0.12078869
1356786134528,0.0910351,0.11015257,0.98973686,-0.99402976,0.07007548,0.08363098,-0.060144126,-0.9914413,0.11587429
1356786134568,0.10520235,0.106387466,0.9887438,-0.992398,0.07508388,0.097512215,-0.06386468,-0.99148583,0.11347768
1356786134608,0.117334366,0.10378751,0.98765415,-0.99105775,0.07586658,0.109766245,-0.06353754,-0.9917017,0.11176121
1356786134648,0.12695196,0.10267642,0.98658025,-0.9901681,0.07201889,0.119918406,-0.058739632,-0.99210423,0.11080983
1356786134688,0.13367876,0.10439107,0.9855113,-0.9897386,0.06470975,0.12739775,-0.050472975,-0.9924289,0.111970216
1356786134726,0.13710651,0.109837085,0.98444784,-0.9897175,0.056081682,0.13158324,-0.04075679,-0.9923662,0.116396844
1356786134766,0.13684377,0.119372934,0.98337376,-0.9900979,0.04785511,0.13197035,-0.03130579,-0.9916956,0.12473953
1356786134806,0.13265333,0.1333547,0.98215055,-0.9908985,0.04071632,0.12830654,-0.022879362,-0.99023175,0.13754204
1356786134846,0.12470108,0.15234146,0.9804294,-0.9920733,0.03458017,0.12080893,-0.015499204,-0.98772275,0.15544605
1356786134886,0.113635,0.1768775,0.977651,-0.993482,0.029123008,0.11020616,-0.008979142,-0.98380196,0.17903402
1356786134926,0.100578606,0.20735052,0.97308254,-0.9949231,0.024367511,0.09764364,-0.0034650862,-0.9779632,0.2087487
1356786134966,0.08692402,0.24360743,0.9659709,-0.996215,0.021105468,0.08432308,1.5446544E-4,-0.9696443,0.24451998
1356786135006,0.07422674,0.28482634,0.955701,-0.9972413,0.020778418,0.0712606,4.389286E-4,-0.958354,0.28558293
1356786135046,0.06374204,0.3288519,0.94222784,-0.9979595,0.024502516,0.058960527,-0.0036976933,-0.94406354,0.32974276
1356786135086,0.05624169,0.3722347,0.926433,-0.99834466,0.032149315,0.047689855,-0.01203239,-0.92758167,0.3734267
1356786135126,0.05159104,0.40992653,0.91065836,-0.9984162,0.041659713,0.03780985,-0.022438496,-0.91116667,0.4114265
1356786135166,0.04876876,0.43610886,0.8985715,-0.9983084,0.049795687,0.030014247,-0.03165552,-0.8985152,0.43779954
1356786135206,0.04649055,0.4467166,0.8934668,-0.99822086,0.054203272,0.024840653,-0.037332058,-0.893032,0.44844186
1356786135246,0.04384029,0.44084284,0.896513,-0.99827933,0.0543077,0.022111952,-0.038939685,-0.8959399,0.44246516
1356786135289,0.040362895,0.4195655,0.9068272,-0.99850756,0.05035299,0.021146566,-0.03678909,-0.90632737,0.42097175
1356786135328,0.03666675,0.38759637,0.92109966,-0.9988167,0.0436818,0.021379262,-0.031948775,-0.92079365,0.3887394
1356786135368,0.032823086,0.3479237,0.9369481,-0.9991352,0.035363615,0.021869808,-0.025524795,-0.9368557,0.34878355
1356786135408,0.0298028,0.30487117,0.95192724,-0.99936545,0.027672112,0.022425532,-0.019505024,-0.95199156,0.30550236
1356786135446,0.02840364,0.2622473,0.96458256,-0.9994681,0.022916675,0.023200393,-0.016020745,-0.96472853,0.26275873
1356786135486,0.02930832,0.2228949,0.97440183,-0.99943197,0.02276212,0.024854332,-0.01663959,-0.9745767,0.22343534
1356786135526,0.033034503,0.1886527,0.98148805,-0.9992183,0.027568936,0.028332233,-0.021713555,-0.9816568,0.18941599
1356786135566,0.039825797,0.1604192,0.9862452,-0.9987507,0.036203623,0.034442037,-0.030180514,-0.98638475,0.16166067
1356786135607,0.04969752,0.13851443,0.9891127,-0.9979644,0.046515882,0.043628156,-0.039966285,-0.9892674,0.1405442
1356786135646,0.06239581,0.12284377,0.99046266,-0.9968512,0.056327105,0.05581215,-0.048933774,-0.99082625,0.12597153
1356786135686,0.07724872,0.11251694,0.9906426,-0.9954478,0.064338654,0.07031596,-0.055824935,-0.99156475,0.11697477
1356786135726,0.09308329,0.1054852,0.99005485,-0.99382794,0.07011148,0.08596811,-0.060345918,-0.9919462,0.11136025
1356786135766,0.108517975,0.09925607,0.9891269,-0.99214053,0.0731695,0.10150623,-0.062298864,-0.9923681,0.106416136
1356786135806,0.122433156,0.092641324,0.98814356,-0.9906014,0.07258418,0.11593279,-0.06098351,-0.99305046,0.100657284
1356786135846,0.13425767,0.08678052,0.98713934,-0.9893725,0.067861795,0.12859565,-0.055829436,-0.9939135,0.09496918
1356786135886,0.14372468,0.08432144,0.9860188,-0.9884786,0.06002426,0.13895014,-0.047468632,-0.99462914,0.09197685
1356786135926,0.1503745,0.087575704,0.9847426,-0.98790956,0.051308542,0.14629507,-0.037713826,-0.9948356,0.09423235
1356786135966,0.15336022,0.09747684,0.9833509,-0.9877614,0.043748587,0.1497114,-0.028426886,-0.9942758,0.10299313
1356786136006,0.15170434,0.11381626,0.9818511,-0.98820937,0.038256913,0.14825201,-0.0206891,-0.99276495,0.11827803
1356786136046,0.14507136,0.13651022,0.97995883,-0.9893111,0.03478989,0.14160958,-0.014761567,-0.99002767,0.14009807
1356786136086,0.13354707,0.16547513,0.97713006,-0.9909874,0.03268522,0.12990579,-0.010441482,-0.9856721,0.16834885
1356786136126,0.11824089,0.20072567,0.97248554,-0.992957,0.031238794,0.1142821,-0.0074398816,-0.9791492,0.20300576
1356786136166,0.100911915,0.24198273,0.9650187,-0.9948778,0.030305803,0.09643495,-0.005910039,-0.96980715,0.24380147
1356786136206,0.08376336,0.28826624,0.95387954,-0.9964637,0.0305807,0.0782612,-0.0066102147,-0.9570618,0.28980842
1356786136246,0.06875074,0.33712086,0.9389477,-0.99758315,0.03271544,0.061297953,-0.010053247,-0.94089276,0.33855537
1356786136289,0.056858122,0.38427302,0.92146695,-0.9982625,0.036174715,0.046511054,-0.015460879,-0.9225105,0.3856622
1356786136328,0.0471403,0.42292887,0.90493596,-0.9986754,0.038657784,0.03395644,-0.020621628,-0.9053379,0.42419097
1356786136368,0.038145185,0.44773644,0.89335155,-0.99898785,0.03841114,0.023404568,-0.0238356,-0.8933401,0.44874847
1356786136408,0.028544068,0.45630145,0.88936734,-0.9992907,0.03489089,0.0141708255,-0.024564683,-0.88914096,0.45697367
1356786136448,0.01791364,0.44920143,0.8932508,-0.9995718,0.028717935,0.0056040585,-0.023134977,-0.8929688,0.44952357
1356786136488,0.006560266,0.42850253,0.90351677,-0.9997747,0.021051824,-0.002724886,-0.020188302,-0.90329534,0.428544
1356786136526,-0.004658401,0.39711806,0.91775566,-0.9998518,0.013355494,-0.010854155,-0.016567469,-0.91767037,0.39699703
1356786136566,-0.014614224,0.3583526,0.9334719,-0.9998049,0.007166147,-0.018403739,-0.013284355,-0.9335588,0.35817805
1356786136606,-0.022131681,0.31557718,0.9486418,-0.9996903,0.0038167238,-0.02459231,-0.011381477,-0.94889224,0.315395
1356786136646,-0.026224136,0.27203944,0.9619287,-0.9995872,0.0041632056,-0.028428167,-0.011738241,-0.96227705,0.27181798
1356786136687,-0.026291609,0.2306762,0.9726753,-0.99954283,0.008465767,-0.029025555,-0.01492992,-0.97299373,0.23034814
1356786136727,-0.022134423,0.19391906,0.98076785,-0.99953234,0.016411304,-0.025802761,-0.021099359,-0.98088026,0.19346511
1356786136764,-0.013865292,0.16354781,0.9864379,-0.9994628,0.027032018,-0.01853019,-0.029695958,-0.986165,0.16308516
1356786136807,-0.0021489263,0.14027962,0.99010956,-0.99920297,0.039164603,-0.00771752,-0.03985986,-0.9893371,0.14008367
1356786136847,0.012329578,0.123785794,0.9922323,-0.9986611,0.05137986,0.0059995353,-0.050238043,-0.9909779,0.12425357
1356786136886,0.028378546,0.11280182,0.99321216,-0.99782324,0.0623672,0.021427125,-0.05952686,-0.9916582,0.11432618
1356786136926,0.04483065,0.10505906,0.99345493,-0.99677634,0.07093868,0.037478715,-0.06653687,-0.99193263,0.10790062
1356786136966,0.06047526,0.09815982,0.99333155,-0.9956949,0.075966984,0.05311224,-0.070246965,-0.992267,0.10233128
1356786137006,0.07450774,0.09123999,0.9930377,-0.9947819,0.07639757,0.067619234,-0.06969607,-0.9928942,0.09645614
1356786137046,0.08681828,0.085704654,0.99253076,-0.99412644,0.07207304,0.08073434,-0.06461543,-0.9937103,0.09145853
1356786137086,0.097506404,0.0840956,0.9916756,-0.9936514,0.06441289,0.09223837,-0.05611983,-0.9943736,0.08984238
1356786137126,0.106268525,0.08820149,0.99041784,-0.9932617,0.055736125,0.101610094,-0.046239942,-0.9945421,0.09353015
1356786137166,0.11225873,0.09838602,0.98879635,-0.99300396,0.047779024,0.10798237,-0.036619812,-0.9940007,0.10306132
1356786137207,0.11451015,0.11436027,0.98681766,-0.99302727,0.041178733,0.11045855,-0.028003752,-0.9925855,0.118278325
1356786137246,0.11257139,0.13608405,0.9842808,-0.9934319,0.035856694,0.10866049,-0.020506054,-0.99004817,0.13922673
1356786137289,0.10699272,0.16426006,0.9805974,-0.99416184,0.031517804,0.103193164,-0.013955742,-0.9859134,0.16667327
1356786137328,0.09818292,0.19799131,0.9752741,-0.9951337,0.027719796,0.09455481,-0.008313388,-0.9798118,0.19974941
1356786137368,0.08896804,0.23755881,0.9672902,-0.9960265,0.02508372,0.08545074,-0.0039635897,-0.9710492,0.2388466
1356786137408,0.080991685,0.28193888,0.9560078,-0.9967127,0.024878204,0.07710326,-0.002045393,-0.9591098,0.2830269
1356786137448,0.07615328,0.32905793,0.94123405,-0.99708843,0.028845787,0.070587784,-0.0039231777,-0.9438691,0.33029652
1356786137486,0.075324595,0.37552282,0.9237472,-0.9971082,0.037721336,0.06597215,-0.01007095,-0.92604524,0.3772782
1356786137526,0.077914536,0.41674688,0.90567726,-0.9967792,0.0498659,0.06280613,-0.018988132,-0.90765375,0.41928995
1356786137566,0.08198851,0.44769147,0.8904214,-0.99625754,0.061348498,0.06088856,-0.027366728,-0.89208114,0.45104584
1356786137606,0.08524257,0.4644985,0.88146174,-0.9958389,0.06833255,0.060294747,-0.03222567,-0.8829336,0.46839055
1356786137646,0.08614868,0.4659123,0.88062704,-0.995733,0.0696103,0.060580462,-0.03307551,-0.8820884,0.46992114
1356786137686,0.08424932,0.45282796,0.8876085,-0.99595284,0.06625205,0.060733438,-0.03130406,-0.889133,0.45657703
1356786137726,0.079761624,0.42716485,0.9006488,-0.99641186,0.05982673,0.05986741,-0.028309584,-0.90219223,0.43040407
1356786137766,0.073575735,0.39173016,0.9171337,-0.9969779,0.051882803,0.057820767,-0.024933368,-0.9186162,0.39436358
1356786137806,0.06694406,0.34981322,0.9344245,-0.99751747,0.043974638,0.055001736,-0.021850675,-0.9357868,0.3518886
1356786137846,0.061360538,0.30493802,0.95039344,-0.9979159,0.037791073,0.052303314,-0.019967109,-0.9516221,0.3066214
1356786137886,0.05819404,0.26040074,0.96374524,-0.998096,0.034941554,0.050827175,-0.020439327,-0.9648682,0.26193833
1356786137926,0.05854833,0.21906045,0.9739531,-0.9979892,0.03657925,0.05176592,-0.024286658,-0.9750254,0.22076154
1356786137966,0.06306696,0.18307418,0.9810741,-0.99750155,0.04291618,0.056114614,-0.031830788,-0.98216194,0.18532339
1356786138006,0.07187694,0.15370381,0.9854993,-0.9965129,0.053045213,0.06440702,-0.04237646,-0.9866922,0.15698051
1356786138046,0.08462182,0.13130644,0.9877235,-0.99493396,0.06512824,0.07658154,-0.05427307,-0.9892002,0.1361525
1356786138087,0.10051224,0.11550301,0.98820865,-0.9927792,0.07700458,0.0919767,-0.06547299,-0.99031776,0.12240893
1356786138126,0.11842555,0.10501745,0.9873939,-0.9901935,0.08670682,0.10953936,-0.07411021,-0.9906832,0.114255935
1356786138166,0.13663432,0.09763968,0.98579794,-0.9874637,0.092819124,0.12767184,-0.0790351,-0.99088407,0.10909787
1356786138206,0.15340266,0.091293395,0.98393756,-0.9849525,0.09433517,0.14480811,-0.07959992,-0.9913457,0.10439089
1356786138246,0.16775498,0.085787,0.98208904,-0.9829344,0.09083578,0.1599648,-0.075485975,-0.992164,0.099561125
1356786138289,0.17957136,0.08286193,0.9802489,-0.98145306,0.08306947,0.17276993,-0.067112684,-0.9930929,0.09624201
1356786138328,0.18852714,0.084207565,0.97845113,-0.98043156,0.073631376,0.18257189,-0.056670785,-0.9937241,0.09644121
1356786138368,0.19424745,0.09081045,0.97674024,-0.9798746,0.06463006,0.18886197,-0.04597619,-0.9937688,0.10153705
1356786138408,0.19557887,0.10275999,0.97528934,-0.9800116,0.05741042,0.1904769,-0.03641841,-0.9930481,0.111934185
1356786138448,0.19213164,0.120294034,0.9739685,-0.98095924,0.052223027,0.18706062,-0.02836129,-0.99136376,0.12803727
1356786138486,0.18425885,0.14397308,0.9722759,-0.9826424,0.048629373,0.17902246,-0.021506727,-0.98838603,0.15043443
1356786138526,0.17311355,0.17428413,0.9693589,-0.98478055,0.04607883,0.16758293,-0.0154598355,-0.98361665,0.17960852
1356786138566,0.16031414,0.21101639,0.9642466,-0.98701215,0.044478,0.15436548,-0.010314107,-0.97647005,0.21540615
1356786138606,0.14799392,0.25321305,0.9560236,-0.98896456,0.04459536,0.1412817,-0.0068598986,-0.96638215,0.25701854
1356786138646,0.13822663,0.29903457,0.94417775,-0.99038124,0.047693014,0.12988576,-0.00619033,-0.95304966,0.30275074
1356786138686,0.13224888,0.3454026,0.9290894,-0.9911765,0.054504633,0.12082365,-0.008906871,-0.93687046,0.34956315
1356786138726,0.1299395,0.3881044,0.9124093,-0.99141777,0.06419164,0.113886625,-0.01436916,-0.9193772,0.39311466
1356786138766,0.12953424,0.42222607,0.8971878,-0.9913626,0.073871255,0.1083664,-0.020521253,-0.90347564,0.42814803
1356786138806,0.12846237,0.44352096,0.8870099,-0.9913985,0.08000535,0.10357651,-0.025027156,-0.892686,0.44998375
1356786138846,0.12479359,0.44989657,0.8843187,-0.99181664,0.08077562,0.09886894,-0.026950628,-0.8894203,0.4562952
1356786138887,0.11776221,0.44131565,0.8895912,-0.99267733,0.0765841,0.093416065,-0.026902586,-0.8940779,0.4471028
1356786138926,0.10792196,0.41945753,0.90133685,-0.9938245,0.06904608,0.086863816,-0.025798082,-0.9051452,0.42431885
1356786138966,0.096274614,0.38664615,0.9171891,-0.9950638,0.05966699,0.0792959,-0.024066448,-0.92029595,0.39048204
1356786139006,0.08468956,0.34620482,0.93432856,-0.99616426,0.050132275,0.071718514,-0.022010744,-0.93681854,0.34912255
1356786139046,0.07500392,0.3017385,0.9504359,-0.9969795,0.041959107,0.065356016,-0.020158976,-0.95246696,0.30397415
1356786139086,0.06881124,0.25675488,0.9640238,-0.9974433,0.036382854,0.06150654,-0.019281834,-0.96579146,0.258602
1356786139126,0.06729418,0.21437675,0.9744301,-0.99752873,0.034223914,0.06136,-0.02019462,-0.9761512,0.2161501
1356786139166,0.071341634,0.17723873,0.98157877,-0.99717796,0.0357399,0.06602201,-0.023379862,-0.9835187,0.17928824
1356786139206,0.08132285,0.1471704,0.9857623,-0.99627244,0.04055196,0.076135635,-0.028769672,-0.98827946,0.14991963
1356786139246,0.0971542,0.12505326,0.98738176,-0.994625,0.047891796,0.091801345,-0.03580743,-0.99099344,0.12903395
1356786139288,0.117910385,0.110663,0.9868388,-0.99205583,0.057005167,0.11214119,-0.043845057,-0.9922218,0.116505355
1356786139328,0.14191961,0.10214993,0.9845934,-0.9885224,0.06666529,0.13556951,-0.05178976,-0.9925327,0.110438585
1356786139368,0.16645613,0.09699759,0.98126644,-0.9843054,0.0754973,0.15950876,-0.058610976,-0.99241704,0.10804224
1356786139408,0.18936,0.09245974,0.9775448,-0.97987694,0.08178875,0.18207583,-0.063117474,-0.99235153,0.10608673
1356786139448,0.20921403,0.08725482,0.97396934,-0.97577363,0.08381069,0.2020933,-0.06399548,-0.99265426,0.10267526
1356786139488,0.22601584,0.08232555,0.97063863,-0.9722583,0.08069798,0.2195485,-0.060254097,-0.993333,0.09828073
1356786139526,0.24039641,0.079954356,0.96737635,-0.96926236,0.073515445,0.23478898,-0.05234471,-0.9940839,0.09516963
1356786139585,0.25237042,0.082039386,0.9641466,-0.96671844,0.06463331,0.24754393,-0.042007595,-0.99453104,0.09562054
1356786139607,0.26090923,0.08935654,0.96121883,-0.9648547,0.0564532,0.2566481,-0.031330585,-0.9943985,0.10094532
1356786139647,0.26469812,0.10229638,0.9588901,-0.9640863,0.050484747,0.2607466,-0.021735787,-0.993472,0.1119858
1356786139684,0.2627453,0.121303886,0.95720965,-0.96476376,0.047417194,0.25880983,-0.013993561,-0.99148226,0.12948823
1356786139727,0.25536707,0.14717457,0.9555769,-0.9668069,0.047542542,0.25104582,-0.008482963,-0.98796725,0.15443021
1356786139766,0.24304497,0.18004477,0.9531596,-0.9700006,0.050467312,0.23780635,-0.0052876174,-0.982363,0.18690938
1356786139806,0.22805429,0.2201088,0.9484426,-0.9736386,0.055936933,0.22113115,-0.004380077,-0.9738702,0.22706303
1356786139846,0.21244287,0.26657075,0.9401106,-0.9771555,0.0637877,0.2027269,-0.00592643,-0.96170217,0.27403232
1356786139886,0.19814467,0.3169771,0.92750424,-0.98011816,0.07405567,0.18407601,-0.010339022,-0.9455375,0.32534885
1356786139927,0.18575859,0.36699843,0.91148555,-0.98244166,0.085779965,0.1656811,-0.017382532,-0.9262581,0.37648886
1356786139966,0.17296046,0.41008428,0.8954974,-0.9846171,0.09486115,0.14673272,-0.024775088,-0.90710104,0.42018324
1356786140006,0.15724498,0.4407962,0.8837267,-0.9871138,0.097043276,0.1272366,-0.029674381,-0.892346,0.45037547
1356786140046,0.13586855,0.45596305,0.8795667,-0.9902563,0.08986324,0.10638237,-0.030534327,-0.8854504,0.46372977
1356786140086,0.10781956,0.45489419,0.88399446,-0.9937862,0.07403529,0.083112955,-0.02763924,-0.88746274,0.46005
1356786140126,0.0737195,0.4386794,0.89561486,-0.9970358,0.05225408,0.056473136,-0.022025973,-0.89712316,0.44123113
1356786140166,0.035518765,0.40962312,0.91156304,-0.99925816,0.02813524,0.02629283,-0.0148768425,-0.91182077,0.4103187
1356786140206,-0.0035483837,0.3713298,0.92849433,-0.99996364,0.0058894753,-0.0061768293,-0.007761985,-0.9284824,0.3712954
1356786140246,-0.03988087,0.32803178,0.9438244,-0.99920106,-0.010661006,-0.038515538,-0.0025721192,-0.9446064,0.32819498
1356786140289,-0.07093537,0.28313854,0.95645213,-0.99748015,-0.018956661,-0.0683665,-0.0012260079,-0.95889163,0.28376976
1356786140328,-0.0927673,0.24170917,0.96590424,-0.99567896,-0.018429816,-0.09101501,-0.0041977465,-0.9701737,0.24237442
1356786140368,-0.10602093,0.20578164,0.97283787,-0.99429256,-0.010219812,-0.10619727,-0.011911273,-0.9785446,0.20569065
1356786140408,-0.10993165,0.17688042,0.97807384,-0.99366826,0.0034176111,-0.11230242,-0.02320683,-0.98422647,0.1753847
1356786140448,-0.10561603,0.15510294,0.9822364,-0.99374676,0.019525468,-0.10993695,-0.036230177,-0.98770535,0.15207085
1356786140488,-0.09475386,0.13937867,0.98569536,-0.99429893,0.035387754,-0.100584745,-0.048900962,-0.9896066,0.13523093
1356786140528,-0.079310775,0.12793994,0.9886056,-0.9950787,0.04893279,-0.086162746,-0.05939886,-0.99057406,0.12342942
1356786140567,-0.0614627,0.118685335,0.99102783,-0.99589705,0.05877906,-0.068804055,-0.066417724,-0.9911907,0.11458564
1356786140608,-0.043557584,0.109870315,0.9929911,-0.9966577,0.063978076,-0.050797284,-0.06911084,-0.99188477,0.106716335
1356786140646,-0.027269065,0.10118553,0.9944938,-0.997381,0.06391555,-0.033851355,-0.066988885,-0.9928123,0.09917763
1356786140686,-0.013246179,0.094148904,0.99547005,-0.998085,0.058915377,-0.018852979,-0.060423493,-0.9938134,0.09318817
1356786140726,-0.0019237995,0.09096128,0.9958526,-0.99870175,0.0505172,-0.006543517,-0.050902873,-0.9945723,0.090746075
1356786140766,0.005620301,0.09316233,0.99563503,-0.9991697,0.040700972,0.0018317997,-0.040352583,-0.9948187,0.093313724
1356786140806,0.00779593,0.1014294,0.9948122,-0.99951667,0.030730188,0.0046996176,-0.030094087,-0.99436796,0.1016199
1356786140846,0.0032064915,0.11604974,0.9932382,-0.9997839,0.02077365,8.004308E-4,-0.020540327,-0.99302614,0.11609125
1356786140886,-0.008870661,0.13702834,0.9905274,-0.9998938,0.010236621,-0.010370702,-0.011560708,-0.99051416,0.13692302
1356786140926,-0.027727365,0.16429701,0.9860211,-0.99961126,-0.0016728044,-0.02783081,-0.0029230714,-0.9864094,0.16427952
1356786140966,-0.051963627,0.19729182,0.9789666,-0.99863553,-0.0153387785,-0.049916446,0.00516811,-0.9802248,0.19781977
1356786141006,-0.0786472,0.23521668,0.9687557,-0.99683243,-0.030077457,-0.07362369,0.011820167,-0.9714775,0.23683709
1356786141046,-0.1042161,0.27693084,0.95522165,-0.9944321,-0.0440982,-0.09570938,0.015618652,-0.95987743,0.27998462
1356786141086,-0.065577745,0.3234833,0.9439587,-0.99773127,-0.035688758,-0.05708328,0.015223265,-0.9455606,0.32508984
1356786141126,-0.12168789,0.36480087,0.9230993,-0.9925149,-0.054375052,-0.109350085,0.010302573,-0.9294964,0.36868715
1356786141166,-0.15666461,0.4005,0.9028044,-0.9876489,-0.06573373,-0.14222714,0.002382785,-0.9139358,0.40585166
1356786141206,-0.1769765,0.42540425,0.8875306,-0.98419875,-0.07129365,-0.1620805,-0.0056744814,-0.9021909,0.43129957
1356786141246,-0.18983138,0.43563464,0.8798785,-0.981748,-0.07362449,-0.1753574,-0.011611074,-0.8971074,0.4416598
1356786141289,-0.20068115,0.42976218,0.8803587,-0.9795416,-0.07426071,-0.18703866,-0.015006006,-0.89988315,0.43587273
1356786141328,-0.21035433,0.41078433,0.8871343,-0.97748446,-0.072978795,-0.19798532,-0.016587287,-0.90880716,0.41688672
1356786141368,-0.2206592,0.38040572,0.8981097,-0.97520536,-0.070138514,-0.20989299,-0.016852409,-0.9221562,0.3864504
1356786141408,-0.2297523,0.34250167,0.910992,-0.9731127,-0.06516731,-0.22091845,-0.016298056,-0.9372544,0.34826505
1356786141448,-0.23567718,0.3012135,0.9239733,-0.971704,-0.057639778,-0.2290613,-0.015738755,-0.95181304,0.30627468
1356786141488,-0.2366988,0.26025504,0.9360775,-0.9714462,-0.04722166,-0.23251331,-0.016309708,-0.96438456,0.26400104
1356786141526,-0.23176199,0.22251105,0.94698215,-0.97258484,-0.03388107,-0.23006693,-0.01910764,-0.9743413,0.22426325
1356786141566,-0.22045326,0.19005841,0.95670176,-0.9750846,-0.0180974,-0.22109398,-0.02470696,-0.981606,0.1893127
1356786141606,-0.20307016,0.16401622,0.96532965,-0.97861016,-8.357167E-4,-0.20572188,-0.032935023,-0.98645735,0.16067761
1356786141646,-0.18020117,0.1446465,0.9729362,-0.98269916,0.016541362,-0.1844686,-0.042776406,-0.9893451,0.13916326
1356786141686,-0.15273452,0.13139606,0.9794934,-0.98686624,0.032477915,-0.15824097,-0.0526042,-0.9907978,0.124709785
1356786141726,-0.12192494,0.1228182,0.9849112,-0.9906751,0.045731187,-0.12834111,-0.0608038,-0.99137497,0.11609715
1356786141766,-0.08954656,0.11651641,0.9891437,-0.99376756,0.055746496,-0.09653184,-0.066388845,-0.99162304,0.1107983
1356786141807,-0.057649076,0.10994741,0.9922642,-0.9959614,0.062190294,-0.064754784,-0.06882888,-0.9919899,0.10591811
1356786141846,-0.027700424,0.10217857,0.99438035,-0.9973297,0.06442094,-0.03440216,-0.06757414,-0.99267805,0.10012114
1356786141886,-1.6194582E-4,0.094804585,0.9954959,-0.9980411,0.062264383,-0.006092012,-0.06256154,-0.9935468,0.09460881
1356786141926,0.024798512,0.09061065,0.99557763,-0.99818027,0.05700153,0.019675523,-0.05496663,-0.9942539,0.09185928
1356786141966,0.046448797,0.09148839,0.99472225,-0.9978273,0.050828546,0.041918904,-0.046725154,-0.99450815,0.09365058
1356786142006,0.063533455,0.097791255,0.9931768,-0.99720687,0.045376092,0.05932331,-0.039265156,-0.99417186,0.10040107
1356786142046,0.06844604,0.109545946,0.9916223,-0.99711275,0.040272593,0.06437597,-0.032883078,-0.9931655,0.11198613
1356786142087,0.07369983,0.1263232,0.98924756,-0.99691343,0.036239684,0.06964332,-0.027052492,-0.991327,0.12860414
1356786142126,0.075607836,0.1479998,0.98609304,-0.99691343,0.032191634,0.07160595,-0.021146268,-0.9884634,0.14997691
1356786142166,0.07437414,0.17507425,0.981742,-0.9971199,0.02771014,0.07059756,-0.014844328,-0.9841652,0.176631
1356786142206,0.0712505,0.20734218,0.9756703,-0.9974195,0.023456872,0.0678539,-0.008817196,-0.9779872,0.20847848
1356786142246,0.06848085,0.24402675,0.9673476,-0.9976417,0.021251917,0.065264404,-0.004631728,-0.96953565,0.24490657
1356786142288,0.06839806,0.2840051,0.9563801,-0.9976503,0.023268044,0.06443998,-0.0039518178,-0.95854044,0.28492925
1356786142328,0.072292805,0.32428843,0.9431918,-0.99735886,0.03014952,0.06607857,-0.0070082545,-0.9454777,0.32561153
1356786142368,0.08030677,0.36152002,0.9288994,-0.9966892,0.04100263,0.07020959,-0.012705147,-0.9314623,0.3636159
1356786142408,0.09112054,0.39046136,0.9160988,-0.9956621,0.053105414,0.076399654,-0.018818676,-0.91908634,0.39360654
1356786142448,0.10263616,0.40665954,0.90779614,-0.99443394,0.06379324,0.08385444,-0.023811042,-0.9113498,0.4109435
1356786142486,0.11320901,0.40820476,0.9058435,-0.9931927,0.07165557,0.09183511,-0.027421206,-0.91007376,0.41353807
1356786142545,0.121925235,0.39547253,0.91034925,-0.9920926,0.07607263,0.09982598,-0.029774219,-0.91532207,0.40162057
1356786142567,0.12870055,0.37060016,0.91983247,-0.9912059,0.07685983,0.10772014,-0.030777127,-0.92560697,0.37723282
1356786142607,0.13404477,0.33665532,0.9320382,-0.9905059,0.07446247,0.11555746,-0.030498832,-0.9386792,0.34344035
1356786142644,0.13913804,0.29751563,0.9445237,-0.9898286,0.070355356,0.1236507,-0.029664278,-0.95212114,0.3042786
1356786142687,0.14495426,0.2562125,0.95569,-0.9889972,0.0663594,0.13221583,-0.029543698,-0.96434,0.2630125
1356786142726,0.15276396,0.21589082,0.96439326,-0.9877638,0.06435883,0.14205852,-0.031398028,-0.9742942,0.2230809
1356786142766,0.16302758,0.17871347,0.97030073,-0.98596597,0.06535512,0.1536223,-0.03595978,-0.9817282,0.18686008
1356786142806,0.17631593,0.1465806,0.97335845,-0.9833932,0.06944588,0.16767561,-0.043017685,-0.986758,0.15639082
1356786142846,0.1927078,0.12101796,0.973765,-0.97988975,0.07608667,0.18446395,-0.05176708,-0.98973,0.13324675
1356786142886,0.2120505,0.10305685,0.97180957,-0.975344,0.08453637,0.20385695,-0.06114441,-0.9910766,0.11844185
1356786142926,0.23380423,0.092677176,0.96785665,-0.96976227,0.09387255,0.22527581,-0.06997725,-0.9912613,0.111822605
1356786142966,0.2568343,0.088213295,0.9624212,-0.96336985,0.10287884,0.2476578,-0.07716599,-0.99077463,0.111404896
1356786143006,0.27954355,0.08669543,0.956211,-0.95664954,0.10990855,0.26970685,-0.08171347,-0.99015355,0.11366132
1356786143047,0.30043536,0.08578873,0.94993633,-0.9502289,0.113049865,0.29031843,-0.082484186,-0.98987883,0.115483105
1356786143086,0.31862345,0.08544546,0.9440223,-0.9446153,0.11122671,0.30875623,-0.078618646,-0.9901149,0.116152555
1356786143126,0.3335925,0.08726406,0.93866986,-0.9400748,0.10529539,0.32430294,-0.07053763,-0.9906049,0.11716044
