1356786427880,-0.31791687,-0.28834078,0.90321016,0.8250407,0.38524944,0.41338935,-0.4671582,0.8766086,0.11541551
1356786427917,0.07636365,-0.09004906,0.9930054,0.88087726,0.47269067,-0.024875581,-0.46714434,0.87661546,0.11541855
1356786427956,0.07633981,-0.090099186,0.9930027,0.880929,0.47259596,-0.024843276,-0.46705073,0.8766614,0.11544889
1356786427996,0.0762884,-0.0902164,0.99299604,0.88109547,0.47228867,-0.024782777,-0.46674496,0.87681496,0.115519404
1356786428037,0.076343864,-0.09014359,0.99299836,0.881436,0.471644,-0.024951309,-0.4660926,0.8771694,0.1154629
1356786428077,0.076805115,-0.08927795,0.993041,0.88194346,0.47064316,-0.025899917,-0.46505564,0.8777952,0.114885926
1356786428116,0.07796571,-0.087014765,0.9931514,0.8825737,0.46932974,-0.028164715,-0.46366468,0.8787252,0.1133886
1356786428158,0.079960644,-0.083084285,0.9933294,0.8832489,0.4678133,-0.03197047,-0.4620365,0.87991345,0.11079073
1356786428196,0.08282903,-0.077416986,0.9935521,0.8838806,0.4662182,-0.03735861,-0.46031985,0.8812759,0.1070438
1356786428237,0.086517006,-0.070117325,0.99377984,0.88440204,0.46462718,-0.0442124,-0.45863706,0.882726,0.102210045
1356786428278,0.09086627,-0.061454266,0.9939651,0.884786,0.46305835,-0.05225566,-0.45705253,0.88419473,0.09645027
1356786428316,0.09563637,-0.05179158,0.9940681,0.88502836,0.46151006,-0.06110099,-0.45560795,0.8856219,0.089974165
1356786428357,0.10042223,-0.041794688,0.9940667,0.88515246,0.4599935,-0.070079505,-0.45433524,0.8869381,0.083188236
1356786428396,0.10474485,-0.032358706,0.99397254,0.8852138,0.4585377,-0.07835618,-0.45323837,0.8880856,0.076673806
1356786428438,0.108272135,-0.024247557,0.99382555,0.8852613,0.4572068,-0.0852896,-0.45231572,0.8890298,0.07096815
1356786428476,0.11077051,-0.018198222,0.9936794,0.8853401,0.4560827,-0.090340704,-0.45155597,0.8897513,0.06663209
1356786428517,0.11184381,-0.015378833,0.9936068,0.8855302,0.45525348,-0.092632025,-0.45091832,0.8902291,0.06453574
1356786428557,0.11076659,-0.01762107,0.99369025,0.8859631,0.45480132,-0.090693325,-0.45033357,0.89041865,0.06598836
1356786428596,0.10665879,-0.026999354,0.993929,0.8867972,0.4546791,-0.082811415,-0.44968292,0.89024603,0.07243848
1356786428636,0.0986034,-0.045557857,0.9940835,0.8882089,0.454488,-0.06727302,-0.4487342,0.88958716,0.08527893
1356786428677,0.08668822,-0.07338175,0.9935292,0.89024055,0.45334196,-0.044192314,-0.44716558,0.8883109,0.104626834
1356786428716,0.07209885,-0.10842216,0.99148697,0.8927672,0.4502452,-0.015684515,-0.44471174,0.8862978,0.12925786
1356786428789,0.05351603,-0.1536273,0.9866786,0.8959768,0.44362867,0.020477116,-0.4408648,0.88294524,0.16138768
1356786428797,0.040005237,-0.19332445,0.9803189,0.8985882,0.43601295,0.04931432,-0.43696544,0.8789302,0.19116193
1356786428837,0.02656138,-0.2327475,0.9721743,0.9009455,0.42693764,0.07759756,-0.43311843,0.87381506,0.22103292
1356786428877,0.015412539,-0.2693839,0.9629095,0.9028088,0.41767326,0.10239789,-0.42976588,0.8677449,0.24963957
1356786428916,0.005877793,-0.30298588,0.95297694,0.9041569,0.40869796,0.124363154,-0.42716002,0.8609097,0.276349
1356786428956,-0.0029944181,-0.33385572,0.9426195,0.9051117,0.39986604,0.14449927,-0.42516345,0.8536086,0.30097932
1356786428997,-0.012371033,-0.36285904,0.93176186,0.90592015,0.39037797,0.1640541,-0.4232678,0.8461314,0.32389194
1356786429036,-0.023128033,-0.39089185,0.920146,0.90683454,0.37924963,0.18390438,-0.4208517,0.8386735,0.34570295
1356786429076,-0.03549552,-0.4183081,0.90761137,0.90796757,0.36593843,0.20416644,-0.41753435,0.83132875,0.36682105
1356786429117,-0.049016237,-0.44479042,0.89429235,0.90924853,0.3506816,0.22425303,-0.4133575,0.8241261,0.38723594
1356786429156,-0.062735975,-0.46954083,0.88067913,0.9105085,0.33443195,0.24316582,-0.40870354,0.817121,0.40653992
1356786429196,-0.075525045,-0.49165332,0.8675095,0.9115783,0.31855452,0.25989965,-0.4041296,0.81043196,0.42412177
1356786429236,-0.08626866,-0.51019996,0.85571826,0.9122476,0.30479074,0.27369124,-0.40045226,0.8042379,0.43913484
1356786429276,-0.09377444,-0.5238532,0.84663105,0.91218865,0.29550624,0.28388026,-0.3988963,0.798908,0.45014203
1356786429316,-0.096710145,-0.5306667,0.8420452,0.91109526,0.29338503,0.28953534,-0.40069023,0.7951843,0.45511454
1356786429356,-0.093717694,-0.52827424,0.8438859,0.90896124,0.3004321,0.28901568,-0.40620995,0.79414546,0.45202497
1356786429397,-0.08359587,-0.5142114,0.85357964,0.906101,0.31726408,0.2798651,-0.41471994,0.796825,0.4394056
1356786429436,-0.06549907,-0.48631746,0.8713238,0.90293187,0.34281582,0.25921303,-0.42476344,0.8037242,0.41665742
1356786429476,-0.03946793,-0.44374517,0.89528346,0.89969957,0.37402475,0.22504711,-0.4347217,0.81436825,0.38447535
1356786429516,-0.0067157447,-0.38763168,0.9217899,0.89635694,0.40629807,0.17738718,-0.44328228,0.827444,0.34472775
1356786429557,0.030093372,-0.32189095,0.9462984,0.8928083,0.43433714,0.11935091,-0.44943053,0.8412714,0.30045754
1356786429597,0.067243725,-0.2528337,0.96517015,0.88930213,0.45376536,0.056909293,-0.45234942,0.8545011,0.2553584
1356786429636,0.10070944,-0.18804768,0.97698295,0.8865653,0.4625975,-0.0023491979,-0.45150807,0.8663958,0.21330452
1356786429677,0.12742245,-0.13391498,0.98276675,0.8854835,0.46176475,-0.051887482,-0.44685856,0.8768352,0.17741865
1356786429717,0.14600429,-0.09376791,0.9848301,0.8866075,0.45403245,-0.08821297,-0.43887323,0.8860373,0.14942604
1356786429788,0.15667105,-0.06759149,0.98533523,0.88985837,0.44249392,-0.11113596,-0.428493,0.8942206,0.12947285
1356786429798,0.1607526,-0.05277902,0.9855826,0.8945935,0.4296478,-0.122903794,-0.41696668,0.9014528,0.11628276
1356786429836,0.16002917,-0.045556873,0.9860604,0.89986396,0.41734535,-0.12675846,-0.405753,0.9076053,0.10778242
1356786429877,0.1560952,-0.04251957,0.9868264,0.90464914,0.4072435,-0.12554953,-0.39654037,0.9123293,0.10203403
1356786429916,0.1500797,-0.041794628,0.9877901,0.90827525,0.40047726,-0.121053964,-0.39052808,0.91535306,0.09806454
1356786429957,0.14245564,-0.04261762,0.98888314,0.91060185,0.39723378,-0.11405912,-0.38795683,0.9167273,0.09539592
1356786429997,0.13397104,-0.04421723,0.9899982,0.9117692,0.3968792,-0.10565853,-0.3882378,0.91680515,0.09348625
1356786430036,0.1256139,-0.04562053,0.9910297,0.91183305,0.39888588,-0.09721354,-0.39087278,0.91586506,0.09170395
1356786430077,0.11836618,-0.046276152,0.9918911,0.9106368,0.40332,-0.08985308,-0.3958915,0.9138881,0.08988023
1356786430117,0.112793356,-0.046723485,0.99251926,0.90816003,0.41012946,-0.08389932,-0.40314126,0.91082966,0.08869231
1356786430156,0.10923958,-0.04817432,0.9928473,0.90475833,0.41848904,-0.07924178,-0.41167828,0.9069433,0.089301646
1356786430197,0.10806355,-0.051700443,0.9927988,0.900833,0.42749938,-0.07579112,-0.42050245,0.9025361,0.09277058
1356786430236,0.10971075,-0.05798781,0.9922706,0.89666337,0.43654746,-0.07362825,-0.42890367,0.8978105,0.09988952
1356786430277,0.1144135,-0.06748256,0.9911386,0.8924347,0.4452805,-0.07270214,-0.43642855,0.89284456,0.111169875
1356786430317,0.12173486,-0.08075258,0.98927236,0.8883132,0.4535126,-0.07229194,-0.44280973,0.887584,0.12694186
1356786430357,0.1310035,-0.09793946,0.9865323,0.8844559,0.46108633,-0.07167351,-0.44785684,0.8819338,0.14702708
1356786430397,0.14014709,-0.12029478,0.982796,0.8813269,0.46752226,-0.06845257,-0.45124453,0.87575805,0.17154098
1356786430436,0.1463528,-0.14993387,0.977804,0.87978953,0.4716424,-0.059362113,-0.45227343,0.86894953,0.20093644
1356786430477,0.14660078,-0.18870443,0.97102976,0.8808431,0.47160012,-0.041336745,-0.45013726,0.86138487,0.23535597
1356786430516,0.13940015,-0.23567861,0.9617812,0.88485533,0.46565112,-0.014145583,-0.44452065,0.8530091,0.2734533
1356786430557,0.12627298,-0.28543982,0.9500417,0.8909086,0.45382816,0.01793915,-0.43627626,0.84413517,0.311607
1356786430597,0.11141151,-0.3295729,0.9375335,0.89703226,0.4393667,0.047852904,-0.42769197,0.83566654,0.3445881
1356786430637,0.09975162,-0.3603294,0.9274763,0.90135205,0.42752996,0.06915572,-0.42144275,0.8290843,0.36743048
1356786430677,0.0949426,-0.37326428,0.92285407,0.9030912,0.42232302,0.07790646,-0.41882217,0.8260248,0.37718824
1356786430717,0.09909892,-0.36666703,0.9250594,0.9024011,0.4248832,0.07173988,-0.41934687,0.8276652,0.37298614
1356786430807,0.1132704,-0.33983344,0.93363976,0.8996518,0.43387485,0.048778117,-0.42165926,0.8344255,0.3548769
1356786430817,0.13264444,-0.3007325,0.9444393,0.89589584,0.44399193,0.01555118,-0.42400023,0.84405637,0.328318
1356786430837,0.15733889,-0.2499499,0.9553897,0.89109004,0.4529464,-0.028249383,-0.4256794,0.85578305,0.293994
1356786430874,0.18273842,-0.19459534,0.9637112,0.8858609,0.45775914,-0.07554445,-0.42644697,0.867519,0.2560346
1356786430917,0.20608023,-0.13976905,0.9685017,0.88078105,0.4577076,-0.12136087,-0.42632815,0.87804806,0.21743041
1356786430957,0.22429451,-0.09108746,0.97025514,0.8767991,0.4534134,-0.16012377,-0.4253414,0.8866337,0.18156356
1356786430996,0.23617685,-0.051390737,0.97035015,0.87459195,0.44640976,-0.18922758,-0.42344925,0.8933517,0.15037757
1356786431037,0.24084286,-0.02238822,0.9703059,0.87467176,0.43829614,-0.20699224,-0.42064717,0.8985517,0.12514281
1356786431077,0.23817658,-0.004531473,0.9712113,0.87719405,0.43024838,-0.21311265,-0.41689643,0.9026992,0.10645008
1356786431116,0.22831625,0.0023387074,0.97358423,0.88204247,0.42283976,-0.20786443,-0.41215628,0.9062015,0.09447831
1356786431157,0.21190184,-8.0260634E-4,0.97729063,0.88870716,0.41617286,-0.19235283,-0.40656745,0.9092851,0.0889011
1356786431197,0.19039664,-0.0117256045,0.98163724,0.8962631,0.4100878,-0.16893914,-0.4005765,0.91197073,0.088588595
1356786431236,0.16629532,-0.026718229,0.98571396,0.9034902,0.40459284,-0.14145702,-0.39503333,0.91410655,0.091421545
1356786431277,0.14275703,-0.041495442,0.9888874,0.9091527,0.40042976,-0.11444363,-0.39123103,0.9153874,0.09488994
1356786431316,0.122317284,-0.05333984,0.9910567,0.91244,0.39893124,-0.0911434,-0.39050195,0.91542816,0.097465515
1356786431357,0.10596305,-0.06237921,0.9924115,0.9132525,0.4009254,-0.07231033,-0.3933723,0.9139845,0.099451244
1356786431396,0.09367663,-0.0704256,0.99310875,0.9120679,0.40602434,-0.057239413,-0.3991952,0.9111446,0.10226792
1356786431437,0.085454315,-0.07904485,0.9932016,0.90953445,0.41314414,-0.045375198,-0.40674868,0.9072286,0.10719901
1356786431477,0.08147746,-0.08907375,0.99268687,0.9061116,0.42145628,-0.036554307,-0.4151181,0.90246356,0.11504996
1356786431517,0.08162683,-0.101248324,0.99150693,0.9020261,0.4306178,-0.030287474,-0.42389396,0.89683735,0.12647861
1356786431557,0.08549026,-0.116001785,0.989563,0.89751333,0.44022414,-0.02593249,-0.43262133,0.890363,0.14174801
1356786431596,0.09077373,-0.1351485,0.98665845,0.8930826,0.44942048,-0.020604819,-0.44063982,0.8830379,0.16149437
1356786431637,0.0948441,-0.16078919,0.9824213,0.8896722,0.45646292,-0.011182457,-0.44664088,0.87509346,0.18634242
1356786431676,0.093806565,-0.19586912,0.97613305,0.8886261,0.45858467,0.006621659,-0.44893664,0.8667961,0.21707267
1356786431716,0.084124476,-0.24231365,0.9665439,0.89093614,0.4527035,0.03594947,-0.44626883,0.85810465,0.25396943
1356786431784,0.065184265,-0.29779863,0.9524006,0.8962264,0.43715063,0.07534957,-0.43878156,0.848655,0.29539037
1356786431798,0.039952278,-0.35561508,0.93377817,0.9028407,0.41325128,0.118751824,-0.42811492,0.8383086,0.33757412
1356786431850,0.014072418,-0.40693983,0.9133465,0.90882576,0.38609022,0.15801904,-0.41693842,0.82784915,0.37527066
1356786431877,-0.00684762,-0.44480503,0.8956013,0.9129182,0.36271805,0.18712586,-0.40808523,0.81889206,0.40358678
1356786431915,-0.018641472,-0.4649753,0.8851274,0.9147684,0.34938395,0.20280421,-0.40354827,0.81346714,0.41883168
1356786431956,-0.019109547,-0.46575236,0.88470876,0.9148669,0.3487904,0.20338067,-0.40330294,0.81327724,0.41943625
1356786431996,-0.00784409,-0.44693667,0.8945313,0.9138568,0.35996306,0.18786266,-0.40596098,0.8189471,0.40561244
1356786432036,0.013914913,-0.40973538,0.9120983,0.9118795,0.3794354,0.1565395,-0.41022217,0.8295455,0.37890908
1356786432076,0.0432266,-0.3574467,0.9329326,0.9086977,0.40215558,0.111979455,-0.41521072,0.84291327,0.34219486
1356786432116,0.07619974,-0.29523346,0.95238173,0.9043335,0.42277077,0.058701336,-0.4199697,0.85679764,0.29920453
1356786432156,0.10846394,-0.22984865,0.9671635,0.8995278,0.4368537,0.002940476,-0.4231848,0.86967146,0.2541381
1356786432196,0.13585421,-0.16859221,0.9762788,0.8955978,0.44223955,-0.04825732,-0.42361328,0.8809091,0.21107095
1356786432236,0.15534693,-0.11740106,0.9808589,0.8937784,0.43960226,-0.088938296,-0.42074633,0.89048684,0.17322141
1356786432276,0.16542146,-0.07962462,0.9830034,0.89460623,0.43164858,-0.11558166,-0.4151089,0.8985207,0.14263666
1356786432316,0.16601405,-0.05587378,0.98453915,0.89780724,0.42153814,-0.12746644,-0.40789875,0.9050877,0.12014514
1356786432356,0.15789819,-0.04504603,0.9864274,0.90261924,0.4116823,-0.12568316,-0.40043318,0.9102135,0.10566336
1356786432396,0.16359991,-0.03579521,0.98587716,0.9045365,0.40431994,-0.1354219,-0.39376235,0.91391695,0.09852481
1356786432436,0.12540317,-0.051894516,0.9907477,0.9127898,0.3972931,-0.09472582,-0.38870144,0.9162233,0.09719062
1356786432476,0.09196827,-0.06869063,0.99338984,0.9178498,0.39269397,-0.057820827,-0.3861265,0.9171003,0.099163055
1356786432516,0.063952684,-0.083409876,0.99446106,0.9198266,0.39144105,-0.026321143,-0.38707736,0.9164151,0.101756394
1356786432556,0.042161524,-0.094598144,0.99462247,0.9190146,0.39422083,-0.0014624,-0.39196256,0.91413414,0.103558004
1356786432596,0.026596546,-0.10296622,0.9943292,0.916198,0.40036714,0.016952693,-0.39984235,0.91055155,0.10498583
1356786432636,0.016948044,-0.110177636,0.9937674,0.9124299,0.40815443,0.029690623,-0.40888178,0.9062399,0.10744679
1356786432676,0.013207614,-0.11747855,0.9929876,0.90853006,0.41616458,0.037151426,-0.4176107,0.9016683,0.11222935
1356786432716,0.0155195,-0.12553617,0.9919677,0.90478563,0.42403084,0.039506733,-0.42558444,0.896905,0.1201641
1356786432786,0.020890743,-0.13896179,0.9900774,0.90079844,0.43223462,0.041659087,-0.43373474,0.8909899,0.13420624
1356786432799,0.03936839,-0.14782587,0.9882295,0.89655733,0.44188446,0.030383557,-0.44117472,0.8848083,0.14993066
1356786432838,0.053616673,-0.16384831,0.9850274,0.8922993,0.45067206,0.026394963,-0.44824904,0.877524,0.17036533
1356786432879,0.06589848,-0.18684623,0.98017645,0.8886777,0.4577067,0.02750352,-0.45377222,0.8692485,0.1962083
1356786432918,0.07285002,-0.21893096,0.973017,0.88711905,0.4600477,0.037092984,-0.455755,0.8604797,0.22773236
1356786432958,0.069883704,-0.26237032,0.96243334,0.88908374,0.4539026,0.059181333,-0.4523784,0.85154814,0.2649896
1356786432998,0.05490768,-0.31602418,0.94716096,0.894912,0.43629587,0.09369317,-0.4428517,0.84248126,0.30676985
1356786433036,0.03165385,-0.37213346,0.92763937,0.9030124,0.4084904,0.13305724,-0.42844677,0.83345807,0.34897137
1356786433076,0.00842163,-0.41936678,0.9077778,0.9107786,0.3779824,0.16616735,-0.41280904,0.8253852,0.3851336
1356786433116,-0.0068147182,-0.44910628,0.8934524,0.9163045,0.35497206,0.18542066,-0.40042424,0.81993806,0.40909904
1356786433156,-0.010163486,-0.45823485,0.8887731,0.9191124,0.3458113,0.18880436,-0.3938645,0.81880116,0.4176546
1356786433196,-0.0010358691,-0.44684434,0.89461124,0.91960156,0.35102367,0.17639565,-0.39285114,0.8228685,0.41055503
1356786433236,0.019276261,-0.41626343,0.90903974,0.91816604,0.367235,0.14869285,-0.3957266,0.8317832,0.38927785
1356786433276,0.047985435,-0.3692005,0.9281101,0.91488135,0.38914752,0.10750067,-0.40086105,0.8439521,0.35644805
1356786433316,0.08119342,-0.31009513,0.9472321,0.90976685,0.41123685,0.05664447,-0.407102,0.85716116,0.31550395
1356786433356,0.11467874,-0.2446982,0.9627936,0.903229,0.4291563,0.00148803,-0.4135531,0.8694525,0.27023363
1356786433396,0.14436218,-0.17953509,0.97310156,0.8963358,0.44034764,-0.051730573,-0.4192155,0.87969375,0.22449327
1356786433436,0.16685706,-0.12086159,0.9785454,0.89057046,0.44438863,-0.09696886,-0.4231346,0.8876436,0.18178517
1356786433476,0.17980415,-0.07364008,0.98094213,0.887218,0.44283724,-0.12938055,-0.4248701,0.8935727,0.1449588
1356786433516,0.18186034,-0.04107994,0.98246586,0.8869284,0.43827587,-0.14585009,-0.42459962,0.8979013,0.11613995
1356786433556,0.17248704,-0.024690866,0.9847022,0.8897166,0.4328751,-0.14499453,-0.422673,0.90111566,0.096633255
1356786433596,0.15211108,-0.024163544,0.988068,0.8950718,0.4273524,-0.12734348,-0.41917613,0.90376216,0.086633146
1356786433636,0.12250534,-0.036868125,0.9917827,0.9019369,0.42111883,-0.095753014,-0.41412812,0.9062558,0.084842026
1356786433676,0.08720416,-0.057903558,0.99450624,0.9088304,0.4134413,-0.055619657,-0.40794936,0.9086878,0.0886783
1356786433716,0.05080533,-0.081383675,0.9953872,0.9142479,0.4049285,-0.013556659,-0.40195742,0.9107193,0.09497732
1356786433786,0.01645565,-0.10416782,0.9944236,0.9170511,0.39788806,0.026504248,-0.39843014,0.91150105,0.10207474
1356786433799,-0.013242185,-0.12332618,0.9922778,0.91738737,0.39327425,0.061121225,-0.3977751,0.9111125,0.107930064
1356786433855,-0.036832362,-0.1398783,0.9894835,0.9152945,0.3926966,0.08958432,-0.40109769,0.9089683,0.11356592
1356786433877,-0.053967476,-0.15522236,0.98640436,0.9118386,0.39496505,0.11204025,-0.40698642,0.905488,0.12022245
1356786433917,-0.06399244,-0.16985175,0.9833897,0.9081422,0.3986314,0.1279478,-0.41374213,0.9012455,0.12874019
1356786433954,-0.066105664,-0.18361327,0.9807733,0.90487254,0.40321207,0.13647625,-0.42051852,0.89649665,0.13949198
1356786433997,-0.06065622,-0.19707766,0.97850966,0.90209687,0.40878817,0.13825184,-0.42724952,0.8910963,0.1529876
1356786434036,-0.048427463,-0.21094081,0.97629845,0.89972186,0.41527063,0.13435319,-0.43376863,0.88490355,0.16967756
1356786434076,-0.03296739,-0.2277832,0.9731537,0.89774394,0.42120552,0.12900302,-0.43928245,0.8778956,0.19060487
1356786434116,-0.018666834,-0.2507745,0.9678655,0.89675164,0.42388222,0.12712339,-0.44214028,0.87030804,0.2169699
1356786434156,-0.011423409,-0.28357574,0.95888174,0.89765036,0.41959208,0.1347824,-0.4405602,0.86228025,0.24975872
1356786434197,-0.01512751,-0.32685667,0.9449527,0.90088516,0.40555295,0.15470174,-0.43379366,0.85363424,0.28832537
1356786434236,-0.028093696,-0.37508264,0.9265655,0.90564215,0.3827992,0.1824201,-0.42311117,0.84426165,0.3289364
1356786434276,-0.042976797,-0.41810685,0.90738064,0.9103183,0.35784644,0.20800596,-0.4116717,0.83494467,0.36523116
1356786434317,-0.050726652,-0.44648743,0.89335084,0.9138874,0.34000576,0.22182411,-0.4027861,0.82767445,0.3907919
1356786434357,-0.044690847,-0.4547603,0.88949186,0.916327,0.33600265,0.21782339,-0.397929,0.82480013,0.4016929
1356786434396,-0.022325814,-0.4413665,0.8970492,0.9176734,0.34699672,0.19356862,-0.3967078,0.8275198,0.39728332
1356786434436,0.016743839,-0.40585148,0.9137857,0.91708946,0.3703239,0.14767241,-0.39832973,0.8355506,0.37840274
1356786434476,0.06932089,-0.35039115,0.9340346,0.91304505,0.39950857,0.082107484,-0.40192458,0.8471239,0.34761724
1356786434516,0.129641,-0.27996504,0.95121646,0.9044218,0.42663318,0.002304703,-0.40646574,0.86000216,0.30851567
1356786434556,0.1901257,-0.2027184,0.96060264,0.891721,0.44498694,-0.08258572,-0.410714,0.8722912,0.26537168
1356786434596,0.2437847,-0.12789083,0.9613599,0.8772876,0.45166245,-0.16238019,-0.41344327,0.882975,0.22230545
1356786434636,0.28567094,-0.06357518,0.95621663,0.864385,0.44793636,-0.22845459,-0.41380018,0.8918022,0.18291584
1356786434676,0.31384802,-0.014430791,0.9493636,0.8555814,0.43783545,-0.27618942,-0.41167942,0.89893925,0.14976045
1356786434716,0.32860672,0.01839599,0.94428766,0.8519007,0.42589933,-0.30475372,-0.4077777,0.9045835,0.12428185
1356786434788,0.3299523,0.03427604,0.9433752,0.85382915,0.4153939,-0.3137256,-0.40262562,0.9089956,0.107794255
1356786434808,0.31830198,0.036509126,0.947286,0.860206,0.40883178,-0.3047985,-0.3984085,0.9118792,0.09872666
1356786434848,0.29945207,0.029625446,0.95365125,0.8682699,0.4058811,-0.28525057,-0.39551967,0.9134456,0.095819056
1356786434888,0.27591002,0.017237067,0.96102893,0.8767348,0.40529758,-0.25897875,-0.3939667,0.9140223,0.096713364
1356786434928,0.25194812,0.0042105317,0.9677316,0.88377964,0.4064169,-0.23185956,-0.39427876,0.91367805,0.098674774
1356786434966,0.2317531,-0.0056631267,0.9727582,0.88791406,0.40971088,-0.20915437,-0.39736512,0.9121978,0.099980116
1356786435006,0.21739791,-0.011773765,0.97601205,0.8889231,0.4154169,-0.1929884,-0.4031797,0.90955496,0.10077673
1356786435046,0.20905715,-0.01595211,0.9777733,0.8876531,0.42263693,-0.1828934,-0.41032556,0.9061587,0.10251522
1356786435086,0.20693788,-0.019811183,0.97815347,0.8848883,0.43024775,-0.1784926,-0.41731218,0.9024934,0.10656524
1356786435126,0.21226828,-0.023273617,0.9769342,0.88056767,0.43803853,-0.18089432,-0.42372474,0.8986549,0.11347568
1356786435166,0.22621924,-0.025551409,0.9737413,0.8739946,0.44668597,-0.19132489,-0.43006793,0.8943259,0.12338078
1356786435206,0.24812718,-0.027018368,0.9683506,0.86464036,0.45694435,-0.20880339,-0.43684083,0.8890848,0.13674146
1356786435246,0.27470326,-0.030193657,0.9610548,0.8530363,0.46887487,-0.22909701,-0.44369718,0.88274837,0.15455776
1356786435286,0.2998376,-0.040190756,0.95314336,0.8416787,0.4814673,-0.24447149,-0.4490818,0.8755421,0.1781897
1356786435326,0.31560105,-0.064011544,0.94673043,0.8351096,0.49246413,-0.24509409,-0.4505419,0.8679756,0.20887884
1356786435366,0.31519333,-0.10703823,0.9429719,0.8377738,0.4981883,-0.22348017,-0.44585663,0.8604366,0.24669945
1356786435407,0.2977184,-0.16680363,0.9399682,0.8498944,0.49474877,-0.18139264,-0.43479118,0.8528776,0.28906125
1356786435446,0.2715162,-0.2298339,0.9345883,0.86576396,0.4824927,-0.1328668,-0.4203947,0.84520835,0.32998648
1356786435486,0.24995512,-0.27906218,0.92717135,0.87829626,0.46842253,-0.095792025,-0.40757596,0.83827484,0.36218387
1356786435526,0.24316394,-0.30363616,0.9212363,0.8838099,0.46070337,-0.08143896,-0.3996888,0.8340009,0.38038316
1356786435566,0.25437745,-0.30068058,0.9191754,0.88179713,0.46241537,-0.092767954,-0.39714733,0.83412427,0.38276723
1356786435606,0.2809128,-0.27275336,0.9201596,0.87293994,0.47104082,-0.1268715,-0.39882806,0.8388839,0.37041873
1356786435646,0.3173016,-0.22500294,0.9212456,0.85825807,0.48134533,-0.17804438,-0.40337673,0.84716016,0.3458422
1356786435686,0.35687673,-0.16464964,0.9195267,0.8397,0.4878549,-0.23854035,-0.40932,0.8572561,0.31236038
1356786435726,0.39342445,-0.100105345,0.91389066,0.82027304,0.48712814,-0.29976377,-0.41517395,0.8675742,0.2737618
1356786435786,0.42269588,-0.038984627,0.9054327,0.8032259,0.47880375,-0.35436568,-0.4197098,0.8770559,0.23370183
1356786435808,0.4423002,0.012803435,0.8967756,0.79132223,0.46503407,-0.39692873,-0.42211327,0.8852002,0.19555303
1356786435848,0.45171022,0.052131265,0.89064026,0.78603065,0.44898343,-0.42493483,-0.4220351,0.89201796,0.16183364
1356786435888,0.4509466,0.077640474,0.88916767,0.7878131,0.4336193,-0.43740684,-0.41952074,0.8977451,0.13437295
1356786435928,0.44034475,0.0893406,0.8933727,0.796209,0.42097092,-0.43455124,-0.41490704,0.9026637,0.11423853
1356786435966,0.42028803,0.08810046,0.90310377,0.8100978,0.4119388,-0.4171906,-0.40877813,0.90694255,0.10176292
1356786436006,0.39145905,0.075674534,0.91707855,0.827784,0.4063292,-0.3868723,-0.40191215,0.91058767,0.096419096
1356786436046,0.3555867,0.055150926,0.93301475,0.8470228,0.40298516,-0.34663445,-0.39510834,0.9135433,0.096582055
1356786436086,0.3161671,0.031606346,0.94817686,0.86504984,0.4007509,-0.3018072,-0.3895218,0.9156418,0.09936318
1356786436126,0.27761716,0.010115147,0.9606385,0.8793888,0.3999148,-0.25834754,-0.3867868,0.9164965,0.10212803
1356786436166,0.24265741,-0.007461071,0.9700834,0.8890827,0.40179247,-0.21930563,-0.38813597,0.91570044,0.1041314
1356786436206,0.2120872,-0.022285163,0.97699666,0.8945735,0.40687233,-0.18491405,-0.3933921,0.9132132,0.10622811
1356786436246,0.18634021,-0.03581488,0.9818323,0.89683276,0.41429007,-0.15509602,-0.4012087,0.9094399,0.10931885
1356786436286,0.16616955,-0.048598856,0.9848989,0.8967335,0.42291597,-0.13042611,-0.41019094,0.9048647,0.11385596
1356786436326,0.15181288,-0.061177135,0.98651415,0.8949485,0.43216136,-0.11092219,-0.41954738,0.89971876,0.12035805
1356786436367,0.14226148,-0.074967384,0.9869861,0.8920488,0.44183788,-0.095017344,-0.42896467,0.893957,0.12973106
1356786436406,0.13532814,-0.09226692,0.9864954,0.8887829,0.45134386,-0.07970968,-0.4378941,0.88756716,0.14308476
1356786436446,0.12653661,-0.11762598,0.98496324,0.88654673,0.45884913,-0.059096664,-0.4449982,0.8806938,0.16234213
1356786436486,0.110138625,-0.1569787,0.9814414,0.887238,0.4605843,-0.02589786,-0.4479711,0.8736245,0.1900056
1356786436526,0.08144617,-0.21401224,0.9734296,0.8920275,0.45131183,0.024587333,-0.44458228,0.8663235,0.22766244
1356786436566,0.041686505,-0.28382453,0.9579697,0.89965546,0.4277269,0.08757675,-0.4346059,0.8581919,0.2731747
1356786436606,-6.853044E-4,-0.3525248,0.9358023,0.9070395,0.39379594,0.14901054,-0.42104512,0.8489117,0.31948394
1356786436647,-0.034985363,-0.4054249,0.91345865,0.91197103,0.36089182,0.19510478,-0.40876013,0.8398736,0.35710984
1356786436686,-0.054762065,-0.4349829,0.898772,0.91434467,0.33984149,0.22018558,-0.40121698,0.8338452,0.37911385
1356786436726,-0.05891043,-0.44046563,0.89583457,0.9149316,0.33511704,0.22493723,-0.3992865,0.8328786,0.38325405
1356786436786,-0.049353242,-0.4241354,0.90425295,0.9141889,0.34546095,0.21193227,-0.40227205,0.83711755,0.3706903
1356786436826,-0.029889047,-0.38992882,0.92035985,0.91224504,0.36571062,0.18456614,-0.40855303,0.8451102,0.3447799
1356786436847,-0.004376948,-0.3420033,0.93968856,0.90929025,0.38968784,0.14606377,-0.4161395,0.85508895,0.30927455
1356786436887,0.022542119,-0.28604844,0.95794994,0.9058944,0.41117054,0.10146034,-0.42290336,0.86551434,0.26839834
1356786436924,0.0462839,-0.22885263,0.97236013,0.90303123,0.42574704,0.057219088,-0.4270741,0.87542325,0.22636634
1356786436967,0.06376982,-0.17616785,0.9822924,0.90168643,0.43197578,0.018935144,-0.42766228,0.8845122,0.18639511
1356786437006,0.07233527,-0.13324794,0.98843956,0.90238106,0.43086562,-0.007954031,-0.42482483,0.8925245,0.15140718
1356786437046,0.07136458,-0.10272297,0.99214673,0.9049809,0.4249286,-0.021099389,-0.4194241,0.8993796,0.1232872
1356786437086,0.060802132,-0.08564764,0.9944685,0.90885997,0.41663662,-0.019685626,-0.412646,0.90502954,0.10317409
1356786437126,0.041559488,-0.08156672,0.995801,0.91314054,0.4076176,-0.004721433,-0.4055209,0.9095025,0.09142232
1356786437166,0.015289515,-0.088890016,0.99592406,0.9169107,0.39851317,0.021492332,-0.39879936,0.9128449,0.08759725
1356786437206,-0.015087873,-0.1041576,0.9944464,0.91935027,0.38961133,0.054756075,-0.39315084,0.91507065,0.08987892
1356786437247,-0.045570582,-0.122511774,0.99142027,0.91990805,0.38179275,0.08946246,-0.38947725,0.91609234,0.09530109
1356786437287,-0.072867304,-0.14018366,0.9874405,0.91844666,0.37650952,0.1212278,-0.38877493,0.9157451,0.101315975
1356786437326,-0.09553468,-0.1563273,0.9830742,0.91531795,0.37436152,0.14848068,-0.3912367,0.9140105,0.10732472
1356786437366,-0.113162875,-0.1716151,0.9786432,0.9113059,0.37451667,0.17105186,-0.3958733,0.91120005,0.11401242
1356786437406,-0.12525335,-0.18626124,0.9744836,0.90731555,0.3758479,0.18845904,-0.40136024,0.9077693,0.12192154
1356786437446,-0.13133937,-0.19998783,0.9709556,0.90389365,0.37805045,0.2001352,-0.40709475,0.90392625,0.1311149
1356786437486,-0.1316289,-0.21290982,0.96816486,0.9010173,0.38153085,0.20640239,-0.4133299,0.8995018,0.14161491
1356786437526,-0.12732211,-0.2259931,0.9657724,0.89836663,0.3864142,0.2088576,-0.42038858,0.8942098,0.15382558
1356786437566,-0.12064919,-0.24111593,0.96296775,0.8958167,0.39153334,0.21027136,-0.42773378,0.8880117,0.1687575
1356786437606,-0.11476138,-0.26092842,0.95851254,0.8937175,0.39413938,0.21429703,-0.43370375,0.8812324,0.18796432
1356786437646,-0.113250375,-0.28816968,0.9508589,0.8927352,0.3905604,0.22469184,-0.43611723,0.87431157,0.21302807
1356786437686,-0.11903116,-0.32417592,0.93847835,0.89338017,0.37746868,0.24369913,-0.4332476,0.86742574,0.24468178
1356786437726,-0.1328637,-0.3671924,0.92060685,0.8955257,0.35354495,0.27025855,-0.42471278,0.86033463,0.28185695
1356786437786,-0.15242058,-0.41180265,0.89843553,0.8982396,0.32144988,0.29972562,-0.41222984,0.85269475,0.32090193
1356786437808,-0.17286593,-0.45045412,0.8759044,0.9001727,0.28868163,0.32611662,-0.39975804,0.84483963,0.35558325
1356786437848,-0.18949139,-0.47729576,0.8580686,0.90046287,0.26395684,0.34567806,-0.39148378,0.83816195,0.37976962
1356786437889,-0.19930077,-0.48952386,0.8489085,0.8992449,0.25288302,0.3569436,-0.38940698,0.8345158,0.38980204
1356786437928,-0.20077646,-0.48631585,0.8504032,0.8974252,0.25679165,0.35872835,-0.39283168,0.8351975,0.3848744
1356786437968,-0.1933397,-0.46771878,0.8624726,0.89601105,0.2739722,0.34943312,-0.3997299,0.84034425,0.36611146
1356786438008,-0.17764622,-0.43509012,0.8826883,0.89556044,0.3003406,0.32827914,-0.40793812,0.8488182,0.336295
1356786438046,-0.15546525,-0.39121363,0.9070735,0.8960748,0.33064324,0.296184,-0.4157889,0.8588521,0.29915315
1356786438086,-0.1297183,-0.34053713,0.93123984,0.89725536,0.35942012,0.25641763,-0.42202607,0.868822,0.25892538
1356786438126,-0.10390562,-0.28850973,0.95182234,0.89894557,0.38223505,0.2139937,-0.4255591,0.87787163,0.21963817
1356786438166,-0.08125433,-0.24030098,0.9672916,0.9012885,0.39663318,0.17424417,-0.425531,0.885967,0.1843524
1356786438206,-0.064255506,-0.19995826,0.9776952,0.9044083,0.40243527,0.14174503,-0.42180213,0.8933435,0.15498519
1356786438246,-0.054193348,-0.16970128,0.9840044,0.9081282,0.4013562,0.11923233,-0.41517016,0.90006375,0.13235968
1356786438286,-0.051388025,-0.1502487,0.98731184,0.91202897,0.39573425,0.1076923,-0.40689373,0.905991,0.116695106
1356786438326,-0.05557725,-0.14133352,0.9884007,0.9156609,0.3874776,0.10689339,-0.3980908,0.9109807,0.107878625
1356786438366,-0.052199423,-0.13601217,0.989331,0.91956854,0.379798,0.1007328,-0.38944682,0.91501594,0.10524726
1356786438406,-0.07713625,-0.14719969,0.9860945,0.92122144,0.3677406,0.12695625,-0.3813149,0.9182043,0.1072374
1356786438446,-0.09844968,-0.15870318,0.9824058,0.9220027,0.35692343,0.15005583,-0.374458,0.9205536,0.11118573
1356786438486,-0.11524522,-0.16777739,0.9790656,0.9216249,0.34964114,0.16840008,-0.37057537,0.9217385,0.11433333
1356786438526,-0.12736452,-0.17371309,0.97652555,0.91968656,0.34800124,0.18185675,-0.371423,0.9212594,0.11543858
1356786438566,-0.13571182,-0.17812067,0.97460514,0.91612166,0.3519887,0.19189829,-0.37723106,0.91889983,0.11541122
1356786438606,-0.14127672,-0.18324819,0.97286224,0.9114286,0.35953707,0.20007777,-0.38644394,0.91496074,0.116223395
1356786438647,-0.14417017,-0.19021717,0.9710985,0.90647376,0.36821204,0.20670071,-0.3968882,0.9100754,0.11934167
1356786438686,-0.14394811,-0.19906092,0.9693574,0.9019269,0.3766773,0.21128684,-0.4071938,0.9047038,0.12531644
1356786438726,-0.1404399,-0.20977858,0.96761024,0.8979951,0.38461444,0.21372059,-0.41699088,0.89892423,0.13436496
1356786438787,-0.13451591,-0.22317779,0.9654517,0.8945031,0.39185145,0.21521267,-0.42634436,0.89254916,0.146923
1356786438808,-0.12801427,-0.24065092,0.9621328,0.8912995,0.3975544,0.21802697,-0.4349685,0.88545895,0.16359943
1356786438848,-0.124316424,-0.26475817,0.95626795,0.888488,0.39935037,0.2260715,-0.44174027,0.87773705,0.18558866
1356786438888,-0.12736201,-0.29822862,0.9459591,0.8866017,0.3933279,0.24337313,-0.44465294,0.8696854,0.214315
1356786438928,-0.14003438,-0.34166944,0.929329,0.88606405,0.37564814,0.27162278,-0.44190592,0.86148155,0.2501374
1356786438968,-0.16125268,-0.39052504,0.9063597,0.8864725,0.34634125,0.30694327,-0.4337788,0.8529583,0.2903412
1356786439006,-0.1856376,-0.4360225,0.8805811,0.88670003,0.31184876,0.34134048,-0.42344028,0.84417695,0.32873034
1356786439046,-0.20646083,-0.46984863,0.85826343,0.88609195,0.2822442,0.36766726,-0.41498786,0.8364093,0.35805678
1356786439086,-0.21859354,-0.48721138,0.84548324,0.8851602,0.26570004,0.3819619,-0.41074115,0.8318825,0.3731798
1356786439126,-0.21950328,-0.48672783,0.84552604,0.8849095,0.2655933,0.38261646,-0.4107961,0.83219963,0.3724115
1356786439166,-0.20890135,-0.46909082,0.8580874,0.885885,0.2808724,0.36921328,-0.41420758,0.83729595,0.3568859
1356786439206,-0.18789369,-0.43595555,0.8801357,0.88798785,0.30753922,0.34190264,-0.4197306,0.8457911,0.3293385
1356786439246,-0.15888941,-0.39010635,0.90695715,0.8907298,0.33959723,0.3021163,-0.42585757,0.8558568,0.29352093
1356786439286,-0.12540382,-0.33568573,0.9335893,0.8936467,0.37048483,0.2532518,-0.43089372,0.86605775,0.25352424
1356786439326,-0.0918473,-0.2782763,0.9560996,0.89658356,0.39463967,0.20099118,-0.43324593,0.87568367,0.2132513
1356786439366,-0.06302971,-0.22444516,0.9724462,0.89970857,0.40891212,0.15269402,-0.43191645,0.88454247,0.17616165
1356786439406,-0.04297793,-0.18015438,0.9826989,0.9033044,0.41322643,0.11526084,-0.42684186,0.89263,0.14497465
1356786439446,-0.03387612,-0.14907774,0.98824507,0.9074166,0.40982848,0.09292844,-0.41886455,0.89989805,0.12139225
1356786439486,-0.035518587,-0.13175297,0.99064606,0.91176033,0.40159643,0.08610132,-0.40918404,0.90628994,0.105863035
1356786439526,-0.04599586,-0.12633091,0.99092126,0.9158214,0.39082643,0.09233579,-0.3989431,0.9117539,0.097720146
1356786439566,-0.062741846,-0.1300411,0.98952144,0.91902936,0.37907973,0.10809025,-0.38916367,0.9161811,0.09572744
1356786439606,-0.08325434,-0.14006701,0.9866357,0.9209149,0.36748785,0.12987882,-0.3807684,0.9194204,0.09839481
1356786439646,-0.1048505,-0.15321067,0.9826153,0.9213679,0.35689852,0.15396321,-0.37428278,0.9214933,0.10374242
1356786439686,-0.12465495,-0.16592038,0.97822887,0.9205736,0.34845865,0.17641109,-0.37014252,0.9225221,0.109304845
1356786439726,-0.1406213,-0.1757501,0.9743396,0.91858864,0.3439734,0.19462052,-0.36935154,0.9223851,0.11307204
1356786439807,-0.1523777,-0.18270478,0.97128785,0.9152763,0.34471038,0.20843244,-0.37289464,0.9207572,0.114699125
1356786439820,-0.1605309,-0.18848786,0.9688664,0.9108021,0.34997198,0.21899548,-0.3803541,0.9176012,0.115493834
1356786439837,-0.16444373,-0.19336358,0.967248,0.90665555,0.35659164,0.22542885,-0.3885023,0.91403115,0.11667484
1356786439874,-0.16730008,-0.20037115,0.9653301,0.9018818,0.3644304,0.23194778,-0.39827132,0.90941846,0.11974186
1356786439914,-0.16474256,-0.20766282,0.9642282,0.89777756,0.3732845,0.23378226,-0.40847927,0.90417635,0.1249392
1356786439957,-0.15701869,-0.21551356,0.96379405,0.8944564,0.38268825,0.23129514,-0.4186799,0.89838946,0.13267827
1356786439996,-0.1445562,-0.22446346,0.963701,0.8918847,0.39223996,0.22514349,-0.42853853,0.89205605,0.14349478
1356786440036,-0.13044077,-0.23709562,0.9626894,0.88963056,0.40062988,0.2192106,-0.43765596,0.8850318,0.15866905
1356786440076,-0.11791512,-0.2562329,0.959396,0.887838,0.40554532,0.21743214,-0.44479188,0.87742674,0.17967337
1356786440116,-0.11145139,-0.28511938,0.95199025,0.8870876,0.4032588,0.22462839,-0.44794437,0.86953396,0.20798206
1356786440156,-0.114457935,-0.32510903,0.9387244,0.88803244,0.3900855,0.24337563,-0.44530642,0.8614739,0.24405897
1356786440196,-0.12708735,-0.3733847,0.91893023,0.8906871,0.3647313,0.27138093,-0.43649215,0.85296834,0.28621614
1356786440237,-0.14512956,-0.42246628,0.894684,0.8942014,0.33103377,0.30136418,-0.42348677,0.84376466,0.32972723
1356786440276,-0.16198385,-0.46340513,0.87121576,0.89749575,0.29781574,0.32528013,-0.41019827,0.83460253,0.36766285
1356786440317,-0.17143714,-0.4891371,0.85519254,0.9002686,0.27479464,0.3376453,-0.40015712,0.8277879,0.3932448
1356786440356,-0.16967148,-0.4958644,0.8516631,0.9030509,0.2678001,0.33583057,-0.3946019,0.82607603,0.40235275
1356786440397,-0.15606213,-0.48297924,0.8616123,0.90608686,0.27729273,0.31955498,-0.39325726,0.830566,0.39434624
1356786440436,-0.13248372,-0.45205957,0.88209426,0.90877455,0.29987937,0.2901744,-0.39569798,0.8400682,0.37109107
1356786440476,-0.10258627,-0.40658602,0.9078347,0.9102522,0.3296756,0.2505091,-0.40114444,0.85205734,0.33627564
1356786440516,-0.07043314,-0.35123286,0.93363523,0.9102349,0.36024696,0.20419243,-0.4080584,0.8642093,0.294331
1356786440556,-0.039924443,-0.2915289,0.9557285,0.9092089,0.38610744,0.15575671,-0.4144215,0.87517536,0.24964553
1356786440596,-0.014784694,-0.23377287,0.9721788,0.90813315,0.40372884,0.110892534,-0.4184203,0.88450736,0.20632792
1356786440636,0.0019989312,-0.18399358,0.9829254,0.90789485,0.41237113,0.07534534,-0.41919306,0.8922423,0.16787118
1356786440676,0.008576453,-0.14682662,0.98912513,0.9088725,0.41362625,0.053518414,-0.41698602,0.8985295,0.13699412
1356786440716,0.00431028,-0.12488824,0.9921615,0.91091305,0.4098399,0.047631204,-0.41257596,0.9035675,0.11552882
1356786440786,-0.010131925,-0.11840737,0.99291337,0.9135201,0.40273085,0.05734843,-0.40666735,0.9076274,0.104087114
1356786440799,-0.032875597,-0.1254935,0.9915496,0.91605043,0.392981,0.08010924,-0.3997133,0.9109431,0.10203886
1356786440838,-0.0602068,-0.1412459,0.988142,0.917808,0.3813568,0.11043289,-0.3924329,0.9135735,0.10667634
1356786440878,-0.08805689,-0.16081142,0.9830493,0.9184959,0.36882034,0.14260766,-0.38550153,0.9154842,0.11522734
1356786440917,-0.11279607,-0.17944604,0.97728,0.9179743,0.357593,0.17161149,-0.38026354,0.916475,0.124391735
1356786440956,-0.13232654,-0.19500574,0.97183466,0.9162588,0.34993446,0.19497615,-0.37809995,0.91625255,0.13237005
1356786440996,-0.14635068,-0.20811653,0.9670931,0.913612,0.34644532,0.21281162,-0.37933454,0.914693,0.13943523
1356786441036,-0.15505165,-0.22015807,0.9630625,0.910691,0.3459723,0.22570994,-0.38288477,0.9120492,0.14685243
1356786441076,-0.15824932,-0.23179239,0.95980704,0.9083149,0.3470062,0.23356113,-0.3871967,0.9087678,0.15562695
1356786441116,-0.15544328,-0.24296877,0.95749855,0.9070846,0.34873804,0.23575252,-0.3911967,0.90517837,0.16618425
1356786441156,-0.1467129,-0.25391498,0.95603484,0.90708005,0.35098112,0.23241794,-0.39456457,0.90129876,0.17882776
1356786441196,-0.13328657,-0.2658148,0.95476556,0.90796745,0.35341713,0.22514778,-0.3972781,0.8969051,0.1942454
1356786441236,-0.11760333,-0.28083172,0.95252454,0.9093982,0.35488752,0.2169098,-0.39895424,0.8917334,0.21365184
1356786441276,-0.10359764,-0.30200508,0.94766057,0.9112512,0.35302413,0.21212083,-0.3986086,0.88553196,0.23863006
1356786441316,-0.09540945,-0.33159027,0.9385866,0.9136094,0.34520584,0.21482715,-0.39524016,0.8779981,0.2700081
1356786441356,-0.09480864,-0.368209,0.9248964,0.9163016,0.3308683,0.22564903,-0.3891049,0.86887765,0.30602133
1356786441396,-0.09921324,-0.4054754,0.9087059,0.9185904,0.313765,0.24029812,-0.38255507,0.85856926,0.3413362
1356786441436,-0.10282135,-0.43467224,0.8946998,0.91971815,0.30105674,0.251959,-0.378875,0.8487785,0.3688209
1356786441476,-0.09981251,-0.44880584,0.88803756,0.91959834,0.29921293,0.2545792,-0.37996897,0.84204805,0.3828559
1356786441516,-0.086885154,-0.44450095,0.8915548,0.91855705,0.31067288,0.24440825,-0.3856216,0.8401793,0.3813066
1356786441556,-0.063669086,-0.42141783,0.9046289,0.9166925,0.33362198,0.21993467,-0.39448848,0.84326947,0.36506915
1356786441596,-0.032289684,-0.381628,0.9237519,0.91383946,0.36304295,0.18192652,-0.40478987,0.8500353,0.33702415
1356786441637,0.0032737553,-0.32951722,0.9441439,0.91000724,0.3924084,0.13379973,-0.41457936,0.8587398,0.3011477
1356786441676,0.03825891,-0.2712481,0.96174884,0.9057331,0.41597998,0.08129087,-0.42211822,0.8679776,0.26159334
1356786441716,0.06830904,-0.21350396,0.9745512,0.9020716,0.4304661,0.031077415,-0.42614642,0.876992,0.22200054
1356786441785,0.09256479,-0.15861109,0.98299253,0.9004264,0.4347621,-0.014638662,-0.425046,0.8864674,0.18306124
1356786441798,0.101350725,-0.11928451,0.98767364,0.90115726,0.43161076,-0.040345788,-0.4214779,0.89413834,0.1512382
1356786441838,0.10167804,-0.09333548,0.9904292,0.9042362,0.42374375,-0.052896917,-0.414751,0.90096045,0.12748277
1356786441878,0.09089461,-0.0819979,0.992479,0.9092605,0.41331837,-0.049125135,-0.40618175,0.9068872,0.112125814
1356786441916,0.07089567,-0.08301708,0.9940231,0.9150146,0.40217543,-0.031672448,-0.39714232,0.9117911,0.104474306
