1356786253622,0.14748743,0.1885239,-0.9709305,0.5841711,0.7755439,0.23932348,0.79811746,-0.6024868,0.004252732
1356786253768,0.40849787,0.52799934,-0.74454427,0.44320843,0.59834844,0.6674919,0.79793215,-0.6026573,0.010410309
1356786253806,0.4039665,0.51557165,-0.75564337,0.44763967,0.60897225,0.6548065,0.7977655,-0.6027758,0.015214086
1356786253847,0.4010251,0.5049952,-0.76430273,0.45063713,0.6176486,0.64454347,0.7975619,-0.6029013,0.020123005
1356786253888,0.39788446,0.49358112,-0.7733471,0.45389152,0.6266484,0.6334779,0.79728943,-0.6030667,0.025301397
1356786253926,0.39356315,0.48066452,-0.78362596,0.45823756,0.6363963,0.62049824,0.7969482,-0.60329205,0.03020358
1356786253967,0.38755527,0.46665487,-0.7950058,0.4639127,0.64651376,0.6056442,0.79660904,-0.60353386,0.034072697
1356786254008,0.3801441,0.4527189,-0.8065582,0.47044396,0.65616137,0.59002954,0.7963498,-0.6037367,0.036457002
1356786254046,0.37157127,0.43981764,-0.81761557,0.47740355,0.664796,0.57457125,0.7962541,-0.60382676,0.03704858
1356786254087,0.3619915,0.42882645,-0.8276896,0.48452085,0.6719883,0.5600636,0.7963678,-0.6037711,0.03547871
1356786254127,0.35152325,0.4202937,-0.83653134,0.49165887,0.67753243,0.5470114,0.79668254,-0.6035752,0.03152734
1356786254168,0.34040633,0.41445044,-0.84401083,0.49869683,0.6813913,0.5357306,0.7971355,-0.6032716,0.0252648
1356786254206,0.32958227,0.4110096,-0.84996855,0.5051613,0.68379337,0.52653456,0.7976136,-0.60290766,0.017740011
1356786254247,0.3194531,0.40991208,-0.8543546,0.51089096,0.68483555,0.51960635,0.79808533,-0.60247195,0.009352446
1356786254287,0.3106348,0.4108087,-0.857171,0.51564157,0.6847311,0.5150311,0.79851097,-0.6019796,8.712411E-4
1356786254327,0.3040123,0.4129293,-0.8585254,0.51913977,0.68381417,0.51273,0.7987931,-0.60157096,-0.006480098
1356786254366,0.3000666,0.41539398,-0.8587246,0.5213913,0.6824211,0.51230127,0.7988186,-0.601456,-0.011811018
1356786254407,0.29905656,0.41768223,-0.8579666,0.52239335,0.6807536,0.5134976,0.79854256,-0.60176086,-0.014610589
1356786254446,0.3005693,0.419539,-0.8565309,0.52230436,0.6790209,0.51587677,0.79803276,-0.6024265,-0.015034199
1356786254486,0.30198827,0.41877204,-0.8564071,0.52244085,0.6787337,0.5161164,0.79740745,-0.60328317,-0.0138139725
1356786254526,0.30756718,0.4220526,-0.85280365,0.5201468,0.67591184,0.52210194,0.79677457,-0.60416454,-0.011641026
1356786254566,0.31309527,0.42404842,-0.8497966,0.5177051,0.67394984,0.5270418,0.79621154,-0.6049583,-0.008521497
1356786254607,0.31910396,0.42494404,-0.84711,0.5146574,0.6728588,0.5314027,0.7958018,-0.6055441,-0.003988683
1356786254662,0.32729486,0.42430162,-0.8443021,0.509618,0.67316604,0.5358517,0.79571825,-0.60565305,0.0040920377
1356786254698,0.33671552,0.4239924,-0.84074557,0.5031553,0.6736991,0.5412618,0.79590034,-0.6052768,0.013510942
1356786254728,0.34632507,0.42442355,-0.8366144,0.49607065,0.6740638,0.5473134,0.7962241,-0.6045682,0.022901118
1356786254756,0.35594594,0.42542988,-0.8320528,0.4884258,0.6743829,0.5537579,0.7967074,-0.60350394,0.032252908
1356786254796,0.36633137,0.4272506,-0.8265943,0.47930482,0.67477673,0.56119806,0.7975388,-0.6017751,0.042408586
1356786254836,0.37216368,0.42389476,-0.82571626,0.47303897,0.6787902,0.5616742,0.79857886,-0.5996308,0.052102327
1356786254877,0.39056504,0.44131523,-0.8078984,0.45595646,0.66965854,0.58622617,0.7997266,-0.597326,0.06032467
1356786254917,0.40511045,0.45657808,-0.7920998,0.44090903,0.66140854,0.6067437,0.80092746,-0.5950421,0.06663412
1356786254957,0.41719574,0.4711448,-0.77715516,0.42739707,0.6529542,0.62528586,0.802047,-0.59302044,0.07104379
1356786254997,0.4275328,0.48489505,-0.7629499,0.41545433,0.6441734,0.64221364,0.8028782,-0.59153825,0.07395351
1356786255036,0.4367762,0.4970406,-0.7497847,0.40516683,0.63546777,0.65728265,0.8031602,-0.5908733,0.07617283
1356786255077,0.44580173,0.5065168,-0.73803896,0.39642033,0.6275243,0.6701225,0.80256575,-0.5913154,0.078957856
1356786255117,0.45567098,0.5121805,-0.72803503,0.3889446,0.62111336,0.6803971,0.80067843,-0.59320253,0.08381349
1356786255157,0.46728262,0.5131211,-0.7199679,0.38234946,0.6169652,0.68786836,0.79715484,-0.5967083,0.09210557
1356786255197,0.480866,0.50881267,-0.7140571,0.37630683,0.6158108,0.69222116,0.79193497,-0.6015701,0.10465276
1356786255236,0.49586472,0.4990551,-0.7106773,0.37077975,0.61835825,0.69293255,0.7852647,-0.60710555,0.12158251
1356786255277,0.5108713,0.48391026,-0.71052194,0.36627543,0.62521446,0.68916565,0.77772284,-0.6123217,0.14215973
1356786255316,0.5242698,0.46352085,-0.7143455,0.3635591,0.6367425,0.679988,0.77004284,-0.616204,0.16530764
1356786255357,0.5345929,0.4379103,-0.72280353,0.36357597,0.6529105,0.66447,0.7629042,-0.618015,0.18982765
1356786255397,0.5409795,0.4070452,-0.73597246,0.3671357,0.67300665,0.6420852,0.7566721,-0.6175567,0.21464199
1356786255436,0.5431763,0.37100992,-0.75320065,0.3747159,0.69566184,0.61289686,0.75136375,-0.6151473,0.23884374
1356786255477,0.5413775,0.33014604,-0.7732491,0.3864269,0.7190867,0.57757133,0.74671596,-0.6114883,0.26172003
1356786255517,0.53623486,0.28539482,-0.79435635,0.40165552,0.7414446,0.5375247,0.742378,-0.60729706,0.28295803
1356786255556,0.5287011,0.23793137,-0.8147783,0.41951805,0.76122355,0.4945132,0.7378887,-0.6032639,0.30264327
1356786255597,0.5199047,0.18925124,-0.8329964,0.4389757,0.7773476,0.45058957,0.73280245,-0.5999288,0.32107
1356786255661,0.51090586,0.14105491,-0.8479851,0.45902258,0.7892772,0.4078477,0.7268242,-0.59761614,0.33849895
1356786255678,0.5022753,0.094952375,-0.85947865,0.47886178,0.7970812,0.36790347,0.7200076,-0.5963603,0.3548851
1356786255718,0.4943835,0.05236715,-0.86766505,0.49770343,0.8013129,0.33194706,0.71265435,-0.59594905,0.37009257
1356786255758,0.48736823,0.014258206,-0.87308013,0.514921,0.8028243,0.3005486,0.7052152,-0.59604514,0.38392922
1356786255788,0.48081642,-0.01842466,-0.87662774,0.5299547,0.8026083,0.2738028,0.69854397,-0.5962218,0.3956715
1356786255818,0.47534558,-0.045462295,-0.87862384,0.54246837,0.80138385,0.2520159,0.6926577,-0.5964203,0.4055961
1356786255858,0.47124934,-0.0678796,-0.87938404,0.5528194,0.7996177,0.23452556,0.68725157,-0.5966606,0.41434452
1356786255897,0.46807888,-0.08621439,-0.87947094,0.5612887,0.7976961,0.22053543,0.6825372,-0.5968652,0.42177588
1356786255938,0.46556258,-0.1004699,-0.8792936,0.5679148,0.7959123,0.20975319,0.6787668,-0.59701705,0.42760533
1356786255978,0.46306932,-0.110172495,-0.87944806,0.57256657,0.7945993,0.20193923,0.67656064,-0.5970544,0.43103564
1356786256008,0.46073306,-0.115183726,-0.8800328,0.5751337,0.7939377,0.19719079,0.67597806,-0.5969888,0.43203938
1356786256046,0.4551625,-0.11443183,-0.88302463,0.5761156,0.79399496,0.19406925,0.67890936,-0.5970573,0.4273227
1356786256086,0.44610476,-0.10580611,-0.8887044,0.5755309,0.7943558,0.1943271,0.68538654,-0.5981671,0.4152606
1356786256128,0.43194038,-0.08924419,-0.89747596,0.5748576,0.7940075,0.19771412,0.69495773,-0.6013216,0.3942666
1356786256167,0.41190767,-0.065409034,-0.908875,0.57534397,0.792129,0.20374222,0.7066196,-0.60683876,0.3639167
1356786256207,0.38676813,-0.03603527,-0.92147267,0.5774616,0.78853583,0.21154034,0.7189913,-0.6139322,0.3257895
1356786256246,0.357925,-0.0031604469,-0.933745,0.5811317,0.78347826,0.22010872,0.7308732,-0.6214112,0.2822631
1356786256287,0.3281113,0.03099212,-0.94413054,0.5857438,0.77744794,0.22908267,0.7411121,-0.62818325,0.23693597
1356786256326,0.30020767,0.06448752,-0.9516915,0.5907322,0.77079046,0.23857386,0.74893975,-0.63381654,0.19330233
1356786256385,0.27664402,0.09605545,-0.9561598,0.5956817,0.7636305,0.24906161,0.75407654,-0.63846827,0.15403533
1356786256407,0.25914514,0.12507437,-0.95770574,0.6002259,0.7559969,0.2611465,0.75668526,-0.64251465,0.12084001
1356786256447,0.24867025,0.15134586,-0.95669097,0.6039408,0.74797136,0.27530777,0.75724417,-0.64624554,0.0945943
1356786256484,0.24545231,0.17486231,-0.9535074,0.60641015,0.7396935,0.2917537,0.75632,-0.6498282,0.07552123
1356786256527,0.24900049,0.19561657,-0.94854254,0.607483,0.7312297,0.31026995,0.7542965,-0.6534809,0.06324279
1356786256566,0.25810075,0.21398975,-0.9421212,0.60710853,0.72264457,0.33046034,0.7515339,-0.65726185,0.056600094
1356786256607,0.27077615,0.23017524,-0.934719,0.60534555,0.7142689,0.35125014,0.7484898,-0.66093814,0.054071426
1356786256663,0.28475094,0.24470685,-0.9268416,0.60207975,0.7067114,0.37156278,0.74593353,-0.66383547,0.0539037
1356786256688,0.29770517,0.25784522,-0.9191776,0.5971349,0.700935,0.3900257,0.74485,-0.66498566,0.054703593
1356786256728,0.30793718,0.26932603,-0.9124901,0.59028804,0.69809234,0.40524942,0.74614656,-0.66342336,0.05598867
1356786256758,0.31499684,0.27807525,-0.9074421,0.5829953,0.69777846,0.41619912,0.7489283,-0.66013587,0.05768144
1356786256788,0.3193871,0.28391552,-0.9040929,0.5751908,0.7001258,0.42305955,0.75309193,-0.65514565,0.060305595
1356786256828,0.3218215,0.2858521,-0.90261817,0.56572485,0.70638543,0.42541158,0.75920117,-0.6475401,0.06561637
1356786256868,0.32149684,0.28053457,-0.9044004,0.5574429,0.7159924,0.42025274,0.7654392,-0.63926154,0.0738073
1356786256898,0.31798032,0.26788813,-0.90946376,0.55256474,0.7271291,0.40737623,0.7704289,-0.63207525,0.08318722
1356786256938,0.31634158,0.24880593,-0.91543627,0.5489618,0.7389927,0.39055175,0.77367234,-0.62608737,0.09718913
1356786256968,0.31075943,0.21950018,-0.92479634,0.5497194,0.7522288,0.3632636,0.7753948,-0.62126607,0.11309868
1356786257008,0.30845895,0.18165824,-0.9337309,0.5519693,0.76525795,0.33122525,0.77471477,-0.61756015,0.13578093
1356786257048,0.30432028,0.12828903,-0.94389147,0.5590617,0.77823025,0.2860204,0.7712582,-0.61473536,0.16510975
1356786257076,0.29494599,0.06327492,-0.9534166,0.5716193,0.7878794,0.22912316,0.76567507,-0.6125702,0.19621271
1356786257116,0.28931153,-0.010525852,-0.95717716,0.5885868,0.79052734,0.16921006,0.75489366,-0.6123363,0.23490405
1356786257157,0.27979538,-0.09731257,-0.9551151,0.6135414,0.7833147,0.0999248,0.7384318,-0.61396116,0.27887315
1356786257196,0.26478004,-0.1885771,-0.94569033,0.6439273,0.7645804,0.027828038,0.71780854,-0.6163241,0.3238756
1356786257236,0.24268244,-0.27386725,-0.9306459,0.67449343,0.7371394,-0.041036755,0.69725436,-0.6177558,0.36361247
1356786257277,0.21305022,-0.34451014,-0.9142879,0.6996229,0.706995,-0.103372395,0.6820098,-0.6176332,0.39165264
1356786257316,0.1767607,-0.39637652,-0.9009114,0.7158313,0.6799928,-0.15873073,0.6755304,-0.6168431,0.40393466
1356786257357,0.13564065,-0.42933428,-0.89290184,0.7220547,0.65994334,-0.20763353,0.6784088,-0.61656046,0.399518
1356786257397,0.092565924,-0.44619077,-0.8901378,0.7192238,0.64819455,-0.25012174,0.68858457,-0.61705554,0.3809117
1356786257436,0.05031684,-0.44924718,-0.89198947,0.7087025,0.64535666,-0.2850538,0.7037109,-0.61781216,0.35085493
1356786257477,0.0113675,-0.4411605,-0.89735615,0.6928298,0.6505627,-0.31105465,0.7210114,-0.6181792,0.31304443
1356786257516,-0.022148341,-0.4245209,-0.9051472,0.6748019,0.66167665,-0.32684332,0.7376665,-0.61803406,0.2718125
1356786257556,-0.049135774,-0.4011795,-0.91468066,0.6578606,0.67607903,-0.33186832,0.75153524,-0.6180389,0.2307005
1356786257596,-0.06900039,-0.37272006,-0.92537487,0.6449582,0.6910025,-0.32641134,0.7610965,-0.6193507,0.19270939
1356786257657,-0.08155882,-0.34048173,-0.9367072,0.63800967,0.704201,-0.31151986,0.76569694,-0.62303543,0.15979683
1356786257678,-0.086740434,-0.30590913,-0.94810104,0.63739645,0.71436405,-0.28880733,0.7656381,-0.6293676,0.13302118
1356786257718,-0.08473064,-0.27065334,-0.9589408,0.6422267,0.7209859,-0.2602387,0.7618173,-0.6379076,0.11273122
1356786257758,-0.07591081,-0.23611867,-0.9687546,0.65094244,0.7242276,-0.22752644,0.75532204,-0.64787525,0.098722994
1356786257796,-0.061070636,-0.20321772,-0.9772272,0.66172445,0.7247292,-0.19206351,0.7472558,-0.65838456,0.09021443
1356786257836,-0.041377753,-0.17226675,-0.984181,0.6725663,0.7236358,-0.15493858,0.73887926,-0.6683379,0.08591837
1356786257876,-0.018193796,-0.14247173,-0.9896316,0.68138796,0.7225827,-0.11655313,0.7316962,-0.67644364,0.08393198
1356786257916,0.007009223,-0.1122002,-0.9936608,0.68639,0.72316533,-0.07681519,0.7271998,-0.6815005,0.082081914
1356786257956,0.033189774,-0.080020934,-0.9962405,0.6861801,0.72656494,-0.035499662,0.7266742,-0.68242216,0.0790233
1356786257996,0.059838727,-0.046129107,-0.99714166,0.6801463,0.73304385,0.006904185,0.7306301,-0.67861533,0.07523894
1356786258036,0.08679164,-0.012326986,-0.9961502,0.6690192,0.74162066,0.04911241,0.7381602,-0.6707063,0.07261348
1356786258076,0.11398959,0.019245595,-0.99329555,0.65472376,0.75052965,0.089677334,0.7472236,-0.6605565,0.07295203
1356786258116,0.14126623,0.047055095,-0.98885274,0.63927126,0.75835246,0.12741211,0.7558943,-0.6501441,0.0770486
1356786258156,0.1682772,0.06977126,-0.9832674,0.6238638,0.76476246,0.16103505,0.7632016,-0.6405235,0.08516431
1356786258196,0.19443837,0.08521646,-0.9772062,0.60902804,0.7704561,0.18836762,0.76894647,-0.63177186,0.09790701
1356786258236,0.21871448,0.08989811,-0.9716389,0.5953415,0.7766511,0.20586786,0.7731316,-0.6234833,0.11634475
1356786258276,0.23938426,0.079345584,-0.96767735,0.5841488,0.7843246,0.20881829,0.7755419,-0.61525536,0.14140534
1356786258316,0.25378197,0.04776597,-0.9660813,0.57823354,0.7931717,0.19111422,0.7753971,-0.60712194,0.1736728
1356786258356,0.25827163,-0.011136234,-0.9660081,0.58190566,0.7999786,0.14635587,0.771156,-0.59992516,0.21309203
1356786258396,0.24884367,-0.10052079,-0.9633132,0.599271,0.79733765,0.07160264,0.76088834,-0.59510356,0.2586516
1356786258436,0.22431827,-0.21167228,-0.95124984,0.62984586,0.7763423,-0.024225175,0.74362326,-0.5937066,0.30746865
1356786258476,0.1902156,-0.32226032,-0.9273437,0.6663564,0.7360592,-0.119105,0.72096264,-0.5952858,0.35475016
1356786258516,0.15731108,-0.40960902,-0.8985954,0.69903404,0.6889253,-0.1916594,0.6975705,-0.5979986,0.3947062
1356786258556,0.13577268,-0.4624133,-0.8762076,0.72102416,0.652663,-0.23271273,0.6794777,-0.6001708,0.42202497
1356786258596,0.13269776,-0.4778961,-0.86833555,0.72962,0.6400671,-0.24076708,0.6708546,-0.6016057,0.433618
1356786258660,0.15432459,-0.45265514,-0.8782296,0.72386867,0.6567798,-0.21131605,0.67245674,-0.6031116,0.42902017
1356786258684,0.20769334,-0.37715727,-0.9025607,0.7008775,0.7010256,-0.131658,0.682374,-0.60524,0.4099394
1356786258717,0.29861218,-0.23394082,-0.92525804,0.65094167,0.7589095,0.018199474,0.6979296,-0.6077236,0.37890148
1356786258756,0.41851324,-0.014329106,-0.9080977,0.55862474,0.7924259,0.24494842,0.71609014,-0.6098,0.33964533
1356786258796,0.53078204,0.2447592,-0.81139594,0.42343915,0.75274175,0.5040626,0.7341456,-0.6111242,0.29590115
1356786258836,0.598024,0.46427542,-0.6533113,0.28336346,0.6400108,0.7142069,0.7497149,-0.6122374,0.2511831
1356786258876,0.6235991,0.6043175,-0.49590772,0.17868768,0.5073782,0.84299344,0.7610485,-0.6143026,0.20841652
1356786258916,0.630845,0.6801785,-0.37335217,0.11531359,0.39364946,0.9119994,0.76729226,-0.6183829,0.16989797
1356786258956,0.6347235,0.7177837,-0.28620386,0.08030832,0.30709654,0.9482839,0.7685549,-0.6248827,0.1372774
1356786258996,0.64040226,0.7345766,-0.22423694,0.06012571,0.24311468,0.9681324,0.7656826,-0.6334766,0.11152424
1356786259036,0.64845675,0.74026215,-0.17752695,0.045497745,0.19509947,0.97972757,0.7598906,-0.643388,0.092833325
1356786259076,0.65780306,0.7403246,-0.1386165,0.030959338,0.15730694,0.9870645,0.7525534,-0.65358555,0.080557
1356786259116,0.6667948,0.73818874,-0.10228413,0.0137809515,0.12501264,0.9920594,0.7451139,-0.66290957,0.07318485
1356786259156,0.6737822,0.7360283,-0.06542063,-0.006531477,0.09446302,0.995507,0.73890114,-0.67032766,0.06845485
1356786259196,0.6773511,0.7351731,-0.026758075,-0.02914223,0.063159004,0.9975779,0.73508245,-0.6749307,0.06420541
1356786259236,0.676402,0.7364088,0.013505578,-0.05315855,0.030521527,0.99811965,0.73461187,-0.67584807,0.059791207
1356786259277,0.67068774,0.7397904,0.053741723,-0.07794124,-0.001762569,0.9969564,0.73763347,-0.6728352,0.056478024
1356786259324,0.6595079,0.7459298,0.09294164,-0.104444206,-0.031511202,0.9940314,0.74440634,-0.6652787,0.05712615
1356786259354,0.64840496,0.7505434,0.12749735,-0.12886614,-0.056850716,0.9900311,0.7503096,-0.6583712,0.059857316
1356786259397,0.6378093,0.754685,0.15378532,-0.15099287,-0.07327464,0.9858154,0.75524867,-0.65198267,0.067216784
1356786259436,0.62778026,0.75858355,0.17447928,-0.17254159,-0.08296198,0.9815023,0.7590265,-0.64627266,0.07880532
1356786259476,0.6178717,0.7628527,0.19050014,-0.19457692,-0.08639848,0.9770748,0.76182306,-0.64077383,0.09505037
1356786259516,0.607581,0.76808304,0.20222211,-0.2180078,-0.08355358,0.9723638,0.7637525,-0.6348758,0.11668252
1356786259556,0.59700906,0.7744564,0.20927855,-0.24327555,-0.07381299,0.96714467,0.7644588,-0.62830657,0.14433926
1356786259596,0.58731,0.7813816,0.2109735,-0.27066353,-0.05604279,0.96104133,0.7627635,-0.62153196,0.178577
1356786259659,0.58054835,0.78746074,0.20704868,-0.3003959,-0.029206634,0.9533673,0.7567866,-0.6156724,0.21959418
1356786259678,0.5786799,0.7910391,0.19846073,-0.3316506,0.0059351325,0.94338363,0.74507546,-0.61173683,0.26578313
1356786259718,0.58199906,0.7912402,0.18765926,-0.3626361,0.045980185,0.9307959,0.7278545,-0.60977435,0.31369263
1356786259756,0.5884684,0.78882754,0.17735824,-0.39014018,0.08490759,0.9168321,0.7081635,-0.60872126,0.35771883
1356786259796,0.5948874,0.78580713,0.16916317,-0.41015127,0.115755856,0.9046416,0.6912922,-0.6075424,0.3911615
1356786259836,0.59908044,0.7838415,0.16338655,-0.41959003,0.13353932,0.8978371,0.6819434,-0.606432,0.40889287
1356786259877,0.6006429,0.7833439,0.16000104,-0.41748735,0.13662374,0.89835304,0.6818595,-0.6063878,0.40909827
1356786259916,0.60014534,0.78389204,0.15918192,-0.40483654,0.12603235,0.9056618,0.68987894,-0.6079713,0.39298582
1356786259956,0.5983646,0.7848648,0.16108093,-0.38359404,0.104118586,0.91761374,0.7034311,-0.61085725,0.36337033
1356786259996,0.59604967,0.7856509,0.16576329,-0.35677642,0.07419485,0.9312388,0.71932983,-0.614205,0.32452554
1356786260036,0.5939481,0.7856193,0.17328548,-0.32775563,0.039586574,0.9439328,0.73471206,-0.6174425,0.2810035
1356786260076,0.59281206,0.78402174,0.18407547,-0.29988468,0.00277102,0.9539714,0.74742424,-0.6207272,0.23675883
1356786260116,0.59334195,0.78001124,0.19881603,-0.2762274,-0.03469017,0.960466,0.7560712,-0.6248032,0.19487739
1356786260156,0.5959878,0.7729731,0.21751112,-0.2590838,-0.0712837,0.96322066,0.76004875,-0.63042134,0.15778065
1356786260196,0.60077715,0.7630488,0.23837677,-0.24916488,-0.104600936,0.96279573,0.75959456,-0.6378207,0.12728307
1356786260236,0.60733896,0.75134134,0.2581192,-0.24535671,-0.13162762,0.96045524,0.75560534,-0.6466531,0.10440407
1356786260276,0.6149821,0.73966897,0.27328894,-0.24519403,-0.15002006,0.9577964,0.74945104,-0.65603644,0.089102775
1356786260316,0.62285525,0.7296535,0.28223595,-0.24611975,-0.15969062,0.95599365,0.7426145,-0.6649095,0.080118
1356786260356,0.63018554,0.72209716,0.28538018,-0.24614662,-0.16279292,0.95546347,0.7363953,-0.67236465,0.075152
1356786260396,0.63634,0.71726376,0.28390867,-0.24378206,-0.16219556,0.95617104,0.7318755,-0.6776618,0.07164445
1356786260436,0.64067376,0.7157824,0.27783585,-0.23764707,-0.15922645,0.9582124,0.7301103,-0.6799284,0.06809133
1356786260476,0.6426058,0.718519,0.2660608,-0.22714221,-0.15299007,0.96176946,0.7317543,-0.6784723,0.06489367
1356786260516,0.6421295,0.725278,0.24827732,-0.21339408,-0.14195621,0.9665979,0.73629665,-0.67366195,0.06361574
1356786260556,0.6401147,0.7344346,0.22551909,-0.19850498,-0.12546611,0.9720359,0.7421919,-0.6669812,0.06547627
1356786260596,0.637867,0.74414945,0.19841209,-0.18366528,-0.10321146,0.97755533,0.74792564,-0.6599917,0.07083922
1356786260659,0.63643897,0.75340456,0.16530877,-0.16815346,-0.0736393,0.9830065,0.7527748,-0.6534209,0.07982066
1356786260678,0.6364416,0.7616354,0.12187523,-0.14962265,-0.033099428,0.98818904,0.75667375,-0.6471599,0.09289205
1356786260718,0.6381581,0.76741487,0.061876297,-0.12506396,0.024026245,0.9918577,0.75967973,-0.6407005,0.111308485
1356786260758,0.6418126,0.76655066,-0.021831661,-0.0908744,0.10429333,0.9903861,0.76145804,-0.6336584,0.13659662
1356786260798,0.64738774,0.75045145,-0.13308555,-0.044325233,0.21139246,0.97639567,0.7608708,-0.62620753,0.17011683
1356786260838,0.6544924,0.7079116,-0.26552004,0.014121532,0.3396781,0.94043577,0.7559367,-0.6192577,0.21231994
1356786260876,0.6627741,0.6340154,-0.39844072,0.078466,0.47036052,0.87897897,0.744697,-0.61382854,0.26199412
1356786260916,0.6719099,0.5375156,-0.5095234,0.14143443,0.58217436,0.80066806,0.727003,-0.61004096,0.31514555
1356786260956,0.6786484,0.43216348,-0.5938611,0.20271683,0.6669412,0.7170044,0.7059336,-0.6069796,0.3650118
1356786260996,0.6733153,0.3206563,-0.6662026,0.27279627,0.72973967,0.6269467,0.6871889,-0.6038704,0.4038711
1356786261036,0.63998663,0.19233912,-0.74392396,0.3652237,0.7756628,0.51474166,0.67603904,-0.60112643,0.426167
1356786261076,0.55935293,0.035101816,-0.82818604,0.4817289,0.7993043,0.3592351,0.6745825,-0.5999004,0.43018365
1356786261116,0.41792718,-0.14784358,-0.89636993,0.6002676,0.7855488,0.15030599,0.6819205,-0.60087883,0.41704792
1356786261157,0.23076448,-0.3256961,-0.91688037,0.6803702,0.7276573,-0.08724138,0.69558895,-0.603686,0.3895114
1356786261196,0.044012606,-0.46095622,-0.8863308,0.7001885,0.64705825,-0.3017478,0.7126002,-0.6073179,0.35123497
1356786261236,-0.106218964,-0.54402506,-0.83231854,0.6751665,0.57504714,-0.4620293,0.72997785,-0.61102986,0.3062266
1356786261276,-0.21437755,-0.58774143,-0.7801297,0.6315673,0.52586067,-0.5697309,0.74509394,-0.61484194,0.25846553
1356786261316,-0.29053766,-0.60694116,-0.73973674,0.5864652,0.49790764,-0.63886356,0.7560732,-0.61944366,0.21128887
1356786261356,-0.34384894,-0.6103004,-0.71365345,0.5488447,0.48604435,-0.68009585,0.76193,-0.6255352,0.16783434
1356786261396,-0.3794871,-0.6020164,-0.70254236,0.52364355,0.48626024,-0.6995344,0.7627496,-0.6333461,0.13071251
1356786261436,-0.39800245,-0.58286023,-0.7084265,0.51448417,0.49754143,-0.69839716,0.7595395,-0.64243793,0.101849616
1356786261476,-0.3965154,-0.5508734,-0.73437995,0.52406,0.52097785,-0.673753,0.75374836,-0.6520127,0.082114995
1356786261516,-0.368591,-0.5005379,-0.7833279,0.5534483,0.55887574,-0.6175378,0.74688405,-0.6611503,0.07102525
1356786261556,-0.30453992,-0.422264,-0.85378486,0.5993734,0.6116892,-0.5163214,0.74027497,-0.6689764,0.06681001
1356786261596,-0.19659555,-0.30623055,-0.931436,0.6489034,0.6715248,-0.35774112,0.7350337,-0.67474234,0.06669527
1356786261659,-0.054520264,-0.15754223,-0.986006,0.6788951,0.7182656,-0.15230206,0.73220813,-0.67769825,0.06779462
1356786261678,0.08633268,-0.007568598,-0.99623764,0.67499506,0.7359232,0.052903295,0.732754,-0.67702276,0.068642974
1356786261718,0.19196802,0.108870715,-0.9753438,0.64812803,0.7322057,0.20929608,0.7369385,-0.67232585,0.06999791
1356786261758,0.25552833,0.18072316,-0.94976014,0.617756,0.72515297,0.3041885,0.7436953,-0.66444886,0.073654294
1356786261796,0.2856474,0.21247348,-0.9344841,0.59516346,0.7249419,0.3467558,0.7511231,-0.6552207,0.0806213
1356786261836,0.29140165,0.21049362,-0.9331546,0.58391076,0.7335384,0.34780702,0.7577158,-0.6462306,0.09084481
1356786261876,0.27929845,0.17970817,-0.9432377,0.58314127,0.74868166,0.31531253,0.76284903,-0.6381072,0.10431039
1356786261916,0.25533307,0.12525661,-0.95870525,0.58942103,0.7658416,0.2570398,0.7664123,-0.6307118,0.121715784
1356786261956,0.22657758,0.05424869,-0.97248113,0.5986451,0.7798348,0.18297991,0.768301,-0.6236303,0.14421737
1356786261996,0.19969052,-0.025600493,-0.97952455,0.608463,0.7868066,0.10348052,0.7680473,-0.6166685,0.17269474
1356786262036,0.1801815,-0.106801,-0.9778181,0.6188599,0.78499156,0.028296918,0.7645568,-0.6102309,0.2075358
1356786262076,0.17105973,-0.18369694,-0.9679846,0.63155085,0.77452695,-0.03537792,0.756229,-0.6052797,0.24850428
1356786262116,0.17102683,-0.2535321,-0.9520878,0.6482713,0.7566459,-0.085036516,0.74195284,-0.60266775,0.29376435
1356786262156,0.17550687,-0.3150586,-0.93270326,0.66867805,0.73348516,-0.12193933,0.72254205,-0.60227704,0.33940446
1356786262215,0.17778574,-0.36797398,-0.9126814,0.6900218,0.7078657,-0.1509838,0.70161396,-0.60292727,0.37975848
1356786262237,0.17096591,-0.4124789,-0.8947803,0.70861745,0.6824564,-0.17920534,0.684567,-0.60341895,0.40896654
1356786262277,0.15078416,-0.44875413,-0.8808426,0.7215449,0.6590359,-0.2122372,0.67574924,-0.6035656,0.42316848
1356786262314,0.1176554,-0.47650194,-0.8712653,0.72731614,0.63871646,-0.25110257,0.67614233,-0.6041417,0.42171597
1356786262357,0.07392961,-0.495516,-0.86544687,0.7253503,0.6222837,-0.2943296,0.6843985,-0.60599244,0.40542787
1356786262397,0.025164962,-0.5052641,-0.86259776,0.71602887,0.6112542,-0.33715132,0.697617,-0.6091604,0.3771658
1356786262436,-0.023856133,-0.50592595,-0.86224693,0.70067424,0.60674167,-0.3753933,0.7130824,-0.61310965,0.34001476
1356786262476,-0.06828743,-0.49770167,-0.8646559,0.68192035,0.60933506,-0.4045929,0.7282317,-0.6172551,0.29778296
1356786262516,-0.10492495,-0.48108047,-0.87037474,0.6632486,0.61828196,-0.42169738,0.7410074,-0.6215215,0.25420278
1356786262556,-0.1318632,-0.45647871,-0.87990874,0.6481091,0.6319475,-0.42496714,0.7500445,-0.6263143,0.21251732
1356786262596,-0.147735,-0.42411008,-0.89347917,0.6390918,0.6485172,-0.4135059,0.7548086,-0.6321045,0.17523664
1356786262659,-0.1511175,-0.38399017,-0.91088694,0.63738847,0.66648084,-0.38670295,0.7555788,-0.63902646,0.14403403
1356786262678,-0.1403012,-0.33597854,-0.9313614,0.6425742,0.68475485,-0.34381586,0.7532689,-0.6467065,0.119819224
1356786262718,-0.11456862,-0.28044355,-0.9530086,0.6527048,0.7019501,-0.28503087,0.7488995,-0.65468884,0.10262537
1356786262748,-0.07569055,-0.21812727,-0.9729807,0.66373366,0.7171739,-0.21241285,0.74412936,-0.6618777,0.09049511
1356786262788,-0.030296266,-0.15689787,-0.98715,0.67328906,0.726732,-0.13617066,0.7387584,-0.6687628,0.08362037
1356786262828,0.025138438,-0.090621084,-0.99556816,0.67860496,0.73282886,-0.04957035,0.73407316,-0.67435133,0.07991809
1356786262866,0.08363293,-0.023238808,-0.9962256,0.67674994,0.73514366,0.039664418,0.7314471,-0.6775129,0.077209115
1356786262906,0.13882518,0.041544855,-0.9894451,0.6669532,0.73463744,0.12442356,0.73205256,-0.6771867,0.0742777
1356786262946,0.18700111,0.10040495,-0.9772152,0.6503744,0.73287815,0.19975677,0.7362362,-0.67291045,0.0717482
1356786262986,0.2272821,0.1504892,-0.9621309,0.6295671,0.7310546,0.2630673,0.742959,-0.6655165,0.07141256
1356786263026,0.25994563,0.18934642,-0.94687706,0.6078754,0.7298156,0.31282052,0.7502771,-0.6568997,0.07461333
1356786263066,0.2851988,0.21517737,-0.9340024,0.5883748,0.72995216,0.34782892,0.75662196,-0.6487438,0.081576526
1356786263106,0.3031871,0.22698505,-0.9255028,0.57296735,0.7326256,0.36738014,0.7614368,-0.6416677,0.0920676
1356786263146,0.31464213,0.22444962,-0.922292,0.5620904,0.73890674,0.3715793,0.76488864,-0.635326,0.106330216
1356786263186,0.32111686,0.20774479,-0.92397296,0.55513835,0.7491544,0.36137122,0.7672714,-0.6289752,0.12523901
1356786263226,0.32488507,0.17752334,-0.92894304,0.55131626,0.7625247,0.33853567,0.76844,-0.62212664,0.1498614
1356786263266,0.328761,0.13502717,-0.9347106,0.5505135,0.77678514,0.3058428,0.7673664,-0.61511993,0.18104237
1356786263306,0.3355338,0.08238715,-0.9384186,0.553622,0.78873914,0.2671951,0.7621809,-0.6091822,0.2190373
1356786263346,0.3464849,0.022903264,-0.93777597,0.5618753,0.7954591,0.22702643,0.75116205,-0.60557437,0.2627458
1356786263386,0.36019534,-0.038759887,-0.9320714,0.57522416,0.7958145,0.18919946,0.7344226,-0.6042987,0.30894428
1356786263426,0.37263465,-0.09689903,-0.92290515,0.59148383,0.79113024,0.15575553,0.71504563,-0.60392344,0.35211676
1356786263466,0.37909815,-0.14600201,-0.9137659,0.60746896,0.78416926,0.12672842,0.69804454,-0.6031269,0.3859688
1356786263506,0.37651074,-0.18224797,-0.9083091,0.6207057,0.7774723,0.101297736,0.6877239,-0.60193235,0.40584904
1356786263546,0.36449277,-0.20392784,-0.9086024,0.63001287,0.77252024,0.07934907,0.6857323,-0.6013534,0.41005525
1356786263586,0.3442942,-0.21088563,-0.9148709,0.6352422,0.7698521,0.061603755,0.69132394,-0.60237443,0.39901906
1356786263659,0.30958903,-0.20169222,-0.9292335,0.63739866,0.7691953,0.045403957,0.7056044,-0.60634875,0.36669278
1356786263678,0.2810896,-0.17524032,-0.94354624,0.63400453,0.7719898,0.04549679,0.7204352,-0.61100125,0.32810146
1356786263718,0.2551071,-0.14006414,-0.95671445,0.6293741,0.77520084,0.05433172,0.7340359,-0.61599165,0.28591198
1356786263758,0.23554492,-0.09646049,-0.9670647,0.62414074,0.7777575,0.07444209,0.7449611,-0.62111884,0.24340177
1356786263798,0.22509688,-0.04550439,-0.97327316,0.6191584,0.77796614,0.106824785,0.75231254,-0.6266562,0.20329219
1356786263836,0.22600299,0.011724979,-0.97405607,0.6145823,0.7740869,0.15191486,0.7557853,-0.6329708,0.16773999
1356786263876,0.23920187,0.07343179,-0.9681892,0.60966074,0.7647158,0.20862292,0.7557091,-0.6401699,0.13815296
1356786263916,0.26454365,0.13731775,-0.9545472,0.60270846,0.7491494,0.2748048,0.752834,-0.64801157,0.11542016
1356786263956,0.3002439,0.20041013,-0.9325714,0.59194565,0.7274947,0.34691754,0.7479665,-0.65619147,0.09979397
1356786263996,0.34293112,0.25985217,-0.90270436,0.5761832,0.70078236,0.420615,0.741897,-0.664365,0.09059763
1356786264036,0.3880367,0.31348568,-0.8666916,0.5554203,0.6708916,0.49133784,0.7354834,-0.67203516,0.086214244
1356786264076,0.43086213,0.36065072,-0.8272176,0.5307858,0.64005446,0.5555148,0.7298111,-0.67842567,0.08434695
1356786264116,0.46754837,0.40201145,-0.78726447,0.503867,0.6105541,0.6110169,0.72630334,-0.68235654,0.082903266
1356786264156,0.4960055,0.438637,-0.74938387,0.47586355,0.584574,0.65713555,0.72631425,-0.6825473,0.08122057
1356786264196,0.5161888,0.4709992,-0.7153383,0.44761547,0.56371474,0.69416577,0.7301983,-0.67851704,0.08015674
1356786264236,0.5293676,0.49865833,-0.6863745,0.42027768,0.54864854,0.7227389,0.7369781,-0.6710624,0.08086178
1356786264276,0.5370725,0.5206386,-0.6636932,0.39542428,0.53960454,0.74328095,0.74511266,-0.6616362,0.08393362
1356786264316,0.54061174,0.5358364,-0.6485508,0.37430578,0.5372026,0.7558495,0.7534149,-0.65137744,0.08985141
1356786264356,0.541217,0.5431496,-0.64192885,0.35724306,0.54256016,0.76026696,0.76122373,-0.6407941,0.099606395
1356786264396,0.54015195,0.54148155,-0.6442309,0.3439155,0.5566455,0.7562194,0.7680871,-0.63003445,0.11444929
1356786264436,0.5387426,0.52982897,-0.6550096,0.3340388,0.57942045,0.7434312,0.77341735,-0.6193167,0.13517505
1356786264476,0.5386452,0.50751793,-0.6725228,0.32755017,0.6092827,0.72213954,0.77625525,-0.60926193,0.16194963
1356786264516,0.5419204,0.47450757,-0.69366044,0.3246426,0.6431098,0.6935539,0.7751964,-0.60104275,0.194469
1356786264556,0.5506641,0.43203828,-0.7142212,0.325492,0.67676586,0.6603354,0.7686507,-0.5960963,0.23204565
1356786264596,0.5658943,0.38303006,-0.7301039,0.33007753,0.7062208,0.6263394,0.75552136,-0.5954327,0.2732167
1356786264660,0.5865397,0.33185259,-0.73881334,0.3378187,0.7288264,0.59555906,0.7361044,-0.59890395,0.31537953
1356786264678,0.6090167,0.28347313,-0.74077094,0.3475635,0.7441275,0.5705031,0.71295035,-0.60491085,0.35466117
1356786264718,0.6281203,0.24208075,-0.739501,0.35840732,0.75354445,0.5511034,0.69065845,-0.6112018,0.38655305
1356786264756,0.6384457,0.2098417,-0.74050903,0.37067506,0.75935704,0.5347681,0.6745274,-0.6159086,0.40702507
1356786264796,0.6367186,0.18671119,-0.74815,0.38546485,0.7632447,0.518531,0.667837,-0.6185438,0.41400146
1356786264836,0.6221371,0.17131639,-0.7639346,0.40384007,0.7657129,0.50059664,0.670715,-0.6199472,0.40719402
1356786264876,0.59527826,0.16205329,-0.7870086,0.4261089,0.76672137,0.4801765,0.6812305,-0.62119,0.3873602
1356786264917,0.55784714,0.15771203,-0.81482106,0.45098823,0.76657665,0.4571321,0.69671804,-0.62248456,0.35650638
1356786264956,0.51297754,0.15768091,-0.8437954,0.47575587,0.765972,0.43236926,0.71450007,-0.62323636,0.31790882
1356786264996,0.4652878,0.16201565,-0.8702058,0.49753383,0.7652384,0.40849763,0.7320979,-0.62302583,0.27544785
1356786265036,0.42006624,0.17130177,-0.891179,0.5147532,0.76378,0.38944736,0.7473777,-0.62233096,0.23266006
1356786265076,0.38259092,0.18653274,-0.9048921,0.527267,0.76017725,0.37963146,0.75869215,-0.62236327,0.19248438
1356786265116,0.35700452,0.20855458,-0.9105233,0.535745,0.752784,0.38248327,0.7651961,-0.6243566,0.1570152
1356786265157,0.34596917,0.23769255,-0.90763843,0.54052216,0.74022245,0.39988315,0.7669035,-0.62894595,0.12761605
1356786265204,0.35166168,0.2733632,-0.89532495,0.54256904,0.71987176,0.4329012,0.7628584,-0.6380103,0.10483289
1356786265234,0.37432247,0.31993663,-0.87035805,0.53486097,0.6922359,0.48449266,0.7575001,-0.64687705,0.087997794
1356786265277,0.40286294,0.360466,-0.84128815,0.5243988,0.66244364,0.53495264,0.7501382,-0.6566831,0.07784605
1356786265316,0.4372376,0.40004575,-0.80547297,0.5076137,0.6295448,0.5882191,0.7423959,-0.6660606,0.07219195
1356786265356,0.47047868,0.43612826,-0.7670997,0.48711765,0.59649694,0.6378932,0.7357759,-0.67378294,0.06819332
1356786265396,0.49740386,0.4681365,-0.7303682,0.46566945,0.5662527,0.6800808,0.73194355,-0.6783849,0.06365943
1356786265436,0.5153893,0.49582535,-0.69895,0.4451298,0.542063,0.7127602,0.7322795,-0.6784725,0.058666855
1356786265476,0.52490264,0.5188056,-0.67477256,0.42601684,0.52618635,0.73596036,0.7368764,-0.673772,0.055176675
1356786265516,0.5280957,0.53599524,-0.65865326,0.40887713,0.5193054,0.7504275,0.7442677,-0.6656058,0.05508676
1356786265556,0.5271077,0.54592276,-0.6512494,0.39499342,0.52114743,0.7565616,0.75242114,-0.6560287,0.059064925
1356786265597,0.5232269,0.54710823,-0.6533806,0.38575962,0.53159887,0.7540505,0.7598836,-0.6465874,0.067094564
1356786265660,0.5171935,0.538117,-0.66553813,0.38182724,0.5508717,0.7421242,0.7659758,-0.63794243,0.07943952
1356786265678,0.5097695,0.5175281,-0.6872406,0.38294387,0.57882655,0.7199402,0.7703824,-0.6301781,0.09688395
1356786265718,0.50239456,0.48422444,-0.7163284,0.38800317,0.61411357,0.68725395,0.7726922,-0.6232103,0.120646715
1356786265748,0.4928912,0.43810776,-0.7517446,0.39943758,0.65362734,0.64282274,0.7729864,-0.6171167,0.14717048
1356786265788,0.4934293,0.38592857,-0.77947843,0.40665072,0.68983686,0.59896606,0.76887107,-0.6125229,0.1834476
1356786265827,0.49933022,0.32019562,-0.80507404,0.41795343,0.7249211,0.5475439,0.75893635,-0.6098887,0.22814813
1356786265866,0.50980484,0.24589518,-0.8243995,0.43361983,0.754202,0.4931057,0.743016,-0.60886365,0.27787083
1356786265907,0.5200679,0.16974655,-0.8370876,0.45360062,0.77553594,0.43907917,0.7237237,-0.6080544,0.32633415
1356786265946,0.52295953,0.098596856,-0.84663564,0.4773748,0.78900766,0.38675594,0.706135,-0.6064203,0.3655514
1356786265986,0.5133912,0.037635893,-0.857329,0.5036088,0.79570264,0.33650482,0.69484365,-0.60451704,0.38955295
1356786266026,0.48976344,-0.010745525,-0.8717891,0.530653,0.79705405,0.2882918,0.6917652,-0.60381234,0.3960701
1356786266066,0.45345744,-0.04591909,-0.8900942,0.55648255,0.79468215,0.24250253,0.6962065,-0.6052865,0.38590774
1356786266106,0.4079107,-0.06812948,-0.91047645,0.57894254,0.7904001,0.20023294,0.7059989,-0.6087907,0.3618557
1356786266146,0.3580633,-0.07791853,-0.9304404,0.5962573,0.785938,0.16364156,0.7185178,-0.61337596,0.32787508
1356786266186,0.3094844,-0.07598293,-0.9478639,0.6077429,0.7824522,0.13570929,0.73134667,-0.6180575,0.28833485
1356786266226,0.26707712,-0.06322613,-0.9615988,0.6141964,0.7800839,0.119297266,0.7425851,-0.62247205,0.24717581
1356786266266,0.23458564,-0.04077381,-0.9712399,0.61739516,0.77798474,0.116460025,0.7508613,-0.6269587,0.2076776
1356786266306,0.21388543,-0.010263294,-0.97680473,0.6192695,0.7747644,0.12745744,0.7554854,-0.6321667,0.17206657
1356786266346,0.20582086,0.026527107,-0.97823006,0.62079245,0.76920235,0.15147434,0.75647503,-0.63845444,0.14185005
1356786266386,0.21031013,0.06751883,-0.97530043,0.6218394,0.7605542,0.18674335,0.7543775,-0.6457542,0.11796641
1356786266426,0.22615135,0.11036238,-0.96782005,0.6216613,0.74856496,0.23062442,0.7499285,-0.65381235,0.10068095
1356786266466,0.2510065,0.15275985,-0.9558558,0.6193142,0.73356986,0.27986646,0.74393934,-0.66222334,0.08952445
1356786266506,0.28140345,0.19309303,-0.93996125,0.61387146,0.71665937,0.33100033,0.7375459,-0.67016006,0.08313614
1356786266546,0.3127436,0.23046435,-0.9214541,0.6049922,0.6995414,0.38029757,0.7322403,-0.6764082,0.07934797
1356786266586,0.3408158,0.26471806,-0.9020914,0.59280807,0.6842253,0.424752,0.72967327,-0.6795293,0.07626778
1356786266659,0.362842,0.29594082,-0.8836089,0.5760154,0.67414224,0.46231848,0.73249704,-0.6767209,0.07414067
1356786266678,0.3829994,0.32472268,-0.8647928,0.5554286,0.6670914,0.49647558,0.7381128,-0.6704805,0.07513535
1356786266718,0.39944318,0.34619856,-0.84887683,0.53385866,0.66491437,0.52238286,0.7452786,-0.66184247,0.08077443
1356786266758,0.41248184,0.35960034,-0.8369864,0.5133659,0.66724324,0.53966826,0.75253844,-0.6522837,0.09061915
1356786266796,0.42180791,0.36457303,-0.8301593,0.4958031,0.6738324,0.54784036,0.7591162,-0.642679,0.1034714
1356786266836,0.4273895,0.36084205,-0.8289337,0.4819979,0.6847685,0.5465987,0.7648635,-0.63315487,0.11873776
1356786266876,0.4299873,0.34805378,-0.83304834,0.47185674,0.7000186,0.5360272,0.76971567,-0.62356436,0.13676757
1356786266916,0.43103257,0.32562545,-0.8415338,0.46522,0.7189131,0.5164634,0.7731632,-0.6141108,0.15838748
1356786266956,0.4325044,0.2928301,-0.85275465,0.4624278,0.73988116,0.48860654,0.77401584,-0.60566187,0.18458909
1356786266996,0.43632385,0.24906671,-0.8646313,0.46456707,0.760583,0.4535316,0.7705835,-0.59956586,0.21615231
1356786267036,0.44338307,0.1945816,-0.8749568,0.47307697,0.77831686,0.41282085,0.7613209,-0.5969597,0.25304043
1356786267076,0.4529739,0.1314735,-0.88177633,0.4886505,0.79064953,0.36890924,0.7456778,-0.59798664,0.293899
1356786267116,0.46236673,0.06466131,-0.884328,0.51026875,0.7962368,0.3250118,0.7251502,-0.6015196,0.33515874
1356786267156,0.46718493,0.0019129217,-0.8841576,0.5348016,0.79571104,0.28430828,0.7040778,-0.60567343,0.3707212
1356786267196,0.4638064,-0.04882714,-0.88459,0.55789304,0.7917375,0.24881141,0.6882143,-0.6089069,0.39445326
1356786267236,0.4514404,-0.08283956,-0.88844764,0.57604533,0.7874571,0.2192786,0.68144953,-0.61077726,0.4032093
1356786267276,0.4314068,-0.09890972,-0.89671904,0.587831,0.7848226,0.19623506,0.6843558,-0.6117764,0.39672
1356786267316,0.40594912,-0.0978311,-0.90864426,0.5934051,0.7843672,0.1806612,0.6950365,-0.6125334,0.37646663
1356786267356,0.37768924,-0.08116782,-0.92236793,0.59359264,0.7857483,0.17391767,0.71063256,-0.6131977,0.3449493
1356786267396,0.35000196,-0.051018894,-0.9353586,0.5895289,0.78797734,0.17761588,0.7279796,-0.61358684,0.3058707
1356786267437,0.3263927,-0.009610087,-0.94518536,0.58268785,0.78940046,0.19318843,0.74427325,-0.6138034,0.26325423
1356786267476,0.30966374,0.041078866,-0.9499583,0.57472396,0.787825,0.22141406,0.75749636,-0.6145277,0.22035182
1356786267516,0.3023215,0.09889841,-0.9480616,0.5668205,0.7809961,0.26222062,0.76636565,-0.61665565,0.18005425
1356786267556,0.30593535,0.16082515,-0.93837035,0.55934125,0.7672243,0.31385398,0.77041614,-0.62088823,0.1447649
1356786267596,0.3211776,0.22337715,-0.92029756,0.5513822,0.74597585,0.37349394,0.76994973,-0.6273936,0.11642456
1356786267657,0.34716454,0.28291616,-0.8941114,0.54127574,0.71812594,0.43739647,0.7658311,-0.63580936,0.09617221
1356786267678,0.3814683,0.33683467,-0.8608277,0.52711695,0.68573606,0.5019101,0.75936127,-0.6452197,0.08403528
1356786267718,0.42014688,0.3837446,-0.8223239,0.50802904,0.65139973,0.56354666,0.7519195,-0.65453684,0.078730166
1356786267758,0.45878598,0.42431206,-0.78068864,0.48445052,0.6170875,0.62008935,0.7448646,-0.6626933,0.077552915
1356786267798,0.493314,0.46025822,-0.73810816,0.45785412,0.5840939,0.67022675,0.73960185,-0.6685781,0.07741058
1356786267838,0.5210887,0.49324194,-0.6965478,0.42959896,0.55361456,0.7134113,0.73750335,-0.67098683,0.0765861
1356786267878,0.5413697,0.52415764,-0.65740216,0.4002562,0.52694297,0.7497507,0.739401,-0.66902155,0.07547361
