1356786184498,-0.4250617,0.6143806,0.66472477,-0.33725902,0.57399297,-0.74618256,-0.83998746,-0.5413581,-0.03677702
1356786184537,-0.13418502,0.27286917,-0.95264727,0.5257676,-0.79527104,-0.3018484,-0.8399779,-0.54137456,-0.036752373
1356786184576,-0.13428563,0.2727499,-0.95266724,0.52581686,-0.7952565,-0.30180085,-0.839931,-0.541456,-0.036624968
1356786184617,-0.13445187,0.27243656,-0.95273346,0.52595305,-0.795234,-0.3016228,-0.83981913,-0.54164684,-0.036368176
1356786184656,-0.13542485,0.27329415,-0.9523499,0.5260104,-0.79472566,-0.30286005,-0.8396268,-0.5419607,-0.036129966
1356786184697,-0.13665617,0.27485654,-0.95172423,0.5262022,-0.7938494,-0.30481878,-0.8393071,-0.54245466,-0.03614573
1356786184744,-0.1383276,0.27784082,-0.9506156,0.5267048,-0.79221404,-0.3081868,-0.8387179,-0.5433245,-0.036755085
1356786184786,-0.140764,0.28266335,-0.9488344,0.52720326,-0.7897948,-0.3134976,-0.83799887,-0.54435784,-0.037846312
1356786184826,-0.14309001,0.28800762,-0.9468774,0.52783567,-0.7870949,-0.31917262,-0.83720654,-0.54546607,-0.039395273
1356786184867,-0.14501733,0.29326066,-0.94496995,0.52862763,-0.7843628,-0.32454252,-0.8363748,-0.5466015,-0.04127948
1356786184906,-0.14656389,0.29795045,-0.9432627,0.5294644,-0.78184086,-0.32922986,-0.8355756,-0.5476773,-0.04316446
1356786184948,-0.14803231,0.3017418,-0.9418272,0.5300083,-0.77981335,-0.3331403,-0.83497167,-0.5484917,-0.044488147
1356786184986,-0.14995593,0.3044555,-0.9406488,0.5298366,-0.77851117,-0.33644244,-0.8347373,-0.5488417,-0.0445693
1356786185027,-0.15298939,0.3059351,-0.93967974,0.52874297,-0.7779817,-0.33937514,-0.83488035,-0.54876983,-0.042738155
1356786185068,-0.15790045,0.30569106,-0.9389464,0.526751,-0.7782087,-0.34194246,-0.83522505,-0.5485838,-0.03814356
1356786185104,-0.16538602,0.30305934,-0.9385108,0.52389866,-0.77924734,-0.34395313,-0.8355702,-0.54856956,-0.029895768
1356786185147,-0.17588878,0.29726762,-0.9384536,0.5200524,-0.7813675,-0.3449788,-0.8358281,-0.5487229,-0.017160952
1356786185187,-0.1889711,0.28923982,-0.93841904,0.51522,-0.78433365,-0.34549832,-0.83596545,-0.54878145,-8.057356E-4
1356786185227,-0.20375907,0.27992496,-0.9381494,0.5095718,-0.7878968,-0.34576774,-0.8359539,-0.54850775,0.01789923
1356786185266,-0.21950394,0.27028137,-0.93742526,0.5032821,-0.79177004,-0.3461322,-0.83577824,-0.5477667,0.037768736
1356786185306,-0.2355454,0.26101282,-0.9361574,0.49646148,-0.7957791,-0.34678763,-0.8354905,-0.5464503,0.057859287
1356786185346,-0.2511077,0.2527892,-0.93436754,0.4892065,-0.79979664,-0.347854,-0.83523774,-0.5444474,0.07716891
1356786185387,-0.2652899,0.24645495,-0.93213797,0.48168933,-0.80360556,-0.34956187,-0.8352225,-0.5417362,0.094473705
1356786185439,-0.2773611,0.24250337,-0.9296575,0.47417423,-0.80701244,-0.35197985,-0.8356014,-0.5384451,0.10884495
1356786185468,-0.28691244,0.24082416,-0.92719203,0.467054,-0.8098883,-0.35488254,-0.83638626,-0.53486896,0.119889066
1356786185508,-0.29376054,0.24050945,-0.925127,0.46085787,-0.8122785,-0.35751036,-0.8374454,-0.53137445,0.1277747
1356786185538,-0.2980644,0.23967083,-0.92396724,0.45630038,-0.81443155,-0.35845682,-0.8384197,-0.52844983,0.1333911
1356786185578,-0.29996306,0.23855127,-0.9236425,0.45343703,-0.8162028,-0.35806125,-0.8392956,-0.52621883,0.13666272
1356786185608,-0.29882067,0.23396786,-0.9251839,0.4528917,-0.8185826,-0.35328695,-0.8399972,-0.52457756,0.1386473
1356786185638,-0.29598743,0.22776306,-0.92763966,0.45365822,-0.82111466,-0.3463594,-0.8405865,-0.5233494,0.1397131
1356786185668,-0.29156643,0.2195288,-0.93101877,0.45545214,-0.8240369,-0.3369367,-0.8411612,-0.52227396,0.14027677
1356786185698,-0.28592265,0.20925617,-0.9351257,0.4577781,-0.8274809,-0.3251377,-0.84183574,-0.5210443,0.14080265
1356786185728,-0.27963394,0.19721937,-0.9396326,0.4600039,-0.8315121,-0.31142274,-0.8427344,-0.519319,0.14179726
1356786185768,-0.2736702,0.18325657,-0.9442043,0.4606791,-0.8367793,-0.29593113,-0.8443219,-0.5159627,0.14457902
1356786185798,-0.26766425,0.16717176,-0.94889915,0.46074808,-0.8427253,-0.27843383,-0.8462075,-0.5117302,0.1485433
1356786185828,-0.2634703,0.15152058,-0.9526935,0.4589921,-0.8489438,-0.26195544,-0.8484749,-0.5062963,0.15412472
1356786185868,-0.26252252,0.13508908,-0.9554228,0.45348245,-0.8567186,-0.245737,-0.85172504,-0.497779,0.16364753
1356786185908,-0.26526403,0.11896157,-0.9568088,0.4445356,-0.865503,-0.23085168,-0.8555834,-0.48657224,0.17670423
1356786185948,-0.2715158,0.10365814,-0.9568354,0.43279052,-0.874842,-0.217586,-0.8596344,-0.4731874,0.19267127
1356786185978,-0.27958816,0.091145575,-0.95578396,0.4205013,-0.88330644,-0.20723996,-0.86313915,-0.45985022,0.20863521
1356786186008,-0.28863633,0.07954164,-0.954129,0.40815097,-0.8912351,-0.19776936,-0.8660842,-0.4465121,0.22477785
1356786186038,-0.29837394,0.06867352,-0.9519753,0.39612764,-0.89853835,-0.18897545,-0.8683639,-0.43348908,0.24089694
1356786186078,-0.30903184,0.057298824,-0.9493241,0.38470942,-0.9053412,-0.1798779,-0.8697689,-0.4208019,0.2577358
1356786186108,-0.31851226,0.048921928,-0.9466556,0.3758391,-0.91029865,-0.17349808,-0.87022704,-0.4110514,0.27155435
1356786186148,-0.32499337,0.044353113,-0.9446757,0.3721034,-0.9123322,-0.17084798,-0.86943567,-0.40704146,0.27999797
1356786186188,-0.32682258,0.04481885,-0.94402254,0.37413046,-0.91113824,-0.17278236,-0.8678788,-0.4096567,0.2810123
1356786186227,-0.32281268,0.050913915,-0.9450925,0.38149226,-0.9068439,-0.1791587,-0.86617297,-0.4183802,0.27331743
1356786186266,-0.31272376,0.06182155,-0.94783014,0.3928435,-0.90011585,-0.18832284,-0.8647993,-0.43124193,0.2572014
1356786186307,-0.296705,0.076830685,-0.95187354,0.40698853,-0.8915327,-0.19882113,-0.863902,-0.44639283,0.23325294
1356786186346,-0.2755559,0.094285965,-0.95665,0.42267668,-0.8819304,-0.20867054,-0.8633734,-0.46185398,0.20316851
1356786186388,-0.25067776,0.11218499,-0.9615483,0.43839985,-0.8724195,-0.21607804,-0.86311424,-0.4757086,0.16951436
1356786186438,-0.22367495,0.12865832,-0.9661348,0.45254305,-0.86421514,-0.2198565,-0.86323476,-0.486394,0.13507992
1356786186468,-0.19626737,0.1417335,-0.97025293,0.46371982,-0.85843694,-0.21920301,-0.8639694,-0.49294794,0.10275852
1356786186508,-0.16988558,0.1500984,-0.97396576,0.47100693,-0.85576844,-0.21403912,-0.8656161,-0.4951068,0.074685395
1356786186538,-0.14574564,0.15255402,-0.9774894,0.47547948,-0.85564387,-0.20443292,-0.86756986,-0.4945714,0.052170046
1356786186568,-0.12496406,0.15142292,-0.9805382,0.4768054,-0.85751617,-0.19319095,-0.8700809,-0.4916678,0.034959383
1356786186608,-0.10744172,0.14637741,-0.98337674,0.47414073,-0.8618343,-0.18008928,-0.8738688,-0.4856081,0.023193516
1356786186648,-0.09157401,0.13612589,-0.9864502,0.4698024,-0.8675308,-0.16332814,-0.8780091,-0.4783933,0.015490949
1356786186695,-0.07700008,0.12301515,-0.9894131,0.46602088,-0.8728461,-0.14478984,-0.88141674,-0.472236,0.009881645
1356786186718,-0.064445615,0.11000855,-0.9918391,0.4637378,-0.87676805,-0.12737739,-0.88362545,-0.46816218,0.005488783
1356786186754,-0.05244237,0.096560314,-0.99394464,0.46402484,-0.8789816,-0.109874606,-0.8842685,-0.46697706,0.0012894347
1356786186785,-0.041025817,0.083563045,-0.99565756,0.46589768,-0.8799326,-0.09304775,-0.88388693,-0.46769196,-0.0028318167
1356786186827,-0.03010273,0.0730055,-0.9968772,0.47086656,-0.8786988,-0.07856956,-0.88169074,-0.47176126,-0.007924676
1356786186867,-0.019460797,0.06330256,-0.9978046,0.47838324,-0.87575036,-0.064889446,-0.87793547,-0.47859585,-0.013240039
1356786186907,-0.010058641,0.054323047,-0.99847275,0.48843804,-0.87102926,-0.052309886,-0.87254065,-0.48821825,-0.017772079
1356786186946,-0.003101766,0.045512617,-0.99895895,0.5002569,-0.86490786,-0.040958524,-0.86587155,-0.49986315,-0.020085305
1356786186986,9.7334385E-5,0.036576703,-0.9993308,0.512368,-0.8581931,-0.031361014,-0.8587659,-0.51202214,-0.01882422
1356786187026,-0.0016056895,0.027407676,-0.999623,0.52316487,-0.8518879,-0.02419743,-0.85223,-0.52300644,-0.012970813
1356786187067,-0.0090331435,0.018125713,-0.9997949,0.53118217,-0.8470179,-0.020155162,-0.8472095,-0.53125536,-0.0019768775
1356786187106,-0.022693634,0.008823842,-0.99970347,0.5352216,-0.8444841,-0.01960355,-0.8444068,-0.5355078,0.014441825
1356786187146,-0.04263252,-3.145039E-4,-0.9990908,0.53444695,-0.84490144,-0.022539526,-0.8441261,-0.534922,0.036188327
1356786187187,-0.06835407,-0.009091377,-0.99761975,0.5284931,-0.8484598,-0.028478801,-0.8461813,-0.5291818,0.06280041
1356786187226,-0.09879428,-0.017230213,-0.99495876,0.5175784,-0.85485315,-0.036588922,-0.8499131,-0.51858395,0.09337253
1356786187266,-0.13266557,-0.02501759,-0.99084496,0.5022757,-0.8635122,-0.045447826,-0.8544699,-0.5037068,0.12712419
1356786187307,-0.16882432,-0.033499107,-0.9850767,0.48328054,-0.87385315,-0.053108796,-0.8590333,-0.48503447,0.16371718
1356786187346,-0.2060402,-0.043871343,-0.9775597,0.4617234,-0.88515234,-0.057593152,-0.86276245,-0.46322858,0.20263332
1356786187386,-0.24248224,-0.056583405,-0.96850437,0.43973058,-0.8962723,-0.057731017,-0.864777,-0.43987972,0.24221164
1356786187437,-0.27550477,-0.07069172,-0.95869696,0.4204057,-0.90572625,-0.054027945,-0.86449766,-0.4179266,0.2792511
1356786187468,-0.30168134,-0.08373216,-0.9497248,0.40709296,-0.9120768,-0.048900664,-0.8621274,-0.40137872,0.30924332
1356786187508,-0.31807435,-0.09310998,-0.9434825,0.40175802,-0.91463065,-0.0451812,-0.85873115,-0.3934226,0.32832822
1356786187538,-0.32568347,-0.09980059,-0.94019693,0.40202218,-0.91465837,-0.042170465,-0.85575026,-0.39171422,0.3380111
1356786187578,-0.3216763,-0.09902054,-0.9416578,0.40891248,-0.9115203,-0.04383567,-0.8539995,-0.39915648,0.33370507
1356786187608,-0.31026655,-0.098279625,-0.94555575,0.41883746,-0.907035,-0.04315792,-0.85341066,-0.4094246,0.32258588
1356786187638,-0.2927212,-0.09516406,-0.9514505,0.43016553,-0.9017655,-0.04214923,-0.85397416,-0.42161918,0.3049022
1356786187678,-0.2646227,-0.08612482,-0.96049845,0.44395453,-0.8950618,-0.042054668,-0.85608363,-0.43754625,0.27508923
1356786187718,-0.22741675,-0.07733424,-0.9707219,0.45992672,-0.88718265,-0.03707081,-0.8583408,-0.45489144,0.23732835
1356786187748,-0.1878466,-0.07351652,-0.97944325,0.47537377,-0.87942404,-0.025162414,-0.85949606,-0.47032827,0.20014465
1356786187786,-0.14595747,-0.06865245,-0.98690593,0.48894542,-0.8722368,-0.011636391,-0.8600167,-0.48424155,0.16087672
1356786187826,-0.10235798,-0.069214165,-0.99233675,0.49949855,-0.866269,0.008898616,-0.86024654,-0.49475992,0.12324193
1356786187867,-0.05980599,-0.07650027,-0.9952743,0.5052061,-0.862251,0.035917833,-0.8609239,-0.50067055,0.09021613
1356786187907,-0.020314217,-0.09141363,-0.9956058,0.5055202,-0.86007905,0.0686554,-0.86257565,-0.50190413,0.06368315
1356786187946,0.0149383545,-0.11410183,-0.9933567,0.50122875,-0.85877544,0.10618074,-0.86518586,-0.49948514,0.044362485
1356786187987,0.045148373,-0.14309727,-0.98867834,0.49350172,-0.8572978,0.14661776,-0.86857224,-0.49453402,0.031913046
1356786188026,0.07031417,-0.17649601,-0.98178667,0.48373616,-0.8547183,0.18829742,-0.87238485,-0.4881657,0.025278687
1356786188066,0.090868115,-0.2119103,-0.9730555,0.47335,-0.8504745,0.2294183,-0.87617505,-0.48144263,0.023026824
1356786188106,0.107982695,-0.24713877,-0.9629445,0.46347222,-0.844394,0.26868573,-0.8795073,-0.47531143,0.02336213
1356786188147,0.12330806,-0.28051424,-0.9518965,0.4549337,-0.83650523,0.3054414,-0.881947,-0.47071317,0.024467498
1356786188186,0.13799661,-0.31110877,-0.94030225,0.4487102,-0.8267275,0.3393831,-0.88295877,-0.46875694,0.02551204
1356786188226,0.15185392,-0.33860782,-0.92859316,0.44582286,-0.81502557,0.37010178,-0.8821465,-0.47018942,0.027194262
1356786188266,0.16336417,-0.36262658,-0.9175043,0.44660476,-0.8020689,0.39652207,-0.879691,-0.4745393,0.0309214
1356786188306,0.1704241,-0.3820969,-0.90827173,0.45061988,-0.7895032,0.416685,-0.87629753,-0.48029846,0.03763008
1356786188346,0.17094785,-0.3953473,-0.90248406,0.45734906,-0.77946883,0.42808926,-0.872702,-0.48593116,0.047563076
1356786188386,0.16311783,-0.40083566,-0.90151167,0.46668586,-0.7737127,0.42845416,-0.8692508,-0.4906113,0.06085801
1356786188434,0.14568675,-0.39791977,-0.9057787,0.4784665,-0.77301586,0.41655263,-0.865936,-0.49407098,0.07777321
1356786188468,0.118490696,-0.38758048,-0.91418886,0.4916471,-0.7769966,0.39314017,-0.8626952,-0.49604174,0.098486066
1356786188507,0.082880914,-0.37269536,-0.92424506,0.5040982,-0.7843535,0.36148962,-0.8596603,-0.4958708,0.12286705
1356786188547,0.041782558,-0.35805893,-0.9327637,0.5133416,-0.7932388,0.3274945,-0.85716665,-0.49250996,0.15066299
1356786188586,-7.3975325E-4,-0.3492638,-0.9370242,0.51771253,-0.80180925,0.29845542,-0.8555543,-0.48488837,0.18141139
1356786188626,-0.040400326,-0.3515191,-0.93530864,0.5172249,-0.80825573,0.2814272,-0.85489553,-0.47239518,0.21446812
1356786188666,-0.07356429,-0.367083,-0.9272747,0.5137789,-0.81086224,0.28023842,-0.8547628,-0.45579866,0.24825007
1356786188706,-0.09761047,-0.39444882,-0.91371894,0.5103696,-0.8080284,0.29430103,-0.85439754,-0.43760753,0.28018668
1356786188746,-0.11096394,-0.4278518,-0.89701164,0.50955737,-0.7994115,0.31826475,-0.8532516,-0.42176297,0.30672094
1356786188786,-0.11339164,-0.45894948,-0.88119674,0.51182854,-0.7871591,0.34411064,-0.85157144,-0.41200235,0.3241607
1356786188826,-0.10629088,-0.48047793,-0.870542,0.51536083,-0.77535003,0.3650145,-0.85035616,-0.40984547,0.3300321
1356786188866,-0.092274606,-0.48814887,-0.8678687,0.51756865,-0.76810724,0.37700665,-0.85065156,-0.41439348,0.32352734
1356786188906,-0.07415432,-0.48004553,-0.8741037,0.51696897,-0.7680497,0.37794524,-0.8527861,-0.42385828,0.3051229
1356786188946,-0.05422473,-0.455965,-0.8883443,0.5138619,-0.775548,0.36670324,-0.8561574,-0.4366019,0.27635694
1356786188986,-0.034047246,-0.41795236,-0.9078308,0.5097436,-0.7885868,0.34393674,-0.85965246,-0.45105076,0.23989767
1356786189026,-0.014466584,-0.37053004,-0.9287079,0.50599444,-0.8038125,0.31281817,-0.8624155,-0.46539557,0.1991145
1356786189066,0.004288435,-0.32031643,-0.9473009,0.50300336,-0.8180514,0.27888966,-0.8642738,-0.47769153,0.15761214
1356786189106,0.022444546,-0.27438563,-0.9613577,0.5002055,-0.8295037,0.2484307,-0.8656157,-0.48645237,0.11863148
1356786189146,0.040513635,-0.23889416,-0.9702001,0.4967627,-0.8376726,0.22700548,-0.8669403,-0.49115604,0.084736556
1356786189186,0.05914563,-0.21834727,-0.9740771,0.4920562,-0.84262973,0.21875975,-0.86855197,-0.49223933,0.057601243
1356786189227,0.07914543,-0.21582301,-0.9732196,0.48576164,-0.84417886,0.22671042,-0.87050074,-0.49069583,0.038025677
1356786189266,0.10126883,-0.23257048,-0.9672929,0.4776718,-0.84151924,0.25233907,-0.8726822,-0.4876026,0.025872737
1356786189306,0.1261273,-0.2674805,-0.9552728,0.4676146,-0.83323586,0.29505002,-0.8748877,-0.48391336,0.019984037
1356786189346,0.15388715,-0.3164878,-0.93603104,0.45549464,-0.8179323,0.35144174,-0.8768371,-0.48043948,0.018289268
1356786189386,0.18385959,-0.37312898,-0.9093791,0.44170365,-0.7951195,0.41555122,-0.87811935,-0.47807917,0.01862207
1356786189436,0.21450359,-0.43030378,-0.8768278,0.42759052,-0.76575637,0.48039946,-0.8781541,-0.47797063,0.01973626
1356786189468,0.24369943,-0.48213422,-0.84152067,0.41502553,-0.7323784,0.5397921,-0.8765639,-0.48079965,0.02161786
1356786189506,0.26894492,-0.52482617,-0.80760515,0.40568134,-0.6987652,0.5891942,-0.8735509,-0.48609114,0.02498284
1356786189546,0.28792197,-0.5568404,-0.77912104,0.4007662,-0.6688435,0.62612677,-0.8697628,-0.49252105,0.03058812
1356786189605,0.298773,-0.5779062,-0.7594466,0.40126485,-0.6459558,0.64940566,-0.8658645,-0.4987641,0.038899243
1356786189627,0.3001693,-0.5883238,-0.75084853,0.40795672,-0.6323486,0.65856403,-0.8622469,-0.5039944,0.05019903
1356786189667,0.2913499,-0.58889955,-0.7538651,0.42093584,-0.62873876,0.65383524,-0.8590275,-0.50782365,0.06470597
1356786189704,0.27218646,-0.5807149,-0.76725787,0.4392685,-0.6344431,0.63602287,-0.85612947,-0.51014906,0.082402974
1356786189745,0.24386972,-0.5667367,-0.7869797,0.4607414,-0.6463478,0.60823673,-0.8533727,-0.51092464,0.103494406
1356786189786,0.20890296,-0.55200076,-0.80725133,0.48233616,-0.6599173,0.57607377,-0.8507123,-0.5097101,0.12839124
1356786189826,0.17186904,-0.5441347,-0.8212056,0.50076514,-0.66961694,0.54849577,-0.8483486,-0.50550056,0.15739715
1356786189867,0.13892227,-0.5514261,-0.8225751,0.51403373,-0.6698142,0.53583413,-0.84644544,-0.49727064,0.19039956
1356786189907,0.11576694,-0.57889926,-0.80713916,0.52242506,-0.6556384,0.54517007,-0.84479,-0.48478234,0.2265302
1356786189947,0.10584378,-0.62458634,-0.77374995,0.52763605,-0.624268,0.5760986,-0.8428507,-0.46923476,0.2634794
1356786189986,0.10913688,-0.67899805,-0.72598255,0.53105694,-0.5775533,0.6200085,-0.84027827,-0.45320383,0.2975543
1356786190026,0.12205714,-0.7274533,-0.67521393,0.53289324,-0.5258978,0.6629151,-0.8373332,-0.44073045,0.32346532
1356786190066,0.13956249,-0.75918,-0.6357421,0.5323569,-0.48382306,0.6946304,-0.8349362,-0.43538603,0.33663115
1356786190107,0.15770632,-0.771452,-0.6164336,0.52859706,-0.4613272,0.71257454,-0.83409464,-0.4382226,0.33503303
1356786190146,0.17413038,-0.7658573,-0.618984,0.52161664,-0.46141714,0.7176421,-0.8352213,-0.44783562,0.31913722
1356786190186,0.1870333,-0.74339104,-0.64217466,0.5127584,-0.48371387,0.7092952,-0.8379125,-0.46194226,0.29070938
1356786190226,0.19510823,-0.7039701,-0.6829047,0.5043571,-0.52515227,0.68544805,-0.8411639,-0.4781644,0.25259078
1356786190266,0.19774604,-0.6479862,-0.73553413,0.4986442,-0.5795202,0.64460087,-0.8439494,-0.49423704,0.20851669
1356786190306,0.19583052,-0.5792788,-0.7912563,0.4961753,-0.6374427,0.5894718,-0.84584904,-0.5080384,0.16259304
1356786190346,0.19281894,-0.50827646,-0.8393306,0.49492964,-0.688221,0.5304683,-0.8472695,-0.51769394,0.11885899
1356786190386,0.19444728,-0.45095858,-0.87110656,0.49105927,-0.7240127,0.48442394,-0.84914726,-0.52195984,0.08066505
1356786190436,0.2071982,-0.42436084,-0.8814686,0.48031643,-0.7408213,0.46955305,-0.85227054,-0.5206744,0.05033055
1356786190469,0.2363177,-0.44198784,-0.86533266,0.45849004,-0.7344612,0.50035346,-0.85670346,-0.5149888,0.029080898
1356786190508,0.28266,-0.5079102,-0.813714,0.42104012,-0.69652265,0.58101755,-0.86187494,-0.5068367,0.01697144
1356786190548,0.33872104,-0.6079426,-0.7181045,0.36562446,-0.61818993,0.6958161,-0.8669411,-0.49824408,0.012884706
1356786190588,0.38960564,-0.70897436,-0.5878459,0.29898414,-0.506347,0.80883944,-0.8711004,-0.49088502,0.0146964155
1356786190628,0.42510495,-0.7830678,-0.45397198,0.23589656,-0.3883665,0.89079976,-0.8738642,-0.4857738,0.019626498
1356786190666,0.4465093,-0.8261639,-0.34363142,0.18658924,-0.28962672,0.93877614,-0.8751079,-0.4832902,0.024832308
1356786190706,0.4596836,-0.84727407,-0.26611567,0.15287459,-0.2196849,0.9635184,-0.87482584,-0.48359585,0.028541207
1356786190746,0.4690216,-0.8551954,-0.22058922,0.13371387,-0.17812696,0.97488016,-0.8730059,-0.48673564,0.03080611
1356786190786,0.4762658,-0.855546,-0.20300734,0.12818205,-0.16085416,0.97861916,-0.8699082,-0.4921047,0.033056304
1356786190826,0.480847,-0.8512218,-0.21025586,0.13617009,-0.16439039,0.97695106,-0.8661661,-0.49839455,0.036864355
1356786190866,0.4801965,-0.842343,-0.24468258,0.15979335,-0.19027498,0.9686389,-0.86248326,-0.5042356,0.043231457
1356786190906,0.46848732,-0.8241142,-0.31836358,0.20543525,-0.24885869,0.9465019,-0.85925317,-0.50882727,0.052714907
1356786190946,0.4313812,-0.77997637,-0.45337307,0.2833215,-0.3599883,0.8888968,-0.85652745,-0.51190376,0.06569186
1356786190986,0.33738595,-0.66788226,-0.66340333,0.39556414,-0.53890455,0.74371433,-0.8542246,-0.5133374,0.08237141
1356786191026,0.1593278,-0.4420304,-0.8827365,0.49812052,-0.73599744,0.4584581,-0.8523442,-0.5127543,0.10291952
1356786191066,-0.04332918,-0.17432499,-0.98373437,0.5232357,-0.8427768,0.12630002,-0.8510858,-0.5092524,0.12772992
1356786191106,-0.18948865,0.01366879,-0.98178774,0.4902581,-0.8650257,-0.10666481,-0.85072964,-0.50154114,0.1572114
1356786191146,-0.27812856,0.11114019,-0.9540924,0.4449585,-0.86537516,-0.23051609,-0.85126746,-0.48864466,0.19123286
1356786191186,-0.33278346,0.15050264,-0.93091583,0.40386993,-0.86931604,-0.28491896,-0.852141,-0.4707852,0.22851044
1356786191226,-0.36877275,0.15609233,-0.91631967,0.3705241,-0.8794075,-0.29892182,-0.85247785,-0.4497528,0.26646554
1356786191266,-0.39509618,0.1491577,-0.90644974,0.34445256,-0.89068574,-0.29670095,-0.85161704,-0.42945433,0.3005287
1356786191306,-0.41763377,0.15386954,-0.89549214,0.3216079,-0.89672154,-0.30407017,-0.8497943,-0.41498733,0.32501563
1356786191346,-0.4391271,0.18941641,-0.87823045,0.2963397,-0.89227843,-0.34062007,-0.8481451,-0.40983006,0.33569202
1356786191386,-0.45798296,0.25638887,-0.8511853,0.26757202,-0.8733446,-0.40703148,-0.84773636,-0.4141668,0.3313743
1356786191436,-0.47097027,0.340009,-0.81399065,0.24039444,-0.83834517,-0.4892728,-0.84876233,-0.4261118,0.31309938
1356786191468,-0.47688764,0.42262447,-0.77069247,0.221654,-0.79065776,-0.5707275,-0.8505573,-0.44299993,0.28337842
1356786191508,-0.47717714,0.49344495,-0.72719604,0.21490696,-0.73683584,-0.6410054,-0.852125,-0.4621526,0.24555647
1356786191548,-0.4740516,0.5498184,-0.6877316,0.21915261,-0.68281406,-0.6969484,-0.85278785,-0.4811077,0.203195
1356786191587,-0.4690721,0.59343886,-0.65406543,0.23045354,-0.63269144,-0.739319,-0.85256225,-0.49752563,0.16001788
1356786191626,-0.4628594,0.62772065,-0.62588173,0.24406804,-0.5885298,-0.77075505,-0.852169,-0.50950897,0.11920002
1356786191666,-0.45553648,0.65511626,-0.6027513,0.25632274,-0.55188507,-0.79354995,-0.85251695,-0.51598984,0.08348265
1356786191706,-0.44719613,0.6768073,-0.58476275,0.2652052,-0.52404493,-0.8093474,-0.85421413,-0.51701915,0.05485812
1356786191746,-0.43808305,0.6926949,-0.5729373,0.27032784,-0.5063345,-0.8188702,-0.857325,-0.51361406,0.034561783
1356786191786,-0.42856908,0.7024716,-0.5682095,0.2722101,-0.4992811,-0.82256913,-0.8615278,-0.5072001,0.022756606
1356786191826,-0.4190026,0.70614845,-0.57078123,0.27205992,-0.502104,-0.82089895,-0.86626804,-0.49924546,0.018268198
1356786191866,-0.40967274,0.7042563,-0.57982004,0.27166554,-0.5125793,-0.8145307,-0.8708422,-0.49120814,0.018667608
1356786191907,-0.40092814,0.69716394,-0.5943223,0.27334604,-0.52815694,-0.80394787,-0.8743789,-0.48478097,0.021186054
1356786191946,-0.3931663,0.6843335,-0.61409104,0.27943826,-0.5473542,-0.788871,-0.8759762,-0.48175806,0.023972392
1356786191986,-0.38672125,0.66496897,-0.63895464,0.29066333,-0.5696558,-0.7687699,-0.8751923,-0.48302037,0.027015895
1356786192026,-0.38173598,0.6400378,-0.6668052,0.30505154,-0.59376734,-0.74456954,-0.87247986,-0.48763898,0.031417966
1356786192066,-0.3786115,0.61283207,-0.69360673,0.31887144,-0.61715,-0.71933794,-0.86889267,-0.49352098,0.03824532
1356786192106,-0.37814265,0.5871135,-0.71575546,0.32883245,-0.6375591,-0.6966976,-0.86537695,-0.4988147,0.048026323
1356786192146,-0.38107026,0.56506026,-0.73177344,0.33345613,-0.6542216,-0.67882335,-0.8623181,-0.5026938,0.060881644
1356786192186,-0.38759142,0.54659617,-0.74229753,0.33304933,-0.66781855,-0.665655,-0.85956454,-0.5052239,0.07679719
1356786192226,-0.39735085,0.5301462,-0.7490376,0.3287671,-0.6798186,-0.65556,-0.8567523,-0.5067463,0.09583187
1356786192266,-0.40972626,0.51419383,-0.75347805,0.3214202,-0.691642,-0.64677703,-0.85370576,-0.5071845,0.11811155
1356786192306,-0.42398834,0.497922,-0.75651014,0.3107803,-0.70459795,-0.63793206,-0.85067594,-0.50558424,0.14399698
1356786192346,-0.439394,0.48165005,-0.758252,0.29559886,-0.7195643,-0.6283696,-0.8482654,-0.50024027,0.17379704
1356786192386,-0.45510364,0.46616757,-0.7586623,0.27479786,-0.7368933,-0.61763614,-0.846975,-0.48956722,0.20726097
1356786192436,-0.4702518,0.45232216,-0.75780463,0.24857703,-0.7560203,-0.6055103,-0.8468014,-0.47311515,0.24308302
1356786192468,-0.48398757,0.44111887,-0.7557581,0.21938881,-0.7749004,-0.59278834,-0.8471274,-0.45270702,0.27826554
1356786192508,-0.49545765,0.4337202,-0.75260115,0.19185874,-0.7903805,-0.58179796,-0.8471788,-0.43264934,0.30838704
1356786192565,-0.5037652,0.43217617,-0.7479601,0.1708845,-0.7988869,-0.5766959,-0.8467698,-0.41833413,0.32859924
1356786192587,-0.50808716,0.43895715,-0.74105597,0.1587003,-0.79794407,-0.5814632,-0.8465587,-0.4130398,0.3357625
1356786192627,-0.50800353,0.45552105,-0.73104924,0.1545216,-0.78675675,-0.5976093,-0.84738153,-0.41655052,0.32928747
1356786192664,-0.5038013,0.48098302,-0.7175231,0.15672451,-0.7659587,-0.62349373,-0.84948313,-0.42657048,0.31050932
1356786192707,-0.4963258,0.5127556,-0.70053005,0.16445757,-0.73679066,-0.65581495,-0.85241675,-0.4407054,0.28136176
1356786192746,-0.48698843,0.54638946,-0.6813962,0.17696783,-0.70224774,-0.6895872,-0.85529214,-0.45640618,0.24529317
1356786192786,-0.47682613,0.57916325,-0.6612162,0.19289629,-0.664956,-0.72154325,-0.85757095,-0.47159678,0.20534986
1356786192826,-0.46642447,0.6094765,-0.6410824,0.2099802,-0.62774146,-0.7495659,-0.8592768,-0.48423046,0.16481599
1356786192866,-0.45595992,0.63701284,-0.6215427,0.22567154,-0.5927884,-0.77309406,-0.8609141,-0.49276435,0.12653199
1356786192906,-0.44561154,0.66151154,-0.60318565,0.23800002,-0.5619931,-0.7921615,-0.86301005,-0.49655443,0.092990816
1356786192946,-0.43576026,0.68243754,-0.5868492,0.24596576,-0.5369009,-0.80699337,-0.8658024,-0.4960004,0.066103786
1356786192987,-0.42684436,0.69920796,-0.5735087,0.24958883,-0.51846594,-0.8178622,-0.8692004,-0.4922412,0.046789676
1356786193027,-0.4191721,0.71119606,-0.5643535,0.24996309,-0.5071744,-0.8247986,-0.8728191,-0.48680007,0.034820527
1356786193066,-0.4127832,0.71767515,-0.5608498,0.24912925,-0.50331515,-0.8274107,-0.87609625,-0.4812653,0.028966188
1356786193106,-0.4073425,0.71838033,-0.56391644,0.24950872,-0.5064375,-0.82538867,-0.87853146,-0.47691798,0.02705133
1356786193146,-0.4023919,0.71352845,-0.57354844,0.25349575,-0.51516587,-0.8187454,-0.87967074,-0.47484866,0.026422173
1356786193186,-0.39773518,0.70262516,-0.5900209,0.26311177,-0.5287183,-0.8069877,-0.87896466,-0.47620887,0.025420934
1356786193226,-0.3934012,0.68471384,-0.61351657,0.27862823,-0.5471449,-0.7893028,-0.8761289,-0.48145568,0.024466783
1356786193266,-0.3898669,0.6612394,-0.64091045,0.29706338,-0.5684667,-0.767202,-0.8716405,-0.4894977,0.025196344
1356786193306,-0.3887372,0.63741654,-0.6652695,0.31309593,-0.587698,-0.7460442,-0.8665185,-0.49830836,0.02888754
1356786193346,-0.3923285,0.6195717,-0.67985976,0.32178432,-0.5999677,-0.7324572,-0.86170363,-0.50613207,0.036015958
1356786193386,-0.4014759,0.6099595,-0.6832031,0.321286,-0.60475975,-0.72872555,-0.85766685,-0.51206934,0.04682511
1356786193436,-0.41459668,0.60556126,-0.679268,0.3129936,-0.6060104,-0.7312909,-0.8544849,-0.5157973,0.06171316
1356786193468,-0.42928255,0.6020723,-0.67322016,0.29939747,-0.6083855,-0.7350021,-0.8521018,-0.51708406,0.080910414
1356786193508,-0.44372928,0.5964324,-0.66885924,0.28220117,-0.615393,-0.73597133,-0.85056853,-0.51532495,0.10475406
1356786193548,-0.4573537,0.5878893,-0.6672435,0.26116526,-0.6284351,-0.73270875,-0.85007083,-0.50936776,0.13388082
1356786193588,-0.47025728,0.57706594,-0.6677222,0.23504016,-0.64738196,-0.72501916,-0.8506552,-0.49788707,0.16880235
1356786193626,-0.48269236,0.56536067,-0.66886127,0.20295432,-0.6707238,-0.71339965,-0.85194933,-0.48010084,0.20901087
1356786193666,-0.49471545,0.554818,-0.66890484,0.16621806,-0.6950754,-0.6994582,-0.8530113,-0.4572168,0.25164378
1356786193706,-0.50596714,0.54769194,-0.66635627,0.12945831,-0.71557003,-0.68644,-0.8527823,-0.43358147,0.29115173
1356786193746,-0.51548284,0.5473832,-0.6592791,0.09830707,-0.72651994,-0.6800767,-0.85124207,-0.41537973,0.320697
1356786193786,-0.5217602,0.5578837,-0.64539295,0.07554501,-0.7233461,-0.6863406,-0.8497407,-0.40686142,0.3352679
1356786193826,-0.5237011,0.5795594,-0.62437826,0.061930418,-0.7050829,-0.7064154,-0.84964806,-0.40861854,0.3333603
1356786193866,-0.52155614,0.607432,-0.5991706,0.058719963,-0.6750294,-0.7354503,-0.85119396,-0.4187619,0.31639734
1356786193907,-0.5164797,0.6354101,-0.57402325,0.066729724,-0.63844895,-0.76676595,-0.8536954,-0.43432346,0.28734523
1356786193946,-0.5095571,0.65972614,-0.55237025,0.08423343,-0.6006338,-0.79507464,-0.85630375,-0.45166403,0.2504863
1356786193986,-0.50107455,0.68006396,-0.53519845,0.10787371,-0.5645313,-0.81833225,-0.8586545,-0.46777934,0.20951125
1356786194026,-0.4910553,0.6967778,-0.5228434,0.13416487,-0.5325378,-0.83570516,-0.86073476,-0.48052475,0.16802245
1356786194066,-0.4797061,0.71007544,-0.51543653,0.16035324,-0.5065993,-0.84713864,-0.8626522,-0.48902953,0.12915593
1356786194106,-0.46756846,0.7194619,-0.51357013,0.18462059,-0.48869455,-0.8526974,-0.8644622,-0.49351,0.09567076
1356786194146,-0.45523953,0.7243494,-0.5177595,0.2057155,-0.48020852,-0.85269034,-0.86627823,-0.4946895,0.069600016
1356786194186,-0.44307333,0.7245867,-0.52788264,0.22300193,-0.48124546,-0.8477458,-0.86830646,-0.4933324,0.051642805
1356786194227,-0.43118155,0.7202752,-0.54340225,0.2370218,-0.4906891,-0.8384777,-0.8705763,-0.49033433,0.0408552
1356786194266,-0.4195441,0.7114433,-0.5637653,0.24976514,-0.50661975,-0.8251993,-0.8726971,-0.48701638,0.034855545
1356786194306,-0.4081257,0.697659,-0.58881676,0.26415694,-0.5271412,-0.8076776,-0.87387323,-0.48517406,0.030848473
1356786194346,-0.39700162,0.6777208,-0.61893797,0.2826069,-0.5513308,-0.7849635,-0.8732257,-0.48654795,0.027350664
1356786194386,-0.38640898,0.65084285,-0.6535226,0.30492908,-0.5785674,-0.7564907,-0.8704634,-0.4915928,0.025102675
1356786194438,-0.37703598,0.61886394,-0.68909454,0.32744095,-0.60689294,-0.72419846,-0.8663869,-0.49868667,0.026179075
1356786194468,-0.37033397,0.58645934,-0.7203597,0.34488842,-0.6332537,-0.69285035,-0.8624991,-0.5050298,0.03225237
1356786194508,-0.3679754,0.5582669,-0.7435941,0.35368595,-0.655557,-0.6671966,-0.859942,-0.50851077,0.043777704
1356786194546,-0.370808,0.53614277,-0.75832206,0.35325706,-0.67373097,-0.6490732,-0.85890096,-0.5085642,0.06042862
1356786194586,-0.3785119,0.5188517,-0.76649964,0.34535977,-0.6891418,-0.63703245,-0.85875225,-0.5058425,0.0816578
1356786194626,-0.39011693,0.5037045,-0.77077276,0.33253545,-0.70352745,-0.628068,-0.85862046,-0.5013292,0.10695839
1356786194666,-0.4046393,0.48887908,-0.7728287,0.31659812,-0.7179507,-0.61992925,-0.8579234,-0.49552387,0.13573295
1356786194706,-0.42112863,0.47365987,-0.77349657,0.29804456,-0.7331802,-0.61124146,-0.856633,-0.4879478,0.16759148
1356786194748,-0.4387086,0.45772195,-0.7733209,0.27625144,-0.75018984,-0.6007497,-0.85511386,-0.4771851,0.20266853
1356786194786,-0.45613462,0.44263104,-0.7720227,0.25164023,-0.7679687,-0.5889834,-0.85359156,-0.4629277,0.23891318
1356786194826,-0.47243148,0.42736128,-0.7708248,0.22519997,-0.7870161,-0.5743611,-0.8521112,-0.44493595,0.27556944
1356786194866,-0.4867221,0.41326913,-0.76961684,0.19994906,-0.8049212,-0.5586789,-0.85036576,-0.42580557,0.30914026
1356786194906,-0.4978907,0.40263182,-0.7681097,0.180165,-0.8183501,-0.54575056,-0.8483192,-0.4101106,0.33490875
1356786194946,-0.50471914,0.39839625,-0.76585835,0.1688648,-0.8244467,-0.5401596,-0.8466069,-0.40195537,0.34883893
1356786194986,-0.50621295,0.40288246,-0.76251835,0.16638654,-0.82193613,-0.5447353,-0.84620565,-0.40262488,0.34904048
1356786195026,-0.50203556,0.4163057,-0.7580567,0.17182198,-0.81103665,-0.55919296,-0.84760696,-0.41098553,0.33563876
1356786195066,-0.49272466,0.43630347,-0.7529022,0.18462893,-0.7931049,-0.5804281,-0.8503732,-0.42499876,0.31022808
1356786195106,-0.47941142,0.45919174,-0.7478688,0.20427513,-0.7703874,-0.60396606,-0.85348487,-0.4423192,0.275531
1356786195146,-0.46324325,0.48175815,-0.74385136,0.22927997,-0.74561685,-0.6256886,-0.85605866,-0.4603962,0.23494442
1356786195186,-0.44504613,0.50188434,-0.7416509,0.25702998,-0.7217534,-0.6426566,-0.8578283,-0.47663835,0.19221425
1356786195226,-0.42527604,0.5183522,-0.74192405,0.28447694,-0.70164454,-0.6532747,-0.8591933,-0.48888236,0.15093336
1356786195266,-0.4041943,0.53022784,-0.7453088,0.3091179,-0.68770784,-0.65688956,-0.8608559,-0.49589935,0.11406481
1356786195306,-0.38210368,0.53631604,-0.7525702,0.32972983,-0.6816392,-0.6531816,-0.8632931,-0.49772793,0.08361745
1356786195346,-0.3593943,0.53505564,-0.7645595,0.34644082,-0.6842487,-0.64170283,-0.8664955,-0.49549896,0.060549945
1356786195386,-0.3363315,0.5251783,-0.7817089,0.3601339,-0.6952485,-0.6220394,-0.8701636,-0.49073127,0.04469946
1356786195437,-0.31289524,0.5063047,-0.80358696,0.37185752,-0.7132261,-0.59416366,-0.87396705,-0.48473084,0.034891903
1356786195459,-0.2886548,0.47926506,-0.8288446,0.38354298,-0.735314,-0.5587559,-0.87725323,-0.4791851,0.028433174
1356786195515,-0.2655561,0.44860652,-0.85336524,0.39379624,-0.7574672,-0.520738,-0.88000256,-0.47433713,0.024490416
1356786195537,-0.24104828,0.41104457,-0.879169,0.40606138,-0.7800631,-0.4760417,-0.88148165,-0.47174558,0.021123543
1356786195574,-0.2157504,0.36800247,-0.9044478,0.42119312,-0.80058503,-0.4262157,-0.8809359,-0.47290343,0.017726481
1356786195604,-0.19066513,0.3220419,-0.9273273,0.43704358,-0.81802225,-0.37394178,-0.87899923,-0.47658008,0.015221983
1356786195647,-0.16881597,0.2748227,-0.94655883,0.4543221,-0.83054245,-0.32216564,-0.87469566,-0.48442933,0.015350789
1356786195686,-0.15020663,0.22697064,-0.9622486,0.4707121,-0.83947796,-0.2714901,-0.86940676,-0.49372166,0.019257307
1356786195726,-0.13659585,0.18205482,-0.9737544,0.4839744,-0.84540844,-0.22594973,-0.86435544,-0.502136,0.02736941
1356786195766,-0.12958503,0.14310233,-0.98118776,0.49302107,-0.84924644,-0.18897231,-0.86031264,-0.50823426,0.03949722
1356786195806,-0.13020587,0.11134645,-0.985215,0.4977068,-0.8520679,-0.16207537,-0.85751647,-0.51145136,0.055526286
1356786195846,-0.13855207,0.085829064,-0.9866289,0.49835074,-0.85487384,-0.14435071,-0.8558328,-0.5116874,0.07567161
1356786195886,-0.15377486,0.06332886,-0.98607445,0.4951321,-0.85867614,-0.13236108,-0.85510087,-0.50859094,0.1006867
1356786195927,-0.1744811,0.039418638,-0.9838712,0.4877718,-0.8645254,-0.121139154,-0.8553567,-0.5010411,0.1316159
1356786195966,-0.19893241,0.009870723,-0.9799635,0.47619313,-0.87299377,-0.105460405,-0.856543,-0.48763138,0.16896644
1356786196006,-0.224931,-0.02727063,-0.973993,0.46180332,-0.88319135,-0.08191918,-0.8579882,-0.46821934,0.21125078
1356786196046,-0.24950308,-0.069912925,-0.9658471,0.44804692,-0.89254653,-0.051134944,-0.8584884,-0.4455031,0.2540173
1356786196086,-0.2689715,-0.111437246,-0.9566797,0.43895912,-0.8983109,-0.018775553,-0.8573035,-0.4249934,0.29053634
1356786196126,-0.27997947,-0.1435691,-0.94920987,0.43635952,-0.8997421,0.0073781908,-0.85510343,-0.41213107,0.31455708
1356786196166,-0.28069472,-0.16099793,-0.94619775,0.43920642,-0.89810383,0.022521645,-0.85340977,-0.4092544,0.32280433
1356786196206,-0.27093083,-0.16323914,-0.94865674,0.44578683,-0.89474255,0.026647806,-0.8531534,-0.41567895,0.31518304
1356786196246,-0.25156176,-0.15345576,-0.95559824,0.45530316,-0.8900376,0.02306886,-0.8540584,-0.42928368,0.29376826
1356786196286,-0.2239961,-0.13653795,-0.96497834,0.46739972,-0.88389087,0.016569212,-0.8551978,-0.44731915,0.26180583
1356786196326,-0.18990809,-0.11811486,-0.97467107,0.4810576,-0.87659985,0.0124993175,-0.8558729,-0.4664992,0.22329345
1356786196366,-0.15101105,-0.102693275,-0.98318344,0.49427164,-0.8691803,0.014868513,-0.8560906,-0.4837144,0.18201426
1356786196437,-0.10855889,-0.0947707,-0.9895623,0.5047718,-0.8628224,0.027257338,-0.85639966,-0.49654412,0.14150462
1356786196449,-0.063120246,-0.09837729,-0.99314535,0.51043594,-0.85830677,0.052579448,-0.85759604,-0.50361824,0.10439184
1356786196488,-0.013608038,-0.12151267,-0.9924966,0.5105694,-0.8542804,0.09759031,-0.8597288,-0.5054104,0.07366574
1356786196528,0.038716435,-0.16554019,-0.98544276,0.503391,-0.8486711,0.16234192,-0.8631909,-0.5023483,0.05047393
1356786196568,0.09565264,-0.2357211,-0.9671019,0.4877743,-0.83581656,0.25196567,-0.8677135,-0.49582866,0.035030723
1356786196606,0.1560288,-0.3295414,-0.9311592,0.4629094,-0.808375,0.3636545,-0.8725651,-0.48778296,0.02641806
1356786196646,0.21636623,-0.4361362,-0.87348205,0.42951763,-0.7609207,0.48632732,-0.87675554,-0.48040077,0.022690654
1356786196687,0.27203572,-0.538799,-0.7973031,0.39068758,-0.6953494,0.6032017,-0.8794087,-0.47558886,0.021342248
1356786196726,0.31997597,-0.62377524,-0.7131058,0.35138023,-0.6208646,0.7007561,-0.87985647,-0.47479638,0.020520538
1356786196766,0.3597288,-0.68633664,-0.6320895,0.31630242,-0.5476255,0.7746348,-0.8778086,-0.47858995,0.020093288
1356786196806,0.392232,-0.72919786,-0.56073564,0.28798592,-0.48159516,0.82772595,-0.87362355,-0.4861446,0.02110168
1356786196846,0.41828042,-0.7575296,-0.50118893,0.26687014,-0.42493182,0.86499316,-0.8682291,-0.49556202,0.024421431
1356786196886,0.4380628,-0.77551556,-0.454617,0.25312594,-0.37884647,0.8901699,-0.86257064,-0.5050257,0.030344576
1356786196926,0.45125416,-0.78558385,-0.42335296,0.2480996,-0.34525844,0.90512055,-0.8572142,-0.5134731,0.039103746
1356786196966,0.45684898,-0.78886104,-0.41108054,0.25431487,-0.32700944,0.9101587,-0.852416,-0.52034897,0.051225185
1356786197006,0.4527892,-0.7855942,-0.4216916,0.27446023,-0.32718134,0.90422565,-0.848324,-0.5251611,0.06747016
1356786197046,0.43607548,-0.77594626,-0.45579115,0.3090733,-0.34653756,0.8856553,-0.8451698,-0.5270854,0.08870778
1356786197086,0.40522057,-0.7626389,-0.5041608,0.3528613,-0.37826276,0.85580736,-0.8433773,-0.5246896,0.11582586
1356786197126,0.36634207,-0.7556874,-0.54289037,0.3931691,-0.40308994,0.8263997,-0.84333354,-0.5161927,0.1494442
1356786197166,0.3361193,-0.77134794,-0.5404129,0.4162659,-0.39304096,0.81990325,-0.84483516,-0.50054073,0.18897727
1356786197206,0.33208495,-0.81667507,-0.4719762,0.41536513,-0.32263416,0.85051703,-0.8468716,-0.47848642,0.23207632
1356786197246,0.3547997,-0.8697012,-0.3431283,0.39368743,-0.19390702,0.89856005,-0.84801376,-0.4538941,0.2735923
1356786197286,0.38832965,-0.9001872,-0.19713736,0.36152798,-0.04795435,0.9311273,-0.8476424,-0.43285504,0.30682072
1356786197326,0.42015398,-0.90434027,-0.075095266,0.32678354,0.0735811,0.9422305,-0.84657145,-0.42042178,0.3264389
1356786197366,0.44808,-0.89383477,0.016844064,0.28830093,0.16230887,0.94368345,-0.846231,-0.41798955,0.33042073
1356786197439,0.47162268,-0.87838185,0.077572346,0.2413683,0.21320376,0.9467236,-0.8481235,-0.42777276,0.3125652
1356786197458,0.4961632,-0.85345274,0.15950117,0.1730662,0.27723998,0.9450853,-0.85080564,-0.4413123,0.28526005
1356786197498,0.5121328,-0.82327116,0.24483576,0.09447035,0.33731776,0.9366388,-0.85369515,-0.45655376,0.2505262
1356786197538,0.51649225,-0.7830401,0.34653154,0.0022473931,0.4059267,0.9139029,-0.856289,-0.47124493,0.21141776
1356786197578,0.5016089,-0.7225386,0.47573787,-0.10612607,0.49437714,0.86274475,-0.85856026,-0.48324865,0.17130381
1356786197618,0.45684978,-0.6306808,0.62731975,-0.22397813,0.6009388,0.76727206,-0.8608845,-0.49103397,0.13328004
1356786197656,0.38359436,-0.5157353,0.76607597,-0.32689303,0.69999886,0.634935,-0.86371076,-0.49398234,0.09992534
1356786197696,0.30787554,-0.4152169,0.85604185,-0.39121804,0.7649141,0.5117176,-0.8672722,-0.49244434,0.07305801
1356786197736,0.25632194,-0.35952657,0.89724004,-0.41833687,0.7955487,0.4382883,-0.87137437,-0.4876915,0.053513348
1356786197776,0.23497933,-0.34954494,0.9069746,-0.42253667,0.8035905,0.41917193,-0.87535554,-0.48172677,0.041131616
1356786197816,0.23730612,-0.37141845,0.897627,-0.41493544,0.7967337,0.43936774,-0.87835896,-0.4767219,0.034955084
1356786197856,0.25289854,-0.4082144,0.87715644,-0.40226924,0.7801782,0.47906315,-0.87989885,-0.47400743,0.03309387
1356786197896,0.2708653,-0.44381648,0.85420066,-0.3899734,0.76070154,0.5188969,-0.8800867,-0.4736667,0.032971025
1356786197937,0.28393888,-0.46790734,0.8369238,-0.3826389,0.74504066,0.5463533,-0.8791849,-0.47537056,0.032506466
1356786197976,0.29027286,-0.47708747,0.82953554,-0.38240185,0.7368082,0.55756843,-0.8772175,-0.4790629,0.031436265
1356786198016,0.29028088,-0.47041434,0.8333351,-0.38908643,0.7375803,0.55189407,-0.8742704,-0.48444366,0.03107363
1356786198056,0.28284204,-0.4450407,0.8496701,-0.40214163,0.7492037,0.5262851,-0.87079424,-0.49054328,0.03293693
