1356785439234,-0.12013957,0.2801353,-0.952413,-0.36317322,0.88046134,0.3047835,0.92394346,0.38250747,-0.004040599
1356785439273,0.2120555,-0.5033716,0.83764523,0.31836212,-0.7747977,-0.5461997,0.92394704,0.38249916,-0.004045666
1356785439312,0.21208793,-0.5034226,0.8376064,0.31827122,-0.7747933,-0.5462589,0.9239709,0.38244087,-0.004099399
1356785439352,0.21231681,-0.5037344,0.8373608,0.31790897,-0.77467793,-0.54663336,0.924043,0.382264,-0.0043354332
1356785439394,0.21306294,-0.5046407,0.83662534,0.317073,-0.7742294,-0.5477532,0.92415845,0.38197723,-0.004951655
1356785439431,0.21463186,-0.5063653,0.83518106,0.3157298,-0.77322644,-0.5499415,0.9242553,0.3817265,-0.006084443
1356785439472,0.21711588,-0.5088466,0.83302814,0.31401825,-0.77161413,-0.55317646,0.9242582,0.38168943,-0.0077425838
1356785439512,0.2203319,-0.51183033,0.8303515,0.312125,-0.7695177,-0.557154,0.9241384,0.38193226,-0.009794295
1356785439552,0.22386158,-0.51494974,0.82747376,0.3102771,-0.76719236,-0.56137687,0.9239124,0.38241687,-0.011967779
1356785439592,0.22717589,-0.5178889,0.8247316,0.3087751,-0.7648738,-0.5653547,0.9236065,0.38309157,-0.013849705
1356785439632,0.22977155,-0.5205227,0.822351,0.30792704,-0.76267016,-0.56878394,0.9232476,0.38391447,-0.014956891
1356785439674,0.23130113,-0.52300787,0.82034296,0.30790848,-0.7605103,-0.5716786,0.92287165,0.38482046,-0.01486832
1356785439712,0.23171622,-0.5256024,0.8185656,0.30860648,-0.7582836,-0.5742543,0.92253435,0.38567865,-0.013502299
1356785439753,0.23130465,-0.5284066,0.8168749,0.30963612,-0.7560005,-0.5767051,0.92229265,0.38632852,-0.0112526715
1356785439794,0.230506,-0.53135854,0.8151841,0.31059057,-0.7537469,-0.5791365,0.9221716,0.38668293,-0.008708239
1356785439838,0.22959524,-0.53437376,0.81346834,0.31129378,-0.75157535,-0.58157605,0.9221617,0.38675472,-0.006210953
1356785439862,0.22883159,-0.5371304,0.8118664,0.31173384,-0.7496438,-0.58382887,0.9222028,0.38668472,-0.004100411
1356785439902,0.22808528,-0.5394908,0.8105103,0.3119419,-0.7480807,-0.5857198,0.9223174,0.38642618,-0.0023364713
1356785439942,0.22731113,-0.54123175,0.8095665,0.31220686,-0.746944,-0.58702767,0.92241883,0.38619012,-8.123806E-4
1356785439982,0.22648996,-0.5419915,0.8092883,0.31286013,-0.7463688,-0.5874114,0.9223996,0.38623682,5.2246545E-4
1356785440022,0.2256931,-0.5414122,0.80989844,0.31398514,-0.7465595,-0.5865682,0.92221254,0.38668048,0.0015020361
1356785440062,0.22491407,-0.53943115,0.8114355,0.3154776,-0.7475999,-0.5844383,0.9218934,0.38743812,0.0020327875
1356785440101,0.2239896,-0.5363705,0.81371695,0.31730863,-0.74930376,-0.5812565,0.92149,0.38839486,0.0023587355
1356785440163,0.2227475,-0.5326856,0.81647384,0.3195802,-0.7513364,-0.5773752,0.92100596,0.3895378,0.002877473
1356785440184,0.22112674,-0.52862877,0.8195453,0.3223272,-0.75350773,-0.57300186,0.92043906,0.39086777,0.0037707677
1356785440224,0.21914601,-0.5241489,0.82294774,0.3254502,-0.7558766,-0.5680956,0.91981363,0.3923244,0.0049370835
1356785440264,0.21676213,-0.51882446,0.82694346,0.3288198,-0.75878227,-0.56225187,0.91918,0.3937903,0.006124437
1356785440304,0.21388644,-0.5120532,0.83189785,0.3323529,-0.76265687,-0.55488384,0.9185827,0.3951658,0.0070604086
1356785440333,0.21036196,-0.5034009,0.83805454,0.33598766,-0.7677928,-0.54553324,0.91807413,0.39633542,0.007622093
1356785440363,0.20681745,-0.49402034,0.84449416,0.3393221,-0.77336276,-0.5355095,0.917653,0.39730823,0.007687151
1356785440392,0.20747423,-0.49326903,0.8447722,0.33982354,-0.77344126,-0.5350782,0.9173192,0.39808846,0.0071552396
1356785440435,0.20176893,-0.4753194,0.8563649,0.34395242,-0.78427356,-0.5163446,0.9170529,0.39873105,0.0052452087
1356785440474,0.19723117,-0.45655426,0.86755866,0.347361,-0.7949853,-0.49733162,0.91675526,0.39944535,0.0017932651
1356785440514,0.19450206,-0.43672895,0.87831473,0.3502375,-0.8054714,-0.4780685,0.9162438,0.40060404,-0.0037069917
1356785440543,0.19301248,-0.41676408,0.88828707,0.35294956,-0.8152212,-0.45917428,0.9155178,0.40214694,-0.010251164
1356785440584,0.19499266,-0.39481944,0.89782816,0.3554871,-0.8247078,-0.4398704,0.91411525,0.40493783,-0.020458758
1356785440624,0.1999948,-0.36992833,0.90727895,0.35825077,-0.8342598,-0.41912648,0.91195315,0.40885648,-0.034320533
1356785440664,0.20771986,-0.34161934,0.9165963,0.36141023,-0.8439303,-0.39643952,0.90897477,0.4136156,-0.05183637
1356785440704,0.2176938,-0.30923656,0.9257333,0.36520085,-0.85377336,-0.3710787,0.9051175,0.4188601,-0.07292771
1356785440761,0.2291342,-0.27242994,0.93449426,0.36994183,-0.86362696,-0.34247848,0.9003558,0.42418203,-0.09710324
1356785440784,0.24106139,-0.2313397,0.94253457,0.3759477,-0.87308997,-0.3104468,0.8947362,0.42918044,-0.12349665
1356785440823,0.25242454,-0.18651281,0.9494708,0.38336682,-0.8816697,-0.27511525,0.8884322,0.43344146,-0.15105224
1356785440860,0.26209974,-0.13905497,0.9549699,0.3920762,-0.88886946,-0.2370387,0.88180494,0.43654874,-0.17845231
1356785440903,0.26973605,-0.08997196,0.95872176,0.4016933,-0.8943458,-0.19694681,0.87514853,0.43823582,-0.20509619
1356785440942,0.27457088,-0.040500015,0.9607136,0.41195282,-0.8978242,-0.15558451,0.8688531,0.43848765,-0.22983229
1356785440982,0.27674174,0.007885143,0.960912,0.42234325,-0.8992062,-0.11425567,0.86315715,0.437454,-0.25217813
1356785441023,0.27620572,0.054533407,0.9595502,0.43277448,-0.89850014,-0.073509976,0.8581472,0.43557268,-0.27177155
1356785441062,0.2733568,0.09884755,0.95682037,0.4433534,-0.8956969,-0.034129947,0.85364735,0.43353924,-0.28866923
1356785441102,0.26906818,0.14039648,0.9528332,0.45441657,-0.89078444,0.0029322505,0.8491807,0.43219423,-0.30348024
1356785441163,0.26431853,0.17881626,0.9477133,0.46650398,-0.88375986,0.036640823,0.8441029,0.43242717,-0.3170126
1356785441184,0.2599284,0.21303959,0.94183403,0.47955012,-0.8750599,0.06558874,0.8381342,0.43460825,-0.32961607
1356785441224,0.2565347,0.24132158,0.93592405,0.49230105,-0.865931,0.08833572,0.8317629,0.43809518,-0.3409442
1356785441264,0.25448614,0.2616282,0.9310142,0.50237685,-0.8583839,0.103896916,0.82635,0.44127965,-0.34988278
1356785441304,0.25385678,0.27192363,0.9282318,0.5074268,-0.854446,0.111535,0.8234529,0.4426958,-0.35488826
1356785441342,0.25446445,0.2698212,0.9286789,0.505775,-0.85562235,0.11000928,0.8242812,0.44170907,-0.35419428
1356785441382,0.256015,0.25284013,0.933021,0.49683163,-0.86236775,0.0973663,0.82922536,0.4386271,-0.34639806
1356785441422,0.2581231,0.21852279,0.941074,0.48101377,-0.87383544,0.07097441,0.8378533,0.43434942,-0.33066958
1356785441462,0.26061332,0.16454281,0.95131826,0.45952272,-0.88773525,0.027659208,0.84906983,0.42994395,-0.30696678
1356785441502,0.26363724,0.09012382,0.96040255,0.43412054,-0.90018636,-0.034695998,0.8614144,0.42607766,-0.27644727
1356785441542,0.26707208,-0.0029310137,0.9636721,0.4067204,-0.9062252,-0.115474775,0.8736424,0.42278522,-0.24083534
1356785441582,0.27092552,-0.109543905,0.9563469,0.37936205,-0.9009458,-0.21066828,0.88469416,0.41987717,-0.20253241
1356785441622,0.27506632,-0.22146405,0.93557054,0.3541819,-0.8813277,-0.31275666,0.89380854,0.41739094,-0.16398501
1356785441663,0.27987635,-0.32900032,0.90190244,0.332898,-0.8479007,-0.4126055,0.9004711,0.41572008,-0.1277838
1356785441702,0.2858187,-0.4237749,0.8594897,0.31650305,-0.80482715,-0.5020747,0.9045073,0.41553345,-0.09590858
1356785441742,0.29385465,-0.50163394,0.8136418,0.3043699,-0.75780755,-0.5771367,0.90609515,0.41724235,-0.07000303
1356785441782,0.30438995,-0.56230056,0.7688725,0.2947978,-0.71193695,-0.63736963,0.905782,0.42067075,-0.050941497
1356785441822,0.31715238,-0.60826474,0.72761834,0.2859822,-0.67017317,-0.6848957,0.9042282,0.4253022,-0.038594127
1356785441862,0.33150744,-0.64287424,0.6905183,0.27688596,-0.6333811,-0.72260815,0.9019074,0.43074483,-0.031967733
1356785441902,0.3466922,-0.6692769,0.6571704,0.26723182,-0.60111004,-0.7531626,0.899106,0.4367325,-0.029548109
1356785441942,0.36178428,-0.6903239,0.62655014,0.25686628,-0.57224774,-0.7788147,0.8961763,0.44270253,-0.029709369
1356785441982,0.3757397,-0.7084609,0.5974134,0.24521561,-0.5456666,-0.8013222,0.89369404,0.44758368,-0.031302925
1356785442022,0.38763946,-0.7256541,0.56847316,0.23127678,-0.5204058,-0.8220029,0.89232653,0.4501154,-0.033902884
1356785442062,0.39712977,-0.74260545,0.53928196,0.21452197,-0.49621665,-0.84127843,0.89233863,0.44978452,-0.03775718
1356785442102,0.40460336,-0.7586925,0.51057005,0.19534841,-0.47371876,-0.8587372,0.8933841,0.447187,-0.043458812
1356785442164,0.41077983,-0.7728325,0.48372483,0.1747472,-0.45398098,-0.87370735,0.8948314,0.44343096,-0.051435865
1356785442184,0.4161495,-0.78421474,0.46024668,0.15379634,-0.43816024,-0.88564235,0.89619553,0.43934387,-0.06173083
1356785442223,0.42089432,-0.7924044,0.44152367,0.13312998,-0.42750585,-0.89415616,0.89728725,0.4351253,-0.074442
1356785442264,0.42508608,-0.7972144,0.42866185,0.113070816,-0.42310083,-0.8989998,0.8980628,0.43062142,-0.08971257
1356785442303,0.42885616,-0.79844254,0.42257768,0.09405398,-0.42577174,-0.89992905,0.8984633,0.4256852,-0.107498124
1356785442344,0.43251488,-0.7957152,0.42399076,0.07691112,-0.43597612,-0.8966658,0.89834046,0.4204309,-0.12736684
1356785442384,0.4367485,-0.7883078,0.43338382,0.06261197,-0.45395416,-0.88882244,0.89740205,0.41532686,-0.14890629
1356785442423,0.442629,-0.77501476,0.45103407,0.05225292,-0.47984323,-0.87579685,0.89518106,0.41122097,-0.17189574
1356785442462,0.45146614,-0.754419,0.4764769,0.046674013,-0.5132968,-0.85694104,0.8910667,0.40911895,-0.19652435
1356785442504,0.4641659,-0.7254255,0.50824,0.04659769,-0.55300355,-0.8318748,0.8845217,0.40981072,-0.22288224
1356785442542,0.4806376,-0.68823516,0.5434334,0.052204102,-0.596152,-0.8011726,0.87536407,0.4134432,-0.2506044
1356785442582,0.4992679,-0.6454805,0.5780021,0.06260529,-0.6384758,-0.76709145,0.86418295,0.41917008,-0.27835995
1356785442622,0.5170473,-0.602954,0.6075432,0.07532942,-0.6749749,-0.7339852,0.8526357,0.4252709,-0.30357376
1356785442662,0.53020084,-0.56901634,0.6285757,0.08652565,-0.70117444,-0.70772016,0.84344554,0.42962173,-0.32252878
1356785442702,0.5358546,-0.5512805,0.6394917,0.092570886,-0.7144859,-0.69349873,0.83922017,0.43081284,-0.33182806
1356785442742,0.533039,-0.5529389,0.6404124,0.092469335,-0.71430206,-0.6937016,0.84102255,0.42898846,-0.32962096
1356785442782,0.52237475,-0.57215255,0.6322705,0.08843629,-0.7011291,-0.7075288,0.84811765,0.42551088,-0.3156531
1356785442822,0.505371,-0.6039665,0.61629915,0.08425209,-0.6762675,-0.7318223,0.8587792,0.42176622,-0.2908805
1356785442864,0.48406732,-0.64250267,0.59402794,0.08315244,-0.642017,-0.7621678,0.8710709,0.4183354,-0.25735378
1356785442903,0.46093217,-0.68235224,0.567395,0.08668411,-0.6016885,-0.7940131,0.8831916,0.41517025,-0.2181885
1356785442942,0.4385425,-0.71936363,0.538699,0.094895184,-0.5589973,-0.82372147,0.8936865,0.4123568,-0.17687991
1356785442982,0.419364,-0.7508446,0.51026094,0.10683736,-0.51734865,-0.8490796,0.90150964,0.41058838,-0.1367391
1356785443022,0.40536734,-0.77551067,0.48400468,0.12091437,-0.47931877,-0.86927164,0.906122,0.41089746,-0.1005298
1356785443062,0.39756212,-0.79333246,0.46105093,0.13519159,-0.44633916,-0.8845929,0.90756136,0.41401085,-0.070195675
1356785443102,0.3957895,-0.8052177,0.44155994,0.1476804,-0.41875803,-0.896009,0.9063891,0.41984075,-0.04682517
1356785443158,0.39899364,-0.8124516,0.42511934,0.15696827,-0.3962604,-0.9046207,0.9034185,0.42766815,-0.030576259
1356785443184,0.40569884,-0.8163684,0.4110366,0.1624518,-0.3781439,-0.9113817,0.89945424,0.43652013,-0.020792045
1356785443223,0.41430116,-0.81818795,0.3986516,0.16434968,-0.36355633,-0.91696024,0.8951781,0.44541597,-0.01615291
1356785443264,0.4232054,-0.8189995,0.38747522,0.16346446,-0.35162392,-0.9217592,0.89116585,0.4534319,-0.01493185
1356785443303,0.43079674,-0.8198433,0.37718853,0.16067311,-0.3416044,-0.92600787,0.8880305,0.45952523,-0.015435286
1356785443342,0.43549794,-0.821653,0.3677334,0.15644264,-0.3332088,-0.9297836,0.88649154,0.462448,-0.01657015
1356785443382,0.43630123,-0.8249299,0.35934937,0.15083128,-0.32666415,-0.9330276,0.88706887,0.46128225,-0.018098757
1356785443422,0.43354994,-0.8292155,0.35275495,0.14380231,-0.3227775,-0.93548685,0.88958156,0.45630723,-0.020697057
1356785443462,0.4287997,-0.83323896,0.34906113,0.13552395,-0.32268292,-0.93675447,0.89317644,0.44898614,-0.02544251
1356785443502,0.4237125,-0.8356579,0.34949046,0.12652838,-0.32745057,-0.9363582,0.896916,0.4409672,-0.033010513
1356785443542,0.41920683,-0.83559096,0.3550399,0.11730644,-0.33793083,-0.93383193,0.9002804,0.43311718,-0.043642744
1356785443582,0.41557685,-0.83241737,0.36657494,0.10817495,-0.3549315,-0.9286128,0.90310246,0.4255642,-0.057454616
1356785443622,0.41293988,-0.82547635,0.38479784,0.09934479,-0.37915626,-0.9199842,0.90532386,0.41812584,-0.07456195
1356785443662,0.4115244,-0.81381917,0.41029996,0.09143454,-0.4110507,-0.90701556,0.9068007,0.41077462,-0.09474625
1356785443720,0.41182265,-0.7961847,0.44327417,0.08550531,-0.45053062,-0.8886568,0.9072436,0.40387124,-0.11746067
1356785443742,0.41465786,-0.7710979,0.48318407,0.08266339,-0.49687013,-0.86387897,0.90621495,0.39815584,-0.14228952
1356785443783,0.42119166,-0.73709214,0.5284817,0.08384058,-0.54855096,-0.83190304,0.9030882,0.3946988,-0.16924685
1356785443820,0.43240556,-0.6933497,0.57644737,0.090016425,-0.60291636,-0.7927098,0.8971747,0.3946619,-0.19829154
1356785443862,0.44876486,-0.6405013,0.62319195,0.1017077,-0.6562182,-0.7476853,0.88784325,0.39891827,-0.22934374
1356785443902,0.46858135,-0.5811006,0.66539747,0.11915295,-0.7047509,-0.6993775,0.87534803,0.4069993,-0.26099327
1356785443942,0.4889667,-0.5199503,0.70040226,0.14106524,-0.7452331,-0.65171176,0.86082065,0.41746777,-0.29104728
1356785443982,0.505318,-0.46294844,0.72823924,0.16542973,-0.7762885,-0.60828376,0.8469278,0.42784914,-0.31568712
1356785444022,0.5131546,-0.415833,0.7508364,0.18950069,-0.7983191,-0.5716433,0.83711517,0.43562537,-0.3308605
1356785444062,0.51013035,-0.382033,0.7705958,0.2110716,-0.8129379,-0.542753,0.833796,0.43952566,-0.33406797
1356785444102,0.49634588,-0.36224124,0.7889372,0.22953108,-0.8216832,-0.52168196,0.8372313,0.44002032,-0.32469347
1356785444162,0.47317588,-0.35555673,0.8060298,0.24535821,-0.8255478,-0.5082029,0.84611106,0.43823537,-0.30339053
1356785444184,0.44283652,-0.36012408,0.8211008,0.258885,-0.82542825,-0.5016441,0.8584139,0.434717,-0.27229905
1356785444224,0.40796465,-0.37357378,0.83307105,0.27025068,-0.8221555,-0.5010238,0.87208337,0.42953804,-0.2344518
1356785444264,0.37157303,-0.39322975,0.8410136,0.27994284,-0.81625247,-0.50533545,0.88519233,0.42320475,-0.19321555
1356785444304,0.33670098,-0.41642132,0.84452695,0.2889733,-0.8079175,-0.5135794,0.89617354,0.4169684,-0.15169197
1356785444343,0.3061329,-0.4407074,0.8438363,0.29838157,-0.79731,-0.52465725,0.9040195,0.41240007,-0.112583876
1356785444384,0.28203082,-0.46410203,0.83968323,0.3086251,-0.78480506,-0.5374305,0.90841025,0.4107193,-0.07810569
1356785444423,0.26593107,-0.4852179,0.8329731,0.31912753,-0.7710525,-0.5510315,0.9096364,0.41236106,-0.050200403
1356785444462,0.2584597,-0.50322294,0.82460004,0.32884762,-0.7567903,-0.5649139,0.9083269,0.41717523,-0.030116111
1356785444502,0.25915456,-0.51801306,0.8151695,0.33679837,-0.74255717,-0.5789436,0.9052103,0.42458367,-0.017971128
1356785444542,0.2664681,-0.53001,0.8050368,0.34239614,-0.72870463,-0.59308887,0.900977,0.43368074,-0.012703179
1356785444582,0.2780652,-0.54007125,0.79435676,0.34535947,-0.71546066,-0.60732436,0.89632946,0.44321445,-0.012425989
1356785444622,0.29129744,-0.54918027,0.78329235,0.34555942,-0.70310867,-0.62147164,0.8920396,0.45170712,-0.015039354
1356785444662,0.3037501,-0.5581378,0.77215165,0.34286082,-0.6921131,-0.63515824,0.88892204,0.4576699,-0.018865854
1356785444702,0.31394887,-0.5670826,0.76148105,0.33718604,-0.6831545,-0.6477696,0.8875481,0.46012735,-0.023263246
1356785444742,0.3217131,-0.57519513,0.75209785,0.32886097,-0.6769947,-0.6584289,0.8878914,0.45916083,-0.02863881
1356785444782,0.32756287,-0.5810204,0.74506223,0.31885618,-0.67432743,-0.6660429,0.8894005,0.45573863,-0.035622686
1356785444822,0.3319217,-0.5830775,0.7415178,0.30837965,-0.6758193,-0.66945523,0.8914763,0.4508757,-0.044509858
1356785444862,0.33505684,-0.5800446,0.74248576,0.29836234,-0.68216217,-0.6675587,0.89370954,0.4451999,-0.055499613
1356785444902,0.33744085,-0.570671,0.7486443,0.289326,-0.6939209,-0.65936655,0.89578134,0.4390995,-0.06904727
1356785444942,0.339711,-0.5536954,0.7602748,0.28172457,-0.71132696,-0.6439295,0.89734477,0.43293807,-0.08565599
1356785444982,0.34274942,-0.52785945,0.77710176,0.27606866,-0.73408747,-0.6204045,0.8979471,0.42717674,-0.105882585
1356785445022,0.34791207,-0.49165162,0.7982706,0.27324274,-0.76132333,-0.58798397,0.8968253,0.42268834,-0.13053334
1356785445062,0.35681844,-0.44370538,0.8220743,0.27465898,-0.791278,-0.5462981,0.89288473,0.4207193,-0.16047493
1356785445102,0.3698898,-0.3841444,0.8459401,0.28205475,-0.8211152,-0.49620056,0.88522696,0.42214096,-0.19537237
1356785445162,0.3845775,-0.31643125,0.8671629,0.29636726,-0.8473517,-0.4406378,0.8742234,0.4264581,-0.23209253
1356785445184,0.3954302,-0.2478292,0.8844296,0.31606394,-0.86739,-0.3843673,0.8624028,0.43152672,-0.26466233
1356785445223,0.39733344,-0.18669745,0.8984822,0.33720073,-0.8808886,-0.33216107,0.8534763,0.43494755,-0.28705198
1356785445264,0.38782382,-0.13873337,0.9112331,0.3559916,-0.88935405,-0.2869135,0.85021335,0.43566322,-0.29552478
1356785445304,0.3673432,-0.105780005,0.9240507,0.3705152,-0.8946316,-0.24970533,0.85309875,0.43410236,-0.28944373
1356785445343,0.33803707,-0.087080315,0.9370955,0.38050252,-0.89805603,-0.22071066,0.8607838,0.43117556,-0.27044195
1356785445383,0.30278152,-0.08062801,0.9496434,0.38672575,-0.9003036,-0.19974142,0.87107205,0.42772955,-0.24141437
1356785445423,0.26505166,-0.08395316,0.9605725,0.39051378,-0.90149873,-0.18654498,0.8816159,0.42456082,-0.20615888
1356785445464,0.22804528,-0.0948493,0.9690196,0.39328152,-0.9014679,-0.18079057,0.8906879,0.42232594,-0.16827303
1356785445502,0.19462991,-0.1114016,0.97453004,0.3959973,-0.90003985,-0.18197364,0.89738804,0.42132878,-0.13105994
1356785445542,0.16684115,-0.13188483,0.97712356,0.39902467,-0.89720196,-0.18922997,0.9016337,0.42146772,-0.09706491
1356785445582,0.14608634,-0.1546255,0.977113,0.402312,-0.8930586,-0.20147304,0.903772,0.42253673,-0.06825596
1356785445622,0.13334328,-0.1779088,0.9749708,0.4059018,-0.8876608,-0.21749052,0.9041368,0.42474326,-0.046150118
1356785445662,0.12882596,-0.20026225,0.9712358,0.41007382,-0.88097817,-0.23604444,0.90290827,0.428687,-0.03137055
1356785445702,0.13145858,-0.22093189,0.96638906,0.41480553,-0.8731435,-0.25604075,0.9003638,0.43452227,-0.023138434
1356785445742,0.13901114,-0.23990512,0.96079206,0.41917372,-0.8647548,-0.27657276,0.8972008,0.44118547,-0.019648641
1356785445782,0.14882332,-0.25741765,0.95477104,0.4215102,-0.8569007,-0.2967328,0.89452827,0.4466065,-0.019022644
1356785445822,0.15845549,-0.2734829,0.9487355,0.4202099,-0.850834,-0.31544423,0.89348507,0.4486519,-0.0198991
1356785445862,0.16653347,-0.287063,0.9433247,0.4146998,-0.8475695,-0.3311344,0.89458966,0.44634148,-0.022103727
1356785445902,0.17303252,-0.29597136,0.9393938,0.40582797,-0.8476258,-0.34181023,0.89742047,0.44037658,-0.026553363
1356785445942,0.17826408,-0.29764524,0.9378855,0.39526883,-0.8512073,-0.34526607,0.9011018,0.43226543,-0.034089804
1356785445982,0.18195152,-0.28995657,0.9395844,0.38470054,-0.8583803,-0.33939457,0.9049305,0.423212,-0.044637173
1356785446022,0.18370134,-0.2713418,0.9447897,0.37518382,-0.86902815,-0.32253253,0.90856534,0.41371942,-0.05783859
1356785446062,0.18372422,-0.24043691,0.9531188,0.36729592,-0.8825996,-0.29344785,0.911778,0.40399015,-0.07384342
1356785446102,0.1827448,-0.19601925,0.9634214,0.36173505,-0.8977788,-0.25127858,0.91419476,0.39442313,-0.09315738
1356785446163,0.18187916,-0.13744731,0.97366744,0.35979098,-0.9122181,-0.1959811,0.91513413,0.38596165,-0.11646116
1356785446183,0.18197113,-0.064910814,0.9811591,0.36388272,-0.9225356,-0.12852012,0.9134965,0.38041377,-0.14425492
1356785446223,0.18349439,0.019319788,0.98283094,0.3768536,-0.924802,-0.05217938,0.9079159,0.37995797,-0.17697671
1356785446264,0.18502617,0.11015548,0.9765404,0.39993483,-0.916129,0.027564868,0.8976734,0.38545227,-0.21356285
1356785446304,0.18327802,0.19881949,0.962746,0.4296972,-0.89702797,0.103446394,0.8841773,0.39472982,-0.2498377
1356785446342,0.17512381,0.27587426,0.9451059,0.45853037,-0.87233174,0.16966811,0.8712529,0.4036468,-0.27926278
1356785446382,0.1593005,0.33540028,0.9285096,0.47908455,-0.84861475,0.22434576,0.86319256,0.40909618,-0.29586983
1356785446422,0.13670069,0.37580067,0.9165625,0.48794663,-0.8307624,0.26784688,0.8621027,0.41061872,-0.29693645
1356785446461,0.1093871,0.39808524,0.9108033,0.48536187,-0.8210298,0.30055612,0.86744356,0.4091922,-0.28302544
1356785446502,0.07989591,0.40428156,0.9111383,0.4736604,-0.8196693,0.32216147,0.877076,0.40583077,-0.25698042
1356785446542,0.050781608,0.39653763,0.91661286,0.45631418,-0.8256078,0.33188733,0.8883685,0.40140966,-0.22287144
1356785446582,0.024220824,0.37673077,0.926006,0.43739352,-0.83690965,0.32904276,0.89894396,0.39705935,-0.18505023
1356785446622,0.0019043684,0.3465531,0.93802845,0.4209153,-0.8511645,0.3136068,0.90709794,0.3942333,-0.14749043
1356785446663,-0.014872909,0.30784607,0.95132,0.41000086,-0.86588377,0.28660893,0.9119639,0.3943047,-0.11333901
1356785446702,-0.025123477,0.26305124,0.96445465,0.40614977,-0.8788624,0.25028628,0.9134611,0.39800113,-0.084758066
1356785446743,-0.028188825,0.21536693,0.97612625,0.4091433,-0.88848305,0.20784518,0.9120346,0.40523443,-0.063070655
1356785446780,-0.023991168,0.16824102,0.98545396,0.41738832,-0.8940276,0.16279377,0.9084115,0.4152226,-0.048773132
1356785446823,-0.013332427,0.124954015,0.99207294,0.42912713,-0.8954307,0.11854872,0.9031457,0.42730597,-0.0416829
1356785446862,0.0026090145,0.086093664,0.99628365,0.4419253,-0.89381975,0.07608196,0.8970481,0.44008443,-0.04037901
1356785446902,0.022027552,0.051171347,0.99844694,0.45319885,-0.8906962,0.03565064,0.89113724,0.45170972,-0.042810656
1356785446942,0.043533385,0.01735495,0.9989012,0.46013427,-0.8878373,-0.0046279132,0.8867814,0.45983014,-0.046636168
1356785446982,0.066063106,-0.01743704,0.9976631,0.46078908,-0.8863166,-0.0460034,0.8850475,0.4627514,-0.05051804
1356785447022,0.08914018,-0.053860143,0.9945618,0.4548489,-0.88613486,-0.088755324,0.88609624,0.46028697,-0.054491997
1356785447062,0.112683535,-0.09166418,0.9893938,0.44337213,-0.8864715,-0.13262507,0.8892264,0.45361432,-0.0592494
1356785447102,0.13675183,-0.13056296,0.98196346,0.42771763,-0.8863308,-0.17741303,0.893508,0.4442646,-0.06536329
1356785447164,0.16144073,-0.1707221,0.9720035,0.40869883,-0.8849284,-0.22330932,0.89827734,0.4333079,-0.07308957
1356785447184,0.1867891,-0.21280794,0.95907384,0.3865376,-0.8815913,-0.27089742,0.9031603,0.4213188,-0.082413375
1356785447224,0.21263808,-0.2572086,0.9426711,0.3611977,-0.87571174,-0.32041398,0.9079214,0.40862283,-0.09330651
1356785447264,0.23876792,-0.30350453,0.9224288,0.33293235,-0.8667449,-0.37136152,0.9122203,0.3957756,-0.1059044
1356785447304,0.26488155,-0.348828,0.89897543,0.3030059,-0.85494304,-0.42102236,0.91543716,0.3839159,-0.12076169
1356785447343,0.29092348,-0.38698632,0.8749886,0.27432263,-0.84240735,-0.46378544,0.9165755,0.3749552,-0.13891697
1356785447382,0.3172574,-0.40887332,0.85566956,0.25147593,-0.83370864,-0.4916195,0.9143892,0.37115023,-0.16167843
1356785447422,0.34415227,-0.4071099,0.84606194,0.23916653,-0.83337116,-0.498289,0.90794194,0.373837,-0.1894395
1356785447462,0.3707034,-0.38104242,0.84698623,0.23969264,-0.8418167,-0.48362386,0.8972884,0.3822974,-0.22073126
1356785447502,0.39493644,-0.3442018,0.8517924,0.24854124,-0.8525598,-0.45974886,0.8844504,0.3932771,-0.2511586
1356785447542,0.4160182,-0.32164192,0.85057354,0.2543695,-0.85685796,-0.44843122,0.873055,0.4029155,-0.2746526
1356785447582,0.43527478,-0.3374886,0.8346481,0.24505185,-0.84766406,-0.47054785,0.86630565,0.40934962,-0.28626457
1356785447622,0.4531495,-0.40190154,0.7956951,0.21448463,-0.8172224,-0.5349242,0.8652467,0.41306502,-0.28412223
1356785447662,0.4662096,-0.5053436,0.726138,0.16555361,-0.7564613,-0.63273865,0.86904573,0.41520363,-0.26900804
1356785447702,0.469581,-0.6214664,0.62711495,0.10995433,-0.66360354,-0.7399597,0.87601584,0.41642502,-0.24328268
1356785447742,0.46270955,-0.7226533,0.51349,0.0622468,-0.55131257,-0.8319734,0.88432187,0.41692513,-0.21011472
1356785447782,0.45019564,-0.79620135,0.404212,0.030951887,-0.4384937,-0.89820117,0.89239335,0.41687733,-0.17276402
1356785447822,0.4376239,-0.84365785,0.3110092,0.016107857,-0.33847794,-0.9408364,0.8990139,0.41674218,-0.1345365
1356785447862,0.428539,-0.87188476,0.23700494,0.0128753185,-0.2563925,-0.9664871,0.9034316,0.417229,-0.098648444
1356785447903,0.42418912,-0.8874674,0.18018094,0.015233874,-0.19194743,-0.9812869,0.90544546,0.41899607,-0.06790243
1356785447942,0.42431325,-0.89515865,0.13656217,0.018045992,-0.14242214,-0.9896414,0.9053356,0.42238232,-0.044277564
1356785447982,0.42795798,-0.8980075,0.102149636,0.017953426,-0.10455361,-0.9943572,0.90362036,0.42737707,-0.02862227
1356785448022,0.43398985,-0.8978983,0.07369831,0.013368696,-0.07537618,-0.99706554,0.9008186,0.43370163,-0.02070877
1356785448062,0.44118628,-0.8960961,0.048647016,0.0039627254,-0.052262157,-0.9986256,0.8974068,0.4407727,-0.019506395
1356785448102,0.44819358,-0.8935884,0.024941564,-0.009631902,-0.032726437,-0.9994179,0.8938846,0.44769242,-0.02327472
1356785448165,0.45348415,-0.89126396,8.536875E-4,-0.026034176,-0.014203936,-0.99956024,0.89088404,0.45326257,-0.029644608
1356785448183,0.45551613,-0.8898785,-0.024924189,-0.04384747,0.005536288,-0.99902284,0.88914704,0.45616388,-0.036497056
1356785448222,0.45343348,-0.88974,-0.052542508,-0.06257996,0.02702412,-0.997674,0.8890904,0.4556669,-0.043426275
1356785448262,0.44771856,-0.89049697,-0.08101323,-0.08245537,0.049099043,-0.9953845,0.89036465,0.45233208,-0.051443696
1356785448302,0.4397623,-0.89151824,-0.10864788,-0.103333116,0.06994444,-0.9921845,0.89214987,0.44755223,-0.061364412
1356785448342,0.43070155,-0.89249027,-0.1340048,-0.124533206,0.088289574,-0.9882796,0.89386106,0.4423416,-0.07311824
1356785448382,0.4209491,-0.89354974,-0.15611103,-0.14536458,0.10342522,-0.9839574,0.8953608,0.43688902,-0.08635369
1356785448422,0.41054666,-0.8950579,-0.17413417,-0.16544333,0.1146822,-0.97952867,0.89670503,0.4309516,-0.10099897
1356785448462,0.399707,-0.89731634,-0.18723688,-0.1846573,0.121252984,-0.97529453,0.89785075,0.4244067,-0.117230386
1356785448502,0.38932586,-0.90031004,-0.19459504,-0.20328844,0.12206872,-0.97147983,0.898387,0.41778117,-0.1354981
1356785448542,0.38106152,-0.90359616,-0.19571933,-0.22257602,0.11580792,-0.9680126,0.8973583,0.4124348,-0.15698889
1356785448582,0.37680286,-0.90640736,-0.1909068,-0.24458483,0.101425454,-0.9643086,0.89341927,0.41004714,-0.18347609
1356785448622,0.37785083,-0.907879,-0.18161622,-0.27095628,0.079139814,-0.9593329,0.8853313,0.41169482,-0.2160925
1356785448662,0.38410974,-0.9074266,-0.17040163,-0.3008913,0.05145645,-0.9522692,0.87288266,0.41704822,-0.25327182
1356785448702,0.3934279,-0.9053455,-0.15988752,-0.33016735,0.023172244,-0.94363797,0.8580233,0.4240431,-0.28979895
1356785448742,0.40235755,-0.9029711,-0.15083608,-0.3521554,-5.7438016E-4,-0.93594134,0.8450414,0.42970082,-0.31821728
1356785448782,0.40866187,-0.90156186,-0.14206254,-0.3613074,-0.016869038,-0.93229413,0.83812433,0.4323213,-0.33263472
1356785448822,0.41225895,-0.9014481,-0.13203815,-0.35525638,-0.025601953,-0.9344183,0.8389491,0.4321297,-0.3307998
1356785448862,0.41394788,-0.90243345,-0.11941922,-0.33424276,-0.028655931,-0.9420513,0.8467165,0.42987517,-0.31349394
1356785448902,0.41444635,-0.9042672,-0.10264051,-0.30015898,-0.029348016,-0.9534376,0.85915005,0.42595726,-0.2835871
1356785448942,0.41428465,-0.9066113,-0.08015108,-0.25615513,-0.03164059,-0.9661177,0.8733572,0.4207788,-0.24534133
1356785448982,0.4137963,-0.9089307,-0.051161855,-0.20587629,-0.038687333,-0.97781295,0.8867849,0.41514844,-0.20313594
1356785449022,0.41312742,-0.91052425,-0.016473025,-0.15336457,-0.05173205,-0.9868146,0.89766645,0.41020656,-0.16101411
1356785449062,0.41233355,-0.91079557,0.020793289,-0.10289681,-0.069236755,-0.9922794,0.90520334,0.40701056,-0.12226656
1356785449102,0.411757,-0.9096308,0.055025935,-0.05880806,-0.086779535,-0.9944902,0.90939415,0.40625232,-0.08922568
1356785449167,0.41237682,-0.9075545,0.07931098,-0.025029093,-0.09831172,-0.99484086,0.91066945,0.40826425,-0.06325674
1356785449183,0.41552594,-0.905297,0.08817908,-0.0041195154,-0.09881672,-0.99509704,0.909572,0.41312537,-0.044790268
1356785449224,0.4220333,-0.9030365,0.08008161,0.003388077,-0.08676201,-0.9962233,0.906574,0.42071074,-0.03355688
1356785449263,0.43117884,-0.9003439,0.05887124,-5.439818E-4,-0.06550762,-0.99785197,0.9022664,0.4302206,-0.02873528
1356785449304,0.4410594,-0.89693755,0.031139165,-0.012140572,-0.04065597,-0.9990995,0.89739585,0.44028416,-0.028821051
1356785449342,0.44941366,-0.8933165,0.0036052167,-0.02648291,-0.017356813,-0.99949855,0.8929311,0.4490928,-0.03145796
1356785449382,0.45439592,-0.8906108,-0.018351674,-0.03903678,6.7320466E-4,-0.99923754,0.8899441,0.4547658,-0.034460664
1356785449422,0.45524096,-0.88980496,-0.031668752,-0.047576666,0.01120697,-0.99880475,0.88909626,0.45620352,-0.03723207
1356785449462,0.4526069,-0.89100003,-0.035579294,-0.052390307,0.013260514,-0.9985386,0.89016974,0.45380947,-0.040677965
1356785449502,0.4479046,-0.893602,-0.02927357,-0.054113507,0.005586922,-0.9985192,0.8924423,0.44882545,-0.045853555
1356785449542,0.44246978,-0.8967273,-0.010033548,-0.05211115,-0.014540434,-0.9985355,0.8952681,0.4423447,-0.05316323
1356785449582,0.43703473,-0.8990153,0.02778849,-0.044376552,-0.05240959,-0.9976392,0.8983493,0.43476984,-0.06280002
1356785449640,0.43174225,-0.89720166,0.09288621,-0.027785033,-0.11615813,-0.992842,0.90156895,0.426071,-0.07507914
1356785449662,0.42595086,-0.8832226,0.19617286,0.0018833578,-0.21596035,-0.97640026,0.9047444,0.41626796,-0.09032509
1356785449702,0.41746214,-0.8401134,0.34631622,0.049090356,-0.35970715,-0.93177307,0.90736735,0.40598074,-0.10892266
1356785449740,0.4020881,-0.7426895,0.5354788,0.11482534,-0.5393184,-0.8342366,0.90837234,0.39692315,-0.13157392
1356785449782,0.37813485,-0.5804919,0.72114015,0.18966165,-0.7138782,-0.6740967,0.906114,0.39167213,-0.15984517
1356785449822,0.35159427,-0.3825086,0.85444057,0.26088724,-0.8365217,-0.4818395,0.89906585,0.39232466,-0.19432461
1356785449862,0.33275157,-0.19922522,0.92172974,0.3211988,-0.89503956,-0.3094116,0.88662714,0.39901567,-0.23383492
1356785449902,0.32081854,-0.051029652,0.945765,0.37267044,-0.91120154,-0.1755805,0.8707423,0.40878814,-0.2733131
1356785449942,0.30606604,0.06696369,0.94965225,0.41677308,-0.90627897,-0.07041769,0.85593444,0.41734195,-0.30528986
1356785449982,0.27969843,0.1645311,0.94588494,0.4527601,-0.891381,0.02116917,0.8466269,0.422338,-0.323811
1356785450022,0.23856515,0.24766964,0.9390135,0.47927505,-0.8709987,0.107966065,0.8446194,0.4242888,-0.3264918
1356785450062,0.18466657,0.31831604,0.92982423,0.49478656,-0.84756416,0.19188866,0.84916687,0.42462912,-0.31401527
1356785450102,0.123374104,0.37593538,0.9183961,0.4981284,-0.82388633,0.27033204,0.8582814,0.42412722,-0.28891033
1356785450169,0.061391592,0.41916063,0.9058341,0.48984644,-0.80338675,0.33855608,0.8696445,0.4229351,-0.25464553
1356785450184,0.004854262,0.4469768,0.89453244,0.4729732,-0.78918463,0.39177036,0.88106346,0.42118806,-0.21523894
1356785450223,-0.042735994,0.45969948,0.8870457,0.45210513,-0.7828526,0.42748427,0.89094025,0.41930687,-0.1743765
1356785450264,-0.07961452,0.4578271,0.8854693,0.43199313,-0.78469443,0.44456345,0.89835596,0.41791034,-0.13530515
1356785450304,-0.10454756,0.44130787,0.8912447,0.41674504,-0.79423976,0.44216135,0.90299135,0.4176487,-0.10087697
1356785450344,-0.11742419,0.4108156,0.90412503,0.40887713,-0.8096763,0.42100337,0.90500337,0.41911206,-0.07289751
1356785450382,-0.11738831,0.36585912,0.9232373,0.40955076,-0.8290916,0.38062498,0.9047034,0.42279342,-0.052512273
1356785450423,-0.10359615,0.30616593,0.94632465,0.41823798,-0.84982836,0.3207317,0.90241057,0.42901546,-0.04001133
1356785450463,-0.075895965,0.23239589,0.9696556,0.43214208,-0.8687203,0.24202913,0.8986061,0.43739802,-0.034495622
1356785450503,-0.036021054,0.14685883,0.98850137,0.44627666,-0.8826725,0.1473985,0.89416975,0.44645455,-0.033744812
1356785450542,0.011205554,0.055021524,0.9984223,0.45507646,-0.8893694,0.043904334,0.8903819,0.4538665,-0.035004936
1356785450582,0.05889517,-0.035191,0.99764365,0.45504102,-0.8885661,-0.05820641,0.88852066,0.4573969,-0.036318902
1356785450622,0.100975454,-0.11562602,0.9881471,0.44639635,-0.882366,-0.14886405,0.8891199,0.45613688,-0.03748226
1356785450662,0.13440865,-0.18023616,0.9743969,0.43221694,-0.8741886,-0.22132057,0.89169663,0.45089823,-0.039597392
1356785450702,0.15871942,-0.22556657,0.9612117,0.41622847,-0.8675256,-0.27231082,0.8952999,0.4433047,-0.043805927
1356785450742,0.17451692,-0.25000978,0.95238596,0.40119976,-0.8652443,-0.3006509,0.8992122,0.43456566,-0.050695926
1356785450782,0.18305153,-0.25340587,0.9498829,0.38854164,-0.8688986,-0.30667686,0.9030656,0.42520678,-0.06059447
1356785450822,0.18615681,-0.23678392,0.95356125,0.37877458,-0.8782112,-0.29201874,0.9065735,0.41554603,-0.073797256
1356785450862,0.18614393,-0.20234959,0.9614599,0.37217462,-0.89111924,-0.25960073,0.90930545,0.40615407,-0.09056705
1356785450902,0.18572962,-0.15343744,0.970547,0.36937356,-0.9043845,-0.21366306,0.9105316,0.39817798,-0.11129525
1356785450942,0.18801719,-0.09452884,0.97760624,0.37168038,-0.9144851,-0.15990847,0.9091223,0.39342254,-0.1368044
1356785450982,0.19549811,-0.030476108,0.9802304,0.38093185,-0.9186747,-0.1045357,0.90369874,0.3938375,-0.16798985
1356785451022,0.20883739,0.03406076,0.97735703,0.39833385,-0.91569626,-0.05320236,0.8931501,0.40042505,-0.20479918
1356785451062,0.2260145,0.09502526,0.9694781,0.42286766,-0.90613884,-0.009766236,0.87755364,0.4121682,-0.24498361
1356785451102,0.24222523,0.14907067,0.9586995,0.45045352,-0.892451,0.024957836,0.85931283,0.42580423,-0.28332356
1356785451168,0.25149757,0.19360374,0.94829667,0.47532767,-0.8781971,0.053230673,0.843097,0.43736425,-0.31288964
1356785451184,0.24985945,0.22688787,0.94132465,0.4930663,-0.8664904,0.07797404,0.8333401,0.44465297,-0.32837158
1356785451223,0.2366581,0.24822786,0.93934864,0.50211895,-0.8589418,0.100476846,0.83178693,0.44788605,-0.32791543
1356785451263,0.21373147,0.25775906,0.9422734,0.50275964,-0.85603815,0.12013075,0.83758676,0.44806126,-0.31255314
1356785451304,0.18388283,0.25624415,0.9489605,0.4959019,-0.85773873,0.13551955,0.8486863,0.44567162,-0.2847954
1356785451343,0.15067524,0.24461582,0.95784134,0.48304376,-0.8635809,0.14455713,0.86253446,0.44089812,-0.2482804
1356785451383,0.11762345,0.22394308,0.9674783,0.46649817,-0.8725153,0.1452463,0.87666655,0.43424246,-0.20709729
1356785451424,0.087619305,0.19525903,0.97682995,0.44921362,-0.88298076,0.13620609,0.88911754,0.42687106,-0.16507918
1356785451462,0.063097656,0.15946628,0.98518485,0.43421304,-0.89321,0.116769016,0.89859766,0.42041224,-0.1256018
1356785451502,0.045738995,0.11770047,0.9919952,0.4236498,-0.9015958,0.08744088,0.9046706,0.41625908,-0.091101855
1356785451542,0.036963105,0.07104319,0.9967882,0.41826496,-0.90699524,0.04913327,0.9075727,0.41510543,-0.06324023
1356785451582,0.037691772,0.020654023,0.99907595,0.417648,-0.9086039,0.0030272156,0.90782684,0.41714793,-0.042873055
1356785451622,0.048248887,-0.032499135,0.99830645,0.42064843,-0.90585476,-0.049819708,0.90593976,0.4223398,-0.030035768
1356785451662,0.06820905,-0.087595046,0.9938182,0.42541313,-0.898485,-0.108389914,0.9024252,0.4301765,-0.024020731
1356785451702,0.09596199,-0.14382645,0.9849392,0.42944685,-0.8866931,-0.17132069,0.89797926,0.43941933,-0.023323027
1356785451742,0.12827754,-0.20022985,0.97131497,0.43015823,-0.87124836,-0.23641104,0.89359313,0.4481454,-0.02563107
1356785451782,0.16117573,-0.25541085,0.9533036,0.42570734,-0.8534588,-0.30063492,0.89039075,0.45428336,-0.028826565
1356785451822,0.19186163,-0.30735302,0.93205327,0.41568434,-0.8348536,-0.36086848,0.88904196,0.45667675,-0.032414526
1356785451862,0.21939391,-0.35354897,0.90932363,0.40115282,-0.8169116,-0.4144055,0.88934964,0.45569578,-0.03739828
1356785451902,0.24367338,-0.39185676,0.88717055,0.38409314,-0.8009612,-0.4592751,0.8905592,0.45266923,-0.04466343
1356785451942,0.26442182,-0.42072913,0.867795,0.366464,-0.78849363,-0.49394536,0.892068,0.4486255,-0.054312855
1356785451982,0.28135896,-0.43936288,0.85311043,0.3495103,-0.78103846,-0.51751465,0.8936888,0.44377828,-0.0661903
1356785452022,0.2946058,-0.44731414,0.8444629,0.33378702,-0.77985555,-0.529539,0.8954294,0.437876,-0.08044231
1356785452062,0.30471623,-0.44419858,0.84251744,0.3196936,-0.7855647,-0.52979624,0.8971867,0.43078494,-0.09736687
1356785452102,0.3131649,-0.42961362,0.84697104,0.30778632,-0.797784,-0.51846725,0.8984405,0.42305183,-0.117608726
1356785452169,0.32283354,-0.40315098,0.8562989,0.29902774,-0.8149528,-0.49642152,0.89797604,0.41631866,-0.14254075
1356785452184,0.33715564,-0.3650794,0.8677806,0.29496002,-0.8343799,-0.4656273,0.8940496,0.41294944,-0.17363209
1356785452223,0.35768092,-0.3176459,0.8781603,0.29708648,-0.85281014,-0.42948174,0.88532704,0.41450697,-0.21066561
1356785452263,0.38198453,-0.26590174,0.8850899,0.3052411,-0.86766803,-0.3924029,0.8723048,0.42005765,-0.25027162
1356785452304,0.40398592,-0.21708353,0.8886339,0.3167163,-0.8781586,-0.35850835,0.85818774,0.42627716,-0.28600982
1356785452344,0.41756934,-0.17814837,0.89101005,0.32788557,-0.8849808,-0.33060554,0.8474237,0.43020013,-0.31112856
1356785452382,0.4195174,-0.15327403,0.89471346,0.3365924,-0.88911206,-0.31013748,0.8430366,0.43126187,-0.3214071
1356785452422,0.40970433,-0.14356352,0.9008506,0.34245634,-0.8911025,-0.2977582,0.8454974,0.43049482,-0.31592432
1356785452462,0.38986373,-0.14823149,0.90886396,0.34583795,-0.8911461,-0.2936915,0.8534649,0.42881933,-0.29616147
1356785452502,0.36297846,-0.16566858,0.9169518,0.34720424,-0.8891528,-0.29808804,0.8646941,0.42656907,-0.2652225
1356785452542,0.33277702,-0.19391033,0.9228533,0.3472052,-0.8846867,-0.31109154,0.87675995,0.42394358,-0.22707674
1356785452601,0.3031487,-0.23086056,0.9245562,0.34675542,-0.87697625,-0.332676,0.8876156,0.4214452,-0.18580204
1356785452622,0.27780694,-0.27444836,0.92059845,0.34672353,-0.86507666,-0.36252618,0.8958829,0.41990542,-0.1451666
1356785452662,0.2599228,-0.3227173,0.9101064,0.34741956,-0.84813255,-0.39996347,0.90096605,0.4201484,-0.1083307
1356785452700,0.25157225,-0.37390766,0.892695,0.34814683,-0.8256575,-0.44394082,0.9030532,0.42247218,-0.077537745
1356785452743,0.25316608,-0.42614794,0.86850727,0.34766233,-0.7977028,-0.49274853,0.9027945,0.42669448,-0.053795695
1356785452782,0.26385516,-0.4782103,0.83767265,0.3443183,-0.7645355,-0.5449133,0.90101355,0.43220422,-0.037070066
1356785452822,0.28154123,-0.5281408,0.8011254,0.33715338,-0.72721463,-0.59790176,0.89836645,0.4384361,-0.026676476
1356785452862,0.30370212,-0.57501686,0.75968456,0.32551098,-0.6867466,-0.6499398,0.8954371,0.44467378,-0.021392107
1356785452902,0.3272292,-0.6178185,0.7149975,0.30985525,-0.64466435,-0.69885457,0.8926986,0.4502313,-0.019518733
1356785452943,0.34904373,-0.65604717,0.6691567,0.2914765,-0.6026424,-0.7428753,0.89062333,0.45433944,-0.01912627
1356785452982,0.36681837,-0.6894616,0.62456954,0.27178493,-0.5626555,-0.7807379,0.88970625,0.45613754,-0.019007087
1356785453022,0.37989247,-0.717768,0.5835159,0.25167227,-0.52681285,-0.8118678,0.89013636,0.45527726,-0.019489948
1356785453062,0.38905066,-0.7404778,0.5480258,0.23166385,-0.4971341,-0.83617556,0.89161175,0.45227242,-0.021868408
1356785453102,0.39519536,-0.75710976,0.52019745,0.21257553,-0.47554755,-0.8536194,0.8936623,0.44792765,-0.026991129
1356785453168,0.3985889,-0.7673161,0.5023475,0.19564971,-0.46398962,-0.8639646,0.89601797,0.44265085,-0.034815937
