1356786074208,0.3535955,-0.17637908,-0.9186189,0.83519447,-0.38269407,0.39496276,-0.42121315,-0.9068824,0.011991903
1356786074248,0.7413701,-0.35188723,-0.57144195,0.52243936,-0.2318323,0.82055527,-0.42122155,-0.9068789,0.011966199
1356786074287,0.7412919,-0.3518038,-0.57159466,0.52251923,-0.2320216,0.8204509,-0.42126006,-0.90686274,0.011828542
1356786074327,0.74087447,-0.35151884,-0.57231075,0.52305526,-0.23256505,0.81995535,-0.4213292,-0.9068341,0.011562258
1356786074368,0.7397785,-0.35101736,-0.5740335,0.52453846,-0.2334612,0.81875217,-0.42141083,-0.906798,0.011412561
1356786074407,0.73778987,-0.35049793,-0.5769032,0.5272562,-0.23443216,0.81672674,-0.42150566,-0.9067485,0.011840522
1356786074447,0.7349265,-0.35016185,-0.5807493,0.53114146,-0.23522419,0.8139769,-0.4216299,-0.9066732,0.013112992
1356786074488,0.7315971,-0.35031572,-0.5848458,0.5355804,-0.2354452,0.8109989,-0.4218048,-0.90655637,0.015371203
1356786074527,0.72813535,-0.35116047,-0.588647,0.5400878,-0.23485786,0.8081751,-0.4220475,-0.90638196,0.01864916
1356786074586,0.7248466,-0.35267672,-0.5917909,0.5442452,-0.23351261,0.8057723,-0.42236778,-0.9061407,0.022681803
1356786074607,0.72200286,-0.35476,-0.5940179,0.5476868,-0.23158261,0.8039955,-0.42278963,-0.90582275,0.027094066
1356786074647,0.7195005,-0.35690895,-0.5957642,0.5505795,-0.2297216,0.8025522,-0.42329806,-0.90545225,0.031221986
1356786074684,0.71709716,-0.35852852,-0.59768635,0.5533008,-0.22863123,0.8009907,-0.4238277,-0.90508854,0.03442329
1356786074727,0.7146045,-0.3593204,-0.60019106,0.55611056,-0.22868243,0.7990278,-0.4243601,-0.90476143,0.03640437
1356786074766,0.71191514,-0.35939214,-0.60333586,0.55911374,-0.22978532,0.79661196,-0.42493376,-0.90445346,0.037353396
1356786074806,0.70911014,-0.35910693,-0.606799,0.5621479,-0.23154792,0.7939618,-0.4256202,-0.90411717,0.037678212
1356786074846,0.70631504,-0.3586728,-0.6103056,0.565033,-0.23371598,0.7912739,-0.42644665,-0.9037314,0.03758487
1356786074886,0.70378447,-0.3581528,-0.61352587,0.5675099,-0.23606023,0.7888017,-0.4273406,-0.90332836,0.037119716
1356786074926,0.7020293,-0.3579422,-0.6156559,0.569072,-0.23778313,0.787157,-0.4281493,-0.9029599,0.036764175
1356786074967,0.7017918,-0.35903805,-0.61528844,0.5689482,-0.23728257,0.7873976,-0.4287029,-0.90265644,0.03775108
1356786075006,0.70374644,-0.36262912,-0.61093456,0.56637573,-0.23278147,0.79058915,-0.42890495,-0.9023928,0.04156524
1356786075047,0.70812917,-0.36934143,-0.6017807,0.5609837,-0.22326544,0.797151,-0.42877775,-0.9020751,0.049093753
1356786075086,0.71456724,-0.37887755,-0.58808625,0.553036,-0.20887744,0.806549,-0.42842135,-0.9015663,0.060275972
1356786075143,0.7229165,-0.39259115,-0.56856316,0.5424378,-0.18721506,0.81897,-0.4279639,-0.90045696,0.07761541
1356786075178,0.73240066,-0.4071537,-0.54572445,0.5297454,-0.1627664,0.83239233,-0.42773718,-0.8987397,0.09647757
1356786075218,0.7415743,-0.42257056,-0.52105826,0.5165622,-0.13590816,0.8453949,-0.42805505,-0.8960821,0.11749795
1356786075248,0.75015205,-0.43706352,-0.49623317,0.50343573,-0.10908581,0.85711884,-0.42874742,-0.8927909,0.13820249
1356786075277,0.7579561,-0.45113552,-0.47114685,0.4905467,-0.081872225,0.8675603,-0.42996106,-0.8886922,0.15924746
1356786075307,0.7652654,-0.46480927,-0.44533265,0.47752705,-0.05400513,0.8769557,-0.4316674,-0.8837623,0.18063074
1356786075346,0.7723467,-0.4797912,-0.41627038,0.46353862,-0.022338286,0.88579506,-0.43429548,-0.87709826,0.20514888
1356786075386,0.779519,-0.4939676,-0.38515735,0.44861388,0.011144027,0.8936562,-0.437145,-0.8694089,0.2302877
1356786075427,0.7859043,-0.5059382,-0.35550103,0.43485734,0.043486074,0.8994488,-0.4396061,-0.8614729,0.2541868
1356786075466,0.7911217,-0.51521426,-0.3296675,0.42361045,0.07271461,0.9029213,-0.44122624,-0.85397124,0.27577624
1356786075506,0.795168,-0.5219871,-0.3086055,0.41534132,0.09803568,0.90436745,-0.44181383,-0.84730065,0.29475766
1356786075546,0.7982153,-0.5268654,-0.2920019,0.40979293,0.119664416,0.9042954,-0.44149977,-0.8414827,0.31142372
1356786075586,0.800447,-0.53067285,-0.27869508,0.40630284,0.13852796,0.90317667,-0.4406843,-0.8361796,0.32649818
1356786075626,0.8020012,-0.534231,-0.2671916,0.4040833,0.15581499,0.9013536,-0.4398986,-0.8308543,0.34083766
1356786075666,0.8029751,-0.53817624,-0.25611955,0.40243742,0.17259814,0.89902943,-0.4396305,-0.8249704,0.35517427
1356786075707,0.8034545,-0.5428836,-0.24441403,0.40081286,0.18965998,0.8963136,-0.44023842,-0.8181115,0.36997792
1356786075746,0.8034961,-0.5485406,-0.23129457,0.39882728,0.20756476,0.89322656,-0.44196242,-0.80995065,0.38555044
1356786075786,0.8031233,-0.55505013,-0.21659252,0.3964349,0.22643684,0.88969976,-0.44478348,-0.8004034,0.40189797
1356786075826,0.8024313,-0.5617133,-0.20145032,0.39410138,0.24534154,0.8857153,-0.44809392,-0.79011756,0.41824168
1356786075866,0.80176777,-0.56705,-0.18873985,0.3926382,0.26170135,0.8816732,-0.45055932,-0.7810036,0.4324692
1356786075907,0.80166477,-0.5694473,-0.18183354,0.39245105,0.2719208,0.87865883,-0.45090553,-0.7757506,0.4414695
1356786075946,0.8024203,-0.56833434,-0.18198276,0.39272624,0.27331024,0.87810457,-0.44931924,-0.77607834,0.4425095
1356786075986,0.8039975,-0.5641356,-0.18798675,0.3917222,0.2646327,0.8812055,-0.44737202,-0.78212565,0.43374848
1356786076026,0.8062959,-0.5575351,-0.19758943,0.38787946,0.2461553,0.8882326,-0.44658312,-0.79281914,0.4147304
1356786076066,0.8093302,-0.548825,-0.20922643,0.3807364,0.21896957,0.89838314,-0.4472409,-0.80674875,0.38617635
1356786076107,0.81311285,-0.5382128,-0.22175324,0.370677,0.18500838,0.91014856,-0.4488274,-0.82225233,0.3499358
1356786076147,0.8175559,-0.5260446,-0.2342636,0.35790512,0.14548852,0.9223541,-0.45111668,-0.8379202,0.30721903
1356786076185,0.82261205,-0.5139913,-0.24315086,0.34261024,0.10677351,0.9333904,-0.45379248,-0.85112417,0.26393187
1356786076227,0.827713,-0.5034908,-0.24776624,0.32509372,0.07036014,0.9430607,-0.45738953,-0.8611309,0.22191972
1356786076266,0.8327971,-0.49585062,-0.2461324,0.3046736,0.039327905,0.9516445,-0.46219364,-0.8675168,0.18382478
1356786076307,0.8374822,-0.49189276,-0.23804417,0.28178084,0.015486851,0.95935374,-0.46821263,-0.870518,0.15157592
1356786076346,0.8413051,-0.4916815,-0.22462186,0.25765887,-5.4489076E-4,0.96623576,-0.47520265,-0.87077487,0.1262277
1356786076386,0.8439184,-0.49476063,-0.20739715,0.23365118,-0.009025022,0.97227854,-0.48291695,-0.8689824,0.10798505
1356786076427,0.84525114,-0.5002195,-0.18796517,0.2108159,-0.011068344,0.97746307,-0.49102664,-0.86582786,0.09609872
1356786076466,0.8456322,-0.50644934,-0.16856822,0.19033612,-0.008935556,0.98167825,-0.49867657,-0.8622234,0.08883941
1356786076506,0.84584177,-0.5112172,-0.15234411,0.17373061,-0.0060171187,0.9847749,-0.5043505,-0.8594306,0.08372453
1356786076546,0.8469141,-0.5123018,-0.14241965,0.16248605,-0.0056860372,0.98669446,-0.50629514,-0.8587867,0.0784263
1356786076586,0.84959596,-0.50836104,-0.14055514,0.15766507,-0.0095191,0.9874468,-0.5033174,-0.8610915,0.07206339
1356786076626,0.8537373,-0.5000346,-0.14525166,0.15876643,-0.01569169,0.9871915,-0.49590912,-0.86586326,0.06599212
1356786076667,0.85831463,-0.48996145,-0.15242611,0.16379438,-0.019899093,0.98629373,-0.48627907,-0.8715169,0.063173264
1356786076707,0.86214614,-0.4813814,-0.15803826,0.1705313,-0.018019825,0.9851875,-0.47709876,-0.876326,0.066554874
1356786076747,0.8644725,-0.47613382,-0.16119504,0.17875592,-0.008533716,0.98385644,-0.46982294,-0.87933147,0.07773459
1356786076786,0.86496127,-0.47413087,-0.16444412,0.19074637,0.007525593,0.98161066,-0.4641743,-0.88042235,0.09694806
1356786076826,0.863402,-0.47434765,-0.17184667,0.20987052,0.027936727,0.97732997,-0.45879334,-0.87989426,0.12367222
1356786076866,0.8593807,-0.4761413,-0.18642457,0.23847923,0.050711185,0.96982265,-0.45231885,-0.87790537,0.15713003
1356786076907,0.85216284,-0.4798507,-0.20871463,0.2764653,0.074216306,0.95815384,-0.44428077,-0.87420547,0.19590646
1356786076946,0.8412008,-0.48648286,-0.23604137,0.3209107,0.09782253,0.9420441,-0.4351982,-0.8681964,0.23840597
1356786076986,0.826716,-0.4968557,-0.26396027,0.36739138,0.12142128,0.9221065,-0.4261035,-0.8592969,0.28292143
1356786077027,0.81002486,-0.51087075,-0.28787303,0.41120327,0.14487287,0.8999576,-0.41805702,-0.84736234,0.32742235
1356786077066,0.793511,-0.52747244,-0.30350155,0.4478547,0.1684963,0.8780861,-0.4120273,-0.8326955,0.36993468
1356786077106,0.78005004,-0.5450728,-0.30727446,0.47356296,0.19330727,0.8592848,-0.4089744,-0.81579894,0.40891564
1356786077149,0.772657,-0.56205195,-0.29512507,0.48470667,0.22210367,0.84600794,-0.40995204,-0.796723,0.44404027
1356786077185,0.77057654,-0.57577395,-0.27330607,0.48472372,0.25099987,0.8378795,-0.4138294,-0.7781282,0.4725059
1356786077227,0.7712277,-0.58495116,-0.25107768,0.47905293,0.27360624,0.83405507,-0.41918507,-0.76352584,0.4912353
1356786077267,0.7707895,-0.5897467,-0.24100262,0.47554836,0.28085947,0.8336495,-0.42395425,-0.75717676,0.49693668
1356786077307,0.7676077,-0.5912959,-0.24728031,0.4772224,0.26975554,0.83635557,-0.42782843,-0.7600007,0.4892461
1356786077346,0.76099294,-0.59023434,-0.26928273,0.4840358,0.2401797,0.84144104,-0.43197116,-0.77067316,0.46846962
1356786077386,0.7496808,-0.58622366,-0.3071164,0.4973243,0.1928579,0.8458572,-0.43663168,-0.78685933,0.43612516
1356786077427,0.72938555,-0.57779247,-0.3662685,0.523256,0.12630421,0.8427636,-0.4406812,-0.80635184,0.39445782
1356786077466,0.6927155,-0.5612707,-0.45290214,0.5689894,0.03943655,0.8213987,-0.44316614,-0.82669216,0.34667543
1356786077525,0.6302631,-0.53019816,-0.56714934,0.6365897,-0.06525746,0.7684368,-0.44443446,-0.84535885,0.29638928
1356786077548,0.53495055,-0.4773261,-0.69712824,0.71767,-0.17869443,0.67306626,-0.44584495,-0.86036515,0.24696991
1356786077587,0.41281766,-0.40189773,-0.81734926,0.7926695,-0.28347325,0.53973895,-0.44861645,-0.8707016,0.20154923
1356786077624,0.2906924,-0.3178124,-0.90249276,0.8427602,-0.36156744,0.39877838,-0.4530487,-0.87650687,0.16273475
1356786077668,0.20634097,-0.25003573,-0.9459945,0.86417484,-0.40689313,0.2960403,-0.4589393,-0.87858987,0.1321158
1356786077707,0.19449842,-0.22315037,-0.9551828,0.8634083,-0.42317855,0.2746741,-0.46550655,-0.8781365,0.11036241
1356786077746,0.2692895,-0.24827775,-0.93050593,0.83933914,-0.4132557,0.35317063,-0.47222131,-0.8761152,0.097103834
1356786077786,0.41625732,-0.3162762,-0.8524665,0.7733209,-0.36997116,0.51487476,-0.47823066,-0.8735506,0.09057981
1356786077826,0.57313114,-0.39032024,-0.7205351,0.66213506,-0.29746383,0.6878171,-0.4828021,-0.87130094,0.08795893
1356786077866,0.68530613,-0.4399804,-0.5803212,0.5427839,-0.22268736,0.80981225,-0.48553178,-0.86995834,0.0862053
1356786077907,0.74988604,-0.4643944,-0.47117803,0.44869286,-0.16636011,0.87806547,-0.48615393,-0.8698633,0.08361933
1356786077947,0.7867707,-0.47486508,-0.39432862,0.3818003,-0.12756999,0.9153985,-0.48499528,-0.8707634,0.0809353
1356786077987,0.81093204,-0.4802968,-0.3342218,0.33002305,-0.09624453,0.93905365,-0.48319146,-0.8718096,0.080461234
1356786078026,0.8288214,-0.485079,-0.278843,0.28412968,-0.064429924,0.9566185,-0.48200142,-0.8720935,0.084424436
1356786078066,0.8406718,-0.4897675,-0.23108165,0.24738461,-0.032271445,0.96837974,-0.48173827,-0.8712555,0.094031274
1356786078106,0.8455253,-0.49398243,-0.20265312,0.23048484,-0.0046839863,0.9730646,-0.4816261,-0.8694592,0.10989505
1356786078150,0.8428389,-0.4982225,-0.2034624,0.24247572,0.014046088,0.9700557,-0.48044574,-0.8669354,0.13264546
1356786078188,0.8312917,-0.5037612,-0.23490152,0.284759,0.023039669,0.95832217,-0.47735348,-0.86353564,0.16260323
1356786078228,0.8097086,-0.5120691,-0.28663093,0.3484175,0.026467726,0.9369657,-0.47220474,-0.85853636,0.19984499
1356786078268,0.7793196,-0.5244473,-0.34295186,0.41958082,0.030235052,0.9072143,-0.46541694,-0.8509059,0.2436108
1356786078306,0.74547255,-0.54147506,-0.38868418,0.48468027,0.040064603,0.87377334,-0.457554,-0.8397616,0.29230937
1356786078346,0.7149369,-0.56223965,-0.41563424,0.53582704,0.058693588,0.8422854,-0.4491711,-0.82488894,0.34322536
1356786078386,0.69318014,-0.5842784,-0.42204267,0.57013077,0.086239874,0.81701505,-0.44096732,-0.8069582,0.39289486
1356786078426,0.6839731,-0.6043058,-0.40865058,0.5864087,0.12223104,0.80073994,-0.43394202,-0.7873208,0.4379729
1356786078466,0.6879022,-0.6188631,-0.37920842,0.58545053,0.16431043,0.7938827,-0.42899683,-0.7681215,0.47534323
1356786078506,0.6986561,-0.6260903,-0.34625226,0.5746491,0.2027559,0.7928862,-0.42621362,-0.7529283,0.5014389
1356786078546,0.70620036,-0.6278322,-0.32727313,0.5663307,0.2234967,0.79329616,-0.4249124,-0.74557084,0.5133941
1356786078586,0.70193565,-0.6280628,-0.335892,0.57172984,0.21562389,0.79160047,-0.4247485,-0.7476921,0.5104364
1356786078626,0.67472064,-0.62957346,-0.38521338,0.6027305,0.16876355,0.77989405,-0.42599064,-0.7583905,0.49333137
1356786078667,0.58401227,-0.6289784,-0.5131432,0.689322,0.050439656,0.7226971,-0.42867804,-0.7757848,0.463026
1356786078706,0.2673362,-0.5604674,-0.7838416,0.8612854,-0.2257936,0.45519745,-0.43210974,-0.79680204,0.42235962
1356786078746,-0.46595263,-0.15036196,-0.87194014,0.7700845,-0.5542059,-0.31595218,-0.43572715,-0.81868625,0.37402508
1356786078786,-0.7932902,0.19454771,-0.57692426,0.42137998,-0.5085245,-0.7508939,-0.43946487,-0.8387812,0.32142913
1356786078826,-0.858209,0.31930113,-0.4019006,0.2581374,-0.4082867,-0.8755952,-0.4436692,-0.8551893,0.26797175
1356786078866,-0.87376326,0.3746568,-0.31011286,0.18748724,-0.328871,-0.9255768,-0.44876078,-0.8668772,0.21711212
1356786078906,-0.8772623,0.40656343,-0.2551803,0.15302351,-0.2670045,-0.9514685,-0.4549666,-0.8737361,0.1720193
1356786078946,-0.8765193,0.4284463,-0.21942584,0.13450803,-0.2196827,-0.9662541,-0.46219206,-0.87645495,0.13492668
1356786078986,-0.8736942,0.44453457,-0.1976041,0.12563184,-0.18623835,-0.97443926,-0.4699734,-0.8761873,0.10686773
1356786079026,-0.86947054,0.45608288,-0.18976079,0.12600784,-0.16666359,-0.977929,-0.47764295,-0.8741919,0.08743918
1356786079066,-0.8630929,0.46198493,-0.20406026,0.14330943,-0.16340935,-0.9760942,-0.48428613,-0.8717037,0.07483065
1356786079107,-0.84731483,0.45535123,-0.2733364,0.2075265,-0.18987572,-0.9596249,-0.48886633,-0.86982894,0.06638706
1356786079146,-0.74329543,0.38160834,-0.54944247,0.45498696,-0.3137219,-0.833406,-0.4904068,-0.86945593,0.059561253
1356786079185,0.20986527,-0.17650938,-0.96166575,0.8467195,-0.45900905,0.26902947,-0.48889947,-0.8707211,0.05312386
1356786079227,0.67832595,-0.40934813,-0.61017054,0.5523214,-0.26360023,0.79085785,-0.4845772,-0.87346965,0.047284782
1356786079266,0.75507915,-0.43701875,-0.48874345,0.44777328,-0.2007794,0.87131315,-0.47890982,-0.8767566,0.044081002
1356786079306,0.7834238,-0.44467798,-0.4341759,0.40245435,-0.16935621,0.8996383,-0.4735797,-0.879534,0.046284884
1356786079346,0.79882246,-0.45098642,-0.39811295,0.37605795,-0.1421733,0.9156239,-0.469535,-0.8811345,0.056025803
1356786079386,0.806317,-0.45832804,-0.37388274,0.3634555,-0.11476514,0.92451566,-0.46664008,-0.8813425,0.074044734
1356786079426,0.80718124,-0.46667957,-0.3614811,0.364868,-0.08694416,0.92699075,-0.46403638,-0.88014245,0.10009676
1356786079466,0.80254406,-0.47610983,-0.3595031,0.37901142,-0.0584801,0.92354226,-0.4607314,-0.87743914,0.13351822
1356786079506,0.7940166,-0.4873666,-0.36333376,0.40181258,-0.027729169,0.915302,-0.45616257,-0.872757,0.17381263
1356786079546,0.7834228,-0.50139856,-0.3672167,0.42811134,0.0070582926,0.9036985,-0.4505211,-0.8651877,0.220184
1356786079586,0.772992,-0.51871616,-0.36526275,0.45268184,0.04759665,0.89040095,-0.44448006,-0.8536207,0.2716052
1356786079626,0.7643542,-0.53845584,-0.35472238,0.4725511,0.093494326,0.87633,-0.43870044,-0.837451,0.32591066
1356786079666,0.75835603,-0.5585371,-0.3360541,0.48663697,0.14211483,0.8619674,-0.43368256,-0.81721455,0.37957847
1356786079706,0.755186,-0.5765736,-0.31186044,0.4948945,0.18951388,0.84803534,-0.4298529,-0.7947625,0.4284613
1356786079747,0.7540945,-0.5902332,-0.28803867,0.49898878,0.22973801,0.835602,-0.42702657,-0.773851,0.4677639
1356786079786,0.7538597,-0.5978192,-0.27259445,0.5016711,0.2558053,0.8263714,-0.42428958,-0.75972086,0.49274993
1356786079826,0.7539719,-0.5988806,-0.2699417,0.50403243,0.2638749,0.8223876,-0.4212811,-0.7561165,0.50080943
1356786079866,0.75485253,-0.5937725,-0.2786252,0.5047986,0.25470525,0.8248052,-0.4187793,-0.7632559,0.49200037
1356786079907,0.7572496,-0.5827284,-0.2949587,0.5022613,0.23088159,0.8333231,-0.4175005,-0.77917993,0.4675169
1356786079946,0.7621491,-0.56616265,-0.31398827,0.49505275,0.19712591,0.8462058,-0.41719484,-0.80037576,0.4305197
1356786079986,0.7697419,-0.5450401,-0.33230817,0.48290735,0.15672176,0.86153275,-0.41749,-0.82363194,0.3838392
1356786080026,0.7804543,-0.5216177,-0.34468278,0.46434554,0.114431545,0.8782305,-0.41865793,-0.8454706,0.3315194
1356786080066,0.79393893,-0.49943274,-0.34673893,0.4380027,0.074293375,0.89589846,-0.42168063,-0.8631612,0.27773732
1356786080106,0.80916387,-0.48235348,-0.3355428,0.40293935,0.03988351,0.91435736,-0.42766076,-0.87506837,0.22663146
1356786080149,0.8243379,-0.47338727,-0.3104375,0.35930964,0.0137690455,0.93311685,-0.43745118,-0.8807468,0.18144295
1356786080188,0.83739316,-0.47279423,-0.274296,0.3102578,-0.002013266,0.9506504,-0.45001423,-0.8811706,0.14500219
1356786080228,0.8464261,-0.47916368,-0.23230363,0.2606959,-0.0075217783,0.96539164,-0.464328,-0.8776933,0.11854938
1356786080267,0.8512555,-0.48934436,-0.18948935,0.21516748,-0.003856182,0.9765695,-0.4786095,-0.87208205,0.1020084
1356786080306,0.85275334,-0.50030065,-0.15003677,0.17683497,0.0062508583,0.98422074,-0.49146837,-0.8658292,0.09380108
1356786080346,0.8523599,-0.5100095,-0.11564134,0.14582874,0.01944191,0.9891188,-0.5022117,-0.859949,0.09094554
1356786080387,0.8514754,-0.5171944,-0.086600244,0.1204519,0.03216827,0.9921979,-0.51037335,-0.85526323,0.089687526
1356786080426,0.8514857,-0.52051294,-0.063547984,0.099420205,0.041259527,0.9941898,-0.51486665,-0.85285634,0.0868814
1356786080467,0.853612,-0.518757,-0.047306076,0.082655504,0.04522363,0.9955516,-0.51430994,-0.85372484,0.081481546
1356786080507,0.85806453,-0.5121841,-0.037318945,0.07045972,0.045435645,0.9964793,-0.50868523,-0.85767305,0.07507506
1356786080544,0.86374205,-0.5029477,-0.03151691,0.06281723,0.04540389,0.99699175,-0.5000037,-0.86312354,0.07081103
1356786080587,0.86925626,-0.49356353,-0.028082147,0.05979599,0.048584223,0.9970276,-0.49073213,-0.86835164,0.07174528
1356786080626,0.87373316,-0.48570043,-0.026181817,0.061538473,0.056987017,0.9964766,-0.48249704,-0.8722659,0.07968071
1356786080666,0.8770377,-0.47970963,-0.026144385,0.06863682,0.07125342,0.99509394,-0.47549325,-0.87452936,0.09541768
1356786080706,0.87937176,-0.47526863,-0.028723493,0.0816181,0.09103202,0.99249774,-0.46908826,-0.8751188,0.11884153
1356786080746,0.8808569,-0.47212806,-0.034442395,0.100517064,0.11544466,0.988215,-0.46258783,-0.873938,0.14914715
1356786080786,0.88132226,-0.4705583,-0.042963997,0.12460165,0.14373288,0.98174095,-0.455791,-0.87058353,0.18530732
1356786080826,0.880404,-0.47128287,-0.052737787,0.15231594,0.17570642,0.9725878,-0.44909763,-0.864303,0.22647652
1356786080866,0.8778471,-0.47501594,-0.061191455,0.18121351,0.21115693,0.96050733,-0.4433353,-0.8542673,0.2714428
1356786080907,0.87379026,-0.48188812,-0.06537941,0.208326,0.24944147,0.94571626,-0.4394211,-0.83997786,0.31834936
1356786080946,0.8688323,-0.49102932,-0.06340873,0.2310741,0.28889167,0.92905676,-0.4378758,-0.8218466,0.36446255
1356786080986,0.8639304,-0.50048125,-0.05606012,0.24807009,0.32603747,0.91222847,-0.43827558,-0.80200875,0.40582812
1356786081026,0.8600904,-0.5079775,-0.046940923,0.25910863,0.3557367,0.89794993,-0.4394397,-0.7844809,0.43758705
1356786081066,0.85786706,-0.5123336,-0.039729536,0.26434797,0.3736869,0.88908845,-0.44066346,-0.77322215,0.45600802
1356786081106,0.8571492,-0.51384014,-0.03554648,0.2637357,0.37856883,0.887203,-0.4424237,-0.76984024,0.46000794
1356786081149,0.8575414,-0.5133097,-0.033703163,0.2570186,0.37078166,0.89244735,-0.4456054,-0.77397287,0.4498908
1356786081188,0.8586979,-0.511419,-0.03299351,0.24491997,0.35297647,0.90300715,-0.45016903,-0.78349113,0.42835686
1356786081228,0.8603925,-0.5085476,-0.033227935,0.22821064,0.3261621,0.91735387,-0.45568043,-0.7968674,0.3966834
1356786081268,0.8624524,-0.5049958,-0.033986136,0.20814596,0.2926703,0.9332841,-0.4613579,-0.8119872,0.35752708
1356786081308,0.8646339,-0.5011859,-0.034941986,0.18617477,0.25503248,0.94884,-0.46663392,-0.82690454,0.3138179
1356786081347,0.8666493,-0.49765253,-0.035509452,0.16349466,0.21603662,0.9625994,-0.47136867,-0.84004176,0.26859152
1356786081386,0.8681772,-0.49505115,-0.03453657,0.14061607,0.17866349,0.9738103,-0.47591546,-0.85029626,0.2247237
1356786081426,0.8689043,-0.4940466,-0.03038536,0.11741117,0.1460836,0.98228014,-0.48085332,-0.8570751,0.18493924
1356786081466,0.8685761,-0.49508482,-0.021600068,0.09351818,0.12095201,0.9882434,-0.48665172,-0.86038464,0.15135545
1356786081506,0.867056,-0.49815047,-0.007743627,0.0689168,0.10453078,0.99213094,-0.49342105,-0.8607667,0.12496498
1356786081546,0.86454254,-0.5024685,0.0095697045,0.04470648,0.09586012,0.99439037,-0.5005672,-0.85926497,0.10533875
1356786081586,0.86170256,-0.50669014,0.027088866,0.022789344,0.09197843,0.99550027,-0.50690174,-0.85720783,0.09080517
1356786081627,0.8594919,-0.509457,0.041559994,0.0047492683,0.08926278,0.9959968,-0.51112735,-0.85585374,0.07914018
1356786081666,0.8588929,-0.5096597,0.050496727,-0.008258164,0.08480209,0.9963636,-0.51208866,-0.8561867,0.06862706
1356786081706,0.8605801,-0.5065925,0.052591935,-0.015199289,0.07766953,0.99686325,-0.5090883,-0.85868,0.05914101
1356786081746,0.86433405,-0.5005342,0.048909634,-0.0159792,0.06987026,0.99742806,-0.5026642,-0.8628926,0.05239311
1356786081786,0.8690172,-0.49294177,0.042632475,-0.011919349,0.065282226,0.9977957,-0.49463832,-0.86760974,0.050855823
1356786081826,0.8733594,-0.48568276,0.0368191,-0.004798621,0.067008734,0.9977408,-0.48705274,-0.871563,0.0561921
1356786081866,0.87668186,-0.47998074,0.032363713,0.004668623,0.07575983,0.99711514,-0.48104793,-0.8740016,0.06865811
1356786081907,0.8789178,-0.47614685,0.028066993,0.01731208,0.09065083,0.99573225,-0.47665906,-0.8746808,0.087917715
1356786081946,0.8802654,-0.47398373,0.021730319,0.034705907,0.10999471,0.99332607,-0.47321063,-0.87363636,0.113274574
1356786081986,0.8807812,-0.47337547,0.011841416,0.058170766,0.13298467,0.98940957,-0.4699369,-0.8707645,0.144667
1356786082026,0.8801489,-0.4746956,-0.0014056265,0.087601274,0.15951285,0.9833014,-0.46654463,-0.86557484,0.181979
1356786082066,0.8778835,-0.47863686,-0.015076309,0.12071687,0.19072527,0.9741926,-0.4634091,-0.85704756,0.22521412
1356786082106,0.87387896,-0.48552895,-0.02443789,0.1535576,0.22798687,0.96147907,-0.46125442,-0.843969,0.27378958
1356786082149,0.86873704,-0.4946465,-0.024914697,0.1818201,0.27172622,0.94504297,-0.46069223,-0.82552385,0.32599533
1356786082188,0.8636484,-0.50380754,-0.017010897,0.20322773,0.31710342,0.92636055,-0.46131328,-0.8035069,0.37625355
1356786082228,0.85968614,-0.5107989,-0.004919529,0.21778017,0.35778353,0.90805435,-0.46207303,-0.7817131,0.41882342
1356786082268,0.8574599,-0.5145284,0.0048056096,0.22662576,0.38602293,0.89421874,-0.46195596,-0.7656676,0.44760454
1356786082306,0.85695744,-0.5153072,0.009075895,0.22981307,0.39782354,0.88821304,-0.4613132,-0.75907505,0.45934218
1356786082346,0.85782164,-0.5138852,0.007998869,0.22714746,0.3930434,0.89102244,-0.46102715,-0.7625214,0.45388886
1356786082386,0.859647,-0.5108861,0.0015621632,0.21990803,0.3727867,0.90148234,-0.46113718,-0.774613,0.43281293
1356786082426,0.8620459,-0.506718,-0.010666013,0.21053402,0.338866,0.91697615,-0.46103397,-0.7927211,0.39879942
1356786082466,0.8646585,-0.50159234,-0.027763307,0.20083223,0.2944854,0.9343151,-0.46046945,-0.81343925,0.35536522
1356786082506,0.8672981,-0.49565333,-0.04606192,0.19044472,0.24489513,0.9506614,-0.45991814,-0.83327913,0.30679166
1356786082546,0.8700993,-0.48933074,-0.0590138,0.17619297,0.19698298,0.96444476,-0.46030778,-0.8495605,0.2576114
1356786082586,0.87337226,-0.48360306,-0.057870314,0.1523121,0.15832978,0.9755679,-0.46262503,-0.86084825,0.21193945
1356786082626,0.8767406,-0.47974563,-0.034207225,0.112635925,0.13565773,0.9843323,-0.4675886,-0.86685705,0.17297322
1356786082666,0.8780151,-0.47842002,0.01427424,0.05589062,0.13210028,0.9896594,-0.47535852,-0.8681381,0.14272523
1356786082706,0.87412894,-0.4791339,0.07955679,-0.010594115,0.144952,0.98938197,-0.4855784,-0.8656903,0.121630736
1356786082746,0.8643981,-0.48092234,0.14672963,-0.07407735,0.16682968,0.9831991,-0.49732125,-0.86074483,0.108581804
1356786082786,0.85160184,-0.4831672,0.20328256,-0.124806255,0.18975794,0.97386616,-0.5091146,-0.8547171,0.101295926
1356786082826,0.8394917,-0.48546815,0.24407853,-0.16017926,0.20813143,0.96489584,-0.5192266,-0.84911835,0.09696269
1356786082867,0.83104086,-0.4872852,0.26818702,-0.181255,0.21859214,0.95883477,-0.5258496,-0.8454411,0.093336135
1356786082906,0.8281696,-0.48788702,0.27586484,-0.1891486,0.22003016,0.9569794,-0.5275964,-0.8447206,0.08993912
1356786082946,0.8310128,-0.48661107,0.26949477,-0.18535459,0.21455243,0.9589635,-0.524463,-0.84686303,0.088100225
1356786082986,0.83779544,-0.48339084,0.25383496,-0.17261615,0.20655799,0.96308756,-0.5179793,-0.8506863,0.089612275
1356786083026,0.84620345,-0.4789387,0.23357525,-0.15390931,0.19997838,0.9676366,-0.51014864,-0.85476685,0.095509276
1356786083066,0.854704,-0.4743242,0.21094443,-0.13072672,0.19659272,0.9717313,-0.50238585,-0.8581188,0.10602174
1356786083106,0.86262685,-0.47051227,0.18572322,-0.10271804,0.19657338,0.9750938,-0.49530187,-0.8602192,0.12123936
1356786083149,0.8696447,-0.46822646,0.15646763,-0.06824216,0.19988468,0.9774401,-0.4889388,-0.86070335,0.14187586
1356786083188,0.8750813,-0.46820396,0.12254691,-0.02661495,0.20627102,0.97813284,-0.48324358,-0.8592074,0.16804269
1356786083228,0.8779179,-0.4709693,0.086302504,0.021012217,0.21796528,0.9757303,-0.47834992,-0.8547977,0.20125172
1356786083268,0.8772879,-0.477029,0.053002432,0.0706099,0.23750097,0.96881765,-0.47474223,-0.84618956,0.24203968
1356786083306,0.87355256,-0.48583615,0.029481292,0.1161236,0.26684988,0.95671654,-0.47267455,-0.83231866,0.28952444
1356786083346,0.86834395,-0.49564415,0.017766953,0.15400058,0.30350763,0.94030154,-0.47144738,-0.813769,0.3398785
1356786083405,0.8632532,-0.5046035,0.013010174,0.18460657,0.3395958,0.9222771,-0.46980247,-0.79375684,0.38631028
1356786083427,0.8589496,-0.5119868,0.008670121,0.2090751,0.36611652,0.906778,-0.46743262,-0.77706385,0.4215193
1356786083467,0.8553561,-0.5180391,0.0012001097,0.22740568,0.37755856,0.89762807,-0.46545956,-0.76751876,0.44075206
1356786083504,0.85200244,-0.52341485,-0.011346802,0.24053141,0.37209702,0.89648676,-0.4650123,-0.76653814,0.44292527
1356786083547,0.84788597,-0.52912533,-0.033402935,0.25271806,0.34797025,0.9028014,-0.46607184,-0.7739141,0.42875862
1356786083586,0.8411311,-0.53604734,-0.0717756,0.27155566,0.3038314,0.9132053,-0.4677136,-0.78761643,0.4011287
1356786083626,0.8280217,-0.54392433,-0.13611163,0.3068756,0.23646183,0.9219074,-0.46926266,-0.8051287,0.36271262
1356786083666,0.8015146,-0.5493078,-0.23629479,0.36884797,0.1431313,0.91840327,-0.47066492,-0.82327044,0.31733292
1356786083706,0.75032735,-0.5432089,-0.37674004,0.46245724,0.024086803,0.88631445,-0.4723794,-0.83925205,0.26928386
1356786083746,0.66655123,-0.5133468,-0.54054093,0.5745394,-0.10825673,0.8112859,-0.47498822,-0.8513257,0.22277933
1356786083786,0.5714462,-0.46191213,-0.6782967,0.6664519,-0.22107497,0.7120167,-0.47884357,-0.8589313,0.18150976
1356786083826,0.52294385,-0.4208036,-0.74125165,0.70162684,-0.2812868,0.65467364,-0.48399335,-0.8624396,0.14814991
1356786083866,0.5609579,-0.42122367,-0.71266884,0.66704696,-0.2798545,0.69045615,-0.4902801,-0.86270046,0.1239894
1356786083907,0.658067,-0.4559652,-0.59920245,0.5653001,-0.22648978,0.7931823,-0.49737674,-0.86069626,0.10871172
1356786083946,0.7474153,-0.49193606,-0.4465079,0.43225858,-0.15028498,0.88913834,-0.50450265,-0.8575624,0.10031828
1356786083986,0.7985082,-0.5125952,-0.31564355,0.31879446,-0.08470142,0.9440317,-0.5106415,-0.8544425,0.09577769
1356786084026,0.8214297,-0.52065897,-0.23273917,0.24626704,-0.04426101,0.9681908,-0.5143985,-0.85261667,0.09186384
1356786084066,0.83053136,-0.52084875,-0.19731751,0.21374029,-0.02909492,0.97645706,-0.5143274,-0.85315293,0.08716214
1356786084107,0.8334398,-0.51580983,-0.19828841,0.21260346,-0.03191042,0.97661734,-0.5100763,-0.85610855,0.08306754
1356786084146,0.8325714,-0.5080144,-0.22078557,0.23191316,-0.042280123,0.9718172,-0.50303197,-0.86031026,0.082614005
1356786084187,0.82805526,-0.50106955,-0.25150305,0.26105726,-0.05239597,0.9639002,-0.49615884,-0.86381936,0.08742109
1356786084226,0.8192319,-0.49697638,-0.28613555,0.2964453,-0.060112253,0.9531561,-0.49089634,-0.8656795,0.098080456
1356786084266,0.8032088,-0.495532,-0.33061093,0.34283647,-0.06933527,0.9368328,-0.48715365,-0.8658179,0.114195764
1356786084306,0.77583385,-0.49532622,-0.39081162,0.40497088,-0.08404128,0.9104591,-0.48381853,-0.8646323,0.13539061
1356786084346,0.73285466,-0.4951651,-0.46662143,0.4824732,-0.10535598,0.8695514,-0.4797329,-0.8623872,0.16169327
1356786084386,0.6730797,-0.4955763,-0.54896975,0.5673224,-0.13021871,0.81313485,-0.47445655,-0.8587474,0.19350395
1356786084426,0.6022989,-0.4998177,-0.6224294,0.64630526,-0.15232468,0.747721,-0.46853554,-0.8526309,0.2312898
1356786084466,0.53230214,-0.512413,-0.67386,0.7086284,-0.16578165,0.6858296,-0.46314162,-0.8425849,0.2748645
1356786084506,0.47320974,-0.53510046,-0.6998143,0.75169635,-0.16897428,0.6374953,-0.45937467,-0.8277168,0.3222728
1356786084546,0.42651552,-0.5636512,-0.70737684,0.7802187,-0.16634506,0.6029827,-0.45754054,-0.8090901,0.36882243
1356786084586,0.38492805,-0.5891629,-0.7104347,0.80182594,-0.16772157,0.57353705,-0.4570619,-0.79041547,0.40784535
1356786084626,0.33746552,-0.6025274,-0.7232412,0.8227372,-0.1845423,0.5376315,-0.4574063,-0.77646947,0.43344507
1356786084666,0.2745027,-0.5967935,-0.75398004,0.8451056,-0.22434092,0.48525023,-0.45874265,-0.7703953,0.44277126
1356786084706,0.18803966,-0.56510544,-0.8033037,0.86718583,-0.2884686,0.40592432,-0.46111798,-0.7729435,0.43580794
1356786084747,0.070935726,-0.4978621,-0.8643503,0.8830651,-0.3716191,0.2865226,-0.4638579,-0.78360224,0.4132836
1356786084786,-0.06593531,-0.39598107,-0.9158885,0.8824022,-0.45167178,0.1317541,-0.46585304,-0.7994947,0.37919557
1356786084826,-0.2054041,-0.26879382,-0.94104147,0.8603122,-0.5079771,-0.042687327,-0.46655342,-0.8183576,0.33558708
1356786084866,-0.3215924,-0.14133304,-0.9362709,0.8241775,-0.5285839,-0.2032989,-0.4661649,-0.8370328,0.28647214
1356786084906,-0.40286702,-0.033663005,-0.9146392,0.7879653,-0.5211508,-0.3278908,-0.46562725,-0.8528004,0.23647982
1356786084946,-0.45156145,0.04759887,-0.8909695,0.7606834,-0.5013559,-0.41231412,-0.46631852,-0.8639309,0.19018534
1356786084986,-0.4742406,0.1036396,-0.8742737,0.74476475,-0.4823376,-0.46116787,-0.46949035,-0.8698328,0.15155703
1356786085026,-0.47674364,0.13779113,-0.8681757,0.73915875,-0.47171098,-0.48076308,-0.47577292,-0.8709204,0.12303567
1356786085066,-0.46281296,0.15295291,-0.8731607,0.74213433,-0.4718511,-0.47601813,-0.4848102,-0.8683099,0.10486716
1356786085106,-0.43541574,0.15222609,-0.8872657,0.75173837,-0.48076558,-0.45139104,-0.4952803,-0.8635344,0.09489873
1356786085149,-0.39773673,0.1395641,-0.9068226,0.7658732,-0.49373436,-0.41190362,-0.5052164,-0.8583404,0.08948794
1356786085188,-0.35244787,0.118802845,-0.92825985,0.78338534,-0.50516814,-0.36209464,-0.51194525,-0.85480464,0.08497709
1356786085228,-0.30311108,0.09315559,-0.9483911,0.8029301,-0.5110439,-0.3068182,-0.5132513,-0.8544918,0.08010563
1356786085268,-0.24743778,0.060633004,-0.9670047,0.82469916,-0.5106859,-0.24304551,-0.5085723,-0.8576266,0.07635906
1356786085306,-0.18483943,0.019887984,-0.98256755,0.8464133,-0.50484955,-0.16944483,-0.49941865,-0.86297834,0.076482594
1356786085346,-0.11935061,-0.027289242,-0.99247706,0.86439455,-0.4946307,-0.09034762,-0.48844406,-0.86867476,0.082623065
1356786085386,-0.059984684,-0.075953275,-0.9953054,0.8764515,-0.48122084,-0.016098887,-0.47773898,-0.8733027,0.09543529
1356786085426,-0.016777813,-0.12073156,-0.99254346,0.88348794,-0.4665835,0.041820258,-0.46815336,-0.87619853,0.11449309
1356786085466,0.0034409165,-0.1584503,-0.98736095,0.8880903,-0.45336765,0.075850755,-0.45965603,-0.8771267,0.13915822
1356786085506,-0.0015697479,-0.18866915,-0.98203945,0.8920823,-0.44401962,0.083878964,-0.4518702,-0.8759283,0.16900545
1356786085546,-0.030361772,-0.21267894,-0.9766503,0.8952663,-0.4403038,0.068050444,-0.44449574,-0.8722959,0.2037727
1356786085586,-0.078975916,-0.23231986,-0.9694278,0.89561045,-0.4435879,0.033341974,-0.43777242,-0.8655964,0.24310088
1356786085626,-0.14161372,-0.24901482,-0.9580903,0.89037156,-0.45503896,-0.01333636,-0.43264756,-0.85494506,0.28615552
1356786085666,-0.21148634,-0.2627101,-0.9414122,0.87762356,-0.4749763,-0.06460965,-0.43017492,-0.83986956,0.33101156
1356786085706,-0.28164786,-0.27147055,-0.9203142,0.8575585,-0.50147665,-0.11451894,-0.43042758,-0.82147723,0.37404174
1356786085746,-0.34605783,-0.27210656,-0.8978875,0.83276033,-0.5298977,-0.16037041,-0.43215078,-0.8032225,0.40997487
1356786085786,-0.40057027,-0.26199755,-0.8780095,0.80700374,-0.5546841,-0.20265824,-0.433922,-0.78973585,0.43362302
1356786085826,-0.4432181,-0.24080813,-0.8634634,0.78352964,-0.5720108,-0.24266192,-0.43547547,-0.78410137,0.44220594
1356786085866,-0.47391123,-0.21001804,-0.8551612,0.76430005,-0.5804099,-0.2810158,-0.4373256,-0.78677624,0.43557948
1356786085907,-0.49351996,-0.17169839,-0.8526182,0.7504024,-0.57966554,-0.31762272,-0.4396981,-0.7965599,0.41491932
1356786085946,-0.5030527,-0.1288828,-0.85459185,0.74256754,-0.5703762,-0.35109028,-0.44218934,-0.8112091,0.38263342
1356786085986,-0.5036398,-0.08421326,-0.8597995,0.7408614,-0.5540289,-0.3797056,-0.44437754,-0.8282271,0.34142134
1356786086026,-0.4960544,-0.040829092,-0.86733097,0.74478114,-0.53349817,-0.40085012,-0.44635314,-0.8448152,0.2950529
1356786086066,-0.48113704,-0.0013821721,-0.87664425,0.7530285,-0.5126455,-0.41248357,-0.4488376,-0.8585993,0.24769354
1356786086106,-0.45966613,0.031979024,-0.8875159,0.7639535,-0.4953556,-0.4135189,-0.4528599,-0.8681015,0.2032677
1356786086149,-0.43226916,0.057768464,-0.8998923,0.7759138,-0.48464572,-0.40382707,-0.45945746,-0.8728008,0.1646741
1356786086188,-0.39857185,0.07323414,-0.91420853,0.7885913,-0.4815675,-0.3823827,-0.4682566,-0.8733439,0.13418743
1356786086228,-0.35987955,0.07764125,-0.92976266,0.8007817,-0.48568422,-0.3505132,-0.47878534,-0.8706794,0.112614125
1356786086266,-0.31520092,0.0692808,-0.94649273,0.8129024,-0.49495083,-0.30694184,-0.48973256,-0.86615455,0.0996905
1356786086306,-0.26481938,0.04854384,-0.96307534,0.8245816,-0.50638825,-0.2522619,-0.4999358,-0.8609381,0.09407312
1356786086365,-0.20977306,0.01806283,-0.9775832,0.83504,-0.51680505,-0.18873468,-0.508629,-0.85591257,0.093328595
1356786086386,-0.15196466,-0.017273158,-0.988235,0.8434073,-0.5235778,-0.12054244,-0.5153358,-0.8518027,0.094133615
1356786086427,-0.09403372,-0.05164504,-0.9942286,0.8491939,-0.5254125,-0.053023905,-0.51964164,-0.8492788,0.093263105
1356786086464,-0.038451612,-0.08093074,-0.9959778,0.852757,-0.52222145,0.009512156,-0.5208908,-0.84896123,0.089094445
1356786086507,0.012440383,-0.103563905,-0.994545,0.855209,-0.5142852,0.064251006,-0.5181339,-0.85134315,0.08217092
1356786086546,0.05714208,-0.12095931,-0.9910114,0.8575188,-0.502387,0.110764414,-0.5112692,-0.85614026,0.07501747
1356786086586,0.0938285,-0.13518965,-0.986367,0.8602173,-0.4877705,0.14868143,-0.50122094,-0.8624406,0.070525676
1356786086627,0.12082708,-0.14846557,-0.98150843,0.8633421,-0.47228807,0.17771998,-0.48994,-0.86885095,0.071111396
1356786086666,0.13628495,-0.16216901,-0.97730637,0.8670502,-0.45768136,0.19685501,-0.47921863,-0.87420195,0.078233555
1356786086706,0.13838536,-0.1770013,-0.9744332,0.8717198,-0.44521344,0.20466933,-0.47005752,-0.8777559,0.09268457
1356786086746,0.12539363,-0.1930098,-0.97315145,0.87761396,-0.43586826,0.19953114,-0.46267727,-0.8790712,0.11473295
1356786086786,0.09659219,-0.2106283,-0.97278243,0.8843317,-0.4303491,0.18098933,-0.4567575,-0.8777445,0.14469692
1356786086827,0.051936507,-0.23016208,-0.9717654,0.89057,-0.4296261,0.14935368,-0.4518713,-0.873182,0.18266214
1356786086866,-0.0066075325,-0.25226814,-0.96763486,0.89403623,-0.43495739,0.10729098,-0.447946,-0.8643916,0.22841081
1356786086906,-0.07570809,-0.27604792,-0.9581574,0.8921548,-0.44791865,0.058553666,-0.44534025,-0.85039186,0.28018862
1356786086946,-0.1505431,-0.29812488,-0.94258076,0.8831252,-0.4690804,0.0073162913,-0.4443273,-0.83131534,0.33389837
1356786086986,-0.22545993,-0.31311,-0.922567,0.8669423,-0.49651945,-0.043352485,-0.4444984,-0.80958664,0.38339353
1356786087026,-0.29522628,-0.31544414,-0.9018517,0.8453958,-0.5260251,-0.09275529,-0.44513756,-0.7898054,0.42197156
1356786087066,-0.35623688,-0.3016045,-0.8843812,0.8210046,-0.552946,-0.14213452,-0.44614658,-0.77671456,0.44459838
1356786087106,-0.40644217,-0.27179122,-0.87231547,0.79633737,-0.57344615,-0.19237012,-0.44794148,-0.77284473,0.44951022
1356786087148,-0.44480687,-0.22892284,-0.86587596,0.7740128,-0.5846672,-0.24304003,-0.45061183,-0.778305,0.43725318
1356786087188,-0.46998805,-0.18007356,-0.86410916,0.75720906,-0.5853303,-0.28986695,-0.4535919,-0.79054534,0.41145158
1356786087228,-0.4822011,-0.12931663,-0.86646366,0.7476919,-0.57618076,-0.33010978,-0.456551,-0.80702716,0.37452403
1356786087266,-0.48020232,-0.08225173,-0.87329286,0.74712247,-0.5599872,-0.3580815,-0.45958,-0.8244083,0.33035925
1356786087306,-0.46334004,-0.042813182,-0.8851458,0.755508,-0.5411291,-0.3693061,-0.46316695,-0.839849,0.28307247
1356786087346,-0.4304378,-0.0143099725,-0.9025068,0.77190435,-0.524099,-0.35983878,-0.46785358,-0.85153717,0.23663792
1356786087386,-0.37962103,-1.1754036E-4,-0.925142,0.7945839,-0.512222,-0.32598302,-0.47383982,-0.858853,0.19454369
1356786087426,-0.30856383,-0.003943652,-0.9511954,0.82077324,-0.5065108,-0.26415542,-0.48074907,-0.8622246,0.15952781
1356786087466,-0.21514553,-0.02922362,-0.9761447,0.84597135,-0.5049515,-0.1713377,-0.4878986,-0.8626529,0.13336036
1356786087506,-0.09914762,-0.077106774,-0.99208075,0.86331713,-0.502447,-0.04722777,-0.4948265,-0.8611629,0.11638409
1356786087546,0.035313547,-0.14397013,-0.9889518,0.8646014,-0.4918962,0.102482826,-0.50121605,-0.8586681,0.107106104
1356786087586,0.17809641,-0.22039044,-0.959015,0.84373283,-0.46730828,0.26407936,-0.50635624,-0.856184,0.102724686
1356786087626,0.31596667,-0.2940765,-0.9020444,0.80073565,-0.4273156,0.41979003,-0.50890803,-0.85493875,0.100460105
1356786087666,0.43669724,-0.354823,-0.8266777,0.74274874,-0.37625498,0.5538558,-0.5075625,-0.8558812,0.09923491
1356786087706,0.5339376,-0.39898807,-0.74546576,0.6802828,-0.32086596,0.65898436,-0.50212145,-0.85898405,0.100102305
1356786087746,0.60692334,-0.42871237,-0.6692158,0.6226872,-0.2667377,0.735603,-0.49386716,-0.8631667,0.10506436
1356786087786,0.6579013,-0.44832394,-0.605121,0.5763878,-0.21739736,0.7877279,-0.48470905,-0.86703163,0.11538249
1356786087826,0.6899409,-0.46161115,-0.557581,0.5454601,-0.17484757,0.81969595,-0.47587258,-0.86968005,0.131156
1356786087867,0.7057668,-0.4710748,-0.529133,0.5323159,-0.14022508,0.8348513,-0.46747512,-0.87087625,0.15179437
1356786087907,0.70710945,-0.47832367,-0.52077127,0.53801614,-0.11395979,0.8351957,-0.45884085,-0.8707581,0.17676377
1356786087946,0.69400084,-0.4842284,-0.53280926,0.56253123,-0.09719071,0.8210436,-0.44935673,-0.86952674,0.20494315
1356786087986,0.6664605,-0.48999152,-0.56190634,0.6026916,-0.08955994,0.7929325,-0.4388545,-0.8671144,0.23562557
1356786088026,0.62410367,-0.49677935,-0.6030796,0.6536654,-0.090872645,0.7513081,-0.42803773,-0.86310637,0.26801345
1356786088066,0.5700538,-0.506135,-0.64719856,0.7071285,-0.09884629,0.70014185,-0.4183395,-0.85677105,0.30155483
