1356786351288,-0.2532793,-0.80264103,-0.54001564,0.1985164,0.50321436,-0.8410508,0.94680554,-0.3202228,0.031883597
1356786351327,-0.16950506,-0.41189206,0.8953284,-0.2735622,-0.8531096,-0.44426078,0.9468008,-0.32023245,0.03192836
1356786351367,-0.16982317,-0.4120683,0.895187,-0.2734884,-0.8529937,-0.44452873,0.94676507,-0.32031456,0.032162204
1356786351407,-0.17068988,-0.4126248,0.8947657,-0.2733617,-0.85261405,-0.44533423,0.9466458,-0.32060876,0.032736823
1356786351448,-0.17216837,-0.41346455,0.8940945,-0.27328968,-0.8519698,-0.44660953,0.9463988,-0.32123885,0.033686727
1356786351486,-0.17402321,-0.41406697,0.8934565,-0.27338314,-0.8513212,-0.44778788,0.9460326,-0.3221814,0.034950674
1356786351527,-0.17596102,-0.4141128,0.89305556,-0.27363068,-0.85088193,-0.4484709,0.9456024,-0.3232808,0.03640808
1356786351568,-0.17794341,-0.41399774,0.8927161,-0.2738385,-0.8505273,-0.4490164,0.9451712,-0.32435954,0.03797728
1356786351606,-0.18022269,-0.4146266,0.89196664,-0.2737003,-0.849863,-0.45035636,0.9447792,-0.32529598,0.0396813
1356786351647,-0.18304819,-0.41690132,0.8903294,-0.2729995,-0.8484572,-0.45342204,0.94443876,-0.32605758,0.04149477
1356786351687,-0.18637967,-0.4212635,0.8875808,-0.27181092,-0.84603965,-0.45862377,0.94413,-0.32673228,0.04318057
1356786351728,-0.18996388,-0.42758796,0.88378865,-0.27046826,-0.84255636,-0.46577442,0.9438012,-0.3275171,0.04440625
1356786351766,-0.19353324,-0.4352198,0.8792772,-0.2693335,-0.8382203,-0.47417933,0.9434004,-0.3285883,0.045004353
1356786351806,-0.19692457,-0.4433233,0.8744627,-0.26851797,-0.8334361,-0.4829931,0.94293094,-0.32992223,0.045083806
1356786351848,-0.19999397,-0.45100814,0.8698242,-0.26790613,-0.8287569,-0.49131277,0.94245887,-0.3312908,0.044918552
1356786351893,-0.20284629,-0.45795488,0.86552334,-0.26712376,-0.8244955,-0.49885058,0.9420712,-0.33239186,0.04491529
1356786351916,-0.20584524,-0.46470374,0.8612074,-0.26579922,-0.82041866,-0.5062254,0.9417954,-0.33311233,0.045361325
1356786351956,-0.21009433,-0.47181678,0.85629976,-0.2629655,-0.8163014,-0.5142968,0.94165254,-0.33322814,0.047428697
1356786351996,-0.21716702,-0.48235214,0.84863126,-0.25739664,-0.8103129,-0.5264409,0.94158673,-0.33276042,0.051817372
1356786352037,-0.22786814,-0.4975374,0.8369783,-0.24820134,-0.8015158,-0.54402995,0.94152653,-0.33170623,0.059150398
1356786352076,-0.24241477,-0.51776284,0.8204612,-0.23463559,-0.789292,-0.5674189,0.941372,-0.33006015,0.06985049
1356786352116,-0.26037842,-0.5421505,0.7989217,-0.2163932,-0.77364504,-0.5955228,0.9409448,-0.3279425,0.08412273
1356786352156,-0.28082132,-0.5688533,0.7730105,-0.19388388,-0.75519127,-0.626175,0.9399725,-0.32571757,0.10178238
1356786352215,-0.30263448,-0.59559464,0.7440964,-0.16828698,-0.73504883,-0.65679735,0.93813217,-0.32399124,0.12222023
1356786352238,-0.32444113,-0.6202372,0.71417344,-0.14166713,-0.714638,-0.68499845,0.93523705,-0.32341665,0.1439908
1356786352278,-0.3453632,-0.6407944,0.68564343,-0.11617729,-0.69578505,-0.708792,0.93125033,-0.3244468,0.16585274
1356786352308,-0.36318278,-0.65572065,0.66191304,-0.09449607,-0.68083566,-0.72631496,0.9269136,-0.32633322,0.18530469
1356786352338,-0.37884617,-0.6653637,0.64324695,-0.07683146,-0.670045,-0.7383337,0.9222649,-0.3291365,0.20272312
1356786352368,-0.39297128,-0.66990596,0.62992036,-0.06329888,-0.66369873,-0.745317,0.9173696,-0.3327614,0.21841016
1356786352397,-0.40607095,-0.6697646,0.62170863,-0.0537408,-0.661645,-0.74788886,0.91225994,-0.33710712,0.23268119
1356786352426,-0.418827,-0.6703714,0.6125245,-0.044696182,-0.6585008,-0.7512517,0.9069654,-0.34202197,0.24583477
1356786352466,-0.4330203,-0.6708538,0.60203713,-0.03557843,-0.654662,-0.75508404,0.9006818,-0.34838626,0.25961393
1356786352506,-0.44572145,-0.6338693,0.63209355,-0.051069915,-0.6869583,-0.7249001,0.89371383,-0.35538444,0.27382034
1356786352547,-0.45864046,-0.6004133,0.65509754,-0.064252794,-0.71286964,-0.698347,0.886296,-0.36238205,0.28837264
1356786352586,-0.4715432,-0.5714431,0.67163974,-0.074592665,-0.7330554,-0.6760664,0.87868255,-0.36889386,0.30304176
1356786352627,-0.4839021,-0.54647255,0.6835251,-0.08260581,-0.7490518,-0.65734136,0.87121475,-0.374552,0.31732595
1356786352666,-0.4948256,-0.5239674,0.69325745,-0.08958647,-0.7627623,-0.64044356,0.8643621,-0.37901437,0.33049393
1356786352707,-0.50298864,-0.50187695,0.70364904,-0.09723213,-0.7761061,-0.62306124,0.8588064,-0.38181,0.3415739
1356786352747,-0.50669086,-0.47817403,0.717366,-0.107298255,-0.7906416,-0.6028043,0.85542476,-0.38240752,0.34930357
1356786352786,-0.50406134,-0.45106092,0.73652303,-0.12154582,-0.8072499,-0.5775589,0.8550724,-0.38064638,0.3520789
1356786352827,-0.49322397,-0.41858357,0.7625732,-0.14180048,-0.8262075,-0.54522806,0.85826725,-0.37705284,0.34815007
1356786352866,-0.4724307,-0.37810326,0.7961452,-0.1696611,-0.84739864,-0.5031209,0.864884,-0.37276465,0.33618772
1356786352906,-0.4402672,-0.3266785,0.8363289,-0.20546971,-0.8700871,-0.44802988,0.87404066,-0.36909312,0.3159482
1356786352946,-0.3958376,-0.26186568,0.8801926,-0.24745502,-0.8926108,-0.3768449,0.88435215,-0.36697742,0.28852886
1356786352987,-0.33934945,-0.18272944,0.92274153,-0.2915682,-0.91220534,-0.2878707,0.8943322,-0.3667308,0.25627822
1356786353027,-0.27227843,-0.09068926,0.9579353,-0.33250314,-0.925352,-0.18211348,0.9029431,-0.36810207,0.22179893
1356786353066,-0.19778186,0.010351032,0.98019147,-0.36538297,-0.9286602,-0.06391965,0.9096031,-0.37078738,0.1874541
1356786353107,-0.12036872,0.11460662,0.9860916,-0.38716632,-0.9200767,0.059674144,0.914119,-0.37459856,0.15512028
1356786353147,-0.044744134,0.21598181,0.97537154,-0.39747414,-0.8995915,0.1809677,0.9165217,-0.37958777,0.12609869
1356786353215,0.025210738,0.309754,0.9504824,-0.39820945,-0.86898565,0.29375708,0.916948,-0.38589692,0.10143921
1356786353229,0.0870983,0.39293778,0.915431,-0.39246988,-0.8310702,0.3940683,0.91563165,-0.39360178,0.081831396
1356786353268,0.13995081,0.46480292,0.87428373,-0.38274592,-0.78894377,0.4807009,0.91319185,-0.40190303,0.067488045
1356786353298,0.18335003,0.52411497,0.83167684,-0.3705158,-0.7467826,0.5522987,0.91054976,-0.40941334,0.05727026
1356786353326,0.2162782,0.5688801,0.7934729,-0.3588404,-0.7095082,0.6064913,0.9079963,-0.41590098,0.050686
1356786353368,0.24021012,0.6034895,0.7603285,-0.34959328,-0.67692226,0.647735,0.90558463,-0.4213982,0.048372388
1356786353407,0.2594424,0.63428235,0.72826886,-0.34145492,-0.64513946,0.6835229,0.90338147,-0.42600578,0.049202353
1356786353448,0.2754833,0.6604135,0.69854355,-0.33447304,-0.615409,0.71372235,0.9012418,-0.43026257,0.05135554
1356786353486,0.28962177,0.6813441,0.6722272,-0.3279373,-0.589181,0.73845977,0.8992087,-0.43432242,0.05279851
1356786353526,0.3015427,0.69706845,0.6505133,-0.3207401,-0.5683466,0.7576991,0.8978852,-0.4371243,0.052197035
1356786353567,0.30912262,0.7077479,0.635245,-0.31255835,-0.55524856,0.7707181,0.89819294,-0.4367975,0.049572583
1356786353606,0.31027162,0.71398467,0.6276603,-0.30393344,-0.5510892,0.77712613,0.900753,-0.4318871,0.046016514
1356786353647,0.30453855,0.7165539,0.6275402,-0.29596242,-0.5550366,0.77739346,0.9053522,-0.42247462,0.043043017
1356786353687,0.29314965,0.7160264,0.6335373,-0.28976098,-0.5649431,0.7725788,0.9110993,-0.41005558,0.04186362
1356786353727,0.27811968,0.7126392,0.64404565,-0.28621563,-0.5785582,0.76377416,0.91691333,-0.39675653,0.04306006
1356786353767,0.2610656,0.70637226,0.6579384,-0.28602615,-0.59436446,0.7516116,0.9219728,-0.38440752,0.046872795
1356786353806,0.2422179,0.6970457,0.67487615,-0.28993893,-0.6118004,0.73595905,0.9258866,-0.37393534,0.053911652
1356786353847,0.2206226,0.6843367,0.6949884,-0.29868037,-0.63091254,0.7160583,0.9285019,-0.3655581,0.06520432
1356786353906,0.19493943,0.66796947,0.7182029,-0.3127364,-0.65169924,0.6910023,0.9296207,-0.35931176,0.08185646
1356786353927,0.1644435,0.64772624,0.7439146,-0.33195132,-0.6738513,0.66010046,0.9288523,-0.35549268,0.104203165
1356786353966,0.12879276,0.6235887,0.7710704,-0.35599658,-0.6966435,0.62285984,0.9255695,-0.35471824,0.13227281
1356786354004,0.08793026,0.5955233,0.7985114,-0.383833,-0.71946025,0.5788344,0.9192065,-0.35739204,0.16531911
1356786354047,0.04144144,0.5636831,0.8249509,-0.41409183,-0.74172133,0.52761483,0.9092912,-0.3634705,0.20267859
1356786354087,-0.010305166,0.52860683,0.84880424,-0.44394714,-0.7630227,0.46979505,0.8959937,-0.37198293,0.24253649
1356786354126,-0.06595415,0.49172407,0.8682498,-0.47096962,-0.78246015,0.4073622,0.8796805,-0.38205203,0.28319347
1356786354167,-0.12147629,0.45588177,0.8817116,-0.49307466,-0.7986544,0.34500518,0.8614644,-0.3928397,0.32180128
1356786354215,-0.17016673,0.4255902,0.8887724,-0.5091406,-0.81018466,0.29047686,0.8436938,-0.40308058,0.3545516
1356786354248,-0.20390046,0.40618318,0.89075243,-0.51884854,-0.81641084,0.25351474,0.8301933,-0.41047385,0.37721398
1356786354288,-0.21688789,0.40124127,0.8899243,-0.52296317,-0.81753135,0.2411474,0.8242992,-0.41309565,0.387147
1356786354328,-0.20747334,0.4110341,0.8876968,-0.5224823,-0.81372947,0.2546696,0.82702297,-0.41096872,0.3835852
1356786354368,-0.17763823,0.4327609,0.8838342,-0.5174221,-0.80502814,0.29017973,0.8370897,-0.40576828,0.3669237
1356786354398,-0.14049405,0.45833382,0.8776056,-0.5093605,-0.7935565,0.33289632,0.8490073,-0.40024766,0.3449471
1356786354438,-0.09132761,0.48596862,0.8691914,-0.49365243,-0.78013706,0.38430896,0.8648505,-0.3939804,0.31114772
1356786354476,-0.03717065,0.51356155,0.85724723,-0.4706174,-0.7657516,0.43834195,0.881554,-0.38714203,0.2701545
1356786354516,0.014757633,0.5373397,0.84323674,-0.44215646,-0.7528864,0.48750356,0.89681655,-0.38003698,0.22647738
1356786354557,0.06113887,0.5565553,0.8285579,-0.41191173,-0.7420579,0.5288466,0.9091703,-0.37362581,0.18388307
1356786354596,0.101337194,0.57208526,0.8139098,-0.38371116,-0.7323439,0.5625284,0.91787606,-0.36931136,0.14530182
1356786354636,0.13589394,0.5852314,0.79939795,-0.3602965,-0.7224408,0.5901405,0.9228864,-0.3682168,0.11268145
1356786354676,0.16564661,0.5970532,0.78491324,-0.34286612,-0.71139157,0.6134859,0.9246643,-0.37074202,0.08686966
1356786354717,0.19130951,0.6081325,0.7704386,-0.33133176,-0.69885004,0.63389903,0.92391557,-0.37654167,0.067796886
1356786354756,0.21319759,0.6185659,0.7562559,-0.32494968,-0.6850909,0.6519649,0.92138726,-0.3847425,0.054943055
1356786354796,0.2310937,0.6282054,0.74293584,-0.32282597,-0.67083496,0.6676555,0.91781217,-0.39412993,0.04777527
1356786354837,0.244771,0.6368858,0.73107016,-0.3240006,-0.656934,0.68077993,0.913844,-0.40350235,0.04555297
1356786354877,0.25476122,0.6444385,0.72096854,-0.32719934,-0.6441448,0.6913885,0.9099656,-0.4120394,0.046756744
1356786354918,0.26197284,0.650718,0.7126965,-0.33036596,-0.6334032,0.6997561,0.90676814,-0.41876775,0.049040705
1356786354956,0.26621026,0.65570277,0.706531,-0.33178192,-0.6258608,0.7058464,0.9050154,-0.42231777,0.05093971
1356786354996,0.26652837,0.6595678,0.7028037,-0.3310547,-0.62216955,0.70944196,0.905188,-0.42175287,0.05252713
1356786355036,0.26258576,0.6623004,0.70171714,-0.32918108,-0.6221207,0.7103561,0.9070219,-0.4175214,0.054656684
1356786355076,0.2551285,0.66353625,0.70329875,-0.3274207,-0.6251099,0.70854306,0.90978307,-0.41104412,0.05777216
1356786355116,0.24494171,0.6627945,0.70760655,-0.3265546,-0.6307967,0.7038875,0.91288865,-0.40348357,0.06193018
1356786355156,0.23182005,0.65978515,0.7148028,-0.32718343,-0.6391233,0.6960405,0.91608435,-0.3952278,0.06770915
1356786355213,0.21465951,0.6545392,0.7249136,-0.33003208,-0.649947,0.68457854,0.9192389,-0.38619602,0.07650161
1356786355238,0.19248283,0.6471775,0.73763925,-0.33584195,-0.6628566,0.669202,0.9220415,-0.37654012,0.08976087
1356786355278,0.1649769,0.6379185,0.75222516,-0.34538049,-0.6770199,0.6498896,0.9238479,-0.36702064,0.10863194
1356786355318,0.13234282,0.62690836,0.7677703,-0.35975593,-0.6913842,0.6265489,0.9236131,-0.35912916,0.13403428
1356786355356,0.09508777,0.61444175,0.7832111,-0.38035354,-0.70465595,0.59899175,0.9199399,-0.35485387,0.16670099
1356786355396,0.054216444,0.6011102,0.79732484,-0.4078603,-0.71551937,0.56716996,0.91143316,-0.3559471,0.2063762
1356786355436,0.01148957,0.5877774,0.8089411,-0.44110656,-0.7230451,0.5316304,0.8973812,-0.36293748,0.25096494
1356786355476,-0.030626297,0.5752346,0.81741494,-0.47669953,-0.727206,0.49389172,0.8785326,-0.37453526,0.29648566
1356786355516,-0.06911951,0.56347686,0.82323533,-0.5091602,-0.7295628,0.45661163,0.85789186,-0.38759792,0.33732688
1356786355556,-0.10121381,0.55135447,0.8281088,-0.5327799,-0.7330006,0.4229136,0.84017944,-0.39839494,0.36794025
1356786355596,-0.12531775,0.5365988,0.83448017,-0.54379535,-0.74065816,0.39460382,0.8298085,-0.4043356,0.3846175
1356786355636,-0.14106792,0.51638144,0.8446597,-0.5416747,-0.7544124,0.37074298,0.82866657,-0.40523082,0.3861342
1356786355676,-0.1487531,0.48779288,0.8601921,-0.5282868,-0.7745351,0.3478623,0.83593386,-0.40268254,0.3729092
1356786355716,-0.14900714,0.4488973,0.8810721,-0.50676364,-0.79978144,0.32177654,0.8491098,-0.39854828,0.34665805
1356786355756,-0.14273083,0.40003014,0.90531975,-0.48077875,-0.8275445,0.28986534,0.8651473,-0.39388576,0.31044206
1356786355796,-0.13096076,0.3443255,0.9296716,-0.45405373,-0.85444593,0.2525024,0.88129705,-0.38905296,0.2682411
1356786355836,-0.11486626,0.28733233,0.95091844,-0.43000004,-0.8773072,0.21314788,0.89549184,-0.38441145,0.22432593
1356786355876,-0.09567654,0.23529994,0.9672021,-0.41119987,-0.8942214,0.17686903,0.9065102,-0.3807912,0.18231133
1356786355916,-0.074753225,0.19390962,0.9781672,-0.39914867,-0.9047237,0.14884672,0.91383386,-0.37930736,0.14502978
1356786355956,-0.053355873,0.16691473,0.98452663,-0.3938869,-0.90950763,0.1328497,0.917609,-0.3807038,0.11427304
1356786355996,-0.032330334,0.15565947,0.9872816,-0.39412275,-0.90974164,0.13052788,0.91848904,-0.3848901,0.090761125
1356786356036,-0.012124121,0.159012,0.98720217,-0.39808023,-0.90643203,0.14111315,0.9172704,-0.3912748,0.07428929
1356786356076,0.0070216656,0.1742441,0.9846775,-0.40418595,-0.9001851,0.16217494,0.9146499,-0.39913154,0.06410611
1356786356116,0.024799764,0.19785982,0.9799165,-0.41106486,-0.8914985,0.19041017,0.91126865,-0.4075314,0.059224278
1356786356156,0.04089439,0.22564448,0.97335094,-0.41746902,-0.88120073,0.22182152,0.90777045,-0.41541514,0.058163464
1356786356215,0.05509317,0.25272387,0.96596867,-0.42235696,-0.87072605,0.25189453,0.90475374,-0.42186123,0.05876857
1356786356239,0.0671007,0.27518368,0.95904714,-0.42453903,-0.86198455,0.2770364,0.9029197,-0.4257423,0.058986455
1356786356278,0.07585907,0.29140118,0.9535883,-0.42304322,-0.85659987,0.29541665,0.9029284,-0.4258191,0.058294475
1356786356318,0.07993668,0.3015406,0.95009655,-0.4181118,-0.8551012,0.30656907,0.90487164,-0.42175266,0.05772367
1356786356358,0.078273475,0.30561846,0.9489313,-0.41144013,-0.8571044,0.30998218,0.90806955,-0.41469175,0.058655202
1356786356396,0.07042259,0.3025224,0.95053715,-0.40503648,-0.8621415,0.30439717,0.91158444,-0.40643865,0.0618183
1356786356436,0.05611974,0.29084578,0.9551227,-0.39990476,-0.86999434,0.28842026,0.914837,-0.3981442,0.067486644
1356786356476,0.03470677,0.26982233,0.96228445,-0.39589337,-0.8803842,0.26113638,0.91764045,-0.39002523,0.076265514
1356786356516,0.0050688386,0.23864171,0.9710944,-0.39220116,-0.8928248,0.2214545,0.91986555,-0.38198686,0.08906996
1356786356556,-0.033803403,0.19643345,0.9799343,-0.38762,-0.90632415,0.16830668,0.92119926,-0.3741528,0.10677844
1356786356596,-0.082579315,0.14219725,0.98638755,-0.38066268,-0.91922045,0.10064575,0.92101926,-0.3671697,0.13003784
1356786356636,-0.14104307,0.07664767,0.98703194,-0.36974862,-0.9289314,0.019300237,0.9183643,-0.36223155,0.15935963
1356786356677,-0.20739752,0.0041365027,0.978248,-0.3536739,-0.9326673,-0.07103832,0.9120861,-0.36071396,0.19489586
1356786356716,-0.27789795,-0.067223504,0.9582555,-0.33244878,-0.9291743,-0.1615949,0.9012494,-0.3634778,0.23586726
1356786356757,-0.34745133,-0.12936972,0.92873085,-0.30759454,-0.9199084,-0.24321622,0.88581216,-0.37017834,0.27982998
1356786356797,-0.41041082,-0.17905067,0.8941497,-0.28110832,-0.90794086,-0.3108398,0.8674912,-0.37892494,0.3222962
1356786356855,-0.46140796,-0.21957792,0.8595862,-0.25410455,-0.8955892,-0.3651727,0.8500199,-0.38691834,0.35743606
1356786356877,-0.49643123,-0.25809604,0.82881993,-0.22681904,-0.8830435,-0.41083723,0.83791953,-0.3919446,0.3798293
1356786356917,-0.51390606,-0.29969692,0.80379254,-0.2005179,-0.8690659,-0.45223576,0.8340823,-0.39358145,0.38652354
1356786356954,-0.51492804,-0.34483877,0.7848154,-0.17810932,-0.85250413,-0.49144042,0.83852607,-0.39283943,0.37755936
1356786356997,-0.50190794,-0.39175567,0.7711134,-0.16259101,-0.8329128,-0.5289806,0.8495014,-0.39087567,0.3543496
1356786357036,-0.47893202,-0.43594986,0.76195264,-0.1563083,-0.8117541,-0.56269264,0.863824,-0.38859102,0.32063246
1356786357076,-0.44988644,-0.47426653,0.7567519,-0.15966503,-0.7909819,-0.59063923,0.8786975,-0.38654742,0.28012824
1356786357116,-0.4185801,-0.50355786,0.75579107,-0.17173715,-0.773301,-0.61033744,0.8917942,-0.38527256,0.2372089
1356786357156,-0.38790876,-0.5221938,0.75950015,-0.19045377,-0.76082695,-0.6203788,0.9018061,-0.3853,0.1956776
1356786357214,-0.35954434,-0.5297333,0.76818657,-0.21335131,-0.7547629,-0.620334,0.9084102,-0.38693118,0.15835136
1356786357238,-0.3340546,-0.5263713,0.7818828,-0.23807979,-0.75551593,-0.610339,0.91198987,-0.39003703,0.1270652
1356786357278,-0.31128967,-0.5128983,0.8000213,-0.26286006,-0.7625317,-0.5911429,0.9132378,-0.39431033,0.10254784
1356786357318,-0.29107082,-0.4903884,0.8214603,-0.28671527,-0.77445847,-0.5639224,0.9127279,-0.39966655,0.08482036
1356786357358,-0.2732997,-0.45975417,0.84494585,-0.30926406,-0.78975576,-0.5297562,0.91085845,-0.40609357,0.07365449
1356786357396,-0.2579807,-0.42257494,0.86883616,-0.33021617,-0.80655473,-0.4903332,0.9079665,-0.4134003,0.06853454
1356786357436,-0.2447254,-0.38127816,0.8914799,-0.34928405,-0.8230396,-0.44789094,0.90449435,-0.42099005,0.06824444
1356786357477,-0.23252982,-0.339262,0.91149944,-0.3658802,-0.83783054,-0.40518093,0.90114456,-0.42771626,0.07069139
1356786357516,-0.22031772,-0.300217,0.92807853,-0.37866744,-0.85051304,-0.36501828,0.8989277,-0.43185315,0.073700756
1356786357556,-0.2079882,-0.26675606,0.94105375,-0.38609052,-0.8615821,-0.32956094,0.8987074,-0.43187672,0.07620692
1356786357596,-0.19660926,-0.24002087,0.95064974,-0.38762593,-0.8715588,-0.30021906,0.9006059,-0.4275223,0.078318216
1356786357636,-0.18751806,-0.22046316,0.9572006,-0.38403273,-0.880467,-0.2780228,0.90407735,-0.41973063,0.0804384
1356786357676,-0.18171728,-0.20831172,0.96103334,-0.37640792,-0.8881373,-0.26368406,0.908458,-0.4096565,0.08297965
1356786357716,-0.17996198,-0.20338225,0.9624185,-0.36543292,-0.8945493,-0.2573719,0.91327566,-0.39801657,0.08666229
1356786357756,-0.18293786,-0.20500958,0.96151173,-0.35149848,-0.8997311,-0.25871333,0.91814077,-0.3852984,0.09253439
1356786357796,-0.19117141,-0.21228072,0.9583268,-0.33504394,-0.90358263,-0.26699036,0.92260444,-0.37212253,0.10161585
1356786357836,-0.19786465,-0.204191,0.95872605,-0.32109532,-0.9105981,-0.26020923,0.9261465,-0.35932866,0.11461046
1356786357876,-0.22449756,-0.24130209,0.9441261,-0.29670477,-0.90592897,-0.302091,0.92820644,-0.3479454,0.13178337
1356786357916,-0.2526527,-0.2728059,0.9283014,-0.2728059,-0.900417,-0.33886,0.9283014,-0.33886,0.1530698
1356786357956,-0.2830757,-0.29877314,0.91137403,-0.25064245,-0.89417464,-0.37098506,0.92576796,-0.33344588,0.17823395
1356786357996,-0.31554824,-0.3192066,0.8936086,-0.23043025,-0.8877565,-0.39848495,0.92050594,-0.33165568,0.20657516
1356786358036,-0.34914702,-0.33255446,0.87607294,-0.21345766,-0.8821041,-0.41991448,0.912432,-0.33361638,0.23699772
1356786358076,-0.38261998,-0.3378211,0.8599296,-0.20094499,-0.8780455,-0.43434703,0.9017889,-0.33898836,0.2680742
1356786358116,-0.41486627,-0.33481824,0.84603935,-0.19406909,-0.87587583,-0.44179022,0.8889449,-0.34747398,0.29839355
1356786358156,-0.44492817,-0.32441938,0.83474004,-0.19335936,-0.8752975,-0.4432452,0.8744433,-0.3586171,0.32671508
1356786358214,-0.47121394,-0.30866,0.8262484,-0.1980606,-0.87581706,-0.4401323,0.85949373,-0.3710437,0.35156384
1356786358238,-0.49102563,-0.2904649,0.82129407,-0.20612088,-0.8772669,-0.43349382,0.84640884,-0.38214245,0.37088972
1356786358278,-0.50128156,-0.27242827,0.82127917,-0.21536335,-0.8799937,-0.42335522,0.8380544,-0.38909364,0.38245362
1356786358318,-0.4999615,-0.25544882,0.827517,-0.22508012,-0.8843498,-0.40897954,0.8362879,-0.39073163,0.38464442
1356786358358,-0.4862846,-0.23853984,0.8406105,-0.23639634,-0.890228,-0.38937262,0.84121585,-0.38806316,0.37651414
1356786358398,-0.46030575,-0.21872579,0.86039394,-0.25172526,-0.8972385,-0.3627638,0.85132426,-0.38356516,0.35794514
1356786358438,-0.42240804,-0.1929144,0.8856384,-0.2720312,-0.90506387,-0.3268919,0.8646216,-0.37900305,0.3298276
1356786358478,-0.37348974,-0.1568403,0.9142793,-0.29703507,-0.9134883,-0.2780456,0.8787921,-0.37542015,0.29459137
1356786358516,-0.31462097,-0.107046865,0.943162,-0.32465127,-0.92156285,-0.21289296,0.8919726,-0.37317938,0.25519016
1356786358556,-0.24705648,-0.041229308,0.96812356,-0.3518436,-0.9270898,-0.12926912,0.9028672,-0.37256485,0.2145373
1356786358596,-0.1728515,0.0401264,0.9841302,-0.37499416,-0.9266017,-0.028082788,0.9107699,-0.37389725,0.17521167
1356786358636,-0.09559131,0.13272247,0.98653287,-0.3907862,-0.916508,0.08543602,0.9155045,-0.3773565,0.13947624
1356786358676,-0.020165443,0.22930723,0.97314525,-0.39754027,-0.8949297,0.20263912,0.91736317,-0.3827781,0.109205455
1356786358716,0.04858339,0.32169485,0.9455961,-0.39597118,-0.8629379,0.31391868,0.9169768,-0.38968006,0.085457444
1356786358757,0.10735452,0.40364125,0.9085971,-0.38874242,-0.82408285,0.4120276,0.91507065,-0.3974433,0.06844345
1356786358796,0.1547898,0.4721933,0.86779815,-0.3792923,-0.78266793,0.49352622,0.9122376,-0.40554196,0.057950318
1356786358836,0.1910842,0.52748525,0.827796,-0.3704824,-0.74220085,0.5584629,0.9089718,-0.41339725,0.053601086
1356786358876,0.21723938,0.5711978,0.7915429,-0.36390248,-0.7050578,0.6086611,0.90574944,-0.42026955,0.054693997
1356786358916,0.23535019,0.60550344,0.76024723,-0.35955942,-0.67247814,0.64690816,0.9029548,-0.425604,0.059446573
1356786358956,0.24864012,0.63227624,0.7337607,-0.35588473,-0.64492804,0.67632383,0.90084636,-0.42929548,0.06466246
1356786358996,0.25969577,0.65320843,0.7112502,-0.35040015,-0.6225854,0.6997193,0.8998766,-0.43093634,0.067201525
1356786359036,0.2686147,0.6701169,0.6919462,-0.34142938,-0.605469,0.71891123,0.90070647,-0.42936093,0.066159666
1356786359076,0.2739073,0.6846283,0.6754694,-0.32937318,-0.59308296,0.73468775,0.90359735,-0.4237178,0.06304839
1356786359116,0.27473074,0.697688,0.6616302,-0.31623057,-0.58426577,0.74741673,0.9080315,-0.41456607,0.060114507
1356786359156,0.27147752,0.70954347,0.65026766,-0.30415118,-0.57776815,0.75741404,0.9131221,-0.4034006,0.058957454
1356786359214,0.26475352,0.7202313,0.6412273,-0.29455674,-0.57277364,0.76496184,0.9182276,-0.39140415,0.06050515
1356786359238,0.25476813,0.72994053,0.6342555,-0.28821576,-0.56876963,0.7703459,0.92305195,-0.37906206,0.06547591
1356786359278,0.241561,0.739064,0.6288345,-0.2855552,-0.5651933,0.7739605,0.9274193,-0.36652562,0.074514896
1356786359318,0.22532153,0.74816227,0.624086,-0.28702375,-0.5611573,0.7763503,0.9310465,-0.35405594,0.088299565
1356786359358,0.20679587,0.7577296,0.6189357,-0.29321378,-0.555535,0.7780788,0.93341374,-0.34238398,0.10729441
1356786359396,0.1871022,0.7680354,0.612466,-0.30496445,-0.54725724,0.77942693,0.9338038,-0.33261287,0.1318304
1356786359436,0.16771948,0.779018,0.6041533,-0.32300836,-0.5355807,0.7802685,0.93141603,-0.3260128,0.161802
1356786359476,0.15024382,0.7903104,0.5940002,-0.3476485,-0.5202161,0.78007424,0.9255092,-0.32370463,0.19659096
1356786359516,0.13610291,0.8013432,0.58251613,-0.3784653,-0.50133455,0.77809227,0.91555446,-0.32636273,0.23504758
1356786359556,0.12624866,0.81148386,0.57057446,-0.41402784,-0.47958118,0.77368134,0.90146667,-0.33390993,0.27543044
1356786359596,0.12097889,0.8201524,0.5592085,-0.45152852,-0.456226,0.7667985,0.8840171,-0.34526503,0.31512842
1356786359636,0.11995536,0.82694143,0.54934376,-0.48616868,-0.43351996,0.75874925,0.86559266,-0.35808972,0.35003
1356786359676,0.122370064,0.8317431,0.5415062,-0.5121522,-0.41443086,0.75229454,0.8501327,-0.3693919,0.37526518
1356786359716,0.1275323,0.83467233,0.5357775,-0.52527773,-0.40137368,0.7503215,0.8413196,-0.37712216,0.38724673
1356786359756,0.13546586,0.8357826,0.5320868,-0.52418476,-0.39526314,0.7543191,0.8407611,-0.38109624,0.38455993
1356786359815,0.1466949,0.83498144,0.5303645,-0.50946665,-0.39580715,0.76405525,0.8478941,-0.38228607,0.36733234
1356786359837,0.16132772,0.83230495,0.5303224,-0.48320594,-0.40192908,0.7777949,0.8605146,-0.3817348,0.33733243
1356786359877,0.1786477,0.8280299,0.5314616,-0.4484961,-0.41223943,0.79303825,0.8757489,-0.38003287,0.29772264
1356786359914,0.197308,0.82267606,0.5331731,-0.40948984,-0.4249859,0.80728257,0.8907231,-0.37761235,0.2530244
1356786359957,0.2162928,0.8164705,0.5353441,-0.37009835,-0.43883508,0.8188107,0.90346265,-0.37523282,0.20725751
1356786359997,0.23491907,0.80957866,0.5379549,-0.33427548,-0.45239884,0.82679826,0.9127283,-0.3740558,0.16434518
1356786360047,0.25471014,0.8005111,0.54249847,-0.30379868,-0.46635652,0.8307935,0.9180572,-0.3764218,0.12440855
1356786360086,0.2726817,0.7920426,0.5461804,-0.2817361,-0.47707194,0.83248246,0.91992897,-0.38088146,0.09305828
1356786360126,0.28804064,0.7841712,0.54964364,-0.26884866,-0.48466563,0.8323579,0.91910446,-0.3875239,0.07121995
1356786360166,0.3007539,0.7772957,0.5525924,-0.2647123,-0.4886145,0.83137435,0.9162284,-0.39631706,0.058807008
1356786360214,0.3112287,0.7713744,0.555084,-0.26785928,-0.48920864,0.8300159,0.9118049,-0.40700915,0.054364055
1356786360248,0.3199308,0.7661799,0.5573263,-0.27553192,-0.48757827,0.82846224,0.9064913,-0.4186118,0.0551157
1356786360288,0.3266756,0.7618911,0.55928963,-0.2841148,-0.48522395,0.82694405,0.9014221,-0.4290449,0.057953745
1356786360327,0.3303144,0.7593745,0.5605736,-0.29063645,-0.48322332,0.82584846,0.8980105,-0.43571272,0.06108629
1356786360366,0.32945144,0.7595695,0.5608172,-0.2939266,-0.48195475,0.82542527,0.8972563,-0.43677664,0.06447694
1356786360406,0.32362813,0.76253617,0.5601816,-0.29458177,-0.48141718,0.82550544,0.8991587,-0.43217605,0.06882909
1356786360446,0.31367052,0.7672802,0.5593674,-0.29393816,-0.4816984,0.8255707,0.90289044,-0.42337665,0.07443834
1356786360486,0.30075806,0.7727394,0.558944,-0.29304114,-0.48284835,0.82521766,0.90756345,-0.41198438,0.08122396
1356786360526,0.28562653,0.7784385,0.5589732,-0.29264385,-0.48456478,0.8243522,0.9125662,-0.39903694,0.08940068
1356786360566,0.2686097,0.7843857,0.5590956,-0.29369307,-0.48609865,0.823075,0.9173839,-0.38528842,0.099797875
1356786360606,0.25002134,0.7908719,0.55857944,-0.29741985,-0.48627847,0.82162935,0.9214287,-0.37155753,0.113640964
1356786360646,0.23064846,0.79851794,0.55603087,-0.30506837,-0.48328358,0.8205914,0.9239776,-0.3588956,0.13213396
1356786360686,0.21220636,0.8083542,0.5491192,-0.3178274,-0.47427708,0.8210036,0.9240964,-0.3487473,0.15627256
1356786360726,0.19748217,0.82126975,0.53527254,-0.33691347,-0.45590496,0.82379603,0.92059225,-0.34302557,0.1866638
1356786360766,0.18995798,0.83740693,0.512509,-0.3627134,-0.4252261,0.8292296,0.9123349,-0.34341264,0.22296369
1356786360806,0.19303775,0.8562659,0.47910875,-0.3930601,-0.37991673,0.8373572,0.8990218,-0.34996003,0.26322562
1356786360846,0.2094791,0.87707615,0.4322683,-0.4220208,-0.31768644,0.84910166,0.88205266,-0.36029527,0.30359578
1356786360886,0.24124879,0.89831316,0.36719537,-0.44047046,-0.23579669,0.866248,0.8647455,-0.37072003,0.3387948
1356786360926,0.28910387,0.9163802,0.27688676,-0.43785006,-0.13063198,0.88950694,0.85129684,-0.3783948,0.36347088
1356786360966,0.35087383,0.923903,0.15261364,-0.40395883,0.002307117,0.9147743,0.84481055,-0.38261998,0.37402827
1356786361006,0.41836506,0.9081796,-0.01343587,-0.3303147,0.16591036,0.9291749,0.84608686,-0.3842963,0.36939615
1356786361046,0.4744202,0.85216045,-0.22078985,-0.2139124,0.35489374,0.91010547,0.8539128,-0.3845427,0.35065642
1356786361086,0.49572408,0.74344087,-0.44894683,-0.06600204,0.54768854,0.83407485,0.86596847,-0.3838396,0.320571
1356786361126,0.46834317,0.59244496,-0.6554873,0.082865596,0.709159,0.70016193,0.87965214,-0.3822334,0.2830365
1356786361166,0.4041777,0.43735287,-0.8033448,0.19937441,0.81503654,0.544027,0.892687,-0.38004994,0.2422226
1356786361214,0.33144158,0.31799597,-0.88827085,0.27181304,0.86938584,0.41265717,0.9034734,-0.37821534,0.20171517
1356786361249,0.2737926,0.25659192,-0.9269295,0.30806243,0.8895847,0.33724838,0.91111755,-0.37788826,0.16451538
1356786361288,0.24371833,0.26110923,-0.9340361,0.32013506,0.88743716,0.33161548,0.91548616,-0.37983844,0.13269448
1356786361328,0.24699885,0.33547264,-0.9090928,0.3130818,0.86021703,0.4025003,0.9170449,-0.38403752,0.10744226
1356786361368,0.28185585,0.47151798,-0.8356005,0.2838024,0.7909657,0.54206043,0.9165225,-0.38992834,0.08912039
1356786361408,0.33341214,0.6314294,-0.7000953,0.22901584,0.666099,0.7098336,0.91454256,-0.39700007,0.07747817
1356786361446,0.3796184,0.7614982,-0.5253669,0.15801117,0.50616354,0.847839,0.91154945,-0.4048691,0.071823776
1356786361486,0.4099849,0.8389905,-0.357781,0.08791572,0.35408682,0.93107104,0.9078453,-0.41317964,0.07140982
1356786361526,0.4273041,0.8763688,-0.2222361,0.02763921,0.23303,0.97207665,0.9036854,-0.42151472,0.07535255
1356786361566,0.43642074,0.8917553,-0.11962184,-0.021598876,0.14329642,0.98944414,0.8994833,-0.42923024,0.081798464
1356786361606,0.43990064,0.89699125,-0.043522656,-0.06023404,0.07782507,0.9951458,0.89602417,-0.4351437,0.088264704
1356786361646,0.43862984,0.8985884,0.011945814,-0.089196354,0.03030482,0.9955529,0.89423025,-0.43774465,0.09344344
1356786361686,0.43318874,0.89984,0.051338613,-0.110351235,-0.003580451,0.99388623,0.8945223,-0.43620563,0.0977474
1356786361726,0.42464617,0.901957,0.07841703,-0.12578684,-0.026997417,0.99168986,0.89657867,-0.4309811,0.10198997
1356786361766,0.414413,0.9050702,0.09544587,-0.1369032,-0.041686326,0.9897069,0.89973295,-0.4232143,0.10663159
1356786361806,0.40367994,0.9091935,0.102027774,-0.14425611,-0.046870023,0.9884297,0.903456,-0.41372734,0.11223625
1356786361846,0.39346898,0.91441965,0.094967544,-0.14783916,-0.03902006,0.9882414,0.907373,-0.40288228,0.11983386
1356786361886,0.38523984,0.92025924,0.06865224,-0.14726889,-0.012132168,0.989022,0.91098964,-0.39112103,0.13085176
1356786361927,0.3814828,0.92425275,0.015087098,-0.14157555,0.04229054,0.9890237,0.9134699,-0.37943152,0.14698473
1356786361966,0.38594553,0.9193443,-0.07649884,-0.12703791,0.13509807,0.9826545,0.91373265,-0.36953288,0.16893208
1356786362006,0.40150517,0.890734,-0.21304128,-0.098563135,0.2732873,0.9568696,0.9105377,-0.36319005,0.19751981
1356786362046,0.4273861,0.8147629,-0.3917939,-0.047765553,0.45311195,0.8901731,0.90280646,-0.36173335,0.2325714
1356786362086,0.4551584,0.6764005,-0.57906234,0.027184427,0.6394726,0.76833314,0.88999546,-0.36545473,0.27267376
1356786362126,0.4755125,0.50167674,-0.7226398,0.111788675,0.78033465,0.61528945,0.8725773,-0.37336078,0.31497708
1356786362166,0.4874106,0.33863205,-0.80483496,0.1879425,0.8594452,0.47542775,0.8527067,-0.38299125,0.35525936
1356786362215,0.48968238,0.20227136,-0.8481141,0.25303203,0.8978885,0.36023748,0.8343776,-0.391002,0.38849902
1356786362248,0.47103322,0.068132624,-0.87948036,0.31939745,0.9161889,0.24203973,0.82226086,-0.39491254,0.40979403
1356786362288,0.4158712,-0.09093286,-0.904866,0.39479935,0.9143921,0.08955735,0.8192586,-0.39448482,0.41616958
1356786362328,0.3182267,-0.27318257,-0.9078012,0.46610278,0.87893456,-0.101105005,0.82551795,-0.39095438,0.4070316
1356786362368,0.19490698,-0.44526446,-0.8739284,0.5078697,0.8080821,-0.2984488,0.8390945,-0.38567203,0.3836372
1356786362406,0.07589531,-0.5760677,-0.81387097,0.50952744,0.7240168,-0.4649532,0.8571008,-0.37940183,0.34847176
1356786362446,-0.018917173,-0.65992886,-0.75108993,0.48118287,0.6524937,-0.58541864,0.8764161,-0.37248603,0.30520314
1356786362486,-0.08685428,-0.70789665,-0.7009555,0.43900055,0.60441786,-0.66479886,0.8942789,-0.3654605,0.25827074
1356786362526,-0.1345216,-0.7328264,-0.6669854,0.39483303,0.577722,-0.7143838,0.9088514,-0.3594479,0.2116279
1356786362566,-0.16880861,-0.7426633,-0.6480393,0.35576147,0.56724405,-0.7427435,0.9192048,-0.3559289,0.1684553
1356786362606,-0.19411954,-0.74094856,-0.64289397,0.3261038,0.56934834,-0.7546514,0.9251885,-0.35614285,0.13110453
1356786362646,-0.21170074,-0.7274376,-0.6527,0.30900228,0.5837601,-0.75082743,0.92720026,-0.3606365,0.10119748
1356786362686,-0.21999669,-0.6982363,-0.68122494,0.30694598,0.61331475,-0.72775626,0.9259511,-0.3692032,0.079393625
1356786362726,-0.21312714,-0.64221805,-0.7362967,0.32238686,0.6651769,-0.67350304,0.9223034,-0.38091412,0.06527537
1356786362767,-0.17553703,-0.5295588,-0.82991225,0.35769656,0.75108105,-0.5549148,0.9171913,-0.39426482,0.057578802
1356786362814,-0.064916134,-0.27639776,-0.95884836,0.40774667,0.86965305,-0.2782916,0.9107846,-0.40903285,0.056245744
1356786362844,0.1836412,0.26748177,-0.94590145,0.3830857,0.8667117,0.31946242,0.9052742,-0.42102778,0.05669552
1356786362887,0.3583584,0.65986407,-0.66042304,0.24524203,0.61602587,0.74857765,0.9007971,-0.43022257,0.05893165
1356786362926,0.4212252,0.8080242,-0.41190553,0.13089383,0.39524704,0.9092011,0.89746094,-0.43689424,0.06072265
1356786362967,0.4401351,0.8569836,-0.26806757,0.06654805,0.26658592,0.961511,0.89546216,-0.4410341,0.06030324
1356786363007,0.44406956,0.87511694,-0.19228265,0.03477609,0.19760714,0.97966427,0.8953172,-0.4417259,0.05731812
1356786363047,0.4406703,0.8830586,-0.16129872,0.023781061,0.16813885,0.9854765,0.897354,-0.4381061,0.05309373
1356786363087,0.43284297,0.88687944,-0.16152996,0.025372416,0.16712873,0.9856086,0.90111226,-0.4307121,0.049838215
1356786363127,0.42266315,0.8870522,-0.1857264,0.034552038,0.18901019,0.98136705,0.90562797,-0.42120486,0.049238205
1356786363166,0.41124302,0.8809422,-0.2341367,0.05047533,0.23445992,0.9708145,0.91012716,-0.41105884,0.05195415
1356786363214,0.3980462,0.8621177,-0.3135479,0.0754258,0.3098781,0.9477798,0.9142594,-0.40090975,0.058319867
1356786363248,0.38071436,0.81741107,-0.43231434,0.11275211,0.42299718,0.8990886,0.91779274,-0.39104024,0.06887627
1356786363288,0.3551875,0.7261938,-0.58862936,0.16348872,0.5717255,0.80399096,0.9203876,-0.38180184,0.08434522
1356786363328,0.3184838,0.57197005,-0.7559222,0.222185,0.7301891,0.64610964,0.92152154,-0.37373,0.10547024
1356786363368,0.27539593,0.36895162,-0.8877115,0.27747875,0.8536086,0.44086036,0.9204143,-0.36773226,0.13270408
1356786363406,0.24084654,0.16751797,-0.95599717,0.32117933,0.91574013,0.2413792,0.91588026,-0.36518186,0.16674954
1356786363446,0.22512564,0.004458189,-0.9743195,0.3569782,0.93007684,0.0867389,0.9065787,-0.367338,0.20779264
1356786363486,0.22775447,-0.11463839,-0.9669467,0.390862,0.9202915,-0.017043516,0.8918266,-0.374061,0.2544083
1356786363526,0.24135044,-0.20036551,-0.9495281,0.42437783,0.90172714,-0.08241071,0.8727275,-0.3830688,0.3026629
1356786363566,0.25396225,-0.26767728,-0.9294364,0.4557338,0.8807019,-0.12911555,0.85311764,-0.39078513,0.3456546
1356786363606,0.25319195,-0.32879975,-0.90982664,0.48285577,0.8579004,-0.17566231,0.8382983,-0.39483878,0.37597632
1356786363646,0.23173818,-0.38965908,-0.89132667,0.5038909,0.8318465,-0.23264846,0.83210063,-0.39521787,0.38911623
1356786363686,0.19022648,-0.44925258,-0.8729181,0.5158107,0.80227494,-0.30049005,0.8353163,-0.39309934,0.3843432
1356786363726,0.13527314,-0.50307834,-0.8535885,0.5153245,0.7715384,-0.37305406,0.84625167,-0.38941082,0.363617
1356786363767,0.07510361,-0.5472645,-0.83358324,0.5010353,0.74347055,-0.44296175,0.8621619,-0.3843866,0.3300361
1356786363806,0.017385542,-0.5798245,-0.81455576,0.47507006,0.721634,-0.50354034,0.8797761,-0.3782168,0.28800333
1356786363846,-0.033966422,-0.60143036,-0.7982028,0.4420871,0.707237,-0.5517017,0.89632875,-0.37161455,0.2418623
1356786363886,-0.07796526,-0.61376375,-0.78563064,0.40753415,0.6995614,-0.5869666,0.90985566,-0.36593425,0.19558817
1356786363926,-0.11485681,-0.6184154,-0.77741253,0.37617612,0.69723284,-0.6102113,0.91940165,-0.362531,0.15255117
1356786363966,-0.14455572,-0.61631364,-0.7741197,0.35147375,0.69933784,-0.62240887,0.9249702,-0.36205548,0.11552477
1356786364006,-0.16641808,-0.6078298,-0.7764329,0.3354944,0.7055321,-0.62423396,0.9272263,-0.36437264,0.08651018
1356786364046,-0.17990178,-0.5931258,-0.7847529,0.3290863,0.7155119,-0.6162345,0.92700464,-0.3691131,0.0664677
1356786364086,-0.1849665,-0.5724247,-0.7988225,0.33214334,0.7286034,-0.59901416,0.9249153,-0.37612113,0.05535984
1356786364126,-0.18167704,-0.54593927,-0.81788987,0.34367052,0.74403316,-0.57297933,0.9213491,-0.3851818,0.052449465
1356786364166,-0.17041114,-0.5141433,-0.84060496,0.36160797,0.76093376,-0.5387203,0.9166241,-0.39577338,0.056246758
1356786364214,-0.15304439,-0.47821373,-0.8648058,0.38267487,0.7781601,-0.4980229,0.91111875,-0.40715903,0.063907325
1356786364248,-0.13318473,-0.4403169,-0.88790935,0.40276143,0.79453236,-0.4544244,0.9055634,-0.418138,0.07152307
1356786364288,-0.1141056,-0.40302622,-0.90804726,0.41813552,0.8096352,-0.41189024,0.9011896,-0.42668578,0.076135695
1356786364328,-0.09683423,-0.36833555,-0.92463624,0.4265859,0.82398874,-0.37291688,0.89924836,-0.4305479,0.07733643
1356786364366,-0.081052735,-0.3380939,-0.9376156,0.4279181,0.8377964,-0.33909184,0.90017587,-0.428707,0.07677078
1356786364406,-0.06703122,-0.31487355,-0.94676375,0.4234924,0.8502035,-0.31274304,0.9034164,-0.42191073,0.07635635
1356786364446,-0.055715263,-0.30172247,-0.95176643,0.41513902,0.85994256,-0.29691482,0.90805036,-0.41165805,0.077344835
1356786364486,-0.047427133,-0.30090213,-0.952475,0.40447134,0.86609054,-0.29375198,0.9133201,-0.39918062,0.08063012
1356786364526,-0.041194305,-0.31291366,-0.94888777,0.3929094,0.86810803,-0.3033325,0.918654,-0.3853225,0.08718562
1356786364566,-0.035478994,-0.3367871,-0.9409122,0.38210934,0.8653955,-0.3241651,0.92343587,-0.37103242,0.0979861
1356786364606,-0.028758183,-0.37028795,-0.92847174,0.37407827,0.85737354,-0.35351956,0.9269511,-0.35748768,0.11386019
1356786364646,-0.020155326,-0.41073924,-0.9115301,0.3710271,0.84353864,-0.38830596,0.9284033,-0.3460288,0.13539362
1356786364686,-0.00965026,-0.45525652,-0.89030814,0.37530982,0.8236091,-0.42521828,0.92684925,-0.3382448,0.16291422
1356786364726,0.0017084777,-0.5011534,-0.8653568,0.38885853,0.7975849,-0.46113703,0.9212959,-0.33571354,0.19624043
1356786364766,0.012323543,-0.5459058,-0.837756,0.41250044,0.76598155,-0.49306762,0.91087407,-0.33949834,0.234626
1356786364806,0.020413429,-0.5874863,-0.80897653,0.44463903,0.73005664,-0.5189541,0.8954772,-0.34910896,0.27612233
1356786364846,0.02415222,-0.62432015,-0.7807952,0.48027027,0.6922375,-0.5386537,0.876788,-0.36198294,0.3165614
1356786364886,0.021506608,-0.65554035,-0.75485396,0.51177144,0.6558266,-0.5549608,0.8588525,-0.3743773,0.34959137
1356786364926,0.011325121,-0.6808372,-0.73234725,0.5322296,0.6241336,-0.5720043,0.84652436,-0.38329884,0.36943007
1356786364966,-0.005950421,-0.7002939,-0.7138298,0.5381702,0.59940517,-0.5925252,0.8428151,-0.38768777,0.3733107
1356786365008,-0.028904647,-0.7143006,-0.699242,0.5295139,0.5823773,-0.6168077,0.8478087,-0.38808692,0.36139864
1356786365056,-0.061050802,-0.7233136,-0.6878156,0.5012998,0.5736668,-0.6477692,0.8631173,-0.38434863,0.32757413
1356786365096,-0.091412485,-0.7276957,-0.6797814,0.4674456,0.5714002,-0.6745342,0.8792829,-0.37942168,0.287925
1356786365136,-0.119770795,-0.7287544,-0.6742196,0.43119863,0.5735266,-0.69651634,0.8942722,-0.37414485,0.2455461
1356786365176,-0.14574799,-0.7270139,-0.67097557,0.3958195,0.57871807,-0.71303034,0.9066887,-0.369508,0.20341933
1356786365220,-0.1696477,-0.7227308,-0.66998494,0.36421508,0.5857286,-0.7240645,0.9157331,-0.3668545,0.16386193
1356786365258,-0.19176233,-0.7159086,-0.67134345,0.33886844,0.5936733,-0.7298768,0.9210838,-0.36745995,0.12875468
