1356785894400,-0.4394917,-0.8977901,-0.028639495,0.11796668,-0.0892967,0.9889944,-0.89046675,0.43127626,0.14515442
1356785894557,0.08519277,-0.19356914,0.9773808,0.46354294,0.8760222,0.13309075,-0.8819695,0.4417196,0.16435838
1356785894597,0.10754141,-0.17957972,0.9778476,0.4715714,0.87508464,0.10884519,-0.8752458,0.44941962,0.17879254
1356785894637,0.12549761,-0.17435326,0.9766531,0.4797938,0.87232316,0.0940758,-0.86835957,0.4567858,0.19312805
1356785894677,0.14390284,-0.171809,0.97456324,0.48828298,0.8689103,0.08108382,-0.860739,0.46419448,0.20893008
1356785894717,0.16422933,-0.16953844,0.97174346,0.4960574,0.8656855,0.067198604,-0.852617,0.47100458,0.22627175
1356785894757,0.18611038,-0.16740987,0.9681616,0.5022508,0.8631148,0.052697644,-0.8444567,0.4764523,0.24471635
1356785894797,0.20831257,-0.16661963,0.96376544,0.5067601,0.8611885,0.039352328,-0.8365405,0.48020026,0.26383257
1356785894837,0.22938523,-0.16903381,0.9585458,0.5102784,0.8595047,0.029456109,-0.8288537,0.48236844,0.28341198
1356785894878,0.24808767,-0.17632335,0.95255584,0.51388633,0.85749716,0.024888754,-0.82120234,0.48333085,0.30334467
1356785894916,0.2635582,-0.18926719,0.94589376,0.5185641,0.8546275,0.026515752,-0.8134054,0.48351815,0.32339126
1356785894957,0.27536076,-0.20736824,0.93870914,0.5247698,0.85056645,0.033960998,-0.8054769,0.48325467,0.3430332
1356785894998,0.2834667,-0.22907786,0.9312196,0.53228176,0.845321,0.04591845,-0.7976984,0.48265487,0.36155432
1356785895057,0.28821996,-0.25267464,0.9236259,0.54044557,0.83917046,0.06092283,-0.79047316,0.48161033,0.37842256
1356785895088,0.2903934,-0.27923143,0.9152604,0.5491354,0.8319358,0.07958098,-0.7836594,0.47949207,0.39492452
1356785895128,0.28913692,-0.30571148,0.9071606,0.5576327,0.824046,0.09996922,-0.7781039,0.47695762,0.40873682
1356785895164,0.28653905,-0.3278497,0.9002277,0.56418216,0.8171711,0.11802469,-0.7743345,0.4740737,0.41911834
1356785895207,0.2825635,-0.34248322,0.8960263,0.5671684,0.81297433,0.13188112,-0.7736135,0.47093302,0.42396253
1356785895247,0.2772174,-0.3462544,0.8962468,0.56513405,0.8131455,0.13934804,-0.7770289,0.46786994,0.42109823
1356785895286,0.27047068,-0.33596608,0.9022042,0.5574448,0.81870526,0.13775676,-0.784921,0.46566993,0.40871835
1356785895327,0.26206774,-0.30996427,0.91391623,0.54489505,0.82914054,0.12496166,-0.79649866,0.46523988,0.38618892
1356785895367,0.2516147,-0.2680483,0.9299678,0.5289287,0.8427768,0.09980841,-0.8105088,0.46677345,0.35383344
1356785895440,0.23739141,-0.20259926,0.9500521,0.5088868,0.85900825,0.056027547,-0.8274537,0.47016847,0.30702126
1356785895448,0.22129497,-0.13968164,0.96515155,0.49272817,0.8700869,0.012948155,-0.84157443,0.472692,0.26137096
1356785895487,0.20387805,-0.073437214,0.9762381,0.47912502,0.87708473,-0.034082294,-0.85374063,0.4746887,0.21400392
1356785895527,0.18493685,-0.012379095,0.9826724,0.47039586,0.8790498,-0.07745373,-0.8628592,0.47656912,0.16839176
1356785895567,0.1653659,0.03816898,0.98549336,0.4674924,0.8768215,-0.112405285,-0.86839217,0.47929865,0.12715268
1356785895606,0.14573747,0.07367626,0.9865761,0.47029933,0.872181,-0.13460621,-0.8703902,0.48360327,0.09245956
1356785895647,0.12637019,0.09246944,0.9876639,0.47746187,0.86705816,-0.1422684,-0.8695175,0.48955035,0.065419674
1356785895686,0.10724485,0.09530607,0.9896541,0.48704657,0.86274374,-0.13586357,-0.8667665,0.4965783,0.04610634
1356785895727,0.088309616,0.084857196,0.99247193,0.49731997,0.8595403,-0.11774267,-0.86306095,0.50397396,0.03370452
1356785895767,0.069675714,0.06479199,0.99546343,0.50700057,0.85709965,-0.09127292,-0.8591251,0.51106,0.026869476
1356785895806,0.05172303,0.038993046,0.9978999,0.51519245,0.85496396,-0.06011118,-0.8555124,0.51721966,0.02413243
1356785895847,0.034798972,0.011172861,0.99933183,0.52115166,0.85301495,-0.027684659,-0.85275435,0.5217669,0.023861289
1356785895886,0.019378275,-0.015400201,0.99969363,0.52408373,0.85166156,0.002960831,-0.8514463,0.5238657,0.024574697
1356785895927,0.0060432926,-0.038938344,0.9992233,0.5233125,0.8516119,0.030021116,-0.8521194,0.5227246,0.025523484
1356785895967,-0.0043715537,-0.059520647,0.99821746,0.5189185,0.85317016,0.053144425,-0.8548125,0.5182259,0.02715671
1356785896006,-0.010894187,-0.07829256,0.9968709,0.5122189,0.8557633,0.07280792,-0.85878587,0.5114093,0.030780077
1356785896047,-0.012653194,-0.09617999,0.99528354,0.50509834,0.8584217,0.08937563,-0.8629691,0.50384694,0.037718594
1356785896086,-0.009043336,-0.11353195,0.9934931,0.49909455,0.8604201,0.10286805,-0.86650026,0.49677733,0.048882127
1356785896127,2.4297833E-4,-0.13043295,0.99145716,0.49503034,0.8614687,0.11321075,-0.8688757,0.49077386,0.06477755
1356785896166,0.015134752,-0.14743099,0.9889566,0.49314544,0.8615072,0.12088418,-0.86981523,0.48586982,0.085743606
1356785896207,0.035163395,-0.1648215,0.9856964,0.49333364,0.8606208,0.12630822,-0.8691291,0.48183578,0.11157435
1356785896247,0.05937311,-0.1832733,0.9812674,0.4955368,0.8587419,0.13040575,-0.8665553,0.47851154,0.14180481
1356785896286,0.08652681,-0.20349057,0.97524595,0.5001574,0.85548395,0.13412605,-0.86160064,0.47617096,0.17579961
1356785896327,0.11505854,-0.22624247,0.9672518,0.508064,0.8501257,0.13841012,-0.8535998,0.4755005,0.21275985
1356785896367,0.14319333,-0.25233495,0.9569863,0.52019113,0.8418007,0.14412726,-0.8419602,0.47717774,0.25180262
1356785896439,0.16993052,-0.28752398,0.9425782,0.5401819,0.8271635,0.15493242,-0.82421315,0.4828359,0.29587555
1356785896448,0.1927159,-0.3150549,0.9293013,0.5583548,0.813993,0.16017266,-0.80690795,0.48801208,0.3327818
1356785896487,0.20974027,-0.33645523,0.91804516,0.57415897,0.80237687,0.16288918,-0.7914231,0.4929394,0.3614695
1356785896527,0.22025676,-0.34742486,0.911473,0.58338517,0.79580206,0.16236019,-0.78176004,0.49597883,0.3779633
1356785896567,0.22475643,-0.34404528,0.91165644,0.5835931,0.7967622,0.15680903,-0.78032285,0.4967925,0.37985986
1356785896607,0.22387084,-0.32594186,0.9185008,0.57576567,0.8046193,0.14519528,-0.7863687,0.49633625,0.36779696
1356785896647,0.2181828,-0.29244512,0.93105966,0.5615178,0.8179193,0.12532282,-0.7981817,0.49546325,0.34266907
1356785896686,0.20810284,-0.24548443,0.9468002,0.5433044,0.83393586,0.09680514,-0.81333476,0.49425524,0.3069172
1356785896727,0.19422394,-0.18835922,0.9627034,0.5234801,0.849875,0.060672298,-0.82960576,0.49217206,0.26366836
1356785896767,0.17739731,-0.12590283,0.9760525,0.5044732,0.8632035,0.019658357,-0.84500706,0.48890504,0.21664459
1356785896806,0.15878284,-0.06400502,0.9852367,0.48873734,0.87215084,-0.022107467,-0.85786,0.48503226,0.16976422
1356785896847,0.13975227,-0.00890255,0.9901465,0.47822997,0.87620854,-0.059620723,-0.8670441,0.48184985,0.12670958
1356785896886,0.121656716,0.034053355,0.9919879,0.47371283,0.876254,-0.088176206,-0.8722361,0.48064464,0.09047067
1356785896927,0.10554016,0.061578333,0.9925066,0.47465616,0.8739225,-0.10469447,-0.8738208,0.48214883,0.06300539
1356785896966,0.09194994,0.0732335,0.99306697,0.47982478,0.8706133,-0.108631045,-0.87253267,0.48648676,0.04491359
1356785897007,0.08090079,0.071384385,0.9941626,0.48761928,0.86708456,-0.101940155,-0.86929995,0.49301988,0.035339415
1356785897047,0.072166085,0.06006126,0.9955826,0.49638885,0.8636201,-0.08808163,-0.8650954,0.50055265,0.03251034
1356785897086,0.06528047,0.04403378,0.99689496,0.5047374,0.8603438,-0.071054325,-0.8608012,0.50780857,0.03393817
1356785897127,0.059793953,0.02790697,0.9978205,0.5116742,0.8574402,-0.054642648,-0.8570963,0.5138264,0.036990464
1356785897166,0.055571765,0.014628649,0.9983476,0.5162742,0.85542834,-0.041272238,-0.8546185,0.5177147,0.0399853
1356785897207,0.052988976,0.0046666563,0.99858415,0.51785135,0.8548914,-0.031474426,-0.85382783,0.51878595,0.042883217
1356785897247,0.052779257,-0.0031598806,0.99860126,0.5165599,0.8558978,-0.024593532,-0.8546229,0.5171354,0.04680592
1356785897286,0.05568137,-0.010153711,0.9983969,0.51340455,0.85791576,-0.019907922,-0.85633826,0.51369,0.052982926
1356785897327,0.06226033,-0.017249823,0.9979109,0.5096558,0.86021185,-0.016928226,-0.85812277,0.509645,0.062348545
1356785897366,0.07288852,-0.025444582,0.9970155,0.5062644,0.8622478,-0.015006125,-0.8592925,0.50584716,0.07572967
1356785897440,0.0880824,-0.03731507,0.99541396,0.5036865,0.8638005,-0.012189031,-0.85938424,0.5024502,0.0948807
1356785897448,0.106997274,-0.048148185,0.99309283,0.5014931,0.8650772,-0.0120899975,-0.85851985,0.49932274,0.11670691
1356785897487,0.12788653,-0.06416151,0.9897112,0.50032485,0.86579585,-0.008521676,-0.85634106,0.4962669,0.14282525
1356785897527,0.15054056,-0.08427824,0.98500496,0.5008477,0.8655319,-0.0024897158,-0.8523434,0.49371225,0.17250824
1356785897566,0.17363241,-0.10992052,0.9786568,0.50451756,0.8633692,0.007460654,-0.8457622,0.49245414,0.20536572
1356785897607,0.19576788,-0.14078042,0.97049254,0.51212454,0.85864824,0.021250352,-0.8363034,0.49285293,0.24019283
1356785897646,0.21556607,-0.17577341,0.9605388,0.5233549,0.8512527,0.0383223,-0.82439727,0.49444172,0.2754931
1356785897687,0.23195314,-0.21261121,0.9492072,0.53689814,0.8416968,0.057330996,-0.81113386,0.49632946,0.30938476
1356785897727,0.24410416,-0.24712135,0.93773353,0.5504151,0.8314404,0.075829685,-0.7984086,0.49763232,0.3389774
1356785897766,0.25153506,-0.2741452,0.92821044,0.5607644,0.82294893,0.09109528,-0.7888431,0.4975937,0.36073136
1356785897807,0.2541759,-0.2896409,0.92276907,0.56515974,0.81873673,0.10131425,-0.78484964,0.49576032,0.37179655
1356785897847,0.25227892,-0.29179782,0.92261004,0.56249756,0.82003444,0.105546236,-0.7873702,0.49233884,0.371013
1356785897887,0.24601966,-0.28003502,0.9279303,0.55353016,0.82647735,0.102662146,-0.79566234,0.48838055,0.35833752
1356785897927,0.23544088,-0.2546983,0.93792135,0.54038846,0.8364272,0.091486424,-0.8078044,0.48530218,0.33456516
1356785897966,0.22055554,-0.21667665,0.95100284,0.525233,0.8479588,0.07138762,-0.82187927,0.48375311,0.30082774
1356785898007,0.20177251,-0.16878548,0.9647794,0.5099627,0.8590887,0.043642417,-0.83619726,0.48319566,0.2594148
1356785898046,0.18019402,-0.115618154,0.9768124,0.49621665,0.8681263,0.01121594,-0.8492933,0.48268956,0.21380281
1356785898087,0.15745893,-0.062338963,0.98555595,0.4855613,0.8739182,-0.022298887,-0.8599052,0.482059,0.16787559
1356785898127,0.13549021,-0.014112487,0.9906781,0.47952002,0.8759227,-0.053103834,-0.867008,0.48224506,0.12544614
1356785898164,0.11610696,0.024777755,0.9929277,0.478926,0.87439895,-0.077822685,-0.8701432,0.48457462,0.08965707
1356785898207,0.10053396,0.051986918,0.9935745,0.48352414,0.8702196,-0.09445761,-0.86953855,0.48991346,0.062349677
1356785898246,0.089102894,0.06726153,0.9937488,0.49170035,0.86469716,-0.10261424,-0.86619365,0.49776983,0.04397452
1356785898286,0.08148664,0.07207067,0.9940653,0.5016325,0.8588803,-0.10339001,-0.8612344,0.5070803,0.03383428
1356785898326,0.076851755,0.068687156,0.9946737,0.51174366,0.8534758,-0.09847574,-0.85569394,0.516586,0.030440867
1356785898366,0.074305,0.05928129,0.99547195,0.5211013,0.84879524,-0.0894431,-0.8502542,0.5253878,0.032178164
1356785898437,0.07363665,0.043700397,0.9963272,0.5298023,0.84469056,-0.07620607,-0.84491843,0.533468,0.0390476
1356785898458,0.072340034,0.027818233,0.996992,0.5366795,0.84147424,-0.062419474,-0.8406794,0.53958064,0.045942843
1356785898498,0.07058399,0.015083581,0.99739176,0.54120195,0.83934504,-0.050993547,-0.837925,0.54338974,0.05108106
1356785898538,0.06830862,0.0064534247,0.99764335,0.5425676,0.8389325,-0.042576373,-0.8372301,0.54419726,0.053804934
1356785898578,0.066156246,0.0011440516,0.9978086,0.5402159,0.84072226,-0.036781102,-0.838922,0.5414654,0.05500096
1356785898618,0.065257974,-0.0026941001,0.9978647,0.5346838,0.8444198,-0.032687217,-0.8425287,0.5356753,0.056545615
1356785898658,0.06681115,-0.006646633,0.9977435,0.5274856,0.8490459,-0.029665545,-0.84693277,0.52827734,0.060231745
1356785898698,0.071772754,-0.011379987,0.99735606,0.52006304,0.8536791,-0.027684689,-0.851107,0.520675,0.06718922
1356785898738,0.08079451,-0.01701063,0.9965856,0.5130851,0.85791445,-0.026952803,-0.85452676,0.5135109,0.078042686
1356785898778,0.09417802,-0.023788989,0.99527115,0.50656575,0.8617679,-0.027336031,-0.8570424,0.50674474,0.09321028
1356785898818,0.11179165,-0.032315463,0.993206,0.5003443,0.8653685,-0.028160825,-0.85857916,0.50009316,0.11290985
1356785898856,0.13301083,-0.043298706,0.9901683,0.49454343,0.8686873,-0.028446242,-0.8589149,0.4934649,0.13695794
1356785898896,0.15678209,-0.05772783,0.9859446,0.48993134,0.87134624,-0.026889443,-0.8575468,0.48726094,0.16489416
1356785898936,0.18181345,-0.07697345,0.9803158,0.48804092,0.8725434,-0.02200286,-0.8536744,0.48243457,0.19620633
1356785898976,0.206653,-0.10231419,0.97305,0.49082482,0.87116665,-0.012638316,-0.8463956,0.4802088,0.23024756
1356785899016,0.22973937,-0.13402073,0.9639805,0.49973553,0.866177,0.0013244301,-0.8351553,0.481431,0.26596987
1356785899056,0.2495833,-0.17076184,0.95317817,0.5147523,0.85713345,0.018770993,-0.8202063,0.48596573,0.30182624
1356785899096,0.26483345,-0.20823026,0.94154304,0.5333119,0.84511364,0.03689626,-0.8033938,0.4923648,0.33486605
1356785899136,0.27449,-0.23913074,0.9313816,0.55016404,0.8334456,0.05184552,-0.78865373,0.4981816,0.36033362
1356785899176,0.27827585,-0.2564509,0.9256324,0.5597593,0.82643026,0.06068425,-0.78053313,0.5012444,0.3735264
1356785899216,0.27657706,-0.25663778,0.92608976,0.559499,0.8265127,0.061948404,-0.7813232,0.5010128,0.37218302
1356785899256,0.2699027,-0.23943268,0.93264383,0.5502427,0.8332132,0.054668754,-0.7901806,0.49842528,0.3566326
1356785899296,0.2586154,-0.20629711,0.9436946,0.53465956,0.84421146,0.038028404,-0.804523,0.49472064,0.32862478
1356785899336,0.24311984,-0.1602985,0.95665926,0.51610243,0.85643786,0.012346074,-0.8212983,0.49073267,0.2909475
1356785899376,0.22422335,-0.10629138,0.9687239,0.49806055,0.86690784,-0.020162538,-0.83765113,0.4870041,0.24732053
1356785899440,0.20327377,-0.050348416,0.97782654,0.4836297,0.87350744,-0.055561483,-0.8513413,0.48420018,0.20191115
1356785899458,0.18203905,9.6565485E-4,0.98329073,0.47496656,0.87551284,-0.08879152,-0.8609695,0.48319378,0.15891886
1356785899498,0.1622301,0.042370692,0.98584276,0.47280085,0.87358665,-0.11534999,-0.86610657,0.48482054,0.12168914
1356785899538,0.14498442,0.070824295,0.98689586,0.47645643,0.869176,-0.13237216,-0.86716133,0.4894048,0.09227228
1356785899578,0.13062492,0.08629012,0.9876695,0.4842701,0.8637243,-0.13950881,-0.8651125,0.49652216,0.07103616
1356785899618,0.118833065,0.090825304,0.9887515,0.49435413,0.85819685,-0.13824667,-0.86109966,0.50522166,0.057082295
1356785899658,0.109032005,0.08706029,0.99021846,0.5052123,0.8530513,-0.13062894,-0.85607976,0.51451325,0.049025953
1356785899688,0.10021457,0.07913418,0.9918139,0.5150791,0.8487346,-0.119762704,-0.8512641,0.5228645,0.04429519
1356785899718,0.09270951,0.06915818,0.9932885,0.52371025,0.84505874,-0.1077186,-0.8468368,0.53018194,0.04212612
1356785899747,0.085956514,0.058035254,0.99460715,0.53099734,0.84202886,-0.09502247,-0.8430026,0.5363015,0.041561306
1356785899786,0.07956758,0.04674855,0.99573255,0.536721,0.83973515,-0.08231321,-0.8399997,0.5409801,0.0417248
1356785899826,0.07229707,0.036672533,0.99670863,0.5399751,0.83876264,-0.0700286,-0.8385701,0.54326075,0.040837824
1356785899867,0.06480197,0.02937916,0.9974656,0.5395317,0.8398398,-0.059788033,-0.8394679,0.5420387,0.03857225
1356785899907,0.058433652,0.024022281,0.99800223,0.53478503,0.8434104,-0.05161318,-0.8429653,0.53673255,0.036436796
1356785899946,0.054839104,0.018748254,0.99831915,0.5265777,0.84894216,-0.044868633,-0.84835637,0.5281532,0.036682844
1356785899986,0.05533144,0.012395024,0.9983911,0.5162947,0.8555118,-0.03923455,-0.8546217,0.517635,0.040937245
1356785900026,0.0607358,0.00526616,0.99814004,0.505396,0.86216515,-0.035301596,-0.8607474,0.5066,0.049702823
1356785900066,0.07127079,-0.0023423284,0.9974542,0.49472547,0.8684107,-0.03331019,-0.86612195,0.49584007,0.063051105
1356785900106,0.08673304,-0.010778844,0.99617326,0.484621,0.8741115,-0.032736033,-0.87041366,0.48560575,0.081038
1356785900146,0.10650575,-0.020998001,0.99409044,0.47548655,0.87912714,-0.032373488,-0.87325215,0.47612453,0.10361636
1356785900186,0.12965652,-0.03492868,0.99094355,0.4685048,0.88294536,-0.030177891,-0.87389493,0.46817458,0.13084388
1356785900226,0.15516108,-0.05535248,0.98633724,0.46593276,0.8845038,-0.02365838,-0.8711094,0.4632377,0.1630311
1356785900266,0.18177924,-0.0847193,0.9796831,0.47028548,0.8824464,-0.0109503865,-0.8635902,0.4627213,0.20025271
1356785900306,0.20780182,-0.122871265,0.9704232,0.48262048,0.8757971,0.007543996,-0.8508208,0.46677846,0.24129242
1356785900346,0.23113555,-0.16560672,0.95872355,0.5011114,0.86491036,0.02859044,-0.8339447,0.47381902,0.28289896
1356785900386,0.24979648,-0.20525467,0.94629395,0.5209422,0.8522778,0.047347307,-0.8162236,0.48113728,0.31982183
1356785900442,0.26238585,-0.23253079,0.9365272,0.53594416,0.8421926,0.05895348,-0.80244476,0.4864577,0.34560293
1356785900478,0.26792482,-0.24231704,0.93246907,0.5418353,0.8381851,0.062131196,-0.7966371,0.4885982,0.3558665
1356785900518,0.26748192,-0.23166446,0.9352994,0.53765416,0.84139293,0.05464354,-0.79961324,0.48825148,0.34961277
1356785900558,0.2613731,-0.20278716,0.9436956,0.5257904,0.8498097,0.036985517,-0.8094619,0.4865191,0.32874095
1356785900598,0.2500991,-0.15949513,0.95499307,0.50953573,0.8603884,0.01025489,-0.82330054,0.48403832,0.29645085
1356785900638,0.2344667,-0.10702592,0.96621466,0.49238354,0.87007153,-0.02310805,-0.8382027,0.48116624,0.25670058
1356785900678,0.21575016,-0.051696792,0.9750792,0.47768927,0.8765304,-0.059223622,-0.85162485,0.47856233,0.21380657
1356785900718,0.19553643,4.5363605E-4,0.9806963,0.4680298,0.8787285,-0.09372473,-0.8618083,0.47732168,0.17161113
1356785900758,0.17549792,0.044102162,0.98349154,0.4647459,0.8769634,-0.122256204,-0.8678777,0.47852933,0.13340896
1356785900798,0.15704668,0.075871974,0.9846724,0.4677625,0.8724012,-0.14182518,-0.86978996,0.482866,0.10151762
1356785900838,0.14104101,0.09422892,0.9855092,0.47577435,0.866519,-0.15094216,-0.8681856,0.49016905,0.07738298
1356785900878,0.12776923,0.09979555,0.98677045,0.48687384,0.8604849,-0.15006536,-0.8640769,0.49960643,0.06135565
1356785900918,0.117008805,0.09465474,0.9886098,0.49911678,0.8549968,-0.14093581,-0.8585985,0.5099225,0.05279839
1356785900958,0.10833892,0.08153956,0.9907643,0.5108622,0.85040087,-0.12584986,-0.85280854,0.5197785,0.050476015
1356785901016,0.101224214,0.06362012,0.99282736,0.52086675,0.84685844,-0.1073717,-0.8476152,0.5279994,0.052585006
1356785901037,0.09518424,0.044303164,0.9944733,0.5285214,0.84432554,-0.08820069,-0.84356683,0.5339958,0.056951284
1356785901077,0.089695774,0.02707079,0.99560124,0.53351116,0.84280926,-0.07098144,-0.8410235,0.53753114,0.06115389
1356785901114,0.08463966,0.014138192,0.99631125,0.5354197,0.84263045,-0.057442874,-0.84033436,0.5383066,0.06375009
1356785901157,0.080516875,0.0054242313,0.9967384,0.5339788,0.8441496,-0.04772879,-0.8416552,0.53608024,0.06507188
1356785901196,0.07828853,-7.236898E-4,0.99693054,0.5298804,0.84708095,-0.040996373,-0.8444511,0.5314635,0.06670022
1356785901236,0.07892719,-0.005986899,0.9968624,0.52424824,0.8507873,-0.03639804,-0.8478999,0.5254761,0.0702889
1356785901276,0.08324361,-0.011257857,0.9964657,0.5179827,0.8547303,-0.033615157,-0.851331,0.5189502,0.0769822
1356785901316,0.08678907,-0.025393292,0.9959031,0.5122251,0.85854995,-0.022747353,-0.85445493,0.51210076,0.087519825
1356785901356,0.10571429,-0.021830797,0.99415684,0.50410813,0.86294496,-0.034655124,-0.85714614,0.50482607,0.10223073
1356785901396,0.12532404,-0.024876252,0.991804,0.4960659,0.8673197,-0.040928796,-0.85919297,0.4971295,0.12103623
1356785901439,0.14682034,-0.033169195,0.98860687,0.4885673,0.8714502,-0.043319866,-0.8600847,0.48936123,0.14415199
1356785901478,0.16982168,-0.045459867,0.98442566,0.4828874,0.8746304,-0.04291247,-0.8590578,0.4826542,0.17048323
1356785901518,0.19325888,-0.0654306,0.9789637,0.48137873,0.8757525,-0.036497474,-0.8549418,0.47830576,0.20074385
1356785901558,0.21592557,-0.0939877,0.9718757,0.48582417,0.8737422,-0.023440048,-0.84696573,0.47722203,0.23432481
1356785901598,0.23601139,-0.12988128,0.96303135,0.49642968,0.8680648,-0.004587248,-0.8353779,0.47916,0.2693501
1356785901638,0.25167382,-0.16837715,0.95305276,0.5107997,0.8595323,0.016967222,-0.8220365,0.48254883,0.30232877
1356785901678,0.26150137,-0.20188116,0.9438544,0.52430713,0.8507379,0.036701545,-0.81038207,0.48527205,0.32831687
1356785901718,0.26503485,-0.22327103,0.93803334,0.5326038,0.8448503,0.05060804,-0.803797,0.48618722,0.34282976
1356785901758,0.26262045,-0.22868748,0.9374074,0.53392303,0.8436609,0.056235537,-0.8037143,0.48573476,0.3436641
1356785901798,0.25498134,-0.21755919,0.9421531,0.52904046,0.846977,0.05240354,-0.8093829,0.4850752,0.33106095
1356785901838,0.2428495,-0.1912378,0.9510269,0.5197568,0.8534287,0.03888969,-0.8190708,0.48485833,0.3066519
1356785901878,0.22709215,-0.15317467,0.9617519,0.50823617,0.8610474,0.017129347,-0.83073777,0.4849071,0.273386
1356785901918,0.20883974,-0.10819271,0.97194666,0.49668214,0.86787355,-0.0101130605,-0.8424327,0.48486054,0.23498386
1356785901948,0.19068581,-0.06656441,0.9793917,0.487856,0.8721935,-0.035705984,-0.8518424,0.48461074,0.19878876
1356785901987,0.17251602,-0.024592847,0.9846996,0.48194334,0.8739627,-0.062607616,-0.8590511,0.48537025,0.1626249
1356785902028,0.1550543,0.01198791,0.9878332,0.48063833,0.8726884,-0.08603348,-0.8631019,0.4881304,0.12955225
1356785902068,0.1394831,0.04016009,0.9894097,0.48426834,0.8687721,-0.103533655,-0.8637295,0.49358103,0.101730764
1356785902108,0.1264627,0.058660477,0.99023545,0.49186727,0.8631813,-0.11395018,-0.8614371,0.5014748,0.08030707
1356785902148,0.11613223,0.06781931,0.9909157,0.50177705,0.8569848,-0.117459685,-0.85716575,0.5108596,0.065493345
1356785902188,0.108254135,0.06902687,0.99172395,0.5124237,0.8509753,-0.11516525,-0.85188204,0.52064997,0.056750596
1356785902228,0.10241544,0.06417824,0.9926692,0.52271605,0.84556174,-0.108596966,-0.84633267,0.5300061,0.05305159
1356785902267,0.09801668,0.05560136,0.9936303,0.5318797,0.8409511,-0.099525034,-0.84112823,0.5382469,0.052854
1356785902306,0.09429544,0.04605402,0.99447846,0.539169,0.8373854,-0.08990255,-0.83690214,0.5446694,0.054130733
1356785902346,0.09061891,0.037855536,0.9951659,0.54351985,0.83545256,-0.08127254,-0.8344905,0.54825723,0.055132568
1356785902386,0.08695531,0.03161928,0.9957104,0.5438417,0.8359154,-0.07403861,-0.83467066,0.5479468,0.055491388
1356785902443,0.084044546,0.026155591,0.9961187,0.53999245,0.8389517,-0.067589045,-0.8374633,0.5435771,0.056385517
1356785902468,0.08301661,0.019943535,0.9963486,0.53315294,0.8437943,-0.061312675,-0.841936,0.5362961,0.059415996
1356785902508,0.08488572,0.012568682,0.9963114,0.5248642,0.849379,-0.055433556,-0.8469428,0.5276337,0.0655033
1356785902548,0.090375036,0.0045927465,0.9958973,0.5160949,0.85502505,-0.050777346,-0.85175025,0.5185665,0.07490265
1356785902588,0.099950604,-0.0032926202,0.99498695,0.50724787,0.8604564,-0.04810776,-0.8559845,0.50951344,0.08767331
1356785902628,0.1137636,-0.011067644,0.99344623,0.49851286,0.86558306,-0.047443584,-0.85938513,0.5006431,0.10398924
1356785902668,0.13162449,-0.019491583,0.99110794,0.49023715,0.8702668,-0.047991052,-0.861593,0.49219477,0.124103904
1356785902706,0.1530655,-0.030146241,0.98775613,0.4834004,0.8740696,-0.04823257,-0.86191356,0.48486447,0.14836258
1356785902746,0.17737931,-0.04518877,0.9831045,0.47979993,0.8761556,-0.046296388,-0.8592605,0.47990552,0.17709345
1356785902786,0.20353499,-0.066526175,0.97680485,0.48140138,0.8755559,-0.04067816,-0.85254097,0.47851467,0.21023208
1356785902826,0.22996348,-0.09385377,0.9686631,0.48886383,0.87178797,-0.031590164,-0.841504,0.48080897,0.24636114
1356785902867,0.25447991,-0.12342711,0.9591693,0.50024736,0.8656198,-0.02133298,-0.82764286,0.4852507,0.28202695
1356785902906,0.27466404,-0.14834337,0.9500283,0.5110589,0.8594388,-0.0135548115,-0.8144804,0.4892435,0.31186914
1356785902946,0.2887609,-0.16205007,0.9435873,0.5170001,0.8559118,-0.01122196,-0.805809,0.49107516,0.33093375
1356785902986,0.29607973,-0.16105805,0.9414867,0.516461,0.8561621,-0.015955448,-0.8034954,0.49096525,0.33667243
1356785903026,0.29668933,-0.14504944,0.9438941,0.5104407,0.85944474,-0.028372169,-0.8071094,0.4902197,0.32902724
1356785903066,0.291035,-0.11569083,0.9496917,0.500935,0.86413926,-0.048243687,-0.8150845,0.4897744,0.30944836
1356785903106,0.27984172,-0.075948045,0.95703745,0.48988277,0.86861527,-0.07431272,-0.82565343,0.48963192,0.2802804
1356785903146,0.26410177,-0.029586136,0.9640409,0.47898322,0.87158537,-0.104470134,-0.8371531,0.4893502,0.24435854
1356785903186,0.24510992,0.019043073,0.96930826,0.46993077,0.87216866,-0.13596651,-0.84798944,0.48883453,0.20482826
1356785903227,0.22450364,0.06525825,0.9722857,0.4643976,0.87000203,-0.1656239,-0.8566988,0.48871034,0.16501284
1356785903266,0.20401052,0.10508525,0.97331226,0.46352255,0.8653463,-0.1905849,-0.8622799,0.4900335,0.12783039
1356785903306,0.18518427,0.13569354,0.9732904,0.46738684,0.8590665,-0.20869668,-0.8644399,0.49355048,0.09566426
1356785903346,0.16910896,0.1559167,0.9731866,0.4749564,0.85230255,-0.2190819,-0.8636079,0.4992699,0.07007837
1356785903386,0.15628392,0.16606502,0.97365177,0.4846704,0.8460312,-0.22209416,-0.8606218,0.5066099,0.05173427
1356785903443,0.14671952,0.16747257,0.9748981,0.4950265,0.84084034,-0.21894363,-0.8564007,0.51472366,0.04046434
1356785903468,0.1399799,0.16226302,0.9767684,0.5047332,0.83699715,-0.21137686,-0.851851,0.52259594,0.03526324
1356785903508,0.13530448,0.15335564,0.978864,0.51294017,0.8344096,-0.20162612,-0.847694,0.5293796,0.034237087
1356785903548,0.13177556,0.1441307,0.9807454,0.51900244,0.8328983,-0.1921376,-0.8445541,0.5343283,0.03495145
1356785903588,0.12885737,0.13719921,0.9821263,0.52203655,0.83265984,-0.18481179,-0.84313315,0.53652024,0.035671353
1356785903628,0.12690103,0.13311207,0.9829432,0.5213161,0.8341078,-0.18026002,-0.8438754,0.5352993,0.03645569
1356785903668,0.12695903,0.13071008,0.98325807,0.5171328,0.83717805,-0.17806347,-0.8464368,0.53108174,0.038692832
1356785903707,0.13009188,0.12869489,0.98311424,0.5106739,0.8412115,-0.1776946,-0.84987545,0.5251674,0.04371369
1356785903746,0.13692075,0.12659375,0.98245955,0.5031479,0.84544635,-0.17906043,-0.8532847,0.5188396,0.052063763
1356785903786,0.14761525,0.124354556,0.981196,0.49516946,0.8494857,-0.18215722,-0.85616404,0.51274747,0.06382048
1356785903826,0.16202188,0.12177524,0.9792445,0.48682025,0.85332453,-0.18666366,-0.8583443,0.5069597,0.078974605
1356785903866,0.1797275,0.11816496,0.9765936,0.47806448,0.8571511,-0.19169341,-0.8597398,0.5013273,0.09756315
1356785903907,0.20025796,0.11194697,0.9733266,0.46934417,0.86107826,-0.1956024,-0.86000746,0.49599606,0.119896114
1356785903965,0.2230469,0.10118775,0.9695416,0.46194696,0.8648578,-0.19653493,-0.85840255,0.49171335,0.14616048
1356785903987,0.24756485,0.08309087,0.9653018,0.45779523,0.86804986,-0.19212753,-0.8538942,0.4894746,0.17686003
1356785904027,0.27292404,0.05634232,0.96038425,0.45860028,0.86993885,-0.18136218,-0.84569395,0.4899306,0.21158862
1356785904064,0.29746023,0.021927759,0.95448244,0.46518564,0.8697084,-0.16495328,-0.83373845,0.49307853,0.24850321
1356785904107,0.31897336,-0.016529426,0.94761944,0.47676754,0.8669274,-0.14536035,-0.81911457,0.4981603,0.28440744
1356785904146,0.33452547,-0.051738337,0.94096535,0.4895869,0.8627122,-0.12661888,-0.8052313,0.50304157,0.31392962
1356785904186,0.3419764,-0.076361954,0.9366007,0.49881923,0.859431,-0.11206116,-0.7963865,0.50551677,0.33199596
1356785904226,0.34059793,-0.086642206,0.9362084,0.50179005,0.85882634,-0.10307324,-0.7951099,0.50488657,0.33599067
1356785904266,0.33094025,-0.082462296,0.9400417,0.49891663,0.86084646,-0.10012768,-0.8009748,0.50213873,0.32603055
1356785904306,0.314079,-0.065571845,0.9471297,0.49230224,0.8642587,-0.1034185,-0.8117838,0.49875566,0.30372667
1356785904346,0.2914195,-0.03890018,0.9558041,0.48437858,0.8676114,-0.11237359,-0.82489514,0.4957189,0.2716813
1356785904386,0.26466155,-0.00614506,0.9643218,0.47700575,0.8699122,-0.12537251,-0.8381049,0.4931683,0.23316354
1356785904441,0.23245627,0.036184013,0.9719336,0.47036302,0.87049496,-0.14490381,-0.85130656,0.4908454,0.18533236
1356785904478,0.20020783,0.07148293,0.97714233,0.46737042,0.86957735,-0.1593741,-0.8610934,0.4885953,0.14068717
1356785904519,0.17107913,0.100878656,0.9800793,0.46740782,0.86737216,-0.17086685,-0.8673303,0.48732847,0.10123783
1356785904558,0.14617291,0.12241681,0.9816556,0.4706638,0.8642011,-0.17785366,-0.87012017,0.4880271,0.06870562
1356785904598,0.12629268,0.13517049,0.9827406,0.47667864,0.86053133,-0.17961958,-0.86995834,0.4911361,0.0442459
1356785904638,0.11166656,0.13914157,0.9839564,0.4845699,0.8568317,-0.17615736,-0.86759585,0.49646652,0.028255641
1356785904678,0.101893514,0.135222,0.98556215,0.49354106,0.85332197,-0.16810358,-0.8637331,0.50354403,0.020210385
1356785904718,0.0960744,0.12507427,0.98748475,0.50302154,0.84996873,-0.15659656,-0.8589174,0.511771,0.018745184
1356785904756,0.09292987,0.11122809,0.98944044,0.5124306,0.8466862,-0.1433087,-0.8536855,0.5203372,0.02168578
1356785904796,0.091104925,0.09680262,0.9911252,0.5208931,0.84362215,-0.13027701,-0.8487464,0.5281391,0.026434302
1356785904837,0.08975598,0.08427711,0.9923916,0.5269892,0.8414818,-0.11912438,-0.845119,0.53367186,0.031114876
1356785904876,0.08905399,0.07422811,0.9932571,0.5293103,0.8412249,-0.11032365,-0.8437417,0.5355659,0.035624743
1356785904916,0.089975774,0.06562957,0.9937792,0.527531,0.8432138,-0.10344827,-0.84475756,0.5335572,0.04124719
1356785904957,0.09356731,0.05749798,0.9939513,0.52265483,0.846871,-0.098190755,-0.84739435,0.5286809,0.04918784
1356785904996,0.100465596,0.04973212,0.9936968,0.5159826,0.85133994,-0.09477484,-0.85068715,0.5222519,0.05986947
1356785905036,0.11094311,0.042762533,0.99290633,0.5083278,0.8560545,-0.093666986,-0.85398746,0.5151136,0.07323593
1356785905076,0.1250749,0.036637023,0.9914706,0.5000052,0.8608088,-0.09488489,-0.8569429,0.5076082,0.089346886
1356785905116,0.14279225,0.030756548,0.9892747,0.49126774,0.8654985,-0.09781808,-0.85922426,0.49996638,0.10847676
1356785905156,0.16382283,0.023774669,0.98620325,0.48287606,0.8698235,-0.10118188,-0.86022836,0.49278986,0.13101673
1356785905196,0.18781456,0.013132021,0.98211676,0.47661442,0.873079,-0.10281919,-0.8588157,0.4874019,0.15771806
1356785905236,0.21414891,-0.003666699,0.9767941,0.47494152,0.8742204,-0.10084286,-0.85356355,0.4855155,0.18895477
1356785905276,0.24150047,-0.02806513,0.96999484,0.4796664,0.8723817,-0.09418212,-0.84356254,0.48801893,0.22414249
1356785905316,0.2675358,-0.057783112,0.96181375,0.48988146,0.86771977,-0.08413406,-0.8297233,0.49368364,0.260453
1356785905356,0.28932843,-0.086837515,0.95328295,0.5016306,0.86193407,-0.07373232,-0.8152642,0.49952877,0.2929424
1356785905396,0.29838583,-0.11805469,0.94711614,0.5136158,0.8562503,-0.055084422,-0.80446553,0.5028902,0.31612772
1356785905442,0.30824053,-0.121283054,0.9435455,0.5144108,0.8555752,-0.058074027,-0.8002308,0.50327075,0.32611227
1356785905478,0.3095944,-0.110008,0.9444837,0.5095511,0.857819,-0.06711309,-0.8028131,0.50204057,0.32163066
1356785905518,0.30270776,-0.08456132,0.94932467,0.5007814,0.86159134,-0.0829359,-0.8109167,0.5005095,0.30315715
1356785905558,0.28859407,-0.047517255,0.9562717,0.490081,0.86534154,-0.10490304,-0.822517,0.49892497,0.27301973
1356785905598,0.26881263,-0.0027457774,0.9631886,0.47930682,0.86777115,-0.13129415,-0.8354668,0.4969564,0.23458391
1356785905638,0.24531883,0.04507783,0.96839386,0.4704043,0.8679047,-0.15956555,-0.84766644,0.49468106,0.19170856
1356785905678,0.22036481,0.09107062,0.97115684,0.4651771,0.8653059,-0.18669757,-0.85735035,0.49290147,0.148319
1356785905718,0.19623423,0.13087267,0.9717841,0.46466035,0.860303,-0.20968896,-0.8634714,0.49269772,0.10800952
1356785905758,0.17481297,0.1614091,0.97128135,0.46865922,0.85391295,-0.22625476,-0.8659093,0.49475223,0.0736292
1356785905798,0.15724188,0.18136059,0.9707643,0.47604394,0.8473282,-0.2354083,-0.86524975,0.49914253,0.046899855
1356785905838,0.1438246,0.19086674,0.97102237,0.48534492,0.84150517,-0.23729616,-0.8624122,0.5054098,0.02839297
1356785905878,0.13426366,0.19117194,0.9723306,0.4954909,0.8367951,-0.23294365,-0.8581737,0.5130568,0.01762718
1356785905917,0.12778488,0.18416935,0.9745525,0.5056756,0.83320034,-0.22376187,-0.8532076,0.52140087,0.013340473
1356785905946,0.12271279,0.17415388,0.9770425,0.5146273,0.8306155,-0.21268909,-0.84858733,0.52891237,0.012302816
1356785905986,0.11950934,0.16114044,0.979669,0.52248335,0.82884455,-0.2000696,-0.84423256,0.5357709,0.0148614645
1356785906026,0.116435945,0.14765339,0.9821614,0.5285639,0.82800883,-0.18714043,-0.84087026,0.540925,0.01836574
1356785906066,0.11295083,0.13648197,0.9841823,0.5317037,0.8284608,-0.17590879,-0.8393648,0.54316235,0.021007419
1356785906106,0.109482646,0.12834835,0.98566747,0.5308003,0.83085066,-0.1671474,-0.84039557,0.5414923,0.022836387
1356785906146,0.10730171,0.12203905,0.98670805,0.5257944,0.8353332,-0.16049519,-0.84381676,0.53602695,0.02546525
1356785906186,0.107846946,0.11598669,0.9873784,0.517873,0.8412274,-0.15538336,-0.84863216,0.52809423,0.03065741
1356785906226,0.11215237,0.1095075,0.9876386,0.50856566,0.8475497,-0.15172544,-0.85368776,0.51929545,0.039362967
1356785906266,0.12075913,0.102563605,0.98736924,0.49887234,0.853651,-0.1496876,-0.85822123,0.51064736,0.051919997
1356785906306,0.13381934,0.0949994,0.98644185,0.48916915,0.8593468,-0.14911953,-0.86186194,0.50249195,0.06852645
1356785906346,0.15109658,0.086233154,0.9847505,0.47961098,0.864685,-0.14930893,-0.8643744,0.49485725,0.089292586
1356785906386,0.17202893,0.075065136,0.9822277,0.47071898,0.86962736,-0.1489023,-0.8653494,0.48796874,0.114266455
1356785906442,0.19817683,0.051831335,0.97879493,0.4652373,0.87396824,-0.14047705,-0.8627168,0.48321116,0.14908636
1356785906478,0.22751212,0.02626963,0.97342086,0.46427888,0.87577516,-0.13214773,-0.8559693,0.48200393,0.18705302
1356785906518,0.2564501,-0.008476883,0.96652025,0.47123072,0.87416625,-0.117366314,-0.84390455,0.48555267,0.22817457
1356785906558,0.28283903,-0.048039198,0.95796365,0.48458928,0.8690651,-0.09949395,-0.82775325,0.49235967,0.2690848
1356785906598,0.30400348,-0.08385439,0.9489733,0.4990989,0.86249584,-0.0836733,-0.8114691,0.4990685,0.30405337
1356785906638,0.31814438,-0.10769875,0.94190514,0.50897026,0.85761005,-0.073853016,-0.7998334,0.50289756,0.32765925
1356785906676,0.32482108,-0.11528757,0.93872255,0.51142704,0.85632193,-0.07179868,-0.79557127,0.50340986,0.3371126
1356785906716,0.3244111,-0.10598004,0.9399605,0.50694793,0.8584242,-0.07817745,-0.7985996,0.50187266,0.3322087
1356785906756,0.31760478,-0.08142166,0.94472104,0.4976064,0.862407,-0.09296246,-0.80716497,0.49962455,0.31442052
1356785906796,0.30515862,-0.04431075,0.9512701,0.48570174,0.8664673,-0.11544804,-0.8191289,0.4972635,0.28593177
1356785906836,0.2880877,9.97439E-4,0.95760345,0.47370386,0.86892843,-0.14341523,-0.832232,0.49493665,0.2498551
1356785906877,0.26773873,0.049363673,0.96222615,0.4639359,0.86868155,-0.17365451,-0.84444034,0.49290532,0.20967811
1356785906916,0.245799,0.09527151,0.9646275,0.45829946,0.86547834,-0.20225938,-0.8541337,0.4918034,0.16907084
1356785906957,0.22400042,0.13425481,0.9652976,0.45768642,0.85996044,-0.22581199,-0.8604342,0.4923856,0.13118488
1356785906998,0.20380229,0.16332056,0.9652932,0.4617679,0.8533843,-0.24187939,-0.86327,0.49503696,0.0985055
1356785907034,0.18615878,0.18112653,0.9656801,0.46926475,0.84712124,-0.24935159,-0.86321235,0.49957862,0.072702765
1356785907077,0.17143753,0.18781628,0.96712685,0.47887808,0.8420039,-0.24840559,-0.8609791,0.50572187,0.05440998
1356785907116,0.1592704,0.18458426,0.96982557,0.48944676,0.8383724,-0.23994493,-0.8573651,0.5128941,0.043183744
1356785907156,0.14908507,0.17343642,0.9734955,0.49999952,0.8361418,-0.2255377,-0.85309684,0.52037156,0.037938118
1356785907196,0.13986406,0.15711193,0.9776267,0.50950027,0.8351735,-0.20711027,-0.8490274,0.5270683,0.036762178
1356785907236,0.13065553,0.1390979,0.98162156,0.5170187,0.83525896,-0.18717405,-0.84594375,0.53197205,0.037214994
1356785907276,0.1208576,0.122595355,0.9850704,0.5216493,0.8364359,-0.16809799,-0.8445563,0.53417724,0.037137866
1356785907316,0.110667974,0.10912596,0.9878482,0.52251565,0.8391104,-0.15123223,-0.8454171,0.5329027,0.035842657
1356785907356,0.101193905,0.097902656,0.99003774,0.5194176,0.84354675,-0.13650726,-0.8485076,0.52805674,0.03450942
1356785907396,0.094046414,0.08694486,0.99176395,0.5132457,0.8493631,-0.12313074,-0.85307324,0.52059865,0.03525549
1356785907440,0.090848744,0.074383125,0.99308294,0.50510144,0.85598,-0.1103214,-0.8582652,0.5116302,0.040193677
1356785907478,0.09245217,0.061771005,0.99379915,0.49666998,0.8621832,-0.099794924,-0.8630014,0.5028165,0.0490309
1356785907518,0.0990971,0.04749964,0.99394345,0.48823088,0.86804473,-0.09016015,-0.86706996,0.4942085,0.06282991
1356785907558,0.111249804,0.032776326,0.99325186,0.4798275,0.8734691,-0.08256701,-0.87028104,0.48577508,0.08144629
1356785907598,0.1282902,0.01746288,0.9915829,0.4716771,0.87844706,-0.07649563,-0.87238884,0.47752059,0.104459345
1356785907638,0.14913407,9.4401836E-4,0.9888165,0.46462807,0.88266146,-0.07091825,-0.8728572,0.47000825,0.13119626
1356785907678,0.17241746,-0.018234298,0.9848552,0.46045727,0.88535583,-0.064219624,-0.8707763,0.4645563,0.16104692
1356785907716,0.19664949,-0.042066768,0.97957104,0.46149534,0.8854596,-0.054620266,-0.8650729,0.4628085,0.19353878
1356785907756,0.220245,-0.072047174,0.9727802,0.46971095,0.88186616,-0.041032434,-0.8549057,0.4659627,0.22806793
1356785907796,0.24146003,-0.107262045,0.9644646,0.48533127,0.87399244,-0.024305597,-0.8403277,0.47395366,0.26309186
1356785907837,0.25851074,-0.14327376,0.9553245,0.50563097,0.8627178,-0.0074385405,-0.8231097,0.4849646,0.29546547
1356785907876,0.26996124,-0.17247897,0.9472972,0.5245524,0.85136026,0.005524054,-0.807444,0.49541575,0.3203085
1356785907916,0.275263,-0.18802445,0.9428027,0.5358127,0.8442525,0.011933282,-0.79820734,0.50188094,0.3331374
1356785907956,0.2746486,-0.18675055,0.94323504,0.5366861,0.84371316,0.0107755065,-0.79783213,0.5032617,0.33195108
1356785907996,0.26862642,-0.16847606,0.9483964,0.5283875,0.8490026,0.0011574924,-0.805386,0.5008098,0.31708515
1356785908036,0.25770363,-0.13488388,0.9567629,0.5142082,0.8574846,-0.017614067,-0.8180336,0.4965145,0.2903353
1356785908076,0.24248484,-0.08932325,0.9660344,0.4978899,0.8660774,-0.044894785,-0.8326504,0.49186507,0.25448376
1356785908116,0.22386563,-0.03681326,0.97392446,0.48278153,0.87226015,-0.07800135,-0.846644,0.4876546,0.21304184
1356785908156,0.2030698,0.017076254,0.9790154,0.47133803,0.8746807,-0.113022536,-0.8582559,0.48439863,0.16957253
1356785908196,0.18153358,0.067151695,0.9810893,0.46507695,0.87317806,-0.14582004,-0.86645776,0.48275328,0.12728041
1356785908236,0.16073498,0.109097466,0.9809495,0.46459913,0.8685133,-0.17272031,-0.870811,0.4835105,0.08891386
1356785908277,0.14198336,0.1395147,0.9799879,0.4695201,0.8620697,-0.19075282,-0.8714308,0.48720777,0.0568946
1356785908316,0.12614003,0.15655102,0.9795817,0.47864634,0.8553154,-0.1983264,-0.86889946,0.4938901,0.032956958
1356785908356,0.11338797,0.16024156,0.9805437,0.4904359,0.84926564,-0.19550095,-0.8640694,0.50306123,0.017708302
1356785908396,0.10330698,0.1526206,0.9828706,0.50328654,0.8443018,-0.1840027,-0.8579221,0.5136743,0.010410368
1356785908438,0.09514165,0.13714822,0.98597074,0.51551926,0.84051424,-0.1666605,-0.85157967,0.5241433,0.009265363
1356785908478,0.088021696,0.118199855,0.98908097,0.52551925,0.83800125,-0.14691292,-0.84621614,0.5327126,0.011645973
1356785908518,0.081415,0.0997521,0.9916759,0.53227484,0.8368577,-0.12787797,-0.84264773,0.53825533,0.015037239
1356785908558,0.07514173,0.08453143,0.9935835,0.5352422,0.837279,-0.11171222,-0.8413498,0.5402021,0.017669797
1356785908598,0.06965554,0.073151276,0.99488544,0.5341739,0.83954257,-0.09912883,-0.8425001,0.5383467,0.019403279
