1356786600409,-0.5168968,-0.12023571,-0.84756184,-0.83455884,-0.1496687,0.5301989,-0.1906023,0.9813983,-0.022980511
1356786600447,-0.120509446,-0.04656419,-0.9916195,-0.9742427,-0.18624103,0.12714314,-0.19060057,0.9814,-0.022921026
1356786600488,-0.12083274,-0.04619682,-0.9915974,-0.9742056,-0.18626583,0.12739125,-0.19058576,0.98141277,-0.02249819
1356786600527,-0.1218583,-0.045030892,-0.99152553,-0.9740903,-0.18632907,0.12817782,-0.19052199,0.9814549,-0.021158427
1356786600566,-0.12388998,-0.0427455,-0.99137485,-0.97386897,-0.186405,0.12973961,-0.19034305,0.9815426,-0.01853478
1356786600607,-0.12714398,-0.039076746,-0.99111414,-0.9735301,-0.18641907,0.13223821,-0.18993005,0.98169285,-0.014340311
1356786600647,-0.13185143,-0.03395471,-0.9906877,-0.973055,-0.18627399,0.13588902,-0.18915346,0.9819108,-0.008479267
1356786600686,-0.13753456,-0.027705014,-0.99010944,-0.97249025,-0.18596047,0.14029059,-0.18800795,0.9821665,-0.0013668537
1356786600726,-0.14391434,-0.020637274,-0.9893749,-0.9718469,-0.18552738,0.14523464,-0.18655336,0.9824223,0.0066438317
1356786600768,-0.15055138,-0.013289273,-0.98851293,-0.9711418,-0.18510872,0.1503942,-0.18498093,0.9826282,0.014962554
1356786600807,-0.15695494,-0.0059465766,-0.9875879,-0.9704146,-0.18483925,0.15533862,-0.18346873,0.9827508,0.023240745
1356786600846,-0.16405135,6.7803264E-4,-0.9864515,-0.9694847,-0.18478471,0.16110265,-0.18217194,0.9827788,0.030971557
1356786600888,-0.17099309,0.00685364,-0.9852484,-0.96848726,-0.18496215,0.16679749,-0.18109053,0.9827217,0.0382649
1356786600928,-0.17821264,0.0126912,-0.98391014,-0.9673583,-0.18533695,0.17282403,-0.18016154,0.98259306,0.045306295
1356786600967,-0.1855098,0.018098682,-0.98247576,-0.966138,-0.18583852,0.17900145,-0.17934206,0.98241365,0.051960647
1356786601029,-0.192572,0.023342103,-0.9810052,-0.9649024,-0.18640625,0.18497568,-0.17854783,0.98219544,0.058419466
1356786601047,-0.19863111,0.02813378,-0.9796704,-0.9638355,-0.1868152,0.1900557,-0.17767036,0.9819921,0.06422365
1356786601094,-0.20361185,0.032947302,-0.97849715,-0.9631231,-0.18628895,0.19414008,-0.17588684,0.9819424,0.06966296
1356786601134,-0.20590776,0.037427455,-0.9778553,-0.9631394,-0.1845147,0.19574672,-0.17310235,0.9821169,0.07404089
1356786601177,-0.20646906,0.041904956,-0.97755545,-0.96378446,-0.18105912,0.19579902,-0.1687904,0.9825791,0.07777047
1356786601217,-0.20577937,0.047288477,-0.9774552,-0.9649299,-0.17616326,0.19461983,-0.16298848,0.98322445,0.08188084
1356786601256,-0.20486045,0.054612696,-0.97726643,-0.966325,-0.17012954,0.19305944,-0.15571842,0.9839072,0.08762646
1356786601296,-0.20412803,0.06436303,-0.9768261,-0.96783876,-0.16314381,0.1915003,-0.1470376,0.98450065,0.09559521
1356786601338,-0.20358592,0.07644543,-0.976068,-0.96943367,-0.15517652,0.19004878,-0.13693452,0.98492444,0.10570055
1356786601364,-0.20145237,0.08875477,-0.9754689,-0.9712342,-0.1471932,0.1871852,-0.12696874,0.9851177,0.115854114
1356786601395,-0.19977504,0.10129231,-0.9745921,-0.972864,-0.13899714,0.18497443,-0.11672899,0.98509884,0.12631175
1356786601437,-0.19979489,0.11590344,-0.97295856,-0.97426516,-0.12925088,0.18466622,-0.104352325,0.98481506,0.13874435
1356786601476,-0.1993537,0.13190463,-0.97100943,-0.9757365,-0.118267715,0.18425837,-0.09053451,0.9841819,0.15228122
1356786601516,-0.19903612,0.14854136,-0.9686693,-0.9770466,-0.10665792,0.18440187,-0.0759249,0.9831376,0.16636056
1356786601556,-0.19939846,0.16536391,-0.9658649,-0.9780103,-0.095065415,0.1856299,-0.061123848,0.98164016,0.18068346
1356786601596,-0.20077324,0.18208876,-0.9625662,-0.9785254,-0.08408576,0.18819553,-0.0466699,0.9796801,0.1950607
1356786601637,-0.20315975,0.19837373,-0.9588399,-0.9785827,-0.07433587,0.19196361,-0.033195645,0.97730345,0.20922717
1356786601676,-0.20631129,0.21374601,-0.9548551,-0.9782489,-0.066557705,0.1964668,-0.02155897,0.97461927,0.22282842
1356786601716,-0.20978165,0.2275458,-0.950902,-0.97766393,-0.061589897,0.20094755,-0.012841135,0.97181773,0.23538369
1356786601757,-0.21283954,0.23875076,-0.9474689,-0.9770531,-0.06009525,0.20434213,-0.008151591,0.96921957,0.24606287
1356786601796,-0.21454185,0.24605536,-0.94521344,-0.9766809,-0.062104404,0.20551741,-0.008133262,0.96726406,0.25364164
1356786601836,-0.21394163,0.24815354,-0.944801,-0.9767635,-0.06695008,0.20359465,-0.012731731,0.96640444,0.2567107
1356786601876,-0.21022063,0.24390733,-0.9467399,-0.9774169,-0.07375759,0.19803032,-0.021528214,0.96698964,0.2539045
1356786601917,-0.20286775,0.23261651,-0.9511752,-0.97861624,-0.081876695,0.18869692,-0.03398505,0.96911603,0.24425238
1356786601956,-0.19181311,0.21421957,-0.95776707,-0.9801848,-0.09098768,0.1759519,-0.049452722,0.97253853,0.22742736
1356786601996,-0.17762893,0.18955162,-0.96566975,-0.9818113,-0.1009835,0.16077602,-0.0670414,0.97666395,0.20404154
1356786602036,-0.16137213,0.16013402,-0.9738152,-0.9831577,-0.11186242,0.14452562,-0.08578989,0.9807364,0.17548853
1356786602076,-0.14447945,0.12803942,-0.98118883,-0.98396486,-0.123399794,0.12878528,-0.104588926,0.9840622,0.14381504
1356786602116,-0.12864035,0.09575981,-0.98705715,-0.98415655,-0.1347894,0.11518568,-0.1220147,0.9862363,0.11158204
1356786602156,-0.11540061,0.065689415,-0.99114454,-0.9838973,-0.14466351,0.104969054,-0.1364871,0.987298,0.08132586
1356786602196,-0.10585421,0.03964144,-0.9935912,-0.98351544,-0.15148741,0.09873688,-0.14660242,0.987664,0.05502352
1356786602236,-0.10053164,0.018628836,-0.99475944,-0.98331726,-0.1541987,0.09648758,-0.15159321,0.9878642,0.033819944
1356786602276,-0.09936559,0.002803862,-0.99504703,-0.98342,-0.15272635,0.09777415,-0.15169567,0.98826456,0.01793307
1356786602338,-0.101802886,-0.008401096,-0.9947691,-0.9837369,-0.14789724,0.10192284,-0.14797983,0.98896706,0.0067918897
1356786602358,-0.107034385,-0.01603651,-0.99412596,-0.9840224,-0.14137506,0.108227074,-0.14228019,0.98982626,-6.482899E-4
1356786602398,-0.114143014,-0.021072894,-0.99324083,-0.9840534,-0.13488787,0.115949035,-0.13641956,0.9906367,-0.0053403676
1356786602428,-0.1222263,-0.024694175,-0.99219495,-0.9837085,-0.12976694,0.12441063,-0.13182634,0.9912369,-0.008430898
1356786602458,-0.13008553,-0.027182251,-0.9911301,-0.9831008,-0.126324,0.13249615,-0.12880504,0.9916166,-0.010290027
1356786602498,-0.13777679,-0.02878189,-0.99004495,-0.98211384,-0.12554628,0.1403229,-0.12833521,0.99167013,-0.010969758
1356786602538,-0.14579111,-0.030174792,-0.9888551,-0.98059195,-0.12803584,0.14847985,-0.13108921,0.9913105,-0.01092267
1356786602578,-0.15353024,-0.031542063,-0.98764044,-0.9785094,-0.13437873,0.15640241,-0.13765115,0.9904279,-0.010232985
1356786602618,-0.16054589,-0.032532305,-0.98649204,-0.97592556,-0.1442554,0.16358352,-0.14762855,0.98900557,-0.008589447
1356786602648,-0.16624236,-0.03276044,-0.9855405,-0.97334796,-0.15466768,0.16932702,-0.1579785,0.9874232,-0.0061749816
1356786602688,-0.17112595,-0.03077975,-0.9847683,-0.97056043,-0.16668165,0.17386681,-0.16949442,0.9855302,-0.0013499856
1356786602726,-0.17423409,-0.025767744,-0.984367,-0.96805847,-0.17854786,0.17602131,-0.18029234,0.9835937,0.0061644614
1356786602767,-0.17547989,-0.017164707,-0.9843334,-0.9661946,-0.18882287,0.17553893,-0.1888777,0.98186123,0.016550153
1356786602806,-0.1748082,-0.004757017,-0.984591,-0.96523345,-0.19654506,0.17232096,-0.19433627,0.9804833,0.029766083
1356786602847,-0.1724369,0.011463463,-0.9849539,-0.9652952,-0.2010755,0.166655,-0.19613966,0.9795087,0.04573846
1356786602886,-0.16842258,0.031101704,-0.985224,-0.9664322,-0.2019406,0.15883529,-0.19401667,0.9789038,0.06406909
1356786602926,-0.17678231,0.050796807,-0.9829383,-0.9661742,-0.19947094,0.16345888,-0.18776438,0.97858626,0.084341496
1356786602966,-0.15825152,0.0783678,-0.9842839,-0.97140014,-0.19107574,0.14096686,-0.17702559,0.97844183,0.10636458
1356786603006,-0.14428425,0.10707989,-0.98372555,-0.9762974,-0.17747748,0.123876095,-0.1613245,0.978282,0.13014898
1356786603046,-0.13351578,0.13697574,-0.9815352,-0.9810202,-0.15879154,0.111285925,-0.14061597,0.97776425,0.15557715
1356786603086,-0.12538838,0.16753319,-0.9778601,-0.9853313,-0.13603324,0.10304028,-0.11575875,0.9764362,0.18213266
1356786603126,-0.11962134,0.19739848,-0.9729977,-0.9888186,-0.11158389,0.09892863,-0.089042485,0.97395223,0.2085391
1356786603166,-0.115773916,0.22417465,-0.96764773,-0.9911792,-0.089334965,0.09789312,-0.06449956,0.97044575,0.23253986
1356786603206,-0.113110065,0.24478075,-0.96295834,-0.9924798,-0.073484,0.097898245,-0.04679838,0.96678984,0.25125164
1356786603246,-0.110839605,0.25648728,-0.9601712,-0.99307835,-0.06635898,0.096912086,-0.038859338,0.96426696,0.26206714
1356786603286,-0.10841638,0.25773385,-0.9601141,-0.99327457,-0.06756812,0.09402281,-0.040640205,0.96385056,0.26332593
1356786603338,-0.10567176,0.24823603,-0.96291876,-0.9931396,-0.07510579,0.08962625,-0.050072223,0.96578366,0.2544695
1356786603368,-0.10281968,0.22893363,-0.9679967,-0.992603,-0.08677268,0.08491135,-0.06455657,0.96956694,0.23616207
1356786603408,-0.100247145,0.2015959,-0.9743252,-0.99157953,-0.10092771,0.081139624,-0.08197904,0.9742549,0.21001613
1356786603438,-0.099487424,0.17307037,-0.97987187,-0.99013406,-0.1148749,0.080239505,-0.09867558,0.9781873,0.18279141
1356786603467,-0.09924811,0.14394668,-0.98459595,-0.9884641,-0.12802559,0.080920845,-0.114405215,0.981269,0.15499243
1356786603496,-0.09984267,0.115097046,-0.9883239,-0.9866488,-0.13989872,0.083381325,-0.12866834,0.98345363,0.12752825
1356786603536,-0.10080701,0.08465582,-0.99129784,-0.9848015,-0.15013504,0.08732495,-0.14143595,0.98503447,0.09850377
1356786603577,-0.10449946,0.055725694,-0.9929626,-0.9829881,-0.15742457,0.09461495,-0.15104416,0.9859575,0.071228385
1356786603616,-0.11069417,0.030704439,-0.9933801,-0.9814176,-0.16100734,0.10438454,-0.15673643,0.98647547,0.047956407
1356786603656,-0.119117975,0.010828972,-0.99282104,-0.9800915,-0.16125613,0.11583182,-0.15884417,0.9868531,0.029821932
1356786603696,-0.12926131,-0.0038963556,-0.9916029,-0.97891325,-0.15901375,0.12823194,-0.15817812,0.9872686,0.016740173
1356786603736,-0.14040804,-0.01434654,-0.9899898,-0.97785836,-0.15469974,0.14092928,-0.155173,0.9878574,0.007692158
1356786603776,-0.15191746,-0.021640867,-0.98815626,-0.9769318,-0.14852297,0.15344453,-0.15008456,0.98867214,0.0014215708
1356786603816,-0.16330135,-0.026621431,-0.986217,-0.9760642,-0.14117736,0.16543111,-0.14363554,0.9896263,-0.002929747
1356786603856,-0.17426783,-0.029772818,-0.98424804,-0.9751275,-0.13380319,0.17670041,-0.13695642,0.9905606,-0.005714655
1356786603896,-0.18472153,-0.031532794,-0.9822849,-0.9739598,-0.1278143,0.18725896,-0.1314548,0.99129677,-0.0071017146
1356786603937,-0.19451392,-0.03235224,-0.9803661,-0.97241247,-0.124833286,0.19705528,-0.12875748,0.99165016,-0.0071778893
1356786603976,-0.20348197,-0.032318145,-0.9785452,-0.97036827,-0.12636471,0.205955,-0.13030961,0.9914572,-0.0056475997
1356786604014,-0.211451,-0.030695707,-0.9769064,-0.9678565,-0.13267553,0.21366099,-0.13617,0.99068415,-0.0016546845
1356786604057,-0.21828038,-0.02627194,-0.9755323,-0.9650888,-0.14247811,0.21978068,-0.14476606,0.98944914,0.0057454705
1356786604096,-0.2236991,-0.018532842,-0.97448206,-0.9624742,-0.15339571,0.2238599,-0.15363011,0.9879911,0.016477048
1356786604136,-0.22745007,-0.007645905,-0.9737597,-0.96037066,-0.16367435,0.22560784,-0.1611045,0.98648477,0.029884875
1356786604176,-0.22918886,0.00557518,-0.973366,-0.95904005,-0.17232019,0.22482866,-0.1664772,0.9850252,0.044840693
1356786604216,-0.2287631,0.020430654,-0.9732678,-0.9585998,-0.17887855,0.22156042,-0.16957006,0.9836591,0.06050551
1356786604256,-0.22611028,0.036604643,-0.9734137,-0.9591291,-0.18290001,0.21591431,-0.17013392,0.9824498,0.07646415
1356786604296,-0.22134691,0.05443588,-0.97367465,-0.96072507,-0.18353266,0.2081421,-0.1673707,0.9815052,0.09292236
1356786604340,-0.21479297,0.07505348,-0.97377145,-0.9635111,-0.17933685,0.1987074,-0.15971944,0.9809206,0.110835224
1356786604378,-0.20669979,0.09943116,-0.97333896,-0.9674717,-0.16907412,0.18818212,-0.14585522,0.9805751,0.13114437
1356786604418,-0.19734758,0.12750891,-0.97200584,-0.97221553,-0.15279073,0.17734689,-0.12590018,0.9799982,0.15411904
1356786604458,-0.18690377,0.15744844,-0.96967876,-0.9770206,-0.13274044,0.16676563,-0.10245857,0.9785653,0.17864001
1356786604498,-0.17569065,0.18574286,-0.96676385,-0.98119485,-0.11277801,0.15664533,-0.079934,0.97610486,0.20206398
1356786604538,-0.16422945,0.20791057,-0.96426237,-0.9844247,-0.0967235,0.14680824,-0.06274387,0.97335386,0.22055712
1356786604578,-0.15326178,0.22008318,-0.9633661,-0.9867409,-0.08678126,0.13715512,-0.05341655,0.97161335,0.23046526
1356786604616,-0.14362913,0.22017011,-0.9648294,-0.9882455,-0.08349019,0.12806284,-0.05235821,0.97188187,0.22957376
1356786604656,-0.13607329,0.20800567,-0.96861637,-0.98895204,-0.08655298,0.12034327,-0.058804512,0.97429067,0.21748513
1356786604696,-0.13110524,0.18502894,-0.97394854,-0.9887967,-0.09512502,0.115032315,-0.071362555,0.9781184,0.19542739
1356786604745,-0.12889647,0.15164599,-0.97999454,-0.98764503,-0.10844767,0.11312139,-0.089123726,0.98246765,0.16375089
1356786604776,-0.1301375,0.117169976,-0.98454833,-0.9857651,-0.121899486,0.1157912,-0.10644868,0.98560214,0.13136584
1356786604816,-0.13333684,0.082452446,-0.987635,-0.9835094,-0.13387221,0.12160358,-0.122190386,0.98756254,0.098942906
1356786604856,-0.13900721,0.050602466,-0.9889976,-0.9810988,-0.14279777,0.1305907,-0.13461849,0.98845744,0.069496006
1356786604896,-0.14671403,0.023793876,-0.98889273,-0.97876984,-0.14814001,0.14164773,-0.14312428,0.9886801,0.045022964
1356786604936,-0.15593994,0.0030551255,-0.98776174,-0.9766209,-0.15027618,0.15371627,-0.14796743,0.9886393,0.026417732
1356786604976,-0.16607344,-0.011497915,-0.98604643,-0.97469443,-0.14981765,0.16590846,-0.14963472,0.98864686,0.013673723
1356786605027,-0.1764903,-0.01926604,-0.98411393,-0.9732375,-0.14607662,0.17739946,-0.14717379,0.98908573,0.007030666
1356786605066,-0.18775648,-0.023061663,-0.9819448,-0.9717933,-0.14088911,0.18912429,-0.14270684,0.98975676,0.0040416718
1356786605106,-0.19786656,-0.023821443,-0.97993946,-0.97058916,-0.13509631,0.19926265,-0.13713288,0.9905461,0.0036102533
1356786605146,-0.20680022,-0.022743523,-0.9781189,-0.9693853,-0.13051075,0.20798835,-0.1323854,0.991186,0.0049423575
1356786605186,-0.21460384,-0.020435005,-0.97648734,-0.9679419,-0.12914705,0.2154285,-0.13051277,0.9914149,0.007935584
1356786605226,-0.2213617,-0.016645163,-0.97504973,-0.9661764,-0.13189864,0.22159883,-0.13229623,0.99112344,0.013115108
1356786605266,-0.22719568,-0.010699689,-0.97379035,-0.96415704,-0.13825256,0.22646719,-0.13705212,0.9903392,0.021094203
1356786605337,-0.23227513,-8.265078E-4,-0.9726498,-0.9618298,-0.14855105,0.22981742,-0.14467809,0.9889045,0.033709705
1356786605350,-0.23727155,0.009193718,-0.9713999,-0.95947963,-0.15866941,0.23285815,-0.15199062,0.98728895,0.046468914
1356786605388,-0.24159467,0.020507067,-0.97016054,-0.9572499,-0.16893077,0.23480874,-0.15907472,0.98541456,0.060443163
1356786605428,-0.24558216,0.033787042,-0.9687867,-0.9552088,-0.17866993,0.23590907,-0.16512242,0.9833287,0.07615191
1356786605468,-0.2492153,0.049717575,-0.9671711,-0.953629,-0.18663734,0.23613173,-0.16877034,0.98117,0.09392503
1356786605508,-0.25227207,0.06910369,-0.96518564,-0.9528816,-0.19137645,0.2353543,-0.16844997,0.97908103,0.11412662
1356786605546,-0.25456,0.09263101,-0.96261036,-0.9533011,-0.1913315,0.23368657,-0.16253111,0.9771447,0.13701057
1356786605586,-0.2559843,0.12045422,-0.959147,-0.9549862,-0.18538141,0.23159274,-0.14991167,0.9752561,0.16248679
1356786605626,-0.25662827,0.15131944,-0.9545912,-0.95754486,-0.17401922,0.22983721,-0.13133842,0.97304666,0.18955341
1356786605666,-0.25684607,0.1820251,-0.9491559,-0.9601506,-0.16002989,0.22913143,-0.11018565,0.9701841,0.21587458
1356786605706,-0.25730753,0.207822,-0.9437176,-0.96200585,-0.14737129,0.22984031,-0.09131098,0.96700144,0.23784563
1356786605746,-0.25883746,0.2240003,-0.9395888,-0.9627321,-0.13880265,0.2321221,-0.07842198,0.9646542,0.2515796
1356786605786,-0.2620952,0.22769865,-0.9377949,-0.9623146,-0.1346736,0.23624891,-0.0725027,0.9643735,0.25441507
1356786605826,-0.26739615,0.21819055,-0.9385586,-0.9608289,-0.13401365,0.24258628,-0.07284966,0.96666086,0.24547857
1356786605866,-0.27466512,0.19687772,-0.94116855,-0.9583397,-0.13584352,0.25125998,-0.07838416,0.9709715,0.22598717
1356786605907,-0.28352243,0.16634688,-0.9444278,-0.9549142,-0.13940519,0.26211634,-0.08805591,0.9761634,0.1983715
1356786605946,-0.29344094,0.13061267,-0.9470126,-0.95072097,-0.14361024,0.27478313,-0.10011059,0.9809773,0.16631734
1356786605986,-0.30392092,0.09343535,-0.9481043,-0.94602984,-0.14713001,0.28875637,-0.112514555,0.9846941,0.13310856
1356786606026,-0.31469917,0.058220148,-0.9474042,-0.9411493,-0.14879197,0.30347785,-0.12329763,0.98715305,0.10161859
1356786606066,-0.32561648,0.027304381,-0.9451075,-0.9363315,-0.14819258,0.3183116,-0.13136667,0.98858154,0.073819935
1356786606106,-0.336577,0.001790762,-0.9416542,-0.93167853,-0.14581835,0.33273417,-0.13671467,0.9893097,0.050747573
1356786606146,-0.34749717,-0.018231928,-0.9375038,-0.92720616,-0.14234579,0.3464484,-0.1397661,0.98964906,0.03255993
1356786606186,-0.3583064,-0.033127278,-0.9330162,-0.9229684,-0.13785022,0.35934216,-0.14052054,0.989899,0.018817127
1356786606226,-0.36891216,-0.043228745,-0.9284584,-0.9190819,-0.13192141,0.37132874,-0.13853568,0.9903171,0.008936703
1356786606266,-0.37930363,-0.048956245,-0.9239762,-0.91554093,-0.12458992,0.38244224,-0.13384107,0.9909998,0.0024359822
1356786606337,-0.38948226,-0.05043897,-0.9196518,-0.9122827,-0.11619079,0.3927339,-0.12666422,0.99194527,-7.6031685E-4
1356786606350,-0.40052456,-0.050960332,-0.91486776,-0.9082645,-0.109745204,0.40374675,-0.1209774,0.99265254,-0.0023298264
1356786606388,-0.4104545,-0.050894767,-0.91045964,-0.90410626,-0.10738933,0.41359332,-0.11882341,0.9929135,-0.0019358397
1356786606428,-0.42026293,-0.051061958,-0.90596455,-0.8992096,-0.1104269,0.4233533,-0.12166017,0.9925717,4.929304E-4
1356786606468,-0.4297728,-0.051280618,-0.90147966,-0.89361465,-0.1189391,0.43278903,-0.12941486,0.9915764,0.0052917004
1356786606508,-0.4385817,-0.05082941,-0.8972527,-0.8876442,-0.13156158,0.44133806,-0.14047697,0.99000394,0.012582123
1356786606548,-0.4460804,-0.048936278,-0.89365417,-0.88183725,-0.1465413,0.44820628,-0.15289074,0.98799336,0.022215247
1356786606587,-0.45155913,-0.04510814,-0.8911002,-0.87683153,-0.16237777,0.45254824,-0.1651085,0.98569703,0.03377092
1356786606628,-0.454305,-0.03914532,-0.8899857,-0.873242,-0.17805755,0.45358977,-0.17622462,0.9832411,0.04670912
1356786606668,-0.45377785,-0.03084582,-0.8905808,-0.8715792,-0.19275391,0.45077217,-0.18556741,0.9807621,0.060582936
1356786606708,-0.44977647,-0.019563079,-0.89292693,-0.8722371,-0.20541435,0.44385523,-0.19210318,0.97847956,0.07532692
1356786606746,-0.4425971,-0.003969103,-0.8967117,-0.8754518,-0.2145899,0.4330535,-0.1941441,0.97669613,0.09150207
1356786606786,-0.4329623,0.017351896,-0.901245,-0.88123655,-0.2184971,0.41914338,-0.18964645,0.9756834,0.10989207
1356786606826,-0.4220509,0.045158863,-0.9054467,-0.88914675,-0.21550024,0.40370503,-0.17689306,0.9754591,0.13110489
1356786606866,-0.41103023,0.07858333,-0.9082283,-0.8981956,-0.20526546,0.3887295,-0.1558803,0.9755463,0.1549536
1356786606913,-0.4007005,0.11409071,-0.90907776,-0.9069667,-0.18997252,0.37592813,-0.12980983,0.9751378,0.17959851
1356786606954,-0.39146972,0.14762682,-0.9082719,-0.9144687,-0.17231983,0.36613238,-0.10246226,0.97391593,0.20245808
1356786606984,-0.3812645,0.1711367,-0.90848756,-0.92074907,-0.15832955,0.35658494,-0.08281562,0.97244227,0.21793938
1356786607027,-0.37125987,0.17913076,-0.9110863,-0.92551017,-0.15044862,0.34755737,-0.074813485,0.97225374,0.22164288
1356786607066,-0.35987687,0.17332566,-0.91675895,-0.92983294,-0.14751905,0.33711863,-0.076808095,0.9737538,0.2142525
1356786607106,-0.34672886,0.15626064,-0.9248576,-0.93399405,-0.14815867,0.32512173,-0.08622193,0.97654057,0.19731742
1356786607146,-0.33187848,0.13138658,-0.93412757,-0.93797225,-0.15127712,0.31196702,-0.100323796,0.97972083,0.17344248
1356786607186,-0.31588084,0.10201639,-0.94329846,-0.94156724,-0.15622061,0.29840606,-0.11692035,0.9824397,0.14540243
1356786607226,-0.29974514,0.071359634,-0.95134676,-0.94456947,-0.16220647,0.28544283,-0.13394547,0.9841732,0.11602473
1356786607266,-0.28468448,0.04197949,-0.9577017,-0.9468955,-0.16809511,0.274104,-0.1494782,0.9848765,0.087604225
1356786607337,-0.2712093,0.01379779,-0.96242154,-0.94874907,-0.172369,0.26488522,-0.16223678,0.9849359,0.059838712
1356786607358,-0.26238388,-0.008470863,-0.96492636,-0.94982874,-0.17414236,0.25980723,-0.1702354,0.984684,0.037646353
1356786607398,-0.25796968,-0.023981959,-0.96585536,-0.9505528,-0.1726222,0.25816867,-0.17291948,0.98469615,0.021735132
1356786607438,-0.25842983,-0.03284502,-0.9654715,-0.9508511,-0.16782403,0.26022562,-0.17057642,0.98526967,0.012139976
1356786607478,-0.2635836,-0.035536617,-0.9639818,-0.9505632,-0.16050911,0.26583156,-0.16417462,0.9863944,0.008527696
1356786607518,-0.2727536,-0.032833993,-0.9615234,-0.94951105,-0.15185839,0.27453175,-0.15502942,0.98785675,0.010243714
1356786607558,-0.28462827,-0.026306957,-0.958277,-0.94766235,-0.1431101,0.2854042,-0.14464715,0.9893571,0.01580304
1356786607598,-0.29722404,-0.018547893,-0.9546276,-0.94519055,-0.13583189,0.29692498,-0.13517624,0.99055827,0.022841275
1356786607638,-0.30834007,-0.012160182,-0.9511984,-0.9424379,-0.13208252,0.30718884,-0.12937218,0.9911641,0.029266179
1356786607676,-0.31618983,-0.00825727,-0.94866,-0.9398581,-0.13344783,0.3144177,-0.12919283,0.9910214,0.0344342
1356786607716,-0.3196389,-0.006067753,-0.94752,-0.93793845,-0.13996547,0.31730294,-0.13454542,0.9901378,0.03904724
1356786607756,-0.318053,-0.003802687,-0.9480654,-0.9371278,-0.15025038,0.31498632,-0.14364496,0.98864067,0.044223964
1356786607796,-0.3111583,2.9405951E-4,-0.95035815,-0.93774605,-0.16246992,0.3069786,-0.15431431,0.9867135,0.05082959
1356786607836,-0.29902083,0.007407129,-0.95421785,-0.93992484,-0.17488384,0.29318425,-0.16470557,0.9845612,0.059256017
1356786607876,-0.282372,0.01817444,-0.9591328,-0.9434973,-0.18601876,0.27424404,-0.17343247,0.982378,0.069674075
1356786607916,-0.26237798,0.032963365,-0.96440196,-0.9481734,-0.1944403,0.2513168,-0.17923439,0.98036027,0.082271874
1356786607956,-0.2407462,0.05220911,-0.96918285,-0.95362496,-0.19859606,0.22618338,-0.18066704,0.9786898,0.09759915
1356786607996,-0.21921825,0.07635051,-0.9726839,-0.9596692,-0.196715,0.20084402,-0.17600694,0.9774834,0.11639476
1356786608036,-0.19935364,0.105422765,-0.9742403,-0.9661604,-0.18721259,0.17744192,-0.16368362,0.97664607,0.13917679
1356786608076,-0.18185186,0.13838297,-0.97353995,-0.97277457,-0.16996413,0.15754941,-0.14366472,0.9756856,0.16552374
1356786608116,-0.16652644,0.17280883,-0.97077596,-0.9788731,-0.14743418,0.14167053,-0.11864367,0.9738584,0.19370967
1356786608156,-0.15223682,0.20476577,-0.96689963,-0.9838735,-0.12434167,0.12857687,-0.09389782,0.9708811,0.220393
1356786608196,-0.13728595,0.22947976,-0.96358275,-0.98768413,-0.10542083,0.11561358,-0.07505074,0.9675875,0.2411263
1356786608236,-0.12041372,0.24327981,-0.96245277,-0.9905851,-0.09305042,0.100413024,-0.06512818,0.96548253,0.2521939
1356786608276,-0.10112989,0.2446776,-0.9643161,-0.9928066,-0.08726311,0.081976324,-0.064091474,0.96566975,0.2517425
1356786608337,-0.079728484,0.23402971,-0.9689548,-0.99432343,-0.08737898,0.060711443,-0.070458025,0.9682949,0.23966777
1356786608358,-0.057163596,0.21328309,-0.97531664,-0.99495816,-0.09280503,0.038020074,-0.0824053,0.9725726,0.21751288
1356786608398,-0.034726024,0.1852307,-0.9820813,-0.99456155,-0.10295224,0.015749454,-0.09819022,0.97728723,0.1877985
1356786608438,-0.01394403,0.1533773,-0.9880693,-0.9931842,-0.116484284,-0.0040655434,-0.11571813,0.9812782,0.15395617
1356786608477,0.003809154,0.12109277,-0.99263394,-0.99116147,-0.13117468,-0.01980573,-0.13260674,0.9839359,0.11952275
1356786608516,0.017576218,0.09096575,-0.9956989,-0.9890418,-0.14441884,-0.030652612,-0.14658597,0.9853265,0.08743057
1356786608556,0.026783168,0.06472194,-0.9975439,-0.9873879,-0.15405339,-0.03650567,-0.15603775,0.98594046,0.059779644
1356786608596,0.03125626,0.04323399,-0.998576,-0.986544,-0.15907466,-0.037766933,-0.16048092,0.98631954,0.03768009
1356786608636,0.031169116,0.026674032,-0.99915814,-0.9865309,-0.15977794,-0.035040736,-0.16057813,0.98679256,0.021334618
1356786608676,0.026978731,0.014754832,-0.9995271,-0.9871231,-0.157318,-0.028966218,-0.157671,0.9874377,0.010320574
1356786608716,0.019372225,0.006985426,-0.9997879,-0.9880261,-0.15295726,-0.020213068,-0.15306601,0.9882081,0.0039386153
1356786608756,0.009161234,0.0028013587,-0.99995404,-0.988991,-0.1476714,-0.009474456,-0.14769119,0.98903245,0.0014177263
1356786608796,-0.0027325153,0.0014563501,-0.99999523,-0.98979294,-0.1424908,0.0024971664,-0.14248648,0.9897951,0.0018308461
1356786608836,-0.015219331,0.0020856857,-0.999882,-0.9901952,-0.13890582,0.0147821605,-0.13885868,0.9903033,0.0041793287
1356786608876,-0.027201116,0.004035145,-0.9996218,-0.99001527,-0.13846952,0.026380718,-0.13831073,0.9903584,0.007761389
1356786608916,-0.037736654,0.0074257553,-0.99926007,-0.9892478,-0.14167053,0.036305755,-0.14129612,0.9898859,0.012692153
1356786608956,-0.046120286,0.013058037,-0.9988505,-0.98808527,-0.14757448,0.04369402,-0.14683431,0.9889647,0.019708663
1356786608996,-0.051802814,0.021769494,-0.99842,-0.98681927,-0.15459609,0.047830105,-0.15331063,0.9877379,0.029491127
1356786609036,-0.054448307,0.033992708,-0.9979378,-0.985733,-0.16124034,0.048290044,-0.15926638,0.98632956,0.04228708
1356786609077,-0.054094553,0.04975176,-0.9972956,-0.9850484,-0.16626006,0.045136124,-0.16356483,0.9848261,0.058001667
1356786609116,-0.051170826,0.068760395,-0.99632,-0.9849026,-0.16867185,0.03894368,-0.16537336,0.983271,0.07635334
1356786609156,-0.046339035,0.09052184,-0.9948159,-0.9853562,-0.16773432,0.030635595,-0.16409153,0.9816675,0.09696883
1356786609196,-0.04042089,0.11467001,-0.99258095,-0.9864613,-0.1625936,0.021387696,-0.15893477,0.9800072,0.1196897
1356786609236,-0.03422165,0.14102641,-0.9894142,-0.9882951,-0.1520409,0.01251176,-0.14866695,0.97826135,0.14457873
1356786609276,-0.028544426,0.16940513,-0.98513305,-0.99081004,-0.13515055,0.0054682195,-0.1322149,0.97623575,0.17170608
1356786609337,-0.02375418,0.19860592,-0.9797915,-0.99355924,-0.11330813,0.0011201799,-0.110795885,0.9735075,0.20001832
1356786609358,-0.019713163,0.22565052,-0.9740088,-0.9958403,-0.09110975,-9.525418E-4,-0.08895671,0.9699385,0.22650802
1356786609398,-0.016066015,0.24653175,-0.9690015,-0.9972615,-0.073921025,-0.0022723079,-0.07218975,0.9663114,0.24704424
1356786609438,-0.012598991,0.257765,-0.9661255,-0.9978824,-0.064902246,-0.0043030083,-0.06381282,0.9640254,0.2580368
1356786609478,-0.009472847,0.2576566,-0.96619004,-0.99790645,-0.06425434,-0.0073511004,-0.06397599,0.9640977,0.25772592
1356786609518,-0.00712353,0.24634778,-0.9691554,-0.9974561,-0.070493996,-0.010587215,-0.0709278,0.9666144,0.24622321
1356786609556,-0.006126821,0.22530091,-0.97427005,-0.9965794,-0.08167237,-0.012619764,-0.08241409,0.9708601,0.22503054
1356786609596,-0.0071313977,0.19683078,-0.9804115,-0.9953189,-0.09589654,-0.01201269,-0.09638247,0.9757364,0.19659325
1356786609636,-0.010799408,0.16367254,-0.9864557,-0.9937464,-0.1114015,-0.0076045096,-0.11113727,0.9802046,0.163852
1356786609676,-0.01769656,0.12840226,-0.9915643,-0.9919597,-0.12654775,0.0013163388,-0.12531123,0.98361504,0.12960932
1356786609716,-0.028304875,0.09333411,-0.9952324,-0.99005675,-0.13986224,0.015041202,-0.13779157,0.98576224,0.096364856
1356786609756,-0.042873025,0.060557842,-0.9972435,-0.98808336,-0.15026253,0.03335446,-0.14782843,0.98678976,0.0662784
1356786609796,-0.061315835,0.031833827,-0.9976107,-0.9859919,-0.15725952,0.055583566,-0.15511432,0.9870441,0.041030377
1356786609837,-0.083318114,0.00842303,-0.9964874,-0.9836523,-0.16089082,0.08088496,-0.15964434,0.98693633,0.021690458
1356786609877,-0.10814744,-0.009113818,-0.994093,-0.9809251,-0.16149169,0.10819551,-0.16152388,0.9868319,0.008525014
1356786609917,-0.13494384,-0.020871997,-0.99063337,-0.9776728,-0.15972364,0.13654366,-0.1610775,0.9869411,0.0011477172
1356786609954,-0.16280812,-0.027571172,-0.98627245,-0.97376955,-0.15655053,0.16512054,-0.15895402,0.9872851,-0.0013602376
1356786609997,-0.19082177,-0.03045538,-0.9811521,-0.96917176,-0.1528585,0.19323653,-0.15586251,0.9877787,-3.477335E-4
1356786610036,-0.21837258,-0.031450212,-0.9753586,-0.963821,-0.14959615,0.22061312,-0.15284815,0.9882469,0.0023552775
1356786610076,-0.2447334,-0.032003224,-0.9690622,-0.9577166,-0.14795709,0.24675432,-0.1512765,0.9884759,0.005559981
1356786610116,-0.2697385,-0.032516897,-0.96238434,-0.95084405,-0.14887822,0.27153426,-0.15210757,0.98832077,0.009239733
1356786610156,-0.29322225,-0.03222522,-0.9555011,-0.9433999,-0.15225601,0.2946436,-0.15497574,0.9878156,0.014243543
1356786610196,-0.31503516,-0.030140191,-0.94860137,-0.93573844,-0.1571362,0.31575608,-0.15857652,0.98711693,0.021300018
1356786610236,-0.33502495,-0.025748253,-0.94185746,-0.9282289,-0.16254294,0.3346207,-0.16170812,0.98636556,0.030555606
1356786610276,-0.3530578,-0.018948048,-0.93540967,-0.9211614,-0.16793829,0.35108182,-0.1637434,0.9856154,0.041837692
1356786610338,-0.36904925,-0.009705126,-0.9293592,-0.9147418,-0.17315835,0.36505288,-0.16446921,0.9848462,0.055026293
1356786610358,-0.38299686,0.0019643009,-0.92374766,-0.90911007,-0.17812812,0.37654918,-0.16380575,0.9840054,0.07000822
1356786610398,-0.39499158,0.016469449,-0.91853714,-0.90440595,-0.18256623,0.38564146,-0.16134253,0.9830556,0.087007165
1356786610438,-0.4053105,0.034673005,-0.91352135,-0.90077126,-0.18566442,0.39260662,-0.15599555,0.9820013,0.106484175
1356786610478,-0.41437566,0.057610065,-0.90828073,-0.89828146,-0.18624067,0.398001,-0.14622995,0.98081374,0.12892365
1356786610518,-0.42267448,0.085644394,-0.9022258,-0.89676666,-0.18340176,0.40270743,-0.1309802,0.97930014,0.15432227
1356786610558,-0.43066347,0.11770859,-0.89480364,-0.8957125,-0.17722398,0.40778768,-0.11058056,0.9771061,0.18175703
1356786610598,-0.43875384,0.15052837,-0.8859098,-0.8943253,-0.16927499,0.41415954,-0.08761966,0.9740057,0.20889145
1356786610638,-0.4473995,0.17846122,-0.8763477,-0.89181423,-0.16253388,0.42219687,-0.06709039,0.97043,0.23187184
1356786610676,-0.45714253,0.19559288,-0.86761975,-0.8877547,-0.15953797,0.4317859,-0.05396411,0.9676212,0.24657023
1356786610716,-0.46844053,0.19836181,-0.860939,-0.8820589,-0.16054118,0.44294304,-0.05035317,0.96689147,0.25017083
1356786610756,-0.48137933,0.18638062,-0.8564673,-0.8747486,-0.16411209,0.45594096,-0.055578053,0.96867406,0.24203628
1356786610796,-0.4955728,0.16152242,-0.8534156,-0.8659111,-0.16864938,0.47090924,-0.06786558,0.9723518,0.22344202
1356786610836,-0.5104469,0.12750152,-0.85040414,-0.8557261,-0.1727454,0.48774153,-0.084715635,0.97667927,0.1972838
1356786610876,-0.5252709,0.088385195,-0.84633255,-0.84461796,-0.17512053,0.5059184,-0.103494495,0.98057175,0.1666373
1356786610916,-0.53973645,0.04853055,-0.840434,-0.83303535,-0.1747523,0.52489394,-0.121394396,0.98341566,0.13474786
1356786610956,-0.5538019,0.011667699,-0.83256674,-0.82144845,-0.1711061,0.54400843,-0.13610992,0.98518354,0.104343295
1356786610996,-0.5678039,-0.019612312,-0.8229301,-0.81004333,-0.16446847,0.56283194,-0.1463845,0.9861873,0.07749903
1356786611036,-0.5821941,-0.0440875,-0.81185365,-0.79869556,-0.15578979,0.5812184,-0.15210298,0.98680586,0.055487454
1356786611076,-0.5974021,-0.06170684,-0.7995642,-0.7870524,-0.14612037,0.5993307,-0.15381545,0.9873404,0.03872615
1356786611116,-0.6136732,-0.073275805,-0.7861526,-0.7747345,-0.13616198,0.61745155,-0.15228829,0.987973,0.026789606
1356786611156,-0.63103366,-0.0801017,-0.7716088,-0.76143754,-0.12626177,0.6358229,-0.14835522,0.9887576,0.018683016
1356786611196,-0.64922863,-0.08377808,-0.7559653,-0.74700063,-0.11683154,0.6544773,-0.1431514,0.9896119,0.0132680535
1356786611237,-0.6676108,-0.08635655,-0.73948514,-0.7314763,-0.10896039,0.67310476,-0.13870165,0.9902879,0.009575427
1356786611276,-0.6851353,-0.08985704,-0.7228523,-0.7153293,-0.10426259,0.6909656,-0.13745457,0.9904823,0.007156551
1356786611338,-0.70067275,-0.09479579,-0.7071572,-0.6994977,-0.10400623,0.70702577,-0.14057183,0.99004865,0.006564915
1356786611358,-0.7135946,-0.099493206,-0.6934577,-0.6850142,-0.10826868,0.7204397,-0.1467587,0.9891304,0.009105802
1356786611398,-0.72339433,-0.10158372,-0.6829212,-0.67312133,-0.116354525,0.7303213,-0.15364972,0.9879992,0.015792012
1356786611438,-0.72953904,-0.09967172,-0.6766375,-0.66510105,-0.12720734,0.7358389,-0.1594156,0.9868555,0.026511014
1356786611478,-0.73150146,-0.09346107,-0.6754041,-0.66197586,-0.14001,0.73633224,-0.1633817,0.9857293,0.040548563
1356786611516,-0.72895205,-0.083049744,-0.6795083,-0.6642251,-0.15435737,0.7314224,-0.16563159,0.9845184,0.057355464
1356786611558,-0.72190124,-0.06847584,-0.6885997,-0.6717037,-0.16987306,0.7210806,-0.16635117,0.983084,0.076636076
1356786611598,-0.710867,-0.049409926,-0.70158863,-0.6836577,-0.18571365,0.7057779,-0.16516706,0.9813608,0.09823829
1356786611638,-0.69712347,-0.024843305,-0.71652055,-0.6987115,-0.20045263,0.6867466,-0.16068944,0.97938836,0.122381926
1356786611676,-0.6827281,0.006521255,-0.7306433,-0.7149546,-0.21225482,0.66617393,-0.15073833,0.9771925,0.14957488
1356786611716,-0.6697645,0.04454565,-0.7412363,-0.73041135,-0.21944195,0.6467956,-0.1338464,0.9746081,0.17951101
1356786611756,-0.65938437,0.08617285,-0.74685097,-0.7435242,-0.22179264,0.63085634,-0.11128339,0.9712786,0.21031827
1356786611796,-0.65088195,0.12528428,-0.74877,-0.75405383,-0.22109675,0.61848116,-0.0880647,0.9671712,0.23837906
1356786611836,-0.6422229,0.1550036,-0.75068206,-0.7632733,-0.21933264,0.6077063,-0.07045245,0.9632585,0.2591706
1356786611876,-0.6314262,0.1711705,-0.75630796,-0.77297115,-0.21664351,0.59630644,-0.06177911,0.96112764,0.26910418
1356786611916,-0.6172221,0.17321071,-0.7674861,-0.7843602,-0.21204925,0.5829359,-0.061774105,0.9617865,0.26674104
1356786611956,-0.59909195,0.16271725,-0.7839718,-0.79774284,-0.20509523,0.56704694,-0.068520606,0.9651212,0.25267756
1356786611996,-0.57747847,0.14248231,-0.8038765,-0.8125167,-0.19630218,0.5488918,-0.0795953,0.9701363,0.2291295
1356786612036,-0.5536867,0.11557862,-0.82466525,-0.8275336,-0.18678045,0.52943486,-0.09283996,0.9755792,0.199063
1356786612076,-0.5295649,0.08482146,-0.844018,-0.8415135,-0.17785734,0.5101194,-0.10684574,0.9803938,0.16556537
1356786612116,-0.5072139,0.052713662,-0.8602065,-0.853317,-0.17058218,0.4926983,-0.12076405,0.9839324,0.13150316
1356786612156,-0.48868322,0.021475375,-0.87219703,-0.8621205,-0.16534728,0.4789662,-0.13392937,0.9860016,0.099316776
1356786612196,-0.47559094,-0.007130623,-0.8796376,-0.8674962,-0.16195989,0.47033948,-0.1458199,0.9867715,0.070840955
1356786612236,-0.46911883,-0.03167203,-0.88256687,-0.86928535,-0.15973091,0.4677914,-0.1557892,0.98665226,0.047400832
1356786612276,-0.47004974,-0.05086425,-0.881173,-0.86752856,-0.15731919,0.4718524,-0.16262591,0.98623693,0.029821754
1356786612337,-0.47858036,-0.06377652,-0.8757245,-0.8624252,-0.15313601,0.4824648,-0.16487485,0.986145,0.018285394
1356786612358,-0.49385357,-0.070522845,-0.8666806,-0.8542856,-0.1465556,0.498716,-0.16218773,0.9866854,0.01213032
1356786612398,-0.51359826,-0.07250732,-0.85496163,-0.8437155,-0.13857663,0.5185948,-0.15607968,0.98769385,0.009997189
1356786612438,-0.5346347,-0.07222888,-0.84199095,-0.8317237,-0.13148767,0.53939486,-0.14967123,0.988683,0.010223329
1356786612478,-0.55383295,-0.07188743,-0.82951874,-0.8197178,-0.12768304,0.5583545,-0.14605409,0.98920643,0.011787593
1356786612518,-0.5691344,-0.072050065,-0.81908166,-0.80907166,-0.1285243,0.5734846,-0.14659154,0.9890856,0.014854014
1356786612558,-0.5794445,-0.071771085,-0.81184554,-0.80097383,-0.13393652,0.58352554,-0.15061596,0.9883876,0.020121932
1356786612598,-0.5839693,-0.069731385,-0.8087752,-0.7965425,-0.14288282,0.5874559,-0.15652421,0.9872801,0.027895272
1356786612636,-0.582051,-0.06479406,-0.8105667,-0.79671687,-0.15396088,0.58441275,-0.16266203,0.9859502,0.03799057
1356786612676,-0.57353985,-0.055916727,-0.81726706,-0.80185497,-0.16576415,0.5740653,-0.16757342,0.98457897,0.05023521
1356786612716,-0.55906266,-0.04216811,-0.8280524,-0.81149065,-0.17705435,0.55689734,-0.1700936,0.9832973,0.06476545
1356786612757,-0.5398794,-0.022950798,-0.8414295,-0.82453704,-0.18665856,0.5341322,-0.1693188,0.9821567,0.08184934
1356786612815,-0.5186503,0.0023506284,-0.8549833,-0.8391224,-0.19314164,0.5084977,-0.1639376,0.98116803,0.102145374
1356786612837,-0.49843663,0.034238696,-0.8662498,-0.8534948,-0.1945895,0.48340622,-0.15201187,0.9802871,0.12621301
1356786612877,-0.4823758,0.07245925,-0.8729623,-0.8659879,-0.18942547,0.4627989,-0.1318273,0.9792178,0.15412313
1356786612914,-0.47127533,0.11439484,-0.8745361,-0.87575215,-0.1783762,0.44859794,-0.10467911,0.97729003,0.18424582
1356786612957,-0.4637643,0.1551494,-0.8722679,-0.8827402,-0.16476321,0.44002596,-0.07544792,0.97405434,0.21336794
1356786612996,-0.45586872,0.1879775,-0.8699701,-0.88856167,-0.15256286,0.432646,-0.051397473,0.9702519,0.23657835
1356786613036,-0.4440751,0.20764735,-0.8715962,-0.89520633,-0.14349169,0.4219192,-0.037456363,0.96762216,0.24960822
1356786613076,-0.4262753,0.21205723,-0.8793868,-0.9039203,-0.1373511,0.4050466,-0.034891665,0.96755695,0.25023222
1356786613116,-0.40208328,0.20193991,-0.8930563,-0.9146099,-0.13400489,0.3814859,-0.042636663,0.97018707,0.2385773
1356786613156,-0.37252384,0.17984632,-0.9104291,-0.92616904,-0.13402283,0.3524893,-0.058624417,0.97452193,0.21649486
1356786613196,-0.34006208,0.14955282,-0.9284351,-0.93699455,-0.13786525,0.32098976,-0.07999405,0.9790951,0.18701291
1356786613236,-0.3081839,0.11528236,-0.94431597,-0.9456944,-0.14497983,0.2909346,-0.10336715,0.9826957,0.15370238
1356786613277,-0.28037643,0.08066061,-0.9564951,-0.9516407,-0.15371686,0.26599067,-0.12557453,0.9848172,0.11985856
1356786613338,-0.2597068,0.048428625,-0.9644724,-0.95487285,-0.16192979,0.24899095,-0.14411855,0.98561317,0.08829749
1356786613358,-0.2484591,0.020440102,-0.96842676,-0.9557466,-0.16776961,0.24166483,-0.15753287,0.98561436,0.061219394
1356786613398,-0.24768472,-0.0023486316,-0.96883774,-0.95462584,-0.17007881,0.24446377,-0.16535291,0.9854276,0.03988391
1356786613438,-0.25754005,-0.019766748,-0.9660653,-0.95158017,-0.16846812,0.2571256,-0.16783378,0.9855088,0.024577677
1356786613478,-0.27697766,-0.03223741,-0.9603354,-0.94647473,-0.1632353,0.2784596,-0.16573748,0.9860603,0.014700651
1356786613518,-0.30419612,-0.04051438,-0.95174754,-0.9390012,-0.155518,0.3067423,-0.16044131,0.9870019,0.009264886
1356786613558,-0.33676493,-0.04559031,-0.9404844,-0.92889917,-0.1473431,0.33975908,-0.15406361,0.9880341,0.00727123
1356786613598,-0.37144488,-0.04887238,-0.9271678,-0.91638005,-0.14123267,0.3745676,-0.14925238,0.9887693,0.0076744556
1356786613636,-0.40455508,-0.051821172,-0.91304433,-0.9024119,-0.13926381,0.4077481,-0.14828399,0.9888985,0.009575784
1356786613676,-0.4331218,-0.05490619,-0.89966154,-0.88845277,-0.14214808,0.43640083,-0.15184626,0.9883215,0.012785852
1356786613716,-0.45538908,-0.05724296,-0.8884503,-0.8760108,-0.14921844,0.45862722,-0.15882641,0.9871459,0.017807066
1356786613756,-0.47018003,-0.0574387,-0.8806995,-0.8665762,-0.15906948,0.4730144,-0.16726172,0.98559517,0.025016248
1356786613796,-0.4764539,-0.054398686,-0.87751496,-0.8615024,-0.17036128,0.47832072,-0.17551458,0.98387897,0.034304738
1356786613836,-0.47356886,-0.04738018,-0.87948155,-0.8616179,-0.18211353,0.47376087,-0.18261233,0.9821354,0.045419633
1356786613876,-0.46178234,-0.035854608,-0.8862684,-0.8668299,-0.19359434,0.45948598,-0.1880512,0.9804263,0.058318496
1356786613916,-0.44246936,-0.01948145,-0.896572,-0.876122,-0.20398015,0.43680924,-0.19139251,0.97878116,0.073186815
1356786613956,-0.41867143,0.002138853,-0.9081353,-0.8876844,-0.21200228,0.40874377,-0.19165245,0.9772669,0.09065789
1356786613997,-0.39445657,0.02948445,-0.9184414,-0.899705,-0.21568912,0.3794853,-0.18690893,0.9760168,0.11160731
