1356785556544,-0.816487,-0.51647884,-0.25806707,0.19061725,0.18077451,-0.96487606,0.54499,-0.8370007,-0.04915023
1356785556702,-0.044488594,0.022703886,-0.9987519,0.83894926,0.54363453,-0.025012255,0.5423882,-0.8390149,-0.043232977
1356785556742,-0.047877282,0.015257776,-0.9987366,0.8400418,0.54157734,-0.0319961,0.5404049,-0.8405124,-0.038746417
1356785556782,-0.04942842,0.009156734,-0.9987357,0.84120464,0.53947085,-0.036686003,0.5384529,-0.84195447,-0.03436792
1356785556824,-0.051028788,0.0030891001,-0.9986924,0.842432,0.537211,-0.04138288,0.53638065,-0.8434422,-0.030015588
1356785556862,-0.05441223,-0.0030104816,-0.998514,0.84346724,0.5350696,-0.047576427,0.5344177,-0.8448026,-0.026575089
1356785556902,-0.060052544,-0.008500069,-0.998159,0.8441253,0.5332837,-0.05532673,0.5327721,-0.84589374,-0.024849892
1356785556963,-0.06814203,-0.013138503,-0.9975891,0.84421444,0.5320896,-0.064673275,0.5316565,-0.8465861,-0.025165915
1356785556983,-0.078023165,-0.016703635,-0.9968116,0.8436719,0.5316024,-0.074944556,0.5311593,-0.84682935,-0.027384937
1356785557023,-0.088683754,-0.01921767,-0.9958745,0.8425975,0.5317464,-0.08529547,0.5311918,-0.84668565,-0.030964494
1356785557060,-0.09933323,-0.020605922,-0.99484086,0.8411515,0.53238744,-0.09501481,0.5315987,-0.84625,-0.03555107
1356785557103,-0.10943791,-0.02083683,-0.99377525,0.83951813,0.53335667,-0.1036337,0.53219604,-0.84563375,-0.040876508
1356785557142,-0.1184116,-0.01997146,-0.99276376,0.83789647,0.5344874,-0.11069214,0.5328305,-0.8449404,-0.04655552
1356785557182,-0.1257472,-0.018196225,-0.99189544,0.8364468,0.53565997,-0.11586687,0.533427,-0.8442377,-0.052137554
1356785557223,-0.13092422,-0.015821397,-0.99126613,0.835309,0.5367712,-0.11889303,0.53396416,-0.84357953,-0.0570606
1356785557262,-0.1337586,-0.013196796,-0.99092615,0.8345523,0.5377431,-0.11981216,0.5344448,-0.84300554,-0.060914338
1356785557302,-0.13442501,-0.010615587,-0.9908669,0.8341887,0.53850055,-0.118938595,0.534845,-0.84255826,-0.06353253
1356785557342,-0.13338351,-0.008309543,-0.9910297,0.83418584,0.53897434,-0.11679298,0.53511006,-0.84228116,-0.06495863
1356785557382,-0.1310269,-0.0064864755,-0.99135756,0.8344964,0.53912914,-0.11382225,0.535208,-0.84219813,-0.06522745
1356785557422,-0.12753743,-0.0054020584,-0.991819,0.83507,0.5389697,-0.11031672,0.53515625,-0.8423078,-0.0642277
1356785557462,-0.123173356,-0.005166441,-0.9923718,0.83584535,0.53852576,-0.106548905,0.53496826,-0.84259325,-0.062013686
1356785557502,-0.118643224,-0.0055373013,-0.9929216,0.83673143,0.5378436,-0.10297963,0.5346067,-0.8430265,-0.059178293
1356785557542,-0.11493328,-0.006005883,-0.99335504,0.8376344,0.5369693,-0.100162596,0.5340028,-0.84358037,-0.05668491
1356785557587,-0.11267117,-0.006136626,-0.9936134,0.8385221,0.53590965,-0.098394334,0.5330909,-0.844253,-0.055235922
1356785557624,-0.11176482,-0.005759299,-0.993718,0.8394177,0.53466797,-0.097509205,0.53187084,-0.8450426,-0.05492264
1356785557663,-0.111637235,-0.004859239,-0.99373716,0.84037256,0.53325593,-0.09701565,0.5303877,-0.84594,-0.055447698
1356785557693,-0.111293405,-0.0035598576,-0.9937812,0.84135175,0.53187084,-0.096128106,0.5289055,-0.846818,-0.056198597
1356785557731,-0.11261892,-0.0029114485,-0.993634,0.8422787,0.53023964,-0.097017944,0.5271466,-0.8478428,-0.05726272
1356785557772,-0.10982522,7.029772E-4,-0.9939507,0.8438709,0.5284481,-0.0928686,0.52518606,-0.8489654,-0.05863017
1356785557812,-0.10722655,0.004886806,-0.99422264,0.8454438,0.5266652,-0.08859214,0.52318954,-0.8500588,-0.060604036
1356785557852,-0.1046935,0.010244995,-0.99445176,0.84683955,0.5252142,-0.08374238,0.5214423,-0.85090834,-0.06366241
1356785557893,-0.10268912,0.017002672,-0.9945682,0.8478285,0.5244169,-0.07857308,0.52023244,-0.8512919,-0.068267286
1356785557932,-0.10181421,0.025106043,-0.9944866,0.8482808,0.524406,-0.07360712,0.5196667,-0.8510982,-0.07468891
1356785557972,-0.10250403,0.03430915,-0.99414074,0.84824735,0.5250411,-0.06934133,0.5195857,-0.85038507,-0.082921505
1356785558012,-0.10477938,0.04421985,-0.9935119,0.8479328,0.5259771,-0.06601551,0.51964533,-0.8493484,-0.09260708
1356785558052,-0.108501926,0.05443567,-0.99260473,0.8475319,0.52690214,-0.063748,0.5195353,-0.84818095,-0.103305876
1356785558092,-0.113522604,0.06466064,-0.9914291,0.8471091,0.5277216,-0.0625796,0.51915205,-0.8469528,-0.11468291
1356785558132,-0.11997576,0.07476935,-0.98995733,0.8465451,0.52861506,-0.06267005,0.5186205,-0.8455624,-0.12671661
1356785558172,-0.12819053,0.084801346,-0.9881174,0.84555554,0.5300123,-0.0642094,0.51826936,-0.84373915,-0.13964683
1356785558212,-0.13863109,0.09496343,-0.98578054,0.8437013,0.5325717,-0.06734604,0.5186034,-0.8410406,-0.15395176
1356785558252,-0.15170641,0.10556233,-0.9827725,0.8405101,0.5369815,-0.07206726,0.52012306,-0.83696324,-0.17018974
1356785558292,-0.16748701,0.11687133,-0.9789225,0.8356837,0.543633,-0.07807672,0.5230496,-0.83114636,-0.18871891
1356785558332,-0.18564615,0.12907603,-0.9741021,0.8292018,0.5524756,-0.08482349,0.527219,-0.8234744,-0.20959508
1356785558372,-0.20560838,0.14228004,-0.9682363,0.82125664,0.56315106,-0.091643035,0.5322243,-0.81401306,-0.23263699
1356785558412,-0.22665155,0.156477,-0.9613241,0.8121482,0.57518655,-0.097855836,0.53762853,-0.80291677,-0.25744945
1356785558452,-0.24795474,0.17151529,-0.95346785,0.8022667,0.5880384,-0.10285431,0.54303455,-0.7904387,-0.28340787
1356785558492,-0.26847482,0.18702236,-0.94495714,0.79220784,0.6009503,-0.106138855,0.5480219,-0.77709806,-0.30950063
1356785558532,-0.28733307,0.20254001,-0.9361716,0.7825973,0.6131695,-0.10753873,0.5522509,-0.7635448,-0.33469117
1356785558587,-0.30619764,0.21864805,-0.92651826,0.77286327,0.6253416,-0.10784367,0.55581063,-0.7490934,-0.3604632
1356785558624,-0.32044628,0.23432696,-0.9178263,0.7651621,0.63522315,-0.10496917,0.55842733,-0.7359228,-0.38285303
1356785558663,-0.33203733,0.2481893,-0.9100292,0.7587576,0.6434383,-0.10136089,0.56039095,-0.7241472,-0.40196103
1356785558704,-0.34092343,0.25999913,-0.90342224,0.7537559,0.6498951,-0.097408414,0.5618036,-0.71416867,-0.4175403
1356785558744,-0.34647837,0.2691849,-0.89860576,0.7507009,0.6539861,-0.09354314,0.5624953,-0.7069948,-0.4286694
1356785558774,-0.34898138,0.27552432,-0.89571106,0.7495459,0.6557618,-0.09031841,0.5624882,-0.702896,-0.4353668
1356785558814,-0.34519827,0.27773783,-0.89649314,0.75231314,0.65298474,-0.08738345,0.56112665,-0.70460814,-0.43435502
1356785558854,-0.33470446,0.27504283,-0.9012904,0.75875634,0.6458464,-0.0846827,0.5588038,-0.7122035,-0.4248582
1356785558894,-0.31691635,0.2671543,-0.91005087,0.7680881,0.6351991,-0.08101034,0.5564213,-0.7246728,-0.40650302
1356785558934,-0.29143572,0.25387588,-0.92228645,0.7791889,0.62229556,-0.07491988,0.5549144,-0.74046963,-0.37917644
1356785558964,-0.26454508,0.23783922,-0.9345846,0.789261,0.61026955,-0.06810418,0.5541507,-0.7556478,-0.34916103
1356785559006,-0.22870333,0.2168878,-0.94902813,0.7998115,0.5976176,-0.05616653,0.5549741,-0.77188915,-0.3101465
1356785559043,-0.18881321,0.1916377,-0.9631327,0.8089648,0.5863606,-0.041919917,0.5567096,-0.7870555,-0.26574075
1356785559084,-0.14853573,0.1642265,-0.9751753,0.8157604,0.57776165,-0.02695492,0.5589922,-0.7995131,-0.21978772
1356785559124,-0.11144532,0.1368509,-0.9843027,0.81975406,0.57256335,-0.013209224,0.561768,-0.80835825,-0.17599362
1356785559164,-0.079919666,0.11126101,-0.99057245,0.82109433,0.5707885,-0.0021352172,0.5651698,-0.81352407,-0.13697302
1356785559204,-0.055136785,0.08850807,-0.99454826,0.820222,0.5720195,0.0054335594,0.5693819,-0.8154508,-0.10413557
1356785559244,-0.037429184,0.06900802,-0.9969138,0.8176789,0.5756018,0.009144336,0.57445645,-0.81481314,-0.07797074
1356785559284,-0.026492417,0.052677274,-0.99826,0.8140529,0.58072037,0.009040207,0.5801861,-0.812397,-0.05826676
1356785559314,-0.020921692,0.03874445,-0.9990301,0.8104234,0.58581644,0.0057472885,0.5854709,-0.80951715,-0.043655694
1356785559354,-0.019904152,0.02777937,-0.9994159,0.80660915,0.5910851,3.6531687E-4,0.59075,-0.8061307,-0.034172177
1356785559392,-0.02327019,0.018126667,-0.9995649,0.80310047,0.59579134,-0.007892042,0.595389,-0.80293465,-0.0284217
1356785559432,-0.028717801,0.008982956,-0.9995472,0.80042523,0.59917384,-0.01761207,0.59874433,-0.8005686,-0.024397135
1356785559472,-0.033773974,-4.632771E-4,-0.9994294,0.79935133,0.6002439,-0.02729094,0.599914,-0.7998169,-0.019902289
1356785559512,-0.037038162,-0.010393977,-0.99925977,0.8007606,0.5979077,-0.035899907,0.5978382,-0.8014976,-0.013822317
1356785559592,-0.038339227,-0.020225376,-0.99906003,0.8060514,0.59028995,-0.04288259,0.5906024,-0.8069378,-0.0063285828
1356785559593,-0.040844828,-0.027838409,-0.9987776,0.8116407,0.5820632,-0.04941544,0.5827273,-0.8126669,-0.0011794567
1356785559620,-0.044657826,-0.032114476,-0.99848604,0.81691444,0.5741301,-0.05500281,0.5750272,-0.818134,5.953908E-4
1356785559651,-0.050451994,-0.03257981,-0.99819493,0.8215567,0.56695783,-0.06002894,0.56789017,-0.82310224,-0.0018379688
1356785559693,-0.061315536,-0.02736485,-0.99774325,0.82538813,0.56068265,-0.06610128,0.56122625,-0.8275784,-0.0117919445
1356785559732,-0.0746682,-0.015553951,-0.99708706,0.8281648,0.5560087,-0.070691615,0.55548865,-0.83103085,-0.028634965
1356785559772,-0.09036012,0.0023086667,-0.9959064,0.8296799,0.55331355,-0.0739955,0.55087763,-0.8329699,-0.051912904
1356785559814,-0.10866089,0.0255692,-0.9937499,0.82969415,0.5529522,-0.0764949,0.54754025,-0.83282053,-0.08129889
1356785559852,-0.12977809,0.053230137,-0.9901132,0.8278593,0.5553944,-0.078651875,0.5457167,-0.82988167,-0.116145074
1356785559913,-0.15433607,0.084101945,-0.98443246,0.82358587,0.56135476,-0.08116144,0.5457901,-0.82329077,-0.1559025
1356785559933,-0.18343261,0.117170036,-0.9760244,0.81603515,0.57175887,-0.0847258,0.54812324,-0.8120117,-0.20049405
1356785559973,-0.2160744,0.15062833,-0.96468806,0.8051367,0.5864078,-0.08877456,0.5523287,-0.7958876,-0.24798411
1356785560011,-0.25109398,0.18262058,-0.95057964,0.7909447,0.60482013,-0.092731714,0.55799496,-0.7751402,-0.29630947
1356785560053,-0.28258753,0.20994774,-0.93598413,0.7761369,0.6234455,-0.09448409,0.5636984,-0.7531518,-0.3391261
1356785560093,-0.304281,0.22967553,-0.9244795,0.7647025,0.6375948,-0.09328982,0.5680169,-0.7353381,-0.36964142
1356785560132,-0.31200728,0.24023977,-0.91920424,0.75995255,0.64375913,-0.08970165,0.5701963,-0.7265391,-0.38342834
1356785560173,-0.30441767,0.24135584,-0.92145395,0.7626428,0.64134705,-0.08396411,0.5707065,-0.72830033,-0.37930566
1356785560212,-0.28315252,0.23383525,-0.93013215,0.77113056,0.63214546,-0.07582757,0.57024765,-0.738724,-0.3593111
1356785560252,-0.2503832,0.21865806,-0.9431313,0.7833742,0.6181788,-0.064650565,0.5688875,-0.7550123,-0.3260727
1356785560292,-0.2092248,0.19716164,-0.957785,0.79707646,0.6017849,-0.05024019,0.56647515,-0.7739394,-0.2830612
1356785560332,-0.16353236,0.17112136,-0.9715836,0.8099901,0.5855024,-0.03321132,0.5631814,-0.7924042,-0.23435521
1356785560373,-0.117244795,0.14254385,-0.9828199,0.8203691,0.5716387,-0.014957368,0.5596858,-0.80802876,-0.18396026
1356785560412,-0.07443653,0.113708645,-0.99072176,0.8270924,0.5620609,0.0023672283,0.55711514,-0.81924224,-0.13588542
1356785560452,-0.03839895,0.08677465,-0.99548763,0.82987756,0.5576985,0.016602546,0.55662256,-0.82549536,-0.09342736
1356785560492,-0.011411056,0.06348947,-0.99791723,0.8292794,0.55822736,0.026032776,0.55871755,-0.82725525,-0.05902046
1356785560532,0.0057356656,0.044853747,-0.9989771,0.8262701,0.5624747,0.029998958,0.5632449,-0.825597,-0.033835113
1356785560585,0.012007251,0.031823993,-0.9994213,0.8206075,0.5708041,0.028034717,0.571366,-0.82046926,-0.019261241
1356785560623,0.010588095,0.021526545,-0.9997122,0.8149868,0.57909524,0.021101177,0.5793828,-0.8149757,-0.0114123225
1356785560663,0.0054050833,0.014398009,-0.99988174,0.8097187,0.5866781,0.012825102,0.5867934,-0.80969226,-0.008487284
1356785560703,-7.8348815E-4,0.008891642,-0.9999602,0.80568063,0.592332,0.0046357214,0.59234965,-0.80564487,-0.0076279044
1356785560743,-0.005956337,0.0043001473,-0.99997306,0.804019,0.59459955,-0.0022321641,0.594574,-0.8040105,-0.006999016
1356785560784,-0.010320038,0.0012715757,-0.9999459,0.80519724,0.59295905,-0.007556081,0.5929173,-0.80523163,-0.0071431994
1356785560822,-0.015789658,0.0014639199,-0.9998743,0.80832005,0.58862305,-0.011902839,0.5885317,-0.80840635,-0.010477483
1356785560862,-0.024026439,0.0064259768,-0.99969065,0.81175387,0.583787,-0.015757084,0.58350515,-0.81188136,-0.019242644
1356785560904,-0.03589414,0.017215788,-0.99920726,0.8141267,0.5803682,-0.019246131,0.57957685,-0.81417215,-0.034847677
1356785560942,-0.04851684,0.033132464,-0.99827266,0.81494415,0.57918084,-0.020384014,0.5775051,-0.8145255,-0.055101156
1356785560984,-0.06320621,0.05381134,-0.9965488,0.8140148,0.5804899,-0.020283818,0.57739496,-0.8124875,-0.08049381
1356785561022,-0.07875155,0.07902151,-0.99375737,0.8118063,0.58365166,-0.017921865,0.57859194,-0.80814993,-0.11011362
1356785561063,-0.095325455,0.10779083,-0.9895929,0.8086645,0.5881073,-0.0138377845,0.58049524,-0.8015678,-0.14322823
1356785561102,-0.11373316,0.13915572,-0.9837177,0.80450654,0.5938756,-0.009004474,0.58295286,-0.79243135,-0.17949504
1356785561143,-0.13455589,0.17190903,-0.97588,0.79912853,0.6011449,-0.0042886734,0.58590806,-0.7804307,-0.218265
1356785561184,-0.15878564,0.20492056,-0.9658129,0.7922896,0.6101446,-8.00401E-4,0.5891216,-0.7653307,-0.25923866
1356785561222,-0.18290554,0.23540923,-0.95453024,0.78529537,0.6191173,0.0022116005,0.5914868,-0.74918365,-0.29810578
1356785561264,-0.2045266,0.26102218,-0.94341743,0.7796557,0.6261942,0.0042295754,0.5918665,-0.73467565,-0.33158076
1356785561302,-0.21834913,0.27902377,-0.93513066,0.77756596,0.62877226,0.006054312,0.58967346,-0.72580385,-0.35425127
1356785561342,-0.22094008,0.28787,-0.9318348,0.78008443,0.625619,0.00831148,0.58536625,-0.7250736,-0.3627872
1356785561382,-0.21162814,0.28731197,-0.9341656,0.786148,0.61792266,0.0119524,0.5806762,-0.73186296,-0.35663956
1356785561422,-0.1913873,0.2780452,-0.9413085,0.79409707,0.6075245,0.017995358,0.5768715,-0.7440462,-0.33706737
1356785561462,-0.1620162,0.26123136,-0.9515823,0.80251783,0.5960176,0.026984155,0.574209,-0.7592899,-0.30620736
1356785561502,-0.12619828,0.23853347,-0.9628997,0.8102459,0.5848123,0.038680732,0.57234216,-0.7753041,-0.26707304
1356785561542,-0.08700496,0.21192288,-0.9734057,0.8164309,0.5750764,0.05222723,0.57085085,-0.7901745,-0.22305489
1356785561588,-0.04758559,0.18348163,-0.9818708,0.82049197,0.5677958,0.066339165,0.56967413,-0.8024602,-0.17756408
1356785561623,-0.011159405,0.15539539,-0.9877893,0.82213634,0.563727,0.07939544,0.5691812,-0.81121147,-0.13404703
1356785561662,0.01980403,0.12954897,-0.9913752,0.82151216,0.5630454,0.08998731,0.569847,-0.81620896,-0.09527546
1356785561702,0.04361175,0.10737789,-0.99326134,0.81915855,0.56529194,0.09707901,0.5719068,-0.8178723,-0.06330615
1356785561742,0.059383914,0.0897899,-0.9941888,0.8155943,0.5698849,0.100185305,0.5755688,-0.8168042,-0.039390147
1356785561782,0.06717081,0.077015966,-0.99476457,0.81104016,0.5764842,0.09939706,0.5811212,-0.8134706,-0.023740113
1356785561822,0.06828201,0.068425,-0.99531686,0.8056896,0.584595,0.095462084,0.5883893,-0.8084347,-0.015211999
1356785561862,0.06528321,0.06256285,-0.9959036,0.8002491,0.5929202,0.08970505,0.59610355,-0.8028272,-0.011358142
1356785561902,0.060997233,0.057875782,-0.9964586,0.79606473,0.59941727,0.08354539,0.60212976,-0.79834163,-0.0095101
1356785561942,0.05699399,0.053667516,-0.996931,0.7945986,0.60212445,0.077840805,0.6044541,-0.79659647,-0.008326709
1356785561982,0.0529207,0.05050218,-0.9973209,0.7964893,0.600271,0.07266042,0.60233223,-0.7982006,-0.008457661
1356785562022,0.047276273,0.049739808,-0.99764276,0.80106795,0.5947424,0.0676133,0.5967035,-0.8023761,-0.01172781
1356785562064,0.038583443,0.05282384,-0.99785817,0.80697584,0.5872901,0.062292278,0.5893228,-0.8076509,-0.019967914
1356785562102,0.02773194,0.05990404,-0.9978188,0.8123924,0.5802776,0.057415426,0.58245134,-0.8122127,-0.032573342
1356785562143,0.014103398,0.0714353,-0.99734557,0.81650555,0.57492495,0.052725434,0.57716525,-0.8150818,-0.05021894
1356785562182,-8.81657E-4,0.087078005,-0.9962011,0.8189453,0.5717541,0.04925227,0.57387084,-0.81579083,-0.071816206
1356785562222,-0.018022135,0.10663882,-0.9941345,0.81973207,0.5708666,0.046375275,0.5724636,-0.81408817,-0.09770352
1356785562262,-0.03792934,0.12996781,-0.99079245,0.8189307,0.5722253,0.04371184,0.5726376,-0.8097324,-0.12813878
1356785562302,-0.062175736,0.15685764,-0.9856621,0.8161911,0.5763792,0.040239125,0.574427,-0.8019867,-0.16386259
1356785562342,-0.0919473,0.18667597,-0.9781092,0.8109317,0.5840785,0.035241872,0.5778714,-0.7899394,-0.20508593
1356785562383,-0.12566681,0.21712777,-0.9680203,0.8033488,0.5947962,0.029123843,0.58209836,-0.7739981,-0.24917549
1356785562423,-0.15987258,0.24506992,-0.956233,0.79472095,0.60655475,0.02258262,0.58554196,-0.756328,-0.29173368
1356785562462,-0.18758875,0.26584077,-0.94558936,0.78783596,0.61565626,0.016790926,0.5866217,-0.74181944,-0.32492906
1356785562504,-0.20337036,0.27657294,-0.9392273,0.78493714,0.61945033,0.0124467015,0.5852471,-0.7347031,-0.34307027
1356785562542,-0.2067582,0.2770249,-0.93835396,0.78581834,0.61838573,0.009414166,0.5828727,-0.7354293,-0.34554756
1356785562589,-0.19682015,0.2676059,-0.94321203,0.79050636,0.61239076,0.008791029,0.5799669,-0.74388486,-0.332075
1356785562623,-0.17645073,0.2500897,-0.95200855,0.79797524,0.6026005,0.010399938,0.5762817,-0.75784415,-0.30589467
1356785562663,-0.14844339,0.22651044,-0.9626305,0.80699587,0.59037966,0.014474869,0.57159615,-0.77469015,-0.27043092
1356785562702,-0.11626953,0.19911757,-0.9730538,0.81581175,0.577944,0.020784914,0.56650925,-0.791412,-0.22963977
1356785562742,-0.08331932,0.17012307,-0.9818941,0.8227209,0.5677281,0.028552055,0.5623062,-0.8054458,-0.18726653
1356785562782,-0.052856103,0.14165682,-0.98850375,0.8265178,0.5617386,0.03630501,0.56042355,-0.81509703,-0.14677322
1356785562822,-0.027520373,0.11556181,-0.99291897,0.8268056,0.5608902,0.042363405,0.56181407,-0.8197851,-0.11098307
1356785562880,-0.009021252,0.09317887,-0.99560857,0.82399386,0.5647776,0.045391202,0.5665269,-0.81996584,-0.081873834
1356785562903,0.0020725876,0.07520279,-0.99716616,0.8189403,0.5721235,0.044849753,0.57387507,-0.81671244,-0.060400844
1356785562942,0.0062221885,0.061659396,-0.9980778,0.81261396,0.5813597,0.040981263,0.5827691,-0.81130695,-0.046487927
1356785562980,0.0048677474,0.05197546,-0.9986365,0.80594504,0.5909733,0.034686536,0.59197044,-0.80501497,-0.03901267
1356785563023,1.604408E-4,0.045173496,-0.9989792,0.7997091,0.599769,0.027249813,0.6003877,-0.7988971,-0.036029458
1356785563062,-0.0052505285,0.03991899,-0.9991891,0.79470813,0.6066601,0.020060837,0.60696894,-0.7939584,-0.03490919
1356785563102,-0.009309739,0.035272688,-0.9993343,0.7917656,0.61066043,0.014177859,0.61075395,-0.7911066,-0.033612788
1356785563142,-0.011636093,0.031224579,-0.99944466,0.7914462,0.61115897,0.009879351,0.61112803,-0.79089177,-0.031824052
1356785563182,-0.013659462,0.028866798,-0.9994899,0.79342604,0.60862935,0.006734818,0.60851324,-0.7929294,-0.031217217
1356785563222,-0.017312825,0.029699713,-0.99940896,0.7964593,0.60467774,0.0041722655,0.60444427,-0.7959163,-0.0341233
1356785563262,-0.023513898,0.034765184,-0.99911886,0.79915106,0.60112655,0.0021089911,0.60067016,-0.7983973,-0.041917443
1356785563303,-0.031953827,0.04444903,-0.99850047,0.80061984,0.5991717,0.0010512769,0.5983199,-0.79938567,-0.05473262
1356785563342,-0.041034043,0.058370322,-0.9974513,0.80085456,0.5988552,0.0020984411,0.59745145,-0.79872733,-0.07131958
1356785563384,-0.051184997,0.07636514,-0.99576527,0.8003714,0.5994849,0.0048331916,0.5973154,-0.7967347,-0.0918051
1356785563422,-0.060592234,0.09769139,-0.9933705,0.8002511,0.5995791,0.010151982,0.59659594,-0.7943307,-0.1145075
1356785563463,-0.073253706,0.12199834,-0.9898234,0.8007679,0.5987983,0.014541149,0.59447855,-0.79155356,-0.14155656
1356785563502,-0.08982909,0.14912498,-0.98472965,0.8012574,0.59806454,0.017477036,0.5915382,-0.7874519,-0.1732111
1356785563543,-0.11442782,0.1787647,-0.9772152,0.80007505,0.5996861,0.016016781,0.58888555,-0.7800127,-0.2116459
1356785563593,-0.14450748,0.20860049,-0.967266,0.7965075,0.6045217,0.011374563,0.58710605,-0.76879084,-0.25350976
1356785563626,-0.17670034,0.23583576,-0.9555932,0.7910949,0.6116755,0.004675895,0.58561575,-0.75513875,-0.29465175
1356785563664,-0.2032479,0.25669843,-0.944879,0.7864904,0.617601,-0.0013920069,0.5832009,-0.74342114,-0.32741696
1356785563703,-0.21781813,0.26860213,-0.9383006,0.7850865,0.6193663,-0.004948288,0.57982266,-0.737725,-0.34578514
1356785563743,-0.2177988,0.2707485,-0.9376881,0.7877089,0.61602664,-0.0050909817,0.5762625,-0.73973405,-0.34744084
1356785563783,-0.20368749,0.26356974,-0.9428904,0.79399014,0.6079286,-0.0015847981,0.5727924,-0.7489685,-0.33309925
1356785563823,-0.17765498,0.24810585,-0.9523035,0.80283546,0.5961747,0.005551487,0.5691167,-0.76355684,-0.30510163
1356785563863,-0.14299636,0.22590798,-0.9635962,0.8125028,0.58273643,0.016043901,0.56514704,-0.7806304,-0.26688004
1356785563902,-0.103600085,0.19899738,-0.97450864,0.82106364,0.5700931,0.02912724,0.5613569,-0.797116,-0.22245121
1356785563942,-0.063831165,0.1698857,-0.9833943,0.82693756,0.56063366,0.043176234,0.558659,-0.8104497,-0.17627078
1356785563981,-0.027671173,0.14118266,-0.9895968,0.8293463,0.5559095,0.05611965,0.5580494,-0.81916547,-0.13247198
1356785564022,0.0016784966,0.11517581,-0.9933437,0.8283621,0.55630314,0.06590176,0.56019056,-0.82295895,-0.09447354
1356785564062,0.02215968,0.09346253,-0.99537617,0.8246928,0.561101,0.07104534,0.5651466,-0.8224539,-0.06464404
1356785564102,0.03329037,0.076660484,-0.9965013,0.81925654,0.568997,0.07114184,0.57246006,-0.81875855,-0.043862462
1356785564142,0.03620003,0.06437087,-0.9972692,0.81291956,0.5785264,0.06685051,0.5812498,-0.81311965,-0.03138566
1356785564182,0.03327185,0.055458188,-0.99790645,0.80642796,0.5883228,0.059583336,0.59039545,-0.80672216,-0.025148392
1356785564222,0.027429074,0.0485245,-0.9984453,0.80039895,0.5972929,0.051016837,0.5988399,-0.8005539,-0.022455752
1356785564262,0.021257475,0.0424439,-0.9988727,0.79552877,0.60441554,0.04261276,0.60554284,-0.7955378,-0.020916998
1356785564302,0.016165644,0.036846936,-0.99919015,0.79275477,0.6085197,0.035266012,0.6093263,-0.7926829,-0.019373417
1356785564342,0.011994019,0.032283008,-0.9994068,0.7927783,0.6088112,0.02918014,0.60939205,-0.792658,-0.018291175
1356785564382,0.0074667633,0.029951304,-0.9995235,0.7953558,0.605664,0.024090677,0.606097,-0.7951566,-0.019299567
1356785564422,0.0013125092,0.031073391,-0.99951625,0.79942554,0.6004416,0.01971656,0.6007638,-0.7990647,-0.02405274
1356785564462,-0.0063630044,0.036192268,-0.99932456,0.8037236,0.5947763,0.016423255,0.5949688,-0.80307615,-0.032873094
1356785564504,-0.016080633,0.045687646,-0.9988263,0.8077568,0.58935064,0.013953149,0.5892964,-0.8065844,-0.046381652
1356785564542,-0.02574344,0.059194773,-0.99791443,0.8112979,0.5844715,0.013740718,0.5840659,-0.80925214,-0.06307089
1356785564594,-0.03820859,0.07655752,-0.99633276,0.8144229,0.5801183,0.013343364,0.5790124,-0.81092644,-0.08451569
1356785564624,-0.053297177,0.097842425,-0.99377376,0.81697845,0.5765228,0.012946367,0.5742,-0.81120175,-0.11066222
1356785564665,-0.07424109,0.12291044,-0.9896369,0.8182756,0.5747392,0.009995341,0.5700116,-0.80905366,-0.14324385
1356785564704,-0.09985648,0.15042233,-0.98356587,0.8176606,0.5756786,0.0050288737,0.5669742,-0.80372095,-0.18047965
1356785564745,-0.13213444,0.17917043,-0.97490436,0.8142525,0.5804993,-0.0036747158,0.56527287,-0.7943038,-0.2225939
1356785564784,-0.16730258,0.20685175,-0.9639618,0.8087622,0.5879644,-0.014198184,0.5638383,-0.7819912,-0.26566184
1356785564825,-0.19924095,0.23033199,-0.9524969,0.8031374,0.59530854,-0.024041265,0.5614921,-0.76977587,-0.3035981
1356785564865,-0.22186549,0.2470639,-0.94325775,0.79948676,0.5998873,-0.030922592,0.5582085,-0.7609827,-0.33061862
1356785564902,-0.23218495,0.25595242,-0.93839145,0.79871637,0.6007597,-0.033764184,0.5551057,-0.7573481,-0.3439207
1356785564942,-0.22934715,0.25689608,-0.9388314,0.80086607,0.59798723,-0.032014012,0.5531849,-0.7592205,-0.34288597
1356785564982,-0.21515347,0.2504552,-0.94391805,0.80496293,0.5927462,-0.026203722,0.552941,-0.7654568,-0.32913858
1356785565022,-0.19206397,0.2375111,-0.9522079,0.80974656,0.58653265,-0.017029047,0.5544565,-0.77431774,-0.3049755
1356785565061,-0.16300923,0.2191563,-0.9619764,0.8139192,0.5809515,-0.005568862,0.55764115,-0.7838788,-0.27307594
1356785565102,-0.13133024,0.19681409,-0.9716052,0.8164314,0.5774046,0.0066068172,0.5623096,-0.7923813,-0.23651588
1356785565142,-0.10033135,0.17216665,-0.97994494,0.81672126,0.5767605,0.017711312,0.5682428,-0.7985649,-0.1984793
1356785565181,-0.0727454,0.14690852,-0.9864715,0.81471044,0.5792763,0.026188523,0.5752869,-0.80178356,-0.16182762
1356785565222,-0.050528258,0.12252316,-0.9911786,0.8106842,0.5846653,0.03094557,0.5832992,-0.8019692,-0.12886971
1356785565262,-0.034990564,0.10017508,-0.99435437,0.8052934,0.59204936,0.031307638,0.5918431,-0.7996515,-0.10138643
1356785565302,-0.02659434,0.08056614,-0.9963944,0.79945457,0.60011107,0.027185708,0.6001376,-0.7958491,-0.08036852
1356785565342,-0.02490151,0.063770086,-0.99765384,0.7941047,0.6074837,0.019009441,0.6072706,-0.7917682,-0.06576735
1356785565382,-0.028564483,0.04928556,-0.9983762,0.7899169,0.613166,0.007669151,0.6125483,-0.78841513,-0.056446254
1356785565423,-0.0353408,0.036206245,-0.9987193,0.7872066,0.6166649,-0.005500406,0.615676,-0.7863928,-0.050295234
1356785565462,-0.0423982,0.023530155,-0.9988237,0.7862085,0.61767465,-0.018821985,0.6165052,-0.7860817,-0.044687927
1356785565502,-0.047512785,0.010839909,-0.99881184,0.78737974,0.6156997,-0.030773073,0.6146345,-0.7879063,-0.03778869
1356785565542,-0.0504086,-0.0011016428,-0.99872804,0.79103863,0.61041754,-0.040599287,0.6096858,-0.79207903,-0.029898822
1356785565596,-0.052516535,-0.010556579,-0.99856424,0.7967773,0.6023419,-0.048271954,0.60198665,-0.7981684,-0.023221672
1356785565625,-0.05537343,-0.015641093,-0.9983432,0.80303484,0.5934951,-0.05383888,0.59335387,-0.8046856,-0.020303547
1356785565665,-0.06001629,-0.015083104,-0.9980834,0.80854976,0.5856147,-0.05746919,0.58535916,-0.8104492,-0.022951007
1356785565704,-0.065060586,-0.008420259,-0.99784577,0.8125366,0.5800301,-0.057872802,0.579268,-0.8145515,-0.030895352
1356785565745,-0.07177968,0.0041078627,-0.9974121,0.81468797,0.5771647,-0.05625266,0.57543993,-0.8166174,-0.044775367
1356785565784,-0.07992396,0.022492886,-0.9965471,0.8151908,0.57682097,-0.0523597,0.57365155,-0.81656086,-0.06443781
1356785565825,-0.09063299,0.04592192,-0.994825,0.81421006,0.57862663,-0.047468305,0.57345235,-0.81429875,-0.08983272
1356785565862,-0.106032655,0.0734759,-0.99164426,0.81160593,0.58257484,-0.043615967,0.5745022,-0.8094491,-0.12140542
1356785565903,-0.12809037,0.10391435,-0.9863035,0.80693233,0.5890962,-0.042729974,0.5765874,-0.8013535,-0.15930939
1356785565941,-0.15865122,0.13554102,-0.9779869,0.799273,0.5991569,-0.04662162,0.57964844,-0.78907514,-0.20339125
1356785565983,-0.19525933,0.16566232,-0.96665907,0.78859496,0.6125089,-0.054322004,0.58308816,-0.77290934,-0.25023854
1356785566024,-0.23328066,0.19153541,-0.95335954,0.7763451,0.6270517,-0.06398815,0.5855498,-0.7550632,-0.2949766
1356785566072,-0.26258412,0.21004328,-0.94177026,0.7676798,0.6367732,-0.072024554,0.5845658,-0.74189055,-0.32845253
1356785566112,-0.27592295,0.21939215,-0.9358064,0.76587355,0.6384679,-0.07613459,0.5807791,-0.73771656,-0.3441946
1356785566152,-0.27099967,0.22044167,-0.93699765,0.77167857,0.631624,-0.07458761,0.57538795,-0.7432742,-0.34127998
1356785566192,-0.24941237,0.21401182,-0.94445354,0.7832495,0.6181108,-0.06677842,0.5694855,-0.7563981,-0.3217891
1356785566232,-0.21462822,0.20110574,-0.95576733,0.7976265,0.6008459,-0.052690297,0.5636725,-0.7736541,-0.2893657
1356785566272,-0.17179321,0.18304494,-0.967978,0.8114561,0.58344173,-0.033685297,0.5585929,-0.7912586,-0.24876428
1356785566312,-0.1264562,0.16143835,-0.9787474,0.82212025,0.5691802,-0.01233688,0.55509204,-0.80620813,-0.20469809
1356785566352,-0.083894014,0.13810557,-0.9868579,0.8282816,0.56025505,0.007991463,0.5539957,-0.81672585,-0.16139233
1356785566392,-0.048237875,0.11487651,-0.9922079,0.8298867,0.5574073,0.024189502,0.55584276,-0.8222532,-0.12222266
1356785566432,-0.022059843,0.09330407,-0.9953933,0.8276788,0.56016123,0.03416422,0.56076837,-0.82311225,-0.08958286
1356785566472,-0.0066301376,0.07444137,-0.99720335,0.82286537,0.5670397,0.03685856,0.5681977,-0.8203197,-0.06501478
1356785566512,-0.0016772449,0.058817476,-0.9982673,0.8164965,0.5764297,0.032591134,0.5773479,-0.8150271,-0.048991084
1356785566552,-0.005807668,0.046221614,-0.99891436,0.80939066,0.58684146,0.02244848,0.5872419,-0.80838156,-0.040819526
1356785566591,-0.016858831,0.036111325,-0.9992056,0.80212545,0.59710145,0.008045644,0.5969176,-0.8013525,-0.03903222
1356785566632,-0.03193535,0.02760756,-0.9991087,0.7953812,0.60604745,-0.008676946,0.60526764,-0.7949493,-0.041312873
1356785566673,-0.04760723,0.019878745,-0.9986683,0.789953,0.61263853,-0.025462866,0.61131656,-0.7901132,-0.044869304
1356785566712,-0.06081219,0.012304336,-0.99807346,0.7868693,0.6157991,-0.040351957,0.6141162,-0.7878071,-0.04712999
1356785566752,-0.07025267,0.0048828125,-0.9975173,0.78710574,0.61458623,-0.052425504,0.61280435,-0.7888346,-0.0470196
1356785566793,-0.07702908,-0.0014287531,-0.9970278,0.79080546,0.6089225,-0.06196922,0.60720116,-0.79322845,-0.045774877
1356785566832,-0.08360766,-0.0051229,-0.99648553,0.79673785,0.6002649,-0.06993428,0.59851354,-0.7997848,-0.046105146
1356785566873,-0.091680124,-0.0048944354,-0.99577653,0.80293536,0.59109384,-0.076830745,0.5889734,-0.806588,-0.050261617
1356785566914,-0.10228725,1.5828013E-4,-0.9947549,0.8078804,0.5834757,-0.082978725,0.58040214,-0.81213063,-0.059809983
1356785566952,-0.11315942,0.010098338,-0.9935255,0.81099004,0.578632,-0.08648795,0.5740123,-0.81552625,-0.07366729
1356785566993,-0.12644516,0.02463755,-0.99166757,0.81185424,0.5770089,-0.08918208,0.5700038,-0.81636614,-0.092962086
1356785567032,-0.13968913,0.04357943,-0.98923594,0.8112879,0.57781655,-0.08910635,0.5677137,-0.8150023,-0.11607015
1356785567073,-0.15558192,0.06576815,-0.98563117,0.809026,0.58100533,-0.08893612,0.5668078,-0.81123817,-0.14360207
1356785567112,-0.173439,0.09040204,-0.98068666,0.80516875,0.5864295,-0.08833939,0.56711745,-0.80493975,-0.17449862
1356785567152,-0.19575949,0.11605731,-0.9737602,0.79867375,0.59505033,-0.0896402,0.56903285,-0.79526466,-0.20917863
1356785567192,-0.22269155,0.14152434,-0.96456176,0.7890128,0.6072883,-0.09305814,0.5725971,-0.78177476,-0.24690253
1356785567232,-0.25315636,0.16521928,-0.9532126,0.7762852,0.62268007,-0.098239124,0.57731545,-0.7648347,-0.28589267
1356785567272,-0.28342885,0.1854853,-0.9408844,0.76218724,0.639009,-0.10362488,0.5820127,-0.7465003,-0.32248813
1356785567312,-0.30731982,0.2007637,-0.93018734,0.75062156,0.651965,-0.10727939,0.5849118,-0.7311877,-0.35105938
1356785567352,-0.31936836,0.21022478,-0.924018,0.74554765,0.6576327,-0.10806462,0.58494663,-0.7234119,-0.36675966
1356785567392,-0.31680036,0.21380168,-0.9240814,0.7484051,0.65486825,-0.105059,0.5826897,-0.72486997,-0.36747277
1356785567432,-0.2992798,0.21182561,-0.93035555,0.7580865,0.64489496,-0.09703249,0.5794276,-0.7343299,-0.3535862
1356785567472,-0.26781934,0.20467699,-0.94147766,0.7724125,0.62969685,-0.08282992,0.5758921,-0.7493925,-0.3267401
1356785567512,-0.22468717,0.19279253,-0.95516837,0.78869706,0.61164033,-0.06207323,0.5722523,-0.7672856,-0.28948265
1356785567552,-0.17364715,0.17686763,-0.9687954,0.80408907,0.5934309,-0.035785764,0.5685837,-0.7852118,-0.24526489
1356785567595,-0.118294924,0.15771428,-0.9803736,0.81642866,0.5774189,-0.0056224763,0.5651996,-0.8010702,-0.19706821
1356785567633,-0.06628987,0.13716546,-0.9883275,0.82395935,0.56616926,0.02331078,0.5627581,-0.8127964,-0.15055007
1356785567672,-0.020958379,0.117046595,-0.99290526,0.8264391,0.5609179,0.04867807,0.5626359,-0.8195555,-0.108487844
1356785567712,0.013660476,0.098762095,-0.99501735,0.8243784,0.5620475,0.06710479,0.5658744,-0.8211874,-0.07373947
1356785567752,0.035757914,0.08341771,-0.9958729,0.8189983,0.56860125,0.07703501,0.57268065,-0.8183728,-0.047986984
1356785567792,0.04558122,0.071314365,-0.99641186,0.8118316,0.57858425,0.07854745,0.58210975,-0.8124989,-0.03152269
1356785567832,0.04499416,0.06204146,-0.99705887,0.8043665,0.5896331,0.07298818,0.59242713,-0.80528486,-0.023374021
1356785567872,0.03667043,0.054787964,-0.9978244,0.79782295,0.5996699,0.06224665,0.6017756,-0.79836977,-0.021720946
1356785567912,0.023559898,0.04870537,-0.9985352,0.79287076,0.6074697,0.048337787,0.6089342,-0.7928482,-0.024305165
1356785567953,0.009172365,0.042989254,-0.9990334,0.78959304,0.61270946,0.033614874,0.6135623,-0.7891382,-0.028324008
1356785567992,-0.0028927177,0.037175447,-0.99930453,0.7879987,0.6153319,0.020610094,0.6156701,-0.787391,-0.031074166
1356785568032,-0.01045832,0.031470865,-0.9994499,0.78852355,0.61490417,0.011111051,0.61491555,-0.78797364,-0.031246364
1356785568072,-0.013886496,0.026907653,-0.9995414,0.79155433,0.6110744,0.0054531693,0.61094093,-0.7911157,-0.02978456
1356785568112,-0.015381351,0.025038391,-0.99956816,0.79660606,0.6044919,0.0028839111,0.60430306,-0.79621774,-0.029243648
1356785568152,-0.01700975,0.027355134,-0.9994811,0.80241615,0.59675896,0.002676934,0.59652245,-0.80195415,-0.032100916
1356785568193,-0.019783765,0.034926295,-0.99919415,0.8077658,0.5894855,0.004611641,0.5891715,-0.8070235,-0.039874494
1356785568232,-0.022203878,0.048285067,-0.9985868,0.8118691,0.58375084,0.010174185,0.58341706,-0.81049585,-0.052162707
1356785568272,-0.025600791,0.06693506,-0.9974289,0.8145234,0.5798512,0.018006265,0.57956564,-0.81196815,-0.069364846
1356785568312,-0.029387102,0.09099144,-0.99541795,0.8159982,0.5773423,0.028684795,0.577307,-0.8114163,-0.09121525
1356785568352,-0.03465295,0.119595736,-0.9922177,0.8165939,0.5757633,0.040879577,0.5761716,-0.8088223,-0.11761302
1356785568393,-0.04376997,0.15174386,-0.98745024,0.8162683,0.57530725,0.052226722,0.5760124,-0.80373836,-0.14904487
1356785568433,-0.05739817,0.1860624,-0.98085994,0.8148673,0.5763601,0.06164694,0.57679874,-0.79573226,-0.1846981
1356785568474,-0.079573825,0.22061357,-0.9721099,0.81166685,0.5804602,0.0652909,0.57867515,-0.783834,-0.22525412
1356785568514,-0.10572554,0.25341463,-0.9615629,0.8071332,0.58668303,0.06587139,0.58082545,-0.769145,-0.26656675
1356785568554,-0.13442513,0.28210428,-0.94991946,0.80166173,0.59443927,0.06308997,0.58246744,-0.7530332,-0.30605984
1356785568594,-0.15595248,0.30484354,-0.93954736,0.7978239,0.5996793,0.06214243,0.5823708,-0.7399021,-0.33673298
1356785568634,-0.16349742,0.32043773,-0.93305314,0.7976138,0.599532,0.06613222,0.58058655,-0.7334037,-0.35360754
1356785568672,-0.1557759,0.32864094,-0.9315197,0.8005291,0.59447324,0.07585999,0.57869416,-0.7338915,-0.3556912
1356785568712,-0.132523,0.32963127,-0.9347625,0.805365,0.58554804,0.09230751,0.57777584,-0.7405921,-0.34307212
1356785568752,-0.096794605,0.3236668,-0.941207,0.8104801,0.5745223,0.11421895,0.5777133,-0.7517738,-0.31793624
1356785568811,-0.05252602,0.311455,-0.9488081,0.81453705,0.5630325,0.13972783,0.5777286,-0.7655,-0.28326547
1356785568832,-0.0040050745,0.29409522,-0.9557677,0.8165881,0.55264646,0.1666306,0.5772069,-0.77980113,-0.24236804
1356785568872,0.04429847,0.27308017,-0.9609708,0.816163,0.54483163,0.19244859,0.57612115,-0.79283404,-0.19874269
1356785568910,0.08775412,0.2502604,-0.9641934,0.81337935,0.54078674,0.21439156,0.57507676,-0.80306876,-0.15610039
1356785568953,0.122918874,0.22744185,-0.9660026,0.8088575,0.54102576,0.2303055,0.5750134,-0.8096674,-0.117465734
1356785568992,0.14695683,0.2060537,-0.9674428,0.8037536,0.545193,0.23821166,0.5765274,-0.8125925,-0.085496545
1356785569032,0.1590522,0.18702495,-0.9693936,0.7991014,0.5522299,0.23765326,0.5797752,-0.81244314,-0.061618507
1356785569072,0.15960675,0.17046106,-0.97235215,0.795597,0.56090885,0.22892502,0.5844238,-0.81013846,-0.046093464
1356785569112,0.15032431,0.15607369,-0.97623956,0.79331046,0.57022226,0.2133191,0.589967,-0.8065281,-0.038096607
1356785569152,0.13390772,0.14334583,-0.98057157,0.79185104,0.5794673,0.19284585,0.5958528,-0.8022902,-0.035913408
1356785569193,0.11409727,0.13157272,-0.98471844,0.7908667,0.58785045,0.17018145,0.6012584,-0.7981982,-0.036984324
1356785569232,0.09476584,0.12027761,-0.98820686,0.7906443,0.5940871,0.14812836,0.6048975,-0.7953576,-0.038797677
1356785569272,0.07781273,0.10978931,-0.99090445,0.7920913,0.59676236,0.12832004,0.6054226,-0.7948717,-0.040527463
1356785569312,0.062307253,0.101403385,-0.9928924,0.7957028,0.59547615,0.1107485,0.602474,-0.7969476,-0.043584466
1356785569353,0.04632084,0.09672356,-0.99423283,0.8008018,0.5913728,0.09484044,0.5971355,-0.80057657,-0.05006349
1356785569394,0.02856177,0.09698662,-0.9948758,0.80609334,0.5863152,0.080299616,0.5910988,-0.8042562,-0.06143403
1356785569432,0.011157706,0.1022563,-0.99469554,0.81014955,0.5821561,0.06893417,0.586117,-0.8066213,-0.07634735
1356785569474,-0.0074120164,0.11228272,-0.99364865,0.81260014,0.5797812,0.059454024,0.5827744,-0.8069984,-0.09553832
1356785569512,-0.025027499,0.12663186,-0.99163395,0.81367886,0.5788582,0.053384125,0.58077556,-0.80553555,-0.11752504
1356785569553,-0.044376507,0.14443785,-0.98851836,0.8134732,0.5796041,0.048170775,0.57990694,-0.8019955,-0.14321715
1356785569594,-0.06580208,0.16506857,-0.9840846,0.811792,0.5823318,0.043397725,0.5802274,-0.79601634,-0.17232001
1356785569633,-0.09194058,0.18751988,-0.9779484,0.80788136,0.588193,0.03683299,0.58212936,-0.7866799,-0.2055726
1356785569672,-0.12346877,0.21055031,-0.9697547,0.8014685,0.5973969,0.027662456,0.58515275,-0.77381235,-0.2425093
1356785569714,-0.15901394,0.23234147,-0.9595478,0.79329294,0.60863227,0.015909463,0.5877082,-0.7586727,-0.28109586
1356785569752,-0.19403954,0.25050297,-0.94847095,0.7854177,0.61895996,0.002793163,0.5877652,-0.7444037,-0.3168521
1356785569793,-0.22207946,0.2625715,-0.9390085,0.78041536,0.6251854,-0.009753197,0.5844934,-0.7349826,-0.34375566
1356785569832,-0.23806362,0.2670699,-0.9338089,0.77988374,0.6256079,-0.019897997,0.5788841,-0.7329995,-0.35721803
1356785569880,-0.23772585,0.2626571,-0.93514574,0.78453785,0.6195596,-0.025421947,0.5727012,-0.7397007,-0.35334975
1356785569922,-0.22236021,0.24890292,-0.9426576,0.7924278,0.6094109,-0.026011825,0.5679914,-0.75277203,-0.33274633
1356785569962,-0.19996423,0.22873572,-0.95272994,0.80040824,0.598967,-0.02419138,0.56512046,-0.7674103,-0.30285394
1356785570002,-0.17132376,0.20417646,-0.9638257,0.80796576,0.5889275,-0.018860906,0.56377256,-0.78196955,-0.26586485
1356785570042,-0.13959418,0.17647287,-0.97435665,0.81420565,0.58046234,-0.011517823,0.56354475,-0.7949345,-0.2247144
1356785570082,-0.10820083,0.14725816,-0.98316205,0.8183739,0.5746722,-0.003990829,0.5644082,-0.805026,-0.18269223
1356785570122,-0.080473796,0.11833829,-0.9897071,0.8199023,0.5725007,0.0017865002,0.5668194,-0.81131935,-0.14309716
1356785570162,-0.05922596,0.09143087,-0.9940486,0.81857383,0.57438695,0.00406003,0.5713397,-0.8134617,-0.108861506
1356785570202,-0.046341106,0.067883134,-0.9966165,0.8147112,0.5798647,0.0016138554,0.5780122,-0.8118798,-0.082176685
1356785570242,-0.042381704,0.048426896,-0.9979272,0.8090614,0.58769506,-0.005841255,0.58619404,-0.80763197,-0.06408787
1356785570282,-0.04641296,0.032983422,-0.99837774,0.80249745,0.59639585,-0.017603636,0.59484774,-0.80201256,-0.054149628
1356785570322,-0.05606255,0.020705879,-0.9982125,0.79580337,0.60470104,-0.03215137,0.6029543,-0.79618335,-0.05037886
1356785570362,-0.06810327,0.010273486,-0.9976253,0.78982246,0.611484,-0.047620505,0.60954267,-0.79119,-0.049758315
1356785570402,-0.07951887,4.4214725E-4,-0.9968333,0.7857555,0.6153809,-0.06240791,0.6134045,-0.7882298,-0.049281776
1356785570443,-0.08873099,-0.0093216,-0.99601203,0.7848855,0.615002,-0.07567826,0.61325485,-0.7884705,-0.04725337
