1356786483008,0.60035026,0.7650484,0.23298177,0.10600874,0.21262494,-0.9713664,-0.79268,0.6078582,0.04654765
1356786483048,0.2996558,0.3220371,0.8980527,0.5308948,0.7258196,-0.4374204,-0.7926898,0.60784703,0.04652822
1356786483087,0.29959306,0.32226768,0.8979908,0.530842,0.7257712,-0.43756482,-0.7927489,0.60778266,0.046362817
1356786483127,0.2993551,0.32287413,0.8978523,0.53076,0.72562736,-0.43790272,-0.79289365,0.60763246,0.04585159
1356786483168,0.2995717,0.3250482,0.8969952,0.5302607,0.72486556,-0.43976524,-0.7931459,0.60738254,0.044788897
1356786483208,0.2998736,0.32819393,0.8957481,0.52958965,0.72371745,-0.4424566,-0.7934801,0.60705996,0.043215632
1356786483246,0.3007598,0.3323195,0.893928,0.5285752,0.72210795,-0.4462828,-0.79382104,0.6067321,0.041525185
1356786483288,0.30218244,0.33693027,0.8917195,0.52727026,0.7202424,-0.45081803,-0.7941485,0.60640645,0.03999126
1356786483327,0.30417645,0.3416862,0.8892284,0.5256155,0.7183095,-0.4558067,-0.7944841,0.6060379,0.038897276
1356786483366,0.30657175,0.34628987,0.8866212,0.5236641,0.7164781,-0.46090677,-0.79485196,0.60559267,0.038312376
1356786483406,0.30902573,0.3507018,0.88403124,0.5216179,0.7147488,-0.4658851,-0.795247,0.605097,0.037943423
1356786483448,0.3111781,0.35529023,0.8814402,0.51978153,0.7128423,-0.4708322,-0.79561,0.60466903,0.03714758
1356786483487,0.31264055,0.3603797,0.87885284,0.51851374,0.7104711,-0.47578812,-0.79586387,0.60444796,0.03526026
1356786483526,0.31331313,0.365663,0.8764277,0.5179709,0.7077269,-0.48044652,-0.795953,0.6044943,0.032337368
1356786483568,0.31333768,0.37058392,0.87434953,0.51811385,0.704896,-0.48443756,-0.7958502,0.6048052,0.028865814
1356786483606,0.31310785,0.37460607,0.87271637,0.5186285,0.70236415,-0.48755425,-0.7956055,0.6052726,0.025634348
1356786483647,0.31305793,0.37771145,0.8713948,0.5191281,0.7002645,-0.49003643,-0.79529923,0.6057753,0.023142755
1356786483686,0.31364885,0.3800598,0.87016034,0.51928085,0.69856954,-0.49228865,-0.7949666,0.60626334,0.021747768
1356786483726,0.31536826,0.3815398,0.86889017,0.51884127,0.6973206,-0.49451765,-0.79457307,0.6067713,0.021954179
1356786483767,0.31857222,0.381889,0.86756706,0.517673,0.6966163,-0.49672973,-0.794057,0.60736036,0.02422899
1356786483806,0.32324287,0.3812413,0.8661231,0.51578647,0.6963788,-0.49901992,-0.7933967,0.6080392,0.028460383
1356786483846,0.3289503,0.38036165,0.86435914,0.5132532,0.69629884,-0.50173604,-0.7926934,0.6086813,0.033825874
1356786483886,0.33513004,0.38011765,0.8620896,0.51006275,0.6961231,-0.5052213,-0.792164,0.6090346,0.03940791
1356786483946,0.34136584,0.38098884,0.8592536,0.50611705,0.6958166,-0.5095927,-0.79203206,0.6088404,0.044703066
1356786483959,0.3473517,0.38305622,0.8559292,0.5017298,0.69520605,-0.51473856,-0.792221,0.6082405,0.0492903
1356786483998,0.35251877,0.3854746,0.8527249,0.49694213,0.69501436,-0.51961863,-0.7929559,0.60693026,0.053447068
1356786484028,0.35702008,0.3881307,0.8496418,0.4922574,0.694856,-0.5242688,-0.79386353,0.60541695,0.057017326
1356786484058,0.3605182,0.3901776,0.84722376,0.48806733,0.6951252,-0.52781737,-0.79486907,0.60379004,0.06017232
1356786484098,0.3630425,0.39085197,0.8458339,0.48429012,0.6963718,-0.52965033,-0.7960297,0.6019145,0.06352681
1356786484128,0.36404857,0.38902545,0.8462434,0.48189366,0.69884765,-0.528574,-0.797024,0.6002259,0.06694561
1356786484168,0.3647266,0.384553,0.8479938,0.48020372,0.70258284,-0.5251493,-0.7977336,0.59874564,0.07158691
1356786484199,0.3642252,0.37710825,0.85154533,0.47999564,0.70754194,-0.5186412,-0.79808784,0.5976402,0.07669431
1356786484238,0.36455306,0.36638817,0.8560729,0.48051473,0.7134627,-0.509977,-0.79762566,0.5972693,0.084040105
1356786484278,0.36587793,0.3516837,0.8616565,0.48219386,0.72025466,-0.4987207,-0.796004,0.59795636,0.09394556
1356786484335,0.3694338,0.33359447,0.86731386,0.48466966,0.72716457,-0.4861347,-0.7928518,0.59995526,0.106956065
1356786484357,0.376371,0.31301677,0.8719893,0.48735118,0.7335647,-0.4736789,-0.7879301,0.603244,0.12354338
1356786484397,0.38742596,0.29141888,0.87462914,0.4893876,0.7390015,-0.46300814,-0.7812816,0.607414,0.1436916
1356786484434,0.4025997,0.2711846,0.87428397,0.4896923,0.743142,-0.4560059,-0.7733789,0.61171794,0.16639173
1356786484477,0.4214111,0.2538715,0.87061006,0.48748058,0.7461072,-0.45352694,-0.7647061,0.61552685,0.19066042
1356786484516,0.44303113,0.24138394,0.86339855,0.4820346,0.74787325,-0.4564298,-0.7558875,0.6184006,0.21497571
1356786484556,0.46625286,0.23367958,0.8532304,0.4734518,0.74881846,-0.46380416,-0.7472963,0.6202135,0.23850274
1356786484597,0.49002713,0.23033181,0.8407263,0.46206555,0.74918383,-0.47457248,-0.73916775,0.6210241,0.260692
1356786484636,0.513262,0.22975671,0.8269063,0.4488563,0.74935865,-0.4868158,-0.7314986,0.62102616,0.28148955
1356786484676,0.53510773,0.23010203,0.8128424,0.43508527,0.74969864,-0.49865097,-0.7241275,0.62048775,0.30105552
1356786484717,0.55491024,0.22973049,0.79956144,0.42205006,0.7505033,-0.5085456,-0.71690196,0.6196521,0.3195042
1356786484756,0.57217824,0.22775468,0.78787047,0.41075888,0.7519081,-0.5156659,-0.70985156,0.6186776,0.3366732
1356786484796,0.58653903,0.2240641,0.77831054,0.40181392,0.75386715,-0.51983637,-0.7032194,0.6176403,0.35214043
1356786484837,0.59780043,0.21881601,0.77120304,0.39554837,0.7562471,-0.521183,-0.69726324,0.6166116,0.36553252
1356786484876,0.6060261,0.21202561,0.7666665,0.39215437,0.7589153,-0.51986784,-0.6920602,0.6157051,0.37677568
1356786484946,0.6114039,0.20384777,0.7646119,0.39151412,0.76177394,-0.51615614,-0.68767864,0.6149362,0.38594228
1356786484959,0.61399114,0.19523157,0.76478726,0.39289188,0.7647691,-0.51065075,-0.68458086,0.6140137,0.3928565
1356786484998,0.6136813,0.18783775,0.7668847,0.39516792,0.767812,-0.5042886,-0.68354774,0.61252075,0.39696443
1356786485047,0.6094487,0.18654035,0.770568,0.3960839,0.7703078,-0.49974346,-0.6867968,0.60977757,0.39557743
1356786485083,0.6012281,0.18817095,0.7766057,0.3982374,0.77202314,-0.49536577,-0.6927711,0.6071013,0.3892253
1356786485114,0.59121203,0.19286597,0.78311616,0.40063906,0.77248096,-0.4927083,-0.699969,0.60504204,0.3794304
1356786485157,0.57759094,0.20733654,0.78955704,0.4021387,0.76943934,-0.49623343,-0.7104035,0.6041314,0.36104313
1356786485196,0.560117,0.22777471,0.7964845,0.40501902,0.76341796,-0.5031427,-0.72265375,0.6044102,0.3353503
1356786485236,0.5393361,0.25219285,0.8034397,0.41006243,0.75468177,-0.5121565,-0.7355035,0.6056849,0.30361226
1356786485276,0.5160802,0.27735943,0.81039065,0.41807824,0.7441937,-0.5209476,-0.74757725,0.60765743,0.2681057
1356786485316,0.4914435,0.3001044,0.81757003,0.42945573,0.73317814,-0.5272738,-0.75766164,0.61023533,0.2314341
1356786485356,0.46646142,0.31797042,0.8254141,0.4440104,0.722903,-0.5294015,-0.7650284,0.61343783,0.19602418
1356786485396,0.44181222,0.32974702,0.83430743,0.46098953,0.7143703,-0.5264633,-0.7696042,0.61720496,0.1636076
1356786485436,0.4177768,0.33506915,0.8445065,0.4793667,0.70831025,-0.5181738,-0.7717967,0.6213093,0.13529462
1356786485477,0.3944519,0.3338598,0.85612226,0.49813938,0.7052059,-0.5045213,-0.77218187,0.6254776,0.11186111
1356786485517,0.3718827,0.32585955,0.86920583,0.5165656,0.7053442,-0.48543736,-0.77127373,0.62952757,0.09397745
1356786485556,0.35005015,0.31082353,0.8836592,0.5341635,0.7086996,-0.46088418,-0.7695026,0.6333511,0.08204979
1356786485596,0.32890928,0.28899416,0.8990557,0.55058694,0.7147929,-0.43119043,-0.7672502,0.63683087,0.07598561
1356786485636,0.3082311,0.26150662,0.9146627,0.5655674,0.7227357,-0.39722365,-0.7649361,0.63974005,0.07486999
1356786485676,0.28788954,0.23111202,0.9293583,0.57857066,0.73134536,-0.36109555,-0.7631354,0.6416551,0.076832056
1356786485716,0.26826277,0.20167318,0.94199955,0.58859575,0.73978275,-0.3260009,-0.76262057,0.6419108,0.07975221
1356786485756,0.25068933,0.17650303,0.9518412,0.5944904,0.7479307,-0.295264,-0.7640262,0.63987994,0.082568884
1356786485796,0.23724896,0.15726681,0.95863444,0.5957055,0.75594515,-0.27144396,-0.7673642,0.63546365,0.085662484
1356786485836,0.2301043,0.1444682,0.962383,0.59243155,0.7637632,-0.25630185,-0.7720602,0.62912214,0.09015769
1356786485876,0.23085245,0.13818468,0.96312624,0.5851712,0.77111965,-0.25089663,-0.7773556,0.62151384,0.09715319
1356786485945,0.24031913,0.13839938,0.960777,0.5743108,0.77768636,-0.25567764,-0.78256875,0.6132288,0.10740864
1356786485959,0.25854397,0.14445876,0.95513695,0.5599239,0.7833048,-0.27003473,-0.78717226,0.60461986,0.121632814
1356786485998,0.2848626,0.15659715,0.9456906,0.54204243,0.7873728,-0.2936563,-0.7905968,0.5962561,0.1394108
1356786486028,0.31573793,0.17458618,0.93264633,0.5215387,0.789196,-0.32429466,-0.79265815,0.5888033,0.1581257
1356786486058,0.34670195,0.19104049,0.91831446,0.50082684,0.7900926,-0.353449,-0.7930765,0.5824579,0.17824847
1356786486097,0.37976024,0.20089729,0.90300745,0.48089308,0.7910068,-0.37821966,-0.79026836,0.5778828,0.2037828
1356786486136,0.41727406,0.20830666,0.884585,0.46067435,0.7905619,-0.40347365,-0.7833655,0.57586473,0.23391944
1356786486177,0.45655328,0.20887917,0.86482865,0.44305748,0.7895679,-0.424597,-0.77153045,0.57701993,0.26793432
1356786486216,0.49534434,0.2001814,0.8453173,0.4303287,0.7887565,-0.43895382,-0.7546199,0.58119756,0.30456227
1356786486256,0.531265,0.18321869,0.82715684,0.42308167,0.78850204,-0.44639271,-0.7340023,0.5871077,0.3413871
1356786486296,0.5616312,0.16258362,0.8112564,0.41994688,0.7888043,-0.4488123,-0.71289206,0.59275156,0.37474057
1356786486336,0.58378315,0.14577082,0.79871655,0.41803303,0.78936875,-0.44960576,-0.6960213,0.5963622,0.39988315
1356786486376,0.5961127,0.1395843,0.7906743,0.4148913,0.7895529,-0.45218515,-0.6873971,0.59759724,0.41275024
1356786486416,0.5985161,0.14710079,0.7874896,0.41021234,0.7880734,-0.4589837,-0.6881165,0.5977471,0.41133207
1356786486456,0.59185123,0.16775821,0.7883967,0.4054405,0.7834027,-0.4710607,-0.69665647,0.59844583,0.39564183
1356786486497,0.5772555,0.19940074,0.7918431,0.4020924,0.77459556,-0.4881838,-0.71070236,0.60020083,0.36696202
1356786486536,0.55626035,0.23843029,0.79606867,0.40127406,0.7618034,-0.5085614,-0.7277043,0.60233426,0.32808515
1356786486576,0.5309775,0.280295,0.7996859,0.40375572,0.74601436,-0.5295695,-0.7450128,0.6040673,0.28294614
1356786486616,0.50395143,0.32031843,0.80214036,0.4101192,0.72858346,-0.54860586,-0.7601547,0.6054439,0.23580194
1356786486656,0.47789466,0.35415238,0.8038612,0.42064047,0.7111151,-0.5633621,-0.77115387,0.6073643,0.1908673
1356786486697,0.45497575,0.37886995,0.8058875,0.43499333,0.69510627,-0.5723706,-0.7770315,0.61097044,0.15145057
1356786486736,0.43634358,0.39311722,0.80935967,0.4521,0.681929,-0.5749594,-0.7779523,0.61679137,0.11982703
1356786486776,0.42202467,0.39729354,0.81489444,0.47052494,0.672332,-0.57146823,-0.7749202,0.62460184,0.09680414
1356786486816,0.41114414,0.39300618,0.82250017,0.48894843,0.66643375,-0.5628458,-0.7693438,0.6335709,0.081840575
1356786486856,0.4025524,0.38231194,0.83173865,0.5063612,0.6639403,-0.55025595,-0.76259416,0.642667,0.073682845
1356786486896,0.39524376,0.36709648,0.84203476,0.52204376,0.66447914,-0.53473145,-0.7558126,0.6509283,0.0709908
1356786486942,0.38851705,0.34897113,0.85280347,0.5356306,0.6675479,-0.5171844,-0.74976957,0.6577226,0.07243413
1356786486978,0.38184693,0.32988006,0.8633494,0.54698265,0.6723101,-0.49880776,-0.74498516,0.6627053,0.07628089
1356786487018,0.37504444,0.3125713,0.8727204,0.5555244,0.6778859,-0.48152193,-0.74211484,0.6654096,0.08059639
1356786487058,0.3685908,0.29983297,0.8799096,0.5600643,0.68384755,-0.4676327,-0.7419358,0.6651711,0.08413416
1356786487098,0.36416462,0.29285568,0.88409257,0.5595104,0.69008327,-0.45905676,-0.74453485,0.6618312,0.08744812
1356786487136,0.36428344,0.29112184,0.8846161,0.5536898,0.6960648,-0.45707926,-0.74881583,0.65630925,0.09237367
1356786487176,0.37131804,0.2940888,0.8807012,0.5429954,0.7006315,-0.4628946,-0.7531792,0.6500978,0.10046822
1356786487216,0.38679788,0.3021099,0.87127316,0.5274353,0.7025398,-0.47775492,-0.7564386,0.6443348,0.11239749
1356786487256,0.4111693,0.3157736,0.855118,0.50622594,0.7010322,-0.5022839,-0.7580733,0.6394066,0.12839013
1356786487303,0.44359776,0.335064,0.8312359,0.47820306,0.6959332,-0.53572273,-0.75798607,0.63514495,0.14848578
1356786487344,0.48363084,0.35460296,0.80022365,0.44229278,0.6899313,-0.57303745,-0.7553001,0.63107175,0.17683369
1356786487374,0.5295974,0.38849917,0.75405234,0.39361122,0.67489874,-0.6241649,-0.7513965,0.62735957,0.204507
1356786487417,0.57064754,0.41120374,0.7108255,0.34690046,0.6638651,-0.66252786,-0.7443262,0.62465554,0.23618618
1356786487456,0.6099496,0.42621702,0.6680573,0.3006928,0.6555042,-0.6927467,-0.7331748,0.62342054,0.2716641
1356786487496,0.6465567,0.43109447,0.6293822,0.25890148,0.6520589,-0.71259326,-0.7175893,0.62367994,0.3099821
1356786487536,0.678585,0.428443,0.596623,0.22361435,0.6532047,-0.7234088,-0.6996563,0.6243079,0.34744892
1356786487576,0.7031249,0.42402887,0.57080203,0.19535659,0.6566552,-0.72845024,-0.6837041,0.6237014,0.3788738
1356786487616,0.71786374,0.42347962,0.5525727,0.17405395,0.6593388,-0.7314216,-0.67407477,0.6212386,0.3996071
1356786487656,0.7222451,0.4293188,0.54226136,0.16037653,0.65870094,-0.7351139,-0.67278624,0.6178984,0.40689087
1356786487696,0.7172921,0.44076973,0.5396426,0.1557198,0.65349215,-0.74074244,-0.67914903,0.6153617,0.40010816
1356786487736,0.70461416,0.45595735,0.54371107,0.16080965,0.6436908,-0.74819946,-0.69112885,0.61462593,0.38023132
1356786487777,0.6858717,0.47300166,0.5530366,0.17514837,0.63032085,-0.75631917,-0.70633066,0.6156014,0.34947377
1356786487816,0.6628142,0.49009627,0.5661121,0.19718294,0.6151137,-0.7633833,-0.7223546,0.61760896,0.31106746
1356786487856,0.6373675,0.50543,0.58163834,0.22484301,0.5999889,-0.7677622,-0.7370266,0.620124,0.268771
1356786487896,0.6116005,0.51718485,0.5987192,0.25603646,0.5866482,-0.76830274,-0.7485921,0.6231883,0.22637615
1356786487946,0.58749956,0.52375805,0.61686444,0.28888375,0.57631785,-0.7644632,-0.7559037,0.62732387,0.18728128
1356786487978,0.5665511,0.5240589,0.6359105,0.3217909,0.5697309,-0.75621253,-0.75859773,0.63306326,0.15414426
1356786488018,0.54923767,0.5179991,0.6557552,0.35358524,0.5669539,-0.7440032,-0.757176,0.64049995,0.12823561
1356786488058,0.5348619,0.5063844,0.67638564,0.38359317,0.5677372,-0.7283753,-0.7528472,0.6490371,0.10941541
1356786488098,0.52190846,0.49053916,0.6978416,0.41156998,0.5717588,-0.70971966,-0.7471424,0.65761936,0.09651455
1356786488138,0.50885195,0.4717492,0.72008497,0.43747628,0.5787034,-0.6882709,-0.74140686,0.66524816,0.08809528
1356786488176,0.49466658,0.4508574,0.742989,0.46125907,0.5883668,-0.66412693,-0.7365766,0.6712318,0.08308333
1356786488216,0.47887576,0.42834866,0.76628673,0.4829412,0.6003888,-0.6374175,-0.73310685,0.6753152,0.08064443
1356786488256,0.46114472,0.4049804,0.78951657,0.50263226,0.6140306,-0.6085452,-0.7312362,0.6774639,0.07960075
1356786488296,0.44109648,0.38223028,0.8119938,0.5199866,0.6285789,-0.5783618,-0.7314696,0.67733926,0.07850927
1356786488336,0.4190819,0.36145473,0.83289915,0.5339247,0.6438551,-0.54806477,-0.73436695,0.6743894,0.076838434
1356786488376,0.39720201,0.34264976,0.8513646,0.5433672,0.65979755,-0.5190561,-0.7395828,0.6687738,0.075888276
1356786488416,0.37909997,0.32495248,0.8664232,0.5481288,0.6755173,-0.49318472,-0.74554545,0.6618778,0.07797277
1356786488456,0.3685073,0.30843696,0.87696576,0.5486482,0.6893827,-0.47300813,-0.7504581,0.6554526,0.08481914
1356786488496,0.36796415,0.29460979,0.8819339,0.54511154,0.70004964,-0.4612851,-0.7532966,0.65048873,0.09699798
1356786488536,0.37836045,0.28530508,0.8805932,0.5369441,0.7072657,-0.45985466,-0.7540122,0.6468201,0.11440849
1356786488576,0.39884704,0.2813188,0.8728006,0.5232951,0.71177495,-0.46854964,-0.7530494,0.6436119,0.13667661
1356786488616,0.42707634,0.2815595,0.8592614,0.5040625,0.7147965,-0.4847546,-0.75068426,0.6401486,0.16334909
1356786488656,0.46004233,0.28304043,0.84157544,0.4806362,0.71756655,-0.5040705,-0.7465587,0.63638544,0.19407153
1356786488696,0.4951748,0.28129444,0.8219948,0.45588413,0.72128457,-0.52145785,-0.73957527,0.63294715,0.22892424
1356786488736,0.5305963,0.2719897,0.8028009,0.43344694,0.72685283,-0.5327371,-0.72841704,0.63063985,0.2677723
1356786488776,0.564469,0.25262,0.78584856,0.4168301,0.7344898,-0.535516,-0.71247977,0.6298475,0.3092971
1356786488816,0.59389377,0.22418562,0.7726777,0.4084061,0.7434478,-0.5296129,-0.69317716,0.63010013,0.34997022
1356786488856,0.61495364,0.19132364,0.76500154,0.40855825,0.75245875,-0.5166101,-0.67447186,0.63023895,0.3845604
1356786488896,0.6238103,0.16030174,0.76496017,0.4160728,0.7604162,-0.49864885,-0.6616224,0.62934136,0.40765825
1356786488945,0.61843455,0.13565105,0.77403975,0.42941737,0.76658666,-0.4774365,-0.65813327,0.6276493,0.41583276
1356786488978,0.5988767,0.118547544,0.7920184,0.4475181,0.77062035,-0.453731,-0.66413414,0.6261715,0.40845442
1356786489018,0.56633645,0.10831085,0.81702614,0.46909633,0.7727265,-0.4276008,-0.6776515,0.6254299,0.38681498
1356786489058,0.5228532,0.10301134,0.8461757,0.4924657,0.7737466,-0.39848927,-0.69577444,0.6250639,0.3538263
1356786489096,0.47135833,0.10043216,0.8762047,0.5157458,0.7745228,-0.36622494,-0.7154213,0.6245221,0.3132803
1356786489136,0.4156778,0.097933665,0.904224,0.53770804,0.77537036,-0.33116594,-0.73354083,0.6238668,0.2696445
1356786489176,0.35987154,0.09330869,0.9283243,0.558092,0.7758246,-0.2943288,-0.74768025,0.6240109,0.22712237
1356786489217,0.30711752,0.085252166,0.94784534,0.5773647,0.7750553,-0.25678653,-0.7565242,0.6261161,0.18881148
1356786489256,0.2591488,0.07342082,0.96304274,0.5958827,0.7725636,-0.21924736,-0.76010907,0.63067824,0.15645874
1356786489296,0.21651143,0.058075875,0.9745512,0.61339605,0.7685018,-0.18207222,-0.7595184,0.63720655,0.13076591
1356786489336,0.17908457,0.039766073,0.9830296,0.6293445,0.7633779,-0.14553215,-0.7562103,0.64472693,0.11168265
1356786489376,0.1464453,0.019215882,0.9890321,0.6433632,0.75761986,-0.1099821,-0.75142366,0.65241325,0.098587096
1356786489416,0.11803752,-0.002702117,0.9930054,0.6553638,0.75149447,-0.07585743,-0.7460331,0.6597339,0.09047544
1356786489456,0.093139894,-0.024895668,0.99534166,0.6651919,0.7453983,-0.04360178,-0.74084044,0.66615427,0.08598673
1356786489496,0.07101321,-0.046036214,0.9964125,0.67218184,0.7402593,-0.0137042105,-0.7369727,0.67074347,0.0835129
1356786489536,0.05159402,-0.06499171,0.99655116,0.67528117,0.7374435,0.013132483,-0.73575366,0.6722746,0.081935346
1356786489576,0.03625466,-0.081287384,0.9960311,0.67401564,0.7378547,0.03568366,-0.7378269,0.6700468,0.08153963
1356786489616,0.027328998,-0.09484622,0.9951168,0.6693399,0.7411164,0.052254826,-0.7424535,0.6646433,0.08373827
1356786489656,0.026882932,-0.10523999,0.99408346,0.6629869,0.74613667,0.06106162,-0.74814826,0.6574227,0.089831054
1356786489696,0.035945743,-0.11155504,0.993108,0.65629935,0.75205314,0.06072262,-0.75364393,0.64959335,0.10024661
1356786489737,0.054834098,-0.11331609,0.9920447,0.6495923,0.75858736,0.050744057,-0.7583027,0.6416421,0.115205705
1356786489776,0.08293386,-0.10993448,0.9904729,0.64257526,0.7655883,0.031170249,-0.76172113,0.6338683,0.13413435
1356786489816,0.1187145,-0.10359734,0.9875092,0.63480985,0.7726538,0.00474301,-0.7634941,0.6263175,0.15748984
1356786489856,0.1609695,-0.095626295,0.9823159,0.62596714,0.7793921,-0.026703477,-0.7630557,0.6191959,0.18531728
1356786489896,0.20771298,-0.089078665,0.9741254,0.61642855,0.78514874,-0.059643447,-0.7595203,0.6128675,0.21799624
1356786489945,0.2570887,-0.08804718,0.9623685,0.607651,0.78907263,-0.09013659,-0.7514423,0.6079573,0.25636357
1356786489978,0.3066551,-0.09570208,0.94699717,0.6017344,0.79037696,-0.11497834,-0.7374811,0.60509944,0.29996037
1356786490018,0.35224688,-0.1118149,0.92920375,0.5997947,0.78912145,-0.13241471,-0.71844864,0.60397416,0.34503156
1356786490058,0.38863355,-0.13170744,0.91193044,0.60069275,0.78670067,-0.14237384,-0.69866455,0.6031212,0.38485396
1356786490096,0.41142237,-0.14832516,0.8992949,0.6021706,0.78489816,-0.14603254,-0.6841946,0.60160995,0.4122417
1356786490136,0.41910118,-0.15620637,0.8944013,0.60305893,0.78429496,-0.14560667,-0.6787298,0.6004007,0.4229006
1356786490176,0.41282934,-0.1533833,0.8978003,0.6033988,0.78443253,-0.14344156,-0.6822622,0.6009486,0.4163881
1356786490235,0.39511502,-0.14037044,0.90784377,0.60332185,0.7848947,-0.14121981,-0.6927387,0.60352004,0.39481223
1356786490257,0.36909285,-0.11950424,0.92167735,0.6030731,0.785362,-0.13967565,-0.70715857,0.6073922,0.36194134
1356786490297,0.33808744,-0.09392527,0.936416,0.60324764,0.7853431,-0.13902676,-0.7223497,0.61189395,0.32217485
1356786490334,0.3055188,-0.06727746,0.9498063,0.60472,0.7842203,-0.13896832,-0.7355079,0.6168244,0.2802781
1356786490377,0.27398452,-0.042301655,0.9608034,0.60829574,0.78143394,-0.13905832,-0.74492204,0.6225524,0.2398327
1356786490416,0.2454009,-0.021324426,0.96918714,0.6143272,0.77680856,-0.13845778,-0.74992037,0.6293757,0.20372969
1356786490457,0.22063187,-0.0054058135,0.9753423,0.62272084,0.7704288,-0.13659546,-0.7506933,0.63750315,0.17334741
1356786490496,0.19966286,0.005067289,0.97985154,0.6328968,0.762743,-0.13290891,-0.74804837,0.6466819,0.14908439
1356786490536,0.18193212,0.010370761,0.98325634,0.6439966,0.7543937,-0.12711564,-0.74308074,0.65634024,0.1305697
1356786490576,0.1667169,0.011076331,0.9859426,0.6550466,0.74613535,-0.119146705,-0.7369664,0.6657021,0.11713785
1356786490616,0.15342042,0.007938743,0.9881292,0.6652131,0.7386224,-0.109217525,-0.7307214,0.6740726,0.10803884
1356786490657,0.14142334,0.0021208823,0.98994684,0.6737803,0.73242766,-0.09782508,-0.72527194,0.68084157,0.10215336
1356786490697,0.13022691,-0.0047448874,0.99147284,0.6797632,0.7283959,-0.08579889,-0.7217777,0.68514013,0.098082185
1356786490736,0.120162845,-0.01134336,0.9926894,0.6819757,0.72759736,-0.074237406,-0.721436,0.68591064,0.09516609
1356786490776,0.112875134,-0.01728335,0.99345887,0.6799854,0.7303785,-0.06455228,-0.7244853,0.6828239,0.094193995
1356786490816,0.110689715,-0.022462964,0.9936011,0.67472917,0.73574066,-0.058533132,-0.72971785,0.6768907,0.09659535
1356786490856,0.11552446,-0.026074678,0.99296236,0.66782415,0.7420394,-0.058211267,-0.73529935,0.66984904,0.10313702
1356786490896,0.12844929,-0.02668652,0.99135697,0.6603277,0.7481228,-0.06541926,-0.73991096,0.6630235,0.113717675
1356786490946,0.14985797,-0.023142219,0.9884366,0.65219444,0.75368655,-0.08123386,-0.74309146,0.65682644,0.12803918
1356786490978,0.17947382,-0.015025258,0.983648,0.6425936,0.75888777,-0.10565394,-0.744891,0.65104806,0.1458556
1356786491018,0.21611029,-0.0033883452,0.97636306,0.6306502,0.76389015,-0.13693848,-0.74537015,0.64533734,0.16722137
1356786491058,0.25803742,0.009364516,0.96608955,0.6161878,0.7685818,-0.17203055,-0.74412984,0.63968295,0.19255257
1356786491098,0.3032701,0.019411832,0.9527069,0.6003114,0.77255774,-0.20683512,-0.7400361,0.6346477,0.22264051
1356786491137,0.3496782,0.022524267,0.93659914,0.5852512,0.77539706,-0.23715039,-0.7315779,0.6310721,0.2579571
1356786491176,0.3946556,0.015969485,0.9186903,0.5734521,0.7769361,-0.2598518,-0.7179134,0.6293769,0.29746443
1356786491216,0.4346735,7.10845E-4,0.9005878,0.56613076,0.77749395,-0.27385968,-0.7003963,0.62889,0.33755356
1356786491256,0.46562403,-0.018085003,0.8847978,0.5624164,0.77797747,-0.2800694,-0.68328774,0.62803185,0.3724163
1356786491296,0.48425037,-0.03352034,0.8742871,0.56041634,0.779255,-0.28052673,-0.6718892,0.6258099,0.39613986
1356786491336,0.48944503,-0.04076627,0.8710807,0.55915654,0.78119826,-0.2776205,-0.6691691,0.6229505,0.40514833
1356786491376,0.48186922,-0.038354367,0.8754033,0.5588639,0.78292006,-0.27332652,-0.67488754,0.6209389,0.39869997
1356786491416,0.46292603,-0.02711469,0.8859821,0.5599307,0.7838012,-0.26857647,-0.6871515,0.6204196,0.3780243
1356786491456,0.43449265,-0.009541303,0.9006249,0.562539,0.7837961,-0.2630847,-0.7033961,0.620945,0.34592098
1356786491496,0.39900005,0.010887533,0.91688627,0.5668212,0.7830693,-0.25596124,-0.7207723,0.6218391,0.3062734
1356786491536,0.35933226,0.030448496,0.9327128,0.57302904,0.7816547,-0.24627946,-0.7365582,0.62296766,0.2634259
1356786491576,0.31835362,0.046165317,0.94684726,0.5814403,0.77936363,-0.23349404,-0.7487177,0.6248688,0.22127086
1356786491616,0.27857703,0.05592677,0.95878416,0.5920961,0.7760172,-0.21730076,-0.75618595,0.6282273,0.18306655
1356786491656,0.2418997,0.05878246,0.968519,0.6044723,0.7716764,-0.1978099,-0.75901103,0.63329303,0.15113592
1356786491697,0.2094442,0.05481255,0.9762832,0.6176612,0.7666012,-0.1755484,-0.7580422,0.6397798,0.12670457
1356786491736,0.18156305,0.044802517,0.9823582,0.63072395,0.7611177,-0.15128513,-0.7544681,0.6470647,0.10993284
1356786491776,0.1582349,0.030064374,0.98694366,0.6429428,0.75546324,-0.12609485,-0.74939066,0.65450084,0.100210965
1356786491816,0.1392585,0.011893719,0.99018466,0.653769,0.74992967,-0.10095325,-0.7437695,0.6614107,0.09665835
1356786491856,0.1242243,-0.008302778,0.9922194,0.66283774,0.74481875,-0.076753646,-0.73838633,0.6672152,0.098028004
1356786491896,0.11222627,-0.028395087,0.9932769,0.66986823,0.7404757,-0.054517508,-0.7339495,0.671483,0.10212177
1356786491946,0.102313,-0.045873284,0.99369395,0.6742538,0.73765224,-0.035369426,-0.7313781,0.6736207,0.10640168
1356786491978,0.09470023,-0.05928424,0.993739,0.67534125,0.7372238,-0.020376801,-0.7314,0.67304265,0.10985237
1356786492018,0.09114681,-0.06873608,0.99346244,0.67332834,0.73926723,-0.010626882,-0.73370373,0.66989505,0.11366379
1356786492058,0.09375307,-0.07468769,0.99279004,0.66937506,0.74288857,-0.0073240995,-0.7369854,0.6652355,0.1196422
1356786492098,0.10381751,-0.07698485,0.9916125,0.66459286,0.747116,-0.011576861,-0.73995835,0.6602204,0.12872732
1356786492138,0.12171447,-0.07523823,0.98970944,0.6592717,0.7515234,-0.023946047,-0.7419881,0.655402,0.1410737
1356786492176,0.14713067,-0.06967068,0.98666036,0.65304065,0.7560439,-0.043995142,-0.74289346,0.6508023,0.156735
1356786492216,0.1790874,-0.061415404,0.98191446,0.6454575,0.76056784,-0.07015148,-0.7425042,0.64634717,0.17584914
1356786492256,0.21599531,-0.05255136,0.9749791,0.6365715,0.76473224,-0.09980595,-0.74035305,0.6422016,0.19863129
1356786492296,0.2559857,-0.046206266,0.96557564,0.62730324,0.7679228,-0.12955779,-0.7355011,0.6388737,0.22556263
1356786492336,0.2970626,-0.04621026,0.95373917,0.61934304,0.7695427,-0.1556221,-0.7267517,0.63692117,0.25722235
1356786492376,0.33682877,-0.05572343,0.93991554,0.6144738,0.76937646,-0.17459029,-0.71342015,0.6363605,0.29338872
1356786492416,0.37227297,-0.075350195,0.92505956,0.6136991,0.7676949,-0.18443961,-0.69626594,0.6363701,0.3320344
1356786492456,0.40006912,-0.10180977,0.9108125,0.61648095,0.7652683,-0.18524468,-0.67815626,0.63560927,0.36892402
1356786492496,0.4174899,-0.12850127,0.8995498,0.6206776,0.76335603,-0.17901666,-0.66367286,0.63306797,0.39845124
1356786492536,0.42343974,-0.14857699,0.89365745,0.62387466,0.7630906,-0.16873987,-0.6568707,0.6289814,0.41581634
1356786492576,0.41849592,-0.1579023,0.89438695,0.62490094,0.7646729,-0.15739816,-0.65905994,0.62477374,0.41868576
1356786492616,0.40405536,-0.15524857,0.9014639,0.62378013,0.7675749,-0.14740111,-0.6690573,0.6218735,0.4069837
1356786492656,0.38172513,-0.14158182,0.9133677,0.62109417,0.77112263,-0.14004251,-0.6844911,0.62074506,0.3822925
1356786492696,0.3533308,-0.119458824,0.92783993,0.6176455,0.7747024,-0.13546316,-0.7026176,0.62093943,0.34750944
1356786492736,0.320976,-0.0925073,0.94255865,0.6144928,0.7776418,-0.13293587,-0.72067535,0.6218647,0.3064494
1356786492776,0.28694797,-0.06491178,0.9557443,0.6129516,0.77916646,-0.1311105,-0.73617333,0.62344694,0.263368
1356786492816,0.2532939,-0.04034978,0.9665475,0.6142503,0.77858365,-0.12846774,-0.7473545,0.6262422,0.22199535
1356786492856,0.22144511,-0.021730006,0.97493064,0.6190767,0.775586,-0.12332979,-0.7534627,0.6308677,0.18520224
1356786492896,0.19207788,-0.010626763,0.9813221,0.62713957,0.77045864,-0.11440906,-0.75485224,0.63740146,0.15465254
1356786492946,0.16515318,-0.007332295,0.9862407,0.63730633,0.7639575,-0.10104188,-0.75270516,0.6452248,0.13084292
1356786492978,0.14018556,-0.011000842,0.99006414,0.64814186,0.75694317,-0.08336142,-0.74850523,0.65338814,0.113242626
1356786493018,0.116606444,-0.020053685,0.9929757,0.6583915,0.75010395,-0.06216702,-0.7435883,0.66101587,0.1006701
1356786493058,0.093978405,-0.03289354,0.99503064,0.6671096,0.74396855,-0.03841299,-0.73900795,0.66740453,0.09186059
1356786493096,0.07215124,-0.048065215,0.99623483,0.67373097,0.7388598,-0.01314652,-0.7354459,0.6721428,0.0856927
1356786493136,0.051272392,-0.06405741,0.99662817,0.67788273,0.73506594,0.01237151,-0.73337984,0.67496276,0.08111203
1356786493195,0.032056406,-0.07961357,0.9963102,0.67916113,0.7330698,0.036726356,-0.7332888,0.67547786,0.07757002
1356786493217,0.016077429,-0.094316065,0.9954124,0.6775784,0.73311865,0.05851966,-0.73527473,0.67352915,0.07569319
1356786493257,0.005579248,-0.10809073,0.9941254,0.6740949,0.7347139,0.07610187,-0.7386237,0.6697103,0.07696259
1356786493294,0.0028165877,-0.119939476,0.99277717,0.67018914,0.7370566,0.08714399,-0.74218494,0.6651031,0.08245814
1356786493337,0.00950861,-0.12832642,0.9916864,0.6667149,0.7399369,0.08935675,-0.7452522,0.6603224,0.092592895
1356786493376,0.026884913,-0.13110334,0.99100405,0.66353786,0.74381,0.08040011,-0.7476594,0.6554072,0.106989324
1356786493416,0.05502279,-0.12814602,0.9902277,0.6598449,0.74898154,0.06026143,-0.7493845,0.6500809,0.12576759
1356786493456,0.09375818,-0.11970088,0.988373,0.6546427,0.7553672,0.029381633,-0.7501016,0.6442764,0.14918315
1356786493496,0.14157341,-0.108092815,0.9840086,0.6472932,0.7621831,-0.009403378,-0.7489783,0.63827336,0.1778726
1356786493536,0.19586253,-0.097774,0.9757449,0.6381296,0.7682305,-0.051112473,-0.7445995,0.6326628,0.21286005
1356786493576,0.25284827,-0.09376538,0.96295166,0.6286539,0.7724772,-0.08985129,-0.7354332,0.62808204,0.2542655
1356786493616,0.3076026,-0.099322915,0.94631684,0.6209525,0.77452284,-0.120550245,-0.72097063,0.62469935,0.29992008
1356786493656,0.35523784,-0.11151898,0.9281,0.61554927,0.77511376,-0.14247012,-0.7034949,0.62190205,0.34399515
1356786493696,0.39219552,-0.12256664,0.91167986,0.61080676,0.77575934,-0.15846954,-0.68782115,0.6190112,0.37911385
1356786493736,0.41722548,-0.12420231,0.9002759,0.6044092,0.77770436,-0.1728162,-0.6786843,0.61623836,0.3995471
1356786493776,0.4307331,-0.11184767,0.8955217,0.59530425,0.78100705,-0.18878765,-0.6782933,0.614425,0.402989
1356786493816,0.43356916,-0.08530334,0.8970736,0.5841299,0.7846336,-0.20770738,-0.6861559,0.614063,0.39002115
1356786493856,0.42652497,-0.048152626,0.9031931,0.5729566,0.78705585,-0.2286128,-0.6998551,0.61499953,0.36328834
1356786493896,0.41066623,-0.0061769783,0.9117648,0.56447196,0.7870291,-0.24891081,-0.71604794,0.61688495,0.326693
1356786493947,0.3875791,0.034342915,0.92119646,0.56105304,0.7841189,-0.26528686,-0.7314383,0.6196597,0.2846399
1356786493978,0.35928103,0.06759137,0.9307785,0.5640954,0.7788179,-0.27429745,-0.74344707,0.62359774,0.24168652
1356786494018,0.3278668,0.090122715,0.9404155,0.57348734,0.7720589,-0.27392942,-0.7507434,0.6291287,0.20144826
1356786494058,0.29482135,0.10021779,0.95028245,0.5880703,0.7648196,-0.26310515,-0.7531625,0.6364019,0.16655004
1356786494098,0.2609041,0.09776312,0.9604017,0.6059568,0.75787044,-0.24176177,-0.75149554,0.6450386,0.13849127
1356786494136,0.22628763,0.08411765,0.9704216,0.62505937,0.7515465,-0.21089962,-0.7470574,0.6542951,0.11748713
1356786494176,0.19079393,0.061595827,0.97969574,0.64344513,0.7458713,-0.17220446,-0.741334,0.6632359,0.102674186
1356786494217,0.15431201,0.032724172,0.9874801,0.6592667,0.7410068,-0.12757888,-0.7359044,0.6706997,0.092772305
1356786494256,0.11714581,-3.888011E-4,0.99311465,0.6709997,0.7372519,-0.07886115,-0.732145,0.67561793,0.08662689
1356786494296,0.079911545,-0.035767764,0.99616,0.6780987,0.73443633,-0.028026342,-0.73061365,0.6777344,0.082944036
1356786494336,0.043606296,-0.0706203,0.9965497,0.6808471,0.73209244,0.022087604,-0.7311263,0.6775348,0.08000547
1356786494376,0.009540349,-0.1020025,0.99473846,0.67956007,0.73042595,0.06838176,-0.73355794,0.67533207,0.0762853
1356786494416,-0.020371467,-0.12836203,0.9915181,0.67456484,0.7302145,0.1083931,-0.7379344,0.6710514,0.07171297
1356786494456,-0.043674752,-0.14998329,0.9877234,0.667106,0.73157716,0.14058593,-0.7436815,0.6650562,0.068103254
1356786494496,-0.057767183,-0.16740145,0.984195,0.6594657,0.733737,0.16350839,-0.74951184,0.65848815,0.068009555
1356786494536,-0.06049469,-0.18006153,0.98179334,0.65373355,0.7361425,0.17528987,-0.7543028,0.65243536,0.07317954
1356786494576,-0.050441638,-0.18638656,0.9811808,0.65059793,0.73924935,0.17387556,-0.7577454,0.64712477,0.083973765
1356786494616,-0.027207807,-0.18526326,0.98231214,0.6491035,0.74404573,0.15830511,-0.7602133,0.64192945,0.10001117
1356786494657,0.008644864,-0.17684034,0.9842016,0.6473613,0.7511395,0.1292778,-0.76213425,0.6360165,0.12097305
1356786494696,0.055526555,-0.16197456,0.98523146,0.64350057,0.760286,0.088725954,-0.763429,0.6290703,0.14644676
1356786494738,0.11011332,-0.14500043,0.9832852,0.63667226,0.7699763,0.042246997,-0.7632321,0.62137854,0.17710245
1356786494776,0.16911422,-0.12695381,0.9773859,0.6271386,0.7788731,-0.0073432326,-0.76032734,0.6141982,0.21133614
1356786494816,0.22627527,-0.116125196,0.9671166,0.61762667,0.7848636,-0.05026409,-0.7532177,0.6086905,0.24931723
1356786494856,0.27838504,-0.11532003,0.95352143,0.6107556,0.7874488,-0.08307797,-0.7412688,0.6054962,0.28964633
1356786494896,0.32230112,-0.12556922,0.938272,0.6086555,0.78661513,-0.10380328,-0.72502446,0.60454035,0.32995534
1356786494946,0.35620192,-0.14354631,0.92331725,0.61139095,0.7830559,-0.11412531,-0.7066267,0.60515946,0.3666889
1356786494978,0.37968996,-0.1617599,0.9108618,0.61616874,0.778638,-0.11856978,-0.69005185,0.60626435,0.39531243
1356786495018,0.39362967,-0.17228436,0.9029805,0.619232,0.77568173,-0.12194094,-0.67941695,0.607154,0.41201535
1356786495058,0.3994472,-0.17001034,0.9008543,0.6185186,0.7752838,-0.1279444,-0.67666584,0.6083021,0.4148395
1356786495096,0.39848047,-0.15327574,0.90427864,0.6141681,0.77684385,-0.13896458,-0.68118346,0.6107538,0.40369415
1356786495136,0.39185163,-0.12293655,0.91177785,0.6073206,0.77899563,-0.15597275,-0.6910962,0.6148597,0.3799126
1356786495176,0.38059923,-0.08208829,0.9210895,0.5995467,0.7802491,-0.17819953,-0.7040512,0.6200587,0.346178
1356786495216,0.36589193,-0.035220504,0.92999065,0.59256476,0.7793624,-0.20362043,-0.7176281,0.62558275,0.30603284
1356786495256,0.34898925,0.012546986,0.9370428,0.58795726,0.77569234,-0.2293635,-0.7297347,0.6309865,0.26333117
1356786495296,0.3309749,0.056565434,0.94194263,0.58673155,0.76945156,-0.2523697,-0.7390546,0.6361955,0.22148043
1356786495336,0.31246507,0.09316994,0.9453491,0.5891127,0.76168305,-0.26978725,-0.7451925,0.6412162,0.18311173
1356786495376,0.2935477,0.11986686,0.94839954,0.5946651,0.7538841,-0.27934247,-0.7484672,0.6459805,0.1500203
1356786495416,0.27394992,0.13526225,0.9521846,0.6027269,0.7473672,-0.2795756,-0.74944764,0.65049696,0.12321496
1356786495456,0.25322723,0.13889515,0.957384,0.6127531,0.7427809,-0.26983368,-0.74860513,0.6549692,0.10298395
1356786495496,0.23097917,0.13147406,0.9640349,0.62415755,0.7400607,-0.25047457,-0.7463752,0.6595641,0.088878036
1356786495536,0.20706394,0.11519012,0.9715224,0.63582945,0.7388756,-0.22312252,-0.7435357,0.6639232,0.07975322
1356786495576,0.18183738,0.09361586,0.9788623,0.64581585,0.7393005,-0.19067419,-0.7415235,0.66683644,0.073973835
1356786495616,0.1566228,0.0706369,0.9851293,0.6517743,0.7420209,-0.15682894,-0.7420644,0.6666449,0.07017809
1356786495656,0.13375688,0.04863119,0.98982024,0.6523694,0.7475414,-0.12488404,-0.74600494,0.66243255,0.06826329
1356786495696,0.116484046,0.028380215,0.99278706,0.6481218,0.75525206,-0.097634345,-0.75257534,0.6548197,0.06958097
1356786495736,0.108069964,0.010514706,0.9940877,0.6408155,0.7637483,-0.07774317,-0.7600503,0.64542854,0.07580024
1356786495776,0.1110212,-0.0029283762,0.9938137,0.6320174,0.77193594,-0.06832954,-0.76696044,0.63569355,0.08755201
1356786495816,0.1266337,-0.009336978,0.99190557,0.622049,0.7796538,-0.07207614,-0.7726699,0.6261412,0.1045385
1356786495856,0.1550956,-0.0069046617,0.9878753,0.61013615,0.78713506,-0.090289265,-0.77696794,0.6167419,0.12629396
1356786495896,0.19537532,0.004316151,0.9807191,0.59521765,0.79423815,-0.12207256,-0.7794514,0.6075912,0.15260547
1356786495946,0.24535519,0.022161603,0.96917987,0.5768122,0.80017877,-0.16432148,-0.77915883,0.59935194,0.18354493
1356786495978,0.30214375,0.04292369,0.95229554,0.5556125,0.8038232,-0.2125159,-0.7745992,0.5933177,0.2190212
1356786496018,0.36197287,0.060353696,0.9302328,0.5340689,0.8044654,-0.26001114,-0.7640328,0.5909254,0.25896162
1356786496058,0.4211297,0.068577155,0.90440416,0.5154705,0.8023532,-0.30086443,-0.746284,0.5928967,0.30254525
1356786496096,0.47580004,0.06570265,0.87709606,0.50201964,0.798532,-0.332149,-0.7222123,0.5983559,0.34695756
1356786496136,0.52205914,0.055529088,0.8510997,0.49343404,0.7942666,-0.3544904,-0.6956847,0.60502654,0.38725418
1356786496177,0.5566805,0.046371043,0.8294315,0.4871261,0.7905479,-0.3711363,-0.6729153,0.6106421,0.41749406
1356786496217,0.57812107,0.046078533,0.81464887,0.48071262,0.7875044,-0.3856841,-0.6593113,0.6145841,0.43312234
1356786496254,0.5865847,0.057854027,0.8078189,0.47403303,0.7842146,-0.400375,-0.65666676,0.61778665,0.43258354
1356786496297,0.5829257,0.081739336,0.8084036,0.4681587,0.77939045,-0.41638678,-0.6640972,0.6211837,0.4160597
1356786496336,0.5683702,0.114016175,0.8148347,0.46493465,0.77256715,-0.4324069,-0.67881596,0.6246121,0.38609406
1356786496376,0.5443626,0.15135261,0.82508284,0.46531847,0.76390547,-0.4471321,-0.69795996,0.6273283,0.3454144
1356786496416,0.51300776,0.18859935,0.8374087,0.47034335,0.75431514,-0.4580238,-0.71805304,0.6288394,0.29826307
1356786496456,0.47725815,0.22107716,0.85049963,0.48030794,0.74485254,-0.46314043,-0.7358866,0.6295392,0.24930185
1356786496496,0.440332,0.24508649,0.8637363,0.4948864,0.7364308,-0.461256,-0.74912965,0.63055706,0.2029841
1356786496536,0.40496927,0.2585503,0.8770129,0.5131835,0.7295821,-0.45205393,-0.75673157,0.63313645,0.16277462
1356786496576,0.37278378,0.2608804,0.89049065,0.5339062,0.7245926,-0.43578625,-0.75893104,0.6378926,0.1308307
1356786496616,0.34418195,0.25303712,0.9041631,0.55557,0.7214271,-0.4133823,-0.75688887,0.6446047,0.10772234
1356786496656,0.3186187,0.23695302,0.91778827,0.5768516,0.7198366,-0.3861055,-0.7521465,0.65244806,0.092666686
1356786496696,0.29521537,0.21500199,0.93092537,0.59670585,0.71947056,-0.35539305,-0.74618363,0.6604061,0.08410579
1356786496737,0.27329972,0.18946788,0.9430849,0.6144235,0.719965,-0.3226984,-0.74012905,0.6676469,0.08035272
1356786496776,0.25263473,0.16234888,0.9538441,0.6297352,0.72085536,-0.28948444,-0.734581,0.673803,0.0798763
1356786496816,0.23311552,0.13576579,0.96292514,0.6425081,0.7217852,-0.25731215,-0.7299593,0.67867064,0.0810287
1356786496856,0.21489671,0.1121622,0.9701747,0.6521125,0.7230147,-0.22803287,-0.7270272,0.6816666,0.082231104
1356786496896,0.19904912,0.093334615,0.9755348,0.65758973,0.7253507,-0.20357345,-0.7266053,0.68202275,0.083004534
1356786496945,0.1879293,0.079743475,0.97893995,0.6585554,0.7292279,-0.1858265,-0.7286888,0.67960846,0.08452779
1356786496978,0.18454197,0.07143265,0.98022527,0.6555573,0.7341287,-0.17691705,-0.7322492,0.6752424,0.08864939
1356786497018,0.19129112,0.0691019,0.9790979,0.64925313,0.73920405,-0.17901863,-0.73612374,0.66992706,0.09653854
1356786497058,0.20933393,0.07390332,0.97504747,0.63951224,0.7439821,-0.1936873,-0.7397319,0.6641001,0.108478606
1356786497096,0.23857224,0.08678892,0.9672388,0.62532413,0.7483044,-0.22138223,-0.74300253,0.65765345,0.12425345
1356786497136,0.27752596,0.10741128,0.9546948,0.6054249,0.7520281,-0.26060414,-0.7459491,0.65032035,0.14367789
1356786497176,0.3237891,0.13399096,0.9365933,0.57904744,0.7548095,-0.30816668,-0.74824107,0.642113,0.16681194
1356786497216,0.37464404,0.16288894,0.9127481,0.5467497,0.756249,-0.35937747,-0.7488035,0.6336833,0.19426471
