1356511024809,0.26404908,-0.020228177,0.9642971,0.9614799,-0.07365641,-0.26482275,0.07638353,0.99707854,8.940697E-8
1356511024848,-0.41135645,0.031451225,-0.91093177,-0.90826875,0.06960279,0.41255704,0.07637882,0.9970789,-6.5386295E-5
1356511024887,-0.4107688,0.030999124,-0.91121244,-0.90853745,0.06977159,0.41193646,0.07634643,0.9970812,-4.9614906E-4
1356511024917,-0.40959024,0.03004998,-0.9117746,-0.90907544,0.070118845,0.41068867,0.07627374,0.9970859,-0.0014023185
1356511024955,-0.40650803,0.027617276,-0.9132297,-0.91047657,0.07095474,0.4074283,0.07605004,0.99709713,-0.0036988258
1356511024995,-0.40177566,0.02382487,-0.9154281,-0.9126115,0.072119296,0.4024165,0.07560754,0.99711144,-0.0072329044
1356511025046,-0.39465684,0.018240511,-0.9186475,-0.91578764,0.07346672,0.39488688,0.074692994,0.9971309,-0.0122897625
1356511025087,-0.3876962,0.012899727,-0.92169696,-0.9188465,0.07439858,0.38753846,0.07357204,0.9971452,-0.016991138
1356511025125,-0.38108307,0.008052051,-0.9245057,-0.9217164,0.07479334,0.38058475,0.072211355,0.9971665,-0.021080792
1356511025165,-0.3748824,0.0037338138,-0.9270649,-0.9243777,0.074683785,0.3740965,0.0706335,0.99720025,-0.024546206
1356511025210,-0.36918223,-1.0767579E-4,-0.92935705,-0.9268005,0.07416576,0.368158,0.06888682,0.9972459,-0.027480423
1356511025249,-0.36432934,-0.003345549,-0.93126416,-0.9288445,0.07343376,0.36311895,0.067171365,0.9972945,-0.02986157
1356511025289,-0.36080128,-0.0056527257,-0.9326256,-0.9303296,0.07256538,0.3594733,0.065644324,0.99734765,-0.031440616
1356511025325,-0.35927474,-0.006417334,-0.9332098,-0.9310074,0.071466446,0.35793543,0.06439617,0.99742234,-0.031650662
1356511025368,-0.36022836,-0.0050400794,-0.9328506,-0.9307064,0.0699178,0.3590226,0.06341341,0.99754,-0.029877245
1356511025409,-0.36341918,-0.0013860166,-0.93162477,-0.92952347,0.067682326,0.36249873,0.062552124,0.99770594,-0.025885403
1356511025448,-0.36884052,0.0046843886,-0.9294809,-0.9274485,0.06442946,0.36835876,0.061611474,0.99791133,-0.01941967
1356511025489,-0.37738562,0.013961971,-0.9259509,-0.92408866,0.05946654,0.3775233,0.060334057,0.9981326,-0.009539664
1356511025526,-0.38658464,0.025410503,-0.9219038,-0.92037976,0.053065777,0.38740826,0.05876577,0.99826765,0.0028728247
1356511025567,-0.39869773,0.040597856,-0.91618323,-0.9153097,0.044467807,0.4002881,0.056991458,0.9981855,0.019430518
1356511025606,-0.41017026,0.058796704,-0.9101118,-0.9103073,0.034538865,0.41248974,0.05568728,0.9976723,0.039356172
1356511025647,-0.42375314,0.08198097,-0.9020601,-0.9040837,0.022597134,0.42675745,0.055369914,0.9963777,0.064542115
1356511025686,-0.43134135,0.10755721,-0.89575446,-0.9004816,0.009726226,0.4347855,0.055476576,0.99415135,0.09265792
1356511025727,-0.43458885,0.1361503,-0.89027834,-0.8989468,-0.0051884055,0.43802696,0.055018336,0.99067456,0.12464678
1356511025768,-0.42819732,0.16795436,-0.88794065,-0.9021052,-0.021362245,0.43098727,0.05341786,0.9855634,0.16065967
1356511025807,-0.40439206,0.20105734,-0.8922125,-0.9131454,-0.0340302,0.4062112,0.051309615,0.97898823,0.19735605
1356511025847,-0.3736379,0.2374028,-0.89667976,-0.92628074,-0.044453442,0.374203,0.048976302,0.97039366,0.23651117
1356511025888,-0.32611448,0.27543023,-0.90431607,-0.94417894,-0.04769957,0.32596177,0.0466443,0.96013695,0.27561086
1356511025927,-0.27438462,0.31534284,-0.9084448,-0.9606047,-0.04648298,0.27400354,0.04417783,0.9478388,0.315674
1356511025966,-0.21542215,0.3547611,-0.90980095,-0.9756311,-0.03842467,0.2160263,0.041678905,0.934167,0.35439354
1356511026008,-0.16478038,0.39358,-0.90440154,-0.9855491,-0.029214025,0.16685191,0.039248347,0.9188261,0.39270627
1356511026057,-0.127787,0.4332914,-0.8921485,-0.99108803,-0.02167195,0.13143316,0.037614226,0.9009932,0.43219942
1356511026097,-0.09671044,0.46786273,-0.87849396,-0.99461174,-0.012311578,0.102936655,0.037344635,0.8837154,0.46653232
1356511026135,-0.08001566,0.49595532,-0.8646536,-0.9960444,-0.0061570406,0.088643014,0.038639277,0.8683262,0.49448624
1356511026194,-0.07295889,0.51549643,-0.85378015,-0.9964928,-0.0025054812,0.08364153,0.040977806,0.8568881,0.5138712
1356511026224,-0.064835906,0.522053,-0.8504452,-0.9969083,0.004022956,0.07847142,0.04438758,0.8529036,0.5201781
1356511026264,-0.05671203,0.51570123,-0.85488945,-0.9972375,0.011881411,0.073322475,0.04796976,0.8566861,0.5136028
1356511026294,-0.046377838,0.5014767,-0.8639271,-0.9975956,0.021334648,0.06593743,0.051497668,0.864908,0.4992816
1356511026334,-0.011652112,0.4691816,-0.8830248,-0.9983136,0.04476458,0.036958396,0.056868404,0.88196635,0.46786886
1356511026375,0.040611267,0.4195778,-0.9068104,-0.99706435,0.07597637,-0.009499311,0.0649105,0.90453416,0.42143154
1356511026415,0.10449666,0.3555285,-0.9288056,-0.9916706,0.10795796,-0.07024515,0.07529774,0.92840964,0.3638485
1356511026455,0.17167175,0.2822466,-0.9438568,-0.981279,0.1338855,-0.13844171,0.08729404,0.94995344,0.29994702
1356511026495,0.23243394,0.20742285,-0.9502369,-0.96740675,0.15024891,-0.20383668,0.10049164,0.96664417,0.23558524
1356511026535,0.27906054,0.13882694,-0.95018536,-0.9533913,0.15830797,-0.2568725,0.114761055,0.9775815,0.17653394
1356511026575,0.30706358,0.08219162,-0.9481332,-0.9428092,0.16204947,-0.29129162,0.12970275,0.98335373,0.1272505
1356511026615,0.31500414,0.040273666,-0.9482354,-0.9380494,0.16516295,-0.30460545,0.14434573,0.9854436,0.08980572
1356511026655,0.3029699,0.013575584,-0.9529034,-0.93991303,0.16939566,-0.29642636,0.15739354,0.9854546,0.06408164
1356511026723,0.2713699,0.0011690855,-0.96247447,-0.9477493,0.17458257,-0.26700616,0.16771913,0.9846419,0.048484445
1356511026737,0.22133625,0.0013787448,-0.9751966,-0.9594039,0.17955178,-0.217498,0.1747984,0.98374754,0.041064113
1356511026777,0.15464374,0.011549592,-0.98790276,-0.97165644,0.18274155,-0.14996415,0.17879888,0.9830931,0.039482087
1356511026817,0.07608327,0.027521223,-0.9967215,-0.980584,0.18325904,-0.06979129,0.18073747,0.98267925,0.040929854
1356511026855,-0.0071732104,0.04492289,-0.9989647,-0.9833301,0.18119231,0.015209079,0.18168801,0.98242116,0.042874277
1356511026895,-0.08829683,0.06033972,-0.9942649,-0.97946274,0.17638057,0.09768647,0.18126339,0.9824708,0.04352665
1356511026935,-0.15953618,0.07077804,-0.98465157,-0.9711319,0.16793108,0.16941673,0.17734465,0.9832546,0.04194373
1356511026975,-0.21404022,0.07437202,-0.9739895,-0.9621731,0.15599781,0.22335517,0.16855156,0.9849535,0.038168907
1356511027015,-0.2482984,0.07220629,-0.9659886,-0.955979,0.14271212,0.25639307,0.15637141,0.9871268,0.03359258
1356511027055,-0.26123703,0.06738466,-0.9629198,-0.95445997,0.13087535,0.2681005,0.14408833,0.9891062,0.030126452
1356511027095,-0.25133687,0.062152356,-0.9659021,-0.95857656,0.12219292,0.2572934,0.1340178,0.99055845,0.028866172
1356511027135,-0.21665645,0.057393223,-0.9745593,-0.9680531,0.116443634,0.2220676,0.1262263,0.9915376,0.030331492
1356511027175,-0.15734023,0.054569125,-0.9860357,-0.98030186,0.11207408,0.16262767,0.119383484,0.9922004,0.03586042
1356511027216,-0.079419255,0.058261424,-0.99513733,-0.99049854,0.107824385,0.08536172,0.112273365,0.9924613,0.049144566
1356511027256,0.0063864887,0.07591534,-0.99709386,-0.9945084,0.104644865,0.0015974045,0.10446209,0.99160796,0.07616675
1356511027295,0.08522299,0.11661366,-0.9895141,-0.99177,0.10516569,-0.07302356,0.09554741,0.98759377,0.124616444
1356511027335,0.14963356,0.18344992,-0.97157395,-0.98511845,0.11170623,-0.13062754,0.08456728,0.9766617,0.19743484
1356511027375,0.2005519,0.26566827,-0.94297373,-0.97711384,0.12390575,-0.17290431,0.07090464,0.95606893,0.28443772
1356511027415,0.24522772,0.33993217,-0.9079149,-0.9678297,0.14022103,-0.20891061,0.05629331,0.9299377,0.3633826
1356511027455,0.29067436,0.38522667,-0.8758475,-0.95579654,0.15927258,-0.24715436,0.04428804,0.90897346,0.41449475
1356511027495,0.33778074,0.3948096,-0.8544177,-0.9404744,0.17781594,-0.2896367,0.03757775,0.9013916,0.4313711
1356511027535,0.38254783,0.37284282,-0.84536695,-0.92318714,0.19106993,-0.3334932,0.037183613,0.90800905,0.41729712
1356511027575,0.41922143,0.3281665,-0.8464987,-0.9068793,0.19521824,-0.37344313,0.04270038,0.9242275,0.37944713
1356511027615,0.44239044,0.27142304,-0.85476327,-0.8952672,0.18976575,-0.4030952,0.0527955,0.943567,0.32694668
1356511027655,0.4492635,0.21127704,-0.8680577,-0.8909086,0.17845076,-0.41765675,0.06666425,0.96099806,0.26839998
1356511027722,0.438544,0.15422517,-0.88537776,-0.89477426,0.16702345,-0.41410425,0.08401358,0.97381616,0.21124381
1356511027735,0.40974528,0.105528414,-0.90607536,-0.90628356,0.16003937,-0.39120004,0.10372499,0.98145354,0.16121402
1356511027775,0.36304992,0.06929743,-0.9291892,-0.9235097,0.1592508,-0.34895414,0.1237925,0.984803,0.12181282
1356511027815,0.29834148,0.04825616,-0.9532386,-0.94376487,0.16400126,-0.28707424,0.1424793,0.9852792,0.0944708
1356511027855,0.21628857,0.042913586,-0.9753859,-0.96322227,0.17253017,-0.20600057,0.15944326,0.984069,0.07865164
1356511027895,0.11940178,0.05135289,-0.99151707,-0.97723126,0.18249807,-0.10822949,0.17539203,0.9818642,0.07197428
1356511027935,0.01270479,0.06913316,-0.9975265,-0.9815681,0.19111133,7.433593E-4,0.19069004,0.97913074,0.07028693
1356511027975,-0.09637794,0.089736074,-0.99129146,-0.97435904,0.19492516,0.1123772,0.20331198,0.9767045,0.06864864
1356511028015,-0.1991399,0.10591209,-0.97423106,-0.9575366,0.19047302,0.21643436,0.20848781,0.9759625,0.063483834
1356511028055,-0.2882197,0.11255893,-0.9509258,-0.9359149,0.17685986,0.30460444,0.20246652,0.9777787,0.05437112
1356511028096,-0.35941,0.10969201,-0.92671037,-0.9143249,0.15722394,0.37321666,0.18663993,0.9814521,0.043786347
1356511028135,-0.41099983,0.10150176,-0.90596724,-0.8962362,0.13690001,0.42192313,0.16685286,0.9853709,0.034703612
1356511028175,-0.441642,0.091919184,-0.89247024,-0.88485616,0.119757414,0.4502085,0.14826271,0.9885388,0.028445423
1356511028215,-0.44966274,0.08289945,-0.889343,-0.8833071,0.10649693,0.45653796,0.13255906,0.99085116,0.025337994
1356511028255,-0.4335122,0.076033205,-0.8979343,-0.8932744,0.09517169,0.43932122,0.11886093,0.99255294,0.026660442
1356511028295,-0.39336997,0.07523617,-0.9162967,-0.91326463,0.08278704,0.39886585,0.10586667,0.9937233,0.036144555
1356511028335,-0.3335436,0.08826986,-0.93859315,-0.93817616,0.06671101,0.3396692,0.09259704,0.9938601,0.060561657
1356511028375,-0.26367903,0.12494245,-0.9564846,-0.9614321,0.046388745,0.27110255,0.07824236,0.991079,0.10789192
1356511028415,-0.19783825,0.19133008,-0.9613807,-0.9782561,0.023747027,0.2060369,0.06225106,0.9812385,0.18247163
1356511028455,-0.1428945,0.2764249,-0.95035285,-0.98869,0.004309058,0.14991227,0.04553461,0.96102595,0.27268276
1356511028495,-0.09780568,0.35663444,-0.9291103,-0.99473697,-0.0063871145,0.10226238,0.030535966,0.9342222,0.35538214
1356511028535,-0.052765608,0.40972352,-0.91068244,-0.9984064,-0.0033706427,0.056331903,0.020010918,0.91220355,0.40924847
1356511028575,-0.0013292432,0.42803165,-0.9037628,-0.9998803,0.0133603215,0.007798195,0.01541245,0.903665,0.42796266
1356511028615,0.058091223,0.41290587,-0.9089192,-0.9981608,0.039831102,-0.045700252,0.017333329,0.9099023,0.41446027
1356511028655,0.12086159,0.37176225,-0.9204267,-0.9923558,0.068550885,-0.10261881,0.024946243,0.9257935,0.37720564
1356511028719,0.17967057,0.31384805,-0.9323185,-0.98304296,0.092615485,-0.15826854,0.036674857,0.94494534,0.32516637
1356511028735,0.22746235,0.2485365,-0.9415362,-0.9724256,0.1090799,-0.20613101,0.05147153,0.962461,0.26649487
1356511028777,0.25885135,0.18424031,-0.9481833,-0.9634501,0.119362116,-0.23982605,0.06899157,0.97560656,0.20840341
1356511028817,0.27096945,0.12728193,-0.9541357,-0.9584788,0.127168,-0.25523868,0.08884829,0.9836807,0.15645564
1356511028855,0.26155168,0.08302459,-0.96161205,-0.9589486,0.13546652,-0.24913126,0.109582245,0.98729724,0.11504781
1356511028895,0.23065889,0.054647446,-0.97149897,-0.9642831,0.14644492,-0.2207081,0.13020995,0.9877082,0.08647445
1356511028935,0.17825437,0.04325983,-0.98303306,-0.97241664,0.16048193,-0.16926706,0.15043655,0.9860903,0.07067326
1356511028975,0.10644916,0.046996415,-0.99320686,-0.97969395,0.17564395,-0.09668982,0.16990674,0.9833313,0.06473923
1356511029033,0.021447092,0.061113834,-0.99790037,-0.9820144,0.18856385,-0.009557575,0.18758383,0.9801575,0.06405878
1356511029055,-0.068804264,0.07857922,-0.9945307,-0.9773617,0.19461834,0.08299354,0.2000755,0.97772646,0.063409686
1356511029096,-0.15417272,0.09197608,-0.9837535,-0.96706104,0.19005644,0.16932607,0.2025426,0.97745526,0.059644997
1356511029133,-0.22636247,0.09705904,-0.9691953,-0.95468557,0.17527813,0.24052665,0.19322401,0.979723,0.052984536
1356511029176,-0.2803548,0.0942609,-0.9552571,-0.9437171,0.1548788,0.2922508,0.17549688,0.9834264,0.04553461
1356511029215,-0.31407595,0.08707848,-0.94539595,-0.9365363,0.1349361,0.3235614,0.15574324,0.9870205,0.039172053
1356511029255,-0.32595396,0.078178674,-0.94214755,-0.93525255,0.11885458,0.33343098,0.13804573,0.98982906,0.034375727
1356511029295,-0.31462651,0.068876565,-0.9467133,-0.9412344,0.10642576,0.3205485,0.122832984,0.9919323,0.031344593
1356511029335,-0.27940297,0.06124583,-0.9582187,-0.95398736,0.09539777,0.28426662,0.10882211,0.9935534,0.03177327
1356511029375,-0.22231966,0.06035167,-0.9731041,-0.9703333,0.08356744,0.22686946,0.09501174,0.9946729,0.039982557
1356511029415,-0.15129077,0.07553768,-0.9855989,-0.98518455,0.0699417,0.15658763,0.080762744,0.9946871,0.06383699
1356511029455,-0.07568753,0.11707479,-0.9902348,-0.99496967,0.056493163,0.082728535,0.06562692,0.99151504,0.112210035
1356511029495,-0.004975617,0.18879655,-0.98200357,-0.9987663,0.047581792,0.014208466,0.04940796,0.98086274,0.1883269
1356511029536,0.057548225,0.27810055,-0.9588265,-0.99780744,0.04746735,-0.046120256,0.03268683,0.95937836,0.28022248
1356511029575,0.115998864,0.35710478,-0.9268336,-0.9930937,0.058218062,-0.10186055,0.017583579,0.93224835,0.3613917
1356511029615,0.17406821,0.4048679,-0.8976538,-0.9847115,0.07767111,-0.15591806,0.006595582,0.9110704,0.41219813
1356511029655,0.23372853,0.41533133,-0.8791307,-0.97230065,0.101260304,-0.21066013,0.0015272498,0.90401673,0.4274944
1356511029721,0.2925914,0.39229822,-0.8720621,-0.9562323,0.12305182,-0.26547688,0.0031627119,0.91157025,0.41113222
1356511029737,0.34516865,0.3447199,-0.8729414,-0.9384761,0.13767773,-0.31671342,0.01100716,0.9285542,0.37103343
1356511029776,0.3860054,0.2822307,-0.8782629,-0.9221823,0.1428985,-0.35938784,0.02407208,0.94864416,0.31542784
1356511029815,0.41039273,0.2156043,-0.8860545,-0.910975,0.14089325,-0.38765144,0.041259766,0.9662628,0.25423175
1356511029855,0.41735387,0.15182245,-0.8959719,-0.90659356,0.13735068,-0.39902747,0.062481016,0.97881806,0.19496512
1356511029895,0.40659025,0.09651366,-0.9084984,-0.90945566,0.1374869,-0.39241272,0.08703342,0.9857902,0.14367574
1356511029935,0.37890917,0.053853482,-0.92386556,-0.91847444,0.14408523,-0.36829907,0.11328122,0.9880988,0.104058266
1356511029975,0.33524796,0.026406348,-0.9417597,-0.9318148,0.15680781,-0.32731095,0.13903213,0.9872761,0.07717535
1356511030015,0.2778152,0.014353722,-0.9605273,-0.9466666,0.17398098,-0.27120632,0.16322067,0.98464435,0.06192273
1356511030055,0.20862916,0.015337944,-0.9778745,-0.96027344,0.19269398,-0.2018516,0.18533453,0.98113906,0.05493021
1356511030095,0.13177362,0.024515241,-0.9909767,-0.9700941,0.2087653,-0.123832285,0.20384577,0.97765845,0.051291823
1356511030135,0.0525921,0.035984308,-0.9979676,-0.97525775,0.21673286,-0.043580532,0.21472421,0.9755676,0.046492398
1356511030175,-0.022011518,0.044716954,-0.9987571,-0.9766203,0.21271765,0.031047583,0.21384165,0.97608995,0.038989186
1356511030215,-0.08602512,0.04816529,-0.99512804,-0.9758849,0.19705683,0.09389946,0.20061949,0.9792081,0.030052006
1356511030255,-0.13520172,0.046721756,-0.98971593,-0.9743566,0.17505601,0.14136735,0.17986068,0.98344934,0.021855772
1356511030295,-0.16634154,0.041858822,-0.9851794,-0.97340214,0.15265149,0.17083889,0.15754023,0.9873932,0.015353143
1356511030335,-0.17729574,0.034839302,-0.9835408,-0.9745835,0.13284427,0.18038669,0.1369423,0.9905244,0.01040113
1356511030375,-0.16675729,0.027035832,-0.9856272,-0.9788828,0.11533362,0.16877982,0.118239015,0.9929588,0.007232189
1356511030415,-0.13605201,0.021748781,-0.99046296,-0.9856417,0.09794426,0.13754046,0.100001514,0.9949542,0.008111
1356511030455,-0.087346375,0.025575578,-0.99584967,-0.99286,0.07928789,0.08912048,0.08123809,0.9965236,0.018467486
1356511030495,-0.025854528,0.048776805,-0.998475,-0.9977482,0.060575068,0.028794885,0.061887205,0.99697113,0.047100782
1356511030535,0.041860104,0.10161242,-0.993943,-0.9981959,0.047109604,-0.03722313,0.043041915,0.993708,0.103401154
1356511030575,0.11030209,0.18235987,-0.9770253,-0.99353,0.046984494,-0.10339588,0.02704981,0.98210865,0.18636245
1356511030615,0.17464358,0.2717222,-0.9463966,-0.9844948,0.06421304,-0.1632376,0.016415685,0.96023107,0.27872354
1356511030655,0.23433274,0.34093216,-0.910414,-0.9720863,0.09343088,-0.21521866,0.011685878,0.9354336,0.35330933
1356511030722,0.2898216,0.3739625,-0.8809968,-0.9570141,0.1240904,-0.26215556,0.011286885,0.9191048,0.39385152
1356511030737,0.340642,0.37129852,-0.8637711,-0.94008625,0.14835861,-0.3069651,0.014172167,0.9165845,0.3995898
1356511030775,0.38490546,0.33997744,-0.85805774,-0.9227186,0.16283226,-0.34939387,0.02093345,0.9262295,0.37637854
1356511030815,0.41929275,0.29077032,-0.86002684,-0.9072964,0.16732025,-0.38576823,0.031729937,0.9420491,0.33397108
1356511030855,0.44137296,0.23288456,-0.86657643,-0.8961277,0.16424426,-0.4122851,0.046315372,0.9585346,0.28118727
1356511030895,0.44960207,0.17428091,-0.8760617,-0.8909005,0.1582663,-0.4257325,0.06445402,0.971894,0.22642383
1356511030935,0.44379178,0.12070277,-0.8879638,-0.89200306,0.15448704,-0.42481083,0.08590302,0.980594,0.17622736
1356511030975,0.4244547,0.07663068,-0.9022006,-0.8988261,0.15595734,-0.40962046,0.109315276,0.9847868,0.1350745
1356511031016,0.39317086,0.044797212,-0.91837347,-0.90974045,0.16383812,-0.3814831,0.1333752,0.9854696,0.10517022
1356511031055,0.35075343,0.02665615,-0.93608844,-0.92316395,0.17773616,-0.34084937,0.15729105,0.9837171,0.08694956
1356511031095,0.29853094,0.021676868,-0.9541538,-0.9370401,0.19647068,-0.28871295,0.18120483,0.98027,0.07896465
1356511031135,0.23794404,0.026849538,-0.9709076,-0.9494995,0.21692953,-0.22669849,0.20453173,0.9758179,0.07711074
1356511031175,0.17213786,0.03728804,-0.9843669,-0.9592228,0.23376703,-0.15888575,0.22418797,0.9715774,0.07600775
1356511031215,0.1048418,0.0479576,-0.9933319,-0.9665566,0.2399809,-0.09042966,0.23404387,0.96959233,0.07151377
1356511031255,0.04055822,0.055103898,-0.99765646,-0.972584,0.2310046,-0.02677977,0.22898754,0.97139096,0.06296229
1356511031297,-0.016295463,0.056939363,-0.99824464,-0.97790074,0.20721564,0.027782828,0.20843384,0.9766369,0.052304387
1356511031335,-0.062409133,0.05501312,-0.9965333,-0.9814244,0.17810962,0.07129535,0.18141434,0.9824716,0.042875588
1356511031375,-0.094824344,0.050687283,-0.99420273,-0.98361075,0.1490803,0.10141465,0.15335652,0.9875251,0.03572005
1356511031415,-0.11138356,0.045622706,-0.99272966,-0.9855515,0.1231935,0.11623976,0.127601,0.99133337,0.031241775
1356511031455,-0.111292064,0.04225424,-0.99288905,-0.98830664,0.1000818,0.11503756,0.10423097,0.9940816,0.030621827
1356511031495,-0.094530284,0.044660717,-0.9945196,-0.99208593,0.07870245,0.097833246,0.08264038,0.9958972,0.03686756
1356511031535,-0.06291318,0.060009092,-0.9962133,-0.99607265,0.058534026,0.06643018,0.062298805,0.9964801,0.05609083
1356511031575,-0.018539667,0.09656885,-0.9951536,-0.99890816,0.04089892,0.022578418,0.04288107,0.9944857,0.09570518
1356511031615,0.033557475,0.16139022,-0.98632,-0.99914646,0.029204369,-0.029215187,0.024089813,0.9864584,0.16223246
1356511031655,0.08902371,0.24638316,-0.96507514,-0.99600697,0.02852881,-0.08459365,0.0066899657,0.9687525,0.24793914
1356511031723,0.1418029,0.33041206,-0.9331237,-0.98986864,0.040453672,-0.13610187,-0.007221371,0.94296956,0.33280095
1356511031737,0.18980986,0.3894905,-0.9012599,-0.98169816,0.06077373,-0.1804865,-0.015524775,0.91902333,0.39389747
1356511031775,0.23305392,0.41323063,-0.880299,-0.97230554,0.08268702,-0.21859714,-0.017541736,0.9068645,0.421057
1356511031833,0.2714926,0.40364078,-0.8737081,-0.96235156,0.101508915,-0.25214162,-0.0130854845,0.909269,0.4160033
1356511031855,0.30416444,0.3669978,-0.8790885,-0.9526167,0.11495784,-0.28161314,-0.0022933185,0.9230912,0.3845744
1356511031896,0.32850632,0.31272697,-0.8912269,-0.94440746,0.12209317,-0.30526686,0.013347536,0.94196343,0.33545005
1356511031933,0.3418933,0.25075534,-0.9056659,-0.9391904,0.12409541,-0.32019013,0.032099545,0.9600635,0.27793446
1356511031976,0.34285748,0.18854812,-0.92027086,-0.9378731,0.1243099,-0.32394633,0.053319335,0.9741646,0.21945474
1356511032015,0.330216,0.13256991,-0.9345494,-0.9408188,0.12623024,-0.31452492,0.07627183,0.9831028,0.16640756
1356511032055,0.30426908,0.08696976,-0.94860774,-0.9473102,0.13228899,-0.29172447,0.10011917,0.9873885,0.12263876
1356511032095,0.26441464,0.05491066,-0.9628446,-0.9565089,0.14246038,-0.25455034,0.12318969,0.98827624,0.090191096
1356511032135,0.21160755,0.037730873,-0.97662616,-0.9665423,0.15630403,-0.20338404,0.14497676,0.98698807,0.06954354
1356511032175,0.14572105,0.034978926,-0.9887072,-0.97532326,0.17262515,-0.13764128,0.16586122,0.9843663,0.05927089
1356511032216,0.06876433,0.043845624,-0.99666905,-0.98022807,0.18876809,-0.059325695,0.1855382,0.9810424,0.055959165
1356511032255,-0.015666038,0.05945313,-0.99810815,-0.9794971,0.1996049,0.027263582,0.20084813,0.97807115,0.055107176
1356511032295,-0.10292399,0.07553339,-0.9918171,-0.97303724,0.19926697,0.11615071,0.2064096,0.9770298,0.052987516
1356511032335,-0.18661696,0.0866487,-0.97860414,-0.96198964,0.1860314,0.19992045,0.1993739,0.97871566,0.048638582
1356511032375,-0.26045614,0.09069812,-0.9612161,-0.94814694,0.16380316,0.27237093,0.18215379,0.9823148,0.043331623
1356511032415,-0.31917542,0.08874142,-0.94353163,-0.9340334,0.13898826,0.3290346,0.16033879,0.9863099,0.03852588
1356511032455,-0.35822612,0.08264959,-0.92996943,-0.9233439,0.116122484,0.36599413,0.13823965,0.9897902,0.03471583
1356511032495,-0.37357467,0.07404077,-0.92464036,-0.9201813,0.0962379,0.37947938,0.1170823,0.9926007,0.03217894
1356511032535,-0.36172372,0.06539291,-0.9299891,-0.9272997,0.0777902,0.36614752,0.09628749,0.99482286,0.032500267
1356511032575,-0.32137448,0.06211713,-0.9449127,-0.9439739,0.058063686,0.3248722,0.07504523,0.9963785,0.039976835
1356511032615,-0.25636017,0.07401213,-0.96374357,-0.9651389,0.0348503,0.2594077,0.052786082,0.99664825,0.062497675
1356511032655,-0.17780566,0.112235665,-0.9776443,-0.98363173,0.0092276335,0.17995399,0.029218584,0.9936388,0.10875785
1356511032723,-0.1035611,0.18115553,-0.9779866,-0.99461377,-0.01462245,0.10261327,0.0042883754,0.9833457,0.18169418
1356511032737,-0.045562804,0.26923022,-0.9619974,-0.99874675,-0.03224027,0.038280457,-0.02070883,0.962536,0.2703618
1356511032775,0.0010200739,0.3487586,-0.937212,-0.99912477,-0.038836002,-0.015539229,-0.04181704,0.93640757,0.3484138
1356511032815,0.045280874,0.39954662,-0.9155939,-0.9974277,-0.032898962,-0.06368446,-0.055567026,0.9161224,0.39702916
1356511032855,0.095659256,0.4153847,-0.90460205,-0.9935933,-0.015096724,-0.112002105,-0.060180485,0.9095205,0.41127926
1356511032895,0.15226507,0.40047282,-0.903569,-0.9867864,0.0103645325,-0.16169482,-0.055389285,0.91625005,0.39675927
1356511032935,0.21109867,0.36111873,-0.90831196,-0.97658485,0.038498104,-0.21166009,-0.041466117,0.93172485,0.36078995
1356511032975,0.26409024,0.30594003,-0.9146896,-0.9642937,0.06423634,-0.2569266,-0.01984781,0.94988126,0.31198025
1356511033015,0.30319995,0.24410966,-0.92112994,-0.9528955,0.08552945,-0.2909897,0.007750362,0.96596855,0.25854346
1356511033055,0.32272348,0.18351072,-0.9285329,-0.9456547,0.10380337,-0.3081592,0.03983432,0.97752166,0.20703757
1356511033095,0.31846198,0.13076761,-0.93887264,-0.9450114,0.12153295,-0.30361697,0.07440072,0.9839357,0.16228053
1356511033135,0.2868944,0.091442764,-0.9535879,-0.9517749,0.14016297,-0.2729082,0.10870227,0.9858968,0.12724486
1356511033175,0.22496647,0.069784224,-0.97186434,-0.96422595,0.15947235,-0.21174753,0.14020884,0.98473287,0.10316366
1356511033215,0.13054904,0.068404704,-0.98907924,-0.9771904,0.17742011,-0.11670941,0.16749907,0.98175496,0.09000644
1356511033255,0.005799085,0.08661014,-0.99622536,-0.98170465,0.1901026,0.01081267,0.19032153,0.9779364,0.086128
1356511033295,-0.13762987,0.11762041,-0.98347515,-0.96823806,0.19327915,0.15861318,0.20874137,0.97406805,0.08728361
1356511033335,-0.27885747,0.14949754,-0.9486248,-0.9344952,0.18535078,0.3039141,0.22126275,0.9712341,0.0880183
1356511033376,-0.39988905,0.17061836,-0.9005432,-0.8887952,0.16782975,0.42646956,0.22390148,0.97093904,0.084531486
1356511033415,-0.49183828,0.17535877,-0.8528449,-0.84405196,0.14439148,0.51645654,0.2137087,0.97385854,0.07699466
1356511033456,-0.5554995,0.16598466,-0.8147817,-0.8088938,0.11914301,0.57575667,0.19264227,0.9789045,0.06808013
1356511033495,-0.5948055,0.14925444,-0.7898922,-0.78629863,0.09629995,0.6102958,0.16715595,0.9840983,0.0600788
1356511033536,-0.61161166,0.13006938,-0.78039306,-0.7783314,0.077978134,0.62299263,0.14188588,0.98843384,0.0535447
1356511033575,-0.60458505,0.11143294,-0.7887076,-0.7875726,0.06453651,0.6128331,0.119190276,0.99167424,0.048743665
1356511033615,-0.5737931,0.09513798,-0.8134557,-0.81311095,0.05272287,0.5797162,0.09804079,0.99406695,0.04710567
1356511033655,-0.5156841,0.08507156,-0.8525449,-0.8532669,0.039009392,0.52001333,0.077495635,0.99561095,0.052472174
1356511033723,-0.43575913,0.089702964,-0.8955821,-0.8982475,0.019831061,0.43904236,0.057143718,0.99577117,0.071933925
1356511033738,-0.3494591,0.12037617,-0.9291866,-0.9362177,-0.005619943,0.35137543,0.03707519,0.9927124,0.11466229
1356511033775,-0.27543926,0.18178058,-0.94397515,-0.96115124,-0.03375727,0.27395037,0.017932832,0.9827596,0.18401664
1356511033815,-0.2222594,0.26197115,-0.9391335,-0.97498703,-0.05873406,0.21436083,9.972453E-4,0.96328676,0.26847267
1356511033855,-0.18127942,0.3364178,-0.92410004,-0.9833585,-0.07347047,0.16615722,-0.011995852,0.9388424,0.344138
1356511033895,-0.13857579,0.386002,-0.91203034,-0.99015623,-0.07230514,0.11984441,-0.019684255,0.91966,0.39222196
1356511033935,-0.08653766,0.40504944,-0.9101902,-0.996027,-0.054443896,0.07047027,-0.02101034,0.91267234,0.40815163
1356511033975,-0.024438798,0.39592594,-0.9179572,-0.99958235,-0.023843348,0.016328007,-0.015422523,0.9179729,0.39634332
1356511034015,0.04289657,0.36408734,-0.9303764,-0.999073,0.012281537,-0.0412578,-0.0035949945,0.93128383,0.3642767
1356511034055,0.10678673,0.3170909,-0.942364,-0.99419844,0.04633665,-0.097068936,0.012886256,0.9472625,0.3201995
1356511034096,0.1574915,0.26382208,-0.95162725,-0.9869821,0.073865175,-0.1428648,0.032601267,0.96173894,0.27202076
1356511034135,0.18959552,0.2109718,-0.95892876,-0.9803145,0.0954898,-0.17281532,0.055108726,0.9728168,0.22492316
1356511034175,0.1983136,0.16413277,-0.9662982,-0.9769133,0.11301446,-0.18129581,0.07944909,0.979943,0.1827558
1356511034215,0.17987454,0.12776849,-0.9753565,-0.97816753,0.1281448,-0.16360635,0.10408312,0.98349077,0.148029
1356511034255,0.13110274,0.10503796,-0.9857886,-0.9830555,0.14227933,-0.1155791,0.1281172,0.98423755,0.12191132
1356511034295,0.04813662,0.098071694,-0.9940145,-0.9873314,0.15530953,-0.032489747,0.15119362,0.9829856,0.10430533
1356511034335,-0.06772685,0.106939465,-0.9919561,-0.982548,0.16549057,0.08492544,0.17324126,0.9803963,0.09386498
1356511034375,-0.20851284,0.12771079,-0.9696454,-0.95885754,0.16859996,0.2283991,0.19265112,0.97737604,0.087301314
1356511034415,-0.3518526,0.15028024,-0.92391324,-0.9132724,0.16132778,0.37404126,0.20526388,0.9753918,0.0804832
1356511034455,-0.47187084,0.1625919,-0.8665459,-0.85731494,0.1447894,0.49401134,0.20578885,0.9760123,0.07107055
1356511034495,-0.5565247,0.15984929,-0.8153088,-0.8080683,0.12399173,0.5758921,0.19314751,0.9793234,0.06016463
1356511034535,-0.60701174,0.14531028,-0.7812948,-0.7760185,0.103494346,0.6221609,0.17126599,0.98395824,0.049941182
1356511034575,-0.62901306,0.1256366,-0.7671754,-0.76343393,0.0863539,0.64008725,0.14666694,0.98831093,0.041597486
1356511034634,-0.6239347,0.10507628,-0.7743801,-0.7716614,0.07371801,0.63174707,0.123467386,0.9917281,0.035088062
1356511034655,-0.58781165,0.085457146,-0.80447173,-0.8024733,0.064447284,0.5931975,0.10253897,0.99425536,0.030694187
1356511034717,-0.5153778,0.0689778,-0.85418236,-0.8529599,0.05494088,0.51907694,0.08273426,0.9961041,0.030520082
1356511034722,-0.39788824,0.057923943,-0.9156034,-0.915182,0.0448215,0.40054068,0.06423959,0.9973142,0.035177052
1356511034752,-0.27028996,0.05948639,-0.9609395,-0.9616605,0.031414688,0.27243745,0.0463939,0.99773467,0.048714638
1356511034796,-0.16467065,0.09001982,-0.9822321,-0.9859725,0.012471676,0.16644076,0.027233034,0.9958619,0.08670336
1356511034835,-0.06846964,0.1511004,-0.9861443,-0.9976295,-0.0035588741,0.0687218,0.0068743527,0.98851204,0.15098587
1356511034876,-0.0076385736,0.23530993,-0.9718904,-0.9998832,-0.0146635175,0.0043082833,-0.013237476,0.9718098,0.23539442
1356511034915,0.03516215,0.31723532,-0.9476948,-0.9989494,-0.016728342,-0.042663574,-0.029387802,0.9481993,0.3163139
1356511034955,0.081225336,0.37501416,-0.9234538,-0.9959575,-0.0051157475,-0.089680135,-0.03835544,0.927005,0.37308258
1356511034995,0.14868307,0.3978505,-0.9053222,-0.9881458,0.024385035,-0.15156919,-0.03822556,0.9171261,0.39675993
1356511035035,0.23863846,0.3856161,-0.8912642,-0.97068787,0.06770903,-0.23060924,-0.02857998,0.92017156,0.39047086
1356511035075,0.34449366,0.34150404,-0.87447083,-0.9387352,0.115367025,-0.32475647,-0.010020524,0.932773,0.36032504
1356511035115,0.44701722,0.27700368,-0.8505554,-0.89441586,0.15328601,-0.4201472,0.013995975,0.94856334,0.31627798
1356511035156,0.533264,0.20405036,-0.8209708,-0.8449554,0.17549652,-0.50522405,0.04098633,0.96310145,0.26599944
1356511035196,0.5947524,0.13414994,-0.79263705,-0.80094135,0.18352348,-0.56992304,0.06901246,0.9738188,0.2165972
1356511035235,0.63121104,0.073809594,-0.77209115,-0.7695651,0.18365143,-0.6115893,0.096654415,0.9802164,0.17272413
1356511035276,0.644688,0.025904953,-0.76400673,-0.7545551,0.18181336,-0.6305477,0.12257227,0.98299176,0.13675962
1356511035315,0.63449997,-0.007450521,-0.772887,-0.7591572,0.18187423,-0.6249817,0.14522463,0.9832936,0.10974309
1356511035355,0.6013619,-0.026313365,-0.79854333,-0.7818028,0.18673185,-0.5949081,0.16476753,0.9820585,0.09172152
1356511035396,0.5413232,-0.03085491,-0.84024835,-0.82083964,0.19713862,-0.5360584,0.18218544,0.97989,0.08138874
1356511035435,0.44977352,-0.021681398,-0.8928795,-0.8710898,0.21013185,-0.44389993,0.19724679,0.97743267,0.0756253
1356511035477,0.32588425,-5.354881E-4,-0.94540954,-0.92252016,0.21853474,-0.318118,0.20677519,0.975829,0.07072306
1356511035515,0.17932984,0.02677077,-0.9834247,-0.9620143,0.21392426,-0.16960225,0.20583802,0.97648335,0.064116865
1356511035555,0.04326889,0.04798892,-0.9979102,-0.9804646,0.19387534,-0.033189088,0.19187742,0.9798517,0.055440247
1356511035595,-0.052651554,0.05590689,-0.99704677,-0.9843527,0.16522321,0.06124571,0.1681593,0.9846704,0.046332836
1356511035635,-0.09846187,0.052859336,-0.993736,-0.985054,0.13664198,0.1048699,0.14132941,0.98920923,0.038615227
1356511035675,-0.095686436,0.044399858,-0.99442077,-0.9885833,0.112573504,0.10015103,0.116392106,0.99265087,0.03312123
1356511035721,-0.048199236,0.035164237,-0.99821854,-0.99431777,0.09327805,0.05129677,0.09491563,0.9950189,0.030468524
1356511035757,0.03326279,0.030136764,-0.9989921,-0.9965487,0.07706112,-0.030856699,0.0760535,0.9965707,0.032595992
1356511035795,0.13238186,0.03587225,-0.99054956,-0.9894521,0.06408501,-0.12991443,0.058819085,0.99729955,0.04397756
1356511035835,0.22929272,0.05994591,-0.9715098,-0.9724152,0.058015555,-0.22592667,0.04281926,0.9965143,0.071594834
1356511035875,0.3060265,0.10916746,-0.94574326,-0.95162225,0.06389883,-0.30055302,0.027621329,0.9919675,0.12344086
1356511035916,0.35897174,0.18212357,-0.9154071,-0.933265,0.08315256,-0.3494311,0.012478769,0.9797533,0.199819
1356511035955,0.39406538,0.2658119,-0.87980485,-0.9190786,0.11121774,-0.37805447,-0.0026414692,0.95758796,0.2881291
1356511035995,0.4287574,0.33545214,-0.8388319,-0.90328306,0.14303389,-0.40450087,-0.01570931,0.9311354,0.36433512
1356511036035,0.47547168,0.3714776,-0.7974528,-0.87940884,0.17617047,-0.44227135,-0.023806334,0.9115746,0.4104448
1356511036075,0.53466195,0.36888725,-0.7603018,-0.8447059,0.20702648,-0.49357072,-0.02466929,0.90612495,0.42229038
1356511036115,0.59716934,0.3347247,-0.7289363,-0.80192065,0.22912621,-0.5517467,-0.01766482,0.9140353,0.4052498
1356511036155,0.6532291,0.2799791,-0.7034937,-0.7571509,0.23691535,-0.60876393,-0.0037727356,0.9303132,0.36674643
1356511036195,0.69519997,0.21744242,-0.68513924,-0.7186669,0.22968923,-0.6563237,0.014656544,0.9486631,0.31594864
1356511036235,0.72081655,0.15603384,-0.6753347,-0.69219136,0.21262641,-0.68968195,0.035980284,0.964595,0.26126993
1356511036275,0.73108196,0.099766105,-0.67495614,-0.6796733,0.19303955,-0.707658,0.05969292,0.97610575,0.20893613
1356511036315,0.7267694,0.051503927,-0.68494785,-0.6816511,0.17690527,-0.7099693,0.08460471,0.9828794,0.16367705
1356511036355,0.70904994,0.012934357,-0.7050396,-0.6966245,0.16792683,-0.6975062,0.1093733,0.98571455,0.12807888
1356511036395,0.6769217,-0.013923526,-0.73592335,-0.72406226,0.16715255,-0.669174,0.13232875,0.98583275,0.10306768
1356511036435,0.62999415,-0.028256297,-0.77608573,-0.76140463,0.17424622,-0.6244207,0.15287384,0.9842966,0.08825962
1356511036475,0.5666136,-0.030320734,-0.8234256,-0.80597806,0.18737398,-0.5615072,0.17131388,0.9818206,0.08173078
1356511036515,0.4866526,-0.022671252,-0.8733014,-0.8531563,0.20264272,-0.48068738,0.18786597,0.9789903,0.079274446
1356511036556,0.393655,-0.009249032,-0.91921175,-0.8971726,0.21400855,-0.38636997,0.2002927,0.97678804,0.07594755
1356511036595,0.2930142,0.006425798,-0.9560865,-0.93420196,0.21475402,-0.28486383,0.20349291,0.976647,0.06892896
1356511036635,0.19400346,0.02061072,-0.9807843,-0.9615289,0.20220423,-0.18594545,0.19448626,0.9791265,0.05904615
1356511036675,0.10771513,0.030156493,-0.99372435,-0.9783616,0.18081951,-0.1005626,0.1766521,0.9830539,0.04898095
1356511036720,0.044374347,0.033681512,-0.99844706,-0.986732,0.15771866,-0.03853324,0.15617588,0.9869095,0.040233254
1356511036757,0.010527611,0.031682283,-0.9994425,-0.9905033,0.13735431,-0.0060792565,0.13708514,0.99001515,0.032827437
1356511036795,0.009235173,0.025839508,-0.9996234,-0.992765,0.11991951,-0.006071985,0.11971748,0.99244726,0.026760042
1356511036835,0.039623976,0.019747198,-0.9990195,-0.9939427,0.10334802,-0.03737977,0.102508515,0.99444926,0.023722649
1356511036875,0.0945161,0.020697594,-0.99530816,-0.99196804,0.0863778,-0.09240273,0.08405998,0.9960475,0.028695464
1356511036915,0.16105303,0.040011406,-0.9861343,-0.98488617,0.07103196,-0.15796709,0.063726515,0.9966712,0.050846636
1356511036955,0.22574413,0.08710188,-0.97028494,-0.9732923,0.06283337,-0.22080332,0.04173386,0.9942159,0.09895986
1356511036995,0.27706188,0.1629321,-0.94693714,-0.96066445,0.06644964,-0.26964483,0.018989861,0.98439705,0.1749337
1356511037035,0.3177383,0.24835348,-0.91507536,-0.94817686,0.081444025,-0.30712798,-0.0017488599,0.96523964,0.26136088
1356511037075,0.3561684,0.31616977,-0.87930703,-0.93426573,0.10329217,-0.34128928,-0.0170798,0.9430628,0.3321759
1356511037115,0.40000552,0.34959272,-0.84721935,-0.91617954,0.1275962,-0.37991366,-0.02471307,0.92817247,0.37132883
1356511037156,0.4502861,0.3474926,-0.82249093,-0.89256406,0.15050894,-0.42506057,-0.023913175,0.92552465,0.3779315
1356511037195,0.5030053,0.31615245,-0.8043837,-0.8641561,0.16800982,-0.47434872,-0.014822245,0.93371314,0.357715
1356511037235,0.55149317,0.26574537,-0.79071784,-0.8341788,0.17678866,-0.52239,9.6720457E-4,0.94769466,0.3191769
1356511037275,0.58919936,0.2080372,-0.7807462,-0.80771405,0.17679995,-0.56244093,0.021027237,0.9620095,0.272205
1356511037315,0.614194,0.14997837,-0.7747724,-0.78790414,0.1718009,-0.5913473,0.044417292,0.97364825,0.22368765
1356511037355,0.6259041,0.09614363,-0.7739513,-0.77672625,0.16628245,-0.6074919,0.07028803,0.9813799,0.17875414
1356511037395,0.6248261,0.049579024,-0.7791883,-0.77469134,0.16359639,-0.6108105,0.09718904,0.98528075,0.14062771
1356511037435,0.6110201,0.013239324,-0.7915044,-0.78200805,0.16539448,-0.6009227,0.12295467,0.9861387,0.1114126
1356511037494,0.58526206,-0.011158854,-0.8107674,-0.7974813,0.17286174,-0.57805043,0.14660105,0.9848829,0.092270434
1356511037515,0.54720503,-0.023094773,-0.83667994,-0.8199727,0.18580467,-0.541407,0.16796279,0.9823153,0.082736135
1356511037556,0.49808434,-0.024331868,-0.8667872,-0.8466688,0.2022154,-0.49220008,0.18725386,0.9790388,0.08011928
1356511037593,0.43966424,-0.018356025,-0.8979746,-0.8750202,0.2167381,-0.4328559,0.20257083,0.97605723,0.0792301
1356511037636,0.37584215,-0.00868392,-0.926643,-0.9028354,0.22196482,-0.368266,0.2088801,0.975016,0.07558361
1356511037675,0.31147277,0.0021176636,-0.9502528,-0.9285563,0.21315825,-0.30388612,0.20191073,0.97701544,0.068359345
1356511037720,0.25375938,0.0113992095,-0.9672002,-0.94992155,0.19145525,-0.24696961,0.18236035,0.9814352,0.059411883
1356511037747,0.21025789,0.016843319,-0.97750086,-0.9642396,0.16858703,-0.2045005,0.16134948,0.98554283,0.051687777
1356511037787,0.18159232,0.0191423,-0.98318756,-0.9737612,0.14295462,-0.17706802,0.13716173,0.98954415,0.044599473
1356511037825,0.17692119,0.017856747,-0.984063,-0.977674,0.118355155,-0.1736249,0.1133686,0.99281085,0.03839758
1356511037865,0.1936796,0.016107678,-0.98093253,-0.97693616,0.094800025,-0.1913338,0.08991045,0.995366,0.034097075
1356511037905,0.22799683,0.018997282,-0.9734765,-0.97142804,0.07212496,-0.22610953,0.06591651,0.9972147,0.034898758
1356511037945,0.2738472,0.033525616,-0.9611887,-0.96088314,0.05252382,-0.2719281,0.041368693,0.99805677,0.04659772
1356511037985,0.32272503,0.06828153,-0.9440266,-0.9463409,0.041141838,-0.3205404,0.016952008,0.99681735,0.077895075
1356511038025,0.36924767,0.12810212,-0.9204597,-0.9293136,0.04483062,-0.3665603,-0.005692363,0.9907472,0.13560063
1356511038065,0.4104848,0.20689577,-0.88808584,-0.9115382,0.06693238,-0.40573174,-0.024502426,0.9760708,0.2160681
1356511038105,0.44756675,0.28447905,-0.84779465,-0.8934642,0.10250342,-0.43728134,-0.037495494,0.95318663,0.30004892
1356511038145,0.48369363,0.3386868,-0.8070513,-0.8741586,0.14117506,-0.46466786,-0.043441385,0.9302477,0.36435148
1356511038185,0.52024454,0.3598451,-0.7745044,-0.8529683,0.17400241,-0.49210584,-0.042316258,0.91664314,0.39746028
1356511038225,0.5556257,0.34981692,-0.75426,-0.8307363,0.19646016,-0.5208461,-0.034018755,0.91598666,0.39976397
1356511038266,0.58663785,0.3151323,-0.74602115,-0.8096328,0.20691058,-0.5492565,-0.018728882,0.92621785,0.37652305
1356511038305,0.6079081,0.26813924,-0.7473614,-0.7940068,0.20642912,-0.57178694,9.586811E-4,0.941004,0.33839428
1356511038346,0.61888885,0.21459696,-0.75559556,-0.78510296,0.19874582,-0.5866118,0.02428636,0.9562679,0.29148227
1356511038385,0.61687493,0.16211984,-0.77018344,-0.7854805,0.18879658,-0.58938634,0.04985681,0.96854174,0.24380584
1356511038425,0.60254276,0.11438808,-0.78984654,-0.7943629,0.18144922,-0.57971007,0.07700512,0.9767249,0.20019656
1356511038465,0.575102,0.074839145,-0.81465137,-0.81143403,0.17887378,-0.5563982,0.104079425,0.9810216,0.16359769
1356511038505,0.5341381,0.04566884,-0.8441628,-0.8354313,0.18138577,-0.5188004,0.12942615,0.98235106,0.13503823
1356511038545,0.47895718,0.027983308,-0.8773922,-0.8645763,0.18811657,-0.46596146,0.15201294,0.981748,0.114293456
1356511038585,0.41038346,0.021450132,-0.9116607,-0.89560306,0.1977125,-0.39850318,0.17169869,0.9800253,0.10034877
1356511038625,0.32946193,0.024291098,-0.94385624,-0.9252139,0.20761043,-0.31761152,0.18823922,0.97790986,0.090874255
1356511038665,0.24005213,0.03280416,-0.97020555,-0.9499614,0.21371123,-0.22781739,0.19987047,0.9763459,0.082464546
