1356510775656,0.6122756,0.08216876,0.7863631,0.7830409,0.07458329,-0.6174822,-0.10938725,0.99382377,-0.018675938
1356510775702,0.2552996,0.00990808,-0.9668112,-0.9606543,-0.11052993,-0.25480646,-0.109386206,0.99382335,-0.018699974
1356510775751,0.25534508,0.009731829,-0.966801,-0.96064264,-0.1105735,-0.25483158,-0.10938257,0.9938203,-0.018885583
1356510775793,0.25541982,0.00913769,-0.9667871,-0.96062243,-0.11073539,-0.25483784,-0.109386116,0.9938079,-0.019506156
1356510775824,0.25540614,0.00797984,-0.9668009,-0.96062183,-0.111077845,-0.25469056,-0.109422565,0.99377966,-0.020704359
1356510775861,0.25509876,0.006471038,-0.9668933,-0.96069324,-0.1115613,-0.25420964,-0.109512895,0.9937365,-0.022242457
1356510775905,0.25430012,0.0050232112,-0.96711224,-0.9608897,-0.11206013,-0.25324595,-0.10964686,0.9936887,-0.023670137
1356510775943,0.25292644,0.003908187,-0.96747756,-0.96123934,-0.11243221,-0.25174978,-0.10975954,0.99365175,-0.024680406
1356510775985,0.25108305,0.0031041503,-0.96796054,-0.9617266,-0.11255363,-0.24982694,-0.10972303,0.9936408,-0.025274903
1356510776022,0.24911019,0.002351284,-0.9684723,-0.9622772,-0.11235228,-0.24778941,-0.1093927,0.9936657,-0.025725514
1356510776064,0.24746406,0.0013248622,-0.96889615,-0.96277964,-0.11185825,-0.2460548,-0.108705044,0.9937233,-0.026405305
1356510776105,0.24655211,-1.3446808E-4,-0.96912956,-0.9631234,-0.11119419,-0.24500865,-0.10772863,0.9937987,-0.027544707
1356510776142,0.24660951,-0.0019787252,-0.96911293,-0.9632338,-0.11050147,-0.24488786,-0.1066038,0.9938741,-0.029156715
1356510776183,0.24769089,-0.004029572,-0.9688308,-0.96307915,-0.10990456,-0.24576333,-0.10548857,0.99393404,-0.031103164
1356510776222,0.24971527,-0.0060667694,-0.96830034,-0.9626597,-0.10951394,-0.24757448,-0.10454038,0.9939668,-0.03318754
1356510776263,0.25255412,-0.007934064,-0.9675502,-0.9619868,-0.109449685,-0.2502044,-0.10391289,0.9939606,-0.035274476
1356510776305,0.25604996,-0.0095412135,-0.9666164,-0.9610821,-0.109812886,-0.2535,-0.103728265,0.9939065,-0.037287444
1356510776344,0.25991642,-0.010588735,-0.9655731,-0.96000934,-0.11057633,-0.25720617,-0.10404599,0.99381125,-0.03890592
1356510776381,0.26363754,-0.010385364,-0.96456593,-0.9588995,-0.11157739,-0.26088744,-0.10491437,0.9937015,-0.0393745
1356510776420,0.26670164,-0.008082956,-0.96374524,-0.9578904,-0.11259508,-0.26413706,-0.10637793,0.9936081,-0.03777191
1356510776463,0.26879165,-0.0031697452,-0.9631932,-0.9570687,-0.11351588,-0.26670894,-0.108492285,0.9935311,-0.033545762
1356510776511,0.26987886,0.0043604374,-0.9628844,-0.95643985,-0.114376366,-0.2685905,-0.111302406,0.99342793,-0.026697248
1356510776547,0.26998585,0.014407039,-0.9627565,-0.95599294,-0.11523056,-0.26981345,-0.11482623,0.9932343,-0.01733753
1356510776585,0.26897904,0.027068943,-0.9627656,-0.9557663,-0.11600307,-0.2702851,-0.11900011,0.99287987,-0.005330771
1356510776625,0.2664494,0.042683005,-0.9629034,-0.9558778,-0.1165154,-0.26967016,-0.12370333,0.9922714,0.009754211
1356510776648,0.2631087,0.058660805,-0.9629811,-0.9562171,-0.11672917,-0.26837128,-0.12815091,0.99142987,0.025380045
1356510776677,0.25827947,0.075660944,-0.9631028,-0.95696425,-0.11651918,-0.2657869,-0.13232967,0.9903023,0.042310327
1356510776722,0.24996328,0.09775677,-0.96330786,-0.95861304,-0.1150707,-0.2604224,-0.13630655,0.98853546,0.064947456
1356510776761,0.23867497,0.1231806,-0.9632553,-0.9610667,-0.11225286,-0.2524875,-0.13922974,0.9860151,0.09159282
1356510776800,0.22565556,0.15116245,-0.9624082,-0.96398324,-0.108100116,-0.24300388,-0.14076945,0.98258054,0.1213246
1356510776842,0.21272475,0.18096197,-0.9602088,-0.96684587,-0.103095174,-0.23362452,-0.14127001,0.97807163,0.15303141
1356510776886,0.20200801,0.21209186,-0.95614314,-0.96914154,-0.09753311,-0.22638908,-0.14127088,0.9723705,0.18584457
1356510776919,0.1956771,0.2442269,-0.94977033,-0.97047925,-0.09102172,-0.22334924,-0.14099765,0.9654368,0.21920632
1356510776961,0.19553989,0.2772953,-0.9406761,-0.9705849,-0.082660854,-0.22612408,-0.14046025,0.95722234,0.2529751
1356510777010,0.20302564,0.31095597,-0.9284864,-0.9691323,-0.07163513,-0.23590448,-0.13986808,0.9477209,0.28681368
1356510777046,0.21767133,0.34537125,-0.9128734,-0.9659847,-0.057558596,-0.25211188,-0.13961598,0.9366993,0.3210945
1356510777080,0.23866338,0.38060755,-0.8934079,-0.9609696,-0.039990366,-0.27374828,-0.13991839,0.9238715,0.3562081
1356510777126,0.26329595,0.4169874,-0.86994064,-0.9544271,-0.018750608,-0.2978543,-0.14051339,0.9087188,0.3930471
1356510777168,0.28842634,0.45457795,-0.8427154,-0.9471246,0.0062203407,-0.32080585,-0.14058933,0.89068526,0.43233603
1356510777201,0.31114477,0.49258038,-0.8127445,-0.94012713,0.034357786,-0.3390878,-0.13910386,0.8695885,0.47377843
1356510777239,0.32967144,0.5289913,-0.78197503,-0.93433565,0.064018786,-0.35059738,-0.13540187,0.84620905,0.5153606
1356510777282,0.34370482,0.56074584,-0.75328034,-0.93009174,0.09256685,-0.35547265,-0.129601,0.8227974,0.5533607
1356510777321,0.3547554,0.58364004,-0.73041964,-0.9268767,0.117037535,-0.3566535,-0.12267071,0.80353373,0.5824821
1356510777359,0.3652032,0.5935624,-0.71715426,-0.9236705,0.13503456,-0.35860622,-0.1160146,0.79337835,0.5975712
1356510777403,0.37699568,0.58769524,-0.715883,-0.9196422,0.14559442,-0.3647746,-0.110147744,0.7958747,0.59535784
1356510777434,0.3866418,0.57283616,-0.72274953,-0.91626513,0.1496166,-0.37158188,-0.104720235,0.80589926,0.58271784
1356510777469,0.40159053,0.53831613,-0.7409054,-0.9106196,0.14862663,-0.38559324,-0.09745282,0.8295335,0.54988825
1356510777508,0.4146887,0.48935127,-0.76718223,-0.9056734,0.14018607,-0.40012956,-0.088255614,0.8607458,0.50132596
1356510777551,0.4227744,0.43128645,-0.79702806,-0.9029051,0.12513837,-0.41122103,-0.07761529,0.8934945,0.44231606
1356510777578,0.42143098,0.3755508,-0.82544386,-0.9043848,0.10683569,-0.4131275,-0.066963464,0.92062354,0.38466626
1356510777622,0.41698068,0.31712928,-0.8517958,-0.9072919,0.08924103,-0.41092277,-0.054300517,0.9441743,0.32494062
1356510777654,0.40297243,0.26143736,-0.87707686,-0.91434497,0.073295206,-0.3982476,-0.03983125,0.9624336,0.26857984
1356510777686,0.38003376,0.21341842,-0.900015,-0.9246196,0.060771316,-0.37601262,-0.025552899,0.975069,0.22042602
1356510777731,0.3545826,0.17210448,-0.9190491,-0.934975,0.055133462,-0.35040256,-0.009635508,0.9835346,0.18046278
1356510777774,0.32145193,0.13813552,-0.9367963,-0.94690096,0.054066867,-0.3169468,0.0068680346,0.9889365,0.14818054
1356510777815,0.28243235,0.11145651,-0.95279026,-0.95900476,0.05690512,-0.27761775,0.0232763,0.9921387,0.1229592
1356510777853,0.23790756,0.092623115,-0.96686137,-0.97048914,0.06302741,-0.23276228,0.039379597,0.9937044,0.104884475
1356510777892,0.18887284,0.0812493,-0.97863454,-0.98041445,0.07223722,-0.18321893,0.05580741,0.99407256,0.09330168
1356510777930,0.13596791,0.07486284,-0.9878807,-0.98809016,0.08275998,-0.1297251,0.072045326,0.9937537,0.08522397
1356510777967,0.08049053,0.06995046,-0.99429786,-0.9931817,0.09002322,-0.07406694,0.08432889,0.99348015,0.07671955
1356510778010,0.02418685,0.06373218,-0.99767387,-0.99590385,0.08850813,-0.018490016,0.08712384,0.99403447,0.06561187
1356510778039,-0.031598687,0.057178885,-0.99786377,-0.9961047,0.08042604,0.036151588,0.082321316,0.99511915,0.05441481
1356510778068,-0.08111298,0.04933864,-0.9954829,-0.99422616,0.06638938,0.084301084,0.07024875,0.9965731,0.043668807
1356510778108,-0.12328833,0.039407104,-0.99158823,-0.9911716,0.044221282,0.12499389,0.048774958,0.9982443,0.033607185
1356510778148,-0.15749127,0.029414773,-0.9870821,-0.9872005,0.02074778,0.15812844,0.025131077,0.9993519,0.025770724
1356510778186,-0.17940164,0.020835996,-0.9835553,-0.9837694,-1.4227629E-4,0.17943761,0.003598839,0.9997829,0.02052325
1356510778230,-0.18477678,0.015608132,-0.9826566,-0.98266566,-0.018222332,0.18448898,-0.015026778,0.9997121,0.018704653
1356510778268,-0.1716643,0.017590612,-0.98499846,-0.9846432,-0.035303175,0.17097187,-0.031766057,0.9992218,0.023380756
1356510778306,-0.14191765,0.033839226,-0.9892999,-0.9887376,-0.05281502,0.14003047,-0.04751134,0.9980308,0.040953517
1356510778347,-0.1034134,0.07398081,-0.9918833,-0.99269545,-0.069978595,0.09827867,-0.06213987,0.9948014,0.08067718
1356510778386,-0.068529725,0.1448783,-0.9870734,-0.9948727,-0.083687305,0.056787938,-0.07437822,0.985904,0.14987049
1356510778426,-0.046562374,0.23927373,-0.96983504,-0.99550384,-0.091287434,0.025272697,-0.0824866,0.9666513,0.24244842
1356510778467,-0.03583491,0.33274338,-0.9423364,-0.9956646,-0.0928784,0.0050670505,-0.08583659,0.9384325,0.334629
1356510778505,-0.024742603,0.40024042,-0.91607606,-0.99603987,-0.088147044,-0.011609733,-0.08539602,0.91216105,0.40083632
1356510778545,-0.0026977062,0.4322252,-0.9017617,-0.9966345,-0.07504344,-0.032987744,-0.081929386,0.8986379,0.43097293
1356510778620,0.04213929,0.42277437,-0.90525466,-0.99642104,-0.048667908,-0.06911203,-0.073275685,0.90492713,0.41921046
1356510778626,0.08343524,0.39935935,-0.9129899,-0.99449027,-0.02497834,-0.10180932,-0.06346351,0.91645414,0.39507496
1356510778653,0.123533905,0.36682516,-0.92205137,-0.9909542,-0.003493309,-0.13415515,-0.052432418,0.9302834,0.36307532
1356510778684,0.159962,0.3278122,-0.9311023,-0.9863125,0.01485765,-0.16421613,-0.039998025,0.9446261,0.3257019
1356510778726,0.19781405,0.27659371,-0.94040704,-0.97996855,0.03324473,-0.19635773,-0.023047775,0.96041167,0.27762944
1356510778766,0.21801627,0.2217381,-0.9504216,-0.97593963,0.046249628,-0.21307954,-0.0032911599,0.9740088,0.22648609
1356510778805,0.21796557,0.16945806,-0.96113217,-0.9757992,0.05551985,-0.21150303,0.017520994,0.9839723,0.17745847
1356510778846,0.19363984,0.124750674,-0.9731089,-0.98034877,0.06270036,-0.1870425,0.037680626,0.99020505,0.13444045
1356510778886,0.14109203,0.09161213,-0.9857486,-0.9883864,0.06980094,-0.13498247,0.056440175,0.9933454,0.100396484
1356510778925,0.057649225,0.07253808,-0.99569815,-0.9955675,0.07841346,-0.051929146,0.07430929,0.99427843,0.076737046
1356510778965,-0.054281652,0.0671556,-0.9962648,-0.99429727,0.08808774,0.060112238,0.09179565,0.9938464,0.061991096
1356510779007,-0.18361837,0.07103562,-0.9804277,-0.9771856,0.09510827,0.18990207,0.1067366,0.9929292,0.05195135
1356510779045,-0.31106454,0.07588494,-0.9473543,-0.9435774,0.094468236,0.3173915,0.11358011,0.99263144,0.042217553
1356510779086,-0.41827273,0.07376614,-0.90532124,-0.90190864,0.084498465,0.42358103,0.10774422,0.9936894,0.031186879
1356510779125,-0.49731743,0.06276944,-0.86529493,-0.86285377,0.06805402,0.5008512,0.09032491,0.99570507,0.020316422
1356510779166,-0.5495211,0.047057122,-0.83415365,-0.8327409,0.049929082,0.551407,0.06759617,0.9976436,0.011749208
1356510779205,-0.5774264,0.031488568,-0.81583536,-0.81516266,0.0337013,0.578251,0.045703053,0.9989358,0.006208241
1356510779250,-0.58147126,0.01877293,-0.8133503,-0.8131113,0.020044625,0.581763,0.02722472,0.9996228,0.0036090612
1356510779286,-0.5609344,0.010847479,-0.8277891,-0.8277769,0.0068326592,0.5610157,0.011741579,0.99991775,0.0051466823
1356510779328,-0.5160394,0.012030929,-0.85648036,-0.8565631,-0.009311795,0.51595837,-0.0017679036,0.9998843,0.015110493
1356510779367,-0.45376682,0.031232625,-0.89057297,-0.891011,-0.031562448,0.45288312,-0.013963938,0.99901366,0.042150617
1356510779406,-0.3892486,0.07844341,-0.9177866,-0.9207816,-0.060647905,0.38533518,-0.025434822,0.9950721,0.09583634
1356510779445,-0.34187323,0.1555585,-0.92678165,-0.9390298,-0.095045626,0.33043808,-0.036684096,0.9832435,0.17856765
1356510779485,-0.31680673,0.24802074,-0.91548854,-0.94730246,-0.1310255,0.29231906,-0.04745114,0.9598532,0.27646038
1356510779527,-0.2983809,0.3301086,-0.89554286,-0.9527643,-0.15870595,0.25894514,-0.056647986,0.93050563,0.3618706
1356510779565,-0.26924378,0.3846147,-0.8829379,-0.9610169,-0.16715801,0.22023797,-0.06288341,0.90781593,0.41462746
1356510779616,-0.22218114,0.40824124,-0.8854234,-0.97288215,-0.15272504,0.17371055,-0.06431052,0.90000784,0.43110323
1356510779647,-0.15950948,0.40422696,-0.90064275,-0.98539525,-0.12028104,0.120535076,-0.05960667,0.9067156,0.4175093
1356510779685,-0.08936036,0.37767327,-0.92161685,-0.994768,-0.079840064,0.06373513,-0.049510896,0.92249036,0.3828318
1356510779725,-0.023478866,0.335601,-0.94171154,-0.9990673,-0.04202062,0.009933829,-0.036237568,0.94106644,0.3362747
1356510779766,0.027441919,0.28572085,-0.95791984,-0.99939644,-0.012575805,-0.032381117,-0.021298558,0.9582303,0.28520334
1356510779805,0.055218577,0.23524868,-0.9703654,-0.9984603,0.007864654,-0.05491069,-0.0052860677,0.97190344,0.23532075
1356510779846,0.057813108,0.18861693,-0.9803475,-0.9982583,0.0224725,-0.05454564,0.011742622,0.9817935,0.18958765
1356510779885,0.031614542,0.14944199,-0.98826504,-0.9990717,0.033675313,-0.026868016,0.029264957,0.98819697,0.15036783
1356510779945,-0.025659263,0.12075591,-0.99235046,-0.998569,0.043494284,0.03111282,0.04691851,0.9917289,0.11946714
1356510779965,-0.11510235,0.10452545,-0.987839,-0.9912363,0.05280906,0.12108606,0.06482336,0.9931192,0.09753096
1356510780013,-0.23243487,0.100706786,-0.9673842,-0.9689038,0.06279522,0.23933709,0.08485004,0.99293256,0.08297938
1356510780052,-0.3750701,0.10423455,-0.92111754,-0.92134404,0.06764656,0.38281724,0.10221323,0.9922495,0.07066363
1356510780096,-0.5001885,0.1063025,-0.8593668,-0.8586312,0.06757867,0.5081197,0.112089306,0.9920348,0.057472527
1356510780135,-0.59404236,0.102007,-0.79794,-0.79666364,0.062934875,0.6011375,0.1115385,0.99279094,0.04387921
1356510780175,-0.6572437,0.09158605,-0.7480928,-0.746727,0.05536735,0.66282225,0.10212514,0.99425673,0.031999946
1356510780215,-0.6953172,0.078887135,-0.7143604,-0.713143,0.047667563,0.69939613,0.08922517,0.9957433,0.023113728
1356510780255,-0.71057594,0.0662657,-0.7004932,-0.69945556,0.0416376,0.7134622,0.07644495,0.9969329,0.01676315
1356510780295,-0.70107806,0.05450365,-0.7109985,-0.7101445,0.037081182,0.70307875,0.06468499,0.9978248,0.012708724
1356510780335,-0.66205835,0.045167238,-0.74809,-0.7475606,0.031078398,0.66346616,0.053216428,0.9984959,0.013189495
1356510780375,-0.58880216,0.044229776,-0.80706614,-0.80723023,0.018626511,0.5899427,0.041125894,0.9988477,0.024736285
1356510780415,-0.48582578,0.063228786,-0.8717657,-0.8736088,-0.003239274,0.48661798,0.027944386,0.99799377,0.056810975
1356510780455,-0.3842116,0.11533412,-0.9160129,-0.92314315,-0.03325081,0.38301575,0.013716668,0.9927701,0.11924523
1356510780496,-0.30933005,0.19736758,-0.9302478,-0.9509547,-0.06459135,0.30251145,-3.8003922E-4,0.97819936,0.20766771
1356510780535,-0.26243442,0.28787667,-0.92100775,-0.96486264,-0.09112048,0.24644929,-0.012975633,0.9533227,0.30167454
1356510780575,-0.21168005,0.36057237,-0.90839374,-0.97706854,-0.099939406,0.18801376,-0.022991687,0.9273616,0.37345904
1356510780616,-0.1311689,0.40155867,-0.9063913,-0.99092567,-0.08016908,0.107885,-0.029342473,0.91231763,0.40843055
1356510780642,-0.038457155,0.41730118,-0.9079541,-0.99874365,-0.045262873,0.021499574,-0.032124847,0.9076403,0.41851765
1356510780674,0.068356335,0.40813467,-0.910359,-0.99718,-3.7962198E-4,-0.075045764,-0.030974358,0.91292167,0.40695778
1356510780715,0.20498449,0.36433727,-0.908427,-0.97846276,0.053209484,-0.19944748,-0.024329215,0.9297457,0.36739764
1356510780755,0.33016124,0.30044115,-0.8948344,-0.9438075,0.09014198,-0.31796524,-0.014867693,0.9495312,0.31331998
1356510780795,0.42308706,0.23353767,-0.87547565,-0.9060792,0.10453117,-0.4099925,-0.0042342246,0.9667127,0.2558294
1356510780835,0.4790085,0.17427921,-0.86033577,-0.8777783,0.10346997,-0.4677599,0.007498145,0.979245,0.20254143
1356510780875,0.50068295,0.12626836,-0.85637194,-0.8653792,0.096862555,-0.49166715,0.02086842,0.9872558,0.15776742
1356510780916,0.4896909,0.08998144,-0.86724055,-0.8711512,0.09160066,-0.48239496,0.036033243,0.9917221,0.123243436
1356510780955,0.4441603,0.06542477,-0.8935554,-0.8943914,0.09112921,-0.43790352,0.052779227,0.9936876,0.098991334
1356510780995,0.35662848,0.053266138,-0.9327265,-0.93155956,0.095936835,-0.3507035,0.07080218,0.9939612,0.08383441
1356510781035,0.21639922,0.053841263,-0.9748192,-0.9722365,0.10294345,-0.21014008,0.08903703,0.9932289,0.07462332
1356510781076,0.025434911,0.06448969,-0.9975941,-0.9942453,0.105511844,-0.01852858,0.104063034,0.9923246,0.06680238
1356510781115,-0.18062931,0.076384634,-0.9805807,-0.9773754,0.09760922,0.18764237,0.110046744,0.9922892,0.057025433
1356510781155,-0.34185898,0.07793811,-0.93651384,-0.9340651,0.08128208,0.34772944,0.103223145,0.99363923,0.045012176
1356510781195,-0.43363422,0.06729728,-0.8985723,-0.8969572,0.06314832,0.43758428,0.086191505,0.99573255,0.032979608
1356510781236,-0.46285367,0.050317734,-0.8850055,-0.8840369,0.047183335,0.4650297,0.06515676,0.9976181,0.022643745
1356510781275,-0.436732,0.032770693,-0.89899457,-0.89843714,0.03472376,0.43772697,0.045561075,0.9988595,0.014277518
1356510781315,-0.3557967,0.01752299,-0.9343991,-0.934121,0.02409184,0.3561426,0.028752089,0.9995562,0.0077967644
1356510781355,-0.21703678,0.007912755,-0.9761313,-0.97606295,0.012584627,0.21712357,0.014002264,0.99988943,0.004992008
1356510781395,-0.041089416,0.011468828,-0.9990897,-0.99915546,-2.707839E-4,0.041089,2.0077825E-4,0.99993426,0.011470258
1356510781436,0.123657376,0.039013594,-0.9915577,-0.9922354,-0.008559138,-0.12407863,-0.013327688,0.999202,0.037652314
1356510781475,0.24073073,0.09662473,-0.96577036,-0.9702349,-0.0030321777,-0.24214697,-0.026325762,0.99531627,0.09301871
1356510781515,0.29965374,0.18275082,-0.9363812,-0.9533032,0.018580526,-0.30144274,-0.03769046,0.9829837,0.17978469
1356510781555,0.32781753,0.27885967,-0.90264773,-0.9436099,0.049905807,-0.3272762,-0.046216816,0.9590342,0.27949482
1356510781624,0.36027277,0.35574752,-0.8623498,-0.93141085,0.08590531,-0.35368633,-0.051742613,0.93062556,0.36229646
1356510781637,0.4184083,0.3927754,-0.81893957,-0.9066284,0.1266096,-0.402486,-0.05440104,0.91087735,0.40907586
1356510781678,0.49732694,0.3878734,-0.7760285,-0.8659333,0.16712424,-0.4714118,-0.053154916,0.90643466,0.41898787
1356510781715,0.5802474,0.3504796,-0.7351714,-0.8130889,0.19730622,-0.547683,-0.04689789,0.9155513,0.3994575
1356510781755,0.652091,0.29439268,-0.6986489,-0.7572813,0.20906073,-0.61872345,-0.036087543,0.93253773,0.35926467
1356510781795,0.70432645,0.23353782,-0.6703613,-0.70952284,0.20180567,-0.6751679,-0.022394538,0.95117533,0.30783752
1356510781835,0.73590976,0.17703715,-0.6535248,-0.6770426,0.18231761,-0.7130032,-0.0070789456,0.9671702,0.254031
1356510781875,0.7507066,0.1271044,-0.6482932,-0.66056466,0.15881205,-0.73377997,0.009690106,0.979093,0.20318192
1356510781916,0.7509372,0.08447525,-0.65494823,-0.65980065,0.13727939,-0.7387945,0.027501017,0.98692364,0.15882504
1356510781955,0.7372549,0.04987672,-0.67377114,-0.67407584,0.12157594,-0.72858846,0.045574754,0.99132824,0.12325314
1356510781996,0.70970416,0.023676693,-0.7041018,-0.7016054,0.11425692,-0.7033458,0.0637956,0.99316907,0.09770031
1356510782035,0.66569966,0.006343484,-0.7461928,-0.7417282,0.11517471,-0.66073745,0.08175114,0.99332494,0.08137691
1356510782075,0.60497147,-0.0032325685,-0.79624057,-0.7900834,0.121748134,-0.6007876,0.09888294,0.9925558,0.071100146
1356510782115,0.5260653,-0.006399691,-0.8504201,-0.843047,0.12767877,-0.52246517,0.11192417,0.9917949,0.061772168
1356510782155,0.43039572,-0.0044707656,-0.90262926,-0.89526,0.12550068,-0.42750344,0.11519185,0.99208343,0.05001244
1356510782195,0.3268285,-3.3903122E-4,-0.9450836,-0.93923074,0.11100343,-0.32484424,0.10501766,0.99381995,0.035960644
1356510782235,0.22878796,0.0025654137,-0.97347295,-0.96974826,0.08803427,-0.22768062,0.085114926,0.9961142,0.022628963
1356510782275,0.15115297,0.002386272,-0.9885075,-0.98654354,0.06341463,-0.15069962,0.062326223,0.9979844,0.011939496
1356510782315,0.10359225,-4.7123432E-4,-0.9946198,-0.9937323,0.042188138,-0.10351983,0.04201001,0.9991096,0.0039020479
1356510782355,0.08946812,-0.0041391253,-0.9959811,-0.9956638,0.025205493,-0.089544386,0.025474876,0.9996737,-0.0018661022
1356510782397,0.10557395,-0.0046961904,-0.9944003,-0.9943426,0.011262059,-0.10562098,0.011694968,0.9999255,-0.0034805834
1356510782435,0.14595675,0.003802836,-0.98928356,-0.98929083,2.7418137E-4,-0.1459567,-2.8389692E-4,0.99999267,0.0038021803
1356510782475,0.18931362,0.03236258,-0.9813832,-0.9818572,-0.004762143,-0.18956217,-0.0108082,0.99946487,0.030873865
1356510782515,0.22536561,0.090736896,-0.9700397,-0.97407866,0.0010324419,-0.22620732,-0.01952383,0.99587435,0.08861756
1356510782555,0.24582979,0.1795297,-0.9525423,-0.96896994,0.019370884,-0.2464185,-0.02578786,0.9835619,0.17872083
1356510782623,0.2546583,0.2807775,-0.9253719,-0.96658367,0.044799298,-0.25240657,-0.029414028,0.95872676,0.28280342
1356510782637,0.2664585,0.36416376,-0.8924038,-0.9633467,0.07081425,-0.2587438,-0.031030238,0.9286388,0.36968508
1356510782677,0.293495,0.4096796,-0.8637264,-0.9554518,0.09623635,-0.2790169,-0.031185657,0.907139,0.419674
1356510782715,0.3370569,0.41556504,-0.8448067,-0.9410291,0.120800406,-0.31602487,-0.029275864,0.90150595,0.43177533
1356510782773,0.39125377,0.38880995,-0.8341147,-0.91996133,0.14128536,-0.36566332,-0.024325281,0.9104204,0.41296852
1356510782795,0.44619897,0.34067634,-0.8275542,-0.89478064,0.15271989,-0.41957623,-0.016555756,0.927694,0.37297404
1356510782836,0.49293554,0.28317186,-0.82269573,-0.8700378,0.15283918,-0.46869427,-0.006980896,0.94681245,0.3217101
1356510782873,0.5265503,0.22557947,-0.81966984,-0.85013485,0.14417732,-0.5064421,0.00393489,0.9634972,0.2676896
1356510782917,0.54636854,0.17244413,-0.8196001,-0.83738196,0.13177025,-0.53049785,0.01651764,0.9761657,0.21639676
1356510782955,0.55199814,0.12676445,-0.8241534,-0.8332877,0.120002925,-0.5396582,0.030491352,0.98464715,0.17187266
1356510782995,0.5447299,0.089553714,-0.8338162,-0.8373609,0.11236501,-0.5349774,0.045782536,0.98962325,0.13619739
1356510783035,0.5236731,0.0619348,-0.849665,-0.8496305,0.11102979,-0.51555854,0.062407136,0.99188536,0.110764995
1356510783075,0.48819125,0.044212908,-0.871616,-0.8690299,0.11657746,-0.48082927,0.08035192,0.99219704,0.09533444
1356510783115,0.438734,0.03485048,-0.897941,-0.893197,0.12649584,-0.43150666,0.09854764,0.9913548,0.08662635
1356510783155,0.37737432,0.030942172,-0.92554367,-0.9191433,0.13444546,-0.37027,0.11297819,0.99043775,0.079176575
1356510783195,0.30961722,0.029635966,-0.9503993,-0.94352794,0.13347125,-0.30321667,0.11786482,0.9906094,0.06928739
1356510783235,0.24227938,0.02909106,-0.9697703,-0.9639539,0.12051496,-0.23721111,0.109971136,0.99228525,0.057240695
1356510783276,0.18438774,0.028034747,-0.9824537,-0.97846586,0.099583626,-0.18079764,0.092767715,0.9946342,0.045792967
1356510783315,0.14504603,0.025677383,-0.98909163,-0.9867832,0.07675472,-0.14271492,0.07225287,0.9967193,0.03647104
1356510783355,0.1307137,0.022034436,-0.9911753,-0.9899957,0.05647409,-0.12930271,0.053126603,0.99816084,0.029195935
1356510783395,0.14327723,0.018324077,-0.9895129,-0.9890029,0.039701283,-0.14246818,0.03667435,0.9990436,0.023810834
1356510783435,0.17926866,0.017831564,-0.9836385,-0.98354554,0.025993466,-0.17878044,0.022380143,0.999503,0.022198021
1356510783475,0.22985116,0.027085245,-0.9728489,-0.9731774,0.016376644,-0.2294729,0.009716749,0.9994991,0.030122876
1356510783515,0.28302968,0.055475265,-0.95750546,-0.9591104,0.015097678,-0.2826293,-0.0012228787,0.9983459,0.057480037
1356510783555,0.32821408,0.11159387,-0.93798846,-0.94455254,0.028466195,-0.3271243,-0.00980407,0.99334615,0.11474925
1356510783620,0.36252442,0.19318986,-0.9117311,-0.93184304,0.058722705,-0.3580784,-0.015637785,0.97940254,0.20131105
1356510783637,0.3915606,0.2799341,-0.876537,-0.9199502,0.09913337,-0.37929428,-0.019283354,0.95488715,0.2963422
1356510783677,0.42455512,0.3445311,-0.837288,-0.9051337,0.13899189,-0.40176398,-0.022043914,0.9284286,0.3708564
1356510783717,0.46563196,0.37272033,-0.80266213,-0.8846307,0.17060637,-0.4339608,-0.024806768,0.9121256,0.40915966
1356510783755,0.5109801,0.36668724,-0.77745724,-0.85917455,0.18966839,-0.4752316,-0.026802242,0.9108054,0.41196507
1356510783795,0.5535749,0.3365373,-0.7617725,-0.8323805,0.1945818,-0.51892245,-0.026409775,0.92134714,0.3878427
1356510783835,0.5880594,0.29240158,-0.7541137,-0.8084947,0.18615937,-0.55828404,-0.022857815,0.93800104,0.3458779
1356510783875,0.6109091,0.24330589,-0.7533872,-0.7915319,0.16805774,-0.5875659,-0.01634571,0.95527947,0.29525238
1356510783915,0.6213191,0.19455299,-0.7590202,-0.7835269,0.14568113,-0.6040386,-0.00694257,0.9700135,0.24295194
1356510783955,0.6192047,0.14946654,-0.77087307,-0.78521264,0.12431665,-0.6066189,0.0051631033,0.98092055,0.19434048
1356510783995,0.6052929,0.10972971,-0.78840345,-0.79575884,0.10793774,-0.59591734,0.019708693,0.9880835,0.15265231
1356510784035,0.57914096,0.07710788,-0.8115727,-0.81442857,0.09878583,-0.57179326,0.03608212,0.99211675,0.120009765
1356510784075,0.53998286,0.053235322,-0.83999085,-0.83997273,0.09754354,-0.5337894,0.05351928,0.9938065,0.097388014
1356510784116,0.48663157,0.039074063,-0.872733,-0.87068737,0.10330297,-0.4808659,0.07136655,0.9938821,0.084291786
1356510784155,0.41792768,0.03358975,-0.9078591,-0.90413976,0.11294764,-0.4120365,0.088700294,0.99303293,0.077573806
1356510784195,0.33559865,0.033665597,-0.94140327,-0.93635696,0.121194065,-0.32946566,0.10300085,0.9920578,0.07219556
1356510784235,0.24327704,0.0356189,-0.96930265,-0.9638242,0.12107459,-0.23745295,0.10890016,0.99200416,0.06378499
1356510784275,0.14885977,0.03608018,-0.98819983,-0.98355454,0.10876581,-0.14418888,0.10227999,0.9934124,0.051677674
1356510784315,0.062397003,0.03320986,-0.99749863,-0.9944275,0.087161064,-0.059302986,0.084973544,0.99564046,0.038463384
1356510784355,-0.0065374076,0.02737844,-0.99960375,-0.99791765,0.0639669,0.008278459,0.064168215,0.99757636,0.026903272
1356510784395,-0.050603807,0.019971311,-0.9985191,-0.99768835,0.044395864,0.051449686,0.045357645,0.99881446,0.0176785
1356510784435,-0.06547946,0.012830764,-0.9977714,-0.9973943,0.029502928,0.065834105,0.030281901,0.99948233,0.01086545
1356510784475,-0.050935507,0.008896112,-0.99866223,-0.9985385,0.017634332,0.051086277,0.018065184,0.99980485,0.007984936
1356510784515,-0.011895597,0.013932407,-0.9998321,-0.9999004,0.0074164867,0.011999786,0.0075823665,0.99987537,0.013842881
1356510784555,0.04142818,0.036437273,-0.99847686,-0.99914,-2.2187829E-4,-0.041463792,-0.0017323196,0.99933594,0.036396712
1356510784625,0.092214614,0.08668575,-0.9919587,-0.99568903,-0.0019599497,-0.09273264,-0.009982884,0.9962337,0.086131364
1356510784638,0.12979722,0.16796517,-0.97721046,-0.9914018,0.00549984,-0.13073689,-0.016584814,0.98577756,0.16723493
1356510784677,0.156326,0.26369873,-0.9518535,-0.9874884,0.021517754,-0.15621716,-0.020712465,0.96436507,0.26376313
1356510784715,0.1808334,0.34734067,-0.9201379,-0.98325646,0.042449296,-0.1772139,-0.022494406,0.9367777,0.3492012
1356510784755,0.21545345,0.3983167,-0.8915849,-0.97624314,0.06635243,-0.20626825,-0.023001283,0.9148448,0.40314984
1356510784795,0.2630971,0.4121643,-0.87229615,-0.96451485,0.091602564,-0.24762896,-0.022159219,0.90649307,0.4216389
1356510784835,0.31883454,0.3945772,-0.8617734,-0.94762367,0.11465973,-0.29809818,-0.01881206,0.9116808,0.41046816
1356510784876,0.37387535,0.3553881,-0.8566893,-0.9273904,0.13048229,-0.35060146,-0.012816846,0.9255667,0.37836766
1356510784915,0.41963243,0.30556458,-0.8547157,-0.90767914,0.13585007,-0.39706847,-0.005216837,0.9424304,0.33436167
1356510784955,0.45120963,0.25351903,-0.8556506,-0.89241076,0.13202342,-0.43147746,0.003578186,0.95827866,0.28581336
1356510784995,0.46711892,0.20401445,-0.860336,-0.8840821,0.12328589,-0.4507766,0.01410234,0.9711739,0.23795468
1356510785055,0.4741741,0.14848778,-0.8678193,-0.87984216,0.11596325,-0.46090156,0.03219691,0.9820916,0.18563254
1356510785092,0.44101393,0.106707394,-0.89113426,-0.89608425,0.10810411,-0.43051887,0.050395697,0.98839617,0.14329422
1356510785136,0.39710185,0.07640645,-0.9145885,-0.91515374,0.10822138,-0.3883062,0.06930888,0.9911862,0.11289859
1356510785175,0.33735722,0.058276534,-0.9395711,-0.93718964,0.11482185,-0.32938027,0.088688076,0.99167514,0.0933522
1356510785216,0.26258844,0.050273478,-0.9635974,-0.9589383,0.12450999,-0.25482282,0.10716668,0.9909439,0.08090404
1356510785255,0.17403772,0.048852295,-0.98352647,-0.9774457,0.12990162,-0.16650942,0.11962733,0.9903227,0.07035822
1356510785295,0.08052403,0.049257904,-0.9955348,-0.98946404,0.12451494,-0.07387212,0.12032017,0.99099433,0.05876535
1356510785336,-0.008387208,0.04794526,-0.9988148,-0.9941449,0.10720956,0.013494253,0.107729465,0.9930798,0.046765327
1356510785376,-0.08252293,0.043851912,-0.99562395,-0.99277765,0.08367401,0.08597237,0.087077886,0.9955278,0.036630154
1356510785415,-0.13364542,0.03769228,-0.9903122,-0.98891735,0.06013006,0.13574576,0.064664125,0.9974787,0.029238403
1356510785455,-0.15642852,0.03083852,-0.9872078,-0.9866786,0.04032594,0.15760437,0.044670373,0.99871063,0.024119616
1356510785496,-0.14866424,0.025134236,-0.9885682,-0.9885026,0.024117887,0.14926761,0.027593851,0.99939305,0.021259844
1356510785535,-0.11176789,0.024379551,-0.99343526,-0.99365646,0.009770393,0.11203256,0.012437612,0.999655,0.02313292
1356510785594,-0.054570615,0.036310345,-0.9978495,-0.99850893,-0.0034240484,0.054482073,-0.0014383793,0.9993347,0.036443055
1356510785661,0.009032369,0.07073581,-0.9974542,-0.9998611,-0.01333791,-0.01000005,-0.014011323,0.99740595,0.07060546
1356510785662,0.058550835,0.13609913,-0.98896354,-0.9979677,-0.016974986,-0.061419994,-0.025146902,0.9905498,0.13482863
1356510785682,0.099826574,0.21414849,-0.9716867,-0.9943979,-0.012631059,-0.10494357,-0.034747034,0.97671944,0.21168795
1356510785712,0.119225085,0.29610565,-0.947685,-0.99196625,-0.005131066,-0.12639916,-0.04229015,0.9551414,0.29311502
1356510785755,0.12462336,0.37264267,-0.91956866,-0.9910631,0.0023152232,-0.13337433,-0.047571957,0.9279721,0.36960086
1356510785795,0.1442203,0.4221762,-0.89496803,-0.9882239,0.014719188,-0.15230471,-0.05112624,0.9063943,0.4193275
1356510785835,0.18432838,0.43862635,-0.8795624,-0.9814802,0.03466189,-0.1884017,-0.052150667,0.89800084,0.4368922
1356510785875,0.23878556,0.4264814,-0.87240756,-0.9698162,0.05905521,-0.23657769,-0.049375802,0.9025664,0.42771015
1356510785915,0.29780263,0.39256608,-0.8701756,-0.9536756,0.08164632,-0.28954563,-0.0426192,0.91609263,0.39869517
1356510785955,0.34899732,0.34660968,-0.87066793,-0.9365468,0.0964075,-0.33702472,-0.032877117,0.93304205,0.35826218
1356510785995,0.38618162,0.29562193,-0.87376845,-0.922201,0.10296753,-0.3727505,-0.020223409,0.9497396,0.31238702
1356510786035,0.40616253,0.2442036,-0.88056606,-0.9137919,0.104270965,-0.39257094,-0.004049778,0.9641017,0.2655022
1356510786075,0.40731367,0.19548813,-0.892121,-0.913157,0.10373613,-0.3941866,0.01548636,0.9752041,0.22076453
1356510786115,0.3896834,0.15129337,-0.90843666,-0.9201735,0.10443041,-0.377326,0.037781507,0.9829571,0.17991096
1356510786155,0.34990427,0.1144079,-0.9297731,-0.9347447,0.108118266,-0.3384714,0.0618017,0.987533,0.14477322
1356510786195,0.28371438,0.0879789,-0.95486426,-0.9549934,0.11581853,-0.2730815,0.086565495,0.9893663,0.11687872
1356510786235,0.1872873,0.074053824,-0.9795097,-0.976052,0.12636319,-0.17707264,0.110661,0.98921597,0.09594661
1356510786277,0.0627448,0.071394,-0.9954727,-0.9894022,0.13531655,-0.052657425,0.13094455,0.98822683,0.07912776
1356510786315,-0.08043295,0.07566899,-0.99388367,-0.9866225,0.13580406,0.09018475,0.1417976,0.9878418,0.06373364
1356510786355,-0.21117783,0.077394605,-0.9743788,-0.9675647,0.124846816,0.21961755,0.13864532,0.98915285,0.048519373
1356510786395,-0.31406683,0.07243681,-0.94663346,-0.94140065,0.10540795,0.32039657,0.122991115,0.9917873,0.03508693
1356510786435,-0.38102496,0.061567783,-0.9225126,-0.9190456,0.08363873,0.38517493,0.10087222,0.99459237,0.024715126
1356510786475,-0.41092473,0.04800594,-0.91040456,-0.9082608,0.06471479,0.41336954,0.07876089,0.99674845,0.01700896
1356510786515,-0.40372813,0.034182042,-0.9142403,-0.91294205,0.049940765,0.40502197,0.059502363,0.9981671,0.011043727
1356510786556,-0.35954177,0.02240935,-0.9328599,-0.93214405,0.037296534,0.3601618,0.04286343,0.999053,0.0074790716
1356510786595,-0.28105193,0.01784283,-0.9595268,-0.9592891,0.023768306,0.28142425,0.02782777,0.9995582,0.010436237
1356510786637,-0.18380517,0.032314867,-0.9824314,-0.9828721,0.007521808,0.18413502,0.013339967,0.99944943,0.030378819
1356510786674,-0.08074081,0.07371426,-0.9940056,-0.9967344,-0.0072143674,0.08042741,-0.0012424588,0.9972533,0.074056
1356510786715,-0.009564459,0.15008536,-0.9886267,-0.9998119,-0.01811868,0.0069220364,-0.016873688,0.98850703,0.15023044
1356510786755,0.037616253,0.24816155,-0.967988,-0.9987627,-0.022193074,-0.04450178,-0.032526225,0.9684644,0.24701968
1356510786795,0.080552876,0.33895072,-0.93734926,-0.9957439,-0.014884114,-0.09095332,-0.044780254,0.94068635,0.33630913
1356510786835,0.13825148,0.39785147,-0.90697336,-0.9890952,0.008522868,-0.14703083,-0.05076644,0.91741025,0.3946913
1356510786875,0.21484292,0.41717452,-0.88306737,-0.9753595,0.04520756,-0.21594006,-0.050163418,0.9077013,0.41660768
1356510786915,0.30262822,0.40000197,-0.86510956,-0.9521071,0.0852741,-0.2936329,-0.043682337,0.91253865,0.40665108
1356510786955,0.3879657,0.35639971,-0.8499775,-0.9210841,0.11694196,-0.37138742,-0.03296438,0.9269864,0.37364364
1356510786995,0.4584745,0.29920217,-0.8368269,-0.8884851,0.13324568,-0.4391355,-0.019886672,0.9448406,0.32692635
1356510787035,0.5081688,0.23882985,-0.82748103,-0.8612417,0.13509485,-0.48991036,-0.005216807,0.9616183,0.27434123
1356510787075,0.5357899,0.181867,-0.8245323,-0.8442782,0.12824172,-0.5203347,0.011107653,0.9749248,0.22225702
1356510787115,0.5434262,0.13076764,-0.8292091,-0.83894473,0.119103074,-0.5310237,0.029320627,0.98423284,0.17443053
1356510787155,0.53153586,0.087658614,-0.84248775,-0.84560955,0.112610415,-0.5217887,0.04913366,0.98976505,0.13398142
1356510787195,0.50013095,0.054392934,-0.8642398,-0.8630813,0.11247702,-0.4923815,0.070425004,0.99216443,0.10319877
1356510787235,0.44884777,0.031897724,-0.89303875,-0.8887488,0.12001413,-0.442405,0.09306556,0.9922596,0.08221716
1356510787275,0.37829706,0.019245833,-0.9254841,-0.918419,0.13281778,-0.37264723,0.11574882,0.9909536,0.0679203
1356510787315,0.29068273,0.014254332,-0.9567133,-0.94738925,0.1443243,-0.2856995,0.13400456,0.9894278,0.055456966
1356510787355,0.19285583,0.013985783,-0.98112744,-0.97094107,0.14712024,-0.18875638,0.14170378,0.98901975,0.0419524
1356510787395,0.093188465,0.015769035,-0.9955236,-0.98638237,0.13755804,-0.09015387,0.13552067,0.9903682,0.028373122
1356510787435,0.0021217167,0.01722619,-0.9998493,-0.99300313,0.11808774,-7.265806E-5,0.118068695,0.9928537,0.017356217
1356510787475,-0.071350485,0.017076373,-0.9973052,-0.99281085,0.09511891,0.072657555,0.09610337,0.9953195,0.010166824
1356510787515,-0.121427715,0.015242785,-0.99248326,-0.9898033,0.073149025,0.12222329,0.074462205,0.99720454,0.006205082
1356510787555,-0.14582723,0.012858599,-0.9892266,-0.9877902,0.053512633,0.14631107,0.054817557,0.9984845,0.004897952
1356510787597,-0.14566594,0.013311863,-0.9892442,-0.98866034,0.034931183,0.14605,0.03649971,0.9993011,0.008072555
1356510787636,-0.12250066,0.02199775,-0.9922247,-0.99227864,0.016841173,0.12288064,0.019413382,0.9996162,0.019764781
1356510787662,-0.08448237,0.041168988,-0.9955741,-0.99641746,3.9988756E-4,0.08457047,0.0038798153,0.9991521,0.04098773
1356510787706,-0.056072474,0.0904848,-0.9943181,-0.9983832,-0.0143815875,0.054992944,-0.009323835,0.99579406,0.09114486
1356510787745,-0.027058244,0.17072135,-0.9849478,-0.99944276,-0.02388686,0.023316145,-0.019546777,0.9850298,0.17127258
1356510787786,-0.0033743382,0.26885748,-0.9631741,-0.99965084,-0.026150107,-0.0037973225,-0.026208043,0.96282494,0.26885185
1356510787825,0.020726025,0.3561927,-0.9341826,-0.99934626,-0.020302534,-0.029912889,-0.029621065,0.9341919,0.35553914
1356510787865,0.05274266,0.41047996,-0.910343,-0.9981422,-0.0061748624,-0.06061378,-0.030502021,0.91184866,0.40939167
1356510787905,0.09588444,0.4264888,-0.8993962,-0.9949857,0.015235245,-0.09885076,-0.028456181,0.9043646,0.425811
1356510787945,0.1480276,0.40918657,-0.9003633,-0.9887295,0.040611327,-0.14409918,-0.022398502,0.9115465,0.41058648
1356510787987,0.20333427,0.3672731,-0.9076154,-0.97903144,0.06456745,-0.19320601,-0.012356937,0.9278694,0.3727006
1356510788025,0.2513172,0.31540242,-0.9150743,-0.9679047,0.08142704,-0.23776078,-4.785061E-4,0.94545805,0.32574347
1356510788065,0.28958726,0.25981197,-0.92121494,-0.9570645,0.09157652,-0.27502924,0.012905747,0.9613071,0.27517626
1356510788105,0.31434497,0.20632538,-0.92661595,-0.94890904,0.09661481,-0.30039486,0.02754572,0.97370183,0.22615442
1356510788145,0.3246279,0.15832254,-0.932497,-0.94484913,0.09943822,-0.31204504,0.043322086,0.9823676,0.18187138
1356510788185,0.31905198,0.118523926,-0.9402967,-0.94584787,0.10243642,-0.30802345,0.059812486,0.98765314,0.14478815
1356510788225,0.2971293,0.088472456,-0.9507296,-0.9517313,0.10768679,-0.28742135,0.07695219,0.99024045,0.1161989
1356510788265,0.25749126,0.06836066,-0.9638595,-0.9616636,0.1155242,-0.24871126,0.09434706,0.99094963,0.0954864
1356510788305,0.20243645,0.05585286,-0.97770137,-0.9730183,0.12432957,-0.19436425,0.11070138,0.99066776,0.07951471
1356510788345,0.13570952,0.04739839,-0.98961425,-0.9832825,0.12883866,-0.12867042,0.12140182,0.99053216,0.06409064
1356510788385,0.064204186,0.040112615,-0.9971303,-0.9906118,0.12340388,-0.058820188,0.120690346,0.9915455,0.04765904
1356510788444,-0.0017094016,0.03204924,-0.9994848,-0.9942636,0.10683483,0.005126208,0.106944054,0.9937601,0.03168273
1356510788465,-0.052226484,0.02287069,-0.99837327,-0.99500453,0.08398104,0.05397418,0.085078806,0.99620485,0.01837045
1356510788506,-0.07856023,0.013030946,-0.9968242,-0.9949797,0.06115985,0.079214364,0.06199783,0.99804294,0.00816083
1356510788543,-0.07468909,0.0033283532,-0.9972013,-0.99634147,0.04140234,0.07476288,0.04153526,0.999137,2.2393465E-4
1356510788586,-0.039091885,-0.0043457747,-0.9992261,-0.9989517,0.024006248,0.03897679,0.023818254,0.99970233,-0.0052796006
1356510788641,0.02454421,-0.005308807,-0.9996847,-0.9996695,0.007522732,-0.024583846,0.0076509416,0.9999577,-0.005122453
1356510788667,0.102989435,0.009074032,-0.994641,-0.9946509,-0.007016003,-0.103054434,-0.00791353,0.9999342,0.008302987
1356510788707,0.18037593,0.049514264,-0.9823507,-0.98333275,-0.014102876,-0.18126711,-0.022829294,0.9986738,0.04614517
1356510788746,0.24532643,0.12080613,-0.9618839,-0.968776,-0.00618127,-0.24786052,-0.03588876,0.9926568,0.115517676
1356510788785,0.29417908,0.21531671,-0.9311806,-0.95467466,0.019989133,-0.2969792,-0.04533115,0.9763396,0.21143782
1356510788825,0.33937156,0.30631027,-0.88938236,-0.93930113,0.059692144,-0.33786118,-0.05040121,0.95005834,0.3079754
1356510788866,0.3936133,0.36593106,-0.8433048,-0.9178076,0.1046001,-0.3829989,-0.051941395,0.92474496,0.37702626
1356510788905,0.45905733,0.38369924,-0.8012748,-0.8869682,0.14664054,-0.43793142,-0.050534636,0.9117409,0.40764546
1356510788945,0.52778053,0.36397088,-0.7674457,-0.84817946,0.17780241,-0.498977,-0.04515937,0.914282,0.40255326
1356510788986,0.58783257,0.32070178,-0.7427,-0.8081942,0.19228482,-0.5566405,-0.035705656,0.9274572,0.37222064
1356510789025,0.6319858,0.26684213,-0.7275914,-0.77462924,0.18926337,-0.60343105,-0.023314387,0.9449734,0.3263154
1356510789066,0.65775263,0.21190464,-0.7228125,-0.75317824,0.17335105,-0.6345644,-0.009166837,0.96179307,0.27362406
1356510789105,0.6657638,0.16103464,-0.7285783,-0.7461346,0.15213524,-0.6481805,0.006462872,0.9751526,0.22143966
1356510789145,0.65824556,0.11559242,-0.74387574,-0.75242144,0.1324885,-0.64521986,0.023972422,0.9844212,0.1741842
1356510789185,0.63597226,0.0770399,-0.7678569,-0.7705013,0.11910133,-0.62621295,0.043209434,0.9898888,0.13510446
1356510789225,0.59939826,0.047150582,-0.79906106,-0.79792786,0.114395455,-0.591798,0.06350532,0.9923157,0.1061912
1356510789265,0.5487255,0.02739507,-0.83555365,-0.8317494,0.11857927,-0.54233927,0.08422193,0.9925665,0.0878533
