1356510610431,0.18445209,0.1203208,0.9754488,0.98185706,0.021851689,-0.18835926,-0.04397875,0.9924946,-0.11410725
1356510610452,0.85293025,-0.022151679,-0.5215547,-0.52016306,-0.12037033,-0.845542,-0.044049516,0.9924819,-0.11418998
1356510610475,0.8528744,-0.02208066,-0.52164906,-0.52022994,-0.120786875,-0.8454415,-0.044340447,0.9924329,-0.114503056
1356510610503,0.85266685,-0.021814615,-0.5219993,-0.5204923,-0.12198934,-0.84510726,-0.045242682,0.9922916,-0.1153706
1356510610553,0.85172963,-0.020613253,-0.5235759,-0.5216974,-0.12655836,-0.8436912,-0.04887171,0.99174494,-0.11854738
1356510610598,0.8504412,-0.018830508,-0.525733,-0.5232079,-0.1343812,-0.8415434,-0.05480191,0.99075085,-0.12413558
1356510610641,0.84972346,-0.017567545,-0.5269359,-0.52364254,-0.14449161,-0.8395955,-0.061388195,0.98935,-0.13197702
1356510610679,0.8503206,-0.017825186,-0.52596307,-0.5219183,-0.15675071,-0.8384692,-0.06749922,0.98747736,-0.14259166
1356510610720,0.85267305,-0.020230457,-0.52205306,-0.5173592,-0.17178261,-0.83834976,-0.07271944,0.98492724,-0.15694082
1356510610767,0.85847914,-0.026693493,-0.51215327,-0.50702727,-0.19421425,-0.83976436,-0.07705122,0.9805958,-0.18026322
1356510610810,0.86566246,-0.035119265,-0.49939477,-0.49417302,-0.21961716,-0.8411666,-0.08013451,0.9749538,-0.20746931
1356510610852,0.87711227,-0.045086667,-0.4781645,-0.4732706,-0.25067085,-0.8444993,-0.08178623,0.9670219,-0.24120468
1356510610900,0.89237624,-0.055690095,-0.44784284,-0.4437033,-0.2894897,-0.84812915,-0.08241351,0.9555596,-0.2830436
1356510610939,0.90844476,-0.06290363,-0.41324478,-0.40967554,-0.33035702,-0.85031176,-0.0830306,0.94175756,-0.32588118
1356510610981,0.92381954,-0.0665711,-0.37699568,-0.37337518,-0.3741663,-0.8488761,-0.08454846,0.9249692,-0.37051815
1356510611018,0.9370035,-0.06595665,-0.3430367,-0.33825192,-0.41655278,-0.843842,-0.08723591,0.90671575,-0.41262138
1356510611057,0.94688666,-0.06186855,-0.31555963,-0.30825332,-0.45408353,-0.8359354,-0.09157234,0.8888084,-0.44903684
1356510611097,0.95340717,-0.055330038,-0.2965695,-0.28568876,-0.48145178,-0.82860494,-0.09693715,0.8747244,-0.47482672
1356510611140,0.9567406,-0.0476278,-0.28701738,-0.27220047,-0.49487585,-0.8252301,-0.10273408,0.8676574,-0.48643214
1356510611180,0.9571116,-0.03923066,-0.2870511,-0.26842672,-0.49289197,-0.82765,-0.10901594,0.86920565,-0.48228317
1356510611217,0.95397174,-0.029803924,-0.29841185,-0.27610216,-0.47572148,-0.8351387,-0.11707052,0.8790909,-0.46205378
1356510611260,0.94693404,-0.018741772,-0.32088107,-0.29509747,-0.44640493,-0.8447722,-0.12741037,0.8946347,-0.42824668
1356510611297,0.9352843,-0.0052528083,-0.35385817,-0.32512656,-0.40765792,-0.8532923,-0.13977093,0.9131196,-0.3829839
1356510611340,0.91942704,0.011012912,-0.3931064,-0.36231688,-0.3649429,-0.8576381,-0.15290649,0.9309647,-0.3315482
1356510611379,0.89960206,0.030074,-0.43567383,-0.40389425,-0.32211983,-0.8562173,-0.16608906,0.94622105,-0.27763295
1356510611416,0.8777625,0.051369697,-0.47633407,-0.44461262,-0.28303123,-0.84983116,-0.17847297,0.95773405,-0.22559458
1356510611473,0.85700977,0.07371369,-0.5100005,-0.4791629,-0.25010324,-0.841339,-0.18957101,0.96540904,-0.17902005
1356510611496,0.8406128,0.09566562,-0.53312117,-0.5036182,-0.22420716,-0.834326,-0.1993459,0.9698347,-0.14029247
1356510611536,0.8303343,0.11588529,-0.54508305,-0.5169456,-0.20511717,-0.83108014,-0.20811583,0.9718526,-0.11040944
1356510611576,0.82572514,0.13347319,-0.54805374,-0.5209019,-0.19235177,-0.8316622,-0.21642374,0.9722066,-0.089303255
1356510611618,0.82508063,0.14799577,-0.5452882,-0.51838064,-0.1856525,-0.8347542,-0.22477421,0.97140634,-0.07646012
1356510611658,0.8266538,0.159289,-0.53969485,-0.51201016,-0.18494166,-0.8388338,-0.23342906,0.96975434,-0.07132512
1356510611698,0.829307,0.16742164,-0.53312284,-0.5035965,-0.18952328,-0.84289473,-0.24215801,0.9674973,-0.07286003
1356510611738,0.83275557,0.172442,-0.5261007,-0.49430698,-0.19641006,-0.84680796,-0.2493567,0.9652393,-0.07832229
1356510611778,0.83790994,0.17354931,-0.51748204,-0.4842747,-0.20093752,-0.8515293,-0.25176388,0.9641083,-0.084322006
1356510611816,0.8458313,0.16926521,-0.50588423,-0.47348064,-0.1986343,-0.8581146,-0.24573489,0.96534646,-0.08786729
1356510611856,0.85607696,0.1587485,-0.49186498,-0.4628299,-0.18811697,-0.8662566,-0.23004508,0.9692321,-0.08756906
1356510611896,0.8663287,0.14283034,-0.47861683,-0.45454344,-0.17175162,-0.874009,-0.20703822,0.9747312,-0.08387077
1356510611936,0.87370396,0.12352887,-0.4705125,-0.4515923,-0.15361494,-0.87890095,-0.18084742,0.98037905,-0.07842928
1356510611976,0.87611115,0.10263549,-0.4710576,-0.45661032,-0.13690415,-0.87907016,-0.15471353,0.985253,-0.07307884
1356510612016,0.8722916,0.080806464,-0.48226315,-0.4713451,-0.12357231,-0.873249,-0.13015853,0.9890401,-0.06970337
1356510612062,0.8615135,0.057405442,-0.50447917,-0.49620435,-0.11535326,-0.86050856,-0.10759117,0.9916644,-0.070893556
1356510612099,0.8438474,0.030473515,-0.5357172,-0.52940494,-0.11547765,-0.84047323,-0.08747552,0.9928425,-0.081312686
1356510612139,0.819407,-0.002133727,-0.57320833,-0.5687418,-0.12767366,-0.8125468,-0.071449846,0.99181396,-0.10583022
1356510612180,0.7960938,-0.043625355,-0.60359865,-0.60195625,-0.1597862,-0.78237903,-0.062315226,0.9861871,-0.15346536
1356510612219,0.77797437,-0.09227228,-0.62148345,-0.6253073,-0.21007535,-0.75157106,-0.061209172,0.9733212,-0.22113177
1356510612259,0.77217793,-0.14168917,-0.6194074,-0.63155293,-0.2783399,-0.723649,-0.06987253,0.9499743,-0.30441213
1356510612306,0.769267,-0.18215883,-0.6124103,-0.6329898,-0.34764916,-0.6917108,-0.08690265,0.91975987,-0.38273975
1356510612350,0.7581644,-0.2090357,-0.61764944,-0.64386487,-0.38972753,-0.6584455,-0.10307637,0.89689267,-0.4300683
1356510612400,0.7326291,-0.22428448,-0.6426127,-0.6704938,-0.4001462,-0.6247569,-0.11701575,0.8885829,-0.4435401
1356510612426,0.68764925,-0.23067284,-0.6884247,-0.7144981,-0.3834194,-0.5852197,-0.12896112,0.894304,-0.42847335
1356510612471,0.61793214,-0.22981507,-0.75189424,-0.77382106,-0.3470161,-0.52988756,-0.13914329,0.9092661,-0.39226812
1356510612506,0.5205652,-0.22178823,-0.824513,-0.84094185,-0.30028135,-0.45016414,-0.14774477,0.9277074,-0.34282705
1356510612546,0.3984344,-0.20589122,-0.89378905,-0.9039159,-0.25337666,-0.34458154,-0.15551892,0.94520324,-0.28706235
1356510612586,0.268273,-0.18201604,-0.9459914,-0.9493991,-0.21642768,-0.22759703,-0.1633124,0.95918155,-0.2308676
1356510612626,0.15752882,-0.15181568,-0.9757749,-0.9725212,-0.19538087,-0.12660524,-0.1714271,0.9689057,-0.1784221
1356510612666,0.090200424,-0.11781281,-0.98893076,-0.9795738,-0.18968314,-0.06674978,-0.17971951,0.9747515,-0.13251582
1356510612707,0.0783543,-0.08224079,-0.9935276,-0.9790119,-0.19442374,-0.0611158,-0.18813914,0.977464,-0.09574863
1356510612747,0.12153196,-0.04690373,-0.9914787,-0.9729023,-0.20357716,-0.109624356,-0.19670066,0.9779347,-0.07037386
1356510612786,0.20026135,-0.014261961,-0.9796387,-0.95794827,-0.2125777,-0.19273254,-0.2055006,0.97704005,-0.056233287
1356510612826,0.286472,0.014265746,-0.9579823,-0.93395746,-0.21883956,-0.28254643,-0.21367523,0.9756565,-0.049367726
1356510612868,0.358402,0.037961125,-0.93279517,-0.90770626,-0.21937883,-0.35769013,-0.21821389,0.97490096,-0.04416822
1356510612911,0.4106882,0.05595365,-0.9100573,-0.8862716,-0.20992413,-0.41286114,-0.21414414,0.9761152,-0.036623165
1356510612949,0.4459459,0.066822976,-0.89256203,-0.8720498,-0.19222268,-0.4500885,-0.20164692,0.97907364,-0.027447954
1356510612990,0.46607384,0.06996438,-0.8819752,-0.8659487,-0.16832188,-0.47095722,-0.18140593,0.983246,-0.017864853
1356510613027,0.46491683,0.06575608,-0.8829091,-0.8710192,-0.14475703,-0.46943688,-0.15867561,0.9872799,-0.010025173
1356510613066,0.4346483,0.05591333,-0.89886296,-0.89005613,-0.1256102,-0.43820328,-0.13740781,0.9905028,-0.0048302263
1356510613106,0.36564878,0.04116273,-0.9298423,-0.9231471,-0.11141637,-0.3679482,-0.11874539,0.992921,-0.0027399957
1356510613147,0.25170234,0.020049006,-0.967597,-0.96242046,-0.10012886,-0.2524304,-0.10194537,0.99477243,-0.0059070885
1356510613190,0.102669865,-0.010883272,-0.99465597,-0.9909821,-0.087672025,-0.10133135,-0.0861007,0.99608994,-0.019786417
1356510613226,-0.04373902,-0.05575472,-0.99748594,-0.99652666,-0.06838411,0.047519326,-0.07086164,0.9960998,-0.052569985
1356510613269,-0.14396966,-0.11820373,-0.98249716,-0.9879792,-0.039317846,0.14950332,-0.056301534,0.9922106,-0.11112225
1356510613309,-0.18467075,-0.1972656,-0.96279955,-0.9818492,-0.0060604215,0.18956631,-0.04322985,0.98033136,-0.19256592
1356510613349,-0.1906197,-0.27934822,-0.9410785,-0.98109484,0.021573901,0.19232121,-0.033421874,0.95994747,-0.27817953
1356510613390,-0.19699356,-0.3447622,-0.91778684,-0.97998476,0.041843623,0.19462532,-0.028695911,0.93775696,-0.34610468
1356510613426,-0.22679669,-0.38048404,-0.89654624,-0.9735028,0.06091565,0.22041228,-0.029249668,0.9227791,-0.38421774
1356510613471,-0.28153563,-0.38474795,-0.8790373,-0.9588872,0.0787465,0.27264297,-0.03567773,0.9196564,-0.39109987
1356510613508,-0.3439081,-0.36537275,-0.8650029,-0.93782794,0.08757374,0.33587128,-0.046966642,0.9267327,-0.37277412
1356510613546,-0.39782253,-0.33265615,-0.85503054,-0.915424,0.08183327,0.3940841,-0.061124533,0.9394909,-0.3370765
1356510613587,-0.43384045,-0.2947666,-0.85140765,-0.8977359,0.061185002,0.4362644,-0.07650277,0.9536084,-0.29116708
1356510613626,-0.44755673,-0.25636637,-0.8567201,-0.8894918,0.02886784,0.45603845,-0.092181265,0.9661485,-0.24095571
1356510613668,-0.43740308,-0.21886608,-0.8722249,-0.8928305,-0.010132492,0.45027885,-0.107388526,0.9757023,-0.19097835
1356510613706,-0.40190184,-0.18211907,-0.8973893,-0.90761536,-0.050573885,0.41674528,-0.12128174,0.98197496,-0.14496833
1356510613747,-0.33785802,-0.14631149,-0.9297553,-0.93169224,-0.08804369,0.35241696,-0.13342172,0.9853127,-0.10657102
1356510613786,-0.24279606,-0.11222482,-0.96356404,-0.9592916,-0.119930685,0.25568768,-0.1442554,0.98641884,-0.07853764
1356510613826,-0.12049717,-0.07978767,-0.9895021,-0.98060364,-0.14565068,0.13115802,-0.15458643,0.98611355,-0.06068957
1356510613868,0.013428032,-0.047576636,-0.99877733,-0.9864285,-0.16410083,-0.005445093,-0.16364115,0.98529553,-0.049134493
1356510613909,0.138746,-0.015015602,-0.9902141,-0.9761186,-0.17084476,-0.1341803,-0.16715816,0.9851835,-0.038360983
1356510613949,0.24722472,0.014983267,-0.9688423,-0.95535994,-0.16315618,-0.24630749,-0.16176313,0.98648643,-0.026021808
1356510613990,0.3314323,0.037502617,-0.94273335,-0.93231654,-0.14023033,-0.3333485,-0.1447013,0.9894084,-0.011512518
1356510614045,0.39446503,0.049888045,-0.9175557,-0.9107164,-0.1118297,-0.39760497,-0.12244579,0.9924743,0.001320973
1356510614068,0.43569642,0.052865535,-0.8985399,-0.89465284,-0.08416104,-0.4387633,-0.09881744,0.9950489,0.010627583
1356510614106,0.45054823,0.049441725,-0.891382,-0.8893665,-0.062016666,-0.45296934,-0.07767612,0.9968498,0.016030312
1356510614143,0.43952388,0.041632652,-0.89726555,-0.8962645,-0.04573518,-0.4411556,-0.05940309,0.9980857,0.017212167
1356510614173,0.39946365,0.030901223,-0.9162281,-0.9157065,-0.03420037,-0.40038973,-0.043707848,0.9989372,0.014634639
1356510614203,0.34870887,0.015682817,-0.9370999,-0.9367477,-0.026276052,-0.34901756,-0.030096889,0.9995317,0.005528152
1356510614244,0.30326438,-0.01604873,-0.9527713,-0.9527282,-0.024445891,-0.30283895,-0.018431157,0.9995724,-0.022703648
1356510614286,0.2589864,-0.0722169,-0.96317744,-0.9658421,-0.028310955,-0.25758025,-0.008666784,0.9969871,-0.077082306
1356510614326,0.23633549,-0.15197837,-0.9597125,-0.9716711,-0.037911326,-0.23327681,-9.3093514E-4,0.9876565,-0.15663278
1356510614369,0.23560128,-0.23957396,-0.94185793,-0.97184145,-0.05406645,-0.22934899,0.004023105,0.96937144,-0.24556598
1356510614410,0.23625582,-0.31203157,-0.92022794,-0.9716777,-0.07094085,-0.22541016,0.0050533414,0.94741946,-0.31995434
1356510614470,0.21817851,-0.35561347,-0.90881085,-0.9759066,-0.0774889,-0.20396516,0.0021100044,0.9314153,-0.36395192
1356510614488,0.17375523,-0.36878926,-0.91312844,-0.98477584,-0.06983018,-0.15918604,-0.0050578713,0.9268863,-0.3753081
1356510614528,0.10858646,-0.35623413,-0.92806584,-0.99396306,-0.053649873,-0.09570336,-0.015697837,0.93285525,-0.35990918
1356510614568,0.037646532,-0.3256481,-0.94474125,-0.99889636,-0.0388363,-0.026417881,-0.028087288,0.9446931,-0.32675081
1356510614608,-0.02381301,-0.28503683,-0.95822066,-0.99887836,-0.03245443,0.034477502,-0.04092586,0.9579669,-0.2839443
1356510614647,-0.06454244,-0.24119881,-0.96832705,-0.99645936,-0.036813468,0.07558739,-0.053879112,0.9697772,-0.23796874
1356510614686,-0.07952574,-0.19860783,-0.9768473,-0.9945854,-0.0499582,0.09112707,-0.066900134,0.97880495,-0.19355947
1356510614726,-0.0701673,-0.15918237,-0.98475254,-0.9943386,-0.06780738,0.08181119,-0.0797964,0.9849179,-0.15352327
1356510614768,-0.039252996,-0.124011755,-0.9915041,-0.99496174,-0.086758256,0.050241113,-0.09225166,0.9884807,-0.11998141
1356510614808,0.0085247755,-0.09407428,-0.9955287,-0.9945017,-0.10471201,0.0013789535,-0.104373544,0.99004316,-0.09444964
1356510614846,0.06657812,-0.06939247,-0.99536526,-0.99094903,-0.12114003,-0.057837367,-0.11656508,0.99020696,-0.0768297
1356510614886,0.12556699,-0.048463702,-0.99090064,-0.9837016,-0.13565537,-0.11801997,-0.12870133,0.98957,-0.06470764
1356510614926,0.17823356,-0.028828382,-0.9835658,-0.97427857,-0.14524549,-0.17229345,-0.1378915,0.98897564,-0.05397454
1356510614966,0.22073221,-0.009739846,-0.97528577,-0.9653466,-0.1449194,-0.21703541,-0.13922393,0.9893955,-0.041390687
1356510615008,0.25351566,0.006828785,-0.9673072,-0.95854914,-0.1326667,-0.2521569,-0.13005137,0.9911372,-0.02708739
1356510615046,0.2775712,0.017902195,-0.96053827,-0.9540841,-0.11204344,-0.27779433,-0.11259523,0.99354196,-0.0140197575
1356510615086,0.29166147,0.022203147,-0.9562639,-0.9521056,-0.089215904,-0.29246464,-0.091807574,0.99576485,-0.0048811436
1356510615126,0.29270378,0.02069211,-0.9559792,-0.95350385,-0.06875232,-0.293434,-0.07179758,0.9974191,-3.940463E-4
1356510615166,0.2788119,0.014539808,-0.9602357,-0.95883274,-0.051890105,-0.27919027,-0.053886056,0.99854696,-5.263686E-4
1356510615207,0.2516389,0.0027699172,-0.96781725,-0.96710205,-0.03782344,-0.2515612,-0.03730291,0.9992807,-0.0068390667
1356510615246,0.21833587,-0.019361675,-0.9756816,-0.9756514,-0.02567035,-0.21781963,-0.020828724,0.9994829,-0.024494976
1356510615286,0.19076908,-0.059854627,-0.97980845,-0.98162746,-0.015535951,-0.19017422,-0.003839463,0.9980862,-0.061718702
1356510615327,0.18150726,-0.12581545,-0.9753079,-0.9832955,-0.009504348,-0.1817677,0.013599455,0.9920081,-0.12543884
1356510615366,0.19466278,-0.21426454,-0.95718193,-0.9803977,-0.012214333,-0.19665006,0.030443817,0.97669935,-0.21244216
1356510615408,0.2204499,-0.3060006,-0.9261563,-0.9743916,-0.025958866,-0.22335434,0.04430455,0.9516773,-0.30388695
1356510615473,0.24240907,-0.3765456,-0.89412034,-0.9687558,-0.044131085,-0.24405858,0.052440673,0.92534626,-0.3754785
1356510615488,0.25062257,-0.41354367,-0.8753113,-0.96658194,-0.05653201,-0.25004685,0.053922176,0.9087275,-0.4138921
1356510615528,0.24206126,-0.41660142,-0.8762703,-0.9690473,-0.058645725,-0.23980835,0.048514962,0.9071957,-0.41790235
1356510615567,0.2216165,-0.39274412,-0.8925459,-0.9744044,-0.05379337,-0.21827117,0.03771168,0.9180732,-0.3946131
1356510615606,0.19587092,-0.35122442,-0.9155741,-0.98034036,-0.04745622,-0.19152182,0.02381745,0.93508786,-0.3536148
1356510615646,0.17046082,-0.30022565,-0.9385135,-0.98532915,-0.043866813,-0.16493109,0.008346945,0.95285904,-0.30329865
1356510615686,0.15090936,-0.24707669,-0.95717263,-0.98851424,-0.045669317,-0.14406195,-0.0081190765,0.9679191,-0.25113076
1356510615726,0.14025527,-0.19678211,-0.9703635,-0.9897902,-0.052982032,-0.13231882,-0.025373876,0.97901464,-0.20220399
1356510615766,0.13993916,-0.15225396,-0.97838426,-0.9892365,-0.06416699,-0.13150585,-0.04275772,0.98625624,-0.1595946
1356510615806,0.1502327,-0.11495006,-0.9819453,-0.98686695,-0.0770708,-0.14196348,-0.059360623,0.99037695,-0.12501895
1356510615846,0.17067984,-0.08536282,-0.9816219,-0.98249817,-0.09017512,-0.16299048,-0.07460457,0.99226093,-0.09925985
1356510615886,0.19895583,-0.06256023,-0.9780096,-0.9759867,-0.10296631,-0.19195789,-0.08869311,0.99271554,-0.081543714
1356510615926,0.23023307,-0.04368174,-0.9721546,-0.9678136,-0.11461276,-0.22405508,-0.101634234,0.9924494,-0.06866342
1356510615966,0.2588055,-0.025362879,-0.96559644,-0.9595349,-0.12158668,-0.25398722,-0.110961825,0.99225676,-0.055803865
1356510616006,0.28119555,-0.00658527,-0.95962787,-0.95307386,-0.11878607,-0.2784599,-0.11215675,0.992898,-0.039678335
1356510616046,0.2969133,0.010375559,-0.95484805,-0.94934165,-0.10456839,-0.29633737,-0.102921605,0.99446356,-0.021197826
1356510616086,0.30641398,0.022156864,-0.9516404,-0.94804394,-0.08277252,-0.30718315,-0.08557588,0.99632215,-0.0043569803
1356510616126,0.30874205,0.027175337,-0.9507575,-0.94891787,-0.059576094,-0.30984747,-0.06506267,0.99785376,0.007393539
1356510616167,0.30169258,0.025953054,-0.9530519,-0.95233124,-0.039230615,-0.30253276,-0.04524046,0.998893,0.012880325
1356510616208,0.2834482,0.018995136,-0.9587994,-0.958596,-0.022955388,-0.28384292,-0.02740115,0.99955606,0.011701912
1356510616246,0.25399545,0.0057418942,-0.9671883,-0.96714133,-0.009997636,-0.25404242,-0.011128306,0.9999335,0.0030139089
1356510616295,0.23044568,-0.027246773,-0.97270364,-0.9730633,2.5248528E-4,-0.23053795,0.0065270066,0.9996287,-0.026454628
1356510616336,0.20642757,-0.081736624,-0.9750419,-0.9781361,0.008472443,-0.20779288,0.02524525,0.9966179,-0.07820055
1356510616377,0.20497546,-0.16089958,-0.9654515,-0.9777253,0.011840135,-0.20955467,0.045148402,0.98689985,-0.15488869
1356510616417,0.2250318,-0.25523838,-0.9403266,-0.97218156,0.0055538416,-0.23416257,0.064989686,0.9668622,-0.24688822
1356510616480,0.250328,-0.3418332,-0.90580684,-0.96468604,-0.008868083,-0.2632532,0.08195591,0.93971884,-0.3319816
1356510616498,0.26357543,-0.40068462,-0.8774849,-0.960124,-0.021064207,-0.2787797,0.09321922,0.91597384,-0.39025897
1356510616538,0.2565831,-0.42501488,-0.8680596,-0.96166575,-0.02234149,-0.2733127,0.0967682,0.90491056,-0.4144547
1356510616576,0.23032542,-0.41777197,-0.8788725,-0.9687505,-0.013008043,-0.24769628,0.09204814,0.9084588,-0.40771282
1356510616616,0.19091022,-0.38601646,-0.90252125,-0.9783064,5.1760674E-4,-0.20716244,0.080435246,0.9224917,-0.37754357
1356510616656,0.1466451,-0.33815095,-0.9295962,-0.9871057,0.01093623,-0.15969545,0.06416741,0.9410283,-0.332187
1356510616696,0.106912285,-0.2832726,-0.9530616,-0.99323976,0.01316306,-0.11533174,0.045215517,0.9589491,-0.27995032
1356510616736,0.078748256,-0.2288385,-0.97027403,-0.9965847,0.0061936677,-0.08234441,0.02485317,0.9734447,-0.22756922
1356510616776,0.065819114,-0.1795395,-0.98154646,-0.99782354,-0.007902771,-0.06546506,0.0039966106,0.983719,-0.1796689
1356510616815,0.069747984,-0.13796285,-0.98797846,-0.9974296,-0.025944054,-0.06679234,-0.016417265,0.9900975,-0.13941777
1356510616856,0.0893864,-0.10478997,-0.9904692,-0.9953587,-0.044995487,-0.08506721,-0.03565243,0.993476,-0.10832563
1356510616896,0.12195203,-0.07935095,-0.98935896,-0.99112177,-0.062929064,-0.11712211,-0.0529657,0.99485844,-0.08632079
1356510616936,0.16242895,-0.059741855,-0.98491,-0.98437023,-0.07865986,-0.1575686,-0.068059444,0.9951098,-0.07158476
1356510616976,0.20430636,-0.042953312,-0.97796416,-0.9755787,-0.09124696,-0.19980031,-0.080654174,0.9949015,-0.060546637
1356510617016,0.24160346,-0.026408434,-0.97001565,-0.9663022,-0.09803888,-0.23800951,-0.08881375,0.9948322,-0.049205124
1356510617056,0.2710823,-0.009935796,-0.9625049,-0.9583644,-0.096004754,-0.26892516,-0.089733064,0.9953313,-0.035547316
1356510617096,0.29234403,0.004170269,-0.9563041,-0.95269704,-0.08561003,-0.29161462,-0.08308542,0.9963199,-0.021054536
1356510617138,0.30564362,0.013151467,-0.9520551,-0.94942296,-0.071358025,-0.30578434,-0.07195827,0.99736404,-0.009323835
1356510617177,0.3100522,0.015966147,-0.9505854,-0.94881856,-0.058000356,-0.31045008,-0.06009108,0.99818885,-0.0028341115
1356510617216,0.30316773,0.013528466,-0.9528412,-0.9516414,-0.047829658,-0.3034651,-0.04967946,0.9987639,-0.0016261935
1356510617257,0.2845866,0.00639081,-0.958629,-0.9577983,-0.040254414,-0.28460836,-0.040407985,0.999169,-0.005334735
1356510617297,0.2563007,-0.0072908998,-0.9665696,-0.96611106,-0.033639193,-0.25592536,-0.030648708,0.9994075,-0.015665531
1356510617339,0.22520766,-0.032936037,-0.9737539,-0.9741314,-0.026790649,-0.22438881,-0.018696994,0.9990983,-0.038117528
1356510617379,0.20339358,-0.07956028,-0.9758593,-0.979092,-0.019741535,-0.2024579,-0.0031573176,0.9966346,-0.08191219
1356510617419,0.19876075,-0.15032741,-0.9684502,-0.97992206,-0.014643908,-0.19884205,0.01570946,0.9885278,-0.1502198
1356510617481,0.21564546,-0.24126473,-0.9461968,-0.9757867,-0.016952723,-0.21806657,0.036571145,0.9703113,-0.23907864
1356510617499,0.23629315,-0.3254321,-0.9155652,-0.9701401,-0.025954053,-0.24115291,0.05471629,0.94520926,-0.32184744
1356510617538,0.24811733,-0.3834506,-0.8896086,-0.966439,-0.034859538,-0.25452018,0.06658459,0.9229033,-0.37923086
1356510617576,0.24442801,-0.40769634,-0.87979466,-0.9671068,-0.036604673,-0.25172287,0.070421934,0.9123836,-0.40323317
1356510617616,0.22646837,-0.40177712,-0.8872921,-0.9717368,-0.030880705,-0.23403847,0.06663114,0.9152167,-0.3974151
1356510617656,0.19871618,-0.37272063,-0.90641665,-0.9784117,-0.021875903,-0.20550436,0.056766987,0.9276857,-0.36902124
1356510617696,0.16838467,-0.32947126,-0.9290292,-0.9847779,-0.015001833,-0.17316872,0.043116987,0.94404644,-0.32698208
1356510617738,0.14197761,-0.28008124,-0.94941926,-0.9894906,-0.013610125,-0.14395493,0.027397364,0.9598798,-0.27907008
1356510617777,0.12413156,-0.23041531,-0.9651426,-0.9922105,-0.01855874,-0.12318227,0.010471255,0.9729154,-0.23092425
1356510617816,0.11780378,-0.18455622,-0.97573626,-0.9930123,-0.028804928,-0.114441216,-0.0069851577,0.98239976,-0.18665993
1356510617858,0.12341747,-0.14474118,-0.9817424,-0.99204826,-0.04258403,-0.11843473,-0.024664193,0.98855275,-0.14884582
1356510617898,0.1409542,-0.11231458,-0.9836246,-0.9891045,-0.058602333,-0.13504797,-0.042474866,0.99194306,-0.11935106
1356510617938,0.16780871,-0.08698484,-0.9819745,-0.9839399,-0.0762614,-0.1613892,-0.060848355,0.9932864,-0.098385185
1356510617976,0.19919097,-0.06619674,-0.9777223,-0.97673315,-0.09431976,-0.1926035,-0.07946882,0.9933387,-0.08344421
1356510618016,0.2296913,-0.046508223,-0.9721517,-0.96861625,-0.10841957,-0.22366908,-0.09499782,0.9930167,-0.069951594
1356510618056,0.25542676,-0.026486248,-0.96646553,-0.9614415,-0.11233443,-0.2510205,-0.10191876,0.9933174,-0.05415824
1356510618096,0.2752311,-0.007972479,-0.9613451,-0.95649195,-0.10296002,-0.27298778,-0.096803695,0.9946535,-0.035963416
1356510618136,0.28842854,0.0059732795,-0.9574828,-0.9540462,-0.083082795,-0.2879116,-0.08127013,0.99652475,-0.018264681
1356510618176,0.29324588,0.013899803,-0.95593596,-0.9541227,-0.058989197,-0.29354736,-0.060470194,0.9981618,-0.004036188
1356510618216,0.287099,0.01657638,-0.9577575,-0.95709825,-0.03595829,-0.28752372,-0.03920546,0.9992157,0.0055416822
1356510618256,0.268116,0.015183061,-0.96326697,-0.96318245,-0.016363978,-0.26835036,-0.01983723,0.99975085,0.010236591
1356510618299,0.236981,0.009007007,-0.97147256,-0.9715111,-3.761351E-4,-0.23699388,-0.0024999976,0.99995935,0.00866124
1356510618338,0.19795194,-0.0062090456,-0.980192,-0.9801222,0.012259334,-0.19801542,0.01324594,0.99990547,-0.0036588013
1356510618376,0.1595467,-0.038357854,-0.98644495,-0.98680925,0.02156958,-0.16044444,0.027431577,0.99903136,-0.034410596
1356510618420,0.13174656,-0.09566477,-0.98665655,-0.99048555,0.027223319,-0.13489732,0.039765,0.99504125,-0.091168016
1356510618479,0.11964184,-0.178027,-0.9767252,-0.9915732,0.027804434,-0.12652856,0.049682826,0.98363274,-0.17320025
1356510618499,0.11839217,-0.26838163,-0.95600975,-0.99137294,0.022583663,-0.12911153,0.056241393,0.963048,-0.26339257
1356510618538,0.11783418,-0.34218764,-0.93221384,-0.99128664,0.015120715,-0.13085145,0.058871448,0.9395099,-0.33742428
1356510618576,0.109695,-0.38356644,-0.9169754,-0.99228483,0.011363491,-0.12345737,0.057774156,0.9234434,-0.37936062
1356510618616,0.09180403,-0.3907825,-0.91589355,-0.99436843,0.012929916,-0.10518664,0.05294749,0.9203922,-0.3873948
1356510618656,0.06638366,-0.3701573,-0.92659414,-0.9968055,0.016726732,-0.078095764,0.044406593,0.92881846,-0.36786443
1356510618696,0.038277596,-0.33142772,-0.94270384,-0.9987097,0.018820077,-0.047168255,0.033374637,0.94329286,-0.33027965
1356510618736,0.012414128,-0.28399783,-0.9587446,-0.9996937,0.017006189,-0.017981946,0.021411419,0.95867413,-0.28369975
1356510618776,-0.0076850355,-0.23483577,-0.97200465,-0.9999294,0.010615796,0.005341083,0.009064317,0.9719771,-0.23490077
1356510618818,-0.020007968,-0.18846467,-0.98187613,-0.99979246,5.4836273E-6,0.020371974,-0.003834039,0.9820799,-0.18842566
1356510618858,-0.023783058,-0.14768922,-0.98874784,-0.9995638,-0.013807625,0.026105702,-0.017507792,0.98893744,-0.14729643
1356510618896,-0.018993437,-0.11441845,-0.9932511,-0.99929994,-0.029853582,0.02254814,-0.032231957,0.992984,-0.11377138
1356510618936,-0.0070184767,-0.08936226,-0.9959744,-0.9987842,-0.04797414,0.011342645,-0.048794597,0.9948431,-0.0889169
1356510618976,0.009638965,-0.07135075,-0.9974047,-0.997655,-0.06827772,-0.004756987,-0.06776109,0.99511164,-0.07184157
1356510619016,0.027421951,-0.05684191,-0.9980066,-0.9958486,-0.08824211,-0.022336781,-0.08679655,0.9944759,-0.059025705
1356510619056,0.04278773,-0.042037547,-0.99819934,-0.9941016,-0.10144997,-0.038339585,-0.0996556,0.99395204,-0.04613039
1356510619096,0.053960383,-0.02579093,-0.99820995,-0.9935169,-0.10156107,-0.05108267,-0.100061774,0.994495,-0.031104028
1356510619138,0.060886264,-0.009887874,-0.99809575,-0.994427,-0.086824894,-0.059802324,-0.08606827,0.9961746,-0.015119195
1356510619180,0.064204186,0.001990497,-0.99793476,-0.9957949,-0.065354794,-0.064196855,-0.06534761,0.9978601,-0.0022138953
1356510619241,0.06405169,0.008777976,-0.99790794,-0.9970722,-0.04128635,-0.064361215,-0.041764915,0.9991088,0.0061078668
1356510619259,0.058419198,0.011270404,-0.99822843,-0.998091,-0.019410938,-0.058630228,-0.020037383,0.999748,0.010114968
1356510619297,0.047992885,0.00934127,-0.998804,-0.9988475,-1.8692017E-4,-0.0479967,-6.350875E-4,0.9999563,0.009321511
1356510619336,0.032648444,0.0014142394,-0.99946594,-0.99932855,0.016684711,-0.0326204,0.016629726,0.9998598,0.0019579828
1356510619376,0.018214375,-0.019707143,-0.99963987,-0.99930364,0.032203883,-0.018843085,0.032563597,0.999287,-0.019106805
1356510619417,0.009086221,-0.06290594,-0.9979781,-0.99881506,0.047148317,-0.012065709,0.047811985,0.99690515,-0.062402964
1356510619480,0.010192215,-0.1340001,-0.99092895,-0.99797094,0.06092477,-0.018503308,0.06285161,0.9891068,-0.13310724
1356510619500,0.021507412,-0.2251688,-0.97408235,-0.9968132,0.070031375,-0.038197696,0.076817244,0.9717997,-0.22294503
1356510619539,0.03712976,-0.31317914,-0.948968,-0.9954721,0.071560144,-0.062565595,0.08750254,0.9469942,-0.30910408
1356510619576,0.04983917,-0.37522912,-0.92559123,-0.99440765,0.06775352,-0.081011504,0.093109936,0.92445254,-0.3697539
1356510619616,0.05590321,-0.40204015,-0.91391385,-0.9941014,0.06278999,-0.088430196,0.09293711,0.9134666,-0.39615852
1356510619658,0.054607093,-0.3955787,-0.9168073,-0.99472606,0.058285296,-0.08439675,0.08682194,0.9165808,-0.3903097
1356510619696,0.047886223,-0.36376128,-0.93026054,-0.9959552,0.053498775,-0.07218766,0.07602689,0.92995465,-0.35972804
1356510619736,0.039029777,-0.31747773,-0.94746214,-0.99725616,0.047313213,-0.056934774,0.06290299,0.9470846,-0.31476003
1356510619776,0.029865175,-0.26466897,-0.96387684,-0.99837804,0.03886333,-0.04160562,0.048471242,0.96355593,-0.26307905
1356510619816,0.022697836,-0.21189764,-0.97702825,-0.99920845,0.027127475,-0.029096484,0.032669783,0.97691524,-0.21111411
1356510619856,0.019205391,-0.16371292,-0.9863211,-0.9996992,0.011908114,-0.021442384,0.0152556,0.9864361,-0.16343498
1356510619896,0.020479262,-0.122877,-0.9922106,-0.9997834,-0.0061935186,-0.019868493,-0.003703922,0.99240255,-0.1229772
1356510619936,0.027167171,-0.090933084,-0.9954863,-0.99933755,-0.026593119,-0.024843067,-0.024214089,0.99550176,-0.09159529
1356510619976,0.039298654,-0.06811556,-0.9969032,-0.99815285,-0.048934698,-0.036004335,-0.04633069,0.99647665,-0.06991282
1356510620018,0.055480182,-0.052533537,-0.9970768,-0.9960542,-0.07219136,-0.05161974,-0.069268525,0.99600637,-0.056331456
1356510620058,0.07295591,-0.040379047,-0.9965174,-0.99331486,-0.09256661,-0.06897062,-0.08945927,0.9948874,-0.046862423
1356510620096,0.088706434,-0.02830571,-0.99565554,-0.9909553,-0.10355681,-0.08534366,-0.1006912,0.9942207,-0.037235856
1356510620148,0.09924066,-0.013376355,-0.9949735,-0.990818,-0.09359509,-0.09756786,-0.091819584,0.9955204,-0.02254191
1356510620186,0.1053561,-0.0013211668,-0.9944337,-0.9916897,-0.074388444,-0.10496652,-0.07383567,0.9972285,-0.009147495
1356510620227,0.10565534,0.007025063,-0.99437803,-0.99325687,-0.047247738,-0.10587004,-0.047725856,0.9988586,0.0019857585
1356510620267,0.0967893,0.011520833,-0.9952382,-0.9951023,-0.019054234,-0.096996635,-0.020081013,0.99975204,0.00962016
1356510620308,0.07906425,0.012256175,-0.9967941,-0.99684286,0.008284867,-0.0789662,0.0072904527,0.9998905,0.012872517
1356510620356,0.052279055,0.0055675805,-0.99861693,-0.99804187,0.034680188,-0.052055597,0.03434238,0.999383,0.0073697567
1356510620396,0.014547944,-0.010892659,-0.9998349,-0.9981884,0.058226943,-0.015158355,0.05838251,0.998244,-0.010025859
1356510620436,-0.01447162,-0.047262907,-0.9987776,-0.9967805,0.07946351,0.010682464,0.078861475,0.9957167,-0.04826069
1356510620476,-0.025157839,-0.11371407,-0.99319494,-0.99514794,0.09738079,0.014057875,0.095119566,0.9887296,-0.11561221
1356510620515,-0.020003587,-0.20038024,-0.979514,-0.9941404,0.10808155,-0.0018080771,0.10622969,0.9737382,-0.2013681
1356510620556,-0.005004823,-0.28849423,-0.9574685,-0.9938326,0.10750359,-0.027196944,0.11077747,0.95142734,-0.28725302
1356510620596,0.004994154,-0.3525399,-0.93578345,-0.99405384,0.100042224,-0.04299429,0.10877508,0.93043387,-0.349944
1356510620636,0.0010471642,-0.38049844,-0.924781,-0.9948554,0.09328392,-0.039507926,0.10129994,0.92006475,-0.37844324
1356510620676,-0.016739905,-0.37509224,-0.92683625,-0.99583364,0.089357495,-0.018177003,0.089637786,0.9226705,-0.37502533
1356510620716,-0.04274422,-0.34577587,-0.937343,-0.99623466,0.08558309,0.013859063,0.075428575,0.93440604,-0.34813207
1356510620756,-0.06982219,-0.30318874,-0.9503691,-0.9957381,0.07872653,0.048039854,0.060254127,0.94967294,-0.30739343
1356510620796,-0.09214735,-0.2560668,-0.962257,-0.99473643,0.06716454,0.07738444,0.04481396,0.9643229,-0.260908
1356510620836,-0.10585639,-0.21048015,-0.9718501,-0.9939546,0.051031142,0.09721193,0.029133499,0.9762653,-0.21460974
1356510620876,-0.10900095,-0.16997683,-0.97940123,-0.9939543,0.03170213,0.10511863,0.013181418,0.984938,-0.17240477
1356510620916,-0.1011692,-0.1361599,-0.9855076,-0.9948646,0.010818094,0.10063511,-0.003041178,0.9906278,-0.13655514
1356510620956,-0.08265427,-0.10943976,-0.9905509,-0.99638855,-0.010317236,0.084281296,-0.019443512,0.99393976,-0.10819173
1356510620996,-0.054803282,-0.08916658,-0.9945079,-0.99785274,-0.03088811,0.05775699,-0.035868436,0.99553764,-0.0872823
1356510621036,-0.020366281,-0.07340047,-0.9970946,-0.9984281,-0.050592452,0.024117827,-0.052215755,0.9960184,-0.07225472
1356510621076,0.0163154,-0.058891565,-0.99813104,-0.99758554,-0.06835604,-0.012273371,-0.06750545,0.9959213,-0.0598647
1356510621116,0.05027768,-0.04254532,-0.9978286,-0.99566483,-0.08041695,-0.046739787,-0.078253835,0.9958528,-0.046404004
1356510621156,0.07836667,-0.023837566,-0.9966396,-0.9937391,-0.081722945,-0.076184005,-0.07963228,0.99636996,-0.030092716
1356510621196,0.09968075,-0.005484313,-0.9950044,-0.9925523,-0.070923775,-0.099044204,-0.07002631,0.9974667,-0.0125131905
1356510621236,0.11407328,0.008877903,-0.99343264,-0.9920641,-0.052205324,-0.114382654,-0.052878022,0.9985969,0.0028522313
1356510621276,0.12026745,0.017513007,-0.9925871,-0.9921727,-0.0317201,-0.12077692,-0.03360012,0.9993434,0.01356101
1356510621316,0.11604598,0.020834327,-0.9930253,-0.99312246,-0.013195246,-0.1163342,-0.01552698,0.9996959,0.019159764
1356510621356,0.10029808,0.01918906,-0.99477243,-0.99495703,0.0028952062,-0.100260854,9.562373E-4,0.99981177,0.019382626
1356510621396,0.0751524,0.010468006,-0.99711716,-0.9970341,0.017420769,-0.07496327,0.016585857,0.99979347,0.011746168
1356510621436,0.047753453,-0.011379868,-0.9987943,-0.99836516,0.030900955,-0.048085004,0.031410933,0.9994577,-0.009885669
1356510621480,0.032393187,-0.0585095,-0.9977612,-0.9984993,0.042211562,-0.03489247,0.044158638,0.9973941,-0.05705434
1356510621518,0.033660084,-0.1302939,-0.9909039,-0.99803346,0.048075765,-0.040223777,0.052879393,0.9903092,-0.12841946
1356510621558,0.06380084,-0.22621372,-0.971986,-0.9964274,0.039565057,-0.07461324,0.055335224,0.9732739,-0.22288126
1356510621596,0.10581106,-0.32022816,-0.9414128,-0.9930045,0.015864551,-0.11700621,0.052403808,0.9472077,-0.31630933
1356510621636,0.13950412,-0.3878607,-0.9110997,-0.9891075,-0.010948852,-0.14678738,0.046957493,0.9216529,-0.3851633
1356510621676,0.15176353,-0.42015922,-0.8946698,-0.9875517,-0.026593477,-0.15503013,0.04134497,0.9070606,-0.41896486
1356510621716,0.13995694,-0.42050812,-0.89642894,-0.9895209,-0.02694042,-0.14185357,0.035500377,0.9068887,-0.4198721
1356510621756,0.10782847,-0.39615467,-0.9118303,-0.9937539,-0.016430527,-0.11037785,0.028744847,0.91803676,-0.3954519
1356510621796,0.0641256,-0.35596943,-0.93229485,-0.99771166,-0.0028067231,-0.06755349,0.021430284,0.9344933,-0.35533488
1356510621836,0.018536955,-0.30808416,-0.95117843,-0.9997307,0.007569343,-0.021934807,0.0139575,0.95132893,-0.30786085
1356510621876,-0.019453853,-0.25948337,-0.9655516,-0.99979293,0.0108243525,0.017234802,0.005979359,0.9656869,-0.25964022
1356510621916,-0.043251395,-0.21474823,-0.9757113,-0.99905884,0.0060977936,0.042944223,-0.0032724738,0.9766505,-0.2148099
1356510621956,-0.049722284,-0.17580992,-0.9831676,-0.9986574,-0.0055657923,0.051500946,-0.014526546,0.9844084,-0.17529708
1356510621996,-0.038327754,-0.1429396,-0.988989,-0.9988655,-0.02251178,0.041964144,-0.028262228,0.98947537,-0.1419146
1356510622036,-0.010553777,-0.11571503,-0.9932264,-0.9989469,-0.043134034,0.015639871,-0.044651628,0.99234545,-0.115137935
1356510622076,0.029672027,-0.092662215,-0.9952555,-0.99756396,-0.065633714,-0.023630142,-0.06313267,0.99353206,-0.094384015
1356510622116,0.07529989,-0.07107103,-0.99462503,-0.9938601,-0.08644143,-0.06906536,-0.08106822,0.99371874,-0.07714376
1356510622156,0.119148076,-0.0488981,-0.9916717,-0.9885342,-0.09915078,-0.113882065,-0.09275642,0.99387026,-0.06015107
1356510622196,0.1573287,-0.026956916,-0.98717827,-0.98320854,-0.09786573,-0.15402359,-0.092458904,0.9948345,-0.04190138
1356510622236,0.1887291,-0.0084631145,-0.9819927,-0.97882545,-0.08232868,-0.18741089,-0.07926008,0.99656934,-0.023821741
1356510622276,0.21229792,0.0036238134,-0.97719824,-0.9755076,-0.05812943,-0.21214622,-0.057572693,0.9983025,-0.008805752
1356510622316,0.2247048,0.0088861585,-0.97438633,-0.9738532,-0.032260478,-0.22487602,-0.033432484,0.99943995,0.0014047623
1356510622358,0.22149432,0.008939594,-0.97512066,-0.9751048,-0.0087631345,-0.22157103,-0.010525852,0.9999216,0.006776035
1356510622415,0.19978845,0.0049167573,-0.9798267,-0.979784,0.011600137,-0.19972152,0.010384172,0.99992067,0.0071348846
1356510622436,0.16137403,-0.00488019,-0.98688126,-0.9864368,0.02961415,-0.1614478,0.030013561,0.9995495,-3.504753E-5
1356510622496,0.11537683,-0.026510209,-0.99296796,-0.99211335,0.046218038,-0.116511434,0.048981756,0.9985795,-0.020968676
1356510622513,0.077558845,-0.06861898,-0.99462354,-0.9947289,0.06179121,-0.081830055,0.06707403,0.99572754,-0.06346482
1356510622543,0.050875127,-0.1252858,-0.99081546,-0.9952244,0.07639629,-0.0607616,0.08330721,0.98917496,-0.12080085
1356510622573,0.054160416,-0.19821444,-0.9786612,-0.99385095,0.084092796,-0.07203287,0.0965763,0.9765447,-0.1924411
1356510622613,0.09359321,-0.28899282,-0.9527452,-0.9900821,0.07368967,-0.11961302,0.1047748,0.9544909,-0.27922976
1356510622657,0.12678905,-0.36430004,-0.92261046,-0.9860693,0.054666534,-0.15709528,0.10766572,0.9296757,-0.3522939
1356510622696,0.13010937,-0.40555355,-0.904764,-0.9857576,0.04515469,-0.16199693,0.10655278,0.9129553,-0.39390248
1356510622737,0.09800111,-0.41154003,-0.9061074,-0.989939,0.053063437,-0.13116863,0.102062345,0.9098457,-0.4021992
1356510622778,0.036914527,-0.3884026,-0.92075014,-0.9948486,0.07276589,-0.07058036,0.0944128,0.91861236,-0.38371563
1356510622817,-0.040479183,-0.34466714,-0.9378518,-0.9956295,0.09297556,0.008803725,0.08416295,0.9341093,-0.34692436
1356510622856,-0.1170108,-0.2917264,-0.9493177,-0.99050266,0.10377315,0.09019756,0.072200656,0.95085585,-0.30109835
1356510622896,-0.18172997,-0.23812887,-0.9540801,-0.981604,0.10169613,0.16159034,0.05854693,0.9658947,-0.2522295
1356510622938,-0.22622529,-0.19052696,-0.95526,-0.9731116,0.08781102,0.21293896,0.043311715,0.9777468,-0.20526904
1356510622978,-0.24863964,-0.15151495,-0.9566721,-0.96823317,0.06591374,0.24120513,0.026511699,0.9862548,-0.16309059
1356510623017,-0.24856234,-0.121563464,-0.9609574,-0.9685807,0.039659083,0.2455172,0.00826484,0.99179107,-0.1276018
1356510623056,-0.2274465,-0.09959799,-0.9686837,-0.9737291,0.012085915,0.22738853,-0.010940045,0.99495435,-0.09973031
1356510623096,-0.190094,-0.08332154,-0.9782238,-0.98128533,-0.01504612,0.1919705,-0.030713767,0.9964092,-0.078902006
1356510623136,-0.14367431,-0.06923151,-0.98720044,-0.98837733,-0.040038466,0.1466535,-0.04967898,0.99679685,-0.06267434
1356510623176,-0.098041534,-0.053853095,-0.9937241,-0.99311787,-0.058989704,0.10117856,-0.06406829,0.99680495,-0.047699034
1356510623216,-0.061373293,-0.036142528,-0.9974603,-0.99572915,-0.06683755,0.063688606,-0.06896967,0.99710906,-0.03188616
1356510623256,-0.036938965,-0.018402964,-0.99914813,-0.9973352,-0.062267065,0.038018823,-0.062913686,0.9978899,-0.016053855
1356510623296,-0.026331544,-0.0038021207,-0.99964607,-0.9984563,-0.048822463,0.02648592,-0.04890582,0.9988003,-0.0025107563
1356510623338,-0.03217125,0.0057162046,-0.999466,-0.9989686,-0.032243848,0.03197086,-0.032043874,0.9994637,0.0067476034
1356510623378,-0.05845666,0.010223776,-0.99823755,-0.99816525,-0.016400874,0.05828446,-0.015776098,0.99981314,0.011163771
1356510623416,-0.10806155,0.010617912,-0.9940876,-0.9941438,-0.002128601,0.10804489,-9.687543E-4,0.99994147,0.010785699
1356510623491,-0.17016608,0.002953887,-0.9854109,-0.9853072,0.01430124,0.17019108,0.01459527,0.9998933,4.7695637E-4
1356510623496,-0.257582,-0.009370804,-0.966211,-0.96579623,0.03335637,0.25714794,0.029819608,0.99939966,-0.01764226
1356510623523,-0.32476193,-0.030029982,-0.94531894,-0.9447253,0.057842374,0.32272047,0.044988215,0.99787396,-0.047155082
1356510623567,-0.34676588,-0.078855336,-0.934631,-0.93592435,0.09457028,0.33926678,0.061635286,0.99239016,-0.10659635
1356510623606,-0.34079707,-0.15310955,-0.9275855,-0.93685484,0.13767976,0.32147685,0.07848856,0.9785713,-0.19036227
1356510623648,-0.31725383,-0.24008822,-0.91744626,-0.94377184,0.174779,0.28061903,0.09297705,0.9548874,-0.2820378
1356510623690,-0.29993534,-0.31416187,-0.9007448,-0.9484558,0.19948572,0.24624577,0.102324724,0.9281745,-0.3578015
1356510623726,-0.3069438,-0.35443085,-0.8832691,-0.9458508,0.21657923,0.24178442,0.10560188,0.909655,-0.4017164
1356510623766,-0.33865702,-0.35630634,-0.87083703,-0.9353522,0.2279324,0.27048668,0.10211587,0.9061415,-0.41046292
1356510623806,-0.37925193,-0.33020383,-0.8643688,-0.92063946,0.22823545,0.31675145,0.09268704,0.9159006,-0.39055747
1356510623846,-0.41485012,-0.2892893,-0.86267674,-0.9064314,0.21398163,0.3641347,0.07925671,0.93301857,-0.35099125
