1356510166805,0.01748097,-0.13280185,-0.99098843,0.19485341,0.9725887,-0.12689891,0.9806766,-0.19087917,0.042878687
1356510166826,-0.18731785,-0.9793831,-0.075636655,0.056435853,0.06614238,-0.99621296,0.9806769,-0.19087705,0.04288262
1356510166858,-0.18728048,-0.9793854,-0.07569799,0.056472987,0.06619924,-0.996207,0.9806818,-0.19084501,0.042911053
1356510166894,-0.18720204,-0.97939146,-0.0758152,0.05651298,0.06631422,-0.99619716,0.98069453,-0.19077462,0.04293412
1356510166932,-0.18707657,-0.9794019,-0.07598862,0.05638963,0.066520154,-0.99619037,0.9807255,-0.19064885,0.042783797
1356510166974,-0.18704474,-0.97941136,-0.075944185,0.055735826,0.06660348,-0.99622154,0.9807689,-0.19057083,0.04213053
1356510167012,-0.18721569,-0.97941226,-0.07551119,0.054106534,0.06647229,-0.99632025,0.98082757,-0.19061244,0.040547967
1356510167052,-0.1875689,-0.97938925,-0.07493058,0.051303685,0.06641209,-0.9964725,0.9809108,-0.19075146,0.037789464
1356510167095,-0.1881262,-0.9794017,-0.073354095,0.047081262,0.06560874,-0.996734,0.9810157,-0.19096538,0.033768773
1356510167134,-0.18884611,-0.97940326,-0.07145929,0.041958213,0.06465477,-0.9970252,0.98110986,-0.19128269,0.028884232
1356510167173,-0.18970412,-0.9794054,-0.06911841,0.036925882,0.0632301,-0.9973156,0.9811467,-0.19174713,0.024170399
1356510167215,-0.19079232,-0.97938335,-0.06638205,0.03263268,0.061258852,-0.9975884,0.9810879,-0.19249842,0.020272195
1356510167254,-0.19223881,-0.9793066,-0.06326771,0.029450536,0.05868399,-0.9978421,0.9809061,-0.19368723,0.017559767
1356510167294,-0.19413239,-0.9791491,-0.059829295,0.027276516,0.055578113,-0.9980816,0.980596,-0.19539195,0.015918314
1356510167334,-0.19642037,-0.9789119,-0.056131035,0.025696158,0.052087426,-0.9983119,0.9801831,-0.19753107,0.014923155
1356510167375,-0.19876182,-0.978642,-0.05247432,0.0243088,0.048603177,-0.9985223,0.9797463,-0.19974372,0.014129162
1356510167414,-0.20063877,-0.97842,-0.049379945,0.023084283,0.045669198,-0.9986899,0.97939324,-0.20151582,0.013423085
1356510167453,-0.20154482,-0.97832847,-0.047468454,0.02248624,0.043828666,-0.998786,0.9792212,-0.20236751,0.013165474
1356510167495,-0.20113403,-0.97842,-0.047321588,0.023288816,0.0435189,-0.9987811,0.9792869,-0.20199093,0.014033139
1356510167542,-0.19932139,-0.9786982,-0.049202174,0.026113331,0.044887006,-0.99865067,0.9795861,-0.20033726,0.016610086
1356510167574,-0.19626713,-0.9791169,-0.053002775,0.03094688,0.047841907,-0.9983754,0.98006195,-0.19758856,0.02091086
1356510167614,-0.1921395,-0.9796215,-0.058514357,0.03730461,0.052291453,-0.9979348,0.9806583,-0.19392562,0.026497185
1356510167653,-0.18730271,-0.9801368,-0.06518975,0.04407984,0.05791086,-0.9973482,0.9813129,-0.1896795,0.032357395
1356510167693,-0.18237758,-0.9805789,-0.072134465,0.049805492,0.06405723,-0.99670255,0.98196626,-0.18536887,0.03715563
1356510167733,-0.17815596,-0.9808852,-0.078259885,0.053186595,0.06981695,-0.99614096,0.9825638,-0.18163088,0.03973168
1356510167773,-0.17536342,-0.98100746,-0.082897246,0.05382213,0.07452321,-0.99576575,0.98303145,-0.17908257,0.039731264
1356510167844,-0.17440611,-0.9809829,-0.0851773,0.05230546,0.07715124,-0.9956465,0.98328364,-0.17810202,0.03785503
1356510167853,-0.17512894,-0.98082125,-0.0855543,0.049998432,0.077925146,-0.99570465,0.9832751,-0.17865431,0.035392582
1356510167891,-0.17699194,-0.9805518,-0.084805995,0.047933638,0.07747626,-0.99584126,0.9830444,-0.18032089,0.033288717
1356510167932,-0.17934561,-0.9802114,-0.08378962,0.04641807,0.07664436,-0.99597734,0.98269045,-0.18251354,0.03175372
1356510167972,-0.18156606,-0.97984076,-0.08334112,0.04521835,0.07634127,-0.99605584,0.98233855,-0.18461847,0.030445874
1356510168014,-0.18316859,-0.97947925,-0.084080994,0.043818653,0.077308536,-0.9960438,0.9821045,-0.18612823,0.028758943
1356510168054,-0.1838488,-0.97915244,-0.08637199,0.04160416,0.08003962,-0.99592304,0.98207366,-0.18669268,0.02602166
1356510168093,-0.18348944,-0.9788717,-0.0902324,0.037841797,0.08468908,-0.99568856,0.9822931,-0.18611285,0.021502674
1356510168133,-0.18206263,-0.97864115,-0.095470905,0.031648993,0.09121102,-0.99532855,0.9827775,-0.1842337,0.014366925
1356510168174,-0.17961031,-0.9784646,-0.10172084,0.022135615,0.09935635,-0.9948057,0.9834888,-0.18092906,0.0038135052
1356510168213,-0.17614049,-0.9783541,-0.10861784,0.008633345,0.10880345,-0.99402577,0.98432714,-0.17602593,-0.010718226
1356510168254,-0.17135495,-0.9783205,-0.11630356,-0.00915736,0.119626105,-0.9927768,0.9851668,-0.16905218,-0.02945733
1356510168294,-0.16482785,-0.9783412,-0.1252205,-0.031116337,0.13205168,-0.99075437,0.9858314,-0.15940753,-0.052208185
1356510168334,-0.1565431,-0.97838086,-0.13514897,-0.05697483,0.14555356,-0.98770845,0.9860264,-0.14691886,-0.078528464
1356510168373,-0.14705595,-0.97850585,-0.14457113,-0.08606577,0.15826401,-0.98363876,0.98537666,-0.1322073,-0.107489526
1356510168413,-0.13688838,-0.9789133,-0.15162522,-0.11724147,0.16800082,-0.97879016,0.9836239,-0.116208196,-0.1377666
1356510168454,-0.12611458,-0.9798464,-0.15490648,-0.14916176,0.17310825,-0.9735421,0.9807373,-0.09967172,-0.16798711
1356510168493,-0.11444518,-0.98148173,-0.15360984,-0.18085033,0.17262575,-0.9682425,0.9768293,-0.08303025,-0.19725746
1356510168534,-0.101410955,-0.983868,-0.14737543,-0.21182796,0.16609684,-0.9630892,0.97203124,-0.06644955,-0.22525477
1356510168574,-0.08644542,-0.9868757,-0.13639417,-0.24192113,0.15360281,-0.9580607,0.96643746,-0.049823344,-0.25202435
1356510168614,-0.06906158,-0.9901942,-0.12143302,-0.27112222,0.13577157,-0.9529212,0.9600642,-0.03288704,-0.27784026
1356510168654,-0.049111933,-0.993399,-0.10366523,-0.29956937,0.11366263,-0.9472798,0.9528097,-0.015467793,-0.30317414
1356510168694,-0.026901305,-0.9960836,-0.084224194,-0.32739326,0.08838701,-0.9407451,0.9445051,0.0022671223,-0.32848877
1356510168733,-0.0030927658,-0.99791306,-0.064497024,-0.35464615,0.06139958,-0.9329824,0.9349954,0.01998806,-0.35409594
1356510168792,0.021497697,-0.99870026,-0.04621324,-0.38106596,0.034549385,-0.9239021,0.9242979,0.03747207,-0.37982792
1356510168803,0.045597583,-0.9985672,-0.028008878,-0.4034541,0.0072411,-0.9149713,0.91386306,0.053020775,-0.40254587
1356510168846,0.06724462,-0.9976397,-0.013898879,-0.42209262,-0.015822679,-0.9064146,0.90405536,0.06681815,-0.4221604
1356510168879,0.08732185,-0.9961399,0.008956969,-0.43099186,-0.045884103,-0.9011885,0.8981208,0.074833065,-0.4333349
1356510168912,0.104261816,-0.99371654,0.040704846,-0.429707,-0.081920326,-0.89924467,0.89692885,0.07626569,-0.43554807
1356510168952,0.11619115,-0.9888027,0.09364185,-0.41071808,-0.1336751,-0.90190995,0.9043286,0.06633353,-0.421651
1356510168992,0.12362248,-0.9773054,0.17202243,-0.37437537,-0.20647496,-0.90399736,0.9189998,0.047353446,-0.39140403
1356510169032,0.12525782,-0.95291024,0.27617463,-0.3235373,-0.30238232,-0.8965982,0.937888,0.022953123,-0.34617773
1356510169072,0.118667245,-0.9067084,0.4047196,-0.2638499,-0.42174053,-0.867478,0.9572363,-0.003843993,-0.28928173
1356510169112,0.10107112,-0.83001983,0.5484995,-0.20418623,-0.55689245,-0.80509543,0.97370046,-0.030624151,-0.2257643
1356510169152,0.07197279,-0.72404957,0.6859826,-0.1545305,-0.6875564,-0.70949745,0.985363,-0.05494073,-0.1613731
1356510169192,0.035607576,-0.60841805,0.7928175,-0.12080465,-0.7901235,-0.6009251,0.9920374,-0.07437858,-0.101634085
1356510169233,-8.7171793E-4,-0.51259464,0.85863036,-0.10107346,-0.85418844,-0.51004547,0.9948786,-0.08722933,-0.051065147
1356510169273,-0.031796634,-0.45726442,0.8887621,-0.088345945,-0.8844454,-0.4582042,0.9955822,-0.0930879,-0.01227501
1356510169313,-0.054894626,-0.44644076,0.8931277,-0.07633011,-0.88998264,-0.44956023,0.9955703,-0.09285104,0.014778495
1356510169354,-0.070397556,-0.4721195,0.87871915,-0.061999068,-0.8771306,-0.47623307,0.9955904,-0.08800544,0.03247693
1356510169394,-0.079028964,-0.523134,0.84857833,-0.044604465,-0.84853256,-0.5272598,0.9958739,-0.07951918,0.043724537
1356510169433,-0.08030385,-0.5917101,0.8021413,-0.024406463,-0.8033318,-0.59503156,0.99647164,-0.0673607,0.050068974
1356510169474,-0.07303518,-0.67163265,0.7372757,-0.0030495226,-0.73909616,-0.67359304,0.9973247,-0.051444292,0.05193183
1356510169514,-0.058355927,-0.751768,0.6568406,0.015860707,-0.65857697,-0.75234616,0.99816984,-0.03348592,0.05035545
1356510169553,-0.041953623,-0.817065,0.575017,0.028572649,-0.57626945,-0.81676006,0.9987109,-0.017836332,0.04752241
1356510169593,-0.031890094,-0.85772866,0.51311255,0.03373128,-0.5140048,-0.85712373,0.998922,-0.010025829,0.045324013
1356510169634,-0.033340037,-0.87342167,0.48582217,0.03163734,-0.4867711,-0.8729565,0.9989432,-0.013734281,0.043861657
1356510169673,-0.04502827,-0.8692427,0.49233064,0.022116065,-0.49357712,-0.86942077,0.9987408,-0.028260142,0.04144922
1356510169713,-0.060611665,-0.8514785,0.52087486,0.005318165,-0.52210236,-0.8528663,0.99814725,-0.048923522,0.03617376
1356510169754,-0.07345611,-0.82519007,0.5600586,-0.016863585,-0.5604677,-0.8280046,0.9971559,-0.070266575,0.027254045
1356510169794,-0.07967913,-0.79291534,0.60409975,-0.041862816,-0.6028302,-0.7967705,0.99594116,-0.08877528,0.014839321
1356510169846,-0.077338934,-0.7558568,0.6501532,-0.067727506,-0.646617,-0.7598022,0.9947018,-0.10279557,-0.0011835843
1356510169874,-0.06425172,-0.7167127,0.6944022,-0.093135625,-0.68849623,-0.7192347,0.9935781,-0.11088568,-0.022514373
1356510169914,-0.03737396,-0.68124384,0.73110193,-0.11720103,-0.72357565,-0.68022215,0.99240476,-0.11110848,-0.052799582
1356510169953,0.0064821243,-0.65866363,0.7524096,-0.1403481,-0.7455769,-0.65147316,0.99008095,-0.101376325,-0.09727505
1356510169993,0.06676084,-0.6519471,0.75531983,-0.16473849,-0.75382155,-0.636093,0.9840753,-0.081964135,-0.15772653
1356510170034,0.13547921,-0.6542127,0.74407727,-0.19136456,-0.75413835,-0.6282157,0.9721239,-0.057279855,-0.22736321
1356510170073,0.1986543,-0.6507373,0.73285574,-0.21496412,-0.75848097,-0.61522114,0.9562045,-0.035321355,-0.29056066
1356510170113,0.24421924,-0.6294671,0.7376504,-0.2260887,-0.7766809,-0.58792067,0.94299567,-0.023192883,-0.33199584
1356510170154,0.2667927,-0.58648777,0.7647573,-0.21988212,-0.8096323,-0.5441942,0.93833554,-0.022969395,-0.34496218
1356510170193,0.2658502,-0.5246613,0.8087362,-0.19974044,-0.85069907,-0.48622516,0.9430946,-0.032274276,-0.33095458
1356510170233,0.24375904,-0.45220748,0.8579568,-0.17431071,-0.89066344,-0.41992188,0.9540426,-0.047191337,-0.29593188
1356510170274,0.20516866,-0.3804772,0.90174437,-0.15166025,-0.92257494,-0.35475996,0.9669049,-0.06397316,-0.24698675
1356510170314,0.1568389,-0.32210624,0.9336215,-0.13547948,-0.9434009,-0.30272102,0.9782877,-0.07900813,-0.19160074
1356510170353,0.10536951,-0.28584024,0.95246655,-0.12413082,-0.9540879,-0.27259445,0.9866553,-0.08950731,-0.13601336
1356510170393,0.055901587,-0.27615526,0.959486,-0.113754146,-0.9564928,-0.26866624,0.991935,-0.094126634,-0.08488327
1356510170434,0.012078106,-0.29437956,0.9556122,-0.101017654,-0.9511518,-0.29172873,0.9948113,-0.09301018,-0.041225646
1356510170474,-0.023495078,-0.33931226,0.94038033,-0.08403398,-0.93664074,-0.34006247,0.9961859,-0.08701369,-0.0065073706
1356510170513,-0.048674464,-0.4081247,0.91162765,-0.062421843,-0.9096824,-0.4105867,0.9968622,-0.07689056,0.018802408
1356510170553,-0.06161326,-0.49570522,0.86630255,-0.03732702,-0.86620003,-0.49830133,0.9974019,-0.06303848,0.034866214
1356510170594,-0.061854243,-0.5935605,0.80240875,-0.011775196,-0.8034582,-0.5952445,0.9980157,-0.046266943,0.042708136
1356510170634,-0.052983046,-0.68844366,0.7233521,0.0096381605,-0.72468835,-0.6890094,0.998549,-0.029533982,0.045031488
1356510170674,-0.042372525,-0.7662669,0.64112365,0.023158312,-0.6422808,-0.76611936,0.9988334,-0.01761511,0.044960573
1356510170714,-0.03816402,-0.8209423,0.5697346,0.027665347,-0.5707994,-0.8206234,0.9988885,-0.015556395,0.044495612
1356510170754,-0.043587267,-0.8548441,0.51705086,0.024246365,-0.5182954,-0.8548578,0.99875534,-0.024724364,0.04331799
1356510170794,-0.055451035,-0.87434065,0.48213455,0.014913619,-0.48354894,-0.8751904,0.99835,-0.041339785,0.039852798
1356510170842,-0.068188906,-0.8847844,0.46098465,0.0019251704,-0.4621759,-0.88678616,0.9976706,-0.05958152,0.03321868
1356510170874,-0.07810849,-0.88871413,0.451759,-0.01336807,-0.452169,-0.89183205,0.99685526,-0.07569879,0.023437858
1356510170932,-0.083541155,-0.8866224,0.45488626,-0.03086844,-0.45396042,-0.89048696,0.9960261,-0.08843395,0.010555744
1356510170952,-0.08291578,-0.8784052,0.47066906,-0.051323444,-0.4679047,-0.8822875,0.99523413,-0.097311884,-0.0062861443
1356510170992,-0.07251203,-0.8660257,0.4947137,-0.07658592,-0.48972017,-0.86850953,0.9944228,-0.10086545,-0.030814826
1356510171028,-0.04753542,-0.85284114,0.5200021,-0.10840505,-0.51311105,-0.85144895,0.99296963,-0.09684491,-0.06806132
1356510171072,-0.004558921,-0.8448709,0.5349506,-0.14824733,-0.5284739,-0.83590543,0.98893976,-0.083115816,-0.12284055
1356510171112,0.051017642,-0.84123224,0.53826153,-0.19331235,-0.5370884,-0.8210763,0.9798099,-0.062163234,-0.19002151
1356510171152,0.106998265,-0.8370538,0.53655607,-0.2361412,-0.54560715,-0.80408347,0.9658099,-0.040667474,-0.2560419
1356510171192,0.15109521,-0.8242734,0.54565895,-0.26521176,-0.56556094,-0.78089917,0.9522778,-0.026725024,-0.30406052
1356510171232,0.17734945,-0.7983475,0.57548976,-0.27321848,-0.6017134,-0.7505282,0.9454622,-0.024128675,-0.32483685
1356510171272,0.1847269,-0.75754744,0.62609726,-0.26089758,-0.6520032,-0.71191585,0.94752747,-0.031837255,-0.31808484
1356510171312,0.17387885,-0.7025976,0.6900164,-0.23498707,-0.7100515,-0.6637831,0.9563196,-0.04672709,-0.28856432
1356510171352,0.14728743,-0.6389017,0.755057,-0.20444937,-0.76656204,-0.60875535,0.9677328,-0.06470889,-0.243528
1356510171392,0.10990983,-0.577005,0.8093114,-0.17564265,-0.8127054,-0.5555714,0.97829926,-0.08108686,-0.19067101
1356510171432,0.06825292,-0.52922773,0.8457302,-0.15005013,-0.8435098,-0.51572883,0.98631966,-0.091701955,-0.13698271
1356510171472,0.028290331,-0.5047595,0.86279637,-0.12587208,-0.85807014,-0.49786732,0.991643,-0.09451714,-0.08781021
1356510171512,-0.005833745,-0.5070262,0.8619109,-0.10101874,-0.85721743,-0.504949,0.9948674,-0.090014905,-0.0462183
1356510171552,-0.031665564,-0.53420365,0.8447626,-0.07462986,-0.8415634,-0.53497803,0.99670845,-0.0799849,-0.013218962
1356510171593,-0.047638416,-0.58142716,0.8122026,-0.04730928,-0.81089985,-0.5832694,0.9977436,-0.06621075,0.0111230835
1356510171634,-0.05245477,-0.6418594,0.7650261,-0.020753771,-0.7652146,-0.6434406,0.9984076,-0.049628675,0.026818171
1356510171674,-0.047225356,-0.7064327,0.7062029,0.002059728,-0.70705914,-0.7071514,0.9988821,-0.031940877,0.034846187
1356510171714,-0.037192523,-0.7633935,0.64486206,0.018029243,-0.6457161,-0.7633647,0.9991455,-0.016765088,0.037779257
1356510171754,-0.03062731,-0.80397844,0.59386915,0.025233,-0.5945804,-0.80364007,0.9992123,-0.009628236,0.038497254
1356510171793,-0.033241868,-0.8261558,0.56246024,0.023400784,-0.5632603,-0.825948,0.99917334,-0.014294088,0.038056597
1356510171847,-0.04470849,-0.8328776,0.55164844,0.013061643,-0.55264074,-0.83331716,0.99891466,-0.030050963,0.03558652
1356510171873,-0.05957663,-0.8286678,0.556561,-0.0035671592,-0.5573711,-0.83025575,0.99821734,-0.05144921,0.030250356
1356510171914,-0.0726316,-0.8163955,0.57290745,-0.023995697,-0.5728279,-0.8193243,0.9970701,-0.073256195,0.022015482
1356510171954,-0.080705464,-0.796651,0.59902745,-0.046398968,-0.5973336,-0.8006495,0.9956575,-0.09241101,0.011244312
1356510171994,-0.08166218,-0.7695332,0.63336396,-0.070147395,-0.6294727,-0.7738498,0.9941884,-0.1076231,-0.0025766343
1356510172034,-0.072285175,-0.73644775,0.67262137,-0.09520173,-0.6662118,-0.7396611,0.99283004,-0.11750123,-0.02195388
1356510172074,-0.04747206,-0.7024181,0.7101798,-0.1218054,-0.7016046,-0.7020787,0.9914181,-0.119832814,-0.052251726
1356510172113,-0.0025435686,-0.67463493,0.7381472,-0.15019915,-0.72951806,-0.66726583,0.9886525,-0.11256629,-0.09947406
1356510172154,0.06308675,-0.65872353,0.7497355,-0.18062066,-0.74636245,-0.6405616,0.98152745,-0.095006794,-0.16606462
1356510172194,0.13882601,-0.6485064,0.74844295,-0.21012032,-0.75784254,-0.6176765,0.96776897,-0.071513504,-0.24147263
1356510172234,0.206559,-0.63210064,0.7468481,-0.23168932,-0.77319956,-0.59032404,0.9506068,-0.051099986,-0.3061623
1356510172274,0.25156313,-0.599321,0.75995415,-0.23809534,-0.79939693,-0.5516114,0.9380973,-0.042176455,-0.34379435
1356510172314,0.2686662,-0.5472776,0.7926574,-0.22821869,-0.83564883,-0.4996071,0.935807,-0.04667169,-0.34940958
1356510172354,0.25916547,-0.47908676,0.83863527,-0.2075947,-0.87563974,-0.4360728,0.94325906,-0.06108123,-0.32639146
1356510172394,0.22782266,-0.40278146,0.8864896,-0.18475822,-0.9117737,-0.3667876,0.9560132,-0.08022374,-0.2821399
1356510172434,0.18165487,-0.32951245,0.9265112,-0.16618735,-0.9389218,-0.301343,0.96921784,-0.09923404,-0.22532052
1356510172474,0.12865812,-0.27025044,0.954155,-0.15303983,-0.95603615,-0.25014734,0.9798091,-0.113840215,-0.16436088
1356510172514,0.07606572,-0.23271611,0.9695655,-0.14195001,-0.96500593,-0.22048524,0.98694694,-0.12085846,-0.10643792
1356510172554,0.029298246,-0.22047868,0.9749516,-0.12847993,-0.96811026,-0.2150706,0.99127924,-0.11896053,-0.05669102
1356510172594,-0.008166134,-0.23376817,0.97225803,-0.11008337,-0.9661707,-0.23322913,0.9938888,-0.10893404,-0.01784411
1356510172634,-0.034546673,-0.27012062,0.9622064,-0.08670925,-0.95834047,-0.27214852,0.9956344,-0.09283405,0.009685636
1356510172674,-0.049220204,-0.3253851,0.9442997,-0.059922606,-0.94278055,-0.327985,0.9969888,-0.07272838,0.026905864
1356510172714,-0.05239153,-0.3939121,0.91765374,-0.032122344,-0.9177755,-0.39579833,0.9981099,-0.050213665,0.035430282
1356510172754,-0.046352446,-0.46786,0.88258624,-0.006581992,-0.8833737,-0.4686231,0.9989035,-0.027531013,0.037867077
1356510172794,-0.03691864,-0.5369512,0.84280515,0.012700796,-0.8435641,-0.53687835,0.99923754,-0.00911653,0.037962884
1356510172847,-0.03178197,-0.59176904,0.8054808,0.02221793,-0.80610704,-0.59135246,0.99924785,-8.982718E-4,0.038767606
1356510172874,-0.035907924,-0.6279527,0.77742267,0.020241678,-0.7782217,-0.62766325,0.99915004,-0.0068017542,0.040655203
1356510172914,-0.048030972,-0.6472955,0.7607244,0.007961065,-0.7618273,-0.6477312,0.9988141,-0.025055021,0.041744508
1356510172953,-0.062348187,-0.654485,0.7534998,-0.010442585,-0.7544995,-0.65621734,0.9979997,-0.048782498,0.040207267
1356510172994,-0.07392925,-0.6530739,0.753677,-0.031242222,-0.7538575,-0.6562948,0.9967741,-0.07206595,0.035328567
1356510173034,-0.08015823,-0.64403546,0.7607845,-0.05212745,-0.7594876,-0.6484299,0.9954182,-0.09163475,0.027307272
1356510173074,-0.07936609,-0.6279272,0.7742147,-0.07276124,-0.7709438,-0.6327332,0.99418646,-0.106550395,0.015498087
1356510173113,-0.06839591,-0.6060965,0.792445,-0.09348607,-0.7869165,-0.60993683,0.99326855,-0.11579974,-0.002839744
1356510173154,-0.041062832,-0.58313745,0.811335,-0.11497396,-0.8038682,-0.58358973,0.99251944,-0.11724627,-0.034036532
1356510173194,0.008132637,-0.56265247,0.82665354,-0.1378394,-0.81942016,-0.55637306,0.99042124,-0.10942067,-0.084219724
1356510173234,0.07897866,-0.5467456,0.8335656,-0.16243465,-0.8320605,-0.53036803,0.9835534,-0.09351218,-0.15452546
1356510173274,0.15994388,-0.53028756,0.8325942,-0.18669124,-0.84448093,-0.5019944,0.9693113,-0.07514709,-0.23406959
1356510173313,0.23164386,-0.5045407,0.83173305,-0.20424242,-0.8611558,-0.4655059,0.9511184,-0.062043607,-0.30253005
1356510173354,0.27918077,-0.46430218,0.84052455,-0.2094125,-0.8836993,-0.41859522,0.9371257,-0.059152603,-0.34394252
1356510173394,0.29843134,-0.40928987,0.86221844,-0.20158705,-0.9100348,-0.3622146,0.93289953,-0.06571588,-0.35409042
1356510173434,0.29189616,-0.3442872,0.8923357,-0.18552485,-0.9356276,-0.30030248,0.9382842,-0.077893294,-0.33697993
1356510173474,0.26535076,-0.27682963,0.9235553,-0.16746306,-0.95656747,-0.23861027,0.9494973,-0.09134599,-0.30018464
1356510173514,0.2257517,-0.21563283,0.9500203,-0.15162516,-0.9710882,-0.18438432,0.9623128,-0.1024219,-0.25192016
1356510173554,0.17955762,-0.16780724,0.96932954,-0.13837974,-0.9798552,-0.14399609,0.9739662,-0.10827997,-0.19916159
1356510173594,0.13202232,-0.13755377,0.98165625,-0.12565015,-0.98465866,-0.12107587,0.9832508,-0.10736054,-0.14728057
1356510173633,0.087111354,-0.12595999,0.9882033,-0.11153362,-0.9869706,-0.11597104,0.9899353,-0.10011549,-0.10002512
1356510173674,0.04752195,-0.13155243,0.9901695,-0.09489628,-0.9874004,-0.1266301,0.9943522,-0.08794569,-0.059407026
1356510173714,0.015441537,-0.15302911,0.988101,-0.075999446,-0.98553973,-0.15144476,0.9969883,-0.07275659,-0.026848376
1356510173754,-0.0073124766,-0.18736824,0.9822626,-0.054920487,-0.980731,-0.18748493,0.998464,-0.055317312,-0.0031188428
1356510173793,-0.020023763,-0.23152111,0.97262377,-0.032415107,-0.972157,-0.23207736,0.99927384,-0.036174767,0.01196152
1356510173847,-0.024292946,-0.28081024,0.9594558,-0.010481432,-0.9596148,-0.28112215,0.99964994,-0.016885757,0.020368516
1356510173873,-0.025157988,-0.32897455,0.94400364,0.006450489,-0.9443363,-0.32891855,0.9996627,-0.002185613,0.025879592
1356510173914,-0.02840674,-0.36943108,0.9288238,0.013283759,-0.92925626,-0.36919683,0.99950814,0.0018505901,0.031304628
1356510173953,-0.036210656,-0.3993209,0.91609585,0.00809142,-0.91678417,-0.39930108,0.99931145,-0.007046461,0.036428425
1356510173994,-0.04641646,-0.41950393,0.90656596,-0.0069361776,-0.9073869,-0.42023897,0.9988981,-0.025794134,0.039208
1356510174034,-0.054966807,-0.43251777,0.89994836,-0.026273265,-0.90037245,-0.43432623,0.9981425,-0.04751809,0.03812689
1356510174074,-0.059340835,-0.43974683,0.89615923,-0.04587394,-0.89559144,-0.4425059,0.99718314,-0.067369044,0.032972276
1356510174113,-0.05869913,-0.44115108,0.895511,-0.064174786,-0.89353466,-0.44438404,0.99621075,-0.08355421,0.024139047
1356510174154,-0.05180806,-0.4369993,0.89796853,-0.08122924,-0.8943527,-0.43992612,0.995348,-0.09573302,0.010837615
1356510174194,-0.03536707,-0.4283893,0.9029018,-0.097231254,-0.8977059,-0.42973268,0.99463326,-0.10298866,-0.00990361
1356510174234,-0.0031584501,-0.41950387,0.9077481,-0.11211163,-0.90188116,-0.41718268,0.9936906,-0.103086784,-0.044182725
1356510174274,0.05068022,-0.4142555,0.90874857,-0.1255489,-0.90534204,-0.40570086,0.9907921,-0.093531355,-0.097892255
1356510174314,0.12459904,-0.4125489,0.9023738,-0.13734889,-0.9078768,-0.39609975,0.9826547,-0.07458641,-0.16978371
1356510174354,0.20395553,-0.40821755,0.8898093,-0.14690007,-0.9113851,-0.3844445,0.9678959,-0.052303463,-0.24584922
1356510174394,0.26765347,-0.39375907,0.87938356,-0.15220962,-0.91850173,-0.36494768,0.95141673,-0.03617114,-0.3057741
1356510174434,0.30254483,-0.36658943,0.8798175,-0.15169746,-0.9298312,-0.33526385,0.9409859,-0.032033756,-0.3369263
1356510174474,0.30729342,-0.32926542,0.8928354,-0.14628251,-0.9434249,-0.29757506,0.9403043,-0.039163336,-0.33807403
1356510174514,0.28714657,-0.28698248,0.9138862,-0.13882188,-0.95646036,-0.25673348,0.94777393,-0.053147264,-0.31448376
1356510174553,0.24948621,-0.24594939,0.9366245,-0.1321562,-0.96680754,-0.21867308,0.95931816,-0.06922481,-0.27370888
1356510174594,0.2015453,-0.2120305,0.9562544,-0.12706396,-0.97369874,-0.18911774,0.97120243,-0.083389685,-0.22318584
1356510174634,0.14958572,-0.18979001,0.9703627,-0.121905915,-0.97745705,-0.17238525,0.9812049,-0.092506595,-0.16935015
1356510174674,0.09867954,-0.18202335,0.97833014,-0.11421824,-0.9787029,-0.17057204,0.9885427,-0.094911166,-0.11736834
1356510174714,0.052555144,-0.18965086,0.980444,-0.102423005,-0.9776469,-0.18361957,0.99335164,-0.09076987,-0.07080498
1356510174754,0.013765454,-0.21233937,0.97709906,-0.08638641,-0.97379047,-0.21040335,0.9961666,-0.081511796,-0.031747907
1356510174794,-0.015928686,-0.24889643,0.96839917,-0.06677605,-0.966095,-0.24940257,0.99764085,-0.06863852,-0.0012317598
1356510174846,-0.03524041,-0.29770264,0.954008,-0.044566482,-0.9531832,-0.2990915,0.9983847,-0.05305689,0.02032301
1356510174873,-0.043772936,-0.35625058,0.93336457,-0.021154359,-0.9337201,-0.35737836,0.9988175,-0.03538823,0.03333542
1356510174913,-0.04364717,-0.42045492,0.90626293,6.939322E-4,-0.90713996,-0.4208284,0.99904674,-0.017739117,0.039885912
1356510174953,-0.039949656,-0.4839662,0.8741743,0.016618937,-0.87507355,-0.48370457,0.99906343,-0.0047959834,0.043001886
1356510174994,-0.0386073,-0.5407294,0.8403102,0.022317767,-0.841194,-0.5402727,0.9990052,-0.0021046102,0.044544093
1356510175033,-0.042089164,-0.58799076,0.8077719,0.017298728,-0.80879605,-0.58783484,0.9989641,-0.010768026,0.044212997
1356510175074,-0.048852384,-0.62561524,0.7786007,0.00438115,-0.7796581,-0.62619,0.99879634,-0.027179718,0.040829144
1356510175114,-0.055654585,-0.6549313,0.7536363,-0.011653036,-0.7543288,-0.6563935,0.99838215,-0.045313418,0.034349814
1356510175154,-0.060562134,-0.6760316,0.7343797,-0.02813062,-0.734282,-0.67826146,0.997768,-0.06173557,0.02545248
1356510175194,-0.06249112,-0.6882763,0.72275215,-0.044647783,-0.7215147,-0.69095826,0.9970464,-0.07544801,0.014358193
1356510175234,-0.05903375,-0.6918123,0.7196603,-0.062312275,-0.7169579,-0.6943259,0.9963093,-0.08583233,-7.8369677E-4
1356510175274,-0.044986904,-0.6891403,0.72323006,-0.083122104,-0.7188704,-0.6901565,0.9955234,-0.09116441,-0.024943039
1356510175313,-0.014015734,-0.6853591,0.7280704,-0.10913968,-0.72274286,-0.6824451,0.9939276,-0.08902633,-0.0646701
1356510175354,0.036482573,-0.6858686,0.72681046,-0.14154607,-0.72350866,-0.67564785,0.98925924,-0.07822776,-0.12347752
1356510175394,0.09884226,-0.69010454,0.71692806,-0.1785894,-0.72106063,-0.66946054,0.9789464,-0.061864793,-0.19451664
1356510175434,0.15669256,-0.69042635,0.7062287,-0.21317698,-0.7218491,-0.65839916,0.9643666,-0.047385454,-0.2602914
1356510175474,0.19630414,-0.6778879,0.708472,-0.235121,-0.733993,-0.6371596,0.95193636,-0.041499585,-0.30347157
1356510175514,0.21350628,-0.6476886,0.7313785,-0.2385797,-0.76054156,-0.6038677,0.947362,-0.045562506,-0.3169058
1356510175560,0.21054834,-0.5999836,0.771809,-0.2257252,-0.79800993,-0.5587739,0.9511664,-0.056567818,-0.30345106
1356510175592,0.19037986,-0.53765535,0.8213904,-0.20302251,-0.8401683,-0.5028907,0.9604881,-0.071020484,-0.26910728
1356510175629,0.15823674,-0.47153223,0.8675358,-0.17895679,-0.8777501,-0.44444263,0.9710487,-0.08492428,-0.2232762
1356510175658,0.12309688,-0.42063195,0.89884144,-0.16073745,-0.9022212,-0.4002005,0.9792909,-0.095214054,-0.17867193
1356510175701,0.08593267,-0.3772056,0.9221342,-0.14140385,-0.92080593,-0.363485,0.9862153,-0.09915808,-0.13246563
1356510175742,0.04835224,-0.36419424,0.930067,-0.12248814,-0.92629004,-0.35634738,0.99129146,-0.09669198,-0.08939767
1356510175782,0.013680637,-0.38244915,0.9238753,-0.102135345,-0.9196634,-0.3791932,0.9946764,-0.089172736,-0.0516431
1356510175846,-0.015741646,-0.43120536,0.9021164,-0.079362184,-0.8988429,-0.4310255,0.9967215,-0.07837899,-0.02007208
1356510175863,-0.03702557,-0.50620437,0.8616184,-0.053305775,-0.85998154,-0.50753343,0.99789155,-0.06472094,0.004857689
1356510175904,-0.04695791,-0.6015149,0.79748034,-0.024664462,-0.7974194,-0.60292125,0.9985924,-0.04798132,0.022609048
1356510175944,-0.044846356,-0.7034125,0.70936584,0.0027893186,-0.7101656,-0.7040292,0.99899006,-0.029594481,0.033810318
1356510175984,-0.035756648,-0.7917594,0.6097857,0.023988575,-0.61068,-0.791514,0.99907255,-0.013674021,0.040829122
1356510176024,-0.029416978,-0.8531796,0.52078724,0.03609076,-0.52157956,-0.85243905,0.99891543,-0.006280571,0.046135172
1356510176064,-0.033411324,-0.88770294,0.4592027,0.03913012,-0.46026886,-0.8869169,0.9986754,-0.011664361,0.050114095
1356510176104,-0.0477314,-0.9032686,0.4264123,0.034105837,-0.4281237,-0.9030763,0.99827766,-0.02856198,0.051241755
1356510176144,-0.06652886,-0.9077343,0.41423708,0.022541404,-0.4164182,-0.9088937,0.9975298,-0.051130205,0.0481655
1356510176184,-0.08390063,-0.90561277,0.4157238,0.0064281225,-0.417678,-0.90857244,0.9964534,-0.073557466,0.040864795
1356510176224,-0.09676111,-0.8982479,0.42870516,-0.012940705,-0.42955452,-0.90294826,0.9952236,-0.09291801,0.029940158
1356510176264,-0.103321016,-0.88566387,0.4526857,-0.035470307,-0.4515512,-0.89153993,0.99401546,-0.10817167,0.015239894
1356510176302,-0.100669324,-0.86897683,0.4845049,-0.062051684,-0.48054695,-0.874771,0.992983,-0.1181269,-0.005545169
1356510176342,-0.08375442,-0.85332644,0.5146058,-0.09454334,-0.507286,-0.85657597,0.99199134,-0.12039456,-0.038188875
1356510176382,-0.04795015,-0.8467577,0.52981347,-0.13527483,-0.52003163,-0.84336704,0.9896472,-0.11210996,-0.089609444
1356510176422,0.00486058,-0.8534813,0.52110076,-0.18575367,-0.5128081,-0.8381667,0.98258436,-0.092722446,-0.16102979
1356510176462,0.062993705,-0.8664104,0.4953432,-0.24223232,-0.49476093,-0.8345868,0.9681711,-0.0674144,-0.2410394
1356510176503,0.11175662,-0.87250465,0.4756533,-0.29118818,-0.48639375,-0.8237903,0.9501157,-0.04644057,-0.30842078
1356510176544,0.14377254,-0.86410296,0.48234385,-0.31795314,-0.5018999,-0.80436444,0.9371421,-0.037717193,-0.34690365
1356510176584,0.15895957,-0.8388364,0.5206586,-0.31764406,-0.54277694,-0.77749306,0.93479097,-0.04179412,-0.35273093
1356510176624,0.15865588,-0.7955607,0.58473194,-0.2945709,-0.60340184,-0.74103594,0.94236743,-0.05467528,-0.33008224
1356510176663,0.14391392,-0.73536795,0.66221046,-0.25821304,-0.67389935,-0.6922324,0.9553087,-0.07136953,-0.28686512
1356510176704,0.115914464,-0.6632855,0.73933494,-0.2177192,-0.7432175,-0.6326343,0.9691038,-0.087635964,-0.23055966
1356510176744,0.07853633,-0.5940819,0.80056155,-0.18055789,-0.7982374,-0.57464415,0.9804238,-0.099417254,-0.1699568
1356510176784,0.037433803,-0.5446743,0.83781177,-0.1481161,-0.832163,-0.534384,0.9882613,-0.10408941,-0.11182601
1356510176847,-0.0017253757,-0.5297882,0.84812826,-0.1182162,-0.8420742,-0.526247,0.9929864,-0.10117048,-0.061176658
1356510176864,-0.033885896,-0.5574204,0.8295385,-0.08793436,-0.8251334,-0.5580523,0.99554974,-0.09185505,-0.021056026
1356510176904,-0.054231226,-0.62716234,0.77699834,-0.05553764,-0.77504444,-0.6294615,0.99698275,-0.077289134,0.00720042
1356510176944,-0.058772027,-0.72716177,0.68394554,-0.022563964,-0.6839872,-0.72914493,0.99801636,-0.058285832,0.02379167
1356510176984,-0.046511948,-0.83117306,0.554065,0.0055471063,-0.5548717,-0.8319175,0.9989023,-0.0356206,0.030418709
1356510177024,-0.02376765,-0.91191435,0.40969154,0.023127526,-0.41019917,-0.91170263,0.99944985,-0.012193918,0.03083986
1356510177063,-0.0028147101,-0.9589183,0.28366858,0.030275226,-0.28362137,-0.9584583,0.99953765,0.0058903396,0.02982974
1356510177104,0.005717993,-0.98031664,0.19734901,0.032027274,-0.19707143,-0.97986585,0.99947065,0.011923432,0.03026998
1356510177143,-6.594658E-4,-0.9886478,0.15024987,0.031972855,-0.15019393,-0.98813945,0.9994886,0.0041522384,0.031708926
1356510177184,-0.018011868,-0.99098474,0.13275903,0.030039012,-0.13325697,-0.9906262,0.9993865,-0.0138551,0.03216839
1356510177224,-0.039058328,-0.990255,0.13367638,0.025446981,-0.1347208,-0.9905568,0.9989128,-0.035287797,0.030460984
1356510177264,-0.05906433,-0.987057,0.14909744,0.01792565,-0.15038288,-0.9884653,0.99809325,-0.055710316,0.026575863
1356510177303,-0.07593089,-0.9806168,0.18062446,0.006917596,-0.18166119,-0.98333687,0.997089,-0.07341617,0.020577192
1356510177344,-0.087727726,-0.96911603,0.2304734,-0.009804308,-0.23051423,-0.9730196,0.99609625,-0.08762041,0.010720998
1356510177384,-0.08996171,-0.95035434,0.29788166,-0.035823077,-0.2958132,-0.9545738,0.9953007,-0.09654611,-0.007432759
1356510177424,-0.07560903,-0.92615634,0.36948296,-0.0740363,-0.36430657,-0.9283315,0.9943851,-0.097545415,-0.041024297
1356510177464,-0.040247977,-0.9044383,0.42470157,-0.12408358,-0.41723162,-0.9002895,0.9914552,-0.08893335,-0.095433265
1356510177504,0.010925174,-0.8916923,0.4525102,-0.18179858,-0.44676638,-0.8759846,0.98327506,-0.072695434,-0.16698933
1356510177544,0.0648129,-0.8818128,0.4671247,-0.23729649,-0.46830064,-0.851108,0.96927273,-0.05568427,-0.23960298
1356510177584,0.11108583,-0.861346,0.49572468,-0.27560174,-0.50594753,-0.8173498,0.9548317,-0.045826584,-0.29359207
1356510177624,0.14641792,-0.81876373,0.5551467,-0.28619805,-0.5722561,-0.7685139,0.9469174,-0.04635769,-0.31811708
1356510177664,0.16974813,-0.74480736,0.6453275,-0.26875034,-0.6649967,-0.6968161,0.94813436,-0.05514875,-0.31304917
1356510177704,0.17870015,-0.6340551,0.7523566,-0.23152494,-0.7702914,-0.59417784,0.9562753,-0.068009645,-0.28445077
1356510177744,0.17090732,-0.49255133,0.8533369,-0.18770693,-0.8664941,-0.4625516,0.9672418,-0.08112377,-0.24054548
1356510177784,0.14764196,-0.34277648,0.92774254,-0.14956672,-0.9349727,-0.32164562,0.97766644,-0.09127102,-0.18930915
1356510177849,0.11478329,-0.21593542,0.9696374,-0.122661665,-0.97169995,-0.20187438,0.98578846,-0.09576554,-0.13802192
1356510177865,0.07868171,-0.13139136,0.98820317,-0.103841946,-0.98696405,-0.122958615,0.99147666,-0.09294234,-0.09129995
1356510177904,0.043474674,-0.10222169,0.9938112,-0.08753834,-0.9913155,-0.09813558,0.995212,-0.08273017,-0.052045435
1356510177944,0.011967242,-0.14235312,0.9897436,-0.068864495,-0.9875817,-0.14120951,0.9975542,-0.06646831,-0.021621704
1356510177984,-0.012244523,-0.2721647,0.96217275,-0.043791078,-0.9611757,-0.27243996,0.9989656,-0.045470476,-1.4918856E-4
1356510178024,-0.022240698,-0.50780916,0.8611824,-0.011548489,-0.8612075,-0.50812227,0.99968594,-0.021246374,0.013289481
1356510178064,-0.010846913,-0.7794431,0.62637913,0.018327892,-0.6264657,-0.77923346,0.99977314,0.003027916,0.021080792
1356510178104,0.010743499,-0.9386655,0.34466165,0.03241524,-0.3441735,-0.9383464,0.99941677,0.021253496,0.026729435
1356510178143,0.020420372,-0.9857372,0.16704816,0.036604166,-0.16623384,-0.9854067,0.9991211,0.02623707,0.032687575
1356510178184,0.009733379,-0.9936055,0.11248645,0.039946884,-0.112015605,-0.9929031,0.9991543,0.014157742,0.03860122
1356510178224,-0.016252339,-0.99062395,0.13564664,0.04031077,-0.13620341,-0.9898604,0.99905497,-0.010619551,0.042146504
1356510178264,-0.04772508,-0.97851515,0.20057526,0.032860845,-0.20223343,-0.9787859,0.99831986,-0.040121555,0.04180646
1356510178304,-0.0759455,-0.9535537,0.29149234,0.015989989,-0.29346377,-0.95583653,0.99698377,-0.06793049,0.037534505
1356510178344,-0.09526098,-0.90836704,0.40717867,-0.0103111565,-0.40811646,-0.9128716,0.9953989,-0.09115961,0.029511333
1356510178482,-0.099942565,-0.8329927,0.54418266,-0.045290202,-0.5425456,-0.8388046,0.99396193,-0.10847843,0.016496927
1356510178483,-0.08263266,-0.72664917,0.68202126,-0.08423737,-0.67681974,-0.73131335,0.9930136,-0.11788201,-0.005283639
1356510178485,-0.043932855,-0.5912938,0.8052587,-0.117295235,-0.7974092,-0.5919294,0.99212486,-0.12045817,-0.0343235
1356510178500,0.023155987,-0.56534773,0.8245276,-0.13850611,-0.81860936,-0.5574,0.99009085,-0.101294965,-0.09725982
1356510178542,0.110440135,-0.51651514,0.8491261,-0.15011945,-0.8532196,-0.49948013,0.98248005,-0.07230769,-0.17176867
1356510178582,0.1940118,-0.47630945,0.8576064,-0.15167543,-0.8782693,-0.4534728,0.96920276,-0.04209876,-0.24263906
1356510178623,0.259817,-0.40144834,0.8782564,-0.13593021,-0.9156389,-0.37832314,0.95604295,-0.021086782,-0.2924675
1356510178664,0.29704314,-0.26630673,0.91697663,-0.096362025,-0.9637794,-0.24868384,0.9499894,-0.014491893,-0.31194592
1356510178704,0.29985225,-0.08800158,0.9499181,-0.046040863,-0.9959108,-0.0777291,0.952874,-0.020427803,-0.30267778
1356510178744,0.27331918,0.0891874,0.9577798,-0.008823939,-0.9954181,0.09521029,0.9618829,-0.034474187,-0.27127987
1356510178784,0.23192608,0.22955447,0.9452592,0.0029834807,-0.971919,0.23529673,0.97272885,-0.05175128,-0.22609824
1356510178854,0.18761176,0.3247044,0.9270215,-0.00555633,-0.94341403,0.33157063,0.98222756,-0.067357376,-0.1751914
1356510178858,0.1487,0.37576613,0.9147066,-0.023139656,-0.9234148,0.38310522,0.9886116,-0.07813375,-0.12861669
1356510178889,0.11138874,0.4098037,0.90534717,-0.03860432,-0.90854454,0.41600063,0.9930268,-0.0812881,-0.08538145
1356510178924,0.07783908,0.41652924,0.9057839,-0.051718354,-0.9056301,0.42090297,0.9956236,-0.079608366,-0.048951205
1356510178962,0.047222853,0.41134048,0.91025764,-0.05681078,-0.9086932,0.41358083,0.99726754,-0.07124291,-0.019542452
1356510179002,0.019740283,0.3836557,0.92326516,-0.053366005,-0.9217243,0.38415647,0.9983799,-0.056854337,0.0022791307
1356510179042,-0.0033367276,0.33121327,0.9435501,-0.04051751,-0.9428253,0.33081555,0.9991733,-0.03712648,0.01656583
1356510179084,-0.02039373,0.25138438,0.96767247,-0.019661754,-0.9677873,0.25099987,0.9995986,-0.013907313,0.024679512
1356510179124,-0.030367136,0.14227487,0.9893612,0.0033800304,-0.98979753,0.14244135,0.9995331,0.007669598,0.029576361
1356510179162,-0.034279823,0.011189463,0.99934965,0.019527473,-0.99973893,0.011863656,0.9992215,0.019921456,0.034052372
1356510179202,-0.03629911,-0.11814623,0.9923325,0.021726273,-0.9928455,-0.11741257,0.9991048,0.017297711,0.038606346
1356510179242,-0.04068601,-0.21971367,0.9747156,0.009677291,-0.97556424,-0.21950103,0.9991251,5.019903E-4,0.041818053
1356510179283,-0.047364354,-0.28400096,0.9576534,-0.011136383,-0.9585197,-0.28480867,0.99881554,-0.024154574,0.042236924
1356510179324,-0.05329573,-0.31445178,0.9477762,-0.03510633,-0.94794834,-0.31648302,0.9979615,-0.050140142,0.03948235
1356510179364,-0.05556822,-0.31660217,0.94692934,-0.05899234,-0.94569683,-0.3196519,0.99671066,-0.07362406,0.033873588
1356510179404,-0.051855266,-0.29679582,0.95353204,-0.081505395,-0.95037353,-0.30024514,0.995323,-0.09328729,0.02509135
1356510179444,-0.039063692,-0.26345366,0.96388084,-0.10115729,-0.9586188,-0.26611507,0.99410325,-0.107898995,0.010796875
1356510179484,-0.012396812,-0.229735,0.9731743,-0.115217045,-0.9664383,-0.22961259,0.99326295,-0.11497274,-0.014488576
1356510179524,0.033352613,-0.2100354,0.9771247,-0.120742604,-0.97135466,-0.20467375,0.99212337,-0.111154184,-0.057757437
1356510179564,0.09946251,-0.21131271,0.97234464,-0.11778706,-0.97282004,-0.19936743,0.9880452,-0.09470004,-0.12164903
1356510179604,0.17720646,-0.22500339,0.9581082,-0.110830955,-0.971885,-0.20774007,0.97791326,-0.06937515,-0.19716164
1356510179644,0.24775654,-0.22972935,0.9411913,-0.103155814,-0.97221255,-0.2101467,0.9633149,-0.045024134,-0.26456994
1356510179684,0.29347825,-0.20732312,0.93321365,-0.092433855,-0.9777799,-0.18815526,0.9514865,-0.031041034,-0.3061208
1356510179724,0.3077404,-0.15564668,0.9386533,-0.07743598,-0.9873536,-0.13833451,0.948314,-0.03011442,-0.31590125
1356510179764,0.29342115,-0.08539668,0.9521615,-0.06306614,-0.99556166,-0.06985445,0.95390075,-0.03955237,-0.29750448
1356510179804,0.25836927,-0.012039375,0.96597123,-0.056403417,-0.99840456,0.0026426688,0.96439826,-0.055166863,-0.25863612
1356510179850,0.21204352,0.05054837,0.975952,-0.06020895,-0.9960885,0.06467282,0.97540367,-0.0724745,-0.20817065
1356510179883,0.16139781,0.09552449,0.9822555,-0.07075806,-0.99162287,0.10806198,0.98434955,-0.086943455,-0.15328664
1356510179924,0.111138344,0.119469166,0.98659784,-0.08134177,-0.98832357,0.12884113,0.99047047,-0.094570816,-0.10012281
1356510179964,0.064703286,0.120605364,0.9905896,-0.08604433,-0.9882985,0.12594664,0.9941881,-0.093383774,-0.05356875
1356510180033,0.0245201,0.09859008,0.994826,-0.08143271,-0.99162126,0.10027961,0.99637717,-0.08347025,-0.016286194
1356510180051,-0.0071778297,0.05186621,0.9986282,-0.061489575,-0.996787,0.051328614,0.99808186,-0.061036795,0.010344058
1356510180081,-0.03015089,-0.034668762,0.9989439,-0.036384445,-0.9986979,-0.035758402,0.9988829,-0.037424166,0.028850228
1356510180122,-0.039634585,-0.13502476,0.99004924,-0.004611179,-0.9907926,-0.13531072,0.9992037,-0.009928286,0.038646966
1356510180162,-0.03789127,-0.25384435,0.96650255,0.026484184,-0.96711254,-0.25296623,0.9989308,0.01601182,0.043367982
1356510180202,-0.03133577,-0.37278146,0.92739,0.047658667,-0.9273475,-0.371154,0.9983721,0.032567754,0.04682541
1356510180242,-0.028575063,-0.4692418,0.88260734,0.053329185,-0.8824261,-0.46741885,0.9981681,0.03371221,0.050239597
1356510180282,-0.03366238,-0.53188825,0.8461453,0.044703603,-0.846579,-0.53038245,0.998433,0.019971788,0.05227518
