1356510097523,-0.012333602,0.029799223,-0.9994798,0.89210814,0.45181516,0.0024620593,0.45165348,-0.8916137,-0.032156587
1356510097551,0.33942538,0.13837132,0.9303998,-0.8251082,-0.43113208,0.3651322,0.45164907,-0.8916156,-0.032165855
1356510097578,0.3393823,0.13829577,0.9304267,-0.82513636,-0.43113947,0.3650598,0.45162997,-0.8916238,-0.03220822
1356510097611,0.33922207,0.13803253,0.93052423,-0.82523715,-0.4311679,0.36479855,0.45156622,-0.8916509,-0.03235212
1356510097653,0.3386445,0.13705137,0.9308796,-0.82558775,-0.43130594,0.3638406,0.4513588,-0.89173543,-0.032911465
1356510097692,0.3369701,0.13481048,0.93181396,-0.8264431,-0.4317763,0.36133242,0.4510466,-0.8918494,-0.034082517
1356510097734,0.33369666,0.13070834,0.93357486,-0.82796586,-0.4328348,0.35654834,0.45068747,-0.89194703,-0.036213532
1356510097772,0.3282739,0.124578655,0.93633133,-0.8303143,-0.43454814,0.3489213,0.45034927,-0.891991,-0.039211363
1356510097813,0.32077676,0.117143035,0.9398829,-0.83340013,-0.43660504,0.33885142,0.45005167,-0.8919941,-0.04242575
1356510097855,0.31183797,0.109270364,0.943831,-0.83691657,-0.43868446,0.32730177,0.44980842,-0.891973,-0.045348242
1356510097893,0.3019017,0.10154608,0.94791543,-0.8406217,-0.4406489,0.31493452,0.44967827,-0.8919176,-0.047670826
1356510097933,0.29167557,0.094481945,0.95183957,-0.8441809,-0.44247907,0.3026069,0.44975996,-0.89178777,-0.04930049
1356510097973,0.28185165,0.08846828,0.95537066,-0.8472756,-0.44427866,0.29110238,0.45020404,-0.8915099,-0.050263688
1356510098015,0.27310473,0.083945125,0.95831466,-0.849625,-0.44615835,0.2812118,0.4511665,-0.8910083,-0.050526038
1356510098053,0.26611978,0.08160016,0.96048,-0.8509991,-0.44811082,0.2738565,0.4527481,-0.89024615,-0.04980953
1356510098093,0.26124614,0.081627935,0.96181464,-0.8514563,-0.44990766,0.26945394,0.45472267,-0.8893369,-0.048034042
1356510098135,0.25868315,0.08408955,0.9622951,-0.8510879,-0.4513346,0.2682281,0.45687228,-0.8883839,-0.04518503
1356510098274,0.25816,0.08828589,0.96205974,-0.8501928,-0.4521814,0.2696371,0.45883068,-0.8875458,-0.041675135
1356510098276,0.25918132,0.09342855,0.96129924,-0.84904104,-0.45239812,0.27288324,0.46038502,-0.8869087,-0.037928477
1356510098277,0.26210582,0.10109964,0.95972884,-0.8473517,-0.45182723,0.27901146,0.46183956,-0.88635826,-0.03275962
1356510098301,0.2660259,0.10926899,0.9577528,-0.8453655,-0.4510098,0.28626442,0.4632357,-0.885805,-0.027608082
1356510098329,0.2701552,0.11829382,0.95552224,-0.84322214,-0.44997233,0.2941112,0.4647501,-0.88517314,-0.021814406
1356510098372,0.27583128,0.13185126,0.95212,-0.84028745,-0.44789732,0.30545878,0.46672708,-0.88430953,-0.012751177
1356510098412,0.28257442,0.15000483,0.947444,-0.8370178,-0.44390476,0.3199215,0.4685647,-0.88342917,1.206249E-4
1356510098452,0.28991997,0.17297864,0.94128895,-0.83400905,-0.4367664,0.33714104,0.46944153,-0.88278735,0.01763843
1356510098492,0.2971841,0.2011196,0.93339837,-0.8318749,-0.42531204,0.35650218,0.46868515,-0.88241744,0.040910363
1356510098571,0.3036363,0.23486888,0.923386,-0.8310498,-0.40871876,0.37723368,0.46600556,-0.8819216,0.07108587
1356510098572,0.30866194,0.2743136,0.9107579,-0.8316766,-0.3868075,0.39836434,0.46156466,-0.8804159,0.10874739
1356510098599,0.30915982,0.31161594,0.89850754,-0.8342694,-0.3646736,0.41353098,0.4565248,-0.8774445,0.14722914
1356510098631,0.3105054,0.35073027,0.8835014,-0.8367957,-0.34007615,0.42909336,0.45095384,-0.87254596,0.18789414
1356510098673,0.31588197,0.39880902,0.86091226,-0.8384833,-0.3073069,0.45000923,0.444032,-0.86401033,0.23732197
1356510098712,0.3214594,0.44988948,0.83322465,-0.8409485,-0.26884967,0.4696014,0.43528092,-0.8516568,0.29190964
1356510098752,0.3291344,0.5003082,0.8008509,-0.8436852,-0.22510237,0.4873646,0.42410594,-0.83607453,0.34801373
1356510098792,0.33940083,0.5459707,0.7659786,-0.84636045,-0.17808855,0.50195473,0.41046453,-0.8186578,0.40164453
1356510098832,0.35166895,0.58372986,0.73183906,-0.84844995,-0.13158423,0.51265806,0.39555228,-0.80121475,0.44899148
1356510098873,0.36475468,0.6120597,0.7016672,-0.84914386,-0.09048939,0.52035224,0.38198006,-0.78561735,0.48672032
1356510098914,0.37715948,0.6305698,0.6783306,-0.84776354,-0.059835255,0.5269883,0.372891,-0.7738226,0.5120067
1356510098954,0.38725257,0.6392745,0.664352,-0.84429085,-0.043614388,0.53410745,0.37041646,-0.76774085,0.52284384
1356510098993,0.39352,0.6381902,0.66170627,-0.83955306,-0.043780267,0.54151076,0.3745566,-0.7686328,0.5185662
1356510099034,0.3942749,0.62655926,0.67228776,-0.835196,-0.06089735,0.5465704,0.3833993,-0.776991,0.49928945
1356510099074,0.38741314,0.6024287,0.69784725,-0.83346176,-0.09465206,0.5444102,0.39402103,-0.79254067,0.4654318
1356510099113,0.37206012,0.56515217,0.7363248,-0.8360367,-0.14059442,0.5303545,0.40325415,-0.8129183,0.4201784
1356510099153,0.34576893,0.51272154,0.78585017,-0.8445562,-0.19487792,0.4987458,0.40886262,-0.8361454,0.3656395
1356510099194,0.30858105,0.44615883,0.84007156,-0.85872895,-0.24917328,0.44776946,0.4090996,-0.85956687,0.30623928
1356510099234,0.2626921,0.3697624,0.8912176,-0.8766897,-0.2943135,0.38051933,0.40299904,-0.8812806,0.24685293
1356510099273,0.2136603,0.29168904,0.93234485,-0.8954357,-0.32308882,0.30628216,0.39056927,-0.90029514,0.1921574
1356510099314,0.16930354,0.22180226,0.9602814,-0.9123924,-0.33314717,0.2378096,0.37266162,-0.9164153,0.1459676
1356510099354,0.1371702,0.16817644,0.9761665,-0.92633474,-0.3272658,0.18655005,0.3508393,-0.92984605,0.11089666
1356510099393,0.12177241,0.13417512,0.9834472,-0.9371498,-0.3108741,0.1584534,0.3269888,-0.9409327,0.08788632
1356510099434,0.12338877,0.11796817,0.98532164,-0.944994,-0.28912175,0.1529539,0.30292156,-0.9499959,0.07580483
1356510099474,0.13866574,0.11413008,0.9837409,-0.94982,-0.26590395,0.16473359,0.28038168,-0.95721966,0.071531266
1356510099513,0.16285193,0.1167261,0.97972155,-0.95147806,-0.2441861,0.18725005,0.26109138,-0.9626776,0.071296155
1356510099566,0.19208235,0.121780396,0.9737935,-0.9500009,-0.22583461,0.2156316,0.24617597,-0.96652377,0.07231268
1356510099594,0.22341406,0.1267888,0.9664423,-0.945846,-0.2113567,0.2463809,0.23550242,-0.96915054,0.07270269
1356510099634,0.25306296,0.12881583,0.9588355,-0.9400498,-0.20146304,0.2751707,0.22861633,-0.97098875,0.07011053
1356510099673,0.27794254,0.12518883,0.9524052,-0.9335371,-0.19847292,0.29852453,0.22639859,-0.9720783,0.061704367
1356510099714,0.29664716,0.11548966,0.94797814,-0.9266247,-0.20531741,0.31497836,0.23101318,-0.9718574,0.046108738
1356510099754,0.30942932,0.10185769,0.9454515,-0.91906476,-0.22316274,0.3248357,0.24407664,-0.9694449,0.024560794
1356510099793,0.31690013,0.087681055,0.94439733,-0.9106821,-0.2500897,0.32880583,0.26501414,-0.96424437,5.9610605E-4
1356510099833,0.31939888,0.076657414,0.94451475,-0.90180963,-0.28156734,0.3278098,0.29107356,-0.95647454,-0.020801917
1356510099873,0.31672236,0.071835995,0.9457941,-0.8933021,-0.3126541,0.32289115,0.31890166,-0.9471468,-0.03485328
1356510099914,0.30790466,0.07461035,0.9484873,-0.88635886,-0.33982098,0.31446722,0.34577838,-0.937526,-0.03850095
1356510099953,0.29243034,0.085683286,0.9524405,-0.88182735,-0.3611462,0.30323917,0.3699528,-0.92856437,-0.03005226
1356510099993,0.27213478,0.10744557,0.95624167,-0.8797345,-0.37486202,0.29248217,0.38988453,-0.92083335,-0.0074894726
1356510100033,0.25298327,0.14570355,0.95643604,-0.879392,-0.3774975,0.29011264,0.40332267,-0.9144759,0.032629967
1356510100073,0.2433688,0.20674297,0.9476439,-0.88034153,-0.36304045,0.3052874,0.40714905,-0.90854776,0.09365171
1356510100114,0.24952078,0.2902531,0.9238466,-0.88243324,-0.32475078,0.34036532,0.39881197,-0.90016115,0.17509688
1356510100153,0.26873714,0.38195717,0.884245,-0.8852347,-0.2639035,0.38303334,0.3796577,-0.88569957,0.26720104
1356510100193,0.29024613,0.46001047,0.83913505,-0.8877645,-0.19792861,0.41557017,0.35725543,-0.865572,0.3509329
1356510100233,0.30420792,0.51119775,0.80382484,-0.8893414,-0.14997381,0.43194854,0.34136385,-0.8462769,0.40900618
1356510100274,0.30584764,0.5339931,0.78823125,-0.89048433,-0.13250792,0.43529212,0.33688995,-0.8350407,0.4349853
1356510100313,0.29310197,0.53111076,0.79499215,-0.8927567,-0.14554691,0.42638186,0.3421647,-0.834708,0.43149263
1356510100353,0.2644471,0.50459707,0.82185745,-0.8976824,-0.18266732,0.40099764,0.35246864,-0.8438096,0.40466195
1356510100393,0.21880978,0.45519114,0.86308944,-0.9054718,-0.23492718,0.3534545,0.36365247,-0.8588425,0.36075833
1356510100433,0.15900528,0.38585213,0.90875494,-0.91419995,-0.28999805,0.2830895,0.37276784,-0.8757963,0.30663475
1356510100473,0.09305555,0.30427837,0.948027,-0.9212986,-0.3347466,0.19787213,0.37755707,-0.89182913,0.24918133
1356510100513,0.03313434,0.22302333,0.9742499,-0.92598224,-0.35997814,0.11389828,0.3761106,-0.9059119,0.19458792
1356510100566,-0.00902617,0.15508589,0.9878597,-0.930035,-0.36423182,0.048683614,0.36736012,-0.9183047,0.14752293
1356510100593,-0.027188838,0.10787377,0.99379265,-0.93572867,-0.35249305,0.012661964,0.35167095,-0.92957616,0.110524505
1356510100633,-0.021316826,0.08186424,0.9964155,-0.94359875,-0.33101726,0.007009119,0.3304045,-0.94006693,0.0843032
1356510100673,0.004783511,0.07329765,0.9972986,-0.9523264,-0.30389255,0.026902735,0.30504355,-0.94988245,0.06834966
1356510100713,0.043926597,0.07497695,0.99621725,-0.95973015,-0.27378583,0.06292331,0.27746797,-0.95886374,0.05993119
1356510100753,0.085849226,0.07699922,0.9933282,-0.9641918,-0.24468207,0.10229793,0.25092646,-0.9665412,0.053236276
1356510100794,0.121846735,0.07176617,0.989951,-0.96542525,-0.22300369,0.1349946,0.23045075,-0.97217226,0.04211259
1356510100833,0.14891833,0.05830127,0.98712933,-0.963728,-0.2150271,0.15808788,0.22147629,-0.9748664,0.024165094
1356510100873,0.1681391,0.04083854,0.9849169,-0.9593937,-0.22277367,0.17301902,0.22647941,-0.9740144,0.0017232895
1356510100913,0.18111563,0.024758786,0.9831501,-0.95290256,-0.24285102,0.18165919,0.24325669,-0.96974754,-0.020391434
1356510100953,0.18810749,0.013991892,0.98204875,-0.94529504,-0.26875722,0.18489659,0.26651978,-0.9631063,-0.03732872
1356510100993,0.18790162,0.010295868,0.98213387,-0.9379824,-0.2947315,0.18254426,0.29134524,-0.9555247,-0.0457232
1356510101033,0.17955947,0.014826536,0.9836354,-0.9319021,-0.31775242,0.17490527,0.31514576,-0.9480578,-0.04323858
1356510101073,0.16446918,0.03041336,0.9859133,-0.9270369,-0.33669925,0.16503394,0.33697549,-0.941121,-0.02718231
1356510101113,0.1486789,0.06362069,0.9868369,-0.92248875,-0.35057753,0.16158557,0.35624304,-0.9343703,0.0065658838
1356510101154,0.14170486,0.12289807,0.98225033,-0.9173224,-0.35665625,0.17696238,0.37207413,-0.9261167,0.062197313
1356510101194,0.1536197,0.21364447,0.9647575,-0.91068363,-0.3482952,0.222139,0.38347918,-0.91271377,0.14105752
1356510101233,0.18511623,0.3261962,0.92699945,-0.90211606,-0.31772846,0.29195067,0.3897673,-0.8903059,0.23545013
1356510101274,0.22270703,0.43309718,0.87340045,-0.8927432,-0.26934165,0.3611989,0.39167738,-0.8601638,0.32666034
1356510101312,0.24810994,0.50831234,0.82465744,-0.8859308,-0.22530288,0.40541977,0.39187765,-0.8311781,0.39442974
1356510101352,0.25103962,0.5436081,0.80091786,-0.88470584,-0.20688796,0.41772354,0.39277816,-0.8134419,0.4289962
1356510101392,0.23009431,0.5424426,0.80796826,-0.88952214,-0.21952277,0.4006995,0.3947239,-0.81090426,0.43200377
1356510101432,0.18827134,0.5100959,0.83925927,-0.89844245,-0.25569773,0.35695925,0.39668012,-0.82123137,0.4101512
1356510101472,0.1313957,0.45218927,0.88219047,-0.9082801,-0.30164176,0.28989574,0.39719322,-0.83936703,0.3710801
1356510101512,0.068155766,0.37705612,0.92367935,-0.9163561,-0.342452,0.20740813,0.3945203,-0.86055523,0.3221776
1356510101562,0.008120596,0.29560208,0.9552767,-0.9221333,-0.3672995,0.12149656,0.3867872,-0.8818791,0.2696017
1356510101593,-0.040151417,0.21942642,0.9748025,-0.927021,-0.37222618,0.04560414,0.37285376,-0.90183127,0.21835828
1356510101633,-0.07176334,0.15683237,0.98501456,-0.9329008,-0.359976,-0.010651857,0.35291103,-0.91968524,0.17214212
1356510101673,-0.08504599,0.11183828,0.9900805,-0.94068354,-0.336577,-0.04278359,0.32845342,-0.934991,0.13382897
1356510101713,-0.08116639,0.08451924,0.99311054,-0.9502386,-0.30723423,-0.051515102,0.30076346,-0.9478733,0.10525051
1356510101753,-0.06316793,0.07199618,0.9954026,-0.96049905,-0.27523953,-0.04104525,0.27101907,-0.95867604,0.08653858
1356510101793,-0.037121832,0.0677588,0.9970109,-0.96983683,-0.24296612,-0.01959762,0.2409119,-0.9676653,0.0747343
1356510101834,-0.011087358,0.06262699,0.9979754,-0.9767338,-0.21443975,0.0026055872,0.21416873,-0.9747274,0.0635474
1356510101874,0.008886993,0.05026877,0.99869615,-0.980474,-0.19576901,0.018578768,0.19644767,-0.97936076,0.04754746
1356510101914,0.021287084,0.030572146,0.99930584,-0.981035,-0.19197285,0.026771009,0.19265804,-0.98092395,0.025905848
1356510101954,0.028127909,0.008293867,0.99957,-0.97865885,-0.20340276,0.029227257,0.20355764,-0.97906005,0.0023955107
1356510101994,0.03161639,-0.010903478,0.99944067,-0.97384197,-0.22545159,0.028347015,0.22501636,-0.97419345,-0.0177463
1356510102034,0.032517493,-0.023069113,0.99920493,-0.96744037,-0.25179386,0.025670499,0.25100142,-0.96750593,-0.030505717
1356510102074,0.030411065,-0.026301146,0.99919134,-0.96033007,-0.27800363,0.021910548,0.27720255,-0.96021986,-0.03371215
1356510102114,0.025097907,-0.019161403,0.99950135,-0.95296466,-0.3025388,0.018129438,0.30204055,-0.9529445,-0.025853276
1356510102154,0.0179618,0.0012234449,0.9998379,-0.94543034,-0.32536036,0.017382503,0.32532892,-0.9455893,-0.0046873987
1356510102194,0.012631714,0.040131897,0.99911463,-0.9379363,-0.3458504,0.02575019,0.34657753,-0.9374311,0.033272386
1356510102234,0.0145715475,0.10417169,0.9944526,-0.93121785,-0.3608144,0.051441282,0.36417153,-0.92680156,0.09174898
1356510102273,0.028783858,0.1962026,0.9801408,-0.9264301,-0.36297905,0.09986699,0.37536475,-0.91090655,0.17132005
1356510102313,0.05522138,0.30612862,0.95038724,-0.9243318,-0.34426463,0.16459838,0.37757292,-0.8875625,0.26395363
1356510102372,0.086321,0.4091996,0.9083526,-0.9244094,-0.30709344,0.22618797,0.37150514,-0.8592144,0.35175925
1356510102392,0.11232823,0.48200232,0.86893976,-0.9252134,-0.26822937,0.26839012,0.36243978,-0.83410245,0.41582522
1356510102433,0.12888122,0.51737505,0.8459979,-0.92566556,-0.24325085,0.2897794,0.35571444,-0.8204583,0.4475659
1356510102468,0.13765925,0.52043545,0.84273183,-0.9255097,-0.23548883,0.29660884,0.35281968,-0.82078743,0.44925082
1356510102512,0.14108199,0.49768943,0.8558043,-0.92511934,-0.24151343,0.29295987,0.35249135,-0.83305246,0.42634892
1356510102567,0.14274907,0.45757747,0.8776363,-0.9247445,-0.25441408,0.28305635,0.35280335,-0.85199535,0.38682497
1356510102593,0.14394736,0.40628877,0.90233505,-0.9248965,-0.26902997,0.26868093,0.35191724,-0.8732424,0.3370489
1356510102633,0.14611036,0.35027856,0.92517936,-0.9261295,-0.28032482,0.25239316,0.34775856,-0.8937131,0.28344482
1356510102673,0.15007603,0.29511747,0.9436009,-0.92889476,-0.28475022,0.23679459,0.33857283,-0.9120432,0.23139895
1356510102713,0.15666163,0.2455895,0.95663106,-0.93299747,-0.28094232,0.22491574,0.32399514,-0.92777,0.18512154
1356510102753,0.16620404,0.2047993,0.9645897,-0.93772674,-0.26976407,0.21885097,0.30503222,-0.94089556,0.14720996
1356510102794,0.17862678,0.1740939,0.9683924,-0.9423024,-0.2529415,0.21928722,0.2831231,-0.95168906,0.118866935
1356510102833,0.19318938,0.15284216,0.9691838,-0.94614387,-0.23252302,0.22526613,0.2597877,-0.9605063,0.09968968
1356510102874,0.20792806,0.13767648,0.96840644,-0.9491888,-0.21070808,0.23375776,0.23623404,-0.9678054,0.08686884
1356510102913,0.2203204,0.12262243,0.9676893,-0.9513673,-0.191971,0.2409302,0.21531174,-0.9737098,0.07436386
1356510102954,0.22815228,0.10301998,0.9681598,-0.9526051,-0.18189222,0.2438415,0.20122135,-0.97790694,0.0566383
1356510102994,0.2310215,0.07932258,0.96970975,-0.95258284,-0.18441561,0.24202645,0.19802776,-0.97964215,0.032957315
1356510103034,0.22961727,0.05591753,0.9716733,-0.9511286,-0.1988968,0.23620832,0.2064709,-0.97842383,0.0075146556
1356510103074,0.22442254,0.037098795,0.97378546,-0.94859314,-0.22053036,0.22701827,0.22317141,-0.97467434,-0.014300287
1356510103113,0.21521816,0.024894059,0.9762487,-0.9458059,-0.24361244,0.21471894,0.24317151,-0.9695531,-0.028884917
1356510103154,0.20183372,0.02023518,0.9792108,-0.94327223,-0.2650959,0.19990432,0.26362985,-0.96400976,-0.034418017
1356510103194,0.1843065,0.0243541,0.98256695,-0.9410066,-0.2842769,0.18355691,0.2837915,-0.9584328,-0.029476672
1356510103234,0.16468239,0.040980667,0.985495,-0.93829274,-0.30155027,0.16933417,0.30411568,-0.9525691,-0.011208177
1356510103273,0.14642006,0.075971484,0.98630095,-0.9344642,-0.3165025,0.16310385,0.32455793,-0.9455446,0.024650306
1356510103314,0.13501954,0.13794571,0.98119354,-0.9291081,-0.32645053,0.17374778,0.34427884,-0.9350941,0.084089234
1356510103354,0.13469851,0.22899559,0.9640629,-0.9226738,-0.32575488,0.20629278,0.36128834,-0.91730297,0.16740955
1356510103394,0.14647967,0.3379012,0.92971313,-0.91605973,-0.30836898,0.25640422,0.37333396,-0.8892308,0.2643679
1356510103434,0.16514152,0.43878213,0.8832885,-0.91019475,-0.27710652,0.3078273,0.37983406,-0.85479957,0.3536153
1356510103474,0.18287575,0.5084526,0.84144664,-0.90553707,-0.24616367,0.34555173,0.3828303,-0.8251542,0.41540533
1356510103513,0.19446212,0.54003733,0.8188676,-0.9024002,-0.22875726,0.36516297,0.38452357,-0.80995667,0.44284517
1356510103566,0.19805092,0.53795576,0.8193775,-0.9012636,-0.22870022,0.36799482,0.38535672,-0.8113568,0.43954563
1356510103593,0.19319063,0.508601,0.8390485,-0.90255624,-0.24326104,0.35526934,0.38479817,-0.8259232,0.41204524
1356510103633,0.18056798,0.45884788,0.86997354,-0.90627456,-0.26607424,0.3284373,0.3821802,-0.84774005,0.36779755
1356510103674,0.16195971,0.39629865,0.9037236,-0.9121369,-0.28932393,0.29034105,0.37653062,-0.87134326,0.3146198
1356510103713,0.14019465,0.32869688,0.933972,-0.91982305,-0.30585998,0.24571341,0.36642992,-0.89353675,0.25946313
1356510103753,0.118733525,0.26292917,0.9574813,-0.92901695,-0.31095022,0.20059222,0.3504706,-0.9133335,0.20734555
1356510103793,0.101348996,0.2053259,0.9734318,-0.9389489,-0.30363488,0.16180444,0.32879052,-0.93040156,0.16201746
1356510103834,0.090625465,0.15976202,0.9829868,-0.9486865,-0.2864163,0.13401365,0.3029537,-0.9446914,0.12560745
1356510103874,0.08753002,0.12745401,0.98797464,-0.9573593,-0.26334727,0.118790895,0.27532077,-0.9562446,0.098968536
1356510103914,0.09108114,0.107017726,0.99007654,-0.96459806,-0.23761004,0.11442065,0.24749711,-0.9654474,0.081587255
1356510103953,0.098655224,0.0938901,0.99068254,-0.97026205,-0.21205753,0.11671907,0.22104043,-0.97273654,0.07017735
1356510103994,0.10656685,0.08109316,0.99099314,-0.9742508,-0.19064915,0.12036735,0.19869295,-0.978303,0.058688134
1356510104034,0.11204821,0.063598156,0.99166554,-0.9763527,-0.17862439,0.12177372,0.1848802,-0.9818598,0.042079657
1356510104074,0.11435419,0.041567802,0.99257004,-0.9763235,-0.17996627,0.12001923,0.1836181,-0.98279417,0.020003706
1356510104114,0.113995254,0.018873543,0.9933021,-0.97412205,-0.19429195,0.11548582,0.1951702,-0.98076224,-0.0037632585
1356510104154,0.111453176,-2.0235777E-4,0.9937697,-0.97015,-0.21674931,0.10876003,0.21537691,-0.9762273,-0.024353743
1356510104194,0.106622815,-0.012718201,0.99421823,-0.9652318,-0.24133396,0.10042706,0.23866132,-0.97035885,-0.038007736
1356510104234,0.09911096,-0.016807556,0.99493444,-0.9601329,-0.26425564,0.09118003,0.2613845,-0.9643062,-0.04232815
1356510104273,0.0889321,-0.010576218,0.9959815,-0.9551269,-0.28454423,0.082262635,0.28253073,-0.9586046,-0.03540677
1356510104313,0.07776976,0.010201812,0.99691916,-0.9499657,-0.3026626,0.07720417,0.30251777,-0.95304316,-0.013846636
1356510104354,0.06836146,0.05062619,0.9963753,-0.94454944,-0.31822848,0.08097497,0.3211744,-0.94666135,0.026064336
1356510104394,0.06612611,0.11728671,0.9908941,-0.9389937,-0.3285985,0.10155696,0.3375177,-0.9371589,0.08840263
1356510104433,0.07637006,0.21234342,0.97420627,-0.9336555,-0.32767987,0.1446141,0.3499357,-0.9206172,0.17323071
1356510104474,0.10025871,0.32441646,0.9405861,-0.9286999,-0.3087067,0.2054674,0.35702214,-0.89412206,0.2703349
1356510104514,0.13130963,0.4273977,0.8944769,-0.9238484,-0.2744761,0.26677117,0.35952997,-0.8613907,0.3588094
1356510104566,0.15905029,0.49741846,0.8528058,-0.91900915,-0.24102145,0.3119786,0.36072844,-0.83335674,0.41879764
1356510104593,0.17648852,0.52782655,0.8308134,-0.9148878,-0.22338897,0.33627027,0.36308694,-0.8194489,0.4434765
1356510104633,0.18152034,0.52365077,0.8323703,-0.9125961,-0.22563559,0.34096485,0.36635888,-0.8215099,0.43692416
1356510104673,0.17384976,0.49139905,0.8534068,-0.9129759,-0.244403,0.32671407,0.36912215,-0.83593905,0.4061461
1356510104713,0.15543997,0.4395523,0.8846651,-0.9159559,-0.2712543,0.29571262,0.36995035,-0.85627973,0.3604467
1356510104753,0.12788337,0.3744986,0.9183663,-0.92128146,-0.2980395,0.24982625,0.3672689,-0.8780225,0.3069042
1356510104793,0.094735384,0.30393568,0.9479706,-0.92845035,-0.31659353,0.19428995,0.35917303,-0.8985498,0.25219655
1356510104833,0.061151326,0.23637196,0.96973646,-0.9368136,-0.3216805,0.1374844,0.34444273,-0.91686964,0.20176527
1356510104873,0.03216535,0.17845887,0.98342144,-0.9457392,-0.31286514,0.08770761,0.32333052,-0.93288136,0.15871221
1356510104913,0.011523366,0.13389996,0.9909278,-0.95465195,-0.2933681,0.050743133,0.29750118,-0.9465759,0.12444726
1356510104953,0.0011097789,0.10339984,0.9946393,-0.9629384,-0.26816285,0.028951913,0.2697189,-0.9578085,0.099270076
1356510104993,9.0658665E-5,0.084686875,0.9964076,-0.9703512,-0.24082363,0.02055645,0.24169934,-0.9668672,0.082154125
1356510105033,0.0048419237,0.071872145,0.9974021,-0.9765408,-0.2143839,0.020188987,0.215278,-0.9741016,0.06914809
1356510105073,0.009584367,0.057224542,0.99831533,-0.9809884,-0.19298327,0.020480067,0.1938301,-0.979532,0.054286927
1356510105113,0.0096946955,0.03615871,0.99929905,-0.9832628,-0.18148011,0.0161058,0.18193522,-0.9827297,0.033794105
1356510105153,0.0038331747,0.009792268,0.9999447,-0.98314923,-0.1827203,0.005558133,0.18276465,-0.98311615,0.008926868
1356510105193,-0.007498145,-0.017356455,0.9998212,-0.9807418,-0.19501299,-0.010740399,0.19516456,-0.980647,-0.0155599415
1356510105233,-0.02401191,-0.040887356,0.99887514,-0.976447,-0.21334022,-0.032205492,0.21441707,-0.976122,-0.034801573
1356510105273,-0.046432853,-0.058281243,0.99721974,-0.9707448,-0.23280102,-0.058805913,0.2355811,-0.97077644,-0.045766532
1356510105313,-0.075307846,-0.06819996,0.99482536,-0.96360004,-0.25167316,-0.090197414,0.2565223,-0.9654063,-0.046764523
1356510105353,-0.111523986,-0.06995121,0.9912967,-0.95447195,-0.27017516,-0.12644613,0.27666885,-0.9602667,-0.03663546
1356510105393,-0.1515199,-0.060041994,0.986629,-0.94302726,-0.29033738,-0.16249254,0.29621163,-0.9550389,-0.01262933
1356510105433,-0.18872029,-0.03185466,0.98151416,-0.93015134,-0.31476176,-0.18905994,0.31496555,-0.94863605,0.029772222
1356510105473,-0.21389717,0.023312539,0.97657794,-0.91873693,-0.3444872,-0.19300494,0.33191913,-0.9385015,0.095102936
1356510105513,-0.218772,0.11047271,0.9695022,-0.9127239,-0.37453145,-0.16328269,0.3450708,-0.92060953,0.1827681
1356510105566,-0.20380312,0.21865866,0.9542813,-0.9132552,-0.39366704,-0.10483861,0.35274523,-0.8928688,0.27992177
1356510105593,-0.18352634,0.3176871,0.930265,-0.9161753,-0.39827317,-0.0447357,0.35628766,-0.86049604,0.36415064
1356510105633,-0.17917717,0.37690705,0.9087555,-0.915755,-0.40149188,-0.014038175,0.35956687,-0.83471274,0.41709268
1356510105673,-0.20026445,0.38683906,0.9001386,-0.9092771,-0.41551435,-0.023728192,0.36484155,-0.82322735,0.43495667
1356510105713,-0.24253976,0.35348326,0.9034512,-0.8961945,-0.43824327,-0.069125086,0.37149683,-0.82643354,0.42308116
1356510105753,-0.29347914,0.29130694,0.91050005,-0.87827814,-0.45825934,-0.13647684,0.3774885,-0.8397254,0.390338
1356510105793,-0.3422258,0.21507823,0.91467094,-0.8590654,-0.46596706,-0.21185213,0.38064173,-0.85826343,0.3442322
1356510105833,-0.38070297,0.13965613,0.9140905,-0.84366363,-0.45713544,-0.28152958,0.37854588,-0.8783641,0.29185557
1356510105873,-0.40497428,0.07686505,0.9110915,-0.8365035,-0.43343663,-0.33525306,0.36913115,-0.89790004,0.23982853
1356510105913,-0.41530955,0.03201604,0.9091166,-0.83905023,-0.3995803,-0.36922938,0.35144377,-0.91613895,0.1928125
1356510105953,-0.41359776,0.005399883,0.9104436,-0.8501181,-0.36027765,-0.38405615,0.32593864,-0.93282944,0.15360063
1356510105993,-0.4020089,-0.005995661,0.91561615,-0.86664844,-0.32020813,-0.38260597,0.29548168,-0.94732827,0.12353033
1356510106033,-0.38287842,-0.0059675574,0.9237794,-0.8856758,-0.28193277,-0.36890692,0.26264518,-0.9594156,0.102660716
1356510106073,-0.35866123,2.990961E-4,0.9334678,-0.90463454,-0.24673373,-0.34750378,0.23021406,-0.9690833,0.08876443
1356510106113,-0.33363193,0.0054536164,0.94268775,-0.9210067,-0.21519274,-0.32471368,0.20108858,-0.9765564,0.07681787
1356510106154,-0.31248313,0.002238661,0.94992065,-0.93277776,-0.18985975,-0.30639648,0.17966583,-0.98180866,0.06141621
1356510106193,-0.2978704,-0.011962563,0.95453143,-0.9391973,-0.17526346,-0.29528165,0.1708268,-0.9844489,0.040970504
1356510106233,-0.28945422,-0.034071624,0.95658517,-0.94079536,-0.17405516,-0.29087588,0.17640921,-0.98414624,0.01832658
1356510106273,-0.28543013,-0.058374256,0.9566201,-0.9386817,-0.18439996,-0.29133013,0.19340691,-0.9811163,-0.0021615624
1356510106312,-0.2842803,-0.07968801,0.9554237,-0.93411976,-0.20137095,-0.294737,0.21588159,-0.9762682,-0.017192364
1356510106370,-0.28552812,-0.09514746,0.9536355,-0.9279417,-0.22130293,-0.2999153,0.23957855,-0.97055244,-0.025103092
1356510106392,-0.28909886,-0.102951676,0.95174724,-0.9206116,-0.2426995,-0.3058943,0.2624809,-0.9646232,-0.024614334
1356510106432,-0.29385078,-0.10028148,0.9505763,-0.9126444,-0.2661813,-0.31020588,0.28413355,-0.9586924,-0.013303697
1356510106468,-0.29695404,-0.08212569,0.95135367,-0.9052043,-0.29298365,-0.3078408,0.30401263,-0.9525839,0.012662053
1356510106512,-0.29278803,-0.03952259,0.95536005,-0.90057945,-0.32433653,-0.2894171,0.32129678,-0.9451156,0.05936873
1356510106566,-0.2677291,0.052653998,0.96205443,-0.9035548,-0.36040646,-0.23172396,0.33452946,-0.9313081,0.14406705
1356510106603,-0.22862113,0.16625413,0.9592142,-0.91145134,-0.38273418,-0.15090057,0.34203622,-0.90877616,0.23903367
1356510106644,-0.18015951,0.27969885,0.9430329,-0.9214145,-0.38355976,-0.062267542,0.3442933,-0.8801423,0.3268205
1356510106684,-0.1354512,0.3641233,0.9214484,-0.9289206,-0.37015116,0.009720832,0.3446148,-0.8546357,0.3883791
1356510106723,-0.103881896,0.40759748,0.9072337,-0.93248075,-0.35720444,0.05371031,0.34596005,-0.8403983,0.41718382
1356510106764,-0.08758551,0.41239613,0.90678453,-0.9332016,-0.35243994,0.070148855,0.3485162,-0.8400688,0.41571736
1356510106804,-0.08282149,0.38841513,0.9177551,-0.93284476,-0.35423118,0.06573558,0.35063007,-0.8506786,0.39166883
1356510106844,-0.08614552,0.34521735,0.9345608,-0.93248534,-0.35821927,0.04636836,0.35078487,-0.86746985,0.35276914
1356510106884,-0.09437376,0.29152024,0.95189786,-0.9328618,-0.35979903,0.01770252,0.34765258,-0.8863185,0.30590373
1356510106924,-0.10459334,0.23500514,0.96635026,-0.93469214,-0.35514998,-0.014798462,0.33972162,-0.90478784,0.2568038
1356510106964,-0.113866925,0.18225896,0.976635,-0.938516,-0.34221637,-0.045558393,0.3259171,-0.9217752,0.2100201
1356510107004,-0.1195336,0.13799071,0.9831939,-0.94434035,-0.3215044,-0.06968695,0.30648503,-0.9367996,0.16874075
1356510107043,-0.11962414,0.10457376,0.9872965,-0.95167387,-0.29539406,-0.08402008,0.2828552,-0.9496351,0.13485631
1356510107084,-0.11334026,0.08208427,0.9901597,-0.9599029,-0.2662263,-0.0878067,0.25639898,-0.96040916,0.108967066
1356510107124,-0.10165876,0.0677872,0.9925072,-0.96823657,-0.2358352,-0.08306554,0.22843733,-0.96942604,0.08960873
1356510107164,-0.08793527,0.055738807,0.9945655,-0.97551894,-0.20685476,-0.07465842,0.2015692,-0.9767827,0.072564125
1356510107204,-0.07634741,0.03984487,0.9962849,-0.98059523,-0.18395066,-0.06778818,0.18056625,-0.9821276,0.053115785
1356510107244,-0.06935215,0.018083185,0.9974283,-0.9828621,-0.17242128,-0.06521338,0.17079863,-0.98485726,0.029731095
1356510107283,-0.06699717,-0.0067177713,0.9977306,-0.98236537,-0.17450094,-0.06714028,0.17455593,-0.9846341,0.0050917566
1356510107324,-0.068638146,-0.030273944,0.9971822,-0.9793358,-0.18855464,-0.073134124,0.19023746,-0.98159593,-0.016706258
1356510107364,-0.07381272,-0.04834792,0.9960995,-0.97440374,-0.20917577,-0.08235785,0.21234176,-0.97668207,-0.03167048
1356510107404,-0.082761526,-0.058728814,0.9948374,-0.9681804,-0.23183519,-0.09422991,0.23617229,-0.97098064,-0.037673056
1356510107444,-0.09585506,-0.060213566,0.9935725,-0.9610666,-0.25428146,-0.10812926,0.25915793,-0.96525395,-0.03349504
1356510107484,-0.11208475,-0.05062315,0.9924084,-0.95328796,-0.27643228,-0.12176734,0.28049794,-0.9596992,-0.017274618
1356510107523,-0.12780935,-0.02503407,0.99148273,-0.9453337,-0.2993244,-0.12941808,0.30001485,-0.9538229,0.014590919
1356510107565,-0.13542241,0.026758999,0.99042654,-0.9385905,-0.32364458,-0.1195907,0.3173461,-0.94580024,0.068944484
1356510107603,-0.13176781,0.10468519,0.98573744,-0.9343493,-0.34526294,-0.08823162,0.33110204,-0.9326492,0.14330709
1356510107643,-0.10790485,0.21167246,0.9713657,-0.93448687,-0.35501385,-0.026446283,0.33925036,-0.9105821,0.2361129
1356510107684,-0.072006285,0.32390162,0.9433466,-0.93721986,-0.34554297,0.047104836,0.3412241,-0.8807314,0.3284483
1356510107724,-0.03897369,0.41114944,0.9107345,-0.9396475,-0.32512504,0.10656619,0.33991712,-0.8516161,0.39900678
1356510107764,-0.020630479,0.4578883,0.88877034,-0.94049674,-0.31046587,0.13811865,0.33917585,-0.83303607,0.43704754
1356510107804,-0.01991564,0.46525496,0.88495266,-0.940062,-0.31009048,0.1418711,0.3404216,-0.8290849,0.44354415
1356510107844,-0.03404069,0.44078347,0.8969677,-0.9388,-0.3219188,0.122567445,0.34277648,-0.837901,0.42476588
1356510107883,-0.057859123,0.39371866,0.9174082,-0.93695825,-0.338633,0.086236954,0.34461787,-0.8545836,0.38849103
1356510107924,-0.08714563,0.33181846,0.9393094,-0.93487334,-0.35294735,0.037947327,0.34411842,-0.87482834,0.34096605
1356510107964,-0.11602253,0.26548985,0.95710707,-0.9335203,-0.35825956,-0.013786465,0.33923253,-0.8950784,0.28940624
1356510108004,-0.140562,0.2030777,0.96902096,-0.93414724,-0.35148883,-0.061841905,0.3280414,-0.913901,0.23911053
1356510108044,-0.15792376,0.15067402,0.975888,-0.93759453,-0.3329447,-0.10032129,0.3098009,-0.93083036,0.193851
1356510108084,-0.16687417,0.111085415,0.97970045,-0.94376075,-0.30563885,-0.126097,0.285427,-0.9456452,0.15584132
1356510108124,-0.1674943,0.084252894,0.9822663,-0.95183796,-0.27335435,-0.13885903,0.25680757,-0.9582164,0.12598044
1356510108164,-0.16104531,0.06775808,0.9846183,-0.9606558,-0.2394982,-0.14064455,0.22628453,-0.96852946,0.10366231
1356510108204,-0.15057307,0.05636573,0.98699063,-0.9687793,-0.20732296,-0.13595489,0.19696265,-0.9766474,0.08582324
1356510108244,-0.14037037,0.04320842,0.98915577,-0.9748016,-0.18097073,-0.13042814,0.1733726,-0.9825389,0.067522496
1356510108284,-0.13379198,0.023808181,0.9907235,-0.977945,-0.16496521,-0.128102,0.16038504,-0.98601204,0.045354098
1356510108324,-0.13147908,-0.0011865199,0.9913182,-0.97819984,-0.16199541,-0.12993306,0.16074312,-0.98679084,0.020138323
1356510108364,-0.1324526,-0.02774933,0.9908008,-0.9758935,-0.17128175,-0.13525683,0.17345947,-0.98483115,-0.0043936074
1356510108404,-0.13547784,-0.050951272,0.9894694,-0.9715899,-0.18877345,-0.14275044,0.19405887,-0.98069805,-0.023929149
1356510108444,-0.14028656,-0.0672442,0.9878248,-0.96599245,-0.20957309,-0.15145233,0.21720576,-0.97547805,-0.03555709
1356510108484,-0.14747882,-0.07490128,0.986225,-0.9596829,-0.230402,-0.16100821,0.23928797,-0.9702085,-0.037901998
1356510108523,-0.1571616,-0.07242051,0.98491395,-0.95297015,-0.25056267,-0.17048818,0.25912952,-0.96538776,-0.029635757
1356510108566,-0.16755253,-0.056618094,0.984236,-0.94621,-0.27106,-0.17667189,0.27678987,-0.9608959,-0.008155793
1356510108603,-0.17398512,-0.02125746,0.98451877,-0.9403282,-0.29329765,-0.17250857,0.29242423,-0.9557847,0.03104055
1356510108644,-0.16956812,0.042158425,0.9846163,-0.9368149,-0.31708825,-0.14775917,0.305981,-0.9474585,0.09326273
1356510108683,-0.14876455,0.13680634,0.9793637,-0.9366834,-0.336986,-0.09520823,0.31700674,-0.9315173,0.1782758
1356510108723,-0.11102301,0.25302172,0.9610692,-0.9392582,-0.34272456,-0.01827392,0.32475832,-0.9047209,0.275703
1356510108763,-0.06682187,0.36327523,0.9292825,-0.9417208,-0.3307138,0.061566383,0.32969207,-0.87101066,0.3642027
1356510108803,-0.03136307,0.4398109,0.8975426,-0.94209135,-0.3129803,0.12044585,0.33388653,-0.84178954,0.42415816
1356510108843,-0.01230222,0.47352374,0.8806951,-0.94090474,-0.30359638,0.1500915,0.33844778,-0.8268038,0.44927567
1356510108883,-0.008035362,0.4697153,0.8827814,-0.9395023,-0.30587274,0.15419886,0.34244835,-0.8281361,0.44375646
1356510108924,-0.0130060315,0.4380751,0.8988443,-0.938638,-0.31519592,0.14003706,0.3446588,-0.84186804,0.41529328
1356510108963,-0.021777213,0.388435,0.92121875,-0.93852186,-0.3254829,0.11505473,0.34453222,-0.8620784,0.37164283
1356510109003,-0.030127764,0.33004406,0.94348466,-0.93939865,-0.33184248,0.0860858,0.34150043,-0.88371456,0.32004064
1356510109043,-0.035188377,0.27086917,0.96197283,-0.94179225,-0.3310212,0.058757722,0.33434904,-0.90391093,0.2667505
1356510109083,-0.03539771,0.21646652,0.97564816,-0.9462004,-0.32145977,0.036992818,0.3216393,-0.92184925,0.21619959
1356510109123,-0.028901279,0.17141089,0.9847756,-0.9524019,-0.3038237,0.024932653,0.30347198,-0.9371816,0.17203304
1356510109163,-0.015309453,0.13766044,0.9903611,-0.9596053,-0.28031307,0.02412951,0.28093287,-0.9499864,0.1363912
1356510109203,0.0049371123,0.11483157,0.99337274,-0.96687114,-0.252984,0.03404975,0.25521737,-0.9606315,0.109778255
1356510109243,0.029482245,0.09919381,0.99463135,-0.9732809,-0.22384292,0.05117309,0.22771722,-0.9695643,0.089944065
1356510109283,0.05422312,0.08433068,0.99496144,-0.9779861,-0.19659281,0.06996074,0.20150214,-0.97685194,0.07181436
1356510109323,0.07562041,0.06556448,0.9949789,-0.9804392,-0.17695397,0.08617586,0.18171552,-0.98203295,0.050900638
1356510109363,0.0923332,0.042972565,0.99480045,-0.9805286,-0.1699726,0.09835088,0.1733152,-0.9845114,0.026441723
1356510109403,0.10528302,0.021016896,0.99422014,-0.9784839,-0.17620158,0.10734138,0.17743918,-0.98412967,0.0020137131
1356510109443,0.11498761,0.0039982796,0.99335885,-0.9748274,-0.1918416,0.11361462,0.19102183,-0.9814177,-0.018161744
1356510109483,0.12117207,-0.005585015,0.9926158,-0.9703097,-0.2115407,0.11725888,0.20932376,-0.9773532,-0.031052023
1356510109523,0.122985125,-0.0069165826,0.99238443,-0.9656356,-0.23153943,0.11805639,0.22895959,-0.97280085,-0.03515476
1356510109562,0.12078279,0.0020145774,0.9926769,-0.9608791,-0.25084502,0.11742288,0.24924463,-0.96802515,-0.028362006
1356510109600,0.11371428,0.020915687,0.9932933,-0.9563991,-0.26840812,0.115142345,0.2690163,-0.96307814,-0.010518074
1356510109642,0.11060667,0.058905274,0.99211705,-0.95105934,-0.28353274,0.12286362,0.28853497,-0.95715165,0.02466178
1356510109681,0.117431045,0.12369239,0.98534775,-0.94439137,-0.292962,0.14932594,0.30713996,-0.94808936,0.0824112
1356510109722,0.14243335,0.2201328,0.9650152,-0.9354837,-0.28860265,0.20390871,0.3233929,-0.9317994,0.164824
1356510109762,0.18581402,0.33654848,0.92315125,-0.9236047,-0.26078045,0.28097668,0.33530208,-0.9048363,0.26238108
1356510109802,0.23568523,0.44346383,0.8647499,-0.9094163,-0.2131005,0.35714185,0.34265804,-0.8705907,0.35306853
1356510109842,0.2767774,0.51547384,0.8109754,-0.8956665,-0.1673361,0.4120441,0.34810334,-0.8404079,0.41537774
1356510109882,0.30183697,0.5476883,0.78034097,-0.88525707,-0.1427939,0.4426397,0.3538565,-0.82440734,0.44174445
1356510109922,0.31043822,0.54661393,0.7777155,-0.8799859,-0.14417195,0.45259184,0.35951775,-0.8248804,0.43625602
1356510109963,0.30430818,0.51978874,0.7982581,-0.8805195,-0.16622764,0.44390717,0.36343056,-0.83796656,0.40709978
1356510110003,0.28567976,0.47367036,0.83308065,-0.8864888,-0.1996066,0.4174861,0.3640392,-0.85778403,0.36288
1356510110045,0.25718457,0.41401404,0.8731829,-0.8968933,-0.234137,0.3751827,0.35977542,-0.87964314,0.31111014
1356510110083,0.2240473,0.34878075,0.9100301,-0.9098387,-0.2597984,0.3235712,0.3492798,-0.90047586,0.2591271
1356510110124,0.19151336,0.2851167,0.9391651,-0.9238982,-0.27058625,0.27054614,0.33126238,-0.91950613,0.21159789
1356510110163,0.1658693,0.23022848,0.9588963,-0.93732136,-0.2653672,0.22585118,0.30645704,-0.9362558,0.17178188
1356510110203,0.15070963,0.1877915,0.9705776,-0.94895935,-0.24767733,0.19527444,0.27706096,-0.9504684,0.14087915
1356510110243,0.14682937,0.1578584,0.9764844,-0.9581579,-0.22252327,0.18004677,0.24571243,-0.96206236,0.11858031
1356510110283,0.1521892,0.13738602,0.97875607,-0.96479195,-0.19428104,0.17728877,0.21451077,-0.9712775,0.10298148
1356510110323,0.1620422,0.120643824,0.97938114,-0.96915615,-0.16730207,0.18095934,0.18568414,-0.9784963,0.089812756
1356510110382,0.1709491,0.10184538,0.98000205,-0.97170734,-0.14709789,0.18478915,0.16297618,-0.98386467,0.07381767
1356510110402,0.1759401,0.07917902,0.9812114,-0.97274053,-0.13897836,0.18563613,0.15106562,-0.9871249,0.052568763
1356510110442,0.17674726,0.05495885,0.9827207,-0.97228396,-0.14550656,0.18300766,0.15305024,-0.9878296,0.02771771
1356510110478,0.17442816,0.033642262,0.984095,-0.97034955,-0.16395462,0.17759684,0.16732165,-0.9858941,0.0040464103
1356510110522,0.16877073,0.018241972,0.9854865,-0.96725,-0.18924981,0.16915074,0.18958881,-0.98175955,-0.01429522
1356510110566,0.15820855,0.010312438,0.9873519,-0.9637073,-0.21614885,0.15667742,0.2150307,-0.9763059,-0.024258435
1356510110603,0.1383484,0.008307129,0.9903488,-0.9611527,-0.24002594,0.13628319,0.23884153,-0.970731,-0.025222778
1356510110644,0.11438131,0.016402006,0.9933015,-0.95860964,-0.2606029,0.11468968,0.26073834,-0.96530676,-0.014085025
1356510110683,0.08581066,0.037350476,0.9956111,-0.95613307,-0.2778346,0.092831105,0.28008243,-0.9599025,0.011870801
1356510110723,0.06244403,0.078801244,0.9949328,-0.95307136,-0.29118055,0.08287904,0.29623595,-0.9534172,0.056920648
1356510110764,0.056615412,0.14849833,0.9872906,-0.94947183,-0.29775202,0.09923157,0.3087035,-0.9430227,0.1241377
1356510110803,0.07621902,0.24558336,0.9663744,-0.9453177,-0.29044938,0.14836976,0.31712,-0.9248394,0.21001655
1356510110844,0.116732,0.35410503,0.9278919,-0.9397249,-0.26295334,0.21856976,0.3213889,-0.89747715,0.30206618
1356510110884,0.15307349,0.44306615,0.8833238,-0.9339546,-0.2272529,0.27583513,0.32295108,-0.8672073,0.37901723
1356510110924,0.16203433,0.49330467,0.85463166,-0.93194133,-0.20820993,0.29687345,0.32439187,-0.8445703,0.42599395
1356510110964,0.13282013,0.5019951,0.8546108,-0.9356575,-0.22093731,0.27519372,0.32696137,-0.83617437,0.4403506
1356510111004,0.06528717,0.47177154,0.8793004,-0.9417128,-0.2623014,0.21065387,0.33002216,-0.8418014,0.4271483
1356510111044,-0.03195554,0.40718096,0.9127883,-0.94263583,-0.31589806,0.10791683,0.3322898,-0.8569784,0.3939181
1356510111084,-0.14169735,0.31884125,0.9371563,-0.9324367,-0.3608743,-0.018206358,0.33239076,-0.87641877,0.34843427
1356510111129,-0.2439655,0.22375688,0.94361734,-0.9124404,-0.3825891,-0.14518279,0.32853207,-0.8964142,0.29750335
1356510111164,-0.3219025,0.14173192,0.93610394,-0.89129764,-0.37883973,-0.24913612,0.3193229,-0.91454494,0.24827492
1356510111204,-0.37230808,0.0815219,0.924522,-0.87709856,-0.35660142,-0.32176635,0.30345482,-0.93069303,0.2042683
1356510111243,-0.39716482,0.044300616,0.9166775,-0.8733092,-0.32528865,-0.36265448,0.28211895,-0.9445765,0.16788137
1356510111288,-0.4008175,0.026862055,0.9157641,-0.8797915,-0.29011625,-0.37656283,0.2555628,-0.9566144,0.13991663
1356510111322,-0.38822877,0.021446794,0.9213135,-0.8927305,-0.25686747,-0.37020478,0.22871569,-0.9662087,0.11886948
1356510111362,-0.36812115,0.021514535,0.9295289,-0.90773016,-0.22473782,-0.35428652,0.20127791,-0.9741818,0.10226005
