1356511211457,0.5017764,-0.39292705,-0.7706029,-0.6280761,0.44705036,-0.6369195,0.5947612,0.8035884,-0.022468746
1356511211497,0.22719169,-0.14119878,0.9635595,0.7711264,-0.57820094,-0.26654795,0.5947672,0.8035836,-0.022480346
1356511211536,0.22729921,-0.14121935,0.9635311,0.77106094,-0.57824355,-0.26664498,0.594811,0.8035494,-0.022545636
1356511211575,0.22765893,-0.14137301,0.9634236,0.77084756,-0.57835466,-0.2670207,0.5949501,0.80344236,-0.022690564
1356511211616,0.22822577,-0.1417295,0.9632371,0.7704377,-0.5785966,-0.26767856,0.59526366,0.8032053,-0.022856914
1356511211655,0.22859818,-0.14222649,0.9630755,0.7699058,-0.5790357,-0.2682586,0.5958086,0.8028009,-0.022865511
1356511211695,0.22819954,-0.14273915,0.96309423,0.76942146,-0.5796944,-0.2682258,0.5965866,0.8022344,-0.02245947
1356511211735,0.226596,-0.14323694,0.9633989,0.769171,-0.5804909,-0.26721933,0.59752005,0.80156934,-0.021363169
1356511211776,0.22364593,-0.14375457,0.96401095,0.76930654,-0.5812582,-0.2651534,0.59845626,0.80092037,-0.01940465
1356511211817,0.21988857,-0.14473674,0.9647281,0.76977694,-0.58173543,-0.26273063,0.5992433,0.8003969,-0.016501963
1356511211855,0.21462381,-0.14510775,0.9658574,0.7708188,-0.5821427,-0.25874367,0.5998125,0.80003357,-0.013089925
1356511211897,0.20954692,-0.14586717,0.9668572,0.771891,-0.582311,-0.25514367,0.60022867,0.799773,-0.009427942
1356511211935,0.20523524,-0.14701197,0.96760845,0.7727568,-0.582364,-0.2523866,0.6006042,0.79952466,-0.0059171394
1356511211975,0.20193201,-0.14844048,0.96808517,0.77332187,-0.58238316,-0.25060573,0.6009965,0.7992468,-0.0028095841
1356511212015,0.19973743,-0.14995944,0.9683063,0.773594,-0.5823825,-0.24976546,0.6013794,0.7989635,-3.158152E-4
1356511212055,0.19884449,-0.15125448,0.9682887,0.7736251,-0.58231324,-0.24983099,0.6016354,0.79876995,0.001224488
1356511212095,0.19951504,-0.15194815,0.96804214,0.77347803,-0.58209896,-0.2507839,0.60160244,0.7987944,0.001391016
1356511212135,0.20181245,-0.15174362,0.96759784,0.77319205,-0.5817386,-0.2524963,0.6012037,0.7990958,-7.516891E-5
1356511212176,0.20532107,-0.15058812,0.96704006,0.7727848,-0.5813596,-0.2546067,0.60053885,0.79959,-0.0029931292
1356511212215,0.20917696,-0.14874312,0.9664991,0.772328,-0.5810978,-0.2565833,0.59979546,0.8001256,-0.006673835
1356511212255,0.21248621,-0.14666107,0.96609527,0.77196884,-0.580955,-0.25798306,0.5990941,0.8006133,-0.010227114
1356511212296,0.21473128,-0.14479148,0.9658809,0.7718148,-0.5808582,-0.25866136,0.5984918,0.80102384,-0.012976199
1356511212335,0.21570861,-0.14348766,0.9658577,0.7718668,-0.5807871,-0.25866553,0.59807307,0.8013098,-0.0145273805
1356511212418,0.21519911,-0.14297146,0.9660478,0.7721079,-0.5807847,-0.2579505,0.5979454,0.8014039,-0.0145949125
1356511212419,0.21301049,-0.14317614,0.96650255,0.7725424,-0.5809283,-0.25632083,0.5981678,0.8012632,-0.013134152
1356511212453,0.2092399,-0.14349753,0.9672782,0.77318555,-0.5813134,-0.25349304,0.59866744,0.8009263,-0.010683693
1356511212482,0.20412302,-0.14303416,0.9684395,0.7741024,-0.5819843,-0.24911803,0.59924895,0.800522,-0.0080733225
1356511212526,0.1972354,-0.14184079,0.9700409,0.7753731,-0.5829244,-0.24289024,0.5999123,0.80005026,-0.004993826
1356511212565,0.18627536,-0.13802609,0.972754,0.7777362,-0.5842764,-0.2318351,0.60035646,0.79973114,-0.001488395
1356511212605,0.1706577,-0.13179868,0.97647583,0.78134596,-0.5856729,-0.21560556,0.600312,0.79976016,0.003030777
1356511212646,0.14952636,-0.1235154,0.9810126,0.7861444,-0.58689857,-0.19371852,0.5996822,0.80018365,0.00934422
1356511212686,0.12269813,-0.114121675,0.9858607,0.7914629,-0.58807987,-0.16657901,0.59877515,0.80071115,0.01816678
1356511212725,0.09063482,-0.10487789,0.9903464,0.79589844,-0.59011084,-0.13533214,0.5986075,0.80048096,0.029987618
1356511212766,0.05471331,-0.097147554,0.993765,0.79756224,-0.59454507,-0.102032065,0.6007502,0.798172,0.044951692
1356511212805,0.017174006,-0.09217936,0.9955943,0.79509085,-0.6024952,-0.06949869,0.6062471,0.7927815,0.06294371
1356511212845,-0.019781768,-0.09101418,0.9956531,0.7886199,-0.6135512,-0.040417284,0.6145627,0.78439236,0.08391273
1356511212885,-0.054679513,-0.09426361,0.9940444,0.7794745,-0.6262163,-0.016506404,0.62404287,0.77392983,0.107717395
1356511212925,-0.087014794,-0.1019094,0.99098086,0.76891756,-0.6393456,0.0017678142,0.633399,0.76213634,0.13399237
1356511212965,-0.117222905,-0.11332315,0.98661876,0.7575392,-0.65261614,0.015045822,0.6421784,0.74916613,0.16234837
1356511213005,-0.146626,-0.12747046,0.98094445,0.7454363,-0.6661129,0.024864435,0.65025026,0.73487747,0.1926906
1356511213045,-0.17693007,-0.1430259,0.9737758,0.7325299,-0.67992324,0.033231437,0.6573399,0.7191995,0.22506967
1356511213085,-0.21050411,-0.15833396,0.9646857,0.71846,-0.6942485,0.042828143,0.6629504,0.70210356,0.25989878
1356511213144,-0.24931204,-0.1714395,0.9531275,0.70261264,-0.7093503,0.056193024,0.66646755,0.6836891,0.29730508
1356511213165,-0.29418582,-0.18013763,0.93861866,0.6838047,-0.7257974,0.075027555,0.66773176,0.66390395,0.33669835
1356511213206,-0.3429879,-0.18264598,0.92141175,0.6609501,-0.74392813,0.09856877,0.66746104,0.6428151,0.37587827
1356511213243,-0.3899336,-0.17858659,0.9033596,0.63508695,-0.76252174,0.123390034,0.66679555,0.6218259,0.41075087
1356511213286,-0.42744988,-0.16949211,0.8880085,0.6108532,-0.7782608,0.14549416,0.66644204,0.6046343,0.43620223
1356511213325,-0.44974357,-0.15760463,0.8791424,0.59467924,-0.7872472,0.16309007,0.66639864,0.5961565,0.44778365
1356511213382,-0.45350343,-0.14514713,0.87935597,0.59163016,-0.7869371,0.17522445,0.6665645,0.59971845,0.44275218
1356511213407,-0.4390521,-0.13219377,0.8886833,0.6020235,-0.77751327,0.18177144,0.666934,0.6148153,0.4209526
1356511213447,-0.40661657,-0.11817926,0.90592307,0.6236754,-0.7605053,0.18072262,0.66760164,0.63848674,0.38293958
1356511213487,-0.35665947,-0.102131516,0.9286351,0.65278053,-0.7383386,0.16950984,0.66833484,0.66665226,0.330005
1356511213527,-0.2926563,-0.083158314,0.95259494,0.6838694,-0.71449274,0.14772561,0.6683375,0.6946833,0.26597017
1356511213557,-0.23061359,-0.061292857,0.9711131,0.70890975,-0.6942183,0.12453088,0.66653156,0.71715,0.20354727
1356511213587,-0.16965514,-0.03987372,0.9846965,0.72862923,-0.6778482,0.09808841,0.6635636,0.7341199,0.14405353
1356511213624,-0.10474557,-0.019450903,0.9943088,0.7432143,-0.6658622,0.06526825,0.6608032,0.7458211,0.08420235
1356511213665,-0.044653833,2.3451447E-4,0.99900246,0.7508116,-0.6596554,0.03371492,0.6590053,0.7515682,0.029280066
1356511213705,0.0049079657,0.018013358,0.9998257,0.7519914,-0.65912217,0.008183658,0.65915465,0.75182015,-0.016780883
1356511213745,0.039619505,0.033295065,0.99865997,0.7484853,-0.66310793,-0.0075865686,0.6619667,0.74778295,-0.05119288
1356511213785,0.056666374,0.046138436,0.9973265,0.74199176,-0.67031634,-0.011148453,0.6680099,0.74063975,-0.072218746
1356511213825,0.055564642,0.057167888,0.9968172,0.7331484,-0.6800662,-0.0018651485,0.677795,0.7309185,-0.07970023
1356511213865,0.039027333,0.06731942,0.9969679,0.7214484,-0.692221,0.018499792,0.6913675,0.71853894,-0.075583026
1356511213905,0.012770295,0.07745254,0.99691427,0.7063634,-0.70636415,0.045830667,0.7077342,0.70359844,-0.06373012
1356511213946,-0.01608044,0.0880281,0.9959882,0.68944323,-0.72046643,0.07480797,0.7241612,0.6878803,-0.04910496
1356511213985,-0.04209608,0.09877387,0.9942191,0.67528915,-0.73058075,0.101174176,0.7363507,0.67564446,-0.03594634
1356511214025,-0.06281066,0.10860464,0.9920987,0.66909456,-0.73299474,0.1226016,0.7405182,0.67150855,-0.026626885
1356511214065,-0.07707006,0.11573452,0.9902857,0.67242086,-0.72731686,0.13733324,0.7361457,0.676473,-0.021768019
1356511214105,-0.08327961,0.11787546,0.98953015,0.6820595,-0.71721125,0.14283875,0.7265393,0.68681395,-0.020669013
1356511214145,-0.07920599,0.1123673,0.9905049,0.6935698,-0.7074889,0.13572222,0.71602196,0.69773424,-0.021897227
1356511214185,-0.062856615,0.09630346,0.99336535,0.70446736,-0.7007615,0.11251271,0.7069475,0.7068656,-0.023795143
1356511214225,-0.03374487,0.0669927,0.9971826,0.71399045,-0.69655055,0.07095721,0.6993418,0.71437335,-0.02432713
1356511214265,0.0062152147,0.022704512,0.99972284,0.721521,-0.6923013,0.011237055,0.6923646,0.72125125,-0.020684585
1356511214305,0.05070603,-0.0357863,0.99807227,0.7261089,-0.6848289,-0.061444014,0.68570757,0.7278247,-0.0087402165
1356511214385,0.0778386,-0.102564216,0.9916762,0.7283946,-0.6733202,-0.1268113,0.680722,0.7322024,0.022296965
1356511214386,0.08539164,-0.17342082,0.98113894,0.72951806,-0.6598188,-0.1801183,0.6786101,0.7311392,0.07017055
1356511214412,0.052651882,-0.2269974,0.9724711,0.7323841,-0.6532225,-0.19213039,0.67885303,0.7223383,0.13185582
1356511214444,-0.028342903,-0.25383267,0.9668328,0.73210573,-0.6638278,-0.15281981,0.68060106,0.7034925,0.20464712
1356511214485,-0.15191317,-0.2487148,0.95658946,0.7141806,-0.69667786,-0.06772041,0.6832777,0.67288995,0.28346184
1356511214525,-0.25234485,-0.22890784,0.94017196,0.68409175,-0.729371,0.00602898,0.68435407,0.64468527,0.34064704
1356511214565,-0.29759252,-0.21455783,0.93027073,0.66482353,-0.7458939,0.040643185,0.68516296,0.630561,0.36461562
1356511214605,-0.2867453,-0.21510953,0.93354434,0.6677598,-0.7436107,0.03376302,0.68693084,0.63306475,0.35686845
1356511214645,-0.22608805,-0.23159455,0.9461756,0.6877289,-0.7258452,-0.013332099,0.68986464,0.64769804,0.32337916
1356511214685,-0.1263147,-0.2587546,0.9576485,0.7088775,-0.6988598,-0.09532887,0.69392884,0.666814,0.27170163
1356511214725,-0.007337332,-0.28669262,0.9579945,0.714937,-0.6713222,-0.19542639,0.6991504,0.6834718,0.2098929
1356511214765,0.1051178,-0.30582064,0.9462683,0.70104474,-0.6520977,-0.28862548,0.70532715,0.69371617,0.14584696
1356511214805,0.19232142,-0.31200233,0.93041223,0.67517185,-0.64597106,-0.35618028,0.7121485,0.69668925,0.08642113
1356511214845,0.24797964,-0.30578047,0.91924113,0.64881,-0.652222,-0.39198467,0.7194106,0.6936171,0.03665572
1356511214885,0.27358717,-0.28915215,0.9173554,0.6292434,-0.66752845,-0.39806834,0.72746325,0.68614626,-6.8009086E-4
1356511214925,0.27150756,-0.2629774,0.9258113,0.61859024,-0.689254,-0.37719363,0.73731256,0.67510873,-0.024462435
1356511214965,0.24499571,-0.22767708,0.9424119,0.6146734,-0.7152354,-0.33258817,0.7497691,0.66075826,-0.035282556
1356511215005,0.20096773,-0.18504722,0.9619613,0.61276144,-0.74241185,-0.27082855,0.76428753,0.64388055,-0.03581101
1356511215045,0.15035021,-0.13905418,0.97880477,0.6093817,-0.7665795,-0.20250894,0.7784913,0.62691295,-0.030518323
1356511215085,0.10338551,-0.094522506,0.9901399,0.6057495,-0.78358716,-0.13805357,0.7889101,0.61404943,-0.023754597
1356511215125,0.06608325,-0.05539325,0.99627537,0.60652375,-0.7905956,-0.08418828,0.79231435,0.60982805,-0.018647812
1356511215166,0.04019159,-0.024671048,0.9988873,0.61450636,-0.7876737,-0.044179887,0.78788733,0.6155983,-0.016497284
1356511215205,0.025893569,-0.0053355396,0.9996505,0.62755334,-0.77830607,-0.020409405,0.7781429,0.62786245,-0.016804777
1356511215245,0.02562201,-0.0016995966,0.99967027,0.64123726,-0.7671375,-0.017739475,0.7669147,0.6414804,-0.018565744
1356511215285,0.044695497,-0.01959306,0.9988085,0.65235394,-0.7566342,-0.04403448,0.7565955,0.6535448,-0.021036476
1356511215325,0.08819729,-0.06513649,0.9939711,0.6583569,-0.7450274,-0.10724032,0.7475209,0.663846,-0.022826403
1356511215377,0.15122366,-0.13845482,0.9787551,0.6570438,-0.7256771,-0.20417164,0.7385287,0.6739606,-0.018768609
1356511215415,0.24620497,-0.25670308,0.9346051,0.63707685,-0.68384427,-0.35565442,0.7304219,0.68297917,-0.0048262514
1356511215455,0.3151791,-0.36709258,0.87516004,0.61324507,-0.62500143,-0.48301497,0.72428757,0.68892384,0.028130412
1356511215496,0.3249151,-0.44814923,0.83282197,0.61220276,-0.5715418,-0.5463952,0.72085917,0.68738794,0.08865565
1356511215535,0.25457668,-0.48803437,0.83487314,0.6477386,-0.55499,-0.5219396,0.7180707,0.6736532,0.17483112
1356511215575,0.11044997,-0.48088145,0.86980104,0.6928816,-0.590168,-0.4142667,0.71254194,0.64842486,0.26800984
1356511215615,-0.03294432,-0.45011735,0.89236146,0.7084383,-0.64031816,-0.29682958,0.70500344,0.6224042,0.33997524
1356511215655,-0.09377164,-0.44368458,0.89126366,0.7079673,-0.6591285,-0.25363755,0.69999236,0.60720146,0.37592173
1356511215695,-0.052408934,-0.48217532,0.8745057,0.7121242,-0.6319681,-0.3057701,0.7000945,0.60673165,0.37648955
1356511215735,0.06191939,-0.5439549,0.8368268,0.7071009,-0.5678187,-0.42141455,0.70439637,0.6178147,0.34947202
1356511215775,0.2035693,-0.5974879,0.77560806,0.67330813,-0.48968923,-0.5539502,0.7107854,0.63499045,0.30260766
1356511215815,0.3242995,-0.62335205,0.71152085,0.6164559,-0.431256,-0.658787,0.71750396,0.65226555,0.24441302
1356511215855,0.40563178,-0.6246137,0.66732347,0.5579141,-0.4091097,-0.72205347,0.724013,0.66519696,0.18253288
1356511215895,0.45051885,-0.60987616,0.6519846,0.51312554,-0.4207288,-0.7481239,0.7305716,0.6715938,0.12339684
1356511215935,0.46623254,-0.5838405,0.66464835,0.48879683,-0.45619965,-0.74361247,0.7373634,0.6715744,0.07268429
1356511215975,0.4579988,-0.5480154,0.69994015,0.48469132,-0.50609756,-0.7134,0.7451922,0.6659912,0.03382626
1356511216016,0.4255846,-0.50039536,0.7539776,0.4980634,-0.566113,-0.65684766,0.75552005,0.65507287,0.008299649
1356511216053,0.3699904,-0.43935114,0.8185827,0.5206736,-0.63166547,-0.5743673,0.7694194,0.6387248,-0.004951656
1356511216096,0.29868525,-0.36769834,0.88067305,0.5406829,-0.69521594,-0.47364205,0.78641534,0.61763483,-0.008842528
1356511216135,0.22771496,-0.29477197,0.9280385,0.55063254,-0.7470744,-0.37240252,0.8030876,0.59580976,-0.0078089535
1356511216175,0.17144823,-0.23154038,0.9575983,0.5536795,-0.7813236,-0.2880491,0.8148892,0.5795881,-0.0057573635
1356511216215,0.13555014,-0.18447152,0.9734456,0.5581088,-0.7975822,-0.2288602,0.8186211,0.57431066,-0.005157143
1356511216255,0.119149685,-0.15627451,0.9805007,0.56772214,-0.79944724,-0.1964069,0.81455195,0.58005375,-0.0065333545
1356511216301,0.12220675,-0.14997727,0.9811078,0.5813247,-0.79039395,-0.1932335,0.8044422,0.5939566,-0.00940606
1356511216335,0.14691353,-0.17247266,0.9739967,0.5898166,-0.7751993,-0.2262356,0.794061,0.60771644,-0.012160063
1356511216380,0.18865758,-0.2160825,0.9579753,0.5923444,-0.7530224,-0.28650552,0.7832857,0.62150276,-0.01406813
1356511216415,0.25775397,-0.2945884,0.92020684,0.579822,-0.7146795,-0.39120302,0.7728967,0.6343903,-0.0134027
1356511216455,0.33404958,-0.38569102,0.86003095,0.554119,-0.6577549,-0.5102065,0.7624716,0.6469938,-0.0060040657
1356511216495,0.40317237,-0.4780375,0.7803411,0.5207066,-0.58138424,-0.62518555,0.7525402,0.6583863,0.014519244
1356511216535,0.44351232,-0.5544143,0.704217,0.4994829,-0.49950558,-0.7078213,0.7441866,0.6656719,0.055383533
1356511216575,0.4372313,-0.6071821,0.6634445,0.5146119,-0.4360816,-0.73824614,0.7375659,0.6642007,0.12179464
1356511216615,0.37953472,-0.63832414,0.6696982,0.56762135,-0.4109549,-0.71338767,0.7305884,0.6508904,0.2063548
1356511216655,0.28816146,-0.6503344,0.7028713,0.62943107,-0.42452222,-0.65084344,0.7216505,0.629957,0.28700984
1356511216695,0.21638966,-0.654929,0.7240466,0.66688246,-0.4424919,-0.59955704,0.71305203,0.61259186,0.34101006
1356511216735,0.20990449,-0.66812545,0.7138266,0.67401046,-0.43000478,-0.60067105,0.7082725,0.60721016,0.36006367
1356511216776,0.2690043,-0.6889721,0.67301863,0.6524266,-0.38368165,-0.65355027,0.7085028,0.6149031,0.34629172
1356511216815,0.3494137,-0.70117813,0.62149775,0.608789,-0.33431858,-0.7194492,0.7122402,0.6297464,0.31005394
1356511216855,0.42573857,-0.701342,0.57172203,0.5502447,-0.3009237,-0.77889395,0.7183157,0.6461922,0.25779486
1356511216895,0.48034817,-0.6915137,0.53951323,0.4925695,-0.29626882,-0.818291,0.7257004,0.65881234,0.19830635
1356511216935,0.5129455,-0.6766919,0.52818096,0.44495073,-0.31659353,-0.8377275,0.734102,0.664723,0.13869932
1356511216975,0.52784854,-0.659584,0.5350933,0.41096514,-0.35300452,-0.84053284,0.74329233,0.6635787,0.08473313
1356511217015,0.52928245,-0.64113814,0.55569947,0.39087838,-0.39705473,-0.8303985,0.7530433,0.6567263,0.040452927
1356511217055,0.5191167,-0.62136966,0.5868711,0.38401443,-0.44386685,-0.809639,0.76357764,0.6456641,0.008196176
1356511217095,0.49703562,-0.5997498,0.62710106,0.38877732,-0.49217814,-0.77885354,0.7757627,0.63092065,-0.011460959
1356511217135,0.46401423,-0.5758575,0.6731113,0.40082577,-0.54113656,-0.73926306,0.7899554,0.61282897,-0.020276546
1356511217175,0.4238634,-0.5504621,0.7192575,0.41426343,-0.5883646,-0.6944155,0.80543506,0.5922994,-0.021349907
1356511217215,0.38497084,-0.5264482,0.75805646,0.42445564,-0.6283529,-0.65192795,0.8195333,0.5727346,-0.018443644
1356511217255,0.35707372,-0.5083819,0.783611,0.43091235,-0.65465766,-0.621078,0.8287417,0.55943835,-0.014693022
1356511217295,0.3463251,-0.5001141,0.7936906,0.43547043,-0.66366845,-0.60820204,0.8309178,0.55626446,-0.012060165
1356511217335,0.3525837,-0.5031722,0.78898823,0.43772078,-0.6565281,-0.6143056,0.82709444,0.5619507,-0.011232197
1356511217380,0.3719859,-0.5165269,0.77124995,0.43525872,-0.6368059,-0.63641816,0.8198636,0.57243186,-0.012060016
1356511217415,0.4005044,-0.53837574,0.74144983,0.42534226,-0.6074837,-0.6708559,0.81159115,0.58405066,-0.014305949
1356511217455,0.43488032,-0.5652468,0.70098156,0.40790278,-0.5703469,-0.7129655,0.8028042,0.59598696,-0.017466903
1356511217495,0.4715433,-0.59274155,0.6529199,0.3859709,-0.5269911,-0.75717026,0.79288924,0.60904664,-0.01971817
1356511217535,0.505425,-0.6166054,0.6036087,0.36596343,-0.48031965,-0.79709715,0.7814195,0.6237715,-0.017110497
1356511217575,0.52944374,-0.6349747,0.56258017,0.35786694,-0.43409035,-0.8267387,0.7691688,0.63904047,-0.0025899727
1356511217615,0.53418875,-0.6497712,0.540777,0.3734895,-0.3924745,-0.84051734,0.7583851,0.65096945,0.03302723
1356511217655,0.5085815,-0.66467476,0.54731363,0.42121089,-0.36233965,-0.83143926,0.75095016,0.6533891,0.095689
1356511217695,0.44592357,-0.6793513,0.5827813,0.49475306,-0.35551137,-0.7929888,0.74590325,0.64194524,0.17758015
1356511217735,0.35536945,-0.6859329,0.63498706,0.56962144,-0.37969524,-0.7289464,0.7411099,0.6207475,0.25579005
1356511217775,0.26458317,-0.6760386,0.6877264,0.62208843,-0.42527544,-0.65737885,0.7368866,0.60175794,0.30803505
1356511217815,0.19830298,-0.64883614,0.73463434,0.6484355,-0.47520262,-0.59473854,0.73498803,0.5943014,0.32649428
1356511217855,0.16299611,-0.60704,0.7777756,0.65731555,-0.52107537,-0.5444418,0.73577756,0.59998584,0.31408352
1356511217895,0.15302384,-0.5535409,0.81864285,0.6563,-0.5624068,-0.50296015,0.73881936,0.6142402,0.27722728
1356511217935,0.15558702,-0.4908294,0.8572509,0.6507371,-0.6019793,-0.46277627,0.7431916,0.62984693,0.22574088
1356511217975,0.16326314,-0.42418906,0.890735,0.64220643,-0.639685,-0.42234337,0.74894327,0.6409888,0.16797999
1356511218015,0.17064458,-0.35903776,0.9175905,0.6316195,-0.6748966,-0.38153815,0.7562653,0.6446755,0.11160782
1356511218055,0.17581797,-0.3005153,0.93743193,0.6196142,-0.70619136,-0.34259617,0.7649617,0.6410807,0.062042385
1356511218095,0.17788386,-0.25160527,0.9513423,0.60692114,-0.7329374,-0.3073262,0.77459925,0.6320581,0.022326887
1356511218135,0.17585206,-0.21300681,0.9610953,0.59389836,-0.755665,-0.2761433,0.78508645,0.6193533,-0.0063808523
1356511218175,0.16836983,-0.18397698,0.96840286,0.5795524,-0.7762102,-0.24822727,0.7973522,0.60303426,-0.02406612
1356511218215,0.15524244,-0.16288778,0.97435486,0.5626087,-0.7961532,-0.22273648,0.8120167,0.5827587,-0.031954676
1356511218255,0.13868672,-0.14776097,0.979251,0.5435778,-0.8151854,-0.19998918,0.82782185,0.560035,-0.032735735
1356511218295,0.12237424,-0.13664554,0.9830323,0.5266637,-0.8305772,-0.18101616,0.84121925,0.5398792,-0.029675007
1356511218335,0.109212875,-0.12817301,0.9857201,0.5179147,-0.8390747,-0.1664871,0.848432,0.5287015,-0.02525502
1356511218380,0.10082525,-0.121870115,0.9874118,0.5201232,-0.83958685,-0.15673512,0.8481192,0.5293786,-0.021264136
1356511218415,0.097958565,-0.118264675,0.98813844,0.531078,-0.83350384,-0.15240547,0.8416414,0.539708,-0.018841028
1356511218455,0.10129994,-0.11866999,0.9877529,0.5458395,-0.8234455,-0.15490897,0.8317437,0.5548468,-0.018640254
1356511218495,0.11171073,-0.12468384,0.98588777,0.56061643,-0.81124187,-0.16611996,0.82050586,0.57126224,-0.020724598
1356511218535,0.1294375,-0.1377232,0.9819767,0.57400435,-0.79710674,-0.18745637,0.80855733,0.5879228,-0.02412182
1356511218575,0.15264833,-0.15852448,0.9754838,0.5859976,-0.78029656,-0.21850456,0.79580486,0.6049855,-0.026216056
1356511218615,0.17518747,-0.18690568,0.96663105,0.5972403,-0.7603586,-0.2552622,0.7826961,0.6220298,-0.02157769
1356511218655,0.18506706,-0.22134826,0.95747334,0.60943377,-0.73847735,-0.28851643,0.770935,0.6369114,-0.0017707348
1356511218695,0.16411507,-0.25738358,0.952271,0.62612313,-0.7187873,-0.3021832,0.7622572,0.64583164,0.043189976
1356511218735,0.09971213,-0.2873407,0.95262414,0.64683163,-0.7087804,-0.28149444,0.7560862,0.6442559,0.11518705
1356511218776,6.862283E-4,-0.30169135,0.9534054,0.6616876,-0.71470696,-0.22663495,0.7497792,0.6310121,0.19913498
1356511218823,-0.10315013,-0.29711854,0.94925267,0.6604111,-0.7340914,-0.15800923,0.7437857,0.6105984,0.27194202
1356511218852,-0.18011713,-0.27671358,0.9439213,0.64969933,-0.75397027,-0.097054526,0.73854494,0.5957839,0.3155836
1356511218893,-0.19864053,-0.26149184,0.9445444,0.64402294,-0.7612894,-0.07531881,0.73876685,0.59334683,0.31962967
1356511218936,-0.1737411,-0.25011444,0.9525002,0.64478153,-0.75996166,-0.081944674,0.74435925,0.5999174,0.2933058
1356511218975,-0.12127483,-0.2421715,0.9626242,0.64621997,-0.75538146,-0.10862148,0.7534535,0.60889393,0.24810481
1356511219015,-0.055073023,-0.23644103,0.9700838,0.6425092,-0.75207895,-0.14683,0.76429623,0.6152014,0.19333488
1356511219055,0.011559606,-0.2316155,0.97273874,0.63175845,-0.75235856,-0.18664905,0.77507913,0.6166935,0.13762808
1356511219095,0.071225524,-0.22760475,0.9711452,0.6155906,-0.75605047,-0.22234207,0.7848409,0.61366427,0.08626124
1356511219135,0.119743645,-0.22454304,0.967079,0.5971585,-0.7618925,-0.25084156,0.793135,0.60753614,0.042856008
1356511219175,0.15507329,-0.22251786,0.9625165,0.57878876,-0.76911134,-0.2710558,0.80059713,0.5991273,0.0095222555
1356511219216,0.17559624,-0.2213876,0.95924634,0.5609499,-0.77823144,-0.2822961,0.8090125,0.58765936,-0.0124672055
1356511219255,0.18177116,-0.22091275,0.95820504,0.5430909,-0.78978825,-0.2851087,0.8197631,0.5722169,-0.023585081
1356511219295,0.17602539,-0.22070691,0.95932454,0.52463555,-0.8035667,-0.2811373,0.83293015,0.552783,-0.025657443
1356511219335,0.1643529,-0.22065377,0.9614052,0.50752306,-0.8168329,-0.27423415,0.8458182,0.53300655,-0.022261977
1356511219379,0.15335268,-0.22089182,0.96316653,0.49657255,-0.82546407,-0.26837415,0.8543411,0.51943797,-0.016898276
1356511219417,0.14781886,-0.22193739,0.9637911,0.4960967,-0.8263938,-0.26638567,0.85559195,0.5175104,-0.012054177
1356511219455,0.14956647,-0.22474845,0.96286976,0.50566995,-0.8194483,-0.2698195,0.8496634,0.5272502,-0.008913519
1356511219495,0.15819275,-0.23087008,0.96003854,0.5199912,-0.80705714,-0.279764,0.83939517,0.54346824,-0.0076201875
1356511219535,0.1732133,-0.24217787,0.95464504,0.5334617,-0.79172516,-0.29764044,0.8278984,0.56082183,-0.007944673
1356511219575,0.19474286,-0.26037493,0.94566387,0.5432304,-0.7741238,-0.32501262,0.816686,0.5770073,-0.009311527
1356511219615,0.22204727,-0.28629652,0.9320565,0.549016,-0.75326777,-0.36217272,0.8057769,0.5921334,-0.010079682
1356511219655,0.25149864,-0.31931838,0.9136653,0.5520496,-0.72806054,-0.4064101,0.7949779,0.60660005,-0.006826669
1356511219695,0.27360135,-0.3562172,0.8934493,0.55629325,-0.6991685,-0.44911158,0.7846528,0.61989737,0.0068677673
1356511219735,0.27346456,-0.3926927,0.87807155,0.56836295,-0.6704925,-0.47686842,0.776003,0.62946993,0.03983599
1356511219775,0.23387891,-0.42207724,0.87587184,0.5939395,-0.65120435,-0.47240752,0.769764,0.630701,0.098385304
1356511219815,0.14695418,-0.4352288,0.88824564,0.6272739,-0.65332705,-0.42389992,0.76480836,0.6194672,0.17699856
1356511219855,0.033358514,-0.42526236,0.9044552,0.64928865,-0.6787587,-0.34309036,0.7598102,0.5986974,0.25347564
1356511219895,-0.06712937,-0.39705372,0.9153371,0.65077984,-0.7128212,-0.26147944,0.75629306,0.57813,0.30624583
1356511219935,-0.12685782,-0.3632791,0.9230034,0.64181435,-0.7395416,-0.20286036,0.7562944,0.56666243,0.3269745
1356511219975,-0.1408177,-0.33393967,0.93201655,0.63419515,-0.75331837,-0.17409243,0.76024145,0.56656504,0.31786335
1356511220015,-0.114637494,-0.31329358,0.94271165,0.6310773,-0.7558492,-0.1744516,0.76720244,0.57492524,0.28436118
1356511220055,-0.061018467,-0.30055895,0.9518094,0.62856495,-0.75232357,-0.19727011,0.77535987,0.5862369,0.23482639
1356511220095,0.008647561,-0.29462612,0.9555735,0.62150425,-0.74703336,-0.23595256,0.78336304,0.5959334,0.17665136
1356511220135,0.08190632,-0.29295713,0.9526109,0.6069334,-0.7434831,-0.28082862,0.79052085,0.60117304,0.116909474
1356511220176,0.14788693,-0.29299158,0.94460857,0.5859571,-0.7434718,-0.32234132,0.79673314,0.6011702,0.061730742
1356511220215,0.19923294,-0.2924729,0.93528914,0.5623067,-0.7475413,-0.3535437,0.80256927,0.5963569,0.015524626
1356511220255,0.23074806,-0.28881747,0.92916083,0.5400569,-0.7563215,-0.36921048,0.80937874,0.5869943,-0.018541874
1356511220295,0.23975778,-0.27963167,0.92968935,0.5215982,-0.7705649,-0.36628535,0.818811,0.5727441,-0.03889355
1356511220335,0.22793078,-0.26391497,0.9372281,0.5068414,-0.78971267,-0.3456381,0.83136,0.55380756,-0.046236783
1356511220380,0.20238286,-0.24331848,0.94859755,0.49410987,-0.8109374,-0.3134263,0.8455156,0.53214353,-0.043893784
1356511220417,0.17398244,-0.22231653,0.9593255,0.4832866,-0.82951766,-0.279883,0.8580001,0.5123239,-0.036878914
1356511220455,0.15206635,-0.20633817,0.9665922,0.47741336,-0.84097546,-0.25463054,0.86542034,0.5001848,-0.029375466
1356511220495,0.1422562,-0.20044993,0.96932083,0.47887194,-0.8431122,-0.24462928,0.86628217,0.49898064,-0.023948073
1356511220535,0.14667839,-0.20847063,0.96696717,0.4860587,-0.8361979,-0.25400764,0.86152905,0.50726026,-0.021323176
1356511220575,0.16694778,-0.23431307,0.957719,0.4935977,-0.82100266,-0.28690743,0.85351604,0.5206265,-0.02140817
1356511220615,0.20485854,-0.28123844,0.9375169,0.49560106,-0.79616594,-0.34713033,0.8440454,0.53574693,-0.02371934
1356511220655,0.26044768,-0.35022217,0.89972854,0.48669004,-0.75720567,-0.43562865,0.83384633,0.5513474,-0.026762813
1356511220695,0.32851696,-0.43537095,0.8381699,0.46372762,-0.6987492,-0.54470754,0.82282037,0.56762815,-0.02765742
1356511220735,0.39803892,-0.525328,0.75206083,0.42817345,-0.61864144,-0.65874904,0.81131524,0.58422023,-0.02131188
1356511220775,0.45267904,-0.6051494,0.6548862,0.39229688,-0.5243845,-0.7557276,0.8007402,0.59901184,2.029445E-5
1356511220815,0.47807333,-0.66660184,0.57191604,0.37770337,-0.43183658,-0.8190589,0.79296035,0.60758483,0.04532817
1356511220855,0.4690019,-0.71185815,0.5227764,0.39907908,-0.35723102,-0.8444655,0.78789157,0.60468507,0.11654568
1356511220895,0.42576283,-0.7451575,0.5132898,0.45335805,-0.31525487,-0.8337152,0.78306615,0.587669,0.20359924
1356511220935,0.36541468,-0.76837784,0.52542126,0.5125658,-0.30507898,-0.8026226,0.77701247,0.56260306,0.28236392
1356511220975,0.31996548,-0.7835572,0.53259766,0.5486891,-0.3050307,-0.77839357,0.7723745,0.5412896,0.33233
1356511221015,0.3134752,-0.7941247,0.52067196,0.55231094,-0.29355025,-0.7802441,0.7724545,0.53216004,0.34658304
1356511221055,0.34278613,-0.7994424,0.4933452,0.5270351,-0.2710713,-0.8054528,0.77764493,0.5361084,0.32841477
1356511221095,0.389615,-0.797266,0.4610501,0.48056152,-0.25106466,-0.84025425,0.7856595,0.5489386,0.28531677
1356511221135,0.4372697,-0.788197,0.43305975,0.4228807,-0.24477619,-0.8725002,0.7937047,0.56465054,0.22628003
1356511221175,0.47575745,-0.77526844,0.41546804,0.36486936,-0.25584075,-0.89521825,0.8003282,0.5774983,0.16115358
1356511221216,0.50258744,-0.7615429,0.40921682,0.31328395,-0.28073928,-0.9072149,0.80576617,0.5841558,0.0974831
1356511221255,0.51850885,-0.74875027,0.41294262,0.2726583,-0.31294358,-0.90979314,0.81043565,0.58432806,0.04188901
1356511221300,0.5243182,-0.7378613,0.42503083,0.2445441,-0.34763882,-0.905177,0.81565225,0.5785396,-0.0018337369
1356511221335,0.52031404,-0.7287712,0.4451581,0.2299163,-0.38248354,-0.89489925,0.82244253,0.5679778,-0.03145515
1356511221380,0.5045017,-0.7213328,0.47450715,0.22819717,-0.4186338,-0.87901753,0.8327089,0.551747,-0.046595365
1356511221417,0.47765774,-0.7139238,0.51201165,0.23594572,-0.45713937,-0.8575274,0.84626985,0.5304116,-0.04990891
1356511221456,0.4449802,-0.7048723,0.5524018,0.24786527,-0.49580038,-0.8323129,0.8605553,0.507284,-0.045908008
1356511221495,0.41641313,-0.69405186,0.5872752,0.25985906,-0.5281393,-0.8084196,0.8712482,0.4892453,-0.039568517
1356511221535,0.40028727,-0.6834322,0.6104838,0.2715028,-0.5478273,-0.79130995,0.87524647,0.48249936,-0.033734526
1356511221593,0.3981465,-0.6750407,0.6211275,0.2829154,-0.5537399,-0.7831544,0.87260425,0.48753673,-0.02949014
1356511221615,0.40664423,-0.6700065,0.621073,0.2926429,-0.5484694,-0.7832889,0.86544824,0.5002726,-0.0269593
1356511221656,0.42164636,-0.66875887,0.61235285,0.2984134,-0.5353598,-0.79015154,0.8562499,0.51589876,-0.026165932
1356511221693,0.44063717,-0.67115223,0.596149,0.2992858,-0.51626575,-0.8024324,0.8463256,0.53200054,-0.026619613
1356511221736,0.46202374,-0.6760721,0.57398653,0.29693165,-0.4919312,-0.8184346,0.83568275,0.548571,-0.026536673
1356511221775,0.48278135,-0.68199027,0.5493737,0.29572254,-0.4635169,-0.8352845,0.8242999,0.565722,-0.022097375
1356511221815,0.49694705,-0.6877594,0.5291791,0.30371383,-0.43339425,-0.84848523,0.81289697,0.58237123,-0.0064919293
1356511221855,0.4953432,-0.6940471,0.5224306,0.33113244,-0.4051348,-0.8521837,0.8031104,0.5951171,0.029140737
1356511221895,0.46789622,-0.7022082,0.5366347,0.38448566,-0.38499457,-0.8390173,0.79576623,0.5989014,0.08985147
1356511221935,0.40970594,-0.71071404,0.57186234,0.45714897,-0.38252532,-0.80292535,0.78940225,0.5903896,0.16817933
1356511221975,0.33283502,-0.7131366,0.6169742,0.5260188,-0.4026159,-0.74913603,0.7826399,0.5738787,0.24111849
1356511222015,0.26267177,-0.70484847,0.65893257,0.57154447,-0.43655246,-0.69480854,0.77739334,0.5591158,0.28818226
1356511222055,0.21929365,-0.68642163,0.6933511,0.59118783,-0.47184438,-0.6541101,0.776149,0.55334294,0.30233157
1356511222095,0.20610964,-0.66070485,0.72179496,0.5917065,-0.50334364,-0.62970513,0.7793602,0.5568791,0.2871994
1356511222135,0.21542275,-0.6299071,0.7461971,0.57971925,-0.53242165,-0.61680865,0.7858236,0.5654595,0.25047344
1356511222175,0.23516423,-0.5956967,0.76801246,0.560907,-0.56214243,-0.60776573,0.79377645,0.57370836,0.2019347
1356511222215,0.25781053,-0.5605842,0.78694284,0.538404,-0.5929478,-0.5987771,0.802281,0.57806426,0.1489526
1356511222255,0.27790183,-0.52655375,0.8034375,0.5150423,-0.62432957,-0.58731925,0.8108649,0.57702136,0.09769517
1356511222295,0.29251063,-0.4951378,0.81809294,0.49314964,-0.65486526,-0.57267344,0.8192929,0.5709554,0.05262199
1356511222335,0.29992414,-0.46700862,0.8318344,0.47447857,-0.68344295,-0.5547755,0.82759625,0.5610782,0.016604543
1356511222380,0.29842466,-0.44169152,0.84607995,0.4596815,-0.71036917,-0.5329808,0.83644223,0.547982,-0.008954257
1356511222417,0.2862137,-0.41790032,0.86223024,0.44775528,-0.7372429,-0.5059527,0.8471109,0.5308788,-0.023891926
1356511222445,0.2686984,-0.39474458,0.8786227,0.43757617,-0.76258785,-0.47643137,0.8580957,0.51248074,-0.032175303
1356511222485,0.24339694,-0.37237185,0.89559877,0.42695105,-0.7879632,-0.44365165,0.8709023,0.4903603,-0.032803297
1356511222525,0.21781689,-0.34958702,0.9112325,0.41939318,-0.8095289,-0.41081905,0.881286,0.47164804,-0.029714674
1356511222565,0.19918531,-0.32913575,0.9230357,0.41958824,-0.82255894,-0.38385224,0.88559073,0.46375263,-0.025740176
1356511222605,0.1906277,-0.3137742,0.93016493,0.42947844,-0.82538784,-0.3664467,0.88272834,0.4693407,-0.022582531
1356511222647,0.19218934,-0.3062433,0.93235093,0.4458158,-0.8191235,-0.36095005,0.87424904,0.48502755,-0.0208987
1356511222685,0.20297056,-0.30937228,0.9290273,0.46177492,-0.806405,-0.36942515,0.8634622,0.5039839,-0.020816118
1356511222725,0.22334677,-0.3249481,0.9189804,0.47324255,-0.78807414,-0.39367586,0.85214895,0.52282685,-0.02223453
1356511222765,0.25360227,-0.3545858,0.89997494,0.47810134,-0.76285434,-0.43528426,0.8408954,0.5406683,-0.023933649
1356511222805,0.29081976,-0.39671478,0.87065566,0.47638682,-0.7291285,-0.49135244,0.8297466,0.5576639,-0.023055285
1356511222845,0.32659984,-0.44548255,0.83359337,0.471866,-0.68733114,-0.5521942,0.81894755,0.57369095,-0.01427418
1356511222885,0.34870702,-0.49426308,0.7963086,0.47231147,-0.6411914,-0.60481024,0.8095216,0.5870073,0.009858161
1356511222925,0.34017378,-0.5351883,0.773211,0.4902413,-0.60073674,-0.63148934,0.802462,0.59387606,0.05801657
1356511222965,0.28767705,-0.56259304,0.77506834,0.53081733,-0.57994354,-0.6179793,0.79716676,0.58919823,0.1317977
1356511223005,0.19444591,-0.5713968,0.7973057,0.57938945,-0.588976,-0.56339616,0.79151666,0.5715006,0.2165373
1356511223046,0.08752447,-0.5616327,0.8227443,0.61228913,-0.62115175,-0.4891549,0.7857744,0.5465705,0.2895156
1356511223085,0.0075374246,-0.5446059,0.8386582,0.6222345,-0.65398,-0.43027237,0.7827946,0.5250852,0.3339433
1356511223125,-0.025301397,-0.53308135,0.84568566,0.61870474,-0.67282164,-0.40560526,0.78521615,0.5129673,0.34684318
1356511223165,-0.01391238,-0.5303602,0.8476583,0.6092682,-0.67668575,-0.41338688,0.79284227,0.5107,0.33254588
1356511223205,0.031784117,-0.53443307,0.844613,0.5943801,-0.6692735,-0.44585356,0.8035559,0.5161922,0.29638404
1356511223245,0.09779382,-0.54057914,0.83559,0.57206756,-0.65650344,-0.49167264,0.8143556,0.52609646,0.24504578
1356511223285,0.17067122,-0.54534006,0.8206555,0.541693,-0.6437902,-0.5404655,0.8230675,0.53678524,0.18553045
1356511223325,0.23912644,-0.5469209,0.80230665,0.5053593,-0.63544714,-0.58379686,0.8291143,0.54505444,0.12443939
1356511223380,0.29928654,-0.54585046,0.78260773,0.4634351,-0.6338035,-0.6192908,0.83405966,0.54803336,0.06327739
1356511223416,0.33702517,-0.53789747,0.7727097,0.4292217,-0.64269185,-0.634599,0.83796346,0.5455396,0.014273912
1356511223447,0.35851264,-0.5276053,0.7701307,0.40388948,-0.6560976,-0.6375023,0.8416305,0.5396004,-0.022125036
1356511223475,0.36504394,-0.51528937,0.77538365,0.38741845,-0.6732419,-0.6298033,0.8465517,0.53030384,-0.04613027
1356511223515,0.35008472,-0.49760127,0.79362065,0.38066387,-0.69854724,-0.6059099,0.85588306,0.51422244,-0.055131882
1356511223555,0.320812,-0.47336012,0.82037175,0.3795163,-0.7293347,-0.56924355,0.86778283,0.49396464,-0.05433142
1356511223595,0.28860515,-0.4460831,0.8471818,0.38061848,-0.7584577,-0.52902883,0.8785424,0.47513348,-0.049107343
1356511223635,0.2630139,-0.4208004,0.8681882,0.3848924,-0.7793973,-0.494366,0.88469297,0.46418417,-0.043029457
1356511223675,0.2494278,-0.4023075,0.8808714,0.39381272,-0.7888696,-0.47180104,0.88470185,0.4645787,-0.038332194
1356511223715,0.24888283,-0.39452276,0.8845389,0.40546152,-0.7869553,-0.46508318,0.8795785,0.47439772,-0.035895854
1356511223756,0.26081753,-0.40077025,0.8782696,0.41504323,-0.7748386,-0.4768272,0.87161535,0.48888475,-0.0357545
1356511223795,0.2850126,-0.4238219,0.8597341,0.41774115,-0.7523513,-0.50937194,0.86270505,0.5043238,-0.03738174
1356511223835,0.32086384,-0.4636677,0.8258685,0.4110232,-0.7174176,-0.56246954,0.8532915,0.5199272,-0.039615184
1356511223876,0.36504078,-0.5170551,0.7742088,0.39427656,-0.66747946,-0.63167804,0.8433808,0.5358406,-0.039794505
1356511223915,0.40868396,-0.57546,0.7083948,0.37154806,-0.60404277,-0.7050421,0.8336243,0.5513421,-0.03305155
1356511223955,0.4378909,-0.62788993,0.6434329,0.35637784,-0.5358348,-0.76542544,0.8253766,0.56447804,-0.010871172
1356511223995,0.44178236,-0.6697955,0.5968269,0.36478892,-0.47366834,-0.80160296,0.8196081,0.57184994,0.035075665
1356511224035,0.41251183,-0.7002613,0.582639,0.40736157,-0.43027675,-0.80555475,0.8147948,0.5696455,0.10776529
1356511224075,0.3514918,-0.7192676,0.5992559,0.47374186,-0.41544318,-0.77651507,0.8074789,0.5568313,0.1947223
1356511224115,0.2760495,-0.7260302,0.62982285,0.53607124,-0.4275933,-0.72786784,0.79776204,0.5385575,0.27116698
1356511224155,0.21547157,-0.7235912,0.65573454,0.5732291,-0.44991004,-0.68482816,0.79055715,0.52344704,0.3178406
1356511224195,0.1881879,-0.7167786,0.67142665,0.58405215,-0.46794862,-0.66325504,0.78960013,0.51696473,0.3305738
1356511224235,0.19539851,-0.70769465,0.6789608,0.5744891,-0.4784974,-0.66408014,0.7948469,0.5198158,0.31306523
1356511224275,0.22569191,-0.6944122,0.68326783,0.55091256,-0.48747236,-0.67739654,0.80346656,0.5293038,0.27254182
1356511224315,0.26476127,-0.6751805,0.6885004,0.5196186,-0.5015685,-0.6916831,0.8123411,0.5408885,0.21804044
1356511224379,0.3018043,-0.6502468,0.6972038,0.48636204,-0.5239719,-0.6992177,0.81997925,0.55012035,0.1581184
1356511224415,0.33041584,-0.6210436,0.7107251,0.45599717,-0.55426365,-0.6963178,0.8263728,0.5541631,0.10005659
1356511224435,0.3483504,-0.5894716,0.72881776,0.4314393,-0.58943665,-0.68295294,0.83217317,0.5523476,0.048990637
1356511224476,0.35458797,-0.55660784,0.7513022,0.41445568,-0.6267002,-0.6599039,0.838149,0.54537547,0.008468986
1356511224513,0.34825438,-0.5225807,0.7782212,0.40521997,-0.6646909,-0.6276805,0.84529024,0.53394324,-0.019721389
1356511224556,0.32800978,-0.48673284,0.80963,0.40161598,-0.70388824,-0.58587193,0.8550522,0.5173321,-0.035402536
1356511224595,0.29554182,-0.44799718,0.84377337,0.39980814,-0.74415934,-0.53514516,0.8676454,0.4955052,-0.04081732
1356511224635,0.25645804,-0.40700436,0.8766851,0.39632142,-0.7829854,-0.47944048,0.881566,0.47040543,-0.03949836
1356511224675,0.2195918,-0.36613256,0.9042823,0.39234632,-0.8155034,-0.42546272,0.8932211,0.44821995,-0.035427094
1356511224715,0.19192773,-0.32882988,0.9246808,0.39345676,-0.8373819,-0.3794514,0.8990859,0.43664914,-0.031336457
1356511224755,0.17522973,-0.29774383,0.93842584,0.4037077,-0.8476235,-0.34431732,0.89795023,0.43918443,-0.028327346
1356511224795,0.16779184,-0.27490193,0.9467179,0.42117095,-0.8482895,-0.3209673,0.8913254,0.4525858,-0.02655533
1356511224835,0.16856784,-0.26273906,0.95002794,0.44039035,-0.8421989,-0.31105843,0.88183975,0.47081754,-0.0262599
1356511224876,0.17862207,-0.2640975,0.9478115,0.45728725,-0.83066064,-0.3176338,0.87119603,0.4901585,-0.027605891
1356511224915,0.19868118,-0.2810213,0.9389104,0.47013617,-0.81326056,-0.34289825,0.8599406,0.5095432,-0.029461294
1356511224955,0.22597337,-0.31219512,0.9227515,0.4792794,-0.78903973,-0.38432744,0.8480727,0.5291035,-0.028673291
1356511224995,0.25201935,-0.35294965,0.901062,0.48690423,-0.7584253,-0.43326122,0.83630764,0.5479211,-0.019285172
1356511225035,0.26104826,-0.3939682,0.88127345,0.4992992,-0.72621906,-0.47255296,0.82616836,0.5633783,0.007129729
1356511225075,0.23247528,-0.4229406,0.875829,0.5251892,-0.7033408,-0.47904894,0.81861556,0.571343,0.058614552
1356511225116,0.15390104,-0.4283368,0.8904168,0.5630881,-0.7024839,-0.43525636,0.8119398,0.5683695,0.1330784
1356511225155,0.033567548,-0.40290067,0.91462797,0.594484,-0.72759783,-0.3423305,0.80340654,0.55522287,0.21509433
1356511225195,-0.085841,-0.35669535,0.9302687,0.6022214,-0.76241225,-0.23676342,0.79370064,0.5399037,0.2802558
1356511225236,-0.16239792,-0.31193882,0.9361203,0.5953425,-0.7875518,-0.15915221,0.78688896,0.5314662,0.31360722
1356511225275,-0.18681735,-0.28083417,0.9413986,0.5900481,-0.798244,-0.12103583,0.7854569,0.5328589,0.31483155
1356511225315,-0.16383004,-0.26705685,0.94965273,0.5915568,-0.7969694,-0.12206712,0.7894431,0.5417752,0.2885468
1356511225377,-0.109013915,-0.26412326,0.9583083,0.5938105,-0.790441,-0.15030676,0.7971857,0.552668,0.24300829
1356511225395,-0.040721297,-0.26419047,0.96361053,0.58942676,-0.78507906,-0.19033435,0.8067949,0.56022716,0.18769029
1356511225435,0.026079297,-0.26226878,0.9646424,0.5758563,-0.78483796,-0.22895157,0.81713486,0.56146634,0.13056111
1356511225476,0.081134975,-0.25564593,0.96335995,0.55522656,-0.7910953,-0.25669384,0.8277322,0.55570984,0.0777559
