1356510665667,0.06442255,0.14220433,-0.98773867,-0.5605634,-0.81372064,-0.15371221,-0.8256019,0.5635927,0.02729258
1356510665692,-0.16805768,-0.19946872,-0.9653854,-0.5386499,-0.8016039,0.25939816,-0.82559854,0.5635986,0.027271882
1356510665713,-0.16783178,-0.19927488,-0.96546465,-0.53873706,-0.8016379,0.259112,-0.8255876,0.56361884,0.027183548
1356510665743,-0.16702676,-0.19855839,-0.9657519,-0.53902715,-0.801779,0.2580703,-0.8255615,0.5636711,0.026890114
1356510665787,-0.16429847,-0.1961386,-0.96671385,-0.5399738,-0.80226856,0.2545455,-0.8254903,0.5638216,0.025901794
1356510665826,-0.1580661,-0.1896742,-0.96904016,-0.54205954,-0.8036145,0.24571346,-0.8253403,0.5641164,0.024209544
1356510665867,-0.14756852,-0.17770626,-0.9729563,-0.5454617,-0.8059775,0.22993863,-0.8250425,0.56464213,0.022004962
1356510665906,-0.13213229,-0.15860742,-0.9784604,-0.5501148,-0.8094111,0.20549282,-0.8245694,0.56541777,0.0196971
1356510665948,-0.112220764,-0.13293679,-0.9847509,-0.5555096,-0.8132938,0.17309594,-0.82390267,0.56646353,0.017420784
1356510665988,-0.08817732,-0.10123323,-0.9909473,-0.5610837,-0.8169418,0.13338394,-0.8230491,0.56776583,0.015235364
1356510666025,-0.061220467,-0.065223455,-0.995991,-0.56606144,-0.81960243,0.088466525,-0.8220867,0.569208,0.013255954
1356510666068,-0.03378558,-0.028495789,-0.9990228,-0.5698149,-0.820664,0.042678744,-0.82107824,0.57070005,0.011489332
1356510666106,-0.007508695,0.006830603,-0.99994844,-0.57211065,-0.82017535,-0.0013065636,-0.820142,0.57207143,0.010066293
1356510666148,0.015143871,0.037963808,-0.99916434,-0.5730307,-0.8185675,-0.039787114,-0.819394,0.5731544,0.009358168
1356510666187,0.032085955,0.062791556,-0.99751073,-0.57297087,-0.81659514,-0.06983346,-0.8189474,0.5737853,0.009776503
1356510666228,0.042405844,0.08048096,-0.99585366,-0.572309,-0.8150577,-0.09024,-0.8189409,0.5737628,0.011496812
1356510666267,0.046421528,0.09140575,-0.9947312,-0.57113737,-0.8145547,-0.101502836,-0.81954086,0.57284003,0.014392346
1356510666307,0.04602319,0.097226545,-0.9941976,-0.56933916,-0.81522983,-0.10608029,-0.8208134,0.5709178,0.017835498
1356510666349,0.043757796,0.10011777,-0.99401295,-0.56671107,-0.8169093,-0.10722718,-0.8227538,0.5680102,0.02099171
1356510666394,0.041419625,0.10166107,-0.99395645,-0.56326705,-0.8192825,-0.10726771,-0.8252361,0.5643059,0.023328003
1356510666425,0.03868586,0.10191737,-0.9940404,-0.5592789,-0.8221668,-0.10606137,-0.8280764,0.56004894,0.02519396
1356510666466,0.032462716,0.097759366,-0.99468046,-0.5552183,-0.82575816,-0.099277586,-0.83107084,0.55548763,0.027471479
1356510666506,0.024705231,0.09338842,-0.9953232,-0.5512555,-0.8293046,-0.09149423,-0.83397067,0.5509378,0.030992776
1356510666546,0.012505412,0.085538596,-0.9962565,-0.5477046,-0.832991,-0.07839565,-0.83657837,0.54663455,0.036432866
1356510666586,-0.0047216415,0.07386507,-0.99725705,-0.5444392,-0.8366948,-0.059394777,-0.838787,0.54266536,0.044165667
1356510666626,-0.026129067,0.059101015,-0.99790996,-0.54110134,-0.8402038,-0.035592794,-0.8405513,0.53904045,0.053933382
1356510666666,-0.049628973,0.042987734,-0.99784213,-0.53736675,-0.84329396,-0.0096030235,-0.84188706,0.5357306,0.06495205
1356510666707,-0.07312745,0.027313262,-0.9969485,-0.53307533,-0.8459179,0.015926272,-0.8429016,0.5326133,0.07641983
1356510666733,-0.09306413,0.014701754,-0.9955516,-0.52865505,-0.84803456,0.03689532,-0.8437197,0.52973694,0.086693764
1356510666765,-0.110373855,0.0038749576,-0.9938826,-0.52395517,-0.8499764,0.054873034,-0.84456414,0.5268065,0.09584547
1356510666805,-0.1259318,-0.006014049,-0.9920206,-0.5180414,-0.8524094,0.07093032,-0.8460344,0.52284014,0.104230046
1356510666847,-0.138659,-0.014813364,-0.9902294,-0.51073146,-0.8555959,0.08431557,-0.8484852,0.51743245,0.11107036
1356510666886,-0.14772367,-0.022664398,-0.98876894,-0.5021285,-0.85958976,0.09472218,-0.8520825,0.5104817,0.11560139
1356510666926,-0.152735,-0.029673487,-0.9878216,-0.4928715,-0.86408347,0.1021633,-0.85659194,0.502473,0.11735064
1356510666966,-0.15399826,-0.035891637,-0.987419,-0.4839149,-0.8685437,0.10704222,-0.86145854,0.49431112,0.11638578
1356510667006,-0.15237969,-0.041268095,-0.9874601,-0.47613162,-0.87247497,0.10993679,-0.86607105,0.48691314,0.113298416
1356510667048,-0.14864796,-0.045292467,-0.98785233,-0.47002676,-0.87566036,0.11087626,-0.87004507,0.4807986,0.108876586
1356510667087,-0.14342588,-0.047205314,-0.98853457,-0.4656394,-0.87817466,0.1094947,-0.8732748,0.47600508,0.10397237
1356510667126,-0.13732338,-0.04627727,-0.98944473,-0.4626444,-0.8802586,0.10538015,-0.8758439,0.4722322,0.09947011
1356510667166,-0.13074613,-0.04186049,-0.99053174,-0.4605486,-0.8821999,0.09807286,-0.8779524,0.46901068,0.09606543
1356510667206,-0.12343609,-0.033210024,-0.9917966,-0.45884705,-0.8842735,0.086716354,-0.8798994,0.46578687,0.09391296
1356510667246,-0.11462748,-0.019773006,-0.99321175,-0.4569921,-0.8866809,0.07039401,-0.88205373,0.46195897,0.092601836
1356510667286,-0.10369152,-0.0014949143,-0.99460846,-0.45442995,-0.8894496,0.048712835,-0.8847268,0.45703095,0.09154898
1356510667326,-0.091159046,0.02031888,-0.995629,-0.4507438,-0.89235544,0.023058504,-0.8879865,0.45087558,0.090504944
1356510667366,-0.07841873,0.043521196,-0.99597013,-0.4464077,-0.894821,-0.0039529055,-0.891387,0.44429874,0.089598864
1356510667407,-0.06642288,0.06612165,-0.99559826,-0.44320184,-0.895922,-0.029932842,-0.89395756,0.43926275,0.088814944
1356510667446,-0.054926872,0.08691163,-0.9947007,-0.44379938,-0.8945187,-0.053651914,-0.89444125,0.43850058,0.08770439
1356510667486,-0.043715596,0.104399815,-0.9935742,-0.45035,-0.8898066,-0.07368179,-0.8917813,0.4442351,0.08591488
1356510667526,-0.033863842,0.11591549,-0.9926816,-0.46282345,-0.8821492,-0.08722012,-0.88580346,0.4564827,0.08352131
1356510667566,-0.027556896,0.11783156,-0.9926512,-0.47860548,-0.8733656,-0.09038536,-0.8775976,0.47259754,0.08046201
1356510667607,-0.027504683,0.10605745,-0.9939796,-0.4941517,-0.8658055,-0.0787075,-0.8689405,0.48901188,0.07622218
1356510667648,-0.03637594,0.0763496,-0.99641734,-0.5067701,-0.86077404,-0.047455534,-0.8613134,0.50322825,0.07000321
1356510667708,-0.05610335,0.024537727,-0.9981234,-0.51467586,-0.8573489,0.0078523755,-0.8555473,0.51415056,0.060729116
1356510667726,-0.08454037,-0.049562752,-0.9951866,-0.5166138,-0.8518572,0.086310565,-0.8520346,0.5214239,0.046411514
1356510667766,-0.11512256,-0.14192645,-0.98316,-0.5120097,-0.83965796,0.18116437,-0.85123014,0.5242436,0.023995906
1356510667808,-0.13375568,-0.23950744,-0.96163696,-0.5029098,-0.81972206,0.27411234,-0.85392696,0.5202807,-0.010808215
1356510667846,-0.11950886,-0.3204903,-0.9396827,-0.49500436,-0.8012052,0.3362155,-0.86063254,0.50532776,-0.06289296
1356510667886,-0.056788146,-0.36513406,-0.9292213,-0.49060255,-0.80039513,0.34449485,-0.86953104,0.47544155,-0.13368268
1356510667927,0.048398256,-0.3674168,-0.9287963,-0.480016,-0.8240206,0.30095628,-0.87592363,0.43127128,-0.2162471
1356510667966,0.15500355,-0.3500987,-0.9237991,-0.45673123,-0.85456216,0.2472249,-0.8759969,0.38360718,-0.29236117
1356510668008,0.22074574,-0.34796816,-0.91114736,-0.4368679,-0.87051404,0.22660924,-0.8720194,0.34802797,-0.34417838
1356510668046,0.23029643,-0.38009882,-0.8958172,-0.43767053,-0.86265635,0.25351232,-0.8691421,0.3336898,-0.36502475
1356510668087,0.18539935,-0.4453202,-0.8759663,-0.45729047,-0.82811517,0.32420772,-0.8697772,0.34046316,-0.35717273
1356510668128,0.09368378,-0.5301048,-0.84274095,-0.47891933,-0.7660907,0.4286506,-0.8728457,0.36344728,-0.3256477
1356510668168,-0.027561963,-0.6128233,-0.78973913,-0.48223108,-0.6838781,0.5475069,-0.87561035,0.39592713,-0.2766734
1356510668208,-0.15162748,-0.6736898,-0.72329193,-0.45838612,-0.60038286,0.6553034,-0.8757233,0.43090898,-0.2177755
1356510668246,-0.25570256,-0.7061665,-0.66026145,-0.41595188,-0.53615636,0.73452055,-0.8726972,0.46245575,-0.15663469
1356510668286,-0.33040243,-0.7151387,-0.61596334,-0.3708091,-0.5017863,0.78147995,-0.86794853,0.48660776,-0.09938848
1356510668328,-0.3771236,-0.708056,-0.59702134,-0.33449686,-0.49697953,0.8007017,-0.863649,0.5016653,-0.04941982
1356510668366,-0.4001186,-0.68920887,-0.60406655,-0.31213954,-0.5172351,0.79689205,-0.86166936,0.5074043,-0.008174032
1356510668408,-0.40233034,-0.65946865,-0.63500494,-0.30404764,-0.55799806,0.7721354,-0.8635307,0.5037253,0.023989737
1356510668446,-0.3853541,-0.61750114,-0.68570733,-0.30704737,-0.6149475,0.7263343,-0.8701862,0.49044055,0.047370434
1356510668486,-0.35328615,-0.5631156,-0.7470541,-0.31500885,-0.6803109,0.66177535,-0.880885,0.46912467,0.06295797
1356510668528,-0.3141485,-0.5004689,-0.80674756,-0.32235223,-0.7430541,0.5864808,-0.89297247,0.44429892,0.07210207
1356510668566,-0.2768185,-0.4372704,-0.85566705,-0.32844293,-0.7937788,0.51189893,-0.9030486,0.42274088,0.0761143
1356510668608,-0.24751103,-0.38169152,-0.89053345,-0.3366338,-0.82799256,0.4484484,-0.90852404,0.41077957,0.07644704
1356510668646,-0.22879684,-0.3401734,-0.91210425,-0.3496426,-0.8457206,0.4031214,-0.9085164,0.41114342,0.07455902
1356510668707,-0.22085094,-0.31729794,-0.9222509,-0.3662033,-0.84943527,0.37994042,-0.9039468,0.42164156,0.0714031
1356510668727,-0.22391015,-0.31679553,-0.9216858,-0.38179946,-0.84159905,0.38202125,-0.89671254,0.4374376,0.067490205
1356510668766,-0.23889446,-0.3410517,-0.90918267,-0.39189345,-0.82279384,0.4116185,-0.8884531,0.45463613,0.06290497
1356510668808,-0.26497954,-0.38910872,-0.88225853,-0.39359796,-0.79162216,0.4673488,-0.880265,0.47109306,0.056611344
1356510668846,-0.29613316,-0.45382172,-0.8404469,-0.38706416,-0.7474078,0.5399656,-0.87320465,0.48520863,0.045674115
1356510668888,-0.32078856,-0.52338415,-0.7894072,-0.37691873,-0.69407487,0.6133451,-0.8689229,0.49429646,0.025378048
1356510668926,-0.32335383,-0.5858157,-0.74314344,-0.3729131,-0.64289176,0.66904855,-0.86969995,0.49346736,-0.010576755
1356510668966,-0.29059535,-0.6351355,-0.7156516,-0.38411444,-0.60758257,0.6951974,-0.876362,0.47691327,-0.067404
1356510669006,-0.21820462,-0.6690991,-0.7104177,-0.4099189,-0.5977865,0.68892515,-0.8856372,0.44154024,-0.14383668
1356510669048,-0.12296325,-0.687981,-0.7152357,-0.4363309,-0.60983014,0.661606,-0.89134467,0.39343268,-0.22520071
1356510669088,-0.039714754,-0.69689596,-0.7160718,-0.4510249,-0.62697506,0.6351999,-0.8916274,0.34819296,-0.28941733
1356510669128,0.004647255,-0.70352155,-0.71065867,-0.45434532,-0.6345635,0.62521946,-0.89081347,0.31997892,-0.32259068
1356510669166,0.0065919757,-0.70989496,-0.70427674,-0.45016652,-0.63099706,0.6318171,-0.8929203,0.31287688,-0.3237305
1356510669208,-0.024746716,-0.7130487,-0.7006776,-0.43902767,-0.62193537,0.64842194,-0.8981326,0.32366318,-0.2976572
1356510669246,-0.07510543,-0.7080471,-0.7021599,-0.42136294,-0.61566126,0.6658937,-0.90377676,0.34587643,-0.25210524
1356510669286,-0.13091242,-0.6920881,-0.70984226,-0.40008485,-0.6182301,0.67655283,-0.90708,0.37256628,-0.19596004
1356510669327,-0.18214321,-0.66503346,-0.7242612,-0.37939668,-0.63200873,0.67573893,-0.9071284,0.3978636,-0.13719532
1356510669366,-0.22191519,-0.62778085,-0.74608636,-0.3632362,-0.65686506,0.6607479,-0.9048829,0.4176356,-0.08226439
1356510669406,-0.24732763,-0.58182347,-0.774797,-0.35369593,-0.69024605,0.63123643,-0.9020688,0.43016478,-0.03507161
1356510669446,-0.25751913,-0.52818406,-0.8091388,-0.35108495,-0.72900635,0.58761317,-0.9002352,0.43539804,0.0022955537
1356510669486,-0.2525617,-0.468106,-0.8468113,-0.35362354,-0.7699851,0.5311058,-0.90064585,0.4335894,0.028935418
1356510669526,-0.23375589,-0.4032653,-0.8847233,-0.3576933,-0.81045306,0.4639196,-0.90410936,0.42490354,0.045202807
1356510669566,-0.20554447,-0.33651167,-0.91897297,-0.35908967,-0.8475939,0.39069068,-0.9103879,0.41029805,0.053380355
1356510669606,-0.1751914,-0.27127022,-0.946425,-0.35704744,-0.8783445,0.3178491,-0.9175102,0.3936031,0.057022132
1356510669646,-0.14893472,-0.21106082,-0.9660599,-0.35639125,-0.8998412,0.25153747,-0.9223902,0.381758,0.05879736
1356510669704,-0.12905723,-0.15881106,-0.97883767,-0.36347255,-0.91081816,0.19569826,-0.92262226,0.38103694,0.059824325
1356510669726,-0.11499357,-0.117136806,-0.9864358,-0.37954965,-0.91249895,0.15260294,-0.917997,0.39194968,0.06047228
1356510669766,-0.106117725,-0.08820996,-0.9904333,-0.40054148,-0.90788037,0.123772785,-0.9101129,0.4098441,0.06101051
1356510669806,-0.10268283,-0.07334083,-0.9920068,-0.42166415,-0.9000323,0.110187575,-0.9009193,0.42960805,0.06149265
1356510669846,-0.10458386,-0.07312998,-0.9918237,-0.44038382,-0.89078164,0.11211656,-0.8916974,0.44850868,0.06095612
1356510669886,-0.10971737,-0.087336645,-0.9901183,-0.45609868,-0.88064355,0.12822147,-0.8831398,0.46565986,0.05678782
1356510669926,-0.11298108,-0.11458093,-0.98696834,-0.4684255,-0.8698699,0.15460856,-0.87624925,0.47978902,0.04460627
1356510669966,-0.10508716,-0.15152615,-0.9828512,-0.47652733,-0.8597951,0.18350522,-0.87285644,0.4876395,0.018147081
1356510670007,-0.07323885,-0.19217071,-0.97862476,-0.47909883,-0.8538401,0.20352207,-0.8747001,0.4837637,-0.029534437
1356510670046,-0.0064557195,-0.22734176,-0.9737936,-0.47305876,-0.85726064,0.2032721,-0.8810072,0.4619739,-0.102011785
1356510670086,0.08764619,-0.24791232,-0.96480966,-0.45426247,-0.8719165,0.18277642,-0.886546,0.42225716,-0.18903741
1356510670126,0.18249881,-0.25116816,-0.9505834,-0.42404023,-0.8923879,0.15438159,-0.8870649,0.37491113,-0.26936513
1356510670166,0.24991453,-0.24396127,-0.93703026,-0.3941716,-0.90955454,0.13167867,-0.8844046,0.3364423,-0.3234735
1356510670208,0.27894586,-0.23562858,-0.9309503,-0.37594542,-0.9188495,0.11991915,-0.8836596,0.31653553,-0.34489274
1356510670246,0.27109647,-0.23247236,-0.9340575,-0.37269342,-0.9200557,0.12081875,-0.8874719,0.31536353,-0.33606476
1356510670286,0.23468286,-0.23610428,-0.9429627,-0.38088462,-0.91482234,0.13426444,-0.8943438,0.32765046,-0.3046216
1356510670326,0.17697346,-0.2462573,-0.9529101,-0.395186,-0.90449715,0.16035256,-0.9013925,0.34819856,-0.25738943
1356510670366,0.1080727,-0.25970018,-0.95962286,-0.40878445,-0.891505,0.19522832,-0.90620947,0.37118006,-0.20250875
1356510670406,0.0367316,-0.27282962,-0.9613609,-0.41690496,-0.8784785,0.23337892,-0.9082076,0.39222375,-0.14601195
1356510670446,-0.028856635,-0.28183472,-0.9590289,-0.4179204,-0.8681464,0.26770166,-0.9080252,0.40852275,-0.09273265
1356510670486,-0.082294345,-0.28382343,-0.95533866,-0.41304928,-0.8626704,0.29187316,-0.90698284,0.41862148,-0.046240106
1356510670526,-0.11947006,-0.27724552,-0.9533424,-0.40436798,-0.86338204,0.301758,-0.9067598,0.42155224,-0.008960858
1356510670568,-0.13939768,-0.26221102,-0.9548893,-0.39319903,-0.8703679,0.29640198,-0.9088249,0.41677934,0.018226206
1356510670608,-0.14510036,-0.24044903,-0.95975524,-0.38016444,-0.8820104,0.27844658,-0.9134664,0.4052675,0.036569923
1356510670646,-0.14289975,-0.2149105,-0.9661228,-0.36740935,-0.8948723,0.25340483,-0.9190158,0.391174,0.048916906
1356510670708,-0.13870943,-0.18915968,-0.9720999,-0.3593719,-0.9050655,0.22739449,-0.92282796,0.38088718,0.0575625
1356510670726,-0.1356613,-0.1659656,-0.9767556,-0.36079973,-0.90989816,0.20471686,-0.922724,0.3801853,0.063557565
1356510670766,-0.13486701,-0.14822252,-0.9797147,-0.37209284,-0.9088084,0.1887171,-0.91834515,0.38999656,0.06741574
1356510670806,-0.13706136,-0.13885126,-0.98078257,-0.3887742,-0.9031399,0.18218923,-0.91108114,0.40627408,0.069803864
1356510670846,-0.14353585,-0.14058352,-0.9796089,-0.40572405,-0.89449036,0.18781634,-0.90265465,0.42440933,0.07135332
1356510670886,-0.15506637,-0.1554744,-0.97559327,-0.41994187,-0.8835007,0.20754611,-0.8942054,0.44187587,0.07171103
1356510670926,-0.17014235,-0.18421373,-0.9680479,-0.43043807,-0.8698042,0.24117154,-0.88643926,0.4577182,0.06869793
1356510670966,-0.18336022,-0.22538233,-0.9568605,-0.43715668,-0.85312873,0.28471997,-0.88049597,0.47050425,0.057902426
1356510671006,-0.18399185,-0.27467653,-0.9437689,-0.4410065,-0.8350266,0.3290041,-0.8784419,0.47674233,0.032504007
1356510671048,-0.15647286,-0.32454005,-0.93283975,-0.44394574,-0.82057786,0.35995018,-0.88228595,0.47045267,-0.01568
1356510671088,-0.0884493,-0.36492252,-0.92682695,-0.44575524,-0.81760234,0.36445662,-0.89077437,0.44537392,-0.09034978
1356510671128,0.016226768,-0.38567996,-0.92248994,-0.44012284,-0.8311764,0.33976123,-0.89779097,0.40049568,-0.18323387
1356510671166,0.12768352,-0.38533005,-0.91390246,-0.4218218,-0.85505205,0.3015831,-0.89764315,0.34699678,-0.27171665
1356510671206,0.20996958,-0.3745627,-0.9031144,-0.3989747,-0.87612236,0.27060825,-0.89259845,0.3035003,-0.33340007
1356510671246,0.24681455,-0.36661014,-0.89703935,-0.38431945,-0.8867992,0.2566821,-0.88959605,0.2813968,-0.35977036
1356510671295,0.23189259,-0.37194967,-0.89882106,-0.38438028,-0.8838465,0.26658422,-0.8935757,0.2836702,-0.34792757
1356510671326,0.19270688,-0.38050005,-0.90447986,-0.38935062,-0.8757404,0.28545547,-0.90070534,0.29715055,-0.31690913
1356510671366,0.12370479,-0.4009982,-0.907688,-0.39739844,-0.85817903,0.3249665,-0.9092698,0.3205139,-0.26551694
1356510671407,0.039072514,-0.42526567,-0.90422475,-0.40063322,-0.8356647,0.3757094,-0.91540504,0.34758258,-0.20302707
1356510671447,-0.048657715,-0.44808394,-0.89266634,-0.39468104,-0.81236535,0.42928937,-0.91752887,0.3732067,-0.1373224
1356510671488,-0.12667441,-0.4638331,-0.8768195,-0.37998605,-0.7938214,0.47482428,-0.9162773,0.39332727,-0.07569319
1356510671528,-0.18736166,-0.46956113,-0.86279076,-0.3606927,-0.78410006,0.5050621,-0.9136719,0.40583163,-0.022456914
1356510671566,-0.2262029,-0.46264294,-0.8572011,-0.34235713,-0.78610617,0.51461506,-0.91193414,0.40987632,0.019430414
1356510671606,-0.24227285,-0.4423426,-0.8635027,-0.32823136,-0.80016845,0.5019905,-0.91299945,0.40504733,0.04866846
1356510671646,-0.23789454,-0.4084337,-0.8812424,-0.3187534,-0.824212,0.46805015,-0.917498,0.39224556,0.06588584
1356510671708,-0.21989733,-0.36397782,-0.9050775,-0.31195882,-0.8528314,0.41876042,-0.924298,0.3744312,0.07398926
1356510671728,-0.19798136,-0.31546983,-0.92805284,-0.3075545,-0.8789887,0.3644022,-0.93070596,0.3575717,0.07699928
1356510671766,-0.1799801,-0.2710743,-0.9455823,-0.30827355,-0.8973109,0.31591222,-0.93411696,0.34835592,0.07793307
1356510671806,-0.16971701,-0.23779126,-0.95637405,-0.3163819,-0.9059355,0.28139508,-0.9333266,0.35033703,0.07851987
1356510671846,-0.16867507,-0.22175197,-0.9604034,-0.32971397,-0.9055407,0.2669919,-0.9288904,0.36169326,0.079627424
1356510671886,-0.17850637,-0.22874835,-0.9569795,-0.3427349,-0.89723325,0.2783978,-0.9223168,0.37768602,0.08176181
1356510671926,-0.20119429,-0.26381212,-0.9433579,-0.34965074,-0.880267,0.32074025,-0.91502196,0.3943769,0.08486259
1356510671966,-0.23662537,-0.3288871,-0.9142438,-0.34604877,-0.8507334,0.39560467,-0.907887,0.40998304,0.087494075
1356510672006,-0.27937716,-0.41886336,-0.8640033,-0.32998103,-0.8031428,0.49605858,-0.9016988,0.42369217,0.08616285
1356510672046,-0.3171084,-0.51980096,-0.7932522,-0.3049771,-0.736103,0.6042692,-0.89801514,0.43354267,0.07489708
1356510672086,-0.33248204,-0.61224365,-0.7173657,-0.28471792,-0.6599885,0.69523454,-0.89910597,0.4353998,0.045117557
1356510672126,-0.31065845,-0.6829978,-0.66106385,-0.2880692,-0.5951156,0.7502358,-0.90581876,0.42349914,-0.011872977
1356510672166,-0.24548268,-0.72797894,-0.6401444,-0.32267022,-0.5613351,0.7620938,-0.9141237,0.39363635,-0.097099096
1356510672206,-0.14849782,-0.7486831,-0.6460821,-0.3719046,-0.56308484,0.7379854,-0.9163162,0.3498701,-0.19482183
1356510672246,-0.056183815,-0.75619924,-0.65192497,-0.4104278,-0.5777427,0.7055229,-0.91016066,0.30720714,-0.27790546
1356510672286,-0.0063981414,-0.7692845,-0.6388744,-0.43164718,-0.5741764,0.69570273,-0.90201986,0.2802195,-0.32838583
1356510672326,-0.011883616,-0.7971197,-0.6037044,-0.43878824,-0.5383551,0.7194711,-0.89851195,0.27344832,-0.34336916
1356510672366,-0.06203127,-0.83262265,-0.55035603,-0.4290341,-0.47562766,0.7679245,-0.9011558,0.2837568,-0.3277197
1356510672406,-0.1356644,-0.862996,-0.48665497,-0.39784047,-0.40240347,0.8244965,-0.9073688,0.3054659,-0.28874296
1356510672446,-0.21212667,-0.8809712,-0.4229563,-0.3472366,-0.3366145,0.8752814,-0.9134709,0.3325364,-0.23450059
1356510672486,-0.2783984,-0.88703114,-0.36833435,-0.28564256,-0.28967816,0.913507,-0.9170075,0.35953084,-0.17272788
1356510672527,-0.32909983,-0.8852029,-0.32879955,-0.22372901,-0.26518852,0.9378808,-0.91740865,0.38221842,-0.11077201
1356510672563,-0.36389512,-0.87934965,-0.30712306,-0.17048198,-0.26128018,0.95008874,-0.9157053,0.39809158,-0.054834664
1356510672593,-0.38609684,-0.87155205,-0.30220225,-0.1309691,-0.27249432,0.9532019,-0.9131136,0.4076074,-0.00893724
1356510672623,-0.3978361,-0.86359245,-0.30973297,-0.10446161,-0.29276597,0.95046085,-0.91149014,0.41048282,0.026260614
1356510672664,-0.39481962,-0.8551964,-0.33579227,-0.09375328,-0.32607538,0.9406833,-0.9139626,0.40288192,0.04856354
1356510672710,-0.37893945,-0.8423034,-0.38331437,-0.09772113,-0.37546873,0.92166907,-0.92024755,0.38671464,0.059969038
1356510672748,-0.35480535,-0.8227539,-0.44405982,-0.1093857,-0.43516845,0.8936795,-0.9285191,0.3656561,0.06440264
1356510672787,-0.33013391,-0.79673755,-0.50618273,-0.12243956,-0.49557298,0.8598931,-0.9359595,0.34585667,0.06605318
1356510672826,-0.31283295,-0.76819855,-0.55857545,-0.13486618,-0.5462074,0.82672155,-0.9401844,0.33395872,0.06726766
1356510672866,-0.3066768,-0.7423954,-0.59564954,-0.14764354,-0.58112544,0.8003091,-0.9402929,0.33338004,0.06860778
1356510672906,-0.31037205,-0.7231101,-0.6170746,-0.16046587,-0.5999639,0.78376925,-0.9369738,0.34227946,0.070177466
1356510672946,-0.32066554,-0.7124196,-0.624205,-0.17073947,-0.60473484,0.7779099,-0.93167675,0.35602534,0.07227948
1356510672986,-0.33494866,-0.71113694,-0.6181371,-0.17624399,-0.597168,0.7825141,-0.9256065,0.37104502,0.07468709
1356510673027,-0.35101694,-0.7185897,-0.60034645,-0.17729765,-0.5785394,0.7961518,-0.9194306,0.38590282,0.075672925
1356510673068,-0.36545902,-0.732288,-0.5746252,-0.17745218,-0.5511952,0.8152881,-0.9137563,0.3999228,0.07149303
1356510673107,-0.37178618,-0.7488421,-0.5486442,-0.18381405,-0.5199231,0.8342016,-0.9099381,0.41099313,0.05565259
1356510673146,-0.36094105,-0.76566684,-0.53242457,-0.2052657,-0.4916851,0.84623396,-0.9097184,0.41472903,0.020304143
1356510673186,-0.32119256,-0.78057575,-0.5362246,-0.2501583,-0.47618145,0.84301364,-0.9133762,0.40491077,-0.042321593
1356510673226,-0.24617553,-0.7899944,-0.5615214,-0.31422275,-0.48300773,0.81729275,-0.91687596,0.3776403,-0.1293295
1356510673266,-0.14582503,-0.7879773,-0.59818625,-0.3766815,-0.5148822,0.77006966,-0.9147929,0.33762115,-0.22173378
1356510673308,-0.0516178,-0.77363604,-0.6315243,-0.41646725,-0.5580807,0.7177054,-0.9076842,0.30005556,-0.29338723
1356510673348,0.0077731013,-0.7541294,-0.65667987,-0.43180788,-0.59484786,0.67801034,-0.9019321,0.2782893,-0.3302629
1356510673386,0.024682224,-0.7357247,-0.6768309,-0.43060473,-0.6188354,0.65697974,-0.9022031,0.27523082,-0.33208072
1356510673426,0.0062257648,-0.7195529,-0.6944098,-0.41855183,-0.6325427,0.6516932,-0.9081716,0.2865892,-0.30510816
1356510673466,-0.035823166,-0.70430124,-0.7089968,-0.39887115,-0.6404169,0.65632915,-0.916307,0.30631015,-0.2579837
1356510673506,-0.08908129,-0.6885886,-0.7196598,-0.37421158,-0.6464611,0.6648711,-0.9230548,0.3285326,-0.20009026
1356510673548,-0.14267784,-0.67170817,-0.7269465,-0.34708804,-0.65386474,0.6723026,-0.92691576,0.34823713,-0.13984996
1356510673586,-0.18847764,-0.6529973,-0.733533,-0.31999785,-0.6653227,0.6744977,-0.92848134,0.3618567,-0.083559334
1356510673626,-0.22148561,-0.63118887,-0.74333346,-0.2954539,-0.6830018,0.66799355,-0.9293282,0.3675718,-0.0352121
1356510673666,-0.23949671,-0.60454357,-0.7597159,-0.27510506,-0.708164,0.65024674,-0.931106,0.36473373,0.0032900572
1356510673712,-0.24223632,-0.5710135,-0.78438836,-0.25905973,-0.7410469,0.6194655,-0.9349918,0.35326046,0.03158194
1356510673748,-0.23259199,-0.52950853,-0.8157952,-0.24585412,-0.77954614,0.57607603,-0.9409871,0.3345573,0.051134318
1356510673786,-0.21697104,-0.48160267,-0.8491069,-0.23455924,-0.8186236,0.5242495,-0.9475788,0.3129128,0.06465319
1356510673826,-0.20275652,-0.43108365,-0.87923646,-0.22848824,-0.8522742,0.47055486,-0.952199,0.29630324,0.07430661
1356510673866,-0.19424677,-0.38278043,-0.9031873,-0.23312604,-0.87633246,0.42153707,-0.95284855,0.29243872,0.080988735
1356510673906,-0.19148976,-0.34121096,-0.92027545,-0.24990147,-0.8897756,0.38190168,-0.9491476,0.3031084,0.08511365
1356510673948,-0.19285613,-0.31057638,-0.9307785,-0.27434486,-0.8936881,0.3550442,-0.9420941,0.3238268,0.08714825
1356510673986,-0.19792151,-0.29513916,-0.93472993,-0.29969385,-0.8897105,0.34438208,-0.93327963,0.3482934,0.08764139
1356510674026,-0.20772666,-0.29875222,-0.93144864,-0.3208911,-0.87871283,0.3534012,-0.9240554,0.37230447,0.08666527
1356510674066,-0.22243035,-0.3229879,-0.91989326,-0.33594197,-0.86035633,0.38331446,-0.91524196,0.3942915,0.082864165
1356510674106,-0.23852879,-0.3658306,-0.8995954,-0.34507877,-0.8339515,0.4306338,-0.907758,0.41314986,0.072681114
1356510674146,-0.24637783,-0.41985905,-0.87350804,-0.35164428,-0.80114734,0.4842615,-0.90313023,0.4264754,0.049743906
1356510674186,-0.23029542,-0.47314194,-0.85035336,-0.3626255,-0.76917785,0.5261828,-0.90303206,0.4295373,0.0055647343
1356510674226,-0.17295897,-0.5116896,-0.84158117,-0.38417172,-0.75173193,0.53601414,-0.9069163,0.41602018,-0.06655784
1356510674267,-0.06931931,-0.52405375,-0.8488595,-0.40981567,-0.7608322,0.5031753,-0.9095306,0.38275573,-0.16202505
1356510674308,0.05544734,-0.5104174,-0.85813725,-0.42153543,-0.79107517,0.44329217,-0.9051151,0.3371559,-0.25902206
1356510674348,0.15422153,-0.49099052,-0.8574054,-0.41675413,-0.819139,0.3941158,-0.89584136,0.2965461,-0.3309512
1356510674386,0.19814819,-0.48940182,-0.84924865,-0.4117676,-0.827828,0.38098332,-0.8894857,0.2742019,-0.36555243
1356510674426,0.18454772,-0.5150825,-0.83703774,-0.41499668,-0.8128576,0.4087056,-0.8909096,0.2719422,-0.36376852
1356510674466,0.12494385,-0.5617112,-0.8178445,-0.419506,-0.7769046,0.46950406,-0.8991128,0.284429,-0.33271065
1356510674506,0.037193716,-0.61540854,-0.78733027,-0.413394,-0.72677475,0.5485471,-0.9097923,0.30507514,-0.28143764
1356510674548,-0.05819708,-0.66268796,-0.746631,-0.39014584,-0.6733222,0.6280315,-0.91891205,0.32784456,-0.21935958
1356510674586,-0.14430052,-0.6962216,-0.70317346,-0.35211232,-0.62797284,0.6940224,-0.9247672,0.34774384,-0.15453145
1356510674626,-0.21131814,-0.7146669,-0.6667801,-0.30767065,-0.59886974,0.7393874,-0.9277302,0.36139467,-0.093329936
1356510674668,-0.25650305,-0.7197081,-0.64515626,-0.26578248,-0.58923507,0.76299536,-0.92928255,0.3671818,-0.04014525
1356510674710,-0.2797385,-0.71247405,-0.64352703,-0.23229037,-0.60014486,0.76541966,-0.9315511,0.36360246,0.002382815
1356510674748,-0.2847349,-0.6926268,-0.66271734,-0.21049742,-0.629285,0.74812526,-0.93520963,0.35251766,0.03338319
1356510674787,-0.27413452,-0.66191775,-0.69764984,-0.19724423,-0.6713191,0.7144407,-0.9412466,0.3334602,0.05347216
1356510674828,-0.2547868,-0.62036574,-0.7417749,-0.18950951,-0.72018236,0.66740054,-0.94824564,0.31061822,0.06592776
1356510674868,-0.23531532,-0.57377064,-0.78448325,-0.18524855,-0.7658739,0.6157273,-0.9541015,0.29021448,0.073931694
1356510674907,-0.22243673,-0.52929705,-0.8187592,-0.18646927,-0.8011984,0.5686038,-0.9569489,0.2791518,0.07951832
1356510674946,-0.21827346,-0.49382415,-0.84172106,-0.19459334,-0.823173,0.5334039,-0.95628977,0.28022122,0.08358191
1356510674987,-0.22191048,-0.47222722,-0.85308695,-0.20755486,-0.8319734,0.5145303,-0.95272076,0.29124197,0.08661048
1356510675029,-0.23202372,-0.46819058,-0.8526211,-0.22027501,-0.82848036,0.5148779,-0.94744074,0.307275,0.0890964
1356510675068,-0.2478416,-0.48394102,-0.8392709,-0.22839576,-0.8126942,0.53606296,-0.94149345,0.32454464,0.09088935
1356510675107,-0.2673868,-0.5187244,-0.8120525,-0.2302631,-0.783925,0.5765765,-0.9356725,0.3411547,0.09016816
1356510675146,-0.2857074,-0.56647354,-0.7729675,-0.22796158,-0.7432618,0.62896365,-0.9308086,0.35590655,0.08322126
1356510675186,-0.29393876,-0.61737233,-0.7296927,-0.22800024,-0.6960918,0.6807878,-0.92823267,0.36648,0.06384733
1356510675228,-0.28058344,-0.6619993,-0.6950035,-0.24073945,-0.65240735,0.7186161,-0.9291488,0.36894655,0.023685336
1356510675268,-0.23353171,-0.69264257,-0.68242884,-0.27575597,-0.6258426,0.729575,-0.93242776,0.35856277,-0.044846177
1356510675306,-0.14606863,-0.7033427,-0.69568175,-0.3295499,-0.6284636,0.70457816,-0.93277055,0.3321786,-0.13998774
1356510675346,-0.029994786,-0.6917821,-0.7214831,-0.37989238,-0.6597539,0.6483876,-0.9245442,0.29353416,-0.24301356
1356510675386,0.0756889,-0.6697104,-0.7387551,-0.4070935,-0.6970771,0.590219,-0.91024506,0.25606936,-0.32539573
1356510675428,0.13392597,-0.65802044,-0.7409945,-0.41596466,-0.7159982,0.5606425,-0.8994649,0.23314294,-0.36960405
1356510675468,0.13536328,-0.6659588,-0.73360455,-0.416768,-0.71000046,0.56763,-0.89887774,0.22890669,-0.37365833
1356510675507,0.09399307,-0.68516254,-0.7223002,-0.40953207,-0.6878961,0.5992349,-0.9074408,0.23948115,-0.34525353
1356510675546,0.026631296,-0.70512354,-0.7085843,-0.39087978,-0.6597455,0.64183253,-0.92005646,0.2598784,-0.29318845
1356510675588,-0.04967338,-0.71738535,-0.6949035,-0.36127204,-0.63574475,0.6821372,-0.9311365,0.28493327,-0.22759166
1356510675627,-0.12242681,-0.71882975,-0.6843211,-0.3251811,-0.6223948,0.71195644,-0.9376934,0.3096909,-0.15755206
1356510675666,-0.18222946,-0.7086771,-0.6815931,-0.28949493,-0.62380373,0.7259902,-0.9396729,0.32961452,-0.09148306
1356510675712,-0.22527128,-0.68805724,-0.6898043,-0.259461,-0.6400694,0.72318125,-0.9391128,0.34188926,-0.03433475
1356510675748,-0.24914539,-0.65575755,-0.71267706,-0.23901983,-0.67148316,0.7014128,-0.9385074,0.3450977,0.01055789
1356510675788,-0.2534623,-0.61098427,-0.74997,-0.22766256,-0.71583325,0.6601154,-0.9401737,0.33805454,0.04233855
1356510675826,-0.24093598,-0.55203223,-0.7982545,-0.2223017,-0.7692289,0.5990566,-0.944739,0.32178763,0.0626172
1356510675866,-0.21853471,-0.4822096,-0.8483611,-0.21863386,-0.82307816,0.524158,-0.9510215,0.3000272,0.0744438
1356510675906,-0.19432163,-0.40845662,-0.8918532,-0.21612059,-0.86901623,0.4450871,-0.9568337,0.2792379,0.08059284
1356510675948,-0.17392981,-0.33850306,-0.9247508,-0.2183327,-0.90243727,0.37139988,-0.96024954,0.26650083,0.083054386
1356510675988,-0.1591242,-0.27910683,-0.9469841,-0.22781506,-0.9229378,0.3103,-0.96061426,0.26511347,0.083276995
1356510676027,-0.14952737,-0.23500872,-0.96042305,-0.24284577,-0.93286175,0.26607308,-0.9584715,0.27301988,0.08241749
1356510676066,-0.1450814,-0.20975281,-0.96693075,-0.25938833,-0.9350261,0.24175133,-0.9548136,0.28588417,0.08124754
1356510676106,-0.14628863,-0.20532025,-0.96769994,-0.27464843,-0.9313366,0.23912393,-0.9503514,0.30075836,0.07985314
1356510676146,-0.15261483,-0.22242892,-0.9629299,-0.28701735,-0.92237353,0.2585501,-0.9456901,0.3158362,0.07692692
1356510676188,-0.15973467,-0.25703707,-0.95310897,-0.2965611,-0.908412,0.29468474,-0.94156057,0.32972643,0.06887776
1356510676226,-0.15803021,-0.30099332,-0.94044113,-0.30459982,-0.8911022,0.33638656,-0.9392792,0.33961743,0.049138494
1356510676266,-0.13327312,-0.3411262,-0.93052197,-0.31386393,-0.8760447,0.36610794,-0.9400679,0.34084964,0.00968606
1356510676306,-0.06807393,-0.35772642,-0.9313419,-0.32606348,-0.8742676,0.35963705,-0.94289374,0.32815847,-0.057126686
1356510676346,0.040578842,-0.3367393,-0.9407232,-0.3317203,-0.89263856,0.305218,-0.94250464,0.29967156,-0.1479255
1356510676386,0.16574246,-0.28206828,-0.9449693,-0.31660333,-0.9227178,0.21989584,-0.9339657,0.26273435,-0.24223727
1356510676426,0.26495874,-0.22086677,-0.93862385,-0.2864962,-0.94748795,0.1420792,-0.9207154,0.23126704,-0.3143227
1356510676466,0.3156582,-0.18108264,-0.93143386,-0.26388186,-0.95965105,0.09714021,-0.91144186,0.2151254,-0.35070616
1356510676506,0.31796968,-0.17509973,-0.9317915,-0.2623732,-0.96066684,0.09099223,-0.91107386,0.21554436,-0.3514044
1356510676548,0.2798879,-0.20216145,-0.938506,-0.2800619,-0.95224935,0.12159983,-0.9182745,0.22880545,-0.3231408
1356510676588,0.21104592,-0.25374222,-0.9439674,-0.30557114,-0.9344446,0.18286489,-0.9284858,0.24985628,-0.274747
1356510676626,0.12631363,-0.31342077,-0.94117594,-0.32469815,-0.90957373,0.25931975,-0.93734515,0.2728425,-0.21665871
1356510676666,0.04016632,-0.3668249,-0.9294225,-0.32988855,-0.8828837,0.33420035,-0.94316506,0.29318222,-0.15647352
1356510676711,-0.033179283,-0.40083444,-0.9155495,-0.3218915,-0.8629574,0.38947448,-0.946195,0.3076301,-0.10039288
1356510676748,-0.08549094,-0.40889904,-0.90856636,-0.30744764,-0.85657656,0.4144302,-0.94771683,0.31476665,-0.05248545
1356510676788,-0.114156365,-0.38901827,-0.9141297,-0.29265603,-0.8661465,0.4051453,-0.94937915,0.31377548,-0.014972404
1356510676826,-0.12053096,-0.3414647,-0.9321342,-0.28003383,-0.8891505,0.36192882,-0.9523935,0.30465275,0.011548497
1356510676866,-0.110640645,-0.27279866,-0.95568794,-0.26760495,-0.91790116,0.2929933,-0.9571553,0.28816378,0.028554909
1356510676906,-0.09429759,-0.19412865,-0.9764334,-0.25402653,-0.94364524,0.21214214,-0.9625895,0.26804447,0.039669577
1356510676946,-0.08027816,-0.11811127,-0.98975,-0.24327071,-0.96060675,0.13436505,-0.9666306,0.2515638,0.04838279
1356510676988,-0.07119846,-0.052325867,-0.99608874,-0.24218524,-0.9678334,0.0681525,-0.9676142,0.24609034,0.0562357
1356510677026,-0.06552386,-2.9569864E-4,-0.997851,-0.252823,-0.96736515,0.01688829,-0.96529126,0.25338626,0.06331074
1356510677066,-0.06260419,0.034117244,-0.9974551,-0.27060848,-0.96255755,-0.015939146,-0.96065176,0.26892197,0.06949255
1356510677106,-0.06480974,0.044838466,-0.99688977,-0.28918302,-0.95696676,-0.02424243,-0.95507747,0.28671244,0.07498735
1356510677146,-0.07577634,0.024674952,-0.99681944,-0.30455276,-0.9524953,-4.2624772E-4,-0.9494764,0.30355185,0.0796915
1356510677186,-0.097527206,-0.03300242,-0.99468553,-0.31449306,-0.94721556,0.062262952,-0.9442365,0.31889406,0.082000315
1356510677226,-0.12783831,-0.1307652,-0.9831368,-0.31664115,-0.9340128,0.16540448,-0.93989146,0.33244658,0.07799691
1356510677266,-0.15637636,-0.25888324,-0.95316625,-0.31012464,-0.9033643,0.2962359,-0.9377469,0.34192464,0.060978748
1356510677308,-0.16246676,-0.38663486,-0.90780944,-0.30202505,-0.8563871,0.4187863,-0.93935364,0.34222007,0.022361085
1356510677347,-0.11951047,-0.46828443,-0.8754581,-0.30683625,-0.8211899,0.4811431,-0.94422925,0.32612392,-0.045545787
1356510677386,-0.019932508,-0.48025364,-0.8769032,-0.3211801,-0.8275135,0.46050495,-0.94680834,0.29082286,-0.13775355
1356510677426,0.11158174,-0.43136695,-0.8952497,-0.31905416,-0.8687329,0.37882394,-0.94114506,0.24336332,-0.23456414
1356510677466,0.21535748,-0.3876982,-0.8962763,-0.30044326,-0.8995997,0.31694523,-0.929169,0.20102367,-0.31021684
1356510677506,0.25364524,-0.41649884,-0.87303656,-0.3011253,-0.89170355,0.3379177,-0.9192321,0.1771822,-0.3515947
1356510677546,0.21407235,-0.5437625,-0.81147724,-0.33610263,-0.8210143,0.46148732,-0.9171739,0.17394796,-0.35851645
1356510677586,0.09918809,-0.72980857,-0.6764179,-0.37164512,-0.6577489,0.6551689,-0.92306095,0.18640248,-0.33647066
1356510677651,-0.06929904,-0.89095986,-0.4487629,-0.34563622,-0.40053815,0.8485899,-0.9358063,0.2139152,-0.28019118
1356510677668,-0.1709826,-0.9440324,-0.28207785,-0.27960724,-0.22803211,0.93264204,-0.94476706,0.2383365,-0.22496879
1356510677713,-0.23140192,-0.957992,-0.169424,-0.20442766,-0.12238085,0.9712014,-0.9511375,0.2593728,-0.16752088
1356510677746,-0.26346087,-0.9588853,-0.105485916,-0.13625872,-0.07126248,0.98810685,-0.9549984,0.27470088,-0.111881614
1356510677786,-0.27812952,-0.9574366,-0.07719484,-0.080904424,-0.056729794,0.9951061,-0.9571303,0.28301382,-0.06168264
1356510677826,-0.28114986,-0.9565301,-0.07749081,-0.040744275,-0.0687772,0.9967996,-0.9587985,0.28340742,-0.019636393
1356510677866,-0.27491146,-0.9557626,-0.10460082,-0.016660184,-0.10404098,0.99443346,-0.96132517,0.2751239,0.012678921
1356510677906,-0.26175392,-0.9524509,-0.1559557,-0.006491035,-0.15984863,0.98712015,-0.9651128,0.25939488,0.035658658
1356510677947,-0.24553645,-0.9433337,-0.2232342,-0.0051386952,-0.22901398,0.97340965,-0.9693738,0.24015465,0.051383674
1356510677986,-0.23307055,-0.9281261,-0.2902761,-0.007504612,-0.2967713,0.9549191,-0.9724309,0.2247419,0.062203348
1356510678026,-0.23035395,-0.91163784,-0.34037262,-0.011337757,-0.34724116,0.9377073,-0.9730409,0.21986365,0.06965244
1356510678067,-0.23850566,-0.8997146,-0.3655526,-0.015889645,-0.37274975,0.9277958,-0.9710111,0.22709304,0.074606806
1356510678108,-0.25413138,-0.8949188,-0.36679366,-0.019301444,-0.37447608,0.9270357,-0.9669771,0.24266854,0.07789293
1356510678146,-0.2724387,-0.8966305,-0.34904283,-0.01891455,-0.35770422,0.93364334,-0.9619872,0.26096258,0.08049309
1356510678186,-0.2906834,-0.90304065,-0.31626043,-0.01356402,-0.32661068,0.94506156,-0.9567231,0.27900347,0.08269146
1356510678226,-0.30717593,-0.9115603,-0.27331442,-0.005294293,-0.2855584,0.9583467,-0.95163804,0.295828,0.0828906
1356510678266,-0.32007182,-0.91924,-0.22924182,-6.0385466E-4,-0.24177313,0.9703326,-0.94739306,0.3107145,0.07682967
1356510678306,-0.3262846,-0.9247371,-0.1959584,-0.010024965,-0.20390695,0.97893894,-0.94521844,0.32137716,0.05726123
1356510678346,-0.32049584,-0.9290488,-0.18479949,-0.04624784,-0.17951083,0.9826683,-0.9461203,0.32348764,0.014565945
1356510678386,-0.29477763,-0.93396807,-0.20201457,-0.117296964,-0.17444307,0.9776559,-0.94833934,0.3118868,-0.058129728
1356510678426,-0.24258554,-0.9388479,-0.24437016,-0.21505794,-0.19358474,0.9572225,-0.94599277,0.28476208,-0.15494579
1356510678468,-0.1710912,-0.93973714,-0.2960098,-0.3105256,-0.23369557,0.92139035,-0.93504095,0.24956042,-0.2518292
1356510678658,-0.10625172,-0.9348288,-0.33882982,-0.37495917,-0.27793336,0.8843974,-0.92093223,0.22101608,-0.32099175
1356510678662,-0.06995779,-0.9262688,-0.37031344,-0.40217626,-0.31352735,0.8602063,-0.91288567,0.20910937,-0.3505897
1356510678664,-0.05124694,-0.91317016,-0.40434405,-0.40860087,-0.35026652,0.8428279,-0.91127336,0.20840767,-0.35517204
1356510678666,-0.052884996,-0.89865744,-0.43545145,-0.3978,-0.38101023,0.8346175,-0.91594666,0.21736136,-0.33733618
1356510678667,-0.11747432,-0.88253015,-0.45534635,-0.3363139,-0.39607167,0.8544122,-0.93439436,0.25351083,-0.25027895
1356510678695,-0.15364438,-0.83531296,-0.52786905,-0.29337862,-0.47156024,0.8316008,-0.943569,0.28263626,-0.17261034
1356510678724,-0.18462288,-0.7821324,-0.595133,-0.26481614,-0.5435579,0.7965032,-0.9464602,0.30465353,-0.10676813
1356510678757,-0.20867908,-0.72521687,-0.65613526,-0.24795939,-0.6097495,0.7528091,-0.94602805,0.31979042,-0.052582294
1356510678796,-0.22302568,-0.66582704,-0.71199286,-0.23859444,-0.67088884,0.7021259,-0.94516253,0.32646966,-0.00923714
1356510678836,-0.22462058,-0.59983885,-0.76794463,-0.23486242,-0.7315243,0.6400873,-0.9457194,0.32413816,0.023435876
1356510678876,-0.2136879,-0.5287286,-0.8214521,-0.23231925,-0.78924686,0.5684339,-0.9488757,0.3123066,0.04581873
1356510678916,-0.192074,-0.4544321,-0.869827,-0.2262139,-0.8419606,0.4898259,-0.9549528,0.2908498,0.05892001
1356510678956,-0.1650275,-0.37877104,-0.91065824,-0.21404275,-0.887559,0.40795174,-0.9627832,0.26224306,0.06539851
1356510678998,-0.14011198,-0.30456918,-0.94212854,-0.19854425,-0.92354625,0.32808918,-0.9700252,0.23302346,0.06892943
1356510679038,-0.12247169,-0.23492438,-0.96426713,-0.1881131,-0.9484746,0.25496912,-0.97448146,0.21261778,0.071969
1356510679077,-0.11196238,-0.17235985,-0.9786503,-0.19071007,-0.96280843,0.19138797,-0.9752404,0.20806675,0.07492769
1356510679118,-0.10578632,-0.119788334,-0.98714745,-0.20788343,-0.9681181,0.13975671,-0.9724165,0.21999595,0.07751164
1356510679157,-0.10177314,-0.07995948,-0.99158895,-0.23309553,-0.96709937,0.10190878,-0.9671136,0.24150655,0.07978648
1356510679198,-0.1005258,-0.056102477,-0.99335146,-0.2594675,-0.9623817,0.08061112,-0.9605057,0.26584592,0.082187355
1356510679239,-0.1032244,-0.0508444,-0.9933576,-0.28321508,-0.9558502,0.0783548,-0.9534851,0.289422,0.08426723
