1356510962466,0.9940734,0.03156754,-0.10402684,-0.103496045,-0.018011212,-0.9944668,-0.033266526,0.99933934,-0.014637351
1356510962625,-0.26246995,0.0044406652,0.96492994,0.9644703,0.03240776,0.26219577,-0.030106872,0.9994648,-0.012788951
1356510962667,-0.2453078,0.0042084157,0.9694361,0.9690498,0.02962476,0.24508142,-0.027687907,0.99955225,-0.011345327
1356510962705,-0.23245376,0.003590703,0.9726008,0.97227913,0.026837409,0.23227784,-0.025268048,0.9996333,-0.009729624
1356510962745,-0.21979249,0.0023739338,0.9755438,0.97528434,0.023724973,0.21967632,-0.022623241,0.99971575,-0.007529795
1356510962787,-0.20609772,2.3284554E-4,0.9785314,0.9783325,0.020213068,0.20605099,-0.019731104,0.9997957,-0.004393637
1356510962825,-0.19132769,-0.003061682,0.9815214,0.98138356,0.016449392,0.19135216,-0.016731262,0.99986005,-1.425147E-4
1356510962865,-0.17621946,-0.0076438487,0.98432124,0.98425245,0.012771606,0.1763063,-0.013919026,0.9998892,0.0052728653
1356510962905,-0.16169709,-0.013597012,0.98674667,0.9867705,0.009670317,0.16183427,-0.011742562,0.99986076,0.011853576
1356510962946,-0.14870203,-0.021285713,0.98865294,0.98882324,0.0077025294,0.14889342,-0.010784447,0.99974376,0.019902408
1356510962985,-0.13756585,-0.030778915,0.9900143,0.99042726,0.007209182,0.1378474,-0.011379987,0.99950016,0.029492497
1356510963025,-0.1294418,-0.04350573,0.9906322,0.99149257,0.00810796,0.12991029,-0.013683826,0.9990203,0.042086124
1356510963066,-0.124864995,-0.061263114,0.9902805,0.9920256,0.009538591,0.1256752,-0.017145157,0.9980761,0.059583545
1356510963105,-0.12333548,-0.0836612,0.98883224,0.99215114,0.010294497,0.12462035,-0.020605445,0.9964411,0.081734836
1356510963145,-0.12542486,-0.11167973,0.98579717,0.9918205,0.0095998645,0.1272788,-0.023677915,0.9936979,0.10956222
1356510963186,-0.13027781,-0.14407927,0.9809531,0.99111754,0.007735431,0.13276386,-0.02671662,0.9895359,0.1417917
1356510963225,-0.13700038,-0.17867687,0.97432315,0.99010277,0.005541563,0.14023536,-0.030456156,0.98389226,0.17614916
1356510963265,-0.1447972,-0.21315625,0.96622884,0.98883355,0.0036093593,0.14898095,-0.03524372,0.97701144,0.21025342
1356510963305,-0.15347922,-0.2461397,0.9570054,0.9873044,0.0019040108,0.1588282,-0.040916055,0.9692325,0.2427226
1356510963345,-0.16333485,-0.27707732,0.9468632,0.98544323,5.030632E-5,0.17000464,-0.047152013,0.9608476,0.2730358
1356510963385,-0.17482913,-0.3058529,0.93588924,0.9831375,-0.002460301,0.18285131,-0.05362305,0.9520756,0.30112562
1356510963425,-0.18844825,-0.33272758,0.92400205,0.98025453,-0.006337166,0.19763884,-0.059904426,0.94300175,0.32735184
1356510963465,-0.20450467,-0.35805914,0.9110277,0.9766729,-0.012378097,0.21437559,-0.06548238,0.9336169,0.35223797
1356510963506,-0.22326165,-0.38247094,0.8965881,0.9722403,-0.02130258,0.23301265,-0.070020914,0.9237219,0.37660974
1356510963544,-0.24386036,-0.40469304,0.8813374,0.9670217,-0.032600403,0.25259918,-0.07349315,0.91387135,0.39929685
1356510963586,-0.26569664,-0.42494646,0.86534727,0.9610299,-0.045675576,0.27264518,-0.07633439,0.90406543,0.42052203
1356510963625,-0.28892916,-0.4428692,0.8487561,0.9540622,-0.05978167,0.29358375,-0.079279155,0.894591,0.43979743
1356510963665,-0.31321526,-0.4578014,0.83205414,0.9460589,-0.07395178,0.31544206,-0.082877904,0.88597345,0.45626992
1356510963706,-0.3375116,-0.46851647,0.8164425,0.9372915,-0.08709699,0.33748898,-0.08700952,0.879151,0.46853268
1356510963745,-0.3598994,-0.47308028,0.8041564,0.9285567,-0.09768748,0.3581057,-0.09085673,0.87558687,0.47443947
1356510963785,-0.37819004,-0.4694261,0.7978793,0.9210231,-0.10401523,0.3753629,-0.09321356,0.8768238,0.47168982
1356510963826,-0.39061654,-0.45567364,0.79986274,0.9159315,-0.105422616,0.387241,-0.09213194,0.88388216,0.45854557
1356510963865,-0.39604998,-0.4301607,0.81123745,0.9142863,-0.10295689,0.39176583,-0.08499977,0.89686215,0.43406615
1356510963905,-0.3944019,-0.39251986,0.83088815,0.91623235,-0.09863728,0.3883154,-0.07046494,0.91443896,0.39854223
1356510963945,-0.3865565,-0.34434047,0.8555721,0.9209324,-0.09425151,0.37815374,-0.049574643,0.9341019,0.3535478
1356510963985,-0.37456757,-0.28962246,0.88080525,0.92685723,-0.09114301,0.36418217,-0.025196075,0.9527915,0.3025779
1356510964025,-0.36011875,-0.23204792,0.9035864,0.9329064,-0.090010166,0.34868878,4.194677E-4,0.96853083,0.24889338
1356510964065,-0.34544593,-0.17554542,0.9218736,0.9380946,-0.09119362,0.33415896,0.025408924,0.9802385,0.1961807
1356510964106,-0.33253247,-0.123149574,0.9350167,0.9418499,-0.094227135,0.32255214,0.048381865,0.9879045,0.14732206
1356510964145,-0.32339835,-0.077316195,0.943099,0.94381154,-0.09804928,0.31560448,0.06806886,0.9921737,0.104680896
1356510964185,-0.31989008,-0.040148675,0.94660366,0.943746,-0.101816356,0.31460604,0.08374873,0.9939927,0.0704602
1356510964225,-0.32363307,-0.013622731,0.9460846,0.94132805,-0.10579443,0.32048267,0.09572461,0.9942947,0.04706204
1356510964266,-0.33557713,0.0010476112,0.9420122,0.9361326,-0.11118716,0.33360627,0.10508919,0.993799,0.036331236
1356510964305,-0.3545025,0.005301416,0.93504,0.9281848,-0.119001985,0.35257822,0.11314082,0.9928798,0.037265837
1356510964345,-0.37670118,0.003908515,0.9263266,0.91846544,-0.12849277,0.37404653,0.12048823,0.9917027,0.044813514
1356510964386,-0.39802003,0.0021286607,0.91737425,0.9087543,-0.13586807,0.39459538,0.12548184,0.9907247,0.052143812
1356510964425,-0.41593277,0.0021648705,0.9093927,0.9008571,-0.13572854,0.41235194,0.12432322,0.99074364,0.05450374
1356510964465,-0.42923284,0.0032829046,0.9031879,0.8959002,-0.1252802,0.42622486,0.11455083,0.992116,0.050833285
1356510964510,-0.43677044,0.003916532,0.8995644,0.8943404,-0.10580897,0.43469474,0.09688449,0.9943787,0.042711616
1356510964547,-0.43632263,0.0028684437,0.89978564,0.8963785,-0.085613966,0.4349434,0.07828188,0.9963242,0.03478414
1356510964587,-0.42805386,-1.7094612E-4,0.9037533,0.9016506,-0.068255365,0.427045,0.061612964,0.9976679,0.029371083
1356510964617,-0.40862584,-0.004477352,0.912691,0.9114115,-0.055158913,0.40778247,0.048517317,0.99846756,0.02662009
1356510964657,-0.38537073,-0.011655301,0.9226881,0.92196095,-0.04651338,0.3844795,0.038436145,0.99884963,0.028670609
1356510964687,-0.34937918,-0.021533161,0.93673396,0.9364984,-0.04012108,0.3483691,0.030081272,0.99896276,0.034183264
1356510964727,-0.31586057,-0.040495455,0.947941,0.9485393,-0.03714478,0.31447315,0.022476375,0.998489,0.050144136
1356510964767,-0.2831108,-0.074373215,0.9561992,0.9589673,-0.03771496,0.2809969,0.015164316,0.99651706,0.081999004
1356510964807,-0.26463133,-0.129138,0.95566404,0.96431744,-0.043542564,0.26114368,0.007888466,0.9906702,0.13605273
1356510964845,-0.27045083,-0.2047692,0.94070494,0.9627337,-0.0572474,0.26432267,-2.721548E-4,0.9771347,0.21262085
1356510964885,-0.29947728,-0.28902924,0.90927196,0.9540458,-0.08023703,0.28871912,-0.0104910135,0.9539519,0.29977626
1356510964925,-0.33721125,-0.3606874,0.8695936,0.9411651,-0.107287824,0.32046476,-0.022290796,0.92649555,0.37564507
1356510964965,-0.36769432,-0.40518275,0.8370352,0.92934704,-0.12778336,0.34638923,-0.033391804,0.90526146,0.4235406
1356510965005,-0.38298607,-0.42080745,0.8223398,0.92283416,-0.13457334,0.36092526,-0.041215032,0.89711267,0.43987522
1356510965055,-0.37125343,-0.40298095,0.8365269,0.9275745,-0.12006229,0.35382292,-0.04214856,0.9072989,0.4183683
1356510965095,-0.35253668,-0.36976796,0.85964507,0.93505913,-0.10269153,0.33929184,-0.03718096,0.92343175,0.3819574
1356510965154,-0.32166195,-0.32528925,0.8892245,0.94650054,-0.084789515,0.31136355,-0.025886238,0.94180536,0.33516014
1356510965175,-0.28243548,-0.2736871,0.9194159,0.95924675,-0.07187575,0.27327552,-0.008708298,0.95912945,0.2828337
1356510965216,-0.2392323,-0.21892959,0.9459586,0.9708684,-0.06748617,0.22991323,0.013504267,0.97340405,0.22869667
1356510965253,-0.1998198,-0.16628554,0.96561956,0.9790993,-0.07200873,0.19020885,0.037904024,0.98344487,0.1771988
1356510965296,-0.16960245,-0.11914766,0.97828364,0.98355293,-0.083033085,0.16040313,0.062118202,0.9893985,0.13127059
1356510965335,-0.15473115,-0.08005503,0.98470783,0.9843563,-0.09750652,0.14674884,0.08426741,0.99200994,0.09388995
1356510965375,-0.15732259,-0.049764574,0.9862926,0.98203415,-0.11326802,0.15092817,0.104204506,0.99231744,0.06669015
1356510965415,-0.175942,-0.026965737,0.9840311,0.9767759,-0.12895691,0.17111096,0.12228355,0.9912834,0.049028456
1356510965455,-0.20473439,-0.008920759,0.97877693,0.9690472,-0.14278102,0.2013979,0.13795412,0.98971415,0.037876785
1356510965509,-0.23679996,0.0067211688,0.9715352,0.96014726,-0.15119338,0.2350702,0.14846954,0.9884814,0.029349208
1356510965536,-0.26746684,0.020090401,0.9633576,0.95186687,-0.14982057,0.26740095,0.14970297,0.98850906,0.020948589
1356510965575,-0.29448563,0.029389441,0.9552039,0.9453656,-0.13732654,0.29567772,0.13986465,0.9900897,0.012656927
1356510965615,-0.3156004,0.03293866,0.94832045,0.94107,-0.11719537,0.31725806,0.12158877,0.9925626,0.005989194
1356510965655,-0.326594,0.030839354,0.9446615,0.93981874,-0.095556915,0.32803923,0.10038543,0.9949462,0.0022248626
1356510965695,-0.32223117,0.024499208,0.946344,0.943225,-0.0767867,0.32315698,0.08058372,0.99674654,0.0016347766
1356510965735,-0.298472,0.014664859,0.95430577,0.952299,-0.062021673,0.29879743,0.06356946,0.99796706,0.004546404
1356510965775,-0.25468773,-2.1845102E-5,0.9670233,0.9657936,-0.05042112,0.25436273,0.048752844,0.99872804,0.012862742
1356510965815,-0.19646531,-0.023540765,0.98022825,0.97987425,-0.040733635,0.1954161,0.03532797,0.9988928,0.031069636
1356510965855,-0.13839859,-0.062298685,0.9884152,0.99011135,-0.031797886,0.1366319,0.022917569,0.9975508,0.06608349
1356510965895,-0.10256165,-0.123021394,0.98709005,0.9946654,-0.023694396,0.10039571,0.011037707,0.9921211,0.12479529
1356510965935,-0.107278585,-0.20682916,0.9724778,0.9942285,-0.021309614,0.10514581,-0.0010240972,0.978145,0.2079215
1356510965975,-0.14977199,-0.30105355,0.9417722,0.9886328,-0.032910645,0.14670387,-0.013171345,0.95303917,0.3025606
1356510966015,-0.20162469,-0.38169935,0.90202713,0.9791653,-0.055853903,0.19523197,-0.024138153,0.92259735,0.38500836
1356510966055,-0.23208618,-0.43227887,0.8713616,0.97215354,-0.07319158,0.22262195,-0.032458454,0.8987647,0.43722814
1356510966095,-0.22715527,-0.45078903,0.86324376,0.9731776,-0.0719313,0.21852064,-0.036412477,0.8897276,0.45503736
1356510966135,-0.18675524,-0.44108465,0.87781924,0.98181367,-0.05276519,0.18236667,-0.03412074,0.89591295,0.44291723
1356510966175,-0.11973798,-0.40836886,0.90492964,0.9924849,-0.026073158,0.11955705,-0.025228977,0.9124446,0.4084219
1356510966216,-0.041162908,-0.36007446,0.93201506,0.9990867,-0.0041276217,0.042530477,-0.011467189,0.9329145,0.35991544
1356510966255,0.033088863,-0.30527192,0.9516902,0.99943954,0.0052669644,-0.033059567,0.005079627,0.9522507,0.30527505
1356510966305,0.09620136,-0.2491889,0.963665,0.9950576,1.3899803E-4,-0.09929934,0.02461031,0.96845496,0.24797067
1356510966335,0.12998658,-0.201249,0.9708771,0.9905441,-0.016982257,-0.13613987,0.043885767,0.9793929,0.19713855
1356510966375,0.1447264,-0.16155118,0.9761944,0.9874304,-0.0397591,-0.15297201,0.06352544,0.9860631,0.15376636
1356510966415,0.13498497,-0.12984699,0.98230284,0.9873859,-0.06517005,-0.14429808,0.08275336,0.98939,0.119412065
1356510966455,0.10261667,-0.10521117,0.98914135,0.98954225,-0.09053999,-0.11228868,0.10137084,0.9903197,0.09481996
1356510966504,0.051882565,-0.08575508,0.99496436,0.99147177,-0.11484432,-0.061598748,0.11954841,0.98967505,0.07906538
1356510966537,-0.008400321,-0.06824982,0.9976329,0.99057865,-0.1369415,-0.0010275245,0.13668746,0.9882252,0.06875715
1356510966575,-0.067222,-0.049721062,0.99649835,0.9864355,-0.15321875,0.05889821,0.14975378,0.9869406,0.05934632
1356510966615,-0.11785644,-0.030051678,0.9925759,0.98103094,-0.1584422,0.111688495,0.15390947,0.9869108,0.04815507
1356510966656,-0.1581471,-0.0120693445,0.9873418,0.9764614,-0.15044177,0.1545653,0.14667195,0.9885452,0.03557715
1356510966695,-0.1873185,0.0010561347,0.9822986,0.9735234,-0.13317221,0.18578836,0.1310111,0.9910923,0.023917437
1356510966735,-0.20173645,0.008164316,0.97940576,0.9729197,-0.11351895,0.20134681,0.112825066,0.9935022,0.014957786
1356510966775,-0.19620353,0.009883821,0.98051333,0.9758386,-0.096074045,0.19623658,0.09614143,0.9953251,0.009204984
1356510966815,-0.16669786,0.0067089796,0.9859853,0.98260796,-0.081842184,0.16668376,0.081813484,0.9966227,0.0070506334
1356510966855,-0.11410117,-0.0026064515,0.99346566,0.99106896,-0.06976831,0.11364281,0.06901619,0.9975598,0.010543823
1356510966895,-0.04728216,-0.022129923,0.9986364,0.9972584,-0.05801761,0.04593122,0.05692202,0.99807024,0.0248124
1356510966935,0.014458895,-0.0590021,0.99815315,0.9988838,-0.044042706,-0.017072916,0.044968665,0.99728584,0.058299422
1356510966975,0.05058229,-0.119101554,0.99159276,0.9981773,-0.026695132,-0.054124564,0.032917023,0.9925231,0.11753419
1356510967015,0.046146214,-0.20252344,0.9781896,0.9987081,-0.011503577,-0.049495935,0.021276712,0.9792099,0.2017309
1356510967055,0.012488186,-0.29363573,0.9558358,0.99985564,-0.0073465705,-0.015320212,0.011520714,0.9558891,0.29350165
1356510967095,-0.019364774,-0.3674907,0.92982554,0.9998012,-0.011516988,0.01627031,0.0047296584,0.92995584,0.36764076
1356510967137,-0.02261579,-0.40852398,0.91246724,0.9997434,-0.010352492,0.020144045,0.0012170374,0.9126888,0.40865338
1356510967175,0.007852793,-0.4162525,0.9092151,0.99996805,0.0019317865,-0.0077522397,0.001470536,0.909247,0.41625443
1356510967215,0.06674516,-0.39483964,0.91632235,0.99775076,0.02071029,-0.06375244,0.0061947405,0.9185165,0.39533398
1356510967255,0.13627326,-0.35383162,0.9253285,0.9905652,0.034999847,-0.13249725,0.014495343,0.93465406,0.35526285
1356510967295,0.20245248,-0.30288944,0.9312739,0.9789711,0.03825277,-0.20038006,0.025069177,0.95225763,0.3042644
1356510967335,0.25472593,-0.2510093,0.9338678,0.96629757,0.02892059,-0.2557982,0.037199676,0.96755254,0.24991646
1356510967375,0.28900075,-0.20386332,0.9353707,0.9559751,0.009513199,-0.2932934,0.050893426,0.9789531,0.19763759
1356510967415,0.30453983,-0.16417512,0.9382441,0.950232,-0.0155619085,-0.31115395,0.065684676,0.9863084,0.15126526
1356510967455,0.30268246,-0.13254398,0.94383025,0.9496806,-0.04176283,-0.3104235,0.08056176,0.99029696,0.11323351
1356510967509,0.28528014,-0.10865131,0.95226574,0.9537327,-0.06621209,-0.29327425,0.094916224,0.9918723,0.08473536
1356510967537,0.25471646,-0.09164438,0.96266335,0.9608743,-0.08803046,-0.26262343,0.10881168,0.99189305,0.06563595
1356510967575,0.21503061,-0.07994127,0.9733299,0.9689127,-0.10739881,-0.2228755,0.12235153,0.99099684,0.054362178
1356510967615,0.17231718,-0.07089198,0.9824872,0.975796,-0.1240488,-0.18009439,0.13464367,0.9897405,0.04780042
1356510967655,0.13354158,-0.061638087,0.98912454,0.980729,-0.1353997,-0.14084566,0.14260864,0.98887193,0.04236877
1356510967695,0.10365713,-0.051077664,0.99330074,0.98443276,-0.13725358,-0.10978961,0.14194185,0.98921824,0.036055148
1356510967735,0.084566474,-0.04054886,0.9955924,0.98775584,-0.12804985,-0.0891161,0.13109905,0.9909384,0.02922368
1356510967775,0.076995075,-0.032291174,0.9965084,0.9905957,-0.11090112,-0.08013192,0.11310142,0.99330676,0.023448646
1356510967815,0.082250595,-0.0276936,0.9962268,0.99225533,-0.09108573,-0.084454775,0.09308088,0.9954579,0.019987285
1356510967855,0.10152206,-0.026867658,0.9944705,0.9920423,-0.072093576,-0.10322198,0.074468255,0.997036,0.019334733
1356510967895,0.13395911,-0.029624373,0.9905439,0.98928785,-0.054507494,-0.1354194,0.058003843,0.9980738,0.02200529
1356510967935,0.17524078,-0.036688507,0.9838418,0.98358864,-0.037063807,-0.17657784,0.04294324,0.9986392,0.029591292
1356510967975,0.21799195,-0.050336957,0.9746516,0.9755349,-0.017905712,-0.21911433,0.028481334,0.9985719,0.045202136
1356510968016,0.25227347,-0.07560426,0.96469796,0.9675556,0.005347699,-0.2526017,0.013938844,0.9971236,0.07450041
1356510968072,0.25552365,-0.14527136,0.9558263,0.96679324,0.042789847,-0.25195202,-0.00429824,0.988466,0.15138122
1356510968113,0.24464303,-0.2278254,0.94246775,0.9693881,0.0784139,-0.23267573,-0.020893157,0.9705395,0.24003458
1356510968156,0.22047168,-0.31377137,0.9235473,0.97482204,0.10328245,-0.1976223,-0.033377945,0.94386446,0.3286422
1356510968195,0.18942529,-0.38313094,0.9040624,0.9810629,0.111753464,-0.15819916,-0.040421158,0.91690886,0.39704436
1356510968235,0.15861076,-0.42239028,0.8924287,0.9864231,0.106761396,-0.12478569,-0.042568624,0.90010464,0.4335891
1356510968275,0.12879533,-0.42951775,0.8938268,0.9908228,0.09301251,-0.09807581,-0.04101181,0.89825565,0.43755552
1356510968315,0.09771329,-0.41027707,0.906711,0.9945423,0.07373792,-0.07381299,-0.036575228,0.908975,0.41524303
1356510968356,0.065244675,-0.37025803,0.9266349,0.99743956,0.051449597,-0.049672246,-0.029283494,0.9275031,0.37266678
1356510968395,0.03025788,-0.31829816,0.9475077,0.999355,0.027977288,-0.022515148,-0.019342184,0.9475777,0.31893933
1356510968435,-0.0054415464,-0.26175675,0.9651185,0.9999621,0.005132735,0.0070301294,-0.0067938566,0.9651202,0.2617189
1356510968508,-0.038939536,-0.20128435,0.9787586,0.9991819,-0.018545866,0.035938084,0.01091814,0.9793573,0.20184186
1356510968518,-0.07484347,-0.1494166,0.9859377,0.9968109,-0.03866124,0.069809824,0.027686805,0.9880183,0.15183362
1356510968552,-0.104670584,-0.108012885,0.988624,0.9934808,-0.056503475,0.09901142,0.045166165,0.9925425,0.11322299
1356510968595,-0.13027275,-0.07704875,0.9884799,0.9894968,-0.07310045,0.12470886,0.06264967,0.9943439,0.0857625
1356510968635,-0.15186179,-0.055694997,0.9868313,0.98520225,-0.08879751,0.14659956,0.07946336,0.99449134,0.06835586
1356510968675,-0.1696834,-0.043204784,0.9845512,0.9808618,-0.10420334,0.16447479,0.095487386,0.99361724,0.060059488
1356510968715,-0.18404502,-0.0379681,0.98218423,0.9766651,-0.119595826,0.17838767,0.110692084,0.9920964,0.059093118
1356510968755,-0.19495004,-0.036723733,0.9801254,0.97290957,-0.13384598,0.18849981,0.124263406,0.9903215,0.061822176
1356510968796,-0.20230293,-0.035822153,0.9786676,0.97023034,-0.14319217,0.1953176,0.13314083,0.98904634,0.06372395
1356510968835,-0.20636272,-0.033913136,0.97788775,0.96934783,-0.14327568,0.19959176,0.13333872,0.98910165,0.062440336
1356510968875,-0.20748603,-0.032082498,0.9777118,0.9703657,-0.13329172,0.20155323,0.12385455,0.99055743,0.058787942
1356510968915,-0.20572966,-0.031724542,0.9780946,0.97264457,-0.11680782,0.2007946,0.10787895,0.99264777,0.054887474
1356510968955,-0.20071173,-0.03325638,0.9790857,0.9755205,-0.09845722,0.19663662,0.08985862,0.99458545,0.052203774
1356510968995,-0.19182736,-0.036539823,0.9807483,0.9787221,-0.08128774,0.1884025,0.072838575,0.9960207,0.05135554
1356510969035,-0.17908263,-0.041965514,0.9829385,0.9821688,-0.06573093,0.17613608,0.057217807,0.9969545,0.05298853
1356510969075,-0.16320384,-0.051306903,0.9852574,0.98569506,-0.05106187,0.16061735,0.042068273,0.9973767,0.058906436
1356510969115,-0.14675432,-0.06868675,0.98678535,0.9888195,-0.036855698,0.14449143,0.026444018,0.9969573,0.07332748
1356510969155,-0.13451344,-0.10049185,0.985803,0.9908607,-0.023737967,0.13278377,0.0100573,0.99465466,0.102766514
1356510969195,-0.13278675,-0.15284467,0.9792886,0.99112236,-0.013860524,0.1322281,-0.006636858,0.988153,0.15332833
1356510969235,-0.14640033,-0.22521427,0.96324736,0.9889704,-0.01121068,0.14768872,-0.022462964,0.9742447,0.22437152
1356510969275,-0.17394084,-0.3036066,0.93678576,0.98410606,-0.019034863,0.1765581,-0.035772562,0.9526073,0.30209213
1356510969315,-0.207376,-0.3677842,0.9064933,0.97722036,-0.03514409,0.20929733,-0.04511836,0.9292469,0.36669418
1356510969355,-0.23773384,-0.40382212,0.8834083,0.97005814,-0.05217427,0.23720238,-0.049696326,0.91334844,0.40413457
1356510969395,-0.25950146,-0.40965053,0.8745544,0.96448696,-0.06376749,0.25631732,-0.049232394,0.9100111,0.41165033
1356510969435,-0.27095503,-0.39017406,0.8799702,0.9615871,-0.0679512,0.26595676,-0.04397443,0.9182303,0.39359802
1356510969508,-0.2683307,-0.34330013,0.9000798,0.9627718,-0.06385553,0.26266512,-0.032697856,0.9370525,0.34765413
1356510969516,-0.26205295,-0.29547274,0.9187079,0.96482277,-0.05939591,0.25610396,-0.021104276,0.953503,0.30064362
1356510969555,-0.24961358,-0.24441063,0.93699336,0.9683169,-0.05555749,0.24346614,-0.0074487627,0.968079,0.2505348
1356510969595,-0.23364615,-0.19521478,0.9525233,0.9722867,-0.055219054,0.22717705,0.008249104,0.9792048,0.20270649
1356510969635,-0.216963,-0.15128654,0.9643855,0.97583467,-0.05988151,0.21014497,0.02595675,0.9866744,0.16062269
1356510969675,-0.20204866,-0.11471251,0.97263426,0.9783499,-0.06907952,0.19508871,0.044809997,0.990994,0.12618637
1356510969715,-0.19049871,-0.08616957,0.97789836,0.9796257,-0.081213415,0.18367887,0.063590884,0.99296486,0.09988493
1356510969754,-0.18276381,-0.0652065,0.98099214,0.97978675,-0.09462589,0.17624944,0.08133465,0.9933751,0.08118266
1356510969795,-0.17837167,-0.050806403,0.98265064,0.9791194,-0.10813433,0.1721398,0.09751251,0.9928372,0.06903368
1356510969835,-0.1761828,-0.04146126,0.9834839,0.9779756,-0.12095815,0.17009676,0.11190796,0.99179137,0.061858863
1356510969875,-0.17456466,-0.034919977,0.9840263,0.9768318,-0.13179517,0.16861132,0.12380195,0.99066174,0.05711764
1356510969916,-0.17200613,-0.029066294,0.98466694,0.9764,-0.13755041,0.1665017,0.1306018,0.99006814,0.05203992
1356510969955,-0.16772795,-0.023331434,0.9855572,0.97737837,-0.13458735,0.16314983,0.12883699,0.99062705,0.04537767
1356510969996,-0.16150087,-0.018707156,0.98669523,0.9798463,-0.12213457,0.15806428,0.1175527,0.9923372,0.038055003
1356510970036,-0.15301049,-0.016584039,0.9880854,0.9831617,-0.10363507,0.15050867,0.09990427,0.99447715,0.03216207
1356510970075,-0.14170313,-0.0176574,0.9897517,0.9866258,-0.08388686,0.13975903,0.08055937,0.9963188,0.02930832
1356510970115,-0.12708145,-0.021899313,0.9916506,0.9899123,-0.06593925,0.12540248,0.062642366,0.9975834,0.030058026
1356510970155,-0.10930079,-0.029348493,0.9935754,0.9929056,-0.050302744,0.10774121,0.04681748,0.9983027,0.034638345
1356510970195,-0.08974445,-0.041048914,0.99511856,0.9954448,-0.035983145,0.08828956,0.03218323,0.998509,0.044091165
1356510970235,-0.0714972,-0.06014043,0.9956261,0.9972884,-0.021758974,0.07030219,0.01743579,0.99795276,0.061533064
1356510970275,-0.059414744,-0.09185347,0.9939984,0.99823165,-0.0073046684,0.058992773,0.0018420815,0.9957458,0.09212506
1356510970315,-0.060669184,-0.14361018,0.98777294,0.99805444,0.0055226088,0.06210357,-0.014373779,0.98961896,0.14299572
1356510970355,-0.080836356,-0.21816808,0.97255754,0.9962931,0.011114061,0.08530238,-0.029419303,0.97584796,0.21646091
1356510970395,-0.11777407,-0.3034809,0.9455309,0.9922006,0.0031890273,0.12461069,-0.04083228,0.9528322,0.30073833
1356510970435,-0.16078615,-0.3774544,0.91196275,0.9858546,-0.017126143,0.16672552,-0.047312826,0.9258698,0.3748688
1356510970511,-0.19651818,-0.41970176,0.8861326,0.97930115,-0.03933549,0.19854966,-0.048475236,0.90680933,0.41874453
1356510970516,-0.22834098,-0.43539408,0.8707999,0.972417,-0.058264136,0.22585529,-0.047599673,0.89835256,0.43668866
1356510970542,-0.24917895,-0.4312884,0.8671218,0.9674028,-0.069071114,0.24364147,-0.0451867,0.8995663,0.4344406
1356510970574,-0.2592355,-0.41020072,0.8743754,0.9649391,-0.07147443,0.25255466,-0.041102648,0.9091902,0.41434744
1356510970615,-0.2530439,-0.36479405,0.89604354,0.9668585,-0.06284231,0.24745795,-0.033961713,0.928965,0.36860618
1356510970655,-0.2382136,-0.3050408,0.92206526,0.97089624,-0.050558627,0.23410296,-0.024792582,0.9509963,0.30820683
1356510970696,-0.21742088,-0.24047396,0.9459918,0.9759772,-0.03963566,0.21423703,-0.014023423,0.96984607,0.24331468
1356510970735,-0.19500393,-0.18019006,0.9641084,0.9808006,-0.033925593,0.19203946,-0.0018956065,0.98304653,0.18334618
1356510970775,-0.17360586,-0.12851387,0.97639406,0.98474306,-0.034661174,0.17052817,0.011927694,0.99110186,0.13257045
1356510970815,-0.15646392,-0.08784157,0.9837698,0.9873151,-0.041118383,0.15335625,0.026979923,0.99528545,0.09316081
1356510970855,-0.14546931,-0.058550656,0.9876287,0.98843426,-0.05183935,0.14251468,0.042853683,0.9969375,0.06541455
1356510970896,-0.14133584,-0.039794147,0.9891616,0.98816043,-0.065920115,0.13854077,0.05969253,0.9970311,0.048639894
1356510970933,-0.1432234,-0.02957943,0.9892483,0.9866334,-0.08277023,0.14036989,0.07772815,0.99612963,0.041038632
1356510970976,-0.14876318,-0.025122494,0.9885537,0.98411655,-0.101691425,0.14551112,0.09687179,0.9944987,0.039851367
1356510971015,-0.15426105,-0.022910833,0.9877644,0.9814153,-0.119042754,0.15050834,0.11413795,0.9926247,0.04084882
1356510971055,-0.15658271,-0.020845592,0.9874448,0.9797711,-0.12942785,0.1526336,0.12462121,0.99136966,0.040690124
1356510971095,-0.15367997,-0.018815905,0.9879415,0.98028135,-0.12859535,0.15003926,0.12422156,0.9915187,0.038207382
1356510971135,-0.14405781,-0.018101484,0.9894037,0.9830191,-0.11746669,0.14097911,0.11367002,0.9929119,0.03471607
1356510971175,-0.12580287,-0.01975882,0.9918585,0.9872774,-0.1005007,0.12321976,0.09724781,0.99474084,0.032150716
1356510971216,-0.09617573,-0.024045557,0.99507385,0.99222803,-0.08161461,0.093928516,0.07895404,0.99637383,0.03170806
1356510971256,-0.051145136,-0.030672252,0.9982201,0.9967988,-0.06307107,0.049134284,0.061451763,0.9975376,0.033799887
1356510971296,0.007854581,-0.04021573,0.9991602,0.9989792,-0.04413426,-0.009629548,0.044484466,0.99821585,0.039828062
1356510971335,0.08142829,-0.053749323,0.9952289,0.9962921,-0.023438692,-0.082781166,0.027776271,0.99827933,0.051641434
1356510971375,0.15504867,-0.07566112,0.98500526,0.98785037,0.0012105703,-0.15540352,0.010565579,0.9971329,0.074929506
1356510971415,0.21754068,-0.11226678,0.9695732,0.9760257,0.032209277,-0.2152589,-0.007062793,0.9931559,0.116582125
1356510971455,0.25705698,-0.1682989,0.95162874,0.9660924,0.069444805,-0.24868244,-0.024232745,0.9832868,0.18044353
1356510971510,0.25742698,-0.25411582,0.9322856,0.9654683,0.107607186,-0.2372587,-0.040029466,0.961169,0.27304175
1356510971547,0.258465,-0.3288238,0.908334,0.96464264,0.13805777,-0.22450957,-0.051578432,0.9342456,0.3528806
1356510971586,0.2696287,-0.3744886,0.8871633,0.96120524,0.16032648,-0.22445482,-0.058179975,0.9132654,0.403189
1356510971625,0.298776,-0.38506398,0.87318873,0.95243096,0.17790684,-0.24743563,-0.060067743,0.90557986,0.41990113
1356510971665,0.34312153,-0.36497167,0.86548436,0.9375317,0.18944335,-0.2917971,-0.057462573,0.9115409,0.4071746
1356510971706,0.39501143,-0.32289037,0.8600626,0.91726756,0.19044626,-0.349786,-0.050853133,0.92707705,0.37140536
1356510971745,0.44288427,-0.27320367,0.8539399,0.89558893,0.17954838,-0.4070415,-0.04211828,0.9450514,0.32419735
1356510971785,0.48388016,-0.22295275,0.8462577,0.8745638,0.15810609,-0.45841107,-0.031594515,0.9619223,0.2714908
1356510971825,0.5147212,-0.1792725,0.8384053,0.8571502,0.12910903,-0.49862248,-0.018856406,0.97529083,0.2201186
1356510971865,0.5347054,-0.14609128,0.8323145,0.84503216,0.09626785,-0.5259782,-0.0032842457,0.98457587,0.1749268
1356510971905,0.5446264,-0.12419161,0.82943267,0.8385472,0.063118756,-0.54116046,0.014854789,0.9902487,0.13851665
1356510971945,0.54589444,-0.11228919,0.83029544,0.8371409,0.03222239,-0.54603744,0.034559935,0.993153,0.11159186
1356510971985,0.5398548,-0.108353436,0.8347552,0.8399726,0.0047872066,-0.54260767,0.054797262,0.9941009,0.09359832
1356510972025,0.52777153,-0.11006364,0.8422252,0.84612,-0.01875031,-0.5326625,0.07441875,0.9937477,0.08323115
1356510972065,0.51092637,-0.11547968,0.8518325,0.8546046,-0.03869909,-0.5178353,0.092764586,0.9925557,0.078917086
1356510972105,0.49155575,-0.12158707,0.86231637,0.8640137,-0.055702865,-0.50037736,0.10887298,0.99101645,0.07767187
1356510972145,0.47371385,-0.12398502,0.8719076,0.8724743,-0.06875548,-0.4837988,0.119932204,0.9898992,0.07560332
1356510972185,0.46154812,-0.11914888,0.8790773,0.87872016,-0.07460043,-0.47147188,0.121754915,0.99006987,0.07026686
1356510972225,0.45665425,-0.10719511,0.8831626,0.8824954,-0.07101518,-0.4649288,0.11255601,0.99169856,0.06216979
1356510972265,0.4578101,-0.09169379,0.8843088,0.8839333,-0.05961579,-0.46379718,0.095246136,0.99400103,0.053758517
1356510972305,0.46294108,-0.0769169,0.88304543,0.8831878,-0.04456559,-0.46689746,0.075265795,0.99604094,0.047300875
1356510972345,0.47080043,-0.065457195,0.8798081,0.88041186,-0.029303223,-0.4733037,0.056762338,0.9974251,0.043833315
1356510972385,0.48073438,-0.058044463,0.874943,0.87591577,-0.01465717,-0.4822412,0.04081568,0.9982063,0.0437959
1356510972425,0.49120486,-0.05543986,0.86927795,0.87063503,6.6667795E-4,-0.49192917,0.026692957,0.99846184,0.04859537
1356510972465,0.4988312,-0.06075582,0.86456704,0.866591,0.01919961,-0.49864978,0.013696492,0.997968,0.06222777
1356510972511,0.49901918,-0.07987371,0.8629021,0.8665893,0.044062167,-0.49707294,0.001681745,0.99583066,0.09120561
1356510972546,0.4875164,-0.119006455,0.86496544,0.87306273,0.077162385,-0.48146388,-0.009445488,0.9898906,0.14151803
1356510972576,0.4665723,-0.17055443,0.8678833,0.8842647,0.11174926,-0.4534182,-0.019652784,0.978991,0.20295437
1356510972605,0.4379602,-0.23191348,0.86856604,0.89853454,0.14382148,-0.41466993,-0.028750896,0.9620455,0.27137035
1356510972645,0.4006197,-0.30081418,0.86545634,0.91553044,0.16870838,-0.3651595,-0.036164552,0.93864167,0.34299242
1356510972685,0.35835364,-0.35591686,0.8630792,0.93269646,0.17683181,-0.31433704,-0.04074201,0.91763484,0.39533076
1356510972725,0.31938297,-0.38494322,0.86591756,0.9467,0.16999239,-0.27360854,-0.04187563,0.90715003,0.41871846
1356510972765,0.28575337,-0.38784042,0.8763132,0.95750666,0.15283,-0.24458957,-0.03906524,0.908968,0.41503143
1356510972805,0.25798976,-0.36871246,0.8930243,0.96562135,0.12890947,-0.22573844,-0.031886697,0.92056155,0.38929394
1356510972845,0.23453766,-0.33451506,0.91273856,0.9718809,0.10093522,-0.21274254,-0.02096185,0.9369694,0.34878197
1356510972885,0.21465492,-0.29197636,0.9320264,0.97666407,0.071125805,-0.20265383,-0.007121086,0.95377725,0.30043024
1356510972925,0.19744867,-0.24699172,0.94868815,0.98027,0.040662587,-0.19343522,0.009200782,0.9681641,0.25014734
1356510972965,0.18183738,-0.20383772,0.96196944,0.98294175,0.010242581,-0.18363133,0.027577996,0.9789511,0.20222315
1356510973005,0.16642654,-0.1652101,0.97211516,0.9849386,-0.01902163,-0.17185467,0.046883345,0.986075,0.15955612
1356510973045,0.14939004,-0.13295928,0.9797982,0.9866134,-0.045494497,-0.15660277,0.06539714,0.9900769,0.12438294
1356510973085,0.12932056,-0.10808194,0.985695,0.98818123,-0.068460524,-0.13715348,0.082304984,0.99178195,0.097951144
1356510973125,0.10510874,-0.09039757,0.9903436,0.989648,-0.088347614,-0.11309916,0.09771848,0.9919793,0.0801757
1356510973167,0.07732117,-0.07818392,0.99393594,0.9906796,-0.10610551,-0.08541417,0.11214015,0.9912764,0.069251
1356510973205,0.048200905,-0.06805149,0.9965168,0.9910281,-0.12125647,-0.056216,0.12465969,0.99028575,0.061596245
1356510973245,0.021423817,-0.057033837,0.99814236,0.9910312,-0.13050628,-0.028728336,0.1319023,0.9898057,0.053726315
1356510973285,-8.467436E-4,-0.04453969,0.9990073,0.99159455,-0.12929052,-0.0049238503,0.12938148,0.99060595,0.044274777
1356510973325,-0.0173074,-0.032729566,0.99931437,0.99309987,-0.116505265,0.013383985,0.11598736,0.9926506,0.03452018
1356510973365,-0.026807189,-0.02440378,0.9993427,0.99506223,-0.09622073,0.024342656,0.09556344,0.9950608,0.02686274
1356510973405,-0.027261853,-0.020842671,0.999411,0.996881,-0.074640036,0.025636256,0.07406172,0.99699277,0.022812456
1356510973445,-0.016631722,-0.021698058,0.9996262,0.9983489,-0.055336,0.01540935,0.054980934,0.998232,0.022582531
1356510973510,0.0056321025,-0.026760608,0.9996259,0.99923515,-0.03853202,-0.0066613555,0.0386959,0.9988989,0.026523143
1356510973527,0.037798524,-0.037195027,0.9985929,0.9989936,-0.022740006,-0.038660705,0.02414602,0.99904925,0.036298066
1356510973567,0.07347152,-0.05679208,0.995679,0.9972454,-0.006012112,-0.073930055,0.010184765,0.998368,0.056193918
1356510973607,0.10391709,-0.0912461,0.9903915,0.9945787,0.013323218,-0.10312891,-0.0037851036,0.9957392,0.092135966
1356510973664,0.11847657,-0.14670315,0.98205984,0.992798,0.03519541,-0.11451447,-0.01776433,0.98855424,0.14981642
1356510973685,0.1106087,-0.22365451,0.968372,0.99338794,0.05503428,-0.10075536,-0.030759305,0.97311354,0.2282629
1356510973726,0.081896484,-0.31175,0.9466281,0.9957922,0.06478208,-0.06481537,-0.041118354,0.9479531,0.31574368
1356510973763,0.046317637,-0.38788638,0.9205427,0.9977782,0.06214297,-0.024018764,-0.047888756,0.91960996,0.38990286
1356510973806,0.018461168,-0.4353589,0.9000677,0.9985124,0.05422288,0.00574705,-0.051306307,0.89862263,0.4357122
1356510973845,0.004742682,-0.45076457,0.8926302,0.9986615,0.04811001,0.018988788,-0.051503897,0.89134544,0.45038944
1356510973885,0.005980313,-0.43793172,0.89898837,0.9988417,0.045539737,0.015539557,-0.04774499,0.8978541,0.43769675
1356510973925,0.019200265,-0.40353242,0.9147638,0.9990219,0.044195056,-0.0014728606,-0.039833635,0.9138974,0.40398628
1356510973965,0.03937328,-0.35637462,0.9335132,0.99880755,0.041024923,-0.026465714,-0.028865635,0.93344206,0.35756493
1356510974005,0.06334162,-0.30330503,0.950786,0.99787354,0.033921838,-0.055657387,-0.015371293,0.9522896,0.3048087
1356510974045,0.08716136,-0.2506224,0.9641532,0.9961939,0.021158814,-0.08455789,7.917881E-4,0.96785367,0.2515127
1356510974085,0.10690379,-0.2034221,0.9732374,0.9940802,0.0027730465,-0.10861364,0.01939562,0.97908723,0.20251441
1356510974126,0.12028384,-0.16396904,0.97910464,0.9919356,-0.019831955,-0.12518129,0.039943457,0.986266,0.1602613
1356510974165,0.12528044,-0.13287649,0.9831829,0.99026096,-0.04391116,-0.13211691,0.060727984,0.9901594,0.12608126
1356510974205,0.12172091,-0.10949689,0.9865062,0.9892753,-0.067462265,-0.1295506,0.08073723,0.9916953,0.10011095
1356510974245,0.10985404,-0.09226322,0.9896563,0.9889666,-0.08941144,-0.11811304,0.09938407,0.9917122,0.081423014
1356510974285,0.09189993,-0.07860443,0.992661,0.9890044,-0.108789146,-0.10017601,0.11586502,0.99095225,0.06774238
1356510974325,0.07187712,-0.06576982,0.99524266,0.9891876,-0.12318635,-0.079580516,0.12783426,0.9902017,0.05620441
1356510974365,0.05309367,-0.05226186,0.997221,0.98995554,-0.12828195,-0.059429765,0.13103136,0.9903598,0.044925928
1356510974405,0.038369417,-0.038775653,0.9985111,0.9917207,-0.12106794,-0.042809993,0.12254766,0.9918866,0.033809274
1356510974445,0.029435515,-0.027525306,0.9991876,0.9941071,-0.1035285,-0.03213775,0.10432896,0.9942455,0.024315685
1356510974511,0.02878499,-0.02030015,0.9993795,0.99620664,-0.08155525,-0.030350238,0.082120806,0.9964621,0.017875582
1356510974527,0.039979696,-0.017278612,0.9990511,0.9973332,-0.06040764,-0.040955663,0.061057925,0.9980242,0.0148174465
1356510974565,0.06578341,-0.01793003,0.9976728,0.9969008,-0.042048305,-0.066488236,0.043142647,0.99895465,0.015108377
1356510974605,0.1064975,-0.022458047,0.9940593,0.9939146,-0.02589038,-0.1070669,0.028141052,0.99941254,0.019564122
1356510974645,0.15640455,-0.03309065,0.9871386,0.98757666,-0.0101056695,-0.15681273,0.015164733,0.9994013,0.031098992
1356510974685,0.20460814,-0.055119127,0.9772908,0.9788362,0.0075553656,-0.20450553,0.0038884282,0.9984511,0.05549857
1356510974725,0.23782006,-0.09614897,0.9665387,0.9712944,0.02905628,-0.23609987,-0.0053833127,0.9949429,0.10029906
1356510974765,0.24607447,-0.16075546,0.95582694,0.96916705,0.05378267,-0.2404634,-0.012751102,0.9855279,0.16903344
1356510974805,0.22630176,-0.245801,0.9425335,0.973866,0.07627043,-0.21393427,-0.01930216,0.9663149,0.25663736
1356510974845,0.1907646,-0.3325229,0.9236002,0.9812902,0.0895614,-0.17043543,-0.026045203,0.9388329,0.34338665
1356510974885,0.15960872,-0.39716598,0.90376115,0.98664653,0.09428167,-0.13281375,-0.03245902,0.9128911,0.40691066
1356510974925,0.14618802,-0.4273497,0.89218915,0.9885689,0.09673715,-0.11564404,-0.036887378,0.89889616,0.43660638
1356510974966,0.15034926,-0.4248115,0.8927095,0.9879136,0.098997176,-0.11927393,-0.037706733,0.89985263,0.4345613
1356510975005,0.16665858,-0.39629167,0.90287197,0.98541754,0.098804474,-0.13852781,-0.03431037,0.91279274,0.40697935
1356510975045,0.18686247,-0.35123637,0.91745055,0.9819969,0.09306985,-0.1643782,-0.0276514,0.9316497,0.36230427
1356510975085,0.20468938,-0.2988251,0.93209755,0.97864467,0.080857635,-0.18898866,-0.018892646,0.95087624,0.30899426
1356510975125,0.21601823,-0.2468225,0.9446771,0.9763571,0.062472552,-0.20693985,-0.007938981,0.96704495,0.2544821
1356510975165,0.2181722,-0.20115316,0.9549546,0.9758917,0.03893268,-0.21475467,0.006019622,0.97878575,0.20479774
1356510975205,0.2106204,-0.16462132,0.9636072,0.97729015,0.011963844,-0.2115672,0.023300111,0.98628426,0.16340268
1356510975245,0.19382527,-0.13746217,0.9713577,0.9800974,-0.016170293,-0.19785753,0.042905062,0.99037504,0.1315921
1356510975285,0.1691193,-0.11836371,0.97846246,0.98356175,-0.04347688,-0.17526013,0.063284844,0.99201816,0.109065175
1356510975325,0.1377706,-0.10528526,0.9848523,0.9870285,-0.06815249,-0.1453608,0.08242452,0.9921038,0.094530225
1356510975365,0.10169369,-0.09575045,0.9901971,0.9898988,-0.089101076,-0.11027902,0.09878689,0.9914096,0.08572218
1356510975405,0.06421727,-0.08682054,0.99415207,0.9916412,-0.106164515,-0.07332656,0.11190987,0.990551,0.07927725
1356510975445,0.028717577,-0.07535559,0.9967431,0.99233633,-0.11774081,-0.037492037,0.1201826,0.9901811,0.07139686
1356510975512,-0.0016492605,-0.060234696,0.9981828,0.9927578,-0.12000185,-0.005601108,0.12012121,0.99094456,0.059996456
1356510975527,-0.026536524,-0.043486863,0.99870145,0.993564,-0.111201346,0.021557987,0.11011955,0.99284595,0.046157956
1356510975565,-0.045712173,-0.028155714,0.9985578,0.9946383,-0.094106495,0.042879224,0.09276351,0.9951639,0.03230658
1356510975605,-0.05841595,-0.016436338,0.99815696,0.99555373,-0.07496911,0.057029128,0.07389361,0.9970504,0.020742655
1356510975645,-0.06334752,-0.008837104,0.99795234,0.99634373,-0.05799836,0.06273183,0.057325214,0.99827754,0.012478828
1356510975685,-0.05980283,-0.0055862665,0.9981946,0.9972491,-0.044204533,0.059498787,0.043792367,0.99900687,0.008214474
1356510975725,-0.049193084,-0.0079886615,0.99875736,0.99827266,-0.032550693,0.04890889,0.032119542,0.9994381,0.009576142
1356510975765,-0.035722315,-0.019201875,0.9991772,0.99914026,-0.021733642,0.035303324,0.021037906,0.9995793,0.019961774
1356510975805,-0.028354466,-0.04563719,0.9985556,0.9995509,-0.010989368,0.02788046,0.009701073,0.9988977,0.04592824
1356510975845,-0.03855312,-0.09493756,0.9947364,0.9992541,-0.0014801621,0.038586944,-0.0021909475,0.9954821,0.094923824
1356510975885,-0.07704693,-0.17064163,0.9823162,0.99692,0.0012764335,0.07841411,-0.01463455,0.98533237,0.17001775
1356510975925,-0.14354444,-0.2626905,0.9541429,0.9892709,-0.011624455,0.14562887,-0.027163953,0.9648101,0.26154074
1356510975965,-0.21982479,-0.34565538,0.9122496,0.9747909,-0.041204453,0.2192828,-0.03820759,0.9374564,0.34599945
1356510976005,-0.28377235,-0.39908904,0.87189513,0.9577946,-0.07448858,0.27763435,-0.04585457,0.9138814,0.40338323
1356510976045,-0.32423496,-0.41833922,0.8484479,0.9447328,-0.097221255,0.31309402,-0.048492283,0.9030727,0.42674136
1356510976085,-0.34033394,-0.40847623,0.84694743,0.9392278,-0.10458177,0.32697657,-0.044986874,0.90675783,0.41924503
1356510976126,-0.3360914,-0.37684757,0.86315036,0.94115895,-0.09980798,0.3228905,-0.035531193,0.92088234,0.38821802
1356510976165,-0.31845808,-0.33193228,0.88792205,0.9476783,-0.0896036,0.30639347,-0.02214089,0.9390379,0.3431
1356510976207,-0.2928729,-0.2804565,0.91409504,0.9561299,-0.07948589,0.28195333,-0.0064180493,0.95657,0.29143202
1356510976245,-0.2652765,-0.22827208,0.93676054,0.96410966,-0.07388359,0.25501725,0.010997921,0.9707899,0.23967883
1356510976285,-0.24053085,-0.17956704,0.9538871,0.9701826,-0.07469165,0.23057938,0.029842913,0.9809061,0.19217846
1356510976325,-0.22282135,-0.13708147,0.9651731,0.9736202,-0.08119351,0.21323976,0.049134612,0.9872265,0.15155703
1356510976365,-0.21562248,-0.102467895,0.97108567,0.97414315,-0.09128648,0.20666885,0.067470044,0.99053884,0.11950171
