1356510907356,0.3130486,-0.12982556,-0.94082195,-0.87773085,0.33881652,-0.33880955,0.36275214,0.9318523,-0.007885814
1356510907396,-0.06559181,0.033988982,0.9972675,0.9295808,-0.3612262,0.07345134,0.36273572,0.9318586,-0.007902026
1356510907435,-0.065588534,0.034054816,0.99726546,0.92962825,-0.36110008,0.0734711,0.36261466,0.93190503,-0.007974237
1356510907475,-0.065894544,0.034240484,0.9972389,0.9297639,-0.36067927,0.073820055,0.3622111,0.93206114,-0.008068711
1356510907517,-0.06725454,0.03451124,0.99713886,0.92999697,-0.35979712,0.07517862,0.36136213,0.9323921,-0.007897377
1356510907555,-0.07073134,0.034499317,0.9968986,0.9302603,-0.3584243,0.07840714,0.36001772,0.93292105,-0.006741464
1356510907595,-0.0775401,0.03333035,0.99643195,0.9303806,-0.35676295,0.08433378,0.35830092,0.9336002,-0.0033464432
1356510907637,-0.088894665,0.029587388,0.9956014,0.9299886,-0.35547167,0.093600184,0.3566775,0.93421865,0.0040836334
1356510907675,-0.10537791,0.02193898,0.9941902,0.9284972,-0.35580945,0.10626656,0.35607362,0.93430096,0.017124176
1356510907715,-0.126495,0.009545833,0.9919213,0.9254701,-0.3588164,0.12147391,0.3570772,0.9333594,0.036554098
1356510907755,-0.15074259,-0.0077278614,0.9885429,0.9211033,-0.36418653,0.13761172,0.35895053,0.93129396,0.062016517
1356510907797,-0.17664868,-0.029738843,0.98382455,0.91596496,-0.37083828,0.15325472,0.36028224,0.9282211,0.0927479
1356510907835,-0.20326525,-0.05601263,0.9775202,0.9103908,-0.37827033,0.16763121,0.3603774,0.923999,0.12788257
1356510907875,-0.22988474,-0.08537808,0.96946555,0.904457,-0.38652653,0.18042928,0.3593195,0.91831785,0.16607744
1356510907917,-0.25676233,-0.116453916,0.95943296,0.89803314,-0.39567083,0.19230482,0.35722503,0.91097915,0.20617282
1356510907962,-0.2852006,-0.14799556,0.9469731,0.89063954,-0.40598512,0.20478609,0.35414946,0.90181684,0.24759781
1356510907985,-0.31338006,-0.17667067,0.9330491,0.8825108,-0.41700292,0.2174474,0.3506676,0.8915695,0.2865941
1356510908025,-0.34890574,-0.20413643,0.91465473,0.87058157,-0.43189418,0.23570162,0.34691873,0.8785191,0.3284077
1356510908065,-0.3917784,-0.22909862,0.89108,0.85339814,-0.45242327,0.2588919,0.34383354,0.8618742,0.37276185
1356510908105,-0.4412186,-0.24892348,0.8621852,0.8293111,-0.4801935,0.28575766,0.34288388,0.8411013,0.41830528
1356510908145,-0.49320054,-0.26099128,0.8298414,0.7983461,-0.5147066,0.31260285,0.34553826,0.8166765,0.46221498
1356510908185,-0.5408338,-0.2637294,0.7987149,0.7637033,-0.5519113,0.33488965,0.3524996,0.79110086,0.49990344
1356510908225,-0.57684183,-0.2575143,0.7752031,0.73149097,-0.5852208,0.34991074,0.36355802,0.7688973,0.52594924
1356510908287,-0.596284,-0.2442316,0.7647198,0.7083177,-0.6083727,0.35800654,0.37779814,0.7551381,0.5357565
1356510908306,-0.59906125,-0.22613882,0.76810604,0.6973803,-0.6187086,0.36174625,0.39342898,0.7523702,0.52834916
1356510908337,-0.5926533,-0.20613405,0.77863395,0.6943284,-0.6207246,0.36415517,0.4082525,0.7564454,0.51099926
1356510908367,-0.57414645,-0.18589583,0.7973697,0.701061,-0.61468303,0.36149442,0.42292938,0.76655555,0.48324245
1356510908395,-0.5442675,-0.16504419,0.8225164,0.7159293,-0.60244524,0.35285246,0.4372849,0.7809098,0.44605142
1356510908435,-0.49139005,-0.14180231,0.85931826,0.74421114,-0.580897,0.32970956,0.4524218,0.80153024,0.39097792
1356510908475,-0.42546326,-0.11420858,0.89774024,0.7756235,-0.5571075,0.29671475,0.4662504,0.8225496,0.32561147
1356510908515,-0.3542801,-0.083797246,0.9313773,0.803754,-0.53636277,0.25747716,0.47798026,0.8398173,0.257375
1356510908556,-0.28785765,-0.0519484,0.9562632,0.8242228,-0.5218837,0.2197594,0.48764205,0.85143334,0.19304526
1356510908595,-0.23579472,-0.019615859,0.9716049,0.8359308,-0.5139714,0.19249192,0.49560124,0.85758305,0.13758922
1356510908635,-0.20390612,0.012766808,0.97890717,0.840402,-0.51059204,0.18171465,0.50214213,0.85972834,0.09338355
1356510908675,-0.19265956,0.044557035,0.9802536,0.83976275,-0.509294,0.1881972,0.5076227,0.85943836,0.06070301
1356510908715,-0.20134169,0.0755896,0.97660005,0.8348331,-0.50827205,0.21145484,0.51236236,0.8578727,0.039231718
1356510908755,-0.22716528,0.10529134,0.9681475,0.825552,-0.50652283,0.24879393,0.51658463,0.85577345,0.028140932
1356510908795,-0.2646773,0.13308471,0.9551097,0.8118624,-0.50373906,0.29517186,0.52040887,0.8535429,0.025281757
1356510908835,-0.305995,0.15876463,0.9387016,0.79497266,-0.4998948,0.343691,0.52381814,0.8514099,0.026751846
1356510908875,-0.34409177,0.18224007,0.9210806,0.77786964,-0.494071,0.3883461,0.5258515,0.8501073,0.02824676
1356510908915,-0.37606663,0.20322299,0.9040323,0.7641771,-0.48375267,0.4266343,0.5240299,0.85128367,0.026624888
1356510908955,-0.40189302,0.22074628,0.8886806,0.7564871,-0.4668033,0.4580633,0.51595473,0.85636777,0.020613283
1356510908995,-0.4218831,0.23376629,0.87599534,0.75498927,-0.4443869,0.4821943,0.5020017,0.86479676,0.010988325
1356510909035,-0.4350683,0.2414462,0.867421,0.75829715,-0.42119431,0.4975748,0.48549038,0.87424195,1.603961E-4
1356510909077,-0.4395131,0.24315017,0.8647001,0.7655781,-0.40210086,0.5022001,0.46980667,0.88271904,-0.009421885
1356510909115,-0.43301588,0.23777476,0.86945987,0.77713823,-0.39021367,0.4937504,0.45667648,0.8894922,-0.015815139
1356510909155,-0.41460693,0.22344363,0.8821417,0.79325366,-0.38628322,0.4706738,0.44592562,0.89490676,-0.017091691
1356510909195,-0.38576066,0.1975132,0.90120876,0.81277347,-0.3894642,0.43326294,0.43656373,0.89961445,-0.010293543
1356510909235,-0.35339898,0.15771255,0.92208236,0.831884,-0.39786106,0.38687932,0.4278764,0.9037883,0.009405136
1356510909286,-0.33599758,0.10484055,0.9360097,0.8432791,-0.40914744,0.34853804,0.41950685,0.90642536,0.04906267
1356510909317,-0.36058903,0.046091795,0.93158525,0.83743525,-0.42379063,0.34511408,0.41070396,0.9045867,0.114215314
1356510909357,-0.44480115,-0.0037953556,0.89562124,0.8012558,-0.44849217,0.39603502,0.4001761,0.8937786,0.20253092
1356510909387,-0.54875374,-0.03255564,0.83535,0.7403856,-0.4829359,0.46754906,0.38819915,0.8750503,0.28911662
1356510909415,-0.6472055,-0.039085686,0.76131296,0.66291374,-0.5219548,0.5367575,0.3763914,0.8520772,0.36372244
1356510909455,-0.71807086,-0.031817347,0.6952422,0.5910051,-0.55542487,0.5849924,0.36754197,0.8309578,0.4176387
1356510909496,-0.7549869,-0.018353403,0.65548307,0.54503024,-0.5733668,0.6117129,0.36460525,0.8190933,0.44288749
1356510909535,-0.7612474,-0.006145209,0.6484325,0.533142,-0.57515585,0.6204477,0.36913696,0.81802076,0.44111216
1356510909575,-0.7397063,9.979308E-4,0.6729291,0.55498505,-0.5646224,0.61089545,0.38056046,0.8253488,0.41710088
1356510909634,-0.6930346,0.0034922063,0.72089595,0.6020627,-0.54721344,0.58144486,0.39651448,0.8369858,0.37713522
1356510909655,-0.6255475,0.0044083297,0.78017366,0.6609143,-0.52839273,0.5329104,0.41458726,0.8489887,0.32762113
1356510909696,-0.5474839,0.008961111,0.83676815,0.7160305,-0.5124913,0.4739756,0.43308377,0.8586456,0.2741644
1356510909733,-0.4761656,0.023213,0.87904924,0.7550031,-0.50169754,0.42222026,0.45081776,0.86473167,0.22136515
1356510909777,-0.42690086,0.050504684,0.9028869,0.77425337,-0.4954372,0.39379385,0.46721226,0.86717427,0.1723992
1356510909815,-0.4111364,0.09213656,0.90690565,0.7737101,-0.49079514,0.40061557,0.48201624,0.86638963,0.13049674
1356510909855,-0.42860037,0.14471948,0.8918285,0.7553944,-0.4841236,0.44159222,0.49566227,0.8629488,0.09817535
1356510909896,-0.46906435,0.20227376,0.8596883,0.72186685,-0.47299647,0.5051561,0.5088093,0.85753113,0.07585105
1356510909935,-0.51629055,0.2578608,0.8166712,0.6792841,-0.45743537,0.57386935,0.52155274,0.8510351,0.06100884
1356510909975,-0.5595031,0.30718464,0.76980126,0.63536483,-0.43745154,0.63635504,0.5322292,0.84514725,0.04958111
1356510910015,-0.59777594,0.34849018,0.72195476,0.5947892,-0.41099817,0.6908736,0.5374847,0.8423985,0.03840655
1356510910055,-0.63363194,0.38063133,0.67352086,0.558435,-0.3774777,0.7386886,0.5354071,0.8441744,0.026624143
1356510910097,-0.6665189,0.40308183,0.62711835,0.52661693,-0.3408435,0.7787812,0.5276618,0.84932363,0.014908969
1356510910136,-0.6939091,0.41734684,0.5867807,0.50004464,-0.30706048,0.809734,0.51811713,0.8552984,0.0043800473
1356510910173,-0.7143544,0.42577678,0.5553485,0.47973818,-0.27979016,0.83160615,0.5094596,0.8604834,-0.004392028
1356510910216,-0.7293657,0.42989877,0.5321773,0.46506283,-0.25894344,0.8465606,0.50173914,0.86494815,-0.011065483
1356510910290,-0.742119,0.43002474,0.5141382,0.45296562,-0.24363041,0.85759336,0.4940461,0.8693233,-0.013983667
1356510910291,-0.7545052,0.4272168,0.4982045,0.4403915,-0.23326081,0.86697453,0.48659763,0.8735418,-0.0121462345
1356510910322,-0.77716905,0.42179924,0.46700507,0.40788716,-0.22747374,0.88424194,0.47920394,0.8776908,0.0047389865
1356510910357,-0.8087747,0.4171717,0.41454947,0.35015747,-0.22475684,0.9093262,0.47251797,0.8805976,0.03570187
1356510910395,-0.853255,0.41823152,0.3115095,0.23318574,-0.22831243,0.9452501,0.46645492,0.87917906,0.097283244
1356510910436,-0.88605833,0.43241405,0.16708869,0.06546269,-0.24011141,0.96853554,0.4589283,0.86911714,0.1844458
1356510910475,-0.88741267,0.46023118,0.026192069,-0.10407634,-0.25538266,0.961222,0.44907334,0.8502746,0.27452898
1356510910515,-0.8645302,0.49460077,-0.089205295,-0.2433028,-0.25657034,0.9354012,0.43976274,0.8303865,0.34215057
1356510910555,-0.8279546,0.5275828,-0.19012508,-0.35391825,-0.22859305,0.9069107,0.43500927,0.81816965,0.37598586
1356510910595,-0.7805594,0.552683,-0.2920075,-0.4471942,-0.16735035,0.87864166,0.43674278,0.8164161,0.3777836
1356510910635,-0.7210372,0.5633401,-0.40342712,-0.53193945,-0.076945364,0.8432793,0.4440112,0.8226345,0.3551432
1356510910675,-0.64931375,0.55310625,-0.521982,-0.6099672,0.031190991,0.79181266,0.45423764,0.8325267,0.31712383
1356510910715,-0.5741692,0.5208147,-0.6317293,-0.673618,0.13806862,0.7260688,0.4653693,0.84243053,0.2715553
1356510910755,-0.516466,0.47686982,-0.7112369,-0.711519,0.22315341,0.6662907,0.47644883,0.8501751,0.22405082
1356510910795,-0.5001844,0.4401971,-0.74568224,-0.71602154,0.274018,0.6420493,0.48695862,0.8550676,0.17813104
1356510910835,-0.5436173,0.4296179,-0.72104704,-0.6766422,0.28398418,0.6793441,0.49662435,0.857194,0.13631886
1356510910875,-0.64674956,0.45426542,-0.6126647,-0.57053715,0.2449441,0.78389406,0.50616455,0.856531,0.10075778
1356510910915,-0.76558346,0.4992239,-0.40578014,-0.38233584,0.15420395,0.9110656,0.5173986,0.852641,0.07281518
1356510910955,-0.8316786,0.53238916,-0.15771021,-0.16103542,0.040554345,0.9861151,0.5313928,0.84552777,0.05200523
1356510910996,-0.8378971,0.54457355,0.03698805,0.011360586,-0.050350845,0.998667,0.54570997,0.8372004,0.03600216
1356510911035,-0.8249813,0.5460984,0.1455417,0.108743176,-0.099329054,0.98909485,0.55459964,0.8318114,0.02256012
1356510911075,-0.8195573,0.5418728,0.18627895,0.14913084,-0.11217672,0.9824339,0.5532504,0.8329408,0.011125267
1356510911115,-0.82463014,0.5323118,0.19138755,0.15945186,-0.10587829,0.9815115,0.54273397,0.8399011,0.002432406
1356510911155,-0.8348362,0.51891994,0.1837677,0.15784821,-0.094156444,0.9829641,0.5273826,0.8496215,-0.003305316
1356510911195,-0.8450672,0.50468504,0.17650592,0.1550907,-0.08454466,0.98427594,0.51167196,0.85915375,-0.0068259835
1356510911235,-0.8535536,0.4914565,0.17296459,0.15443884,-0.078397036,0.98488706,0.4975891,0.8673664,-0.00898391
1356510911283,-0.86089706,0.47915697,0.17106967,0.1539752,-0.075098336,0.9852166,0.48492044,0.87451065,-0.009126365
1356510911315,-0.86822015,0.46702278,0.16758151,0.14926328,-0.07626438,0.985852,0.47319585,0.88095033,-0.0034951568
1356510911355,-0.8768055,0.45472503,0.1563245,0.13135909,-0.08621991,0.98757833,0.46255487,0.8864487,0.015865743
1356510911395,-0.887212,0.44410688,0.12499508,0.08450551,-0.109914005,0.9903422,0.4535565,0.88920635,0.059987664
1356510911435,-0.89502096,0.44147965,0.0635083,-0.0040193796,-0.15036517,0.98862237,0.4460061,0.88458246,0.13635439
1356510911475,-0.8930076,0.4500118,0.00517115,-0.102031216,-0.21363604,0.9715705,0.43832293,0.86709225,0.23669392
1356510911515,-0.8890316,0.45782048,-0.0048348606,-0.15720434,-0.29531968,0.9423763,0.43001133,0.8385623,0.3345198
1356510911555,-0.8904382,0.45461994,0.020986572,-0.1665868,-0.3685037,0.9145785,0.4235193,0.8108795,0.40386343
1356510911595,-0.8985289,0.43068963,0.08457093,-0.12022996,-0.42683017,0.8963039,0.42212623,0.795187,0.43530113
1356510911635,-0.8791587,0.2534045,0.403567,0.21053627,-0.553198,0.8060065,0.42749807,0.7935731,0.43299788
1356510911675,0.63826317,-0.59506536,0.48838243,0.632218,0.04321623,-0.77358437,0.4392272,0.80251455,0.40379435
1356510911715,0.77828515,-0.55844986,0.28706437,0.43352744,0.14718713,-0.88903874,0.45423138,0.8163759,0.3566569
1356510911755,0.80061525,-0.5436659,0.25187823,0.37237376,0.12212843,-0.92001224,0.46941772,0.83036864,0.30022478
1356510911795,0.8052757,-0.5356144,0.2542603,0.34329042,0.07156053,-0.93649924,0.48340744,0.8414252,0.24149725
1356510911835,0.80146503,-0.5297464,0.27752957,0.3341454,0.01179567,-0.9424478,0.49598464,0.8480741,0.18646613
1356510911875,0.7897097,-0.52402973,0.31898507,0.34403414,-0.052215993,-0.9375042,0.5079361,0.8500979,0.13904864
1356510911915,0.7662771,-0.5162187,0.38254112,0.3769998,-0.12087542,-0.91829205,0.52027935,0.84788406,0.10199028
1356510911955,0.7245163,-0.502241,0.47204885,0.4357941,-0.19680673,-0.8782657,0.53400344,0.8420339,0.07628399
1356510911995,0.65575874,-0.47456264,0.5871719,0.51821303,-0.2826567,-0.8071929,0.54903173,0.83360386,0.06056997
1356510912035,0.5587702,-0.42540988,0.7119005,0.60870886,-0.37262622,-0.7004452,0.563249,0.824728,0.050738275
1356510912075,0.45034802,-0.35720098,0.8182873,0.6850586,-0.4495272,-0.57325387,0.57260925,0.81873846,0.0422599
1356510912115,0.35297614,-0.28272933,0.8918923,0.7396689,-0.49943966,-0.45105407,0.57297266,0.8189163,0.03283584
1356510912155,0.27908486,-0.21632585,0.93558264,0.77749264,-0.5209036,-0.35237014,0.563575,0.82574975,0.022815406
1356510912195,0.23225081,-0.16779551,0.95807314,0.8035095,-0.52197844,-0.28620082,0.5481168,0.83629125,0.01359541
1356510912236,0.22398853,-0.14704701,0.96343464,0.81680036,-0.51095563,-0.26788366,0.53166384,0.8469366,0.005659789
1356510912286,0.271578,-0.16235337,0.94862354,0.81202817,-0.4904067,-0.3164039,0.5165806,0.85623753,-0.0013481379
1356510912315,0.38064724,-0.21470404,0.8994498,0.7759251,-0.45496553,-0.43697459,0.50303876,0.8642388,-0.00658717
1356510912355,0.51905656,-0.28632134,0.80535734,0.69996434,-0.39836004,-0.59275556,0.49054074,0.8713951,-0.006356623
1356510912395,0.63338137,-0.35085785,0.6897295,0.60782826,-0.3260629,-0.7240358,0.47892883,0.87782794,0.0067391414
1356510912435,0.6968546,-0.39856172,0.5962737,0.54331857,-0.24935427,-0.80164045,0.4681866,0.88259333,0.042782307
1356510912476,0.7108158,-0.4368798,0.55125034,0.53424525,-0.17443866,-0.8271355,0.45751822,0.88244385,0.109407246
1356510912526,0.6537323,-0.48072946,0.5844085,0.61296284,-0.116469204,-0.7814804,0.4437462,0.8690997,0.21852955
1356510912563,0.5728929,-0.5239505,0.6302932,0.69924814,-0.088754445,-0.70934796,0.4276046,0.8471118,0.31552464
1356510912606,0.5053722,-0.5547554,0.6609428,0.75699395,-0.082636595,-0.64817536,0.41419685,0.8278996,0.37818426
1356510912645,0.48587713,-0.5675289,0.66470623,0.77296144,-0.07598719,-0.6298861,0.4079877,0.81983954,0.40175754
1356510912685,0.510913,-0.56365424,0.6490469,0.75553423,-0.065713614,-0.65180516,0.41004387,0.82339287,0.39228606
1356510912725,0.5517784,-0.5477896,0.6288619,0.7212869,-0.06508833,-0.6895715,0.4186716,0.83408046,0.35919905
1356510912765,0.5843307,-0.52622086,0.6177777,0.6876586,-0.083152145,-0.7212569,0.43090987,0.84627277,0.31327188
1356510912805,0.601745,-0.502656,0.62067693,0.6631721,-0.1186187,-0.7390076,0.44509047,0.8563098,0.26196924
1356510912845,0.5994094,-0.4775917,0.6423508,0.65490085,-0.16879737,-0.73662233,0.46023175,0.86221445,0.21159643
1356510912885,0.5761779,-0.44893283,0.68299216,0.6644426,-0.22934484,-0.7112783,0.47595698,0.86363196,0.1661467
1356510912926,0.529315,-0.41284013,0.74120754,0.6911526,-0.29686955,-0.6589209,0.49207082,0.8610643,0.12819797
1356510912965,0.4548071,-0.3645621,0.8125546,0.731085,-0.3682031,-0.5744052,0.5085914,0.85529006,0.09906447
1356510913006,0.35157698,-0.30055225,0.8866013,0.7743298,-0.43889105,-0.45583755,0.5261245,0.8467838,0.078422606
1356510913045,0.22868735,-0.22116914,0.9480434,0.80718386,-0.50131935,-0.31166202,0.5442025,0.83651847,0.063878775
1356510913085,0.10930771,-0.1361708,0.98463666,0.8208712,-0.5462518,-0.1666717,0.56055534,0.82647836,0.052069217
1356510913125,0.010631561,-0.0564619,0.9983481,0.821164,-0.5692221,-0.040937245,0.57059324,0.8202428,0.040312752
1356510913165,-0.06390214,0.0105781555,0.99790007,0.81879973,-0.57109207,0.05848697,0.5705115,0.8208178,0.027832672
1356510913205,-0.11780399,0.061076373,0.99115694,0.8195816,-0.5576041,0.13177168,0.56072116,0.8278572,0.015630871
1356510913245,-0.14996022,0.091551125,0.98444414,0.824343,-0.53816,0.17561972,0.5458667,0.8378557,0.005233079
1356510913288,-0.15219647,0.09854314,0.9834254,0.83428645,-0.520673,0.18128905,0.5299078,0.84805,-0.0029685497
1356510913327,-0.10845846,0.075809896,0.99120617,0.8500731,-0.5098519,0.13201034,0.515376,0.85691535,-0.0091462135
1356510913365,-0.015452862,0.023604274,0.9996019,0.8647794,-0.5015185,0.025211364,0.50191396,0.8648248,-0.01266253
1356510913405,0.12776381,-0.05984652,0.9899974,0.8627801,-0.4856065,-0.1407013,0.4891696,0.8721266,-0.0104085505
1356510913445,0.2781505,-0.15633461,0.9477298,0.8335197,-0.45106572,-0.3190372,0.477365,0.8786918,0.0048438013
1356510913485,0.3806048,-0.24505514,0.891677,0.79807764,-0.40004516,-0.45059502,0.46713173,0.88312614,0.043313928
1356510913526,0.3998623,-0.3183338,0.8595195,0.7938729,-0.34842247,-0.4983651,0.45812225,0.88162667,0.11339551
1356510913565,0.33652562,-0.37972298,0.8617197,0.8280196,-0.3164972,-0.46283156,0.44847965,0.8692755,0.20790869
1356510913605,0.21701628,-0.42698908,0.87782925,0.87255216,-0.31833988,-0.3705569,0.43767184,0.84636873,0.3034853
1356510913645,0.104034126,-0.45611387,0.8838196,0.89756817,-0.33973688,-0.2809809,0.42842543,0.8225199,0.37404907
1356510913685,0.04557222,-0.470345,0.8813051,0.90437174,-0.35529524,-0.23638302,0.42430508,0.8078,0.40917516
1356510913725,0.046448827,-0.4735493,0.8795417,0.9028843,-0.35679704,-0.23978275,0.4273668,0.805262,0.41098744
1356510913765,0.082488716,-0.4651438,0.8813835,0.895717,-0.35311633,-0.2701848,0.43690568,0.81175745,0.3875091
1356510913805,0.13258374,-0.4453869,0.8854672,0.88275635,-0.35319263,-0.3098325,0.45073584,0.8227305,0.3463405
1356510913845,0.17951858,-0.41554615,0.89168066,0.8660637,-0.36314595,-0.34359658,0.46659046,0.8339343,0.294698
1356510913885,0.21446627,-0.37799686,0.9006234,0.8488131,-0.38407135,-0.3633256,0.4832396,0.8423821,0.23847836
1356510913925,0.23245293,-0.33476144,0.9131815,0.8344056,-0.4137745,-0.36408508,0.4997329,0.84659636,0.18314376
1356510913965,0.23260033,-0.28765655,0.9290591,0.824875,-0.44772553,-0.34514207,0.51524585,0.8466378,0.13313961
1356510914005,0.21416777,-0.23786381,0.9473927,0.8207977,-0.48198593,-0.30656284,0.5295502,0.8432736,0.09201222
1356510914045,0.17567575,-0.18589321,0.9667376,0.8210623,-0.5141216,-0.24806365,0.5431341,0.8373306,0.062311262
1356510914085,0.12073994,-0.13354814,0.98365986,0.8216246,-0.54265475,-0.17452526,0.55709517,0.8292713,0.04420626
1356510914125,0.057874143,-0.08224514,0.99493027,0.8188143,-0.56623733,-0.09443721,0.57113373,0.82012856,0.03457305
1356510914165,-0.0014112592,-0.033896923,0.99942434,0.8133515,-0.58147603,-0.018573105,0.5817709,0.8128571,0.02839075
1356510914205,-0.050058424,0.008624524,0.998709,0.8099947,-0.58465767,0.045648396,0.58429664,0.8112342,0.02228126
1356510914245,-0.087941706,0.042885453,0.99520206,0.81208444,-0.5754954,0.09655973,0.5768752,0.8166797,0.015783444
1356510914288,-0.11507362,0.06628567,0.9911429,0.8193276,-0.55782104,0.13243145,0.5616587,0.8273101,0.009880751
1356510914326,-0.12743098,0.076520264,0.9888913,0.8287065,-0.53961116,0.14854419,0.54498345,0.83842975,0.0053503513
1356510914365,-0.12244475,0.07387337,0.98972213,0.8396863,-0.5239097,0.14298776,0.529088,0.84856427,0.0021195412
1356510914405,-0.094879806,0.055817664,0.9939226,0.8520101,-0.5118223,0.11007622,0.514856,0.8572761,0.0010043681
1356510914445,-0.04933822,0.02233249,0.9985325,0.8634512,-0.50154656,0.05388099,0.50201374,0.8648424,0.0054623485
1356510914485,0.0019376278,-0.027069926,0.9996317,0.87133145,-0.49046654,-0.01497075,0.49069113,0.8710395,0.022636488
1356510914525,0.033132732,-0.08999324,0.99539113,0.87596315,-0.47693247,-0.07227686,0.48123875,0.8743206,0.06302869
1356510914565,0.017992258,-0.1606844,0.9868419,0.8811248,-0.4639265,-0.09160456,0.47254148,0.871179,0.13323587
1356510914605,-0.054959834,-0.22857577,0.9719735,0.88531035,-0.46131527,-0.05842644,0.46174115,0.8572871,0.22771436
1356510914645,-0.15669394,-0.2816669,0.94663125,0.88009536,-0.47477645,0.0044122934,0.44819552,0.8338171,0.32228833
1356510914685,-0.23754507,-0.31551144,0.9187082,0.86793697,-0.4936319,0.05488974,0.43618533,0.8104197,0.39110386
1356510914725,-0.2667408,-0.3361711,0.90323776,0.86216587,-0.5020762,0.06774661,0.43071967,0.79681146,0.4237594
1356510914765,-0.24145389,-0.3502937,0.904983,0.86812454,-0.4947216,0.04012695,0.43365842,0.7953268,0.42355114
1356510914805,-0.16936868,-0.3600228,0.9174409,0.8797736,-0.47479153,-0.023903102,0.44419885,0.8030919,0.39715344
1356510914845,-0.06934816,-0.36339688,0.92904985,0.88554883,-0.45123744,-0.11039999,0.45934105,0.8150629,0.3530981
1356510914885,0.03574127,-0.35868263,0.932775,0.87864554,-0.43341643,-0.20032996,0.476135,0.82673866,0.2996641
1356510914925,0.12783736,-0.3461024,0.9294465,0.86054075,-0.42719793,-0.27743775,0.49307948,0.8352935,0.24322328
1356510914965,0.19485027,-0.32688615,0.92475873,0.83835137,-0.43388575,-0.33001497,0.50911707,0.83957636,0.18950284
1356510915005,0.23428178,-0.30266294,0.9238545,0.81893563,-0.4506607,-0.35531572,0.52388585,0.83982146,0.1422799
1356510915045,0.24514812,-0.27375162,0.93003356,0.80689156,-0.47417194,-0.35225958,0.53742754,0.83679205,0.10464559
1356510915085,0.2293948,-0.2407335,0.9430935,0.8024992,-0.5015242,-0.3232159,0.5507931,0.83097583,0.07814136
1356510915125,0.1908611,-0.20340559,0.9603115,0.80273104,-0.5307196,-0.27195492,0.5649733,0.8227775,0.061986275
1356510915165,0.1396603,-0.16212508,0.9768369,0.80338645,-0.55813617,-0.20749527,0.57884824,0.8137564,0.05229961
1356510915205,0.08871043,-0.11920622,0.9888985,0.8035656,-0.578086,-0.14176992,0.58856833,0.8072213,0.04450786
1356510915245,0.045098662,-0.077555776,0.9959675,0.8064352,-0.58559304,-0.082116425,0.5896002,0.80688655,0.0361342
1356510915289,0.01098299,-0.04104224,0.99909705,0.8145324,-0.57919306,-0.032747,0.58001405,0.81415665,0.027068943
1356510915326,-0.014132917,-0.013560772,0.9998082,0.8244177,-0.56596786,0.003977239,0.5658053,0.8243158,0.01917851
1356510915365,-0.026699245,0.0023202598,0.9996409,0.83485484,-0.54996526,0.023574501,0.5498224,0.83518434,0.012746528
1356510915416,-0.020443916,0.0031532347,0.999786,0.8461441,-0.5326161,0.018982083,0.532562,0.846351,0.008220702
1356510915453,0.020988941,-0.020992458,0.99955934,0.85575557,-0.5165772,-0.02881834,0.5169545,0.85598326,0.00712198
1356510915496,0.074607134,-0.059032917,0.9954642,0.8613589,-0.49919438,-0.09415957,0.5024886,0.8644769,0.013604999
1356510915535,0.12622726,-0.110614896,0.985815,0.862889,-0.47800267,-0.16412246,0.4893765,0.87136555,0.035111323
1356510915575,0.14933008,-0.17183337,0.9737422,0.8653995,-0.45366478,-0.21277186,0.47831386,0.87444925,0.08095877
1356510915615,0.11746937,-0.23712084,0.9643519,0.87528527,-0.43400824,-0.21333668,0.4691232,0.8691436,0.15656571
1356510915655,0.031211436,-0.29873177,0.95382667,0.88736165,-0.43092215,-0.16399834,0.4600165,0.8515078,0.25163335
1356510915695,-0.06938821,-0.3474104,0.9351424,0.89010966,-0.44481802,-0.099205524,0.45043314,0.8254956,0.34009844
1356510915735,-0.13384157,-0.3806743,0.9149718,0.8863278,-0.45898193,-0.061308026,0.4432939,0.8027594,0.39883304
1356510915775,-0.14150876,-0.40195915,0.9046569,0.8857893,-0.45943093,-0.065577894,0.44198704,0.7920556,0.42106467
1356510915815,-0.09590459,-0.41330338,0.90552884,0.88896596,-0.4448409,-0.10888478,0.44781882,0.79454184,0.41007507
1356510915855,-0.019637764,-0.41292414,0.9105537,0.8884747,-0.42486197,-0.17350775,0.45850515,0.80559665,0.375216
1356510915895,0.06758201,-0.40066665,0.913728,0.87968403,-0.40816522,-0.24404317,0.47073197,0.8202849,0.3248755
1356510915935,0.14646238,-0.37789083,0.91419214,0.86378646,-0.40153903,-0.30436724,0.48210138,0.83424515,0.26760662
1356510915975,0.20533943,-0.34760976,0.9148787,0.8458252,-0.40724486,-0.34457412,0.49235702,0.8445822,0.2103937
1356510916015,0.2387647,-0.31251514,0.9194159,0.83096397,-0.42416847,-0.35997194,0.502484,0.84995013,0.15841243
1356510916056,0.24483979,-0.27407125,0.9300207,0.82250106,-0.44917566,-0.34890312,0.51336694,0.8503683,0.1154478
1356510916095,0.22636199,-0.23357838,0.9456222,0.81982917,-0.47853845,-0.31445372,0.52596617,0.8464291,0.08317142
1356510916135,0.18731791,-0.19129491,0.96349275,0.819962,-0.5096556,-0.2606019,0.5409013,0.83884287,0.061386995
1356510916175,0.13654822,-0.14810863,0.9794991,0.81876004,-0.5397341,-0.19575265,0.55766165,0.8287045,0.04756564
1356510916215,0.085921586,-0.10594705,0.9906526,0.8146162,-0.56499463,-0.13107789,0.5736007,0.8182642,0.037760988
1356510916295,0.045571387,-0.0664736,0.9967469,0.8114949,-0.57942975,-0.07574409,0.58257985,0.8123068,0.027537614
1356510916297,0.011666298,-0.030369759,0.9994706,0.81241125,-0.5824509,-0.02718106,0.5829681,0.8122983,0.017877728
1356510916333,-0.010134399,-0.00261724,0.9999452,0.8197634,-0.57266176,0.0068093836,0.5726126,0.8197875,0.007949159
1356510916375,-0.020182312,0.0150898695,0.9996824,0.831138,-0.55549645,0.025164664,0.5556998,0.831382,-0.0013305694
1356510916415,-0.015544713,0.020833641,0.9996621,0.8428676,-0.53757167,0.024309933,0.53789645,0.8429607,-0.009203643
1356510916455,0.0075376034,0.013445646,0.99988127,0.85299623,-0.5219169,5.880296E-4,0.52186275,0.8528904,-0.015403122
1356510916495,0.04979074,-0.0076164305,0.99873066,0.8600979,-0.50798213,-0.046753287,0.5076934,0.86133397,-0.01874195
1356510916535,0.10551262,-0.042649984,0.9935029,0.8625076,-0.49331713,-0.11277813,0.49492198,0.8688033,-0.015265241
1356510916575,0.15847713,-0.09038317,0.9832171,0.8608063,-0.47511548,-0.18242213,0.48362958,0.8752692,0.0025074482
1356510916615,0.18144923,-0.14823765,0.97216344,0.86140174,-0.45294535,-0.22984228,0.47440827,0.879128,0.045505613
1356510916655,0.15183455,-0.21436962,0.96487916,0.8709489,-0.43253708,-0.23315138,0.4673266,0.875761,0.12103097
1356510916695,0.067688465,-0.2826688,0.9568263,0.88489306,-0.42597383,-0.18844226,0.46084976,0.8594444,0.22129814
1356510916735,-0.037990153,-0.34085235,0.93934894,0.89021444,-0.4385823,-0.12314099,0.45395473,0.83154386,0.32009354
1356510916775,-0.1180315,-0.37984246,0.91749024,0.88589555,-0.45769626,-0.07552004,0.44861758,0.8038868,0.39052325
1356510916815,-0.15085381,-0.40026033,0.9038998,0.8812028,-0.4688452,-0.060545802,0.4480231,0.78738546,0.4234376
1356510916855,-0.14040148,-0.40554857,0.9032263,0.88014114,-0.46894908,-0.07374513,0.45347434,0.7846127,0.42278114
1356510916895,-0.096787095,-0.3981925,0.91218144,0.8803873,-0.4617579,-0.10815656,0.4642741,0.7926048,0.3952558
1356510916935,-0.03447157,-0.3801033,0.92430145,0.8777645,-0.45371825,-0.1538479,0.4778505,0.8060156,0.34928155
1356510916975,0.032753944,-0.35404062,0.9346563,0.8700597,-0.4501106,-0.20098865,0.49185687,0.81979,0.29329363
1356510917015,0.095118284,-0.3230599,0.94158626,0.8575927,-0.45368356,-0.24229291,0.5054574,0.8305441,0.23390025
1356510917055,0.14532739,-0.2899293,0.94594973,0.842746,-0.46461165,-0.2718734,0.51832336,0.836706,0.17681602
1356510917095,0.18069059,-0.25668767,0.9494537,0.8282831,-0.48084956,-0.28762975,0.53037536,0.83838844,0.12572506
1356510917135,0.19891363,-0.22456026,0.9539424,0.81670856,-0.5000384,-0.2880082,0.54168296,0.8363817,0.08393582
1356510917175,0.19917816,-0.19452214,0.96046305,0.80906,-0.52038276,-0.2731735,0.5529467,0.83148235,0.053731173
1356510917216,0.18418807,-0.16713092,0.9685774,0.8040713,-0.5411254,-0.2462779,0.56528234,0.82416666,0.03471628
1356510917291,0.16132522,-0.14122543,0.97674435,0.8000684,-0.5607384,-0.21322027,0.5778102,0.81586015,0.022528812
1356510917296,0.14013398,-0.11617041,0.9832939,0.7973273,-0.5755688,-0.18163106,0.5870534,0.8094597,0.011969075
1356510917322,0.123657644,-0.09280142,0.9879761,0.7973833,-0.5833352,-0.15459573,0.59066796,0.80691254,0.0018644631
1356510917354,0.11430091,-0.072648495,0.9907863,0.8011931,-0.58293927,-0.13517225,0.5873883,0.80926144,-0.008425042
1356510917395,0.11319339,-0.05565393,0.9920131,0.81013435,-0.5728548,-0.124578506,0.5752127,0.81776524,-0.019756258
1356510917435,0.119864225,-0.04502526,0.9917688,0.8189994,-0.5601439,-0.1244134,0.561135,0.8271707,-0.03026551
1356510917475,0.13517189,-0.042149574,0.98992527,0.8242098,-0.5497233,-0.13595027,0.5499152,0.83428276,-0.03956707
1356510917515,0.16062027,-0.04792425,0.9858522,0.8246603,-0.54231375,-0.16072103,0.54234356,0.8388082,-0.047585383
1356510917555,0.19478011,-0.06273845,0.9788384,0.8207998,-0.53591937,-0.19768152,0.5369807,0.8419348,-0.052890703
1356510917595,0.23136175,-0.087355584,0.96893793,0.8140459,-0.527992,-0.2419785,0.5327297,0.84474456,-0.051045656
1356510917635,0.2577055,-0.12384629,0.9582536,0.80797005,-0.5162577,-0.2840114,0.52987957,0.84743154,-0.0329784
1356510917675,0.2573508,-0.17480913,0.95037484,0.8085991,-0.4995433,-0.31084406,0.52909184,0.8484682,0.01279261
1356510917715,0.21417308,-0.24041495,0.94674736,0.82089317,-0.48100358,-0.30784735,0.52939993,0.84311104,0.09433693
1356510917755,0.12921363,-0.31106088,0.94156516,0.8396896,-0.47075784,-0.2707552,0.5274706,0.8256078,0.20036629
1356510917795,0.028882504,-0.36815298,0.9293166,0.8526497,-0.47614068,-0.21512502,0.5216842,0.7985948,0.3001533
1356510917835,-0.051881492,-0.39920178,0.915394,0.855636,-0.49044287,-0.16538668,0.5149712,0.77466357,0.36701638
1356510917875,-0.0961566,-0.4052199,0.9091484,0.8539076,-0.50291914,-0.13384396,0.5114643,0.7634587,0.39437932
1356510917915,-0.10200989,-0.39282137,0.9139394,0.85202664,-0.50871015,-0.12354988,0.5134633,0.7660974,0.38658777
1356510917955,-0.079205155,-0.36851555,0.9262413,0.8506946,-0.5093552,-0.12990773,0.5196588,0.77765906,0.35383773
1356510917995,-0.03643024,-0.33752516,0.9406113,0.84904015,-0.5068815,-0.14900365,0.52707094,0.79318845,0.3050382
1356510918035,0.015998483,-0.3038019,0.9526009,0.84567046,-0.5041987,-0.17500079,0.5334657,0.80838615,0.24884984
1356510918075,0.06986809,-0.27018794,0.9602692,0.8396237,-0.50386447,-0.20286083,0.5386561,0.82043827,0.19165224
1356510918115,0.11632198,-0.23868424,0.9641053,0.8313922,-0.50765663,-0.22599068,0.54337484,0.82783735,0.13938856
1356510918155,0.14910614,-0.21046823,0.9661628,0.82251364,-0.5159391,-0.23932889,0.5488522,0.83036745,0.0961832
1356510918213,0.16402292,-0.18583503,0.9687941,0.8145448,-0.52845424,-0.23927614,0.55642915,0.82837284,0.06469229
1356510918235,0.16072607,-0.16452745,0.9731895,0.8078306,-0.54457957,-0.22548306,0.5670773,0.8224133,0.04538223
1356510918289,0.14385825,-0.14575464,0.97880554,0.8013597,-0.5631727,-0.20164087,0.5806267,0.8133831,0.035784885
1356510918302,0.123787224,-0.12805057,0.98401207,0.7954685,-0.5800116,-0.17554629,0.5932172,0.804481,0.030062124
1356510918332,0.10648435,-0.11273408,0.9879029,0.7903959,-0.5932109,-0.1528894,0.60327053,0.79711473,0.025936857
1356510918375,0.09525126,-0.09925562,0.9904925,0.7888824,-0.59932476,-0.13592064,0.6071176,0.79432875,0.02121459
1356510918415,0.091507494,-0.08849454,0.9918645,0.79217255,-0.5970737,-0.12635547,0.6033979,0.79729027,0.0154661685
1356510918455,0.09681189,-0.08282876,0.99185026,0.7986479,-0.5882288,-0.12707654,0.5939605,0.8044416,0.009203434
1356510918495,0.11328447,-0.08501208,0.98991895,0.80474514,-0.5764845,-0.1416007,0.58271074,0.8126737,0.0031063855
1356510918536,0.14266342,-0.09631556,0.9850738,0.80790204,-0.5636234,-0.17211273,0.57178783,0.8203974,-0.0025948733
1356510918575,0.18526179,-0.117615014,0.9756253,0.80651426,-0.5490233,-0.21933588,0.5614382,0.8274902,-0.006854832
1356510918615,0.23595417,-0.14850181,0.9603504,0.80042285,-0.53069437,-0.27872345,0.5510435,0.8344523,-0.0063552856
1356510918656,0.28235084,-0.1882596,0.9406574,0.79268086,-0.50649,-0.33930066,0.54031014,0.84144294,0.0062219203
1356510918695,0.3089515,-0.23637572,0.92123586,0.79017746,-0.47527927,-0.38694862,0.5293096,0.84748816,0.039940506
1356510918735,0.29733616,-0.29211283,0.90898913,0.8029182,-0.43866068,-0.40360773,0.5166368,0.84985113,0.10411301
1356510918775,0.24258041,-0.3527937,0.90370977,0.83158576,-0.40412414,-0.38098395,0.49961972,0.84393144,0.19534564
1356510918815,0.1625706,-0.40869406,0.89807576,0.8627341,-0.38280523,-0.330379,0.47881192,0.8285104,0.2903613
1356510918855,0.090311944,-0.44962683,0.8886391,0.88331044,-0.37597853,-0.2800051,0.46000707,0.8102319,0.36320472
1356510918895,0.05374694,-0.47207296,0.8799196,0.8915341,-0.37420756,-0.25521705,0.44975358,0.79819536,0.40075654
1356510918935,0.058534324,-0.4782994,0.87624395,0.8908495,-0.37108874,-0.26206946,0.45051193,0.7959415,0.40437132
1356510918975,0.09463954,-0.47194058,0.8765361,0.8826054,-0.36750686,-0.29316622,0.46049005,0.8013806,0.38175663
1356510919015,0.14910692,-0.45605603,0.8773711,0.8666655,-0.36692792,-0.338016,0.47608617,0.8107877,0.34053656
1356510919055,0.20734096,-0.43386564,0.87679553,0.84484696,-0.37244362,-0.3840826,0.49319708,0.82039416,0.2893272
1356510919095,0.2601524,-0.4080932,0.875089,0.8201593,-0.38489336,-0.42331553,0.50956804,0.8278389,0.23457038
1356510919135,0.3019709,-0.38035426,0.87415344,0.79604745,-0.40391207,-0.45073646,0.5245207,0.83197695,0.18081039
1356510919175,0.32803434,-0.3512909,0.8769197,0.7764889,-0.42841578,-0.46208745,0.5380134,0.83249897,0.13223845
1356510919216,0.33487833,-0.32077494,0.8859796,0.7646258,-0.45696437,-0.45445663,0.55063945,0.82963055,0.09224543
1356510919256,0.31994224,-0.2876457,0.90271634,0.762025,-0.4880467,-0.4255916,0.5629874,0.8240572,0.063046515
1356510919296,0.28389788,-0.2514811,0.92528874,0.76649714,-0.52026117,-0.37657732,0.57609385,0.8161407,0.04505849
1356510919334,0.231368,-0.20888987,0.9501757,0.7747108,-0.55121076,-0.30982238,0.58846575,0.8077944,0.03429669
1356510919375,0.17635357,-0.16374919,0.970611,0.7818035,-0.575821,-0.23919377,0.59806585,0.80100965,0.026471555
1356510919415,0.12646556,-0.11759281,0.9849763,0.7893181,-0.58948195,-0.17172024,0.6008189,0.79917634,0.018269047
1356510919455,0.08612466,-0.075113565,0.99344885,0.79955804,-0.5896893,-0.113901556,0.5943817,0.8041297,0.009270817
1356510919495,0.05608052,-0.041158795,0.99757755,0.8120958,-0.57936364,-0.06955716,0.58082306,0.81402934,9.338707E-4
1356510919535,0.038481116,-0.01946956,0.9990696,0.82426405,-0.56458926,-0.042750657,0.56489635,0.82514226,-0.0056779236
1356510919575,0.038062155,-0.0123286545,0.99919933,0.8341681,-0.55016035,-0.038563818,0.5501953,0.834968,-0.010656133
1356510919615,0.05884272,-0.021077693,0.9980447,0.8411763,-0.5373161,-0.060941637,0.53755,0.84311754,-0.013887107
1356510919655,0.099479675,-0.046310753,0.99396133,0.84446776,-0.5244082,-0.10895103,0.5262871,0.8502067,-0.0130600035
1356510919695,0.15051949,-0.08770132,0.9847092,0.843195,-0.50860715,-0.17418623,0.51610655,0.8565204,-0.00260593
1356510919735,0.18892854,-0.14180452,0.9716982,0.84082174,-0.48780042,-0.23466906,0.50727195,0.86136067,0.027072892
1356510919775,0.18752104,-0.20419982,0.9608009,0.8460194,-0.4634229,-0.26361066,0.4990863,0.86228865,0.085855424
1356510919815,0.12562603,-0.26734772,0.955376,0.86353207,-0.44461626,-0.2379683,0.48839593,0.85489273,0.17500791
1356510919855,0.010987282,-0.31990814,0.94738483,0.881307,-0.444516,-0.16032284,0.47241637,0.8366984,0.2770533
1356510919895,-0.107932925,-0.35297948,0.92938477,0.8843474,-0.46117306,-0.07245055,0.45418078,0.81407917,0.36193228
1356510919935,-0.18163937,-0.37010178,0.9110608,0.87940705,-0.4757328,-0.017929167,0.44005716,0.7979367,0.41188198
1356510919975,-0.19249445,-0.3804006,0.9045669,0.8800054,-0.47480166,-0.012402266,0.43420777,0.7936363,0.42615134
1356510920015,-0.14464933,-0.38863605,0.90996623,0.8875373,-0.45752257,-0.054318577,0.4374403,0.7997718,0.41110945
1356510920055,-0.056494355,-0.39306602,0.9177731,0.89227617,-0.43230236,-0.13022265,0.4479415,0.81155026,0.37514603
1356510920095,0.04393524,-0.39024597,0.91966176,0.8854937,-0.4110186,-0.21671307,0.4625695,0.823876,0.3275022
1356510920135,0.13569319,-0.3795806,0.9151535,0.86695457,-0.40161133,-0.2951239,0.4795593,0.8334428,0.2745832
1356510920175,0.20428783,-0.3618756,0.9095673,0.84279937,-0.40762675,-0.35146806,0.49795157,0.8383833,0.22171527
1356510920215,0.24527645,-0.3385058,0.9084345,0.8200615,-0.42732465,-0.38064784,0.517048,0.83833617,0.1727829
1356510920255,0.25896907,-0.3099654,0.91479856,0.803426,-0.456585,-0.38214755,0.53613585,0.8339374,0.13079292
1356510920295,0.24648225,-0.2757518,0.9290896,0.7945317,-0.49144983,-0.35664606,0.5549467,0.8260981,0.09795988
1356510920335,0.21067446,-0.2347875,0.9489421,0.7919514,-0.52809274,-0.30648184,0.5730875,0.8160839,0.07468458
1356510920375,0.15998071,-0.18858898,0.9689379,0.79087067,-0.5629001,-0.24014014,0.5907029,0.80472225,0.059096225
1356510920415,0.10403335,-0.13785163,0.98497415,0.78895295,-0.59157133,-0.16612267,0.6055827,0.79438055,0.04721524
1356510920455,0.05335605,-0.08634013,0.9948359,0.7877823,-0.60857296,-0.09506816,0.61363846,0.7887866,0.035546184
1356510920495,0.011574566,-0.037951887,0.9992125,0.79101604,-0.6109386,-0.032367438,0.6116859,0.7907678,0.022949219
1356510920535,-0.021645606,0.0030564666,0.99976104,0.79880565,-0.60128474,0.019133002,0.60119957,0.7990289,0.0105737
1356510920576,-0.043794036,0.032254994,0.9985198,0.8089497,-0.58535653,0.054388374,0.58624434,0.8101342,-4.5756996E-4
1356510920615,-0.048498154,0.04557261,0.99778306,0.8195207,-0.5692553,0.06583369,0.57099354,0.82089674,-0.009739831
1356510920655,-0.029162824,0.04020357,0.9987658,0.8301185,-0.5556359,0.046604693,0.55682385,0.8304531,-0.017169774
1356510920695,0.01748681,0.013826907,0.99975145,0.83923525,-0.54372144,-0.0071593523,0.5434873,0.83915186,-0.02111198
1356510920735,0.08499384,-0.03336954,0.99582255,0.84327704,-0.52993584,-0.08973193,0.5307164,0.84738094,-0.016901478
1356510920775,0.15081048,-0.09651822,0.98383963,0.84140813,-0.50989366,-0.17899996,0.5189303,0.85480577,0.0043138415
1356510920815,0.18208289,-0.16683602,0.9690261,0.8415686,-0.4832403,-0.24133217,0.5085354,0.8594444,0.052414134
1356510920855,0.14152116,-0.23229596,0.9622943,0.8554418,-0.46050364,-0.23697141,0.4981876,0.8567233,0.13354479
1356510920895,0.027060509,-0.28266415,0.95883715,0.8739748,-0.45889527,-0.1599473,0.48521718,0.84232783,0.23462339
1356510920935,-0.12011474,-0.3099894,0.94312197,0.87443453,-0.4828292,-0.04733157,0.47003907,0.8190132,0.32906026
1356510920975,-0.22678137,-0.3230751,0.9187995,0.8598881,-0.509407,0.033119142,0.45734298,0.7975756,0.39333254
1356510921015,-0.25471067,-0.33934352,0.9055211,0.85505056,-0.5164112,0.046989232,0.4516757,0.786235,0.4216913
1356510921056,-0.19800627,-0.36861646,0.9082485,0.86821663,-0.4960391,-0.0120405555,0.45496517,0.7861724,0.4182579
1356510921095,-0.07312262,-0.40572265,0.91106653,0.881886,-0.45292127,-0.13091758,0.4657576,0.7938838,0.39091992
1356510921153,0.08382219,-0.43729633,0.89540255,0.872909,-0.40117812,-0.27764368,0.4806285,0.80487764,0.34809226
1356510921175,0.23115605,-0.45449567,0.8602329,0.8366225,-0.35846633,-0.41420376,0.49661833,0.8154359,0.29737958
1356510921216,0.34442967,-0.4579026,0.8195691,0.7866481,-0.33570564,-0.518157,0.5123993,0.82318103,0.24458116
1356510921253,0.4179582,-0.4518757,0.7881112,0.73970616,-0.33434826,-0.58399135,0.5273951,0.8270547,0.19451168
1356510921298,0.45813668,-0.4399466,0.7723716,0.7040687,-0.35079628,-0.6174377,0.5425846,0.8266735,0.14903992
1356510921335,0.46633738,-0.42107725,0.777961,0.6875011,-0.38089323,-0.61827385,0.5566611,0.8231733,0.111866325
