1356510548224,-0.338163,-0.2676735,0.90221775,0.7772453,0.46108958,0.42811945,-0.5305995,0.84601855,0.05212444
1356510548225,0.118800625,0.013336092,0.9928286,0.839257,0.5329855,-0.10758376,-0.53059804,0.8460193,0.052126586
1356510548247,0.11880906,0.013330787,0.9928277,0.8392618,0.532977,-0.10758859,-0.53058857,0.84602475,0.052134454
1356510548283,0.11889821,0.013347626,0.9928167,0.8392838,0.5329245,-0.10767609,-0.53053355,0.84605753,0.052161336
1356510548317,0.11966868,0.013743997,0.99271876,0.83923525,0.53282493,-0.108543664,-0.5304372,0.8461138,0.052227974
1356510548357,0.12116881,0.0143277645,0.99252844,0.8391355,0.53265613,-0.11013162,-0.53025436,0.8462104,0.052518368
1356510548396,0.1253499,0.016127259,0.99198145,0.8386556,0.5324624,-0.11463171,-0.5300415,0.84629995,0.0532189
1356510548438,0.124322414,0.014030397,0.9921427,0.8389189,0.5324702,-0.11265236,-0.52986705,0.8463325,0.054427624
1356510548475,0.14775169,0.027198225,0.98865044,0.83517444,0.5320122,-0.13945091,-0.5297669,0.8462997,0.05589044
1356510548515,0.16971324,0.03949088,0.984702,0.8309998,0.5313832,-0.1645335,-0.52975166,0.8462106,0.057365835
1356510548557,0.19323799,0.05323139,0.9797069,0.8258078,0.53037035,-0.19170004,-0.52981186,0.84609324,0.05852878
1356510548596,0.21797264,0.06848085,0.9735493,0.81955504,0.5287961,-0.22069037,-0.52992207,0.8459817,0.05913925
1356510548640,0.24196,0.083906084,0.9666515,0.81272113,0.526697,-0.2491478,-0.53003746,0.84590197,0.059247375
1356510548675,0.26270205,0.097253025,0.95996326,0.8062161,0.5244713,-0.2737615,-0.5300973,0.8458556,0.059372723
1356510548715,0.26197892,0.095718324,0.96031505,0.80647427,0.52482396,-0.2723216,-0.5300625,0.84581196,0.060298443
1356510548755,0.27965146,0.104596496,0.954387,0.8005934,0.5232812,-0.29193655,-0.5299483,0.8457165,0.062597096
1356510548797,0.28794777,0.10568738,0.95179635,0.797732,0.5234015,-0.299457,-0.5298205,0.84550637,0.06640208
1356510548837,0.28772858,0.09968206,0.9525102,0.7978554,0.5251918,-0.29597366,-0.52975374,0.84512544,0.07158083
1356510548876,0.28103197,0.08898905,0.9555638,0.80021286,0.5279342,-0.2845083,-0.5297929,0.8446103,0.077156186
1356510548920,0.27098274,0.07665789,0.9595269,0.8035426,0.5308255,-0.2693391,-0.5299883,0.844007,0.08224666
1356510548957,0.25943393,0.06481719,0.96358335,0.80711156,0.5333567,-0.2531829,-0.53034425,0.84340346,0.08605611
1356510548998,0.24768169,0.054397047,0.9673131,0.81053674,0.5353096,-0.23764214,-0.530739,0.8429024,0.08849561
1356510549038,0.23688273,0.045756638,0.9704602,0.8135779,0.53662294,-0.2238903,-0.53101563,0.8425807,0.08989012
1356510549076,0.22756973,0.03883168,0.9729872,0.8162217,0.5372994,-0.21234769,-0.53103125,0.84249717,0.09057778
1356510549118,0.22053313,0.034118354,0.9747826,0.81834894,0.5373174,-0.20394853,-0.5307261,0.84268975,0.090575576
1356510549158,0.2164276,0.032185167,0.975768,0.81983554,0.53670454,-0.19954434,-0.5301215,0.8431562,0.08977109
1356510549197,0.2153358,0.032845914,0.9759875,0.82065934,0.53561276,-0.19909069,-0.52929074,0.8438246,0.08838129
1356510549267,0.2167941,0.035203815,0.9755824,0.8209255,0.5342256,-0.20170373,-0.52828187,0.8446086,0.08691722
1356510549301,0.22013868,0.038363785,0.97471386,0.82094705,0.5324088,-0.20636562,-0.52686316,0.84561765,0.085709155
1356510549323,0.22560726,0.042546272,0.9732889,0.8203945,0.53050137,-0.21335682,-0.5254086,0.8466157,0.084780216
1356510549367,0.23041184,0.046325147,0.97198987,0.8200216,0.5285358,-0.21957752,-0.52390337,0.847646,0.08379328
1356510549407,0.23343076,0.049359024,0.9711199,0.8200983,0.5266022,-0.22389483,-0.5224451,0.84867764,0.08244592
1356510549446,0.23366512,0.051246524,0.9709657,0.82084477,0.52486265,-0.22523987,-0.5211664,0.8496429,0.08057666
1356510549486,0.23022051,0.05141011,0.9717796,0.82239616,0.5235884,-0.22253013,-0.52025294,0.8504188,0.078261316
1356510549556,0.21079604,0.043700695,0.9765527,0.8274414,0.5239411,-0.20205566,-0.5204861,0.85063267,0.07428491
1356510549598,0.19948378,0.040351957,0.97906995,0.8297398,0.5245701,-0.190678,-0.52128506,0.85041046,0.07116157
1356510549636,0.18459612,0.033932,0.9822285,0.8321773,0.52631116,-0.17457798,-0.5228815,0.84961474,0.06891757
1356510549678,0.16785017,0.025528163,0.985482,0.8341588,0.52906656,-0.15578145,-0.5253624,0.8481963,0.06750935
1356510549717,0.15099923,0.016268462,0.9884001,0.83521247,0.53275204,-0.13636538,-0.5287906,0.8461151,0.06685752
1356510549755,0.13542137,0.0070693195,0.9907629,0.8351035,0.53729236,-0.11797896,-0.53316337,0.8433665,0.06685728
1356510549796,0.122079805,-0.0012502074,0.99251956,0.83378404,0.5426107,-0.10187191,-0.53842443,0.8399834,0.06728423
1356510549835,0.11155228,-0.0076780915,0.993729,0.8313707,0.5485309,-0.08908835,-0.544407,0.8360951,0.06757319
1356510549878,0.112953246,-0.00495255,0.993588,0.8269785,0.5547797,-0.09124744,-0.5507705,0.83198255,0.066759825
1356510549916,0.10457519,-0.006101817,0.99449825,0.82378054,0.5607729,-0.08318296,-0.55718005,0.82794726,0.0636695
1356510549956,0.101364344,-2.82377E-4,0.9948493,0.8201742,0.56600153,-0.08340618,-0.56306267,0.8244041,0.057603955
1356510549997,0.10256077,0.012582988,0.9946472,0.8168651,0.56953603,-0.09143421,-0.567638,0.8218701,0.048133433
1356510550036,0.10779531,0.03258854,0.9936389,0.81465304,0.569979,-0.1070717,-0.5698427,0.82101274,0.03489268
1356510550076,0.11706555,0.06032142,0.99129057,0.81392777,0.5661038,-0.13056824,-0.5690495,0.822124,0.017174006
1356510550118,0.12992541,0.095810115,0.98688394,0.8142889,0.5575881,-0.16133553,-0.5657323,0.8245702,-0.0055722594
1356510550158,0.14410476,0.13637146,0.9801207,0.81514084,0.54520136,-0.19570613,-0.5610519,0.82713866,-0.032595873
1356510550196,0.15598744,0.17772314,0.97163904,0.8166361,0.5301754,-0.22807792,-0.55567384,0.8290528,-0.062434435
1356510550267,0.16147736,0.21574178,0.963006,0.8195337,0.5143298,-0.25264493,-0.54980874,0.8300123,-0.09375507
1356510550278,0.15733847,0.24858683,0.9557454,0.82434875,0.4998444,-0.26571566,-0.5437774,0.8296748,-0.12627745
1356510550315,0.13827193,0.27211007,0.95227987,0.83139277,0.49062282,-0.26091242,-0.5382071,0.8277955,-0.15839094
1356510550356,0.10739523,0.2899392,0.95100033,0.8390511,0.48670065,-0.24313733,-0.5333475,0.8240496,-0.19100446
1356510550397,0.0650245,0.30377886,0.95052105,0.84585047,0.4886034,-0.21401778,-0.5294419,0.8179151,-0.22518033
1356510550436,0.014661968,0.31682822,0.9483696,0.84985816,0.49576688,-0.17876315,-0.5268074,0.8086007,-0.26199013
1356510550476,-0.0378905,0.33317256,0.9421042,0.8497647,0.5068123,-0.1450561,-0.5257987,0.79507065,-0.30232167
1356510550518,-0.08641523,0.35644352,0.93031204,0.845541,0.52008253,-0.12072557,-0.52687097,0.7761844,-0.34633064
1356510550558,-0.12653404,0.387506,0.9131419,0.8382964,0.5339175,-0.11041352,-0.53032833,0.7515125,-0.39240372
1356510550598,-0.15650955,0.42353144,0.8922589,0.8296895,0.5464881,-0.11386895,-0.535836,0.7224762,-0.43693018
1356510550638,-0.17789933,0.457659,0.8711487,0.82095754,0.55713,-0.12503925,-0.54256845,0.69293165,-0.4748317
1356510550678,-0.19536534,0.47988766,0.85530126,0.8120592,0.56815016,-0.13328639,-0.54990196,0.6685157,-0.50069404
1356510550718,-0.2143561,0.48084766,0.85019827,0.80197066,0.5835262,-0.1278289,-0.55757916,0.65443313,-0.5107081
1356510550756,-0.23805037,0.4554354,0.85785234,0.7894374,0.60525244,-0.102264166,-0.56579196,0.65287673,-0.50361836
1356510550798,-0.2668397,0.4019187,0.87593263,0.7732312,0.6317915,-0.05434209,-0.5752478,0.6627978,-0.47936314
1356510550838,-0.2976332,0.3233798,0.8982427,0.75389415,0.6568607,0.013324261,-0.5857116,0.68114567,-0.43929774
1356510550878,-0.32487607,0.22888967,0.91764104,0.7347878,0.6719558,0.0925321,-0.59543455,0.70433295,-0.38648772
1356510550916,-0.34360456,0.12986627,0.93009174,0.72012544,0.6721389,0.17218754,-0.6027895,0.72894716,-0.32447004
1356510550957,-0.35087806,0.037050635,0.9356879,0.7126883,0.65871996,0.24117088,-0.6074208,0.7514754,-0.25753593
1356510550996,-0.34621072,-0.042052507,0.93721384,0.7126854,0.63787127,0.29189005,-0.6100965,0.7689941,-0.19086766
1356510551036,-0.33062345,-0.10349277,0.9380711,0.7183988,0.6169995,0.32127047,-0.61203855,0.7801287,-0.1296454
1356510551077,-0.305792,-0.1461348,0.9408166,0.72728646,0.6018616,0.3298744,-0.6144474,0.7851161,-0.077762604
1356510551116,-0.27269977,-0.1689161,0.94715476,0.7370364,0.59609383,0.3185113,-0.61839485,0.78494555,-0.038057327
1356510551158,-0.2314479,-0.17066279,0.95776093,0.7457781,0.60105,0.28732187,-0.62469745,0.78077716,-0.0118352175
1356510551197,-0.18132639,-0.15157795,0.9716712,0.75230527,0.61496997,0.23632342,-0.63337004,0.773845,0.0025225878
1356510551266,-0.122353524,-0.11525452,0.9857719,0.75584006,0.63288677,0.16781032,-0.6432228,0.76561797,0.009678066
1356510551279,-0.056525633,-0.06793675,0.9960871,0.75659,0.64805794,0.08713463,-0.6514418,0.75855494,0.014768422
1356510551316,0.011929557,-0.01703462,0.99978375,0.75613487,0.6544124,0.0021277666,-0.6543071,0.7559459,0.020687282
1356510551356,0.074478954,0.026529372,0.99686956,0.7566374,0.64965415,-0.07381952,-0.6495788,0.7597668,0.028312504
1356510551396,0.124219805,0.055309534,0.99071205,0.7594078,0.6373315,-0.13079888,-0.63864636,0.76860225,0.037166715
1356510551436,0.15622143,0.066859394,0.9854565,0.7646842,0.6233151,-0.16351256,-0.6251822,0.7791072,0.046248853
1356510551477,0.1679681,0.062149614,0.9838314,0.77273214,0.61139023,-0.17054957,-0.6121044,0.788885,0.054669082
1356510551516,0.15860051,0.043549836,0.98638195,0.78381145,0.60195595,-0.15260616,-0.60040444,0.79734087,0.061335683
1356510551558,0.12946302,0.016062796,0.9914542,0.7969032,0.59331626,-0.11367121,-0.59007174,0.8048092,0.06401205
1356510551597,0.08496922,-0.010422736,0.99632907,0.8090203,0.58440745,-0.06288153,-0.58160675,0.81139344,0.05808884
1356510551638,0.031491175,-0.021514595,0.99927247,0.8162951,0.57748216,-0.013291508,-0.57677615,0.8161198,0.035747826
1356510551678,-0.02456811,-0.0010581613,0.99969757,0.8159302,0.5777811,0.02066347,-0.57762825,0.8161911,-0.013331652
1356510551716,-0.08071223,0.059272677,0.9949735,0.808015,0.5883721,0.030495584,-0.58360714,0.8064149,-0.095382035
1356510551756,-0.13723662,0.14843926,0.97935283,0.7955662,0.60554636,0.019700706,-0.59011924,0.7818436,-0.20119637
1356510551796,-0.19454801,0.2327398,0.9528815,0.7816857,0.6236301,0.007274568,-0.5925525,0.74626917,-0.30325538
1356510551836,-0.25084576,0.28040332,0.926526,0.7662743,0.64238113,0.0130496025,-0.5915237,0.7132464,-0.37600446
1356510551877,-0.30256158,0.28219944,0.91039556,0.74769884,0.6626385,0.043089747,-0.59110326,0.69373894,-0.41148913
1356510551916,-0.34535748,0.2459972,0.9056564,0.72642183,0.681061,0.09201735,-0.5941712,0.68966746,-0.41390723
1356510551957,-0.37528062,0.18548244,0.9081634,0.70586306,0.69221777,0.15030608,-0.60076773,0.697446,-0.39070112
1356510551998,-0.3899967,0.11452094,0.9136671,0.6904886,0.6928246,0.2078934,-0.60920286,0.71195436,-0.3492747
1356510552038,-0.38933265,0.04577574,0.91995907,0.68345046,0.68393254,0.2552092,-0.6175076,0.7281077,-0.29756272
1356510552078,-0.37553722,-0.014548868,0.926693,0.6847253,0.6694863,0.28799194,-0.6245982,0.7426819,-0.24145502
1356510552116,-0.3507873,-0.06177646,0.9344154,0.69271153,0.6543349,0.30330935,-0.630158,0.75367737,-0.18673915
1356510552156,-0.31788883,-0.095351726,0.9433211,0.7041942,0.64246225,0.30224636,-0.6348679,0.760362,-0.13708538
1356510552196,-0.27902406,-0.11568415,0.95329046,0.7156838,0.6368403,0.28675973,-0.6402674,0.7622675,-0.09490049
1356510552263,-0.23530677,-0.12253705,0.9641657,0.7242433,0.6394502,0.25802165,-0.6481532,0.75900465,-0.06172031
1356510552278,-0.18751705,-0.11698827,0.97526973,0.72868454,0.6492317,0.21798408,-0.65867764,0.7515397,-0.036494493
1356510552316,-0.13647936,-0.10167974,0.9854108,0.7309014,0.6611133,0.16944689,-0.6686976,0.7433642,-0.015910447
1356510552356,-0.08327265,-0.07961434,0.99334145,0.73510337,0.6681008,0.11517125,-0.6728214,0.73979926,0.0028902292
1356510552396,-0.029978722,-0.05498919,0.9980368,0.74426126,0.66527665,0.059010863,-0.6672155,0.7445692,0.020982206
1356510552436,0.020393193,-0.032797903,0.99925387,0.7575034,0.6528039,0.00596717,-0.65251255,0.7568166,0.038157284
1356510552478,0.064517245,-0.016219944,0.99778473,0.77115154,0.63542295,-0.039533645,-0.6333741,0.7719939,0.05350375
1356510552516,0.0992118,-0.0063361526,0.99504614,0.78272784,0.61793625,-0.07410759,-0.6144055,0.78620267,0.06626606
1356510552556,0.12181865,-0.0029605925,0.992548,0.79242027,0.60245967,-0.09545928,-0.5976875,0.79814386,0.07573688
1356510552596,0.1303923,-0.0041598678,0.99145377,0.8015449,0.58900607,-0.10294488,-0.583544,0.80811787,0.08013618
1356510552636,0.1239644,-0.0043845177,0.992277,0.81032187,0.57761633,-0.098680645,-0.5727228,0.8162966,0.07515669
1356510552676,0.10240565,0.00657925,0.994721,0.8170266,0.56986356,-0.08788133,-0.5674334,0.82171303,0.052981853
1356510552716,0.06610729,0.0419403,0.9969307,0.8189882,0.56845367,-0.078222245,-0.56998956,0.8216455,0.0032303333
1356510552756,0.015444502,0.109621406,0.99385345,0.81504834,0.5743843,-0.07602009,-0.57918715,0.81121266,-0.08047563
1356510552798,-0.04735151,0.20006862,0.978637,0.80698574,0.5850507,-0.08055928,-0.58866966,0.78593147,-0.18915558
1356510552837,-0.11583698,0.2820405,0.95238376,0.7973207,0.59820676,-0.08017704,-0.5923356,0.75006783,-0.2941712
1356510552876,-0.18112391,0.32795104,0.92716897,0.7857852,0.61517006,-0.06408876,-0.59138453,0.7169476,-0.36912107
1356510552916,-0.23713055,0.32970208,0.9138192,0.77083737,0.6363456,-0.029563159,-0.59125185,0.6973957,-0.40504372
1356510552956,-0.2809236,0.29294914,0.9139271,0.7526843,0.6580647,0.02042535,-0.59543955,0.69363654,-0.40536416
1356510552996,-0.3105647,0.22993174,0.9223236,0.7344841,0.67397726,0.079295516,-0.6033926,0.70205843,-0.37819475
1356510553036,-0.32541066,0.15479591,0.93281627,0.72064793,0.6792914,0.13867146,-0.61218834,0.7173572,-0.33260202
1356510553078,-0.32644242,0.08007261,0.9418193,0.7139597,0.6738663,0.19017291,-0.61943257,0.7345016,-0.2771471
1356510553116,-0.31575993,0.01324001,0.9487467,0.71428514,0.6615032,0.22849551,-0.6245737,0.7498255,-0.2183333
1356510553156,-0.2956941,-0.041978836,0.9543598,0.7196485,0.64721215,0.25144088,-0.6282285,0.7611532,-0.16116679
1356510553196,-0.2685084,-0.08409947,0.95959914,0.7273369,0.6354461,0.25920904,-0.63157284,0.76755166,-0.109453976
1356510553265,-0.23617938,-0.112691134,0.96515286,0.7343538,0.6297604,0.25323206,-0.63635194,0.7685718,-0.06598127
1356510553279,-0.19978428,-0.12728867,0.9715368,0.73834014,0.6322842,0.2346709,-0.6441583,0.7642082,-0.032338083
1356510553316,-0.16042483,-0.12941644,0.97852707,0.7384509,0.6420755,0.20598406,-0.65494597,0.75563914,-0.0074371696
1356510553356,-0.11952771,-0.122351944,0.98526293,0.7356918,0.65546685,0.17064807,-0.66668636,0.745247,0.011666834
1356510553396,-0.07742539,-0.10805255,0.9911256,0.73412406,0.6664536,0.13000563,-0.67458665,0.73767483,0.02772355
1356510553436,-0.035944894,-0.08989191,0.9953027,0.7370405,0.67020625,0.08714834,-0.67489195,0.7367109,0.04216349
1356510553476,0.002338186,-0.07211691,0.9973933,0.7443774,0.66614366,0.046420753,-0.66775495,0.7423286,0.055239797
1356510553516,0.034293756,-0.058434457,0.997702,0.7534218,0.65741664,0.012607127,-0.65664256,0.75125813,0.06657106
1356510553556,0.056806684,-0.051252037,0.9970688,0.7619977,0.6475005,-0.010130525,-0.64508337,0.7603396,0.0758363
1356510553596,0.06728418,-0.051356077,0.9964112,0.7700541,0.6376916,-0.01913175,-0.6344205,0.7685778,0.08245355
1356510553636,0.063825846,-0.05685863,0.99634004,0.77846515,0.6275304,-0.01405713,-0.62443435,0.7765132,0.08431512
1356510553676,0.04539655,-0.061600357,0.99706805,0.78699243,0.61695844,0.0022847652,-0.6152903,0.78458124,0.07648677
1356510553716,0.0113438815,-0.054876924,0.9984287,0.7934593,0.6081336,0.02440992,-0.60851765,0.79193556,0.050441146
1356510553756,-0.038939178,-0.02363059,0.99896216,0.7946199,0.6054152,0.04529518,-0.60585725,0.7955589,-0.0047970414
1356510553796,-0.105639845,0.037427753,0.9936999,0.78805494,0.6126046,0.060703993,-0.6064731,0.78950286,-0.094210625
1356510553838,-0.18425144,0.114860386,0.97614473,0.773738,0.6294025,0.07198611,-0.6061196,0.76854384,-0.20484018
1356510553878,-0.26432723,0.17865509,0.94774127,0.7536194,0.6514774,0.08737868,-0.6018213,0.7373327,-0.30684114
1356510553916,-0.33529544,0.20515099,0.91950536,0.7297269,0.67387056,0.11574581,-0.5958822,0.7097968,-0.37564993
1356510553956,-0.39085698,0.19098869,0.9004188,0.7040707,0.6921434,0.15881431,-0.5928871,0.6960322,-0.4049986
1356510553996,-0.42861664,0.14507356,0.8917631,0.6798302,0.701887,0.21256906,-0.5950787,0.6973581,-0.3994658
1356510554036,-0.44802016,0.08154109,0.8902972,0.6617838,0.699798,0.2689329,-0.60109913,0.7096716,-0.36748618
1356510554076,-0.45021462,0.014680594,0.89279974,0.6540022,0.6861712,0.31851256,-0.60793746,0.72729194,-0.31852543
1356510554116,-0.43736616,-0.045785755,0.8981173,0.657408,0.66517603,0.35405576,-0.6136168,0.74528146,-0.26082557
1356510554156,-0.41171503,-0.09527972,0.906318,0.6699835,0.64250463,0.3719003,-0.6177481,0.7603351,-0.20069295
1356510554196,-0.37502515,-0.13167322,0.9176156,0.68837863,0.6234153,0.370794,-0.62087923,0.770724,-0.1431554
1356510554265,-0.32859918,-0.15388957,0.93184793,0.7087821,0.6119087,0.3509924,-0.6242199,0.77581286,-0.09199858
1356510554279,-0.27297038,-0.16028863,0.9485751,0.7275501,0.6107164,0.31256413,-0.6294108,0.77545667,-0.05008948
1356510554316,-0.20724991,-0.1478144,0.9670566,0.74234444,0.62006116,0.253868,-0.6371595,0.77050316,-0.018778443
1356510554356,-0.13187577,-0.116342396,0.9844152,0.7507981,0.6367,0.1758275,-0.64723337,0.76228446,0.0033842921
1356510554396,-0.0443739,-0.06444287,0.9969344,0.75294423,0.65370786,0.07577014,-0.65658665,0.75399816,0.019514322
1356510554436,0.05415918,0.005119741,0.99851906,0.7485269,0.6616435,-0.043992102,-0.6608889,0.74980104,0.032001853
1356510554477,0.15841866,0.08363801,0.9838233,0.7364171,0.6537274,-0.17415598,-0.6577183,0.7520938,0.041970134
1356510554516,0.25806823,0.15749428,0.9532032,0.7161664,0.6310372,-0.2981573,-0.6484648,0.75959694,0.050058544
1356510554556,0.34247082,0.2159659,0.91437,0.6909417,0.6015802,-0.40087515,-0.6366423,0.76906437,0.056803823
1356510554596,0.40470248,0.25463417,0.8782809,0.6676042,0.57408,-0.4740641,-0.62491643,0.77819896,0.062336743
1356510554636,0.44195306,0.27386445,0.85421056,0.6539614,0.5534441,-0.5157849,-0.614013,0.78657347,0.065499485
1356510554676,0.45393372,0.27818418,0.8464973,0.6550428,0.53983694,-0.52867275,-0.60403895,0.7944744,0.06282765
1356510554716,0.44217217,0.2781151,0.8527226,0.6702079,0.5293677,-0.5201838,-0.59607476,0.80151224,0.047676682
1356510554756,0.41071826,0.29117852,0.8640172,0.6932031,0.5158444,-0.5033627,-0.59226686,0.8056796,0.010020852
1356510554796,0.36581236,0.3352501,0.8682101,0.7168133,0.4934991,-0.4925822,-0.5935991,0.8025372,-0.059783697
1356510554836,0.31366146,0.41342908,0.8548057,0.7383426,0.4598568,-0.4933375,-0.5970483,0.78588045,-0.16101295
1356510554876,0.25865704,0.50282264,0.8247824,0.7591268,0.4221965,-0.4954561,-0.5973468,0.7542676,-0.272502
1356510554916,0.20459133,0.57104355,0.79501677,0.7780308,0.3979838,-0.48608333,-0.5939785,0.71799594,-0.3628654
1356510554956,0.15368211,0.6008314,0.78446376,0.7913008,0.40064007,-0.46187717,-0.59179795,0.6917291,-0.41386718
1356510554996,0.10618901,0.59077096,0.799821,0.79684603,0.430582,-0.42383438,-0.5947776,0.6823407,-0.4250304
1356510555036,0.062365383,0.5451212,0.8360344,0.7953439,0.47890362,-0.3715905,-0.60294175,0.68810916,-0.40369177
1356510555077,0.024561226,0.47207975,0.88121355,0.7894702,0.53161275,-0.30679733,-0.6132972,0.7032272,-0.3596359
1356510555116,-0.0030086674,0.38477403,0.92300594,0.7825001,0.57561445,-0.23740605,-0.62264323,0.72153795,-0.30281752
1356510555156,-0.017166227,0.29630512,0.9549391,0.7767392,0.6053479,-0.17386866,-0.6295885,0.7387539,-0.2405433
1356510555196,-0.016309142,0.21801731,0.9758086,0.7730434,0.62171674,-0.12598506,-0.6341435,0.7522876,-0.17867649
1356510555266,-6.3982606E-4,0.15781093,0.98746914,0.77073544,0.629249,-0.100063145,-0.637155,0.76101345,-0.12203312
1356510555279,0.029259115,0.12115523,0.9922023,0.7676436,0.6330372,-0.09993562,-0.6402087,0.7645817,-0.074481964
1356510555316,0.07359171,0.1123139,0.99094397,0.76072884,0.63620204,-0.12860236,-0.6448844,0.76330376,-0.038621247
1356510555356,0.12900317,0.12935272,0.98317146,0.746768,0.6396576,-0.18214211,-0.65245366,0.7576978,-0.014078617
1356510555396,0.193593,0.1674239,0.96669066,0.72462946,0.6398512,-0.25593448,-0.6613878,0.7500397,0.0025504231
1356510555436,0.26110816,0.21455939,0.94116247,0.6975897,0.6319737,-0.3376062,-0.66722655,0.744697,0.0153390765
1356510555476,0.32358062,0.25608438,0.9108876,0.67259336,0.61485624,-0.4117887,-0.66551757,0.74590385,0.026714921
1356510555516,0.37501603,0.28221887,0.88301504,0.65569085,0.592594,-0.46786952,-0.655311,0.7544434,0.03718394
1356510555556,0.41234967,0.29186955,0.8630063,0.6485051,0.5712826,-0.5030679,-0.6398507,0.76710385,0.046289325
1356510555596,0.43372402,0.28759885,0.8539148,0.6505825,0.55571604,-0.5176121,-0.6233987,0.78004277,0.053920627
1356510555636,0.4372702,0.2712078,0.857462,0.6622057,0.5480232,-0.5110326,-0.6085051,0.7912755,0.060038865
1356510555696,0.421323,0.24485618,0.873231,0.68373907,0.54680693,-0.48322153,-0.59580857,0.80065453,0.06296462
1356510555718,0.38567615,0.21564318,0.89707965,0.71275836,0.54775923,-0.43810427,-0.5858578,0.8083674,0.057556212
1356510555757,0.33258173,0.19685814,0.92229944,0.74346316,0.5469577,-0.3848374,-0.58021706,0.81368554,0.03555137
1356510555793,0.27052325,0.20845607,0.93987405,0.7680124,0.54194295,-0.3412548,-0.58049476,0.81415224,-0.01348871
1356510555823,0.2012139,0.24065474,0.9495253,0.78689086,0.5375821,-0.30299878,-0.58336586,0.8081403,-0.0812
1356510555863,0.14596274,0.3220856,0.9353907,0.79506505,0.5244591,-0.30465412,-0.588699,0.7881646,-0.17952752
1356510555906,0.08732885,0.405751,0.9098021,0.80220807,0.5128361,-0.3057145,-0.59062326,0.7565483,-0.28071135
1356510555946,0.024609562,0.45658046,0.8893417,0.807718,0.51510763,-0.28680274,-0.5890553,0.7253953,-0.35611165
1356510555986,-0.041411966,0.46034005,0.8867762,0.80741763,0.5382054,-0.24168529,-0.5885252,0.70599014,-0.39397484
1356510556026,-0.107326426,0.4195634,0.9013587,0.79866374,0.57632375,-0.17316818,-0.59212947,0.701297,-0.39694482
1356510556068,-0.16677582,0.34565586,0.92342174,0.7828594,0.6157843,-0.08911148,-0.59943056,0.70804775,-0.37329793
1356510556108,-0.21243274,0.25505522,0.94330233,0.76471424,0.6443665,-0.002012819,-0.6083458,0.720929,-0.33192885
1356510556147,-0.23967469,0.1633453,0.95701325,0.74933755,0.65788436,0.07537508,-0.6172919,0.73519146,-0.280079
1356510556186,-0.24696623,0.0830757,0.9654564,0.74007076,0.6593318,0.13257778,-0.6255421,0.7472483,-0.22431457
1356510556226,-0.2363238,0.01886645,0.9714911,0.73699963,0.65504897,0.16656056,-0.6332319,0.7553508,-0.1687082
1356510556266,-0.20844685,-0.025906503,0.9776906,0.7388038,0.6508665,0.17476183,-0.64087355,0.75875,-0.11653125
1356510556303,-0.16120644,-0.04442191,0.9859204,0.7439272,0.65098435,0.15096939,-0.6485251,0.75779027,-0.071896195
1356510556346,-0.09852639,-0.039072037,0.99436706,0.74720466,0.6570498,0.09985414,-0.6572501,0.75283396,-0.035541892
1356510556386,-0.014828533,-0.0040339828,0.99988186,0.7457235,0.66611373,0.013746709,-0.6660905,0.74583924,-0.0068692565
1356510556426,0.087962046,0.058643967,0.99439603,0.7352648,0.66967046,-0.104533255,-0.6720479,0.74033934,0.015786767
1356510556466,0.20207354,0.13900554,0.96945536,0.7129325,0.65781075,-0.24292414,-0.671486,0.7402448,0.033824563
1356510556506,0.31120616,0.2168477,0.92527175,0.680478,0.62880343,-0.37623918,-0.66340065,0.74671495,0.048127413
1356510556546,0.40061328,0.27573603,0.8737726,0.64552784,0.5918322,-0.48273024,-0.6502329,0.7574327,0.05910057
1356510556586,0.46382654,0.3107553,0.8296361,0.61725456,0.5583964,-0.5542475,-0.63550115,0.76917136,0.06718391
1356510556626,0.49979457,0.32287544,0.8037144,0.6035733,0.5356903,-0.590538,-0.62121224,0.7802483,0.07285607
1356510556666,0.5086101,0.31477368,0.8013946,0.60976845,0.5254394,-0.59337664,-0.60786366,0.7904625,0.07530472
1356510556708,0.4902443,0.29254043,0.82102406,0.6360042,0.5240207,-0.5664811,-0.5959523,0.79988897,0.07084122
1356510556746,0.44710517,0.27018642,0.8526994,0.67472106,0.52397394,-0.5198103,-0.58723795,0.80774415,0.05197096
1356510556786,0.38870242,0.27095002,0.88062274,0.71238756,0.51775295,-0.47374648,-0.5843067,0.8114912,0.008230388
1356510556826,0.32915857,0.31491697,0.89021456,0.7389507,0.50102824,-0.45046923,-0.587883,0.8061005,-0.06779039
1356510556866,0.27630347,0.39688003,0.87529576,0.7553481,0.4734373,-0.45310754,-0.59422696,0.78634816,-0.16897017
1356510556907,0.22603083,0.48117828,0.8469814,0.7690686,0.44549686,-0.45832956,-0.5978658,0.7549834,-0.2693631
1356510556946,0.17101887,0.53347856,0.8283437,0.78301936,0.43670347,-0.44291168,-0.5980244,0.7243554,-0.3430395
1356510556986,0.106223136,0.53984743,0.8350338,0.7942187,0.45921764,-0.39791432,-0.5982753,0.7054672,-0.3799774
1356510557028,0.03110909,0.4996028,0.86569583,0.7981355,0.50895464,-0.32240474,-0.6016742,0.7009723,-0.38291764
1356510557067,-0.049788475,0.41769046,0.9072242,0.79238313,0.56947213,-0.21870178,-0.6079886,0.70798033,-0.35932404
1356510557106,-0.1247564,0.3111797,0.94212687,0.77897817,0.61882395,-0.101242125,-0.6145152,0.7212657,-0.3196044
1356510557146,-0.18401441,0.19933647,0.9624986,0.7630708,0.6462023,0.0120565,-0.61956555,0.73667324,-0.2710184
1356510557186,-0.22205885,0.09964371,0.9699283,0.749778,0.65338033,0.10453308,-0.623316,0.7504434,-0.21979952
1356510557226,-0.23958391,0.019844204,0.9706727,0.7411846,0.6495074,0.16966271,-0.62709224,0.76009625,-0.17031974
1356510557273,-0.24162357,-0.045348823,0.9693098,0.73456454,0.6441597,0.21324453,-0.63406074,0.7635455,-0.12233251
1356510557305,-0.2177073,-0.07767826,0.97291803,0.73587257,0.64177644,0.215904,-0.6411669,0.7629476,-0.082558155
1356510557346,-0.189299,-0.095736,0.97724134,0.73449945,0.64670384,0.20563275,-0.6516722,0.7567092,-0.052102327
1356510557386,-0.14726952,-0.09208861,0.98480016,0.73228765,0.65913916,0.17114422,-0.6648808,0.7463614,-0.029635727
1356510557428,-0.09334676,-0.06942582,0.9932102,0.7294278,0.6742052,0.11568245,-0.6776588,0.7352737,-0.012293756
1356510557466,-0.031361908,-0.032721013,0.99897236,0.727847,0.6842443,0.045262367,-0.68502206,0.7285185,0.002356708
1356510557506,0.030734688,0.007675469,0.9994981,0.72924274,0.6836952,-0.027674615,-0.6835644,0.7297273,0.015415907
1356510557546,0.08142461,0.03764382,0.99596834,0.73480785,0.67286414,-0.08550534,-0.6733701,0.7388077,0.02712673
1356510557586,0.11263198,0.049856424,0.9923852,0.74428123,0.65744853,-0.11750263,-0.65830046,0.7518482,0.03694254
1356510557626,0.120893866,0.043444693,0.9917143,0.75728714,0.6418812,-0.120435625,-0.6417951,0.7655724,0.04469937
1356510557666,0.10588074,0.021206588,0.99415267,0.77289927,0.62727094,-0.095696986,-0.6256324,0.7785123,0.050025344
1356510557706,0.07128088,-0.009154588,0.99741435,0.788916,0.6124011,-0.050759643,-0.610353,0.7904942,0.05087465
1356510557748,0.024104133,-0.034620643,0.99910975,0.8019611,0.5973747,0.0013521612,-0.59688973,0.8012146,0.04216361
1356510557788,-0.027850896,-0.03893149,0.9988537,0.80884194,0.5862707,0.04540342,-0.5873662,0.80917925,0.015161276
1356510557828,-0.07983938,-0.0077406764,0.99677765,0.8078626,0.58528805,0.06925291,-0.583938,0.8107885,-0.040475607
1356510557866,-0.13294588,0.059160143,0.9893561,0.79972804,0.5960508,0.071822524,-0.5854575,0.8007643,-0.12655455
1356510557906,-0.18868272,0.14416823,0.9713982,0.787061,0.61377317,0.0617854,-0.58731073,0.77620745,-0.22927761
1356510557946,-0.24844934,0.21106684,0.9453696,0.771135,0.63372624,0.061171204,-0.5861943,0.7442056,-0.32020986
1356510557986,-0.30942726,0.232631,0.9220291,0.7500944,0.65567607,0.08629778,-0.5844769,0.71831167,-0.37737924
1356510558028,-0.36557007,0.20516688,0.90789044,0.7228998,0.6770135,0.13808909,-0.5863228,0.7067951,-0.39581096
1356510558066,-0.40993205,0.14129812,0.90110517,0.6930785,0.69049525,0.20702294,-0.5929569,0.70940197,-0.3809868
1356510558106,-0.4375663,0.06057033,0.8971437,0.6678493,0.6899661,0.27914912,-0.6020906,0.72130305,-0.34235775
1356510558146,-0.44755477,-0.018859118,0.89405763,0.65340126,0.67568874,0.34133792,-0.61054194,0.73694575,-0.29008514
1356510558186,-0.44215745,-0.086583704,0.8927486,0.65104234,0.6536591,0.38584152,-0.61696076,0.75181985,-0.23265058
1356510558227,-0.4243453,-0.13859722,0.89483064,0.65791833,0.63179404,0.4098535,-0.6221532,0.7626449,-0.17691314
1356510558267,-0.39660066,-0.17554864,0.90104973,0.66923404,0.61656934,0.41469032,-0.628358,0.7674796,-0.12704873
1356510558305,-0.3589518,-0.19445589,0.91287494,0.68303096,0.6118362,0.39890498,-0.63609934,0.7667095,-0.08680034
1356510558346,-0.31606907,-0.19962846,0.92749596,0.69414693,0.61775535,0.36951095,-0.64673054,0.76060945,-0.05668187
1356510558386,-0.26637754,-0.18990532,0.9449756,0.70276237,0.63272035,0.32525396,-0.65967274,0.7507336,-0.035084188
1356510558426,-0.21056688,-0.16718212,0.9631779,0.7094759,0.65169173,0.26821977,-0.6725366,0.7398297,-0.01861304
1356510558466,-0.15042605,-0.13454872,0.9794226,0.7165392,0.6677249,0.20177978,-0.68113405,0.73214763,-0.0040337443
1356510558506,-0.08934522,-0.0969497,0.991271,0.72613806,0.6748658,0.13145241,-0.6817192,0.73154426,0.0101028085
1356510558546,-0.032353416,-0.061505824,0.99758226,0.73814976,0.67146546,0.06533867,-0.6738607,0.738479,0.023676336
1356510558586,0.015296355,-0.034448624,0.9992895,0.7505142,0.6607579,0.011290073,-0.6606773,0.7498082,0.03596139
1356510558626,0.049511462,-0.019040197,0.998592,0.76178336,0.64733267,-0.02542743,-0.6459371,0.7619697,0.046554923
1356510558666,0.06805706,-0.015459627,0.99756163,0.7721063,0.6340471,-0.04284966,-0.6318386,0.7731399,0.055087864
1356510558706,0.07065341,-0.020649523,0.99728715,0.78213155,0.62165964,-0.042538702,-0.6190947,0.7830153,0.060073018
1356510558747,0.05836208,-0.027840018,0.99790716,0.7914621,0.6105176,-0.029255778,-0.6084254,0.7915132,0.057665408
1356510558786,0.032983184,-0.02606976,0.9991158,0.7982059,0.6022908,-0.010635197,-0.6014811,0.79785097,0.040674508
1356510558826,-0.004785344,-0.0028895438,0.9999844,0.7997397,0.60032105,0.005561739,-0.60032785,0.7997539,-5.61893E-4
1356510558866,-0.055663064,0.049221694,0.99723554,0.7941123,0.60760194,0.0143351555,-0.6052166,0.792715,-0.07290852
1356510558906,-0.11921264,0.12202799,0.9853414,0.78147537,0.6236961,0.017307013,-0.61244166,0.77208316,-0.16971433
1356510558946,-0.18907583,0.18848476,0.9637032,0.7639812,0.64480025,0.023778379,-0.6169142,0.74074703,-0.26591498
1356510558986,-0.25404748,0.22278842,0.94118285,0.7438345,0.66698587,0.042895526,-0.6181991,0.71098185,-0.33516383
1356510559026,-0.3047524,0.21896994,0.9269186,0.7230598,0.6866451,0.07551861,-0.61992776,0.69323206,-0.36758506
1356510559206,-0.3363822,0.18616158,0.92314184,0.70470357,0.70001787,0.11561963,-0.62469184,0.6894337,-0.36666226
1356510559210,-0.3477252,0.13795418,0.927392,0.69261104,0.70448303,0.15489885,-0.631963,0.69618416,-0.34051508
1356510559212,-0.3428278,0.097727835,0.934301,0.6890716,0.7021364,0.17940107,-0.6384742,0.705304,-0.30805337
1356510559215,-0.32574773,0.055791736,0.94380915,0.6917484,0.69455117,0.19769382,-0.64449406,0.71727675,-0.26484233
1356510559216,-0.29181173,0.020810246,0.9562495,0.70152175,0.6842452,0.19918752,-0.650164,0.728955,-0.2142697
1356510559243,-0.24267317,0.005344212,0.97009337,0.7158138,0.6759189,0.17534041,-0.6547673,0.73695666,-0.16785282
1356510559274,-0.1900266,-0.0012768507,0.981778,0.7274727,0.67134994,0.14167804,-0.65929747,0.7411394,-0.12664545
1356510559317,-0.13288683,0.0010219812,0.99113065,0.7341412,0.6719256,0.09773785,-0.6658662,0.74061793,-0.090040326
1356510559356,-0.063389316,0.022592634,0.9977331,0.73585844,0.6764054,0.031435043,-0.6741618,0.73618305,-0.059501827
1356510559396,0.013696775,0.061794817,0.9979949,0.7297281,0.6817398,-0.052227587,-0.6836002,0.7289803,-0.035755754
1356510559437,0.09502483,0.11599028,0.98869437,0.7148477,0.68325174,-0.14886186,-0.69279367,0.7209115,-0.017989516
1356510559478,0.1770119,0.17862687,0.96786326,0.692737,0.6759375,-0.25144386,-0.69912964,0.7149832,-0.004092455
1356510559517,0.25637025,0.24067867,0.9361347,0.6672726,0.65662414,-0.35155657,-0.69930077,0.7147857,0.007740617
1356510559558,0.32992467,0.2929644,0.89739704,0.64270806,0.6265681,-0.4408387,-0.69143045,0.7222079,0.018429697
1356510559596,0.39506868,0.33130056,0.8568317,0.6206505,0.59138703,-0.51483434,-0.67728406,0.73518795,0.028016627
1356510559636,0.4489111,0.35587555,0.8196533,0.60159606,0.5578842,-0.5717058,-0.66072774,0.74974525,0.03634709
1356510559676,0.48922986,0.36829358,0.79057825,0.5873626,0.5309479,-0.61081874,-0.6447165,0.7631868,0.043433726
1356510559716,0.5141296,0.36992392,0.7738392,0.5815455,0.5128227,-0.6315202,-0.63045675,0.7747058,0.048529714
1356510559756,0.5214514,0.36285907,0.7722834,0.5880354,0.5030208,-0.63339126,-0.61830634,0.78441274,0.04892698
1356510559796,0.5087289,0.35276866,0.78533375,0.6082851,0.4982476,-0.6178498,-0.60924864,0.79202497,0.03888905
1356510559836,0.47411364,0.35070887,0.8076011,0.6396704,0.49308252,-0.5896536,-0.60501075,0.7961614,0.009439051
1356510559876,0.4193801,0.37123406,0.82843566,0.67566097,0.48183504,-0.557958,-0.6063024,0.7937381,-0.04875636
1356510559916,0.35149506,0.42149523,0.83593833,0.70976055,0.46228907,-0.5315343,-0.61048436,0.7801478,-0.13666838
1356510559956,0.28082103,0.4885828,0.82609105,0.73891824,0.43922406,-0.51096195,-0.61248624,0.7539026,-0.23767936
1356510559998,0.21595708,0.5453728,0.80989563,0.7621408,0.42433146,-0.48896235,-0.61033094,0.7228494,-0.32401347
1356510560038,0.15900019,0.571479,0.8050656,0.7782087,0.42925295,-0.45840275,-0.60754436,0.6993952,-0.3764786
1356510560076,0.106194794,0.56033117,0.82143265,0.786351,0.45828795,-0.41427553,-0.6085842,0.6899283,-0.39194924
1356510560116,0.05321598,0.5117637,0.8574765,0.7868991,0.5071677,-0.35152635,-0.6147828,0.69345427,-0.37571692
1356510560156,-0.0011429191,0.43124908,0.9022322,0.7815551,0.56323016,-0.2682228,-0.62383527,0.7048376,-0.33768862
1356510560196,-0.053328775,0.3299299,0.9424979,0.7723951,0.6118367,-0.17047498,-0.6328996,0.7188896,-0.28746474
1356510560266,-0.09730744,0.22334966,0.9698692,0.76179016,0.64382875,-0.07183555,-0.64047414,0.7318467,-0.23279488
1356510560276,-0.12802987,0.12626094,0.9837004,0.75230116,0.6586837,0.013368875,-0.64625955,0.7417506,-0.17931747
1356510560318,-0.14188646,0.051312298,0.9885521,0.74601734,0.6619444,0.072716326,-0.65063536,0.7477945,-0.13220084
1356510560358,-0.13905817,0.002879113,0.99028003,0.7426224,0.6618421,0.10235709,-0.6551143,0.7496377,-0.09417266
1356510560396,-0.11928436,-0.01848948,0.99268794,0.7403342,0.66455686,0.101338595,-0.66157126,0.7470089,-0.06558281
1356510560436,-0.083911136,-0.016692132,0.9963335,0.73721313,0.671668,0.07334086,-0.67042947,0.74066424,-0.044054747
1356510560476,-0.035617366,0.002541095,0.9993623,0.7330843,0.6797001,0.024398893,-0.67920464,0.7334858,-0.026071966
1356510560516,0.022034109,0.03351924,0.9991951,0.72994244,0.68239576,-0.03898838,-0.6831534,0.730214,-0.009431124
1356510560556,0.08133287,0.067078084,0.9944272,0.72943866,0.6759003,-0.105252,-0.67919374,0.73393416,0.0060435534
1356510560596,0.13120776,0.09182447,0.9870931,0.73227483,0.6622026,-0.15893793,-0.66824996,0.7436773,0.019645393
1356510560636,0.1603224,0.09834072,0.98215365,0.7394004,0.64720696,-0.1854997,-0.65389884,0.7559446,0.031048596
1356510560677,0.15923065,0.08058736,0.9839468,0.75240934,0.6353538,-0.17379811,-0.6391603,0.76800466,0.040533125
1356510560716,0.12265892,0.037813842,0.99172825,0.77076846,0.6258664,-0.11919397,-0.62519664,0.77901304,0.047622383
1356510560758,0.05407092,-0.020609468,0.9983244,0.78869724,0.6140474,-0.030040711,-0.61239934,0.78900003,0.049456775
1356510560796,-0.031137094,-0.07293433,0.9968506,0.79787475,0.59889126,0.06873971,-0.6020186,0.7975023,0.0395447
1356510560836,-0.11560002,-0.09670639,0.988577,0.7942048,0.58872724,0.15046257,-0.59655285,0.80252606,0.008747876
1356510560876,-0.18519062,-0.07351524,0.97994894,0.77965325,0.596034,0.1920529,-0.5982017,0.7995868,-0.05306351
1356510560916,-0.24059454,-0.005286604,0.97061133,0.7586812,0.6226946,0.19145304,-0.6054065,0.7824471,-0.14580607
1356510560958,-0.29002374,0.08053094,0.9536252,0.7351667,0.65670615,0.16812754,-0.612712,0.7498345,-0.24966407
1356510560996,-0.34397054,0.13921314,0.9286033,0.7082458,0.68777263,0.1592378,-0.6164999,0.7124525,-0.33517063
1356510561036,-0.40650252,0.14082116,0.902732,0.67276144,0.71465635,0.19146375,-0.618181,0.6851538,-0.38524866
1356510561076,-0.47038585,0.08600235,0.87825996,0.6267611,0.7331655,0.2638918,-0.62121457,0.67459023,-0.3987736
1356510561116,-0.5230026,-0.0013674796,0.85233,0.57759356,0.7348027,0.35559905,-0.6267807,0.6782795,-0.38351393
1356510561156,-0.5571111,-0.09544027,0.82493544,0.53680634,0.71654344,0.44542617,-0.6336137,0.6909824,-0.34796137
1356510561196,-0.57267666,-0.17773217,0.8002829,0.5125309,0.68427324,0.51873136,-0.6398074,0.7072351,-0.3007741
1356510561268,-0.5737772,-0.24255243,0.78227115,0.50519896,0.64696336,0.57115006,-0.6446346,0.7229154,-0.24867558
1356510561278,-0.5640279,-0.2907296,0.7728834,0.5112027,0.6121135,0.603315,-0.6484939,0.7353866,-0.19662726
1356510561314,-0.54524386,-0.32372227,0.7732483,0.5265568,0.585477,0.61640453,-0.65226305,0.74325,-0.14876956
1356510561357,-0.5181942,-0.34341106,0.7832902,0.54731476,0.57061076,0.6122499,-0.6572072,0.74597067,-0.10773325
1356510561396,-0.4816325,-0.34937376,0.8037214,0.5716496,0.56988907,0.5902907,-0.6642642,0.7437503,-0.074757755
1356510561436,-0.4339396,-0.3409325,0.83394337,0.59847295,0.58282065,0.5496819,-0.6734439,0.7376213,-0.048870146
1356510561476,-0.37141213,-0.3138407,0.87381756,0.62948173,0.6066972,0.48545986,-0.68249977,0.7303578,-0.027777731
1356510561516,-0.28905183,-0.26151538,0.92090106,0.6662261,0.63584036,0.38967907,-0.68745315,0.7261658,-0.009562492
1356510561556,-0.1841251,-0.18206668,0.9658932,0.704622,0.6606827,0.25885564,-0.6852779,0.7282514,0.006639898
1356510561596,-0.06359054,-0.0865027,0.9942201,0.73393285,0.6710064,0.10532376,-0.67623883,0.7363883,0.020817459
1356510561636,0.0546159,0.00477913,0.99849606,0.7463212,0.66413,-0.04400119,-0.6633414,0.74760187,0.032705247
1356510561676,0.1527243,0.075627714,0.985371,0.744799,0.64655185,-0.16506091,-0.64957666,0.7591121,0.04241669
1356510561718,0.22225633,0.12116054,0.9674307,0.73863995,0.62674856,-0.24818796,-0.6364064,0.76974434,0.049804807
1356510561758,0.263515,0.14649731,0.9534666,0.7354443,0.6091013,-0.29684567,-0.62424487,0.7794448,0.05276668
1356510561796,0.28165823,0.16431278,0.9453412,0.7373361,0.5933968,-0.32282466,-0.61400664,0.78796035,0.045981348
1356510561836,0.2850756,0.19461507,0.93853974,0.74125844,0.57601273,-0.3445943,-0.607674,0.79393595,0.019947112
1356510561876,0.279966,0.25572294,0.92532414,0.7436598,0.5517868,-0.37749365,-0.60711545,0.7938118,-0.035689354
1356510561917,0.2691592,0.35303682,0.89605707,0.74426395,0.5142466,-0.4261709,-0.6112483,0.7816108,-0.12433839
1356510561958,0.25190634,0.4650625,0.84868145,0.74728084,0.46374506,-0.47593266,-0.61491024,0.7540938,-0.23071194
1356510561996,0.23019272,0.55684364,0.79808295,0.7546911,0.41560465,-0.50765544,-0.61437166,0.71916467,-0.32457578
1356510562036,0.21019843,0.6100279,0.76399124,0.7624818,0.3868167,-0.51864654,-0.61191344,0.69154805,-0.3838269
1356510562076,0.197721,0.626753,0.7537155,0.7657975,0.38122678,-0.51789993,-0.6119318,0.67959315,-0.4045893
1356510562116,0.19600296,0.6159254,0.7630327,0.7627161,0.3933022,-0.513398,-0.6163173,0.68260485,-0.3926878
1356510562158,0.20652112,0.58725435,0.7826119,0.75412744,0.414089,-0.50972754,-0.62341064,0.6954586,-0.35734648
1356510562196,0.22954571,0.55059063,0.802595,0.7416868,0.43501478,-0.5105515,-0.63024557,0.71246904,-0.30851
1356510562267,0.26393634,0.50798565,0.81993186,0.72507554,0.4561038,-0.51597947,-0.6360842,0.73069817,-0.2479456
