1356511079957,0.1509707,-0.21652466,0.9645335,0.40050507,-0.8786526,-0.25993338,0.9037718,0.42554286,-0.045931578
1356511079997,0.020975498,-0.15127811,-0.9882686,-0.42750004,0.8922055,-0.14564681,0.9037719,0.4255399,-0.04595697
1356511080049,0.020779312,-0.15150853,-0.98823756,-0.42754441,0.8921643,-0.1457692,0.9037555,0.42554444,-0.046238065
1356511080085,0.020390598,-0.1520113,-0.9881684,-0.4276944,0.8920464,-0.1460501,0.9036934,0.42561215,-0.04682505
1356511080125,0.019859733,-0.1528118,-0.98805577,-0.42807278,0.8917867,-0.14652707,0.903526,0.42586976,-0.04770392
1356511080165,0.01960337,-0.15359883,-0.9879388,-0.42871785,0.8913834,-0.14709389,0.9032257,0.42643058,-0.04837644
1356511080207,0.020273447,-0.15370074,-0.98790944,-0.4295431,0.8909309,-0.14742754,0.9028188,0.42733854,-0.04795885
1356511080245,0.022243321,-0.15260643,-0.9880367,-0.43028527,0.890603,-0.14724423,0.9024189,0.42841285,-0.04585433
1356511080285,0.025705427,-0.14972073,-0.98839414,-0.43068606,0.8905965,-0.14610747,0.9021357,0.42944333,-0.0415895
1356511080345,0.030219257,-0.1451936,-0.9889416,-0.43046096,0.8910524,-0.14397547,0.9021031,0.4300516,-0.035573244
1356511080365,0.035234094,-0.13937086,-0.9896133,-0.4292996,0.89210016,-0.14092252,0.90247464,0.42980585,-0.028399527
1356511080406,0.040397227,-0.13265225,-0.9903391,-0.42698523,0.893799,-0.1371384,0.9033558,0.4284002,-0.020533562
1356511080443,0.04581046,-0.1252589,-0.9910659,-0.42350134,0.89610386,-0.1328325,0.90473646,0.42580286,-0.011996388
1356511080486,0.052114874,-0.11696082,-0.99176824,-0.41885602,0.8989818,-0.12802817,0.9065559,0.42208028,-0.0021394491
1356511080525,0.059779555,-0.10770562,-0.99238396,-0.41334704,0.9022521,-0.12282276,0.90860915,0.41754127,0.009416401
1356511080565,0.06884825,-0.09774406,-0.9928273,-0.40734184,0.9056968,-0.11741345,0.91067696,0.41250378,0.02254039
1356511080606,0.078621924,-0.088168934,-0.99299794,-0.40129364,0.90901625,-0.112485126,0.912569,0.40732753,0.036086977
1356511080647,0.08822498,-0.08025478,-0.9928623,-0.39536846,0.9120496,-0.10885468,0.9142757,0.40215012,0.04873538
1356511080685,0.09719294,-0.07482459,-0.9924489,-0.38940293,0.9148188,-0.107106954,0.91592515,0.39687255,0.05977702
1356511080726,0.105721176,-0.0717811,-0.9918017,-0.3831255,0.91745,-0.10723923,0.9176262,0.39132196,0.0694927
1356511080765,0.1143536,-0.07050669,-0.9909349,-0.376491,0.9199967,-0.108906254,0.9193354,0.3855319,0.07865977
1356511080805,0.123517424,-0.07027957,-0.9898506,-0.36955643,0.92248094,-0.11161101,0.9209623,0.37959155,0.0879702
1356511080849,0.13347283,-0.07048364,-0.9885429,-0.3622343,0.9249829,-0.11486055,0.92248106,0.37341487,0.097928524
1356511080898,0.14455038,-0.070397645,-0.9869901,-0.3542935,0.92765266,-0.118053705,0.92389464,0.36674887,0.109151125
1356511080928,0.15693882,-0.06948115,-0.9851611,-0.3457634,0.9305251,-0.120708816,0.9251042,0.35957655,0.12201148
1356511080969,0.17061117,-0.067087546,-0.98305196,-0.336801,0.9336169,-0.12216655,0.9259897,0.35193586,0.13669032
1356511081007,0.18424979,-0.06399299,-0.980794,-0.32799476,0.9366731,-0.12273066,0.92653733,0.34430844,0.15159243
1356511081047,0.19722587,-0.059558883,-0.9785473,-0.31927168,0.9398355,-0.121551834,0.92691296,0.3363956,0.1663444
1356511081085,0.20871085,-0.053965777,-0.9764873,-0.31099924,0.9429829,-0.118586,0.92721045,0.328437,0.18002743
1356511081128,0.21896857,-0.04686722,-0.97460574,-0.302967,0.94620967,-0.113570526,0.9275041,0.32014173,0.19299096
1356511081167,0.22872177,-0.037859157,-0.9727553,-0.2946241,0.94968975,-0.10623574,0.9278377,0.3108956,0.20606047
1356511081206,0.23848256,-0.027326643,-0.9707622,-0.2857513,0.9533782,-0.09703646,0.92815524,0.3005381,0.21955544
1356511081248,0.24979258,-0.014931008,-0.96818423,-0.2750634,0.9575958,-0.08573437,0.92840934,0.28772783,0.23509336
1356511081288,0.26289517,-0.0010878742,-0.9648238,-0.26254904,0.96218175,-0.072624266,0.9284149,0.27240613,0.2526673
1356511081327,0.27860048,0.014845967,-0.96029234,-0.24696848,0.9673635,-0.056695335,0.9281101,0.25295728,0.2731744
1356511081365,0.29509348,0.03129962,-0.9549556,-0.22978559,0.9724542,-0.03913352,0.92742574,0.23098308,0.2941571
1356511081406,0.31039622,0.046851978,-0.9494519,-0.21278302,0.976866,-0.021358557,0.9264866,0.20865688,0.3131848
1356511081445,0.32062742,0.05832597,-0.9454079,-0.20009848,0.97974765,-0.0074172616,0.92582864,0.19155288,0.3258049
1356511081485,0.32204872,0.062484883,-0.9446588,-0.19527236,0.9807476,-0.0016993657,0.9263657,0.18501303,0.32805008
1356511081525,0.31224427,0.057301342,-0.94827217,-0.20004293,0.97976446,-0.006665215,0.92870146,0.19177632,0.3173886
1356511081565,0.29012153,0.041937992,-0.95607036,-0.21405877,0.97657037,-0.022119336,0.9327423,0.21107256,0.2923013
1356511081605,0.25606596,0.016970694,-0.96651036,-0.23543161,0.9708333,-0.04532835,0.9375512,0.23915413,0.2525928
1356511081645,0.21228081,-0.015329823,-0.97708845,-0.26196826,0.9623859,-0.07201399,0.9414401,0.27125335,0.20028013
1356511081684,0.1625785,-0.051291667,-0.9853616,-0.2914651,0.9515869,-0.097623505,0.9426645,0.30307,0.13975781
1356511081725,0.111742795,-0.086471714,-0.9899678,-0.32092682,0.9396862,-0.1183044,0.94048905,0.33092687,0.07725209
1356511081765,0.06437495,-0.116689764,-0.9910799,-0.34679988,0.9286238,-0.13186234,0.93572736,0.35219502,0.019312143
1356511081805,0.023530364,-0.1393126,-0.98996884,-0.36645654,0.9201154,-0.13819274,0.9301376,0.36603227,-0.029401362
1356511081845,-0.009203284,-0.15304214,-0.9881768,-0.3786072,0.91517997,-0.13821074,0.9255117,0.37285885,-0.06636554
1356511081896,-0.033029765,-0.15719151,-0.98701566,-0.38241297,0.9143943,-0.13282871,0.92340106,0.3730603,-0.09031427
1356511081926,-0.047941655,-0.15158744,-0.98728055,-0.37704068,0.9180403,-0.12264741,0.92495507,0.366365,-0.10116696
1356511081965,-0.054955095,-0.13687338,-0.98906296,-0.36231267,0.9257802,-0.10798476,0.9304351,0.35241574,-0.100467265
1356511082005,-0.056237996,-0.114681736,-0.9918091,-0.34004468,0.93619126,-0.08896933,0.9387262,0.33225596,-0.09164643
1356511082045,-0.05454445,-0.087251924,-0.9946919,-0.31473202,0.94689703,-0.065800995,0.9476121,0.30947232,-0.07910895
1356511082085,-0.05226499,-0.0565817,-0.997029,-0.29302615,0.95531464,-0.038853735,0.9546748,0.2901249,-0.066509426
1356511082125,-0.05116114,-0.0244454,-0.9983912,-0.2812494,0.95959175,-0.009083182,0.95827,0.28033224,-0.05596906
1356511082165,-0.05266553,0.007123053,-0.9985868,-0.2816245,0.95927936,0.02169557,0.95807827,0.28236914,-0.048514962
1356511082205,-0.05730489,0.03619173,-0.9977005,-0.2907793,0.9554107,0.051359117,0.9550726,0.29305378,-0.04422593
1356511082245,-0.064405054,0.06139107,-0.99603367,-0.3030461,0.9497673,0.07813486,0.9507971,0.3068764,-0.042565525
1356511082285,-0.07249716,0.08155968,-0.99402833,-0.31499848,0.9437659,0.10040933,0.94631934,0.32039678,-0.04272914
1356511082325,-0.07942459,0.09606769,-0.9922009,-0.32625896,0.9380194,0.116938375,0.94193774,0.33300224,-0.04315889
1356511082365,-0.082072675,0.10566445,-0.9910091,-0.33754712,0.9326479,0.12739654,0.9377239,0.34496802,-0.040878177
1356511082405,-0.075962275,0.11373093,-0.9906034,-0.34833783,0.92785144,0.13323793,0.93428606,0.3551857,-0.030864954
1356511082446,-0.05520737,0.12700096,-0.990365,-0.35588917,0.92422926,0.13835882,0.932896,0.3600986,-0.0058259964
1356511082485,-0.013381861,0.15540063,-0.9877609,-0.35703683,0.92198586,0.14988953,0.9339944,0.3546728,0.043145895
1356511082525,0.051796712,0.20539814,-0.97730684,-0.3526972,0.91931933,0.17451832,0.9343028,0.33565393,0.12006104
1356511082565,0.13140908,0.27121884,-0.95350516,-0.3493997,0.91279435,0.21148574,0.92771304,0.30536324,0.21471322
1356511082605,0.20504856,0.33283153,-0.92042285,-0.3524631,0.90242124,0.24780156,0.9130853,0.2736038,0.302351
1356511082645,0.25513315,0.37181783,-0.8925573,-0.35905552,0.8935326,0.2695898,0.89776736,0.25169632,0.36147302
1356511082685,0.27645892,0.38248816,-0.8816311,-0.36271313,0.89106464,0.27284247,0.88994926,0.2443494,0.38507622
1356511082725,0.27176744,0.3682048,-0.88913876,-0.3601791,0.8956796,0.26082385,0.89242,0.24936573,0.37603623
1356511082765,0.24592751,0.33585128,-0.9092434,-0.35268155,0.90475893,0.23880331,0.90284854,0.26194504,0.34095365
1356511082805,0.20404667,0.29359066,-0.9339001,-0.34325737,0.9148619,0.21260774,0.9168093,0.27718621,0.28745168
1356511082845,0.15167746,0.25023666,-0.95622987,-0.3339024,0.9235238,0.18871407,0.93032426,0.29066378,0.22363234
1356511082895,0.09460202,0.21393588,-0.9722561,-0.32458833,0.92989385,0.17303151,0.9411126,0.29921386,0.15741092
1356511082925,0.038112048,0.19113244,-0.98082405,-0.3143357,0.9340037,0.16979441,0.94854647,0.3018368,0.09567654
1356511082965,-0.01357922,0.18567386,-0.9825176,-0.30212158,0.93591976,0.1810435,0.9531727,0.2992982,0.043387055
1356511083005,-0.057338506,0.19991349,-0.97813445,-0.2867647,0.93516123,0.20794077,0.9562836,0.29241747,0.0037073493
1356511083045,-0.09124089,0.23450823,-0.96782285,-0.2666111,0.9306454,0.25063452,0.9594757,0.2809004,-0.022390425
1356511083085,-0.11494716,0.2874263,-0.95088035,-0.24093322,0.9205768,0.30739158,0.96371084,0.26443243,-0.03656715
1356511083125,-0.12969255,0.35299435,-0.9265932,-0.21189508,0.9030317,0.37367672,0.9686488,0.24480361,-0.0423187
1356511083184,-0.13849744,0.42208257,-0.8959156,-0.18547079,0.87757427,0.4421131,0.9728408,0.2273977,-0.043257833
1356511083207,-0.14601843,0.48338813,-0.86314225,-0.16910349,0.8474566,0.503211,0.9747218,0.21943843,-0.042001665
1356511083246,-0.1564201,0.5277224,-0.83489025,-0.16644953,0.8191211,0.54894,0.97356427,0.22483236,-0.040287852
1356511083283,-0.17005798,0.55229735,-0.8161175,-0.17472602,0.7981591,0.57655257,0.96982,0.24064438,-0.039232552
1356511083326,-0.1842502,0.55818564,-0.80899984,-0.18928762,0.7875321,0.58648396,0.9644802,0.26119345,-0.03944534
1356511083365,-0.19533668,0.54678786,-0.8141662,-0.20687388,0.788507,0.579189,0.9586693,0.28156656,-0.040908217
1356511083405,-0.2011275,0.51914686,-0.8306831,-0.22779079,0.7999774,0.55511034,0.95271146,0.30086988,-0.042640567
1356511083445,-0.19838056,0.47635627,-0.8565804,-0.25362617,0.81923306,0.51432574,0.9467412,0.31928343,-0.041703463
1356511083485,-0.18251498,0.42480642,-0.88669497,-0.28375578,0.8407098,0.46118295,0.9413666,0.33577758,-0.03290087
1356511083525,-0.14779614,0.37960082,-0.91326857,-0.31405592,0.8576043,0.40728825,0.93783,0.34701306,-0.0075346828
1356511083565,-0.08952153,0.35469046,-0.9306882,-0.33896765,0.8678083,0.36333138,0.9365291,0.34799922,0.042541087
1356511083605,-0.008617267,0.35949504,-0.93310726,-0.35538596,0.87112033,0.3388956,0.93468,0.33453354,0.12025285
1356511083645,0.08341807,0.38271338,-0.9200934,-0.36536556,0.8707596,0.32906795,0.9271189,0.30872023,0.21246737
1356511083686,0.16612029,0.3994763,-0.9015668,-0.37028968,0.8726336,0.31842762,0.9139418,0.28094363,0.2928841
1356511083725,0.22467503,0.39295,-0.89169025,-0.3680426,0.88152415,0.29573604,0.902256,0.26173547,0.3426788
1356511083765,0.2549578,0.35883206,-0.89790654,-0.35731578,0.8978307,0.25734305,0.89851105,0.25522453,0.35712528
1356511083806,0.25884742,0.3011477,-0.9177735,-0.3406245,0.9175753,0.20501345,0.9038656,0.25954893,0.34009027
1356511083845,0.24143252,0.23020807,-0.9427166,-0.32401392,0.9348277,0.14530069,0.914727,0.270373,0.30028844
1356511083893,0.20769632,0.15554768,-0.9657469,-0.3118694,0.9462845,0.08534144,0.92714596,0.2834618,0.24505037
1356511083927,0.16402495,0.08831546,-0.98249483,-0.30549675,0.9515667,0.03453347,0.9379592,0.29448465,0.18306077
1356511083967,0.11626792,0.035917625,-0.9925683,-0.30253386,0.9531382,-9.4759464E-4,0.94602066,0.30039567,0.121685684
1356511084007,0.06927788,0.0031872392,-0.9975923,-0.29977542,0.9538443,-0.01777047,0.95149106,0.30028474,0.067035794
1356511084045,0.026650488,-0.008380622,-0.9996097,-0.29438978,0.9555538,-0.015859962,0.9553138,0.29469755,0.02299881
1356511084085,-0.009389877,0.0011996329,-0.99995524,-0.2838687,0.95885557,0.003815934,0.9588172,0.2838918,-0.008662999
1356511084125,-0.03806588,0.031151593,-0.99878955,-0.26640478,0.963023,0.040189274,0.96310925,0.26761216,-0.028359413
1356511084165,-0.05975145,0.07900986,-0.99508154,-0.24263331,0.9658165,0.09125555,0.96827626,0.24689257,-0.038538516
1356511084205,-0.07509115,0.14057001,-0.98721904,-0.21599665,0.96421695,0.15372416,0.97350234,0.22477934,-0.04204148
1356511084245,-0.08593047,0.20987879,-0.973944,-0.19315381,0.9555032,0.22294676,0.97739846,0.2072789,-0.04156792
1356511084285,-0.09525162,0.27714178,-0.956096,-0.18094108,0.9396429,0.29039893,0.97887045,0.20065802,-0.039356172
1356511084325,-0.10579392,0.33228028,-0.93722856,-0.18146877,0.920239,0.346741,0.9776895,0.2067608,-0.03705722
1356511084365,-0.11766961,0.3698795,-0.9215981,-0.19118854,0.9022454,0.3865233,0.97447467,0.22168104,-0.0354501
1356511084406,-0.12896681,0.3888705,-0.91222113,-0.20548001,0.88945866,0.4082172,0.97012657,0.24008965,-0.034805536
1356511084445,-0.13710946,0.38925612,-0.910868,-0.22177947,0.8841449,0.4112197,0.9654091,0.25839397,-0.0348956
1356511084485,-0.14010471,0.37191734,-0.91763186,-0.24110201,0.8860622,0.39593375,0.9603336,0.27671504,-0.03447151
1356511084525,-0.13467705,0.3392768,-0.93099594,-0.2646839,0.8930984,0.36375496,0.95488465,0.29540905,-0.030478776
1356511084565,-0.116485514,0.3010814,-0.9464571,-0.29106095,0.90075725,0.32236603,0.9495866,0.31302765,-0.017292142
1356511084605,-0.080026776,0.2732876,-0.95859784,-0.3157724,0.9052013,0.2844264,0.9454542,0.32546043,0.013856351
1356511084645,-0.021281652,0.27149582,-0.96220434,-0.3340937,0.9051643,0.26279077,0.9422996,0.327059,0.07144165
1356511084685,0.057065196,0.30079615,-0.95197964,-0.3455463,0.9005499,0.2638326,0.93666494,0.3138974,0.15532905
1356511084725,0.14159846,0.34722474,-0.9270301,-0.3538672,0.89234316,0.2801814,0.9245149,0.28837234,0.24922585
1356511084765,0.21271056,0.38439986,-0.8983267,-0.36024156,0.88545454,0.2935919,0.9082841,0.26116458,0.32682234
1356511084805,0.25815862,0.39501467,-0.8816561,-0.36098793,0.8859309,0.29122868,0.896126,0.24308404,0.37130624
1356511084845,0.27605647,0.37546825,-0.8847692,-0.353074,0.89579415,0.26998445,0.89394164,0.23785803,0.37985784
1356511084895,0.26869535,0.32842943,-0.9055037,-0.33713868,0.9126779,0.23099044,0.9022972,0.24321425,0.35595858
1356511084927,0.2403915,0.26273495,-0.9344422,-0.31857187,0.93070376,0.17972904,0.91691,0.25448167,0.30743325
1356511084965,0.19667563,0.18959536,-0.96196276,-0.3032053,0.944794,0.124220476,0.9324083,0.26724106,0.24330425
1356511085005,0.14454803,0.122407176,-0.9818973,-0.29361033,0.9529332,0.075573154,0.94493324,0.27737126,0.17368466
1356511085046,0.09047237,0.0708709,-0.9933741,-0.28763157,0.95681685,0.042066477,0.9534584,0.2819199,0.10695022
1356511085085,0.039325476,0.041860707,-0.99834925,-0.28158033,0.9590956,0.029123217,0.9587315,0.2799702,0.04950404
1356511085125,-0.0057290494,0.038167275,-0.9992549,-0.27181455,0.9615878,0.03828696,0.96233255,0.2718314,0.0048654675
1356511085165,-0.042927355,0.06301652,-0.9970888,-0.25573617,0.96406627,0.0719396,0.965793,0.25807983,-0.02526921
1356511085205,-0.07136068,0.11781786,-0.99046785,-0.23247889,0.9636868,0.13138172,0.96997994,0.23963836,-0.041379213
1356511085245,-0.09016779,0.20106506,-0.9754192,-0.2030305,0.95513,0.21565096,0.975012,0.21748461,-0.04529965
1356511085285,-0.100551605,0.30508828,-0.9470008,-0.17225471,0.9321127,0.31858167,0.979907,0.19515923,-0.041172504
1356511085325,-0.10554228,0.4115616,-0.9052502,-0.14764734,0.89375865,0.42355123,0.9833926,0.17836037,-0.033563375
1356511085365,-0.11031881,0.49766582,-0.8603246,-0.13611716,0.8498868,0.5090821,0.9845313,0.17326628,-0.026017666
1356511085405,-0.11884563,0.5486881,-0.8275367,-0.1392472,0.8159967,0.5610344,0.9831002,0.18190865,-0.020574331
1356511085446,-0.12999599,0.5634622,-0.81585014,-0.15303737,0.80156964,0.57798415,0.979633,0.19999112,-0.017970085
1356511085485,-0.13925473,0.5465853,-0.8257437,-0.17242402,0.80774695,0.5637506,0.97512984,0.22088295,-0.018238187
1356511085525,-0.14310242,0.5005321,-0.8538087,-0.19580673,0.8313172,0.52016497,0.97014505,0.24161837,-0.02095592
1356511085565,-0.13790792,0.42535922,-0.8944557,-0.22406098,0.86627436,0.44650352,0.9647684,0.261989,-0.02415973
1356511085605,-0.12019244,0.3289442,-0.93666935,-0.25660086,0.9011531,0.34939823,0.959015,0.2823452,-0.023904383
1356511085645,-0.08714811,0.23223162,-0.96874857,-0.2891158,0.92469805,0.24768037,0.9533191,0.30166537,-0.013443828
1356511085685,-0.035994973,0.1570257,-0.98693824,-0.3143822,0.9356587,0.16033284,0.94861376,0.316047,0.015687048
1356511085725,0.03430614,0.12121315,-0.9920335,-0.32516026,0.9399662,0.103606634,0.9450364,0.31901553,0.07166028
1356511085765,0.12122616,0.12247121,-0.9850406,-0.3187438,0.9446081,0.078217275,0.94005674,0.3044936,0.15354818
1356511085805,0.21293804,0.1394656,-0.9670609,-0.29896563,0.95158863,0.07140471,0.9302027,0.2739132,0.24432486
1356511085845,0.29106486,0.14228055,-0.94606423,-0.2722622,0.9603092,0.060659066,0.9171448,0.2399218,0.31824988
1356511085895,0.3427537,0.114185266,-0.93246,-0.24256518,0.969684,0.029581428,0.90756935,0.21604319,0.36006016
1356511085927,0.3644568,0.055235885,-0.9295806,-0.21323687,0.97666585,-0.025569178,0.9064774,0.20753974,0.36773086
1356511085965,0.3587876,-0.023208529,-0.9331307,-0.18991543,0.97696507,-0.09732102,0.9138947,0.21213348,0.3461153
1356511086024,0.33178788,-0.105960615,-0.93738425,-0.17882249,0.9685911,-0.17278257,0.9262502,0.22495255,0.30241865
1356511086045,0.29102525,-0.1800274,-0.93962455,-0.18243298,0.9536722,-0.23922288,0.93916047,0.24103841,0.24469978
1356511086086,0.243343,-0.2379925,-0.94028914,-0.1973984,0.93698967,-0.28824326,0.949641,0.25575355,0.18103051
1356511086123,0.19411522,-0.2767817,-0.94112235,-0.21688968,0.9235192,-0.3163402,0.9567018,0.26552618,0.11923802
1356511086165,0.1466997,-0.29696795,-0.9435514,-0.23419808,0.9163238,-0.32481068,0.96105695,0.26862758,0.06487507
1356511086205,0.1033836,-0.29933557,-0.94853055,-0.24494568,0.91660863,-0.31595924,0.96400917,0.26500347,0.02144134
1356511086245,0.065880954,-0.28570157,-0.9560514,-0.24609773,0.9238828,-0.29304692,0.9670034,0.25458828,-0.009444237
1356511086285,0.035344005,-0.25689182,-0.96579367,-0.23660219,0.9367724,-0.2578311,0.97096354,0.23762167,-0.027671874
1356511086325,0.012642175,-0.214915,-0.97655094,-0.21703357,0.95275664,-0.21248813,0.9760823,0.21463065,-0.034598827
1356511086365,-0.002459079,-0.1618639,-0.98680997,-0.19235796,0.96846056,-0.15837473,0.9813217,0.18943131,-0.0335173
1356511086405,-0.010870308,-0.10134493,-0.994792,-0.17136042,0.98032236,-0.097998336,0.98514843,0.1694027,-0.028022885
1356511086445,-0.014907539,-0.039163094,-0.9991216,-0.16283265,0.9859887,-0.036218755,0.9865411,0.1621497,-0.021075726
1356511086485,-0.01759541,0.01668948,-0.9997059,-0.16908409,0.98541015,0.019426808,0.98544455,0.16937618,-0.014516771
1356511086525,-0.020997852,0.059423096,-0.998012,-0.18577781,0.980615,0.062295962,0.98236734,0.18671657,-0.009551287
1356511086565,-0.025366485,0.08533091,-0.99602973,-0.20623115,0.97447145,0.08873619,0.97817445,0.20766325,-0.0071210265
1356511086605,-0.02943623,0.09402222,-0.99513483,-0.22675762,0.96898204,0.098258786,0.97350633,0.22854677,-0.0072029233
1356511086645,-0.030777156,0.088057965,-0.99563974,-0.24716851,0.96450454,0.09294471,0.9684836,0.24895138,-0.00791955
1356511086685,-0.025602104,0.07259952,-0.9970325,-0.26762345,0.96045727,0.0768084,0.9631834,0.26879576,-0.0051603913
1356511086725,-0.00854373,0.056385748,-0.99837244,-0.2865511,0.95639944,0.056467444,0.95802677,0.28656718,0.007986188
1356511086765,0.026667893,0.047378585,-0.998521,-0.3001145,0.9531771,0.037211776,0.9535303,0.29867825,0.03963822
1356511086805,0.085696846,0.05414419,-0.99484897,-0.3044284,0.95219123,0.025598928,0.9486724,0.30066657,0.09808284
1356511086845,0.16555175,0.07396761,-0.9834233,-0.29927623,0.9539272,0.02136822,0.9396948,0.29077768,0.18006104
1356511086895,0.25156286,0.09582186,-0.96308583,-0.28792587,0.9574427,0.020052716,0.92402107,0.2722528,0.26844662
1356511086927,0.3225731,0.10262745,-0.94096446,-0.27359313,0.9617814,0.0111071095,0.906142,0.25385857,0.33832294
1356511086965,0.3653962,0.0859754,-0.9268732,-0.25732717,0.9662521,-0.011816569,0.89457726,0.24282739,0.37518865
1356511087005,0.37723398,0.047033265,-0.92492294,-0.24035923,0.9694599,-0.048733577,0.89438355,0.24069773,0.3770181
1356511087045,0.36104807,-0.0071811453,-0.9325196,-0.2261279,0.9694524,-0.09501658,0.9047157,0.24517423,0.34839505
1356511087085,0.32398385,-0.06557075,-0.9437876,-0.21904081,0.9652896,-0.14225708,0.9203563,0.25281698,0.29837555
1356511087125,0.27300486,-0.11929017,-0.954588,-0.2206763,0.95805705,-0.18283543,0.9363602,0.2605699,0.23522973
1356511087165,0.2153843,-0.16135646,-0.9631063,-0.22875558,0.9504754,-0.2103981,0.949358,0.2656324,0.16780627
1356511087205,0.15717539,-0.18856065,-0.96940225,-0.23890235,0.9451886,-0.22258553,0.9582388,0.26657742,0.10351282
1356511087245,0.103544414,-0.19978915,-0.9743525,-0.24724744,0.9436981,-0.21977848,0.96340394,0.263663,0.048317313
1356511087285,0.0580149,-0.19646764,-0.97879255,-0.25035352,0.94625074,-0.20477466,0.9664148,0.25692415,0.005710304
1356511087325,0.02234155,-0.18014427,-0.98338646,-0.24508388,0.95263094,-0.18007828,0.9692444,0.2450354,-0.022867203
1356511087365,-0.0031231642,-0.15326922,-0.98817956,-0.22972159,0.96186644,-0.14846195,0.97325146,0.22654252,-0.038213313
1356511087405,-0.019082248,-0.118245006,-0.992801,-0.20683,0.9719695,-0.1117885,0.9781907,0.20320787,-0.043003976
1356511087445,-0.027273059,-0.07760738,-0.99661094,-0.18450622,0.98024285,-0.07128362,0.9824529,0.18193679,-0.041053295
1356511087485,-0.029855072,-0.034431458,-0.99896103,-0.17151898,0.9847593,-0.028815918,0.9847284,0.17048049,-0.03530574
1356511087525,-0.029938549,0.008006692,-0.99951965,-0.17180769,0.98504424,0.013036892,0.98467547,0.17211547,-0.028115213
1356511087565,-0.030290544,0.046382412,-0.9984644,-0.18250309,0.9818739,0.05114834,0.98273855,0.18377215,-0.021276593
1356511087605,-0.032435894,0.078391284,-0.9963948,-0.19778454,0.9767014,0.083280444,0.97970873,0.19977278,-0.016175628
1356511087645,-0.0364455,0.10286608,-0.9940274,-0.2140005,0.9708104,0.1083097,0.9761535,0.21666972,-0.013368249
1356511087685,-0.04085714,0.11981574,-0.99195504,-0.23044103,0.9648893,0.12603804,0.97222817,0.23373672,-0.0118121505
1356511087725,-0.04240945,0.13062543,-0.9905243,-0.2480391,0.9590013,0.13708816,0.96782124,0.2515026,-0.008270502
1356511087765,-0.03536826,0.13829073,-0.9897599,-0.26672286,0.9531494,0.14270657,0.96312404,0.2690389,0.0031740665
1356511087805,-0.010957029,0.14876711,-0.9888116,-0.28498316,0.9473954,0.1456939,0.95847,0.283391,0.032015502
1356511087845,0.03891519,0.16772574,-0.9850653,-0.2998759,0.9423331,0.14860311,0.9531842,0.2896144,0.086968005
1356511087897,0.11448139,0.19750664,-0.9735939,-0.30870834,0.9385897,0.15410566,0.94424206,0.28291434,0.168423
1356511087927,0.20178545,0.23270047,-0.9513849,-0.3111604,0.9362732,0.16300824,0.9286883,0.2631406,0.26133347
1356511087965,0.27568728,0.2611926,-0.9250811,-0.31020573,0.93506044,0.17156452,0.9098181,0.23966727,0.3388077
1356511088005,0.31884658,0.27491596,-0.90706,-0.30889764,0.9348996,0.1747711,0.8960575,0.22446358,0.38301045
1356511088045,0.3277517,0.27238932,-0.90464514,-0.30781385,0.93607557,0.17033252,0.893213,0.22263554,0.39064556
1356511088085,0.30750126,0.2565958,-0.9162978,-0.30598938,0.9384735,0.16011852,0.90100694,0.23114076,0.36709738
1356511088125,0.26445186,0.23087129,-0.9363566,-0.30290464,0.9416726,0.14663374,0.9155949,0.2448492,0.31895906
1356511088165,0.20666003,0.20069909,-0.9576071,-0.29903036,0.94485986,0.13349408,0.9315967,0.25876573,0.2552799
1356511088205,0.14236432,0.17188716,-0.97477543,-0.29396287,0.9477154,0.12418273,0.94515514,0.2688686,0.1854493
1356511088245,0.07904741,0.15010542,-0.9855049,-0.28627667,0.95037484,0.121792376,0.9548808,0.27249968,0.11809635
1356511088285,0.022413995,0.13991508,-0.9899099,-0.27443573,0.95298344,0.12848195,0.96134424,0.26878682,0.05975789
1356511088325,-0.023640689,0.14483474,-0.9891734,-0.2573612,0.9552199,0.14601406,0.96602607,0.25802672,0.014692783
1356511088365,-0.056777358,0.16725321,-0.98427767,-0.23425986,0.9561136,0.17598052,0.9705146,0.24056847,-0.01510489
1356511088405,-0.07648224,0.20753579,-0.975233,-0.20500846,0.9539265,0.21907933,0.97576743,0.21668668,-0.03041184
1356511088445,-0.08455476,0.26267394,-0.9611727,-0.17203563,0.94629246,0.27374142,0.9814552,0.18850209,-0.034824252
1356511088485,-0.08550617,0.3255654,-0.94164526,-0.14194302,0.9314859,0.334942,0.9861748,0.1622996,-0.03343606
1356511088525,-0.084959924,0.38607413,-0.9185469,-0.12302923,0.91076076,0.39418098,0.9887595,0.14649776,-0.029879749
1356511088565,-0.088308685,0.4347149,-0.8962279,-0.11974704,0.88858473,0.44280672,0.98886913,0.14642434,-0.026413918
1356511088605,-0.09720099,0.46523726,-0.87983304,-0.12972285,0.87055564,0.4746629,0.9867745,0.16027218,-0.024266958
1356511088645,-0.1093765,0.47533935,-0.87297726,-0.14725365,0.8608073,0.48716235,0.9830326,0.18183321,-0.02415663
1356511088686,-0.12088258,0.4637831,-0.87766314,-0.16818275,0.861796,0.47856262,0.97831583,0.20545772,-0.026175797
1356511088725,-0.12802073,0.42913362,-0.8941225,-0.19228444,0.8736946,0.4468606,0.97295296,0.22913325,-0.02933532
1356511088765,-0.12697887,0.3716908,-0.9196317,-0.22129744,0.893152,0.39154428,0.9669043,0.25322998,-0.031157255
1356511088805,-0.11273506,0.29729497,-0.94810677,-0.25508338,0.91355145,0.31679037,0.9603245,0.27755967,-0.027154267
1356511088871,-0.07977751,0.22281957,-0.97159,-0.28956342,0.9274857,0.23648107,0.9538284,0.3002028,-0.009472132
1356511088928,-0.023375962,0.16738325,-0.9856147,-0.31664395,0.9338868,0.1661084,0.9482563,0.3159719,0.031170428
1356511088929,0.056880172,0.1474494,-0.98743266,-0.32755968,0.93704325,0.121056184,0.9431167,0.31655747,0.10159767
1356511088953,0.14365485,0.14369899,-0.9791394,-0.32409438,0.9416715,0.09065055,0.9350541,0.3043112,0.18184769
1356511088982,0.22542217,0.1571193,-0.9615084,-0.3099445,0.94720185,0.0821161,0.92364454,0.27950346,0.26221853
1356511089026,0.2961828,0.17483082,-0.93899417,-0.28641236,0.9541204,0.08730536,0.91117716,0.24308115,0.33266777
1356511089065,0.3445815,0.1666305,-0.9238494,-0.25960895,0.9626552,0.07679962,0.90214556,0.21337587,0.374972
1356511089105,0.36653382,0.1266243,-0.921748,-0.2313417,0.97198564,0.041532435,0.90118486,0.19801569,0.38555908
1356511089145,0.36365184,0.058801524,-0.9296772,-0.20385194,0.9788394,-0.017827563,0.90895635,0.19599953,0.36794353
1356511089185,0.33981156,-0.026211128,-0.9401282,-0.18243234,0.9787884,-0.09322958,0.9226302,0.20319028,0.32782185
1356511089225,0.30067283,-0.11518067,-0.9467467,-0.1720995,0.9698326,-0.17264557,0.93807125,0.21484447,0.27177978
1356511089265,0.25246143,-0.19712105,-0.94731545,-0.17376181,0.9538776,-0.2447944,0.9518771,0.22640839,0.2065652
1356511089305,0.20189285,-0.26355052,-0.9432817,-0.18395817,0.9357692,-0.30082455,0.96197647,0.2342587,0.14044285
1356511089345,0.1536578,-0.31203702,-0.93756187,-0.1968445,0.9201461,-0.33850175,0.96831894,0.23656732,0.079964876
1356511089385,0.11101642,-0.34186536,-0.9331685,-0.20661859,0.9105159,-0.35814744,0.97210294,0.23257022,0.03044647
1356511089426,0.075612456,-0.3543659,-0.9320448,-0.2082271,0.9085015,-0.36230716,0.9751534,0.22147194,-0.005094528
1356511089465,0.047593713,-0.35160917,-0.9349363,-0.19941342,0.91381013,-0.3538154,0.97875905,0.20327821,-0.026623964
1356511089505,0.026498616,-0.33629027,-0.94138557,-0.18104795,0.9245281,-0.33536455,0.9831173,0.17932263,-0.036385953
1356511089545,0.011494964,-0.31041884,-0.95053035,-0.15894991,0.9379391,-0.3082291,0.98721975,0.1546298,-0.038559496
1356511089585,0.0021996796,-0.27590638,-0.961182,-0.1419923,0.95135915,-0.2734117,0.9898653,0.13708186,-0.037083924
1356511089625,-0.00200212,-0.23588014,-0.9717801,-0.13816953,0.9625265,-0.23334937,0.9904066,0.1338032,-0.03451854
1356511089665,-0.0027367473,-0.19727881,-0.9803436,-0.14971344,0.96937895,-0.1946544,0.98872566,0.14623788,-0.032188237
1356511089705,-0.001809299,-0.16951002,-0.9855268,-0.17137177,0.97100145,-0.16669707,0.9852048,0.16858988,-0.030806065
1356511089745,5.439818E-4,-0.15835792,-0.9873816,-0.19668534,0.968078,-0.15537034,0.9804665,0.194288,-0.030620039
1356511089785,0.0055582523,-0.16449532,-0.9863622,-0.2210451,0.9617751,-0.16164054,0.97524774,0.21892898,-0.031015098
1356511089825,0.014781445,-0.18204322,-0.9831795,-0.2434243,0.9530478,-0.18012385,0.9698073,0.24199225,-0.03022629
1356511089865,0.030073315,-0.20359814,-0.9785925,-0.26325166,0.94285685,-0.20425329,0.9642583,0.2637587,-0.025242746
1356511089912,0.05350277,-0.21913204,-0.97422713,-0.27888328,0.9335242,-0.22529247,0.9588334,0.28374943,-0.011166155
1356511089947,0.08803597,-0.22085725,-0.97132474,-0.28657,0.9282721,-0.23704131,0.9540059,0.2992207,0.018430293
1356511089976,0.1305224,-0.2133942,-0.968208,-0.2857758,0.9270171,-0.24284057,0.94936615,0.30838656,0.060013592
1356511090017,0.18864036,-0.1774263,-0.96588546,-0.2679399,0.9369292,-0.2244367,0.9447873,0.3011371,0.12920308
1356511090055,0.25673872,-0.12828222,-0.95792943,-0.23761302,0.9523525,-0.19121902,0.9368165,0.27670985,0.21402425
1356511090096,0.32059997,-0.08191818,-0.94366574,-0.20520374,0.96658736,-0.15362367,0.9247199,0.24289548,0.29307795
1356511090135,0.36537927,-0.054304264,-0.92927337,-0.18057722,0.9751978,-0.12798879,0.9131757,0.21457005,0.34651095
1356511090175,0.38420844,-0.049819168,-0.9219012,-0.16799943,0.97809964,-0.12287098,0.9078326,0.20208696,0.36742455
1356511090215,0.3778149,-0.062300306,-0.92378277,-0.16770357,0.9766258,-0.13445261,0.9105665,0.20571986,0.35853577
1356511090255,0.3483813,-0.085548334,-0.9334409,-0.178018,0.9716645,-0.15549183,0.92029345,0.22033975,0.32328057
1356511090295,0.3010643,-0.109723836,-0.9472702,-0.19609302,0.9650059,-0.17410105,0.9332244,0.23816872,0.26901275
1356511090335,0.24115252,-0.12901962,-0.9618728,-0.21751091,0.9587244,-0.18312977,0.9457983,0.25338006,0.20313561
1356511090375,0.17484343,-0.13696586,-0.9750231,-0.23734044,0.9552127,-0.17674343,0.9555623,0.26231486,0.13450515
1356511090415,0.10844666,-0.12875175,-0.9857293,-0.25095716,0.95591545,-0.15246704,0.9619042,0.26391038,0.07135469
1356511090455,0.04687473,-0.10280101,-0.9935968,-0.25549042,0.9603702,-0.11141646,0.9656745,0.2590771,0.018752396
1356511090495,-0.0065247407,-0.059151627,-0.9982277,-0.24985829,0.96668196,-0.055649176,0.9682604,0.24905236,-0.021086872
1356511090535,-0.049450636,0.0020199344,-0.99877447,-0.23421293,0.9720907,0.013562158,0.9709268,0.23459657,-0.04759741
1356511090575,-0.08037481,0.07941278,-0.9935962,-0.2102071,0.97305226,0.09477508,0.97434735,0.21647853,-0.06151575
1356511090615,-0.098857135,0.16907825,-0.98063236,-0.18093257,0.965979,0.18479149,0.9785145,0.19569628,-0.06490219
1356511090655,-0.10643962,0.2649005,-0.95838326,-0.15060489,0.9484432,0.2788795,0.9828474,0.174021,-0.061056614
1356511090695,-0.10736584,0.35890043,-0.9271801,-0.12506434,0.9202877,0.37071472,0.9863221,0.15575927,-0.05392182
1356511090735,-0.107423164,0.44254982,-0.89028645,-0.109814405,0.8847075,0.45302695,0.9881301,0.14643186,-0.046439707
1356511090775,-0.111448646,0.51073146,-0.8524861,-0.10613495,0.84680665,0.52120423,0.9880863,0.1485661,-0.040169
1356511090815,-0.12067568,0.56288934,-0.8176754,-0.110614926,0.8109405,0.574578,0.98650986,0.15978467,-0.035596848
1356511090855,-0.13310996,0.6011803,-0.7879492,-0.11809562,0.779739,0.6148663,0.98404026,0.17489815,-0.032794237
1356511090920,-0.15034561,0.62325025,-0.7674343,-0.13222061,0.75660795,0.6403609,0.979752,0.19774604,-0.031346202
1356511090956,-0.16452274,0.6301001,-0.75888485,-0.14892234,0.74468184,0.6505929,0.97506636,0.22005221,-0.0286811
1356511090995,-0.17360087,0.6240398,-0.7618642,-0.17276138,0.7423166,0.6473944,0.9695444,0.24400893,-0.02105683
1356511091035,-0.17193955,0.60819745,-0.7749405,-0.20754644,0.74663365,0.6320306,0.962996,0.26950717,-0.0021466613
1356511091075,-0.1507431,0.5935429,-0.79055893,-0.25374925,0.7496724,0.61123043,0.9554516,0.2927425,0.03760308
1356511091115,-0.103730366,0.5940602,-0.7977046,-0.3070286,0.7437355,0.59379363,0.9460304,0.3065125,0.10524547
1356511091156,-0.034415036,0.6173132,-0.7859644,-0.3612147,0.72558427,0.5857059,0.9318474,0.30405897,0.19801158
1356511091195,0.039042234,0.65087914,-0.75817674,-0.40874267,0.70277447,0.5822692,0.91181415,0.28716615,0.29347998
1356511091235,0.09529495,0.6751399,-0.7315087,-0.4411635,0.68738943,0.5769493,0.8923529,0.2677346,0.36335188
1356511091275,0.12501115,0.67965364,-0.7228022,-0.4539734,0.68696487,0.5674393,0.88220197,0.25719678,0.39442295
1356511091315,0.13017416,0.6638339,-0.736464,-0.44842592,0.70189184,0.55340946,0.8842901,0.2582099,0.38904852
1356511091355,0.11548689,0.62954396,-0.76833403,-0.42780763,0.7296164,0.5335172,0.8964616,0.2670849,0.35358483
1356511091395,0.08613621,0.58131754,-0.8091047,-0.39739817,0.76476663,0.5071555,0.9135946,0.2778523,0.29688865
1356511091435,0.04685603,0.5252605,-0.8496505,-0.36272398,0.80147177,0.47547272,0.93071795,0.2859098,0.2280783
1356511091475,0.002535224,0.47030312,-0.88250136,-0.32880557,0.83382654,0.44341874,0.94439423,0.28904718,0.15675223
1356511091515,-0.042247847,0.42531282,-0.9040598,-0.2980988,0.8582866,0.41770947,0.95359963,0.2871465,0.090524495
1356511091555,-0.08393139,0.39760455,-0.91371006,-0.2703916,0.8734552,0.40492508,0.9590849,0.28104547,0.03419864
1356511091595,-0.11978581,0.3939387,-0.91129786,-0.24380443,0.8781268,0.41164637,0.96239847,0.27148783,-0.009143174
1356511091635,-0.14698988,0.41790515,-0.8965206,-0.21452129,0.87132454,0.44133225,0.9655955,0.25719413,-0.03842634
1356511091675,-0.16329555,0.4712891,-0.86673015,-0.17898817,0.84979117,0.49580055,0.970205,0.23609646,-0.054411948
1356511091734,-0.1676013,0.54845876,-0.8192087,-0.13811612,0.8097046,0.5703529,0.9761321,0.2087378,-0.05995655
1356511091756,-0.16103631,0.63544965,-0.7551629,-0.09826267,0.75102454,0.65292156,0.98204464,0.17934841,-0.058501244
1356511091796,-0.15026037,0.71248686,-0.6854081,-0.06904802,0.68402344,0.7261848,0.9862323,0.15644288,-0.053585768
1356511091833,-0.1444957,0.76446646,-0.62826115,-0.055927753,0.6275997,0.7765247,0.9879237,0.14734173,-0.0479306
1356511091877,-0.14864159,0.7887959,-0.5964116,-0.05769986,0.59516585,0.80152875,0.98720634,0.1535533,-0.042953014
1356511091922,-0.16348371,0.7863853,-0.5957106,-0.07356873,0.5924355,0.8022517,0.98379904,0.17498082,-0.039000154
1356511091957,-0.17476907,0.76718473,-0.61715746,-0.09204742,0.6113287,0.7860054,0.98029745,0.19417718,-0.036224008
1356511091997,-0.18334553,0.7384642,-0.64888763,-0.11263299,0.6399497,0.7601173,0.9765748,0.2124502,-0.0341565
1356511092035,-0.18508826,0.6872361,-0.7024592,-0.14037308,0.68899107,0.7110462,0.9726448,0.23021264,-0.031054735
1356511092075,-0.17515938,0.61091393,-0.77207726,-0.17695849,0.7518948,0.6350905,0.9685065,0.24786769,-0.023594975
1356511092115,-0.14747101,0.5206739,-0.8409228,-0.21936896,0.8118242,0.54112726,0.9644323,0.26427293,-0.005500853
1356511092155,-0.096960545,0.44239086,-0.89156544,-0.2598456,0.8534671,0.4517457,0.9607699,0.27547085,0.032200694
1356511092195,-0.024601579,0.40495968,-0.91400355,-0.29127198,0.87170917,0.39406064,0.9563239,0.2759181,0.09650797
1356511092235,0.060654238,0.413955,-0.9082743,-0.31449357,0.8715289,0.3762062,0.94731975,0.26282796,0.18304813
1356511092276,0.14230178,0.4415029,-0.8859037,-0.33333662,0.86410886,0.37709758,0.93200696,0.2416425,0.27013332
1356511092315,0.20473184,0.45075968,-0.8688501,-0.3445733,0.8640226,0.3670615,0.9161627,0.22423339,0.3322127
1356511092355,0.24247986,0.42559686,-0.87182033,-0.3433251,0.8781307,0.33318818,0.90737605,0.21852641,0.3590471
1356511092396,0.256629,0.3667618,-0.8942188,-0.33066177,0.90269053,0.27534088,0.9081874,0.22502354,0.35293067
1356511092435,0.2497842,0.28315124,-0.9259769,-0.31239155,0.92872095,0.19972208,0.9165257,0.23937994,0.32043386
1356511092475,0.22575861,0.18873087,-0.95572674,-0.29498973,0.9482395,0.117570825,0.9284471,0.25538698,0.2697469
1356511092515,0.18971372,0.098089434,-0.97692734,-0.28193843,0.9585349,0.04149189,0.9404889,0.2675618,0.2095024
1356511092555,0.14692646,0.021471739,-0.9889144,-0.27287695,0.9618481,-0.019658208,0.95076334,0.27274024,0.14718008
1356511092595,0.10206032,-0.033976868,-0.99419785,-0.26599115,0.96209484,-0.06018532,0.9585575,0.27059036,0.089154184
1356511092635,0.05869475,-0.0647203,-0.9961757,-0.25911817,0.96270597,-0.07781305,0.9640605,0.26269445,0.039735556
1356511092675,0.018949062,-0.06826888,-0.997487,-0.24963148,0.9657464,-0.07083872,0.96815556,0.25034648,0.001257956
1356511092715,-0.016348451,-0.041021526,-0.99902457,-0.23428982,0.97149795,-0.03605724,0.9720294,0.23347181,-0.025493383
1356511092755,-0.046656787,0.021463081,-0.99868035,-0.21033254,0.97714376,0.030826643,0.9765159,0.21149325,-0.041076005
1356511092795,-0.071063936,0.1239039,-0.9897464,-0.1777004,0.9748094,0.13479292,0.98151547,0.18545723,-0.047256052
1356511092835,-0.08793938,0.26465142,-0.9603261,-0.14055178,0.9511196,0.27498493,0.98616016,0.15915754,-0.04644364
1356511092875,-0.097180076,0.4206056,-0.9020239,-0.10814731,0.8964845,0.42967397,0.9893737,0.13930719,-0.04163307
1356511092915,-0.10260726,0.54878306,-0.82964385,-0.089944854,0.82551074,0.5571732,0.9906471,0.1317922,-0.03534317
1356511092956,-0.10901886,0.6252826,-0.7727462,-0.086281836,0.76849324,0.6340139,0.99028814,0.13579339,-0.02982974
1356511092995,-0.117355555,0.6526524,-0.7485136,-0.093909174,0.7430512,0.66261303,0.98863983,0.14805362,-0.025911152
1356511093035,-0.12480663,0.6386856,-0.75927866,-0.10938269,0.7517404,0.6503244,0.9861332,0.16421671,-0.023961008
1356511093075,-0.1276318,0.5851413,-0.80082446,-0.1322292,0.79018134,0.59843874,0.9829678,0.18227214,-0.023479521
1356511093115,-0.121450126,0.4923851,-0.86186236,-0.16318285,0.84657127,0.5066443,0.97909206,0.20217319,-0.022467375
1356511093155,-0.10138023,0.37270477,-0.92239535,-0.19997081,0.9006144,0.38588265,0.97454286,0.22357306,-0.016774416
1356511093195,-0.06413406,0.25754106,-0.96413654,-0.23523751,0.934999,0.2654057,0.9698196,0.24382263,6.1804056E-4
1356511093236,-0.009149101,0.18360865,-0.9829569,-0.2604952,0.94861966,0.17961934,0.9654318,0.25769886,0.03915018
1356511093275,0.061929315,0.16416311,-0.9844873,-0.27272058,0.95162666,0.14152808,0.960098,0.2597252,0.103704214
1356511093316,0.14299405,0.19006433,-0.97130233,-0.27669713,0.94993204,0.14514755,0.95025855,0.24800135,0.18842489
1356511093355,0.22011918,0.2238797,-0.9494342,-0.27860945,0.9471921,0.15875751,0.9348392,0.22957581,0.27087015
1356511093395,0.27893335,0.23256403,-0.9317243,-0.27757877,0.9483424,0.15361235,0.9193183,0.21577927,0.32907915
1356511093435,0.3124991,0.19961153,-0.92870855,-0.26948637,0.9561338,0.114827275,0.91089046,0.21439084,0.35258353
1356511093475,0.32060054,0.13075697,-0.93814594,-0.25576806,0.9655864,0.047175817,0.91202956,0.22482318,0.34301096
1356511093515,0.30523756,0.038014114,-0.9515172,-0.24198449,0.9695003,-0.03889373,0.92101765,0.24212423,0.30512673
1356511093555,0.27248898,-0.058068566,-0.96040505,-0.23434651,0.96411157,-0.1247822,0.9331835,0.25906935,0.24910158
1356511093595,0.22887123,-0.14536917,-0.9625413,-0.23382151,0.95162994,-0.19931889,0.9449579,0.2706812,0.1838103
1356511093636,0.18099731,-0.21442188,-0.95982456,-0.2385204,0.9372363,-0.25435433,0.9541216,0.2749752,0.11849326
1356511093675,0.13370085,-0.26302314,-0.95548034,-0.24463345,0.92554086,-0.2890131,0.96035326,0.27238375,0.059401333
1356511093716,0.09032032,-0.28949884,-0.95290744,-0.24886172,0.9199035,-0.30306008,0.9643184,0.26451465,0.011040807
1356511093755,0.052830517,-0.29319763,-0.9545911,-0.24810529,0.9220983,-0.29694867,0.9672914,0.25252706,-0.024028957
1356511093795,0.022049189,-0.27544695,-0.9610634,-0.23858206,0.93207365,-0.272612,0.97087204,0.23530337,-0.04516524
1356511093835,-0.0025024116,-0.23740864,-0.9714066,-0.21869394,0.948025,-0.23113085,0.97579026,0.21186234,-0.054292202
1356511093875,-0.020888537,-0.18170623,-0.98313093,-0.18972789,0.96619725,-0.17454536,0.9816145,0.18288137,-0.05465722
