1356511280663,0.29436594,-0.7901089,0.53765845,0.24594712,-0.48100668,-0.84151214,0.9235035,0.37994808,0.052732967
1356511280707,-0.08041698,0.3261642,-0.9418864,-0.37505794,0.86559874,0.33176857,0.92350674,0.37994176,0.05272162
1356511280745,-0.080421165,0.32603005,-0.94193256,-0.3749893,0.8656736,0.3316508,0.9235343,0.37988633,0.052639246
1356511280785,-0.0804081,0.32551792,-0.9421107,-0.37473848,0.8659588,0.33118945,0.9236372,0.37967545,0.05235398
1356511280826,-0.08034156,0.32425225,-0.94255275,-0.37411463,0.86666864,0.3300359,0.9238958,0.37913838,0.051678002
1356511280865,-0.08019528,0.32199267,-0.9433395,-0.3729743,0.8679452,0.32796544,0.9243695,0.37814265,0.050489843
1356511280905,-0.0799579,0.3190256,-0.9443672,-0.3713043,0.86968696,0.32523486,0.92506206,0.3766527,0.048917234
1356511280947,-0.07957244,0.3163767,-0.9452904,-0.3692872,0.8714678,0.32275498,0.9259023,0.3747661,0.047489047
1356511280986,-0.07896003,0.31542757,-0.94565886,-0.367263,0.8726922,0.3217548,0.9267594,0.3727113,0.046937108
1356511281045,-0.078130126,0.31679052,-0.9452722,-0.36562353,0.87299854,0.32278943,0.92747784,0.37083328,0.047618568
1356511281066,-0.07717992,0.32013354,-0.9442234,-0.36463556,0.87237567,0.32557893,0.9279462,0.36942554,0.049402177
1356511281107,-0.07628767,0.32421532,-0.9429021,-0.36446038,0.87115246,0.32903185,0.92808867,0.36875162,0.05170548
1356511281160,-0.07557617,0.32827213,-0.9415549,-0.36603263,0.86920214,0.3324269,0.927528,0.36976337,0.05446732
1356511281196,-0.07529159,0.33176386,-0.9403531,-0.36798418,0.8672235,0.3354267,0.92677873,0.37128985,0.05678922
1356511281235,-0.07520136,0.3347847,-0.9392891,-0.3710227,0.8649318,0.33798683,0.9255738,0.37391466,0.059168696
1356511281275,-0.07532841,0.33833924,-0.93800443,-0.3749493,0.8620324,0.3410471,0.9239798,0.37739462,0.061924517
1356511281325,-0.075599164,0.34259355,-0.9364371,-0.38002706,0.85834646,0.34470406,0.9218808,0.3819308,0.06530458
1356511281365,-0.07612629,0.34626973,-0.9350412,-0.38447237,0.8550511,0.34794915,0.9199922,0.3859856,0.0680393
1356511281405,-0.0766056,0.3483631,-0.9342241,-0.38785106,0.8527698,0.34979308,0.9185331,0.38913596,0.06978607
1356511281445,-0.076813,0.349177,-0.9339031,-0.38983196,0.8515901,0.35046443,0.9176768,0.39098558,0.07070714
1356511281485,-0.07651767,0.34994805,-0.93363875,-0.390289,0.851153,0.3510173,0.91750723,0.391248,0.07145268
1356511281525,-0.07556628,0.35225,-0.9328503,-0.3892621,0.8508745,0.3528279,0.9180222,0.38978517,0.07282013
1356511281605,-0.07370399,0.35920858,-0.9303423,-0.38607776,0.8498609,0.35872048,0.91951704,0.38562363,0.07604432
1356511281605,-0.07110226,0.3669987,-0.9275001,-0.38246045,0.84875363,0.36515927,0.9212321,0.38069576,0.08001417
1356511281632,-0.06823897,0.37712654,-0.9236444,-0.37844768,0.8468238,0.37372023,0.9231039,0.37505335,0.08493626
1356511281664,-0.06502779,0.39060837,-0.91825736,-0.37413937,0.8435342,0.38531786,0.92508984,0.3686126,0.091288805
1356511281705,-0.060963377,0.41210505,-0.90909463,-0.36904934,0.8369406,0.40414485,0.9274083,0.36013874,0.101064384
1356511281745,-0.055964634,0.4388335,-0.89682394,-0.3637947,0.82752097,0.42762417,0.9297964,0.35019165,0.113333404
1356511281785,-0.050090566,0.4679073,-0.88235694,-0.35840535,0.8161996,0.45317087,0.93222135,0.338941,0.12681657
1356511281825,-0.043000743,0.49553898,-0.86752063,-0.35297063,0.8047913,0.477203,0.9346457,0.32672942,0.14030409
1356511281865,-0.033992186,0.5177631,-0.8548485,-0.34826547,0.79559433,0.49572253,0.9367794,0.31456488,0.15327501
1356511281905,-0.0222186,0.5316585,-0.8466673,-0.3451632,0.7907238,0.50558704,0.9382796,0.30347186,0.16594017
1356511281945,-0.006946385,0.53590643,-0.8442488,-0.34372163,0.791547,0.50528085,0.9390459,0.29369646,0.17870426
1356511281985,0.012291491,0.530304,-0.8477184,-0.34341073,0.7984556,0.49450755,0.93910486,0.2850374,0.1919263
1356511282025,0.03555593,0.51605475,-0.8558173,-0.34381485,0.8104013,0.4743849,0.938364,0.27737552,0.20624185
1356511282065,0.06266303,0.49621293,-0.8659365,-0.3448207,0.8249755,0.447788,0.9365746,0.27053308,0.22279996
1356511282105,0.09334472,0.47568178,-0.8746506,-0.34647703,0.8390968,0.4193689,0.93340266,0.26390043,0.24313807
1356511282145,0.12723185,0.45959133,-0.8789698,-0.34874833,0.85031646,0.39412752,0.9285401,0.25639364,0.26846904
1356511282185,0.16350703,0.4515044,-0.87715966,-0.35130543,0.85748935,0.3758943,0.92187303,0.24668963,0.2988215
1356511282225,0.20073703,0.45250762,-0.8688738,-0.35350728,0.86062753,0.36654174,0.9136396,0.23357469,0.33272457
1356511282265,0.2370214,0.46140566,-0.85494184,-0.3549522,0.86030763,0.3658957,0.9043393,0.2167384,0.3676883
1356511282305,0.26994148,0.47349176,-0.8384135,-0.35584685,0.85815096,0.37006748,0.8947092,0.19845025,0.40014112
1356511282345,0.29683876,0.48134413,-0.8247391,-0.3562419,0.85713613,0.37203407,0.88599014,0.1833725,0.42590618
1356511282385,0.31565374,0.47720432,-0.82014555,-0.35439867,0.8610767,0.364621,0.880207,0.1755645,0.44092268
1356511282425,0.32516125,0.4547689,-0.8291293,-0.34676367,0.8730407,0.34286284,0.8797869,0.17602623,0.4415763
1356511282465,0.32442325,0.4099572,-0.85245806,-0.33040938,0.8935491,0.30397317,0.8863291,0.18304414,0.42534178
1356511282505,0.3125317,0.34179372,-0.8862849,-0.30613983,0.9194816,0.24664147,0.89922315,0.19424386,0.39200383
1356511282545,0.2893541,0.2545484,-0.9227564,-0.27956328,0.94443744,0.17286496,0.9154882,0.20794962,0.3444392
1356511282601,0.24924836,0.13903175,-0.9584077,-0.25431517,0.9643054,0.07374881,0.93445116,0.22535585,0.27570945
1356511282635,0.20373926,0.036889948,-0.97832996,-0.24277133,0.96998274,-0.013982438,0.9484474,0.24035922,0.20657939
1356511282677,0.15760535,-0.04807254,-0.9863314,-0.24108171,0.966719,-0.08563896,0.9576221,0.25128362,0.14077067
1356511282715,0.11390713,-0.110551886,-0.98732126,-0.24479264,0.9600271,-0.13573737,0.9628612,0.25715044,0.08229166
1356511282756,0.074718505,-0.14943385,-0.98594457,-0.24925122,0.95452684,-0.16356125,0.96555215,0.25796893,0.034074247
1356511282795,0.041064113,-0.16590387,-0.9852866,-0.25115162,0.9527428,-0.17089143,0.9670763,0.25447384,-0.002543509
1356511282835,0.013388038,-0.16213185,-0.9866783,-0.24860391,0.95524204,-0.16033947,0.9685127,0.2474387,-0.027517796
1356511282876,-0.0077823997,-0.13948219,-0.990194,-0.24044876,0.96143186,-0.13354087,0.9706307,0.23705167,-0.041020572
1356511282915,-0.021782339,-0.09809163,-0.99493897,-0.22633064,0.9698222,-0.090660274,0.973807,0.2232104,-0.04332614
1356511282955,-0.027752608,-0.03817179,-0.99888575,-0.2066072,0.9779126,-0.03163003,0.9780303,0.20549917,-0.035026193
1356511282995,-0.026204288,0.037571453,-0.9989503,-0.18403745,0.98203164,0.041762754,0.9825699,0.18493862,-0.018818855
1356511283035,-0.01942742,0.121247075,-0.99243224,-0.164399,0.9787214,0.122790195,0.9862026,0.16554037,9.188652E-4
1356511283075,-0.011538353,0.20023145,-0.9796808,-0.15459014,0.9676093,0.19958495,0.98791134,0.15375187,0.01978916
1356511283115,-0.0072929226,0.2613328,-0.9652211,-0.15813221,0.95280004,0.25916457,0.98739094,0.15452264,0.034376442
1356511283156,-0.009229656,0.29800254,-0.9545204,-0.1726041,0.93975836,0.29506275,0.984948,0.16747749,0.042762816
1356511283195,-0.016237892,0.3124137,-0.94980735,-0.19240749,0.9312021,0.3095834,0.9811807,0.18777701,0.044989944
1356511283235,-0.02537334,0.31043687,-0.9502554,-0.21281967,0.9270938,0.3085529,0.97676206,0.21006201,0.04254359
1356511283276,-0.03391856,0.29715684,-0.95422614,-0.23206916,0.9263372,0.29672095,0.97210777,0.23151079,0.037540913
1356511283315,-0.039422184,0.27661306,-0.9601725,-0.25059265,0.92747366,0.27748162,0.9672896,0.2515511,0.032754183
1356511283355,-0.03909421,0.25324273,-0.9666126,-0.26924872,0.9289029,0.2542528,0.96227694,0.270199,0.031870544
1356511283396,-0.028818794,0.23337221,-0.97196025,-0.28769052,0.9292846,0.23165566,0.95728964,0.28629982,0.040358126
1356511283435,-0.0034053326,0.22463627,-0.9744367,-0.3037365,0.928173,0.2150326,0.9527499,0.29670426,0.0650695
1356511283475,0.04209456,0.23531768,-0.97100645,-0.3146203,0.9255463,0.21066143,0.94828373,0.29663068,0.11299622
1356511283515,0.10777315,0.2666485,-0.9577492,-0.31953678,0.9215355,0.2206095,0.94142514,0.28226027,0.18452078
1356511283555,0.18204653,0.30677828,-0.93420887,-0.32063714,0.91667396,0.23853852,0.9295434,0.25611693,0.2652418
1356511283602,0.24518713,0.3368104,-0.90908855,-0.31931198,0.9134454,0.25230408,0.9153814,0.22842114,0.33151263
1356511283635,0.28269488,0.3447566,-0.8951126,-0.31504655,0.91477925,0.2528332,0.90599626,0.21052746,0.36721778
1356511283676,0.2912934,0.33037663,-0.8977747,-0.30829215,0.9208237,0.23882957,0.905596,0.20720743,0.37008238
1356511283715,0.27417237,0.29949236,-0.9138566,-0.3016925,0.9290847,0.21397017,0.91313267,0.21703894,0.34508395
1356511283755,0.23690051,0.2593063,-0.9362897,-0.2980274,0.93665546,0.18400058,0.9246934,0.23545015,0.29917455
1356511283795,0.18620932,0.21750721,-0.95813185,-0.29807612,0.94173247,0.15585437,0.9362033,0.2565747,0.24019307
1356511283835,0.12868693,0.1806901,-0.975085,-0.29970115,0.94436955,0.13544522,0.94531417,0.27480412,0.17568105
1356511283894,0.070266545,0.15426928,-0.9855271,-0.2991603,0.94575197,0.12671342,0.9516122,0.28592685,0.11260593
1356511283916,0.016015079,0.14260492,-0.98965013,-0.293312,0.9469021,0.13169852,0.95588267,0.2881671,0.05699247
1356511283955,-0.030238185,0.14866212,-0.9884257,-0.28042898,0.94790006,0.1511459,0.95939845,0.28175354,0.013026416
1356511283993,-0.0659461,0.17462525,-0.9824241,-0.25969166,0.9476346,0.18587348,0.96343726,0.26738498,-0.017144084
1356511284036,-0.089965224,0.22080871,-0.97115904,-0.23129347,0.9438211,0.23601933,0.9687155,0.24585627,-0.033839464
1356511284075,-0.10218418,0.284839,-0.9531134,-0.19700171,0.93335783,0.3000558,0.9750634,0.21842593,-0.039260626
1356511284115,-0.10355007,0.3621935,-0.9263332,-0.16046098,0.91305673,0.37493953,0.9815954,0.18746534,-0.036429167
1356511284156,-0.09685189,0.44529542,-0.89013016,-0.12738344,0.8814339,0.45480514,0.9871136,0.1574366,-0.028645277
1356511284195,-0.08743909,0.5230242,-0.84782076,-0.10398577,0.8416388,0.529935,0.99072766,0.13449831,-0.019205093
1356511284235,-0.08178359,0.5850252,-0.80688095,-0.09317118,0.8015598,0.5906107,0.9922855,0.12348032,-0.011046946
1356511284275,-0.08326925,0.6270862,-0.7744864,-0.09297359,0.7689069,0.63256466,0.9921806,0.12467995,-0.0057238936
1356511284315,-0.09052618,0.65048796,-0.75410235,-0.09912443,0.74756604,0.6567491,0.9909487,0.13420293,-0.0031950474
1356511284355,-0.10006991,0.65735734,-0.74690527,-0.1085158,0.7389848,0.66492534,0.9890452,0.14759001,-0.0026165247
1356511284395,-0.10929774,0.6483263,-0.75347656,-0.12127283,0.7436578,0.6574693,0.9865834,0.16323617,-0.0026557446
1356511284435,-0.11530474,0.62319756,-0.7735177,-0.13957521,0.7608212,0.6337743,0.9834753,0.18104105,-7.4338913E-4
1356511284475,-0.11342886,0.5844392,-0.8034704,-0.16573583,0.78622854,0.5952952,0.9796252,0.2006875,0.007681489
1356511284515,-0.09651524,0.5396023,-0.83636963,-0.19972208,0.8127027,0.54738045,0.97508764,0.21987203,0.02933228
1356511284555,-0.057234272,0.50341094,-0.86214954,-0.2388145,0.8315912,0.5014217,0.9693771,0.2345923,0.07262629
1356511284597,0.0066699833,0.4875695,-0.87305874,-0.27890152,0.8393396,0.46660796,0.9602966,0.24038509,0.14158225
1356511284635,0.08729106,0.49210197,-0.86615014,-0.3160404,0.8382336,0.44439054,0.9447216,0.23494709,0.22869438
1356511284676,0.16656075,0.5015849,-0.84892285,-0.3447396,0.83623797,0.42645127,0.9238031,0.2216273,0.3122006
1356511284717,0.22700053,0.4989645,-0.8363643,-0.35907274,0.8411613,0.40436918,0.90528315,0.20852357,0.3701086
1356511284755,0.2611128,0.4765508,-0.8394757,-0.3577191,0.8554978,0.37438023,0.89658076,0.202541,0.39385277
1356511284795,0.2681834,0.43337896,-0.86038375,-0.3438019,0.8773463,0.33475927,0.89993215,0.20602468,0.38428622
1356511284835,0.2516793,0.37463015,-0.89236194,-0.32370937,0.9015217,0.28717747,0.912069,0.2165893,0.34816563
1356511284875,0.21592885,0.30681255,-0.9269524,-0.3029594,0.9235463,0.23511228,0.9282189,0.23006144,0.29237205
1356511284915,0.16769919,0.24033448,-0.9560943,-0.28521296,0.94018227,0.18630825,0.9436793,0.24144675,0.22621429
1356511284955,0.11418596,0.18422095,-0.97622955,-0.2703493,0.95133406,0.14790124,0.95596695,0.24703473,0.15843302
1356511284996,0.061590612,0.14453658,-0.9875808,-0.25643697,0.958536,0.12429303,0.9645966,0.24559695,0.09610134
1356511285035,0.0148963295,0.12516145,-0.9920245,-0.24204187,0.96307904,0.11787495,0.97015136,0.23835558,0.04464066
1356511285075,-0.022406936,0.12686639,-0.9916668,-0.22532435,0.9657536,0.1286425,0.9740262,0.22632915,0.006946504
1356511285115,-0.0485116,0.14944519,-0.9875793,-0.20420785,0.96637446,0.15626743,0.97772485,0.20925224,-0.016362488
1356511285155,-0.06290266,0.19022736,-0.9797228,-0.17742479,0.96389824,0.19854626,0.982122,0.18631619,-0.026880741
1356511285195,-0.066681445,0.24426787,-0.9674124,-0.14689593,0.95660186,0.25166342,0.9869018,0.15889022,-0.027905643
1356511285236,-0.06250876,0.30420846,-0.9505524,-0.11827368,0.94344574,0.3097118,0.99101156,0.13178504,-0.022993803
1356511285275,-0.055529475,0.36020362,-0.9312196,-0.09928858,0.9260436,0.3641222,0.9935081,0.11267896,-0.015658617
1356511285315,-0.051026948,0.40311724,-0.9137246,-0.0947763,0.9088327,0.4062518,0.9941899,0.107329234,-0.008168995
1356511285355,-0.051469773,0.42898846,-0.90184236,-0.102972746,0.8959465,0.43206075,0.9933516,0.115103275,-0.0019400716
1356511285395,-0.055642992,0.4383301,-0.8970901,-0.11882706,0.88918924,0.44184005,0.9913546,0.13118388,0.0026083589
1356511285435,-0.060892157,0.43287507,-0.899395,-0.13752255,0.88883525,0.43710345,0.98862517,0.15030324,0.0054069757
1356511285475,-0.06490167,0.41412476,-0.9079034,-0.15735891,0.894191,0.41911894,0.9854066,0.1700682,0.0071317554
1356511285515,-0.0649797,0.38394913,-0.921065,-0.17873302,0.9036113,0.38928285,0.98174953,0.18992022,0.009907961
1356511285555,-0.057203084,0.34722373,-0.93603605,-0.20251712,0.9140434,0.35144177,0.9776066,0.20966688,0.01803261
1356511285599,-0.034441203,0.31141916,-0.94964826,-0.22786792,0.9227369,0.31085825,0.97308266,0.22710073,0.039182305
1356511285635,0.009149194,0.28396195,-0.9587919,-0.25080568,0.9288344,0.2726962,0.9679943,0.23797546,0.07971734
1356511285675,0.07822434,0.27633557,-0.95787245,-0.2674457,0.93141407,0.24686176,0.96039253,0.23686829,0.14676404
1356511285715,0.16482154,0.28262296,-0.94496465,-0.27616808,0.9329695,0.23086596,0.94687116,0.22291741,0.23182493
1356511285755,0.24742556,0.28851873,-0.9249528,-0.27767128,0.9357085,0.21759647,0.9282668,0.2029939,0.31163156
1356511285795,0.30547214,0.2805472,-0.9099341,-0.27293724,0.94131064,0.1985939,0.9122456,0.18769,0.36411595
1356511285835,0.33189183,0.25514278,-0.9081574,-0.263943,0.9493909,0.17026754,0.9056389,0.1831914,0.38243824
1356511285875,0.32846284,0.2151316,-0.9196904,-0.2541584,0.9579317,0.1333055,0.9096788,0.18996118,0.36932248
1356511285915,0.30049193,0.16616575,-0.9391983,-0.24741201,0.9645804,0.09149816,0.9211362,0.20487449,0.33096004
1356511285955,0.2560445,0.11650484,-0.9596186,-0.2457222,0.96794707,0.051952615,0.93491274,0.22249742,0.27646536
1356511285995,0.20203057,0.07216414,-0.9767169,-0.24745688,0.96868443,0.020385057,0.94760156,0.23757693,0.21356136
1356511286035,0.14574113,0.039354987,-0.98853976,-0.24887338,0.96853423,0.0018669516,0.957508,0.24574912,0.15094972
1356511286075,0.09255034,0.020651579,-0.9954939,-0.2458353,0.9693077,-0.0027467906,0.9648832,0.24498175,0.094786644
1356511286115,0.046366602,0.017691098,-0.99876773,-0.23630059,0.97166,0.0062409714,0.97057307,0.23572007,0.04923302
1356511286155,0.00951314,0.030299105,-0.9994956,-0.2202465,0.9750576,0.027461983,0.9753978,0.21987414,0.01594913
1356511286195,-0.01692569,0.056413136,-0.99826396,-0.19776404,0.9784936,0.05864901,0.9801035,0.19841343,-0.0054051876
1356511286235,-0.033151895,0.093852125,-0.99503404,-0.16966593,0.9806025,0.09814377,0.9849439,0.17207704,-0.01658535
1356511286275,-0.040251225,0.13938147,-0.9894204,-0.13833529,0.9799094,0.14366934,0.9895673,0.1426546,-0.020161152
1356511286315,-0.04056588,0.18893024,-0.98115224,-0.10872641,0.9752949,0.19229767,0.99324363,0.1144779,-0.019021988
1356511286355,-0.03784868,0.23694909,-0.97078454,-0.087657,0.9669485,0.23943034,0.9954314,0.09415817,-0.015827477
1356511286395,-0.036509603,0.2778982,-0.9599165,-0.07946139,0.9567082,0.27999163,0.9961691,0.08649867,-0.012846887
1356511286435,-0.03898335,0.30806327,-0.9505669,-0.083083645,0.9469966,0.31031355,0.9957799,0.0910736,-0.011322081
1356511286475,-0.044657078,0.3264635,-0.94415426,-0.093856014,0.93954587,0.32930925,0.9945837,0.10332056,-0.011316836
1356511286515,-0.051527176,0.33330625,-0.9414095,-0.10772847,0.935306,0.33704174,0.99284416,0.1187834,-0.01228714
1356511286555,-0.05764169,0.32886767,-0.9426152,-0.12365576,0.9345625,0.33361983,0.99064964,0.1357902,-0.0132033825
1356511286599,-0.060517844,0.31360972,-0.94762146,-0.14288944,0.936862,0.31917423,0.98788667,0.15472086,-0.011885345
1356511286635,-0.05659753,0.2885621,-0.9557869,-0.16567858,0.9413337,0.29400927,0.98455435,0.1749936,-0.005468607
1356511286693,-0.039905544,0.26169008,-0.9643266,-0.19266267,0.9449701,0.26441002,0.98045325,0.19634117,0.012708366
1356511286715,-0.0017012022,0.23803766,-0.97125447,-0.22123148,0.9470998,0.23250526,0.97521985,0.2152676,0.051050246
1356511286766,0.07816109,0.2346885,-0.9689232,-0.24699251,0.9461551,0.20924933,0.96586,0.22296162,0.13191879
1356511286803,0.1761727,0.22789691,-0.9576149,-0.26029587,0.94898754,0.17795704,0.94932044,0.217912,0.2265063
1356511286846,0.2684909,0.22263606,-0.9372011,-0.25985843,0.95359504,0.15208584,0.92757004,0.20270592,0.31388545
1356511286885,0.33423638,0.20894773,-0.91903585,-0.25058043,0.9597206,0.12706614,0.90856785,0.18782225,0.37313175
1356511286925,0.36590654,0.184179,-0.91224474,-0.23892866,0.965958,0.09918788,0.89945847,0.18166792,0.397456
1356511286965,0.36668694,0.15111062,-0.9179904,-0.22937551,0.9709454,0.06820459,0.901625,0.18555477,0.39069408
1356511287006,0.3413699,0.11318439,-0.93308944,-0.22358745,0.97400594,0.036348335,0.91294867,0.19621885,0.35780293
1356511287045,0.29738358,0.075992905,-0.951729,-0.22135124,0.97515535,0.008698553,0.9287446,0.20807959,0.30681634
1356511287085,0.24104759,0.043332696,-0.96954536,-0.22063926,0.9752904,-0.01126568,0.9451002,0.21663536,0.24465233
1356511287125,0.17878696,0.018755093,-0.98370904,-0.21889754,0.9755178,-0.02118522,0.95922834,0.21911913,0.17851532
1356511287165,0.11731577,0.005061701,-0.99308175,-0.21415679,0.9765879,-0.02032137,0.96972877,0.21505922,0.11565316
1356511287205,0.061686665,0.0028340071,-0.9980916,-0.20473158,0.97876835,-0.009874232,0.97687244,0.20494998,0.060957134
1356511287245,0.015797853,0.0127494335,-0.9997938,-0.18961422,0.9818125,0.0095240325,0.9817315,0.18942468,0.017928004
1356511287285,-0.017706573,0.034039237,-0.9992636,-0.1678521,0.985135,0.036532238,0.9856531,0.16837537,-0.011729836
1356511287325,-0.037888914,0.06587964,-0.997108,-0.14068846,0.98753405,0.070593074,0.9893286,0.14295627,-0.028148055
1356511287365,-0.046147764,0.10578873,-0.99331725,-0.11193945,0.98756593,0.11037674,0.9926429,0.11628503,-0.033732057
1356511287405,-0.045555443,0.14982468,-0.98766255,-0.086486176,0.98438513,0.15331665,0.995211,0.09240356,-0.03188634
1356511287445,-0.041059166,0.19329455,-0.98028123,-0.07006338,0.97813654,0.19580626,0.9966972,0.07672146,-0.0266186
1356511287485,-0.037917137,0.23133111,-0.97213596,-0.06645224,0.9700983,0.23343813,0.99706894,0.073451914,-0.021410882
1356511287525,-0.03897348,0.26095212,-0.96456474,-0.074123174,0.96188366,0.26322174,0.9964873,0.08175527,-0.018145323
1356511287598,-0.045199543,0.2803876,-0.958822,-0.09224687,0.9545307,0.28348124,0.99470973,0.10126154,-0.017279506
1356511287606,-0.051604297,0.29054055,-0.95547014,-0.109212816,0.9493649,0.29458258,0.992678,0.11955133,-0.017260551
1356511287646,-0.057982918,0.29355606,-0.95418173,-0.12687483,0.9458728,0.29870963,0.9902225,0.13838172,-0.017599583
1356511287685,-0.06170946,0.28694946,-0.955956,-0.14619836,0.94485205,0.29305387,0.98732865,0.15784341,-0.0163548
1356511287725,-0.058728848,0.2731152,-0.960187,-0.16851883,0.9453309,0.27919683,0.98394734,0.1782065,-0.009493113
1356511287765,-0.041831195,0.25589913,-0.965798,-0.19349127,0.9462693,0.25910538,0.9802098,0.19771217,0.00993067
1356511287805,-0.0021237396,0.24167532,-0.9703549,-0.21850562,0.94679683,0.2362862,0.9758334,0.21252978,0.050796688
1356511287845,0.06636149,0.23581275,-0.9695301,-0.23902053,0.9471381,0.21400625,0.9687443,0.2175358,0.119217575
1356511287885,0.15683696,0.23717879,-0.9587223,-0.2500133,0.94865155,0.19378778,0.9554557,0.20930019,0.20808148
1356511287925,0.24746418,0.23848237,-0.9390887,-0.24988629,0.95215434,0.17595157,0.9361187,0.1911237,0.29521757
1356511287965,0.3142514,0.23167636,-0.92063683,-0.2427225,0.9571407,0.15801124,0.9177864,0.173804,0.35701585
1356511288005,0.34641534,0.21400386,-0.91334486,-0.23481807,0.9624161,0.13643934,0.90821636,0.16720517,0.38364768
1356511288045,0.34568694,0.18735325,-0.919456,-0.23053265,0.96679,0.11032518,0.9095907,0.17382663,0.37739772
1356511288086,0.3169569,0.15454772,-0.93576354,-0.23130259,0.96943986,0.08176401,0.91980296,0.19052884,0.34301794
1356511288125,0.26770693,0.120182306,-0.95597553,-0.23620793,0.97009844,0.05581121,0.9340979,0.21086796,0.2880901
1356511288165,0.20606178,0.08884279,-0.97449756,-0.24235398,0.9694768,0.037138246,0.9480523,0.22852057,0.22130352
1356511288205,0.14012003,0.06468731,-0.9880192,-0.24587956,0.9688794,0.028563775,0.9591192,0.23893139,0.15166467
1356511288246,0.07710752,0.050915055,-0.99572194,-0.24356025,0.9693996,0.030708067,0.9668158,0.24015045,0.087148905
1356511288285,0.022607297,0.04974187,-0.9985062,-0.23396987,0.97128856,0.04308866,0.9719809,0.23264624,0.033596337
1356511288325,-0.019696504,0.062453084,-0.9978535,-0.21679884,0.9740337,0.06524161,0.9760176,0.21761853,-0.0056453347
1356511288365,-0.048328638,0.089191005,-0.99484134,-0.1923949,0.9765222,0.096895024,0.98012674,0.1960852,-0.030034065
1356511288405,-0.06330454,0.1283117,-0.9897114,-0.16142562,0.9773251,0.13703106,0.98485243,0.16843946,-0.041156292
1356511288445,-0.06662229,0.17718947,-0.9819191,-0.12720725,0.97456676,0.1844936,0.9896361,0.13719863,-0.04238808
1356511288485,-0.061718345,0.23139408,-0.97090036,-0.09600661,0.96686786,0.23653597,0.99346536,0.10781148,-0.03745812
1356511288525,-0.05390096,0.28509897,-0.95698136,-0.07554292,0.9544638,0.28860384,0.9956847,0.087849155,-0.029909313
1356511288598,-0.048867192,0.33195382,-0.94202906,-0.07367304,0.9393887,0.33484513,0.9960845,0.08576508,-0.021449208
1356511288606,-0.048528757,0.37068617,-0.92748946,-0.07959573,0.92419523,0.3735342,0.9956452,0.09195137,-0.015344977
1356511288644,-0.05393798,0.39700478,-0.9162303,-0.09391734,0.9114815,0.400476,0.99411786,0.10765079,-0.011877835
1356511288685,-0.062403522,0.41060448,-0.9096756,-0.111547455,0.90287215,0.41518566,0.9917978,0.12738106,-0.010540485
1356511288725,-0.07139164,0.41154832,-0.90858746,-0.13072841,0.8991937,0.4175653,0.9888444,0.14858885,-0.010393858
1356511288765,-0.07810559,0.39946395,-0.9134157,-0.15217465,0.9007011,0.40691584,0.98526263,0.17078108,-0.009561479
1356511288805,-0.07854062,0.3755879,-0.9234528,-0.17732319,0.9062795,0.3836847,0.9810137,0.19388443,-0.0045793056
1356511288845,-0.06650379,0.34526908,-0.93614453,-0.20684053,0.91307056,0.35145292,0.9761118,0.21700558,0.010692954
1356511288885,-0.0340949,0.31867218,-0.94725156,-0.23900145,0.9177023,0.3173338,0.97042036,0.23721398,0.04487419
1356511288925,0.024068944,0.30833673,-0.9509728,-0.26981968,0.9179501,0.29080057,0.96261,0.24959189,0.1052894
1356511288965,0.1017117,0.31725657,-0.94286954,-0.29516405,0.9147301,0.27594748,0.95001733,0.2502341,0.18668145
1356511289005,0.18056771,0.33581018,-0.9244603,-0.31272316,0.91073745,0.26974353,0.93252325,0.24039315,0.2694654
1356511289045,0.24065572,0.34687662,-0.9065106,-0.32106918,0.90983087,0.26291135,0.91596913,0.22778149,0.3303274
1356511289085,0.27321732,0.34071866,-0.8995905,-0.3203722,0.9140133,0.24888009,0.9070358,0.22020543,0.35888106
1356511289125,0.2789837,0.31577042,-0.90689427,-0.31213674,0.92292804,0.225332,0.9081513,0.22021104,0.35604542
1356511289165,0.26271617,0.27579728,-0.92461675,-0.29896238,0.9343856,0.19376542,0.9173885,0.22552033,0.32793123
1356511289205,0.22983462,0.22692367,-0.9464047,-0.28338686,0.9459034,0.15798292,0.93105745,0.23188868,0.28170854
1356511289245,0.18577245,0.17670962,-0.96657246,-0.26732868,0.9556793,0.12333833,0.94552845,0.23547967,0.22477841
1356511289285,0.1358178,0.13241395,-0.9818452,-0.25166523,0.96313286,0.09507771,0.958237,0.23418306,0.16413456
1356511289326,0.084739745,0.100096196,-0.9913627,-0.23630029,0.9685767,0.07759703,0.967978,0.22768372,0.1057297
1356511289365,0.036932588,0.086021155,-0.9956085,-0.22089756,0.97234565,0.075816914,0.9745975,0.21712737,0.054913104
1356511289405,-0.0039005876,0.094532445,-0.9955142,-0.20393302,0.97452515,0.093338385,0.97897714,0.20338227,0.015477061
1356511289445,-0.035157442,0.12786317,-0.9911685,-0.18288901,0.9742098,0.13216265,0.9825047,0.18592031,-0.010865927
1356511289486,-0.05531463,0.18549944,-0.98108625,-0.15585656,0.9689418,0.1919906,0.98622966,0.16352864,-0.024685383
1356511289532,-0.061283436,0.2684091,-0.96135366,-0.1201643,0.9541746,0.2740648,0.9908607,0.13231602,-0.026221871
1356511289563,-0.061918084,0.36512342,-0.9288978,-0.08845371,0.925014,0.36949295,0.99415404,0.10504274,-0.024978578
1356511289603,-0.057092935,0.45089948,-0.89074695,-0.0647323,0.88865304,0.45398855,0.99626815,0.083579585,-0.021548033
1356511289634,-0.053467214,0.5220021,-0.85126674,-0.05133623,0.84992194,0.52440184,0.9972491,0.07173914,-0.018645346
1356511289675,-0.057084173,0.568661,-0.8205889,-0.052242845,0.8191017,0.57126456,0.9970016,0.075480044,-0.017049253
1356511289715,-0.06701957,0.59599483,-0.8001865,-0.062193513,0.79793465,0.59952664,0.99581134,0.08994645,-0.016410232
1356511289755,-0.07902762,0.6077264,-0.7902045,-0.07596803,0.78670716,0.6126341,0.9939735,0.10844535,-0.016003847
1356511289795,-0.08986673,0.6048816,-0.7912283,-0.091118515,0.78611755,0.61132365,0.9917768,0.12703323,-0.015529931
1356511289835,-0.09747554,0.58623683,-0.80425435,-0.10818097,0.7970732,0.5941138,0.98934096,0.14491656,-0.014275491
1356511289875,-0.09948796,0.5518867,-0.82796323,-0.12928466,0.8178686,0.5606928,0.986604,0.16282515,-0.010017574
1356511289915,-0.09136644,0.50646627,-0.85740536,-0.1562263,0.843055,0.5146373,0.98348635,0.18096988,0.0020964742
1356511289955,-0.06599463,0.4620793,-0.88437974,-0.18856378,0.86456674,0.4657983,0.979841,0.19750217,0.030074656
1356511289995,-0.016761363,0.43774214,-0.89894426,-0.22351995,0.8746766,0.43009263,0.97455513,0.20814095,0.08318335
1356511290035,0.055705577,0.44518733,-0.8937029,-0.25881606,0.8709359,0.41771385,0.96431893,0.20803574,0.1637376
1356511290075,0.13798355,0.47579885,-0.8686634,-0.29358464,0.8572846,0.4229316,0.9459221,0.19666864,0.25797838
1356511290115,0.20884112,0.5049222,-0.83751947,-0.32314458,0.8439287,0.42820787,0.9230184,0.1812125,0.3394099
1356511290155,0.25481957,0.51457083,-0.8187086,-0.34025145,0.840227,0.42219368,0.90514964,0.17098358,0.38918978
1356511290195,0.27422523,0.5007523,-0.82100403,-0.3423531,0.8486342,0.4032546,0.8986628,0.17049071,0.40415102
1356511290235,0.26973113,0.4656054,-0.8428859,-0.33197984,0.8666285,0.37248412,0.9038996,0.17935058,0.3883283
1356511290275,0.24547893,0.41537002,-0.875904,-0.3149108,0.8887159,0.33318946,0.9168268,0.19404063,0.34896553
1356511290315,0.20561963,0.3561045,-0.9115428,-0.29592592,0.91046524,0.2889306,0.93281746,0.21033931,0.29259008
1356511290355,0.15564364,0.2972508,-0.94202805,-0.27819037,0.9282414,0.24693738,0.94783175,0.22362892,0.22716719
1356511290395,0.10159698,0.24778266,-0.96347386,-0.26180556,0.9410057,0.21439733,0.95975834,0.23046069,0.16047424
1356511290435,0.04894713,0.21517728,-0.97534764,-0.24527933,0.9492047,0.19710055,0.96821606,0.22958508,0.09923941
1356511290475,0.00201568,0.20470406,-0.9788219,-0.22657551,0.9534615,0.1989338,0.9739915,0.22137608,0.04830283
1356511290515,-0.03596354,0.22062038,-0.97469646,-0.2038392,0.9532036,0.22327662,0.97834355,0.20671117,0.01069051
1356511290556,-0.062130183,0.26477018,-0.9623079,-0.17473046,0.9463947,0.27167305,0.98265404,0.1850236,-0.012536287
1356511290601,-0.075671345,0.33612847,-0.93877125,-0.14025307,0.92852306,0.34376445,0.9872198,0.1576787,-0.023119569
1356511290637,-0.07611969,0.42749244,-0.9008086,-0.103737354,0.8951316,0.43356434,0.99168766,0.12645027,-0.02379024
1356511290675,-0.06602627,0.52707845,-0.8472478,-0.070681885,0.8444971,0.53087544,0.9953113,0.09493682,-0.018504083
1356511290715,-0.052146256,0.61741674,-0.78490597,-0.047516823,0.78355104,0.6195078,0.99750835,0.06960124,-0.011521578
1356511290755,-0.043277234,0.6833267,-0.728829,-0.038010746,0.72785807,0.6846734,0.9983398,0.057334125,-0.0055259466
1356511290795,-0.045031905,0.7202717,-0.6922288,-0.04118389,0.69100416,0.7216766,0.9981363,0.061007142,-0.0014536381
1356511290837,-0.055908665,0.7321234,-0.67887366,-0.05299294,0.67680293,0.73425436,0.99702847,0.077026755,9.582639E-4
1356511290875,-0.070562705,0.7233852,-0.68682945,-0.069295675,0.6833275,0.72681606,0.9950975,0.09888044,0.0019100308
1356511290915,-0.08458689,0.694391,-0.71460915,-0.088706374,0.7090839,0.69952214,0.99245965,0.12256077,0.0016177297
1356511290955,-0.09468046,0.6421766,-0.76068705,-0.11324695,0.7522116,0.649117,0.9890453,0.14760423,0.0015047789
1356511290995,-0.095545486,0.5649322,-0.81958693,-0.14542595,0.8065977,0.5729323,0.98474485,0.17393027,0.005088985
1356511291035,-0.080179155,0.4736266,-0.8770685,-0.18488546,0.8575665,0.479997,0.97948384,0.20064297,0.01880771
1356511291075,-0.041255444,0.39247426,-0.9188372,-0.22647902,0.8920102,0.39118412,0.9731419,0.22423586,0.05208689
1356511291115,0.022705972,0.3465454,-0.9377584,-0.26275593,0.90709233,0.32885078,0.96459514,0.23893467,0.11165327
1356511291156,0.104610205,0.34669402,-0.93212664,-0.2910473,0.90690666,0.30465025,0.9509723,0.23942338,0.19577605
1356511291195,0.18695551,0.36901867,-0.91042453,-0.3119222,0.90110505,0.30118808,0.9315322,0.22767286,0.28357166
1356511291235,0.2517081,0.38204926,-0.8892027,-0.32295322,0.8992777,0.29495913,0.9123291,0.21292724,0.3497395
1356511291275,0.29089233,0.3663594,-0.88383394,-0.32063365,0.90769196,0.27072012,0.90142983,0.20463648,0.38150775
1356511291315,0.30479044,0.31938204,-0.8972725,-0.30596647,0.9249954,0.22531754,0.9019354,0.20586064,0.37964994
1356511291355,0.2958842,0.24623978,-0.9229401,-0.2838474,0.9452245,0.16118696,0.9120763,0.2142815,0.34957153
1356511291395,0.26868388,0.16025652,-0.94980353,-0.26159704,0.96114177,0.08816805,0.92702526,0.22477645,0.30016595
1356511291435,0.22852999,0.07297128,-0.97079825,-0.24342519,0.96979433,0.015592493,0.9426124,0.2327534,0.23939013
1356511291475,0.18143153,-0.0038779005,-0.98339593,-0.23052481,0.9719613,-0.046363465,0.9560026,0.23510894,0.1754505
1356511291515,0.13305092,-0.06215339,-0.98915845,-0.22105765,0.97102946,-0.090748556,0.96614236,0.23073524,0.11545688
1356511291555,0.08759612,-0.097102836,-0.99141204,-0.21216024,0.9705852,-0.11380836,0.97330105,0.22030741,0.06441814
1356511291602,0.047646612,-0.10614399,-0.9932085,-0.20096266,0.97298706,-0.11362356,0.97843945,0.2050116,0.025028586
1356511291637,0.014476895,-0.08705634,-0.99609816,-0.18502483,0.97876513,-0.08823054,0.98262715,0.1855802,-0.0019381046
1356511291665,-0.012799323,-0.043916583,-0.9989532,-0.1658682,0.9852873,-0.041190583,0.9860649,0.16516736,-0.019895375
1356511291705,-0.030547202,0.022851389,-0.9992721,-0.13914938,0.9899062,0.026890934,0.9898002,0.13986954,-0.027059138
1356511291745,-0.040722102,0.12155428,-0.9917491,-0.10799838,0.98622185,0.12531133,0.9933167,0.11221024,-0.027033329
1356511291786,-0.043939233,0.24149367,-0.96940714,-0.078790374,0.9664842,0.24433675,0.9959224,0.08711591,-0.023439169
1356511291825,-0.0433363,0.35904104,-0.9323151,-0.059544906,0.93060464,0.36115015,0.99728453,0.07116552,-0.018949926
1356511291865,-0.044591554,0.4455208,-0.8941604,-0.054913193,0.8926044,0.44748402,0.99749494,0.069055215,-0.015337646
1356511291905,-0.050534487,0.48740357,-0.8717133,-0.06293017,0.86954004,0.48983663,0.9967377,0.07961072,-0.013269365
1356511291945,-0.05853632,0.4875325,-0.8711404,-0.07882725,0.86765456,0.49087852,0.99516827,0.097403824,-0.012358487
1356511291985,-0.06419144,0.45092332,-0.89025146,-0.09960638,0.88474137,0.45531452,0.9929542,0.117901996,-0.011877954
1356511292025,-0.06346491,0.38001537,-0.9228003,-0.12436205,0.9144455,0.38512772,0.99020517,0.13920343,-0.010775745
1356511292067,-0.05299193,0.2835719,-0.9574857,-0.15303904,0.9451998,0.2884032,0.9867983,0.16181576,-0.006690383
1356511292103,-0.028854191,0.17414065,-0.98429793,-0.18217815,0.9672994,0.17647375,0.982842,0.1844096,0.003813982
1356511292146,0.01068303,0.086443454,-0.9961995,-0.20674911,0.9749197,0.08237979,0.9783356,0.20508328,0.028287172
1356511292185,0.06854841,0.03375405,-0.99707663,-0.22129622,0.97504425,0.017794214,0.97279453,0.21942952,0.07430738
1356511292243,0.14462316,0.024341494,-0.9891873,-0.2229735,0.97478646,-0.008612491,0.96403676,0.22180814,0.1464042
1356511292265,0.23135042,0.04401675,-0.97187424,-0.2143853,0.9767255,-0.0067970157,0.9489552,0.20992805,0.2354024
1356511292306,0.31072432,0.061217315,-0.9485267,-0.19981778,0.97983056,-0.0022199005,0.9292595,0.19022226,0.3166895
1356511292343,0.3651566,0.04737819,-0.9297398,-0.1797769,0.983494,-0.020490214,0.91342264,0.17462787,0.3676468
1356511292385,0.387909,-0.0031998083,-0.92169213,-0.15599892,0.985339,-0.069075435,0.9084002,0.17057797,0.3817227
1356511292425,0.38132346,-0.07781872,-0.9211605,-0.13586071,0.98091334,-0.13910747,0.91440386,0.17819446,0.36347276
1356511292465,0.35074702,-0.16136694,-0.92246264,-0.12747604,0.96764594,-0.21774097,0.9277535,0.19396387,0.31882852
1356511292505,0.30504903,-0.23754872,-0.92223406,-0.13432287,0.94797766,-0.28860998,0.94281626,0.21191734,0.25727147
1356511292545,0.2517327,-0.29893222,-0.92047286,-0.15258229,0.9269476,-0.3427635,0.9556931,0.22673264,0.18773127
1356511292603,0.1957263,-0.3437627,-0.9184326,-0.17519467,0.90922296,-0.3776512,0.9648824,0.23482078,0.11773348
1356511292627,0.14120647,-0.37093115,-0.9178621,-0.1954584,0.8984557,-0.39315838,0.970493,0.23492034,0.05436617
1356511292667,0.09131825,-0.38099205,-0.9200576,-0.20823824,0.8961859,-0.39177507,0.97380584,0.2273674,0.002501011
1356511292707,0.048091978,-0.37429097,-0.9260634,-0.21017757,0.90258634,-0.375717,0.97647965,0.21270671,-0.03526038
1356511292747,0.0125238,-0.35189143,-0.9359571,-0.1991739,0.91639537,-0.34720194,0.97988415,0.1907665,-0.058610857
1356511292785,-0.01480943,-0.314321,-0.9492012,-0.17555565,0.9353763,-0.30700395,0.9843581,0.16209105,-0.069033206
1356511292825,-0.03320855,-0.26151735,-0.9646273,-0.14237052,0.9565549,-0.25442755,0.9892562,0.12888533,-0.06899816
1356511292866,-0.042243063,-0.19316424,-0.9802566,-0.10669051,0.97639453,-0.18780549,0.99339443,0.096650615,-0.06185466
1356511292905,-0.04284832,-0.11245114,-0.992733,-0.078708075,0.99093723,-0.10885054,0.99597645,0.07347204,-0.051310778
1356511292945,-0.03837526,-0.028938828,-0.99884427,-0.066797815,0.997419,-0.026331186,0.99702823,0.06571015,-0.040209293
1356511292986,-0.033472955,0.044812053,-0.9984345,-0.0724332,0.9962585,0.047142744,0.99681145,0.07389781,-0.030101836
1356511293025,-0.030690521,0.099298984,-0.99458426,-0.08835755,0.9908879,0.10165645,0.9956159,0.09099892,-0.021637082
1356511293065,-0.029723883,0.13111736,-0.99092114,-0.1086344,0.98506314,0.13360085,0.9936373,0.111619264,-0.0150360465
1356511293105,-0.028957603,0.13983676,-0.98975104,-0.13016987,0.981207,0.14243807,0.9910688,0.13296042,-0.010210872
1356511293145,-0.025619775,0.12877381,-0.991343,-0.1528075,0.9795102,0.1311858,0.98792386,0.1548456,-0.0054172277
1356511293185,-0.015175492,0.10519949,-0.99433535,-0.17649937,0.9785522,0.10622339,0.9841837,0.17711155,0.0037176013
1356511293225,0.0089064855,0.08000973,-0.9967544,-0.19925332,0.97694653,0.076639324,0.97990763,0.19792402,0.024643362
1356511293265,0.054432213,0.06677976,-0.9962818,-0.21724567,0.9746519,0.053460658,0.974598,0.21352795,0.06756008
1356511293305,0.12486881,0.07319211,-0.98946995,-0.22711295,0.9729051,0.043305643,0.96583,0.21931392,0.13810837
1356511293345,0.21352836,0.0983046,-0.9719783,-0.22939613,0.9721525,0.0479275,0.94962263,0.2127342,0.23013282
1356511293385,0.29881012,0.124011725,-0.94622064,-0.22749287,0.9721926,0.05557488,0.9268006,0.19865213,0.31871277
1356511293425,0.35858047,0.13087212,-0.9242795,-0.22238742,0.9735931,0.05157792,0.90662223,0.1870533,0.3782158
1356511293465,0.38459376,0.112078965,-0.9162565,-0.21405074,0.9763744,0.029586092,0.8979253,0.18474676,0.39949805
1356511293506,0.37931502,0.07197715,-0.9224637,-0.2052169,0.97868365,-0.0080209,0.9022228,0.19234762,0.38600034
1356511293545,0.3489515,0.019023716,-0.9369477,-0.20023075,0.97822,-0.054711103,0.91550016,0.20669726,0.34516042
1356511293603,0.30003753,-0.038991183,-0.9531301,-0.20177153,0.9739636,-0.10335946,0.9323442,0.22332627,0.28435832
1356511293627,0.24197322,-0.091007635,-0.9660054,-0.20899175,0.96733403,-0.1434828,0.9475079,0.23660615,0.21504909
1356511293667,0.18143749,-0.13256353,-0.9744266,-0.2168665,0.9610847,-0.17112884,0.95919204,0.24236968,0.14562821
1356511293705,0.1239737,-0.15948166,-0.9793855,-0.22068118,0.9578502,-0.18390937,0.9674349,0.23893188,0.08355361
1356511293745,0.07361579,-0.17021266,-0.98265374,-0.21740657,0.9588903,-0.18238351,0.9733012,0.22706169,0.033584118
1356511293786,0.03278774,-0.16416803,-0.98588735,-0.20504016,0.96433216,-0.16739775,0.9782042,0.20763509,-0.0020427704
1356511293825,0.0023412406,-0.14091718,-0.9900186,-0.18297291,0.9732473,-0.13896269,0.9831152,0.18147194,-0.02350545
1356511293865,-0.01740399,-0.10162426,-0.99467057,-0.15154368,0.9835962,-0.09784121,0.9882973,0.14903322,-0.032519042
1356511293905,-0.027160406,-0.0478816,-0.99848366,-0.114380434,0.9924407,-0.04448047,0.9930656,0.11299889,-0.03243184
1356511293945,-0.028946966,0.015680503,-0.99945796,-0.079029605,0.9967111,0.017926319,0.99645185,0.07950568,-0.027612567
1356511293985,-0.026135802,0.0803286,-0.99642575,-0.05453911,0.9951671,0.08165767,0.99816954,0.05647836,-0.02162844
1356511294025,-0.02382496,0.13425116,-0.99066085,-0.047338594,0.98967904,0.13525659,0.9985947,0.050118975,-0.017223835
1356511294066,-0.025473684,0.1676377,-0.98551947,-0.056894094,0.9839984,0.16884956,0.99805516,0.060371455,-0.0155284405
1356511294105,-0.030641375,0.17744343,-0.9836539,-0.07675703,0.98079216,0.17931825,0.99657893,0.08099691,-0.016432822
1356511294145,-0.036756694,0.16498253,-0.9856113,-0.100563474,0.9806606,0.16790414,0.9942514,0.10528809,-0.019454598
1356511294185,-0.041182697,0.13325359,-0.990226,-0.1258267,0.9824849,0.13744491,0.99119705,0.13025722,-0.023694515
1356511294226,-0.040701568,0.08706762,-0.99537057,-0.15229951,0.9840148,0.09230197,0.98749596,0.15535128,-0.026790619
1356511294265,-0.030865818,0.03558398,-0.9988899,-0.17953825,0.9829144,0.040562637,0.9832667,0.18059093,-0.023949742
1356511294305,-0.004841596,-0.010548301,-0.99993265,-0.20446658,0.978829,-0.009335674,0.9788616,0.2044076,-0.0068959
1356511294345,0.045111507,-0.04043313,-0.9981634,-0.2211478,0.97398585,-0.049448423,0.9741964,0.22297233,0.03499627
1356511294385,0.12369019,-0.047938257,-0.9911623,-0.22325477,0.9718808,-0.074866354,0.96688056,0.23054194,0.10950965
1356511294425,0.22209772,-0.04005362,-0.9742014,-0.20965002,0.97382337,-0.08783395,0.95221823,0.22374907,0.2078867
1356511294465,0.31792504,-0.031867534,-0.94758016,-0.18566437,0.9779923,-0.095183045,0.9297593,0.20619294,0.30501157
1356511294505,0.3873424,-0.040046256,-0.9210658,-0.1587176,0.98124325,-0.10940932,0.90817106,0.18856822,0.37372106
1356511294545,0.42116934,-0.068669036,-0.90437883,-0.1345384,0.9813684,-0.13716939,0.89694816,0.1794452,0.40408367
1356511294602,0.42272964,-0.11129887,-0.89939547,-0.11807337,0.9772068,-0.1764242,0.8985312,0.18077439,0.3999529
