1356510388829,-0.09446108,-0.09643905,-0.9908464,-0.43541974,-0.8910473,0.12823576,-0.89525795,0.44354737,0.042177767
1356510388855,-0.014969468,0.064676896,-0.9977939,-0.4453014,-0.893912,-0.051262602,-0.89525557,0.44355166,0.04218215
1356510388893,-0.015014112,0.06467536,-0.99779344,-0.44537786,-0.8938755,-0.051237807,-0.8952168,0.4436258,0.042225655
1356510388933,-0.015008867,0.064915,-0.99777794,-0.4456944,-0.893706,-0.05143985,-0.89505935,0.44393194,0.042345766
1356510388963,-0.014551878,0.06609237,-0.99770737,-0.44625133,-0.8933563,-0.052671015,-0.89478934,0.4444618,0.04249382
1356510389003,-0.013524413,0.068294585,-0.9975735,-0.44740462,-0.892636,-0.05504489,-0.8942293,0.44557458,0.04262775
1356510389034,-0.01080519,0.07358843,-0.9972302,-0.4487437,-0.891581,-0.060930014,-0.8935952,0.44684237,0.042656038
1356510389073,-0.006879151,0.08042048,-0.9967373,-0.45036006,-0.89019877,-0.0687163,-0.89282054,0.44841796,0.042341974
1356510389106,-8.6694956E-4,0.090694636,-0.99587834,-0.45179775,-0.8884791,-0.08052048,-0.8921199,0.4498658,0.04174596
1356510389144,0.0063384175,0.101619184,-0.9948032,-0.45289314,-0.88665307,-0.09345727,-0.8915423,0.45113188,0.040402595
1356510389173,0.014539838,0.11389615,-0.99338627,-0.45349532,-0.88468236,-0.10807043,-0.8911401,0.45206732,0.03878817
1356510389204,0.022462487,0.12515579,-0.9918828,-0.45356393,-0.882879,-0.12167324,-0.89094067,0.45261538,0.036934495
1356510389244,0.029996395,0.1352278,-0.9903604,-0.45298272,-0.8813811,-0.13406746,-0.8910146,0.45263767,0.034817547
1356510389275,0.036554217,0.14400321,-0.98890185,-0.45203298,-0.88015723,-0.14487706,-0.8912519,0.4523121,0.032920748
1356510389314,0.04180008,0.15110892,-0.987633,-0.4504931,-0.8794631,-0.15362528,-0.8918009,0.4513434,0.03131184
1356510389344,0.0457381,0.15669796,-0.9865869,-0.44862655,-0.8792003,-0.16044019,-0.8925482,0.4499473,0.030085953
1356510389384,0.048128307,0.16081445,-0.9858105,-0.44606525,-0.87960935,-0.1652673,-0.8937055,0.4476899,0.029399574
1356510389415,0.04923898,0.16368656,-0.9852829,-0.44340754,-0.880356,-0.16841395,-0.8949667,0.4451744,0.029231906
1356510389454,0.048210084,0.16519713,-0.98508155,-0.44036394,-0.88169146,-0.16941021,-0.8965241,0.44196165,0.030240387
1356510389485,0.045702636,0.1656706,-0.9851216,-0.43751594,-0.88321906,-0.168831,-0.8980485,0.43872243,0.032118082
1356510389524,0.040433645,0.1647558,-0.9855053,-0.4347633,-0.8851474,-0.16581568,-0.89963657,0.4351661,0.035840094
1356510389555,0.033684134,0.16289747,-0.98606783,-0.43237782,-0.88714343,-0.16132529,-0.90106314,0.43178797,0.04055065
1356510389600,0.023654163,0.15943778,-0.98692465,-0.4302745,-0.8894641,-0.15400565,-0.9023882,0.42829132,0.04756236
1356510389636,0.009769976,0.15389715,-0.9880386,-0.42826158,-0.892235,-0.14320956,-0.90360206,0.42453814,0.057191014
1356510389664,-0.005251348,0.14717014,-0.9890973,-0.4261915,-0.895109,-0.13092266,-0.9046177,0.4208573,0.067423195
1356510389694,-0.021476805,0.13955799,-0.989981,-0.4237264,-0.8981474,-0.117419794,-0.90553564,0.4169593,0.07842362
1356510389724,-0.038596034,0.13109997,-0.9906175,-0.42041335,-0.9014763,-0.1029229,-0.9065114,0.4124964,0.089909524
1356510389754,-0.056049645,0.12199345,-0.990947,-0.4158022,-0.9051955,-0.08791825,-0.90772617,0.40711018,0.10146108
1356510389783,-0.07309759,0.11252764,-0.99095625,-0.40971586,-0.9092851,-0.07303096,-0.90927976,0.40067214,0.11257085
1356510389824,-0.090391815,0.10246131,-0.9906216,-0.40093234,-0.9142712,-0.05798018,-0.91163737,0.39193127,0.12372255
1356510389854,-0.105769575,0.09217763,-0.99010915,-0.3917947,-0.919014,-0.043704838,-0.91395277,0.38329688,0.13331848
1356510389883,-0.1187973,0.08277917,-0.98946184,-0.3828951,-0.9232624,-0.03126949,-0.9161214,0.37514538,0.14137688
1356510389914,-0.12966633,0.07434076,-0.98876697,-0.37460807,-0.92695504,-0.020567507,-0.91807157,0.36773315,0.14804357
1356510389943,-0.13860631,0.06693146,-0.9880832,-0.3670752,-0.93012,-0.011512533,-0.91980654,0.36110514,0.15348938
1356510389975,-0.14590454,0.06054476,-0.9874443,-0.36025715,-0.9328447,-0.003965512,-0.9213722,0.3551553,0.15791789
1356510390003,-0.15184605,0.055123776,-0.9868658,-0.35402453,-0.9352335,0.002232939,-0.9228268,0.34971377,0.16152668
1356510390034,-0.15648556,0.050698012,-0.9863782,-0.34815645,-0.93740994,0.00705269,-0.92428315,0.3445176,0.1643419
1356510390063,-0.15952194,0.04748021,-0.9860519,-0.34234923,-0.939518,0.010145217,-0.9259318,0.33919248,0.16612855
1356510390099,-0.16029751,0.045893192,-0.9860013,-0.33609787,-0.9417651,0.010806322,-0.9280856,0.33312514,0.16638714
1356510390133,-0.15751004,0.046728745,-0.9864112,-0.3284961,-0.9444739,0.0077121556,-0.9312792,0.325247,0.16411427
1356510390163,-0.15256578,0.049673602,-0.9870442,-0.32130188,-0.94697464,0.0020060241,-0.9346062,0.31744522,0.16043621
1356510390193,-0.14549667,0.054240808,-0.9878708,-0.31524128,-0.9489947,-0.0056765527,-0.93779194,0.31059176,0.15517437
1356510390224,-0.13608241,0.060487032,-0.98884934,-0.31143993,-0.9501434,-0.015260011,-0.9404716,0.30589053,0.14813581
1356510390253,-0.123925686,0.068376735,-0.98993284,-0.31095278,-0.9500503,-0.026695058,-0.94231135,0.30451417,0.13899764
1356510390283,-0.10864097,0.07771325,-0.9910387,-0.31446737,-0.9484294,-0.039899036,-0.94303095,0.3073147,0.12747657
1356510390314,-0.090242565,0.08794353,-0.9920293,-0.32199058,-0.94517297,-0.054499,-0.94243217,0.31450596,0.11361182
1356510390343,-0.069159925,0.09822854,-0.9927578,-0.33306313,-0.9403147,-0.0698369,-0.9403647,0.3258211,0.0977484
1356510390373,-0.04632771,0.10750266,-0.99312484,-0.3469062,-0.93404704,-0.084925056,-0.93675494,0.34058678,0.08056554
1356510390403,-0.02289766,0.11467326,-0.9931394,-0.36262652,-0.9266996,-0.09864113,-0.93165326,0.35788003,0.0628027
1356510390434,1.3148785E-4,0.11887896,-0.9929087,-0.3793648,-0.9186801,-0.110041946,-0.9252472,0.37668908,0.044977695
1356510390463,0.021708548,0.11941451,-0.9926071,-0.39612794,-0.9105546,-0.11820665,-0.9179386,0.3957655,0.027536722
1356510390493,0.04116136,0.11604947,-0.99239016,-0.4121502,-0.90282005,-0.122669935,-0.9101856,0.4140631,0.0106686335
1356510390523,0.05798495,0.10864098,-0.9923884,-0.4267342,-0.89597106,-0.12301968,-0.9025163,0.43061936,-0.0055920184
1356510390553,0.07279235,0.097943276,-0.99252623,-0.4393917,-0.8902343,-0.12007421,-0.89534134,0.4448483,-0.021766782
1356510390583,0.086697996,0.08484481,-0.9926152,-0.44960284,-0.8857968,-0.114984095,-0.88901114,0.4562515,-0.038650334
1356510390613,0.10163367,0.070981815,-0.9922863,-0.45660526,-0.8828528,-0.10992086,-0.8838451,0.4642548,-0.0573169
1356510390653,0.12596047,0.06130281,-0.99013937,-0.45643958,-0.8825868,-0.11270976,-0.88079333,0.46613574,-0.083190024
1356510390683,0.15285903,0.050905317,-0.986936,-0.45129594,-0.8848632,-0.11553827,-0.87918484,0.4630613,-0.11228597
1356510390713,0.18767399,0.048152447,-0.9810504,-0.43795064,-0.8899177,-0.12745896,-0.8791915,0.45357236,-0.145926
1356510390743,0.23071545,0.054495394,-0.971494,-0.4142677,-0.89791733,-0.1487506,-0.88042754,0.43677765,-0.18458772
1356510390773,0.2796209,0.06958763,-0.95758533,-0.3794645,-0.9081563,-0.17680165,-0.88194036,0.41280708,-0.22753343
1356510390804,0.32924664,0.09062017,-0.93988544,-0.3358225,-0.9190663,-0.20625317,-0.88250774,0.38354284,-0.2721672
1356510390835,0.37366468,0.113211684,-0.920629,-0.28879952,-0.9289898,-0.23145773,-0.88145876,0.35236484,-0.3144352
1356510390863,0.40805054,0.13280317,-0.9032486,-0.24588263,-0.9368196,-0.2488187,-0.87922496,0.32362372,-0.34961575
1356510390893,0.4303109,0.14640601,-0.89072883,-0.21344103,-0.9422755,-0.25799188,-0.87708354,0.3011348,-0.37422237
1356510390923,0.44043106,0.15283109,-0.88468254,-0.1950414,-0.9455814,-0.26045108,-0.8763443,0.28726047,-0.386655
1356510390953,0.43882883,0.15170278,-0.8856724,-0.1915194,-0.9472072,-0.25713593,-0.8779234,0.28246206,-0.3866078
1356510390983,0.42507505,0.14240041,-0.8938867,-0.20224735,-0.9476383,-0.24713916,-0.8822739,0.2858389,-0.37401727
1356510391013,0.39856583,0.12448178,-0.9086526,-0.22502406,-0.9471896,-0.22846438,-0.889106,0.2955268,-0.34950602
1356510391043,0.35867316,0.097575724,-0.9283494,-0.25659877,-0.9459024,-0.1985591,-0.8975024,0.30943114,-0.314232
1356510391073,0.30502194,0.0615013,-0.95035744,-0.29275152,-0.9435387,-0.15502009,-0.90623295,0.3255031,-0.26979542
1356510391106,0.23809916,0.01667811,-0.97109765,-0.3283744,-0.93958986,-0.096649654,-0.9140454,0.34189582,-0.21823889
1356510391143,0.14732015,-0.044631302,-0.9880814,-0.36130434,-0.9323739,-0.011754438,-0.9207366,0.35872978,-0.15348294
1356510391173,0.056853533,-0.102819264,-0.99307394,-0.37897348,-0.9224592,0.07381183,-0.92365944,0.37215224,-0.091410846
1356510391203,-0.026626348,-0.15487856,-0.98757464,-0.38240033,-0.9112059,0.15321189,-0.923613,0.38172835,-0.03496352
1356510391234,-0.09702188,-0.1958228,-0.975828,-0.3753676,-0.900851,0.21809787,-0.9217841,0.38745445,0.0138966665
1356510391263,-0.1509664,-0.22275361,-0.96311474,-0.36304167,-0.89370704,0.26360676,-0.9194617,0.38944653,0.0540509
1356510391293,-0.18694896,-0.23415734,-0.9540548,-0.349954,-0.89159024,0.2874006,-0.9179228,0.38760448,0.0847375
1356510391323,-0.20497394,-0.22971752,-0.9514281,-0.33892092,-0.89527106,0.28917515,-0.91821474,0.38173229,0.10565116
1356510391353,-0.20683819,-0.21067558,-0.9554234,-0.33063987,-0.9040341,0.27092373,-0.9208123,0.3719384,0.117331035
1356510391383,-0.19614547,-0.17991361,-0.9639284,-0.32426354,-0.9158185,0.23691697,-0.92540807,0.35903704,0.12129424
1356510391413,-0.17769456,-0.14154598,-0.9738528,-0.3190219,-0.92787266,0.19307342,-0.9309402,0.3449885,0.11972166
1356510391443,-0.1559931,-0.099975,-0.9826856,-0.31541684,-0.9377367,0.14547184,-0.9360439,0.33264822,0.11474672
1356510391473,-0.1347059,-0.059179142,-0.98911685,-0.31513155,-0.9438296,0.099386774,-0.93943936,0.32508993,0.10849026
1356510391503,-0.11635989,-0.022511572,-0.992952,-0.3198174,-0.94564563,0.058917135,-0.940307,0.3244189,0.102835625
1356510391534,-0.10211271,0.0076932907,-0.99474305,-0.32976747,-0.9436886,0.02655299,-0.9385235,0.33074534,0.09889972
1356510391563,-0.0922119,0.029710174,-0.9952961,-0.34355566,-0.93912464,0.0037962198,-0.9345943,0.34228966,0.09680557
1356510391601,-0.08738321,0.041582868,-0.9953065,-0.3601849,-0.93285197,-0.0073510706,-0.92877924,0.357852,0.096493125
1356510391634,-0.089478016,0.039049268,-0.995223,-0.3771874,-0.92613375,-0.0024264604,-0.92180437,0.37516844,0.09759751
1356510391663,-0.10008675,0.017110288,-0.9948316,-0.3904615,-0.9203205,0.023454279,-0.9151626,0.39079088,0.09879273
1356510391693,-0.11610615,-0.018347353,-0.9930674,-0.3996627,-0.9144518,0.06362215,-0.90927947,0.4042789,0.098840654
1356510391723,-0.13575178,-0.067728326,-0.98842514,-0.40394008,-0.9071898,0.117639706,-0.90465677,0.41523433,0.09579444
1356510391753,-0.15436393,-0.12785603,-0.97970635,-0.40308696,-0.89716566,0.18059507,-0.9020491,0.42278424,0.086952984
1356510391784,-0.16300082,-0.19002974,-0.9681526,-0.39877516,-0.88486373,0.2408206,-0.9024462,0.42532915,0.06845438
1356510391813,-0.15285146,-0.24429265,-0.95757896,-0.39454153,-0.8733104,0.28577232,-0.9060758,0.42148542,0.03710323
1356510391844,-0.11326319,-0.27681768,-0.954224,-0.39392358,-0.8691835,0.29890507,-0.912138,0.40974623,-0.0105985105
1356510391892,-0.042232633,-0.2810294,-0.95876944,-0.3947354,-0.8768603,0.27440828,-0.9178237,0.39004922,-0.07390007
1356510391906,0.05175996,-0.25745246,-0.9649037,-0.38908353,-0.8950502,0.21794292,-0.91974723,0.3641474,-0.14649826
1356510391931,0.14810711,-0.21835577,-0.9645646,-0.371723,-0.916095,0.15030596,-0.91645306,0.3362895,-0.21684805
1356510391974,0.2266612,-0.18073994,-0.9570569,-0.34787464,-0.9328391,0.09377874,-0.9097296,0.3116798,-0.27431327
1356510392004,0.27202827,-0.16235131,-0.948495,-0.33073926,-0.9413918,0.066279486,-0.90366596,0.29567462,-0.30978113
1356510392030,0.2836162,-0.16954446,-0.9438308,-0.32773212,-0.9421175,0.0707549,-0.9011956,0.2892564,-0.32276493
1356510392061,0.26487428,-0.20099813,-0.943102,-0.33800727,-0.9353338,0.10441171,-0.9031017,0.29111934,-0.31568468
1356510392097,0.22160667,-0.25021014,-0.9424889,-0.35493854,-0.92091745,0.16102695,-0.9082451,0.298841,-0.29289067
1356510392134,0.13718486,-0.33093658,-0.933628,-0.37478128,-0.8898114,0.26033583,-0.9169075,0.31419215,-0.24609748
1356510392163,0.053492546,-0.39505872,-0.91709715,-0.37934402,-0.8576006,0.3473029,-0.92370814,0.3293172,-0.19573839
1356510392193,-0.025074244,-0.44598112,-0.894691,-0.37134978,-0.82677853,0.42253572,-0.92815435,0.3428381,-0.1448841
1356510392224,-0.092589796,-0.48028997,-0.8722091,-0.35477838,-0.802567,0.47960252,-0.9303545,0.3538472,-0.09608702
1356510392253,-0.14632839,-0.49761325,-0.8549673,-0.33506536,-0.78825194,0.5161299,-0.9307627,0.3619944,-0.051389337
1356510392283,-0.18595815,-0.4991233,-0.84634244,-0.316887,-0.7848741,0.5324992,-0.930055,0.36721745,-0.012211934
1356510392313,-0.21176463,-0.48559895,-0.84814465,-0.30329564,-0.79232675,0.5293676,-0.9290681,0.36933994,0.020506725
1356510392344,-0.22412676,-0.45755702,-0.86047006,-0.2952813,-0.8095458,0.5073899,-0.9287498,0.36780035,0.04633285
1356510392373,-0.22381663,-0.4153013,-0.88172036,-0.29218534,-0.83446914,0.46721393,-0.9298031,0.36219603,0.06542319
1356510392404,-0.21296483,-0.361116,-0.9078774,-0.2915551,-0.86337256,0.4118052,-0.93254584,0.3523963,0.078582704
1356510392434,-0.1954484,-0.29896787,-0.9340332,-0.29091743,-0.8918593,0.34634376,-0.9365719,0.3394189,0.08733752
1356510392463,-0.17589039,-0.23475389,-0.956009,-0.28927505,-0.91594696,0.27813846,-0.9409476,0.32547146,0.093197875
1356510392493,-0.1578114,-0.17374581,-0.9720638,-0.28819737,-0.933437,0.2136296,-0.94447756,0.3138594,0.09723392
1356510392523,-0.14312387,-0.119919926,-0.98241276,-0.29011637,-0.94394356,0.15749002,-0.9462283,0.30755457,0.10031006
1356510392554,-0.13252497,-0.07597146,-0.98826385,-0.29647124,-0.94837344,0.112661354,-0.9458022,0.30792224,0.103159815
1356510392583,-0.12598205,-0.04356143,-0.99107563,-0.30666295,-0.9483937,0.080667324,-0.9434439,0.31408882,0.1061219
1356510392624,-0.12485021,-0.02494125,-0.9918621,-0.32179838,-0.9446251,0.06425969,-0.9385405,0.32720244,0.10991058
1356510392663,-0.13151401,-0.02788584,-0.99092203,-0.33563143,-0.93931556,0.070978135,-0.9327677,0.34191918,0.11417374
1356510392694,-0.14617133,-0.05383961,-0.9877932,-0.3440624,-0.9334132,0.10178918,-0.9274994,0.3547411,0.11791399
1356510392733,-0.16429204,-0.09275766,-0.9820407,-0.34852058,-0.9258979,0.14576106,-0.92279,0.3662088,0.11978984
1356510392763,-0.1888029,-0.15574983,-0.9695853,-0.34602842,-0.91346544,0.2141155,-0.919031,0.37592965,0.118570924
1356510392793,-0.20889801,-0.2225261,-0.9522834,-0.34010127,-0.89645195,0.28408608,-0.9168929,0.38321784,0.11158568
1356510392823,-0.2181915,-0.28713012,-0.9327104,-0.33298784,-0.8764774,0.34771588,-0.9173393,0.3864499,0.09562915
1356510392853,-0.20798695,-0.34048846,-0.9169565,-0.32849064,-0.8586959,0.39336416,-0.92132264,0.3830262,0.06675021
1356510392894,-0.1485771,-0.3579063,-0.9218611,-0.3320206,-0.8600409,0.38741705,-0.9314973,0.3636382,0.008950114
1356510392923,-0.07010484,-0.36292654,-0.9291769,-0.33321452,-0.8694455,0.36473656,-0.9402412,0.335185,-0.059980124
1356510392953,0.021900415,-0.34532264,-0.9382284,-0.32745394,-0.889166,0.31962126,-0.9446133,0.30022675,-0.13255036
1356510392983,0.106502354,-0.3184236,-0.94194674,-0.31273368,-0.9099849,0.27225932,-0.9438511,0.26558223,-0.19649732
1356510393013,0.16709703,-0.2972059,-0.94007826,-0.2960815,-0.92460096,0.23968484,-0.940433,0.23828919,-0.24249524
1356510393043,0.19799918,-0.29059762,-0.9361353,-0.28556466,-0.9307164,0.22851656,-0.93768287,0.22208108,-0.2672655
1356510393073,0.20065504,-0.30105594,-0.93225694,-0.28394327,-0.9286357,0.2387718,-0.93761075,0.21679732,-0.27181825
1356510393105,0.17857182,-0.32686302,-0.9280478,-0.28945675,-0.9189213,0.26795232,-0.94038653,0.22078094,-0.25870615
1356510393143,0.12458581,-0.37426463,-0.91891474,-0.29969653,-0.8970674,0.32473376,-0.94586486,0.23493835,-0.22392768
1356510393184,0.054811537,-0.42252564,-0.90469205,-0.30453807,-0.8699579,0.3878528,-0.9509218,0.2542544,-0.17635888
1356510393224,-0.015160441,-0.4586128,-0.8885069,-0.30055392,-0.84542423,0.44150347,-0.9536444,0.2737376,-0.12502092
1356510393253,-0.070701,-0.47381833,-0.8777799,-0.2917342,-0.8316835,0.4724337,-0.9538829,0.28947997,-0.07942809
1356510393294,-0.117744505,-0.48012298,-0.869263,-0.2798534,-0.8238302,0.49293602,-0.95279497,0.30130672,-0.037362576
1356510393323,-0.15064758,-0.46866912,-0.87043357,-0.27034426,-0.8273892,0.49228162,-0.9509045,0.30947775,-0.0020578206
1356510393353,-0.17311752,-0.44918793,-0.8765048,-0.26330012,-0.8364435,0.48066154,-0.949054,0.31399474,0.026531726
1356510393393,-0.18352973,-0.42045766,-0.8885563,-0.2575451,-0.85176903,0.4562457,-0.94867665,0.31257793,0.04803808
1356510393423,-0.18387282,-0.37933218,-0.9068064,-0.25471544,-0.87263536,0.41668642,-0.9493739,0.3075949,0.063832164
1356510393453,-0.1789453,-0.33654454,-0.9245087,-0.25155833,-0.89279044,0.3736892,-0.95115554,0.2994378,0.07510007
1356510393483,-0.17157435,-0.2947428,-0.9400473,-0.24825843,-0.9104683,0.33077988,-0.95337826,0.29012802,0.083040565
1356510393524,-0.16422343,-0.25646818,-0.9524992,-0.24732763,-0.92405856,0.29145285,-0.95491344,0.28344277,0.088320404
1356510393553,-0.15868479,-0.22228642,-0.96198124,-0.25137505,-0.933123,0.25708395,-0.95479304,0.2826134,0.0921951
1356510393583,-0.15663117,-0.19711421,-0.96778756,-0.26088503,-0.9368223,0.23303017,-0.9525785,0.28898105,0.09531137
1356510393616,-0.15789175,-0.18179926,-0.9705768,-0.27434343,-0.93613344,0.21997735,-0.94858104,0.30100396,0.09793225
1356510393653,-0.16379637,-0.17759793,-0.97037613,-0.29265207,-0.9306325,0.21972275,-0.94208574,0.31997234,0.100459754
1356510393683,-0.17465585,-0.19009805,-0.9661046,-0.30677545,-0.9218415,0.23684846,-0.9356197,0.33774412,0.10268754
1356510393713,-0.18785095,-0.21074805,-0.95932126,-0.31718144,-0.9113634,0.26232177,-0.92957413,0.35355628,0.10435506
1356510393744,-0.20224231,-0.23876138,-0.9497847,-0.3239669,-0.8989136,0.29495707,-0.9241988,0.36735162,0.10444764
1356510393773,-0.21531188,-0.27220094,-0.9378419,-0.32785732,-0.88447577,0.33198214,-0.9198643,0.37895805,0.10119513
1356510393804,-0.22238404,-0.3073853,-0.92523485,-0.3303931,-0.8690864,0.36814278,-0.9172707,0.3875603,0.09171301
1356510393834,-0.21865082,-0.34108526,-0.9142498,-0.33334774,-0.85444677,0.3984972,-0.91709924,0.39189485,0.07312548
1356510393874,-0.18154019,-0.3635659,-0.9137084,-0.3418456,-0.8478697,0.4052882,-0.9220546,0.3859233,0.02963902
1356510393913,-0.10906428,-0.3768642,-0.9198252,-0.35388488,-0.8499984,0.3902156,-0.9289082,0.3680708,-0.040662065
1356510393944,-0.02106607,-0.38112926,-0.92428184,-0.36352527,-0.85828847,0.3622022,-0.9313462,0.34362993,-0.120469406
1356510393973,0.072179794,-0.37560007,-0.9239668,-0.36691323,-0.871421,0.32557672,-0.9274507,0.31551558,-0.20071162
1356510394003,0.15429264,-0.36459124,-0.9182957,-0.3633389,-0.88523597,0.2904171,-0.91879195,0.2888433,-0.26905558
1356510394033,0.21344757,-0.35299993,-0.9109507,-0.35642368,-0.89630693,0.26381066,-0.90961653,0.26837465,-0.31713206
1356510394063,0.24618971,-0.34358782,-0.906277,-0.34969538,-0.9035625,0.24756408,-0.9039379,0.25597316,-0.34259886
1356510394101,0.25451225,-0.33662698,-0.9065902,-0.34472278,-0.9074595,0.24017377,-0.9035429,0.2513951,-0.34700254
1356510394133,0.22971374,-0.33526462,-0.91369,-0.34268272,-0.9065392,0.2464858,-0.91093373,0.25648454,-0.3231339
1356510394163,0.19927561,-0.3245912,-0.9246241,-0.33899805,-0.90812606,0.24573842,-0.9194398,0.2644761,-0.29100317
1356510394204,0.1522935,-0.31501174,-0.93678933,-0.33621365,-0.90782845,0.25061497,-0.9293907,0.27679434,-0.24416763
1356510394233,0.10956848,-0.2960354,-0.94887185,-0.33191943,-0.9107192,0.24580477,-0.9369228,0.2880166,-0.19804603
1356510394263,0.07000315,-0.27526858,-0.9588153,-0.32739893,-0.91427076,0.23857674,-0.94228953,0.29721394,-0.15412447
1356510394304,0.030554831,-0.25350064,-0.9668526,-0.3213715,-0.9184341,0.23064962,-0.9464602,0.3036714,-0.10953048
1356510394333,-0.0010977983,-0.22493044,-0.9743743,-0.31543365,-0.9245528,0.21378471,-0.9489471,0.30758512,-0.0699357
1356510394363,-0.027058661,-0.19644156,-0.9801421,-0.30980512,-0.9305763,0.19506027,-0.950415,0.3089311,-0.035678446
1356510394404,-0.047201455,-0.16750401,-0.9847408,-0.30208457,-0.93728316,0.17391127,-0.9521118,0.30568388,-0.0063591897
1356510394433,-0.059453487,-0.13319497,-0.98930496,-0.29416585,-0.9447112,0.14486933,-0.9539034,0.29963276,0.016984966
1356510394463,-0.06682688,-0.100501314,-0.9926901,-0.28467548,-0.95163935,0.11550934,-0.9562918,0.29031366,0.03498483
1356510394493,-0.07087803,-0.06923162,-0.9950796,-0.273923,-0.9578849,0.08615498,-0.9591363,0.2786817,0.04892886
1356510394534,-0.07365644,-0.039813504,-0.99648863,-0.26298648,-0.9630595,0.057916783,-0.96198374,0.266329,0.060465187
1356510394563,-0.07490349,-0.009855971,-0.9971421,-0.25818384,-0.9656622,0.028939128,-0.9631877,0.25961363,0.06978688
1356510394601,-0.076287866,0.015419461,-0.9969665,-0.2614693,-0.96519834,0.005079493,-0.9621922,0.26106364,0.0776647
1356510394623,-0.07774627,0.035476133,-0.99634176,-0.27205026,-0.9621948,-0.013031736,-0.95913714,0.27004188,0.08445835
1356510394653,-0.07949209,0.049648017,-0.9955984,-0.28721863,-0.95754355,-0.02481778,-0.95456094,0.28398156,0.09037691
1356510394694,-0.08275497,0.05722268,-0.99492574,-0.30778348,-0.9510114,-0.029096454,-0.9478507,0.30381382,0.09631312
1356510394723,-0.08886957,0.053591028,-0.9946006,-0.3255208,-0.9452825,-0.02184774,-0.9413493,0.32182157,0.101451784
1356510394754,-0.09632915,0.04388258,-0.99438167,-0.34062257,-0.9401617,-0.008492529,-0.9352523,0.33789077,0.10551244
1356510394794,-0.10314971,0.027467817,-0.99428654,-0.35421288,-0.9351011,0.010914132,-0.9294586,0.35331488,0.10618487
1356510394824,-0.11085594,-0.0019226372,-0.9938346,-0.3642614,-0.9303296,0.042430833,-0.92467535,0.3667193,0.10243228
1356510394853,-0.111082315,-0.0326166,-0.9932758,-0.37147468,-0.9256518,0.07193962,-0.92177397,0.37696806,0.0907073
1356510394894,-0.08487141,-0.060113326,-0.9945769,-0.37324274,-0.9235818,0.08767268,-0.92384344,0.37865952,0.055948887
1356510394923,-0.040783107,-0.08633414,-0.9954311,-0.37014848,-0.9240704,0.09531009,-0.9280769,0.37234437,0.005730007
1356510394953,0.027808845,-0.100020826,-0.99459666,-0.35913503,-0.9295483,0.08343789,-0.93287116,0.3548742,-0.061770648
1356510394983,0.11321783,-0.09968792,-0.98855656,-0.3372653,-0.93973434,0.056138128,-0.9345768,0.32704997,-0.14001596
1356510395013,0.19813174,-0.08836201,-0.9761844,-0.30662358,-0.9515309,0.023896426,-0.9309811,0.2945865,-0.21562234
1356510395043,0.26581484,-0.07240032,-0.9613015,-0.27488798,-0.96146953,-0.0035978258,-0.92400163,0.26520658,-0.27547485
1356510395073,0.30804682,-0.057961456,-0.949604,-0.25004965,-0.96798235,-0.022031642,-0.9179229,0.24423492,-0.31267712
1356510395108,0.32443696,-0.048903048,-0.94464236,-0.23606685,-0.9712487,-0.030796632,-0.9159766,0.23299031,-0.32665336
1356510395143,0.3065669,-0.05162988,-0.9504478,-0.23813519,-0.97093374,-0.02406779,-0.92157924,0.23371345,-0.30995104
1356510395183,0.26587433,-0.062259242,-0.9619951,-0.25015712,-0.9681836,-0.006478183,-0.9309845,0.24237233,-0.27298975
1356510395224,0.21157712,-0.07855819,-0.97419906,-0.26645058,-0.9636444,0.01983919,-0.9403399,0.25537837,-0.22481698
1356510395254,0.15922505,-0.094417356,-0.982717,-0.2796525,-0.9589588,0.046823926,-0.94680613,0.26736376,-0.17909431
1356510395294,0.10367942,-0.11201323,-0.9882831,-0.28982255,-0.95392007,0.0777136,-0.951448,0.27836943,-0.13136584
1356510395334,0.050599277,-0.12737516,-0.9905631,-0.29443744,-0.94965345,0.10707439,-0.95433027,0.286241,-0.08555579
1356510395363,0.005613327,-0.13736823,-0.99050415,-0.29440954,-0.9468449,0.12964487,-0.95566285,0.29088613,-0.04575747
1356510395403,-0.03154391,-0.14306834,-0.98921,-0.2888386,-0.94617146,0.14605421,-0.95685804,0.29032916,-0.011477713
1356510395433,-0.058663964,-0.14086406,-0.98828936,-0.28083265,-0.94768447,0.1517465,-0.95796216,0.28644598,0.016035762
1356510395463,-0.07708967,-0.13419078,-0.9879525,-0.27078146,-0.95083845,0.15027872,-0.9595492,0.27910417,0.036963437
1356510395493,-0.08831251,-0.12365975,-0.98838717,-0.25919235,-0.95523006,0.14267027,-0.9617798,0.26878196,0.05230716
1356510395534,-0.09404832,-0.110218346,-0.9894478,-0.24542585,-0.96061397,0.1303345,-0.9648425,0.25509378,0.063293636
1356510395563,-0.09702194,-0.09286202,-0.99094075,-0.23607817,-0.96507674,0.113552436,-0.9668785,0.24495654,0.071710855
1356510395593,-0.09971833,-0.07703148,-0.9920294,-0.23333447,-0.96738744,0.09857268,-0.96727,0.24130416,0.078492165
1356510395624,-0.10252553,-0.063569084,-0.9926971,-0.23795824,-0.9674136,0.08652629,-0.96584904,0.2450916,0.08405781
1356510395653,-0.10547578,-0.05347261,-0.9929833,-0.24847022,-0.965463,0.07838342,-0.96287984,0.2549943,0.088546544
1356510395694,-0.109487474,-0.048089065,-0.99282426,-0.26603866,-0.96097094,0.07588459,-0.9577244,0.27243802,0.09242061
1356510395723,-0.11550844,-0.05217664,-0.99193513,-0.2812661,-0.9560301,0.08304077,-0.9526527,0.28858966,0.09575409
1356510395755,-0.12309861,-0.062430233,-0.9904288,-0.29370913,-0.9510164,0.096450515,-0.94793546,0.3027709,0.09873247
1356510395783,-0.13242328,-0.08057867,-0.98791254,-0.30310702,-0.94565237,0.117761284,-0.9437109,0.31503758,0.10080242
1356510395813,-0.14226073,-0.10615817,-0.9841201,-0.3098145,-0.9395003,0.14613062,-0.94009405,0.32568333,0.10076466
1356510395843,-0.15012872,-0.13792592,-0.97899836,-0.31413445,-0.9322525,0.17951244,-0.9374332,0.33448708,0.0966306
1356510395873,-0.15180784,-0.17353797,-0.9730565,-0.3162829,-0.9241747,0.21416396,-0.9364398,0.3402729,0.08540988
1356510395914,-0.12907267,-0.2052787,-0.9701551,-0.3164394,-0.918663,0.23648345,-0.9397906,0.3375188,0.053616017
1356510395943,-0.09002721,-0.23756355,-0.96719116,-0.31478453,-0.91456354,0.25393757,-0.944884,0.3273181,0.0075542703
1356510395973,-0.02584672,-0.25390995,-0.96688247,-0.31089592,-0.91720015,0.24917391,-0.95009243,0.30704013,-0.055232942
1356510396003,0.057398558,-0.25192437,-0.96604323,-0.30084983,-0.9270222,0.22387314,-0.9519427,0.27778393,-0.12900114
1356510396033,0.14357293,-0.23496018,-0.96134305,-0.2828426,-0.9406302,0.18765631,-0.9483601,0.24496642,-0.20150578
1356510396064,0.21509403,-0.21137995,-0.95344275,-0.2609365,-0.9532395,0.15246835,-0.941088,0.21599299,-0.26019287
1356510396093,0.26251632,-0.18941514,-0.9461539,-0.24202003,-0.9621255,0.1254626,-0.9340832,0.19605218,-0.2984159
1356510396123,0.28377074,-0.17530072,-0.9427321,-0.231172,-0.96665573,0.11016448,-0.93060935,0.18667181,-0.31483322
1356510396163,0.26905084,-0.17955586,-0.9462406,-0.23481971,-0.96504956,0.11635714,-0.9340617,0.19088995,-0.30181065
1356510396203,0.22878301,-0.19562137,-0.9536197,-0.24697044,-0.95921546,0.13751855,-0.94162834,0.20405397,-0.2677649
1356510396243,0.17305517,-0.21983752,-0.9600643,-0.261718,-0.9499909,0.17035526,-0.9495028,0.22178525,-0.22193629
1356510396273,0.118769586,-0.24230252,-0.9629035,-0.27248064,-0.94049114,0.20305353,-0.95480263,0.23825598,-0.17772448
1356510396303,0.0664286,-0.26479262,-0.9620146,-0.27919686,-0.9305633,0.23685671,-0.95793337,0.2528574,-0.13574529
1356510396343,0.012969136,-0.2881814,-0.957488,-0.28100708,-0.9200278,0.2731005,-0.95961803,0.26551902,-0.09291297
1356510396373,-0.032091677,-0.30236587,-0.95265156,-0.27848682,-0.91269153,0.29906407,-0.9599038,0.27489838,-0.0549151
1356510396413,-0.06956339,-0.3110098,-0.9478575,-0.27110472,-0.9085054,0.31799406,-0.96003294,0.2790894,-0.021117508
1356510396443,-0.09555411,-0.30650204,-0.9470617,-0.2623039,-0.910036,0.3209845,-0.9602427,0.27908936,0.0065610707
1356510396473,-0.11182451,-0.2948012,-0.94899285,-0.2518424,-0.91539806,0.31404096,-0.96128595,0.27411413,0.028120555
1356510396503,-0.11977959,-0.2761341,-0.95362616,-0.2397417,-0.9240702,0.2976884,-0.9634193,0.26428095,0.04448381
1356510396544,-0.1215024,-0.2518719,-0.96010303,-0.2236325,-0.9354536,0.2737064,-0.9670707,0.2479662,0.057333052
1356510396573,-0.12130618,-0.22145376,-0.96759653,-0.21151423,-0.9466402,0.24317473,-0.96981776,0.23415905,0.06799275
1356510396610,-0.123559356,-0.1954679,-0.9728954,-0.20552947,-0.95410824,0.21779592,-0.9708196,0.22686939,0.07771459
1356510396643,-0.12930238,-0.1756778,-0.9759191,-0.20886311,-0.95727646,0.19999479,-0.96935904,0.22969331,0.087085515
1356510396673,-0.13669848,-0.16387102,-0.97696453,-0.21721593,-0.9572626,0.19095953,-0.9665044,0.23831613,0.09526101
1356510396713,-0.14806235,-0.16327938,-0.9754063,-0.23193583,-0.95303804,0.19474185,-0.9613966,0.2550656,0.10323864
1356510396743,-0.16343504,-0.18313499,-0.9694072,-0.24263297,-0.94497687,0.2194259,-0.9562521,0.27107206,0.11000788
1356510396774,-0.18156326,-0.21577865,-0.9594135,-0.24911317,-0.93371344,0.25714168,-0.951303,0.28569004,0.11577475
1356510396813,-0.20300752,-0.26427433,-0.94283986,-0.25155613,-0.916496,0.31105405,-0.94631255,0.3003235,0.11957574
1356510396843,-0.23085046,-0.34510908,-0.9097295,-0.2437146,-0.884669,0.39744666,-0.941972,0.3134651,0.1201182
1356510396873,-0.2539791,-0.42827594,-0.8672222,-0.23247369,-0.84330773,0.48454925,-0.938856,0.32467172,0.11461964
1356510396913,-0.25721216,-0.5008199,-0.8264512,-0.22762796,-0.79976076,0.5554893,-0.9391632,0.33100194,0.09170753
1356510396943,-0.24942595,-0.5774843,-0.7773664,-0.2256525,-0.74598134,0.6265722,-0.94173646,0.33169806,0.055756375
1356510396973,-0.21678549,-0.6302763,-0.74549025,-0.23977526,-0.7058804,0.66651374,-0.9463149,0.3232407,0.0019000173
1356510397003,-0.15721226,-0.6597307,-0.7348739,-0.2690497,-0.6873671,0.67463964,-0.95020866,0.30377924,-0.06943774
1356510397067,-0.07603234,-0.66848505,-0.739829,-0.30410808,-0.6910789,0.65568924,-0.9495986,0.27484152,-0.15074739
1356510397068,0.010056317,-0.6642433,-0.7474488,-0.332752,-0.70710915,0.6239173,-0.94296074,0.24244075,-0.22813916
1356510397090,0.0809049,-0.6586547,-0.7480831,-0.3503954,-0.7214313,0.5972938,-0.93310094,0.21380089,-0.2891569
1356510397122,0.12269741,-0.66238,-0.7390522,-0.36018813,-0.72362465,0.58875453,-0.9247756,0.19395918,-0.32736826
1356510397151,0.13372457,-0.678246,-0.7225649,-0.36562407,-0.7114427,0.6001402,-0.9211063,0.18393362,-0.34312046
1356510397212,0.10024303,-0.7145435,-0.6923719,-0.36327046,-0.6741214,0.6431135,-0.9262753,0.18705063,-0.3271485
1356510397223,0.058748126,-0.74430144,-0.66525483,-0.35300756,-0.6388384,0.68357235,-0.93377423,0.19468142,-0.3002746
1356510397251,0.011752307,-0.76936877,-0.6386968,-0.3350289,-0.6048512,0.7224339,-0.9421346,0.20549157,-0.2648692
1356510397280,-0.03481984,-0.78737277,-0.61549306,-0.3108732,-0.57677984,0.7554355,-0.94981337,0.21764445,-0.22468969
1356510397310,-0.0784173,-0.79864633,-0.5966697,-0.2823167,-0.55622184,0.78161013,-0.95611084,0.22974166,-0.18185377
1356510397340,-0.11674631,-0.80342185,-0.58385247,-0.25182632,-0.54471374,0.799919,-0.96070486,0.240417,-0.13872942
1356510397374,-0.14894348,-0.802516,-0.5777404,-0.22162357,-0.5423027,0.8104263,-0.9636902,0.2487486,-0.097083986
1356510397414,-0.17607391,-0.7968697,-0.5779245,-0.19060916,-0.54838556,0.8142122,-0.9657464,0.2535192,-0.05533427
1356510397443,-0.19487578,-0.7825443,-0.59131026,-0.16591811,-0.567879,0.80621624,-0.96669257,0.25522113,-0.01917243
1356510397473,-0.2067908,-0.7644795,-0.6105806,-0.14675418,-0.592773,0.79188603,-0.9673163,0.25335997,0.010389358
1356510397503,-0.21154821,-0.74191344,-0.63624823,-0.13318941,-0.6230252,0.7707789,-0.9682499,0.24779841,0.032984883
1356510397533,-0.2100259,-0.71475875,-0.66709,-0.12394872,-0.6573374,0.74333316,-0.9698071,0.23880416,0.049464464
1356510397564,-0.20444763,-0.6836971,-0.7005423,-0.11717963,-0.6934187,0.7109427,-0.97183853,0.2274398,0.061652362
1356510397593,-0.19807076,-0.6504542,-0.7332649,-0.112170815,-0.72812986,0.6761988,-0.9737483,0.21618609,0.07125914
1356510397633,-0.19515026,-0.61810195,-0.76148957,-0.11051303,-0.7576146,0.64327836,-0.9745272,0.20969048,0.07954034
1356510397673,-0.19884527,-0.58698046,-0.78480226,-0.11723073,-0.7807973,0.61368775,-0.97299415,0.21403183,0.08644563
1356510397714,-0.2091819,-0.5617459,-0.8004276,-0.13190976,-0.7948453,0.5923012,-0.9689389,0.22948293,0.09216754
1356510397743,-0.22018772,-0.54366374,-0.80990547,-0.146978,-0.80231255,0.5785256,-0.96432084,0.2464226,0.09675287
1356510397774,-0.23175937,-0.5331631,-0.813649,-0.16061999,-0.80396795,0.57257026,-0.9594211,0.26338685,0.10069053
1356510397814,-0.24578875,-0.53173065,-0.810463,-0.17330424,-0.79853415,0.57646227,-0.95370513,0.28214467,0.104119584
1356510397843,-0.2606218,-0.54305243,-0.7982294,-0.18155508,-0.7844834,0.5929785,-0.94821614,0.29946572,0.10585961
1356510397873,-0.27342618,-0.55808413,-0.7834413,-0.18921286,-0.76735944,0.6126647,-0.9430995,0.31575572,0.10421939
1356510397914,-0.2777322,-0.574178,-0.7701847,-0.20222335,-0.74881786,0.6311716,-0.93913287,0.331046,0.091858625
1356510397943,-0.2742809,-0.59478796,-0.7556436,-0.21703939,-0.72721595,0.65119195,-0.9368372,0.3426139,0.070368975
1356510397973,-0.25359786,-0.61022055,-0.7505458,-0.2395508,-0.7121227,0.6599217,-0.93717843,0.3471486,0.034413964
1356510398003,-0.2092961,-0.61846155,-0.75743014,-0.2705859,-0.7077099,0.6526331,-0.9396693,0.34154347,-0.019226044
1356510398033,-0.13836008,-0.61681265,-0.77485394,-0.306257,-0.7173853,0.62575155,-0.9418403,0.32388347,-0.089645684
1356510398064,-0.04679525,-0.6031987,-0.79621696,-0.33739656,-0.7407006,0.58097005,-0.9401988,0.29582748,-0.16885589
1356510398093,0.048701406,-0.5791695,-0.8137511,-0.35534894,-0.77146035,0.52780306,-0.93346417,0.26346081,-0.24337846
1356510398125,0.12956244,-0.5505673,-0.82467514,-0.35903385,-0.8012992,0.4785543,-0.924288,0.23408364,-0.3014906
1356510398164,0.17777646,-0.5270641,-0.83102286,-0.35247144,-0.82255113,0.4462886,-0.9187815,0.2135722,-0.33200526
1356510398204,0.1901378,-0.50910586,-0.83943963,-0.34086713,-0.8360801,0.42986006,-0.920683,0.20440471,-0.3325079
1356510398244,0.17105108,-0.49851307,-0.8498389,-0.3270366,-0.8423757,0.42831096,-0.9294023,0.2046654,-0.3071213
1356510398273,0.14252448,-0.4875378,-0.8613906,-0.31306,-0.8478019,0.42804828,-0.9389783,0.20865956,-0.2734611
1356510398314,0.09220755,-0.48627737,-0.86892587,-0.2976617,-0.8462016,0.44197327,-0.950208,0.21789263,-0.2227723
1356510398343,0.0435068,-0.48076153,-0.87577146,-0.28141183,-0.8470041,0.45098943,-0.95860034,0.22683132,-0.1721424
1356510398373,-0.002542019,-0.47523183,-0.87985694,-0.26489598,-0.8481084,0.45884895,-0.9642737,0.23423696,-0.12373114
1356510398414,-0.047121406,-0.46948346,-0.881683,-0.24588433,-0.85005206,0.46578166,-0.9681531,0.2387403,-0.07538304
1356510398443,-0.08260137,-0.45611477,-0.88607925,-0.22818762,-0.8568407,0.46233594,-0.970107,0.2403819,-0.03330359
1356510398473,-0.110020876,-0.44031507,-0.8910769,-0.21199453,-0.865494,0.45384848,-0.971058,0.23883623,0.0018780157
1356510398514,-0.12728918,-0.41999397,-0.89855576,-0.195667,-0.8774896,0.43786556,-0.9723743,0.23155324,0.029516041
1356510398543,-0.13586843,-0.39000702,-0.91073275,-0.18261403,-0.8936476,0.409934,-0.9737514,0.22200969,0.05019781
1356510398573,-0.13883162,-0.35847524,-0.9231583,-0.17105606,-0.90949386,0.37889388,-0.97543097,0.21051428,0.06494721
1356510398611,-0.138439,-0.3258959,-0.9352147,-0.16154346,-0.92422986,0.34598112,-0.9771071,0.19897509,0.07530304
1356510398634,-0.13694882,-0.2939119,-0.94597083,-0.15583465,-0.936685,0.31358707,-0.97824365,0.19036037,0.0824762
1356510398663,-0.13590717,-0.2642839,-0.95482105,-0.15608232,-0.9460161,0.2840632,-0.9783494,0.1876369,0.08732033
1356510398704,-0.13709873,-0.23937151,-0.96119994,-0.16742316,-0.9508022,0.26066214,-0.976306,0.19666356,0.090277374
1356510398733,-0.13894963,-0.22048719,-0.9654421,-0.18201353,-0.952605,0.24375147,-0.973429,0.2095927,0.092232466
1356510398763,-0.14193976,-0.20987603,-0.9673703,-0.198033,-0.9514877,0.2354871,-0.969864,0.22499621,0.093491495
1356510398804,-0.14749157,-0.20996223,-0.9665206,-0.21658228,-0.946635,0.23869295,-0.96505874,0.24453644,0.09414658
1356510398834,-0.15708935,-0.2294361,-0.96056336,-0.23068726,-0.9372073,0.26158363,-0.96026367,0.26268172,0.09429723
1356510398863,-0.16814297,-0.25824508,-0.95133454,-0.24109861,-0.9249907,0.29370672,-0.95582396,0.27875018,0.093268156
1356510398904,-0.17703032,-0.29423684,-0.9391938,-0.25089616,-0.9092468,0.3321467,-0.9516887,0.29444015,0.087141365
1356510398943,-0.18078768,-0.3452348,-0.92093897,-0.25829452,-0.8868347,0.38315535,-0.9489993,0.30714327,0.07115659
1356510398973,-0.1765306,-0.40090907,-0.8989487,-0.2651971,-0.86014634,0.43568203,-0.9478963,0.3153098,0.045522183
1356510399003,-0.1523884,-0.44234687,-0.8838026,-0.27716196,-0.83923554,0.46783012,-0.94866174,0.3162483,0.005287975
1356510399033,-0.10138965,-0.4644579,-0.8797722,-0.29525605,-0.83043677,0.47243914,-0.9500232,0.30765846,-0.05293636
1356510399063,-0.022414804,-0.46400845,-0.8855471,-0.3149712,-0.83738416,0.44674462,-0.9488365,0.28893554,-0.12737945
1356510399093,0.075151026,-0.44213533,-0.8937946,-0.3270281,-0.85768396,0.3967756,-0.9420218,0.26247782,-0.2090465
1356510399126,0.17089623,-0.40825254,-0.89672977,-0.32583302,-0.8823291,0.33960003,-0.9298534,0.23414785,-0.2838089
1356510399163,0.24470729,-0.376897,-0.89334595,-0.3156415,-0.90213615,0.2941443,-0.9167818,0.20999782,-0.33972362
1356510399204,0.27676803,-0.36626747,-0.8883961,-0.30892298,-0.9093474,0.27866444,-0.90992635,0.19732057,-0.36482674
1356510399244,0.26611048,-0.3812793,-0.88533115,-0.31061506,-0.90337574,0.29568657,-0.9125259,0.1963119,-0.35882884
1356510399273,0.2370562,-0.40396073,-0.8835271,-0.31371018,-0.8925592,0.32391983,-0.91945106,0.20038426,-0.33831328
1356510399314,0.17261559,-0.44875836,-0.87682366,-0.3165561,-0.86823624,0.3820446,-0.9327358,0.21161704,-0.2919283
1356510399354,0.09235066,-0.49573028,-0.8635525,-0.3089733,-0.83871657,0.44843057,-0.9465764,0.22540179,-0.23062345
1356510399383,0.020865262,-0.5291968,-0.84824246,-0.29155275,-0.81477135,0.50114334,-0.95632714,0.23685098,-0.17128922
1356510399424,-0.046084464,-0.5562348,-0.8297464,-0.26442087,-0.79420805,0.5470971,-0.96330565,0.24461493,-0.11047943
1356510399453,-0.09718335,-0.5674877,-0.8176265,-0.2357947,-0.78499854,0.57286835,-0.96693134,0.24846525,-0.057521805
1356510399483,-0.13443911,-0.5694972,-0.81092477,-0.20902216,-0.7836428,0.5849903,-0.9686258,0.24814683,-0.013685301
1356510399524,-0.15586996,-0.5608328,-0.8131243,-0.184564,-0.79215264,0.58174765,-0.97038174,0.24075048,0.01996325
1356510399553,-0.1655137,-0.53825843,-0.82636744,-0.16620718,-0.8107148,0.5613527,-0.97210103,0.23025972,0.044721857
1356510399583,-0.16678715,-0.50983405,-0.8439498,-0.15155269,-0.8325118,0.5328752,-0.97427607,0.2167796,0.06158553
1356510399617,-0.16249442,-0.4763164,-0.86412865,-0.13989876,-0.85579926,0.49803227,-0.9767415,0.20181794,0.07242647
1356510399653,-0.15445328,-0.43910858,-0.8850581,-0.13118735,-0.87876093,0.4588781,-0.9792518,0.18698364,0.07812203
1356510399683,-0.14761752,-0.39833486,-0.9052836,-0.12882514,-0.8997698,0.41691524,-0.9806187,0.17816728,0.08150631
1356510399724,-0.14549756,-0.36422357,-0.91987586,-0.13678244,-0.9134358,0.38330865,-0.9798577,0.18159331,0.0830833
1356510399753,-0.14557469,-0.33691785,-0.93021196,-0.14910749,-0.92201674,0.3572843,-0.9780465,0.19071311,0.08398533
1356510399783,-0.14806515,-0.31932524,-0.93600655,-0.16421422,-0.92536217,0.34167054,-0.97524893,0.20429507,0.08457601
1356510399813,-0.1529746,-0.31326172,-0.9372651,-0.17938721,-0.9238689,0.33806276,-0.9718122,0.21984838,0.08513334
1356510399844,-0.16049367,-0.3192865,-0.93396896,-0.19300279,-0.91781765,0.34693068,-0.9679834,0.23593877,0.085680604
1356510399873,-0.17051083,-0.3376353,-0.92570436,-0.2041116,-0.9069827,0.36840335,-0.9639838,0.25176373,0.08573496
1356510399914,-0.18150145,-0.36640546,-0.91258115,-0.21508572,-0.89073473,0.40041202,-0.95958084,0.2689585,0.08286107
1356510399954,-0.19169301,-0.41267633,-0.8904787,-0.22369897,-0.8650518,0.44904825,-0.95562166,0.28527853,0.07350899
