1356023459910,-0.6394751,-0.6842801,-0.35047442,-0.28692895,-0.21050894,0.9345361,-0.7132625,0.6981739,-0.061724544
1356023459947,0.2831509,0.20643777,-0.9365943,-0.6411498,-0.6855283,-0.34493172,-0.7132688,0.69816506,-0.061750412
1356023459989,0.283426,0.20649724,-0.93649805,-0.64097816,-0.6855752,-0.34515738,-0.7133138,0.6981014,-0.061949607
1356023460041,0.28449684,0.20658182,-0.93615466,-0.64030397,-0.68581694,-0.34592763,-0.71349305,0.6978389,-0.0628376
1356023460078,0.2848193,0.20522918,-0.9363541,-0.6398618,-0.68663204,-0.34512794,-0.71376103,0.69743633,-0.06424776
1356023460117,0.28377688,0.20208654,-0.9373536,-0.63998604,-0.68803674,-0.34208667,-0.71406484,0.6969695,-0.06591636
1356023460156,0.28078103,0.19684066,-0.9393699,-0.6409904,-0.6900091,-0.33618262,-0.7143482,0.6965208,-0.06756851
1356023460196,0.27519447,0.18908322,-0.94261104,-0.6431934,-0.6925121,-0.3266943,-0.714542,0.69618565,-0.0689584
1356023460238,0.26737142,0.1792699,-0.9467708,-0.64642453,-0.69527835,-0.31420267,-0.7145963,0.69602466,-0.070013106
1356023460277,0.25779963,0.1679023,-0.95149785,-0.6503836,-0.69811034,-0.29940474,-0.7145212,0.696025,-0.070771694
1356023460318,0.24789262,0.15638715,-0.9560817,-0.65441483,-0.7006595,-0.284284,-0.7143461,0.696146,-0.07134625
1356023460358,0.23859966,0.14547372,-0.96016014,-0.6580987,-0.7028458,-0.2700255,-0.7141262,0.6963082,-0.071962684
1356023460396,0.23101503,0.1360439,-0.96339196,-0.6610245,-0.7046116,-0.25800988,-0.7139178,0.69642985,-0.072847515
1356023460436,0.22635245,0.12904742,-0.9654591,-0.6628196,-0.7058995,-0.24975204,-0.7137469,0.6964572,-0.07424688
1356023460477,0.22492462,0.12482047,-0.9663481,-0.6634188,-0.7067562,-0.24570534,-0.7136416,0.6963588,-0.07615861
1356023460517,0.22641748,0.123342425,-0.9661893,-0.66292286,-0.70724565,-0.24563584,-0.7136305,0.69612515,-0.07836627
1356023460557,0.23010468,0.12430638,-0.96519417,-0.6615584,-0.70740885,-0.24882366,-0.7137173,0.6957878,-0.08054214
1356023460597,0.23495597,0.1271162,-0.9636582,-0.65970117,-0.7072533,-0.25413996,-0.71385574,0.69543815,-0.0823147
1356023460636,0.23957407,0.13093972,-0.9620079,-0.6579285,-0.70675784,-0.260045,-0.71395683,0.6952324,-0.08317188
1356023460677,0.24258494,0.13486895,-0.9607096,-0.65684247,-0.705942,-0.26496017,-0.71394014,0.69531024,-0.08266324
1356023460736,0.24332428,0.13821477,-0.9600469,-0.65675247,-0.7049016,-0.26793653,-0.71377134,0.6957086,-0.08074678
1356023460757,0.24229568,0.14084053,-0.9599254,-0.657458,-0.7037595,-0.2692054,-0.71347165,0.69633794,-0.07792115
1356023460797,0.2405082,0.14291576,-0.96006817,-0.65851986,-0.7026299,-0.26956034,-0.71309704,0.69705546,-0.074875385
1356023460843,0.23845708,0.14449716,-0.960343,-0.6597091,-0.70158577,-0.26937196,-0.71268654,0.6977807,-0.07197198
1356023460876,0.23646826,0.14550361,-0.96068287,-0.66082656,-0.70075494,-0.26879513,-0.7123139,0.6984062,-0.06955364
1356023460917,0.23435444,0.14555508,-0.9611928,-0.6618951,-0.70027083,-0.267424,-0.7120202,0.6988808,-0.06776938
1356023460957,0.23138219,0.14367497,-0.96219534,-0.6631555,-0.7003592,-0.26404876,-0.7118196,0.69918126,-0.066771805
1356023460997,0.2267685,0.13892147,-0.96399003,-0.6649804,-0.7010805,-0.25746292,-0.7116018,0.69941896,-0.066602886
1356023461037,0.21960175,0.13036647,-0.9668401,-0.66788983,-0.702291,-0.24639541,-0.7111247,0.69985145,-0.06715395
1356023461076,0.20940393,0.117753804,-0.9707132,-0.672194,-0.7036256,-0.2303612,-0.7101446,0.70074606,-0.06818857
1356023461116,0.19610119,0.10153136,-0.97531307,-0.6778481,-0.7046765,-0.20964918,-0.7085663,0.70222664,-0.069365
1356023461157,0.18006599,0.08276203,-0.9801667,-0.6844512,-0.705123,-0.18527845,-0.70647216,0.70423853,-0.070322104
1356023461197,0.16220874,0.06293887,-0.9847472,-0.6913973,-0.7047767,-0.15893272,-0.7040299,0.7066318,-0.070805185
1356023461237,0.1440469,0.043840617,-0.9885993,-0.6981572,-0.7034967,-0.13292453,-0.70130384,0.7093451,-0.070728905
1356023461277,0.12724888,0.027047694,-0.9915019,-0.7045108,-0.7011879,-0.109544665,-0.6981921,0.71246326,-0.070169985
1356023461317,0.11345154,0.013807297,-0.99344754,-0.7105112,-0.697798,-0.09083849,-0.69448006,0.71616143,-0.069355994
1356023461357,0.10416782,0.004931003,-0.9945475,-0.71621287,-0.6934582,-0.07845354,-0.69006395,0.72048,-0.06870438
1356023461397,0.10064256,7.2458386E-4,-0.99492234,-0.7215042,-0.6884994,-0.07348603,-0.68505675,0.7252365,-0.068769515
1356023461436,0.10343754,9.391308E-4,-0.99463546,-0.72608757,-0.68337184,-0.07615501,-0.6797775,0.73006976,-0.070004374
1356023461477,0.11202973,0.004747838,-0.9936935,-0.7295611,-0.6785511,-0.085493356,-0.6746777,0.73453784,-0.07255405
1356023461516,0.12518483,0.011093587,-0.9920714,-0.7314242,-0.6745747,-0.09983826,-0.67033386,0.73812324,-0.07633242
1356023461557,0.14145511,0.019073904,-0.98976094,-0.73125064,-0.6719198,-0.117457956,-0.66728026,0.7403784,-0.08109875
1356023461596,0.15932465,0.028087378,-0.98682666,-0.7289849,-0.67072403,-0.13678607,-0.66573024,0.74117506,-0.08638765
1356023461636,0.17718643,0.037772477,-0.9834522,-0.72492164,-0.6708472,-0.15637347,-0.66565275,0.740633,-0.09148294
1356023461677,0.19265002,0.047570914,-0.98011374,-0.71947145,-0.672359,-0.17405215,-0.66726816,0.738695,-0.09530407
1356023461716,0.20119321,0.056067705,-0.9779456,-0.713447,-0.6757046,-0.18551737,-0.6712039,0.7350372,-0.09594583
1356023461756,0.19707483,0.061217815,-0.9784753,-0.708215,-0.6812552,-0.18526408,-0.6779329,0.7294817,-0.09090284
1356023461797,0.1770379,0.061706007,-0.98226774,-0.70459205,-0.6888826,-0.17026687,-0.6871736,0.72224176,-0.07848078
1356023461844,0.1427539,0.057903677,-0.988063,-0.70174766,-0.6980701,-0.14229661,-0.6979768,0.71368426,-0.059018463
1356023461879,0.099319935,0.051337034,-0.99373037,-0.69764876,-0.7085056,-0.10632962,-0.7095222,0.70383537,-0.03455347
1356023461918,0.053636193,0.044059336,-0.99758804,-0.6904035,-0.72013354,-0.06892544,-0.7214334,0.6924352,-0.008206509
1356023461958,0.010702133,0.037297517,-0.99924695,-0.67929995,-0.7330429,-0.034636736,-0.73378265,0.6791591,0.017491043
1356023461998,-0.024554849,0.032405287,-0.99917316,-0.66545904,-0.7463931,-0.007853359,-0.74603045,0.6647159,0.039891966
1356023462038,-0.04877895,0.030394256,-0.99834704,-0.65128005,-0.75878733,0.008720398,-0.7572681,0.65062886,0.056808025
1356023462078,-0.060117424,0.03209296,-0.9976753,-0.63891697,-0.7691527,0.013757646,-0.76692307,0.6382587,0.0667442
1356023462118,-0.05770296,0.038186163,-0.9976032,-0.6290288,-0.77735364,0.0066286027,-0.77523744,0.6279037,0.06887585
1356023462148,-0.04712546,0.04709512,-0.99777806,-0.62087315,-0.7838734,-0.0076747537,-0.78249323,0.619132,0.06618056
1356023462188,-0.023660779,0.059865057,-0.997926,-0.6122719,-0.78996366,-0.032872587,-0.7902932,0.61022425,0.05534479
1356023462228,0.0073786974,0.07526031,-0.99713665,-0.60188055,-0.7959747,-0.06453118,-0.7985521,0.60063326,0.03942439
1356023462270,0.03993714,0.090658665,-0.995081,-0.59022313,-0.80142695,-0.09670381,-0.8062517,0.5911818,0.021502085
1356023462308,0.06920552,0.103954285,-0.9921714,-0.58007133,-0.8049487,-0.12479901,-0.8116205,0.584167,0.004593998
1356023462348,0.092463195,0.11372109,-0.9892007,-0.5746612,-0.8052114,-0.1462843,-0.81315136,0.5819812,-0.009101331
1356023462389,0.10849637,0.11894645,-0.986955,-0.5757284,-0.8018478,-0.15992765,-0.81041056,0.5855696,-0.018516716
1356023462427,0.117634475,0.119078696,-0.9858917,-0.5833304,-0.7951653,-0.16564398,-0.8036715,0.594586,-0.024076667
1356023462467,0.120405376,0.113436475,-0.9862224,-0.59607327,-0.7861695,-0.16319919,-0.7938508,0.60751086,-0.027042538
1356023462507,0.11704719,0.10134727,-0.9879417,-0.61223906,-0.7758993,-0.15213057,-0.78196126,0.6226629,-0.028768092
1356023462547,0.10756111,0.08202559,-0.99080896,-0.6304432,-0.7649694,-0.1317693,-0.768747,0.638822,-0.03056845
1356023462586,0.09252226,0.054750025,-0.99420416,-0.64941055,-0.753575,-0.101933986,-0.7547884,0.65507793,-0.034167208
1356023462627,0.075419545,0.019938678,-0.99695253,-0.6669123,-0.74226975,-0.0652971,-0.74130964,0.6698046,-0.04268434
1356023462667,0.06880164,-0.016943932,-0.9974864,-0.6783671,-0.7339209,-0.034323514,-0.7314946,0.6790235,-0.061989114
1356023462706,0.10304105,-0.03705135,-0.9939868,-0.6745237,-0.7370317,-0.042450875,-0.73102695,0.67484176,-0.10093653
1356023462747,0.21450567,-0.0056836903,-0.9767062,-0.63229346,-0.76297766,-0.13442528,-0.744441,0.6463999,-0.1672568
1356023462786,0.37595755,0.087507695,-0.92249566,-0.51915276,-0.80472726,-0.28791383,-0.7675521,0.58715963,-0.25711343
1356023462846,0.49726704,0.19157079,-0.84618324,-0.36316076,-0.839803,-0.40354094,-0.7879339,0.5079682,-0.34803534
1356023462869,0.5545491,0.26846942,-0.7876544,-0.23287836,-0.8586403,-0.456623,-0.7989011,0.4366475,-0.41363746
1356023462908,0.5733918,0.3197252,-0.7543193,-0.15489668,-0.86179715,-0.48302454,-0.80450535,0.39380383,-0.44462305
1356023462948,0.57260585,0.35235992,-0.74024653,-0.1270805,-0.85386443,-0.5047435,-0.8099216,0.38309,-0.4441497
1356023462988,0.56065065,0.37034085,-0.7406204,-0.14039186,-0.8389507,-0.52578694,-0.81606436,0.39875984,-0.4183654
1356023463028,0.5398,0.37404236,-0.75412744,-0.18654904,-0.82042927,-0.5404583,-0.8208626,0.43242118,-0.37309048
1356023463069,0.50680363,0.35906637,-0.7837229,-0.26017535,-0.8030237,-0.53615457,-0.82186306,0.47563043,-0.31355506
1356023463108,0.44986457,0.31316787,-0.8363897,-0.35900748,-0.7940982,-0.49043018,-0.81776255,0.5208973,-0.24480703
1356023463148,0.3464474,0.21838725,-0.9122945,-0.47510612,-0.7977151,-0.3713823,-0.80885625,0.5621011,-0.17260924
1356023463178,0.21482402,0.11191881,-0.97021896,-0.5639435,-0.7968506,-0.21678737,-0.7973822,0.59371984,-0.10806677
1356023463218,0.06927961,0.0080165565,-0.99756503,-0.6138737,-0.7878842,-0.04896429,-0.78635824,0.6157712,-0.049663156
1356023463258,0.01384896,0.013810724,-0.99980867,-0.6262828,-0.7793534,-0.019440502,-0.7794728,0.6264323,-0.0021437705
1356023463298,0.036948144,0.09688532,-0.9946095,-0.6249393,-0.77441514,-0.09865162,-0.7797985,0.62521553,0.03193421
1356023463338,0.08227128,0.18914749,-0.97849613,-0.61049724,-0.76648235,-0.19949451,-0.78773385,0.6137818,0.052414477
1356023463369,0.11817211,0.25932765,-0.95853245,-0.5913131,-0.7571085,-0.27773276,-0.7977369,0.5996131,0.06387472
1356023463408,0.14848447,0.3101028,-0.939036,-0.5678376,-0.7506832,-0.337691,-0.80963755,0.5833618,0.06462324
1356023463448,0.1770171,0.34764355,-0.92076534,-0.548011,-0.7422852,-0.38561183,-0.81752604,0.57284945,0.05911538
1356023463488,0.20460433,0.37319815,-0.9049089,-0.5372231,-0.72997683,-0.42252225,-0.8182471,0.5725879,0.05113426
1356023463529,0.23069972,0.38787696,-0.8923727,-0.5359812,-0.71477413,-0.4492463,-0.8120972,0.581936,0.042996496
1356023463568,0.2524531,0.39238006,-0.8844802,-0.5422168,-0.69972134,-0.46517828,-0.80141646,0.59701574,0.036108345
1356023463608,0.2686745,0.38833928,-0.88147974,-0.55461043,-0.68584365,-0.47119597,-0.7875413,0.6154762,0.03110835
1356023463648,0.278637,0.37627858,-0.8836153,-0.57263273,-0.6735285,-0.4673878,-0.77100796,0.63621855,0.027799368
1356023463688,0.28402203,0.35698852,-0.8898823,-0.5954094,-0.6618027,-0.45552695,-0.7515445,0.65922403,0.02458778
1356023463747,0.29021084,0.33223018,-0.8974412,-0.61911595,-0.6499136,-0.44080335,-0.72970754,0.6835461,0.017077059
1356023463767,0.31457734,0.31172353,-0.89658767,-0.63060564,-0.63735497,-0.44284886,-0.7094911,0.7047035,-0.0039227903
1356023463808,0.4006731,0.3310489,-0.85432297,-0.5922358,-0.61788166,-0.51718384,-0.6990836,0.7131823,-0.05150956
1356023463854,0.57040226,0.43889827,-0.69426906,-0.41128463,-0.57903934,-0.7039591,-0.7109755,0.68708205,-0.14977324
1356023463884,0.66445905,0.54745567,-0.50871056,-0.18826987,-0.5361287,-0.8228733,-0.723221,0.6425405,-0.25316617
1356023463927,0.67452896,0.60289055,-0.4260677,-0.038995862,-0.54723024,-0.83607316,-0.7372178,0.58057046,-0.3456124
1356023463967,0.6615361,0.6285304,-0.40904713,0.03701076,-0.5721589,-0.8193073,-0.7489995,0.52686226,-0.40176612
1356023464007,0.64616406,0.63871545,-0.41774946,0.058151126,-0.5869789,-0.8075111,-0.76097995,0.49749207,-0.41642675
1356023464047,0.6321299,0.6363512,-0.4421187,0.034347624,-0.59302795,-0.80444896,-0.77410084,0.4933305,-0.3967279
1356023464087,0.6172307,0.6150155,-0.49069554,-0.032025218,-0.6035182,-0.79670584,-0.78613013,0.50746596,-0.35281396
1356023464127,0.5852195,0.53957915,-0.6052871,-0.1629481,-0.6529789,-0.7396394,-0.7943337,0.53148186,-0.29421264
1356023464167,0.37262642,0.15995798,-0.91409135,-0.47472444,-0.81352425,-0.3358795,-0.7973621,0.5590991,-0.22720468
1356023464207,-0.3487321,-0.6555658,-0.6697906,-0.49578544,-0.47743648,0.72543174,-0.7953507,0.58505374,-0.15852255
1356023464247,-0.5282095,-0.7501255,-0.39787748,-0.31150952,-0.26471728,0.91262627,-0.78990924,0.6060004,-0.09384513
1356023464287,-0.5519264,-0.7242959,-0.41324657,-0.28356332,-0.30301702,0.90982,-0.78419966,0.61933523,-0.038140655
1356023464327,-0.51853263,-0.64693254,-0.55910826,-0.34501886,-0.43998688,0.82907987,-0.7823591,0.62280786,0.004943669
1356023464367,-0.42649055,-0.5038466,-0.751162,-0.44533148,-0.60587263,0.65924054,-0.78726465,0.615676,0.034020215
1356023464407,-0.30016786,-0.3249755,-0.89682233,-0.52213365,-0.7308464,0.43959087,-0.7982956,0.60021216,0.04969591
1356023464447,-0.1871494,-0.17050385,-0.9674211,-0.55395305,-0.7949788,0.24727486,-0.8112405,0.5821832,0.054328606
1356023464487,-0.10779983,-0.06536722,-0.9920213,-0.56106395,-0.81974745,0.11498462,-0.8207232,0.5689827,0.05169338
1356023464527,-0.05786252,-0.0042185485,-0.99831563,-0.5647377,-0.8244754,0.03621623,-0.8232395,0.5658821,0.04532385
1356023464567,-0.03087449,0.021750689,-0.9992866,-0.5736789,-0.8190803,-1.03622675E-4,-0.8184982,0.5732665,0.037766546
1356023464607,-0.025587976,0.016905904,-0.9995296,-0.58836865,-0.80859166,0.0013858378,-0.80818784,0.5881274,0.030637115
1356023464647,-0.04719758,-0.02031231,-0.9986791,-0.6055236,-0.7945667,0.04477787,-0.7944266,0.6068371,0.025201984
1356023464687,-0.10432392,-0.094714075,-0.99002314,-0.6194173,-0.7726248,0.1391871,-0.7780994,0.627758,0.021935716
1356023464727,-0.20924497,-0.21488875,-0.9539599,-0.6167437,-0.7280515,0.2992795,-0.7588437,0.6509715,0.019809872
1356023464767,-0.36746562,-0.38281405,-0.8475981,-0.566955,-0.63023514,0.53043926,-0.7372457,0.6754681,0.014551371
1356023464808,-0.5356934,-0.55378616,-0.63745856,-0.44619003,-0.4552781,0.770478,-0.71690094,0.69716763,-0.0032044053
1356023464849,-0.63642955,-0.66266155,-0.39476222,-0.31136876,-0.24752414,0.9174864,-0.70569617,0.70683205,-0.04880047
1356023464886,-0.6686857,-0.7149056,-0.2043755,-0.23147076,-0.061059654,0.9709238,-0.706598,0.6965498,-0.12465006
1356023464927,-0.6515001,-0.7488575,-0.121491045,-0.2483395,0.059194267,0.9668627,-0.71685076,0.6600822,-0.224536
1356023464967,-0.60877746,-0.78541887,-0.11183563,-0.31781745,0.11228293,0.94148,-0.7268989,0.6086951,-0.31797516
1356023465007,-0.5722815,-0.81319714,-0.10585028,-0.36616954,0.13790119,0.9202734,-0.73376685,0.56541455,-0.37668633
1356023465057,-0.5812456,-0.81281906,-0.03845358,-0.3308695,0.19290262,0.9237499,-0.74342376,0.54964864,-0.38106084
1356023465097,-0.591606,-0.80622363,0.002390623,-0.28570005,0.21241736,0.9344808,-0.75390834,0.55216146,-0.35600555
1356023465137,-0.60066605,-0.7992142,0.021378249,-0.23533803,0.20230162,0.95062613,-0.76407874,0.5659777,-0.3096012
1356023465177,-0.60675776,-0.79472256,0.016156971,-0.18914029,0.16408825,0.96814305,-0.7720563,0.58437234,-0.2498759
1356023465217,-0.6110639,-0.79150546,-0.010955095,-0.15221497,0.10391039,0.98286986,-0.77680856,0.6022638,-0.18397486
1356023465257,-0.6138657,-0.7871099,-0.060224473,-0.13019496,0.025702119,0.99115527,-0.7786002,0.6162771,-0.11825544
1356023465297,-0.6130509,-0.7781457,-0.1365942,-0.13081846,-0.07052523,0.9888947,-0.7791375,0.6241118,-0.058560252
1356023465337,-0.60208446,-0.75819093,-0.25028142,-0.16377151,-0.18952799,0.9681209,-0.78145576,0.6238795,-0.010058224
1356023465377,-0.5689327,-0.7136712,-0.40864277,-0.23413424,-0.33577228,0.9123804,-0.7883506,0.61476034,0.023937047
1356023465417,-0.5005169,-0.6266252,-0.59734726,-0.3305118,-0.49942255,0.8008365,-0.800153,0.5982625,0.042862415
1356023465457,-0.39970267,-0.49626625,-0.77068645,-0.42193258,-0.6467958,0.6353173,-0.8137633,0.57911575,0.04913506
1356023465497,-0.29337847,-0.3545561,-0.88781697,-0.48417577,-0.74566126,0.45778072,-0.82431966,0.5641625,0.04709348
1356023465537,-0.20680559,-0.23629099,-0.9494198,-0.521124,-0.794686,0.31129384,-0.8280466,0.55914277,0.041208655
1356023465577,-0.14702338,-0.15467113,-0.9769652,-0.5468561,-0.8103106,0.21058302,-0.82421637,0.56522,0.034551695
1356023465617,-0.11280042,-0.10931805,-0.9875858,-0.5692234,-0.80755407,0.1544057,-0.8144082,0.579574,0.028866038
1356023465659,-0.10431659,-0.097501665,-0.98975325,-0.59089637,-0.7944123,0.14053686,-0.7999747,0.59950197,0.025256947
1356023465697,-0.12498313,-0.119468,-0.9849399,-0.60945165,-0.7741114,0.17123154,-0.7829099,0.6216743,0.02394095
1356023465737,-0.17621946,-0.17126171,-0.969338,-0.62298346,-0.74303126,0.24453248,-0.76212746,0.64697295,0.02424334
1356023465777,-0.26525158,-0.2586874,-0.92882854,-0.6207882,-0.69127643,0.3698094,-0.73774225,0.67469835,0.022772014
1356023465852,-0.37272185,-0.36964488,-0.85114104,-0.5961584,-0.60751384,0.524902,-0.7111073,0.7030573,0.006066799
1356023465864,-0.47571743,-0.49575412,-0.72658163,-0.54246676,-0.48488623,0.686014,-0.6924036,0.72049516,-0.038261354
1356023465896,-0.5398229,-0.5960884,-0.5943651,-0.49247465,-0.34899533,0.7972897,-0.68268585,0.72310495,-0.1051628
1356023465938,-0.43753338,-0.6349242,-0.6367385,-0.57356274,-0.34829754,0.7414274,-0.6925246,0.6896087,-0.21177703
1356023465979,-0.16836321,-0.58809406,-0.7910747,-0.68734044,-0.50520056,0.5218576,-0.7065528,0.6315993,-0.31916362
1356023466019,0.1069178,-0.46899956,-0.87670296,-0.68593246,-0.6731126,0.27643472,-0.7197675,0.5718032,-0.39366972
1356023466058,0.17621255,-0.45403856,-0.87338316,-0.6574269,-0.71465164,0.23887853,-0.73262477,0.53209215,-0.4244277
1356023466100,0.035733223,-0.58642703,-0.8092135,-0.6613216,-0.62095475,0.42079562,-0.7492509,0.52011395,-0.41000557
1356023466137,-0.1528154,-0.70864856,-0.68881404,-0.6255864,-0.4702059,0.6225336,-0.76504195,0.5260454,-0.37146622
1356023466177,-0.3250299,-0.7737643,-0.54373187,-0.5389454,-0.32089514,0.77882236,-0.77710587,0.54618233,-0.31271625
1356023466217,-0.43901688,-0.78525555,-0.43662083,-0.44127452,-0.23486245,0.86609256,-0.7826499,0.572899,-0.24340469
1356023466257,-0.5094771,-0.7723671,-0.37931803,-0.35964704,-0.20933479,0.90930355,-0.78172064,0.59968996,-0.17112827
1356023466297,-0.55094314,-0.7494262,-0.36718124,-0.30478436,-0.22889853,0.92450637,-0.77689654,0.62126154,-0.10230327
1356023466337,-0.56899285,-0.7204728,-0.39644185,-0.2819625,-0.28193754,0.91706514,-0.7724923,0.6335852,-0.04272586
1356023466377,-0.56296307,-0.68396086,-0.4639722,-0.29200482,-0.36057472,0.88584375,-0.77317905,0.63417935,0.003270328
1356023466417,-0.53120637,-0.63577056,-0.56001395,-0.32724893,-0.4557209,0.8277841,-0.78149086,0.62298816,0.034026623
1356023466457,-0.47795433,-0.5747794,-0.66422004,-0.37199324,-0.5525744,0.74584347,-0.7957265,0.60356444,0.05029136
1356023466496,-0.41663092,-0.50787044,-0.7539802,-0.41211975,-0.63375044,0.65461254,-0.81029373,0.583462,0.054736674
1356023466537,-0.36232412,-0.446602,-0.818088,-0.44425386,-0.68885875,0.57281077,-0.81936544,0.57098186,0.05118546
1356023466577,-0.32391107,-0.39938486,-0.8576557,-0.47149873,-0.7177847,0.51232225,-0.8202259,0.57033044,0.044189006
1356023466617,-0.30327052,-0.36963972,-0.87829006,-0.4957098,-0.7259677,0.47669977,-0.8138174,0.579946,0.03693056
1356023466657,-0.2998795,-0.3574356,-0.8844841,-0.51575196,-0.7192314,0.46551698,-0.8025411,0.5957734,0.03133464
1356023466697,-0.3134333,-0.36134923,-0.87817216,-0.5296896,-0.70101154,0.47750583,-0.7881552,0.61482483,0.028317422
1356023466737,-0.34397775,-0.37894255,-0.859117,-0.53635055,-0.67170167,0.5110235,-0.7707189,0.63656855,0.027804315
1356023466774,-0.3898232,-0.40750438,-0.8258196,-0.5343032,-0.630302,0.56324005,-0.7500386,0.6608021,0.02797553
1356023466846,-0.4430405,-0.44183248,-0.7800636,-0.5293339,-0.5733326,0.6253763,-0.72354746,0.68998104,0.020132601
1356023466859,-0.49760145,-0.48499328,-0.7191483,-0.514249,-0.50271535,0.6948562,-0.69852746,0.7155828,7.446408E-4
1356023466898,-0.505999,-0.52173716,-0.68684447,-0.5270136,-0.443367,0.72503954,-0.6828042,0.72884566,-0.050619304
1356023466938,-0.44438678,-0.5572784,-0.7013994,-0.583776,-0.41373813,0.6985887,-0.6795041,0.7199038,-0.14146596
1356023466978,-0.30446345,-0.5791711,-0.7562161,-0.6652337,-0.43892336,0.60399544,-0.6817376,0.686955,-0.251648
1356023467018,-0.12632614,-0.5696157,-0.8121451,-0.71908355,-0.51139295,0.4705274,-0.6833451,0.6434401,-0.34499902
1356023467058,0.0022981763,-0.5433019,-0.83953416,-0.7273256,-0.57707393,0.3714606,-0.6862886,0.6097611,-0.39648357
1356023467098,0.032816827,-0.5332265,-0.8453357,-0.7188932,-0.60018116,0.35067806,-0.6943455,0.59619796,-0.40302894
1356023467138,-0.0282588,-0.5494212,-0.8350676,-0.70652866,-0.5799866,0.40550315,-0.70712,0.6014582,-0.37179208
1356023467178,-0.13946146,-0.5748512,-0.8062857,-0.6799969,-0.536304,0.49998215,-0.7198296,0.61800003,-0.31610325
1356023467219,-0.26049316,-0.59262586,-0.76219285,-0.63364136,-0.49069953,0.59809077,-0.7284517,0.63875544,-0.2476883
1356023467258,-0.3636223,-0.5957374,-0.71615344,-0.57612413,-0.46030146,0.67542845,-0.7320245,0.6581941,-0.17584282
1356023467299,-0.43735707,-0.5853967,-0.68266356,-0.5218578,-0.45301354,0.72280234,-0.73238194,0.672376,-0.10736525
1356023467338,-0.48044872,-0.56514454,-0.6706569,-0.48150322,-0.46916634,0.74029565,-0.73302364,0.67859757,-0.046708524
1356023467378,-0.49222922,-0.53655595,-0.6854328,-0.46165836,-0.5066483,0.728134,-0.73795795,0.67484456,0.0016815662
1356023467417,-0.47488797,-0.5006905,-0.72373366,-0.46025616,-0.5596448,0.6891748,-0.75009716,0.6603837,0.035322696
1356023467457,-0.43362105,-0.45855477,-0.7756934,-0.46885243,-0.6203162,0.6287965,-0.7695129,0.6363452,0.05398771
1356023467497,-0.38052875,-0.41342792,-0.8272093,-0.47834143,-0.67754906,0.5586741,-0.7914464,0.60828006,0.060067177
1356023467537,-0.3290041,-0.3713954,-0.8682291,-0.48584878,-0.7218215,0.49287388,-0.80975753,0.58398557,0.057040215
1356023467577,-0.28944725,-0.33792883,-0.8955581,-0.49446017,-0.7483211,0.4421817,-0.81959105,0.57080615,0.049507126
1356023467617,-0.26566315,-0.316467,-0.9106435,-0.50681263,-0.7576842,0.41116363,-0.8201,0.5707567,0.04089935
1356023467657,-0.2579335,-0.3085467,-0.9155705,-0.52169734,-0.75313306,0.4007774,-0.8132049,0.5810246,0.033290252
1356023467696,-0.2664349,-0.31477848,-0.91100323,-0.5356582,-0.73740983,0.41145712,-0.80130064,0.5976129,0.027858019
1356023467737,-0.29228747,-0.33489367,-0.89577574,-0.5457456,-0.7107743,0.44380352,-0.7853214,0.6185839,0.024983644
1356023467777,-0.33621716,-0.36838832,-0.86674565,-0.548544,-0.67149746,0.49818742,-0.7655439,0.6429473,0.023691744
1356023467847,-0.396115,-0.4121519,-0.82050216,-0.5445637,-0.6140253,0.57133484,-0.7392857,0.6731299,0.018781543
1356023467860,-0.46629703,-0.46800616,-0.75069124,-0.5234186,-0.53815055,0.66062623,-0.713162,0.7009738,0.005974859
1356023467898,-0.5081719,-0.51664317,-0.68908715,-0.5119798,-0.46216553,0.72407156,-0.692559,0.7207516,-0.029651344
1356023467938,-0.495367,-0.56168723,-0.66266054,-0.53526556,-0.4034475,0.7421058,-0.6841801,0.72231406,-0.100797355
1356023467978,-0.40348047,-0.5987226,-0.69190663,-0.60397255,-0.39376795,0.6929387,-0.68732864,0.69747984,-0.20273429
1356023468018,-0.23070836,-0.6068361,-0.7606075,-0.68163,-0.45704252,0.5713954,-0.69437325,0.65027857,-0.30819422
1356023468058,-0.05267042,-0.5799694,-0.8129338,-0.7108815,-0.5499506,0.43840832,-0.70133686,0.6009907,-0.38332337
1356023468098,0.030478299,-0.56101155,-0.82724667,-0.7026217,-0.6006703,0.3814681,-0.71091056,0.56961495,-0.41248628
1356023468138,-0.004304409,-0.58121896,-0.81373584,-0.68870294,-0.5882715,0.4238218,-0.7250309,0.5622465,-0.397755
1356023468178,-0.116482735,-0.6229188,-0.7735657,-0.66206425,-0.531879,0.527992,-0.7403396,0.57365215,-0.3504575
1356023468218,-0.2483707,-0.6550034,-0.71364033,-0.6110058,-0.46574074,0.64012307,-0.75165415,0.5950262,-0.28453457
1356023468258,-0.3624016,-0.66560066,-0.65241146,-0.54443073,-0.41697395,0.72782403,-0.7564788,0.61895746,-0.21126139
1356023468298,-0.4449516,-0.6577965,-0.6077185,-0.48040763,-0.39737433,0.7818581,-0.7557953,0.6398417,-0.13919806
1356023468338,-0.4971897,-0.63813454,-0.5878663,-0.4314664,-0.40598422,0.8056138,-0.75275445,0.6541874,-0.073482394
1356023468377,-0.52009803,-0.6098769,-0.59795344,-0.40593243,-0.4394638,0.8013056,-0.7514765,0.6594861,-0.019004583
1356023468417,-0.5144215,-0.5741584,-0.6369559,-0.40448606,-0.49249315,0.7706112,-0.75614923,0.65405864,0.021109998
1356023468457,-0.48205072,-0.5304024,-0.6973523,-0.42040408,-0.5582918,0.7152416,-0.768692,0.6379525,0.046141684
1356023468496,-0.43134838,-0.48036,-0.76367074,-0.44166306,-0.6256667,0.64302033,-0.78668445,0.6146509,0.057722926
1356023468538,-0.375651,-0.42976376,-0.8210903,-0.46017912,-0.6825407,0.5677792,-0.80443853,0.5911355,0.058628857
1356023468577,-0.3291732,-0.38594046,-0.8617976,-0.47585008,-0.7205042,0.504421,-0.81560516,0.57612824,0.05352083
1356023468617,-0.2990414,-0.35437942,-0.88599634,-0.49198055,-0.7383097,0.4613611,-0.8176365,0.57385904,0.046437293
1356023468657,-0.28652918,-0.33733308,-0.8967203,-0.50909793,-0.7392792,0.4407782,-0.8116158,0.5828143,0.040089577
1356023468697,-0.29099786,-0.3353629,-0.8960201,-0.52443624,-0.7273925,0.44256848,-0.8001793,0.5986919,0.035793155
1356023468737,-0.31270558,-0.34765276,-0.8839417,-0.535588,-0.7040251,0.46636283,-0.7844494,0.6192628,0.033953786
1356023468777,-0.35230088,-0.3731375,-0.85828465,-0.53966105,-0.6682655,0.5120422,-0.7646242,0.6435757,0.034062654
1356023468847,-0.4076978,-0.4081704,-0.8168104,-0.53461814,-0.6184775,0.57590705,-0.7402472,0.67147774,0.03393668
1356023468860,-0.47026372,-0.4473987,-0.7607145,-0.52189314,-0.55411893,0.64852124,-0.7116738,0.7019877,0.027087629
1356023468898,-0.5216596,-0.4870422,-0.70047206,-0.5086735,-0.48158532,0.7136713,-0.68492514,0.72860515,0.003478229
1356023468938,-0.52733433,-0.5250205,-0.668036,-0.5227922,-0.4192952,0.7422128,-0.6697812,0.74063826,-0.053367853
1356023468978,-0.4596156,-0.56365633,-0.6863273,-0.58125067,-0.3933819,0.7123191,-0.6714918,0.72632116,-0.1468212
1356023469018,-0.3116873,-0.59101033,-0.7440146,-0.6590023,-0.42963618,0.6173562,-0.6845195,0.6827295,-0.25556505
1356023469058,-0.14358026,-0.593394,-0.7920027,-0.6999381,-0.5048764,0.50515985,-0.6996223,0.62688386,-0.34284875
1356023469097,-0.040442586,-0.5869815,-0.8085896,-0.69807476,-0.5623942,0.44317526,-0.7148818,0.58237916,-0.3870123
1356023469137,-0.029001713,-0.59274936,-0.8048647,-0.6803336,-0.57821625,0.45034674,-0.7323286,0.56063735,-0.38649803
1356023469177,-0.08428115,-0.6086285,-0.78896654,-0.65581393,-0.5622384,0.5037819,-0.75020325,0.5598744,-0.35176098
1356023469217,-0.17286098,-0.62295055,-0.7629231,-0.6212112,-0.5321392,0.5752605,-0.76434016,0.5733764,-0.29499772
1356023469257,-0.26818234,-0.62705123,-0.7313583,-0.5771414,-0.50327784,0.6431323,-0.77135336,0.59457386,-0.22692701
1356023469297,-0.35380596,-0.6192355,-0.7009771,-0.5293088,-0.4853381,0.69590175,-0.77113783,0.61724746,-0.15605134
1356023469337,-0.4210832,-0.60160506,-0.67879325,-0.48579487,-0.48239744,0.7289006,-0.76595837,0.6366821,-0.08912718
1356023469377,-0.46515065,-0.5779648,-0.6705159,-0.4533875,-0.49501675,0.741214,-0.7603122,0.6487797,-0.031784654
1356023469417,-0.4834118,-0.55203414,-0.67939043,-0.4354055,-0.5216638,0.73368174,-0.75943077,0.6504807,0.01181972
1356023469457,-0.4769119,-0.5265746,-0.7037572,-0.4298846,-0.5586393,0.7093105,-0.76665133,0.64081305,0.040055424
1356023469497,-0.45181727,-0.50313026,-0.7366961,-0.4314244,-0.599577,0.6740775,-0.7808548,0.6223885,0.053836524
1356023469537,-0.41905773,-0.483259,-0.7686686,-0.4354414,-0.6359121,0.6371865,-0.79673177,0.6017281,0.056052834
1356023469577,-0.39085317,-0.468858,-0.7920896,-0.44110525,-0.65988135,0.608262,-0.8078737,0.587136,0.051101
1356023469618,-0.37505877,-0.46151674,-0.8039485,-0.44944483,-0.66797495,0.59313476,-0.81075907,0.5837909,0.043103546
1356023469664,-0.37663865,-0.4615491,-0.803191,-0.46225142,-0.6577395,0.5947289,-0.802787,0.59527403,0.03437838
1356023469694,-0.39006484,-0.47298086,-0.79002434,-0.46656328,-0.6381656,0.61242414,-0.7938313,0.6074815,0.028250486
1356023469737,-0.41225582,-0.48441952,-0.7716107,-0.46948934,-0.61286145,0.63559484,-0.7807849,0.6242906,0.025225759
1356023469777,-0.44533378,-0.49919832,-0.7432893,-0.46678883,-0.5789671,0.66850984,-0.764059,0.64466906,0.024813354
1356023469847,-0.48980618,-0.5129052,-0.7049952,-0.46127668,-0.5337214,0.70877737,-0.7398066,0.6723613,0.024828762
1356023469860,-0.535712,-0.5263712,-0.66026217,-0.45116183,-0.48253596,0.75074106,-0.71376866,0.70006603,0.021021724
1356023469899,-0.56906784,-0.53653926,-0.6231272,-0.45114693,-0.42983776,0.7821164,-0.68747973,0.72619915,0.0025487542
1356023469938,-0.57357854,-0.5517119,-0.6054929,-0.47386992,-0.37945575,0.794645,-0.6681729,0.74271613,-0.04379201
1356023469978,-0.52946544,-0.5791345,-0.61989486,-0.5301973,-0.34452313,0.77472234,-0.6622366,0.73885524,-0.12464243
1356023470018,-0.42650753,-0.61359215,-0.664527,-0.6099727,-0.34736228,0.7122309,-0.6678508,0.70911515,-0.22612184
1356023470058,-0.28944844,-0.63483745,-0.7163804,-0.6754264,-0.39485204,0.6228089,-0.6782467,0.66413337,-0.3144967
1356023470099,-0.17729944,-0.6325664,-0.7539395,-0.7004644,-0.45701528,0.54816663,-0.6913136,0.6252974,-0.36206168
1356023470139,-0.1297189,-0.6165309,-0.7765711,-0.69433594,-0.5026341,0.5150306,-0.7078634,0.60601044,-0.36287847
1356023470179,-0.14324921,-0.59664977,-0.789613,-0.67303324,-0.52622336,0.51972616,-0.7256073,0.6058861,-0.326184
1356023470218,-0.19535512,-0.57532877,-0.79425013,-0.6440374,-0.53550214,0.5463088,-0.73962975,0.618251,-0.2659202
1356023470259,-0.26370126,-0.5522308,-0.79088736,-0.6107083,-0.53907436,0.58002955,-0.74665725,0.635956,-0.19509736
1356023470299,-0.33196282,-0.5274958,-0.78201586,-0.5757192,-0.5434135,0.6109412,-0.7472269,0.65303135,-0.12329638
1356023470338,-0.3890459,-0.50208867,-0.77236664,-0.5423453,-0.5528873,0.6325956,-0.74465084,0.6649981,-0.05720684
1356023470378,-0.4276321,-0.477446,-0.76757807,-0.51433337,-0.5697726,0.6409526,-0.7433652,0.66888297,-0.0019133091
1356023470418,-0.44355357,-0.45494077,-0.77219754,-0.49416676,-0.59464663,0.63418806,-0.7477028,0.6628908,0.038941085
1356023470458,-0.43686384,-0.43547022,-0.7870933,-0.48120147,-0.6261436,0.61350596,-0.7599969,0.6467689,0.06399053
1356023470499,-0.4126612,-0.41960236,-0.8084829,-0.47248474,-0.66023326,0.5838238,-0.77876115,0.6229173,0.074196905
1356023470538,-0.38034588,-0.407938,-0.8300142,-0.46648902,-0.6903139,0.5530416,-0.79857695,0.59753954,0.07225931
1356023470577,-0.35113955,-0.4014053,-0.84591657,-0.4647924,-0.7095486,0.5296309,-0.8128155,0.57914996,0.06258044
1356023470617,-0.33288527,-0.40083295,-0.8535341,-0.46955472,-0.7144943,0.5186678,-0.8177444,0.5734378,0.049631566
1356023470657,-0.32886124,-0.40684897,-0.8522465,-0.47912055,-0.7057974,0.5218175,-0.8138143,0.5799344,0.03717974
1356023470697,-0.33922613,-0.41943038,-0.8420236,-0.48931324,-0.68580437,0.5387438,-0.803429,0.5947693,0.027409911
1356023470737,-0.36347497,-0.43821767,-0.8221017,-0.49572316,-0.6561723,0.56894326,-0.7887614,0.6143315,0.021267563
1356023470777,-0.40105647,-0.46177286,-0.7911508,-0.49571604,-0.61686885,0.6113416,-0.7703372,0.63736856,0.01849097
1356023470852,-0.45048356,-0.4879619,-0.7476348,-0.4879619,-0.5666976,0.66388786,-0.7476348,0.66388786,0.017181128
1356023470853,-0.50497866,-0.51436055,-0.69313043,-0.47140527,-0.50833976,0.7206718,-0.72303087,0.6906692,0.014228493
1356023470884,-0.5543735,-0.5360447,-0.63665223,-0.45774168,-0.4424914,0.77115107,-0.6950846,0.718928,-6.4492226E-5
1356023470917,-0.59392637,-0.55787957,-0.5796739,-0.446277,-0.37104756,0.8143467,-0.669394,0.74235713,-0.028593898
1356023470957,-0.5922211,-0.58689094,-0.55211693,-0.4680791,-0.3071608,0.8285857,-0.6558781,0.7491403,-0.09280431
1356023470997,-0.54040986,-0.6272561,-0.56080925,-0.527101,-0.26714188,0.8067216,-0.6558367,0.7315634,-0.18626118
1356023471037,-0.44361132,-0.6674155,-0.598135,-0.6030836,-0.27138042,0.7500952,-0.6629473,0.69347614,-0.28211993
1356023471077,-0.34009343,-0.69110256,-0.63774115,-0.6578714,-0.3097421,0.6864875,-0.6719685,0.6530215,-0.34931535
1356023471117,-0.28021228,-0.6978673,-0.6591376,-0.67395127,-0.34593892,0.6527756,-0.68357205,0.62714237,-0.3733921
1356023471157,-0.2822613,-0.69709176,-0.6590839,-0.65741736,-0.35978794,0.6620838,-0.69866365,0.6201739,-0.356726
1356023471197,-0.32862502,-0.69196963,-0.64279366,-0.6181756,-0.3569634,0.7003115,-0.714048,0.62749916,-0.3104517
1356023471237,-0.39331704,-0.68125427,-0.6174093,-0.56533694,-0.35037243,0.7467484,-0.7250487,0.6427532,-0.24733073
1356023471277,-0.45776945,-0.6647484,-0.59038705,-0.50836736,-0.3490752,0.78721607,-0.7293901,0.66049695,-0.17814046
1356023471316,-0.51171404,-0.6440407,-0.5686479,-0.45586717,-0.3574816,0.8151025,-0.7282403,0.6763273,-0.11066872
1356023471357,-0.55013484,-0.62137914,-0.5578885,-0.41392303,-0.3773197,0.8284308,-0.72527194,0.6866715,-0.04962641
1356023471397,-0.5684771,-0.59856457,-0.56440604,-0.38802892,-0.40986377,0.8254969,-0.7254429,0.688282,7.377863E-4
1356023471437,-0.56471306,-0.5764141,-0.5906316,-0.3795257,-0.45412123,0.8060608,-0.7328433,0.679353,0.03768426
1356023471477,-0.53897834,-0.5541675,-0.63435066,-0.385392,-0.50740814,0.7707205,-0.7489829,0.6598753,0.059910268
1356023471516,-0.4971617,-0.5301383,-0.68686515,-0.3989444,-0.56331897,0.7235435,-0.77050227,0.6337391,0.06856483
1356023471557,-0.44925463,-0.50495434,-0.7370151,-0.41386688,-0.61346865,0.67258495,-0.7917603,0.60718805,0.066619724
1356023471597,-0.40795684,-0.4810568,-0.7759868,-0.42832917,-0.6497483,0.6279819,-0.8062911,0.58856726,0.05901864
1356023471637,-0.38140106,-0.46188152,-0.8007488,-0.44364852,-0.66849065,0.5969056,-0.8109927,0.5829115,0.05004999
1356023471677,-0.37146783,-0.44957873,-0.81233656,-0.4596496,-0.6711429,0.58162665,-0.8066808,0.5894457,0.042659253
1356023471716,-0.3768828,-0.445149,-0.81228185,-0.47334713,-0.6612308,0.5819934,-0.79617953,0.60383457,0.038496494
1356023471757,-0.3965065,-0.44838652,-0.8010819,-0.4820923,-0.6409057,0.59734994,-0.78126156,0.6230485,0.037959576
1356023471798,-0.43022388,-0.45873892,-0.7774741,-0.48416883,-0.60963976,0.6276304,-0.7618976,0.64645034,0.040174425
1356023471854,-0.4757794,-0.47543678,-0.73999584,-0.47797862,-0.5664961,0.67128134,-0.7383566,0.673084,0.0422785
1356023471880,-0.52715,-0.49554092,-0.6903276,-0.46572858,-0.5110173,0.7224668,-0.71078116,0.7023536,0.03859514
1356023471918,-0.571114,-0.51937366,-0.63567287,-0.45364562,-0.4456951,0.7717265,-0.6841306,0.72911394,0.018931031
1356023471960,-0.58400995,-0.54955685,-0.5974275,-0.46087766,-0.38137233,0.8013407,-0.6682246,0.7433319,-0.030553281
1356023471999,-0.53869045,-0.58879817,-0.6026022,-0.50993466,-0.34149528,0.78952366,-0.6706559,0.7325966,-0.11628842
1356023472039,-0.421358,-0.625302,-0.6568522,-0.59360164,-0.35741746,0.7210339,-0.68563443,0.69372195,-0.2205795
1356023472079,-0.25163758,-0.6340613,-0.73119414,-0.66510206,-0.4355461,0.6065797,-0.70307744,0.63895696,-0.31211573
1356023472119,-0.110854566,-0.6153082,-0.7804531,-0.6876177,-0.5195042,0.50724477,-0.7175605,0.59288377,-0.36550742
1356023472160,-0.06396204,-0.60367,-0.7946643,-0.67826796,-0.5578074,0.47833407,-0.73202556,0.56959057,-0.37377155
1356023472199,-0.09391749,-0.6105527,-0.7863872,-0.658987,-0.55395424,0.5087935,-0.7462678,0.56600356,-0.3503203
1356023472241,-0.18776232,-0.63386995,-0.7503027,-0.62389916,-0.51302195,0.5895407,-0.75861394,0.57880676,-0.2991447
1356023472278,-0.2904879,-0.6504306,-0.7018239,-0.5742596,-0.46818352,0.67158777,-0.76540357,0.5981172,-0.23751438
1356023472318,-0.38631624,-0.65602744,-0.6483731,-0.51414275,-0.43044943,0.7418696,-0.76577866,0.6199526,-0.17100215
1356023472358,-0.4616484,-0.6486375,-0.60510343,-0.45558375,-0.4119346,0.7891472,-0.7611335,0.63998383,-0.105339825
1356023472399,-0.5105928,-0.6301758,-0.58495593,-0.41173992,-0.4180447,0.8097586,-0.754828,0.6543066,-0.046018004
1356023472438,-0.5311087,-0.60263103,-0.59561694,-0.39192778,-0.44850445,0.8032661,-0.75120986,0.66006035,0.0020167232
1356023472478,-0.5224501,-0.5668153,-0.63699794,-0.39688134,-0.4995497,0.770023,-0.7546729,0.6551111,0.036031306
1356023472535,-0.48541117,-0.52088046,-0.70218205,-0.42029244,-0.56523305,0.7098351,-0.7666358,0.63968366,0.055448264
1356023472557,-0.42754394,-0.46647182,-0.774345,-0.44898686,-0.6338867,0.6297605,-0.7846126,0.61692107,0.061574757
1356023472597,-0.36392027,-0.41018435,-0.8362479,-0.4731708,-0.69191843,0.5453055,-0.8022913,0.5941359,0.057716012
1356023472634,-0.3104918,-0.3614336,-0.87918174,-0.49186942,-0.7303596,0.4739611,-0.81342435,0.5796037,0.048992604
1356023472677,-0.27494013,-0.32675615,-0.9042336,-0.5091318,-0.748314,0.42521867,-0.8155935,0.57728374,0.03937958
1356023472717,-0.25875217,-0.30875915,-0.91526777,-0.5260362,-0.74966466,0.4016079,-0.810144,0.5853809,0.031558827
1356023472757,-0.261685,-0.3077839,-0.9147623,-0.5416866,-0.73760235,0.40313575,-0.79880947,0.601009,0.026297078
1356023472797,-0.28427833,-0.32415533,-0.9022799,-0.5535691,-0.712888,0.43052506,-0.78278154,0.62186325,0.023216307
1356023472847,-0.32774216,-0.3570554,-0.87469804,-0.5587084,-0.67334294,0.48420483,-0.76185966,0.64739543,0.021192968
1356023472879,-0.39210153,-0.4047408,-0.8261001,-0.55231446,-0.61456805,0.5632539,-0.7356665,0.67711973,0.017428815
1356023472918,-0.46950376,-0.46241617,-0.75215524,-0.53015006,-0.5335795,0.6589641,-0.70605034,0.70814127,0.005367726
1356023472958,-0.5375858,-0.5218185,-0.6623496,-0.50003886,-0.43519622,0.74870914,-0.6789423,0.7336959,-0.026974201
1356023472998,-0.5692514,-0.578292,-0.5844067,-0.4865272,-0.3360542,0.8064483,-0.66275495,0.7434016,-0.090055466
1356023473038,-0.53883326,-0.6303467,-0.55885744,-0.52218837,-0.27064645,0.8087458,-0.66104305,0.727608,-0.18332636
1356023473078,-0.42966223,-0.6701546,-0.6052133,-0.60682416,-0.28204268,0.74311256,-0.6686963,0.6865455,-0.28548294
1356023473118,-0.26859117,-0.67873,-0.6835088,-0.68273604,-0.36641985,0.6321455,-0.6795073,0.6364448,-0.36497635
1356023473158,-0.16897202,-0.6782522,-0.7151381,-0.6998811,-0.42831373,0.57158893,-0.69398487,0.5970941,-0.4023229
1356023473198,-0.20753944,-0.71506524,-0.66753966,-0.6696446,-0.39359385,0.6298096,-0.7130944,0.5777246,-0.39715332
1356023473238,-0.33086127,-0.76452833,-0.55319715,-0.593587,-0.28711194,0.75181186,-0.7336111,0.57711613,-0.35881984
1356023473277,-0.45219898,-0.7875539,-0.41865844,-0.48301458,-0.17837125,0.85725176,-0.7498086,0.5898665,-0.29974073
1356023473317,-0.5387055,-0.78526723,-0.30520755,-0.36791083,-0.10662979,0.92372704,-0.75791687,0.6099061,-0.2314663
1356023473357,-0.59598726,-0.7712537,-0.22353286,-0.26581207,-0.07319081,0.96124244,-0.7577223,0.632306,-0.16138774
1356023473397,-0.63154346,-0.7549217,-0.17676562,-0.18792358,-0.07214707,0.9795302,-0.75222176,0.65183437,-0.09630358
1356023473437,-0.65070647,-0.7411757,-0.16504437,-0.14001703,-0.0965094,0.98543453,-0.74630845,0.66433764,-0.040977955
1356023473478,-0.6546003,-0.731349,-0.19138178,-0.12647879,-0.14363992,0.98151445,-0.7453197,0.6667055,0.0015266538
1356023473516,-0.64189756,-0.72225946,-0.25750497,-0.14758778,-0.21316868,0.9658038,-0.75245297,0.65795165,0.030235708
1356023473557,-0.61035395,-0.7066078,-0.3580133,-0.1966801,-0.30262512,0.9325959,-0.7673234,0.63962764,0.045732677
1356023473597,-0.5635498,-0.6768215,-0.47362867,-0.25877795,-0.39984596,0.87929356,-0.78450334,0.6180904,0.050186694
1356023473637,-0.51281595,-0.63481563,-0.5779523,-0.3179204,-0.48492378,0.81472427,-0.7974625,0.60154635,0.046855778
