1356023892299,0.4360138,0.114938885,0.8925699,0.89917874,-0.09642741,-0.42682487,0.037009448,0.9886814,-0.14539427
1356023892467,-0.6095449,0.14299682,0.77974796,0.79180276,0.061709404,0.60765153,0.03877446,0.98779744,-0.15083992
1356023892507,-0.5900798,0.14840513,0.7935878,0.80635,0.05955112,0.5884329,0.040067464,0.98713195,-0.15480638
1356023892547,-0.57414746,0.15313879,0.80430293,0.8177111,0.05773431,0.57272625,0.041270733,0.9865167,-0.15837127
1356023892587,-0.55832905,0.157574,0.8145177,0.8285314,0.055637002,0.5571717,0.042478442,0.98593855,-0.16161877
1356023892627,-0.5416288,0.16144168,0.82496965,0.83948433,0.052933276,0.54079956,0.043639213,0.98546165,-0.16419792
1356023892666,-0.52438605,0.16438311,0.83546245,0.8503081,0.0496217,0.5239407,0.044669956,0.9851477,-0.16579723
1356023892706,-0.5075073,0.16626126,0.8454547,0.86044484,0.045966446,0.50746614,0.045509398,0.98500985,-0.16638702
1356023892747,-0.5073802,0.16635534,0.84551233,0.8604866,0.045285046,0.5074563,0.046129048,0.9850254,-0.16612327
1356023892786,-0.48393005,0.16683859,0.8590556,0.8738702,0.03996581,0.48451373,0.04650277,0.9851738,-0.16513586
1356023892827,-0.468633,0.16594496,0.8676666,0.8821629,0.036096215,0.46955895,0.046601444,0.9854741,-0.16330642
1356023892866,-0.46143574,0.16356432,0.8719654,0.8859588,0.033539534,0.4625495,0.046411306,0.98596233,-0.16038758
1356023892906,-0.46154827,0.1596689,0.8726277,0.88592565,0.032040715,0.46271917,0.04592222,0.98665047,-0.15624315
1356023892947,-0.46870488,0.15450034,0.8697387,0.8822018,0.03158021,0.46981135,0.045119464,0.9874879,-0.15110224
1356023892988,-0.48156077,0.14860553,0.86372197,0.87530833,0.032091916,0.48249918,0.04398355,0.9883757,-0.14552987
1356023893027,-0.49403375,0.14305323,0.8575934,0.8683979,0.032845378,0.494779,0.042611778,0.98916984,-0.14045388
1356023893067,-0.50538105,0.13830173,0.851741,0.86192286,0.034035623,0.50589585,0.040976703,0.9898052,-0.13640642
1356023893107,-0.51504433,0.1347124,0.84651166,0.8562725,0.035841048,0.5152794,0.03907466,0.9902364,-0.13381022
1356023893148,-0.5225049,0.13245946,0.84228444,0.85183984,0.038409293,0.52239215,0.036844254,0.99044394,-0.13290328
1356023893187,-0.52771986,0.13140315,0.83919305,0.84872776,0.041736543,0.52718043,0.034248114,0.99045,-0.1335507
1356023893227,-0.53085315,0.13124824,0.8372388,0.84688634,0.045691907,0.5298073,0.031281263,0.990296,-0.13540798
1356023893267,-0.5320457,0.13175872,0.8364012,0.8462491,0.04995823,0.5304401,0.02810499,0.9900222,-0.13808072
1356023893339,-0.53102666,0.13311481,0.8368341,0.846993,0.054516137,0.5288013,0.02477035,0.9896002,-0.14169681
1356023893349,-0.5286553,0.1347301,0.838076,0.8485493,0.058196187,0.5259062,0.022082597,0.98917186,-0.14509082
1356023893386,-0.5255515,0.13700294,0.83965814,0.8505214,0.061149478,0.52237356,0.020222098,0.98868144,-0.14866108
1356023893427,-0.522982,0.13993049,0.84077907,0.85212517,0.063495815,0.5194719,0.019304007,0.9881234,-0.1524455
1356023893466,-0.5223796,0.14351997,0.8405484,0.8524915,0.06542933,0.51863015,0.019437253,0.9874822,-0.15652853
1356023893507,-0.5159158,0.14841399,0.8436849,0.8563832,0.065277934,0.5121978,0.020943314,0.98676854,-0.16077715
1356023893547,-0.53466666,0.15223348,0.831238,0.8447065,0.06770432,0.53093046,0.02454698,0.9860229,-0.16479182
1356023893587,-0.5515259,0.15710208,0.8192302,0.8335835,0.067361236,0.54827106,0.030950159,0.9852824,-0.16810912
1356023893626,-0.56887686,0.16305926,0.8060961,0.82141304,0.06409711,0.5667206,0.04074064,0.984532,-0.17040235
1356023893667,-0.58662426,0.17017889,0.79177713,0.8080469,0.057623982,0.5862931,0.05414936,0.98372686,-0.17131615
1356023893707,-0.60398805,0.17820951,0.7768139,0.7938577,0.048146427,0.6061946,0.07062882,0.98281395,-0.17055291
1356023893747,-0.6195371,0.18701279,0.76236475,0.7798367,0.035774946,0.6249599,0.089601934,0.98170584,-0.16800332
1356023893787,-0.6325926,0.19638157,0.7491734,0.76661223,0.021201193,0.64176023,0.11014649,0.9802983,-0.16396022
1356023893827,-0.64292395,0.20590124,0.7377354,0.75466335,0.005692899,0.6560875,0.13088939,0.9785563,-0.15904623
1356023893867,-0.6509445,0.2147913,0.7281043,0.74412334,-0.00919646,0.6679789,0.15017205,0.9766166,-0.15384477
1356023893907,-0.65802926,0.22173217,0.7196057,0.7344496,-0.021778643,0.6783137,0.16607597,0.9748644,-0.14852011
1356023893947,-0.6660985,0.22509113,0.7110884,0.72450817,-0.031239688,0.688558,0.1772025,0.9738368,-0.14227158
1356023893987,-0.67713815,0.22329102,0.7011598,0.7127212,-0.038033307,0.70041555,0.18306392,0.9740096,-0.13339043
1356023894027,-0.69200546,0.21560667,0.6889429,0.6979161,-0.044102132,0.71482044,0.18450388,0.97548395,-0.11995649
1356023894067,-0.7096501,0.20275958,0.6747483,0.68021643,-0.05237007,0.73113817,0.18358186,0.97782713,-0.10075599
1356023894107,-0.72645676,0.18782018,0.66104776,0.66241443,-0.064691424,0.7463391,0.18294163,0.9800707,-0.07741928
1356023894147,-0.7390765,0.1740427,0.65074956,0.6479721,-0.08035648,0.7574134,0.1841142,0.981454,-0.053385258
1356023894187,-0.7456599,0.16351022,0.6459533,0.63959074,-0.09621602,0.7626704,0.1868555,0.98183846,-0.032835126
1356023894227,-0.74608076,0.1565602,0.64718807,0.6382976,-0.108567774,0.7620953,0.18957755,0.9816832,-0.018931687
1356023894267,-0.7414234,0.15215576,0.6535594,0.64344364,-0.11522061,0.7567724,0.1904508,0.98161745,-0.012476325
1356023894339,-0.7327478,0.1489605,0.6639966,0.6543349,-0.11374056,0.74760216,0.18688655,0.98227996,-0.014126897
1356023894347,-0.7187886,0.14513683,0.6799105,0.6711607,-0.11023557,0.7330699,0.18134578,0.98325145,-0.018174052
1356023894386,-0.70429474,0.1406258,0.69583994,0.6888665,-0.10149318,0.71774787,0.17155689,0.9848469,-0.025391221
1356023894427,-0.6866491,0.13449866,0.71443903,0.70965886,-0.08929044,0.6988644,0.1577889,0.9868826,-0.03413695
1356023894467,-0.6660826,0.12573197,0.73520434,0.73250735,-0.07553059,0.6765561,0.14059517,0.98918486,-0.04178995
1356023894507,-0.64482427,0.11213952,0.75605977,0.7546349,-0.063652754,0.6530501,0.12135804,0.9916517,-0.04357958
1356023894547,-0.6325705,0.08874825,0.7694012,0.76774824,-0.059060216,0.638024,0.10206455,0.99430156,-0.0307765
1356023894587,-0.649918,0.048748404,0.75843924,0.7551236,-0.071496546,0.6516722,0.08599377,0.9962489,0.009655833
1356023894627,-0.71270764,-0.00606817,0.70143485,0.69723344,-0.11574906,0.7074374,0.07689759,0.9932599,0.08672625
1356023894667,-0.8005716,-0.056603312,0.5965578,0.59434175,-0.20199454,0.77843183,0.07643956,0.97774965,0.19535273
1356023894707,-0.87104934,-0.08232993,0.48424673,0.4844197,-0.3071686,0.8191368,0.08130588,0.94808716,0.30744117
1356023894747,-0.9133119,-0.08423102,0.3984552,0.39795867,-0.39249408,0.8292029,0.086546704,0.9158895,0.3919899
1356023894806,-0.9360514,-0.072458714,0.3443219,0.33988258,-0.43937826,0.8315207,0.09103662,0.89537513,0.43590802
1356023894829,-0.9470472,-0.054353997,0.3164604,0.3062771,-0.44885278,0.83947927,0.09641508,0.89195114,0.44173223
1356023894868,-0.9498661,-0.033811167,0.31082356,0.29490465,-0.42710662,0.854758,0.10385442,0.903569,0.4156651
1356023894904,-0.94683063,-0.012147203,0.32150283,0.30118883,-0.3848223,0.872466,0.11312344,0.92291063,0.36802024
1356023894948,-0.9360187,0.010103017,0.3518052,0.3291246,-0.328992,0.8851221,0.12468351,0.94427866,0.30461752
1356023894987,-0.9143692,0.034102187,0.40344262,0.3803804,-0.26901495,0.8848399,0.13870706,0.96253204,0.2330072
1356023895027,-0.87742996,0.06138867,0.47576058,0.45406395,-0.21362424,0.86498016,0.15473397,0.9749852,0.15956593
1356023895067,-0.8297609,0.093801096,0.5501801,0.5311672,-0.16991222,0.830055,0.1713424,0.9809848,0.09116244
1356023895107,-0.79532015,0.13044772,0.59198767,0.57658577,-0.13866526,0.80518377,0.18712248,0.98171043,0.03506893
1356023895147,-0.7960886,0.16557214,0.58209,0.5706638,-0.11480892,0.81311846,0.20145889,0.97949207,-0.0030879974
1356023895187,-0.8222445,0.19214025,0.53572017,0.5272732,-0.09715116,0.8441236,0.21423595,0.9765469,-0.021428466
1356023895227,-0.8517635,0.20792322,0.48090225,0.47320163,-0.08870506,0.8764769,0.22489834,0.97411466,-0.022833943
1356023895267,-0.8750226,0.21472543,0.4338531,0.4250822,-0.0879671,0.9008701,0.23160452,0.9727049,-0.014302731
1356023895339,-0.8926688,0.21410781,0.3966111,0.3867017,-0.088196814,0.91797775,0.23152602,0.9728202,-0.0040653944
1356023895349,-0.9058103,0.20811737,0.36904594,0.3592015,-0.08469373,0.9294091,0.22468206,0.97443014,0.0019603968
1356023895386,-0.9164291,0.19798312,0.34779343,0.3393477,-0.07622683,0.93756735,0.21213374,0.977237,0.0026714206
1356023895427,-0.92481303,0.18593998,0.33188412,0.32554007,-0.06458616,0.9433198,0.19683602,0.9804361,-8.007288E-4
1356023895466,-0.9318316,0.17332588,0.31882268,0.3149544,-0.050135672,0.9477816,0.18025951,0.98358756,-0.007871687
1356023895507,-0.9388166,0.16004252,0.30497503,0.3038576,-0.03201866,0.95217925,0.16215405,0.9865907,-0.018570483
1356023895546,-0.9474717,0.14484806,0.2851603,0.28680933,-0.009817004,0.95793736,0.1415548,0.98940516,-0.032242477
1356023895587,-0.95989704,0.12569456,0.25059617,0.2542135,0.0133523345,0.9670559,0.118207626,0.9919791,-0.044770062
1356023895627,-0.9776321,0.10060027,0.18470275,0.1882011,0.026388705,0.98177594,0.09389287,0.9945769,-0.044731498
1356023895666,-0.99478173,0.074067615,0.07016533,0.07100103,0.008707583,0.9974382,0.0732669,0.99721515,-0.013920963
1356023895707,-0.9958427,0.06599832,-0.062781274,-0.06657777,-0.056990504,0.99615234,0.06216645,0.99619085,0.06114757
1356023895747,-0.98552877,0.08715767,-0.14538449,-0.15758702,-0.15513635,0.97524303,0.062445495,0.9840408,0.16662616
1356023895786,-0.9772333,0.120342486,-0.17473665,-0.20015383,-0.24969953,0.94741154,0.07038221,0.96081626,0.26810163
1356023895827,-0.97014004,0.1513294,-0.18954638,-0.22872084,-0.31071877,0.92257285,0.08071679,0.938378,0.33605283
1356023895866,-0.9612001,0.17732327,-0.21130721,-0.26028103,-0.3292818,0.90764934,0.09136774,0.9274319,0.36265957
1356023895907,-0.94789183,0.1989256,-0.24885699,-0.3017033,-0.30953032,0.90175724,0.10235385,0.92984927,0.3534177
1356023895946,-0.9254156,0.21649759,-0.311022,-0.36154062,-0.25846636,0.8958144,0.113552935,0.94144773,0.31746155
1356023895987,-0.88118976,0.22865754,-0.4137879,-0.45604926,-0.18046153,0.87146586,0.124594435,0.95663446,0.26329988
1356023896027,-0.77743495,0.22801913,-0.58617586,-0.6141949,-0.074452996,0.78563434,0.1354971,0.9708058,0.19793057
1356023896067,-0.51137835,0.18687886,-0.8387898,-0.8467813,0.056783795,0.5289017,0.14647019,0.9807404,0.12920755
1356023896107,0.005231172,0.06512129,-0.99786365,-0.9874289,0.15798047,0.00513342,0.15797725,0.98529255,0.06512904
1356023896147,0.3411775,-0.04538825,-0.9389025,-0.9243784,0.16513404,-0.34388262,0.17065302,0.9852262,0.014384091
1356023896187,-0.7634603,0.15516491,0.6269387,0.61860126,-0.10332942,0.7788809,0.18563622,0.98246974,-0.017097235
1356023896227,-0.78962344,0.18077445,0.58635765,0.5790846,-0.09639722,0.8095484,0.20286892,0.9787891,-0.028566122
1356023896267,-0.81402797,0.19715129,0.54634225,0.53779656,-0.09946257,0.837187,0.21939309,0.97531456,-0.025061965
1356023896336,-0.83371085,0.20260194,0.5136913,0.5025301,-0.10722208,0.8578852,0.22888823,0.9733735,-0.012421429
1356023896349,-0.83492637,0.20006752,0.5127094,0.499676,-0.11493844,0.8585529,0.23069857,0.97301704,-0.004003823
1356023896388,-0.8392869,0.19128276,0.5089288,0.49700505,-0.10956359,0.86080307,0.22041681,0.97540087,-0.0031132698
1356023896428,-0.8351306,0.17678924,0.5208671,0.5116513,-0.0979321,0.85359377,0.20191579,0.9793646,-0.008668423
1356023896468,-0.81759906,0.15973543,0.5531874,0.54705876,-0.08418584,0.83285016,0.17960624,0.9835636,-0.01855433
1356023896508,-0.7780524,0.14247835,0.6118288,0.6085582,-0.07068807,0.7903545,0.15585737,0.9872706,-0.031707406
1356023896548,-0.6962178,0.12611797,0.7066647,0.7057718,-0.05942124,0.70594287,0.13102296,0.990234,-0.047640383
1356023896588,-0.5233918,0.10946256,0.845032,0.84561265,-0.055342734,0.5309204,0.1048823,0.99244905,-0.063596964
1356023896628,-0.19147539,0.08426908,0.9778731,0.9783652,-0.063144684,0.19701332,0.07834968,0.99444026,-0.070355296
1356023896668,0.20081699,0.038979948,0.97885287,0.9780838,-0.06407219,-0.19810766,0.05499503,0.9971836,-0.05099243
1356023896708,0.39692685,-0.02529496,0.91750157,0.91698205,-0.032539397,-0.3975991,0.039912254,0.9991503,0.010279298
1356023896748,0.363481,-0.116788864,0.92425203,0.9309112,0.0073457956,-0.36517158,0.03585866,0.9931296,0.11139017
1356023896788,0.20200258,-0.22542012,0.9530901,0.97855794,0.006470442,-0.20586994,0.040240318,0.9742402,0.2218937
1356023896828,0.087723255,-0.30781034,0.947395,0.99496984,-0.019105017,-0.098335594,0.04836881,0.9512558,0.3045861
1356023896868,0.123806894,-0.34612003,0.9299853,0.99064004,-0.011177838,-0.13604185,0.057482034,0.9381236,0.3414965
1356023896906,0.27214164,-0.34094888,0.89982927,0.959884,0.030552685,-0.2787278,0.06753978,0.9395852,0.33558607
1356023896947,0.44368124,-0.3001902,0.8444127,0.8927169,0.06523341,-0.44587117,0.07876229,0.95164615,0.29692775
1356023896987,0.56879675,-0.24754733,0.78434086,0.8174531,0.06489518,-0.57232785,0.09077823,0.9667001,0.23927046
1356023897027,0.6405874,-0.19936943,0.7415522,0.7608072,0.03396772,-0.6480884,0.10402018,0.9793355,0.173441
1356023897067,0.66976947,-0.16010803,0.72510296,0.7329313,-0.014276698,-0.6801529,0.11925,0.9869963,0.10778608
1356023897106,0.66255915,-0.12855867,0.73789436,0.7364315,-0.06797445,-0.6730885,0.1366893,0.9893696,0.049637564
1356023897147,0.615002,-0.10227698,0.7818644,0.7727505,-0.119170666,-0.623422,0.15693703,0.98759186,0.0057443976
1356023897187,0.5106586,-0.07733241,0.85629874,0.8407788,-0.16332984,-0.5161535,0.17977446,0.98353606,-0.018386379
1356023897227,0.33570167,-0.048919737,0.9406972,0.91966283,-0.19901672,-0.33854485,0.203776,0.9787743,-0.02182056
1356023897267,0.10606086,-0.014300436,0.99425685,0.96846545,-0.2252155,-0.106548935,0.22544575,0.97420406,-0.010037094
1356023897338,-0.12680823,0.020837486,0.9917084,0.96287954,-0.23759174,0.12811407,0.23829126,0.9711416,0.010064542
1356023897357,-0.3130445,0.05548936,0.94811606,0.91942996,-0.2324779,0.31717908,0.23801613,0.9710175,0.021757424
1356023897403,-0.4293121,0.07883063,0.8997092,0.8758515,-0.20675981,0.43604392,0.22039738,0.9752107,0.019720674
1356023897447,-0.49722797,0.09144226,0.8627877,0.8456886,-0.17109436,0.50550705,0.1938428,0.98100203,0.007741213
1356023897487,-0.52632445,0.096693575,0.8447679,0.83375895,-0.13622952,0.53505844,0.16681907,0.9859472,-0.008918226
1356023897527,-0.5222079,0.09955099,0.84698796,0.8410847,-0.10406184,0.53079915,0.14098069,0.9895761,-0.029388964
1356023897566,-0.48138273,0.102235645,0.87052774,0.8688251,-0.07557702,0.48931703,0.11581755,0.99188507,-0.052443385
1356023897607,-0.470685,0.107057154,0.87578213,0.87766176,-0.044847846,0.4771775,0.09036225,0.99324083,-0.072850704
1356023897647,-0.26810563,0.09198648,0.95898795,0.9611885,-0.041709006,0.27272156,0.06508514,0.9948864,-0.07723397
1356023897687,-0.10848868,0.050742924,0.9928018,0.99311763,-0.038804114,0.110506505,0.044132203,0.9979576,-0.046183884
1356023897727,-0.09765065,-0.029550552,0.994782,0.9946567,-0.036546946,0.0965527,0.033503056,0.99889493,0.032961488
1356023897767,-0.23931009,-0.13460377,0.9615677,0.9703107,-0.06889516,0.23184186,0.035040617,0.9885015,0.14709485
1356023897806,-0.3961454,-0.22014356,0.89140666,0.91715825,-0.14083564,0.3728085,0.043470412,0.9652473,0.25769776
1356023897865,-0.46484816,-0.27078536,0.84296596,0.8837795,-0.19931692,0.42332807,0.0533863,0.94177926,0.33196658
1356023897887,-0.42929053,-0.3002969,0.85178125,0.9009552,-0.20834064,0.3806229,0.06316078,0.9308146,0.35999277
1356023897927,-0.28855014,-0.31388992,0.9045507,0.9546755,-0.16638112,0.24680364,0.07303101,0.9347676,0.34767225
1356023897964,-0.06363946,-0.3028044,0.9509257,0.9945317,-0.0983057,0.03525409,0.08280626,0.9479692,0.3074046
1356023898007,0.18228674,-0.2622475,0.9476275,0.97884923,-0.04263431,-0.20009124,0.092874944,0.9640584,0.24892908
1356023898046,0.3649084,-0.20868412,0.90735483,0.9251994,-0.027743936,-0.3784658,0.104153425,0.9775895,0.18295047
1356023898087,0.4659388,-0.15878722,0.8704525,0.8769499,-0.048020303,-0.47817656,0.11772773,0.9861443,0.116873935
1356023898127,0.49461555,-0.11779392,0.8610923,0.8587855,-0.08603525,-0.5050597,0.13357726,0.98930407,0.05860533
1356023898167,0.4621905,-0.08436453,0.8827585,0.8737139,-0.12693626,-0.46958616,0.15167049,0.98831666,0.015041754
1356023898207,0.37141627,-0.055981606,0.92677724,0.91242075,-0.16276443,-0.37549445,0.17186713,0.9850755,-0.009374574
1356023898247,0.2305091,-0.031164914,0.972571,0.95367384,-0.19133085,-0.23216125,0.19331813,0.9810307,-0.014382362
1356023898287,0.06836003,-0.008479118,0.99762464,0.9748139,-0.21220696,-0.068600595,0.21228456,0.97718793,-0.0062408745
1356023898338,-0.07520348,0.011458248,0.9971024,0.9718374,-0.2231074,0.07586178,0.22333017,0.97472644,0.0056429207
1356023898369,-0.1792323,0.027523518,0.9834217,0.9582759,-0.22136474,0.18084487,0.22267237,0.9748025,0.013300598
1356023898408,-0.24258083,0.038657665,0.9693607,0.94682556,-0.20826727,0.2452471,0.2113668,0.9773077,0.013919592
1356023898448,-0.26980513,0.045245707,0.96185136,0.9433575,-0.18787938,0.2734554,0.19308472,0.98114944,0.008007884
1356023898488,-0.26348323,0.048846483,0.9634265,0.9491198,-0.16543818,0.26795846,0.17247641,0.98500973,-0.0027709603
1356023898528,-0.22584492,0.052450627,0.9727502,0.96237695,-0.14284724,0.23113889,0.1510781,0.9883539,-0.018215895
1356023898568,-0.15833098,0.05789122,0.9856875,0.9789442,-0.12105709,0.16435772,0.12883934,0.990956,-0.03750515
1356023898608,-0.07033497,0.06449208,0.9954365,0.991964,-0.10068697,0.07661286,0.1051684,0.99282575,-0.056892037
1356023898648,0.01464355,0.06420404,0.9978293,0.99662644,-0.08153385,-0.009379685,0.08075464,0.9946005,-0.065181345
1356023898688,0.060960114,0.04089868,0.99730194,0.9963808,-0.061792612,-0.058369786,0.059238642,0.9972508,-0.044517577
1356023898729,0.031268477,-0.022577137,0.999256,0.99848187,-0.044650257,-0.032253087,0.045345187,0.9987475,0.021146715
1356023898768,-0.06947976,-0.118992805,0.9904611,0.99675894,-0.048636734,0.06407833,0.040547937,0.99170315,0.12198642
1356023898808,-0.18977475,-0.21222189,0.95861745,0.98092365,-0.0828712,0.17584434,0.042123705,0.97370136,0.22390029
1356023898848,-0.2745751,-0.27055907,0.9227168,0.96041644,-0.12406731,0.2494145,0.046997666,0.9546754,0.29391515
1356023898888,-0.30724716,-0.2895016,0.9065252,0.9501081,-0.1471678,0.2750202,0.053792536,0.94579613,0.32027474
1356023898928,-0.29625386,-0.27790534,0.9137846,0.95310354,-0.14798898,0.26399404,0.061864704,0.9491406,0.3087149
1356023898968,-0.25379223,-0.24403778,0.9359673,0.9646666,-0.13465369,0.22646546,0.07076535,0.96037173,0.26958928
1356023899006,-0.19367379,-0.1953719,0.96141577,0.9777266,-0.11922479,0.17273155,0.08087769,0.9734553,0.21411103
1356023899046,-0.1286748,-0.13907143,0.9818869,0.98728144,-0.111187875,0.113633454,0.093370736,0.98402053,0.15160975
1356023899087,-0.07228786,-0.082787514,0.99394196,0.99138093,-0.11513549,0.06251174,0.109262764,0.989894,0.09039685
1356023899127,-0.03915167,-0.034531683,0.9986365,0.99091923,-0.129996,0.03435397,0.12863243,0.99091303,0.039307624
1356023899167,-0.03775966,4.9102306E-4,0.9992868,0.9878205,-0.1510359,0.037400663,0.15094653,0.9885282,0.005217999
1356023899207,-0.06771088,0.021456063,0.9974742,0.98236185,-0.17322648,0.070411175,0.17429969,0.9846482,-0.0093482435
1356023899247,-0.11922979,0.030852616,0.9923873,0.97333723,-0.19363707,0.122961074,0.19595662,0.9805881,-0.006942719
1356023899287,-0.17663103,0.033638805,0.98370206,0.9611405,-0.20952475,0.17974493,0.21215639,0.97722447,0.0046769977
1356023899338,-0.2262373,0.033708602,0.97348887,0.94902956,-0.21753186,0.22808531,0.21945328,0.975471,0.017223299
1356023899368,-0.26095468,0.032978624,0.9647876,0.9407697,-0.21541059,0.26182166,0.21646002,0.9759666,0.025187194
1356023899408,-0.27860087,0.0317477,0.959882,0.9382991,-0.20421314,0.27909082,0.20488104,0.9784115,0.027105153
1356023899448,-0.2784809,0.03009823,0.95997006,0.9418471,-0.18716788,0.27909184,0.18807572,0.9818667,0.023774743
1356023899488,-0.25932688,0.028674394,0.96536386,0.95088625,-0.16734064,0.26040825,0.16901156,0.9854821,0.016129792
1356023899528,-0.2192887,0.028777063,0.97523546,0.964226,-0.1461885,0.2211268,0.1489316,0.9888381,0.0043098927
1356023899568,-0.15714496,0.03136909,0.9870771,0.97928154,-0.124314725,0.15985459,0.12772271,0.99174684,-0.011183739
1356023899609,-0.0775857,0.034370124,0.9963931,0.9914375,-0.10262895,0.080739975,0.105033845,0.9941257,-0.026113272
1356023899647,6.504059E-4,0.028420001,0.9995959,0.9966109,-0.08224332,0.0016898215,0.082258135,0.996207,-0.028377175
1356023899686,0.04396653,-0.0019932985,0.99903107,0.9970306,-0.06319505,-0.04400462,0.063221574,0.99799925,-7.9110265E-4
1356023899727,0.02359873,-0.067462206,0.9974427,0.99835014,-0.050652146,-0.027046084,0.052347153,0.9964353,0.06615549
1356023899767,-0.04862702,-0.15235361,0.9871291,0.9975747,-0.056684732,0.040392816,0.04980111,0.98669916,0.15474045
1356023899807,-0.12830722,-0.22439831,0.9660138,0.99040395,-0.07943243,0.113095194,0.051354438,0.9712548,0.23243672
1356023899847,-0.17498827,-0.26268184,0.9488821,0.9831219,-0.09887892,0.15392965,0.053389877,0.9598027,0.2755509
1356023899887,-0.17484993,-0.2658512,0.94802463,0.98300546,-0.10182822,0.15274629,0.055927843,0.958621,0.2791378
1356023899927,-0.13379872,-0.24110001,0.9612329,0.9891568,-0.09175819,0.114670515,0.06055394,0.9661528,0.25076285
1356023899967,-0.06809443,-0.19756755,0.97792137,0.9953215,-0.08079475,0.052983314,0.068543166,0.9769541,0.20214486
1356023900007,0.0026845336,-0.1446693,0.98947644,0.9967358,-0.07945204,-0.014320761,0.08068767,0.9862851,0.14398378
1356023900046,0.059096634,-0.09163749,0.99403733,0.993559,-0.09104699,-0.06746155,0.096686065,0.99162143,0.08566663
1356023900087,0.08968544,-0.044541836,0.9949737,0.9892224,-0.112107694,-0.09418574,0.115739405,0.99269736,0.03400734
1356023900127,0.08492035,-0.007537514,0.9963592,0.98704565,-0.1359759,-0.08515519,0.13612267,0.9906835,-0.0041072667
1356023900167,0.0429551,0.017290145,0.99892735,0.9867319,-0.1574285,-0.039705813,0.15657315,0.987379,-0.023823082
1356023900207,-0.030313969,0.03019303,0.9990843,0.98398715,-0.17474186,0.03513673,0.17564279,0.98415124,-0.024412394
1356023900247,-0.11859852,0.034192204,0.99235344,0.97431993,-0.18864185,0.12294307,0.19140306,0.98145056,-0.010941505
1356023900287,-0.20088297,0.03433153,0.97901344,0.95871687,-0.19843811,0.20367706,0.20126614,0.979512,0.00694862
1356023900338,-0.26276332,0.03475389,0.96423423,0.94339275,-0.20038068,0.26430616,0.20239964,0.9791014,0.019866168
1356023900368,-0.30024904,0.036877126,0.95314777,0.9339367,-0.19180393,0.30161822,0.19394028,0.9807402,0.023148
1356023900409,-0.3145671,0.040384322,0.94837576,0.9323636,-0.17438662,0.31668183,0.178173,0.9838487,0.01720345
1356023900448,-0.3069752,0.045065314,0.95065,0.9384054,-0.15215176,0.31023398,0.1586239,0.98732924,0.0044173
1356023900488,-0.27720535,0.051282287,0.9594412,0.9508674,-0.12864739,0.28160444,0.13787094,0.9903636,-0.013100922
1356023900528,-0.22439373,0.05971062,0.9726676,0.967504,-0.10572237,0.22969264,0.11654785,0.99260134,-0.03404683
1356023900568,-0.15000266,0.06972456,0.98622394,0.9841974,-0.08440924,0.15566197,0.09409985,0.99398875,-0.055961072
1356023900609,-0.064872384,0.07566318,0.995021,0.99539125,-0.065663815,0.069889724,0.07062495,0.99496907,-0.0710547
1356023900648,0.0041771233,0.06376353,0.9979563,0.99880147,-0.04893425,-0.0010540187,0.04876706,0.99676454,-0.06389147
1356023900688,0.023464352,0.017429292,0.99957275,0.9991631,-0.0339171,-0.022863239,0.03350416,0.9992726,-0.0182105
1356023900728,-0.020085514,-0.06580466,0.99763036,0.99940056,-0.029465497,0.018177629,0.028199434,0.9973974,0.06635699
1356023900767,-0.09802079,-0.16100743,0.98207366,0.99470174,-0.046583414,0.09164399,0.030992985,0.98585325,0.1647205
1356023900807,-0.1589328,-0.23245165,0.9595345,0.9866066,-0.07353306,0.14560312,0.036711782,0.96982425,0.24102512
1356023900847,-0.1724062,-0.26401263,0.9489855,0.9841004,-0.08792102,0.1543256,0.042691827,0.9605037,0.274973
1356023900905,-0.1378895,-0.2585528,0.9561051,0.9892113,-0.08416724,0.119903356,0.049471408,0.9623234,0.26736915
1356023900927,-0.068282306,-0.22390267,0.9722166,0.99599946,-0.07160169,0.053462684,0.057641953,0.9719778,0.2278961
1356023900967,0.013554454,-0.17192039,0.98501754,0.9976716,-0.06352532,-0.024815977,0.06683993,0.9830604,0.17065907
1356023901004,0.08700615,-0.11485651,0.9895644,0.9931867,-0.067299485,-0.09513593,0.077524155,0.9910997,0.10821852
1356023901047,0.14068675,-0.061478138,0.9881435,0.98583233,-0.08337414,-0.14554489,0.09133345,0.9946201,0.048877478
1356023901087,0.1667285,-0.018651426,0.9858264,0.97999835,-0.10703796,-0.16776797,0.10864997,0.99407995,4.3210387E-4
1356023901127,0.16442382,0.009981424,0.9863393,0.977906,-0.13251561,-0.161677,0.12909156,0.9911307,-0.031549633
1356023901167,0.13624066,0.023075253,0.990407,0.9790132,-0.15608537,-0.13103679,0.15156433,0.9874741,-0.043856174
1356023901207,0.08974838,0.022074938,0.99571973,0.98062205,-0.17676336,-0.08446869,0.17414218,0.9840057,-0.03751138
1356023901248,0.037727416,0.011744946,0.99921906,0.9804027,-0.19391721,-0.034737617,0.19335783,0.9809476,-0.018830776
1356023901287,-0.0053581,-0.0010282993,0.9999851,0.97889453,-0.20430398,0.005035013,0.20429575,0.978907,0.0021012723
1356023901338,-0.02989608,-0.010936558,0.99949324,0.9786094,-0.20394248,0.027039856,0.20354345,0.9789218,0.016799688
1356023901358,-0.03538394,-0.017637044,0.9992181,0.9799293,-0.19688433,0.03122574,0.19617972,0.98026806,0.024249643
1356023901398,-0.024487555,-0.017211229,0.999552,0.98365223,-0.17884797,0.021018475,0.17840612,0.98372614,0.021309376
1356023901438,0.0063509345,-0.011555761,0.999913,0.9877037,-0.15612882,-0.008077741,0.1562086,0.98766905,0.01042214
1356023901478,0.05168605,-3.5318732E-4,0.9986633,0.9897113,-0.13357753,-0.05126995,0.13341716,0.99103826,-0.006554514
1356023901518,0.105442405,0.016028464,0.99429625,0.98815817,-0.11376852,-0.10295752,0.11146933,0.99337804,-0.027834713
1356023901558,0.15939319,0.03477761,0.9866024,0.983094,-0.09681302,-0.15541375,0.09011102,0.9946948,-0.049621046
1356023901598,0.201114,0.046016186,0.9784864,0.97706664,-0.0807603,-0.19702414,0.06995654,0.9956708,-0.061202914
1356023901638,0.21482792,0.033129364,0.97608984,0.9751688,-0.062333733,-0.21250957,0.053803056,0.99750537,-0.04569775
1356023901678,0.18847132,-0.018179595,0.98191035,0.9810406,-0.04247278,-0.1890907,0.045142144,0.9989321,0.009830087
1356023901718,0.12269062,-0.10415134,0.98696476,0.9914479,-0.03170222,-0.12659338,0.044473827,0.9940561,0.099371076
1356023901757,0.037621975,-0.19553724,0.9799743,0.99811006,-0.04033029,-0.04636541,0.048588812,0.9798666,0.19365036
1356023901797,-0.0381369,-0.25795275,0.9654045,0.9978067,-0.062138677,0.022813618,0.05410406,0.9641572,0.25975674
1356023901837,-0.08870077,-0.27740622,0.9566493,0.99426115,-0.08232725,0.06831518,0.05980727,0.9572189,0.2831167
1356023901877,-0.113949,-0.25882035,0.9591807,0.99131256,-0.09345657,0.0925484,0.06568837,0.9613937,0.2672212
1356023901917,-0.12063569,-0.21419802,0.9693123,0.9900695,-0.096955895,0.101793796,0.072176486,0.9719665,0.22376722
1356023901957,-0.11553526,-0.15545484,0.98106337,0.99001944,-0.09826809,0.101018876,0.08070338,0.98294306,0.1652568
1356023901997,-0.10418248,-0.09252393,0.99024504,0.99017966,-0.10297406,0.094554216,0.09322101,0.99037147,0.10234344
1356023902037,-0.09187168,-0.033717424,0.99519986,0.98961437,-0.114055336,0.08749184,0.110557854,0.99290204,0.043845683
1356023902077,-0.08518726,0.013296157,0.99627626,0.98758924,-0.13129234,0.08619672,0.13194957,0.9912545,-0.0019466281
1356023902117,-0.09013808,0.04285285,0.9950069,0.9836757,-0.15240818,0.09567544,0.15574715,0.98738813,-0.028415501
1356023902157,-0.108495474,0.053501815,0.9926562,0.9777452,-0.17462468,0.116277635,0.17956334,0.98318046,-0.03336513
1356023902197,-0.1357016,0.04880485,0.989547,0.9703239,-0.19521797,0.14269364,0.20014146,0.9795449,-0.020865142
1356023902237,-0.16250616,0.035945058,0.9860525,0.9633065,-0.21057153,0.1664336,0.21361718,0.9769174,-4.068911E-4
1356023902277,-0.1796723,0.022396177,0.9834716,0.95957625,-0.21617317,0.18022963,0.2166366,0.9760982,0.017349422
1356023902338,-0.18194073,0.012730181,0.98322713,0.9609486,-0.20972729,0.18053356,0.20850775,0.9776771,0.025924861
1356023902358,-0.16801256,0.008118302,0.98575145,0.96680605,-0.1939168,0.16638047,0.19250447,0.9809844,0.024731606
1356023902403,-0.13808626,0.009020805,0.9903792,0.9753784,-0.1723746,0.13756472,0.17195717,0.9849902,0.01500386
1356023902438,-0.09211397,0.014003009,0.99565,0.9841889,-0.15063578,0.09317225,0.15128523,0.98849016,9.408593E-5
1356023902479,-0.03287834,0.024162441,0.9991672,0.9908681,-0.13000882,0.035749197,0.13076437,0.9912183,-0.019667298
1356023902518,0.03829986,0.038328648,0.998531,0.99321234,-0.11128855,-0.033823997,0.10982862,0.9930488,-0.04233083
1356023902558,0.11293092,0.051365286,0.9922743,0.98969364,-0.094315976,-0.107754946,0.08805242,0.9942163,-0.06148708
1356023902598,0.17453745,0.050864697,0.98333585,0.982334,-0.077458054,-0.17035297,0.06750238,0.99569726,-0.06348544
1356023902638,0.20299676,0.020675153,0.97896105,0.97773886,-0.05848983,-0.20150799,0.053093135,0.99807376,-0.03208807
1356023902678,0.18625623,-0.04666984,0.98139215,0.98132527,-0.04001826,-0.18814665,0.048054367,0.99810845,0.03834465
1356023902718,0.13284224,-0.13581446,0.9817879,0.98988557,-0.031587303,-0.13830748,0.049796134,0.9902307,0.13024458
1356023902758,0.07269794,-0.21291432,0.9743626,0.99594784,-0.036361814,-0.08225408,0.052942634,0.97639406,0.2094081
1356023902797,0.036322713,-0.25176114,0.96710753,0.9978642,-0.043439627,-0.048786223,0.054293275,0.966814,0.24964556
1356023902837,0.03473085,-0.24804196,0.9681265,0.9979532,-0.0434376,-0.046929896,0.05369371,0.9677749,0.24602571
1356023902877,0.061419785,-0.21119633,0.975512,0.99672544,-0.038522422,-0.0710955,0.052594185,0.97668433,0.2081387
1356023902917,0.10268623,-0.15490943,0.9825775,0.9932832,-0.036989152,-0.109636635,0.053328454,0.9872359,0.1500707
1356023902957,0.14460105,-0.092607945,0.9851468,0.98775804,-0.045371115,-0.1492494,0.058518946,0.99466836,0.08491361
1356023902997,0.17628297,-0.035089016,0.98371387,0.98189354,-0.06413916,-0.17824462,0.06934905,0.9973239,0.023147106
1356023903037,0.19059345,0.010385931,0.9816141,0.9779795,-0.088623375,-0.18895009,0.08503148,0.99601114,-0.02704829
1356023903077,0.18316442,0.03949821,0.9822885,0.97752523,-0.11340785,-0.17771602,0.1043798,0.99276304,-0.059382707
1356023903117,0.15329677,0.05108568,0.98685884,0.97999287,-0.1361469,-0.1451824,0.12694106,0.9893707,-0.070934504
1356023903157,0.105630845,0.0478096,0.9932555,0.98276126,-0.15742782,-0.09693712,0.15173152,0.98637253,-0.06361464
1356023903197,0.0503698,0.03590086,0.99808514,0.9832866,-0.17684996,-0.043261677,0.17495823,0.98358285,-0.044208705
1356023903237,-5.2821636E-4,0.022581488,0.9997449,0.98170805,-0.19033206,0.004817754,0.19039226,0.9814601,-0.022067904
1356023903277,-0.038477004,0.013059497,0.9991741,0.98038286,-0.19294399,0.040275186,0.19331059,0.98112285,-0.0053794384
1356023903339,-0.060088873,0.009302318,0.99814975,0.981079,-0.18382204,0.060774326,0.18404725,0.9829155,0.001919359
1356023903358,-0.06570178,0.010662228,0.99778235,0.98368883,-0.16711074,0.066559464,0.16744983,0.9858805,4.911721E-4
1356023903398,-0.056455195,0.01617524,0.9982741,0.9873688,-0.14735138,0.05822611,0.14803895,0.9889519,-0.0076521337
1356023903438,-0.03301537,0.024710625,0.9991493,0.99112463,-0.12799227,0.035915673,0.12877092,0.9914673,-0.02026555
1356023903478,0.003967881,0.03622958,0.99933565,0.9939717,-0.10963678,2.8133392E-5,0.10956493,0.9933112,-0.036446244
1356023903518,0.05280894,0.04916832,0.9973934,0.9945978,-0.09197199,-0.048126966,0.08936602,0.9945469,-0.053759605
1356023903557,0.104610264,0.056927025,0.9928826,0.99220127,-0.074009895,-0.10029507,0.06777367,0.99563134,-0.06422523
1356023903597,0.14054295,0.04528454,0.98903847,0.98895836,-0.053844005,-0.13806626,0.04700151,0.997522,-0.05235195
1356023903636,0.13748863,-5.632639E-5,0.9905033,0.9899992,-0.031894892,-0.1374205,0.03159973,0.9994912,-0.004329443
1356023903677,0.08174527,-0.08036423,0.99340796,0.99632955,-0.018811822,-0.08350751,0.02539888,0.996588,0.0785315
1356023903718,-0.007614076,-0.16913095,0.98556423,0.99958766,-0.028577685,0.0028182566,0.027688503,0.9851792,0.1692788
1356023903757,-0.090280235,-0.23306161,0.9682622,0.9952734,-0.05604291,0.079309195,0.03578031,0.9708457,0.2370196
1356023903797,-0.13565147,-0.25793144,0.95659304,0.9895886,-0.08214337,0.118181646,0.048094988,0.962665,0.26638883
1356023903836,-0.13505524,-0.24738595,0.95945835,0.9887843,-0.0959636,0.11444011,0.06376222,0.9641532,0.25757173
1356023903877,-0.09619939,-0.21139747,0.97265446,0.99210876,-0.09930611,0.0765402,0.08041012,0.97234213,0.21928251
1356023903936,-0.035318315,-0.16088101,0.98634166,0.9948466,-0.09951985,0.019390255,0.09504098,0.9819436,0.16356677
1356023903957,0.032306433,-0.104399115,0.9940107,0.9937537,-0.1029343,-0.04310912,0.10681832,0.98919433,0.10042149
1356023903997,0.09122592,-0.049484998,0.9946,0.98888886,-0.113218546,-0.09633511,0.11737436,0.99233705,0.038606703
1356023904034,0.1260882,-0.0031627715,0.992014,0.98357856,-0.12977129,-0.12542981,0.12913162,0.99153894,-0.013251781
1356023904077,0.12654936,0.0298495,0.9915111,0.9814675,-0.14876688,-0.12078884,0.14389852,0.9884217,-0.048122615
1356023904117,0.08748907,0.047991812,0.99500877,0.98306185,-0.16563523,-0.07844958,0.16104358,0.9850186,-0.061670154
1356023904157,0.015302002,0.05269158,0.99849355,0.98384416,-0.17893797,-0.005634725,0.17837152,0.98244834,-0.054578424
1356023904197,-0.072769165,0.048400313,0.9961737,0.9785447,-0.18957597,0.08069217,0.19275612,0.98067236,-0.033566535
1356023904237,-0.15473539,0.04113856,0.98709905,0.96735716,-0.1966533,0.15983644,0.20069167,0.9796097,-0.009366512
1356023904277,-0.21618521,0.034995258,0.97572505,0.9557176,-0.19678909,0.21881026,0.19966933,0.97982115,0.009097278
1356023904339,-0.2526719,0.0313316,0.9670446,0.94862175,-0.18871838,0.2539727,0.19045651,0.9815313,0.017961979
1356023904358,-0.26558793,0.029553413,0.9636336,0.9478508,-0.17466009,0.2665946,0.1761871,0.98418516,0.018375397
1356023904398,-0.25694352,0.029215038,0.9659847,0.95320666,-0.15709925,0.258296,0.15930164,0.98715055,0.01251775
1356023904438,-0.2269125,0.030041248,0.97345173,0.9636203,-0.13802111,0.22888017,0.14123276,0.98997355,0.0023703575
1356023904478,-0.17552727,0.032835037,0.98392683,0.97698915,-0.11720365,0.1782009,0.12117106,0.992565,-0.011507034
1356023904518,-0.10293764,0.036726415,0.9940096,0.98980707,-0.095092416,0.10601589,0.09841636,0.9947907,-0.026563466
1356023904558,-0.020656288,0.036117136,0.99913406,0.99710566,-0.072392166,0.023231208,0.073168546,0.99672204,-0.03451717
1356023904598,0.04495868,0.017478526,0.9988359,0.99779636,-0.049625188,-0.04404348,0.048797578,0.99861497,-0.019671112
1356023904638,0.051781237,-0.03611529,0.9980053,0.99819076,-0.028711915,-0.05282992,0.03056261,0.99893516,0.034563124
1356023904678,-0.022082448,-0.12607291,0.9917752,0.9994999,-0.025246322,0.019045174,0.022637546,0.99169976,0.1265673
1356023904718,-0.14074594,-0.22101969,0.96506006,0.9897507,-0.055207074,0.13170326,0.024169147,0.97370553,0.22652459
1356023904758,-0.23681384,-0.28564477,0.9286152,0.9710356,-0.10083848,0.21661359,0.03176564,0.9530155,0.3012512
1356023904798,-0.269126,-0.31192285,0.91119444,0.96214753,-0.12925279,0.23992902,0.042935044,0.9412746,0.334901
1356023904831,-0.25649822,-0.3163116,0.9133212,0.96496844,-0.13774848,0.22329628,0.05517745,0.93860126,0.34056297
1356023904867,-0.16652316,-0.2929864,0.9415036,0.98344445,-0.11855227,0.1370489,0.07146388,0.9487383,0.30787754
1356023904907,-0.026213586,-0.24846542,0.96828604,0.99569225,-0.09266573,0.0031771958,0.08893752,0.9641981,0.24982417
1356023904947,0.12576818,-0.19258669,0.9731869,0.9865314,-0.079139054,-0.14315382,0.10458654,0.9780836,0.18003961
1356023904987,0.25621244,-0.13634035,0.95695686,0.9594656,-0.08436063,-0.26890326,0.117391825,0.98706365,0.10919964
1356023905027,0.34670302,-0.08801547,0.9338362,0.9291638,-0.10391459,-0.35476238,0.1282638,0.9906841,0.0457533
1356023905067,0.39049435,-0.051823437,0.9191456,0.91006327,-0.12893212,-0.3939053,0.13892093,0.9902984,-0.0031846464
1356023905107,0.38546726,-0.028748035,0.9222736,0.9102745,-0.15177068,-0.38518304,0.15104741,0.9879976,-0.032334015
1356023905147,0.3325672,-0.0173136,0.9429207,0.9284116,-0.16964355,-0.33056486,0.16568363,0.98535347,-0.04034376
1356023905187,0.24052787,-0.013802886,0.9705441,0.9534912,-0.1837771,-0.23891532,0.18166149,0.98287106,-0.031042576
1356023905227,0.1303876,-0.01349327,0.9913713,0.9721701,-0.19455701,-0.1305103,0.19463924,0.98079836,-0.012250066
1356023905267,0.02861756,-0.012757778,0.9995091,0.979559,-0.19881856,-0.030584067,0.19911113,0.9799533,0.006807238
1356023905338,-0.04668677,-0.010938972,0.9988497,0.9810847,-0.18856078,0.043791413,0.18786484,0.9820006,0.019535333
1356023905358,-0.084427774,-0.009782642,0.9963815,0.98177993,-0.17165393,0.08150518,0.17023548,0.98510873,0.024096757
1356023905398,-0.08482683,-0.008739412,0.9963574,0.9852257,-0.15004575,0.08256304,0.14877766,0.9886404,0.021338195
1356023905438,-0.04308629,-0.007584691,0.99904263,0.9910168,-0.12704545,0.041775554,0.12660697,0.9918679,0.012990445
1356023905479,0.04302627,-0.004582256,0.9990635,0.9935714,-0.10461235,-0.043269604,0.104712635,0.99450254,5.1677227E-5
1356023905518,0.17104656,5.604327E-4,0.9852627,0.98175955,-0.08435094,-0.17039037,0.0830124,0.9964359,-0.014978081
1356023905558,0.31747854,0.0046064854,0.9482542,0.9463066,-0.06578159,-0.31650686,0.06091976,0.99782336,-0.025243372
1356023905598,0.4409789,-0.0024667084,0.8975141,0.8966768,-0.04206249,-0.4406831,0.038838714,0.9991119,-0.016336828
1356023905638,0.5074685,-0.033776373,0.861008,0.86146164,-0.002100706,-0.5078183,0.018961072,0.99942714,0.028031066
1356023905678,0.5042591,-0.09874615,0.8578881,0.863541,0.052551776,-0.5015329,0.0044409335,0.9937241,0.11177106
1356023905718,0.44794875,-0.18736893,0.87420523,0.8940553,0.09676242,-0.43738094,-0.002638638,0.9775121,0.2108628
1356023905758,0.38590226,-0.2661486,0.8833145,0.9225373,0.113518864,-0.368834,-0.002108246,0.95722437,0.28933913
1356023905797,0.36703113,-0.30488878,0.87882364,0.93019384,0.11496863,-0.34859946,0.0052468777,0.94542325,0.32580274
1356023905836,0.39556235,-0.30052528,0.86787957,0.9182519,0.110327184,-0.38031754,0.018544316,0.94737136,0.31959918
1356023905877,0.4461253,-0.26521933,0.85476947,0.894245,0.09365073,-0.43767035,0.03602889,0.9596292,0.27895105
1356023905917,0.48961443,-0.21616223,0.8447199,0.8702103,0.060164154,-0.48899323,0.054879993,0.974502,0.21756385
1356023905957,0.5144865,-0.1644145,0.8415886,0.854295,0.013523102,-0.5196123,0.07405093,0.98629856,0.14741595
1356023905997,0.5185641,-0.11510581,0.84725547,0.84982157,-0.039912015,-0.525557,0.0943104,0.992551,0.07712251
1356023906037,0.49912494,-0.07172313,0.8635566,0.858742,-0.092369616,-0.50401396,0.115915835,0.99313825,0.015487671
1356023906077,0.45455262,-0.036732346,0.8899622,0.8798369,-0.13719442,-0.45504364,0.13881269,0.9898628,-0.030043602
1356023906117,0.38108975,-0.011899412,0.9244615,0.91029674,-0.16999918,-0.37743878,0.16164902,0.9853723,-0.053952932
1356023906157,0.2791646,0.002108246,0.9602409,0.9427619,-0.19054568,-0.27366474,0.18239278,0.9816761,-0.055181175
1356023906197,0.15738672,0.0072009563,0.9875108,0.96741164,-0.20197576,-0.15271056,0.19835365,0.97936404,-0.038754553
1356023906238,0.034056544,0.0072313845,0.9993938,0.9779136,-0.20657176,-0.031829894,0.20621634,0.9784048,-0.01410684
1356023906277,-0.07106149,0.006997794,0.99744743,0.9765657,-0.20317137,0.070999116,0.2031495,0.9791182,0.0076037645
1356023906336,-0.14800417,0.008435816,0.9889508,0.9708135,-0.1895771,0.14690688,0.18872172,0.98182964,0.019868612
