1356023280216,-0.1544568,-0.30151498,-0.94086754,-0.58485323,-0.73961836,0.33303368,-0.79629755,0.60170877,-0.062102944
1356023280263,0.17144752,0.32291436,0.9307696,0.5801052,0.73052293,-0.36029747,-0.7962938,0.6017164,-0.06207794
1356023280308,0.17155984,0.3227789,0.93079585,0.5801053,0.7305424,-0.36025774,-0.7962695,0.60176533,-0.061914027
1356023280352,0.17197621,0.32226306,0.93089783,0.58010954,0.730617,-0.36009955,-0.79617655,0.60195124,-0.061299145
1356023280389,0.17271262,0.32125533,0.9311097,0.5801368,0.73077065,-0.35974377,-0.7959973,0.60230327,-0.06015873
1356023280433,0.17391333,0.31942296,0.93151647,0.5802219,0.7310624,-0.35901287,-0.79567367,0.6029234,-0.058194697
1356023280471,0.17557538,0.3166415,0.93215424,0.580393,0.73151755,-0.3578073,-0.79518384,0.60383797,-0.05534005
1356023280515,0.17767999,0.31298566,0.9329898,0.58066505,0.7320975,-0.35617605,-0.79451746,0.6050399,-0.051660776
1356023280553,0.17996037,0.30889368,0.9339159,0.5810529,0.73269695,-0.35430592,-0.7937202,0.60641557,-0.04762715
1356023280596,0.1825422,0.3042776,0.9349297,0.5816864,0.7332098,-0.35219938,-0.79266596,0.6081271,-0.043152392
1356023280631,0.1848245,0.2997817,0.9359331,0.58255064,0.73357415,-0.35000545,-0.7915015,0.609918,-0.039055526
1356023280673,0.18680903,0.2955116,0.9368967,0.58380204,0.7336271,-0.34780228,-0.7901124,0.6119348,-0.035472095
1356023280713,0.1883046,0.2914977,0.93785423,0.5855495,0.7333245,-0.34549522,-0.7884626,0.6142184,-0.03259796
1356023280750,0.18936387,0.28767467,0.93882084,0.5879239,0.7325673,-0.34306073,-0.7864393,0.6169185,-0.030409038
1356023280796,0.1900956,0.28402585,0.9397835,0.59085804,0.7313744,-0.34055585,-0.7840603,0.6200168,-0.028787911
1356023280831,0.19067591,0.28072065,0.94065857,0.5943302,0.7296426,-0.33822072,-0.7812902,0.6235523,-0.027715504
1356023280871,0.19114074,0.27813768,0.94133127,0.59805995,0.7274436,-0.33637792,-0.7783247,0.62726814,-0.027298927
1356023280911,0.19148368,0.27681893,0.94165033,0.6014265,0.7250901,-0.33545578,-0.77564186,0.6305677,-0.027643323
1356023280954,0.19144478,0.2774469,0.94147336,0.6039945,0.7227832,-0.33581996,-0.7736534,0.63293576,-0.029203355
1356023280990,0.19127455,0.28025162,0.94067687,0.60540515,0.72067344,-0.3378083,-0.7725921,0.6341048,-0.031819284
1356023281030,0.19048971,0.285421,0.93928087,0.60556996,0.7189035,-0.34126636,-0.7726569,0.633808,-0.035898685
1356023281071,0.18999788,0.2922991,0.93726313,0.604779,0.71717906,-0.34626088,-0.7733972,0.6326258,-0.040513813
1356023281129,0.18961772,0.30002797,0.9348949,0.6034046,0.715534,-0.35201436,-0.7745632,0.630868,-0.045360327
1356023281152,0.18957114,0.30782372,0.9323665,0.6018616,0.7138378,-0.35804778,-0.775774,0.6290311,-0.049944222
1356023281191,0.1896784,0.31451315,0.93010944,0.60059464,0.71223867,-0.36332098,-0.77672917,0.62753284,-0.053798616
1356023281232,0.18956995,0.31900585,0.9286003,0.5999106,0.71106046,-0.36674282,-0.777284,0.6266006,-0.05657929
1356023281271,0.18884769,0.3205495,0.9282158,0.59994817,0.71064997,-0.36747634,-0.77743083,0.6262784,-0.05810845
1356023281310,0.1872428,0.31886014,0.9291224,0.6007093,0.71121305,-0.365136,-0.7772313,0.62650156,-0.058372736
1356023281350,0.18466178,0.31405368,0.93127346,0.6020752,0.7127953,-0.3597614,-0.7767918,0.62713087,-0.057457864
1356023281394,0.1813843,0.30643618,0.9344499,0.6037802,0.71533275,-0.35177925,-0.77624047,0.62800956,-0.055269957
1356023281430,0.17742679,0.2966565,0.9383574,0.60553217,0.7187221,-0.34171543,-0.7757903,0.6288351,-0.052114487
1356023281475,0.17424518,0.2855353,0.9423949,0.6065656,0.7227858,-0.3311478,-0.77570397,0.6293253,-0.047253966
1356023281511,0.17195189,0.27372146,0.94631344,0.60648334,0.72757125,-0.32065254,-0.77627987,0.62906015,-0.04090023
1356023281550,0.17173317,0.2614979,0.9498034,0.60408956,0.73363817,-0.31120867,-0.77819246,0.62721115,-0.03197819
1356023281591,0.17409885,0.2489904,0.9527294,0.598707,0.74137926,-0.30316114,-0.781818,0.6231858,-0.019999027
1356023281631,0.17921075,0.23659801,0.95493716,0.5903382,0.7506212,-0.29676348,-0.7870098,0.61691904,-0.005153477
1356023281672,0.18680197,0.22506036,0.9562702,0.57932067,0.76090646,-0.292248,-0.79340565,0.60857964,0.011756718
1356023281710,0.19630781,0.21550272,0.9565677,0.5659095,0.7717781,-0.29000852,-0.8007557,0.5982617,0.02955103
1356023281751,0.20707667,0.20897473,0.9557452,0.5501604,0.7829408,-0.2903915,-0.8089764,0.58594644,0.047159135
1356023281791,0.21830055,0.20659691,0.95376235,0.5330771,0.79339063,-0.293871,-0.8174189,0.57258105,0.06306553
1356023281834,0.22894561,0.20881219,0.95077926,0.51584727,0.8022801,-0.30041337,-0.8255213,0.5592352,0.07596332
1356023281871,0.23862302,0.21647385,0.9466774,0.5005803,0.80792665,-0.31092426,-0.8321529,0.54808176,0.08442736
1356023281913,0.24575731,0.2293506,0.9418076,0.4883326,0.8100083,-0.32468116,-0.83733785,0.53970814,0.087066114
1356023281951,0.2513246,0.24751931,0.9357191,0.47796726,0.8089137,-0.34235352,-0.8416551,0.5332849,0.08499378
1356023281994,0.25362203,0.27085957,0.928607,0.4679474,0.80583024,-0.3628538,-0.84658194,0.5265669,0.077628255
1356023282031,0.25568542,0.29855084,0.91950655,0.45596123,0.80145115,-0.3870082,-0.85248125,0.5182117,0.06879175
1356023282070,0.25640756,0.32879892,0.908926,0.44108227,0.7969385,-0.4127172,-0.86005914,0.50673497,0.059313655
1356023282130,0.25741333,0.36158672,0.89609903,0.42467156,0.79066086,-0.44103232,-0.86798185,0.4940754,0.049971044
1356023282150,0.2605882,0.3944945,0.8811742,0.41052166,0.7808097,-0.47096512,-0.87382257,0.48446903,0.04152125
1356023282191,0.2672176,0.42411095,0.8652888,0.4020785,0.7669697,-0.5000905,-0.87574404,0.48154703,0.03442192
1356023282231,0.277942,0.4486934,0.84936595,0.3999557,0.74986446,-0.5270093,-0.87337494,0.4861868,0.02896136
1356023282271,0.2918599,0.46650016,0.8349823,0.40408546,0.731115,-0.5497142,-0.86690986,0.49784374,0.02487719
1356023282311,0.30703264,0.47744948,0.82326967,0.41299242,0.71251386,-0.56724006,-0.85741955,0.51416534,0.021582007
1356023282351,0.32144204,0.48079133,0.8157909,0.42704803,0.69532394,-0.57806104,-0.8451657,0.534195,0.018185377
1356023282398,0.33210444,0.47651666,0.81402606,0.44581336,0.6812338,-0.5806642,-0.8312382,0.5557448,0.013803303
1356023282429,0.33693746,0.46554503,0.8183771,0.47078648,0.66943395,-0.57464623,-0.8153731,0.5789007,0.006385088
1356023282471,0.33144653,0.44953495,0.8294947,0.5012505,0.6609453,-0.55847937,-0.79930663,0.6008907,-0.006261587
1356023282511,0.31094182,0.43857574,0.8431882,0.53403723,0.65325147,-0.5367185,-0.7862057,0.61718214,-0.031092584
1356023282551,0.26669675,0.44349983,0.85567564,0.56300056,0.64890915,-0.51180786,-0.7822425,0.6182433,-0.076628685
1356023282609,0.19256407,0.47476023,0.8587908,0.57908267,0.6515544,-0.49004087,-0.79220086,0.59167516,-0.14945948
1356023282630,0.09006634,0.52988255,0.84327495,0.5763664,0.6627884,-0.47803068,-0.81221294,0.5290898,-0.24571157
1356023282670,-0.022276431,0.5864436,0.8096837,0.5588886,0.67882013,-0.47628438,-0.8289435,0.441913,-0.34287834
1356023282705,-0.116132975,0.6190219,0.77673995,0.5384661,0.6963736,-0.47446615,-0.8346062,0.36314696,-0.41419423
1356023282748,-0.17771477,0.6224793,0.7621922,0.5207771,0.71666753,-0.46387368,-0.8349902,0.3144951,-0.4515354
1356023282791,-0.20657927,0.59818375,0.77427465,0.5057758,0.74270034,-0.43884742,-0.83756536,0.3009526,-0.45597333
1356023282831,-0.21227613,0.5554915,0.8039701,0.49291545,0.7712551,-0.4027406,-0.84378505,0.31079704,-0.43752933
1356023282873,-0.1931332,0.4909957,0.8494838,0.48432177,0.80066216,-0.35266486,-0.8533065,0.34331223,-0.39243436
1356023282911,-0.16140854,0.42040694,0.8928636,0.48294395,0.8226432,-0.30003878,-0.86064655,0.38277426,-0.33581465
1356023282950,-0.118879765,0.3445099,0.93122536,0.4890445,0.83654153,-0.24705014,-0.86411995,0.42604133,-0.26792848
1356023282992,-0.06867194,0.27178943,0.9599034,0.5012151,0.8413289,-0.2023588,-0.8625935,0.46722174,-0.19400066
1356023283030,-0.015332906,0.2109814,0.97736984,0.5157975,0.83905476,-0.17303205,-0.8565734,0.5014718,-0.12168884
1356023283070,0.037759125,0.16714987,0.98520815,0.5281291,0.8336312,-0.1616745,-0.8483242,0.5264218,-0.05679953
1356023283127,0.08906564,0.14671935,0.98516023,0.532751,0.82869536,-0.17158169,-0.84157205,0.54012716,-0.0043566227
1356023283151,0.13809845,0.15446046,0.9783,0.5243397,0.8265823,-0.20452297,-0.8402362,0.54120576,0.03315997
1356023283191,0.1860272,0.19347227,0.9633081,0.50097597,0.82472867,-0.2623847,-0.845232,0.53140485,0.056497037
1356023283234,0.23159865,0.2630078,0.93658364,0.4635646,0.8165859,-0.34394082,-0.85526013,0.5138233,0.06719911
1356023283270,0.27696046,0.35684574,0.8921625,0.4190687,0.790669,-0.44634503,-0.86468154,0.49749732,0.06944114
1356023283313,0.317778,0.45498216,0.83187044,0.37780088,0.7439333,-0.5512075,-0.8696457,0.489443,0.06451297
1356023283351,0.35588908,0.54069716,0.7622267,0.34367934,0.68274504,-0.6447819,-0.8690382,0.49143237,0.057155073
1356023283391,0.38863996,0.5980082,0.70096016,0.3233462,0.623861,-0.71150875,-0.86278975,0.5031735,0.049093664
1356023283429,0.41500106,0.62609625,0.6601345,0.3177114,0.5801624,-0.74998057,-0.8525453,0.520975,0.04185009
1356023283471,0.4332087,0.62687683,0.6475768,0.32905835,0.55889237,-0.761157,-0.83907735,0.5428304,0.035838008
1356023283511,0.43981248,0.60200477,0.6664498,0.35983154,0.5617868,-0.74492747,-0.8228525,0.56743807,0.030460536
1356023283550,0.43134698,0.55396837,0.7120806,0.410413,0.5823996,-0.70169204,-0.8034307,0.59491986,0.023860514
1356023283590,0.40243486,0.48984686,0.7733668,0.47635546,0.60936284,-0.63384736,-0.7817491,0.62347984,0.01188761
1356023283630,0.35084453,0.43085027,0.83143014,0.5437653,0.62911004,-0.5554637,-0.7623827,0.6469842,-0.013561606
1356023283675,0.27849597,0.4123776,0.86740106,0.5933826,0.6362688,-0.49301022,-0.75520664,0.65200204,-0.0674994
1356023283712,0.18726063,0.43618846,0.88015515,0.61873734,0.6435451,-0.45057058,-0.7629532,0.62895894,-0.14937538
1356023283753,0.085990846,0.5116383,0.85488707,0.6136515,0.6487832,-0.4500135,-0.78488046,0.5632998,-0.25817817
1356023283791,-0.01645422,0.57963413,0.81471074,0.5975719,0.6589877,-0.4567746,-0.8016465,0.4793324,-0.35721618
1356023283832,-0.10205582,0.6116202,0.7845415,0.576283,0.67919314,-0.4545269,-0.810853,0.40573078,-0.4217819
1356023283871,-0.16558856,0.59050894,0.78986055,0.54901505,0.72052974,-0.4235794,-0.8192454,0.36350542,-0.4435097
1356023283911,-0.20587713,0.51393855,0.83275557,0.51555157,0.7802727,-0.35409182,-0.8317579,0.35642904,-0.42560214
1356023283950,-0.2237446,0.3946585,0.8911695,0.48486573,0.83824885,-0.24948779,-0.8454842,0.376276,-0.37891
1356023283991,-0.22084251,0.25458115,0.94149715,0.4687925,0.87421405,-0.12642533,-0.85525554,0.41344672,-0.31240934
1356023284030,-0.20229745,0.120924935,0.9718297,0.47252017,0.8812475,-0.011293292,-0.85778815,0.45692453,-0.23541355
1356023284071,-0.17388967,0.010307848,0.98471117,0.49139833,0.8674625,0.07769528,-0.85339916,0.49739584,-0.15590799
1356023284129,-0.13959575,-0.0716503,0.9876129,0.51645064,0.84571135,0.13435405,-0.8448619,0.5288086,-0.08105385
1356023284151,-0.10154852,-0.123695776,0.9871105,0.5390823,0.82708955,0.15910128,-0.8361088,0.5482904,-0.01730746
1356023284192,-0.06039563,-0.14673956,0.9873296,0.55188936,0.81928647,0.15552402,-0.8317274,0.5542897,0.031502664
1356023284231,-0.013861224,-0.13701656,0.9904718,0.5522338,0.8247411,0.12181857,-0.833574,0.54866064,0.06423324
1356023284270,0.036652714,-0.09408057,0.9948896,0.5373811,0.84122014,0.059751317,-0.84254265,0.53244483,0.08139008
1356023284311,0.09555128,-0.0065953135,0.99540263,0.509673,0.8592813,-0.043231413,-0.85504586,0.51146066,0.08546686
1356023284350,0.16399467,0.12894513,0.9779974,0.47378457,0.85929006,-0.19274023,-0.8652364,0.49496844,0.07982677
1356023284390,0.23668033,0.2890848,0.9275842,0.4352001,0.8220339,-0.36723438,-0.8686675,0.49060187,0.06874949
1356023284431,0.30151892,0.4266399,0.8526809,0.40214497,0.7539586,-0.51944774,-0.86450326,0.49952465,0.055761695
1356023284470,0.3512288,0.5141357,0.78249776,0.38154924,0.6846051,-0.6210765,-0.85501957,0.5167014,0.04428494
1356023284510,0.38432035,0.55228466,0.73978347,0.37733164,0.63736725,-0.67185116,-0.8425668,0.5373498,0.036558747
1356023284552,0.4006308,0.54875576,0.7337316,0.3927002,0.62068415,-0.67862934,-0.8278173,0.56001633,0.033168674
1356023284591,0.39756796,0.50929034,0.76325816,0.4292629,0.63195,-0.64526945,-0.8109705,0.58417684,0.03262365
1356023284631,0.37410077,0.44188884,0.8153422,0.48413584,0.6568146,-0.5781065,-0.7909874,0.6110065,0.0317806
1356023284670,0.32723436,0.3621862,0.8727765,0.5479515,0.67975205,-0.48753077,-0.7698486,0.6377761,0.023977757
1356023284710,0.26487574,0.3071227,0.9140659,0.6022554,0.6876139,-0.40555578,-0.75307983,0.65792304,-0.0028340816
1356023284751,0.1919272,0.3051591,0.9327604,0.6341065,0.68684435,-0.35518134,-0.74904805,0.6596384,-0.061679244
1356023284790,0.110298276,0.3651691,0.92438406,0.6393134,0.68604743,-0.34729993,-0.7609945,0.6292777,-0.15778768
1356023284830,0.02141285,0.46441177,0.88536054,0.62615097,0.68414384,-0.3740083,-0.7794078,0.5623779,-0.27614242
1356023284870,-0.06586066,0.5581078,0.82715064,0.60837895,0.67951095,-0.4100488,-0.79090923,0.47621498,-0.38429403
1356023284911,-0.14040434,0.60576415,0.78315794,0.59101665,0.68588686,-0.42456868,-0.7943462,0.4032481,-0.45431817
1356023284950,-0.19711524,0.59116507,0.782093,0.567652,0.7192374,-0.4005855,-0.79932266,0.36499515,-0.4773487
1356023284992,-0.23314577,0.5036132,0.8318755,0.5330934,0.7816442,-0.32379586,-0.8132985,0.3679757,-0.45070988
1356023285038,-0.24669725,0.36838955,0.8963424,0.5001125,0.8406451,-0.20785421,-0.8300772,0.39699495,-0.39162105
1356023285071,-0.23558557,0.19969784,0.9511152,0.48439413,0.8725624,-0.06322318,-0.84253293,0.44582015,-0.30229557
1356023285129,-0.20796692,0.054968506,0.97659004,0.49350736,0.8679213,0.056241512,-0.84451175,0.4936508,-0.20762628
1356023285154,-0.17171356,-0.06257863,0.9831573,0.5191709,0.8424016,0.14429533,-0.8372431,0.5352041,-0.11216277
1356023285192,-0.13104819,-0.13453977,0.98220444,0.5482846,0.8156017,0.18487246,-0.8259603,0.56275475,-0.033117056
1356023285231,-0.09058981,-0.17498541,0.98039454,0.5696883,0.7983593,0.19513494,-0.81685287,0.5761966,0.027363956
1356023285270,-0.046981722,-0.1822793,0.9821238,0.5783271,0.7966975,0.17553005,-0.81445116,0.5762354,0.06798679
1356023285310,0.001160115,-0.15597317,0.98776066,0.5719509,0.81035185,0.12728748,-0.8202871,0.5648029,0.090149045
1356023285350,0.055743694,-0.09160933,0.9942336,0.55104244,0.8332152,0.04587765,-0.83261335,0.54530746,0.09692711
1356023285390,0.11847341,0.015764594,0.9928321,0.5187459,0.851595,-0.07542333,-0.84667987,0.5239632,0.092713535
1356023285434,0.1867724,0.16156344,0.96902704,0.4796297,0.8458411,-0.23346986,-0.8573631,0.5083799,0.08048916
1356023285470,0.25419608,0.31429607,0.9146597,0.439956,0.804631,-0.39875755,-0.86129147,0.5037726,0.066257596
1356023285513,0.30842245,0.43092346,0.8480452,0.41237223,0.7428133,-0.5274254,-0.85721916,0.5123801,0.05139941
1356023285551,0.34603727,0.49808937,0.7950882,0.39947915,0.6885678,-0.6052196,-0.8489256,0.52704966,0.039293826
1356023285592,0.36809358,0.5200984,0.7707171,0.40514576,0.6563656,-0.6364285,-0.8368775,0.54651797,0.03088826
1356023285650,0.372767,0.50434065,0.7789001,0.42924923,0.65046567,-0.62660956,-0.8226724,0.56792164,0.025984287
1356023285667,0.36270368,0.46037003,0.8102503,0.4696376,0.66067743,-0.5856158,-0.804914,0.59292895,0.023423076
1356023285708,0.33484817,0.39562485,0.8551945,0.5230978,0.67684114,-0.5179331,-0.7837381,0.62077934,0.019688487
1356023285744,0.29111058,0.3320549,0.8972148,0.57834196,0.68598354,-0.4415283,-0.76208615,0.6474304,0.0076557994
1356023285787,0.23464277,0.30206692,0.92395794,0.622097,0.6837026,-0.38150486,-0.74695253,0.6643088,-0.027489066
1356023285828,0.16123429,0.3171283,0.93457645,0.6476331,0.6805544,-0.34266186,-0.74469787,0.6605115,-0.09565407
1356023285873,0.06866413,0.383559,0.9209603,0.6505326,0.6826706,-0.33281857,-0.75636804,0.6219674,-0.20264262
1356023285910,-0.03744024,0.45090425,0.8917868,0.64080036,0.69560987,-0.32481053,-0.7667941,0.5592963,-0.31498337
1356023285952,-0.13527185,0.4865727,0.863104,0.6205064,0.7207312,-0.30906022,-0.7724463,0.49375445,-0.3994162
1356023285991,-0.21054977,0.4730065,0.8555313,0.5925,0.7578378,-0.27317706,-0.7775684,0.4493849,-0.43981892
1356023286033,-0.25159043,0.40987417,0.87675846,0.5595139,0.8007718,-0.21379584,-0.7897128,0.4367696,-0.43079686
1356023286071,-0.26508904,0.3282336,0.906637,0.5324637,0.833739,-0.14615649,-0.80387205,0.4440068,-0.39578754
1356023286132,-0.2527492,0.2372226,0.9379996,0.5182101,0.8518868,-0.07580984,-0.8170533,0.46692002,-0.33824486
1356023286153,-0.2207132,0.15492806,0.9629553,0.51910794,0.85450846,-0.018498644,-0.8257194,0.4957949,-0.26902568
1356023286190,-0.17592853,0.09070231,0.98021543,0.5302096,0.8477017,0.016721278,-0.82941365,0.5226613,-0.19722617
1356023286231,-0.12288872,0.045267075,0.99138755,0.54440415,0.8383145,0.029204607,-0.82977253,0.5433044,-0.12766302
1356023286270,-0.0644761,0.020751595,0.99770343,0.5553642,0.8313993,0.018597573,-0.82910395,0.55528784,-0.065130055
1356023286312,-0.003357917,0.018840522,0.9998169,0.5571635,0.83028865,-0.013774723,-0.83039606,0.5570152,-0.013285279
1356023286351,0.058996856,0.04407105,0.99728495,0.5465809,0.8345411,-0.0692136,-0.83532554,0.54918027,0.025146902
1356023286392,0.11836311,0.09619576,0.9882998,0.5208714,0.8413547,-0.14427471,-0.8453893,0.5318539,0.049479783
1356023286432,0.17688939,0.17862146,0.96788657,0.4845919,0.84013426,-0.24360824,-0.85666835,0.51212174,0.06205231
1356023286473,0.22837994,0.28094643,0.93215436,0.44404006,0.82201374,-0.3565414,-0.8664127,0.49534076,0.062979996
1356023286511,0.2767095,0.38920227,0.8786088,0.40601143,0.78134084,-0.4739844,-0.8709688,0.4878812,0.05818385
1356023286550,0.3173927,0.4764265,0.8199266,0.38043097,0.7280347,-0.5702962,-0.86863923,0.49293333,0.04982549
1356023286592,0.35141826,0.53280884,0.7698181,0.36904898,0.6768473,-0.63693064,-0.8604116,0.5079296,0.041223943
1356023286631,0.37743986,0.5577972,0.7391897,0.37088978,0.64035475,-0.6725969,-0.8485163,0.5280227,0.03481412
1356023286671,0.394653,0.5544189,0.73271316,0.38669047,0.62316465,-0.67980605,-0.8334983,0.55162066,0.03154528
1356023286710,0.39998692,0.52587587,0.75064313,0.4169473,0.62495047,-0.6599938,-0.81618965,0.57696754,0.030709505
1356023286750,0.39251095,0.4777856,0.785911,0.46090162,0.6372765,-0.6176151,-0.7959302,0.60464835,0.029925823
1356023286790,0.36792663,0.41934898,0.8299255,0.5157761,0.65060306,-0.55739635,-0.77369565,0.6331367,0.023083985
1356023286835,0.32194647,0.37453702,0.8695243,0.57219326,0.6547364,-0.49387765,-0.7542847,0.6565381,-0.003517449
1356023286870,0.24914771,0.35848457,0.8996745,0.61928695,0.65524775,-0.43258992,-0.7445865,0.66493547,-0.058751345
1356023286913,0.14448407,0.39712378,0.9063206,0.6422336,0.6591598,-0.3912088,-0.7527684,0.6385931,-0.15980822
1356023286951,0.016659796,0.44027844,0.89770675,0.6447275,0.6815153,-0.34621277,-0.76423085,0.58454406,-0.27250576
1356023286990,-0.104536295,0.46063223,0.88141376,0.6251363,0.7197261,-0.30199167,-0.7734836,0.51943463,-0.36319542
1356023287031,-0.1965,0.432329,0.8800452,0.59156984,0.7680558,-0.24522531,-0.7819418,0.47242135,-0.40667576
1356023287071,-0.2510268,0.35997453,0.89855653,0.55454195,0.8143313,-0.17131206,-0.7933907,0.4552833,-0.40403992
1356023287133,-0.27141023,0.26115283,0.92635614,0.52525103,0.8467107,-0.08480801,-0.8065035,0.46355176,-0.36697674
1356023287152,-0.26516533,0.15415755,0.9517997,0.5115982,0.8592182,0.0033653826,-0.81728476,0.48783147,-0.3067016
1356023287190,-0.24435341,0.058509246,0.9679195,0.5125455,0.85513717,0.077701494,-0.8231577,0.5150894,-0.23894435
1356023287231,-0.21300754,-0.021734267,0.9768088,0.52328396,0.84174097,0.13283871,-0.8251071,0.53944397,-0.16792399
1356023287272,-0.17316598,-0.085324734,0.9811897,0.53803444,0.82625324,0.1668068,-0.8249439,0.5567991,-0.09717131
1356023287310,-0.12937495,-0.1283372,0.9832557,0.55179065,0.81456363,0.17892261,-0.8238867,0.5656994,-0.034568846
1356023287353,-0.0847943,-0.15532301,0.9842178,0.55839163,0.81068313,0.17604451,-0.82523257,0.56450653,0.017989755
1356023287393,-0.04016906,-0.16037802,0.98623794,0.55642104,0.8162399,0.15539643,-0.82992893,0.55500567,0.05645013
1356023287432,-7.671192E-4,-0.14678924,0.9891674,0.54239947,0.83095914,0.1237323,-0.84012026,0.5366188,0.07898098
1356023287472,0.03418135,-0.110814214,0.9932531,0.51909673,0.8512305,0.07710521,-0.8540317,0.5129589,0.0866195
1356023287510,0.066029824,-0.053686872,0.9963723,0.49443108,0.8691031,0.014063224,-0.86670524,0.49170882,0.08393115
1356023287550,0.09580293,0.017782748,0.99524146,0.4765702,0.8769795,-0.061544806,-0.87390083,0.4801986,0.07554245
1356023287590,0.1260435,0.09305927,0.9876502,0.46969733,0.8713258,-0.14204143,-0.8737834,0.48180008,0.06611526
1356023287631,0.15717658,0.16000046,0.97452325,0.47305608,0.8540144,-0.21651211,-0.86689883,0.49503472,0.058541894
1356023287671,0.18758452,0.21089458,0.95934117,0.482157,0.8311441,-0.27699113,-0.85576665,0.5145123,0.054225445
1356023287712,0.21522224,0.24154575,0.9462215,0.49761182,0.80657846,-0.3190825,-0.84027493,0.5395246,0.053397596
1356023287751,0.23715174,0.2527845,0.938008,0.51898,0.7832597,-0.34229228,-0.82123,0.5679827,0.054561317
1356023287793,0.25198787,0.24836947,0.9353153,0.5493246,0.75898784,-0.34954256,-0.79670864,0.60187215,0.0548203
1356023287832,0.25471374,0.23668261,0.93760455,0.5847575,0.7345283,-0.3442772,-0.77018154,0.6359634,0.048692524
1356023287870,0.24315178,0.2391427,0.9400468,0.6194704,0.7074706,-0.34020835,-0.7464138,0.6650534,0.023880899
1356023287912,0.21167937,0.27589947,0.93758804,0.64528596,0.6810467,-0.34609467,-0.7340285,0.6782735,-0.03387052
1356023287950,0.16151643,0.35358948,0.92135066,0.6577336,0.65745336,-0.36761612,-0.73573023,0.66537935,-0.12637812
1356023287990,0.10264778,0.45691606,0.88356733,0.6589347,0.6341791,-0.4045021,-0.74516344,0.6237344,-0.23598075
1356023288030,0.05279976,0.5466276,0.8357095,0.65531486,0.612508,-0.44203657,-0.75350815,0.5709923,-0.3258729
1356023288071,0.0248636,0.5948939,0.8034196,0.6470365,0.60305107,-0.46655455,-0.7620535,0.53144205,-0.36992407
1356023288132,0.01947862,0.59961855,0.80004895,0.6325346,0.612312,-0.47431424,-0.7742872,0.5152976,-0.3673525
1356023288152,0.032917082,0.5625415,0.8261135,0.61306727,0.641431,-0.46121016,-0.7893446,0.5216449,-0.32376176
1356023288190,0.059008718,0.5114343,0.85729396,0.59622383,0.67073154,-0.44117606,-0.80064666,0.5371724,-0.26535034
1356023288233,0.093685776,0.44230708,0.8919571,0.58401316,0.7011565,-0.4090334,-0.8063199,0.5592353,-0.19262475
1356023288271,0.13929674,0.38705057,0.9114759,0.5741786,0.71835446,-0.39279234,-0.80679333,0.5780646,-0.1221717
1356023288310,0.18992501,0.34752485,0.9182347,0.5618874,0.72847563,-0.39192575,-0.8051156,0.59038097,-0.05691409
1356023288351,0.2489267,0.34062576,0.90664744,0.53866535,0.72928256,-0.4218846,-0.80490696,0.5933979,-0.0019453764
1356023288390,0.31508994,0.37720394,0.87088203,0.49556643,0.7171991,-0.4899381,-0.80940235,0.5859544,0.039052606
1356023288430,0.3827268,0.46107143,0.8005831,0.4244321,0.68195,-0.5956522,-0.82059586,0.56776524,0.06530702
1356023288470,0.4414124,0.5831843,0.68194664,0.32377583,0.6052768,-0.7271927,-0.83685386,0.5417897,0.07835573
1356023288511,0.4765775,0.7086129,0.5203284,0.21091273,0.4824216,-0.85016775,-0.85345745,0.51491475,0.08045581
1356023288550,0.48869047,0.796819,0.3553325,0.11653438,0.34401283,-0.93170536,-0.8646394,0.496724,0.07525897
1356023288593,0.49472576,0.8379142,0.23053443,0.05863762,0.23248263,-0.9708313,-0.86706865,0.49381328,0.06588188
1356023288631,0.50497305,0.84992373,0.15043935,0.027410895,0.15841495,-0.9869921,-0.86269975,0.5025281,0.056698054
1356023288689,0.5231135,0.84453624,0.1145027,0.018184543,0.123260364,-0.99220777,-0.852069,0.5211195,0.04912162
1356023288707,0.5445829,0.8306806,0.11575523,0.026145428,0.1211351,-0.9922917,-0.8382994,0.5434116,0.044249594
1356023288747,0.5687011,0.80792385,0.15439594,0.054085255,0.15056963,-0.98711884,-0.8207642,0.5697261,0.041932344
1356023288784,0.5901349,0.7711551,0.23887339,0.11206713,0.21477306,-0.9702131,-0.7994884,0.59932655,0.040323913
1356023288827,0.5973676,0.71325344,0.36663544,0.20666152,0.30482095,-0.9297178,-0.77488256,0.63115275,0.034688115
1356023288869,0.5717398,0.63875425,0.51488507,0.3301667,0.39538133,-0.85712516,-0.75106823,0.6600505,0.015159845
1356023288911,0.505094,0.5800181,0.639108,0.45022982,0.45469022,-0.76847243,-0.73632413,0.6758963,-0.031480134
1356023288951,0.40828714,0.57873076,0.7059549,0.536866,0.47323367,-0.6984445,-0.73829293,0.6641691,-0.11748564
1356023288990,0.29338315,0.6283281,0.7205068,0.59063613,0.4734926,-0.6534169,-0.7517148,0.6172589,-0.23219854
1356023289034,0.1749047,0.69105536,0.70132077,0.6186275,0.4770097,-0.62430906,-0.7659689,0.5430509,-0.34407455
1356023289070,0.0666064,0.7172665,0.6936082,0.62937075,0.50921416,-0.5870207,-0.77424544,0.47563607,-0.41750968
1356023289130,-0.019068003,0.69418484,0.7195442,0.6203254,0.572623,-0.53600305,-0.7841127,0.43613103,-0.4415393
1356023289150,-0.08460021,0.62177575,0.77861273,0.59734774,0.65707433,-0.45981407,-0.79750764,0.42620212,-0.42700493
1356023289190,-0.12885922,0.50701404,0.85225123,0.56965363,0.74131644,-0.35488683,-0.81172043,0.4397576,-0.38434786
1356023289231,-0.15136173,0.36773008,0.9175316,0.5482985,0.8035716,-0.23160629,-0.8224709,0.46802485,-0.32325584
1356023289270,-0.15392566,0.22998232,0.96094483,0.5401509,0.8339386,-0.11306374,-0.82737166,0.50165176,-0.2525897
1356023289310,-0.14079577,0.11201212,0.9836818,0.5448636,0.8383426,-0.017475277,-0.82661974,0.5335119,-0.17906642
1356023289350,-0.116321065,0.021606863,0.99297667,0.5572332,0.8290113,0.047237366,-0.82216823,0.5588143,-0.10847151
1356023289390,-0.08350509,-0.03781852,0.9957895,0.56998587,0.8178615,0.078859046,-0.8174002,0.574171,-0.04673958
1356023289431,-0.043816388,-0.064917654,0.9969282,0.5757047,0.8138998,0.07830231,-0.8164829,0.5773671,0.0017112494
1356023289472,0.0034124777,-0.056129783,0.9984177,0.5684782,0.82150793,0.04424119,-0.82269126,0.5674277,0.034711957
1356023289510,0.061651498,-0.0040678084,0.9980895,0.54847443,0.83561194,-0.030473411,-0.83389145,0.54930526,0.053747833
1356023289552,0.12955114,0.09616475,0.9868986,0.5139333,0.84465486,-0.14976889,-0.84799117,0.5266028,0.060003698
1356023289591,0.21142724,0.24596894,0.9459376,0.46734512,0.8245683,-0.31886637,-0.85842127,0.50949633,0.05938381
1356023289631,0.29311663,0.40695977,0.8651395,0.41353732,0.76189345,-0.498503,-0.8620148,0.503887,0.055030584
1356023289671,0.36342886,0.53683895,0.7613957,0.3615956,0.67192245,-0.64635044,-0.8585849,0.51021975,0.05007738
1356023289710,0.416653,0.6156486,0.6688625,0.32250476,0.58780706,-0.74193907,-0.8499358,0.5248425,0.046361923
1356023289749,0.45415103,0.6482024,0.61121225,0.3040861,0.53206664,-0.79021305,-0.8374237,0.54473716,0.04452926
1356023289790,0.47754613,0.64344776,0.598268,0.31173953,0.512537,-0.80007756,-0.82144266,0.56857777,0.04417196
1356023289830,0.48482725,0.60541826,0.6311982,0.34980893,0.527225,-0.774382,-0.8016085,0.5962403,0.043832332
1356023289871,0.47009337,0.5385553,0.6992643,0.4169948,0.56274617,-0.7137451,-0.7778995,0.62711644,0.03996849
1356023289914,0.43003905,0.46539488,0.77361095,0.49752137,0.5928699,-0.633228,-0.7533517,0.65720075,0.0234133
1356023289951,0.37051606,0.42055124,0.82816327,0.566939,0.6038629,-0.5602944,-0.7357296,0.67711616,-0.014685988
1356023289993,0.31125644,0.4551869,0.83422077,0.6013308,0.58540505,-0.5437851,-0.73588085,0.6708993,-0.09150684
1356023290031,0.24700874,0.53422743,0.8084477,0.6167974,0.55678105,-0.5563775,-0.74736047,0.63607854,-0.1919803
1356023290070,0.18367264,0.6255029,0.75829446,0.6207915,0.52430534,-0.58285654,-0.76215625,0.57779753,-0.2920063
1356023290130,0.121996224,0.6792916,0.7236572,0.6215323,0.51616347,-0.5892985,-0.77383095,0.52166855,-0.35923177
1356023290153,0.065960884,0.67923456,0.7309512,0.61591405,0.5486233,-0.5653869,-0.7850472,0.4874965,-0.38216245
1356023290190,0.017504483,0.6278072,0.778172,0.6018749,0.61486554,-0.5095949,-0.7983985,0.4772824,-0.3670985
1356023290230,-0.021880686,0.5299011,0.8477771,0.5829765,0.69565225,-0.41976944,-0.81219435,0.48504928,-0.3241412
1356023290270,-0.04938346,0.3998474,0.91525036,0.56610423,0.76616335,-0.30417055,-0.822853,0.5031061,-0.2641911
1356023290311,-0.062399656,0.2626449,0.96287286,0.5568296,0.80980694,-0.18480708,-0.82827973,0.52462417,-0.19678009
1356023290352,-0.061166104,0.13583258,0.98884183,0.5567409,0.82690674,-0.07915041,-0.8284312,0.54568744,-0.12620223
1356023290391,-0.04571697,0.04227212,0.99805963,0.56330574,0.8261975,-0.009190291,-0.82498276,0.5617925,-0.06158334
1356023290433,-0.021251984,-0.021935612,0.9995334,0.57035184,0.82084733,0.030140996,-0.8211255,0.5707263,-0.0049335957
1356023290471,0.016814865,-0.043869317,0.9988957,0.57213193,0.81973755,0.026370168,-0.81998914,0.5710567,0.038882792
1356023290510,0.06482839,-0.026558906,0.99754286,0.56136,0.8274455,-0.014451534,-0.82502854,0.5609176,0.06855106
1356023290551,0.13099998,0.04786715,0.99022615,0.5328096,0.8389184,-0.11104001,-0.83603406,0.54214823,0.08439422
1356023290590,0.22024536,0.19740236,0.95526135,0.47970408,0.8307839,-0.28228012,-0.84933853,0.52041364,0.08828157
1356023290630,0.32245773,0.40971228,0.8533211,0.39562944,0.7606263,-0.5147087,-0.8599409,0.50357074,0.0831756
1356023290671,0.4048667,0.6018061,0.6884129,0.2988305,0.6244509,-0.72163796,-0.86416626,0.49788594,0.07298136
1356023290710,0.4526956,0.7074491,0.5427546,0.23014642,0.49536783,-0.8376416,-0.8614519,0.50410974,0.06143397
1356023290750,0.47893164,0.741824,0.4693843,0.20528483,0.4252278,-0.8814984,-0.8535119,0.51853496,0.051369846
1356023290790,0.49232012,0.7310314,0.47245514,0.22192687,0.41942954,-0.8802427,-0.8416468,0.5382117,0.044258088
1356023290831,0.48949036,0.6813118,0.54425496,0.27837217,0.46939412,-0.8379607,-0.8263826,0.5616791,0.04010567
1356023290870,0.46031556,0.5878079,0.6652756,0.37011418,0.55408776,-0.74565566,-0.8069233,0.5894648,0.03749919
1356023290911,0.39677137,0.45826066,0.79534245,0.4784627,0.63619405,-0.6052525,-0.7833556,0.62068856,0.03316295
1356023290954,0.31270748,0.33785418,0.88773227,0.57410717,0.6773389,-0.4600141,-0.7567133,0.6535033,0.017844439
1356023290992,0.21947816,0.2584123,0.94077224,0.6422641,0.68758714,-0.33870468,-0.7343883,0.6785625,-0.015058577
1356023291030,0.134987,0.25630394,0.95712423,0.67384636,0.6844478,-0.27832037,-0.72643626,0.6825244,-0.080317914
1356023291069,0.045525495,0.30676126,0.9506971,0.6771853,0.69016784,-0.25512436,-0.73440284,0.6554128,-0.176314
1356023291135,-0.0509775,0.3705563,0.92741007,0.65984744,0.7095585,-0.24724123,-0.7496684,0.59934545,-0.2806821
1356023291154,-0.14342809,0.39984748,0.9052902,0.62932557,0.7428257,-0.2283842,-0.7637916,0.53696555,-0.3581763
1356023291190,-0.21736902,0.3750121,0.90117514,0.5925215,0.78437877,-0.18348904,-0.7756733,0.49408084,-0.3927024
1356023291231,-0.26011232,0.29576743,0.9191644,0.55491096,0.8248203,-0.10837649,-0.79019964,0.48186433,-0.37867045
1356023291270,-0.27322465,0.19242656,0.9425075,0.5280091,0.84899676,-0.020269781,-0.8040862,0.49211434,-0.33356982
1356023291311,-0.26047385,0.08272497,0.9619303,0.5209187,0.8509031,0.06787893,-0.8128941,0.5187682,-0.264731
1356023291351,-0.2336607,-0.0058453977,0.9723005,0.53138566,0.836667,0.13273118,-0.81426764,0.5476807,-0.19239002
1356023291394,-0.19745137,-0.07812807,0.9771944,0.55305517,0.81416,0.17684327,-0.809409,0.57536036,-0.11754787
1356023291431,-0.15628205,-0.124465674,0.97983885,0.5760665,0.7943436,0.19278409,-0.8023237,0.594581,-0.05244112
1356023291470,-0.113931805,-0.1528959,0.9816529,0.59240687,0.7827505,0.1906716,-0.7975423,0.6032615,0.001396358
1356023291510,-0.06944241,-0.1598774,0.9846913,0.59742415,0.7838298,0.1693965,-0.79891306,0.6000417,0.041083574
1356023291551,-0.023600176,-0.14425015,0.9892597,0.58794296,0.7983171,0.13043383,-0.808558,0.58470654,0.06597048
1356023291590,0.023637593,-0.102588385,0.99444294,0.5647094,0.82219577,0.07139614,-0.8249512,0.5598837,0.077367365
1356023291631,0.07227691,-0.031011283,0.99690235,0.5330059,0.8460217,-0.012326002,-0.8430189,0.5322457,0.07767701
1356023291672,0.122050345,0.069902435,0.99005926,0.5014207,0.8565181,-0.122286856,-0.85655177,0.5113613,0.06948781
1356023291732,0.17286551,0.18463662,0.9674848,0.4769037,0.84375995,-0.24623558,-0.86178905,0.50396276,0.057803094
1356023291749,0.21979153,0.28641158,0.9325557,0.46392876,0.81023073,-0.3581846,-0.8581735,0.51136535,0.045207262
1356023291788,0.25864327,0.35754967,0.8973639,0.4601856,0.7711748,-0.43990764,-0.84931326,0.52673304,0.034919977
1356023291826,0.28620824,0.3934625,0.8736545,0.4665793,0.73916054,-0.48574218,-0.83689225,0.5466525,0.02797234
1356023291867,0.30045417,0.3973546,0.8670851,0.4842167,0.71967936,-0.49758995,-0.8217429,0.56936,0.02382493
1356023291908,0.30179656,0.37570947,0.87621987,0.514411,0.7096332,-0.4814583,-0.8026831,0.59603953,0.02089578
1356023291953,0.289376,0.3374889,0.89574707,0.5564912,0.7020799,-0.4442988,-0.77883184,0.62704474,0.015355468
1356023291990,0.26222005,0.30018634,0.9171308,0.602782,0.6912184,-0.39858645,-0.75358784,0.65734726,3.0440092E-4
1356023292030,0.22044924,0.29114693,0.93093264,0.64225817,0.6749805,-0.36318827,-0.7341025,0.67796373,-0.03819257
1356023292070,0.15717554,0.32204622,0.9335856,0.6669345,0.66258734,-0.34084672,-0.72835034,0.6762132,-0.11064118
1356023292130,0.069655985,0.38481504,0.9203616,0.67343646,0.66250896,-0.32797146,-0.73595613,0.64265025,-0.21300077
1356023292150,-0.028833985,0.442406,0.8963512,0.66644233,0.6768447,-0.31262738,-0.7449988,0.5883521,-0.31435418
1356023292193,-0.11327344,0.46605587,0.87747425,0.6498432,0.7028164,-0.2894008,-0.7515803,0.5374392,-0.3824737
1356023292231,-0.16771764,0.45272255,0.87573576,0.62961185,0.7327425,-0.2582195,-0.7585906,0.5080657,-0.40793335
1356023292273,-0.18110949,0.40612736,0.8956896,0.61063707,0.7603623,-0.22129515,-0.77092266,0.50686264,-0.38570523
1356023292311,-0.16377366,0.35293353,0.9212037,0.5992852,0.7773483,-0.19127707,-0.7836042,0.5207375,-0.338817
1356023292350,-0.12076646,0.29773328,0.9469796,0.59646785,0.78431344,-0.17052417,-0.7934995,0.5442493,-0.2723071
1356023292392,-0.059283588,0.25111076,0.96614116,0.59960854,0.7827493,-0.16665247,-0.7980946,0.5694268,-0.19697237
1356023292430,0.011523809,0.21940494,0.97556585,0.6027818,0.7769078,-0.18184704,-0.7978229,0.59014887,-0.12330037
1356023292470,0.08444953,0.2034567,0.97543514,0.6001663,0.77105266,-0.2127867,-0.7954048,0.6033931,-0.05699283
1356023292510,0.15405351,0.20609106,0.9663302,0.5870778,0.76755536,-0.2572906,-0.7947372,0.6069475,-0.00274688
1356023292551,0.21541551,0.22992417,0.9490684,0.55988,0.767203,-0.312944,-0.8000815,0.59877753,0.03653747
1356023292590,0.26679865,0.2774579,0.9229494,0.5187197,0.7657754,-0.38015527,-0.8122489,0.5801769,0.06038499
1356023292634,0.3047924,0.34704816,0.8869381,0.46618748,0.75770074,-0.4566824,-0.83052444,0.55267274,0.06915194
1356023292670,0.33525124,0.4320562,0.83721805,0.41121304,0.7324244,-0.5426402,-0.84764993,0.52619576,0.06787902
1356023292713,0.35878032,0.51696223,0.7771916,0.3651739,0.68852574,-0.62656236,-0.8590254,0.50860834,0.0582484
1356023292751,0.3841011,0.59210056,0.70843726,0.32895714,0.6291816,-0.7042143,-0.86270136,0.503535,0.046893656
1356023292790,0.41169003,0.64588094,0.6429223,0.3057539,0.5666983,-0.7650932,-0.85850215,0.5115572,0.035823405
1356023292831,0.44174424,0.6805073,0.5846126,0.2898744,0.5084208,-0.8108521,-0.84902,0.5276535,0.027330339
1356023292871,0.47233996,0.6974466,0.5389464,0.28009784,0.46098778,-0.84204245,-0.83572733,0.54868805,0.02238965
1356023292910,0.5014183,0.6985315,0.5105227,0.27831417,0.42847666,-0.8596214,-0.8192197,0.5731156,0.020434767
1356023292950,0.5277524,0.6843561,0.5031243,0.28930262,0.41208997,-0.8639941,-0.7986122,0.6015301,0.019495457
1356023292990,0.5472294,0.65674907,0.51886487,0.31874537,0.40968624,-0.8547272,-0.77391315,0.6331176,0.014856607
1356023293031,0.5507854,0.6240748,0.55422574,0.3694763,0.41311336,-0.8323609,-0.7484135,0.6632255,-0.003044039
1356023293072,0.5242668,0.6067861,0.59745705,0.43733972,0.41015047,-0.800319,-0.73066974,0.6808724,-0.050343364
1356023293132,0.46156058,0.61618596,0.6381823,0.5106718,0.4036866,-0.7591123,-0.72538006,0.67627805,-0.12834299
1356023293153,0.36351272,0.66610587,0.6512768,0.57133746,0.39278343,-0.72062105,-0.73582065,0.63405377,-0.23778945
1356023293191,0.25462103,0.7086088,0.658059,0.6168423,0.40506512,-0.6748539,-0.7447642,0.5777507,-0.33396178
1356023293230,0.1630229,0.72751665,0.66644067,0.6368654,0.43830642,-0.63426334,-0.75354236,0.52783245,-0.39187616
1356023293271,0.09429985,0.709647,0.6982182,0.63583404,0.4967329,-0.5907381,-0.7660434,0.49965745,-0.4043759
1356023293310,0.045161694,0.65434235,0.75484866,0.62148815,0.57318616,-0.5340507,-0.78212076,0.49324813,-0.38077998
1356023293350,0.0115715265,0.5629111,0.82643634,0.602274,0.6558309,-0.45513934,-0.79820555,0.50300777,-0.33143777
1356023293390,-0.010353029,0.44407603,0.89592934,0.58587253,0.7287764,-0.35445496,-0.81033707,0.5212307,-0.267717
1356023293430,-0.022098185,0.31487298,0.94887656,0.57611793,0.7796859,-0.24531206,-0.8170678,0.5412438,-0.19863361
1356023293470,-0.024342686,0.19272222,0.98095137,0.5731305,0.8066665,-0.14425896,-0.81910247,0.55870146,-0.13009143
1356023293512,-0.017918557,0.0889439,0.99587536,0.57429475,0.81625414,-0.06256831,-0.81845236,0.5708049,-0.065706074
1356023293551,-0.0039688647,0.016655505,0.99985343,0.5754577,0.81775296,-0.011337876,-0.8178219,0.57532835,-0.012830079
1356023293591,0.014303595,-0.02505073,0.9995838,0.5697979,0.8216908,0.0124390125,-0.82166034,0.5693828,0.026027024
1356023293631,0.040245146,-0.031791985,0.998684,0.5560341,0.8311496,0.0040515363,-0.83018464,0.5551392,0.051127136
1356023293670,0.070709854,-0.006391138,0.99747646,0.5326408,0.8457234,-0.032339454,-0.8433825,0.53358334,0.06320518
1356023293711,0.1081965,0.055098593,0.9926015,0.5047806,0.8571287,-0.102601245,-0.8564404,0.51214707,0.06492561
1356023293750,0.1510613,0.1426946,0.97817105,0.48044604,0.8541944,-0.1988054,-0.8639167,0.49999022,0.060478687
1356023293790,0.19259745,0.23015791,0.9539044,0.4664858,0.8337604,-0.29535514,-0.86330605,0.50186753,0.05321473
1356023293830,0.22354093,0.28790146,0.93120474,0.4667228,0.8071139,-0.36157563,-0.8556865,0.5154414,0.046052814
1356023293873,0.23495767,0.29889765,0.92490816,0.4838287,0.78932434,-0.37799048,-0.8430331,0.5363089,0.040842533
1356023293910,0.21850461,0.258762,0.9409027,0.5165016,0.7873999,-0.33649296,-0.8279383,0.559503,0.038399518
1356023293951,0.17354217,0.17649326,0.96888244,0.56007457,0.7915385,-0.24450615,-0.81006145,0.5850785,0.038515925
1356023293991,0.10079679,0.06674129,0.99266595,0.60524976,0.7877691,-0.11442317,-0.7896282,0.6123443,0.039009452
1356023294031,0.01789821,-0.03175798,0.9993353,0.642192,0.766436,0.012854934,-0.7663348,0.6415351,0.034112573
1356023294071,-0.067137375,-0.09825739,0.9928937,0.66390693,0.73845154,0.11796966,-0.7447953,0.66710925,0.015656054
1356023294129,-0.14426748,-0.10482103,0.98397124,0.6643082,0.72672814,0.17481655,-0.73340404,0.6788805,-0.035209775
1356023294151,-0.22448637,-0.07136804,0.9718603,0.64036417,0.7409439,0.20232615,-0.73453355,0.66776395,-0.120630264
1356023294190,-0.30579716,-0.015036255,0.951978,0.59536374,0.7772523,0.20352097,-0.74298733,0.6290093,-0.22872955
1356023294230,-0.38276872,0.025613844,0.92348903,0.5401915,0.8171276,0.20123535,-0.74945396,0.5758875,-0.32660723
1356023294270,-0.44603825,0.01664029,0.8948592,0.482881,0.8462992,0.22495241,-0.7535753,0.53244793,-0.38551712
1356023294310,-0.4881652,-0.04720837,0.8714735,0.4270503,0.8579097,0.28569043,-0.76113254,0.51162714,-0.3986413
1356023294351,-0.5065063,-0.1456582,0.84984416,0.38105637,0.8463381,0.3721665,-0.7734646,0.51234317,-0.37317163
1356023294392,-0.5038686,-0.25202113,0.82619727,0.35587,0.81097454,0.4644102,-0.7870661,0.5280205,-0.31893784
