1356024120199,-0.2750305,0.3231178,0.9055126,0.41745853,-0.80828375,0.41521758,0.8660754,0.49221146,0.08741446
1356024120237,-0.25650096,0.2874863,0.9227994,0.42907584,-0.8216393,0.3752369,0.8660838,0.49219957,0.08739783
1356024120279,-0.25627947,0.287315,0.9229144,0.42912656,-0.8217313,0.37497744,0.8661243,0.4921461,0.08729836
1356024120318,-0.2557118,0.28689152,0.9232035,0.4292748,-0.82194984,0.37432814,0.8662186,0.49202812,0.08702698
1356024120357,-0.25443602,0.28566852,0.9239349,0.42974743,-0.82246894,0.37264177,0.8663598,0.49187216,0.086500466
1356024120399,-0.2523113,0.28368527,0.925128,0.4306497,-0.82323766,0.3698928,0.8665333,0.49173418,0.08554311
1356024120437,-0.24914467,0.28061175,0.9269218,0.43217218,-0.8243082,0.36570933,0.8666915,0.49170431,0.08409934
1356024120477,-0.24509805,0.27646503,0.9292438,0.43433896,-0.82559836,0.3601904,0.86676216,0.49188876,0.08227296
1356024120517,-0.24047422,0.2713117,0.9319668,0.43706298,-0.8270346,0.35353896,0.866688,0.49234518,0.08030018
1356024120557,-0.23539257,0.2650637,0.93505704,0.44025826,-0.82864016,0.3457286,0.8664658,0.49304852,0.07835919
1356024120597,-0.22976714,0.2576212,0.9385299,0.44393107,-0.8304255,0.33662856,0.8661018,0.49398875,0.07643838
1356024120637,-0.22359729,0.24890554,0.9423642,0.44802976,-0.8323975,0.32616535,0.86560595,0.4951369,0.074604675
1356024120676,-0.2174502,0.23953545,0.94622314,0.4523434,-0.8343036,0.3151555,0.86492825,0.4965484,0.07306714
1356024120717,-0.21207261,0.2301415,0.94976836,0.45665348,-0.835905,0.3045165,0.8639981,0.4982947,0.07217769
1356024120757,-0.20837188,0.22173803,0.95258254,0.46075863,-0.8368567,0.29558814,0.86271816,0.5005029,0.072209686
1356024120796,-0.20665401,0.21493885,0.95451313,0.46459267,-0.8370153,0.28906578,0.86107355,0.5031964,0.073113605
1356024120837,-0.20647216,0.21005748,0.9556386,0.46814972,-0.8364272,0.2850007,0.8591886,0.50622666,0.07436058
1356024120877,-0.2068615,0.20712003,0.95619535,0.47151121,-0.83524233,0.28292644,0.8572546,0.50938344,0.07512012
1356024120916,-0.20683873,0.20603672,0.95643425,0.47474447,-0.8336374,0.28225198,0.85547376,0.5124425,0.07461378
1356024120957,-0.20641273,0.20710035,0.9562966,0.47806537,-0.8314013,0.28324085,0.8537255,0.5156368,0.07260431
1356024120996,-0.20713592,0.21159126,0.9551565,0.48149687,-0.82784563,0.28780645,0.8516194,0.51951987,0.06959598
1356024121037,-0.2105676,0.22049007,0.9523893,0.4847822,-0.8224513,0.2975903,0.84890956,0.5243643,0.06629199
1356024121077,-0.21732378,0.23394367,0.94765013,0.48717174,-0.81529135,0.31299135,0.84583336,0.52968884,0.06321153
1356024121117,-0.22693151,0.25117153,0.9409648,0.48785383,-0.806897,0.3330401,0.84291196,0.53463066,0.06057547
1356024121156,-0.23858291,0.27170658,0.9323377,0.48596907,-0.79780114,0.35685754,0.8407807,0.53822744,0.058300793
1356024121197,-0.24943388,0.2927674,0.9230764,0.4821313,-0.78912604,0.3805647,0.83984053,0.53996974,0.05568242
1356024121235,-0.2578802,0.31434113,0.91361225,0.47671884,-0.7810802,0.40330237,0.840379,0.53953993,0.05157283
1356024121276,-0.24301565,0.30482954,0.9208813,0.48057055,-0.78681237,0.38727015,0.84261215,0.53666115,0.044715688
1356024121316,-0.2603817,0.35690647,0.89711714,0.46433324,-0.7683706,0.44045568,0.84651995,0.5312479,0.03434612
1356024121357,-0.26365292,0.3947169,0.88016236,0.45262828,-0.7551364,0.4742328,0.85183024,0.5234192,0.020433888
1356024121396,-0.25920367,0.4272124,0.8662003,0.4430779,-0.74431056,0.49968368,0.85819316,0.51331407,0.0036397278
1356024121436,-0.24996895,0.45701215,0.85361314,0.4345264,-0.7348902,0.5206948,0.86527586,0.50107497,-0.014884055
1356024121477,-0.23794311,0.484196,0.84198415,0.42642945,-0.7267876,0.53845865,0.87266314,0.48716936,-0.03354135
1356024121516,-0.22534347,0.5080928,0.8313014,0.4188124,-0.71987236,0.55351603,0.8796684,0.47289053,-0.050577044
1356024121557,-0.21484005,0.5284586,0.82132536,0.41182986,-0.71352047,0.5668199,0.8855732,0.46002188,-0.06434229
1356024121597,-0.20891166,0.54556036,0.8116156,0.40516764,-0.7070617,0.5795713,0.8900534,0.44991955,-0.073329985
1356024121637,-0.20892459,0.5598407,0.80182856,0.3973875,-0.7005743,0.5926878,0.8935512,0.4424637,-0.07610649
1356024121676,-0.21444261,0.57148194,0.79210025,0.3864012,-0.69517225,0.60615975,0.89705545,0.436055,-0.07174668
1356024121716,-0.22320157,0.5802428,0.783262,0.3707525,-0.69260854,0.6187375,0.9015119,0.42849952,-0.060535192
1356024121757,-0.23247981,0.58589625,0.7763238,0.35058457,-0.6940531,0.62879306,0.9072175,0.41834885,-0.04405278
1356024121796,-0.24081528,0.5887406,0.7716168,0.32815853,-0.6988028,0.6355994,0.91341114,0.40627468,-0.024917841
1356024121837,-0.24809432,0.58942616,0.76878214,0.30734223,-0.70470333,0.63947946,0.91868925,0.39493042,-0.006322652
1356024121877,-0.2545821,0.58841044,0.76743805,0.29284364,-0.7094171,0.64106953,0.92164564,0.38794413,0.008292586
1356024121916,-0.2608785,0.58601546,0.767156,0.28789333,-0.7112873,0.6412393,0.9214444,0.38814464,0.016849637
1356024121957,-0.26731217,0.58227426,0.76778966,0.29298657,-0.709949,0.6404149,0.9179886,0.39614275,0.019179463
1356024121997,-0.2729767,0.5766541,0.7700349,0.30617708,-0.706737,0.6377918,0.91199744,0.40986934,0.016364485
1356024122037,-0.27667212,0.5685456,0.77473116,0.32541484,-0.7031389,0.63221896,0.904189,0.4270264,0.0095258355
1356024122077,-0.27784777,0.557209,0.78250796,0.34930313,-0.70021856,0.62264055,0.8948676,0.44633177,-8.070469E-5
1356024122119,-0.27775753,0.54235375,0.792908,0.37716207,-0.69754475,0.60924554,0.8835154,0.46827736,-0.010806978
1356024122156,-0.2776274,0.52301145,0.80584246,0.40442175,-0.6972425,0.591858,0.87141615,0.49021623,-0.017943561
1356024122197,-0.2878222,0.5061642,0.81299204,0.41992086,-0.6962544,0.5821479,0.86071175,0.50894743,-0.01215139
1356024122237,-0.32410157,0.50460106,0.80020994,0.40268672,-0.6918247,0.5993513,0.8560383,0.5164846,0.02102533
1356024122276,-0.39539623,0.536526,0.7455211,0.32388285,-0.67808706,0.65977114,0.8595125,0.5023325,0.09434143
1356024122317,-0.4705658,0.59383106,0.6526351,0.17945416,-0.65977657,0.7297199,0.86392367,0.4604993,0.20390284
1356024122376,-0.51272553,0.64777106,0.563476,0.018928349,-0.64762104,0.7617275,0.8583439,0.40122277,0.31979054
1356024122403,-0.5245646,0.68838686,0.50095457,-0.10691774,-0.6370164,0.7633995,0.8446304,0.34689143,0.407757
1356024122437,-0.52075577,0.720001,0.45870697,-0.18365088,-0.6192136,0.76344407,0.83371806,0.31332597,0.45468783
1356024122474,-0.51042414,0.74177396,0.43501553,-0.20868525,-0.5976053,0.7741565,0.8342167,0.3043669,0.4598295
1356024122517,-0.49835616,0.7563518,0.42376068,-0.19260219,-0.5731542,0.7964915,0.84530807,0.31531918,0.43130988
1356024122557,-0.48702037,0.76503074,0.4213538,-0.14808014,-0.5477779,0.8234147,0.8607458,0.33862558,0.38006485
1356024122597,-0.47690225,0.76640797,0.43032905,-0.08203009,-0.52626276,0.8463561,0.87512016,0.3683291,0.3138444
1356024122637,-0.46579373,0.7546762,0.46206063,0.0026597977,-0.5209689,0.8535715,0.8848893,0.39881724,0.24065676
1356024122677,-0.44420683,0.714867,0.54004216,0.109588355,-0.5548959,0.82467014,0.88919663,0.4255064,0.16814747
1356024122717,-0.39171767,0.6277487,0.67267287,0.23425284,-0.6389625,0.73270214,0.8897656,0.44458792,0.103241
1356024122757,-0.3167554,0.5327328,0.7847686,0.32763886,-0.71499056,0.61760926,0.8901229,0.45275176,0.05193323
1356024122797,-0.26864445,0.5024452,0.8218145,0.35902953,-0.7394662,0.56946254,0.89382774,0.44803858,0.018260807
1356024122837,-0.2501542,0.51771724,0.81816363,0.35149214,-0.7388187,0.5749785,0.90215087,0.4314114,0.002845049
1356024122877,-0.24362528,0.541739,0.804466,0.32652128,-0.73522395,0.5939945,0.9132527,0.40738738,0.0022298992
1356024122917,-0.24148238,0.56130314,0.79159653,0.29881528,-0.73309004,0.61097336,0.9232528,0.38408047,0.009302348
1356024122957,-0.242257,0.57367885,0.7824347,0.27856565,-0.7313734,0.62249017,0.92936146,0.36876202,0.017373115
1356024122997,-0.2452308,0.5780922,0.77824885,0.27133557,-0.7297511,0.62756693,0.93071955,0.36506537,0.022100464
1356024123037,-0.24863964,0.5737047,0.78041095,0.27756622,-0.72971976,0.6248729,0.9279738,0.3719839,0.022196129
1356024123077,-0.2506321,0.5602588,0.7894895,0.2956819,-0.73224664,0.613504,0.9218221,0.3872015,0.017866075
1356024123117,-0.24924642,0.53645384,0.8062838,0.3256024,-0.7376727,0.59145755,0.9120632,0.40994662,0.009191662
1356024123156,-0.23908865,0.49616703,0.83465856,0.36516413,-0.75054187,0.55076504,0.8997176,0.43646902,-0.0017363578
1356024123196,-0.21852982,0.43838492,0.87181616,0.41368803,-0.7675358,0.48964372,0.88380253,0.46766165,-0.013625145
1356024123237,-0.24247414,0.453149,0.85782415,0.43891737,-0.73730487,0.51354945,0.86519235,0.5010364,-0.020117521
1356024123277,-0.13274026,0.22607122,0.96502423,0.51305133,-0.8173776,0.26205367,0.848032,0.5298921,-0.0074872375
1356024123317,0.0042353272,-0.084684744,0.99639887,0.5446539,-0.8354498,-0.07332069,0.8386503,0.543003,0.042585406
1356024123357,-0.0043287873,-0.24811831,0.9687201,0.5466969,-0.8117306,-0.20546564,0.8373195,0.5287068,0.13915923
1356024123397,-0.28248495,-0.037748888,0.95852876,0.47375298,-0.87435377,0.1051843,0.83412254,0.48381877,0.26487535
1356024123437,-0.51022243,0.26225054,0.8190835,0.25126445,-0.86537135,0.4335881,0.8225201,0.42703295,0.37563765
1356024123477,-0.571654,0.35626912,0.7391103,0.12568131,-0.8521582,0.5079673,0.81081194,0.38327387,0.4423632
1356024123517,-0.560717,0.24298535,0.79155195,0.17555158,-0.8993522,0.4004338,0.8091836,0.36348823,0.4616256
1356024123557,-0.3631544,-0.26932812,0.8919536,0.44386202,-0.8917104,-0.08853848,0.8192102,0.36375117,0.44337308
1356024123597,0.10605371,-0.822464,0.55884314,0.5373994,-0.42545694,-0.72814035,0.83663285,0.37754393,0.39687032
1356024123636,0.31594634,-0.90719986,0.2777884,0.41224694,-0.1324395,-0.9013946,0.8545352,0.39930972,0.33214653
1356024123677,0.39455214,-0.90450317,0.16187245,0.30228883,-0.038589388,-0.9524349,0.867727,0.42471743,0.2581957
1356024123717,0.4338362,-0.8932793,0.117636055,0.21611711,-0.023579508,-0.9760827,0.87468827,0.44888315,0.18282329
1356024123757,0.45366704,-0.88324225,0.118614316,0.15587899,-0.05240047,-0.98638535,0.87743264,0.46598005,0.1139065
1356024123797,0.45790175,-0.8742822,0.16111082,0.12658483,-0.11525902,-0.9852369,0.8799445,0.47153592,0.05789353
1356024123837,0.44489464,-0.8595772,0.2513881,0.13335648,-0.21398494,-0.9676914,0.88559866,0.46404502,0.019429386
1356024123877,0.40876997,-0.8223989,0.3956858,0.17562139,-0.3545767,-0.91838586,0.8955804,0.44489944,-5.095005E-4
1356024123917,0.34090388,-0.7353554,0.58569354,0.24183133,-0.5334517,-0.8105226,0.9084614,0.41794938,-0.0040237606
1356024123958,0.24569327,-0.58332235,0.7741898,0.30531102,-0.7114533,-0.63294494,0.92001086,0.39187896,0.003295483
1356024123997,0.14749134,-0.39867386,0.905155,0.34647807,-0.8363474,-0.42482483,0.92639047,0.37627435,0.01477769
1356024124037,0.06810236,-0.23181006,0.97037417,0.37043652,-0.897227,-0.24033391,0.9263578,0.37582934,0.024767697
1356024124076,0.013837397,-0.10945521,0.9938954,0.38882905,-0.91516876,-0.10619867,0.921206,0.38792494,0.029895753
1356024124121,-0.01400876,-0.038668633,0.9991539,0.40841496,-0.912317,-0.02958168,0.9126889,0.407655,0.028573215
1356024124158,-0.014020264,-0.019062415,0.99972,0.43083423,-0.90236205,-0.01116392,0.9023222,0.4305571,0.0208641
1356024124198,0.01608342,-0.04828967,0.99870396,0.45516485,-0.88898456,-0.050314575,0.890262,0.4553841,0.0076817833
1356024124238,0.078115165,-0.12500268,0.9890765,0.47608304,-0.8669975,-0.14717396,0.875924,0.48237908,-0.008213934
1356024124278,0.16449487,-0.23984411,0.9567739,0.48406836,-0.82551914,-0.29016536,0.8594296,0.5108747,-0.019692719
1356024124318,0.24034142,-0.3585631,0.9020358,0.48001245,-0.7637983,-0.43150926,0.84369665,0.5366979,-0.011457622
1356024124358,0.24657279,-0.43019906,0.86840695,0.49332985,-0.71556777,-0.4945588,0.8341628,0.5503558,0.035790473
1356024124398,0.098982394,-0.38094822,0.9192829,0.54669285,-0.7510936,-0.3701154,0.83146226,0.5392003,0.13391656
1356024124438,-0.21373081,-0.14913931,0.9654411,0.52234375,-0.8525836,-0.016068056,0.8255156,0.5008579,0.26012543
1356024124478,-0.46037894,0.1105921,0.8808067,0.35961163,-0.88391834,0.29894418,0.81162214,0.45437598,0.36716735
1356024124517,-0.5510669,0.23920478,0.79944134,0.23659806,-0.87392837,0.424583,0.8002167,0.42311987,0.4249975
1356024124557,-0.55761963,0.2518904,0.79095614,0.2181946,-0.87486476,0.43243814,0.80090666,0.41371834,0.43288064
1356024124597,-0.49909806,0.14948401,0.85355467,0.29867044,-0.89497685,0.33137953,0.81344765,0.42032242,0.40203476
1356024124637,-0.3413728,-0.09178129,0.93543625,0.43888667,-0.89562994,0.07228914,0.83116984,0.43522802,0.3460251
1356024124676,-0.086207926,-0.39798304,0.91333336,0.5236253,-0.7980152,-0.29830936,0.84757584,0.45252785,0.27718914
1356024124717,0.13899088,-0.59866667,0.78884715,0.49132562,-0.64993507,-0.5798135,0.85981435,0.4681696,0.20380515
1356024124757,0.25939608,-0.6673479,0.69811213,0.42355046,-0.57102114,-0.7032353,0.86793935,0.47810215,0.1345348
1356024124797,0.3033114,-0.661986,0.6854026,0.37868568,-0.576309,-0.72419953,0.87441367,0.47921014,0.07588354
1356024124837,0.29402536,-0.60415137,0.7406418,0.36786756,-0.6436708,-0.67108965,0.8821692,0.46977544,0.032992184
1356024124876,0.24320108,-0.4970797,0.83292556,0.37943473,-0.74152726,-0.55332327,0.8926828,0.4506097,0.008269072
1356024124917,0.16524869,-0.35375655,0.9206243,0.39127558,-0.83333856,-0.39044884,0.9053156,0.42473897,7.081926E-4
1356024124957,0.08539289,-0.20756224,0.97448754,0.38952717,-0.8932611,-0.224395,0.91704774,0.3987511,0.004573046
1356024124997,0.023827791,-0.0904154,0.995619,0.3796507,-0.920476,-0.092677444,0.924823,0.3801958,0.012393417
1356024125047,-0.0152285695,-0.011993811,0.9998121,0.37736976,-0.9260471,-0.0053610355,0.9259374,0.37721723,0.018628534
1356024125101,-0.032867014,0.026053116,0.9991202,0.38372272,-0.9227195,0.036683798,0.9228633,0.38459077,0.0203298
1356024125114,-0.03493905,0.033070505,0.9988421,0.3952212,-0.9175219,0.04420273,0.9179213,0.396308,0.018987123
1356024125157,-0.022005498,0.018152475,0.9995931,0.41639614,-0.90882087,0.025670767,0.908917,0.4167916,0.012440387
1356024125197,0.013088644,-0.031267032,0.99942535,0.4427783,-0.89599264,-0.033829838,0.8965356,0.44296664,0.0021170974
1356024125237,0.068820596,-0.1078507,0.99178225,0.4675502,-0.8747139,-0.12756388,0.88128346,0.47248697,-0.009772778
1356024125276,0.13520187,-0.19947928,0.97053003,0.48287505,-0.84206134,-0.24034227,0.8651891,0.50113946,-0.01752472
1356024125317,0.18340641,-0.28289983,0.9414509,0.48825374,-0.8050023,-0.33701584,0.8532118,0.52147776,-0.009515733
1356024125376,0.17412734,-0.33395785,0.92636484,0.4947878,-0.7836867,-0.3755264,0.8513898,0.52374345,0.028777063
1356024125397,0.07851112,-0.33456945,0.9390949,0.5054451,-0.79859084,-0.32676905,0.8592795,0.50031596,0.10640818
1356024125437,-0.08461106,-0.28469875,0.95487577,0.49333945,-0.8445776,-0.2080985,0.865712,0.45347044,0.21191365
1356024125474,-0.23937309,-0.21725212,0.9463097,0.44738555,-0.8896907,-0.09108551,0.8617115,0.40156186,0.31016353
1356024125517,-0.33043343,-0.17233524,0.9279625,0.40349415,-0.91460776,-0.026176915,0.8532328,0.36577767,0.37175316
1356024125557,-0.35275453,-0.16537529,0.920986,0.39092356,-0.92029226,-0.015519798,0.8501429,0.35456046,0.38928643
1356024125597,-0.31988633,-0.19185847,0.9278271,0.40871298,-0.91142327,-0.047554746,0.85476696,0.36400288,0.3699668
1356024125637,-0.247805,-0.23795275,0.93913317,0.43997705,-0.89127934,-0.109732956,0.8631413,0.3860047,0.32555723
1356024125676,-0.15360028,-0.2875554,0.94536704,0.46737498,-0.8640787,-0.18689203,0.8706134,0.41313422,0.26711893
1356024125717,-0.052570164,-0.32862616,0.9429959,0.48127425,-0.8357383,-0.2644177,0.8749924,0.43993914,0.20209414
1356024125757,0.03770387,-0.35101083,0.93561196,0.4799815,-0.81484,-0.32504374,0.87646794,0.4613319,0.13775614
1356024125797,0.103408635,-0.35047272,0.93084675,0.46893135,-0.80814856,-0.3563697,0.87716025,0.4733549,0.08077809
1356024125837,0.13549876,-0.32599595,0.9356104,0.45525995,-0.8182388,-0.35103253,0.87998784,0.4735104,0.037542492
1356024125877,0.13267297,-0.28046966,0.95064956,0.44173145,-0.84187686,-0.3100267,0.887283,0.46106398,0.012198031
1356024125917,0.10268164,-0.2206099,0.96994215,0.42639142,-0.87120575,-0.243292,0.8986917,0.43855664,0.004609287
1356024125957,0.06093949,-0.15795946,0.9855634,0.4075693,-0.89739424,-0.16902918,0.91113865,0.41198593,0.009692667
1356024125997,0.022429168,-0.10379343,0.9943459,0.38913065,-0.9152571,-0.104315355,0.9209094,0.3892702,0.019860802
1356024126037,-0.0037848353,-0.064769626,0.99789304,0.37857956,-0.92371696,-0.05851923,0.925561,0.37756044,0.028016567
1356024126077,-0.015133798,-0.04294303,0.9989629,0.3802868,-0.9242445,-0.033969894,0.9247447,0.37937832,0.030318053
1356024126116,-0.012242615,-0.03810312,0.99919885,0.39383632,-0.91868407,-0.030207366,0.91909903,0.393151,0.026253488
1356024126156,0.0026014447,-0.049780756,0.99875677,0.4140842,-0.90905577,-0.046388373,0.9102348,0.4136901,0.018248562
1356024126197,0.028893113,-0.07599595,0.9966894,0.43923083,-0.8947193,-0.08095379,0.89790946,0.44011575,0.007528603
1356024126237,0.068339825,-0.11844456,0.9906062,0.46697688,-0.8736432,-0.13667533,0.8816248,0.47193053,-0.0043937583
1356024126277,0.12128216,-0.17730913,0.9766535,0.4934326,-0.8429673,-0.2143138,0.8612867,0.5079051,-0.0147467535
1356024126317,0.1804344,-0.24871401,0.9516222,0.5134843,-0.80137616,-0.30680633,0.83891433,0.54400146,-0.01688507
1356024126357,0.22082245,-0.3204133,0.92118007,0.5273891,-0.75527364,-0.3891303,0.82042557,0.57174903,0.00220114
1356024126397,0.19960445,-0.37181622,0.90659297,0.5460221,-0.72604823,-0.41798794,0.8136449,0.57845205,0.058097392
1356024126438,0.081086874,-0.37741804,0.9224861,0.5686836,-0.7425797,-0.3538002,0.81854993,0.55329126,0.15441787
1356024126477,-0.10765821,-0.3255224,0.93938535,0.556654,-0.802619,-0.21433386,0.823739,0.49983785,0.26761192
1356024126517,-0.26731366,-0.2548616,0.9292949,0.50236684,-0.8598207,-0.09130126,0.8222962,0.44244087,0.3578758
1356024126557,-0.34026265,-0.21947318,0.9143593,0.45862997,-0.88761604,-0.04238297,0.82090193,0.40493125,0.40267956
1356024126597,-0.32748199,-0.2424061,0.9132332,0.4570289,-0.8865781,-0.07144199,0.8269705,0.393978,0.40112492
1356024126637,-0.24635315,-0.31554905,0.91637266,0.48453745,-0.858968,-0.16552134,0.839365,0.4032402,0.36450484
1356024126677,-0.11691415,-0.41408986,0.9026964,0.50916547,-0.80537975,-0.30350286,0.8526908,0.424138,0.30500054
1356024126717,0.027870536,-0.50358933,0.86349356,0.5053515,-0.7382123,-0.44683632,0.8624635,0.44882128,0.23391515
1356024126757,0.15378141,-0.5605438,0.8137211,0.47315788,-0.6811864,-0.5586652,0.86745197,0.47093087,0.16047186
1356024126797,0.24031883,-0.5794142,0.7787978,0.43174225,-0.65478003,-0.62037235,0.86939377,0.48532706,0.0928016
1356024126837,0.28252435,-0.5636759,0.77617615,0.4009008,-0.66570586,-0.62937593,0.8714691,0.48898372,0.03790006
1356024126877,0.282138,-0.5156409,0.80901957,0.38959712,-0.7090328,-0.58778113,0.8767054,0.48102707,8.471012E-4
1356024126917,0.24425739,-0.43681765,0.8657532,0.3932318,-0.77147603,-0.5001935,0.8864012,0.46261764,-0.01666814
1356024126957,0.18105823,-0.33564934,0.92442274,0.3987889,-0.8341582,-0.38098225,0.8989912,0.4376295,-0.01717797
1356024126997,0.112103164,-0.23106432,0.96645856,0.39764482,-0.8808904,-0.2567307,0.9106654,0.41308758,-0.0068690777
1356024127037,0.05440724,-0.14224324,0.9883353,0.3932235,-0.9067665,-0.15215036,0.9178317,0.39691475,0.0065987706
1356024127077,0.015215158,-0.07893227,0.9967638,0.39333814,-0.9160327,-0.07854341,0.9192679,0.3932603,0.017109605
1356024127116,-0.0048512816,-0.04313661,0.9990574,0.4019463,-0.91489303,-0.037550822,0.91565037,0.40138525,0.021776948
1356024127155,-0.0072925687,-0.03432381,0.9993843,0.41665515,-0.9086283,-0.028166458,0.90903544,0.41619313,0.02092731
1356024127197,0.0072047114,-0.04936728,0.9987547,0.43636715,-0.8985108,-0.04756014,0.8997398,0.4361664,0.015068803
1356024127236,0.039714694,-0.0886188,0.9952736,0.4588719,-0.88319725,-0.0969501,0.8876145,0.4605534,0.0055887103
1356024127277,0.08950955,-0.14921801,0.9847446,0.48143637,-0.8590498,-0.17393224,0.8718985,0.4896605,-0.005054174
1356024127317,0.14886683,-0.22459023,0.963015,0.4999174,-0.8231561,-0.26925224,0.8531831,0.52151066,-0.010264127
1356024127357,0.19359207,-0.29871285,0.9345013,0.51501864,-0.7797799,-0.3559479,0.8350316,0.55019426,0.0028835535
1356024127398,0.18132424,-0.34896943,0.9194247,0.53769326,-0.7476227,-0.38980275,0.8234121,0.5650492,0.05207637
1356024127447,0.048708856,-0.3406773,0.9389177,0.56804955,-0.7637553,-0.30659038,0.82155174,0.5482854,0.15631989
1356024127486,-0.12003839,-0.29569727,0.9477098,0.5641132,-0.805843,-0.17998162,0.8169254,0.51301086,0.26353884
1356024127527,-0.24520236,-0.24796742,0.93722355,0.5314944,-0.8428909,-0.0839563,0.81079566,0.47754276,0.33847213
1356024127567,-0.28710258,-0.23518805,0.9285788,0.5112111,-0.85742027,-0.059106424,0.81008345,0.45773023,0.3663984
1356024127607,-0.24971968,-0.2672801,0.9306994,0.5175694,-0.8491746,-0.10499653,0.81838983,0.45548186,0.3503917
1356024127647,-0.15822184,-0.32664278,0.9318102,0.53153145,-0.82347274,-0.19841114,0.8321299,0.46389344,0.30391228
1356024127687,-0.044296026,-0.38772154,0.9207115,0.53228843,-0.7890627,-0.30667403,0.8454033,0.4764997,0.24133211
1356024127727,0.06496692,-0.43261528,0.89923483,0.5152579,-0.7571726,-0.4014959,0.85456926,0.4894218,0.17371726
1356024127767,0.15116501,-0.45338023,0.87840503,0.48847878,-0.73827785,-0.46511737,0.8593821,0.4993917,0.10986489
1356024127807,0.20616907,-0.44996122,0.8689242,0.46247682,-0.7377533,-0.4917676,0.862328,0.5032446,0.05599469
1356024127847,0.22640043,-0.4241172,0.8768509,0.44394958,-0.7563511,-0.4804601,0.86697847,0.49805397,0.017048389
1356024127887,0.21176219,-0.37823075,0.90116495,0.43307227,-0.7902906,-0.43346182,0.87613076,0.4820604,-0.003552407
1356024127927,0.16886902,-0.3178509,0.93298125,0.42368126,-0.8312526,-0.35987967,0.8899311,0.45605922,-0.0057053566
1356024127967,0.1124627,-0.25332958,0.9608206,0.40998048,-0.8689822,-0.2771031,0.9051344,0.42508146,0.006132037
1356024128007,0.059520602,-0.19668922,0.9786576,0.3944864,-0.8959575,-0.20406039,0.91697204,0.3982129,0.024263233
1356024128047,0.020989597,-0.15604654,0.9875267,0.38584277,-0.9099585,-0.15199038,0.9223258,0.38422027,0.04110971
1356024128118,4.0870905E-4,-0.13451402,0.99091166,0.3899191,-0.9124588,-0.12402506,0.920849,0.3864261,0.052076608
1356024128131,-0.0020754337,-0.13345681,0.99105245,0.40320277,-0.9070359,-0.12129858,0.91510826,0.39934334,0.055692703
1356024128168,0.012608826,-0.15125982,0.98841363,0.42057776,-0.8959984,-0.14248239,0.9071689,0.41750133,0.05231902
1356024128208,0.046120405,-0.18617342,0.98143387,0.43939072,-0.8785513,-0.18730533,0.8971113,0.43987155,0.041283786
1356024128248,0.099463046,-0.23893757,0.9659275,0.4553175,-0.8522202,-0.257695,0.88475597,0.46543482,0.024028093
1356024128288,0.16764206,-0.30338556,0.938005,0.464257,-0.8150685,-0.34659624,0.86969054,0.4935795,0.004209072
1356024128328,0.23501104,-0.37021244,0.8987283,0.4655962,-0.7687663,-0.4384274,0.85322326,0.5214798,-0.008299053
1356024128385,0.27271152,-0.43019122,0.86056024,0.4681846,-0.7220715,-0.50932884,0.8404948,0.54180086,0.004491687
1356024128407,0.24948531,-0.47624713,0.843176,0.48852003,-0.6898976,-0.5342186,0.83612514,0.545188,0.06053695
1356024128447,0.1570999,-0.5032083,0.84976524,0.5267272,-0.68515635,-0.50310963,0.835391,0.52663296,0.15741545
1356024128484,0.0321638,-0.5080727,0.8607135,0.5583008,-0.70515037,-0.43710795,0.829015,0.49459603,0.26097697
1356024128527,-0.067133844,-0.499961,0.86344206,0.56953883,-0.7297526,-0.378268,0.8192183,0.46636915,0.3337383
1356024128567,-0.10863739,-0.49303737,0.86319864,0.5690778,-0.74282014,-0.35265923,0.81507564,0.45291525,0.36127478
1356024128607,-0.097034216,-0.49160677,0.8653942,0.56445926,-0.7433214,-0.35896936,0.81973785,0.45364746,0.34961963
1356024128647,-0.052874625,-0.49060562,0.869776,0.55562854,-0.73817176,-0.38259566,0.8297477,0.4630428,0.311625
1356024128687,0.005127132,-0.4846897,0.87467116,0.54157746,-0.7339528,-0.40988678,0.84063524,0.47580373,0.25873396
1356024128727,0.06395221,-0.47137156,0.8796129,0.5228987,-0.73490703,-0.4318431,0.8499924,0.48756576,0.19948074
1356024128767,0.11542022,-0.45080334,0.88512975,0.5010117,-0.74301386,-0.44375423,0.85770947,0.4946786,0.14009884
1356024128807,0.15213114,-0.4238772,0.8928517,0.4779699,-0.7591555,-0.44184586,0.8651017,0.49397478,0.0871093
1356024128847,0.16730034,-0.39183095,0.9046983,0.45559993,-0.7830487,-0.423395,0.8743221,0.4830146,0.047513902
1356024128887,0.15780872,-0.3562256,0.92097753,0.43405932,-0.81270385,-0.38872206,0.88695484,0.4611026,0.02637133
1356024128927,0.12788695,-0.31953508,0.9389048,0.41194528,-0.8440406,-0.3433607,0.90218955,0.43068877,0.02368918
1356024128967,0.08927536,-0.28557378,0.9541895,0.3895225,-0.87170315,-0.29733124,0.9166799,0.3982226,0.033415794
1356024129007,0.055847287,-0.25862202,0.9643629,0.37157503,-0.8911086,-0.26049504,0.92672175,0.37288114,0.046331435
1356024129047,0.036762774,-0.24168788,0.96965736,0.36423808,-0.9003242,-0.23821595,0.93057996,0.36194363,0.054933578
1356024129117,0.036093295,-0.23619895,0.9710341,0.3714962,-0.898864,-0.23245241,0.92773265,0.3691255,0.05530405
1356024129130,0.04862392,-0.24331254,0.96872836,0.38488257,-0.890413,-0.2429609,0.92168385,0.3846604,0.05035144
1356024129168,0.073122025,-0.2591225,0.9630725,0.40260118,-0.87581027,-0.26621172,0.91245025,0.40720007,0.04028201
1356024129208,0.11104423,-0.28503713,0.95206255,0.42224362,-0.85369,-0.30483404,0.8996553,0.43585238,0.025557697
1356024129248,0.16249764,-0.32115534,0.93298113,0.44047484,-0.8224942,-0.3598406,0.88293624,0.46942797,0.0078074336
1356024129289,0.22404045,-0.36466166,0.90378517,0.4551455,-0.7808654,-0.42789227,0.86177045,0.50721896,-0.008971304
1356024129328,0.2816431,-0.41162783,0.8667408,0.46627724,-0.7307653,-0.49856558,0.83860755,0.5445591,-0.013882279
1356024129368,0.3073789,-0.45562685,0.8354175,0.4829967,-0.6817238,-0.54951525,0.8198978,0.5724133,0.01051873
1356024129408,0.27019715,-0.48934892,0.82917494,0.5189652,-0.6513704,-0.5535265,0.8109676,0.5798743,0.07795668
1356024129447,0.15834552,-0.5010806,0.8507908,0.56794447,-0.6586277,-0.49360785,0.80769163,0.56136256,0.1802952
1356024129486,0.011505783,-0.48358968,0.87521917,0.59748185,-0.6985187,-0.393811,0.80179983,0.52745867,0.28089905
1356024129527,-0.09755701,-0.45501494,0.8851237,0.5980929,-0.7376564,-0.31328562,0.7954668,0.49882302,0.34410477
1356024129567,-0.13050592,-0.4425581,0.88719255,0.5909216,-0.7532554,-0.28882182,0.79610294,0.48656827,0.35982138
1356024129607,-0.09548992,-0.4539227,0.88590956,0.5848288,-0.7457643,-0.31907785,0.8055165,0.4876367,0.33668017
1356024129647,-0.020916283,-0.47821638,0.8779929,0.5723924,-0.7257451,-0.3816555,0.81971306,0.49457365,0.28890735
1356024129687,0.06554079,-0.5018507,0.8624675,0.5475569,-0.7044846,-0.45153397,0.83419776,0.5018439,0.22861934
1356024129727,0.14482635,-0.51651037,0.8439445,0.5121603,-0.6906506,-0.5105816,0.84659153,0.5061805,0.16451174
1356024129767,0.2059598,-0.51888055,0.8296647,0.4729484,-0.6894602,-0.54860216,0.8566798,0.50537854,0.103402674
1356024129807,0.24263412,-0.5082061,0.8263505,0.43692914,-0.70327187,-0.5608045,0.8661533,0.49712697,0.051412314
1356024129847,0.25133556,-0.48431647,0.8380143,0.40844643,-0.73186874,-0.54547185,0.8774975,0.47938043,0.013872713
1356024129887,0.23291773,-0.44789362,0.86321527,0.38722754,-0.7715146,-0.5047971,0.8920786,0.4518369,-0.00626269
1356024129927,0.19492847,-0.40205517,0.89462537,0.3699285,-0.8146218,-0.44670373,0.9083809,0.4180227,-0.010061324
1356024129967,0.15111446,-0.35379583,0.9230346,0.35555893,-0.85180944,-0.38470575,0.9223569,0.38632783,-0.0029254556
1356024130007,0.11501545,-0.31163278,0.943216,0.34840873,-0.8765433,-0.33208936,0.9302595,0.3668201,0.0077595115
1356024130047,0.09372413,-0.28169134,0.9549166,0.3525757,-0.88759017,-0.29643562,0.93107796,0.36446354,0.016128898
1356024130118,0.09081346,-0.2676585,0.9592246,0.3710442,-0.8847585,-0.28200796,0.92416394,0.38152483,0.018965214
1356024130129,0.099307775,-0.27063477,0.95754623,0.3890388,-0.87514645,-0.28769332,0.915853,0.40109283,0.018378645
1356024130165,0.120259404,-0.28506184,0.950935,0.40814632,-0.8589902,-0.30911553,0.9049609,0.4252947,0.013045311
1356024130208,0.15762848,-0.31663638,0.93535805,0.42536396,-0.83304954,-0.3536862,0.8911896,0.4536186,0.0033734143
1356024130247,0.21230286,-0.36443132,0.90670687,0.43744826,-0.794255,-0.421661,0.873823,0.4861572,-0.009202778
1356024130287,0.27882206,-0.4234281,0.8619552,0.44135436,-0.7406473,-0.50660425,0.85291535,0.5216802,-0.019626975
1356024130327,0.3381276,-0.48362663,0.80732584,0.44072762,-0.6765932,-0.589899,0.831522,0.5552719,-0.015627235
1356024130367,0.35912365,-0.5342546,0.7652465,0.4524776,-0.6174673,-0.6434269,0.81626844,0.5773268,0.01999113
1356024130407,0.30921566,-0.56488484,0.76504296,0.49702623,-0.5898577,-0.63642174,0.8107715,0.577038,0.09836945
1356024130447,0.1719895,-0.55996937,0.8104652,0.5618635,-0.6200184,-0.5476188,0.8091532,0.5495555,0.20798981
1356024130487,-0.0068858266,-0.51318985,0.85824746,0.5949866,-0.691914,-0.40895694,0.8037061,0.5078297,0.31010556
1356024130527,-0.1372596,-0.45985478,0.8773217,0.5866199,-0.75141466,-0.30208126,0.7981459,0.4731908,0.37289885
1356024130567,-0.17500412,-0.4436305,0.87895703,0.5737568,-0.7714338,-0.27512354,0.80011034,0.45615983,0.38954017
1356024130607,-0.13364053,-0.4700972,0.87243843,0.5698734,-0.7566826,-0.32043085,0.81079257,0.45435694,0.3690193
1356024130647,-0.042806387,-0.5196547,0.8533033,0.5619945,-0.71867454,-0.40947413,0.8260325,0.46202368,0.32280695
1356024130687,0.06112373,-0.5657268,0.82232416,0.5385732,-0.6749454,-0.5043684,0.84035873,0.47371066,0.26343018
1356024130727,0.15445065,-0.5952377,0.78856647,0.5016386,-0.64036816,-0.5816246,0.8511778,0.48540768,0.19968897
1356024130767,0.22620475,-0.6053239,0.76316077,0.4598831,-0.6242878,-0.63148427,0.8586845,0.49380946,0.13716131
1356024130806,0.269821,-0.5949011,0.75715876,0.42433783,-0.6323915,-0.6480883,0.86436915,0.4961589,0.08180654
1356024130847,0.28336543,-0.56416374,0.77551484,0.40198544,-0.6643164,-0.6301518,0.87069607,0.49030894,0.038541377
1356024130886,0.2655909,-0.5104516,0.81786346,0.39476675,-0.7163703,-0.5753024,0.87955713,0.47566038,0.0112478435
1356024130927,0.21948463,-0.43455753,0.87349087,0.39583483,-0.7786542,-0.48683932,0.891707,0.45261183,0.0011103451
1356024130967,0.15780056,-0.34495986,0.9252576,0.39481246,-0.83680457,-0.37931666,0.90510887,0.4251596,0.004146278
1356024131007,0.099963605,-0.25975466,0.96048677,0.38820255,-0.87863696,-0.2780217,0.9161365,0.40065545,0.013005644
1356024131047,0.058905065,-0.1935069,0.97932905,0.3830937,-0.90153575,-0.20117807,0.9218294,0.38702518,0.021026194
1356024131118,0.039241612,-0.15258777,0.98751056,0.38965136,-0.9076988,-0.1557394,0.9201261,0.3908963,0.023836464
1356024131131,0.035580456,-0.13760996,0.98984724,0.40037555,-0.9055497,-0.14028245,0.9156601,0.40130192,0.022875786
1356024131168,0.04618734,-0.14163963,0.9888403,0.41592544,-0.8972827,-0.14795238,0.9082251,0.41811734,0.017468363
1356024131208,0.074365675,-0.1686499,0.9828667,0.43433595,-0.8817246,-0.18415771,0.89767593,0.44058937,0.007680623
1356024131248,0.12273061,-0.22040135,0.9676572,0.45197546,-0.85563296,-0.25221112,0.88354707,0.46831134,-0.005396396
1356024131288,0.19033939,-0.2946545,0.9364559,0.4636309,-0.81383705,-0.35030794,0.8653423,0.5008473,-0.018294305
1356024131328,0.26451468,-0.3823193,0.88536096,0.46517184,-0.7536188,-0.46440703,0.8447764,0.53468746,-0.021499068
1356024131385,0.31374836,-0.46430227,0.8282423,0.4661601,-0.68460417,-0.5603677,0.82719815,0.561908,0.0016457736
1356024131407,0.30001038,-0.5213115,0.7988918,0.4908055,-0.633765,-0.59787285,0.81798756,0.5714686,0.06572646
1356024131448,0.19597447,-0.53491294,0.821865,0.5460428,-0.63662875,-0.54455584,0.8145129,0.5554926,0.1673224
1356024131484,0.032278776,-0.49930447,0.8658252,0.5885578,-0.6906566,-0.42023012,0.80781054,0.5231526,0.27157587
1356024131527,-0.10615325,-0.446733,0.8883473,0.59217477,-0.74608976,-0.30443227,0.7987868,0.49374044,0.34374395
1356024131567,-0.14998579,-0.43675962,0.8869867,0.5877694,-0.7607757,-0.2752229,0.79500407,0.48006403,0.37081942
1356024131606,-0.08809602,-0.4943209,0.8648039,0.59369874,-0.72318065,-0.3528902,0.79985046,0.4823448,0.35718706
1356024131647,0.043979764,-0.586999,0.8083921,0.58377737,-0.64155114,-0.49761027,0.8107217,0.49380583,0.31446156
1356024131687,0.17857945,-0.6597377,0.7299695,0.53886163,-0.55516434,-0.6335777,0.82324815,0.50649655,0.25636637
1356024131727,0.27573746,-0.6949235,0.6641161,0.47626457,-0.50136256,-0.72236264,0.8349497,0.5154774,0.19272298
1356024131767,0.33146852,-0.699988,0.63257045,0.41973376,-0.4910599,-0.76333725,0.84495693,0.51853347,0.13103768
1356024131807,0.3524232,-0.6821151,0.640716,0.38331997,-0.51935995,-0.7637613,0.85373515,0.51476645,0.07843375
1356024131847,0.34063417,-0.64096946,0.68784195,0.37221187,-0.57988775,-0.72469896,0.86338097,0.50288016,0.0410468
1356024131887,0.2948712,-0.5702415,0.7667305,0.38233632,-0.66496336,-0.64159393,0.87571114,0.4823365,0.021945387
1356024131927,0.22224009,-0.47099593,0.8536815,0.3970178,-0.7559824,-0.5204493,0.89049774,0.45459145,0.018984199
1356024131967,0.14399558,-0.36144903,0.92120564,0.40074524,-0.82985896,-0.38824907,0.90480304,0.42507496,0.025352955
1356024132006,0.08380717,-0.2687991,0.9595434,0.39428625,-0.8754004,-0.2796652,0.91515833,0.4017727,0.03261891
1356024132047,0.05183673,-0.20932731,0.9764707,0.38872603,-0.8964404,-0.21280691,0.9198941,0.39061078,0.034902424
1356024132118,0.05073917,-0.1894011,0.980588,0.39379346,-0.89851004,-0.19392402,0.9177975,0.3959887,0.028995216
1356024132131,0.07073146,-0.20927495,0.9752954,0.4018218,-0.88892657,-0.21988364,0.9129821,0.40744764,0.021216154
1356024132168,0.107827246,-0.25363988,0.96127003,0.4133678,-0.86792505,-0.2753781,0.9041572,0.4270513,0.0112606585
1356024132208,0.17081589,-0.3338228,0.92702985,0.4215235,-0.82565266,-0.3749875,0.890584,0.4548187,-3.2043457E-4
1356024132250,0.26427895,-0.44911367,0.8534949,0.41302496,-0.746998,-0.5209648,0.87153137,0.49019474,-0.011920691
1356024132288,0.3771106,-0.57844293,0.7233197,0.37309685,-0.6199298,-0.69027954,0.8476947,0.53018004,-0.017966866
1356024132328,0.47485837,-0.6825546,0.5555438,0.31110862,-0.46030334,-0.83146405,0.82323813,0.5676621,-0.0062303506
1356024132368,0.5254607,-0.7448111,0.4112754,0.27234262,-0.31071398,-0.9106516,0.80605245,0.5905195,0.039575815
1356024132411,0.5201609,-0.7833945,0.34018463,0.29878885,-0.20622519,-0.93177056,0.8000986,0.58631396,0.12679929
1356024132438,0.48354244,-0.81477046,0.31989962,0.36542475,-0.14419138,-0.919605,0.7953939,0.5615673,0.22801471
1356024132478,0.3935688,-0.8419461,0.36909378,0.4662933,-0.1631813,-0.86944944,0.79225886,0.5142941,0.32837084
1356024132518,0.29470116,-0.8559859,0.42478156,0.5366626,-0.21954703,-0.8147346,0.79066086,0.46806753,0.3946748
1356024132557,0.2460959,-0.8639353,0.43937773,0.5518424,-0.24777931,-0.79628855,0.79681045,0.4384306,0.41577858
1356024132597,0.25207,-0.87117195,0.42133135,0.5261185,-0.24204898,-0.81523716,0.8121945,0.42716706,0.3973264
1356024132637,0.2824868,-0.87283903,0.39793622,0.47786218,-0.23165464,-0.8473393,0.8317746,0.42952085,0.3516574
1356024132678,0.31797987,-0.8669101,0.3838694,0.41996968,-0.23420405,-0.87679756,0.85000837,0.44001746,0.28960377
1356024132717,0.34786093,-0.8536377,0.38767934,0.3647363,-0.2577123,-0.8947355,0.8636898,0.4526443,0.22170469
1356024132757,0.36860114,-0.83359915,0.41139475,0.31994373,-0.3017534,-0.89809847,0.8727939,0.4626633,0.15547818
1356024132797,0.3768131,-0.8055749,0.45723182,0.29178408,-0.36525834,-0.8839957,0.87913245,0.46651417,0.097419806
1356024132837,0.367862,-0.76622427,0.52685654,0.2837083,-0.447088,-0.8483053,0.88554335,0.4615329,0.05291751
1356024132877,0.33689755,-0.7096824,0.6187495,0.2943018,-0.54486454,-0.7851809,0.89436376,0.44662464,0.02529725
1356024132917,0.28399193,-0.6313219,0.72165173,0.31466657,-0.64959,-0.6921111,0.9057227,0.42363364,0.014177561
1356024132957,0.21973193,-0.53564286,0.81535554,0.33311355,-0.74435294,-0.5787696,0.916926,0.39878017,0.0148717165
1356024132997,0.16166991,-0.4385807,0.8840304,0.34601438,-0.8137516,-0.46699283,0.92419523,0.3813859,0.02019614
1356024133037,0.12129921,-0.3561962,0.9265046,0.35900864,-0.85446525,-0.37550244,0.9254185,0.3781713,0.024231493
1356024133077,0.09983641,-0.29592863,0.94997835,0.3768321,-0.8723834,-0.31135952,0.92088556,0.38906735,0.024419785
1356024133116,0.095257044,-0.25933826,0.96107733,0.39977437,-0.8742233,-0.27552497,0.9116504,0.41045982,0.020400912
1356024133157,0.10522777,-0.24557187,0.9636501,0.4245051,-0.8652116,-0.266841,0.89928997,0.43715346,0.01320228
1356024133197,0.13047397,-0.25233528,0.9588032,0.4501672,-0.8465594,-0.28405404,0.8833606,0.46868342,0.0031391094
1356024133237,0.17052233,-0.27768618,0.9454166,0.4744445,-0.8177863,-0.32577312,0.8636114,0.5040993,-0.0077041993
1356024133277,0.21610653,-0.31454608,0.9243153,0.49570373,-0.78025496,-0.38141847,0.84117526,0.54061353,-0.012696533
1356024133316,0.2419483,-0.3507473,0.9046753,0.5164917,-0.7427488,-0.4260992,0.8213996,0.57035124,0.0014512544
1356024133357,0.20483726,-0.36718047,0.9073148,0.5469848,-0.7257755,-0.41720194,0.81169534,0.5817459,0.052176327
1356024133404,0.053961933,-0.3357779,0.9403942,0.5781373,-0.75735486,-0.30359653,0.81415313,0.56005955,0.15325743
1356024133438,-0.13676399,-0.26545015,0.95437515,0.5658219,-0.8117326,-0.14469203,0.81310594,0.52021766,0.2612133
1356024133478,-0.29385346,-0.18484409,0.9378074,0.5112092,-0.8594069,-0.009208381,0.8076603,0.47670984,0.34703383
1356024133516,-0.37412417,-0.1267796,0.91867197,0.46144718,-0.8847222,0.065827414,0.8044238,0.44854617,0.38949797
1356024133557,-0.38310474,-0.102462545,0.9180046,0.44422102,-0.891795,0.08584659,0.80987567,0.4406851,0.38716674
1356024133597,-0.34276253,-0.10321163,0.933735,0.45352376,-0.8886264,0.068257466,0.8226967,0.44686717,0.35139692
1356024133637,-0.272655,-0.11729853,0.95493466,0.4734708,-0.8803942,0.027043983,0.83754677,0.4595074,0.29558134
1356024133677,-0.18825799,-0.13475855,0.9728304,0.49172002,-0.87038255,-0.025411725,0.85015905,0.47357625,0.23011988
1356024133716,-0.10608411,-0.14541419,0.9836671,0.5014511,-0.8620704,-0.07335946,0.85865766,0.4854786,0.16437
1356024133757,-0.03636843,-0.14491904,0.9887749,0.5023127,-0.8580056,-0.107277215,0.8639209,0.4927727,0.10399899
1356024133797,0.010269761,-0.12835635,0.99167496,0.49596822,-0.86048853,-0.11651264,0.86828,0.4930358,0.054823544
1356024133837,0.028600216,-0.09545331,0.995023,0.4838308,-0.86973137,-0.09734087,0.8746941,0.48420674,0.02130869
1356024133877,0.020762026,-0.050549537,0.9985057,0.4652218,-0.88352084,-0.0544018,0.88495064,0.4656561,0.005173117
1356024133916,-0.003401935,-0.0025690943,0.99999094,0.4399606,-0.8980168,-8.1036985E-4,0.89801073,0.4399538,0.0041852333
1356024133957,-0.032122135,0.039331704,0.99870974,0.41241026,-0.9096745,0.04908991,0.9104317,0.41345504,0.013000008
1356024133997,-0.055799365,0.068994015,0.9960554,0.3921519,-0.91592675,0.08541219,0.91820663,0.3953709,0.024051938
1356024134037,-0.070461154,0.084354475,0.9939414,0.3861407,-0.9164272,0.10514973,0.91974485,0.3912102,0.031999882
1356024134076,-0.07527232,0.08551417,0.9934895,0.39441532,-0.912513,0.108427286,0.9158442,0.4000091,0.03495887
1356024134118,-0.069643795,0.072990954,0.99489796,0.41348442,-0.90550196,0.0953767,0.9078437,0.41801724,0.032882035
1356024134158,-0.051974773,0.046282962,0.99757534,0.43953228,-0.89591044,0.06446627,0.8967218,0.4418172,0.026221842
1356024134198,-0.02013874,0.00441882,0.9997874,0.46949536,-0.8828338,0.01335898,0.88270515,0.46966457,0.015704602
1356024134238,0.027393818,-0.053495914,0.9981923,0.50048006,-0.86366504,-0.060021117,0.8653146,0.5012196,0.0031144954
1356024134278,0.08655065,-0.12693143,0.9881282,0.52770716,-0.8354345,-0.15353908,0.8450054,0.53473127,-0.005324725
