1356023515129,-0.90790486,-0.21552709,0.35952312,0.36400697,0.019942105,0.93118274,-0.20786475,0.9762943,0.060347736
1356023515169,-0.023229778,-0.0666382,0.99750674,0.977883,0.20593768,0.036530435,-0.20785856,0.9762935,0.06038046
1356023515211,-0.023443341,-0.06691876,0.99748296,0.9778867,0.20587349,0.036794335,-0.2078175,0.97628784,0.06061256
1356023515248,-0.023911446,-0.06763002,0.9974239,0.9778948,0.20572695,0.037392467,-0.20772585,0.9762697,0.061215818
1356023515291,-0.02491635,-0.06912246,0.9972969,0.97790086,0.20546144,0.0386723,-0.20757923,0.9762211,0.062475562
1356023515329,-0.026753128,-0.071695805,0.9970677,0.9778892,0.20506835,0.040984333,-0.20740545,0.97611815,0.06462437
1356023515370,-0.029592872,-0.075460434,0.9967096,0.9778428,0.20455194,0.044519275,-0.20723832,0.97594273,0.067735195
1356023515412,-0.033412933,-0.08039844,0.9962026,0.9777492,0.20391345,0.04925087,-0.20709881,0.975682,0.07179618
1356023515450,-0.03767103,-0.08598584,0.9955839,0.9776179,0.20319587,0.054540664,-0.20698822,0.97535527,0.07640672
1356023515490,-0.042056084,-0.091894716,0.9948802,0.977461,0.20240563,0.0600155,-0.20688441,0.97498065,0.08131117
1356023515530,-0.046194732,-0.09756678,0.99415636,0.9772988,0.20158571,0.065195054,-0.2067686,0.97459936,0.08603966
1356023515571,-0.05013579,-0.102752805,0.9934426,0.9771335,0.20074695,0.0700762,-0.20663112,0.97423935,0.09033859
1356023515611,-0.05385804,-0.10705736,0.992793,0.9769689,0.19993198,0.07455921,-0.20647317,0.9739435,0.09382379
1356023515650,-0.057350963,-0.11027068,0.99224555,0.9768124,0.19915047,0.07859105,-0.20627248,0.97374505,0.09629226
1356023515692,-0.060333133,-0.11216694,0.991856,0.9766905,0.19843394,0.081851155,-0.20599887,0.9736748,0.097580254
1356023515729,-0.06234935,-0.11258966,0.9916835,0.97663254,0.19787607,0.08386871,-0.20567319,0.9737395,0.09762132
1356023515774,-0.062589526,-0.111169726,0.99182856,0.97669005,0.19762754,0.083785415,-0.20532703,0.9739531,0.09620893
1356023515811,-0.0613921,-0.10889137,0.99215615,0.97681904,0.19768098,0.082139015,-0.20507467,0.97419965,0.09423107
1356023515850,-0.058829606,-0.10602394,0.9926219,0.97698665,0.19810694,0.07906309,-0.20502794,0.9744295,0.09192932
1356023515889,-0.054881424,-0.10318601,0.9931468,0.9771905,0.19880936,0.07465565,-0.20515025,0.9745909,0.089921534
1356023515931,-0.050004542,-0.10063082,0.9936664,0.97742075,0.19958073,0.069399,-0.20530033,0.97470045,0.08837867
1356023515972,-0.043836832,-0.09821728,0.99419904,0.977723,0.20025516,0.06289369,-0.20527077,0.9748083,0.08725071
1356023516010,-0.037125647,-0.096006274,0.99468815,0.9780587,0.20069653,0.055875987,-0.20499492,0.9749378,0.08644879
1356023516087,-0.030253917,-0.094017565,0.9951107,0.9783675,0.20105055,0.04874009,-0.20464998,0.9750586,0.0859012
1356023516091,-0.023951113,-0.092251986,0.99544764,0.9785503,0.20163292,0.042230606,-0.20461094,0.9751071,0.085443854
1356023516127,-0.019438118,-0.09078801,0.9956806,0.97853684,0.20261666,0.037578344,-0.20515314,0.97504056,0.084900916
1356023516172,-0.018218994,-0.08991492,0.99578285,0.9783108,0.20393449,0.036313713,-0.20633963,0.97484666,0.0842492
1356023516211,-0.02209574,-0.09021324,0.99567735,0.97787803,0.20525736,0.040298074,-0.20800546,0.9745414,0.0836823
1356023516249,-0.03310725,-0.0924325,0.99516845,0.9772184,0.20586047,0.051630706,-0.20963821,0.9742062,0.08351129
1356023516291,-0.04989013,-0.096654505,0.99406683,0.9762174,0.20552757,0.06897807,-0.21097517,0.9738667,0.084102035
1356023516330,-0.07286495,-0.102870554,0.9920223,0.9745803,0.2039457,0.09273261,-0.21185812,0.9735624,0.0853951
1356023516372,-0.098275244,-0.11012411,0.9890474,0.97224677,0.20141411,0.119032025,-0.2123164,0.97329605,0.08727378
1356023516409,-0.12410939,-0.11739421,0.98529965,0.9692327,0.19837677,0.14572132,-0.21256739,0.97307,0.08916187
1356023516449,-0.14721406,-0.12362638,0.9813484,0.96595955,0.19540858,0.16952232,-0.21272135,0.97289884,0.090651155
1356023516488,-0.16646624,-0.12829006,0.9776659,0.9628483,0.19265854,0.1892241,-0.21263131,0.9728434,0.09145272
1356023516533,-0.16638446,-0.12819079,0.97769284,0.963022,0.1919545,0.18905601,-0.21190774,0.97299564,0.09151232
1356023516569,-0.18403304,-0.13087857,0.9741677,0.96015215,0.18814492,0.20666239,-0.2103324,0.9733819,0.091038465
1356023516610,-0.19431335,-0.13151312,0.9720837,0.95865583,0.18456417,0.2165989,-0.20789745,0.97398174,0.090212464
1356023516648,-0.19798791,-0.1304264,0.9714884,0.9585599,0.18136668,0.21970233,-0.20485061,0.9747282,0.089113116
1356023516689,-0.1961196,-0.12792385,0.9721999,0.95964086,0.17875654,0.2171072,-0.20156029,0.9755417,0.08770335
1356023516732,-0.18989652,-0.12418291,0.9739188,0.9615773,0.17679173,0.21003261,-0.1982632,0.97638273,0.08583939
1356023516770,-0.18031687,-0.11968976,0.97629917,0.96400434,0.17567635,0.19958323,-0.19540069,0.9771449,0.083704054
1356023516811,-0.16919154,-0.11505112,0.97884494,0.9664252,0.17550272,0.18767297,-0.19338197,0.97773314,0.08149469
1356023516849,-0.15725732,-0.11106318,0.98129255,0.96860653,0.17638218,0.17518738,-0.1925394,0.9780359,0.07983911
1356023516891,-0.14634132,-0.10862911,0.9832517,0.9701854,0.17835617,0.16410139,-0.19319513,0.9779513,0.079289556
1356023516930,-0.13661963,-0.10793504,0.98472595,0.971172,0.18142772,0.15462527,-0.19534615,0.977463,0.08003682
1356023516970,-0.12855548,-0.10914561,0.98567784,0.9714501,0.18598187,0.14729384,-0.1993947,0.97647226,0.08212048
1356023517010,-0.122018516,-0.11224726,0.9861603,0.97090065,0.19278723,0.14207399,-0.20606652,0.9747993,0.085457325
1356023517090,-0.11679089,-0.11709654,0.9862293,0.96940184,0.20244747,0.13883504,-0.21591672,0.97226715,0.08986956
1356023517092,-0.1130732,-0.12392634,0.98582786,0.9666566,0.21571568,0.13799149,-0.22975928,0.9685603,0.0954026
1356023517126,-0.10958207,-0.13172677,0.98521054,0.963058,0.23122674,0.13803414,-0.24598983,0.963941,0.10152227
1356023517169,-0.10652298,-0.14069763,0.9843054,0.95854664,0.248582,0.13926783,-0.26427528,0.9583378,0.1083855
1356023517210,-0.10189667,-0.1495108,0.9834957,0.95375556,0.26635352,0.1393064,-0.28278542,0.95220923,0.115456164
1356023517251,-0.0952667,-0.15748736,0.9829149,0.9487635,0.2844838,0.13753805,-0.3012838,0.94565666,0.12231648
1356023517293,-0.08308542,-0.16154137,0.98336226,0.9445621,0.3017673,0.12937975,-0.3176468,0.9395962,0.12751335
1356023517329,-0.064434946,-0.15923756,0.9851353,0.94157475,0.31732547,0.11287838,-0.330583,0.9348518,0.12948722
1356023517369,-0.03676951,-0.14742458,0.98838955,0.93991077,0.3308457,0.08431381,-0.33943433,0.9320982,0.12640095
1356023517428,0.0012618303,-0.12384057,0.99230134,0.9385942,0.34251183,0.041552395,-0.3450209,0.9313159,0.116668165
1356023517447,0.049398065,-0.08808085,0.9948877,0.9356811,0.35251707,-0.015248805,-0.34937176,0.931651,0.09982926
1356023517489,0.10541889,-0.042550027,0.99351716,0.9292268,0.36002633,-0.08317816,-0.35415307,0.9319713,0.07749224
1356023517524,0.1646294,0.006988734,0.98633075,0.9186771,0.36293918,-0.15590894,-0.35906768,0.93178666,0.053330064
1356023517566,0.22073497,0.05285555,0.9739007,0.9054147,0.36014974,-0.22475871,-0.3626298,0.931396,0.031641483
1356023517608,0.2672789,0.08655548,0.95972395,0.8923994,0.35354072,-0.2804144,-0.36357296,0.93140596,0.017251909
1356023517649,0.29913157,0.10284209,0.9486537,0.88315636,0.346618,-0.31605518,-0.36132422,0.9323516,0.012858748
1356023517690,0.31236857,0.10007119,0.94467545,0.8811158,0.3411523,-0.32749066,-0.35505056,0.93466616,0.018390954
1356023517740,0.30042833,0.07537344,0.95082164,0.8903848,0.3352707,-0.30790985,-0.34199086,0.93910193,0.033613443
1356023517780,0.25846726,0.037632912,0.96528673,0.9095135,0.32726085,-0.25629196,-0.32554558,0.9441843,0.050358593
1356023517819,0.19252715,-0.0067509115,0.9812684,0.9325681,0.31244227,-0.18082249,-0.305369,0.9499128,0.066449285
1356023517859,0.101236224,-0.052538246,0.99347425,0.95403004,0.28828347,-0.08197144,-0.28209558,0.9561027,0.079307795
1356023517904,-0.0051884353,-0.0877828,0.9961261,0.9667954,0.25407574,0.027425885,-0.25549895,0.96319246,0.0835498
1356023517939,-0.12155798,-0.10407886,0.9871125,0.9658084,0.21702966,0.1418176,-0.22899291,0.9706007,0.07413852
1356023517981,-0.20364642,-0.07420352,0.9762284,0.9576013,0.19245034,0.21438894,-0.20378393,0.97849715,0.031865537
1356023518020,-0.25838923,0.0018021464,0.9660393,0.9487631,0.18875629,0.25341615,-0.18188933,0.9820223,-0.050482452
1356023518089,-0.26876405,0.12908986,0.95451653,0.9488889,0.20571199,0.2393587,-0.16545677,0.97006106,-0.17777997
1356023518099,-0.24847245,0.2796418,0.9273952,0.9559447,0.2252875,0.1881895,-0.15630493,0.93329847,-0.32329983
1356023518138,-0.23714697,0.3963522,0.886942,0.95921254,0.24012834,0.14916304,-0.15385878,0.8861395,-0.4371317
1356023518179,-0.25753683,0.4544533,0.8527291,0.9530906,0.2647221,0.14676657,-0.15903762,0.85052586,-0.5013109
1356023518220,-0.31959224,0.45131224,0.83317345,0.9318734,0.30900735,0.1900694,-0.1716761,0.8371569,-0.5193222
1356023518260,-0.41585636,0.3902405,0.8214475,0.8887959,0.36571652,0.27621242,-0.19262767,0.8449638,-0.49892968
1356023518301,-0.5194572,0.28845266,0.8043378,0.8259388,0.4108114,0.38608187,-0.21906477,0.8648868,-0.4516431
1356023518340,-0.61009383,0.16299385,0.77538276,0.7524765,0.42565006,0.5025943,-0.24812189,0.89008707,-0.38233548
1356023518380,-0.6686214,0.0462479,0.7421634,0.6909321,0.4075811,0.59706825,-0.27487862,0.91199714,-0.3044716
1356023518420,-0.7016918,-0.05670002,0.71022093,0.6466321,0.36787045,0.66823524,-0.29915833,0.9281468,-0.22146767
1356023518460,-0.7115229,-0.1377887,0.6890207,0.62580836,0.32164663,0.7105683,-0.31952947,0.9367806,-0.14262962
1356023518502,-0.7063227,-0.20038864,0.67893493,0.6232251,0.27880615,0.73065567,-0.33570635,0.9392079,-0.07203984
1356023518541,-0.6874235,-0.24473368,0.6837794,0.6373478,0.24810153,0.72954327,-0.3481905,0.9373105,-0.014570355
1356023518580,-0.653741,-0.27105582,0.7065066,0.66621053,0.23661298,0.70723253,-0.35886815,0.933029,0.025896609
1356023518619,-0.605492,-0.2801724,0.74490464,0.70441896,0.2469145,0.66545254,-0.37036923,0.9276511,0.047853947
1356023518660,-0.53434074,-0.26879144,0.8013932,0.75368965,0.27770525,0.5956775,-0.38266414,0.9222965,0.05419618
1356023518699,-0.43229222,-0.23261881,0.87121296,0.81164896,0.32056314,0.48832905,-0.39287332,0.9182199,0.05022782
1356023518740,-0.29491988,-0.17113853,0.9400711,0.86912537,0.36076024,0.3383386,-0.397043,0.91682255,0.042345583
1356023518780,-0.13696644,-0.097284526,0.985787,0.90925133,0.38254198,0.1640844,-0.39306778,0.91880214,0.03606063
1356023518819,0.0068867207,-0.034167856,0.9993924,0.9238292,0.38274598,0.0067195892,-0.38274303,0.9232215,0.034201145
1356023518861,0.105582505,0.0017110705,0.994409,0.92398363,0.36946508,-0.0987407,-0.3675683,0.92924297,0.03742808
1356023518900,0.14748257,0.009017199,0.98902357,0.9248074,0.35329056,-0.14112774,-0.35068533,0.9354702,0.04376501
1356023518939,0.13635454,-0.007141322,0.9906344,0.933529,0.33560184,-0.12607506,-0.3315584,0.9419769,0.05242747
1356023518979,0.071955085,-0.041437358,0.99654675,0.9481139,0.3130597,-0.055440664,-0.3096813,0.94882905,0.061813593
1356023519021,-0.031828374,-0.08081642,0.9962207,0.95817673,0.28114715,0.053420365,-0.28440186,0.95625573,0.068488
1356023519086,-0.14843589,-0.10492355,0.98334014,0.955255,0.24203432,0.17002171,-0.25584134,0.96457785,0.06430215
1356023519096,-0.24414605,-0.089898646,0.9655625,0.9431786,0.2094233,0.25798455,-0.22540373,0.97368383,0.03366059
1356023519137,-0.30082375,-0.02014786,0.95346695,0.9330279,0.20071661,0.2986165,-0.19739312,0.9794421,-0.04158181
1356023519178,-0.32370222,0.09354046,0.9415238,0.92939997,0.21789867,0.29788572,-0.17729238,0.9714784,-0.15747076
1356023519220,-0.32414693,0.22266954,0.9194276,0.9306249,0.24960798,0.26764378,-0.16990036,0.9423981,-0.28813148
1356023519260,-0.3396607,0.314568,0.8863845,0.9248431,0.28320277,0.25389245,-0.17116007,0.90600395,-0.38711888
1356023519300,-0.3855424,0.34635806,0.85521525,0.9051665,0.32175797,0.27775073,-0.17897111,0.88119686,-0.437563
1356023519339,-0.45606223,0.32465482,0.8286172,0.8693837,0.3615286,0.33685163,-0.19020832,0.87401164,-0.44712913
1356023519379,-0.53865683,0.25728053,0.8022815,0.8171167,0.39161918,0.42303038,-0.20535135,0.88342583,-0.4211766
1356023519419,-0.6128998,0.16485578,0.77277195,0.75806785,0.39857313,0.51620984,-0.222906,0.90219843,-0.36925727
1356023519461,-0.66590285,0.0681473,0.74291956,0.70596665,0.37953588,0.5979662,-0.24121484,0.9226638,-0.30084378
1356023519499,-0.69602114,-0.021591544,0.71769667,0.6692715,0.34251463,0.6593629,-0.26005828,0.9392644,-0.22394687
1356023519539,-0.7061336,-0.09963855,0.70103323,0.65056956,0.2995441,0.6978773,-0.27952582,0.9488654,-0.14669633
1356023519579,-0.7000001,-0.16446403,0.6949471,0.64832914,0.2616902,0.7149739,-0.2994483,0.9510362,-0.076556325
1356023519621,-0.67898625,-0.21319963,0.70251226,0.66101986,0.23880178,0.7113553,-0.3194219,0.94737506,-0.02121389
1356023519659,-0.64352125,-0.24399167,0.7254988,0.6860131,0.23656708,0.68805677,-0.33950925,0.94048077,0.01514554
1356023519699,-0.59444696,-0.25677502,0.7620363,0.71901673,0.2546013,0.6466785,-0.3600663,0.93233293,0.033278584
1356023519740,-0.5290723,-0.24911794,0.8111859,0.75922024,0.2880239,0.58363235,-0.37903422,0.9246526,0.03675002
1356023519779,-0.44232607,-0.21982846,0.8694959,0.8072331,0.32486516,0.4927854,-0.3907972,0.9198577,0.033756435
1356023519823,-0.3406788,-0.17549217,0.923656,0.8547437,0.35138464,0.38202354,-0.39160064,0.9196365,0.030291557
1356023519861,-0.23685646,-0.13039955,0.9627539,0.8929895,0.36113703,0.26860702,-0.38271236,0.92335045,0.03090775
1356023519900,-0.15062249,-0.09839553,0.98368245,0.917332,0.3570215,0.17617497,-0.36853057,0.9288993,0.03648597
1356023519939,-0.09544057,-0.08555922,0.99175143,0.93141675,0.3438471,0.11929825,-0.3512179,0.93511975,0.046874285
1356023519979,-0.07624924,-0.090590924,0.99296486,0.94010174,0.32531697,0.10186955,-0.3322568,0.94125557,0.060359538
1356023520032,-0.090174526,-0.10908747,0.9899335,0.94643474,0.3000568,0.11927748,-0.31004795,0.9476633,0.07618672
1356023520066,-0.13260886,-0.13249841,0.9822723,0.95094573,0.26244608,0.16378102,-0.27949423,0.9558065,0.09119618
1356023520106,-0.20230448,-0.14763242,0.96813095,0.94807774,0.21819389,0.23138696,-0.24540046,0.96467406,0.095825434
1356023520150,-0.25982696,-0.12588847,0.95741427,0.9428154,0.18128896,0.27970234,-0.20877993,0.9753392,0.071585834
1356023520190,-0.30500102,-0.05379516,0.9508314,0.93618214,0.16626328,0.30970865,-0.17474914,0.9846129,-3.4838915E-4
1356023520230,-0.33852023,0.064983726,0.9387125,0.9289528,0.1819374,0.32240576,-0.1498358,0.98116046,-0.12195635
1356023520270,-0.36877054,0.19284043,0.90929693,0.9192611,0.22060221,0.32602707,-0.13772172,0.9561105,-0.2586223
1356023520310,-0.40586582,0.28393778,0.8687072,0.90360606,0.2671521,0.33485192,-0.13699982,0.92087406,-0.36499578
1356023520349,-0.45366853,0.31913102,0.8320699,0.87919724,0.3128152,0.35938695,-0.1455926,0.8945961,-0.42249352
1356023520396,-0.50849426,0.30250064,0.80618054,0.84565043,0.35180596,0.40138263,-0.16220063,0.8858476,-0.43470109
1356023520430,-0.5636455,0.24147847,0.7899316,0.8047128,0.37631822,0.45915362,-0.18638992,0.89446783,-0.40643084
1356023520464,-0.6028502,0.17247319,0.77898943,0.7697971,0.38238057,0.5110749,-0.20972374,0.9077654,-0.36328757
1356023520509,-0.62944186,0.09389722,0.7713535,0.7412113,0.3705367,0.5597395,-0.23325682,0.9240594,-0.30282903
1356023520547,-0.6387718,0.017948806,0.76918685,0.72540927,0.34723502,0.5943141,-0.25642136,0.93760633,-0.23482412
1356023520589,-0.63402903,-0.0543468,0.77139723,0.7207771,0.3198552,0.61495775,-0.28015637,0.94590646,-0.1636256
1356023520630,-0.6155959,-0.11810082,0.77916235,0.72731113,0.29552257,0.61942315,-0.3034144,0.9480077,-0.09602648
1356023520670,-0.58519053,-0.168064,0.79328847,0.743004,0.2807209,0.6075696,-0.32480323,0.9449605,-0.03940302
1356023520709,-0.5440279,-0.19942787,0.81502277,0.7652105,0.28056198,0.5794289,-0.34421867,0.9388895,-2.926588E-5
1356023520749,-0.49168473,-0.20929235,0.84524727,0.79195565,0.2960682,0.5339944,-0.3620118,0.93195516,0.02017802
1356023520789,-0.4283418,-0.19784468,0.88169205,0.8207913,0.3228966,0.47121054,-0.37792194,0.9255243,0.024079025
1356023520830,-0.3538112,-0.1687262,0.9199723,0.8504051,0.35146308,0.39151603,-0.38939527,0.9208719,0.019134104
1356023520870,-0.27271765,-0.13031808,0.95322734,0.87833,0.37061846,0.30195773,-0.3926342,0.91959727,0.013388097
1356023520910,-0.19387469,-0.094809145,0.97643423,0.90122795,0.37599143,0.21544996,-0.3875575,0.9217601,0.01254946
1356023520950,-0.13059899,-0.07311866,0.9887353,0.9179685,0.36782536,0.14845291,-0.3745366,0.9270158,0.019082963
1356023520990,-0.09105137,-0.06734431,0.9935665,0.92911196,0.35334036,0.10909423,-0.35841405,0.9330677,0.03039825
1356023521031,-0.07783529,-0.075889856,0.9940736,0.9370178,0.33497533,0.09894061,-0.34049878,0.9391657,0.04503721
1356023521091,-0.091964215,-0.095801085,0.9911431,0.94273853,0.3120977,0.11763945,-0.3206035,0.9452075,0.06161356
1356023521110,-0.13107625,-0.121637166,0.98388183,0.9455535,0.28288856,0.16094342,-0.29790565,0.95140874,0.077934444
1356023521149,-0.18741739,-0.14316624,0.97179115,0.94403094,0.24713475,0.21847197,-0.2714412,0.95834637,0.088836014
1356023521191,-0.2517349,-0.14511949,0.9568542,0.9369548,0.21106374,0.27851018,-0.24237454,0.96663976,0.08283824
1356023521229,-0.31526387,-0.110137105,0.9425914,0.9243455,0.18931001,0.33128113,-0.21492839,0.97572106,0.042122066
1356023521269,-0.37496543,-0.030856997,0.9265251,0.9063872,0.19757998,0.37339574,-0.1945847,0.979801,-0.046117306
1356023521310,-0.43064433,0.07802677,0.8991425,0.8834916,0.23995155,0.40232554,-0.18435848,0.9676441,-0.17226982
1356023521349,-0.48820126,0.1697033,0.8560726,0.8536698,0.29674792,0.42800522,-0.18140382,0.93975604,-0.2897433
1356023521392,-0.5481839,0.21331805,0.8086964,0.81548387,0.35100603,0.4601965,-0.18568909,0.91175115,-0.3663733
1356023521430,-0.6109792,0.20453683,0.76476735,0.76695323,0.39233413,0.5077959,-0.19618136,0.89679354,-0.39657825
1356023521471,-0.66999286,0.15258622,0.7265171,0.7110568,0.41312516,0.5689691,-0.21332568,0.89780015,-0.38528842
1356023521509,-0.7180455,0.07735184,0.69168437,0.65552807,0.40909746,0.63476145,-0.23386635,0.90920615,-0.34445685
1356023521550,-0.75097,-0.002016127,0.6603333,0.6095039,0.38263303,0.69433206,-0.2540652,0.9238983,-0.28611714
1356023521590,-0.7691694,-0.07614127,0.63449275,0.5778775,0.34101903,0.74146044,-0.27282983,0.93696773,-0.21830112
1356023521629,-0.7746026,-0.14125165,0.61647284,0.56178164,0.29405838,0.77326,-0.2905033,0.94529235,-0.14842582
1356023521669,-0.7695049,-0.19724262,0.6074187,0.5595526,0.2502241,0.7901194,-0.30783606,0.9478835,-0.082181096
1356023521711,-0.7551515,-0.24285996,0.60890496,0.56914115,0.21804202,0.7928026,-0.32530692,0.94523895,-0.02643323
1356023521750,-0.73212934,-0.27566442,0.62289315,0.58841014,0.20474547,0.78221023,-0.34316206,0.93919563,0.012303531
1356023521789,-0.70106584,-0.29459202,0.64940137,0.61467123,0.21202242,0.7597537,-0.36150497,0.93180573,0.032435596
1356023521831,-0.6617441,-0.2980786,0.68792725,0.6461847,0.2385329,0.7249465,-0.3801843,0.92425716,0.034766078
1356023521869,-0.60813934,-0.28417915,0.74122113,0.6887954,0.2752686,0.6706624,-0.39462322,0.9184059,0.028339624
1356023521910,-0.538287,-0.25252536,0.80403864,0.7416824,0.31109285,0.5942461,-0.4001929,0.9162162,0.019836366
1356023521949,-0.4451338,-0.20704788,0.8711987,0.8032177,0.33776182,0.49067128,-0.39585012,0.91817653,0.01595527
1356023521995,-0.3329711,-0.15801632,0.9296026,0.8614675,0.3498857,0.36804053,-0.38341105,0.9233693,0.019624114
1356023522029,-0.21121305,-0.11435199,0.9707279,0.9057137,0.35052484,0.23835903,-0.36752108,0.92954606,0.029534698
1356023522092,-0.09736672,-0.08325812,0.99176,0.9317205,0.3426936,0.120241344,-0.34988093,0.93575066,0.04420632
1356023522111,-0.006666541,-0.06825808,0.9976455,0.94394195,0.32885236,0.028807431,-0.33004442,0.94191134,0.06223935
1356023522149,0.050309896,-0.06819123,0.99640286,0.95010823,0.31077498,-0.026703715,-0.30783615,0.94803417,0.08042413
1356023522191,0.07370442,-0.07567382,0.99440485,0.9570968,0.28555954,-0.049208194,-0.28023797,0.95536864,0.09347421
1356023522229,0.06591958,-0.076218694,0.99490976,0.96617365,0.2540142,-0.044555962,-0.24932519,0.9641927,0.09038496
1356023522271,0.060692877,-0.032499373,0.9976274,0.9740502,0.22025809,-0.052083343,-0.21804288,0.9749001,0.045024037
1356023522309,0.056404263,0.05497107,0.9968935,0.9796827,0.18942586,-0.06587586,-0.19245863,0.980355,-0.043169737
1356023522349,0.071169704,0.18240759,0.98064387,0.98143446,0.1627405,-0.10149816,-0.17810452,0.96966136,-0.16743892
1356023522389,0.081186,0.30176222,0.9499202,0.9813051,0.14265734,-0.12918642,-0.17449665,0.9426497,-0.28453898
1356023522427,0.067937836,0.37531263,0.9244052,0.98158413,0.14066558,-0.12925103,-0.17854157,0.9161625,-0.35884446
1356023522467,0.02587913,0.39438152,0.9185823,0.98138416,0.16490363,-0.09844768,-0.19030347,0.90402985,-0.3827722
1356023522508,-0.04079376,0.3666476,0.9294652,0.97708213,0.20914371,-0.039617658,-0.2089175,0.9065476,-0.36677653
1356023522550,-0.124709904,0.29721043,0.9466327,0.9644443,0.2603734,0.045308024,-0.23301202,0.9186249,-0.3191141
1356023522589,-0.20319435,0.20935637,0.9564946,0.9449312,0.29788354,0.13553745,-0.25654835,0.9313621,-0.25835562
1356023522630,-0.26755354,0.11273891,0.9569248,0.92246526,0.31685725,0.22058862,-0.27833965,0.94174916,-0.18877399
1356023522669,-0.30351627,0.025782138,0.95247734,0.9052769,0.31964463,0.2798231,-0.29723978,0.9471867,-0.120357335
1356023522710,-0.31415728,-0.04779312,0.9481672,0.89577246,0.31590733,0.31272084,-0.31447887,0.9475855,-0.056432843
1356023522749,-0.29152256,-0.09775084,0.95155627,0.897802,0.31532252,0.3074464,-0.33010024,0.9439367,-0.004162729
1356023522790,-0.2414855,-0.12195966,0.96271,0.90669787,0.3251725,0.26862952,-0.34580877,0.93775725,0.032056093
1356023522828,-0.15565547,-0.11377689,0.98123705,0.91887987,0.34788755,0.18610206,-0.36253428,0.93060684,0.05039668
1356023522872,-0.032600462,-0.07069641,0.99696493,0.9246573,0.3765198,0.056935698,-0.37940216,0.9237071,0.05309528
1356023522909,0.119507074,7.8868866E-4,0.992833,0.9120566,0.3950078,-0.110097796,-0.39226356,0.91867745,0.046486914
1356023522950,0.2740027,0.07835394,0.9585318,0.87646925,0.38992485,-0.28241846,-0.39588398,0.91750705,0.03816563
1356023522989,0.40158927,0.13589448,0.9056814,0.8295167,0.36511642,-0.4226015,-0.38810834,0.9209901,0.033900082
1356023523029,0.49121067,0.16386491,0.85548836,0.7876756,0.33572593,-0.5165802,-0.371859,0.92759705,0.035839766
1356023523090,0.54439867,0.16558844,0.8223202,0.76188225,0.31253937,-0.56732225,-0.3509494,0.93536067,0.043987155
1356023523110,0.5651809,0.1493712,0.8113315,0.75625676,0.29913557,-0.581888,-0.32961538,0.9424469,0.056102723
1356023523151,0.55352974,0.11655107,0.82463366,0.77416277,0.29304188,-0.5610691,-0.3070454,0.94896907,0.07197791
1356023523190,0.5012979,0.06940243,0.8624869,0.8174412,0.28883988,-0.4983586,-0.28370792,0.95485854,0.088062406
1356023523229,0.4148165,0.01579839,0.9097679,0.87272733,0.27597755,-0.40272,-0.25743788,0.9610343,0.10069236
1356023523269,0.29924145,-0.02757895,0.95377874,0.9265983,0.24698672,-0.28357202,-0.22775003,0.9686263,0.099463284
1356023523308,0.18334073,-0.030164987,0.9825865,0.96305287,0.20608813,-0.1733692,-0.19726977,0.9780685,0.06683484
1356023523355,0.12131122,0.059212863,0.9908469,0.9775142,0.16632798,-0.12961867,-0.17248061,0.9842911,-0.03770399
1356023523395,0.05805388,0.18090811,0.98178506,0.98603165,0.14339724,-0.08472797,-0.15611324,0.9729899,-0.17005634
1356023523437,0.009057224,0.29768127,0.95462227,0.9885029,0.14142758,-0.053480268,-0.15093002,0.9441314,-0.29297793
1356023523479,-0.05448857,0.36895764,0.9278476,0.98651576,0.16351262,-0.0070866942,-0.15432942,0.9149502,-0.37289208
1356023523519,-0.14309326,0.38137516,0.9132784,0.9756197,0.20950553,0.06537369,-0.16640502,0.9003669,-0.40205598
1356023523568,-0.24822181,0.34578782,0.9048848,0.9510204,0.26465452,0.15974382,-0.18424436,0.900216,-0.3945443
1356023523604,-0.3703051,0.2513924,0.894246,0.90457976,0.3164802,0.28561467,-0.21120974,0.9146814,-0.3445987
1356023523650,-0.46693563,0.14497131,0.87232697,0.85173416,0.33894122,0.3995844,-0.2377393,0.9295709,-0.28174078
1356023523687,-0.52739155,0.05019328,0.84813845,0.80837417,0.33690634,0.48272693,-0.2615136,0.9401994,-0.21825647
1356023523728,-0.5616409,-0.035306692,0.82662743,0.7769043,0.32112104,0.5415728,-0.2845686,0.9463798,-0.15292478
1356023523768,-0.5661127,-0.10284954,0.81788653,0.76558703,0.30223316,0.5679187,-0.3056026,0.9476693,-0.092357755
1356023523808,-0.5481442,-0.15299386,0.82227176,0.7707368,0.28940183,0.56763667,-0.32481188,0.9449019,-0.040715992
1356023523847,-0.5040487,-0.18113616,0.84446704,0.7928369,0.29076248,0.5355994,-0.3425558,0.9394929,-0.0029470325
1356023523888,-0.43252474,-0.1849918,0.88244,0.8265414,0.30966002,0.47004235,-0.3602104,0.9326782,0.018967748
1356023523927,-0.32367927,-0.15946096,0.9326327,0.8678331,0.34267217,0.35977983,-0.3769581,0.92582285,0.027469635
1356023523970,-0.17061836,-0.10180691,0.98006356,0.9052478,0.376603,0.19671449,-0.38912174,0.9207635,0.027905166
1356023524009,0.017613709,-0.021549195,0.99961257,0.91955423,0.39288694,-0.007733315,-0.39256802,0.9193342,0.026735902
1356023524051,0.20482993,0.05565679,0.97721386,0.8991569,0.38377035,-0.21032616,-0.38673174,0.9217497,0.0285635
1356023524090,0.35394967,0.106858104,0.92913985,0.85765934,0.35913694,-0.3680231,-0.37301466,0.9271472,0.03546861
1356023524126,0.4564662,0.13023731,0.88015735,0.81563413,0.33399904,-0.47242528,-0.35549915,0.93353254,0.046233267
1356023524170,0.51310456,0.12824166,0.8486918,0.7902862,0.3152363,-0.5254272,-0.33492014,0.9403086,0.06040153
1356023524220,0.5227518,0.1023342,0.8463205,0.79397595,0.30300486,-0.5270582,-0.31037533,0.9474787,0.07714543
1356023524259,0.47851294,0.058316767,0.8761418,0.8307096,0.29323477,-0.47321773,-0.28451177,0.95426023,0.091872334
1356023524298,0.39506137,0.010672033,0.9185927,0.8822401,0.27433312,-0.3826142,-0.2560836,0.96157545,0.09896314
1356023524341,0.29004225,-0.016691804,0.9568683,0.92994905,0.24101779,-0.27767822,-0.22598734,0.9703771,0.08542785
1356023524379,0.21018282,0.011140943,0.97759867,0.95734435,0.20045212,-0.20811254,-0.1982803,0.9796402,0.03146586
1356023524422,0.18433577,0.10462004,0.97727937,0.9665629,0.1610409,-0.19955423,-0.17825931,0.981387,-0.07143623
1356023524470,0.2058989,0.23942605,0.9488313,0.9638878,0.11772783,-0.23887333,-0.16889635,0.9637506,-0.20653981
1356023524500,0.21871081,0.354777,0.9090098,0.9615269,0.0803372,-0.26270133,-0.1662277,0.931493,-0.32355702
1356023524542,0.19785102,0.4234992,0.88402677,0.96525323,0.072884694,-0.25094593,-0.17070743,0.9029597,-0.3943637
1356023524589,0.11333515,0.43235648,0.8945519,0.97607386,0.1197079,-0.181521,-0.18556666,0.8937214,-0.4084447
1356023524629,-0.01939015,0.3931797,0.9192571,0.9783823,0.19680186,-0.06353775,-0.20589322,0.89815295,-0.38849616
1356023524668,-0.18391168,0.30543602,0.9342833,0.95562506,0.27808797,0.097200185,-0.23012453,0.9107008,-0.34302592
1356023524709,-0.34685406,0.1843521,0.919623,0.9024114,0.33282647,0.2736424,-0.25562832,0.9247923,-0.28180367
1356023524749,-0.47562373,0.056712896,0.8778188,0.833562,0.34782976,0.42917225,-0.28099194,0.93584085,-0.21270984
1356023524789,-0.55644363,-0.053577006,0.82915616,0.77295333,0.33271617,0.540225,-0.30481732,0.9415039,-0.14372528
1356023524830,-0.5967033,-0.13954988,0.79023486,0.7329991,0.3059916,0.60752076,-0.32658464,0.94175106,-0.08029622
1356023524869,-0.5998945,-0.19581607,0.7757466,0.7217897,0.28585112,0.63032424,-0.34517565,0.93805397,-0.030142546
1356023524911,-0.57594717,-0.22578493,0.7856882,0.7328806,0.28319174,0.61861813,-0.36217505,0.9321071,0.0023699403
1356023524954,-0.5173953,-0.2271921,0.8250369,0.7678999,0.30222988,0.5647893,-0.37766644,0.92576504,0.0180884
1356023524991,-0.4222867,-0.19985396,0.8841562,0.8180726,0.33608747,0.4666931,-0.39042425,0.9203823,0.021569788
1356023525031,-0.28816658,-0.14437678,0.94663364,0.87115085,0.3709023,0.32175726,-0.3975628,0.9173804,0.018892348
1356023525098,-0.13210434,-0.074786544,0.98841053,0.90831566,0.39011127,0.1509166,-0.39687663,0.91772556,0.016394377
1356023525108,0.004108906,-0.018019348,0.9998292,0.9215417,0.38826615,0.003210336,-0.38825765,0.9213711,0.018200934
1356023525147,0.089730054,0.010049462,0.9959154,0.92250675,0.37606898,-0.0869109,-0.37540627,0.9265372,0.024474025
1356023525189,0.11524668,0.0060356855,0.99331856,0.92648435,0.35999593,-0.10967988,-0.35825264,0.93293434,0.03589636
1356023525228,0.081428796,-0.023465306,0.996403,0.93724275,0.34187415,-0.06854302,-0.3390361,0.9394528,0.049831033
1356023525270,0.005364865,-0.0677163,0.9976902,0.94885534,0.31529018,0.01629746,-0.3156655,0.94657624,0.06594443
1356023525319,-0.10152084,-0.11122441,0.98859626,0.952608,0.2755738,0.12882924,-0.28676015,0.9548236,0.07797682
1356023525359,-0.21648341,-0.13264284,0.96723366,0.94186234,0.23238921,0.24267381,-0.25696364,0.9635357,0.07462281
1356023525398,-0.2935195,-0.10645032,0.95000774,0.92800105,0.20682985,0.30989587,-0.22947854,0.97256863,0.038077414
1356023525439,-0.3397014,-0.029738992,0.94006306,0.91729045,0.21035343,0.33812687,-0.20780104,0.977173,-0.04417807
1356023525481,-0.3694921,0.082894415,0.92552906,0.909039,0.23876667,0.34152395,-0.19267505,0.96753246,-0.16357666
1356023525520,-0.40394562,0.19106561,0.89460707,0.8965456,0.2769891,0.3456631,-0.18175209,0.9416852,-0.28318757
1356023525560,-0.45514318,0.25758561,0.85234636,0.8729849,0.3175811,0.37018856,-0.17533392,0.9125743,-0.36941326
1356023525599,-0.52337,0.2690094,0.8085282,0.8338317,0.3571378,0.4209243,-0.17552337,0.8944756,-0.41122377
1356023525640,-0.5990877,0.22578332,0.7681899,0.77894413,0.38639653,0.4939065,-0.18531004,0.8942704,-0.40735805
1356023525679,-0.6623904,0.15641081,0.73264897,0.72178787,0.3951761,0.56820595,-0.2006518,0.9051914,-0.37465632
1356023525720,-0.7072184,0.07521358,0.7029829,0.67199755,0.3804794,0.6353382,-0.21968444,0.92172575,-0.31962532
1356023525758,-0.7307039,-0.0036140978,0.6826849,0.63894093,0.3486128,0.6857285,-0.24047098,0.93725985,-0.25242347
1356023525800,-0.7355171,-0.07414228,0.6734371,0.62482035,0.31007499,0.7165564,-0.26194313,0.94781667,-0.1817398
1356023525839,-0.72487575,-0.13392685,0.6757357,0.6280507,0.27453917,0.728135,-0.28303275,0.95220363,-0.11489391
1356023525881,-0.700533,-0.17911637,0.69077563,0.64640343,0.25085354,0.7205797,-0.30235115,0.9513095,-0.059949815
1356023525919,-0.6645975,-0.20781681,0.7177203,0.67501783,0.24490571,0.6959685,-0.3204078,0.9470129,-0.022483706
1356023525959,-0.6159121,-0.21816324,0.7570054,0.7114966,0.25854582,0.6533963,-0.33826762,0.9410414,-0.0040190816
1356023526000,-0.5526365,-0.209371,0.806695,0.7534684,0.2881744,0.5909662,-0.35620007,0.93440855,-0.0015013218
1356023526039,-0.47170216,-0.18299612,0.86255985,0.7999567,0.32266474,0.50592166,-0.37089938,0.92865485,-0.0058127046
1356023526100,-0.37791073,-0.14529178,0.91437066,0.84493196,0.34964502,0.40476954,-0.37851486,0.9255477,-0.00937295
1356023526120,-0.27884895,-0.106615424,0.9543985,0.883015,0.36222655,0.29845685,-0.37752858,0.9259725,-0.006863475
1356023526161,-0.19161242,-0.07897857,0.9782879,0.90946174,0.36046368,0.2072325,-0.3690042,0.9294237,0.0027586222
1356023526199,-0.12942341,-0.06800461,0.9892547,0.92576426,0.34914342,0.1451183,-0.35526052,0.9345984,0.01776892
1356023526239,-0.09870216,-0.072948426,0.9924396,0.93587804,0.33215645,0.11749175,-0.33821607,0.94039917,0.03548622
1356023526277,-0.09856665,-0.0901103,0.9910424,0.94312215,0.30928266,0.12192199,-0.3174987,0.9466913,0.054499984
1356023526317,-0.12380776,-0.11216399,0.9859467,0.94820607,0.27954158,0.15087,-0.29253525,0.9535595,0.07174522
1356023526355,-0.16218776,-0.12522739,0.97878146,0.9511004,0.2444089,0.18887112,-0.26287472,0.961552,0.07946372
1356023526397,-0.20267284,-0.11209142,0.9728099,0.9515743,0.21195275,0.22267082,-0.23114923,0.9708303,0.06370622
1356023526439,-0.23488992,-0.04980126,0.9707453,0.9507104,0.19620883,0.24010801,-0.20242652,0.9792967,0.0012590289
1356023526487,-0.26143053,0.07233843,0.9625077,0.9476142,0.20883766,0.24168983,-0.1835244,0.9752712,-0.12314552
1356023526531,-0.3044735,0.19123864,0.93312585,0.93652403,0.23888716,0.25662374,-0.17383543,0.9520298,-0.25183433
1356023526567,-0.3580915,0.26426023,0.89550936,0.9179346,0.27507314,0.28588614,-0.17078224,0.92439234,-0.34107494
1356023526608,-0.41394088,0.2786428,0.8666091,0.8929223,0.3094358,0.32701588,-0.1770393,0.9091797,-0.37689453
1356023526648,-0.4642926,0.24373463,0.85148454,0.86460936,0.3331967,0.37607273,-0.19204986,0.91080916,-0.36543596
1356023526688,-0.4993624,0.18514213,0.84638023,0.8403852,0.34106886,0.42121804,-0.21068871,0.921626,-0.32590765
1356023526729,-0.5163408,0.11382237,0.84878534,0.8247427,0.33301306,0.45705777,-0.2306332,0.9360271,-0.26582235
1356023526769,-0.5110496,0.04918292,0.858143,0.82273126,0.31706217,0.471789,-0.24888071,0.94712865,-0.2024988
1356023526810,-0.48873067,-0.010937214,0.87236613,0.83047324,0.300543,0.46902886,-0.26731342,0.95370555,-0.13780147
1356023526849,-0.4458483,-0.05865842,0.8931844,0.8484188,0.29037088,0.44257244,-0.28531536,0.9551146,-0.07969439
1356023526894,-0.38888144,-0.09344548,0.91653645,0.86983097,0.29058468,0.39869115,-0.30358732,0.9522754,-0.031721234
1356023526930,-0.31676352,-0.10932529,0.942183,0.8922641,0.30261606,0.33509445,-0.32175407,0.9468218,0.0016892552
1356023526970,-0.23180997,-0.10268366,0.96732634,0.91164374,0.32398832,0.25285822,-0.33936685,0.94047207,0.018507242
1356023527009,-0.13645637,-0.0737201,0.9878993,0.9246169,0.34850144,0.15372154,-0.35561672,0.9344046,0.02060759
1356023527050,-0.032705188,-0.028528184,0.9990578,0.9291941,0.36732137,0.040907055,-0.3681423,0.9296565,0.014494896
1356023527096,0.073919296,0.021187335,0.9970391,0.92450535,0.3734181,-0.0764769,-0.37393272,0.9274211,0.008015037
1356023527132,0.17764486,0.063078225,0.982071,0.91124713,0.3662644,-0.18835878,-0.371579,0.92837036,0.0075851083
1356023527169,0.27202785,0.0907841,0.95799744,0.8912393,0.35166633,-0.28639704,-0.36289582,0.9317129,0.014752626
1356023527209,0.35003412,0.102535516,0.93110824,0.8690423,0.33545446,-0.36364236,-0.3496307,0.93645966,0.028312773
1356023527250,0.4079312,0.098807275,0.9076504,0.85042864,0.32060325,-0.41711468,-0.33220965,0.942046,0.046755552
1356023527289,0.44187027,0.08341667,0.8931922,0.8408016,0.30859393,-0.44477224,-0.31273508,0.9475291,0.066221595
1356023527330,0.450391,0.05689439,0.89101684,0.8444159,0.2970239,-0.4458012,-0.2900169,0.9531736,0.08573434
1356023527371,0.42857206,0.023002714,0.90321475,0.8641752,0.2813099,-0.41721225,-0.26368028,0.9593413,0.10068315
1356023527407,0.3754972,-0.004396826,0.9268131,0.8962847,0.25630632,-0.36191276,-0.23595682,0.96658564,0.10018307
1356023527447,0.3038612,0.0014050901,0.9527152,0.92905366,0.22105104,-0.29664046,-0.2110154,0.97526115,0.06586349
1356023527487,0.2283538,0.05993685,0.9717315,0.95412076,0.18477124,-0.23561212,-0.19366986,0.98095214,-0.014993787
1356023527527,0.16205186,0.16400385,0.97305804,0.9691683,0.15903038,-0.18820783,-0.18561262,0.9735564,-0.13317621
1356023527578,0.10769732,0.2837685,0.95282567,0.976127,0.1516489,-0.15549481,-0.1886195,0.94682527,-0.2606619
1356023527622,0.024256602,0.3520973,0.93564904,0.9805753,0.17383976,-0.090839505,-0.19463733,0.91967773,-0.34104115
1356023527669,-0.085571885,0.34464192,0.9348259,0.9740292,0.22635055,0.0057118535,-0.2096299,0.91103643,-0.35506058
1356023527709,-0.22500578,0.28377476,0.93211806,0.94763434,0.2862459,0.14160636,-0.22663066,0.9151695,-0.3333217
1356023527749,-0.36588457,0.18801713,0.9114703,0.89843273,0.3268588,0.29322687,-0.24279043,0.9261819,-0.28851336
1356023527789,-0.48764622,0.07834232,0.8695192,0.8342998,0.33521563,0.43769202,-0.2571866,0.93887854,-0.22882754
1356023527829,-0.57673174,-0.023693562,0.81658995,0.7707685,0.3154804,0.55352324,-0.27073312,0.94863623,-0.16368532
1356023527870,-0.6346692,-0.11089569,0.7647857,0.7180494,0.28119588,0.6366584,-0.28565723,0.9532214,-0.09883773
1356023527909,-0.6651091,-0.1774266,0.72536176,0.6829779,0.2482341,0.68696505,-0.3019454,0.95231277,-0.04392433
1356023527950,-0.6772456,-0.22630967,0.70008737,0.6618337,0.22830224,0.7140408,-0.32142586,0.94692236,-0.0048373938
1356023527989,-0.6725445,-0.25689465,0.6940381,0.6563315,0.22624844,0.71975034,-0.34192508,0.93958324,0.016445935
1356023528029,-0.6554275,-0.27034175,0.7052162,0.6628657,0.24160612,0.7086857,-0.3619719,0.9319559,0.020844996
1356023528103,-0.62417096,-0.2661609,0.7345536,0.68427336,0.26752263,0.67838156,-0.3770684,0.9260615,0.015146971
1356023528112,-0.5785706,-0.2455901,0.77777976,0.7204665,0.293127,0.6284939,-0.38234013,0.9239924,0.0073447824
1356023528147,-0.5243465,-0.21683016,0.8234352,0.76361084,0.30815572,0.56739634,-0.3767749,0.9262963,0.0039934516
1356023528189,-0.47705698,-0.19269818,0.857487,0.8005078,0.30745524,0.5144497,-0.3627724,0.93184686,0.007582724
1356023528230,-0.45619988,-0.1836716,0.8707161,0.8208538,0.29098153,0.4914558,-0.34362876,0.93893266,0.018021822
1356023528269,-0.47540015,-0.19183183,0.85860074,0.8182198,0.26221222,0.511626,-0.32328176,0.9457512,0.032304883
1356023528311,-0.5286342,-0.21029192,0.8223887,0.7938046,0.2207306,0.566703,-0.3006994,0.95239455,0.050244987
1356023528349,-0.6082514,-0.22978294,0.7597565,0.74381983,0.16909915,0.6466355,-0.27705997,0.95843893,0.068062305
1356023528392,-0.68150103,-0.23445828,0.6932429,0.68817854,0.11690658,0.7160609,-0.24893108,0.9650711,0.08167714
1356023528430,-0.74617535,-0.22010817,0.62831116,0.6289792,0.07623541,0.7736753,-0.21819182,0.972492,0.08155841
1356023528469,-0.7901348,-0.18010795,0.58587396,0.5835797,0.07119936,0.8089286,-0.1874083,0.9810667,0.04885024
1356023528509,-0.8208426,-0.11746894,0.5589439,0.54738575,0.117578864,0.82857955,-0.16305234,0.9860914,-0.032212853
1356023528551,-0.84658843,-0.049635217,0.52992874,0.5108021,0.2040112,0.8351411,-0.14956385,0.9777095,-0.14735979
1356023528589,-0.873335,-0.0014958829,0.4871177,0.46408534,0.3013165,0.8329665,-0.14802265,0.953523,-0.26245606
1356023528630,-0.90557474,0.0041541904,0.42416644,0.39445698,0.37600785,0.83846396,-0.15600677,0.9266072,-0.34214187
1356023528669,-0.9370676,-0.035498634,0.34733877,0.30282432,0.4125324,0.85913587,-0.17378661,0.910251,-0.37582093
1356023528709,-0.9572348,-0.09911987,0.27180284,0.2098974,0.40863377,0.8882351,-0.19910957,0.90730023,-0.37035346
1356023528750,-0.96376026,-0.16291866,0.21124317,0.13853565,0.37105727,0.918218,-0.22797816,0.91420674,-0.3350402
1356023528790,-0.96161306,-0.21033852,0.1762329,0.102884665,0.31901956,0.94214714,-0.25439158,0.9241127,-0.28513277
1356023528830,-0.955697,-0.24463111,0.16370319,0.097758375,0.26079428,0.960432,-0.2776444,0.9338854,-0.22532552
1356023528869,-0.9469111,-0.2687829,0.17639482,0.12159045,0.20851004,0.9704325,-0.29761577,0.94036126,-0.16475904
1356023528910,-0.9341922,-0.28894836,0.20926942,0.1664076,0.16595179,0.971992,-0.31558418,0.9428514,-0.1069476
1356023528948,-0.91334134,-0.30580884,0.26886517,0.23531067,0.14248496,0.9614192,-0.33231974,0.94137084,-0.058177352
1356023528987,-0.87634104,-0.31749165,0.36225066,0.33181822,0.14725363,0.9317795,-0.34917495,0.9367579,-0.023694932
1356023529027,-0.80375624,-0.31401396,0.50534254,0.46849602,0.18949819,0.8629032,-0.36672515,0.93031484,-0.0051960945
1356023529098,-0.6420551,-0.2662875,0.7189272,0.664332,0.27480817,0.6950852,-0.3826596,0.92388934,4.6128035E-4
1356023529108,-0.29374242,-0.12371749,0.9478446,0.8715375,0.3726049,0.3187287,-0.39260387,0.9197062,-0.0016254783
1356023529148,0.17676978,0.07899621,0.98107696,0.90194666,0.3860225,-0.19359463,-0.394011,0.9191008,-0.0030132532
1356023529188,0.46594283,0.1931017,0.8634866,0.7966858,0.33302024,-0.5043702,-0.38495332,0.9229351,0.0013269782
1356023529246,0.6098337,0.23354447,0.75733733,0.7010343,0.28676692,-0.65292853,-0.36966714,0.92909724,0.011157423
