1356023577478,0.22423881,0.59450173,-0.7721947,-0.39420536,-0.669319,-0.62977314,-0.8912458,0.4456229,0.08426848
1356023577521,0.24163711,0.623845,-0.7432556,-0.38381067,-0.6420468,-0.66367555,-0.8912356,0.4456381,0.08429602
1356023577563,0.24158323,0.6238427,-0.743275,-0.38397503,-0.6419906,-0.6636347,-0.8911794,0.44572204,0.08444592
1356023577603,0.2414189,0.6238761,-0.7433004,-0.38451764,-0.6417628,-0.663541,-0.89098996,0.4460035,0.08495772
1356023577641,0.24104834,0.62401164,-0.74330693,-0.3857173,-0.64120644,-0.66338253,-0.89057165,0.44661358,0.08613041
1356023577683,0.24042088,0.6242893,-0.74327695,-0.38765064,-0.6402689,-0.66316104,-0.8899015,0.4475696,0.08807215
1356023577723,0.23936784,0.62462217,-0.7433372,-0.39057717,-0.6389705,-0.6626962,-0.8889052,0.4489587,0.09101415
1356023577764,0.23802829,0.6251933,-0.7432872,-0.39436954,-0.6371454,-0.66220725,-0.8875896,0.45075393,0.09489858
1356023577801,0.23686075,0.62631696,-0.7427139,-0.39828044,-0.634682,-0.6622322,-0.8861544,0.4526653,0.09911853
1356023577843,0.23557502,0.627689,-0.7419642,-0.40249026,-0.6318885,-0.66235834,-0.8845937,0.4546685,0.10378155
1356023577882,0.23447645,0.62948185,-0.7407924,-0.40643677,-0.6287579,-0.6629273,-0.88307977,0.4565261,0.10841566
1356023577922,0.23311788,0.63102597,-0.73990697,-0.4104361,-0.62593263,-0.6631371,-0.8815885,0.45827368,0.11307967
1356023577963,0.2315836,0.63204575,-0.7395182,-0.41430268,-0.6237201,-0.6628172,-0.88018316,0.459882,0.11741489
1356023578002,0.22975856,0.63214654,-0.74000114,-0.4180971,-0.62249815,-0.661582,-0.87886614,0.46139646,0.12127441
1356023578048,0.2276544,0.63106525,-0.74157274,-0.42171332,-0.62254643,-0.65923727,-0.8776852,0.46280935,0.12440327
1356023578080,0.22523588,0.6286159,-0.7443863,-0.42495772,-0.6241306,-0.6556463,-0.8767439,0.46400777,0.12655848
1356023578119,0.22311622,0.62554336,-0.74760586,-0.42752242,-0.6264479,-0.65175724,-0.8760386,0.46503592,0.1276632
1356023578160,0.22126746,0.6218697,-0.75121164,-0.42963707,-0.6293606,-0.6475472,-0.8754729,0.46602947,0.12792116
1356023578200,0.21993685,0.618009,-0.7547798,-0.4315195,-0.63227445,-0.6434437,-0.8748821,0.4672192,0.12762254
1356023578241,0.21932942,0.614323,-0.75795895,-0.43334997,-0.63469744,-0.63981783,-0.8741295,0.46879232,0.1270091
1356023578282,0.21990705,0.6112267,-0.7602912,-0.43511653,-0.6360905,-0.63723034,-0.87310624,0.47094673,0.12607405
1356023578321,0.22121602,0.6083496,-0.7622166,-0.4367762,-0.63700473,-0.6351784,-0.87194616,0.47342974,0.12479696
1356023578378,0.22373247,0.60589355,-0.76343745,-0.43805212,-0.6372116,-0.63409114,-0.870663,0.47629216,0.12284809
1356023578400,0.22630233,0.6027041,-0.7652026,-0.4391797,-0.63806605,-0.63245,-0.86943,0.4791863,0.12029952
1356023578440,0.2286725,0.5985196,-0.7677781,-0.43997815,-0.639991,-0.62994516,-0.8684055,0.48185673,0.11698717
1356023578481,0.22976494,0.5921843,-0.7723509,-0.44051382,-0.6443605,-0.62509775,-0.8678454,0.48385677,0.11281389
1356023578520,0.22896522,0.583061,-0.77949655,-0.44080982,-0.65185523,-0.61706686,-0.86790645,0.48489654,0.10776681
1356023578560,0.22631925,0.57114065,-0.78903604,-0.44097456,-0.6622091,-0.60582227,-0.86851656,0.4850541,0.10198784
1356023578600,0.22199947,0.5566122,-0.8005617,-0.44149515,-0.6746778,-0.5915166,-0.8693666,0.48476052,0.09596348
1356023578641,0.21639496,0.5402486,-0.81320643,-0.44290185,-0.6879791,-0.5749112,-0.8700639,0.48457855,0.09040183
1356023578682,0.20957333,0.5229723,-0.82618344,-0.44572145,-0.7009576,-0.55676824,-0.87029386,0.4849314,0.08619794
1356023578722,0.20104831,0.50566816,-0.8389752,-0.45032296,-0.7128886,-0.53758645,-0.8699361,0.4858906,0.08438888
1356023578761,0.1895743,0.4884218,-0.8517663,-0.4563449,-0.72427875,-0.5168845,-0.86937386,0.4866872,0.08558416
1356023578803,0.17217183,0.47027916,-0.8655601,-0.46331966,-0.7367615,-0.4924605,-0.8693053,0.48581886,0.091040045
1356023578841,0.15028828,0.4526104,-0.8789523,-0.46907905,-0.74996144,-0.46639326,-0.87027484,0.48239157,0.09959963
1356023578881,0.1222859,0.43397722,-0.8925862,-0.47239682,-0.76548135,-0.4368978,-0.8728617,0.47508132,0.111401826
1356023578924,0.09258193,0.41739354,-0.90399736,-0.47189537,-0.7810662,-0.40896246,-0.8767801,0.46445468,0.12465352
1356023578960,0.0647943,0.40473306,-0.9121364,-0.46758574,-0.7951881,-0.38605613,-0.8815697,0.4515162,0.13772383
1356023579000,0.042137146,0.39770985,-0.9165432,-0.46053225,-0.80635995,-0.3710712,-0.8866423,0.43773356,0.14918044
1356023579041,0.026390135,0.39678803,-0.9175308,-0.45198753,-0.8139354,-0.3649881,-0.89163375,0.42434454,0.15786344
1356023579082,0.018963099,0.40216738,-0.91536975,-0.44251812,-0.8176023,-0.3683806,-0.896559,0.41205335,0.16246209
1356023579122,0.020144105,0.4133209,-0.91036254,-0.4321788,-0.81748253,-0.3807147,-0.90156287,0.40110856,0.16216114
1356023579162,0.029816985,0.4289539,-0.90283406,-0.41893,-0.8147141,-0.40092194,-0.90752876,0.39017856,0.15540946
1356023579201,0.043443143,0.4454142,-0.89427,-0.40255105,-0.8114321,-0.42371035,-0.91436607,0.37839663,0.14405087
1356023579240,0.058081627,0.46007305,-0.88597935,-0.3818574,-0.80975014,-0.44552183,-0.92239445,0.3641944,0.12865064
1356023579281,0.071275115,0.47102588,-0.8792351,-0.35891402,-0.8103229,-0.4632034,-0.93064517,0.34858462,0.11130202
1356023579321,0.08338612,0.4782371,-0.87426317,-0.33726478,-0.8120014,-0.47634673,-0.93770957,0.33457887,0.09358287
1356023579380,0.09545946,0.4820453,-0.8709305,-0.3205471,-0.81343603,-0.48535708,-0.9424103,0.32550612,0.07686803
1356023579400,0.10722917,0.48203832,-0.86956364,-0.31147337,-0.8142925,-0.48980802,-0.94418544,0.3233676,0.062826276
1356023579440,0.1176067,0.4774229,-0.8707675,-0.31105685,-0.8150166,-0.48886758,-0.9430866,0.32835227,0.052654296
1356023579481,0.12684989,0.46842667,-0.87434864,-0.31893447,-0.8154012,-0.48311672,-0.93924963,0.34014323,0.045963854
1356023579522,0.13654256,0.45583326,-0.87952954,-0.33406442,-0.81465197,-0.47407103,-0.9326077,0.35855043,0.041042924
1356023579562,0.14694172,0.43982992,-0.88597846,-0.3536537,-0.8131344,-0.46232197,-0.92376256,0.38126394,0.03606412
1356023579603,0.16117024,0.42377573,-0.8913127,-0.3764444,-0.80844444,-0.4524459,-0.9123124,0.4084505,0.029230773
1356023579641,0.17717052,0.40664223,-0.8962437,-0.39917776,-0.8026919,-0.44310603,-0.8995931,0.43626586,0.020109147
1356023579684,0.20324028,0.39625764,-0.8953621,-0.41777152,-0.79193515,-0.4453152,-0.88552827,0.46456274,0.004592091
1356023579722,0.24063367,0.39487326,-0.88666254,-0.4248662,-0.7784869,-0.462003,-0.8726879,0.48788643,-0.019561857
1356023579760,0.30628997,0.422653,-0.85296595,-0.39858088,-0.7567659,-0.51811063,-0.86447656,0.49866804,-0.063328385
1356023579802,0.40216976,0.49393556,-0.7709002,-0.30411407,-0.7221208,-0.6213342,-0.8635821,0.4843234,-0.1402024
1356023579841,0.48365858,0.5831638,-0.6526824,-0.13592052,-0.6866145,-0.7142031,-0.8646387,0.43414342,-0.25282308
1356023579881,0.5155393,0.64975774,-0.5586002,0.053339392,-0.6749817,-0.73590386,-0.8552041,0.34959197,-0.38263726
1356023579921,0.5145349,0.6908848,-0.5078701,0.20782337,-0.67510945,-0.7078394,-0.83190334,0.25866085,-0.4909494
1356023579963,0.5014293,0.7160742,-0.48559907,0.30529562,-0.67159367,-0.67509747,-0.80954516,0.19026247,-0.55537105
1356023580025,0.48551512,0.7314055,-0.4788748,0.34837678,-0.66426474,-0.6613516,-0.80181587,0.15426731,-0.5773153
1356023580038,0.46988994,0.7364329,-0.48669297,0.3368045,-0.6592159,-0.6723073,-0.81594497,0.15199006,-0.55779284
1356023580077,0.4560502,0.7337463,-0.5036215,0.2893392,-0.657398,-0.69578063,-0.8416062,0.1715934,-0.512108
1356023580123,0.44295293,0.71923316,-0.53525347,0.20154437,-0.66162014,-0.7222456,-0.87359744,0.21204343,-0.43802398
1356023580181,0.42753366,0.6866983,-0.58792883,0.0902091,-0.67952585,-0.72808444,-0.8994872,0.25824404,-0.35246658
1356023580201,0.39639872,0.6029818,-0.6923013,-0.054789603,-0.7371951,-0.67345494,-0.91644216,0.3048876,-0.25918606
1356023580239,0.29730642,0.36958173,-0.8803512,-0.24163237,-0.8629036,-0.4438595,-0.9237006,0.34468362,-0.16724387
1356023580274,0.08157438,-0.028287709,-0.99626577,-0.37370113,-0.9275394,-0.0042623878,-0.9239552,0.37265334,-0.0862346
1356023580317,-0.063494146,-0.20364304,-0.97698414,-0.38154584,-0.8996356,0.21231712,-0.9221666,0.38624513,-0.02057755
1356023580362,-0.06828499,-0.09383404,-0.99324334,-0.38006198,-0.9180499,0.11285943,-0.92243695,0.38520065,0.02702633
1356023580401,-0.027183652,0.08685298,-0.99585015,-0.37340713,-0.9249863,-0.07047972,-0.92726916,0.36994168,0.05757609
1356023580440,0.00812459,0.2319489,-0.97269404,-0.35450566,-0.90887886,-0.21969257,-0.93501854,0.34661043,0.07484299
1356023580482,0.028844953,0.3257798,-0.9450055,-0.32937396,-0.88950217,-0.3166993,-0.9437588,0.32039538,0.08164585
1356023580521,0.04274416,0.38684273,-0.92115456,-0.30936962,-0.871556,-0.38036922,-0.9499808,0.30123577,0.08242339
1356023580564,0.057762682,0.42709008,-0.9023622,-0.3002709,-0.8545858,-0.42369857,-0.9521034,0.29542705,0.078879565
1356023580602,0.07154328,0.44687983,-0.89172864,-0.30100194,-0.8426666,-0.44644228,-0.9509361,0.30035195,0.07422462
1356023580640,0.086093724,0.45318842,-0.8872475,-0.31094277,-0.83384717,-0.4560848,-0.9465212,0.31514925,0.069126695
1356023580680,0.09878427,0.44452885,-0.8903009,-0.32846245,-0.82996815,-0.45084947,-0.9393371,0.3369673,0.06402326
1356023580722,0.10842085,0.42137387,-0.9003827,-0.35276726,-0.8304691,-0.43113372,-0.9294085,0.36436942,0.058606803
1356023580761,0.11329758,0.38231847,-0.91705847,-0.38314196,-0.83480066,-0.3953606,-0.91671467,0.39615697,0.0519014
1356023580800,0.11226869,0.3259339,-0.93870276,-0.41759935,-0.84172744,-0.3422072,-0.9016687,0.43042082,0.041610092
1356023580844,0.112298906,0.25607455,-0.96011186,-0.44968063,-0.8485262,-0.2789098,-0.8861017,0.46306497,0.019863218
1356023580880,0.119804025,0.17433657,-0.97737086,-0.46954048,-0.8574503,-0.21050127,-0.874745,0.48413408,-0.020867975
1356023580923,0.2012766,0.16466346,-0.965595,-0.4411395,-0.8649051,-0.23944753,-0.87457633,0.47415727,-0.101445615
1356023580962,0.34455007,0.25626376,-0.90311354,-0.33188054,-0.86664563,-0.37253273,-0.8781461,0.428082,-0.21355388
1356023581001,0.4616245,0.38596377,-0.79870814,-0.14969787,-0.8535759,-0.49899775,-0.8743531,0.3499145,-0.33625358
1356023581041,0.50975657,0.46327105,-0.72493327,0.0042052567,-0.84396505,-0.5363817,-0.8603084,0.2703756,-0.4321649
1356023581081,0.52268124,0.48936453,-0.6980879,0.08716306,-0.8452283,-0.5272492,-0.84806067,0.21473578,-0.4844395
1356023581120,0.52115536,0.46868208,-0.71325606,0.09779397,-0.86301017,-0.49563065,-0.8478405,0.18854842,-0.49559665
1356023581161,0.50791734,0.38481677,-0.77067244,0.03639798,-0.9034568,-0.42713112,-0.8606365,0.18889637,-0.47288793
1356023581201,0.46050996,0.18020143,-0.8691709,-0.107417986,-0.96066767,-0.25608397,-0.88113105,0.2112938,-0.42304015
1356023581240,0.29533738,-0.24544844,-0.923326,-0.31605962,-0.93712133,0.14802003,-0.90159976,0.2481102,-0.3543433
1356023581281,-0.031927884,-0.72961754,-0.68310964,-0.3976001,-0.6177813,0.6784249,-0.91700315,0.29326516,-0.2703715
1356023581321,-0.24931067,-0.890884,-0.37969708,-0.2899385,-0.3054276,0.9070003,-0.92400205,0.33621368,-0.18215513
1356023581376,-0.34256607,-0.9124975,-0.22359979,-0.17098331,-0.17347169,0.9698826,-0.9238037,0.37048075,-0.0965963
1356023581400,-0.38036478,-0.90713525,-0.18007907,-0.09200165,-0.15663463,0.9833623,-0.9202491,0.3906039,-0.023879707
1356023581444,-0.3888582,-0.89519954,-0.21773192,-0.057790965,-0.21216518,0.97552353,-0.9194833,0.39192325,0.03076762
1356023581481,-0.38026494,-0.8683327,-0.31842878,-0.06338692,-0.31901503,0.94562757,-0.9227029,0.37977326,0.06626934
1356023581520,-0.3510874,-0.81245637,-0.4654592,-0.09740624,-0.46271557,0.88113916,-0.9312624,0.35469553,0.08331528
1356023581561,-0.3056153,-0.7156614,-0.62803495,-0.14315364,-0.61755985,0.77338654,-0.9413321,0.32626432,0.08628628
1356023581602,-0.25646567,-0.5952079,-0.7615464,-0.18476619,-0.74317884,0.64307594,-0.94872904,0.30563495,0.08062555
1356023581641,-0.21688807,-0.48472458,-0.84734976,-0.21848242,-0.82188934,0.52608293,-0.95143306,0.29923216,0.07235426
1356023581681,-0.19251013,-0.40784514,-0.8925258,-0.24745667,-0.85996765,0.44634175,-0.9495816,0.30678678,0.06462841
1356023581722,-0.18609738,-0.3749308,-0.90818214,-0.27421343,-0.86778176,0.41444165,-0.94349074,0.32616222,0.058680862
1356023581761,-0.19862819,-0.39021292,-0.89904433,-0.29359522,-0.8515047,0.43444404,-0.93506616,0.35024795,0.05456817
1356023581802,-0.23184514,-0.44689056,-0.8640235,-0.3057274,-0.8097403,0.5008506,-0.92346007,0.38027543,0.051107675
1356023581841,-0.2871462,-0.5443547,-0.7881783,-0.30002233,-0.73031753,0.6136962,-0.90968883,0.41269162,0.04638928
1356023581880,-0.35300958,-0.65127075,-0.6717371,-0.27705356,-0.6129967,0.7399165,-0.8936585,0.4473048,0.03595683
1356023581921,-0.4099033,-0.74062884,-0.53239864,-0.24576423,-0.47242302,0.8464139,-0.87839586,0.47779232,0.0116276145
1356023581960,-0.4272499,-0.7911243,-0.4376983,-0.24652821,-0.36382818,0.8982499,-0.8698743,0.49168223,-0.03958893
1356023582000,-0.37318194,-0.8047911,-0.4615698,-0.32070708,-0.35493737,0.87816083,-0.87056434,0.47574243,-0.12564605
1356023582040,-0.1752885,-0.73330927,-0.6569104,-0.45388672,-0.531909,0.7148843,-0.8736479,0.42347395,-0.23960176
1356023582080,0.14832413,-0.48597673,-0.8612935,-0.47220775,-0.80003256,0.37009147,-0.8689187,0.35181603,-0.34814614
1356023582120,0.35080427,-0.25883934,-0.8999658,-0.37003633,-0.92114425,0.12069128,-0.860238,0.29068106,-0.4189213
1356023582162,0.39658582,-0.2035682,-0.8951423,-0.3216762,-0.9440942,0.07218444,-0.85979307,0.25931865,-0.43989742
1356023582201,0.36155277,-0.2553388,-0.89670604,-0.3364464,-0.9326959,0.12993145,-0.8695306,0.25471646,-0.4231266
1356023582242,0.24095738,-0.40797642,-0.8806218,-0.3929586,-0.87066686,0.29584238,-0.88742495,0.27476254,-0.37011147
1356023582281,0.08833808,-0.5565075,-0.826133,-0.41990775,-0.772885,0.4757375,-0.90325737,0.30487394,-0.301957
1356023582319,-0.07061893,-0.6752826,-0.7341706,-0.40035868,-0.6549368,0.6409141,-0.9136334,0.3391922,-0.22410434
1356023582378,-0.19487232,-0.7373288,-0.646816,-0.34642416,-0.56521547,0.7486799,-0.91761374,0.3699697,-0.14528361
1356023582409,-0.2800902,-0.7569693,-0.5903787,-0.2832473,-0.5224484,0.8042503,-0.9172352,0.3924858,-0.06807682
1356023582440,-0.32100618,-0.73393565,-0.59857625,-0.24526066,-0.5460431,0.8010519,-0.914769,0.4039498,-0.0047223866
1356023582480,-0.33049768,-0.6840992,-0.6502149,-0.23118196,-0.60926294,0.7585206,-0.9150553,0.4010073,0.04320866
1356023582520,-0.30739796,-0.59263265,-0.74450856,-0.24195358,-0.7080001,0.66347134,-0.920307,0.38408628,0.074248284
1356023582562,-0.25849408,-0.46374363,-0.8474211,-0.26023442,-0.8113761,0.52339923,-0.9303004,0.35582379,0.089053914
1356023582601,-0.20323014,-0.32600877,-0.9232637,-0.27010468,-0.88768667,0.37290215,-0.9411382,0.32516277,0.092348136
1356023582642,-0.15423602,-0.20843226,-0.96579885,-0.2711103,-0.93104875,0.24422845,-0.9501108,0.2995068,0.08709306
1356023582681,-0.11937529,-0.12412351,-0.98505986,-0.2725618,-0.94993895,0.1527287,-0.9547039,0.2867217,0.07956791
1356023582720,-0.097400725,-0.073351234,-0.9925386,-0.2823446,-0.95427066,0.09823041,-0.9543557,0.2898056,0.07223621
1356023582762,-0.08690047,-0.053880423,-0.99475884,-0.30090222,-0.9504788,0.07776833,-0.94968736,0.30608326,0.066384315
1356023582800,-0.08844483,-0.06476143,-0.99397355,-0.32384184,-0.9418038,0.09017816,-0.94196814,0.32986602,0.06232521
1356023582840,-0.10374737,-0.10410653,-0.98914015,-0.34896946,-0.9274728,0.13421825,-0.9313736,0.35910448,0.059892923
1356023582880,-0.13666624,-0.17494021,-0.97504777,-0.37245357,-0.9029893,0.21421614,-0.9179328,0.39243618,0.058251046
1356023582921,-0.18784618,-0.2743224,-0.9431124,-0.39069217,-0.8601041,0.32799467,-0.90115106,0.4300792,0.054391652
1356023582961,-0.24972302,-0.39278647,-0.88507473,-0.39746132,-0.79190636,0.4635827,-0.88298523,0.46755022,0.041639745
1356023583002,-0.28418994,-0.4916447,-0.82311696,-0.40643403,-0.7157833,0.5678605,-0.868359,0.49592295,0.003597349
1356023583040,-0.25847894,-0.54984665,-0.79426533,-0.43771908,-0.6662924,0.60370237,-0.86115664,0.5037094,-0.068455875
1356023583082,-0.094536364,-0.5106173,-0.8545951,-0.49904364,-0.7184838,0.48449612,-0.86140484,0.47228277,-0.18689755
1356023583121,0.15820122,-0.3715396,-0.91483915,-0.49404782,-0.83197635,0.2524522,-0.8549205,0.41203606,-0.31517798
1356023583177,0.35694087,-0.2194413,-0.9079861,-0.40520412,-0.912178,0.061163485,-0.84166676,0.34608793,-0.4145121
1356023583198,0.4371072,-0.15243372,-0.8863979,-0.33715528,-0.941439,-0.004361421,-0.8338247,0.30076015,-0.4629036
1356023583237,0.43145102,-0.17015699,-0.8859439,-0.33106777,-0.9433958,0.019962743,-0.8391925,0.28469455,-0.46336257
1356023583275,0.36128294,-0.2483886,-0.89876455,-0.3704206,-0.92278165,0.10612544,-0.8557238,0.2945796,-0.42539352
1356023583318,0.24343276,-0.352093,-0.9037538,-0.41727737,-0.8791623,0.23011567,-0.87556845,0.32109833,-0.36093736
1356023583363,0.1055696,-0.44369668,-0.8899372,-0.439905,-0.8234445,0.3583612,-0.8918176,0.3536558,-0.2821151
1356023583400,-0.022388756,-0.5012717,-0.86500025,-0.43180794,-0.7755026,0.4605839,-0.9016876,0.38382587,-0.19909057
1356023583442,-0.1273486,-0.5252466,-0.841367,-0.40335453,-0.7475384,0.52772295,-0.9061388,0.40657395,-0.11666265
1356023583481,-0.1962691,-0.51473904,-0.83457905,-0.3720718,-0.74838305,0.549077,-0.90721613,0.41829017,-0.04463549
1356023583521,-0.23352969,-0.48305252,-0.8438745,-0.3444893,-0.7704766,0.5363702,-0.9092805,0.41596413,0.013522714
1356023583561,-0.24123478,-0.43312633,-0.8684511,-0.3238572,-0.8076515,0.4927632,-0.9148346,0.40012577,0.05456254
1356023583600,-0.22691965,-0.37510994,-0.89877695,-0.30378512,-0.8495459,0.43126145,-0.9253227,0.37089673,0.07882579
1356023583642,-0.20188838,-0.31779766,-0.9264155,-0.28153187,-0.8871413,0.36567765,-0.938073,0.33464158,0.08963335
1356023583680,-0.17726886,-0.2700727,-0.94638073,-0.26138574,-0.9141545,0.30983698,-0.9488168,0.30229485,0.09145799
1356023583720,-0.1597256,-0.23681535,-0.95833516,-0.25147608,-0.9290088,0.27148196,-0.9545928,0.28436098,0.08883309
1356023583761,-0.15116882,-0.21922322,-0.9638927,-0.25560495,-0.9332675,0.25234485,-0.95488954,0.2845224,0.08504641
1356023583801,-0.15187538,-0.21727362,-0.96422297,-0.27116144,-0.92895055,0.2520363,-0.95047635,0.2997382,0.08216849
1356023583840,-0.16192555,-0.23109944,-0.95936084,-0.29122585,-0.91769814,0.27021787,-0.9428508,0.32314584,0.08129665
1356023583883,-0.18293709,-0.25997058,-0.94812936,-0.3133872,-0.898674,0.30687687,-0.9318382,0.35327074,0.082929425
1356023583921,-0.21496463,-0.30632722,-0.92733693,-0.33143485,-0.8703014,0.3643161,-0.91866267,0.38566685,0.08555658
1356023583963,-0.25525975,-0.36351025,-0.8959368,-0.3476172,-0.83017063,0.4358658,-0.9022221,0.42270204,0.08554675
1356023584001,-0.29723316,-0.4326288,-0.8511667,-0.3580373,-0.7759051,0.5194041,-0.88513374,0.45913354,0.07572748
1356023584040,-0.3134604,-0.49446553,-0.8107074,-0.37560946,-0.7195484,0.5840956,-0.87215835,0.4876002,0.03982401
1356023584082,-0.26865315,-0.5351911,-0.80087197,-0.41675985,-0.6850033,0.5975631,-0.86841047,0.4943085,-0.039017797
1356023584120,-0.13203168,-0.5300615,-0.8376171,-0.47649622,-0.70703954,0.52253836,-0.8692059,0.46811303,-0.15922064
1356023584160,0.0889076,-0.44875118,-0.88922316,-0.49655756,-0.7938761,0.3509862,-0.86343855,0.4103451,-0.2934124
1356023584201,0.2828409,-0.33215365,-0.8998194,-0.44464442,-0.8766397,0.18383184,-0.84987783,0.3481045,-0.39563984
1356023584242,0.3737628,-0.2637196,-0.8892431,-0.3890985,-0.91486984,0.107775435,-0.84196424,0.3057207,-0.4445572
1356023584282,0.37916422,-0.26554406,-0.8864089,-0.374331,-0.920073,0.1155076,-0.84623325,0.28801402,-0.44826013
1356023584322,0.3082608,-0.34108296,-0.88805276,-0.4005486,-0.8932668,0.20404716,-0.86286503,0.29280856,-0.41197944
1356023584382,0.19936281,-0.44059882,-0.8752869,-0.42748395,-0.84284776,0.32690236,-0.8817664,0.3089989,-0.35638142
1356023584403,0.05373776,-0.55176836,-0.8322643,-0.4339053,-0.76357126,0.4782103,-0.89935446,0.33542594,-0.28044784
1356023584439,-0.07265872,-0.6221296,-0.7795353,-0.40837294,-0.69452065,0.5923449,-0.9099188,0.3613802,-0.2035979
1356023584480,-0.17703122,-0.66208947,-0.72821534,-0.36421096,-0.64330536,0.67343044,-0.91433597,0.3844422,-0.12725508
1356023584521,-0.2490362,-0.66996956,-0.6993724,-0.31800452,-0.6255202,0.71245885,-0.9147973,0.39983165,-0.05727616
1356023584560,-0.28791022,-0.65119004,-0.7021817,-0.2821027,-0.6430236,0.7119963,-0.91516435,0.40307835,0.0014306009
1356023584600,-0.29595798,-0.60837877,-0.73639953,-0.26120603,-0.6900057,0.6750287,-0.91879296,0.39213204,0.045300364
1356023584640,-0.27997053,-0.54589504,-0.789693,-0.25071192,-0.75246656,0.60904646,-0.9266931,0.3685005,0.07380606
1356023584681,-0.2505976,-0.47181612,-0.8453344,-0.24452071,-0.814036,0.52683485,-0.9367019,0.33872533,0.08862665
1356023584720,-0.22056681,-0.39887264,-0.8900848,-0.24226817,-0.86155665,0.4461235,-0.94480497,0.31403926,0.09339672
1356023584760,-0.19744515,-0.3381802,-0.9201357,-0.24789038,-0.8908854,0.3806227,-0.94845444,0.30324486,0.09206933
1356023584802,-0.18342525,-0.2953288,-0.9376225,-0.26223975,-0.9045402,0.3362101,-0.9474098,0.30755135,0.08846861
1356023584841,-0.17879927,-0.27265066,-0.94535303,-0.2834621,-0.90582085,0.3148617,-0.94216776,0.32426882,0.08467397
1356023584882,-0.18374944,-0.27225477,-0.9445176,-0.30445558,-0.89786386,0.31803668,-0.93463516,0.3460027,0.082092494
1356023584920,-0.19943303,-0.29251048,-0.93523484,-0.3235804,-0.8812128,0.34461564,-0.92494446,0.37135136,0.08109214
1356023584959,-0.22781575,-0.33470967,-0.9143684,-0.3388339,-0.85311955,0.39670995,-0.9128481,0.40019575,0.08094302
1356023585001,-0.26793063,-0.39507616,-0.8787082,-0.34958088,-0.8100307,0.47079027,-0.8977786,0.43331873,0.07892096
1356023585038,-0.31112593,-0.4644024,-0.82917494,-0.35792527,-0.7509773,0.5549077,-0.880392,0.46942887,0.06742722
1356023585082,-0.33491158,-0.5274483,-0.7807896,-0.37377763,-0.6862884,0.6239378,-0.86494184,0.5008057,0.032697618
1356023585122,-0.2958132,-0.56227845,-0.7722289,-0.42060396,-0.6491587,0.6337864,-0.8576636,0.51228493,-0.044466823
1356023585161,-0.15312982,-0.5447159,-0.8245216,-0.49332952,-0.68081754,0.54139954,-0.85625774,0.48966524,-0.16447097
1356023585202,0.09245145,-0.4423299,-0.8920745,-0.51682866,-0.78709143,0.33671236,-0.85108215,0.42992014,-0.30137652
1356023585241,0.2959882,-0.3179406,-0.9007246,-0.4573906,-0.8750154,0.15856199,-0.8385611,0.3650505,-0.40441728
1356023585284,0.3808906,-0.2598326,-0.8873609,-0.40074822,-0.9112688,0.09481611,-0.8332606,0.31949374,-0.45122117
1356023585321,0.3879519,-0.26155055,-0.88378996,-0.3822595,-0.9181915,0.1039333,-0.8386722,0.29751596,-0.4561943
1356023585381,0.32510358,-0.3236858,-0.888558,-0.40112326,-0.8980857,0.1803945,-0.8563923,0.29777434,-0.42180878
1356023585399,0.219046,-0.41003764,-0.8853744,-0.42512155,-0.85686004,0.2916548,-0.8782314,0.31250593,-0.36200762
1356023585440,0.09133899,-0.49347788,-0.864949,-0.4319213,-0.8022579,0.41209978,-0.89727426,0.33594912,-0.28642106
1356023585481,-0.03508252,-0.55454683,-0.8314127,-0.41405243,-0.74910015,0.5171164,-0.90957665,0.36239022,-0.2033311
1356023585521,-0.14050788,-0.58488184,-0.7988559,-0.3790431,-0.7136117,0.5891389,-0.9146496,0.38557947,-0.12142736
1356023585561,-0.21866816,-0.5885426,-0.7783327,-0.33889896,-0.70218027,0.6261711,-0.91505826,0.40069988,-0.045911938
1356023585600,-0.2645442,-0.56727946,-0.7798785,-0.30616915,-0.7174473,0.62572354,-0.91448176,0.40430623,0.016112983
1356023585642,-0.27942437,-0.52728105,-0.80243176,-0.28268993,-0.75350124,0.5935675,-0.9176102,0.3926966,0.061489567
1356023585679,-0.27168465,-0.4723286,-0.8385065,-0.26843047,-0.7995094,0.5373358,-0.92419297,0.3710666,0.09042704
1356023585722,-0.2485125,-0.41294354,-0.87619585,-0.25676215,-0.8441304,0.47065598,-0.9339779,0.34193778,0.10374871
1356023585761,-0.22462845,-0.35815543,-0.90623766,-0.24973512,-0.8777842,0.408812,-0.94189936,0.31815022,0.10773137
1356023585800,-0.20699918,-0.3165968,-0.92569846,-0.25111848,-0.8972978,0.3630372,-0.94556373,0.30760846,0.10623667
1356023585840,-0.19873911,-0.29169354,-0.9356376,-0.26190504,-0.9041533,0.3375094,-0.94440913,0.3121245,0.10329461
1356023585881,-0.20056552,-0.28432798,-0.9375132,-0.27952147,-0.9005718,0.33292347,-0.9389575,0.32882804,0.10114794
1356023585921,-0.21283329,-0.2942857,-0.93171763,-0.3000359,-0.8878111,0.34895527,-0.92988193,0.35381806,0.10065954
1356023585960,-0.23558325,-0.32020593,-0.91758853,-0.32020593,-0.8658692,0.3843679,-0.91758853,0.3843679,0.101452455
1356023586001,-0.2681409,-0.35882252,-0.89406204,-0.33890593,-0.8335922,0.4361959,-0.90180004,0.4199649,0.10191308
1356023586040,-0.30608428,-0.40634057,-0.8609296,-0.35436222,-0.79072005,0.49918866,-0.8835949,0.45787472,0.09803517
1356023586082,-0.3342588,-0.45469207,-0.825546,-0.37040848,-0.7420669,0.55868983,-0.86664224,0.4925362,0.07962054
1356023586121,-0.33535296,-0.49868202,-0.79928386,-0.39201123,-0.69761086,0.5997219,-0.85665953,0.51444674,0.038456857
1356023586177,-0.27378458,-0.5243998,-0.80625486,-0.43298358,-0.68133235,0.59017915,-0.85881734,0.51067704,-0.040518224
1356023586198,-0.13681805,-0.5218749,-0.8419783,-0.4802309,-0.7084674,0.5171578,-0.86640584,0.4751005,-0.15368932
1356023586237,0.038223326,-0.4868517,-0.87264794,-0.49651212,-0.76711005,0.40622392,-0.8671878,0.417753,-0.27104926
1356023586274,0.17435253,-0.445368,-0.87820756,-0.4776665,-0.8181576,0.3200825,-0.8610667,0.36368316,-0.35538524
1356023586317,0.23082203,-0.43055272,-0.87255114,-0.45717585,-0.839603,0.29335484,-0.8589013,0.33119658,-0.39063716
1356023586370,0.18598974,-0.465686,-0.8651846,-0.45537534,-0.8211236,0.34407756,-0.8706556,0.32998887,-0.36478245
1356023586407,0.11208588,-0.5056213,-0.8554436,-0.45322296,-0.792125,0.4088117,-0.88432217,0.34188467,-0.31794518
1356023586453,0.013311267,-0.54666454,-0.83724594,-0.4430971,-0.753844,0.48516402,-0.8963748,0.36452308,-0.2522601
1356023586491,-0.078003526,-0.5702686,-0.8177464,-0.42247745,-0.7240461,0.54522467,-0.9030106,0.3880089,-0.1844475
1356023586530,-0.16139418,-0.58102435,-0.79772335,-0.39368945,-0.7033134,0.5919112,-0.9049644,0.4095863,-0.11523247
1356023586571,-0.22855943,-0.577483,-0.7837563,-0.36113453,-0.697333,0.6191192,-0.90406996,0.424547,-0.049167097
1356023586610,-0.27344155,-0.5619331,-0.78067976,-0.33019468,-0.7074566,0.6248813,-0.9034385,0.42864484,0.007900745
1356023586650,-0.29348433,-0.5381392,-0.7901096,-0.30336803,-0.731356,0.6108079,-0.90655106,0.41895652,0.05138728
1356023586691,-0.29023325,-0.50926465,-0.8101939,-0.28079918,-0.76404685,0.5808478,-0.9148314,0.39608318,0.07875076
1356023586730,-0.27034134,-0.4791195,-0.8350808,-0.26103017,-0.7984135,0.5425855,-0.92670316,0.3646646,0.0907796
1356023586770,-0.24451792,-0.4520844,-0.8578057,-0.24483576,-0.827208,0.5057492,-0.93822515,0.3336863,0.09158082
1356023586812,-0.22272563,-0.43202794,-0.8739251,-0.23630957,-0.8457825,0.47834063,-0.9458071,0.31305557,0.086285084
1356023586851,-0.21119148,-0.42126355,-0.8820064,-0.23770186,-0.8531351,0.46439037,-0.9481013,0.3077298,0.08003968
1356023586893,-0.21178162,-0.41968596,-0.8826167,-0.2496091,-0.8499228,0.46403298,-0.94490415,0.3185828,0.07524058
1356023586931,-0.22165966,-0.42730013,-0.87651676,-0.26434657,-0.8388864,0.47580522,-0.93860954,0.33717102,0.07299194
1356023586970,-0.2406168,-0.44137883,-0.8644583,-0.28058165,-0.82097095,0.49727312,-0.9291811,0.36220345,0.07369666
1356023587012,-0.26846015,-0.46256366,-0.8449639,-0.29594436,-0.79513764,0.5293138,-0.91670394,0.39216202,0.07656965
1356023587050,-0.30248672,-0.48954782,-0.8178293,-0.30926344,-0.76119554,0.57003295,-0.90158635,0.42535204,0.07885225
1356023587090,-0.3354553,-0.519134,-0.7861105,-0.32329455,-0.72034603,0.6136631,-0.8848449,0.46000174,0.07381064
1356023587130,-0.35080898,-0.54913723,-0.758539,-0.34453025,-0.67751837,0.64982134,-0.87076515,0.4893028,0.04848513
1356023587171,-0.3205918,-0.5755354,-0.75231636,-0.38563073,-0.646133,0.6586358,-0.86516464,0.5012695,-0.014799178
1356023587210,-0.22872245,-0.5898308,-0.7744583,-0.44587845,-0.6437222,0.62194383,-0.86537766,0.4875668,-0.115759134
1356023587252,-0.07826573,-0.57589066,-0.8137718,-0.49957338,-0.6837355,0.53191376,-0.8627288,0.44816932,-0.23418659
1356023587291,0.066096425,-0.5363502,-0.84140337,-0.5164687,-0.73989093,0.43107015,-0.8537513,0.40606636,-0.32591227
1356023587333,0.14342141,-0.5022631,-0.85273796,-0.507868,-0.7768905,0.37217093,-0.8494118,0.37970108,-0.3665061
1356023587371,0.15537548,-0.48762488,-0.85911614,-0.49694598,-0.7902053,0.3586367,-0.8537583,0.3712109,-0.36510175
1356023587408,0.107821286,-0.49966642,-0.8594813,-0.4883106,-0.7796681,0.3920082,-0.8659834,0.37742698,-0.32805723
1356023587448,0.02585429,-0.5252132,-0.85057783,-0.47343534,-0.75582445,0.45231447,-0.88044906,0.39099935,-0.2681958
1356023587490,-0.06623626,-0.5505197,-0.83219045,-0.4457691,-0.7298387,0.5182908,-0.89269406,0.40529442,-0.19706288
1356023587531,-0.15147567,-0.5674017,-0.80938894,-0.40633038,-0.7107107,0.57426983,-0.90108305,0.41586724,-0.12289712
1356023587571,-0.22010559,-0.57270503,-0.7896598,-0.36120936,-0.7041183,0.6113471,-0.9061354,0.41979337,-0.05188608
1356023587611,-0.26568705,-0.56538826,-0.7808627,-0.31828645,-0.7131134,0.62463033,-0.91000235,0.41449416,0.009509534
1356023587651,-0.28577042,-0.5461646,-0.7874259,-0.28352523,-0.73671794,0.61388934,-0.9153954,0.39868653,0.055680737
1356023587693,-0.2809431,-0.5171323,-0.80848324,-0.25644338,-0.7713315,0.5824813,-0.9248285,0.37097427,0.08408512
1356023587730,-0.26167792,-0.48290056,-0.83566236,-0.23567945,-0.8076508,0.5405139,-0.9359379,0.33838904,0.0975347
1356023587772,-0.2352475,-0.44932273,-0.8618397,-0.22022477,-0.8390211,0.49753863,-0.9466571,0.30684316,0.09842561
1356023587811,-0.21425712,-0.42357978,-0.88015574,-0.21308461,-0.8591099,0.46532273,-0.9532518,0.28724635,0.09381208
1356023587850,-0.20351326,-0.4094593,-0.8893399,-0.21786542,-0.8666359,0.44886172,-0.9545245,0.2851057,0.08716488
1356023587893,-0.20483392,-0.4093775,-0.8890743,-0.23279396,-0.8618937,0.4504955,-0.9507103,0.2992479,0.08124447
1356023587930,-0.21674073,-0.42400783,-0.8793411,-0.24927801,-0.8468543,0.46978533,-0.9438665,0.32102203,0.07785198
1356023587970,-0.23983419,-0.45090848,-0.85974485,-0.26470125,-0.82166475,0.5047776,-0.9340305,0.34863842,0.0777072
1356023588010,-0.27500486,-0.4906609,-0.8268157,-0.27568138,-0.7836207,0.5567211,-0.9210712,0.3810387,0.080233425
1356023588051,-0.32184196,-0.54021466,-0.7775512,-0.28118807,-0.7296552,0.62332696,-0.90407467,0.4192509,0.08293182
1356023588090,-0.37333858,-0.5940848,-0.71251774,-0.2809363,-0.6595851,0.6971529,-0.88413405,0.46044618,0.079348564
1356023588132,-0.41059983,-0.64211494,-0.6473765,-0.2883016,-0.5821374,0.760262,-0.8650376,0.49880302,0.053902715
1356023588171,-0.41481715,-0.6820146,-0.60231465,-0.3179515,-0.51157725,0.7982454,-0.85254544,0.52263266,-0.0046366155
1356023588213,-0.3389786,-0.7039806,-0.62410325,-0.40122873,-0.4918477,0.7727234,-0.850946,0.5123448,-0.11573139
1356023588251,-0.18895954,-0.6947709,-0.6939652,-0.49744317,-0.5415889,0.6776663,-0.8466667,0.47325978,-0.2432706
1356023588290,0.0071099997,-0.6347761,-0.7726634,-0.54579365,-0.6499027,0.52890056,-0.8378895,0.41795433,-0.35107756
1356023588332,0.14934218,-0.56301737,-0.8128397,-0.5323932,-0.73850954,0.4137162,-0.83321923,0.37096506,-0.41003728
1356023588384,0.19258898,-0.5332717,-0.8237298,-0.5069785,-0.77280295,0.38177013,-0.84016806,0.34408855,-0.4191906
1356023588410,0.1543206,-0.5522715,-0.8192566,-0.48999217,-0.762815,0.4219253,-0.8579585,0.33631754,-0.38832676
1356023588450,0.07222384,-0.5922718,-0.80249476,-0.47048008,-0.72968554,0.496193,-0.87944996,0.34172082,-0.33135277
1356023588492,-0.028960407,-0.6324417,-0.7740664,-0.43755633,-0.6882354,0.57868505,-0.8987245,0.35545656,-0.25679722
1356023588531,-0.12021226,-0.6538649,-0.74700046,-0.39352256,-0.6594297,0.6405407,-0.9114214,0.37096238,-0.17803907
1356023588572,-0.19706362,-0.6587173,-0.726125,-0.34491074,-0.6467185,0.68028796,-0.9177159,0.38450837,-0.099753946
1356023588611,-0.24861914,-0.6423459,-0.72496915,-0.30430755,-0.6587725,0.68805206,-0.9195572,0.39167652,-0.03168726
1356023588654,-0.27610898,-0.61052096,-0.7423126,-0.27335125,-0.69055974,0.66963154,-0.9214353,0.38780338,0.023783058
1356023588692,-0.2794158,-0.5587535,-0.7808467,-0.2567059,-0.74016243,0.62149966,-0.92521834,0.37410474,0.06337763
1356023588730,-0.26402175,-0.4961273,-0.82713366,-0.24715143,-0.7941309,0.5552227,-0.93231356,0.35101816,0.087049246
1356023588771,-0.23852098,-0.42853752,-0.871472,-0.2423025,-0.84273106,0.48072237,-0.94042397,0.32582217,0.09717326
1356023588810,-0.21365577,-0.36719868,-0.9052714,-0.24304627,-0.877552,0.41331708,-0.94619226,0.30833042,0.09824779
1356023588850,-0.19582647,-0.3209892,-0.9266164,-0.25162238,-0.89682865,0.363847,-0.947807,0.30440828,0.09485466
1356023588891,-0.18727708,-0.29454374,-0.937108,-0.26659822,-0.90294,0.33708283,-0.94543785,0.31295916,0.09057507
1356023588931,-0.18941903,-0.28976274,-0.9381674,-0.2856896,-0.8978636,0.33499616,-0.93941575,0.3314793,0.08729026
1356023588971,-0.2036941,-0.30899322,-0.92899513,-0.30341923,-0.88224536,0.3599723,-0.9308306,0.35519922,0.08595362
1356023589013,-0.23266262,-0.3505685,-0.9071768,-0.3189132,-0.8536992,0.41169396,-0.9187831,0.38509646,0.086823046
1356023589051,-0.2769516,-0.41646492,-0.86594164,-0.32535875,-0.807314,0.49232712,-0.90412366,0.41809246,0.08808626
1356023589096,-0.33080542,-0.49376678,-0.8042152,-0.3268293,-0.7395109,0.58847785,-0.8852967,0.45751277,0.08325675
1356023589140,-0.37420917,-0.57546407,-0.7271923,-0.32926074,-0.65062356,0.6843072,-0.8669226,0.4955099,0.053991556
1356023589196,-0.376406,-0.6417435,-0.6681944,-0.35532844,-0.56608224,0.7438364,-0.8556051,0.517413,-0.014952958
1356023589217,-0.2866102,-0.6645672,-0.6900762,-0.43800884,-0.549713,0.71131134,-0.852058,0.50612855,-0.13353294
1356023589259,-0.059081018,-0.5968884,-0.80014604,-0.5298414,-0.66057366,0.5318934,-0.8460364,0.45537528,-0.27722883
1356023589295,0.20462859,-0.43825066,-0.8752506,-0.51392096,-0.80911624,0.28498447,-0.8330741,0.39149362,-0.39079452
1356023589337,0.3434546,-0.3260603,-0.8807517,-0.4465195,-0.881718,0.15229496,-0.82623196,0.3409664,-0.44842237
1356023589381,0.34250492,-0.34233674,-0.8749262,-0.4302754,-0.88500583,0.17784193,-0.8351966,0.3155475,-0.45041794
1356023589421,0.2761222,-0.4195556,-0.8647136,-0.44349146,-0.85380316,0.27264524,-0.85268503,0.30820972,-0.42182335
1356023589460,0.15346086,-0.53634065,-0.82993275,-0.45803115,-0.78281534,0.4211978,-0.87558955,0.31549773,-0.36579227
1356023589502,0.019320667,-0.6340449,-0.77305484,-0.44161284,-0.6990992,0.5623508,-0.8969977,0.33052593,-0.29350942
1356023589540,-0.096021175,-0.69243234,-0.71506464,-0.39703077,-0.6321188,0.66542643,-0.9127686,0.3477977,-0.21422014
1356023589580,-0.1821838,-0.71504563,-0.67492133,-0.34216136,-0.5974047,0.7252815,-0.92181057,0.36306655,-0.13582355
1356023589621,-0.24012375,-0.7103223,-0.6616516,-0.29221863,-0.5970863,0.7470584,-0.9257153,0.37273335,-0.0641948
1356023589661,-0.26920873,-0.67937624,-0.6826234,-0.2586682,-0.63174164,0.7307485,-0.9276947,0.3732968,-0.0056627095
1356023589702,-0.27112174,-0.6231538,-0.7336024,-0.2429206,-0.69318014,0.67859495,-0.93138754,0.36218897,0.036559254
1356023589742,-0.24981093,-0.54176617,-0.80254847,-0.24019992,-0.76824826,0.5933791,-0.9380291,0.3410046,0.061784565
1356023589779,-0.21814334,-0.44806692,-0.8669773,-0.24277177,-0.8355309,0.49289966,-0.9452383,0.31800038,0.073487505
1356023589822,-0.18674183,-0.3607582,-0.913773,-0.248326,-0.88259566,0.39919814,-0.95050603,0.3014606,0.07523188
1356023589861,-0.16449332,-0.29363403,-0.9416587,-0.25835428,-0.90850896,0.32842755,-0.95194274,0.29730564,0.07358199
1356023589902,-0.15429914,-0.2541859,-0.95476764,-0.27500108,-0.9171059,0.28860196,-0.9489816,0.30709317,0.07160726
1356023589943,-0.15817827,-0.2465646,-0.95613045,-0.29599622,-0.9119489,0.28413957,-0.9420009,0.32795572,0.07126837
1356023589980,-0.1777358,-0.27392474,-0.9451852,-0.31383404,-0.894548,0.31826395,-0.93269396,0.35319823,0.07302636
1356023590020,-0.21526057,-0.33273423,-0.9181235,-0.32560325,-0.8619122,0.3887028,-0.9206766,0.3826164,0.07719636
1356023590060,-0.27495795,-0.4271681,-0.861351,-0.322921,-0.8028095,0.5012176,-0.90560484,0.4159621,0.08279723
1356023590102,-0.35194468,-0.5470222,-0.75954044,-0.29684848,-0.70433927,0.64481556,-0.8877026,0.45240784,0.085505754
1356023590140,-0.4250257,-0.6637404,-0.6154687,-0.25051188,-0.5671297,0.78460664,-0.8698258,0.48766023,0.074769914
1356023590182,-0.46211964,-0.7475064,-0.47715795,-0.22356135,-0.422482,0.8783675,-0.8581759,0.51258487,0.028123677
1356023590221,-0.460064,-0.80447567,-0.3757128,-0.24450889,-0.29200095,0.9246355,-0.85355526,0.5172566,-0.062362313
1356023590267,-0.39388353,-0.84190196,-0.36885875,-0.34884804,-0.23434925,0.90740585,-0.8503886,0.48608792,-0.20138949
1356023590301,-0.28587407,-0.86575514,-0.4107846,-0.46769506,-0.24809569,0.84835714,-0.83638346,0.43464524,-0.33398533
1356023590340,-0.1752922,-0.87372893,-0.45372945,-0.54415995,-0.29808617,0.7842415,-0.8204649,0.38437277,-0.42319614
1356023590381,-0.14849198,-0.8928113,-0.42525077,-0.55797076,-0.27939075,0.7814151,-0.8164673,0.35331133,-0.45667535
1356023590406,-0.17552653,-0.9150588,-0.36312234,-0.5412409,-0.21840772,0.81200755,-0.82234347,0.33906552,-0.45693082
1356023590446,-0.24720535,-0.93067557,-0.2696894,-0.48130172,-0.12362459,0.86779356,-0.84097445,0.3443252,-0.41737515
1356023590490,-0.3108784,-0.9299274,-0.19644254,-0.3957457,-0.061267495,0.9163141,-0.86414117,0.36260355,-0.34896803
1356023590530,-0.35522896,-0.92178607,-0.15531552,-0.30535403,-0.04261154,0.951285,-0.8834995,0.3853502,-0.26633418
1356023590570,-0.38560945,-0.9119984,-0.13987246,-0.22128451,-0.05575931,0.973614,-0.8957336,0.4063863,-0.18030983
1356023590613,-0.40544707,-0.90229964,-0.14651963,-0.15160677,-0.091691256,0.9841789,-0.90145886,0.42124578,-0.09961885
1356023590650,-0.41539204,-0.8925481,-0.17552027,-0.10332543,-0.1454091,0.98396146,-0.90375507,0.4268655,-0.03182113
1356023590692,-0.41296947,-0.88127697,-0.22979805,-0.07892212,-0.21674097,0.9730338,-0.90731883,0.41996935,0.019955158
1356023590731,-0.3990273,-0.8624979,-0.31124672,-0.078259885,-0.30616784,0.94875526,-0.9135932,0.4029374,0.054670393
1356023590770,-0.37077153,-0.83079684,-0.41509667,-0.095593125,-0.41044044,0.9068631,-0.9237914,0.37591937,0.07276118
1356023590811,-0.33607328,-0.78093714,-0.52649015,-0.12180275,-0.5182721,0.8464975,-0.9339265,0.3486132,0.07905716
1356023590854,-0.30233192,-0.71950746,-0.6252234,-0.15090394,-0.61151844,0.7767066,-0.9411819,0.3291719,0.07630509
1356023590892,-0.27766538,-0.6569861,-0.70090747,-0.178876,-0.68148094,0.70963883,-0.9438778,0.32241762,0.07170454
1356023590930,-0.26612854,-0.6075014,-0.7484101,-0.20543155,-0.72282827,0.65978575,-0.9417927,0.3293349,0.06756529
1356023590970,-0.2668141,-0.5764158,-0.7723698,-0.22892687,-0.7405782,0.6317724,-0.93616384,0.345382,0.065639645
1356023591010,-0.2792145,-0.5652903,-0.7761998,-0.24698828,-0.7388705,0.62695074,-0.92792034,0.36676598,0.06668328
1356023591051,-0.30351448,-0.5729185,-0.7613431,-0.25829387,-0.7196455,0.6445111,-0.91714954,0.39226875,0.070441484
1356023591091,-0.33833265,-0.59518886,-0.7288904,-0.26289046,-0.6839479,0.6805174,-0.90355945,0.42185956,0.074932426
1356023591135,-0.3785076,-0.62468785,-0.6830059,-0.26528865,-0.6337328,0.7266393,-0.88676596,0.4562322,0.074150085
1356023591170,-0.41070628,-0.65375227,-0.63555354,-0.2728349,-0.576996,0.7698289,-0.86998934,0.48957476,0.058609545
1356023591213,-0.4024822,-0.67108357,-0.6226194,-0.31612226,-0.53641003,0.7825158,-0.85911274,0.5117726,0.0037510395
1356023591251,-0.33894867,-0.6745614,-0.6558054,-0.39705956,-0.5293775,0.74973536,-0.8529112,0.51451564,-0.088409185
1356023591290,-0.19050282,-0.6413798,-0.74319625,-0.49814802,-0.5891907,0.6361626,-0.84590614,0.49141258,-0.2072596
