1356024237568,0.50808626,-0.16149655,-0.84603024,-0.85842526,-0.014675185,-0.5127288,0.07038826,0.9867642,-0.14608896
1356024237607,-0.7019436,0.15302631,0.6955992,0.70874786,0.05358529,0.70342386,0.0703685,0.98676825,-0.1460709
1356024237646,-0.7022221,0.15282384,0.69536245,0.70848536,0.053651333,0.70368326,0.07023248,0.986796,-0.14594853
1356024237687,-0.7030037,0.15220994,0.69470704,0.7077518,0.053849578,0.70440584,0.06980786,0.9868801,-0.14558333
1356024237727,-0.70444953,0.15099546,0.6935064,0.7063985,0.05425793,0.70573163,0.06893408,0.9870442,-0.14488488
1356024237767,-0.7062274,0.14935613,0.69205177,0.7047412,0.054837346,0.707342,0.06769559,0.98726165,-0.14398503
1356024237807,-0.70766926,0.14779514,0.6909131,0.7034124,0.055410206,0.7086188,0.06644681,0.9874646,-0.14317304
1356024237847,-0.70818746,0.14682674,0.69058853,0.7029714,0.05577296,0.7090279,0.06558806,0.98758864,-0.14271277
1356024237886,-0.70753026,0.14673626,0.691281,0.7036558,0.05583501,0.7083439,0.06534201,0.9875986,-0.14275682
1356024237927,-0.70569587,0.14760211,0.69296956,0.7054633,0.05570489,0.70655394,0.06568709,0.9874768,-0.14343852
1356024237967,-0.7027877,0.14935544,0.6955447,0.70829475,0.05565554,0.7037194,0.066393375,0.987216,-0.14490175
1356024238009,-0.69897395,0.15188187,0.69883287,0.71198785,0.056040585,0.699952,0.06714702,0.98680866,-0.14730895
1356024238047,-0.6945228,0.15509474,0.7025552,0.716283,0.05723369,0.6954588,0.067652166,0.9862403,-0.15084189
1356024238087,-0.6901097,0.15878966,0.7060697,0.7205354,0.059547484,0.69085664,0.06765625,0.98551506,-0.15550786
1356024238127,-0.6867804,0.16265354,0.7084325,0.72377133,0.06320137,0.6871395,0.06699175,0.98465705,-0.16112947
1356024238167,-0.6855913,0.16642842,0.70870745,0.72500896,0.06813246,0.6853612,0.0657776,0.9836969,-0.16737318
1356024238207,-0.6868954,0.170129,0.70656276,0.72388667,0.07385039,0.68595505,0.064520866,0.98265064,-0.17388165
1356024238247,-0.690558,0.17391297,0.7020569,0.72043514,0.07943255,0.68895835,0.06405267,0.9815522,-0.18014574
1356024238287,-0.6959272,0.1780428,0.69569105,0.71514404,0.08383727,0.693931,0.06522459,0.9804448,-0.18567091
1356024238327,-0.7019481,0.18291995,0.6883379,0.7089038,0.08617169,0.70002127,0.06873265,0.979344,-0.19016063
1356024238367,-0.70699966,0.18929076,0.6814107,0.70319784,0.085621774,0.7058199,0.07526162,0.97818094,-0.19364339
1356024238407,-0.70921504,0.19816878,0.6765671,0.6997932,0.0815528,0.7096749,0.0854595,0.97676927,-0.19651562
1356024238447,-0.70734644,0.21020678,0.67488825,0.6998254,0.07382417,0.7104889,0.099526495,0.9748657,-0.19932735
1356024238492,-0.70136714,0.22524494,0.6762756,0.70313585,0.0629248,0.7082658,0.116978794,0.972268,-0.20251113
1356024238527,-0.6924601,0.24237598,0.679524,0.70838684,0.049954236,0.7040545,0.13670081,0.96889544,-0.20628726
1356024238567,-0.68202746,0.26061386,0.6833147,0.7141483,0.036013722,0.6990675,0.15757793,0.96477115,-0.2106793
1356024238606,-0.67230487,0.27866742,0.6858212,0.7184894,0.02253449,0.6951728,0.17826739,0.9601233,-0.21536958
1356024238647,-0.6659064,0.29511243,0.6851841,0.71949035,0.01122731,0.6944117,0.19723675,0.9553966,-0.21980685
1356024238687,-0.6656403,0.3084765,0.679533,0.7152863,0.0040599704,0.69881964,0.2128106,0.95122325,-0.22335148
1356024238727,-0.6738906,0.31734505,0.66720575,0.7041886,0.0025978684,0.71000826,0.22358428,0.94830656,-0.22522146
1356024238767,-0.6918954,0.32041478,0.64700466,0.68471754,0.006965816,0.7287752,0.22900341,0.94725174,-0.22421324
1356024238808,-0.71928793,0.3165947,0.61837906,0.6557076,0.015329719,0.7548593,0.22950487,0.948437,-0.21862
1356024238846,-0.75320464,0.3058192,0.5823722,0.6175755,0.023971915,0.7861462,0.22645803,0.95178777,-0.20692223
1356024238887,-0.78839934,0.28992027,0.5425613,0.57372767,0.02831626,0.8185565,0.2219528,0.95663184,-0.18865979
1356024238927,-0.8194984,0.27236736,0.5042206,0.5299772,0.025415719,0.8476309,0.21805188,0.9618576,-0.16517669
1356024238967,-0.8435419,0.256469,0.4718693,0.49186355,0.016120791,0.87052304,0.21565528,0.96641797,-0.13974625
1356024239025,-0.86034477,0.2439566,0.44754007,0.46249643,0.0045629144,0.88660944,0.21425214,0.96977544,-0.11675471
1356024239047,-0.8713319,0.23481059,0.43086526,0.4423381,-0.004229963,0.8968384,0.2124097,0.97203195,-0.10018003
1356024239087,-0.87848586,0.22770238,0.42001694,0.42990798,-0.00677675,0.9028473,0.20842682,0.9737072,-0.09193778
1356024239125,-0.88351315,0.22097039,0.4130091,0.42298418,-0.0023959875,0.9061339,0.20121835,0.97527754,-0.09135014
1356024239167,-0.8874024,0.21360376,0.40852207,0.41967806,0.0076406,0.9076408,0.19075419,0.97689044,-0.09642506
1356024239207,-0.8903207,0.20562696,0.4062593,0.41905248,0.021018207,0.9077188,0.17811261,0.97840476,-0.104881406
1356024239247,-0.8922366,0.19734624,0.4061628,0.4205995,0.03583616,0.90653837,0.16434665,0.97967863,-0.114978015
1356024239287,-0.89318055,0.1887419,0.4081729,0.42382124,0.049847245,0.90437317,0.15034682,0.9807608,-0.124515474
1356024239327,-0.89418495,0.17849876,0.4105744,0.42629415,0.059302986,0.90263855,0.13677159,0.9821514,-0.12912077
1356024239367,-0.89869064,0.16295613,0.40718597,0.4205472,0.056673944,0.9054988,0.124479756,0.98500425,-0.119463086
1356024239407,-0.91299707,0.13718647,0.38420844,0.3914835,0.029621363,0.9197082,0.11479075,0.99010223,-0.080750406
1356024239446,-0.9384026,0.10346959,0.32968876,0.32786664,-0.034643292,0.94408864,0.109105945,0.9940291,-0.0014149547
1356024239491,-0.96346605,0.07648727,0.25667647,0.24521735,-0.13349473,0.9602331,0.10771056,0.9880935,0.10986161
1356024239529,-0.9791704,0.06663779,0.19179325,0.17136413,-0.23541749,0.95666754,0.108901724,0.9696071,0.21909457
1356024239568,-0.9869896,0.07098753,0.144265,0.1160363,-0.30661172,0.9447354,0.111297764,0.94918394,0.29438537
1356024239608,-0.9900484,0.083670974,0.113151744,0.07903665,-0.33466125,0.93901813,0.116436064,0.9386165,0.32471776
1356024239648,-0.990269,0.10055934,0.096202284,0.05895752,-0.32303315,0.9445493,0.12605979,0.9410299,0.31396115
1356024239688,-0.988854,0.11900759,0.08947188,0.052850228,-0.281236,0.9581823,0.13919367,0.9522309,0.2718116
1356024239728,-0.98664254,0.13750425,0.08734527,0.05548909,-0.22043574,0.97382194,0.15315866,0.96566075,0.20986122
1356024239768,-0.9839306,0.15558882,0.0875944,0.06396483,-0.150868,0.9864823,0.16670081,0.97623307,0.13849133
1356024239808,-0.9803166,0.17355227,0.09412202,0.08080114,-0.08229923,0.9933267,0.18014029,0.9813798,0.06665617
1356024239848,-0.9746996,0.19244072,0.113698505,0.11120982,-0.02372104,0.9935139,0.19388953,0.98102194,0.0017195344
1356024239878,-0.9685468,0.21117255,0.13161796,0.13913995,0.021098673,0.990048,0.206294,0.9772211,-0.049817562
1356024239918,-0.9609066,0.23016044,0.15389791,0.16894427,0.047040224,0.9845024,0.21935412,0.9720151,-0.08408558
1356024239948,-0.95578057,0.24572147,0.16156878,0.18178798,0.06180519,0.9813935,0.23116367,0.96736807,-0.10374141
1356024239988,-0.95262015,0.25721663,0.16234034,0.18301067,0.058405936,0.98137444,0.24294421,0.96458715,-0.102711976
1356024240034,-0.949838,0.26525187,0.16567832,0.18244734,0.039700925,0.9824137,0.25400952,0.96336144,-0.086103916
1356024240068,-0.94694597,0.26998314,0.17436296,0.18614867,0.018473923,0.9823479,0.2619962,0.9626878,-0.06775081
1356024240108,-0.94543356,0.269965,0.18241215,0.19039202,0.003439784,0.98170215,0.26439774,0.962864,-0.0546512
1356024240147,-0.9447781,0.26502585,0.19275779,0.1992515,-0.0024285316,0.97994536,0.26017898,0.9642382,-0.050512314
1356024240187,-0.9443974,0.25643635,0.20580094,0.21293361,4.953146E-5,0.9770667,0.2505452,0.96656114,-0.054650784
1356024240226,-0.9430451,0.24646838,0.22342645,0.23251759,0.008030117,0.97255903,0.23791091,0.9691176,-0.06488097
1356024240268,-0.9395041,0.23700175,0.2473099,0.25904864,0.01922685,0.9656728,0.22411117,0.9713189,-0.07945871
1356024240307,-0.9326502,0.22864284,0.27908075,0.29373872,0.032087207,0.95534706,0.20947833,0.97298145,-0.09708738
1356024240346,-0.92109936,0.22056293,0.32082397,0.3378476,0.04330355,0.94020414,0.19348134,0.974411,-0.114403486
1356024240387,-0.9039468,0.20939988,0.37286967,0.38978893,0.04478258,0.9198147,0.17591101,0.976804,-0.12210286
1356024240426,-0.8856205,0.18749738,0.42487764,0.43663836,0.024547279,0.8993022,0.15818723,0.9819583,-0.10360807
1356024240490,-0.8830949,0.14683354,0.44562685,0.44684595,-0.026432812,0.8942203,0.14308071,0.988808,-0.04226929
1356024240509,-0.90477955,0.09650573,0.41480196,0.40489098,-0.10707772,0.9080736,0.13205035,0.989556,0.057807446
1356024240548,-0.93134177,0.05665292,0.35971248,0.34239423,-0.20005709,0.9180106,0.12397101,0.978145,0.16692382
1356024240588,-0.9470103,0.032754943,0.31952897,0.2988763,-0.27455097,0.9139446,0.117663175,0.9610145,0.25021285
1356024240628,-0.9486491,0.017843097,0.31582668,0.2948666,-0.31162244,0.9032968,0.114536285,0.95003843,0.29035902
1356024240668,-0.9302437,0.0024487376,0.36693406,0.34790808,-0.3119967,0.88409156,0.11664714,0.95008,0.2893811
1356024240708,-0.86118317,-0.024191484,0.50771874,0.49292952,-0.28348756,0.82259053,0.12403226,0.9586707,0.2560594
1356024240748,-0.632685,-0.07273558,0.77098596,0.76259637,-0.23174816,0.60393685,0.13474682,0.9700528,0.20209134
1356024240788,-0.11191553,-0.12125647,0.9862919,0.9827119,-0.16081458,0.09173849,0.14748618,0.9795078,0.13715777
1356024240828,0.3293694,-0.120765895,0.9364462,0.93018675,-0.12874141,-0.34377056,0.16207516,0.98429734,0.06993137
1356024240868,0.4945119,-0.09756413,0.8636777,0.85065055,-0.14971006,-0.5039648,0.1784702,0.9839045,0.008959606
1356024240908,0.5069796,-0.06819159,0.8592564,0.8392892,-0.18806297,-0.51012343,0.19638047,0.9797868,-0.038111612
1356024240948,0.41622394,-0.030811787,0.9087399,0.88345414,-0.2227214,-0.41219407,0.21509627,0.9743951,-0.06548117
1356024240988,0.23249191,0.01617971,0.9724637,0.9441366,-0.24386835,-0.22166213,0.23356676,0.9696733,-0.071973234
1356024241028,-0.0041054487,0.065686256,0.9978318,0.96822286,-0.24925607,0.020391911,0.25005516,0.9662074,-0.06257561
1356024241068,-0.2143547,0.10564822,0.9710255,0.9410687,-0.2439304,0.23428148,0.26161402,0.964021,-0.047134638
1356024241108,-0.35477132,0.13177767,0.9256197,0.89656985,-0.23280609,0.37678096,0.26514122,0.9635538,-0.035554945
1356024241138,-0.43310547,0.14636219,0.8893806,0.86208797,-0.22076285,0.45614484,0.26310456,0.9642831,-0.030563474
1356024241167,-0.47149312,0.1540944,0.86830246,0.8438906,-0.2070024,0.4949733,0.2560133,0.9661288,-0.032438636
1356024241208,-0.47624964,0.15830833,0.8649421,0.84541386,-0.18804455,0.49991453,0.2417883,0.96931815,-0.044279873
1356024241247,-0.43837738,0.15817845,0.8847626,0.87036014,-0.17092341,0.46179914,0.22427326,0.9725044,-0.06274325
1356024241289,-0.35395312,0.1555703,0.92223376,0.912464,-0.15895641,0.37701762,0.2052477,0.9749516,-0.08568919
1356024241328,-0.21603155,0.15003389,0.9647903,0.9587819,-0.15419567,0.23866501,0.1845743,0.97658265,-0.11053872
1356024241368,-0.036050797,0.13710847,0.98989975,0.98614097,-0.15563738,0.057470918,0.1619452,0.97825265,-0.12959743
1356024241408,0.12508145,0.11013791,0.9860143,0.9824909,-0.1520631,-0.107649,0.13808018,0.98221505,-0.12722978
1356024241448,0.18480793,0.060958385,0.9808823,0.97591054,-0.1291388,-0.17584565,0.11595073,0.9897511,-0.083355784
1356024241488,0.08808541,-0.019676387,0.9959185,0.991164,-0.09780663,-0.089597315,0.09917042,0.99501085,0.010887235
1356024241528,-0.13411629,-0.1204654,0.98361623,0.9869641,-0.105347216,0.12167072,0.088964134,0.9871119,0.1330238
1356024241568,-0.338575,-0.19802749,0.91986525,0.9371705,-0.15838194,0.31084827,0.084133506,0.96731603,0.23920965
1356024241608,-0.43565613,-0.23548377,0.86876416,0.89613414,-0.20412308,0.39405248,0.08454186,0.95020056,0.2999525
1356024241648,-0.43312842,-0.24415594,0.86763334,0.89667314,-0.21447027,0.38727233,0.09152672,0.9457221,0.3118212
1356024241688,-0.3579635,-0.23220602,0.9044017,0.9278711,-0.19684678,0.3167121,0.10448605,0.95253956,0.2859212
1356024241727,-0.23329043,-0.20189536,0.95121694,0.96485734,-0.16971922,0.20061299,0.12093696,0.96458983,0.2343941
1356024241767,-0.09863335,-0.15697831,0.9826644,0.9854887,-0.15249062,0.0745568,0.13814324,0.97575843,0.16974095
1356024241807,0.011843979,-0.10441092,0.9944637,0.9877827,-0.15332615,-0.02786246,0.15538657,0.9826441,0.1013194
1356024241847,0.06857407,-0.050451726,0.9963695,0.9825226,-0.16982281,-0.076220095,0.17305169,0.9841823,0.0379245
1356024241886,0.05104673,0.002174288,0.9986939,0.98015356,-0.19191355,-0.049681187,0.19155484,0.98140943,-0.011927694
1356024241927,-0.046016037,0.053014785,0.9975329,0.976315,-0.20894283,0.056141734,0.21140367,0.9764898,-0.042144418
1356024241986,-0.2013818,0.10032612,0.9743613,0.95167595,-0.21542233,0.21887437,0.23185802,0.97135365,-0.05209583
1356024242007,-0.3608442,0.13831928,0.9223119,0.89837897,-0.21398151,0.3835716,0.2504131,0.9669951,-0.047049105
1356024242047,-0.48399085,0.16405284,0.85955775,0.8347603,-0.20814753,0.50975466,0.26254144,0.96424127,-0.036203325
1356024242085,-0.5640093,0.17857373,0.80622876,0.78221786,-0.19734591,0.5909228,0.26462924,0.9639326,-0.028378665
1356024242127,-0.60911626,0.18443903,0.7713362,0.7503228,-0.18101531,0.6358059,0.2568911,0.9660309,-0.028129458
1356024242167,-0.6265899,0.18470243,0.757146,0.740687,-0.1610614,0.6522591,0.24242085,0.9695072,-0.03588724
1356024242207,-0.61908156,0.18217719,0.7639041,0.752465,-0.14083713,0.6433982,0.2247985,0.97312707,-0.049892306
1356024242247,-0.5857421,0.17890593,0.7905054,0.7838898,-0.12280792,0.6086338,0.2059685,0.97617155,-0.06830877
1356024242287,-0.52234626,0.1757375,0.83442837,0.83213246,-0.10874277,0.54381114,0.18630606,0.9784127,-0.08943552
1356024242327,-0.42522466,0.1709471,0.8887975,0.88976634,-0.10096902,0.44510803,0.16583094,0.980093,-0.10916847
1356024242367,-0.30712414,0.15727842,0.9385831,0.94051063,-0.1004259,0.32458326,0.14530796,0.98243475,-0.11707884
1356024242407,-0.21482098,0.12187028,0.9690199,0.9683925,-0.10219562,0.22753465,0.12675929,0.98727083,-0.09606457
1356024242447,-0.20865697,0.054196596,0.9764861,0.9715332,-0.10304695,0.21331793,0.11218503,0.99319893,-0.031152368
1356024242491,-0.30632555,-0.043135136,0.9509491,0.9464556,-0.120752454,0.29940072,0.10191476,0.9917451,0.077815056
1356024242529,-0.41692007,-0.13437659,0.8989552,0.90405566,-0.16373014,0.39481106,0.09413272,0.9773103,0.18974626
1356024242568,-0.48052615,-0.1959754,0.8548031,0.8723253,-0.20710701,0.44289413,0.090239376,0.9584886,0.27047467
1356024242608,-0.47680855,-0.22508985,0.8496988,0.8740544,-0.22388119,0.4311683,0.09318003,0.9482677,0.3034893
1356024242648,-0.4139067,-0.22621047,0.8817653,0.90435255,-0.21290177,0.36989087,0.10405624,0.950527,0.29269558
1356024242689,-0.31353945,-0.20328912,0.92755944,0.9419613,-0.190036,0.2767583,0.120007694,0.96049976,0.25107428
1356024242728,-0.20532173,-0.16215986,0.96516687,0.9690898,-0.1715082,0.17734078,0.1367765,0.9717454,0.19236189
1356024242768,-0.11491102,-0.11077052,0.9871805,0.9816379,-0.16497952,0.09575364,0.15225789,0.9800569,0.12769449
1356024242808,-0.057327688,-0.05676052,0.9967406,0.9842986,-0.1701603,0.046922058,0.16694233,0.98378026,0.06562421
1356024242848,-0.03922546,-0.006260693,0.9992108,0.98251057,-0.18240678,0.03742698,0.18202847,0.9832033,0.013306141
1356024242889,-0.061278224,0.036228627,0.997463,0.9782407,-0.1962794,0.06722635,0.198217,0.9798785,-0.023412585
1356024242928,-0.116753995,0.068085134,0.99082446,0.9694517,-0.20887429,0.12858844,0.2157127,0.9755696,-0.041618347
1356024242968,-0.19053203,0.088929296,0.9776447,0.9533597,-0.2207259,0.205877,0.23409998,0.97127324,-0.04272622
1356024243007,-0.2637763,0.10134682,0.95924497,0.9314625,-0.23159885,0.28060564,0.25059852,0.96751785,-0.033310533
1356024243047,-0.32212406,0.10895771,0.94040644,0.9101694,-0.23762941,0.33929905,0.2604375,0.9652256,-0.022623837
1356024243087,-0.36013937,0.11437467,0.9258607,0.8958013,-0.2346909,0.37743908,0.26046056,0.9653179,-0.017935514
1356024243127,-0.37804842,0.1188432,0.9181262,0.8909757,-0.22268587,0.39569354,0.25147924,0.9676194,-0.021700323
1356024243166,-0.3774081,0.12299171,0.9178432,0.89518964,-0.20527142,0.39559972,0.23706245,0.9709463,-0.032629848
1356024243207,-0.3591256,0.12782985,0.92449355,0.90702647,-0.18553501,0.37799436,0.21984494,0.97428757,-0.049314678
1356024243247,-0.3226484,0.13384792,0.93700737,0.9248326,-0.16611457,0.342185,0.20145136,0.9769803,-0.07019031
1356024243287,-0.26851857,0.14100075,0.952899,0.94593346,-0.14826047,0.28849387,0.18195507,0.978845,-0.093566656
1356024243327,-0.20115995,0.14562029,0.96867406,0.96626073,-0.13289064,0.22063619,0.16085675,0.9803749,-0.11397487
1356024243367,-0.13752234,0.13692307,0.9809891,0.98082674,-0.11924273,0.15414304,0.13808155,0.98337847,-0.11789924
1356024243407,-0.110625565,0.09762925,0.9890554,0.987209,-0.1041621,0.120700836,0.11480597,0.98975694,-0.08485752
1356024243447,-0.15240085,0.015969753,0.9881897,0.9839301,-0.091670156,0.15322536,0.093034506,0.9956613,-0.0017424822
1356024243491,-0.25992763,-0.09527916,0.9609159,0.9627349,-0.10254443,0.250252,0.074692845,0.99015474,0.11838281
1356024243528,-0.3696313,-0.189298,0.9096917,0.9271532,-0.13974309,0.34764725,0.061314195,0.97192496,0.22716165
1356024243568,-0.43731654,-0.24190784,0.866161,0.8975791,-0.17709708,0.4037183,0.055731952,0.95400065,0.29457888
1356024243608,-0.45027965,-0.25468498,0.8557943,0.8908711,-0.19252586,0.4114396,0.05997497,0.9476653,0.31358185
1356024243648,-0.41622335,-0.23892912,0.87730896,0.9063759,-0.18584573,0.37939978,0.07239446,0.95308673,0.29391286
1356024243688,-0.34690475,-0.20375717,0.9154999,0.9336479,-0.16786921,0.31641984,0.089211494,0.9645221,0.24847212
1356024243728,-0.25684643,-0.15599573,0.9537794,0.9604577,-0.1509481,0.23395652,0.10747498,0.9761557,0.18859783
1356024243768,-0.16254365,-0.10176602,0.98143935,0.97854996,-0.14421594,0.14711133,0.12656832,0.9842994,0.12302458
1356024243808,-0.082169235,-0.047513604,0.9954852,0.9857166,-0.15121251,0.074145734,0.1470069,0.98735875,0.05925998
1356024243848,-0.03302139,6.2328577E-4,0.9994545,0.98507994,-0.16897196,0.032651782,0.16890004,0.98562074,0.004965663
1356024243888,-0.026117861,0.03859809,0.9989134,0.98095727,-0.19139218,0.03304383,0.19245967,0.9807544,-0.032864302
1356024243927,-0.06332654,0.065597385,0.99583465,0.9740819,-0.21305352,0.075977474,0.21715003,0.974836,-0.050405264
1356024243967,-0.13098276,0.08327809,0.98788065,0.96158016,-0.23182589,0.14703846,0.24126142,0.96918595,-0.049713284
1356024244007,-0.2069869,0.094943404,0.9737259,0.9429915,-0.24577159,0.22441772,0.2606212,0.96466684,-0.038659275
1356024244047,-0.27246952,0.103500634,0.9565815,0.92342794,-0.25112963,0.290198,0.27026156,0.96240413,-0.027150273
1356024244087,-0.31862158,0.11032143,0.9414401,0.9091073,-0.24559963,0.3364591,0.26833597,0.9630732,-0.022040665
1356024244127,-0.3435561,0.11582336,0.9319625,0.9031719,-0.23123145,0.36168006,0.25739002,0.9659798,-0.025167406
1356024244167,-0.3473503,0.12043452,0.92996955,0.9060236,-0.21262181,0.3659416,0.24180377,0.96968424,-0.035262287
1356024244206,-0.32987952,0.12482992,0.93573344,0.9168749,-0.19363743,0.34906307,0.22476652,0.97309923,-0.05057639
1356024244247,-0.2902537,0.12983519,0.94810104,0.93425757,-0.17603159,0.31012183,0.2071605,0.9757846,-0.07020563
1356024244287,-0.22838068,0.13501433,0.9641646,0.9551532,-0.16065294,0.24874276,0.18847969,0.97773296,-0.09226936
1356024244326,-0.15222156,0.13583559,0.9789674,0.9739242,-0.14797896,0.17197013,0.16822624,0.9796177,-0.10976797
1356024244367,-0.087870836,0.12080836,0.98877907,0.98526824,-0.13565695,0.10413328,0.1467149,0.9833629,-0.107108355
1356024244406,-0.07085836,0.075261,0.99464303,0.9894749,-0.12082207,0.0796324,0.12616807,0.989817,-0.0659076
1356024244446,-0.12762624,-0.0074572265,0.9917942,0.985777,-0.11119133,0.12601593,0.10933921,0.9937711,0.021542072
1356024244490,-0.23844808,-0.10891637,0.9650284,0.96620154,-0.12684393,0.22442192,0.09796476,0.9859249,0.13548082
1356024244528,-0.33385265,-0.18676108,0.92393875,0.9382228,-0.1604582,0.30657965,0.090996414,0.96921283,0.2287929
1356024244568,-0.377721,-0.22491607,0.89818686,0.92156327,-0.18530673,0.3411488,0.089710236,0.9565951,0.27726865
1356024244608,-0.3677925,-0.22766685,0.90160775,0.92498744,-0.18917835,0.32955992,0.0955348,0.95518553,0.28016737
1356024244648,-0.31230813,-0.20314535,0.92800623,0.9438138,-0.17747921,0.27877682,0.1080696,0.9629294,0.2471596
1356024244688,-0.23177457,-0.16090712,0.95936924,0.9648849,-0.16333997,0.2057114,0.12360293,0.9733596,0.1931149
1356024244728,-0.14623243,-0.10911605,0.9832139,0.97943103,-0.15565789,0.12839508,0.13903508,0.98176587,0.12963396
1356024244768,-0.07445353,-0.054730624,0.99572146,0.9852847,-0.15808606,0.064983785,0.15385303,0.9859074,0.065695226
1356024244807,-0.031677425,-0.0035772324,0.9994917,0.9850865,-0.1693142,0.030614883,0.16911861,0.98555565,0.008887291
1356024244847,-0.026873827,0.03999865,0.9988383,0.9822018,-0.18475825,0.03382486,0.18589652,0.9819698,-0.034321636
1356024244887,-0.06340051,0.07329562,0.995293,0.9768683,-0.1995287,0.0769206,0.20422745,0.97714686,-0.058949977
1356024244927,-0.13084888,0.09524995,0.9868161,0.9657617,-0.21266651,0.14858422,0.22401541,0.97247124,-0.06416151
1356024244985,-0.20987695,0.107920825,0.9717535,0.94713646,-0.22423065,0.22946277,0.24266067,0.9685421,-0.05515498
1356024245012,-0.28052974,0.11486894,0.95294714,0.92542166,-0.23113209,0.3002876,0.2547504,0.9661175,-0.04146284
1356024245048,-0.33207446,0.11879325,0.9357429,0.9078864,-0.22884905,0.3512413,0.25586897,0.96618646,-0.03185588
1356024245084,-0.36126137,0.121304244,0.92454076,0.8990997,-0.21754086,0.3798628,0.24720433,0.96848404,-0.030475497
1356024245127,-0.36842495,0.12356186,0.9214095,0.90026605,-0.19982874,0.38676798,0.2319139,0.9720087,-0.03761667
1356024245167,-0.35315496,0.12593612,0.92705,0.91059947,-0.1811142,0.37149188,0.21468616,0.9753654,-0.050715983
1356024245206,-0.3162967,0.12959081,0.93976736,0.92789835,-0.16385543,0.3348971,0.19738558,0.9779354,-0.06842017
1356024245247,-0.25777364,0.1353111,0.9566837,0.9493451,-0.14869559,0.27682745,0.17971247,0.97958183,-0.09012711
1356024245287,-0.18133366,0.14090839,0.9732743,0.97018707,-0.13618618,0.20047522,0.16079515,0.9806111,-0.11201233
1356024245327,-0.104032755,0.13846454,0.9848882,0.9846815,-0.12498063,0.12158185,0.1399267,0.9824497,-0.12334138
1356024245367,-0.05611235,0.112508506,0.9920651,0.9914434,-0.11101645,0.06866744,0.11786124,0.9874296,-0.1053164
1356024245406,-0.06699318,0.04829976,0.99658364,0.9930333,-0.093812704,0.07130116,0.09693605,0.9944175,-0.04167849
1356024245446,-0.14071214,-0.0522649,0.98867005,0.9868382,-0.08778113,0.13581103,0.07968849,0.9947677,0.0639289
1356024245492,-0.23740256,-0.15650362,0.95872134,0.96902424,-0.10730022,0.22243795,0.06805867,0.98183155,0.17712918
1356024245528,-0.3071255,-0.22709584,0.9241761,0.94954157,-0.13802373,0.2816387,0.06359923,0.96404195,0.2580275
1356024245568,-0.331029,-0.2537756,0.9088552,0.94116604,-0.15822011,0.29861832,0.068017155,0.95423496,0.2912204
1356024245608,-0.31500834,-0.24435872,0.91709244,0.945617,-0.16338378,0.28127256,0.08110663,0.9558214,0.28253698
1356024245648,-0.27072322,-0.20917067,0.9396577,0.9574063,-0.1603154,0.2401501,0.1004093,0.96464837,0.24366248
1356024245688,-0.21498245,-0.16012472,0.96340156,0.96902436,-0.15774935,0.19001797,0.12154937,0.9744102,0.18907812
1356024245728,-0.15947884,-0.105851054,0.9815101,0.9768981,-0.16019076,0.14145365,0.14225584,0.9813942,0.12895274
1356024245768,-0.11271286,-0.052660733,0.9922312,0.98029125,-0.16895425,0.10238963,0.16224974,0.98421615,0.070666164
1356024245808,-0.079973936,-0.0052632093,0.99678314,0.980024,-0.18308902,0.07766259,0.18209127,0.9830823,0.019800425
1356024245848,-0.06570667,0.031728446,0.99733436,0.97718495,-0.20025945,0.07075012,0.20197046,0.979229,-0.017846137
1356024245888,-0.07134962,0.054795325,0.9959451,0.97259754,-0.2176848,0.081653684,0.2212764,0.9744797,-0.037761986
1356024245927,-0.092779875,0.06348917,0.9936604,0.96660256,-0.23369962,0.10518548,0.23889619,0.9702338,-0.039686143
1356024245967,-0.12053925,0.061638176,0.9907931,0.95996505,-0.24698669,0.13215399,0.25285843,0.9670565,-0.029398888
1356024246006,-0.14333725,0.055865794,0.9880959,0.9548274,-0.25479615,0.15291703,0.26030585,0.9653797,-0.01682043
1356024246047,-0.1536836,0.051867366,0.9867579,0.9535605,-0.25401217,0.16186497,0.25904402,0.9658092,-0.010421157
1356024246087,-0.14913654,0.052416325,0.9874264,0.9566549,-0.24496424,0.15749261,0.25013936,0.96811414,-0.013611227
1356024246127,-0.13112873,0.058109045,0.98966086,0.9627154,-0.2307964,0.14110997,0.23660997,0.9712653,-0.025678396
1356024246167,-0.10200393,0.068780005,0.9924034,0.9698903,-0.21490306,0.11458412,0.22115159,0.9742105,-0.044788063
1356024246206,-0.06423974,0.08418971,0.9943769,0.9766945,-0.1991834,0.07996139,0.20479524,0.9763391,-0.0694322
1356024246247,-0.020854354,0.1035544,0.99440515,0.98219395,-0.18362278,0.039720207,0.18670872,0.977527,-0.09788111
1356024246287,0.021242976,0.121108085,0.992412,0.9858917,-0.1673832,-6.7690015E-4,0.16603109,0.97842515,-0.1229552
1356024246327,0.048273295,0.12387025,0.9911235,0.9884834,-0.14840642,-0.029596955,0.1434229,0.981138,-0.12960777
1356024246367,0.0414159,0.09373668,0.99473524,0.9916463,-0.12557897,-0.029453605,0.12215701,0.98764527,-0.098154604
1356024246406,-0.013689458,0.019955844,0.9997071,0.9942794,-0.10564679,0.015724033,0.10592961,0.99420345,-0.018395424
1356024246446,-0.11230576,-0.08530307,0.9900055,0.9890343,-0.10576016,0.103082865,0.095909804,0.9907261,0.09624508
1356024246491,-0.22250187,-0.1841771,0.95737755,0.9706798,-0.13346827,0.19991729,0.09095934,0.973789,0.20847389
1356024246528,-0.30891424,-0.24291545,0.9195456,0.9468829,-0.1693868,0.27335125,0.089357674,0.9551441,0.28233853
1356024246568,-0.35598487,-0.25751883,0.8983089,0.9298263,-0.19354492,0.312991,0.09326205,0.9466913,0.30834687
1356024246608,-0.36615664,-0.23708904,0.89984345,0.92469394,-0.20104808,0.32329684,0.10426167,0.95045704,0.29284987
1356024246648,-0.34704614,-0.19373223,0.9176202,0.9301015,-0.19659507,0.3102605,0.12029216,0.9611546,0.24841818
1356024246688,-0.30677277,-0.13724166,0.9418361,0.94177693,-0.18687904,0.27952197,0.13764736,0.97274923,0.18658036
1356024246728,-0.2553028,-0.07586065,0.9638805,0.9544841,-0.17877805,0.23874354,0.15420943,0.9809605,0.11805037
1356024246768,-0.20312202,-0.016290367,0.97901785,0.96422815,-0.17723984,0.19710436,0.17031011,0.98403287,0.051708996
1356024246807,-0.16201127,0.035142094,0.98616296,0.96896315,-0.18343025,0.1657221,0.1867159,0.98240435,-0.004333645
1356024246847,-0.14215767,0.07328108,0.98712766,0.9686636,-0.19489735,0.1539672,0.20367146,0.97808224,-0.043278545
1356024246887,-0.14782798,0.095715225,0.9843706,0.9640059,-0.20845795,0.16503918,0.22099665,0.97333646,-0.061454058
1356024246927,-0.17418683,0.10403916,0.9792011,0.9556062,-0.222125,0.19359016,0.23764598,0.96945155,-0.060729206
1356024246967,-0.20907336,0.10332674,0.9724258,0.9451807,-0.23372322,0.22805026,0.25084212,0.96679735,-0.04879713
1356024247007,-0.23967123,0.09959024,0.9657326,0.9363615,-0.23907948,0.25703692,0.25648525,0.9658792,-0.035951972
1356024247047,-0.25811183,0.09670511,0.96126294,0.93251336,-0.23518914,0.2740527,0.25258088,0.9671267,-0.029473722
1356024247087,-0.26166576,0.09579745,0.9603926,0.93458736,-0.22331029,0.2769097,0.24099281,0.9700285,-0.031098485
1356024247127,-0.24912304,0.09683737,0.9636183,0.9417809,-0.20776075,0.26435605,0.22580156,0.9733746,-0.039441586
1356024247167,-0.2192213,0.09991476,0.97054577,0.95284474,-0.19200718,0.23498961,0.20983064,0.97629416,-0.053111255
1356024247207,-0.17048329,0.1052942,0.9797187,0.96614134,-0.17755526,0.1872032,0.19366562,0.97846174,-0.071458936
1356024247247,-0.10326743,0.11237821,0.9882848,0.9788995,-0.16465825,0.121010125,0.17632815,0.97992796,-0.093003094
1356024247287,-0.024822831,0.11635795,0.9928971,0.9873748,-0.15257579,0.042565137,0.15644485,0.98141813,-0.11110154
1356024247327,0.04458818,0.105160385,0.9934552,0.9900204,-0.1377255,-0.0298554,0.13368452,0.9848721,-0.110251874
1356024247366,0.07569924,0.063004464,0.99513817,0.99105346,-0.11477044,-0.06812209,0.1099205,0.99139196,-0.071128756
1356024247408,0.042592168,-0.020947784,0.99887294,0.9951651,-0.0876714,-0.04427272,0.08849996,0.9959292,0.017112374
1356024247446,-0.035654604,-0.12336442,0.9917208,0.99676096,-0.07597005,0.026385546,0.07208601,0.98944926,0.12567344
1356024247490,-0.12090379,-0.21057683,0.970072,0.9906363,-0.08802825,0.104358315,0.06341833,0.9736059,0.21924803
1356024247529,-0.17559975,-0.25853777,0.9499068,0.98244154,-0.10780263,0.15227336,0.06303409,0.9599671,0.2729284
1356024247568,-0.18327248,-0.2650721,0.94665086,0.98038435,-0.120310426,0.15611511,0.07251021,0.95669335,0.28192213
1356024247608,-0.1550768,-0.24064791,0.95814395,0.98383725,-0.125516,0.1277107,0.08952907,0.96246266,0.25622293
1356024247648,-0.107340276,-0.19659412,0.9745916,0.9880849,-0.12984592,0.08263397,0.110301375,0.9718492,0.20818934
1356024247687,-0.056253195,-0.14255601,0.9881869,0.9896619,-0.13874471,0.03632185,0.13192779,0.9800141,0.14888704
1356024247727,-0.014643073,-0.08606264,0.9961821,0.9880508,-0.1541233,0.0012084544,0.15343082,0.9842963,0.08729112
1356024247767,0.007853925,-0.032774895,0.99943185,0.98456395,-0.17450649,-0.013459712,0.17484856,0.98411036,0.030898452
1356024247807,0.0039526224,0.013047427,0.999907,0.9805809,-0.19611084,-0.0013172925,0.19607541,0.980495,-0.013569236
1356024247847,-0.030421615,0.048452526,0.9983621,0.97577214,-0.21507007,0.040170997,0.21666414,0.9753959,-0.0407359
1356024247887,-0.09225541,0.07249144,0.99309313,0.9673977,-0.22971809,0.10663679,0.23586169,0.97055376,-0.048935354
1356024247927,-0.16829151,0.086921334,0.9818975,0.95300496,-0.24021435,0.18460417,0.25191185,0.9668205,-0.042410433
1356024247968,-0.24026102,0.09530079,0.96601886,0.93483174,-0.24533808,0.2567077,0.2614656,0.96474195,-0.030145109
1356024248014,-0.29615068,0.10001406,0.9498905,0.9194782,-0.2393654,0.31187177,0.25856248,0.96576464,-0.021072567
1356024248044,-0.32793373,0.10266498,0.9391057,0.91055214,-0.23050874,0.34316263,0.25170285,0.9676392,-0.017890215
1356024248087,-0.33969885,0.10652703,0.934482,0.9099942,-0.21390748,0.35518172,0.23772916,0.9710281,-0.024274886
1356024248127,-0.3261366,0.109877735,0.9389152,0.9192736,-0.19469202,0.34209803,0.22038823,0.9746907,-0.037511468
1356024248167,-0.288177,0.11378428,0.9507929,0.93627274,-0.17479807,0.30469477,0.20086625,0.97800756,-0.05616027
1356024248207,-0.22348487,0.1188955,0.9674287,0.9581317,-0.1554681,0.24044394,0.178992,0.9806597,-0.07917285
1356024248247,-0.13162434,0.12506258,0.98337907,0.9792608,-0.13773006,0.14858916,0.15402383,0.9825425,-0.104340255
1356024248287,-0.021805882,0.12727669,0.99162745,0.9918132,-0.12207323,0.037478298,0.12582132,0.9843265,-0.12357277
1356024248326,0.07703215,0.11252996,0.9906579,0.99231577,-0.10514808,-0.06521723,0.09682682,0.9880693,-0.1197651
1356024248366,0.114806116,0.06285429,0.9913975,0.99080884,-0.079113364,-0.10972214,0.0715363,0.9948821,-0.07135925
1356024248407,0.05304438,-0.03158751,0.9980925,0.9970896,-0.05313456,-0.054672778,0.054760158,0.9980877,0.028677076
1356024248447,-0.087643206,-0.14718392,0.9852185,0.9949987,-0.060510755,0.079473436,0.047919154,0.98725647,0.15175122
1356024248491,-0.22536296,-0.23669311,0.9450862,0.9730545,-0.10321742,0.20618185,0.04874754,0.96608615,0.25357667
1356024248528,-0.29675412,-0.27929324,0.91319895,0.95340806,-0.14103961,0.2666849,0.054313928,0.9497911,0.30813456
1356024248568,-0.29168123,-0.28316212,0.9136418,0.9542841,-0.15135467,0.25774744,0.06529963,0.9470539,0.31436437
1356024248608,-0.23077333,-0.26065513,0.9374447,0.9695895,-0.1422888,0.19912332,0.08148539,0.9548889,0.28556493
1356024248648,-0.13716024,-0.21983057,0.9658476,0.985401,-0.1295613,0.11044836,0.10085651,0.9668963,0.23439187
1356024248688,-0.041310728,-0.16937795,0.98468494,0.99183786,-0.12593573,0.019948363,0.12062821,0.9774719,0.17319795
1356024248728,0.036938787,-0.116307884,0.99252605,0.9894339,-0.13508624,-0.05265358,0.14020061,0.9839839,0.110089004
1356024248768,0.08621836,-0.06510255,0.99414694,0.983274,-0.1551277,-0.09543407,0.16043273,0.985747,0.050638735
1356024248807,0.095354915,-0.019080281,0.9952605,0.97877353,-0.18041068,-0.09723401,0.18141082,0.9834063,0.0014721751
1356024248848,0.060540378,0.019797087,0.99796945,0.97725505,-0.20475149,-0.055222064,0.20324248,0.97861385,-0.031742543
1356024248888,-0.01689732,0.051426798,0.9985338,0.9742404,-0.22376561,0.028010637,0.22487801,0.9732853,-0.046321005
1356024248928,-0.1202811,0.07588169,0.98983556,0.96215785,-0.23666626,0.13506079,0.24450928,0.9686233,-0.044543684
1356024248967,-0.22555524,0.09374547,0.9697095,0.9391184,-0.24389344,0.2420178,0.25919387,0.96526045,-0.033026576
1356024249007,-0.3120942,0.10670814,0.94403946,0.91230285,-0.24365544,0.32914355,0.26514268,0.96397376,-0.021306634
1356024249047,-0.3715415,0.11538577,0.9212183,0.89107347,-0.23426479,0.38872612,0.26066247,0.96530104,-0.015778124
1356024249087,-0.40385675,0.120134205,0.9068999,0.88058996,-0.21759939,0.42096522,0.24791321,0.9686167,-0.017910004
1356024249126,-0.40981233,0.12175566,0.90400743,0.88243324,-0.19806862,0.42670885,0.23100972,0.97259676,-0.02627027
1356024249167,-0.3883797,0.121629775,0.9134372,0.8966747,-0.17865133,0.405041,0.21245176,0.9763657,-0.03967786
1356024249207,-0.33495778,0.12053284,0.9344919,0.9222152,-0.1614111,0.35137653,0.19318974,0.979499,-0.057091355
1356024249247,-0.2454735,0.1183255,0.96215475,0.95387983,-0.14742738,0.26149288,0.17278919,0.9819696,-0.07667881
1356024249287,-0.12370795,0.11105618,0.9860846,0.9809189,-0.13650721,0.13843384,0.14998159,0.98439443,-0.092050076
1356024249326,0.006283045,0.08822474,0.9960808,0.9921937,-0.12461454,0.004778832,0.12454778,0.98827505,-0.088319
1356024249367,0.08824617,0.035466462,0.9954671,0.9913137,-0.10096544,-0.08428082,0.09751862,0.99425757,-0.044068217
1356024249407,0.0853557,-0.05272442,0.9949546,0.99376327,-0.06741351,-0.08882594,0.07175663,0.9963311,0.04664147
1356024249446,0.0077973604,-0.16055548,0.98699594,0.9986721,-0.0490129,-0.015862584,0.050922394,0.9858091,0.15996018
1356024249492,-0.07366687,-0.2524472,0.9648024,0.9965475,-0.055778623,0.06149593,0.038290888,0.96600163,0.25568467
1356024249528,-0.083934486,-0.30506226,0.9486264,0.9958458,-0.0594033,0.06900936,0.03529939,0.9504779,0.30878097
1356024249568,0.0015302896,-0.31711116,0.94838715,0.99908507,-0.040049374,-0.015003353,0.042740017,0.9475423,0.31675977
1356024249608,0.1505984,-0.296026,0.94323313,0.9868423,-0.011773944,-0.16125631,0.058841616,0.95510733,0.29035786
1356024249647,0.30654603,-0.25478733,0.9171221,0.948447,2.899766E-4,-0.31693572,0.080485255,0.9669971,0.24174115
1356024249687,0.4299223,-0.20901215,0.87833977,0.8967732,-0.013972133,-0.44226983,0.10471207,0.97781324,0.18142956
1356024249726,0.51244324,-0.16813323,0.8421005,0.8488505,-0.049078763,-0.52634996,0.1298261,0.98454183,0.11756982
1356024249767,0.55996895,-0.13490313,0.8174569,0.81387764,-0.09506822,-0.57320595,0.15504152,0.9862875,0.056559443
1356024249807,0.57669175,-0.10972941,0.8095592,0.7970603,-0.14182085,-0.5870108,0.1792247,0.98379177,0.0056740344
1356024249847,0.5627999,-0.092146575,0.821441,0.80168283,-0.18128014,-0.56959826,0.20139748,0.97910494,-0.028152138
1356024249887,0.5157003,-0.08079699,0.8529508,0.82761896,-0.21049863,-0.5203242,0.22158563,0.97424954,-0.041685104
1356024249926,0.43482643,-0.07222375,0.89761335,0.8679639,-0.23196054,-0.4391275,0.23992628,0.97004026,-0.038174957
1356024249967,0.33016688,-0.061870098,0.94189274,0.90871143,-0.24916619,-0.3349026,0.2554083,0.9664824,-0.026044369
1356024250007,0.22521323,-0.046045125,0.9732208,0.9376048,-0.26134688,-0.22933611,0.26490805,0.964146,-0.015686631
1356024250048,0.14302164,-0.026050597,0.98937666,0.9533887,-0.26473743,-0.14478996,0.26569688,0.96396863,-0.0130268335
1356024250087,0.09418684,-0.0058137774,0.9955375,0.9615367,-0.25863957,-0.09248048,0.2580231,0.9659564,-0.018770248
1356024250126,0.08114022,0.011397779,0.9966376,0.9661729,-0.24649173,-0.07584107,0.24479845,0.96907794,-0.031012654
1356024250167,0.10447073,0.024812222,0.99421835,0.96784866,-0.2325356,-0.09589657,0.22881171,0.9722713,-0.048307657
1356024250207,0.1619556,0.0347479,0.986186,0.9637042,-0.22051251,-0.15049383,0.212237,0.97476494,-0.06919995
1356024250247,0.2430672,0.042170167,0.96909237,0.95007503,-0.21184999,-0.22907862,0.1956419,0.9763919,-0.091558576
1356024250287,0.32572913,0.045287967,0.9443779,0.9284914,-0.20373076,-0.3104797,0.17833778,0.977979,-0.10841057
1356024250326,0.37928402,0.037227333,0.9245311,0.911436,-0.18723094,-0.36637273,0.15946174,0.9816103,-0.10494402
1356024250367,0.3739305,0.0055689216,0.9274399,0.9169881,-0.1520418,-0.36880347,0.13895583,0.98835826,-0.061959684
1356024250407,0.29617947,-0.05866599,0.95332897,0.9478022,-0.10536766,-0.3009465,0.11810532,0.9927014,0.024395972
1356024250446,0.16470426,-0.14429492,0.9757312,0.9813042,-0.07589167,-0.17686817,0.09957105,0.9866202,0.12909758
1356024250491,0.037306964,-0.21741307,0.9753665,0.99552524,-0.076713026,-0.05517769,0.08681965,0.9730605,0.21357831
1356024250528,-0.03832394,-0.25243613,0.96685433,0.995914,-0.08882618,0.016284168,0.081771255,0.96352786,0.25480884
1356024250568,-0.055812836,-0.24719465,0.96735704,0.99485457,-0.09581667,0.032914788,0.084552646,0.9642167,0.2512706
1356024250608,-0.04179895,-0.21303907,0.9761492,0.9948082,-0.09960723,0.020859212,0.09278765,0.97195303,0.21609649
1356024250648,-0.017054677,-0.16095388,0.9868146,0.99437785,-0.10589051,-8.583069E-5,0.10450807,0.98126507,0.16185483
1356024250687,-0.0013572574,-0.10141304,0.9948435,0.9929049,-0.11842787,-0.01071775,0.118904084,0.9877704,0.10085419
1356024250726,-0.003087461,-0.0413557,0.9991398,0.9906721,-0.1362431,-0.0025779903,0.1362325,0.9898119,0.041390568
1356024250767,-0.025689542,0.014842033,0.99955976,0.9873259,-0.15627044,0.027695477,0.15661272,0.9876028,-0.010639429
1356024250807,-0.07300216,0.06309745,0.9953338,0.98111546,-0.17469347,0.08303365,0.17911744,0.982599,-0.04915291
1356024250847,-0.14254701,0.09986791,0.9847368,0.9688034,-0.18970048,0.15947926,0.20273194,0.9767498,-0.06971109
1356024250887,-0.22520298,0.12380007,0.9664147,0.9477861,-0.20203781,0.2467435,0.22579911,0.9715217,-0.07183653
1356024250945,-0.3059107,0.13681042,0.9421791,0.91991556,-0.21250689,0.32953942,0.24530396,0.9675349,-0.060845852
1356024250967,-0.37154615,0.14291316,0.9173491,0.8921382,-0.21854591,0.39538234,0.2569882,0.9653049,-0.046298385
1356024251007,-0.41703957,0.1455687,0.89715534,0.8716266,-0.21568191,0.44016832,0.25757498,0.96555215,-0.0369336
1356024251044,-0.44311816,0.14677882,0.88436544,0.8614532,-0.20328069,0.4653765,0.24808192,0.9680562,-0.036365688
1356024251087,-0.45212597,0.14789099,0.87960815,0.86125296,-0.1841219,0.47364816,0.23200336,0.97171366,-0.04412532
1356024251127,-0.44513726,0.14988819,0.88282853,0.8695396,-0.16314906,0.46613646,0.21390098,0.97514915,-0.057709992
1356024251167,-0.42266315,0.15383649,0.8931351,0.8847848,-0.14335167,0.4434029,0.196244,0.9776424,-0.07552272
1356024251207,-0.38455737,0.16022128,0.90909004,0.9054926,-0.12596422,0.40523598,0.17944023,0.9790108,-0.09663874
1356024251247,-0.33309793,0.16644946,0.92808425,0.9287274,-0.11205375,0.35342526,0.16282275,0.9796624,-0.11726129
1356024251287,-0.27995002,0.16299143,0.946077,0.9488964,-0.10256851,0.29845497,0.14568326,0.9812815,-0.12594795
1356024251327,-0.25016087,0.13348618,0.95895827,0.9596715,-0.097019434,0.26385197,0.12825814,0.98629034,-0.10383242
1356024251367,-0.2711898,0.06568983,0.96028167,0.9560336,-0.09729785,0.27664596,0.11160618,0.9930851,-0.036415517
1356024251407,-0.3441127,-0.029981494,0.9384495,0.93394774,-0.113740265,0.3388283,0.09658098,0.99305797,0.0671407
1356024251447,-0.4324466,-0.11878461,0.893801,0.8977218,-0.14926356,0.41450676,0.0841749,0.98163664,0.17118412
1356024251490,-0.49539924,-0.17211175,0.8514441,0.86522996,-0.18485439,0.46605366,0.07717994,0.96757764,0.24049294
1356024251529,-0.519577,-0.18776196,0.83353776,0.85089344,-0.2022962,0.48482645,0.07758957,0.9611565,0.2648738
