1356024002728,-0.2384088,-0.030620992,-0.970682,-0.97098225,-0.011866331,0.23885688,-0.018832415,0.9994606,-0.02690339
1356024002768,0.23514223,0.030556291,0.97148055,0.97177863,0.011968493,-0.23559082,-0.018825948,0.9994614,-0.026879668
1356024002804,0.23478043,0.030369073,0.97157395,0.97186697,0.011981308,-0.23522583,-0.018784374,0.999467,-0.026701719
1356024002834,0.23392865,0.029960811,0.97179204,0.972074,0.012015313,-0.23436695,-0.018698275,0.9994789,-0.026313424
1356024002877,0.23211485,0.029058665,0.9722543,0.97251236,0.012082458,-0.23253763,-0.01850447,0.9995047,-0.025455385
1356024002916,0.23017165,0.02815339,0.97274274,0.9729785,0.012109846,-0.23057792,-0.018271327,0.9995302,-0.024605274
1356024002956,0.22918737,0.02783361,0.9729843,0.9732144,0.012018263,-0.22958538,-0.01808381,0.9995403,-0.024333656
1356024002996,0.22945988,0.028359175,0.9729049,0.9731517,0.011800945,-0.22986203,-0.017999858,0.9995281,-0.024889886
1356024003037,0.23039657,0.029586494,0.9726469,0.9729294,0.011534095,-0.23081431,-0.018047571,0.9994956,-0.026128113
1356024003077,0.23103955,0.031179339,0.97244465,0.9727731,0.011351556,-0.23148155,-0.018256187,0.9994494,-0.027707756
1356024003116,0.23067588,0.032821685,0.97247696,0.97285175,0.011385798,-0.23114905,-0.018659115,0.9993963,-0.029304206
1356024003156,0.22901714,0.03421554,0.9728209,0.97323155,0.011738896,-0.22952673,-0.019273251,0.99934554,-0.030611306
1356024003196,0.22607204,0.03499025,0.973482,0.97390324,0.012500912,-0.22661918,-0.020098925,0.9993095,-0.031251043
1356024003236,0.22207862,0.034777373,0.9744084,0.9747995,0.013749421,-0.22265849,-0.021141082,0.9993005,-0.03084758
1356024003277,0.21745175,0.033399284,0.9754995,0.97581345,0.015523136,-0.21805325,-0.022425622,0.9993216,-0.029215932
1356024003316,0.21257204,0.030956745,0.97665495,0.9768503,0.017833173,-0.2131798,-0.024016201,0.99936163,-0.026449233
1356024003357,0.20763484,0.027787209,0.9778117,0.97786057,0.020681053,-0.20823291,-0.026008397,0.9993999,-0.022877932
1356024003396,0.20262548,0.024285704,0.97895515,0.978842,0.024056047,-0.20319891,-0.028484672,0.99941564,-0.018897533
1356024003437,0.19737518,0.020706892,0.98010933,0.9798236,0.027901947,-0.19790715,-0.031445026,0.99939615,-0.014781982
1356024003477,0.19181323,0.017181456,0.98128104,0.9808171,0.032016277,-0.1922831,-0.03472066,0.99933964,-0.010710746
1356024003516,0.18618488,0.01386559,0.98241687,0.98178154,0.035995066,-0.18657249,-0.037948996,0.9992557,-0.0069111884
1356024003557,0.18109566,0.011073947,0.9834032,0.9826232,0.03933823,-0.18139502,-0.040694147,0.9991646,-0.0037575364
1356024003597,0.17739269,0.009310216,0.98409605,0.98321664,0.04163286,-0.17762807,-0.042624444,0.9990896,-0.0017685592
1356024003662,0.17569217,0.009024888,0.9844038,0.98347735,0.042720586,-0.17591849,-0.043641984,0.9990463,-0.001370132
1356024003679,0.17555466,0.0102699995,0.98441607,0.9834922,0.04271832,-0.17583555,-0.04385835,0.99903435,-0.0026010275
1356024003719,0.17539066,0.012732178,0.9844165,0.9835354,0.041961014,-0.17577636,-0.043545097,0.9990381,-0.0051629543
1356024003758,0.17313471,0.01606077,0.98476714,0.98395556,0.040913075,-0.1736593,-0.04307896,0.9990336,-0.008719593
1356024003798,0.16699156,0.020062268,0.9857542,0.9850262,0.040068716,-0.16768369,-0.042861998,0.9989954,-0.013070703
1356024003838,0.15546188,0.024602264,0.9875355,0.98689735,0.039836854,-0.15635386,-0.043186933,0.9989033,-0.018086761
1356024003878,0.13830891,0.02970013,0.98994374,0.9894103,0.04028514,-0.13944298,-0.044021517,0.9987467,-0.023813874
1356024003918,0.116992325,0.03569144,0.9924912,0.9921178,0.040968746,-0.118421584,-0.04488772,0.99852276,-0.030617118
1356024003958,0.09420884,0.043266356,0.99461186,0.99453837,0.040991724,-0.095985085,-0.044923782,0.99822235,-0.0391683
1356024003998,0.073079675,0.053087562,0.9959122,0.99638724,0.039432973,-0.07521653,-0.043264866,0.99781096,-0.05001402
1356024004038,0.056863368,0.06555104,0.9962277,0.9976094,0.035517395,-0.059279323,-0.03926927,0.99721694,-0.06337476
1356024004078,0.046327353,0.0799323,0.9957231,0.9983915,0.028908432,-0.048772126,-0.032683223,0.99638104,-0.07846445
1356024004119,0.041074812,0.09494284,0.994635,0.9988812,0.019449234,-0.043106645,-0.02343753,0.99529266,-0.09403771
1356024004159,0.039503396,0.10906631,0.9932492,0.999145,0.007821083,-0.040596694,-0.012195975,0.99400365,-0.108664095
1356024004198,0.040258497,0.12136981,0.9917906,0.99918926,-0.0048886836,-0.039960533,-1.4305115E-6,0.9925953,-0.12146819
1356024004228,0.04156959,0.13116509,0.99048865,0.9990768,-0.016217649,-0.039782405,0.010845304,0.99122787,-0.1317181
1356024004268,0.04179594,0.13824248,0.98951614,0.99891794,-0.026004165,-0.038560122,0.020400882,0.990057,-0.13917977
1356024004308,0.03991756,0.14243326,0.9889992,0.99880624,-0.0335764,-0.035477787,0.028153837,0.9892348,-0.14360356
1356024004348,0.034514934,0.14364386,0.9890274,0.99879885,-0.03939542,-0.029134274,0.034778237,0.988845,-0.14483106
1356024004388,0.024718374,0.1419717,0.9895621,0.99880624,-0.045226365,-0.01846072,0.04213339,0.988837,-0.14292014
1356024004428,0.010936618,0.13796544,0.9903766,0.9985564,-0.053595603,-0.0035607517,0.052588552,0.9889859,-0.13835245
1356024004468,-0.005145937,0.13255978,0.99116164,0.9976901,-0.06645736,0.014067948,0.06773478,0.9889446,-0.1319117
1356024004508,-0.021644086,0.12652612,0.9917272,0.99596536,-0.083681315,0.032412797,0.087090075,0.9884274,-0.1242044
1356024004548,-0.03760165,0.11989167,0.9920746,0.9934422,-0.10278678,0.050075173,0.10797572,0.9874517,-0.115240514
1356024004588,-0.052738488,0.11215791,0.9922899,0.99055743,-0.12004745,0.06621528,0.12654844,0.9864123,-0.10476774
1356024004665,-0.06655431,0.102959275,0.99245656,0.9879935,-0.13218874,0.07996848,0.13942507,0.98586285,-0.09292537
1356024004668,-0.078122735,0.09233633,0.9926585,0.9863497,-0.13761312,0.09042686,0.14495254,0.98617274,-0.080325186
1356024004694,-0.08497751,0.0817602,0.9930227,0.9856409,-0.13905174,0.09579465,0.14591375,0.98690414,-0.06876987
1356024004725,-0.08970773,0.0712184,0.9934186,0.98566747,-0.13673425,0.098810315,0.14287147,0.9880444,-0.057931542
1356024004767,-0.093747795,0.059503764,0.99381614,0.98654735,-0.12872398,0.1007694,0.1339241,0.9898937,-0.046635687
1356024004807,-0.09285611,0.047395915,0.9945508,0.98825896,-0.11733478,0.09786034,0.12133357,0.99196076,-0.035944223
1356024004846,-0.0878306,0.035511583,0.9955023,0.99035704,-0.10437304,0.0910998,0.10713869,0.99390405,-0.02600205
1356024004886,-0.080573976,0.023316294,0.99647593,0.99221087,-0.093410134,0.08241475,0.09500256,0.99535465,-0.015608251
1356024004926,-0.07596862,0.009104401,0.99706864,0.9928522,-0.09162289,0.076484025,0.09205067,0.99575216,-0.0020788312
1356024004967,-0.08339,-0.009116113,0.9964753,0.99049884,-0.11048901,0.08187905,0.109353125,0.99383557,0.018243194
1356024005007,-0.11242986,-0.030214101,0.9932002,0.9813056,-0.16050172,0.106200755,0.1562016,0.98657304,0.047694474
1356024005054,-0.16777444,-0.049206793,0.9845966,0.9543441,-0.25849003,0.14970094,0.24714208,0.9647599,0.09032816
1356024005097,-0.22162735,-0.054137945,0.97362745,0.915973,-0.35403597,0.18881753,0.33447692,0.9336636,0.12805292
1356024005137,-0.26048356,-0.047439456,0.96431214,0.88071525,-0.42091197,0.21719527,0.3955869,0.9058602,0.15142131
1356024005177,-0.2829842,-0.033580333,0.9585365,0.8611219,-0.4489866,0.23849562,0.42236134,0.89290726,0.15597287
1356024005217,-0.29345107,-0.01560998,0.95584667,0.85913384,-0.44281214,0.25652796,0.41925606,0.8964786,0.14335468
1356024005256,-0.29340148,0.004246801,0.9559798,0.8713472,-0.41019392,0.26924893,0.3932806,0.9119884,0.11665109
1356024005297,-0.28448516,0.025003463,0.95835435,0.8913832,-0.36103553,0.27402437,0.35285154,0.93221676,0.0804216
1356024005336,-0.2664882,0.0459584,0.96274185,0.9141695,-0.304461,0.26757738,0.3054148,0.9514154,0.03912148
1356024005377,-0.24042463,0.06700292,0.96835256,0.9360039,-0.24821907,0.24956796,0.25708532,0.96638393,-0.0030370653
1356024005417,-0.21142685,0.088480026,0.9733807,0.9541004,-0.19744253,0.22518647,0.21211123,0.97631335,-0.042674184
1356024005456,-0.19226128,0.110426635,0.97511107,0.96578217,-0.15496129,0.20797053,0.17406994,0.9817296,-0.07685506
1356024005497,-0.19199377,0.13091755,0.9726248,0.9703797,-0.122754216,0.20807359,0.14663431,0.9837642,-0.1034717
1356024005537,-0.2083683,0.1471113,0.96692336,0.96887755,-0.104034364,0.22461754,0.13363704,0.9836336,-0.12085539
1356024005577,-0.23030221,0.15740699,0.9603041,0.96346205,-0.10179812,0.24774566,0.1367541,0.982273,-0.12821132
1356024005617,-0.25011164,0.16187683,0.954589,0.95600843,-0.11478555,0.26994857,0.15327147,0.9801123,-0.12604636
1356024005663,-0.26573724,0.16096976,0.9505117,0.94784,-0.1363967,0.2880892,0.17602035,0.977489,-0.11632788
1356024005699,-0.27701008,0.15511385,0.94826424,0.94083524,-0.15667719,0.30046862,0.19517824,0.97539324,-0.10253543
1356024005756,-0.28406578,0.14482293,0.9478042,0.9369447,-0.16795284,0.306474,0.20357084,0.9750991,-0.08798146
1356024005777,-0.2866819,0.13086036,0.94904643,0.9368664,-0.16875714,0.30627185,0.20023721,0.9769322,-0.07421905
1356024005817,-0.28479296,0.114093155,0.9517751,0.93993104,-0.16170728,0.30063346,0.18820915,0.9802213,-0.06118661
1356024005854,-0.27698553,0.09591293,0.95607513,0.9454385,-0.15042621,0.28899467,0.1715371,0.98395765,-0.049013913
1356024005897,-0.26272607,0.07751089,0.96175206,0.9528019,-0.13631803,0.2712674,0.15213034,0.9876282,-0.038038194
1356024005937,-0.24106771,0.059236586,0.9686988,0.9616117,-0.12026119,0.24665815,0.1311081,0.9909734,-0.027971447
1356024005977,-0.21299368,0.04013911,0.9762287,0.97072065,-0.10488236,0.21610433,0.11106339,0.9936742,-0.01662463
1356024006017,-0.180341,0.018537402,0.98342943,0.9784724,-0.0986169,0.18129098,0.100343466,0.9949528,-3.5363436E-4
1356024006057,-0.14749783,-0.007202506,0.9890362,0.98261845,-0.1150288,0.1457031,0.112718254,0.9933361,0.024043798
1356024006096,-0.123648524,-0.03745058,0.9916191,0.9798759,-0.16240525,0.1160506,0.15669799,0.9860132,0.056778103
1356024006137,-0.115786254,-0.06866062,0.99089813,0.9674345,-0.23386383,0.096839845,0.22508621,0.9698419,0.09350297
1356024006177,-0.11002493,-0.09559229,0.98932123,0.9499264,-0.30299842,0.07636678,0.29246268,0.9481846,0.124142975
1356024006217,-0.08221716,-0.11838421,0.9895582,0.9377856,-0.34527928,0.036608726,0.3373401,0.93100345,0.13940692
1356024006257,-0.00797677,-0.14235434,0.98978364,0.9357629,-0.3500229,-0.042800188,0.35253975,0.92586136,0.13600194
1356024006297,0.1411798,-0.17304435,0.974743,0.9290085,-0.3170532,-0.19084159,0.34206942,0.9324875,0.115998164
1356024006337,0.38859996,-0.20893916,0.8974043,0.8661649,-0.24932608,-0.4331222,0.31424248,0.9456115,0.084087685
1356024006377,0.68000674,-0.22983794,0.6962509,0.67859733,-0.16232398,-0.7163494,0.27766252,0.95959646,0.045586016
1356024006418,0.8777616,-0.21764539,0.42680797,0.4154498,-0.09791082,-0.90433115,0.23861268,0.97110444,0.004478394
1356024006457,0.9544772,-0.18909499,0.23068652,0.21914288,-0.08012876,-0.97239697,0.20236,0.97868407,-0.035042256
1356024006497,0.9765766,-0.16149442,0.14218876,0.1284482,-0.09260535,-0.987383,0.17262429,0.98251903,-0.06969255
1356024006537,0.97933334,-0.1380965,0.14776841,0.1319711,-0.11732787,-0.98428535,0.15326375,0.9834447,-0.09667835
1356024006577,0.9637701,-0.11738692,0.23951507,0.22191231,-0.14534456,-0.96417314,0.14799353,0.9823926,-0.11402914
1356024006617,0.9085093,-0.09698978,0.40645266,0.38658237,-0.17417702,-0.90565795,0.1586343,0.97992617,-0.12074691
1356024006659,0.7941887,-0.075060695,0.60301757,0.5799105,-0.202892,-0.7890111,0.18157117,0.9763199,-0.117606044
1356024006698,0.6490564,-0.054094046,0.75881463,0.7320293,-0.22703534,-0.64233017,0.20702398,0.972383,-0.10776031
1356024006738,0.52438474,-0.03848782,0.85061115,0.8213315,-0.24061674,-0.5172216,0.22457796,0.9698568,-0.09456451
1356024006778,0.4438135,-0.029061824,0.8956479,0.8667363,-0.23991966,-0.4372721,0.2275914,0.9703578,-0.08129069
1356024006818,0.40574506,-0.025226891,0.91363806,0.8881347,-0.22518209,-0.40063667,0.21584171,0.9739901,-0.068961665
1356024006858,0.4038094,-0.026469916,0.9144602,0.8939687,-0.20089558,-0.4005759,0.19431415,0.9792551,-0.057460293
1356024006898,0.4359945,-0.03147176,0.8993989,0.88420975,-0.17111266,-0.43461895,0.16757676,0.9847487,-0.046776563
1356024006938,0.5061799,-0.038024366,0.8615893,0.85138035,-0.13736156,-0.50624436,0.13759887,0.98979086,-0.037156478
1356024006978,0.61762285,-0.044014752,0.7852418,0.7792326,-0.10093312,-0.61855394,0.106482446,0.9939191,-0.028040841
1356024007018,0.7517226,-0.04882762,0.6576694,0.6547134,-0.06442395,-0.75312686,0.07914302,0.99672747,-0.016460866
1356024007058,0.86309916,-0.05924557,0.50154746,0.5005382,-0.03187383,-0.8651275,0.06724121,0.9977345,0.0021443963
1356024007098,0.91214395,-0.09063406,0.39972353,0.40093476,-0.005221065,-0.9160918,0.0851161,0.9958706,0.031575978
1356024007138,0.8977564,-0.15415664,0.41263688,0.41856062,0.006637752,-0.9081646,0.13726062,0.9880241,0.07048297
1356024007178,0.82628655,-0.23584108,0.5114973,0.52290535,-0.01630807,-0.8522348,0.20933346,0.97165483,0.10984743
1356024007218,0.7337257,-0.30096513,0.6091523,0.6205529,-0.068268225,-0.78118724,0.27669588,0.9511884,0.13667464
1356024007258,0.6813591,-0.33211374,0.6522655,0.6583191,-0.11146957,-0.74443966,0.3199464,0.9366296,0.14268601
1356024007297,0.6913434,-0.33414912,0.6406158,0.640736,-0.1262269,-0.75731385,0.3339187,0.9340296,0.12683523
1356024007337,0.73854655,-0.31421608,0.59650415,0.59123707,-0.123361215,-0.79700726,0.324018,0.94130236,0.09466821
1356024007377,0.79380786,-0.27841872,0.54069597,0.53011227,-0.11898424,-0.8395378,0.29807732,0.9530613,0.053142548
1356024007417,0.84058946,-0.23260331,0.48918805,0.47389615,-0.121619746,-0.87214166,0.26235798,0.9649375,0.007997543
1356024007457,0.8683316,-0.18265171,0.46112752,0.44271666,-0.13373026,-0.88663304,0.22361176,0.97404027,-0.035259247
1356024007497,0.87316453,-0.13293283,0.46894833,0.44958544,-0.15202332,-0.8802055,0.18829927,0.9793966,-0.07297671
1356024007537,0.84745425,-0.08599925,0.52385634,0.5052476,-0.17219871,-0.84561956,0.16293003,0.98130107,-0.10247961
1356024007576,0.7799859,-0.04372719,0.6242675,0.6069149,-0.1903417,-0.77163744,0.15256567,0.98074365,-0.12192514
1356024007617,0.666258,-0.0092764795,0.74566364,0.72846484,-0.20577075,-0.65345055,0.15949747,0.97855633,-0.1303388
1356024007662,0.52682567,0.01491034,0.8498426,0.83078426,-0.22028854,-0.5111463,0.17958921,0.9753208,-0.12844095
1356024007698,0.39864546,0.02849719,0.91666234,0.89438474,-0.2331844,-0.3817081,0.20287374,0.97201496,-0.11844538
1356024007738,0.30263093,0.033835977,0.952507,0.92790294,-0.23876795,-0.28633198,0.21773979,0.970487,-0.1036551
1356024007778,0.24063995,0.033195734,0.97004664,0.94582474,-0.23245052,-0.22667655,0.21796313,0.9720415,-0.087334245
1356024007818,0.20720005,0.027756631,0.9779048,0.9566974,-0.2146461,-0.19661415,0.2044461,0.9762974,-0.071029395
1356024007858,0.19918844,0.018514305,0.9797863,0.9627683,-0.19016066,-0.19213542,0.18275961,0.98157835,-0.055702776
1356024007898,0.21636862,0.0072695315,0.97628474,0.9635663,-0.16264176,-0.21233892,0.15724102,0.98665845,-0.04219526
1356024007937,0.262211,-0.0039550364,0.9650024,0.9562372,-0.13347086,-0.2603763,0.12982953,0.99104476,-0.031215549
1356024007976,0.3402917,-0.014118731,0.9402139,0.9347755,-0.103342265,-0.3398752,0.10196245,0.9945456,-0.021968663
1356024008017,0.4456215,-0.025427848,0.8948603,0.8917831,-0.07491684,-0.44621792,0.078386426,0.99686563,-0.010708466
1356024008057,0.55630213,-0.045913696,0.8297107,0.8280106,-0.053707957,-0.5581343,0.070188075,0.99750054,0.008139178
1356024008097,0.6324256,-0.08669138,0.76975477,0.7694039,-0.044837475,-0.6371869,0.089752525,0.99522567,0.038344324
1356024008137,0.65243363,-0.15028489,0.7427952,0.74493843,-0.05294785,-0.6650287,0.1392732,0.98722386,0.07740805
1356024008177,0.63341105,-0.22067338,0.74168307,0.74652797,-0.07802451,-0.6607634,0.2036823,0.972222,0.11531723
1356024008217,0.61327887,-0.27604526,0.7400595,0.74550575,-0.10728133,-0.6578085,0.2609795,0.9551386,0.13999996
1356024008257,0.621217,-0.30476218,0.7219484,0.7259148,-0.123238266,-0.6766536,0.2951901,0.94442177,0.14467365
1356024008297,0.66012895,-0.30594027,0.686025,0.687397,-0.12217116,-0.7159327,0.30284512,0.9441794,0.12965369
1356024008337,0.7150091,-0.28354406,0.63903415,0.63678896,-0.113129765,-0.7626935,0.28855103,0.95226276,0.09966895
1356024008377,0.76811934,-0.2444471,0.5918094,0.58526945,-0.10685423,-0.8037672,0.25971597,0.96375704,0.060990665
1356024008417,0.80995995,-0.19574906,0.5528537,0.5424654,-0.108262435,-0.833073,0.2229265,0.9746598,0.018498838
1356024008457,0.8345392,-0.14487548,0.53155947,0.51883173,-0.117941454,-0.84670144,0.18535918,0.98239547,-0.023260769
1356024008497,0.84105736,-0.09764157,0.53206074,0.5188142,-0.13286054,-0.8444998,0.15314814,0.98631346,-0.06108552
1356024008537,0.82839,-0.058817,0.55705523,0.54439735,-0.14966029,-0.8253686,0.13191476,0.98698646,-0.09195727
1356024008576,0.7951375,-0.032242656,0.6055713,0.59316874,-0.16633128,-0.78770846,0.12612331,0.9855426,-0.1131309
1356024008617,0.741543,-0.02038467,0.67059565,0.6565277,-0.18377243,-0.7315731,0.13814983,0.98275745,-0.12289208
1356024008661,0.6741904,-0.021326303,0.73824966,0.72001946,-0.20357367,-0.6634228,0.16443652,0.97882736,-0.12189206
1356024008698,0.606992,-0.02995041,0.79414344,0.7702676,-0.22374621,-0.59718126,0.19557238,0.9741872,-0.112742335
1356024008756,0.5538273,-0.04001531,0.83166945,0.8032714,-0.2372297,-0.5463305,0.21915832,0.97062904,-0.09924111
1356024008777,0.5216973,-0.047432065,0.8518111,0.82236993,-0.23773542,-0.5169038,0.22702354,0.97017115,-0.0850192
1356024008817,0.51004577,-0.05140251,0.85861003,0.83189064,-0.22427636,-0.5076003,0.21865788,0.97316897,-0.07162994
1356024008854,0.51538175,-0.053410053,0.8552947,0.8332704,-0.20181859,-0.5147132,0.20010522,0.97796553,-0.059508607
1356024008897,0.53484774,-0.05371052,0.84323967,0.82652146,-0.17402792,-0.53532857,0.1755,0.9832749,-0.048685566
1356024008937,0.5685269,-0.051870912,0.82102776,0.8093506,-0.14355886,-0.56951076,0.14740685,0.9882814,-0.039635345
1356024008976,0.6151717,-0.047688812,0.7869495,0.7795942,-0.11191706,-0.616204,0.11745915,0.99257255,-0.031670272
1356024009017,0.6692993,-0.04442206,0.7416637,0.7375549,-0.080826566,-0.6704325,0.08972815,0.99573773,-0.021333441
1356024009057,0.71962523,-0.051671535,0.6924374,0.6903106,-0.05433868,-0.72146976,0.074905574,0.99718475,-0.0034340844
1356024009097,0.74906427,-0.082285464,0.6573674,0.65679467,-0.03767599,-0.7531277,0.08673841,0.99589646,0.025822915
1356024009137,0.74559873,-0.14084992,0.65134007,0.6535193,-0.036662593,-0.75602144,0.13036537,0.9893519,0.064712554
1356024009177,0.7128609,-0.21233855,0.66838735,0.6742397,-0.054709718,-0.73648334,0.19295108,0.9756634,0.10416666
1356024009217,0.67360985,-0.27160263,0.68737304,0.6948354,-0.0842582,-0.71421593,0.2518997,0.95871407,0.13196197
1356024009257,0.6564417,-0.30281729,0.69093126,0.696658,-0.10801911,-0.7092245,0.2893992,0.94690734,0.14005184
1356024009297,0.67373824,-0.30527037,0.6729687,0.6750244,-0.11633167,-0.72856635,0.30069733,0.94513327,0.12768787
1356024009337,0.7188093,-0.28488362,0.6341565,0.63189554,-0.11260098,-0.7668305,0.28986412,0.9519256,0.09907806
1356024009377,0.7760416,-0.24850608,0.5796586,0.5730307,-0.10606848,-0.81264096,0.2634297,0.96280545,0.06008804
1356024009417,0.82879794,-0.20403004,0.5210238,0.510679,-0.10475905,-0.85336536,0.22869414,0.9733433,0.017369777
1356024009457,0.8683281,-0.15811142,0.47011405,0.45738325,-0.11136606,-0.88226885,0.19185151,0.981121,-0.024384765
1356024009497,0.8905376,-0.11640103,0.43976533,0.4261545,-0.12478107,-0.8960034,0.15917014,0.98533267,-0.061517417
1356024009537,0.89439934,-0.08279148,0.43954003,0.42602608,-0.14156789,-0.8935661,0.13620442,0.9864604,-0.09134689
1356024009577,0.87796086,-0.059798315,0.4749831,0.46140796,-0.158799,-0.8728606,0.12762243,0.98549837,-0.11182788
1356024009616,0.8382434,-0.047731966,0.5432031,0.5282979,-0.17569846,-0.83068126,0.13509001,0.9832862,-0.12206137
1356024009661,0.7744936,-0.04588911,0.6309151,0.61273813,-0.19342862,-0.7662488,0.15719952,0.98004055,-0.12169123
1356024009698,0.6960962,-0.049063474,0.7162701,0.6937604,-0.21081387,-0.688661,0.18478775,0.97629416,-0.11270844
1356024009738,0.62126875,-0.052272797,0.7818521,0.7560002,-0.22248298,-0.61560124,0.20612803,0.97353417,-0.09870346
1356024009778,0.56428134,-0.05288267,0.8238871,0.7976717,-0.22236937,-0.5605995,0.2128532,0.97352725,-0.0832959
1356024009818,0.5297563,-0.05141422,0.84659004,0.82309353,-0.20966277,-0.5277863,0.20463416,0.97642106,-0.06875144
1356024009858,0.5165427,-0.0497227,0.85481644,0.83580446,-0.18763608,-0.51596856,0.18604979,0.9809792,-0.055363566
1356024009897,0.5235914,-0.048705637,0.85057616,0.8364395,-0.16036642,-0.5240722,0.16192913,0.9858552,-0.04322718
1356024009937,0.55178416,-0.04744023,0.8326366,0.823011,-0.13046846,-0.55283886,0.13485965,0.9903168,-0.0329466
1356024009977,0.6015363,-0.044416368,0.7976097,0.79181826,-0.098991305,-0.60268104,0.10572535,0.9940965,-0.024377152
1356024010017,0.6677555,-0.040870577,0.7432579,0.74034107,-0.0674189,-0.66884214,0.077445626,0.99688727,-0.01476118
1356024010057,0.7345459,-0.044085413,0.67712545,0.67601967,-0.03870593,-0.73586637,0.05864975,0.9982777,0.0013713241
1356024010097,0.7805069,-0.06715956,0.6215292,0.6219932,-0.01631613,-0.7828526,0.06271699,0.99760884,0.029037952
1356024010137,0.7897686,-0.119248465,0.6017021,0.6055739,-0.0046667457,-0.79577535,0.09770301,0.99285346,0.06852811
1356024010177,0.7633219,-0.19115476,0.6170896,0.6270929,-0.01026918,-0.7788767,0.15522303,0.98150617,0.11203313
1356024010217,0.7214142,-0.25845182,0.64246726,0.6581595,-0.032652214,-0.7521701,0.21537773,0.9654721,0.14654678
1356024010257,0.6966452,-0.29944998,0.6519319,0.6691758,-0.056367934,-0.74096316,0.25862944,0.95244545,0.16111624
1356024010297,0.7058375,-0.30913657,0.63736016,0.65171254,-0.06921202,-0.7553016,0.27760434,0.94849586,0.15261576
1356024010337,0.7417799,-0.29284614,0.60332716,0.61175305,-0.07317428,-0.7876571,0.2748104,0.9533555,0.12487033
1356024010377,0.7888559,-0.2577294,0.5579265,0.55899286,-0.07638055,-0.82564706,0.25540823,0.9631935,0.083815634
1356024010417,0.83131886,-0.21224888,0.5136725,0.50795275,-0.08499372,-0.8571815,0.22559473,0.9735125,0.03715551
1356024010457,0.8618159,-0.16346644,0.48015833,0.46978772,-0.09967139,-0.8771346,0.19124013,0.98150104,-0.009103863
1356024010497,0.87692034,-0.11735323,0.4660889,0.4536108,-0.11851689,-0.8832842,0.15889569,0.9859929,-0.050697178
1356024010537,0.8747934,-0.07867502,0.47806558,0.46529156,-0.1386337,-0.87423354,0.13505635,0.9872137,-0.084669024
1356024010577,0.8530839,-0.051040024,0.5192714,0.5065266,-0.15781766,-0.8476582,0.12521465,0.9861483,-0.108778596
1356024010617,0.80940443,-0.0365721,0.5861117,0.57210004,-0.1761452,-0.80104584,0.13253671,0.9836846,-0.121649794
1356024010661,0.7453767,-0.034900755,0.6657293,0.64818203,-0.19544491,-0.73597646,0.15579954,0.9800935,-0.12305806
1356024010698,0.6720064,-0.04178971,0.7393652,0.71658623,-0.21521205,-0.6634666,0.1868464,0.9756727,-0.114677936
1356024010738,0.6063361,-0.051142216,0.79356223,0.76618505,-0.22957453,-0.60021335,0.21287793,0.97194654,-0.10001494
1356024010779,0.56095886,-0.058288574,0.8257891,0.7971202,-0.23120254,-0.55780363,0.22343811,0.971158,-0.08323212
1356024010818,0.5386508,-0.062207907,0.8402294,0.81415427,-0.21820265,-0.53808975,0.21681368,0.9739188,-0.06688821
1356024010858,0.53642255,-0.064231545,0.8415017,0.8202858,-0.19477999,-0.53776574,0.19844925,0.9787415,-0.05179614
1356024010898,0.5514717,-0.06498313,0.83165866,0.8159509,-0.1653364,-0.55397475,0.1735025,0.984094,-0.038155288
1356024010938,0.5836279,-0.063804895,0.8095106,0.79892075,-0.1332305,-0.586494,0.14527273,0.9890291,-0.026781932
1356024010978,0.63169277,-0.059229404,0.7729529,0.76667523,-0.099891216,-0.63421685,0.11477545,0.993234,-0.017690852
1356024011017,0.6906384,-0.05238822,0.72130024,0.71828675,-0.06637475,-0.6925738,0.08415887,0.9964185,-0.008211166
1356024011057,0.7490802,-0.051122636,0.66050386,0.6595658,-0.03585325,-0.75079125,0.062063605,0.9980486,0.006861776
1356024011097,0.7903796,-0.068751216,0.60874736,0.6094799,-0.012193263,-0.7927077,0.061922252,0.9975593,0.032265186
1356024011137,0.8040637,-0.11402115,0.5835073,0.5874746,0.0014798939,-0.8092413,0.091407105,0.9934772,0.06817445
1356024011176,0.79223084,-0.17826207,0.58360344,0.59344494,0.0023549497,-0.8048712,0.14210363,0.9839803,0.10765436
1356024011217,0.77114385,-0.2381434,0.5904447,0.60635537,-0.008007348,-0.79515344,0.19408849,0.97119695,0.13822472
1356024011257,0.76395565,-0.27202713,0.5851265,0.60341245,-0.020102262,-0.7971758,0.22861585,0.9620796,0.14878732
1356024011297,0.78068244,-0.27389836,0.5617069,0.57732236,-0.027994886,-0.8160363,0.23923595,0.9613511,0.13627255
1356024011337,0.8139559,-0.24978016,0.52448606,0.5337691,-0.03475848,-0.84491557,0.2292735,0.9676785,0.10503307
1356024011377,0.85055876,-0.20985232,0.48219475,0.4841212,-0.04561998,-0.8738109,0.20536897,0.97666824,0.0627915
1356024011418,0.8811881,-0.16355693,0.44357252,0.43951058,-0.06226299,-0.89607686,0.17417772,0.9845671,0.017019598
1356024011457,0.90162635,-0.11849402,0.41596764,0.40840656,-0.083365746,-0.9089852,0.14238678,0.98944896,-0.026771009
1356024011496,0.91085887,-0.08038172,0.4048146,0.3959834,-0.10626379,-0.91208833,0.11633237,0.9910837,-0.06496149
1356024011537,0.9089718,-0.053456426,0.41341597,0.40432665,-0.12827861,-0.9055742,0.10144119,0.9902965,-0.09498778
1356024011577,0.89512324,-0.04096344,0.44393277,0.433985,-0.14784113,-0.8887069,0.102036,0.9881624,-0.11455852
1356024011617,0.86856294,-0.04428643,0.49359602,0.48081064,-0.16603068,-0.8609616,0.12008105,0.9851256,-0.1229147
1356024011661,0.8308186,-0.06033729,0.55326295,0.53539556,-0.1847843,-0.8241398,0.15196069,0.98092514,-0.12121791
1356024011698,0.7891282,-0.080828846,0.6088869,0.58518475,-0.20228788,-0.7852632,0.1866424,0.9759847,-0.11233124
1356024011755,0.753831,-0.09718156,0.6498419,0.6222679,-0.21200532,-0.7535492,0.21100098,0.9724245,-0.09934324
1356024011777,0.7323525,-0.10460433,0.67284304,0.64533556,-0.20865405,-0.7348507,0.21725999,0.97237927,-0.085303426
1356024011817,0.72551876,-0.10381758,0.6803267,0.65646964,-0.19231986,-0.72942483,0.20656747,0.9758252,-0.07137856
1356024011854,0.7304028,-0.09820506,0.6759198,0.65733993,-0.16771942,-0.73469347,0.1855155,0.9809312,-0.05794864
1356024011897,0.74451685,-0.08952549,0.66157377,0.64845014,-0.13869374,-0.7485161,0.15876743,0.98628044,-0.045206994
1356024011937,0.76669973,-0.07821107,0.6372241,0.6288744,-0.10822965,-0.7699373,0.12918416,0.99104464,-0.0337947
1356024011977,0.79496956,-0.06452927,0.6032076,0.59862137,-0.077784374,-0.7972465,0.09836584,0.99487966,-0.023207605
1356024012017,0.824894,-0.052674085,0.56282794,0.56085896,-0.04812056,-0.8265117,0.07061936,0.9974516,-0.010151625
1356024012057,0.84904784,-0.053288653,0.52562165,0.52534884,-0.020136356,-0.8506486,0.055914074,0.9983761,0.010898408
1356024012096,0.85964537,-0.07891905,0.5047591,0.5066128,0.004082054,-0.8621641,0.06598067,0.9968727,0.043490503
1356024012137,0.85015464,-0.13440521,0.5090897,0.5159194,0.019485295,-0.85641557,0.10518694,0.9907349,0.08590776
1356024012176,0.82244134,-0.20360811,0.53116286,0.5459221,0.020084783,-0.83759516,0.15987289,0.9788464,0.12767273
1356024012217,0.7893954,-0.26088846,0.55569065,0.5769095,0.0058597773,-0.81678706,0.20983408,0.96535116,0.15513471
1356024012257,0.7695216,-0.28761846,0.5701861,0.59185773,-0.014170945,-0.80591786,0.23987688,0.9576403,0.15932435
1356024012297,0.77121985,-0.28205094,0.5706727,0.58673036,-0.032774165,-0.809119,0.246916,0.95883954,0.14021173
1356024012337,0.79063034,-0.2515607,0.55823016,0.5654686,-0.049684152,-0.823272,0.23483804,0.9665655,0.10296786
1356024012377,0.8165535,-0.20751494,0.53868175,0.53742003,-0.06742525,-0.8406151,0.21076086,0.9759055,0.05646634
1356024012417,0.84088355,-0.15874521,0.5174116,0.5101411,-0.086802825,-0.85569936,0.18075094,0.9834965,0.007991377
1356024012457,0.858512,-0.11193736,0.5004271,0.49022382,-0.10717859,-0.86498165,0.15045884,0.9879184,-0.03713974
1356024012497,0.86630833,-0.07256059,0.49421132,0.48342228,-0.12728399,-0.86608404,0.12574877,0.98920864,-0.07518977
1356024012537,0.86194766,-0.04535362,0.50496465,0.49433717,-0.14600602,-0.85692066,0.112592325,0.9882435,-0.103429556
1356024012577,0.8428656,-0.033523068,0.537079,0.5255826,-0.1629366,-0.8349938,0.115501374,0.9860669,-0.1197145
1356024012617,0.80792093,-0.03751698,0.5880954,0.57353234,-0.17918673,-0.79934525,0.13536787,0.98309946,-0.12325153
1356024012662,0.7581097,-0.05510518,0.6497947,0.62985146,-0.19633368,-0.75149196,0.16898765,0.9789875,-0.11413441
1356024012698,0.70620203,-0.0742338,0.70410794,0.6788007,-0.21171477,-0.7031405,0.20126683,0.97450817,-0.09912345
1356024012738,0.6637711,-0.08950034,0.7425616,0.71419215,-0.21899861,-0.6648076,0.22212043,0.9716117,-0.08144451
1356024012778,0.63901126,-0.097168475,0.7630353,0.73539233,-0.21367458,-0.6430717,0.22552758,0.9720604,-0.065083474
1356024012818,0.63314116,-0.09845647,0.7677491,0.7439177,-0.19659469,-0.63869953,0.21381947,0.9755291,-0.05122868
1356024012858,0.64397144,-0.0959788,0.7590052,0.74046504,-0.17128871,-0.6499013,0.19238573,0.9805347,-0.03923609
1356024012898,0.67001474,-0.09096938,0.73675287,0.72368234,-0.14111461,-0.6755521,0.1654211,0.9858049,-0.028715946
1356024012938,0.71062434,-0.08254138,0.69871306,0.69064784,-0.10763356,-0.71513677,0.13423333,0.9907583,-0.01948002
1356024012978,0.7634485,-0.07111624,0.64194155,0.63789046,-0.072716996,-0.76668644,0.10120389,0.9948139,-0.010151327
1356024013017,0.81911427,-0.061766982,0.5702952,0.5689774,-0.038886845,-0.8214332,0.07291444,0.9973327,0.0032912493
1356024013057,0.8638572,-0.06706852,0.49925208,0.49987012,-0.008431993,-0.8660593,0.062295035,0.99771273,0.026241515
1356024013097,0.886661,-0.10015355,0.45144385,0.45522457,0.01749748,-0.8902047,0.081258,0.99481815,0.06110668
1356024013136,0.88376665,-0.16213584,0.43894005,0.4497034,0.035052985,-0.89248985,0.12931842,0.9861457,0.1038917
1356024013176,0.8624677,-0.2337448,0.44890183,0.469666,0.039150946,-0.8819756,0.18858232,0.9715094,0.14354843
1356024013217,0.8409138,-0.28873044,0.45771036,0.48646468,0.032743827,-0.8730865,0.23709944,0.95685035,0.16799188
1356024013257,0.83585954,-0.31311724,0.45088398,0.4817265,0.02456458,-0.87597734,0.2632078,0.9493968,0.1713694
1356024013296,0.8493504,-0.30851126,0.42828113,0.45516437,0.017247126,-0.8902403,0.26726258,0.9510642,0.15507221
1356024013337,0.8732143,-0.2827991,0.39688972,0.4156213,0.0068976805,-0.90951157,0.25447145,0.95915437,0.12356049
1356024013377,0.89686346,-0.24581511,0.36771032,0.3769169,-0.010278888,-0.9261901,0.23145112,0.9692623,0.08343309
1356024013417,0.9150884,-0.20446754,0.3475719,0.3482294,-0.03395474,-0.9367942,0.20334572,0.9782843,0.04013002
1356024013457,0.9254538,-0.16371189,0.3416633,0.33604425,-0.06174621,-0.93982,0.17495614,0.9845739,-0.0021288097
1356024013496,0.9259912,-0.12793188,0.3552095,0.34573781,-0.09063727,-0.9339434,0.15167639,0.98763263,-0.039698422
1356024013537,0.9142486,-0.10111347,0.3923336,0.38049313,-0.11840454,-0.91717255,0.13919255,0.98780394,-0.069778204
1356024013577,0.88595474,-0.085751995,0.4557749,0.4415784,-0.14439827,-0.8855268,0.14174877,0.98579705,-0.09006411
1356024013617,0.83837175,-0.08159016,0.5389582,0.5212065,-0.16953143,-0.83642274,0.15961418,0.9821417,-0.09960505
1356024013662,0.77466077,-0.08450246,0.62670577,0.60412276,-0.19403084,-0.77290857,0.18691294,0.97734916,-0.099258214
1356024013698,0.7073137,-0.08798778,0.70140254,0.67428255,-0.21394403,-0.7068034,0.21225093,0.9728752,-0.09199694
1356024013738,0.6509142,-0.08783373,0.754053,0.72503996,-0.22247477,-0.6517838,0.22500637,0.97097385,-0.08112902
1356024013778,0.61319387,-0.083699316,0.78548574,0.7581816,-0.21672514,-0.61497235,0.22170725,0.972638,-0.06943525
1356024013818,0.5948597,-0.07807398,0.800029,0.7769727,-0.19927287,-0.5971631,0.206047,0.97682893,-0.057878032
1356024013858,0.59473705,-0.07309207,0.8005907,0.7827109,-0.1745942,-0.5973947,0.18344331,0.9819238,-0.046627656
1356024013897,0.6131799,-0.068814695,0.7869403,0.7741644,-0.14576784,-0.6159718,0.15709847,0.9869226,-0.036108032
1356024013938,0.65132153,-0.06382355,0.75611305,0.74793124,-0.11406621,-0.65390193,0.12798133,0.99142087,-0.026558131
1356024013978,0.707254,-0.05774358,0.7045973,0.7002052,-0.0802239,-0.7094199,0.09749001,0.9951028,-0.01630631
1356024014017,0.771243,-0.055054188,0.6341556,0.63245434,-0.046430737,-0.7732048,0.072012484,0.99740326,-9.901151E-4
1356024014057,0.82506377,-0.06704137,0.5610483,0.56134677,-0.016082287,-0.82742435,0.064494595,0.9976205,0.024364531
1356024014097,0.8516105,-0.10592301,0.5133614,0.5169576,0.007755421,-0.855976,0.086686194,0.9943441,0.061362296
1356024014136,0.84674966,-0.16959545,0.5042344,0.514575,0.020561785,-0.8571988,0.13500905,0.9852993,0.10468027
1356024014177,0.8196078,-0.23939575,0.5205121,0.5397706,0.018077955,-0.8416181,0.19206998,0.97075385,0.14403561
1356024014217,0.79606694,-0.29022515,0.5310808,0.5569784,0.0080485195,-0.8304879,0.2367541,0.9569245,0.16805631
1356024014257,0.7988945,-0.30970165,0.5156088,0.5432312,0.0035251975,-0.83957577,0.2582004,0.95082724,0.17105585
1356024014297,0.8297694,-0.29911458,0.47118267,0.49562734,0.0067870915,-0.86850876,0.2565857,0.95419306,0.1538811
1356024014337,0.8732643,-0.26624012,0.4080755,0.42556673,0.0089075565,-0.90488315,0.23728126,0.9638655,0.12108159
1356024014377,0.9122419,-0.22159946,0.34454092,0.3534013,3.573969E-4,-0.9354718,0.2071769,0.9751377,0.07863957
1356024014417,0.938373,-0.17489754,0.29810554,0.2990462,-0.0215795,-0.9539946,0.17328426,0.98435014,0.032052815
1356024014457,0.9503884,-0.13273814,0.2813229,0.27657256,-0.05334678,-0.9595112,0.14237137,0.98971444,-0.013988435
1356024014497,0.9484862,-0.098362364,0.30116242,0.2930781,-0.088627905,-0.9519719,0.120329574,0.9911963,-0.05523449
1356024014537,0.9295209,-0.07337804,0.36139518,0.35129267,-0.12192577,-0.9282928,0.11217972,0.98982304,-0.08755538
1356024014577,0.88606626,-0.05863148,0.45983577,0.44741017,-0.15137696,-0.8814245,0.12128776,0.98673564,-0.1078977
1356024014617,0.8122179,-0.05323094,0.58092046,0.5645516,-0.17906593,-0.80573994,0.14691338,0.98239595,-0.11538893
1356024014661,0.7159573,-0.05337712,0.6961006,0.6741235,-0.20643811,-0.7091831,0.18155584,0.9770026,-0.11181811
1356024014698,0.62083876,-0.05382532,0.7820884,0.75473124,-0.22874102,-0.61486465,0.21199086,0.9719983,-0.101387694
1356024014755,0.5474845,-0.05163932,0.83522093,0.8055528,-0.23774397,-0.5427361,0.22659525,0.9699542,-0.08856295
1356024014777,0.5019484,-0.04728383,0.86360407,0.83589053,-0.22990459,-0.49842831,0.2221142,0.9720638,-0.0758761
1356024014817,0.4816152,-0.04296422,0.875329,0.8526106,-0.2080844,-0.4793288,0.20273626,0.97716683,-0.063584864
1356024014854,0.4839659,-0.040231317,0.87416154,0.8573574,-0.17826423,-0.4828667,0.1752581,0.98315984,-0.051781192
1356024014897,0.5100585,-0.038062662,0.85929716,0.84817433,-0.14379868,-0.5098258,0.14297113,0.9888747,-0.041061953
1356024014937,0.56432366,-0.034932405,0.8248143,0.8184618,-0.10700336,-0.56450915,0.10797754,0.99364483,-0.03179373
1356024014977,0.64554334,-0.03134659,0.76308006,0.76012003,-0.07057713,-0.6459384,0.07410401,0.9970137,-0.021733418
1356024015017,0.73810244,-0.033937395,0.6738346,0.6727638,-0.038367048,-0.7388619,0.050928056,0.99868727,-0.0054869726
1356024015057,0.8151404,-0.05572194,0.5765771,0.5768739,-0.0122277215,-0.8167417,0.052560627,0.9983715,0.02217722
1356024015097,0.8534622,-0.10684195,0.51008534,0.5138227,0.008904867,-0.8578502,0.08711216,0.9942361,0.06249779
1356024015137,0.85460263,-0.18052843,0.486892,0.49836084,0.021668129,-0.86669886,0.14591375,0.9833311,0.10848594
1356024015177,0.84478885,-0.25128475,0.47242752,0.49379,0.025934637,-0.86919427,0.20616308,0.96756566,0.1459912
1356024015217,0.85703486,-0.29512942,0.42236224,0.45134902,0.034599647,-0.8916764,0.24854639,0.9548305,0.1628595
1356024015257,0.8982594,-0.30348355,0.31784868,0.34970826,0.055602342,-0.9352072,0.2661469,0.95121294,0.15607604
1356024015297,0.9420253,-0.28264582,0.18083058,0.20949684,0.07446411,-0.97496974,0.2621058,0.9563296,0.1293605
1356024015337,0.96728104,-0.24837647,0.051735498,0.07225506,0.07421693,-0.99462104,0.24320084,0.96581614,0.08973509
1356024015377,0.9758022,-0.21379279,-0.04585565,-0.035244927,0.05318305,-0.99796253,0.21579596,0.9754302,0.044361025
1356024015417,0.97684884,-0.18467923,-0.1079817,-0.106237695,0.019342273,-0.99415267,0.18568794,0.98260856,-7.2541833E-4
1356024015457,0.9770461,-0.1623337,-0.1379447,-0.14286613,-0.01898712,-0.9895598,0.15801975,0.98655313,-0.04174328
1356024015497,0.97976166,-0.14778441,-0.13500689,-0.14443105,-0.05496472,-0.98798716,0.13858847,0.98749113,-0.07519698
1356024015537,0.98521936,-0.1423264,-0.09532087,-0.108018026,-0.08431113,-0.9905674,0.13294727,0.98622257,-0.09843877
1356024015577,0.98907423,-0.14701974,-0.010830559,-0.026813217,-0.10716924,-0.9938792,0.14495915,0.9833107,-0.10994041
1356024015617,0.9801994,-0.15805708,0.119277164,0.0993018,-0.1287759,-0.9866893,0.17131327,0.97899675,-0.110530704
1356024015662,0.9465042,-0.16794942,0.27554086,0.251145,-0.15276724,-0.9558182,0.20262273,0.9738866,-0.102415174
1356024015698,0.8921422,-0.16809392,0.41931704,0.3916855,-0.17465913,-0.90336967,0.22508845,0.97017455,-0.08998084
1356024015738,0.8384151,-0.15810744,0.52159584,0.49384218,-0.18454386,-0.8497431,0.230608,0.9700235,-0.07664424
1356024015778,0.8022036,-0.1436237,0.57951844,0.5548925,-0.17891389,-0.8124557,0.22037177,0.9733253,-0.06382966
1356024015818,0.78998965,-0.12946181,0.5992963,0.57979715,-0.16011196,-0.7988739,0.19937815,0.97857237,-0.05142522
1356024015858,0.8038669,-0.116955355,0.5831976,0.5694065,-0.13216513,-0.8113622,0.17197151,0.9843038,-0.039648052
1356024015898,0.8426283,-0.10430817,0.5282967,0.51972866,-0.09921273,-0.84855103,0.1409246,0.9895841,-0.0293875
1356024015938,0.8970014,-0.08809286,0.43316066,0.4287672,-0.064822346,-0.90108633,0.10745782,0.9940008,-0.020374388
1356024015978,0.9479064,-0.07033715,0.31068665,0.30906117,-0.033197198,-0.9504627,0.07716673,0.9969708,-0.009729356
1356024016018,0.977796,-0.061466902,0.20034161,0.20041665,-0.005005298,-0.97969794,0.06122177,0.9980966,0.007424831
1356024016058,0.9864903,-0.0768427,0.144679,0.1468716,0.023663014,-0.98887247,0.072564095,0.99676234,0.034629345
1356024016097,0.9807127,-0.12167958,0.15295966,0.15998276,0.050153077,-0.9858449,0.11228578,0.9913016,0.06865239
1356024016137,0.9621579,-0.18324532,0.201676,0.21620588,0.06290713,-0.97431904,0.16585256,0.98105234,0.10014531
1356024016176,0.938578,-0.23600517,0.25173947,0.2720994,0.057536036,-0.9605475,0.21221009,0.97004694,0.11821893
1356024016216,0.9239759,-0.2613748,0.27919847,0.2998161,0.04179462,-0.9530811,0.23744237,0.96433216,0.116981596
1356024016257,0.9227586,-0.25814056,0.2861471,0.30158144,0.021428443,-0.9531996,0.23992778,0.9658698,0.097623676
1356024016296,0.92796123,-0.23575716,0.28862867,0.2962656,-0.0031656623,-0.95510036,0.22608545,0.9718068,0.066909134
1356024016337,0.9340979,-0.20166686,0.29460415,0.29452038,-0.03112483,-0.9551382,0.20178922,0.97895956,0.03032136
1356024016377,0.9361169,-0.16230467,0.31199744,0.30611855,-0.060702685,-0.9500561,0.17313763,0.98487175,-0.0071403384
1356024016417,0.9309617,-0.12240738,0.3439864,0.33487138,-0.08919451,-0.93803275,0.14550382,0.98846376,-0.04204595
1356024016457,0.91517967,-0.08624543,0.3937104,0.3834344,-0.11469704,-0.9164184,0.124194294,0.9896496,-0.07189894
1356024016497,0.88309026,-0.05818513,0.46558142,0.45491818,-0.13680747,-0.87996197,0.114895746,0.9888873,-0.09434387
1356024016537,0.8297725,-0.041517287,0.5565555,0.54464555,-0.157424,-0.823759,0.12181543,0.98665804,-0.1080139
1356024016577,0.755077,-0.03615266,0.65463865,0.63944787,-0.1799005,-0.74749064,0.14479357,0.9830203,-0.112721
