1356024292726,0.081293285,-0.08469358,0.99308527,0.45626608,-0.8826869,-0.11262806,0.8861222,0.46226704,-0.033113718
1356024292766,-0.16226469,0.24249007,-0.9564877,-0.434111,0.8529445,0.28988504,0.88612515,0.46225995,-0.033135176
1356024292807,-0.16229007,0.24234194,-0.9565209,-0.43406355,0.85301006,0.28976294,0.8861437,0.46221653,-0.0332433
1356024292846,-0.16218078,0.24177001,-0.95668423,-0.43399537,0.853236,0.2891995,0.8861972,0.4620991,-0.03345138
1356024292887,-0.16168511,0.24049479,-0.9570894,-0.4339462,0.85372406,0.28782976,0.88631177,0.4618631,-0.03367263
1356024292927,-0.16051815,0.23827362,-0.9578411,-0.4340359,0.854524,0.2853095,0.8864799,0.4615348,-0.033747315
1356024292967,-0.158656,0.23511222,-0.958932,-0.43438467,0.85556424,0.28163767,0.8866444,0.46122885,-0.033611298
1356024293007,-0.15629728,0.23108906,-0.9602964,-0.43506444,0.8567388,0.2769794,0.8867301,0.46108186,-0.033367336
1356024293047,-0.15374011,0.22639999,-0.9618249,-0.4360521,0.8579431,0.27164716,0.8866919,0.46116883,-0.03317809
1356024293086,-0.15125339,0.22138423,-0.96338534,-0.43725824,0.85907775,0.26606494,0.8865255,0.46149147,-0.033136368
1356024293126,-0.14907989,0.2163651,-0.9648634,-0.43858504,0.8600669,0.26063034,0.88623834,0.46202937,-0.033324182
1356024293167,-0.14750522,0.21144271,-0.9661957,-0.43998414,0.86087215,0.25556424,0.8858081,0.46280786,-0.0339517
1356024293206,-0.14681032,0.20653215,-0.967363,-0.44146493,0.8614789,0.25092405,0.8851867,0.46389508,-0.035297275
1356024293247,-0.14708066,0.20166379,-0.9683486,-0.44303948,0.8618673,0.2467809,0.8843547,0.46531335,-0.03741896
1356024293286,-0.14810607,0.19720559,-0.9691102,-0.4447025,0.86198115,0.24336824,0.8833483,0.46701005,-0.03996682
1356024293327,-0.14950794,0.19373716,-0.96959436,-0.44645786,0.86173165,0.24102701,0.882226,0.4689185,-0.04234022
1356024293366,-0.15096399,0.19173296,-0.96976715,-0.44834095,0.86103237,0.24002838,0.8810223,0.47102195,-0.044023156
1356024293407,-0.15230173,0.19135211,-0.9696332,-0.45039243,0.85984874,0.24043047,0.87974477,0.47333342,-0.044772923
1356024293447,-0.15346363,0.19243355,-0.9692359,-0.45252532,0.8582722,0.24205308,0.8784473,0.4757501,-0.044632494
1356024293486,-0.15437856,0.19455087,-0.96866775,-0.45463467,0.85646975,0.24447265,0.877197,0.47813126,-0.04377103
1356024293526,-0.15498674,0.19713296,-0.9680484,-0.45667356,0.8546152,0.24714795,0.8760299,0.48038676,-0.042428613
1356024293567,-0.15521717,0.19953123,-0.96752,-0.45871428,0.8528451,0.24947244,0.87492216,0.48253763,-0.040848374
1356024293607,-0.15500574,0.20122719,-0.9672026,-0.46085465,0.85125285,0.25096124,0.8738342,0.48464024,-0.039212584
1356024293672,-0.15434866,0.20199299,-0.96714807,-0.46315813,0.84986776,0.2514146,0.8727319,0.48674798,-0.03762126
1356024293688,-0.15343423,0.20199609,-0.9672929,-0.46561557,0.8486253,0.2510722,0.8715848,0.4889097,-0.03615564
1356024293718,-0.1527286,0.20196055,-0.9674119,-0.46792597,0.84743786,0.25078738,0.87047064,0.4909796,-0.0349254
1356024293758,-0.15265122,0.2024772,-0.9673162,-0.4702208,0.846017,0.2512921,0.8692468,0.49321222,-0.0339365
1356024293798,-0.1542443,0.20550655,-0.96642417,-0.47175294,0.84411526,0.25479126,0.8681347,0.49521357,-0.033251643
1356024293838,-0.15814362,0.21246386,-0.96428716,-0.47164357,0.84171534,0.2628071,0.8674923,0.4963611,-0.032904744
1356024293878,-0.16468288,0.22429802,-0.96050507,-0.468974,0.83888006,0.27630368,0.8677229,0.49595436,-0.032959223
1356024293919,-0.17380363,0.24108678,-0.9548138,-0.46277606,0.8358491,0.29528722,0.86927015,0.49318698,-0.0337044
1356024293958,-0.18502522,0.26183182,-0.9472117,-0.4520663,0.8331426,0.3186056,0.87258345,0.48715252,-0.035787046
1356024293988,-0.19744375,0.28507984,-0.9379474,-0.43848598,0.83005273,0.3445903,0.8767816,0.47931403,-0.038885236
1356024294028,-0.20892061,0.30658755,-0.9286314,-0.4199107,0.8294675,0.3683188,0.88319147,0.46689165,-0.04455346
1356024294068,-0.22046827,0.32913655,-0.91818446,-0.3975613,0.8292826,0.3927281,0.8906955,0.45161873,-0.05197853
1356024294109,-0.2312306,0.35117188,-0.90730965,-0.37392464,0.8288746,0.41610965,0.8981719,0.4354827,-0.060349345
1356024294148,-0.24103935,0.37153468,-0.8965835,-0.3511903,0.82782644,0.43745717,0.904746,0.42031583,-0.06905937
1356024294178,-0.24963073,0.3897826,-0.88642764,-0.33114475,0.8258567,0.45640326,0.90996027,0.40746814,-0.07708472
1356024294218,-0.2572217,0.40455458,-0.8775948,-0.3136095,0.8240524,0.471791,0.91404927,0.39657697,-0.08509201
1356024294258,-0.2641289,0.41809586,-0.8691557,-0.29873535,0.8213781,0.48589617,0.91705674,0.38798678,-0.09204972
1356024294288,-0.2700767,0.431301,-0.8608357,-0.2865523,0.81754225,0.49951217,0.9192096,0.38158104,-0.09720886
1356024294318,-0.27471352,0.44384754,-0.8529548,-0.27726597,0.8128358,0.51227087,0.9206824,0.37722307,-0.1002332
1356024294358,-0.27743763,0.45768437,-0.84472096,-0.27127704,0.80613977,0.52587783,0.9216492,0.37505165,-0.09949422
1356024294398,-0.2782125,0.4764443,-0.83402556,-0.2668407,0.7957891,0.54361355,0.92271,0.37379205,-0.09426373
1356024294438,-0.27597892,0.50190926,-0.81970894,-0.26239264,0.78109324,0.56660694,0.92465436,0.37145716,-0.08386803
1356024294478,-0.26996213,0.5353168,-0.8003476,-0.25590718,0.7614257,0.59560263,0.9282413,0.36560488,-0.06856465
1356024294518,-0.25991678,0.5763341,-0.7747789,-0.24620119,0.73628485,0.63029325,0.9337174,0.3545753,-0.04947865
1356024294558,-0.24760112,0.6218981,-0.74292415,-0.23448955,0.70553815,0.66875297,0.9400576,0.33979195,-0.02886343
1356024294598,-0.23675981,0.66632855,-0.70707214,-0.22380202,0.67078876,0.707075,0.9454403,0.32565114,-0.0096901655
1356024294673,-0.23185393,0.7037827,-0.6715159,-0.21623366,0.63576674,0.74097466,0.9484127,0.31700227,0.004776478
1356024294674,-0.23308864,0.7326512,-0.6394465,-0.21085739,0.6038375,0.7687128,0.9493202,0.31401032,0.013737261
1356024294704,-0.2429941,0.7480289,-0.6175812,-0.20911363,0.5812987,0.78636074,0.94721967,0.32022575,0.015170872
1356024294737,-0.25597745,0.7544329,-0.60440594,-0.20940685,0.56711507,0.79657346,0.943729,0.33047158,0.012814701
1356024294777,-0.274055,0.7485764,-0.60376084,-0.21438774,0.56444544,0.79714435,0.9375135,0.34790033,0.005796492
1356024294816,-0.29266202,0.727709,-0.6203132,-0.22758937,0.57706356,0.7843473,0.92873675,0.37072536,-0.0032657385
1356024294857,-0.3072321,0.6897596,-0.65562177,-0.2525105,0.6051583,0.75499785,0.9175221,0.397511,-0.011752486
1356024294897,-0.3118699,0.63358474,-0.7080308,-0.29154134,0.64543474,0.70598704,0.9042903,0.42659634,-0.016575575
1356024294936,-0.29850516,0.56465334,-0.7694551,-0.3428588,0.68895173,0.63858694,0.8906977,0.454436,-0.012059271
1356024294977,-0.2583908,0.5013847,-0.82574064,-0.3969597,0.7241633,0.5639242,0.880714,0.47349858,0.0119124055
1356024295017,-0.18658221,0.47091794,-0.86222,-0.438888,0.7452348,0.5019984,0.8789564,0.47208202,0.067632735
1356024295056,-0.08595924,0.48662198,-0.8693734,-0.45957226,0.7548545,0.46796155,0.8839708,0.4397655,0.15875125
1356024295097,0.02823253,0.5304561,-0.8472421,-0.46376657,0.75778866,0.45899555,0.88550746,0.37996396,0.2674021
1356024295136,0.13195221,0.5657131,-0.8139762,-0.46081263,0.76203924,0.4549154,0.8776334,0.31506342,0.3612405
1356024295177,0.20887505,0.56747967,-0.79645336,-0.45122367,0.77846897,0.4363293,0.86762226,0.26824033,0.41866302
1356024295217,0.25604707,0.5294721,-0.80876404,-0.4312155,0.81135875,0.394652,0.86515504,0.24770206,0.43606257
1356024295256,0.27594027,0.45422825,-0.8470736,-0.40286198,0.8548006,0.32713652,0.8726736,0.2509836,0.4188652
1356024295297,0.27136093,0.34958914,-0.8967445,-0.3753887,0.8963598,0.235844,0.8862542,0.2726289,0.37446886
1356024295336,0.24772716,0.2334697,-0.9402782,-0.3593844,0.9234311,0.13460264,0.8997078,0.30457658,0.31266433
1356024295377,0.21144214,0.12368708,-0.96953285,-0.35869193,0.9325663,0.040745184,0.9091933,0.33914834,0.24154937
1356024295417,0.16890159,0.034687266,-0.9850223,-0.36995733,0.9285401,-0.030738235,0.91356647,0.36960796,0.16966474
1356024295456,0.12472221,-0.025558993,-0.9918625,-0.3858782,0.9197184,-0.07222237,0.9140801,0.3917458,0.10484666
1356024295497,0.08144298,-0.05297509,-0.99526906,-0.39839745,0.9136089,-0.08122946,0.91358984,0.40312827,0.05330187
1356024295536,0.039794862,-0.04424745,-0.99822766,-0.4005664,0.9145237,-0.056505963,0.91540307,0.4021051,0.018669307
1356024295577,-7.7909604E-4,0.0041842163,-0.999991,-0.38815317,0.9215855,0.0041585267,0.92159456,0.3881529,9.061098E-4
1356024295635,-0.04095,0.095434755,-0.994593,-0.3608003,0.92684996,0.10378964,0.9317436,0.36309963,-0.0035216212
1356024295703,-0.080794126,0.22727357,-0.9704736,-0.32347023,0.91497886,0.24120696,0.9427827,0.33340743,-4.0864944E-4
1356024295704,-0.11941627,0.38036394,-0.91709495,-0.2853077,0.8715975,0.3986443,0.95096755,0.30925885,0.004437804
1356024295724,-0.15495162,0.5222658,-0.83858716,-0.25176197,0.7999382,0.54471534,0.95530415,0.29552883,0.007534921
1356024295754,-0.18474486,0.623,-0.7600923,-0.2282611,0.72505546,0.6497627,0.9559112,0.29353982,0.008256435
1356024295797,-0.21424294,0.6734701,-0.70748717,-0.22192068,0.6718034,0.70670456,0.95123667,0.3084125,0.0055277944
1356024295837,-0.24155489,0.68174595,-0.6905605,-0.23117532,0.6507164,0.7232745,0.94244856,0.334351,4.1908026E-4
1356024295877,-0.2620122,0.65284586,-0.71073335,-0.25649443,0.662866,0.703434,0.9303549,0.36660743,-0.006227672
1356024295917,-0.269345,0.5867785,-0.76363885,-0.29934287,0.7026545,0.64550024,0.91533995,0.40245205,-0.013608515
1356024295957,-0.2565561,0.48556727,-0.8357053,-0.35837758,0.75522083,0.54882324,0.8976327,0.440302,-0.019740105
1356024295997,-0.21749812,0.36614695,-0.90478224,-0.4238905,0.7995607,0.4254638,0.87921065,0.47606617,-0.018696785
1356024296037,-0.15400273,0.2679026,-0.95105803,-0.4777084,0.82237935,0.30900955,0.8649149,0.5019167,0.0013306737
1356024296077,-0.07075235,0.22668843,-0.9713941,-0.5039837,0.8322692,0.23092976,0.86081046,0.5059056,0.055362284
1356024296117,0.028833017,0.25001624,-0.96781224,-0.49939665,0.84232265,0.20272036,0.86589354,0.4774772,0.149144
1356024296157,0.1367442,0.3128569,-0.9399051,-0.47574365,0.85297644,0.21470718,0.8688895,0.41779387,0.26547927
1356024296197,0.235134,0.35925123,-0.9031337,-0.4482946,0.8645347,0.22718212,0.86240584,0.35145178,0.3643319
1356024296237,0.30815357,0.35061866,-0.8843686,-0.416943,0.88534516,0.20572424,0.85510224,0.3053367,0.41901028
1356024296277,0.35030118,0.28004754,-0.8937911,-0.3780467,0.9153476,0.13863486,0.85695374,0.28933078,0.42651838
1356024296316,0.36175156,0.16586387,-0.91740113,-0.33988696,0.93978137,0.035885245,0.8681086,0.2988312,0.39634234
1356024296357,0.34667754,0.03613688,-0.937288,-0.31697983,0.9449834,-0.08080871,0.8828015,0.32511598,0.33905917
1356024296397,0.31464052,-0.07980003,-0.9458506,-0.31675044,0.93051565,-0.18387438,0.894802,0.35745293,0.26750124
1356024296437,0.27414504,-0.16949698,-0.9466336,-0.3344207,0.9061101,-0.25908935,0.90166914,0.38760197,0.19172227
1356024296477,0.22989166,-0.23102657,-0.9453975,-0.35984063,0.88239723,-0.30313337,0.904248,0.40988028,0.11972302
1356024296516,0.18409407,-0.26536494,-0.9464094,-0.38275295,0.86750823,-0.31769422,0.90532285,0.42072663,0.0581339
1356024296557,0.13801688,-0.27246672,-0.9522149,-0.39456916,0.8667036,-0.3051885,0.90844184,0.4178358,0.012112796
1356024296597,0.091989964,-0.24566606,-0.9649798,-0.39101872,0.8823334,-0.26190102,0.91577417,0.40141743,-0.014894187
1356024296637,0.046112835,-0.17465091,-0.98355,-0.37173283,0.91088456,-0.17917591,0.9271937,0.37388015,-0.022920012
1356024296681,-0.0012414735,-0.04415281,-0.9990241,-0.34135514,0.9390364,-0.04107742,0.9399336,0.340971,-0.016237557
1356024296719,-0.05160543,0.15075298,-0.9872236,-0.30827832,0.9378586,0.15932944,0.9498955,0.3125619,-0.0019246936
1356024296758,-0.103056215,0.3696602,-0.92343426,-0.2814418,0.8796025,0.3835231,0.95402825,0.29941744,0.013389289
1356024296798,-0.15069456,0.53835475,-0.82913524,-0.26783913,0.7851097,0.5584487,0.9516056,0.30623007,0.025880694
1356024296838,-0.19184798,0.62836623,-0.75389004,-0.26871186,0.7051742,0.6561428,0.9439218,0.32845885,0.033563197
1356024296878,-0.2242673,0.6557423,-0.7209066,-0.28096431,0.6648309,0.6921408,0.93314695,0.35777354,0.035140336
1356024296917,-0.24462381,0.63642114,-0.731524,-0.30322093,0.6663948,0.6811571,0.92098653,0.3884406,0.029960155
1356024296957,-0.24855971,0.5742373,-0.7800447,-0.33725965,0.7036179,0.6254421,0.9080055,0.4185373,0.018776
1356024296997,-0.23088226,0.47033194,-0.8517519,-0.3836623,0.76046586,0.5239227,0.89414585,0.44774953,0.0048705935
1356024297037,-0.18872431,0.34224737,-0.9204618,-0.4353822,0.81099236,0.39081165,0.88024175,0.47450832,-0.004045546
1356024297077,-0.12586932,0.23236997,-0.9644486,-0.47714168,0.83816814,0.26421586,0.8697659,0.4934353,0.005373776
1356024297117,-0.048266023,0.18219581,-0.98207694,-0.4945098,0.849908,0.18197934,0.86783093,0.49443007,0.04907596
1356024297157,0.042628117,0.19792405,-0.97929007,-0.48472235,0.86119044,0.15295517,0.8736288,0.46816355,0.13264912
1356024297197,0.14278403,0.25170407,-0.9572136,-0.45877615,0.8737829,0.16133161,0.8770047,0.41611117,0.24023807
1356024297237,0.23889226,0.28953546,-0.9268763,-0.42965567,0.88751,0.16649924,0.87081945,0.35846227,0.33641982
1356024297277,0.31534088,0.27197072,-0.90917116,-0.39681807,0.9080628,0.13400505,0.86202997,0.31851822,0.3942722
1356024297316,0.36333072,0.19513667,-0.91099536,-0.3576182,0.9321246,0.057034336,0.86029065,0.30506617,0.40845394
1356024297357,0.3798849,0.07912267,-0.92164373,-0.3211497,0.94564396,-0.05118905,0.8674966,0.31543154,0.38464606
1356024297401,0.3669761,-0.05017644,-0.9288761,-0.30289087,0.93768287,-0.17031687,0.87953717,0.3438503,0.32890922
1356024297437,0.34104297,-0.15082163,-0.9278699,-0.30644184,0.91529095,-0.26141113,0.8886974,0.37349057,0.26593548
1356024297477,0.30602205,-0.22869436,-0.92414796,-0.3249039,0.88735145,-0.32717708,0.89486754,0.40038267,0.19724542
1356024297517,0.2652149,-0.28062633,-0.9224478,-0.3500196,0.8634213,-0.3633042,0.8984138,0.4192285,0.13076746
1356024297557,0.22181806,-0.3079418,-0.9251857,-0.37227517,0.85020506,-0.37223995,0.9012258,0.42699325,0.07395172
1356024297597,0.17822728,-0.31064895,-0.933666,-0.38417354,0.8515838,-0.3566733,0.905895,0.42225868,0.032432377
1356024297637,0.13609624,-0.28755584,-0.948045,-0.3818644,0.8677775,-0.31802788,0.91414297,0.40530702,0.008293927
1356024297676,0.09662601,-0.2354443,-0.96707267,-0.3656298,0.89529014,-0.2545004,0.92573124,0.37818193,4.2289495E-4
1356024297715,0.059249103,-0.15029652,-0.986864,-0.34275627,0.9254348,-0.16151938,0.9375541,0.3478237,0.0033161044
1356024297757,0.02444613,-0.036098734,-0.9990492,-0.3205824,0.9462874,-0.042036757,0.94690514,0.32130522,0.01156044
1356024297797,-0.0109864175,0.09494598,-0.9954218,-0.30715495,0.9470334,0.09372063,0.9515961,0.30677843,0.018758655
1356024297837,-0.048324235,0.2166604,-0.9750503,-0.30418497,0.92662877,0.22097655,0.9513865,0.30727413,0.02112621
1356024297877,-0.08583879,0.30770174,-0.9476029,-0.3089818,0.89599746,0.31893378,0.9471863,0.32016897,0.018162906
1356024297917,-0.11993261,0.36053187,-0.92500424,-0.31982762,0.8680258,0.37979147,0.9398545,0.3413913,0.011203468
1356024297957,-0.14744604,0.37604648,-0.91479445,-0.33802634,0.850053,0.40391597,0.929515,0.36878034,0.0017766356
1356024297997,-0.16590531,0.35851255,-0.91866446,-0.36583558,0.84272385,0.39494416,0.9157729,0.40160343,-0.008655727
1356024298037,-0.17268954,0.3159641,-0.9329228,-0.4040681,0.8410604,0.35964742,0.8982801,0.43907174,-0.01757133
1356024298077,-0.163995,0.26361525,-0.9505854,-0.44951922,0.837796,0.30988765,0.8780877,0.47812647,-0.018894196
1356024298117,-0.13422152,0.22395189,-0.9653135,-0.49298096,0.8299403,0.26109168,0.85962456,0.51092523,-9.918213E-4
1356024298157,-0.07636148,0.21791078,-0.97297686,-0.5214686,0.82300293,0.22524822,0.8498468,0.5245771,0.050787866
1356024298197,0.013956413,0.2510315,-0.96787834,-0.5256369,0.8252744,0.20646584,0.85059464,0.505871,0.14346927
1356024298237,0.1279907,0.3036055,-0.94416213,-0.5065883,0.83844626,0.20093825,0.85263515,0.45258322,0.26111627
1356024298277,0.24002762,0.33962232,-0.9094193,-0.47365767,0.8586986,0.19566582,0.84736955,0.38378817,0.36697608
1356024298317,0.3253563,0.33398283,-0.8846462,-0.43447238,0.88374716,0.17385258,0.83986735,0.32779026,0.432639
1356024298357,0.37455526,0.28371617,-0.8827307,-0.3922076,0.91114694,0.12643006,0.84016764,0.29885864,0.45255053
1356024298397,0.38890195,0.19877803,-0.89957917,-0.35181046,0.93448925,0.05439896,0.85146034,0.2953255,0.43335688
1356024298437,0.37416825,0.09529955,-0.9224512,-0.3221739,0.9461074,-0.032937944,0.8695989,0.30951402,0.38470638
1356024298477,0.33918807,-0.008692443,-0.94067836,-0.31056327,0.94285905,-0.12069489,0.8879763,0.33307844,0.31710702
1356024298517,0.29272008,-0.099716954,-0.95098436,-0.31725422,0.9280824,-0.19496873,0.90203357,0.3587751,0.24003273
1356024298557,0.24116892,-0.17104556,-0.95529103,-0.33654338,0.908524,-0.24763425,0.9102615,0.38121855,0.16154349
1356024298597,0.18877083,-0.22029693,-0.95699257,-0.36023784,0.89104253,-0.27617383,0.9135613,0.39687848,0.088843584
1356024298655,0.13877416,-0.24654372,-0.95914435,-0.37972838,0.88124144,-0.28146026,0.91463006,0.40327373,0.028673887
1356024298720,0.09383607,-0.24924827,-0.96388286,-0.38757455,0.8826358,-0.26597005,0.91705006,0.39853406,-0.013779223
1356024298721,0.055774122,-0.22576937,-0.97258294,-0.380868,0.89563143,-0.22974774,0.92294574,0.38323966,-0.03603524
1356024298754,0.025464624,-0.17510732,-0.9842199,-0.36195576,0.9161229,-0.17235667,0.93184733,0.36063308,-0.040052354
1356024298797,0.0026304414,-0.09838598,-0.9951449,-0.3368508,0.9369023,-0.09351816,0.94155437,0.33546132,-0.030676901
1356024298837,-0.016756086,-0.0016875416,-0.9998582,-0.3159055,0.9487835,0.0036927462,0.9486427,0.31592262,-0.016430974
1356024298877,-0.036113862,0.099298805,-0.99440205,-0.30644107,0.94601446,0.10559598,0.9512043,0.30853912,-0.0037350059
1356024298916,-0.057882518,0.18726161,-0.98060316,-0.30883044,0.93071055,0.19596332,0.9493541,0.314183,0.003960192
1356024298957,-0.08122057,0.24888724,-0.9651209,-0.32048327,0.91037506,0.26173982,0.94376576,0.33056375,0.005823016
1356024298997,-0.10336528,0.278946,-0.9547275,-0.33887473,0.8925658,0.2974729,0.935136,0.35428143,0.0022674203
1356024299036,-0.12137275,0.27769345,-0.9529717,-0.3637802,0.8808256,0.30300218,0.9235436,0.38344842,-0.0058888197
1356024299077,-0.13259181,0.24896008,-0.9593947,-0.39645398,0.87381744,0.2815444,0.90842915,0.41768634,-0.01715982
1356024299117,-0.13207021,0.20225412,-0.97038686,-0.43588465,0.8673822,0.24010944,0.8902595,0.45468807,-0.026395917
1356024299157,-0.11286158,0.15696053,-0.98113495,-0.4764217,0.85798275,0.19206238,0.87194306,0.4891104,-0.022053897
1356024299197,-0.06474304,0.13548985,-0.9886611,-0.50688994,0.84894145,0.1495361,0.85957605,0.5108237,0.013715386
1356024299237,0.019076526,0.1489405,-0.9886622,-0.51671475,0.8480172,0.117782354,0.85594517,0.5086094,0.093136966
1356024299277,0.13109949,0.18578975,-0.9738045,-0.50392884,0.8584014,0.09593031,0.85373807,0.4781517,0.20616078
1356024299317,0.24207681,0.21062908,-0.947119,-0.47762218,0.8755574,0.07263775,0.8445567,0.43478107,0.31255323
1356024299357,0.32333946,0.19930199,-0.92505693,-0.44656542,0.8940053,0.036521867,0.83428466,0.40128946,0.37806857
1356024299397,0.3646202,0.15049408,-0.9189144,-0.4166336,0.9089255,-0.016459793,0.83274764,0.38885218,0.39411348
1356024299436,0.3701701,0.078541264,-0.9256378,-0.39459532,0.9153541,-0.0801332,0.8409926,0.39491528,0.3698287
1356024299477,0.3484465,-3.8191676E-5,-0.93732864,-0.3862973,0.91112113,-0.1436409,0.8540254,0.41213867,0.3174622
1356024299517,0.30941802,-0.06983943,-0.94835806,-0.39207822,0.89921266,-0.19414248,0.86633444,0.4319017,0.25085008
1356024299557,0.2599578,-0.123065606,-0.95774573,-0.40690416,0.8855224,-0.22422995,0.8757003,0.44800103,0.18012255
1356024299597,0.2043935,-0.15540375,-0.9664745,-0.42389208,0.87589496,-0.23048529,0.8823485,0.4567906,0.1131528
1356024299636,0.1459746,-0.16324764,-0.9757262,-0.4361397,0.8746505,-0.21158597,0.8879604,0.4564391,0.056477964
1356024299695,0.08712408,-0.14189342,-0.98604035,-0.43702444,0.8840308,-0.1658284,0.89522004,0.4453714,0.015009463
1356024299719,0.028332023,-0.08226043,-0.996208,-0.42247665,0.9022352,-0.08651592,0.9059308,0.42332584,-0.009190977
1356024299758,-0.030283034,0.025771022,-0.9992091,-0.39115393,0.9196375,0.035573468,0.9198269,0.39192182,-0.01776898
1356024299798,-0.08933189,0.19114071,-0.9774892,-0.3462798,0.9142292,0.21041693,0.93386835,0.35728174,-0.015481651
1356024299838,-0.14703977,0.39979613,-0.90473336,-0.29415172,0.85561943,0.42589933,0.94438034,0.328753,-0.008209348
1356024299878,-0.20011799,0.5999899,-0.77457404,-0.24259762,0.7356045,0.6324811,0.9492625,0.31448066,-0.0016515851
1356024299918,-0.24661312,0.7416098,-0.6238564,-0.19782677,0.5916605,0.7815385,0.9487078,0.31615317,7.9905987E-4
1356024299957,-0.28762743,0.8191818,-0.49619722,-0.16293311,0.46868566,0.8682089,0.9437814,0.33056763,-0.0013350248
1356024299996,-0.32492375,0.8523395,-0.40980718,-0.13886115,0.38562638,0.91214573,0.93549025,0.35328412,-0.006942332
1356024300047,-0.3653462,0.85110927,-0.37700826,-0.13197282,0.3535565,0.9260567,0.92146915,0.38808614,-0.016847253
1356024300088,-0.39968705,0.8257072,-0.39806783,-0.14695862,0.3709249,0.91696125,0.9047947,0.42499703,-0.026909053
1356024300127,-0.42528218,0.7781513,-0.46218568,-0.18776494,0.4236998,0.88612795,0.8853696,0.46363673,-0.034082413
1356024300167,-0.43054447,0.71108395,-0.5558696,-0.25725192,0.49364886,0.83074194,0.86513174,0.5006699,-0.029610097
1356024300207,-0.40176487,0.6500155,-0.6450309,-0.34211823,0.5468339,0.76415175,0.84943515,0.5276862,0.0026835203
1356024300247,-0.3362236,0.63448274,-0.6959779,-0.42086282,0.5598811,0.71372795,0.84251297,0.5328835,0.07878494
1356024300287,-0.24348125,0.6708686,-0.7004657,-0.4863637,0.54038465,0.68661106,0.8391466,0.50785804,0.1947127
1356024300327,-0.14193061,0.7195896,-0.6797401,-0.5386286,0.51998985,0.6629403,0.83050287,0.46021897,0.313789
1356024300367,-0.05153182,0.74029076,-0.67030895,-0.5687113,0.5299829,0.62903553,0.8209214,0.41362756,0.39370072
1356024300407,0.01795432,0.7184842,-0.69531155,-0.5699504,0.57872546,0.58329535,0.8214829,0.3858204,0.419891
1356024300447,0.065039754,0.65351975,-0.75411,-0.5472448,0.6552933,0.520686,0.8344418,0.37881744,0.40025538
1356024300487,0.09007862,0.55114216,-0.8295348,-0.51322836,0.739498,0.4355907,0.85351187,0.38650343,0.3494748
1356024300527,0.09386511,0.42644778,-0.8996286,-0.48103806,0.81056744,0.33404008,0.8716603,0.4014009,0.28122163
1356024300567,0.07929307,0.30224213,-0.9499275,-0.45837465,0.8572652,0.23449759,0.88521487,0.41682863,0.20651531
1356024300607,0.05117827,0.19955131,-0.97855,-0.4452211,0.88163763,0.15650328,0.89395696,0.42766154,0.13396513
1356024300647,0.014528908,0.13200729,-0.9911423,-0.43581772,0.89297086,0.11254354,0.8999177,0.43032223,0.07050502
1356024300695,-0.026726216,0.10775334,-0.9938184,-0.42261446,0.89974105,0.10891825,0.9059155,0.42291296,0.021491468
1356024300730,-0.069788516,0.13410266,-0.98850703,-0.3995558,0.9042079,0.15087508,0.91404855,0.40549302,-0.009521842
1356024300768,-0.113305844,0.21761881,-0.96943474,-0.36492318,0.89840734,0.24432614,0.9241173,0.38145283,-0.02238065
1356024300807,-0.15313128,0.35448146,-0.92243904,-0.31988472,0.8654094,0.38566878,0.93499976,0.3541321,-0.019128084
1356024300847,-0.18712729,0.52040005,-0.8331669,-0.27138335,0.78775406,0.552987,0.9441051,0.3295866,-0.0061823726
1356024300887,-0.21441853,0.667367,-0.71319413,-0.23002401,0.67513806,0.7009119,0.94927,0.31434032,0.0087483525
1356024300927,-0.23837411,0.7652841,-0.5979282,-0.201581,0.5632788,0.8013003,0.95002264,0.31154013,0.01999557
1356024300967,-0.26213482,0.81696224,-0.513671,-0.18476292,0.47995022,0.85761905,0.9471789,0.3197192,0.025132716
1356024301007,-0.286224,0.8351492,-0.4696824,-0.17765754,0.43543416,0.88251626,0.9415485,0.33603993,0.02373892
1356024301047,-0.30937576,0.82702196,-0.469384,-0.18183899,0.43304193,0.8828416,0.93339235,0.3584821,0.016412139
1356024301087,-0.3283374,0.7910305,-0.5162028,-0.20299569,0.47463718,0.85645336,0.92248976,0.3859926,0.0047346354
1356024301127,-0.33648995,0.7181214,-0.60916024,-0.2488833,0.5560608,0.7930029,0.90820247,0.41844732,-0.008380413
1356024301167,-0.32119918,0.60441834,-0.7290471,-0.32178766,0.65437645,0.68428373,0.8906649,0.4543897,-0.015690863
1356024301207,-0.27233532,0.4810084,-0.8333453,-0.4053601,0.72811985,0.55274284,0.8726492,0.48833632,-0.0033111572
1356024301247,-0.19488494,0.40569872,-0.89298844,-0.47404915,0.75808525,0.44786614,0.8586601,0.5106028,0.04458171
1356024301287,-0.10014583,0.39953423,-0.91123176,-0.51912254,0.7603193,0.39041826,0.8488126,0.5121396,0.13126439
1356024301327,9.898096E-4,0.42808565,-0.9037376,-0.5461601,0.7572752,0.35811067,0.83768016,0.493231,0.23455286
1356024301367,0.094773635,0.44012666,-0.89292026,-0.5570188,0.7668482,0.31886345,0.82507455,0.4671535,0.3178358
1356024301407,0.16950652,0.40554625,-0.8982203,-0.5484261,0.7960707,0.25593022,0.81883836,0.44922563,0.35735136
1356024301447,0.21891126,0.32172024,-0.9211807,-0.52306926,0.835659,0.16754878,0.82369673,0.445163,0.35121715
1356024301487,0.24078596,0.20532672,-0.9486111,-0.49252784,0.86802316,0.06286514,0.8363243,0.45208037,0.3101369
1356024301527,0.23750642,0.08305843,-0.96782845,-0.46957827,0.88200486,-0.03954199,0.8503452,0.4638627,0.24848425
1356024301567,0.21500066,-0.022581846,-0.97635275,-0.4591115,0.8800372,-0.121454194,0.8619694,0.47436756,0.178841
1356024301607,0.1793063,-0.09988193,-0.97870976,-0.4574008,0.87230563,-0.17282182,0.8709958,0.4786507,0.11072379
1356024301647,0.134597,-0.14398062,-0.9803842,-0.45680404,0.868967,-0.19033238,0.8793257,0.47346166,0.051189423
1356024301701,0.082327515,-0.15389259,-0.98465186,-0.4428292,0.8794656,-0.17447816,0.8928183,0.4503969,0.0042560697
1356024301724,0.012322366,-0.08970608,-0.9958919,-0.4242195,0.9014239,-0.08644566,0.9054755,0.423542,-0.02694738
1356024301767,-0.056558702,0.040768206,-0.99756646,-0.38366646,0.9215584,0.05941455,0.921738,0.38609326,-0.036480784
1356024301807,-0.13776729,0.2950231,-0.9455059,-0.317175,0.8911983,0.32429245,0.938307,0.34456775,-0.029204011
1356024301846,-0.21425927,0.62714785,-0.7488514,-0.2225973,0.71513253,0.66259784,0.95107484,0.3086601,-0.013622344
1356024301887,-0.25579304,0.8525238,-0.45582145,-0.13294935,0.4360057,0.8900695,0.95754606,0.28827468,0.0018152595
1356024301927,-0.27765596,0.9330109,-0.22890621,-0.07636684,0.21608508,0.9733835,0.9576406,0.2877465,0.011253715
1356024301967,-0.30158514,0.948349,-0.0983907,-0.042099774,0.08984923,0.9950652,0.9525094,0.30423903,0.012828052
1356024302007,-0.3313831,0.9428606,-0.034627676,-0.018278599,0.030278921,0.99937433,0.9433192,0.33180875,0.007200241
1356024302046,-0.36571425,0.93047607,-0.021621168,-0.0044817626,0.021469533,0.99975944,0.9307164,0.36572313,-0.0036815405
1356024302087,-0.40445167,0.9123199,-0.0639627,-0.009730667,0.06564158,0.9977958,0.9145076,0.40418255,-0.017671347
1356024302127,-0.44301295,0.8780372,-0.18108064,-0.0530248,0.17596698,0.9829669,0.8949458,0.4450688,-0.03139794
1356024302167,-0.46092725,0.79824454,-0.38775218,-0.15708685,0.35664546,0.92093855,0.8734242,0.48539644,-0.038993835
1356024302207,-0.41826966,0.6528215,-0.63156515,-0.30866677,0.5517763,0.7747694,0.85426885,0.5190058,-0.02928704
1356024302247,-0.31635725,0.51597714,-0.7960438,-0.43354782,0.66774035,0.6051109,0.8437739,0.5365542,0.012456298
1356024302287,-0.20291358,0.48143005,-0.852673,-0.49648625,0.6999712,0.51336324,0.84399503,0.52750874,0.09698969
1356024302327,-0.091453046,0.52033556,-0.8490508,-0.5251018,0.69925225,0.48509222,0.84611136,0.49020123,0.20928043
1356024302367,0.01892361,0.5560569,-0.83092874,-0.53802556,0.70615137,0.46030295,0.84271604,0.43835032,0.31253576
1356024302407,0.12672731,0.5298803,-0.8385506,-0.5288235,0.7513027,0.39482903,0.8392175,0.3934096,0.37542367
1356024302447,0.22464128,0.41919547,-0.8796656,-0.48663515,0.83036834,0.27143076,0.844229,0.36710158,0.39053023
1356024302487,0.29603797,0.22990759,-0.9270944,-0.41713786,0.9042711,0.09104806,0.8592773,0.35977247,0.36360174
1356024302527,0.32621905,0.014484271,-0.9451832,-0.35024422,0.9305701,-0.10662238,0.87801486,0.3658272,0.30864275
1356024302567,0.31997368,-0.16672608,-0.9326409,-0.31386226,0.91015446,-0.27038714,0.89392793,0.37923756,0.23889643
1356024302607,0.2939412,-0.2916474,-0.91024196,-0.31068996,0.8714449,-0.37954658,0.90391946,0.3943674,0.16554165
1356024302647,0.25980774,-0.36722526,-0.89311004,-0.3268899,0.8368211,-0.43917364,0.90864897,0.40604937,0.09737033
1356024302695,0.22228384,-0.4058034,-0.88651764,-0.34655824,0.8170003,-0.46087727,0.9113108,0.40967557,0.040971458
1356024302728,0.18312246,-0.4131917,-0.892042,-0.3579177,0.8170904,-0.45194933,0.9156206,0.40203968,0.0017389655
1356024302768,0.14380497,-0.39079106,-0.9091768,-0.3547638,0.8373037,-0.41601104,0.9238305,0.3823675,-0.01823008
1356024302808,0.105409265,-0.33426803,-0.9365648,-0.33781862,0.8737653,-0.34987542,0.93529,0.35326913,-0.020819008
1356024302848,0.068173826,-0.23624983,-0.9692979,-0.31495413,0.91677916,-0.24560103,0.9466553,0.32202795,-0.011907518
1356024302887,0.031279802,-0.095368184,-0.99495053,-0.297428,0.949455,-0.10035806,0.95423174,0.29906532,0.0013335943
1356024302927,-0.008329149,0.068419985,-0.9976218,-0.2931792,0.9536467,0.0678518,0.9560212,0.29304713,0.012116253
1356024302967,-0.05088771,0.21372429,-0.97556764,-0.30086437,0.9281726,0.21903488,0.95230824,0.30465975,0.017069459
1356024303007,-0.09307012,0.312511,-0.9453437,-0.31505165,0.8914355,0.32570723,0.9445,0.3281457,0.015491128
1356024303046,-0.1304025,0.36068907,-0.92352504,-0.33309695,0.86139774,0.38345838,0.93383163,0.35762733,0.007816017
1356024303087,-0.1598571,0.36317152,-0.91790646,-0.35701704,0.8456486,0.39675853,0.9203177,0.39113286,-0.005524516
1356024303127,-0.1781577,0.3272164,-0.92800283,-0.38974476,0.84249485,0.37188908,0.9035258,0.42793915,-0.02256608
1356024303167,-0.18191372,0.26576883,-0.9467176,-0.43257856,0.84298486,0.3197691,0.8830533,0.46770015,-0.038384616
1356024303207,-0.16567361,0.20213123,-0.96524364,-0.48100102,0.83789206,0.2580212,0.86092407,0.5070305,-0.041591287
1356024303246,-0.12342413,0.16554743,-0.978448,-0.52436626,0.8262146,0.2059355,0.84250015,0.53848255,-0.015167356
1356024303287,-0.049574316,0.17603816,-0.9831343,-0.5524774,0.81520116,0.1738269,0.8320524,0.55177677,0.056844056
1356024303327,0.053710148,0.22120748,-0.9737466,-0.5622419,0.81258595,0.15358412,0.8252267,0.53923213,0.16801625
1356024303367,0.16756184,0.2651073,-0.9495479,-0.55393183,0.8220688,0.1317665,0.8155259,0.5039058,0.28459877
1356024303407,0.26578003,0.27085298,-0.92520255,-0.52742666,0.8442017,0.095627785,0.8069586,0.46256047,0.36722702
1356024303446,0.33189785,0.2255703,-0.9159486,-0.48470247,0.87378436,0.03955254,0.80926347,0.43083516,0.39934164
1356024303487,0.36032075,0.13678883,-0.92274475,-0.43398428,0.9002001,-0.03601888,0.82572794,0.41343504,0.383725
1356024303527,0.35471702,0.027586445,-0.9345667,-0.390432,0.9126122,-0.12125105,0.8495521,0.40789455,0.3344897
1356024303567,0.3238764,-0.07704282,-0.94295734,-0.36651394,0.908635,-0.2001247,0.87222224,0.41042268,0.2660482
1356024303607,0.27829942,-0.16002664,-0.94706964,-0.36420438,0.8948064,-0.25821835,0.8887658,0.41678894,0.19074172
1356024303647,0.22597396,-0.2144907,-0.950226,-0.3754658,0.88091093,-0.28813428,0.8988666,0.42188823,0.11852902
1356024303697,0.17112568,-0.2401852,-0.9555245,-0.38831443,0.8748859,-0.28945905,0.9054987,0.42057782,0.056448102
1356024303728,0.1165562,-0.23528348,-0.9649126,-0.3924986,0.88153803,-0.26236522,0.91233736,0.40930718,0.010400236
1356024303768,0.06527656,-0.19857937,-0.9779086,-0.3817373,0.90048414,-0.20833857,0.921963,0.38690382,-0.017024636
1356024303808,0.019922704,-0.12679112,-0.9917293,-0.35600784,0.9260118,-0.125541,0.93427056,0.35556456,-0.026689947
1356024303849,-0.018195303,-0.018759936,-0.99965847,-0.32313558,0.9462781,-0.011876613,0.9461777,0.32280913,-0.023279846
1356024303888,-0.050352663,0.11614689,-0.9919549,-0.2953761,0.9470515,0.1258828,0.9540533,0.2993383,-0.013379514
1356024303928,-0.08258325,0.25593805,-0.96315914,-0.28135467,0.92115784,0.2689011,0.95604366,0.29319608,-0.0040628314
1356024303968,-0.11917734,0.37490162,-0.9193724,-0.27994373,0.8757154,0.39338797,0.9525903,0.30425543,5.8591366E-4
1356024304008,-0.16024716,0.46146837,-0.8725639,-0.28492668,0.8247333,0.4884995,0.9450596,0.3268974,-6.765127E-4
1356024304046,-0.20304362,0.5161264,-0.8320979,-0.29229468,0.7791049,0.5545804,0.93452513,0.3558218,-0.007331252
1356024304087,-0.24553998,0.54273486,-0.80321175,-0.3027926,0.74418,0.5954098,0.9208837,0.38940343,-0.018389821
1356024304127,-0.285457,0.5460471,-0.78762096,-0.31881988,0.720906,0.61534417,0.9038076,0.42676353,-0.031696975
1356024304167,-0.3191216,0.5318969,-0.7843769,-0.34329134,0.7065673,0.6188003,0.88335305,0.4667423,-0.042885303
1356024304207,-0.3380167,0.5112984,-0.79013836,-0.37771592,0.69527256,0.6114955,0.8620182,0.5051435,-0.041888177
1356024304246,-0.328987,0.5016738,-0.8000569,-0.420773,0.6805918,0.5997873,0.8454098,0.5339646,-0.012815118
1356024304287,-0.27915445,0.51976544,-0.8074136,-0.4698395,0.6593815,0.586913,0.8374506,0.5431942,0.060137033
1356024304327,-0.18969473,0.5613656,-0.80553377,-0.5204971,0.6381644,0.5672997,0.8325255,0.5268917,0.17113274
1356024304367,-0.08322263,0.6036971,-0.792858,-0.56224877,0.62844425,0.537526,0.82277,0.49051774,0.2871272
1356024304407,0.008235991,0.6247952,-0.7807454,-0.5835799,0.6370223,0.503624,0.8120141,0.45147938,0.36986434
1356024304447,0.06545353,0.6185931,-0.78298044,-0.58115983,0.66148144,0.47402057,0.81115294,0.4240105,0.40279776
1356024304487,0.08590585,0.5883838,-0.8040054,-0.55954933,0.6961886,0.44969544,0.82433295,0.4112492,0.38903642
1356024304527,0.07624829,0.53979754,-0.8383346,-0.5277616,0.73519653,0.42538664,0.8459633,0.41000578,0.34094185
1356024304567,0.044946834,0.47874224,-0.8768043,-0.49501097,0.77303696,0.3967091,0.8677235,0.41619685,0.27172822
1356024304607,6.2279403E-4,0.4130369,-0.9107141,-0.46744314,0.8052127,0.36486912,0.8840229,0.42547983,0.19357276
1356024304676,-0.06711352,0.32802692,-0.9422813,-0.4349735,0.8403199,0.32351288,0.89793867,0.4315795,0.08628619
1356024304704,-0.13271016,0.30243495,-0.94388616,-0.40600178,0.85216063,0.3301285,0.90418506,0.42703086,0.009698749
1356024304747,-0.17268655,0.3133826,-0.93379366,-0.36816183,0.8587849,0.35629377,0.91358423,0.40531436,-0.03292513
1356024304787,-0.19801304,0.3797776,-0.9036369,-0.31757426,0.8473084,0.42569375,0.92732805,0.37126476,-0.04717046
1356024304827,-0.21055673,0.49441,-0.8433413,-0.25999287,0.8032909,0.5358427,0.9423744,0.33208805,-0.040595233
1356024304867,-0.21434008,0.6285104,-0.74768513,-0.20855016,0.7183761,0.6636585,0.9542354,0.29817846,-0.02290088
1356024304907,-0.21846604,0.74191296,-0.63390666,-0.17435583,0.6094687,0.77340025,0.96014196,0.27948707,-0.0037913322
1356024304947,-0.23191571,0.8144653,-0.53184706,-0.15708598,0.5082193,0.8467804,0.95996827,0.27992746,0.010077059
1356024304987,-0.25596854,0.8504726,-0.45953923,-0.1497702,0.43474624,0.8880116,0.9550125,0.29612836,0.016094148
1356024305027,-0.28621775,0.8598411,-0.42279133,-0.14852151,0.39610517,0.9061136,0.9465836,0.32213947,0.0143325925
1356024305067,-0.318307,0.84645295,-0.42684674,-0.15599036,0.39736125,0.904307,0.9350656,0.35443118,0.00555557
1356024305108,-0.34691945,0.80521226,-0.4809159,-0.1810705,0.44561294,0.8767227,0.9202502,0.3912318,-0.0087916255
1356024305147,-0.36217237,0.7196863,-0.5923536,-0.23724224,0.543395,0.8052564,0.90141404,0.43217295,-0.026062667
1356024305187,-0.34265134,0.5718975,-0.7453344,-0.33230084,0.6682937,0.66555214,0.87872994,0.47572756,-0.038949728
1356024305227,-0.26817456,0.38828427,-0.88165635,-0.442554,0.76324487,0.47074768,0.85570353,0.51642305,-0.032846093
1356024305267,-0.15043016,0.25252807,-0.9558244,-0.52355623,0.7997693,0.29369706,0.83860576,0.5446088,0.011903226
1356024305307,-0.012118384,0.20000276,-0.97972035,-0.55938363,0.8107754,0.17243305,0.8288202,0.5501292,0.10205299
1356024305347,0.12982799,0.19637717,-0.97189546,-0.55792004,0.82476604,0.0921206,0.81967676,0.5302801,0.21664047
1356024305387,0.25860685,0.1782928,-0.94938624,-0.5288626,0.8485695,0.015300781,0.8083482,0.49813798,0.3137383
1356024305427,0.360102,0.103872,-0.9271122,-0.4757173,0.8753143,-0.08670588,0.80250823,0.47226632,0.36461616
1356024305467,0.42638463,-0.030578315,-0.904025,-0.40501025,0.8871929,-0.2210326,0.8088034,0.46038425,0.36590087
1356024305507,0.45550364,-0.19632475,-0.86831623,-0.33460355,0.86610514,-0.37135205,0.82495874,0.45969388,0.3288231
1356024305547,0.45456403,-0.35466623,-0.81705785,-0.2848189,0.811268,-0.5106099,0.84394896,0.46481842,0.2677576
1356024305587,0.43693516,-0.4825468,-0.7591023,-0.26335788,0.7383114,-0.62091786,0.8600758,0.47121638,0.1955117
1356024305627,0.41370988,-0.5769247,-0.7042742,-0.2636539,0.6645071,-0.6992259,0.8713958,0.47496128,0.1228047
1356024305700,0.38692364,-0.6491308,-0.6549192,-0.27321476,0.5976429,-0.7537749,0.88070637,0.4705869,0.05389005
1356024305708,0.3629639,-0.6985221,-0.6167042,-0.28187212,0.5485226,-0.7871919,0.8881471,0.45955402,0.0022000074
1356024305747,0.33973092,-0.73917294,-0.5815551,-0.2755636,0.51296824,-0.812975,0.89924836,0.43644816,-0.029417992
1356024305787,0.31555796,-0.7736838,-0.5493964,-0.25402653,0.4889694,-0.8344935,0.9142722,0.40289235,-0.042238057
1356024305827,0.29263255,-0.80364347,-0.51819235,-0.22143018,0.4702337,-0.85431194,0.9302338,0.36474288,-0.04034525
1356024305867,0.27598515,-0.8266553,-0.49038053,-0.18742913,0.45411476,-0.8710052,0.94271016,0.3322961,-0.029610336
1356024305907,0.2706411,-0.83778155,-0.47421056,-0.16373828,0.44535655,-0.88025415,0.9486534,0.31587934,-0.016645133
1356024305947,0.27698433,-0.8332874,-0.47844726,-0.15802181,0.45164603,-0.8780917,0.9477915,0.31882274,-0.0065787435
1356024305987,0.28972486,-0.8128428,-0.50531787,-0.17171824,0.47524998,-0.86293125,0.94157976,0.33678496,-0.0018882155
1356024306027,0.30157104,-0.7782129,-0.5508535,-0.2025288,0.5122806,-0.83459616,0.9316851,0.36325374,-0.0031215549
1356024306067,0.30642176,-0.7294603,-0.61155003,-0.24839903,0.5589186,-0.7911435,0.9189144,0.394332,-0.009932399
1356024306107,0.2989959,-0.663625,-0.68571377,-0.30849108,0.61277974,-0.7275536,0.9030142,0.42907214,-0.021503747
1356024306147,0.27445722,-0.5772499,-0.7690616,-0.37950993,0.6698279,-0.63820285,0.8835414,0.46702594,-0.03523296
1356024306186,0.23065448,-0.46648774,-0.85392493,-0.45279136,0.72532535,-0.5185395,0.8612657,0.5062533,-0.043922067
1356024306227,0.16856351,-0.31789595,-0.9330211,-0.5153475,0.7784655,-0.35834107,0.84023994,0.5412333,-0.032606006
1356024306266,0.09373161,-0.11165619,-0.9893166,-0.5553136,0.81889665,-0.14503479,0.8263421,0.5629753,0.014752269
1356024306307,0.024427429,0.1503411,-0.98833233,-0.57086843,0.8136847,0.10966493,0.82067806,0.5615289,0.10570121
1356024306347,-0.016404659,0.40062067,-0.91609716,-0.5776533,0.7440467,0.33572495,0.8161174,0.53469396,0.21921396
1356024306387,-0.026897103,0.56867033,-0.8221257,-0.5862796,0.65715194,0.47373787,0.8096622,0.49473765,0.3157243
1356024306427,-0.028408498,0.6524623,-0.7572886,-0.5880218,0.6017376,0.54050183,0.80834603,0.460657,0.36656755
1356024306466,-0.039506078,0.68161124,-0.73064715,-0.57353705,0.5833011,0.5751652,0.8182264,0.44177574,0.3678854
1356024306507,-0.067760944,0.6792699,-0.73075354,-0.54293644,0.5893826,0.5982041,0.8370354,0.43728763,0.32886332
1356024306547,-0.11238086,0.6624262,-0.7406497,-0.50352174,0.6046239,0.61716753,0.8566425,0.44229108,0.26559782
1356024306587,-0.16800228,0.64169014,-0.74833757,-0.46122825,0.6197442,0.634969,0.87123126,0.4518306,0.19184715
1356024306627,-0.22823486,0.62708646,-0.74476266,-0.41747862,0.62802494,0.6567315,0.879557,0.4608115,0.11845803
1356024306698,-0.2873881,0.6269772,-0.7240909,-0.36674193,0.62633985,0.6878944,0.8848211,0.46324712,0.049936235
