1356024182412,0.21005976,0.07226282,-0.9750143,-0.7743948,-0.59646696,-0.21104467,-0.5968145,0.79937804,-0.06933375
1356024182450,-0.033400953,-0.11105779,-0.9932525,-0.80169106,-0.59046274,0.09298015,-0.59680474,0.7993872,-0.069312006
1356024182488,-0.033580124,-0.111040235,-0.99324846,-0.80172515,-0.5903963,0.093108356,-0.59674895,0.79943883,-0.06919822
1356024182528,-0.034106076,-0.11104131,-0.99323046,-0.8018123,-0.5902132,0.09351775,-0.59660196,0.7995739,-0.06890446
1356024182558,-0.035159945,-0.11125767,-0.9931694,-0.8019144,-0.58992195,0.09447393,-0.5964035,0.79975855,-0.06847751
1356024182597,-0.03644806,-0.1111168,-0.99313873,-0.80210185,-0.5895187,0.09539503,-0.5960739,0.8000754,-0.067640156
1356024182658,-0.041183233,-0.113063335,-0.9927339,-0.8022183,-0.5885438,0.10030952,-0.59560865,0.8005204,-0.06646335
1356024182677,-0.046593547,-0.11543128,-0.9922221,-0.80237806,-0.58732617,0.106006026,-0.5949944,0.8010765,-0.065253854
1356024182718,-0.052452326,-0.11857024,-0.99155927,-0.8025522,-0.58587605,0.11251292,-0.59427154,0.80167973,-0.06442827
1356024182754,-0.058208883,-0.12234667,-0.9907789,-0.80269015,-0.584339,0.11931586,-0.5935488,0.8022338,-0.06419271
1356024182797,-0.06332493,-0.12635833,-0.9899614,-0.8027504,-0.58290505,0.12575138,-0.5929432,0.8026551,-0.06452176
1356024182837,-0.06750846,-0.13024321,-0.9891811,-0.80273294,-0.5816878,0.13137347,-0.59250516,0.8029171,-0.06528163
1356024182877,-0.07038844,-0.13368157,-0.98852146,-0.8027636,-0.58065486,0.1356856,-0.5921285,0.80309975,-0.066443294
1356024182916,-0.0717181,-0.13646781,-0.9880451,-0.80304813,-0.57963216,0.13834816,-0.5915828,0.8033698,-0.068020076
1356024182957,-0.07154602,-0.13843465,-0.98778397,-0.803738,-0.5784509,0.13928336,-0.5906661,0.8038846,-0.06987938
1356024182997,-0.07032335,-0.13947523,-0.9877253,-0.8047926,-0.5771014,0.13879073,-0.58937556,0.8046742,-0.07166487
1356024183037,-0.06863874,-0.13963935,-0.9878206,-0.80594707,-0.57582164,0.1374,-0.58799493,0.80556214,-0.07301825
1356024183076,-0.06683284,-0.13919982,-0.9880065,-0.8067876,-0.57507175,0.13559604,-0.5870496,0.8061736,-0.07387099
1356024183116,-0.06490636,-0.13856989,-0.98822343,-0.80687654,-0.5753959,0.13367817,-0.5871434,0.8060509,-0.07446197
1356024183157,-0.062766135,-0.13810855,-0.98842627,-0.8059119,-0.57717323,0.1318222,-0.5886989,0.80485845,-0.0750764
1356024183197,-0.060480356,-0.13796362,-0.98858905,-0.80383337,-0.58043516,0.13018057,-0.59177196,0.8025342,-0.075794846
1356024183237,-0.05834037,-0.13807705,-0.98870176,-0.8008125,-0.5848722,0.12893385,-0.596067,0.7992867,-0.076452136
1356024183277,-0.056815743,-0.13833326,-0.9887547,-0.7972201,-0.5898891,0.12833911,-0.6010092,0.7955468,-0.07676712
1356024183334,-0.056482673,-0.13875037,-0.98871535,-0.7929783,-0.5954657,0.1288648,-0.6066261,0.7913084,-0.07639259
1356024183368,-0.058074653,-0.14019978,-0.98841864,-0.7890776,-0.6000589,0.13147613,-0.6115423,0.7875744,-0.07578033
1356024183408,-0.061506867,-0.14303473,-0.9878046,-0.78555727,-0.60358775,0.13631362,-0.6157244,0.78436136,-0.075237155
1356024183448,-0.0677467,-0.14832526,-0.9866154,-0.78237677,-0.6057416,0.1447882,-0.61910975,0.7817139,-0.0750092
1356024183488,-0.07782769,-0.15690187,-0.98454285,-0.77963436,-0.605925,0.15819314,-0.62138,0.7798952,-0.07516828
1356024183528,-0.09239471,-0.16900969,-0.9812741,-0.7774797,-0.60344565,0.17714027,-0.622084,0.7792876,-0.07564643
1356024183568,-0.111344635,-0.18416885,-0.97656757,-0.7758987,-0.5979051,0.2012228,-0.62095374,0.7801225,-0.076322794
1356024183608,-0.13364029,-0.20130569,-0.9703691,-0.77453744,-0.5896233,0.22898906,-0.61824906,0.7821894,-0.07712132
1356024183648,-0.157161,-0.21887892,-0.9630122,-0.7730791,-0.57952213,0.2578815,-0.61453164,0.78501344,-0.07813251
1356024183688,-0.1800484,-0.23590395,-0.9549513,-0.771242,-0.5687219,0.28590423,-0.61054754,0.78797513,-0.07954165
1356024183718,-0.20114917,-0.25163174,-0.9466892,-0.76878405,-0.55836767,0.3117637,-0.60705024,0.7905106,-0.08113527
1356024183758,-0.21837062,-0.26503253,-0.9391869,-0.76663387,-0.54889596,0.3331452,-0.60381025,0.7927616,-0.08332008
1356024183798,-0.23366004,-0.27725095,-0.9319523,-0.7648757,-0.53935385,0.3522254,-0.6003068,0.7951286,-0.08603713
1356024183838,-0.24686289,-0.288156,-0.925216,-0.7645886,-0.5286729,0.36865854,-0.59536785,0.7984178,-0.08981103
1356024183878,-0.2576022,-0.29781297,-0.9192108,-0.76714957,-0.5153548,0.38195676,-0.5874715,0.8035651,-0.09571046
1356024183918,-0.265899,-0.3063715,-0.914021,-0.77326614,-0.49838763,0.3920068,-0.5756364,0.81101567,-0.10438597
1356024183958,-0.27226442,-0.3139928,-0.9095497,-0.78273994,-0.4774949,0.399145,-0.559634,0.82061386,-0.11576983
1356024183998,-0.27780193,-0.32089084,-0.90545845,-0.7941497,-0.4536246,0.40441424,-0.54051113,0.83141667,-0.1288175
1356024184038,-0.28376192,-0.3272237,-0.9013344,-0.8057177,-0.42827696,0.4091427,-0.519902,0.8423202,-0.1421212
1356024184079,-0.29115158,-0.33312297,-0.89680535,-0.81602764,-0.40280032,0.414549,-0.49932927,0.8525145,-0.15456158
1356024184118,-0.3004775,-0.3388062,-0.89158493,-0.823934,-0.3786857,0.42158037,-0.48046452,0.8612825,-0.16536748
1356024184158,-0.31170326,-0.34445882,-0.8855446,-0.8287716,-0.35727143,0.43069103,-0.4647351,0.86816204,-0.174115
1356024184198,-0.32540017,-0.3501888,-0.8783408,-0.82980293,-0.33961374,0.4428201,-0.45336717,0.8729435,-0.18007731
1356024184238,-0.34353852,-0.3555774,-0.86922145,-0.8260284,-0.325962,0.45981067,-0.44683146,0.87596434,-0.18173653
1356024184278,-0.36967623,-0.35952622,-0.85678494,-0.8159949,-0.31540692,0.4844284,-0.44440055,0.87821376,-0.17677319
1356024184335,-0.40704608,-0.360768,-0.83914244,-0.79828453,-0.30597097,0.5187714,-0.4439093,0.8810382,-0.16345125
1356024184359,-0.45515454,-0.3587991,-0.8149218,-0.772645,-0.29573268,0.561749,-0.44255406,0.8853278,-0.14262027
1356024184398,-0.50999874,-0.35403606,-0.7839386,-0.7398926,-0.2842576,0.6097184,-0.43870276,0.890986,-0.11697769
1356024184438,-0.5636038,-0.34921265,-0.7485995,-0.70310307,-0.2728789,0.65664536,-0.4335859,0.89643043,-0.09173685
1356024184478,-0.608226,-0.34707448,-0.71386313,-0.6671908,-0.263676,0.6966573,-0.43002048,0.90000796,-0.07119036
1356024184518,-0.63916814,-0.3498116,-0.68490577,-0.637203,-0.25777584,0.7263084,-0.4306233,0.90065724,-0.058138907
1356024184558,-0.6548687,-0.35739273,-0.66589594,-0.61696875,-0.25604212,0.74417204,-0.43645906,0.89817196,-0.052826166
1356024184588,-0.65949416,-0.36567685,-0.6567707,-0.6061944,-0.25794286,0.7523256,-0.44451737,0.89428514,-0.05155939
1356024184628,-0.6505049,-0.37565306,-0.6600971,-0.6065529,-0.26611745,0.74918294,-0.45709622,0.88773096,-0.054742754
1356024184668,-0.62568855,-0.38200933,-0.68013436,-0.6211539,-0.28344828,0.7306332,-0.4718916,0.8796169,-0.059936225
1356024184708,-0.5840893,-0.38064688,-0.7169014,-0.64922565,-0.31102794,0.69409484,-0.48718143,0.8708442,-0.06545764
1356024184748,-0.52317446,-0.3671374,-0.76908946,-0.68852055,-0.34973085,0.6353171,-0.502223,0.8619156,-0.069811404
1356024184788,-0.44325417,-0.33618337,-0.8309672,-0.73266536,-0.39822054,0.5519256,-0.5164565,0.8534642,-0.06979698
1356024184829,-0.35572737,-0.28319812,-0.8906497,-0.77098477,-0.44971746,0.45092875,-0.52824295,0.84708506,-0.05836463
1356024184868,-0.291223,-0.20892811,-0.93356216,-0.793887,-0.49172682,0.35769838,-0.5337907,0.8453129,-0.022663236
1356024184908,-0.27782887,-0.11771101,-0.95339143,-0.80321383,-0.51592976,0.29776502,-0.5269332,0.8485049,0.048793077
1356024184948,-0.31810868,-0.017635167,-0.94789016,-0.80397236,-0.52484876,0.27957502,-0.50242937,0.8510128,0.1527808
1356024184988,-0.37431812,0.079793125,-0.92386097,-0.8021401,-0.5277261,0.27942157,-0.4652496,0.84565854,0.26154265
1356024185028,-0.40079892,0.16363254,-0.9014348,-0.8086184,-0.52572644,0.26409838,-0.43069303,0.8347671,0.34302685
1356024185067,-0.37570298,0.23041418,-0.89763945,-0.83107376,-0.51236784,0.21632293,-0.41007775,0.8272778,0.38398933
1356024185107,-0.29753143,0.27992642,-0.91275203,-0.86459494,-0.4844787,0.13325167,-0.4049082,0.82880735,0.38617057
1356024185147,-0.17707402,0.31093273,-0.933791,-0.89409554,-0.44740355,0.020570666,-0.41138536,0.8385409,0.35722715
1356024185186,-0.03608662,0.32150608,-0.9462196,-0.90472347,-0.41267407,-0.10571414,-0.4244681,0.85225224,0.30576617
1356024185227,0.10115838,0.31246382,-0.9445281,-0.8926975,-0.3905754,-0.22481546,-0.43915617,0.8659198,0.23942569
1356024185267,0.21776694,0.2877189,-0.9326282,-0.8655704,-0.38458347,-0.3207544,-0.45096046,0.8771051,0.1652914
1356024185335,0.3056808,0.25221342,-0.9181218,-0.8354495,-0.39148474,-0.38569897,-0.45670918,0.8849452,0.09104225
1356024185349,0.36353397,0.21010008,-0.9075798,-0.8128761,-0.40435076,-0.41920525,-0.4550556,0.89014524,0.023790091
1356024185388,0.38755953,0.16407204,-0.9071262,-0.80634326,-0.4165793,-0.4198479,-0.4467753,0.8941712,-0.029150896
1356024185428,0.37643707,0.116229326,-0.91912234,-0.8191558,-0.4216689,-0.38881752,-0.43275726,0.8992697,-0.06352188
1356024185468,0.32078224,0.06483513,-0.94493127,-0.85151875,-0.4171191,-0.31769088,-0.41474637,0.90653634,-0.0785961
1356024185508,0.2094348,0.0075270534,-0.97779363,-0.89431804,-0.40286988,-0.19465637,-0.39538878,0.91522634,-0.077643394
1356024185548,0.03941351,-0.056594998,-0.997619,-0.924471,-0.38096064,-0.014911741,-0.37920958,0.9228575,-0.06733549
1356024185588,-0.15827191,-0.12215167,-0.9798107,-0.91460043,-0.35581565,0.19209737,-0.372097,0.9265389,-0.055404335
1356024185647,-0.32396472,-0.17942658,-0.9288988,-0.86769307,-0.33494407,0.36731642,-0.37703547,0.92499655,-0.047177136
1356024185667,-0.42413986,-0.22287199,-0.8777434,-0.81617534,-0.3258825,0.47713554,-0.39238137,0.9187647,-0.043682873
1356024185707,-0.4635213,-0.2516763,-0.8495922,-0.7837459,-0.33087027,0.52561116,-0.41338873,0.9094964,-0.043884814
1356024185745,-0.45380336,-0.26436087,-0.8509852,-0.7773063,-0.34952515,0.5230937,-0.43572623,0.89885783,-0.04687369
1356024185788,-0.39993894,-0.25859427,-0.87930536,-0.7937379,-0.3819853,0.4733576,-0.45828927,0.8872521,-0.052485228
1356024185827,-0.3030405,-0.22927865,-0.9249853,-0.8226856,-0.42696053,0.3753573,-0.48099363,0.8747206,-0.059237897
1356024185867,-0.18026751,-0.17454645,-0.9680068,-0.8450085,-0.47623295,0.24323416,-0.50345236,0.8618212,-0.061643958
1356024185907,-0.071371555,-0.09902781,-0.9925219,-0.84943366,-0.5155593,0.11252153,-0.5228466,0.8511123,-0.04732132
1356024185947,-0.019553125,-0.011169225,-0.99974644,-0.84588814,-0.5328856,0.022497386,-0.5330018,0.84611356,9.7166E-4
1356024185987,-0.0389359,0.08452496,-0.9956604,-0.8494884,-0.52748084,-0.011559933,-0.5261688,0.8453518,0.09234084
1356024186026,-0.10171461,0.18259755,-0.9779122,-0.85993266,-0.51037383,-0.0058546066,-0.5001699,0.8403431,0.20893419
1356024186068,-0.15428036,0.27174473,-0.94992226,-0.8715935,-0.49022746,0.0013190806,-0.46531957,0.82814956,0.3124835
1356024186107,-0.15061009,0.34321404,-0.9271034,-0.88605237,-0.4627759,-0.02737856,-0.43843785,0.81733865,0.3738044
1356024186147,-0.08316314,0.39295962,-0.91578746,-0.9004979,-0.42324466,-0.09983736,-0.42683423,0.81636184,0.3890577
1356024186187,0.030981958,0.4183358,-0.9077639,-0.90318453,-0.3772998,-0.20470124,-0.42813295,0.82622033,0.36614493
1356024186227,0.16187662,0.41934797,-0.8932767,-0.8848553,-0.3390345,-0.31951,-0.43683755,0.84214187,0.3161806
1356024186267,0.2824496,0.400958,-0.8714671,-0.84825915,-0.31984335,-0.42208612,-0.4479717,0.858448,0.24977663
1356024186336,0.37927914,0.37020278,-0.84799606,-0.80446076,-0.3208685,-0.49988627,-0.45715445,0.871776,0.17611489
1356024186342,0.443152,0.33509088,-0.8314628,-0.76850414,-0.33552337,-0.5448169,-0.46153837,0.8804193,0.10883087
1356024186364,0.489426,0.29985404,-0.818871,-0.740463,-0.35310897,-0.5718641,-0.46062645,0.8862289,0.049210105
1356024186407,0.525474,0.26236624,-0.809346,-0.7212086,-0.36730587,-0.5873199,-0.45137042,0.8923287,-0.0037889779
1356024186447,0.53570694,0.21962488,-0.81534225,-0.7235855,-0.37831324,-0.57732415,-0.4352495,0.89924634,-0.043747663
1356024186487,0.51588124,0.17426655,-0.83874774,-0.749802,-0.38168323,-0.54047644,-0.41432297,0.9077164,-0.06623778
1356024186527,0.45345694,0.12543616,-0.8824073,-0.8007308,-0.37745732,-0.46514094,-0.39141655,0.91749215,-0.07072008
1356024186567,0.32855383,0.06880537,-0.9419757,-0.86899483,-0.3686854,-0.33002883,-0.37000045,0.9270043,-0.06134148
1356024186607,0.12718284,-4.3794513E-4,-0.9918792,-0.9261868,-0.3579272,-0.11860147,-0.35496855,0.93374944,-0.045927882
1356024186647,-0.11310619,-0.07682094,-0.99060863,-0.9293989,-0.34434873,0.13282135,-0.3513183,0.9356936,-0.032449335
1356024186687,-0.30466396,-0.14280036,-0.94169414,-0.88159215,-0.33195812,0.33555806,-0.3605208,0.93242264,-0.024755985
1356024186727,-0.40667772,-0.18848398,-0.8939167,-0.8311888,-0.32972986,0.44766447,-0.3791286,0.9250686,-0.022571981
1356024186767,-0.4321534,-0.21322873,-0.8762288,-0.80715156,-0.34187287,0.48127884,-0.4021814,0.9152357,-0.024366379
1356024186807,-0.39822018,-0.21680787,-0.8912996,-0.8121755,-0.36830884,0.45245942,-0.42637026,0.90407014,-0.029418051
1356024186846,-0.31399316,-0.19756466,-0.92864233,-0.8357114,-0.40664905,0.3690841,-0.45054942,0.8919668,-0.03742206
1356024186887,-0.19284242,-0.15558112,-0.968817,-0.8585243,-0.45133978,0.24336883,-0.47512925,0.87868476,-0.04653272
1356024186927,-0.065053105,-0.094195426,-0.9934261,-0.86386317,-0.4930175,0.10331613,-0.49950826,0.86490524,-0.049299657
1356024186967,0.02448988,-0.020898193,-0.99948156,-0.8536011,-0.5208307,-0.010025382,-0.5203512,0.85340416,-0.030593827
1356024187007,0.04856503,0.063005775,-0.9968308,-0.8463261,-0.5274196,-0.07456866,-0.5304464,0.8472655,0.02770932
1356024187047,0.014441311,0.15978166,-0.98704684,-0.85306656,-0.5129844,-0.095522255,-0.5216023,0.84339607,0.12889619
1356024187087,-0.039979756,0.26247904,-0.9641091,-0.8686273,-0.48601764,-0.09629813,-0.4938503,0.8336016,0.24742736
1356024187126,-0.064350545,0.35446125,-0.93285376,-0.8844215,-0.4532444,-0.111212045,-0.4622311,0.81787944,0.3426597
1356024187167,-0.036774814,0.42233795,-0.9056922,-0.8964763,-0.4144041,-0.15684229,-0.441563,0.8061637,0.39385557
1356024187207,0.03620273,0.46138513,-0.88646096,-0.89950335,-0.37143725,-0.23006108,-0.4354114,0.8057035,0.40157047
1356024187246,0.13264126,0.47222877,-0.8714392,-0.8882817,-0.3334242,-0.31588584,-0.43972933,0.815983,0.37524638
1356024187287,0.23231149,0.45878637,-0.85764,-0.8625864,-0.3102464,-0.3996147,-0.44941747,0.8326237,0.32366905
1356024187335,0.31918615,0.42768776,-0.8456969,-0.8288343,-0.30671215,-0.46793294,-0.45951483,0.8503003,0.2565841
1356024187369,0.3870647,0.3847051,-0.8379635,-0.79547405,-0.32023937,-0.51445866,-0.46626383,0.86570704,0.1820696
1356024187407,0.43465942,0.33391064,-0.83640593,-0.76998836,-0.34391195,-0.53744066,-0.46710712,0.8776264,0.10762274
1356024187446,0.4616098,0.27858156,-0.84220463,-0.75789803,-0.36951926,-0.53762996,-0.46098465,0.88648057,0.040562756
1356024187487,0.46718112,0.22177517,-0.85589576,-0.76228523,-0.38941553,-0.51698816,-0.4479542,0.8939638,-0.012871653
1356024187527,0.44703928,0.16620964,-0.878937,-0.78462857,-0.39898285,-0.47452158,-0.4295509,0.90176886,-0.04794815
1356024187567,0.39677572,0.11408788,-0.910798,-0.8222589,-0.39685655,-0.4079158,-0.40799433,0.9107628,-0.063653335
1356024187607,0.31111288,0.065512836,-0.9481122,-0.86800116,-0.386671,-0.31154352,-0.38701767,0.9198877,-0.06343308
1356024187646,0.19032884,0.018947333,-0.98153746,-0.9084401,-0.37563127,-0.18340564,-0.37217125,0.9265754,-0.05428092
1356024187687,0.049440563,-0.027110666,-0.99840903,-0.92823184,-0.37026483,-0.03591132,-0.36870214,0.9285306,-0.043471128
1356024187727,-0.08348024,-0.07239899,-0.993876,-0.92234063,-0.3719592,0.10456702,-0.37725186,0.92542136,-0.035725266
1356024187767,-0.18399966,-0.1127525,-0.9764379,-0.90045875,-0.3789674,0.21344277,-0.39410436,0.91851544,-0.031799078
1356024187807,-0.24356562,-0.14367384,-0.9591838,-0.87680215,-0.39014018,0.28108463,-0.41460064,0.909477,-0.030948818
1356024187846,-0.26318216,-0.16219756,-0.9510137,-0.860672,-0.4058879,0.30740625,-0.43586552,0.8994147,-0.032776386
1356024187887,-0.24679476,-0.16705096,-0.9545608,-0.85430825,-0.42746788,0.29568332,-0.4574383,0.88846225,-0.037216157
1356024187927,-0.200086,-0.15632346,-0.9672273,-0.8545253,-0.45510787,0.25032648,-0.47932464,0.87660694,-0.042521656
1356024187967,-0.1379742,-0.12812456,-0.98211366,-0.85436213,-0.48621863,0.18345791,-0.5010274,0.8643932,-0.04237917
1356024188007,-0.08462328,-0.07791379,-0.9933622,-0.8501754,-0.51428246,0.11276278,-0.5196545,0.85407436,-0.022720158
1356024188047,-0.06438631,1.25736E-4,-0.99792504,-0.84620595,-0.53005844,0.05453059,-0.52895176,0.84796107,0.03423488
1356024188087,-0.084589064,0.10743034,-0.9906076,-0.84960854,-0.5271897,0.015375823,-0.52058625,0.84292924,0.1358682
1356024188127,-0.116152465,0.22813079,-0.9666773,-0.8615906,-0.5073451,-0.016205192,-0.49413586,0.8309978,0.25548467
1356024188167,-0.12197286,0.33435297,-0.9345217,-0.8779652,-0.47549278,-0.055530548,-0.4629251,0.8137043,0.3515475
1356024188207,-0.08471125,0.4091062,-0.90854615,-0.8929966,-0.4356689,-0.11291441,-0.44201928,0.80176353,0.40223646
1356024188246,-0.01058501,0.45006803,-0.89293146,-0.90013766,-0.39318323,-0.18750736,-0.43547678,0.8017765,0.40928513
1356024188287,0.08564782,0.46041816,-0.8835608,-0.8940119,-0.3559298,-0.2721338,-0.43978095,0.81322145,0.3811347
1356024188334,0.1859057,0.4471064,-0.8749486,-0.87388873,-0.331836,-0.3552516,-0.4491746,0.830651,0.32903087
1356024188369,0.27703255,0.41718262,-0.8655701,-0.84400755,-0.32489747,-0.42672354,-0.45924312,0.848764,0.26209807
1356024188408,0.35266906,0.37633342,-0.8567367,-0.8111424,-0.33354264,-0.48041373,-0.466554,0.8643624,0.18762982
1356024188448,0.41082555,0.32867697,-0.8504081,-0.78232276,-0.35190213,-0.51394176,-0.46818113,0.87643397,0.11256102
1356024188487,0.45180774,0.27712965,-0.8479793,-0.7631445,-0.37223035,-0.52825665,-0.46203923,0.8858012,0.043313444
1356024188528,0.4738324,0.22549698,-0.85125434,-0.758093,-0.38741228,-0.52460146,-0.44808245,0.89390314,-0.012620799
1356024188567,0.47550702,0.17787069,-0.8615423,-0.768611,-0.39240265,-0.50522983,-0.4279371,0.90243125,-0.049876817
1356024188625,0.4543861,0.13689885,-0.8802227,-0.7934828,-0.3868973,-0.4697826,-0.40486845,0.9119042,-0.067173906
1356024188647,0.40864748,0.10298759,-0.9068632,-0.8282677,-0.37552458,-0.41587737,-0.3833796,0.9210727,-0.0681559
1356024188687,0.33877057,0.07447654,-0.9379167,-0.86556196,-0.36611217,-0.34170803,-0.36883193,0.9275856,-0.05956398
1356024188724,0.25141817,0.047104806,-0.96673167,-0.896152,-0.36600894,-0.2508966,-0.3656509,0.92941844,-0.049808264
1356024188767,0.16165048,0.018771917,-0.98666954,-0.9128386,-0.3770439,-0.15672782,-0.37495986,0.9260051,-0.043813586
1356024188807,0.085101366,-0.010112315,-0.99632096,-0.91564393,-0.39508277,-0.0742003,-0.3928789,0.91858983,-0.04288134
1356024188846,0.03240478,-0.03622189,-0.9988183,-0.9094082,-0.41565436,-0.014430463,-0.4146404,0.9088012,-0.046409696
1356024188887,0.0076302886,-0.05624786,-0.9983877,-0.8989974,-0.43759298,0.017782718,-0.43788764,0.8974122,-0.053905696
1356024188926,0.010135531,-0.06721234,-0.9976872,-0.8870432,-0.4611593,0.022055984,-0.46157518,0.88476807,-0.06429428
1356024188967,0.033329964,-0.067124814,-0.99718773,-0.87345016,-0.48690045,0.0035811365,-0.48577154,0.8708744,-0.074858576
1356024189007,0.06414431,-0.05196348,-0.9965868,-0.8584626,-0.5120807,-0.028553456,-0.50884914,0.85736406,-0.07745579
1356024189046,0.08172631,-0.016750991,-0.99651396,-0.8461849,-0.52944404,-0.06049776,-0.5265851,0.8481794,-0.057443887
1356024189087,0.064827085,0.044537246,-0.9969021,-0.84444416,-0.52984756,-0.078584254,-0.5317061,0.8469226,0.0032608062
1356024189127,0.010523021,0.13127732,-0.9912898,-0.8556121,-0.5118776,-0.07687116,-0.5175105,0.8489685,0.10693601
1356024189167,-0.059805036,0.22756633,-0.9719243,-0.87230194,-0.48527873,-0.059948176,-0.48529637,0.84422636,0.2275287
1356024189207,-0.10869068,0.30850545,-0.9449924,-0.8865738,-0.46006685,-0.048223495,-0.4496369,0.83256406,0.3235178
1356024189247,-0.11467314,0.3590566,-0.92624426,-0.8975899,-0.43696433,-0.058262706,-0.42565534,0.8247063,0.37239367
1356024189287,-0.0790903,0.37688273,-0.92287827,-0.90516764,-0.41500032,-0.09190434,-0.4176319,0.8280907,0.3739645
1356024189334,-0.01895523,0.36605215,-0.9304012,-0.90672314,-0.39841276,-0.13827655,-0.42130014,0.8409953,0.33945996
1356024189369,0.046259582,0.3327735,-0.94187146,-0.90127784,-0.39269125,-0.18300799,-0.43076485,0.8573538,0.28175563
1356024189408,0.10098845,0.28311837,-0.95375323,-0.89174914,-0.399293,-0.2129519,-0.4411176,0.8720144,0.21214664
1356024189448,0.13627696,0.22132874,-0.96563035,-0.88336456,-0.4140699,-0.21957448,-0.44843668,0.8829267,0.13908589
1356024189488,0.14628625,0.14979175,-0.9778357,-0.8810713,-0.42971277,-0.19763654,-0.4497928,0.8904546,0.069116145
1356024189528,0.124276996,0.070367575,-0.9897492,-0.8874296,-0.43833292,-0.14259318,-0.44387364,0.8960539,0.007971644
1356024189566,0.058058858,-0.014914721,-0.9982017,-0.90044665,-0.43253672,-0.04591033,-0.43107417,0.90149295,-0.03854248
1356024189607,-0.068719566,-0.10289991,-0.99231505,-0.9084462,-0.4046327,0.10487068,-0.41231433,0.9086715,-0.065672815
1356024189647,-0.26585734,-0.18788165,-0.9455265,-0.8817305,-0.34911066,0.31729,-0.38970637,0.91805345,-0.07284734
1356024189687,-0.49656624,-0.2543829,-0.8298864,-0.7866314,-0.27227682,0.55414474,-0.36692375,0.92798424,-0.06490207
1356024189727,-0.685824,-0.29226965,-0.6665013,-0.63809556,-0.19891149,0.7438201,-0.3499708,0.9354211,-0.050077677
1356024189768,-0.7973389,-0.3136607,-0.51562357,-0.49508986,-0.14867407,0.8560269,-0.34516189,0.93782353,-0.03674662
1356024189807,-0.8490076,-0.3346272,-0.40891418,-0.3920468,-0.11989343,0.91209924,-0.3542393,0.9346926,-0.029399157
1356024189847,-0.8673853,-0.35960802,-0.34398374,-0.3290641,-0.104065,0.93855596,-0.37330893,0.92728233,-0.028069615
1356024189887,-0.8680704,-0.38602203,-0.31215498,-0.2983343,-0.09694737,0.94952506,-0.3968002,0.9173811,-0.031006455
1356024189927,-0.85726106,-0.41095677,-0.31019035,-0.29635146,-0.098831,0.9499517,-0.4210455,0.906282,-0.03706366
1356024189967,-0.83466685,-0.43272308,-0.34070805,-0.32454142,-0.11337215,0.9390525,-0.44497648,0.8943699,-0.045808613
1356024190007,-0.79468364,-0.44841403,-0.40914887,-0.38551813,-0.1478126,0.9107839,-0.4688856,0.8815193,-0.055407465
1356024190047,-0.72979015,-0.44917217,-0.5154131,-0.47400388,-0.21084648,0.85490584,-0.49267298,0.8682097,-0.05903566
1356024190087,-0.64597005,-0.41863492,-0.6383318,-0.5642716,-0.30132025,0.76863754,-0.5141208,0.85670936,-0.04157996
1356024190127,-0.57706386,-0.34604645,-0.73976296,-0.62343603,-0.39847028,0.67271763,-0.52756506,0.84939593,0.014204919
1356024190167,-0.55762744,-0.24283205,-0.7937784,-0.6422832,-0.47955942,0.59790885,-0.5258554,0.843241,0.111448556
1356024190207,-0.5690174,-0.1309259,-0.8118359,-0.64599454,-0.5397099,0.53981864,-0.5088321,0.8316078,0.22252694
1356024190247,-0.5659449,-0.027981937,-0.8239681,-0.6643333,-0.57637334,0.47587293,-0.4882291,0.8167073,0.30760622
1356024190287,-0.5201765,0.0591802,-0.852006,-0.70911825,-0.5859165,0.39224133,-0.47599143,0.80820763,0.34674567
1356024190334,-0.42332363,0.12987357,-0.8966214,-0.77173024,-0.570117,0.2817784,-0.47458357,0.81123334,0.34157133
1356024190368,-0.2832951,0.1824596,-0.94151604,-0.8303436,-0.5378932,0.14560395,-0.47986817,0.8230307,0.3038866
1356024190408,-0.12039858,0.21347582,-0.969501,-0.8651527,-0.5014996,-0.0029859543,-0.4868418,0.8384069,0.24506904
1356024190449,0.038369894,0.22190556,-0.9743129,-0.87028015,-0.47173083,-0.14171246,-0.49106017,0.8533627,0.17501976
1356024190488,0.17123026,0.21081313,-0.9624126,-0.85513484,-0.45334208,-0.25144663,-0.48931035,0.86604786,0.10264774
1356024190528,0.26961392,0.18537405,-0.94495755,-0.83467925,-0.44438112,-0.32532445,-0.480228,0.8764484,0.03491655
1356024190567,0.32992202,0.15035164,-0.9319581,-0.82191986,-0.43983793,-0.36192596,-0.46432662,0.8854022,-0.021535233
1356024190607,0.34730887,0.10910845,-0.9313817,-0.8264662,-0.43368107,-0.35899064,-0.4430915,0.8944361,-0.060446814
1356024190647,0.31209934,0.06228015,-0.9480059,-0.85303307,-0.4209175,-0.30848527,-0.4182448,0.90495837,-0.078241095
1356024190687,0.2089867,0.0076845586,-0.9778883,-0.8958254,-0.39953983,-0.19458851,-0.39220065,0.91668355,-0.076614454
1356024190727,0.025549293,-0.057376087,-0.99802566,-0.9287262,-0.37075806,-0.0024605095,-0.36988488,0.92695546,-0.06275928
1356024190767,-0.20951033,-0.1284253,-0.96933603,-0.9099106,-0.3373534,0.2413615,-0.35800576,0.9325769,-0.046176493
1356024190807,-0.41522533,-0.19305992,-0.8889971,-0.8352308,-0.30637205,0.45664617,-0.3605239,0.9321288,-0.03403622
1356024190846,-0.54361916,-0.24497965,-0.8027847,-0.75071454,-0.28583986,0.5955865,-0.3753744,0.92643434,-0.028521836
1356024190887,-0.6046453,-0.28529102,-0.7436485,-0.69012123,-0.2784921,0.6679632,-0.3976642,0.91708845,-0.028496444
1356024190927,-0.6200351,-0.31451795,-0.71877325,-0.66124153,-0.28359675,0.69450164,-0.42227495,0.9058981,-0.032132447
1356024190967,-0.59943247,-0.33153322,-0.72853726,-0.6638682,-0.30256474,0.6839106,-0.44716877,0.89361084,-0.038727283
1356024191007,-0.5419593,-0.3326218,-0.77177894,-0.6951697,-0.33861268,0.6340982,-0.47224903,0.8801727,-0.047714353
1356024191047,-0.445974,-0.3109339,-0.8393017,-0.7437802,-0.39288664,0.5407691,-0.4978938,0.8654249,-0.056049228
1356024191087,-0.32937223,-0.26063237,-0.90751576,-0.7857436,-0.45730287,0.4165107,-0.52356565,0.8502617,-0.05416739
1356024191127,-0.2438075,-0.18608147,-0.9518044,-0.8016325,-0.5137015,0.30577114,-0.5458417,0.8375467,-0.023924679
1356024191167,-0.23305911,-0.09975049,-0.9673331,-0.7968712,-0.5505573,0.24876282,-0.5573865,0.8288163,0.0488241
1356024191207,-0.2946384,-0.012966931,-0.95552087,-0.78157085,-0.57206964,0.24876359,-0.5498501,0.8201026,0.1584191
1356024191247,-0.36821866,0.06765208,-0.92727464,-0.7667619,-0.5861584,0.26171452,-0.52582425,0.807367,0.26770747
1356024191287,-0.39968276,0.13699535,-0.9063586,-0.7681774,-0.5895636,0.24963611,-0.500157,0.7960195,0.34087515
1356024191334,-0.3712449,0.19389597,-0.9080648,-0.7922069,-0.57625926,0.20083192,-0.48434025,0.79393303,0.36753905
1356024191368,-0.2884252,0.2370561,-0.9276935,-0.8288232,-0.54694235,0.117924154,-0.4794402,0.8029063,0.35422957
1356024191408,-0.16868883,0.26316813,-0.94988763,-0.86033165,-0.5096027,0.011598349,-0.48101303,0.81917495,0.31237614
1356024191448,-0.035503685,0.2697766,-0.9622682,-0.8743504,-0.47470564,-0.100826174,-0.48399466,0.8377799,0.2527331
1356024191488,0.088992834,0.25764725,-0.9621321,-0.87047124,-0.44937545,-0.20085195,-0.4841075,0.8553828,0.18428333
1356024191527,0.19152719,0.23020315,-0.95410895,-0.8569939,-0.4346159,-0.27689463,-0.47841287,0.8706984,0.11404182
1356024191567,0.26405847,0.19100812,-0.9454042,-0.84439766,-0.4279179,-0.32230258,-0.46611774,0.8834038,0.048291415
1356024191614,0.3083217,0.14236313,-0.9405692,-0.8410072,-0.4212845,-0.33944994,-0.4445724,0.89568526,-0.010162681
1356024191644,0.26351577,0.067100495,-0.96231854,-0.86675334,-0.42141795,-0.26673135,-0.42343608,0.9043807,-0.052890703
1356024191687,0.13764536,-0.018798798,-0.99030316,-0.905215,-0.40822214,-0.11806947,-0.4020441,0.91268903,-0.07320684
1356024191727,-0.15743089,-0.14412817,-0.9769557,-0.9102545,-0.3624565,0.20015484,-0.38295192,0.92078894,-0.07413146
1356024191766,-0.5434097,-0.27025247,-0.7947763,-0.75396013,-0.2591768,0.6036319,-0.3691206,0.92724913,-0.06292039
1356024191807,-0.7769935,-0.33236247,-0.53461796,-0.51307726,-0.15770608,0.84373015,-0.36473668,0.92987317,-0.047991097
1356024191847,-0.85899085,-0.3591798,-0.3648624,-0.3514663,-0.104522884,0.9303475,-0.3722985,0.92739683,-0.036455393
1356024191887,-0.8786936,-0.38188368,-0.28646544,-0.27537024,-0.084718645,0.95759803,-0.38996002,0.92031926,-0.03071767
1356024191927,-0.8749488,-0.40532732,-0.26490453,-0.253267,-0.08319837,0.9638122,-0.412699,0.9103778,-0.029861689
1356024191967,-0.85837525,-0.42643777,-0.28520656,-0.27029714,-0.0965876,0.95791984,-0.43604058,0.89934516,-0.0323565
1356024192007,-0.825779,-0.44128624,-0.3512199,-0.3284848,-0.12989837,0.9355341,-0.45846123,0.8879149,-0.037688494
1356024192047,-0.75841796,-0.44030115,-0.48055917,-0.44097587,-0.19628787,0.87579185,-0.47994012,0.87613124,-0.045293927
1356024192087,-0.6171501,-0.39946786,-0.67790204,-0.606233,-0.30782646,0.733297,-0.50160474,0.86352086,-0.05219543
1356024192127,-0.38641727,-0.28772345,-0.8762972,-0.7599678,-0.4390306,0.47927126,-0.52261895,0.85115635,-0.0490115
1356024192167,-0.17479467,-0.1346916,-0.9753487,-0.823753,-0.52260923,0.21979696,-0.53933096,0.8418657,-0.019603372
1356024192207,-0.09083122,0.0025863647,-0.99586296,-0.8339062,-0.546836,0.07463917,-0.54438066,0.8372358,0.051826507
1356024192247,-0.09988499,0.12247801,-0.98743206,-0.84069705,-0.5412094,0.017911881,-0.53221375,0.8319204,0.15702562
1356024192287,-0.123423696,0.23281488,-0.96465725,-0.85300314,-0.5216365,-0.016756058,-0.5071016,0.82078767,0.26297426
1356024192334,-0.09294313,0.33278263,-0.9384121,-0.8701719,-0.48520643,-0.085880995,-0.4839033,0.8085978,0.33467472
1356024192368,0.0028560162,0.41137362,-0.91146237,-0.88139474,-0.42951715,-0.19661734,-0.47237188,0.8039197,0.36135578
1356024192410,0.14169979,0.4570095,-0.8781022,-0.86988074,-0.3658924,-0.33080226,-0.47247076,0.81071883,0.34569693
1356024192447,0.27737534,0.46928668,-0.8383513,-0.8336874,-0.3161345,-0.45279595,-0.4775229,0.82451737,0.30355054
1356024192487,0.39177102,0.45561272,-0.7993326,-0.782986,-0.29113448,-0.54970336,-0.48316503,0.8412241,0.24268025
1356024192527,0.47784117,0.4257008,-0.76840526,-0.7317312,-0.2910979,-0.6163048,-0.48604256,0.8567619,0.17239994
1356024192566,0.5384526,0.386217,-0.74893606,-0.6898639,-0.3083424,-0.65499073,-0.4838972,0.8693455,0.10040936
1356024192607,0.57884693,0.3403479,-0.74101245,-0.6626134,-0.33332294,-0.67070055,-0.475268,0.8792378,0.032576144
1356024192647,0.59997773,0.290752,-0.745312,-0.65449494,-0.35736242,-0.6662797,-0.46006858,0.88755596,-0.024113834
1356024192687,0.6014135,0.24038367,-0.761917,-0.66764456,-0.37257293,-0.64454645,-0.43880808,0.8963286,-0.06357953
1356024192727,0.57960284,0.19158569,-0.79205775,-0.7026539,-0.37477475,-0.6048317,-0.41272032,0.9071046,-0.08260208
1356024192766,0.52832186,0.14558196,-0.8364699,-0.75689894,-0.36560842,-0.54169583,-0.3846816,0.91931295,-0.082968086
1356024192807,0.43879744,0.10213801,-0.8927624,-0.82334995,-0.35225877,-0.4449817,-0.35993293,0.93031263,-0.07047492
1356024192846,0.3062531,0.057720423,-0.95019865,-0.8869688,-0.34515962,-0.3068408,-0.3456812,0.93676746,-0.054510012
1356024192887,0.14737982,0.009917021,-0.98903024,-0.9263525,-0.3490523,-0.1415399,-0.3466269,0.9370507,-0.042256624
1356024192927,-6.079078E-4,-0.03966388,-0.99921286,-0.9324467,-0.36100006,0.014897287,-0.36130682,0.93172187,-0.03676492
1356024192966,-0.10547149,-0.0839515,-0.99087226,-0.9170022,-0.37725103,0.12957105,-0.38468528,0.9222981,-0.03719449
1356024193007,-0.15729499,-0.11636579,-0.9806719,-0.89741933,-0.39763057,0.19112423,-0.41218543,0.9101368,-0.041883618
1356024193047,-0.15942812,-0.13228148,-0.97830695,-0.88358384,-0.42286044,0.20116866,-0.44029814,0.8964881,-0.049465984
1356024193086,-0.12066162,-0.12966862,-0.98418844,-0.87564087,-0.45315015,0.16705701,-0.4676472,0.8819529,-0.05886531
1356024193127,-0.054578006,-0.107770324,-0.9926766,-0.8677646,-0.48669767,0.100548714,-0.49396956,0.86689734,-0.06695631
1356024193166,0.01614207,-0.06558612,-0.9977163,-0.85519433,-0.5179134,0.020209491,-0.51805615,0.8529151,-0.06444907
1356024193207,0.058593094,-0.0033202171,-0.9982765,-0.84189504,-0.5375356,-0.047626644,-0.536451,0.84323454,-0.034291163
1356024193247,0.05469477,0.081181675,-0.9951974,-0.83827484,-0.537779,-0.08993894,-0.54249775,0.83916813,0.038638934
1356024193287,0.019131303,0.18323445,-0.9828831,-0.8472781,-0.5189389,-0.113235235,-0.5308049,0.8349416,0.14532256
1356024193334,-0.007355988,0.28440356,-0.95867646,-0.86234355,-0.48717988,-0.13791129,-0.5062703,0.82569396,0.24883717
1356024193368,0.009438813,0.3632975,-0.93162537,-0.8752794,-0.44750297,-0.18337658,-0.4835254,0.81716335,0.31376296
1356024193408,0.07134962,0.40835047,-0.91003245,-0.87883306,-0.40578127,-0.250986,-0.4717644,0.8176744,0.3299196
1356024193449,0.15586954,0.41983676,-0.89411515,-0.869028,-0.37201822,-0.32617941,-0.46956915,0.8278525,0.3068635
1356024193488,0.24012053,0.40356144,-0.88288176,-0.84824705,-0.35502487,-0.3929811,-0.47203705,0.84326476,0.25707108
1356024193528,0.30707568,0.36861715,-0.8773973,-0.8246522,-0.35711932,-0.43865073,-0.4750297,0.85824656,0.19431832
1356024193568,0.3514939,0.32182014,-0.87913805,-0.8061589,-0.37339604,-0.45900223,-0.47598284,0.8700615,0.1281918
1356024193608,0.37457657,0.26622522,-0.88815343,-0.7975887,-0.3959399,-0.45506465,-0.47280505,0.8788377,0.06402844
1356024193648,0.3758605,0.20438239,-0.90385664,-0.8020055,-0.4168886,-0.4277746,-0.4642371,0.88568157,0.007223785
1356024193688,0.35505468,0.1405684,-0.92421687,-0.81931174,-0.4292935,-0.3800467,-0.45018283,0.892159,-0.03725335
1356024193728,0.30924928,0.08011389,-0.9476005,-0.8473823,-0.42905563,-0.31281716,-0.4316343,0.89971834,-0.06479807
1356024193768,0.23592281,0.02762565,-0.9713791,-0.88089466,-0.41599196,-0.22577715,-0.41032308,0.90894866,-0.07380673
1356024193808,0.13552082,-0.014498025,-0.9906684,-0.9114059,-0.3939532,-0.11891255,-0.38855293,0.9190161,-0.06660247
1356024193848,0.014321506,-0.04894221,-0.99869895,-0.92848176,-0.371346,0.0048835576,-0.37110186,0.9272038,-0.05076021
1356024193887,-0.1111117,-0.08051452,-0.99054104,-0.9248555,-0.35641176,0.13271388,-0.36372584,0.93085337,-0.034862757
1356024193927,-0.22263795,-0.11408308,-0.9682032,-0.9021095,-0.35243964,0.24896756,-0.36963615,0.92885494,-0.02444905
1356024193967,-0.31072438,-0.15097922,-0.9384325,-0.8685064,-0.35605097,0.3448542,-0.3861956,0.92218924,-0.020492703
1356024194007,-0.37368178,-0.18849391,-0.90820265,-0.83283216,-0.36287743,0.4179842,-0.40835366,0.9125734,-0.021383107
1356024194047,-0.41396534,-0.22355026,-0.88241595,-0.8011928,-0.3706835,0.46976995,-0.43211418,0.90145385,-0.02565676
1356024194086,-0.43416536,-0.25415,-0.8642385,-0.7770698,-0.37965423,0.502021,-0.4557005,0.8895338,-0.03265959
1356024194127,-0.43662477,-0.27859396,-0.8554205,-0.7615064,-0.39183998,0.5163037,-0.47902703,0.8768391,-0.041064024
1356024194167,-0.42622483,-0.29208925,-0.8561636,-0.7527931,-0.4102977,0.5147411,-0.50163233,0.86390954,-0.045003712
1356024194207,-0.41488487,-0.28528574,-0.8639922,-0.7458551,-0.43722725,0.50252616,-0.5211245,0.8529035,-0.03138286
1356024194247,-0.42025465,-0.24643204,-0.8733025,-0.73502016,-0.4719091,0.486875,-0.532101,0.8465064,0.017189503
1356024194287,-0.45079494,-0.17228484,-0.8758435,-0.7195941,-0.51044047,0.4707811,-0.5281744,0.84247756,0.10612884
1356024194334,-0.49215782,-0.07935512,-0.86688143,-0.7059352,-0.5462986,0.45079184,-0.5093488,0.83382285,0.2128456
1356024194368,-0.5181594,0.0046091676,-0.8552717,-0.7030567,-0.5717524,0.42285997,-0.48705462,0.8204133,0.29949936
1356024194408,-0.5142681,0.06318486,-0.8552987,-0.71528405,-0.5818274,0.38709885,-0.4731775,0.81085414,0.34441048
1356024194448,-0.47812724,0.09623909,-0.87300193,-0.74181366,-0.5764071,0.34273514,-0.47021997,0.81147575,0.3469874
1356024194488,-0.4132415,0.109433174,-0.9040221,-0.7773848,-0.55940866,0.28763658,-0.47424078,0.8216364,0.31624255
1356024194527,-0.32580066,0.10861534,-0.9391787,-0.81418127,-0.5371878,0.2203137,-0.48058593,0.8364401,0.26344872
1356024194567,-0.22441727,0.09773922,-0.9695792,-0.8445988,-0.5158125,0.14349264,-0.4860963,0.8511077,0.19830772
1356024194604,-0.121236205,0.07986736,-0.98940533,-0.86412925,-0.49897522,0.06560701,-0.48844892,0.86292803,0.12950966
1356024194647,-0.027015686,0.056607455,-0.99803096,-0.87393415,-0.48602873,-0.0039106607,-0.4852931,0.8721076,0.06260154
1356024194688,0.04593593,0.029424697,-0.9985109,-0.8789978,-0.47371274,-0.054397464,-0.474608,0.8801877,0.0041038096
1356024194727,0.087106764,7.0035458E-6,-0.99619895,-0.8857596,-0.45763624,-0.077453256,-0.45589727,0.88913953,-0.039856985
1356024194767,0.08579451,-0.030477762,-0.99584657,-0.8983033,-0.434677,-0.06408775,-0.43091828,0.9000706,-0.06467122
1356024194807,0.03313154,-0.061990947,-0.99752665,-0.91448855,-0.40457815,-0.0052312016,-0.40325317,0.9124,-0.07009435
1356024194847,-0.07144266,-0.095553756,-0.9928572,-0.92294896,-0.37112623,0.102129936,-0.37823424,0.923653,-0.06167701
1356024194887,-0.20888442,-0.13184285,-0.96901226,-0.9082831,-0.34111375,0.24220493,-0.36247635,0.93073034,-0.04849732
1356024194927,-0.3405403,-0.16974428,-0.9247806,-0.86836994,-0.32034445,0.37856722,-0.36050797,0.93196905,-0.038310647
1356024194966,-0.43415034,-0.20584318,-0.8770074,-0.82076824,-0.31086433,0.4792732,-0.3712855,0.9278965,-0.03398764
1356024195007,-0.4788856,-0.23537332,-0.8457352,-0.7861126,-0.3138492,0.5324713,-0.39076284,0.9198359,-0.034732044
1356024195047,-0.4746685,-0.2519113,-0.8433448,-0.7767793,-0.33067155,0.535976,-0.41388857,0.90950376,-0.03872013
1356024195087,-0.41842407,-0.2480666,-0.8737186,-0.7956597,-0.36379778,0.48433125,-0.4380033,0.8978386,-0.04515487
1356024195127,-0.30210245,-0.2137357,-0.9290055,-0.8337313,-0.41326696,0.36620033,-0.4621973,0.88517094,-0.053349197
1356024195167,-0.13234055,-0.141004,-0.9811238,-0.8638607,-0.46895432,0.18391994,-0.4860357,0.87189436,-0.059746146
1356024195207,0.043175578,-0.037246495,-0.998373,-0.8603667,-0.5093503,-0.018204927,-0.50784355,0.85975283,-0.054037094
1356024195247,0.16346437,0.07829857,-0.98343724,-0.8362768,-0.517839,-0.18023264,-0.52337414,0.85188735,-0.019168958
1356024195286,0.21243536,0.19603902,-0.95730865,-0.8231942,-0.4919606,-0.28341848,-0.5265193,0.84825903,0.056868367
1356024195335,0.21648818,0.31288543,-0.9247895,-0.8309233,-0.4382496,-0.34278828,-0.51254207,0.8426388,0.1651079
1356024195368,0.23269415,0.41838604,-0.87795585,-0.84156436,-0.36585164,-0.39739394,-0.48746568,0.8313277,0.2669673
1356024195408,0.29716843,0.49608636,-0.81583655,-0.8339058,-0.28133148,-0.47481957,-0.46507204,0.82143223,0.33008647
1356024195448,0.40576416,0.5368915,-0.7396641,-0.7930595,-0.19546115,-0.576933,-0.454326,0.82069635,0.34647578
1356024195488,0.52733076,0.54387736,-0.6527784,-0.7178601,-0.12580833,-0.6847256,-0.4545317,0.8296805,0.32408527
1356024195528,0.63543534,0.5289152,-0.5625572,-0.6195269,-0.0856266,-0.7802913,-0.46087778,0.844344,0.27326703
1356024195567,0.7187816,0.50633067,-0.47642657,-0.5137765,-0.07482687,-0.85465467,-0.4683874,0.85908675,0.20635664
1356024195607,0.7788246,0.48429835,-0.39860657,-0.41131222,-0.085458025,-0.9074795,-0.473555,0.8707192,0.13264105
1356024195647,0.8215227,0.4652254,-0.32964477,-0.3176443,-0.10669123,-0.9421884,-0.47350022,0.878739,0.06012693
1356024195686,0.8525778,0.44839913,-0.26842007,-0.23586951,-0.12816872,-0.9632956,-0.46634397,0.8845966,-0.0035101166
1356024195727,0.87644714,0.43194532,-0.21275255,-0.16734155,-0.14105624,-0.97575605,-0.45148334,0.89080095,-0.051345944
1356024195767,0.89572483,0.41487578,-0.15985966,-0.11115816,-0.1391657,-0.9840105,-0.43048912,0.89917237,-0.078537345
1356024195807,0.91171485,0.39695224,-0.105853125,-0.06260648,-0.120403945,-0.9907489,-0.4060251,0.9099076,-0.084922284
1356024195847,0.9239124,0.37976724,-0.04650612,-0.014120966,-0.087622255,-0.9960537,-0.38234353,0.920923,-0.07559261
1356024195886,0.92995393,0.3670385,0.021640897,0.04186131,-0.047219366,-0.998007,-0.3652851,0.9290065,-0.05927655
1356024195928,0.9263867,0.36275467,0.101077676,0.11023453,-0.00457382,-0.99389505,-0.36007777,0.93187344,-0.044225216
1356024195966,0.9086673,0.36669952,0.19963756,0.19852357,0.041176468,-0.9792308,-0.36730382,0.9294278,-0.035382777
1356024196007,0.8646454,0.3722502,0.33736932,0.3236177,0.10094893,-0.9407874,-0.38426536,0.9226262,-0.033181727
1356024196047,0.73310935,0.3488937,0.5838012,0.5455955,0.21079049,-0.81110597,-0.40604952,0.91314876,-0.03582236
