1356024410136,0.990952,-0.103082776,-0.08595307,-0.096566975,-0.102826506,-0.9900007,0.09321377,0.9893435,-0.11185053
1356024410177,0.39540768,-0.13983858,-0.9077984,-0.9137646,0.040402427,-0.4042301,0.09320426,0.9893497,-0.11180413
1356024410216,0.39530784,-0.13954264,-0.90788746,-0.9138108,0.040516034,-0.4041143,0.0931752,0.98938686,-0.11149925
1356024410258,0.39499152,-0.13855645,-0.90817606,-0.91395724,0.04089345,-0.40374485,0.093079895,0.98950994,-0.1104821
1356024410296,0.39443636,-0.13668111,-0.9087014,-0.9142145,0.041612864,-0.40308854,0.09290826,0.9897407,-0.10854223
1356024410337,0.3933902,-0.13375536,-0.90958977,-0.9146886,0.04279098,-0.40188777,0.09267685,0.99009013,-0.10551092
1356024410376,0.39266282,-0.13010058,-0.9104339,-0.9150225,0.044263765,-0.40096715,0.09246531,0.9905124,-0.101664215
1356024410417,0.39183623,-0.12624818,-0.9113319,-0.9153864,0.045952126,-0.39994532,0.09237003,0.99093384,-0.0975602
1356024410457,0.39114544,-0.122787714,-0.9121011,-0.91567254,0.04764542,-0.3990911,0.09246093,0.99128854,-0.09379706
1356024410498,0.3907327,-0.12021956,-0.91261995,-0.9158187,0.04913445,-0.39857474,0.09275749,0.99153066,-0.09090087
1356024410537,0.3906424,-0.118771434,-0.9128483,-0.9158164,0.050212264,-0.39844587,0.09316021,0.9916513,-0.08915782
1356024410577,0.39093125,-0.118573844,-0.91275024,-0.9156526,0.050698996,-0.3987605,0.09355807,0.99165004,-0.08875263
1356024410618,0.39164913,-0.11958215,-0.91231084,-0.91531825,0.0504729,-0.39955595,0.09382674,0.99154055,-0.089688
1356024410657,0.39277726,-0.12161565,-0.9115567,-0.9148271,0.049539253,-0.4007957,0.09390089,0.9913403,-0.09179941
1356024410697,0.39410824,-0.12418765,-0.910635,-0.9142688,0.048107445,-0.40224147,0.09376177,0.99109185,-0.094581366
1356024410738,0.39526397,-0.1267348,-0.90978277,-0.913809,0.046431914,-0.4034813,0.09337807,0.9908493,-0.09745851
1356024410776,0.39578998,-0.12882355,-0.9092605,-0.9136487,0.044725135,-0.40403673,0.09271622,0.9906584,-0.09999773
1356024410817,0.39528865,-0.13021979,-0.9092798,-0.9139651,0.04309757,-0.40349758,0.0917311,0.990548,-0.10198036
1356024410857,0.3934363,-0.13068193,-0.91001654,-0.91489464,0.04169853,-0.40153345,0.09041953,0.99054706,-0.10315448
1356024410896,0.39014512,-0.12989146,-0.9115454,-0.9164621,0.040687755,-0.39804736,0.08879164,0.9906931,-0.10316643
1356024410937,0.38556284,-0.12771863,-0.91379935,-0.9185805,0.040140554,-0.39319044,0.08689815,0.99099785,-0.10184312
1356024410977,0.38018376,-0.12449968,-0.9164934,-0.92101395,0.039906397,-0.38748002,0.084815055,0.9914168,-0.09949419
1356024411017,0.37472248,-0.12109202,-0.9191951,-0.92344135,0.039686993,-0.38168174,0.08269864,0.9918476,-0.096949756
1356024411078,0.3698341,-0.11841911,-0.92152023,-0.9255814,0.039251953,-0.3765079,0.08075714,0.9921875,-0.09508979
1356024411098,0.36573866,-0.11725101,-0.9233025,-0.9273288,0.038669676,-0.3722443,0.079349816,0.9923492,-0.094587296
1356024411138,0.36219066,-0.11815694,-0.92458475,-0.92875326,0.038285673,-0.36871636,0.07896474,0.99225664,-0.095871955
1356024411178,0.3584023,-0.12149155,-0.9256282,-0.9301139,0.038733065,-0.36522302,0.08022392,0.9918364,-0.09911895
1356024411218,0.35326564,-0.1272476,-0.92682874,-0.9317622,0.04088688,-0.36075956,0.08380094,0.9910279,-0.10412061
1356024411248,0.3452141,-0.13362142,-0.9289632,-0.93430936,0.04477015,-0.35364053,0.08884373,0.99002063,-0.10938841
1356024411288,0.33658233,-0.14199391,-0.93088675,-0.9365312,0.052499503,-0.3466313,0.09809065,0.98847437,-0.115311354
1356024411328,0.323457,-0.15085414,-0.93414056,-0.9396485,0.06513895,-0.3358835,0.11151835,0.98640764,-0.12068024
1356024411368,0.30606878,-0.15876168,-0.93867815,-0.9433115,0.082403734,-0.32151678,0.12839511,0.9838722,-0.12454051
1356024411408,0.2849601,-0.1646797,-0.94428724,-0.9471448,0.10307129,-0.30379766,0.14735824,0.98094696,-0.12660432
1356024411448,0.26109672,-0.16840741,-0.950509,-0.95071864,0.12571001,-0.28342706,0.1672197,0.9776686,-0.1272856
1356024411488,0.23567058,-0.17034203,-0.95678794,-0.9536149,0.14920248,-0.26145238,0.18729153,0.97402376,-0.12727809
1356024411528,0.20977534,-0.17081976,-0.9627123,-0.9556135,0.17250903,-0.23883781,0.20687482,0.9700831,-0.1270495
1356024411568,0.18411241,-0.16969854,-0.9681452,-0.9568897,0.19417302,-0.21600702,0.22464377,0.9661777,-0.12663311
1356024411598,0.15905985,-0.1667206,-0.97309005,-0.95793426,0.2124193,-0.19297653,0.23887625,0.9628511,-0.12592
1356024411628,0.13613513,-0.1619944,-0.9773562,-0.9588236,0.22665945,-0.17112195,0.24924782,0.96040785,-0.12446773
1356024411668,0.11367726,-0.15318534,-0.98163724,-0.9603195,0.2363385,-0.14808941,0.25468382,0.95951986,-0.12024057
1356024411708,0.08802518,-0.13818425,-0.98648703,-0.96263236,0.24281809,-0.11990988,0.2561066,0.96017945,-0.11164653
1356024411749,0.05811861,-0.11588621,-0.9915607,-0.9650898,0.24757072,-0.08550131,0.2553898,0.9619143,-0.097452104
1356024411788,0.023198754,-0.0866231,-0.99597096,-0.9667417,0.2518672,-0.04442367,0.2547005,0.9638772,-0.0778991
1356024411828,-0.016488492,-0.052338034,-0.9984933,-0.9667343,0.2557701,0.0025572777,0.2552509,0.9653199,-0.05481428
1356024411868,-0.059330404,-0.01765436,-0.9980823,-0.9647189,0.2579366,0.05278465,0.2565101,0.96600056,-0.032334983
1356024411908,-0.10201898,0.012145072,-0.99470836,-0.96112,0.25671718,0.10170853,0.256594,0.9664103,-0.014517188
1356024411948,-0.1412954,0.03313458,-0.98941267,-0.9570445,0.25103304,0.14507994,0.25318238,0.96741116,-0.00375849
1356024411988,-0.17336217,0.04370907,-0.98388773,-0.9539267,0.24095425,0.17878729,0.24488658,0.96955174,-7.712841E-5
1356024412028,-0.19419816,0.044086576,-0.9799712,-0.95310956,0.22788301,0.19912696,0.23209763,0.97269,-0.0022351146
1356024412083,-0.19957435,0.035474718,-0.97924036,-0.95572346,0.2134949,0.20251572,0.21624702,0.9762999,-0.008704066
1356024412108,-0.18526348,0.020200461,-0.98248124,-0.96233594,0.1986973,0.18555006,0.19896457,0.9798527,-0.017371714
1356024412148,-0.14895004,0.0013635457,-0.98884374,-0.97220445,0.18247986,0.14669529,0.1806441,0.98320866,-0.025854766
1356024412188,-0.09075871,-0.015622169,-0.9957503,-0.98281264,0.16280648,0.087025225,0.16075513,0.9865343,-0.03012979
1356024412228,-0.016351461,-0.020184577,-0.9996625,-0.9902659,0.13854206,0.013400406,0.13822481,0.9901508,-0.022253394
1356024412258,0.066388935,-0.007930458,-0.9977623,-0.99123645,0.11393008,-0.06686026,0.11420539,0.99345714,-2.9730797E-4
1356024412298,0.11857176,0.049550176,-0.9917084,-0.9891809,0.09278226,-0.11363378,0.08638236,0.99445283,0.06001541
1356024412338,0.14967069,0.14575768,-0.9779333,-0.98696554,0.081187755,-0.13895237,0.059142917,0.9859835,0.15600911
1356024412378,0.16342866,0.25485256,-0.95306945,-0.98579717,0.08005017,-0.14763519,0.038668245,0.96366084,0.2643153
1356024412436,0.17805314,0.3426205,-0.92244685,-0.98360634,0.08917546,-0.15673628,0.028558522,0.93523204,0.3528817
1356024412457,0.21305758,0.38815117,-0.8966298,-0.97660065,0.1121102,-0.18352774,0.029284865,0.9147513,0.40295458
1356024412497,0.2791186,0.38446394,-0.87993205,-0.95935655,0.15131551,-0.23819897,0.041568488,0.9106542,0.41107294
1356024412534,0.37219423,0.33459798,-0.8657457,-0.9259665,0.19787395,-0.32160842,0.06369901,0.92135227,0.38347405
1356024412577,0.47478786,0.24902213,-0.84413534,-0.87531984,0.23344293,-0.4234614,0.09160614,0.9399427,0.32880986
1356024412617,0.5632765,0.1488654,-0.8127476,-0.8174306,0.24387993,-0.5218524,0.12052709,0.9583119,0.25905895
1356024412657,0.6259515,0.051489323,-0.7781604,-0.7655406,0.23091637,-0.60052085,0.14876962,0.9716103,0.18395959
1356024412697,0.6611541,-0.032767504,-0.74953425,-0.7293396,0.20615351,-0.6523531,0.1758951,0.9779709,0.11240058
1356024412737,0.6720385,-0.09949455,-0.73380184,-0.71271026,0.1820918,-0.6774117,0.20101807,0.97823477,0.051461905
1356024412777,0.660944,-0.14612007,-0.73607194,-0.7165939,0.16833922,-0.6768716,0.22281429,0.9748389,0.006554067
1356024412817,0.6277286,-0.17113927,-0.7593867,-0.7401471,0.17095348,-0.6503516,0.24112052,0.97030216,-0.019355863
1356024412857,0.5688191,-0.17389122,-0.80386984,-0.781234,0.19133693,-0.5941916,0.2571347,0.965998,-0.02701366
1356024412897,0.47829708,-0.15401036,-0.86458814,-0.8351573,0.22466221,-0.5020351,0.27155888,0.962189,-0.021167576
1356024412937,0.35199344,-0.11300492,-0.9291558,-0.89230454,0.25925833,-0.36956424,0.28265396,0.9591741,-0.009577602
1356024412977,0.1988374,-0.05951011,-0.97822404,-0.9369778,0.28106016,-0.20755178,0.2872912,0.95784324,1.2558699E-4
1356024413017,0.045931756,-0.010217279,-0.9988923,-0.95777094,0.28367472,-0.046942443,0.28384015,0.9588661,0.0032438636
1356024413076,-0.07620633,0.020528704,-0.9968807,-0.95889056,0.27258247,0.07891542,0.2733522,0.9619134,-0.0010877252
1356024413099,-0.15084666,0.028478384,-0.9881469,-0.95426714,0.25679195,0.15307546,0.25810754,0.96604705,-0.011560261
1356024413138,-0.17348996,0.016527206,-0.984697,-0.95506275,0.24116805,0.17231658,0.24032536,0.97034264,-0.026055753
1356024413178,-0.14410156,-0.011427432,-0.98949695,-0.964702,0.22435218,0.13789964,0.22041997,0.9744412,-0.043353558
1356024413219,-0.06338623,-0.05001253,-0.99673516,-0.9781404,0.20131263,0.052102536,0.1980496,0.97824943,-0.06167972
1356024413258,0.05720988,-0.08736792,-0.994532,-0.9832659,0.16764894,-0.07128945,0.17296064,0.9819678,-0.07631469
1356024413299,0.1860578,-0.10323033,-0.97710073,-0.9717972,0.12731236,-0.19849837,0.14488801,0.98647606,-0.07663149
1356024413338,0.28834033,-0.07708076,-0.95442045,-0.95065737,0.09614718,-0.2949685,0.11450124,0.9923781,-0.04555431
1356024413378,0.34659877,-0.00103876,-0.93801284,-0.934237,0.08925989,-0.34530237,0.084085554,0.9960078,0.02996695
1356024413418,0.36753383,0.110116005,-0.9234681,-0.9282354,0.10474864,-0.35694078,0.05742711,0.98838365,0.14071226
1356024413458,0.3792858,0.21839914,-0.89913523,-0.9244697,0.13009441,-0.358373,0.038704127,0.9671491,0.25124633
1356024413498,0.41514856,0.28575066,-0.8637119,-0.9092276,0.16260248,-0.38323048,0.03093338,0.9444083,0.32731652
1356024413538,0.49108273,0.2945903,-0.8197893,-0.8703671,0.20486659,-0.4477621,0.03604111,0.93340576,0.35700807
1356024413578,0.5956994,0.24712539,-0.7642455,-0.8013966,0.24672356,-0.5448772,0.053904504,0.93704677,0.3450185
1356024413618,0.6984678,0.16273105,-0.69689405,-0.71108943,0.26747602,-0.6502372,0.08058864,0.9497237,0.30253974
1356024413658,0.7745874,0.06880236,-0.62871337,-0.62271625,0.2568423,-0.73909163,0.1106289,0.9640012,0.24179116
1356024413699,0.8193962,-0.016376644,-0.5729936,-0.5556699,0.22281057,-0.8009909,0.14078653,0.9747241,0.17347014
1356024413738,0.8392895,-0.08754583,-0.53659004,-0.51632833,0.18078005,-0.8370924,0.17028873,0.9796195,0.10652441
1356024413780,0.841007,-0.14541121,-0.52111685,-0.50301474,0.14449757,-0.852113,0.19920692,0.9787625,0.04837948
1356024413818,0.8275588,-0.18991366,-0.5282795,-0.51343775,0.12446314,-0.8490528,0.22699805,0.9738797,0.0054917336
1356024413858,0.79871917,-0.2194319,-0.5602654,-0.54606354,0.1267212,-0.8281041,0.25270995,0.96736306,-0.018609107
1356024413899,0.7491383,-0.23021415,-0.62112254,-0.60263443,0.15240782,-0.7833285,0.27499723,0.9611313,-0.024560452
1356024413938,0.6660187,-0.21659508,-0.7137967,-0.68632865,0.19689009,-0.7001338,0.292185,0.9562013,-0.017522931
1356024413978,0.530961,-0.17297891,-0.8295533,-0.791679,0.2478539,-0.55840194,0.30219978,0.95322967,-0.00534302
1356024414018,0.33872694,-0.10359457,-0.9351643,-0.89075315,0.28479588,-0.35418954,0.30302304,0.9529741,0.004190862
1356024414074,0.12932667,-0.032889873,-0.99105644,-0.94686306,0.2927256,-0.13327432,0.29449102,0.95563066,0.0067149997
1356024414098,-0.036862284,0.012835264,-0.9992379,-0.9595353,0.27887735,0.03897983,0.27916512,0.96024096,0.0020358562
1356024414138,-0.1319193,0.027002513,-0.99089265,-0.9564606,0.25907728,0.13439533,0.2603468,0.965479,-0.0083504915
1356024414178,-0.15500143,0.014820516,-0.9878031,-0.9582581,0.24089786,0.1539796,0.24024174,0.97043735,-0.023137689
1356024414218,-0.10996941,-0.017608315,-0.993779,-0.9694425,0.22249362,0.1033341,0.21928996,0.9747752,-0.04153776
1356024414258,-0.003038466,-0.0627276,-0.9980261,-0.9803636,0.19697475,-0.00939557,0.19717532,0.9783999,-0.06209439
1356024414298,0.14350888,-0.10645068,-0.9839072,-0.9744177,0.15855691,-0.15927938,0.17296073,0.9815947,-0.08097315
1356024414338,0.2915897,-0.12747917,-0.9480108,-0.9452803,0.1132389,-0.3059771,0.14635742,0.98535573,-0.08748424
1356024414378,0.40101963,-0.10601547,-0.90991426,-0.908448,0.08183831,-0.40990847,0.117922515,0.99099106,-0.06349078
1356024414418,0.46140084,-0.035770804,-0.8864703,-0.88262796,0.082710534,-0.4627384,0.0898729,0.9959314,0.006590426
1356024414458,0.48664784,0.069113165,-0.8708601,-0.8710871,0.11391944,-0.4777338,0.06619018,0.9910831,0.11564222
1356024414498,0.5071184,0.17044649,-0.84485435,-0.8603488,0.1584459,-0.48445296,0.051290393,0.97254455,0.22699429
1356024414537,0.55258125,0.22806033,-0.80164987,-0.8320606,0.20664454,-0.51475555,0.048261285,0.95146555,0.30394787
1356024414577,0.63063496,0.22491473,-0.7427738,-0.7739576,0.25299102,-0.5805042,0.0573512,0.9409617,0.33361945
1356024414617,0.72032225,0.17053968,-0.67234814,-0.6893862,0.28319284,-0.6667447,0.0766978,0.94377863,0.3215578
1356024414657,0.79390717,0.09258345,-0.60094917,-0.5995153,0.28409877,-0.74824417,0.10145393,0.9543146,0.28105322
1356024414697,0.8408845,0.014284134,-0.54102606,-0.52600384,0.25690168,-0.8107536,0.12740958,0.96633196,0.22353816
1356024414737,0.8639595,-0.05278948,-0.50078666,-0.47995898,0.21457082,-0.850646,0.15235934,0.97528076,0.16004372
1356024414777,0.8699826,-0.10860415,-0.48097336,-0.46033436,0.17066315,-0.87118673,0.17669894,0.9793259,0.09847975
1356024414817,0.86321545,-0.15504025,-0.48043895,-0.4630587,0.13590676,-0.87584585,0.20108627,0.9785151,0.04552407
1356024414857,0.8454841,-0.19228171,-0.4981811,-0.4840479,0.11801273,-0.867047,0.22550899,0.97421795,0.0067043155
1356024414897,0.8165549,-0.21860504,-0.53427523,-0.52046514,0.12155983,-0.84518594,0.2497083,0.9682123,-0.014516026
1356024414937,0.77423155,-0.23142192,-0.58907497,-0.5708333,0.14664057,-0.8078649,0.27333996,0.9617382,-0.018569604
1356024414977,0.71389556,-0.2272347,-0.6623576,-0.6354114,0.18730673,-0.7491119,0.29428828,0.9556571,-0.010670096
1356024415017,0.6292455,-0.2029976,-0.7502279,-0.71365166,0.23139545,-0.66117877,0.30781698,0.95144516,7.350147E-4
1356024415076,0.5183248,-0.1614995,-0.83979595,-0.79738116,0.26363334,-0.5428451,0.30906746,0.95100754,0.007871032
1356024415098,0.39230537,-0.115817994,-0.91251445,-0.87037814,0.27417177,-0.40898857,0.2975539,0.95468104,0.0067536235
1356024415138,0.27625775,-0.081768066,-0.9575988,-0.92029274,0.26469117,-0.2880969,0.27702507,0.96086025,-0.002127558
1356024415178,0.19067937,-0.066476256,-0.979399,-0.94859064,0.2442742,-0.20126128,0.252621,0.967425,-0.016480684
1356024415218,0.14383721,-0.0684776,-0.9872293,-0.96298194,0.22014165,-0.15557423,0.22798365,0.97306144,-0.034278154
1356024415258,0.13551745,-0.083415836,-0.98725724,-0.96963847,0.19355872,-0.14945325,0.20355904,0.9775361,-0.05465263
1356024415298,0.16145408,-0.10519597,-0.98125756,-0.970605,0.16290557,-0.17716572,0.17848945,0.9810176,-0.07580197
1356024415337,0.21099219,-0.12409225,-0.969579,-0.9656888,0.1271902,-0.22642425,0.15141845,0.9840853,-0.092998385
1356024415377,0.26919913,-0.12452945,-0.9549996,-0.95541203,0.09038651,-0.28110164,0.1213246,0.98809046,-0.09464502
1356024415423,0.321025,-0.0880062,-0.9429729,-0.94296163,0.06294733,-0.32689598,0.08812645,0.99412906,-0.06277877
1356024415464,0.3430883,0.021882743,-0.9390483,-0.93794286,0.061766952,-0.34124509,0.050534785,0.9978508,0.041716248
1356024415494,0.38175654,0.14198971,-0.9132912,-0.92414033,0.07473093,-0.37467304,0.015051395,0.98704314,0.15974745
1356024415537,0.40854087,0.25405842,-0.8766691,-0.91268224,0.10290107,-0.3955028,-0.010270655,0.96169937,0.27391392
1356024415577,0.44937333,0.32173795,-0.8333956,-0.8931065,0.14028773,-0.42741087,-0.020599127,0.9363781,0.3503878
1356024415616,0.5088427,0.33445838,-0.7932317,-0.8607265,0.18146685,-0.47562557,-0.015131742,0.9247742,0.3802153
1356024415657,0.5808618,0.29753292,-0.7576765,-0.81398475,0.2184025,-0.538265,0.005326897,0.9293947,0.36904895
1356024415697,0.6510763,0.22763339,-0.72407365,-0.7581223,0.24121536,-0.6058594,0.03674388,0.94339716,0.32962358
1356024415737,0.707127,0.14256379,-0.69256556,-0.703125,0.24530981,-0.6674117,0.07474443,0.958905,0.27370533
1356024415777,0.74340135,0.056614548,-0.66644526,-0.65880823,0.23395616,-0.7150079,0.11543915,0.9705974,0.21122144
1356024415817,0.7599885,-0.021484405,-0.6495814,-0.63106906,0.21467665,-0.74543,0.15546508,0.9764489,0.14959364
1356024415857,0.75963795,-0.08804703,-0.6443585,-0.62110794,0.195521,-0.7589443,0.1928084,0.97673905,0.09383845
1356024415897,0.7444323,-0.13983963,-0.65289015,-0.62827295,0.18432269,-0.7558427,0.22603923,0.9728669,0.049358293
1356024415937,0.71660435,-0.17417473,-0.6753824,-0.6494378,0.18653268,-0.73718125,0.25437924,0.9668861,0.020554468
1356024415977,0.67660403,-0.18841761,-0.71183264,-0.68225956,0.20324364,-0.7022919,0.27699965,0.96082824,0.008965731
1356024416016,0.6239469,-0.18282911,-0.75977874,-0.72409344,0.23039487,-0.65008223,0.29390308,0.95576763,0.011368811
1356024416077,0.5588462,-0.16103593,-0.8134854,-0.7711358,0.25990722,-0.58120376,0.30502537,0.9521112,0.02106759
1356024416098,0.483374,-0.1301766,-0.86568105,-0.81916684,0.28148776,-0.49973035,0.30873188,0.95069385,0.029427499
1356024416138,0.40553504,-0.09973174,-0.90862256,-0.8622577,0.2882017,-0.416475,0.30340236,0.952362,0.030881435
1356024416178,0.33570814,-0.07793182,-0.9387367,-0.89626735,0.28021085,-0.3437828,0.28983578,0.9567698,0.024221301
1356024416216,0.28324193,-0.06875381,-0.9565809,-0.91988254,0.26265436,-0.29125375,0.27127495,0.96243733,0.011149257
1356024416258,0.2542197,-0.072684914,-0.9644113,-0.9340981,0.23999463,-0.2643167,0.25066537,0.9680493,-0.006883472
1356024416297,0.25164077,-0.08785948,-0.9638244,-0.94005406,0.21464548,-0.26500112,0.23016343,0.97273225,-0.028579116
1356024416337,0.2743836,-0.11058974,-0.9552401,-0.93841994,0.18609369,-0.2910966,0.20995647,0.97628844,-0.05271858
1356024416377,0.3177234,-0.13329455,-0.93876755,-0.9292264,0.15321518,-0.3362491,0.18865362,0.97916174,-0.07518077
1356024416416,0.37348795,-0.14184749,-0.91672575,-0.9129758,0.11878471,-0.39034012,0.16426182,0.98273575,-0.08513871
1356024416457,0.43259394,-0.11698341,-0.89396715,-0.89134634,0.09354323,-0.4435666,0.13551447,0.9887186,-0.063806474
1356024416497,0.49161056,-0.048383236,-0.86947,-0.8645716,0.09223023,-0.4939732,0.104091406,0.9945615,0.0035105944
1356024416537,0.5487315,0.052075237,-0.83437514,-0.83269894,0.12263392,-0.5399753,0.07420331,0.9910848,0.11065611
1356024416577,0.6054966,0.14703912,-0.7821467,-0.79419446,0.17495584,-0.58193266,0.05127427,0.9735348,0.22271281
1356024416616,0.66460335,0.20102009,-0.71964806,-0.74613464,0.22987182,-0.62485373,0.039818704,0.95223415,0.3027616
1356024416657,0.72537184,0.20229785,-0.65795994,-0.68702894,0.27211624,-0.6737537,0.04274264,0.9407595,0.33636993
1356024416697,0.7813311,0.16166711,-0.60281456,-0.621338,0.2925309,-0.72688705,0.058828205,0.9424911,0.3290134
1356024416737,0.8247344,0.09898968,-0.5567891,-0.55936235,0.28768888,-0.7773987,0.08322756,0.9525944,0.29263803
1356024416776,0.85220665,0.032367766,-0.52220315,-0.511423,0.2621554,-0.81836486,0.11040974,0.96448267,0.23996422
1356024416816,0.86491394,-0.030316994,-0.50100374,-0.48245412,0.22507402,-0.84651023,0.13842657,0.97386986,0.1800431
1356024416857,0.86464596,-0.08769798,-0.494668,-0.4735461,0.18651772,-0.8607934,0.16775419,0.97852963,0.11974276
1356024416897,0.8523747,-0.13916913,-0.5040728,-0.4839135,0.15543836,-0.8612007,0.1982048,0.97799325,0.0651459
1356024416937,0.8283132,-0.1823088,-0.5297743,-0.51170045,0.13891649,-0.84785897,0.22816652,0.9733785,0.021778867
1356024416977,0.7906771,-0.21242952,-0.57419807,-0.55635697,0.14214084,-0.81869584,0.25553215,0.9667831,-0.0057991296
1356024417016,0.7334754,-0.22399826,-0.6417465,-0.6198896,0.1668722,-0.7667402,0.2788381,0.9601971,-0.016457543
1356024417077,0.6428951,-0.20987669,-0.7366395,-0.70614433,0.21016479,-0.676159,0.29672575,0.9548731,-0.013089329
1356024417098,0.49084488,-0.16103211,-0.85623586,-0.81556296,0.26078352,-0.5165742,0.30647716,0.95187217,-0.0033275485
1356024417138,0.25372076,-0.07605824,-0.96428263,-0.9177668,0.29592705,-0.26482296,0.30549932,0.95217764,0.005279064
1356024417178,-0.039569676,0.020344287,-0.9990097,-0.95479107,0.29403257,0.043806016,0.29463258,0.9555789,0.0077897906
1356024417218,-0.29802907,0.089479595,-0.9503536,-0.91326237,0.2629357,0.3111538,0.2777238,0.9606551,0.0033559203
1356024417258,-0.4714384,0.11944437,-0.8737728,-0.8432442,0.22906542,0.48628,0.25823456,0.9660549,-0.0072695017
1356024417298,-0.5691215,0.1205661,-0.8133661,-0.78693855,0.20691997,0.5813018,0.23838693,0.97090054,-0.022884429
1356024417337,-0.6093334,0.10185304,-0.78634524,-0.7622758,0.19776767,0.6162983,0.21828553,0.97494304,-0.04286641
1356024417377,-0.60169685,0.06782952,-0.7958392,-0.7740439,0.19625884,0.6019456,0.1970202,0.97820324,-0.065585315
1356024417417,-0.54911995,0.024711668,-0.83537817,-0.8175316,0.19165075,0.54305816,0.17352077,0.98115206,-0.085036755
1356024417456,-0.46201015,-0.009504616,-0.8868237,-0.8745887,0.1707471,0.45380607,0.14710933,0.98526907,-0.08719951
1356024417497,-0.37385637,-0.0031638741,-0.9274812,-0.920006,0.128016,0.37040648,0.117560476,0.99176705,-0.050770342
1356024417537,-0.31773967,0.06079492,-0.946227,-0.9443152,0.06969774,0.32157576,0.08550006,0.99571395,0.035263836
1356024417577,-0.2944439,0.16253579,-0.94174564,-0.9541533,0.005475104,0.29926822,0.05379799,0.9866874,0.15347195
1356024417616,-0.27290463,0.2595674,-0.9263627,-0.9616122,-0.044849515,0.27072218,0.028723717,0.96468306,0.26184288
1356024417657,-0.22889966,0.3249135,-0.9176252,-0.9733099,-0.060396314,0.22140491,0.016516238,0.9438132,0.33006626
1356024417697,-0.15154457,0.35168025,-0.92377234,-0.9882637,-0.03574294,0.14851704,0.019212216,0.9354377,0.35296935
1356024417737,-0.04287088,0.34062907,-0.9392198,-0.99849224,0.01764828,0.05197698,0.03428042,0.94003206,0.339359
1356024417777,0.08586675,0.29499632,-0.95163226,-0.9946403,0.080601335,-0.06476182,0.057598323,0.9520927,0.3003362
1356024417817,0.2138522,0.22376475,-0.9508925,-0.97306204,0.13461486,-0.18716037,0.08612436,0.9653021,0.24652469
1356024417857,0.31960094,0.14081451,-0.9370307,-0.9401158,0.17077154,-0.29499012,0.11847925,0.97519654,0.18696076
1356024417897,0.39109415,0.05946049,-0.91842794,-0.9074483,0.19142199,-0.37402576,0.15356758,0.97970515,0.12882131
1356024417937,0.4243216,-0.009319574,-0.9054636,-0.8855084,0.2047466,-0.41707745,0.18927753,0.9787706,0.07862586
1356024417977,0.41720596,-0.055675745,-0.9071049,-0.88113475,0.21966973,-0.41874418,0.2225774,0.97398424,0.042589694
1356024418017,0.36651516,-0.071683645,-0.9276466,-0.8959233,0.24175195,-0.37266263,0.25097424,0.96768665,0.02438268
1356024418076,0.2679969,-0.05344954,-0.961936,-0.9238304,0.2690249,-0.27232885,0.2733406,0.96164894,0.022719532
1356024418098,0.12362048,-0.00491634,-0.99231744,-0.9493047,0.29067495,-0.11970222,0.28903034,0.9568093,0.031266272
1356024418138,-0.045490444,0.057417452,-0.99731326,-0.9538391,0.29417253,0.06044367,0.29685268,0.9540261,0.041384995
1356024418178,-0.20273545,0.10981992,-0.9730561,-0.933437,0.27865908,0.22593051,0.2959626,0.95409054,0.04601586
1356024418219,-0.3218732,0.13828027,-0.93663025,-0.90206945,0.25563556,0.34773728,0.28752124,0.95683277,0.04245609
1356024418257,-0.39724606,0.14375243,-0.90638334,-0.87563074,0.23627615,0.4212414,0.2747112,0.96099365,0.03201431
1356024418297,-0.4304257,0.13134426,-0.8930187,-0.86428744,0.2253071,0.44971544,0.26027104,0.96539396,0.016541183
1356024418337,-0.41992074,0.10370821,-0.90161586,-0.8737127,0.222588,0.4325282,0.24554563,0.9693808,-0.002858162
1356024418383,-0.35768574,0.06000209,-0.93191236,-0.9050318,0.22369409,0.36177123,0.23017031,0.97281075,-0.025708377
1356024418424,-0.22972399,-0.0026437044,-0.97325224,-0.9504258,0.21593261,0.22374961,0.20956534,0.97640467,-0.052117527
1356024418454,-0.017937928,-0.07041091,-0.9973568,-0.982207,0.1877496,0.0044107437,0.18694279,0.97968996,-0.07252598
1356024418497,0.14905679,-0.09157291,-0.9845793,-0.97619486,0.14502972,-0.16127625,0.15756178,0.9851806,-0.06777531
1356024418537,0.26014957,-0.05169961,-0.9641832,-0.9578365,0.11229798,-0.26445857,0.12194821,0.99232876,-0.020305514
1356024418577,0.30589232,0.046796322,-0.95091534,-0.9483714,0.102883905,-0.30001086,0.083794475,0.99359196,0.07585171
1356024418617,0.3133486,0.17126366,-0.93406713,-0.9483303,0.10803813,-0.29832435,0.049822748,0.9792837,0.19626808
1356024418657,0.32636312,0.2737384,-0.90474,-0.94486403,0.12163052,-0.30403632,0.02681762,0.9540824,0.2983412
1356024418697,0.3782978,0.3228547,-0.8675573,-0.9254902,0.15108812,-0.3473332,0.018939495,0.93431115,0.35595512
1356024418737,0.4735747,0.31180635,-0.8237134,-0.88032734,0.19667101,-0.4316762,0.02740115,0.92956835,0.36763006
1356024418777,0.5888197,0.25074703,-0.7683861,-0.8067617,0.24027187,-0.53981936,0.049263507,0.93776083,0.3437699
1356024418817,0.6910848,0.16239554,-0.7042936,-0.718504,0.26011777,-0.6450509,0.07844591,0.95182264,0.2964453
1356024418857,0.7609489,0.07153028,-0.6448567,-0.6395503,0.25002965,-0.72695285,0.109234154,0.9655923,0.23600702
1356024418897,0.79823077,-0.008684367,-0.6022892,-0.5860542,0.21982229,-0.77988374,0.13916941,0.9755013,0.17037939
1356024418937,0.80966365,-0.07580547,-0.58197796,-0.5622582,0.18410009,-0.80620897,0.16825725,0.97998,0.10643689
1356024418977,0.7993959,-0.12974304,-0.58662844,-0.56771636,0.15643811,-0.80822355,0.19663243,0.97912914,0.05139874
1356024419017,0.76660347,-0.16872567,-0.61955696,-0.60178727,0.14778742,-0.78486377,0.22398943,0.97452074,0.011757389
1356024419076,0.7022159,-0.18757749,-0.68680966,-0.6666341,0.16548318,-0.7267836,0.24998367,0.9682097,-0.0088406205
1356024419098,0.58206964,-0.17570937,-0.79392767,-0.7656671,0.21029082,-0.60789126,0.27376792,0.96171933,-0.0121310055
1356024419138,0.3632807,-0.11548823,-0.92449415,-0.8843245,0.2695874,-0.38117287,0.29325292,0.9560256,-0.004193157
1356024419178,0.027884334,-0.0025242865,-0.999608,-0.95207965,0.3046269,-0.027327776,0.30457646,0.95246845,0.0060909986
1356024419218,-0.30557257,0.110072464,-0.94578516,-0.90193534,0.2849059,0.32456312,0.30518523,0.9522146,0.012218773
1356024419258,-0.5223082,0.17234588,-0.8351593,-0.79971737,0.24101013,0.54987836,0.29605114,0.9550973,0.01194644
1356024419298,-0.6387597,0.19143587,-0.74521035,-0.7162842,0.20568973,0.66680485,0.2809325,0.9597104,0.005736232
1356024419337,-0.6957646,0.18629721,-0.6936894,-0.6680995,0.18675637,0.7202535,0.26373214,0.9645805,-0.005473435
1356024419377,-0.7122834,0.16626841,-0.6819144,-0.65721244,0.18310171,0.7311263,0.24642289,0.9689317,-0.021146595
1356024419417,-0.6876583,0.1320365,-0.7139274,-0.6889656,0.19151342,0.6990343,0.22902468,0.9725682,-0.04072714
1356024419457,-0.602489,0.07991108,-0.7941167,-0.7698965,0.20409787,0.6046515,0.21039587,0.9756835,-0.061443448
1356024419497,-0.42779696,0.014068574,-0.90376544,-0.8839475,0.20228654,0.4215651,0.18875042,0.9792254,-0.074101746
1356024419536,-0.18962935,-0.030282587,-0.9813887,-0.96832883,0.17111024,0.18182588,0.16241947,0.9847864,-0.061771035
1356024419577,-0.007186234,-0.0047129095,-0.99996305,-0.9914584,0.13025993,0.006511241,0.13022438,0.99146867,-0.005608678
1356024419617,0.07378906,0.08711398,-0.9934617,-0.9928802,0.09982425,-0.06499252,0.09350976,0.99118423,0.09385967
1356024419657,0.10010624,0.20252678,-0.97414654,-0.9933121,0.076951504,-0.08607739,0.057529032,0.97624856,0.20887569
1356024419697,0.14253151,0.2942636,-0.9450363,-0.9893209,0.071754515,-0.12686783,0.03047803,0.95302683,0.30134842
1356024419736,0.24039108,0.33684802,-0.9103546,-0.9704915,0.10169381,-0.21864238,0.01892811,0.93605113,0.35135448
1356024419777,0.39441305,0.32030618,-0.8613027,-0.91858864,0.16309446,-0.35999325,0.025165677,0.9331689,0.35855615
1356024419817,0.56479484,0.25140002,-0.7860056,-0.8240024,0.22376633,-0.52052736,0.045020968,0.9416616,0.33353633
1356024419857,0.702315,0.15591282,-0.69458246,-0.7082134,0.251751,-0.65958714,0.07202375,0.9551506,0.28722808
1356024419897,0.78891885,0.061540186,-0.6114081,-0.6060448,0.2423819,-0.7576019,0.10157129,0.9682271,0.22851577
1356024419936,0.8338667,-0.019267797,-0.55162954,-0.5359374,0.21082851,-0.8175099,0.13205084,0.9773332,0.16547656
1356024419977,0.85191965,-0.08722398,-0.51635736,-0.49735484,0.17388874,-0.8499418,0.16392405,0.980895,0.104757965
1356024420032,0.85379905,-0.15208253,-0.4978937,-0.47905502,0.1448757,-0.86574674,0.2037977,0.97769225,0.050838836
1356024420078,0.82631004,-0.19397639,-0.5287578,-0.50945055,0.14288208,-0.8485545,0.24014954,0.97054505,0.019243523
1356024420104,0.7815609,-0.21662588,-0.5850091,-0.5626548,0.16020724,-0.8110198,0.26941055,0.9630196,0.0033261478
1356024420137,0.72489154,-0.22133416,-0.65233696,-0.6237278,0.1910688,-0.757929,0.2923968,0.956297,4.518777E-4
1356024420177,0.64753777,-0.2018741,-0.73480725,-0.69725335,0.23210007,-0.678209,0.3074617,0.95151275,0.009536147
1356024420217,0.53617096,-0.15901199,-0.8289969,-0.78458834,0.2683711,-0.55892575,0.31135476,0.95010114,0.019133836
1356024420257,0.4063458,-0.10807189,-0.90730566,-0.8616458,0.28510854,-0.41985673,0.30405527,0.9523831,0.022732973
1356024420296,0.29132378,-0.068840176,-0.95414436,-0.9118551,0.28157163,-0.29872683,0.28922442,0.9570676,0.019256234
1356024420336,0.21714655,-0.051407874,-0.9747844,-0.9377955,0.26615027,-0.22294292,0.27090013,0.9625597,0.009583592
1356024420377,0.19219515,-0.055442482,-0.9797894,-0.94846165,0.24583784,-0.19996098,0.25195563,0.9677242,-0.005336225
1356024420417,0.21352702,-0.07607421,-0.9739707,-0.9486588,0.22198844,-0.22531676,0.23335105,0.97207713,-0.024767935
1356024420457,0.2706681,-0.105896115,-0.9568306,-0.93853366,0.19215594,-0.28675884,0.21422735,0.97563416,-0.047376603
1356024420497,0.34739584,-0.13205779,-0.9283732,-0.91766965,0.15575188,-0.36554575,0.19286898,0.97892904,-0.067077845
1356024420536,0.42409456,-0.13552019,-0.8954206,-0.8899355,0.12084305,-0.43978605,0.16780525,0.98337746,-0.06935537
1356024420577,0.48556143,-0.096563786,-0.8688529,-0.86319125,0.1042902,-0.49398816,0.13831419,0.9898479,-0.03271374
1356024420617,0.53098917,-0.011871964,-0.8472954,-0.8407637,0.117313296,-0.52853954,0.10567388,0.993024,0.052310556
1356024420657,0.56609094,0.09678286,-0.81864166,-0.8210387,0.15502173,-0.54942125,0.073732674,0.9831589,0.16721886
1356024420697,0.60346305,0.18829843,-0.77483934,-0.79587317,0.20215948,-0.5707167,0.049176097,0.96108025,0.27185744
1356024420736,0.6538242,0.23102626,-0.7205142,-0.7556571,0.24804921,-0.60617965,0.03867948,0.9407967,0.33675727
1356024420777,0.7168911,0.21707894,-0.6625284,-0.69568825,0.28497446,-0.6593993,0.045661986,0.9336307,0.3553149
1356024420817,0.7792722,0.1619644,-0.60539436,-0.6231389,0.3028903,-0.72107935,0.066578954,0.9391619,0.33696032
1356024420857,0.8272748,0.08913323,-0.5546816,-0.5537838,0.2955508,-0.7784429,0.09455149,0.9511599,0.29386225
1356024420897,0.8559083,0.017034858,-0.516847,-0.50208163,0.26671097,-0.82266605,0.12383479,0.963626,0.236833
1356024420936,0.8670303,-0.046702728,-0.49606174,-0.47439855,0.22700286,-0.85053843,0.1523299,0.9727736,0.17466265
1356024420977,0.863901,-0.10220717,-0.49318224,-0.4701572,0.1875239,-0.86243093,0.18063009,0.9769281,0.11394865
1356024421017,0.84761995,-0.14881171,-0.5093088,-0.48782426,0.15903795,-0.8583323,0.20872931,0.9759928,0.062209785
1356024421079,0.81843424,-0.18477708,-0.5440797,-0.5237193,0.14967552,-0.838639,0.23639667,0.971316,0.02572824
1356024421098,0.7745073,-0.20685916,-0.59778565,-0.5751679,0.16304234,-0.80162275,0.26328737,0.96468985,0.0072987378
1356024421138,0.71241283,-0.21148744,-0.6691345,-0.6399033,0.19565591,-0.74313027,0.28808287,0.95759696,0.00405626
1356024421178,0.628053,-0.19550097,-0.7532123,-0.71493155,0.23724869,-0.65771264,0.30728203,0.95157367,0.009234965
1356024421218,0.5182767,-0.15996495,-0.84011936,-0.7947115,0.27283344,-0.5422136,0.3159478,0.94866914,0.01427722
1356024421259,0.3915568,-0.115333974,-0.91289717,-0.86558515,0.29040712,-0.4079534,0.3121627,0.9499272,0.013879538
1356024421298,0.26613826,-0.07604802,-0.96093035,-0.9164673,0.2890101,-0.2766961,0.2987608,0.95430064,0.0072211027
1356024421355,0.16021407,-0.05151573,-0.985737,-0.94652116,0.27531213,-0.16822827,0.28005177,0.9599736,-0.0046518445
1356024421377,0.08268854,-0.043557674,-0.9956231,-0.9621525,0.2568179,-0.09114435,0.2596639,0.9654778,-0.020673275
1356024421417,0.035353333,-0.050576895,-0.9980942,-0.9704324,0.23687533,-0.046376765,0.23876944,0.97022265,-0.04070711
1356024421454,0.016103745,-0.06881112,-0.9974997,-0.9760142,0.21554196,-0.03062573,0.21711043,0.9740671,-0.06368959
1356024421497,0.01976186,-0.09151858,-0.99560726,-0.9810162,0.19036883,-0.03697142,0.19291613,0.9774375,-0.08601916
1356024421536,0.040804982,-0.103957444,-0.9937443,-0.98544943,0.16005242,-0.057207733,0.16499835,0.9816191,-0.09591389
1356024421577,0.07046002,-0.08191699,-0.9941454,-0.98861116,0.12712514,-0.08054277,0.13297871,0.9884982,-0.07202679
1356024421617,0.10384908,-0.007328391,-0.9945661,-0.98974085,0.09789392,-0.10406652,0.098124534,0.9951699,0.002913028
1356024421657,0.13765168,0.11171791,-0.9841602,-0.98845613,0.07899213,-0.12928566,0.06329739,0.99059546,0.12130162
1356024421697,0.17153558,0.2340585,-0.95697033,-0.9845686,0.07488611,-0.15816665,0.0346435,0.9693341,0.24329227
1356024421737,0.20719361,0.31823206,-0.9250941,-0.97810006,0.08650029,-0.18930936,0.019776583,0.9440583,0.32918513
1356024421777,0.24650794,0.34917268,-0.9040532,-0.96884966,0.1116488,-0.22105384,0.023750484,0.9303832,0.3658182
1356024421817,0.28848442,0.3337044,-0.8974509,-0.9564298,0.1444172,-0.25374368,0.044931978,0.9315499,0.3608269
1356024421857,0.32848978,0.28555286,-0.9003078,-0.941378,0.17651439,-0.28748935,0.07682386,0.9419672,0.32679632
1356024421897,0.36070037,0.21895868,-0.9066159,-0.9259872,0.20032787,-0.32002577,0.11154801,0.95494807,0.2750113
1356024421936,0.3801596,0.14639601,-0.91326165,-0.9136845,0.21288261,-0.34621045,0.14373371,0.96604824,0.2146891
1356024421977,0.38453144,0.07519674,-0.920044,-0.9068271,0.21715564,-0.36125892,0.17262727,0.97323626,0.15169361
1356024422017,0.37139294,0.012659013,-0.92838955,-0.9068291,0.21959963,-0.3597736,0.19931963,0.975508,0.09303728
1356024422081,0.33980453,-0.03406906,-0.9398788,-0.91314954,0.22728233,-0.33837938,0.22514609,0.97323275,0.04612142
1356024422098,0.2876798,-0.05769071,-0.9559876,-0.92426467,0.24482585,-0.29290807,0.25094858,0.96784925,0.01710996
1356024422138,0.2136626,-0.05513382,-0.9753505,-0.93691665,0.27117398,-0.22057194,0.27665064,0.9609501,0.006283939
1356024422178,0.1191735,-0.02925238,-0.99244237,-0.94658935,0.29828206,-0.12245926,0.2996099,0.9540293,0.007857382
1356024422218,0.009647548,0.009448916,-0.99990886,-0.949355,0.3141446,-0.006191224,0.31405753,0.9493282,0.012001097
1356024422257,-0.1005781,0.045437127,-0.993891,-0.94328225,0.3133156,0.1097804,0.31638965,0.9485613,0.011347413
1356024422297,-0.1966438,0.067191005,-0.97817004,-0.9309354,0.30031338,0.20777678,0.3077183,0.9514711,0.0034956932
1356024422336,-0.2678714,0.07154557,-0.96079457,-0.91803825,0.28361544,0.2770703,0.29231933,0.95626545,-0.010290861
1356024422377,-0.30712485,0.058667004,-0.9498592,-0.91153693,0.26865554,0.3113271,0.2734496,0.9614481,-0.02903366
1356024422417,-0.30741003,0.02975145,-0.951112,-0.91723907,0.25681743,0.3044953,0.25332135,0.96600187,-0.051659107
1356024422457,-0.261252,-0.014354378,-0.9651638,-0.9369371,0.24425286,0.2499789,0.23215577,0.9696053,-0.07726073
1356024422498,-0.16170096,-0.06841913,-0.9844651,-0.9643961,0.22250408,0.14294085,0.20926762,0.972528,-0.10196227
1356024422536,-0.015833825,-0.113868386,-0.9933697,-0.98284006,0.18437877,-0.005469024,0.18377903,0.9762369,-0.11483383
1356024422577,0.14289811,-0.11839566,-0.9826304,-0.97762823,0.13794306,-0.15879115,0.15434718,0.98333824,-0.09603512
1356024422617,0.28114262,-0.061120898,-0.9577176,-0.9521934,0.10653064,-0.28631967,0.11952633,0.9924291,-0.028248608
1356024422657,0.38635433,0.047842592,-0.92110884,-0.9188582,0.10678512,-0.37986395,0.08018708,0.99313045,0.08521742
1356024422697,0.47441238,0.16375622,-0.8649375,-0.8791672,0.13802707,-0.4560851,0.04469806,0.9767971,0.2094508
1356024422737,0.5705391,0.23554346,-0.7867684,-0.8208977,0.19241694,-0.5376827,0.024739921,0.95262533,0.30313846
1356024422777,0.6841171,0.23958871,-0.68889844,-0.72896636,0.25610137,-0.63483864,0.024327666,0.93648773,0.34985542
1356024422817,0.7975484,0.18377382,-0.5745813,-0.6019249,0.30563998,-0.73774695,0.04003644,0.9342437,0.35438073
1356024422857,0.88560855,0.09712842,-0.45416248,-0.4598188,0.32086432,-0.82801735,0.06530051,0.94213176,0.32882166
1356024422897,0.9391542,0.008973718,-0.34337857,-0.330138,0.29964507,-0.8951099,0.094859235,0.9540086,0.2843755
1356024422937,0.9655219,-0.06655879,-0.2516693,-0.2276312,0.25317752,-0.940258,0.12629946,0.96512747,0.22929758
1356024422977,0.97528386,-0.12771818,-0.18030411,-0.15362716,0.19454196,-0.9687891,0.15880871,0.97254395,0.17011264
1356024423017,0.9760196,-0.17693257,-0.12680912,-0.10361209,0.13472247,-0.98545134,0.19144249,0.9749588,0.11315942
1356024423078,0.97222435,-0.21697521,-0.08775923,-0.07122717,0.082888514,-0.99401027,0.2229498,0.9726518,0.065131694
1356024423098,0.966291,-0.2504903,-0.05946724,-0.049623117,0.045439273,-0.9977339,0.2526248,0.96705216,0.03147745
1356024423138,0.9593664,-0.27959716,-0.037968136,-0.032689936,0.023518562,-0.9991888,0.2802633,0.95982933,0.013422906
1356024423178,0.952598,-0.30355406,-0.020298943,-0.017222479,0.01280877,-0.9997697,0.30374414,0.95272815,0.006973652
1356024423218,0.94784635,-0.3186816,-0.005416468,-0.0035026073,0.0065782648,-0.9999722,0.31870836,0.947839,0.0051189642
1356024423258,0.94676054,-0.32186797,0.0067369193,0.0068340898,-8.280594E-4,-0.99997634,0.32186592,0.9467842,0.0014156979
1356024423297,0.94940263,-0.31357783,0.017421052,0.014314845,-0.012205692,-0.9998231,0.31373495,0.9494841,-0.0070993025
1356024423337,0.95449114,-0.2968239,0.029021472,0.021602869,-0.028243542,-0.99936754,0.29745585,0.95451444,-0.02054596
1356024423377,0.96045333,-0.27505547,0.043288328,0.031090163,-0.04855627,-0.9983365,0.27669984,0.96020144,-0.038084507
1356024423417,0.9663888,-0.2504551,0.058008097,0.04121741,-0.07177743,-0.9965687,0.25375938,0.96546376,-0.059041798
1356024423457,0.97231007,-0.22428276,0.065654375,0.045142308,-0.09539488,-0.99441546,0.22929332,0.9698439,-0.08262876
1356024423497,0.97871006,-0.19838068,0.05264613,0.030273817,-0.11416599,-0.99300027,0.20300248,0.97345316,-0.10572967
1356024423537,0.9844192,-0.1758104,-0.0030810162,-0.023888968,-0.1163615,-0.99291956,0.17420706,0.97752273,-0.11874843
1356024423577,0.97734785,-0.15625238,-0.14274582,-0.15671468,-0.081008255,-0.9843162,0.14223814,0.9843896,-0.103660285
1356024423617,0.8859305,-0.11519009,-0.44928658,-0.45120895,0.010288956,-0.892359,0.10741359,0.9932902,-0.042859495
1356024423657,0.48108047,0.02014193,-0.87644506,-0.87375975,0.092498705,-0.47748077,0.07145265,0.995509,0.062098533
1356024423697,-0.029608488,0.18093482,-0.9830493,-0.99868464,0.035832524,0.0366745,0.04186082,0.9828421,0.17963591
1356024423738,-0.26345062,0.26814708,-0.92665577,-0.9642705,-0.045458913,0.2609901,0.027858973,0.96230483,0.2705425
1356024423777,-0.3432663,0.30818683,-0.88723683,-0.9386732,-0.07980633,0.3354455,0.032572776,0.94797254,0.31668144
1356024423817,-0.3628193,0.31767717,-0.87603843,-0.9304211,-0.071282625,0.35949326,0.0517565,0.94551575,0.32143626
1356024423857,-0.35869294,0.30436662,-0.88244003,-0.93016744,-0.037266195,0.36523947,0.07828152,0.95182574,0.296479
1356024423897,-0.34762943,0.2749588,-0.8964103,-0.9315892,0.0070809126,0.3634438,0.10627943,0.9614299,0.25368714
1356024423937,-0.33932734,0.2360211,-0.9105773,-0.9311556,0.05303955,0.36074367,0.13343978,0.97029936,0.2017746
