1356023687726,0.991353,0.1312195,8.488372E-4,-0.009500407,0.078223586,-0.99689054,-0.13087788,0.9882623,0.07879382
1356023687880,0.47957098,0.13806897,-0.8665729,-0.8681379,-0.06924248,-0.49146926,-0.12786031,0.9879992,0.08665621
1356023687929,0.5209632,0.14489841,-0.84119076,-0.8442772,-0.057620555,-0.5328001,-0.12567174,0.98776734,0.092316195
1356023687969,0.54787314,0.1498552,-0.8230301,-0.8273796,-0.048298627,-0.55956256,-0.123604566,0.9875276,0.0975256
1356023688007,0.57323784,0.1540198,-0.8047834,-0.810323,-0.03914237,-0.5846747,-0.12155259,0.9872922,0.10236791
1356023688059,0.60002255,0.15722814,-0.7843802,-0.7910398,-0.029592484,-0.61104864,-0.11928573,0.9871189,0.106617495
1356023688105,0.63470805,0.15894905,-0.7562281,-0.76379025,-0.019567698,-0.6451678,-0.117346495,0.98709285,0.10898396
1356023688148,0.66848665,0.15843907,-0.72665167,-0.7346381,-0.01158762,-0.67836034,-0.11589891,0.98730075,0.10864919
1356023688193,0.69829774,0.15662128,-0.6984626,-0.70651156,-0.0059390366,-0.70767665,-0.11498538,0.98764086,0.10650751
1356023688241,0.72258514,0.15354353,-0.6740142,-0.6816948,-0.0035502762,-0.73162794,-0.11472967,0.98813546,0.102104455
1356023688283,0.74028236,0.15055773,-0.65522087,-0.66240406,-0.0032282472,-0.7491398,-0.11490399,0.98859596,0.097340226
1356023688321,0.75195706,0.14808163,-0.64236474,-0.6490265,-0.0043299943,-0.7607536,-0.115435004,0.9889657,0.0928529
1356023688362,0.75856113,0.14633149,-0.6349584,-0.64115816,-0.00614579,-0.7673842,-0.116194755,0.98921657,0.089159675
1356023688402,0.76131225,0.14530154,-0.63189495,-0.63771164,-0.00830698,-0.77023053,-0.11716476,0.9893526,0.086336255
1356023688446,0.76247454,0.14455295,-0.630664,-0.6361639,-0.01030153,-0.7714852,-0.118017286,0.9894434,0.08410472
1356023688481,0.7581938,0.14353457,-0.6360346,-0.64114666,-0.013357997,-0.7673022,-0.11863053,0.9895552,0.08189874
1356023688520,0.7548864,0.14216113,-0.6402631,-0.64496285,-0.016272604,-0.76404065,-0.11903557,0.9897098,0.07940466
1356023688560,0.7528583,0.14026687,-0.6430627,-0.647274,-0.019359723,-0.76201147,-0.11933446,0.9899245,0.076215975
1356023688599,0.7518666,0.13797137,-0.64471745,-0.64838314,-0.022602484,-0.7609785,-0.11956546,0.9901783,0.072464265
1356023688643,0.751599,0.13563377,-0.6455249,-0.64868945,-0.025436297,-0.76062804,-0.11958665,0.99043244,0.06886631
1356023688679,0.7518766,0.13359311,-0.6456271,-0.64844894,-0.027121454,-0.7607748,-0.11914468,0.990665,0.06623635
1356023688721,0.7525352,0.1321232,-0.6451621,-0.6478821,-0.027103066,-0.76125824,-0.118065804,0.9908626,0.06520426
1356023688779,0.75344205,0.13128749,-0.64427376,-0.6471667,-0.025079444,-0.7619359,-0.11619067,0.99102706,0.06606898
1356023688799,0.75447255,0.13095587,-0.6431343,-0.6464197,-0.021389827,-0.7626822,-0.11363423,0.9911574,0.068514414
1356023688841,0.7549198,0.13110209,-0.64257944,-0.6464647,-0.016121313,-0.7627735,-0.11036047,0.99123776,0.07258258
1356023688880,0.7539857,0.13167676,-0.6435579,-0.64813006,-0.010346234,-0.76145935,-0.10692489,0.9912387,0.07754278
1356023688920,0.75068676,0.13298076,-0.64713633,-0.6524921,-0.0043010414,-0.75778323,-0.10355398,0.9911092,0.083540164
1356023688962,0.74356973,0.13562095,-0.65476024,-0.6610112,0.00141868,-0.75037473,-0.10083762,0.9907598,0.09070185
1356023689000,0.73124814,0.14047,-0.6674911,-0.6747737,0.0058185905,-0.7380018,-0.09978324,0.99006784,0.09904028
1356023689041,0.7122734,0.14864528,-0.68598187,-0.6945,0.007690668,-0.71945155,-0.101667434,0.9888607,0.10871202
1356023689082,0.68690836,0.16005528,-0.70890003,-0.7188211,0.0059899986,-0.6951693,-0.107019186,0.9870899,0.11916568
1356023689119,0.65598893,0.17421356,-0.73438966,-0.74578476,-8.2314014E-5,-0.6661871,-0.116119236,0.984708,0.12987179
1356023689161,0.6219659,0.18960175,-0.7597431,-0.77243555,-0.010610104,-0.6350045,-0.12845892,0.9818038,0.13985601
1356023689201,0.58729273,0.20478198,-0.7830399,-0.7965529,-0.025283754,-0.60403985,-0.1434947,0.978481,0.14827073
1356023689240,0.5562166,0.21771106,-0.80201304,-0.8157065,-0.04149002,-0.57697606,-0.15888962,0.9751309,0.15451092
1356023689282,0.5297188,0.22800502,-0.8169527,-0.8300806,-0.058521867,-0.554564,-0.17425299,0.9718996,0.15826242
1356023689320,0.5100695,0.23487297,-0.8274442,-0.839556,-0.07321319,-0.53831744,-0.18701601,0.969265,0.15984516
1356023689360,0.4988888,0.23800483,-0.83334494,-0.84417117,-0.08420521,-0.5294192,-0.19617629,0.967607,0.15890776
1356023689399,0.49665534,0.23738578,-0.8348541,-0.84417963,-0.09144151,-0.52820396,-0.20172831,0.96710217,0.15498126
1356023689440,0.50359875,0.23310918,-0.8318945,-0.8392332,-0.0966267,-0.53511757,-0.20512405,0.9676381,0.14697191
1356023689479,0.51914346,0.22537985,-0.8244356,-0.828784,-0.102930814,-0.55002034,-0.20882335,0.9688184,0.13335538
1356023689522,0.54005563,0.21518487,-0.8136556,-0.81356865,-0.1140801,-0.5701684,-0.21551347,0.96988726,0.11345804
1356023689559,0.5601368,0.20470339,-0.80270994,-0.79676396,-0.13209984,-0.5896752,-0.22674641,0.96986914,0.08910632
1356023689602,0.5746444,0.19580686,-0.7946342,-0.7819111,-0.15534884,-0.6037233,-0.24165869,0.96825945,0.063833214
1356023689640,0.58292496,0.18869963,-0.7903106,-0.7708286,-0.17915574,-0.6113317,-0.25694677,0.9655546,0.041020714
1356023689680,0.58595055,0.1825751,-0.78951144,-0.764762,-0.19757658,-0.613272,-0.2679572,0.9631354,0.023856401
1356023689722,0.58487594,0.1769129,-0.7915945,-0.7641855,-0.20698342,-0.61088324,-0.27192008,0.962216,0.014134675
1356023689778,0.5788034,0.17126733,-0.79727924,-0.7695934,-0.20857364,-0.603509,-0.26965275,0.9628939,0.011083066
1356023689800,0.56952506,0.16554904,-0.80513024,-0.77937305,-0.20248485,-0.59293973,-0.26118723,0.9651909,0.013704263
1356023689839,0.55716467,0.15894425,-0.8150486,-0.7925939,-0.19100168,-0.57906234,-0.24771431,0.9686357,0.01955887
1356023689880,0.5422375,0.15089563,-0.82656455,-0.80787516,-0.17671186,-0.56223714,-0.23090291,0.97262704,0.026085064
1356023689919,0.525614,0.1409294,-0.8389689,-0.82386726,-0.1615111,-0.54328334,-0.2120674,0.97675633,0.03121464
1356023689962,0.5088106,0.12823772,-0.85127366,-0.8390664,-0.14731032,-0.52370536,-0.19256017,0.980742,0.032646894
1356023689999,0.49852106,0.110967875,-0.8597458,-0.8491809,-0.13686058,-0.5100597,-0.17426556,0.9843552,0.026003927
1356023690042,0.5123181,0.08683205,-0.8543948,-0.8435023,-0.13604027,-0.51961243,-0.161351,0.9868908,0.0035470873
1356023690082,0.5888578,0.05631149,-0.8062726,-0.79188997,-0.15941954,-0.5894877,-0.1617305,0.9856036,-0.049282968
1356023690120,0.7166593,0.036153466,-0.6964857,-0.67420375,-0.21962976,-0.7051326,-0.17846197,0.9749131,-0.13302493
1356023690161,0.82917565,0.041195527,-0.5574681,-0.5162172,-0.32615966,-0.79192156,-0.21444722,0.9444167,-0.24917781
1356023690200,0.8864485,0.0657381,-0.4581347,-0.38861215,-0.43190524,-0.81390315,-0.25137526,0.89952,-0.35731515
1356023690242,0.9115802,0.094973624,-0.400002,-0.30137822,-0.5073926,-0.80729425,-0.2796297,0.85646534,-0.43390605
1356023690282,0.92338336,0.12373659,-0.36339027,-0.24396548,-0.5417148,-0.8043793,-0.29638505,0.8314051,-0.47002295
1356023690321,0.9288853,0.14967385,-0.33877704,-0.21076262,-0.5385391,-0.8158154,-0.30455092,0.82920045,-0.4686954
1356023690359,0.9314172,0.17190209,-0.3207985,-0.19588423,-0.5061015,-0.8399349,-0.30674317,0.8451691,-0.43771875
1356023690402,0.93272316,0.18992133,-0.3065247,-0.19448008,-0.4508745,-0.87114275,-0.30365276,0.8721479,-0.38360518
1356023690441,0.9328052,0.20281272,-0.29789507,-0.20571871,-0.37903553,-0.9022261,-0.29589576,0.90288377,-0.31184393
1356023690480,0.9281576,0.20787302,-0.30872676,-0.23843563,-0.30482447,-0.9220795,-0.2857829,0.92944664,-0.23336083
1356023690523,0.8979908,0.19751,-0.39319494,-0.34365743,-0.2432487,-0.9070444,-0.27479455,0.94964194,-0.1505593
1356023690579,0.7523878,0.15669352,-0.6398123,-0.603136,-0.22663732,-0.76476306,-0.26483876,0.9612922,-0.07601166
1356023690598,0.41220915,0.098262995,-0.9057748,-0.8738425,-0.23871398,-0.4235739,-0.25784284,0.9661055,-0.01253365
1356023690637,0.288265,0.11065012,-0.95113605,-0.9227448,-0.23327398,-0.30679813,-0.2558226,0.9660951,0.034857154
1356023690674,0.34839734,0.15516296,-0.92441535,-0.9003762,-0.21884593,-0.37607065,-0.26065683,0.9633436,0.063459724
1356023690718,0.43532753,0.19049868,-0.8798864,-0.85814834,-0.20765781,-0.4695312,-0.27216038,0.959473,0.07307698
1356023690779,0.4979445,0.20982468,-0.8414421,-0.8184029,-0.2072173,-0.53598285,-0.28682384,0.9555284,0.068538435
1356023690799,0.5375117,0.21710202,-0.81482995,-0.78802145,-0.21464667,-0.57701737,-0.30017212,0.9522571,0.055705927
1356023690842,0.56032157,0.2159985,-0.79961514,-0.76938057,-0.22179714,-0.5990487,-0.30674604,0.9508683,0.04190737
1356023690881,0.57113206,0.20876303,-0.79386777,-0.76261556,-0.22285184,-0.6072516,-0.30368656,0.95223683,0.031928092
1356023690920,0.5709754,0.19725996,-0.79691637,-0.7670978,-0.21764252,-0.60348386,-0.2924861,0.95588714,0.027049147
1356023690961,0.560956,0.18293357,-0.8073807,-0.7809734,-0.20657316,-0.5894132,-0.2746067,0.96117777,0.026987843
1356023690999,0.5363727,0.16650102,-0.8273945,-0.80480826,-0.19429988,-0.5608308,-0.25414157,0.96670824,0.029784232
1356023691042,0.4999581,0.14844006,-0.8532336,-0.83524805,-0.17776608,-0.520346,-0.2289162,0.97281283,0.03510864
1356023691081,0.436094,0.12638724,-0.89098155,-0.87713647,-0.1615895,-0.45223916,-0.2011306,0.9787313,0.0403907
1356023691120,0.34171513,0.09821963,-0.934657,-0.9241853,-0.14543852,-0.35317022,-0.17062339,0.98447984,0.041074604
1356023691162,0.20397004,0.055067867,-0.9774271,-0.96843386,-0.13478532,-0.20968714,-0.14328983,0.9893435,0.025837421
1356023691200,0.05242628,-0.011894405,-0.99855393,-0.9900896,-0.13107365,-0.050420552,-0.13028437,0.9913013,-0.018648267
1356023691239,0.07082957,-0.093351096,-0.9931106,-0.9873152,-0.14839119,-0.056467623,-0.14209753,0.9845128,-0.102677464
1356023691280,0.34531337,-0.1414007,-0.92777395,-0.9219917,-0.23565072,-0.30724603,-0.17518577,0.96149606,-0.21174362
1356023691319,0.5830979,-0.13504851,-0.80109847,-0.7836311,-0.35359818,-0.51077455,-0.21428761,0.92559725,-0.31201053
1356023691360,0.65645677,-0.13246474,-0.74264234,-0.71344924,-0.42883033,-0.5541613,-0.2450607,0.8936205,-0.37601542
1356023691401,0.5908165,-0.17599985,-0.7873754,-0.7621454,-0.44194096,-0.473099,-0.2647081,0.8796091,-0.39524347
1356023691439,0.33696038,-0.28403783,-0.89765257,-0.90013385,-0.37674624,-0.21868068,-0.27607363,0.88169426,-0.38262066
1356023691483,-0.28252017,-0.41284576,-0.8658757,-0.9175372,-0.14701837,0.36947414,-0.2798355,0.898857,-0.33726567
1356023691519,-0.70557564,-0.3925233,-0.58999026,-0.6519482,0.03327626,0.75753295,-0.2777167,0.91913986,-0.27938378
1356023691560,-0.8634781,-0.33287764,-0.3789434,-0.42625737,0.07994604,0.9010623,-0.26964846,0.939575,-0.21092325
1356023691599,-0.9178227,-0.2882817,-0.2729379,-0.3012475,0.057979822,0.95178163,-0.25855637,0.9557886,-0.14005935
1356023691641,-0.9385991,-0.25811604,-0.22892757,-0.23991834,0.01147294,0.9707253,-0.24793328,0.96604586,-0.072695255
1356023691679,-0.9441235,-0.23811108,-0.2278903,-0.2243782,-0.042128503,0.97359115,-0.24142347,0.97032386,-0.0136525035
1356023691721,-0.9367884,-0.22504231,-0.2679244,-0.25262153,-0.09480041,0.96290976,-0.24209478,0.96972615,0.031957388
1356023691775,-0.9104517,-0.21528421,-0.35317206,-0.32809305,-0.14403534,0.93359995,-0.2518586,0.965871,0.0605039
1356023691800,-0.8510086,-0.2021679,-0.48467776,-0.45099035,-0.19150811,0.871741,-0.26905778,0.96044403,0.07179928
1356023691841,-0.74161744,-0.17909743,-0.64647335,-0.60499704,-0.2377519,0.75990313,-0.28979695,0.9546718,0.067967474
1356023691889,-0.58622265,-0.14274693,-0.797475,-0.7501947,-0.27598226,0.60086745,-0.30586097,0.95050365,0.054699063
1356023691931,-0.43202037,-0.10036826,-0.8962616,-0.84666175,-0.2972108,0.44139525,-0.31068066,0.949522,0.043423116
1356023691969,-0.32595247,-0.06684619,-0.94301987,-0.89533937,-0.29841948,0.33062539,-0.30351654,0.952091,0.03742057
1356023692011,-0.2763211,-0.04624808,-0.95995194,-0.91700023,-0.2862956,0.27775055,-0.28767544,0.9570245,0.03669998
1356023692049,-0.28000242,-0.03742221,-0.95926964,-0.9223751,-0.26651686,0.2796303,-0.26612592,0.96310353,0.040108055
1356023692090,-0.33318365,-0.037764966,-0.94210535,-0.911704,-0.24184275,0.33212638,-0.24038404,0.9695803,0.046147585
1356023692131,-0.43178338,-0.043300807,-0.9009374,-0.8774236,-0.21130824,0.43067002,-0.2090239,0.97645986,0.05324632
1356023692170,-0.5635975,-0.051820815,-0.8244225,-0.80738485,-0.17640173,0.56303823,-0.17460671,0.9829532,0.057580292
1356023692213,-0.68525255,-0.06095949,-0.72574997,-0.71472776,-0.13523352,0.6862043,-0.13997635,0.9889368,0.049099565
1356023692250,-0.76957697,-0.07831374,-0.63373363,-0.6279309,-0.08746463,0.7733388,-0.11599231,0.99308455,0.01813519
1356023692289,-0.7632681,-0.1220566,-0.6344478,-0.635548,-0.034758687,0.77127856,-0.11619219,0.99191433,-0.051042676
1356023692329,-0.6050418,-0.2093924,-0.76816607,-0.7832372,-0.01681292,0.6214955,-0.14305153,0.9776871,-0.15383142
1356023692369,-0.24699992,-0.29878396,-0.9218021,-0.9517959,-0.10373157,0.28865942,-0.18186682,0.94866633,-0.25875962
1356023692407,0.096989214,-0.32120907,-0.9420285,-0.9713613,-0.23682559,-0.019257426,-0.21691081,0.91691786,-0.3349796
1356023692452,0.25037205,-0.31074506,-0.9169249,-0.9376642,-0.3136261,-0.1497474,-0.24103838,0.8972603,-0.36989775
1356023692489,0.23135287,-0.3091477,-0.92244434,-0.93878317,-0.31972766,-0.1282973,-0.25526825,0.8956572,-0.36419252
1356023692531,0.0779998,-0.31938654,-0.944409,-0.9619481,-0.27293,0.012852877,-0.26186255,0.90746987,-0.3285218
1356023692571,-0.20152462,-0.32485673,-0.9240432,-0.9440595,-0.18699783,0.27163103,-0.2610353,0.9270922,-0.2689994
1356023692615,-0.46795934,-0.3020008,-0.83054775,-0.8462578,-0.117702186,0.51960945,-0.25467974,0.94601357,-0.20049071
1356023692655,-0.6443702,-0.26149678,-0.7186143,-0.72426593,-0.092880785,0.6832364,-0.24540956,0.960725,-0.1295436
1356023692690,-0.71472794,-0.221221,-0.6634947,-0.65776265,-0.10983461,0.7451742,-0.2377229,0.9690189,-0.06700897
1356023692729,-0.7248236,-0.18643191,-0.6632298,-0.64731014,-0.14525968,0.74825746,-0.23583964,0.9716701,-0.015391648
1356023692769,-0.66995406,-0.15221143,-0.7266314,-0.70139027,-0.19103771,0.6866995,-0.24333753,0.9697094,0.021226943
1356023692809,-0.54978174,-0.112754375,-0.8276633,-0.79374826,-0.23813021,0.5596943,-0.26019955,0.964666,0.041420996
1356023692849,-0.3835032,-0.06869608,-0.92098105,-0.8790088,-0.27877265,0.38681936,-0.28331733,0.95789695,0.046525776
1356023692891,-0.21468556,-0.025960565,-0.97633815,-0.92791104,-0.306525,0.21218741,-0.30478057,0.9515085,0.04171741
1356023692930,-0.07973987,0.007785797,-0.9967853,-0.9451303,-0.31840557,0.073120564,-0.31681266,0.9479226,0.032748222
1356023692969,0.010788143,0.030027539,-0.9994909,-0.9486855,-0.31560576,-0.019721478,-0.31603724,0.9484153,0.025081813
1356023693011,0.05900055,0.0411568,-0.9974092,-0.9511949,-0.3008508,-0.068681,-0.30289805,0.95278275,0.0213978
1356023693050,0.06593126,0.041846693,-0.99694633,-0.9563072,-0.28255278,-0.07510379,-0.28483284,0.9583386,0.021389216
1356023693091,0.037161767,0.036337852,-0.9986483,-0.9644153,-0.2604708,-0.04536566,-0.26176724,0.9647976,0.025365233
1356023693129,-0.038084447,0.023007542,-0.9990096,-0.9707998,-0.23780984,0.03153217,-0.23684883,0.9710392,0.031392574
1356023693169,-0.15086538,0.0066611767,-0.9885318,-0.9663819,-0.21159571,0.14605916,-0.20819613,0.9773346,0.03835973
1356023693209,-0.29983753,-0.012961984,-0.9539022,-0.9376801,-0.18010157,0.29718578,-0.17565137,0.9835626,0.04184699
1356023693250,-0.450625,-0.03728223,-0.89193445,-0.8810793,-0.1422031,0.45108476,-0.14365333,0.98913515,0.031231701
1356023693292,-0.538037,-0.07779932,-0.83932316,-0.8337986,-0.09697628,0.54348457,-0.123677164,0.99224126,-0.012692153
1356023693330,-0.53061086,-0.14593202,-0.8349587,-0.83845407,-0.054073334,0.54228294,-0.12428543,0.98781574,-0.09366542
1356023693369,-0.38900745,-0.24787188,-0.8872614,-0.90917385,-0.052038252,0.41315246,-0.14858043,0.96739423,-0.20511538
1356023693409,-0.17750934,-0.34148583,-0.92297226,-0.9671266,-0.11299941,0.2278094,-0.18208903,0.93306935,-0.3102016
1356023693452,-0.018512756,-0.3916532,-0.91992664,-0.97697103,-0.18852773,0.09992522,-0.21256766,0.90059155,-0.37914371
1356023693489,0.04953277,-0.4072623,-0.91196704,-0.9708613,-0.23398513,0.051760554,-0.23446688,0.8828297,-0.4069851
1356023693548,0.018603623,-0.4007048,-0.91601837,-0.96842796,-0.23502141,0.083140165,-0.24859858,0.8855511,-0.392426
1356023693568,-0.05112925,-0.3775845,-0.92456245,-0.9653208,-0.21863362,0.14267153,-0.25601098,0.89979404,-0.3533116
1356023693608,-0.15238607,-0.33890954,-0.92839575,-0.95449996,-0.19317198,0.22718796,-0.2563362,0.920774,-0.29405236
1356023693644,-0.25431895,-0.2877541,-0.9233198,-0.93401766,-0.17456597,0.31166935,-0.2508644,0.9416604,-0.22437197
1356023693688,-0.34333098,-0.22980338,-0.9106669,-0.9074486,-0.16887319,0.38473216,-0.24219996,0.9584739,-0.15055537
1356023693728,-0.4064178,-0.1716885,-0.8974116,-0.8831294,-0.17807508,0.43401816,-0.23432252,0.96892333,-0.079250276
1356023693776,-0.43340242,-0.12019685,-0.893149,-0.8710722,-0.19824493,0.44936866,-0.23107493,0.97275466,-0.01878035
1356023693812,-0.42473257,-0.07999775,-0.9017774,-0.87372696,-0.22462052,0.43144733,-0.23707256,0.971157,0.02550751
1356023693849,-0.38373858,-0.049934328,-0.92209065,-0.88882303,-0.25087255,0.38347948,-0.250476,0.9667313,0.051886678
1356023693892,-0.32071358,-0.03277099,-0.94660914,-0.9074378,-0.27581424,0.3169907,-0.27147636,0.9606521,0.058719724
1356023693940,-0.24840307,-0.024847448,-0.968338,-0.923651,-0.29509783,0.24451187,-0.29182994,0.9551439,0.05035284
1356023693980,-0.19231164,-0.01953113,-0.98113954,-0.933922,-0.3033687,0.1890957,-0.30134025,0.9526731,0.040100783
1356023694020,-0.16050893,-0.01574266,-0.9869089,-0.9410501,-0.29919338,0.15782309,-0.2977611,0.9540627,0.03320855
1356023694061,-0.1523127,-0.012502402,-0.9882533,-0.94686604,-0.28475195,0.14953634,-0.28327662,0.9585197,0.03153324
1356023694099,-0.16559339,-0.0095335245,-0.98614806,-0.95086515,-0.26370597,0.16221803,-0.2615996,0.96455604,0.03460285
1356023694139,-0.19848943,-0.006940782,-0.98007846,-0.9512385,-0.2395317,0.19434494,-0.23610875,0.97086376,0.040942132
1356023694181,-0.2503866,-0.00356099,-0.9681394,-0.9458803,-0.21232963,0.2454108,-0.20643857,0.97719157,0.049796253
1356023694229,-0.32306445,-2.567768E-4,-0.946377,-0.93079466,-0.18063313,0.31779408,-0.17102855,0.98355055,0.05811709
1356023694269,-0.41108197,-0.0032020211,-0.9115927,-0.90136623,-0.14797944,0.40699014,-0.13620019,0.9889852,0.05794549
1356023694311,-0.47905284,-0.02155134,-0.8775215,-0.8709899,-0.11248839,0.4782498,-0.10901788,0.9934193,0.03511685
1356023694350,-0.4967835,-0.07118866,-0.8649498,-0.86213315,-0.073967576,0.5012536,-0.09966186,0.9947165,-0.024628162
1356023694388,-0.43168098,-0.16038957,-0.8876523,-0.8948381,-0.047840238,0.44381985,-0.11364961,0.9858937,-0.12287098
1356023694429,-0.27917594,-0.26851386,-0.9219333,-0.949256,-0.067629576,0.30714688,-0.14482316,0.96089876,-0.23600787
1356023694471,-0.1052849,-0.34931955,-0.93106973,-0.97795963,-0.13338754,0.16063166,-0.18030488,0.9274608,-0.32757676
1356023694509,0.005949348,-0.3844874,-0.9231111,-0.9778714,-0.1952869,0.07503712,-0.20912227,0.90223753,-0.37714112
1356023694551,0.009432256,-0.38614568,-0.92238957,-0.9731344,-0.21575403,0.08037126,-0.2300443,0.896851,-0.37780672
1356023694600,-0.09524238,-0.363445,-0.9267343,-0.9654578,-0.19309127,0.1749483,-0.24252841,0.9113854,-0.33250034
1356023694640,-0.22273672,-0.32781363,-0.91811025,-0.9429246,-0.16670054,0.28827766,-0.24755085,0.9299189,-0.2719732
1356023694679,-0.3502407,-0.2834541,-0.89274025,-0.90362227,-0.14865136,0.40170828,-0.24657294,0.9473946,-0.20407164
1356023694720,-0.45469886,-0.2350047,-0.859082,-0.8570125,-0.14711815,0.49384815,-0.24244311,0.96079606,-0.13450754
1356023694782,-0.52189124,-0.18810481,-0.8320133,-0.8189283,-0.16247505,0.5504165,-0.23871738,0.9686168,-0.06925005
1356023694796,-0.5472945,-0.14695391,-0.82393765,-0.80215776,-0.1887554,0.56649303,-0.23877108,0.97096646,-0.014575362
1356023694837,-0.53141093,-0.113561004,-0.839468,-0.81073797,-0.21909785,0.5428629,-0.24557367,0.96907175,0.024362803
1356023694878,-0.47848296,-0.0876835,-0.873708,-0.838712,-0.24901408,0.484308,-0.26003143,0.9645225,0.045607746
1356023694919,-0.3967095,-0.06930354,-0.9153243,-0.8738264,-0.27690357,0.3996896,-0.28115648,0.9583952,0.049291015
1356023694968,-0.30260497,-0.055672765,-0.95148873,-0.9045459,-0.29784077,0.3051026,-0.30037808,0.9529908,0.03976953
1356023695010,-0.22568029,-0.04247433,-0.973275,-0.9244444,-0.30586374,0.22770566,-0.3073612,0.95112735,0.029762328
1356023695048,-0.17815316,-0.032127947,-0.9834782,-0.937541,-0.29794854,0.1795651,-0.29879487,0.95404124,0.022959143
1356023695090,-0.15947777,-0.02600789,-0.98685884,-0.94607896,-0.2814899,0.16030613,-0.28195998,0.9592117,0.020285815
1356023695130,-0.16778046,-0.022414714,-0.98556954,-0.9512105,-0.25891125,0.16781968,-0.2589367,0.96564096,0.022119194
1356023695171,-0.20523882,-0.023005098,-0.9784416,-0.9499985,-0.23569888,0.20481426,-0.2353293,0.97155386,0.026519716
1356023695211,-0.26530635,-0.02328372,-0.96388304,-0.94139355,-0.2097283,0.2641824,-0.20830467,0.9774825,0.033723056
1356023695258,-0.35134953,-0.02501887,-0.93591005,-0.9189719,-0.18191493,0.34985375,-0.1790089,0.982996,0.040924013
1356023695291,-0.4439764,-0.027708292,-0.89561,-0.8839233,-0.15026486,0.44283187,-0.14684883,0.9882574,0.042222023
1356023695340,-0.5112759,-0.048015445,-0.85807437,-0.8511597,-0.109779894,0.51329875,-0.11884552,0.9927956,0.015258968
1356023695379,-0.5341554,-0.09892261,-0.8395786,-0.83839726,-0.06545162,0.5411156,-0.108480334,0.99294025,-0.047975123
1356023695420,-0.46707642,-0.19149837,-0.8632311,-0.87521803,-0.038800776,0.48216993,-0.1258288,0.9807257,-0.14947993
1356023695461,-0.33087736,-0.2971104,-0.8956816,-0.9298129,-0.059435546,0.3632015,-0.16114628,0.9529915,-0.2565912
1356023695501,-0.19908026,-0.37123045,-0.9069482,-0.959473,-0.11451593,0.25748324,-0.19944564,0.92145216,-0.33338773
1356023695539,-0.12413114,-0.40229332,-0.90705657,-0.9654889,-0.1619615,0.20395997,-0.22895995,0.90107083,-0.36830533
1356023695581,-0.12829328,-0.39841193,-0.90818983,-0.9599317,-0.18016851,0.2146402,-0.24914247,0.8993371,-0.35933387
1356023695629,-0.20033997,-0.3651875,-0.9091215,-0.9448297,-0.1734379,0.27787766,-0.2591536,0.91463506,-0.31029344
1356023695669,-0.27213913,-0.32015878,-0.9074352,-0.92620355,-0.16856784,0.33724144,-0.26093522,0.9322463,-0.25065827
1356023695708,-0.34553683,-0.2685463,-0.8991592,-0.902902,-0.16592515,0.39653105,-0.25568,0.9488687,-0.18513775
1356023695775,-0.40772277,-0.214306,-0.8876007,-0.879194,-0.17031705,0.44498315,-0.24653608,0.9618031,-0.11897439
1356023695792,-0.4489252,-0.16221502,-0.878722,-0.8613442,-0.18315291,0.47385776,-0.23780733,0.9696088,-0.057501018
1356023695829,-0.45799816,-0.11791265,-0.8810984,-0.8576485,-0.20210606,0.47285557,-0.23383093,0.9722396,-0.008563459
1356023695869,-0.43657464,-0.08601597,-0.8955467,-0.86723995,-0.2246089,0.44434857,-0.2393688,0.9706452,0.023461998
1356023695917,-0.38225543,-0.06754553,-0.9215848,-0.8877433,-0.24999529,0.38654143,-0.25650102,0.9658882,0.035598934
1356023695959,-0.31919652,-0.055164278,-0.94608164,-0.9071826,-0.27095848,0.32187158,-0.27410468,0.9610091,0.036444902
1356023695997,-0.26913804,-0.047728807,-0.96191823,-0.91998947,-0.28274018,0.2714358,-0.2849282,0.95800835,0.03218612
1356023696038,-0.24102044,-0.043282688,-0.9695544,-0.9276953,-0.2832089,0.24325764,-0.28511524,0.9580811,0.028105944
1356023696078,-0.23685485,-0.040835083,-0.97068655,-0.9318465,-0.27313775,0.23886809,-0.27488533,0.96110785,0.026641935
1356023696118,-0.2565664,-0.04118398,-0.9656487,-0.9309348,-0.2580992,0.25835082,-0.2598731,0.9652401,0.027879983
1356023696158,-0.29635298,-0.04193163,-0.9541576,-0.9241796,-0.23947144,0.29756597,-0.24097088,0.9699975,0.032215714
1356023696198,-0.3568203,-0.042964876,-0.93318456,-0.90806025,-0.21858525,0.35727742,-0.21933073,0.97487164,0.0389809
1356023696240,-0.43133688,-0.041044742,-0.9012568,-0.8814938,-0.19357479,0.43069416,-0.19213831,0.9802266,0.04731524
1356023696282,-0.5125179,-0.039113104,-0.8577852,-0.8436141,-0.16335142,0.5114993,-0.16012678,0.9857923,0.05072415
1356023696329,-0.5727357,-0.05107972,-0.81814706,-0.8094337,-0.12252754,0.57428575,-0.12957987,0.9911498,0.02883029
1356023696370,-0.592983,-0.09197888,-0.7999444,-0.7970443,-0.074118376,0.59935546,-0.114418596,0.9929987,-0.029360294
1356023696409,-0.5414668,-0.17673,-0.82193685,-0.8313881,-0.032718897,0.55472803,-0.124929935,0.9837154,-0.12921506
1356023696451,-0.42414528,-0.28495243,-0.8595946,-0.8924397,-0.029676676,0.45018965,-0.15379259,0.95808214,-0.24171561
1356023696489,-0.29216474,-0.37246782,-0.88085604,-0.9379237,-0.068422616,0.34002548,-0.1869191,0.9255193,-0.32935572
1356023696530,-0.20405889,-0.41546738,-0.88642365,-0.95510983,-0.114154756,0.27337518,-0.21476787,0.9024166,-0.3735227
1356023696578,-0.19812477,-0.41038534,-0.89012945,-0.95105755,-0.1392234,0.27587372,-0.23714137,0.9012218,-0.3627165
1356023696614,-0.21047431,-0.3858684,-0.8982239,-0.9443971,-0.15716833,0.2888117,-0.25261566,0.9090675,-0.33133316
1356023696655,-0.24405587,-0.3480538,-0.9051493,-0.9335011,-0.16852677,0.31650335,-0.26270205,0.9222024,-0.28377867
1356023696697,-0.28628713,-0.30101192,-0.9096326,-0.9197639,-0.17966968,0.34893137,-0.26846594,0.93654186,-0.22542274
1356023696778,-0.33527148,-0.24478072,-0.9097667,-0.90246135,-0.19378859,0.38471988,-0.27047446,0.95001495,-0.15593332
1356023696780,-0.36854196,-0.19090962,-0.90979683,-0.88936317,-0.212448,0.40484428,-0.27057326,0.95834196,-0.09149194
1356023696818,-0.39141697,-0.14374629,-0.9089168,-0.87944365,-0.23231,0.41546467,-0.27087194,0.96196103,-0.0354867
1356023696859,-0.3995527,-0.107545495,-0.91038,-0.8744662,-0.25328213,0.41371143,-0.27507576,0.961396,0.0071546435
1356023696905,-0.39277107,-0.08372727,-0.9158169,-0.8748971,-0.27280927,0.4001628,-0.28334785,0.9584179,0.03389877
1356023696942,-0.37356108,-0.07403985,-0.924646,-0.87922084,-0.2894705,0.37838805,-0.29567358,0.9543191,0.043037534
1356023696979,-0.3535186,-0.071092606,-0.9327221,-0.8843765,-0.29949647,0.35802254,-0.30479968,0.9514451,0.04300493
1356023697020,-0.33888203,-0.07058865,-0.9381771,-0.88996613,-0.29938108,0.34399307,-0.30515447,0.9515189,0.038633347
1356023697059,-0.33408093,-0.06921896,-0.93999934,-0.8950051,-0.28943342,0.3394028,-0.29556027,0.9546921,0.034742773
1356023697100,-0.33945012,-0.06598058,-0.93830717,-0.89829266,-0.27314752,0.34418145,-0.27900556,0.9597068,0.033450067
1356023697139,-0.35421574,-0.06093195,-0.9331765,-0.89859843,-0.25413144,0.35768417,-0.25894395,0.96524835,0.035264134
1356023697179,-0.37786806,-0.054223925,-0.9242703,-0.8949814,-0.23427224,0.3796379,-0.23711634,0.97065765,0.039994597
1356023697219,-0.41045338,-0.044998974,-0.91077054,-0.8868016,-0.21293598,0.41017202,-0.21239313,0.9760294,0.047495127
1356023697261,-0.4515106,-0.03423792,-0.8916086,-0.87302047,-0.18947023,0.44937328,-0.18431887,0.9812894,0.055657387
1356023697300,-0.49533468,-0.026087523,-0.86831033,-0.85503024,-0.1619966,0.49262595,-0.15351471,0.9864464,0.057936966
1356023697339,-0.53022087,-0.031523705,-0.84727335,-0.838356,-0.12970948,0.5294664,-0.12659013,0.99105084,0.042346597
1356023697381,-0.53006524,-0.07114765,-0.84496677,-0.8401153,-0.09114015,0.534696,-0.11505273,0.9932933,-0.011462033
1356023697427,-0.4627958,-0.1636979,-0.8712192,-0.87688583,-0.05955237,0.47699553,-0.12996632,0.98471135,-0.115983725
1356023697471,-0.355129,-0.26449472,-0.8966192,-0.92186326,-0.060033858,0.38283697,-0.15508583,0.9625168,-0.22250825
1356023697510,-0.25058436,-0.3366171,-0.9076873,-0.95114636,-0.08906859,0.2956133,-0.18035495,0.93741965,-0.29785293
1356023697551,-0.1917021,-0.36600628,-0.9106535,-0.9605324,-0.120591074,0.25066963,-0.20156336,0.9227661,-0.32844335
1356023697589,-0.19034207,-0.35918355,-0.9136504,-0.9571537,-0.13898796,0.25404555,-0.2182354,0.9228594,-0.31733853
1356023697631,-0.22910315,-0.32965967,-0.91588,-0.94590926,-0.14664418,0.28939763,-0.22971123,0.9326414,-0.2782315
1356023697672,-0.29512542,-0.28383645,-0.91232556,-0.9261904,-0.14954025,0.34613448,-0.23467499,0.9471403,-0.21875346
1356023697721,-0.37639856,-0.22492996,-0.89873827,-0.8968946,-0.15463698,0.41432783,-0.23217294,0.9620259,-0.14353335
1356023697776,-0.43737668,-0.16971377,-0.8831189,-0.87010336,-0.1682474,0.46326354,-0.22720462,0.97102535,-0.07408106
1356023697800,-0.4797014,-0.12297863,-0.8687709,-0.8483826,-0.18765587,0.4950073,-0.22390527,0.9745058,-0.014314115
1356023697840,-0.49934936,-0.08804399,-0.8619157,-0.83625853,-0.21114469,0.5060531,-0.22654378,0.97348154,0.031807303
1356023697878,-0.49551028,-0.06666732,-0.8660399,-0.8353366,-0.2367124,0.49616525,-0.23808038,0.9692898,0.061603785
1356023697919,-0.47156298,-0.05770886,-0.87994206,-0.8432887,-0.26227736,0.46912122,-0.25786135,0.9632654,0.07501507
1356023697959,-0.43588609,-0.05741355,-0.8981686,-0.8551711,-0.28462076,0.43321294,-0.28050977,0.9569194,0.07496387
1356023697999,-0.40113014,-0.060102493,-0.91404724,-0.866505,-0.2987334,0.39990923,-0.29709196,0.95244217,0.067751884
1356023698040,-0.3774243,-0.061880052,-0.9239706,-0.8757974,-0.30033392,0.37786043,-0.3008817,0.9518248,0.05915892
1356023698079,-0.3700686,-0.061458975,-0.9269693,-0.88158965,-0.29146785,0.3712766,-0.293,0.95460427,0.053681493
1356023698121,-0.3800041,-0.058211178,-0.92315125,-0.8831465,-0.2739274,0.38080963,-0.27504382,0.95998704,0.052684546
1356023698158,-0.4061448,-0.054692388,-0.9121705,-0.87792957,-0.25361067,0.4061051,-0.25354704,0.965759,0.054986596
1356023698200,-0.44570595,-0.049408197,-0.8938149,-0.86550903,-0.2311511,0.44436854,-0.22856173,0.9716626,0.060262144
1356023698238,-0.49953574,-0.042326868,-0.8652586,-0.84299207,-0.20634687,0.49677485,-0.19957039,0.97756296,0.06739646
1356023698279,-0.56419426,-0.03346747,-0.82496357,-0.8087719,-0.17854977,0.56036425,-0.166051,0.9833616,0.073669136
1356023698320,-0.6303225,-0.026028007,-0.77589697,-0.76546764,-0.14579237,0.6267407,-0.12943262,0.9889728,0.07197255
1356023698361,-0.67987216,-0.03273046,-0.7326,-0.72680974,-0.10285503,0.67909396,-0.097578645,0.9941578,0.04613942
1356023698399,-0.6963177,-0.067441165,-0.71455824,-0.7130091,-0.049047172,0.6994372,-0.08221793,0.996517,-0.013933718
1356023698439,-0.64523274,-0.15098813,-0.74891734,-0.7579863,0.0039054751,0.65225875,-0.095558465,0.9885278,-0.11696684
1356023698477,-0.51507246,-0.2677949,-0.8142396,-0.8473299,0.01572162,0.5308341,-0.12935346,0.9633477,-0.23500842
1356023698520,-0.34315318,-0.36960712,-0.8635025,-0.92430377,-0.030631483,0.38042668,-0.16705874,0.92868316,-0.331118
1356023698559,-0.20769486,-0.42169338,-0.88263106,-0.9584084,-0.0928345,0.26987967,-0.19574511,0.9019736,-0.3848732
1356023698601,-0.1596627,-0.42776033,-0.8896792,-0.96331525,-0.12942174,0.23510379,-0.21571186,0.89457875,-0.3914042
1356023698649,-0.20380315,-0.39790678,-0.89450234,-0.9515517,-0.13437179,0.2765747,-0.23024684,0.907532,-0.35124344
1356023698689,-0.26763463,-0.35392034,-0.89616525,-0.9331627,-0.13642204,0.3325605,-0.23995662,0.9252726,-0.29375398
1356023698728,-0.34559602,-0.30161664,-0.88858926,-0.9060832,-0.13904935,0.39959782,-0.24408308,0.9432352,-0.22523487
1356023698771,-0.42245114,-0.24505144,-0.87263095,-0.87344223,-0.14714104,0.46416396,-0.24214387,0.9582793,-0.15187842
1356023698809,-0.48315686,-0.19001776,-0.8546653,-0.84294087,-0.16290998,0.51274854,-0.23666477,0.9681702,-0.08146268
1356023698848,-0.51533246,-0.14310974,-0.8449568,-0.82471603,-0.18521678,0.5343578,-0.23297197,0.9722214,-0.02257669
1356023698888,-0.51609564,-0.10852793,-0.8496275,-0.8229953,-0.21201336,0.52699995,-0.23732659,0.9712219,0.02010119
1356023698927,-0.48195052,-0.084836096,-0.87208176,-0.83959734,-0.23994917,0.48734045,-0.25059935,0.96707153,0.044415414
1356023698968,-0.42007768,-0.07114819,-0.9046948,-0.86591387,-0.26686227,0.42305747,-0.27152872,0.96110487,0.05049467
1356023699007,-0.34858626,-0.060930133,-0.93529403,-0.8911313,-0.28770727,0.3508696,-0.2904695,0.9557782,0.045994163
1356023699051,-0.28541493,-0.052526534,-0.9569636,-0.9102033,-0.29781288,0.28781515,-0.30011398,0.9531781,0.037190378
1356023699087,-0.24098718,-0.04495552,-0.9694866,-0.92382574,-0.29551905,0.24334049,-0.2974412,0.9542786,0.02968517
1356023699130,-0.21896118,-0.03899151,-0.97495425,-0.93324757,-0.28327012,0.22092327,-0.28478947,0.9582472,0.025636375
1356023699169,-0.21970946,-0.035312444,-0.9749261,-0.93864655,-0.26466727,0.22111991,-0.26583925,0.96369314,0.02500394
1356023699209,-0.2437458,-0.033822775,-0.9692491,-0.93890935,-0.24214989,0.24456605,-0.24297547,0.9696491,0.027266562
1356023699249,-0.29227984,-0.033539295,-0.9557446,-0.9315336,-0.21613032,0.29246023,-0.21637431,0.97578835,0.031927526
1356023699289,-0.36586338,-0.033696026,-0.93005836,-0.9119742,-0.18631423,0.3654997,-0.185599,0.98191214,0.03743571
1356023699329,-0.45778972,-0.035187066,-0.88836396,-0.8760358,-0.15255785,0.45747942,-0.1516242,0.987668,0.03901428
1356023699371,-0.5437085,-0.04612598,-0.83800566,-0.83071065,-0.11269587,0.5451784,-0.11958668,0.99255836,0.022956371
1356023699410,-0.5976668,-0.07910508,-0.79783255,-0.7953908,-0.0665319,0.6024343,-0.100736916,0.99464357,-0.02315551
1356023699451,-0.5562071,-0.15800616,-0.8158846,-0.8237212,-0.02522093,0.56643385,-0.11007741,0.9871159,-0.11612499
1356023699491,-0.4193089,-0.26495,-0.8683211,-0.8971065,-0.025741458,0.44106376,-0.13921171,0.96391857,-0.22689474
1356023699549,-0.22404346,-0.35817116,-0.90637624,-0.95828325,-0.088398844,0.27180654,-0.1774759,0.92946166,-0.32342428
1356023699567,-0.085809946,-0.4043707,-0.9105607,-0.9732851,-0.1613307,0.16336635,-0.212962,0.90025365,-0.37972414
1356023699607,-0.058073997,-0.4156533,-0.90766716,-0.9684761,-0.19716275,0.1522525,-0.24224243,0.8878959,-0.3911003
1356023699644,-0.12352902,-0.40685013,-0.90510416,-0.95631814,-0.19471216,0.21804312,-0.26494566,0.8925022,-0.36502546
1356023699689,-0.24730247,-0.38045558,-0.89112014,-0.9278208,-0.17208874,0.3309593,-0.279267,0.9086468,-0.31043667
1356023699729,-0.38564765,-0.33767763,-0.8586325,-0.8781396,-0.15121454,0.45387778,-0.2831021,0.929036,-0.23821253
1356023699779,-0.4966684,-0.28697428,-0.8191253,-0.8220813,-0.14717066,0.55002093,-0.27839306,0.9465656,-0.16282111
1356023699811,-0.58123976,-0.2334342,-0.77953106,-0.7685026,-0.15746093,0.6201691,-0.2675144,0.95953864,-0.08787221
1356023699849,-0.6205578,-0.18441492,-0.76216745,-0.7408738,-0.18057913,0.6469135,-0.25693205,0.96611714,-0.024568379
1356023699890,-0.6226198,-0.14410439,-0.76914144,-0.740837,-0.20798099,0.6386741,-0.25200248,0.9674595,0.022735178
1356023699929,-0.58233595,-0.110697985,-0.8053762,-0.7718599,-0.23568344,0.59049606,-0.2551805,0.96550465,0.05180359
1356023699969,-0.5081832,-0.08516419,-0.857028,-0.81874526,-0.26097727,0.51141673,-0.2672192,0.96158093,0.06289643
1356023700026,-0.40106124,-0.06813297,-0.91351396,-0.8702911,-0.28290462,0.40318507,-0.28590757,0.95672506,0.054166615
1356023700064,-0.30109787,-0.048711777,-0.95234823,-0.907471,-0.29219842,0.30185503,-0.29297853,0.95511633,0.043775767
1356023700109,-0.24195802,-0.03388518,-0.96969485,-0.9274917,-0.28545392,0.24140245,-0.28498316,0.9577932,0.037639648
1356023700147,-0.22348773,-0.025083095,-0.97438395,-0.9372295,-0.2690078,0.22189084,-0.26768258,0.96281135,0.03661132
1356023700188,-0.24178714,-0.020201236,-0.970119,-0.9392202,-0.24625605,0.23921403,-0.24373007,0.96899426,0.040568084
1356023700227,-0.2992642,-0.019257784,-0.9539759,-0.92924726,-0.22113526,0.29597077,-0.21665749,0.97505295,0.048282623
1356023700267,-0.3952875,-0.020367324,-0.9183315,-0.8993365,-0.19486856,0.39143327,-0.18692645,0.9806179,0.058712125
1356023700309,-0.5245549,-0.022096008,-0.8510898,-0.8373256,-0.1674788,0.5204197,-0.15403873,0.985628,0.0693503
1356023700352,-0.6638286,-0.024809122,-0.74747306,-0.7384173,-0.13678151,0.6603261,-0.11862266,0.9902905,0.07248002
1356023700392,-0.7818737,-0.034495145,-0.62248176,-0.6170924,-0.09926152,0.78060496,-0.08871555,0.9944633,0.05632329
1356023700429,-0.8434435,-0.063724875,-0.5334249,-0.5317057,-0.0428524,0.8458444,-0.076759875,0.99704707,0.002260685
1356023700471,-0.8534597,-0.12300612,-0.5064346,-0.5134273,0.031686425,0.8575479,-0.089436546,0.99189997,-0.0901978
1356023700509,-0.8170565,-0.21091282,-0.53659534,-0.5636601,0.09645057,0.82035637,-0.12126875,0.9727348,-0.19768876
1356023700549,-0.76138073,-0.29845065,-0.5755229,-0.62925494,0.1265859,0.7668208,-0.15600508,0.9459932,-0.2841816
1356023700592,-0.73262364,-0.35309443,-0.5818821,-0.6549523,0.13310087,0.74385583,-0.1852024,0.9260715,-0.32877284
1356023700639,-0.76246756,-0.3582274,-0.53881,-0.61316967,0.13420486,0.77846766,-0.20655757,0.9239384,-0.321981
1356023700680,-0.8034434,-0.3407755,-0.48821184,-0.5528114,0.122490585,0.82425463,-0.22108445,0.93213093,-0.28679883
1356023700720,-0.84276927,-0.31128216,-0.43913925,-0.48689532,0.09300321,0.8684948,-0.22950564,0.94575566,-0.22994202
1356023700778,-0.87099797,-0.2798205,-0.4038107,-0.43281937,0.048163593,0.90019315,-0.23244354,0.9588435,-0.1630621
1356023700799,-0.8891229,-0.24976113,-0.3835099,-0.39498028,-0.0045492053,0.91867834,-0.23119482,0.9682968,-0.09460592
1356023700839,-0.8969689,-0.22385293,-0.38123053,-0.37820584,-0.05799043,0.9239034,-0.22892618,0.97289616,-0.032646835
1356023700880,-0.89257425,-0.20490669,-0.40165207,-0.3875293,-0.106760025,0.91565454,-0.23050413,0.97294164,0.015883982
1356023700919,-0.87241966,-0.1932213,-0.44894236,-0.4264312,-0.14792854,0.89234155,-0.2388308,0.9699394,0.046660304
1356023700960,-0.831786,-0.18945114,-0.5217668,-0.4924078,-0.18209893,0.851102,-0.25625536,0.9648566,0.058179975
1356023700999,-0.76948833,-0.18577218,-0.6110453,-0.57562053,-0.21274441,0.78955734,-0.27667427,0.9592854,0.056770146
1356023701040,-0.6941041,-0.17786846,-0.6975545,-0.6574116,-0.23819017,0.7148955,-0.29330802,0.95479226,0.04839599
1356023701078,-0.61960286,-0.16207626,-0.76799977,-0.72569454,-0.25455797,0.6391931,-0.29909846,0.9533791,0.040106952
1356023701120,-0.5584964,-0.14053828,-0.817515,-0.7761941,-0.25907832,0.5748054,-0.2925826,0.955577,0.035609365
1356023701159,-0.5158455,-0.1175144,-0.8485834,-0.81058943,-0.25357932,0.52786577,-0.27721506,0.9601499,0.035551786
1356023701199,-0.49325758,-0.096108705,-0.8645577,-0.8310571,-0.24155056,0.5009965,-0.25698453,0.96561706,0.03927487
1356023701239,-0.49252087,-0.076414734,-0.8669394,-0.8386688,-0.22444838,0.4962435,-0.23250341,0.9714854,0.04645884
1356023701279,-0.5136792,-0.058040857,-0.85601693,-0.83350223,-0.20287037,0.51392376,-0.203489,0.977484,0.05583304
1356023701322,-0.5517415,-0.04120779,-0.8329965,-0.81658435,-0.17643923,0.5495991,-0.16962108,0.98344857,0.063699305
1356023701359,-0.59216255,-0.03201443,-0.8051822,-0.7944133,-0.14432478,0.58998114,-0.13509569,0.9890123,0.060031116
1356023701399,-0.6092617,-0.04431066,-0.79173034,-0.78527105,-0.1050722,0.61017156,-0.110225916,0.993477,0.029220462
1356023701441,-0.5587286,-0.101281136,-0.8231431,-0.8221481,-0.06288117,0.5657902,-0.10906401,0.99286866,-0.048134625
1356023701481,-0.42717677,-0.19378343,-0.88315797,-0.8950907,-0.047426045,0.4433548,-0.12779948,0.9798973,-0.15319443
1356023701521,-0.22611713,-0.29030654,-0.92983496,-0.9609742,-0.08969444,0.2616933,-0.1593723,0.9527208,-0.25869566
1356023701571,-0.06208539,-0.34052947,-0.93818176,-0.9797447,-0.15851152,0.12237042,-0.19038332,0.926776,-0.32379067
1356023701609,0.023699492,-0.34633437,-0.93781173,-0.97675526,-0.20792863,0.052104533,-0.21304348,0.91477764,-0.3432117
1356023701649,0.023455262,-0.32504818,-0.9454065,-0.97326565,-0.22355074,0.052714497,-0.22848111,0.91889536,-0.3216017
1356023701691,-0.027603358,-0.2877829,-0.95729786,-0.9710767,-0.21949252,0.093984485,-0.23716682,0.9322039,-0.27340055
1356023701730,-0.10765594,-0.23898843,-0.9650361,-0.96497273,-0.20846802,0.15927541,-0.23924416,0.9483805,-0.20817447
