1356023404717,-0.454256,0.0628826,-0.88864917,-0.888299,-0.10771817,0.44645467,-0.067649424,0.99219084,0.10479021
1356023404757,-0.26220596,-0.11898643,0.95764834,0.9626377,0.037318885,0.2682088,-0.06765157,0.99219435,0.10475558
1356023404797,-0.26217228,-0.11872721,0.95768964,0.96264625,0.037404,0.26816624,-0.06766009,0.99222213,0.10448599
1356023404839,-0.26213974,-0.11788273,0.9578029,0.96265495,0.03764695,0.2681011,-0.067662835,0.9923136,0.10361159
1356023404877,-0.26215827,-0.116128564,0.9580121,0.96265316,0.03808719,0.26804516,-0.06761563,0.99250364,0.1018067
1356023404917,-0.2622658,-0.11348441,0.95829946,0.96263397,0.038666785,0.2680311,-0.06747168,0.992787,0.09910303
1356023404956,-0.26243305,-0.110323906,0.9586228,0.96260464,0.0392946,0.26804534,-0.06724051,0.99311864,0.09588611
1356023404996,-0.26250833,-0.10695192,0.95898414,0.96260273,0.039952695,0.2679546,-0.066972226,0.99346113,0.09246433
1356023405047,-0.2622472,-0.10325298,0.95946085,0.96268976,0.040773988,0.26751772,-0.066743016,0.993819,0.088707805
1356023405084,-0.26160067,-0.09990862,0.95999134,0.962872,0.041672766,0.26672265,-0.06665337,0.9941236,0.085297585
1356023405114,-0.26074696,-0.09701273,0.9605204,0.96310115,0.042586386,0.26574883,-0.06668612,0.99437153,0.082328856
1356023405157,-0.25979185,-0.0943118,0.9610481,0.96334064,0.043692112,0.26469928,-0.06695449,0.9945834,0.079503536
1356023405197,-0.2586195,-0.09183097,0.9616045,0.9636241,0.044946074,0.26345482,-0.06741369,0.9947598,0.07686657
1356023405237,-0.2571811,-0.08954069,0.962206,0.9639689,0.04627824,0.26195884,-0.06798518,0.9949075,0.074412525
1356023405277,-0.25539923,-0.08738193,0.9628788,0.96440184,0.047596037,0.26012254,-0.06855926,0.9950372,0.07211524
1356023405317,-0.2533179,-0.08548209,0.96359885,0.9649197,0.048711658,0.25798643,-0.06899166,0.9951482,0.07014388
1356023405357,-0.25122386,-0.08420876,0.96425897,0.9654567,0.049355745,0.2558462,-0.0691362,0.995225,0.068900645
1356023405396,-0.24940193,-0.084029466,0.9647475,0.9659487,0.04925394,0.25400242,-0.068861306,0.9952452,0.068884134
1356023405437,-0.24798691,-0.08515,0.965014,0.96636796,0.048264444,0.2525936,-0.06808424,0.9951985,0.07031721
1356023405476,-0.2468831,-0.08718836,0.96511495,0.9667407,0.046485186,0.2514985,-0.066791266,0.9951067,0.07281214
1356023405516,-0.24599576,-0.08948898,0.965131,0.96709454,0.044028223,0.25057867,-0.06491703,0.9950142,0.075713575
1356023405556,-0.2453826,-0.09146151,0.9651022,0.96741307,0.0410226,0.2498579,-0.062443405,0.9949633,0.0784148
1356023405596,-0.24532998,-0.092817575,0.964986,0.967612,0.03764844,0.24961883,-0.059499204,0.9949711,0.08057511
1356023405665,-0.24620396,-0.09342605,0.96470463,0.9675781,0.034183204,0.25024787,-0.05635631,0.9950392,0.08198106
1356023405680,-0.24836516,-0.09317151,0.96417516,0.96719885,0.030918777,0.25213185,-0.053302586,0.9951699,0.08243626
1356023405718,-0.25229043,-0.09213677,0.96325517,0.9663279,0.028062105,0.25577933,-0.050597668,0.9953509,0.08195442
1356023405758,-0.25800186,-0.09035331,0.9619101,0.9649357,0.025686622,0.26122615,-0.048310846,0.9955784,0.080558
1356023405798,-0.2661245,-0.08820209,0.95989484,0.96281195,0.02380985,0.26912108,-0.046591938,0.995818,0.078585684
1356023405828,-0.27679396,-0.08636227,0.95704055,0.9598527,0.022283256,0.27961817,-0.04547441,0.9960146,0.07672721
1356023405868,-0.28792834,-0.085099906,0.9538633,0.95657766,0.021607995,0.2906755,-0.04534751,0.9961381,0.07518315
1356023405898,-0.30134672,-0.08458418,0.94975555,0.952414,0.021144569,0.30407324,-0.045801967,0.996192,0.07418728
1356023405939,-0.31427717,-0.085324526,0.94548905,0.9481523,0.02140832,0.31709445,-0.0472973,0.9961232,0.0741725
1356023405978,-0.3272618,-0.0874562,0.9408778,0.9436182,0.022274554,0.33028546,-0.049843103,0.99591935,0.075235665
1356023406018,-0.33871758,-0.09124032,0.9364538,0.93934643,0.024161696,0.34211788,-0.053841293,0.99553573,0.07752216
1356023406058,-0.34752584,-0.09694919,0.93264496,0.935755,0.027683377,0.3515624,-0.05990243,0.9949043,0.08109999
1356023406098,-0.35312992,-0.10460028,0.9297085,0.9330573,0.03346765,0.35816735,-0.068579584,0.993951,0.08577973
1356023406139,-0.35541278,-0.11379361,0.9277569,0.9312594,0.04209262,0.3619174,-0.0802356,0.99261236,0.09101117
1356023406178,-0.3546058,-0.12387824,0.9267734,0.9301647,0.054100454,0.36313474,-0.09512338,0.9908216,0.09604281
1356023406218,-0.35112184,-0.13417277,0.92666674,0.9294584,0.06973487,0.36227655,-0.11322868,0.9885013,0.10022247
1356023406259,-0.34543556,-0.1443491,0.92727435,0.92879355,0.08874166,0.35981593,-0.13422704,0.98553956,0.10341591
1356023406298,-0.33785188,-0.15449074,0.9284335,0.9279647,0.110165656,0.35601285,-0.15728217,0.9818331,0.10614234
1356023406339,-0.32846856,-0.16471529,0.9300415,0.92699003,0.1325829,0.35087204,-0.18110162,0.9773897,0.10914016
1356023406378,-0.31712496,-0.1745708,0.93217856,0.9262091,0.15429783,0.34398982,-0.20388371,0.97247994,0.112757325
1356023406418,-0.30368853,-0.18305954,0.93502,0.9261248,0.1737535,0.33481714,-0.22375447,0.9676254,0.116769075
1356023406458,-0.28821826,-0.18906188,0.938715,0.9272028,0.18979985,0.32291028,-0.23921797,0.9634478,0.12059492
1356023406488,-0.27102244,-0.19202942,0.94322395,0.92946965,0.20256191,0.30830958,-0.25026572,0.96025693,0.123586714
1356023406528,-0.2542416,-0.19134927,0.94802254,0.9327537,0.21054739,0.29264376,-0.25560087,0.9586737,0.12495178
1356023406568,-0.23540378,-0.18576366,0.9539795,0.93760675,0.21502638,0.27323467,-0.25588778,0.9587781,0.1235553
1356023406608,-0.21476799,-0.17452836,0.9609446,0.94352365,0.21705878,0.250297,-0.2522654,0.9604297,0.11805433
1356023406665,-0.1921969,-0.15743786,0.9686452,0.9498846,0.21811974,0.22392642,-0.2465351,0.9631392,0.1076259
1356023406689,-0.16732913,-0.13566607,0.97652215,0.95601195,0.21971214,0.19433886,-0.24091893,0.9660855,0.09293419
1356023406732,-0.13994142,-0.11153543,0.98385787,0.9614452,0.22225127,0.16194907,-0.23672676,0.9685888,0.07613295
1356023406788,-0.11023536,-0.08790138,0.9900108,0.96602845,0.22478202,0.127523,-0.23374599,0.97043616,0.060136378
1356023406808,-0.079262346,-0.06802258,0.9945303,0.9696753,0.22611466,0.09274691,-0.23118678,0.9717228,0.04803741
1356023406848,-0.048621237,-0.055350095,0.9972825,0.9724171,0.22542113,0.059920013,-0.2281251,0.9726879,0.04286313
1356023406884,-0.020161271,-0.050606817,0.9985152,0.9744966,0.22225875,0.03094086,-0.22349459,0.97367346,0.04483515
1356023406929,0.0027980208,-0.053923786,0.9985411,0.9765386,0.215159,0.008882821,-0.21532413,0.97508913,0.053260684
1356023406967,0.017888635,-0.061870664,0.997924,0.9788439,0.20455083,-0.004864633,-0.20382527,0.9768987,0.064220786
1356023407008,0.022459745,-0.07270661,0.9971005,0.98177433,0.18987054,-0.008269489,-0.1887187,0.9791133,0.07564598
1356023407047,0.0129444,-0.08452684,0.99633706,0.9852614,0.17104703,0.0017106831,-0.1705651,0.9816303,0.085495114
1356023407088,-0.012567908,-0.09427068,0.99546725,0.9886385,0.14795908,0.0264934,-0.14978594,0.9844903,0.091340065
1356023407127,-0.053057194,-0.095286846,0.9940348,0.9905355,0.12116498,0.06448516,-0.12658674,0.9880482,0.08795637
1356023407169,-0.103520334,-0.07548678,0.9917587,0.98944414,0.093847215,0.11042181,-0.10140911,0.9927207,0.064974904
1356023407209,-0.15124464,-0.015219897,0.9883791,0.98568046,0.07309455,0.1519573,-0.0745579,0.99720883,0.0039468408
1356023407247,-0.18905884,0.08497509,0.9782822,0.9807515,0.0658676,0.18381467,-0.048817426,0.99420357,-0.09579229
1356023407287,-0.20552719,0.2113154,0.955565,0.9782318,0.07294953,0.19427028,-0.028655678,0.97469187,-0.22170854
1356023407327,-0.21220067,0.3241559,0.92189693,0.9770733,0.08705786,0.1942899,-0.017278165,0.9419893,-0.33519787
1356023407367,-0.2255975,0.394922,0.8905854,0.9741206,0.104537725,0.20040175,-0.013956755,0.91274774,-0.40828514
1356023407412,-0.2603034,0.4123569,0.8730428,0.965311,0.13026306,0.22628775,-0.020413876,0.9016614,-0.43196058
1356023407447,-0.30898768,0.3956615,0.86485755,0.95049644,0.1599353,0.2664155,-0.032910883,0.90436316,-0.42549288
1356023407487,-0.37373552,0.341142,0.86252177,0.9260021,0.19067559,0.32582647,-0.053308755,0.92046994,-0.38716048
1356023407527,-0.4419319,0.26053122,0.858382,0.8936676,0.21086907,0.39609662,-0.077810675,0.94215596,-0.32601804
1356023407567,-0.5008524,0.16780066,0.8491112,0.85932004,0.21373427,0.46463615,-0.10351792,0.96237236,-0.25124377
1356023407607,-0.54284716,0.07425633,0.83654237,0.8297616,0.2012102,0.5205864,-0.12966403,0.9767295,-0.17084152
1356023407663,-0.5691262,-0.02144143,0.8219706,0.8066828,0.17904133,0.56321144,-0.15924275,0.9836079,-0.08460069
1356023407698,-0.5589396,-0.09261078,0.8240205,0.80831724,0.16080648,0.5663608,-0.18495893,0.9826314,-0.015022218
1356023407738,-0.527876,-0.13891071,0.8378847,0.8239264,0.15568393,0.54489255,-0.20613664,0.977991,0.032270372
1356023407778,-0.47180575,-0.15824634,0.86738545,0.85307366,0.16672266,0.494438,-0.22285587,0.9732223,0.056335032
1356023407819,-0.38615954,-0.15139294,0.90992355,0.89183736,0.19067132,0.41020787,-0.23559883,0.96990955,0.061388373
1356023407852,-0.27350938,-0.1262128,0.9535527,0.9301435,0.21780616,0.29562384,-0.24500117,0.96779686,0.057824075
1356023407889,-0.14941856,-0.08973077,0.9846941,0.9563031,0.24000373,0.16698092,-0.2513136,0.9666161,0.04994881
1356023407930,-0.024305284,-0.052229464,0.9983393,0.96695286,0.25229418,0.036740214,-0.25379416,0.96624005,0.044371307
1356023407969,0.0847165,-0.024714023,0.9960985,0.96400654,0.25488532,-0.07566318,-0.25202093,0.9666554,0.045417488
1356023408011,0.1573109,-0.016255826,0.9874153,0.9568045,0.25005418,-0.14831746,-0.24449632,0.9680954,0.054889917
1356023408049,0.18564385,-0.025541276,0.98228514,0.95471406,0.24122423,-0.17416081,-0.2325027,0.9701332,0.06916639
1356023408090,0.16872239,-0.05085808,0.9843506,0.96191615,0.2263915,-0.15318012,-0.21505815,0.97270775,0.087118566
1356023408129,0.10213897,-0.08796325,0.99087334,0.9761046,0.20091596,-0.08278057,-0.19180056,0.97565114,0.10638267
1356023408169,-0.0057556033,-0.12537,0.9920934,0.98671806,0.16034973,0.025987685,-0.16233999,0.9790661,0.12278193
1356023408209,-0.009956062,-0.1296111,0.9915149,0.991827,0.12485361,0.026280075,-0.1272004,0.983673,0.12730879
1356023408250,-0.23971355,-0.12210336,0.9631345,0.96680176,0.060408592,0.2482847,-0.08849797,0.99067736,0.10356891
1356023408289,-0.36065108,-0.050750762,0.9313191,0.9312935,0.03523779,0.36256137,-0.051217884,0.99808955,0.034555256
1356023408328,-0.41106743,0.06287873,0.90943384,0.9113509,0.05189818,0.40834564,-0.021521688,0.9966709,-0.078638196
1356023408369,-0.42611516,0.1862393,0.88529134,0.9046599,0.092074454,0.41606808,-0.004024476,0.9781805,-0.2077176
1356023408409,-0.44379303,0.27910778,0.85155535,0.89612925,0.1381326,0.42174837,8.568168E-5,0.9502727,-0.311419
1356023408449,-0.49060497,0.3169591,0.8116919,0.8713355,0.18807915,0.4532115,-0.0090127885,0.92960376,-0.36845028
1356023408488,-0.5697246,0.29583344,0.76674414,0.82128763,0.23901165,0.5180348,-0.030008763,0.92485464,-0.3791352
1356023408528,-0.6605113,0.23014739,0.7146726,0.7485926,0.27506715,0.6032803,-0.057739556,0.93347216,-0.3539716
1356023408568,-0.7389286,0.14254332,0.65853316,0.66813064,0.28135377,0.6887972,-0.08709735,0.9489581,-0.3031379
1356023408608,-0.79148763,0.056076825,0.6086071,0.6002576,0.2587793,0.7567854,-0.11505681,0.9643073,-0.2384811
1356023408664,-0.8207322,-0.021375716,0.5709131,0.5533771,0.21868497,0.8037106,-0.14202999,0.9755614,-0.16765296
1356023408688,-0.8306958,-0.086779475,0.54992163,0.5307178,0.17495221,0.8292951,-0.16817577,0.98074514,-0.09927666
1356023408728,-0.8253511,-0.13970841,0.5470622,0.53065085,0.13906199,0.8361049,-0.19288643,0.98037916,-0.040638506
1356023408768,-0.80568564,-0.17920572,0.56458473,0.5517844,0.119567454,0.82537115,-0.2154172,0.97651875,0.002549231
1356023408808,-0.76917,-0.20382571,0.60566705,0.5940275,0.121376336,0.7952352,-0.23560305,0.97145396,0.02771902
1356023408849,-0.70918065,-0.21139634,0.6725879,0.65799576,0.14413887,0.7390979,-0.25318864,0.96671385,0.036877394
1356023408889,-0.6137729,-0.19851282,0.76411736,0.7432753,0.18096411,0.6440449,-0.266129,0.96324694,0.036478817
1356023408929,-0.47262907,-0.16384572,0.86589634,0.83851045,0.21870959,0.49906558,-0.27114955,0.96193594,0.0340178
1356023408969,-0.29430354,-0.1164476,0.94859123,0.91774976,0.24252939,0.31450737,-0.26668486,0.96313,0.03549254
1356023409009,-0.12047103,-0.07606396,0.9897985,0.95967746,0.24616775,0.13572237,-0.25397998,0.9662379,0.043340802
1356023409049,0.008396238,-0.05582416,0.99840534,0.97147536,0.23708591,0.005086541,-0.2369918,0.96988344,0.05622244
1356023409090,0.07408205,-0.058354616,0.99554336,0.9732865,0.22176984,-0.059426576,-0.21731368,0.97335136,0.0732249
1356023409129,0.074240655,-0.07794103,0.99418986,0.9775529,0.20280477,-0.057099015,-0.19717601,0.97611237,0.091247916
1356023409169,0.01962161,-0.10776326,0.9939829,0.98431075,0.17644322,-3.015101E-4,-0.17534909,0.97839403,0.10953462
1356023409209,-0.08306152,-0.13809195,0.98693025,0.98503494,0.13870484,0.102309704,-0.15102014,0.98065877,0.12450433
1356023409250,-0.20268875,-0.15014333,0.96766436,0.97140986,0.093911886,0.2180447,-0.12361321,0.98419386,0.12681574
1356023409289,-0.2996804,-0.122365534,0.9461597,0.9494769,0.058624327,0.3083129,-0.09319481,0.9907522,0.09861469
1356023409328,-0.3542415,-0.044028252,0.9341171,0.93313134,0.04902184,0.3561782,-0.061474115,0.99782693,0.023718476
1356023409368,-0.36028934,0.08231765,0.9292015,0.9323012,0.06564474,0.35567573,-0.03171882,0.99444187,-0.10039592
1356023409408,-0.34568584,0.22121522,0.91190195,0.938306,0.09093416,0.33363575,-0.009117693,0.9709762,-0.23900223
1356023409448,-0.34958637,0.32595372,0.8783756,0.936903,0.12011886,0.3283052,0.0015028119,0.93772364,-0.34737897
1356023409488,-0.40146372,0.3699025,0.8378538,0.9158709,0.1648489,0.36606738,-0.0027100742,0.9143287,-0.4049638
1356023409528,-0.50312424,0.34841433,0.7908689,0.8639431,0.22569439,0.45018268,-0.021644592,0.90976346,-0.41456252
1356023409568,-0.62625766,0.2737142,0.7299876,0.7779993,0.27968934,0.56257534,-0.050184876,0.92024696,-0.38810706
1356023409607,-0.73188496,0.17490113,0.6586001,0.67660916,0.3012644,0.6718927,-0.08089796,0.93736297,-0.3388306
1356023409665,-0.80265534,0.07878479,0.5912168,0.58628905,0.28634477,0.75780725,-0.10958819,0.954882,-0.27602684
1356023409688,-0.8407291,-3.2284856E-4,0.54145575,0.5243584,0.24882656,0.81433016,-0.1349915,0.968548,-0.2090264
1356023409728,-0.8563891,-0.0631576,0.5124538,0.4915772,0.2038883,0.8466295,-0.15795445,0.9769548,-0.14356095
1356023409786,-0.855785,-0.112550855,0.50493985,0.4851784,0.16412008,0.8588751,-0.1795379,0.9799984,-0.08584428
1356023409807,-0.84155256,-0.15037578,0.5188221,0.50144446,0.1396575,0.85384375,-0.20085481,0.9787149,-0.042123973
1356023409847,-0.81388557,-0.17715536,0.55335903,0.53665715,0.13581002,0.8327993,-0.22268654,0.97476745,-0.015462041
1356023409885,-0.7696321,-0.19117345,0.6091955,0.5902173,0.1509093,0.7930132,-0.24353637,0.96988606,-0.0033107996
1356023409928,-0.7038132,-0.18978816,0.68456364,0.6612517,0.1771279,0.7289526,-0.25960186,0.96571535,8.328557E-4
1356023409968,-0.61157477,-0.17264217,0.7721211,0.74496466,0.20302325,0.63545984,-0.26646566,0.9638341,0.0044484735
1356023410007,-0.49767578,-0.14680123,0.8548498,0.8262915,0.21944642,0.51873463,-0.2637446,0.9645168,0.012087464
1356023410049,-0.3866738,-0.12564832,0.9136168,0.8871979,0.219724,0.40571076,-0.2517204,0.96743673,0.026513398
1356023410088,-0.30090386,-0.11633861,0.94653165,0.9239801,0.2101028,0.31955847,-0.23604593,0.9707328,0.044273794
1356023410128,-0.25461596,-0.12148014,0.9593817,0.94242775,0.19123805,0.27433172,-0.21679607,0.97399724,0.06579405
1356023410167,-0.2513867,-0.13710773,0.95812637,0.94803274,0.16459388,0.27229175,-0.19503504,0.97678566,0.08860588
1356023410209,-0.27976733,-0.15518236,0.94744325,0.9451302,0.12888741,0.3001949,-0.16869852,0.979442,0.110608995
1356023410247,-0.32948834,-0.16455075,0.9297099,0.93393636,0.08771187,0.34651047,-0.1385651,0.98246104,0.12477982
1356023410288,-0.37266326,-0.14617097,0.91638213,0.9222654,0.05095756,0.38318393,-0.10270697,0.98794603,0.11581838
1356023410327,-0.40334213,-0.08528301,0.9110664,0.91292024,0.030375361,0.4070062,-0.062384695,0.99589366,0.065604925
1356023410368,-0.41627598,0.022981018,0.9089478,0.9089645,0.035051227,0.41539735,-0.022313446,0.99912125,-0.035479903
1356023410407,-0.4213465,0.15422213,0.89369047,0.9068506,0.061381042,0.41695863,0.009448558,0.9861278,-0.16571915
1356023410447,-0.435647,0.26524064,0.8601506,0.8997277,0.10019785,0.42479438,0.0264875,0.9589618,-0.2822953
1356023410487,-0.47147623,0.32658482,0.8191779,0.88147163,0.14630029,0.44900322,0.026791632,0.9337765,-0.3568524
1356023410527,-0.5281887,0.33287716,0.78115904,0.84905684,0.19521868,0.49090946,0.010915756,0.92254126,-0.38574398
1356023410566,-0.59460354,0.29381335,0.7484119,0.8038405,0.23685238,0.5456568,-0.016941875,0.9260533,-0.3770123
1356023410607,-0.65616024,0.22559765,0.7201108,0.7529254,0.25966692,0.6047118,-0.05056736,0.9389775,-0.3402413
1356023410666,-0.7020651,0.14529142,0.6971335,0.70704854,0.2587672,0.6581199,-0.0847761,0.9549502,-0.28439957
1356023410688,-0.7281013,0.06615311,0.68227,0.6754223,0.23902875,0.6976173,-0.11693257,0.96875644,-0.21871841
1356023410728,-0.7362103,-0.0071624815,0.6767149,0.66061425,0.2094655,0.7209112,-0.14691192,0.9777898,-0.14947897
1356023410769,-0.7278634,-0.070937306,0.6820431,0.66319025,0.18005258,0.7264707,-0.17433748,0.9810958,-0.08400869
1356023410809,-0.70480365,-0.121607274,0.69890153,0.68107486,0.15962934,0.7146016,-0.19846591,0.9796582,-0.02968365
1356023410849,-0.6686997,-0.15642244,0.7268926,0.7104571,0.15391845,0.68670213,-0.2192978,0.9756235,0.008206248
1356023410889,-0.6183556,-0.17330748,0.7665513,0.74936265,0.1639188,0.64154994,-0.23683757,0.97113085,0.028510094
1356023410931,-0.5542706,-0.17261669,0.81424046,0.7937168,0.18491226,0.5795007,-0.25059453,0.9674766,0.034517348
1356023410969,-0.47666895,-0.15886071,0.8646097,0.84030306,0.2065618,0.50122154,-0.25821975,0.9654509,0.03502953
1356023411010,-0.39522183,-0.13979816,0.90788555,0.8819822,0.21847034,0.41758612,-0.25672385,0.9657781,0.036955237
1356023411049,-0.31895703,-0.12418085,0.93959856,0.9146871,0.21931052,0.33948547,-0.2482214,0.96772,0.043636024
1356023411090,-0.2611664,-0.11879939,0.95795554,0.93623,0.21051288,0.2813498,-0.23508614,0.97034585,0.05624467
1356023411129,-0.2294457,-0.12499827,0.9652617,0.9480222,0.19594061,0.25072145,-0.22047374,0.97261643,0.07354343
1356023411170,-0.22645384,-0.14046478,0.9638405,0.9521543,0.17658114,0.24944213,-0.20523396,0.97421193,0.093756616
1356023411209,-0.24975407,-0.1617552,0.9547032,0.9500276,0.14974928,0.2739029,-0.18727136,0.9754027,0.11627138
1356023411248,-0.29528886,-0.18238962,0.9378371,0.941113,0.113640845,0.3184211,-0.16465333,0.9766369,0.1380924
1356023411288,-0.35196877,-0.19089764,0.91633844,0.92623335,0.07010555,0.37037426,-0.13494405,0.9791034,0.15214074
1356023411329,-0.41236013,-0.17200208,0.8946364,0.9057057,0.028524399,0.42294633,-0.09826657,0.9846835,0.14402097
1356023411370,-0.4677164,-0.10788962,0.87726915,0.88207126,0.0064632893,0.47107157,-0.05649379,0.9941418,0.09214336
1356023411409,-0.5166886,0.004519373,0.8561615,0.85603285,0.020843506,0.51650095,-0.0155110955,0.99977255,-0.014638305
1356023411451,-0.5614295,0.13542679,0.81636786,0.82737064,0.07283664,0.5569135,0.015959501,0.9881065,-0.15294075
1356023411489,-0.60813236,0.23762205,0.757437,0.7932303,0.14464146,0.5914935,0.0309951,0.96052825,-0.2764501
1356023411529,-0.6640949,0.28199315,0.69242895,0.7471218,0.21555096,0.6287661,0.02805397,0.93488914,-0.35382956
1356023411568,-0.72816765,0.2660625,0.63165075,0.68535745,0.27248847,0.6753038,0.007555485,0.9246409,-0.3807652
1356023411609,-0.7905515,0.20643546,0.5765525,0.6118835,0.3047632,0.7298753,-0.025039881,0.9297869,-0.3672455
1356023411671,-0.84039617,0.124519154,0.5274745,0.5382828,0.305142,0.78558254,-0.06313455,0.944131,-0.32346672
1356023411690,-0.87224555,0.04336591,0.48714176,0.47885013,0.27827096,0.83262706,-0.09944978,0.9595231,-0.2634864
1356023411730,-0.8884989,-0.030497953,0.45786405,0.43931442,0.23170787,0.86793673,-0.13256098,0.9723072,-0.19247395
1356023411769,-0.8917879,-0.09152998,0.4430989,0.42271268,0.18065381,0.8880756,-0.16133304,0.97927856,-0.12241399
1356023411808,-0.8859902,-0.14197749,0.44143376,0.42442507,0.1351487,0.8953201,-0.18677452,0.9806004,-0.05948162
1356023411848,-0.87188834,-0.18194589,0.45464978,0.44261172,0.10446316,0.89060783,-0.20953658,0.97774386,-0.01054883
1356023411888,-0.8495895,-0.21114708,0.4833368,0.4745987,0.09376907,0.87519336,-0.23011655,0.97294617,0.020544946
1356023411929,-0.818231,-0.22873478,0.5274264,0.51865035,0.10205209,0.84887415,-0.24799202,0.9681249,0.035131097
1356023411969,-0.7753792,-0.2327029,0.5870576,0.5754,0.12269455,0.8086167,-0.2601962,0.9647774,0.03876239
1356023412009,-0.71593964,-0.22166936,0.66203713,0.64700514,0.14563817,0.74844766,-0.2623258,0.96418476,0.03915304
1356023412049,-0.63440543,-0.19884917,0.7469864,0.7303928,0.16219634,0.6634897,-0.25309286,0.96651506,0.0423398
1356023412088,-0.5298021,-0.172266,0.83044213,0.81470025,0.16879106,0.554773,-0.23573977,0.9704813,0.050919294
1356023412120,-0.40829062,-0.14859828,0.900676,0.8862541,0.17191255,0.430116,-0.21875203,0.9738402,0.061505556
1356023412159,-0.28900713,-0.13460436,0.9478167,0.93611455,0.16752928,0.3092306,-0.20041084,0.97663486,0.07758796
1356023412200,-0.18372881,-0.1305978,0.97426283,0.9660456,0.15917587,0.2035164,-0.18165794,0.97857416,0.096918225
1356023412239,-0.10667932,-0.13566339,0.9849949,0.9811647,0.1460908,0.12638557,-0.1610446,0.9799249,0.11752325
1356023412279,-0.06650889,-0.14522839,0.9871602,0.9882865,0.12660515,0.08521065,-0.13735452,0.98126435,0.13510692
1356023412319,-0.055790126,-0.14699474,0.98756266,0.99251544,0.099449456,0.070872545,-0.10863045,0.98412514,0.14034629
1356023412360,-0.055591583,-0.1212126,0.9910687,0.99564135,0.06771833,0.064130306,-0.07488692,0.990314,0.1169197
1356023412402,-0.03159821,-0.04168448,0.99863106,0.9987798,0.036623657,0.03313163,-0.03795463,0.99845946,0.04047638
1356023412438,0.006621182,0.075056404,0.99715734,0.99996936,0.0036655068,-0.0069157183,-0.004174143,0.9971726,-0.07502985
1356023412480,0.057700038,0.20419845,0.97722757,0.99816227,-0.029950976,-0.05267769,0.01851222,0.9784712,-0.20555139
1356023412518,0.08679554,0.30647856,0.9479122,0.99591273,-0.05056116,-0.07484335,0.024989635,0.9505338,-0.30961436
1356023412561,0.079322755,0.36467725,0.92774916,0.9967609,-0.04139334,-0.06895253,0.013257176,0.9302136,-0.36677945
1356023412599,0.032874793,0.3776783,0.92535305,0.99935734,8.176863E-4,-0.03583765,-0.0142917335,0.9259365,-0.37740868
1356023412670,-0.044527262,0.35049188,0.9355067,0.99776113,0.06237808,0.024120122,-0.049901247,0.93448615,-0.3524847
1356023412680,-0.1398139,0.288305,0.9472763,0.9863957,0.12408888,0.10782114,-0.08646113,0.9494642,-0.30173218
1356023412716,-0.22798657,0.20764837,0.9512645,0.9664197,0.16721898,0.19511706,-0.11855373,0.9638049,-0.23879915
1356023412779,-0.29834336,0.117367,0.94721496,0.94311583,0.18879366,0.2736593,-0.14670956,0.9749779,-0.16701597
1356023412797,-0.32993102,0.038396984,0.9432239,0.92838085,0.19423324,0.31683215,-0.17104,0.9802036,-0.09973055
1356023412838,-0.3294816,-0.024113148,0.943854,0.9240122,0.19719106,0.32759297,-0.19401884,0.98006845,-0.04268998
1356023412874,-0.2870472,-0.060749322,0.95598817,0.93322575,0.20739102,0.2933914,-0.21608666,0.97637004,-0.0028381944
1356023412918,-0.20282987,-0.06720659,0.976905,0.95006514,0.22809824,0.2129493,-0.23714194,0.97131586,0.017585516
1356023412957,-0.07627314,-0.043899298,0.9961201,0.9639572,0.25214022,0.08492237,-0.25489,0.9666944,0.023085475
1356023412997,0.075819135,-0.0019483268,0.9971196,0.96101,0.26682574,-0.072551966,-0.2659158,0.96374273,0.022102892
1356023413037,0.22343868,0.03980285,0.97390497,0.93715644,0.2659282,-0.22587591,-0.2679793,0.9631707,0.022117138
1356023413077,0.34229404,0.06664652,0.9372263,0.90230465,0.2549013,-0.34766608,-0.26207092,0.9646676,0.027115762
1356023413117,0.4214253,0.07350546,0.9038792,0.87153727,0.24265084,-0.42607906,-0.25064617,0.967325,0.038196445
1356023413157,0.45995802,0.06269252,0.8857248,0.8558981,0.23424791,-0.4610493,-0.23638356,0.97015333,0.05408576
1356023413197,0.45677018,0.036280096,0.8888446,0.86197203,0.2289614,-0.45230612,-0.21992078,0.9727591,0.073310316
1356023413237,0.40693748,-0.0037661493,0.9134482,0.89109397,0.22154863,-0.3960653,-0.20088157,0.97514206,0.093512446
1356023413277,0.30746335,-0.0507102,0.95020777,0.93473554,0.20304352,-0.29162103,-0.17814535,0.97785574,0.10982907
1356023413317,0.16970688,-0.08474496,0.9818442,0.9739047,0.16676944,-0.15394038,-0.15069595,0.9823473,0.11083546
1356023413357,0.032432884,-0.076089025,0.99657345,0.992466,0.120321065,-0.023112684,-0.118150204,0.9898149,0.07941812
1356023413397,-0.06149754,-0.004933417,0.998095,0.99480766,0.0809401,0.0616951,-0.08109027,0.9967067,-6.979704E-5
1356023413438,-0.11606234,0.10966873,0.98716885,0.9922738,0.056674123,0.110366374,-0.04384321,0.9923512,-0.11539918
1356023413478,-0.15762466,0.22539079,0.961433,0.98738754,0.05060458,0.15001655,-0.014840543,0.9729533,-0.2305246
1356023413517,-0.22640732,0.29928678,0.92691267,0.9740322,0.070501715,0.21515277,-9.5653534E-4,0.951555,-0.30747706
1356023413559,-0.3358551,0.3101433,0.8893888,0.9418859,0.11783168,0.31458965,-0.0072303116,0.9433594,-0.33169395
1356023413597,-0.46112812,0.27398297,0.84397525,0.8869997,0.16841543,0.42996237,-0.0243361,0.94687355,-0.32068396
1356023413675,-0.5813118,0.20082024,0.78850985,0.81223655,0.20093042,0.54763013,-0.048460394,0.9588004,-0.27991682
1356023413678,-0.669504,0.11884487,0.7332396,0.7391614,0.20428842,0.64179957,-0.0735178,0.9716698,-0.22461748
1356023413718,-0.72463053,0.04118654,0.6879058,0.68201756,0.18598092,0.7072929,-0.09880644,0.9816898,-0.16285747
1356023413757,-0.7520422,-0.027866215,0.65852565,0.64708066,0.15883398,0.74569315,-0.12537593,0.98691195,-0.10141814
1356023413797,-0.7564666,-0.086775154,0.64825016,0.6356913,0.13552839,0.759953,-0.15380137,0.98696613,-0.04736048
1356023413837,-0.73855627,-0.13258833,0.66102576,0.6488623,0.12643892,0.7503272,-0.18306401,0.9830736,-0.007350743
1356023413876,-0.69532096,-0.16195592,0.70021355,0.68686604,0.13700175,0.71375453,-0.21152729,0.9772414,0.015981793
1356023413917,-0.6171851,-0.17047378,0.7681284,0.7501432,0.16709054,0.6398172,-0.23741901,0.9710919,0.024753928
1356023413958,-0.4836161,-0.15169099,0.8620355,0.83664525,0.20926279,0.5061954,-0.25717723,0.96602213,0.025708735
1356023413999,-0.27983838,-0.103263974,0.9544773,0.92230403,0.24710906,0.2971402,-0.26654387,0.9634695,0.026090205
1356023414038,-0.022694737,-0.038155705,0.99901414,0.9638208,0.26462314,0.03200206,-0.2655833,0.9635968,0.030769706
1356023414079,0.20142686,0.009223878,0.9794601,0.9461027,0.25707108,-0.19698778,-0.25360787,0.9663485,0.043054283
1356023414117,0.3595426,0.030559093,0.93262815,0.9025538,0.24236123,-0.35588986,-0.23690858,0.9697047,0.059557974
1356023414158,0.44601196,0.026363075,0.89463866,0.8682759,0.22981012,-0.43964103,-0.21718732,0.97287834,0.079607636
1356023414197,0.46964636,0.0023071468,0.8828516,0.86088824,0.22048512,-0.45853883,-0.19571361,0.97538763,0.10156381
1356023414237,0.43299043,-0.037029266,0.9006376,0.8847348,0.20868985,-0.41676477,-0.17252144,0.9772806,0.12312177
1356023414277,0.3363473,-0.08190012,0.93816996,0.9301505,0.18468735,-0.31734946,-0.1472772,0.97937894,0.13829851
1356023414318,0.20376396,-0.10844734,0.9729951,0.9717438,0.1433475,-0.18752486,-0.11913985,0.98371273,0.13459206
1356023414358,0.098609865,-0.08130348,0.99179935,0.9913058,0.09527391,-0.090750724,-0.087114245,0.9921254,0.08999157
1356023414397,0.047466934,0.0036931932,0.99886596,0.9974308,0.053536773,-0.047596663,-0.05365181,0.998559,-0.0011424422
1356023414439,0.067545176,0.13368621,0.9887192,0.99743235,0.014589906,-0.07011315,-0.023798496,0.99091625,-0.13235748
1356023414477,0.07836205,0.252246,0.964485,0.9969175,-0.016089916,-0.07678899,-0.0038511753,0.9675293,-0.25272924
1356023414517,0.048702896,0.33112094,0.9423306,0.99881303,-0.016819477,-0.045711994,7.132888E-4,0.9434384,-0.33154708
1356023414557,-0.04690972,0.36182556,0.93106484,0.9988476,0.02645579,0.04004377,-0.010143191,0.93187034,-0.36264962
1356023414598,-0.20273125,0.34372148,0.91692734,0.9787363,0.10098904,0.17854008,-0.031231552,0.9336256,-0.35688633
1356023414675,-0.39455467,0.2759078,0.87647104,0.9170088,0.17895144,0.35647044,-0.05849281,0.94437873,-0.32361603
1356023414676,-0.5666033,0.18041065,0.803998,0.8193687,0.22656375,0.5265964,-0.087153226,0.957142,-0.27619463
1356023414716,-0.6903765,0.08089873,0.71891284,0.7140541,0.23583663,0.65917206,-0.11621979,0.96841955,-0.22058213
1356023414757,-0.7626569,-0.004350215,0.6467886,0.6305355,0.21786094,0.74495745,-0.14415067,0.97597015,-0.16341019
1356023414799,-0.7977503,-0.07219893,0.59864986,0.5784546,0.18867803,0.7935936,-0.17024867,0.9793814,-0.1087541
1356023414837,-0.8025671,-0.12003796,0.58436024,0.5645609,0.1636852,0.8089982,-0.19276163,0.97918236,-0.06359959
1356023414878,-0.78615224,-0.15077324,0.59935987,0.5806021,0.15219921,0.7998354,-0.21181592,0.9767819,-0.03211254
1356023414917,-0.74383235,-0.16345838,0.64807,0.6285528,0.15857965,0.7614288,-0.2272326,0.97372156,-0.015214384
1356023414957,-0.66907203,-0.15743273,0.72633153,0.70388293,0.17941993,0.68728256,-0.23851913,0.9710939,-0.009230673
1356023414999,-0.555384,-0.13397276,0.82073134,0.79491913,0.20433378,0.5712716,-0.24423796,0.96969014,-0.006986201
1356023415037,-0.41321337,-0.102143854,0.90488744,0.87739074,0.22138274,0.42564684,-0.24380371,0.9698228,-0.0018582344
1356023415077,-0.28094506,-0.07813293,0.9565381,0.92987746,0.22446597,0.29144967,-0.23748207,0.9713446,0.00959146
1356023415117,-0.18987179,-0.07150507,0.97920156,0.9551232,0.2174958,0.20108527,-0.22735083,0.97343856,0.026999831
1356023415157,-0.15228376,-0.08218777,0.9849137,0.9646244,0.20462194,0.16622171,-0.2151964,0.9753846,0.048119664
1356023415198,-0.16627067,-0.10641709,0.98032117,0.96547866,0.18458593,0.18379071,-0.20051196,0.97703815,0.07205218
1356023415237,-0.22277844,-0.13666782,0.9652418,0.9575614,0.1550672,0.24296165,-0.18288243,0.9784049,0.09632218
1356023415279,-0.2994939,-0.16235977,0.94018227,0.9406766,0.114456534,0.3194169,-0.1594705,0.98007095,0.11844897
1356023415318,-0.38309813,-0.17179674,0.9075911,0.91432697,0.069146335,0.39902997,-0.13130865,0.98270273,0.13058859
1356023415358,-0.44260257,-0.14643982,0.88467985,0.8914299,0.03513229,0.45179492,-0.09724158,0.98859555,0.11499113
1356023415397,-0.48200893,-0.07878208,0.87261724,0.87407404,0.025550902,0.48512042,-0.060514987,0.9965644,0.056545556
1356023415437,-0.49909836,0.032340527,0.8659415,0.866155,0.048606277,0.4974061,-0.026003808,0.99829423,-0.052271187
1356023415476,-0.51086587,0.15812275,0.844993,0.85966027,0.09352648,0.50223196,3.85046E-4,0.98298013,-0.18371135
1356023415516,-0.53642774,0.256116,0.80414546,0.8438268,0.1467346,0.51616406,0.014201909,0.9554442,-0.29483008
1356023415557,-0.5883667,0.29775712,0.7517748,0.80850124,0.20254248,0.5525415,0.012256831,0.93290794,-0.35990632
1356023415597,-0.6623273,0.27915394,0.69526666,0.7491921,0.253977,0.6117245,-0.0058164597,0.92605007,-0.37735587
1356023415669,-0.74914855,0.19532672,0.63294864,0.6609831,0.28294492,0.69501334,-0.04333496,0.93903655,-0.34107548
1356023415688,-0.8102436,0.10759309,0.57613283,0.5807893,0.2793436,0.76462466,-0.078670666,0.95414406,-0.28882527
1356023415728,-0.84634393,0.030682966,0.53175235,0.52155846,0.2502966,0.8156766,-0.10806844,0.9676829,-0.22784
1356023415785,-0.8629234,-0.031336293,0.50436234,0.4878496,0.20861739,0.8476329,-0.13178045,0.9774952,-0.16473347
1356023415807,-0.86570066,-0.08121149,0.49393028,0.47687685,0.16613334,0.863127,-0.15215409,0.9827535,-0.10509384
1356023415847,-0.85754365,-0.12130682,0.49990353,0.48504,0.13299626,0.86431944,-0.17133316,0.9836649,-0.055211425
1356023415884,-0.8393469,-0.15236196,0.521807,0.5090786,0.116289675,0.852828,-0.19061933,0.9814594,-0.020043194
1356023415928,-0.81085116,-0.17439318,0.55866575,0.5459448,0.11854321,0.8293924,-0.2108664,0.97751445,-9.1183186E-4
1356023415967,-0.7692812,-0.18586643,0.6112776,0.5958961,0.13638967,0.7913948,-0.23046571,0.973063,0.005834937
1356023416007,-0.7113477,-0.18464963,0.678151,0.65867615,0.16149312,0.7348916,-0.24521418,0.9694454,0.00674659
1356023416047,-0.6343305,-0.17107013,0.7538964,0.7312757,0.18349755,0.65693563,-0.2507202,0.9680205,0.008701324
1356023416087,-0.5423112,-0.15148067,0.82640934,0.80317664,0.1952157,0.56284827,-0.24658874,0.96899146,0.015797973
1356023416128,-0.4494846,-0.13535753,0.8829733,0.8617637,0.19456953,0.4685147,-0.23521662,0.97150457,0.029190242
1356023416167,-0.37042665,-0.12775138,0.92003465,0.9021894,0.18617481,0.38909298,-0.22099444,0.9741759,0.04629177
1356023416209,-0.3153606,-0.13017073,0.9400017,0.9267329,0.17094356,0.33458114,-0.20423993,0.97664416,0.06672466
1356023416248,-0.28629458,-0.13882801,0.94803077,0.93990314,0.15144455,0.30601743,-0.18605798,0.9786682,0.08712709
1356023416288,-0.2771622,-0.14893776,0.94920945,0.9468003,0.1258303,0.29620245,-0.16355503,0.980808,0.106138945
1356023416327,-0.28399068,-0.15251824,0.9466189,0.9489838,0.09639102,0.30023053,-0.13703617,0.9835888,0.117363214
1356023416368,-0.29177076,-0.1315167,0.9474035,0.9507235,0.06870812,0.30233112,-0.104855955,0.9889301,0.10498893
1356023416407,-0.29879898,-0.07346192,0.9514843,0.95177686,0.04974383,0.30273145,-0.06956971,0.9960566,0.055055976
1356023416447,-0.29866892,0.03266412,0.9537977,0.95373505,0.04628557,0.29706413,-0.034443706,0.9983941,-0.04497695
1356023416487,-0.30048943,0.16370982,0.9396304,0.95377296,0.056561053,0.2951576,-0.0048262775,0.98488575,-0.17313796
1356023416527,-0.31348443,0.27689672,0.9083258,0.9494952,0.07764983,0.30402195,0.013651371,0.9577571,-0.2872541
1356023416566,-0.34167555,0.34243837,0.8752107,0.9396666,0.1077607,0.32467574,0.016868114,0.93334,-0.3585971
1356023416607,-0.3811725,0.3545553,0.8538139,0.92449933,0.14325324,0.3532415,0.002932012,0.92399627,-0.38239038
1356023416668,-0.42287296,0.3240879,0.84625375,0.9058775,0.17566735,0.385392,-0.023758292,0.9295741,-0.3678689
1356023416688,-0.45677525,0.26771963,0.84834105,0.8878267,0.19707578,0.4158424,-0.055858314,0.9431263,-0.327708
1356023416728,-0.47698414,0.1979427,0.8563322,0.87441194,0.20533842,0.43959042,-0.08882418,0.95846474,-0.27102667
1356023416768,-0.47983462,0.12563285,0.8683174,0.8690783,0.20371526,0.45078045,-0.12025666,0.9709359,-0.20693445
1356023416808,-0.46514136,0.057095885,0.8833932,0.87248087,0.19836336,0.4465749,-0.14973527,0.9784641,-0.1420821
1356023416848,-0.43299246,-0.0020259023,0.9013953,0.8838225,0.19555229,0.42499074,-0.17713085,0.9806912,-0.08288211
1356023416888,-0.38424808,-0.046522856,0.9220569,0.9007169,0.20031941,0.38546228,-0.20263872,0.9786254,-0.035068452
1356023416928,-0.3183964,-0.07094967,0.9452988,0.92058015,0.21478242,0.32619116,-0.22617671,0.9740814,-0.0030710697
1356023416969,-0.23524874,-0.07296401,0.9691926,0.94005793,0.23620963,0.24595958,-0.24687883,0.9689589,0.013022363
1356023417010,-0.13714534,-0.05575192,0.9889807,0.95509875,0.25727803,0.1469504,-0.26263577,0.9647279,0.017964125
1356023417050,-0.029311895,-0.027856916,0.99918205,0.96236765,0.2693901,0.03574246,-0.27016538,0.9626282,0.018912315
1356023417089,0.080911785,-5.9619546E-4,0.9967211,0.95996475,0.26910946,-0.077767074,-0.26818067,0.96310943,0.022346437
1356023417131,0.18148476,0.015730023,0.9832679,0.9491827,0.25863594,-0.1793311,-0.25712928,0.9658468,0.032007813
1356023417169,0.2668068,0.020895362,0.9635235,0.9327544,0.24591449,-0.26361963,-0.24245286,0.96906626,0.04612139
1356023417210,0.32886592,0.013333529,0.94428253,0.91706073,0.2342414,-0.32269296,-0.22549272,0.972087,0.06480634
1356023417249,0.3634363,-0.0035456717,0.93161225,0.9080522,0.22484902,-0.35338938,-0.20821905,0.97438717,0.08493799
1356023417289,0.3683637,-0.029496461,0.92921376,0.91024065,0.21477547,-0.35402465,-0.18912986,0.976218,0.10596436
1356023417328,0.33750677,-0.062196523,0.9392661,0.926437,0.1986987,-0.31973943,-0.16674423,0.97808504,0.12468332
1356023417370,0.27102637,-0.090864,0.95827377,0.95241255,0.16957182,-0.25328985,-0.13948134,0.98132014,0.13249844
1356023417409,0.17912978,-0.09274268,0.9794444,0.97803986,0.12459487,-0.16707513,-0.10653877,0.9878638,0.11302471
1356023417447,0.08305892,-0.043783784,0.9955824,0.99414086,0.07298842,-0.07972881,-0.069175184,0.99637127,0.049589574
1356023417487,0.0027998984,0.05994913,0.99819744,0.9995049,0.031111509,-0.0046720207,-0.031335443,0.9977164,-0.059832335
1356023417527,-0.06397861,0.18668133,0.9803351,0.9979513,0.01200521,0.06284216,-3.772974E-5,0.98234725,-0.18706697
1356023417567,-0.13774955,0.28972447,0.9471456,0.99031436,0.023495674,0.13684073,0.017392278,0.9568217,-0.2901548
1356023417607,-0.23831475,0.34084773,0.9094113,0.97104955,0.067816496,0.22904962,0.016397893,0.93766934,-0.34714174
1356023417668,-0.37414333,0.3311571,0.86622846,0.92736673,0.13639596,0.3484065,-0.0027727485,0.93366545,-0.3581357
1356023417681,-0.5171225,0.2832618,0.80768,0.8554698,0.20135877,0.4771017,-0.027488738,0.93766594,-0.34644914
1356023417718,-0.65609723,0.191506,0.7299739,0.7522384,0.24364,0.61219037,-0.060612738,0.95077074,-0.30390966
1356023417758,-0.7642733,0.086167246,0.6391099,0.6378964,0.24659193,0.72957563,-0.094733834,0.9652811,-0.24342942
1356023417798,-0.8326102,-0.0079340935,0.5538026,0.53931224,0.21604759,0.81391996,-0.12610543,0.9763506,-0.17560446
1356023417838,-0.8695493,-0.08175963,0.48703122,0.46928585,0.1703378,0.8664617,-0.15380137,0.981988,-0.10974848
1356023417879,-0.8865128,-0.13676974,0.44202846,0.42697385,0.12630308,0.89539987,-0.17829317,0.982518,-0.053572237
1356023417918,-0.8914342,-0.17703457,0.41713765,0.4063838,0.09496051,0.90875447,-0.20049259,0.9796128,-0.012707055
1356023417958,-0.88890076,-0.20609754,0.40912008,0.40112782,0.0811578,0.9124198,-0.22125077,0.9751601,0.010530233
1356023417998,-0.8814599,-0.22600222,0.41467017,0.406457,0.08402765,0.9097977,-0.24046008,0.9704959,0.017793238
1356023418040,-0.8704002,-0.23702227,0.4315369,0.42117006,0.09549385,0.9019406,-0.2549891,0.9667996,0.016708791
1356023418081,-0.8572746,-0.23814714,0.4564714,0.44397587,0.10699451,0.8896278,-0.26070222,0.9653176,0.014007986
1356023418119,-0.8443835,-0.23197554,0.48291174,0.47005296,0.11167526,0.87554485,-0.25703427,0.9662898,0.014744163
1356023418160,-0.83555406,-0.22219762,0.5024715,0.49159917,0.10599536,0.86434674,-0.24531542,0.969223,0.020667315
1356023418198,-0.83751506,-0.21369252,0.50289553,0.49592885,0.089111805,0.86377865,-0.22939695,0.9728281,0.031343877
1356023418239,-0.85367477,-0.20776266,0.4775709,0.47572285,0.062125504,0.8773985,-0.21195997,0.9762044,0.045802534
1356023418279,-0.8806679,-0.2015509,0.42872065,0.43252045,0.027106345,0.90121657,-0.19326206,0.9791029,0.06330317
1356023418319,-0.91103023,-0.19042456,0.3657355,0.37461072,-0.011577666,0.9271099,-0.17231014,0.9816336,0.081882715
1356023418359,-0.93772286,-0.16983016,0.30304044,0.31452245,-0.044709504,0.9481966,-0.14748357,0.9844586,0.09534049
1356023418399,-0.9582036,-0.13704842,0.25112438,0.2606565,-0.05642569,0.96378124,-0.11791484,0.988956,0.08978993
1356023418442,-0.97210324,-0.089700155,0.21672346,0.21942282,-0.021294773,0.9753974,-0.08287822,0.99574107,0.04038304
1356023418479,-0.9809872,-0.036349304,0.19063774,0.18840387,0.057303607,0.98041844,-0.046561755,0.99769485,-0.0493657
1356023418508,-0.98550844,0.0130839795,0.16912103,0.16908532,0.15534365,0.97328234,-0.013537474,0.9877739,-0.15530479
1356023418548,-0.988058,0.04785536,0.14646286,0.15387855,0.25754064,0.9539362,0.007930808,0.9650817,-0.26182908
1356023418588,-0.9907015,0.056100804,0.123949036,0.13556464,0.32984746,0.93425,0.0115279,0.9423659,-0.3343857
1356023418628,-0.99380165,0.03601864,0.10517068,0.11107518,0.36027712,0.9262088,-0.004529804,0.9321497,-0.3620448
