1356023342348,0.053821325,-0.038468927,0.9978093,0.8949472,-0.4413693,-0.06528929,0.442914,0.8965006,0.010672584
1356023342527,0.48253968,-0.22315565,-0.8469693,-0.755649,0.3828995,-0.53139687,0.44288832,0.89643157,0.016136855
1356023342569,0.53449243,-0.24602155,-0.80857354,-0.71984744,0.36879763,-0.58805436,0.442874,0.8963602,0.020021558
1356023342607,0.56813693,-0.2603908,-0.7806517,-0.69356704,0.35906738,-0.62452817,0.44292796,0.8962518,0.023400962
1356023342647,0.5967463,-0.27288568,-0.75460404,-0.6689614,0.35016468,-0.65564877,0.44315284,0.89605695,0.026409507
1356023342686,0.62423563,-0.28582108,-0.72707367,-0.64307356,0.340467,-0.6859581,0.4436059,0.8957613,0.02872765
1356023342726,0.650015,-0.2990431,-0.6986084,-0.61653817,0.3299072,-0.71487194,0.44425344,0.8953963,0.030073166
1356023342767,0.6727978,-0.31162083,-0.67099595,-0.59106654,0.31906882,-0.7408343,0.44495332,0.89503497,0.030480146
1356023342809,0.6913374,-0.32247475,-0.6465776,-0.56877804,0.30897495,-0.76225066,0.44558287,0.8947315,0.030189395
1356023342847,0.7054165,-0.33114547,-0.62668186,-0.55080783,0.30034915,-0.77871764,0.4460922,0.89450157,0.029473722
1356023342887,0.7154195,-0.33775803,-0.6116327,-0.53739524,0.2934431,-0.7906312,0.4465214,0.89432144,0.028425336
1356023342927,0.72215396,-0.3429701,-0.60072047,-0.5278961,0.28794757,-0.79900676,0.44701144,0.894124,0.02688989
1356023342967,0.72653687,-0.347692,-0.5926672,-0.52117616,0.28325674,-0.805072,0.4477941,0.89379853,0.02458769
1356023343007,0.72959507,-0.35294417,-0.5857657,-0.5157356,0.27854553,-0.81020314,0.44911888,0.8932205,0.021199524
1356023343047,0.7319313,-0.3588765,-0.5792101,-0.5107807,0.27363387,-0.8150016,0.45097646,0.8923745,0.016974002
1356023343087,0.7338786,-0.36512312,-0.5728065,-0.5059941,0.26876226,-0.8195955,0.45320204,0.8913203,0.012488723
1356023343127,0.73535454,-0.3707647,-0.56726295,-0.50182486,0.26463577,-0.8234924,0.45543998,0.8902255,0.00854218
1356023343167,0.7362312,-0.37518993,-0.56320167,-0.4987531,0.26167145,-0.82630104,0.45739365,0.88924724,0.0055235624
1356023343207,0.7364649,-0.3783171,-0.5607991,-0.49704215,0.25972137,-0.8279456,0.45887747,0.88849366,0.0032361448
1356023343247,0.7362584,-0.38059303,-0.5595289,-0.49644443,0.25810203,-0.8288102,0.4598549,0.88799345,0.0010865033
1356023343287,0.7358863,-0.38250732,-0.55871236,-0.49654263,0.25613862,-0.8293603,0.4603442,0.88773936,-0.0014423132
1356023343345,0.73564583,-0.38440153,-0.55772823,-0.49680176,0.25351292,-0.8300116,0.46044904,0.8876749,-0.0044756234
1356023343410,0.73579836,-0.38653964,-0.55604666,-0.49658847,0.25029653,-0.83111465,0.46043533,0.8876592,-0.0077833533
1356023343414,0.7364944,-0.38910758,-0.5533275,-0.49530357,0.24690899,-0.8328928,0.4607064,0.887486,-0.010879278
1356023343434,0.7375925,-0.3917393,-0.5499978,-0.49311483,0.24394792,-0.8350612,0.46129715,0.88714695,-0.013238311
1356023343464,0.73872566,-0.39423594,-0.546683,-0.4904227,0.24199256,-0.83721274,0.46235254,0.88657635,-0.014576107
1356023343507,0.7397506,-0.3963063,-0.5437925,-0.48704103,0.24226406,-0.83910614,0.46428442,0.8855786,-0.013802439
1356023343547,0.74038154,-0.3968762,-0.5425168,-0.48403576,0.2452442,-0.83997893,0.46641672,0.8845024,-0.010527968
1356023343587,0.74006593,-0.39384177,-0.54515237,-0.48336992,0.2521091,-0.8383284,0.46760663,0.8839286,-0.0037938952
1356023343627,0.7381468,-0.38435772,-0.55444425,-0.48779455,0.26365852,-0.8321903,0.46604267,0.88473344,0.0071310997
1356023343667,0.73356354,-0.36511627,-0.57321423,-0.5004521,0.28044868,-0.8190825,0.4598175,0.88771534,0.023003727
1356023343707,0.7253326,-0.3350468,-0.60136205,-0.5224429,0.30092975,-0.7978062,0.44827014,0.8928521,0.04323134
1356023343747,0.71297014,-0.2960729,-0.6356213,-0.55216706,0.3216552,-0.76918757,0.43218648,0.89937687,0.06584886
1356023343787,0.69678247,-0.2519765,-0.6715668,-0.5865036,0.33884373,-0.73566186,0.41292566,0.9064727,0.08831525
1356023343827,0.6776715,-0.20663483,-0.705736,-0.6224234,0.34989145,-0.7001179,0.3915997,0.9137166,0.10849711
1356023343866,0.6574724,-0.16422035,-0.73536503,-0.6566755,0.3536771,-0.6661004,0.36946896,0.92083883,0.12469345
1356023343907,0.6393641,-0.12961915,-0.75789994,-0.68549085,0.3504157,-0.63820934,0.3483042,0.92758167,0.13519049
1356023343947,0.62736213,-0.10765192,-0.7712508,-0.7054174,0.34094995,-0.6214011,0.32985288,0.93389726,0.13795957
1356023343987,0.62429285,-0.10081068,-0.77465844,-0.7150779,0.32550287,-0.6186368,0.31451872,0.94015163,0.1311216
1356023344027,0.6298718,-0.10754776,-0.76921713,-0.71602494,0.30333465,-0.6287261,0.30094835,0.94679546,0.11405504
1356023344067,0.64112544,-0.12328738,-0.75746846,-0.71158195,0.27415362,-0.64690876,0.28741837,0.9537505,0.08803782
1356023344107,0.6546081,-0.14328223,-0.7422657,-0.70463556,0.2399984,-0.6677495,0.27381918,0.96014106,0.056143165
1356023344147,0.6674899,-0.16367659,-0.7264071,-0.6968421,0.20650426,-0.686853,0.26242787,0.96465844,0.02378276
1356023344187,0.67816174,-0.18246898,-0.7119001,-0.68878734,0.17996368,-0.70227134,0.25625893,0.9666014,-0.0036378503
1356023344227,0.68567836,-0.19847141,-0.7003244,-0.68089825,0.16525221,-0.71349096,0.25733772,0.96607494,-0.02182898
1356023344267,0.6897384,-0.21157949,-0.6924558,-0.673568,0.16337356,-0.72084343,0.26564467,0.96360946,-0.029828161
1356023344307,0.69054735,-0.22264123,-0.68816805,-0.66687775,0.1723828,-0.72495395,0.280033,0.959539,-0.029435992
1356023344348,0.6884462,-0.23279482,-0.6869122,-0.6606589,0.18953061,-0.7263663,0.2992852,0.95387876,-0.023316324
1356023344390,0.6834123,-0.24239969,-0.68861455,-0.65566033,0.21099004,-0.7249778,0.3210252,0.946956,-0.014738649
1356023344428,0.67625844,-0.25235283,-0.6920929,-0.651357,0.23401716,-0.7217825,0.34410548,0.938911,-0.006115705
1356023344474,0.66823053,-0.26503015,-0.6951452,-0.6465082,0.25544938,-0.7188689,0.3680963,0.92978734,-6.4507127E-4
1356023344510,0.6598964,-0.28096431,-0.6968471,-0.64220136,0.27051246,-0.71721715,0.39001822,0.92080516,-0.0019254684
1356023344549,0.66130763,-0.31023186,-0.6829556,-0.63009554,0.2642671,-0.73016614,0.4070035,0.91319174,-0.020713866
1356023344589,0.681725,-0.35870728,-0.6376363,-0.6036689,0.21658608,-0.76725113,0.41332173,0.90797555,-0.06888825
1356023344629,0.72153056,-0.41492438,-0.5542846,-0.5640167,0.11210501,-0.81811833,0.4015953,0.9029231,-0.15313709
1356023344674,0.76301336,-0.45096317,-0.4630798,-0.52925426,-0.0245848,-0.848107,0.37108034,0.8922039,-0.25743273
1356023344710,0.79605764,-0.46007618,-0.3932202,-0.5045892,-0.14577073,-0.8509645,0.33418852,0.8758314,-0.34819138
1356023344749,0.8227943,-0.45273906,-0.3435649,-0.47860652,-0.22594345,-0.84846056,0.306505,0.86254096,-0.40258884
1356023344790,0.8440174,-0.4372097,-0.31061605,-0.44860795,-0.25813138,-0.8556396,0.29391417,0.86151946,-0.41400313
1356023344829,0.8624208,-0.4178558,-0.28570423,-0.41341233,-0.25573495,-0.8738935,0.29209694,0.87177753,-0.3932979
1356023344870,0.87684643,-0.3974432,-0.27051657,-0.3784143,-0.22347438,-0.8982549,0.29655176,0.8899989,-0.3463509
1356023344909,0.8874978,-0.37715626,-0.2647656,-0.3478341,-0.1714251,-0.92175096,0.30225667,0.9101464,-0.28332722
1356023344950,0.89220226,-0.3573595,-0.2761688,-0.3324693,-0.10582039,-0.9371585,0.30567822,0.9279527,-0.21322426
1356023344989,0.88467735,-0.33587098,-0.3233213,-0.35228503,-0.027373433,-0.9354924,0.30535433,0.9415102,-0.14253896
1356023345028,0.8545337,-0.30579808,-0.41983297,-0.4230154,0.059269607,-0.90418214,0.3013805,0.95024985,-0.07870941
1356023345069,0.7989023,-0.2605431,-0.54209995,-0.5251822,0.13711599,-0.8398708,0.2931531,0.95567596,-0.02729033
1356023345107,0.76050615,-0.21743296,-0.6118442,-0.5856566,0.17724326,-0.7909432,0.2804224,0.95984775,0.007453531
1356023345149,0.7539097,-0.18879065,-0.62926805,-0.6030234,0.18127859,-0.77685326,0.2607355,0.9651405,0.0228225
1356023345187,0.7627721,-0.1710441,-0.6236367,-0.6011709,0.1677756,-0.7813098,0.23826948,0.97087353,0.02514781
1356023345226,0.77161753,-0.1588761,-0.6159259,-0.5981859,0.14800578,-0.7875708,0.21628676,0.97614163,0.01916641
1356023345267,0.7783879,-0.15296459,-0.60886294,-0.59448135,0.13208777,-0.7931864,0.20175277,0.9793644,0.011880919
1356023345307,0.7818803,-0.15416765,-0.6040658,-0.590659,0.12681848,-0.7968933,0.19946188,0.97987217,0.008096352
1356023345349,0.7806246,-0.16181874,-0.6036886,-0.58872944,0.1338765,-0.79716665,0.20981619,0.9776972,0.009239852
1356023345390,0.77143854,-0.17165051,-0.6127143,-0.59419835,0.15012673,-0.7901838,0.22762026,0.973652,0.013819069
1356023345415,0.754256,-0.17959887,-0.63153946,-0.6083024,0.17086676,-0.7750953,0.24711536,0.96878725,0.019626841
1356023345455,0.7347338,-0.18910822,-0.6514632,-0.6213604,0.19770113,-0.75817245,0.27217168,0.96184844,0.027753338
1356023345497,0.70439446,-0.19711925,-0.6818888,-0.6422211,0.23213732,-0.7305232,0.30229205,0.95249987,0.036922097
1356023345548,0.66373944,-0.20894498,-0.71818656,-0.6658185,0.27242744,-0.6945999,0.34078687,0.93921524,0.041701406
1356023345588,0.5765606,-0.2059175,-0.7906806,-0.72539127,0.31634426,-0.6113377,0.37601238,0.92602605,0.033020884
1356023345629,0.4814473,-0.21894848,-0.84868723,-0.78051436,0.33342883,-0.5287935,0.39875537,0.9169988,-0.010364056
1356023345668,0.42814142,-0.27563694,-0.8606505,-0.80891633,0.30772436,-0.5009592,0.40292603,0.9106756,-0.09121767
1356023345709,0.520692,-0.39714184,-0.7557501,-0.7650496,0.17583698,-0.6195003,0.37891835,0.90075517,-0.21227628
1356023345748,0.60366064,-0.47324404,-0.641587,-0.72173584,0.017457305,-0.6919484,0.33866084,0.8807584,-0.33101892
1356023345788,0.6244463,-0.5045305,-0.5962515,-0.72199696,-0.08163118,-0.68706393,0.29797196,0.8595263,-0.41524374
1356023345829,0.57837653,-0.51836324,-0.6299049,-0.76992726,-0.09166157,-0.6315142,0.2696156,0.8502339,-0.45211685
1356023345871,0.4234767,-0.5137331,-0.74615407,-0.86904293,0.0021932125,-0.49473184,0.25579658,0.8579473,-0.44552732
1356023345909,0.05455035,-0.43091032,-0.90074444,-0.9658288,0.20613658,-0.15710631,0.25337514,0.87853515,-0.40494078
1356023345949,-0.44316578,-0.2043865,-0.87282896,-0.85861087,0.37663877,0.34775093,0.25766566,0.9035317,-0.34240186
1356023345989,-0.72650325,0.008622408,-0.687109,-0.6344252,0.37574637,0.6755141,0.26400325,0.9266825,-0.26751065
1356023346030,-0.82601917,0.12448613,-0.54972315,-0.49574167,0.30363023,0.81366384,0.26820242,0.94462264,-0.18909144
1356023346070,-0.8578875,0.1836187,-0.4799095,-0.4384199,0.22553474,0.8700127,0.26798686,0.9567749,-0.11298126
1356023346110,-0.8624732,0.21318442,-0.45901245,-0.43221414,0.16159952,0.88717335,0.26330775,0.9635549,-0.047234
1356023346150,-0.8516925,0.2249046,-0.4733264,-0.45864105,0.11703968,0.88088036,0.253512,0.96732605,0.003468573
1356023346191,-0.8234791,0.22223516,-0.5220095,-0.5143943,0.0956794,0.85219955,0.23933426,0.9702871,0.035526454
1356023346228,-0.7707844,0.20427507,-0.60345924,-0.59752023,0.09685081,0.7959833,0.22104505,0.9741106,0.04740745
1356023346268,-0.6820794,0.1716651,-0.7108438,-0.70292056,0.11416328,0.7020466,0.20166919,0.9785182,0.04279846
1356023346308,-0.5558547,0.12951928,-0.8211275,-0.810191,0.13667417,0.5700094,0.18605417,0.98211247,0.0289644
1356023346348,-0.41078794,0.08812541,-0.9074619,-0.89391387,0.15687716,0.41988978,0.17936292,0.98367846,0.014333367
1356023346389,-0.27693552,0.056675583,-0.9592157,-0.94295776,0.17591977,0.2826359,0.18476361,0.98277164,0.0047242045
1356023346424,-0.17208341,0.03625825,-0.9844149,-0.96495724,0.19476256,0.1758556,0.19810337,0.98018,0.0014722347
1356023346465,-0.10997608,0.029375702,-0.9935,-0.9696822,0.21628872,0.11373478,0.21822381,0.97588736,0.0046985745
1356023346506,-0.09596926,0.037193626,-0.99468917,-0.9655031,0.23953551,0.10211012,0.2420612,0.9701749,0.012922525
1356023346547,-0.13235873,0.062669456,-0.9892187,-0.9540177,0.26273477,0.14429373,0.26894495,0.9628307,0.025012553
1356023346597,-0.22326654,0.11018908,-0.9685094,-0.92679596,0.28383344,0.2459428,0.30199558,0.9525213,0.038752317
1356023346639,-0.36270583,0.17068148,-0.91613996,-0.87007594,0.29009336,0.3985146,0.33378518,0.9416548,0.043287218
1356023346677,-0.46663475,0.2013973,-0.8612149,-0.8081342,0.29859465,0.50770104,0.35940373,0.93288815,0.023421466
1356023346719,-0.48838586,0.16352195,-0.8571697,-0.78936213,0.33596498,0.51384336,0.37200361,0.9275711,-0.03500247
1356023346758,-0.36113364,0.0059556663,-0.93249506,-0.85806024,0.38941723,0.33479387,0.36512357,0.92104226,-0.13552141
1356023346799,-0.08490184,-0.23284805,-0.96880007,-0.9353118,0.35381135,-0.0030704439,0.3434874,0.90586936,-0.24782479
1356023346839,0.17402607,-0.4057117,-0.8972808,-0.93190724,0.22659832,-0.28319976,0.31821975,0.8854666,-0.33865166
1356023346879,0.2973284,-0.4720264,-0.82993186,-0.90627605,0.1339907,-0.4008868,0.30043232,0.8713424,-0.38794696
1356023346921,0.2946226,-0.4721313,-0.83083665,-0.90941185,0.12854475,-0.39553294,0.2935432,0.8721056,-0.39148962
1356023346959,0.20555872,-0.43029952,-0.8789698,-0.93347156,0.18351507,-0.30814442,0.29389858,0.8838351,-0.36394924
1356023347000,0.01252,-0.32982042,-0.94396067,-0.9542637,0.278068,-0.10981378,0.29870406,0.9021622,-0.31125426
1356023347040,-0.23823515,-0.17414522,-0.9554671,-0.9224577,0.34834555,0.16651455,0.30383503,0.9210477,-0.24362975
1356023347080,-0.44555503,-0.017463207,-0.8950842,-0.8415256,0.3493212,0.41207933,0.30547565,0.9368403,-0.17033756
1356023347119,-0.5611683,0.09253284,-0.8225131,-0.77087533,0.30342847,0.5600736,0.3013991,0.94835055,-0.098943174
1356023347159,-0.60162944,0.15336996,-0.783913,-0.74386376,0.25001234,0.6198069,0.29104766,0.95601857,-0.036328435
1356023347199,-0.5876047,0.17741364,-0.7894589,-0.76124924,0.20949423,0.61368716,0.27426353,0.9615803,0.011956155
1356023347238,-0.5249853,0.17323801,-0.83329403,-0.8129369,0.18786657,0.5512166,0.25203976,0.96679616,0.04220438
1356023347280,-0.41658562,0.14648679,-0.8972169,-0.8804536,0.1807754,0.43831706,0.22640243,0.9725543,0.053666294
1356023347318,-0.2746336,0.10488558,-0.9558114,-0.9402927,0.1785602,0.28976884,0.20106241,0.97832274,0.049584508
1356023347402,-0.12782711,0.06013885,-0.9899714,-0.97519815,0.17422801,0.13650358,0.1806899,0.9828671,0.036376238
1356023347405,-0.0021919906,0.020633489,-0.9997847,-0.98516846,0.17149523,0.005699277,0.1715759,0.98496884,0.019951582
1356023347434,0.08258429,-0.0053908527,-0.9965695,-0.9816985,0.17174914,-0.08228102,0.17160356,0.985126,0.0088915825
1356023347478,0.12623188,-0.017827094,-0.9918406,-0.97438097,0.18538025,-0.12734178,0.1861378,0.9825052,0.0060305
1356023347517,0.124682695,-0.017214864,-0.99204725,-0.9703765,0.20641902,-0.125541,0.20693856,0.97831225,0.009032011
1356023347559,0.086036146,-0.0022493303,-0.9962895,-0.96836543,0.23491764,-0.08415514,0.23423529,0.9720127,0.018033206
1356023347597,0.0021052957,0.030394942,-0.99953574,-0.9645736,0.26374584,0.005988598,0.26380545,0.9641132,0.029873371
1356023347638,-0.11522251,0.080102384,-0.99010473,-0.94810754,0.2884844,0.13367435,0.29633743,0.954128,0.042705774
1356023347687,-0.25365007,0.13859332,-0.95731574,-0.9082997,0.30621803,0.2849949,0.3326457,0.94181865,0.04821205
1356023347729,-0.38920677,0.18625078,-0.9021245,-0.84595025,0.31529504,0.4300665,0.36453557,0.93053734,0.03484398
1356023347769,-0.44844776,0.16703889,-0.87806183,-0.80759454,0.34522486,0.4781326,0.38299555,0.92353547,-0.01991564
1356023347808,-0.4385172,0.074407846,-0.8956373,-0.8130301,0.39184672,0.43062538,0.3829944,0.9170167,-0.111335695
1356023347855,-0.342414,-0.10522154,-0.9336386,-0.8687632,0.4138575,0.27197886,0.3577753,0.90424025,-0.23312318
1356023347890,-0.2313886,-0.2683441,-0.9351207,-0.91627246,0.38315615,0.116773516,0.3269618,0.88384545,-0.3345343
1356023347931,-0.16189776,-0.36039653,-0.9186422,-0.93899965,0.34250784,0.031114727,0.3034286,0.86764205,-0.39386344
1356023347969,-0.13386814,-0.38936517,-0.9113035,-0.94729483,0.32035482,0.0022797883,0.29105282,0.8635783,-0.41172892
1356023348010,-0.14631522,-0.36374187,-0.9199368,-0.9461762,0.32284528,0.022836,0.28869084,0.87376356,-0.3914011
1356023348048,-0.17500497,-0.303429,-0.93664515,-0.940071,0.33425915,0.06736079,0.29264295,0.8923013,-0.34374177
1356023348090,-0.20484823,-0.22349724,-0.9529356,-0.93203306,0.34186578,0.12017524,0.2989172,0.9127852,-0.27833742
1356023348129,-0.22361052,-0.13969275,-0.9646161,-0.92628443,0.33843142,0.16571417,0.30330735,0.9305644,-0.2050721
1356023348169,-0.22688282,-0.06345785,-0.97185254,-0.9255867,0.32450885,0.19489282,0.30300727,0.94375163,-0.13236123
1356023348209,-0.21455556,-0.0016224086,-0.9767105,-0.93048215,0.3043515,0.20389494,0.29693252,0.9525584,-0.06680989
1356023348250,-0.18533012,0.03977573,-0.981871,-0.94041693,0.28268573,0.18895724,0.28507686,0.9583876,-0.014984429
1356023348290,-0.14003193,0.057669908,-0.9884661,-0.9534941,0.2612527,0.15031981,0.26690835,0.96354616,0.018404186
1356023348329,-0.08368012,0.05543804,-0.99494934,-0.9662149,0.23974034,0.09462163,0.24377504,0.9692528,0.033503592
1356023348392,-0.024373919,0.038339734,-0.99896747,-0.97583544,0.21613541,0.03210461,0.21714312,0.9756104,0.032145202
1356023348409,0.028838485,0.015796602,-0.99945927,-0.98065597,0.19410679,-0.025228113,0.1936033,0.9808532,0.02108872
1356023348448,0.06849742,-0.0045719743,-0.99764085,-0.98126066,0.18021232,-0.06819865,0.18009904,0.98361707,0.00785774
1356023348488,0.091121525,-0.018310606,-0.9956715,-0.9794322,0.17909995,-0.092929065,0.18002632,0.9836605,-0.0016141534
1356023348529,0.09610373,-0.023852825,-0.9950855,-0.9767543,0.19018751,-0.09889227,0.19161168,0.981458,-0.0050206184
1356023348569,0.08404881,-0.020940572,-0.9962416,-0.97380614,0.210253,-0.08657548,0.21127576,0.9774227,-0.0027205348
1356023348609,0.05488172,-0.009399921,-0.9984486,-0.9703076,0.23540881,-0.05555117,0.23556575,0.971851,0.0037988424
1356023348651,0.008653939,0.011648804,-0.9998947,-0.9644947,0.2640494,-0.005271375,0.26396018,0.9644388,0.0135203
1356023348690,-0.05592364,0.041846424,-0.9975577,-0.9541664,0.2919674,0.0657388,0.29400522,0.9555124,0.023600638
1356023348731,-0.13010108,0.07561079,-0.9886136,-0.9362185,0.31892002,0.1475974,0.3264486,0.9447608,0.029296398
1356023348769,-0.20977944,0.10356444,-0.9722484,-0.9104088,0.34195226,0.23286146,0.35657865,0.93399304,0.022551417
1356023348812,-0.26469305,0.09372038,-0.95976776,-0.8873127,0.36608616,0.2804587,0.37764245,0.92584956,-0.013741195
1356023348857,-0.24885347,-0.015220106,-0.9684216,-0.8937769,0.38882282,0.22356129,0.3731418,0.9211868,-0.110363305
1356023348900,-0.17487034,-0.1787279,-0.9682338,-0.9216968,0.37555113,0.09714174,0.34625936,0.9094051,-0.23040569
1356023348949,-0.063176155,-0.33973745,-0.9383961,-0.9508935,0.30596662,-0.046754777,0.30300224,0.88936096,-0.34238386
1356023348992,0.0178473,-0.42886665,-0.90319145,-0.9633038,0.23459369,-0.13042834,0.26781937,0.8723756,-0.40894204
1356023349028,0.047373533,-0.45372662,-0.8898808,-0.96762836,0.20024604,-0.15361258,0.24789318,0.8683511,-0.42955238
1356023349070,0.021347448,-0.42643568,-0.9042659,-0.96983254,0.21085517,-0.122330874,0.24283537,0.879598,-0.40907001
1356023349108,-0.047901824,-0.3587042,-0.9322214,-0.96747065,0.2487648,-0.046007723,0.24840704,0.8996929,-0.35895205
1356023349149,-0.14269546,-0.26113605,-0.9546968,-0.9552078,0.2889935,0.06372407,0.2592605,0.92102695,-0.29067725
1356023349188,-0.24048814,-0.14948586,-0.9590721,-0.93233943,0.31043604,0.18539879,0.27001604,0.93876696,-0.21402776
1356023349230,-0.31951407,-0.043606848,-0.94657767,-0.9062574,0.30584618,0.2918144,0.27678207,0.9510818,-0.13724124
1356023349269,-0.36673015,0.040847927,-0.92943025,-0.8879688,0.28265327,0.3627929,0.2775258,0.958352,-0.06738579
1356023349309,-0.37724906,0.095665246,-0.9211576,-0.88542247,0.25433195,0.38902745,0.2714962,0.96237385,-0.01124233
1356023349350,-0.35298944,0.11942625,-0.927974,-0.89967036,0.22899169,0.37169337,0.25688827,0.9660746,0.026612699
1356023349439,-0.29653507,0.11629486,-0.94791484,-0.9254,0.2102989,0.31529227,0.23601234,0.9706956,0.045258224
1356023349441,-0.21834552,0.09225094,-0.9715014,-0.9528161,0.19496453,0.23265928,0.21087128,0.9764623,0.045328617
1356023349464,-0.1331765,0.05936271,-0.989313,-0.9730814,0.1816048,0.14188847,0.1880869,0.98157823,0.03357923
1356023349507,-0.056887984,0.027389199,-0.9980048,-0.98296154,0.17346781,0.060791135,0.17478672,0.98445857,0.01705426
1356023349547,4.669726E-4,0.0028148293,-0.99999595,-0.98450506,0.175356,3.388524E-5,0.17535535,0.984501,0.0028530955
1356023349587,0.034807295,-0.012155414,-0.99932015,-0.9814591,0.18816951,-0.03647402,0.18848494,0.9820614,-0.0053803325
1356023349627,0.04508829,-0.016618729,-0.99884474,-0.9767129,0.2092104,-0.04757011,0.20975924,0.97772944,-0.006798744
1356023349667,0.030738175,-0.009507269,-0.9994823,-0.9714838,0.23492128,-0.032111764,0.23510492,0.97196794,-0.0020151138
1356023349707,-0.008445531,0.01020211,-0.9999123,-0.96485996,0.26254138,0.010828167,0.26262885,0.96486676,0.007626295
1356023349747,-0.07117823,0.04201427,-0.99657834,-0.9539379,0.28905234,0.08031881,0.29143777,0.95639086,0.019504786
1356023349789,-0.15047628,0.08140904,-0.9852561,-0.93457586,0.31326538,0.16862026,0.32237387,0.94616985,0.028943896
1356023349828,-0.23681381,0.11631474,-0.9645673,-0.9055625,0.33323327,0.2625111,0.35195982,0.93564224,0.026416004
1356023349880,-0.28286555,0.09347874,-0.95459354,-0.88380057,0.36128762,0.2972673,0.372671,0.9277569,-0.019579232
1356023349917,-0.29321784,0.013360441,-0.9559523,-0.87831926,0.39115268,0.27487236,0.37759575,0.9202288,-0.1029582
1356023349959,-0.24268067,-0.12903476,-0.9614864,-0.89977336,0.40044093,0.17336366,0.36264855,0.9071919,-0.21328127
1356023349999,-0.1600463,-0.27864018,-0.9469662,-0.9281081,0.36917365,0.048231512,0.33615568,0.8866062,-0.31769305
1356023350039,-0.094372824,-0.37733883,-0.92125416,-0.94533557,0.3241154,-0.035915524,0.31214496,0.86750484,-0.38729948
1356023350079,-0.071652055,-0.412255,-0.9082466,-0.9519219,0.3001753,-0.061152607,0.29784364,0.860198,-0.4139427
1356023350121,-0.09110427,-0.3940973,-0.9145421,-0.95135915,0.3058508,-0.037026227,0.29430532,0.8666848,-0.4027924
1356023350159,-0.14131327,-0.33543852,-0.93140304,-0.94345963,0.33061224,0.024074703,0.29985762,0.88214314,-0.36319256
1356023350199,-0.20507494,-0.25110573,-0.9459864,-0.9282307,0.3563979,0.10662237,0.31037405,0.8999592,-0.3061723
1356023350240,-0.2735979,-0.14876309,-0.9502704,-0.90656686,0.36998564,0.20309436,0.32137346,0.91704977,-0.2360909
1356023350279,-0.32623103,-0.051698536,-0.9438753,-0.88674235,0.362681,0.2866192,0.32750785,0.9304782,-0.16416109
1356023350320,-0.35962903,0.029940158,-0.93261486,-0.87445736,0.3379125,0.3480509,0.3255629,0.9407012,-0.09534174
1356023350358,-0.36792642,0.08529711,-0.92593443,-0.8751939,0.3046158,0.37582555,0.31411102,0.94864833,-0.037424684
1356023350416,-0.3510136,0.110021085,-0.9298843,-0.8895583,0.2708848,0.3678416,0.29236186,0.9563037,0.002785921
1356023350438,-0.3126781,0.10718441,-0.9437922,-0.9130119,0.2401492,0.32975382,0.2619954,0.9648004,0.022771299
1356023350478,-0.261164,0.08521351,-0.9615259,-0.93824625,0.21173978,0.273606,0.2269082,0.97360414,0.024652421
1356023350521,-0.2079792,0.056701362,-0.97648835,-0.95835084,0.1879515,0.2150299,0.19572493,0.9805402,0.015249789
1356023350557,-0.16398159,0.031848222,-0.98594904,-0.97040546,0.17439678,0.1670298,0.17726585,0.98416024,0.0023079515
1356023350601,-0.13666421,0.016881675,-0.99047357,-0.9751208,0.17386961,0.13750929,0.17453462,0.98462397,-0.007300079
1356023350638,-0.12915802,0.014127493,-0.9915234,-0.9739159,0.18631357,0.12951905,0.18656406,0.9823888,-0.010304987
1356023350678,-0.14289546,0.02238381,-0.98948467,-0.9681789,0.20436788,0.1444417,0.20545208,0.9786382,-0.007531762
1356023350719,-0.17530185,0.0430004,-0.9835752,-0.95702726,0.22698218,0.18049353,0.23101532,0.9729492,0.0013622046
1356023350757,-0.2273697,0.073854804,-0.9710038,-0.93880844,0.24830028,0.23871663,0.25873086,0.9658636,0.01287961
1356023350800,-0.28873718,0.11358708,-0.9506465,-0.9121347,0.26909173,0.3091923,0.29093137,0.956393,0.0259099
1356023350840,-0.35548007,0.15636265,-0.9215121,-0.87617743,0.28758758,0.38678995,0.32549492,0.9449043,0.034769833
1356023350881,-0.4122529,0.1840044,-0.89229476,-0.8370708,0.31014043,0.45069423,0.35966644,0.932714,0.026168406
1356023350919,-0.45120203,0.17816871,-0.8744556,-0.8046688,0.34249884,0.48497692,0.38590777,0.92246974,-0.011169374
1356023350960,-0.45902216,0.10999596,-0.88158923,-0.7960637,0.3896351,0.46310586,0.39443785,0.91437703,-0.091287374
1356023351000,-0.4299265,-0.024235189,-0.9025386,-0.81891596,0.4314024,0.3785085,0.3801841,0.9018341,-0.20531791
1356023351040,-0.37267616,-0.18036136,-0.9102649,-0.8588525,0.43850204,0.2647417,0.3514039,0.8804463,-0.31832314
1356023351079,-0.31336164,-0.30056667,-0.900813,-0.8928952,0.41623038,0.17172727,0.3233302,0.8581444,-0.3988052
1356023351119,-0.2730839,-0.36019972,-0.8920097,-0.9122045,0.3913935,0.12121901,0.30546373,0.8467982,-0.43545908
1356023351160,-0.25916022,-0.358393,-0.8968781,-0.9182443,0.37932432,0.11375597,0.29943827,0.85303426,-0.42739815
1356023351199,-0.25708866,-0.3191202,-0.91217744,-0.91836584,0.3745258,0.12780708,0.30084816,0.87057036,-0.38935542
1356023351241,-0.26561505,-0.24606329,-0.93214893,-0.91391724,0.37208432,0.16219923,0.30692676,0.8949895,-0.3237127
1356023351279,-0.26895186,-0.16494936,-0.94892395,-0.911084,0.36312494,0.19510576,0.31239536,0.9170234,-0.24794585
1356023351320,-0.2690903,-0.08161476,-0.95965064,-0.9103992,0.34668362,0.22579584,0.3142669,0.93442464,-0.16759121
1356023351358,-0.26221162,-0.008883148,-0.9649695,-0.9136909,0.32403612,0.24529475,0.31050602,0.946003,-0.09308249
1356023351416,-0.24903151,0.045651764,-0.9674188,-0.920972,0.29789755,0.2511328,0.29965636,0.9535056,-0.032141864
1356023351439,-0.2299039,0.07695562,-0.97016597,-0.93174654,0.2704828,0.2422548,0.28105605,0.95964414,0.0095181465
1356023351479,-0.20675984,0.08553481,-0.9746456,-0.9445021,0.24246588,0.22164401,0.25527656,0.9663819,0.030655563
1356023351518,-0.18226928,0.07591072,-0.980314,-0.95710254,0.21469533,0.19457844,0.22523952,0.97372663,0.03352195
1356023351558,-0.16041526,0.057189673,-0.9853914,-0.9667957,0.19209698,0.16853687,0.19892931,0.9797081,0.024475455
1356023351599,-0.14484811,0.038486034,-0.98870516,-0.972033,0.18114793,0.14945686,0.18485388,0.9827026,0.011170745
1356023351639,-0.13788968,0.026362479,-0.9900967,-0.9727615,0.18446296,0.14038697,0.18633711,0.9824859,2.0885468E-4
1356023351678,-0.14021468,0.023661584,-0.98983836,-0.96956885,0.19935244,0.14210883,0.2006892,0.97964215,-0.0050105453
1356023351720,-0.15202215,0.030919164,-0.98789334,-0.9630052,0.22038218,0.15508977,0.22250935,0.9749235,-0.0037276745
1356023351760,-0.17344007,0.04816988,-0.9836658,-0.9530103,0.24368617,0.17996806,0.24837485,0.9686572,0.0036413074
1356023351799,-0.20440921,0.07382354,-0.9760978,-0.9392319,0.26614556,0.21681786,0.27579042,0.9611018,0.014934838
1356023351841,-0.24288005,0.10804781,-0.96402025,-0.9201863,0.2888744,0.2642135,0.30702844,0.9512504,0.029262245
1356023351879,-0.28900856,0.1456097,-0.94618803,-0.8950249,0.30962878,0.32103008,0.3397122,0.93964237,0.040838957
1356023351922,-0.33397365,0.17252871,-0.9266583,-0.8659899,0.3320251,0.3739261,0.3721868,0.9273582,0.038520515
1356023351989,-0.36461338,0.14664465,-0.9195392,-0.8417782,0.37026408,0.39282814,0.39807844,0.9172785,-0.011560917
1356023352010,-0.3781616,0.07033697,-0.92306364,-0.8299179,0.41602135,0.37170216,0.4101586,0.9066305,-0.09894937
1356023352048,-0.35745746,-0.057412595,-0.93216306,-0.8429911,0.44944167,0.2955811,0.40198284,0.8914628,-0.20905465
1356023352090,-0.3126119,-0.1868118,-0.9313297,-0.8703029,0.44917348,0.20202959,0.3805871,0.87369585,-0.30299985
1356023352130,-0.27143753,-0.2665709,-0.9248035,-0.89322066,0.42762315,0.13890702,0.35843882,0.86375827,-0.35417962
1356023352169,-0.24900194,-0.28857172,-0.92451304,-0.9058467,0.40716004,0.11688611,0.3426947,0.866572,-0.3627854
1356023352210,-0.24993694,-0.25994447,-0.9327167,-0.9089216,0.3950292,0.13346753,0.3337562,0.88112473,-0.33500147
1356023352248,-0.26377934,-0.20067587,-0.9434774,-0.9069189,0.38471687,0.17172962,0.3285097,0.9009562,-0.28347713
1356023352289,-0.2821102,-0.12626064,-0.9510373,-0.9034748,0.36841935,0.21908984,0.3227181,0.9210458,-0.21800822
1356023352328,-0.29766715,-0.05040002,-0.9533384,-0.9018402,0.34243298,0.26348415,0.31317493,0.9381895,-0.14738381
1356023352367,-0.30633184,0.016840577,-0.9517758,-0.90371245,0.309018,0.29633024,0.29910624,0.9509071,-0.07944304
1356023352427,-0.30568475,0.06790489,-0.9497082,-0.90967804,0.2736985,0.31236982,0.28114522,0.95941544,-0.021893859
1356023352444,-0.29432362,0.097800374,-0.9506886,-0.91942215,0.24251878,0.30959255,0.26083815,0.96520454,0.0185408
1356023352487,-0.2731915,0.1050992,-0.9562011,-0.9322078,0.21637762,0.29011935,0.2373918,0.9706363,0.03886181
1356023352527,-0.24522674,0.09513798,-0.9647863,-0.9458356,0.19490415,0.2596295,0.2127415,0.97619724,0.04218918
1356023352567,-0.21564883,0.07530835,-0.9735627,-0.95766973,0.17839682,0.22592798,0.19069478,0.98107255,0.033649385
1356023352609,-0.19058871,0.054760188,-0.98014134,-0.96537566,0.17070484,0.19725484,0.1781165,0.9837993,0.020329833
1356023352647,-0.17627102,0.041972935,-0.9834464,-0.9680789,0.17346841,0.18092003,0.17819065,0.98394465,0.010055661
1356023352687,-0.17459089,0.03997326,-0.98382944,-0.9658606,0.18726587,0.17901072,0.19139332,0.9814956,0.005913675
1356023352727,-0.18710703,0.04925841,-0.98110366,-0.9588347,0.20801353,0.19330385,0.21360466,0.97688484,0.008309901
1356023352768,-0.21346337,0.06886384,-0.9745209,-0.9469305,0.23079818,0.22372901,0.24032447,0.9705616,0.015942335
1356023352808,-0.25242728,0.09888461,-0.9625499,-0.9289886,0.25349468,0.26966783,0.2706673,0.9622693,0.027873635
1356023352857,-0.30384755,0.13997152,-0.9423825,-0.9018645,0.2765959,0.3318662,0.30711097,0.950738,0.0421924
1356023352900,-0.3645059,0.18117863,-0.9134056,-0.86556846,0.29580724,0.40409076,0.3434046,0.93790853,0.04899907
1356023352949,-0.41026747,0.18832996,-0.8923073,-0.8317101,0.32408506,0.45080718,0.37408397,0.92709255,0.023674428
1356023352992,-0.43719918,0.14946774,-0.8868575,-0.8099723,0.3631568,0.4605018,0.39089856,0.91966105,-0.03770715
1356023353029,-0.41879204,0.03195238,-0.90751994,-0.82353336,0.4077362,0.3943906,0.3826305,0.91254056,-0.14444286
1356023353070,-0.34986645,-0.1401613,-0.9262549,-0.86833954,0.41955245,0.2645037,0.3515393,0.89684474,-0.2684949
1356023353110,-0.2585938,-0.2948533,-0.91988635,-0.9137666,0.3835233,0.1339418,0.31330466,0.875198,-0.3686039
1356023353149,-0.18682255,-0.38201448,-0.90507585,-0.94003725,0.33712357,0.05174601,0.28535467,0.8604724,-0.4220901
1356023353190,-0.15948541,-0.39580557,-0.9043796,-0.9487667,0.31458473,0.029633641,0.27277485,0.8627714,-0.42569882
1356023353229,-0.16077988,-0.36510637,-0.91697717,-0.94927907,0.31156433,0.042390198,0.27022043,0.87728274,-0.39668113
1356023353270,-0.1844154,-0.3024465,-0.9351562,-0.94425786,0.31852144,0.08319461,0.27270535,0.8983709,-0.3443277
1356023353308,-0.21716928,-0.22268534,-0.95039403,-0.93637717,0.322563,0.13838717,0.27574515,0.91998065,-0.2785682
1356023353350,-0.2491068,-0.1385481,-0.9585146,-0.9281895,0.3166398,0.19545707,0.27642366,0.93837285,-0.20747596
1356023353422,-0.27302924,-0.0605205,-0.9601002,-0.92245996,0.2996783,0.24343488,0.2729884,0.95211875,-0.1376487
1356023353424,-0.2816047,4.28766E-4,-0.9595305,-0.9219264,0.2770872,0.27069244,0.2659897,0.96084464,-0.0776338
1356023353454,-0.2791444,0.044186205,-0.959232,-0.92651784,0.2500472,0.28114253,0.2522759,0.9672249,-0.028859973
1356023353494,-0.25928402,0.068353295,-0.9633792,-0.936988,0.22402805,0.26807624,0.23414785,0.9721827,0.005959332
1356023353528,-0.2265929,0.07497713,-0.9710994,-0.95052373,0.20051414,0.2372733,0.21250924,0.9768175,0.025832474
1356023353577,-0.17879945,0.06133786,-0.9819716,-0.96578836,0.1796025,0.18707153,0.18783912,0.9818251,0.02712661
1356023353618,-0.12601545,0.044690788,-0.99102116,-0.9768366,0.1685687,0.1318135,0.172946,0.98467624,0.022413373
1356023353658,-0.08416277,0.031230956,-0.99596256,-0.98130155,0.17103446,0.088287055,0.17310125,0.98477,0.01625222
1356023353698,-0.057359964,0.023380667,-0.9980797,-0.9809681,0.18443838,0.060697168,0.1855033,0.9825659,0.012356341
1356023353740,-0.047129214,0.02256909,-0.9986338,-0.9768131,0.20797998,0.050799757,0.20884234,0.9778727,0.012243867
1356023353779,-0.056091905,0.02915284,-0.9979999,-0.97036755,0.2337116,0.061365873,0.23503315,0.9718689,0.015179634
1356023353819,-0.08245358,0.045033842,-0.99557686,-0.9607943,0.2617593,0.09141332,0.26471817,0.96408194,0.021685243
1356023353860,-0.1306735,0.071309745,-0.9888576,-0.9464521,0.28802618,0.14584029,0.29521668,0.9549638,0.02985388
1356023353901,-0.19483891,0.10636023,-0.9750514,-0.92452013,0.31208327,0.21878412,0.3275672,0.9440824,0.03752619
1356023353938,-0.27112755,0.14370066,-0.9517563,-0.8928527,0.33184835,0.30445158,0.35958868,0.93232334,0.038330257
1356023353982,-0.3394019,0.16178077,-0.92662466,-0.8573722,0.35201716,0.3754955,0.38693568,0.9219062,0.019231021
1356023354023,-0.3702263,0.12253052,-0.920825,-0.83824813,0.38313225,0.38800734,0.40034053,0.9155304,-0.03913468
1356023354059,-0.3435854,0.010384887,-0.939064,-0.8524972,0.41601464,0.31651285,0.3939514,0.90929866,-0.13408351
1356023354099,-0.24024895,-0.16930372,-0.95583296,-0.8991218,0.4099436,0.15338254,0.3658694,0.89626026,-0.25071317
1356023354138,-0.112482235,-0.3296245,-0.9373876,-0.9364959,0.3505097,-0.010878533,0.33214927,0.876636,-0.34811807
1356023354180,-0.028851151,-0.41266444,-0.910426,-0.9509957,0.2918448,-0.10214627,0.30785522,0.8628642,-0.40086216
1356023354220,-0.0051450282,-0.42808264,-0.9037249,-0.9554314,0.2688623,-0.1219171,0.29516816,0.8628199,-0.41038692
1356023354260,-0.051798806,-0.3804029,-0.92336905,-0.9552728,0.28843963,-0.06524074,0.291154,0.87869,-0.3783294
1356023354299,-0.13251513,-0.2973707,-0.9455212,-0.94750774,0.31804955,0.032765538,0.2909791,0.9002305,-0.32390743
1356023354342,-0.24036914,-0.18151766,-0.9535586,-0.9251762,0.34009618,0.16847453,0.29372054,0.92270577,-0.24968445
1356023354380,-0.32750487,-0.07241011,-0.9420707,-0.89692056,0.3373525,0.2858789,0.29710937,0.93858933,-0.17543066
1356023354420,-0.39557087,0.024897754,-0.918098,-0.86780053,0.31719816,0.38250178,0.30074242,0.94803244,-0.10386813
1356023354457,-0.43256712,0.097946584,-0.89626575,-0.84967935,0.28819174,0.44157743,0.3015474,0.9525503,-0.041439116
1356023354499,-0.43558645,0.14066386,-0.8890884,-0.85031843,0.25976616,0.45768997,0.29533553,0.95537174,0.0064584613
1356023354538,-0.4013316,0.14954624,-0.90364206,-0.8726934,0.23711681,0.4268276,0.2780992,0.95990187,0.035345495
1356023354577,-0.3350867,0.13245055,-0.932831,-0.90764594,0.22024328,0.35731173,0.25277585,0.96641076,0.046417654
1356023354617,-0.2522245,0.1003401,-0.9624524,-0.94144905,0.20451665,0.26804206,0.22373295,0.9737067,0.042880952
1356023354658,-0.1719796,0.06753427,-0.98278296,-0.9644125,0.19184285,0.18194783,0.20082763,0.9790994,0.03213775
1356023354698,-0.11222416,0.04441586,-0.9926898,-0.9750205,0.18778259,0.11862856,0.19167882,0.9812059,0.022232652
1356023354739,-0.08073789,0.03384036,-0.99616075,-0.976595,0.19720984,0.08585146,0.19935799,0.9797771,0.017126024
1356023354778,-0.08180097,0.035451055,-0.996018,-0.9728434,0.21427843,0.08752447,0.216528,0.9761291,0.016960144
1356023354819,-0.11463034,0.0508821,-0.9921043,-0.963554,0.23729914,0.12350193,0.2417095,0.97010314,0.02182597
1356023354867,-0.19092005,0.086387604,-0.9777968,-0.9425206,0.2621556,0.20719346,0.2742339,0.9611511,0.031371355
1356023354908,-0.31713265,0.14317295,-0.9375117,-0.8972783,0.27482086,0.34549248,0.3071129,0.950776,0.041311383
1356023354947,-0.45692778,0.20975271,-0.86441934,-0.8218281,0.27225274,0.50047684,0.3403169,0.93908584,0.047980845
1356023354991,-0.58608466,0.2700776,-0.7639129,-0.7199023,0.25907087,0.64391226,0.3718139,0.9273297,0.04259199
1356023355028,-0.6812471,0.3023001,-0.6667211,-0.61546326,0.25660932,0.7452225,0.39636767,0.91802305,0.011240244
1356023355069,-0.7353428,0.28602064,-0.6143804,-0.54273087,0.2943738,0.78663033,0.40585002,0.91188616,-0.0612334
1356023355110,-0.74846053,0.20111941,-0.63194764,-0.5346935,0.38069916,0.7544343,0.39231333,0.90256256,-0.17740107
1356023355149,-0.72455084,0.06540659,-0.6861108,-0.585698,0.46630037,0.66296446,0.36329597,0.8822051,-0.29954982
1356023355190,-0.6789372,-0.0712122,-0.7307346,-0.6544583,0.50979245,0.5583869,0.33275902,0.857345,-0.3927225
1356023355229,-0.6643601,-0.1352669,-0.7350704,-0.678262,0.52227,0.51690876,0.31398457,0.8419839,-0.43872178
1356023355270,-0.7092768,-0.09879938,-0.69797206,-0.632962,0.5250988,0.5688851,0.31029883,0.84528685,-0.43497664
1356023355308,-0.7709471,-0.0057620704,-0.6368731,-0.55219865,0.50431573,0.6638843,0.31735978,0.8635001,-0.39198256
1356023355349,-0.8121972,0.091729596,-0.57612616,-0.48158753,0.45194548,0.7508786,0.3292554,0.8873167,-0.32289296
1356023355435,-0.8280446,0.16737086,-0.5350973,-0.44592863,0.38189226,0.8095097,0.33983785,0.90892535,-0.24158835
1356023355436,-0.82657474,0.21844831,-0.51870453,-0.4452872,0.30984294,0.8400695,0.34422868,0.92535275,-0.15883607
1356023355467,-0.8134344,0.24849713,-0.5259027,-0.47203845,0.24626297,0.84648347,0.33985907,0.936805,-0.08301854
1356023355494,-0.7911262,0.26384398,-0.5518204,-0.5148704,0.19976717,0.8336675,0.33019376,0.94365215,-0.022195578
1356023355536,-0.7611863,0.2617125,-0.5933817,-0.5695687,0.16777754,0.8046379,0.31013995,0.950451,0.021353304
1356023355577,-0.71449107,0.24243307,-0.6562993,-0.6398501,0.15302587,0.7531102,0.28300965,0.95802367,0.04578513
1356023355617,-0.64845085,0.20724094,-0.7325044,-0.71872956,0.1504401,0.6788193,0.25087714,0.96665347,0.051397204
1356023355657,-0.56404036,0.16340432,-0.809418,-0.795807,0.15399116,0.5856432,0.22033983,0.9744669,0.04318106
1356023355699,-0.47220445,0.12137154,-0.87309325,-0.8584206,0.16179645,0.48676074,0.20034227,0.97933185,0.02778685
1356023355737,-0.38779956,0.09027994,-0.91731185,-0.9008083,0.17378008,0.39792567,0.19533521,0.9806375,0.013933122
1356023355778,-0.3234675,0.073559165,-0.9433757,-0.9235839,0.19231063,0.33167654,0.20581901,0.97857326,0.0057318807
1356023355827,-0.28534073,0.073141426,-0.95563126,-0.93090177,0.21608841,0.2944956,0.2280407,0.9736304,0.006428659
1356023355869,-0.27229685,0.082738936,-0.9586494,-0.9293055,0.23571444,0.284306,0.24949065,0.96829385,0.012705505
1356023355908,-0.27975303,0.102202535,-0.9546166,-0.9213171,0.25107747,0.29687524,0.27002412,0.96255636,0.023921251
1356023355952,-0.30545223,0.12964085,-0.943341,-0.90659714,0.2633435,0.32974517,0.29117122,0.9559516,0.037093103
1356023355990,-0.3419068,0.15887764,-0.92620605,-0.8855977,0.27522022,0.37412646,0.31435102,0.9481623,0.04660195
1356023356030,-0.3768943,0.17657986,-0.9092691,-0.861552,0.29362887,0.41413808,0.3401161,0.93946886,0.04146564
1356023356074,-0.39380646,0.15417695,-0.906171,-0.8438127,0.3303423,0.42291144,0.36454982,0.93118393,5.4836273E-6
1356023356112,-0.3827471,0.08060861,-0.9203298,-0.84214985,0.37915128,0.38344222,0.37985292,0.921817,-0.07723451
1356023356151,-0.3186924,-0.060863614,-0.94590205,-0.86934555,0.41644627,0.26610306,0.37772137,0.9071208,-0.18562973
1356023356189,-0.21702757,-0.21372002,-0.95248234,-0.90523213,0.4092165,0.11444056,0.36531326,0.88705444,-0.28227746
1356023356230,-0.11936042,-0.31870663,-0.940308,-0.92806125,0.37233302,-0.008392155,0.35278237,0.8716617,-0.3402211
1356023356269,-0.056957126,-0.35571405,-0.93285763,-0.93665826,0.3424672,-0.073399186,0.34558225,0.86958826,-0.35268843
1356023356309,-0.03418088,-0.33778396,-0.9406028,-0.9387108,0.33386147,-0.08578232,0.34300694,0.8800219,-0.32849312
1356023356349,-0.04597093,-0.27945733,-0.959057,-0.93838704,0.34126794,-0.05446109,0.3425149,0.89746296,-0.27792752
1356023356417,-0.073779106,-0.20071712,-0.9768671,-0.9372289,0.34871364,-8.648634E-4,0.34082046,0.91548425,-0.21384573
1356023356433,-0.107550055,-0.11226973,-0.9878403,-0.93634474,0.34544054,0.06268364,0.33420265,0.93170077,-0.1422754
1356023356469,-0.11806166,-0.04178521,-0.99212676,-0.93909085,0.32943696,0.097875625,0.3227535,0.94325256,-0.078134
