1356023632579,-0.2453937,-0.03971082,0.9686098,0.96884924,-0.0444327,0.2436327,0.033363074,0.9982228,0.049377322
1356023632618,0.7155992,-0.058353305,0.6960695,0.6977139,0.012116954,-0.71627396,0.033362716,0.9982224,0.049384795
1356023632658,0.7155753,-0.058368474,0.69609284,0.6977384,0.012127444,-0.71625,0.033364564,0.99822146,0.049404018
1356023632696,0.7155088,-0.05834362,0.6961632,0.69780576,0.0120738,-0.7161852,0.033379525,0.99822354,0.049351424
1356023632739,0.7155298,-0.05812481,0.69615996,0.69778216,0.011784717,-0.71621317,0.03342569,0.9982398,0.048990764
1356023632777,0.71592706,-0.05758515,0.69579625,0.697371,0.011163458,-0.7166233,0.03349942,0.99827814,0.048150457
1356023632816,0.71690565,-0.056798846,0.69485265,0.6963613,0.010339364,-0.71761703,0.033575475,0.99833214,0.046964847
1356023632858,0.71840626,-0.05600825,0.69336534,0.6948098,0.009569481,-0.7191299,0.033642024,0.9983845,0.045789838
1356023632897,0.7202089,-0.055509806,0.69153285,0.69293725,0.00910987,-0.72094023,0.03371951,0.99841654,0.045025848
1356023632936,0.7219797,-0.05546981,0.6896872,0.6910857,0.009044945,-0.72271615,0.03385079,0.99841934,0.044864662
1356023632976,0.7234434,-0.05585441,0.6881206,0.6895417,0.00924702,-0.724187,0.03408593,0.99839616,0.045203626
1356023633018,0.72450674,-0.056443214,0.6869528,0.6884057,0.009424776,-0.72526467,0.034461856,0.99836135,0.04568412
1356023633058,0.7252631,-0.056945086,0.68611276,0.6875823,0.0092686415,-0.7260473,0.034985453,0.9983343,0.045876615
1356023633096,0.7258716,-0.057206273,0.6854472,0.68690985,0.00875394,-0.72668993,0.03557083,0.99832404,0.045649767
1356023633139,0.72641903,-0.05733505,0.68485624,0.68630016,0.008088574,-0.72727346,0.03615874,0.99832225,0.04522475
1356023633186,0.7269134,-0.057572603,0.68431157,0.6857485,0.0076206177,-0.7277986,0.03668642,0.99831223,0.045019865
1356023633217,0.7273451,-0.058037847,0.68381333,0.6852665,0.0075038373,-0.7282537,0.037135094,0.9982861,0.045229293
1356023633256,0.72762173,-0.05886233,0.68344855,0.6849473,0.0077307075,-0.7285516,0.037600666,0.9982362,0.045942612
1356023633297,0.72760755,-0.060187936,0.6833482,0.6849231,0.0081100315,-0.7285702,0.038309187,0.99815416,0.04712504
1356023633337,0.72711456,-0.062084317,0.6837032,0.68537706,0.008299574,-0.7281411,0.039531678,0.99803644,0.0485859
1356023633376,0.72602725,-0.06442663,0.6846413,0.68642104,0.008015677,-0.7271602,0.041360617,0.99789023,0.050043374
1356023633417,0.72446495,-0.06677556,0.6860696,0.6879363,0.0071997195,-0.7257353,0.04352185,0.99774206,0.05115328
1356023633457,0.7228373,-0.068505704,0.6876141,0.68951994,0.0060125142,-0.72424173,0.0454804,0.9976326,0.051582135
1356023633526,0.7217213,-0.06910977,0.688725,0.69060624,0.0047560483,-0.7232154,0.046705633,0.99759775,0.05116018
1356023633539,0.7216611,-0.068338305,0.6888651,0.6906612,0.0037709922,-0.7231685,0.04682243,0.99765503,0.049920015
1356023633577,0.72292334,-0.06628132,0.68774176,0.68941253,0.0033014268,-0.7243615,0.04574111,0.9977955,0.048081867
1356023633608,0.7251434,-0.0636982,0.6856454,0.68718815,0.0032584667,-0.72647226,0.0440408,0.9979639,0.046135493
1356023633648,0.7278614,-0.05995339,0.6830984,0.684489,0.003756702,-0.72901344,0.041140676,0.9981941,0.043771796
1356023633688,0.73076135,-0.055650413,0.6803609,0.6815935,0.0045000315,-0.7317172,0.03765872,0.99844015,0.041219406
1356023633728,0.73293287,-0.051542282,0.67834556,0.6794328,0.005101636,-0.73372,0.034356922,0.99865776,0.038758665
1356023633768,0.73363304,-0.048454076,0.67781615,0.6787951,0.0053792745,-0.734308,0.031934083,0.9988109,0.036836803
1356023633808,0.7324901,-0.047150344,0.6791429,0.6800796,0.0055128783,-0.73311764,0.030822694,0.9988726,0.036104113
1356023633849,0.7295626,-0.048169225,0.6822156,0.6832088,0.00604409,-0.73019797,0.031049699,0.99882084,0.037319183
1356023633878,0.7256125,-0.05059895,0.6862407,0.6873671,0.0071725845,-0.7262747,0.031826645,0.9986932,0.039984576
1356023633918,0.72102594,-0.055966675,0.69064415,0.6921186,0.010605454,-0.7217058,0.03306696,0.99837625,0.04638242
1356023633967,0.71672744,-0.06232235,0.69456303,0.6965277,0.015522882,-0.717362,0.03392604,0.99793535,0.054534912
1356023633987,0.7126139,-0.07097277,0.6979573,0.7007556,0.024487257,-0.71298105,0.033511132,0.99717766,0.067184515
1356023634027,0.71020436,-0.08054438,0.6993729,0.70329547,0.03687893,-0.7099405,0.031389564,0.99606854,0.082838066
1356023634064,0.71038955,-0.08953568,0.6980903,0.7032708,0.051533297,-0.7090517,0.027510554,0.9946495,0.09957656
1356023634107,0.71373147,-0.09677732,0.69370127,0.7000715,0.0673569,-0.71088874,0.022072375,0.99302423,0.115825795
1356023634147,0.72056997,-0.10141933,0.685925,0.69320333,0.08289614,-0.7159592,0.01575151,0.99138415,0.13003668
1356023634186,0.7305193,-0.10294193,0.6750885,0.68283176,0.096974015,-0.7241111,0.009075344,0.989949,0.14113343
1356023634227,0.743328,-0.10095465,0.6612652,0.6689226,0.10855551,-0.7353625,0.0024543405,0.98895085,0.14822322
1356023634267,0.7585052,-0.09519541,0.64467645,0.6516538,0.11708659,-0.7494252,-0.0041411817,0.98854876,0.15084523
1356023634307,0.77563894,-0.08518389,0.6254022,0.631071,0.12281515,-0.7659412,-0.011563003,0.98876697,0.1490173
1356023634347,0.7945374,-0.07001647,0.60316485,0.6068325,0.12681338,-0.78464806,-0.021551073,0.98945236,0.14324626
1356023634387,0.8149303,-0.04869646,0.5775094,0.5784278,0.13056311,-0.8052171,-0.03619021,0.9902434,0.13456723
1356023634427,0.8362217,-0.02097243,0.5479904,0.5454527,0.13512194,-0.82717794,-0.056697562,0.99060696,0.12443137
1356023634467,0.8574144,0.011860743,0.5144899,0.5080449,0.1398702,-0.8498981,-0.08204223,0.99009883,0.11390093
1356023634525,0.8778462,0.050352395,0.4762885,0.465685,0.14262742,-0.8733814,-0.111908674,0.9884949,0.10175658
1356023634558,0.8975619,0.08291906,0.43302083,0.41979384,0.13943365,-0.8968453,-0.13474326,0.98675364,0.09034142
1356023634599,0.91354144,0.10466319,0.39304918,0.3791602,0.13067675,-0.91605735,-0.14723986,0.9858849,0.0796945
1356023634638,0.9266733,0.11458582,0.35797584,0.3451402,0.11774573,-0.9311359,-0.14884508,0.9864106,0.06956366
1356023634678,0.9373503,0.11435516,0.32908577,0.31844854,0.101869166,-0.9424507,-0.1412978,0.9882032,0.059070855
1356023634720,0.9454302,0.10697377,0.30776346,0.29985783,0.08385533,-0.9502913,-0.12746383,0.9907193,0.04720244
1356023634759,0.9504285,0.09562182,0.29587507,0.29068792,0.064576834,-0.9546363,-0.11039073,0.9933209,0.033579558
1356023634800,0.95163983,0.082837336,0.29583696,0.29299894,0.044822842,-0.9550616,-0.09237502,0.9955546,0.01838395
1356023634839,0.9481178,0.07090034,0.30991256,0.30891958,0.024843782,-0.95076364,-0.07510886,0.99717396,0.0016523302
1356023634880,0.93844265,0.06325823,0.3395936,0.3399566,0.0052636266,-0.9404264,-0.061277196,0.9979833,-0.016565442
1356023634919,0.9225911,0.06658019,0.37999046,0.38166243,-0.014011264,-0.9241955,-0.05620897,0.9976827,-0.038337827
1356023634965,0.9015282,0.092645004,0.4226865,0.426907,-0.030844271,-0.90376943,-0.0706923,0.99522144,-0.067357786
1356023634998,0.87817,0.15493555,0.45256203,0.4633482,-0.040446967,-0.8852528,-0.11885236,0.98709625,-0.10730842
1356023635038,0.8510672,0.24546039,0.46414858,0.4872778,-0.039985865,-0.8723311,-0.19556333,0.9685816,-0.15363805
1356023635084,0.8209745,0.3523171,0.44930333,0.49060005,-0.032726943,-0.87077004,-0.29208285,0.9353083,-0.19971476
1356023635122,0.7844898,0.4364622,0.44054115,0.4972094,-0.018127978,-0.8674411,-0.37061912,0.8995399,-0.23123431
1356023635160,0.7498212,0.4830774,0.45211107,0.51286143,0.0073607564,-0.85843986,-0.41802078,0.87554675,-0.2422325
1356023635204,0.71720934,0.49108508,0.49441501,0.5446297,0.047593772,-0.83732516,-0.43472895,0.8698105,-0.23332483
1356023635240,0.68359417,0.4650244,0.56254,0.59175164,0.09803951,-0.8001364,-0.4272341,0.8798526,-0.20815971
1356023635281,0.64536643,0.41083366,0.6439859,0.64972085,0.1481142,-0.7456038,-0.40170258,0.8995987,-0.17133927
1356023635320,0.6027115,0.3381893,0.72274953,0.71003383,0.18602341,-0.67915195,-0.36413032,0.92250925,-0.12800741
1356023635360,0.5597686,0.25724894,0.78770685,0.7647309,0.20572364,-0.6106263,-0.31913283,0.9441932,-0.08156854
1356023635401,0.5237945,0.17882046,0.83286405,0.80736685,0.2075853,-0.55232877,-0.27165803,0.96173364,-0.03564167
1356023635443,0.4997692,0.10803002,0.8593953,0.8365933,0.19681405,-0.5112495,-0.22437137,0.97447103,0.0079844
1356023635481,0.49803177,0.054138333,0.8654672,0.84735703,0.1816856,-0.4989754,-0.18425658,0.9818653,0.04461071
1356023635525,0.5153458,0.018049419,0.8567922,0.842641,0.17146674,-0.5104462,-0.15612459,0.9850246,0.07315549
1356023635554,0.5610603,0.0033527613,0.82776815,0.81532896,0.17051703,-0.5533197,-0.14300376,0.98534906,0.092936695
1356023635596,0.63030314,0.012291789,0.77625173,0.76233345,0.17933443,-0.62184143,-0.1468522,0.98371136,0.10366465
1356023635638,0.7196672,0.043570846,0.6929507,0.67524123,0.18842807,-0.7131227,-0.16164267,0.98112,0.10618469
1356023635680,0.80973935,0.08683877,0.5803286,0.55918044,0.18559954,-0.8080038,-0.17787477,0.97878087,0.10172871
1356023635719,0.8806266,0.12513828,0.45698705,0.435422,0.16656855,-0.88468224,-0.18682727,0.97805697,0.09219674
1356023635761,0.92591083,0.1473546,0.3478157,0.32881778,0.13879505,-0.9341386,-0.18592471,0.979297,0.08005902
1356023635803,0.9507138,0.1523183,0.27007848,0.25514975,0.11062449,-0.96055233,-0.17618698,0.9821209,0.06630826
1356023635841,0.9626059,0.14564338,0.22842482,0.21740323,0.08777812,-0.97212696,-0.16163456,0.9854355,0.052832395
1356023635883,0.96545446,0.12916407,0.2263057,0.21875402,0.07011753,-0.9732575,-0.1415779,0.98914105,0.039440125
1356023635921,0.95750654,0.10688347,0.26787525,0.263035,0.057332814,-0.96308136,-0.11829551,0.99261725,0.026782453
1356023635964,0.93530416,0.08082251,0.3444907,0.3420431,0.042831004,-0.9387077,-0.09062362,0.9958079,0.01241523
1356023636001,0.8905717,0.061485887,0.45066783,0.44999528,0.02516687,-0.89267623,-0.0662289,0.9977906,-0.0052554607
1356023636040,0.83824646,0.06537926,0.54135793,0.54231733,0.0035942793,-0.8401661,-0.05687523,0.997854,-0.03244341
1356023636083,0.790135,0.10553628,0.6037787,0.60805875,-0.010984808,-0.7938161,-0.07714403,0.99435484,-0.07285173
1356023636120,0.7557621,0.18262175,0.6288664,0.64104164,-0.010177106,-0.7674386,-0.1337509,0.9831305,-0.1247596
1356023636160,0.7266728,0.2764364,0.6289114,0.65323144,0.0053824745,-0.75713927,-0.21268596,0.9610172,-0.17666565
1356023636201,0.68945247,0.35478652,0.6314918,0.6654755,0.03397942,-0.7456459,-0.28600284,0.9343296,-0.21267456
1356023636245,0.63627577,0.39160028,0.6646821,0.6959232,0.080473274,-0.713593,-0.33293235,0.91660964,-0.22132054
1356023636281,0.56635183,0.38331997,0.72959673,0.7456428,0.13879794,-0.65173,-0.35108766,0.913127,-0.20721129
1356023636322,0.4767424,0.32521987,0.8166693,0.8109276,0.19586867,-0.55139077,-0.33928317,0.9251311,-0.17035085
1356023636361,0.3822397,0.24311039,0.89151,0.8706368,0.22854453,-0.43561316,-0.30965182,0.94269013,-0.12430209
1356023636404,0.29020244,0.14789253,0.9454683,0.92010075,0.22845925,-0.31815225,-0.26305333,0.9622547,-0.069776595
1356023636441,0.22287887,0.0675267,0.9725046,0.9508368,0.20498192,-0.23214617,-0.21502197,0.97643363,-0.018520772
1356023636480,0.17741251,0.002591014,0.9841332,0.9693612,0.172171,-0.17520285,-0.1698932,0.9850637,0.028033644
1356023636531,0.15725291,-0.045621455,0.9865041,0.9784872,0.14228159,-0.14939508,-0.13354579,0.9887743,0.06701413
1356023636561,0.16335621,-0.07719016,0.9835428,0.98026776,0.1251786,-0.15298802,-0.11130932,0.98912686,0.09611574
1356023636600,0.1990712,-0.091217995,0.9757304,0.97414875,0.12692073,-0.18688306,-0.106793255,0.98770964,0.114126235
1356023636641,0.27049223,-0.084534585,0.95900357,0.95508426,0.1487929,-0.25627095,-0.12102923,0.9852485,0.12098491
1356023636681,0.388118,-0.0510723,0.92019343,0.9093293,0.18367466,-0.37334144,-0.1499488,0.9816594,0.11772895
1356023636721,0.55008054,0.0093969405,0.8350587,0.8152827,0.21056356,-0.53942287,-0.18090186,0.977535,0.10816574
1356023636766,0.7199294,0.08495575,0.68882805,0.6632667,0.20807233,-0.7188763,-0.20439874,0.9744169,0.093449086
1356023636801,0.85031,0.14712629,0.5052987,0.48023137,0.17586014,-0.8593318,-0.2152922,0.9733587,0.078880966
1356023636840,0.9193304,0.17732672,0.3512646,0.33096892,0.13433933,-0.9340301,-0.21281715,0.97494,0.0648126
1356023636881,0.9498514,0.18156765,0.2545889,0.23957203,0.10070041,-0.9656421,-0.20096658,0.9782089,0.052151892
1356023636940,0.9606961,0.16934352,0.21996766,0.20903672,0.08010054,-0.9746218,-0.18266541,0.9822967,0.041553263
1356023636957,0.957894,0.14532031,0.24763075,0.2395371,0.07105428,-0.96828365,-0.15830651,0.9868299,0.03325286
1356023636997,0.93555,0.11248443,0.33480376,0.3289572,0.06759462,-0.9419226,-0.12858257,0.9913518,0.026235577
1356023637035,0.8843852,0.07698718,0.46036476,0.45692232,0.058610287,-0.8875735,-0.09531389,0.9953078,0.016656913
1356023637079,0.80869067,0.05735305,0.5854314,0.5841514,0.038752466,-0.810719,-0.069184124,0.9976015,-0.0021640956
1356023637124,0.74014366,0.07700479,0.66802514,0.6688668,0.018094689,-0.743162,-0.06931469,0.9968665,-0.038113266
1356023637160,0.6891931,0.13418254,0.7120449,0.71738636,0.0117453635,-0.6965766,-0.101831675,0.99088705,-0.08816591
1356023637203,0.66472507,0.22623387,0.7120104,0.72697544,0.023778535,-0.6862516,-0.1721839,0.9737827,-0.14866027
1356023637242,0.6292028,0.31224227,0.71176445,0.7372482,0.050203443,-0.6737542,-0.24610755,0.94867504,-0.19861192
1356023637280,0.57831526,0.3655391,0.72933716,0.7575989,0.09101939,-0.6463433,-0.30264753,0.92633516,-0.22429407
1356023637321,0.50654244,0.37151068,0.77807105,0.7959116,0.14555341,-0.5876555,-0.33157122,0.91694826,-0.22196072
1356023637360,0.4191292,0.33252192,0.84484315,0.8439579,0.20040435,-0.49756718,-0.33476225,0.92155695,-0.19663921
1356023637408,0.32029527,0.25138506,0.9133545,0.8945607,0.23700088,-0.37893504,-0.31172442,0.93842214,-0.14896894
1356023637440,0.2408253,0.17175049,0.9552512,0.9290516,0.24398774,-0.27808818,-0.28083143,0.95444834,-0.10080665
1356023637480,0.17926493,0.09618527,0.9790876,0.95381576,0.22684136,-0.19692263,-0.24103859,0.96917045,-0.05107832
1356023637534,0.14149639,0.03217116,0.98941594,0.9697988,0.19607678,-0.14506656,-0.19866854,0.98006076,-0.00345546
1356023637562,0.12618971,-0.019245833,0.9918194,0.9788828,0.16450638,-0.12135163,-0.1608251,0.9861883,0.039598435
1356023637601,0.13481918,-0.05620259,0.989275,0.9816093,0.14375654,-0.12560734,-0.13515529,0.9880158,0.07455015
1356023637641,0.16350263,-0.07837558,0.98342466,0.9781517,0.1426174,-0.15125978,-0.12839839,0.9866699,0.09998155
1356023637692,0.22308907,-0.07903239,0.97158897,0.96375155,0.16750726,-0.2076639,-0.14633605,0.98269796,0.11353657
1356023637730,0.32437786,-0.056862414,0.94421697,0.9301762,0.20057747,-0.30747512,-0.17190483,0.9780263,0.11795497
1356023637770,0.4483797,-0.012397587,0.8937572,0.8715099,0.2281843,-0.43405348,-0.19856015,0.97353905,0.113117814
1356023637811,0.58222663,0.044435143,0.8118114,0.7837365,0.23492408,-0.5749502,-0.21626204,0.9709976,0.101953596
1356023637851,0.6978865,0.09381676,0.71003723,0.6817631,0.21672973,-0.69873273,-0.21943904,0.9717133,0.087291926
1356023637891,0.78002465,0.12336968,0.6134668,0.5890427,0.18606967,-0.78638846,-0.21116406,0.9747605,0.07246892
1356023637933,0.8280293,0.13108139,0.54514694,0.5263428,0.15332335,-0.83633435,-0.19321162,0.97944355,0.057962477
1356023637970,0.8499018,0.124741,0.5119635,0.4980917,0.12688845,-0.8577901,-0.17196386,0.98404217,0.045710273
1356023638014,0.8515825,0.10696265,0.5131922,0.5035975,0.10496336,-0.8575385,-0.14559102,0.9887071,0.035518825
1356023638060,0.83153224,0.0819532,0.5493976,0.54350126,0.08422628,-0.835172,-0.114718735,0.9930708,0.025495201
1356023638100,0.7939346,0.06258091,0.6047739,0.6017058,0.061919026,-0.7963141,-0.08728108,0.99611735,0.011504367
1356023638141,0.75574815,0.06580466,0.6515477,0.6505076,0.039111406,-0.758492,-0.07539523,0.99706566,-0.013248056
1356023638180,0.72440535,0.10328373,0.6815933,0.68320525,0.024414755,-0.72981817,-0.09201932,0.9943523,-0.05287783
1356023638223,0.7007681,0.17962432,0.69040513,0.6982782,0.025426954,-0.7153748,-0.14605364,0.98340666,-0.10760936
1356023638260,0.66748106,0.26432484,0.69613326,0.71329576,0.04135996,-0.6996417,-0.2137247,0.9635464,-0.16093478
1356023638303,0.62578446,0.33296907,0.70535475,0.7291441,0.07145232,-0.6806199,-0.27702463,0.9402266,-0.19806871
1356023638341,0.5755827,0.36610216,0.7312139,0.7533274,0.11047235,-0.6483006,-0.31812322,0.9239941,-0.21220884
1356023638380,0.5255852,0.35853803,0.771499,0.78265965,0.15169081,-0.6036835,-0.3334728,0.92110825,-0.20088679
1356023638421,0.47940072,0.31901842,0.8175587,0.8140717,0.18632802,-0.55006284,-0.32781428,0.92925185,-0.17037809
1356023638460,0.44009346,0.26008645,0.8594607,0.8439336,0.2071622,-0.49483323,-0.3067472,0.9431007,-0.12832499
1356023638535,0.40998274,0.19366592,0.8912955,0.8696098,0.21176438,-0.446021,-0.27512366,0.9579402,-0.08159399
1356023638539,0.39073664,0.12865683,0.9114671,0.88926196,0.20301783,-0.40987417,-0.2377772,0.97068584,-0.035083115
1356023638581,0.38352948,0.07054335,0.9208305,0.90153664,0.18769886,-0.38987294,-0.20034179,0.9796902,0.008390635
1356023638620,0.39090338,0.025551558,0.92007697,0.9044734,0.17467025,-0.38912484,-0.17065284,0.98429537,0.04516849
1356023638663,0.4099669,-0.0045291185,0.9120891,0.8988278,0.17197959,-0.40315214,-0.15503475,0.98509014,0.074576855
1356023638701,0.4459876,-0.016650617,0.8948842,0.88160115,0.18077567,-0.43600407,-0.15451357,0.9833834,0.09530294
1356023638743,0.49520808,-0.0071293414,0.86874515,0.85167897,0.20138086,-0.4838273,-0.17149931,0.9794871,0.10579732
1356023638782,0.5580367,0.020575076,0.8295612,0.806424,0.22224538,-0.5479847,-0.19564098,0.97477365,0.10742885
1356023638821,0.6239742,0.061021537,0.7790587,0.749943,0.23344964,-0.61893994,-0.21963963,0.97045225,0.09990388
1356023638862,0.6852743,0.101968735,0.7211113,0.68961906,0.22748476,-0.68751466,-0.23414686,0.96842825,0.08556987
1356023638900,0.73377395,0.13200557,0.6664461,0.6368782,0.20791143,-0.7424008,-0.23656282,0.96919936,0.06848852
1356023638940,0.76628786,0.14776044,0.6252758,0.60020924,0.1826039,-0.7787199,-0.2292418,0.9720199,0.051239952
1356023638980,0.7829435,0.15101035,0.603486,0.58340764,0.1585167,-0.7965601,-0.21595144,0.9757399,0.03600903
1356023639021,0.7840532,0.14352304,0.6038723,0.5883401,0.1381599,-0.7967232,-0.19777909,0.9799556,0.023884341
1356023639061,0.76886797,0.12741145,0.62658465,0.6149186,0.12126464,-0.7792111,-0.17526297,0.98440903,0.014888823
1356023639102,0.738634,0.10481104,0.6659088,0.6579479,0.10290173,-0.7459998,-0.14671218,0.9891541,0.007046506
1356023639142,0.6937732,0.08467314,0.7151987,0.71060395,0.0810361,-0.69891006,-0.11713582,0.9931081,-0.0039483905
1356023639183,0.64540845,0.08379996,0.7592269,0.7577211,0.05529517,-0.6502316,-0.09647095,0.9949472,-0.027809039
1356023639221,0.5924883,0.11017722,0.79800916,0.7999347,0.03659442,-0.5989703,-0.09519556,0.9932381,-0.0664528
1356023639260,0.5415949,0.16793603,0.82369447,0.831754,0.03503698,-0.55403763,-0.121902674,0.9851751,-0.120705634
1356023639302,0.48351392,0.23611885,0.8428892,0.8594338,0.05466023,-0.5083166,-0.16609564,0.9701856,-0.17649952
1356023639340,0.4158498,0.28526095,0.86353636,0.8854288,0.08972496,-0.45603222,-0.20756897,0.95424086,-0.21526614
1356023639380,0.3445254,0.29887456,0.8899305,0.90902096,0.13057196,-0.39576733,-0.2344847,0.9453174,-0.22669786
1356023639422,0.2750035,0.27638736,0.92086,0.9299116,0.16681693,-0.32777515,-0.24420792,0.94645774,-0.21114057
1356023639461,0.21221529,0.22735977,0.9504063,0.9475535,0.18995522,-0.25702012,-0.23897064,0.9551045,-0.17512417
1356023639539,0.16050103,0.16830838,0.97257996,0.96127546,0.19699302,-0.19272584,-0.22402883,0.96584994,-0.13017309
1356023639542,0.12198725,0.10556167,0.9869021,0.9719476,0.18874827,-0.14032781,-0.20108926,0.9763354,-0.07957554
1356023639577,0.09989348,0.049379617,0.99377203,0.9792515,0.17210624,-0.10698563,-0.17631724,0.9838399,-0.031162798
1356023639623,0.092887014,4.9614906E-4,0.9956765,0.9838507,0.15362129,-0.091860354,-0.15300262,0.9881297,0.013781309
1356023639661,0.105433136,-0.036246687,0.9937656,0.9849583,0.14138046,-0.09934199,-0.13689825,0.98929155,0.05060768
1356023639700,0.13275647,-0.060243815,0.98931617,0.9820938,0.14260912,-0.12310323,-0.13366932,0.987944,0.07809731
1356023639741,0.18024892,-0.068684936,0.98122,0.972726,0.16051084,-0.16745287,-0.1459949,0.9846414,0.09574351
1356023639779,0.25000694,-0.058743745,0.9664604,0.95292664,0.19177201,-0.23484954,-0.17154413,0.9796798,0.103922814
1356023639821,0.3443281,-0.028661668,0.93841183,0.9169712,0.22479033,-0.32959533,-0.20149913,0.97398555,0.10368356
1356023639860,0.46136022,0.018001795,0.88703036,0.8584911,0.24327497,-0.45145366,-0.2239193,0.96979034,0.09678295
1356023639919,0.590145,0.06947324,0.80430245,0.77374434,0.23556745,-0.588071,-0.23032272,0.9693717,0.085264415
1356023639937,0.7132842,0.11182481,0.69189656,0.6646899,0.20516926,-0.71839607,-0.22229043,0.9723172,0.07201515
1356023639980,0.811772,0.13488401,0.56818366,0.54764223,0.1619952,-0.820881,-0.20276675,0.9775295,0.057634994
1356023640015,0.88178456,0.1403562,0.45028466,0.43637246,0.11951336,-0.89179355,-0.17898382,0.9828616,0.044137448
1356023640056,0.9240379,0.13044181,0.35935894,0.35081914,0.08421692,-0.9326486,-0.15192047,0.98787266,0.03205815
1356023640101,0.94494414,0.11061651,0.3079685,0.303176,0.05822897,-0.9511539,-0.12314601,0.9921559,0.021486852
1356023640140,0.95016646,0.08619432,0.29959026,0.29744017,0.037094444,-0.95401955,-0.09334418,0.99558747,0.009608243
1356023640181,0.9433562,0.06910393,0.32450533,0.32438368,0.0132879,-0.94583225,-0.06967272,0.9975209,-0.00988096
1356023640221,0.9313838,0.07645702,0.3559193,0.35814565,-0.017238973,-0.93350655,-0.06523745,0.99692386,-0.04343885
1356023640260,0.92396516,0.12021962,0.36309177,0.37128553,-0.05396092,-0.9269495,-0.09184472,0.9912797,-0.09449381
1356023640300,0.9181489,0.18981165,0.3478134,0.3692577,-0.09152514,-0.9248091,-0.1437059,0.97754526,-0.15412313
1356023640342,0.90735006,0.2625219,0.32832628,0.3683578,-0.12018472,-0.9218829,-0.20255466,0.95741206,-0.2057516
1356023640381,0.88825214,0.31646353,0.33295506,0.3873074,-0.12623784,-0.9132672,-0.24698424,0.9401675,-0.2346997
1356023640422,0.86366147,0.34119686,0.37104392,0.42665318,-0.1028198,-0.8985517,-0.26843238,0.93435156,-0.23437424
1356023640469,0.83018607,0.32881775,0.45018885,0.49115178,-0.049357355,-0.86967456,-0.26374426,0.9431027,-0.20247519
1356023640537,0.7891626,0.29102537,0.5408573,0.5634185,0.007537544,-0.8261373,-0.24450366,0.95668566,-0.15802073
1356023640549,0.7442046,0.2324311,0.6262071,0.6326191,0.05560607,-0.7724643,-0.21436563,0.971022,-0.10565807
1356023640585,0.7049198,0.16725016,0.6892862,0.68577474,0.08743116,-0.7225432,-0.18111056,0.9820301,-0.053063974
1356023640632,0.6753271,0.10220969,0.7304016,0.7223516,0.10814453,-0.6830175,-0.14879996,0.98886704,-7.984191E-4
1356023640681,0.66970694,0.05040425,0.740913,0.7317857,0.12505105,-0.6699641,-0.12642097,0.99086916,0.046862453
1356023640724,0.7031303,0.027198374,0.71054065,0.7005946,0.14432079,-0.6988123,-0.12155235,0.989157,0.08242129
1356023640761,0.7671017,0.035153627,0.64056164,0.6276854,0.1651581,-0.7607457,-0.13253695,0.98564047,0.104627624
1356023640800,0.84598523,0.07647644,0.52769345,0.50890046,0.17958853,-0.8418838,-0.15915196,0.9807646,0.11301034
1356023640845,0.9181206,0.13751566,0.37167725,0.3474309,0.17187613,-0.9218191,-0.19064704,0.9754733,0.11002582
1356023640880,0.9596333,0.18972969,0.20762129,0.18293792,0.13964415,-0.97315633,-0.21362974,0.97185504,0.09929842
1356023640920,0.97388864,0.21427903,0.075002834,0.05472657,0.09904605,-0.9935768,-0.22033142,0.9717378,0.08473307
1356023640960,0.9768984,0.21329343,-0.013251044,-0.027697898,0.064887196,-0.9975081,-0.21190211,0.97483104,0.06929597
1356023641001,0.97873807,0.19624361,-0.05966673,-0.069160245,0.041878372,-0.9967262,-0.19310242,0.9796606,0.054560214
1356023641041,0.9823532,0.17362368,-0.0695485,-0.075839005,0.029855132,-0.9966731,-0.17096965,0.9843595,0.042495728
1356023641090,0.9885137,0.1456615,-0.04029184,-0.04473957,0.02738759,-0.9986232,-0.14435747,0.9889553,0.03358984
1356023641121,0.99255025,0.11537643,0.03914349,0.035758857,0.031261623,-0.99887127,-0.116469905,0.99282974,0.026903003
1356023641164,0.98446375,0.08286382,0.15480539,0.15270546,0.031145215,-0.98778087,-0.08667275,0.99607414,0.018007576
1356023641201,0.95142746,0.06118276,0.30173224,0.30104107,0.02043721,-0.9533922,-0.064497724,0.99791735,0.0010260008
1356023641240,0.90491307,0.071945965,0.41947126,0.42073157,-0.0026266873,-0.90718144,-0.06416625,0.9974051,-0.032646865
1356023641279,0.8605108,0.12333268,0.49427742,0.5007105,-0.025993705,-0.8652245,-0.09386234,0.9920249,-0.08412182
1356023641321,0.81836504,0.1984635,0.539343,0.556337,-0.03824916,-0.830076,-0.14411035,0.97936165,-0.14171436
1356023641360,0.7700864,0.2691026,0.5784036,0.6072062,-0.031169355,-0.7939326,-0.19562083,0.96260697,-0.18740386
1356023641401,0.7093935,0.3121006,0.63194466,0.66536295,-7.8525767E-4,-0.7465196,-0.23249297,0.95004874,-0.20821723
1356023641444,0.6346886,0.31492496,0.70568585,0.7315334,0.04946205,-0.6800091,-0.2490565,0.94782686,-0.19898513
1356023641480,0.55230093,0.28617415,0.7829866,0.7951015,0.10145995,-0.59792924,-0.25055367,0.95279074,-0.1715011
1356023641541,0.46799952,0.23046044,0.8531498,0.8508525,0.14336579,-0.5054665,-0.23880255,0.9624626,-0.1289927
1356023641560,0.3944916,0.16423386,0.9041038,0.89236337,0.16627182,-0.41957277,-0.21923512,0.972307,-0.08096346
1356023641600,0.3392277,0.09875062,0.93550676,0.92007077,0.17231587,-0.35181978,-0.19594508,0.9800794,-0.03240326
1356023641641,0.3075859,0.04153359,0.95061344,0.9355517,0.16906112,-0.31009895,-0.17359132,0.98473006,0.013143986
1356023641680,0.30429757,-0.0018465817,0.9525752,0.93941295,0.16625512,-0.2997706,-0.15781692,0.986081,0.052325755
1356023641720,0.3350861,-0.02620709,0.941823,0.92953664,0.17245388,-0.3259161,-0.15387967,0.9846689,0.08214736
1356023641760,0.40731087,-0.025135875,0.9129436,0.8981797,0.19210544,-0.3954348,-0.16544178,0.98105234,0.100823194
1356023641800,0.53229666,0.009890258,0.84650016,0.8249367,0.21848671,-0.5212899,-0.19010475,0.97578984,0.108140886
1356023641840,0.7015176,0.08158696,0.70796657,0.6781303,0.22902393,-0.6983461,-0.2191172,0.9699957,0.10533774
1356023641884,0.8590803,0.16661416,0.48396364,0.4518078,0.19747373,-0.869985,-0.24052194,0.9660455,0.09436821
1356023641920,0.94610107,0.2224946,0.23534851,0.2092174,0.13483852,-0.9685281,-0.24722631,0.9655644,0.08102113
1356023641963,0.9709812,0.23369808,0.050801136,0.033706054,0.07657349,-0.9964941,-0.23676878,0.96928936,0.06647438
1356023642001,0.9724463,0.22157134,-0.072486915,-0.08244647,0.036023736,-0.9959442,-0.21806145,0.97447854,0.05329892
1356023642044,0.97144854,0.19523191,-0.134804,-0.14026317,0.014347583,-0.9900104,-0.1913475,0.9806522,0.041321784
1356023642082,0.9753109,0.16579738,-0.14587569,-0.14913058,0.0072870534,-0.9887907,-0.16287589,0.9861329,0.031832606
1356023642120,0.9856108,0.13278693,-0.10458976,-0.1068331,0.009863793,-0.99422807,-0.13098884,0.9910956,0.0239079
1356023642160,0.9951254,0.098587126,0.0024475716,0.0010908954,0.013812721,-0.99990404,-0.098611474,0.99503255,0.013637841
1356023642200,0.9848626,0.07608235,0.15574686,0.15574844,0.005949229,-0.98777884,-0.076079115,0.99708384,-0.005990534
1356023642240,0.9508586,0.08671321,0.29723516,0.29960817,-0.015469492,-0.9539369,-0.07812085,0.9961131,-0.040689286
1356023642281,0.91551673,0.13943198,0.37734315,0.38595334,-0.03992617,-0.9216539,-0.11344218,0.98942643,-0.090367325
1356023642324,0.8862599,0.21816424,0.40859225,0.42948088,-0.056699663,-0.90129423,-0.17346308,0.97426355,-0.14394799
1356023642360,0.8450241,0.28929028,0.449717,0.48283246,-0.051368117,-0.8742048,-0.22979783,0.9558621,-0.18308602
1356023642411,0.7852229,0.3311285,0.5232389,0.5582152,-0.012822479,-0.8295972,-0.26799408,0.94349855,-0.19490947
1356023642441,0.6961453,0.33870238,0.63297904,0.6579282,0.051791582,-0.7512976,-0.28724927,0.9394671,-0.1867874
1356023642480,0.5796361,0.30513,0.7555909,0.7618139,0.12621823,-0.6353806,-0.28924298,0.94390917,-0.1592916
1356023642539,0.44657236,0.23976809,0.8620235,0.85005695,0.18698436,-0.49238202,-0.27924243,0.95265317,-0.12031448
1356023642561,0.32099345,0.1607939,0.9333319,0.9105253,0.21876112,-0.35083786,-0.2605893,0.96243906,-0.07618603
1356023642600,0.22484624,0.08796424,0.9704156,0.9450945,0.22270125,-0.23916626,-0.23715088,0.9709101,-0.033060968
1356023642640,0.16214478,0.028569847,0.9863533,0.9636518,0.21050322,-0.16451013,-0.21233058,0.9771756,0.0066006184
1356023642681,0.13226324,-0.015236676,0.9910975,0.97240704,0.19584942,-0.1267581,-0.1921745,0.9805156,0.040719926
1356023642721,0.13351017,-0.042972118,0.9901154,0.974015,0.19011658,-0.12308788,-0.182948,0.98082066,0.06723794
1356023642763,0.16531372,-0.052788734,0.9848273,0.96767724,0.20151436,-0.15163329,-0.19045237,0.97806203,0.08439553
1356023642801,0.23564196,-0.041621923,0.9709482,0.94896185,0.22535962,-0.22064546,-0.20962882,0.97338617,0.092601836
1356023642843,0.34537524,-0.004773319,0.93845254,0.9085022,0.2523662,-0.3330691,-0.23524386,0.96762,0.09149757
1356023642881,0.48705828,0.051200718,0.8718674,0.8357568,0.26248294,-0.48229998,-0.25354448,0.96357733,0.085053116
1356023642940,0.6199573,0.10498601,0.77758014,0.7412555,0.24658391,-0.6242889,-0.25728035,0.963418,0.075050056
1356023642958,0.71347356,0.13699758,0.6871587,0.6559147,0.21433651,-0.7237649,-0.24643724,0.9671047,0.06306471
1356023642997,0.763407,0.14508942,0.62941146,0.60486126,0.1812894,-0.77542055,-0.22661096,0.97266805,0.05063863
1356023643034,0.77745986,0.13574584,0.61410844,0.5957317,0.1541096,-0.7882601,-0.20164303,0.9786844,0.03894593
1356023643078,0.7611197,0.11509308,0.63831836,0.6250489,0.13269809,-0.76922363,-0.17323591,0.9844515,0.029060349
1356023643122,0.71836525,0.08796811,0.6900819,0.68131995,0.11145059,-0.7234514,-0.14055073,0.9898689,0.020127788
1356023643160,0.6578567,0.065069586,0.750327,0.7452941,0.087212965,-0.6610072,-0.10844967,0.99406224,0.00887768
1356023643204,0.60586506,0.06304881,0.79306513,0.79088545,0.06025684,-0.60899025,-0.08618367,0.99618965,-0.013356864
1356023643240,0.56391305,0.08818883,0.8211119,0.8214543,0.042366877,-0.56869847,-0.08494079,0.99520236,-0.048551857
1356023643283,0.5449572,0.15167367,0.8246313,0.8297074,0.044216767,-0.5564446,-0.12086052,0.9874411,-0.101748526
1356023643321,0.5191338,0.22623721,0.82420677,0.8366612,0.06252359,-0.54414046,-0.1746372,0.97206354,-0.15682578
1356023643360,0.48171097,0.28847536,0.82748806,0.84583664,0.09387177,-0.5251175,-0.22916126,0.95287466,-0.198784
1356023643401,0.42715672,0.3152567,0.8474375,0.8640561,0.13376853,-0.48529696,-0.26635358,0.93953145,-0.21525937
1356023643441,0.36144406,0.30040473,0.882675,0.8889639,0.17452957,-0.4234177,-0.28124958,0.937708,-0.20396632
1356023643480,0.29330552,0.25176993,0.922271,0.91497386,0.20570862,-0.3471411,-0.27711877,0.9456722,-0.17002738
1356023643537,0.23161191,0.1845892,0.9551349,0.93771404,0.21897638,-0.26970682,-0.25893694,0.9581107,-0.122374356
1356023643561,0.18349707,0.11417282,0.9763675,0.9554075,0.21304536,-0.2044706,-0.23135555,0.9703485,-0.06998837
1356023643600,0.1534343,0.05192548,0.98679364,0.9676611,0.19444844,-0.16069138,-0.20022443,0.97953737,-0.020411193
1356023643643,0.14082196,-1.7848611E-4,0.99003494,0.9754281,0.17116842,-0.13871345,-0.169438,0.9852418,0.024278343
1356023643681,0.14974418,-0.037779868,0.9880027,0.9778494,0.15346214,-0.14233714,-0.14624351,0.98743206,0.059923112
1356023643724,0.17512247,-0.060682684,0.98267484,0.9749129,0.14997342,-0.16447797,-0.13739419,0.98682606,0.085423976
1356023643761,0.22341248,-0.067448646,0.97238755,0.9641129,0.16209206,-0.21026796,-0.14343405,0.9844678,0.10124144
1356023643800,0.2894463,-0.055432945,0.95558786,0.94262433,0.19002986,-0.27449623,-0.16637412,0.9802122,0.107255876
1356023643841,0.37635934,-0.023431927,0.9261774,0.9051769,0.22241163,-0.3621987,-0.1975056,0.97467124,0.10491672
1356023643880,0.47573173,0.02181083,0.8793199,0.85088485,0.24189807,-0.46634778,-0.22287723,0.9700564,0.096520096
1356023643920,0.5708143,0.06504354,0.81849885,0.7876822,0.23803608,-0.56823903,-0.23179257,0.969076,0.08464074
1356023643961,0.6474895,0.09306848,0.75636995,0.7286349,0.21517581,-0.6502234,-0.22326776,0.9721304,0.07151115
1356023644001,0.701257,0.10327229,0.70538884,0.68357146,0.18351865,-0.7064354,-0.20240718,0.97757643,0.05809976
1356023644043,0.7350482,0.10083452,0.6704749,0.6546452,0.15184039,-0.74052966,-0.17647612,0.9832481,0.045599163
1356023644083,0.75247604,0.08861199,0.65263134,0.64221203,0.12108388,-0.7569031,-0.14609385,0.98867923,0.034205034
1356023644121,0.75718725,0.07159096,0.64926285,0.643078,0.092585385,-0.76018333,-0.1145345,0.9931278,0.024065912
1356023644163,0.7546354,0.05432999,0.6538912,0.65105945,0.061827354,-0.7565044,-0.08152923,0.99660707,0.011285067
1356023644203,0.74870056,0.04925883,0.66107565,0.6603831,0.031538486,-0.7502662,-0.05780649,0.9982879,-0.008916795
1356023644241,0.7452617,0.07042569,0.6630423,0.6642894,0.0073081926,-0.7474397,-0.057484567,0.9974902,-0.04133652
1356023644280,0.74385285,0.12848994,0.6558759,0.66180885,-0.004715264,-0.74965775,-0.09323084,0.9916996,-0.088543236
1356023644319,0.7355348,0.21279103,0.64320177,0.6588807,-0.003706269,-0.7522382,-0.15768562,0.97709066,-0.14292997
1356023644360,0.7152028,0.295538,0.6333579,0.66108173,0.008060962,-0.7502706,-0.22683898,0.955297,-0.18960957
1356023644400,0.6877842,0.35005638,0.63593507,0.6709441,0.027861655,-0.74098426,-0.27710444,0.93631417,-0.21570545
1356023644440,0.6623208,0.36599785,0.65374064,0.68662447,0.052635554,-0.72510445,-0.2997967,0.929126,-0.21644148
1356023644480,0.64389837,0.34712994,0.68183255,0.7046592,0.078128636,-0.70523125,-0.29807752,0.9345569,-0.19430143
1356023644537,0.6336647,0.3025875,0.711976,0.7217449,0.10006723,-0.6848874,-0.27848387,0.94785404,-0.15498194
1356023644560,0.63130474,0.24617651,0.73542607,0.7343701,0.1150845,-0.66892165,-0.24930894,0.9623683,-0.10813129
1356023644603,0.6358281,0.1819351,0.75008154,0.7418823,0.124023795,-0.6589603,-0.21291599,0.9754577,-0.05611664
1356023644641,0.6498224,0.123876065,0.7499237,0.7388942,0.12839955,-0.6614749,-0.17823082,0.98395544,-0.008094415
1356023644680,0.669787,0.07516578,0.73873913,0.7274325,0.13332734,-0.67310166,-0.14908832,0.9882176,0.034622893
1356023644720,0.69973683,0.042712122,0.71312267,0.70224965,0.14219943,-0.69758487,-0.13120097,0.98891604,0.069507614
1356023644759,0.7407676,0.032863796,0.67095697,0.6591397,0.1571475,-0.7354179,-0.12960783,0.9870282,0.094747946
1356023644800,0.7924615,0.049936414,0.6078744,0.5921998,0.17550912,-0.78644514,-0.14595976,0.98321056,0.10951188
1356023644840,0.8497222,0.09137493,0.5192521,0.49734676,0.18794537,-0.846949,-0.17498094,0.9779197,0.11425632
1356023644882,0.9018105,0.14503863,0.4070646,0.37988105,0.18293089,-0.9067672,-0.20598099,0.9723683,0.10987157
1356023644930,0.94039655,0.18893342,0.28276935,0.2560051,0.15405601,-0.9543208,-0.22386542,0.9698304,0.09650582
1356023644970,0.96551156,0.20965634,0.15437502,0.13283662,0.11327618,-0.98464346,-0.22392377,0.9711913,0.081519425
1356023645027,0.9773631,0.20556375,0.05004777,0.035199255,0.075267404,-0.9965419,-0.20861988,0.975745,0.0663279
1356023645047,0.9823328,0.18529207,-0.026251234,-0.035398617,0.04623264,-0.99830323,-0.18376401,0.9815952,0.051974922
1356023645086,0.9851574,0.15625802,-0.07105243,-0.07630138,0.027846217,-0.99669594,-0.15376318,0.9873237,0.039355606
1356023645130,0.9894904,0.12224473,-0.07723337,-0.080111414,0.01879853,-0.9966087,-0.12037828,0.992322,0.028394163
1356023645173,0.99568456,0.08592425,-0.03506013,-0.036360618,0.01361689,-0.9992459,-0.08538205,0.99620855,0.016682386
1356023645212,0.99674356,0.055258643,0.058726124,0.05865844,0.002847463,-0.998274,-0.055330493,0.998468,-4.031954E-4
1356023645252,0.98298013,0.049284704,0.17697795,0.17826813,-0.023109406,-0.9837106,-0.044392034,0.99851745,-0.03150198
1356023645292,0.95122916,0.08097774,0.29766712,0.30240092,-0.054076016,-0.9516457,-0.060965456,0.9952479,-0.07592642
1356023645333,0.916795,0.15412387,0.36841923,0.38316634,-0.07944852,-0.92025626,-0.1125631,0.9848522,-0.1318931
1356023645371,0.8724566,0.23716778,0.42728317,0.45668024,-0.084435284,-0.885615,-0.17396156,0.9677924,-0.18197596
1356023645410,0.81806237,0.30394417,0.48825395,0.52867776,-0.06316817,-0.8464689,-0.2264372,0.95059335,-0.21236403
1356023645453,0.7374194,0.33364868,0.5872743,0.625119,-0.007831635,-0.7804903,-0.25581026,0.942665,-0.21434534
1356023645490,0.6209117,0.3209082,0.7151829,0.7382231,0.06744233,-0.67117673,-0.26361972,0.944706,-0.19502607
1356023645530,0.46988267,0.26221022,0.84288555,0.8459995,0.13880509,-0.51479906,-0.2519824,0.9549759,-0.1566076
1356023645554,0.32234216,0.19054067,0.9272485,0.9170666,0.18000335,-0.35579154,-0.23470056,0.9650352,-0.11671585
1356023645597,0.18369895,0.10785845,0.9770472,0.96081424,0.19019955,-0.20164338,-0.20758286,0.97580254,-0.068692446
1356023645640,0.076134145,0.034240305,0.99650943,0.9810576,0.17596865,-0.08099988,-0.17812786,0.98380005,-0.02019447
1356023645681,8.702278E-5,-0.025004566,0.9996873,0.9883669,0.1520428,0.0037169456,-0.15208825,0.98805755,0.024726927
1356023645720,-0.047192335,-0.069283545,0.99648017,0.98964614,0.13212991,0.056055456,-0.13554853,0.98880816,0.062330723
1356023645762,-0.070269525,-0.10037747,0.9924648,0.98835444,0.12761468,0.082885414,-0.1349729,0.9867314,0.090241075
1356023645801,-0.068397164,-0.11898512,0.9905374,0.98638934,0.14074141,0.08501688,-0.14952531,0.98287046,0.10773939
1356023645842,-0.03843856,-0.122265816,0.9917528,0.9829284,0.1740824,0.059557855,-0.1799286,0.9771113,0.113487005
1356023645897,0.038485765,-0.104519784,0.9937779,0.97648436,0.21505201,-0.015198141,-0.21212542,0.9709934,0.11033833
1356023645925,0.19934222,-0.04906395,0.97870094,0.9510536,0.25035605,-0.18116024,-0.2361353,0.9669099,0.09656894
1356023645964,0.44967723,0.04046911,0.8922739,0.8597087,0.2513439,-0.44466513,-0.24226275,0.96705145,0.07823199
1356023645994,0.6842419,0.12269354,0.7188598,0.68908805,0.21385542,-0.69240427,-0.23868564,0.9691297,0.061782166
1356023646037,0.80817366,0.15713298,0.5675955,0.5458361,0.16208982,-0.8220644,-0.22117487,0.9741849,0.04522787
1356023646079,0.8147879,0.14517911,0.56128746,0.5457797,0.13449645,-0.82706416,-0.1955636,0.98022115,0.030350268
1356023646125,0.7220892,0.10795358,0.6833252,0.67198396,0.12526637,-0.7298945,-0.16439241,0.9862324,0.01791042
1356023646160,0.5368539,0.06488329,0.8411766,0.8334223,0.114181876,-0.54071224,-0.13113031,0.99133885,0.0072238147
1356023646205,0.35341686,0.04038641,0.9345937,0.9303849,0.08881253,-0.35566315,-0.097367615,0.99522924,-0.0061870813
1356023646245,0.22650295,0.042899072,0.9730653,0.9712067,0.065800846,-0.22897124,-0.07385117,0.9969102,-0.026759773
1356023646283,0.18351334,0.076461226,0.980039,0.9798385,0.06588346,-0.18861589,-0.0789901,0.99489343,-0.06282911
1356023646321,0.17074421,0.12544784,0.97729695,0.9789866,0.09063879,-0.18267405,-0.111497074,0.98795116,-0.10733569
1356023646360,0.1703603,0.17941812,0.96891,0.9713224,0.13493225,-0.19577062,-0.165862,0.9744755,-0.15128577
1356023646401,0.15638019,0.21764138,0.96341974,0.9626378,0.18474199,-0.19798744,-0.2210744,0.95838547,-0.18061984
1356023646440,0.12287569,0.22542754,0.96648026,0.9578104,0.2280122,-0.17495635,-0.2598093,0.9472027,-0.18789971
1356023646482,0.07913752,0.20179102,0.97622633,0.957649,0.25658184,-0.1306684,-0.27684966,0.94522285,-0.17293966
1356023646542,0.04134175,0.15821096,0.9865395,0.9606298,0.26521036,-0.08278769,-0.2747384,0.95112187,-0.14101791
1356023646561,0.020286947,0.10699591,0.99405247,0.965966,0.25434652,-0.04709059,-0.25787228,0.9611762,-0.09819448
1356023646600,0.025516808,0.060617268,0.9978348,0.97215086,0.23110503,-0.038899392,-0.23296258,0.9710386,-0.05303204
