1356023947607,-0.14166969,0.0713394,0.98734003,0.7310332,-0.6649809,0.15294081,0.667473,0.7434454,0.042056233
1356023947648,-0.208448,0.24075302,-0.9479385,-0.7148645,0.6239582,0.3156659,0.66747147,0.7434475,0.04204297
1356023947687,-0.20843464,0.24066336,-0.9479643,-0.71488667,0.6239683,0.31559575,0.667452,0.74346805,0.0419904
1356023947726,-0.20843148,0.24050169,-0.9480059,-0.71498805,0.6239103,0.3154806,0.66734433,0.743569,0.04191327
1356023947768,-0.20856476,0.24051113,-0.9479742,-0.7152386,0.6235784,0.3155688,0.66703415,0.7438443,0.04196632
1356023947807,-0.2090365,0.24111412,-0.94771713,-0.71566516,0.62272584,0.31628448,0.6664286,0.7443631,0.042384565
1356023947887,-0.21158776,0.24552715,-0.9460164,-0.71692634,0.61886656,0.32096845,0.6642644,0.7461371,0.045080304
1356023947928,-0.21376362,0.24968226,-0.94443834,-0.7180572,0.61533546,0.32520163,0.6623435,0.7476771,0.047749817
1356023947967,-0.21642625,0.25461668,-0.9425125,-0.7189353,0.61158115,0.33030358,0.66052365,0.749092,0.05069071
1356023948007,-0.21937665,0.26043826,-0.940237,-0.71974355,0.60741436,0.33618003,0.6586675,0.75047964,0.054196298
1356023948048,-0.22251937,0.26704252,-0.9376426,-0.7206043,0.6027461,0.34267563,0.6566694,0.7519211,0.058309257
1356023948087,-0.22565356,0.2737131,-0.9349661,-0.7215509,0.59786546,0.34917217,0.654557,0.75341755,0.06258744
1356023948127,-0.22859234,0.2799312,-0.9324077,-0.72266686,0.59295243,0.3551901,0.6523022,0.7550139,0.06675255
1356023948167,-0.23127824,0.28510666,-0.93017447,-0.7238383,0.5884069,0.36032677,0.65005267,0.75663173,0.07028538
1356023948207,-0.23357859,0.28853908,-0.9285399,-0.72487843,0.5848094,0.36407316,0.6480682,0.75811815,0.07255679
1356023948247,-0.235354,0.2898499,-0.9276829,-0.72558796,0.5826436,0.36612645,0.64663017,0.75928485,0.07318407
1356023948286,-0.23647803,0.28909042,-0.927634,-0.7259408,0.582007,0.36643946,0.6458236,0.7600622,0.0722307
1356023948326,-0.23688334,0.2865873,-0.9283071,-0.72614187,0.58256876,0.36514607,0.645449,0.7605797,0.070102155
1356023948366,-0.2365455,0.2826795,-0.9295905,-0.7265312,0.58379596,0.36240125,0.6451346,0.7611009,0.06728113
1356023948407,-0.23553026,0.27755675,-0.93139017,-0.72737837,0.58524376,0.35834393,0.64455104,0.76187396,0.064046204
1356023948447,-0.23409706,0.2718088,-0.9334446,-0.7287814,0.5864248,0.35353035,0.6434877,0.7630374,0.060808837
1356023948492,-0.23280317,0.26636067,-0.9353367,-0.73064864,0.58683157,0.3489718,0.6418375,0.76464415,0.05799979
1356023948528,-0.23254502,0.26238626,-0.93652356,-0.73264486,0.5860366,0.34611076,0.6396518,0.76662546,0.055956066
1356023948568,-0.23456031,0.26117897,-0.9363584,-0.73410517,0.58383083,0.3467436,0.637237,0.7687179,0.054789245
1356023948608,-0.2400451,0.26368728,-0.934263,-0.7341994,0.58029926,0.35242593,0.63508236,0.77053344,0.054301023
1356023948648,-0.2500296,0.2703459,-0.9297303,-0.7319741,0.5757779,0.36427155,0.6337974,0.7716172,0.05392468
1356023948689,-0.2646029,0.28066945,-0.9226105,-0.7267312,0.5708525,0.38208538,0.63391423,0.77159065,0.05292189
1356023948728,-0.28315,0.29365242,-0.9130138,-0.7180444,0.56618094,0.40478542,0.63579726,0.77019954,0.05054134
1356023948768,-0.30422035,0.30760288,-0.90157104,-0.7058966,0.5627178,0.43018436,0.63965607,0.7672869,0.045945644
1356023948808,-0.32590517,0.3203651,-0.88946724,-0.69060993,0.5618404,0.45540455,0.6456343,0.76269364,0.038140714
1356023948848,-0.3466757,0.3305544,-0.8778097,-0.672585,0.5646987,0.4782728,0.65379316,0.7562071,0.026558578
1356023948889,-0.36567387,0.33846772,-0.8670192,-0.65217453,0.5714276,0.49813545,0.6640414,0.74760294,0.011783898
1356023948928,-0.38261765,0.3456275,-0.85682285,-0.6296551,0.5811214,0.51558936,0.6761199,0.7367765,-0.0047211647
1356023948968,-0.3976907,0.35378915,-0.84656674,-0.60553473,0.5919901,0.53186035,0.6893255,0.7241415,-0.02119726
1356023949008,-0.4112898,0.36416447,-0.8355985,-0.5807452,0.6018806,0.5481557,0.7025494,0.7107207,-0.03606063
1356023949048,-0.4239335,0.37762865,-0.82321143,-0.5565274,0.6084721,0.56571984,0.7145332,0.6979673,-0.047791004
1356023949088,-0.4360553,0.39541468,-0.8083954,-0.5336221,0.60972226,0.586077,0.72464013,0.6869396,-0.054870605
1356023949118,-0.44807917,0.41690025,-0.7908345,-0.51202387,0.60547155,0.60929114,0.73284143,0.67793685,-0.057836294
1356023949176,-0.4586278,0.44522184,-0.76905006,-0.49152988,0.5938873,0.6369428,0.74031,0.6701308,-0.053533435
1356023949197,-0.46957517,0.48287636,-0.7391411,-0.46888524,0.57296973,0.6721996,0.7480948,0.6622206,-0.04263872
1356023949237,-0.48025367,0.5278119,-0.70055044,-0.44346443,0.54297614,0.7131031,0.75676656,0.65313965,-0.026700497
1356023949274,-0.49016145,0.57549673,-0.65463376,-0.41636726,0.5052208,0.7559036,0.7657546,0.64308286,-0.008021712
1356023949317,-0.4992715,0.6197906,-0.6054647,-0.39041254,0.4629076,0.79579806,0.77350235,0.6337004,0.010857403
1356023949357,-0.50852126,0.65456164,-0.55942386,-0.36877763,0.42153144,0.82844085,0.7780804,0.62758285,0.02703005
1356023949397,-0.5185379,0.67636144,-0.5231191,-0.3540349,0.3870588,0.85137814,0.7783172,0.62667423,0.038750947
1356023949437,-0.5291417,0.68501014,-0.5007697,-0.3472653,0.3636527,0.86438626,0.7742196,0.63128275,0.04545635
1356023949494,-0.5388062,0.6814318,-0.49531662,-0.3495163,0.35414606,0.8674208,0.7665025,0.64049304,0.047355473
1356023949519,-0.5448364,0.66617763,-0.50927454,-0.3626465,0.36040723,0.859415,0.75606924,0.6529272,0.04522407
1356023949558,-0.5438918,0.6383033,-0.54474825,-0.38946423,0.38300276,0.8376315,0.743303,0.6677409,0.040284276
1356023949598,-0.5317697,0.59612906,-0.6015407,-0.43220198,0.41980547,0.7981008,0.72830117,0.6843928,0.03440833
1356023949638,-0.5031614,0.54169035,-0.67335,-0.48903462,0.46393508,0.7386538,0.71251225,0.7009535,0.031471133
1356023949678,-0.4560454,0.48886365,-0.7436632,-0.5491068,0.50303113,0.667414,0.7003602,0.7127215,0.039033294
1356023949719,-0.3948089,0.46439195,-0.7927585,-0.59559524,0.52763057,0.60569984,0.6995657,0.7112989,0.068276405
1356023949758,-0.3262197,0.4905488,-0.8080487,-0.6172684,0.536862,0.5751165,0.7159333,0.6863972,0.12766528
1356023949798,-0.2534557,0.5610016,-0.78805935,-0.6175534,0.53321123,0.5781986,0.7445724,0.63321644,0.21130294
1356023949838,-0.17917871,0.6374227,-0.7493913,-0.6106461,0.5251726,0.59270996,0.7713666,0.56381387,0.2951399
1356023949878,-0.10881993,0.6798849,-0.7251997,-0.6060957,0.53286207,0.5905134,0.7879126,0.5038001,0.35408932
1356023949919,-0.045840174,0.6717561,-0.7393528,-0.6029518,0.5714985,0.55663145,0.79645956,0.47131014,0.37883896
1356023949958,0.009506583,0.61236054,-0.7905215,-0.5984668,0.6368213,0.48610297,0.8010912,0.46847966,0.37253147
1356023949998,0.056302696,0.5098076,-0.85844415,-0.5935494,0.7084638,0.3818091,0.80282575,0.48803207,0.34248435
1356023950038,0.091689646,0.3822241,-0.9195095,-0.59161854,0.7636694,0.2584504,0.8009872,0.52030164,0.29615146
1356023950078,0.11320399,0.25366795,-0.96064425,-0.595657,0.79116917,0.13872308,0.7952217,0.55651045,0.24066257
1356023950119,0.120602325,0.14301644,-0.98234475,-0.6063779,0.79411024,0.04116708,0.7859776,0.59070736,0.18249357
1356023950158,0.11512446,0.059412718,-0.99157274,-0.6220043,0.7826042,-0.025324702,0.7745044,0.61967796,0.12705183
1356023950198,0.098003,0.0055977106,-0.9951704,-0.6386598,0.76725626,-0.05857861,0.7632229,0.6413162,0.07876843
1356023950238,0.06950586,-0.016816646,-0.99743974,-0.6512654,0.75661963,-0.058139414,0.7556602,0.65363896,0.04163742
1356023950278,0.028365761,-0.0040696263,-0.9995893,-0.65513325,0.75520265,-0.021665603,0.7549807,0.6554787,0.018755734
1356023950319,-0.028124511,0.049155504,-0.9983951,-0.6469116,0.7605304,0.05566767,0.7620462,0.647439,0.010409713
1356023950358,-0.10248864,0.14542127,-0.9840471,-0.62472886,0.76041394,0.17743863,0.77408653,0.6329481,0.012915075
1356023950398,-0.19182536,0.27451968,-0.94225365,-0.588469,0.7361789,0.3342825,0.7854344,0.618611,0.020328522
1356023950438,-0.28340375,0.4059626,-0.86883646,-0.54225856,0.6794068,0.49432996,0.7909729,0.61122894,0.027590215
1356023950493,-0.3613696,0.5059561,-0.7832116,-0.49682346,0.6063232,0.6209176,0.7890364,0.6134986,0.032264173
1356023950519,-0.41790396,0.56178343,-0.7139717,-0.46447322,0.5432942,0.699354,0.78078216,0.62388355,0.033888638
1356023950558,-0.45236155,0.5773749,-0.6797112,-0.45370165,0.507169,0.73275805,0.7678046,0.63985765,0.032532215
1356023950589,-0.46529645,0.56483424,-0.6815142,-0.46413004,0.49991786,0.7312082,0.7537126,0.6565398,0.02954644
1356023950628,-0.46212327,0.525479,-0.71436256,-0.4965393,0.5141083,0.6993864,0.7347726,0.6779118,0.02333951
1356023950668,-0.42879736,0.45358825,-0.781275,-0.5556896,0.54942757,0.62397,0.7122794,0.701703,0.016461194
1356023950708,-0.36901218,0.37060314,-0.8523399,-0.6228205,0.58209497,0.52274287,0.6898729,0.7237532,0.016019106
1356023950748,-0.29588717,0.31398934,-0.90214276,-0.6756206,0.5988485,0.4300201,0.67526853,0.7367437,0.034946084
1356023950788,-0.22302711,0.31652698,-0.9219921,-0.7011608,0.6049903,0.37730652,0.677224,0.73061436,0.087007105
1356023950828,-0.15324265,0.38186115,-0.9114267,-0.7009224,0.60814726,0.3726454,0.69658047,0.69594467,0.17446095
1356023950868,-0.08334234,0.47521296,-0.8759147,-0.68720216,0.60913527,0.39586276,0.7216697,0.6349227,0.27580065
1356023950908,-0.013784975,0.54292595,-0.8396673,-0.67173135,0.6170033,0.40998015,0.7406664,0.5696826,0.3561951
1356023950948,0.052262604,0.5513656,-0.8326251,-0.6557883,0.6477443,0.38777447,0.7531336,0.5257597,0.39543194
1356023950988,0.11211926,0.49541408,-0.8613908,-0.6364109,0.7015462,0.32064646,0.7631582,0.51224786,0.39394373
1356023951028,0.16180481,0.38720822,-0.9076833,-0.61537814,0.75864536,0.2139321,0.77144605,0.52395326,0.36103195
1356023951068,0.19630854,0.25368676,-0.9471568,-0.59945,0.79546934,0.088816196,0.7759657,0.5503377,0.30822992
1356023951108,0.2136024,0.123766035,-0.969049,-0.59449756,0.8035955,-0.028407544,0.7752075,0.5821651,0.24522853
1356023951149,0.21539539,0.01658693,-0.976386,-0.6012298,0.7901338,-0.11921126,0.76949817,0.61270994,0.18016374
1356023951190,0.20471442,-0.061456084,-0.97689056,-0.61577916,0.7677028,-0.17733705,0.7608601,0.6378523,0.11931646
1356023951229,0.18359649,-0.10903245,-0.97693616,-0.63213885,0.74798656,-0.20227857,0.75279003,0.65469694,0.06840408
1356023951268,0.15314752,-0.1269024,-0.98002124,-0.644034,0.73936063,-0.19638234,0.7495105,0.6612425,0.03150177
1356023951308,0.112306386,-0.11345494,-0.9871754,-0.6471074,0.74556935,-0.15930587,0.7540818,0.6566996,0.010314643
1356023951349,0.058571123,-0.06422493,-0.9962151,-0.64033854,0.76316696,-0.08684841,0.7658564,0.6430018,0.003573835
1356023951397,-0.011940651,0.032925338,-0.9993865,-0.62354326,0.7810843,0.033183336,0.7816977,0.6235569,0.011203706
1356023951437,-0.10883574,0.17371719,-0.97876304,-0.60301816,0.77121955,0.20393497,0.79026824,0.6124073,0.020818353
1356023951492,-0.2028104,0.30340737,-0.93102735,-0.58054787,0.72841156,0.3638417,0.7885633,0.6142968,0.028413057
1356023951519,-0.27783498,0.39000404,-0.8778979,-0.56334805,0.67408824,0.47774908,0.7781047,0.6272974,0.03242272
1356023951558,-0.32739124,0.42846683,-0.8421587,-0.55873,0.63097477,0.53823006,0.7619946,0.64675105,0.032821655
1356023951598,-0.3514711,0.42622638,-0.8335461,-0.5709328,0.60804045,0.5516543,0.7419594,0.6697894,0.029637992
1356023951638,-0.350842,0.3917117,-0.8505716,-0.5999509,0.60338575,0.52534235,0.7190055,0.6946132,0.023314655
1356023951678,-0.32835656,0.33468866,-0.8832697,-0.6417452,0.60709715,0.46861082,0.6930693,0.72070557,0.015440524
1356023951718,-0.28863743,0.27276272,-0.91776305,-0.68733376,0.60827875,0.39694992,0.666529,0.7453841,0.011906922
1356023951758,-0.24022964,0.23362361,-0.9421834,-0.72437483,0.60298,0.33420962,0.6461971,0.7627811,0.024377406
1356023951798,-0.18707791,0.24087092,-0.9523566,-0.74350536,0.5988976,0.29752555,0.6420294,0.7637427,0.06704825
1356023951838,-0.1257309,0.2983117,-0.94615114,-0.74235404,0.6043775,0.289203,0.658105,0.73874086,0.14546394
1356023951878,-0.052741796,0.38336784,-0.92208856,-0.7258889,0.61940205,0.29904234,0.6857868,0.6851059,0.24561411
1356023951918,0.025770009,0.4491583,-0.89308035,-0.7044617,0.64201903,0.30256432,0.70927393,0.6213439,0.3329597
1356023951958,0.09531739,0.46691543,-0.8791499,-0.68294114,0.67321575,0.28349954,0.7242279,0.57338524,0.3830449
1356023951998,0.14588067,0.43622148,-0.88793564,-0.66249275,0.70965004,0.23979186,0.73472595,0.55326986,0.39251775
1356023952038,0.1742831,0.3730134,-0.9113102,-0.6459341,0.7418406,0.18011552,0.74323237,0.55725527,0.3702324
1356023952078,0.18129633,0.2940455,-0.93843955,-0.6373655,0.7618441,0.11557998,0.7489304,0.57717484,0.32553405
1356023952118,0.17033057,0.21595924,-0.9614308,-0.638687,0.76718783,0.0591757,0.75037754,0.60397387,0.2686059
1356023952158,0.14538127,0.1483996,-0.9781829,-0.6480966,0.76131666,0.019176334,0.74755275,0.6311692,0.20685846
1356023952217,0.10978603,0.09667301,-0.9892428,-0.661277,0.7501418,-8.139014E-5,0.7420645,0.6541724,0.14628273
1356023952237,0.066373125,0.064175755,-0.99572885,-0.67285824,0.73976606,0.002827406,0.7367879,0.6697967,0.09228176
1356023952277,0.017504439,0.05389002,-0.9983934,-0.67742586,0.7350656,0.027799368,0.7353828,0.6758509,0.04937339
1356023952314,-0.036150217,0.070560455,-0.9968523,-0.6713641,0.7371662,0.0765256,0.7402456,0.6720172,0.020723045
1356023952357,-0.09270467,0.11628285,-0.9888803,-0.6528225,0.7428032,0.14854681,0.75181687,0.6593343,0.0070507526
1356023952402,-0.15221976,0.19267847,-0.9693834,-0.62318915,0.74255574,0.24545111,0.76711434,0.64147174,0.007043481
1356023952437,-0.21635291,0.2860066,-0.9334836,-0.58963645,0.72378564,0.3584177,0.77815187,0.6279606,0.012046814
1356023952492,-0.2736711,0.37007734,-0.8877764,-0.5649343,0.6851721,0.45976993,0.77843,0.6273611,0.02155763
1356023952528,-0.32645637,0.4353352,-0.83899313,-0.54599446,0.637707,0.5433414,0.7715674,0.6354629,0.0295071
1356023952568,-0.36496812,0.47014776,-0.8035915,-0.53873575,0.597301,0.5941341,0.7593168,0.64976346,0.035289586
1356023952608,-0.3876353,0.47765043,-0.7884092,-0.54450834,0.5714775,0.6139415,0.7438075,0.66728073,0.038559794
1356023952648,-0.39424613,0.46168664,-0.79461664,-0.56359375,0.56150305,0.6058684,0.72590095,0.6867022,0.03883326
1356023952688,-0.38481382,0.42576662,-0.8189268,-0.59498966,0.56386983,0.57274616,0.70562434,0.70765364,0.036341786
1356023952728,-0.36003882,0.37680405,-0.8534581,-0.6354087,0.57078636,0.5200565,0.6831016,0.7295352,0.033919394
1356023952768,-0.319574,0.3300139,-0.88823605,-0.6782682,0.57491255,0.4576329,0.6616833,0.7487098,0.040110826
1356023952808,-0.26335552,0.30880696,-0.91393775,-0.7140433,0.57463765,0.39991707,0.64868027,0.7579115,0.069167554
1356023952848,-0.18809414,0.32924438,-0.9253209,-0.73524356,0.57744896,0.35492206,0.65118164,0.747095,0.13346004
1356023952888,-0.09204939,0.38267106,-0.9192877,-0.7391934,0.59230494,0.32057455,0.66717327,0.70904005,0.22834659
1356023952928,0.014577448,0.43421355,-0.90069205,-0.728088,0.6220109,0.28808057,0.6853288,0.65158355,0.32521296
1356023952968,0.11208126,0.4504222,-0.88575256,-0.7067481,0.66273,0.2475805,0.69853055,0.5982548,0.39261466
1356023953008,0.18644759,0.42172116,-0.8873491,-0.68068093,0.70673764,0.1928609,0.7084565,0.56804323,0.41882712
1356023953048,0.23419257,0.35710353,-0.90422946,-0.6556997,0.7447221,0.12428582,0.71778256,0.5637961,0.40856105
1356023953088,0.2568171,0.27035707,-0.927875,-0.63744384,0.7690226,0.047640294,0.7264367,0.5792334,0.36983562
1356023953128,0.25938952,0.17717646,-0.9493816,-0.6295522,0.77648556,-0.027095795,0.7323804,0.6047137,0.31295407
1356023953168,0.24711788,0.08917984,-0.9648729,-0.6326995,0.76903635,-0.09096414,0.73391014,0.63295346,0.2464667
1356023953208,0.22491339,0.013573021,-0.97428423,-0.6442771,0.7521924,-0.13825229,0.7309727,0.6588038,0.1779229
1356023953248,0.19682643,-0.046007693,-0.9793583,-0.6592737,0.7331369,-0.16693833,0.72568417,0.67852306,0.11396903
1356023953288,0.16577992,-0.08839059,-0.9821936,-0.671838,0.71896774,-0.17809856,0.72190773,0.6894001,0.059806228
1356023953328,0.1336464,-0.11185396,-0.98469657,-0.6770528,0.7152771,-0.17314193,0.7236976,0.6898314,0.019863129
1356023953368,0.10166624,-0.115159005,-0.9881307,-0.6722996,0.72417533,-0.15356824,0.7332647,0.6799327,-0.0037971735
1356023953407,0.0696584,-0.09651312,-0.9928912,-0.6588141,0.74292463,-0.11843583,0.74907386,0.6623807,-0.0118332505
1356023953449,0.03613519,-0.0551337,-0.99782485,-0.6421264,0.76379913,-0.06545684,0.76574665,0.643095,-0.0078027844
1356023953494,-0.0012380481,0.0061154366,-0.9999805,-0.62976825,0.7767634,0.0055300295,0.7767821,0.6297629,0.0028896332
1356023953528,-0.044640586,0.07873353,-0.9958957,-0.6260989,0.7746127,0.08930397,0.77846473,0.6275158,0.014715791
1356023953568,-0.09314686,0.1510394,-0.9841295,-0.62952816,0.7568418,0.17574061,0.77137405,0.63590693,0.024586141
1356023953608,-0.14355658,0.21379964,-0.9662717,-0.6359229,0.7281968,0.2556001,0.7582832,0.6511675,0.031422675
1356023953648,-0.19210166,0.2620107,-0.94575226,-0.64254826,0.6948348,0.32301137,0.7417741,0.66974247,0.03487557
1356023953688,-0.23564866,0.29309508,-0.9265879,-0.64995825,0.66130245,0.37447745,0.7225123,0.6904885,0.03466451
1356023953728,-0.2717139,0.30767715,-0.9118697,-0.65963954,0.63038486,0.40925616,0.70074767,0.7127059,0.031671643
1356023953768,-0.2982219,0.31158075,-0.90220904,-0.67236483,0.6023279,0.43026358,0.6774875,0.7349276,0.029868603
1356023953807,-0.31403777,0.32025588,-0.8937653,-0.6850766,0.57531416,0.44685972,0.6573053,0.75262856,0.03872943
1356023953846,-0.32004195,0.35688806,-0.8776127,-0.6906556,0.54620224,0.47398102,0.6485121,0.7578219,0.071679115
1356023953888,-0.31821224,0.44087088,-0.8392698,-0.6827496,0.5076214,0.52552205,0.6577187,0.7402387,0.13947308
1356023953927,-0.3093397,0.5586779,-0.76953745,-0.6659889,0.45035934,0.5946724,0.6787987,0.69645923,0.2327593
1356023953967,-0.2962585,0.66829133,-0.68236184,-0.6517786,0.38076794,0.6558967,0.6981516,0.6390638,0.3227722
1356023954007,-0.28505808,0.7376909,-0.6120083,-0.64376223,0.32571054,0.69244707,0.71014947,0.59137535,0.38205105
1356023954046,-0.2797659,0.764745,-0.5804275,-0.6367916,0.30463326,0.7083044,0.71848977,0.5677707,0.40175718
1356023954087,-0.28029865,0.75703895,-0.5901903,-0.62750924,0.3207634,0.7094667,0.7264054,0.56921244,0.38513947
1356023954127,-0.28472543,0.7222171,-0.63034433,-0.61766505,0.36464816,0.69679385,0.73309034,0.58773655,0.34226364
1356023954167,-0.2919551,0.6657665,-0.68667114,-0.6105279,0.42291796,0.66962385,0.7362187,0.6147319,0.28299594
1356023954207,-0.30270207,0.5961837,-0.74359703,-0.6075346,0.48044533,0.6325142,0.73435235,0.6432242,0.21677035
1356023954246,-0.3191731,0.52587676,-0.78840494,-0.60651374,0.5258854,0.5963101,0.72819626,0.6685044,0.15110296
1356023954287,-0.34410194,0.46843034,-0.81373626,-0.6021685,0.5548581,0.57404315,0.7204074,0.68753576,0.09114629
1356023954327,-0.380676,0.43887532,-0.8139252,-0.5864694,0.5659394,0.57945335,0.71494013,0.6979263,0.041947365
1356023954367,-0.42915708,0.44788414,-0.78436226,-0.5507916,0.55848175,0.62026346,0.71585816,0.6982106,0.007014394
1356023954407,-0.4860039,0.49906877,-0.71744716,-0.4874883,0.5265403,0.6964987,0.72536564,0.6882482,-0.012610376
1356023954446,-0.54055697,0.58212876,-0.6073913,-0.3966161,0.4603727,0.79419935,0.7419526,0.6702112,-0.017975986
1356023954496,-0.5801349,0.66864216,-0.46514633,-0.294398,0.36033267,0.8851498,0.7594559,0.65044445,-0.0121946335
1356023954528,-0.6030183,0.728192,-0.32573825,-0.20700619,0.2515049,0.9454596,0.7704008,0.6375592,-9.2184544E-4
1356023954568,-0.6190426,0.7540223,-0.21962813,-0.14765781,0.16292197,0.9755273,0.7713516,0.63632286,0.010481715
1356023954607,-0.6363223,0.75591767,-0.15389103,-0.113899976,0.10523933,0.9879026,0.76296836,0.6461527,0.019132853
1356023954646,-0.6554847,0.7450275,-0.1235877,-0.099921405,0.07665056,0.99203855,0.748569,0.6626151,0.024200857
1356023954687,-0.6749879,0.72671896,-0.12755671,-0.10569483,0.075861335,0.9915007,0.730219,0.6827331,0.025605083
1356023954727,-0.6919443,0.70174694,-0.16960031,-0.13606411,0.1039502,0.9852314,0.7090131,0.7048018,0.023554802
1356023954767,-0.7009433,0.6661184,-0.25488168,-0.19851373,0.16103333,0.9667784,0.6850333,0.72825444,0.019358516
1356023954806,-0.6900717,0.6151809,-0.38125253,-0.29754764,0.23905194,0.92429405,0.65974724,0.75127,0.018082619
1356023954846,-0.64578885,0.5573123,-0.521881,-0.41859806,0.31320602,0.85245395,0.6385393,0.7689636,0.031024933
1356023954887,-0.5689469,0.5250824,-0.6329201,-0.5275468,0.35736716,0.77070296,0.6308674,0.77238405,0.073682725
1356023954927,-0.4759419,0.54784656,-0.68799955,-0.6011659,0.3683359,0.7091743,0.6419336,0.7511276,0.15404016
1356023954967,-0.37864923,0.61419916,-0.6923757,-0.6444062,0.36201984,0.6735594,0.66435343,0.70121396,0.2587152
1356023955007,-0.2824335,0.67946035,-0.67717427,-0.67207116,0.36356014,0.6450926,0.6845084,0.637305,0.35396415
1356023955046,-0.19247556,0.7081408,-0.6793304,-0.68990904,0.39464903,0.60685885,0.6978386,0.58548164,0.4125924
1356023955087,-0.11146176,0.68817043,-0.7169364,-0.69694173,0.46014488,0.5500354,0.7084127,0.5609707,0.42832613
1356023955127,-0.039480507,0.61981046,-0.78375775,-0.69425976,0.5471043,0.46763265,0.71864086,0.5625938,0.40870953
1356023955167,0.020486504,0.51144695,-0.8590706,-0.6858206,0.63240993,0.36014974,0.72748226,0.5817901,0.36371672
1356023955207,0.06370282,0.38270736,-0.9216708,-0.6770803,0.69504744,0.24180853,0.7331468,0.6086412,0.3034001
1356023955254,0.0877886,0.24033135,-0.96671295,-0.6725456,0.73018706,0.12045455,0.73483026,0.639584,0.2257359
1356023955284,0.085706025,0.14186826,-0.98616827,-0.67516685,0.73615193,0.047223926,0.73266923,0.6617808,0.15887743
1356023955327,0.0752918,0.06565219,-0.9949979,-0.6797348,0.73345166,-0.0030409396,0.7295832,0.67656374,0.099848986
1356023955367,0.046557203,0.026472598,-0.9985648,-0.6834363,0.72990286,-0.012514383,0.728524,0.683038,0.05207455
1356023955407,1.16840005E-4,0.027518988,-0.9996212,-0.6803604,0.7326023,0.020088643,0.7328777,0.6801003,0.018808424
1356023955446,-0.06712891,0.07752851,-0.9947277,-0.66460145,0.7401293,0.102535665,0.74417657,0.66798055,0.0018414855
1356023955495,-0.15941231,0.18775131,-0.96919405,-0.62924534,0.73714846,0.24629746,0.7606826,0.64912367,6.31094E-4
1356023955529,-0.27492273,0.35304663,-0.8943018,-0.56719005,0.69150114,0.4473496,0.77634597,0.6302256,0.010135174
1356023955568,-0.38956082,0.52331185,-0.7578833,-0.48104298,0.5861166,0.6519701,0.7853917,0.61855644,0.0234074
1356023955608,-0.47778153,0.6412123,-0.60047626,-0.3932559,0.45511174,0.7988887,0.78554106,0.61783504,0.034716487
1356023955648,-0.5379342,0.6991029,-0.47104335,-0.32438394,0.3440848,0.8811247,0.7780757,0.62678605,0.04168278
1356023955688,-0.5797497,0.7166466,-0.3876958,-0.28093278,0.27082962,0.92072153,0.7648314,0.6427045,0.044316113
1356023955728,-0.6100508,0.7108004,-0.35014427,-0.26285997,0.23532689,0.93569547,0.747491,0.6628606,0.04327953
1356023955768,-0.63071924,0.6880918,-0.35877967,-0.27309996,0.23594159,0.93260276,0.72636735,0.6861932,0.03910494
1356023955808,-0.63812447,0.6480032,-0.4157992,-0.31769806,0.27031606,0.9088439,0.70133096,0.71205413,0.03337413
1356023955847,-0.6228487,0.5892373,-0.5146446,-0.3986382,0.32698905,0.85683477,0.6731621,0.73883533,0.031227767
1356023955887,-0.5763144,0.5261342,-0.62533545,-0.49860528,0.37989515,0.7791485,0.6474986,0.7608301,0.043394208
1356023955927,-0.510699,0.49703786,-0.70152694,-0.5808549,0.40211254,0.70775217,0.63387245,0.7689336,0.08334839
1356023955967,-0.44726092,0.5290883,-0.72112644,-0.6265802,0.3899958,0.67475975,0.6382438,0.7536371,0.15708631
1356023956007,-0.3920775,0.6042584,-0.69364756,-0.6460068,0.35597193,0.67524743,0.65494305,0.71285045,0.25078648
1356023956047,-0.33971936,0.6757488,-0.65418214,-0.6577959,0.32642776,0.67878526,0.6722316,0.66091484,0.333611
1356023956087,-0.28593653,0.71065545,-0.64281356,-0.6699927,0.33133143,0.6643262,0.6850914,0.6206355,0.38139415
1356023956127,-0.2285639,0.6994572,-0.6771396,-0.6810823,0.3821078,0.6245963,0.6956187,0.60394794,0.38905197
1356023956167,-0.16555393,0.6398867,-0.75042444,-0.6896673,0.46879822,0.5518942,0.7049474,0.6089115,0.3636976
1356023956207,-0.09940001,0.53542775,-0.8387113,-0.69522077,0.56565857,0.4435069,0.71189016,0.6271742,0.31601405
1356023956247,-0.03868586,0.40261412,-0.914552,-0.697719,0.6443,0.31315458,0.7153263,0.65021485,0.25598615
1356023956287,0.006711498,0.26759833,-0.9635072,-0.6985963,0.6906603,0.18695334,0.7154846,0.6718478,0.19157857
1356023956327,0.031122208,0.15289974,-0.9877516,-0.69970614,0.7090266,0.08770782,0.7137526,0.68840617,0.12905133
1356023956367,0.03310208,0.07140383,-0.99689806,-0.70104825,0.7125733,0.027760446,0.7123451,0.6979547,0.073645175
1356023956407,0.011538163,0.031157851,-0.99944794,-0.69995326,0.71404785,0.014179856,0.7140955,0.69940317,0.030047834
1356023956447,-0.037410706,0.04133916,-0.99844456,-0.69108945,0.7206174,0.05573055,0.7218003,0.69209945,0.0016102791
1356023956494,-0.124584526,0.11939031,-0.98499984,-0.6657479,0.72603357,0.17220637,0.7357027,0.6772158,-0.010968685
1356023956528,-0.2578015,0.28027922,-0.9246523,-0.6058904,0.6985587,0.38067383,0.75261885,0.6583763,-0.010270953
1356023956568,-0.41112626,0.4896231,-0.7689242,-0.49291882,0.59015,0.6393387,0.7668156,0.64186615,-0.0012817383
1356023956608,-0.521281,0.6444458,-0.55942434,-0.3615975,0.42698026,0.82881546,0.7729898,0.6343323,0.010453343
1356023956648,-0.5764668,0.70858455,-0.40693247,-0.2745425,0.30109787,0.91321766,0.7696184,0.6381599,0.020963669
1356023956688,-0.60391146,0.7192184,-0.3435344,-0.24413034,0.24338114,0.93870443,0.7587432,0.65076154,0.028602421
1356023956727,-0.61628497,0.70349073,-0.35396856,-0.25952646,0.2429387,0.9346801,0.7435314,0.6678934,0.032854974
1356023956767,-0.61155,0.66700536,-0.42557055,-0.3144825,0.28864515,0.90431446,0.72602147,0.68686813,0.033240676
1356023956807,-0.579629,0.60232514,-0.5488485,-0.40568942,0.3708313,0.8354043,0.7067152,0.70688653,0.029412389
1356023956847,-0.5094081,0.50192577,-0.6989807,-0.52001435,0.46763086,0.71477723,0.68562996,0.7275933,0.02279365
1356023956887,-0.40705314,0.38331166,-0.82908374,-0.6268765,0.5429344,0.5587917,0.66432947,0.747191,0.019285858
1356023956927,-0.29999924,0.29257852,-0.90796375,-0.69971746,0.5794377,0.41790843,0.64837945,0.76069033,0.030891478
1356023956967,-0.20791227,0.26504713,-0.94155324,-0.73502344,0.59277767,0.32917356,0.64537823,0.76050293,0.07157016
1356023957007,-0.1260353,0.2991057,-0.9458599,-0.7431229,0.60316575,0.28975752,0.6571784,0.7394098,0.14625216
1356023957047,-0.04215315,0.3593647,-0.93224466,-0.7367851,0.61902845,0.27194017,0.6748116,0.6983271,0.2386806
1356023957087,0.044659376,0.3984434,-0.9161051,-0.72460395,0.64419967,0.24485911,0.68771714,0.65287805,0.31748313
1356023957127,0.12427041,0.38885203,-0.91288054,-0.7082702,0.6790894,0.19284926,0.6949173,0.6226006,0.35980302
1356023957166,0.18626125,0.33420235,-0.92391324,-0.6885628,0.7151976,0.11989018,0.7008482,0.6138413,0.36333287
1356023957207,0.22459765,0.2481704,-0.94232017,-0.6700424,0.74147,0.035572767,0.7075302,0.6234049,0.33281714
1356023957247,0.23963635,0.15248686,-0.95881295,-0.6589629,0.75081086,-0.045287967,0.71298134,0.64267474,0.28040475
1356023957287,0.23573512,0.06327888,-0.96975505,-0.6581676,0.7445832,-0.11140633,0.7150136,0.66452366,0.2171725
1356023957327,0.21816075,-0.010392129,-0.9758575,-0.6660457,0.72927284,-0.15666601,0.7132945,0.68414414,0.1521771
1356023957366,0.19120127,-0.06479734,-0.9794097,-0.678628,0.7121852,-0.1796003,0.7091588,0.6989947,0.09219742
1356023957407,0.15764019,-0.09879565,-0.98254216,-0.6913053,0.69946206,-0.1812455,0.70515716,0.70780814,0.041965365
1356023957447,0.11835847,-0.10955173,-0.98690915,-0.6996516,0.69606775,-0.16117504,0.7046126,0.709569,0.0057374835
1356023957494,0.07362217,-0.093824446,-0.99286294,-0.7000126,0.70423746,-0.11845663,0.7103255,0.7037376,-0.013830841
1356023957528,0.021556735,-0.047150493,-0.9986552,-0.6908998,0.72129023,-0.048968643,0.7226292,0.6910262,-0.017027617
1356023957568,-0.0400175,0.032023966,-0.9986857,-0.6730918,0.73782384,0.050630003,0.73847544,0.6742332,-0.00797081
1356023957608,-0.11081077,0.13728139,-0.9843144,-0.64936614,0.73976344,0.17627755,0.75235933,0.6587138,0.0071721673
1356023957648,-0.18605955,0.24832946,-0.950639,-0.6240834,0.71742344,0.3095539,0.75888205,0.6508734,0.021494806
1356023957688,-0.25535995,0.33894768,-0.9054864,-0.6019646,0.67713577,0.4232325,0.7565909,0.6531474,0.031121135
1356023957728,-0.31026334,0.3952756,-0.8645773,-0.5876449,0.63514394,0.5012641,0.74726844,0.6635883,0.03521979
1356023957768,-0.3470992,0.41688722,-0.8400758,-0.58520573,0.6036941,0.5413759,0.73284143,0.67952824,0.034422994
1356023957808,-0.36536288,0.40873843,-0.8363269,-0.5968278,0.58661455,0.5474303,0.7143573,0.6991539,0.029619277
1356023957848,-0.3661843,0.37754947,-0.8505089,-0.6215585,0.58095735,0.52550316,0.69251287,0.7210721,0.021931648
1356023957888,-0.35276067,0.3332287,-0.8743675,-0.65498215,0.5794042,0.48506618,0.6682501,0.74380744,0.013867915
1356023957928,-0.32973734,0.29266992,-0.8975621,-0.68947613,0.5747961,0.44071776,0.6449,0.7641687,0.012257159
1356023957968,-0.3011705,0.27847457,-0.9120024,-0.71594834,0.56569207,0.4091583,0.6298527,0.77617294,0.02900362
1356023958008,-0.26620942,0.31005228,-0.9126884,-0.7276354,0.556374,0.4012415,0.6322019,0.7709186,0.07749307
1356023958047,-0.2182303,0.38256195,-0.89778715,-0.7259916,0.5511373,0.41131967,0.6521593,0.74154836,0.15746194
1356023958087,-0.15611711,0.4658926,-0.8709601,-0.7180199,0.5519911,0.4239732,0.6782882,0.6915562,0.2483449
1356023958127,-0.09174898,0.52383476,-0.84686434,-0.70926183,0.5625626,0.4248188,0.6989491,0.63962525,0.31992143
1356023958185,-0.04185337,0.54125524,-0.839816,-0.7005904,0.5833817,0.4109001,0.7123351,0.60556465,0.35478175
1356023958207,-0.017114341,0.5223139,-0.85258156,-0.6928074,0.6086279,0.38676858,0.72091955,0.5972941,0.3514467
1356023958247,-0.018983722,0.4807648,-0.876644,-0.6882227,0.6297328,0.3602584,0.7252511,0.6101654,0.31891853
1356023958284,-0.042991906,0.43035483,-0.9016355,-0.6876739,0.6419196,0.339181,0.72474575,0.6346132,0.26834637
1356023958327,-0.08351326,0.37969267,-0.9213354,-0.6892842,0.64569634,0.328578,0.71966153,0.6625026,0.20779198
1356023958367,-0.13441563,0.33700627,-0.93185794,-0.6892045,0.6438866,0.3322757,0.7119899,0.6869038,0.1457178
1356023958407,-0.1902191,0.3071397,-0.9324602,-0.683553,0.6403178,0.35035473,0.70467865,0.7040301,0.088145554
1356023958447,-0.24652255,0.29573202,-0.92291343,-0.66901153,0.63706917,0.38283998,0.7011777,0.7118184,0.04079622
1356023958495,-0.29932705,0.30694562,-0.9034311,-0.6433158,0.6343422,0.4286662,0.7046618,0.7095028,0.007587135
1356023958529,-0.34643066,0.34278786,-0.8732024,-0.605898,0.6288666,0.48725188,0.7161519,0.6978705,-0.010164201
1356023958568,-0.38713658,0.39992145,-0.8307757,-0.5594008,0.61437666,0.5564281,0.7329367,0.68015015,-0.014131308
1356023958608,-0.42225707,0.4685966,-0.77596146,-0.5101093,0.5847795,0.630731,0.74932474,0.66215575,-0.007891774
1356023958648,-0.45598313,0.53433996,-0.7117305,-0.46506956,0.5387751,0.702447,0.75880814,0.6513081,0.00283283
1356023958688,-0.49092287,0.58511174,-0.6454757,-0.42824534,0.48313975,0.7636634,0.7586834,0.6513219,0.013387024
1356023958728,-0.5269986,0.61767554,-0.5837375,-0.39884257,0.42677164,0.81165916,0.7504647,0.6605626,0.021447241
1356023958768,-0.56181264,0.6342599,-0.531113,-0.37533754,0.37669772,0.8468888,0.7372166,0.6751394,0.026427925
1356023958808,-0.5934547,0.63743407,-0.49141574,-0.35832703,0.33746547,0.87047046,0.72070336,0.6926723,0.028139293
1356023958848,-0.62070256,0.6289616,-0.46811914,-0.35012615,0.31186068,0.8832636,0.7015269,0.71214473,0.026643217
1356023958889,-0.64227873,0.6098388,-0.46430022,-0.35466337,0.3005482,0.88537264,0.6794792,0.7333263,0.023251832
1356023958928,-0.654378,0.58370316,-0.48070788,-0.37616196,0.30019504,0.8765758,0.65596616,0.7544359,0.023125887
1356023958968,-0.64966977,0.56140417,-0.5125959,-0.415535,0.3023929,0.8578399,0.63660026,0.77031416,0.036827624
1356023959008,-0.6200473,0.56167805,-0.5477767,-0.4669197,0.29690814,0.83296555,0.6304978,0.7722457,0.07816142
1356023959048,-0.56242067,0.59507304,-0.5740828,-0.521476,0.28353173,0.804781,0.6416742,0.75199586,0.1508522
1356023959088,-0.48419142,0.65005136,-0.58565533,-0.5707278,0.27270007,0.774535,0.6631957,0.7092729,0.23896325
1356023959128,-0.40135336,0.69726,-0.5939226,-0.6091567,0.2810374,0.7415835,0.68399096,0.6594289,0.31194526
1356023959168,-0.32771122,0.71359706,-0.6191807,-0.63456523,0.3192913,0.70383245,0.69995177,0.6235643,0.34818846
1356023959207,-0.26639038,0.68825793,-0.67478687,-0.64981353,0.38882184,0.65311563,0.71188384,0.6124693,0.3436609
1356023959247,-0.21086729,0.6181226,-0.75727093,-0.66188264,0.47979647,0.5759398,0.71933734,0.62267137,0.30795127
1356023959287,-0.1557174,0.5066134,-0.8479947,-0.67498255,0.5722128,0.46580154,0.72121465,0.64491504,0.25285172
1356023959326,-0.1007697,0.3696271,-0.9236998,-0.68885887,0.6439656,0.3328389,0.7178572,0.6698389,0.18972868
1356023959366,-0.05122982,0.23094843,-0.9716163,-0.7010485,0.6845848,0.19968623,0.711271,0.6913801,0.12683493
1356023959407,-0.012742862,0.112125754,-0.99361235,-0.7094237,0.6992657,0.08800796,0.70466703,0.7060137,0.07063401
1356023959447,0.011487216,0.025153905,-0.9996175,-0.7123244,0.7017864,0.009473681,0.7017563,0.71194315,0.02597934
1356023959494,0.020189777,-0.025414258,-0.9994731,-0.7082077,0.70526755,-0.032239348,0.7057153,0.7084855,-0.0037593842
1356023959529,0.012933537,-0.038811713,-0.9991628,-0.6958649,0.71722573,-0.03686759,0.7180561,0.6957592,-0.017731428
1356023959568,-0.011388317,-0.014380485,-0.9998318,-0.6759285,0.73696154,-0.0029007196,0.73687935,0.6757817,-0.018112957
1356023959608,-0.05387561,0.049068063,-0.9973413,-0.65134144,0.75532794,0.07234627,0.7568697,0.6535075,-0.00873369
1356023959648,-0.113420576,0.14398377,-0.9830587,-0.62743616,0.7568015,0.18323557,0.77036333,0.6375893,0.004503727
1356023959688,-0.1787019,0.24331343,-0.9533437,-0.60826373,0.7342758,0.30142027,0.77335685,0.63374877,0.016782224
1356023959726,-0.2313241,0.31355795,-0.9209617,-0.5984309,0.7005043,0.38881117,0.7670525,0.6410734,0.025599241
1356023959767,-0.2551965,0.33551627,-0.9068095,-0.6048123,0.67633224,0.42044824,0.7543717,0.6557465,0.030326784
1356023959807,-0.2383025,0.30361444,-0.92251307,-0.6311314,0.6735513,0.38471007,0.7381634,0.6739043,0.031111598
1356023959847,-0.17480752,0.22008675,-0.9596896,-0.67244107,0.6852901,0.27964354,0.7192116,0.6942185,0.02820152
1356023959887,-0.07051554,0.100554705,-0.9924295,-0.71318734,0.69051445,0.12063852,0.69741774,0.716295,0.023022354
1356023959927,0.048489794,-0.01592952,-0.9986967,-0.73705214,0.6742315,-0.04654032,0.6740941,0.73834825,0.020952463
1356023959967,0.15533721,-0.09107134,-0.9836546,-0.7398552,0.64908355,-0.176932,0.6545875,0.75524604,0.033447206
1356023960007,0.24433017,-0.11416438,-0.9629482,-0.7222719,0.64116925,-0.25927824,0.64701307,0.75885993,0.07419926
1356023960047,0.32270855,-0.09473613,-0.94174534,-0.68318665,0.6653071,-0.3010355,0.6550688,0.74053454,0.1499778
1356023960087,0.3984605,-0.060056925,-0.9152171,-0.62480927,0.71272963,-0.31879443,0.6714482,0.6988631,0.24647051
1356023960128,0.4713598,-0.04832223,-0.8806162,-0.55428576,0.7604228,-0.33841458,0.6859937,0.64762807,0.33164844
1356023960167,0.53368247,-0.08628005,-0.8412721,-0.4780969,0.7897743,-0.3842915,0.69757175,0.6072992,0.38023847
1356023960207,0.57607204,-0.17027345,-0.7994673,-0.40490738,0.79018617,-0.46006072,0.7100642,0.5887383,0.38625914
1356023960247,0.5952095,-0.27249432,-0.755958,-0.34929955,0.7594863,-0.5487899,0.72368187,0.5907008,0.3568713
1356023960287,0.59660804,-0.36502352,-0.7147144,-0.32260332,0.7063696,-0.63005483,0.7348374,0.606465,0.30366796
1356023960326,0.58863556,-0.4344542,-0.68173146,-0.32499313,0.6449828,-0.69164777,0.7401943,0.62868655,0.23846516
1356023960367,0.5760637,-0.4802573,-0.6614405,-0.34995154,0.58638275,-0.7305404,0.7387047,0.6523099,0.16972703
1356023960407,0.558921,-0.5049068,-0.65778154,-0.3891802,0.5407344,-0.7457514,0.73222,0.6728116,0.10572809
1356023960447,0.5337908,-0.5127725,-0.67240745,-0.435323,0.5150734,-0.7383721,0.7249561,0.68685067,0.051719785
1356023960494,0.4937173,-0.50319874,-0.7092491,-0.48467818,0.5179393,-0.70485884,0.7220321,0.6917586,0.011826158
1356023960528,0.42656237,-0.4645009,-0.7760693,-0.5385952,0.5588716,-0.6305376,0.7266084,0.6869508,-0.011784375
1356023960568,0.2937473,-0.3471238,-0.8906276,-0.6069859,0.65203756,-0.4543293,0.7384312,0.6740565,-0.01916498
1356023960608,-0.051115453,0.038775086,-0.99793977,-0.6544515,0.7534916,0.06279868,0.7543742,0.6563131,-0.013138652
1356023960648,-0.5304162,0.6390105,-0.5570676,-0.35647494,0.42807758,0.8304668,0.7691452,0.63907367,7.3188543E-4
1356023960687,-0.623034,0.77316654,-0.1184991,-0.087206155,0.08189148,0.99281865,0.77731824,0.6288937,0.016403735
1356023960727,-0.6302872,0.7748156,0.048977435,0.008014023,-0.056589186,0.9983653,0.7763207,0.6296494,0.029458106
1356023960767,-0.639765,0.7600697,0.113993615,0.044223785,-0.11166811,0.992761,0.767297,0.6401751,0.037828326
1356023960807,-0.65568286,0.7426368,0.13627383,0.058954924,-0.12957895,0.98981494,0.7527312,0.65703875,0.04118067
1356023960847,-0.6759708,0.72472024,0.13358179,0.061522156,-0.12513733,0.9902301,0.7343558,0.6775849,0.040002823
1356023960887,-0.69976693,0.7059723,0.10922149,0.05179313,-0.102351665,0.993399,0.7124913,0.7008047,0.035057724
1356023960927,-0.72631264,0.6846238,0.061322153,0.025331438,-0.062492847,0.99772394,0.6868977,0.72621286,0.028046727
1356023960967,-0.75215125,0.6588857,-0.011749446,-0.024530053,-0.010176241,0.9996473,0.65853375,0.7521742,0.023816645
1356023961007,-0.76825786,0.6317467,-0.103324294,-0.10064995,0.040191114,0.99410975,0.6321783,0.77413225,0.032708228
1356023961047,-0.76294273,0.6176118,-0.1909817,-0.19283073,0.06455916,0.97910595,0.61703706,0.78382885,0.0698396
1356023961086,-0.7312482,0.63546497,-0.24791189,-0.2833165,0.04765904,0.9578415,0.62048995,0.7706574,0.1451872
1356023961127,-0.6776779,0.68703103,-0.262185,-0.36260477,-0.0020207763,0.9319408,0.6397424,0.7266252,0.2504902
1356023961167,-0.6137879,0.7489271,-0.24974497,-0.42953846,-0.051378846,0.9015858,0.6623905,0.6606575,0.3532287
1356023961214,-0.55351883,0.79915494,-0.23445365,-0.47486037,-0.07156807,0.8771464,0.6841965,0.59684974,0.41910112
1356023961244,-0.50350094,0.8295833,-0.241409,-0.5084313,-0.058582842,0.85910743,0.69855875,0.55530137,0.45128268
1356023961287,-0.475219,0.8349814,-0.27744007,-0.5190961,-0.011465192,0.85463905,0.71042675,0.55015874,0.43888402
1356023961327,-0.46152443,0.8174798,-0.34456062,-0.51921064,0.066019,0.8520926,0.719316,0.5721611,0.39397478
1356023961367,-0.45665926,0.77518404,-0.4365226,-0.5191506,0.16626483,0.83835477,0.72245765,0.6094634,0.3265109
1356023961407,-0.45583898,0.70746773,-0.54009277,-0.5258381,0.2755283,0.8047226,0.7181261,0.6508253,0.24641699
1356023961447,-0.4573751,0.62266666,-0.63489705,-0.53862935,0.37411183,0.75492966,0.70759207,0.68726015,0.16427708
1356023961492,-0.46479082,0.54207265,-0.7000905,-0.5476817,0.4452626,0.70836854,0.6957114,0.71266997,0.08992928
1356023961528,-0.48565322,0.49294212,-0.72190654,-0.5374127,0.4829681,0.69132435,0.6894407,0.72370565,0.030358374
1356023961568,-0.52647585,0.49767575,-0.6893055,-0.4909819,0.48392934,0.7243958,0.69408935,0.7198134,-0.010427356
1356023961608,-0.5827765,0.56299424,-0.5860111,-0.3941819,0.43476266,0.8096925,0.710628,0.70286477,-0.03144729
1356023961648,-0.630652,0.6641826,-0.40142202,-0.24852037,0.3171746,0.9152257,0.7351978,0.6769504,-0.034963965
1356023961688,-0.6429857,0.7457347,-0.17449689,-0.09369165,0.14953858,0.98430693,0.7601258,0.6492442,-0.026282012
1356023961727,-0.6284571,0.777577,0.020388186,0.021531641,-0.008810639,0.9997294,0.77754617,0.628726,-0.011205375
1356023961767,-0.6151648,0.7735081,0.1525042,0.0912531,-0.122277915,0.9882919,0.7830997,0.6218789,0.0046360493
1356023961807,-0.6149539,0.75353277,0.23242265,0.13269764,-0.19165283,0.97245085,0.77731794,0.6288543,0.017865598
