1356024057895,0.7164222,0.010250539,0.69759166,0.6957147,-0.08524589,-0.71324193,0.052155733,0.99630713,-0.068203494
1356024057937,-0.063646734,-0.06482723,-0.9958647,-0.996609,0.05627489,0.060031056,0.052150548,0.99630845,-0.068189085
1356024057977,-0.06371459,-0.06477544,-0.9958638,-0.9966061,0.056248337,0.060103387,0.052122474,0.99631333,-0.068139434
1356024058017,-0.063943,-0.06478065,-0.9958487,-0.99659497,0.056195766,0.060335428,0.05205387,0.99631596,-0.06815338
1356024058057,-0.06445417,-0.065131396,-0.995793,-0.9965677,0.05614522,0.060831994,0.05194691,0.9962959,-0.068526626
1356024058097,-0.0654504,-0.066066325,-0.9956663,-0.9965089,0.056153864,0.061779767,0.05182892,0.99623394,-0.069511
1356024058139,-0.06711584,-0.06753859,-0.9954567,-0.99640274,0.056274116,0.063361615,0.051739126,0.9961283,-0.07107258
1356024058177,-0.06949589,-0.069360346,-0.9951681,-0.99624074,0.0565432,0.06562987,0.051717877,0.995988,-0.0730291
1356024058217,-0.072648734,-0.07122648,-0.994811,-0.9960122,0.05697307,0.06865728,0.051787198,0.9958317,-0.07508141
1356024058259,-0.07632586,-0.07291496,-0.99441326,-0.9957285,0.057539612,0.07220775,0.051953107,0.99567693,-0.07699525
1356024058297,-0.08029348,-0.0742563,-0.9940015,-0.99540377,0.05819136,0.07605958,0.052194387,0.9955399,-0.07858741
1356024058337,-0.08418661,-0.07521528,-0.9936073,-0.99506766,0.05885172,0.07985532,0.052469164,0.99542916,-0.07979888
1356024058377,-0.08769959,-0.075876355,-0.993253,-0.9947504,0.05945021,0.08329031,0.05272934,0.9953433,-0.080691814
1356024058418,-0.090575755,-0.07638633,-0.99295574,-0.99448097,0.05994886,0.08610317,0.05294949,0.9952744,-0.08139467
1356024058457,-0.09259069,-0.076835304,-0.99273527,-0.9942862,0.06032729,0.08806616,0.05312243,0.995217,-0.08198202
1356024058500,-0.09364021,-0.07718015,-0.9926101,-0.9941859,0.060482025,0.089086145,0.053159386,0.99518096,-0.08239496
1356024058537,-0.093898386,-0.0772011,-0.99258405,-0.99417675,0.060219437,0.0893653,0.05287379,0.9951952,-0.082406044
1356024058577,-0.093823075,-0.07654959,-0.9926417,-0.9942245,0.05938524,0.08939305,0.05210522,0.99529576,-0.081679165
1356024058617,-0.094114274,-0.07487598,-0.9927417,-0.99426436,0.0579547,0.0898875,0.05080363,0.99550736,-0.07990086
1356024058657,-0.095495194,-0.071854234,-0.99283314,-0.9942229,0.055986196,0.09157702,0.049004793,0.9958426,-0.076785564
1356024058697,-0.09838951,-0.067332536,-0.99286747,-0.9940456,0.053598583,0.0948714,0.04682839,0.99628985,-0.07220513
1356024058737,-0.10264364,-0.061694205,-0.9928031,-0.99372166,0.051024407,0.09956783,0.044514388,0.99679,-0.066544175
1356024058777,-0.10758847,-0.055937022,-0.99262065,-0.99329126,0.04862058,0.10492122,0.04239279,0.9972497,-0.060792744
1356024058847,-0.11246878,-0.05132702,-0.99232876,-0.99281704,0.04681796,0.110102475,0.040807575,0.9975839,-0.05622387
1356024058860,-0.11689371,-0.04920721,-0.9919246,-0.992332,0.046176374,0.114651024,0.04016179,0.99772054,-0.05422759
1356024058899,-0.12156439,-0.050338566,-0.99130625,-0.9917434,0.047241867,0.119219095,0.040829837,0.99761426,-0.05566591
1356024058938,-0.12674594,-0.055697054,-0.9903703,-0.9909744,0.05104345,0.12395266,0.043648094,0.9971422,-0.061663926
1356024058978,-0.134642,-0.06476587,-0.9887755,-0.98966414,0.058496833,0.13093138,0.049360305,0.99618447,-0.07197261
1356024059018,-0.14712533,-0.07569617,-0.98621714,-0.98739,0.07014838,0.14191613,0.058439016,0.9946604,-0.085062265
1356024059058,-0.1656875,-0.08575672,-0.9824426,-0.9836355,0.085864484,0.15839365,0.07077363,0.99260926,-0.09858
1356024059099,-0.19044748,-0.09271079,-0.9773098,-0.97794586,0.10486719,0.18062338,0.08574197,0.99015534,-0.110637784
1356024059139,-0.21995187,-0.09597108,-0.97077847,-0.97013605,0.12583894,0.2073659,0.10226062,0.9873977,-0.12078351
1356024059179,-0.2517723,-0.096524924,-0.96296096,-0.9605099,0.14670941,0.23642564,0.118454486,0.9844589,-0.1296506
1356024059218,-0.2831534,-0.09578553,-0.9542795,-0.9498776,0.16547304,0.26523796,0.13250154,0.98155177,-0.13783878
1356024059277,-0.3131501,-0.09406558,-0.94503367,-0.9388814,0.18045878,0.29314914,0.14296436,0.97907424,-0.14482707
1356024059297,-0.34212786,-0.08995417,-0.9353378,-0.92764544,0.19096023,0.32094887,0.14974162,0.9774674,-0.14877844
1356024059337,-0.3718512,-0.08025828,-0.92481637,-0.91536224,0.19740301,0.3509187,0.1543974,0.9770315,-0.14686996
1356024059374,-0.4045241,-0.061303854,-0.91247034,-0.90052354,0.20063877,0.38574797,0.15942907,0.97774535,-0.13636875
1356024059417,-0.44171453,-0.030616045,-0.89663315,-0.881463,0.20091999,0.42738062,0.16706681,0.97912914,-0.115736246
1356024059456,-0.4828335,0.009513885,-0.87566054,-0.85749805,0.19774556,0.47496724,0.1776768,0.9802072,-0.08732009
1356024059497,-0.5253662,0.053883463,-0.8491684,-0.82940745,0.19033927,0.5252183,0.1899307,0.9802385,-0.055306494
1356024059537,-0.5662573,0.09467435,-0.81877303,-0.79932463,0.17926788,0.5735356,0.20107877,0.9792343,-0.02583617
1356024059577,-0.6026376,0.12573066,-0.788048,-0.770211,0.16675764,0.61560285,0.20881316,0.97794867,-0.0036553144
1356024059617,-0.63257295,0.14441088,-0.76091856,-0.7449837,0.15519351,0.64877915,0.21178037,0.97727203,0.009412527
1356024059657,-0.65414417,0.1510418,-0.7411356,-0.72674644,0.14602911,0.67120427,0.20960733,0.97768193,0.014244914
1356024059697,-0.6649115,0.14726782,-0.7322601,-0.71888185,0.13992298,0.68090415,0.20273528,0.97914946,0.012831807
1356024059737,-0.6615779,0.13489091,-0.7376444,-0.72489184,0.13676393,0.6751499,0.19195473,0.98137665,0.007301271
1356024059777,-0.63996756,0.11537483,-0.7596909,-0.7475436,0.13531095,0.6502843,0.17782095,0.9840628,-3.4695864E-4
1356024059849,-0.5950632,0.08998254,-0.7986257,-0.7877821,0.13135964,0.60178405,0.15905723,0.9872425,-0.0072806478
1356024059858,-0.5139491,0.065386534,-0.855325,-0.8460954,0.12565488,0.51800907,0.14134657,0.9899168,-0.009256959
1356024059896,-0.43465286,0.06175521,-0.89847827,-0.89147246,0.11215967,0.43897277,0.12788188,0.9917694,0.006302595
1356024059937,-0.36184084,0.09319162,-0.9275703,-0.9239205,0.09678233,0.37014067,0.124266446,0.9909332,0.051081777
1356024059977,-0.3125186,0.16619056,-0.9352608,-0.9402941,0.08562726,0.329416,0.13482964,0.9823688,0.12950796
1356024060029,-0.29644847,0.27961263,-0.9132005,-0.94102037,0.07776797,0.3292913,0.16309178,0.9569582,0.240067
1356024060067,-0.2497583,0.36105922,-0.8984749,-0.9503038,0.08670199,0.29900762,0.18585902,0.92850363,0.32146138
1356024060107,-0.18537587,0.3947292,-0.8999026,-0.96234304,0.11236739,0.2475267,0.19882572,0.91190046,0.3590347
1356024060147,-0.099472284,0.38153812,-0.91898525,-0.9739486,0.15181601,0.16845155,0.20378742,0.91180074,0.35649705
1356024060187,0.00147295,0.32859853,-0.9444685,-0.9790549,0.19275963,0.06553787,0.20359099,0.92459,0.32199994
1356024060227,0.10330436,0.2496131,-0.9628196,-0.9744056,0.21970221,-0.047589153,0.1996547,0.94309294,0.2659206
1356024060267,0.19061682,0.1617004,-0.9682553,-0.9625288,0.22458765,-0.15198293,0.19288254,0.96094406,0.1984514
1356024060307,0.2540894,0.078519136,-0.9639882,-0.9492892,0.21106967,-0.23302287,0.18517193,0.97431225,0.12816793
1356024060347,0.29034895,0.007997841,-0.9568874,-0.93999183,0.18964541,-0.2836373,0.17920083,0.9818201,0.06258127
1356024060387,0.2991048,-0.046444356,-0.95308936,-0.93757606,0.17143565,-0.3025905,0.17744711,0.9841,0.007732123
1356024060427,0.2781219,-0.08211362,-0.9570296,-0.9432833,0.16469347,-0.28825787,0.18128645,0.9829209,-0.031651556
1356024060467,0.22362518,-0.09612307,-0.96992385,-0.95581746,0.17317605,-0.23753521,0.19080022,0.98018897,-0.05314958
1356024060507,0.1263349,-0.08416301,-0.9884109,-0.9706945,0.19484991,-0.14066187,0.20443028,0.9772155,-0.05708021
1356024060547,-0.020148456,-0.0451096,-0.9987788,-0.9755342,0.21963078,0.009759963,0.21892226,0.97453964,-0.048431158
1356024060587,-0.20226672,0.013559252,-0.9792366,-0.95187294,0.23238948,0.19983247,0.23027384,0.97252834,-0.03409797
1356024060627,-0.3833061,0.0719237,-0.92081666,-0.89347327,0.22376686,0.389402,0.23405549,0.9719852,-0.02150929
1356024060667,-0.524154,0.11029288,-0.8444513,-0.82039213,0.20067602,0.5354305,0.2285153,0.97342926,-0.014701724
1356024060707,-0.6128172,0.12385407,-0.7804584,-0.7603122,0.1767509,0.6250477,0.21536142,0.97643197,-0.014148295
1356024060747,-0.6550487,0.118156046,-0.74629116,-0.7291578,0.16009235,0.66535664,0.19809142,0.9800049,-0.018713951
1356024060787,-0.65540534,0.09780595,-0.7489178,-0.73387635,0.1519053,0.6620803,0.17852002,0.983544,-0.027782142
1356024060849,-0.61003315,0.064272165,-0.7897649,-0.7767116,0.14869964,0.61205184,0.15677565,0.9867915,-0.040790796
1356024060869,-0.51169825,0.021489412,-0.85889643,-0.84873796,0.14263302,0.5092148,0.13344973,0.9895423,-0.05474621
1356024060908,-0.37277502,-0.016485363,-0.92777526,-0.9212829,0.12596238,0.36792824,0.11079931,0.99189794,-0.062143266
1356024060948,-0.23078316,-0.025703847,-0.97266555,-0.9682961,0.10429728,0.22699025,0.09561181,0.99421394,-0.048958957
1356024060988,-0.13590056,0.015348136,-0.9906037,-0.98592037,0.09623265,0.13674903,0.09742728,0.99524057,0.0020539165
1356024061028,-0.096236706,0.10606268,-0.98969144,-0.9880265,0.11028427,0.107893646,0.120590866,0.9882247,0.09417933
1356024061068,-0.08115411,0.21691865,-0.9728105,-0.98441344,0.13534564,0.11230165,0.156026,0.9667615,0.20255381
1356024061108,-0.0476411,0.30306387,-0.95177865,-0.9811597,0.16441065,0.10146317,0.18723238,0.93868065,0.28952137
1356024061148,0.02817452,0.33555603,-0.9415988,-0.97818017,0.20322704,0.043154567,0.20583913,0.9198375,0.33396006
1356024061188,0.14083576,0.31077188,-0.93999255,-0.9666613,0.24824876,-0.06275761,0.21384868,0.917493,0.33537346
1356024061228,0.26534885,0.242517,-0.9331535,-0.9398308,0.28107864,-0.19419813,0.21519315,0.92853665,0.30250883
1356024061268,0.3716445,0.157251,-0.9149604,-0.903867,0.28624666,-0.31794232,0.21190763,0.945164,0.24851593
1356024061308,0.44682494,0.074487716,-0.891515,-0.87079465,0.2646707,-0.4143262,0.20509574,0.9614577,0.18312496
1356024061348,0.4900567,0.0036725998,-0.8716829,-0.8491038,0.22817616,-0.4764015,0.19714764,0.97361296,0.11493769
1356024061388,0.5050665,-0.05276212,-0.86146617,-0.84160244,0.1911789,-0.5051297,0.1913459,0.98013604,0.05215335
1356024061428,0.49569708,-0.0952287,-0.86325896,-0.8472918,0.1652699,-0.50476,0.19073844,0.9816402,0.0012372732
1356024061468,0.46009064,-0.12192771,-0.8794601,-0.8657625,0.15806253,-0.47483832,0.19690558,0.9798723,-0.0328373
1356024061508,0.39227182,-0.12886417,-0.91077816,-0.89567757,0.17198355,-0.41010162,0.20948634,0.97663486,-0.047956496
1356024061548,0.27853385,-0.10997543,-0.9541091,-0.9334786,0.20267484,-0.29587242,0.22591254,0.97305095,-0.046207815
1356024061588,0.10502216,-0.061043054,-0.9925946,-0.96460116,0.23653242,-0.11660668,0.24189886,0.96970415,-0.034041047
1356024061628,-0.11883983,0.009872645,-0.99286425,-0.96052396,0.2521765,0.11747649,0.25153682,0.96763086,-0.0204857
1356024061668,-0.3369239,0.07576811,-0.9384783,-0.90756285,0.23918808,0.34513578,0.25062317,0.96801245,-0.011823833
1356024061708,-0.49378777,0.11333048,-0.86216575,-0.8359272,0.2113002,0.5065353,0.23958164,0.9708288,-0.009601414
1356024061748,-0.57815796,0.12055203,-0.80697,-0.78534687,0.18600076,0.5904523,0.22127724,0.97512615,-0.012862682
1356024061787,-0.59959614,0.10538161,-0.7933342,-0.7751409,0.17014456,0.6084467,0.19910061,0.97976804,-0.020332456
1356024061845,-0.5618345,0.07306537,-0.8240166,-0.8086709,0.16141021,0.5656836,0.17433658,0.9841789,-0.03159994
1356024061868,-0.4622758,0.02863121,-0.8862738,-0.8743918,0.15147334,0.46097156,0.14744502,0.9880465,-0.04498756
1356024061908,-0.31587183,-0.013854295,-0.9487008,-0.9411727,0.13112068,0.31145054,0.12007931,0.99126965,-0.05445659
1356024061948,-0.1717428,-0.029261291,-0.9847072,-0.9802831,0.10422826,0.16787392,0.09772211,0.9941229,-0.046584845
1356024061988,-0.07445526,0.0018703043,-0.99722266,-0.9931655,0.08999246,0.07432112,0.08988157,0.9959407,-0.004842937
1356024062028,-0.03100264,0.08039132,-0.99628115,-0.9941629,0.100574076,0.03905219,0.10333946,0.9916764,0.07680398
1356024062068,-0.009089053,0.18136734,-0.9833734,-0.99112886,0.12876564,0.032909423,0.13259336,0.9749489,0.17858806
1356024062107,0.03306085,0.2627739,-0.96429086,-0.98621583,0.16508627,0.011174291,0.1621275,0.9506295,0.26460963
1356024062147,0.114316404,0.29488263,-0.9486706,-0.9766296,0.20830828,-0.05293545,0.18200621,0.93255126,0.31180415
1356024062187,0.2244063,0.27344748,-0.935344,-0.9553505,0.25105464,-0.15581053,0.19221643,0.92854625,0.31757644
1356024062226,0.33644524,0.21411201,-0.91703904,-0.9210528,0.27763394,-0.27309537,0.19612813,0.9365231,0.2906171
1356024062285,0.42892605,0.13756064,-0.8928044,-0.8817462,0.278561,-0.3806936,0.1963321,0.95051616,0.24077561
1356024062307,0.49169016,0.062345415,-0.8685354,-0.84863555,0.2577725,-0.46192104,0.19508585,0.9641921,0.17965278
1356024062348,0.5268808,-0.0048494935,-0.84992534,-0.8274329,0.2256711,-0.514225,0.19429725,0.9741914,0.114889175
1356024062384,0.5373902,-0.060357362,-0.8411711,-0.8204297,0.19346398,-0.53802115,0.1952098,0.97924906,0.054446697
1356024062425,0.5275228,-0.10354036,-0.84320766,-0.82593507,0.16984405,-0.5375726,0.1988743,0.9800166,0.0040789843
1356024062467,0.49707896,-0.13193157,-0.8576168,-0.8427627,0.1618693,-0.51337063,0.20655164,0.9779532,-0.030725181
1356024062507,0.44403934,-0.14272463,-0.884567,-0.8687422,0.17310792,-0.46402648,0.21935359,0.97450674,-0.047124207
1356024062547,0.36312905,-0.13243029,-0.9222795,-0.9012705,0.20113721,-0.38373846,0.23632333,0.9705699,-0.046316743
1356024062587,0.24724855,-0.099069774,-0.9638741,-0.9355934,0.23436148,-0.26408243,0.25205755,0.96708834,-0.034743488
1356024062627,0.09868336,-0.048073202,-0.99395704,-0.96077585,0.25553906,-0.10774824,0.25917467,0.96560276,-0.020970106
1356024062667,-0.06136012,0.0037730336,-0.9981086,-0.9654125,0.2536565,0.060308933,0.2534043,0.96728706,-0.011921883
1356024062707,-0.20075077,0.038707644,-0.9788773,-0.95070386,0.23337507,0.20420122,0.2363497,0.971616,-0.010050714
1356024062747,-0.29884624,0.05047369,-0.95296556,-0.93045247,0.20644265,0.30272046,0.21201211,0.97715604,-0.014731228
1356024062787,-0.351694,0.043064594,-0.9351239,-0.91774446,0.18106765,0.35349625,0.18454385,0.9825273,-0.02415806
1356024062849,-0.36193645,0.021977633,-0.9319437,-0.9191438,0.15833706,0.36069936,0.15548855,0.9871405,-0.037107408
1356024062875,-0.33462608,-0.0068222582,-0.9423263,-0.933988,0.13532817,0.33068532,0.1252673,0.9907773,-0.051656246
1356024062907,-0.2806309,-0.03374982,-0.9592222,-0.95511377,0.10862023,0.27560714,0.09488925,0.99351025,-0.06271708
1356024062947,-0.21718776,-0.0421938,-0.97521746,-0.97365606,0.08044672,0.21335945,0.06945059,0.99586546,-0.05855429
1356024062987,-0.16333729,-0.013648748,-0.9864758,-0.9848636,0.06104529,0.1622257,0.05800554,0.9980416,-0.023413122
1356024063027,-0.1280896,0.06138143,-0.9898613,-0.98941827,0.060676157,0.13179478,0.0681507,0.9962684,0.05295992
1356024063067,-0.10118097,0.16861302,-0.9804753,-0.9900728,0.07958007,0.11585683,0.09756121,0.9824645,0.15888721
1356024063106,-0.064361095,0.27173725,-0.9602169,-0.9888606,0.11204034,0.09798798,0.1342099,0.95582724,0.26149926
1356024063147,-0.0037495494,0.33455467,-0.94236887,-0.9861944,0.15477365,0.058870852,0.1655494,0.9295796,0.3293556
1356024063187,0.080533564,0.34358403,-0.9356625,-0.9791051,0.2031241,-0.009683639,0.18672845,0.9168918,0.35276318
1356024063227,0.17682594,0.30482343,-0.93585,-0.9639981,0.2454921,-0.10218319,0.198596,0.9202262,0.33725855
1356024063267,0.2691221,0.23560792,-0.9338427,-0.9414187,0.26896146,-0.20344657,0.20323414,0.933889,0.29418916
1356024063306,0.3444131,0.15534106,-0.9258773,-0.91671634,0.26838195,-0.295977,0.20251137,0.9507052,0.23483795
1356024063347,0.39759985,0.076865554,-0.91433364,-0.8958982,0.24776295,-0.36875436,0.19819349,0.96576655,0.16737425
1356024063387,0.42820573,0.008426309,-0.90364194,-0.8828703,0.21726394,-0.41633675,0.19282055,0.9760765,0.10047305
1356024063427,0.43860865,-0.046310544,-0.8974842,-0.87852687,0.18820435,-0.4390554,0.18924332,0.9810374,0.041862994
1356024063467,0.4313509,-0.085475296,-0.898126,-0.881925,0.1698326,-0.43973297,0.19011736,0.981759,-0.0021253228
1356024063506,0.40745813,-0.107274145,-0.90690136,-0.89168,0.1677006,-0.42045605,0.19719195,0.97998405,-0.027323216
1356024063547,0.36695164,-0.11042836,-0.9236623,-0.9060677,0.18245356,-0.38177493,0.21068427,0.97699356,-0.033103943
1356024063587,0.30846322,-0.09624508,-0.9463548,-0.9237704,0.2070338,-0.32215738,0.22693354,0.9735882,-0.02504608
1356024063627,0.23399642,-0.06991106,-0.9697206,-0.94224185,0.22953507,-0.2439138,0.23963714,0.97078633,-0.012162745
1356024063667,0.15015283,-0.04028526,-0.9878417,-0.9583075,0.23975989,-0.15544125,0.24310675,0.969996,-0.002605021
1356024063707,0.068531394,-0.016543746,-0.99751174,-0.96942264,0.23505223,-0.07049996,0.2356337,0.971842,7.05719E-5
1356024063747,0.0012781322,-0.0039868057,-0.99999124,-0.9756813,0.21918347,-0.0021208823,0.21919006,0.97567546,-0.003609717
1356024063787,-0.04298547,-0.0033198297,-0.99907017,-0.979408,0.19758335,0.041482925,0.1972619,0.9802805,-0.011744678
1356024063848,-0.060023755,-0.013091415,-0.99811107,-0.983219,0.17334333,0.056854635,0.17227155,0.9847745,-0.023276448
1356024063868,-0.049462557,-0.030521244,-0.9983095,-0.9881184,0.14712304,0.04445964,0.14551735,0.98864716,-0.03743571
1356024063908,-0.015944451,-0.050424933,-0.9986006,-0.9929782,0.11788198,0.009902179,0.11721769,0.9917465,-0.051950395
1356024063947,0.03191939,-0.061485767,-0.99759734,-0.9954239,0.08798793,-0.03727287,0.09006819,0.9942221,-0.058395863
1356024063987,0.08092606,-0.04706496,-0.99560827,-0.994209,0.06704855,-0.08398184,0.070706666,0.996639,-0.04136634
1356024064027,0.1235562,0.005330324,-0.9923233,-0.9900371,0.0687145,-0.12290245,0.06753191,0.9976222,0.013767272
1356024064068,0.16249305,0.089286596,-0.9826616,-0.9832283,0.09823662,-0.15366077,0.0828135,0.99114954,0.1037519
1356024064107,0.20611584,0.17504042,-0.96274453,-0.97249097,0.14575946,-0.18170133,0.108524024,0.97371197,0.20026863
1356024064147,0.26017728,0.22820115,-0.9382069,-0.9563817,0.19456926,-0.21789205,0.13282302,0.95397437,0.26886985
1356024064187,0.3210643,0.23546353,-0.91731924,-0.93506765,0.23245168,-0.26760903,0.15022022,0.9436753,0.2948063
1356024064227,0.37913552,0.20529875,-0.90227985,-0.91127527,0.25220504,-0.32553044,0.1607286,0.94564545,0.28270352
1356024064267,0.42461106,0.15449578,-0.89209664,-0.88994795,0.25234696,-0.37988627,0.16642705,0.95522356,0.24464253
1356024064307,0.45151916,0.09721604,-0.88694954,-0.87597287,0.23736832,-0.41991407,0.16971135,0.966543,0.19233495
1356024064347,0.45735937,0.041308165,-0.8883221,-0.87238747,0.21462904,-0.43917486,0.17251825,0.97582173,0.13419932
1356024064387,0.44052994,-0.0092386305,-0.89769036,-0.8803451,0.19143349,-0.43398812,0.17585748,0.9814621,0.076198965
1356024064427,0.3983152,-0.050911814,-0.91583467,-0.89933276,0.17469978,-0.40084982,0.1804041,0.9833046,0.023798913
1356024064467,0.3246712,-0.07851702,-0.9425622,-0.9270362,0.1712396,-0.33358768,0.18759629,0.9820957,-0.01719156
1356024064507,0.20896119,-0.08485004,-0.974236,-0.9573667,0.18544382,-0.22149396,0.19945982,0.9789847,-0.04248202
1356024064547,0.03625205,-0.060699046,-0.99749756,-0.9756684,0.2138268,-0.048470408,0.21623382,0.97498405,-0.051470518
1356024064587,-0.1982879,5.3614378E-5,-0.9801438,-0.95179,0.23877758,0.19256479,0.23404667,0.9710743,-0.04729569
1356024064627,-0.45615757,0.08188516,-0.8861236,-0.85541123,0.23417771,0.46198747,0.24534029,0.96873915,-0.036776423
1356024064667,-0.66091275,0.14688325,-0.7359482,-0.70932615,0.19795465,0.67651355,0.2450529,0.9691436,-0.02664268
1356024064707,-0.786458,0.17608449,-0.5920118,-0.5717596,0.15497953,0.8056502,0.23361221,0.9720985,-0.021206915
1356024064747,-0.85492796,0.17699629,-0.48761714,-0.4722225,0.12353915,0.8727794,0.21471854,0.9764274,-0.02203548
1356024064787,-0.8897065,0.16170745,-0.4269344,-0.4141317,0.107706904,0.90382195,0.19213852,0.9809433,-0.028859377
1356024064849,-0.9023995,0.13616537,-0.4088204,-0.39711785,0.10544795,0.9116897,0.16724986,0.98505825,-0.0410825
1356024064868,-0.8950317,0.102427155,-0.4340816,-0.4232678,0.111702025,0.89909226,0.14057924,0.9884489,-0.056622684
1356024064908,-0.8633689,0.061971366,-0.50075305,-0.4919843,0.116909325,0.86271876,0.112006575,0.9912072,-0.07044697
1356024064948,-0.8015481,0.025829196,-0.59737206,-0.5919622,0.10652405,0.7988951,0.084269315,0.99397457,-0.07009429
1356024064988,-0.7226605,0.020234942,-0.6909069,-0.68825495,0.07115793,0.7219707,0.06377253,0.99725974,-0.03749627
1356024065027,-0.6569082,0.0676339,-0.75093096,-0.7517359,0.01787293,0.65922207,0.05800712,0.9975501,0.0391019
1356024065067,-0.61419314,0.15795255,-0.7731868,-0.786178,-0.03743595,0.6168652,0.068490475,0.98673683,0.14717174
1356024065107,-0.57661915,0.25472596,-0.7762893,-0.81225264,-0.07630837,0.578293,0.08806884,0.9639978,0.25090265
1356024065147,-0.5241207,0.32566375,-0.7869184,-0.8447148,-0.081162035,0.5290269,0.108417004,0.9419957,0.31763178
1356024065187,-0.4471469,0.3572667,-0.82001233,-0.88547075,-0.04715419,0.46229655,0.12649614,0.9328113,0.33743405
1356024065227,-0.3444674,0.3479808,-0.87192404,-0.92806023,0.013850093,0.37217242,0.14158511,0.9373993,0.31817627
1356024065268,-0.22227573,0.30054414,-0.9275057,-0.9629272,0.08147228,0.2571643,0.15285522,0.9502818,0.2712928
1356024065314,-0.08431089,0.21214601,-0.9735943,-0.98345196,0.13952279,0.11556652,0.16035557,0.96722674,0.19687212
1356024065344,0.011070967,0.13092294,-0.9913307,-0.9861089,0.16574353,0.010876805,0.16573066,0.97743964,0.1309393
1356024065387,0.082027465,0.055484712,-0.9950844,-0.98172253,0.17654511,-0.071082056,0.17173338,0.98272747,0.06895214
1356024065426,0.10827577,-0.0031519234,-0.9941159,-0.9777893,0.1801787,-0.10706881,0.17945594,0.98362887,0.0164271
1356024065467,0.0896582,-0.03930694,-0.9951967,-0.9776643,0.18723613,-0.095473945,0.19008961,0.9815282,-0.021641731
1356024065507,0.02053994,-0.047576427,-0.9986564,-0.97856665,0.20375782,-0.029833823,0.2049034,0.9778646,-0.04237151
1356024065547,-0.103019744,-0.024374127,-0.99438065,-0.96914506,0.22752014,0.09482831,0.2239303,0.97346824,-0.047061145
1356024065587,-0.27541068,0.02819869,-0.960913,-0.9300796,0.244962,0.273762,0.2431069,0.9691225,-0.04123813
1356024065626,-0.46245188,0.0925726,-0.8817985,-0.84912,0.2400279,0.4705124,0.25521287,0.9663421,-0.032396138
1356024065667,-0.61548805,0.14113086,-0.77540743,-0.74576956,0.21397144,0.6309073,0.25495556,0.9665911,-0.026445806
1356024065707,-0.715342,0.1601358,-0.6801781,-0.65552235,0.1833536,0.7325789,0.2420252,0.96991646,-0.026187897
1356024065747,-0.7704469,0.15394044,-0.61863875,-0.5983129,0.16039324,0.785045,0.22007564,0.9749751,-0.03146994
1356024065787,-0.7920015,0.13123243,-0.596248,-0.5791383,0.14758867,0.80175835,0.19321613,0.9803038,-0.040888727
1356024065848,-0.7844359,0.09814274,-0.61239564,-0.5979799,0.14230764,0.78877664,0.1645613,0.98494494,-0.052943885
1356024065868,-0.74504936,0.05787334,-0.6644938,-0.65303516,0.1395635,0.7443568,0.1358175,0.98852044,-0.066188395
1356024065908,-0.66851956,0.015275151,-0.7435376,-0.73573625,0.13228685,0.6642231,0.10850632,0.99109375,-0.07719779
1356024065948,-0.5619238,-0.0151871145,-0.82704955,-0.8226844,0.114462554,0.5568561,0.08620918,0.99331146,-0.07681346
1356024065988,-0.45637673,-0.01021412,-0.889728,-0.8865503,0.0904268,0.45370865,0.07582104,0.9958507,-0.050324023
1356024066028,-0.38801897,0.045443237,-0.92053044,-0.9177991,0.07217258,0.3904305,0.08417952,0.9963564,0.013703406
1356024066068,-0.35993952,0.14287269,-0.9219712,-0.92633355,0.062980354,0.37140232,0.111129284,0.9877352,0.109678626
1356024066109,-0.33661616,0.24409223,-0.90945506,-0.9305123,0.061827958,0.36100435,0.14434811,0.96777904,0.20631856
1356024066148,-0.28679955,0.3124103,-0.905619,-0.9425166,0.07720542,0.3251181,0.17148891,0.94680476,0.27230942
1356024066187,-0.19868898,0.33109987,-0.9224402,-0.96164095,0.11576724,0.24868599,0.18912831,0.9364673,0.2953974
1356024066227,-0.08030808,0.3021095,-0.9498844,-0.9767364,0.16624808,0.13545322,0.19883814,0.9386647,0.28173032
1356024066267,0.048547447,0.23631746,-0.9704623,-0.978147,0.20790774,0.001695782,0.20216739,0.9491725,0.24124658
1356024066307,0.16036442,0.15499121,-0.9748133,-0.96646005,0.22535923,-0.12315911,0.2005946,0.96186846,0.18593243
1356024066347,0.23929754,0.075927824,-0.96797293,-0.95093584,0.21968284,-0.21785372,0.1961059,0.9726121,0.12477207
1356024066387,0.27972978,0.009478688,-0.9600319,-0.9408081,0.20204782,-0.27213347,0.19139284,0.9793297,0.06543645
1356024066427,0.279559,-0.03915915,-0.9593296,-0.9413018,0.18571755,-0.28188637,0.18920279,0.9818226,0.015058428
1356024066467,0.23283929,-0.06569442,-0.9702938,-0.95336366,0.1816085,-0.24107257,0.19205076,0.9811741,-0.020345092
1356024066507,0.119383276,-0.062437862,-0.990883,-0.9722737,0.19477111,-0.1294142,0.20107567,0.9788594,-0.037454247
1356024066548,-0.08976588,-0.018233627,-0.99579597,-0.9723617,0.21797541,0.08366218,0.21553352,0.97578394,-0.037296414
1356024066587,-0.3982249,0.07072297,-0.91455746,-0.88760626,0.22186601,0.4036466,0.23145631,0.972509,-0.02557844
1356024066626,-0.6919264,0.16497958,-0.7028653,-0.680149,0.17756808,0.7112432,0.24214703,0.97018105,-0.010653317
1356024066667,-0.85661453,0.21368128,-0.4696296,-0.4558041,0.11311424,0.88286346,0.24177319,0.9703327,5.014539E-4
1356024066707,-0.9265908,0.22044206,-0.30468822,-0.29754883,0.06573814,0.9524407,0.22998762,0.9731824,0.0046798587
1356024066747,-0.95588195,0.20634903,-0.20906866,-0.20484574,0.041868567,0.97789836,0.21054178,0.9775822,0.0022482872
1356024066787,-0.968768,0.18433544,-0.16585803,-0.16192853,0.03627795,0.98613536,0.18779668,0.9821936,-0.005295694
1356024066848,-0.9724222,0.15864462,-0.17095903,-0.16591519,0.044611156,0.9851304,0.16391233,0.9863274,-0.017059326
1356024066861,-0.96445423,0.13059956,-0.22972125,-0.22337374,0.06153506,0.9727886,0.14118168,0.98952377,-0.030175209
1356024066898,-0.9337774,0.092992365,-0.3455608,-0.33862478,0.082672775,0.93728256,0.11572859,0.9922286,-0.045708418
1356024066938,-0.82820475,0.04398501,-0.5586968,-0.55319804,0.095425904,0.82756615,0.08971465,0.9944643,-0.05469972
1356024066978,-0.6218157,0.012123466,-0.7830698,-0.77997684,0.08052319,0.6206063,0.07057917,0.99667895,-0.040614545
1356024067019,-0.4252777,0.040337205,-0.9041636,-0.90246814,0.056693316,0.4270095,0.068484396,0.9975765,0.0122926235
1356024067058,-0.32020855,0.12530085,-0.93902403,-0.9433098,0.049241126,0.32824057,0.087367475,0.99089605,0.102430046
1356024067098,-0.25511336,0.22603726,-0.94011927,-0.9596257,0.059942007,0.27481878,0.11847195,0.97227263,0.20161915
1356024067137,-0.15786523,0.2973992,-0.9416115,-0.97627604,0.09610808,0.19403169,0.14820135,0.9499036,0.2751716
1356024067177,0.001826942,0.31110537,-0.95037365,-0.9854579,0.16203856,0.05114904,0.16990992,0.9364598,0.30687732
1356024067217,0.20108134,0.26192698,-0.94390714,-0.9621432,0.23378289,-0.14009327,0.18397519,0.93634397,0.29902056
1356024067257,0.3840255,0.1729646,-0.90697724,-0.90315104,0.2745719,-0.3300434,0.19194466,0.94588244,0.26165575
1356024067297,0.51324666,0.07971713,-0.85453093,-0.83589983,0.27213496,-0.47666967,0.194549,0.95895135,0.20630792
1356024067337,0.5897987,0.0012894571,-0.8075493,-0.78411794,0.24006088,-0.57230216,0.19312304,0.97075695,0.14259866
1356024067377,0.6284378,-0.05981502,-0.7755566,-0.7541816,0.19727598,-0.6263325,0.19046283,0.9785216,0.07886429
1356024067417,0.6410686,-0.10649043,-0.7600597,-0.74364656,0.15871117,-0.6494617,0.18979138,0.9815653,0.022553518
1356024067457,0.63378525,-0.1404612,-0.76064897,-0.74883676,0.1349676,-0.64886606,0.19380346,0.98084366,-0.019642055
1356024067497,0.6066623,-0.16018522,-0.77865374,-0.7684425,0.13270715,-0.62600714,0.20361003,0.9781255,-0.042584717
1356024067537,0.5569123,-0.16299933,-0.81442,-0.8012625,0.15274835,-0.5784863,0.21869421,0.9747304,-0.04553783
1356024067577,0.4775825,-0.14595225,-0.8663792,-0.8463057,0.18842487,-0.49825966,0.23596948,0.97118175,-0.033531785
1356024067617,0.36066708,-0.10793716,-0.926428,-0.8987594,0.22527483,-0.37614202,0.24930066,0.96829796,-0.015760362
1356024067657,0.20819104,-0.055541754,-0.9765099,-0.9449611,0.2462148,-0.21546906,0.25239873,0.9676226,-0.0012250543
1356024067697,0.04499325,-0.005742818,-0.99897075,-0.9688512,0.24351403,-0.045036554,0.24352202,0.96988034,0.0053925514
1356024067736,-0.093744755,0.025857091,-0.9952605,-0.96961343,0.22452039,0.09716207,0.22596863,0.9741263,0.0040237308
1356024067777,-0.186497,0.034808666,-0.9818387,-0.9611558,0.20050499,0.18967676,0.20346594,0.9790741,-0.003937006
1356024067849,-0.22250503,0.018685102,-0.9747525,-0.9592911,0.1741749,0.22231442,0.17393142,0.9845374,-0.020830333
1356024067858,-0.2059924,-0.0070846975,-0.978528,-0.96755886,0.15095425,0.20259032,0.1462777,0.9885154,-0.037950337
1356024067897,-0.17015165,-0.035116106,-0.98479193,-0.97853076,0.123968184,0.1646494,0.116301,0.99166465,-0.055455565
1356024067936,-0.11311832,-0.05192125,-0.992224,-0.98974407,0.093572825,0.107939094,0.087240905,0.9942577,-0.06197357
1356024067977,-0.06270772,-0.033923298,-0.99745524,-0.9957377,0.0698539,0.060223997,0.06763315,0.99698025,-0.038159072
1356024068018,-0.029653668,0.0315094,-0.99906343,-0.9973501,0.06549764,0.031668544,0.066434085,0.9973551,0.029483676
1356024068057,-0.0039328933,0.13187602,-0.99125844,-0.99649537,0.08231002,0.014904082,0.083556,0.987843,0.13109013
1356024068097,0.035451412,0.23076317,-0.9723639,-0.9934535,0.113865614,-0.0091974735,0.108596385,0.96632445,0.23328921
1356024068136,0.102781415,0.2914196,-0.9510576,-0.9859618,0.15633053,-0.05865127,0.1315872,0.9437348,0.3033965
1356024068177,0.19505638,0.29838544,-0.93430144,-0.96914023,0.2050364,-0.13684776,0.15073246,0.93216217,0.32917097
1356024068223,0.29562682,0.25879622,-0.919581,-0.9406284,0.24693358,-0.23289898,0.16680199,0.93383527,0.31643125
1356024068264,0.39198872,0.17497593,-0.9031768,-0.90235144,0.2643431,-0.34041828,0.1791836,0.94842297,0.26150927
1356024068294,0.44970003,0.104069054,-0.88709605,-0.87350464,0.258557,-0.4124776,0.18643868,0.96037376,0.2071779
1356024068337,0.4856344,0.037513345,-0.8733567,-0.85379195,0.2347772,-0.46467087,0.18761289,0.97132504,0.14604446
1356024068377,0.49286824,-0.0171448,-0.869935,-0.84997076,0.20434596,-0.48558462,0.18609291,0.97874856,0.08614308
1356024068416,0.47585177,-0.05891937,-0.87754977,-0.8596069,0.17998452,-0.47820655,0.18612099,0.9819033,0.034998477
1356024068457,0.43708044,-0.08617294,-0.8952848,-0.8788677,0.17066883,-0.44549277,0.19118664,0.9815531,-0.0011386275
1356024068497,0.37523544,-0.095561385,-0.92199045,-0.9045179,0.17965426,-0.386745,0.20259744,0.97907734,-0.019024372
1356024068536,0.28995824,-0.08546084,-0.95321596,-0.93168586,0.20253116,-0.30156702,0.21882808,0.9755396,-0.02089709
1356024068577,0.18200368,-0.057261795,-0.98162913,-0.9547912,0.22834504,-0.19034788,0.23504981,0.97189486,-0.013113439
1356024068617,0.055836618,-0.017286092,-0.9982903,-0.96801674,0.24400133,-0.058368415,0.24459305,0.9696208,-0.0031089783
1356024068657,-0.07691556,0.023640394,-0.99675727,-0.96685326,0.2423585,0.08035612,0.24347231,0.9698987,0.004215598
1356024068697,-0.2007901,0.055006295,-0.97808874,-0.95182145,0.22526503,0.20806637,0.23177412,0.9727435,0.007125199
1356024068737,-0.3046717,0.071406186,-0.9497769,-0.9285469,0.19976616,0.3128803,0.21207485,0.9772383,0.005440891
1356024068777,-0.38335407,0.071973294,-0.92079294,-0.9045614,0.17213076,0.39005092,0.18657008,0.9824413,-8.828044E-4
1356024068849,-0.43523657,0.05484861,-0.89864385,-0.88725555,0.1432684,0.43846533,0.15279648,0.9881629,-0.013690889
1356024068859,-0.46368235,0.03348714,-0.88536847,-0.8776696,0.11936104,0.4641649,0.12122205,0.992286,-0.025955021
1356024068897,-0.47905153,0.016406506,-0.8776334,-0.87285995,0.09687877,0.4782571,0.09287053,0.99516094,-0.032089293
1356024068937,-0.48171103,0.019696891,-0.87610877,-0.8731607,0.0741632,0.48175743,0.07446414,0.9970516,-0.018526673
1356024068977,-0.47951317,0.062159836,-0.87533045,-0.8743385,0.05121565,0.4826067,0.07482943,0.99675137,0.029790044
1356024069018,-0.4724589,0.14252806,-0.86975193,-0.8761779,0.030826211,0.4810011,0.09536731,0.9893106,0.11031574
1356024069057,-0.4568743,0.23407272,-0.8581816,-0.8804277,0.018678665,0.4738123,0.12693623,0.9720396,0.19755036
1356024069097,-0.43148237,0.3026258,-0.8498473,-0.8883507,0.02143681,0.4586648,0.15702185,0.95286834,0.2595883
1356024069136,-0.3987357,0.33108002,-0.85521686,-0.89940006,0.040982008,0.43520105,0.17913488,0.9427123,0.28143245
1356024069177,-0.3605492,0.31928197,-0.87639225,-0.9126723,0.073091805,0.40210322,0.19244143,0.94483685,0.26504654
1356024069217,-0.31865788,0.27801338,-0.90618193,-0.92692447,0.10846776,0.35922948,0.19816208,0.95443356,0.22313327
1356024069257,-0.27667636,0.21969339,-0.93551326,-0.9403012,0.13889748,0.31071076,0.19820154,0.96563053,0.16814828
1356024069297,-0.24026561,0.15620542,-0.9580565,-0.9508399,0.16078764,0.26467124,0.19538671,0.9745498,0.10989457
1356024069336,-0.21593827,0.09776488,-0.97150016,-0.9571459,0.17545778,0.23040456,0.19298276,0.97962064,0.05568719
1356024069377,-0.20992994,0.053061128,-0.97627544,-0.95828235,0.18693155,0.2162207,0.19396958,0.9809388,0.011605084
1356024069417,-0.2295841,0.030577362,-0.97280836,-0.95245284,0.19864887,0.23102412,0.20031142,0.9795935,-0.016483128
1356024069457,-0.27910638,0.03572783,-0.9595953,-0.9362918,0.21175116,0.28021234,0.2132068,0.9766703,-0.025649369
1356024069497,-0.35958344,0.06746751,-0.9306706,-0.9040219,0.22191393,0.36537448,0.23117968,0.9727293,-0.01880449
1356024069536,-0.46127385,0.115368664,-0.8797252,-0.8515653,0.22083056,0.47546864,0.24912438,0.96846473,-0.0036193728
1356024069577,-0.56582236,0.16124976,-0.808606,-0.78264517,0.20354825,0.5882472,0.25944507,0.9656949,0.011029184
1356024069617,-0.65645677,0.18872395,-0.7303752,-0.70920646,0.17555642,0.68279296,0.25708145,0.9662108,0.018598974
1356024069657,-0.72416985,0.19325888,-0.66198874,-0.64547217,0.14799786,0.7493079,0.24278332,0.96992147,0.017567635
1356024069697,-0.76759934,0.17999412,-0.6151369,-0.6016388,0.12851912,0.7883614,0.22095728,0.9752359,0.009640157
1356024069736,-0.78590083,0.15512599,-0.59857816,-0.5865174,0.11959177,0.8010588,0.19585007,0.98062927,-0.00300318
1356024069777,-0.7733223,0.12016654,-0.62252116,-0.6111157,0.12021482,0.78235924,0.16884969,0.98544836,-0.019529164
1356024069848,-0.7083828,0.0686456,-0.70248246,-0.6926158,0.124065995,0.71055675,0.13593078,0.98989666,-0.0403412
1356024069868,-0.5383567,0.009395987,-0.84266466,-0.83641875,0.1160661,0.5356606,0.10283786,0.9931971,-0.05462593
1356024069908,-0.3141638,-0.022314101,-0.9491066,-0.94648683,0.085199475,0.31129357,0.07391718,0.996114,-0.04788661
1356024069948,-0.11322415,0.001331687,-0.99356866,-0.99191314,0.05756688,0.11311263,0.057347327,0.9983408,-0.005197048
1356024069988,0.024421006,0.074227154,-0.9969424,-0.99794847,0.060846776,-0.019915342,0.059182554,0.9953834,0.07556072
1356024070030,0.12837541,0.16096684,-0.9785752,-0.988765,0.09696275,-0.11376268,0.07657337,0.9821853,0.171606
1356024070068,0.24252543,0.21760413,-0.9454258,-0.96508837,0.15348455,-0.21224257,0.098923385,0.96389365,0.2472311
1356024070108,0.38200352,0.21804982,-0.89806885,-0.91661876,0.21329322,-0.33810672,0.11782795,0.95234466,0.28134724
1356024070148,0.527303,0.16757372,-0.832989,-0.83951783,0.25390124,-0.48035818,0.13100153,0.9526034,0.27456403
1356024070188,0.6497789,0.09199774,-0.75453544,-0.7471836,0.25968254,-0.61178565,0.13965681,0.9613019,0.23747545
1356024070228,0.7381892,0.016319603,-0.6743963,-0.6586808,0.23329347,-0.7153417,0.14565814,0.9722694,0.18296413
1356024070269,0.79760766,-0.04824537,-0.60124403,-0.5839816,0.1876986,-0.7897688,0.15095538,0.9810411,0.121535435
1356024070308,0.8369844,-0.10003069,-0.53800654,-0.5241319,0.13606358,-0.8406976,0.15729865,0.9856371,0.06145381
1356024070348,0.8634626,-0.14069538,-0.48439354,-0.47621572,0.089196414,-0.8747929,0.1662855,0.9860268,0.010016412
1356024070388,0.8819428,-0.17273614,-0.43856484,-0.43581173,0.055629462,-0.89831704,0.17956896,0.983396,-0.026218437
1356024070428,0.89574945,-0.19876611,-0.39764926,-0.39801246,0.039900303,-0.91651183,0.19803783,0.9792344,-0.043370724
1356024070468,0.9072145,-0.22091587,-0.35799158,-0.35821903,0.040462732,-0.93276036,0.2205469,0.9744531,-0.042427897
1356024070507,0.91790104,-0.23972706,-0.31620958,-0.31358874,0.05005178,-0.94823885,0.24314538,0.9695493,-0.029233128
1356024070546,0.9284723,-0.2530979,-0.27181,-0.265675,0.058799863,-0.96226776,0.2595303,0.9656521,-0.012647748
1356024070587,0.93869054,-0.25763538,-0.22909403,-0.22092113,0.060645968,-0.9734043,0.26467702,0.9643371,1.0699034E-5
1356024070627,0.947977,-0.25221038,-0.1942409,-0.18628743,0.05528021,-0.9809389,0.25814065,0.9660922,0.0054207407
1356024070667,0.9553057,-0.23838247,-0.174828,-0.16863762,0.046285123,-0.9845908,0.2428011,0.9700678,0.004016191
1356024070707,0.95871574,-0.21870545,-0.18174727,-0.17781898,0.037684202,-0.9833414,0.22191112,0.975063,-0.0027615465
1356024070746,0.95286924,-0.19534299,-0.23212354,-0.23024178,0.032609403,-0.9725869,0.19755743,0.9801927,-0.013903618
1356024070787,0.9224546,-0.16889775,-0.34720466,-0.34689862,0.03228548,-0.93734676,0.16952541,0.9851046,-0.028808512
1356024070848,0.83584476,-0.13984595,-0.53085464,-0.531294,0.037310783,-0.8463656,0.13816738,0.9894701,-0.04311329
1356024070868,0.6591437,-0.10517195,-0.7446264,-0.74434507,0.049833335,-0.6659332,0.10714471,0.99320465,-0.045436904
1356024070908,0.3723302,-0.048251003,-0.92684525,-0.9241959,0.0722307,-0.3750262,0.08504206,0.9962201,-0.017699718
1356024070948,0.009962201,0.048024803,-0.99879646,-0.9967543,0.080273986,-0.0060819983,0.079885274,0.9956152,0.048668623
1356024070988,-0.29700828,0.16283077,-0.940889,-0.95043224,0.04452747,0.30772677,0.09200275,0.98564875,0.14153463
1356024071028,-0.46681172,0.2522964,-0.8476045,-0.87731963,-0.011446476,0.47976997,0.11134219,0.96758235,0.22668785
1356024071068,-0.5363786,0.30213556,-0.7880432,-0.83405924,-0.0470348,0.54966617,0.12900817,0.95210385,0.27722746
1356024071108,-0.557622,0.3158089,-0.7676734,-0.8178165,-0.05053413,0.573256,0.14224562,0.94747615,0.2864527
1356024071148,-0.5605652,0.30097955,-0.77147794,-0.8141847,-0.030183256,0.57982093,0.15122858,0.95315284,0.26197255
1356024071205,-0.5590054,0.26506352,-0.78565544,-0.8142705,0.0032929778,0.5804764,0.15645027,0.9642254,0.21399254
1356024071227,-0.5624389,0.21782553,-0.79763055,-0.81134427,0.040485322,0.58316505,0.15932056,0.9751477,0.15396094
1356024071267,-0.57631654,0.16901657,-0.79955775,-0.8009211,0.077650726,0.5937136,0.16243368,0.9825496,0.09061754
1356024071304,-0.6060017,0.12910199,-0.784917,-0.77744645,0.11269671,0.6187702,0.168342,0.98520666,0.032075524
1356024071347,-0.6536308,0.107783854,-0.749099,-0.7353183,0.14378154,0.6622943,0.17909122,0.98372227,-0.014724553
1356024071387,-0.719655,0.11353794,-0.6849861,-0.6661935,0.16509402,0.72727597,0.19566053,0.97972095,-0.04317254
1356024071426,-0.7932674,0.1466617,-0.5909459,-0.56844383,0.16937828,0.8050979,0.21817039,0.9745775,-0.050993264
1356024071467,-0.857927,0.19616304,-0.4748487,-0.4518729,0.1517089,0.87908775,0.24448329,0.96876436,-0.041514397
1356024071508,-0.9030649,0.24184756,-0.35494152,-0.3360065,0.11694366,0.93457144,0.26753202,0.9632414,-0.024345398
1356024071547,-0.9301521,0.26847577,-0.25047502,-0.2379474,0.07878524,0.9680774,0.2796391,0.96005917,-0.009399176
1356024071587,-0.94720304,0.27270988,-0.16862899,-0.16130751,0.04921931,0.98567605,0.2771034,0.9608365,-0.0026305318
1356024071627,-0.9595768,0.2603106,-0.10700836,-0.10200177,0.03270763,0.99424636,0.26231283,0.9649708,-0.0048333406
1356024071667,-0.9690727,0.2381975,-0.064498916,-0.059253328,0.029124618,0.99781805,0.23955627,0.97077996,-0.01410985
1356024071707,-0.9765547,0.21112525,-0.042037837,-0.03507687,0.036609888,0.9987139,0.21239272,0.9767732,-0.028346002
1356024071747,-0.9825836,0.18063869,-0.043580122,-0.03448625,0.05318278,0.9979892,0.18259317,0.9821106,-0.046026945
