1356024354997,0.20101309,-0.09170845,-0.97528625,-0.9795805,-0.014776051,-0.20050871,0.0039774477,0.9956763,-0.09280595
1356024355038,0.48669338,0.07912028,0.8699825,0.8735639,-0.048607066,-0.48427638,0.0039711893,0.9956794,-0.09277338
1356024355077,0.48649663,0.07898289,0.870105,0.8736737,-0.048453882,-0.48409364,0.003924817,0.99569774,-0.092577934
1356024355117,0.4860498,0.07857874,0.87039125,0.87392294,-0.04798457,-0.4836899,0.0037576258,0.99575233,-0.09199464
1356024355158,0.48542422,0.077711135,0.87081826,0.87427235,-0.046977,-0.4831575,0.0033616722,0.99586856,-0.090744495
1356024355197,0.48474562,0.07615811,0.87133324,0.8746511,-0.04525374,-0.48263606,0.0026744902,0.99606824,-0.0885483
1356024355237,0.4840508,0.073782325,0.8719237,0.87503815,-0.042795822,-0.4821584,0.001739949,0.99635565,-0.08527768
1356024355276,0.48340064,0.07067403,0.87254167,0.875399,-0.039830074,-0.48175746,7.056296E-4,0.9967039,-0.08112189
1356024355318,0.4827721,0.06704962,0.8731755,0.875746,-0.0366316,-0.48138043,-2.9060245E-4,0.997077,-0.07640317
1356024355356,0.48261765,0.06344634,0.8735301,0.8758304,-0.033643693,-0.4814449,-0.0011571646,0.997418,-0.07180527
1356024355416,0.4827752,0.060183644,0.8736738,0.87574214,-0.030988917,-0.48178345,-0.0019212663,0.9977061,-0.067666024
1356024355438,0.48358428,0.057612002,0.87339973,0.87529385,-0.028845474,-0.48273027,-0.002617389,0.9979222,-0.06437662
1356024355477,0.48515415,0.055975646,0.87263525,0.87442255,-0.027334288,-0.48439455,-0.0032614768,0.99805796,-0.06220776
1356024355514,0.4871745,0.055256426,0.87155473,0.8732961,-0.026410028,-0.48647344,-0.003862977,0.9981228,-0.061121523
1356024355556,0.48890758,0.055161923,0.87058973,0.8723241,-0.025812387,-0.488246,-0.0044605434,0.9981437,-0.06073892
1356024355597,0.48950666,0.05529961,0.8702444,0.8719847,-0.025219634,-0.48888305,-0.0050878227,0.9981513,-0.06056562
1356024355637,0.4885797,0.05539453,0.87075907,0.87250006,-0.024393037,-0.4880048,-0.00579232,0.99816656,-0.060249656
1356024355676,0.4858404,0.055178106,0.87230414,0.87402225,-0.023074895,-0.48533776,-0.0066516995,0.99820995,-0.059437633
1356024355717,0.48120818,0.05440849,0.8749162,0.87657183,-0.021005481,-0.48081246,-0.0077822506,0.9982978,-0.05780098
1356024355756,0.4750183,0.053107947,0.87837183,0.8799273,-0.018168539,-0.4747609,-0.009254843,0.99842346,-0.05536151
1356024355797,0.4680916,0.05164796,0.88216937,0.88361114,-0.0148983,-0.46798444,-0.011027664,0.9985542,-0.052610517
1356024355837,0.46138692,0.05057949,0.885756,0.8871051,-0.011775672,-0.46141717,-0.012907833,0.99865055,-0.050302446
1356024355886,0.45554316,0.05031693,0.88879055,0.8900934,-0.009330392,-0.45568275,-0.014635801,0.9986898,-0.04903719
1356024355908,0.44992357,0.050618142,0.89163136,0.89292395,-0.00762558,-0.4501429,-0.015986145,0.99868894,-0.048629075
1356024355949,0.44554266,0.05181119,0.8937602,0.895103,-0.0070420206,-0.44580385,-0.016803771,0.9986321,-0.049513876
1356024355988,0.43945855,0.0534527,0.89667106,0.8980999,-0.007134676,-0.43973348,-0.017107457,0.9985448,-0.051141232
1356024356028,0.43039137,0.055226654,0.90095127,0.90248144,-0.0074834228,-0.4306636,-0.017041892,0.99844575,-0.053061843
1356024356068,0.41724393,0.057146817,0.906996,0.9086386,-0.0077412426,-0.41751176,-0.016838223,0.9983358,-0.055155784
1356024356109,0.39992645,0.059634864,0.9146051,0.91639507,-0.007836908,-0.4001981,-0.016698062,0.99818945,-0.057783246
1356024356149,0.38024837,0.06352347,0.9227004,0.9247339,-0.008111596,-0.38052794,-0.0166879,0.99794734,-0.061826766
1356024356189,0.36095592,0.06990376,0.92995924,0.93243206,-0.009119719,-0.3612302,-0.016770363,0.99751204,-0.068472296
1356024356228,0.3438739,0.079154134,0.9356737,0.93886423,-0.011077076,-0.34410936,-0.016873151,0.99680084,-0.078124106
1356024356269,0.3309817,0.09106666,0.9392327,0.9434872,-0.014192611,-0.33110493,-0.016822487,0.9957437,-0.090617776
1356024356308,0.3213748,0.1041899,0.9412029,0.94681466,-0.0184187,-0.32125202,-0.016135544,0.9943869,-0.104567856
1356024356348,0.31378338,0.11674383,0.9422903,0.9493904,-0.02386859,-0.31319055,-0.014071971,0.9928752,-0.118325025
1356024356388,0.30698982,0.12725028,0.9431673,0.9516597,-0.030578822,-0.30562833,-0.010050297,0.99139917,-0.13048634
1356024356428,0.30040476,0.13486388,0.9442292,0.9538026,-0.038104624,-0.29800808,-0.004211068,0.99013126,-0.14008039
1356024356468,0.29386798,0.13932484,0.94563746,0.95584136,-0.04591611,-0.29027393,0.0029776394,0.98918164,-0.14666572
1356024356508,0.28731528,0.14077601,0.9474344,0.95777404,-0.053479403,-0.2825045,0.0108983815,0.988596,-0.15019703
1356024356548,0.28035688,0.1395092,0.9497037,0.9596958,-0.060934722,-0.27435547,0.019594818,0.98834413,-0.1509699
1356024356588,0.27256116,0.13589427,0.95249313,0.96167016,-0.0693613,-0.2652913,0.030014575,0.98829234,-0.14959067
1356024356628,0.26362127,0.13038737,0.9557735,0.963636,-0.08048183,-0.2548105,0.04369837,0.9881912,-0.14686263
1356024356668,0.25347883,0.123530895,0.959421,0.9653636,-0.095686615,-0.24272868,0.061819255,0.9877167,-0.1435068
1356024356708,0.24233305,0.11587983,0.96324795,0.96658677,-0.11436278,-0.22941512,0.08357507,0.98665756,-0.13972184
1356024356748,0.23024261,0.10771409,0.9671536,0.9673811,-0.1332357,-0.215458,0.10565156,0.98521364,-0.13487709
1356024356788,0.21708179,0.09889227,0.9711312,0.96827394,-0.1479646,-0.20137557,0.12377855,0.98403597,-0.12787524
1356024356828,0.20315254,0.08915722,0.97507954,0.9698262,-0.15540266,-0.18784869,0.13478187,0.9838196,-0.11803746
1356024356887,0.1892542,0.0783034,0.978801,0.97225386,-0.15452453,-0.17562637,0.13749659,0.98488104,-0.1053752
1356024356908,0.17688513,0.06652239,0.98198086,0.9751835,-0.14681923,-0.16571471,0.13314992,0.98692393,-0.09084165
1356024356948,0.16667062,0.05387026,0.98453987,0.9782005,-0.1344766,-0.1582394,0.123873204,0.9894514,-0.07510921
1356024356988,0.159309,0.040656984,0.9863913,0.9808219,-0.120164305,-0.1534566,0.112289935,0.9919212,-0.05902055
1356024357028,0.15538192,0.02744329,0.98747325,0.9827217,-0.10606271,-0.15168664,0.100571305,0.99398065,-0.043449342
1356024357068,0.15443319,0.014343798,0.98789907,0.98384595,-0.09386289,-0.15243676,0.0905405,0.99548185,-0.028607666
1356024357108,0.1537511,3.4350157E-4,0.9881096,0.9843906,-0.086732596,-0.1531423,0.085648686,0.99623156,-0.013673365
1356024357148,0.14595422,-0.01688996,0.9891472,0.98484826,-0.09217408,-0.14689377,0.09365478,0.9955996,0.0031808615
1356024357188,0.120498,-0.03860867,0.99196255,0.9848517,-0.12086016,-0.12433827,0.12468925,0.99191844,0.023460388
1356024357228,0.07100755,-0.061410725,0.99558353,0.9800429,-0.18149263,-0.081094176,0.18567109,0.98147297,0.047297835
1356024357268,0.009850621,-0.07667193,0.9970077,0.96309114,-0.26748872,-0.030085951,0.26899505,0.9605057,0.071207166
1356024357307,-0.040936172,-0.079077184,0.9960276,0.9349311,-0.35468066,0.010266155,0.35245994,0.9316374,0.088451
1356024357348,-0.068799734,-0.07055047,0.99513274,0.9075799,-0.41857493,0.033071548,0.41420442,0.9054378,0.092828035
1356024357387,-0.0727669,-0.05549854,0.9958036,0.8935104,-0.44722432,0.040367067,0.44310734,0.8926983,0.082131684
1356024357427,-0.05571443,-0.037418544,0.9977454,0.89682144,-0.44111997,0.03353536,0.43887052,0.89666784,0.058134437
1356024357467,-0.02123344,-0.018337965,0.9996064,0.9123185,-0.4093092,0.011870414,0.40893033,0.9122114,0.025421083
1356024357507,0.030825496,4.3469667E-4,0.9995247,0.93131286,-0.36309838,-0.028563887,0.3629134,0.93175066,-0.011597514
1356024357546,0.09868711,0.01873669,0.9949421,0.9452356,-0.31434745,-0.08783701,0.31111175,0.94912314,-0.04873264
1356024357587,0.17086846,0.03795618,0.9845625,0.949878,-0.27184933,-0.15436888,0.2617934,0.961591,-0.08250424
1356024357627,0.22271195,0.060877055,0.9729817,0.94991255,-0.2379987,-0.20254058,0.21923831,0.96935576,-0.11083302
1356024357667,0.2260893,0.08929199,0.9700054,0.9563177,-0.20978147,-0.20358792,0.18531045,0.9736625,-0.13282084
1356024357707,0.17141432,0.120117426,0.9778491,0.97180176,-0.18374264,-0.14778358,0.16192117,0.9756077,-0.14822644
1356024357747,0.08486396,0.145746,0.98567545,0.984854,-0.16238266,-0.06078267,0.15119776,0.9759047,-0.15731895
1356024357787,0.0021571815,0.16251162,0.98670423,0.9880961,-0.15212455,0.022894919,0.15382263,0.97490925,-0.16090524
1356024357827,-0.059451282,0.17185599,0.98332655,0.984147,-0.15479952,0.08655512,0.16709349,0.9728837,-0.15992856
1356024357874,-0.10641962,0.17447996,0.978893,0.9766334,-0.16652423,0.13585564,0.18671352,0.97047734,-0.15268147
1356024357904,-0.13575,0.17339134,0.97545236,0.9705018,-0.17472935,0.16612008,0.19924396,0.9692291,-0.14455706
1356024357947,-0.16243905,0.16614449,0.9726302,0.9667014,-0.17074561,0.19061562,0.19774204,0.9712064,-0.13287634
1356024357987,-0.18465382,0.15304881,0.9708136,0.965056,-0.1586389,0.2085681,0.18592983,0.97540236,-0.11840737
1356024358027,-0.20340663,0.13549796,0.9696733,0.96442163,-0.14308769,0.22229946,0.1688694,0.9803909,-0.101572156
1356024358066,-0.21817166,0.11561084,0.9690383,0.9643434,-0.12688702,0.23225287,0.1498093,0.9851568,-0.08380544
1356024358107,-0.22862577,0.0954715,0.96882164,0.96487653,-0.11005384,0.23853996,0.12939635,0.9893297,-0.06695706
1356024358146,-0.23502809,0.07624254,0.9689938,0.96597743,-0.09237915,0.24156505,0.10793236,0.99280065,-0.051936865
1356024358187,-0.23971581,0.05750677,0.9691384,0.96682537,-0.07658243,0.24368793,0.08823264,0.99540347,-0.037240982
1356024358227,-0.24555713,0.038543552,0.96861553,0.9660926,-0.07251614,0.24780312,0.07979143,0.9966222,-0.019429803
1356024358266,-0.25312835,0.020327002,0.9672192,0.9625987,-0.09452838,0.25390574,0.09659082,0.9953146,0.0043610334
1356024358307,-0.25796914,0.0051862895,0.9661392,0.9547031,-0.15212834,0.25573224,0.14830348,0.9883471,0.034293056
1356024358346,-0.25153762,-0.006420821,0.9678262,0.94097054,-0.23564398,0.24299455,0.22650224,0.9718182,0.06531519
1356024358405,-0.22845477,-0.01724878,0.97340167,0.9239918,-0.31879413,0.21120936,0.3066717,0.94766694,0.08876786
1356024358427,-0.18313283,-0.031098902,0.98259616,0.912651,-0.37689674,0.15816796,0.3654184,0.9257331,0.09740454
1356024358467,-0.10268694,-0.05276078,0.9933135,0.91389614,-0.39928126,0.07326871,0.3927458,0.9153091,0.089218885
1356024358504,0.03951603,-0.089582205,0.99519527,0.91967213,-0.38616407,-0.07127771,0.3906938,0.91806996,0.06712657
1356024358547,0.29661041,-0.15224889,0.9427845,0.88234806,-0.3339889,-0.33153182,0.36535496,0.9301998,0.035271943
1356024358587,0.6724324,-0.23092644,0.70321226,0.66463244,-0.22972193,-0.7109791,0.32572722,0.9454632,-9.91255E-4
1356024358627,0.92902625,-0.25984594,0.2634204,0.24284771,-0.108935736,-0.9639284,0.27916878,0.9594858,-0.038101166
1356024358668,0.9697167,-0.23747794,-0.057041176,-0.07262947,-0.057410896,-0.9957053,0.23318326,0.9696949,-0.0729202
1356024358707,0.95817477,-0.21072336,-0.19364099,-0.21072336,-0.06166303,-0.975599,0.19364099,0.975599,-0.103488296
1356024358747,0.95946527,-0.18997347,-0.20817418,-0.22794276,-0.08870846,-0.9696251,0.16573624,0.9777734,-0.12841576
1356024358787,0.97746646,-0.17146558,-0.123121336,-0.14541471,-0.12415475,-0.98154986,0.15301593,0.9773357,-0.14629072
1356024358827,0.98665017,-0.148744,0.06630734,0.04143271,-0.16448957,-0.98550826,0.15749532,0.97509915,-0.15613079
1356024358883,0.9337983,-0.11413727,0.33910677,0.31139314,-0.2075463,-0.9273397,0.17622438,0.9715438,-0.15826482
1356024358908,0.80013376,-0.071885765,0.59549844,0.56497365,-0.2431435,-0.7884706,0.20147137,0.96732295,-0.15393376
1356024358948,0.6518317,-0.036076576,0.75750506,0.725196,-0.2625208,-0.6365325,0.22182477,0.9642517,-0.14495677
1356024358988,0.5447521,-0.012925118,0.8384975,0.806954,-0.26399666,-0.5283285,0.22818926,0.96443695,-0.13338274
1356024359028,0.48546955,-0.0012098551,0.87425274,0.8464176,-0.24968043,-0.4703583,0.21885282,0.9683276,-0.120188236
1356024359068,0.4654311,9.777546E-4,0.88508356,0.8623508,-0.22568977,-0.45322752,0.19931114,0.9741987,-0.105886206
1356024359108,0.4802249,-0.0042921007,0.87713486,0.8595066,-0.19723004,-0.47153863,0.17502123,0.98034775,-0.091025695
1356024359148,0.5338502,-0.014659792,0.84545195,0.8324075,-0.1666789,-0.52850354,0.14866677,0.9859022,-0.076778635
1356024359187,0.6330087,-0.027410716,0.7736592,0.7646297,-0.13406749,-0.63037074,0.12100151,0.99059296,-0.06390682
1356024359227,0.7718829,-0.03987494,0.634513,0.6288476,-0.098935366,-0.77120835,0.093527734,0.9942946,-0.051291227
1356024359267,0.9077308,-0.052024215,0.41631508,0.41302335,-0.06357825,-0.9084985,0.073732495,0.99661994,-0.036224723
1356024359307,0.97791034,-0.07102232,0.19658905,0.19488211,-0.030281512,-0.9803592,0.07558038,0.997015,-0.015771627
1356024359347,0.98994887,-0.112370655,0.08587242,0.0865556,0.0012061298,-0.9962463,0.11184528,0.99366564,0.010920316
1356024359387,0.9767818,-0.18397568,0.10977383,0.11530782,0.019623457,-0.99313587,0.18055873,0.98273486,0.04038167
1356024359427,0.93879044,-0.2694357,0.21465532,0.22414914,0.0045948327,-0.974544,0.26159066,0.9630074,0.06470737
1356024359467,0.89116126,-0.33490145,0.30605966,0.31346166,-0.033180274,-0.949021,0.32798368,0.94166875,0.0754098
1356024359507,0.8714226,-0.36507943,0.32762736,0.32945958,-0.059241235,-0.9423093,0.3634268,0.9290896,0.068654776
1356024359547,0.8878067,-0.36377922,0.28189364,0.2788557,-0.062059604,-0.95832574,0.36611316,0.9294156,0.046344966
1356024359587,0.92026275,-0.3383753,0.19651617,0.18912312,-0.05503773,-0.98040974,0.34256226,0.9394003,0.01334542
1356024359627,0.9488524,-0.29795566,0.10441008,0.092092544,-0.055124734,-0.9942235,0.30199006,0.9529867,-0.024865746
1356024359667,0.9671219,-0.25222316,0.032537833,0.015369244,-0.0697431,-0.9974466,0.25384843,0.96515256,-0.0635736
1356024359707,0.97809345,-0.20816442,-8.856356E-4,-0.021581285,-0.09716967,-0.99503386,0.20704459,0.97325516,-0.09953347
1356024359747,0.98553336,-0.16854641,0.017779566,-0.0046721697,-0.13188446,-0.9912541,0.16941717,0.97683096,-0.13076401
1356024359787,0.9862327,-0.1326045,0.09879805,0.07579441,-0.16851526,-0.9827806,0.14697011,0.9767387,-0.15614459
1356024359827,0.9633926,-0.096958496,0.24994743,0.22662568,-0.20357144,-0.95247024,0.14323223,0.9742473,-0.17414594
1356024359885,0.8903121,-0.0605361,0.45130897,0.42667806,-0.23523676,-0.87327516,0.15902911,0.97005105,-0.18360472
1356024359909,0.7617099,-0.026231498,0.64738697,0.61944425,-0.2634697,-0.7395083,0.1899653,0.964311,-0.1844385
1356024359948,0.61657,2.9745698E-4,0.7873,0.75402796,-0.28786194,-0.59040433,0.2264581,0.9576718,-0.17771134
1356024359988,0.49771678,0.017548174,0.86716205,0.82884586,-0.30416936,-0.46956944,0.2555241,0.95245624,-0.16593488
1356024360038,0.41583213,0.026324153,0.9090603,0.8704824,-0.30095366,-0.38947052,0.26333255,0.9532754,-0.1480609
1356024360074,0.3721573,0.027094722,0.92777413,0.8918124,-0.28746203,-0.34933692,0.25723463,0.9574087,-0.13114452
1356024360115,0.35533696,0.022306323,0.9344721,0.9033444,-0.2651109,-0.3371722,0.24021769,0.9639599,-0.114354
1356024360157,0.36677676,0.012389034,0.9302265,0.90473926,-0.23757064,-0.35356346,0.21661419,0.9712913,-0.09834425
1356024360196,0.41224334,-7.8612566E-4,0.91107345,0.89133775,-0.20666757,-0.40349165,0.18860653,0.97841096,-0.08449662
1356024360237,0.49958345,-0.015417278,0.86612856,0.85194993,-0.17227599,-0.49447173,0.1568366,0.9849281,-0.07293148
1356024360277,0.6308668,-0.031751335,0.7752412,0.76574755,-0.13555662,-0.62869316,0.1250509,0.99026066,-0.06120467
1356024360317,0.7769718,-0.05246353,0.6273455,0.6210149,-0.09952478,-0.7774544,0.10322446,0.99365103,-0.0447473
1356024360357,0.8816056,-0.085256785,0.46422282,0.4598703,-0.066266805,-0.8855101,0.1062583,0.9941529,-0.019214123
1356024360396,0.92113215,-0.13850206,0.36377567,0.36227775,-0.036783874,-0.93134403,0.14237416,0.98967874,0.016293406
1356024360437,0.9118518,-0.2114178,0.35189328,0.35595018,-0.019856237,-0.934294,0.20451364,0.9771941,0.057148248
1356024360477,0.8812363,-0.28362134,0.37812892,0.3885465,-0.020901226,-0.92119205,0.26917312,0.9587085,0.09178117
1356024360517,0.8590934,-0.3328058,0.38884273,0.40291613,-0.028740793,-0.9147855,0.31562158,0.94255733,0.10940179
1356024360557,0.86197084,-0.35080057,0.36598524,0.3797559,-0.03145325,-0.9245518,0.33584478,0.9359217,0.10610682
1356024360596,0.88311744,-0.34155107,0.32163092,0.3311066,-0.031939268,-0.9430527,0.3323733,0.9393204,0.08488369
1356024360637,0.9099927,-0.31250384,0.27249703,0.27451208,-0.038448006,-0.9608147,0.31073526,0.94913805,0.050798684
1356024360677,0.93273246,-0.27284625,0.23572244,0.22922076,-0.055948026,-0.97176516,0.2783307,0.96042943,0.010357499
1356024360717,0.94835114,-0.22954403,0.21895137,0.20511027,-0.08282092,-0.9752284,0.24199161,0.96976817,-0.031461477
1356024360757,0.9561997,-0.18698175,0.22521089,0.20638119,-0.11495635,-0.97169536,0.2075787,0.97561413,-0.07133171
1356024360796,0.9553027,-0.14802462,0.25590122,0.23446226,-0.147883,-0.96081114,0.18006714,0.9778646,-0.10656685
1356024360837,0.9433919,-0.11543286,0.31094515,0.28827566,-0.17829329,-0.94080204,0.16403893,0.97718304,-0.13492396
1356024360885,0.9163678,-0.091679394,0.38969848,0.36556613,-0.20517534,-0.90789014,0.16319135,0.9744219,-0.1545012
1356024360918,0.8720618,-0.07801235,0.48313797,0.4558472,-0.22973716,-0.8598978,0.17807738,0.9701211,-0.1647833
1356024360958,0.81332874,-0.07374677,0.5771116,0.5443764,-0.2535711,-0.7995975,0.20530654,0.9645015,-0.16609067
1356024360998,0.75132126,-0.07390797,0.655785,0.6169799,-0.27399284,-0.7377423,0.23420542,0.9588877,-0.16025689
1356024361037,0.69941705,-0.07417399,0.7108544,0.66842633,-0.28422666,-0.6873292,0.25302574,0.9558836,-0.14921314
1356024361077,0.665173,-0.07224637,0.74318594,0.7017346,-0.27965182,-0.65525824,0.25517333,0.9573794,-0.13531908
1356024361117,0.6490432,-0.06908634,0.75760806,0.72111773,-0.26137555,-0.64161676,0.24234712,0.9627616,-0.11982464
1356024361158,0.6490129,-0.06648275,0.757867,0.7281753,-0.23421152,-0.6441318,0.22032478,0.9699098,-0.10359522
1356024361196,0.6643889,-0.06473261,0.7445784,0.7217922,-0.20291013,-0.66169745,0.1939159,0.9770554,-0.08808774
1356024361237,0.6955087,-0.062196314,0.71582067,0.69940007,-0.16967879,-0.69429713,0.16464236,0.98353475,-0.07451296
1356024361277,0.74180645,-0.057991832,0.6681019,0.6571115,-0.13605441,-0.7414133,0.13389412,0.98900265,-0.06281894
1356024361317,0.79664224,-0.054203123,0.6020159,0.5951308,-0.10389088,-0.79688525,0.10573758,0.99311066,-0.050505936
1356024361357,0.8470893,-0.059573665,0.528101,0.52365464,-0.076017134,-0.8485324,0.09069489,0.99532527,-0.033197284
1356024361397,0.8780785,-0.08755931,0.47043753,0.46732685,-0.054447778,-0.88240635,0.102877185,0.99467015,-0.006890595
1356024361444,0.8645811,-0.16279078,0.4753933,0.4742841,-0.048155397,-0.8790539,0.16599458,0.9854848,0.035574824
1356024361474,0.8387269,-0.23931915,0.48914576,0.49233776,-0.050555408,-0.86893487,0.23268168,0.9696239,0.07542366
1356024361517,0.8013661,-0.30454767,0.5148428,0.5211086,-0.06715615,-0.8508442,0.29369748,0.9501267,0.10488576
1356024361557,0.7791697,-0.34118968,0.52581763,0.53175807,-0.08432366,-0.84268785,0.33185527,0.9362047,0.11572793
1356024361596,0.78561807,-0.34799355,0.5115709,0.5145782,-0.09158696,-0.85253805,0.34353095,0.93301255,0.10711753
1356024361637,0.8161938,-0.33110332,0.47349575,0.47212744,-0.09019217,-0.8769042,0.33305153,0.93927413,0.08270869
1356024361677,0.85515916,-0.29941192,0.42314926,0.4167417,-0.088345915,-0.9047217,0.30826798,0.950025,0.049227625
1356024361717,0.8915231,-0.25987202,0.37101606,0.35975403,-0.091498464,-0.92854995,0.2752516,0.9612983,0.011917025
1356024361757,0.9195325,-0.21793032,0.32705727,0.31191838,-0.10158998,-0.9446621,0.23909624,0.9706626,-0.025438815
1356024361796,0.9373113,-0.17783023,0.29970646,0.2820598,-0.11796495,-0.9521169,0.20467003,0.976965,-0.060411125
1356024361837,0.9446006,-0.14271075,0.295573,0.27655584,-0.13892698,-0.9509028,0.17676713,0.9799658,-0.09176302
1356024361885,0.9396117,-0.115208924,0.3222683,0.3022004,-0.16268378,-0.93925977,0.16063893,0.979929,-0.11804339
1356024361918,0.9191794,-0.09675318,0.38176972,0.3597985,-0.18793055,-0.91390765,0.16016968,0.9774052,-0.13793024
1356024361958,0.8797662,-0.086686715,0.46743643,0.4417228,-0.21445858,-0.87114197,0.17576219,0.97287863,-0.15038192
1356024361998,0.82325655,-0.08183648,0.56173974,0.5305255,-0.2411527,-0.8126427,0.20196886,0.96703064,-0.1551142
1356024362038,0.76045984,-0.078669965,0.6446021,0.6077186,-0.26362187,-0.74912053,0.2288645,0.9614127,-0.15266466
1356024362078,0.70644,-0.07404202,0.7038895,0.6640362,-0.27484512,-0.69535327,0.2449459,0.9586334,-0.144995
1356024362118,0.67014635,-0.06802991,0.7391047,0.7005706,-0.2709398,-0.66014576,0.24516253,0.96018934,-0.13390958
1356024362158,0.6522132,-0.06287941,0.7554232,0.72149146,-0.25419706,-0.6440761,0.2325255,0.96510625,-0.120423734
1356024362198,0.65078306,-0.06046495,0.75685227,0.72895503,-0.22907512,-0.6450963,0.21238175,0.971529,-0.10500199
1356024362238,0.66598845,-0.0609712,0.74346614,0.7216296,-0.19981886,-0.66281456,0.18897113,0.97793406,-0.089078434
1356024362278,0.6988822,-0.062411726,0.71250856,0.69628805,-0.16841593,-0.6977242,0.16354391,0.9837382,-0.07424638
1356024362317,0.74905396,-0.06283966,0.65952206,0.64828086,-0.13568167,-0.7492146,0.13656545,0.98875767,-0.060895145
1356024362357,0.80975986,-0.06326243,0.583341,0.5761082,-0.10286358,-0.8108751,0.11130248,0.9926817,-0.046848804
1356024362406,0.86516035,-0.07132307,0.4963977,0.49188575,-0.072158895,-0.8676644,0.09770396,0.9948397,-0.02734622
1356024362447,0.89184654,-0.10787219,0.43928733,0.4367829,-0.047117062,-0.8983322,0.117602974,0.99304765,0.0050955415
1356024362487,0.8952486,-0.16789432,0.41272444,0.41392887,-0.029430754,-0.90983343,0.16490263,0.9853656,0.043148458
1356024362527,0.87025183,-0.2414341,0.42938495,0.43560368,-0.029856645,-0.8996433,0.23002452,0.9699578,0.07918677
1356024362567,0.8343992,-0.30544633,0.45878148,0.467583,-0.048389792,-0.8826236,0.29179454,0.95097893,0.102445126
1356024362606,0.8132434,-0.34254628,0.47042245,0.47708404,-0.07041335,-0.8760324,0.33320564,0.9368586,0.106160164
1356024362647,0.81936735,-0.350495,0.4536412,0.45468882,-0.0845996,-0.8866234,0.34913495,0.9327358,0.090048015
1356024362687,0.84561694,-0.33546227,0.4152072,0.40909898,-0.09236629,-0.9078031,0.34288484,0.9375146,0.059130758
1356024362727,0.87776935,-0.3054402,0.36908963,0.3558451,-0.100163735,-0.9291618,0.32077274,0.9469285,0.020768732
1356024362767,0.9072958,-0.2663339,0.32539296,0.30628726,-0.11160767,-0.9453739,0.2881015,0.95739746,-0.01968649
1356024362806,0.9294822,-0.22342187,0.2935055,0.27051637,-0.12805867,-0.9541603,0.25076622,0.966273,-0.05858898
1356024362847,0.9427007,-0.1812281,0.28012818,0.25526187,-0.14888495,-0.9553401,0.21484132,0.9721058,-0.09409332
1356024362886,0.945116,-0.14430608,0.29314092,0.26769838,-0.17239803,-0.9479539,0.18733239,0.9743996,-0.124305636
1356024362925,0.9344858,-0.1161074,0.33653438,0.31060266,-0.19602191,-0.93010825,0.17396058,0.9737014,-0.14711642
1356024362967,0.9080114,-0.09924266,0.40702116,0.37909856,-0.218898,-0.89909285,0.17832446,0.9706877,-0.16113913
1356024363006,0.86439526,-0.09235658,0.49425805,0.46213585,-0.24139056,-0.8533236,0.19811927,0.9660232,-0.16597557
1356024363047,0.80994296,-0.09157191,0.5793159,0.54179054,-0.26147085,-0.79880905,0.2246227,0.9608576,-0.16216367
1356024363087,0.7583025,-0.09170276,0.64542073,0.6040935,-0.2733115,-0.7485799,0.24504775,0.9575445,-0.15185577
1356024363127,0.72109413,-0.090426266,0.6869107,0.64567065,-0.27184752,-0.7135884,0.25126213,0.9580825,-0.13764209
1356024363167,0.7020792,-0.088786244,0.7065422,0.66907144,-0.25741976,-0.69719326,0.24377912,0.9622121,-0.12132472
1356024363206,0.7004725,-0.0889577,0.7081136,0.67627513,-0.23426323,-0.6984073,0.22801371,0.9680947,-0.10393506
1356024363247,0.7158455,-0.09101516,0.6923016,0.66667986,-0.2057054,-0.7163961,0.20761307,0.9743724,-0.08657532
1356024363287,0.7493053,-0.092820615,0.65568733,0.6362144,-0.17386913,-0.75166535,0.1837738,0.9803846,-0.07122726
1356024363327,0.79857934,-0.09113406,0.5949502,0.58127993,-0.13967676,-0.80162585,0.15615615,0.98599434,-0.058568567
1356024363367,0.85563225,-0.08581914,0.51041996,0.5017594,-0.10445694,-0.858677,0.1270078,0.9908198,-0.046316177
1356024363407,0.90629613,-0.08340922,0.41433105,0.4093816,-0.070403725,-0.9096429,0.105043024,0.9940253,-0.029660432
1356024363447,0.93814015,-0.096971184,0.33239982,0.33022568,-0.038141515,-0.9431311,0.10413477,0.99455607,-0.003759713
1356024363487,0.94887745,-0.13532418,0.28516477,0.28681174,-0.007584635,-0.95795697,0.13179761,0.9907724,0.031615674
1356024363527,0.9422545,-0.19284508,0.2738015,0.28204477,0.01612461,-0.9592657,0.18057473,0.98109674,0.06958443
1356024363567,0.92705846,-0.24943909,0.27989775,0.2952936,0.025801063,-0.9550581,0.23100716,0.96804667,0.09757686
1356024363606,0.91555786,-0.2852834,0.28349108,0.3018152,0.021476924,-0.95312446,0.26582205,0.95820254,0.10576624
1356024363648,0.9155053,-0.2928229,0.2758712,0.29066533,0.007352628,-0.9567966,0.27814355,0.95613843,0.09184483
1356024363687,0.9243396,-0.27761158,0.26177874,0.2685878,-0.013929658,-0.96315444,0.27102932,0.9605924,0.06168735
1356024363727,0.9371587,-0.24705012,0.24637327,0.24392046,-0.040987432,-0.96892864,0.24947217,0.9681354,0.021848857
1356024363767,0.9492089,-0.20860028,0.23555952,0.22541326,-0.071495235,-0.97163635,0.21952501,0.9753842,-0.020842642
1356024363806,0.95793724,-0.16811208,0.23258251,0.21762095,-0.10278186,-0.9706065,0.18707594,0.9803949,-0.061873853
1356024363847,0.96203727,-0.1305908,0.23964632,0.22250804,-0.133151,-0.9657955,0.15803313,0.98245454,-0.09903872
1356024363886,0.9601649,-0.101491794,0.26035136,0.24235834,-0.16129625,-0.95668495,0.13908936,0.9816736,-0.13027361
1356024363927,0.95132357,-0.085206434,0.29618123,0.27682322,-0.18618971,-0.94271004,0.13547087,0.9788121,-0.15353954
1356024363967,0.9346263,-0.084336825,0.3454867,0.32255304,-0.20811757,-0.92338866,0.14977753,0.974461,-0.16730905
1356024364006,0.9104829,-0.096254304,0.40218908,0.37327164,-0.22735679,-0.8994316,0.17801459,0.9690428,-0.17107546
1356024364047,0.8822567,-0.114498645,0.45663235,0.4211366,-0.24154595,-0.87424225,0.21039727,0.9636107,-0.16488597
1356024364087,0.8565999,-0.13000439,0.49933496,0.46013147,-0.24544543,-0.85324997,0.23348573,0.9606536,-0.15042943
1356024364127,0.83902407,-0.13789156,0.5263313,0.48843852,-0.23531893,-0.84026957,0.23972178,0.9620868,-0.13008669
1356024364167,0.8308723,-0.13894638,0.53883684,0.5063317,-0.21289058,-0.835647,0.23082338,0.96714616,-0.10653192
1356024364206,0.8310513,-0.13627875,0.539242,0.5136977,-0.18362732,-0.83809054,0.2132335,0.9735036,-0.08259764
1356024364247,0.8388784,-0.13101435,0.5283165,0.5095825,-0.15214908,-0.84686273,0.19133402,0.97963566,-0.06087196
1356024364287,0.85434175,-0.12242654,0.50508606,0.49212041,-0.121880025,-0.86195284,0.16708583,0.9849655,-0.04387859
1356024364327,0.87610656,-0.109399244,0.46954128,0.46113396,-0.094048955,-0.88233227,0.14068636,0.9895386,-0.031949192
1356024364367,0.9003889,-0.09498763,0.42459047,0.41958916,-0.06856034,-0.90512115,0.11508542,0.99311465,-0.021875175
1356024364414,0.91938156,-0.0931679,0.38217443,0.3797185,-0.04350287,-0.9240787,0.10272013,0.9946996,-0.004618168
1356024364444,0.9340283,-0.10394405,0.34174073,0.34162456,-0.019476358,-0.9396347,0.104325294,0.9943924,0.017318368
1356024364487,0.93277717,-0.14389852,0.33048445,0.3341318,0.0012543239,-0.9425255,0.13521351,0.9895916,0.04925108
1356024364527,0.9197501,-0.19655183,0.33974573,0.34917185,0.01438117,-0.9369484,0.17927298,0.98038805,0.08185744
1356024364567,0.90360606,-0.23907551,0.35544196,0.3697522,0.016352832,-0.92898643,0.21628544,0.9708632,0.10317522
1356024364607,0.89389586,-0.2582973,0.3663778,0.38139328,0.008736692,-0.92437154,0.23556176,0.9660259,0.10632256
1356024364647,0.8948041,-0.2533695,0.36759964,0.37871993,-0.005257137,-0.9254964,0.23642507,0.9673553,0.09125197
1356024364686,0.9034049,-0.23156774,0.36088222,0.36568493,-0.02340275,-0.9304445,0.22390656,0.9725373,0.06353867
1356024364727,0.9159959,-0.19943544,0.3481049,0.34632435,-0.044908106,-0.93703926,0.2025116,0.97888136,0.027933717
1356024364767,0.9280884,-0.16366223,0.33446458,0.3273842,-0.06929076,-0.9423473,0.17740193,0.9840801,-0.010727525
1356024364807,0.9369233,-0.12916364,0.32479444,0.31416857,-0.09610546,-0.9444903,0.15320835,0.98695517,-0.049464285
1356024364847,0.94017875,-0.10032693,0.325574,0.31285042,-0.12405932,-0.9416655,0.1348649,0.9871898,-0.085250616
1356024364886,0.9360409,-0.08096738,0.34244964,0.32796478,-0.15198672,-0.9323836,0.12754044,0.98506063,-0.11571133
1356024364927,0.9225814,-0.072908804,0.37885085,0.3615923,-0.178976,-0.91499656,0.1345165,0.9811483,-0.13875666
1356024364967,0.89856154,-0.076626405,0.43210596,0.40979636,-0.20578605,-0.8886614,0.15701629,0.9755924,-0.15351021
1356024365007,0.86552787,-0.087938964,0.49308038,0.46363372,-0.23177505,-0.85517496,0.18948692,0.9687864,-0.15983629
1356024365047,0.8304571,-0.09982559,0.54806566,0.5117409,-0.25207213,-0.8213288,0.22014168,0.96254593,-0.15825024
1356024365087,0.8022964,-0.106794775,0.58729494,0.5476055,-0.25992182,-0.79534197,0.23758915,0.95970595,-0.15005293
1356024365127,0.78623503,-0.1079599,0.6084235,0.5702716,-0.2523985,-0.7817193,0.2379595,0.9615818,-0.13687807
1356024365167,0.78254396,-0.10631792,0.61345047,0.58034986,-0.23219965,-0.78056216,0.22543071,0.96684015,-0.12000486
1356024365207,0.79028004,-0.10450353,0.6037685,0.5772507,-0.20352228,-0.79079723,0.20552146,0.9734771,-0.10051486
1356024365247,0.80967784,-0.10267526,0.57782316,0.5579864,-0.17041685,-0.81216335,0.18185985,0.9800081,-0.08069134
1356024365287,0.8404926,-0.09841396,0.53281033,0.51916456,-0.135124,-0.8439252,0.15504949,0.9859291,-0.062477674
1356024365327,0.87991595,-0.090176895,0.46649334,0.45813805,-0.09918773,-0.88332963,0.12592635,0.9909742,-0.045963403
1356024365367,0.9196315,-0.08131747,0.3842727,0.37991202,-0.064239055,-0.92278934,0.09972419,0.9946159,-0.028182773
1356024365407,0.9490476,-0.082910284,0.30403042,0.3024795,-0.030971859,-0.9526526,0.08840107,0.99607563,-0.004315107
1356024365447,0.9623344,-0.107902266,0.24953905,0.25117657,0.0016407669,-0.96794,0.10403348,0.9941602,0.028681487
1356024365487,0.95979905,-0.15785094,0.23209688,0.23971982,0.030833516,-0.9703523,0.14601469,0.9869814,0.06743398
1356024365527,0.94550467,-0.21764773,0.24217844,0.2581799,0.04792392,-0.9649074,0.19840378,0.97485006,0.101504564
1356024365567,0.9285122,-0.26566634,0.25939614,0.28151414,0.048172385,-0.95834714,0.24210483,0.96286076,0.119517475
1356024365607,0.9189949,-0.2888162,0.26839092,0.29030377,0.03506604,-0.95629185,0.26678118,0.9567422,0.11606994
1356024365647,0.92037857,-0.28687972,0.26571304,0.2812131,0.013445534,-0.95955116,0.27170312,0.9578722,0.09304932
1356024365687,0.9291999,-0.26673856,0.2558088,0.26158652,-0.01427751,-0.9650744,0.26107487,0.9636632,0.05650854
1356024365727,0.9404832,-0.2358897,0.24463701,0.2405299,-0.046496127,-0.9695274,0.24007621,0.9706668,0.013009697
1356024365767,0.95054305,-0.20026167,0.23740919,0.22534518,-0.08136585,-0.9708754,0.21374615,0.97635794,-0.032213748
1356024365807,0.9570712,-0.16429257,0.23879412,0.22147933,-0.1169371,-0.9681284,0.18698019,0.97945577,-0.075529724
1356024365847,0.9583634,-0.13156539,0.25343683,0.23325118,-0.15129754,-0.96057427,0.16472268,0.97969365,-0.114310235
1356024365886,0.9522693,-0.105462655,0.28646263,0.26455683,-0.18304673,-0.9468388,0.15229216,0.9774311,-0.14640892
1356024365927,0.93608165,-0.087488376,0.34072983,0.31685108,-0.21110263,-0.9246843,0.15282811,0.97354066,-0.16988853
1356024365967,0.90755445,-0.078952014,0.41244575,0.3849551,-0.2360273,-0.8922447,0.16779295,0.96853375,-0.18381464
1356024366007,0.8666106,-0.07728018,0.49296442,0.46017826,-0.2582025,-0.84945124,0.19293037,0.9629949,-0.18819836
1356024366047,0.81917584,-0.078532144,0.5681405,0.53001684,-0.2748717,-0.80220175,0.21916439,0.9582683,-0.18354487
1356024366087,0.7755541,-0.078882635,0.62633324,0.58566296,-0.2804013,-0.7605091,0.2356156,0.95663613,-0.17126775
1356024366128,0.7441066,-0.07721946,0.66358316,0.62483096,-0.2710654,-0.7321952,0.23641416,0.95945853,-0.15345243
1356024366167,0.7275486,-0.07528451,0.681913,0.64853036,-0.24875572,-0.7193949,0.22378907,0.965636,-0.1321576
1356024366207,0.7255531,-0.07528436,0.68403584,0.6572315,-0.21886675,-0.72121024,0.20400853,0.97284615,-0.10932019
1356024366247,0.7385439,-0.07730448,0.66975886,0.64929295,-0.18599677,-0.7374442,0.18158074,0.97950464,-0.08717352
1356024366287,0.7680745,-0.079073966,0.63545966,0.6206351,-0.15248176,-0.76913035,0.15771414,0.98513794,-0.068041295
1356024366327,0.81361437,-0.07776345,0.5761809,0.5662372,-0.118903905,-0.8156208,0.13193564,0.9898559,-0.052709375
1356024366367,0.8686482,-0.073078066,0.49001014,0.48404434,-0.08563265,-0.87084335,0.1056004,0.9936431,-0.03901163
1356024366407,0.9193144,-0.070813045,0.3871001,0.38397205,-0.05400071,-0.92176425,0.08617662,0.99602675,-0.0224534
1356024366447,0.95177287,-0.08326037,0.29528987,0.29429203,-0.024294615,-0.9554067,0.08672147,0.9962316,0.0013799081
1356024366487,0.9623019,-0.12054157,0.24381295,0.24609172,0.004163269,-0.9692376,0.115818374,0.99269956,0.033670604
1356024366526,0.95464617,-0.1784493,0.23834121,0.24675745,0.026223604,-0.96872246,0.16661766,0.98359966,0.069067955
1356024366567,0.9355488,-0.23924339,0.25982895,0.275244,0.032841474,-0.9608133,0.22133507,0.970404,0.09657511
1356024366607,0.91873807,-0.28138456,0.27702543,0.29551414,0.024646558,-0.95502037,0.26190028,0.9592785,0.105796844
1356024366647,0.91596025,-0.29544303,0.2715331,0.28704968,0.009590082,-0.9578676,0.28039137,0.95531213,0.093590975
1356024366687,0.9267293,-0.28490725,0.24495023,0.25303355,-0.008689769,-0.9674185,0.2777531,0.9585157,0.06403804
1356024366726,0.9429736,-0.25854123,0.20965947,0.20881352,-0.031053398,-0.9774623,0.25922495,0.96550095,0.024704367
1356024366767,0.9588184,-0.22328852,0.17552653,0.166692,-0.05796993,-0.9843035,0.22995892,0.9730271,-0.018362224
1356024366807,0.97049344,-0.18555231,0.15398988,0.13957734,-0.08845988,-0.98625195,0.19662327,0.9786445,-0.05995083
1356024366846,0.97698593,-0.14968134,0.15196724,0.13461395,-0.11998871,-0.9836065,0.16546188,0.98142666,-0.097078085
1356024366889,0.9774375,-0.11837133,0.17494065,0.15654725,-0.15005913,-0.9762046,0.14180607,0.9815654,-0.12814271
1356024366928,0.968901,-0.09303214,0.22929427,0.21057658,-0.17665654,-0.96148324,0.12995517,0.979866,-0.15157232
1356024366968,0.94614285,-0.07561809,0.31479457,0.29492512,-0.19975477,-0.9344074,0.13353983,0.97692376,-0.16669488
1356024367008,0.9027965,-0.06507534,0.4251161,0.4023095,-0.22158605,-0.888283,0.1520051,0.972967,-0.17386669
1356024367047,0.83961535,-0.059344336,0.53992987,0.51245296,-0.24304864,-0.82360137,0.1801053,0.968197,-0.1736562
1356024367087,0.7686887,-0.055398613,0.6372195,0.6049696,-0.2604953,-0.75243205,0.20767634,0.9638844,-0.16672531
1356024367126,0.7063535,-0.051426023,0.7059887,0.6713252,-0.26760644,-0.69116515,0.22447102,0.9621549,-0.15450117
1356024367167,0.66219676,-0.0480372,0.74778867,0.71434605,-0.26089326,-0.6493416,0.22628558,0.96417177,-0.1384475
1356024367206,0.6384798,-0.047320098,0.7681825,0.7385278,-0.24324332,-0.6288159,0.21661088,0.9688103,-0.120358735
1356024367247,0.6356762,-0.050303906,0.7703151,0.74562764,-0.21837647,-0.6295643,0.19988823,0.9745672,-0.10130873
1356024367287,0.65748924,-0.056362063,0.7513529,0.73183477,-0.18944578,-0.6546206,0.17923641,0.98027223,-0.08331084
1356024367327,0.7077668,-0.06284276,0.70364547,0.689172,-0.157495,-0.7072745,0.15526775,0.98551816,-0.068160266
1356024367374,0.7887994,-0.06513345,0.61118996,0.60191745,-0.11949684,-0.78956693,0.124462485,0.9906958,-0.055054076
1356024367404,0.8949468,-0.06933312,0.44075292,0.43526775,-0.08139873,-0.8966138,0.09804179,0.99426717,-0.042669054
1356024367447,0.9601798,-0.076947264,0.26857746,0.265428,-0.04878038,-0.9628959,0.087193534,0.99584115,-0.026413977
1356024367487,0.98755383,-0.10118382,0.12041311,0.11936249,-0.016396523,-0.99271536,0.102421075,0.9947326,-0.004114896
1356024367526,0.98921573,-0.14433816,0.024874352,0.027898185,0.018963248,-0.9994309,0.14378431,0.98934674,0.022785515
1356024367566,0.9800851,-0.19648638,-0.02874814,-0.018643685,0.05308363,-0.99841595,0.19770122,0.9790685,0.04836324
1356024367607,0.96815675,-0.24026075,-0.07033644,-0.052626938,0.079354346,-0.9954563,0.24475059,0.9674594,0.064183265
1356024367647,0.9572822,-0.2635875,-0.11887953,-0.09701695,0.09450933,-0.9907854,0.27239388,0.9599946,0.06489965
1356024367687,0.94815403,-0.26638055,-0.17333588,-0.15278225,0.09620151,-0.98356646,0.27867815,0.9590551,0.050515626
1356024367726,0.94056576,-0.2560929,-0.22305262,-0.20836772,0.0834744,-0.9744819,0.26817706,0.96304125,0.025151666
1356024367767,0.9349415,-0.23873849,-0.26246595,-0.25599888,0.058282554,-0.9649185,0.24566036,0.9693333,-0.00662601
1356024367807,0.9320758,-0.2182837,-0.289114,-0.29079828,0.025098324,-0.95645505,0.21603483,0.9755625,-0.040082984
1356024367847,0.93257856,-0.19751862,-0.302132,-0.31041804,-0.011665255,-0.9505286,0.18422265,0.98022974,-0.0721921
1356024367886,0.9373988,-0.17966732,-0.29833394,-0.3113277,-0.048416615,-0.9490684,0.15607229,0.98253524,-0.1013211
1356024367927,0.94779557,-0.16807674,-0.27098665,-0.28729883,-0.08137214,-0.9543783,0.13835803,0.98240966,-0.1254124
1356024367966,0.96257585,-0.16576289,-0.21440706,-0.23390894,-0.1085906,-0.9661753,0.13687342,0.9801688,-0.14330012
1356024368007,0.9775861,-0.17278293,-0.12029752,-0.14405972,-0.13228467,-0.98068726,0.1535325,0.9760363,-0.15421072
1356024368047,0.98270255,-0.18493031,0.009819165,-0.019670695,-0.15695634,-0.98740965,0.18414314,0.9701368,-0.15787911
1356024368087,0.96862936,-0.19346334,0.15597787,0.12041189,-0.18367809,-0.97558355,0.21738937,0.9637605,-0.1546207
1356024368126,0.9388808,-0.19093768,0.28643608,0.24707471,-0.20562136,-0.9469287,0.23970175,0.95982426,-0.14587808
1356024368167,0.90741074,-0.17719495,0.38106132,0.34245372,-0.21378833,-0.91488796,0.24358,0.96067506,-0.13331276
1356024368207,0.8836335,-0.15810633,0.44067487,0.4068066,-0.20659938,-0.8898456,0.23173335,0.96556675,-0.11823943
1356024368247,0.8704325,-0.13940284,0.4721378,0.44495806,-0.18753576,-0.8756956,0.21061717,0.97231543,-0.101208806
1356024368287,0.8691083,-0.12323719,0.47902328,0.45875055,-0.16125053,-0.87381136,0.18492882,0.9791889,-0.083609045
1356024368326,0.8809799,-0.10827172,0.46059936,0.44656903,-0.13144162,-0.88504195,0.15636694,0.9853935,-0.06744662
1356024368367,0.9046085,-0.09219222,0.41615397,0.4073596,-0.10039571,-0.90773284,0.12546597,0.9906671,-0.053263426
1356024368407,0.93254113,-0.0774636,0.3526561,0.34769148,-0.07068917,-0.93494046,0.09735283,0.994486,-0.03898713
1356024368447,0.95322764,-0.073836654,0.29309592,0.2904923,-0.04406959,-0.9558619,0.083494276,0.99629617,-0.02055937
1356024368487,0.9591348,-0.09439497,0.26673937,0.2659517,-0.021062348,-0.9637562,0.096591905,0.995312,0.0049028695
1356024368526,0.9476291,-0.14212005,0.28600875,0.28814143,-0.005785946,-0.9575704,0.13774478,0.98983246,0.035467744
1356024368567,0.9190815,-0.20365687,0.3373619,0.34331423,-0.0064618587,-0.9391983,0.19345418,0.9790209,0.06397933
1356024368607,0.884827,-0.2550155,0.38993365,0.39758044,-0.023085661,-0.91727686,0.2429217,0.96666133,0.08096236
1356024368648,0.86158544,-0.28089222,0.42281213,0.4280086,-0.045816913,-0.90261257,0.27290878,0.9586451,0.080749094
1356024368687,0.8565622,-0.27991188,0.43353263,0.4330539,-0.06699902,-0.89887446,0.2806519,0.95768493,0.06382811
1356024368727,0.8649555,-0.25834057,0.43024662,0.42298666,-0.086067244,-0.9020391,0.2700635,0.96221226,0.034830302
1356024368767,0.8785205,-0.22339168,0.4222535,0.4089981,-0.10497286,-0.90647745,0.24682462,0.9690598,-8.540442E-4
1356024368807,0.8899241,-0.18167152,0.41836643,0.40111303,-0.12492323,-0.90747035,0.21712522,0.975392,-0.03830138
1356024368847,0.89495176,-0.1382834,0.42419228,0.40526292,-0.14570627,-0.9025141,0.18661019,0.9796159,-0.07435894
1356024368888,0.8901731,-0.0977817,0.4450063,0.42619485,-0.16661891,-0.88915473,0.16108952,0.98116106,-0.106645614
