1356340896681,0.70423937,0.4248029,0.5688491,0.492144,0.2853925,-0.8224021,-0.5117041,0.8591237,-0.008079559
1356340896718,-0.06974852,-0.03219834,0.9970448,0.85632825,0.5107495,0.0763987,-0.51170003,0.8591263,-0.008051693
1356340896760,-0.070871055,-0.033110946,0.9969357,0.8562541,0.5106576,0.07783046,-0.5116699,0.85914636,-0.007839441
1356340896799,-0.07417181,-0.03588429,0.99659973,0.8560388,0.51035225,0.08208668,-0.51156265,0.85921645,-0.007135451
1356340896839,-0.07948071,-0.0405443,0.9960115,0.8557035,0.5097493,0.0890345,-0.51132596,0.8593671,-0.0058212876
1356340896880,-0.08598891,-0.046447515,0.99521285,0.85534495,0.50877273,0.09764886,-0.5108728,0.859647,-0.0040201545
1356340896919,-0.096372336,-0.054623574,0.99384534,0.8546684,0.50722325,0.11075443,-0.51015127,0.8600819,-0.002197206
1356340896960,-0.10473919,-0.061214358,0.992614,0.85424745,0.50551385,0.12131393,-0.50920624,0.8606443,-6.5487623E-4
1356340897001,-0.095725685,-0.057153195,0.9937656,0.85588217,0.5050111,0.111487955,-0.5082345,0.86121845,5.738735E-4
1356340897041,-0.09079072,-0.055144846,0.9943421,0.85689324,0.50443256,0.106215775,-0.5074358,0.8616884,0.0014554262
1356340897078,-0.090557665,-0.055455565,0.994346,0.85718143,0.5039519,0.10617158,-0.50699043,0.86194956,0.0018987656
1356340897119,-0.09148604,-0.055800676,0.9942418,0.85706556,0.5039427,0.1071468,-0.5070198,0.86193275,0.0017210841
1356340897161,-0.09197825,-0.05508229,0.99423635,0.8567339,0.5044933,0.10720745,-0.5074909,0.8616568,7.8845024E-4
1356340897201,-0.09124309,-0.05296591,0.9944191,0.8563918,0.50543344,0.10549936,-0.5082005,0.8612385,-7.5775385E-4
1356340897241,-0.09007174,-0.05033207,0.99466264,0.85609853,0.50641423,0.10314971,-0.508903,0.8608201,-0.002524376
1356340897281,-0.093075484,-0.050682217,0.99436826,0.8555225,0.5068176,0.105911255,-0.50933105,0.8605622,-0.003812492
1356340897318,-0.10364872,-0.056595415,0.9930025,0.8542868,0.5062262,0.11802167,-0.50936335,0.8605417,-0.0041210055
1356340897358,-0.12490901,-0.0702793,0.989676,0.8517136,0.50403583,0.14328933,-0.50890243,0.8608186,-0.0031008124
1356340897399,-0.15466839,-0.0900712,0.9838521,0.8473644,0.49993944,0.1789808,-0.50798744,0.8613639,-0.001001656
1356340897439,-0.18813133,-0.11259654,0.9756683,0.84136236,0.49400532,0.21924445,-0.50667155,0.8621373,0.0017966032
1356340897480,-0.21861044,-0.13335249,0.9666574,0.8348943,0.48723856,0.2560277,-0.5051347,0.8630271,0.0048198104
1356340897520,-0.24213934,-0.14984676,0.95860016,0.82944083,0.48062962,0.28464532,-0.5033848,0.86402607,0.007909715
1356340897599,-0.2503775,-0.15677345,0.9553708,0.8281365,0.47648093,0.29522184,-0.50149894,0.8650943,0.010529697
1356340897614,-0.23630089,-0.14979756,0.9600638,0.8332388,0.47705537,0.27951977,-0.49987495,0.86601317,0.012088537
1356340897650,-0.20878997,-0.13391885,0.96874785,0.84134805,0.48037383,0.24773854,-0.498538,0.8667795,0.012375116
1356340897691,-0.17556578,-0.11369401,0.9778805,0.8495325,0.48443568,0.20884582,-0.49746475,0.86740744,0.011536419
1356340897730,-0.15285903,-0.09870258,0.98330665,0.854422,0.4867788,0.18168542,-0.4965856,0.867931,0.009925127
1356340897771,-0.1614052,-0.1012457,0.9816811,0.8532912,0.48544455,0.19036204,-0.49582508,0.86838526,0.008038759
1356340897810,-0.21182021,-0.12766847,0.9689339,0.8426056,0.47842202,0.24724114,-0.49512416,0.8687998,0.0062347054
1356340897850,-0.30302083,-0.17751884,0.9363041,0.8146663,0.46152687,0.35115787,-0.49446663,0.86918354,0.004766345
1356340897890,-0.41276616,-0.23818392,0.879143,0.76534754,0.43260777,0.47654337,-0.4938291,0.869551,0.0037276149
1356340897931,-0.515514,-0.29506773,0.80447525,0.70075446,0.39513677,0.5939783,-0.4931416,0.86994374,0.003071487
1356340897971,-0.59560204,-0.33908337,0.7282037,0.63473994,0.35692137,0.6853556,-0.49230418,0.8704192,0.0026467443
1356340898011,-0.650893,-0.36880112,0.66356915,0.5788269,0.32448208,0.7481115,-0.49122065,0.87103224,0.0022689104
1356340898050,-0.6869448,-0.38730368,0.61490047,0.53674483,0.300018,0.78860265,-0.4899099,0.87177116,0.0017875433
1356340898090,-0.7087005,-0.39730448,0.5830031,0.50920266,0.28391278,0.8124691,-0.4883197,0.8726641,0.0010994077
1356340898131,-0.72050214,-0.40129653,0.5655419,0.4942197,0.2749266,0.8247195,-0.48643962,0.87371415,2.4348497E-4
1356340898171,-0.7250385,-0.40088573,0.5600087,0.4897246,0.27162462,0.82848644,-0.4842406,0.8749347,-6.147027E-4
1356340898211,-0.72416234,-0.39761707,0.5634621,0.49324515,0.27239686,0.82614106,-0.4819731,0.87618524,-0.0011368394
1356340898252,-0.71997803,-0.39339876,0.5717247,0.5013196,0.27486038,0.8204453,-0.47990662,0.87731934,-6.749034E-4
1356340898291,-0.7137386,-0.3900928,0.5817256,0.5113364,0.27738428,0.8133837,-0.47865665,0.87800086,0.0014887452
1356340898332,-0.7101044,-0.3919777,0.5848977,0.5160232,0.27544487,0.8110797,-0.47903222,0.87777203,0.0066749454
1356340898370,-0.7121661,-0.40186268,0.5756091,0.51063466,0.2661276,0.8175747,-0.4817382,0.87617487,0.015677929
1356340898411,-0.7221445,-0.42087287,0.5489747,0.4911722,0.2468465,0.8353542,-0.4870904,0.8728876,0.028462231
1356340898449,-0.7388933,-0.44682658,0.5043636,0.4573624,0.21710259,0.8623723,-0.49482954,0.8678781,0.043946087
1356340898481,-0.75437814,-0.47101143,0.45723283,0.42194906,0.18564945,0.8874082,-0.5028644,0.8623703,0.058692932
1356340898521,-0.7736752,-0.49724495,0.39265004,0.37253523,0.14426535,0.91673607,-0.5124881,0.855532,0.073626816
1356340898561,-0.78958386,-0.51892054,0.32753444,0.32281223,0.102678955,0.9408769,-0.5218712,0.84863335,0.086440206
1356340898604,-0.80120057,-0.5346448,0.26876098,0.27759343,0.06580782,0.95844203,-0.5301126,0.84251064,0.09568864
1356340898649,-0.8084272,-0.54419875,0.22426105,0.24283075,0.038707078,0.9692961,-0.53617024,0.8380629,0.100856364
1356340898677,-0.81209487,-0.54886323,0.19811895,0.22108485,0.02480048,0.97493917,-0.54002166,0.83554417,0.10120499
1356340898715,-0.8139234,-0.5508314,0.18469843,0.20770387,0.021011353,0.97796607,-0.54257524,0.834352,0.0973081
1356340898756,-0.81551975,-0.5523166,0.1728402,0.19387998,0.020658493,0.98080766,-0.545287,0.8333783,0.09023577
1356340898799,-0.81863254,-0.55567956,0.14512388,0.16581425,0.013247013,0.986068,-0.54986024,0.83129096,0.08129519
1356340898839,-0.82282543,-0.5616577,0.08659688,0.112345204,-0.011390388,0.993604,-0.55707896,0.8272913,0.0724718
1356340898880,-0.8228754,-0.5680189,-0.015190929,0.024315476,-0.061909735,0.99778557,-0.5677016,0.8206837,0.06475562
1356340898919,-0.8119814,-0.569201,-0.12921529,-0.07174271,-0.122373104,0.9898878,-0.57925755,0.8130407,0.058528602
1356340898960,-0.79386383,-0.56616783,-0.2218878,-0.1490368,-0.17260969,0.9736498,-0.5895492,0.80601484,0.052648842
1356340898998,-0.7820848,-0.5655995,-0.26161134,-0.18388133,-0.19166195,0.9640816,-0.595425,0.80209905,0.045892715
1356340899040,-0.7857206,-0.57095385,-0.23802328,-0.1701737,-0.17043042,0.970564,-0.5947136,0.80309737,0.036749244
1356340899079,-0.80094,-0.57835835,-0.15490876,-0.11040884,-0.111620665,0.9875984,-0.58847684,0.80811036,0.025545657
1356340899120,-0.81576407,-0.5778331,-0.025254399,-0.013551712,-0.024556339,0.9996066,-0.578226,0.8157854,0.012201607
1356340899160,-0.8175742,-0.56052554,0.13184652,0.10671896,0.07750583,0.99126375,-0.5658475,0.8245022,-0.0035480857
1356340899200,-0.80204195,-0.5275047,0.2801205,0.22230628,0.17164987,0.95974797,-0.55435425,0.8320307,-0.02040279
1356340899239,-0.77842206,-0.4885484,0.39418226,0.3108226,0.24559146,0.9181907,-0.54538834,0.8372606,-0.0393219
1356340899280,-0.7555031,-0.45201486,0.47423375,0.3710255,0.3013916,0.8783526,-0.5399585,0.8395509,-0.059993327
1356340899320,-0.73826516,-0.42152578,0.5265743,0.40549582,0.3464936,0.8458814,-0.5390155,0.83800846,-0.08487725
1356340899358,-0.726798,-0.39628157,0.56100404,0.42135772,0.38778502,0.81980515,-0.54242265,0.83221614,-0.114865065
1356340899400,-0.7195291,-0.37408504,0.5850969,0.42234918,0.43308008,0.7962806,-0.5512704,0.8200623,-0.15361923
1356340899438,-0.7150792,-0.35310543,0.6033061,0.41124606,0.48539978,0.77153337,-0.5652773,0.7998147,-0.201886
1356340899480,-0.7121028,-0.3316625,0.61879677,0.39230588,0.5429708,0.7424815,-0.58224183,0.77148086,-0.25653785
1356340899518,-0.7089609,-0.30716765,0.6348405,0.37401968,0.5993886,0.7077024,-0.59789944,0.73917615,-0.31005633
1356340899558,-0.70383155,-0.27694207,0.6541592,0.36772716,0.64584696,0.66907287,-0.6077812,0.71146667,-0.35272837
1356340899601,-0.699656,-0.25099793,0.66894054,0.37144938,0.6720042,0.6406526,-0.6103333,0.696714,-0.37693882
1356340899637,-0.70880735,-0.2607126,0.65545493,0.35759047,0.66815054,0.6524599,-0.60804707,0.69685274,-0.38036174
1356340899680,-0.7304157,-0.3092991,0.6089557,0.32072574,0.6318476,0.7056229,-0.6030157,0.71070576,-0.36231124
1356340899718,-0.7472428,-0.35787022,0.5599618,0.29412764,0.5774911,0.7615727,-0.5959171,0.7337799,-0.3262666
1356340899759,-0.754666,-0.38909057,0.5282875,0.29352638,0.51989543,0.8022163,-0.5867891,0.7604717,-0.27813905
1356340899799,-0.75591266,-0.4098208,0.5105321,0.30982542,0.46303016,0.83042836,-0.5767186,0.78590715,-0.22303754
1356340899839,-0.7532975,-0.42757016,0.49972644,0.33193845,0.40878057,0.8501267,-0.5677672,0.80627674,-0.16600639
1356340899880,-0.7482882,-0.446126,0.49095458,0.35317186,0.35857028,0.8641164,-0.5615465,0.8199994,-0.11075473
1356340899919,-0.74045116,-0.46242648,0.48774365,0.37463135,0.3185386,0.8707379,-0.5580175,0.8274629,-0.062622786
1356340899960,-0.73180664,-0.47833174,0.4854459,0.3915348,0.28793603,0.8739527,-0.55781674,0.8296334,-0.02342993
1356340899998,-0.72250605,-0.49323326,0.4844646,0.40388596,0.2676124,0.87479126,-0.56112486,0.8277104,0.005858481
1356340900038,-0.7150966,-0.51079595,0.4772048,0.40536675,0.25314093,0.8784063,-0.5694864,0.8215883,0.026039481
1356340900078,-0.7106482,-0.5323824,0.45994368,0.39404267,0.24040526,0.88709396,-0.58284616,0.81164914,0.038937747
1356340900118,-0.70893556,-0.55597085,0.43394354,0.37270927,0.22701591,0.8997509,-0.5987474,0.79960006,0.046275735
1356340900158,-0.70756114,-0.5742882,0.41176486,0.35303396,0.21749449,0.90997976,-0.6121472,0.78923327,0.048852563
1356340900200,-0.7029892,-0.5781192,0.4142273,0.35198987,0.2232768,0.90898323,-0.61798805,0.78480923,0.04653102
1356340900238,-0.6909052,-0.5615499,0.4553149,0.3808673,0.25258875,0.88945997,-0.6144836,0.78794706,0.03936112
1356340900279,-0.666973,-0.5242937,0.5293989,0.43673062,0.30056947,0.84789413,-0.60366666,0.7967271,0.028503358
1356340900320,-0.6301266,-0.47003758,0.6180656,0.5068425,0.35404104,0.7859806,-0.588261,0.80852926,0.015144408
1356340900358,-0.59077734,-0.4140054,0.6925184,0.5684633,0.39551747,0.72139823,-0.57256585,0.819857,0.0016841292
1356340900400,-0.55753857,-0.36244363,0.7468503,0.61549866,0.42321694,0.6648676,-0.5570567,0.83037466,-0.012876213
1356340900439,-0.5383788,-0.32139897,0.7790064,0.64444244,0.43861955,0.626344,-0.54299384,0.8392351,-0.02902031
1356340900479,-0.5289918,-0.2841955,0.7996253,0.6616216,0.45195532,0.5983254,-0.5314363,0.84555864,-0.051050782
1356340900518,-0.52818227,-0.24837385,0.81199384,0.66702414,0.47038835,0.577766,-0.5254544,0.84678525,-0.08277947
1356340900593,-0.5275464,-0.20222673,0.82510555,0.66114116,0.51217425,0.5482425,-0.5334672,0.8347346,-0.13649523
1356340900605,-0.53546965,-0.16191556,0.8288881,0.64120615,0.5608156,0.52377534,-0.54966074,0.811954,-0.19647849
1356340900638,-0.54350233,-0.12764241,0.82964617,0.6197944,0.60552835,0.49918967,-0.5660921,0.78552073,-0.24999404
1356340900680,-0.55434465,-0.111253396,0.824818,0.5950827,0.6398721,0.4862513,-0.5818751,0.7603857,-0.28850466
1356340900718,-0.56706375,-0.11615357,0.8154429,0.5718143,0.65705144,0.49123496,-0.59284663,0.7448434,-0.30617183
1356340900759,-0.583362,-0.14768356,0.79867285,0.548787,0.6532461,0.52163434,-0.59876674,0.74260294,-0.30003208
1356340900798,-0.59349024,-0.18729535,0.78274506,0.53580093,0.63376904,0.55790156,-0.60057193,0.7505047,-0.2757827
1356340900839,-0.59313715,-0.22470349,0.7731084,0.53785807,0.60394204,0.58818597,-0.59908015,0.7646976,-0.23736191
1356340900918,-0.54321617,-0.2589557,0.79866016,0.5902889,0.55866086,0.5826294,-0.5970553,0.787934,-0.15061492
1356340900958,-0.5120803,-0.299222,0.8051336,0.6164661,0.5246937,0.58708274,-0.5981165,0.79697096,-0.08422512
1356340900998,-0.4670958,-0.31978893,0.82435215,0.64316326,0.51689106,0.56494653,-0.60676384,0.79407716,-0.035761118
1356340901039,-0.41675708,-0.32935852,0.84725237,0.66237295,0.5283017,0.5311868,-0.62255573,0.78257287,-0.0020152926
1356340901078,-0.36664498,-0.330235,0.86977947,0.67363536,0.5505955,0.49301112,-0.6417062,0.7666743,0.02058494
1356340901120,-0.32246578,-0.32566229,0.88879687,0.6769749,0.5769315,0.45700663,-0.6616047,0.7490621,0.034424543
1356340901158,-0.28716385,-0.31706235,0.9038851,0.6766099,0.6008088,0.4257087,-0.67803836,0.73382574,0.041996896
1356340901198,-0.26248923,-0.30416405,0.91574216,0.67675006,0.61845434,0.3994041,-0.687829,0.72456783,0.04350543
1356340901240,-0.2496008,-0.2851964,0.9253986,0.68224907,0.6263865,0.3770625,-0.6871941,0.7254674,0.038228333
1356340901278,-0.2505365,-0.26517314,0.93108255,0.69228214,0.6232276,0.36377567,-0.6767399,0.7357109,0.027433336
1356340901319,-0.2612196,-0.24046072,0.9348491,0.70818794,0.61035275,0.35487917,-0.65592223,0.7547504,0.010855317
1356340901358,-0.28446394,-0.22061425,0.9329575,0.7230334,0.5896609,0.3598927,-0.62952596,0.77693594,-0.008225739
1356340901400,-0.31609482,-0.20582241,0.92613244,0.73390836,0.5655688,0.37617877,-0.6012176,0.7986045,-0.027718604
1356340901460,-0.3518681,-0.19653904,0.9151838,0.7384544,0.54253185,0.40043017,-0.57521653,0.81672,-0.045764506
1356340901479,-0.3820119,-0.18482935,0.9054861,0.7407131,0.5246759,0.41959423,-0.5526401,0.8309954,-0.06352693
1356340901519,-0.40000892,-0.16458791,0.90161175,0.74426687,0.515746,0.42435,-0.53484553,0.8407835,-0.08380568
1356340901569,-0.4017444,-0.12710854,0.9068874,0.74896145,0.52423346,0.40526044,-0.52693284,0.8420348,-0.11540848
1356340901609,-0.38712606,-0.07125756,0.9192692,0.7525282,0.5516689,0.35967034,-0.53276145,0.83101374,-0.15994203
1356340901651,-0.37062636,-0.0075790286,0.9287511,0.7473344,0.59131074,0.3030558,-0.55147743,0.80640817,-0.21349126
1356340901690,-0.3619637,0.051048696,0.9307934,0.73185766,0.6340103,0.24983042,-0.5773791,0.77163786,-0.2668491
1356340901729,-0.3633319,0.08874497,0.9274235,0.71390224,0.6661179,0.21594113,-0.5986097,0.74054796,-0.30537713
1356340901769,-0.36916384,0.09888187,0.924089,0.7002616,0.6833291,0.20662773,-0.61102515,0.72338355,-0.32150352
1356340901810,-0.37150502,0.08354476,0.92466444,0.6953734,0.6849461,0.21749625,-0.6151747,0.723788,-0.31255573
1356340901848,-0.366557,0.05613914,0.9287004,0.699481,0.6748064,0.23529285,-0.61348385,0.7358565,-0.2866233
1356340901889,-0.3531152,0.023023576,0.9352965,0.71255314,0.65444994,0.2529097,-0.6062818,0.7557547,-0.24750173
1356340901928,-0.3322814,-0.0100569725,0.9431267,0.73178834,0.62810403,0.26452065,-0.595042,0.77806437,-0.20134771
1356340901969,-0.30654797,-0.040983558,0.9509724,0.75309145,0.60056984,0.26864308,-0.58213526,0.7985212,-0.15323907
1356340902008,-0.2793273,-0.0690878,0.9577072,0.7724805,0.5762402,0.26687285,-0.5703071,0.814355,-0.107590616
1356340902049,-0.2549587,-0.09459245,0.962314,0.786455,0.5587207,0.2632865,-0.5625696,0.82394385,-0.068057954
1356340902089,-0.23804566,-0.11992824,0.9638213,0.79154557,0.5511098,0.26407135,-0.56284094,0.82576954,-0.036260664
1356340902128,-0.23432392,-0.14923537,0.9606357,0.78587145,0.55260855,0.27754247,-0.5722746,0.8199711,-0.012209535
1356340902170,-0.24836439,-0.1874257,0.9503614,0.7679534,0.5598734,0.31111002,-0.590392,0.80710185,0.0048816204
1356340902209,-0.29055607,-0.24085593,0.9260484,0.7390572,0.5582205,0.3770734,-0.6077596,0.7939637,0.01581192
1356340902250,-0.36102408,-0.30591083,0.88095415,0.69868064,0.5369551,0.4727839,-0.61766255,0.78619194,0.019880235
1356340902290,-0.45953992,-0.37789702,0.8037518,0.6385567,0.4884124,0.59472567,-0.6173074,0.7865413,0.016863644
1356340902328,-0.56904227,-0.44765848,0.68977743,0.5504313,0.41582918,0.72395545,-0.6109144,0.7916363,0.009780824
1356340902369,-0.65913427,-0.49628818,0.56501323,0.45173204,0.33937937,0.82508165,-0.6012321,0.79907423,4.927516E-4
1356340902408,-0.7193011,-0.5224317,0.45789865,0.36482918,0.276846,0.88896346,-0.5911901,0.8064871,-0.008537352
1356340902453,-0.7537033,-0.5289074,0.39011326,0.30807263,0.24000376,0.92059195,-0.5805365,0.81403637,-0.0179497
1356340902498,-0.77209294,-0.52033734,0.3648584,0.28350493,0.23181123,0.9305313,-0.56876844,0.8218958,-0.031461656
1356340902548,-0.78197557,-0.49880552,0.37377417,0.2795744,0.25527465,0.92556626,-0.55709267,0.828268,-0.060165226
1356340902598,-0.7849788,-0.46785474,0.40610355,0.28621763,0.30748594,0.9074865,-0.549443,0.82859176,-0.10746163
1356340902630,-0.78229654,-0.42721167,0.45332357,0.29709914,0.38374394,0.87434125,-0.5474889,0.81867623,-0.17327732
1356340902672,-0.7696592,-0.36764756,0.5219768,0.32507554,0.4779936,0.8159951,-0.5495002,0.7977201,-0.24837893
1356340902710,-0.72963107,-0.266465,0.6297895,0.4065259,0.57154304,0.71279395,-0.54988647,0.7761024,-0.3086906
1356340902751,-0.6310632,-0.10978232,0.76792383,0.549471,0.6355207,0.54239744,-0.54757714,0.764239,-0.34073156
1356340902791,-0.43727154,0.08759275,0.89505374,0.7160002,0.6361313,0.28754252,-0.54418504,0.7665928,-0.34087855
1356340902830,-0.17297679,0.26684082,0.9480902,0.8230554,0.5678789,-0.009665549,-0.5409796,0.7786588,-0.31785464
1356340902871,0.049632072,0.35668218,0.93290645,0.8418163,0.48771495,-0.23125604,-0.5374773,0.7968136,-0.27605456
1356340902911,0.18616971,0.37110165,0.90973866,0.8249248,0.44392487,-0.34989968,-0.5337039,0.8156067,-0.22348559
1356340902951,0.23752677,0.3346356,0.9119211,0.8131908,0.44499207,-0.37510353,-0.53132063,0.830663,-0.16642511
1356340902990,0.2068739,0.25567624,0.944369,0.8205992,0.4802603,-0.30978534,-0.5327477,0.8390349,-0.11045438
1356340903031,0.08420037,0.12529588,0.98854005,0.8375877,0.52849966,-0.13832936,-0.53977513,0.8396363,-0.06044644
1356340903070,-0.13483363,-0.06609848,0.98866117,0.82199407,0.5496981,0.1488545,-0.5533042,0.83274424,-0.019785225
1356340903111,-0.39431474,-0.2863526,0.87322277,0.7184775,0.49639514,0.48721853,-0.57297987,0.81950843,0.010002017
1356340903152,-0.5877454,-0.4616512,0.66440463,0.54597104,0.37971407,0.74681515,-0.597052,0.8016829,0.028872907
1356340903190,-0.6857948,-0.56294423,0.4612801,0.38416356,0.25831634,0.8863921,-0.6181456,0.7850901,0.03911066
1356340903231,-0.72443706,-0.60634416,0.32792926,0.27895844,0.1771577,0.9438206,-0.6303753,0.7752173,0.04080522
1356340903270,-0.74435604,-0.6177529,0.2536048,0.2186758,0.1333428,0.966644,-0.63096344,0.77498454,0.03583318
1356340903310,-0.76040936,-0.60926247,0.2248931,0.19184823,0.12010175,0.9740482,-0.62046105,0.7838207,0.025559366
1356340903351,-0.7753687,-0.5898075,0.22567773,0.18772358,0.12594098,0.97411436,-0.602962,0.7976628,0.013070166
1356340903390,-0.7867521,-0.5667138,0.24465595,0.19963872,0.14143682,0.9696081,-0.5840937,0.8116841,0.0018622875
1356340903432,-0.7938416,-0.54126984,0.277205,0.2244594,0.1628533,0.96077925,-0.5651846,0.82492775,-0.007786691
1356340903470,-0.79515296,-0.5142613,0.32135198,0.2599026,0.18977636,0.9468028,-0.547889,0.83637327,-0.017243385
1356340903511,-0.79209167,-0.48577973,0.3696063,0.29760304,0.22132868,0.9286797,-0.53293824,0.8455955,-0.030743122
1356340903550,-0.78477687,-0.45600617,0.41974247,0.33194208,0.2626754,0.90598905,-0.5233926,0.8503294,-0.054773986
1356340903596,-0.7741503,-0.42482278,0.4692728,0.35643664,0.32009095,0.8777783,-0.52311015,0.8467983,-0.09637606
1356340903630,-0.76048005,-0.38798484,0.52070916,0.3726125,0.39599973,0.8392522,-0.5318178,0.8322572,-0.15658194
1356340903671,-0.74156594,-0.33661488,0.5803192,0.39433852,0.48109758,0.78297013,-0.5427496,0.8094662,-0.22402537
1356340903710,-0.71120405,-0.2634644,0.65174776,0.43884522,0.5578846,0.7044002,-0.5491844,0.78698874,-0.2811497
1356340903751,-0.6618331,-0.1744341,0.7290746,0.50935256,0.6089442,0.60806817,-0.55003357,0.77379566,-0.31417102
1356340903794,-0.59408206,-0.090727806,0.7992715,0.58895814,0.6277198,0.50901484,-0.5479004,0.7731341,-0.3194822
1356340903832,-0.52213883,-0.036012053,0.8520999,0.6566875,0.6205201,0.4286214,-0.54418063,0.7833632,-0.300349
1356340903870,-0.46055204,-0.014337629,0.88751686,0.7049333,0.60170543,0.3755258,-0.53940785,0.79858935,-0.26700956
1356340903911,-0.43299016,-0.039592206,0.9005287,0.72598916,0.57683825,0.3744294,-0.53428394,0.81589836,-0.22102177
1356340903950,-0.44289842,-0.0996356,0.8910184,0.7224173,0.54892194,0.42047346,-0.5309937,0.8299141,-0.17113823
1356340903992,-0.48648542,-0.18664622,0.85351926,0.6929653,0.5125376,0.5070545,-0.5321005,0.8381339,-0.12000269
1356340904030,-0.5463844,-0.27977216,0.7894249,0.6423635,0.46483994,0.60933816,-0.5374321,0.84003055,-0.0742659
1356340904071,-0.6040221,-0.36553705,0.7081949,0.57870144,0.40980518,0.70509887,-0.54796165,0.83572865,-0.03599459
1356340904110,-0.65246654,-0.4397335,0.61718863,0.5073207,0.35154957,0.7867901,-0.5629503,0.82646674,-0.0062883496
1356340904151,-0.6875401,-0.49967518,0.5268903,0.43660542,0.295326,0.849799,-0.58022785,0.81431395,0.01511234
1356340904190,-0.7099505,-0.54289716,0.44858968,0.37567556,0.2468304,0.89327633,-0.59568274,0.80270624,0.028715968
1356340904231,-0.7239245,-0.56713444,0.3927999,0.3324059,0.21217346,0.9189607,-0.60451597,0.79582715,0.03492129
1356340904270,-0.7340206,-0.57259345,0.36517173,0.31002373,0.1958912,0.9303289,-0.60423416,0.79609257,0.033729374
1356340904308,-0.74286133,-0.56427103,0.36021578,0.30411196,0.1949104,0.93248373,-0.59638333,0.802252,0.02681011
1356340904349,-0.75010824,-0.54840815,0.3695755,0.30905378,0.20336854,0.9290463,-0.5846566,0.81110406,0.016939163
1356340904386,-0.75470793,-0.5300285,0.3866341,0.32039753,0.21650088,0.9222109,-0.57250464,0.8198764,0.0064247847
1356340904429,-0.7561893,-0.51148945,0.40811318,0.335594,0.23226905,0.9129227,-0.56174237,0.82730263,-0.0039865375
1356340904469,-0.7550661,-0.49222276,0.43311873,0.35318217,0.25120687,0.9011978,-0.5523924,0.83343375,-0.015833437
1356340904508,-0.7519245,-0.4709243,0.46134567,0.37124088,0.27582812,0.88662225,-0.54478407,0.8379434,-0.032575607
1356340904550,-0.7474238,-0.4461908,0.49221078,0.3851662,0.31263256,0.86827874,-0.54129905,0.8385551,-0.061811507
1356340904598,-0.7412298,-0.41620758,0.52664,0.39407846,0.36530685,0.8433582,-0.54339725,0.83265966,-0.10675788
1356340904631,-0.73213035,-0.374304,0.569106,0.4025488,0.43622953,0.80477214,-0.5494902,0.81829107,-0.16870129
1356340904671,-0.7147709,-0.31016776,0.62681615,0.42856684,0.5140095,0.74305093,-0.55265987,0.7997439,-0.23447144
1356340904712,-0.6799103,-0.2201519,0.69946784,0.4859674,0.5790471,0.6546298,-0.5491428,0.7850081,-0.28671342
1356340904752,-0.62165534,-0.12049897,0.7739668,0.5661261,0.61376,0.55027264,-0.54133713,0.78024274,-0.31332958
1356340904791,-0.5414363,-0.030934185,0.84017247,0.6489997,0.61989033,0.44106162,-0.5344587,0.7840785,-0.31555486
1356340904831,-0.46325403,0.018619299,0.88602984,0.7102542,0.605747,0.35862175,-0.53003263,0.7954395,-0.29383916
1356340904870,-0.3916394,0.03793472,0.9193365,0.75404125,0.58581805,0.2970505,-0.5272954,0.80955434,-0.2580338
1356340904911,-0.34346858,0.023105651,0.93887997,0.778172,0.5667039,0.27073056,-0.5258117,0.8235975,-0.2126252
1356340904950,-0.32105932,-0.016983002,0.9469068,0.78749895,0.55061746,0.27688578,-0.52608573,0.83458495,-0.16340679
1356340904991,-0.32371488,-0.07425633,0.94323635,0.7842169,0.536693,0.31139123,-0.5293511,0.8405038,-0.11550242
1356340905030,-0.34882602,-0.14246935,0.9262953,0.7678127,0.5232947,0.36962998,-0.5373863,0.84015787,-0.073149025
1356340905071,-0.39416167,-0.2181971,0.8927634,0.7355484,0.50750256,0.44878697,-0.5510037,0.83356535,-0.03954345
1356340905110,-0.45937636,-0.3035587,0.8347607,0.68064654,0.48351422,0.5503947,-0.5706958,0.8210153,-0.015498817
1356340905151,-0.53952384,-0.39639422,0.7428228,0.59845734,0.44003928,0.6694881,-0.59225243,0.8057525,-1.8668175E-4
1356340905191,-0.61403054,-0.47728255,0.6286238,0.5022085,0.37816745,0.77767354,-0.608895,0.79321545,0.007488966
1356340905228,-0.6666798,-0.5258382,0.5282349,0.4214645,0.3185674,0.84904796,-0.6147403,0.7886755,0.009239733
1356340905270,-0.69189095,-0.53165376,0.488499,0.39099807,0.29288083,0.87254876,-0.60696584,0.7947107,0.0052339435
1356340905308,-0.7048546,-0.51692355,0.48576748,0.3905878,0.28881484,0.8740865,-0.5921327,0.8058387,-0.0016683936
1356340905352,-0.7066009,-0.48884875,0.51160735,0.41392934,0.30084753,0.85915846,-0.57391435,0.8188514,-0.010230303
1356340905401,-0.69598556,-0.4495067,0.5599534,0.45651007,0.32493877,0.8282592,-0.55425864,0.83208084,-0.02094841
1356340905441,-0.67183644,-0.4067462,0.6190262,0.5082277,0.35482478,0.7847318,-0.53883255,0.8418177,-0.03166455
1356340905482,-0.6395284,-0.36183736,0.67828995,0.55846655,0.3876794,0.73336196,-0.5283168,0.847808,-0.045857966
1356340905520,-0.5901221,-0.30476576,0.7475786,0.61482733,0.43046892,0.6608206,-0.5232048,0.8495966,-0.06665087
1356340905561,-0.5253085,-0.22984703,0.819281,0.6676195,0.48563322,0.56430894,-0.5275748,0.84340423,-0.101656914
1356340905601,-0.43219885,-0.11525047,0.8943833,0.71790516,0.5562295,0.41859403,-0.5457256,0.8229983,-0.15766287
1356340905637,-0.30953246,0.041493148,0.9499831,0.7625326,0.6076997,0.22191262,-0.56809664,0.79308224,-0.21974266
1356340905678,-0.18776178,0.20587116,0.96039706,0.7861503,0.6176685,0.02129206,-0.5888236,0.75901425,-0.27782023
1356340905720,-0.090975605,0.33251902,0.93869835,0.7932911,0.59401757,-0.13353807,-0.6020072,0.73251235,-0.31782544
1356340905760,-0.03296774,0.3950557,0.91806537,0.7935168,0.5688198,-0.21627551,-0.60765463,0.7213702,-0.33223605
1356340905799,0.0032155477,0.41287217,0.9107833,0.793391,0.5533496,-0.25364304,-0.60870373,0.7234229,-0.3257898
1356340905839,0.022814423,0.39274824,0.919363,0.79558086,0.54975617,-0.25459638,-0.6054177,0.737236,-0.29992062
1356340905878,0.035385065,0.350949,0.9357257,0.80040056,0.55070716,-0.23681337,-0.59842026,0.75733507,-0.26141298
1356340905918,0.04162547,0.29386142,0.9549413,0.8071035,0.5534903,-0.20550531,-0.58894074,0.7792907,-0.21413726
1356340905958,0.041547097,0.2282862,0.9727073,0.8141424,0.5566086,-0.16540575,-0.579177,0.7987943,-0.162732
1356340905999,0.034811303,0.1614562,0.9862657,0.82009614,0.5593899,-0.12052083,-0.57116586,0.8130282,-0.1129365
1356340906040,0.020596966,0.096987784,0.9950724,0.823605,0.5625902,-0.07188234,-0.5667897,0.82102716,-0.06829196
1356340906078,-0.0018126816,0.038048208,0.99927425,0.8239253,0.56634295,-0.02006939,-0.5666956,0.82329094,-0.032375455
1356340906120,-0.031795844,-0.015201807,0.99937874,0.8196454,0.57181466,0.034775585,-0.57198805,0.8202419,-0.0057212114
1356340906158,-0.07188809,-0.066096604,0.9952203,0.8118845,0.5757235,0.09688118,-0.57937527,0.81496847,0.0122751
1356340906199,-0.120965034,-0.114043266,0.986084,0.8023819,0.5736151,0.16477,-0.58442354,0.8111473,0.022118866
1356340906238,-0.18014157,-0.15919414,0.970673,0.7923447,0.56126857,0.23909688,-0.58287114,0.81217897,0.025028825
1356340906278,-0.24390423,-0.1959823,0.94979036,0.7820791,0.5393751,0.31213245,-0.5734657,0.8189416,0.021717846
1356340906318,-0.31131184,-0.22597942,0.9230484,0.76829374,0.5118078,0.38441855,-0.5592941,0.8288463,0.014286637
1356340906358,-0.37993938,-0.25195333,0.8900368,0.7480649,0.48227793,0.45585847,-0.54410017,0.8390039,0.0052410364
1356340906398,-0.43966755,-0.2709534,0.85631573,0.7249547,0.45577732,0.5164375,-0.5302198,0.847851,-0.003961563
1356340906438,-0.47480464,-0.2747681,0.83609986,0.7110731,0.4400245,0.54840994,-0.51859,0.85491574,-0.013545394
1356340906478,-0.47661424,-0.25756532,0.8405349,0.71645063,0.44027025,0.541166,-0.50944805,0.8601292,-0.025306165
1356340906518,-0.44692037,-0.21772361,0.86767423,0.738971,0.4567838,0.49524787,-0.5041666,0.8625225,-0.043254495
1356340906558,-0.39132002,-0.15346804,0.9073678,0.7680527,0.4886633,0.41388792,-0.5069159,0.8588689,-0.07335222
1356340906608,-0.3162027,-0.06039858,0.9467671,0.79148906,0.533404,0.29837096,-0.5230305,0.8437015,-0.12085897
1356340906632,-0.23918794,0.047063857,0.969832,0.8033279,0.5706287,0.17043197,-0.5453928,0.81985843,-0.17429525
1356340906670,-0.17204872,0.16294551,0.97151846,0.79916286,0.5997188,0.04093942,-0.575967,0.783445,-0.23340088
1356340906711,-0.123323806,0.26102176,0.95742303,0.7898834,0.6098535,-0.06452069,-0.60072917,0.74829555,-0.28138626
1356340906750,-0.101565085,0.31523216,0.9435641,0.7835927,0.6097036,-0.11934805,-0.61291677,0.7272484,-0.30893826
1356340906791,-0.09713847,0.3259245,0.94039214,0.7832837,0.6079626,-0.12980005,-0.61402833,0.7239853,-0.31434792
1356340906831,-0.09944611,0.30203986,0.9480941,0.78837335,0.6052597,-0.110128224,-0.6071063,0.73650026,-0.29831088
1356340906870,-0.10079953,0.2602585,0.9602629,0.79706854,0.5987506,-0.07860944,-0.5954168,0.75747156,-0.26779765
1356340906911,-0.1008455,0.20519999,0.97351074,0.8086089,0.5869877,-0.03996393,-0.57963943,0.78315926,-0.22512162
1356340906950,-0.10041754,0.14711595,0.9840087,0.82043135,0.5717423,-0.0017547607,-0.56285757,0.8071354,-0.1781115
1356340906988,-0.1022574,0.08786625,0.9908698,0.8305334,0.55577636,0.036426723,-0.5475014,0.82667536,-0.12980813
1356340907030,-0.109266296,0.02987367,0.9935636,0.8369245,0.54205227,0.07574201,-0.5363007,0.83981365,-0.084230065
1356340907068,-0.12384707,-0.024012268,0.9920107,0.8382068,0.53253603,0.11753589,-0.53110373,0.84606665,-0.04582578
1356340907110,-0.14610043,-0.07355514,0.98653144,0.83229613,0.52989614,0.16276768,-0.53473157,0.84486675,-0.016198397
1356340907149,-0.17753306,-0.12094566,0.9766545,0.8187704,0.5324372,0.21476865,-0.5459826,0.8377844,0.0045015216
1356340907186,-0.21593422,-0.16691995,0.9620344,0.79796463,0.5376384,0.272392,-0.56269425,0.82648814,0.017101705
1356340907229,-0.26010835,-0.21115497,0.9422087,0.7730746,0.53911257,0.3342353,-0.57853204,0.81533504,0.02301085
1356340907268,-0.30673724,-0.24934661,0.9185525,0.7494328,0.53165317,0.3945826,-0.5867392,0.8094264,0.023790658
1356340907309,-0.3496257,-0.2738123,0.8959848,0.7324097,0.5164913,0.44363582,-0.58424133,0.8113345,0.019964099
1356340907348,-0.3867998,-0.28608721,0.87666416,0.72136647,0.49835294,0.4809103,-0.5744704,0.8184122,0.013610899
1356340907390,-0.41648918,-0.28830278,0.86221707,0.71594775,0.48049623,0.50649995,-0.5603174,0.82825416,0.00628829
1356340907428,-0.44003797,-0.28701463,0.85087544,0.71256745,0.46501267,0.5253673,-0.5464559,0.83748776,-1.0585785E-4
1356340907469,-0.45498088,-0.2809693,0.845014,0.7127601,0.45393935,0.5347075,-0.53382146,0.84557396,-0.0062699914
1356340907510,-0.45724413,-0.26593763,0.84864885,0.71912986,0.45086536,0.5287463,-0.5232399,0.8520549,-0.01491183
1356340907560,-0.44053924,-0.22932097,0.86794996,0.73355436,0.465392,0.4952861,-0.5175165,0.8548814,-0.03680408
1356340907606,-0.39490703,-0.16218442,0.9042924,0.7586687,0.49755445,0.4205489,-0.5181412,0.852136,-0.07344359
1356340907641,-0.330976,-0.060427725,0.9417023,0.7829601,0.5394424,0.30979884,-0.5267146,0.8398514,-0.13123
1356340907680,-0.24797124,0.0736841,0.9659611,0.80597305,0.5689237,0.16350305,-0.53751063,0.8190827,-0.20046407
1356340907720,-0.15999748,0.20837858,0.9648726,0.82398593,0.5664296,0.014306426,-0.5435513,0.79733044,-0.2623284
1356340907760,-0.0810031,0.30845487,0.9477838,0.8355603,0.53943706,-0.104147255,-0.54339445,0.7834943,-0.30142874
1356340907801,-0.012411892,0.36444858,0.9311409,0.84146726,0.5068547,-0.18716642,-0.54016566,0.78120136,-0.31296253
1356340907841,0.049210995,0.383066,0.9224093,0.84286386,0.47956583,-0.24412546,-0.5358721,0.789479,-0.29927254
1356340907881,0.107038625,0.37614536,0.92035717,0.8408978,0.45966256,-0.28565913,-0.5305031,0.8045029,-0.2670982
1356340907921,0.15976113,0.35010356,0.9229863,0.83669084,0.44815153,-0.31481513,-0.5238556,0.82254946,-0.22133124
1356340907960,0.20424509,0.31420872,0.92712283,0.83111393,0.444758,-0.33382607,-0.51723635,0.8387271,-0.17030364
1356340908001,0.2369943,0.27061045,0.9330615,0.8253428,0.4505562,-0.34030637,-0.51248705,0.85074615,-0.116567135
1356340908042,0.25475472,0.2248283,0.94050634,0.8205456,0.46436757,-0.33326814,-0.5116687,0.85662997,-0.06618202
1356340908080,0.25643116,0.18095821,0.949472,0.8170833,0.4841835,-0.3129556,-0.51635057,0.8560493,-0.02369821
1356340908121,0.24333495,0.1410903,0.9596257,0.81248546,0.510727,-0.2811145,-0.5297693,0.84808695,0.009643912
1356340908161,0.21219897,0.10051203,0.97204363,0.8084303,0.540769,-0.23239887,-0.5490099,0.8351444,0.033493638
1356340908201,0.16146767,0.054289192,0.98538357,0.80622447,0.5685866,-0.16343608,-0.5691487,0.82083,0.04803908
1356340908240,0.08256297,-0.00622648,0.9965664,0.8085048,0.5850724,-0.06332713,-0.58266926,0.8109572,0.05333942
1356340908281,-0.03368047,-0.08551401,0.99576753,0.81019914,0.58103514,0.07730168,-0.5851863,0.80937356,0.04971385
1356340908320,-0.19067645,-0.18153718,0.96472114,0.7937046,0.5497826,0.26033092,-0.5776467,0.81534255,0.039256275
1356340908361,-0.37163314,-0.281394,0.88470685,0.7372736,0.48967674,0.4654507,-0.5641954,0.82524794,0.025484204
1356340908400,-0.5342365,-0.36126572,0.7642503,0.64289874,0.41338825,0.6448188,-0.5488831,0.8358213,0.011410177
1356340908441,-0.64342886,-0.40501767,0.6495844,0.548464,0.3480668,0.7602873,-0.53402853,0.84546447,-0.0018185973
1356340908480,-0.7003272,-0.41666558,0.5795961,0.48858872,0.3121516,0.8147653,-0.5204064,0.8537864,-0.015030146
1356340908520,-0.72189087,-0.40650848,0.56002194,0.469161,0.30738354,0.82789093,-0.50868624,0.86038727,-0.031179488
1356340908561,-0.7196404,-0.37979546,0.5812686,0.48047957,0.33195484,0.8117546,-0.5012556,0.863459,-0.056404114
1356340908605,-0.6933179,-0.33191597,0.6396421,0.5171575,0.38897288,0.7623964,-0.501855,0.85937876,-0.09802902
1356340908641,-0.6225233,-0.23766805,0.7456398,0.592712,0.47897354,0.64751595,-0.51103556,0.84504336,-0.15730345
1356340908681,-0.43680915,-0.03320092,0.8989413,0.73151994,0.5684737,0.3764522,-0.5235231,0.82203126,-0.2240274
1356340908720,-0.066416636,0.2886446,0.95512986,0.844207,0.5265275,-0.10041559,-0.5318866,0.79965806,-0.278646
1356340908762,0.24987602,0.4948156,0.8322977,0.8077383,0.36749434,-0.46098447,-0.533967,0.7874677,-0.30785346
1356340908800,0.40964758,0.56065595,0.71962047,0.74105287,0.25552285,-0.6209257,-0.5320052,0.78763753,-0.3108014
1356340908841,0.47363156,0.5585681,0.68093663,0.70547485,0.22222942,-0.67299277,-0.5272365,0.7991343,-0.28880095
1356340908880,0.49585444,0.5267308,0.6904225,0.6948724,0.2361877,-0.6792406,-0.5208462,0.8165599,-0.24889597
1356340908920,0.49120235,0.47629374,0.7292905,0.70276207,0.27796835,-0.6548734,-0.51463175,0.834193,-0.19818243
1356340908960,0.46095112,0.41043124,0.78681016,0.72552013,0.33626643,-0.6004543,-0.51102304,0.84762675,-0.14277375
1356340909001,0.40119338,0.33008868,0.8544503,0.7596597,0.40131932,-0.5117225,-0.5118212,0.85439116,-0.08974844
1356340909040,0.30583152,0.2328296,0.9231779,0.79864025,0.46512446,-0.38188094,-0.51830584,0.85407823,-0.043697357
1356340909081,0.16466491,0.11196202,0.9799744,0.8311571,0.51921576,-0.1989795,-0.53109634,0.84727764,-0.0075614452
1356340909121,-0.033336014,-0.04331556,0.9985051,0.8350997,0.54766953,0.051638722,-0.5490875,0.8355728,0.017915666
1356340909160,-0.27749115,-0.23108977,0.93252134,0.7730982,0.52254,0.35954303,-0.5703664,0.8207006,0.03365487
1356340909200,-0.51428044,-0.41463208,0.75073016,0.6227163,0.4213581,0.6593039,-0.58969486,0.8065591,0.04150188
1356340909241,-0.6641158,-0.52797234,0.5293351,0.4450068,0.28977787,0.8473475,-0.60076565,0.7982944,0.042505145
1356340909280,-0.7337266,-0.57012624,0.36959606,0.3168825,0.19404316,0.9284033,-0.6010247,0.7983127,0.038288355
1356340909321,-0.76347053,-0.57040954,0.30289567,0.26110876,0.15634185,0.95256466,-0.59070724,0.80634373,0.02957648
1356340909361,-0.7784782,-0.5556953,0.2918464,0.24950375,0.1526879,0.9562605,-0.5759509,0.8172448,0.019783914
1356340909401,-0.78310215,-0.5331479,0.32016298,0.27091867,0.17093664,0.9473034,-0.55978036,0.82857347,0.01057893
1356340909440,-0.77653664,-0.5047427,0.37712833,0.3176806,0.20325136,0.92615765,-0.5441232,0.8390016,0.0025147796
1356340909480,-0.7579312,-0.46984917,0.45252854,0.3813315,0.24371952,0.89173263,-0.5292699,0.84843534,-0.0055543184
1356340909520,-0.7266894,-0.4260983,0.5388531,0.4545489,0.28989005,0.8422286,-0.5150803,0.8569737,-0.016977489
1356340909561,-0.68054247,-0.36920425,0.6328903,0.53250045,0.34410048,0.7733292,-0.5032943,0.86329776,-0.037573576
1356340909603,-0.6107789,-0.28677255,0.7380451,0.614928,0.41540492,0.6703002,-0.49881122,0.86324984,-0.07737613
1356340909640,-0.49210438,-0.15479198,0.85666364,0.71018016,0.4977393,0.49789533,-0.50346535,0.853402,-0.13500947
1356340909681,-0.29044762,0.054469913,0.9553394,0.8065177,0.55120766,0.21377414,-0.51494604,0.83258826,-0.20402789
1356340909720,-0.019853525,0.3019993,0.9531014,0.8508388,0.5057282,-0.14252147,-0.5250516,0.80810606,-0.26699317
1356340909761,0.19326723,0.46637774,0.86321473,0.8263489,0.39694673,-0.3994757,-0.5289569,0.7905221,-0.30867392
1356340909801,0.30170745,0.5279424,0.7938825,0.7938143,0.3220818,-0.5158702,-0.5280448,0.7858372,-0.32191378
1356340909840,0.35113072,0.5357716,0.76789063,0.77448595,0.29469073,-0.55975777,-0.5261926,0.79126865,-0.31147265
1356340909881,0.36419493,0.50894225,0.7799614,0.76926684,0.30767703,-0.55996734,-0.52496725,0.8039357,-0.279458
1356340909937,0.35782725,0.4632365,0.8107845,0.77248937,0.34095854,-0.5357307,-0.5246139,0.81802154,-0.23584104
1356340909962,0.3339516,0.39972585,0.85363674,0.78235334,0.38757688,-0.48755246,-0.52573717,0.83066446,-0.18329495
1356340909999,0.29471537,0.3250975,0.8985847,0.79628795,0.43629685,-0.4190115,-0.5282693,0.8390213,-0.13028783
1356340910036,0.2409563,0.24218008,0.93983454,0.8109611,0.48174882,-0.3320544,-0.53318113,0.8421799,-0.08031821
1356340910079,0.17014965,0.15261224,0.973529,0.82295465,0.52140594,-0.22556949,-0.5420284,0.83955073,-0.036875904
1356340910118,0.07563576,0.05311671,0.9957198,0.82773554,0.55345845,-0.092399806,-0.5559975,0.8311813,-0.0021053553
1356340910159,-0.05908376,-0.070243955,0.9957785,0.8163964,0.57064015,0.088694185,-0.5744614,0.81819046,0.023631334
1356340910198,-0.26772872,-0.24350557,0.9322159,0.7607472,0.5403125,0.3596194,-0.5912572,0.80546105,0.040588975
1356340910239,-0.5334135,-0.4438896,0.72002226,0.5964453,0.40619832,0.6922831,-0.59976906,0.7987271,0.0480842
1356340910278,-0.73625827,-0.5706054,0.3637763,0.31806892,0.1826837,0.93030035,-0.59729046,0.80064726,0.04698944
1356340910319,-0.807018,-0.5860247,0.07278097,0.08161229,0.011383235,0.9965992,-0.5848602,0.8102132,0.03864038
1356340910358,-0.8214095,-0.5633922,-0.088744655,-0.05795896,-0.072337806,0.99569476,-0.56738627,0.82301664,0.026765347
1356340910398,-0.8282939,-0.5416676,-0.14326729,-0.11186054,-0.090684175,0.98957753,-0.5490141,0.8356869,0.014521956
1356340910439,-0.8411578,-0.52796245,-0.117086515,-0.09754333,-0.06483662,0.9931171,-0.53192,0.8467891,0.0030386448
1356340910480,-0.8553185,-0.5170546,-0.032936215,-0.03268659,-0.009592116,0.9994196,-0.5170705,0.8558987,-0.008696437
1356340910520,-0.8608712,-0.5020623,0.0826699,0.058458805,0.06380534,0.9962487,-0.5054537,0.86247456,-0.02557826
1356340910558,-0.8501035,-0.4770494,0.22304243,0.16757864,0.15646613,0.97336316,-0.49924088,0.8648366,-0.053069115
1356340910603,-0.8173202,-0.43315414,0.37995413,0.2812713,0.27557862,0.91920775,-0.5028659,0.85815734,-0.10340214
1356340910639,-0.71349597,-0.3081339,0.6292671,0.47875255,0.4413497,0.7589509,-0.51158535,0.8427716,-0.16738135
1356340910681,-0.4200725,-0.005445659,0.90747416,0.7434113,0.5714404,0.3475564,-0.5204601,0.8206255,-0.23599803
1356340910721,-0.023423381,0.3275215,0.9445534,0.85142154,0.501714,-0.1528542,-0.5239587,0.8006327,-0.29061073
1356340910760,0.16954377,0.46360904,0.86966753,0.8355039,0.40038964,-0.37632623,-0.5226741,0.79041433,-0.31946355
1356340910801,0.22352242,0.48552644,0.8451638,0.8247975,0.36781907,-0.4294394,-0.5193715,0.7930783,-0.31824517
