1356341564009,0.70840085,-0.68789464,-0.15801626,-0.15282595,0.06907471,-0.98583615,0.68906635,0.7225162,-0.056195572
1356341564049,0.25611585,-0.17030165,0.95152617,0.67793655,-0.6700429,-0.3023981,0.68906224,0.72252333,-0.056154907
1356341564088,0.25594115,-0.17046756,0.9515435,0.6780304,-0.66995007,-0.30239356,0.6890349,0.7225703,-0.055885635
1356341564128,0.25539184,-0.17085695,0.95162123,0.6783172,-0.66970855,-0.30228525,0.6889563,0.7227022,-0.05514293
1356341564169,0.25532997,-0.17262182,0.9513193,0.67851377,-0.6689611,-0.3034966,0.68878573,0.722975,-0.05367955
1356341564209,0.2552057,-0.17524177,0.9508735,0.6788722,-0.66778785,-0.3052734,0.68847847,0.7234291,-0.05145646
1356341564248,0.2557717,-0.17907038,0.9500077,0.67912304,-0.66609603,-0.30839586,0.68802094,0.724051,-0.048757702
1356341564290,0.25685316,-0.1839333,0.948786,0.6794084,-0.66383225,-0.31261945,0.68733597,0.7249105,-0.04554155
1356341564328,0.25828284,-0.18971494,0.94725823,0.6798266,-0.6609663,-0.31774092,0.686386,0.72603846,-0.04174298
1356341564368,0.25961632,-0.1959493,0.94562316,0.6804767,-0.6576883,-0.32310587,0.68523777,0.72735816,-0.03740764
1356341564408,0.26033622,-0.20202869,0.94414485,0.6814507,-0.6542945,-0.32790792,0.6839956,0.7287545,-0.032663975
1356341564450,0.26025122,-0.2072827,0.9430287,0.68271106,-0.6511449,-0.33153552,0.68277,0.73009866,-0.027947038
1356341564489,0.25942338,-0.21102212,0.9424273,0.6841358,-0.64861274,-0.3335562,0.681658,0.73128057,-0.023897529
1356341564528,0.25802398,-0.21267411,0.94244003,0.68550205,-0.64709246,-0.33370373,0.68081605,0.7321482,-0.021176811
1356341564570,0.25625837,-0.2122244,0.943023,0.6865791,-0.6467633,-0.332124,0.68039757,0.73256946,-0.020029668
1356341564611,0.25386232,-0.20997347,0.9441743,0.68735373,-0.6476213,-0.32883388,0.6805136,0.7324602,-0.020080652
1356341564647,0.2501557,-0.20663074,0.9458995,0.6883236,-0.6491088,-0.32383347,0.6809057,0.7320938,-0.020149384
1356341564688,0.24549228,-0.20363188,0.94776976,0.68950576,-0.6505551,-0.31837064,0.68140686,0.7316503,-0.019300908
1356341564728,0.23971045,-0.20140587,0.94972336,0.69119924,-0.65154135,-0.31262988,0.6817496,0.73138875,-0.01696968
1356341564768,0.2332356,-0.20034647,0.95155793,0.69340295,-0.65178716,-0.30719045,0.68175775,0.7314608,-0.013099194
1356341564808,0.22676903,-0.20046252,0.9530953,0.6958895,-0.6513031,-0.3025595,0.68140566,0.73186004,-0.008195661
1356341564849,0.22108614,-0.20149438,0.9542122,0.69826794,-0.6503479,-0.29911464,0.6808398,0.73242587,-0.0030858815
1356341564887,0.21678615,-0.20309165,0.95486,0.7001041,-0.649318,-0.29705292,0.6803367,0.7328983,0.0014221668
1356341564936,0.21383446,-0.20500506,0.9551166,0.70123196,-0.64849627,-0.29618645,0.68010926,0.73309314,0.0050852
1356341564968,0.21198308,-0.20694435,0.95511115,0.70165354,-0.64805925,-0.2961445,0.680254,0.7329347,0.007825613
1356341565008,0.21090734,-0.2082624,0.95506275,0.70143145,-0.6482487,-0.29625577,0.6808171,0.73239356,0.009361416
1356341565048,0.21035546,-0.2080294,0.9552352,0.7005689,-0.64943117,-0.2957065,0.68187517,0.7314116,0.0091275275
1356341565088,0.2100693,-0.20527829,0.95589316,0.6990562,-0.651993,-0.29364187,0.683514,0.72990817,0.0065373853
1356341565128,0.2097789,-0.19928598,0.957224,0.69689524,-0.65621364,-0.28934515,0.6858059,0.72778344,0.0012216866
1356341565168,0.2091372,-0.18980184,0.9592898,0.6940682,-0.6622327,-0.28234273,0.6888622,0.72486085,-0.006762117
1356341565208,0.20774949,-0.17718965,0.962,0.69038385,-0.6701489,-0.27252635,0.69297206,0.7207664,-0.016894259
1356341565249,0.20503771,-0.16242647,0.9651824,0.6856503,-0.6798873,-0.2600709,0.6984577,0.71510196,-0.028034784
1356341565288,0.20096165,-0.14684457,0.96853036,0.6793955,-0.6913809,-0.245793,0.7057168,0.70741016,-0.03917551
1356341565327,0.19530827,-0.13154596,0.9718798,0.6719251,-0.703901,-0.23030408,0.71440274,0.69801074,-0.049088605
1356341565367,0.18828857,-0.11764446,0.9750421,0.6637585,-0.7164915,-0.21462606,0.7238591,0.6876042,-0.056819588
1356341565408,0.18002236,-0.10575536,0.97796106,0.65583456,-0.7280778,-0.19945888,0.73312557,0.67728764,-0.061712317
1356341565448,0.17088741,-0.096202016,0.98058283,0.6489954,-0.73783416,-0.18548793,0.74135184,0.6680913,-0.06365192
1356341565488,0.16148353,-0.08909297,0.9828456,0.643753,-0.74534386,-0.17333381,0.7480008,0.6607003,-0.06300685
1356341565528,0.15226185,-0.084599525,0.9847127,0.64006925,-0.7507259,-0.16346815,0.7530788,0.65517426,-0.06015733
1356341565568,0.14323044,-0.08305663,0.98619807,0.63710487,-0.7548049,-0.15609883,0.75735223,0.6506697,-0.05519525
1356341565608,0.13429385,-0.08463833,0.9873203,0.6333442,-0.7589539,-0.1512081,0.7621287,0.6456199,-0.04831758
1356341565648,0.12567383,-0.08900228,0.9880712,0.6275188,-0.76427794,-0.14865845,0.76839197,0.6387157,-0.040199094
1356341565688,0.117989,-0.095330834,0.98842835,0.61987185,-0.7705598,-0.14831242,0.77578187,0.6301981,-0.031824738
1356341565728,0.11176497,-0.10273725,0.9884097,0.6125948,-0.7760462,-0.14993326,0.78245527,0.62225187,-0.023798496
1356341565775,0.106527686,-0.111097425,0.9880836,0.6102257,-0.77727675,-0.1531848,0.78503287,0.61927235,-0.0150070265
1356341565806,0.10433203,-0.12047763,0.98721826,0.6116691,-0.77492714,-0.15921307,0.7842039,0.62046194,-0.007157266
1356341565849,0.10301626,-0.12948121,0.98621607,0.6211161,-0.76605433,-0.16545531,0.77691853,0.62959933,0.001506865
1356341565888,0.10390031,-0.1401569,0.9846628,0.63454115,-0.75301576,-0.17414021,0.76587355,0.6429023,0.010696746
1356341565935,0.106588185,-0.15312965,0.98244095,0.6486773,-0.73812914,-0.18542671,0.7535627,0.65705144,0.02065593
1356341565968,0.11078906,-0.16948792,0.97928524,0.6609541,-0.7232954,-0.1999584,0.7422031,0.66941583,0.031890564
1356341566008,0.115289986,-0.18990165,0.9750106,0.6703505,-0.70946926,-0.21744795,0.7330337,0.6786684,0.04550597
1356341566048,0.11813676,-0.21545997,0.9693403,0.6765599,-0.6970721,-0.23739624,0.72684956,0.6838621,0.063421816
1356341566088,0.11633986,-0.24816173,0.9617072,0.67936724,-0.68645036,-0.2593182,0.72451717,0.6835214,0.08873147
1356341566128,0.10562897,-0.2911479,0.9508288,0.67856055,-0.677862,-0.28294656,0.72691,0.6750823,0.12595958
1356341566168,0.08322501,-0.3470404,0.93415016,0.67490065,-0.67006767,-0.30906075,0.7332004,0.65618014,0.17845139
1356341566208,0.050804377,-0.41419238,0.9087703,0.6712039,-0.65964127,-0.33816957,0.7395297,0.6271507,0.24449492
1356341566248,0.016684473,-0.48407164,0.87486935,0.6714649,-0.6429016,-0.36852756,0.74084854,0.5935927,0.31431055
1356341566291,-0.006839752,-0.5434995,0.8393816,0.6777902,-0.61968166,-0.39572078,0.73522353,0.566218,0.3726172
1356341566329,-0.012298346,-0.5819812,0.8131093,0.68768954,-0.59524876,-0.41564664,0.72590077,0.554055,0.40754288
1356341566368,-5.953908E-4,-0.5954244,0.80341107,0.6959261,-0.57718694,-0.42724934,0.7181131,0.5588603,0.4147151
1356341566408,0.02246052,-0.58482695,0.8108471,0.69841254,-0.57114786,-0.4312889,0.71534294,0.57599276,0.39562213
1356341566448,0.051297843,-0.55415034,0.8308344,0.69513404,-0.5775071,-0.4281053,0.71704745,0.59950215,0.355584
1356341566489,0.082360506,-0.5088934,0.8568806,0.68867326,-0.5924333,-0.41803357,0.72037905,0.62454015,0.3016681
1356341566528,0.113470376,-0.4554178,0.88301706,0.6811004,-0.6114004,-0.4028545,0.7233441,0.6471353,0.24080944
1356341566568,0.14296871,-0.40027055,0.905176,0.67276704,-0.63148344,-0.3855039,0.7259094,0.66408753,0.1790064
1356341566608,0.16902268,-0.34930235,0.92163944,0.663313,-0.65132457,-0.36850008,0.72900426,0.6736202,0.12160811
1356341566649,0.18977004,-0.3065574,0.93274325,0.65275645,-0.6702503,-0.35309157,0.73341423,0.6758603,0.072913826
1356341566688,0.20361733,-0.27363503,0.940034,0.64151996,-0.6880208,-0.33923373,0.73958915,0.6721244,0.035449382
1356341566728,0.20957774,-0.2498179,0.9453402,0.6299073,-0.70496625,-0.3259437,0.74785954,0.6637873,0.009616878
1356341566768,0.2076664,-0.23280005,0.95009404,0.617815,-0.72181726,-0.31190437,0.7584056,0.65175444,-0.0060697794
1356341566808,0.19919729,-0.21958548,0.9550407,0.605461,-0.73872966,-0.29613447,0.7705437,0.6372291,-0.014202561
1356341566848,0.18676794,-0.20738013,0.96026623,0.59504914,-0.7538769,-0.27854273,0.7816868,0.62342846,-0.017398622
1356341566888,0.17317158,-0.19478433,0.96543807,0.59088206,-0.7636906,-0.26006734,0.7879531,0.61549634,-0.017154898
1356341566936,0.16012311,-0.1821418,0.9701469,0.5963178,-0.7653655,-0.24211727,0.78661656,0.6172844,-0.013938308
1356341566967,0.1483562,-0.1709631,0.9740442,0.6101924,-0.75927365,-0.22620493,0.7782388,0.6279133,-0.0083225705
1356341567008,0.1385603,-0.16293012,0.9768596,0.62796885,-0.74827254,-0.21387684,0.76580423,0.6430723,-0.0013658069
1356341567048,0.13155848,-0.15939547,0.9784097,0.6451452,-0.7356018,-0.2065862,0.7526488,0.65839446,0.006058514
1356341567088,0.12799066,-0.16149034,0.9785394,0.6595009,-0.72304416,-0.20558666,0.74072737,0.6716607,0.013960063
1356341567128,0.1281212,-0.17035908,0.9770173,0.67102605,-0.7105132,-0.21188468,0.73028004,0.68275094,0.023283571
1356341567168,0.13095492,-0.18774955,0.973448,0.68049407,-0.6970364,-0.22598265,0.72095674,0.6920191,0.03648206
1356341567208,0.1325984,-0.21700273,0.96712327,0.68789685,-0.68233615,-0.24741708,0.71359336,0.69808817,0.05879885
1356341567248,0.1272642,-0.26246113,0.95651346,0.69217044,-0.66721785,-0.27517366,0.7104252,0.6970901,0.09675485
1356341567288,0.10956997,-0.32640845,0.9388567,0.6928546,-0.652177,-0.30759978,0.71270394,0.68419486,0.15469462
1356341567328,0.08440924,-0.40511388,0.91036135,0.6913665,-0.63411224,-0.34628603,0.71755654,0.6586231,0.22655725
1356341567368,0.06705266,-0.48644683,0.8711334,0.69076806,-0.6073815,-0.3923356,0.71996075,0.62805825,0.29529536
1356341567408,0.07160246,-0.5557957,0.82822955,0.6920782,-0.57026774,-0.44251847,0.71826243,0.6048851,0.34382147
1356341567448,0.0995087,-0.60283124,0.7916391,0.6917434,-0.5299757,-0.49052706,0.71525455,0.59642285,0.36426735
1356341567488,0.14193809,-0.62352234,0.7688131,0.6855207,-0.49836713,-0.5307461,0.71408325,0.6023704,0.35670024
1356341567528,0.18726248,-0.61989623,0.76201147,0.6735888,-0.48359656,-0.5589386,0.7149901,0.6179507,0.3269957
1356341567568,0.22894257,-0.5969013,0.7689564,0.65886724,-0.48647487,-0.5737909,0.71657467,0.6380054,0.28190395
1356341567608,0.26387316,-0.5601943,0.78520906,0.64378434,-0.50391537,-0.57585675,0.71827066,0.6574585,0.2276746
1356341567648,0.2903728,-0.5155652,0.806149,0.62951547,-0.5315604,-0.5667044,0.72069,0.6720388,0.17020553
1356341567688,0.306804,-0.46858466,0.82843214,0.6174369,-0.5644146,-0.5479123,0.7243225,0.67960626,0.11615676
1356341567728,0.31273878,-0.42367432,0.8501144,0.60841763,-0.59793913,-0.5218206,0.72939867,0.6804182,0.07077217
1356341567769,0.3076833,-0.38315374,0.870933,0.60251784,-0.6299741,-0.49000508,0.73641247,0.67551905,0.03702441
1356341567808,0.29194027,-0.34731698,0.8911463,0.59828633,-0.6606196,-0.45347023,0.74620664,0.6655469,0.0149335265
1356341567848,0.26768935,-0.31476194,0.9106412,0.5942869,-0.6899971,-0.41319138,0.7583966,0.651789,0.002354024
1356341567888,0.23906195,-0.28356048,0.928678,0.5917429,-0.7157472,-0.37087223,0.7698634,0.63820004,-0.003312977
1356341567934,0.21042567,-0.25271076,0.94438255,0.59452146,-0.7337711,-0.32882273,0.7760576,0.6306484,-0.004162371
1356341567968,0.18430376,-0.22292812,0.957254,0.60545516,-0.7414594,-0.28924382,0.77424556,0.6328831,-0.0016807951
1356341568008,0.16131645,-0.19565268,0.96731436,0.6236306,-0.7394521,-0.25356564,0.7648934,0.6441511,0.002729144
1356341568048,0.14176339,-0.17258129,0.9747404,0.6444886,-0.73130727,-0.22321308,0.7513572,0.65985245,0.007554114
1356341568088,0.1269784,-0.1558016,0.9795929,0.6644474,-0.7199018,-0.20062652,0.7364687,0.6763632,0.012109995
1356341568128,0.119371176,-0.14812711,0.9817376,0.6812513,-0.70709115,-0.18952227,0.7222514,0.69143355,0.01650554
1356341568168,0.12172192,-0.15284401,0.98072547,0.69442844,-0.6928686,-0.19417048,0.70919174,0.7046785,0.021801986
1356341568208,0.13476735,-0.17348668,0.9755717,0.7039648,-0.67611784,-0.21748163,0.6973316,0.71607757,0.031009905
1356341568248,0.15477538,-0.21350454,0.9646038,0.7088583,-0.65609455,-0.25895914,0.6881602,0.72384787,0.04979717
1356341568288,0.16693133,-0.2721625,0.9476611,0.7089373,-0.6348491,-0.30720472,0.68523127,0.7231144,0.08696988
1356341568328,0.15773141,-0.34540623,0.92510283,0.7057099,-0.6158613,-0.3502691,0.6907202,0.7081027,0.14661595
1356341568368,0.12352818,-0.42179844,0.89823544,0.70192707,-0.60269517,-0.3795482,0.701455,0.6773807,0.2216219
1356341568408,0.078627825,-0.4878617,0.86937255,0.6988719,-0.5949168,-0.39705408,0.7109118,0.63879955,0.29417586
1356341568448,0.047222078,-0.5339004,0.84422773,0.6972544,-0.5875791,-0.4105936,0.71526664,0.60803056,0.3445177
1356341568488,0.041791856,-0.5572137,0.8293168,0.6962567,-0.57906556,-0.42415774,0.7165753,0.5951437,0.3637635
1356341568547,0.06064862,-0.55933046,0.8267232,0.6933651,-0.57219565,-0.4379919,0.7180296,0.5997846,0.35311738
1356341568568,0.09527469,-0.54360986,0.83391315,0.6872698,-0.5701031,-0.4501585,0.72012705,0.61601204,0.31929022
1356341568608,0.13694614,-0.5144906,0.8464899,0.67857385,-0.5738231,-0.45854604,0.7216531,0.637202,0.27053705
1356341568646,0.17912376,-0.47683954,0.8605456,0.66805744,-0.5831604,-0.46219388,0.72222847,0.6576838,0.21409833
1356341568688,0.21690476,-0.43515623,0.8738371,0.65600383,-0.59792566,-0.46059084,0.7229186,0.6731448,0.15577123
1356341568728,0.24555695,-0.3929142,0.88618296,0.64324486,-0.6178681,-0.4521892,0.72521573,0.6810708,0.10101822
1356341568768,0.2619962,-0.35213518,0.8985315,0.6307951,-0.64215255,-0.43558902,0.7303805,0.68091196,0.053883582
1356341568808,0.2641086,-0.3128492,0.9123443,0.61982095,-0.66968983,-0.40906915,0.7389646,0.6735287,0.017039627
1356341568848,0.25193864,-0.27426517,0.9280655,0.61002547,-0.6994668,-0.37231034,0.75126284,0.6599429,-0.008913934
1356341568888,0.2279023,-0.2346887,0.9449772,0.6015354,-0.7292208,-0.32617843,0.76564735,0.642774,-0.025017586
1356341568937,0.19693595,-0.19357912,0.9611157,0.596735,-0.75414854,-0.27416676,0.7778969,0.6275247,-0.033003572
1356341568968,0.16338968,-0.15219611,0.97475135,0.6001324,-0.7688674,-0.22064507,0.78303576,0.621031,-0.03428724
1356341569011,0.12899268,-0.11290711,0.9851968,0.6143063,-0.7708079,-0.16876899,0.77845275,0.62698257,-0.030069053
1356341569048,0.09475756,-0.07885054,0.99237275,0.63604975,-0.76205707,-0.12128419,0.765808,0.64269096,-0.022057801
1356341569088,0.06322861,-0.053159952,0.9965822,0.6598169,-0.7469709,-0.08170751,0.7487615,0.6627281,-0.012154102
1356341569128,0.03875357,-0.038305283,0.9985143,0.6806124,-0.730618,-0.054443568,0.73161805,0.6817111,-0.0022429824
1356341569168,0.02486819,-0.035868376,0.9990471,0.6970328,-0.71574587,-0.043047607,0.71660787,0.69743913,0.0072021335
1356341569208,0.022406757,-0.046683192,0.9986583,0.71012443,-0.7023852,-0.048766583,0.7037195,0.71026444,0.017412752
1356341569248,0.030033886,-0.07225332,0.99693406,0.72110224,-0.689112,-0.07166782,0.6921774,0.7210438,0.0314053
1356341569288,0.038903654,-0.1123437,0.9929075,0.7301434,-0.6751778,-0.10500193,0.6821854,0.7290499,0.055760175
1356341569328,0.03656745,-0.16768786,0.9851618,0.73634696,-0.6619603,-0.14000651,0.6756153,0.7305405,0.099270195
1356341569368,0.014936626,-0.23741001,0.97129464,0.7389113,-0.65182537,-0.1706863,0.67363715,0.72025007,0.16568887
1356341569408,-0.016486824,-0.3177173,0.94804215,0.7384918,-0.64308137,-0.20267317,0.67406094,0.69677985,0.2452339
1356341569448,-0.028889894,-0.40376377,0.914407,0.73846483,-0.6251468,-0.25270742,0.6736728,0.66795677,0.31622583
1356341569488,0.004443407,-0.4912078,0.8710311,0.73945916,-0.5847641,-0.33354312,0.6731867,0.645574,0.3606298
1356341569528,0.0893361,-0.5730368,0.8146459,0.7315663,-0.5172901,-0.44409668,0.675892,0.63564134,0.37300164
1356341569568,0.20739728,-0.63784444,0.7417148,0.70062757,-0.4322943,-0.567664,0.6827205,0.63739777,0.35723484
1356341569608,0.3296386,-0.677965,0.6570402,0.64303917,-0.34832603,-0.6820334,0.69125897,0.6473272,0.32113633
1356341569648,0.43530333,-0.69554526,0.5716011,0.56770307,-0.2806993,-0.7739,0.6987305,0.66138095,0.2726738
1356341569688,0.5168704,-0.69866794,0.4946798,0.48678,-0.23547208,-0.84118855,0.7041948,0.6755856,0.21838903
1356341569728,0.5742154,-0.6954136,0.43206096,0.41066527,-0.21189067,-0.8868238,0.708259,0.6866603,0.16391128
1356341569768,0.60993177,-0.6908346,0.38824064,0.3476712,-0.2069745,-0.91448677,0.7121151,0.6927546,0.11394304
1356341569808,0.6261755,-0.6864037,0.36980283,0.30560666,-0.2202721,-0.92632866,0.71729267,0.6930585,0.071840554
1356341569848,0.62203157,-0.67950153,0.38904306,0.29388717,-0.25792655,-0.92038274,0.7257459,0.68684185,0.039258275
1356341569888,0.5917507,-0.65976286,0.46318907,0.32270944,-0.33265716,-0.886114,0.7387082,0.6738341,0.016061546
1356341569938,0.5240882,-0.6042971,0.6001305,0.3942687,-0.45244902,-0.79990137,0.7549065,0.65583146,0.00113222
1356341569969,0.412382,-0.48839363,0.7690337,0.48790368,-0.59448284,-0.6391715,0.76934457,0.63879716,-0.006864965
1356341570008,0.27513307,-0.32671237,0.9041908,0.56669825,-0.7046205,-0.42704004,0.7766305,0.6298961,-0.008717121
1356341570048,0.1429084,-0.16674224,0.9755892,0.61677754,-0.75590116,-0.21954258,0.774056,0.63309604,-0.0051817857
1356341570088,0.032146037,-0.041580975,0.9986179,0.64533746,-0.762091,-0.05250612,0.7632209,0.6461334,0.0023355484
1356341570128,-0.051695466,0.04017806,0.99785435,0.6619676,-0.7467638,0.06436238,0.74774754,0.6638745,0.0120078325
1356341570168,-0.10199195,0.07748568,0.9917629,0.67398113,-0.7278927,0.12618127,0.7316742,0.681299,0.022015318
1356341570208,-0.11215037,0.0702149,0.99120736,0.6881559,-0.7141027,0.12844703,0.7168429,0.6965107,0.031768188
1356341570248,-0.064240456,0.0042614043,0.9979254,0.70812535,-0.70441276,0.048592925,0.7031584,0.70977783,0.042234123
1356341570288,0.10271555,-0.17559639,0.97908914,0.71639156,-0.66981125,-0.19528458,0.69009614,0.72147,0.056995697
1356341570328,0.5133667,-0.5527726,0.6564274,0.5253174,-0.40243998,-0.74972224,0.67859864,0.7297152,0.08378181
1356341570368,0.74114627,-0.65858555,-0.13025892,-0.008931249,0.18433753,-0.9828224,0.6712842,0.7295785,0.13073908
1356341570408,0.70957977,-0.5357735,-0.45764965,-0.2208048,0.4477074,-0.86648905,0.66913503,0.71589434,0.19938275
1356341570448,0.7050809,-0.4707074,-0.530373,-0.2355713,0.5499724,-0.80127186,0.6688551,0.6899021,0.27688986
1356341570488,0.72323066,-0.46403152,-0.51148033,-0.17965072,0.5887137,-0.7881254,0.66683054,0.6618843,0.34241226
1356341570528,0.7404181,-0.49395597,-0.45583832,-0.10599287,0.5838923,-0.8048821,0.6637368,0.6442649,0.37996858
1356341570568,0.7476618,-0.53782964,-0.3895396,-0.042416185,0.5467119,-0.8362458,0.66272366,0.6417519,0.38594294
1356341570608,0.74699223,-0.57941526,-0.32600713,-6.791353E-4,0.48969427,-0.87189394,0.6648325,0.65151936,0.3654043
1356341570648,0.7432172,-0.61210704,-0.2700985,0.018621743,0.42247337,-0.906184,0.66879106,0.66846186,0.32538795
1356341570688,0.7391593,-0.63580513,-0.22225071,0.022235066,0.35283357,-0.9354219,0.6731636,0.68648404,0.2749374
1356341570728,0.734551,-0.6535839,-0.1823811,0.015901595,0.28528583,-0.9583106,0.67836714,0.70102787,0.21995002
1356341570768,0.7278293,-0.6693275,-0.14921558,0.0053603947,0.22313839,-0.974772,0.68573743,0.70866776,0.16599452
1356341570808,0.71718293,-0.68640393,-0.120408595,-0.0052538514,0.1674507,-0.9858664,0.6968651,0.7076793,0.11648652
1356341570848,0.7013635,-0.7068877,-0.0916459,-0.011914998,0.116926566,-0.99306905,0.7127042,0.6975944,0.07358545
1356341570888,0.6803274,-0.730803,-0.055511683,-0.009370297,0.06706241,-0.99770474,0.7328484,0.6792861,0.03877653
1356341570939,0.65546143,-0.7552285,-3.7133694E-4,0.009572983,0.0088,-0.99991554,0.75516796,0.6554026,0.012997821
1356341570969,0.6299626,-0.771364,0.090248406,0.05434981,-0.072133586,-0.9959131,0.7747214,0.63229305,-0.0035179853
1356341571008,0.60254157,-0.76158535,0.23860314,0.13891989,-0.19431967,-0.9710516,0.78590393,0.6182456,-0.011286341
1356341571048,0.54873437,-0.6877115,0.47533512,0.28614306,-0.37973672,-0.87972844,0.7855016,0.61875105,-0.0115907155
1356341571088,0.39078104,-0.47015792,0.79135436,0.4983874,-0.61472476,-0.61132926,0.7738864,0.6332969,-0.005902022
1356341571128,0.08396953,-0.10193136,0.9912412,0.6502197,-0.7481881,-0.1320188,0.75509167,0.6556101,0.0034527704
1356341571168,-0.18016952,0.17525943,0.9678962,0.6543771,-0.71330565,0.2509694,0.7343906,0.6785861,0.013830185
1356341571208,-0.31693155,0.29361808,0.9018552,0.623177,-0.65234846,0.43138385,0.7149859,0.6987345,0.02377376
1356341571248,-0.37684953,0.3274426,0.86646736,0.6089814,-0.61726016,0.49812797,0.69794416,0.71538186,0.033207834
1356341571288,-0.40047765,0.3230549,0.85746914,0.6109347,-0.60329884,0.51262987,0.68291765,0.72915435,0.044242233
1356341571328,-0.41085094,0.29911703,0.8612377,0.6181962,-0.60291547,0.50430775,0.6701006,0.73960924,0.06279552
1356341571387,-0.42091215,0.25998157,0.8690468,0.62087256,-0.6158969,0.48496193,0.6613245,0.74369377,0.09782311
1356341571408,-0.42719692,0.19493173,0.88289547,0.62008977,-0.6474915,0.4429937,0.65802085,0.73672,0.1557312
1356341571448,-0.3704543,0.040481687,0.92796814,0.6555281,-0.6964022,0.2920734,0.6580627,0.7165091,0.23144831
1356341571486,0.06900042,-0.45691526,0.88683003,0.7506826,-0.5616989,-0.34780756,0.65704995,0.6897267,0.30424076
1356341571529,0.6178584,-0.7422956,0.25932285,0.4354222,0.04838699,-0.89892507,0.6547202,0.6683234,0.35310823
1356341571568,0.7029209,-0.71087563,0.023623407,0.2784909,0.24450946,-0.92879385,0.65448076,0.6594475,0.3698432
1356341571608,0.7156553,-0.69810355,-0.022111923,0.23422012,0.26969355,-0.93402696,0.65801096,0.66326225,0.3565175
1356341571648,0.71615106,-0.69784147,-0.012039512,0.21633752,0.238348,-0.9467778,0.6635704,0.6754314,0.3216625
1356341571688,0.713636,-0.700183,0.021621466,0.20602454,0.18028305,-0.96179616,0.66953534,0.6908269,0.27291137
1356341571728,0.70797884,-0.70244217,0.073082596,0.20379455,0.10412124,-0.97346115,0.67619073,0.7040837,0.2168695
1356341571768,0.6958718,-0.7032606,0.14555788,0.2156894,0.011332855,-0.9763963,0.68501145,0.7108419,0.15957204
1356341571808,0.67147136,-0.69786465,0.24922107,0.25118834,-0.10205454,-0.96254313,0.69715893,0.70892155,0.10676879
1356341571848,0.6232321,-0.672035,0.39993834,0.32172084,-0.24579978,-0.9143731,0.7127955,0.69853514,0.06301737
1356341571888,0.52786636,-0.5940752,0.6069857,0.43167531,-0.42781487,-0.7941227,0.73144615,0.6812115,0.030618519
1356341571940,0.361032,-0.42364034,0.83077365,0.5515821,-0.62131286,-0.55653185,0.7519396,0.6591657,0.009358525
1356341571969,0.15490282,-0.18396482,0.9706503,0.61654794,-0.74969196,-0.24047999,0.77192855,0.6357035,-0.0027062893
1356341572008,-0.013133049,0.029987663,0.99946404,0.61641383,-0.7867838,0.031706184,0.78731287,0.6164999,-0.008152008
1356341572048,-0.120957196,0.1726835,0.97752225,0.59584427,-0.7749859,0.2106335,0.7939389,0.60792863,-0.009152368
1356341572088,-0.188887,0.25456202,0.94843024,0.5829068,-0.7481908,0.3169073,0.7902793,0.61270607,-0.007062465
1356341572128,-0.23454231,0.295296,0.9261697,0.5825724,-0.7200067,0.37709397,0.7782027,0.6280053,-0.0031593442
1356341572168,-0.26459318,0.30947912,0.9133526,0.59149355,-0.6959523,0.4071679,0.76165986,0.64797604,0.0010893941
1356341572208,-0.28113312,0.30662894,0.909364,0.60601693,-0.6780186,0.41597378,0.74411535,0.66803396,0.0047911704
1356341572248,-0.28622627,0.29238302,0.9124619,0.62397766,-0.66581136,0.40908083,0.7271358,0.6864455,0.0081321895
1356341572288,-0.2830996,0.26946318,0.92045873,0.6440806,-0.65769607,0.39063552,0.71064395,0.7034384,0.012637466
1356341572328,-0.27714896,0.2382141,0.93082887,0.6644206,-0.6522992,0.36476132,0.6940703,0.71955514,0.022509754
1356341572368,-0.27553773,0.19581209,0.9411358,0.6811571,-0.6510598,0.33488238,0.6783096,0.73333406,0.04601267
1356341572408,-0.28392535,0.1373924,0.94895196,0.6901287,-0.65778875,0.3017226,0.6656642,0.7405656,0.0919444
1356341572448,-0.2976805,0.056350052,0.953001,0.6927471,-0.67412066,0.2562474,0.6568773,0.73646855,0.16163625
1356341572488,-0.28725362,-0.061173946,0.9558991,0.7038115,-0.6904016,0.16731662,0.6497189,0.72083515,0.24137536
1356341572528,-0.1946128,-0.24059504,0.9509152,0.74100465,-0.6712535,-0.018183798,0.64268017,0.7010938,0.3089167
1356341572568,0.02514249,-0.47136366,0.8815804,0.7695972,-0.55370796,-0.31800553,0.6380344,0.6864573,0.34883866
1356341572608,0.2791742,-0.63831717,0.7173653,0.71693486,-0.3584298,-0.59794027,0.63880056,0.6812337,0.35756743
1356341572648,0.4379626,-0.6956367,0.5694543,0.62640065,-0.2182194,-0.74833304,0.64483404,0.6844484,0.34017545
1356341572688,0.5151081,-0.7018447,0.49201393,0.55425453,-0.16511711,-0.8158052,0.6538085,0.6929288,0.30394748
1356341572728,0.55020213,-0.69059277,0.46942446,0.50635076,-0.17109212,-0.8451844,0.6639929,0.7027157,0.2555468
1356341572769,0.56053114,-0.67064273,0.48584276,0.47966564,-0.21531788,-0.8506228,0.67507464,0.70984256,0.2009919
1356341572809,0.5495587,-0.6407678,0.5360988,0.4750482,-0.28818858,-0.8314305,0.6872514,0.7115926,0.14601904
1356341572848,0.5123269,-0.5919261,0.6222095,0.49675477,-0.38675064,-0.77695477,0.70053965,0.7071403,0.09589934
1356341572888,0.4353429,-0.5050925,0.74522346,0.5468879,-0.50916535,-0.6645783,0.7151155,0.6968732,0.054567426
1356341572942,0.30198264,-0.35487056,0.8848013,0.6115445,-0.63988477,-0.46536106,0.73131377,0.6816264,0.023785027
1356341572969,0.12260479,-0.14313248,0.98208,0.6517494,-0.73465246,-0.188437,0.748459,0.6631733,0.0032145977
1356341573008,-0.049483895,0.07188445,0.9961847,0.6440202,-0.76006407,0.086836725,0.7634064,0.6458601,-0.008684114
1356341573048,-0.1765337,0.23452307,0.95594716,0.61090356,-0.7353996,0.29323092,0.7717725,0.6357566,-0.013448149
1356341573088,-0.264902,0.3385335,0.90289646,0.5791077,-0.6928296,0.42967588,0.7710131,0.6366963,-0.012515426
1356341573128,-0.33044666,0.39798433,0.8558116,0.5573722,-0.6494627,0.51723737,0.76167,0.64792496,-0.0072126985
1356341573168,-0.3797996,0.42723128,0.82050335,0.54480124,-0.61352867,0.5716417,0.74762547,0.66412055,2.61724E-4
1356341573208,-0.41477513,0.43696812,0.79813564,0.5396488,-0.5881034,0.60242313,0.73262596,0.68058306,0.0081213415
1356341573248,-0.43725646,0.4341049,0.7876292,0.5408269,-0.57281077,0.61594975,0.7185493,0.695299,0.015689582
1356341573288,-0.45044893,0.4224722,0.7865196,0.5473076,-0.56534654,0.61712044,0.7053724,0.7084494,0.0234375
1356341573328,-0.45909226,0.40394682,0.7912403,0.5568047,-0.56317,0.61057997,0.6922447,0.72087896,0.03362757
1356341573368,-0.46933925,0.378677,0.79769945,0.5642339,-0.566287,0.60079885,0.67923546,0.73206747,0.05211824
1356341573408,-0.48661685,0.3455145,0.8023862,0.5626192,-0.5786959,0.59039867,0.66832894,0.7387359,0.08721009
1356341573448,-0.5137189,0.30228242,0.8029435,0.5463977,-0.6062739,0.5778249,0.66147,0.7355661,0.14628786
1356341573488,-0.5321746,0.23304117,0.81393,0.53380865,-0.6538415,0.5362272,0.65714425,0.71984935,0.22355846
1356341573528,-0.4743079,0.06559649,0.87791175,0.59158206,-0.71476376,0.3730193,0.6519683,0.69628286,0.30021238
1356341573568,-0.09770101,-0.38883626,0.9161118,0.75744534,-0.62614536,-0.18498275,0.64554715,0.6758317,0.3556972
1356341573608,0.38269275,-0.70726603,0.5944081,0.66508406,-0.23566669,-0.70860726,0.64125603,0.6665103,0.3802035
1356341573648,0.5231004,-0.7387435,0.42499873,0.56039447,-0.077570945,-0.82458514,0.64212453,0.6695078,0.37341043
1356341573688,0.5553535,-0.7289046,0.4003504,0.52204597,-0.069173545,-0.85010767,0.6473411,0.6811116,0.34210595
1356341573728,0.56236583,-0.70794,0.42727712,0.5058073,-0.114264905,-0.8550455,0.6541435,0.69696826,0.2938224
1356341573768,0.559801,-0.67708707,0.47767758,0.4999342,-0.18375275,-0.8463454,0.6608242,0.71259236,0.23563406
1356341573809,0.54714596,-0.63568,0.54455686,0.5047566,-0.26840508,-0.8204751,0.6677215,0.7237884,0.17400697
1356341573848,0.51912063,-0.58105445,0.626809,0.52242446,-0.3647064,-0.77075404,0.6764513,0.72757465,0.114230454
1356341573888,0.4664005,-0.50615674,0.7254488,0.5558893,-0.47022718,-0.6854732,0.68808264,0.7229743,0.062052906
1356341573943,0.3827011,-0.40351406,0.8310935,0.59921074,-0.57629347,-0.555727,0.7031973,0.7106774,0.021241724
1356341573969,0.2699772,-0.27216572,0.9236006,0.6374204,-0.6684175,-0.38329262,0.72167,0.69220215,-0.006973475
1356341574008,0.1460411,-0.12683615,0.9811139,0.6549221,-0.730905,-0.19197637,0.74145067,0.6705896,-0.023674369
1356341574048,0.035115957,0.0063790977,0.9993629,0.65064275,-0.7591701,-0.018016607,0.75857157,0.6508609,-0.030809432
1356341574088,-0.052672446,0.1105625,0.99247247,0.63787496,-0.7609494,0.11862385,0.7683366,0.6393215,-0.030443981
1356341574128,-0.12064421,0.18178767,0.97590894,0.6287032,-0.74680376,0.21683288,0.76823,0.6397167,-0.024192944
1356341574168,-0.17396188,0.22370633,0.9590061,0.627177,-0.72563046,0.28303578,0.75920105,0.650704,-0.014071375
1356341574227,-0.2133345,0.24187626,0.9465645,0.6322127,-0.70448446,0.32250398,0.74484605,0.66723126,-0.0026264489
1356341574248,-0.23793918,0.24181178,0.9406976,0.6421691,-0.6874588,0.33914492,0.7287001,0.68478274,0.008289337
1356341574288,-0.24718577,0.22728053,0.9419356,0.65616965,-0.6760229,0.33531243,0.7129801,0.700954,0.017968714
1356341574326,-0.242235,0.20058124,0.94925725,0.673732,-0.669255,0.31334132,0.6981456,0.71544725,0.026979059
1356341574368,-0.22676742,0.16271544,0.96026057,0.69351435,-0.66526943,0.27650413,0.6838234,0.72865653,0.038015902
1356341574408,-0.20804107,0.11306256,0.9715635,0.7119865,-0.6635683,0.22967845,0.6706669,0.7395227,0.057550505
1356341574448,-0.19739342,0.051419258,0.978975,0.7241363,-0.6654916,0.18096355,0.66080457,0.74463224,0.09412898
1356341574488,-0.2059828,-0.019609123,0.9783591,0.72665656,-0.6726871,0.13950703,0.65539396,0.73966706,0.15281114
1356341574528,-0.22402513,-0.099462986,0.96949464,0.72453016,-0.6823237,0.097418815,0.65181965,0.72425234,0.22492158
1356341574568,-0.21492356,-0.19644415,0.95667005,0.7315877,-0.6813086,0.024455994,0.64698327,0.70514417,0.29014534
1356341574608,-0.13243401,-0.32487184,0.9364398,0.75496024,-0.6452347,-0.11707762,0.6422587,0.6914698,0.33071637
1356341574648,0.0325796,-0.46799612,0.8831298,0.76675916,-0.5550796,-0.32243937,0.6411076,0.68765277,0.340756
1356341574688,0.21274221,-0.5692301,0.7941775,0.73477995,-0.44256264,-0.5140396,0.6440801,0.6929036,0.3241071
1356341574728,0.3436247,-0.6095881,0.71436995,0.6786658,-0.36459,-0.6375633,0.6491031,0.703901,0.28842443
1356341574768,0.42105156,-0.6108726,0.670485,0.6275946,-0.3374803,-0.7015924,0.6548592,0.71619934,0.24128383
1356341574808,0.45933777,-0.5920004,0.6622268,0.5920004,-0.3517866,-0.7251081,0.6622268,0.7251081,0.18887562
1356341574848,0.46669948,-0.5609579,0.6837528,0.5741216,-0.3959158,-0.7166835,0.6727377,0.727033,0.13728431
1356341574888,0.44817036,-0.51930845,0.72764134,0.57162607,-0.4593312,-0.67989594,0.68730414,0.720648,0.090991616
1356341574944,0.4054559,-0.463957,0.78762263,0.58154696,-0.5338536,-0.6138432,0.705272,0.70692587,0.053358704
1356341574969,0.34137475,-0.39212072,0.85422754,0.597284,-0.61123574,-0.5192714,0.7257514,0.6874826,0.025546938
1356341575010,0.26220655,-0.3041658,0.91582257,0.6104716,-0.68271506,-0.40152782,0.74737686,0.6643669,0.0066722333
1356341575048,0.17981118,-0.2073236,0.9616053,0.6158213,-0.73856294,-0.27438813,0.7670932,0.64151514,-0.0051275827
1356341575088,0.1053825,-0.11370769,0.98790944,0.6160897,-0.7723517,-0.1546168,0.7805947,0.6249347,-0.011338212
1356341575128,0.042319834,-0.033456653,0.9985438,0.61873364,-0.7838456,-0.052485973,0.7844601,0.6200539,-0.012471467
1356341575168,-0.011132538,0.028028667,0.9995451,0.62784314,-0.7778067,0.028803498,0.77826023,0.6278782,-0.008938573
1356341575208,-0.05403638,0.067616135,0.99624705,0.6417577,-0.7620105,0.0865272,0.7650013,0.64402485,-0.0022168905
1356341575248,-0.08185476,0.084142655,0.99308604,0.6576948,-0.74410254,0.11725688,0.74882406,0.66274554,0.0055680424
1356341575288,-0.09040272,0.078206,0.9928299,0.674743,-0.72842586,0.118817806,0.7324952,0.6806465,0.013082728
1356341575329,-0.07689941,0.05021566,0.99577343,0.69274575,-0.7155961,0.08958456,0.7170702,0.6967069,0.020242333
1356341575368,-0.042562902,0.0015074909,0.99909264,0.7107198,-0.70277685,0.031338185,0.7021864,0.71140873,0.028840795
1356341575408,0.007928073,-0.067474365,0.9976895,0.72570646,-0.6860241,-0.052163035,0.6879587,0.7244432,0.043527752
1356341575448,0.058690667,-0.151847,0.98665994,0.7347283,-0.66253656,-0.1456691,0.6758178,0.7334764,0.072681636
1356341575488,0.09075403,-0.24559647,0.9651145,0.7393592,-0.6326233,-0.23051134,0.6671668,0.7344861,0.12417101
1356341575528,0.10110021,-0.34407842,0.93348205,0.7439431,-0.59683365,-0.30056316,0.66055083,0.7248445,0.19563478
1356341575568,0.11553508,-0.44726503,0.88690794,0.748752,-0.5475047,-0.37364286,0.65270364,0.7072429,0.27163458
1356341575608,0.18589205,-0.55964893,0.80761206,0.7427344,-0.45806766,-0.48838487,0.6432649,0.6906282,0.3305193
1356341575648,0.3269344,-0.6611496,0.6752741,0.69888616,-0.31183225,-0.6436759,0.6361384,0.6823795,0.36011967
1356341575688,0.4804724,-0.71381384,0.5095255,0.605187,-0.15063018,-0.78170294,0.6347402,0.6839449,0.3596171
1356341575728,0.5868125,-0.7201219,0.37023705,0.49787837,-0.03970027,-0.86633766,0.63856727,0.69271076,0.33523655
1356341575768,0.6465522,-0.70897853,0.28163755,0.40674496,0.008045614,-0.9135064,0.6453904,0.7051842,0.29357535
1356341575808,0.6768603,-0.6970972,0.23646502,0.33839944,0.009390473,-0.94095564,0.65371704,0.71691513,0.24225336
1356341575848,0.6891381,-0.689559,0.22270396,0.29049206,-0.018665075,-0.9566953,0.6638546,0.723989,0.18744859
1356341575888,0.68836427,-0.6869317,0.23297971,0.26096368,-0.06515315,-0.9631475,0.6767959,0.72379553,0.13441512
1356341575942,0.67654425,-0.68736494,0.26422966,0.24993221,-0.12318736,-0.9603951,0.6926917,0.7157893,0.088452935
1356341575969,0.6540515,-0.687713,0.3150675,0.25714114,-0.18957531,-0.9475968,0.7114036,0.70079386,0.0528473
1356341576010,0.6194675,-0.68390673,0.38539797,0.2812913,-0.26496118,-0.92231816,0.7328951,0.6797553,0.02824217
1356341576048,0.5729709,-0.6696645,0.47249734,0.3184244,-0.34932905,-0.88123494,0.7551888,0.65537673,0.013082147
1356341576088,0.51960635,-0.6399392,0.5661158,0.36165988,-0.4355633,-0.8243098,0.7740875,0.63305795,0.0051189065
1356341576128,0.46846968,-0.59583527,0.6523162,0.40570778,-0.51080686,-0.7579429,0.78481674,0.6197231,0.0024374723
1356341576168,0.42736578,-0.5457768,0.7207539,0.44862148,-0.5641268,-0.6931808,0.78491867,0.6195874,0.0037587283
1356341576208,0.39963531,-0.500379,0.76805764,0.4887466,-0.5925365,-0.6403338,0.7755117,0.63128555,0.0077599883
1356341576248,0.38699555,-0.46858633,0.7941418,0.5219565,-0.5986561,-0.6075954,0.7601288,0.6496442,0.012904465
1356341576288,0.39233118,-0.45661414,0.798486,0.54285127,-0.58584756,-0.60174346,0.7425556,0.66954184,0.018027276
1356341576328,0.41916996,-0.46746588,0.77831376,0.5463567,-0.5547873,-0.62745965,0.72511446,0.6882491,0.022852927
1356341576368,0.46847284,-0.4993914,0.7287944,0.5284419,-0.5026899,-0.6841432,0.7080129,0.70562804,0.028402865
1356341576408,0.5353159,-0.5463898,0.64412344,0.48564398,-0.4248337,-0.7639805,0.6910765,0.72178555,0.037930697
1356341576448,0.60262823,-0.5958255,0.53087777,0.42502922,-0.32339847,-0.845437,0.67541796,0.73512274,0.05835417
1356341576488,0.6519401,-0.63852036,0.40898144,0.36656025,-0.20676449,-0.9071284,0.66378284,0.7413097,0.099258125
1356341576528,0.67894757,-0.6719721,0.29577625,0.32738966,-0.08348909,-0.94119364,0.65715003,0.7358553,0.16331202
1356341576569,0.69068044,-0.69429326,0.20228036,0.31190884,0.03364706,-0.94951606,0.6524365,0.7189052,0.23979563
1356341576608,0.6971516,-0.70420563,0.1344397,0.31019115,0.12722355,-0.9421229,0.64634436,0.6985045,0.30713248
1356341576648,0.70175374,-0.7056536,0.09795314,0.31243676,0.18127015,-0.93248296,0.64025396,0.68497753,0.34767905
1356341576688,0.70313007,-0.7051074,0.091824204,0.31397778,0.19201036,-0.92981184,0.63798594,0.68260944,0.3563963
1356341576728,0.7017444,-0.7043361,0.10707697,0.31060272,0.16720694,-0.9357178,0.64115584,0.6898931,0.33610523
1356341576768,0.6994068,-0.70184106,0.13508973,0.30187827,0.11876142,-0.9459202,0.6478423,0.7023637,0.29493314
1356341576808,0.6978427,-0.6961212,0.16861428,0.28818658,0.05737257,-0.95585406,0.6557165,0.71562815,0.24064982
1356341576848,0.6965107,-0.68794894,0.20395875,0.27190474,-0.009999678,-0.9622722,0.66403365,0.7256902,0.18009168
1356341576888,0.6934295,-0.67945826,0.23977496,0.25639316,-0.07830864,-0.96339524,0.67336327,0.7295234,0.1199069
1356341576943,0.68644184,-0.67259866,0.27642116,0.24529602,-0.14367455,-0.9587426,0.68456364,0.72592604,0.06636155
1356341576969,0.6733718,-0.66841817,0.31589174,0.24195501,-0.20450506,-0.9484912,0.69859016,0.71511877,0.024019182
1356341577010,0.65188205,-0.6663266,0.3620203,0.24943219,-0.2624232,-0.9321575,0.7161239,0.6979562,-0.0048656464
1356341577066,0.6204194,-0.6627538,0.41932946,0.26967978,-0.3217877,-0.90759325,0.73644596,0.6761731,-0.020911995
1356341577088,0.5788524,-0.65148646,0.49040323,0.30292672,-0.38655937,-0.8710954,0.7570768,0.652792,-0.026408194
1356341577128,0.53031874,-0.6247801,0.5730724,0.3477329,-0.4561821,-0.8191335,0.7732037,0.63367796,-0.024665296
1356341577166,0.47953546,-0.5789753,0.65941894,0.40136552,-0.5235338,-0.7515438,0.7803534,0.6250599,-0.018672317
1356341577208,0.4292354,-0.51759344,0.7401717,0.4607105,-0.57940036,-0.67234004,0.7768545,0.62959695,-0.010238439
1356341577248,0.37876529,-0.4487318,0.80942976,0.5208408,-0.61959857,-0.58721584,0.76502395,0.64400107,-9.6455216E-4
1356341577288,0.32966703,-0.38292423,0.8629535,0.5744861,-0.64398265,-0.50522494,0.7491899,0.6623107,0.0076847384
1356341577328,0.28885335,-0.33085847,0.8983854,0.61625046,-0.6538786,-0.4389511,0.7326658,0.6804229,0.015016675
1356341577368,0.26507014,-0.3008413,0.91609627,0.64465,-0.6512397,-0.4003916,0.7170525,0.6966933,0.021313071
1356341577408,0.26328957,-0.29655686,0.9180047,0.66150224,-0.637146,-0.3955499,0.7022061,0.71140635,0.028419137
1356341577448,0.28066164,-0.31784213,0.9056519,0.66936207,-0.6114351,-0.42202097,0.6878834,0.72465414,0.041144993
1356341577488,0.30446523,-0.36161017,0.8812145,0.6717336,-0.5744037,-0.46779728,0.67533314,0.7343694,0.06801975
1356341577528,0.31830138,-0.42264915,0.8485587,0.6741109,-0.52843875,-0.51606864,0.66652733,0.736288,0.11670968
1356341577568,0.31146896,-0.4920043,0.81296915,0.6825167,-0.47943836,-0.55164266,0.66117924,0.7266846,0.18647105
1356341577608,0.29104197,-0.5576243,0.77739936,0.69624203,-0.43385082,-0.5718572,0.6561567,0.7076925,0.2619726
1356341577648,0.2730618,-0.6062844,0.74689794,0.70927894,-0.39762855,-0.58207816,0.6498928,0.6887023,0.32144755
1356341577688,0.26579696,-0.6307567,0.7290391,0.7166813,-0.376503,-0.58703774,0.64476335,0.6785216,0.3519782
1356341577728,0.26810902,-0.6311987,0.72780883,0.7169116,-0.3739372,-0.58839506,0.64354897,0.67952865,0.35225773
1356341577768,0.27635014,-0.6117143,0.74123967,0.71142286,-0.38834465,-0.58571845,0.6461487,0.6891983,0.32786834
1356341577808,0.28866315,-0.57679135,0.76418936,0.70236844,-0.41484833,-0.5784284,0.65065515,0.7037134,0.28536865
1356341577849,0.30012876,-0.53040063,0.7928416,0.69273865,-0.45019943,-0.5634124,0.6557712,0.71832836,0.23231125
1356341577888,0.3070814,-0.4767268,0.82367015,0.6835799,-0.4916709,-0.53942394,0.6621325,0.72869146,0.17489791
1356341577939,0.3046844,-0.4187413,0.85546666,0.6758029,-0.5378663,-0.50397456,0.6711616,0.73168004,0.11910707
1356341577968,0.2893054,-0.35806662,0.8877448,0.66965646,-0.5869805,-0.45498815,0.6840049,0.7261145,0.069964975
1356341578009,0.25859427,-0.29456633,0.91997814,0.66466874,-0.63682264,-0.3907333,0.7009597,0.7125221,0.03111032
1356341578048,0.21333408,-0.2277079,0.95007247,0.6589736,-0.6844033,-0.31200308,0.72127825,0.69263357,0.0040469207
1356341578088,0.15821105,-0.15857361,0.97458893,0.6503093,-0.7259884,-0.22369297,0.74301213,0.669175,-0.011737436
1356341578128,0.1001122,-0.090005845,0.9908968,0.63937724,-0.7572363,-0.13337928,0.76234794,0.6469097,-0.018260919
