1356341169435,0.61616826,0.34519523,0.70793843,0.60164994,0.37377247,-0.7059118,-0.5082853,0.86089164,0.022620052
1356341169478,0.33515543,0.17355904,0.926039,0.79329693,0.47826695,-0.37675023,-0.5082822,0.8608937,0.02260989
1356341169519,0.33517873,0.17361876,0.92601925,0.79329824,0.4782244,-0.3768015,-0.50826484,0.8609053,0.022559166
1356341169558,0.3355697,0.17395052,0.92581534,0.7931577,0.47805765,-0.37730852,-0.50822616,0.8609309,0.02245146
1356341169599,0.33722797,0.17510414,0.92499506,0.7924754,0.47759345,-0.3793247,-0.5081929,0.86095476,0.022292137
1356341169637,0.34077623,0.17758298,0.92322034,0.7909434,0.47668406,-0.38364148,-0.5082126,0.86095095,0.021984518
1356341169675,0.34680223,0.18195578,0.92011976,0.7882272,0.47515738,-0.3910541,-0.5083562,0.86088187,0.02136314
1356341169710,0.35493016,0.18821254,0.91575146,0.78435194,0.4730795,-0.40123302,-0.5087403,0.8606811,0.020285308
1356341169758,0.36400136,0.19596067,0.91055065,0.77966046,0.47071907,-0.41298077,-0.5095416,0.8602458,0.018559575
1356341169796,0.37288636,0.20475173,0.9050041,0.7745753,0.468319,-0.42510048,-0.51087064,0.85950804,0.016034126
1356341169836,0.38050747,0.21397343,0.89968306,0.7696365,0.4661005,-0.4363599,-0.5127122,0.8584671,0.012672961
1356341169876,0.38668397,0.22284245,0.89488363,0.7651668,0.46413013,-0.44620955,-0.5147768,0.8572774,0.008960068
1356341169919,0.3917385,0.23067978,0.8906895,0.76122534,0.4624876,-0.45457795,-0.5167948,0.85609114,0.005574882
1356341169957,0.3969955,0.23715916,0.88665104,0.7573596,0.46105126,-0.46242642,-0.5184603,0.8550949,0.0034205317
1356341169991,0.40425813,0.24248642,0.8819159,0.75277734,0.45946962,-0.47139585,-0.51952064,0.8544519,0.0032060742
1356341170036,0.415602,0.2471767,0.87531626,0.7464199,0.457238,-0.48351908,-0.5197425,0.854305,0.0055314302
1356341170074,0.4329982,0.25188762,0.86548555,0.73705786,0.4537932,-0.5008167,-0.518901,0.85476565,0.010835886
1356341170115,0.4570797,0.25713283,0.85144633,0.723849,0.44873577,-0.5240981,-0.5168373,0.85587317,0.018982649
1356341170155,0.48636574,0.26304522,0.83322006,0.7069303,0.44198054,-0.5521801,-0.5135154,0.8575899,0.02900955
1356341170195,0.5175185,0.2692691,0.81219995,0.687776,0.43379417,-0.582054,-0.5090568,0.8598354,0.039299667
1356341170234,0.54635876,0.274929,0.7911423,0.669223,0.42468166,-0.6097426,-0.5036195,0.8625888,0.048039764
1356341170277,0.56920546,0.27898845,0.77341485,0.65477705,0.4151036,-0.6316297,-0.4972647,0.8659414,0.053604007
1356341170314,0.5835943,0.28045255,0.7620788,0.64766836,0.40534642,-0.64515114,-0.4898402,0.8700808,0.054917634
1356341170371,0.5881828,0.27853793,0.759248,0.6501178,0.39555603,-0.64875436,-0.48102784,0.8751869,0.051576823
1356341170396,0.58211035,0.27244675,0.7661073,0.663123,0.38618135,-0.6411957,-0.47054806,0.88127,0.044134468
1356341170433,0.5645169,0.2612853,0.78297555,0.6866132,0.3778384,-0.6211283,-0.45812997,0.8882388,0.03389421
1356341170474,0.5334132,0.24393168,0.80991834,0.7201264,0.3713328,-0.58611435,-0.44372112,0.8958847,0.02241218
1356341170518,0.48481837,0.2191976,0.8467016,0.76280224,0.36763838,-0.53195363,-0.42788294,0.9037668,0.011033416
1356341170555,0.41263816,0.18586606,0.8917307,0.812446,0.36758074,-0.45256603,-0.41189975,0.911229,6.7171454E-4
1356341170596,0.3094561,0.14245954,0.940182,0.8638381,0.37120497,-0.34057412,-0.39751825,0.9175577,-0.008190274
1356341170640,0.169948,0.08761224,0.98155063,0.90656626,0.37658644,-0.19057876,-0.38633567,0.92222923,-0.015426159
1356341170685,-0.0037496388,0.021176964,0.99976873,0.92533493,0.37912336,-0.0045600533,-0.37913227,0.9251038,-0.021017373
1356341170720,-0.1918096,-0.051561505,0.9800768,0.9067308,0.3728308,0.19706964,-0.375564,0.92646563,-0.024760127
1356341170758,-0.3683722,-0.12276071,0.92153764,0.8510828,0.3543566,0.38741374,-0.3741121,0.92701733,-0.026055515
1356341170800,-0.5120556,-0.1836544,0.8390889,0.7739253,0.3251192,0.5434494,-0.3726108,0.92766833,-0.024344325
1356341170834,-0.61682934,-0.22922167,0.75298,0.6950773,0.29023176,0.65774846,-0.36930895,0.9290979,-0.019696712
1356341170875,-0.6882923,-0.25973868,0.6773401,0.6273461,0.2557289,0.735554,-0.3642673,0.93120277,-0.013070226
1356341170914,-0.7344104,-0.2794684,0.61849725,0.57543826,0.22680998,0.7857659,-0.3598781,0.9329816,-0.0057548285
1356341170956,-0.76178765,-0.29450676,0.57701415,0.53871995,0.20670652,0.81673324,-0.35980606,0.9330263,0.0011901855
1356341170998,-0.7750061,-0.30993935,0.55072963,0.51464295,0.19621706,0.8346506,-0.3667536,0.9302884,0.0074386
1356341171035,-0.77753913,-0.32793394,0.536556,0.50055647,0.19369799,0.8437561,-0.38062608,0.9246299,0.013541639
1356341171083,-0.77260005,-0.34770957,0.53121305,0.49424544,0.19578725,0.84698814,-0.3985106,0.91693264,0.020588577
1356341171118,-0.7632662,-0.36733714,0.531496,0.49388763,0.19862568,0.84653574,-0.41653275,0.9086315,0.02981913
1356341171153,-0.75206333,-0.38544965,0.53463006,0.4980265,0.198973,0.8440257,-0.43170637,0.9010207,0.042323828
1356341171194,-0.7403137,-0.40184584,0.5389393,0.5059241,0.19488603,0.840274,-0.4426923,0.89472866,0.05902672
1356341171230,-0.7274985,-0.41696757,0.54487056,0.5186246,0.18572819,0.83458585,-0.44919306,0.88974327,0.08113271
1356341171272,-0.71063745,-0.43147296,0.5557206,0.5402011,0.17142636,0.82389057,-0.45075172,0.8856884,0.111260235
1356341171312,-0.68383026,-0.4464329,0.57712543,0.57754487,0.15218419,0.80204856,-0.4458902,0.881781,0.15376693
1356341171369,-0.63918746,-0.463952,0.61334145,0.63567775,0.13013822,0.76090586,-0.43284294,0.8762491,0.21174127
1356341171393,-0.57375556,-0.4866166,0.6587934,0.7076671,0.11040008,0.6978675,-0.41232476,0.86661184,0.28102
1356341171432,-0.504505,-0.51410055,0.69366795,0.7700212,0.09551728,0.6308278,-0.39056617,0.85239494,0.34767944
1356341171470,-0.4687956,-0.5408226,0.698385,0.79859793,0.078356326,0.5967426,-0.37745476,0.83747905,0.39516675
1356341171510,-0.4905461,-0.5591111,0.6684005,0.784829,0.049861908,0.6177032,-0.37869248,0.827592,0.41434705
1356341171550,-0.5598591,-0.563868,0.60713315,0.73028976,0.010371685,0.68305874,-0.391452,0.8257998,0.4059803
1356341171590,-0.6461851,-0.55497175,0.523881,0.64366406,-0.027486682,0.76481444,-0.4100507,0.831415,0.3749768
1356341171632,-0.7236012,-0.53827477,0.43204337,0.54044735,-0.052510977,0.8397376,-0.4293226,0.84113187,0.32890618
1356341171671,-0.77896506,-0.5203168,0.34997714,0.4414404,-0.058630705,0.89537305,-0.44535822,0.85195833,0.27536005
1356341171710,-0.8123408,-0.5034528,0.29434276,0.36490625,-0.04509604,0.9299514,-0.45491296,0.86284506,0.22034651
1356341171754,-0.8296247,-0.4859208,0.27496114,0.32221323,-0.014508545,0.94655585,-0.4559619,0.8738823,0.16860688
1356341171790,-0.8355711,-0.46455276,0.29327723,0.31703424,0.028242707,0.94799346,-0.4486759,0.88509494,0.12368041
1356341171830,-0.8314193,-0.43734863,0.3427361,0.34557572,0.076015115,0.9353069,-0.43510833,0.8960736,0.0879367
1356341171870,-0.8167948,-0.40482494,0.41105127,0.39793363,0.120556,0.90945876,-0.41772628,0.90641224,0.06262392
1356341171911,-0.79305154,-0.3698283,0.4840416,0.4610766,0.15485746,0.8737434,-0.39809248,0.91610384,0.047709227
1356341171949,-0.76410675,-0.3364838,0.55038124,0.5232536,0.17570722,0.83386606,-0.37728837,0.92515165,0.041807294
1356341171990,-0.7345385,-0.3087935,0.6042348,0.5767893,0.18493342,0.7956844,-0.35744536,0.932977,0.042268097
1356341172018,-0.70735246,-0.28845227,0.64532757,0.61857873,0.18920124,0.7626029,-0.34207132,0.93861496,0.04459852
1356341172060,-0.6842663,-0.27845705,0.6739744,0.6476834,0.1926248,0.7371581,-0.3350911,0.94093436,0.04854524
1356341172100,-0.6608569,-0.27743137,0.69735205,0.66988134,0.20093298,0.7147621,-0.33841848,0.93949866,0.053058207
1356341172138,-0.63555586,-0.2830575,0.7182946,0.68789285,0.21479666,0.69330066,-0.35053122,0.9347411,0.058197975
1356341172178,-0.60708547,-0.29124367,0.7393405,0.7046655,0.23272318,0.6702884,-0.36727887,0.92791003,0.063946545
1356341172218,-0.5749329,-0.2982368,0.76191014,0.7221182,0.25288057,0.6438919,-0.38470453,0.92038375,0.06997281
1356341172258,-0.53844994,-0.30176574,0.7867713,0.74142796,0.2740388,0.61252534,-0.40044498,0.9131485,0.07618147
1356341172298,-0.4953314,-0.3009606,0.8149046,0.76381797,0.29595244,0.57358015,-0.413798,0.906551,0.08328462
1356341172368,-0.43898475,-0.29557842,0.84848446,0.79177517,0.31912774,0.5208162,-0.424717,0.90043926,0.093939364
1356341172381,-0.3543653,-0.28492486,0.89064205,0.82928157,0.34436685,0.44011766,-0.43210807,0.8945554,0.114251256
1356341172418,-0.2144109,-0.26384032,0.9404341,0.8752481,0.37547708,0.3048897,-0.4335536,0.88848484,0.15041935
1356341172458,0.008613139,-0.22337502,0.9746944,0.9042619,0.41785935,0.08777198,-0.42689118,0.8806231,0.2055887
1356341172498,0.30292982,-0.14775449,0.9414892,0.8579193,0.472454,-0.20189509,-0.41497943,0.8688818,0.26988184
1356341172538,0.5691457,-0.042168736,0.8211547,0.7152844,0.5179269,-0.4691695,-0.4055138,0.8543849,0.3249385
1356341172578,0.7324562,0.06494564,0.67770934,0.5476763,0.5351125,-0.6431992,-0.4044237,0.8422806,0.35637724
1356341172618,0.81079584,0.15570699,0.5642388,0.41646236,0.52390593,-0.743022,-0.41130176,0.8374234,0.3599347
1356341172661,0.8423497,0.22553489,0.48947012,0.33506992,0.4921825,-0.80342054,-0.422108,0.84076774,0.33901983
1356341172698,0.84889895,0.27260098,0.4528348,0.302856,0.45128915,-0.8394143,-0.4331846,0.8497216,0.30054003
1356341172738,0.8351692,0.29218838,0.4659596,0.32765904,0.41612354,-0.84822214,-0.4417374,0.86108494,0.2517954
1356341172779,0.78209925,0.27083504,0.5612211,0.43634683,0.40495288,-0.8035014,-0.44488445,0.8733049,0.19853534
1356341172818,0.6137625,0.17684315,0.7694296,0.6551798,0.42967752,-0.6213827,-0.44049388,0.88549626,0.14785591
1356341172858,0.27652985,0.019885242,0.9607996,0.8607795,0.43942374,-0.25683743,-0.42730543,0.8980598,0.10439694
1356341172898,-0.009001404,-0.08243278,0.9965559,0.91388893,0.40382138,0.041657865,-0.40586457,0.9111164,0.07169944
1356341172938,-0.13344714,-0.10862523,0.985085,0.9163262,0.36513057,0.16439548,-0.37754214,0.9245974,0.050810575
1356341172999,-0.17761537,-0.10730398,0.9782324,0.9216682,0.33028057,0.20357418,-0.34493545,0.9377636,0.040235758
1356341173018,-0.19999045,-0.103922784,0.9742709,0.9283083,0.29800534,0.22234303,-0.31344444,0.94889027,0.036874235
1356341173060,-0.22120741,-0.10539499,0.96951497,0.93046725,0.27491423,0.24218374,-0.29205847,0.9556747,0.0372535
1356341173095,-0.24345589,-0.11212146,0.96340954,0.9265369,0.26683742,0.26519257,-0.2868075,0.95719725,0.038921535
1356341173138,-0.25823206,-0.12363872,0.9581386,0.91830385,0.2766232,0.28319168,-0.30005682,0.9529916,0.04210496
1356341173179,-0.26481366,-0.13882262,0.9542547,0.90799004,0.29731303,0.2952272,-0.3246966,0.94463396,0.04731697
1356341173218,-0.26175302,-0.15418419,0.9527395,0.8985112,0.3214783,0.2988801,-0.35236764,0.9342799,0.054388285
1356341173258,-0.24911153,-0.1668419,0.9539953,0.89164174,0.34500468,0.29316658,-0.37804526,0.9236533,0.06281865
1356341173298,-0.2274892,-0.17534119,0.9578643,0.8877948,0.36679813,0.27799192,-0.40008625,0.91362715,0.07222444
1356341173364,-0.19746155,-0.18052903,0.9635447,0.88606644,0.38763773,0.25421125,-0.4193988,0.9039615,0.08341712
1356341173380,-0.1569367,-0.18540153,0.9700501,0.88553333,0.4084642,0.22133145,-0.4372659,0.89374673,0.10007626
1356341173418,-0.09806499,-0.1936475,0.9761578,0.88605416,0.4295933,0.17423466,-0.453091,0.882015,0.12945408
1356341173458,-0.00858584,-0.205035,0.978717,0.8858814,0.4524345,0.10255355,-0.46383244,0.86790764,0.17775214
1356341173498,0.121614546,-0.2096602,0.9701817,0.87606657,0.48215756,-0.0056208074,-0.46660197,0.8506273,0.24231362
1356341173538,0.2875653,-0.1872865,0.939271,0.83845377,0.5232393,-0.15236768,-0.4629271,0.8313509,0.30749655
1356341173578,0.4577884,-0.12675864,0.8799784,0.7618209,0.5661737,-0.31476384,-0.45832157,0.8144812,0.35575515
1356341173618,0.5901518,-0.04311493,0.8061402,0.6655122,0.591218,-0.45558187,-0.45696223,0.8053585,0.37760183
1356341173658,0.6651984,0.0331482,0.7459305,0.5891831,0.59037614,-0.55165136,-0.4586658,0.80644727,0.3731869
1356341173698,0.6932144,0.08735028,0.7154185,0.553722,0.57085073,-0.6062354,-0.46135205,0.8163941,0.34735417
1356341173738,0.6903058,0.12191853,0.7131716,0.55615497,0.54107,-0.6308209,-0.46278453,0.83209324,0.30569816
1356341173778,0.6684568,0.14294718,0.7298847,0.5841204,0.50658345,-0.634174,-0.46040088,0.85025847,0.25513074
1356341173818,0.6356846,0.15486647,0.7562549,0.6259749,0.4698712,-0.6223958,-0.4517306,0.869044,0.20174736
1356341173858,0.59648585,0.15875033,0.7867674,0.67432535,0.43251777,-0.5985096,-0.43530446,0.8875397,0.15094134
1356341173898,0.5512885,0.15338787,0.8200934,0.72536206,0.39755014,-0.5619641,-0.4122267,0.904669,0.10790306
1356341173938,0.49746415,0.1378285,0.8564652,0.77743304,0.36719605,-0.51065135,-0.3848729,0.91987514,0.075514436
1356341173978,0.42981583,0.11189321,0.89595664,0.8299446,0.3418377,-0.440839,-0.35559866,0.93307394,0.0540621
1356341174018,0.34411526,0.07761571,0.9357139,0.8801954,0.3202678,-0.35026357,-0.32686496,0.9441421,0.04189205
1356341174058,0.24204627,0.039895415,0.96944416,0.9217812,0.30243757,-0.24259216,-0.3028746,0.95233387,0.036429048
1356341174098,0.13507316,0.0044608414,0.99082565,0.9475601,0.2917237,-0.13048846,-0.28962946,0.95649225,0.03517711
1356341174138,0.041465133,-0.025830239,0.99880594,0.9555981,0.29291967,-0.032096118,-0.29174083,0.955788,0.036829293
1356341174178,-0.025073439,-0.05146405,0.99836004,0.9508941,0.30695906,0.03970465,-0.30849898,0.95033026,0.041240394
1356341174218,-0.060160965,-0.07259405,0.99554545,0.94065356,0.32959035,0.080877185,-0.33399338,0.941329,0.048457384
1356341174258,-0.06621036,-0.08762422,0.9939508,0.9302473,0.3548858,0.09325269,-0.36091024,0.93079436,0.05801505
1356341174298,-0.047933698,-0.09487504,0.9943346,0.921948,0.3788364,0.08059105,-0.38433623,0.92058766,0.069310784
1356341174367,-0.010196924,-0.095082134,0.9954172,0.9151435,0.40030664,0.047611892,-0.4029991,0.9114351,0.082931936
1356341174380,0.0436849,-0.0899027,0.994992,0.9077462,0.41951525,-0.0019489825,-0.4172391,0.9032854,0.09993535
1356341174420,0.10814768,-0.08689189,0.99033016,0.8977494,0.43643624,-0.059744477,-0.42702466,0.89552957,0.12520671
1356341174459,0.18567938,-0.092775404,0.9782208,0.88300097,0.45250624,-0.12468931,-0.43108296,0.8869221,0.16594183
1356341174498,0.2765692,-0.10976148,0.95470524,0.8600258,0.47154933,-0.19492793,-0.428795,0.8749821,0.2248137
1356341174538,0.37223953,-0.13224015,0.91866773,0.8264029,0.49777913,-0.26320013,-0.42248803,0.8571631,0.29457667
1356341174578,0.45456463,-0.14745864,0.878423,0.78648865,0.52936846,-0.31812683,-0.41809893,0.8354789,0.3566067
1356341174618,0.5081477,-0.14889574,0.8483018,0.7518281,0.5571859,-0.3525598,-0.42016715,0.8169296,0.39507675
1356341174658,0.5283116,-0.13877764,0.8376322,0.73317707,0.5720904,-0.36764657,-0.42818022,0.8083646,0.4039906
1356341174698,0.5187956,-0.12187576,0.84616625,0.73379225,0.57132584,-0.3676079,-0.43863416,0.81162363,0.38583285
1356341174738,0.48759758,-0.10039812,0.86727667,0.7492372,0.5580859,-0.35662842,-0.44821003,0.8236871,0.34734336
1356341174778,0.44449496,-0.075098544,0.89262784,0.7721139,0.53733754,-0.33927628,-0.4541633,0.84001696,0.29682848
1356341174818,0.39805734,-0.046716988,0.91617024,0.7972394,0.5116854,-0.32029265,-0.45382786,0.8579019,0.24092472
1356341174858,0.35493886,-0.018851072,0.93469954,0.822016,0.4825282,-0.3024173,-0.445318,0.8756776,0.18676388
1356341174898,0.31877583,0.004395634,0.94781995,0.8455713,0.45048922,-0.2864762,-0.42824194,0.89277107,0.13988826
1356341174938,0.28985298,0.019564569,0.95687115,0.86755866,0.41680562,-0.27132085,-0.40413758,0.9087851,0.10383892
1356341174978,0.26622483,0.025088608,0.9635844,0.88793886,0.38261357,-0.25528705,-0.37508526,0.9235678,0.07958406
1356341175018,0.24461503,0.021494567,0.969382,0.9066086,0.34945327,-0.2365233,-0.34383768,0.93670726,0.06599438
1356341175069,0.22330725,0.009256333,0.97470415,0.92349577,0.31796938,-0.2145949,-0.31191242,0.9480558,0.062456667
1356341175110,0.19456097,-0.005425215,0.9808755,0.93714064,0.29634532,-0.18424699,-0.28967825,0.9550655,0.0627414
1356341175148,0.16653243,-0.017733485,0.9858765,0.9447961,0.28900293,-0.15439475,-0.28218323,0.95716393,0.064882874
1356341175188,0.14216828,-0.027743518,0.9894537,0.9462586,0.29716218,-0.12762967,-0.29048732,0.9544239,0.068499565
1356341175228,0.124926925,-0.03633836,0.99150026,0.94242036,0.3168068,-0.10713205,-0.31022105,0.9477937,0.07382369
1356341175268,0.117375016,-0.04331559,0.9921425,0.9350669,0.34130222,-0.09572187,-0.33447415,0.93895507,0.08056337
1356341175308,0.120601684,-0.047357142,0.99157083,0.92596036,0.36543187,-0.0951688,-0.3578447,0.92963266,0.08792251
1356341175373,0.13446343,-0.048431396,0.9897343,0.9149828,0.38952488,-0.10524696,-0.38042888,0.9197417,0.096690714
1356341175399,0.16166678,-0.04424271,0.98585314,0.9018425,0.41223583,-0.12938994,-0.4006794,0.9100023,0.10654479
1356341175438,0.1919245,-0.042767823,0.98047745,0.8870825,0.4349268,-0.15467161,-0.41982093,0.89944965,0.12141168
1356341175478,0.22451165,-0.052220225,0.9730712,0.8708659,0.4588116,-0.17630804,-0.43724954,0.8869977,0.14848536
1356341175518,0.25897938,-0.07971719,0.9625876,0.854383,0.48373884,-0.18980637,-0.45051026,0.8715744,0.19338739
1356341175558,0.2934268,-0.12399602,0.94790596,0.8392877,0.5081523,-0.1933321,-0.45770818,0.8522947,0.25317383
1356341175598,0.32395262,-0.1710014,0.93049085,0.8265536,0.52966666,-0.19042692,-0.46028674,0.8307898,0.31292877
1356341175639,0.3474205,-0.20285046,0.9155057,0.8158854,0.5466251,-0.1884993,-0.46220118,0.8124362,0.35541153
1356341175678,0.36290902,-0.20901048,0.9080813,0.8071364,0.55749214,-0.19425061,-0.46564773,0.8034408,0.37101895
1356341175718,0.3708092,-0.1902627,0.90901077,0.8014034,0.56017226,-0.20966509,-0.46931112,0.8062302,0.36019427
1356341175758,0.37054583,-0.15416658,0.9159304,0.8005851,0.55298495,-0.2308054,-0.4709133,0.81880414,0.32832974
1356341175798,0.3609798,-0.1109567,0.92594934,0.8063121,0.53600943,-0.2501093,-0.4685663,0.83688855,0.2829543
1356341175838,0.34135544,-0.069713056,0.9373455,0.81928957,0.5108548,-0.26036894,-0.46069625,0.8568357,0.2314983
1356341175878,0.31241274,-0.035581082,0.9492799,0.83882916,0.47932422,-0.25809672,-0.44582942,0.8769164,0.17959341
1356341175937,0.27725407,-0.011452496,0.96072835,0.86206555,0.44447622,-0.24348277,-0.42423242,0.89571744,0.13310564
1356341175958,0.24089888,0.0025664866,0.9705468,0.8853328,0.4091697,-0.22083,-0.3976851,0.9124547,0.09629631
1356341175998,0.20728916,0.0072778463,0.97825265,0.9062882,0.375077,-0.19483054,-0.368338,0.9269651,0.07115358
1356341176036,0.17760342,0.004201919,0.9840932,0.9240881,0.34315693,-0.16823927,-0.33840534,0.9392687,0.057062924
1356341176079,0.15164095,-0.0042951405,0.98842627,0.9385034,0.3144396,-0.14261556,-0.31018776,0.94926775,0.05171299
1356341176118,0.12825564,-0.015065849,0.9916267,0.9489379,0.29244497,-0.11829114,-0.28821403,0.95616364,0.051804304
1356341176158,0.10732508,-0.02544859,0.9938983,0.95448506,0.28244215,-0.095837206,-0.2782799,0.9589467,0.054603398
1356341176198,0.089841515,-0.03459713,0.995355,0.9547602,0.28745225,-0.07618594,-0.28348124,0.9571699,0.058857083
1356341176238,0.07785797,-0.042948723,0.9960389,0.9504849,0.30469346,-0.061158925,-0.3008599,0.9514817,0.064544916
1356341176278,0.07364693,-0.05060336,0.99599975,0.94313014,0.3281612,-0.053064883,-0.32416326,0.9432654,0.07189363
1356341176318,0.079098344,-0.056321472,0.9952744,0.9346235,0.35145515,-0.054389685,-0.34673095,0.93450904,0.08043891
1356341176377,0.094596,-0.0593445,0.99374545,0.92582047,0.3721734,-0.06590471,-0.36593452,0.92626417,0.09014845
1356341176399,0.11981827,-0.059832394,0.99099123,0.91639495,0.39065868,-0.08721241,-0.38192117,0.918589,0.1016382
1356341176438,0.15253693,-0.06083572,0.98642355,0.9056365,0.40820044,-0.1148693,-0.39567035,0.910863,0.11736071
1356341176478,0.19095063,-0.0687435,0.97918963,0.89327574,0.4257151,-0.14430958,-0.40693545,0.90224224,0.14269745
1356341176518,0.23405594,-0.09078139,0.9679755,0.8796744,0.44373578,-0.17108908,-0.41399363,0.8915477,0.18371701
1356341176558,0.28058553,-0.12884241,0.9511422,0.8652719,0.46284604,-0.19255653,-0.41542295,0.87702525,0.24135163
1356341176598,0.3266123,-0.172858,0.9292171,0.8502356,0.48314536,-0.20897356,-0.41282415,0.8583069,0.30477124
1356341176639,0.36638063,-0.20530102,0.90753335,0.8346652,0.50357187,-0.22304568,-0.4112168,0.8392061,0.3558566
1356341176678,0.39627248,-0.21383154,0.89288527,0.81928873,0.52130294,-0.2387659,-0.41440803,0.82614726,0.3817678
1356341176718,0.41450644,-0.19681117,0.88850987,0.8062545,0.53222674,-0.25824088,-0.42206407,0.8234076,0.37929127
1356341176758,0.42039812,-0.16125223,0.89289594,0.79842985,0.5332162,-0.27962515,-0.43101645,0.83046865,0.35291165
1356341176798,0.41128898,-0.117248386,0.90393263,0.79918456,0.5232917,-0.2957529,-0.43834394,0.844049,0.3089272
1356341176838,0.3855586,-0.075480014,0.9195908,0.81017387,0.50463605,-0.29826263,-0.44154578,0.86002624,0.25571874
1356341176880,0.34204215,-0.042102903,0.93874085,0.8311473,0.47963423,-0.2813272,-0.4384075,0.87645775,0.19904888
1356341176920,0.28458464,-0.019702166,0.9584485,0.857823,0.45156014,-0.24542442,-0.42796183,0.8920232,0.14540803
1356341176958,0.22260293,-0.006819397,0.9748853,0.8841686,0.42269602,-0.19893211,-0.4107235,0.9062459,0.10012287
1356341176999,0.16648078,-0.0013502836,0.98604375,0.9064706,0.39376742,-0.15250662,-0.388066,0.9192091,0.06677872
1356341177038,0.12229985,-0.0020030737,0.9924912,0.92441785,0.36420155,-0.113176495,-0.3612401,0.93131804,0.046393454
1356341177078,0.09085667,-0.008073628,0.99583125,0.93908185,0.33352733,-0.08297503,-0.33146703,0.94270587,0.03788495
1356341177118,0.06882048,-0.017836869,0.99746954,0.95032,0.3054163,-0.06010586,-0.3035713,0.9520518,0.03796965
1356341177158,0.05384937,-0.028836906,0.99813265,0.95695746,0.28697464,-0.043337137,-0.2851891,0.95750415,0.043049037
1356341177198,0.04523009,-0.03941837,0.9981986,0.9582664,0.28405738,-0.032203466,-0.28227636,0.9579967,0.05062121
1356341177238,0.043842316,-0.048988134,0.99783665,0.95478797,0.29602063,-0.027417928,-0.29403704,0.95392454,0.05975151
1356341177278,0.05082345,-0.0569427,0.997083,0.94787097,0.31722027,-0.030198812,-0.31457537,0.94664085,0.07009655
1356341177318,0.066946685,-0.061590582,0.9958538,0.9392643,0.34060556,-0.042077035,-0.33660182,0.93818676,0.08065224
1356341177370,0.09193915,-0.061652035,0.9938543,0.9298676,0.36236572,-0.063541204,-0.3562213,0.9299947,0.09064382
1356341177399,0.12506655,-0.05733657,0.9904902,0.9193492,0.3820565,-0.09396762,-0.37303543,0.9223586,0.10049486
1356341177440,0.16662163,-0.05047801,0.984728,0.90645885,0.40085995,-0.1328296,-0.38803303,0.91474766,0.11254817
1356341177480,0.21863967,-0.04484245,0.9747747,0.88936126,0.42021698,-0.18015039,-0.4015385,0.90631497,0.13175726
1356341177519,0.28535116,-0.046280652,0.95730495,0.8651601,0.44222504,-0.23650554,-0.41239858,0.8957093,0.16622964
1356341177558,0.37015337,-0.05289972,0.9274633,0.8290496,0.46924716,-0.30411178,-0.4191221,0.881481,0.21754995
1356341177598,0.4657004,-0.058237016,0.88302416,0.7778602,0.5027356,-0.37708142,-0.42196757,0.86247635,0.27942443
1356341177638,0.5562272,-0.049720258,0.82954156,0.7148334,0.5377071,-0.4470842,-0.42382124,0.84166443,0.33462903
1356341177678,0.6244694,-0.024460703,0.7806662,0.65390944,0.56297266,-0.50543463,-0.4271304,0.82611346,0.3675543
1356341177720,0.6630838,0.010659128,0.74846923,0.6115711,0.56884634,-0.54990405,-0.4316255,0.82237464,0.370674
1356341177758,0.67690015,0.04330054,0.73480016,0.5939163,0.5575776,-0.57997465,-0.4348213,0.82899475,0.3517075
1356341177798,0.670731,0.07144198,0.738252,0.60064554,0.53162843,-0.5971567,-0.4351378,0.8439593,0.31366834
1356341177838,0.6490916,0.09310052,0.7549917,0.62632895,0.49786434,-0.59986925,-0.43173164,0.8622432,0.26484796
1356341177878,0.6163788,0.10878602,0.77989924,0.6637926,0.46102938,-0.5889238,-0.4236232,0.8806915,0.21195737
1356341177918,0.5765022,0.11796147,0.80853593,0.70667124,0.42477837,-0.56584376,-0.4101963,0.89757925,0.16152567
1356341177958,0.5333785,0.120333165,0.8372737,0.7497275,0.3910883,-0.5338152,-0.39168367,0.91245264,0.11838099
1356341177998,0.49000245,0.11572054,0.86400604,0.7896607,0.36089593,-0.49617565,-0.36923397,0.9253988,0.08545992
1356341178038,0.44832107,0.10441032,0.8877537,0.82494307,0.334107,-0.45589623,-0.344205,0.9367342,0.06365466
1356341178078,0.40916878,0.08755666,0.9082482,0.8552381,0.31014276,-0.41518578,-0.31803885,0.94664943,0.05201894
1356341178118,0.37200618,0.06780431,0.9257505,0.8805506,0.28975302,-0.37506515,-0.29367003,0.9546967,0.048084766
1356341178158,0.3357399,0.049066544,0.94067585,0.90049595,0.27629352,-0.33581084,-0.27637967,0.95982,0.04857856
1356341178198,0.30080387,0.034507304,0.9530616,0.91406894,0.2746118,-0.29843995,-0.27202034,0.96093583,0.051062196
1356341178238,0.26985478,0.02475071,0.9625828,0.92070067,0.28607064,-0.265469,-0.28193724,0.9578888,0.054409564
1356341178279,0.24643692,0.018777162,0.96897686,0.92066133,0.3077797,-0.2401132,-0.30274007,0.9512723,0.058560908
1356341178318,0.23288612,0.015553862,0.9723797,0.91581607,0.33287722,-0.2246637,-0.32717744,0.9428419,0.06327796
1356341178376,0.22906697,0.014635563,0.9733006,0.9082616,0.35643703,-0.2191197,-0.3501273,0.9342047,0.068355024
1356341178400,0.23340844,0.015170336,0.9722605,0.8992547,0.37704283,-0.22176519,-0.36994815,0.92607164,0.07436293
1356341178440,0.24419464,0.0144999325,0.96961784,0.8890966,0.39583188,-0.22983503,-0.38713828,0.9182085,0.08376819
1356341178478,0.26084906,0.0071970224,0.9653528,0.87753415,0.4150076,-0.24021348,-0.40235758,0.90978944,0.101938665
1356341178518,0.28456694,-0.013928652,0.958555,0.8640408,0.43686765,-0.25016037,-0.41527724,0.899418,0.13635302
1356341178558,0.3157668,-0.052815586,0.9473657,0.84837866,0.46283895,-0.25697017,-0.42490572,0.88486755,0.19095677
1356341178598,0.35031122,-0.104467094,0.93078935,0.83143514,0.4922623,-0.25766927,-0.43127456,0.86415535,0.2593026
1356341178638,0.37783927,-0.15344235,0.9130678,0.8164073,0.52036834,-0.2503913,-0.43671095,0.840043,0.3218871
1356341178678,0.3905753,-0.18540773,0.90170664,0.8066895,0.5408392,-0.23821184,-0.44351202,0.82043695,0.36080492
1356341178718,0.38642752,-0.19516167,0.9014353,0.80447006,0.54935,-0.22592556,-0.4511115,0.81248164,0.3692857
1356341178758,0.3677199,-0.1855523,0.9112367,0.80977434,0.5456693,-0.21566287,-0.45721716,0.8171997,0.350909
1356341178818,0.33670282,-0.16078094,0.9277827,0.82180536,0.5311488,-0.20619652,-0.45963818,0.83188367,0.31096992
1356341178838,0.30171466,-0.12893775,0.9446393,0.8367516,0.5107074,-0.19754711,-0.45696297,0.85003126,0.26197675
1356341178878,0.26632294,-0.09320584,0.9593669,0.8539816,0.48436734,-0.19000974,-0.44697598,0.8698857,0.2085942
1356341178916,0.23720278,-0.057118148,0.9697796,0.8717029,0.4531476,-0.18652427,-0.42879942,0.88960373,0.15727788
1356341178959,0.21914922,-0.024409384,0.975386,0.8887062,0.4176075,-0.18922332,-0.4027097,0.9082997,0.113211095
1356341178998,0.21419713,0.0011501908,0.9767897,0.9034983,0.37981543,-0.19857252,-0.3712282,0.9250616,0.080316186
1356341179038,0.2200589,0.016812563,0.9753417,0.9155991,0.34137553,-0.21246415,-0.33652976,0.9397766,0.05972916
1356341179078,0.23190844,0.022511214,0.9724771,0.92485344,0.30470014,-0.2276048,-0.30143753,0.95218223,0.049842954
1356341179118,0.24444613,0.021086723,0.96943355,0.93108356,0.27409598,-0.24073803,-0.27079427,0.9614711,0.04736814
1356341179158,0.2541415,0.01703468,0.967017,0.93393135,0.2555353,-0.2499477,-0.25136477,0.96664965,0.049032897
1356341179198,0.26034877,0.014101028,0.9654116,0.93301296,0.25357595,-0.25531536,-0.2484054,0.9672126,0.05286175
1356341179238,0.2649607,0.013759404,0.96416104,0.928058,0.2677678,-0.2588606,-0.26173306,0.9633852,0.058178395
1356341179278,0.2709111,0.01606077,0.96247035,0.91926515,0.29232156,-0.2636279,-0.28558487,0.9561852,0.064429045
1356341179318,0.28089994,0.02098322,0.9595076,0.9073252,0.32005912,-0.2726226,-0.3128196,0.94716513,0.07086602
1356341179360,0.2967539,0.028672248,0.95452344,0.89285505,0.34623155,-0.2879819,-0.3387432,0.9377109,0.0771454
1356341179399,0.31909913,0.03875625,0.9469285,0.8759218,0.3694324,-0.3102913,-0.36185178,0.92844903,0.08393812
1356341179440,0.34785497,0.048792183,0.93627787,0.8560983,0.39059806,-0.33842108,-0.38222063,0.9192673,0.094100595
1356341179478,0.3826043,0.05273685,0.92240596,0.83304155,0.4120794,-0.3690967,-0.3995695,0.90962046,0.113731384
1356341179519,0.42222542,0.041554034,0.90553796,0.8070128,0.4377423,-0.39637354,-0.41286325,0.8981397,0.15129125
1356341179558,0.46207654,0.012512833,0.8867518,0.780043,0.4699769,-0.41310358,-0.42192197,0.88259006,0.20740473
1356341179598,0.49309278,-0.026884764,0.86956125,0.75686455,0.50610393,-0.41353953,-0.42897052,0.8620534,0.26990432
1356341179638,0.5063653,-0.06426346,0.8599212,0.7434699,0.53773725,-0.3976068,-0.4368601,0.8406598,0.3200694
1356341179678,0.49762,-0.092191756,0.8624819,0.7442046,0.5561577,-0.36993003,-0.44557148,0.8259475,0.3453647
1356341179718,0.46678686,-0.10911608,0.8776125,0.75956863,0.55772734,-0.33465755,-0.452952,0.82282066,0.34322095
1356341179758,0.41668123,-0.118092895,0.9013494,0.78578174,0.54534024,-0.29180658,-0.4570818,0.82985425,0.3200283
1356341179798,0.35378075,-0.119276404,0.92769194,0.81621015,0.52373666,-0.24392802,-0.4567714,0.84348863,0.28264257
1356341179838,0.28756797,-0.11309743,0.9510593,0.84494764,0.4975158,-0.1963202,-0.45096368,0.8600507,0.23863098
1356341179878,0.2287173,-0.09917912,0.96842766,0.8691757,0.4688308,-0.1572625,-0.43843153,0.8777023,0.19343376
1356341179920,0.18585372,-0.079218924,0.9793788,0.8888559,0.43839365,-0.13321519,-0.41880035,0.8952851,0.15189129
1356341179958,0.16320965,-0.056906104,0.9849489,0.90499705,0.40617684,-0.1264942,-0.39286515,0.9120209,0.11779183
1356341179999,0.15947181,-0.036780417,0.9865171,0.91881853,0.3709842,-0.13469678,-0.36102808,0.9279105,0.09295601
1356341180038,0.16991675,-0.02230534,0.9852059,0.930671,0.33233476,-0.152987,-0.3240057,0.9428977,0.07722819
1356341180078,0.18802708,-0.014371455,0.9820587,0.93970937,0.29343194,-0.17562473,-0.2856434,0.95587194,0.06867814
1356341180118,0.20746806,-0.011039257,0.9781795,0.94482803,0.26137248,-0.19744468,-0.25348955,0.9651749,0.064656615
1356341180158,0.22398236,-0.00863266,0.97455496,0.9455489,0.24422684,-0.2151525,-0.2361551,0.9696797,0.06286514
1356341180198,0.23620063,-0.0048938394,0.97169197,0.9422871,0.2453453,-0.22781721,-0.23728514,0.9694234,0.06256214
1356341180238,0.2455197,2.6208162E-4,0.9693915,0.9356592,0.26143926,-0.23704693,-0.2534991,0.96521986,0.0639433
1356341180278,0.25458854,0.0060271025,0.96703064,0.92639685,0.2853688,-0.24566957,-0.277441,0.9583988,0.06706816
1356341180318,0.2657653,0.01200828,0.9639629,0.9151112,0.31136078,-0.25617555,-0.30321646,0.95021594,0.07176
1356341180364,0.280528,0.018311292,0.95967114,0.9022125,0.33620417,-0.2701469,-0.32759222,0.9416111,0.077793986
1356341180398,0.29864973,0.024174571,0.9540565,0.88762975,0.3602137,-0.2869834,-0.3506019,0.9325565,0.08611968
1356341180438,0.3198008,0.026203036,0.94712234,0.87094367,0.385472,-0.3047431,-0.37307438,0.92234737,0.1004529
1356341180478,0.34440628,0.01771611,0.9386535,0.85203713,0.41394702,-0.32043818,-0.3942297,0.9101286,0.12747118
1356341180518,0.37400836,-0.008851349,0.9273831,0.83109933,0.446958,-0.33091167,-0.41157228,0.8945112,0.17452237
1356341180558,0.409495,-0.05003345,0.91093934,0.808386,0.4827252,-0.33688045,-0.42287812,0.8743415,0.2381199
1356341180598,0.4507169,-0.08782303,0.88833624,0.7826546,0.51747304,-0.34593835,-0.4293087,0.8511808,0.30196896
1356341180638,0.49882972,-0.09885511,0.86104393,0.74983466,0.54744655,-0.37155128,-0.43464577,0.8309814,0.3472076
1356341180678,0.5547449,-0.07024893,0.8290496,0.70577025,0.5674189,-0.42417464,-0.44062054,0.8204272,0.36435232
1356341180718,0.6155863,-0.0055722,0.7880498,0.65002924,0.568946,-0.5037484,-0.4455508,0.822356,0.35385743
1356341180758,0.6728261,0.07583749,0.7359034,0.5892958,0.54643404,-0.59509695,-0.44725335,0.8340615,0.32296437
1356341180799,0.7171023,0.15095928,0.680423,0.5368924,0.5028665,-0.6774007,-0.44442186,0.8510796,0.27955782
1356341180838,0.74479467,0.20446385,0.63519716,0.5053125,0.44888896,-0.7369925,-0.4358213,0.86988115,0.23101196
1356341180878,0.7561716,0.23141299,0.61208874,0.5018832,0.39512384,-0.76940906,-0.41990215,0.8890023,0.18263909
1356341180918,0.7502819,0.23290938,0.61873287,0.5291028,0.34959918,-0.7731951,-0.3963929,0.9074876,0.13906491
1356341180958,0.7228585,0.21345462,0.65720075,0.5851997,0.3166472,-0.7465091,-0.3674466,0.924214,0.10397753
1356341180998,0.66994244,0.17823227,0.7207013,0.6625296,0.29451978,-0.68870366,-0.33501,0.9388777,0.07922715
1356341181038,0.5879725,0.13190773,0.7980531,0.7506733,0.27851287,-0.5990995,-0.3012939,0.95133114,0.0647383
1356341181078,0.4832197,0.08218029,0.87163365,0.8330873,0.26295385,-0.48664242,-0.26919186,0.9613021,0.05860111
1356341181118,0.370216,0.037672162,0.9281815,0.8963229,0.2479816,-0.3675737,-0.24401924,0.968032,0.05804032
1356341181158,0.26393777,0.0032489598,0.9645342,0.936064,0.2403276,-0.25695658,-0.23263901,0.9706863,0.060390294
1356341181198,0.17638251,-0.022415757,0.98406637,0.9550474,0.24590185,-0.16557992,-0.23827216,0.9690355,0.06478089
1356341181238,0.11233553,-0.04359913,0.99271345,0.9596815,0.26381865,-0.09701097,-0.25766674,0.96358645,0.07147747
1356341181278,0.0728161,-0.06193158,0.9954207,0.95628107,0.2877802,-0.052048266,-0.28323892,0.9556919,0.080179036
1356341181318,0.057141453,-0.07591426,0.99547565,0.9493954,0.31258336,-0.03065899,-0.30884168,0.94685197,0.08993411
1356341181363,0.06490278,-0.082666904,0.99446154,0.9413451,0.33577615,-0.033524036,-0.33114514,0.9383073,0.099610865
1356341181398,0.09414527,-0.08124721,0.99223757,0.9318645,0.35795948,-0.05910617,-0.3503786,0.93019557,0.1094116
1356341181438,0.14382869,-0.07333249,0.98688185,0.9185945,0.38083804,-0.10557744,-0.36809993,0.9217292,0.1221382
1356341181478,0.21422857,-0.063356906,0.9747267,0.8979436,0.40553498,-0.17099327,-0.38445213,0.91188115,0.14376813
1356341181518,0.3036515,-0.058216453,0.95100296,0.865806,0.43350238,-0.24991119,-0.3977131,0.89926994,0.1820378
1356341181558,0.41308045,-0.052779734,0.90916383,0.8148117,0.46730733,-0.34308276,-0.40675107,0.88251805,0.23604107
1356341181598,0.5353043,-0.029688269,0.84413743,0.7364161,0.50587445,-0.44920194,-0.41369155,0.8620961,0.2926597
1356341181638,0.6519712,0.025369585,0.7578192,0.6300392,0.5379561,-0.56004804,-0.42188168,0.842591,0.33474803
1356341181697,0.74029,0.10256922,0.66441727,0.5157706,0.54726464,-0.6591525,-0.4312208,0.8306509,0.35223234
1356341181718,0.79084426,0.1750539,0.58644825,0.42641795,0.5297485,-0.7331673,-0.4390138,0.82989323,0.34430242
1356341181758,0.81361586,0.22778058,0.53492546,0.376584,0.4945132,-0.7833526,-0.4429602,0.83879244,0.31656528
1356341181796,0.8209597,0.2611055,0.5077885,0.36104557,0.4515794,-0.81591797,-0.4423475,0.8531705,0.2764575
1356341181838,0.8205068,0.28037083,0.49815738,0.3688869,0.40602216,-0.8361032,-0.43668187,0.8697921,0.22971883
1356341181878,0.81600446,0.28905123,0.5005858,0.39125693,0.36128098,-0.84640074,-0.4255053,0.88652444,0.1817136
1356341181918,0.809116,0.28876358,0.5118075,0.4225824,0.3193069,-0.84821415,-0.408357,0.90258443,0.13632993
1356341181958,0.7994857,0.2795304,0.5316816,0.4605261,0.2830557,-0.8413056,-0.385666,0.9174651,0.09756793
1356341181998,0.78548056,0.259988,0.56162846,0.50540423,0.25429034,-0.8245623,-0.357193,0.931527,0.06834108
1356341182039,0.7630231,0.22855732,0.6046133,0.5600947,0.2331008,-0.7949578,-0.3226293,0.94521195,0.04984756
1356341182078,0.7256693,0.18732108,0.6620535,0.6263706,0.21832004,-0.74832904,-0.28471738,0.9577303,0.04109575
1356341182118,0.66842055,0.14393926,0.7297229,0.7000309,0.20978436,-0.68260336,-0.2513379,0.96709466,0.03946221
1356341182158,0.5942022,0.10727763,0.7971294,0.77011824,0.21002996,-0.6023332,-0.23203793,0.9717916,0.042183846
1356341182198,0.5152465,0.080812216,0.85322356,0.8252509,0.22185333,-0.519367,-0.23126173,0.9717256,0.047618777
1356341182238,0.44707286,0.06309906,0.89226913,0.8598194,0.24474008,-0.44812125,-0.24664998,0.9675333,0.055162877
1356341182278,0.40285945,0.052690208,0.913744,0.8744676,0.2725736,-0.4012606,-0.270205,0.9606911,0.06373295
1356341182318,0.39077783,0.051356763,0.91905123,0.8718585,0.299573,-0.38745174,-0.29522115,0.9526901,0.07229069
1356341182361,0.41462168,0.062372684,0.9078538,0.85232955,0.32287243,-0.41144592,-0.31878394,0.944385,0.08070785
1356341182398,0.4753973,0.088733196,0.8752849,0.8113867,0.3403536,-0.4751957,-0.340072,0.9361014,0.08980629
1356341182438,0.5582847,0.12508553,0.82016575,0.74744105,0.35320926,-0.5626501,-0.36006954,0.9271445,0.10369724
1356341182478,0.653668,0.16511177,0.7385501,0.65560687,0.3639258,-0.66161746,-0.37801832,0.9166767,0.12963825
1356341182524,0.74324405,0.19673881,0.6394389,0.54254806,0.38198426,-0.7481508,-0.39144593,0.902985,0.1771673
1356341182558,0.81523186,0.22137442,0.53515446,0.41970816,0.41088265,-0.8093334,-0.3990514,0.88440305,0.24205197
1356341182598,0.8614859,0.24178365,0.4465229,0.3092226,0.44770402,-0.8390128,-0.40276968,0.8608727,0.31092572
1356341182638,0.8837779,0.26283565,0.38710982,0.2290361,0.47842866,-0.8477314,-0.40801847,0.8378684,0.36262584
1356341182678,0.88833636,0.28130504,0.36294076,0.19075242,0.4928993,-0.8489192,-0.41769847,0.82335764,0.38420075
1356341182718,0.8819256,0.29253942,0.36963218,0.19413315,0.4891482,-0.85032135,-0.42955744,0.821678,0.3746007
1356341182758,0.86788106,0.2953927,0.39940658,0.23185813,0.47019917,-0.85156006,-0.43934527,0.83165854,0.33958775
1356341182798,0.846337,0.29186127,0.4455678,0.2943388,0.44092923,-0.8479068,-0.44393504,0.84876287,0.28726864
1356341182838,0.8162824,0.28401992,0.50300676,0.37261727,0.4065012,-0.8342141,-0.44140628,0.8683833,0.22598903
1356341182878,0.7772043,0.27273685,0.56706977,0.45933896,0.37002647,-0.80751973,-0.43007123,0.88808507,0.16230749
1356341182918,0.7290345,0.2569332,0.63442415,0.5482068,0.33581686,-0.765961,-0.40985113,0.9062076,0.103969514
1356341182958,0.671928,0.2350374,0.702332,0.6343328,0.30683956,-0.70955724,-0.38227573,0.9222836,0.057082146
1356341182998,0.60419047,0.20479494,0.77007335,0.7159996,0.28460258,-0.63745266,-0.34971195,0.93651503,0.025321066
1356341183038,0.5200666,0.16392395,0.83824795,0.794238,0.26820156,-0.5452101,-0.31419235,0.9493139,0.009288073
1356341183078,0.40922236,0.112359285,0.90549016,0.86898005,0.25461566,-0.4243166,-0.2782279,0.96049273,0.0065564215
1356341183118,0.26693133,0.054662436,0.96216404,0.9316881,0.24061152,-0.272146,-0.2463839,0.96908104,0.013298422
1356341183158,0.107869506,-1.873076E-4,0.99416506,0.9681351,0.2273519,-0.1050024,-0.22600567,0.9738127,0.024705648
1356341183198,-0.034236073,-0.046144694,0.9983479,0.9744588,0.22029316,0.04359907,-0.22194108,0.9743416,0.037424088
1356341183238,-0.1370393,-0.08365294,0.98702717,0.96263564,0.22370142,0.15261197,-0.23356584,0.9710612,0.049871385
1356341183278,-0.1988607,-0.11391187,0.9733851,0.9463488,0.23582155,0.22093466,-0.25471225,0.96509707,0.06090474
1356341183318,-0.22818983,-0.13692826,0.9639399,0.93269044,0.25329155,0.2567724,-0.27931723,0.9576503,0.06991309
1356341183360,-0.23396373,-0.15289307,0.9601483,0.92351484,0.27378136,0.26863372,-0.30394298,0.9495617,0.07714409
1356341183398,-0.2209279,-0.16252747,0.9616526,0.9188247,0.29594737,0.26110625,-0.3270355,0.9412757,0.083951235
1356341183438,-0.18948615,-0.16849947,0.96731734,0.91777253,0.31975436,0.23547974,-0.34898213,0.9323975,0.094055176
1356341183478,-0.12967965,-0.17357889,0.9762446,0.9201565,0.34577867,0.1837095,-0.36945266,0.92212117,0.11487931
1356341183518,-0.027128488,-0.17815816,0.9836278,0.9216784,0.3764914,0.09361136,-0.38700506,0.90912807,0.15399086
1356341183558,0.11825535,-0.17768896,0.9769556,0.90838945,0.41672722,-0.0341613,-0.40105385,0.89149594,0.21069103
1356341183598,0.26669002,-0.16826218,0.9489806,0.8706375,0.46436727,-0.16233727,-0.4133603,0.86951184,0.2703375
