1356341619039,0.9719254,0.19861582,-0.12614603,-0.12198496,-0.033099324,-0.99197996,-0.20119824,0.9795184,-0.0079419315
1356341619198,-0.3975827,-0.09087944,-0.9130548,-0.8954537,-0.17871284,0.40770635,-0.2002267,0.9796952,-0.010325253
1356341619238,-0.40481687,-0.09366161,-0.9095883,-0.8923735,-0.17654222,0.41533417,-0.19948155,0.97982675,-0.012113869
1356341619277,-0.41026783,-0.095911294,-0.9069076,-0.89005697,-0.17455441,0.42110512,-0.19869345,0.9799652,-0.01375252
1356341619318,-0.41617447,-0.09786168,-0.90400326,-0.8875308,-0.17244893,0.4272593,-0.1977067,0.9801451,-0.015086412
1356341619360,-0.42365336,-0.09924725,-0.90037084,-0.8842646,-0.17025882,0.4348424,-0.19645306,0.9803886,-0.015630066
1356341619398,-0.4328164,-0.09975582,-0.89594567,-0.8801455,-0.16818964,0.44391003,-0.19497141,0.9806942,-0.015004396
1356341619438,-0.44286525,-0.09935215,-0.89106655,-0.8754736,-0.16649586,0.45367947,-0.19343293,0.98102415,-0.013244927
1356341619478,-0.452336,-0.09825924,-0.8864183,-0.8709154,-0.16540653,0.46276024,-0.19208986,0.9813185,-0.010756135
1356341619519,-0.4595015,-0.09678814,-0.88288754,-0.8673552,-0.16507792,0.46951467,-0.19118875,0.9815199,-0.008096099
1356341619558,-0.46286738,-0.0951747,-0.8813033,-0.86562955,-0.16557181,0.47251606,-0.19089058,0.98159444,-0.0057481527
1356341619598,-0.46167827,-0.09346047,-0.8821101,-0.8661934,-0.16686136,0.47102687,-0.1912125,0.9815408,-0.003918588
1356341619639,-0.45639795,-0.09140882,-0.88506806,-0.8688128,-0.16886479,0.46545586,-0.19200361,0.98139143,-0.0023475885
1356341619678,-0.44860238,-0.08857709,-0.8893312,-0.87264675,-0.17145789,0.45726344,-0.19298598,0.9812014,-3.8009882E-4
1356341619718,-0.44002932,-0.08458012,-0.89399135,-0.8768074,-0.17445958,0.44807675,-0.19386372,0.9810251,0.0026068091
1356341619758,-0.43175125,-0.07926503,-0.8985033,-0.8807826,-0.17770165,0.43891266,-0.19445589,0.98088706,0.006907642
1356341619798,-0.42366856,-0.07272115,-0.9028935,-0.8846309,-0.1811037,0.42968562,-0.19476455,0.9807718,0.012396514
1356341619838,-0.41478765,-0.06528932,-0.90757275,-0.8887903,-0.18461907,0.41948476,-0.19494316,0.9806391,0.018549323
1356341619878,-0.40299267,-0.05758044,-0.9133901,-0.8941543,-0.18804151,0.40635997,-0.19515365,0.9804718,0.024293542
1356341619918,-0.38596714,-0.050345093,-0.92113775,-0.90158963,-0.19086784,0.3882082,-0.19536,0.98032385,0.028278172
1356341619958,-0.3623317,-0.04417944,-0.93100154,-0.91138315,-0.19238341,0.36382586,-0.19518292,0.9803248,0.02944225
1356341619998,-0.3325293,-0.039346278,-0.9422718,-0.92295164,-0.19180983,0.33372048,-0.19386765,0.98064315,0.027467668
1356341620038,-0.29874998,-0.035830438,-0.9536586,-0.9351474,-0.18836743,0.30002826,-0.19038835,0.9814448,0.02276802
1356341620080,-0.263726,-0.0338901,-0.964002,-0.9470339,-0.18074608,0.26543823,-0.18323538,0.9829457,0.015572429
1356341620118,-0.23149645,-0.03335324,-0.9722639,-0.9572815,-0.17019093,0.23376748,-0.17326742,0.9848465,0.007470131
1356341620159,-0.20684206,-0.034719914,-0.97775805,-0.96521246,-0.15613204,0.20973226,-0.15994129,0.98712575,-0.0012174249
1356341620198,-0.19476724,-0.0378218,-0.98012,-0.9702252,-0.13924778,0.19817442,-0.14397484,0.98953503,-0.009574771
1356341620238,-0.19978386,-0.042244077,-0.9789289,-0.9716511,-0.12035388,0.20349225,-0.12641421,0.9918318,-0.017001748
1356341620278,-0.22431403,-0.04747072,-0.97336006,-0.9684261,-0.100639105,0.22808516,-0.10878539,0.9937899,-0.023397148
1356341620318,-0.26783168,-0.05291727,-0.96201146,-0.95893884,-0.08203751,0.2714889,-0.0932875,0.9952234,-0.028772175
1356341620359,-0.32581693,-0.057961464,-0.94365454,-0.94187284,-0.06663734,0.3292948,-0.08196905,0.9960923,-0.032880783
1356341620398,-0.39152664,-0.061962813,-0.9180782,-0.91705084,-0.05576408,0.39485216,-0.07566193,0.99651945,-0.034989893
1356341620438,-0.4587906,-0.063738585,-0.8862553,-0.88551927,-0.049435854,0.461965,-0.073257804,0.9967414,-0.033760965
1356341620478,-0.5234021,-0.06134519,-0.8498747,-0.8490478,-0.046602488,0.5262567,-0.07188958,0.997028,-0.027693152
1356341620518,-0.5831176,-0.053067535,-0.8106527,-0.8095273,-0.04570794,0.58530027,-0.068113685,0.99754435,-0.01630652
1356341620559,-0.6364128,-0.039087594,-0.7703576,-0.769014,-0.045492113,0.6376111,-0.059967905,0.99819964,-0.0011070967
1356341620598,-0.6812033,-0.02298829,-0.73173326,-0.7304243,-0.04613179,0.68143404,-0.04942113,0.9986708,0.014633894
1356341620638,-0.7154721,-0.0100339055,-0.6985693,-0.69740516,-0.049197912,0.7149865,-0.04154226,0.9987387,0.028202057
1356341620679,-0.73840034,-0.005048275,-0.67434365,-0.6730711,-0.0563398,0.73742867,-0.041715145,0.9983989,0.038203537
1356341620718,-0.75008464,-0.00927192,-0.66127694,-0.6593108,-0.067821205,0.7488054,-0.0517914,0.99765444,0.0447585
1356341620758,-0.75074154,-0.020271808,-0.6602849,-0.6568879,-0.08284867,0.7494227,-0.06989592,0.99635595,0.04888171
1356341620796,-0.74008375,-0.032814085,-0.67171365,-0.6662877,-0.0998286,0.7389823,-0.091305256,0.99446344,0.052017987
1356341620839,-0.7171088,-0.041689962,-0.6957133,-0.6879215,-0.1179111,0.71614313,-0.11188826,0.99214864,0.0558756
1356341620878,-0.6794202,-0.04273647,-0.7325038,-0.7222861,-0.1368205,0.67792547,-0.12919366,0.9896735,0.062090635
1356341620918,-0.6256831,-0.0331814,-0.77937126,-0.7669376,-0.15643752,0.62236166,-0.14257377,0.9871303,0.07243234
1356341620958,-0.55545783,-0.0099154115,-0.8314856,-0.81762457,-0.17568368,0.54829323,-0.15151498,0.9843968,0.08947772
1356341620998,-0.47377962,0.031513512,-0.8800795,-0.86703527,-0.19169801,0.45989317,-0.15421668,0.9809479,0.11814594
1356341621038,-0.38817674,0.09507334,-0.9166679,-0.90963805,-0.19916612,0.36454302,-0.14791077,0.97534305,0.16379392
1356341621080,-0.30697137,0.18287912,-0.93398273,-0.94285643,-0.19205111,0.2722832,-0.12957749,0.9641948,0.23138294
1356341621117,-0.22714269,0.27768186,-0.9334339,-0.9682032,-0.16756248,0.18575627,-0.104827374,0.9459469,0.30691305
1356341621158,-0.15229088,0.36263427,-0.91940403,-0.9850502,-0.13147962,0.11130604,-0.08051953,0.92261004,0.3772362
1356341621198,-0.08634728,0.42078245,-0.9030428,-0.99412763,-0.09573513,0.05044785,-0.06522533,0.9020958,0.42657793
1356341621238,-0.036480725,0.4460837,-0.8942474,-0.99746525,-0.07095808,0.0052949786,-0.06109211,0.8921739,0.44754162
1356341621278,-0.009231985,0.4405695,-0.897671,-0.9979105,-0.061468422,-0.019905299,-0.063948125,0.89561164,0.44021642
1356341621318,-0.007394731,0.41025499,-0.9119408,-0.9975872,-0.06598085,-0.02159363,-0.06902954,0.9095808,0.4097531
1356341621358,-0.0286147,0.36160907,-0.93189055,-0.9968271,-0.07959545,-2.773702E-4,-0.0742746,0.9289259,0.36273938
1356341621398,-0.06774968,0.3013316,-0.95110947,-0.9946147,-0.09533924,0.040643215,-0.07843095,0.9487411,0.30616805
1356341621438,-0.118427455,0.23618463,-0.96446455,-0.98976195,-0.106004536,0.09557462,-0.07966435,0.9659089,0.24632034
1356341621478,-0.17513144,0.1729286,-0.96923923,-0.98156345,-0.10722518,0.1582275,-0.07656479,0.9790804,0.18851891
1356341621518,-0.23470026,0.117827296,-0.96490026,-0.9695929,-0.09916222,0.22373271,-0.069319874,0.9880706,0.13751799
1356341621558,-0.29650134,0.07563293,-0.9520328,-0.95319414,-0.085256696,0.2900899,-0.05922684,0.9934842,0.09737164
1356341621598,-0.36142582,0.048851907,-0.9311203,-0.93122995,-0.06894648,0.357851,-0.046715707,0.9964236,0.070411384
1356341621638,-0.43143404,0.037382036,-0.90136963,-0.9015999,-0.052576303,0.42936382,-0.03134018,0.99791694,0.05638683
1356341621678,-0.5066487,0.038250744,-0.86130357,-0.8620358,-0.03891492,0.5053512,-0.014187545,0.9985101,0.05268973
1356341621718,-0.584684,0.044640303,-0.8100319,-0.811261,-0.032524288,0.5837788,-2.8565526E-4,0.99847347,0.055231392
1356341621758,-0.6598586,0.047946632,-0.7498585,-0.7513798,-0.03696078,0.65883404,0.0038734972,0.9981658,0.06041509
1356341621798,-0.7265022,0.042018443,-0.6858783,-0.68714786,-0.05130279,0.724704,-0.0047365427,0.9977988,0.06614447
1356341621838,-0.7807653,0.026409268,-0.624266,-0.6243825,-0.070545495,0.77792656,-0.02349469,0.9971589,0.071569026
1356341621878,-0.82145864,0.004979342,-0.57024634,-0.5683303,-0.08951187,0.81791705,-0.046971172,0.9959733,0.076360285
1356341621918,-0.84934,-0.017377377,-0.5275598,-0.52312344,-0.105683684,0.8456789,-0.07045017,0.9942479,0.08067089
1356341621958,-0.8656776,-0.037029296,-0.4992305,-0.4921594,-0.1194247,0.8622742,-0.09154987,0.9921525,0.085158944
1356341621998,-0.87136406,-0.051892236,-0.4878853,-0.47817022,-0.13292116,0.86815053,-0.10990049,0.98976725,0.09100926
1356341622039,-0.866762,-0.059184775,-0.4951976,-0.4826967,-0.15012729,0.8628242,-0.12540875,0.98689353,0.10155636
1356341622080,-0.85161555,-0.05214432,-0.5215668,-0.50621784,-0.17634392,0.84418386,-0.13599454,0.98294646,0.12378085
1356341622117,-0.8260102,-0.023590088,-0.5631614,-0.546265,-0.21276218,0.81014,-0.1389307,0.9768193,0.16285723
1356341622158,-0.7917358,0.032862544,-0.6099791,-0.5964991,-0.25686556,0.76040053,-0.13169391,0.96588826,0.22297215
1356341622198,-0.74328405,0.11018062,-0.65984017,-0.6584102,-0.29509467,0.69239813,-0.11842644,0.949094,0.29188323
1356341622239,-0.67874694,0.18833989,-0.7098104,-0.7265486,-0.31293023,0.6117203,-0.10690978,0.930915,0.3492385
1356341622279,-0.60270274,0.24790734,-0.7584796,-0.7915514,-0.30601668,0.5289614,-0.10097399,0.91918206,0.38066852
1356341622308,-0.52496773,0.28681168,-0.8013413,-0.8454944,-0.2838254,0.4523077,-0.09771386,0.9149766,0.39149684
1356341622348,-0.45599115,0.29185122,-0.8407705,-0.8848117,-0.2503686,0.39296806,-0.09581435,0.92311347,0.3723992
1356341622388,-0.40893328,0.26863763,-0.872128,-0.90766776,-0.21860272,0.3582624,-0.09440684,0.93810797,0.33322772
1356341622428,-0.3890416,0.22714779,-0.89277685,-0.91652155,-0.19319373,0.35023478,-0.09292385,0.9545052,0.2833463
1356341622468,-0.39590448,0.17754081,-0.9009655,-0.91391766,-0.17182702,0.36773637,-0.089522004,0.96899676,0.23028469
1356341622508,-0.42514974,0.12893045,-0.8958932,-0.9014138,-0.14982879,0.4062073,-0.08185813,0.98026943,0.17991942
1356341622548,-0.4715907,0.08854291,-0.87736094,-0.87913847,-0.124705315,0.45996094,-0.06868532,0.9882351,0.13665134
1356341622590,-0.5315585,0.06100428,-0.84482193,-0.8455165,-0.09764904,0.52494437,-0.05047214,0.9933495,0.10348624
1356341622628,-0.60247666,0.04794857,-0.7966949,-0.79761887,-0.0721153,0.5988352,-0.028740644,0.99624306,0.08169252
1356341622668,-0.6805127,0.048178136,-0.73115057,-0.73271847,-0.05168593,0.6785663,-0.005098164,0.9975006,0.07047397
1356341622708,-0.7590079,0.05754766,-0.6485331,-0.6508273,-0.03923571,0.75821126,0.018187612,0.99757147,0.06723386
1356341622748,-0.82916707,0.06853594,-0.55478346,-0.5578015,-0.036465406,0.8291729,0.03659773,0.9969819,0.06846541
1356341622789,-0.88401574,0.07221772,-0.46184486,-0.46536034,-0.042488694,0.8841009,0.044224575,0.99648345,0.071168005
1356341622829,-0.9220379,0.06309141,-0.38192344,-0.38526654,-0.053665996,0.92124355,0.03762622,0.9965638,0.07378918
1356341622868,-0.9460455,0.042948112,-0.32117474,-0.3234467,-0.065537035,0.9439741,0.019493043,0.9969254,0.07589251
1356341622908,-0.95939654,0.017196998,-0.28153574,-0.28201824,-0.07575154,0.9564138,-0.0048793107,0.99697834,0.077525675
1356341622948,-0.96485776,-0.008232012,-0.26264375,-0.26105088,-0.0842064,0.9616453,-0.030032568,0.99641436,0.079098225
1356341622988,-0.963691,-0.029322125,-0.26540533,-0.26176882,-0.09241086,0.9606963,-0.052695982,0.99528915,0.08137983
1356341623028,-0.955362,-0.044424333,-0.29207847,-0.28644618,-0.102763176,0.95256937,-0.07233217,0.9937134,0.08545095
1356341623076,-0.9369617,-0.05188632,-0.34555826,-0.33779106,-0.11863464,0.9337147,-0.08944219,0.9915814,0.09362936
1356341623108,-0.90402657,-0.04681112,-0.42490536,-0.41471618,-0.14500391,0.89832306,-0.10366446,0.9883231,0.11167413
1356341623148,-0.85193694,-0.01931177,-0.52328825,-0.5112847,-0.18516105,0.83922786,-0.11309956,0.9825185,0.14787167
1356341623188,-0.7764769,0.0391275,-0.62892985,-0.6192839,-0.2318964,0.750141,-0.11649537,0.9719533,0.20429319
1356341623228,-0.67179424,0.12414238,-0.73026097,-0.73161113,-0.2654811,0.6279052,-0.11592087,0.95609015,0.26917273
1356341623268,-0.53167176,0.21544656,-0.8190897,-0.83902645,-0.26596296,0.47465602,-0.11558449,0.93959916,0.32217038
1356341623308,-0.36164886,0.2877816,-0.8867873,-0.92497003,-0.22990674,0.30261078,-0.11679253,0.9296906,0.34933487
1356341623348,-0.18465263,0.323544,-0.92802083,-0.9757775,-0.17306268,0.13381869,-0.1173096,0.9302519,0.34766346
1356341623388,-0.029853463,0.32202357,-0.9462608,-0.9928656,-0.11888826,-0.009135276,-0.115441054,0.9392371,0.32327536
1356341623428,0.08220774,0.2942019,-0.9522012,-0.9903621,-0.0827446,-0.11106798,-0.11146599,0.95215464,0.28456423
1356341623468,0.14632607,0.25288025,-0.9563682,-0.98362386,-0.06564486,-0.16785383,-0.10522756,0.965268,0.23913348
1356341623508,0.1667757,0.20698819,-0.96402377,-0.98139846,-0.059447825,-0.18254578,-0.095093906,0.9765357,0.19322345
1356341623548,0.15119481,0.16192219,-0.9751519,-0.9853343,-0.05424905,-0.16178149,-0.07909715,0.9853112,0.15134537
1356341623585,0.105834484,0.12285319,-0.9867655,-0.9927243,-0.044252694,-0.11198309,-0.057424515,0.9914378,0.11727589
1356341623628,0.037870407,0.09422985,-0.9948299,-0.9987893,-0.027709246,-0.04064569,-0.03139603,0.99516475,0.093066424
1356341623668,-0.04905975,0.07861689,-0.995697,-0.9987906,-0.0070949793,0.048651993,-0.0032396019,0.99687964,0.07886985
1356341623708,-0.14960653,0.07600999,-0.9858197,-0.98842955,0.01371187,0.1510598,0.0249995,0.9970128,0.07307911
1356341623748,-0.25752777,0.08354524,-0.9626524,-0.96497667,0.029310346,0.2606933,0.049995363,0.9960729,0.07307094
1356341623788,-0.36590397,0.094370425,-0.9258555,-0.9283336,0.033176005,0.37026492,0.06565821,0.99498427,0.075468004
1356341623828,-0.46418947,0.100117624,-0.8800595,-0.883224,0.022456825,0.46841332,0.06665978,0.9947221,0.078002095
1356341623868,-0.5450187,0.09596127,-0.8329142,-0.8367622,2.579093E-4,0.54756635,0.052759945,0.995385,0.08015627
1356341623908,-0.605405,0.08286327,-0.79159236,-0.7954034,-0.027245045,0.6054677,0.02860409,0.9961884,0.08240402
1356341623966,-0.6451977,0.060643464,-0.7616051,-0.7639718,-0.061894596,0.6422742,-0.008189499,0.99623865,0.08626413
1356341624008,-0.6629835,0.04293576,-0.7474018,-0.7477063,-0.08766323,0.6582176,-0.037258565,0.9952244,0.0902226
1356341624078,-0.663234,0.031894416,-0.7477323,-0.7460754,-0.10706711,0.6571973,-0.059096575,0.99374014,0.094806075
1356341624091,-0.6461507,0.028856486,-0.7626642,-0.75939703,-0.124070466,0.63868827,-0.07619381,0.9918538,0.102081716
1356341624128,-0.61022985,0.037748784,-0.79132456,-0.78709364,-0.14238524,0.60017496,-0.09001708,0.9890912,0.11659956
1356341624168,-0.5578784,0.067175776,-0.8271996,-0.82394195,-0.16427445,0.5423409,-0.099455565,0.98412466,0.14699411
1356341624208,-0.4851219,0.124126524,-0.86559176,-0.86834145,-0.18514585,0.460113,-0.10314855,0.9748402,0.19760257
1356341624248,-0.38860774,0.20281136,-0.8988056,-0.91564655,-0.19387412,0.35214224,-0.10283673,0.9598335,0.26104453
1356341624288,-0.26821446,0.2807564,-0.9215405,-0.95779806,-0.18035257,0.22382107,-0.10336295,0.9426818,0.3172811
1356341624328,-0.13608307,0.33509606,-0.9323047,-0.9849482,-0.14699817,0.09093192,-0.106576145,0.9306462,0.35005623
1356341624368,-0.009037316,0.35598165,-0.9344492,-0.9939446,-0.10553783,-0.030592233,-0.109510034,0.92851424,0.3547798
1356341624408,0.09738493,0.3453829,-0.9333953,-0.98924077,-0.06928563,-0.12884915,-0.10917324,0.9359007,0.33491945
1356341624448,0.17405152,0.31247726,-0.9338437,-0.97909284,-0.046470582,-0.19803488,-0.1052776,0.9487879,0.2978559
1356341624488,0.21781331,0.2679796,-0.9384798,-0.9710144,-0.037474632,-0.23606509,-0.09842977,0.96269554,0.2520495
1356341624528,0.22931027,0.2179808,-0.9486312,-0.96940917,-0.036503494,-0.24272075,-0.08753687,0.97527015,0.20294192
1356341624568,0.21125886,0.1679712,-0.9628891,-0.9748203,-0.03573355,-0.22011015,-0.07137963,0.985144,0.15619272
1356341624608,0.16948071,0.123371124,-0.97778106,-0.9842533,-0.029364616,-0.17430753,-0.050216705,0.991926,0.11645177
1356341624648,0.11041224,0.089125365,-0.9898817,-0.99355996,-0.015605509,-0.11222765,-0.025449932,0.9958981,0.08682832
1356341624688,0.037345648,0.06833696,-0.996963,-0.99930227,0.002889812,-0.03723514,3.3643842E-4,0.997658,0.068397254
1356341624728,-0.045177937,0.061324865,-0.99709487,-0.998649,0.022881329,0.046655625,0.025675982,0.99785554,0.06020826
1356341624768,-0.13522327,0.0654729,-0.9886496,-0.98963827,0.039693236,0.1379872,0.04827717,0.99706453,0.059427023
1356341624808,-0.2288298,0.075335264,-0.97054696,-0.9713807,0.047558308,0.23271796,0.06368938,0.9960234,0.06229645
1356341624848,-0.31934118,0.08425641,-0.9438867,-0.9452635,0.042172074,0.32357147,0.06706864,0.99555135,0.06617725
1356341624888,-0.4014563,0.08729836,-0.91170835,-0.9140583,0.024533331,0.4048402,0.057709187,0.9958801,0.06994665
1356341624928,-0.47000164,0.08345187,-0.8787117,-0.88177526,3.1000376E-4,0.4716697,0.03963414,0.9965118,0.073440075
1356341624968,-0.52276736,0.07505062,-0.8491653,-0.85226846,-0.02406454,0.5225508,0.018783003,0.99688935,0.07654339
1356341625008,-0.5593386,0.0653407,-0.8263601,-0.828939,-0.04486674,0.5575366,-6.4626336E-4,0.9968538,0.07925916
1356341625079,-0.5798891,0.056416005,-0.81273973,-0.81450295,-0.061830282,0.57685524,-0.017708033,0.996491,0.08180565
1356341625091,-0.5838782,0.049417347,-0.8103359,-0.8111346,-0.07714981,0.5797488,-0.033867627,0.9957941,0.085130215
1356341625128,-0.5690072,0.04721883,-0.8209758,-0.82079434,-0.09364772,0.5634952,-0.05027491,0.9944851,0.0920431
1356341625168,-0.5365395,0.057102174,-0.84194106,-0.8411933,-0.11566979,0.52821803,-0.06722474,0.991645,0.11009538
1356341625208,-0.4802959,0.08983746,-0.87249357,-0.8731612,-0.14321566,0.46591705,-0.083097935,0.98560566,0.14722848
1356341625248,-0.39379185,0.1481508,-0.9071821,-0.91408896,-0.16704333,0.36951038,-0.09679544,0.9747553,0.20120329
1356341625288,-0.2752692,0.22013155,-0.9358252,-0.95514774,-0.17316985,0.24021867,-0.10917702,0.9599762,0.25792652
1356341625329,-0.13288629,0.2837529,-0.94964504,-0.9838387,-0.15378153,0.091721326,-0.12001169,0.946486,0.29960248
1356341625368,0.012137771,0.3207701,-0.9470793,-0.991948,-0.115546465,-0.051847726,-0.12606284,0.9400828,0.31678477
1356341625408,0.13504481,0.3246262,-0.9361521,-0.98295534,-0.07505882,-0.1678243,-0.12474656,0.94285953,0.30895674
1356341625448,0.22093469,0.3028219,-0.92708516,-0.9681947,-0.04634309,-0.24586901,-0.1174185,0.9519198,0.28295165
1356341625488,0.2632165,0.26600665,-0.92733896,-0.9588781,-0.033638716,-0.28181785,-0.106159925,0.9633841,0.24621367
1356341625528,0.26036304,0.2219674,-0.9396497,-0.96121854,-0.032075346,-0.2739164,-0.09094009,0.9745264,0.20500791
1356341625568,0.21399978,0.17589766,-0.9608664,-0.97429234,-0.032475203,-0.22293499,-0.07041794,0.9838728,0.16442597
1356341625608,0.13114333,0.13332331,-0.9823575,-0.9903623,-0.02690214,-0.13586307,-0.04454127,0.9907074,0.12851033
1356341625648,0.02488184,0.100420445,-0.994634,-0.9995806,-0.012244105,-0.02624181,-0.014813602,0.9948698,0.100073665
1356341625688,-0.09277183,0.08186063,-0.9923166,-0.9955591,0.008374155,0.093765795,0.015985578,0.9966087,0.080720186
1356341625728,-0.21122897,0.07832664,-0.97429323,-0.9763345,0.03041339,0.2141166,0.046402603,0.9964638,0.07004881
1356341625768,-0.32583857,0.08657125,-0.94145346,-0.9424921,0.048638225,0.33067054,0.0744172,0.99505764,0.06574452
1356341625808,-0.4342174,0.0998157,-0.89526093,-0.89580715,0.05673045,0.4408074,0.094788045,0.9933874,0.06478226
1356341625848,-0.534247,0.10904238,-0.83826613,-0.83931386,0.049658775,0.54137444,0.100660056,0.99279594,0.0649907
1356341625888,-0.62278265,0.10712221,-0.7750269,-0.7773001,0.028149307,0.6285,0.08914277,0.99384737,0.06573522
1356341625928,-0.69664735,0.09288299,-0.7113756,-0.7145338,-0.0010727048,0.6996001,0.064217806,0.9956764,0.06711531
1356341625968,-0.7543212,0.07066959,-0.6526909,-0.6556436,-0.03016305,0.75446784,0.03363076,0.9970436,0.06908667
1356341626008,-0.7964535,0.046304286,-0.60292447,-0.6046882,-0.054794252,0.7945753,0.00375548,0.99742347,0.07164067
1356341626080,-0.82490784,0.02244395,-0.56482136,-0.5647163,-0.07682139,0.8217019,-0.02494818,0.9967922,0.076045156
1356341626100,-0.8391281,0.0033187568,-0.5439239,-0.54168904,-0.09585881,0.8350953,-0.049368396,0.99538946,0.082235515
1356341626138,-0.84075373,-0.00861001,-0.5413494,-0.53681844,-0.116796374,0.83557445,-0.070421934,0.9931186,0.09357494
1356341626178,-0.82730114,-0.0067824125,-0.56171775,-0.55492055,-0.14567727,0.81904906,-0.08738461,0.9893089,0.11675519
1356341626218,-0.79466426,0.01806295,-0.6067805,-0.5989636,-0.1859296,0.77889204,-0.09874937,0.9823971,0.15857059
1356341626258,-0.73469937,0.072083235,-0.6745523,-0.6702186,-0.23101902,0.7052923,-0.104994655,0.97027534,0.21804106
1356341626298,-0.6336303,0.14963114,-0.75902784,-0.7658777,-0.25992227,0.58810866,-0.10928884,0.9539659,0.27929378
1356341626339,-0.482027,0.23276043,-0.844673,-0.86878633,-0.25175977,0.42641214,-0.11340284,0.93938255,0.32357413
1356341626388,-0.28537726,0.2904026,-0.9133598,-0.95146257,-0.20042431,0.23355749,-0.11523384,0.9356797,0.33350372
1356341626426,-0.036023855,0.31803125,-0.9473956,-0.9929598,-0.118435025,-0.0020011067,-0.11284119,0.9406537,0.3200587
1356341626468,0.18001908,0.30233946,-0.93604696,-0.9779824,-0.047110498,-0.20330057,-0.10556337,0.9520354,0.28720188
1356341626508,0.33121726,0.25984293,-0.90707046,-0.9389022,-0.004583448,-0.34415367,-0.093583405,0.96564007,0.24244899
1356341626548,0.41476992,0.20709214,-0.88604677,-0.9067569,0.012866169,-0.42145747,-0.0758805,0.97823685,0.19311869
1356341626589,0.43842444,0.15288812,-0.8856688,-0.8973234,0.018611044,-0.440981,-0.050937533,0.9880682,0.14534964
1356341626628,0.40629488,0.10401437,-0.9078026,-0.91352725,0.024700522,-0.40602684,-0.019809425,0.994269,0.10505563
1356341626668,0.3185543,0.06732747,-0.9455105,-0.9477891,0.038194686,-0.31660226,0.014797419,0.9969996,0.07597932
1356341626708,0.1666125,0.05001071,-0.9847534,-0.98480797,0.05799526,-0.16367647,0.04892549,0.9970634,0.058913648
1356341626748,-0.049535394,0.056013465,-0.9972005,-0.9956018,0.07672274,0.053765506,0.07951954,0.9954778,0.051966667
1356341626788,-0.30397552,0.08101082,-0.9492293,-0.9470738,0.082237124,0.3103037,0.1031999,0.99331486,0.05172509
1356341626828,-0.5373102,0.10881689,-0.8363353,-0.835425,0.06724733,0.54547495,0.11559823,0.99178463,0.054775596
1356341626868,-0.7040808,0.12196785,-0.69956696,-0.70106786,0.037404478,0.71211284,0.11302179,0.991829,0.059171975
1356341626908,-0.8064596,0.11601034,-0.5797969,-0.5833039,0.0045171976,0.81224144,0.09684746,0.99323773,0.064026415
1356341626948,-0.8646434,0.09711826,-0.4929096,-0.4971168,-0.023664653,0.8673609,0.07257207,0.9949915,0.06874061
1356341626988,-0.8961463,0.073727116,-0.43759125,-0.44131917,-0.044812083,0.8962306,0.04646711,0.99627113,0.072695374
1356341627028,-0.91065997,0.0516828,-0.40991142,-0.41254452,-0.059756875,0.90897536,0.022483379,0.9968741,0.07573956
1356341627083,-0.9120717,0.033123538,-0.40869063,-0.41002905,-0.07084477,0.90931684,0.0011662096,0.9969372,0.07819712
1356341627109,-0.899198,0.01864022,-0.43714458,-0.43714097,-0.08102965,0.8957354,-0.018724993,0.9965373,0.08101016
1356341627148,-0.86669147,0.010157168,-0.49874118,-0.49734342,-0.09509945,0.8623257,-0.038671225,0.995416,0.08747351
1356341627188,-0.80424744,0.015321374,-0.59409714,-0.5914046,-0.11910057,0.797531,-0.05853799,0.992764,0.10484737
1356341627228,-0.69962883,0.04779342,-0.7129061,-0.71040845,-0.15323812,0.68690455,-0.07641491,0.9870328,0.1411627
1356341627268,-0.542378,0.11813474,-0.8317874,-0.835278,-0.18212706,0.51878744,-0.09020418,0.9761526,0.19745708
1356341627308,-0.3271308,0.21451476,-0.92030907,-0.93970096,-0.17663425,0.2928521,-0.09973705,0.9606163,0.2593623
1356341627348,-0.07643622,0.3008752,-0.95059544,-0.9914057,-0.12445265,0.040326953,-0.106170714,0.9455082,0.30780205
1356341627388,0.17032808,0.34585613,-0.92269814,-0.97930473,-0.04446864,-0.19744575,-0.10931894,0.9372332,0.33112425
1356341627428,0.38290387,0.34319746,-0.8576713,-0.9174787,0.032955945,-0.3964173,-0.10778403,0.93868494,0.32749534
1356341627468,0.5496191,0.3063359,-0.777224,-0.82922184,0.08696827,-0.552112,-0.10153794,0.9479424,0.30181986
1356341627508,0.6680227,0.25455514,-0.6992477,-0.73845613,0.11084218,-0.6651291,-0.091805845,0.9606851,0.26202285
1356341627548,0.7422994,0.20103715,-0.6391993,-0.66543925,0.10923307,-0.73841643,-0.07862741,0.9734744,0.21486163
1356341627588,0.7790304,0.1506085,-0.6086286,-0.62403154,0.09212114,-0.77594995,-0.060797095,0.98429203,0.16574961
1356341627628,0.78057736,0.10442987,-0.61627376,-0.6239095,0.0703993,-0.7783193,-0.037894547,0.9920375,0.120106876
1356341627668,0.74138117,0.063589424,-0.6680646,-0.6709933,0.053866982,-0.73950404,-0.011038005,0.9965213,0.08260406
1356341627708,0.6414134,0.032019734,-0.76652694,-0.76699865,0.04939133,-0.6397449,0.01737529,0.9982661,0.056239367
1356341627748,0.4471179,0.016621768,-0.8943206,-0.8933145,0.059212536,-0.4455144,0.04554978,0.99810696,0.041323453
1356341627788,0.13628149,0.0256297,-0.99033856,-0.9880585,0.07605654,-0.13399947,0.071887374,0.9967741,0.035688728
1356341627828,-0.22391808,0.05634114,-0.9729781,-0.9701171,0.08284265,0.22805673,0.09345308,0.9949687,0.03610748
1356341627868,-0.50991327,0.08781251,-0.85573214,-0.85377216,0.06996298,0.5159247,0.10517424,0.99367714,0.039296806
1356341627908,-0.68371713,0.102207065,-0.7225542,-0.7224286,0.045076966,0.68997455,0.10309085,0.9937413,0.043017387
1356341627948,-0.7790414,0.09744385,-0.6193539,-0.6208217,0.018140435,0.78374183,0.08760616,0.9950757,0.046363115
1356341627988,-0.83032984,0.08012077,-0.55148244,-0.55363154,-0.0056655407,0.8327424,0.0635955,0.996769,0.049061716
1356341628028,-0.85551757,0.058242336,-0.51448756,-0.5164361,-0.024606764,0.8559721,0.03719394,0.99799913,0.051129937
1356341628082,-0.8606618,0.034702703,-0.5079929,-0.5090981,-0.041104436,0.8597263,0.008954048,0.99855196,0.05304414
1356341628119,-0.8381727,0.017011404,-0.5451397,-0.5451765,-0.055060565,0.83651114,-0.015785426,0.9983381,0.055424392
1356341628160,-0.79279965,0.007003367,-0.609442,-0.60828173,-0.07182264,0.79046494,-0.038235843,0.99739283,0.061201036
1356341628198,-0.71414346,0.012257129,-0.69989204,-0.6975335,-0.096310675,0.7100502,-0.0587039,0.99527586,0.0773294
1356341628238,-0.59840596,0.04569912,-0.7998886,-0.7976196,-0.1281684,0.589386,-0.07558605,0.99069893,0.11314732
1356341628278,-0.44789898,0.11667061,-0.88643914,-0.8898697,-0.15432239,0.42932093,-0.08670825,0.98110783,0.17294252
1356341628318,-0.26260084,0.21351314,-0.9409851,-0.960466,-0.15127099,0.23371345,-0.0924429,0.96515757,0.24479613
1356341628358,-0.05417919,0.30451244,-0.95096624,-0.99395174,-0.10755265,0.022188365,-0.095522285,0.94641674,0.3084978
1356341628398,0.15720761,0.3589495,-0.92002225,-0.98275626,-0.03496617,-0.1815694,-0.09734389,0.93270177,0.34726292
1356341628438,0.3447076,0.3665658,-0.86417955,-0.9338161,0.04002297,-0.35550773,-0.09572989,0.929531,0.35610124
1356341628478,0.49155068,0.33659998,-0.8031677,-0.86633956,0.09527439,-0.4902842,-0.08850831,0.9368155,0.33844203
1356341628518,0.59286386,0.2864429,-0.75263727,-0.80168223,0.12140834,-0.5852909,-0.076276064,0.95037377,0.30161482
1356341628558,0.6513633,0.23099887,-0.72274846,-0.75631285,0.12112717,-0.64289886,-0.060964465,0.96538466,0.25360525
1356341628598,0.67220104,0.17823261,-0.71859515,-0.7390649,0.10396066,-0.66556394,-0.043919533,0.9784812,0.20160791
1356341628638,0.65873146,0.13073975,-0.74093187,-0.751944,0.08095151,-0.6542378,-0.025555283,0.9881063,0.15163426
1356341628678,0.6087267,0.090681076,-0.7881806,-0.7933565,0.06193103,-0.60559887,-0.0061035454,0.99395245,0.10964151
1356341628718,0.5191082,0.059784353,-0.8526151,-0.8545726,0.05409193,-0.51650715,0.01524052,0.99674463,0.07916966
1356341628758,0.3857391,0.040812194,-0.9217048,-0.9217648,0.059749067,-0.3831186,0.03943515,0.9973788,0.06066671
1356341628798,0.20994711,0.03728366,-0.97700155,-0.9755435,0.07451588,-0.20679015,0.065092176,0.9965226,0.052016288
1356341628838,0.0037166774,0.049389005,-0.99877274,-0.99631834,0.08572897,5.3173304E-4,0.08565,0.9950936,0.049525857
1356341628878,-0.20137054,0.06807625,-0.9771466,-0.97509766,0.08070421,0.20657074,0.09292242,0.99441063,0.050129473
1356341628918,-0.37193412,0.07977265,-0.9248251,-0.92451495,0.05756098,0.37677437,0.08329019,0.9951498,0.052342057
1356341628958,-0.4945653,0.078302026,-0.86560607,-0.8670324,0.024874687,0.49763042,0.060497105,0.9966193,0.055588305
1356341628998,-0.5740595,0.06718579,-0.8160526,-0.8181759,-0.0077390075,0.574916,0.032310784,0.99771047,0.05941242
1356341629038,-0.6199199,0.053097904,-0.7828665,-0.7846467,-0.03512758,0.6189471,0.005364567,0.99797124,0.06343943
1356341629083,-0.63889635,0.040893644,-0.76820517,-0.76909053,-0.056853533,0.6366062,-0.017642021,0.99754465,0.067774415
1356341629119,-0.6331976,0.033637553,-0.7732588,-0.7731118,-0.07506776,0.62981176,-0.03686151,0.9966109,0.07353836
1356341629159,-0.60348034,0.035393745,-0.7965919,-0.79558027,-0.09376913,0.5985477,-0.053510904,0.9949646,0.08474642
1356341629205,-0.5511081,0.060542226,-0.83223474,-0.83164936,-0.121264696,0.54189885,-0.06811285,0.99077225,0.11717975
1356341629236,-0.4480067,0.108887285,-0.8873745,-0.8904096,-0.14358139,0.43192047,-0.080379814,0.98363,0.16127962
1356341629278,-0.33930087,0.18672526,-0.92195916,-0.936497,-0.15935636,0.31237647,-0.088591486,0.9694015,0.22893739
1356341629318,-0.19348061,0.27835488,-0.9407889,-0.97653294,-0.14709508,0.15731001,-0.0945974,0.9491478,0.30028275
1356341629358,-0.018796682,0.35290158,-0.93547165,-0.99479306,-0.10033798,-0.017863363,-0.100167304,0.93026495,0.3529501
1356341629398,0.16025871,0.3891241,-0.90713805,-0.9816027,-0.033810496,-0.18791717,-0.10379392,0.9205646,0.37654692
1356341629438,0.31720293,0.3853521,-0.86653686,-0.94282246,0.029561222,-0.33198193,-0.102314025,0.92229605,0.3726955
1356341629478,0.4358767,0.35246062,-0.8281202,-0.8950485,0.07331064,-0.43990195,-0.09433812,0.93295074,0.34742373
1356341629518,0.5122312,0.30584374,-0.8025452,-0.85500205,0.093263745,-0.5101701,-0.08118394,0.94750273,0.3092696
1356341629558,0.5479127,0.25574416,-0.7964839,-0.83408886,0.09425071,-0.54351866,-0.06393257,0.9621391,0.26495454
1356341629598,0.5450946,0.20722419,-0.81236076,-0.8372783,0.08502194,-0.5401262,-0.04285872,0.974592,0.2198493
1356341629638,0.50499207,0.16243699,-0.84770113,-0.8629335,0.07438499,-0.49981254,-0.018131852,0.9839111,0.17773616
1356341629679,0.4270244,0.12405786,-0.8956896,-0.904191,0.068903655,-0.42153397,0.009421706,0.98987985,0.14159551
1356341629718,0.3099494,0.09697506,-0.94579446,-0.9500288,0.07041204,-0.3041175,0.037103504,0.992793,0.11395323
1356341629758,0.16805941,0.08357778,-0.9822275,-0.98362136,0.08007491,-0.16148436,0.06515533,0.99327886,0.0956662
1356341629798,0.008125871,0.08521223,-0.9963297,-0.99565494,0.09311959,-1.5622377E-4,0.09276456,0.99200183,0.08559859
1356341629838,-0.15485275,0.098581284,-0.9830068,-0.9811268,0.10128814,0.16471434,0.11580461,0.9899608,0.08103603
1356341629878,-0.30488545,0.11493155,-0.9454288,-0.9438373,0.096268296,0.31607518,0.1273418,0.98869765,0.07912594
1356341629918,-0.43120223,0.12400225,-0.8936935,-0.8938707,0.076010704,0.44183436,0.12271875,0.9893664,0.07806593
1356341629958,-0.52761847,0.12074658,-0.8408562,-0.8431678,0.046021163,0.5356775,0.103378445,0.9916161,0.07752788
1356341629998,-0.5950311,0.107536286,-0.79647595,-0.8001199,0.014208198,0.59967184,0.07580292,0.9940996,0.077587664
1356341630038,-0.63697314,0.09013915,-0.765598,-0.76944774,-0.013701618,0.6385628,0.04706961,0.99583495,0.078084886
1356341630084,-0.65657514,0.073228866,-0.75069743,-0.7539699,-0.03609079,0.65591675,0.020938814,0.99666196,0.07890868
1356341630119,-0.6545997,0.059563756,-0.7536254,-0.7559733,-0.054014742,0.65237004,-0.0018493235,0.996762,0.08038676
1356341630158,-0.6304499,0.051442742,-0.7745235,-0.7759042,-0.07066846,0.6268801,-0.022485942,0.9961725,0.08446753
1356341630198,-0.58152896,0.054324746,-0.8117099,-0.8124709,-0.08957547,0.57607925,-0.041413903,0.9944974,0.096228
1356341630238,-0.5073953,0.07828984,-0.8581495,-0.8598069,-0.112204194,0.49813882,-0.057288796,0.9905963,0.12424606
1356341630278,-0.403499,0.13265765,-0.9053124,-0.91243184,-0.13213152,0.38731056,-0.06824058,0.98231524,0.17435592
1356341630319,-0.2630641,0.21251845,-0.94108087,-0.9618795,-0.13333172,0.23876858,-0.0747332,0.9680178,0.23949191
1356341630358,-0.088240385,0.2940779,-0.9516994,-0.9929223,-0.10221374,0.06047821,-0.07949147,0.9503002,0.30101594
1356341630398,0.10329884,0.34837392,-0.93164647,-0.9910641,-0.043419182,-0.1261228,-0.08438924,0.9363495,0.3407757
1356341630438,0.28743786,0.36165148,-0.8868978,-0.9537485,0.023001373,-0.29972446,-0.08799589,0.9320296,0.35153604
1356341630478,0.44169557,0.3380371,-0.8310451,-0.8928846,0.075253665,-0.44395265,-0.087533236,0.9381193,0.33506733
1356341630518,0.55676687,0.29183584,-0.77771616,-0.8266397,0.10255614,-0.55330735,-0.081715405,0.95095426,0.29834297
1356341630558,0.6317016,0.23736736,-0.7379768,-0.7719685,0.1056287,-0.6268231,-0.0708358,0.96566004,0.24996594
1356341630598,0.6689847,0.18241426,-0.7205446,-0.74125564,0.09230466,-0.66484576,-0.054767728,0.9788794,0.19696602
1356341630638,0.6703956,0.13056824,-0.73042566,-0.7412522,0.07354891,-0.66718495,-0.033391178,0.9887074,0.14609087
1356341630678,0.63577306,0.083483726,-0.76734805,-0.7718462,0.060026452,-0.6329693,-0.0067814887,0.99469954,0.102599815
1356341630718,0.56173676,0.04530084,-0.8260749,-0.8269898,0.05878453,-0.5591353,0.023231149,0.99724233,0.07048474
1356341630758,0.44862667,0.020953417,-0.8934736,-0.8920261,0.07200757,-0.44621122,0.05498731,0.99718404,0.05099547
1356341630798,0.3011353,0.014567435,-0.9534702,-0.9496272,0.09554404,-0.29846185,0.08675057,0.9953186,0.04260534
1356341630838,0.13217825,0.026594639,-0.99086916,-0.9844874,0.119885504,-0.12810928,0.11538389,0.99243146,0.042028308
1356341630878,-0.04208201,0.051365823,-0.99779284,-0.9900179,0.13230944,0.048565328,0.13451198,0.98987657,0.045285285
1356341630918,-0.2051943,0.07724345,-0.97566843,-0.9689652,0.12437171,0.21363094,0.13784719,0.98922455,0.049325824
1356341630958,-0.34400952,0.092754036,-0.93437374,-0.9308286,0.097040296,0.35233727,0.12335265,0.99094903,0.05295527
1356341630998,-0.4550395,0.09381312,-0.8855157,-0.8852314,0.06006396,0.46125665,0.09645948,0.9937763,0.055714846
1356341631038,-0.5391705,0.08327362,-0.83806956,-0.83971226,0.023220718,0.5425347,0.06463936,0.9962561,0.05740601
1356341631085,-0.600161,0.06643945,-0.7971151,-0.7992021,-0.00881505,0.6009977,0.032903343,0.9977515,0.058389008
1356341631119,-0.64115274,0.048177928,-0.76589954,-0.76740456,-0.035481036,0.6401807,0.0036677122,0.9982084,0.059720695
1356341631158,-0.66300553,0.03209272,-0.7479263,-0.7482585,-0.059217513,0.66075903,-0.02308476,0.9977291,0.06327522
1356341631198,-0.6635579,0.023090065,-0.74776846,-0.74661076,-0.08399838,0.6599368,-0.047573388,0.9961983,0.072977126
1356341631238,-0.6387301,0.030322313,-0.76883304,-0.766341,-0.11452848,0.6321429,-0.0688853,0.992957,0.09639013
1356341631278,-0.5795861,0.06648597,-0.8121943,-0.81048787,-0.15073073,0.56602967,-0.084789634,0.9863366,0.14124757
1356341631318,-0.47076464,0.1383237,-0.87134796,-0.87726295,-0.1783461,0.44564837,-0.09375775,0.97419673,0.20530528
1356341631358,-0.29891515,0.23313245,-0.92536426,-0.9493439,-0.17114592,0.26354337,-0.096931815,0.9572661,0.272481
1356341631398,-0.0737825,0.31679863,-0.94561875,-0.9925539,-0.11547488,0.038758546,-0.096916586,0.94143724,0.3229598
1356341631438,0.1622377,0.3569434,-0.9199296,-0.98224425,-0.030589283,-0.1850965,-0.094208986,0.9336251,0.3456428
1356341631478,0.36232695,0.3476173,-0.8648013,-0.92793834,0.047469646,-0.3696985,-0.08746183,0.93643403,0.33976704
1356341631518,0.50313616,0.30575544,-0.8083116,-0.86081034,0.094462514,-0.5000824,-0.0765478,0.9474125,0.31072497
1356341631559,0.58126366,0.2517703,-0.7737857,-0.8113084,0.106229424,-0.5748862,-0.06254044,0.9619392,0.26601064
1356341631598,0.5948745,0.19776386,-0.77911085,-0.8025252,0.09116045,-0.5896126,-0.04557997,0.9760016,0.21293952
1356341631639,0.5270897,0.14730093,-0.8369462,-0.84945416,0.06283954,-0.5239073,-0.02457869,0.98709357,0.15824743
1356341631678,0.33391282,0.10203692,-0.937065,-0.94260347,0.037184983,-0.3318374,9.851456E-4,0.99408543,0.10859683
1356341631718,-0.012781978,0.06944898,-0.9975036,-0.9994607,0.029288888,0.0148462355,0.030246794,0.9971554,0.0690372
1356341631758,-0.39716697,0.062958896,-0.9155842,-0.91571194,0.03920406,0.39991823,0.061073005,0.9972458,0.042081654
1356341631798,-0.6608066,0.08103332,-0.7461691,-0.7450143,0.04977089,0.6651891,0.091039985,0.99546796,0.027482033
1356341631838,-0.8032703,0.10863614,-0.5856236,-0.58389133,0.050489366,0.8102603,0.11759134,0.99279857,0.02287507
1356341631878,-0.87796694,0.13309671,-0.459847,-0.45863515,0.041471064,0.88765645,0.13721451,0.990235,0.024632573
1356341631918,-0.91926813,0.14576644,-0.36564764,-0.36590797,0.0260005,0.9302877,0.14511177,0.9889773,0.029435635
1356341631959,-0.9447619,0.1422076,-0.29529995,-0.29723892,0.007901669,0.95477045,0.13810895,0.98980534,0.034804463
1356341632005,-0.96238995,0.11686862,-0.24524951,-0.24830112,-0.012081742,0.96860754,0.1102368,0.99307394,0.040645957
1356341632036,-0.9743218,0.09070441,-0.20608237,-0.20928714,-0.02726233,0.97747415,0.08304294,0.9955047,0.04554552
1356341632078,-0.9812651,0.063259475,-0.18198058,-0.18465757,-0.039370477,0.982014,0.054957032,0.9972202,0.050314188
1356341632107,-0.9840906,0.040489778,-0.17299162,-0.17485693,-0.04823768,0.98341143,0.0314734,0.9980148,0.05455023
1356341632138,-0.98421174,0.022432327,-0.17556775,-0.17656696,-0.055489957,0.98272324,0.012302525,0.9982072,0.058574677
1356341632178,-0.9812845,0.008287534,-0.19238499,-0.19252105,-0.06317943,0.97925687,-0.004039161,0.9979677,0.06359261
1356341632218,-0.97080326,-0.0011130273,-0.23987453,-0.23913448,-0.07413554,0.9681521,-0.018860802,0.9972475,0.071704865
1356341632258,-0.94790184,-0.002585575,-0.31855196,-0.31689358,-0.09456897,0.94373465,-0.032565206,0.99551487,0.08882272
1356341632298,-0.9043925,0.012661427,-0.42651367,-0.42441976,-0.12992585,0.8960955,-0.044069305,0.9914429,0.12287772
1356341632338,-0.82986695,0.054798573,-0.555264,-0.55548024,-0.17488718,0.8129306,-0.052561104,0.9830624,0.17557257
1356341632378,-0.71343565,0.123800755,-0.68969774,-0.69819343,-0.2091136,0.68468785,-0.059460312,0.97002316,0.23562598
1356341632418,-0.5515084,0.20257103,-0.80919933,-0.8314947,-0.21112055,0.5138529,-0.06674686,0.95623904,0.2848714
1356341632458,-0.35984552,0.26549712,-0.89443976,-0.9301319,-0.17734683,0.32156295,-0.07325202,0.9476599,0.31076482
1356341632498,-0.17065334,0.2947174,-0.94022286,-0.9824375,-0.12396866,0.13945687,-0.07545781,0.94750905,0.31069714
1356341632538,-0.014204681,0.28916746,-0.9571731,-0.9973174,-0.072842896,-0.007205814,-0.07180703,0.95450306,0.28942648
1356341632578,0.09428924,0.25791976,-0.9615544,-0.9935492,-0.036744475,-0.10728267,-0.06300223,0.96546733,0.25279146
1356341632618,0.15057969,0.2134611,-0.9652772,-0.98731774,-0.017200768,-0.15782169,-0.050292373,0.9768001,0.20816395
1356341632658,0.15881401,0.16406497,-0.97358143,-0.98674893,-0.006817758,-0.16211084,-0.033234388,0.986426,0.1608082
1356341632698,0.12220737,0.116327405,-0.9856639,-0.99244153,0.0031304061,-0.12267831,-0.011185288,0.993206,0.11583069
1356341632738,0.043850362,0.07741842,-0.9960339,-0.9989271,0.01825893,-0.04255855,0.014891714,0.99683154,0.07813603
1356341632778,-0.069775164,0.053714246,-0.99611557,-0.99662614,0.039506614,0.07194123,0.04321739,0.9977745,0.05077648
1356341632818,-0.21082222,0.048647583,-0.9763132,-0.9748706,0.06308192,0.21365392,0.07198149,0.996822,0.034125984
1356341632858,-0.36590028,0.060778677,-0.9286673,-0.9253463,0.08266145,0.37000176,0.09925327,0.9947226,0.025995433
1356341632898,-0.5168125,0.08285996,-0.85207933,-0.8474909,0.091267586,0.52290475,0.12109512,0.9923732,0.023054779
