1356341329211,-0.5411924,-0.22607827,-0.80993783,-0.71014184,-0.39295548,0.5841956,-0.4503435,0.891333,0.05211693
1356341329248,0.3956944,0.14691883,0.90655434,0.80038565,0.42888168,-0.41885948,-0.4503429,0.89133346,0.052114338
1356341329288,0.39569148,0.14689788,0.906559,0.8003906,0.42888424,-0.4188475,-0.4503367,0.89133567,0.052130133
1356341329329,0.3956489,0.14669591,0.9066103,0.80042243,0.42895353,-0.4187157,-0.45031756,0.8913356,0.05229631
1356341329367,0.3953308,0.14602667,0.90685713,0.80059123,0.42921877,-0.41812074,-0.45029688,0.89131784,0.05277571
1356341329407,0.39444935,0.1446796,0.90745664,0.8010153,0.42980194,-0.416707,-0.4503156,0.89125645,0.053644538
1356341329449,0.39250502,0.14267993,0.9086155,0.8019009,0.43072423,-0.41404298,-0.45043832,0.89113367,0.054646283
1356341329488,0.38910657,0.14029905,0.91044617,0.80340886,0.43186474,-0.40991095,-0.4506997,0.8909596,0.0553239
1356341329528,0.3845029,0.13791656,0.9127631,0.8053597,0.43313885,-0.40470535,-0.45116875,0.89071304,0.055470675
1356341329570,0.37885383,0.13533488,0.9155077,0.80764115,0.4346681,-0.39847147,-0.45186904,0.89036405,0.05537367
1356341329629,0.37275395,0.13218361,0.91846716,0.8099937,0.43656686,-0.39156032,-0.45273018,0.8899083,0.055664122
1356341329648,0.3666789,0.12815782,0.9214783,0.81233,0.43870687,-0.38426083,-0.4535049,0.88944477,0.056758106
1356341329689,0.36133054,0.12330589,0.9242489,0.8144572,0.44086412,-0.37722456,-0.45398217,0.88906384,0.058870316
1356341329726,0.35696733,0.11780131,0.9266591,0.8163298,0.44287443,-0.3707666,-0.45407045,0.888811,0.06192696
1356341329769,0.3540693,0.11191732,0.9284985,0.8177228,0.44473386,-0.36543292,-0.45383298,0.88864297,0.06594926
1356341329808,0.35303563,0.106001794,0.92958564,0.81840837,0.44649833,-0.36172783,-0.45340222,0.8884835,0.070877075
1356341329848,0.35409033,0.100338966,0.929813,0.8183098,0.44808704,-0.35998228,-0.45275748,0.8883413,0.076554954
1356341329888,0.35719234,0.094977856,0.92918944,0.81761324,0.44917142,-0.36021346,-0.45157766,0.888383,0.08278543
1356341329928,0.36184812,0.08989391,0.9278928,0.81678486,0.44921064,-0.36203897,-0.44936442,0.88889194,0.08912203
1356341329968,0.36705235,0.085246235,0.926286,0.8164754,0.44759306,-0.36473066,-0.4456911,0.8901649,0.094688594
1356341330008,0.3715797,0.08132523,0.9248323,0.8173716,0.4437377,-0.36742425,-0.4402638,0.89245903,0.098410994
1356341330048,0.37432033,0.078309625,0.9239869,0.8201058,0.4371013,-0.36928168,-0.43279418,0.8959967,0.099393725
1356341330088,0.37425542,0.07626349,0.9241843,0.82519877,0.42728055,-0.36942956,-0.42305997,0.9008968,0.09697953
1356341330135,0.37006825,0.07524496,0.92595226,0.8330239,0.4143389,-0.3665984,-0.41124266,0.90700686,0.09065285
1356341330160,0.36061952,0.07378352,0.92979014,0.8427829,0.4012954,-0.3587186,-0.39958802,0.9129721,0.08253145
1356341330189,0.34683418,0.072726935,0.9351026,0.85386133,0.38806343,-0.34688276,-0.38810682,0.9187587,0.07249498
1356341330219,0.326948,0.0712575,0.94235206,0.8666692,0.3749851,-0.329045,-0.37681487,0.9242881,0.060844004
1356341330258,0.2985769,0.06970751,0.95183647,0.8820182,0.36079764,-0.30309883,-0.36454865,0.9300355,0.046242535
1356341330298,0.25357088,0.06308329,0.96525764,0.9008445,0.348124,-0.25940096,-0.35239327,0.9353236,0.03144586
1356341330338,0.19357389,0.050665796,0.9797766,0.91976595,0.33815432,-0.19920412,-0.34140852,0.9397259,0.018857181
1356341330378,0.120842695,0.03195855,0.9921571,0.93537605,0.3309824,-0.12458822,-0.33236817,0.94309556,0.010103524
1356341330420,0.039244026,0.0072134733,0.9992036,0.9447877,0.32529917,-0.039455235,-0.3253247,0.94558364,0.005950868
1356341330458,-0.046833873,-0.022647291,0.9986459,0.9464545,0.31868458,0.05161336,-0.3194219,0.94759023,0.0065094233
1356341330498,-0.13253063,-0.055587023,0.989619,0.9403944,0.30843794,0.1432634,-0.31319964,0.949619,0.011396229
1356341330538,-0.21350366,-0.08866301,0.97291064,0.927943,0.29302818,0.23033968,-0.30551282,0.9519839,0.019711614
1356341330578,-0.2865277,-0.118888915,0.95066667,0.91097957,0.27346033,0.30876467,-0.29667827,0.9545076,0.029951453
1356341330618,-0.34935677,-0.14454055,0.9257742,0.89130986,0.25346994,0.37592518,-0.28899232,0.9564837,0.04027903
1356341330658,-0.40065986,-0.16601312,0.9010612,0.87047863,0.23790365,0.430893,-0.28589964,0.956996,0.04919243
1356341330698,-0.44005978,-0.18518448,0.87866604,0.84987307,0.23004878,0.47412375,-0.2899364,0.9553975,0.056148052
1356341330738,-0.4679858,-0.20387855,0.85989696,0.83080924,0.23017687,0.50672936,-0.30123967,0.9515525,0.0616647
1356341330778,-0.48566407,-0.2226536,0.84531397,0.8144822,0.23587221,0.53007823,-0.31740993,0.94593316,0.06679273
1356341330818,-0.49470288,-0.24127784,0.83489776,0.80169773,0.24415684,0.54558986,-0.33548474,0.9392404,0.0726468
1356341330858,-0.49657398,-0.2595685,0.82827437,0.79276675,0.25295466,0.5545583,-0.35346174,0.93200755,0.08016658
1356341330898,-0.4920568,-0.27771947,0.8250768,0.78769803,0.2615276,0.5577947,-0.3706908,0.9243783,0.09007275
1356341330938,-0.48057312,-0.29614562,0.8254376,0.78690284,0.26984137,0.55495006,-0.38708323,0.91623324,0.10335934
1356341330978,-0.4594003,-0.31518406,0.8304278,0.7921284,0.2775979,0.5435734,-0.40185064,0.9075233,0.122137666
1356341331018,-0.42302507,-0.33490956,0.84195334,0.8066026,0.28417486,0.51830184,-0.41284627,0.89837646,0.14992583
1356341331058,-0.36288702,-0.35477084,0.86165565,0.8333395,0.29020983,0.47045022,-0.41696292,0.8887721,0.19033128
1356341331137,-0.26801378,-0.37492362,0.8874688,0.8714894,0.29834288,0.38922715,-0.41070044,0.8777379,0.24678195
1356341331138,-0.13261563,-0.38655773,0.91268086,0.9082351,0.32132643,0.26806453,-0.39689097,0.86447823,0.30847228
1356341331165,0.0146051645,-0.38813058,0.92148864,0.92441916,0.356494,0.1355035,-0.38109818,0.8498627,0.36400205
1356341331197,0.14030707,-0.38376388,0.91270983,0.9195738,0.39221096,0.023549318,-0.36701223,0.8359999,0.40792918
1356341331238,0.22861373,-0.37095526,0.900071,0.9048178,0.42212063,-0.055846512,-0.35922194,0.82716763,0.43214956
1356341331278,0.27540654,-0.3497177,0.89546007,0.8921052,0.4400435,-0.102517754,-0.35818905,0.8270787,0.4331759
1356341331318,0.28977987,-0.31916073,0.90231043,0.8863665,0.44516924,-0.12719643,-0.36108476,0.8366366,0.4118944
1356341331358,0.28390437,-0.27852112,0.91750985,0.8865556,0.44076198,-0.1405276,-0.36526352,0.8533199,0.37205875
1356341331398,0.26647893,-0.22952944,0.93611175,0.89039105,0.430496,-0.14790854,-0.36904305,0.87292004,0.31908903
1356341331438,0.24248466,-0.17608592,0.95404136,0.8966296,0.41621193,-0.15107304,-0.37048158,0.8920546,0.25880888
1356341331478,0.21458676,-0.12371561,0.9688379,0.90503705,0.39815012,-0.14961389,-0.36723334,0.9089395,0.19740501
1356341331518,0.1841976,-0.07836139,0.97976047,0.9154089,0.376656,-0.14197433,-0.35790735,0.9230329,0.14111185
1356341331558,0.15180692,-0.044757336,0.9873963,0.92692673,0.35327825,-0.12649643,-0.34316403,0.93444705,0.09511685
1356341331598,0.11712551,-0.025184214,0.99279773,0.93833524,0.3302377,-0.102323174,-0.3252823,0.9435618,0.062310517
1356341331639,0.07964873,-0.019387752,0.99663436,0.94853127,0.30889624,-0.06979537,-0.3065034,0.95089805,0.04299313
1356341331678,0.03919393,-0.025031984,0.99891794,0.9568156,0.28911215,-0.030297041,-0.28804088,0.95696783,0.035282493
1356341331718,-0.0034936965,-0.03809887,0.9992679,0.9626387,0.2704437,0.013676733,-0.2707668,0.96198165,0.03573054
1356341331763,-0.046646744,-0.05391416,0.99745536,0.96524906,0.25460657,0.05890256,-0.25713432,0.9655406,0.040164113
1356341331800,-0.087153435,-0.069196224,0.9937888,0.9640727,0.24542606,0.10163605,-0.25093454,0.96694255,0.04532039
1356341331839,-0.1212289,-0.083060235,0.98914325,0.95956695,0.24522033,0.13819572,-0.25403658,0.96590257,0.049974084
1356341331868,-0.14648613,-0.09480083,0.9846597,0.9540943,0.24933228,0.16594413,-0.26123908,0.9637667,0.053925216
1356341331908,-0.1627841,-0.10558963,0.98099554,0.94786,0.25934947,0.18520078,-0.27397597,0.9599941,0.057866216
1356341331948,-0.16971233,-0.114433855,0.9788272,0.94236124,0.2717838,0.19516376,-0.28836268,0.9555305,0.06171298
1356341331988,-0.16953784,-0.12142113,0.9780152,0.93795466,0.28471142,0.19794047,-0.30248627,0.9508923,0.06561816
1356341332028,-0.16426253,-0.12772456,0.9781125,0.9341842,0.29824495,0.195831,-0.3167295,0.945905,0.07032788
1356341332068,-0.15401363,-0.13537869,0.9787504,0.93054664,0.31317604,0.18974629,-0.3322088,0.9399965,0.077742815
1356341332135,-0.13612118,-0.14775735,0.9796115,0.9271702,0.329375,0.17851472,-0.34903643,0.9325663,0.0921613
1356341332148,-0.105160326,-0.16898096,0.9799932,0.9251647,0.3447835,0.1587281,-0.36470756,0.923347,0.12007767
1356341332188,-0.055870086,-0.20071355,0.9780555,0.92574036,0.3565342,0.1260485,-0.37400994,0.9124678,0.16588902
1356341332228,0.011474013,-0.23872542,0.97101927,0.9279543,0.36431128,0.07860091,-0.37251732,0.9001597,0.2257064
1356341332268,0.087111026,-0.2731607,0.9580162,0.9282739,0.37127778,0.02145645,-0.36155123,0.88743234,0.28591028
1356341332308,0.15448448,-0.2942978,0.94314545,0.9247037,0.3792437,-0.033125073,-0.34793335,0.87724745,0.33072552
1356341332348,0.1988517,-0.29839376,0.9334983,0.92002463,0.38501793,-0.07291019,-0.33765763,0.8733398,0.35109112
1356341332407,0.21331415,-0.28739053,0.93375784,0.91865546,0.3842971,-0.091585666,-0.3325196,0.8773383,0.34598884
1356341332428,0.19886705,-0.26530415,0.9434328,0.92209107,0.3767344,-0.08842632,-0.33196375,0.88751614,0.31955463
1356341332468,0.16206154,-0.23605213,0.9581312,0.92829776,0.36576954,-0.0669018,-0.33466288,0.9002733,0.27840385
1356341332506,0.112264544,-0.20302573,0.9727164,0.93434954,0.3547521,-0.033792466,-0.33821243,0.9126508,0.22952306
1356341332546,0.0583207,-0.168908,0.98390484,0.93884516,0.34432226,0.0034603775,-0.33936486,0.9235325,0.17865956
1356341332588,0.0073091984,-0.13693371,0.99055326,0.9420849,0.3330881,0.039094448,-0.33529484,0.9328995,0.13143784
1356341332628,-0.03643298,-0.11025858,0.9932349,0.94501543,0.3194189,0.07012281,-0.3249896,0.9411771,0.09255874
1356341332668,-0.07184687,-0.09120333,0.993237,0.9483727,0.30216917,0.09634808,-0.30891284,0.94888127,0.064784884
1356341332708,-0.10070309,-0.08060011,0.9916464,0.952242,0.28097275,0.119538695,-0.28826046,0.9563253,0.048455954
1356341332751,-0.12567663,-0.077697664,0.98902404,0.95621455,0.25611597,0.14162791,-0.26430905,0.9635184,0.04210776
1356341332788,-0.14924482,-0.080284,0.98553556,0.95908344,0.23076108,0.16403735,-0.24059278,0.9696926,0.042559206
1356341332828,-0.1714006,-0.086022645,0.98143876,0.9597423,0.21042424,0.18605503,-0.22252348,0.97381806,0.046492696
1356341332868,-0.19059604,-0.093574524,0.97719854,0.95777917,0.2005443,0.20601213,-0.21524912,0.97520554,0.05140078
1356341332911,-0.20431954,-0.10273206,0.9734987,0.9537538,0.20308638,0.22160685,-0.22047046,0.9737567,0.056486547
1356341332948,-0.21057707,-0.112775385,0.9710505,0.94901186,0.21478873,0.2307429,-0.23459283,0.9701276,0.061795592
1356341332988,-0.20855778,-0.122417,0.9703183,0.9448161,0.23106802,0.23222837,-0.25263822,0.96520543,0.06747061
1356341333028,-0.19864017,-0.13058087,0.9713346,0.9418427,0.24867386,0.22603929,-0.271062,0.9597448,0.07358992
1356341333068,-0.1823054,-0.13732517,0.9736049,0.93987525,0.2664938,0.21357799,-0.28878936,0.9540036,0.080485284
1356341333133,-0.16123676,-0.1442931,0.9763105,0.93811893,0.28480726,0.19702235,-0.30648932,0.9476626,0.08944267
1356341333149,-0.1353384,-0.15459669,0.97866416,0.9361378,0.30359498,0.1774154,-0.3245454,0.94017553,0.10363567
1356341333188,-0.10165873,-0.17370674,0.97953635,0.934265,0.3216127,0.15399373,-0.34178108,0.9308014,0.12959337
1356341333228,-0.055022687,-0.2055723,0.97709394,0.9333373,0.33709648,0.12348083,-0.3547592,0.91875243,0.1733203
1356341333268,0.007238835,-0.24886262,0.96851176,0.9329548,0.35028657,0.08303434,-0.3599208,0.9029766,0.2347132
1356341333308,0.07948688,-0.2919697,0.9531189,0.9304174,0.36490378,0.034187615,-0.35777846,0.8840808,0.30065864
1356341333348,0.14690739,-0.32074884,0.9357021,0.9237442,0.38276047,-0.013823718,-0.35371578,0.8663802,0.35252023
1356341333388,0.19457129,-0.3295228,0.9238813,0.9155616,0.39899328,-0.050509244,-0.3519785,0.855698,0.37933108
1356341333428,0.21537647,-0.32085207,0.9223161,0.91072226,0.4068472,-0.071136534,-0.35241744,0.8552949,0.3798324
1356341333468,0.2110323,-0.3002034,0.9302383,0.91146576,0.40423414,-0.0763205,-0.3531224,0.8639865,0.3589316
1356341333508,0.18794605,-0.27097017,0.94406116,0.91669625,0.39348403,-0.069557965,-0.3526248,0.87849045,0.32235113
1356341333548,0.15458804,-0.23639408,0.95928115,0.9241754,0.3778687,-0.055813223,-0.3492884,0.8951721,0.2768836
1356341333588,0.11861208,-0.19885674,0.97282434,0.9325644,0.35873923,-0.04037288,-0.3409618,0.91200995,0.22799748
1356341333628,0.08564037,-0.16153696,0.9831437,0.94139004,0.3362574,-0.026753962,-0.3262676,0.9278129,0.18086648
1356341333668,0.059029102,-0.12814558,0.989997,0.9502425,0.31107944,-0.01639247,-0.30586705,0.941705,0.14013213
1356341333708,0.03957352,-0.10175738,0.9940218,0.9587908,0.28396705,-0.009101331,-0.28134325,0.95341915,0.10880166
1356341333748,0.025772393,-0.08387077,0.9961432,0.966697,0.25590014,-0.0034648776,-0.25462255,0.963058,0.08767277
1356341333788,0.014849603,-0.0738883,0.99715596,0.9736273,0.22813183,0.002405107,-0.22766072,0.9708226,0.07532728
1356341333828,0.0039979517,-0.069754094,0.9975562,0.9787682,0.20470634,0.010391474,-0.2049309,0.9763348,0.06909156
1356341333868,-0.008175015,-0.06938884,0.9975561,0.9811902,0.19185477,0.021386117,-0.19286987,0.9789672,0.06651527
1356341333908,-0.02096355,-0.072063714,0.9971796,0.9804684,0.19360846,0.034603864,-0.19555604,0.9784286,0.06659752
1356341333948,-0.03252846,-0.077652246,0.9964497,0.97710896,0.20724303,0.048047334,-0.21023822,0.9752028,0.0691334
1356341333988,-0.04042965,-0.08545688,0.99552125,0.97209704,0.22704679,0.058968365,-0.23106915,0.9701273,0.07389295
1356341334028,-0.04271403,-0.09379357,0.99467504,0.9667794,0.24725422,0.06483108,-0.25201836,0.9644005,0.08011639
1356341334068,-0.037973017,-0.10135409,0.9941255,0.9619416,0.2656949,0.063832104,-0.2706037,0.95871454,0.08740747
1356341334136,-0.025075942,-0.10790363,0.9938451,0.95741975,0.28342602,0.05492899,-0.28760865,0.9529042,0.0962019
1356341334151,-0.0022513866,-0.114649564,0.99340343,0.95233953,0.30277544,0.037101895,-0.3050319,0.9461409,0.10850364
1356341334188,0.03297019,-0.12520233,0.9915832,0.9456878,0.32493508,0.009583801,-0.3234001,0.93741214,0.12911546
1356341334228,0.08273843,-0.14614627,0.9857969,0.93652654,0.3495725,-0.0267784,-0.34069395,0.9254406,0.16579288
1356341334268,0.14821374,-0.18062147,0.9723212,0.92377114,0.3763231,-0.07090616,-0.35309976,0.9087116,0.22262919
1356341334308,0.22432005,-0.22019288,0.9493133,0.90614736,0.40556777,-0.12004885,-0.35857692,0.88714707,0.29050425
1356341334348,0.29845917,-0.24875659,0.9214349,0.884149,0.43565762,-0.168769,-0.3594477,0.8650564,0.3499639
1356341334388,0.35693535,-0.2563228,0.8982738,0.8621623,0.4605225,-0.21117595,-0.35954615,0.84983397,0.38536856
1356341334428,0.39137617,-0.245018,0.88701236,0.84687054,0.4730347,-0.24299875,-0.36004856,0.84628856,0.39263302
1356341334468,0.4004082,-0.2223633,0.8889476,0.84253377,0.470774,-0.26174167,-0.36029172,0.8537719,0.37585032
1356341334508,0.38697177,-0.19363824,0.9015305,0.849123,0.4560181,-0.26652908,-0.359504,0.86864936,0.34088877
1356341334548,0.35657305,-0.1631617,0.9199097,0.8636258,0.43315476,-0.257929,-0.35637906,0.88642836,0.29536203
1356341334588,0.31637874,-0.13295475,0.93926966,0.88229954,0.40498558,-0.23986298,-0.34849975,0.90460473,0.24543473
1356341334628,0.27317494,-0.104929656,0.95622444,0.9022944,0.37259477,-0.21688211,-0.33352688,0.9220427,0.19646099
1356341334668,0.23233432,-0.080931485,0.9692631,0.92152923,0.3370949,-0.19274566,-0.31113446,0.93798566,0.15289941
1356341334708,0.19689506,-0.062407494,0.97843635,0.9387537,0.29985827,-0.16978377,-0.2827965,0.95194036,0.11762583
1356341334748,0.16730443,-0.05049318,0.9846114,0.95349044,0.26226678,-0.14856672,-0.2507293,0.9636735,0.092023134
1356341334789,0.14202541,-0.045435727,0.98881966,0.96573776,0.22556108,-0.12834567,-0.21720773,0.9731689,0.0759145
1356341334828,0.118195444,-0.045282096,0.99195737,0.9751971,0.19355604,-0.10736281,-0.18713778,0.9800437,0.06703633
1356341334868,0.09479296,-0.04784152,0.99434674,0.9815484,0.17111313,-0.08534002,-0.16606304,0.98408914,0.063179016
1356341334908,0.07107696,-0.051629186,0.9961338,0.98456,0.16378966,-0.061762035,-0.15996769,0.98514336,0.062473714
1356341334948,0.047978997,-0.056664288,0.9972398,0.98432344,0.17232579,-0.037565827,-0.16972151,0.9834088,0.06404394
1356341334988,0.027528197,-0.06344968,0.9976053,0.98124796,0.19217655,-0.0148540735,-0.19077384,0.9793071,0.06755012
1356341335028,0.011930913,-0.07139811,0.99737656,0.97626984,0.21652368,0.0038216114,-0.21622849,0.9736631,0.07228714
1356341335068,0.0038727224,-0.07883525,0.9968802,0.9705311,0.24049297,0.015248299,-0.24094477,0.9674441,0.07744342
1356341335137,0.0066865087,-0.08412647,0.99643266,0.9646703,0.26299018,0.015730262,-0.2633753,0.96112376,0.0829128
1356341335150,0.025155514,-0.08640948,0.99594206,0.95842814,0.2853336,5.479753E-4,-0.28422314,0.9545251,0.08999491
1356341335188,0.06534472,-0.086392164,0.99411595,0.9504732,0.30875573,-0.035643995,-0.30385962,0.9472097,0.10228902
1356341335246,0.1295524,-0.08950207,0.987525,0.93822396,0.33333185,-0.09287384,-0.32086113,0.93855166,0.12715697
1356341335268,0.21826923,-0.10187253,0.97055686,0.9176023,0.35998374,-0.16857535,-0.33221152,0.92738,0.17205185
1356341335308,0.32264847,-0.12187487,0.9386397,0.8844721,0.39195824,-0.2531362,-0.33705658,0.91187465,0.23425964
1356341335346,0.42112434,-0.13856918,0.89635533,0.8412915,0.42898643,-0.32893655,-0.33894378,0.89261925,0.2972337
1356341335388,0.49183875,-0.14342752,0.8587917,0.8006269,0.46213907,-0.381345,-0.34218585,0.87513196,0.34212986
1356341335429,0.5257316,-0.13730547,0.8394959,0.776561,0.48029363,-0.40776336,-0.34721637,0.8662939,0.3591316
1356341335468,0.5252701,-0.12502545,0.8417006,0.77481246,0.47920257,-0.4123476,-0.35179108,0.86875397,0.3485821
1356341335508,0.4964568,-0.11005014,0.86105716,0.79244393,0.46237004,-0.39780197,-0.35434887,0.8798311,0.31675535
1356341335548,0.4456609,-0.09353182,0.8903023,0.82218957,0.43616003,-0.3657442,-0.3541056,0.8949951,0.2712803
1356341335588,0.37957382,-0.07643336,0.92199874,0.8566477,0.40540653,-0.31906173,-0.3493974,0.9109355,0.21935815
1356341335628,0.30597317,-0.060098797,0.9501414,0.8900502,0.3722943,-0.26307356,-0.3379218,0.9261669,0.16740301
1356341335668,0.23284757,-0.04642397,0.97140455,0.91891605,0.33752322,-0.20413554,-0.31839478,0.9401717,0.121251225
1356341335708,0.16674003,-0.03750822,0.9852872,0.9420042,0.30122992,-0.1479479,-0.2912487,0.9528135,0.085559964
1356341335748,0.11122432,-0.034846753,0.99318415,0.959641,0.26351765,-0.09822211,-0.2582988,0.9640249,0.06274998
1356341335788,0.0668194,-0.038461953,0.9970235,0.97276235,0.22480866,-0.056521058,-0.22196561,0.97364354,0.052435875
1356341335828,0.03190252,-0.046649665,0.9984018,0.9819993,0.18752602,-0.022616416,-0.18617135,0.98115134,0.051792443
1356341335868,0.004359275,-0.056548893,0.9983904,0.98754674,0.15725932,0.0045951605,-0.15726608,0.98593706,0.056530178
1356341335908,-0.017005265,-0.06578624,0.99768883,0.9896809,0.14088106,0.026158273,-0.14227635,0.98783845,0.062711656
1356341335948,-0.03207192,-0.07369077,0.99676526,0.9890363,0.14148894,0.042283565,-0.14414716,0.9871932,0.06834507
1356341335988,-0.04005441,-0.08066246,0.99593633,0.98625314,0.15672669,0.052358508,-0.16031319,0.9843426,0.07327598
1356341336028,-0.04011348,-0.08617094,0.99547243,0.98224854,0.17930833,0.05510208,-0.18324462,0.9800117,0.077448666
1356341336068,-0.032260954,-0.08909479,0.9955007,0.97781074,0.20346165,0.049896926,-0.20699182,0.97502077,0.08055395
1356341336138,-0.01680848,-0.08886838,0.99590147,0.9732888,0.2266399,0.036650807,-0.22896811,0.96991587,0.08268511
1356341336151,0.005631566,-0.08642855,0.99624217,0.96825707,0.24943334,0.016166091,-0.24989319,0.9645274,0.08508974
1356341336188,0.03603205,-0.08423236,0.9957944,0.96198523,0.27284965,-0.011728913,-0.27071425,0.9583621,0.09086156
1356341336228,0.07519302,-0.08889374,0.9931989,0.95349133,0.29796377,-0.0455184,-0.29189098,0.95042914,0.107164204
1356341336268,0.12851429,-0.106698185,0.98595107,0.9415971,0.32516283,-0.08754432,-0.3112538,0.9396194,0.14225477
1356341336308,0.1986163,-0.13814634,0.9702923,0.9244148,0.35529754,-0.13863945,-0.32558993,0.92448866,0.1982724
1356341336348,0.27980277,-0.1708411,0.94473475,0.9002236,0.3886498,-0.19633847,-0.33362836,0.90540856,0.2625405
1356341336388,0.35697088,-0.1898647,0.91461647,0.87121826,0.4208806,-0.25266245,-0.33697262,0.8870237,0.31565568
1356341336428,0.41520858,-0.1884444,0.8899946,0.8446411,0.44323987,-0.3001997,-0.33791015,0.87637156,0.34320492
1356341336468,0.4465869,-0.1710797,0.87823224,0.82884216,0.44881684,-0.3340422,-0.33701763,0.87709475,0.34223378
1356341336508,0.45136112,-0.14493164,0.88049304,0.8273735,0.43757963,-0.35210398,-0.33425486,0.8874227,0.317419
1356341336548,0.43412328,-0.115021706,0.8934803,0.8383465,0.41459078,-0.35396284,-0.32971528,0.90270954,0.2764116
1356341336588,0.40129477,-0.08438587,0.9120535,0.8572038,0.38546252,-0.3414973,-0.3227449,0.91885674,0.22701997
1356341336628,0.35948533,-0.054817677,0.93153924,0.8796313,0.35312295,-0.31867376,-0.3114789,0.9339696,0.17516187
1356341336674,0.31524175,-0.029369742,0.9485569,0.902141,0.31950957,-0.2899231,-0.29455808,0.9471278,0.12721837
1356341336708,0.27444434,-0.010604948,0.9615445,0.9224334,0.28538936,-0.26013365,-0.2716559,0.95835304,0.08810583
1356341336748,0.2406953,-5.797744E-4,0.9706005,0.9396782,0.25054532,-0.23287731,-0.24304435,0.96810466,0.060849935
1356341336788,0.21468297,4.2131543E-4,0.97668374,0.95379984,0.21511039,-0.2097457,-0.21018317,0.9765896,0.04577869
1356341336828,0.19546586,-0.0061728954,0.9806911,0.96488416,0.180134,-0.19118148,-0.17547569,0.9836227,0.041166186
1356341336868,0.18043125,-0.016518444,0.98344886,0.97280395,0.15064776,-0.17594787,-0.14524797,0.98844945,0.04325077
1356341336908,0.16780853,-0.026550084,0.98546195,0.9775567,0.13363695,-0.16286194,-0.12737009,0.9906746,0.04837969
1356341336948,0.15735915,-0.034121096,0.98695177,0.9793801,0.13361332,-0.15153256,-0.12669939,0.990446,0.054442823
1356341336988,0.15012315,-0.039547622,0.98787594,0.9785511,0.14851621,-0.14276055,-0.14106974,0.9881189,0.06099513
1356341337028,0.14712515,-0.043747216,0.98815,0.97539437,0.17225626,-0.13759986,-0.16419542,0.9840803,0.068013996
1356341337068,0.14874765,-0.046747297,0.9877696,0.970724,0.19740865,-0.1368382,-0.18859741,0.9792061,0.074742824
1356341337139,0.1543096,-0.048380315,0.9868374,0.9649343,0.22204086,-0.139999,-0.21234503,0.9738363,0.08094683
1356341337152,0.16406494,-0.048209637,0.9852708,0.95872784,0.24291587,-0.14775914,-0.23221451,0.96884865,0.086073935
1356341337188,0.1741853,-0.048906356,0.9834977,0.9522866,0.26256147,-0.15560117,-0.25061876,0.96367514,0.09230718
1356341337228,0.18796018,-0.055588156,0.98060226,0.944746,0.28323057,-0.16503161,-0.26856276,0.9574395,0.10575274
1356341337268,0.20992786,-0.076316684,0.9747338,0.93530154,0.30613166,-0.17746675,-0.2848532,0.94892526,0.13564464
1356341337308,0.2437217,-0.11516425,0.96298337,0.92322683,0.3316913,-0.19399235,-0.29707226,0.9363322,0.18716305
1356341337348,0.28668094,-0.16582355,0.9435659,0.90844166,0.3598053,-0.2127766,-0.30421668,0.9181736,0.2537903
1356341337388,0.32677376,-0.21105564,0.9212352,0.893198,0.38754952,-0.22804075,-0.308895,0.89736325,0.31515554
1356341337428,0.3508705,-0.23790535,0.9056991,0.88200045,0.40888286,-0.23428589,-0.31458694,0.8810311,0.35329762
1356341337468,0.35161957,-0.24428996,0.9037069,0.87921333,0.41768393,-0.2291812,-0.32147726,0.8751358,0.36164877
1356341337508,0.32850724,-0.23429152,0.9149811,0.8859751,0.4121496,-0.2125575,-0.32730865,0.88047725,0.3429706
1356341337548,0.2853472,-0.21309417,0.93443453,0.89980453,0.39530435,-0.18462458,-0.33004358,0.89349055,0.30454212
1356341337588,0.22905794,-0.18481153,0.95570767,0.91640824,0.37199387,-0.147704,-0.32821992,0.90965116,0.25457102
1356341337628,0.16792351,-0.1518077,0.97404116,0.9325,0.34495646,-0.10699928,-0.31975847,0.92626107,0.199487
1356341337668,0.11132723,-0.117762804,0.9867816,0.94647264,0.31528932,-0.06915286,-0.302978,0.9416605,0.1465596
1356341337708,0.067302406,-0.08621931,0.9940003,0.9583876,0.28259987,-0.04037845,-0.27742293,0.95535517,0.10165119
1356341337748,0.040444344,-0.060468405,0.99735045,0.96867967,0.24712178,-0.024298966,-0.24499777,0.96709585,0.06856918
1356341337788,0.03124839,-0.042598844,0.99860346,0.9773619,0.21046841,-0.021605462,-0.20925415,0.9766722,0.048211277
1356341337828,0.036972553,-0.03329417,0.99876153,0.98411155,0.1748943,-0.030600041,-0.17365888,0.98402405,0.03923148
1356341337868,0.05299619,-0.030883104,0.9981171,0.9884058,0.14404091,-0.04802376,-0.14228666,0.9890898,0.038158596
1356341337908,0.07377249,-0.032425225,0.99674785,0.990063,0.1223647,-0.069297075,-0.11971977,0.9919554,0.041130185
1356341337948,0.094979554,-0.034759372,0.9948722,0.9892899,0.11456588,-0.09044388,-0.11083463,0.9928074,0.045268506
1356341337988,0.11424127,-0.036056966,0.9927985,0.9864931,0.12220237,-0.10907754,-0.11738938,0.99185,0.049530447
1356341338028,0.13102537,-0.03594646,0.99072707,0.9819472,0.14222747,-0.124703825,-0.13642594,0.9891811,0.053932935
1356341338087,0.14611259,-0.034543276,0.9886647,0.9760529,0.16784081,-0.13838449,-0.16115803,0.98520875,0.058239758
1356341338154,0.16085592,-0.03193748,0.98646104,0.9693347,0.19324854,-0.15180668,-0.18578383,0.9806299,0.06204328
1356341338155,0.17698139,-0.028223217,0.9838095,0.9620568,0.21586877,-0.16687545,-0.20766401,0.9760144,0.06535709
1356341338185,0.19631621,-0.02377528,0.98025227,0.95390797,0.23604622,-0.18531498,-0.2269789,0.9714508,0.06901914
1356341338228,0.22045767,-0.020751446,0.97517574,0.9440887,0.25580907,-0.20798627,-0.24514279,0.9665046,0.075986266
1356341338268,0.25157413,-0.024835944,0.96751934,0.931603,0.27719036,-0.23511985,-0.26234764,0.96049404,0.09287113
1356341338308,0.29091567,-0.044146597,0.9557296,0.9158179,0.30190575,-0.26482144,-0.27684927,0.9523151,0.12825939
1356341338348,0.33656636,-0.08123821,0.938149,0.8969319,0.3310568,-0.29311195,-0.28676876,0.94010735,0.18428773
1356341338388,0.38073206,-0.12663215,0.9159735,0.8769992,0.36345172,-0.3142854,-0.29311353,0.9229665,0.24943402
1356341338428,0.41315264,-0.16508147,0.8955741,0.8601749,0.39364088,-0.32426202,-0.2990049,0.9043201,0.30463272
1356341338468,0.42730403,-0.18690121,0.8845786,0.8510028,0.4135276,-0.32371134,-0.30529562,0.891102,0.33575544
1356341338508,0.42248505,-0.19123071,0.88596684,0.8516614,0.41822016,-0.31585568,-0.3101279,0.88798803,0.33955556
1356341338548,0.40142688,-0.18158829,0.89770937,0.8610295,0.4089516,-0.30230233,-0.31222513,0.89430654,0.3205171
1356341338588,0.36800063,-0.16211301,0.91558444,0.8761552,0.39015698,-0.2830718,-0.31133208,0.9063647,0.28561413
1356341338628,0.32675445,-0.13662028,0.9351826,0.8940402,0.36554468,-0.25897703,-0.30646947,0.9207127,0.2415874
1356341338668,0.2827491,-0.10824549,0.9530665,0.91251135,0.33655623,-0.23249274,-0.29559416,0.93542117,0.19393626
1356341338708,0.24142534,-0.08107957,0.96702635,0.92983544,0.30449665,-0.20661005,-0.2777044,0.94905627,0.1489039
1356341338748,0.20729181,-0.058563292,0.9765248,0.944866,0.2706416,-0.18434083,-0.25349265,0.9608973,0.11143616
1356341338788,0.18223321,-0.042978197,0.9823156,0.95736146,0.2355206,-0.16729942,-0.22416538,0.97091866,0.08406532
1356341338828,0.16529351,-0.03486535,0.985628,0.96750987,0.19959795,-0.15519452,-0.19131842,0.97925746,0.06672481
1356341338868,0.15347213,-0.032473505,0.9876193,0.975305,0.1656239,-0.14611271,-0.15882853,0.98565423,0.057090223
1356341338908,0.14366019,-0.03306237,0.9890746,0.9806442,0.13911164,-0.1377855,-0.13303623,0.9897246,0.052407265
1356341338948,0.13369274,-0.03396544,0.9904406,0.9835794,0.12680805,-0.12841794,-0.12123397,0.9913455,0.050361067
1356341338988,0.12332922,-0.034293205,0.9917731,0.98430085,0.131383,-0.11785713,-0.12626043,0.9907384,0.04995823
1356341339028,0.113624275,-0.03451079,0.9929242,0.9829146,0.1495648,-0.10728046,-0.14480421,0.9881494,0.05091536
1356341339068,0.106249094,-0.03497821,0.9937241,0.97968847,0.17460829,-0.098602355,-0.17006359,0.9840165,0.05281967
1356341339140,0.10291204,-0.035722017,0.9940488,0.97456694,0.20362332,-0.09357765,-0.19906873,0.97839737,0.055768788
1356341339150,0.10649979,-0.035708815,0.9936713,0.9689301,0.22809029,-0.09565139,-0.22323117,0.9729849,0.05889094
1356341339187,0.11367589,-0.0369325,0.9928312,0.9630543,0.24965858,-0.10097942,-0.24413937,0.9676293,0.063948214
1356341339228,0.12838736,-0.041303217,0.99086356,0.9562338,0.27005234,-0.11264342,-0.26293245,0.9619593,0.074166894
1356341339268,0.15167782,-0.055877894,0.9868493,0.94812524,0.2904217,-0.12928152,-0.27937844,0.9552659,0.097029805
1356341339308,0.1849544,-0.08829895,0.9787723,0.93851745,0.31129605,-0.1492644,-0.29150805,0.946202,0.14044565
1356341339348,0.22714701,-0.14012498,0.9637267,0.9272236,0.33368805,-0.17002547,-0.29775923,0.9322109,0.20572343
1356341339388,0.27385646,-0.19636875,0.94151044,0.91377634,0.35850412,-0.19101706,-0.3000256,0.9126413,0.2776158
1356341339428,0.3169166,-0.23757201,0.91821754,0.8989727,0.38385472,-0.21095902,-0.3023442,0.8923089,0.33522063
1356341339468,0.3485581,-0.25374874,0.90228534,0.88585234,0.40369752,-0.2286785,-0.30622342,0.87899935,0.365496
1356341339508,0.36375457,-0.24650201,0.89828694,0.8784423,0.41158158,-0.24277514,-0.30987382,0.8774038,0.36625242
1356341339548,0.36094004,-0.22289026,0.9055617,0.87903,0.40564096,-0.25052255,-0.31149384,0.8864396,0.34233934
1356341339588,0.34196603,-0.19067517,0.9201642,0.88695014,0.38898575,-0.24901739,-0.31044933,0.9012953,0.30213925
1356341339628,0.31135488,-0.15451011,0.93764853,0.89984787,0.36514103,-0.23863316,-0.30550268,0.91804063,0.25272405
1356341339668,0.27441677,-0.118025094,0.95434034,0.9153882,0.3360553,-0.2216556,-0.2945501,0.93441796,0.20025808
1356341339708,0.23621574,-0.08507049,0.96796954,0.9315634,0.30317387,-0.20068681,-0.27639052,0.9491304,0.15086299
1356341339748,0.20017669,-0.05912015,0.97797453,0.9470979,0.26726028,-0.17770043,-0.2508681,0.96180916,0.109491825
1356341339788,0.16669679,-0.043014735,0.9850695,0.9611696,0.22991806,-0.15261257,-0.21992067,0.9722589,0.079671085
1356341339828,0.13483804,-0.037028223,0.9901756,0.9734328,0.19158596,-0.12539366,-0.18506065,0.98077714,0.06187752
1356341339868,0.1027194,-0.038613796,0.9939605,0.98346055,0.15380004,-0.095659286,-0.1491774,0.9873471,0.053773463
1356341339908,0.06986722,-0.04350376,0.9966073,0.9905251,0.121433705,-0.06414008,-0.118231416,0.9916458,0.05157578
1356341339948,0.03753695,-0.048584014,0.9981135,0.99428797,0.10168019,-0.032443643,-0.09991217,0.99363005,0.05212325
1356341339988,0.007443607,-0.05319923,0.9985562,0.9951034,0.09881604,-0.002153337,-0.09855884,0.9936827,0.05367428
1356341340036,-0.018046528,-0.05868566,0.9981134,0.9930248,0.11528227,0.02473268,-0.11651623,0.99159765,0.056195855
1356341340078,-0.036626935,-0.06510329,0.9972061,0.98904324,0.14044082,0.045495898,-0.14301035,0.9879464,0.059246063
1356341340140,-0.04491067,-0.07077044,0.9964811,0.98473936,0.16475183,0.05608219,-0.16814107,0.98379284,0.062291324
1356341340159,-0.0427303,-0.074989945,0.99626833,0.98090816,0.18620786,0.056087524,-0.18971902,0.9796444,0.06560153
1356341340198,-0.02895236,-0.077973425,0.99653494,0.9776452,0.20550203,0.044482976,-0.20825848,0.9755455,0.07028055
1356341340239,-0.0029600263,-0.08224955,0.99660736,0.9743577,0.22398639,0.021379441,-0.22498494,0.97111535,0.07947749
1356341340278,0.034121245,-0.09520981,0.9948722,0.97013843,0.24234214,-0.010080665,-0.2401397,0.96550775,0.10063571
1356341340318,0.08119783,-0.12503478,0.9888242,0.96409774,0.2615156,-0.046099305,-0.2528289,0.9570663,0.14178026
1356341340358,0.13512608,-0.17194644,0.9757948,0.95526266,0.28410044,-0.08222109,-0.2630861,0.9432505,0.20264336
1356341340398,0.19235703,-0.22105184,0.9561039,0.94260716,0.31259593,-0.117369205,-0.27292952,0.92380726,0.26849508
1356341340438,0.24793321,-0.25235733,0.93533146,0.92628956,0.3445397,-0.15257788,-0.2837547,0.9042169,0.31917882
1356341340478,0.2958398,-0.2559169,0.920318,0.90896004,0.37166005,-0.18883952,-0.2937182,0.8923986,0.3425701
1356341340518,0.3309149,-0.23494098,0.9139464,0.89469945,0.3860268,-0.22471324,-0.30001342,0.8920684,0.33794367
1356341340558,0.35095683,-0.19848263,0.91511416,0.8864206,0.38540605,-0.25636038,-0.3018074,0.9011475,0.31120005
1356341340598,0.35692084,-0.15465102,0.921244,0.8849288,0.37183255,-0.28043085,-0.29917958,0.915327,0.26956993
1356341340638,0.3516547,-0.10944003,0.9297105,0.8897133,0.3479194,-0.29557106,-0.29111704,0.9311148,0.21971777
1356341340678,0.33868614,-0.06725302,0.9384928,0.89961636,0.31535962,-0.3020574,-0.27564847,0.94658613,0.16730985
1356341340718,0.32046613,-0.033011198,0.9466846,0.91300696,0.2770842,-0.29940376,-0.2524277,0.9602784,0.118935555
1356341340758,0.29839712,-0.010151118,0.95438784,0.9281874,0.23600817,-0.28769502,-0.22232288,0.97169805,0.07984629
1356341340798,0.27132732,-8.555651E-4,0.9624868,0.94407225,0.1949138,-0.26596296,-0.18737441,0.98082006,0.053693175
1356341340838,0.23738575,-0.0043016076,0.971406,0.95969236,0.15592551,-0.23383278,-0.15046111,0.9877594,0.041142702
1356341340878,0.19655013,-0.01653722,0.9803543,0.97369313,0.120850146,-0.193176,-0.11528134,0.99253297,0.03985527
1356341340936,0.15180403,-0.031401366,0.9879116,0.9845216,0.09337908,-0.14831507,-0.08759293,0.9951353,0.045090705
1356341340958,0.10878959,-0.04397255,0.99309176,0.99132913,0.07886413,-0.105104536,-0.07369763,0.99591506,0.052170873
1356341340998,0.0729669,-0.052586585,0.99594706,0.9943656,0.08083019,-0.06858325,-0.07689601,0.99533975,0.05818823
1356341341036,0.048772514,-0.058060527,0.997121,0.9943441,0.09712076,-0.042981565,-0.09434566,0.99357766,0.062468946
1356341341078,0.039809525,-0.060820222,0.9973545,0.99202085,0.121902645,-0.032162786,-0.11962399,0.9906769,0.06518781
1356341341139,0.05017343,-0.059802353,0.9969485,0.9880462,0.14865819,-0.04080805,-0.14576411,0.98707867,0.0665462
1356341341159,0.08325893,-0.0534589,0.99509305,0.9820198,0.17417276,-0.07280812,-0.1694259,0.9832629,0.06699914
1356341341200,0.14221832,-0.040845126,0.9889922,0.97132766,0.19806752,-0.13149798,-0.1905162,0.979337,0.06784281
1356341341238,0.22713104,-0.023321062,0.97358495,0.95088077,0.2212201,-0.21653524,-0.21032673,0.97494507,0.07242149
1356341341278,0.32902628,-0.0073839426,0.94429195,0.9159705,0.24568039,-0.3172369,-0.22965157,0.9693228,0.08759877
1356341341318,0.43209654,-0.004000455,0.90181845,0.8671129,0.27662224,-0.4142407,-0.2478059,0.9609704,0.12299633
1356341341358,0.5238925,-0.017642051,0.8516016,0.8101872,0.3189386,-0.49180776,-0.26293215,0.94761115,0.1813829
1356341341398,0.5969152,-0.041230977,0.80124426,0.7540328,0.3700109,-0.5427031,-0.274093,0.9281121,0.25195464
1356341341438,0.6483526,-0.06128955,0.7588692,0.70703363,0.41817448,-0.5702925,-0.28238675,0.90629673,0.3144583
1356341341478,0.6777166,-0.06981194,0.7320017,0.6762385,0.45014232,-0.5831582,-0.28879362,0.8902237,0.3522784
1356341341518,0.68677545,-0.06767872,0.723712,0.6655661,0.45875806,-0.5886959,-0.29216653,0.88598,0.36010844
1356341341558,0.6787415,-0.058665693,0.7320302,0.67423046,0.4448666,-0.5894972,-0.29107255,0.8936733,0.34150362
1356341341598,0.6569976,-0.044989944,0.752549,0.69773203,0.4143452,-0.58436984,-0.2855243,0.90900713,0.30361474
1356341341638,0.6244765,-0.028018504,0.7805408,0.73071444,0.37389445,-0.57119113,-0.27583596,0.9270479,0.25396186
1356341341678,0.58398956,-0.009645462,0.8117038,0.7685203,0.32856917,-0.54901636,-0.26140532,0.9444307,0.1992937
1356341341719,0.53835356,0.007546097,0.8426853,0.807436,0.28169686,-0.518357,-0.24129337,0.9594738,0.14555952
1356341341758,0.48988461,0.020489544,0.87154645,0.8447083,0.23607723,-0.48034924,-0.21559435,0.9715182,0.098342955
1356341341798,0.43982163,0.02636984,0.8976979,0.8786478,0.1942009,-0.43619284,-0.18583608,0.9806073,0.06224397
1356341341838,0.38802764,0.023527741,0.9213474,0.9086851,0.15730634,-0.38671187,-0.15403223,0.9872695,0.039659947
1356341341878,0.3330744,0.012667894,0.9428154,0.9348899,0.12562585,-0.3319624,-0.122647256,0.9919968,0.029999644
1356341341918,0.27395943,-0.0030489564,0.96173644,0.9570124,0.09990749,-0.272297,-0.09525445,0.994992,0.030288517
1356341341958,0.21053502,-0.018631697,0.97740877,0.97449726,0.08342007,-0.20831773,-0.07765421,0.9963403,0.035719335
1356341341998,0.14630374,-0.03130591,0.98874426,0.98640525,0.08022544,-0.14341754,-0.07483268,0.996285,0.04261756
1356341342038,0.08630872,-0.04205072,0.99538064,0.99247146,0.090774655,-0.08222163,-0.08689788,0.9949833,0.049568772
1356341342078,0.03550887,-0.052759975,0.9979757,0.9934813,0.11010438,-0.029528081,-0.108323574,0.9925187,0.056325734
1356341342137,-0.0023850799,-0.06328812,0.9979924,0.9912709,0.13140583,0.010702223,-0.13181925,0.98930633,0.062422335
1356341342159,-0.024725407,-0.071962774,0.99710083,0.98792464,0.15084031,0.035384297,-0.15294936,0.98593533,0.067364216
1356341342200,-0.029150099,-0.07738751,0.9965748,0.9848594,0.16822234,0.041870475,-0.17088634,0.98270667,0.07131219
1356341342238,-0.013339013,-0.07953623,0.99674267,0.98226976,0.18537953,0.02793786,-0.18699771,0.97944283,0.075653315
1356341342278,0.022596061,-0.081722915,0.9963989,0.9788496,0.20450908,-0.005424559,-0.20332935,0.97544724,0.08461559
1356341342318,0.0776746,-0.09098974,0.992818,0.9722023,0.22754094,-0.055208027,-0.22088337,0.9695081,0.106134534
1356341342358,0.14523774,-0.11555976,0.982625,0.95996994,0.25687605,-0.11167976,-0.23950711,0.95951056,0.14824203
1356341342398,0.21393305,-0.15517116,0.96444523,0.9420358,0.2939976,-0.16166046,-0.25845948,0.94312644,0.20907259
1356341342438,0.26844975,-0.19814664,0.9426943,0.9226981,0.33399352,-0.19255275,-0.2767001,0.921513,0.27249002
1356341342478,0.2965951,-0.23167112,0.9264771,0.9091625,0.36545324,-0.19966844,-0.29232666,0.90153897,0.31901836
1356341342523,0.2924527,-0.24763003,0.9236616,0.90737593,0.3767867,-0.18628117,-0.30189455,0.8925867,0.33488584
1356341342558,0.2588743,-0.25456896,0.931761,0.91659474,0.369038,-0.15383467,-0.30469367,0.89387107,0.328871
1356341342598,0.2094346,-0.245321,0.94654894,0.9306587,0.34702024,-0.11598003,-0.3000193,0.9052042,0.30098817
1356341342638,0.14644852,-0.22548264,0.9631772,0.94580525,0.31719896,-0.06954995,-0.28983653,0.92116356,0.25971597
1356341342678,0.077700526,-0.19780657,0.9771567,0.9584514,0.28464928,-0.018591344,-0.27446944,0.9380018,0.21170542
1356341342718,0.009883136,-0.1668725,0.9859289,0.9672519,0.25167683,0.032901436,-0.25362584,0.95331645,0.16389507
1356341342758,-0.05145678,-0.13677222,0.9892652,0.9724403,0.21869698,0.08081794,-0.22740296,0.96615994,0.1217494
1356341342798,-0.10351074,-0.11113742,0.98839974,0.9749044,0.18558341,0.12296474,-0.19709659,0.97632337,0.08913845
1356341342838,-0.14575094,-0.092163324,0.9850191,0.9755446,0.15219223,0.15858886,-0.16452834,0.98404443,0.06772727
1356341342878,-0.17896247,-0.080105186,0.9805894,0.97511816,0.11809611,0.18761131,-0.1308324,0.9897659,0.056977272
1356341342918,-0.20451874,-0.0734587,0.97610235,0.97380304,0.08598781,0.21050817,-0.09939656,0.99358433,0.053948224
1356341342959,-0.22299075,-0.07076818,0.9722484,0.9718427,0.06175852,0.22739306,-0.07613677,0.9955791,0.055004
1356341342998,-0.23437405,-0.07165632,0.9695021,0.9698372,0.05146444,0.23825881,-0.06696764,0.9961008,0.05743301
1356341343038,-0.23846298,-0.07627559,0.96815157,0.96839046,0.056444883,0.2429688,-0.07317984,0.9954878,0.06040448
1356341343078,-0.23525804,-0.084028184,0.96829385,0.96766347,0.073028326,0.24144223,-0.091000855,0.99378383,0.064130485
1356341343130,-0.224554,-0.09263533,0.97004855,0.96784097,0.09464216,0.2330809,-0.11339894,0.991192,0.06840402
1356341343160,-0.20575136,-0.099957764,0.97348595,0.9691544,0.11709738,0.21685943,-0.13566944,0.9880773,0.0727815
