1356340633560,0.2817878,-0.27059376,0.92052954,0.5709622,-0.72375536,-0.38753116,0.77110165,0.6347891,-0.049446642
1356340633600,-0.06671864,0.0034061968,-0.99776596,-0.6332066,0.77267474,0.044979095,0.7711018,0.634793,-0.049394965
1356340633638,-0.06663375,0.0036810338,-0.9977707,-0.6332084,0.772664,0.045137882,0.77110773,0.63480455,-0.04915464
1356340633680,-0.066444606,0.0043328404,-0.9977807,-0.63318616,0.7726598,0.045520663,0.77114224,0.63480556,-0.048595548
1356340633719,-0.06626596,0.0051787496,-0.99778855,-0.633078,0.77271676,0.04605505,0.77124643,0.63472986,-0.047926307
1356340633759,-0.06632376,0.0058193505,-0.99778116,-0.63284194,0.772879,0.04657346,0.77143514,0.6345267,-0.0475775
1356340633800,-0.06678141,0.0058797896,-0.9977503,-0.6324954,0.7731435,0.046890378,0.77167976,0.6342039,-0.047912657
1356340633840,-0.067776985,0.005011201,-0.99768794,-0.632127,0.7734485,0.046827823,0.77189493,0.63383937,-0.0492543
1356340633880,-0.06934201,0.0030849874,-0.99758816,-0.631806,0.77374196,0.04630941,0.7720187,0.63349336,-0.05170369
1356340633918,-0.07136316,2.9751658E-4,-0.99745035,-0.63155234,0.77400196,0.04541561,0.77204204,0.6331831,-0.055047333
1356340633961,-0.07388657,-0.0037271678,-0.9972597,-0.6314995,0.7741328,0.04389432,0.7718478,0.6330123,-0.059551716
1356340633998,-0.076734304,-0.007965952,-0.99701977,-0.6317791,0.7739858,0.042440057,0.7713411,0.63315284,-0.06442398
1356340634039,-0.07982832,-0.012742698,-0.9967272,-0.6326863,0.77333343,0.040785402,0.77028275,0.63387144,-0.069796026
1356340634088,-0.083391905,-0.018348843,-0.9963479,-0.63465273,0.7718175,0.038904995,0.7682849,0.63557935,-0.0760085
1356340634128,-0.08713623,-0.022633195,-0.99593925,-0.6369447,0.76996106,0.038229525,0.76596916,0.6376894,-0.08150756
1356340634169,-0.09055066,-0.025630444,-0.99556196,-0.6396071,0.7677418,0.03840977,0.7633501,0.6402465,-0.08591294
1356340634207,-0.09362439,-0.027258754,-0.99523443,-0.6425106,0.7652589,0.039482802,0.7605358,0.6431452,-0.08916098
1356340634250,-0.094475426,-0.030258954,-0.9950672,-0.6459344,0.76243937,0.038142473,0.7575243,0.6463517,-0.09157711
1356340634288,-0.09823826,-0.029293686,-0.9947317,-0.6487762,0.7598361,0.041695923,0.7546117,0.64945436,-0.09365004
1356340634329,-0.10103816,-0.029387504,-0.9944485,-0.6515049,0.7573783,0.043812603,0.7518862,0.6523148,-0.09567022
1356340634368,-0.102702856,-0.030304492,-0.9942503,-0.6541375,0.75506216,0.04455626,0.74937046,0.65495247,-0.09737033
1356340634408,-0.1029973,-0.031277448,-0.9941898,-0.6568966,0.75267375,0.044374645,0.74691266,0.65765035,-0.09806943
1356340634449,-0.10159682,-0.031321466,-0.99433243,-0.660153,0.7498512,0.043831408,0.7442286,0.66086465,-0.096859455
1356340634500,-0.09812464,-0.029671818,-0.99473166,-0.66406,0.74642783,0.043240607,0.74121237,0.6648045,-0.09294683
1356340634530,-0.092280045,-0.024439871,-0.9954331,-0.6686366,0.74230057,0.043759942,0.737841,0.66962117,-0.08484095
1356340634571,-0.08388893,-0.014622003,-0.9963678,-0.67353356,0.7377313,0.04588157,0.73438084,0.6749361,-0.07173586
1356340634611,-0.07339828,7.9616904E-4,-0.99730235,-0.6786052,0.7327631,0.05052817,0.7308267,0.6804833,-0.05324328
1356340634651,-0.062293455,0.019569874,-0.9978659,-0.6838282,0.72741675,0.05695504,0.726979,0.6859168,-0.031930864
1356340634692,-0.0518187,0.04163882,-0.9977881,-0.6895989,0.7211859,0.06590924,0.7223351,0.691489,-0.008656859
1356340634731,-0.043797165,0.063468605,-0.9970224,-0.695323,0.7146636,0.0760383,0.7173617,0.6965828,0.012830913
1356340634771,-0.038741067,0.08341047,-0.99576193,-0.7005446,0.7083358,0.086589456,0.7125563,0.7009302,0.030991077
1356340634810,-0.037122205,0.10011503,-0.9942831,-0.70463634,0.7028958,0.09708309,0.70859694,0.70421195,0.044451594
1356340634851,-0.038624555,0.112461716,-0.9929051,-0.70746076,0.6986588,0.106654435,0.7056964,0.70656085,0.0525769
1356340634893,-0.04276748,0.11904505,-0.9919674,-0.709579,0.69533646,0.11403927,0.7033269,0.7087563,0.05473405
1356340634932,-0.04882823,0.12026727,-0.99153996,-0.7120623,0.691959,0.11899549,0.7004163,0.7118486,0.051850677
1356340634972,-0.05629681,0.11434111,-0.9918451,-0.71673024,0.6869697,0.11987615,0.69507426,0.7176341,0.04327756
1356340635010,-0.06391482,0.10548371,-0.9923649,-0.7229896,0.6805495,0.1189045,0.6878959,0.7250693,0.0327664
1356340635048,-0.07108615,0.094635576,-0.99297076,-0.73042476,0.67299587,0.11643085,0.6792838,0.7335671,0.021283448
1356340635091,-0.07731855,0.08428064,-0.99343777,-0.73632956,0.66696876,0.1138919,0.6721908,0.7403036,0.010489285
1356340635129,-0.082705796,0.07572675,-0.99369276,-0.7381478,0.6652547,0.11213392,0.6695503,0.7427662,8.7708235E-4
1356340635170,-0.088003084,0.06924558,-0.99371046,-0.7352758,0.66850024,0.11169979,0.6720304,0.74048126,-0.007915497
1356340635211,-0.09438737,0.06401172,-0.99347544,-0.72798026,0.6762656,0.11273661,0.67906976,0.73387146,-0.017231643
1356340635250,-0.10341327,0.060688674,-0.9927853,-0.71923596,0.68488014,0.116785556,0.68702644,0.72612405,-0.027176201
1356340635290,-0.11541362,0.05723095,-0.99166745,-0.71018445,0.69324744,0.122662246,0.69449097,0.7184237,-0.03936571
1356340635330,-0.13169807,0.055038214,-0.98976076,-0.701648,0.70013446,0.13229448,0.7002468,0.7118866,-0.053588867
1356340635370,-0.15162186,0.050265223,-0.9871596,-0.6938913,0.70583534,0.14251804,0.70393586,0.7065903,-0.07214147
1356340635408,-0.17546402,0.042061,-0.98358697,-0.6869918,0.71039003,0.15293214,0.7051628,0.7025503,-0.0957523
1356340635451,-0.20226331,0.020458817,-0.9791174,-0.6828731,0.7136911,0.15597874,0.70197845,0.7001617,-0.13038272
1356340635499,-0.23186056,-0.021511436,-0.97251105,-0.6838761,0.71458656,0.1472396,0.69177604,0.6992161,-0.1803956
1356340635531,-0.2613672,-0.08586919,-0.9614123,-0.69216824,0.71088576,0.12467793,0.6727483,0.69804573,-0.24523818
1356340635570,-0.28554565,-0.16215941,-0.9445465,-0.7064719,0.7015876,0.093125015,0.64758104,0.693887,-0.31489635
1356340635625,-0.2992804,-0.22995369,-0.92604136,-0.720757,0.6904558,0.061482757,0.62525237,0.68585134,-0.3723806
1356340635653,-0.3016374,-0.27455753,-0.9130351,-0.7292251,0.6833565,0.035421252,0.6142033,0.67649245,-0.40634012
1356340635732,-0.2922353,-0.28093565,-0.9141519,-0.7263367,0.6870163,0.021062046,0.62212014,0.67013717,-0.40482426
1356340635745,-0.27097547,-0.26135248,-0.92642707,-0.71845835,0.69542986,0.013959348,0.6406167,0.6693819,-0.37621528
1356340635776,-0.24655592,-0.2387505,-0.9392594,-0.7115546,0.702583,0.008193612,0.6579515,0.6703546,-0.34311002
1356340635817,-0.22170097,-0.19873083,-0.954649,-0.70312244,0.71090424,0.015298158,0.6756238,0.6746267,-0.2973402
1356340635862,-0.1969386,-0.14879185,-0.9690594,-0.6964887,0.7168772,0.031473815,0.6900136,0.6811373,-0.24481261
1356340635901,-0.174147,-0.09434658,-0.98018944,-0.6937399,0.7181889,0.054126292,0.69885457,0.6894225,-0.19052243
1356340635955,-0.15394992,-0.036761224,-0.9873945,-0.69688374,0.712466,0.08212933,0.70046586,0.7007431,-0.13530236
1356340635993,-0.13898358,0.010180831,-0.9902423,-0.7040787,0.70216024,0.10603866,0.6963883,0.7119461,-0.090420604
1356340636039,-0.12915613,0.041389316,-0.99076015,-0.7174624,0.6857989,0.122178316,0.6845191,0.7266133,-0.058879852
1356340636085,-0.12304202,0.057946384,-0.99070835,-0.73432124,0.66620505,0.130166,0.6675576,0.743514,-0.03941995
1356340636123,-0.119352415,0.06256348,-0.9908788,-0.7535679,0.6440963,0.1314359,0.64644456,0.7623817,-0.029728651
1356340636173,-0.11662616,0.060533553,-0.99132943,-0.7703073,0.6245379,0.12875989,0.626917,0.77864504,-0.026207983
1356340636198,-0.11436428,0.05595553,-0.9918618,-0.77942926,0.6139932,0.12450844,0.61596334,0.78732544,-0.026605546
1356340636246,-0.113068506,0.050403208,-0.9923079,-0.7756785,0.61964244,0.1198588,0.6209173,0.78326416,-0.030965328
1356340636291,-0.11446759,0.04618767,-0.9923527,-0.7645252,0.63375974,0.11768523,0.63434887,0.7721497,-0.037233353
1356340636340,-0.11979438,0.04332897,-0.99185276,-0.7474631,0.65358895,0.11882937,0.6534127,0.75560844,-0.045909464
1356340636391,-0.13224705,0.04492882,-0.990198,-0.7281848,0.6733591,0.12780625,0.6725011,0.73794913,-0.056333303
1356340636430,-0.15289839,0.053979695,-0.9867666,-0.70948505,0.6890839,0.14762932,0.6879339,0.7226684,-0.06706202
1356340636513,-0.17733619,0.062460363,-0.9821663,-0.6917314,0.701972,0.1695379,0.7000426,0.70946044,-0.08127922
1356340636515,-0.20704457,0.06254831,-0.97633,-0.67490625,0.7133354,0.18882307,0.7082613,0.69802606,-0.10547793
1356340636549,-0.24077925,0.044421375,-0.9695629,-0.66059643,0.7243682,0.19723871,0.7110822,0.6879808,-0.14506823
1356340636591,-0.2753396,-9.288192E-4,-0.9613466,-0.65215343,0.7348963,0.18607345,0.7063173,0.6781789,-0.20295179
1356340636635,-0.3063141,-0.06992453,-0.9493588,-0.65193456,0.7421202,0.15568855,0.6936519,0.6666094,-0.27290815
1356340636679,-0.3271934,-0.13598934,-0.93512106,-0.6565654,0.7444237,0.12147114,0.6796075,0.65371263,-0.33285642
1356340636727,-0.3345176,-0.17048633,-0.92684,-0.6594091,0.74497396,0.10096249,0.67325896,0.6449405,-0.36162716
1356340636790,-0.32885206,-0.15956715,-0.93080324,-0.6565628,0.74708223,0.103891164,0.678809,0.6452956,-0.3504454
1356340636830,-0.3111587,-0.11572635,-0.9432855,-0.65153325,0.7485689,0.123081595,0.6918704,0.65287983,-0.30832326
1356340636879,-0.2854774,-0.058208466,-0.95661616,-0.64932615,0.74589306,0.14838833,0.70489585,0.6635174,-0.2507319
1356340636930,-0.2576155,-0.0061590075,-0.9662279,-0.6529569,0.7382112,0.16938567,0.712237,0.67454153,-0.19419622
1356340636969,-0.23113082,0.041722596,-0.97202766,-0.6639573,0.7235089,0.1889326,0.7111535,0.689053,-0.13952321
1356340637009,-0.20764107,0.07553828,-0.9752841,-0.679184,0.7063878,0.19931197,0.7039845,0.70378274,-0.09537077
1356340637053,-0.18914501,0.09524962,-0.97731864,-0.6974627,0.6875642,0.20199332,0.6912091,0.7198492,-0.063616276
1356340637091,-0.1748817,0.10249281,-0.97924036,-0.7162371,0.6691926,0.19795361,0.67558926,0.7359867,-0.043620408
1356340637128,-0.16430333,0.09931305,-0.9813976,-0.7351055,0.65108776,0.18895683,0.6577419,0.75247705,-0.033970356
1356340637165,-0.15627907,0.088053256,-0.9837802,-0.7536609,0.63315123,0.17639354,0.6384137,0.7690033,-0.032586038
1356340637196,-0.14898509,0.07512945,-0.9859813,-0.7690718,0.6179507,0.16329572,0.6215561,0.782619,-0.034285486
1356340637245,-0.14305443,0.0602611,-0.9878785,-0.7788801,0.6089864,0.1499379,0.61064,0.7908882,-0.040182054
1356340637287,-0.13673596,0.046925187,-0.98949546,-0.7803836,0.61015904,0.13677505,0.6101678,0.7908881,-0.046811044
1356340637339,-0.13191968,0.036478877,-0.990589,-0.7726325,0.62226295,0.12580884,0.62099624,0.78195786,-0.053903997
1356340637383,-0.13027741,0.029071659,-0.9910512,-0.75613415,0.6436394,0.11827734,0.6413181,0.7647766,-0.06186956
1356340637419,-0.13450144,0.02752909,-0.99053097,-0.7397543,0.66229665,0.11885589,0.65929735,0.7487358,-0.068715096
1356340637524,-0.14249276,0.027612925,-0.98941064,-0.7213805,0.68154436,0.1229125,0.67772126,0.73125565,-0.077195704
1356340637525,-0.16140164,0.037115872,-0.9861906,-0.70263505,0.6973915,0.1412412,0.69300324,0.71572864,-0.08648121
1356340637546,-0.1821912,0.043199092,-0.9823137,-0.6845592,0.7115706,0.15825886,0.70582217,0.7012853,-0.10006958
1356340637586,-0.20624486,0.036854416,-0.97780615,-0.6677952,0.7250955,0.16818497,0.7152012,0.6876615,-0.124935985
1356340637628,-0.23470902,0.00574106,-0.9720487,-0.65566266,0.73732287,0.16266978,0.7176476,0.6755161,-0.16929215
1356340637670,-0.26570278,-0.056115717,-0.96242034,-0.65285933,0.74502385,0.13679987,0.7093495,0.6646732,-0.23459059
1356340637719,-0.2959685,-0.15182757,-0.9430541,-0.664358,0.7420932,0.08902869,0.6863171,0.6528752,-0.32050407
1356340637762,-0.31381023,-0.22898847,-0.9214594,-0.6778523,0.73359364,0.04854524,0.6648604,0.63984734,-0.38542956
1356340637812,-0.31901467,-0.2621231,-0.9107805,-0.68263,0.7301904,0.02895233,0.6574541,0.6309624,-0.41187453
1356340637848,-0.31299335,-0.2618388,-0.91294885,-0.68142396,0.7315012,0.023819208,0.6615864,0.6295605,-0.40737826
1356340637885,-0.29958472,-0.23277843,-0.9252368,-0.6761801,0.7359613,0.03378305,0.6730746,0.6357477,-0.37788296
1356340637927,-0.28033167,-0.18300164,-0.9422976,-0.67033625,0.7399628,0.05571708,0.6870688,0.64727545,-0.33010763
1356340637968,-0.25688487,-0.1188547,-0.95910573,-0.66728175,0.7396999,0.08705795,0.6991031,0.6623576,-0.26932728
1356340638006,-0.23308188,-0.05498576,-0.97090137,-0.6696535,0.7330377,0.11924741,0.70515037,0.6779618,-0.20767921
1356340638048,-0.21139497,0.0047967434,-0.9773889,-0.67849195,0.7190727,0.15027687,0.70353454,0.6949183,-0.14875382
1356340638088,-0.19394156,0.054146647,-0.9795176,-0.6925856,0.6995847,0.17580217,0.6947746,0.71249515,-0.09817737
1356340638130,-0.18169938,0.08933473,-0.97928786,-0.7108034,0.67623085,0.1935727,0.6795174,0.73125315,-0.059371293
1356340638168,-0.1743923,0.11022124,-0.97848797,-0.7298566,0.65258014,0.20358917,0.66098166,0.74966025,-0.03335923
1356340638209,-0.17131299,0.11679569,-0.9782692,-0.7495023,0.6290197,0.20635045,0.6394514,0.76856554,-0.020220637
1356340638248,-0.17100626,0.11349028,-0.97871184,-0.76774794,0.60722244,0.20455822,0.61751115,0.7863847,-0.016706884
1356340638289,-0.17227161,0.10485846,-0.9794525,-0.7821297,0.58990246,0.20071927,0.59882855,0.8006371,-0.019610584
1356340638328,-0.17403036,0.09667075,-0.9799838,-0.7894349,0.58118606,0.197523,0.5886476,0.80800843,-0.024828732
1356340638368,-0.17623407,0.09135422,-0.9800999,-0.7877207,0.5839952,0.19607562,0.590286,0.8066003,-0.030958235
1356340638408,-0.17971599,0.08968711,-0.97962165,-0.7781863,0.5962215,0.19734752,0.601771,0.7977946,-0.03735727
1356340638448,-0.18546721,0.09185618,-0.9783478,-0.7637733,0.61295116,0.20233932,0.6182655,0.7847632,-0.04352504
1356340638504,-0.19428846,0.09809238,-0.9760276,-0.74701905,0.6300851,0.21202648,0.63577867,0.7703055,-0.049141407
1356340638530,-0.20663434,0.108318895,-0.9724038,-0.72931993,0.6454597,0.226879,0.6522228,0.75607455,-0.054375052
1356340638571,-0.22210225,0.12118921,-0.96746254,-0.7109884,0.6588626,0.2457554,0.6672077,0.7424375,-0.06017071
1356340638610,-0.24012396,0.13248667,-0.96165884,-0.6919677,0.67142034,0.26528358,0.6808238,0.72913784,-0.06954759
1356340638651,-0.26096064,0.13406244,-0.95599514,-0.6729096,0.6847996,0.27971774,0.6921647,0.71629375,-0.088493824
1356340638709,-0.2855407,0.11370739,-0.95159715,-0.65554845,0.7011305,0.28048575,0.6990871,0.7039081,-0.12566066
1356340638728,-0.31329864,0.06498015,-0.9474289,-0.6424862,0.72016984,0.26185268,0.6993249,0.6907481,-0.18387938
1356340638769,-0.33981007,-0.0055134,-0.9404779,-0.6359036,0.7381094,0.22543535,0.69293267,0.67465854,-0.254323
1356340638806,-0.35751903,-0.075148046,-0.93087745,-0.6351456,0.750311,0.183367,0.68466794,0.6567999,-0.31598043
1356340638850,-0.36324728,-0.12407595,-0.9233941,-0.63671684,0.75660264,0.14880912,0.68017876,0.641995,-0.3538351
1356340638888,-0.3571685,-0.14676344,-0.92243767,-0.6391975,0.75851464,0.12681499,0.6810707,0.63491416,-0.3647284
1356340638928,-0.34187007,-0.1424236,-0.9288921,-0.6416515,0.75755066,0.120001376,0.6865918,0.63704985,-0.35037023
1356340638968,-0.32002413,-0.11805117,-0.9400258,-0.64470017,0.75418437,0.124770224,0.6942235,0.64596426,-0.31746483
1356340639008,-0.29471126,-0.08054048,-0.95218617,-0.6490739,0.7481754,0.13761067,0.70131904,0.6585946,-0.27277243
1356340639048,-0.26882178,-0.03610769,-0.9625129,-0.65578866,0.73876864,0.15544209,0.7054617,0.6729913,-0.22227609
1356340639089,-0.24490546,0.009874463,-0.9694967,-0.66553533,0.72543705,0.1755102,0.7050419,0.68821764,-0.17109168
1356340639130,-0.224788,0.05326116,-0.97295094,-0.6785231,0.70807904,0.1955258,0.6993401,0.7041216,-0.123028755
1356340639168,-0.21032287,0.08924118,-0.9735504,-0.6932075,0.6885829,0.2128779,0.6893676,0.7196455,-0.082962036
1356340639210,-0.20181389,0.11470422,-0.9726839,-0.7105689,0.6663422,0.22600862,0.6740645,0.73677063,-0.05297184
1356340639249,-0.19889909,0.12997624,-0.9713626,-0.7291424,0.64264226,0.23529214,0.65482104,0.75506103,-0.033049762
1356340639288,-0.20015854,0.13559058,-0.97033596,-0.7489737,0.61731225,0.24075702,0.6316446,0.77494574,-0.022006512
1356340639328,-0.2036624,0.13546172,-0.9696246,-0.7669171,0.5935476,0.24400696,0.60857195,0.7933167,-0.01699543
1356340639368,-0.20735884,0.13405824,-0.969036,-0.7784028,0.5773699,0.24644071,0.59252965,0.805402,-0.015371442
1356340639409,-0.21014711,0.13422698,-0.9684117,-0.77989024,0.5743247,0.24884209,0.5895841,0.8075483,-0.016010344
1356340639448,-0.21229398,0.13631162,-0.96765196,-0.7719587,0.58376354,0.25159454,0.5991752,0.8003994,-0.018702567
1356340639504,-0.21465644,0.13965315,-0.9666538,-0.7567186,0.60195565,0.2550029,0.6174947,0.78622293,-0.02353555
1356340639531,-0.2184416,0.14370754,-0.96521056,-0.738456,0.622256,0.25976968,0.63793886,0.76951003,-0.029804885
1356340639571,-0.22435698,0.14795804,-0.9632094,-0.7196115,0.6413516,0.26613426,0.6571325,0.75284564,-0.03741938
1356340639610,-0.23288774,0.15234,-0.9604977,-0.7018718,0.6573145,0.27443337,0.6731562,0.73805845,-0.0461573
1356340639652,-0.24414253,0.15313536,-0.957572,-0.6852187,0.6714919,0.28208864,0.68619955,0.725016,-0.05900854
1356340639690,-0.25904697,0.14622682,-0.95473164,-0.66986483,0.6849157,0.28665593,0.6958274,0.7137985,-0.07947314
1356340639731,-0.27972984,0.11989626,-0.9525629,-0.65719557,0.6993724,0.2810201,0.69988954,0.7046298,-0.116840005
1356340639770,-0.30618656,0.06679392,-0.9496254,-0.649819,0.7143234,0.25976384,0.6956903,0.6966208,-0.17531228
1356340639810,-0.3332227,-0.008698106,-0.94280803,-0.64999855,0.7264703,0.2230309,0.6829821,0.68714285,-0.24773014
1356340639849,-0.35210514,-0.087753445,-0.9318376,-0.6562419,0.7330266,0.17893733,0.6673594,0.67451566,-0.31568992
1356340639891,-0.35643977,-0.14806151,-0.92251194,-0.66353226,0.73524046,0.13837057,0.65778077,0.6614373,-0.36031252
1356340639930,-0.34689397,-0.17787442,-0.9208829,-0.667228,0.7368322,0.10901898,0.65914446,0.65225685,-0.37428546
1356340639970,-0.3267666,-0.17857791,-0.92808056,-0.66704917,0.7392341,0.09261969,0.66952896,0.6493404,-0.36067724
1356340640011,-0.29983395,-0.15392667,-0.9414915,-0.6641314,0.74215865,0.09016663,0.684857,0.65230906,-0.3247519
1356340640050,-0.2709214,-0.11500397,-0.95570683,-0.66130364,0.7436926,0.09797326,0.6994848,0.6585555,-0.27753484
1356340640091,-0.24252445,-0.06404817,-0.9680288,-0.6610394,0.7412411,0.11656994,0.7100767,0.66817623,-0.22210747
1356340640130,-0.2183891,-0.010906607,-0.9758008,-0.66535413,0.733146,0.14071518,0.71386975,0.6799838,-0.16736782
1356340640171,-0.19976753,0.039838225,-0.9790331,-0.67572606,0.7179651,0.16709402,0.7095684,0.69493806,-0.1165064
1356340640210,-0.18813969,0.08298877,-0.9786299,-0.6910789,0.6968251,0.19195,0.6978635,0.7124238,-0.07374865
1356340640250,-0.18354136,0.11491552,-0.976272,-0.7094743,0.6719377,0.21247554,0.68041074,0.731638,-0.04179877
1356340640291,-0.18486533,0.13410887,-0.9735705,-0.7297739,0.64476705,0.22738862,0.65822095,0.75252265,-0.021325886
1356340640330,-0.19030848,0.14191887,-0.9714123,-0.7505126,0.6168395,0.2371496,0.6328615,0.77418864,-0.010877907
1356340640370,-0.19760635,0.14179727,-0.9699719,-0.7693957,0.5907061,0.24309775,0.6074389,0.79432976,-0.0076290965
1356340640410,-0.20473325,0.13840699,-0.96898293,-0.78304845,0.57081956,0.24698216,0.5872984,0.809326,-0.0084863305
1356340640451,-0.21044108,0.13602844,-0.96809644,-0.7882389,0.56215024,0.2503328,0.578268,0.8157716,-0.01107657
1356340640505,-0.2146787,0.13671592,-0.9670687,-0.78318954,0.56749773,0.2540875,0.5835471,0.81194526,-0.014755189
1356340640521,-0.21881726,0.1395115,-0.9657409,-0.7737402,0.5782099,0.25884235,0.59451246,0.80387175,-0.018576682
1356340640560,-0.2226581,0.14475188,-0.9640903,-0.7565509,0.59804696,0.26451945,0.61486095,0.78828084,-0.023647785
1356340640600,-0.22889495,0.15303874,-0.961346,-0.73594785,0.61920434,0.2738005,0.6371717,0.7701721,-0.029104173
1356340640640,-0.23766622,0.16379124,-0.9574378,-0.71421325,0.63858974,0.28653538,0.65834194,0.7519146,-0.034789324
1356340640680,-0.24938428,0.17656386,-0.95217264,-0.6922961,0.6550186,0.30278164,0.6771511,0.7346944,-0.041116893
1356340640721,-0.2638874,0.1881147,-0.9460318,-0.67002356,0.66978794,0.320082,0.6938528,0.71832925,-0.05070728
1356340640759,-0.2816279,0.19230422,-0.9400558,-0.6477934,0.684635,0.33412367,0.7078485,0.70306045,-0.068238914
1356340640802,-0.30408192,0.17433965,-0.9365575,-0.62764925,0.7029071,0.33463126,0.71665233,0.6895849,-0.10431719
1356340640840,-0.3295024,0.13073386,-0.9350598,-0.6136635,0.7229926,0.31733072,0.71752715,0.6783733,-0.15800118
1356340640881,-0.35452902,0.06194973,-0.9329906,-0.6099712,0.74093485,0.2809816,0.708692,0.6687135,-0.22489536
1356340640920,-0.37143064,-0.012626976,-0.9283748,-0.61558664,0.7518829,0.23606168,0.6950484,0.6591757,-0.28704536
1356340640960,-0.3760844,-0.07162011,-0.9238133,-0.625387,0.7552876,0.19604015,0.6837043,0.6514685,-0.32884216
1356340641000,-0.36903036,-0.103422195,-0.9236451,-0.63499093,0.75373894,0.16930488,0.6786774,0.6489849,-0.34382468
1356340641041,-0.3531717,-0.10964733,-0.929111,-0.6425306,0.7502756,0.15569496,0.6800178,0.6519693,-0.33542788
1356340641080,-0.3317805,-0.09377664,-0.93868405,-0.64704704,0.7467146,0.15410212,0.68647796,0.6585008,-0.30842322
1356340641121,-0.3073722,-0.0628154,-0.9495138,-0.64993894,0.74268,0.16126299,0.6950551,0.6666938,-0.26910537
1356340641161,-0.28216255,-0.021986902,-0.95911455,-0.6538771,0.7359666,0.17549315,0.7020178,0.67666066,-0.22203892
1356340641201,-0.2586034,0.020189881,-0.9657726,-0.6613763,0.724997,0.19225204,0.7040638,0.6884561,-0.17413354
1356340641241,-0.23825152,0.05961907,-0.96937186,-0.674091,0.7083909,0.20924558,0.6991692,0.7032979,-0.12858653
1356340641280,-0.2221783,0.09054598,-0.9707926,-0.6904627,0.68838686,0.22222713,0.6884026,0.71967006,-0.09042597
1356340641321,-0.21048148,0.11032495,-0.9713526,-0.7104113,0.6653147,0.22950396,0.6715752,0.73836625,-0.06166035
1356340641360,-0.2023507,0.118483394,-0.9721193,-0.7331214,0.63981557,0.23058403,0.6492974,0.75934035,-0.042604387
1356340641400,-0.19649744,0.11709237,-0.97348756,-0.7568933,0.6130285,0.22651401,0.6232987,0.7813357,-0.0318321
1356340641441,-0.1915279,0.11004385,-0.97529864,-0.7781594,0.5885657,0.21922228,0.59815145,0.8009249,-0.027095139
1356340641503,-0.18641338,0.101519674,-0.97721225,-0.7923521,0.5725497,0.21062988,0.5808856,0.8135604,-0.02629155
1356340641540,-0.18104538,0.09393358,-0.9789785,-0.7965174,0.5698799,0.20198268,0.57687306,0.81634146,-0.028354347
1356340641558,-0.17617866,0.0877184,-0.98044205,-0.79086435,0.5804149,0.19404152,0.58608425,0.8095826,-0.032883406
1356340641599,-0.17314586,0.08281016,-0.9814086,-0.77830297,0.5991249,0.18786627,0.60354364,0.79636157,-0.039284587
1356340641637,-0.17340535,0.0798378,-0.98160917,-0.7622221,0.62028664,0.18509987,0.62365705,0.78030145,-0.046706915
1356340641678,-0.17826737,0.080129296,-0.980714,-0.7453047,0.63974375,0.18774661,0.6424497,0.7643999,-0.054324687
1356340641720,-0.18809293,0.08384797,-0.9785655,-0.72799957,0.6568983,0.196217,0.65927047,0.7493024,-0.06251663
1356340641759,-0.20367377,0.090596825,-0.9748381,-0.7102243,0.6716701,0.21080962,0.67386824,0.73529005,-0.07245749
1356340641805,-0.22478597,0.089152634,-0.97032106,-0.6922842,0.68616754,0.22342026,0.6857214,0.7219597,-0.092521906
1356340641850,-0.25408465,0.06845534,-0.96475637,-0.67716515,0.6996214,0.22798511,0.69057107,0.71122694,-0.1314075
1356340641892,-0.2861669,0.018834084,-0.95799476,-0.6707903,0.7100012,0.21433327,0.6842142,0.7039486,-0.19054514
1356340641930,-0.3141244,-0.058602512,-0.9475714,-0.6772975,0.7132446,0.18041676,0.66527736,0.69846106,-0.26373887
1356340641971,-0.33070278,-0.13908198,-0.9334302,-0.6914046,0.7089057,0.13932842,0.6423359,0.6914542,-0.33059907
1356340642010,-0.33449537,-0.1989935,-0.9211484,-0.70399565,0.702568,0.103866875,0.6265005,0.6832275,-0.37509632
1356340642051,-0.32853004,-0.22727764,-0.9167403,-0.70970523,0.69984645,0.08082989,0.6232066,0.6771705,-0.3912207
1356340642091,-0.31736726,-0.2213895,-0.9220979,-0.70721173,0.7030541,0.07460928,0.63176703,0.67579705,-0.3796956
1356340642130,-0.30363566,-0.19175464,-0.93329287,-0.6998313,0.7095989,0.081887335,0.64656126,0.6780114,-0.34965545
1356340642171,-0.2902044,-0.13805059,-0.94695485,-0.68857574,0.71730876,0.106449485,0.66456366,0.6829423,-0.30322444
1356340642211,-0.27618018,-0.07514691,-0.9581636,-0.6793739,0.7204453,0.139319,0.67983496,0.6894285,-0.2500255
1356340642251,-0.26223353,-0.0082164705,-0.9649694,-0.67583835,0.71534,0.17757025,0.68882227,0.6987282,-0.19313914
1356340642290,-0.2474191,0.05208972,-0.96750724,-0.680779,0.70118564,0.21184573,0.68943715,0.7110734,-0.1380251
1356340642331,-0.23180594,0.09806281,-0.9678066,-0.6938208,0.6806738,0.2351509,0.68182015,0.72599375,-0.08974618
1356340642370,-0.21583581,0.1257461,-0.9682989,-0.7127414,0.65752345,0.24425943,0.6673939,0.74286664,-0.052292645
1356340642411,-0.20003933,0.13522598,-0.97041136,-0.7349032,0.63432825,0.23988506,0.64799803,0.7611449,-0.02751261
1356340642452,-0.18504941,0.12862322,-0.9742756,-0.75883615,0.61124545,0.22482604,0.62443936,0.7809194,-0.015506685
1356340642506,-0.17081302,0.11293998,-0.9788092,-0.78110504,0.59000015,0.20438874,0.6005812,0.79946506,-0.0125617385
1356340642535,-0.15815306,0.09375876,-0.9829531,-0.7989148,0.5728685,0.18318504,0.58027804,0.8142671,-0.015695632
1356340642570,-0.14710027,0.07619956,-0.98618215,-0.80931926,0.56392425,0.16429198,0.568651,0.82230353,-0.021283627
1356340642610,-0.13833645,0.062636346,-0.9884026,-0.81104946,0.56558955,0.14935625,0.56838536,0.8223048,-0.027440488
1356340642650,-0.13276237,0.053426147,-0.98970693,-0.80511415,0.5765722,0.13912493,0.57807034,0.8152976,-0.033532917
1356340642691,-0.1314382,0.048701733,-0.9901273,-0.7939805,0.59286445,0.13456139,0.5935646,0.80382824,-0.03925681
1356340642730,-0.13523066,0.04893917,-0.98960483,-0.77991843,0.6107523,0.13678044,0.61109734,0.79030794,-0.04442388
1356340642771,-0.14476007,0.05455166,-0.9879618,-0.76438844,0.6278523,0.14666894,0.6282951,0.77641845,-0.04918927
1356340642811,-0.16008326,0.06466189,-0.9849833,-0.7475593,0.6436925,0.16375312,0.64461493,0.7625476,-0.0547058
1356340642850,-0.18124948,0.07632241,-0.980471,-0.72931325,0.65839165,0.18607152,0.65973544,0.74879587,-0.06367022
1356340642891,-0.2064329,0.077950805,-0.97535086,-0.71021104,0.6737347,0.2041615,0.6730423,0.7348505,-0.08371949
1356340642930,-0.23495021,0.059802413,-0.97016597,-0.6928103,0.6897737,0.2103002,0.6817714,0.72155106,-0.12063074
1356340642972,-0.2624892,0.006867498,-0.9649105,-0.6824585,0.70561576,0.19067451,0.6821655,0.7085614,-0.18052971
1356340643010,-0.28395253,-0.062844545,-0.9567766,-0.67956555,0.7171448,0.15457708,0.6764331,0.69408494,-0.24634206
1356340643054,-0.29603028,-0.12996995,-0.9462948,-0.6807647,0.7236437,0.113574594,0.67001903,0.67782557,-0.3026994
1356340643092,-0.30064452,-0.17306587,-0.9379024,-0.68039083,0.72804743,0.083756715,0.66834193,0.66332126,-0.3366359
1356340643130,-0.30261564,-0.18152691,-0.93566644,-0.6755183,0.733396,0.076193005,0.67238295,0.65511703,-0.34456187
1356340643171,-0.3056423,-0.15749404,-0.9390306,-0.6666082,0.7395931,0.09292793,0.67986494,0.65436816,-0.33103776
1356340643210,-0.31161764,-0.1049906,-0.9443894,-0.65446585,0.74426436,0.13321027,0.68888956,0.6595813,-0.30063868
1356340643251,-0.31914914,-0.035323292,-0.947046,-0.6419966,0.74314106,0.18863125,0.69712573,0.6682018,-0.25985026
1356340643291,-0.32612815,0.04185337,-0.9443986,-0.63289165,0.73242044,0.2510148,0.7022026,0.67956495,-0.21237433
1356340643331,-0.32933998,0.1105105,-0.937722,-0.6312158,0.71282244,0.30569714,0.70221204,0.6925833,-0.16500497
1356340643371,-0.3280623,0.16329737,-0.93043494,-0.6392439,0.6868042,0.34592977,0.695516,0.7082614,-0.12092769
1356340643410,-0.3213825,0.19387794,-0.9268897,-0.65630555,0.65999246,0.36561322,0.6826245,0.7258246,-0.08486682
1356340643451,-0.31071392,0.20248556,-0.9286854,-0.6816016,0.63351107,0.36617342,0.6624774,0.7467686,-0.058826268
1356340643507,-0.29650158,0.19276679,-0.9353757,-0.71257955,0.6074416,0.35106272,0.6358594,0.7706203,-0.04274571
1356340643531,-0.2801489,0.17271554,-0.9442913,-0.7442547,0.5822073,0.3272913,0.6063016,0.7944835,-0.034560442
1356340643571,-0.26328295,0.15124452,-0.95278907,-0.77039313,0.56149995,0.30201352,0.5806689,0.81353724,-0.031315625
1356340643610,-0.24753398,0.13517275,-0.9594035,-0.7858683,0.55116093,0.28041494,0.5666902,0.82337713,-0.030203044
1356340643651,-0.23499772,0.12691239,-0.96367484,-0.78801847,0.5555439,0.265326,0.5690368,0.82174456,-0.030542195
1356340643691,-0.22742069,0.12485176,-0.9657597,-0.7802969,0.5699697,0.2574319,0.5825946,0.8121247,-0.03220147
1356340643731,-0.22612306,0.12832898,-0.96560866,-0.7652023,0.5900048,0.25760394,0.6027718,0.7971361,-0.035216093
1356340643770,-0.23311412,0.1380566,-0.96259964,-0.745916,0.60970515,0.2680838,0.6239127,0.7805127,-0.039152205
1356340643810,-0.24896905,0.15417603,-0.9561611,-0.7242768,0.62579167,0.28949577,0.642991,0.7646008,-0.044136643
1356340643850,-0.27319053,0.17508024,-0.94589305,-0.70053965,0.6376642,0.32035676,0.6592504,0.75015414,-0.05155319
1356340643891,-0.30445868,0.19611558,-0.9321178,-0.67440295,0.64668465,0.35634208,0.6726705,0.7371144,-0.064627826
1356340643930,-0.33969852,0.20524594,-0.9178666,-0.64735913,0.6569303,0.3864824,0.6822984,0.72547686,-0.09029043
1356340643971,-0.3763319,0.18781757,-0.9072479,-0.62382525,0.67262733,0.39801306,0.6849936,0.7157492,-0.13596582
1356340644011,-0.41039547,0.1316816,-0.90235007,-0.6116614,0.6941607,0.37948826,0.6763475,0.70767295,-0.20433587
1356340644050,-0.4369781,0.053067297,-0.89790535,-0.61288416,0.71308637,0.34041283,0.6583488,0.69906485,-0.27907896
1356340644091,-0.45303553,-0.022724092,-0.89120287,-0.62236595,0.723813,0.2979186,0.6382943,0.6896219,-0.34205568
1356340644130,-0.45933536,-0.07032862,-0.88547444,-0.63036394,0.72814226,0.26916552,0.62582135,0.6818084,-0.37879413
1356340644172,-0.459872,-0.07840952,-0.8845166,-0.63060737,0.7301322,0.26313734,0.6251817,0.6787922,-0.38521302
1356340644210,-0.45446086,-0.05429122,-0.8891106,-0.62517023,0.73045635,0.2749467,0.6345293,0.68079805,-0.36590505
1356340644251,-0.44259757,-0.008830249,-0.89667684,-0.6176865,0.7278914,0.2977205,0.6500544,0.68563557,-0.3276173
1356340644290,-0.4238159,0.046895206,-0.90453345,-0.61236304,0.7209998,0.32430047,0.6673766,0.6913466,-0.27685428
1356340644331,-0.39862823,0.10288438,-0.9113233,-0.6131121,0.70909977,0.34823984,0.6820476,0.6975617,-0.21958756
1356340644388,-0.36874753,0.15109955,-0.91716635,-0.62215966,0.6929651,0.36430305,0.6906103,0.7049598,-0.16152108
1356340644408,-0.3365962,0.18572968,-0.9231508,-0.6392542,0.67476743,0.36883992,0.6914166,0.71427816,-0.108395696
1356340644449,-0.3047453,0.20388933,-0.9303544,-0.66251147,0.6563971,0.36086202,0.6842578,0.7263415,-0.06495488
1356340644495,-0.27520338,0.2026347,-0.93978846,-0.6919181,0.6369319,0.33995172,0.66746724,0.74381244,-0.03507918
1356340644540,-0.24661824,0.18703407,-0.95089316,-0.72125816,0.61992574,0.30899647,0.6472759,0.7620436,-0.017985165
1356340644579,-0.22234932,0.1643497,-0.9610151,-0.74750197,0.60408795,0.2762581,0.62594056,0.77978647,-0.011466801
1356340644619,-0.20109671,0.14079675,-0.96940005,-0.7680825,0.5915256,0.24524838,0.6079551,0.7938978,-0.010810375
1356340644660,-0.18269491,0.120113045,-0.975805,-0.78067565,0.5855899,0.21824288,0.5976353,0.8016591,-0.013214946
1356340644700,-0.16653216,0.10365611,-0.98057246,-0.78520834,0.5875722,0.19546533,0.5964184,0.80250496,-0.016458035
1356340644740,-0.15365937,0.09126061,-0.98390055,-0.7819451,0.5975287,0.17754236,0.60411143,0.7966373,-0.020455122
1356340644778,-0.14502063,0.08224955,-0.9860041,-0.7745676,0.6106279,0.1648595,0.61564124,0.78763485,-0.024845839
1356340644820,-0.14114167,0.07634246,-0.98704153,-0.76487046,0.62458783,0.15768093,0.6285319,0.7772142,-0.029763281
1356340644858,-0.14256048,0.07369122,-0.98703897,-0.7544085,0.63746285,0.15655339,0.6407373,0.76694894,-0.035283685
1356340644900,-0.14886306,0.07307881,-0.9861537,-0.74386233,0.6488072,0.16036823,0.65154314,0.75743556,-0.042222798
1356340644939,-0.15961514,0.07018992,-0.9846809,-0.73342717,0.6592186,0.1658777,0.6607629,0.74866825,-0.05374211
1356340644991,-0.17654215,0.04815051,-0.9831146,-0.72404635,0.67025185,0.1628474,0.6667756,0.74057,-0.0834645
1356340645032,-0.1982355,1.8906593E-4,-0.9801544,-0.71845424,0.68019944,0.1454381,0.666728,0.7330271,-0.13470381
1356340645070,-0.21793313,-0.07135421,-0.9733517,-0.71907735,0.686055,0.11070809,0.65987337,0.7240422,-0.2008233
1356340645112,-0.23067147,-0.15571728,-0.960491,-0.72532713,0.6855103,0.06305778,0.6486073,0.71121573,-0.27107364
1356340645150,-0.23045343,-0.22688633,-0.9462631,-0.7326452,0.68043923,0.015279353,0.6404078,0.69679624,-0.32303673
1356340645191,-0.21979594,-0.26964796,-0.9375392,-0.736125,0.67648834,-0.021989971,0.6401639,0.68531275,-0.347184
1356340645230,-0.20130584,-0.28417885,-0.93739974,-0.73532176,0.67608297,-0.047049165,0.6471305,0.67981917,-0.34506238
1356340645270,-0.17882064,-0.27563518,-0.94448316,-0.7309517,0.6797869,-0.059994698,0.6585839,0.67964333,-0.32303596
1356340645310,-0.15523738,-0.24838516,-0.95614135,-0.72405064,0.6870507,-0.060925663,0.6720506,0.68283683,-0.28649944
1356340645351,-0.132536,-0.209036,-0.96888494,-0.7168572,0.6952822,-0.051945865,0.684507,0.6876675,-0.24199885
1356340645390,-0.11199683,-0.16064939,-0.98063684,-0.71148515,0.70189124,-0.033727378,0.6937187,0.6939312,-0.19290924
1356340645431,-0.09408753,-0.10982382,-0.9894878,-0.7102659,0.7038539,-0.010583997,0.69761723,0.7018037,-0.14422798
1356340645508,-0.07906528,-0.06318182,-0.99486524,-0.7153545,0.69865024,0.012481779,0.69427425,0.7126682,-0.10043639
1356340645509,-0.06724444,-0.02697897,-0.99737173,-0.727229,0.6857177,0.030482233,0.68309313,0.7273674,-0.06573063
1356340645550,-0.058679014,-0.003491968,-0.9982708,-0.7464628,0.6641283,0.04155442,0.6628348,0.74761045,-0.04157704
1356340645588,-0.05314088,0.009476334,-0.9985421,-0.7690891,0.6374127,0.04697886,0.6369287,0.7704643,-0.026584566
1356340645629,-0.050083354,0.015498579,-0.99862474,-0.79003006,0.6110983,0.04910603,0.61101896,0.79140294,-0.018361509
1356340645670,-0.04908447,0.018166006,-0.99862945,-0.80332875,0.59340954,0.050279766,0.5935097,0.8046956,-0.014533937
1356340645709,-0.05015336,0.020051718,-0.9985402,-0.8065336,0.5888673,0.052334517,0.58905715,0.8079809,-0.013361335
1356340645749,-0.05344726,0.021575332,-0.9983375,-0.7993529,0.5982724,0.055723816,0.59848,0.80100226,-0.014729679
1356340645788,-0.060004666,0.024139345,-0.9979062,-0.7858408,0.61529934,0.062137097,0.61551106,0.78792393,-0.01795119
1356340645829,-0.07002726,0.02842313,-0.99714005,-0.76849943,0.63577616,0.07209283,0.63600695,0.77135,-0.022678494
1356340645868,-0.08457042,0.036025077,-0.9957661,-0.7505598,0.65499157,0.087441474,0.6553685,0.75477695,-0.02835399
1356340645909,-0.10314678,0.045380324,-0.99363035,-0.7333741,0.6713849,0.106793135,0.6719547,0.7397182,-0.03597039
1356340645948,-0.12648273,0.05240789,-0.9905835,-0.71779,0.68441874,0.12786096,0.6846748,0.72720313,-0.0489493
1356340645991,-0.15479639,0.04640332,-0.9868561,-0.7051947,0.6943883,0.14326662,0.6919093,0.7181028,-0.074765384
1356340646028,-0.18745357,0.0129009485,-0.98218876,-0.6983734,0.7014047,0.14249945,0.6907502,0.7126465,-0.122471154
1356340646069,-0.21975772,-0.052939713,-0.9741169,-0.70007056,0.7039737,0.11967534,0.67941713,0.7082502,-0.19176519
1356340646109,-0.24397333,-0.14138597,-0.9594202,-0.7104114,0.6994988,0.07756987,0.660146,0.700508,-0.2711013
1356340646149,-0.25306284,-0.22353338,-0.9412714,-0.7232491,0.6899086,0.030607402,0.6425495,0.68851936,-0.33626056
1356340646190,-0.24865055,-0.27883402,-0.92759067,-0.73151255,0.68177056,-0.0088507235,0.6348719,0.67634344,-0.3734932
1356340646231,-0.23388955,-0.30508405,-0.9231573,-0.73459095,0.67745817,-0.037770957,0.63692373,0.6693088,-0.38256234
1356340646270,-0.21478972,-0.29898337,-0.9297711,-0.73161995,0.67990446,-0.04962048,0.6469912,0.6695812,-0.3647787
1356340646309,-0.19373947,-0.27323326,-0.94223595,-0.72596085,0.68594205,-0.049642503,0.65988326,0.6744087,-0.33125073
1356340646349,-0.17413926,-0.22981168,-0.9575292,-0.719046,0.6940396,-0.035804927,0.6727916,0.68227243,-0.28610468
1356340646388,-0.15686885,-0.17591664,-0.97182584,-0.7138792,0.7001743,-0.011511236,0.68247247,0.6919606,-0.23541874
1356340646430,-0.1424633,-0.11883229,-0.9826408,-0.7126425,0.7012831,0.018511653,0.6869096,0.7029089,-0.18459201
1356340646469,-0.13085562,-0.065907925,-0.9892082,-0.71613026,0.6962907,0.04834026,0.6855905,0.7147275,-0.13831222
1356340646509,-0.12161817,-0.023228467,-0.99230516,-0.7246404,0.6852741,0.07277152,0.67831063,0.7279147,-0.10017407
1356340646547,-0.114133626,0.0052607358,-0.9934515,-0.73669755,0.67044747,0.08818653,0.66652095,0.74193835,-0.07264501
1356340646588,-0.107933015,0.018523663,-0.9939856,-0.752952,0.65134203,0.093898356,0.6491639,0.75855815,-0.056353867
1356340646629,-0.10248789,0.019302428,-0.99454695,-0.7722601,0.6286417,0.09178209,0.62698525,0.7774555,-0.049521625
1356340646669,-0.0975281,0.012977958,-0.99514824,-0.7916465,0.6049712,0.085473746,0.6031453,0.7961416,-0.04872775
1356340646709,-0.092928156,0.00619328,-0.99565357,-0.8059847,0.5866578,0.078874856,0.58459646,0.80981123,-0.04952532
1356340646750,-0.08916511,0.0026152134,-0.99601346,-0.8112905,0.5799219,0.07415107,0.5778039,0.81466794,-0.04958707
1356340646788,-0.08726321,0.0024970472,-0.9961821,-0.8084732,0.58407694,0.07228443,0.58202755,0.8116944,-0.04894966
1356340646848,-0.087939516,0.0061938167,-0.9961066,-0.79161644,0.6065624,0.07365805,0.60465705,0.7950118,-0.048437715
1356340646889,-0.098519236,0.016503334,-0.9949983,-0.77524626,0.62562,0.08713728,0.62392884,0.7799534,-0.048841476
1356340646929,-0.11294229,0.028735787,-0.99318594,-0.7611953,0.6399536,0.10507673,0.63861233,0.767876,-0.05040425
1356340646969,-0.13207127,0.04182163,-0.9903576,-0.74901485,0.6502002,0.12734371,0.6492564,0.758611,-0.054547727
1356340647011,-0.1569836,0.052841544,-0.98618656,-0.7377607,0.65757143,0.15267235,0.6565556,0.7515368,-0.064243555
1356340647055,-0.18617515,0.04543054,-0.9814657,-0.7286073,0.6637713,0.16893515,0.65914357,0.7465546,-0.09047669
1356340647090,-0.21794392,0.016232938,-0.97582626,-0.72209466,0.66996324,0.17241961,0.6565666,0.74221677,-0.13429272
1356340647132,-0.24641833,-0.051732242,-0.9677819,-0.72225404,0.6756543,0.14778483,0.6462407,0.7354013,-0.20385742
1356340647173,-0.26357663,-0.13673243,-0.9548987,-0.7280344,0.67761713,0.10392794,0.6328454,0.722592,-0.2781499
1356340647215,-0.26673716,-0.21393278,-0.9397255,-0.7347717,0.67611,0.05464232,0.6236681,0.7050589,-0.33753544
1356340647273,-0.25725898,-0.2641266,-0.92954564,-0.73886126,0.6737313,0.013047606,0.62281775,0.6901618,-0.36847633
1356340647296,-0.2414285,-0.27888328,-0.9294818,-0.7375707,0.6751803,-0.011001736,0.63063604,0.68290246,-0.36870384
1356340647329,-0.2230115,-0.26447755,-0.9382523,-0.7317655,0.68131554,-0.018119335,0.644038,0.6825399,-0.34547675
1356340647365,-0.2048145,-0.22982727,-0.9514359,-0.72337884,0.690363,-0.011041999,0.6593739,0.6859871,-0.30764854
1356340647411,-0.18830854,-0.17630196,-0.966156,-0.71442866,0.69961244,0.011581957,0.67389286,0.69243056,-0.25769818
1356340647459,-0.17285766,-0.11138034,-0.978629,-0.7095879,0.7031588,0.045307904,0.6830852,0.702255,-0.20058054
1356340647531,-0.15815818,-0.054266572,-0.9859215,-0.7113201,0.6987857,0.07564539,0.6848428,0.7132697,-0.14911956
1356340647540,-0.14514863,-0.010060519,-0.9893587,-0.71972513,0.68722147,0.09860259,0.6789165,0.7263783,-0.10699004
1356340647580,-0.13415878,0.018752903,-0.9907824,-0.73342836,0.6704763,0.11200163,0.6663965,0.74169385,-0.07619637
1356340647623,-0.12529574,0.03264773,-0.9915821,-0.7518652,0.6489655,0.11637235,0.64730185,0.76011705,-0.056765914
1356340647661,-0.11810781,0.03579244,-0.99235547,-0.7723099,0.62484986,0.11445567,0.6241698,0.77992404,-0.046156824
1356340647703,-0.11217718,0.03267619,-0.99315083,-0.7918174,0.600915,0.10920742,0.6003678,0.7986448,-0.041535378
