1356340834469,-0.029614389,0.19347306,0.98065853,0.40903115,-0.89283895,0.18849938,0.91203976,0.40670216,-0.052695572
1356340834503,0.34774858,-0.6989058,0.6249814,0.21739395,-0.588314,-0.7788624,0.91203666,0.40671545,-0.052647498
1356340834544,0.3476321,-0.69890845,0.62504303,0.21770291,-0.58823746,-0.7788338,0.91200733,0.4068213,-0.052335832
1356340834585,0.34743923,-0.69889957,0.6251602,0.21839015,-0.58804905,-0.7787836,0.9119165,0.40710884,-0.05167848
1356340834626,0.34726214,-0.6987781,0.6253944,0.21952325,-0.5877927,-0.7786586,0.9117119,0.4076873,-0.05072013
1356340834635,0.3471077,-0.6983375,0.62597203,0.2211541,-0.5876968,-0.77826947,0.9113765,0.40857965,-0.049553927
1356340834666,0.34674704,-0.6974165,0.6271975,0.22326356,-0.588094,-0.7773666,0.9109994,0.40957993,-0.048212174
1356340834705,0.34588462,-0.6962551,0.6289616,0.22655597,-0.5885277,-0.7760848,0.9105143,0.41093084,-0.04582196
1356340834750,0.34386456,-0.6946664,0.6318195,0.23219599,-0.5890525,-0.7740169,0.90985835,0.41286296,-0.041255537
1356340834788,0.34033555,-0.6928815,0.63567835,0.24079984,-0.58926934,-0.77121794,0.90894836,0.41554415,-0.03370357
1356340834828,0.33525598,-0.6913317,0.64004993,0.25272787,-0.5884743,-0.76800174,0.9075968,0.41923565,-0.02257073
1356340834869,0.3295551,-0.69047964,0.6439187,0.26752603,-0.58577335,-0.7650487,0.90544087,0.42439073,-0.008323342
1356340834908,0.32510602,-0.6903692,0.6462944,0.28430504,-0.58045185,-0.7630507,0.90192944,0.43181714,0.0075670443
1356340834949,0.3252983,-0.6936342,0.6426916,0.30027813,-0.56870705,-0.76577103,0.8966683,0.44209027,0.023283776
1356340834989,0.32988584,-0.6976074,0.63601816,0.3157687,-0.553383,-0.7707511,0.88964343,0.45509458,0.03772941
1356340835030,0.3380872,-0.7028045,0.6259096,0.3287391,-0.5349862,-0.7782803,0.88183194,0.4688875,0.050167356
1356340835070,0.34850103,-0.7086313,0.61350524,0.33881772,-0.51503813,-0.7873615,0.8739277,0.4822627,0.060605556
1356340835109,0.35923946,-0.7148042,0.60000163,0.34517643,-0.49555653,-0.7970426,0.8670642,0.49343553,0.06871012
1356340835150,0.3691709,-0.72042704,0.58710974,0.34819722,-0.4785003,-0.8060994,0.86166793,0.50201845,0.07420224
1356340835188,0.37819022,-0.7255034,0.57499295,0.34809357,-0.46409172,-0.8145242,0.8577896,0.5081965,0.077028155
1356340835230,0.3874346,-0.7297833,0.5633035,0.34500894,-0.45184696,-0.8226805,0.8549055,0.51307964,0.076720595
1356340835269,0.39867473,-0.7335767,0.55038506,0.33962935,-0.4393726,-0.8316271,0.85188633,0.5184756,0.07397741
1356340835309,0.4137931,-0.7367684,0.5347406,0.33216268,-0.42470533,-0.8421955,0.8476103,0.52611554,0.06898686
1356340835369,0.43169934,-0.73999643,0.5157917,0.32231557,-0.40751797,-0.8544249,0.8424657,0.5351023,0.06258711
1356340835379,0.44803113,-0.744017,0.49568814,0.31070995,-0.39030296,-0.86667347,0.83828837,0.5423119,0.056305647
1356340835420,0.45931023,-0.7484429,0.47840074,0.2971674,-0.3780694,-0.8767867,0.8370936,0.5448822,0.048761696
1356340835461,0.46439198,-0.75463486,0.46353674,0.2807956,-0.3709332,-0.8851906,0.83993685,0.5412345,0.03963977
1356340835501,0.46301058,-0.76129687,0.4539255,0.26215652,-0.37159136,-0.8906144,0.8466966,0.53136337,0.027528197
1356340835541,0.4578525,-0.7662643,0.4507882,0.24220741,-0.38036367,-0.8925575,0.8553985,0.51784396,0.011444472
1356340835578,0.4521478,-0.7669935,0.45528388,0.22298476,-0.39703056,-0.89030594,0.8636204,0.5040713,-0.008488692
1356340835622,0.4485808,-0.7614571,0.46792993,0.20517388,-0.42184246,-0.88314927,0.8698729,0.4921708,-0.032999337
1356340835661,0.44809237,-0.74687004,0.491323,0.19181654,-0.45646408,-0.86881924,0.87316644,0.48355517,-0.06127602
1356340835700,0.45292774,-0.7215644,0.5236423,0.18249741,-0.49986795,-0.8466562,0.872669,0.4790374,-0.09472043
1356340835742,0.46514592,-0.6824539,0.5638227,0.17798802,-0.55181205,-0.8147538,0.86715597,0.47933304,-0.13520455
1356340835780,0.48966438,-0.6290852,0.60372233,0.17577073,-0.60697585,-0.7750388,0.8540102,0.48562557,-0.1866397
1356340835821,0.5279626,-0.5625837,0.63620365,0.17578937,-0.6605043,-0.7299535,0.83087516,0.497226,-0.24982536
1356340835863,0.5817133,-0.49040672,0.64893055,0.17264935,-0.70518315,-0.68768376,0.79485965,0.51207227,-0.32554603
1356340835901,0.6309536,-0.41136163,0.6577835,0.18048453,-0.74676466,-0.6401311,0.75453484,0.5226128,-0.39692944
1356340835942,0.664098,-0.33372015,0.6690326,0.19959003,-0.78324306,-0.58880734,0.72051203,0.52455807,-0.453543
1356340835980,0.66808474,-0.24799755,0.7015412,0.24332929,-0.8181693,-0.520951,0.703174,0.5187449,-0.48626134
1356340836021,0.6353104,-0.15228076,0.75709397,0.30972475,-0.8478197,-0.4304327,0.7074258,0.5079491,-0.49146354
1356340836060,0.5658932,-0.04843402,0.82305473,0.38598529,-0.8665562,-0.316379,0.7285467,0.4967237,-0.47168344
1356340836101,0.47021672,0.050661728,0.88109565,0.45158643,-0.8715689,-0.1908854,0.758265,0.4876484,-0.43270445
1356340836141,0.3632903,0.131435,0.9223584,0.49381712,-0.8666622,-0.07100193,0.79004097,0.48127067,-0.37975484
1356340836181,0.26518238,0.18282081,0.94670737,0.51082194,-0.8593823,0.022870839,0.81776476,0.47753394,-0.3212819
1356340836220,0.18282855,0.20596416,0.96132857,0.51242006,-0.8544566,0.08561322,0.8390468,0.47695145,-0.26175922
1356340836261,0.11966181,0.2029688,0.97184604,0.5076914,-0.8537228,0.115787715,0.85318846,0.47954252,-0.20520353
1356340836301,0.07534355,0.177953,0.9811504,0.5033492,-0.85617536,0.116633356,0.86079204,0.4850737,-0.1540798
1356340836364,0.051954925,0.1321041,0.9898733,0.5024298,-0.8600858,0.08841251,0.8630556,0.49274838,-0.111058734
1356340836384,0.046404004,0.07157892,0.99635494,0.50889206,-0.8599876,0.03808114,0.8595787,0.50527,-0.0763328
1356340836420,0.065420866,-0.010953218,0.99779767,0.5199677,-0.85307986,-0.043456405,0.851677,0.52166545,-0.05011397
1356340836460,0.104339,-0.1031712,0.989176,0.53537726,-0.8323699,-0.14328827,0.8381435,0.5445329,-0.03161314
1356340836502,0.16886723,-0.2108912,0.96281296,0.54470605,-0.7941498,-0.26948348,0.82144946,0.5699569,-0.019232122
1356340836540,0.25120115,-0.32573026,0.9114811,0.53471327,-0.7382456,-0.41118738,0.8068331,0.5906718,-0.011275858
1356340836581,0.3307749,-0.43134102,0.8393645,0.50055814,-0.67381227,-0.54352415,0.8000184,0.59993494,-0.0069689453
1356340836620,0.38727772,-0.5142041,0.7652517,0.45199114,-0.61754316,-0.6436959,0.803567,0.59517604,-0.0067450106
1356340836661,0.41618705,-0.57144195,0.7072782,0.4036168,-0.5809128,-0.7068478,0.8147895,0.57965016,-0.011124849
1356340836700,0.42440492,-0.60563135,0.6731204,0.36371472,-0.5667566,-0.73925537,0.8292117,0.55856746,-0.020257264
1356340836742,0.42085212,-0.6188555,0.6632507,0.33604696,-0.5727728,-0.7476656,0.8425888,0.53754,-0.033088177
1356340836781,0.41176927,-0.6119107,0.6752861,0.32062,-0.5963657,-0.73590136,0.85302335,0.5195317,-0.049374253
1356340836821,0.39896435,-0.5816814,0.7088542,0.31866562,-0.6369081,-0.7019974,0.8598138,0.5059594,-0.0687418
1356340836862,0.3914963,-0.5324099,0.7505133,0.32240158,-0.6845515,-0.6537939,0.86185133,0.49792463,-0.09634957
1356340836901,0.39198148,-0.46031982,0.79652756,0.33234453,-0.7364913,-0.5891754,0.85784477,0.49566743,-0.13570619
1356340836942,0.41442347,-0.38012323,0.82689756,0.3401899,-0.7780264,-0.52815324,0.8441114,0.50018126,-0.1931183
1356340836979,0.45225936,-0.29347217,0.84222066,0.35058922,-0.80980057,-0.4704363,0.82009065,0.5080327,-0.2633517
1356340837019,0.4869501,-0.2038261,0.84931415,0.3680655,-0.83394814,-0.41116697,0.7920905,0.512821,-0.33106977
1356340837061,0.49640694,-0.11099972,0.8609641,0.39732134,-0.85275865,-0.3390258,0.7718263,0.5103742,-0.37921274
1356340837100,0.46979412,-0.015881076,0.8826332,0.43697625,-0.8645674,-0.2481429,0.7670367,0.5022658,-0.39922905
1356340837142,0.4090547,0.0765852,0.9092903,0.47781888,-0.86691594,-0.1419361,0.7774081,0.49253574,-0.3912099
1356340837180,0.32402796,0.15868391,0.9326442,0.5082516,-0.860681,-0.030141711,0.7979261,0.48378468,-0.35953605
1356340837221,0.23246247,0.22162834,0.94701743,0.52100337,-0.85058236,0.071170226,0.82128966,0.47685486,-0.31319758
1356340837260,0.14588034,0.26162803,0.9540806,0.5184133,-0.84159976,0.15151739,0.8425952,0.47250462,-0.2584043
1356340837301,0.07253295,0.27786285,0.9578785,0.5083477,-0.8365944,0.20418723,0.85809183,0.47212505,-0.20193161
1356340837363,0.015236199,0.27234548,0.96207887,0.49981964,-0.83542395,0.22857647,0.86599547,0.47738326,-0.1488523
1356340837382,-0.022595286,0.24614885,0.96896863,0.49927154,-0.8369235,0.22424765,0.86615086,0.4888454,-0.10398458
1356340837419,-0.038838148,0.20112519,0.9787953,0.50977737,-0.83848804,0.19252224,0.85942924,0.50644493,-0.06996374
1356340837458,-0.032405376,0.1386864,0.989806,0.53066313,-0.8368231,0.13462465,0.8469631,0.5296161,-0.04647825
1356340837496,-0.0031407475,0.060564265,0.99815935,0.55810463,-0.82813936,0.052004218,0.82976466,0.5572407,-0.031200267
1356340837536,0.049064815,-0.032042146,0.99828154,0.583333,-0.8103904,-0.054681778,0.8107498,0.5850135,-0.02107048
1356340837578,0.119027674,-0.13325943,0.9839077,0.59468216,-0.7839806,-0.17812283,0.79510105,0.6063139,-0.0140684545
1356340837619,0.19377613,-0.23259534,0.95307404,0.5843216,-0.7530063,-0.3025718,0.7880476,0.615533,-0.010004103
1356340837658,0.25776446,-0.31900495,0.91202706,0.55443805,-0.7242154,-0.41001275,0.7913001,0.6113492,-0.0098085115
1356340837698,0.3024091,-0.38570815,0.8716524,0.51491827,-0.7034462,-0.48992106,0.80212706,0.59698635,-0.01412037
1356340837740,0.3283913,-0.43102616,0.8404615,0.47529757,-0.69353557,-0.54138774,0.8162422,0.5772564,-0.022885352
1356340837779,0.34022772,-0.45530218,0.82276666,0.44312286,-0.6940967,-0.5673376,0.8293897,0.5576107,-0.03439614
1356340837820,0.34341943,-0.4609905,0.8182609,0.41906387,-0.704495,-0.57277596,0.840505,0.539606,-0.048752844
1356340837859,0.33904082,-0.44621152,0.82821894,0.40525937,-0.725219,-0.5566167,0.8490089,0.5243593,-0.06504744
1356340837899,0.33578473,-0.41582167,0.84518695,0.39633882,-0.75161546,-0.52724725,0.8544965,0.51202196,-0.08757472
1356340837938,0.33919317,-0.36670402,0.8663003,0.3911648,-0.7825259,-0.48439994,0.8555338,0.5031713,-0.12198573
1356340837979,0.35940504,-0.30162108,0.8830927,0.38718623,-0.81282675,-0.4352005,0.84906703,0.4983346,-0.17535052
1356340838018,0.38986075,-0.22213987,0.89367914,0.38881198,-0.84001535,-0.37841704,0.8347657,0.49500313,-0.24111837
1356340838058,0.41987973,-0.13835068,0.8969727,0.39691025,-0.8608,-0.31856805,0.8161883,0.48977792,-0.3065197
1356340838099,0.43307936,-0.05813536,0.89947903,0.41263634,-0.8744191,-0.25519103,0.80135727,0.48167568,-0.3547041
1356340838140,0.42271554,0.011270538,0.9061923,0.43367553,-0.8805179,-0.19134732,0.79576194,0.47387892,-0.37709635
1356340838179,0.3888181,0.06526664,0.9189999,0.4556493,-0.88057977,-0.13024183,0.8007523,0.46938205,-0.37212405
1356340838218,0.33949268,0.1029055,0.93496263,0.47333843,-0.8776585,-0.07527472,0.81283176,0.468109,-0.34666777
1356340838259,0.28158355,0.123660445,0.9515349,0.48390144,-0.874624,-0.029533625,0.8285832,0.46876532,-0.3061192
1356340838298,0.22359616,0.12749115,0.9663078,0.4879904,-0.8728461,0.0022429526,0.84372395,0.47104743,-0.2573795
1356340838357,0.17178684,0.115255326,0.97836876,0.48987302,-0.8716344,0.016667306,0.8547009,0.47641325,-0.2061958
1356340838380,0.13131571,0.088204086,0.9874088,0.49433476,-0.86919016,0.011902079,0.8592958,0.4865476,-0.15774068
1356340838421,0.10609305,0.048382953,0.9931784,0.50438416,-0.8633985,-0.011818528,0.856937,0.5021973,-0.11600417
1356340838460,0.099101305,-0.002080977,0.99507517,0.5204616,-0.85220015,-0.053615913,0.8481148,0.52321184,-0.08337107
1356340838502,0.11166382,-0.060973585,0.9918736,0.5407607,-0.8336699,-0.112126425,0.833732,0.5488868,-0.06011865
1356340838542,0.14331102,-0.12496737,0.98175615,0.56286764,-0.80564296,-0.18471412,0.8140282,0.5790703,-0.04511738
1356340838580,0.19112253,-0.19335088,0.9623344,0.57797694,-0.7702516,-0.26954585,0.79335654,0.6077234,-0.035460025
1356340838622,0.24455673,-0.25771916,0.9347582,0.58151436,-0.732441,-0.354078,0.7759079,0.6301674,-0.029255984
1356340838660,0.2951089,-0.31778532,0.9010678,0.56914455,-0.6990308,-0.43293232,0.76745373,0.6406,-0.02542442
1356340838700,0.33350247,-0.36979425,0.8671956,0.5433496,-0.6763179,-0.49735823,0.7704202,0.63706064,-0.024626106
1356340838740,0.35724878,-0.41115373,0.8386453,0.51031196,-0.6661081,-0.5439501,0.7822755,0.6222962,-0.028149635
1356340838781,0.36888474,-0.43922254,0.81915057,0.4781141,-0.66610074,-0.57246554,0.7970766,0.60282123,-0.035715908
1356340838820,0.3716976,-0.4526244,0.8105381,0.4513028,-0.6748835,-0.58383054,0.8112747,0.5828065,-0.046581924
1356340838860,0.36734045,-0.45000526,0.8139756,0.4331433,-0.69169676,-0.5778775,0.8230722,0.5648458,-0.05917144
1356340838901,0.35799974,-0.4315772,0.82799596,0.42295396,-0.7156202,-0.5558756,0.8324339,0.5492075,-0.07365456
1356340838940,0.34489328,-0.3953853,0.8513043,0.41984716,-0.7461855,-0.51665807,0.83950996,0.5356096,-0.09135294
1356340838982,0.33827186,-0.34374472,0.87602043,0.41848287,-0.7788388,-0.46720684,0.8428786,0.52464247,-0.119607985
1356340839020,0.34091616,-0.27255863,0.89971554,0.42168653,-0.8110301,-0.40547594,0.84021235,0.5176312,-0.16155896
1356340839061,0.35904825,-0.18835944,0.91411436,0.42933923,-0.8363082,-0.34096393,0.8287051,0.5148877,-0.21940488
1356340839100,0.379417,-0.09553172,0.9202806,0.44458008,-0.8534777,-0.27189034,0.81141317,0.5122982,-0.28135246
1356340839141,0.3856824,-0.0048400313,0.92261887,0.46529722,-0.8624874,-0.19903277,0.7967105,0.5060554,-0.33039415
1356340839181,0.3687318,0.07469386,0.9265299,0.48701966,-0.86452585,-0.1241243,0.7917378,0.4970069,-0.35515556
1356340839220,0.3307355,0.13929555,0.93338674,0.50584877,-0.8611292,-0.05072996,0.7967002,0.48893067,-0.35526848
1356340839262,0.27461445,0.18558517,0.94347495,0.5176965,-0.8553839,0.01757294,0.81029457,0.4836079,-0.33097756
1356340839300,0.21290553,0.21588862,0.9529236,0.5213699,-0.84993345,0.076069534,0.8263442,0.48063004,-0.29351336
1356340839360,0.1502707,0.22982611,0.9615605,0.51821446,-0.84659606,0.12136257,0.84194565,0.48005736,-0.2463178
1356340839381,0.0933004,0.22801088,0.9691781,0.51248026,-0.84556806,0.14959489,0.8536153,0.48272735,-0.1957429
1356340839420,0.04607761,0.21189244,0.9762062,0.5095616,-0.84552616,0.15947577,0.8591995,0.4900889,-0.14693208
1356340839460,0.011967897,0.18306151,0.9830286,0.51384866,-0.844486,0.151006,0.8577973,0.50332075,-0.104172595
1356340839501,-0.0052939057,0.14304514,0.989702,0.52639884,-0.8410907,0.12438153,0.8502213,0.5216364,-0.07084614
1356340839540,-0.0049054027,0.09505457,0.99546,0.547091,-0.8330234,0.08223975,0.8370587,0.5450106,-0.047917187
1356340839581,0.014052153,0.039529264,0.9991196,0.57269746,-0.8194046,0.024364293,0.8196463,0.5718509,-0.03415265
1356340839621,0.050093472,-0.021483392,0.9985134,0.59778666,-0.800264,-0.047207773,0.8000886,0.5992628,-0.027245462
1356340839659,0.09953886,-0.08708796,0.9912152,0.6136378,-0.77880436,-0.13004774,0.78328836,0.6211919,-0.024080843
1356340839701,0.1537059,-0.1522453,0.9763175,0.614295,-0.7591932,-0.21509838,0.7739613,0.6328088,-0.023168892
1356340839741,0.20547593,-0.2149207,0.9547715,0.5975911,-0.7450378,-0.29631656,0.7750255,0.6314489,-0.024652604
1356340839780,0.24991167,-0.27208304,0.92925507,0.56885153,-0.7353666,-0.36829868,0.7835509,0.6206503,-0.029001834
1356340839821,0.2841385,-0.31972206,0.9039044,0.5329007,-0.73106396,-0.42610133,0.7970459,0.60276306,-0.037343323
1356340839860,0.3086586,-0.35593566,0.88206553,0.49793562,-0.72965884,-0.4686769,0.81042576,0.58387303,-0.047982424
1356340839901,0.32553816,-0.38003832,0.865792,0.4670633,-0.73152196,-0.49671668,0.82211727,0.5660799,-0.06063637
1356340839940,0.3359484,-0.39096683,0.8569035,0.4426552,-0.7375095,-0.51003534,0.8313814,0.5506584,-0.07470161
1356340839981,0.34251934,-0.38847762,0.855433,0.42453682,-0.7482528,-0.5097904,0.83812225,0.5377759,-0.09136799
1356340840020,0.35096163,-0.37152016,0.85953397,0.4112544,-0.7635003,-0.4979329,0.84124655,0.52824247,-0.11517
1356340840060,0.36881822,-0.33882523,0.86554635,0.40235412,-0.7812341,-0.4772677,0.8379047,0.5242812,-0.15180564
1356340840100,0.40296507,-0.29198515,0.8673891,0.39800495,-0.7975262,-0.45336965,0.8241427,0.52791727,-0.20516366
1356340840140,0.4485305,-0.23789346,0.861526,0.39840037,-0.8096476,-0.43098477,0.800061,0.5365421,-0.2683748
1356340840179,0.4914568,-0.18916124,0.8501107,0.40075445,-0.8175205,-0.41358927,0.773218,0.54394686,-0.3259688
1356340840239,0.5177747,-0.15709206,0.8409706,0.40163526,-0.8233038,-0.40107355,0.75537974,0.5454291,-0.36319214
1356340840258,0.5222361,-0.14591128,0.8402258,0.4002974,-0.82802844,-0.392595,0.7530149,0.5413675,-0.37401843
1356340840299,0.5057359,-0.15406355,0.84882015,0.39859286,-0.8308748,-0.38829222,0.7650849,0.53470695,-0.35879457
1356340840345,0.4659189,-0.17993575,0.8663387,0.40016943,-0.830401,-0.38768363,0.7891666,0.5273114,-0.31489474
1356340840390,0.42805594,-0.22247368,0.8759415,0.39800513,-0.8237725,-0.40372118,0.81139386,0.52144444,-0.26407504
1356340840428,0.39514828,-0.27115583,0.8776858,0.39786458,-0.8106603,-0.42957377,0.8279865,0.5189454,-0.2124477
1356340840470,0.37355304,-0.32601994,0.8684291,0.39993626,-0.7881122,-0.46789968,0.8369642,0.52210164,-0.16401452
1356340840509,0.3691131,-0.38726893,0.84485406,0.40275338,-0.75260115,-0.5209427,0.837583,0.5325546,-0.121821076
1356340840550,0.3853616,-0.45406184,0.8033208,0.40139148,-0.7013982,-0.5890038,0.8308919,0.5494256,-0.088035375
1356340840590,0.42271394,-0.52071005,0.7417371,0.39223528,-0.63270956,-0.667705,0.8169849,0.5731837,-0.06321427
1356340840631,0.47769415,-0.58460957,0.6557743,0.36657673,-0.54572237,-0.75353074,0.798392,0.60034883,-0.046384096
1356340840670,0.541354,-0.6336309,0.5526733,0.32513136,-0.44842792,-0.8325876,0.77538735,0.63041604,-0.03674501
1356340840708,0.6011273,-0.66757715,0.43930244,0.26752523,-0.34989142,-0.8977785,0.7530446,0.6572037,-0.03173557
1356340840750,0.6434133,-0.6874282,0.33684087,0.20705318,-0.2673415,-0.9410938,0.7369859,0.67525625,-0.029676888
1356340840788,0.66309166,-0.70321095,0.25652286,0.15336534,-0.20779672,-0.96607447,0.7326586,0.6799376,-0.029940128
1356340840829,0.6628484,-0.7208593,0.2024695,0.112077296,-0.17183995,-0.97872865,0.74031794,0.67144096,-0.03311187
1356340840869,0.6484689,-0.7412168,0.17345244,0.083493024,-0.15722694,-0.98402673,0.75664854,0.65259284,-0.040070355
1356340840908,0.62837684,-0.7601316,0.16535583,0.06640673,-0.15937264,-0.9849825,0.7750695,0.62992096,-0.049668252
1356340840950,0.6063102,-0.7753472,0.17670503,0.05934179,-0.1774739,-0.9823347,0.79301107,0.6060855,-0.06159371
1356340840998,0.5843376,-0.7836131,0.21095073,0.06307861,-0.2153027,-0.97450805,0.80905545,0.5827482,-0.07638027
1356340841039,0.564422,-0.77830243,0.2750877,0.08184457,-0.27883908,-0.9568439,0.8214191,0.56257814,-0.093683094
1356340841078,0.5491731,-0.7571521,0.35373682,0.10307309,-0.35867995,-0.92775255,0.829328,0.5459575,-0.118935406
1356340841119,0.54338837,-0.71503687,0.43983096,0.12102482,-0.45173308,-0.88390625,0.8307118,0.5335349,-0.15892932
1356340841159,0.55230653,-0.65119624,0.52048147,0.1326485,-0.5477432,-0.82606405,0.82302,0.5252816,-0.21614194
1356340841199,0.5705228,-0.5710295,0.5902788,0.14668125,-0.6363258,-0.75734675,0.8080769,0.5186664,-0.27927905
1356340841239,0.5860093,-0.4852116,0.64897054,0.17053135,-0.7091115,-0.6841637,0.79215664,0.5115961,-0.33280218
1356340841278,0.5856968,-0.39910278,0.7054617,0.21118638,-0.7651651,-0.60821265,0.78253406,0.5052121,-0.36386973
1356340841318,0.5632551,-0.31817585,0.7625667,0.26617295,-0.8038248,-0.53199404,0.78223765,0.5026229,-0.36806858
1356340841360,0.51594424,-0.24436966,0.82102686,0.33031574,-0.82757074,-0.45389226,0.7903753,0.50538117,-0.3462612
1356340841397,0.4548068,-0.18303214,0.87157905,0.3881805,-0.84005696,-0.37897256,0.80154026,0.51068926,-0.31101412
1356340841439,0.38591367,-0.13784948,0.9121777,0.4352481,-0.8446029,-0.31177723,0.8134062,0.5173427,-0.26594508
1356340841479,0.3194052,-0.11318943,0.94083387,0.4693587,-0.8436038,-0.26083523,0.8232148,0.52490073,-0.21632499
1356340841519,0.26608324,-0.111640856,0.95746326,0.49198276,-0.83843267,-0.23448592,0.8289467,0.5334482,-0.1681675
1356340841560,0.23029876,-0.13109344,0.96424943,0.50864905,-0.8285294,-0.23412615,0.82960147,0.5443835,-0.12412873
1356340841598,0.22022766,-0.17452455,0.9597088,0.5194403,-0.81178087,-0.26682132,0.8256401,0.55727285,-0.08812153
1356340841639,0.23436719,-0.23316415,0.94377255,0.5278687,-0.7847046,-0.3249513,0.8163496,0.5743459,-0.060828954
1356340841678,0.2755636,-0.30808702,0.91057515,0.5292497,-0.742132,-0.41126007,0.8024708,0.59524995,-0.041449606
1356340841719,0.3380798,-0.39017445,0.8564263,0.51821053,-0.6824498,-0.51548046,0.78559524,0.6180827,-0.028530002
1356340841758,0.40975726,-0.47132033,0.7809969,0.48748416,-0.6105175,-0.62420154,0.7710111,0.63649476,-0.02040279
1356340841798,0.47104633,-0.5393527,0.69800717,0.44161212,-0.5408021,-0.71589935,0.763606,0.64547014,-0.01655817
1356340841839,0.5116135,-0.59248763,0.62226206,0.3895906,-0.48552874,-0.78261167,0.7658139,0.6428221,-0.017575413
1356340841879,0.5329462,-0.6324568,0.5621091,0.34052163,-0.4478335,-0.82673466,0.7746053,0.63201547,-0.023305982
1356340841919,0.54022276,-0.66055024,0.52137566,0.29925266,-0.42827025,-0.8526619,0.78651583,0.6166505,-0.03368989
1356340841958,0.5399137,-0.67751855,0.49946147,0.26787013,-0.4242279,-0.86502963,0.79795915,0.60083216,-0.047559496
1356340841998,0.53644645,-0.6833842,0.4951881,0.24686754,-0.43402758,-0.86641586,0.8070202,0.5870316,-0.06412718
1356340842038,0.5324944,-0.6774785,0.50741756,0.23548152,-0.45723903,-0.8576019,0.81301785,0.57615566,-0.083943576
1356340842078,0.53024375,-0.6581792,0.5344546,0.23180808,-0.49380773,-0.83810437,0.8155407,0.5682905,-0.109267205
1356340842119,0.5361297,-0.62458646,0.56785274,0.2282572,-0.5403769,-0.8098712,0.8126892,0.5638125,-0.14714575
1356340842158,0.55236816,-0.57513857,0.6034112,0.22424269,-0.5946603,-0.7720715,0.8028728,0.5617782,-0.1995008
1356340842199,0.58294034,-0.51619,0.6274778,0.21321118,-0.64802253,-0.73116875,0.7840418,0.56001306,-0.267701
1356340842239,0.61451143,-0.45133594,0.6470484,0.20739499,-0.69891137,-0.68447804,0.761159,0.5548142,-0.3358842
1356340842278,0.6349013,-0.38815778,0.6680074,0.21355571,-0.74277234,-0.63457334,0.74249196,0.5455482,-0.3886938
1356340842318,0.6343228,-0.32866514,0.6997241,0.23837261,-0.77786857,-0.5814628,0.73539996,0.53563017,-0.41507503
1356340842364,0.6066812,-0.27306318,0.74657506,0.2828864,-0.80351794,-0.52376926,0.74290854,0.5289569,-0.41023344
1356340842400,0.5609499,-0.22458306,0.79680467,0.33260974,-0.8202561,-0.46534997,0.7580936,0.526063,-0.3854241
1356340842440,0.497103,-0.18366057,0.84803146,0.3834085,-0.8302586,-0.4045596,0.7783871,0.5262503,-0.34230703
1356340842480,0.42399687,-0.15638316,0.89206,0.42662704,-0.8343605,-0.34904432,0.7988842,0.5285706,-0.28704897
1356340842520,0.3575346,-0.15023375,0.92173684,0.45680553,-0.8327141,-0.31291527,0.81455374,0.5329325,-0.22909647
1356340842560,0.30701596,-0.16660197,0.93700856,0.47787786,-0.8244523,-0.30316857,0.8230273,0.5408532,-0.17350462
1356340842598,0.2837596,-0.21071589,0.93545675,0.49035227,-0.80646676,-0.33040282,0.8240359,0.55245835,-0.12551767
1356340842639,0.29217976,-0.2798835,0.9144923,0.4958018,-0.7733559,-0.39509657,0.81780905,0.56884617,-0.08719221
1356340842678,0.3388241,-0.3759629,0.86246747,0.48653305,-0.71459126,-0.502638,0.8052849,0.5899247,-0.059202373
1356340842719,0.4205153,-0.4878981,0.7649329,0.45048815,-0.6195501,-0.6428205,0.7875451,0.61490905,-0.040737987
1356340842758,0.51911837,-0.5921384,0.6163507,0.3773055,-0.48829573,-0.7868976,0.7669137,0.6410455,-0.030066222
1356340842798,0.60310435,-0.6641158,0.44183186,0.27644283,-0.34555843,-0.8967545,0.7482276,0.6629778,-0.024817761
1356340842838,0.6516534,-0.70168215,0.28807986,0.17818975,-0.22755006,-0.957324,0.7372898,0.6751764,-0.023251176
1356340842878,0.6669152,-0.72277164,0.18117753,0.104156286,-0.15033548,-0.9831331,0.7378181,0.6745372,-0.0249798
1356340842919,0.6611707,-0.7407148,0.119142115,0.05646643,-0.109224364,-0.992412,0.74810743,0.66288126,-0.030390427
1356340842959,0.6443882,-0.7590898,0.09244689,0.029123247,-0.096444294,-0.9949122,0.7641437,0.6438021,-0.04004042
1356340842998,0.62570477,-0.7747973,0.090458006,0.016017407,-0.103177205,-0.994534,0.77989554,0.6237335,-0.052148238
1356340843039,0.6084532,-0.7859334,0.10997024,0.0142014325,-0.12776761,-0.99170244,0.79346263,0.6049663,-0.06657922
1356340843096,0.5940075,-0.7891823,0.1560334,0.027012318,-0.17428423,-0.9843248,0.80400586,0.5889112,-0.0822085
1356340843119,0.5818589,-0.7807344,0.22780249,0.051965088,-0.2438381,-0.9684228,0.81162786,0.5753231,-0.101308435
1356340843158,0.57164335,-0.7513039,0.32979736,0.09014565,-0.3420048,-0.93536437,0.8155352,0.56442463,-0.12777802
1356340843196,0.56749916,-0.69393975,0.4431618,0.13024461,-0.45579258,-0.88050526,0.8130074,0.5574054,-0.16828
1356340843239,0.57589626,-0.6093587,0.5450003,0.16463397,-0.5665464,-0.80741614,0.8007741,0.55471355,-0.22595078
1356340843278,0.5935291,-0.5067736,0.625223,0.19835886,-0.66077816,-0.7238964,0.77998525,0.5536721,-0.291668
1356340843318,0.6073552,-0.39697546,0.6881353,0.23996192,-0.73406774,-0.635266,0.75732297,0.55095834,-0.35058084
1356340843357,0.5991606,-0.28046104,0.74989873,0.3001609,-0.7896336,-0.53514695,0.7422331,0.5457293,-0.3889339
1356340843398,0.5593028,-0.15882716,0.8136058,0.37589654,-0.8261752,-0.41968614,0.73883843,0.5405632,-0.40237954
1356340843438,0.48583004,-0.038731903,0.8731947,0.45451367,-0.84212804,-0.29023725,0.7465832,0.5378849,-0.39152694
1356340843479,0.38622022,0.06992626,0.9197523,0.519827,-0.8402015,-0.15440631,0.76198024,0.5377469,-0.36085236
1356340843519,0.27493727,0.15627317,0.94867706,0.560413,-0.82780343,-0.026051998,0.7812469,0.53881365,-0.31517154
1356340843559,0.1712448,0.2124455,0.962051,0.5754982,-0.8141374,0.077343896,0.799673,0.5404139,-0.2616788
1356340843600,0.08002961,0.24098606,0.96722335,0.57504565,-0.8037491,0.15267588,0.8141976,0.543979,-0.20290172
1356340843639,0.013687491,0.24060993,0.97052544,0.5692072,-0.7998742,0.19027491,0.8220802,0.54982567,-0.14790523
1356340843679,-0.03238851,0.22110823,0.9747113,0.5680542,-0.7983267,0.19997211,0.8223535,0.5601657,-0.09974481
1356340843718,-0.053298473,0.18126515,0.9819889,0.5759891,-0.7977274,0.17851476,0.81571794,0.57512945,-0.061889097
1356340843760,-0.0489527,0.12481913,0.9909711,0.59485054,-0.79336655,0.12931447,0.8023443,0.59581006,-0.035411254
1356340843798,-0.015792608,0.050321996,0.9986082,0.61905617,-0.7837986,0.04928741,0.7851879,0.6189729,-0.018773913
1356340843838,0.043019235,-0.035478055,0.9984441,0.64015704,-0.7662863,-0.054810703,0.7670387,0.64151895,-0.010253519
1356340843879,0.12257284,-0.12884378,0.9840605,0.64621896,-0.74218297,-0.17766644,0.7532443,0.65769565,-0.007710129
1356340843918,0.20664948,-0.2199454,0.95337296,0.6304221,-0.71524245,-0.301656,0.7482406,0.6633644,-0.009146094
1356340843958,0.27627772,-0.2963286,0.91425383,0.5965083,-0.69300354,-0.40487525,0.7535572,0.657218,-0.014699012
1356340843998,0.32470495,-0.3536956,0.87719214,0.555123,-0.6796298,-0.47952238,0.7657709,0.6426528,-0.02433458
1356340844038,0.35377634,-0.39119405,0.8495938,0.5159194,-0.6760409,-0.52611405,0.78017277,0.6244486,-0.037342697
1356340844079,0.36850923,-0.40967974,0.834484,0.48424867,-0.68165654,-0.5484958,0.79353905,0.6062235,-0.052809864
1356340844118,0.3722412,-0.40954575,0.8328918,0.4634187,-0.69550514,-0.5491046,0.80416393,0.590377,-0.06910452
1356340844160,0.37006032,-0.39342925,0.84158707,0.45110467,-0.7158325,-0.5329994,0.81213295,0.5768858,-0.087423414
1356340844198,0.36307573,-0.35850948,0.86002725,0.44703597,-0.7428199,-0.49837476,0.81751746,0.5654109,-0.10943326
1356340844239,0.36281997,-0.30789503,0.87952393,0.44558403,-0.77162135,-0.45393324,0.8184232,0.5565978,-0.14276654
1356340844278,0.3708005,-0.234834,0.8985321,0.450858,-0.80032754,-0.3952251,0.81193227,0.55166006,-0.19088507
1356340844319,0.38740754,-0.1386885,0.91141695,0.46672064,-0.82306516,-0.32362878,0.7950391,0.55075336,-0.25413287
1356340844359,0.39479554,-0.022094905,0.9185033,0.4983784,-0.8347006,-0.23429443,0.771852,0.5502606,-0.31852445
1356340844398,0.37646425,0.09717959,0.9213202,0.53960186,-0.83138144,-0.13279586,0.75306344,0.5471389,-0.36542368
1356340844439,0.3332659,0.1946088,0.92252976,0.57481337,-0.8175273,-0.03519416,0.7473442,0.5420115,-0.38431773
1356340844478,0.275683,0.2604341,0.9252961,0.5954252,-0.8019565,0.048317686,0.75463086,0.5376243,-0.37615475
1356340844519,0.21456009,0.2904224,0.9325335,0.5987624,-0.79342884,0.10933545,0.77165246,0.534907,-0.34413218
1356340844558,0.15928358,0.28804135,0.944278,0.58869964,-0.7955369,0.14336596,0.79250324,0.53306025,-0.2962858
1356340844599,0.114905536,0.25811318,0.9592571,0.5722046,-0.80655724,0.1484832,0.81202126,0.53182983,-0.24037145
1356340844638,0.0838027,0.20536739,0.97509044,0.55691445,-0.8210989,0.12507148,0.8263313,0.53256065,-0.18318236
1356340844679,0.0676043,0.13569474,0.98844147,0.5487449,-0.8324593,0.07674992,0.83325183,0.5372136,-0.13073963
1356340844720,0.066954374,0.0564235,0.99615943,0.55097747,-0.83445746,0.010231972,0.8318299,0.5481763,-0.086958714
1356340844758,0.08390534,-0.026258558,0.9961277,0.56114435,-0.82483625,-0.06900926,0.82345426,0.56476164,-0.054473378
1356340844799,0.115403116,-0.10159826,0.9881092,0.5784872,-0.80178034,-0.15000235,0.8074866,0.5889193,-0.03375462
1356340844838,0.16178352,-0.17117222,0.9718673,0.5959728,-0.76800853,-0.23447676,0.78653836,0.61714095,-0.022237152
1356340844879,0.21695095,-0.23018128,0.9486563,0.6091641,-0.72744596,-0.3158185,0.76279175,0.6464045,-0.017601877
1356340844920,0.27658188,-0.28322864,0.918305,0.61040753,-0.6862749,-0.39551166,0.7422299,0.66993165,-0.016926317
1356340844958,0.33326143,-0.33389956,0.88173,0.5953798,-0.65061176,-0.47140974,0.7310675,0.682067,-0.018026741
1356340844999,0.37891,-0.38281238,0.8425449,0.5642413,-0.62607044,-0.5382077,0.73352504,0.6793309,-0.02122581
1356340845038,0.41255355,-0.43028596,0.80290323,0.52226275,-0.61043453,-0.5954924,0.7463519,0.66499895,-0.0271146
1356340845079,0.43429607,-0.47306985,0.7665455,0.47590357,-0.6020189,-0.6411623,0.7647894,0.64325595,-0.03631881
1356340845118,0.4469415,-0.5070698,0.7369691,0.43361485,-0.5977782,-0.6742695,0.7824458,0.62091976,-0.04729888
1356340845158,0.45323175,-0.53066653,0.716222,0.39846748,-0.5981255,-0.6953197,0.7973736,0.6005321,-0.059636116
1356340845198,0.45514995,-0.5426758,0.7059331,0.37171525,-0.6046218,-0.7044574,0.8091146,0.5830399,-0.07347274
1356340845238,0.455095,-0.5410283,0.7072319,0.3525284,-0.61987925,-0.7010517,0.81768715,0.5683644,-0.091376126
1356340845279,0.45667154,-0.5183513,0.7230235,0.34073913,-0.64883226,-0.6803775,0.8217955,0.55707145,-0.11968064
1356340845318,0.4620806,-0.46311945,0.7563081,0.3404941,-0.6948052,-0.63348997,0.8188683,0.5502418,-0.16336659
1356340845365,0.4701739,-0.36410356,0.8039684,0.35874295,-0.75344497,-0.5510211,0.80637467,0.5474937,-0.22363058
1356340845401,0.4716118,-0.23068772,0.85109663,0.39703184,-0.8062567,-0.43853825,0.7873678,0.5447323,-0.2886498
1356340845441,0.46052408,-0.100982845,0.88188434,0.44056422,-0.8364956,-0.32585013,0.7705976,0.5385885,-0.34073693
1356340845480,0.4424277,-0.014852166,0.89668125,0.47024673,-0.8475389,-0.24606067,0.76362675,0.53052545,-0.3679905
1356340845521,0.4266439,0.009745106,0.90436715,0.4775638,-0.8516017,-0.21611878,0.76805454,0.52409875,-0.3679846
1356340845561,0.41803348,-0.028196812,0.9079939,0.46351987,-0.852996,-0.23988992,0.7812793,0.52115524,-0.3435111
1356340845598,0.41676104,-0.10977368,0.9023636,0.4364919,-0.84658337,-0.3045839,0.7973613,0.5208131,-0.30490765
1356340845641,0.41913247,-0.22246557,0.8802483,0.4034242,-0.8229183,-0.400068,0.8133738,0.52279496,-0.2551638
1356340845680,0.42465997,-0.3405741,0.83885235,0.3723824,-0.7788368,-0.50472236,0.82522434,0.5267092,-0.203917
1356340845721,0.4312873,-0.4447989,0.7849491,0.3507316,-0.7189352,-0.60009956,0.8312512,0.53412175,-0.15406257
1356340845760,0.4421395,-0.52697587,0.72581613,0.33830655,-0.65146345,-0.67907584,0.8306993,0.5457946,-0.10975832
1356340845800,0.45915467,-0.58497643,0.66856533,0.33240908,-0.58478,-0.7399571,0.8238211,0.56199193,-0.07405299
1356340845840,0.48329344,-0.6214232,0.6166528,0.32939905,-0.52353823,-0.78575057,0.811125,0.5828729,-0.048326403
1356340845880,0.5139736,-0.64168155,0.5692767,0.32510793,-0.46841606,-0.82151765,0.7938111,0.60731477,-0.032137692
1356340845938,0.54871166,-0.6501206,0.52560323,0.3173217,-0.41969195,-0.85039145,0.7734484,0.633405,-0.023992507
1356340845959,0.5834738,-0.6545646,0.4807322,0.30162615,-0.3749403,-0.87660784,0.7540424,0.65647906,-0.021334022
1356340845999,0.61277056,-0.6628308,0.43031085,0.27425018,-0.3323126,-0.90241617,0.74114704,0.67098695,-0.0218499
1356340846036,0.6323569,-0.6795774,0.37188607,0.23385185,-0.29020217,-0.9279526,0.7385377,0.67376345,-0.02459091
1356340846080,0.640759,-0.70329,0.3079139,0.18403962,-0.24866536,-0.9509442,0.74535716,0.6659944,-0.029901326
1356340846118,0.63937217,-0.72919106,0.24389279,0.13128477,-0.2090087,-0.96906126,0.7576065,0.65161026,-0.037902676
1356340846159,0.6313422,-0.7528284,0.1861625,0.0823583,-0.17360814,-0.9813651,0.77111876,0.63490915,-0.047604494
1356340846200,0.61930823,-0.772707,0.1392172,0.04085377,-0.14535925,-0.98853517,0.78408444,0.6178955,-0.05845423
1356340846238,0.6062105,-0.78797483,0.10772389,0.009927183,-0.12794219,-0.99173194,0.79524225,0.6022677,-0.069737524
1356340846279,0.5935498,-0.7994584,0.0925473,-0.013205022,-0.124653354,-0.99211246,0.80468893,0.58764607,-0.08454484
1356340846319,0.5838423,-0.80564076,0.10035542,-0.028797269,-0.14408314,-0.9891465,0.8113562,0.5746156,-0.1073221
1356340846364,0.58291674,-0.8011346,0.13561499,-0.04290414,-0.19701932,-0.97946036,0.8113983,0.56512535,-0.14921783
1356340846400,0.59417194,-0.7761366,0.2111201,-0.040413737,-0.29095256,-0.9558835,0.8033221,0.559427,-0.20424241
1356340846441,0.6182836,-0.71926045,0.31684348,-0.017234892,-0.4154425,-0.90945613,0.785766,0.556841,-0.26925766
1356340846480,0.64195573,-0.6263995,0.44217235,0.03934285,-0.5490198,-0.83488286,0.76573163,0.55335414,-0.32780206
1356340846521,0.64786613,-0.5151192,0.56117886,0.118920535,-0.65926594,-0.7424462,0.7524144,0.5477414,-0.3658578
1356340846561,0.6293616,-0.41164267,0.65913147,0.201962,-0.73239493,-0.6502377,0.75041014,0.5423541,-0.37780505
1356340846600,0.58904254,-0.32870805,0.73822755,0.2782994,-0.7751342,-0.56720054,0.75866884,0.5395535,-0.36510777
1356340846641,0.53233194,-0.26851878,0.80282027,0.3435867,-0.7981999,-0.49479795,0.7736736,0.5392351,-0.3326478
1356340846680,0.4664374,-0.23002562,0.8541219,0.3954226,-0.8095209,-0.43395492,0.79125035,0.54015195,-0.2866335
1356340846720,0.40062594,-0.21305907,0.8911255,0.43337625,-0.81285,-0.38917845,0.8072694,0.54210764,-0.23331404
1356340846760,0.34460312,-0.21783921,0.9131236,0.46010372,-0.8086657,-0.36655745,0.81826234,0.54644847,-0.1784401
1356340846801,0.30753398,-0.24392185,0.91974175,0.47925797,-0.79532444,-0.37117493,0.8220308,0.5549425,-0.12768781
1356340846841,0.29643416,-0.2894833,0.9101243,0.49369025,-0.7693141,-0.4054944,0.8175553,0.5695219,-0.08513588
1356340846880,0.31662488,-0.35380387,0.8800974,0.49985826,-0.72631586,-0.47181246,0.8061578,0.58931154,-0.05311787
1356340846922,0.3654505,-0.42552528,0.82787323,0.4956015,-0.6638977,-0.56001693,0.7879245,0.6149537,-0.0317308
1356340846960,0.43763483,-0.50095016,0.7466758,0.46952403,-0.58089006,-0.66491646,0.76682657,0.6415728,-0.01900959
1356340846999,0.5141902,-0.5656668,0.64469326,0.42075285,-0.48864308,-0.7643264,0.74737906,0.6642657,-0.0132495165
1356340847041,0.57802546,-0.61821187,0.53263557,0.3525676,-0.39945474,-0.8462459,0.73592305,0.67694175,-0.01293358
1356340847080,0.61830115,-0.6609625,0.42524377,0.27686262,-0.32320744,-0.9049222,0.7355616,0.67724854,-0.016843732
1356340847122,0.6319885,-0.6977853,0.3371737,0.20579158,-0.26835,-0.9410835,0.74715483,0.6641415,-0.025995754
1356340847160,0.6287391,-0.72853374,0.2718928,0.14713395,-0.2318773,-0.9615531,0.7635697,0.6445707,-0.03859824
1356340847201,0.6156715,-0.75324464,0.23145446,0.102651864,-0.21455508,-0.97130257,0.78128815,0.6217626,-0.05477351
1356340847240,0.5996183,-0.76997423,0.21816877,0.074245006,-0.21791631,-0.9731393,0.7968347,0.5997101,-0.07349986
1356340847280,0.584721,-0.7766297,0.23440924,0.062846124,-0.24471945,-0.96755505,0.8087965,0.5804815,-0.094284445
1356340847320,0.5723582,-0.7683128,0.28653347,0.07074615,-0.3018589,-0.950724,0.81694615,0.5644258,-0.11841623
1356340847364,0.5618031,-0.73102295,0.38727587,0.105321795,-0.40112427,-0.90994865,0.8205392,0.5520006,-0.1483602
1356340847400,0.55129874,-0.64002407,0.5351999,0.17070794,-0.5413845,-0.8232628,0.81665695,0.5452266,-0.1892074
1356340847441,0.5305953,-0.4677718,0.7068651,0.27257034,-0.6954818,-0.66483873,0.80260456,0.5454307,-0.24151859
1356340847481,0.49206138,-0.24067345,0.83663124,0.38884613,-0.7990714,-0.4585669,0.77889293,0.5509639,-0.29960722
1356340847526,0.4357925,-0.027708292,0.8996206,0.49041957,-0.83080506,-0.26315695,0.75470096,0.55587333,-0.3484699
1356340847558,0.3745085,0.12453535,0.9188223,0.558522,-0.82129127,-0.11633524,0.7401328,0.5567509,-0.3771363
1356340847599,0.3112532,0.22033326,0.9244321,0.59642583,-0.80261177,-0.009516507,0.7398632,0.55431724,-0.3812279
1356340847639,0.24340576,0.27755985,0.9293623,0.612792,-0.78672785,0.07446717,0.75182426,0.55138,-0.36158052
1356340847679,0.17739373,0.3077615,0.93478036,0.61482143,-0.7763347,0.1389208,0.76845694,0.55007935,-0.32693526
1356340847720,0.11420959,0.316226,0.9417841,0.6081582,-0.7718573,0.18541811,0.785557,0.55157715,-0.28046894
1356340847759,0.06349093,0.3069073,0.94961935,0.59879136,-0.7729451,0.20977318,0.7983845,0.5553052,-0.23284844
1356340847799,0.023994386,0.2836774,0.9586196,0.5922457,-0.77655065,0.21497503,0.80540013,0.5625801,-0.18663964
1356340847838,0.0014179945,0.24458666,0.9696264,0.59163785,-0.7819221,0.19637336,0.80620265,0.57338923,-0.14581549
1356340847880,-0.0025907755,0.18986997,0.98180586,0.5991632,-0.78576666,0.1535393,0.80062276,0.5886597,-0.11172742
1356340847918,0.019637048,0.113608316,0.99333155,0.6124132,-0.7866935,0.07786816,0.79029393,0.60680026,-0.08502363
1356340847958,0.07023281,0.016167253,0.9973996,0.6274791,-0.7779931,-0.031573713,0.77545947,0.6280649,-0.0647853
1356340847998,0.15750706,-0.10847905,0.9815415,0.6332855,-0.7515591,-0.18468435,0.7577208,0.6506852,-0.049677648
1356340848038,0.28101534,-0.25653648,0.9247808,0.61052555,-0.69569355,-0.378509,0.74046534,0.6709691,-0.03887847
1356340848078,0.4202575,-0.4088807,0.8100618,0.5409495,-0.60385084,-0.5854381,0.7285309,0.6842373,-0.03258902
1356340848118,0.5380909,-0.5383853,0.6485364,0.42866385,-0.4876964,-0.7605258,0.7257448,0.6872361,-0.031638682
1356340848159,0.6099871,-0.63152814,0.47863132,0.30205658,-0.37310356,-0.87724304,0.73258275,0.6796807,-0.03683111
1356340848198,0.63993275,-0.69432443,0.32924098,0.18557149,-0.27614102,-0.9430319,0.74568707,0.66457474,-0.047864825
1356340848239,0.64277726,-0.7367434,0.20987266,0.088522434,-0.20069571,-0.97564596,0.76092124,0.64570147,-0.06378433
1356340848278,0.6321924,-0.7651905,0.121723026,0.013591915,-0.14612374,-0.989173,0.7746923,0.62700206,-0.08197793
1356340848319,0.6165581,-0.78452116,0.066201985,-0.03994906,-0.11515215,-0.99254423,0.78629524,0.6093164,-0.10233888
1356340848363,0.60229576,-0.7965718,0.052088886,-0.0685696,-0.11663622,-0.99080485,0.79532266,0.59318584,-0.12487012
1356340848401,0.5947317,-0.7989106,0.089643836,-0.06920329,-0.1619702,-0.98436606,0.80094016,0.57923007,-0.15161604
1356340848441,0.59758776,-0.77928674,0.1886822,-0.038324922,-0.26281488,-0.96408486,0.80088705,0.568894,-0.18692107
1356340848482,0.61081195,-0.70472986,0.36092192,0.036797166,-0.4300798,-0.9020407,0.7909202,0.5642581,-0.2367658
1356340848520,0.6070392,-0.5217262,0.5994207,0.18486167,-0.6408954,-0.74503636,0.77287096,0.56307626,-0.2926015
