1356341224629,-0.4547037,0.062407285,0.8884536,0.83880067,-0.30536175,0.4507411,0.2994293,0.9501892,0.08650184
1356341224669,0.089389265,0.06228423,-0.9940474,-0.94991446,0.3053996,-0.06628525,0.29945323,0.9501852,0.08646405
1356341224708,0.08941752,0.06201172,-0.9940619,-0.9498501,0.30557948,-0.06637788,0.2996487,0.9501451,0.08622599
1356341224750,0.089509755,0.06118512,-0.99410486,-0.9496045,0.30628237,-0.06665194,0.30039874,0.9499724,0.08551687
1356341224790,0.08973694,0.059450507,-0.9941896,-0.94897795,0.30809194,-0.06723282,0.30230483,0.9494972,0.084064424
1356341224828,0.09016752,0.05667761,-0.9943125,-0.947826,0.31140727,-0.068201154,0.30577064,0.9485848,0.08179933
1356341224868,0.090788245,0.053027272,-0.9944574,-0.9461365,0.3162173,-0.06951523,0.31077844,0.94720364,0.07887983
1356341224910,0.09142125,0.049001426,-0.994606,-0.9440551,0.32207507,-0.07090703,0.3168633,0.9454452,0.075704515
1356341224948,0.09166935,0.045288086,-0.9947591,-0.9418513,0.32825878,-0.07184923,0.32328448,0.9435016,0.07274592
1356341224988,0.09093174,0.042428255,-0.9949528,-0.93984026,0.3340154,-0.07165122,0.32928944,0.9416121,0.070248425
1356341225028,0.08853936,0.04069799,-0.9952409,-0.938277,0.33880633,-0.06961703,0.33436063,0.9399755,0.06818372
1356341225070,0.08370829,0.04043606,-0.9956695,-0.93737745,0.34221363,-0.06490958,0.33810696,0.9387517,0.06655002
1356341225108,0.07610938,0.041827083,-0.99622184,-0.9372402,0.34396723,-0.0571616,0.34027678,0.9380497,0.06538111
1356341225148,0.06556079,0.044710368,-0.99684644,-0.93787014,0.34388945,-0.046258003,0.34073675,0.9379451,0.06447816
1356341225190,0.052429378,0.04844427,-0.9974489,-0.93913937,0.3419714,-0.032755524,0.3395122,0.9384608,0.06342524
1356341225228,0.037397742,0.052457154,-0.99792266,-0.9408054,0.33849704,-0.017463654,0.3368778,0.93950415,0.062011003
1356341225268,0.021431863,0.056464642,-0.9981745,-0.94256496,0.33402002,-0.0013430417,0.3333344,0.94087315,0.06038028
1356341225308,0.005425334,0.060379297,-0.9981607,-0.94410396,0.32931614,0.014788955,0.3296034,0.9422872,0.058790922
1356341225348,-0.009830594,0.06413069,-0.997893,-0.94517946,0.32515115,0.030207545,0.32640323,0.943485,0.057418644
1356341225388,-0.023783296,0.06769347,-0.99742264,-0.94567037,0.3220797,0.04440838,0.32425576,0.94428927,0.056355596
1356341225428,-0.03613192,0.07094139,-0.99682593,-0.94553465,0.32047796,0.0570803,0.32351008,0.9445958,0.055498064
1356341225468,-0.046730697,0.073468655,-0.9962021,-0.9447241,0.32074332,0.067970365,0.32451883,0.94431245,0.0544191
1356341225508,-0.05554068,0.074633926,-0.99566317,-0.943153,0.32335204,0.07684961,0.32768536,0.943331,0.052432
1356341225558,-0.06253195,0.07350135,-0.9953327,-0.9406886,0.32886475,0.083384275,0.33345866,0.94151235,0.04857737
1356341225576,-0.06793743,0.0707317,-0.9951792,-0.93791395,0.3355518,0.087877244,0.3401499,0.9393625,0.043543696
1356341225605,-0.07197884,0.06575143,-0.9952365,-0.93475294,0.34363,0.09030679,0.3479309,0.9368005,0.03672725
1356341225649,-0.07479638,0.056437314,-0.9956005,-0.93062496,0.35472953,0.09002334,0.3582496,0.9332641,0.025989473
1356341225688,-0.0773769,0.044964135,-0.9959875,-0.9259745,0.36706597,0.08850896,0.36957282,0.92910755,0.013233185
1356341225728,-0.080649465,0.03318143,-0.99619,-0.92103726,0.3795853,0.08720866,0.38103276,0.9245615,-5.197525E-5
1356341225768,-0.085629165,0.02281779,-0.9960658,-0.9160146,0.39143777,0.087714374,0.39189917,0.9199217,-0.012617052
1356341225808,-0.09303722,0.015184492,-0.9955468,-0.91114974,0.40183875,0.09127903,0.40143526,0.91558456,-0.02355057
1356341225848,-0.1032576,0.011240214,-0.9945912,-0.9066887,0.4100743,0.098766,0.40896648,0.9119829,-0.032151937
1356341225888,-0.11635095,0.011665314,-0.9931397,-0.9026786,0.4158494,0.110637575,0.41428715,0.90935874,-0.037854433
1356341225928,-0.13198274,0.016930938,-0.99110734,-0.8987683,0.41967034,0.12685534,0.41808614,0.9075186,-0.04017228
1356341225968,-0.14979309,0.027429461,-0.98833674,-0.8941397,0.42288387,0.14725292,0.4219907,0.90576863,-0.038819253
1356341226008,-0.16928759,0.04315874,-0.9846213,-0.8878474,0.42703655,0.17136732,0.42786527,0.90320385,-0.033973634
1356341226048,-0.19003385,0.063388824,-0.97972906,-0.8794286,0.4326371,0.19857082,0.43645433,0.89933693,-0.026469767
1356341226088,-0.21156788,0.08669722,-0.9735105,-0.8694979,0.43817353,0.22798547,0.44633222,0.8946997,-0.017320395
1356341226128,-0.23330694,0.111022085,-0.9660444,-0.8599204,0.4402629,0.25827417,0.4539877,0.89097846,-0.0072461963
1356341226168,-0.2541896,0.13388175,-0.9578431,-0.8531262,0.43548983,0.28727037,0.45559126,0.8901822,0.0035210252
1356341226208,-0.27255267,0.15305173,-0.94988954,-0.8508487,0.42257935,0.31222317,0.44919,0.8933095,0.015048742
1356341226248,-0.28604937,0.16739032,-0.94348097,-0.8533509,0.40336412,0.33028728,0.43585324,0.8995988,0.027460635
1356341226288,-0.29178473,0.17696545,-0.9399708,-0.85994744,0.38170728,0.3388068,0.41875082,0.90718406,0.040804565
1356341226328,-0.28650722,0.18243289,-0.9405488,-0.8698733,0.36190864,0.33517557,0.4015398,0.91418844,0.05500406
1356341226368,-0.26732734,0.1846425,-0.9457501,-0.88258654,0.34700444,0.3172205,0.38675192,0.91950804,0.07019919
1356341226408,-0.23249954,0.18463862,-0.9549096,-0.8972584,0.3381666,0.2838497,0.37532812,0.92279565,0.087045014
1356341226448,-0.18274403,0.1848718,-0.96562254,-0.9119445,0.33512455,0.23674619,0.36737153,0.92385817,0.10735077
1356341226488,-0.12174809,0.19051939,-0.97410464,-0.9234615,0.33803105,0.18153197,0.363863,0.9216493,0.13478267
1356341226559,-0.055303633,0.208489,-0.97645986,-0.9282982,0.34941047,0.12718034,0.36770102,0.91347945,0.17421627
1356341226570,0.0105308,0.24256253,-0.9700786,-0.92416763,0.37281874,0.08318874,0.381842,0.8956392,0.22809452
1356341226607,0.070483506,0.28913713,-0.9546894,-0.91146183,0.4075368,0.056134522,0.4053016,0.86620635,0.29226208
1356341226648,0.12064576,0.33717883,-0.93367827,-0.89417326,0.4454221,0.045313984,0.43115985,0.82940316,0.35523453
1356341226688,0.15850005,0.37417024,-0.91371465,-0.87840134,0.47602496,0.04256007,0.45087567,0.7958623,0.4041216
1356341226728,0.18296093,0.39152986,-0.9017925,-0.86854666,0.49412405,0.038317263,0.46059978,0.77623826,0.43046728
1356341226769,0.19418836,0.38600472,-0.90182656,-0.8652029,0.5006404,0.02798453,0.46229297,0.7748287,0.431191
1356341226808,0.19305056,0.36070153,-0.9124834,-0.8669709,0.49817568,0.013505489,0.45944852,0.78848934,0.40889084
1356341226848,0.18171573,0.31995362,-0.92984354,-0.872498,0.48861194,-0.0023804307,0.45357105,0.8117192,0.36794737
1356341226888,0.1624336,0.26936567,-0.94924045,-0.88025165,0.47423556,-0.01605463,0.44583902,0.8381783,0.31414136
1356341226928,0.1377083,0.21438241,-0.9669937,-0.8881978,0.45879304,-0.024772733,0.43833914,0.862293,0.25359356
1356341226968,0.1096822,0.15989983,-0.9810208,-0.89465344,0.4459232,-0.027343512,0.4330878,0.88067275,0.19196475
1356341227008,0.079549015,0.11118513,-0.99061084,-0.8988444,0.43766093,-0.023057312,0.43098804,0.8922392,0.13475364
1356341227048,0.047565848,0.07308787,-0.99619067,-0.9005446,0.43462178,-0.0111120045,0.43215406,0.8976426,0.086492
1356341227089,0.01319316,0.04896429,-0.99871343,-0.89942384,0.43697348,0.009542078,0.4368785,0.89814067,0.049804688
1356341227129,-0.024510294,0.040122837,-0.9988941,-0.89496183,0.44436315,0.03980893,0.44546893,0.89494777,0.025016963
1356341227171,-0.06600729,0.046114206,-0.996753,-0.88699925,0.45482662,0.07978144,0.45702887,0.88938534,0.010881364
1356341227208,-0.11186549,0.06417653,-0.99164885,-0.87713087,0.46263316,0.1288872,0.4670412,0.88422394,0.004538536
1356341227249,-0.15867645,0.0890657,-0.9833052,-0.8679737,0.46208948,0.18192044,0.47057787,0.8823495,0.0039839745
1356341227288,-0.204157,0.11561304,-0.97208726,-0.8615533,0.450265,0.23449397,0.46480748,0.8853785,0.0076820254
1356341227328,-0.24444604,0.13902706,-0.95964456,-0.8580602,0.42994404,0.2808574,0.45164025,0.8920872,0.014195442
1356341227368,-0.27468082,0.15623367,-0.9487579,-0.85758865,0.40642664,0.31521288,0.43484735,0.90022695,0.022346556
1356341227408,-0.29040092,0.16580576,-0.94243085,-0.8607779,0.38495952,0.33296788,0.41800573,0.90791774,0.030929327
1356341227448,-0.28841045,0.16759446,-0.94272554,-0.86864185,0.36842766,0.33124366,0.40284073,0.914425,0.039321244
1356341227488,-0.26791805,0.16338181,-0.94948745,-0.8812182,0.35682088,0.31005388,0.38945416,0.9197746,0.048376203
1356341227564,-0.23070425,0.15841189,-0.96004236,-0.8966943,0.3484568,0.27297845,0.3777763,0.9238417,0.061656594
1356341227564,-0.18100384,0.15627411,-0.97098714,-0.9119394,0.34300324,0.22520074,0.36824483,0.92624354,0.08042765
1356341227606,-0.12984836,0.1845642,-0.9742051,-0.922135,0.33863616,0.1870631,0.3644262,0.9226384,0.12622178
1356341227636,-0.064232945,0.21897525,-0.97361386,-0.9294966,0.34194827,0.13822988,0.36319447,0.9138497,0.18157244
1356341227678,-8.800626E-4,0.26765105,-0.9635155,-0.9310492,0.3513605,0.09845337,0.36489248,0.8971671,0.24888706
1356341227718,0.058175415,0.3118324,-0.9483545,-0.92876065,0.36526445,0.06313065,0.36608636,0.8771217,0.31086713
1356341227758,0.10606444,0.33751372,-0.9353261,-0.92447686,0.37987226,0.03224328,0.366187,0.86126745,0.35231453
1356341227798,0.13795108,0.34008178,-0.9302225,-0.9198823,0.39213306,0.006943047,0.3671322,0.8547374,0.36693034
1356341227838,0.15219042,0.3233569,-0.9339585,-0.9165437,0.39978495,-0.010938346,0.36984557,0.8576785,0.35721415
1356341227879,0.14933226,0.29272637,-0.9444634,-0.91538393,0.40207914,-0.020114273,0.37386104,0.8675504,0.3280004
1356341227918,0.13205352,0.25830853,-0.95699453,-0.9160806,0.40057698,-0.018285573,0.37862667,0.87909883,0.2895291
1356341227958,0.10462153,0.22162533,-0.9695033,-0.9168556,0.3991449,-0.0076969564,0.38526642,0.8896997,0.24495757
1356341227998,0.06940687,0.18750298,-0.9798088,-0.9163308,0.4002515,0.011684656,0.3943609,0.897018,0.19959497
1356341228038,0.030121058,0.15907848,-0.9868063,-0.9132168,0.40574154,0.037532896,0.40635896,0.90003765,0.15749454
1356341228078,-0.010743439,0.13932452,-0.9901885,-0.9064965,0.4166265,0.06845686,0.42207646,0.89833796,0.121821165
1356341228118,-0.051792562,0.1301901,-0.99013543,-0.89545417,0.43289232,0.103759676,0.44213054,0.89199483,0.09415859
1356341228158,-0.09195027,0.13161018,-0.98702776,-0.88005865,0.45301422,0.14239004,0.46587762,0.8817352,0.074169934
1356341228198,-0.13153973,0.14188182,-0.9811049,-0.86281574,0.47092757,0.18378314,0.48810488,0.8706875,0.06047213
1356341228238,-0.17036974,0.15678075,-0.9728278,-0.8485333,0.4785784,0.22572988,0.5009644,0.86393434,0.051498473
1356341228278,-0.20703429,0.1712972,-0.96322066,-0.84134626,0.47127217,0.26464877,0.49927264,0.8651935,0.04655075
1356341228318,-0.23827055,0.18207893,-0.9539782,-0.8421289,0.45056322,0.29633024,0.483783,0.87397945,0.04597801
1356341228360,-0.2594761,0.18805605,-0.94726294,-0.84899384,0.42308894,0.31655207,0.460306,0.88635814,0.049876988
1356341228417,-0.2658317,0.18915373,-0.9452801,-0.8602305,0.39605105,0.3211652,0.43512878,0.89853466,0.05743289
1356341228438,-0.253461,0.18528989,-0.9494341,-0.8750864,0.3743949,0.30667937,0.4122879,0.90856814,0.06725013
1356341228479,-0.22170883,0.1776106,-0.95880115,-0.89274025,0.3585605,0.2728538,0.3922499,0.9164545,0.07906413
1356341228516,-0.17097202,0.16824386,-0.97080517,-0.9114294,0.34725997,0.22069648,0.37425265,0.9225533,0.09397066
1356341228558,-0.10674012,0.16488674,-0.9805198,-0.9273461,0.33921522,0.15799484,0.35865846,0.92614543,0.11669916
1356341228598,-0.033017933,0.1762093,-0.98379874,-0.9366387,0.3380062,0.09197593,0.348737,0.92450094,0.15388429
1356341228638,0.044993162,0.20729584,-0.97724307,-0.93633693,0.3497249,0.031074941,0.34820795,0.9136306,0.20983398
1356341228678,0.12312278,0.24951819,-0.960511,-0.9263663,0.37603447,-0.021061033,0.35593015,0.8923781,0.27744365
1356341228718,0.19632521,0.28529322,-0.9381174,-0.9094038,0.41073933,-0.06540513,0.36666206,0.86596817,0.34008524
1356341228758,0.26050776,0.29928467,-0.9179131,-0.8888967,0.4454263,-0.107041985,0.37682655,0.8438152,0.3820702
1356341228798,0.31296447,0.28648517,-0.9055271,-0.8674524,0.4744651,-0.14969686,0.38675508,0.83235157,0.397003
1356341228838,0.35170928,0.2515878,-0.9016674,-0.8477563,0.49409667,-0.19281507,0.39700097,0.8322091,0.3870635
1356341228879,0.3750913,0.20432806,-0.90418833,-0.8332896,0.50165486,-0.2323162,0.4061218,0.84059054,0.3584309
1356341228918,0.38216877,0.15424117,-0.91112936,-0.82690287,0.49723035,-0.26266637,0.4125272,0.8537984,0.31756836
1356341228958,0.37302738,0.10731974,-0.9215926,-0.8291198,0.4843673,-0.279193,0.4164264,0.8682573,0.26966324
1356341228998,0.3489504,0.06631476,-0.9347919,-0.8380107,0.4685856,-0.27958095,0.41948974,0.88092554,0.21908557
1356341229038,0.3126424,0.032791197,-0.94930476,-0.85028917,0.455135,-0.26431137,0.42339474,0.8898185,0.17017645
1356341229078,0.2680068,0.007896304,-0.9633847,-0.86259353,0.44731903,-0.23630098,0.42907435,0.8943397,0.12669587
1356341229118,0.21882142,-0.0072677433,-0.97573787,-0.8725388,0.44617778,-0.1990011,0.43679887,0.89491487,0.091291845
1356341229158,0.16818309,-0.012498081,-0.9856765,-0.8788376,0.45101076,-0.15567216,0.44649634,0.892431,0.06486863
1356341229198,0.11735682,-0.007955492,-0.99305797,-0.88201785,0.45869392,-0.10790905,0.45636812,0.88855875,0.046813965
1356341229238,0.0677225,0.0046622157,-0.9976933,-0.8839118,0.46406418,-0.057830542,0.4627241,0.8857893,0.035548568
1356341229278,0.020295978,0.022853494,-0.99953276,-0.8868946,0.46191174,-0.0074475408,0.46152574,0.88663137,0.029643595
1356341229318,-0.024062216,0.043804884,-0.99875027,-0.89170337,0.45073646,0.041252404,0.45198017,0.89158165,0.02821529
1356341229358,-0.06317198,0.064671904,-0.99590504,-0.8972286,0.4332983,0.085050195,0.43702433,0.8989272,0.030653179
1356341229398,-0.094731,0.08336455,-0.9920063,-0.90215516,0.41410986,0.12095097,0.4208826,0.9064014,0.035978734
1356341229438,-0.11660349,0.098775595,-0.98825455,-0.90627384,0.39647,0.14655769,0.4062896,0.9127184,0.043287933
1356341229478,-0.12731966,0.11097488,-0.98563385,-0.9102795,0.38159493,0.16055048,0.39392993,0.91764367,0.05243361
1356341229518,-0.12627578,0.12148824,-0.9845278,-0.9148855,0.36937827,0.16292384,0.3834565,0.92130363,0.064504325
1356341229563,-0.11354944,0.13439038,-0.9844012,-0.91994715,0.35998824,0.15526035,0.37523833,0.92322683,0.082755566
1356341229598,-0.08958927,0.15700886,-0.98352516,-0.9239123,0.35569814,0.14094245,0.3719673,0.92131805,0.11319572
1356341229638,-0.05498606,0.19630486,-0.979,-0.9242508,0.3609866,0.12429458,0.37780547,0.911676,0.16158575
1356341229678,-0.011706948,0.24932629,-0.9683488,-0.9194371,0.37798995,0.10843885,0.39306277,0.89160526,0.22481471
1356341229718,0.035314173,0.30254057,-0.95248216,-0.91054,0.40256724,0.09410983,0.41191024,0.8639496,0.28969157
1356341229758,0.07968044,0.33951038,-0.9372213,-0.9008973,0.42695284,0.07807231,0.42665565,0.8381193,0.3398838
1356341229798,0.1157811,0.3520207,-0.9288036,-0.89295423,0.44641086,0.057879418,0.43500274,0.82267785,0.36602432
1356341229838,0.13993481,0.34039244,-0.92981255,-0.8872292,0.46000865,0.03487715,0.4395937,0.82007635,0.36637732
1356341229878,0.15037945,0.31152928,-0.9382619,-0.8838966,0.46748593,0.0135523975,0.44284624,0.8272885,0.34566
1356341229918,0.14678338,0.27296653,-0.9507596,-0.88349915,0.46842876,-0.00191167,0.44484133,0.840276,0.3099233
1356341229958,0.12954694,0.23121765,-0.9642385,-0.88608587,0.4634536,-0.0079140365,0.44504988,0.85542333,0.26491773
1356341229998,0.099975735,0.19120044,-0.9764463,-0.8906563,0.45467207,-0.002161473,0.44354954,0.869894,0.21575004
1356341230038,0.0602524,0.155992,-0.985919,-0.89543355,0.44491926,0.015672505,0.44109917,0.8818806,0.16648787
1356341230078,0.0126903355,0.1295445,-0.9914925,-0.8981849,0.4372433,0.045632362,0.43943492,0.8899644,0.1219036
1356341230118,-0.039635986,0.11439961,-0.99264383,-0.8966213,0.43439338,0.085864484,0.44102082,0.8934289,0.08535546
1356341230158,-0.09483513,0.11206028,-0.98916566,-0.8893304,0.43695506,0.13476518,0.44732273,0.8924756,0.05821997
1356341230198,-0.15156385,0.12214646,-0.9808713,-0.8766688,0.441781,0.19047686,0.45659634,0.8887687,0.040124
1356341230238,-0.20914128,0.14193532,-0.96752995,-0.861179,0.44200942,0.25099465,0.4632823,0.8857099,0.029789329
1356341230278,-0.26641577,0.1661278,-0.9494337,-0.8462285,0.4312557,0.31291515,0.4614326,0.8868033,0.025688708
1356341230318,-0.3205258,0.18889824,-0.9282137,-0.83403265,0.40826765,0.37108913,0.4490577,0.8931042,0.026686966
1356341230358,-0.36826968,0.20684019,-0.9064186,-0.8247473,0.3773418,0.4211949,0.4291497,0.90267956,0.031627357
1356341230398,-0.40600282,0.21907523,-0.88722485,-0.81819665,0.34532112,0.45968214,0.4070825,0.9125565,0.039045215
1356341230438,-0.4301846,0.22618532,-0.87394595,-0.81565547,0.31746513,0.48365498,0.38684297,0.9208996,0.047920644
1356341230478,-0.4375919,0.22906354,-0.8695075,-0.8193164,0.2968223,0.4905275,0.37045115,0.9270525,0.05778849
1356341230518,-0.42651618,0.22950372,-0.87487835,-0.83060694,0.2834862,0.4792992,0.3580169,0.93110883,0.06971592
1356341230558,-0.39634264,0.2321221,-0.8882746,-0.848928,0.2757781,0.45085222,0.34961945,0.9327732,0.0877524
1356341230597,-0.34700227,0.2432319,-0.9057746,-0.87158716,0.27297735,0.40720892,0.34630215,0.93076396,0.117274046
1356341230638,-0.28349322,0.27210072,-0.91956127,-0.89279795,0.2751475,0.3566592,0.35006228,0.9220928,0.16492844
1356341230678,-0.20782012,0.31636935,-0.9255923,-0.9095833,0.2855754,0.30183598,0.35981798,0.9046309,0.22841603
1356341230718,-0.12639272,0.36185002,-0.92362833,-0.9199269,0.3056227,0.24562004,0.3711594,0.88071525,0.29424715
1356341230758,-0.048000157,0.3905582,-0.91932607,-0.9235693,0.33317924,0.18976653,0.38041523,0.85817015,0.34471482
1356341230798,0.018391103,0.39411467,-0.9188773,-0.921506,0.36326084,0.1373621,0.38792855,0.8442247,0.36985978
1356341230838,0.06671673,0.3734359,-0.92525387,-0.91622597,0.39010203,0.091380835,0.39506832,0.8416449,0.36817798
1356341230879,0.094248325,0.33653614,-0.9369422,-0.9112228,0.4082295,0.054968923,0.40098646,0.8485824,0.3451344
1356341230918,0.10089782,0.29197708,-0.9510884,-0.9091393,0.41533288,0.031056494,0.4040861,0.8615382,0.3073539
1356341230958,0.0886223,0.246425,-0.96510136,-0.91026926,0.4134328,0.021977067,0.40442023,0.87655455,0.2609526
1356341230998,0.06080419,0.20483172,-0.9769068,-0.9128046,0.40739357,0.028605342,0.40384483,0.8899857,0.21174258
1356341231038,0.02144456,0.17056373,-0.9851133,-0.91418827,0.40222603,0.04974121,0.40472227,0.8995123,0.16455287
1356341231078,-0.026672453,0.14778358,-0.98866,-0.91219825,0.40093288,0.084540576,0.40887997,0.9041089,0.124114096
1356341231118,-0.080703914,0.138648,-0.9870479,-0.9050728,0.4046287,0.13083857,0.4175284,0.9039095,0.09283149
1356341231158,-0.13934165,0.14374754,-0.9797554,-0.8917093,0.4120471,0.18727434,0.4306256,0.89975214,0.07076573
1356341231198,-0.20155013,0.16149202,-0.9660734,-0.87232375,0.4189673,0.25202727,0.44545352,0.8935249,0.0564304
1356341231257,-0.26536825,0.18764761,-0.9457104,-0.84905624,0.41926345,0.32143697,0.4568187,0.88826036,0.048064113
1356341231278,-0.32850766,0.21617031,-0.91943085,-0.8250568,0.4081595,0.39075202,0.45974338,0.8869477,0.044269323
1356341231318,-0.38635057,0.24113363,-0.8902739,-0.8034013,0.38615733,0.45324266,0.4530778,0.89035785,0.04453504
1356341231356,-0.4351145,0.25992566,-0.8620407,-0.7853702,0.35863692,0.5045526,0.44030577,0.8965591,0.048089683
1356341231399,-0.4717657,0.2722302,-0.8386465,-0.77216643,0.33162725,0.5420169,0.4256714,0.9032796,0.053756654
1356341231438,-0.49413103,0.27860737,-0.8235365,-0.7654799,0.30965167,0.5640535,0.41215894,0.90911704,0.06025982
1356341231478,-0.50060123,0.27953726,-0.8193031,-0.7676937,0.2940207,0.56938404,0.40005618,0.9140081,0.06741178
1356341231518,-0.48881352,0.27541912,-0.82777154,-0.78121364,0.2841282,0.55585647,0.3882867,0.91837656,0.07627547
1356341231561,-0.45704585,0.27006206,-0.84745234,-0.80595136,0.27728212,0.52302665,0.37623304,0.92205256,0.09092635
1356341231598,-0.402183,0.27043083,-0.87470907,-0.8391602,0.27318525,0.47029775,0.36614066,0.9231668,0.1170643
1356341231638,-0.32735246,0.28778777,-0.9000102,-0.8730147,0.27229142,0.4046017,0.36150447,0.9181696,0.16210777
1356341231678,-0.23188972,0.32050797,-0.91842365,-0.90264,0.28103256,0.32597825,0.36258557,0.9045968,0.22413468
1356341231718,-0.12194562,0.35249284,-0.9278352,-0.923066,0.30330598,0.23654744,0.3647993,0.88529897,0.2883873
1356341231758,-0.011317074,0.36690065,-0.9301913,-0.9310429,0.33544952,0.14364073,0.36473405,0.86767364,0.33780396
1356341231798,0.08533868,0.35665384,-0.93033075,-0.9275621,0.3693702,0.0565179,0.36379382,0.8581164,0.3623401
1356341231838,0.15741685,0.32569423,-0.9322785,-0.91771317,0.3969094,-0.01629597,0.36472258,0.8581295,0.36137414
1356341231878,0.20001999,0.28316534,-0.9379815,-0.9081429,0.41293558,-0.06899679,0.36778843,0.86562204,0.33975002
1356341231918,0.21261907,0.23818567,-0.9476607,-0.903635,0.41695416,-0.09794384,0.37180224,0.87716407,0.30388534
1356341231958,0.19716111,0.1951102,-0.9607598,-0.9050685,0.41288057,-0.10188505,0.37680024,0.8896413,0.25799215
1356341231998,0.15621305,0.15819323,-0.974973,-0.9101056,0.40661103,-0.07984555,0.38380378,0.8998013,0.2074905
1356341232038,0.09535268,0.1292882,-0.9870118,-0.91423154,0.4036384,-0.035449117,0.39381266,0.9057375,0.15668738
1356341232078,0.019651234,0.11194503,-0.99352,-0.9133456,0.40624142,0.027707934,0.40671074,0.90688264,0.110227644
1356341232118,-0.06557298,0.109545946,-0.9918164,-0.904261,0.41374558,0.10548255,0.42191482,0.9037777,0.07192761
1356341232158,-0.15537447,0.12352839,-0.9801017,-0.8847735,0.42386568,0.1936847,0.439357,0.89726174,0.043436825
1356341232198,-0.24675053,0.15352839,-0.95684016,-0.8540463,0.43214327,0.28958094,0.45795086,0.88864005,0.024488807
1356341232238,-0.337138,0.19571105,-0.9208882,-0.81351686,0.43175453,0.38958752,0.47384417,0.8805028,0.013653398
1356341232278,-0.42320526,0.24211738,-0.8730844,-0.7674428,0.4164129,0.4874748,0.4815898,0.8763443,0.009583175
1356341232318,-0.50242656,0.28368592,-0.8167557,-0.72047925,0.38486493,0.57687837,0.47799295,0.8782945,0.011023462
1356341232358,-0.5707916,0.313752,-0.7587862,-0.6771166,0.342856,0.65112436,0.46444592,0.8854431,0.016747415
1356341232398,-0.6254033,0.33122796,-0.70651156,-0.6404835,0.2992717,0.70726043,0.44570333,0.8948321,0.024980664
1356341232438,-0.6637571,0.33828723,-0.6670743,-0.61444885,0.26191163,0.74421424,0.42647266,0.9038606,0.034014583
1356341232478,-0.68350327,0.33755478,-0.64720947,-0.6043956,0.23546076,0.7610941,0.40930337,0.9113809,0.043078423
1356341232519,-0.68209094,0.33095354,-0.65209013,-0.61573476,0.22112489,0.7562899,0.39449018,0.9173731,0.05295235
1356341232563,-0.6550079,0.32029438,-0.6843802,-0.65216625,0.21780807,0.7261122,0.38163316,0.92193884,0.06621921
1356341232599,-0.60125756,0.31269556,-0.7353305,-0.70784813,0.21852487,0.67171264,0.37072963,0.9243746,0.08995122
1356341232638,-0.5169336,0.3176354,-0.7949134,-0.77549326,0.21944499,0.5919916,0.36247718,0.9224704,0.13288563
1356341232678,-0.40545827,0.34181404,-0.84780115,-0.8415936,0.22244853,0.49217564,0.3568247,0.9130607,0.19747484
1356341232718,-0.2771163,0.376334,-0.88406974,-0.8939952,0.23619163,0.38077042,0.35210675,0.89587176,0.27098823
1356341232758,-0.14849257,0.40294066,-0.90309954,-0.9258721,0.26419544,0.2701144,0.34743485,0.8762646,0.33384037
1356341232798,-0.032800496,0.40638846,-0.91311145,-0.93817633,0.3024782,0.16832149,0.3446002,0.8621806,0.3713426
1356341232838,0.06191069,0.38337758,-0.92151433,-0.93618166,0.3423968,0.07955122,0.3460217,0.85777974,0.38010907
1356341232878,0.13272014,0.33881578,-0.9314447,-0.92670643,0.3757575,0.004637897,0.35156864,0.8625603,0.36385334
1356341232918,0.1785608,0.28197306,-0.9426596,-0.9161424,0.39709538,-0.05475667,0.35888588,0.87338793,0.32923317
1356341232958,0.1997737,0.22059003,-0.9546887,-0.90878284,0.405991,-0.09635949,0.36633903,0.88685477,0.28157473
1356341232998,0.19668129,0.16241923,-0.9669211,-0.90644217,0.406037,-0.11617494,0.3737367,0.8993075,0.22708356
1356341233038,0.17194983,0.1124005,-0.97867227,-0.90811944,0.40310255,-0.11325756,0.38177505,0.908226,0.17138654
1356341233078,0.12852553,0.07477242,-0.9888833,-0.911219,0.40241173,-0.088003874,0.39135796,0.9124,0.11985421
1356341233118,0.06989068,0.052690953,-0.99616206,-0.9121226,0.40771568,-0.042428732,0.4039153,0.91158736,0.076556146
1356341233158,-4.6640635E-5,0.04774061,-0.99885976,-0.90681887,0.42103782,0.02016586,0.42152047,0.90578586,0.043272436
1356341233199,-0.07876438,0.061146557,-0.9950162,-0.89263487,0.44006485,0.09770319,0.44384587,0.89588165,0.01992011
1356341233240,-0.16178533,0.09121242,-0.9826016,-0.8694525,0.4578052,0.1856522,0.46677393,0.8843612,0.005238652
1356341233280,-0.24438617,0.13215894,-0.9606297,-0.8408329,0.4645591,0.2778215,0.48298588,0.8756248,-0.002408266
1356341233318,-0.3205816,0.17380556,-0.93113863,-0.8127637,0.45437178,0.36463892,0.48645937,0.87369215,-0.0044003725
1356341233358,-0.38460878,0.20642152,-0.89970344,-0.7910534,0.42860624,0.43649894,0.4757213,0.87959474,-0.0015553236
1356341233399,-0.43318236,0.22617126,-0.8724676,-0.7777598,0.39536184,0.48864996,0.45545894,0.8902447,0.004643142
1356341233438,-0.4640578,0.23399577,-0.85433966,-0.7734511,0.36307818,0.51956475,0.431768,0.90189815,0.0124951005
1356341233478,-0.4755854,0.23259485,-0.8483621,-0.77878904,0.33710444,0.5290069,0.4090309,0.912283,0.02082032
1356341233518,-0.46616095,0.22454286,-0.8557305,-0.7945701,0.31908214,0.5165705,0.38904053,0.9207427,0.029671371
1356341233561,-0.4350356,0.21402809,-0.87460625,-0.81998336,0.30711317,0.48302048,0.37198305,0.9272936,0.041894317
1356341233599,-0.37977886,0.20707777,-0.9016023,-0.8527845,0.2993378,0.42796662,0.35850602,0.9314052,0.06291062
1356341233628,-0.30548602,0.20770752,-0.92926633,-0.88609755,0.29525477,0.3572894,0.34858203,0.9325675,0.09385288
1356341233668,-0.22260475,0.23666698,-0.9457462,-0.91169125,0.29310632,0.28793707,0.34534934,0.9263247,0.15052032
1356341233708,-0.11450207,0.27748096,-0.95388347,-0.9312115,0.30447453,0.200351,0.34602684,0.9112078,0.22353047
1356341233748,0.005895406,0.31194076,-0.95008326,-0.93771005,0.33176532,0.10310987,0.34736884,0.8902948,0.2944659
1356341233788,0.12108144,0.32215565,-0.93891156,-0.9294955,0.36877307,0.0066648126,0.34839246,0.8719072,0.3440938
1356341233828,0.21501812,0.3039989,-0.92809045,-0.9114055,0.4038826,-0.0788596,0.35086635,0.862823,0.36390832
1356341233868,0.27886543,0.26304674,-0.9236019,-0.8916795,0.42802253,-0.14732397,0.35656935,0.8646405,0.35391408
1356341233908,0.31162986,0.20999774,-0.926708,-0.8774549,0.43785498,-0.19584665,0.3646364,0.87417614,0.32071224
1356341233948,0.31598324,0.15420887,-0.93614864,-0.87232924,0.43523002,-0.22274789,0.37309027,0.8870144,0.27204627
1356341233988,0.2958904,0.10215917,-0.94974333,-0.8759625,0.4255612,-0.22712868,0.38097066,0.8991447,0.21540707
1356341234028,0.25604266,0.058106035,-0.96491754,-0.8850806,0.41545093,-0.20983982,0.38868296,0.90775776,0.15780169
1356341234086,0.20206486,0.025608152,-0.97903734,-0.89516973,0.4103505,-0.17402202,0.39729208,0.91156834,0.1058411
1356341234108,0.13982335,0.006893724,-0.9901525,-0.90191936,0.41357616,-0.12448415,0.40864527,0.9104434,0.06404519
1356341234148,0.07349762,0.003539443,-0.99728906,-0.9022918,0.42620024,-0.064983904,0.4248148,0.9046219,0.03451836
1356341234186,0.0061565638,0.015607119,-0.9998592,-0.89506704,0.44592917,0.0014493465,0.445889,0.89493215,0.016714811
1356341234228,-0.059647262,0.04135862,-0.9973623,-0.8814852,0.4666795,0.072069496,0.46842927,0.88345885,0.008620858
1356341234268,-0.123586714,0.07690036,-0.9893496,-0.86563176,0.47911215,0.14537275,0.4851886,0.87437856,0.007355511
1356341234308,-0.1848979,0.115739256,-0.97591865,-0.8519764,0.47609383,0.2178782,0.48984596,0.8717449,0.010578334
1356341234348,-0.24238464,0.15154558,-0.9582711,-0.84249485,0.4569163,0.2853592,0.48109454,0.8765052,0.016926944
1356341234388,-0.29414678,0.18048215,-0.9385647,-0.83608127,0.42721033,0.34417927,0.46308273,0.8859557,0.025235295
1356341234428,-0.33789107,0.20144343,-0.9193748,-0.83104384,0.39468405,0.39190632,0.44180954,0.8964625,0.03404814
1356341234468,-0.3713128,0.21476161,-0.90332955,-0.82748663,0.36476958,0.42685956,0.4211802,0.9059915,0.042268693
1356341234508,-0.39162332,0.2209577,-0.8932014,-0.82736665,0.34019393,0.4469144,0.40261084,0.9140272,0.049585223
1356341234563,-0.39546525,0.22134107,-0.891412,-0.8336132,0.32096738,0.4495209,0.38561162,0.92086273,0.057581365
1356341234589,-0.37824816,0.22081935,-0.8989812,-0.84842134,0.30575895,0.4320795,0.37028304,0.9261481,0.07169515
1356341234628,-0.33339024,0.22889906,-0.91457987,-0.871692,0.29472858,0.39152038,0.3591715,0.92776096,0.10126978
1356341234668,-0.25530744,0.25460744,-0.93273425,-0.8992528,0.2918719,0.32581484,0.35519382,0.92194676,0.15443933
1356341234708,-0.1461823,0.29245242,-0.94504094,-0.9227582,0.3040288,0.23682028,0.35657832,0.90666324,0.22541922
1356341234748,-0.024267346,0.3253593,-0.945279,-0.9333509,0.33137164,0.13801727,0.35814384,0.8856263,0.29563296
1356341234788,0.085418284,0.3386175,-0.9370389,-0.92999643,0.3645559,0.046963215,0.3575056,0.86743134,0.34605286
1356341234828,0.16531664,0.32990626,-0.92942584,-0.9194,0.3925798,-0.024184406,0.35689524,0.8585121,0.36821574
1356341234868,0.20894244,0.30460128,-0.9292798,-0.9097583,0.40911636,-0.07045215,0.35872373,0.86014056,0.3625954
1356341234908,0.21800962,0.27114257,-0.93752515,-0.90610075,0.41310892,-0.09122658,0.36256456,0.8693806,0.3357443
1356341234948,0.19673872,0.23603666,-0.95162004,-0.90917265,0.40724003,-0.08695266,0.36701375,0.8822938,0.29471788
1356341234988,0.14874804,0.20229983,-0.96796113,-0.9162332,0.39643288,-0.057946116,0.3720091,0.89549744,0.24432242
1356341235028,0.0798457,0.1734452,-0.9816015,-0.92216873,0.3867301,-0.006677568,0.37845662,0.9057354,0.19082451
1356341235068,-0.0010362864,0.15156597,-0.9884466,-0.92173165,0.38320178,0.059725523,0.3878269,0.91114444,0.13930601
1356341235108,-0.083970934,0.14004064,-0.98657864,-0.9120698,0.38796833,0.13269973,0.4013446,0.9109715,0.09514886
1356341235148,-0.15989235,0.14086834,-0.9770316,-0.8930212,0.4011307,0.20397887,0.42065158,0.9051244,0.061660588
1356341235188,-0.2248142,0.15475148,-0.9620345,-0.86640376,0.42003217,0.2700324,0.44587332,0.8942175,0.039648116
1356341235229,-0.27989665,0.17963204,-0.9430748,-0.8357328,0.43783692,0.3314354,0.4724494,0.88092625,0.027575314
1356341235268,-0.32895744,0.21047276,-0.92059124,-0.80586284,0.4456489,0.38984895,0.49231303,0.87011397,0.023012638
1356341235308,-0.3772722,0.24107918,-0.8941736,-0.7805517,0.43684262,0.44711018,0.49840212,0.86663103,0.023366213
1356341235348,-0.42621446,0.26640615,-0.8645051,-0.760568,0.41187173,0.50189435,0.48977298,0.87142956,0.027074277
1356341235388,-0.47438896,0.2847378,-0.83299434,-0.7435075,0.3770342,0.5523059,0.4713297,0.88134533,0.03284383
1356341235429,-0.51844287,0.29648265,-0.8020692,-0.72728443,0.34044552,0.5959481,0.4497491,0.8922975,0.03912568
1356341235468,-0.55450326,0.3022921,-0.7753358,-0.712981,0.3079121,0.6299589,0.4291669,0.902114,0.04479021
1356341235508,-0.57879066,0.3024764,-0.75730395,-0.7044997,0.28224605,0.6511661,0.41070843,0.91040933,0.04973322
1356341235559,-0.5873122,0.29783762,-0.752567,-0.7071545,0.26346248,0.65614027,0.39369637,0.9175404,0.055882514
1356341235589,-0.5758542,0.29276156,-0.7633365,-0.72505105,0.24852675,0.6422892,0.37774712,0.92332286,0.06915194
1356341235628,-0.53799087,0.29638228,-0.7891282,-0.7600843,0.23420274,0.6061525,0.36446884,0.9259085,0.0992766
1356341235668,-0.46809292,0.31812888,-0.8244289,-0.8089071,0.22132903,0.5446859,0.3557504,0.92185,0.15373415
1356341235708,-0.3676929,0.3548293,-0.85959184,-0.86146235,0.21818912,0.45855886,0.3502637,0.9091148,0.22544545
1356341235748,-0.2517355,0.39048153,-0.8855244,-0.90422004,0.2312659,0.3590295,0.344986,0.8910893,0.2948634
1356341235788,-0.1415993,0.40804568,-0.9019138,-0.92979705,0.25786918,0.26264256,0.33974594,0.8757867,0.34288543
1356341235828,-0.052937865,0.40144217,-0.9143532,-0.9399005,0.28926575,0.18141764,0.3373198,0.8690049,0.36200258
1356341235868,0.008550048,0.37297767,-0.92780083,-0.9405944,0.31794125,0.119145006,0.33942455,0.8716656,0.3535392
1356341235909,0.045128405,0.3299638,-0.94291425,-0.93760884,0.33972394,0.07400864,0.34475073,0.8807449,0.32470816
1356341235948,0.059940875,0.27923095,-0.9583513,-0.934186,0.35397446,0.044706672,0.3517154,0.8925985,0.28207117
1356341235988,0.05614701,0.22677693,-0.972327,-0.9311675,0.36327502,0.030956805,0.36024246,0.9036612,0.2315641
1356341236028,0.03702408,0.1780355,-0.98332727,-0.92775714,0.37177706,0.032380044,0.37134326,0.9110901,0.17893845
1356341236068,0.006051123,0.13782331,-0.99043834,-0.92239594,0.3832888,0.047700703,0.38619825,0.9132877,0.12944698
1356341236108,-0.033636957,0.11095628,-0.99325585,-0.91364574,0.3994271,0.07556078,0.40511724,0.9100257,0.0879392
1356341236148,-0.07875827,0.099840015,-0.9918817,-0.899879,0.42102286,0.11383191,0.4289699,0.9015386,0.05668485
1356341236188,-0.1283207,0.1055032,-0.9861049,-0.88039917,0.44561738,0.1622419,0.45654255,0.8889849,0.035703003
1356341236228,-0.18096915,0.12595695,-0.9753897,-0.8567208,0.46686515,0.21924049,0.4829903,0.8753124,0.023421764
1356341236268,-0.23573437,0.1563338,-0.95916057,-0.83283085,0.47613475,0.2822914,0.50082135,0.8653643,0.017958283
1356341236308,-0.29197335,0.18969747,-0.9374254,-0.81267524,0.4675858,0.347739,0.504292,0.863353,0.017639875
1356341236348,-0.3463268,0.21900266,-0.9121927,-0.7978131,0.44277182,0.4092033,0.49350986,0.8694774,0.02137947
1356341236388,-0.39424556,0.24012825,-0.8870789,-0.7875527,0.40919656,0.46078074,0.47363606,0.88028216,0.027789712
1356341236428,-0.43053538,0.2517369,-0.86675704,-0.78177166,0.3759287,0.49750444,0.45107913,0.89179933,0.034950137
1356341236468,-0.45021367,0.2537106,-0.8561183,-0.7828717,0.34896123,0.5151096,0.42944086,0.9021402,0.041515708
1356341236508,-0.44792414,0.24611765,-0.8595289,-0.79469997,0.33088744,0.50888634,0.40965328,0.91101015,0.04737723
1356341236575,-0.41979206,0.23110908,-0.8777034,-0.81915134,0.31996673,0.47603828,0.39085266,0.918809,0.05499381
1356341236591,-0.36146438,0.2174651,-0.90667105,-0.8546751,0.31137943,0.41541946,0.37265792,0.9250685,0.07330942
1356341236626,-0.26420635,0.20982012,-0.9413662,-0.8958559,0.3081646,0.32011986,0.3572633,0.9279063,0.10654956
1356341236668,-0.14410311,0.22556236,-0.9635123,-0.9269122,0.31017774,0.21124312,0.34650853,0.923532,0.16437888
1356341236708,0.0013944507,0.25063375,-0.968081,-0.94091296,0.32816607,0.083606035,0.33864582,0.91076326,0.23628211
1356341236748,0.15262341,0.26339865,-0.9525372,-0.9310049,0.36168092,-0.049160153,0.33156574,0.8943198,0.30042645
1356341236788,0.28617603,0.2501966,-0.9249351,-0.90085256,0.39913177,-0.17075896,0.3264477,0.88209724,0.33961216
1356341236828,0.38862038,0.21263757,-0.89652634,-0.8619081,0.42785054,-0.27213696,0.32571277,0.87848127,0.34954542
1356341236868,0.45658964,0.16033092,-0.87511134,-0.82638633,0.44079405,-0.35040855,0.32956254,0.883173,0.3337573
1356341236927,0.49290222,0.10522631,-0.86369836,-0.8027146,0.4379912,-0.40473807,0.33570316,0.8927996,0.30035353
1356341236948,0.500651,0.05544862,-0.86387146,-0.7949836,0.42436802,-0.4334889,0.34256312,0.9037904,0.25654104
1356341236988,0.48105776,0.014610976,-0.8765671,-0.80353415,0.40719992,-0.4341901,0.35059413,0.91322213,0.20762712
1356341237026,0.43429396,-0.014733613,-0.9006506,-0.8252616,0.3942229,-0.4043903,0.36101517,0.9188967,0.15904957
1356341237068,0.36237746,-0.031309545,-0.9315054,-0.853235,0.39104384,-0.3450721,0.37506348,0.9198393,0.11499107
1356341237108,0.2695741,-0.03347549,-0.9623977,-0.8788389,0.39999938,-0.26008207,0.39366487,0.91590387,0.07840985
1356341237148,0.1644677,-0.021054447,-0.9861577,-0.8936462,0.42003614,-0.15800673,0.4175486,0.9072631,0.05026716
1356341237188,0.056984752,0.0052911937,-0.998361,-0.8935064,0.44640908,-0.048633844,0.44542003,0.8948133,0.030166268
1356341237228,-0.04718268,0.044476867,-0.99789554,-0.88116276,0.46865702,0.06255171,0.47045285,0.88225985,0.017078876
1356341237268,-0.14498827,0.09171978,-0.985173,-0.86269546,0.47584143,0.17126414,0.48449445,0.8747356,0.010134816
1356341237308,-0.2370143,0.14053729,-0.96128744,-0.842564,0.4628557,0.27541003,0.48364276,0.8752222,0.008708239
1356341237348,-0.32285786,0.18461919,-0.92826647,-0.8211131,0.43311673,0.37172997,0.47067624,0.88222766,0.011758029
1356341237388,-0.39884937,0.21943119,-0.89037585,-0.7983483,0.39462084,0.45487848,0.45117536,0.89225805,0.017788231
1356341237428,-0.45941442,0.2430889,-0.85431033,-0.7767461,0.35656285,0.5191613,0.43081766,0.9020924,0.025008261
1356341237468,-0.49853754,0.2553131,-0.8284175,-0.76277417,0.32484877,0.5591501,0.41186875,0.91065276,0.03279698
1356341237508,-0.5129601,0.2575809,-0.8188554,-0.76236665,0.30174625,0.57249135,0.39454946,0.91793317,0.041587234
1356341237569,-0.5017087,0.25684968,-0.8260247,-0.7784556,0.28234965,0.56061196,0.3772208,0.9242873,0.058288693
1356341237599,-0.45451117,0.25806665,-0.85253805,-0.81379926,0.2688238,0.51523244,0.3621468,0.92797375,0.08783108
1356341237640,-0.3885054,0.28070477,-0.8776494,-0.85169816,0.25411928,0.4582944,0.35167304,0.9255421,0.14034897
1356341237679,-0.307339,0.3256462,-0.8941461,-0.88647723,0.24364728,0.39343885,0.3459781,0.9135593,0.21379566
1356341237718,-0.22213107,0.37943023,-0.8981595,-0.91284543,0.2427445,0.32831132,0.34259453,0.8928089,0.29244006
1356341237758,-0.14964646,0.42133006,-0.89447576,-0.92889404,0.25004935,0.2731869,0.33876497,0.87175465,0.353952
1356341237799,-0.10463232,0.440516,-0.8916265,-0.936432,0.25825644,0.23748416,0.3348839,0.8597961,0.38549128
1356341237838,-0.09354514,0.44042575,-0.89290226,-0.9380479,0.26154923,0.22728452,0.33363983,0.8588464,0.38867372
1356341237878,-0.114828944,0.4243659,-0.89818025,-0.93444014,0.2606784,0.24262816,0.33709928,0.86715645,0.36661112
1356341237918,-0.16479671,0.39921835,-0.9019239,-0.92401683,0.2573756,0.28275555,0.34501436,0.87999004,0.3264699
1356341237958,-0.23454899,0.37023067,-0.89884144,-0.9043391,0.25607657,0.34146088,0.35659152,0.8929468,0.2747516
1356341237998,-0.31396133,0.34263954,-0.8854526,-0.8737502,0.2606125,0.41065997,0.3714683,0.9025958,0.21755916
1356341238038,-0.39385372,0.32213265,-0.8608773,-0.8326717,0.2716087,0.48258317,0.38927758,0.9068954,0.16125661
1356341238078,-0.46828252,0.31359655,-0.8260561,-0.7830518,0.28579992,0.5524024,0.40931824,0.9055251,0.11172724
1356341238118,-0.5349922,0.31974524,-0.78201437,-0.7267125,0.29792714,0.6189736,0.43089724,0.89944565,0.072974086
1356341238158,-0.593728,0.34041435,-0.7291125,-0.6647082,0.30316615,0.68282735,0.45348644,0.8900609,0.04627806
1356341238198,-0.64511085,0.37171787,-0.667576,-0.5983684,0.29755872,0.74391806,0.47517067,0.87936604,0.0304659
1356341238238,-0.6903299,0.40527534,-0.59933,-0.5311033,0.278656,0.8001751,0.49129814,0.87069094,0.022878528
1356341238278,-0.7308693,0.43084967,-0.52933776,-0.46850407,0.24728245,0.8481481,0.49632025,0.8678824,0.021123707
1356341238318,-0.76773363,0.44244847,-0.4634916,-0.4145799,0.20854706,0.88579434,0.48857817,0.8722084,0.023321629
1356341238358,-0.7990246,0.4404715,-0.40932187,-0.37308106,0.17069215,0.911962,0.47156128,0.8813904,0.027944386
1356341238398,-0.8223754,0.42933553,-0.3733225,-0.34734565,0.14082205,0.9271031,0.45061034,0.8920987,0.033319235
1356341238438,-0.8360549,0.41384482,-0.36020073,-0.34059137,0.12321305,0.932103,0.43012747,0.90197057,0.03793907
1356341238478,-0.8396481,0.39634454,-0.37135184,-0.35450602,0.1180653,0.9275701,0.41148108,0.91047883,0.041373193
1356341238518,-0.83249205,0.37728107,-0.405729,-0.3893208,0.122673154,0.9128968,0.39419073,0.91793805,0.044758856
1356341238562,-0.8127798,0.3580723,-0.45953587,-0.4435089,0.13114673,0.886623,0.37774178,0.9244375,0.05221492
1356341238599,-0.7776216,0.34500402,-0.5256205,-0.51310635,0.13490647,0.8476569,0.36335465,0.9288555,0.07211751
1356341238640,-0.72535574,0.34882843,-0.5934458,-0.5907557,0.12709934,0.79677695,0.353365,0.92852813,0.1138801
