1356340695844,0.62764865,0.7563132,0.18451959,0.1628221,0.104246624,-0.98113286,-0.7612793,0.64585066,-0.057714254
1356340695894,0.32344395,0.45540297,0.82945293,0.5620141,0.61275405,-0.5555831,-0.76126486,0.64586425,-0.057751298
1356340695940,0.32341015,0.45548365,0.8294218,0.5621436,0.6126093,-0.5556117,-0.76118356,0.6459446,-0.05792314
1356340695993,0.32341793,0.45548272,0.8294193,0.56237817,0.61240643,-0.55559796,-0.761007,0.64613765,-0.05809033
1356340696044,0.32367957,0.45496577,0.82960093,0.5624941,0.6125053,-0.55537164,-0.76081,0.6464081,-0.057660103
1356340696084,0.32433265,0.45367944,0.8300502,0.5622953,0.6131634,-0.5548464,-0.7606788,0.6466881,-0.05623293
1356340696140,0.3254877,0.45134,0.830873,0.5616704,0.6146009,-0.5538882,-0.7606472,0.6469606,-0.053459287
1356340696176,0.32689902,0.44856226,0.83182263,0.5608249,0.61636984,-0.5527781,-0.7606658,0.6472094,-0.05007416
1356340696217,0.3280982,0.44636747,0.83253086,0.5601261,0.61774397,-0.5519521,-0.76066434,0.64741683,-0.047341406
1356340696260,0.32890025,0.44502297,0.832934,0.55968964,0.6185539,-0.5514875,-0.7606392,0.6475689,-0.045632243
1356340696314,0.3292598,0.44461507,0.83300984,0.55951244,0.6187722,-0.55142254,-0.76061416,0.64764065,-0.045030832
1356340696365,0.32952046,0.44440728,0.8330177,0.5594272,0.6188354,-0.5514381,-0.76056397,0.64772284,-0.044694602
1356340696409,0.3298651,0.44413647,0.83302563,0.55942,0.6188264,-0.55145544,-0.7604198,0.6479172,-0.044329643
1356340696454,0.33022526,0.44405133,0.83292836,0.55974203,0.6184049,-0.55160147,-0.7600264,0.6483777,-0.044341266
1356340696496,0.3305336,0.4445973,0.8325147,0.5601683,0.6175047,-0.55217695,-0.75957817,0.6488614,-0.044943273
1356340696542,0.3305693,0.44570756,0.83190674,0.5607432,0.61625594,-0.552988,-0.7591384,0.6492869,-0.046212137
1356340696571,0.3303478,0.44695786,0.8313237,0.5613222,0.61505467,-0.5537374,-0.75880677,0.6495663,-0.047705352
1356340696610,0.32981277,0.44812155,0.8309095,0.561697,0.6142634,-0.5542354,-0.7587621,0.6495133,-0.04911661
1356340696660,0.32886696,0.44904977,0.8307832,0.5605615,0.61515325,-0.554398,-0.7600114,0.6480283,-0.049416482
1356340696698,0.3274203,0.44904038,0.83135945,0.55749905,0.61857796,-0.553675,-0.7628831,0.6447666,-0.047804654
1356340696781,0.3259198,0.44828972,0.83235365,0.55088973,0.6254532,-0.5525657,-0.76830775,0.6386272,-0.04311061
1356340696783,0.32436696,0.44646475,0.83393955,0.54076403,0.63582075,-0.5507323,-0.77611864,0.6296039,-0.035192847
1356340696817,0.3225248,0.4434817,0.8362426,0.52996963,0.64739627,-0.5477319,-0.7842894,0.61984026,-0.026230514
1356340696856,0.3204205,0.43958604,0.83910364,0.51901865,0.65954334,-0.5437115,-0.7924332,0.6097267,-0.01682216
1356340696903,0.31746235,0.43479243,0.8427177,0.50808054,0.67237115,-0.538304,-0.8006696,0.5990597,-0.0074570775
1356340696952,0.31265464,0.42917156,0.8473835,0.49814117,0.6855031,-0.530981,-0.808766,0.5881303,5.376935E-4
1356340696991,0.30601543,0.42248094,0.85314965,0.4909051,0.6977924,-0.52163005,-0.81570005,0.57844234,0.0061371922
1356340697034,0.2987868,0.41653666,0.85861737,0.4858789,0.70797527,-0.51253563,-0.8213697,0.57032293,0.009147286
1356340697085,0.2910914,0.41141567,0.8637146,0.48335698,0.7158629,-0.5038912,-0.8256099,0.56416094,0.009520888
1356340697121,0.28356987,0.4071342,0.86823374,0.48233548,0.72197795,-0.49608496,-0.82881874,0.5594547,0.008355916
1356340697160,0.27706718,0.4058069,0.87095034,0.48065454,0.72633606,-0.49133202,-0.8319886,0.5547582,0.0061909556
1356340697196,0.27212134,0.40804127,0.87146556,0.4765999,0.7296035,-0.49043974,-0.83594406,0.5487996,0.0040682554
1356340697236,0.2694612,0.41313484,0.8698909,0.46999535,0.73200005,-0.4932345,-0.84053254,0.5417522,0.0030741692
1356340697276,0.26989323,0.41937608,0.8667649,0.46301854,0.73274004,-0.49870414,-0.84425795,0.5359251,0.0035826564
1356340697319,0.27387223,0.42447206,0.86302805,0.45941696,0.730602,-0.50513035,-0.84494376,0.53483087,0.0050819516
1356340697362,0.2810355,0.4274519,0.8592461,0.46130717,0.72494304,-0.5115205,-0.84155494,0.5401318,0.0065481067
1356340697403,0.2903149,0.42648685,0.8566365,0.47003764,0.7162028,-0.5158664,-0.8335357,0.55241513,0.0074594617
1356340697449,0.30024758,0.4220151,0.85542667,0.48465797,0.70491976,-0.51787525,-0.82155836,0.5700801,0.0071174502
1356340697491,0.30755177,0.41731855,0.85513574,0.5002654,0.6935504,-0.51838434,-0.8094111,0.58722484,0.004532635
1356340697536,0.30991614,0.41395175,0.85591817,0.51652765,0.6824957,-0.5171061,-0.79821754,0.60236496,-0.002301097
1356340697570,0.30569926,0.4128206,0.8579785,0.5338885,0.6718007,-0.51346564,-0.7883597,0.615031,-0.0150312185
1356340697609,0.29247198,0.42066044,0.85878104,0.55320245,0.6580964,-0.51076037,-0.78001744,0.6244629,-0.04023564
1356340697650,0.266085,0.44103134,0.85714066,0.57513845,0.6409468,-0.50833356,-0.77357256,0.6282345,-0.08310777
1356340697690,0.22314954,0.4837095,0.84630334,0.60001487,0.61607313,-0.5103293,-0.7682359,0.62167436,-0.15275645
1356340697733,0.16680697,0.5390868,0.82556695,0.62855077,0.5869697,-0.5102847,-0.75967056,0.60402983,-0.24093276
1356340697774,0.10553256,0.6008625,0.7923555,0.66035163,0.55340976,-0.5076153,-0.74350435,0.5768032,-0.33837783
1356340697807,0.052506328,0.6463604,0.76122355,0.69003284,0.5275413,-0.49553493,-0.721871,0.55128795,-0.41831064
1356340697850,0.016952157,0.66610956,0.74566126,0.71106887,0.51625764,-0.47734588,-0.70291793,0.53830856,-0.4648981
1356340697888,-0.002263844,0.66215533,0.74936324,0.7203886,0.52081615,-0.4580294,-0.6935671,0.53879577,-0.47818816
1356340697928,-0.008510053,0.6342674,0.7730669,0.7178251,0.5421009,-0.43686798,-0.6961714,0.5512091,-0.4599064
1356340697968,-0.0064136386,0.5851993,0.8108642,0.70654374,0.57647574,-0.41045308,-0.7076404,0.5702785,-0.41716617
1356340698009,7.9771876E-4,0.51904476,0.8547467,0.69026434,0.6181724,-0.3760293,-0.7235569,0.59030116,-0.357785
1356340698050,0.0125511885,0.4424575,0.8967017,0.6716873,0.66058636,-0.3353533,-0.7407285,0.6065122,-0.28890193
1356340698108,0.030308306,0.36644018,0.9299479,0.6526556,0.6974076,-0.2960801,-0.7570483,0.61590934,-0.21802193
1356340698129,0.055600792,0.3031744,0.95131165,0.63385665,0.7254468,-0.26824003,-0.7714495,0.61790955,-0.15183371
1356340698170,0.08814657,0.26107818,0.96128476,0.6142066,0.7455037,-0.25879425,-0.78420687,0.6132393,-0.09464234
1356340698206,0.12564757,0.2438953,0.9616276,0.59166604,0.7596355,-0.26997238,-0.7963315,0.60288376,-0.048858225
1356340698250,0.16318578,0.24883074,0.9547008,0.56334376,0.7709112,-0.29721993,-0.809947,0.58632684,-0.014375508
1356340698288,0.19818544,0.27093646,0.94197446,0.53050244,0.7784564,-0.3355187,-0.8241903,0.5662146,0.010546267
1356340698335,0.22694072,0.30181295,0.9259627,0.49648845,0.7820934,-0.376602,-0.8378527,0.5451961,0.02764219
1356340698379,0.25246018,0.33466807,0.9078883,0.4720222,0.77646923,-0.41748118,-0.84466493,0.53394085,0.03805679
1356340698419,0.27445033,0.35970712,0.89178914,0.46353132,0.7630521,-0.4504334,-0.84250563,0.53699374,0.042684376
1356340698458,0.29355112,0.3730379,0.88015366,0.47092333,0.74481404,-0.4727401,-0.83190084,0.55325824,0.04296875
1356340698498,0.30976662,0.37541685,0.87355983,0.488659,0.7252708,-0.48496863,-0.8156328,0.5771,0.04121387
1356340698539,0.32201055,0.36928278,0.871745,0.5115613,0.70692587,-0.48842686,-0.7966268,0.6032296,0.038726807
1356340698579,0.3283569,0.35826087,0.8739742,0.5359789,0.6912154,-0.48471427,-0.7777586,0.627591,0.03494507
1356340698620,0.32744205,0.34670237,0.8789648,0.5618084,0.67650974,-0.47613642,-0.7597059,0.64971685,0.026737452
1356340698660,0.3168885,0.33744684,0.88640356,0.5888096,0.6626782,-0.46277526,-0.74356234,0.6685711,0.011303186
1356340698700,0.29574198,0.34248877,0.89176124,0.61572134,0.64538807,-0.45206356,-0.7303588,0.6827706,-0.02000928
1356340698741,0.2611532,0.36562842,0.8933727,0.6415407,0.62578064,-0.4436486,-0.72126585,0.6889952,-0.071140885
1356340698781,0.2128501,0.41775087,0.8832774,0.6640609,0.601275,-0.4444001,-0.7167412,0.6811406,-0.14943057
1356340698819,0.15369475,0.4826187,0.86223954,0.68509746,0.57676685,-0.444951,-0.7120529,0.65910476,-0.24199486
1356340698858,0.09323561,0.54005903,0.8364468,0.7036124,0.5586547,-0.43912917,-0.70444065,0.62947685,-0.3279057
1356340698899,0.04079163,0.569854,0.8207329,0.7161124,0.5561593,-0.4217462,-0.69679195,0.6049407,-0.38539284
1356340698939,7.4428227E-4,0.5678444,0.8231356,0.72002864,0.570906,-0.39449346,-0.693944,0.59297484,-0.40843928
1356340698980,-0.02477318,0.53741986,0.8429508,0.7154195,0.59848744,-0.360538,-0.6982558,0.5941318,-0.39930713
1356340699018,-0.036508948,0.4860533,0.87316626,0.70563143,0.6312486,-0.3218844,-0.70763785,0.6043819,-0.36602068
1356340699060,-0.035218954,0.42166308,0.9060684,0.69418776,0.66253227,-0.28134394,-0.71893185,0.6190729,-0.316047
1356340699099,-0.021928433,0.35150057,0.9359308,0.682584,0.68926966,-0.24287124,-0.7304781,0.6335256,-0.25504327
1356340699139,0.0011336803,0.28497776,0.95853347,0.6708051,0.71066403,-0.21207806,-0.74163276,0.6432296,-0.19035888
1356340699180,0.031582892,0.22694443,0.97339547,0.6569501,0.72925043,-0.19133818,-0.7532722,0.6455153,-0.12605935
1356340699219,0.067117184,0.18700773,0.98006296,0.64108914,0.74459124,-0.1859803,-0.764526,0.64079016,-0.069913745
1356340699260,0.10321629,0.16617203,0.9806799,0.62114185,0.7592979,-0.19403476,-0.7768714,0.6291689,-0.024844468
1356340699298,0.13975272,0.1679425,0.9758404,0.59725773,0.7717543,-0.21835409,-0.78977996,0.61334383,0.0075498223
1356340699339,0.17301089,0.18851915,0.9667098,0.56937313,0.78174233,-0.25434846,-0.8036675,0.59442365,0.0279122
1356340699389,0.20325658,0.22604167,0.9526762,0.5395555,0.7860671,-0.3016262,-0.8170475,0.5753291,0.03781128
1356340699428,0.23433793,0.27229363,0.9332426,0.5151561,0.7793265,-0.35674128,-0.8244391,0.5643636,0.04235202
1356340699469,0.26100653,0.31109464,0.91383576,0.5037464,0.7636428,-0.4038432,-0.8234775,0.5657472,0.042602956
1356340699508,0.28400597,0.33893976,0.89691716,0.5036934,0.74322414,-0.44035298,-0.81586367,0.57683414,0.040358365
1356340699550,0.30305335,0.3535428,0.8849668,0.51360255,0.7216342,-0.4641729,-0.8027273,0.59519035,0.03711319
1356340699588,0.31660312,0.357082,0.87878025,0.52771616,0.7035247,-0.47599223,-0.78821194,0.61444724,0.03430015
1356340699629,0.32402733,0.35237452,0.87797415,0.5453901,0.6887294,-0.47770435,-0.7730174,0.6336277,0.030985534
1356340699668,0.3233186,0.34221905,0.88224214,0.5666158,0.6766955,-0.47013795,-0.75789946,0.6518967,0.024881542
1356340699709,0.313612,0.3320883,0.88958687,0.5918665,0.66422665,-0.45661458,-0.7425237,0.6697165,0.011757493
1356340699775,0.29283035,0.32700646,0.89850837,0.6202605,0.6501913,-0.43878043,-0.72768635,0.68579745,-0.01243341
1356340699792,0.25921786,0.34077018,0.9037044,0.6486604,0.63182324,-0.42430997,-0.71557367,0.69618607,-0.05726427
1356340699830,0.20932275,0.37590325,0.90270746,0.67388797,0.6134787,-0.4117267,-0.7085613,0.6945075,-0.12490165
1356340699869,0.14388883,0.43116188,0.8907274,0.69243944,0.5991751,-0.40189147,-0.706982,0.6746025,-0.21233892
1356340699910,0.06935161,0.48690835,0.8706954,0.70384616,0.59463847,-0.38859433,-0.70695883,0.63978535,-0.3014695
1356340699950,-0.0012270221,0.520966,0.85357654,0.7085871,0.6027565,-0.36686364,-0.7056223,0.60438323,-0.36988938
1356340699991,-0.057081938,0.5254362,0.84891605,0.7067798,0.62181807,-0.33734947,-0.705127,0.58074015,-0.40686226
1356340700030,-0.09337908,0.50274795,0.85937464,0.69950587,0.6473505,-0.30270255,-0.70849967,0.57287157,-0.41212416
1356340700071,-0.11066604,0.46259806,0.8796341,0.69037914,0.6724585,-0.26678872,-0.71493334,0.5777566,-0.3937863
1356340700110,-0.11000675,0.41153327,0.9047314,0.682966,0.6926244,-0.23201047,-0.7221191,0.592378,-0.35725665
1356340700151,-0.09449893,0.35687166,0.9293614,0.67885786,0.7059247,-0.2020454,-0.7281634,0.6118112,-0.30897427
1356340700191,-0.06693137,0.30167168,0.9510596,0.6766864,0.7142013,-0.1789191,-0.7332227,0.6315938,-0.2519396
1356340700230,-0.03172985,0.25273538,0.967015,0.6742167,0.71964484,-0.16596118,-0.73785174,0.6467117,-0.19323266
1356340700272,0.00809896,0.20981382,0.9777078,0.6682841,0.72619176,-0.16137488,-0.743862,0.6546936,-0.13433385
1356340700311,0.05009553,0.17975548,0.9824349,0.6582049,0.73389053,-0.16784209,-0.7511702,0.65505165,-0.08155131
1356340700352,0.08987713,0.16204076,0.9826825,0.6410276,0.74572533,-0.18159641,-0.76223725,0.64624804,-0.036848962
1356340700390,0.12696958,0.15928861,0.97903305,0.61516297,0.76163113,-0.20369704,-0.77810866,0.6281283,-0.0012844801
1356340700430,0.16055349,0.16993105,0.972289,0.58201504,0.77928925,-0.23230745,-0.7971706,0.60318464,0.026215136
1356340700477,0.1909276,0.19041073,0.96295923,0.5471404,0.7938343,-0.2654513,-0.81497484,0.5775559,0.047383487
1356340700511,0.21933156,0.21679315,0.9512594,0.5195898,0.7992794,-0.30195838,-0.82578456,0.56049365,0.062663674
1356340700550,0.24576747,0.24293701,0.9383922,0.5062952,0.79336435,-0.33799136,-0.8265975,0.5581708,0.071985304
1356340700591,0.2709382,0.26517045,0.92535245,0.5072208,0.7776965,-0.37136942,-0.8181195,0.56997615,0.0762077
1356340700631,0.29417244,0.28056878,0.9136432,0.5186061,0.7561141,-0.39917302,-0.80281407,0.5912466,0.07692325
1356340700670,0.31354547,0.29002088,0.9041997,0.53297454,0.7343307,-0.42035294,-0.7858927,0.6137152,0.07567233
1356340700712,0.32702947,0.29511648,0.8977517,0.5489578,0.713941,-0.43466493,-0.76921844,0.634976,0.07147324
1356340700779,0.33231488,0.29756868,0.89499706,0.56568897,0.69641733,-0.4415868,-0.7546938,0.6530358,0.06309855
1356340700793,0.3282779,0.30236107,0.8948808,0.58395183,0.679691,-0.44386992,-0.7424513,0.6682799,0.046563268
1356340700830,0.3119625,0.31409475,0.89667386,0.6049142,0.6621002,-0.44238245,-0.73263794,0.6804174,0.016550064
1356340700871,0.28001487,0.3418225,0.8970781,0.62847245,0.64110684,-0.44045934,-0.72568184,0.687124,-0.035306573
1356340700929,0.22855204,0.39263904,0.8908415,0.6548166,0.615134,-0.43911886,-0.7204021,0.68369937,-0.11651641
1356340700949,0.15888831,0.45841393,0.8744205,0.68396944,0.5876014,-0.4323314,-0.7119975,0.66676927,-0.22017813
1356340700988,0.08169398,0.5180664,0.85143024,0.7122854,0.56718796,-0.4134578,-0.69711953,0.64023834,-0.3226753
1356340701026,0.011797787,0.5506711,0.8346389,0.7327807,0.56317484,-0.38192475,-0.6803625,0.6161131,-0.39687693
1356340701069,-0.04168707,0.5507267,0.83364403,0.74089617,0.5768241,-0.34401578,-0.6703247,0.6033026,-0.4320774
1356340701110,-0.076081544,0.52058876,0.8504111,0.7367108,0.6040791,-0.30388445,-0.6719144,0.603387,-0.42948258
1356340701148,-0.09665972,0.47056118,0.8770571,0.72567034,0.6364208,-0.2614788,-0.6812191,0.6111798,-0.40298855
1356340701189,-0.103453875,0.40162927,0.9099402,0.7107132,0.6698663,-0.2148623,-0.69583327,0.6244782,-0.35474348
1356340701228,-0.10233998,0.32095513,0.9415488,0.6954036,0.69989073,-0.16299309,-0.7112948,0.6380758,-0.2948202
1356340701269,-0.09492623,0.23149449,0.9681938,0.68059003,0.72486985,-0.10658765,-0.726489,0.6488251,-0.22636199
1356340701308,-0.08448226,0.14317378,0.9860852,0.66771495,0.74269336,-0.050628603,-0.7396076,0.6541467,-0.15834367
1356340701348,-0.07137805,0.06451592,0.9953606,0.6565988,0.7542379,-0.001801908,-0.75085497,0.65342396,-0.09619707
1356340701388,-0.054388374,0.0047685504,0.99850845,0.64594024,0.7627361,0.031541556,-0.761448,0.6466923,-0.044564128
1356340701428,-0.032038808,-0.03053096,0.9990203,0.6330216,0.7728872,0.043921232,-0.77347094,0.63380855,-0.0054356456
1356340701468,-0.0034978986,-0.040161967,0.9991871,0.61551064,0.7874033,0.03380412,-0.78812087,0.6151285,0.021965861
1356340701508,0.031015597,-0.025704205,0.99918836,0.59487927,0.803812,0.002212584,-0.8032165,0.5943278,0.04022163
1356340701553,0.06883484,0.0088863075,0.99758846,0.5764661,0.81576574,-0.047043532,-0.81421655,0.5783142,0.051030457
1356340701602,0.10903284,0.060132712,0.99221766,0.5698811,0.81406426,-0.11195895,-0.81446135,0.5776533,0.054491222
1356340701644,0.15017626,0.11680725,0.98173475,0.5765432,0.7963232,-0.18294087,-0.80314696,0.59348595,0.052244425
1356340701688,0.18707585,0.16313577,0.96870494,0.59248537,0.7678269,-0.24372713,-0.78355837,0.61953896,0.04698634
1356340701729,0.2160249,0.19393736,0.9569334,0.60918504,0.73914814,-0.28732157,-0.7630379,0.64501816,0.04153067
1356340701779,0.23515236,0.21175191,0.94861186,0.62616944,0.713452,-0.31448054,-0.7433809,0.66794264,0.03517735
1356340701801,0.24295405,0.21873574,0.94505453,0.64288396,0.6932543,-0.32572806,-0.72641146,0.68669736,0.027807236
1356340701840,0.24308193,0.22797166,0.94283617,0.65961814,0.67381305,-0.3329863,-0.7112068,0.7028548,0.013417542
1356340701881,0.22879717,0.23905708,0.9436649,0.67846096,0.6560036,-0.33068115,-0.69809926,0.7158987,-0.012099147
1356340701920,0.20113987,0.26658797,0.94258875,0.69685316,0.6373263,-0.3289541,-0.6884318,0.72301173,-0.057580948
1356340701962,0.15872675,0.31767473,0.93482006,0.7131733,0.6178836,-0.3310644,-0.68278074,0.7192375,-0.12848246
1356340702001,0.10270813,0.39099318,0.91464496,0.7266113,0.5984782,-0.33743122,-0.6793283,0.6992483,-0.22263151
1356340702040,0.037329555,0.45760864,0.88836974,0.73777944,0.5869841,-0.33336335,-0.6740089,0.6678652,-0.31570238
1356340702081,-0.028318346,0.4971858,0.86718184,0.74387133,0.5899834,-0.3139666,-0.66772264,0.63618076,-0.3865496
1356340702121,-0.08983016,0.49839926,0.86228114,0.742466,0.61057925,-0.27556723,-0.66383344,0.61546016,-0.4248929
1356340702161,-0.14030415,0.4642831,0.8745033,0.73285615,0.64259803,-0.22358368,-0.6657602,0.60951537,-0.43041188
1356340702200,-0.17495209,0.40405315,0.89784896,0.7184724,0.6759028,-0.16417281,-0.6731931,0.6163574,-0.4085517
1356340702241,-0.18973917,0.3315941,0.9241452,0.705035,0.70108384,-0.10680416,-0.68331885,0.6312897,-0.36680853
1356340702281,-0.18296412,0.25638974,0.9490987,0.69591767,0.71567917,-0.05917704,-0.6944226,0.6496673,-0.30936974
1356340702320,-0.1555998,0.19139674,0.9691006,0.6917772,0.72142756,-0.031409025,-0.7051475,0.6655145,-0.24465787
1356340702362,-0.112607576,0.1366471,0.9841987,0.68902403,0.7244122,-0.021743089,-0.71593666,0.67568815,-0.17572749
1356340702400,-0.056236744,0.10318515,0.9930711,0.685765,0.7268974,-0.03669402,-0.7256471,0.67894983,-0.11163908
1356340702441,0.0050148964,0.088894516,0.9960284,0.6776458,0.73216707,-0.06875706,-0.73537135,0.67529935,-0.05656725
1356340702480,0.06987864,0.09912437,0.99261844,0.66188604,0.7398592,-0.12047914,-0.7463403,0.6654192,-0.013908684
1356340702525,0.1349769,0.13392091,0.98175675,0.6359377,0.74811745,-0.18948223,-0.75984496,0.6499119,0.015813231
1356340702560,0.19965911,0.1907456,0.9611204,0.60088927,0.7509539,-0.27386189,-0.7739951,0.63220596,0.03531778
1356340702602,0.2596858,0.2597037,0.9301168,0.56096345,0.7434255,-0.36419576,-0.78605556,0.616338,0.04737276
1356340702643,0.315748,0.33245152,0.88869524,0.52320814,0.7203438,-0.45536578,-0.79155326,0.60875344,0.05350578
1356340702687,0.36740506,0.39809728,0.8405546,0.4924289,0.6834308,-0.5389213,-0.78900397,0.61191577,0.05506134
1356340702731,0.4120951,0.4400413,0.7978354,0.4802341,0.639243,-0.6006195,-0.774308,0.6306601,0.052106082
1356340702778,0.4509058,0.46742412,0.7603938,0.47198048,0.598202,-0.6476023,-0.757574,0.6508987,0.049117684
1356340702813,0.4780678,0.4779116,0.7369205,0.47135133,0.56836385,-0.6743816,-0.7411337,0.66974854,0.046452165
1356340702850,0.49165446,0.47546956,0.72952354,0.48035398,0.55068916,-0.682643,-0.7263167,0.68605405,0.04235506
1356340702891,0.49060547,0.4643893,0.73732555,0.50052845,0.54245293,-0.6746971,-0.7132865,0.70006245,0.033690333
1356340702930,0.4743193,0.45118108,0.75594765,0.53128487,0.5379894,-0.65444916,-0.70196694,0.71204144,0.015473068
1356340702971,0.44325766,0.44811884,0.7763454,0.56849813,0.52908546,-0.6299829,-0.6930603,0.72059566,-0.020233572
1356340703010,0.3985609,0.46990797,0.78761387,0.60674757,0.50888634,-0.61064893,-0.68775475,0.7212636,-0.08229333
1356340703050,0.3408605,0.5186972,0.784071,0.6440776,0.47868913,-0.59667474,-0.6848199,0.7083854,-0.17091507
1356340703091,0.27182055,0.57831097,0.76920086,0.6808553,0.44931096,-0.57840794,-0.68011004,0.6809376,-0.27161413
1356340703130,0.19457525,0.61707705,0.7624673,0.71518177,0.44274265,-0.5408271,-0.6713088,0.65053433,-0.3551755
1356340703173,0.117041886,0.6196705,0.7760861,0.7392949,0.46743178,-0.48471698,-0.6631321,0.63048863,-0.40341014
1356340703211,0.0404087,0.5848962,0.810101,0.7492672,0.5186422,-0.41183603,-0.6610338,0.62362385,-0.41728592
1356340703250,-0.025655776,0.519419,0.8541345,0.7448661,0.57977676,-0.33020207,-0.66672057,0.6277442,-0.40177226
1356340703291,-0.07600427,0.4259208,0.9015624,0.7302861,0.6394052,-0.24050593,-0.6789002,0.6401191,-0.3596416
1356340703330,-0.1082685,0.32327566,0.9400908,0.7135583,0.6837009,-0.15292984,-0.69217944,0.6542522,-0.3046993
1356340703372,-0.12331474,0.21864252,0.9679819,0.698162,0.71231496,-0.07195249,-0.70523983,0.66693544,-0.24048686
1356340703410,-0.1232335,0.1225017,0.9847877,0.6859715,0.7276134,-0.0046702325,-0.71711683,0.67496085,-0.17369902
1356340703450,-0.11122312,0.042717785,0.99287695,0.67696106,0.734689,0.04422447,-0.72756654,0.67705786,-0.11063266
1356340703490,-0.08975825,-0.01469928,0.9958551,0.6696974,0.7392061,0.071272105,-0.7371899,0.67331886,-0.0565058
1356340703531,-0.06027302,-0.04577282,0.9971319,0.6615139,0.74624884,0.074242294,-0.7475068,0.6640914,-0.01469934
1356340703570,-0.024401754,-0.050913095,0.9984049,0.64888096,0.7589313,0.054560393,-0.7604986,0.6491773,0.014517307
1356340703611,0.01750788,-0.031208992,0.99935955,0.6307414,0.7758812,0.013179958,-0.77579564,0.6301067,0.03326881
1356340703652,0.06444628,0.012043804,0.99784845,0.60962677,0.79117745,-0.04892218,-0.7900644,0.611468,0.043646216
1356340703691,0.117265224,0.07698497,0.9901122,0.5911138,0.79573363,-0.13188064,-0.79801834,0.600734,0.04780501
1356340703731,0.1697621,0.14978205,0.97403604,0.5810688,0.78307873,-0.22169057,-0.79595214,0.6036166,0.045903444
1356340703819,0.22168595,0.21948668,0.95009524,0.577139,0.75581926,-0.3092699,-0.7859809,0.61689776,0.040880203
1356340703820,0.26655248,0.2723578,0.92453825,0.57976377,0.7209854,-0.37954456,-0.7699505,0.6371823,0.03427726
1356340703845,0.30066314,0.30651575,0.9031333,0.58683014,0.68701696,-0.42853004,-0.75181913,0.65882903,0.02668798
1356340703891,0.3207901,0.32454216,0.8898124,0.59892386,0.65828437,-0.4560174,-0.73374647,0.6792158,0.01679504
1356340703940,0.32479334,0.33453307,0.8846451,0.619292,0.63172644,-0.46626076,-0.7148334,0.699292,-0.0019931197
1356340703979,0.30455163,0.33165613,0.89289,0.6487073,0.6141831,-0.44939736,-0.69744337,0.7160889,-0.028097272
1356340704020,0.27449784,0.34560266,0.8973348,0.6768615,0.5933928,-0.43559557,-0.683015,0.7269414,-0.071040094
1356340704058,0.23213679,0.38099092,0.89496285,0.7013609,0.57194924,-0.4254022,-0.67394775,0.7264434,-0.13444167
1356340704100,0.17975831,0.4471646,0.8762025,0.7177238,0.5495083,-0.42768365,-0.6727255,0.7057511,-0.22216195
1356340704138,0.116671205,0.51439726,0.8495783,0.7296618,0.53593445,-0.4246975,-0.67378145,0.6694548,-0.31280792
1356340704179,0.051289678,0.56149936,0.825886,0.7363014,0.5374401,-0.41111833,-0.67470694,0.62918717,-0.38586766
1356340704218,-0.012034775,0.5686196,0.82251257,0.73681533,0.56113124,-0.3771405,-0.67598695,0.60150105,-0.4257207
1356340704258,-0.06875926,0.5318786,0.84402454,0.7291877,0.6041785,-0.3213309,-0.6808505,0.59335786,-0.4293822
1356340704299,-0.11509439,0.4566191,0.88218606,0.71454,0.65499187,-0.24580108,-0.69006217,0.60206693,-0.40165854
1356340704338,-0.14733419,0.3559192,0.9228294,0.6979927,0.69846845,-0.15794916,-0.7007843,0.6208569,-0.3513373
1356340704379,-0.16417891,0.24574867,0.95532864,0.6847986,0.72546494,-0.06893179,-0.70999736,0.6428906,-0.28739434
1356340704418,-0.16817623,0.13858113,0.97596717,0.6764884,0.7363553,0.012013048,-0.7169938,0.66225076,-0.21758598
1356340704459,-0.16458042,0.04135418,0.98549634,0.6710251,0.73698175,0.08113715,-0.7229374,0.6746464,-0.14904243
1356340704499,-0.15875371,-0.044947743,0.9862946,0.6649297,0.73358035,0.14045784,-0.72983956,0.6781148,-0.086571515
1356340704548,-0.15317793,-0.12028295,0.98085093,0.65425676,0.73152536,0.19188207,-0.7405975,0.67112046,-0.03335762
1356340704590,-0.14521237,-0.17269178,0.97421306,0.64247346,0.73235244,0.22558342,-0.7524237,0.65866345,0.0046032667
1356340704629,-0.13384406,-0.20088339,0.9704286,0.6301701,0.7385033,0.23978847,-0.76483417,0.6436294,0.027746439
1356340704672,-0.11539428,-0.20178612,0.97260815,0.6175061,0.7523831,0.22935973,-0.7780556,0.6270582,0.037783444
1356340704710,-0.08464283,-0.17189603,0.98147213,0.60665846,0.7725061,0.18761615,-0.79044366,0.6112987,0.03889507
1356340704751,-0.039544106,-0.11089069,0.99304557,0.60003585,0.79204595,0.11233966,-0.79899514,0.6003053,0.035217643
1356340704792,0.018245883,-0.024117082,0.99954265,0.59853935,0.80104935,0.00840196,-0.8008856,0.5981122,0.029050887
1356340704829,0.08287996,0.07283318,0.99389446,0.6003264,0.7924117,-0.108129054,-0.795449,0.6056229,0.021951377
1356340704872,0.1440695,0.15826501,0.97682965,0.6033612,0.76836365,-0.21347734,-0.78434634,0.6201366,0.015206814
1356340704921,0.19349846,0.21955208,0.9562192,0.60960555,0.73675805,-0.29252124,-0.76872575,0.639519,0.008721411
1356340704963,0.2261939,0.25727153,0.9394934,0.6165203,0.70891005,-0.34256288,-0.754148,0.6567023,0.0017380118
1356340705014,0.24027523,0.27915353,0.9296995,0.6271573,0.6863804,-0.36817902,-0.74090594,0.6715321,-0.010152936
1356340705062,0.23161948,0.29183003,0.92800194,0.645257,0.66780376,-0.37105447,-0.7280081,0.6847432,-0.03362906
1356340705102,0.2041286,0.30559048,0.9300247,0.66883373,0.6501874,-0.36044115,-0.71483773,0.6956082,-0.07166743
1356340705141,0.17474362,0.34730333,0.9213279,0.6915446,0.6227868,-0.36592728,-0.70087856,0.70108277,-0.13134772
1356340705183,0.14706886,0.42341766,0.8939173,0.7132126,0.5807915,-0.39243978,-0.68534553,0.6952688,-0.2165705
1356340705220,0.11328027,0.50000226,0.85858333,0.73566663,0.5386087,-0.41072553,-0.6678041,0.6781582,-0.30682123
1356340705261,0.07391107,0.5561415,0.82779455,0.75514317,0.51096,-0.4107052,-0.65138006,0.65545905,-0.38220084
1356340705300,0.025970817,0.5716294,0.8201008,0.76642513,0.5153171,-0.38345906,-0.6418084,0.6385046,-0.42472792
1356340705342,-0.026926637,0.5452932,0.8378128,0.7659972,0.5497558,-0.33319193,-0.64227974,0.6327905,-0.4324962
1356340705394,-0.08190209,0.45938432,0.88445354,0.74957323,0.6132559,-0.24911262,-0.65683484,0.6425599,-0.39456916
1356340705432,-0.12517267,0.36104563,0.92410916,0.7303963,0.66390973,-0.16045293,-0.6714559,0.6548816,-0.34680974
1356340705474,-0.15577686,0.25332922,0.9547554,0.7115281,0.6992186,-0.069434464,-0.68517256,0.668519,-0.28917295
1356340705512,-0.17510477,0.15089929,0.9729172,0.6956573,0.7182412,0.013804644,-0.69670606,0.67923415,-0.23074162
1356340705553,-0.186762,0.05297181,0.98097605,0.68134725,0.7263447,0.09049553,-0.707733,0.6852864,-0.17174578
1356340705592,-0.19233099,-0.029260695,0.98089373,0.6698095,0.7265971,0.15300933,-0.7171917,0.68644047,-0.12014806
1356340705632,-0.19180714,-0.093726784,0.9769469,0.6599256,0.7244785,0.19907069,-0.72643524,0.6828954,-0.07710743
1356340705671,-0.18378802,-0.13726404,0.9733348,0.65104806,0.72487277,0.22515765,-0.73644996,0.675069,-0.043857455
1356340705712,-0.16776083,-0.15976886,0.97279507,0.6417163,0.7313941,0.23078741,-0.7483693,0.66297555,-0.020173013
1356340705752,-0.14357843,-0.16284704,0.97614866,0.6309896,0.7448058,0.21706314,-0.76238936,0.6471052,-0.0041832924
1356340705794,-0.11084269,-0.14733987,0.9828555,0.62086624,0.7619575,0.18424398,-0.7760406,0.6306439,0.0070209503
1356340705827,-0.06971574,-0.11311373,0.99113315,0.6155282,0.776987,0.1319701,-0.7850252,0.61927086,0.015456498
1356340705871,-0.024495348,-0.066492826,0.9974861,0.61727405,0.7838549,0.06741056,-0.7863667,0.6173736,0.021843493
1356340705923,0.025627725,-0.010991514,0.9996111,0.6284421,0.77781963,-0.007559061,-0.77743405,0.62839144,0.026841283
1356340705962,0.08250964,0.050593197,0.9953053,0.63757604,0.7649061,-0.09173593,-0.7659563,0.64215183,0.03085512
1356340706000,0.1320712,0.10073313,0.9861086,0.6435089,0.74797046,-0.16259308,-0.75395864,0.65604347,0.033962667
1356340706041,0.17008048,0.13780534,0.97574705,0.6477284,0.73058546,-0.21608524,-0.74264437,0.6687709,0.03499788
1356340706081,0.19378984,0.1635267,0.9673182,0.65323603,0.71413153,-0.2515926,-0.73193455,0.6806432,0.031569898
1356340706123,0.20153847,0.18115994,0.96258163,0.66242146,0.698709,-0.27019167,-0.72151244,0.69208866,0.020812511
1356340706163,0.1955454,0.20570289,0.9588787,0.67523956,0.6808326,-0.28375775,-0.71120566,0.7029604,-0.005765021
1356340706202,0.17304361,0.24314907,0.95442885,0.690642,0.66092116,-0.29359293,-0.702189,0.7099731,-0.053560793
1356340706243,0.13560876,0.30897403,0.94135296,0.7060931,0.63637006,-0.3105894,-0.6950128,0.7068014,-0.13186705
1356340706283,0.07823005,0.37836462,0.92234504,0.72300345,0.6154645,-0.31379864,-0.6864009,0.6914071,-0.22541106
1356340706325,0.0064933896,0.4332615,0.90124476,0.738595,0.60549307,-0.29640427,-0.67411804,0.66757965,-0.31607312
1356340706363,-0.07725632,0.4436626,0.89285773,0.74665475,0.6192082,-0.24307981,-0.6607103,0.647877,-0.37910056
1356340706401,-0.15886086,0.4094348,0.89840215,0.74150276,0.6502838,-0.16524121,-0.65187186,0.63991725,-0.40690166
1356340706440,-0.22996074,0.33755147,0.9127854,0.7236042,0.68649465,-0.07156855,-0.6507803,0.64403737,-0.40212047
1356340706482,-0.28200513,0.2442221,0.92780846,0.70018387,0.71352464,0.025001884,-0.65590817,0.6566872,-0.372218
1356340706520,-0.31024474,0.14510465,0.9395173,0.67982227,0.72468686,0.11256409,-0.66452223,0.6736272,-0.32347566
1356340706561,-0.31527895,0.055209935,0.94739175,0.6677032,0.7223109,0.18010923,-0.67436767,0.6893611,-0.2645933
1356340706600,-0.30043495,-0.020792276,0.95357573,0.6636349,0.71352917,0.22464387,-0.6850749,0.7003169,-0.20057064
1356340706656,-0.26933324,-0.07751408,0.9599224,0.6655623,0.7054318,0.2437061,-0.69605047,0.70452636,-0.1384058
1356340706681,-0.22680622,-0.112947404,0.96736854,0.6694234,0.7033607,0.23907346,-0.7074117,0.70180243,-0.08391696
1356340706719,-0.17733444,-0.12732416,0.9758796,0.67029154,0.71042365,0.21449356,-0.72059816,0.69216096,-0.040638268
1356340706769,-0.12438509,-0.12176955,0.98473376,0.6638326,0.72740614,0.17380008,-0.73746496,0.6753166,-0.009643912
1356340706800,-0.07050347,-0.09866977,0.9926195,0.65008557,0.7502059,0.12074712,-0.7565831,0.6538007,0.011251688
1356340706839,-0.019701898,-0.064251125,0.9977394,0.6323475,0.77218276,0.062212646,-0.7744344,0.6321437,0.02541554
1356340706881,0.02696684,-0.02203089,0.9993935,0.61691475,0.78702974,7.031262E-4,-0.78656787,0.6165216,0.034814894
1356340706929,0.07172186,0.027557284,0.99704397,0.6154491,0.78541017,-0.06598002,-0.78490674,0.61836195,0.039370954
1356340706972,0.12096154,0.08434346,0.98906744,0.6219822,0.77009636,-0.14173806,-0.77363193,0.63232726,0.040691912
1356340707011,0.16545412,0.13143605,0.97741985,0.63256526,0.74621487,-0.20742375,-0.75662816,0.65260094,0.040322423
1356340707053,0.20312953,0.1657288,0.96502453,0.64537925,0.71852535,-0.25924307,-0.7363586,0.6754667,0.038995802
1356340707100,0.23251611,0.18934096,0.95398444,0.66013926,0.689603,-0.29776496,-0.71424955,0.6989977,0.03535241
1356340707144,0.25070316,0.2054717,0.9460071,0.674733,0.66365224,-0.32295686,-0.69417816,0.7192685,0.027741194
1356340707184,0.25749683,0.22135083,0.9405845,0.6900873,0.6392332,-0.33935294,-0.6763689,0.7364677,0.011849105
1356340707221,0.2512885,0.24636264,0.93603396,0.70640886,0.614436,-0.3513617,-0.66169524,0.74951583,-0.019632041
1356340707263,0.22859794,0.28990656,0.92935306,0.7228598,0.58888656,-0.36150557,-0.6520863,0.7544314,-0.07494354
1356340707303,0.1840131,0.35390162,0.9170021,0.7390077,0.5653057,-0.36646563,-0.6480793,0.74510604,-0.15751243
1356340707343,0.11285564,0.42445168,0.89838994,0.754217,0.55202985,-0.3555557,-0.6468543,0.71770746,-0.25782895
1356340707383,0.01900867,0.4669515,0.8840786,0.76482284,0.56272614,-0.3136645,-0.64396024,0.68212587,-0.34643847
1356340707424,-0.08012724,0.4657221,0.8812959,0.7630211,0.5975628,-0.24640918,-0.6413878,0.6527033,-0.40323687
1356340707463,-0.17386094,0.42015904,0.8906396,0.74715453,0.64544165,-0.15863565,-0.64150804,0.6378648,-0.4261408
1356340707501,-0.24284649,0.34472427,0.90674734,0.72284937,0.68766737,-0.06784049,-0.64692676,0.6389669,-0.41618133
1356340707539,-0.28053576,0.25790024,0.9245471,0.69974446,0.7142735,0.013078868,-0.6570064,0.65061575,-0.38084352
1356340707581,-0.2873211,0.17596716,0.9415319,0.6850366,0.7247823,0.07359025,-0.6694561,0.6661278,-0.32878917
1356340707620,-0.26891255,0.10432902,0.95749754,0.6792593,0.7253425,0.11173615,-0.6828564,0.6804364,-0.26592016
1356340707660,-0.23457447,0.043594807,0.9711201,0.67837775,0.72286546,0.13141209,-0.69626033,0.6896122,-0.19913954
1356340707701,-0.19445682,-0.009893954,0.9808612,0.67721426,0.72204345,0.14154175,-0.70962477,0.691777,-0.13370591
1356340707752,-0.15518364,-0.06042716,0.9860358,0.6716541,0.72548664,0.1501658,-0.72442997,0.6855783,-0.07199752
1356340707794,-0.121846795,-0.09980142,0.98751867,0.6634823,0.73178613,0.15582132,-0.73820364,0.6741875,-0.022949338
1356340707827,-0.09480122,-0.12598795,0.9874916,0.65304226,0.7408242,0.15721056,-0.75136435,0.6597775,0.01204437
1356340707870,-0.0693503,-0.13479418,0.9884438,0.64093894,0.75324965,0.14768972,-0.76445264,0.64377445,0.03415674
1356340707919,-0.039486513,-0.118816674,0.9921307,0.6301021,0.76764566,0.117010474,-0.7755076,0.629764,0.04455501
1356340707968,0.008155718,-0.06423277,0.99790156,0.62961334,0.77561706,0.044779092,-0.7768657,0.62792695,0.046767533
1356340708010,0.06984088,0.014890701,0.997447,0.63669217,0.7690774,-0.05606234,-0.76794875,0.6389822,0.04423225
1356340708048,0.13421854,0.09419215,0.9864649,0.6459467,0.7466028,-0.15917656,-0.75149065,0.65856826,0.039364874
1356340708089,0.19447985,0.16047661,0.9676905,0.65548456,0.7126577,-0.2499182,-0.72973806,0.6829102,0.03340763
1356340708128,0.24677059,0.21138375,0.94573843,0.6624156,0.6755283,-0.32383198,-0.7073258,0.7063841,0.026676655
1356340708171,0.28572348,0.2476918,0.92574877,0.66756433,0.64163226,-0.37771136,-0.6875463,0.7259179,0.017979205
1356340708208,0.30742493,0.2723553,0.91176337,0.6740029,0.6140518,-0.41068283,-0.67172164,0.74078536,0.005206585
1356340708249,0.3095865,0.2897186,0.9056597,0.68447495,0.5932352,-0.42375243,-0.6600381,0.75108933,-0.014647484
1356340708289,0.29223686,0.31215906,0.9039659,0.69796395,0.5765752,-0.42474386,-0.65379196,0.7550614,-0.04937923
1356340708329,0.25277695,0.3449479,0.903944,0.7132517,0.5648437,-0.41499838,-0.6537399,0.74964166,-0.10325521
1356340708372,0.19350508,0.40197974,0.8949682,0.7254202,0.5555428,-0.40637138,-0.66054624,0.72786295,-0.18410385
1356340708413,0.11169881,0.4569406,0.882456,0.73683554,0.5577559,-0.38207558,-0.6667809,0.6929023,-0.2743894
1356340708452,0.01823476,0.4864884,0.8734968,0.7440483,0.57697976,-0.3368776,-0.66787696,0.65606666,-0.3514498
1356340708491,-0.07703453,0.4735398,0.8773972,0.74224925,0.61479175,-0.26664048,-0.6656815,0.6307069,-0.39884478
1356340708531,-0.16454157,0.41701508,0.8938817,0.7283946,0.6624416,-0.1749638,-0.665107,0.6223098,-0.41275072
1356340708570,-0.23632592,0.32874727,0.91437155,0.7048806,0.7057087,-0.07154453,-0.66880006,0.6276149,-0.39850485
1356340708612,-0.28617603,0.22774558,0.9307176,0.67905354,0.73350346,0.029307127,-0.67601,0.6403941,-0.36456257
1356340708650,-0.31259757,0.13007042,0.940938,0.65798223,0.74408644,0.11573562,-0.6850854,0.6552992,-0.31818366
1356340708690,-0.31926802,0.045177042,0.94658697,0.64420956,0.74292254,0.18182427,-0.6950265,0.6678511,-0.2662949
1356340708730,-0.31262892,-0.027592003,0.94947445,0.63521105,0.7371178,0.23057376,-0.7062365,0.6752007,-0.21291757
1356340708796,-0.29997557,-0.09127852,0.9495699,0.6271688,0.7311734,0.26841176,-0.7188005,0.6760575,-0.16208714
1356340708814,-0.28710145,-0.14955212,0.94615376,0.6165069,0.727126,0.30200508,-0.73313844,0.6700164,-0.11655897
1356340708860,-0.27672762,-0.20123212,0.93964213,0.601717,0.7261131,0.3327107,-0.74923855,0.6574689,-0.07985073
1356340708901,-0.26679194,-0.24052018,0.9332589,0.58624995,0.7280921,0.35523647,-0.7649399,0.6418972,-0.053244114
1356340708940,-0.25469676,-0.26495844,0.9300144,0.57258946,0.73369193,0.365838,-0.7792759,0.62569416,-0.035156548
1356340708981,-0.23775287,-0.27017105,0.9329958,0.56680536,0.74145037,0.35914207,-0.7887999,0.61421406,-0.023147583
1356340709020,-0.21589927,-0.25402775,0.9427924,0.57424223,0.74789476,0.33301553,-0.7897047,0.613289,-0.015596449
1356340709061,-0.18730043,-0.2180822,0.95778847,0.5949931,0.7506393,0.28726965,-0.78160214,0.6236832,-0.010837674
1356340709100,-0.15369892,-0.17273016,0.9729034,0.6233663,0.74699825,0.23110192,-0.76667535,0.64199525,-0.0071386695
1356340709141,-0.11812411,-0.1279701,0.9847185,0.65235466,0.73764294,0.17411578,-0.7486523,0.6629529,-0.0036515594
1356340709181,-0.085490435,-0.08977601,0.9922861,0.67727816,0.7252084,0.123963386,-0.73074317,0.6826514,-0.0011950731
1356340709220,-0.060469612,-0.059885085,0.996372,0.6970778,0.71192795,0.08509466,-0.71444094,0.6996945,-0.0013054013
1356340709260,-0.045221046,-0.034682125,0.9983748,0.7133864,0.69848335,0.056576937,-0.6993103,0.71478546,-0.0068443418
1356340709298,-0.041671306,-0.010888308,0.9990721,0.72703636,0.68555784,0.0377962,-0.68533325,0.72793674,-0.020651877
1356340709340,-0.04764174,0.025466084,0.9985398,0.7377797,0.6748018,0.017990828,-0.6733583,0.7375595,-0.050937057
1356340709380,-0.06522694,0.08290273,0.9944207,0.74369293,0.66848516,-0.006949216,-0.66533166,0.73909044,-0.10525745
1356340709420,-0.09693266,0.15986195,0.98236865,0.74373376,0.66754615,-0.035244524,-0.6614106,0.72720444,-0.18360174
1356340709460,-0.14543325,0.23519307,0.96100646,0.7381887,0.6725188,-0.052876413,-0.65873104,0.7017141,-0.27142346
1356340709533,-0.21113992,0.27404723,0.9382527,0.72541845,0.6872859,-0.037499458,-0.6551244,0.67270815,-0.34391236
1356340709549,-0.28759405,0.25204998,0.92399156,0.69845855,0.7153038,0.022273183,-0.65532076,0.6517755,-0.38176358
1356340709585,-0.3703263,0.17307022,0.9126364,0.6532377,0.7470288,0.12340367,-0.66040814,0.6418681,-0.3897004
1356340709625,-0.43642557,0.06341484,0.8975028,0.5989257,0.7648706,0.23719399,-0.6714319,0.641055,-0.37178987
1356340709669,-0.47406548,-0.048965633,0.87912697,0.55105424,0.7622369,0.3396088,-0.68673223,0.64544344,-0.3343675
1356340709709,-0.48283696,-0.14160074,0.86418617,0.5215152,0.74626297,0.41365874,-0.70348454,0.6504159,-0.28647643
1356340709748,-0.4699719,-0.21291713,0.8566171,0.50994086,0.72664124,0.46038336,-0.72047675,0.65319127,-0.23292583
1356340709793,-0.44396535,-0.2687512,0.854791,0.5101699,0.70842636,0.48770776,-0.7366285,0.652614,-0.17740798
1356340709830,-0.41653243,-0.3150866,0.85277265,0.5142425,0.69187546,0.5068166,-0.7497036,0.64963746,-0.12615764
1356340709871,-0.39504325,-0.35714853,0.8463958,0.51740724,0.6748071,0.52623683,-0.7590986,0.6458176,-0.08178675
1356340709910,-0.3788388,-0.39186302,0.83840597,0.5197789,0.6594572,0.5430894,-0.7657095,0.6415291,-0.046145856
1356340709955,-0.36142036,-0.41282636,0.83603215,0.52261335,0.65286565,0.54830813,-0.7721727,0.6350913,-0.020210326
1356340709991,-0.3363501,-0.41615412,0.84479845,0.5262113,0.6609062,0.5350745,-0.781006,0.6245148,-0.0033108592
1356340710031,-0.29812667,-0.3960806,0.8684703,0.5344107,0.68461895,0.49568343,-0.7909018,0.6118963,0.0075665116
1356340710072,-0.24716896,-0.35052675,0.90334845,0.54930574,0.7173104,0.42863613,-0.7982297,0.60216004,0.01524955
1356340710110,-0.17521153,-0.26588714,0.94794774,0.5759048,0.7532502,0.31772292,-0.7985202,0.60159636,0.02114755
1356340710151,-0.08746749,-0.15349102,0.9842713,0.60868466,0.77392197,0.17477922,-0.78857625,0.6143983,0.025734603
1356340710190,0.014760278,-0.02853024,0.999484,0.6381478,0.7698116,0.012550116,-0.76977247,0.6376332,0.02956909
1356340710231,0.11812031,0.08347124,0.98948485,0.6555166,0.7419312,-0.14084074,-0.7458858,0.66525984,0.03292036
1356340710270,0.21127433,0.17130007,0.962299,0.66010046,0.7010813,-0.2697265,-0.72085404,0.6922003,0.035045207
