1356340424404,0.65608066,-0.026290804,-0.75423265,-0.7544607,0.001829192,-0.6563426,0.018635362,0.9996526,-0.018635258
1356340424431,0.55517936,-0.025839776,-0.8313292,-0.831522,0.005147055,-0.5554681,0.018632084,0.99965286,-0.018628806
1356340424483,0.5551009,-0.025808275,-0.8313825,-0.8315746,0.0051546544,-0.5553892,0.01861915,0.99965364,-0.018600151
1356340424509,0.55481154,-0.025681585,-0.83157957,-0.8317685,0.0052004457,-0.5550982,0.018580377,0.9996567,-0.01847589
1356340424556,0.5540924,-0.02533272,-0.83206964,-0.83224905,0.005383685,-0.5543758,0.018523484,0.9996646,-0.018100083
1356340424581,0.5528564,-0.024603933,-0.8329133,-0.83307123,0.005865559,-0.55313456,0.018494815,0.99968004,-0.01725404
1356340424628,0.5509853,-0.023331732,-0.8341887,-0.83430874,0.0068209767,-0.5512552,0.018551677,0.9997045,-0.015707597
1356340424670,0.5483566,-0.021508902,-0.8359679,-0.83603466,0.008296564,-0.54861385,0.018735766,0.9997342,-0.013432726
1356340424708,0.54498804,-0.019400626,-0.8382194,-0.8382274,0.010109484,-0.5452272,0.01905176,0.9997607,-0.010752618
1356340424747,0.5408726,-0.017343432,-0.84092575,-0.84087884,0.012010261,-0.54109013,0.019484103,0.99977744,-0.00808771
1356340424788,0.5360506,-0.015725404,-0.8440393,-0.84394944,0.01367636,-0.53624827,0.01997605,0.99978274,-0.005940184
1356340424833,0.5308061,-0.014999121,-0.84736055,-0.84724665,0.0147302,-0.5309955,0.02044624,0.999779,-0.004889071
1356340424878,0.52409536,-0.015067399,-0.8515263,-0.85140646,0.01510857,-0.52428895,0.020765007,0.99977237,-0.004910156
1356340424916,0.5175644,-0.016108155,-0.8554926,-0.8553904,0.01460886,-0.5177777,0.020838141,0.9997635,-0.006217718
1356340424948,0.5089238,-0.017578542,-0.86063206,-0.8605625,0.013657749,-0.5091617,0.020704597,0.99975216,-0.008176684
1356340424994,0.49847484,-0.01922214,-0.866691,-0.86666363,0.012497082,-0.49873623,0.02041781,0.999737,-0.010429621
1356340425034,0.48583078,-0.0208489,-0.8738042,-0.87382245,0.011370763,-0.4861122,0.020070761,0.99971795,-0.012694001
1356340425064,0.4720433,-0.022443414,-0.88128966,-0.8813545,0.01036194,-0.47234192,0.019732893,0.99969447,-0.0148893595
1356340425109,0.45888895,-0.024081945,-0.88816714,-0.8882816,0.00940305,-0.459203,0.019409984,0.99966574,-0.017076582
1356340425149,0.44746295,-0.025730073,-0.8939322,-0.8940994,0.008430213,-0.44778925,0.019057661,0.9996334,-0.019233048
1356340425186,0.43787706,-0.027232021,-0.89862233,-0.89884245,0.0074192286,-0.4382091,0.018600404,0.9996016,-0.021228582
1356340425231,0.42906088,-0.02835095,-0.9028306,-0.9030969,0.0064144135,-0.42938894,0.01796475,0.99957746,-0.022851527
1356340425268,0.41953877,-0.02883476,-0.9072793,-0.9075774,0.0054427683,-0.41984957,0.017044306,0.99956936,-0.023886293
1356340425308,0.40832657,-0.028728485,-0.9123837,-0.91269606,0.0046434402,-0.40861255,0.015975356,0.9995764,-0.024324328
1356340425348,0.39625847,-0.02794087,-0.91771376,-0.9180211,0.0039606094,-0.39651176,0.014713556,0.9996017,-0.024080873
1356340425379,0.38451442,-0.026791662,-0.9227301,-0.9230207,0.0034225285,-0.3847349,0.013465762,0.9996352,-0.02341324
1356340425430,0.38174736,-0.02536732,-0.9239185,-0.9241849,0.0028199553,-0.38193482,0.012294054,0.99967414,-0.022367537
1356340425480,0.37489703,-0.0237737,-0.92676157,-0.92699754,0.0025754273,-0.3750586,0.011303306,0.9997141,-0.021072596
1356340425517,0.37508887,-0.022305459,-0.92672044,-0.92692864,0.0023643374,-0.37523004,0.010560751,0.99974835,-0.019788742
1356340425556,0.37980402,-0.020872563,-0.9248315,-0.92501235,0.002293229,-0.37993008,0.010050982,0.9997795,-0.018436402
1356340425597,0.38726288,-0.019517004,-0.9217627,-0.921918,0.0023543835,-0.38737798,0.009730607,0.99980676,-0.01708129
1356340425637,0.39362523,-0.018289179,-0.9190891,-0.9192209,0.0026119053,-0.39373377,0.009601712,0.9998294,-0.015783697
1356340425676,0.39673287,-0.017411292,-0.91776896,-0.91788334,0.0029944777,-0.39683905,0.009657711,0.99984396,-0.014793545
1356340425717,0.3960524,-0.017043233,-0.9180697,-0.91817415,0.0034647286,-0.3961617,0.009932667,0.9998487,-0.014276385
1356340425759,0.39059746,-0.017052859,-0.9204036,-0.9205035,0.003997028,-0.3907139,0.010341674,0.9998466,-0.014136016
1356340425798,0.38171104,-0.01724267,-0.9241209,-0.9242181,0.004610628,-0.38183725,0.0108447075,0.99984074,-0.014176071
1356340425834,0.36945984,-0.017359644,-0.92908454,-0.92917645,0.0053887665,-0.36959708,0.011422694,0.9998348,-0.014139235
1356340425873,0.35443047,-0.017251253,-0.93492323,-0.93500483,0.0063378513,-0.3545783,0.012042344,0.9998311,-0.01388368
1356340425917,0.35387418,-0.016964674,-0.9351392,-0.93520683,0.00715819,-0.35402966,0.012699962,0.9998305,-0.013332397
1356340425959,0.32458097,-0.016186088,-0.94571936,-0.94576395,0.008535206,-0.32474232,0.013328135,0.9998325,-0.012537837
1356340425998,0.30093694,-0.015217632,-0.9535227,-0.9535439,0.009693384,-0.30109838,0.01382491,0.9998373,-0.01159358
1356340426037,0.28227574,-0.014130384,-0.95922923,-0.959231,0.010444701,-0.2824301,0.014009714,0.99984556,-0.010606021
1356340426082,0.26815927,-0.012935072,-0.9632877,-0.963279,0.010480404,-0.26829755,0.013566047,0.99986136,-0.009649634
1356340426116,0.25879392,-0.011732787,-0.9658613,-0.9658536,0.009643704,-0.25890905,0.012352198,0.99988467,-0.008836418
1356340426156,0.2537754,-0.010523379,-0.9672059,-0.9672127,0.0074506104,-0.25385818,0.009877652,0.9999168,-0.008287549
1356340426198,0.25459075,-0.00956279,-0.9670016,-0.96702784,0.0040762424,-0.254638,0.0063767433,0.999946,-0.008209705
1356340426240,0.2609244,-0.009242803,-0.965315,-0.9653579,-8.137226E-4,-0.26092824,0.0016262531,0.99995697,-0.009134948
1356340426279,0.2734976,-0.009850264,-0.9618222,-0.9618663,-0.0064291656,-0.27344432,-0.0034902096,0.99993086,-0.011232972
1356340426316,0.29037946,-0.012067288,-0.9568355,-0.9568707,-0.012903392,-0.29022744,-0.008844167,0.99984396,-0.015293688
1356340426356,0.31131572,-0.01628539,-0.950167,-0.9502052,-0.019934893,-0.3109866,-0.013876915,0.9996686,-0.021680534
1356340426392,0.3346995,-0.0225541,-0.942055,-0.9421529,-0.027110815,-0.33408523,-0.018004894,0.99937797,-0.030323386
1356340426435,0.35988322,-0.031410962,-0.9324684,-0.93276465,-0.03443089,-0.35883778,-0.020834297,0.99891335,-0.04169014
1356340426474,0.38465613,-0.042875737,-0.9220636,-0.9227973,-0.041688085,-0.38302368,-0.022016644,0.99821025,-0.05560118
1356340426516,0.4077714,-0.058149695,-0.91123056,-0.9128445,-0.048820198,-0.40537816,-0.02091381,0.9971134,-0.072989106
1356340426554,0.42287424,-0.07751319,-0.9028672,-0.90602326,-0.055185705,-0.4196147,-0.017299622,0.9954629,-0.093565404
1356340426600,0.43024066,-0.103919625,-0.89671266,-0.90265894,-0.060515612,-0.42608047,-0.009987026,0.9927429,-0.119840264
1356340426667,0.4091946,-0.13415357,-0.9025312,-0.91244674,-0.0610255,-0.40461922,-7.9631805E-4,0.9890797,-0.14737928
1356340426688,0.3799552,-0.16951165,-0.90934026,-0.9249369,-0.0577074,-0.37571463,0.011212319,0.9838371,-0.1787138
1356340426713,0.33605394,-0.2100586,-0.9181193,-0.94150615,-0.048861355,-0.33343497,0.02518031,0.97646713,-0.2141915
1356340426747,0.28656507,-0.25399774,-0.92377794,-0.95724434,-0.0361097,-0.2870181,0.039544642,0.96653056,-0.2534857
1356340426788,0.24790564,-0.30163452,-0.9206299,-0.9673233,-0.024902374,-0.25232017,0.053182602,0.9530984,-0.29795152
1356340426838,0.22460085,-0.35224184,-0.9085594,-0.9723128,-0.019280255,-0.23288628,0.064515054,0.93571043,-0.34681964
1356340426877,0.2188967,-0.40425718,-0.8880656,-0.97306705,-0.023018166,-0.22937039,0.07228303,0.91435575,-0.39840794
1356340426910,0.22574538,-0.45306268,-0.8624229,-0.9711884,-0.035265267,-0.2356894,0.07636845,0.8907809,-0.44797015
1356340426956,0.23773691,-0.49265802,-0.8371196,-0.96820486,-0.051119715,-0.24487957,0.07784855,0.8687202,-0.48914695
1356340426993,0.24822123,-0.5172873,-0.81902385,-0.96552056,-0.06363349,-0.2524297,0.07846135,0.8534428,-0.51524675
1356340427037,0.24991207,-0.5227843,-0.8150096,-0.9651491,-0.06698568,-0.2529828,0.077661484,0.84982914,-0.5213053
1356340427077,0.24499775,-0.5099528,-0.82457525,-0.96678734,-0.06464718,-0.24727124,0.072790205,0.8577698,-0.50885427
1356340427116,0.2275897,-0.477412,-0.84869355,-0.9718648,-0.057056457,-0.22852424,0.060676754,0.8768252,-0.47696543
1356340427155,0.2041947,-0.43253803,-0.8781887,-0.9779645,-0.050295502,-0.20262218,0.043472856,0.9002118,-0.43327695
1356340427198,0.17219876,-0.37832066,-0.90951693,-0.98481035,-0.045239225,-0.16763651,0.022274584,0.92456853,-0.3803643
1356340427237,0.13423091,-0.32034308,-0.9377432,-0.9909491,-0.044697702,-0.12657768,-0.0013666749,0.94624645,-0.32344353
1356340427276,0.09190127,-0.26341236,-0.9602958,-0.99540365,-0.05039087,-0.08143872,-0.0269382,0.9633663,-0.2668326
1356340427320,0.04809162,-0.21231866,-0.9760164,-0.9974122,-0.06248972,-0.035552144,-0.053442597,0.9752004,-0.21477443
1356340427356,0.005331427,-0.17009884,-0.9854126,-0.99680656,-0.07941982,0.0083161,-0.07967582,0.9822214,-0.1699791
1356340427389,-0.034128338,-0.13802767,-0.98984015,-0.9939866,-0.09842208,0.047995746,-0.10404694,0.9855259,-0.13383865
1356340427436,-0.068395555,-0.11542922,-0.9909582,-0.9898127,-0.1164732,0.08188352,-0.12487182,0.9864634,-0.10628706
1356340427473,-0.09536201,-0.100186765,-0.99038815,-0.9853403,-0.1318847,0.1082173,-0.14145899,0.9861892,-0.08614129
1356340427513,-0.11236441,-0.08991718,-0.98959035,-0.98166895,-0.14424908,0.12457195,-0.15394872,0.98544765,-0.072060466
1356340427551,-0.11602652,-0.08268899,-0.9897982,-0.9797481,-0.15420318,0.12773076,-0.16319191,0.984573,-0.06312275
1356340427594,-0.10347742,-0.076076806,-0.99171805,-0.9799836,-0.16269082,0.1147334,-0.17007196,0.9837398,-0.0577192
1356340427641,-0.07791901,-0.0684613,-0.9946063,-0.98168933,-0.1686734,0.08851734,-0.17382365,0.9832916,-0.05406487
1356340427675,-0.037130773,-0.057721287,-0.99764204,-0.98414767,-0.17113847,0.046530247,-0.1734207,0.9835547,-0.050451756
1356340427714,0.004971087,-0.04561615,-0.9989466,-0.9861883,-0.16560626,0.002654761,-0.16555291,0.9851364,-0.04580933
1356340427753,0.0489673,-0.03329885,-0.9982452,-0.9873848,-0.15228802,-0.04335457,-0.15057713,0.987775,-0.040335894
1356340427796,0.08982736,-0.022887617,-0.9956943,-0.98732686,-0.13337386,-0.08600664,-0.1308311,0.99080145,-0.034578145
1356340427834,0.12296811,-0.016308188,-0.99227655,-0.98639154,-0.11196336,-0.12039861,-0.10913515,0.99357843,-0.029854178
1356340427875,0.14420941,-0.01534763,-0.98942816,-0.98561704,-0.091254085,-0.14223844,-0.088106304,0.99570936,-0.028286576
1356340427918,0.15172336,-0.021562159,-0.9881878,-0.9860701,-0.07224384,-0.14982188,-0.06815997,0.9971539,-0.032222837
1356340427960,0.14236656,-0.03594944,-0.98916095,-0.988598,-0.054683834,-0.1402981,-0.04904753,0.99785626,-0.04332465
1356340428007,0.12105799,-0.0611881,-0.99075776,-0.992205,-0.037186503,-0.11893824,-0.029565275,0.9974333,-0.065212816
1356340428037,0.081211835,-0.09437686,-0.99221855,-0.99663705,-0.018593162,-0.07980493,-0.0109167695,0.9953629,-0.09556946
1356340428075,0.05995968,-0.14310527,-0.9878895,-0.9981793,-0.0021007955,-0.060279906,0.0065510273,0.98970526,-0.14297068
1356340428111,0.050111294,-0.20436445,-0.9776114,-0.9985373,0.0096459985,-0.053200364,0.020302266,0.9788474,-0.20358211
1356340428155,0.07334578,-0.2804521,-0.95706165,-0.9969232,0.005988002,-0.07815531,0.02764973,0.95984936,-0.27915
1356340428191,0.117447376,-0.36033165,-0.92540115,-0.99267685,-0.01607591,-0.11972603,0.028264403,0.93268573,-0.35958093
1356340428233,0.16307543,-0.42739227,-0.8892368,-0.9863018,-0.04796107,-0.15782452,0.024804205,0.90279317,-0.42935902
1356340428271,0.19308293,-0.47018644,-0.86118734,-0.98094714,-0.073283315,-0.17992294,0.02148664,0.87951934,-0.4753778
1356340428312,0.20167679,-0.4870717,-0.84975743,-0.97924834,-0.0825721,-0.18508005,0.019980967,0.86944985,-0.493617
1356340428370,0.1895157,-0.48059845,-0.8562178,-0.9817115,-0.07670422,-0.17423818,0.018063068,0.87357974,-0.4863457
1356340428391,0.16141997,-0.45539883,-0.87553155,-0.986797,-0.062576726,-0.14938506,0.013241857,0.8880856,-0.45948726
1356340428431,0.12016624,-0.4153021,-0.9017118,-0.9927406,-0.045583844,-0.111302584,0.0051206946,0.9085407,-0.41776484
1356340428471,0.071603686,-0.3658857,-0.92790115,-0.9974183,-0.031340152,-0.06461024,-0.0054406226,0.930132,-0.36718518
1356340428512,0.016958535,-0.3106224,-0.9503821,-0.9996751,-0.023358822,-0.01020357,-0.019030333,0.95024633,-0.31091768
1356340428552,-0.037537873,-0.25667715,-0.965768,-0.99867105,-0.024518192,0.045333028,-0.0353148,0.96618617,-0.25541568
1356340428593,-0.09278667,-0.20623842,-0.97409254,-0.99413025,-0.035479367,0.102207184,-0.055639207,0.9778583,-0.2017358
1356340428641,-0.14643496,-0.1630589,-0.97568876,-0.9860642,-0.05466497,0.15712789,-0.07895714,0.98510075,-0.15278167
1356340428683,-0.1923449,-0.13124493,-0.97251123,-0.97620296,-0.07555443,0.20327151,-0.10015589,0.9884666,-0.11358923
1356340428720,-0.22516257,-0.10992473,-0.96810037,-0.9670903,-0.095614076,0.23578435,-0.11848253,0.98933035,-0.08477849
1356340428763,-0.240331,-0.09686914,-0.96584547,-0.9613688,-0.113814235,0.25063202,-0.13420549,0.9887682,-0.065773904
1356340428808,-0.23409134,-0.08895379,-0.9681366,-0.96090096,-0.1303063,0.24431452,-0.14788705,0.9874753,-0.05497217
1356340428842,-0.20462942,-0.08052039,-0.97552204,-0.96599734,-0.14429492,0.2145417,-0.15803787,0.98625326,-0.048255503
1356340428883,-0.16134155,-0.06975177,-0.9844307,-0.97366905,-0.15153104,0.17031452,-0.16105154,0.9859884,-0.043466866
1356340428923,-0.09881836,-0.05555162,-0.9935537,-0.9828923,-0.1504994,0.10617274,-0.15542728,0.9870481,-0.03972915
1356340428963,-0.028439522,-0.041202158,-0.99874604,-0.9899906,-0.13701552,0.033842683,-0.1382381,0.98971164,-0.0368931
1356340429001,0.048164427,-0.02952069,-0.99840313,-0.99204737,-0.11778349,-0.04437521,-0.11628538,0.99260044,-0.03495887
1356340429042,0.1175417,-0.02356577,-0.9927883,-0.98876953,-0.095692545,-0.11479449,-0.092297226,0.99513197,-0.03454894
1356340429082,0.16845605,-0.02524364,-0.9853859,-0.98327804,-0.07447162,-0.16618791,-0.06918809,0.99690366,-0.037366748
1356340429121,0.19111869,-0.035645276,-0.9809195,-0.9803939,-0.055775434,-0.18898952,-0.047974676,0.9978069,-0.045606107
1356340429163,0.18044463,-0.055898815,-0.98199546,-0.98317385,-0.039120406,-0.17843425,-0.028441817,0.9976697,-0.06201732
1356340429204,0.13368171,-0.08652598,-0.98723984,-0.9909679,-0.02229923,-0.13223213,-0.010573208,0.996,-0.08872545
1356340429240,0.07004315,-0.12960222,-0.98908913,-0.9975296,-0.0037807822,-0.07014543,0.005351454,0.99155885,-0.12954688
1356340429283,0.012138516,-0.18754736,-0.98218054,-0.99975574,0.015865713,-0.01538524,0.01846844,0.9821274,-0.18730891
1356340429322,-0.019448966,-0.26110613,-0.96511424,-0.99941623,0.03219804,0.01142922,0.028090596,0.96477306,-0.26157993
1356340429367,-0.027181238,-0.340137,-0.939983,-0.99902046,0.042090565,0.013657749,0.034918934,0.93943346,-0.34094787
1356340429402,-0.016393125,-0.41329816,-0.9104482,-0.99905884,0.043343782,-0.0016872883,0.040159643,0.9095636,-0.4136197
1356340429441,-0.006976202,-0.464751,-0.885414,-0.99898493,0.042644426,-0.014512926,0.044502884,0.88441396,-0.46457672
1356340429483,-0.010984257,-0.48771298,-0.87293494,-0.9988353,0.046368167,-0.013337672,0.046981364,0.87177175,-0.48765433
1356340429526,-0.028630182,-0.48281762,-0.8752528,-0.99859846,0.05280669,0.0035350323,0.04451239,0.8741273,-0.48365283
1356340429561,-0.056212664,-0.45510456,-0.888662,-0.9978031,0.056860983,0.033996552,0.03505823,0.88862073,-0.45730108
1356340429619,-0.0903984,-0.4102394,-0.9074865,-0.9957176,0.054940492,0.07435101,0.019356012,0.9103215,-0.41344905
1356340429647,-0.12522063,-0.35639814,-0.92590505,-0.99212885,0.0453054,0.11673793,3.4332275E-4,0.93323505,-0.35926604
1356340429680,-0.16085559,-0.29744688,-0.9410902,-0.98674643,0.027813375,0.15986851,-0.021377504,0.9543332,-0.29797852
1356340429716,-0.19106245,-0.24079871,-0.9515835,-0.9805703,0.002907455,0.19614673,-0.044465154,0.9705708,-0.23667556
1356340429760,-0.21549529,-0.18859926,-0.95811903,-0.9740499,-0.02801466,0.22459286,-0.06919944,0.98165447,-0.17766804
1356340429800,-0.22725385,-0.14411852,-0.9631125,-0.9693824,-0.06099367,0.23786029,-0.09302381,0.9876789,-0.1258449
1356340429840,-0.2243982,-0.10725474,-0.96857727,-0.9676845,-0.092799425,0.23446745,-0.11503115,0.98989123,-0.08296472
1356340429881,-0.1996572,-0.07680836,-0.9768508,-0.9706758,-0.12071276,0.20788658,-0.1338858,0.9897115,-0.050454855
1356340429923,-0.15343815,-0.05170071,-0.98680484,-0.9767221,-0.14355564,0.15939155,-0.14990202,0.9882909,-0.028470337
1356340429962,-0.08436668,-0.029999882,-0.99598306,-0.98297405,-0.16123468,0.088121265,-0.16323072,0.98646,-0.015886247
1356340430001,-0.0013772845,-0.01083374,-0.9999404,-0.9849097,-0.17303872,0.0032313466,-0.17306343,0.9848554,-0.010431945
1356340430042,0.08191949,0.005145967,-0.99662566,-0.9808612,-0.1768136,-0.08153665,-0.17663658,0.9842309,-0.009437025
1356340430083,0.15438652,0.015615165,-0.98788714,-0.9731666,-0.17026687,-0.15477735,-0.17062128,0.98527426,-0.011090755
1356340430120,0.21065128,0.018469185,-0.97738683,-0.96538615,-0.15337592,-0.2109631,-0.15380386,0.98799527,-0.0144789815
1356340430161,0.24748522,0.013976783,-0.9687908,-0.9602661,-0.12958586,-0.24717698,-0.12899631,0.9914696,-0.01864916
1356340430201,0.26263362,0.0040013194,-0.9648874,-0.95962626,-0.10328275,-0.26162994,-0.10070303,0.99464405,-0.023285776
1356340430241,0.25332907,-0.009773374,-0.9673308,-0.96459335,-0.078398556,-0.2518201,-0.07337618,0.9968742,-0.029287964
1356340430292,0.22118682,-0.028200537,-0.97482365,-0.9740844,-0.0548566,-0.21943215,-0.047287405,0.998096,-0.039603233
1356340430321,0.1484515,-0.048660606,-0.98772186,-0.9886216,-0.031826496,-0.14701876,-0.02428168,0.9983082,-0.05283162
1356340430381,0.07039416,-0.07438123,-0.9947422,-0.997517,-0.0073897243,-0.07003796,-0.0021413565,0.9972025,-0.07471675
1356340430402,-0.017004937,-0.10885942,-0.9939116,-0.99967206,0.020887285,0.014815778,0.019147247,0.9938376,-0.1091789
1356340430442,-0.07985473,-0.16001928,-0.98387855,-0.99608266,0.050417006,0.072645396,0.037979543,0.9858254,-0.16341847
1356340430481,-0.104267,-0.23136058,-0.96726453,-0.99323046,0.07429379,0.089295655,0.051202297,0.9700272,-0.23754078
1356340430522,-0.0930025,-0.3139724,-0.94486606,-0.99401253,0.08394438,0.06994578,0.057355165,0.94571376,-0.31989956
1356340430561,-0.06506458,-0.38783765,-0.9194284,-0.99616265,0.07929459,0.037046343,0.05853772,0.91831064,-0.39150864
1356340430601,-0.04111752,-0.4354356,-0.8992804,-0.99745256,0.07039711,0.011519611,0.05829069,0.89746314,-0.43722087
1356340430644,-0.032341123,-0.45182553,-0.8915199,-0.99786294,0.06526762,0.0031209588,0.05677727,0.8897156,-0.4529708
1356340430681,-0.037932128,-0.44096723,-0.89672124,-0.9979265,0.06341252,0.01102975,0.0519996,0.89528024,-0.4424582
1356340430722,-0.057569414,-0.40711442,-0.9115611,-0.99742544,0.06256178,0.035051286,0.042759,0.91123205,-0.4096679
1356340430761,-0.08302146,-0.36160445,-0.92862785,-0.99606967,0.058973253,0.06608689,0.03086695,0.9304646,-0.36507928
1356340430802,-0.117709965,-0.3073286,-0.94429517,-0.99292064,0.051653117,0.106960446,0.015903741,0.95020056,-0.31123298
1356340430844,-0.15806499,-0.2531423,-0.95442885,-0.9874278,0.039192468,0.15313506,-0.0013585091,0.96663487,-0.25615472
1356340430883,-0.20380056,-0.20280683,-0.95777595,-0.97877896,0.020842075,0.20385638,-0.021381408,0.978997,-0.20275068
1356340430921,-0.25323117,-0.16062614,-0.9539776,-0.9664526,-0.0017591715,0.25683886,-0.042933255,0.98701376,-0.15479207
1356340430961,-0.3015731,-0.12948415,-0.9446097,-0.95124745,-0.02633506,0.30730224,-0.064667165,0.9912317,-0.11522949
1356340431001,-0.34140176,-0.11024639,-0.9334295,-0.9359001,-0.05184686,0.34842902,-0.08680847,0.992551,-0.08547896
1356340431041,-0.3647188,-0.10095632,-0.92562854,-0.9246521,-0.077679455,0.37280637,-0.10953942,0.9918538,-0.065018356
1356340431081,-0.36617225,-0.09693128,-0.9254849,-0.9211859,-0.10295826,0.37525475,-0.13166022,0.9899515,-0.051591277
1356340431121,-0.34486878,-0.09163469,-0.9341674,-0.92683357,-0.12418097,0.35434258,-0.14847592,0.98801935,-0.042103946
1356340431168,-0.30587608,-0.08049622,-0.9486623,-0.9396733,-0.13475579,0.31441212,-0.15314674,0.9876038,-0.034421563
1356340431201,-0.24843132,-0.064290136,-0.9665137,-0.95756316,-0.13422942,0.25505927,-0.14613241,0.98886263,-0.02821505
1356340431242,-0.19006842,-0.04682231,-0.98065364,-0.9736171,-0.11947715,0.19440913,-0.12626839,0.99173224,-0.02287823
1356340431281,-0.13488245,-0.032013595,-0.9903443,-0.9856469,-0.098070264,0.1374129,-0.101522416,0.99466443,-0.018326163
1356340431321,-0.09424007,-0.022328973,-0.9952991,-0.99269605,-0.073532104,0.09564322,-0.07532206,0.99704283,-0.0152362585
1356340431380,-0.075426936,-0.019103855,-0.9969683,-0.9958998,-0.048633993,0.076278,-0.049943745,0.998634,-0.015357196
1356340431402,-0.08021796,-0.022671938,-0.99651957,-0.99645114,-0.023753703,0.08075282,-0.025501877,0.9994607,-0.02068597
1356340431448,-0.10410565,-0.033950657,-0.9939866,-0.99456525,0.002150178,0.10409281,-0.0013967454,0.9994211,-0.033989966
1356340431481,-0.1337949,-0.058095843,-0.9893047,-0.99075186,0.030584276,0.13219455,0.022577226,0.99784243,-0.061650574
1356340431523,-0.15770385,-0.09957132,-0.9824536,-0.9864862,0.060654372,0.15220386,0.044434994,0.9931801,-0.107791126
1356340431568,-0.1545789,-0.17070356,-0.9731216,-0.9860697,0.08788547,0.1412189,0.061416686,0.9813951,-0.18191081
1356340431601,-0.13547349,-0.25283432,-0.95797795,-0.988109,0.1054399,0.11190626,0.07271534,0.96174693,-0.26411223
1356340431642,-0.1045292,-0.33141783,-0.9376758,-0.991449,0.10878605,0.07207361,0.078119576,0.9371915,-0.3399552
1356340431684,-0.072398335,-0.38642824,-0.91947365,-0.9942131,0.10132024,0.035701245,0.07936534,0.91673744,-0.3915274
1356340431723,-0.04947537,-0.40883753,-0.9112651,-0.9959488,0.08878714,0.014238954,0.07508719,0.90827787,-0.411574
1356340431762,-0.029729784,-0.4063727,-0.9132236,-0.9973941,0.072144866,3.6638975E-4,0.06573549,0.9108547,-0.4074586
1356340431803,-0.020324528,-0.381499,-0.9241458,-0.9984811,0.05509019,-7.825792E-4,0.051209956,0.92272615,-0.38203925
1356340431841,-0.018524975,-0.34170103,-0.93962616,-0.9992652,0.03786692,0.0059301853,0.033554435,0.93904555,-0.34215146
1356340431881,-0.025160491,-0.2931381,-0.955739,-0.9995902,0.020434141,0.020047486,0.01365304,0.95585173,-0.29353207
1356340431929,-0.041987836,-0.24019688,-0.9698157,-0.9990782,0.0014177561,0.04290366,-0.008930385,0.97072315,-0.240035
1356340431961,-0.06687924,-0.1908932,-0.9793298,-0.99724007,-0.01892671,0.07179162,-0.032240033,0.98142827,-0.1891005
1356340432001,-0.09772512,-0.14845333,-0.98407894,-0.99361587,-0.04145065,0.104925185,-0.05636722,0.98805034,-0.14345485
1356340432041,-0.13059902,-0.116155654,-0.98460734,-0.9881505,-0.06552428,0.13879898,-0.08063802,0.9910673,-0.106221855
1356340432081,-0.15888733,-0.09478569,-0.9827362,-0.98154724,-0.09210044,0.16757825,-0.10639447,0.9912281,-0.078402996
1356340432131,-0.17631876,-0.08221033,-0.9808941,-0.9753603,-0.11965299,0.18535236,-0.13260484,0.9894062,-0.059087634
1356340432161,-0.17984188,-0.07456067,-0.9808657,-0.971122,-0.14545971,0.18911248,-0.15677679,0.9865506,-0.04624778
1356340432200,-0.16923064,-0.06670344,-0.98331666,-0.97054744,-0.16229194,0.17804217,-0.17146042,0.9844856,-0.037274003
1356340432239,-0.14737636,-0.05657196,-0.98746127,-0.97393024,-0.1657713,0.15485397,-0.1724531,0.9845402,-0.030666351
1356340432282,-0.12160224,-0.04501456,-0.9915577,-0.98018414,-0.1519326,0.12710482,-0.1563715,0.9873653,-0.025647223
1356340432319,-0.09278965,-0.033552974,-0.9951203,-0.98734736,-0.12597233,0.096312314,-0.12858918,0.99146616,-0.021439493
1356340432375,-0.06666434,-0.02431485,-0.9974792,-0.99314046,-0.09462994,0.06868112,-0.09606138,0.99521554,-0.01783961
1356340432400,-0.050849915,-0.019156516,-0.9985225,-0.9966729,-0.062794626,0.05196041,-0.06369719,0.9978426,-0.015899718
1356340432443,-0.054220796,-0.019262612,-0.9983431,-0.99796456,-0.032565475,0.054828614,-0.033567667,0.9992839,-0.017457604
1356340432492,-0.08274466,-0.02628845,-0.9962239,-0.9965574,-0.0029836893,0.08285114,-0.0051504076,0.9996499,-0.025951087
1356340432521,-0.14459914,-0.040930748,-0.9886434,-0.9892615,0.027466178,0.14355245,0.02127853,0.9987844,-0.04446274
1356340432566,-0.2085377,-0.0764344,-0.97502303,-0.9768894,0.06408256,0.20391327,0.04689601,0.9950132,-0.08803159
1356340432608,-0.28563154,-0.12788308,-0.9497687,-0.9558095,0.10998231,0.27263945,0.06959182,0.9856723,-0.15364629
1356340432650,-0.33588058,-0.19475985,-0.9215492,-0.93781126,0.16026413,0.3079375,0.087717414,0.96766937,-0.23647755
1356340432695,-0.3563497,-0.26982984,-0.89454275,-0.9289688,0.20494545,0.30824393,0.10015905,0.94084495,-0.32369578
1356340432738,-0.3661147,-0.3287627,-0.87056017,-0.9244421,0.23567483,0.29977342,0.1066148,0.914534,-0.39020616
1356340432783,-0.3754808,-0.35784492,-0.8549626,-0.9206444,0.25040117,0.29952136,0.10690144,0.8995812,-0.42346877
1356340432821,-0.3839662,-0.36271286,-0.84912276,-0.9177594,0.25093633,0.3078127,0.10142812,0.89748,-0.4292342
1356340432862,-0.39660445,-0.34549886,-0.8504913,-0.9136029,0.23901936,0.32893702,0.089636564,0.90746915,-0.41044486
1356340432902,-0.40849644,-0.31478554,-0.8567618,-0.9098131,0.21578848,0.35450733,0.07328555,0.92430806,-0.3745448
1356340432941,-0.41993302,-0.27637255,-0.86445045,-0.90598106,0.18373352,0.38136652,0.053429306,0.9433241,-0.3275441
1356340432984,-0.4324773,-0.2340559,-0.87073606,-0.9011506,0.14417857,0.40882796,0.029852927,0.96147305,-0.2732736
1356340433026,-0.44494706,-0.19428256,-0.874229,-0.8955444,0.1016804,0.43319896,0.004728973,0.9756615,-0.21923107
1356340433062,-0.45841044,-0.15913835,-0.87437683,-0.888479,0.058188975,0.45521328,-0.021562815,0.9855399,-0.16806555
1356340433102,-0.47030115,-0.13193953,-0.87258744,-0.8813002,0.018547177,0.47219265,-0.04611686,0.9910842,-0.12500107
1356340433142,-0.47662276,-0.114094645,-0.87167263,-0.8763478,-0.016847908,0.48138428,-0.069609255,0.993327,-0.091956496
1356340433182,-0.47110546,-0.10448712,-0.8758664,-0.8772432,-0.048309267,0.47760913,-0.09221649,0.9933522,-0.06890184
1356340433222,-0.44957304,-0.100192875,-0.8876066,-0.88586855,-0.07741696,0.4574315,-0.11454716,0.99195164,-0.05395311
1356340433262,-0.40895307,-0.09457448,-0.9076414,-0.902907,-0.10231525,0.41748098,-0.13234863,0.99024606,-0.043549836
1356340433302,-0.35614306,-0.08402112,-0.9306463,-0.9238113,-0.11806959,0.3641871,-0.14048043,0.98944426,-0.035570025
1356340433383,-0.2941479,-0.068356335,-0.9533123,-0.94614035,-0.12033284,0.30056337,-0.1352602,0.9903774,-0.029279053
1356340433384,-0.228571,-0.051149786,-0.97218263,-0.96626264,-0.109849215,0.23295867,-0.11870924,0.9926313,-0.024315774
1356340433419,-0.16934896,-0.03610763,-0.9848945,-0.9809959,-0.08984685,0.17197254,-0.094699144,0.9953009,-0.020205975
1356340433462,-0.12593555,-0.02585873,-0.99170136,-0.989673,-0.0657168,0.12739155,-0.06846562,0.99750316,-0.017315567
1356340433501,-0.106793344,-0.021556497,-0.9940475,-0.9933833,-0.040165782,0.107593,-0.042246014,0.99896044,-0.017124474
1356340433541,-0.11839354,-0.023475885,-0.9926892,-0.99283004,-0.013786972,0.118736446,-0.016473591,0.9996293,-0.021675289
1356340433581,-0.16119081,-0.03187394,-0.98640835,-0.9868777,0.014806271,0.16078907,0.009480029,0.9993822,-0.033842266
1356340433623,-0.22789025,-0.04783511,-0.9725112,-0.9730557,0.0471434,0.22569901,0.035051137,0.9977421,-0.05728978
1356340433663,-0.28878772,-0.0801073,-0.9540359,-0.9556061,0.084975004,0.28212795,0.0584687,0.9931576,-0.10109079
1356340433706,-0.33068156,-0.13225058,-0.9344301,-0.9406489,0.12629163,0.31500816,0.07635072,0.98313797,-0.16616368
1356340433743,-0.32800233,-0.21325085,-0.9202926,-0.9408039,0.16186345,0.29780564,0.085454434,0.96349585,-0.25371885
1356340433782,-0.30019945,-0.3003347,-0.9053614,-0.94982874,0.18146467,0.2547468,0.08778182,0.93641317,-0.33974212
1356340433828,-0.26132953,-0.37404668,-0.88982916,-0.9614215,0.18288809,0.20547667,0.08588126,0.90919805,-0.40741056
1356340433871,-0.23453969,-0.41321045,-0.87991375,-0.96875685,0.17442936,0.1763081,0.08063042,0.89377373,-0.4412111
1356340433911,-0.20729804,-0.42406967,-0.8815851,-0.9755386,0.15699905,0.15386915,0.073156774,0.8919171,-0.44624192
1356340433952,-0.20103988,-0.40528256,-0.8918122,-0.9776009,0.14089474,0.15634966,0.06228593,0.90326893,-0.4245301
1356340433991,-0.20394474,-0.36850727,-0.90697795,-0.97771835,0.12373471,0.16957784,0.049733996,0.92135346,-0.38553137
1356340434032,-0.22004342,-0.31656718,-0.92269504,-0.9748497,0.10562986,0.1962407,0.035340786,0.94267046,-0.33184856
1356340434071,-0.24052504,-0.25990644,-0.93519855,-0.9704598,0.083109826,0.22649637,0.018856317,0.9620507,-0.2722187
1356340434112,-0.26672995,-0.20367101,-0.94200486,-0.9637704,0.055015206,0.26099807,-0.0013331771,0.9774924,-0.21096623
1356340434153,-0.2953925,-0.15450832,-0.9427993,-0.95505023,0.021987617,0.2956275,-0.024947017,0.98774683,-0.15405816
1356340434193,-0.323305,-0.11679652,-0.9390593,-0.9449463,-0.013112545,0.3269627,-0.050501585,0.9930693,-0.10612702
1356340434232,-0.3454069,-0.09215391,-0.9339174,-0.9353819,-0.04663825,0.3505505,-0.07586083,0.9946519,-0.070089936
1356340434269,-0.35442448,-0.07926759,-0.9317188,-0.9298012,-0.07589567,0.360152,-0.09926179,0.99396,-0.046803832
1356340434309,-0.34215885,-0.074339956,-0.9366968,-0.93195117,-0.10043424,0.3483962,-0.11997622,0.9921626,-0.03491676
1356340434381,-0.3002758,-0.07319105,-0.95104015,-0.943843,-0.12126452,0.3073358,-0.13782164,0.9899182,-0.032668054
1356340434395,-0.22496653,-0.0651308,-0.9721873,-0.9630302,-0.13689399,0.23201868,-0.14819816,0.9884422,-0.031926394
1356340434441,-0.14494568,-0.05164033,-0.9880911,-0.97838765,-0.1413635,0.15091032,-0.1474731,0.98860997,-0.030034244
1356340434479,-0.06649113,-0.03602627,-0.99713635,-0.9885595,-0.13321829,0.070732415,-0.135385,0.9904317,-0.026756287
1356340434524,9.762645E-4,-0.022501737,-0.9997463,-0.99340403,-0.11465579,0.0016105473,-0.114662975,0.9931505,-0.022465229
1356340434571,0.049242735,-0.0134186745,-0.9986967,-0.99517334,-0.08563876,-0.04791835,-0.08488414,0.99623597,-0.017571002
1356340434611,0.06624746,-0.011282355,-0.9977395,-0.99615157,-0.058260143,-0.06548324,-0.057389557,0.9982377,-0.015098542
1356340434651,0.0574207,-0.015539616,-0.99822915,-0.9978479,-0.03260061,-0.056891263,-0.0316588,0.9993476,-0.017378151
1356340434691,0.012281388,-0.025346607,-0.99960333,-0.9998987,-0.0075052083,-0.012094736,-0.0071956515,0.9996506,-0.025436282
1356340434733,-0.053512275,-0.04408905,-0.9975934,-0.99839365,0.020985901,0.052627712,0.018615097,0.9988072,-0.04514122
1356340434770,-0.14909261,-0.07062736,-0.9862977,-0.98783016,0.055330515,0.14536214,0.04430583,0.99596703,-0.078017175
1356340434811,-0.2165837,-0.11761081,-0.9691538,-0.9738903,0.09521267,0.20608777,0.06803757,0.9884848,-0.13516158
1356340434853,-0.24762177,-0.18980503,-0.9500829,-0.96505105,0.1351521,0.22452259,0.08579016,0.9724752,-0.21663809
1356340434892,-0.24136227,-0.27863938,-0.9295721,-0.9657677,0.16280305,0.20196018,0.09506309,0.94649625,-0.30839545
1356340434931,-0.22049886,-0.35975826,-0.9066169,-0.97052765,0.17359096,0.16715929,0.09724355,0.9167552,-0.38743198
1356340434975,-0.21087572,-0.41130286,-0.8867702,-0.9728114,0.17716888,0.14916182,0.095757365,0.89411473,-0.4374807
1356340435011,-0.2241292,-0.42684624,-0.8761099,-0.9703505,0.18120253,0.15995508,0.09047711,0.88598424,-0.45480323
1356340435051,-0.25108907,-0.4142787,-0.87482995,-0.9646241,0.1821067,0.19062403,0.08034092,0.8917457,-0.4453482
1356340435091,-0.29011065,-0.3783468,-0.8790276,-0.95478165,0.17683822,0.23899838,0.065021425,0.90861535,-0.41254127
1356340435130,-0.32483855,-0.33299765,-0.8852076,-0.9445549,0.16164443,0.2858094,0.04791498,0.92896914,-0.3670429
1356340435172,-0.36042577,-0.27984235,-0.88982105,-0.9323385,0.1376853,0.3343466,0.02895093,0.9501216,-0.3105331
1356340435209,-0.3862787,-0.22851646,-0.89362687,-0.9223399,0.10495597,0.3718511,0.008817375,0.96786594,-0.25131214
1356340435252,-0.40459365,-0.18125257,-0.89635456,-0.91439855,0.06583196,0.39942637,-0.013388276,0.98123074,-0.19237232
1356340435290,-0.40903974,-0.14149702,-0.90147936,-0.91175437,0.023003995,0.41009122,-0.037289053,0.9896714,-0.13842005
1356340435331,-0.393255,-0.11055991,-0.91275793,-0.9173137,-0.020130217,0.39765608,-0.06233883,0.9936656,-0.093501866
1356340435393,-0.34925836,-0.087495744,-0.9329325,-0.9328335,-0.061616242,0.35500002,-0.088544756,0.99425745,-0.060099006
1356340435415,-0.26751035,-0.06848055,-0.96111834,-0.9567699,-0.09928638,0.27337432,-0.1141468,0.9926996,-0.03895998
1356340435457,-0.15023893,-0.04680395,-0.9875412,-0.9796808,-0.12719423,0.15507144,-0.13286749,0.9907729,-0.026743412
1356340435499,-0.027165651,-0.02431339,-0.9993353,-0.989631,-0.14039761,0.030317634,-0.14104131,0.98979664,-0.02024731
1356340435539,0.08558631,-0.005889654,-0.9963134,-0.98699254,-0.13709092,-0.083975196,-0.13609093,0.990541,-0.017546177
1356340435578,0.17853227,0.0045745373,-0.98392344,-0.9766076,-0.12098071,-0.1777673,-0.11984897,0.9926443,-0.017131418
1356340435619,0.24309528,0.006079465,-0.96998334,-0.96516156,-0.09826249,-0.24250275,-0.0967873,0.9951419,-0.018019468
1356340435659,0.27332795,-1.1566281E-4,-0.961921,-0.959286,-0.07399982,-0.27257037,-0.07115045,0.9972583,-0.020337164
1356340435699,0.26269373,-0.012214243,-0.96480197,-0.96378034,-0.051032096,-0.26176956,-0.04603845,0.9986224,-0.025177717
1356340435740,0.2109333,-0.029830188,-0.9770452,-0.9772744,-0.027927727,-0.21013016,-0.021018445,0.99916476,-0.03504315
1356340435778,0.09877911,-0.05103007,-0.9938001,-0.99510324,-0.0015490353,-0.09882909,0.0035037994,0.9986959,-0.050933182
1356340435820,-0.044741392,-0.07801309,-0.99594784,-0.99859214,0.03193015,0.042358994,0.028496236,0.9964409,-0.079331934
1356340435860,-0.20679122,-0.11135572,-0.9720274,-0.9770096,0.07616645,0.1991255,0.05186209,0.9908575,-0.12454617
1356340435899,-0.3231631,-0.15975061,-0.93276227,-0.94375396,0.1272676,0.3051746,0.0699586,0.97891915,-0.1918934
1356340435943,-0.37907484,-0.22601634,-0.89733994,-0.92195505,0.17543069,0.34528688,0.07938051,0.95819664,-0.27487832
1356340435981,-0.38450897,-0.30294234,-0.87199706,-0.91967434,0.20726949,0.33352438,0.079699755,0.9301964,-0.35830528
1356340436020,-0.3768379,-0.36610928,-0.8508567,-0.9232068,0.22320479,0.31283993,0.075381696,0.9034067,-0.42210662
1356340436062,-0.38371578,-0.39786544,-0.83334583,-0.92074084,0.2339277,0.31227255,0.07070023,0.8871194,-0.45609272
1356340436100,-0.4124805,-0.39531463,-0.82072294,-0.9085751,0.24376222,0.3392214,0.065962076,0.8856107,-0.45972025
1356340436143,-0.45304468,-0.3673312,-0.812292,-0.8894903,0.24721757,0.3843052,0.059645563,0.89663327,-0.43873817
1356340436180,-0.49791902,-0.32282498,-0.8048979,-0.8657112,0.23981565,0.43935466,0.051192433,0.91557217,-0.39888203
1356340436222,-0.5398265,-0.27183482,-0.7966764,-0.84078205,0.22010675,0.49460953,0.04090175,0.9368345,-0.34737325
1356340436261,-0.5784953,-0.2202037,-0.7854003,-0.81521255,0.18887454,0.5474989,0.02778086,0.95699364,-0.2887758
1356340436301,-0.61222106,-0.17532486,-0.77100366,-0.7906031,0.14991969,0.5936926,0.011499584,0.97302896,-0.23039639
1356340436383,-0.64353853,-0.1392946,-0.75263214,-0.7653451,0.10393834,0.6351722,-0.01024875,0.9847811,-0.17349678
1356340436384,-0.6737045,-0.11463624,-0.73005533,-0.7382159,0.058876097,0.67199016,-0.034051597,0.9916613,-0.12429136
1356340436419,-0.69874555,-0.10231733,-0.7080153,-0.71286637,0.016855419,0.70109725,-0.059800535,0.994609,-0.0847162
1356340436459,-0.7173404,-0.099953234,-0.68951595,-0.6915794,-0.01788038,0.7220791,-0.084502906,0.9948315,-0.05629933
1356340436500,-0.7230598,-0.105694056,-0.6826517,-0.68233114,-0.044858456,0.72966564,-0.10774404,0.9933864,-0.039682984
1356340436550,-0.7070286,-0.11686808,-0.69746137,-0.69525445,-0.0655244,0.71577084,-0.12935147,0.9909836,-0.0349254
1356340436592,-0.66300964,-0.12162888,-0.73866415,-0.73469067,-0.08367878,0.6732217,-0.14369369,0.98904204,-0.033879817
1356340436631,-0.6020895,-0.11598137,-0.7899598,-0.78480625,-0.09601432,0.6122584,-0.146858,0.98859984,-0.033213675
1356340436671,-0.520683,-0.10017204,-0.84785306,-0.84243125,-0.10089165,0.5292735,-0.13855973,0.9898416,-0.031855464
1356340436712,-0.4287358,-0.07822263,-0.90003717,-0.895549,-0.094504535,0.43481126,-0.119069725,0.99244654,-0.029534698
1356340436751,-0.32981205,-0.05688733,-0.9423311,-0.9392393,-0.080833614,0.33360973,-0.09515023,0.9951029,-0.02677089
1356340436793,-0.2494787,-0.04137665,-0.9674959,-0.9658734,-0.06121075,0.25167808,-0.069634765,0.9972669,-0.024693847
1356340436830,-0.20984125,-0.034087867,-0.977141,-0.9767171,-0.038291037,0.211086,-0.044611216,0.998685,-0.025259197
1356340436871,-0.22184533,-0.03415367,-0.9744835,-0.9748775,-0.012691438,0.22237983,-0.019962698,0.999336,-0.030480146
1356340436917,-0.2788704,-0.040284008,-0.95948344,-0.96031284,0.017437935,0.2783794,0.0055171847,0.9990361,-0.043548167
1356340436957,-0.35567302,-0.054282725,-0.93303275,-0.93406546,0.05473429,0.3528823,0.03191346,0.9970244,-0.07017112
1356340436995,-0.40995103,-0.088284135,-0.9078249,-0.9103215,0.1018582,0.4011729,0.057052225,0.9908738,-0.12212384
1356340437031,-0.44551533,-0.13863522,-0.8844752,-0.8920259,0.15282166,0.4253649,0.07619643,0.97848135,-0.19175059
1356340437070,-0.43719888,-0.2138438,-0.873572,-0.89533615,0.1953221,0.40027788,0.08503094,0.95714164,-0.27685672
1356340437111,-0.40915135,-0.29308504,-0.8641159,-0.90849406,0.21911874,0.35584483,0.08505118,0.93063855,-0.3559187
1356340437152,-0.38087925,-0.35279518,-0.8546734,-0.92112404,0.2251356,0.31756023,0.08038366,0.9082123,-0.4107176
1356340437190,-0.3572265,-0.38400844,-0.85142624,-0.9310194,0.21938026,0.29167634,0.07477993,0.8968889,-0.4358878
1356340437235,-0.3561557,-0.37447748,-0.8561073,-0.9320899,0.2071265,0.2971648,0.06604099,0.903806,-0.42281598
1356340437277,-0.34826586,-0.3440882,-0.87196004,-0.93583107,0.18134817,0.30221367,0.05414018,0.921258,-0.38516575
1356340437319,-0.3373435,-0.30253932,-0.89144224,-0.94051874,0.14884973,0.30539837,0.0402959,0.9414424,-0.3347574
1356340437379,-0.32899317,-0.25300047,-0.90981,-0.94402575,0.11265716,0.31003803,0.024056852,0.9608845,-0.27590245
1356340437394,-0.3132704,-0.20717129,-0.9267911,-0.9496325,0.07628298,0.30393916,0.007730931,0.9753261,-0.2206338
1356340437431,-0.30189043,-0.16072837,-0.9396961,-0.95325994,0.0379045,0.2997647,-0.012562007,0.9862706,-0.16465884
1356340437472,-0.2789713,-0.11948341,-0.9528372,-0.95967275,-0.0011543036,0.28111732,-0.03468877,0.9928355,-0.11434293
1356340437520,-0.24006915,-0.085407615,-0.9669914,-0.96900094,-0.038785636,0.24399367,-0.058344245,0.9955909,-0.07344884
1356340437548,-0.17467153,-0.05831504,-0.98289835,-0.9812443,-0.07236171,0.1786708,-0.081543416,0.9956722,-0.04458177
1356340437599,-0.08412111,-0.037854016,-0.99573624,-0.99081403,-0.10300547,0.08762115,-0.10588312,0.9939602,-0.028841317
1356340437641,0.031115532,-0.018191308,-0.9993502,-0.99136543,-0.127985,-0.028537214,-0.12738273,0.9916093,-0.022016525
1356340437682,0.14350641,0.0016802847,-0.989648,-0.97957206,-0.14210296,-0.14228657,-0.14087102,0.9898505,-0.018746763
1356340437720,0.235288,0.01760453,-0.9717663,-0.9614728,-0.14202747,-0.23536873,-0.14216095,0.9897063,-0.016491145
1356340437761,0.30501747,0.026548564,-0.95197666,-0.94332945,-0.12880969,-0.30583912,-0.13074341,0.9913139,-0.0142451525
1356340437800,0.3532821,0.028231949,-0.9350908,-0.9290501,-0.10673511,-0.35422233,-0.1098074,0.9938866,-0.011478692
1356340437841,0.3799526,0.024526954,-0.9246807,-0.92110264,-0.08170527,-0.3806496,-0.084887505,0.9963547,-0.008452266
1356340437880,0.38577908,0.016819865,-0.92243785,-0.9206631,-0.05758828,-0.38608694,-0.059615552,0.99819875,-0.006730914
1356340437921,0.3695395,0.005231619,-0.9292003,-0.9285306,-0.036295474,-0.3694775,-0.035658747,0.9993274,-0.008554876
1356340437961,0.33050126,-0.011909425,-0.94373035,-0.94372225,-0.017454326,-0.33027807,-0.0125388205,0.9997767,-0.017007828
