1356340958915,0.80615526,-0.50639033,0.30607593,0.2429281,-0.18842094,-0.95156896,0.5395364,0.8414668,-0.02888009
1356340958959,0.70911217,-0.47260365,-0.52326447,-0.45394018,0.26186964,-0.85168225,0.5395352,0.841469,-0.028838843
1356340959001,0.7091751,-0.4725093,-0.52326435,-0.45385334,0.2619989,-0.8516888,0.53952557,0.84148175,-0.028646827
1356340959041,0.70937145,-0.4721657,-0.5233085,-0.45356196,0.2625142,-0.85168535,0.5395125,0.84151405,-0.02793634
1356340959081,0.70957637,-0.47146687,-0.52366054,-0.45320228,0.26369205,-0.8515129,0.5395452,0.8415376,-0.026560187
1356340959120,0.7097302,-0.47023857,-0.5245557,-0.45270705,0.26606965,-0.85103655,0.53975856,0.84147644,-0.024042666
1356340959161,0.70941013,-0.4685927,-0.5264581,-0.45259684,0.2697122,-0.8499479,0.5402716,0.8412349,-0.020747006
1356340959199,0.7085031,-0.46687758,-0.5291961,-0.4529363,0.27421263,-0.8483255,0.5411764,0.8407334,-0.0171853
1356340959239,0.7069561,-0.4654022,-0.5325541,-0.45387268,0.27894506,-0.8462797,0.5424138,0.8399944,-0.01403141
1356340959281,0.7048737,-0.46450338,-0.5360874,-0.45520416,0.28339964,-0.84408164,0.54400575,0.8390001,-0.011682928
1356340959319,0.7023901,-0.4641057,-0.53967965,-0.45700815,0.28723642,-0.84180677,0.54570293,0.8379147,-0.010348082
1356340959362,0.69968617,-0.46427917,-0.5430324,-0.45914954,0.2901198,-0.8396501,0.5473765,0.8368246,-0.010180771
1356340959401,0.6967295,-0.46511665,-0.54610854,-0.46171823,0.29185778,-0.83763677,0.5489848,0.83575445,-0.0114068985
1356340959443,0.6935258,-0.46658045,-0.54893047,-0.46476632,0.29242808,-0.83575,0.5504673,0.8347386,-0.014044464
1356340959481,0.6902584,-0.46828982,-0.5515868,-0.46828982,0.29200554,-0.8339289,0.5515868,0.8339289,-0.017736107
1356340959523,0.6870698,-0.4708097,-0.5534197,-0.47149247,0.2906295,-0.832604,0.5528381,0.8329902,-0.022300482
1356340959563,0.6840416,-0.4737669,-0.5546459,-0.4747298,0.28816026,-0.83162206,0.5538219,0.832171,-0.02779767
1356340959601,0.68170905,-0.4771326,-0.55463254,-0.4771326,0.28475654,-0.8314194,0.55463254,0.8314194,-0.033534378
1356340959642,0.68014514,-0.48084944,-0.55334115,-0.47887665,0.2800809,-0.8320047,0.5550493,0.83086616,-0.039771914
1356340959681,0.68003863,-0.4846368,-0.55015874,-0.4792833,0.27399558,-0.8337949,0.55482876,0.8306946,-0.04595077
1356340959721,0.68139815,-0.48824853,-0.54526126,-0.47848803,0.2665725,-0.83665305,0.55384624,0.8309949,-0.051979035
1356340959761,0.68462414,-0.4915505,-0.53820807,-0.47591448,0.25781995,-0.8408533,0.5520826,0.83180946,-0.057426214
1356340959846,0.6901815,-0.4939034,-0.52887523,-0.4710883,0.24811015,-0.8464734,0.5492954,0.83336717,-0.06143108
1356340959858,0.69934386,-0.4933817,-0.5171969,-0.46348783,0.23782328,-0.8535919,0.5441481,0.8366687,-0.062356144
1356340959879,0.7128126,-0.48997772,-0.5018167,-0.45172834,0.22658446,-0.86290264,0.53650695,0.8417727,-0.059824556
1356340959915,0.7302966,-0.48134613,-0.4847399,-0.43721408,0.2158795,-0.8730635,0.52489114,0.8495304,-0.05279523
1356340959963,0.75252205,-0.46670577,-0.46464643,-0.418834,0.2053119,-0.884548,0.5082211,0.8602516,-0.040970504
1356340960000,0.77668417,-0.45149234,-0.43922243,-0.39538422,0.19336542,-0.8979316,0.49033967,0.87107086,-0.02832909
1356340960040,0.80067563,-0.43477648,-0.4121747,-0.37032086,0.18163955,-0.91097176,0.4709363,0.8820298,-0.015572429
1356340960079,0.8236061,-0.41980916,-0.3813572,-0.3421005,0.16859204,-0.9244154,0.45237184,0.8918167,-0.004763499
1356340960120,0.84401655,-0.40743375,-0.34876037,-0.31271225,0.15444586,-0.9372072,0.43571448,0.9000801,0.0029453337
1356340960159,0.8612341,-0.39932963,-0.31434307,-0.28205135,0.13895378,-0.9492834,0.4227561,0.9062162,0.007040277
1356340960200,0.87428737,-0.39566413,-0.28119653,-0.25311145,0.12270683,-0.9596237,0.4141934,0.9101609,0.0071339086
1356340960238,0.88324475,-0.39544505,-0.25199613,-0.22867824,0.10591522,-0.9677233,0.40937158,0.9123625,0.0031193867
1356340960280,0.88875127,-0.39610684,-0.23069608,-0.21279782,0.08923337,-0.9730131,0.40600294,0.91385823,-0.0049844086
1356340960319,0.89187896,-0.39449883,-0.22118454,-0.20916599,0.07382527,-0.97508943,0.40100062,0.915926,-0.016672522
1356340960359,0.8930577,-0.38908207,-0.22597134,-0.21918814,0.062396437,-0.9736853,0.39294338,0.91908747,-0.029558562
1356340960400,0.8921317,-0.38086957,-0.24298051,-0.24012816,0.055806965,-0.96913576,0.3826743,0.9229431,-0.041670345
1356340960439,0.8873559,-0.37390077,-0.26981044,-0.2688343,0.05586651,-0.9615649,0.3746032,0.9257846,-0.050943874
1356340960480,0.8788609,-0.371904,-0.2988159,-0.29795304,0.06129527,-0.95261055,0.37259567,0.9262453,-0.0569399
1356340960518,0.866568,-0.37519282,-0.32907477,-0.32674915,0.07186055,-0.94237524,0.37721995,0.9241572,-0.060321882
1356340960560,0.85216194,-0.38402018,-0.35545552,-0.35055557,0.08536795,-0.93264306,0.38849825,0.9193698,-0.061873093
1356340960599,0.83740866,-0.3950831,-0.3776985,-0.3698832,0.09913078,-0.92377466,0.4024093,0.91328114,-0.06312163
1356340960639,0.8238591,-0.4079728,-0.39346454,-0.38357836,0.109757006,-0.9169629,0.41728142,0.9063727,-0.06606524
1356340960678,0.8120862,-0.42229936,-0.40271482,-0.39280972,0.114741236,-0.91243356,0.43152806,0.899165,-0.072703525
1356340960719,0.8017597,-0.4380898,-0.40652025,-0.3997286,0.11258504,-0.9096932,0.4442954,0.89185315,-0.08485086
1356340960758,0.7916547,-0.45499966,-0.40774775,-0.4085965,0.10189822,-0.90700924,0.45423764,0.88464236,-0.10524304
1356340960821,0.77854973,-0.47171926,-0.41393387,-0.42825538,0.08280891,-0.8998556,0.45875663,0.8778517,-0.13754547
1356340960843,0.74684286,-0.48693213,-0.45290488,-0.48564878,0.06588057,-0.8716679,0.45428073,0.8709517,-0.18727556
1356340960880,0.22643566,-0.37870693,-0.8973895,-0.86896276,0.33768052,-0.36176717,0.4400347,0.8617151,-0.25261933
1356340960921,-0.88265896,0.46425498,0.073351055,0.21391772,0.257842,0.94220835,0.41851196,0.8473398,-0.32689887
1356340960960,-0.8623944,0.4841887,0.14777404,0.31383184,0.2822935,0.9065428,0.39722216,0.82817364,-0.3954022
1356340961002,-0.85909915,0.4898935,0.14816529,0.33703566,0.32364535,0.88411576,0.38516957,0.80948013,-0.44315505
1356340961041,-0.859777,0.49327952,0.1321324,0.3334933,0.34640747,0.8768034,0.38673747,0.7979206,-0.46233863
1356340961081,-0.8626796,0.49348485,0.11070953,0.3133368,0.34968007,0.8829178,0.39699364,0.7963646,-0.4562888
1356340961122,-0.8664519,0.49094814,0.09072496,0.28198123,0.33126277,0.90041745,0.41200447,0.8057512,-0.4254614
1356340961160,-0.87064767,0.48641998,0.07326913,0.2451093,0.29984897,0.921961,0.42649055,0.8206621,-0.3802889
1356340961201,-0.8748068,0.480667,0.06059888,0.20679824,0.2573666,0.94392633,0.4381181,0.83828497,-0.32454717
1356340961240,-0.8793903,0.47307503,0.053597257,0.17069311,0.20818573,0.9630797,0.4444508,0.8560716,-0.2638272
1356340961282,-0.88510036,0.4624324,0.052475333,0.1398572,0.1567434,0.97768676,0.4438889,0.87268996,-0.20340812
1356340961320,-0.8922685,0.4480064,0.056099355,0.116161585,0.10771358,0.9873724,0.43630648,0.8875179,-0.1481505
1356340961361,-0.90061384,0.4302738,0.06131284,0.09939191,0.06656492,0.9928194,0.42310292,0.9002409,-0.102715075
1356340961401,-0.9103068,0.4093448,0.061467677,0.084728315,0.03891301,0.9956439,0.40516979,0.9115495,-0.07010591
1356340961441,-0.9222345,0.38465533,0.039036542,0.055524826,0.031847775,0.99794924,0.38262329,0.92251074,-0.050729036
1356340961481,-0.9327893,0.35176897,-0.07850306,-0.05830206,0.06767422,0.9960026,0.35567546,0.93363744,-0.042617023
1356340961521,-0.4353789,0.113550514,-0.89305735,-0.8375751,0.31256777,0.44807285,0.33001983,0.94308406,-0.040978372
1356340961561,0.72105,-0.2664094,-0.6396193,-0.6184586,0.16875416,-0.7674836,0.31240326,0.9489721,-0.043082997
1356340961601,0.8127949,-0.28799912,-0.50638014,-0.49464926,0.117954284,-0.8610511,0.30771166,0.9503386,-0.046585903
1356340961642,0.82970726,-0.30246073,-0.46915177,-0.45970488,0.10650307,-0.88166237,0.31663433,0.947193,-0.0506763
1356340961681,0.8283388,-0.3206649,-0.45937878,-0.4496685,0.10851729,-0.886579,0.3341453,0.94095594,-0.054303825
1356340961721,0.81969255,-0.34005353,-0.4609422,-0.44953093,0.116832495,-0.8855914,0.3550015,0.9331205,-0.057097852
1356340961760,0.8080299,-0.35886335,-0.4672309,-0.4535492,0.12724462,-0.8821009,0.37600628,0.9246761,-0.05994472
1356340961824,0.7954953,-0.37751618,-0.4739924,-0.45849118,0.13645479,-0.87816054,0.39619833,0.91589385,-0.06453869
1356340961843,0.78273845,-0.39844006,-0.47808582,-0.4628715,0.14079893,-0.87517184,0.41601747,0.9063229,-0.07421781
1356340961880,0.7694895,-0.42279202,-0.4786783,-0.4680525,0.1366184,-0.8730763,0.43452597,0.8958696,-0.09276244
1356340961918,0.75419647,-0.45368966,-0.47471404,-0.4781498,0.11606115,-0.8705761,0.45006722,0.8835698,-0.12939872
1356340961957,0.73112416,-0.4901297,-0.47458443,-0.5041147,0.080608994,-0.8598666,0.459702,0.8679142,-0.18814641
1356340961999,-0.79296345,0.5261514,0.3072028,0.39668423,0.06314874,0.9157804,0.46243975,0.84804296,-0.25879055
1356340962040,-0.73877984,0.5592979,0.37601885,0.49195197,0.06619257,0.8681024,0.4606382,0.82631975,-0.32404947
1356340962078,-0.7353185,0.5772293,0.35512394,0.4989675,0.10650021,0.8600518,0.45862633,0.8096073,-0.36633027
1356340962119,-0.74304616,0.58038783,0.33321518,0.48771206,0.12865615,0.86347234,0.45827866,0.8041129,-0.3786596
1356340962158,-0.75859374,0.57164776,0.312657,0.46224663,0.13398355,0.8765708,0.4591989,0.8094858,-0.36588132
1356340962199,-0.7770936,0.55537784,0.29610974,0.42848805,0.12223321,0.8952414,0.46100277,0.8225658,-0.3329594
1356340962238,-0.79446316,0.53685355,0.28393075,0.39364836,0.09920174,0.91389287,0.4624602,0.83782303,-0.29014367
1356340962278,-0.81035507,0.5164444,0.2767848,0.36115795,0.068266034,0.93000245,0.46139959,0.85359526,-0.24183774
1356340962318,-0.8252462,0.49342933,0.27476573,0.33407804,0.0342263,0.9419238,0.45536864,0.8691122,-0.19308901
1356340962358,-0.8398112,0.46702713,0.27677232,0.31394446,0.0018745661,0.9494395,0.44289517,0.884241,-0.14819491
1356340962399,-0.8549501,0.4366519,0.27999204,0.30009443,-0.02390343,0.95360994,0.42308837,0.899313,-0.11060053
1356340962439,-0.8716827,0.403035,0.27880478,0.2881911,-0.03857732,0.9567956,0.39637762,0.91437113,-0.082524
1356340962480,-0.89332557,0.36607257,0.26069197,0.26602432,-0.036792815,0.96326387,0.3622161,0.9298587,-0.06451625
1356340962523,-0.92479974,0.3310187,0.18754211,0.19508456,-0.01061523,0.9807289,0.32663044,0.9435645,-0.05475968
1356340962571,-0.94324327,0.28716904,-0.16681156,-0.14419176,0.09835017,0.9846502,0.29916698,0.9528175,-0.051360726
1356340962608,0.39912397,-0.16770738,-0.90142906,-0.87067515,0.23888683,-0.42995107,0.28744555,0.9564556,-0.050673187
1356340962648,0.706072,-0.2533366,-0.66127366,-0.6443581,0.15746579,-0.74833626,0.29370892,0.9544763,-0.052057326
1356340962688,0.75647,-0.2822683,-0.58998114,-0.57498413,0.14286795,-0.8055942,0.31168306,0.9486376,-0.054224446
1356340962728,0.76804835,-0.30638963,-0.5623407,-0.5462392,0.14489421,-0.825002,0.334252,0.94081396,-0.056076273
1356340962766,0.76750094,-0.32796443,-0.5508009,-0.5324312,0.15239125,-0.83264273,0.35701445,0.9323177,-0.05765806
1356340962807,0.7627316,-0.347763,-0.5452536,-0.5246144,0.16031507,-0.83610934,0.37818027,0.9237749,-0.06016411
1356340962850,0.75685304,-0.36847585,-0.5398139,-0.51837987,0.16460335,-0.8391592,0.39806506,0.9149489,-0.06642991
1356340962889,0.75058866,-0.39213943,-0.5318302,-0.5131887,0.16105264,-0.8430299,0.41623795,0.9056979,-0.08035727
1356340962930,0.7452619,-0.42371985,-0.5148263,-0.50825053,0.13877001,-0.8499555,0.4315855,0.8951003,-0.111935854
1356340962968,0.7495626,-0.46319824,-0.4728672,-0.4928767,0.08629337,-0.86580944,0.44184673,0.8820436,-0.16361734
1356340963010,-0.6660477,0.4943031,0.5586099,0.59885013,-0.09212285,0.7955451,0.44470114,0.86439455,-0.2346552
1356340963048,-0.69301486,0.5360081,0.48210552,0.56883895,-0.0042684674,0.8224379,0.4428912,0.84420204,-0.3019442
1356340963090,-0.69700325,0.55991983,0.44796905,0.56538355,0.044870496,0.82360667,0.44105312,0.8273309,-0.34784436
1356340963128,-0.7086725,0.56775004,0.4188594,0.549954,0.07262552,0.8320313,0.4419659,0.8199912,-0.3637041
1356340963169,-0.72808486,0.5609294,0.39401835,0.521626,0.08043623,0.84937406,0.4447456,0.8239467,-0.35115975
1356340963209,-0.75231147,0.5430643,0.3729728,0.48377267,0.07108301,0.8723023,0.44720417,0.83667696,-0.31619626
1356340963249,-0.7766128,0.52010065,0.35548243,0.44325346,0.050148487,0.8949925,0.44765928,0.85263145,-0.2694823
1356340963290,-0.7995999,0.49356815,0.34209725,0.4040968,0.020817637,0.91447926,0.4442362,0.86945796,-0.21609509
1356340963329,-0.8192778,0.46614006,0.33391207,0.37252292,-0.009997666,0.92796916,0.43590194,0.88465446,-0.16545701
1356340963370,-0.83713764,0.43561965,0.33081126,0.3499322,-0.038324356,0.93599075,0.4204141,0.8993146,-0.12035459
1356340963408,-0.8513735,0.40374783,0.3348892,0.33996174,-0.061509073,0.9384256,0.39948604,0.91280025,-0.08489156
1356340963449,-0.862655,0.37010586,0.34474355,0.34168923,-0.07611406,0.93672574,0.3729275,0.92586625,-0.06080109
1356340963488,-0.8692812,0.3358706,0.3626859,0.35610273,-0.083381295,0.93071926,0.3428425,0.93821025,-0.047122598
1356340963529,-0.86976725,0.30134165,0.39076614,0.3837797,-0.08469796,0.9195322,0.31019044,0.9497471,-0.04198128
1356340963568,-0.85161734,0.26814982,0.4503817,0.443275,-0.090132356,0.8918427,0.2797414,0.9591516,-0.042105913
1356340963614,-0.61511487,0.20092362,0.76240623,0.74460393,-0.1698907,0.6455246,0.25922692,0.96476257,-0.045106173
1356340963648,0.9673267,-0.25351772,-0.0027856082,-0.015084483,-0.046581924,-0.9988005,0.25308388,0.96620846,-0.048884124
1356340963689,0.9506098,-0.26891935,-0.15499479,-0.16363381,-0.009868801,-0.9864718,0.26375175,0.9631121,-0.05338568
1356340963728,0.93916243,-0.289047,-0.18554181,-0.19424908,-0.0014668701,-0.98095113,0.2832688,0.9573137,-0.05752474
1356340963770,0.9303505,-0.3131301,-0.19078133,-0.20020744,0.0020923018,-0.9797513,0.3071888,0.9497079,-0.060744405
1356340963826,0.924049,-0.3355741,-0.18309405,-0.19377469,0.0016870797,-0.98104453,0.32952204,0.9420122,-0.06346682
1356340963850,0.920432,-0.356628,-0.16006705,-0.17355438,-0.005916207,-0.9848064,0.35026255,0.9342277,-0.06733981
1356340963888,0.9203546,-0.3763482,-0.10634643,-0.12657017,-0.029346377,-0.99152344,0.37003717,0.9260134,-0.07464352
1356340963930,0.9201455,-0.39157403,-0.0013803691,-0.036929205,-0.083268076,-0.9958427,0.3898312,0.9163712,-0.091079265
1356340963968,0.90216315,-0.3786195,0.20675838,0.14053227,-0.19519761,-0.9706434,0.40786326,0.90473485,-0.12289181
1356340964008,0.7852673,-0.2585869,0.5625728,0.454537,-0.3761983,-0.80738527,0.42041814,0.88972336,-0.17787892
1356340964048,0.38091147,0.07893154,0.9212362,0.8213557,-0.48642445,-0.29793617,0.4245953,0.87014997,-0.25011548
1356340964088,-0.080542564,0.3879467,0.9181559,0.9026792,-0.36225748,0.23224896,0.42270914,0.8475062,-0.32101429
1356340964129,-0.3263796,0.5203237,0.78913856,0.846302,-0.21098888,0.48913872,0.42100993,0.8274944,-0.3714885
1356340964168,-0.4548555,0.567025,0.68672353,0.7837147,-0.111368954,0.6110551,0.4229632,0.816137,-0.3937291
1356340964210,-0.5358345,0.5737332,0.6194446,0.7275263,-0.05856943,0.68357515,0.42847028,0.81694543,-0.3860225
1356340964248,-0.5957909,0.56303346,0.572736,0.6755372,-0.034376264,0.73652416,0.43437627,0.8257188,-0.35986894
1356340964290,-0.6424082,0.540428,0.54336846,0.62836534,-0.03444439,0.77715546,0.43871254,0.84068495,-0.31745887
1356340964328,-0.6783639,0.5124074,0.5265558,0.58931684,-0.048527956,0.8064433,0.4387802,0.8573702,-0.26905072
1356340964370,-0.70646447,0.47763962,0.5222723,0.56130475,-0.071362615,0.8245268,0.4310974,0.8756528,-0.21768624
1356340964408,-0.72475696,0.4378783,0.53196794,0.5498378,-0.09771615,0.82953596,0.41521767,0.8937081,-0.1699416
1356340964448,-0.7329551,0.39304942,0.5552377,0.55663395,-0.122688115,0.8216485,0.3910695,0.91129565,-0.12885982
1356340964488,-0.7252427,0.34449926,0.5961069,0.58618003,-0.14517993,0.797067,0.36113173,0.9274929,-0.09664786
1356340964528,-0.6907396,0.2925098,0.66129935,0.6444341,-0.16581094,0.7464659,0.32799926,0.94177747,-0.07397109
1356340964569,-0.5988908,0.23290706,0.7662142,0.7449609,-0.18907648,0.63975257,0.293876,0.9539415,-0.06027049
1356340964609,-0.34315735,0.14515486,0.92799413,0.9016429,-0.2259605,0.3687573,0.26321697,0.96326107,-0.053337872
1356340964650,0.2857566,-0.020523787,0.95808244,0.9273613,-0.24607527,-0.28186512,0.24154535,0.96903336,-0.05128464
1356340964698,0.82032675,-0.17077313,0.5458027,0.52032393,-0.17319244,-0.83622205,0.23733315,0.9699695,-0.053217053
1356340964742,0.9455907,-0.22934866,0.2307759,0.20994088,-0.11177477,-0.9713039,0.24856216,0.9669052,-0.057543516
1356340964778,0.96163464,-0.26095453,0.084626034,0.06507907,-0.08267355,-0.9944495,0.26650244,0.9618045,-0.06251907
1356340964826,0.95732194,-0.28866905,0.01431556,-0.0058541894,-0.06888747,-0.99760723,0.2889645,0.9549475,-0.067637414
1356340964860,0.94923955,-0.31421047,-0.014698401,-0.036768436,-0.06442857,-0.9972447,0.31239772,0.94716454,-0.07271117
1356340964901,0.9414103,-0.33707726,-0.011208221,-0.037041277,-0.07030511,-0.99683756,0.33522326,0.9388483,-0.07867172
1356340964940,0.9338447,-0.3563916,0.030317202,-0.003057316,-0.09271139,-0.9956884,0.35766572,0.9297256,-0.087667644
1356340964982,0.92122614,-0.36579636,0.13242102,0.08363959,-0.14619657,-0.9857135,0.3799299,0.9191407,-0.10408506
1356340965019,0.87765217,-0.33738515,0.3404377,0.26263067,-0.25564238,-0.9304149,0.4009385,0.9059901,-0.13575742
1356340965060,0.69033885,-0.17642014,0.7016468,0.59072644,-0.42247018,-0.68743086,0.41770148,0.88904154,-0.18743151
1356340965101,0.21727186,0.17524257,0.9602515,0.87757206,-0.4658028,-0.11355695,0.42738777,0.8673626,-0.2549939
1356340965140,-0.19678938,0.4320202,0.88013214,0.88050354,-0.31698602,0.3524676,0.43126267,0.8443213,-0.31801587
1356340965183,-0.39347875,0.53236234,0.7495097,0.8111223,-0.18271571,0.55560374,0.43272972,0.8265623,-0.35991615
1356340965220,-0.50212437,0.56595665,0.653884,0.7482919,-0.094688475,0.656577,0.43350938,0.8189794,-0.37595534
1356340965261,-0.57483625,0.5647332,0.5921483,0.6944079,-0.046130896,0.7181014,0.43285203,0.8239832,-0.36563742
1356340965300,-0.6348314,0.54477006,0.5479184,0.6420792,-0.02250868,0.76630783,0.42979452,0.8382833,-0.33549625
1356340965341,-0.6859885,0.5149723,0.5140266,0.5914823,-0.016756952,0.8061439,0.42375535,0.857043,-0.2931019
1356340965380,-0.7291945,0.47915,0.48855975,0.5454276,-0.024202526,0.83780843,0.41326025,0.87739927,-0.24369329
1356340965421,-0.76391566,0.4402085,0.47185725,0.5084928,-0.039583743,0.8601558,0.3973258,0.8970226,-0.19360417
1356340965460,-0.79027265,0.3981655,0.46576118,0.48460695,-0.05905837,0.8727361,0.37500048,0.9154105,-0.1462816
1356340965519,-0.80715185,0.3545492,0.47201782,0.47725263,-0.07872057,0.8752332,0.3474707,0.93171775,-0.105670154
1356340965539,-0.81358975,0.3105494,0.49155948,0.48809955,-0.09462422,0.8676434,0.3159596,0.94583577,-0.07459366
1356340965579,-0.80649924,0.26798272,0.5270144,0.51918703,-0.10543245,0.8481325,0.2828493,0.9576373,-0.054101884
1356340965617,-0.77957934,0.22851649,0.5831263,0.57373977,-0.11279678,0.8112334,0.251155,0.96698356,-0.043174922
1356340965659,-0.71115243,0.19270213,0.67611253,0.66533434,-0.12623733,0.7357951,0.22713992,0.97310334,-0.038437426
1356340965698,-0.522702,0.14857578,0.83946884,0.82439435,-0.16273403,0.5421177,0.21715572,0.9754193,-0.03742361
1356340965738,0.13102198,0.009300083,0.99133587,0.9657465,-0.22711498,-0.12550932,0.22397992,0.9738236,-0.03873858
1356340965778,0.8893099,-0.20678866,0.4078802,0.38666058,-0.13622078,-0.912106,0.24417496,0.96885616,-0.04118547
1356340965825,0.9619696,-0.27227625,-0.021913841,-0.032796375,-0.03548196,-0.99883205,0.2711807,0.9615647,-0.04306224
1356340965861,0.92660344,-0.3012039,-0.22512697,-0.22763681,0.027229875,-0.97336525,0.2993116,0.95317084,-0.0433338
1356340965900,0.8793103,-0.3197158,-0.3529804,-0.34698206,0.077601016,-0.93465585,0.3262159,0.9443304,-0.042700283
1356340965941,0.82878745,-0.33274132,-0.44988286,-0.4351337,0.12224251,-0.8920288,0.35180962,0.93506145,-0.043473914
1356340965981,0.7730595,-0.3440191,-0.5329447,-0.51034445,0.16167119,-0.84463674,0.37673295,0.9249397,-0.05058679
1356340966020,0.7025567,-0.3548364,-0.61685103,-0.58889043,0.19676143,-0.7838961,0.39952737,0.91398907,-0.07072371
1356340966061,0.5862215,-0.36479437,-0.7233737,-0.6943381,0.23381907,-0.6806051,0.4174195,0.90125126,-0.11622083
1356340966100,0.2959638,-0.32886988,-0.89679986,-0.85390574,0.3296629,-0.4027,0.42807752,0.88496715,-0.18325561
1356340966141,-0.51801455,5.912185E-4,-0.8553716,-0.7389039,0.5034579,0.44782946,0.43090832,0.8640195,-0.26036167
1356340966180,-0.9010018,0.37278318,-0.22187507,-0.06601979,0.3876657,0.9194328,0.42876244,0.84305876,-0.32467645
1356340966221,-0.87832814,0.47449875,0.05822839,0.21987115,0.29280287,0.9305499,0.42449534,0.830131,-0.36150563
1356340966260,-0.8457967,0.504505,0.17350122,0.32961857,0.23844278,0.9135079,0.41949913,0.8298312,-0.36796832
1356340966301,-0.83083254,0.5066635,0.23023787,0.3707885,0.19544697,0.9079187,0.41500995,0.83969796,-0.35024875
1356340966340,-0.8292328,0.4946693,0.2601446,0.37808904,0.15370369,0.9129205,0.41160858,0.8553815,-0.3144852
1356340966385,-0.8356949,0.47506875,0.27554262,0.36736268,0.11060655,0.9234776,0.40823853,0.87296957,-0.26695585
1356340966421,-0.8472694,0.45034686,0.28164193,0.34656355,0.066875935,0.9356395,0.40252724,0.8903456,-0.21273577
1356340966461,-0.8621598,0.42326662,0.27843466,0.31969622,0.02816993,0.9471013,0.39303288,0.9055671,-0.15960371
1356340966501,-0.8811522,0.39438942,0.26082146,0.28370336,-3.017187E-4,0.9589121,0.37826347,0.91894335,-0.111623704
1356340966540,-0.90860325,0.36698297,0.19940794,0.21264938,-0.004445076,0.97711843,0.35947222,0.93021697,-0.07399982
1356340966582,-0.93962985,0.33120382,-0.08602202,-0.06481345,0.07457775,0.99510676,0.33599845,0.94060737,-0.04860902
1356340966620,0.42239606,-0.16951787,-0.8904186,-0.8520489,0.2608295,-0.45385095,0.3091833,0.950385,-0.034264177
1356340966661,0.74403226,-0.23798107,-0.62432444,-0.6051599,0.15602136,-0.7806657,0.28319162,0.9586566,-0.027931675
1356340966700,0.7940574,-0.23403527,-0.5609815,-0.5469879,0.12738252,-0.8273922,0.2650982,0.96384704,-0.026865438
1356340966741,0.8088191,-0.2346176,-0.5392275,-0.52731866,0.11649555,-0.8416436,0.260282,0.96508205,-0.02949442
1356340966780,0.81042665,-0.2452033,-0.53205633,-0.520723,0.11463487,-0.84599423,0.2684328,0.9626703,-0.034779847
1356340966824,0.80547595,-0.2619111,-0.5316118,-0.5198712,0.11836845,-0.84600407,0.28450394,0.9578056,-0.040817097
1356340966861,0.7976481,-0.2803892,-0.5339845,-0.52103454,0.12558335,-0.84424627,0.3037771,0.95163584,-0.045921132
1356340966900,0.7895957,-0.29767168,-0.5365911,-0.5220796,0.1336169,-0.84236526,0.32244593,0.9452714,-0.049904972
1356340966941,0.7824533,-0.3152795,-0.53699696,-0.5211981,0.1403254,-0.8418202,0.34076297,0.93856674,-0.054525033
1356340966980,0.7769671,-0.3351067,-0.5329405,-0.51738334,0.14239594,-0.8438234,0.35865945,0.93135756,-0.06274165
1356340967022,0.77236414,-0.3623107,-0.52171314,-0.5113056,0.1326769,-0.84909564,0.37685573,0.9225659,-0.082776606
1356340967060,0.7712107,-0.39799404,-0.49682483,-0.5004848,0.10321021,-0.8595712,0.39338163,0.91156375,-0.11959316
1356340967104,0.7792553,-0.44154906,-0.44474226,-0.4777425,0.040769517,-0.87755346,0.40561485,0.89631045,-0.17917688
1356340967150,0.82298374,-0.47807246,-0.3068299,-0.39187533,-0.08675626,-0.9159187,0.4112561,0.8740252,-0.2587438
1356340967191,0.6744002,-0.050876915,0.73661107,0.6118742,-0.5198735,-0.5961053,0.41327256,0.8527269,-0.31947252
1356340967231,-0.43750304,0.51915765,0.73421144,0.7984917,-0.15118915,0.58271164,0.41352403,0.8411998,-0.34839737
1356340967270,-0.58128667,0.5371065,0.61124647,0.70186234,-0.049113512,0.7106174,0.41169772,0.84208333,-0.34842587
1356340967316,-0.65597135,0.5166791,0.550222,0.6356855,-0.01485014,0.7718053,0.40694657,0.85605025,-0.3187042
1356340967361,-0.7139247,0.48291588,0.507054,0.5745295,-0.00996834,0.81842315,0.400284,0.87561,-0.2703328
1356340967403,-0.7558193,0.44887102,0.47670946,0.52421063,-0.021438658,0.8513187,0.3923523,0.8933393,-0.21909922
1356340967440,-0.7869369,0.41532665,0.45632666,0.4846691,-0.041633308,0.87370616,0.38187188,0.9087191,-0.16853315
1356340967481,-0.809785,0.3824796,0.44492415,0.45702535,-0.06434393,0.8871232,0.36793473,0.92172074,-0.12269807
1356340967527,-0.8257974,0.3499343,0.44227213,0.44242927,-0.08434731,0.892828,0.34973562,0.9329692,-0.08516741
1356340967560,-0.83375764,0.3182248,0.45119965,0.44390124,-0.09960681,0.89052236,0.32832885,0.942768,-0.05821246
1356340967601,-0.833391,0.2851658,0.4734342,0.4628017,-0.10818148,0.879836,0.30211592,0.95235354,-0.041817725
1356340967640,-0.8015655,0.24782886,0.5441264,0.5309395,-0.12345517,0.83836865,0.27494717,0.9609057,-0.03262472
1356340967682,0.7865588,-0.18784483,0.58825135,0.5636623,-0.17067195,-0.80818063,0.25221056,0.9672566,-0.028362483
1356340967721,0.92377394,-0.23833531,-0.29972985,-0.29718828,0.04741186,-0.95364106,0.24149707,0.97002494,-0.027032621
1356340967761,0.90294623,-0.24010454,-0.35642377,-0.3520699,0.06231785,-0.93389684,0.24644443,0.9687447,-0.028263927
1356340967823,0.8890794,-0.25478846,-0.38029027,-0.37456614,0.07262099,-0.92435193,0.26313126,0.96426606,-0.030869305
1356340967843,0.8751538,-0.27443618,-0.39848533,-0.3908509,0.08448085,-0.9165689,0.28520402,0.9578872,-0.03332988
1356340967880,0.8603663,-0.29464707,-0.4158761,-0.40571573,0.09794009,-0.90873677,0.3084876,0.950574,-0.035278603
1356340967921,0.84489626,-0.3136525,-0.43332702,-0.42054072,0.111174494,-0.90043634,0.330599,0.94300705,-0.03797272
1356340967960,0.8294344,-0.33333513,-0.44824797,-0.43388245,0.120970845,-0.8928113,0.3518303,0.9350153,-0.044290885
1356340968001,0.81429386,-0.35631216,-0.4582216,-0.44553596,0.12232223,-0.886868,0.37205255,0.92632544,-0.059143633
1356340968042,0.79988885,-0.3855058,-0.45995983,-0.456479,0.106751174,-0.883307,0.38962123,0.9165094,-0.09058623
1356340968082,0.78681874,-0.4224036,-0.44999057,-0.46905068,0.06461978,-0.8808041,0.40113312,0.90410155,-0.14728463
1356340968120,0.777457,-0.4609492,-0.42788616,-0.48131773,0.0018598735,-0.87654424,0.40483817,0.8874246,-0.22041705
1356340968162,0.77716255,-0.49254268,-0.39168873,-0.48457712,-0.071273506,-0.87184,0.4015014,0.86736476,-0.294066
1356340968200,0.91139203,-0.4102959,0.03196585,-0.11563085,-0.3298465,-0.93692625,0.39496085,0.8502109,-0.34806234
1356340968241,-0.7685437,0.519005,0.37413147,0.508998,0.14169455,0.84902513,0.38763586,0.8429451,-0.37307096
1356340968280,-0.79491645,0.50397044,0.33781895,0.4729655,0.16598529,0.8653048,0.3800151,0.8476218,-0.37030506
1356340968321,-0.8206015,0.47968394,0.3106709,0.43360853,0.16846436,0.8852138,0.37228584,0.8611173,-0.34623718
1356340968382,-0.8458688,0.4505583,0.2854874,0.38948965,0.156066,0.90771204,0.36442232,0.87899977,-0.3074991
1356340968400,-0.870016,0.41951755,0.25899294,0.3413048,0.13340002,0.93043834,0.35578552,0.8978917,-0.25924355
1356340968441,-0.8927408,0.38855383,0.22812235,0.2892156,0.10593802,0.95138395,0.34549707,0.91531575,-0.20695102
1356340968475,-0.91353697,0.3603124,0.1887465,0.23259169,0.08205539,0.96910685,0.3336935,0.9292157,-0.15876627
1356340968516,-0.93338245,0.33303446,0.13373578,0.16479406,0.06669098,0.9840707,0.3188105,0.94055325,-0.11713028
1356340968558,-0.952287,0.3034585,0.032593086,0.05656404,0.07053882,0.99590397,0.29991645,0.95023,-0.08433807
1356340968608,-0.9385022,0.25048772,-0.23763333,-0.21303484,0.12152946,0.969457,0.27171648,0.9604617,-0.060693026
1356340968646,-0.07318258,-0.027629316,-0.9969358,-0.9671189,0.24609512,0.06417346,0.243568,0.9688518,-0.044730723
1356340968688,0.6507745,-0.1735897,-0.7391612,-0.7265102,0.14051446,-0.6726356,0.22062546,0.97474223,-0.034671456
1356340968730,0.7797653,-0.18498458,-0.5981194,-0.5901435,0.101805925,-0.8008534,0.2090376,0.97745395,-0.029782712
1356340968768,0.8231343,-0.19298922,-0.53404593,-0.52753466,0.08813813,-0.84494907,0.2101359,0.9772343,-0.029258996
1356340968825,0.8416169,-0.20928231,-0.49787736,-0.49189487,0.08357364,-0.86663425,0.22298063,0.9742774,-0.032607913
1356340968851,0.8485589,-0.22981349,-0.47658533,-0.47083881,0.082923174,-0.8783135,0.24136823,0.9696956,-0.037839904
1356340968891,0.84924823,-0.25188595,-0.4640375,-0.458592,0.08366957,-0.8846993,0.26166913,0.9641332,-0.04445663
1356340968930,0.84498787,-0.272937,-0.4598921,-0.45509404,0.084650606,-0.8864105,0.28086436,0.95830035,-0.052683264
1356340968972,0.8357307,-0.29375765,-0.46396193,-0.46061364,0.08500567,-0.8835209,0.29898039,0.9520927,-0.064266935
1356340969010,0.81685185,-0.31515872,-0.48314393,-0.48244494,0.08590096,-0.871704,0.3162276,0.94514334,-0.081878364
1356340969053,0.7767958,-0.33792326,-0.53140956,-0.5353609,0.090016246,-0.83981293,0.33162785,0.9368591,-0.11098665
1356340969090,0.6767171,-0.35954988,-0.6424779,-0.6519891,0.1127007,-0.74980587,0.3420003,0.926295,-0.1581561
1356340969131,0.36893973,-0.35041654,-0.86086684,-0.8633107,0.21395251,-0.45707655,0.34435183,0.91182923,-0.22358274
1356340969170,-0.32535514,-0.18322232,-0.9276711,-0.88227797,0.41176763,0.2281074,0.34019053,0.89267963,-0.29562378
1356340969212,-0.7496152,0.019945621,-0.6615733,-0.5701371,0.48824057,0.6607306,0.33618557,0.8724811,-0.3546208
1356340969251,-0.8630984,0.11885381,-0.49085128,-0.37543362,0.49908832,0.78099966,0.33780295,0.8583616,-0.38614058
1356340969290,-0.8933616,0.16996822,-0.41595158,-0.28920358,0.49098152,0.8217654,0.34389856,0.8544284,-0.38946867
1356340969331,-0.9011368,0.20645708,-0.38121882,-0.2527963,0.46413016,0.84892714,0.35220215,0.8613702,-0.36605316
1356340969381,-0.9011066,0.2408874,-0.3605276,-0.24009517,0.41516685,0.87749124,0.3610557,0.87727404,-0.3162737
1356340969419,-0.90044314,0.27134487,-0.33996195,-0.23211864,0.36123103,0.9031241,0.36786288,0.89212334,-0.2622838
1356340969460,-0.9014586,0.29704666,-0.31485823,-0.22236556,0.30628455,0.92560434,0.37138388,0.9044076,-0.21004987
1356340969501,-0.9056841,0.31619832,-0.28240892,-0.20718832,0.25105077,0.94554025,0.36987725,0.9148727,-0.16186005
1356340969540,-0.9138402,0.32706815,-0.24067128,-0.18281226,0.19785815,0.96303266,0.3625961,0.9240555,-0.12101871
1356340969580,-0.925571,0.32463115,-0.19476342,-0.1530677,0.14962888,0.97682214,0.3462491,0.9339303,-0.08880156
1356340969619,-0.9397368,0.3091794,-0.14595465,-0.11750821,0.10881674,0.987092,0.32107085,0.9447576,-0.06592792
1356340969660,-0.9548507,0.27921337,-0.10148876,-0.082607165,0.07861096,0.99347687,0.28537017,0.95700586,-0.05199665
1356340969708,-0.9676941,0.24134374,-0.07294817,-0.059856325,0.06114936,0.9963323,0.24491929,0.9685112,-0.04472798
1356340969759,-0.9721043,0.21394414,-0.09613106,-0.08497778,0.060753584,0.9945289,0.21861392,0.97495484,-0.040878296
1356340969847,0.781909,-0.19578457,-0.5918503,-0.5852283,0.09655118,-0.8050998,0.21476996,0.97588235,-0.039084435
1356340969855,0.9598268,-0.22878562,-0.1624488,-0.16695021,-3.2532215E-4,-0.98596525,0.22552183,0.97347677,-0.03850806
1356340969878,0.9576185,-0.253825,-0.13616064,-0.14150439,-0.0028256772,-0.9899336,0.25088516,0.96724606,-0.038623273
1356340969916,0.94844776,-0.2816921,-0.14524603,-0.15034066,0.0035641487,-0.98862785,0.2790063,0.9594982,-0.038969364
1356340969959,0.93791133,-0.3099905,-0.1556542,-0.16047904,0.010044694,-0.98698807,0.30752045,0.9506866,-0.040325943
1356340970002,0.9278775,-0.33761036,-0.15831178,-0.16404207,0.011685967,-0.9863841,0.3348635,0.9412134,-0.044539146
1356340970039,0.920412,-0.36360902,-0.14363188,-0.15336931,0.0021156361,-0.9881667,0.3596102,0.9315493,-0.05381921
1356340970079,0.9158764,-0.3875077,-0.104920074,-0.12632313,-0.030101895,-0.9915323,0.3810681,0.9213749,-0.07652079
1356340970118,0.9177314,-0.39680362,0.017774016,-0.031453237,-0.11720726,-0.99260926,0.3959542,0.91038966,-0.12004554
1356340970158,-0.7379215,0.43665993,0.51458716,0.5434099,-0.0677343,0.83673036,0.40022182,0.89707315,-0.18730277
1356340970202,-0.8814488,0.44396305,0.16107425,0.26004672,0.17154431,0.95023584,0.39423826,0.87947106,-0.26665872
1356340970252,-0.9009262,0.4293732,0.063013494,0.19688392,0.2750004,0.94106936,0.38674122,0.86024034,-0.33229172
1356340970289,-0.9136817,0.40581724,-0.022316918,0.12960437,0.34296238,0.9303652,0.38521212,0.84716535,-0.3659541
1356340970328,-0.918586,0.38533187,-0.087858334,0.06708403,0.3710935,0.92616916,0.38948613,0.8448721,-0.36673093
1356340970379,-0.9179324,0.3697519,-0.1438183,-0.0017215014,0.35878742,0.9334177,0.39673316,0.85706186,-0.32870603
1356340970425,-0.9135383,0.35703498,-0.1948685,-0.07259849,0.3282696,0.94179004,0.4002214,0.87450844,-0.2739666
1356340970468,-0.9087707,0.34893394,-0.22886886,-0.12932768,0.28594732,0.949478,0.39674956,0.8924568,-0.21473372
1356340970509,-0.9076165,0.34204406,-0.24338892,-0.1666191,0.23864079,0.9567072,0.38531855,0.9088765,-0.15960324
1356340970548,-0.91251504,0.33087423,-0.24049619,-0.18505195,0.19040817,0.964106,0.3647903,0.92426556,-0.11252135
1356340970588,-0.92386043,0.31171483,-0.22207154,-0.18471935,0.14502311,0.9720325,0.33520243,0.9390432,-0.07640135
1356340970628,-0.9395924,0.28335556,-0.19203077,-0.16815904,0.10653257,0.9799864,0.29814214,0.95307946,-0.05244845
1356340970678,-0.95735365,0.24398029,-0.15475014,-0.13943598,0.07894522,0.9870792,0.25304464,0.9665616,-0.04155886
1356340970719,-0.9670877,0.20725965,-0.14759651,-0.13629931,0.06784904,0.9883415,0.21485761,0.9759303,-0.03736657
1356340970758,-0.91682464,0.1644958,-0.363832,-0.350944,0.10264081,0.93075407,0.19044913,0.98102295,-0.036374807
1356340970827,0.9417602,-0.1872553,-0.27932656,-0.2812559,0.016739339,-0.9594868,0.18434471,0.9821686,-0.036902215
1356340970845,0.9576529,-0.19866042,-0.20841044,-0.21188186,0.003864199,-0.97728765,0.19495371,0.9800608,-0.038391978
1356340970882,0.9480603,-0.21916953,-0.23053487,-0.23370686,0.011708945,-0.97223663,0.21578397,0.9756166,-0.040120635
1356340970920,0.9333711,-0.24151348,-0.26549876,-0.26748073,0.025169313,-0.9632344,0.23931652,0.97007096,-0.041107893
1356340970961,0.91807413,-0.2612989,-0.2980986,-0.29828203,0.03993261,-0.9536421,0.26108947,0.9644316,-0.041279674
1356340970999,0.90528756,-0.2781917,-0.32103547,-0.3194878,0.052194238,-0.9461518,0.27996776,0.9591064,-0.041628055
1356340971047,0.8975171,-0.29408732,-0.32859647,-0.32641587,0.05797389,-0.94344676,0.29650575,0.9540187,-0.043962218
1356340971093,0.89284486,-0.3157879,-0.32110134,-0.32312322,0.0474838,-0.9451649,0.31371877,0.9476409,-0.05964274
1356340971129,0.9011748,-0.34168515,-0.26671198,-0.2816231,0.006204188,-0.959505,0.32950333,0.939794,-0.09063536
1356340971172,0.91529113,-0.36446255,-0.17149104,-0.21294767,-0.07645571,-0.9740677,0.34189975,0.9280741,-0.1475907
1356340971211,0.93636936,-0.3295337,0.12091285,0.03575021,-0.25314334,-0.966768,0.34919092,0.9095746,-0.22525477
1356340971257,-0.2515372,0.39994177,0.88134885,0.9012542,-0.23515457,0.36392748,0.35280302,0.88586056,-0.30129915
1356340971317,-0.6785703,0.500576,0.5375557,0.64188254,0.048308194,0.76527977,0.35711235,0.86434364,-0.35409158
1356340971338,-0.7475592,0.50590146,0.43037078,0.5557586,0.12161541,0.8224002,0.3637137,0.85397506,-0.37207377
1356340971381,-0.7806441,0.49744034,0.37834904,0.5039301,0.14292848,0.8518368,0.36966112,0.8556428,-0.36225146
1356340971415,-0.8040822,0.48092535,0.3495177,0.463015,0.1378054,0.87557226,0.3729195,0.865864,-0.3334825
1356340971459,-0.8237451,0.4576824,0.33462054,0.42761257,0.113996804,0.8967453,0.37227887,0.8817775,-0.28961504
1356340971513,-0.8419726,0.42312908,0.33472967,0.39794755,0.06812334,0.9148754,0.36430746,0.90350485,-0.22574115
1356340971558,-0.85455495,0.38655892,0.34685436,0.38324812,0.018629253,0.9234575,0.35050914,0.92207646,-0.16406775
1356340971604,-0.8589478,0.34711015,0.37646133,0.39130807,-0.029252648,0.9197947,0.33028257,0.93736804,-0.11070043
1356340971656,-0.84441423,0.29849508,0.44482058,0.44405136,-0.07443619,0.8929041,0.2996382,0.95150405,-0.069692254
1356340971699,-0.70887375,0.22217286,0.66943055,0.65501434,-0.14470077,0.7416319,0.26163757,0.96421,-0.042951822
1356340971740,0.9185449,-0.19698781,0.3427406,0.32864815,-0.101308115,-0.9390033,0.21969457,0.9751577,-0.028316379
1356340971778,0.97235644,-0.18321963,-0.14475335,-0.14621998,0.0055526197,-0.9892366,0.18205132,0.9830564,-0.021391245
1356340971834,0.9539369,-0.15663947,-0.25586793,-0.2557131,0.021487266,-0.9665139,0.15689212,0.9874221,-0.019557267
1356340971862,0.935891,-0.14935254,-0.31906414,-0.31849694,0.028354287,-0.94749975,0.15055832,0.98837745,-0.0210318
1356340971902,0.91621053,-0.16034973,-0.36721417,-0.36619544,0.036951035,-0.9298041,0.16266277,0.9863684,-0.024864405
1356340971940,0.8943063,-0.18096402,-0.409229,-0.40728024,0.049548417,-0.91195834,0.1853083,0.9822409,-0.02939161
1356340971989,0.87060636,-0.20587966,-0.44683117,-0.44323525,0.06592974,-0.8939774,0.21351121,0.97635376,-0.03385427
1356340972030,0.8441835,-0.23493198,-0.48183107,-0.47585914,0.08540967,-0.8753647,0.24680418,0.9682521,-0.039693087
1356340972071,0.8169092,-0.26151308,-0.5140723,-0.5057675,0.10361928,-0.85642415,0.2772339,0.95962185,-0.047617257
1356340972110,0.7904716,-0.28896466,-0.54004997,-0.5307993,0.11677438,-0.83941394,0.30562496,0.9501911,-0.061075434
1356340972151,0.76294684,-0.32135034,-0.56093323,-0.55442345,0.12097189,-0.8233957,0.3324556,0.9392017,-0.08586903
1356340972191,0.7246713,-0.36269414,-0.5859219,-0.5896829,0.11355084,-0.7996126,0.35654673,0.92496437,-0.13158748
1356340972230,0.63973594,-0.40634686,-0.65239567,-0.67081827,0.119116604,-0.7319932,0.37515432,0.90592134,-0.19638172
1356340972279,0.11001624,-0.33779398,-0.9347682,-0.91573465,0.33119798,-0.22746,0.38642797,0.8810239,-0.27289248
1356340972320,-0.91675884,0.39350754,-0.06859395,0.07130225,0.33018178,0.9412205,0.39302582,0.8579813,-0.330755
1356340972362,-0.87835634,0.46298248,0.11890116,0.26603323,0.26682168,0.9263004,0.39713547,0.84525347,-0.35753328
1356340972400,-0.87051374,0.47041845,0.14461096,0.28899258,0.2507668,0.92390436,0.39835805,0.84606296,-0.3542434
1356340972444,-0.87916607,0.45658565,0.13636923,0.26553982,0.23180026,0.93581903,0.39567113,0.8589518,-0.3250326
1356340972484,-0.8942874,0.4332909,0.111843854,0.22018772,0.20848137,0.9529181,0.38957337,0.8768093,-0.2818476
1356340972526,-0.90971386,0.40705225,0.08203173,0.16800389,0.18015265,0.96918505,0.37973073,0.8954627,-0.2322737
1356340972561,-0.9235949,0.38002947,0.05049938,0.11561406,0.15051198,0.9818246,0.36552152,0.9126466,-0.18294889
1356340972608,-0.93721557,0.34811676,0.021016315,0.0663134,0.11872125,0.99071074,0.3423879,0.92990315,-0.1343522
1356340972648,-0.9489138,0.3151353,-0.01588805,0.015016213,0.0953967,0.9953261,0.31517804,0.94424003,-0.095255435
1356340972693,-0.95853007,0.2785052,-0.06045533,-0.03862761,0.083210886,0.995783,0.2823613,0.9568232,-0.06900209
1356340972739,-0.9629529,0.23575647,-0.13092247,-0.11348982,0.086113214,0.9898003,0.24462599,0.9679894,-0.056167066
1356340972779,-0.94633013,0.18706757,-0.26356217,-0.247708,0.104019344,0.96323454,0.20760548,0.9768243,-0.052098513
1356340972834,-0.8575395,0.12757023,-0.4983492,-0.48306632,0.13333237,0.8653724,0.17684184,0.9828267,-0.052712977
1356340972861,-0.57574195,0.047166348,-0.81626993,-0.8020094,0.16164368,0.5750237,0.15906662,0.9857214,-0.055237174
1356340972903,-0.13426316,-0.037217885,-0.99024653,-0.9782566,0.16438407,0.12645918,0.15807423,0.985694,-0.05847937
1356340972941,0.17635015,-0.09205708,-0.98001325,-0.9694674,0.15610257,-0.18911585,0.170392,0.9834416,-0.06171763
1356340972980,0.32329756,-0.12459624,-0.93805885,-0.9269103,0.15793382,-0.3404326,0.19056782,0.9795574,-0.06442991
1356340973021,0.37957585,-0.14579147,-0.91360116,-0.9002617,0.16935383,-0.401059,0.21319282,0.9747124,-0.066967845
1356340973060,0.38342106,-0.15968785,-0.9096637,-0.8930193,0.18714695,-0.40925846,0.23559436,0.9692656,-0.07084826
1356340973101,0.34207004,-0.16639018,-0.9248256,-0.90373695,0.21132703,-0.37229076,0.25738615,0.9631486,-0.07808426
