1356341501770,0.020739734,-0.063087225,0.9977925,0.940398,-0.3376084,-0.04089263,0.33944294,0.9391701,0.05232522
1356341501810,-0.4677279,0.21677878,-0.8568766,-0.81609833,0.2663803,0.51285976,0.3394322,0.93917435,0.05231929
1356341501848,-0.46756017,0.21663696,-0.85700405,-0.8162287,0.26638204,0.5126513,0.33934966,0.9392066,0.052275717
1356341501888,-0.46659887,0.21604744,-0.8576765,-0.816887,0.26650137,0.5115396,0.33908877,0.9393085,0.052137077
1356341501930,-0.46386766,0.214558,-0.85952985,-0.81866753,0.26694715,0.5084512,0.33854136,0.93952334,0.051823497
1356341501968,-0.45844156,0.2117599,-0.8631274,-0.82206726,0.26798916,0.50238144,0.33769304,0.9398614,0.051223576
1356341502008,-0.4501739,0.20752653,-0.86849076,-0.8270445,0.2697987,0.49315926,0.33666128,0.94028795,0.050177336
1356341502050,-0.43985665,0.20190224,-0.8750781,-0.8330091,0.27239197,0.48155835,0.33559194,0.94076467,0.048372924
1356341502088,-0.42816645,0.19492441,-0.88242733,-0.83943087,0.2758708,0.4682426,0.33470786,0.9412225,0.045506895
1356341502128,-0.4159401,0.18700334,-0.8899571,-0.8457407,0.28014195,0.4541399,0.33424,0.94156796,0.041634142
1356341502168,-0.40388763,0.17855653,-0.8972137,-0.8515097,0.2851047,0.44005296,0.33437416,0.9417181,0.036892354
1356341502210,-0.3921541,0.16989478,-0.90407467,-0.8566594,0.29065704,0.4262078,0.33518615,0.9416232,0.031559587
1356341502249,-0.38077235,0.16104996,-0.91053575,-0.8611872,0.29680192,0.41263205,0.33670312,0.94126064,0.025680184
1356341502288,-0.37001657,0.15232939,-0.9164516,-0.8650618,0.30320793,0.3996661,0.3387563,0.9406704,0.019582331
1356341502330,-0.36065137,0.1440295,-0.92151284,-0.86794186,0.30990046,0.3881218,0.3414782,0.9397963,0.013243258
1356341502369,-0.35339117,0.13653487,-0.9254582,-0.8694683,0.31708384,0.3787912,0.34516606,0.93851805,0.0066580772
1356341502408,-0.3492725,0.1304982,-0.92788947,-0.8691853,0.3248011,0.3728553,0.35003647,0.9367361,-1.692772E-5
1356341502448,-0.34877604,0.12626722,-0.92866135,-0.8665434,0.33401275,0.37086117,0.35701236,0.93407285,-0.007079661
1356341502488,-0.35269517,0.12448794,-0.9274205,-0.86086583,0.3453006,0.3737345,0.3667643,0.930199,-0.014618397
1356341502528,-0.36117595,0.12540257,-0.9240271,-0.8518758,0.35867792,0.38165137,0.37928817,0.9249996,-0.02271843
1356341502568,-0.3739555,0.12883356,-0.91845477,-0.83977747,0.37325364,0.39427847,0.39361286,0.9187402,-0.0313887
1356341502608,-0.39053985,0.13455087,-0.9107001,-0.82519054,0.38737008,0.41110215,0.4080921,0.91205287,-0.04025334
1356341502648,-0.41027275,0.14249983,-0.9007609,-0.8089968,0.39904943,0.431606,0.42095187,0.90578884,-0.048437178
1356341502707,-0.4322451,0.15268722,-0.88873553,-0.7921487,0.40664014,0.45513105,0.4308883,0.90073884,-0.05481726
1356341502730,-0.45563507,0.16535676,-0.87467355,-0.77524954,0.40918785,0.48119998,0.4374755,0.89734185,-0.058247626
1356341502768,-0.47971183,0.18117034,-0.8585185,-0.7583493,0.40654904,0.5095333,0.44134223,0.895486,-0.057636023
1356341502808,-0.50430065,0.20138583,-0.839717,-0.7406831,0.39902914,0.54052234,0.44392508,0.89454997,-0.052067578
1356341502848,-0.529078,0.2268092,-0.81770045,-0.7215119,0.3869663,0.5741756,0.4466508,0.89376426,-0.041089833
1356341502888,-0.55341077,0.2562706,-0.79250354,-0.7009737,0.3706019,0.6093358,0.44985813,0.89273715,-0.02545619
1356341502928,-0.57632524,0.28584605,-0.7655987,-0.68077433,0.35034424,0.64327693,0.4521013,0.89193666,-0.0073156357
1356341502968,-0.5967694,0.31049165,-0.7399062,-0.6637212,0.3271888,0.672623,0.45093286,0.89249223,0.010823607
1356341503009,-0.613588,0.32674998,-0.7188492,-0.6523697,0.3031426,0.6946354,0.44488597,0.89517534,0.027157128
1356341503048,-0.6249177,0.33417037,-0.70555514,-0.64825225,0.28148764,0.7074841,0.43502527,0.89949703,0.040720105
1356341503088,-0.62796557,0.33410615,-0.70287424,-0.65290576,0.2653314,0.7094458,0.4235248,0.9044182,0.051520824
1356341503128,-0.6188251,0.3279873,-0.71377856,-0.66864395,0.25696325,0.6977715,0.41227514,0.9090622,0.06029141
1356341503168,-0.5933139,0.31660083,-0.74009633,-0.6974726,0.2568249,0.669009,0.40188396,0.9131292,0.06844258
1356341503208,-0.5475463,0.30084378,-0.78082395,-0.7392084,0.26337838,0.6198409,0.39212742,0.91658324,0.07817441
1356341503248,-0.47860736,0.2835134,-0.8309966,-0.79001236,0.27396715,0.54847294,0.38316518,0.9190007,0.09285635
1356341503288,-0.38774717,0.27230233,-0.88062674,-0.8413617,0.2856856,0.45879644,0.37651366,0.9188227,0.118331015
1356341503328,-0.27673823,0.27659652,-0.92027736,-0.88472843,0.30044937,0.3563506,0.37506214,0.91281134,0.16156691
1356341503368,-0.14914602,0.3001516,-0.9421594,-0.91264546,0.32492977,0.24798954,0.38057014,0.89684427,0.22547007
1356341503408,-0.012597322,0.33276945,-0.94292414,-0.9205405,0.364358,0.14088464,0.39044407,0.8697746,0.30173773
1356341503448,0.11852586,0.35554135,-0.9271148,-0.9093549,0.4138494,0.042452693,0.39877957,0.8380447,0.3723652
1356341503488,0.22878826,0.35531515,-0.9063151,-0.8865716,0.46056592,-0.043242276,0.4020532,0.8134065,0.4203844
1356341503528,0.30853236,0.3316315,-0.89153147,-0.8617765,0.49422187,-0.114394605,0.4026775,0.80359524,0.4382756
1356341503568,0.35510722,0.2916415,-0.888169,-0.84261703,0.5113077,-0.16900033,0.40484017,0.8083995,0.42731112
1356341503608,0.37050408,0.24406922,-0.8961903,-0.83368766,0.5127703,-0.20501593,0.4095017,0.823102,0.39346093
1356341503648,0.35933167,0.19629493,-0.9123317,-0.8357804,0.50260496,-0.22104186,0.41515303,0.8419362,0.3446613
1356341503708,0.32650685,0.15261379,-0.9327927,-0.84629416,0.48669255,-0.21660209,0.42092687,0.86013913,0.2880646
1356341503728,0.27720982,0.11587545,-0.9537964,-0.8606858,0.47117633,-0.19290575,0.42705324,0.8743944,0.23034707
1356341503768,0.21696813,0.08808115,-0.9721968,-0.87445855,0.46018618,-0.15346271,0.4338744,0.88344234,0.17686903
1356341503808,0.1509122,0.07134575,-0.98596925,-0.88451844,0.4551163,-0.1024515,0.4414212,0.8875691,0.13178921
1356341503848,0.08274934,0.06713548,-0.99430645,-0.88899946,0.4558653,-0.04320532,0.45036915,0.88751316,0.09740597
1356341503888,0.014067143,0.07570982,-0.99703074,-0.88659424,0.461997,0.022572845,0.46233428,0.8836441,0.07362282
1356341503928,-0.054962873,0.09610337,-0.99385273,-0.8768881,0.4713986,0.09407762,0.47754195,0.87666833,0.058362484
1356341503968,-0.12437278,0.12603328,-0.9841986,-0.861524,0.4783647,0.17012832,0.49224767,0.86907005,0.0490852
1356341504008,-0.19390148,0.16138542,-0.9676554,-0.8439485,0.47544193,0.24840689,0.5001532,0.86481774,0.04401213
1356341504048,-0.2621675,0.1963234,-0.9448415,-0.8270439,0.45879734,0.3248129,0.49725917,0.8665807,0.042086303
1356341504089,-0.32585567,0.22509217,-0.91823286,-0.81202006,0.4307822,0.39376396,0.4841916,0.87393373,0.0424065
1356341504126,-0.38027245,0.24457887,-0.89194965,-0.799299,0.39828908,0.44998556,0.4653108,0.8840515,0.04403323
1356341504168,-0.4200142,0.25418293,-0.8711941,-0.79115605,0.3677323,0.4887178,0.44458997,0.89451885,0.04664558
1356341504208,-0.44011694,0.25487778,-0.8610078,-0.79116476,0.34342843,0.5060782,0.42468265,0.90393263,0.050501585
1356341504249,-0.43725228,0.2482053,-0.8644099,-0.80248225,0.32622588,0.4995988,0.40599597,0.91212434,0.05653727
1356341504288,-0.40765506,0.23660457,-0.8819499,-0.8265233,0.31496894,0.4665339,0.38817084,0.919137,0.06716055
1356341504328,-0.34730095,0.226531,-0.9099812,-0.86089444,0.30772722,0.40517232,0.37181014,0.92411447,0.088145316
1356341504368,-0.25072592,0.22749329,-0.94094807,-0.8987911,0.3063565,0.31356063,0.35959846,0.9243336,0.12765741
1356341504408,-0.11509454,0.24414489,-0.9628844,-0.9279512,0.31948513,0.1919263,0.35448503,0.9155995,0.18978363
1356341504448,0.04935673,0.2664902,-0.962573,-0.93298256,0.35631725,0.050807714,0.35652107,0.8955562,0.2662174
1356341504488,0.21383113,0.27464238,-0.9374689,-0.9070462,0.41212177,-0.08615604,0.3626893,0.86875033,0.33723778
1356341504528,0.3488169,0.2573365,-0.9011685,-0.86103606,0.46767893,-0.19973299,0.37005895,0.84560883,0.3847103
1356341504568,0.44230223,0.21792302,-0.8699875,-0.81329405,0.5063474,-0.28664443,0.3780495,0.83433914,0.40119413
1356341504608,0.49581254,0.1658409,-0.8524475,-0.77735734,0.5223551,-0.35051507,0.38715053,0.8364461,0.38790786
1356341504648,0.5156977,0.110727996,-0.8495853,-0.75948894,0.51801324,-0.39349574,0.3965254,0.84817547,0.35123494
1356341504708,0.50697106,0.059069753,-0.8599367,-0.76086783,0.4994715,-0.41425645,0.40504384,0.8643142,0.29816183
1356341504728,0.47264796,0.0149737,-0.88112414,-0.7784213,0.4758088,-0.40947074,0.4131153,0.8794213,0.23654589
1356341504769,0.4143303,-0.019835413,-0.9099103,-0.8059564,0.4564501,-0.37694487,0.42280546,0.8895278,0.17313465
1356341504809,0.33689362,-0.040982813,-0.94065034,-0.83500504,0.44861907,-0.31860253,0.43505087,0.8927829,0.11691609
1356341504846,0.24959263,-0.047092557,-0.96720517,-0.85715777,0.4539679,-0.24329767,0.4505376,0.88977265,0.0729413
1356341504888,0.15915619,-0.036125153,-0.9865923,-0.8687055,0.46967655,-0.15733647,0.46906304,0.88209915,0.04336983
1356341504928,0.070204005,-0.008728921,-0.99749446,-0.8692426,0.4900322,-0.06546578,0.48937583,0.8716607,0.0268147
1356341504968,-0.013595551,0.03137207,-0.9994153,-0.8605756,0.50857043,0.027671099,0.5091412,0.86044866,0.020083725
1356341505008,-0.09305763,0.079464555,-0.9924846,-0.8470256,0.5176289,0.120863646,0.52334315,0.85190713,0.01913917
1356341505048,-0.16898453,0.12891307,-0.9771519,-0.83303666,0.51119155,0.21150202,0.52677715,0.8497439,0.02100581
1356341505088,-0.24186471,0.17344436,-0.95468235,-0.8206253,0.48844436,0.29664132,0.51776004,0.8551836,0.024195373
1356341505128,-0.3104162,0.20885587,-0.92737323,-0.8088908,0.45441636,0.37309712,0.49933714,0.865959,0.02788335
1356341505168,-0.37179083,0.23386872,-0.89837474,-0.7965137,0.41668522,0.43810898,0.47679943,0.8784526,0.03135985
1356341505208,-0.42262655,0.24924162,-0.8713584,-0.7842779,0.38125253,0.48944336,0.45419726,0.8902388,0.034347236
1356341505248,-0.4598158,0.2562542,-0.85023713,-0.77517176,0.35126895,0.5250893,0.43321824,0.9005242,0.03712201
1356341505288,-0.48078966,0.2560288,-0.83862424,-0.77336836,0.3268941,0.5431775,0.4132104,0.90971947,0.04083723
1356341505328,-0.48132437,0.2509642,-0.8398475,-0.7834387,0.3065533,0.54060054,0.3931294,0.9181732,0.049063444
1356341505368,-0.45382303,0.2475647,-0.85601187,-0.8091955,0.2877856,0.5122325,0.37315854,0.9251439,0.06972456
1356341505408,-0.38592315,0.25483057,-0.8866367,-0.8514246,0.27161956,0.44866347,0.355161,0.928054,0.11214483
1356341505448,-0.26637417,0.27624702,-0.9234352,-0.9016379,0.2672541,0.34003597,0.3407258,0.9231809,0.17788512
1356341505488,-0.10026455,0.30061,-0.94846225,-0.93881196,0.28712136,0.1902459,0.32951364,0.9095026,0.25342816
1356341505528,0.079791725,0.30868968,-0.94781005,-0.9437239,0.32955652,0.027884662,0.3209647,0.8922461,0.3176137
1356341505568,0.23344731,0.2911777,-0.9277488,-0.9193192,0.3769318,-0.11302465,0.3167878,0.87928265,0.35567895
1356341505608,0.34047124,0.2536607,-0.90539247,-0.8844323,0.413246,-0.21681151,0.31915325,0.87457645,0.36504412
1356341505648,0.3985571,0.20674089,-0.8935381,-0.8565606,0.43212786,-0.28208062,0.32780504,0.87779474,0.34931377
1356341505706,0.41498202,0.16049176,-0.8955625,-0.8440774,0.43530732,-0.3131146,0.33959258,0.88586104,0.3161122
1356341505728,0.39429188,0.12087253,-0.91100144,-0.84862924,0.42829537,-0.31046978,0.3526504,0.8955182,0.27144936
1356341505768,0.33814704,0.09116444,-0.9366673,-0.8664372,0.41866207,-0.27204546,0.3673462,0.9035547,0.22055757
1356341505808,0.25058454,0.073911786,-0.9652691,-0.8884624,0.4135728,-0.19897771,0.38450226,0.90746605,0.16930276
1356341505848,0.14147449,0.070272595,-0.9874445,-0.9034734,0.41686976,-0.099776685,0.40462422,0.90624577,0.12246585
1356341505888,0.023598135,0.082151264,-0.99634045,-0.9039295,0.42745787,0.013835788,0.42703015,0.90029496,0.084346175
1356341505928,-0.089968264,0.10893628,-0.989969,-0.88773847,0.44181794,0.12929526,0.451471,0.8904661,0.056957364
1356341505968,-0.19320285,0.14897078,-0.96978366,-0.85757595,0.45457458,0.24067688,0.47669283,0.8781626,0.039928675
1356341506008,-0.2848176,0.19801787,-0.93790615,-0.81841433,0.45917788,0.34547615,0.49907625,0.8659935,0.03127867
1356341506048,-0.36793515,0.24957076,-0.89573336,-0.77560556,0.4489759,0.44368535,0.51289356,0.8579832,0.028374374
1356341506088,-0.44529146,0.29570782,-0.84514636,-0.7330817,0.4215545,0.5337442,0.51410764,0.85723317,0.029063344
1356341506128,-0.51661855,0.33028334,-0.7899482,-0.69291216,0.38069242,0.6123283,0.50296915,0.8637049,0.0321846
1356341506168,-0.5796399,0.35179925,-0.7350202,-0.6555337,0.33448452,0.6770493,0.4840383,0.8742753,0.036735713
1356341506208,-0.63092625,0.36215138,-0.68613285,-0.6225847,0.29137594,0.7262839,0.4629473,0.88540745,0.04163319
1356341506248,-0.668031,0.3639722,-0.64904463,-0.5979866,0.25653905,0.7593417,0.44288456,0.8953837,0.046274364
1356341506288,-0.689423,0.3589942,-0.62914145,-0.58698875,0.23203325,0.77563184,0.42442906,0.9040374,0.050756514
1356341506328,-0.6929697,0.3481157,-0.6313546,-0.59534264,0.21762604,0.7734378,0.4066451,0.9118412,0.056439817
1356341506368,-0.6740884,0.3337779,-0.6589364,-0.62812895,0.21036804,0.74913245,0.38866302,0.9188785,0.06784886
1356341506408,-0.6225221,0.32201827,-0.7132816,-0.68883204,0.20713687,0.6946977,0.37145227,0.92379576,0.09286916
1356341506448,-0.5262053,0.32283807,-0.78669155,-0.7718878,0.20682108,0.6011774,0.35678732,0.92358035,0.14036441
1356341506488,-0.37462926,0.33636284,-0.8640098,-0.8606703,0.22040516,0.45898598,0.34481806,0.91557723,0.20692724
1356341506528,-0.18033755,0.34916037,-0.9195461,-0.92515236,0.2572623,0.27912194,0.33402285,0.9010566,0.2766326
1356341506568,0.021058679,0.3426491,-0.9392274,-0.9455297,0.3120728,0.09265053,0.32485396,0.8861163,0.33055678
1356341506608,0.19255772,0.30982062,-0.9310922,-0.92732453,0.3677664,-0.06940442,0.32092148,0.87678903,0.3581206
1356341506648,0.31684172,0.25730398,-0.9129107,-0.8913033,0.40989625,-0.19381323,0.32432973,0.87508845,0.35920814
1356341506707,0.39411232,0.19610119,-0.8978974,-0.85649836,0.43266395,-0.2814471,0.33329576,0.8799694,0.3384785
1356341506728,0.4313615,0.13641816,-0.89180577,-0.83381003,0.43775815,-0.33634618,0.34451154,0.8886833,0.3025788
1356341506769,0.43392342,0.08400303,-0.8970251,-0.82726717,0.43150252,-0.35977042,0.3568468,0.89819217,0.25673196
1356341506808,0.40491414,0.04249224,-0.9133668,-0.83583987,0.4221828,-0.35090375,0.37069702,0.90551424,0.2064645
1356341506867,0.3471107,0.0143434405,-0.93771446,-0.8544618,0.41695005,-0.30991557,0.3865348,0.9088162,0.1569837
1356341506888,0.26355493,0.0029474497,-0.9646399,-0.8757956,0.4199273,-0.23799822,0.4043772,0.90755296,0.1132552
1356341506936,0.15805484,0.010291278,-0.9873767,-0.88964033,0.43535197,-0.13787204,0.4284375,0.9002015,0.07796502
1356341506976,0.01925227,0.050314665,-0.99854785,-0.8899643,0.45599315,0.0058178008,0.4556237,0.88855994,0.053557158
1356341507018,-0.12343058,0.1116609,-0.9860511,-0.86652833,0.47212955,0.16193321,0.4836255,0.87442875,0.03848213
1356341507058,-0.2602122,0.18614829,-0.94743776,-0.8218951,0.47226372,0.3185205,0.50673246,0.86157745,0.03010565
1356341507098,-0.3844591,0.26026875,-0.88569254,-0.76382166,0.44912198,0.46353626,0.518428,0.8547219,0.026129842
1356341507138,-0.49029738,0.31939995,-0.8109205,-0.70236623,0.40609145,0.58461213,0.51603293,0.856197,0.025230229
1356341507178,-0.5740496,0.3562835,-0.73724425,-0.646669,0.35504252,0.67510307,0.50228107,0.8642956,0.02658552
1356341507218,-0.63457334,0.37287158,-0.6769664,-0.60346115,0.3081962,0.7354249,0.4828575,0.87520397,0.029440403
1356341507258,-0.6722843,0.37470514,-0.6384588,-0.578312,0.27258617,0.76892906,0.4621567,0.88616747,0.033441186
1356341507298,-0.6869605,0.3660451,-0.6277709,-0.57672143,0.2509706,0.7774356,0.44212854,0.89611644,0.03869909
1356341507338,-0.6759556,0.34858048,-0.64928854,-0.60378164,0.24319994,0.75914526,0.42253014,0.905177,0.04607421
1356341507378,-0.63306147,0.3240263,-0.70302206,-0.661153,0.24604023,0.7087601,0.4026286,0.91349393,0.058472455
1356341507418,-0.54915917,0.29844305,-0.78061247,-0.7428553,0.2536068,0.61955583,0.3828708,0.920117,0.08242953
1356341507458,-0.4150942,0.28319594,-0.8645791,-0.83332,0.2629838,0.48622763,0.36506796,0.9223013,0.1268298
1356341507498,-0.22780073,0.28253058,-0.9318173,-0.908327,0.2830963,0.30789396,0.3507835,0.9165331,0.19214058
1356341507548,-0.0062146485,0.29357225,-0.95591676,-0.94015616,0.32396576,0.10560551,0.3406872,0.89936733,0.2739904
1356341507588,0.22728834,0.27083632,-0.93540776,-0.9151412,0.3878139,-0.110076964,0.33295128,0.88104945,0.335999
1356341507628,0.40315488,0.22170132,-0.8878708,-0.8538498,0.44019678,-0.27778983,0.3292514,0.87010074,0.3667672
1356341507668,0.5195111,0.15672594,-0.83996737,-0.7877176,0.46873462,-0.39973593,0.3310728,0.8693243,0.36696863
1356341507708,0.58849496,0.08746281,-0.8037561,-0.7345722,0.47314256,-0.48635352,0.3377534,0.8766335,0.34268975
1356341507747,0.6221483,0.025637627,-0.7824796,-0.7018677,0.46107516,-0.54294693,0.34686202,0.88699067,0.30485132
1356341507788,0.62756914,-0.02589038,-0.77813023,-0.6912699,0.441288,-0.5721983,0.35819393,0.89699197,0.2590415
1356341507828,0.60654974,-0.064952224,-0.79238784,-0.70239604,0.42315003,-0.5723493,0.3724743,0.9037285,0.21103936
1356341507868,0.55909926,-0.090115964,-0.82418877,-0.7314537,0.4144258,-0.54150414,0.39036328,0.90561044,0.16578948
1356341507908,0.48409134,-0.097770125,-0.86953807,-0.77232516,0.4193647,-0.4771237,0.41130197,0.9025376,0.1275005
1356341507948,0.38184494,-0.08424732,-0.9203787,-0.8156208,0.437656,-0.3784442,0.43469214,0.8951869,0.09840283
1356341507988,0.25413495,-0.046479315,-0.96605134,-0.8502816,0.46526682,-0.24606514,0.46090862,0.8839494,0.07872003
1356341508028,0.104038894,0.017778039,-0.99441427,-0.8662531,0.4928602,-0.08181888,0.48865265,0.8699268,0.066676915
1356341508069,-0.05654344,0.103186786,-0.99305356,-0.85598713,0.5069525,0.10141572,0.51389575,0.8557755,0.059661746
1356341508108,-0.21453822,0.1964415,-0.95675707,-0.8207798,0.4947127,0.28562185,0.5294279,0.8465637,0.05510044
1356341508148,-0.35298127,0.27600145,-0.8939952,-0.77080774,0.45581925,0.44506663,0.5303393,0.8461986,0.051848352
1356341508188,-0.46188104,0.32750767,-0.8242601,-0.7208306,0.4028743,0.5639996,0.5167874,0.8546526,0.04999751
1356341508228,-0.5398309,0.35151613,-0.7648654,-0.6811414,0.35147554,0.64227045,0.49459994,0.8676989,0.049694717
1356341508268,-0.58825743,0.35583913,-0.7261762,-0.65776944,0.31182414,0.6856421,0.47041756,0.8809905,0.050627172
1356341508308,-0.6089515,0.34763354,-0.71297187,-0.6546133,0.28735828,0.69921863,0.44795018,0.8925111,0.05257827
1356341508348,-0.60138136,0.33045876,-0.7274184,-0.67465913,0.27767587,0.6839088,0.42799023,0.9020494,0.055957854
1356341508388,-0.56323826,0.3067973,-0.76722765,-0.7176132,0.2786817,0.6382538,0.40962684,0.9100616,0.06319755
1356341508428,-0.4887246,0.281363,-0.8258228,-0.77914965,0.28511423,0.5582435,0.39252287,0.9162668,0.07988149
1356341508468,-0.37703025,0.2664334,-0.8870522,-0.84587204,0.29108465,0.44695672,0.37729153,0.91884875,0.11562073
1356341508508,-0.22662115,0.26965967,-0.93590945,-0.9031223,0.30163586,0.30559117,0.36470944,0.9144941,0.17517865
1356341508548,-0.047452927,0.28478026,-0.9574175,-0.9338808,0.32744682,0.14368418,0.3544217,0.9009322,0.25041258
1356341508588,0.13847,0.29165816,-0.9464468,-0.92812884,0.37165135,-0.021261483,0.3455471,0.88136864,0.32215896
1356341508628,0.30476797,0.27287117,-0.91250086,-0.89005184,0.4226151,-0.17089275,0.33900496,0.86425567,0.37166896
1356341508668,0.43219042,0.22837842,-0.8723845,-0.83608425,0.4639634,-0.29274747,0.33789724,0.8559096,0.3914641
1356341508707,0.51662,0.1673486,-0.8397013,-0.7840836,0.48645514,-0.38545334,0.34397197,0.8575289,0.38252768
1356341508748,0.5634873,0.103467464,-0.8196198,-0.74610466,0.4897073,-0.45112592,0.3546969,0.8657258,0.3531414
1356341508788,0.57947767,0.043856055,-0.8138073,-0.72731173,0.47838005,-0.49210787,0.36772734,0.8770571,0.30910754
1356341508828,0.5696958,-0.0073550344,-0.82182276,-0.7276573,0.46032894,-0.5085392,0.3820492,0.88771796,0.25689548
1356341508868,0.5374753,-0.049406588,-0.84183097,-0.7432962,0.44373754,-0.5006075,0.39828527,0.89479387,0.20177421
1356341508908,0.48504782,-0.07963318,-0.87085426,-0.7688913,0.43554938,-0.46808434,0.41657507,0.89663553,0.150033
1356341508948,0.41575164,-0.09500781,-0.90450203,-0.7978859,0.43921286,-0.41288018,0.43649575,0.8933451,0.10679808
1356341508988,0.33262604,-0.09274021,-0.93848777,-0.8243699,0.45471787,-0.33711424,0.45801115,0.88579404,0.07479876
1356341509028,0.23660935,-0.07014951,-0.9690692,-0.8445933,0.478186,-0.24083233,0.48028964,0.8754525,0.053895473
1356341509068,0.13094968,-0.027784199,-0.99099964,-0.85553634,0.5018942,-0.12712109,0.5009089,0.8644827,0.04195249
1356341509108,0.018105775,0.031127423,-0.9993514,-0.85735,0.51473355,4.9969554E-4,0.51441526,0.85678494,0.03600675
1356341509148,-0.0957104,0.09681621,-0.9906897,-0.8514409,0.5076025,0.13186362,0.51564306,0.85613453,0.03385049
1356341509188,-0.20202368,0.1562863,-0.9668304,-0.8402898,0.47943938,0.25308293,0.50309,0.86354643,0.034467638
1356341509228,-0.29291716,0.20065704,-0.9348456,-0.8261181,0.4391404,0.3531072,0.48138195,0.87572396,0.037134647
1356341509268,-0.36141747,0.22774827,-0.9041616,-0.812855,0.39809084,0.42519453,0.45677578,0.888625,0.041249335
1356341509308,-0.4039225,0.24034944,-0.8826543,-0.8053608,0.3641863,0.46772027,0.43386695,0.899778,0.04646498
1356341509348,-0.41918063,0.24187353,-0.8750914,-0.8081114,0.3399219,0.48105,0.41381603,0.9088181,0.05297202
1356341509388,-0.40635103,0.23462847,-0.8830789,-0.8237045,0.32422727,0.46517485,0.3954615,0.9164203,0.061514378
1356341509428,-0.36509037,0.22256091,-0.90397763,-0.8511009,0.3137061,0.42097,0.37727475,0.9230683,0.07489079
1356341509468,-0.29507852,0.214888,-0.93099505,-0.8852886,0.30505794,0.35100397,0.35943395,0.927773,0.10022193
1356341509508,-0.19439113,0.2230052,-0.9552386,-0.91859496,0.3002075,0.25701907,0.34408632,0.9274396,0.14649379
1356341509548,-0.06343138,0.24886662,-0.96645844,-0.94083494,0.30809802,0.14108595,0.33287558,0.9182271,0.21459931
1356341509588,0.085556656,0.2772267,-0.9569876,-0.9418446,0.3357943,0.013072342,0.32497498,0.90021527,0.28983396
1356341509628,0.22759902,0.28810573,-0.930158,-0.9199692,0.37669617,-0.10842863,0.31914806,0.88039494,0.35078397
1356341509668,0.34086365,0.2741658,-0.89924693,-0.88511604,0.41595465,-0.20868945,0.3168304,0.8670726,0.38445246
1356341509729,0.41595104,0.23980162,-0.8772,-0.8508055,0.44323197,-0.28226826,0.32111466,0.8637364,0.38838735
1356341509748,0.4554036,0.19584987,-0.8684759,-0.82622254,0.45632282,-0.33034188,0.33160797,0.8679933,0.3696266
1356341509788,0.46416992,0.15010169,-0.8729352,-0.8154069,0.45730108,-0.35494697,0.34591606,0.87655306,0.33465934
1356341509826,0.4478209,0.10882312,-0.8874762,-0.8178382,0.451024,-0.35737664,0.36138225,0.88585263,0.2909777
1356341509867,0.41088527,0.074385285,-0.9086474,-0.82977754,0.44339675,-0.3389227,0.37768042,0.89323354,0.24390844
1356341509908,0.35732222,0.04840952,-0.9327258,-0.84608567,0.439718,-0.30130902,0.39555013,0.8968303,0.19807959
1356341509948,0.29190916,0.032214344,-0.9559033,-0.86139137,0.44322217,-0.24811071,0.4156848,0.8958327,0.15712982
1356341509988,0.21940903,0.027556896,-0.9752437,-0.8717506,0.45437545,-0.18328622,0.43807593,0.89038396,0.12371683
1356341510028,0.14444874,0.03501779,-0.98889244,-0.87453127,0.4720891,-0.111026645,0.46295747,0.880855,0.09881681
1356341510068,0.06921956,0.05506438,-0.99608064,-0.8697877,0.49230608,-0.03322804,0.48854688,0.8686787,0.081971526
1356341510108,-0.0038517416,0.085648656,-0.9963179,-0.85994804,0.5082116,0.047013074,0.510367,0.8569628,0.071695924
1356341510148,-0.073928356,0.12219927,-0.98974836,-0.84969294,0.51183856,0.12666118,0.52206933,0.85034615,0.065992475
1356341510188,-0.13989708,0.15792203,-0.97749144,-0.8430164,0.4988242,0.20124048,0.5193767,0.85219425,0.0633468
1356341510228,-0.19939569,0.18693823,-0.9619228,-0.8406599,0.4717687,0.2659419,0.50351983,0.86167765,0.063082814
1356341510268,-0.24897936,0.20676437,-0.94618064,-0.8410337,0.43830898,0.3170924,0.48028296,0.87471914,0.06476587
1356341510308,-0.28531826,0.21794704,-0.9333234,-0.84302855,0.40619898,0.35256946,0.45595646,0.8874128,0.06783962
1356341510348,-0.30577666,0.22202036,-0.925855,-0.847406,0.3798591,0.37095815,0.43405467,0.89800555,0.07198936
1356341510388,-0.30813557,0.22011957,-0.92552686,-0.8560791,0.3601777,0.3706759,0.41494724,0.90654254,0.07745612
1356341510428,-0.289814,0.21357784,-0.9329482,-0.8706893,0.3458898,0.3496575,0.39737636,0.9136436,0.08571625
1356341510468,-0.24690717,0.20674768,-0.9467272,-0.8911016,0.33543235,0.3056521,0.38075584,0.91909766,0.101412416
1356341510508,-0.17274627,0.20754778,-0.9628513,-0.9142636,0.32989582,0.2351399,0.3664434,0.9209195,0.13276511
1356341510548,-0.060782403,0.22109237,-0.9733569,-0.9326055,0.3349689,0.13432387,0.35574228,0.9159225,0.18583173
1356341510589,0.08592129,0.23955116,-0.96707433,-0.9339001,0.35749036,0.0055789948,0.3470562,0.9026715,0.25443286
1356341510628,0.24639428,0.2443209,-0.93786836,-0.9083762,0.39555657,-0.13560104,0.33784983,0.8853487,0.31939816
1356341510668,0.39260867,0.2227737,-0.89231735,-0.8586863,0.43630072,-0.2688857,0.329418,0.87178755,0.36258823
1356341510711,0.5064341,0.17551222,-0.84422743,-0.7981256,0.46599078,-0.38190058,0.32637402,0.86720705,0.37607443
1356341510749,0.5873423,0.11310053,-0.8013971,-0.7387836,0.4792691,-0.4738142,0.3304962,0.8703502,0.36505187
1356341510788,0.6359826,0.04659438,-0.7702955,-0.6924159,0.47515866,-0.5429405,0.34071457,0.87866557,0.3344553
1356341510828,0.65881246,-0.01448366,-0.7521678,-0.66390204,0.4590546,-0.5903414,0.35383642,0.88829,0.29281515
1356341510868,0.6588103,-0.06492084,-0.7495027,-0.6556676,0.43894595,-0.6143505,0.36887532,0.8961651,0.24661562
1356341510908,0.63566494,-0.10317239,-0.76503956,-0.66792023,0.42338723,-0.61206686,0.38705638,0.9000548,0.20022151
1356341510948,0.588197,-0.12711626,-0.7986649,-0.6976858,0.4196584,-0.5806214,0.40897283,0.898737,0.1581546
1356341510988,0.5175556,-0.13479239,-0.8449658,-0.737309,0.43083537,-0.5203426,0.4341794,0.89230704,0.12359759
1356341511028,0.42703238,-0.123841465,-0.8957157,-0.7776946,0.4550903,-0.43368652,0.46133995,0.8817915,0.09802747
1356341511068,0.32213485,-0.09357068,-0.9420582,-0.810639,0.48671198,-0.32553938,0.48897195,0.8685367,0.08093488
1356341511108,0.2097803,-0.045933127,-0.97666895,-0.83101124,0.5179485,-0.20285356,0.5151819,0.8541776,0.07048446
1356341511148,0.09492572,0.015526384,-0.99536324,-0.83922315,0.53904927,-0.071626484,0.5354377,0.8421311,0.064199746
1356341511188,-0.018030822,0.083541065,-0.9963412,-0.8388003,0.5410622,0.060546666,0.5441407,0.836823,0.06031847
1356341511228,-0.12771612,0.14964268,-0.9804569,-0.83287346,0.52057534,0.18794465,0.53852624,0.8406,0.05814755
1356341511268,-0.23232055,0.2061837,-0.9505343,-0.82169783,0.48129672,0.3052313,0.52042276,0.8519634,0.057605565
1356341511308,-0.32896242,0.24966928,-0.910741,-0.80387545,0.43204686,0.40880296,0.49554828,0.866603,0.05857581
1356341511348,-0.4125672,0.2801346,-0.866783,-0.78026843,0.38235432,0.494961,0.4700739,0.8805281,0.060833335
1356341511388,-0.47761446,0.29893196,-0.8261501,-0.75626826,0.3386997,0.5597685,0.44714946,0.89214474,0.06430489
1356341511428,-0.5200295,0.30738434,-0.79692173,-0.7397697,0.30431187,0.60011256,0.426978,0.9016148,0.0691424
1356341511468,-0.53677046,0.30712566,-0.78584427,-0.73843265,0.27956372,0.61364585,0.4081599,0.90968007,0.07673007
1356341511508,-0.5237963,0.30264458,-0.7962685,-0.7575023,0.26209235,0.5979111,0.3896504,0.91635895,0.09197104
1356341511548,-0.47233737,0.30135435,-0.8283013,-0.7988195,0.25083035,0.546783,0.37253854,0.91992927,0.12225109
1356341511588,-0.3736158,0.31012446,-0.8742049,-0.8554291,0.24923497,0.45400766,0.35868135,0.9174447,0.17217135
1356341511628,-0.22735924,0.32544816,-0.91781884,-0.9095571,0.26571596,0.3195325,0.3478704,0.90745723,0.23560065
1356341511668,-0.05700344,0.33360675,-0.94098735,-0.93931365,0.301444,0.1637725,0.3382906,0.8932178,0.29617798
1356341511710,0.09726399,0.32447857,-0.94087905,-0.9386398,0.34421718,0.021676749,0.33090037,0.8810382,0.3380484
1356341511749,0.20704743,0.29959023,-0.9313308,-0.9212434,0.38013205,-0.08252412,0.32930526,0.8750688,0.35470092
1356341511788,0.2627595,0.26676977,-0.9272493,-0.904652,0.40228212,-0.14061928,0.33550286,0.875787,0.34703726
1356341511828,0.268304,0.23607904,-0.9339591,-0.898653,0.4105993,-0.15437329,0.34703872,0.8807241,0.32231852
1356341511868,0.22959244,0.21459746,-0.94933414,-0.9038925,0.4087162,-0.12621209,0.36092344,0.8870733,0.28781116
1356341511908,0.15095606,0.20542824,-0.96695995,-0.91404057,0.4015427,-0.05738786,0.37648657,0.8925036,0.24838507
1356341511948,0.039393872,0.21029288,-0.97684443,-0.91814405,0.39337042,0.04765728,0.39428365,0.89500654,0.20857555
1356341511988,-0.08969894,0.22764474,-0.9696039,-0.9053151,0.38717076,0.17465198,0.41516086,0.89346325,0.17136145
1356341512028,-0.22057039,0.2561992,-0.941122,-0.87110615,0.3823138,0.3082371,0.43877405,0.8878052,0.13884962
1356341512068,-0.34099263,0.29395014,-0.89292634,-0.81748575,0.37626785,0.43605006,0.4641564,0.87864435,0.11199546
1356341512108,-0.44683635,0.33881205,-0.82797563,-0.74896044,0.3645022,0.5533502,0.48928058,0.867378,0.09088397
1356341512148,-0.53702676,0.38564736,-0.75025207,-0.671609,0.34269488,0.6568877,0.51043457,0.8566424,0.07496798
1356341512188,-0.6117989,0.42601532,-0.6664931,-0.5936999,0.30947828,0.7427945,0.5227069,0.8501377,0.06358671
1356341512228,-0.67429084,0.45220855,-0.58381444,-0.5222972,0.26685065,0.809936,0.5220513,0.8510571,0.05625236
1356341512268,-0.72702754,0.4604393,-0.5093394,-0.46221754,0.22034335,0.858955,0.50772625,0.85990953,0.052627444
1356341512308,-0.7708882,0.45349765,-0.44729328,-0.4144575,0.17612332,0.8928637,0.48369038,0.8736821,0.052184045
1356341512348,-0.80471617,0.4381424,-0.40057856,-0.37943307,0.13935834,0.9146638,0.45657694,0.88803744,0.054101825
1356341512388,-0.82755,0.42041403,-0.37203884,-0.3592888,0.112582624,0.9264106,0.43136108,0.9003206,0.05788243
1356341512428,-0.8389589,0.40353736,-0.36511028,-0.35786715,0.09633523,0.92878985,0.4099744,0.90987754,0.06359148
1356341512468,-0.8379658,0.3880361,-0.3837203,-0.37986836,0.09007734,0.92064434,0.39180776,0.91723174,0.07192087
1356341512508,-0.8215593,0.37393022,-0.43036795,-0.42921937,0.09117651,0.89858645,0.37524807,0.9229643,0.0855912
1356341512567,-0.7820928,0.36341625,-0.506221,-0.50921226,0.09556317,0.8553191,0.35921296,0.9267127,0.110316634
1356341512588,-0.7098477,0.36311066,-0.6035453,-0.6149857,0.09822285,0.7823969,0.3433786,0.9265543,0.1535846
1356341512628,-0.5957879,0.38033307,-0.70737785,-0.73307586,0.10226256,0.6724151,0.32808,0.9191784,0.21788627
1356341512666,-0.4386747,0.41045773,-0.7994304,-0.84175384,0.12381649,0.5254711,0.3146663,0.9034345,0.2911893
1356341512708,-0.25634146,0.43393245,-0.86370814,-0.91708875,0.17309338,0.35914755,0.30534795,0.88416135,0.3535835
1356341512737,-0.07828313,0.43555233,-0.89675283,-0.95065236,0.2382688,0.19871545,0.30021915,0.8680564,0.3954066
1356341512768,0.06595981,0.41610664,-0.9069204,-0.95144826,0.3000927,0.06848806,0.30065852,0.85837036,0.41569793
1356341512808,0.16869935,0.37235418,-0.9126297,-0.9355507,0.35197255,-0.029330969,0.31029907,0.8587594,0.40773377
1356341512848,0.2338421,0.31645462,-0.91933364,-0.9164456,0.3875378,-0.09970859,0.3247233,0.8658354,0.3806361
1356341512888,0.26549014,0.25926045,-0.9286006,-0.9020741,0.40672508,-0.14435065,0.3402608,0.87599015,0.34185356
1356341512928,0.26771963,0.2077224,-0.9408388,-0.8954489,0.41410053,-0.1633769,0.35566485,0.8862122,0.2968676
1356341512968,0.2442044,0.16551998,-0.9554932,-0.89577806,0.41589034,-0.15689778,0.3714107,0.894225,0.24983144
1356341513008,0.19812134,0.1353372,-0.97078925,-0.9001008,0.417205,-0.12553272,0.38802892,0.8986789,0.20447433
1356341513048,0.13229191,0.11992213,-0.98392963,-0.90446174,0.42071664,-0.070329905,0.40552142,0.89923084,0.16412246
1356341513089,0.049440444,0.12127909,-0.9913864,-0.90405405,0.42735755,0.0071946383,0.42454907,0.8959112,0.13077158
1356341513128,-0.04959312,0.14164811,-0.98867404,-0.8937207,0.43561754,0.10724139,0.4458743,0.88891685,0.104990244
1356341513168,-0.16029501,0.18025067,-0.9704716,-0.86853886,0.44138157,0.22543862,0.46898377,0.87902904,0.08580351
1356341513208,-0.27676946,0.23278439,-0.93231434,-0.826812,0.43671328,0.35449028,0.4896738,0.86896086,0.07160008
1356341513248,-0.39105356,0.28889507,-0.87385154,-0.7718982,0.41414505,0.48234516,0.5012485,0.8631473,0.061044753
1356341513288,-0.49351233,0.33463332,-0.80278647,-0.7121098,0.37446886,0.5938625,0.4993447,0.86475056,0.05349064
1356341513328,-0.57885385,0.36250153,-0.73042506,-0.6553209,0.3262617,0.68125457,0.48526555,0.8730096,0.048697054
1356341513368,-0.6446727,0.3737653,-0.6668557,-0.60699564,0.28000414,0.7437432,0.46470773,0.88424945,0.046362936
1356341513408,-0.69068754,0.37374106,-0.61908674,-0.5716108,0.24223095,0.7839549,0.4429581,0.89534456,0.046328485
1356341513448,-0.7169929,0.36720553,-0.59252125,-0.55392957,0.2158866,0.80408645,0.4231824,0.90473926,0.048616827
1356341513488,-0.72335345,0.35606587,-0.5915886,-0.5589275,0.20110703,0.80446017,0.40541342,0.91256404,0.053543508
1356341513528,-0.7079004,0.34093675,-0.61857826,-0.59012824,0.19573241,0.78322244,0.38810512,0.919484,0.06263739
1356341513568,-0.6651861,0.32443774,-0.6725086,-0.64829385,0.19591886,0.735752,0.37046286,0.92539513,0.08000839
1356341513608,-0.58981884,0.31537426,-0.7434062,-0.72602916,0.19594353,0.6591568,0.35354674,0.9285177,0.1133998
1356341513648,-0.4766481,0.32364362,-0.81735027,-0.81095475,0.19703162,0.55093646,0.33935085,0.92543685,0.1685456
1356341513711,-0.32661211,0.34779733,-0.87884104,-0.8863823,0.21007043,0.4125492,0.32810202,0.9137327,0.23966986
1356341513721,-0.15529275,0.36640444,-0.917405,-0.93527246,0.24444991,0.25594863,0.31804028,0.8977705,0.30472666
1356341513755,0.0052700043,0.371512,-0.9284132,-0.95030695,0.29085577,0.11099398,0.31126994,0.8816926,0.35458314
1356341513789,0.13852182,0.3582775,-0.92328155,-0.9408205,0.33876643,-0.00969559,0.30930305,0.86998534,0.38400146
1356341513828,0.23280585,0.3238081,-0.9170331,-0.9195012,0.38038605,-0.099116564,0.3167318,0.86628795,0.38629803
1356341513868,0.28264642,0.28088152,-0.91717863,-0.9006082,0.40683073,-0.15294996,0.33017567,0.86924934,0.36795345
1356341513908,0.2922384,0.24029222,-0.9256654,-0.8917774,0.41809255,-0.1730077,0.34544137,0.8760469,0.3364699
1356341513948,0.26510474,0.20870191,-0.94136226,-0.89407986,0.41875538,-0.15895027,0.36102733,0.8837915,0.29761016
1356341513988,0.2036761,0.18938747,-0.9605459,-0.90319026,0.4149878,-0.109692544,0.3778405,0.88989747,0.25557598
1356341514029,0.110958606,0.18482083,-0.97648835,-0.9111163,0.41134885,-0.025673985,0.39693227,0.8925432,0.21403599
1356341514068,-0.0071567595,0.19715351,-0.9803465,-0.9084286,0.4085031,0.08878416,0.4179787,0.89121026,0.17617637
1356341514108,-0.14132231,0.22666845,-0.9636646,-0.8867682,0.40374666,0.22501275,0.44007963,0.88634646,0.14394403
1356341514148,-0.2819711,0.27203274,-0.92004913,-0.8406451,0.39211947,0.37357464,0.4623937,0.87877214,0.11811668
1356341514188,-0.4173513,0.32818353,-0.84741575,-0.76913965,0.36907613,0.5217346,0.4839856,0.8695277,0.09838456
1356341514228,-0.5367849,0.38618422,-0.7501492,-0.6780342,0.33168685,0.65593714,0.50212723,0.8607239,0.08380163
1356341514268,-0.63351786,0.4339992,-0.6405464,-0.57993054,0.28168112,0.7644189,0.51218706,0.8557455,0.073239386
1356341514308,-0.70630145,0.46129745,-0.5369759,-0.49096358,0.22726417,0.8410148,0.5099934,0.85764545,0.06596315
1356341514349,-0.7600414,0.4672523,-0.45167726,-0.42005235,0.17711514,0.89004844,0.49587607,0.8662018,0.06165564
1356341514388,-0.7984307,0.45781767,-0.39103907,-0.3708846,0.13763887,0.9184227,0.47429228,0.87832713,0.05990237
1356341514428,-0.82359385,0.44107285,-0.35657802,-0.34402594,0.111347556,0.93233466,0.45093158,0.89053714,0.060035348
1356341514468,-0.8358159,0.42251635,-0.35055926,-0.34186512,0.09908515,0.9345108,0.4295813,0.9009229,0.061626613
1356341514508,-0.8332718,0.40355268,-0.3778935,-0.36980978,0.10125208,0.9235739,0.41097325,0.90933675,0.0648672
1356341514548,-0.80950063,0.38251603,-0.44541007,-0.43527544,0.118112326,0.89251596,0.39401007,0.9163683,0.07088786
1356341514588,-0.7504902,0.3576111,-0.5557688,-0.54224926,0.14753228,0.8271639,0.3777968,0.9221435,0.083192766
1356341514628,-0.636486,0.3323527,-0.6960081,-0.6804983,0.1827861,0.7095853,0.3630532,0.9252734,0.1098246
1356341514668,-0.45051956,0.31503978,-0.8353335,-0.8206649,0.22223508,0.5264226,0.35148448,0.92269254,0.1584208
1356341514712,-0.20479918,0.31130177,-0.9279808,-0.9166618,0.27142924,0.29335517,0.34320304,0.9107235,0.22977
1356341514749,0.06716713,0.2974942,-0.95235795,-0.9395672,0.34002557,0.039950997,0.33571118,0.89212096,0.3023544
1356341514790,0.29881117,0.26441482,-0.9169496,-0.89599204,0.40847972,-0.174191,0.3284966,0.8736298,0.35897192
1356341514828,0.47147757,0.20867494,-0.8568336,-0.82020104,0.46073067,-0.33911306,0.32400513,0.8626599,0.3883795
1356341514868,0.58535457,0.14050683,-0.7985097,-0.7427144,0.48791617,-0.4585989,0.32516953,0.8615077,0.38996047
1356341514908,0.6525237,0.07148802,-0.7543887,-0.68126434,0.49125698,-0.54272044,0.3318007,0.8680761,0.36925906
1356341514948,0.6847447,0.009335905,-0.7287233,-0.643795,0.47636104,-0.5988391,0.34154466,0.8792003,0.3321961
1356341514988,0.6897076,-0.04103136,-0.7229246,-0.6325492,0.45175534,-0.6291253,0.3523989,0.89119786,0.28562474
1356341515028,0.67093307,-0.07962677,-0.7372302,-0.64558697,0.42636943,-0.6335823,0.36478245,0.9010375,0.23465937
1356341515068,0.6280316,-0.10704249,-0.77079064,-0.6789878,0.40855098,-0.60996866,0.38019985,0.90643704,0.18390238
1356341515108,0.5596247,-0.12213242,-0.8196975,-0.726156,0.40440407,-0.5560169,0.39939666,0.906389,0.1376273
1356341515148,0.4662885,-0.122448534,-0.8761172,-0.77722347,0.41628605,-0.47183636,0.42249107,0.9009508,0.09893951
1356341515188,0.35082737,-0.10352716,-0.9306999,-0.82224834,0.44156596,-0.3590645,0.4481383,0.89123607,0.0697884
1356341515228,0.2220351,-0.063985825,-0.972937,-0.8522153,0.47208524,-0.22553205,0.47374,0.87922776,0.05028981
1356341515268,0.0902081,-0.0063646734,-0.9959026,-0.864408,0.49614686,-0.081468225,0.49463242,0.8682153,0.039254785
1356341515308,-0.036560625,0.061588585,-0.99743176,-0.86245304,0.5022477,0.06262544,0.50481474,0.8625277,0.034754813
1356341515367,-0.15127331,0.12734851,-0.98025435,-0.85241735,0.48530215,0.19459292,0.5005006,0.86502254,0.035140872
1356341515388,-0.24912828,0.1801993,-0.9515584,-0.83904636,0.45053536,0.30499047,0.48366982,0.8743833,0.038954377
1356341515428,-0.3267372,0.21577272,-0.9201548,-0.82604814,0.4078627,0.38896316,0.45922446,0.887181,0.044974744
1356341515466,-0.38319647,0.23588014,-0.89304024,-0.8158097,0.36696064,0.4469835,0.4331451,0.89983356,0.05181539
1356341515509,-0.4179446,0.24413896,-0.8750534,-0.8113624,0.33298725,0.48042747,0.4086727,0.91077745,0.0589149
1356341515548,-0.42911255,0.2433253,-0.8698593,-0.8162758,0.3078531,0.48879468,0.386725,0.919793,0.066516876
1356341515589,-0.41444182,0.2361907,-0.8788924,-0.8330916,0.29027152,0.47085112,0.36632803,0.9273383,0.07646787
1356341515628,-0.36819196,0.22745249,-0.9014988,-0.86248684,0.2785343,0.4225341,0.3472048,0.9331045,0.09362066
1356341515668,-0.28208768,0.22594178,-0.9324038,-0.9002911,0.27348828,0.3386446,0.33151546,0.9349623,0.12626565
1356341515709,-0.14705968,0.23740426,-0.96021485,-0.9352088,0.28276408,0.21314073,0.3221148,0.92934585,0.18043935
1356341515749,0.03522393,0.2537398,-0.96663094,-0.94714844,0.31707457,0.048717856,0.31885576,0.913827,0.25149792
1356341515790,0.23922393,0.25301397,-0.9374198,-0.91725075,0.37555036,-0.13271406,0.31846985,0.8915974,0.32191786
1356341515828,0.42473206,0.22031522,-0.8781025,-0.84742177,0.43804613,-0.29998663,0.3185578,0.8715371,0.37275213
1356341515868,0.5654688,0.1614222,-0.80881876,-0.76007235,0.48272526,-0.4350475,0.32021087,0.86076665,0.39565864
