1356341069329,-0.09125918,-0.035084397,-0.995209,-0.979869,0.18136007,0.08345899,0.17756298,0.9827907,-0.05092883
1356341069369,0.9452404,-0.15588647,0.28674054,0.2738588,-0.09909919,-0.9566508,0.17754467,0.98279136,-0.05098167
1356341069408,0.94526774,-0.15571022,0.28674585,0.2738286,-0.099347174,-0.95663375,0.17744504,0.9827942,-0.051271766
1356341069452,0.9454269,-0.1551074,0.2865479,0.2735114,-0.100173384,-0.9566383,0.17708616,0.98280567,-0.05228296
1356341069487,0.9460379,-0.15421702,0.28500777,0.27179655,-0.1013152,-0.95700675,0.17646235,0.9828288,-0.05393237
1356341069529,0.94715285,-0.15286057,0.2820197,0.2685753,-0.10285777,-0.95775133,0.17541033,0.9828804,-0.056367457
1356341069568,0.9490886,-0.15140387,0.27623856,0.2625841,-0.104169846,-0.95926964,0.17401285,0.98296773,-0.059110165
1356341069608,0.9516627,-0.14997427,0.26804066,0.25423157,-0.105063826,-0.9614197,0.1723496,0.9830917,-0.061857134
1356341069650,0.9547125,-0.14873014,0.25768852,0.24379255,-0.1054292,-0.96407974,0.17055562,0.98324156,-0.06439528
1356341069699,0.95794475,-0.14757074,0.24609903,0.23221605,-0.10515946,-0.9669629,0.16857508,0.9834451,-0.066468656
1356341069739,0.9612459,-0.14691126,0.23328812,0.21955213,-0.103865296,-0.9700561,0.16674273,0.9836814,-0.06758541
1356341069778,0.96388984,-0.14635319,0.22247964,0.20902973,-0.10181469,-0.9725947,0.164994,0.9839789,-0.06754598
1356341069820,0.96581125,-0.14553736,0.21454021,0.20155449,-0.09893629,-0.97446775,0.16304725,0.9843935,-0.066220075
1356341069861,0.96703464,-0.1440149,0.21000898,0.19768977,-0.09524986,-0.9756261,0.160508,0.9849808,-0.06363964
1356341069902,0.96767753,-0.14132227,0.20887366,0.19744419,-0.090720415,-0.9761074,0.1568948,0.98579806,-0.059884846
1356341069940,0.9678705,-0.13720442,0.21071737,0.20033695,-0.085671514,-0.97597414,0.15196042,0.986831,-0.055431813
1356341069979,0.9677467,-0.13156383,0.21484244,0.2055778,-0.08051962,-0.97532266,0.1456162,0.98803216,-0.05087599
1356341070020,0.96739674,-0.1239772,0.22084658,0.21269025,-0.075728565,-0.97418076,0.1375006,0.98939115,-0.046890825
1356341070058,0.96682763,-0.11523558,0.22795855,0.22071232,-0.072321534,-0.9726539,0.12857063,0.990702,-0.04448855
1356341070100,0.9661692,-0.10549905,0.23534456,0.22872284,-0.07116613,-0.97088677,0.11917621,0.9918695,-0.04462847
1356341070139,0.96555215,-0.09547903,0.24205938,0.23571138,-0.073111534,-0.9690691,0.110223114,0.9927429,-0.048087507
1356341070210,0.96518785,-0.08634754,0.24689363,0.2404477,-0.07859212,-0.9674751,0.10294302,0.9931603,-0.055094093
1356341070217,0.9652202,-0.07857042,0.2493523,0.24237043,-0.08864412,-0.96612567,0.09801253,0.9929597,-0.06651795
1356341070257,0.96570146,-0.07167022,0.24956766,0.24169178,-0.103167176,-0.96485317,0.09489843,0.99207854,-0.08230659
1356341070319,0.9663855,-0.06399908,0.24900433,0.2399976,-0.12275523,-0.962981,0.09219649,0.99037135,-0.10326925
1356341070340,0.96696645,-0.05463542,0.24897975,0.23896562,-0.14566904,-0.96003956,0.0887208,0.98782367,-0.12780109
1356341070380,0.9669002,-0.042133085,0.25165182,0.24115986,-0.17124131,-0.9552582,0.08334117,0.98432773,-0.15541247
1356341070416,0.9655317,-0.02612064,0.2589714,0.24906811,-0.19621935,-0.94840026,0.07558802,0.9802121,-0.1829502
1356341070460,0.9619184,-0.004942417,0.27329212,0.2656079,-0.21918055,-0.9388356,0.06454044,0.97567177,-0.20952106
1356341070498,0.95451546,0.022577107,0.29730543,0.29391733,-0.23889053,-0.92549664,0.0501284,0.970784,-0.2346605
1356341070541,0.9410546,0.058334872,0.33318654,0.33674157,-0.25463063,-0.9065144,0.031958103,0.9652773,-0.2592651
1356341070579,0.9179776,0.104247764,0.38268733,0.39651227,-0.26493764,-0.8789688,0.009757742,0.9586138,-0.28454232
1356341070618,0.88049364,0.16240078,0.44537282,0.4737382,-0.2669301,-0.83923805,-0.017409489,0.9499339,-0.3119657
1356341070659,0.8234224,0.23266003,0.51753736,0.565202,-0.25557292,-0.7843655,-0.05022195,0.9383772,-0.3419444
1356341070698,0.74687815,0.30754015,0.58956945,0.65928054,-0.22683284,-0.7168654,-0.086731195,0.9241028,-0.3721717
1356341070740,0.6641641,0.37148237,0.64875793,0.7378483,-0.18611461,-0.64879984,-0.120274425,0.9095945,-0.39770833
1356341070780,0.59792566,0.41067708,0.6883526,0.78885937,-0.14927778,-0.59616876,-0.14207706,0.89947796,-0.41322342
1356341070818,0.56238055,0.4223282,0.7108917,0.8134581,-0.1283082,-0.5672943,-0.14837113,0.8973159,-0.41570434
1356341070860,0.5658976,0.4046272,0.718357,0.8127655,-0.12745455,-0.5684783,-0.13846397,0.90555626,-0.40099326
1356341070899,0.5954257,0.36635154,0.7150208,0.7945501,-0.13670665,-0.5916091,-0.11898881,0.92037916,-0.3724833
1356341070939,0.6432355,0.3103758,0.69993925,0.76003194,-0.14810842,-0.6327838,-0.09273389,0.93900514,-0.33116412
1356341070979,0.6936994,0.24694848,0.67660743,0.717355,-0.15252799,-0.67980665,-0.06467563,0.9569492,-0.28295827
1356341071021,0.7399782,0.18232712,0.6474481,0.6715262,-0.14511085,-0.72663295,-0.03853315,0.972471,-0.2298163
1356341071058,0.77401847,0.12807184,0.620075,0.6328714,-0.126769,-0.76380855,-0.01921609,0.98362964,-0.17917456
1356341071099,0.7978312,0.086758435,0.5966057,0.60281193,-0.09983191,-0.79161316,-0.009118795,0.9912147,-0.13194802
1356341071138,0.81488466,0.058686376,0.57664454,0.5795689,-0.06889033,-0.8120061,-0.007928461,0.9958966,-0.090150476
1356341071206,0.8290367,0.042031914,0.5576123,0.55903053,-0.038170576,-0.82826805,-0.0135293305,0.99838686,-0.055141933
1356341071222,0.84346414,0.03459671,0.5360702,0.53668106,-0.011034101,-0.84371305,-0.02327463,0.9993404,-0.027874261
1356341071262,0.8596534,0.035322025,0.5096551,0.5096111,0.010914143,-0.8603356,-0.035951197,0.99931633,-0.008618109
1356341071301,0.87921244,0.042329162,0.47454584,0.47377852,0.027257085,-0.8802221,-0.0501938,0.99873185,0.0039101243
1356341071342,0.89941967,0.0547695,0.43364108,0.43208212,0.038282752,-0.90102136,-0.065949455,0.9977648,0.010767333
1356341071381,0.9216125,0.06820196,0.3820717,0.3799145,0.042719156,-0.9240347,-0.07934278,0.99675655,0.013459589
1356341071421,0.94365275,0.07680614,0.32190108,0.31981438,0.038413674,-0.9467012,-0.085077874,0.99630576,0.011685457
1356341071461,0.9648726,0.076087214,0.25145918,0.2502103,0.025680572,-0.9678509,-0.08009871,0.9967705,0.005740674
1356341071502,0.9824157,0.06310834,0.17571789,0.17568994,0.0060356855,-0.9844271,-0.06318615,0.99798846,-0.0051579485
1356341071540,0.9943387,0.040501833,0.098234974,0.09895527,-0.016175866,-0.9949604,-0.03870868,0.9990486,-0.02009216
1356341071581,0.99958897,0.013524487,0.025278183,0.025762424,-0.036916763,-0.9989862,-0.012577588,0.99922675,-0.037250012
1356341071620,0.99923176,-0.013135398,-0.036922894,-0.03759116,-0.054906845,-0.99778366,0.011078967,0.9984051,-0.05535844
1356341071661,0.9960009,-0.036087256,-0.08173166,-0.0841313,-0.07092574,-0.9939273,0.030071236,0.9968286,-0.073678166
1356341071700,0.9933268,-0.053281188,-0.10228889,-0.10669492,-0.087735206,-0.9904135,0.043796062,0.9947179,-0.09283456
1356341071739,0.99405384,-0.061896667,-0.08958664,-0.0959523,-0.1089617,-0.98940414,0.051479302,0.992117,-0.114252925
1356341071780,0.9979635,-0.055283077,-0.031822287,-0.039242372,-0.13879323,-0.98954356,0.050288297,0.98877716,-0.14068002
1356341071819,0.9954634,-0.018777106,0.09327462,0.0884898,-0.1775105,-0.98013246,0.03496128,0.98393977,-0.17504361
1356341071859,0.94567,0.06954263,0.3176037,0.32512534,-0.2063097,-0.9228921,0.0013443679,0.97601235,-0.21771097
1356341071889,0.7585352,0.1987413,0.6205853,0.6504091,-0.17259312,-0.7397158,-0.039903313,0.9647349,-0.26018113
1356341071928,0.44100648,0.30803087,0.8429889,0.8930428,-0.05707158,-0.44633785,-0.08937514,0.94966304,-0.3002537
1356341071968,0.10096879,0.34226593,0.9341624,0.9863912,0.08802648,-0.13886583,-0.12976012,0.9354707,-0.3287202
1356341072010,-0.1472848,0.3183693,0.93645513,0.9776486,0.19047576,0.08900705,-0.1500349,0.92863345,-0.33930755
1356341072049,-0.31282756,0.2736269,0.9095423,0.93748295,0.24273083,0.24941424,-0.15252754,0.9307041,-0.33245343
1356341072089,-0.41460422,0.22644705,0.8813768,0.8991104,0.25133708,0.35837162,-0.14037043,0.9410374,-0.3078063
1356341072128,-0.47787857,0.18385458,0.85897005,0.87034905,0.2313993,0.43468028,-0.11884716,0.95532817,-0.2705984
1356341072169,-0.512756,0.1483962,0.8456121,0.8535126,0.19448632,0.48341632,-0.09272283,0.9696152,-0.22638208
1356341072210,-0.52207386,0.11870319,0.8445996,0.8502868,0.14990067,0.50452167,-0.066717714,0.98154944,-0.179191
1356341072250,-0.5029192,0.0929465,0.85932136,0.8630971,0.10716146,0.49353805,-0.046213478,0.9898876,-0.1341154
1356341072290,-0.44949394,0.067421824,0.8907353,0.89259696,0.07298219,0.4449092,-0.035011232,0.9950516,-0.09298557
1356341072330,-0.34412235,0.043883115,0.93789876,0.93833756,0.05139762,0.34187856,-0.033203036,0.9977137,-0.058864236
1356341072369,-0.1802122,0.023582816,0.98334503,0.98271585,0.047355235,0.17896122,-0.04234612,0.9985997,-0.031709194
1356341072409,0.06792465,0.015142739,0.9975755,0.995938,0.058208615,-0.06869671,-0.05910775,0.99818957,-0.011127472
1356341072451,0.36942944,0.02739489,0.92885494,0.92571205,0.07639918,-0.3704327,-0.0811117,0.9967009,0.002864331
1356341072488,0.66529,0.05887097,0.7442603,0.73995185,0.0805967,-0.6678139,-0.09929979,0.9950067,0.010058507
1356341072533,0.8587788,0.087431684,0.5048314,0.50144327,0.05876467,-0.86319256,-0.10513662,0.9944358,0.006623827
1356341072582,0.9599824,0.09224772,0.26443177,0.2642106,0.014824361,-0.96435106,-0.09287921,0.99562573,-0.0101417005
1356341072618,0.9951005,0.07632461,0.06284547,0.06504525,-0.02668351,-0.99752545,-0.07445881,0.9967259,-0.031517327
1356341072659,0.99603724,0.047129724,-0.07542278,-0.07244619,-0.06196055,-0.9954458,-0.051588327,0.9969652,-0.058300644
1356341072698,0.9852532,0.013416968,-0.17057575,-0.16868612,-0.09078798,-0.9814798,-0.02865471,0.99577993,-0.08718589
1356341072738,0.97245634,-0.019224651,-0.23229095,-0.23294425,-0.114804655,-0.9656899,-0.008103035,0.9932021,-0.116120785
1356341072779,0.9626546,-0.04765944,-0.26650465,-0.2705859,-0.13696957,-0.9529022,0.008911774,0.98942804,-0.14475036
1356341072819,0.9582752,-0.06935798,-0.27730507,-0.28506255,-0.16004616,-0.9450526,0.021165326,0.9846698,-0.17313963
1356341072860,0.9595431,-0.081160665,-0.26961076,-0.28040177,-0.18862069,-0.9411679,0.025531627,0.97869045,-0.20374727
1356341072898,0.96719664,-0.07774509,-0.24183953,-0.25333193,-0.22472566,-0.9409151,0.018803991,0.9713156,-0.23704922
1356341072940,0.9820055,-0.046749577,-0.18297464,-0.18877327,-0.2710389,-0.9438763,-0.005467437,0.9614324,-0.27498674
1356341072978,0.97940266,0.10138795,0.17461647,0.19738385,-0.29852867,-0.93376666,-0.042544663,0.94900006,-0.31239212
1356341073020,-0.9154343,0.061385006,0.39775848,0.39308944,0.34847283,0.85090965,-0.08637491,0.9353066,-0.34313375
1356341073058,-0.96116227,-0.021213569,0.27516738,0.24682215,0.38000005,0.8914476,-0.1234744,0.92474324,-0.36000574
1356341073098,-0.97352284,-0.06940597,0.21779853,0.17591786,0.38092983,0.90771437,-0.14596677,0.9219953,-0.35863417
1356341073158,-0.9802312,-0.09913956,0.1712249,0.12543419,0.35788357,0.925303,-0.15301271,0.9284884,-0.33837312
1356341073224,-0.9850424,-0.11263228,0.13040473,0.08887168,0.3162849,0.9444923,-0.14762537,0.9419542,-0.30154413
1356341073225,-0.98879844,-0.1131396,0.09734999,0.06416677,0.26665306,0.96165425,-0.13475984,0.9571288,-0.25640625
1356341073256,-0.99176097,-0.10279326,0.076444656,0.053007975,0.21395564,0.9754041,-0.116620734,0.9714199,-0.20674396
1356341073299,-0.993477,-0.086692855,0.07407907,0.05902748,0.16485852,0.98454934,-0.09756595,0.9824999,-0.15866584
1356341073338,-0.9929604,-0.07023519,0.09537649,0.086343095,0.12201458,0.98876554,-0.08108346,0.9900401,-0.115091324
1356341073378,-0.98729324,-0.0574614,0.14815612,0.14287809,0.087095976,0.98590064,-0.06955503,0.9945413,-0.07777929
1356341073418,-0.9690355,-0.050644785,0.24167162,0.23850355,0.061397254,0.9691988,-0.063922845,0.9968277,-0.047417104
1356341073459,-0.9188404,-0.050368875,0.39140183,0.3892606,0.047365546,0.9199091,-0.064873755,0.9976069,-0.023914814
1356341073498,-0.7768464,-0.05185902,0.6275511,0.6255452,0.050603867,0.7785451,-0.0721311,0.9973715,-0.0068713427
1356341073540,-0.36590618,-0.034690022,0.93000495,0.92677426,0.07754302,0.36752754,-0.084864885,0.9963853,0.0037763715
1356341073578,0.40378103,0.031220436,0.9143228,0.90973365,0.09190568,-0.40489256,-0.096672356,0.9952781,0.008707523
1356341073620,0.8261517,0.0791069,0.5578668,0.5544627,0.06197086,-0.829898,-0.10022214,0.994938,0.007335514
1356341073658,0.9545779,0.08779714,0.28473258,0.28346264,0.026873142,-0.95860666,-0.09181458,0.99577576,7.6529756E-4
1356341073698,0.9907969,0.07141564,0.11498323,0.115488686,-0.002975434,-0.9933043,-0.070595324,0.9974422,-0.011195749
1356341073739,0.9991077,0.04214961,-0.0026678294,-0.0015337262,-0.026916057,-0.9996365,-0.0422061,0.9987486,-0.026827395
1356341073778,0.99596214,0.009470269,-0.08927265,-0.08876895,-0.044461697,-0.9950594,-0.013392698,0.9989662,-0.043441504
1356341073820,0.98806655,-0.022341266,-0.15239885,-0.15345456,-0.057504445,-0.9864811,0.013275631,0.9980953,-0.060246587
1356341073858,0.9796208,-0.05011282,-0.19450405,-0.19763172,-0.067673594,-0.97793764,0.035844415,0.9964482,-0.07619834
1356341073900,0.9740205,-0.073666565,-0.21414343,-0.21977916,-0.079503894,-0.97230464,0.05460111,0.99410886,-0.093628794
1356341073938,0.9753178,-0.09034747,-0.20147598,-0.2101103,-0.099197984,-0.9726323,0.06788885,0.99095774,-0.11573249
1356341073979,0.9843349,-0.09261696,-0.1500231,-0.16181596,-0.13672423,-0.9773035,0.07000308,0.98627007,-0.14956933
1356341074018,0.99735343,-0.064766996,-0.033036686,-0.045047063,-0.1937972,-0.98000675,0.057069674,0.9789013,-0.19620186
1356341074058,0.98619586,0.013099976,0.16506396,0.1629614,-0.25347203,-0.95351744,0.02934803,0.96725404,-0.25210786
1356341074098,0.8883663,0.14178312,0.43669552,0.45912915,-0.26931533,-0.84656346,-0.0024196357,0.95255804,-0.30434743
1356341074138,0.68689305,0.26380935,0.6771873,0.72629166,-0.21578455,-0.6526389,-0.02604571,0.94012856,-0.33982342
1356341074214,0.48435056,0.3176952,0.8151529,0.8742121,-0.13951433,-0.46506873,-0.034024626,0.9378729,-0.34530687
1356341074218,0.3340487,0.32855383,0.8834387,0.9418905,-0.081147686,-0.3259716,-0.035410255,0.94099283,-0.33656904
1356341074246,0.25068855,0.3133246,0.91596013,0.96752894,-0.04952608,-0.24786088,-0.032297015,0.94835377,-0.31556618
1356341074290,0.21274605,0.27177975,0.93854934,0.9768369,-0.03655508,-0.21083957,-0.022993207,0.961665,-0.2732615
1356341074329,0.208965,0.21695235,0.95355403,0.9778539,-0.03475219,-0.20638335,-0.011637241,0.9755634,-0.21940967
1356341074368,0.22897819,0.15927678,0.96031237,0.973427,-0.03445998,-0.22638977,-0.0029662848,0.98663235,-0.16293493
1356341074409,0.2674227,0.1055212,0.95778406,0.9635788,-0.028342038,-0.2659181,-9.1442466E-4,0.99401295,-0.10925728
1356341074448,0.3242368,0.062049955,0.94393873,0.9459493,-0.013785064,-0.32402134,-0.0070932806,0.99797785,-0.063165754
1356341074488,0.40082112,0.033473313,0.91554457,0.9159202,0.00804469,-0.40127966,-0.020797431,0.9994072,-0.027434409
1356341074528,0.50095636,0.022487253,0.8651804,0.8645437,0.0333011,-0.50145316,-0.04008773,0.99919236,-0.002758801
1356341074569,0.62631553,0.030002177,0.7789921,0.77705896,0.056106254,-0.62692213,-0.06251532,0.9979739,0.011826783
1356341074609,0.7660707,0.054255158,0.6404623,0.63706195,0.068249196,-0.76778513,-0.08536729,0.9961919,0.017719835
1356341074648,0.89251435,0.0848033,0.44297463,0.43902576,0.06163693,-0.8963578,-0.10331768,0.99448943,0.017781012
1356341074690,0.9684491,0.10471913,0.2261419,0.2234078,0.037296444,-0.97401124,-0.11043191,0.99380225,0.012724636
1356341074729,0.9939315,0.10556312,0.03092894,0.030228913,0.008225203,-0.9995092,-0.1057657,0.9943787,0.00498423
1356341074769,0.9898983,0.08777255,-0.11134338,-0.11041838,-0.015339553,-0.9937669,-0.0889334,0.99602246,-0.005492896
1356341074808,0.9767424,0.06156227,-0.20538855,-0.2038601,-0.030225517,-0.9785334,-0.06644871,0.9976455,-0.016972452
1356341074849,0.9646187,0.034548283,-0.26137584,-0.26006752,-0.03817156,-0.96483564,-0.043310523,0.9986738,-0.027836114
1356341074889,0.9576708,0.0097486675,-0.2877007,-0.28706944,-0.04194823,-0.9569909,-0.021397918,0.99907225,-0.03737405
1356341074928,0.95778936,-0.011725739,-0.2872318,-0.28746694,-0.044383675,-0.95676166,-0.0015296787,0.9989458,-0.045880973
1356341074969,0.9644006,-0.031440705,-0.26257008,-0.2638808,-0.049546897,-0.96328187,0.017276742,0.9982768,-0.056079656
1356341075009,0.97730774,-0.048101693,-0.20629047,-0.20909995,-0.063385785,-0.9758378,0.03386356,0.9968293,-0.07200548
1356341075049,0.9914128,-0.056241445,-0.11805679,-0.12302061,-0.094983965,-0.9878481,0.0443445,0.9938888,-0.10108718
1356341075088,0.9990273,-0.042522795,0.011672273,0.005332336,-0.14626116,-0.98923165,0.043772094,0.9883316,-0.14589214
1356341075130,0.9835843,0.007807456,0.18028049,0.17798299,-0.2065936,-0.9621025,0.02973321,0.97839576,-0.20459181
1356341075168,0.9181286,0.093768865,0.3850289,0.3961287,-0.2442329,-0.8851171,0.0110403,0.96517235,-0.26138175
1356341075214,0.78965986,0.18877584,0.58378154,0.6135321,-0.23684284,-0.75331515,-0.003943205,0.9530315,-0.30284536
1356341075250,0.6125828,0.26162457,0.74585176,0.79032063,-0.1888429,-0.582865,-0.011642963,0.9465151,-0.3224492
1356341075291,0.44223192,0.28962475,0.8488512,0.8968137,-0.12960497,-0.42299858,-0.0124955475,0.9483249,-0.3170549
1356341075330,0.30150014,0.28070176,0.9112103,0.9534222,-0.07958661,-0.2909502,-0.009150118,0.9564897,-0.2916227
1356341075369,0.19718531,0.24858713,0.9483261,0.9803573,-0.045859784,-0.1918242,-0.0041950345,0.96752334,-0.25274706
1356341075412,0.12743151,0.2030105,0.97084904,0.9918472,-0.025586367,-0.12483737,-5.02795E-4,0.97884214,-0.20461595
1356341075450,0.089812666,0.15585312,0.9836887,0.99595857,-0.013720781,-0.088759005,-3.3640862E-4,0.9876849,-0.15645558
1356341075491,0.0777598,0.11093989,0.99078035,0.99695873,-0.0034964085,-0.07785317,-0.0051728487,0.9938209,-0.110874355
1356341075530,0.09337953,0.072918,0.9929568,0.9955234,0.007794827,-0.09419328,-0.014608324,0.9973075,-0.07186374
1356341075571,0.13782272,0.045371443,0.9894172,0.99004984,0.022327691,-0.13893473,-0.028395087,0.99872065,-0.04184273
1356341075610,0.21605176,0.030797482,0.97589606,0.9752667,0.040950954,-0.21720475,-0.04665321,0.9986864,-0.02118823
1356341075651,0.3340686,0.030997396,0.9420389,0.94008607,0.061243713,-0.33539122,-0.0680902,0.9976414,-0.008680582
1356341075690,0.49309927,0.04559025,0.8687777,0.86556625,0.07467742,-0.4951953,-0.08745414,0.99616504,-0.0026380122
1356341075730,0.67269844,0.0670096,0.7368762,0.73352265,0.07024656,-0.6760251,-0.097063184,0.9952764,-0.0018983185
1356341075771,0.82583934,0.07972105,0.5582418,0.55639154,0.04587275,-0.829653,-0.09174888,0.99576116,-0.0064725876
1356341075810,0.9226335,0.07618332,0.37807852,0.37804106,0.015470892,-0.9256596,-0.07636905,0.9969738,-0.01452646
1356341075851,0.9686449,0.05891335,0.24136332,0.2424204,-0.011401534,-0.97010434,-0.054400183,0.99819803,-0.025325837
1356341075889,0.9867485,0.038133685,0.15771255,0.15890236,-0.030476242,-0.9868238,-0.032824744,0.9988078,-0.03613192
1356341075930,0.9926392,0.018516947,0.11968555,0.1204125,-0.04502377,-0.9917024,-0.012974612,0.9988143,-0.046922028
1356341075989,0.9921756,0.0022826418,0.12482952,0.12474535,-0.059131414,-0.9904252,0.005120553,0.9982476,-0.058953494
1356341076008,0.9853814,-0.008425258,0.17015424,0.16900444,-0.077525556,-0.9825616,0.02146963,0.9969548,-0.07496834
1356341076049,0.9685275,-0.008038789,0.24877685,0.2464993,-0.10769546,-0.9631406,0.03453461,0.9941515,-0.102324456
1356341076086,0.93068993,0.015254781,0.36549085,0.36349165,-0.15085047,-0.919303,0.04111068,0.9884389,-0.14594
1356341076132,0.85740745,0.07598089,0.5089984,0.51320726,-0.19993758,-0.8346516,0.038350314,0.97685814,-0.21042192
1356341076169,0.7196185,0.16905826,0.6734749,0.6936143,-0.22024226,-0.68585163,0.032378763,0.9606834,-0.27575165
1356341076216,0.5307391,0.2643363,0.8052591,0.8470811,-0.19654137,-0.49378645,0.027741045,0.9441916,-0.32822645
1356341076250,0.3258396,0.3286283,0.8864716,0.94505954,-0.13928738,-0.2957388,0.026286185,0.93413186,-0.35595867
1356341076291,0.15438142,0.3489802,0.9243263,0.98764753,-0.07989463,-0.13479304,0.02680859,0.9337182,-0.3570037
1356341076330,0.038051635,0.3352284,0.9413681,0.9988688,-0.03964117,-0.026259333,0.028514057,0.94130254,-0.33635765
1356341076372,-0.023265332,0.30186498,0.9530667,0.99924517,-0.022643358,0.031564474,0.031108886,0.9530817,-0.30111033
1356341076410,-0.036127836,0.25828868,0.965392,0.99880546,-0.022470146,0.043390155,0.032899678,0.96580637,-0.2571683
1356341076449,-0.007806748,0.2099016,0.9776914,0.9994881,-0.028698772,0.014142126,0.03102699,0.97730124,-0.20957017
1356341076488,0.052666962,0.16020316,0.985678,0.9983403,-0.031475127,-0.048227847,0.023298085,0.9865821,-0.16159499
1356341076528,0.13727584,0.11460778,0.9838803,0.9904809,-0.026054353,-0.13516185,0.010143757,0.99306905,-0.117093444
1356341076570,0.23510721,0.07831764,0.968809,0.9719448,-0.011846393,-0.23491055,-0.0069207847,0.99685806,-0.07890558
1356341076611,0.33899102,0.055113375,0.9391739,0.94040245,0.008785754,-0.33995,-0.026987135,0.99844146,-0.048850477
1356341076651,0.4447117,0.04607278,0.89448804,0.8943614,0.031201467,-0.44625577,-0.048469603,0.99845064,-0.02733007
1356341076690,0.54295915,0.049634725,0.8382909,0.8368534,0.050989985,-0.5450471,-0.069797665,0.99746495,-0.013851494
1356341076731,0.63282746,0.059807718,0.7719796,0.769559,0.061497167,-0.6356076,-0.085488796,0.9963138,-0.007108465
1356341076771,0.7096549,0.067966014,0.70126355,0.6988841,0.058062345,-0.7128743,-0.08916819,0.9959967,-0.006296113
1356341076810,0.77129555,0.0684132,0.63278973,0.6314125,0.04292786,-0.774258,-0.080133766,0.99673307,-0.010086894
1356341076852,0.8156659,0.059438586,0.57546175,0.57540965,0.019709766,-0.81762785,-0.059940845,0.9980374,-0.018124945
1356341076890,0.84357965,0.045964405,0.53503335,0.5357329,-0.0035224184,-0.84438014,-0.03692682,0.9989369,-0.027596086
1356341076931,0.8570493,0.03126192,0.5142851,0.5150458,-0.024983563,-0.85679847,-0.01393649,0.999199,-0.037513465
1356341076970,0.8556373,0.018388465,0.5172491,0.51752776,-0.044021398,-0.8545332,0.0070565045,0.9988613,-0.047182888
1356341077009,0.83861244,0.009383619,0.5446477,0.5441079,-0.062144816,-0.83671063,0.025995642,0.9980231,-0.057221115
1356341077050,0.802914,0.0073615313,0.5960494,0.5945303,-0.0822894,-0.7998514,0.04316041,0.9965813,-0.07044798
1356341077090,0.7420044,0.020372987,0.67008543,0.66803795,-0.10621466,-0.73650783,0.05616802,0.9941345,-0.09242168
1356341077128,0.645868,0.061312854,0.760983,0.7611921,-0.12830423,-0.6357079,0.0586603,0.9898377,-0.12953845
1356341077168,0.49942857,0.13664383,0.8555113,0.8652174,-0.12925833,-0.48444942,0.044384927,0.98215115,-0.18278193
1356341077211,0.3008424,0.22907266,0.92575353,0.95356965,-0.08660674,-0.28845146,0.014100134,0.96954894,-0.2444917
1356341077252,0.08745092,0.2980572,0.9505337,0.9960098,-0.009113848,-0.088777006,-0.01779759,0.95450455,-0.29766488
1356341077290,-0.087201566,0.32696903,0.9410033,0.9954337,0.06541821,0.06951481,-0.038829535,0.94276816,-0.3311805
1356341077331,-0.20419303,0.32395917,0.9237726,0.9779225,0.110321075,0.17747378,-0.044417292,0.9396168,-0.3393337
1356341077370,-0.2705946,0.3018086,0.91416085,0.9619374,0.12238979,0.24432987,-0.0381431,0.9454799,-0.323439
1356341077410,-0.29610863,0.2685075,0.916637,0.95481586,0.10875562,0.27658445,-0.02542442,0.9571186,-0.2885787
1356341077450,-0.2875,0.22709495,0.93046844,0.957717,0.07935855,0.27655068,-0.0110373795,0.97063386,-0.24030834
1356341077491,-0.25024348,0.18025455,0.95125526,0.9681829,0.046533465,0.2458789,5.5611134E-5,0.9825187,-0.18616408
1356341077534,-0.18516171,0.12725934,0.9744333,0.98270214,0.020540774,0.18405035,0.0034064949,0.9916568,-0.12886137
1356341077570,-0.10088223,0.07751697,0.99187386,0.99489814,0.008520424,0.10052392,-6.5889955E-4,0.99695456,-0.077980995
1356341077610,-0.0071153343,0.035565615,0.9993421,0.99987507,0.014362067,0.0066079497,-0.014117628,0.9992642,-0.035663426
1356341077650,0.096324146,0.0075086653,0.9953217,0.9947721,0.033345282,-0.09652245,-0.03391403,0.99941564,-0.0042574406
1356341077691,0.20758447,-0.0031180978,0.9782121,0.9764328,0.061031967,-0.20701236,-0.05905673,0.998131,0.01571387
1356341077729,0.3441157,0.0040424466,0.9389186,0.93518996,0.0876582,-0.3431266,-0.08369103,0.99614245,0.026384056
1356341077759,0.51762235,0.026460499,0.85519993,0.8494122,0.10418871,-0.5173429,-0.10279131,0.9942055,0.031454563
1356341077790,0.71305203,0.05911404,0.6986146,0.69185424,0.10205886,-0.71478796,-0.11355385,0.9930204,0.03187497
1356341077831,0.89926195,0.0877257,0.4285232,0.4235729,0.06982133,-0.9031672,-0.109151036,0.9936947,0.025629431
1356341077870,0.9954797,0.092016906,0.023516994,0.022085462,0.016544878,-0.9996192,-0.09237096,0.99561995,0.014437854
1356341077910,0.9360714,0.06510578,-0.34573323,-0.34491432,-0.023783002,-0.9383328,-0.06931348,0.99759483,1.9332767E-4
1356341077950,0.8170018,0.028711796,-0.57591987,-0.57482326,-0.03856054,-0.81736857,-0.045675874,0.9988437,-0.014999837
1356341077991,0.7100586,-0.0029774904,-0.70413625,-0.7037011,-0.038407087,-0.70945734,-0.024931401,0.99925774,-0.029366568
1356341078030,0.6283134,-0.028551728,-0.77743626,-0.7779238,-0.032744423,-0.6275048,-0.007540375,0.99905586,-0.04278481
1356341078070,0.567,-0.05065772,-0.82215863,-0.82368636,-0.026153013,-0.56644213,0.007192731,0.9983736,-0.05655481
1356341078111,0.5206373,-0.073991954,-0.85056573,-0.85356057,-0.022628576,-0.520502,0.01926589,0.9970021,-0.07493791
1356341078150,0.48611522,-0.103055745,-0.8677969,-0.8734994,-0.027432993,-0.4860518,0.026284188,0.99429727,-0.10335472
1356341078214,0.46000725,-0.1434854,-0.87624496,-0.88760555,-0.048254788,-0.4580696,0.023443282,0.9884753,-0.14955601
1356341078233,0.4467305,-0.19197795,-0.87382853,-0.89460266,-0.08399536,-0.4388973,0.010861039,0.97779816,-0.20926726
1356341078271,0.45094442,-0.23881426,-0.8600098,-0.8925303,-0.12737663,-0.43262544,-0.0062280595,0.96267486,-0.2705887
1356341078310,0.48287332,-0.26837513,-0.8335515,-0.87547207,-0.16919464,-0.45268285,-0.019543618,0.9483396,-0.3166545
1356341078351,0.5454488,-0.27015907,-0.7934102,-0.83776146,-0.20433667,-0.50636166,-0.025324583,0.94088286,-0.33778408
1356341078391,0.6296515,-0.2440612,-0.7375454,-0.77652085,-0.22649176,-0.58797693,-0.023545623,0.9429399,-0.33212948
1356341078430,0.72005844,-0.20287088,-0.6635958,-0.6937213,-0.23296297,-0.6815271,-0.016331226,0.9510898,-0.30848277
1356341078471,0.79896235,-0.15933561,-0.57988906,-0.6013663,-0.21842629,-0.7685366,-0.00420776,0.9627575,-0.27033347
1356341078510,0.8621109,-0.12208913,-0.49179167,-0.5066475,-0.19131622,-0.84065837,0.0085475445,0.97390574,-0.22679195
1356341078551,0.9065998,-0.092181474,-0.41180015,-0.42160305,-0.15600216,-0.8932604,0.018100366,0.98344594,-0.18029553
1356341078590,0.9354776,-0.06691463,-0.34699297,-0.3527645,-0.11861122,-0.92816406,0.020950496,0.9906835,-0.13456324
1356341078630,0.95135736,-0.0434466,-0.30501074,-0.30768868,-0.08349994,-0.94781613,0.015710995,0.99556017,-0.09280631
1356341078670,0.95674753,-0.018905774,-0.29030436,-0.29090977,-0.05408165,-0.95522076,0.0023590475,0.9983575,-0.057242364
1356341078711,0.95286244,0.008036837,-0.3032962,-0.3028891,-0.032939285,-0.9524564,-0.017645106,0.9994251,-0.02895233
1356341078750,0.9405822,0.037547156,-0.3374838,-0.33687794,-0.021627069,-0.9412999,-0.042641908,0.99906075,-0.0076932292
1356341078809,0.9206801,0.06494756,-0.38487655,-0.3844596,-0.01930219,-0.92294,-0.06737165,0.997702,0.0071985703
1356341078829,0.8967653,0.08262771,-0.43472368,-0.43446106,-0.022078633,-0.90042,-0.08399771,0.9963359,0.016099155
1356341078868,0.87331903,0.08475798,-0.47971863,-0.479459,-0.024729908,-0.87721574,-0.08621444,0.9960946,0.019040883
1356341078906,0.85413647,0.07085352,-0.51519966,-0.51487076,-0.02424115,-0.8569251,-0.07320516,0.9971922,0.015775144
1356341078949,0.84000194,0.045690253,-0.5406562,-0.5402921,-0.02104184,-0.84121436,-0.049811736,0.99873394,0.007010907
1356341078989,0.8303577,0.017505795,-0.5569557,-0.55670726,-0.017250039,-0.83052963,-0.024146587,0.999698,-0.004578091
1356341079030,0.82537806,-0.010145128,-0.5644893,-0.56458044,-0.014699757,-0.82524717,7.43866E-5,0.9998405,-0.017860599
1356341079068,0.8258841,-0.034614533,-0.56277645,-0.5634699,-0.014515042,-0.82600915,0.020423204,0.99929535,-0.031491995
1356341079109,0.8324689,-0.057466134,-0.55108356,-0.55279815,-0.018743932,-0.8331044,0.03754583,0.99817145,-0.047370918
1356341079148,0.84801316,-0.07921082,-0.5240222,-0.52749974,-0.030697856,-0.84900033,0.051163644,0.9963851,-0.06781586
1356341079216,0.8727895,-0.09877367,-0.4779982,-0.48466742,-0.059495777,-0.87267286,0.057758227,0.9933298,-0.09979966
1356341079233,0.9084982,-0.10852221,-0.4035516,-0.41454223,-0.11207232,-0.9031027,0.052779734,0.98775643,-0.14680454
1356341079271,0.9499372,-0.09655181,-0.29714814,-0.31055087,-0.187329,-0.9319153,0.03431365,0.9775406,-0.20793504
1356341079310,0.98732233,-0.052621763,-0.14975208,-0.15838836,-0.2648869,-0.95118254,0.010385551,0.96284264,-0.2698634
1356341079351,0.9989398,0.021848889,0.040520087,0.04534696,-0.31537312,-0.9478836,-0.007931257,0.94871616,-0.31602955
1356341079390,0.96057683,0.1075587,0.2563655,0.2775737,-0.31912482,-0.9061525,-0.015652,0.94158936,-0.33639938
1356341079430,0.8702259,0.17442855,0.4607402,0.49244764,-0.2809912,-0.823735,-0.014218941,0.94372594,-0.33042276
1356341079471,0.75609183,0.20223948,0.6224342,0.65443754,-0.2248441,-0.72191167,-0.0060483813,0.9531759,-0.3023559
1356341079510,0.6507655,0.19616294,0.73350143,0.7592602,-0.17489131,-0.62684685,0.00531891,0.9648487,-0.26275194
1356341079551,0.57028615,0.16683444,0.8043258,0.82126224,-0.13651969,-0.5539773,0.017383784,0.97648793,-0.21487013
1356341079590,0.5196193,0.1266894,0.844953,0.8539971,-0.10730155,-0.5090926,0.026168168,0.9861217,-0.1639483
1356341079630,0.4993626,0.08517209,0.86219645,0.86591625,-0.08207689,-0.493409,0.028741717,0.9929799,-0.11473802
1356341079670,0.5114414,0.04893443,0.85792375,0.8589803,-0.057108894,-0.5088138,0.024096549,0.997168,-0.07124159
1356341079711,0.5622619,0.022812158,0.82664454,0.82684994,-0.031755388,-0.5615252,0.013440877,0.9992353,-0.036717042
1356341079750,0.6566616,0.011187553,0.75410235,0.75418055,-0.006190479,-0.65663797,-0.0026779175,0.9999183,-0.012502477
1356341079791,0.7946661,0.017876536,0.6067835,0.60657156,0.016158186,-0.79486465,-0.024013937,0.9997096,0.0019969642
1356341079831,0.9347209,0.043468863,0.35271424,0.35189474,0.02550307,-0.935692,-0.049668744,0.99872917,0.008541789
1356341079870,0.99687576,0.0730287,0.030092876,0.02927779,0.012206346,-0.9994968,-0.07335928,0.9972552,0.010030091
1356341079911,0.9679295,0.087281056,-0.23557279,-0.23528817,-0.013682308,-0.97182935,-0.08804545,0.99608976,0.0072926874
1356341079950,0.9077623,0.08250569,-0.41129118,-0.40977007,-0.035380326,-0.9115025,-0.08975573,0.9959624,0.0016914308
1356341079979,0.85294324,0.06868164,-0.5174656,-0.5153253,-0.04727315,-0.8556899,-0.08323239,0.996518,-0.004927937
1356341080020,0.8146814,0.044855922,-0.5781714,-0.57628345,-0.04868707,-0.8157984,-0.06474286,0.9978063,-0.013814725
1356341080061,0.7855926,0.018018305,-0.61848164,-0.61738014,-0.04350686,-0.785461,-0.041060835,0.9988907,-0.023054533
1356341080100,0.76290107,-0.00771001,-0.64646924,-0.6462947,-0.035211377,-0.7622751,-0.016885906,0.9993502,-0.03184575
1356341080140,0.74617624,-0.0311082,-0.6650213,-0.6657257,-0.026603222,-0.7457222,0.0055063665,0.99916196,-0.04056023
1356341080181,0.7374615,-0.05350834,-0.67326623,-0.6748947,-0.020243593,-0.7376363,0.025840402,0.9983622,-0.05104138
1356341080220,0.741691,-0.0782972,-0.66615623,-0.6693446,-0.022328041,-0.74261653,0.043270886,0.99668,-0.068968326
1356341080258,0.7668036,-0.10475451,-0.63327616,-0.63958263,-0.04126472,-0.7676139,0.05427903,0.9936416,-0.0986411
1356341080298,0.8148618,-0.12743466,-0.5654739,-0.5772779,-0.09014425,-0.8115567,0.052446216,0.98774207,-0.14702031
1356341080340,0.89343655,-0.12541431,-0.43132636,-0.44778877,-0.17289901,-0.8772635,0.03544551,0.97692233,-0.21063343
1356341080378,0.9844285,-0.059938494,-0.1652509,-0.17529564,-0.26461068,-0.94828933,0.013111882,0.96249086,-0.27099726
1356341080418,0.9660783,0.0854669,0.24369687,0.25820515,-0.30219626,-0.91760963,-0.004780978,0.94940656,-0.31401324
1356341080458,0.75733113,0.22654724,0.6124753,0.6528944,-0.24348623,-0.7172471,-0.013361067,0.9430752,-0.3323111
1356341080498,0.53611106,0.28288946,0.79533553,0.8440269,-0.16371109,-0.5107028,-0.014267176,0.94507796,-0.32653362
1356341080539,0.3995822,0.28015193,0.87283957,0.9166384,-0.111313924,-0.3839051,-0.010392517,0.95347995,-0.30127707
1356341080578,0.33335888,0.25083655,0.90881944,0.9427907,-0.08440882,-0.32252258,-0.004188031,0.9643423,-0.26462474
1356341080619,0.31300038,0.20829111,0.92663133,0.9497501,-0.071047544,-0.30483922,0.0023395717,0.97548294,-0.22006243
1356341080658,0.33154252,0.16254595,0.92933226,0.94342005,-0.06357077,-0.32544953,0.0061778724,0.984651,-0.17442554
1356341080698,0.38022804,0.118300796,0.9172958,0.9248791,-0.054034054,-0.37640277,0.0050364435,0.9915066,-0.12995917
1356341080738,0.46836227,0.079768,0.87992835,0.8835346,-0.040207982,-0.46663687,-0.0018425882,0.9960022,-0.08930972
1356341080778,0.606953,0.05191499,0.7930402,0.79460377,-0.021323293,-0.6067538,-0.014589369,0.9984238,-0.054194078
1356341080819,0.797307,0.042176604,0.6020986,0.6026354,-1.6957521E-5,-0.7980167,-0.033647448,0.99911016,-0.025430642
1356341080858,0.9677429,0.055811413,0.24568012,0.24547514,0.01060614,-0.96934485,-0.05670622,0.99838495,-0.0034362972
1356341080900,0.98395425,0.08129976,-0.15882185,-0.15924346,-0.0013132682,-0.9872385,-0.080470815,0.99668884,0.011654258
1356341080938,0.89422786,0.09577589,-0.43724537,-0.4370528,-0.0240997,-0.89911294,-0.09665084,0.9951111,0.020308493
1356341080980,0.81105787,0.093024224,-0.577522,-0.57658875,-0.039354324,-0.8160862,-0.09864378,0.9948858,0.021718085
1356341081018,0.7586727,0.07823652,-0.6467571,-0.6454698,-0.044180468,-0.76250696,-0.088229924,0.99595535,0.016980797
1356341081058,0.7319063,0.05473432,-0.67920345,-0.6779407,-0.041895524,-0.73392177,-0.068626285,0.99762166,0.0064430237
1356341081099,0.7199605,0.028310925,-0.69343734,-0.6924584,-0.037580326,-0.72047836,-0.046456993,0.9988925,-0.007452227
1356341081138,0.71588093,0.003267765,-0.69821477,-0.6977239,-0.03443338,-0.7155387,-0.026380122,0.9994016,-0.02237019
1356341081179,0.71713597,-0.01947388,-0.6966611,-0.69686663,-0.033858642,-0.7164011,-0.009636849,0.99923694,-0.037851974
1356341081220,0.72437406,-0.040979326,-0.68818814,-0.6893941,-0.036916673,-0.72344506,0.004240632,0.9984777,-0.054992378
1356341081258,0.7403032,-0.06221506,-0.66938806,-0.67209935,-0.045854867,-0.7390397,0.015284687,0.99700874,-0.0757612
1356341081298,0.7706843,-0.084402025,-0.6316027,-0.6368866,-0.0701062,-0.7677633,0.020521522,0.99396247,-0.10778427
1356341081339,0.827013,-0.10110363,-0.5530168,-0.5619674,-0.12144977,-0.8181947,0.01555869,0.98743504,-0.1572575
1356341081378,0.9215801,-0.0868115,-0.37835687,-0.38818794,-0.2047723,-0.8985424,5.2680075E-4,0.97495234,-0.22241324
1356341081419,0.9969528,0.037327364,0.06849699,0.076337785,-0.28613728,-0.9551429,-0.016053421,0.9574613,-0.28811485
1356341081460,0.57411575,0.29015806,0.76563656,0.81837773,-0.17426287,-0.5476224,-0.025475025,0.9409786,-0.33750594
1356341081498,0.024670899,0.36189944,0.93189067,0.99934834,0.015641093,-0.032531023,-0.02634877,0.93208593,-0.36127776
1356341081539,-0.21954927,0.34350723,0.913127,0.9754042,0.096105844,0.19836915,-0.01961559,0.9342197,-0.35615838
1356341081578,-0.3263298,0.31021467,0.892903,0.94521797,0.11556527,0.30529937,-0.008480221,0.94361615,-0.33093292
1356341081635,-0.37248963,0.27210224,0.8872496,0.92801964,0.103476524,0.35787165,0.0055681467,0.9566885,-0.29106015
1356341081659,-0.3831494,0.23024899,0.89452887,0.92347974,0.075001776,0.37624452,0.01953867,0.97023714,-0.24136716
1356341081698,-0.36638921,0.18579113,0.911724,0.93000627,0.042470694,0.36508158,0.029107362,0.981671,-0.18834776
1356341081736,-0.32724708,0.1388048,0.93468845,0.94442904,0.015559018,0.32834685,0.031033307,0.99019754,-0.1361829
1356341081779,-0.26520938,0.09310302,0.9596852,0.9638736,7.343292E-5,0.26635975,0.024728447,0.99565643,-0.08975893
1356341081820,-0.1820066,0.052748352,0.9818815,0.9832487,-1.7046928E-4,0.18226913,0.009781748,0.9986079,-0.05183375
1356341081858,-0.07416552,0.022759467,0.99698615,0.9971788,0.013298452,0.07387626,-0.01157698,0.9996525,-0.023681521
1356341081898,0.05396986,0.0068255067,0.9985193,0.99780697,0.038007557,-0.054191202,-0.038321167,0.9992541,-0.0047592223
1356341081938,0.20402572,0.0071234405,0.9789396,0.9767779,0.065332025,-0.20405063,-0.0654096,0.99783814,0.0063714087
1356341081978,0.3707523,0.021354139,0.9284862,0.92484087,0.08292779,-0.37120393,-0.08492407,0.9963268,0.010996491
1356341082019,0.5390297,0.040710837,0.8413024,0.8374305,0.08120021,-0.54047835,-0.09031728,0.99586606,0.009676814
1356341082068,0.68734944,0.051900566,0.7244702,0.72229743,0.056076825,-0.68930525,-0.07640129,0.9970766,0.0010567307
1356341082109,0.8030387,0.051209033,0.5937225,0.59323305,0.025928922,-0.80461305,-0.056598008,0.9983513,-0.009556949
1356341082150,0.87456185,0.04068902,0.48320395,0.48364452,-0.0011319183,-0.87526375,-0.03506665,0.9991712,-0.020668954
1356341082220,0.91115284,0.026547164,0.41121256,0.41178566,-0.021687802,-0.91102266,-0.015266761,0.9994123,-0.03069264
1356341082233,0.9253141,0.011921942,0.37901402,0.3791837,-0.038762446,-0.92450917,0.0036695749,0.99917734,-0.040388044
1356341082269,0.9171172,4.3958426E-4,0.3986175,0.39802596,-0.05547935,-0.915695,0.021712497,0.99845976,-0.05105603
1356341082311,0.8860014,-0.002535969,0.4636756,0.46205637,-0.07884702,-0.8833385,0.038799554,0.99688345,-0.06868681
1356341082348,0.80212617,0.017915249,0.5968859,0.5950121,-0.108574174,-0.79634935,0.050539583,0.99392694,-0.09774998
1356341082389,0.61937624,0.083188534,0.7806746,0.7834951,-0.12893088,-0.6078752,0.05008477,0.9881582,-0.14503455
1356341082428,0.2874878,0.18678749,0.9393941,0.9571016,-0.093052804,-0.2744045,0.036157906,0.9779835,-0.20552614
1356341082469,-0.057263643,0.2652594,0.9624751,0.9982226,-7.3066354E-4,0.05959183,0.016510546,0.96417683,-0.26474607
1356341082509,-0.26576424,0.29680416,0.91721135,0.9640348,0.07935858,0.25365147,0.002496183,0.9516351,-0.30722022
1356341082560,-0.34817487,0.29821473,0.88873065,0.93742174,0.106873035,0.33138898,0.0038437545,0.9484968,-0.31676346
1356341082598,-0.354944,0.2892752,0.8890077,0.93481314,0.09781748,0.34140328,0.011799008,0.9522351,-0.30513793
1356341082639,-0.31608757,0.2657804,0.91074115,0.9484268,0.06425205,0.3104164,0.023985624,0.96189004,-0.2723825
1356341082679,-0.23738328,0.22691327,0.94454193,0.97071356,0.018439323,0.23953101,0.036936045,0.97374034,-0.22464496
1356341082718,-0.12747946,0.17563877,0.97616595,0.9907329,-0.023963422,0.13369352,0.046873987,0.984163,-0.17095631
1356341082758,0.0053097904,0.11611563,0.9932215,0.9987158,-0.050659925,5.8338046E-4,0.050384283,0.9919429,-0.116235495
1356341082798,0.14946532,0.05862382,0.9870276,0.9877399,-0.054340422,-0.1463457,0.045056164,0.99680007,-0.066027105
1356341082838,0.29218856,0.014425725,0.95625186,0.9558908,-0.03574714,-0.2915389,0.02997765,0.9992567,-0.024234265
1356341082878,0.42606825,-0.008936852,0.9046469,0.9046757,-0.0016016364,-0.42609763,0.0052568614,0.99995875,0.0074025393
1356341082919,0.551392,-0.010111749,0.834185,0.8338446,0.037706718,-0.55070996,-0.02588576,0.9992378,0.029222801
1356341082960,0.6648354,0.008009434,0.74694693,0.74463844,0.072173014,-0.66355455,-0.0592241,0.99736,0.042019054
1356341082998,0.7734613,0.03566888,0.63283914,0.6281439,0.09045719,-0.77282125,-0.084810555,0.9952614,0.047559932
1356341083040,0.86619365,0.059870496,0.49610895,0.49065495,0.08622739,-0.867077,-0.0946905,0.9944749,0.045313865
