1356341695389,0.8231903,-0.539164,0.17793241,0.17194675,-0.061930537,-0.98315763,0.54110265,0.83992076,0.041726884
1356341695448,0.37638342,-0.28622597,0.88114136,0.7520283,-0.46108866,-0.4710102,0.5410997,0.83992374,0.041703966
1356341695468,0.37648624,-0.28613478,0.8811271,0.7519966,-0.46110153,-0.47104844,0.54107237,0.8399478,0.04157394
1356341695508,0.37684363,-0.2859357,0.8810389,0.7518979,-0.4610644,-0.47124216,0.54096067,0.8400359,0.04124525
1356341695546,0.3776952,-0.28573868,0.8807382,0.75167143,-0.46081352,-0.47184843,0.5406814,0.84024066,0.04073453
1356341695588,0.37924016,-0.2857674,0.88006467,0.7512636,-0.4601428,-0.47315055,0.54016644,0.8405983,0.040182054
1356341695628,0.3815117,-0.2862715,0.8789184,0.7506537,-0.45891327,-0.475308,0.5394144,0.84109885,0.039809972
1356341695668,0.38433582,-0.28732854,0.87734157,0.7499134,-0.4571011,-0.47821367,0.53843826,0.8417249,0.039791256
1356341695707,0.38751954,-0.28881752,0.8754502,0.74914217,-0.45476353,-0.48163897,0.53722864,0.8424812,0.040135678
1356341695748,0.3908354,-0.2903946,0.8734521,0.7484966,-0.45202583,-0.48520666,0.53572434,0.84341186,0.040691674
1356341695788,0.3941083,-0.29156882,0.87158835,0.748143,-0.44904625,-0.4885073,0.53381693,0.8445976,0.041162368
1356341695828,0.3972873,-0.2917977,0.8700672,0.7482354,-0.44593233,-0.49121088,0.5313253,0.8461669,0.041170124
1356341695868,0.4003982,-0.29068857,0.86901176,0.74888605,-0.4427032,-0.49313647,0.5280634,0.84824175,0.040435076
1356341695908,0.40341592,-0.288206,0.8684428,0.75010645,-0.4393736,-0.49425825,0.524019,0.85081613,0.038934853
1356341695948,0.4061213,-0.28485397,0.8682878,0.7517971,-0.43600452,-0.49467286,0.5194869,0.85367334,0.037081655
1356341695988,0.40811056,-0.281672,0.8683932,0.75381744,-0.43260396,-0.49458387,0.5149807,0.85645485,0.035778943
1356341696028,0.40905172,-0.2798661,0.8685342,0.7559451,-0.42917955,-0.49431956,0.5111004,0.85876644,0.03600678
1356341696068,0.40897322,-0.2803567,0.8684129,0.7577396,-0.42595035,-0.49436527,0.50849944,0.860213,0.038235106
1356341696108,0.4082672,-0.2836551,0.8676737,0.75860745,-0.4232819,-0.49532515,0.50777215,0.8604488,0.042370826
1356341696148,0.407583,-0.289886,0.86593425,0.7580091,-0.42138708,-0.49785054,0.50921345,0.85930145,0.04798603
1356341696188,0.4077838,-0.2986928,0.86284125,0.7555373,-0.42024666,-0.5025496,0.51271415,0.8568403,0.05430377
1356341696229,0.40966678,-0.30938658,0.8581685,0.7508235,-0.4199385,-0.50981927,0.5181092,0.8531891,0.06025988
1356341696268,0.41411895,-0.32091543,0.85177386,0.7436521,-0.42032313,-0.5199133,0.5248685,0.8487294,0.064585716
1356341696333,0.4204229,-0.33211502,0.84436023,0.734059,-0.42246997,-0.5316733,0.5332935,0.8433379,0.06617594
1356341696350,0.42795235,-0.34202915,0.83658403,0.7221088,-0.42725343,-0.5440712,0.5435216,0.83694124,0.064138144
1356341696389,0.43516147,-0.3493263,0.82982266,0.7087057,-0.43555653,-0.5550014,0.5553113,0.82961524,0.05803215
1356341696428,0.44020206,-0.3526892,0.8257314,0.69544405,-0.4477828,-0.5620037,0.567961,0.8216452,0.048160702
1356341696468,0.44106442,-0.35112613,0.8259374,0.68428403,-0.46389627,-0.5626327,0.58070433,0.81333303,0.035661876
1356341696508,0.4360301,-0.34406233,0.8315641,0.6767638,-0.48370546,-0.5549953,0.5931851,0.80476713,0.0219388
1356341696548,0.4239716,-0.33119774,0.842945,0.6738483,-0.5065134,-0.5379338,0.6051253,0.7960857,0.0084296465
1356341696588,0.40469438,-0.3125903,0.85936594,0.6759023,-0.5307337,-0.51134914,0.61593723,0.7877875,-0.0035044812
1356341696629,0.3786832,-0.28865254,0.8793627,0.6828836,-0.554176,-0.475982,0.6247151,0.7807488,-0.012741063
1356341696668,0.3470862,-0.26045376,0.9009412,0.694017,-0.5747928,-0.43353623,0.6307706,0.77574295,-0.018743332
1356341696708,0.3113379,-0.22981866,0.9220911,0.70773906,-0.59145534,-0.38637558,0.6341721,0.7728933,-0.021490842
1356341696748,0.2728173,-0.199128,0.94123256,0.72185993,-0.6043874,-0.33709663,0.63599455,0.77140385,-0.021144807
1356341696788,0.2329117,-0.17064315,0.95740956,0.73387706,-0.6151284,-0.28816926,0.6381039,0.7697389,-0.018039495
1356341696828,0.1934489,-0.14557296,0.9702505,0.7416374,-0.6257246,-0.24174944,0.6423018,0.76634026,-0.013083421
1356341696868,0.15697473,-0.123711914,0.9798236,0.7445048,-0.63704735,-0.19970816,0.6489003,0.7608325,-0.007896215
1356341696908,0.126095,-0.10450643,0.98649806,0.7441895,-0.64759207,-0.16372672,0.65595883,0.7547866,-0.0038854778
1356341696948,0.10234052,-0.08804816,0.9908451,0.7442872,-0.6540738,-0.13499662,0.65997195,0.7512889,-0.0014051273
1356341696988,0.086015284,-0.07538819,0.99343747,0.74820673,-0.6535325,-0.114376485,0.6578663,0.7531347,1.9213557E-4
1356341697028,0.076973855,-0.06810862,0.99470407,0.75714165,-0.6451173,-0.10276237,0.6486998,0.7610419,0.0019107461
1356341697068,0.075631976,-0.06797719,0.994816,0.76953197,-0.6304767,-0.101585865,0.63411385,0.77322584,0.004626408
1356341697108,0.08342904,-0.076983124,0.99353576,0.7825316,-0.612243,-0.11314973,0.6169958,0.78691316,0.0091627985
1356341697148,0.10298568,-0.09757313,0.98988557,0.79329145,-0.59231,-0.14091653,0.6000688,0.7997802,0.01640451
1356341697188,0.13655263,-0.13157094,0.98185664,0.79958975,-0.570477,-0.18764886,0.5848158,0.8107065,0.027302682
1356341697228,0.1834299,-0.17904708,0.9665897,0.7995962,-0.54480314,-0.2526566,0.5718385,0.81922626,0.043232232
1356341697268,0.2362727,-0.23750159,0.9422145,0.79275405,-0.5136036,-0.32825622,0.5618862,0.82450235,0.06692988
1356341697334,0.27962804,-0.3031255,0.91100115,0.78243876,-0.47794467,-0.39919716,0.556415,0.82442933,0.10353046
1356341697349,0.29755896,-0.37328696,0.8787011,0.77571905,-0.44198948,-0.45045024,0.5565237,0.81566066,0.1580478
1356341697390,0.28133327,-0.4456043,0.84987545,0.7786393,-0.4116348,-0.4735793,0.5608674,0.79498017,0.23115858
1356341697419,0.24207067,-0.50767,0.82684517,0.7895618,-0.39221835,-0.47197127,0.56390953,0.7670958,0.30589223
1356341697448,0.19339353,-0.5588244,0.8064206,0.8027712,-0.38240963,-0.4575163,0.5640543,0.735852,0.37465262
1356341697488,0.14309692,-0.59386474,0.7917374,0.81559795,-0.38240474,-0.4342428,0.5606455,0.7078781,0.4296338
1356341697530,0.09360403,-0.60240453,0.7926834,0.8258725,-0.39767373,-0.39973766,0.5560332,0.69207245,0.46028548
1356341697568,0.052505493,-0.58546835,0.80899316,0.830445,-0.42432606,-0.36098254,0.5546208,0.6907779,0.46391988
1356341697608,0.02320379,-0.54642355,0.8371874,0.8289368,-0.4576074,-0.32165074,0.5588608,0.701439,0.44233245
1356341697648,0.00727123,-0.4903085,0.8715187,0.8232124,-0.4918409,-0.2835734,0.567687,0.71950686,0.4000517
1356341697688,0.0057738423,-0.42423397,0.9055342,0.81553704,-0.5220307,-0.24976632,0.57867604,0.73993886,0.34296444
1356341697728,0.019041896,-0.3564433,0.9341229,0.80699575,-0.5460869,-0.2248267,0.59025025,0.75811434,0.27724966
1356341697768,0.04491067,-0.29497096,0.9544502,0.7975434,-0.56475896,-0.21206522,0.6015875,0.7707395,0.20988852
1356341697808,0.078350425,-0.24604559,0.9660863,0.7868649,-0.57976186,-0.21147081,0.6121314,0.7767482,0.14818001
1356341697848,0.11293477,-0.21267024,0.97057563,0.7748729,-0.5925935,-0.22001073,0.62194663,0.7769196,0.097868085
1356341697890,0.14290732,-0.1943534,0.9704659,0.7615191,-0.6047194,-0.2332446,0.63219154,0.77236074,0.06158504
1356341697928,0.16484874,-0.18773627,0.9682871,0.74669313,-0.6176576,-0.24687734,0.64441776,0.76371086,0.038361304
1356341697968,0.17836767,-0.1879333,0.96585,0.73124754,-0.63147277,-0.25791347,0.65837836,0.7522788,0.02479136
1356341698008,0.1854254,-0.1901755,0.9640802,0.71814597,-0.64343995,-0.26504958,0.6707337,0.7414973,0.01726371
1356341698048,0.18886071,-0.1912336,0.96320367,0.71179485,-0.6490705,-0.26843145,0.6765202,0.73629963,0.013535209
1356341698088,0.19086212,-0.19011089,0.9630314,0.7146404,-0.6456611,-0.26909292,0.67294943,0.73958075,0.012628607
1356341698128,0.19278252,-0.18773603,0.96311474,0.72536516,-0.633744,-0.26872635,0.66081786,0.7504157,0.014002442
1356341698168,0.19569945,-0.18587363,0.96288764,0.73966485,-0.61670953,-0.2693793,0.6438925,0.76493156,0.016794495
1356341698208,0.20125383,-0.18659806,0.96160185,0.75334096,-0.5979671,-0.2737019,0.6260785,0.7794976,0.020228766
1356341698248,0.2117678,-0.19196641,0.9582814,0.76419115,-0.57870406,-0.28480443,0.6092342,0.79262257,0.024148144
1356341698306,0.22962838,-0.20392552,0.95167494,0.7714788,-0.55799466,-0.3057165,0.59337294,0.8043982,0.029192775
1356341698371,0.2543822,-0.22411945,0.94077635,0.77538323,-0.53411454,-0.33690166,0.5779885,0.81516397,0.03790915
1356341698371,0.27924287,-0.2545028,0.9258789,0.7772777,-0.5062394,-0.3735787,0.5637932,0.82398427,0.056455612
1356341698395,0.2999844,-0.29222518,0.9080825,0.7780476,-0.47583264,-0.4101526,0.55195224,0.82957083,0.08462274
1356341698425,0.30156797,-0.33475554,0.89274603,0.783237,-0.4469537,-0.43217152,0.543688,0.8295608,0.127406
1356341698469,0.2671438,-0.3889697,0.881667,0.7976197,-0.42417318,-0.4288122,0.54077446,0.8177895,0.19693467
1356341698508,0.2155168,-0.44265497,0.87040746,0.814273,-0.41052902,-0.41039658,0.5389916,0.7971966,0.2719661
1356341698548,0.1695146,-0.4816802,0.8597959,0.8265969,-0.40557802,-0.39018464,0.5366585,0.77684665,0.32940394
1356341698588,0.14186859,-0.4977202,0.8556564,0.83227813,-0.40798777,-0.37531173,0.5358976,0.7653891,0.3563611
1356341698628,0.13147885,-0.49016523,0.8616562,0.8319212,-0.4181258,-0.3647984,0.5390922,0.7647933,0.35280418
1356341698668,0.13324142,-0.4629982,0.8762872,0.8272899,-0.434915,-0.35558444,0.5457455,0.7723221,0.3250851
1356341698708,0.14195502,-0.42204872,0.8953902,0.8206339,-0.45565236,-0.3448782,0.5535421,0.7837447,0.28166533
1356341698748,0.15415263,-0.37395236,0.91454726,0.81305873,-0.47791624,-0.3324629,0.56140226,0.7948307,0.23037314
1356341698788,0.16832483,-0.3246951,0.9307201,0.80393267,-0.5011458,-0.32022667,0.5704025,0.8021383,0.17667776
1356341698828,0.18100917,-0.27966896,0.942879,0.79293,-0.52565473,-0.308138,0.5818055,0.8034129,0.12660962
1356341698868,0.18922985,-0.24233964,0.9515584,0.7801497,-0.5513695,-0.29556388,0.5962872,0.7982876,0.08472571
1356341698908,0.19010317,-0.21341592,0.95828724,0.7663182,-0.5778867,-0.28071934,0.61369145,0.7877186,0.05368641
1356341698948,0.1822353,-0.19126755,0.9644724,0.75201684,-0.6048205,-0.26203611,0.6334517,0.77305174,0.033616744
1356341698988,0.16637707,-0.17303276,0.9707618,0.7378926,-0.6311945,-0.23897287,0.65408957,0.7560775,0.022663333
1356341699028,0.14559835,-0.15563804,0.977025,0.7265786,-0.65343964,-0.21236783,0.6714794,0.74080586,0.017943561
1356341699068,0.12346119,-0.13781077,0.9827337,0.7223934,-0.6664919,-0.18421808,0.6803713,0.7326641,0.017267704
1356341699109,0.101939976,-0.120158106,0.98750705,0.728312,-0.66716725,-0.1563631,0.6776207,0.73515296,0.01950159
1356341699148,0.08195585,-0.10467315,0.99112403,0.7425679,-0.6568794,-0.1307762,0.6647377,0.7466948,0.023891747
1356341699188,0.065001786,-0.093756735,0.9934709,0.7605066,-0.6399192,-0.11015025,0.64606845,0.76270115,0.029706746
1356341699228,0.054237783,-0.08995265,0.9944681,0.7771575,-0.6215329,-0.098605305,0.62696445,0.77820647,0.036196873
1356341699268,0.05384302,-0.095968574,0.99392706,0.7904177,-0.60415906,-0.101153076,0.6101975,0.79106385,0.043325454
1356341699308,0.0683195,-0.1150271,0.9910102,0.8001541,-0.58698565,-0.12329379,0.5958909,0.8013842,0.05193685
1356341699348,0.099133074,-0.15019011,0.9836746,0.8065481,-0.56684506,-0.16783008,0.58279747,0.8100183,0.06494242
1356341699387,0.13980627,-0.20300388,0.9691458,0.8096658,-0.5399844,-0.22990885,0.569996,0.81682694,0.08887211
1356341699428,0.17496216,-0.27151892,0.94639623,0.81155884,-0.5044661,-0.2947647,0.557459,0.8196289,0.13209108
1356341699468,0.18755728,-0.34922183,0.91807747,0.817242,-0.46303874,-0.3430897,0.54491985,0.8146405,0.19855249
1356341699508,0.17702371,-0.42552656,0.8874625,0.828499,-0.42231035,-0.36775434,0.53127384,0.80036306,0.2777894
1356341699548,0.15802115,-0.48807698,0.8583765,0.84137005,-0.3884532,-0.37576672,0.5168421,0.7815913,0.3492695
1356341699588,0.14784145,-0.5282639,0.8361101,0.85022104,-0.36399007,-0.38030964,0.5052396,0.76710397,0.39532828
1356341699628,0.15257692,-0.54357916,0.8253739,0.85211617,-0.35068852,-0.38847876,0.500618,0.7625873,0.40968552
1356341699668,0.1689617,-0.5364728,0.8268307,0.84722376,-0.3496194,-0.39997274,0.5036505,0.76809067,0.3954402
1356341699708,0.19067985,-0.51162976,0.8377806,0.8377108,-0.36009693,-0.41057396,0.511744,0.78010595,0.35993448
1356341699748,0.21230572,-0.47464943,0.85418624,0.8258656,-0.38011265,-0.41648555,0.5223717,0.7938653,0.31129664
1356341699788,0.23143238,-0.4307709,0.8722817,0.8124075,-0.40768373,-0.41687876,0.5351944,0.80512744,0.2556104
1356341699828,0.2441122,-0.38479996,0.89013386,0.79845047,-0.44117397,-0.4096858,0.5503509,0.8107371,0.19954774
1356341699868,0.24851394,-0.34048814,0.9068123,0.7848094,-0.47793192,-0.3945317,0.5677279,0.80972147,0.14844555
1356341699908,0.24286067,-0.29958376,0.92264193,0.7725835,-0.5154386,-0.3707258,0.58662874,0.8028527,0.10627374
1356341699948,0.22618198,-0.2623679,0.9380857,0.7616845,-0.5526683,-0.3382225,0.60718894,0.79102516,0.07483798
1356341699988,0.19899374,-0.22725615,0.953287,0.751865,-0.5885107,-0.29724425,0.6285702,0.7758929,0.053756
1356341700048,0.16142875,-0.1945619,0.9675156,0.74081767,-0.6238284,-0.24905288,0.65201986,0.75695693,0.043431014
1356341700088,0.115382314,-0.15247351,0.98154914,0.7385791,-0.64759207,-0.18741763,0.66421974,0.74657637,0.03789308
1356341700128,0.0782547,-0.1164439,0.99010956,0.7445674,-0.6536056,-0.13571653,0.66294456,0.74782383,0.035552718
1356341700168,0.04716742,-0.08726871,0.99506754,0.7580031,-0.64565074,-0.09255466,0.6505433,0.7586299,0.035696268
1356341700208,0.021190464,-0.06586468,0.99760354,0.7744866,-0.6299221,-0.05804044,0.6322353,0.77386045,0.037662968
1356341700248,0.0027953982,-0.053752422,0.9985504,0.79003745,-0.61204964,-0.035158604,0.61305225,0.7889905,0.040755495
1356341700288,-0.0027660728,-0.053619266,0.99855757,0.8031985,-0.5949695,-0.029723048,0.59570503,0.8019578,0.044712618
1356341700349,0.011317551,-0.0695436,0.9975147,0.81436163,-0.5782384,-0.04955253,0.5802474,0.8128985,0.05008939
1356341700370,0.049992383,-0.10612017,0.9930958,0.82341367,-0.55835974,-0.10111576,0.5652351,0.8227837,0.059467018
1356341700410,0.110719144,-0.16686815,0.979743,0.827738,-0.5301459,-0.18383488,0.5500828,0.83132446,0.07942577
1356341700450,0.17940098,-0.24986184,0.95151687,0.8245678,-0.48933935,-0.28396288,0.53656614,0.8355334,0.118240066
1356341700488,0.23003906,-0.34426367,0.91025525,0.8181946,-0.4380098,-0.37243137,0.52691525,0.8304397,0.18091524
1356341700528,0.25701815,-0.43719235,0.86186105,0.81415904,-0.3825211,-0.43683252,0.52065986,0.8139658,0.25762928
1356341700568,0.27205384,-0.51507473,0.8128252,0.8124819,-0.32965308,-0.480835,0.5156162,0.79121876,0.3288054
1356341700608,0.2937984,-0.5691612,0.767944,0.8078568,-0.28158265,-0.5177629,0.5109303,0.7725067,0.37707224
1356341700648,0.32953656,-0.59689164,0.73152316,0.79577625,-0.24135518,-0.5554168,0.5080805,0.7651589,0.3954568
1356341700688,0.37475973,-0.60099334,0.70594764,0.77496773,-0.21489358,-0.59434474,0.5089009,0.7698232,0.385217
1356341700728,0.4212541,-0.58713937,0.6912397,0.74757135,-0.20673764,-0.6311867,0.51349974,0.78264105,0.35183948
1356341700768,0.46269888,-0.5617557,0.68581367,0.71725386,-0.21743971,-0.6620174,0.52101505,0.79821724,0.30231225
1356341700808,0.49519378,-0.530814,0.6877642,0.68729085,-0.24488884,-0.68385726,0.5314267,0.811336,0.24355614
1356341700848,0.51603544,-0.49931407,0.6959834,0.66048586,-0.28541228,-0.6944769,0.5454043,0.8180619,0.18250707
1356341700888,0.52338934,-0.47054708,0.7103865,0.63967633,-0.33378747,-0.69238716,0.5629189,0.81680554,0.12629712
1356341700928,0.5168655,-0.44539928,0.7310742,0.6268772,-0.38465324,-0.6775447,0.582988,0.80849326,0.08039668
1356341700968,0.49674356,-0.42270863,0.7579995,0.62292683,-0.4344886,-0.6505242,0.6043244,0.7953219,0.0474872
1356341701008,0.4636758,-0.39985317,0.7906468,0.62773937,-0.481493,-0.6116436,0.62525845,0.77992445,0.027746856
1356341701048,0.42015308,-0.37351328,0.8270183,0.64014953,-0.5239537,-0.5618551,0.6431796,0.7654805,0.018963605
1356341701088,0.37087578,-0.34181637,0.86348873,0.65844375,-0.5589103,-0.50405467,0.6549069,0.75550044,0.017780542
1356341701128,0.3206482,-0.30510116,0.8967151,0.6816761,-0.58297414,-0.44210726,0.6576492,0.7530301,0.021050606
1356341701168,0.2720679,-0.26631582,0.9246918,0.70853126,-0.59477764,-0.37976685,0.651124,0.75849545,0.026873197
1356341701208,0.22629291,-0.22973669,0.94657934,0.7355736,-0.59673834,-0.32067865,0.6385319,0.7688461,0.033950627
1356341701248,0.18640864,-0.1995317,0.96199733,0.758664,-0.5929055,-0.2699851,0.62424415,0.7801603,0.04085482
1356341701286,0.15753722,-0.17879537,0.9711922,0.7758304,-0.5860491,-0.23373854,0.6109577,0.7903029,0.046390325
1356341701330,0.14444786,-0.16940776,0.974903,0.78798807,-0.57622594,-0.21688342,0.5985061,0.7995403,0.0502567
1356341701368,0.1502989,-0.173118,0.9733655,0.79667103,-0.5617969,-0.22293365,0.5854276,0.80895877,0.053480685
1356341701408,0.1706236,-0.18908244,0.9670241,0.80406135,-0.54055274,-0.24756458,0.5695375,0.819787,0.0598028
1356341701448,0.19891632,-0.22029117,0.9549367,0.8103479,-0.5110264,-0.286685,0.55115205,0.8308573,0.076861024
1356341701488,0.22067714,-0.26800007,0.9378047,0.8171825,-0.4741028,-0.32777944,0.5324607,0.838691,0.114381276
1356341701528,0.22818065,-0.33115304,0.9155715,0.8257315,-0.4324172,-0.3621915,0.51584977,0.8386614,0.17477435
1356341701568,0.22692394,-0.39957595,0.88816917,0.8346027,-0.3902259,-0.3887955,0.50194,0.82949543,0.24493563
1356341701608,0.22691625,-0.45770162,0.8596617,0.84118575,-0.35274684,-0.40984905,0.4908315,0.8161366,0.30496806
1356341701649,0.23449463,-0.49320292,0.837713,0.8432647,-0.3255334,-0.42770618,0.4836495,0.80670863,0.33956483
1356341701688,0.24754184,-0.5025767,0.8283355,0.840536,-0.31383085,-0.4415987,0.4818945,0.80555993,0.34474757
1356341701728,0.26077515,-0.48873174,0.8325488,0.8345605,-0.31938142,-0.44889197,0.48528844,0.81187224,0.3245896
1356341701768,0.27041107,-0.45703274,0.8473481,0.8273006,-0.3398348,-0.44730955,0.4923936,0.8219691,0.28620848
1356341701808,0.27520245,-0.41259784,0.86834705,0.81932205,-0.37188196,-0.43636596,0.5029663,0.8315449,0.23570767
1356341701848,0.27223456,-0.36141142,0.8917792,0.8112949,-0.41211498,-0.41468284,0.5173867,0.8363869,0.18101928
1356341701888,0.2609325,-0.30888885,0.9146048,0.80245966,-0.4572605,-0.38336828,0.53663087,0.83396673,0.12855676
1356341701929,0.23963237,-0.25881457,0.9357304,0.79275787,-0.5042232,-0.34248197,0.56045634,0.82387733,0.084349066
1356341701968,0.20867693,-0.21293157,0.9545229,0.78241795,-0.54921716,-0.2935689,0.58675045,0.80809695,0.0519925
1356341702008,0.17046732,-0.17249557,0.9701475,0.77059174,-0.5902693,-0.24035475,0.61410844,0.7885603,0.032302074
1356341702048,0.12770963,-0.13569212,0.98248553,0.7590771,-0.6241971,-0.18487811,0.6383512,0.769393,0.0232848
1356341702099,0.08302319,-0.103351414,0.99117386,0.7523684,-0.64571714,-0.13035029,0.6534898,0.75654995,0.02414883
1356341702140,0.038303018,-0.07016474,0.99679977,0.7541963,-0.6523633,-0.07490063,0.655531,0.7546516,0.027930498
1356341702178,-3.376007E-4,-0.042696565,0.9990879,0.76479626,-0.6436956,-0.0272502,0.6442721,0.7640896,0.03287159
1356341702218,-0.033092618,-0.022211254,0.99920547,0.78068054,-0.6248157,0.011966318,0.6240535,0.7804563,0.03801669
1356341702258,-0.058827937,-0.008823127,0.99822915,0.7971345,-0.60236335,0.0416528,0.60092914,0.7981733,0.042468965
1356341702298,-0.07584375,-0.0020160377,0.99711764,0.8118969,-0.5806489,0.060581326,0.57885313,0.8141515,0.045675457
1356341702348,-0.08292925,-0.0015968978,0.99655414,0.8251239,-0.5608731,0.06776473,0.55883217,0.8279003,0.047830388
1356341702378,-0.07998699,-0.008391529,0.9967606,0.8379469,-0.5421406,0.062678546,0.53985846,0.84024584,0.05039589
1356341702418,-0.06887084,-0.025343925,0.99730355,0.8508439,-0.5234485,0.04545471,0.52088517,0.85168016,0.057614192
1356341702458,-0.054368258,-0.05759135,0.9968588,0.8627782,-0.50526696,0.017864794,0.5026509,0.8610393,0.077159
1356341702498,-0.04573691,-0.10994321,0.992885,0.8722156,-0.48892236,-0.01396054,0.48697853,0.8653713,0.11825596
1356341702538,-0.045141637,-0.17932478,0.98275375,0.87914586,-0.47431153,-0.046165913,0.4744101,0.86189985,0.17906377
1356341702578,-0.04933405,-0.2519978,0.96646947,0.88451874,-0.46045125,-0.07490748,0.4638886,0.85116494,0.24561273
1356341702618,-0.04881543,-0.31105623,0.94913703,0.8889228,-0.44684547,-0.10072404,0.45544845,0.8387927,0.2983179
1356341702658,-0.038277388,-0.34621543,0.9373739,0.8913892,-0.43578756,-0.12455687,0.45161942,0.8307972,0.32529354
1356341702698,-0.018298507,-0.35625395,0.93420994,0.890553,-0.43055844,-0.14674684,0.45451117,0.82927823,0.32514167
1356341702738,0.0072422624,-0.3454213,0.9384197,0.8862233,-0.43248326,-0.16603145,0.46320164,0.8328519,0.3029883
1356341702778,0.03465444,-0.31953442,0.9469408,0.8790399,-0.441054,-0.18099818,0.4754871,0.8386711,0.26559895
1356341702818,0.061038792,-0.28416926,0.9568292,0.86938316,-0.4558035,-0.19082972,0.49035406,0.8434992,0.21923034
1356341702858,0.08365488,-0.24431098,0.96608174,0.8571968,-0.47673059,-0.19478595,0.50814915,0.844417,0.16954173
1356341702898,0.09908575,-0.20435765,0.97386855,0.84274507,-0.5031638,-0.19132912,0.529115,0.8396809,0.12236509
1356341702938,0.10462004,-0.16748732,0.9803074,0.82671076,-0.53327906,-0.17933968,0.55281454,0.82919323,0.08267194
1356341702978,0.099047184,-0.13507736,0.9858721,0.8096602,-0.5650186,-0.1587587,0.5784808,0.81394595,0.053403303
1356341703018,0.0831337,-0.10663423,0.99081683,0.7920339,-0.59633636,-0.13063422,0.6047901,0.79562056,0.034882277
1356341703058,0.059973955,-0.0803937,0.99495727,0.77554333,-0.6237744,-0.09714985,0.6284391,0.7774589,0.024938583
1356341703098,0.03349042,-0.055292666,0.99790835,0.7638795,-0.6424473,-0.061233312,0.6444893,0.7643324,0.020721138
1356341703138,0.0059563518,-0.03147486,0.9994868,0.7612728,-0.64795184,-0.024941415,0.64840436,0.7610307,0.020101577
1356341703178,-0.021950483,-0.010399044,0.999705,0.76857424,-0.63967896,0.010221541,0.639384,0.76857185,0.022033706
1356341703218,-0.04935974,0.006447494,0.9987602,0.7820006,-0.621816,0.0426614,0.6213201,0.78313684,0.025650725
1356341703258,-0.07422501,0.018199682,0.99707544,0.797016,-0.59985507,0.07028121,0.5993798,0.7999017,0.030018762
1356341703298,-0.093637645,0.02442813,0.9953066,0.810472,-0.5787516,0.09045306,0.5782449,0.815138,0.034394607
1356341703349,-0.10481447,0.024279743,0.99419534,0.8221307,-0.5603829,0.10035965,0.55956674,0.82787764,0.038775116
1356341703378,-0.1054281,0.01601711,0.9942979,0.8333291,-0.5441775,0.097126305,0.54263026,0.8388172,0.04402414
1356341703418,-0.094546735,-0.003908992,0.9955127,0.8451702,-0.52874684,0.078192115,0.52606857,0.8487705,0.053295076
1356341703458,-0.07501501,-0.040976167,0.99634016,0.85691977,-0.51362,0.043394446,0.5099621,0.8570388,0.07364245
1356341703498,-0.056781888,-0.10017511,0.99334824,0.8664844,-0.49920362,-8.125603E-4,0.4959644,0.8606746,0.11514585
1356341703538,-0.043756604,-0.18039587,0.98262036,0.87360823,-0.4840582,-0.04996434,0.48465875,0.85623884,0.17877598
1356341703578,-0.034724414,-0.26911947,0.96248055,0.87974846,-0.4651611,-0.09832421,0.47416946,0.8433267,0.25290996
1356341703618,-0.017730892,-0.34859464,0.9371059,0.8859414,-0.43992364,-0.14688468,0.4634582,0.82761645,0.3166346
1356341703658,0.013410091,-0.40469792,0.91435206,0.8899795,-0.41200888,-0.19541034,0.45580336,0.816375,0.3546478
1356341703698,0.054026186,-0.4325179,0.9000052,0.88851845,-0.39046395,-0.24098295,0.45564902,0.8126907,0.3632049
1356341703738,0.09460628,-0.43449515,0.89569175,0.8809028,-0.38258708,-0.27863508,0.4637456,0.815378,0.34655273
1356341703778,0.12790054,-0.4164049,0.900138,0.86954576,-0.38942814,-0.30370358,0.47700274,0.821555,0.31227502
1356341703818,0.15357512,-0.38358554,0.91064644,0.85662174,-0.4076994,-0.31619674,0.4925585,0.82863945,0.26597524
1356341703858,0.1696819,-0.34095153,0.92464054,0.8441522,-0.4338737,-0.3148978,0.50854206,0.83396983,0.21419448
1356341703898,0.17605126,-0.29344425,0.9396256,0.83280826,-0.46450758,-0.30110294,0.5248202,0.8355376,0.16260567
1356341703938,0.17098916,-0.24521777,0.9542699,0.82262635,-0.49751842,-0.2752477,0.54226243,0.8320719,0.11665236
1356341703978,0.1536637,-0.19929722,0.96781605,0.81259596,-0.5317828,-0.23852599,0.5622056,0.8230963,0.0802325
1356341704038,0.12560529,-0.15724504,0.9795393,0.800805,-0.56674916,-0.19366637,0.5856062,0.8087455,0.05473602
1356341704058,0.090616405,-0.11863214,0.98879474,0.7874294,-0.5993322,-0.14406839,0.6097078,0.791661,0.039105147
1356341704098,0.054182053,-0.08354628,0.99502975,0.77559495,-0.62409663,-0.09463459,0.6289012,0.77686757,0.030983329
1356341704125,0.020900428,-0.051810175,0.99843824,0.7681997,-0.63831663,-0.049203813,0.639869,0.7680283,0.0264595
1356341704166,-0.007960379,-0.02664864,0.99961317,0.77079207,-0.63699454,-0.010843426,0.63703704,0.77040756,0.025611266
1356341704209,-0.034134567,-0.0075047314,0.9993892,0.7807559,-0.6244497,0.021977812,0.62390316,0.7810291,0.027174592
1356341704249,-0.056082785,0.0048894286,0.99841416,0.7935608,-0.60663056,0.047546566,0.605901,0.7949689,0.030141413
1356341704288,-0.07143772,0.010521978,0.9973896,0.8056264,-0.58896595,0.06391603,0.58810097,0.8080894,0.03359753
1356341704351,-0.0788607,0.009441167,0.9968409,0.8165326,-0.5730367,0.070023715,0.57188755,0.8194753,0.037481114
1356341704369,-0.07654804,3.1131506E-4,0.9970659,0.82712466,-0.55839986,0.0636754,0.5567812,0.82957196,0.0424868
1356341704408,-0.065306425,-0.019402832,0.9976766,0.8381487,-0.54364055,0.044291228,0.5415181,0.8390939,0.051765636
1356341704448,-0.049271166,-0.054662794,0.9972884,0.84894526,-0.52832115,0.012984246,0.5261789,0.847283,0.07243678
1356341704488,-0.037682474,-0.1094296,0.99328,0.85820466,-0.5127495,-0.023931533,0.51192266,0.8515357,0.113234654
1356341704528,-0.036900103,-0.18252936,0.9825077,0.8660053,-0.49645746,-0.059706807,0.49867153,0.8486537,0.17639072
1356341704568,-0.036593735,-0.26353198,0.96395624,0.87380415,-0.47648615,-0.097093165,0.48489904,0.838756,0.24771188
1356341704608,-0.02156651,-0.33722854,0.9411758,0.8816899,-0.4502321,-0.14111727,0.47133625,0.82678175,0.30704087
1356341704648,0.019102156,-0.39249042,0.91955775,0.886608,-0.41845798,-0.1970261,0.46212715,0.8190508,0.33999163
1356341704688,0.0791356,-0.4239336,0.90222937,0.8841207,-0.38825506,-0.259978,0.46050853,0.8182532,0.34408367
1356341704728,0.14488113,-0.43188488,0.89021623,0.872856,-0.36792433,-0.32055283,0.4659741,0.8234726,0.323668
1356341704768,0.20394886,-0.42056945,0.88403976,0.8555629,-0.36234123,-0.36975798,0.47583297,0.83176327,0.28592452
1356341704808,0.24933398,-0.39580604,0.88383824,0.8362447,-0.37227613,-0.40262273,0.4883924,0.8394927,0.23816973
1356341704848,0.2783963,-0.3632335,0.8891326,0.817728,-0.39594305,-0.41779166,0.5038018,0.8433803,0.1867972
1356341704888,0.28932124,-0.32748592,0.89947,0.80193186,-0.43016434,-0.41456488,0.522684,0.841256,0.13816565
1356341704928,0.28173995,-0.29160148,0.9141067,0.78927714,-0.47128993,-0.39360803,0.545586,0.8323787,0.09737322
1356341704968,0.25615388,-0.25651354,0.9319796,0.77912945,-0.5158763,-0.35613036,0.5721385,0.81735694,0.06771356
1356341705008,0.21596116,-0.22157678,0.9509282,0.77021146,-0.5599221,-0.30538738,0.60011256,0.7983676,0.04973957
1356341705058,0.16467106,-0.1877268,0.96831924,0.76040596,-0.60111564,-0.24585113,0.6282247,0.7768003,0.04376217
1356341705098,0.11020428,-0.1487408,0.9827162,0.7549825,-0.63052785,-0.18010032,0.6464182,0.7617814,0.042809784
1356341705138,0.06445533,-0.11285961,0.99151814,0.7562577,-0.6427376,-0.12232146,0.6510912,0.7577275,0.04392311
1356341705178,0.027802885,-0.08277094,0.99618065,0.76570517,-0.638868,-0.07445285,0.6425905,0.76485074,0.045615822
1356341705218,-2.6726723E-4,-0.06033528,0.9981781,0.78030396,-0.62427366,-0.037525535,0.6254004,0.7788723,0.047246695
1356341705258,-0.01922673,-0.046314567,0.9987419,0.796335,-0.6047224,-0.012712538,0.6045503,0.79508865,0.04850869
1356341705298,-0.027516782,-0.04108876,0.9987765,0.811297,-0.58463174,-0.0016995966,0.5839862,0.8102577,0.04942237
1356341705351,-0.023784101,-0.04496038,0.9987056,0.82488805,-0.5652663,-0.0058028996,0.5647956,0.8236823,0.05053164
1356341705379,-0.0075308084,-0.058987677,0.9982303,0.83772194,-0.54548174,-0.025913805,0.546045,0.8360443,0.053523228
1356341705418,0.019191206,-0.08585107,0.9961231,0.84978426,-0.5235315,-0.061492473,0.5267811,0.84766984,0.0629078
1356341705458,0.04898894,-0.1289908,0.99043506,0.859944,-0.49893606,-0.10751432,0.508032,0.8569856,0.08648242
1356341705498,0.0673728,-0.1899873,0.9794721,0.8678942,-0.47309446,-0.1514636,0.49215907,0.86028266,0.13301526
1356341705538,0.070943415,-0.26445082,0.96178627,0.8744383,-0.44742852,-0.1875245,0.4799216,0.8543263,0.19950381
1356341705578,0.06919992,-0.3391142,0.93819666,0.8799279,-0.42236418,-0.21756703,0.47004068,0.840601,0.26916847
1356341705618,0.080809414,-0.39983386,0.9130184,0.88281685,-0.39653158,-0.25178754,0.4627139,0.8263749,0.32093665
1356341705658,0.11417806,-0.43831974,0.8915374,0.8801939,-0.37150204,-0.29537237,0.46067557,0.8184509,0.34338906
1356341705698,0.16243374,-0.4536252,0.8762646,0.87016165,-0.35285288,-0.3439676,0.46522474,0.8183638,0.33741194
1356341705738,0.21539402,-0.44925743,0.8670485,0.8533898,-0.34500605,-0.3907643,0.47469077,0.82409865,0.30907947
1356341705778,0.26338106,-0.43114763,0.8629844,0.8332241,-0.34916687,-0.4287423,0.48617685,0.831982,0.26727873
1356341705818,0.30279696,-0.4051689,0.86264247,0.81211674,-0.3640086,-0.45603067,0.49877876,0.8386511,0.21882385
1356341705858,0.33120364,-0.3762688,0.86528945,0.79191583,-0.38774097,-0.47172675,0.5130043,0.84147406,0.16955203
1356341705898,0.34679508,-0.34818053,0.870921,0.77425706,-0.41782194,-0.47534275,0.529395,0.8391633,0.124682635
1356341705938,0.34872818,-0.32300526,0.8798046,0.7599409,-0.45195633,-0.4671458,0.5485239,0.8315065,0.08785504
1356341705978,0.33682233,-0.30103314,0.892149,0.7488687,-0.4886979,-0.447627,0.5707419,0.8188732,0.060829964
1356341706018,0.31309056,-0.281235,0.907128,0.73995066,-0.52652144,-0.41862655,0.5953548,0.80229795,0.04325116
1356341706058,0.28277558,-0.26175255,0.9227804,0.73309875,-0.5614159,-0.38389903,0.61855006,0.7850464,0.033135716
1356341706098,0.25285769,-0.2417419,0.9368158,0.7304238,-0.5872761,-0.3486945,0.6344636,0.77244264,0.028076768
1356341706138,0.22861564,-0.22207189,0.94784963,0.7352634,-0.59875154,-0.31762275,0.6380615,0.7695327,0.02639737
1356341706178,0.21204817,-0.20491096,0.955535,0.74808216,-0.5951088,-0.29363006,0.62881523,0.7770824,0.027098477
1356341706218,0.20386463,-0.19284081,0.9598185,0.7654878,-0.5797806,-0.2790749,0.61030126,0.7916229,0.029420577
1356341706258,0.20533049,-0.18794891,0.9604763,0.78249085,-0.55792433,-0.27645716,0.5878328,0.808329,0.032509394
1356341706298,0.2185508,-0.19171366,0.9568079,0.79525805,-0.53323215,-0.28849274,0.5655088,0.8239595,0.035923533
1356341706353,0.245332,-0.2048839,0.9475414,0.80204034,-0.5061406,-0.3171009,0.544558,0.8377615,0.04015266
1356341706380,0.28675127,-0.22844449,0.93036914,0.80164135,-0.4745236,-0.3635911,0.52454257,0.85008264,0.04706031
1356341706418,0.33879495,-0.26307192,0.90333337,0.79374325,-0.4355836,-0.4245454,0.50516313,0.86084855,0.061237954
1356341706458,0.38966686,-0.30950245,0.86739147,0.78128445,-0.387563,-0.48927432,0.48760048,0.8683335,0.09078904
1356341706498,0.42527252,-0.3683765,0.8267056,0.7713603,-0.33029002,-0.54397774,0.47344124,0.86902654,0.14368773
1356341706538,0.44384062,-0.43589902,0.7829416,0.7677398,-0.26562804,-0.58311,0.4621483,0.85990334,0.21676055
1356341706578,0.45788312,-0.50009584,0.7350151,0.7655324,-0.19855982,-0.6119919,0.45199913,0.8428986,0.2919224
1356341706618,0.48093492,-0.54677486,0.685375,0.75604475,-0.13719916,-0.6399787,0.4439571,0.82596225,0.3474024
1356341706658,0.5119184,-0.5700297,0.6426552,0.73668,-0.093497396,-0.66974694,0.44186217,0.816287,0.37206638
1356341706698,0.5415338,-0.5738935,0.6143186,0.71174246,-0.07590738,-0.6983271,0.44739673,0.81540436,0.36735797
1356341706739,0.5659064,-0.5641335,0.6012515,0.6848104,-0.0844706,-0.723809,0.45911297,0.8213514,0.33852202
1356341706778,0.58349395,-0.54586565,0.6013032,0.65965366,-0.11330971,-0.74297917,0.47370028,0.83017564,0.2939667
1356341706818,0.59560084,-0.5223244,0.6102761,0.6366294,-0.15636566,-0.7551509,0.48985994,0.8382882,0.2393955
1356341706877,0.60127854,-0.49701738,0.6256499,0.61745346,-0.20797363,-0.758616,0.507164,0.8424492,0.18183506
1356341706898,0.5998551,-0.47292694,0.64537895,0.60324764,-0.26255977,-0.75309676,0.5256102,0.84107226,0.1277942
1356341706938,0.59019685,-0.45201734,0.6688408,0.5954118,-0.31573316,-0.73878115,0.5451171,0.83426195,0.082791656
1356341706976,0.571138,-0.4349109,0.6961709,0.59456813,-0.36554545,-0.7161462,0.5659418,0.82293934,0.04980722
1356341707018,0.541891,-0.42062098,0.72762084,0.6001887,-0.41236657,-0.68536645,0.5883261,0.80810374,0.028994292
1356341707058,0.5038393,-0.40572417,0.7625837,0.6113658,-0.4561767,-0.6466334,0.61022764,0.79201686,0.01820612
1356341707098,0.46154493,-0.3863514,0.79856676,0.62761384,-0.49398333,-0.6017319,0.62695867,0.7789178,0.014484019
1356341707138,0.42057067,-0.36084065,0.8324147,0.64957714,-0.52076876,-0.5539398,0.63337964,0.77368844,0.015373796
1356341707178,0.38425022,-0.33130866,0.8617345,0.6770746,-0.53341436,-0.5069902,0.6276318,0.77826965,0.019356098
1356341707218,0.35325408,-0.30204844,0.88542545,0.7070513,-0.5335595,-0.46410412,0.61260915,0.78998786,0.025081724
1356341707258,0.3282097,-0.27691787,0.90310293,0.73530847,-0.5252537,-0.4282873,0.5929586,0.8046273,0.031226661
1356341707298,0.31048942,-0.25839606,0.91478294,0.75844264,-0.51278096,-0.40226924,0.573028,0.8187107,0.036765516
1356341707352,0.30251038,-0.24699068,0.9205885,0.7773614,-0.49495393,-0.3882396,0.5515404,0.83307636,0.04227227
1356341707389,0.3082884,-0.24596724,0.9189442,0.7891406,-0.47332537,-0.39143342,0.53123945,0.8458505,0.04818207
1356341707428,0.31692368,-0.2517934,0.9144176,0.79932964,-0.4480453,-0.40040934,0.51052094,0.8578203,0.059269756
1356341707468,0.32142103,-0.27000207,0.90762734,0.8099864,-0.41811144,-0.4112234,0.49052063,0.86734164,0.08430827
1356341707508,0.31112772,-0.3057684,0.89983624,0.82383657,-0.38526875,-0.41576606,0.47380692,0.8706743,0.13203537
1356341707548,0.28354657,-0.35884917,0.8892855,0.8408034,-0.35290718,-0.41049513,0.46114105,0.8641087,0.20165595
1356341707588,0.25448936,-0.41676491,0.87266386,0.85553175,-0.32369894,-0.40408468,0.45088866,0.84942687,0.27417767
1356341707628,0.24166101,-0.46346134,0.85252774,0.8630497,-0.29894322,-0.40715873,0.44355965,0.8341682,0.32774723
1356341707668,0.25017738,-0.4896825,0.8352379,0.86125726,-0.28155434,-0.42304036,0.4423203,0.8251898,0.35130405
1356341707708,0.27094275,-0.49491042,0.8256233,0.851945,-0.27596855,-0.44500697,0.4480846,0.82395697,0.34686476
1356341707748,0.29404068,-0.4820232,0.8253446,0.8383498,-0.28464633,-0.464915,0.45903116,0.8286314,0.3204065
1356341707788,0.3111024,-0.4556294,0.8340367,0.82470113,-0.3067159,-0.47517732,0.47231707,0.83565986,0.280338
1356341707828,0.3192895,-0.4200167,0.849494,0.8128148,-0.33949947,-0.47336257,0.487223,0.84162104,0.23299724
1356341707868,0.31711674,-0.37901533,0.86935866,0.8032081,-0.38007885,-0.45869038,0.50427544,0.84373426,0.18389875
1356341707908,0.304312,-0.3359692,0.8913579,0.7957692,-0.42467344,-0.43174505,0.523589,0.8407004,0.13812077
1356341707948,0.28164834,-0.29351848,0.9135213,0.78986114,-0.4696321,-0.3944175,0.54478776,0.83264196,0.09956775
1356341707988,0.24981791,-0.25336227,0.9345579,0.78459775,-0.5126461,-0.34871218,0.567448,0.8203666,0.07071933
1356341708028,0.2108162,-0.21635464,0.95328236,0.77854776,-0.5525487,-0.29757917,0.5911175,0.8049103,0.051956177
1356341708068,0.16869009,-0.1827218,0.9685848,0.77091694,-0.58786243,-0.24516317,0.6141912,0.78805494,0.041696697
1356341708108,0.12827146,-0.15211058,0.9800045,0.76367384,-0.61530286,-0.19545993,0.63273114,0.77347577,0.0372371
1356341708148,0.0932824,-0.124286234,0.98785186,0.76137394,-0.6304318,-0.15121377,0.641567,0.7662302,0.035820074
1356341708188,0.064854264,-0.09996599,0.99287504,0.76709884,-0.63137734,-0.11367586,0.6382424,0.76900566,0.035736203
1356341708228,0.042363346,-0.08022392,0.99587625,0.7798049,-0.62047523,-0.083155066,0.6245876,0.7801119,0.03627363
1356341708268,0.025220156,-0.06550279,0.9975337,0.7957015,-0.6027401,-0.059696138,0.6051638,0.7952445,0.03691943
1356341708308,0.013705015,-0.055841714,0.9983456,0.8114234,-0.5828198,-0.043738574,0.584298,0.8106804,0.037323713
1356341708351,0.008685648,-0.051419556,0.9986394,0.8260583,-0.5624245,-0.03614366,0.56351775,0.8252483,0.03759052
1356341708389,0.012089312,-0.05373314,0.99848205,0.83903503,-0.5426516,-0.039361447,0.543943,0.8382373,0.038523793
1356341708428,0.021194875,-0.06388107,0.9977324,0.85131955,-0.5221122,-0.051513463,0.52421904,0.8504809,0.0433172
1356341708468,0.03206545,-0.087426305,0.9956548,0.86289096,-0.50027573,-0.07171789,0.5043719,0.86144114,0.059397757
1356341708508,0.034717202,-0.12876308,0.9910674,0.87295294,-0.47889584,-0.092799515,0.48656726,0.8683771,0.09577827
1356341708548,0.01909852,-0.18763915,0.9820523,0.8806672,-0.4618674,-0.10537508,0.4733504,0.86687374,0.15642661
1356341708588,-0.007019341,-0.25536188,0.96682,0.8853961,-0.45097202,-0.112685025,0.46478423,0.85522777,0.22926196
1356341708628,-0.02462548,-0.31895652,0.9474494,0.8878044,-0.44265318,-0.12594292,0.45956177,0.83804834,0.2940715
1356341708668,-0.015906513,-0.3696151,0.9290488,0.8887298,-0.43098283,-0.15624708,0.4581554,0.82318795,0.33534342
1356341708708,0.022116601,-0.40357608,0.9146788,0.886381,-0.4152646,-0.20465615,0.462428,0.8152802,0.34853786
1356341708748,0.08054459,-0.4196561,0.90410244,0.877678,-0.4000576,-0.2638847,0.47243392,0.81476533,0.33610052
1356341708788,0.14387012,-0.41901335,0.89650935,0.8623135,-0.39137894,-0.3213063,0.4855066,0.81929857,0.30501324
1356341708828,0.20176792,-0.40455842,0.8919766,0.84232295,-0.39303803,-0.3687996,0.49978173,0.8257443,0.26146638
1356341708868,0.24744087,-0.37993744,0.8913027,0.82065856,-0.40683693,-0.4012521,0.51506555,0.83074135,0.21113086
1356341708908,0.2758643,-0.34873664,0.8957017,0.8007852,-0.4320308,-0.4148401,0.5316407,0.83170426,0.16008133
1356341708948,0.28457296,-0.31332785,0.9060043,0.7853572,-0.465775,-0.40775937,0.5497565,0.8275743,0.11352732
1356341708988,0.2712062,-0.27379462,0.92275876,0.7765033,-0.5042604,-0.3778413,0.56876165,0.81899816,0.07584388
1356341709028,0.23749727,-0.22982633,0.94380873,0.7729566,-0.5437517,-0.32691324,0.5883308,0.8071642,0.0485062
1356341709068,0.18762481,-0.1807105,0.9654743,0.77192086,-0.58069927,-0.25870186,0.60740036,0.79380864,0.030540556
1356341709108,0.12914383,-0.1276969,0.9833694,0.77147055,-0.6101127,-0.18054268,0.62302095,0.78195643,0.019722141
1356341709148,0.06940478,-0.07449302,0.99480337,0.7729107,-0.62645155,-0.10083395,0.63070756,0.77589256,0.0140977055
1356341709188,0.011903286,-0.025378048,0.9996071,0.7787404,-0.62684053,-0.025187492,0.6272334,0.7787342,0.0123014
1356341709228,-0.041516244,0.015245795,0.99902153,0.7888695,-0.61311436,0.0421395,0.6131569,0.789847,0.013427228
1356341709269,-0.08841026,0.04482335,0.9950751,0.8004815,-0.59133136,0.09775767,0.592801,0.805182,0.016399518
1356341709308,-0.12483126,0.06258771,0.99020195,0.81122065,-0.5681787,0.13818058,0.5712601,0.8205216,0.02015403
1356341709350,-0.147677,0.06892747,0.9866308,0.8211519,-0.54748327,0.16115648,0.55127203,0.83397293,0.024250865
1356341709389,-0.154576,0.0639292,0.9859104,0.83164847,-0.5302923,0.16477567,0.53335464,0.8454012,0.028803796
1356341709428,-0.14620882,0.047466993,0.9881143,0.84389585,-0.51522213,0.14961937,0.51620036,0.85574126,0.035272837
1356341709468,-0.12396419,0.016728908,0.99214566,0.85766983,-0.50103575,0.11561012,0.4990344,0.86526495,0.047762573
1356341709508,-0.09589225,-0.031674057,0.9948877,0.87021196,-0.48791444,0.0683417,0.48325542,0.8723166,0.07435033
