1356340578210,-0.27127153,-0.43109548,-0.86056286,-0.52760255,-0.68119293,0.5075547,-0.80501384,0.5917203,-0.042658836
1356340578370,0.2764426,0.44244185,0.8531264,0.52524126,0.67384887,-0.51966274,-0.8047987,0.5917541,-0.046108186
1356340578413,0.27730072,0.44690937,0.85051537,0.52502954,0.67088205,-0.52369964,-0.8046417,0.5917679,-0.048604548
1356340578453,0.2778122,0.45055857,0.8484205,0.5249108,0.66848016,-0.5268804,-0.8045428,0.5917189,-0.050791144
1356340578506,0.27814806,0.45455712,0.8461746,0.52445984,0.6661632,-0.5302531,-0.80472076,0.5912735,-0.053104997
1356340578555,0.27887785,0.45966068,0.84317213,0.52307045,0.6636277,-0.5347856,-0.8053723,0.59017825,-0.055363834
1356340578594,0.27967125,0.46570998,0.8395821,0.5207124,0.6611166,-0.5401698,-0.8066242,0.5882508,-0.057605684
1356340578644,0.28022787,0.4727915,0.8354284,0.51717716,0.6588291,-0.546326,-0.80870277,0.5851602,-0.05989468
1356340578681,0.28075328,0.48016262,0.8310364,0.5129551,0.65675867,-0.5527614,-0.8112057,0.581474,-0.061914742
1356340578723,0.28101215,0.4870735,0.82691693,0.50826585,0.6553452,-0.55873835,-0.8140627,0.5773059,-0.06340283
1356340578763,0.2812043,0.49259144,0.8235762,0.5035439,0.65483165,-0.5635947,-0.81692576,0.5731921,-0.063899934
1356340578801,0.2816336,0.49574497,0.8215348,0.4989685,0.6556539,-0.5666996,-0.819581,0.56952167,-0.06270695
1356340578843,0.2822893,0.49643022,0.82089573,0.4952234,0.65746,-0.56789094,-0.82162434,0.5668363,-0.060249925
1356340578888,0.28329864,0.49465463,0.8216195,0.49272832,0.65992486,-0.5672018,-0.8227762,0.56552273,-0.056774557
1356340578923,0.28429577,0.49121997,0.82333404,0.49155596,0.66262305,-0.5650695,-0.8231335,0.56536156,-0.053081155
1356340578964,0.2853046,0.48614243,0.8259944,0.49165407,0.66555,-0.56153315,-0.82272565,0.56631154,-0.049129426
1356340579003,0.28584012,0.47992152,0.82944006,0.49242294,0.668973,-0.55677176,-0.8220797,0.56758296,-0.04510498
1356340579044,0.28596956,0.4727223,0.8335197,0.49345595,0.67299473,-0.5509804,-0.82141507,0.5688688,-0.0408116
1356340579083,0.28549537,0.4643803,0.83835757,0.49473318,0.6777873,-0.543915,-0.8208115,0.5700485,-0.036239207
1356340579123,0.28470784,0.45479816,0.84386027,0.49635375,0.68316096,-0.53565294,-0.8201064,0.5713578,-0.03123951
1356340579162,0.28404513,0.44401342,0.84980613,0.4985122,0.68870723,-0.52646744,-0.8190262,0.57317924,-0.025722206
1356340579203,0.2841369,0.4323122,0.85578763,0.5011964,0.69394153,-0.5169598,-0.81735456,0.57580495,-0.019498885
1356340579264,0.2852874,0.42045343,0.8612955,0.5040583,0.69850945,-0.50794667,-0.815191,0.57905394,-0.012657106
1356340579283,0.2877875,0.40862718,0.86614215,0.5066954,0.7024855,-0.49977392,-0.81267345,0.5826989,-0.0048829317
1356340579324,0.29176944,0.39634806,0.87050486,0.50866944,0.70643795,-0.49213904,-0.81001604,0.5863903,0.004506886
1356340579366,0.29645944,0.38414684,0.8743815,0.50957835,0.7107011,-0.48500907,-0.8077386,0.5893514,0.014941096
1356340579405,0.30166924,0.37034544,0.8785442,0.50865024,0.7168627,-0.47684672,-0.8063936,0.59072167,0.027879119
1356340579454,0.30651328,0.35417703,0.88352036,0.505191,0.72615105,-0.46635464,-0.80674136,0.5892905,0.043647885
1356340579494,0.30914146,0.3369695,0.8893161,0.50103885,0.7371082,-0.45346624,-0.8083265,0.5857671,0.059035897
1356340579532,0.3095589,0.3202643,0.8953234,0.49656913,0.7485359,-0.43944645,-0.8109207,0.5806246,0.07268256
1356340579573,0.3072028,0.3051204,0.9014034,0.4925,0.75951946,-0.42493993,-0.81429124,0.57448393,0.08305466
1356340579616,0.3018785,0.29226542,0.9074417,0.48935455,0.76938015,-0.41059262,-0.81816965,0.5680098,0.08923793
1356340579652,0.2942245,0.2822291,0.9131148,0.48714438,0.77769554,-0.39734116,-0.82226646,0.5617263,0.09133077
1356340579693,0.28485867,0.27583715,0.9180247,0.4858928,0.78399765,-0.3863365,-0.8262952,0.5561129,0.08930123
1356340579733,0.2745644,0.27198064,0.92230195,0.48610908,0.7883106,-0.37717956,-0.82964593,0.55189943,0.08422977
1356340579773,0.26419875,0.27089417,0.92564327,0.4876865,0.79048425,-0.37053558,-0.83208233,0.5493188,0.07673353
1356340579813,0.2543951,0.2720812,0.9280382,0.48985982,0.7911472,-0.3662287,-0.8338588,0.54777545,0.067982316
1356340579854,0.24562377,0.27576664,0.9293126,0.49089912,0.79127663,-0.3645536,-0.83587503,0.54574174,0.05898273
1356340579894,0.23812154,0.2827127,0.92917794,0.48843682,0.7920563,-0.3661642,-0.8394806,0.5410363,0.050518394
1356340579934,0.23215806,0.2935487,0.927325,0.4802153,0.7944908,-0.37172252,-0.8458699,0.53161407,0.043480873
1356340579972,0.22851765,0.30774772,0.92361844,0.46627653,0.79823023,-0.38133276,-0.8546145,0.5178029,0.038914144
1356340580012,0.22782564,0.32401812,0.918209,0.44877237,0.8019362,-0.394337,-0.86411744,0.50190693,0.03729123
1356340580054,0.23093444,0.3410667,0.9112314,0.43295905,0.8026896,-0.41016564,-0.8713298,0.4892473,0.037700772
1356340580096,0.23776552,0.3575257,0.90312946,0.4237867,0.79844654,-0.42765406,-0.8739979,0.48441568,0.03832841
1356340580136,0.24752933,0.37047932,0.895251,0.42548594,0.78857267,-0.4439762,-0.8704545,0.49081382,0.03756112
1356340580195,0.25867364,0.3817519,0.88732934,0.43344736,0.7750503,-0.4598048,-0.8632562,0.50354993,0.035015702
1356340580214,0.2687254,0.38982618,0.8808077,0.44766873,0.75913393,-0.47255516,-0.8528654,0.52129763,0.029485583
1356340580267,0.2753929,0.3954954,0.87620896,0.46295416,0.7442402,-0.48143524,-0.8425154,0.53822845,0.021862209
1356340580285,0.2771714,0.39983004,0.87367725,0.4787351,0.7309238,-0.48637754,-0.8330599,0.5530699,0.0111784935
1356340580316,0.27318606,0.40071428,0.87452704,0.4944924,0.7213015,-0.4849756,-0.82513434,0.56493556,-0.0011006594
1356340580359,0.26260743,0.40648234,0.87510544,0.5100741,0.71137553,-0.48349702,-0.8190616,0.5733385,-0.020523608
1356340580400,0.24152398,0.41052663,0.8792804,0.5267161,0.7055522,-0.47409508,-0.8150069,0.5776365,-0.045823216
1356340580440,0.21019006,0.42159933,0.8820851,0.54168254,0.700874,-0.4640644,-0.8138797,0.57535183,-0.08105624
1356340580481,0.16580588,0.4405004,0.8823082,0.55362445,0.6988222,-0.452932,-0.81609327,0.5635662,-0.128003
1356340580520,0.10768938,0.46748498,0.8774171,0.5607147,0.7002311,-0.4418999,-0.82097626,0.5395686,-0.18671823
1356340580562,0.038029194,0.49737862,0.8666997,0.56257147,0.7061646,-0.42993593,-0.8258736,0.5039306,-0.25295615
1356340580612,-0.038639635,0.5243528,0.85062397,0.5601939,0.7162765,-0.41608974,-0.8274598,0.46043673,-0.3214159
1356340580650,-0.10639131,0.5264405,0.8435291,0.55650055,0.7345575,-0.38824266,-0.8240073,0.42811877,-0.37111497
1356340580705,-0.14791602,0.5040427,0.85091823,0.5537773,0.7550683,-0.35100216,-0.81942147,0.41930038,-0.39081413
1356340580754,-0.16112638,0.4577377,0.8743651,0.55022913,0.7771427,-0.30544573,-0.81932044,0.43188584,-0.37707883
1356340580799,-0.15347347,0.40234935,0.9025303,0.5467232,0.7953928,-0.2616181,-0.823128,0.4532828,-0.34204543
1356340580835,-0.12268463,0.33943814,0.9325933,0.5447143,0.8085323,-0.22262505,-0.8295992,0.4806842,-0.2840913
1356340580879,-0.08041975,0.28102478,0.9563251,0.5445013,0.81601495,-0.19400491,-0.8348958,0.5051185,-0.21864212
1356340580920,-0.031967968,0.22877432,0.97295445,0.543652,0.8208333,-0.17514299,-0.83870167,0.52334964,-0.15061402
1356340580960,0.01860112,0.18517064,0.9825303,0.5405425,0.82484066,-0.1656854,-0.841111,0.5341813,-0.08474964
1356340581001,0.06752071,0.15283461,0.9859425,0.5348327,0.82867455,-0.1650831,-0.84225583,0.5384608,-0.025788248
1356340581041,0.11178413,0.13498579,0.98452175,0.52667785,0.8320902,-0.173886,-0.8426831,0.5379635,0.021920443
1356340581084,0.1498909,0.13335128,0.97966844,0.51475894,0.835449,-0.1924793,-0.84413034,0.53314394,0.05658245
1356340581121,0.18287927,0.14953026,0.9716974,0.49725625,0.8385541,-0.22262803,-0.8481105,0.5238967,0.07899928
1356340581163,0.21087691,0.18457718,0.9599282,0.47170883,0.8408921,-0.2653136,-0.8561669,0.50875515,0.09025806
1356340581201,0.23796469,0.24004482,0.94114363,0.43940812,0.8375413,-0.32472312,-0.8661947,0.4908188,0.093827605
1356340581260,0.2651201,0.31259862,0.9121367,0.40426728,0.82278925,-0.39948192,-0.8753737,0.47465768,0.09176457
1356340581281,0.29444385,0.39569306,0.86990225,0.37174803,0.7911404,-0.48569566,-0.88040125,0.46639454,0.08584827
1356340581321,0.32585594,0.47662413,0.8164847,0.34696633,0.74307066,-0.5722415,-0.87944996,0.46976095,0.076761484
1356340581360,0.3584438,0.5442507,0.75849134,0.33049938,0.6858805,-0.64833486,-0.87309116,0.48307252,0.06597507
1356340581401,0.38943028,0.5929283,0.7048263,0.32095307,0.62991667,-0.7072441,-0.86332685,0.5016385,0.055006504
1356340581440,0.41559273,0.62329006,0.66241395,0.3176387,0.5829754,-0.7478271,-0.8522842,0.52119976,0.044299304
1356340581481,0.4338324,0.6382216,0.6359738,0.32182813,0.5495258,-0.7710047,-0.84155583,0.5391611,0.033004463
1356340581520,0.44163218,0.6404176,0.6283521,0.33662558,0.53091085,-0.77769977,-0.8316515,0.55497664,0.018886387
1356340581561,0.43568236,0.6323148,0.64059263,0.36460894,0.5267071,-0.7678802,-0.8229467,0.56811774,-0.0010706186
1356340581601,0.41228276,0.6216867,0.6659794,0.4042822,0.530241,-0.74525183,-0.8164427,0.5764981,-0.03272766
1356340581641,0.3676643,0.6143105,0.698173,0.45104346,0.53874564,-0.7115567,-0.8132544,0.5765203,-0.079003155
1356340581682,0.3017144,0.62602556,0.71906906,0.4951477,0.54163444,-0.6793092,-0.8147375,0.5610028,-0.14655626
1356340581721,0.21565506,0.644765,0.7333287,0.5341053,0.55081046,-0.6413575,-0.81745005,0.5299867,-0.22558731
1356340581762,0.12204525,0.6633278,0.7383096,0.56197906,0.566959,-0.6022765,-0.81809807,0.48841947,-0.30358166
1356340581800,0.035407186,0.6648374,0.74614847,0.5779026,0.5955054,-0.55803394,-0.8153373,0.4509596,-0.3631261
1356340581841,-0.030597687,0.64433557,0.7641305,0.58217686,0.63291574,-0.5103799,-0.8124862,0.42924273,-0.3944831
1356340581882,-0.07000908,0.605051,0.79310274,0.5773441,0.67293835,-0.46241507,-0.81349397,0.42552003,-0.39643443
1356340581924,-0.08319056,0.553711,0.82854295,0.5680043,0.709494,-0.41712025,-0.81881034,0.43591556,-0.3735335
1356340581960,-0.07282591,0.4963492,0.865063,0.55869895,0.7388001,-0.3768686,-0.82616705,0.45586395,-0.33111352
1356340582014,-0.03744793,0.43136728,0.9013989,0.55015343,0.7619237,-0.34176528,-0.8342235,0.4831093,-0.26585066
1356340582054,0.011543453,0.3818068,0.9241701,0.5420153,0.77428454,-0.32665396,-0.8402893,0.50468504,-0.19800723
1356340582092,0.06396532,0.34999585,0.9345647,0.5304849,0.7812871,-0.32890162,-0.84527755,0.5168108,-0.13569224
1356340582132,0.1161049,0.3360675,0.93465406,0.5115122,0.7864029,-0.346303,-0.8513958,0.51829445,-0.0805974
1356340582172,0.1690883,0.3478545,0.9221749,0.48338348,0.7861218,-0.38516614,-0.8589235,0.5108912,-0.035223126
1356340582211,0.22152367,0.38762736,0.8948029,0.44478875,0.77642477,-0.4464611,-0.86780775,0.4969,-4.15802E-4
1356340582252,0.27286023,0.45760256,0.8462548,0.39455646,0.74902624,-0.53224516,-0.87742376,0.47912383,0.02382946
1356340582288,0.32057425,0.5534466,0.768719,0.33261234,0.6940999,-0.63843113,-0.8869054,0.46034998,0.038427353
1356340582332,0.360514,0.6595373,0.6595758,0.26273996,0.60668945,-0.75026375,-0.8949846,0.4437775,0.045433223
1356340582374,0.3899191,0.7519081,0.53159875,0.19467247,0.49693626,-0.84566957,-0.9000365,0.43323034,0.04738915
1356340582414,0.41187367,0.81269693,0.4121695,0.14187217,0.38961062,-0.9099867,-0.9001291,0.43327492,0.04517129
1356340582460,0.434178,0.841103,0.322545,0.111157715,0.3052944,-0.945748,-0.89394265,0.4464763,0.039056987
1356340582501,0.455127,0.85039175,0.26399496,0.09531376,0.24825041,-0.96399534,-0.88531053,0.46390262,0.03193146
1356340582538,0.47353202,0.8484231,0.23652849,0.09321222,0.21876441,-0.97131544,-0.8758304,0.48199636,0.024508536
1356340582580,0.48777103,0.83971834,0.23864725,0.10513458,0.21487756,-0.97096574,-0.8666177,0.49869907,0.016527563
1356340582619,0.49593425,0.82477826,0.2716432,0.13424146,0.23624302,-0.9623764,-0.857921,0.5137412,0.006441593
1356340582659,0.49423,0.80086094,0.3381693,0.18461877,0.28343388,-0.9410532,-0.8495014,0.5275292,-0.0077724457
1356340582700,0.47644445,0.7670069,0.42976868,0.25632215,0.3464044,-0.9023874,-0.84101105,0.54009676,-0.031558365
1356340582739,0.43288568,0.72315717,0.5381949,0.34374297,0.41950133,-0.8401544,-0.83333707,0.5486915,-0.06698406
1356340582779,0.36487508,0.6902444,0.62484306,0.42597264,0.47299486,-0.7712478,-0.827897,0.5475752,-0.121441185
1356340582819,0.27373806,0.6718616,0.68823653,0.49567503,0.5146774,-0.6995809,-0.82424134,0.53264356,-0.1921382
1356340582860,0.16977,0.6659329,0.7264376,0.5461376,0.55001414,-0.6318371,-0.8203121,0.50400186,-0.27031505
1356340582898,0.06586447,0.6506945,0.7564777,0.57690835,0.59373635,-0.5609402,-0.814149,0.4733643,-0.33628494
1356340582939,-0.022091508,0.6180354,0.78583974,0.5887428,0.6433253,-0.48940203,-0.8080184,0.4518459,-0.37807596
1356340582983,-0.08731705,0.56341535,0.8215466,0.58590835,0.6960177,-0.41505525,-0.8056595,0.44510964,-0.39088392
1356340583022,-0.1281302,0.49223238,0.860982,0.57488245,0.74427205,-0.3399549,-0.80814165,0.45140493,-0.37833947
1356340583066,-0.14398873,0.4101336,0.9005874,0.56267226,0.7825708,-0.26642624,-0.8140437,0.46837315,-0.34345216
1356340583132,-0.13220656,0.31364933,0.94029015,0.5537436,0.81015825,-0.19238427,-0.822125,0.49524513,-0.2807895
1356340583151,-0.10432115,0.22840266,0.9679615,0.5499054,0.824209,-0.13521689,-0.8286864,0.51818126,-0.2115823
1356340583188,-0.06771916,0.15923125,0.984916,0.5475313,0.83117557,-0.096729815,-0.8340405,0.5327219,-0.14347059
1356340583233,-0.026082788,0.106662676,0.9939531,0.54299176,0.83633703,-0.07549976,-0.8393328,0.5377391,-0.07973099
1356340583269,0.01886383,0.07563266,0.9969573,0.5343739,0.8420037,-0.07398845,-0.8450377,0.5341437,-0.024532735
1356340583311,0.0659911,0.07174741,0.99523735,0.52027637,0.8486216,-0.09567566,-0.85144436,0.5241123,0.018673003
1356340583363,0.114810556,0.101179585,0.9882212,0.49528146,0.8565063,-0.14523521,-0.86111253,0.50612223,0.048223615
1356340583403,0.17672622,0.18271153,0.9671527,0.45933515,0.8537437,-0.24522021,-0.8705051,0.48758408,0.06695306
1356340583443,0.23941895,0.2968252,0.92443144,0.41280857,0.83065677,-0.37362868,-0.87878764,0.471067,0.076343
1356340583485,0.30257827,0.43338832,0.848894,0.35771427,0.7739019,-0.5226054,-0.8834517,0.4617905,0.07913673
1356340583521,0.3583685,0.55857825,0.748039,0.30503443,0.68722355,-0.65930104,-0.88234127,0.4644504,0.07589364
1356340583561,0.40410617,0.64918005,0.64440954,0.26246718,0.59257555,-0.7615545,-0.8762473,0.4768852,0.06907499
1356340583602,0.43983877,0.69953763,0.56319535,0.23726605,0.5143177,-0.8241251,-0.8661678,0.4961093,0.06024033
1356340583640,0.4668169,0.72079396,0.5123846,0.22809964,0.4616481,-0.85723484,-0.8544311,0.51704645,0.051092297
1356340583682,0.48501918,0.7238031,0.49078056,0.23308587,0.4339116,-0.8702826,-0.84286857,0.5364978,0.041747153
1356340583720,0.4934252,0.71442026,0.4961202,0.25260627,0.42810297,-0.86770844,-0.832299,0.5534723,0.030769795
1356340583761,0.48972663,0.6943525,0.52729726,0.2883474,0.44176736,-0.8495277,-0.82281435,0.56808114,0.016130537
1356340583800,0.47092938,0.6665033,0.5779264,0.3391776,0.4679634,-0.8160692,-0.8143612,0.58033067,-0.00568527
1356340583841,0.43325907,0.6382645,0.6363214,0.39955038,0.49683535,-0.7703987,-0.80786514,0.5880247,-0.03976041
1356340583881,0.37511775,0.62514347,0.6844577,0.4585423,0.5165731,-0.72311217,-0.8056213,0.585105,-0.092879
1356340583920,0.2971745,0.63034105,0.7171873,0.5088432,0.53102267,-0.6775645,-0.8079394,0.56629074,-0.1629383
1356340583961,0.20520279,0.65481067,0.7274028,0.5442809,0.54134357,-0.64086306,-0.81341887,0.5274184,-0.24531573
1356340584000,0.10650545,0.6687015,0.7358634,0.56782997,0.5666175,-0.59708774,-0.81622654,0.48143837,-0.3193609
1356340584041,0.016936272,0.65843576,0.75244635,0.5780807,0.6075764,-0.5446775,-0.8158038,0.44419956,-0.37033898
1356340584093,-0.051274598,0.6084521,0.7919324,0.5748099,0.66643965,-0.4748175,-0.8166788,0.4308645,-0.38391572
1356340584134,-0.09912962,0.525566,0.84495777,0.5617697,0.73043734,-0.38842767,-0.8213331,0.43616706,-0.36765504
1356340584175,-0.1208992,0.43345502,0.8930286,0.5473235,0.77963287,-0.30431816,-0.82814264,0.45198378,-0.33149713
1356340584212,-0.11642647,0.33467036,0.9351153,0.53729916,0.8130746,-0.22409657,-0.83531696,0.47634593,-0.27448153
1356340584254,-0.093550384,0.24666202,0.96457565,0.5344475,0.8298468,-0.1603751,-0.8400085,0.5005119,-0.20946038
1356340584290,-0.057405267,0.16780964,0.98414654,0.5350294,0.837432,-0.11158462,-0.8428808,0.52014184,-0.13785607
1356340584332,-0.01325902,0.11421619,0.99336743,0.53572893,0.8396451,-0.08939071,-0.84428596,0.5309905,-0.07232177
1356340584371,0.03228661,0.08178136,0.9961272,0.53127885,0.84277856,-0.08641145,-0.8465815,0.5320113,-0.016238272
1356340584410,0.08111641,0.08091046,0.9934152,0.5196729,0.8470683,-0.11142443,-0.8505059,0.52528924,0.026664138
1356340584451,0.1337995,0.11786272,0.9839746,0.49839664,0.85019606,-0.1696097,-0.856562,0.51310337,0.05501342
1356340584491,0.19412783,0.204055,0.9595187,0.4629594,0.8432902,-0.27300242,-0.8648602,0.49721554,0.069236934
1356340584531,0.26496893,0.34631276,0.89992166,0.40649474,0.8061801,-0.42992514,-0.8743875,0.4797302,0.072838366
1356340584572,0.3370036,0.5292284,0.77868205,0.32385764,0.7114318,-0.6236834,-0.8840502,0.4623657,0.06836039
1356340584611,0.39506522,0.7021151,0.59241694,0.22432666,0.55162156,-0.8033624,-0.89084285,0.45027548,0.060423374
1356340584650,0.4289083,0.8076565,0.40463397,0.14170486,0.38222736,-0.9131385,-0.89216447,0.44899127,0.049491614
1356340584689,0.45070058,0.8518833,0.2667654,0.09025243,0.25382173,-0.9630312,-0.8881011,0.4581149,0.037513047
1356340584734,0.47179136,0.8599837,0.19452766,0.07117382,0.18275961,-0.980578,-0.87883294,0.4764735,0.02501604
1356340584772,0.49125618,0.8540685,0.1709803,0.07282218,0.15533988,-0.9851733,-0.8679656,0.49642366,0.014116555
1356340584810,0.50704324,0.84183747,0.18497795,0.09138125,0.16089734,-0.98273164,-0.85706276,0.515191,0.004653752
1356340584860,0.51629305,0.82180727,0.24098635,0.13387921,0.20048246,-0.97050667,-0.8458829,0.533329,-0.006515205
1356340584900,0.5056137,0.7824923,0.36340147,0.21570364,0.2931806,-0.93140596,-0.8353602,0.5493186,-0.02055031
1356340584940,0.4690933,0.725087,0.50418293,0.31500202,0.3959718,-0.8625428,-0.8250607,0.5634317,-0.042656153
1356340584979,0.40097255,0.65594256,0.6395001,0.41655242,0.49118578,-0.7649971,-0.81590754,0.5731282,-0.07628244
1356340585020,0.31406006,0.6089139,0.7284162,0.49525917,0.5494981,-0.672882,-0.8099905,0.5720802,-0.12899482
1356340585059,0.21356481,0.58570445,0.7818826,0.5503173,0.5891551,-0.5916479,-0.80718094,0.55663866,-0.19650048
1356340585101,0.10920972,0.58477557,0.8038101,0.58207726,0.61787915,-0.52859384,-0.8057662,0.52560717,-0.27290612
1356340585138,0.0041948557,0.5692097,0.82218176,0.59746945,0.6578766,-0.45850703,-0.8018808,0.4931518,-0.3373257
1356340585182,-0.08588749,0.53166735,0.8425871,0.59785974,0.70402414,-0.38329324,-0.7969862,0.4708288,-0.3783294
1356340585222,-0.15598333,0.4668241,0.8704852,0.5863463,0.7529654,-0.29873243,-0.7949008,0.4638085,-0.39117068
1356340585262,-0.20164329,0.3810977,0.9022774,0.56777376,0.7961139,-0.20936953,-0.7981059,0.47007143,-0.3769083
1356340585300,-0.2222034,0.28340933,0.93290126,0.549312,0.82690233,-0.120369494,-0.8055321,0.48570734,-0.33942068
1356340585344,-0.22112626,0.18544556,0.9574513,0.53762615,0.8422822,-0.038972422,-0.8136714,0.506133,-0.28595108
1356340585385,-0.2034632,0.09637292,0.9743279,0.53463566,0.8446153,0.028102085,-0.8202239,0.5266282,-0.22337252
1356340585422,-0.17531422,0.023058653,0.98424244,0.5376289,0.83974135,0.07608965,-0.8247545,0.5424968,-0.15961564
1356340585463,-0.1395216,-0.03804162,0.98948807,0.5417708,0.83350223,0.108436406,-0.8288656,0.5512049,-0.09568173
1356340585502,-0.09945527,-0.07981941,0.9918355,0.5448284,0.8297126,0.121404424,-0.8326287,0.5524545,-0.039031386
1356340585544,-0.059031963,-0.104411274,0.9927807,0.54309297,0.8310968,0.11969988,-0.83759487,0.54623836,0.0076437593
1356340585582,-0.01773239,-0.105693996,0.9942406,0.53705215,0.83776224,0.098637745,-0.8433626,0.5357081,0.041907668
1356340585621,0.021910347,-0.08524799,0.99611884,0.5247451,0.8490624,0.06112072,-0.85097736,0.52136934,0.06333673
1356340585661,0.06303086,-0.038126066,0.99728304,0.50608444,0.8624833,9.868443E-4,-0.8601777,0.50464725,0.07365805
1356340585705,0.10754633,0.037233844,0.9935027,0.4820491,0.87202466,-0.08486284,-0.8695186,0.48804373,0.07583451
1356340585742,0.15601844,0.13853638,0.9779908,0.4553064,0.86856717,-0.19567095,-0.87655824,0.47581375,0.072435975
1356340585781,0.20685577,0.2542584,0.9447556,0.4294616,0.84403986,-0.3211844,-0.8790752,0.47217512,0.0654003
1356340585820,0.25506258,0.36273527,0.896307,0.4088596,0.79955906,-0.4399308,-0.8762288,0.47867364,0.05562979
1356340585861,0.29598647,0.4455218,0.84492743,0.39599684,0.74773276,-0.5329937,-0.86924016,0.4923475,0.044893563
1356340586059,0.30346596,0.62959075,0.71520895,0.46553186,0.55695534,-0.6878087,-0.83137745,0.5416791,-0.12407756
1356340586098,0.0820331,0.5230024,0.8483744,0.5972494,0.65566325,-0.46195123,-0.7978495,0.5445863,-0.2585767
1356340586135,-0.17049032,0.44282806,0.8802479,0.60839343,0.7500193,-0.25947732,-0.7751067,0.49129868,-0.3972847
1356340586165,-0.41607845,0.36336273,0.8335744,0.5237132,0.8451486,-0.10699679,-0.7433729,0.39203483,-0.541946
1356340586210,-0.617687,0.3116906,0.72201926,0.37280014,0.92444396,-0.08014569,-0.692447,0.21966392,-0.6872153
1356340586268,-0.7496415,0.26480618,0.6065603,0.22753227,0.9637225,-0.13952786,-0.62150365,0.03341617,-0.7826983
1356340586295,-0.81337935,0.21641475,0.5399802,0.12679875,0.9718626,-0.19850712,-0.5677464,-0.09299277,-0.81793416
1356340586332,-0.826018,0.15969205,0.5405486,0.056912854,0.9777543,-0.20188479,-0.5607632,-0.1359963,-0.81673115
1356340586374,-0.79626966,0.09207931,0.597893,0.010835525,0.99036026,-0.13809109,-0.6048448,-0.10347925,-0.78959155
1356340586413,-0.72431684,0.015027618,0.68930346,0.009821469,0.9998859,-0.011478323,-0.6893973,-0.0015439698,-0.7243818
1356340586455,-0.6250137,-0.05347997,0.7787797,0.076869905,0.9885849,0.12957995,-0.77681977,0.14085396,-0.6137681
1356340586494,-0.5066482,-0.11276312,0.8547467,0.2015831,0.9484355,0.24461079,-0.83825517,0.29623413,-0.45779198
1356340586532,-0.39174104,-0.14554933,0.9084902,0.33156916,0.89873064,0.2869584,-0.85825455,0.41364068,-0.30381
1356340586574,-0.28206614,-0.16322279,0.9454084,0.43373454,0.85727274,0.27741265,-0.8557529,0.48830497,-0.17101228
1356340586612,-0.18113165,-0.15610157,0.970991,0.5007198,0.8351334,0.22766621,-0.84644604,0.527432,-0.07310593
1356340586653,-0.08923222,-0.1301258,0.987474,0.53442955,0.8303678,0.15771617,-0.84048957,0.54180866,-0.0045524836
1356340586692,-0.0020321682,-0.078246236,0.99693197,0.5417943,0.8378473,0.06686455,-0.84050864,0.54026794,0.04069072
1356340586731,0.0825893,0.003988445,0.99657565,0.5256438,0.84940755,-0.046961173,-0.8466862,0.52772236,0.06805545
1356340586773,0.16735727,0.12355195,0.97812396,0.48797804,0.85168546,-0.19107403,-0.8566615,0.5092807,0.08224511
1356340586812,0.25072438,0.27871644,0.92706776,0.43123358,0.8252342,-0.36472756,-0.8667035,0.49122882,0.08671445
1356340586853,0.32599866,0.44705588,0.8329862,0.3629626,0.7544036,-0.5469309,-0.8729164,0.48064157,0.08367002
1356340586894,0.38553447,0.58886224,0.71035516,0.2977565,0.6492827,-0.69983786,-0.8733294,0.4813245,0.0749833
1356340586933,0.4298198,0.67967576,0.59438694,0.2521202,0.54176927,-0.80182385,-0.8670008,0.4944967,0.061503172
1356340586972,0.462605,0.72790337,0.506116,0.22421017,0.45626116,-0.8611362,-0.857745,0.51184225,0.04786536
1356340587014,0.48806494,0.74858576,0.4487895,0.212865,0.39657348,-0.89298266,-0.8464521,0.5313651,0.034205884
1356340587052,0.50564826,0.7533926,0.42038003,0.21511099,0.3617764,-0.90710807,-0.83549213,0.549106,0.0208686
1356340587093,0.5161437,0.7499246,0.4137739,0.22974586,0.34417185,-0.910364,-0.82511365,0.56494147,0.0053500533
1356340587132,0.51732695,0.7405031,0.42898488,0.25980783,0.34171852,-0.9031768,-0.81539726,0.57869136,-0.015608281
1356340587172,0.5052129,0.7297368,0.46069962,0.305801,0.34782112,-0.8862879,-0.80699795,0.5886464,-0.047430545
1356340587212,0.4729911,0.7235364,0.50276697,0.36550045,0.35808462,-0.8591769,-0.8016788,0.5901445,-0.095082015
1356340587277,0.41380796,0.7273505,0.5474708,0.43290165,0.3718135,-0.8211887,-0.80084896,0.57681537,-0.16101182
1356340587296,0.32606202,0.73471457,0.59487647,0.5002387,0.3998527,-0.7680358,-0.8021501,0.54800755,-0.23715591
1356340587331,0.22239816,0.7292203,0.64712965,0.55574536,0.45054018,-0.698685,-0.80105317,0.51502556,-0.30506146
1356340587373,0.12491989,0.70263743,0.7004967,0.5902778,0.5148525,-0.6216904,-0.79747546,0.4911492,-0.35043597
1356340587415,0.046138078,0.65269804,0.756212,0.60535085,0.58391476,-0.5409195,-0.7946204,0.48273057,-0.36817062
1356340587454,0.0012520552,0.5870306,0.80956376,0.6057727,0.6436745,-0.46767783,-0.7956368,0.4909972,-0.35480118
1356340587492,-0.01794523,0.51799285,0.8551968,0.60095346,0.68918085,-0.40482673,-0.7990826,0.5066687,-0.3236571
1356340587540,-0.007953823,0.4525518,0.8917026,0.5950084,0.7188309,-0.3595096,-0.8036801,0.5277111,-0.2749896
1356340587572,0.022190034,0.3999731,0.9162582,0.589754,0.73480266,-0.33504522,-0.80727804,0.5478016,-0.21958041
1356340587615,0.066847056,0.36134508,0.9300329,0.5821847,0.74286634,-0.33047047,-0.810304,0.5635418,-0.16071111
1356340587654,0.12136307,0.34061188,0.9323382,0.5683652,0.7462108,-0.34659827,-0.8137763,0.57197285,-0.10302949
1356340587693,0.18059215,0.3412482,0.9224619,0.5451708,0.7458957,-0.38265973,-0.8186423,0.5720047,-0.051335633
1356340587732,0.24075538,0.36685565,0.89858425,0.51097596,0.73922074,-0.43869838,-0.82519114,0.5647739,-0.009483039
1356340587773,0.29804358,0.4184916,0.85792464,0.46375513,0.7220892,-0.5133404,-0.8343267,0.55086476,0.021136403
1356340587813,0.35166004,0.5002737,0.79124045,0.3998802,0.68395555,-0.6101645,-0.84642255,0.5309719,0.040470302
1356340587852,0.40103367,0.60763174,0.68553317,0.31803238,0.6094495,-0.72624147,-0.8590852,0.509269,0.051163197
1356340587894,0.43734202,0.71741664,0.5422594,0.22618172,0.49584988,-0.8384358,-0.87038714,0.48933238,0.05458945
1356340587934,0.46180663,0.8056713,0.37098318,0.1338588,0.35015878,-0.9270764,-0.8768218,0.47778934,0.053859442
1356340587974,0.478229,0.8520018,0.21304914,0.060222447,0.21020317,-0.9758011,-0.8761679,0.4794867,0.049215645
1356340588014,0.49492067,0.8646074,0.08664623,0.0065385103,0.09600665,-0.9953592,-0.86891353,0.49319038,0.04186243
1356340588052,0.51361567,0.8580072,-0.0047520995,-0.031338185,0.0132241845,-0.99942136,-0.85744786,0.5134673,0.033680543
1356340588093,0.5330863,0.84355587,-0.06505737,-0.056702614,-0.041100055,-0.99754477,-0.84415865,0.5354663,0.02592197
1356340588134,0.5521647,0.8280767,-0.09696999,-0.06907126,-0.07047418,-0.9951194,-0.8308691,0.55616766,0.01828292
1356340588172,0.57089853,0.8151438,-0.09805834,-0.063750446,-0.075062424,-0.99513894,-0.8185419,0.5743746,0.009112731
1356340588213,0.58952177,0.8053063,-0.062815726,-0.03297615,-0.053707078,-0.99801207,-0.8070791,0.5904212,-0.005105555
1356340588280,0.6030804,0.7974317,0.019919127,0.034707755,-0.0012846887,-0.9993967,-0.79692495,0.60340786,-0.02845183
1356340588289,0.5968227,0.7897017,0.14203528,0.14030808,0.07157545,-0.9875175,-0.79001045,0.60930145,-0.06808367
1356340588327,0.55403334,0.780902,0.28851196,0.27018276,0.15913779,-0.9495665,-0.7874315,0.6040424,-0.12281859
1356340588370,0.47220963,0.7792338,0.41208342,0.39120042,0.23367268,-0.8901456,-0.78992426,0.58154255,-0.19449413
1356340588411,0.357346,0.7779462,0.5168207,0.49262577,0.31312853,-0.81195474,-0.7934883,0.54474795,-0.2713411
1356340588460,0.2260217,0.7559335,0.61439294,0.5633588,0.4131052,-0.71552145,-0.79469556,0.5078471,-0.33249104
1356340588512,0.096410364,0.6837891,0.72328246,0.59873754,0.5406515,-0.59093934,-0.79512155,0.49002904,-0.3572858
1356340588554,-0.011992812,0.57101,0.82085544,0.60316074,0.65888166,-0.4495242,-0.7975294,0.48971674,-0.35231268
1356340588592,-0.08111936,0.45037314,0.88914764,0.59206474,0.7394123,-0.3205132,-0.8017973,0.5004332,-0.32663077
1356340588633,-0.111753106,0.32742643,0.9382447,0.5794561,0.7885002,-0.2061507,-0.80730534,0.52063364,-0.27784657
1356340588672,-0.1176568,0.21967171,0.968453,0.5723707,0.8119426,-0.11463384,-0.81151,0.5408267,-0.22126424
1356340588713,-0.10562152,0.12652051,0.9863249,0.5700077,0.8204495,-0.044203103,-0.8148223,0.55754393,-0.1587748
1356340588753,-0.08097479,0.053267956,0.99529165,0.56990016,0.82171047,0.0023879707,-0.8177144,0.56741023,-0.09689528
1356340588792,-0.048952013,0.0016263425,0.9987998,0.5687642,0.8220724,0.026537031,-0.82104254,0.56938064,-0.04116708
1356340588832,-0.012346029,-0.025777996,0.99959147,0.56407285,0.8252417,0.028248698,-0.8256327,0.5641911,0.004352212
1356340588893,0.028093278,-0.026783854,0.9992464,0.5525601,0.8334453,0.006804794,-0.8329995,0.5519525,0.03821391
1356340588909,0.076460205,0.0068793595,0.99704885,0.5320165,0.8454489,-0.046631843,-0.8432747,0.53401196,0.0609833
1356340588950,0.13750374,0.086774126,0.9866929,0.49895865,0.8544637,-0.14467923,-0.8556477,0.5122129,0.074195266
1356340588985,0.22137818,0.23537429,0.94635653,0.44722778,0.8378622,-0.31300855,-0.8665905,0.49253017,0.080218494
1356340589030,0.32721797,0.45676184,0.82722247,0.3618703,0.74810976,-0.55622095,-0.8729137,0.48135275,0.0795064
1356340589069,0.42607266,0.6790086,0.5978374,0.23978254,0.55243003,-0.7983267,-0.87233394,0.48349613,0.072560966
1356340589108,0.4847177,0.8000008,0.35362038,0.1267238,0.33579257,-0.93337256,-0.8654419,0.49723428,0.061385453
1356340589148,0.51692504,0.8334025,0.19552183,0.061536163,0.19163711,-0.97953486,-0.85381603,0.5183778,0.047777653
1356340589188,0.54074985,0.831756,0.12558517,0.040114492,0.12362759,-0.99151754,-0.8402264,0.54120076,0.033486128
1356340589228,0.5600205,0.8187922,0.12631887,0.055820614,0.11483288,-0.9918153,-0.82659614,0.5624881,0.018603235
1356340589276,0.57109654,0.79618835,0.19983208,0.117562264,0.16159736,-0.9798292,-0.81242096,0.5830698,-0.001314044
1356340589317,0.54920083,0.7464509,0.37575185,0.24459383,0.28636298,-0.9263747,-0.7990947,0.60067236,-0.025306493
1356340589359,0.485493,0.6749822,0.55560374,0.38071528,0.4088652,-0.8293883,-0.78698945,0.6141891,-0.05847487
1356340589398,0.3933907,0.6104393,0.68746454,0.49056336,0.4930375,-0.71851337,-0.7775547,0.6199014,-0.105502844
1356340589440,0.2967682,0.58503485,0.7547601,0.5616332,0.53229475,-0.63342756,-0.772332,0.6118795,-0.17060685
1356340589478,0.19448787,0.57846594,0.7921816,0.60902655,0.561871,-0.55981046,-0.7689351,0.59133595,-0.24302399
1356340589519,0.092668176,0.57105416,0.81566525,0.6371123,0.5955298,-0.48931813,-0.7651801,0.5650146,-0.30863893
1356340589559,-0.0023948252,0.5420846,0.8403205,0.647449,0.6412567,-0.41182482,-0.76210505,0.5430785,-0.35250783
1356340589599,-0.07981223,0.4891678,0.8685303,0.64117265,0.6923352,-0.3310129,-0.763235,0.530459,-0.3688979
1356340589640,-0.13034418,0.41598698,0.89998066,0.6231953,0.7403692,-0.25195432,-0.7711277,0.52802294,-0.35574394
1356340589680,-0.15612078,0.3357646,0.9289179,0.6033577,0.7770172,-0.17945419,-0.7820395,0.53245324,-0.32389468
1356340589721,-0.15837651,0.2514949,0.95481265,0.5870755,0.8015029,-0.11373426,-0.7938887,0.5425343,-0.27458572
1356340589760,-0.14419079,0.17554855,0.973854,0.577046,0.8144029,-0.061367035,-0.8038824,0.55311,-0.21872896
1356340589800,-0.117688,0.10740799,0.98722494,0.5709465,0.82071275,-0.02122876,-0.8125082,0.56115425,-0.15791225
1356340589839,-0.08311949,0.056256235,0.9949505,0.5668121,0.8238467,7.7053905E-4,-0.8196433,0.56401396,-0.10036445
1356340589882,-0.044448286,0.022602737,0.99875593,0.5610913,0.8277304,0.0062383413,-0.82655966,0.56067055,-0.049473405
1356340589921,-0.0011233985,0.015498877,0.9998793,0.5527882,0.8332311,-0.01229462,-0.83332103,0.5527077,-0.009503663
1356340589961,0.04573986,0.03717336,0.9982615,0.5385883,0.84070706,-0.0559842,-0.84132665,0.54021263,0.018432677
1356340590000,0.10261503,0.10025178,0.9896563,0.5147065,0.84601235,-0.13906935,-0.85120344,0.52365315,0.03521335
1356340590040,0.177196,0.22066152,0.95911944,0.47465324,0.8345511,-0.27969402,-0.86215186,0.5048098,0.043141425
1356340590084,0.27426425,0.4123975,0.868739,0.4055121,0.7695375,-0.49332747,-0.87197423,0.48758623,0.043824434
1356340590131,0.38170186,0.6445338,0.6624801,0.29364175,0.59505343,-0.74812156,-0.8764007,0.48009115,0.037871003
1356340590170,0.45867294,0.80842924,0.36886495,0.15472114,0.33610785,-0.929028,-0.87503177,0.4831912,0.029082477
1356340590211,0.49423462,0.85777545,0.14125633,0.054762274,0.13144635,-0.9898095,-0.867602,0.49693358,0.017991602
1356340590274,0.51459503,0.8574308,0.0020858347,-0.005258769,0.005588621,-0.99997056,-0.8574172,0.5145689,0.0073848814
1356340590291,0.5319938,0.84382415,-0.07030943,-0.03559062,-0.060677707,-0.9975228,-0.84599996,0.53317827,-0.0022479594
1356340590330,0.54907966,0.8305174,-0.09355417,-0.04190606,-0.08443871,-0.99554706,-0.8347188,0.5505551,-0.011559859
1356340590370,0.56676,0.8205922,-0.0735628,-0.023243964,-0.07332641,-0.9970371,-0.823555,0.56679064,-0.02248466
1356340590410,0.5833919,0.8121176,-0.010906011,0.024948776,-0.031340554,-0.99919736,-0.8118075,0.5826516,-0.03854519
1356340590451,0.5912223,0.8017404,0.08757064,0.10402313,0.03186819,-0.9940642,-0.79977214,0.59682226,-0.06455836
1356340590490,0.57897395,0.79098576,0.19781473,0.20478964,0.09376156,-0.97430485,-0.78920865,0.6046075,-0.10770017
1356340590531,0.53840524,0.78702086,0.30119422,0.31494147,0.14359224,-0.9381861,-0.7816212,0.5999829,-0.1705547
1356340590572,0.4693805,0.7939489,0.38642874,0.42146373,0.18311691,-0.88816476,-0.7759191,0.5797529,-0.24866915
1356340590610,0.3818942,0.7985528,0.46526352,0.51286703,0.23568353,-0.8254821,-0.76884604,0.55386513,-0.31954527
1356340590651,0.29580414,0.7923859,0.5335021,0.57634145,0.2973475,-0.76119316,-0.7617942,0.53264344,-0.36872822
1356340590691,0.22226381,0.7691177,0.59921324,0.61326206,0.36750144,-0.6991797,-0.7579633,0.52287716,-0.38998848
1356340590731,0.17397958,0.7312355,0.6595648,0.6264999,0.43455845,-0.6470369,-0.7597558,0.52578855,-0.38251472
1356340590774,0.1532444,0.6845532,0.7126731,0.6245647,0.49178806,-0.6066822,-0.7657904,0.53808117,-0.35218406
1356340590814,0.15925819,0.6347881,0.7560958,0.6136016,0.53632665,-0.5795229,-0.77338856,0.5562354,-0.3040926
1356340590854,0.18729019,0.58863586,0.7864033,0.5964028,0.5679835,-0.5671846,-0.78052926,0.57524127,-0.24468637
1356340590891,0.23129874,0.5511531,0.8017051,0.57183033,0.58966315,-0.57035726,-0.7870902,0.59036225,-0.17877775
1356340590932,0.28518572,0.5293714,0.7990213,0.5376425,0.60178304,-0.59059083,-0.7934794,0.5980159,-0.112992644
1356340590974,0.34331396,0.52914965,0.77597433,0.4909258,0.6032432,-0.6285615,-0.8007043,0.59673977,-0.052671432
1356340591012,0.40323582,0.55952764,0.72410613,0.4279196,0.5841486,-0.68967766,-0.8088793,0.587962,-0.0038832426
1356340591052,0.45811716,0.62040293,0.6365758,0.34548554,0.5355654,-0.7705903,-0.81900454,0.57294834,0.031011462
1356340591093,0.5000369,0.70638865,0.50097716,0.23984718,0.44289917,-0.8638944,-0.8321276,0.5521371,0.052040607
1356340591132,0.5203157,0.79398274,0.3144249,0.11647481,0.29876822,-0.94719124,-0.84599364,0.529461,0.06297478
1356340591176,0.5127271,0.85095096,0.11398816,0.0022465885,0.13143776,-0.99132186,-0.8585487,0.50853366,0.065479964
1356340591221,0.4949362,0.86649907,-0.064942986,-0.085930645,-0.025564164,-0.99597317,-0.8646699,0.49852377,0.061806157
1356340591283,0.4830798,0.85314107,-0.19693711,-0.14554211,-0.14355165,-0.9788823,-0.86339533,0.5015409,0.05482106
1356340591296,0.48499337,0.82880604,-0.27903777,-0.18201402,-0.216423,-0.959183,-0.85536677,0.5159861,0.04589057
1356340591340,0.49622497,0.8038867,-0.327913,-0.205648,-0.25811306,-0.94397384,-0.8434866,0.5358581,0.03723553
1356340591381,0.51240975,0.78267837,-0.35334226,-0.21999264,-0.27809215,-0.93502295,-0.83008397,0.5568476,0.029686399
1356340591422,0.5316987,0.7671961,-0.35875714,-0.22402352,-0.28110877,-0.9331621,-0.81676805,0.57653105,0.02240479
1356340591462,0.55647016,0.7575508,-0.34125918,-0.21239197,-0.26738372,-0.9398913,-0.80326253,0.5955022,0.012106597
1356340591513,0.590244,0.7545172,-0.28690726,-0.16874695,-0.23223996,-0.95790875,-0.7893899,0.6138146,-0.00975576
1356340591551,0.6241255,0.7607656,-0.17805365,-0.07677555,-0.16706921,-0.9829514,-0.7775428,0.6271552,-0.04586397
1356340591592,0.6356619,0.77084094,-0.04169175,0.052966416,-0.09743041,-0.99383193,-0.7701484,0.6295329,-0.10276151
1356340591633,0.60924566,0.78753376,0.09279215,0.19899878,-0.038567692,-0.9792406,-0.7676062,0.6150636,-0.18021545
1356340591672,0.5472178,0.81165826,0.20436147,0.3357824,0.0107649565,-0.9418781,-0.7666831,0.5840335,-0.26664978
1356340591721,0.46364167,0.8330063,0.30188882,0.44935244,0.07258478,-0.8904009,-0.76362216,0.54848146,-0.3406601
1356340591755,0.37412483,0.83845633,0.39625943,0.52964574,0.15756482,-0.83345586,-0.7612529,0.52169365,-0.3851359
1356340591785,0.27978766,0.820712,0.4981473,0.5856924,0.26521873,-0.76591355,-0.76071244,0.5060542,-0.40647984
1356340591829,0.20553362,0.77371895,0.599262,0.60843456,0.37858695,-0.69748074,-0.7665268,0.5079674,-0.392945
1356340591871,0.15232107,0.70389163,0.69378304,0.6135732,0.482968,-0.62471586,-0.7748072,0.52084404,-0.3583228
1356340591909,0.121800184,0.6147767,0.7792396,0.6095794,0.5732468,-0.54754096,-0.783312,0.541699,-0.3049336
1356340591962,0.11491555,0.50260186,0.85684645,0.60005414,0.6522898,-0.46309072,-0.79166245,0.5673706,-0.22663009
1356340592000,0.13180137,0.411341,0.9019019,0.589317,0.6990805,-0.404959,-0.7970783,0.58488023,-0.15027052
1356340592044,0.15882188,0.34075707,0.9266392,0.5752066,0.7308801,-0.3673576,-0.80244184,0.59135336,-0.079926014
1356340592081,0.2003715,0.31127393,0.9289563,0.5530183,0.74675125,-0.3695042,-0.8087163,0.5877679,-0.022512496
1356340592122,0.25446814,0.33183783,0.9083665,0.5141592,0.74911296,-0.41769612,-0.8190765,0.57333535,0.020007908
1356340592162,0.3327702,0.4295316,0.8395038,0.44236794,0.71510625,-0.5412335,-0.8328113,0.55147594,0.047955036
1356340592203,0.42815593,0.61160934,0.66529423,0.31122658,0.5913576,-0.74393153,-0.84842235,0.525576,0.06284416
1356340592282,0.4960974,0.8016679,0.33349046,0.11300418,0.32120645,-0.94024277,-0.8608817,0.5041379,0.06875786
1356340592285,0.49512324,0.86881316,-0.004082173,-0.059754223,0.029364854,-0.99778116,-0.8667655,0.49426857,0.066454485
1356340592319,0.473659,0.8515177,-0.22486594,-0.16243982,-0.16647628,-0.9725733,-0.8655983,0.49719524,0.059467435
1356340592360,0.46869183,0.8175215,-0.33464393,-0.21166033,-0.26386273,-0.9410507,-0.8576292,0.5118936,0.04936657
1356340592404,0.48040223,0.78810155,-0.3848503,-0.23570994,-0.3066417,-0.9221777,-0.8447808,0.5337292,0.038452
1356340592443,0.49859148,0.76593435,-0.40589535,-0.24771556,-0.3228252,-0.91346645,-0.8306886,0.5559932,0.02877599
1356340592483,0.52189,0.75240564,-0.40189108,-0.24667218,-0.31789464,-0.9154756,-0.81656814,0.5769129,0.019691586
1356340592534,0.5544464,0.74979925,-0.36109588,-0.22152975,-0.28526795,-0.93249494,-0.80219305,0.597012,0.007937036
1356340592571,0.5984693,0.76060206,-0.25163287,-0.14573652,-0.20549262,-0.96774673,-0.7877788,0.6158389,-0.0121335685
1356340592619,0.6318943,0.7734625,-0.049652845,0.008086324,-0.07063931,-0.9974691,-0.7750124,0.6298935,-0.05089104
1356340592674,0.6057066,0.77331406,0.18736288,0.20967025,0.07202998,-0.9751154,-0.7675662,0.62991834,-0.118511915
1356340592712,0.518586,0.7705644,0.37053886,0.38320082,0.17794722,-0.9063619,-0.7643466,0.61201733,-0.20299995
1356340592760,0.41398197,0.7826503,0.46484137,0.4951064,0.23492068,-0.83646995,-0.7638643,0.5764294,-0.2902422
1356340592801,0.30069095,0.7783873,0.55108815,0.5728837,0.3145532,-0.7568755,-0.7624888,0.543295,-0.35134208
1356340592846,0.19794527,0.74687636,0.63481754,0.61451685,0.41000333,-0.67399275,-0.76366657,0.52351975,-0.37780988
