1356443016333,0.12021929,0.2487034,-0.96108997,0.60158616,0.7518617,0.2698112,0.7897097,-0.61061496,-0.05922824
1356443016362,-0.3015604,-0.30230135,-0.9042539,0.5342461,0.7319591,-0.4228676,0.78971034,-0.61061424,-0.059226513
1356443016390,-0.30155343,-0.3023049,-0.90425503,0.5342485,0.7319581,-0.4228663,0.78971136,-0.6106137,-0.059218526
1356443016423,-0.30156165,-0.30235767,-0.90423465,0.53424346,0.7319343,-0.4229138,0.7897116,-0.6106161,-0.05919069
1356443016462,-0.30162546,-0.3025988,-0.9041327,0.53422886,0.7318096,-0.4231478,0.78969705,-0.610646,-0.059075356
1356443016505,-0.30127853,-0.30248114,-0.9042878,0.5345163,0.731768,-0.42285684,0.7896352,-0.61075425,-0.058784902
1356443016544,-0.3040563,-0.30696648,-0.90184337,0.5331839,0.72967297,-0.42812654,0.7894712,-0.61102283,-0.058192074
1356443016583,-0.30734208,-0.31256387,-0.8988018,0.5317272,0.7269001,-0.43460613,0.78918123,-0.6114901,-0.0572083
1356443016625,-0.31156197,-0.31998086,-0.8947298,0.52994114,0.7230538,-0.4431203,0.7887278,-0.61221355,-0.05570501
1356443016663,-0.31702372,-0.32940152,-0.8893765,0.5276428,0.7179686,-0.4539981,0.788092,-0.61320126,-0.053806722
1356443016703,-0.3154694,-0.32890576,-0.8901124,0.5297123,0.7172258,-0.45276052,0.78732705,-0.6143356,-0.05203736
1356443016751,-0.33059874,-0.34937152,-0.8767234,0.5219001,0.70631623,-0.47826523,0.7863362,-0.615676,-0.05117023
1356443016793,-0.3441323,-0.36497965,-0.8650796,0.51473236,0.69722646,-0.49892467,0.7852537,-0.6169806,-0.052071273
1356443016835,-0.35610217,-0.376274,-0.8553415,0.5080634,0.6902649,-0.5151757,0.7842594,-0.6180229,-0.054633737
1356443016873,-0.36661148,-0.38432914,-0.8472822,0.501719,0.6852557,-0.527923,0.78350115,-0.6186402,-0.058397353
1356443016912,-0.37492266,-0.3898262,-0.8411116,0.49609432,0.682089,-0.5372571,0.7831498,-0.6187005,-0.06234002
1356443016953,-0.38044652,-0.39338613,-0.8369634,0.4915353,0.68058753,-0.5433172,0.78336036,-0.6181003,-0.06556404
1356443016994,-0.3831283,-0.39552277,-0.8347302,0.4881053,0.6805196,-0.5464855,0.7841976,-0.61681026,-0.06766951
1356443017034,-0.38257435,-0.39537823,-0.8350527,0.48619026,0.68240094,-0.5458462,0.78565645,-0.6148212,-0.06884003
1356443017073,-0.3817714,-0.39624533,-0.8350092,0.48374668,0.6841495,-0.5458284,0.7875531,-0.6123145,-0.06950635
1356443017115,-0.37988582,-0.39640146,-0.83579457,0.4815281,0.6867188,-0.5445621,0.78982115,-0.60933006,-0.0699963
1356443017153,-0.37768096,-0.39600912,-0.83697903,0.47910032,0.6899394,-0.5426293,0.7923509,-0.60593766,-0.07084888
1356443017195,-0.3764,-0.39535522,-0.8378647,0.47575027,0.6935431,-0.5409803,0.7949746,-0.6022393,-0.072959304
1356443017235,-0.37730756,-0.3947093,-0.837761,0.47082472,0.697232,-0.5405475,0.7974729,-0.5983913,-0.077232
1356443017274,-0.38107517,-0.39416614,-0.8363103,0.4641851,0.70072365,-0.5417737,0.7995712,-0.5946592,-0.08406234
1356443017315,-0.3877471,-0.39369026,-0.8334629,0.4561138,0.7037972,-0.54463726,0.8010072,-0.59133536,-0.09332782
1356443017374,-0.39741105,-0.39329383,-0.8290866,0.4466332,0.7063569,-0.5491619,0.80161303,-0.58854055,-0.10505599
1356443017395,-0.41018957,-0.39290535,-0.82302487,0.43561935,0.7084277,-0.5553071,0.80123675,-0.58630675,-0.11943245
1356443017435,-0.42600518,-0.39225036,-0.8152664,0.4233328,0.70996666,-0.56279355,0.79956794,-0.58488196,-0.13639706
1356443017475,-0.4429705,-0.3903024,-0.80711895,0.411599,0.7112459,-0.5698381,0.7964693,-0.5846309,-0.15441287
1356443017515,-0.45843214,-0.38587064,-0.8005896,0.4025327,0.712974,-0.5741389,0.79234296,-0.5854672,-0.17152464
1356443017554,-0.47007915,-0.3777566,-0.79770017,0.3976032,0.7162534,-0.57349175,0.7879957,-0.5867546,-0.18649852
1356443017595,-0.47713235,-0.36527196,-0.79932547,0.3968931,0.72193575,-0.5668198,0.78410506,-0.58769476,-0.199485
1356443017634,-0.48055154,-0.34847477,-0.80475813,0.39903274,0.7302757,-0.5545001,0.7809246,-0.5875907,-0.21188223
1356443017675,-0.48260874,-0.32826006,-0.81199384,0.40147048,0.74105704,-0.5381969,0.7784023,-0.5857301,-0.22585386
1356443017715,-0.48642433,-0.30664563,-0.8181441,0.40083683,0.75371355,-0.52081263,0.7763512,-0.5812782,-0.24370974
1356443017754,-0.49538043,-0.2868315,-0.8199549,0.39310753,0.76770866,-0.50605327,0.7746384,-0.5730193,-0.26755226
1356443017795,-0.5105973,-0.2715765,-0.8158043,0.37599376,0.78275716,-0.49590307,0.7732523,-0.5599441,-0.29756266
1356443017834,-0.52929443,-0.26185435,-0.8070191,0.35173023,0.7978741,-0.4895741,0.77209675,-0.5429818,-0.33020824
1356443017874,-0.54511815,-0.2559851,-0.7983219,0.3287299,0.81071997,-0.48442718,0.7712217,-0.5265023,-0.35778826
1356443017915,-0.5514838,-0.25093204,-0.79554933,0.31741625,0.81882083,-0.4783089,0.7714353,-0.5162999,-0.37191647
1356443017954,-0.54437965,-0.24429223,-0.8024787,0.323836,0.8212872,-0.4696994,0.77380943,-0.5155663,-0.36798143
1356443017994,-0.52189296,-0.23478833,-0.8200622,0.3480315,0.81910586,-0.45600402,0.7787822,-0.5233928,-0.34577185
1356443018034,-0.48305634,-0.22190255,-0.847004,0.38586515,0.8144022,-0.43342483,0.78598005,-0.53619796,-0.3077777
1356443018075,-0.4293746,-0.20629974,-0.8792485,0.4302507,0.8092557,-0.39998698,0.79405403,-0.5500415,-0.25871325
1356443018115,-0.3661043,-0.18998756,-0.91097325,0.47341853,0.8047624,-0.3580955,0.80115074,-0.56237197,-0.2046833
1356443018154,-0.30051893,-0.17541105,-0.9375069,0.5097923,0.8012114,-0.31332415,0.8061018,-0.5720937,-0.15135598
1356443018195,-0.23937123,-0.16457605,-0.9568783,0.5369992,0.79863274,-0.2716939,0.8089087,-0.57887864,-0.10279244
1356443018253,-0.18778418,-0.15884684,-0.9692805,0.5551768,0.7969069,-0.23815562,0.8102566,-0.58284396,-0.06145841
1356443018273,-0.14880486,-0.1589118,-0.97601444,0.5657834,0.79580534,-0.215831,0.81101555,-0.5843295,-0.028510034
1356443018314,-0.12401976,-0.16518816,-0.9784334,0.57026887,0.7950753,-0.20651549,0.8120421,-0.58358216,-0.0044033527
1356443018359,-0.11357699,-0.17753698,-0.97753817,0.56953126,0.7945648,-0.21047801,0.81408507,-0.580644,0.010868609
1356443018380,-0.11360933,-0.19417827,-0.9743653,0.56554085,0.79368585,-0.22411229,0.81685764,-0.57650465,0.019645631
1356443018420,-0.12652194,-0.21431136,-0.9685365,0.55553603,0.79359335,-0.24817193,0.82181025,-0.5694561,0.01865071
1356443018463,-0.15258005,-0.23971339,-0.95877874,0.5388696,0.79305923,-0.28403604,0.82845557,-0.55999506,0.008169234
1356443018503,-0.18743451,-0.26718813,-0.9452401,0.5175655,0.7910148,-0.3262233,0.8348618,-0.55036914,-0.009976089
1356443018543,-0.22540171,-0.29292354,-0.9291878,0.49727097,0.78555566,-0.36827162,0.8378041,-0.54506713,-0.031403184
1356443018583,-0.2618773,-0.3136392,-0.9127161,0.48371276,0.77570456,-0.40534478,0.83513004,-0.547643,-0.05142814
1356443018623,-0.29369062,-0.32680064,-0.8983024,0.47878265,0.7630792,-0.43413973,0.82735306,-0.55759436,-0.06764269
1356443018663,-0.318013,-0.33034378,-0.8886736,0.48174644,0.75100684,-0.451563,0.81657094,-0.5717182,-0.07968801
1356443018703,-0.33210957,-0.32257387,-0.88636863,0.49208596,0.74243927,-0.45457157,0.80470777,-0.5871371,-0.0878371
1356443018743,-0.33378133,-0.30215365,-0.8929127,0.50982153,0.7388818,-0.4406083,0.79288834,-0.602293,-0.0925805
1356443018785,-0.3213855,-0.2678901,-0.9082656,0.5342927,0.74059486,-0.40749314,0.7818202,-0.61624205,-0.09488475
1356443018825,-0.29494798,-0.21934061,-0.92999756,0.5629889,0.74651814,-0.35461834,0.7720423,-0.6281723,-0.09669769
1356443018865,-0.25994194,-0.158706,-0.9524929,0.5905721,0.7542818,-0.286851,0.76397306,-0.6370803,-0.10234219
1356443018905,-0.23161124,-0.09333339,-0.9683208,0.6093842,0.76197207,-0.21920185,0.75829226,-0.64084893,-0.11960542
1356443018945,-0.2309272,-0.035675794,-0.9723167,0.61293733,0.77076745,-0.17385447,0.75563246,-0.6361169,-0.15612411
1356443018985,-0.26336133,0.0047157705,-0.9646857,0.60077965,0.78320134,-0.16018559,0.7547878,-0.62175024,-0.2090981
1356443019025,-0.30605105,0.02877137,-0.9515802,0.5814725,0.79708743,-0.16291527,0.75380534,-0.6031781,-0.2606792
1356443019065,-0.329523,0.044734865,-0.9430872,0.5687562,0.80670196,-0.16046293,0.75361204,-0.58926296,-0.29127008
1356443019105,-0.32020643,0.059815377,-0.94545746,0.5705632,0.808873,-0.14206348,0.7562574,-0.5849329,-0.2931348
1356443019145,-0.27921993,0.076847225,-0.9571472,0.5851551,0.8039431,-0.10615525,0.7613341,-0.58972025,-0.26944447
1356443019185,-0.21483636,0.09517515,-0.9720016,0.6053037,0.7940196,-0.056039304,0.76645476,-0.60039544,-0.22819412
1356443019225,-0.13886672,0.11199331,-0.9839581,0.62297857,0.7822381,0.0011123419,0.76981413,-0.61283034,-0.17839628
1356443019265,-0.0634948,0.12408024,-0.9902386,0.6329054,0.7721885,0.0561755,0.77162117,-0.6231605,-0.12756103
1356443019305,0.0021919236,0.12938896,-0.99159145,0.6340271,0.76662916,0.10143602,0.7733077,-0.6289183,-0.080355704
1356443019374,0.052978218,0.12714589,-0.9904682,0.62846226,0.766555,0.13201751,0.7760338,-0.62946594,-0.039295673
1356443019385,0.0858295,0.11708373,-0.9894062,0.61904734,0.7718445,0.14503947,0.78064954,-0.624938,-0.0062333345
1356443019423,0.09741187,0.097901136,-0.99041724,0.6089537,0.78126407,0.13711996,0.78720164,-0.61647534,0.016487122
1356443019465,0.08562839,0.06986374,-0.99387467,0.5983058,0.7940422,0.10736439,0.7966794,-0.6038344,0.026192665
1356443019505,0.05055786,0.032700866,-0.99818563,0.58640945,0.80806464,0.05617395,0.80843544,-0.58818555,0.021677911
1356443019545,-1.16080046E-4,-0.009689689,-0.9999531,0.5735505,0.81913114,-0.008004069,0.8191702,-0.57352453,0.0054624677
1356443019585,-0.053587645,-0.050559938,-0.9972823,0.5637969,0.82276845,-0.07200737,0.82417315,-0.56612337,-0.015584707
1356443019625,-0.10033182,-0.08428259,-0.99137783,0.5620907,0.81736374,-0.12637477,0.82096744,-0.56992364,-0.0346331
1356443019665,-0.13675252,-0.10763517,-0.9847404,0.5685805,0.8054975,-0.16700304,0.8111813,-0.58274215,-0.048954606
1356443019705,-0.16082688,-0.11795427,-0.979909,0.57999575,0.7920249,-0.19052956,0.7985861,-0.5989853,-0.05896592
1356443019745,-0.16907236,-0.11186689,-0.9792345,0.5943911,0.7809583,-0.19184215,0.786202,-0.61448354,-0.06554574
1356443019785,-0.15704685,-0.08540648,-0.9838913,0.6119906,0.77349806,-0.1648281,0.77511543,-0.6280179,-0.06920749
1356443019825,-0.119742304,-0.033989787,-0.992223,0.63282853,0.76745605,-0.10266039,0.764977,-0.6401998,-0.070387304
1356443019865,-0.051983863,0.046957046,-0.99754333,0.65386724,0.7566078,0.0015413463,0.7548214,-0.6521808,-0.07003504
1356443019905,0.0457763,0.1572065,-0.98650426,0.66650224,0.7307891,0.14738387,0.7440962,-0.664254,-0.07132566
1356443019945,0.15287912,0.2814333,-0.9473243,0.66134787,0.6831651,0.30968454,0.73433435,-0.6738552,-0.081683636
1356443019985,0.22434568,0.3887524,-0.89361095,0.645974,0.6272534,0.43505254,0.72964823,-0.67485166,-0.110402346
1356443020025,0.22304767,0.45579177,-0.86168647,0.64271325,0.5958492,0.48154274,0.7329184,-0.66122437,-0.16004062
1356443020065,0.16141808,0.4839586,-0.8600745,0.6514206,0.6024215,0.46123692,0.74134696,-0.6347223,-0.21801889
1356443020105,0.09254071,0.49224827,-0.8655217,0.65459144,0.62493193,0.4254059,0.7502975,-0.6059305,-0.26438987
1356443020145,0.066450655,0.50543714,-0.86030084,0.6485232,0.6333716,0.4222062,0.7582888,-0.585981,-0.28569978
1356443020185,0.096346974,0.53387,-0.8400596,0.6356591,0.61645633,0.46467102,0.76593393,-0.5787611,-0.27996558
1356443020225,0.16931075,0.5720914,-0.8025243,0.61072,0.57819957,0.54102343,0.77353406,-0.58171874,-0.25149226
1356443020265,0.25722268,0.60598445,-0.75274116,0.57013977,0.5337665,0.6245269,0.78024167,-0.5898102,-0.20819902
1356443020305,0.33555102,0.6265997,-0.7034048,0.5207346,0.49886125,0.6928008,0.7850102,-0.5987572,-0.15889877
1356443020372,0.39330512,0.6331427,-0.6666644,0.4742118,0.4815132,0.73706734,0.7876765,-0.6060325,-0.110862136
1356443020385,0.43112722,0.6289687,-0.64693713,0.43788743,0.4810504,0.75950325,0.78891313,-0.61072814,-0.06802356
1356443020423,0.4506468,0.6157447,-0.64635587,0.4164798,0.4954011,0.7623138,0.7895961,-0.6127284,-0.033194363
1356443020463,0.45295352,0.59429073,-0.6645687,0.41137898,0.5219995,0.7471839,0.79094905,-0.61182916,-0.008037269
1356443020505,0.4350916,0.56192964,-0.7035129,0.423751,0.5616087,0.71065515,0.79443717,-0.6073144,0.006232977
1356443020545,0.39282513,0.5138932,-0.76262856,0.45205668,0.6142702,0.64677423,0.80083287,-0.5988205,0.008991957
1356443020585,0.32747322,0.44811413,-0.83183837,0.48897794,0.67294663,0.5550166,0.8084936,-0.58850366,0.0012540817
1356443020625,0.2511997,0.3717503,-0.8937004,0.52497864,0.7233801,0.4484626,0.8132011,-0.5818273,-0.013448119
1356443020665,0.18186036,0.29967618,-0.93654734,0.5562184,0.7540659,0.34929317,0.81089324,-0.58444744,-0.029550672
1356443020705,0.13022053,0.24425624,-0.9609274,0.584057,0.76427716,0.27341887,0.80119914,-0.5968411,-0.043134987
1356443020745,0.09964824,0.21255083,-0.97205573,0.6083662,0.76003486,0.22855544,0.78737587,-0.614141,-0.053572595
1356443020785,0.095589936,0.21191365,-0.97260225,0.62739664,0.7457423,0.2241469,0.77281046,-0.6316336,-0.061668456
1356443020825,0.12973133,0.2528602,-0.9587656,0.63734525,0.7194599,0.27598655,0.7595794,-0.64686877,-0.067822754
1356443020865,0.2100102,0.33851796,-0.91722476,0.6294652,0.6710307,0.39177972,0.7481104,-0.6596388,-0.07216197
1356443020904,0.32932693,0.45508847,-0.8273079,0.588861,0.58592606,0.55671656,0.73809654,-0.6705111,-0.07502264
1356443020945,0.45370555,0.5653076,-0.68889666,0.51253164,0.46686327,0.7206594,0.72901475,-0.68004847,-0.0779196
1356443020984,0.5460056,0.64027554,-0.54030097,0.4262969,0.34285378,0.8370915,0.72121346,-0.68738526,-0.08574739
1356443021025,0.5885663,0.6810502,-0.4356149,0.37352276,0.24878943,0.8936356,0.716987,-0.6886758,-0.107958704
1356443021065,0.58588415,0.7078815,-0.3945169,0.37439948,0.19531599,0.9064638,0.7187244,-0.6787897,-0.15059796
1356443021105,0.54685694,0.7318534,-0.40661794,0.41861445,0.18158868,0.8898244,0.72505826,-0.6568228,-0.20706141
1356443021145,0.4938901,0.7518748,-0.43675727,0.4693818,0.1922875,0.8618041,0.7319518,-0.6306424,-0.25794747
1356443021185,0.45817822,0.7652924,-0.45210645,0.4953107,0.20252317,0.844779,0.738065,-0.61099255,-0.28626585
1356443021225,0.45440125,0.77237374,-0.44379997,0.48902255,0.20012951,0.8490024,0.74456465,-0.6028159,-0.28676903
1356443021265,0.4746429,0.7731783,-0.4206062,0.45721167,0.19175276,0.8684402,0.7521115,-0.604505,-0.26249203
1356443021305,0.50387216,0.768189,-0.39496648,0.4107843,0.18913037,0.8919002,0.7598481,-0.61164975,-0.22026247
1356443021375,0.5314617,0.75906914,-0.37598217,0.36156482,0.19811457,0.9110552,0.7660414,-0.6201328,-0.16916236
1356443021384,0.55366206,0.7475566,-0.36690253,0.31760126,0.217731,0.9228882,0.76979727,-0.6274969,-0.11687553
1356443021422,0.5688871,0.7347399,-0.3694926,0.2844349,0.24577555,0.9266559,0.77166337,-0.63225913,-0.06916717
1356443021463,0.57741815,0.72129226,-0.38252556,0.263249,0.279022,0.923497,0.7728443,-0.6339434,-0.028767139
1356443021503,0.5795387,0.70747447,-0.4044932,0.2539432,0.3148579,0.9145367,0.77436924,-0.63272774,0.002813995
1356443021543,0.57432926,0.69323635,-0.43539554,0.25702903,0.35226092,0.8999157,0.7772271,-0.6287571,0.024131894
1356443021583,0.5592246,0.67792827,-0.47715944,0.27377367,0.39226145,0.8781679,0.78250617,-0.6217268,0.03376335
1356443021623,0.5313399,0.6597426,-0.53142977,0.30466068,0.4365286,0.8465369,0.79048073,-0.6117046,0.030947417
1356443021663,0.49149632,0.63653356,-0.5943537,0.3460759,0.4835174,0.80401635,0.7991638,-0.6008626,0.017358094
1356443021703,0.448529,0.6090952,-0.65408313,0.38953173,0.52544487,0.75642097,0.804417,-0.5940629,-0.0015846491
1356443021751,0.41649076,0.58338684,-0.697277,0.42845115,0.5505018,0.71650356,0.801851,-0.59716624,-0.020673811
1356443021784,0.39925128,0.5649256,-0.7221201,0.4579133,0.55948186,0.6908658,0.79430085,-0.60649747,-0.03531307
1356443021825,0.40072015,0.5585574,-0.72624856,0.47696173,0.54961455,0.68588006,0.7822601,-0.6212387,-0.046168864
1356443021865,0.42048064,0.5676147,-0.7078203,0.48164228,0.52149594,0.70431715,0.7689061,-0.63706785,-0.054108262
1356443021904,0.45698723,0.5907626,-0.6649528,0.46866024,0.4754682,0.7445049,0.7559896,-0.6518662,-0.05958408
1356443021945,0.50617504,0.6224272,-0.59696835,0.43635523,0.41222218,0.7997918,0.7438958,-0.6653249,-0.06294277
1356443021985,0.5601857,0.654393,-0.5078995,0.38658506,0.33574644,0.8589682,0.7326282,-0.67752796,-0.06489819
1356443022025,0.60826856,0.6784876,-0.4119029,0.3292815,0.25647843,0.9087312,0.72220707,-0.68838465,-0.06740564
1356443022065,0.6416926,0.69364476,-0.32724234,0.2804134,0.18494785,0.94189304,0.71386194,-0.69616896,-0.07582763
1356443022105,0.6541491,0.7062933,-0.27062643,0.25833583,0.12764898,0.9575846,0.71088076,-0.69631565,-0.09895939
1356443022145,0.64248824,0.7247628,-0.24885295,0.27304277,0.08691293,0.9580677,0.7160003,-0.68349475,-0.14205068
1356443022183,0.60883206,0.7510487,-0.25543964,0.31708136,0.06476766,0.9461842,0.72717464,-0.6570625,-0.19871092
1356443022222,0.5671396,0.7775498,-0.27160436,0.36458498,0.05869252,0.92931855,0.7385326,-0.62607634,-0.25019613
1356443022263,0.53544384,0.796081,-0.2820548,0.3931468,0.060634498,0.91747427,0.7474861,-0.60214496,-0.28051034
1356443022303,0.52288675,0.80415475,-0.2827092,0.39555228,0.064881355,0.9161489,0.75506806,-0.5908685,-0.28415963
1356443022378,0.532475,0.8013432,-0.2726159,0.36606523,0.07238373,0.92776984,0.76319504,-0.5938094,-0.2548014
1356443022383,0.5430513,0.7952157,-0.26967984,0.33570576,0.088772714,0.93777454,0.7696733,-0.5997927,-0.21875036
1356443022410,0.5551316,0.7876577,-0.26725298,0.30362815,0.107235245,0.94673675,0.77436346,-0.60670906,-0.17962536
1356443022453,0.5711797,0.77780044,-0.26226005,0.26372766,0.12866876,0.9559771,0.77730405,-0.6151999,-0.13163456
1356443022494,0.58549213,0.7675657,-0.2608482,0.22597998,0.15448254,0.9618046,0.7785448,-0.62207556,-0.08300617
1356443022533,0.59578466,0.75871146,-0.26343414,0.19411954,0.18224436,0.9639007,0.7793319,-0.62541497,-0.03870231
1356443022573,0.60119224,0.7521728,-0.26982197,0.17002141,0.20952407,0.96290827,0.7808076,-0.6247684,-0.0019212663
1356443022613,0.60196376,0.7481959,-0.27900282,0.15413576,0.23395604,0.9599514,0.78350616,-0.62086034,0.025509328
1356443022653,0.5983929,0.74678123,-0.29024768,0.1464993,0.2541739,0.9559987,0.7876953,-0.6145839,0.04269293
1356443022694,0.59023917,0.74791133,-0.30372095,0.14725965,0.27017492,0.95148313,0.7936828,-0.6063285,0.04933065
1356443022734,0.5772599,0.75126696,-0.31995162,0.15697604,0.28242075,0.94635993,0.80132985,-0.59652036,0.04509926
1356443022775,0.56094456,0.75569767,-0.33802706,0.17572474,0.29032168,0.94065624,0.8089883,-0.58705574,0.030059576
1356443022815,0.54689276,0.7590142,-0.35327852,0.19978452,0.2914654,0.93548596,0.8130156,-0.58219016,0.0077610314
1356443022854,0.541911,0.7594812,-0.35989,0.22289088,0.2830085,0.932859,0.81034076,-0.5857428,-0.01591602
1356443022895,0.5485906,0.7567635,-0.35546783,0.24036884,0.2644547,0.9339628,0.8007941,-0.5978066,-0.03682503
1356443022935,0.5626796,0.7519065,-0.34355235,0.25133237,0.240313,0.9375936,0.7875428,-0.61391056,-0.053759217
1356443022975,0.578633,0.7462155,-0.32915998,0.2574038,0.21587276,0.9418823,0.77390385,-0.62973124,-0.06716758
1356443023015,0.5933728,0.7405827,-0.31535053,0.2602087,0.19425374,0.9458102,0.76170874,-0.643275,-0.077441186
1356443023055,0.6061684,0.735316,-0.3031013,0.2608058,0.17625222,0.94916576,0.751359,-0.6544048,-0.08493617
1356443023095,0.6172677,0.7302986,-0.29265085,0.2604093,0.1613558,0.9519198,0.7424066,-0.66379833,-0.09057683
1356443023135,0.62634766,0.7255641,-0.2850356,0.26202178,0.14841935,0.95358074,0.7341888,-0.67195857,-0.09715152
1356443023175,0.6302288,0.72275496,-0.28361428,0.27251646,0.1361278,0.9524727,0.72701204,-0.6775652,-0.11117095
1356443023215,0.6220932,0.72589934,-0.29337707,0.30106553,0.12411481,0.9454919,0.72274446,-0.67650986,-0.1413323
1356443023255,0.5958896,0.7380151,-0.31662172,0.35083836,0.11541033,0.92929703,0.72237664,-0.6648415,-0.19015223
1356443023294,0.5539038,0.75562704,-0.34959733,0.41164732,0.11643219,0.903875,0.7236967,-0.6445706,-0.24655959
1356443023353,0.5077216,0.77023447,-0.38595033,0.46586338,0.13138384,0.87504834,0.7247,-0.6240811,-0.29211757
1356443023419,0.4704486,0.7746865,-0.42253858,0.50126153,0.15947121,0.8504739,0.7262334,-0.6119065,-0.31329757
1356443023420,0.44899762,0.7667463,-0.45880422,0.5154116,0.19719559,0.8339453,0.7298986,-0.61091244,-0.30664963
1356443023440,0.4332611,0.75026745,-0.4993832,0.52258104,0.24231046,0.8174318,0.7342982,-0.6151296,-0.28709185
1356443023470,0.42780578,0.72756314,-0.5363153,0.52025056,0.28700602,0.80434257,0.73913574,-0.6231207,-0.2557323
1356443023511,0.43858287,0.6969133,-0.5674126,0.50323933,0.3326526,0.7975541,0.7445773,-0.6353379,-0.20481843
1356443023554,0.4508027,0.65887475,-0.6022133,0.48556843,0.3850924,0.78481025,0.7489994,-0.6462104,-0.14632809
1356443023593,0.45786554,0.6171238,-0.63993543,0.47304732,0.44034064,0.7631031,0.7527186,-0.6521183,-0.090311944
1356443023633,0.45579293,0.57411444,-0.68018043,0.46791014,0.49551556,0.7317954,0.75717425,-0.65181047,-0.04278153
1356443023673,0.44291285,0.53055334,-0.72273195,0.4703295,0.54879266,0.6910983,0.76329446,-0.64601845,-0.006467581
1356443023713,0.4198266,0.48659077,-0.766143,0.4786686,0.5984881,0.6424083,0.7711174,-0.63642865,0.018345475
1356443023753,0.38755864,0.44225118,-0.80883384,0.49088266,0.6436565,0.5871461,0.78027725,-0.62459606,0.03236121
1356443023793,0.34648797,0.3973413,-0.8497446,0.5052097,0.68421423,0.52594113,0.79038554,-0.6115315,0.036331296
1356443023833,0.29573935,0.35147887,-0.88825715,0.5202062,0.7206268,0.4583476,0.80120134,-0.5976283,0.03027618
1356443023873,0.23467311,0.30386344,-0.923361,0.5345994,0.7529956,0.3836679,0.81186944,-0.5836648,0.014262617
1356443023915,0.16784793,0.25433952,-0.9524382,0.5476494,0.77928853,0.30461368,0.81969947,-0.572731,-0.008486927
1356443023955,0.10506821,0.20469096,-0.9731713,0.56109595,0.7957448,0.22795078,0.8210555,-0.5699929,-0.031243801
1356443023995,0.053661823,0.15754977,-0.986052,0.57743895,0.8007293,0.15936396,0.8146685,-0.57793665,-0.048006773
1356443024035,0.014078669,0.115632236,-0.9931923,0.59641093,0.79627913,0.10116093,0.8025558,-0.593775,-0.0577538
1356443024075,-0.01600951,0.081347644,-0.9965572,0.61506337,0.78660375,0.05432853,0.7883151,-0.61207604,-0.06262708
1356443024115,-0.036646403,0.057531208,-0.9976709,0.6314944,0.7750823,0.021499485,0.77451396,-0.62923574,-0.06473458
1356443024155,-0.04591468,0.046766013,-0.9978501,0.6459037,0.76339483,0.0060575306,0.762037,-0.6442369,-0.06525737
1356443024195,-0.04184427,0.050617278,-0.9978412,0.6593017,0.7518054,0.010489017,0.7507133,-0.6574395,-0.06483078
1356443024235,-0.024038233,0.069170386,-0.99731517,0.6721761,0.7395592,0.035091877,0.74000096,-0.66952795,-0.064272344
1356443024275,0.00250981,0.09997028,-0.9949873,0.6835856,0.7260405,0.07467246,0.7298661,-0.68034637,-0.06651604
1356443024315,0.022410564,0.1361199,-0.9904389,0.6913875,0.7134813,0.11370051,0.72213656,-0.6873251,-0.07812208
1356443024354,0.010275312,0.16447511,-0.98632765,0.69368184,0.7092639,0.12549993,0.7202083,-0.68548715,-0.1068055
1356443024393,-0.05582667,0.1693987,-0.98396516,0.6852273,0.7232767,0.085641444,0.72618663,-0.6694587,-0.15645474
1356443024432,-0.149961,0.14953071,-0.9773189,0.66148096,0.74984527,0.013228565,0.7348161,-0.64449406,-0.21135926
1356443024473,-0.23731261,0.1139788,-0.9647236,0.62666124,0.77679133,-0.062377304,0.7422793,-0.6193578,-0.25576848
1356443024513,-0.29197717,0.07579139,-0.9534175,0.5967741,0.79343325,-0.119684175,0.74740213,-0.60392,-0.27689475
1356443024553,-0.30746186,0.044560224,-0.95051646,0.58373594,0.7976987,-0.15142392,0.7514782,-0.60140765,-0.27127331
1356443024593,-0.286493,0.025019795,-0.95775557,0.58937275,0.79273677,-0.15558986,0.75535524,-0.60905045,-0.2418595
1356443024633,-0.23511541,0.018532217,-0.9717908,0.6081207,0.7827592,-0.13220158,0.7582282,-0.62204874,-0.19530857
1356443024675,-0.16586825,0.021025836,-0.98592377,0.6297565,0.7716203,-0.08949238,0.75887716,-0.63573587,-0.14122844
1356443024715,-0.095630385,0.024774998,-0.9951085,0.6453574,0.7626678,-0.043031156,0.75787115,-0.6463157,-0.08892298
1356443024754,-0.041539185,0.020784855,-0.9989207,0.65160114,0.7584774,-0.0113143325,0.75742364,-0.65136784,-0.045049965
1356443024795,-0.011020094,0.0054317117,-0.9999246,0.65043044,0.75955975,-0.0030422807,0.759486,-0.6504149,-0.011903346
1356443024835,-0.0040536374,-0.021317244,-0.99976456,0.64490366,0.76403,-0.01890567,0.76425314,-0.64482844,0.010650456
1356443024875,-0.015430406,-0.05566272,-0.9983303,0.6364801,0.76948786,-0.05274102,0.7711387,-0.6362312,0.023554742
1356443024914,-0.039634332,-0.09361932,-0.99481887,0.62505364,0.7744331,-0.097782075,0.77957493,-0.62569064,0.027822912
1356443024955,-0.07298274,-0.13225918,-0.9885246,0.60976034,0.77842236,-0.14916728,0.78921837,-0.6136498,0.023835003
1356443024995,-0.11195336,-0.16911173,-0.9792178,0.59165126,0.78037006,-0.20241371,0.7983828,-0.60201645,0.012690127
1356443025035,-0.1528799,-0.2017283,-0.9674365,0.5751615,0.7779017,-0.25309715,0.8036273,-0.5951257,-0.00289917
1356443025075,-0.19202754,-0.22782363,-0.95457935,0.5663985,0.76860845,-0.2973784,0.8014475,-0.5977771,-0.018554986
1356443025115,-0.226442,-0.24547772,-0.94258404,0.5678888,0.75295013,-0.33251828,0.7913445,-0.6105791,-0.031095445
1356443025155,-0.2527858,-0.25244075,-0.9340091,0.57730675,0.735324,-0.35498655,0.77641237,-0.62894535,-0.04014373
1356443025195,-0.26691878,-0.2459855,-0.93179697,0.59212255,0.7209895,-0.3599514,0.76035863,-0.6478158,-0.04679209
1356443025235,-0.2626521,-0.22149406,-0.9391241,0.6119761,0.71424687,-0.33961248,0.7459886,-0.6639215,-0.05204934
1356443025275,-0.2354738,-0.17549334,-0.9559049,0.6367598,0.71519345,-0.28815833,0.73422676,-0.6765356,-0.056662202
1356443025315,-0.17979346,-0.10252324,-0.9783472,0.6647644,0.7204293,-0.19766097,0.7250948,-0.68590856,-0.061374664
1356443025354,-0.09673531,-0.0029435158,-0.9953058,0.6890426,0.7214188,-0.069102675,0.7182356,-0.6924927,-0.06775844
1356443025393,-0.005760342,0.109776765,-0.99393964,0.7000325,0.7102264,0.07438478,0.71408796,-0.6953615,-0.08093846
1356443025432,0.06383118,0.21620616,-0.974259,0.6972827,0.6887541,0.1985317,0.7139486,-0.6920064,-0.10679281
1356443025475,0.06289506,0.28315565,-0.95700943,0.6912806,0.6792735,0.24641159,0.719844,-0.6770601,-0.15301704
1356443025513,-0.002365172,0.3113762,-0.9502837,0.6841938,0.6935463,0.225549,0.7292964,-0.6496448,-0.21468204
1356443025555,-0.086776495,0.31688368,-0.9444864,0.67011786,0.72009146,0.1800288,0.73716474,-0.6172949,-0.27483642
1356443025594,-0.13882387,0.32312164,-0.93611985,0.65624416,0.73794913,0.15739967,0.74166805,-0.5924724,-0.31449163
1356443025635,-0.1355539,0.344317,-0.9290161,0.6526128,0.73654485,0.17775874,0.7454674,-0.58219194,-0.32454723
1356443025675,-0.0797863,0.38028437,-0.92142177,0.65573233,0.7162272,0.23881742,0.7507658,-0.5851517,-0.30650985
1356443025715,0.015398622,0.4237603,-0.9056435,0.65333855,0.68138826,0.32993758,0.7569093,-0.59677243,-0.26636648
1356443025755,0.12796006,0.4635658,-0.8767742,0.635389,0.64047486,0.4313615,0.7615162,-0.6122897,-0.21258944
1356443025795,0.2346417,0.49135935,-0.8387546,0.60217834,0.6038754,0.52222186,0.7631019,-0.6276149,-0.15419161
1356443025835,0.31974378,0.504736,-0.80187625,0.56261855,0.57981396,0.5893014,0.76238066,-0.6395759,-0.09858191
1356443025875,0.37761325,0.5054434,-0.7758448,0.5270831,0.57155687,0.6288927,0.76130915,-0.6464129,-0.050583243
1356443025914,0.40902886,0.49617368,-0.76583755,0.5026184,0.57797086,0.6429032,0.7616234,-0.64789,-0.012979269
1356443025955,0.4159584,0.47859803,-0.77325445,0.49213442,0.59656113,0.6339704,0.7647106,-0.6442504,0.012610018
1356443025995,0.40001678,0.45277262,-0.7968585,0.4950841,0.62493366,0.60361373,0.77128345,-0.6359676,0.025823414
1356443026034,0.3638413,0.41876903,-0.8320168,0.50735354,0.6600077,0.5540597,0.7811606,-0.62371653,0.027674079
1356443026075,0.31026554,0.37675244,-0.87280744,0.524158,0.69815284,0.48768944,0.79309124,-0.60880226,0.019134939
1356443026115,0.24724719,0.3296991,-0.9111352,0.5412787,0.73293406,0.41209838,0.8036704,-0.5950682,0.0027567744
1356443026155,0.18728992,0.28458896,-0.94017637,0.5578902,0.75695384,0.34026378,0.8085054,-0.5882432,-0.016999602
1356443026195,0.14244384,0.24971806,-0.9577843,0.57632184,0.76577896,0.28536946,0.804713,-0.5926411,-0.034837484
1356443026235,0.11804366,0.23083475,-0.96580595,0.59747005,0.76034874,0.2547536,0.7931554,-0.6071121,-0.04816252
1356443026275,0.11499512,0.23145983,-0.9660241,0.61840653,0.7443698,0.25196624,0.77739924,-0.62637043,-0.057537377
1356443026315,0.13554007,0.25526565,-0.95732355,0.6341814,0.7200112,0.2817763,0.7612114,-0.64530873,-0.06429434
1356443026354,0.18293348,0.30413222,-0.9349005,0.6397194,0.6852641,0.34809804,0.7465216,-0.6617528,-0.06920153
1356443026393,0.25707528,0.37525493,-0.8905594,0.6288652,0.6347636,0.44900304,0.73378533,-0.67546934,-0.07280272
1356443026432,0.35001963,0.45930055,-0.81641245,0.59556574,0.56360275,0.57241017,0.7230406,-0.68658215,-0.07627165
1356443026473,0.43424168,0.5333776,-0.72590804,0.5487452,0.48243418,0.6827416,0.7143619,-0.69481343,-0.08319533
1356443026513,0.49034038,0.5907804,-0.6407378,0.50665784,0.4049619,0.76111996,0.7091291,-0.6978427,-0.10075432
1356443026553,0.5054286,0.63427407,-0.5850113,0.4910744,0.34603262,0.7994419,0.7094982,-0.6913449,-0.13658097
1356443026593,0.4829718,0.6713059,-0.56221586,0.5057504,0.31027907,0.8049493,0.714811,-0.6731087,-0.18965715
1356443026633,0.44451988,0.7037524,-0.5541973,0.5318302,0.29049563,0.79546773,0.7208042,-0.6483401,-0.24514568
1356443026673,0.41872603,0.7292272,-0.5411988,0.54688525,0.27327925,0.79135007,0.7249724,-0.6273325,-0.28437448
1356443026713,0.42021093,0.7456192,-0.5171796,0.5409334,0.25177547,0.80249625,0.72856975,-0.6169774,-0.2975315
1356443026753,0.44400087,0.75215906,-0.4869496,0.51460403,0.23083457,0.82577115,0.7335161,-0.6172294,-0.28457338
1356443026794,0.47737253,0.74996054,-0.4579025,0.47391653,0.21908057,0.8528815,0.739945,-0.62414974,-0.25083566
1356443026835,0.5117062,0.7413272,-0.43427035,0.42575055,0.2202385,0.8776283,0.7462528,-0.6339787,-0.20292306
1356443026875,0.5414915,0.728778,-0.41912955,0.3786602,0.23369122,0.8955473,0.75060207,-0.64363885,-0.14941743
1356443026914,0.56377923,0.7145801,-0.4141598,0.33936542,0.25674132,0.9049393,0.75298357,-0.6507374,-0.09775835
1356443026954,0.57695,0.7002487,-0.42045254,0.31180263,0.28695834,0.90577805,0.75492233,-0.6536869,-0.05277878
1356443026995,0.58075035,0.68615353,-0.43808943,0.29727378,0.3222331,0.89877367,0.7578637,-0.6521956,-0.01683852
1356443027035,0.5762312,0.6717098,-0.46557888,0.29503447,0.3602878,0.8849562,0.76217604,-0.64730114,0.009431511
1356443027075,0.5642078,0.6563604,-0.50085986,0.30358517,0.3992136,0.8651384,0.7677927,-0.6401714,0.025978148
1356443027115,0.5441608,0.6396936,-0.54284537,0.32188824,0.43832934,0.8391993,0.7747755,-0.63139486,0.032611758
1356443027155,0.514799,0.6213224,-0.59071183,0.34891373,0.47753903,0.80635947,0.78309715,-0.6212205,0.029048681
1356443027195,0.4768157,0.6007053,-0.64171636,0.38237372,0.5156076,0.7667719,0.7914778,-0.61098444,0.016155839
1356443027235,0.4364568,0.57788235,-0.6896067,0.41799244,0.54849285,0.7241809,0.7967357,-0.60432404,-0.0021570325
1356443027275,0.40317506,0.5544632,-0.7280251,0.45180804,0.5712253,0.6852527,0.7958137,-0.6052044,-0.020207107
1356443027315,0.38170522,0.5326484,-0.755372,0.48211816,0.582525,0.65439034,0.7885831,-0.61396277,-0.034446657
1356443027355,0.3698796,0.5139302,-0.7739928,0.5083443,0.58536524,0.6316119,0.7776729,-0.62707514,-0.04473883
1356443027394,0.364512,0.49949625,-0.7858973,0.52985024,0.58277047,0.6161472,0.76576096,-0.6410009,-0.05223137
1356443027432,0.36389187,0.49054974,-0.79179764,0.5455492,0.57676125,0.608048,0.754956,-0.65322834,-0.05774033
1356443027474,0.3680027,0.48700964,-0.7920831,0.5558882,0.567633,0.6072735,0.74536055,-0.6637879,-0.061832428
1356443027513,0.37645903,0.48821402,-0.78735363,0.56200993,0.55528355,0.6130294,0.73649406,-0.673281,-0.065339625
1356443027553,0.38549596,0.49199128,-0.78060067,0.5671563,0.540963,0.6210416,0.72782314,-0.6821316,-0.07049692
1356443027594,0.3857709,0.4965601,-0.77756596,0.57685924,0.52791715,0.62332726,0.7200099,-0.68900764,-0.082790256
1356443027635,0.3625666,0.5019065,-0.7852613,0.59693253,0.52199894,0.6092526,0.71569335,-0.68964267,-0.11034495
1356443027675,0.3053183,0.50740796,-0.8058027,0.6266447,0.5301003,0.5712357,0.7170057,-0.6793607,-0.15611517
1356443027715,0.21990246,0.508859,-0.8322893,0.6556125,0.554679,0.5123509,0.7223677,-0.6583265,-0.21163905
1356443027755,0.13150555,0.50073373,-0.8555536,0.67255557,0.58897114,0.44808707,0.72826874,-0.63433325,-0.2593183
1356443027795,0.06580657,0.481693,-0.8738657,0.6764068,0.62230647,0.39396513,0.7335825,-0.61701417,-0.28486854
1356443027835,0.032319367,0.45346433,-0.89068824,0.67285436,0.6490966,0.35488102,0.73906857,-0.61077297,-0.28413707
1356443027874,0.02676779,0.41774806,-0.9081685,0.6665501,0.6695932,0.32765213,0.74497956,-0.61411035,-0.26052648
1356443027914,0.04154247,0.37609863,-0.925648,0.6595012,0.68562865,0.30817473,0.7505548,-0.6232682,-0.21955472
1356443027955,0.06648445,0.33000743,-0.9416342,0.65295255,0.6992042,0.2911468,0.75447524,-0.63419914,-0.168993
1356443027995,0.091115296,0.28194624,-0.95509386,0.64785254,0.71159923,0.2718706,0.756297,-0.64353156,-0.11782199
1356443028035,0.10915443,0.234898,-0.96587175,0.6440244,0.7234432,0.2487219,0.75717765,-0.649194,-0.07231301
1356443028075,0.11771983,0.19080755,-0.9745433,0.6406344,0.7352519,0.22134165,0.7587685,-0.6503823,-0.03568417
1356443028115,0.116615206,0.15073189,-0.9816724,0.6369276,0.74704957,0.19036861,0.76205254,-0.6474542,-0.008887947
1356443028155,0.10692826,0.1151216,-0.9875796,0.6322873,0.7586802,0.1568986,0.76731944,-0.6412109,0.008334458
1356443028195,0.09005634,0.08388886,-0.9923973,0.62600875,0.77022684,0.12191638,0.7745985,-0.63222885,0.016848624
1356443028235,0.06712794,0.056652576,-0.99613464,0.61750853,0.78184,0.08607805,0.7836945,-0.62089986,0.017499864
1356443028275,0.038845897,0.032907546,-0.9987031,0.6077163,0.7925941,0.049754083,0.7932035,-0.60886097,0.0107905865
1356443028315,0.0073299706,0.011893362,-0.99990237,0.6006688,0.79937696,0.0139115155,0.79946434,-0.6007122,-0.0012845397
1356443028355,-0.024045683,-0.0068757236,-0.99968725,0.6015873,0.7985576,-0.01996249,0.79844505,-0.6018792,-0.015065491
1356443028393,-0.052975275,-0.023489594,-0.99831945,0.6129816,0.78844434,-0.051079005,0.7883192,-0.6146574,-0.02736932
1356443028433,-0.07795718,-0.037263334,-0.99626005,0.62874264,0.7736777,-0.07813704,0.77369595,-0.6324825,-0.036884725
1356443028473,-0.097796276,-0.046058506,-0.99414015,0.6457057,0.75719357,-0.098600596,0.7572979,-0.6515647,-0.04431051
1356443028523,-0.111040846,-0.047935188,-0.99265915,0.66346633,0.7400826,-0.10995504,0.73992056,-0.67080545,-0.050376058
1356443028563,-0.110605404,-0.037445277,-0.9931588,0.67939746,0.7264977,-0.10305396,0.7253865,-0.6861479,-0.054914355
1356443028603,-0.10070123,-0.019250274,-0.9947305,0.6932704,0.7157614,-0.08403459,0.7136073,-0.6980796,-0.05873239
1356443028643,-0.08364308,0.0076295435,-0.9964666,0.7049508,0.7072159,-0.053758472,0.7043069,-0.7069565,-0.06453216
1356443028683,-0.06984264,0.041855663,-0.9966796,0.7124293,0.70144546,-0.020466387,0.6982598,-0.7114931,-0.078810036
1356443028744,-0.07615793,0.08020583,-0.99386466,0.71252966,0.70163906,0.0020231307,0.69749653,-0.708004,-0.11058438
1356443028763,-0.114353,0.11635852,-0.98660225,0.70269656,0.7114854,0.0024649203,0.70223993,-0.6930002,-0.16312522
1356443028804,-0.17533228,0.14261976,-0.9741244,0.683553,0.7297212,-0.016195297,0.7085294,-0.66870517,-0.22543186
1356443028840,-0.23205352,0.15519214,-0.9602429,0.6620438,0.74844825,-0.03902796,0.71263534,-0.64477956,-0.27642405
1356443028870,-0.2706135,0.15596907,-0.9499695,0.64474785,0.7621509,-0.058534026,0.71489054,-0.6283309,-0.306809
1356443028911,-0.2720884,0.15310766,-0.95001364,0.6405359,0.76557523,-0.06006962,0.71810985,-0.6248621,-0.3063751
1356443028953,-0.24556309,0.14526424,-0.9584347,0.6453289,0.76227933,-0.04980731,0.7233597,-0.6307365,-0.28093088
1356443028993,-0.19866484,0.13488069,-0.97074175,0.6537572,0.7561589,-0.02872786,0.73016024,-0.64033663,-0.23840141
1356443029033,-0.14166045,0.12277824,-0.9822718,0.6610087,0.75037664,-0.0015361309,0.7368852,-0.6495078,-0.18745619
1356443029073,-0.085016064,0.1088236,-0.990419,0.66486,0.7465509,0.024957716,0.7421141,-0.65636814,-0.13582128
1356443029113,-0.036408752,0.0925684,-0.9950404,0.6652925,0.74522626,0.044985056,0.7456944,-0.6603551,-0.08871782
1356443029153,7.9262257E-4,0.07393435,-0.9972627,0.6633221,0.7462469,0.055851877,0.7483336,-0.6615507,-0.048450768
1356443029193,0.02556128,0.05321282,-0.998256,0.660005,0.74910855,0.056831896,0.7508263,-0.6603066,-0.015972555
1356443029233,0.03729543,0.030946165,-0.9988251,0.6556649,0.7535356,0.047828585,0.75413036,-0.6566783,0.007813096
1356443029273,0.035880737,0.007835776,-0.9993254,0.64944637,0.75984365,0.029276341,0.75956047,-0.6500586,0.022174835
1356443029313,0.022427768,-0.015342653,-0.9996307,0.6399137,0.7684425,0.002562791,0.76811934,-0.63973486,0.027052462
1356443029354,-7.8579783E-4,-0.037864864,-0.9992825,0.6270036,0.7784388,-0.02998972,0.7790159,-0.6265773,0.023129702
1356443029395,-0.031103432,-0.05912876,-0.99776566,0.6141059,0.78647995,-0.065751314,0.78861046,-0.6147789,0.011849105
1356443029432,-0.061809406,-0.07860896,-0.99498755,0.607602,0.78792185,-0.09999448,0.79183286,-0.6107371,-9.379983E-4
1356443029473,-0.08989853,-0.095077634,-0.99140227,0.61226535,0.7798404,-0.13030751,0.78552485,-0.61871576,-0.011893749
1356443029513,-0.114380255,-0.10812873,-0.98753506,0.62601984,0.76401085,-0.15616235,0.7713731,-0.63607836,-0.01969701
1356443029553,-0.13469157,-0.11642203,-0.9840244,0.6435852,0.7448133,-0.17621334,0.75342965,-0.6570381,-0.025392532
1356443029593,-0.14898221,-0.11811894,-0.9817597,0.6609243,0.7265963,-0.18771471,0.73551565,-0.67683506,-0.030182242
1356443029633,-0.15444653,-0.111388385,-0.98170197,0.6769507,0.7118069,-0.18726632,0.71964157,-0.6934866,-0.034531653
1356443029675,-0.14868437,-0.094791025,-0.984331,0.692049,0.7010481,-0.17204568,0.7063718,-0.7067859,-0.038634837
1356443029715,-0.13150004,-0.0679096,-0.98898745,0.70634764,0.6935694,-0.14154348,0.6955435,-0.7171819,-0.043236613
1356443029755,-0.10692851,-0.031520367,-0.993767,0.7186325,0.6882845,-0.09915528,0.68711984,-0.72475576,-0.0509457
1356443029795,-0.08879776,0.0099187195,-0.9960003,0.7255113,0.6857743,-0.057853192,0.68245757,-0.7277467,-0.06809133
1356443029835,-0.09825963,0.048843443,-0.9939614,0.72257227,0.6902769,-0.037510723,0.6842764,-0.72189474,-0.103119254
1356443029875,-0.14834559,0.07610369,-0.9860029,0.7052973,0.70703554,-0.05154109,0.6932167,-0.7030711,-0.15856135
1356443029914,-0.22234935,0.08729312,-0.97105134,0.67348623,0.7339144,-0.08823794,0.70496595,-0.6736094,-0.2219761
1356443029955,-0.28727713,0.085894465,-0.9539885,0.6369751,0.76096,-0.12329927,0.7153563,-0.643088,-0.273319
1356443029995,-0.32048857,0.07902375,-0.9439504,0.6109253,0.77880883,-0.14222164,0.7239181,-0.62226367,-0.29787695
1356443030035,-0.3170263,0.072571665,-0.9456361,0.60251355,0.7854257,-0.14171727,0.7324423,-0.6146867,-0.29272604
1356443030074,-0.2811424,0.06925705,-0.9571637,0.60942936,0.7833471,-0.12232408,0.74131954,-0.61771417,-0.26243937
1356443030115,-0.21885681,0.07024765,-0.973225,0.62560904,0.77552426,-0.084708065,0.7488091,-0.6273973,-0.21367633
1356443030155,-0.14510962,0.07238978,-0.9867639,0.6425543,0.7652799,-0.038349926,0.7523745,-0.6396143,-0.15756387
1356443030195,-0.07392138,0.072705746,-0.9946102,0.655281,0.7553571,0.0065146387,0.7517595,-0.65126765,-0.10347974
1356443030235,-0.015951872,0.06846005,-0.9975263,0.66202545,0.7483714,0.04077384,0.74931157,-0.65973735,-0.057260215
1356443030275,0.023524344,0.058333278,-0.99802005,0.66338456,0.7459304,0.059235543,0.74790883,-0.66346455,-0.021149874
