1356442801501,-0.9585047,-0.201938,0.20122057,-0.16913036,-0.16538447,-0.9716187,0.22948548,-0.96533364,0.12436801
1356442801522,-0.28090852,-0.18802226,-0.9411366,0.9318936,0.18104613,-0.31431943,0.22948816,-0.9653341,0.12435931
1356442801552,-0.2809682,-0.18799686,-0.9411239,0.93187547,0.18104702,-0.31437266,0.22948879,-0.96533895,0.12432116
1356442801586,-0.28118032,-0.18792817,-0.9410742,0.9318085,0.18105346,-0.31456736,0.22950083,-0.9653511,0.1242044
1356442801623,-0.28184897,-0.18771893,-0.94091594,0.9315831,0.18113023,-0.31519002,0.22959545,-0.9653774,0.12382436
1356442801665,-0.28369278,-0.18750119,-0.9404051,0.930954,0.18124366,-0.31697863,0.22987634,-0.9653984,0.123137414
1356442801705,-0.28723568,-0.18742701,-0.9393438,0.92971826,0.18141204,-0.3204895,0.23047665,-0.96538115,0.12214637
1356442801752,-0.2929504,-0.18770382,-0.9375219,0.927624,0.18183893,-0.32626405,0.23171896,-0.96524704,0.120848835
1356442801794,-0.30207777,-0.18904701,-0.93435025,0.92429864,0.18177152,-0.33560577,0.23328361,-0.96499765,0.119826674
1356442801833,-0.31239498,-0.19114095,-0.93052375,0.9204425,0.18135053,-0.3462622,0.23493585,-0.9646642,0.11928135
1356442801874,-0.32325035,-0.19362882,-0.92629206,0.9162916,0.18055725,-0.3575035,0.23647168,-0.9643167,0.11905533
1356442801915,-0.33462572,-0.1961295,-0.92171526,0.91185635,0.1794191,-0.3692246,0.23778918,-0.9640239,0.11880368
1356442801956,-0.3459708,-0.19846979,-0.9170135,0.90727675,0.17826784,-0.38087994,0.23906717,-0.9637584,0.11839157
1356442801996,-0.356713,-0.20081285,-0.912376,0.9027281,0.17732,-0.39196885,0.2404949,-0.9634478,0.11802703
1356442802037,-0.36612165,-0.20324752,-0.9080998,0.8985195,0.17668205,-0.40180346,0.24211046,-0.9630544,0.11793476
1356442802076,-0.3744437,-0.20571077,-0.9041432,0.8946384,0.17617428,-0.4105906,0.24374965,-0.9626244,0.11806947
1356442802115,-0.38205642,-0.20784259,-0.90046346,0.89097404,0.17584974,-0.41861933,0.24535322,-0.96222574,0.117997885
1356442802154,-0.3888405,-0.20929673,-0.89721674,0.8875302,0.1761722,-0.42573875,0.24717039,-0.9618514,0.11725426
1356442802196,-0.39440668,-0.2101193,-0.8945911,0.88446456,0.17733717,-0.4315946,0.24933064,-0.96145797,0.11590016
1356442802235,-0.39782172,-0.21080458,-0.8929162,0.88223827,0.17919141,-0.43536887,0.25178066,-0.96096396,0.11469364
1356442802278,-0.39816177,-0.21197566,-0.8924873,0.88135195,0.18135417,-0.43626758,0.25433442,-0.96030045,0.11461687
1356442802315,-0.3952521,-0.21392918,-0.89331406,0.88190246,0.18365979,-0.4341855,0.2569508,-0.95942867,0.116072774
1356442802353,-0.38969105,-0.21628779,-0.8951874,0.88358206,0.18625653,-0.42964086,0.2596605,-0.9583987,0.118525565
1356442802384,-0.38289338,-0.21806934,-0.89768505,0.8857931,0.18917024,-0.42377505,0.26222765,-0.9574238,0.12073225
1356442802415,-0.37636626,-0.21919319,-0.9001682,0.8878331,0.19233423,-0.4180428,0.2647653,-0.9565364,0.12221891
1356442802455,-0.3706981,-0.2191788,-0.90252066,0.8893589,0.19624573,-0.41295075,0.26762584,-0.95574486,0.12218076
1356442802495,-0.3656215,-0.21753952,-0.9049847,0.8906554,0.20057607,-0.4080467,0.27028453,-0.9552202,0.12041789
1356442802542,-0.36227077,-0.21388423,-0.907201,0.8915547,0.20433837,-0.40419814,0.27182764,-0.95524836,0.116663575
1356442802575,-0.3617736,-0.20750245,-0.9088799,0.8919203,0.2066617,-0.40220508,0.27128926,-0.95615566,0.11031091
1356442802615,-0.36483657,-0.19756126,-0.90987015,0.89151156,0.20770395,-0.4025743,0.26851666,-0.9580337,0.10035026
1356442802655,-0.37132734,-0.183355,-0.9102181,0.8899908,0.2091158,-0.40519994,0.26463643,-0.9605475,0.08553386
1356442802695,-0.3800974,-0.16456902,-0.91018844,0.8873005,0.21301025,-0.4090532,0.26119688,-0.96309066,0.065057576
1356442802735,-0.38912845,-0.14155689,-0.91024214,0.8840147,0.22047001,-0.4122027,0.25903124,-0.96506715,0.039347112
1356442802775,-0.396196,-0.11528513,-0.91089964,0.88104737,0.23149675,-0.41251037,0.25842664,-0.96598065,0.009853542
1356442802815,-0.39987135,-0.08679274,-0.91245276,0.87900805,0.24575996,-0.4085914,0.25970715,-0.9654373,-0.021980882
1356442802855,-0.4000156,-0.05682522,-0.914745,0.87791955,0.26280594,-0.40023777,0.26314402,-0.96317387,-0.055238485
1356442802895,-0.3982296,-0.025674403,-0.9169264,0.8769924,0.28235632,-0.38879198,0.268882,-0.95896596,-0.08992642
1356442802933,-0.39678475,0.0063976943,-0.91788936,0.87515485,0.30427715,-0.3761907,0.276886,-0.9525621,-0.12633151
1356442802975,-0.3979256,0.038695008,-0.9166013,0.8714038,0.3283876,-0.3644408,0.28689846,-0.94375014,-0.16439277
1356442803015,-0.40323073,0.07008988,-0.91241014,0.8650682,0.35435867,-0.3550872,0.29843244,-0.93247914,-0.20352083
1356442803054,-0.41318524,0.09922686,-0.9052248,0.8559797,0.38154787,-0.34888393,0.31076792,-0.9190077,-0.24258608
1356442803095,-0.42715183,0.124747574,-0.89553297,0.84451187,0.40887794,-0.3458591,0.32301855,-0.90402263,-0.2800038
1356442803135,-0.44338012,0.14535028,-0.88447005,0.831954,0.43395454,-0.34573975,0.33356637,-0.8891326,-0.31333154
1356442803174,-0.45906806,0.15966812,-0.87393516,0.82093275,0.452272,-0.34859627,0.3395967,-0.8774714,-0.33870047
1356442803215,-0.47034645,0.166125,-0.8667045,0.8147496,0.4590814,-0.35415727,0.33905357,-0.87272376,-0.3512776
1356442803255,-0.4728972,0.16312882,-0.86588526,0.81579816,0.4523773,-0.3603167,0.33292878,-0.87678033,-0.3470081
1356442803295,-0.4632894,0.1497182,-0.87346864,0.8249351,0.43298092,-0.36333138,0.32379794,-0.88888246,-0.3241033
1356442803335,-0.43999815,0.12591681,-0.8891269,0.8415451,0.4033398,-0.35933113,0.3133745,-0.90634537,-0.2834335
1356442803375,-0.40351832,0.09270787,-0.9102627,0.86364186,0.3671233,-0.3454608,0.3021517,-0.9255408,-0.22820741
1356442803415,-0.35707664,0.05229789,-0.9326099,0.8878123,0.32932448,-0.32145712,0.2903198,-0.9427674,-0.16402483
1356442803454,-0.3059314,0.0078219175,-0.9520215,0.91034156,0.2951491,-0.29011258,0.27871904,-0.9554192,-0.09741598
1356442803495,-0.25632164,-0.037174672,-0.96587646,0.9283829,0.2687067,-0.2567137,0.26908076,-0.96250445,-0.03436303
1356442803543,-0.21337575,-0.079589754,-0.97372293,0.9408884,0.25162405,-0.22674766,0.26305887,-0.96454704,0.021194577
1356442803575,-0.18142807,-0.11686528,-0.97643554,0.94807255,0.2429725,-0.20523834,0.26123217,-0.96296775,0.06671476
1356442803615,-0.16208321,-0.14759672,-0.97567636,0.95094883,0.24065065,-0.19438016,0.26348704,-0.959324,0.10135144
1356442803655,-0.15509605,-0.1715711,-0.9728868,0.95040166,0.24283743,-0.19433653,0.2695959,-0.954774,0.12539828
1356442803695,-0.15863138,-0.18934545,-0.96901214,0.94702995,0.24838406,-0.2035672,0.2792317,-0.94997567,0.13991427
1356442803755,-0.1701253,-0.20164767,-0.9645701,0.9411739,0.25677407,-0.21967864,0.29197425,-0.94520116,0.14610177
1356442803777,-0.18686849,-0.20936218,-0.9598164,0.9331399,0.26762837,-0.2400519,0.30713183,-0.9405012,0.14535296
1356442803814,-0.20643198,-0.21327361,-0.9549347,0.9231155,0.28113157,-0.26234093,0.32441273,-0.9356706,0.13884157
1356442803850,-0.2271232,-0.21398914,-0.95006514,0.9116428,0.29640216,-0.2846985,0.34252372,-0.9307816,0.12776184
1356442803894,-0.24908811,-0.21131039,-0.9451471,0.8997916,0.3104856,-0.30655146,0.35823208,-0.9267937,0.11279708
1356442803934,-0.2715636,-0.20535982,-0.9402555,0.8898916,0.31849444,-0.32657945,0.36653242,-0.92541265,0.096256554
1356442803973,-0.29351634,-0.19617268,-0.9356091,0.88360226,0.3178351,-0.34384266,0.36482194,-0.9276298,0.08004886
1356442804013,-0.3130105,-0.18388513,-0.9317782,0.88103056,0.31017792,-0.35717615,0.3546964,-0.93272495,0.06491953
1356442804053,-0.327955,-0.16861829,-0.9295232,0.8814684,0.29929042,-0.36529252,0.3397924,-0.93914485,0.05047798
1356442804093,-0.33606166,-0.15055236,-0.9297292,0.88453424,0.28862453,-0.3664628,0.32351446,-0.9455315,0.036173165
1356442804133,-0.33597326,-0.12972859,-0.9328947,0.89019454,0.2798341,-0.35950893,0.30769432,-0.9512431,0.02146691
1356442804173,-0.3270192,-0.105971426,-0.93905723,0.8984841,0.27311075,-0.34371018,0.2928901,-0.9561279,0.0059012175
1356442804213,-0.31038666,-0.07884914,-0.94733465,0.9087195,0.2679637,-0.32003805,0.279086,-0.960197,-0.011520565
1356442804255,-0.29044288,-0.047513723,-0.955712,0.9188945,0.2648093,-0.29241908,0.26697534,-0.9631295,-0.03325188
1356442804295,-0.27846056,-0.010917872,-0.96038556,0.9248152,0.26679248,-0.27118006,0.25918436,-0.9636922,-0.0641942
1356442804335,-0.2883543,0.030266464,-0.9570453,0.9215941,0.28000215,-0.26881793,0.2598386,-0.9595221,-0.10863322
1356442804376,-0.32645,0.07049018,-0.94258237,0.9055829,0.30905646,-0.29052317,0.27083215,-0.9484278,-0.1647262
1356442804415,-0.37738702,0.100215286,-0.92061716,0.8801019,0.34808704,-0.32288706,0.28809673,-0.9320903,-0.21956319
1356442804455,-0.41586322,0.113761604,-0.90228385,0.8566968,0.38193125,-0.34669757,0.30516952,-0.9171624,-0.25629032
1356442804495,-0.42680046,0.1122368,-0.89735407,0.8467665,0.39800254,-0.35295963,0.31753415,-0.91049266,-0.26490605
1356442804544,-0.40741313,0.09938866,-0.9078196,0.85409284,0.3934058,-0.3402312,0.32332644,-0.9139769,-0.24516582
1356442804575,-0.36205307,0.0781458,-0.92887604,0.87461144,0.37317583,-0.309507,0.3224474,-0.9244636,-0.20345664
1356442804614,-0.29758447,0.050502658,-0.95335877,0.90071,0.34589487,-0.2628273,0.31648842,-0.93691313,-0.14842117
1356442804655,-0.22519463,0.018022,-0.97414714,0.9241066,0.3207662,-0.20769244,0.30873042,-0.946987,-0.08888906
1356442804695,-0.16054285,-0.017628103,-0.98687136,0.93936086,0.30423445,-0.15824836,0.30302987,-0.952434,-0.032283485
1356442804735,-0.11637217,-0.054627955,-0.9917023,0.94622105,0.29737335,-0.12741593,0.30186632,-0.95319724,0.017084122
1356442804775,-0.09879294,-0.09146631,-0.9908955,0.9470817,0.29697123,-0.12183711,0.3054115,-0.9504956,0.057287395
1356442804815,-0.106288314,-0.12672684,-0.9862268,0.94399524,0.2987284,-0.1401225,0.31237128,-0.94588673,0.08787817
1356442804857,-0.13349119,-0.15918863,-0.9781816,0.9374906,0.2997984,-0.17672709,0.32139027,-0.94062746,0.109217346
1356442804895,-0.17342547,-0.18771031,-0.9667928,0.92706585,0.300186,-0.22458258,0.3323742,-0.93522894,0.121959925
1356442804936,-0.22012097,-0.21155667,-0.9522555,0.9120691,0.3015648,-0.27782837,0.3459432,-0.9296787,0.12657362
1356442804977,-0.27037388,-0.23010373,-0.934853,0.8922615,0.30483204,-0.33308682,0.36161762,-0.92419136,0.12289405
1356442805034,-0.3256668,-0.24249399,-0.9138588,0.868191,0.30605835,-0.3906055,0.3744136,-0.9206112,0.11085802
1356442805060,-0.38040823,-0.24930671,-0.8905817,0.8446784,0.2984513,-0.44434825,0.37657425,-0.92128885,0.09705061
1356442805102,-0.4311077,-0.24959618,-0.86709154,0.82444304,0.2815411,-0.49094623,0.3666602,-0.9265184,0.084403336
1356442805143,-0.47617894,-0.2437565,-0.84488845,0.80740416,0.2594304,-0.5299004,0.3483564,-0.93449384,0.07327467
1356442805184,-0.51325405,-0.2329016,-0.82603085,0.79363465,0.23754895,-0.5601022,0.3266714,-0.94304144,0.06291592
1356442805225,-0.54031503,-0.21823859,-0.8126694,0.7841792,0.2196505,-0.58035904,0.30515996,-0.9508552,0.05245769
1356442805265,-0.5580191,-0.20012054,-0.80533624,0.7794324,0.20665246,-0.59142196,0.28478038,-0.95772994,0.040664434
1356442805307,-0.5654827,-0.17874545,-0.8051581,0.7806966,0.19881606,-0.59244,0.26597434,-0.9635986,0.027118862
1356442805346,-0.56938916,-0.15404198,-0.8075068,0.7836256,0.19516659,-0.58978045,0.24844936,-0.96859753,0.00958544
1356442805385,-0.5738807,-0.12568745,-0.8092365,0.78484,0.19776356,-0.5872954,0.23385313,-0.97215855,-0.014848113
1356442805425,-0.5927033,-0.09479499,-0.7998229,0.7728264,0.21270967,-0.597908,0.22680876,-0.9725063,-0.05281371
1356442805465,-0.631402,-0.06600505,-0.7726415,0.7396078,0.24818188,-0.62560856,0.23304898,-0.96646214,-0.107884705
1356442805505,-0.6802084,-0.046840906,-0.73152065,0.68769795,0.30468243,-0.65896904,0.25374818,-0.9513016,-0.17503512
1356442805543,-0.7206503,-0.041217327,-0.6920724,0.63351554,0.36636442,-0.68149483,0.2816401,-0.92955804,-0.23790878
1356442805583,-0.744822,-0.04728943,-0.6655854,0.5925618,0.41171807,-0.69235736,0.30677474,-0.9100835,-0.27863485
1356442805625,-0.7535699,-0.061550796,-0.65447986,0.5718865,0.42956525,-0.6988702,0.3241578,-0.90093577,-0.28850734
1356442805665,-0.7527502,-0.081780285,-0.65320677,0.56733644,0.4227075,-0.7067161,0.33391088,-0.90256876,-0.27179623
1356442805705,-0.73880404,-0.10477665,-0.66572547,0.58361924,0.3944795,-0.70977074,0.3369824,-0.9129117,-0.23029333
1356442805745,-0.7206274,-0.13091366,-0.68085074,0.6068154,0.35591722,-0.7107025,0.3353672,-0.92530245,-0.17704332
1356442805786,-0.69569165,-0.15766352,-0.7008247,0.63762945,0.31376755,-0.70354706,0.3308198,-0.93631834,-0.11775452
1356442805825,-0.6666546,-0.18522249,-0.7219864,0.66999817,0.27553076,-0.68933684,0.32661018,-0.9432791,-0.059585154
1356442805866,-0.634319,-0.2131318,-0.74311113,0.7011161,0.24636823,-0.669133,0.32569253,-0.94545096,-0.006845951
1356442805905,-0.60430664,-0.241081,-0.75940335,0.7256835,0.22694898,-0.6495211,0.328933,-0.94359636,0.037801802
1356442805946,-0.58414036,-0.26810017,-0.7660956,0.7391633,0.21418905,-0.6385615,0.33528775,-0.9392792,0.0730533
1356442805986,-0.57786256,-0.29285946,-0.76177955,0.7403481,0.20469773,-0.64029956,0.34345233,-0.93398726,0.09853083
1356442806026,-0.5837389,-0.31416,-0.7487006,0.7313428,0.19709766,-0.65290916,0.3526851,-0.9286852,0.11470497
1356442806065,-0.59654915,-0.3309383,-0.73116964,0.7154921,0.19343227,-0.67130846,0.36359352,-0.92361456,0.12139183
1356442806106,-0.6135062,-0.34274608,-0.7114318,0.6947263,0.19407135,-0.69259775,0.37545365,-0.91916347,0.1190508
1356442806144,-0.63448614,-0.34862483,-0.68984634,0.670329,0.19616014,-0.7156677,0.38481992,-0.9165052,0.109232426
1356442806185,-0.6604924,-0.34739038,-0.6656349,0.64369154,0.1944099,-0.7401798,0.3865373,-0.9173466,0.09520596
1356442806225,-0.69000566,-0.3387747,-0.6396279,0.61683655,0.18711859,-0.7645255,0.37868816,-0.9220728,0.07985574
1356442806265,-0.71923584,-0.32420897,-0.6144822,0.5917657,0.17753583,-0.786317,0.36402363,-0.9291768,0.06416559
1356442806305,-0.74448943,-0.3061456,-0.59330463,0.5704941,0.16990185,-0.8035358,0.34680253,-0.9367007,0.04816413
1356442806345,-0.7636869,-0.28675917,-0.57840425,0.55483913,0.16650957,-0.8151246,0.33005428,-0.9434213,0.031944096
1356442806386,-0.776793,-0.2670309,-0.57033944,0.54539824,0.1675353,-0.8212629,0.31485453,-0.9490134,0.015497923
1356442806425,-0.78460073,-0.2469591,-0.568694,0.541959,0.17232293,-0.82254803,0.30113477,-0.9535806,-0.0013629794
1356442806465,-0.7889693,-0.2259618,-0.57137454,0.5425337,0.18031341,-0.82045376,0.28841767,-0.9573027,-0.01966983
1356442806505,-0.7930137,-0.20334381,-0.57426536,0.54261905,0.19275075,-0.81756455,0.27693677,-0.95994717,-0.042515814
1356442806545,-0.8025685,-0.1792777,-0.5689845,0.5322805,0.21547097,-0.8186878,0.2693721,-0.9599124,-0.07750416
1356442806582,-0.81832224,-0.15718202,-0.5528495,0.5077156,0.25315553,-0.82349086,0.26939487,-0.9545711,-0.12735903
1356442806623,-0.83746517,-0.14158969,-0.52783,0.46923763,0.30877453,-0.82732964,0.2801218,-0.94053745,-0.19214875
1356442806663,-0.8515296,-0.13412869,-0.5068597,0.4320255,0.36824596,-0.82325506,0.29707116,-0.92000234,-0.25562537
1356442806703,-0.85685784,-0.13309376,-0.49807703,0.40944427,0.4114005,-0.81431264,0.31328905,-0.90168494,-0.29801726
1356442806749,-0.84940964,-0.13549837,-0.51004267,0.41506335,0.42535746,-0.80423474,0.32592294,-0.89482474,-0.30506235
1356442806793,-0.83131266,-0.1410656,-0.53760564,0.4442339,0.41266733,-0.79521185,0.33402935,-0.8998923,-0.2803895
1356442806833,-0.8031644,-0.14798687,-0.57708466,0.49078757,0.38475192,-0.7817247,0.3377194,-0.9110795,-0.23638886
1356442806873,-0.75829196,-0.154028,-0.63345766,0.5582704,0.34834212,-0.75298864,0.33664128,-0.92462593,-0.17815572
1356442806913,-0.6907992,-0.15945762,-0.7052445,0.6424429,0.31217438,-0.69986737,0.33175844,-0.93654704,-0.11320734
1356442806953,-0.5938852,-0.16472787,-0.7875056,0.7355912,0.28530765,-0.61441445,0.32589257,-0.9441738,-0.048267603
1356442806993,-0.47241163,-0.1711649,-0.86459816,0.82037914,0.27319795,-0.50233567,0.3221887,-0.94660735,0.0113582015
1356442807034,-0.3559211,-0.18142492,-0.9167361,0.8772492,0.27325863,-0.394669,0.32210883,-0.94467705,0.061896324
1356442807075,-0.2791133,-0.1977176,-0.9396826,0.90348154,0.2774278,-0.32673377,0.32529506,-0.9401817,0.10120046
1356442807115,-0.25373143,-0.21945676,-0.94205046,0.90900934,0.27881223,-0.30978328,0.33063924,-0.93493444,0.12874484
1356442807158,-0.27111512,-0.24330455,-0.9312892,0.9012789,0.2755046,-0.33435565,0.3379247,-0.9300001,0.14459175
1356442807228,-0.3198071,-0.26593846,-0.90939546,0.88132125,0.26887268,-0.38856184,0.3478451,-0.9257344,0.14838982
1356442807254,-0.3863666,-0.28377765,-0.8776053,0.8489416,0.2625636,-0.45864856,0.3605814,-0.92224216,0.13946486
1356442807290,-0.44534475,-0.294463,-0.8455528,0.8146918,0.25847346,-0.5191037,0.3714098,-0.9200451,0.124786854
1356442807330,-0.49755728,-0.29746637,-0.81483155,0.7811334,0.25480944,-0.5700023,0.37718326,-0.92010105,0.10557872
1356442807374,-0.5432009,-0.29337353,-0.78667957,0.7507996,0.2496602,-0.6115307,0.3758095,-0.9228228,0.084649086
1356442807414,-0.5790227,-0.28313804,-0.76456887,0.72719085,0.24470645,-0.6413362,0.3686816,-0.92733574,0.06420481
1356442807453,-0.60211056,-0.26790133,-0.7521249,0.7133515,0.24259079,-0.65747964,0.35859823,-0.93240476,0.045041263
1356442807493,-0.6093154,-0.24817987,-0.753088,0.7125726,0.24522287,-0.6573478,0.3478149,-0.9371619,0.02742809
1356442807547,-0.59763265,-0.22334185,-0.77003473,0.72735107,0.25306052,-0.63790333,0.33733588,-0.94131756,0.01121074
1356442807575,-0.5623941,-0.19120866,-0.8044577,0.7593445,0.26564217,-0.5939951,0.32727486,-0.9449198,-0.0042023063
1356442807614,-0.49726343,-0.14808849,-0.85486776,0.8074666,0.2814458,-0.51844573,0.31737477,-0.94808125,-0.020376146
1356442807655,-0.39747065,-0.08920503,-0.91326857,0.8643364,0.29779994,-0.4052626,0.30812278,-0.95045125,-0.04126352
1356442807695,-0.27198794,-0.012586564,-0.9622184,0.91356623,0.31079724,-0.26230103,0.30235627,-0.9503929,-0.073034465
1356442807736,-0.16566822,0.072143674,-0.98353916,0.9380262,0.3193684,-0.13457596,0.30440253,-0.9448805,-0.120581865
1356442807774,-0.11551303,0.14929143,-0.98202276,0.9421202,0.3297364,-0.060691416,0.31474793,-0.9321941,-0.17873931
1356442807815,-0.09968847,0.21079186,-0.97243464,0.9391986,0.34266883,-0.022001952,0.32858518,-0.91550255,-0.23213553
1356442807855,-0.053316116,0.2611516,-0.9638242,0.93901855,0.34146386,0.040576875,0.3397078,-0.9028855,-0.26343173
1356442807895,0.06304036,0.30472058,-0.95035326,0.9362007,0.31185526,0.16209471,0.34576628,-0.8999399,-0.26562017
1356442807935,0.24707861,0.33596975,-0.9088875,0.90481347,0.25569516,0.34048864,0.346792,-0.90650105,-0.24081314
1356442807975,0.45241225,0.3441034,-0.822749,0.8230458,0.19413161,0.53376824,0.34339306,-0.9186434,-0.19538537
1356442808015,0.6188634,0.32939312,-0.71309763,0.70962703,0.1548078,0.68736017,0.3368048,-0.93141544,-0.13794139
1356442808055,0.7236271,0.30439818,-0.6194397,0.60642916,0.14812592,0.78121847,0.32955652,-0.9409571,-0.077407986
1356442808095,0.77742493,0.27961415,-0.563406,0.53852075,0.16689941,0.82591766,0.32497036,-0.94549483,-0.02082625
1356442808135,0.796994,0.25831798,-0.54596007,0.5088968,0.19965446,0.83735424,0.325307,-0.9452036,0.027666226
1356442808175,0.79438883,0.2395046,-0.558197,0.509599,0.23729467,0.82704294,0.3305378,-0.94145036,0.066452935
1356442808215,0.77668047,0.22120067,-0.58977765,0.530866,0.2741019,0.80190355,0.33904082,-0.93591577,0.09546167
1356442808254,0.7469865,0.20200811,-0.63340664,0.56570363,0.30738536,0.76517564,0.34927163,-0.9298963,0.115335986
1356442808295,0.7043804,0.18130939,-0.68627626,0.6111222,0.3369128,0.7162537,0.3610788,-0.9239138,0.12651262
1356442808335,0.6466348,0.15811345,-0.7462328,0.6647861,0.3629184,0.6529546,0.37406248,-0.9183084,0.12956408
1356442808375,0.5735989,0.13258323,-0.8083353,0.7221359,0.38395938,0.57540846,0.3866574,-0.91378164,0.124495596
1356442808414,0.49216864,0.105498075,-0.86408347,0.77608657,0.39642295,0.49044728,0.39428383,-0.91198635,0.1132313
1356442808455,0.41442972,0.07970834,-0.90658396,0.8213949,0.3961678,0.41031867,0.3918652,-0.9147118,0.09871173
1356442808495,0.34942758,0.058684856,-0.9351237,0.85696244,0.3835109,0.34428868,0.3788346,-0.92166984,0.0837186
1356442808547,0.3018725,0.0456056,-0.95225686,0.88309467,0.3629579,0.2973304,0.3591891,-0.93068886,0.06929296
1356442808575,0.27675283,0.042779416,-0.9599884,0.89960873,0.33965242,0.27448183,0.3378045,-0.93957764,0.05551505
1356442808615,0.28074628,0.051560074,-0.9583961,0.90559614,0.31653982,0.28230873,0.31792638,-0.94717693,0.042174846
1356442808655,0.31839257,0.07179642,-0.9452362,0.8989276,0.29366553,0.32509977,0.30092427,-0.95320827,0.028961122
1356442808695,0.38586318,0.100866884,-0.9170253,0.876855,0.26887727,0.39853525,0.2867663,-0.95787835,0.015304238
1356442808735,0.4707924,0.13473064,-0.87189573,0.8382839,0.2397546,0.48969156,0.27501744,-0.9614392,-6.785989E-5
1356442808775,0.5486305,0.16944715,-0.8187138,0.7924806,0.20664948,0.573821,0.26641914,-0.9636305,-0.020909399
1356442808815,0.5894973,0.20592704,-0.7810806,0.7631943,0.17478809,0.62207997,0.26462665,-0.9628308,-0.05412522
1356442808855,0.56964207,0.25008932,-0.78291965,0.77465737,0.15491071,0.6131138,0.27461585,-0.9557499,-0.10548985
1356442808895,0.48317516,0.302597,-0.8215697,0.82374495,0.16080016,0.5436796,0.2966243,-0.93945634,-0.17156807
1356442808935,0.36336324,0.35006768,-0.863377,0.87386495,0.19322303,0.44612214,0.3229973,-0.91657925,-0.23570174
1356442808975,0.26923215,0.37889045,-0.88541293,0.89914674,0.23048383,0.37203804,0.345035,-0.89628077,-0.27862448
1356442809015,0.23215449,0.38738346,-0.89220977,0.9038037,0.2531132,0.345069,0.35950407,-0.88649184,-0.29135722
1356442809055,0.24683473,0.37816834,-0.8922227,0.89680624,0.25970486,0.35817868,0.36716646,-0.8885618,-0.2750396
1356442809095,0.2933393,0.35342437,-0.88828105,0.88173264,0.2590627,0.39425126,0.3694585,-0.89887583,-0.23563254
1356442809135,0.3492144,0.31614044,-0.8821024,0.8620088,0.26072213,0.43470094,0.36741015,-0.91218376,-0.18146789
1356442809175,0.3947216,0.27068603,-0.8780227,0.84421134,0.27031556,0.46285707,0.36263213,-0.9239364,-0.121816814
1356442809215,0.4183393,0.221297,-0.8809199,0.83485985,0.28834194,0.46890065,0.3577724,-0.93160427,-0.06412721
1356442809254,0.41646588,0.17063251,-0.8929953,0.83694005,0.31167483,0.44987786,0.35508794,-0.93474233,-0.013007253
1356442809295,0.39318216,0.12021005,-0.91156864,0.84808016,0.33558488,0.4100522,0.35520104,-0.9343085,0.029998213
1356442809335,0.35348845,0.07081005,-0.93275493,0.86454976,0.35603863,0.35466912,0.35721093,-0.9317845,0.06463677
1356442809375,0.3026169,0.024071574,-0.95280826,0.8823333,0.37096685,0.28960574,0.36043158,-0.928334,0.09102169
1356442809415,0.2416455,-0.018753797,-0.9701833,0.8989481,0.38079113,0.21654204,0.36537617,-0.9244709,0.108875155
1356442809455,0.16969523,-0.056773216,-0.98385996,0.9121134,0.38707682,0.13498434,0.3731659,-0.920298,0.117468715
1356442809495,0.08777326,-0.0892224,-0.99213666,0.9194697,0.3904329,0.04623297,0.38323778,-0.9162977,0.1163069
1356442809548,0.0021587312,-0.11523935,-0.9933354,0.92018294,0.38910434,-0.043141156,0.39148265,-0.91395724,0.10688126
1356442809575,-0.07886839,-0.13382158,-0.98786217,0.91640925,0.38032585,-0.12468496,0.39239508,-0.91511977,0.092639625
1356442809614,-0.14890432,-0.14406943,-0.97830033,0.91124904,0.36418945,-0.19233096,0.38399574,-0.92011416,0.077053726
1356442809655,-0.20430732,-0.14527237,-0.96806735,0.90678596,0.34446758,-0.2430664,0.36877865,-0.9274901,0.061353743
1356442809695,-0.24012783,-0.13727263,-0.9609864,0.90490055,0.32671723,-0.27278346,0.3514165,-0.9351,0.045764208
1356442809735,-0.25240391,-0.12057167,-0.9600806,0.9077943,0.31396943,-0.2780877,0.33496547,-0.9417461,0.030207157
1356442809775,-0.23762044,-0.09521735,-0.96668,0.9169557,0.30638668,-0.2555766,0.3205132,-0.94713295,0.0145064
1356442809815,-0.19290924,-0.060563922,-0.9793457,0.9317044,0.30174166,-0.2021851,0.3077545,-0.9514641,-0.0017810464
1356442809855,-0.117477596,-0.015780777,-0.99295014,0.9479778,0.29611003,-0.11686292,0.29586667,-0.9550235,-0.019826472
1356442809895,-0.018922806,0.03905806,-0.99905777,0.9583379,0.28555143,-0.0069878995,0.28500947,-0.9575672,-0.042834282
1356442809935,0.076064944,0.10163084,-0.99191,0.95750415,0.2701189,0.10110286,0.27820876,-0.95744824,-0.07676536
1356442809975,0.12832826,0.16759753,-0.97746754,0.9511856,0.25814295,0.16913918,0.28067362,-0.95145845,-0.12628931
1356442810015,0.122894526,0.23044366,-0.9652941,0.9479107,0.26076853,0.1829344,0.2938744,-0.9374943,-0.18639302
1356442810055,0.09598459,0.28152716,-0.9547404,0.9453331,0.274539,0.1759929,0.31166026,-0.91944045,-0.23978543
1356442810094,0.097844884,0.31581217,-0.94376326,0.9401553,0.2816859,0.19173157,0.326396,-0.906044,-0.269351
1356442810135,0.15185522,0.33308136,-0.93058956,0.92981064,0.27120364,0.24879879,0.33524954,-0.90305346,-0.26851892
1356442810175,0.24732639,0.33325905,-0.9098176,0.9078048,0.24853678,0.33781636,0.33870348,-0.9094877,-0.24106449
1356442810215,0.3615262,0.31729785,-0.87671024,0.86903393,0.2259587,0.4401394,0.33775562,-0.9210129,-0.19405264
1356442810254,0.46520483,0.28930593,-0.8365923,0.8198874,0.21547377,0.5304298,0.33372024,-0.93266994,-0.13695887
1356442810295,0.54160523,0.25543502,-0.8008849,0.7736139,0.22131836,0.5937504,0.32891518,-0.94115406,-0.07774091
1356442810335,0.58277524,0.22051051,-0.7821433,0.744197,0.24177939,0.6226666,0.3264106,-0.9449433,-0.023200214
1356442810375,0.5935875,0.18657991,-0.78284216,0.734866,0.27087697,0.6217696,0.32806364,-0.94435877,0.023677945
1356442810414,0.5814542,0.15366492,-0.79893565,0.7420031,0.30259615,0.59821993,0.33368027,-0.94065017,0.061925977
1356442810455,0.5533436,0.1219863,-0.8239722,0.7593545,0.33267832,0.5592011,0.3423325,-0.93511736,0.091454566
1356442810495,0.5138762,0.091940135,-0.8529234,0.781917,0.35880074,0.50977236,0.35289803,-0.92887515,0.11248961
1356442810549,0.46668488,0.064751595,-0.88205016,0.8056029,0.38044357,0.4541658,0.36497822,-0.92253447,0.1253832
1356442810575,0.41252202,0.041507542,-0.9100015,0.82855296,0.39806503,0.39375654,0.37858367,-0.9164177,0.1298194
1356442810615,0.35111627,0.022894055,-0.9360519,0.8499305,0.4116504,0.32888,0.39285547,-0.9110542,0.12507883
1356442810655,0.28629115,0.008901864,-0.9581013,0.86864746,0.41957185,0.26345968,0.4043376,-0.9076785,0.11238712
1356442810712,0.22600557,-9.136796E-4,-0.9741255,0.8845163,0.41914052,0.20482224,0.40810832,-0.9079209,0.09553629
1356442810733,0.17698227,-0.006631434,-0.98419166,0.89836794,0.40953737,0.15878955,0.40201023,-0.91226923,0.07843834
1356442810773,0.14161444,-0.007336825,-0.9898947,0.9106699,0.3930112,0.12736762,0.3881052,-0.9195044,0.062337518
1356442810810,0.12159923,-0.001652211,-0.99257785,0.9206461,0.37393823,0.11216447,0.37097746,-0.9274521,0.046991706
1356442810854,0.118391395,0.01118657,-0.99290395,0.92780995,0.35500532,0.11462942,0.35376847,-0.9347974,0.031650603
1356442810893,0.13415378,0.0313859,-0.99046326,0.9315016,0.3370127,0.13684687,0.33809373,-0.94097674,0.015975595
1356442810933,0.16615903,0.057534456,-0.9844191,0.9314385,0.31859654,0.17583695,0.32374918,-0.9461428,-6.521344E-4
1356442810973,0.21028946,0.08825731,-0.97364724,0.9271952,0.2977705,0.22724843,0.30997977,-0.950549,-0.019213796
1356442811013,0.2549836,0.12254849,-0.95914817,0.9201412,0.27412188,0.2796379,0.29719272,-0.9538548,-0.042865336
1356442811053,0.28167278,0.16208377,-0.9457215,0.9149592,0.25147575,0.31561005,0.2889813,-0.9541954,-0.07746613
1356442811093,0.27087903,0.2099019,-0.9394497,0.9175172,0.23891257,0.31793544,0.29118162,-0.9480833,-0.12787223
1356442811133,0.21843375,0.26327866,-0.9396653,0.9267164,0.2457334,0.28427404,0.30575046,-0.93289834,-0.19030821
1356442811173,0.14685503,0.30967587,-0.939433,0.93370944,0.27011338,0.23500073,0.32652748,-0.91166854,-0.24947977
1356442811213,0.089849964,0.3366473,-0.9373343,0.9343847,0.29728246,0.19633737,0.34474948,-0.8934717,-0.28784728
1356442811253,0.06578249,0.34083888,-0.9378174,0.9320859,0.31452644,0.17969137,0.3562141,-0.8859469,-0.2970007
1356442811293,0.075880334,0.32443732,-0.94285876,0.92941827,0.31946504,0.18472648,0.36114258,-0.8903272,-0.27729684
1356442811333,0.1122199,0.2909128,-0.9501456,0.9257987,0.3167446,0.20632437,0.3609759,-0.9027972,-0.23378164
1356442811373,0.16263954,0.24486679,-0.9558183,0.9199043,0.31269658,0.23663679,0.3568256,-0.91774786,-0.17439717
1356442811413,0.21257599,0.19246459,-0.9580025,0.91217446,0.3124404,0.26517677,0.3503558,-0.9302356,-0.10914391
1356442811455,0.25044996,0.13993281,-0.9579632,0.90474313,0.3183254,0.28303486,0.3445499,-0.93759674,-0.046878636
1356442811495,0.271595,0.09144667,-0.9580572,0.89956284,0.32971716,0.28648424,0.3420859,-0.9396404,0.0072875023
1356442811550,0.27738476,0.048731,-0.9595223,0.8973217,0.34374642,0.27686116,0.34332412,-0.9377972,0.05162263
1356442811648,0.27295995,0.012175202,-0.96194834,0.897211,0.35759085,0.2591162,0.3471387,-0.933799,0.08668429
1356442811649,0.2622801,-0.018300593,-0.96481824,0.8983719,0.36967778,0.23720506,0.35233092,-0.92897975,0.11339986
1356442811652,0.24762937,-0.042526603,-0.967921,0.90001446,0.3799537,0.2135627,0.3586831,-0.9240273,0.13236225
1356442811695,0.22932479,-0.06014791,-0.9714898,0.901489,0.3895066,0.1886853,0.36705267,-0.9190576,0.14354616
1356442811735,0.20694944,-0.07132918,-0.97574794,0.9025026,0.39895353,0.16225028,0.3777049,-0.9141927,0.14693797
1356442811773,0.18054926,-0.076565176,-0.9805813,0.9033402,0.4072827,0.13452601,0.38907382,-0.9100871,0.142699
1356442811813,0.15175956,-0.07713503,-0.9854031,0.9052684,0.41108263,0.107239634,0.3968101,-0.9083289,0.13221365
1356442811853,0.12397474,-0.07475105,-0.9894657,0.90970075,0.4068349,0.083245456,0.3963265,-0.9104381,0.11843836
1356442811893,0.09994197,-0.070127994,-0.99251884,0.91667664,0.3944003,0.064437985,0.38693076,-0.91625893,0.10370189
1356442811933,0.08144754,-0.062668085,-0.99470544,0.9246942,0.37714916,0.05195391,0.37189648,-0.9240299,0.08866668
1356442811973,0.070679545,-0.05129665,-0.9961792,0.93210715,0.35903496,0.04764566,0.3552191,-0.9319134,0.07319039
1356442812015,0.070446074,-0.035162657,-0.9968957,0.9379802,0.3424251,0.054204702,0.3394561,-0.9388869,0.05710441
1356442812055,0.08273643,-0.013769358,-0.99647635,0.94191253,0.32767725,0.073678225,0.32550818,-0.9446894,0.04008037
1356442812095,0.108449936,0.012883812,-0.99401844,0.9434514,0.3137684,0.106999815,0.31327018,-0.94941217,0.021872878
1356442812135,0.14473644,0.044154942,-0.98848456,0.9421881,0.2989752,0.15131265,0.3022136,-0.9532388,0.001670301
1356442812175,0.18460715,0.080183,-0.97953606,0.9382559,0.28231364,0.19993705,0.29256797,-0.95596534,-0.023115098
1356442812215,0.21344103,0.12286049,-0.9691998,0.93392676,0.26552057,0.23933175,0.2867469,-0.9562448,-0.058069706
1356442812255,0.21219747,0.17474812,-0.9614756,0.93347865,0.2548415,0.252336,0.28911912,-0.95106196,-0.109046936
1356442812293,0.17045753,0.23339489,-0.957325,0.93799627,0.25917208,0.23020187,0.30183986,-0.93720686,-0.17474574
1356442812335,0.10359821,0.28662372,-0.9524255,0.94160676,0.28018662,0.18674102,0.32038128,-0.9161563,-0.24085999
1356442812375,0.044003442,0.32142645,-0.9459115,0.94020087,0.3067929,0.14798784,0.33776617,-0.8958589,-0.28870547
1356442812415,0.015467957,0.33345497,-0.9426391,0.9366853,0.32501018,0.13034135,0.3498303,-0.8849724,-0.30731517
1356442812455,0.023307681,0.3256129,-0.9452158,0.93410826,0.3298025,0.13664588,0.3562282,-0.88611877,-0.29647076
1356442812495,0.06319767,0.30184346,-0.9512605,0.9317338,0.32369047,0.16461027,0.3576005,-0.8967246,-0.2607813
1356442812552,0.124859825,0.2662618,-0.9557796,0.9266548,0.31296414,0.2082408,0.35457128,-0.91167873,-0.20765609
1356442812575,0.19637914,0.22341809,-0.9547354,0.9165952,0.3040095,0.2596755,0.34826484,-0.92610073,-0.14508283
1356442812615,0.2641703,0.17825928,-0.9478595,0.90211344,0.3019861,0.30821377,0.34118238,-0.93649775,-0.0810343
1356442812654,0.31630242,0.1353648,-0.9389511,0.8870405,0.30869347,0.34331846,0.3363213,-0.94148004,-0.022433579
1356442812695,0.34921354,0.09717193,-0.93199116,0.87490153,0.32235712,0.36143208,0.33555502,-0.9416175,0.027555585
1356442812735,0.36302382,0.06409332,-0.9295729,0.8679856,0.33952874,0.36238256,0.33884305,-0.93840945,0.06762493
1356442812775,0.36093897,0.03605014,-0.9318924,0.8662673,0.35713392,0.3493369,0.34540406,-0.93335724,0.09767452
1356442812815,0.3455215,0.013009876,-0.93832064,0.8686733,0.37382346,0.32505813,0.35499522,-0.9274087,0.1178627
1356442812855,0.31878746,-0.0052564144,-0.94781166,0.8736686,0.3893838,0.29169068,0.3675292,-0.92106056,0.12872306
1356442812895,0.28299683,-0.018802315,-0.9589366,0.87955713,0.40379447,0.25165337,0.38248158,-0.9146566,0.13081023
1356442812935,0.2411816,-0.02796629,-0.97007704,0.8855238,0.4153387,0.20818609,0.39708832,-0.90923685,0.12493688
1356442812975,0.19849564,-0.03354752,-0.9795275,0.89207137,0.4201491,0.16638365,0.4059659,-0.90683484,0.11332452
1356442813015,0.16029537,-0.036114186,-0.98640823,0.9002075,0.41526312,0.13108385,0.40488496,-0.9089842,0.09907502
1356442813055,0.12952733,-0.0352208,-0.9909501,0.9097065,0.4018554,0.10462502,0.39453372,-0.9150256,0.08409184
1356442813095,0.10764539,-0.029659212,-0.9937469,0.91900533,0.38427997,0.08808005,0.37926462,-0.9227401,0.06862295
1356442813135,0.09699747,-0.01837635,-0.9951149,0.9266268,0.3665813,0.08355221,0.3632551,-0.9302045,0.052585483
1356442813175,0.10068914,-8.9240074E-4,-0.9949175,0.9318007,0.35059068,0.09398699,0.34872487,-0.9365283,0.036132216
1356442813215,0.12069777,0.02275908,-0.9924284,0.9339835,0.33609805,0.12129748,0.33631393,-0.94155204,0.0193097
1356442813255,0.15630203,0.05209908,-0.9863343,0.93243635,0.32159084,0.16474769,0.32577932,-0.94544435,0.0016862154
1356442813295,0.2019426,0.08660343,-0.9755609,0.9267415,0.30531207,0.21894032,0.31681147,-0.948306,-0.018603444
1356442813335,0.24406281,0.12684876,-0.96142745,0.9187297,0.28711918,0.2711057,0.31043363,-0.9494588,-0.046464562
1356442813375,0.26146615,0.17513514,-0.9491908,0.91408527,0.27088535,0.30177698,0.30997366,-0.9465457,-0.089261055
1356442813415,0.23753397,0.2321729,-0.943225,0.91759294,0.2649995,0.29630816,0.31874886,-0.9358798,-0.15009385
1356442813455,0.17941119,0.29036108,-0.93994784,0.9249134,0.27574682,0.26172292,0.3351817,-0.9163264,-0.21908677
1356442813495,0.12063293,0.33581126,-0.93417263,0.92786443,0.29636407,0.22635365,0.35286734,-0.89409125,-0.27583605
1356442813552,0.092632905,0.36022058,-0.92825663,0.9258883,0.31176794,0.21338171,0.3662651,-0.87922806,-0.304644
1356442813575,0.10478413,0.36336827,-0.92573416,0.92180705,0.31384915,0.22753137,0.37321854,-0.87718993,-0.302069
1356442813615,0.15098327,0.34749103,-0.92544806,0.91522443,0.3046642,0.26371193,0.37358844,-0.88680875,-0.2720331
1356442813654,0.21612398,0.3161938,-0.92374885,0.904032,0.2925694,0.3116558,0.36880425,-0.90245485,-0.22261804
1356442813695,0.28785908,0.27393156,-0.9176593,0.88709587,0.28476435,0.363277,0.36082968,-0.9186244,-0.16103154
1356442813735,0.349647,0.22688386,-0.9089944,0.86805546,0.286552,0.4054228,0.35245806,-0.93081236,-0.09675574
1356442813774,0.39248323,0.18072474,-0.901829,0.85207105,0.29774022,0.43049473,0.3463118,-0.9373843,-0.037132293
1356442813815,0.41479033,0.13842764,-0.8993257,0.84241426,0.31515735,0.4370516,0.34392914,-0.93888956,0.014110774
1356442813855,0.41844627,0.10067764,-0.9026443,0.8401445,0.3346626,0.42679977,0.34505045,-0.9369445,0.055454552
1356442813895,0.4075585,0.06774616,-0.9106628,0.8438642,0.35316932,0.40393654,0.34898332,-0.93310344,0.08676857
1356442813935,0.38396686,0.04007435,-0.9224769,0.8519467,0.36984557,0.37067664,0.3560286,-0.9282286,0.10786721
1356442813975,0.34779996,0.0184035,-0.9373882,0.86251676,0.3856789,0.32759222,0.3675597,-0.92244947,0.11826578
1356442814015,0.30018657,0.0029350817,-0.953876,0.8734156,0.40114105,0.27609986,0.3834492,-0.91601163,0.11785358
1356442814055,0.2463728,-0.0072085857,-0.9691484,0.8831513,0.41353405,0.22143513,0.39917967,-0.9104602,0.10824978
1356442814095,0.19481568,-0.013522476,-0.9807467,0.8922912,0.41762292,0.17148674,0.40726334,-0.90851986,0.09342545
1356442814136,0.15194738,-0.01669088,-0.9882477,0.9022747,0.41052467,0.13179517,0.40350026,-0.9116968,0.07743794
1356442814177,0.11959058,-0.015895486,-0.99269605,0.91318554,0.39412987,0.103700966,0.38960278,-0.9189173,0.06164974
1356442814214,0.10048282,-0.009770513,-0.9948908,0.92232126,0.37592572,0.089461476,0.37313092,-0.9265983,0.046785653
1356442814255,0.09390655,0.00195539,-0.9955791,0.92936736,0.35842422,0.0883652,0.35701242,-0.9335568,0.03184116
1356442814295,0.10476449,0.020592064,-0.99428385,0.93352246,0.3426576,0.105458826,0.34287053,-0.9392346,0.016675234
1356442814333,0.13371485,0.045649737,-0.9899678,0.9341754,0.32764947,0.14128762,0.3308122,-0.94369584,0.0011667609
1356442814374,0.17612483,0.07564509,-0.981457,0.930814,0.31158364,0.19105193,0.3202581,-0.9472029,-0.015533924
1356442814415,0.22381033,0.10997686,-0.968408,0.9236994,0.29306823,0.24675986,0.31094754,-0.9497453,-0.035993874
1356442814455,0.26130658,0.14973387,-0.95357156,0.9160137,0.27303612,0.2938879,0.30436447,-0.9502794,-0.06581217
1356442814495,0.2669902,0.19774446,-0.9431932,0.914333,0.25725356,0.31275508,0.30448544,-0.9458952,-0.11212015
1356442814552,0.22867718,0.25389442,-0.9398108,0.92121613,0.25569054,0.29322875,0.3147499,-0.93282366,-0.17542106
1356442814574,0.15934399,0.30843827,-0.9378034,0.92933846,0.27363232,0.24790174,0.33307564,-0.91103846,-0.24304187
1356442814615,0.09406175,0.34676298,-0.93322444,0.93110466,0.30117714,0.205758,0.3524151,-0.8882836,-0.2945434
1356442814654,0.05991985,0.36216375,-0.9301865,0.92831564,0.32232785,0.18529612,0.36693254,-0.87460965,-0.31688845
1356442814695,0.06514317,0.35614872,-0.93215585,0.924687,0.3296098,0.19055524,0.37511373,-0.8743658,-0.3078543
1356442814735,0.10225521,0.33273697,-0.93745935,0.92031,0.32607096,0.21611854,0.3775889,-0.8848524,-0.2728787
1356442814773,0.16048907,0.29649442,-0.94145334,0.9128441,0.31822336,0.255831,0.37544492,-0.9004582,-0.21958184
1356442814813,0.2279821,0.25204763,-0.94047654,0.90070426,0.31226695,0.30202842,0.3698053,-0.9159484,-0.15582913
1356442814850,0.2907176,0.20490807,-0.93461,0.88540083,0.31266105,0.3439598,0.3626963,-0.92749965,-0.09052968
1356442814894,0.34115028,0.15951142,-0.92637604,0.86968184,0.32045352,0.3754504,0.35674912,-0.9337375,-0.029401422
1356442814933,0.3751306,0.11892554,-0.91931164,0.8566916,0.33431578,0.39282638,0.35405746,-0.93492764,0.02352956
1356442814973,0.39390677,0.0846155,-0.9152473,0.84763455,0.3516454,0.39731732,0.35546175,-0.9323013,0.06679249
1356442815013,0.39936563,0.05681023,-0.9150299,0.84293413,0.36972335,0.39085388,0.3605124,-0.92740345,0.099767536
1356442815053,0.3933978,0.03533563,-0.918689,0.84222853,0.38681394,0.37553424,0.3686314,-0.9214805,0.1224111
1356442815093,0.37708038,0.019830972,-0.92596817,0.8448,0.40243542,0.35264513,0.3796357,-0.9152335,0.13499728
1356442815133,0.35140556,0.009744853,-0.93617266,0.8499253,0.4160099,0.32336178,0.39260823,-0.90930796,0.13790578
1356442815173,0.31932145,0.0039479733,-0.9476383,0.8572467,0.42504162,0.2906334,0.40393308,-0.9051652,0.13234055
1356442815213,0.28633317,8.23766E-4,-0.9581297,0.8669095,0.42562857,0.25943828,0.40802103,-0.9048976,0.12115747
1356442815254,0.25750917,-4.3836236E-4,-0.9662758,0.8787538,0.41597795,0.23399621,0.4018469,-0.90937465,0.107503355
1356442815294,0.2352062,9.83417E-4,-0.9719449,0.8912815,0.39865094,0.21608931,0.38767922,-0.91710216,0.09288871
1356442815335,0.22064391,0.0067218244,-0.9753313,0.9023453,0.37819543,0.2067391,0.3702555,-0.9257014,0.077381134
1356442815375,0.21656094,0.017907172,-0.97610486,0.91004086,0.35827816,0.20847666,0.35345027,-0.9334432,0.061292768
1356442815415,0.22535215,0.034592003,-0.9736631,0.91353595,0.3398463,0.22350985,0.33862746,-0.93984467,0.044984043
1356442815455,0.2479863,0.056264073,-0.9671284,0.912344,0.32215077,0.2526804,0.32577804,-0.94501495,0.028556764
