1356442961178,0.2525732,0.08649883,0.9637037,-0.9615259,0.13366091,0.24000546,-0.10804933,-0.98724496,0.11693007
1356442961199,-0.5023705,-0.0472624,-0.8633597,0.8578743,-0.15202463,-0.49085647,-0.10805294,-0.987246,0.11691797
1356442961222,-0.50243944,-0.047207624,-0.8633226,0.857833,-0.15201283,-0.49093235,-0.10806036,-0.98725045,0.11687356
1356442961250,-0.50266117,-0.047068685,-0.86320126,0.85770345,-0.15196615,-0.4911732,-0.10805848,-0.98726434,0.116758466
1356442961292,-0.5032727,-0.046751887,-0.86286205,0.8573575,-0.15176404,-0.49183923,-0.107956946,-0.98731047,0.116461694
1356442961333,-0.5050437,-0.046265036,-0.86185294,0.8563554,-0.15139568,-0.49369508,-0.10763997,-0.98739,0.1160807
1356442961374,-0.50837344,-0.045844644,-0.8599155,0.85446084,-0.15095454,-0.49710086,-0.10701877,-0.98747706,0.11591375
1356442961413,-0.5134785,-0.045776814,-0.8568804,0.8515152,-0.15067458,-0.502214,-0.10612044,-0.9875229,0.11634791
1356442961454,-0.5198432,-0.04628977,-0.85300666,0.8477813,-0.15071535,-0.5084799,-0.1050238,-0.98749286,0.11759198
1356442961494,-0.5180462,-0.04872036,-0.853964,0.8490191,-0.15055925,-0.50645673,-0.10389739,-0.9873997,0.11936116
1356442961532,-0.5344285,-0.047618657,-0.84387124,0.8389245,-0.1514551,-0.5227493,-0.10291597,-0.9873165,0.12089044
1356442961573,-0.5469573,-0.04624918,-0.83588195,0.83090985,-0.15177667,-0.5353061,-0.10210991,-0.9873321,0.121444285
1356442961614,-0.5567563,-0.044074297,-0.8295057,0.8244588,-0.15126455,-0.5453317,-0.101439685,-0.9875102,0.12055498
1356442961653,-0.56463385,-0.040946573,-0.82432514,0.8191519,-0.14989191,-0.5536448,-0.10088986,-0.9878541,0.118175566
1356442961692,-0.57103217,-0.037232757,-0.8200829,0.8147472,-0.14805448,-0.56059504,-0.10054445,-0.98827803,0.11487913
1356442961735,-0.57617956,-0.0336124,-0.81663173,0.8111104,-0.1464765,-0.566255,-0.10058415,-0.98864293,0.11166006
1356442961783,-0.58035856,-0.030619562,-0.8137852,0.8080088,-0.1462214,-0.57073736,-0.10151708,-0.9887779,0.109601796
1356442961825,-0.5844327,-0.028376311,-0.8109459,0.8048744,-0.147169,-0.57490736,-0.10303229,-0.98870426,0.108849645
1356442961863,-0.58880866,-0.026341408,-0.8078431,0.8014101,-0.14898819,-0.57926184,-0.10510054,-0.988488,0.108835876
1356442961907,-0.5943658,-0.023738176,-0.8038445,0.79698896,-0.15089816,-0.58484054,-0.10741556,-0.9882643,0.10860765
1356442961943,-0.6012855,-0.020426363,-0.7987731,0.7914958,-0.15222126,-0.59191483,-0.10949957,-0.9881354,0.10769582
1356442961983,-0.6088015,-0.017394722,-0.7931319,0.7855447,-0.15287095,-0.5996249,-0.11081648,-0.98809314,0.10673231
1356442962023,-0.6153932,-0.016683787,-0.7880437,0.7804098,-0.15329248,-0.60618645,-0.11068767,-0.98804003,0.107355356
1356442962063,-0.61949795,-0.020363748,-0.7847341,0.7774946,-0.15380639,-0.6097916,-0.10827947,-0.98789114,0.111115456
1356442962103,-0.620218,-0.029372752,-0.7838794,0.7776712,-0.1539163,-0.6095386,-0.10274798,-0.98764724,0.118304014
1356442962143,-0.61763424,-0.04313752,-0.7852816,0.78090703,-0.15214169,-0.605836,-0.0933398,-0.9874169,0.12765425
1356442962222,-0.61117387,-0.062128097,-0.7890543,0.78769314,-0.14535439,-0.59867483,-0.07749799,-0.98742706,0.1377747
1356442962224,-0.60470253,-0.08076349,-0.79234594,0.79425967,-0.13490492,-0.5924123,-0.05904609,-0.98756164,0.14572453
1356442962250,-0.5985843,-0.097521275,-0.7951015,0.800084,-0.12176019,-0.58740115,-0.039527625,-0.9877571,0.150909
1356442962281,-0.5931871,-0.111900985,-0.7972498,0.80483943,-0.10584962,-0.58397716,-0.019040972,-0.9880658,0.15285099
1356442962323,-0.5889318,-0.12350792,-0.7986896,0.8081708,-0.0846318,-0.5828357,0.0043902993,-0.98872805,0.14965785
1356442962363,-0.5866151,-0.13125545,-0.7991588,0.8094176,-0.062191367,-0.583931,0.026943356,-0.9893959,0.14272285
1356442962403,-0.5857598,-0.1349988,-0.7991625,0.8091878,-0.04165435,-0.5860716,0.04583034,-0.98996985,0.13363892
1356442962443,-0.5856337,-0.13508362,-0.7992406,0.80836815,-0.02460885,-0.5881626,0.059782714,-0.9905285,0.123609126
1356442962483,-0.5857207,-0.13196942,-0.79969704,0.8075614,-0.010894656,-0.5896829,0.06910774,-0.99119395,0.11295456
1356442962523,-0.58616084,-0.125678,-0.80038774,0.8067398,5.9717894E-4,-0.5909065,0.0747419,-0.9920709,0.10103941
1356442962563,-0.5880966,-0.11519295,-0.8005454,0.8051701,0.0101649165,-0.5929567,0.076441884,-0.9932911,0.086772025
1356442962603,-0.5926076,-0.09939608,-0.7993351,0.8022336,0.01632905,-0.5967869,0.07237068,-0.994914,0.07006216
1356442962643,-0.59918207,-0.07878226,-0.7967272,0.7982714,0.017263234,-0.6020504,0.061185002,-0.99674237,0.052545786
1356442962683,-0.60574347,-0.055336952,-0.7937335,0.79446006,0.012703419,-0.6071836,0.043682843,-0.998387,0.036267936
1356442962723,-0.60937756,-0.03147146,-0.7922553,0.7925532,0.0045133233,-0.60978603,0.02276659,-0.99949443,0.022192478
1356442962763,-0.6076898,-0.008598715,-0.79412794,0.794173,-0.004659593,-0.6076738,0.0015248954,-0.99995214,0.009660482
1356442962805,-0.59899557,0.013029158,-0.8006464,0.80054814,-0.012837708,-0.5991309,-0.018084615,-0.9998327,-0.0027408004
1356442962845,-0.5824523,0.033989936,-0.81215394,0.81208706,-0.019365728,-0.5832148,-0.03555137,-0.9992345,-0.01632315
1356442962885,-0.5584752,0.05551225,-0.82766163,0.8279213,-0.024638832,-0.5603029,-0.051496297,-0.998154,-0.03219962
1356442962925,-0.52983636,0.07975316,-0.8443417,0.84543395,-0.029209018,-0.5332807,-0.06719321,-0.9963866,-0.051950037
1356442962964,-0.5030947,0.11039236,-0.8571518,0.8601594,-0.03220451,-0.5090075,-0.08379471,-0.9933662,-0.078753114
1356442963005,-0.48929965,0.15224126,-0.85872483,0.86628556,-0.028819263,-0.49871707,-0.10067317,-0.987923,-0.11778313
1356442963045,-0.49949712,0.20700806,-0.84121954,0.85878795,-0.009410858,-0.5122447,-0.11395535,-0.9782939,-0.17307538
1356442963084,-0.5321744,0.26555344,-0.80391026,0.83826506,0.032085776,-0.54431796,-0.11875144,-0.963562,-0.2396794
1356442963125,-0.56937,0.3100864,-0.7613569,0.81404805,0.08350885,-0.5747627,-0.11464602,-0.94703364,-0.2999726
1356442963165,-0.5936056,0.3299085,-0.734025,0.7977325,0.120981336,-0.5907507,-0.10609037,-0.9362285,-0.3349939
1356442963218,-0.5997838,0.32611167,-0.7306919,0.79416287,0.13100016,-0.5934174,-0.09779963,-0.9362105,-0.33755755
1356442963245,-0.58699656,0.30276096,-0.7508467,0.804448,0.11376792,-0.58302677,-0.09109551,-0.94625187,-0.31033677
1356442963284,-0.5574038,0.2637111,-0.7872467,0.82588184,0.0790745,-0.5582708,-0.08497113,-0.9613551,-0.26187062
1356442963324,-0.5147038,0.21293122,-0.830506,0.8538354,0.03945893,-0.51904535,-0.07775009,-0.9762701,-0.20211792
1356442963364,-0.46704298,0.1560536,-0.8703551,0.8816058,0.0063385367,-0.47194377,-0.068131775,-0.98772824,-0.1405381
1356442963405,-0.42640078,0.10018915,-0.8989686,0.9028196,-0.014028072,-0.42979077,-0.055671185,-0.9948696,-0.08447111
1356442963444,-0.40176648,0.050818086,-0.914331,0.91482484,-0.022405803,-0.4032288,-0.040977657,-0.9984566,-0.037487745
1356442963485,-0.39577097,0.010206699,-0.9182925,0.9179904,-0.02355355,-0.39590257,-0.025669932,-0.99967045,-4.7802925E-5
1356442963525,-0.40630496,-0.021504521,-0.9134846,0.9136675,-0.021945775,-0.40586966,-0.011319071,-0.9995279,0.028564632
1356442963565,-0.42969733,-0.044911295,-0.90185547,0.90297115,-0.019370317,-0.4292643,0.0018096268,-0.99880314,0.04887694
1356442963605,-0.46166188,-0.06108141,-0.88495046,0.8869356,-0.015350521,-0.46163794,0.014613032,-0.9980147,0.06126201
1356442963645,-0.49839318,-0.07099518,-0.8640393,0.8665241,-0.009518921,-0.49904436,0.02720502,-0.9974312,0.06626326
1356442963684,-0.53817976,-0.07462862,-0.8395196,0.84203243,-0.0042799115,-0.53941005,0.03666237,-0.9972022,0.06514305
1356442963725,-0.5805226,-0.07098636,-0.8111438,0.8133631,-0.004226744,-0.58174103,0.03786713,-0.9974683,0.060191512
1356442963771,-0.6235119,-0.05969745,-0.77953136,0.78131014,-0.011790097,-0.6240317,0.028062373,-0.99814695,0.053993404
1356442963804,-0.6628586,-0.042297393,-0.7475489,0.7486826,-0.02460593,-0.6624717,0.009626627,-0.998802,0.047977626
1356442963840,-0.69325364,-0.022326738,-0.7203477,0.7205975,-0.037795126,-0.6923227,-0.011768341,-0.999036,0.04229027
1356442963870,-0.7104416,-0.004255384,-0.7037433,0.7030877,-0.047864854,-0.7094904,-0.030665457,-0.99884474,0.03699714
1356442963911,-0.7209188,0.013761431,-0.6928829,0.69132936,-0.055503845,-0.72040474,-0.048371464,-0.9983636,0.030500054
1356442963953,-0.7190871,0.03136486,-0.6942117,0.69188064,-0.061015487,-0.71942914,-0.06492248,-0.99764395,0.022174716
1356442963994,-0.70666397,0.049531102,-0.7058134,0.70290285,-0.06498951,-0.70831054,-0.080953926,-0.9966559,0.011110246
1356442964033,-0.6877263,0.070816636,-0.72250783,0.71948713,-0.06622052,-0.69134164,-0.09680331,-0.99528885,-0.005410135
1356442964073,-0.6710635,0.09955016,-0.7346861,0.73306274,-0.059099197,-0.67758864,-0.1108734,-0.99327594,-0.033317268
1356442964115,-0.67185056,0.13982144,-0.7273698,0.73108256,-0.03244698,-0.6815171,-0.11889163,-0.989645,-0.08042157
1356442964153,-0.69601864,0.18603861,-0.69350386,0.70843035,0.02057153,-0.7054808,-0.116980255,-0.982327,-0.14611351
1356442964220,-0.73042905,0.22316004,-0.6455022,0.67469305,0.08890504,-0.73272455,-0.10612643,-0.9707191,-0.2155034
1356442964235,-0.7577201,0.24084207,-0.60651076,0.6460507,0.14570749,-0.74925816,-0.09207976,-0.9595647,-0.2660017
1356442964275,-0.77101785,0.23937567,-0.5901109,0.63185537,0.1721552,-0.7557258,-0.0793117,-0.95554274,-0.2839855
1356442964315,-0.7706197,0.22276759,-0.5970929,0.6335404,0.1662277,-0.75564206,-0.06907916,-0.96059513,-0.26923066
1356442964355,-0.756844,0.1941603,-0.62409055,0.6507424,0.13472754,-0.7472502,-0.061004132,-0.97167397,-0.22831607
1356442964395,-0.73067236,0.15568754,-0.6647401,0.68055224,0.088413775,-0.7273456,-0.054466426,-0.98384166,-0.17055506
1356442964435,-0.69662124,0.11019331,-0.7089261,0.7157722,0.039429605,-0.6972197,-0.048876345,-0.9931277,-0.106340766
1356442964475,-0.66253215,0.061843753,-0.74647605,0.74778384,-0.0029314756,-0.6639358,-0.043248534,-0.99808156,-0.044303596
1356442964515,-0.6362133,0.014927298,-0.7713686,0.770668,-0.034487963,-0.6363028,-0.03610125,-0.99929357,0.010437846
1356442964555,-0.62398666,-0.026829451,-0.7809744,0.78098524,-0.05531919,-0.62209487,-0.026512384,-0.99810827,0.055471838
1356442964595,-0.6301986,-0.060132682,-0.7741019,0.77629256,-0.06782627,-0.6267133,-0.01481849,-0.99588335,0.08942461
1356442964635,-0.6547152,-0.08291933,-0.7513137,0.7558739,-0.07392281,-0.6505305,-0.0015976727,-0.9938107,0.111074984
1356442964675,-0.69098455,-0.0958021,-0.7164931,0.72275007,-0.073542655,-0.6871854,0.013140947,-0.99267995,0.12005782
1356442964715,-0.7297,-0.101346225,-0.6762152,0.6831349,-0.0655238,-0.7273468,0.029405683,-0.99269116,0.11704576
1356442964755,-0.76575077,-0.10139921,-0.6350938,0.6415843,-0.051849484,-0.7652982,0.044671386,-0.99349385,0.10475981
1356442964795,-0.7991079,-0.0951896,-0.59360397,0.59878135,-0.037765563,-0.8000217,0.05373594,-0.9947426,0.0871765
1356442964835,-0.83063453,-0.081296146,-0.5508512,0.5544172,-0.028985739,-0.8317339,0.051649928,-0.99626833,0.0691486
1356442964875,-0.85868573,-0.060524046,-0.508916,0.51106644,-0.02684027,-0.85912204,0.038338065,-0.99780583,0.053979218
1356442964915,-0.8809105,-0.035769284,-0.47192916,0.47294533,-0.028883874,-0.88061816,0.017867923,-0.99894255,0.04236108
1356442964955,-0.8957013,-0.010735005,-0.4445266,0.4446319,-0.032075584,-0.89513886,-0.0046491325,-0.9994278,0.033503354
1356442964995,-0.9034203,0.012579426,-0.4285715,0.42794853,-0.03486377,-0.9031305,-0.026302457,-0.99931294,0.026113212
1356442965035,-0.9049906,0.03381321,-0.42408568,0.42291462,-0.036768734,-0.9054233,-0.046208367,-0.99875164,0.018975258
1356442965075,-0.9020601,0.054178596,-0.42819655,0.4266792,-0.037600815,-0.9036211,-0.06505746,-0.9978231,0.010801315
1356442965115,-0.89682114,0.07577559,-0.43585533,0.43440583,-0.035532057,-0.9000161,-0.08368607,-0.9964916,-0.0010514855
1356442965155,-0.8932452,0.10086505,-0.43810874,0.4380467,-0.02395165,-0.89863306,-0.10113411,-0.9946118,-0.022788882
1356442965217,-0.89577425,0.1291073,-0.42534682,0.42989492,0.008273661,-0.90284103,-0.11304417,-0.99159616,-0.062913954
1356442965235,-0.9041311,0.15484342,-0.39820915,0.4118068,0.0674659,-0.9087704,-0.11385156,-0.9856327,-0.12476367
1356442965275,-0.9123766,0.17147705,-0.37170488,0.39617774,0.14138323,-0.90722317,-0.10301511,-0.9749904,-0.19693017
1356442965315,-0.9170307,0.1781793,-0.35680085,0.38915125,0.20400405,-0.89830035,-0.08726974,-0.9626185,-0.25641668
1356442965355,-0.9175615,0.1771602,-0.35594255,0.39076406,0.23660433,-0.88956267,-0.07337758,-0.95531803,-0.28632683
1356442965395,-0.91297174,0.17009205,-0.37087917,0.40304118,0.23433757,-0.88467157,-0.06356469,-0.95715964,-0.28249764
1356442965434,-0.90083474,0.15761983,-0.40454018,0.43042362,0.20221144,-0.8796852,-0.056853175,-0.9665746,-0.25000238
1356442965475,-0.87506646,0.13895658,-0.46362674,0.4812571,0.14791805,-0.8640092,-0.051480994,-0.9791891,-0.19631195
1356442965515,-0.83031243,0.11234462,-0.545857,0.5553848,0.08571309,-0.8271644,-0.046140358,-0.9899657,-0.13356316
1356442965554,-0.7637453,0.07657072,-0.6409602,0.6442877,0.029153585,-0.7642274,-0.03983119,-0.9966378,-0.07159948
1356442965595,-0.68689394,0.03416264,-0.7259542,0.7260689,-0.011217475,-0.6875304,-0.03163126,-0.9993533,-0.017099142
1356442965635,-0.62579185,-0.0076161623,-0.7799529,0.7796957,-0.03357947,-0.6252576,-0.021428376,-0.99940705,0.026952088
1356442965675,-0.59667844,-0.042568386,-0.80135053,0.8024171,-0.04418981,-0.59512526,-0.010078013,-0.99811584,0.06052476
1356442965715,-0.5986917,-0.06824228,-0.7980672,0.80097866,-0.04949981,-0.5966431,0.0012120903,-0.99644005,0.08429581
1356442965755,-0.621092,-0.08484742,-0.7791313,0.783643,-0.051791668,-0.61904854,0.012172133,-0.9950469,0.09865755
1356442965795,-0.6512911,-0.09423962,-0.7529535,0.758456,-0.04977691,-0.64982057,0.023759156,-0.9943044,0.10389584
1356442965835,-0.6810118,-0.098398685,-0.72563106,0.731372,-0.042274833,-0.6806671,0.03630078,-0.9942487,0.10075581
1356442965875,-0.7086649,-0.09748936,-0.6987773,0.7039811,-0.03179431,-0.7095066,0.04695216,-0.9947285,0.091162324
1356442965915,-0.73611593,-0.08991498,-0.6708567,0.67498684,-0.023917675,-0.7374421,0.050261825,-0.9956623,0.078297496
1356442965955,-0.7632291,-0.074701935,-0.64179516,0.6447164,-0.022425175,-0.76409286,0.04268685,-0.9969538,0.06527704
1356442965995,-0.78660643,-0.0531151,-0.61516595,0.6169282,-0.026471853,-0.7865741,0.025494367,-0.9982375,0.053591132
1356442966035,-0.8014505,-0.028443336,-0.5973843,0.59805334,-0.03305155,-0.80077446,0.0030322075,-0.9990488,0.043499887
1356442966075,-0.80405766,-0.0040788054,-0.59453726,0.59419143,-0.04029894,-0.80331343,-0.020682693,-0.9991793,0.03482634
1356442966115,-0.79121065,0.017671585,-0.6112884,0.6100151,-0.047826946,-0.7909452,-0.043213278,-0.9986993,0.027061164
1356442966155,-0.7585087,0.03582275,-0.65067744,0.64854157,-0.056112528,-0.7591081,-0.06370455,-0.9977816,0.019329429
1356442966220,-0.69812274,0.050298274,-0.7142091,0.7112237,-0.066048026,-0.699856,-0.08237365,-0.9965479,0.01033628
1356442966235,-0.5994526,0.062289357,-0.7979828,0.79420155,-0.07764608,-0.60267305,-0.09950039,-0.99503314,-0.002925098
1356442966275,-0.4622944,0.07723257,-0.8833567,0.8794106,-0.087770045,-0.4679031,-0.113669604,-0.99314225,-0.027343512
1356442966315,-0.32403898,0.10662082,-0.94001627,0.93827474,-0.0908587,-0.3337442,-0.12099275,-0.9901397,-0.07059789
1356442966354,-0.25067055,0.15975022,-0.9548006,0.96088195,-0.0789296,-0.26547307,-0.11777142,-0.9839969,-0.13371581
1356442966395,-0.23954922,0.22341916,-0.9448281,0.9651909,-0.050433815,-0.25663778,-0.10498911,-0.9734168,-0.20356071
1356442966435,-0.21902835,0.2706516,-0.93742967,0.9716277,-0.027384818,-0.23492512,-0.08925417,-0.9622878,-0.25697452
1356442966475,-0.14005965,0.2878546,-0.94737697,0.9872721,-0.03221041,-0.15574461,-0.075347215,-0.9571323,-0.27967942
1356442966515,0.009665489,0.2701759,-0.9627625,0.9979137,-0.064068615,-0.007960916,-0.063833684,-0.96067697,-0.27023154
1356442966554,0.2013726,0.2203154,-0.95441616,0.97803634,-0.09873816,0.18356365,-0.053795427,-0.9704184,-0.23535964
1356442966595,0.38558906,0.15212747,-0.910043,0.9215704,-0.11165023,0.37180915,-0.045044154,-0.9820343,-0.1832473
1356442966635,0.5211519,0.08668667,-0.84905016,0.8526205,-0.097099945,0.51342964,-0.037935168,-0.9914924,-0.12451467
1356442966675,0.6064539,0.033949256,-0.79439354,0.7944803,-0.065898046,0.603704,-0.031853706,-0.99724865,-0.06693612
1356442966715,0.6528047,-0.004917383,-0.7575103,0.7571016,-0.029244125,0.6526423,-0.025362015,-0.9995602,-0.015367746
1356442966753,0.67144275,-0.032339007,-0.7403506,0.74085224,0.0058348626,0.6716429,-0.017400354,-0.99946,0.027876168
1356442966793,0.66956776,-0.050978422,-0.74099946,0.74271125,0.035636306,0.6686628,-0.007680893,-0.9980637,0.061723158
1356442966833,0.6494309,-0.0624139,-0.7578549,0.76041114,0.058287516,0.6468211,0.0038028955,-0.9963469,0.08531393
1356442966873,0.6101417,-0.06733969,-0.7894255,0.7921016,0.073708996,0.6059226,0.017385155,-0.9950037,0.098312795
1356442966913,0.5505433,-0.066725135,-0.83213574,0.8341707,0.08287069,0.54524463,0.03257817,-0.994324,0.10128406
1356442966954,0.47409266,-0.062874526,-0.8782272,0.8792738,0.08589333,0.46850836,0.04597664,-0.9943185,0.09600532
1356442966995,0.39092135,-0.058994085,-0.91853154,0.9189966,0.08057612,0.3859442,0.051243335,-0.99500114,0.08571428
1356442967035,0.31262213,-0.056856364,-0.9481744,0.9488636,0.06480074,0.30896363,0.043875813,-0.9962771,0.07420713
1356442967075,0.24685213,-0.05557376,-0.9674583,0.96872514,0.04012409,0.24487051,0.025209963,-0.997648,0.06374046
1356442967115,0.19931462,-0.053719044,-0.978462,0.97993493,0.012004584,0.19895563,0.0010583103,-0.9984839,0.055033892
1356442967155,0.17722005,-0.05124417,-0.98283625,0.9838985,-0.014285862,0.1781564,-0.023170084,-0.99858403,0.047887295
1356442967221,0.18691716,-0.049186975,-0.98114353,0.9813577,-0.036107033,0.18876806,-0.044711173,-0.99813676,0.041521013
1356442967235,0.22932023,-0.048411638,-0.97214633,0.9713063,-0.053322375,0.23177737,-0.06305796,-0.9974031,0.03479469
1356442967275,0.2998401,-0.049018264,-0.9527293,0.95073944,-0.06701058,0.30266157,-0.078678906,-0.99654746,0.026511133
1356442967315,0.38401574,-0.049075097,-0.92202145,0.9187089,-0.07943636,0.38686416,-0.0922274,-0.9956312,0.014580935
1356442967355,0.45793554,-0.042240947,-0.8879813,0.88294804,-0.09460446,0.45984018,-0.103431016,-0.9946184,-0.0060262233
1356442967395,0.49486727,-0.016936004,-0.8688035,0.86199296,-0.11686218,0.493266,-0.10988426,-0.9930037,-0.04323253
1356442967435,0.47432077,0.038550794,-0.87950766,0.8737175,-0.14303595,0.46492854,-0.10787782,-0.98896646,-0.10152742
1356442967475,0.39429805,0.12143016,-0.9109247,0.91389894,-0.1559299,0.37479937,-0.09652844,-0.98027575,-0.17245775
1356442967515,0.2884836,0.20301405,-0.93571496,0.9541191,-0.14282086,0.26317105,-0.080212206,-0.968704,-0.23490107
1356442967554,0.20732102,0.25217682,-0.9452115,0.976154,-0.11688593,0.18292338,-0.06435287,-0.9605959,-0.27039638
1356442967595,0.17755902,0.25942263,-0.9493012,0.98278224,-0.09683883,0.15735748,-0.05110711,-0.9608966,-0.27215055
1356442967635,0.18902606,0.23288801,-0.9539561,0.9811311,-0.08499032,0.17366219,-0.04063317,-0.96878266,-0.24455905
1356442967675,0.2221908,0.1844998,-0.9573876,0.9744535,-0.0749892,0.21170014,-0.03273511,-0.97996753,-0.19644839
1356442967715,0.2547315,0.12726939,-0.9586003,0.9666327,-0.061268657,0.24873161,-0.027076185,-0.98997414,-0.13862988
1356442967755,0.27062476,0.07185018,-0.9599999,0.962425,-0.043366373,0.26806268,-0.022371322,-0.99647224,-0.08088645
1356442967795,0.26260662,0.024356455,-0.96459556,0.96475923,-0.023886442,0.26204807,-0.016658157,-0.99941796,-0.029770851
1356442967835,0.23024628,-0.0132881105,-0.97304165,0.9730922,-0.005946487,0.23033956,-0.008846909,-0.99989414,0.011561364
1356442967875,0.1782802,-0.041817546,-0.98309076,0.9839796,0.008169085,0.17809388,5.8349967E-4,-0.99909186,0.042604
1356442967915,0.11238405,-0.062509656,-0.9916967,0.9936087,0.01767835,0.111486375,0.010562539,-0.9978878,0.06409693
1356442967955,0.037325382,-0.07622671,-0.99639165,0.9990871,0.023581564,0.03562233,0.02078113,-0.9968116,0.077037275
1356442967995,-0.04318112,-0.0834741,-0.995574,0.9985624,0.028071463,-0.04566437,0.031759024,-0.99611455,0.082141876
1356442968035,-0.12593067,-0.08457118,-0.98842764,0.9910801,0.03307438,-0.12909847,0.04360959,-0.9958684,0.07965171
1356442968075,-0.2068826,-0.080219984,-0.9750714,0.97687733,0.038015187,-0.21039328,0.053945243,-0.9960519,0.07050043
1356442968115,-0.28134084,-0.07139164,-0.9569486,0.95788795,0.038786054,-0.2845106,0.057427943,-0.99669397,0.057473063
1356442968155,-0.34605646,-0.058507413,-0.93638766,0.93689,0.03144741,-0.348207,0.04981965,-0.9977915,0.043932438
1356442968221,-0.39805704,-0.041996956,-0.91639876,0.9167828,0.017237604,-0.39901388,0.03255385,-0.99896896,0.03164065
1356442968236,-0.43366778,-0.022986501,-0.9007795,0.9010141,3.489256E-4,-0.43378967,0.010285586,-0.99973565,0.020559907
1356442968275,-0.44526863,-0.0043348074,-0.8953865,0.89532477,-0.014859319,-0.445166,-0.011375129,-0.9998802,0.010497451
1356442968315,-0.43020886,0.012405515,-0.90264416,0.9022121,-0.027936757,-0.4303869,-0.030556113,-0.9995327,8.262396E-4
1356442968355,-0.38499588,0.026915103,-0.92252576,0.92169464,-0.04024136,-0.38582316,-0.04750821,-0.99882746,-0.009314716
1356442968412,-0.3086052,0.039824814,-0.9503562,0.9490763,-0.05368209,-0.31043914,-0.0633803,-0.99776363,-0.02123022
1356442968433,-0.20829755,0.05346623,-0.97660303,0.9748825,-0.06914163,-0.2117159,-0.078843504,-0.996173,-0.037721217
1356442968474,-0.109616995,0.07482886,-0.99115324,0.9896431,-0.08476651,-0.115849584,-0.09268546,-0.993587,-0.064761996
1356442968510,-0.046765387,0.11322883,-0.99246776,0.9937657,-0.095390975,-0.057709515,-0.10120681,-0.98897916,-0.10806191
1356442968540,-0.02325666,0.16261637,-0.98641527,0.99433446,-0.098605394,-0.039699048,-0.10372159,-0.9817499,-0.15940177
1356442968584,-0.06130314,0.22765175,-0.97181106,0.99354506,-0.07918894,-0.08122453,-0.09544757,-0.9705173,-0.22132778
1356442968623,-0.10807037,0.2804988,-0.95375115,0.9907202,-0.049156964,-0.12671646,-0.08242732,-0.9585948,-0.27258343
1356442968663,-0.12336016,0.30449915,-0.9444907,0.9898294,-0.03019768,-0.13901743,-0.07085216,-0.95203376,-0.29767698
1356442968703,-0.09350854,0.29726264,-0.9502058,0.9936063,-0.03278327,-0.108035445,-0.06326577,-0.9542328,-0.2922966
1356442968743,-0.020990789,0.26180717,-0.9648919,0.9980576,-0.051133156,-0.035586357,-0.058654666,-0.9637647,-0.26022536
1356442968783,0.07916558,0.20493305,-0.9755692,0.99533665,-0.0703581,0.06598991,-0.05511564,-0.9762439,-0.20954734
1356442968823,0.18175071,0.13864192,-0.973522,0.9819939,-0.07746136,0.1723009,-0.051522195,-0.9873085,-0.15022424
1356442968863,0.2631245,0.07589117,-0.9617723,0.9636158,-0.069251925,0.2581643,-0.04701221,-0.9947083,-0.09135181
1356442968903,0.3094754,0.025200993,-0.95057344,0.9500557,-0.050493747,0.30796817,-0.04023689,-0.9984064,-0.03956893
1356442968943,0.3176152,-0.010960013,-0.94815636,0.9477478,-0.027870417,0.31780058,-0.029908627,-0.9995515,0.0015352666
1356442968985,0.29164356,-0.034339458,-0.95591044,0.95639527,-0.0061234236,0.29201138,-0.015880972,-0.99939144,0.031056225
1356442969025,0.23979023,-0.048217952,-0.9696266,0.9708244,0.012705296,0.23945463,7.7342987E-4,-0.99875605,0.049857765
1356442969064,0.17255777,-0.055975527,-0.9834077,0.9848263,0.028519154,0.17118347,0.01846391,-0.9980248,0.06004733
1356442969105,0.10056421,-0.059718937,-0.99313664,0.9942733,0.042308956,0.09813517,0.036158055,-0.9973182,0.06363171
1356442969145,0.0315845,-0.060867965,-0.997646,0.99821883,0.05246389,0.028401732,0.050611615,-0.9967661,0.062416643
1356442969185,-0.029442847,-0.05957812,-0.9977894,0.9979989,0.054130256,-0.032681197,0.055957705,-0.9967549,0.057865143
1356442969223,-0.080761254,-0.055299103,-0.99519825,0.9956381,0.04232198,-0.08314863,0.04671678,-0.99757254,0.051639915
1356442969264,-0.11863214,-0.048757613,-0.99174047,0.99255353,0.0219782,-0.119809955,0.027638346,-0.9985688,0.045787215
1356442969303,-0.1424712,-0.040207833,-0.98898196,0.9897945,-0.0028003454,-0.14247441,0.0029591024,-0.99918735,0.04019642
1356442969344,-0.14854842,-0.03052333,-0.9884339,0.98866236,-0.026728928,-0.14775744,-0.021909773,-0.9991766,0.03414786
1356442969384,-0.13443089,-0.020791084,-0.99070483,0.9899299,-0.04756725,-0.13332748,-0.044353068,-0.9986516,0.026976228
1356442969425,-0.10010415,-0.011592597,-0.9949095,0.9929122,-0.06555039,-0.09913936,-0.06406739,-0.997782,0.018072248
1356442969465,-0.04845488,-0.0028054118,-0.99882144,0.99549097,-0.08177823,-0.048063576,-0.08154696,-0.9966466,0.0067552924
1356442969505,0.010337055,0.007964164,-0.9999149,0.9952105,-0.09729117,0.009513497,-0.0972071,-0.9952241,-0.008931786
1356442969545,0.059838593,0.027246684,-0.9978361,0.99213326,-0.11173785,0.05644551,-0.10995817,-0.9933641,-0.033718497
1356442969585,0.07995722,0.06515348,-0.9946667,0.9900106,-0.12144342,0.07162809,-0.11612889,-0.9904578,-0.07421291
1356442969625,0.05994883,0.12603155,-0.9902132,0.9919379,-0.1184763,0.04497397,-0.11164862,-0.9849261,-0.13211802
1356442969665,0.010981113,0.19708371,-0.98032516,0.9952092,-0.097403735,-0.008434087,-0.09714955,-0.975536,-0.19720912
1356442969706,-0.040581197,0.2545754,-0.96620107,0.99603903,-0.0662615,-0.059293002,-0.07911646,-0.9647801,-0.2508781
1356442969745,-0.07485494,0.28312936,-0.95615613,0.995126,-0.040517837,-0.08990359,-0.06419575,-0.9582255,-0.2787164
1356442969785,-0.08569196,0.2803012,-0.9560795,0.99482346,-0.028533667,-0.09752998,-0.05461821,-0.9594879,-0.27640516
1356442969825,-0.07469314,0.24996406,-0.9653698,0.99600226,-0.028862953,-0.08453679,-0.04899457,-0.9678248,-0.24680883
1356442969865,-0.04710433,0.19880489,-0.97890645,0.9978781,-0.034735113,-0.055071533,-0.044950902,-0.97942334,-0.19674689
1356442969905,-0.0117510855,0.13631979,-0.9905952,0.9990921,-0.03897044,-0.017214775,-0.040950686,-0.9898981,-0.13573807
1356442969945,0.0214504,0.07280058,-0.9971158,0.9991116,-0.037748277,0.018737286,-0.036275327,-0.99663186,-0.073545635
1356442969985,0.044731587,0.016257793,-0.99886674,0.9985442,-0.030897528,0.04421425,-0.030143678,-0.99939036,-0.017616183
1356442970025,0.05466777,-0.02928543,-0.9980751,0.998266,-0.020250082,0.0552724,-0.021829754,-0.999366,0.02812758
1356442970065,0.051495373,-0.062980175,-0.9966854,0.9986086,-0.008108318,0.052107155,-0.0113631785,-0.99798185,0.062474996
1356442970105,0.037275314,-0.08551663,-0.9956392,0.99930495,0.0036138296,0.037102163,4.2521954E-4,-0.9963302,0.08559188
1356442970145,0.014673471,-0.09804386,-0.99507385,0.99981123,0.014110446,0.01335302,0.012731731,-0.995082,0.09823242
1356442970185,-0.013538003,-0.1020537,-0.9946868,0.9995933,0.023590803,-0.016025126,0.025100887,-0.99449915,0.101692796
1356442970223,-0.045478046,-0.09844124,-0.99410313,0.9982742,0.03253275,-0.04889041,0.03715378,-0.99461097,0.096791774
1356442970262,-0.077347755,-0.09005657,-0.9929285,0.9959228,0.039393544,-0.08115387,0.046423405,-0.99515724,0.086642385
1356442970303,-0.1074571,-0.07771999,-0.9911673,0.993007,0.040632963,-0.110842705,0.048888773,-0.9961469,0.07281023
1356442970343,-0.13292962,-0.06356114,-0.9890853,0.9902578,0.033230543,-0.13522264,0.04146278,-0.9974245,0.05852455
1356442970383,-0.15126127,-0.04911968,-0.9872726,0.9881675,0.018142879,-0.1523011,0.02539292,-0.99862814,0.04579413
1356442970423,-0.16019815,-0.03527549,-0.98645425,0.98706937,-1.296997E-4,-0.1602934,0.0055264533,-0.99937755,0.034840167
1356442970463,-0.1578058,-0.022441715,-0.9872151,0.9873724,-0.017652988,-0.15742964,-0.01389426,-0.99959224,0.024944067
1356442970505,-0.14264745,-0.010694474,-0.9897158,0.9892888,-0.032830775,-0.14223114,-0.030972034,-0.9994037,0.0152632
1356442970545,-0.11425412,2.669394E-4,-0.9934515,0.9924104,-0.04573822,-0.11414665,-0.045469165,-0.9989534,0.0049608946
1356442970585,-0.07400191,0.011387765,-0.9971931,0.9955686,-0.057336807,-0.074536115,-0.058024675,-0.99828994,-0.007094264
1356442970625,-0.02808845,0.025842309,-0.9992714,0.9971838,-0.06881863,-0.029809505,-0.0695388,-0.99729455,-0.023836583
1356442970665,0.012442172,0.050391167,-0.998652,0.99673593,-0.080295384,0.008366674,-0.07976553,-0.9954965,-0.05122578
1356442970705,0.033332855,0.0931384,-0.99509513,0.995701,-0.089187115,0.02500552,-0.086420685,-0.99165064,-0.09571087
1356442970745,0.027159363,0.15402809,-0.9876932,0.9958204,-0.09036204,0.01329115,-0.0872027,-0.98392594,-0.15583849
1356442970785,0.0032653213,0.21710691,-0.9761424,0.996552,-0.08163589,-0.014823288,-0.082906514,-0.97272825,-0.21662486
1356442970825,-0.017616719,0.260014,-0.9654441,0.99690586,-0.06941298,-0.036885202,-0.07660505,-0.9631067,-0.2579866
1356442970865,-0.01975739,0.27050605,-0.9625155,0.99732196,-0.062471926,-0.038029015,-0.070417285,-0.9606892,-0.26854736
1356442970905,6.9594383E-4,0.24892995,-0.96852124,0.99790525,-0.062824845,-0.015430242,-0.064688236,-0.9664817,-0.24845219
1356442970946,0.038080752,0.20310178,-0.9784168,0.9975364,-0.06545335,0.025237978,-0.05891475,-0.9769675,-0.20509398
1356442970985,0.08127338,0.14469603,-0.9861327,0.99531174,-0.063831925,0.072663754,-0.052432597,-0.9874151,-0.1492055
1356442971025,0.1186426,0.085508406,-0.9892484,0.9919304,-0.05505666,0.11420527,-0.04469922,-0.9948151,-0.091350436
1356442971065,0.1425091,0.03363505,-0.9892219,0.989161,-0.0405643,0.14112109,-0.035380423,-0.9986107,-0.039051294
1356442971105,0.15115678,-0.008116007,-0.98847646,0.9882051,-0.023584187,0.1513089,-0.024540484,-0.99968886,0.0044553876
1356442971145,0.1468727,-0.04041469,-0.9883294,0.989071,-0.0070534945,0.1472713,-0.012923092,-0.99915814,0.038937002
1356442971185,0.133028,-0.06473887,-0.9889957,0.99111104,0.007108003,0.13284725,-0.0015705824,-0.99787694,0.065108955
1356442971223,0.111742675,-0.081777304,-0.9903666,0.993696,0.018266678,0.11061001,0.009045333,-0.9964832,0.083302915
1356442971262,0.08415976,-0.092405885,-0.9921584,0.9962753,0.026563257,0.082034916,0.01877442,-0.99536693,0.09429732
1356442971303,0.051614165,-0.096580625,-0.993986,0.99826324,0.033293962,0.04860124,0.028399825,-0.99476814,0.09813127
1356442971343,0.013912201,-0.09490949,-0.99538875,0.99919564,0.038763285,0.010269344,0.037609965,-0.9947309,0.09537241
1356442971383,-0.027177274,-0.08865297,-0.9956918,0.998688,0.04083866,-0.030895144,0.04340163,-0.9952251,0.08742678
1356442971423,-0.06852025,-0.07947531,-0.994479,0.99680245,0.035618365,-0.071526885,0.041106284,-0.9962002,0.07678068
1356442971463,-0.106487155,-0.06876293,-0.9919336,0.9938973,0.021522522,-0.10818997,0.028788358,-0.9974009,0.066051364
1356442971503,-0.13753581,-0.057133794,-0.9888477,0.9904541,0.0013406277,-0.13783666,0.009200871,-0.99836564,0.056403995
1356442971543,-0.1580503,-0.044855565,-0.98641175,0.98734736,-0.020184934,-0.15728232,-0.012855649,-0.99878955,0.04747826
1356442971583,-0.16445571,-0.032158256,-0.9858601,0.9858074,-0.03954017,-0.16315722,-0.033734232,-0.9987004,0.03820449
1356442971624,-0.15384758,-0.019325912,-0.9879056,0.9867348,-0.05543959,-0.15258068,-0.051820308,-0.998275,0.027598858
1356442971665,-0.124859214,-0.0065187514,-0.99215305,0.98990417,-0.06842768,-0.12412655,-0.06708157,-0.99763477,0.014996767
1356442971705,-0.07858491,0.006679803,-0.99688506,0.99366045,-0.08011788,-0.078867555,-0.08039513,-0.996763,-3.413558E-4
1356442971750,-0.024231851,0.024001658,-0.9994182,0.9954093,-0.092012584,-0.026344389,-0.092591345,-0.9954685,-0.021661788
1356442971783,0.026512146,0.050540924,-0.99837005,0.99436843,-0.10384709,0.02114883,-0.10260889,-0.9933084,-0.0530096
1356442971823,0.048795134,0.096467406,-0.99413943,0.99302876,-0.11161032,0.0379104,-0.10729909,-0.9890588,-0.10124096
1356442971863,0.039040327,0.15974718,-0.98638564,0.9937373,-0.10963905,0.021575004,-0.10469991,-0.9810505,-0.16302705
1356442971903,0.0125415325,0.22301847,-0.9747336,0.9952199,-0.09720284,-0.009434789,-0.09685099,-0.9699559,-0.22317153
1356442971943,-0.00559783,0.26502258,-0.9642259,0.9961466,-0.08291751,-0.028573513,-0.08752385,-0.96067035,-0.26353723
1356442971984,4.7266483E-5,0.27546585,-0.96131086,0.99691665,-0.075445175,-0.021569908,-0.078467965,-0.9583458,-0.27462012
1356442972127,0.031289488,0.25491783,-0.9664563,0.99708164,-0.07532671,0.012412399,-0.06963584,-0.9640243,-0.25653082
1356442972129,0.07854435,0.21150741,-0.97421527,0.9950346,-0.07655588,0.06360215,-0.0611296,-0.9743735,-0.21647024
1356442972130,0.11639652,0.16560164,-0.97929966,0.9917371,-0.07292572,0.10554293,-0.053938,-0.98349273,-0.17272162
1356442972141,0.17857412,0.09966642,-0.9788656,0.98282677,-0.065090686,0.17266932,-0.04650572,-0.99288964,-0.10957831
1356442972171,0.20651466,0.04612723,-0.9773556,0.9776497,-0.04995835,0.20421895,-0.039406985,-0.99768555,-0.055413455
1356442972215,0.22378603,0.0025375485,-0.974635,0.9741724,-0.031498462,0.22359782,-0.030132085,-0.9995006,-0.009520948
1356442972255,0.22321793,-0.030107528,-0.9743035,0.97459054,-0.012212664,0.22366104,-0.01863271,-0.999472,0.026616424
1356442972295,0.20781651,-0.053003818,-0.97673076,0.9781525,0.0056560338,0.20781213,-0.0054903626,-0.99857837,0.053021193
1356442972335,0.18016171,-0.06765884,-0.98130727,0.9836016,0.020848215,0.17914546,0.008337706,-0.99749064,0.07030541
1356442972375,0.14328274,-0.07554972,-0.986794,0.98943245,0.033318132,0.14111495,0.022216946,-0.99658525,0.0795252
1356442972414,0.10007307,-0.07825965,-0.9918976,0.99434584,0.043454736,0.09689155,0.035519958,-0.9959855,0.08216584
1356442972455,0.052642256,-0.07652378,-0.99567705,0.99747574,0.051609427,0.048770845,0.04765421,-0.9957312,0.07904741
1356442972495,0.002924025,-0.071207136,-0.99745727,0.99838793,0.056747794,-0.0011243522,0.05668363,-0.99584603,0.07125825
1356442972535,-0.045823276,-0.06330228,-0.99694186,0.997213,0.055921078,-0.04938653,0.058876336,-0.99642646,0.060563385
1356442972575,-0.0899418,-0.05390516,-0.99448717,0.9946337,0.046402752,-0.09247023,0.051131576,-0.99746734,0.04944229
1356442972615,-0.1257577,-0.043826163,-0.99109244,0.9914494,0.029521167,-0.12710842,0.034828782,-0.99860287,0.039738953
1356442972655,-0.14988166,-0.033554614,-0.9881344,0.98859614,0.009669423,-0.15028012,0.014597207,-0.9993901,0.031722724
1356442972695,-0.15912211,-0.023539335,-0.98697823,0.9872446,-0.009182334,-0.15894604,-0.0053212643,-0.99968076,0.024700165
1356442972735,-0.1511882,-0.014064103,-0.988405,0.9882363,-0.025464535,-0.15079999,-0.0230484,-0.9995768,0.017748535
1356442972775,-0.12534982,-0.005065888,-0.99209964,0.99136543,-0.03944248,-0.12505561,-0.03849733,-0.999209,0.009966254
1356442972815,-0.083275735,0.0040327907,-0.9965184,0.99514174,-0.052363575,-0.08337256,-0.052517503,-0.9986199,3.4737587E-4
1356442972854,-0.030361056,0.014995873,-0.9994265,0.99735445,-0.06561649,-0.031282604,-0.06604794,-0.9977322,-0.01296401
1356442972895,0.020348012,0.03338495,-0.9992354,0.9966744,-0.07955599,0.017637879,-0.07890627,-0.99627125,-0.034892738
1356442972935,0.05189377,0.067676574,-0.99635684,0.9947516,-0.09160334,0.045588136,-0.08818436,-0.9934932,-0.07207501
1356442972975,0.04847917,0.12382251,-0.99111944,0.99480253,-0.09494105,0.03679812,-0.089541495,-0.9877521,-0.12778163
1356442973015,0.012432337,0.19363567,-0.9809948,0.99656725,-0.08270496,-0.0036951602,-0.08184862,-0.97758126,-0.19399923
1356442973055,-0.034092516,0.25540155,-0.9662338,0.9969961,-0.05858341,-0.050663143,-0.06954473,-0.96505857,-0.2526371
1356442973095,-0.066645175,0.29065278,-0.9545047,0.99606836,-0.036576062,-0.08068487,-0.05836329,-0.9561292,-0.28707242
1356442973135,-0.07338312,0.29373527,-0.95306575,0.9960176,-0.026933223,-0.0849911,-0.050633997,-0.9555073,-0.2905891
1356442973175,-0.053974837,0.2673178,-0.9620956,0.99750507,-0.02947101,-0.0641498,-0.045502275,-0.9631577,-0.2650602
1356442973229,-0.015125692,0.21814963,-0.9757982,0.9990221,-0.03725207,-0.023813754,-0.04154545,-0.9752041,-0.21737283
1356442973255,0.033362716,0.15523595,-0.98731387,0.9987063,-0.04310915,0.026969641,-0.038375586,-0.98693633,-0.15647334
1356442973295,0.0809007,0.088479996,-0.9927871,0.9960736,-0.043102354,0.07732707,-0.035949588,-0.9951449,-0.09161958
1356442973335,0.11819953,0.026947737,-0.99262416,0.99243224,-0.036702275,0.11718026,-0.033273816,-0.9989629,-0.031082004
1356442973375,0.14210749,-0.0247477,-0.9895419,0.9894341,-0.025467992,0.14272898,-0.02873385,-0.9993693,0.02086696
1356442973415,0.15106457,-0.06449315,-0.98641783,0.988289,-0.011899769,0.15212917,-0.021549404,-0.9978472,0.061940193
1356442973455,0.14609155,-0.09218824,-0.9849663,0.98919916,0.0016086996,0.14656878,-0.011927396,-0.9957403,0.091427535
1356442973495,0.12860006,-0.10866395,-0.9857252,0.9916965,0.01362139,0.1278775,-4.6873093E-4,-0.9939853,0.10951337
1356442973535,0.100565344,-0.11536437,-0.9882194,0.9948514,0.02417788,0.0984177,0.0125391185,-0.99302894,0.117201865
1356442973575,0.06462902,-0.1141924,-0.9913542,0.997548,0.034125447,0.061101943,0.026852995,-0.99287236,0.116117924
1356442973615,0.023873031,-0.1069991,-0.99397254,0.9988741,0.043325007,0.019326925,0.040995866,-0.99331474,0.10791293
1356442973655,-0.017789006,-0.09581745,-0.99524,0.9985446,0.048986375,-0.022564203,0.05091527,-0.99419284,0.09480652
1356442973695,-0.05578929,-0.082721174,-0.99501,0.9970941,0.0471617,-0.05982697,0.051875383,-0.9954562,0.07984966
1356442973735,-0.0858652,-0.06932005,-0.99389225,0.99539065,0.03679949,-0.08856127,0.04271382,-0.99691546,0.06584072
1356442973775,-0.10452694,-0.056533575,-0.9929139,0.99415874,0.021044016,-0.10585621,0.026879251,-0.99817896,0.054003775
1356442973815,-0.10907906,-0.04476151,-0.9930247,0.9939934,0.0040034056,-0.10936597,0.00887084,-0.9989897,0.044056
1356442973855,-0.09754878,-0.034138232,-0.9946451,0.99519444,-0.011890471,-0.09719452,-0.008508772,-0.9993464,0.035134077
1356442973895,-0.069699526,-0.024526834,-0.9972664,0.9972638,-0.026399434,-0.0690501,-0.024633735,-0.99935055,0.026299775
1356442973935,-0.025562525,-0.015855879,-0.9995475,0.9988835,-0.040141344,-0.02490881,-0.039728165,-0.99906826,0.01686427
1356442973975,0.029793143,-0.007097155,-0.9995309,0.9980726,-0.05424863,0.030134827,-0.05443707,-0.99850225,0.005467236
1356442974015,0.08717525,0.0053019524,-0.99617887,0.9938219,-0.06941551,0.08659956,-0.068691105,-0.99757373,-0.011320531
1356442974055,0.13255751,0.028576463,-0.9907633,0.98791087,-0.08486885,0.12972799,-0.08037782,-0.9959823,-0.039481014
1356442974094,0.15273738,0.06983453,-0.98579633,0.98454756,-0.09721035,0.14565742,-0.085657746,-0.9928107,-0.083603054
1356442974135,0.14327002,0.12856373,-0.9812976,0.9862621,-0.10092366,0.13077247,-0.082223535,-0.9865525,-0.1412569
1356442974175,0.116630614,0.18880412,-0.9750643,0.99047554,-0.094451904,0.100185096,-0.0731813,-0.977462,-0.19802183
1356442974228,0.09114599,0.2314255,-0.9685736,0.99380875,-0.08319223,0.07364327,-0.063534856,-0.9692891,-0.2375753
1356442974255,0.0792363,0.2459594,-0.966036,0.99530613,-0.07353607,0.06291431,-0.055564106,-0.96648663,-0.25063163
1356442974295,0.08353719,0.23205525,-0.9691088,0.995313,-0.06697664,0.069758326,-0.048719853,-0.970394,-0.23656267
1356442974335,0.09994227,0.19582924,-0.9755319,0.9941001,-0.061184764,0.08956224,-0.04214877,-0.9787274,-0.2007888
1356442974374,0.12197435,0.14608374,-0.98172396,0.99187505,-0.053957283,0.11520657,-0.036141336,-0.98779964,-0.15147826
1356442974415,0.14387578,0.09110829,-0.9853928,0.98909867,-0.04479432,0.14027524,-0.03135979,-0.994833,-0.09655991
1356442974455,0.15956914,0.03880173,-0.98642385,0.98680633,-0.034006953,0.15829328,-0.027403206,-0.9986681,-0.043716222
1356442974495,0.16676387,-0.0063144863,-0.9859766,0.9857322,-0.02209565,0.16686401,-0.022839516,-0.99973583,0.0025396943
1356442974535,0.16551256,-0.042486966,-0.9852921,0.98606724,-0.009730041,0.16606236,-0.016642421,-0.99904966,0.040284574
1356442974575,0.15732414,-0.06953481,-0.985096,0.9875076,0.0021589994,0.15755689,-0.008828878,-0.9975772,0.06900582
