1356444016842,0.016016811,-0.11691153,-0.9930132,-0.78416646,0.6146989,-0.08501932,0.62034386,0.7800493,-0.08183259
1356444016862,0.3548416,-0.1860987,0.9162176,0.6994714,-0.5974008,-0.3922398,0.62034446,0.780051,-0.081811935
1356444016882,0.35477382,-0.18613818,0.91623586,0.6995044,-0.5973789,-0.3922144,0.620346,0.7800584,-0.08172992
1356444016910,0.35457706,-0.18627962,0.9162832,0.6996026,-0.5973007,-0.3921582,0.6203477,0.78008443,-0.08146743
1356444016952,0.3538111,-0.1867567,0.9164822,0.6999929,-0.59701794,-0.3918923,0.6203449,0.7801869,-0.080503225
1356444016994,0.35269207,-0.18823373,0.9166114,0.7005606,-0.5962741,-0.3920103,0.6203411,0.78040075,-0.078431986
1356444017035,0.35142732,-0.19123068,0.9164767,0.70118,-0.59489286,-0.3930002,0.6203592,0.78072613,-0.07497445
1356444017073,0.3505438,-0.19599837,0.91580766,0.70158136,-0.5928146,-0.39541674,0.62040526,0.7811245,-0.07029868
1356444017115,0.3508851,-0.20230259,0.91430485,0.7013845,-0.5901367,-0.39974797,0.6204349,0.7815448,-0.065178275
1356444017154,0.3531373,-0.20948294,0.91181743,0.70029867,-0.58708394,-0.4060963,0.6203836,0.78195226,-0.06062061
1356444017192,0.35742188,-0.2167253,0.9084492,0.6982825,-0.5839291,-0.41403925,0.62020266,0.78234076,-0.05737361
1356444017235,0.36328375,-0.22330299,0.9045223,0.695565,-0.5809078,-0.4227711,0.61985016,0.78274,-0.055712607
1356444017274,0.36991835,-0.22870816,0.9004738,0.69255465,-0.578187,-0.43135598,0.61929685,0.7831938,-0.055489093
1356444017315,0.37648332,-0.23268826,0.8967254,0.6896749,-0.5758803,-0.43898794,0.61855376,0.7837206,-0.056330085
1356444017355,0.38241482,-0.23519388,0.8935563,0.68722594,-0.5740333,-0.44520366,0.6176402,0.7843275,-0.05788752
1356444017397,0.38765204,-0.23629604,0.89100516,0.6852997,-0.57258904,-0.45000684,0.61651456,0.7850516,-0.06003168
1356444017436,0.39261895,-0.2361282,0.88887227,0.68374383,-0.57144165,-0.45381576,0.6150973,0.7859376,-0.062907636
1356444017475,0.39737463,-0.2349512,0.8870689,0.6824259,-0.5706105,-0.45683527,0.6135048,0.7868936,-0.06640935
1356444017517,0.40230304,-0.23313706,0.8853244,0.6811024,-0.5699744,-0.45959616,0.61176115,0.78789353,-0.070512235
1356444017555,0.407184,-0.23096907,0.8836597,0.6798792,-0.5694003,-0.46211207,0.60988975,0.7889465,-0.074819654
1356444017595,0.41167045,-0.22873116,0.88216186,0.67892694,-0.5687573,-0.46429878,0.60793555,0.79006153,-0.07884884
1356444017636,0.4154325,-0.22662872,0.88093996,0.6783744,-0.5680005,-0.46602955,0.60599005,0.791211,-0.08222672
1356444017675,0.41774583,-0.22484325,0.8803033,0.6784558,-0.56723666,-0.46684074,0.6043063,0.7922677,-0.08441451
1356444017715,0.41767347,-0.22354747,0.88066757,0.67947423,-0.56663644,-0.46608788,0.60321116,0.79306346,-0.084774256
1356444017755,0.41454285,-0.2227932,0.8823363,0.68164414,-0.56635046,-0.46325845,0.6029224,0.79347986,-0.082910836
1356444017795,0.4086299,-0.2223622,0.88519865,0.68480426,-0.56647414,-0.45842132,0.60337776,0.79351246,-0.079203665
1356444017833,0.401114,-0.22184855,0.88875794,0.6883822,-0.5671062,-0.45223945,0.6043488,0.7932047,-0.074757636
1356444017883,0.3936792,-0.22072737,0.89235425,0.69155496,-0.5684256,-0.4456951,0.60561407,0.7925729,-0.07113221
1356444017915,0.3879947,-0.21846625,0.8953952,0.6934726,-0.57071817,-0.43974584,0.6070879,0.7915512,-0.06993526
1356444017954,0.38510287,-0.21460341,0.89757514,0.6934767,-0.57443184,-0.43487713,0.6089219,0.78991985,-0.07239288
1356444017995,0.38491124,-0.20889376,0.89900315,0.6912033,-0.58023983,-0.43076643,0.61162186,0.7872008,-0.07895279
1356444018034,0.38606423,-0.20132326,0.9002352,0.68672615,-0.5888694,-0.42619252,0.6159234,0.78275275,-0.089087486
1356444018075,0.38698405,-0.19214079,0.9018454,0.6802536,-0.6007838,-0.41989723,0.62249357,0.77597725,-0.101789266
1356444018114,0.38671088,-0.18182413,0.90409887,0.672075,-0.61574894,-0.41130096,0.63148236,0.7666767,-0.115917385
1356444018154,0.38518876,-0.1710628,0.90684456,0.66273427,-0.63255364,-0.40082303,0.64219373,0.7553896,-0.13028336
1356444018195,0.38309163,-0.16073918,0.90961736,0.65292007,-0.64945537,-0.38974756,0.6534036,0.74321645,-0.14385107
1356444018234,0.38123274,-0.1518327,0.9119257,0.6431607,-0.6650184,-0.37959826,0.66408277,0.73123,-0.15587395
1356444018275,0.38001865,-0.14523117,0.9135063,0.63371986,-0.6785183,-0.37149978,0.6737841,0.72008395,-0.16581374
1356444018315,0.37919527,-0.14150298,0.9144331,0.62481135,-0.6897661,-0.36583263,0.6825113,0.7100702,-0.17314339
1356444018354,0.37767792,-0.14070062,0.9151845,0.6168194,-0.69892,-0.36200088,0.6905745,0.7012233,-0.17717978
1356444018395,0.37387532,-0.14240845,0.9164808,0.61037314,-0.70622396,-0.35873717,0.6983279,0.6935182,-0.1771174
1356444018435,0.36583668,-0.14578904,0.9191894,0.6062403,-0.7120414,-0.35421723,0.7061419,0.6868352,-0.17210767
1356444018475,0.35137564,-0.14987488,0.9241605,0.6050687,-0.7169074,-0.34631735,0.7144418,0.6808681,-0.16121918
1356444018515,0.32655996,-0.15388653,0.932565,0.6074889,-0.7217022,-0.33181795,0.72409654,0.67488134,-0.14219469
1356444018555,0.28844643,-0.15720534,0.9445026,0.61332047,-0.7271637,-0.30833596,0.7352799,0.6682212,-0.11333051
1356444018595,0.23674631,-0.15943037,0.9584013,0.62226295,-0.73269063,-0.27559602,0.74615,0.661624,-0.074254185
1356444018635,0.17884755,-0.16030636,0.9707293,0.63415456,-0.73556584,-0.23830836,0.7522376,0.6582133,-0.02989513
1356444018675,0.12686348,-0.16034488,0.97887444,0.6487547,-0.7330988,-0.20416503,0.75034857,0.6609505,0.011021078
1356444018715,0.09086144,-0.1610117,0.98276114,0.66466933,-0.72507006,-0.18024482,0.74159217,0.6695885,0.04113859
1356444018754,0.07589698,-0.16441709,0.9834666,0.679353,-0.7134411,-0.17170155,0.72987616,0.68115264,0.05754918
1356444018795,0.082619905,-0.17273396,0.9814973,0.6910503,-0.699697,-0.18131068,0.7180692,0.69324386,0.061558962
1356444018834,0.10929352,-0.1876089,0.9761443,0.6991283,-0.6835673,-0.20965494,0.7065935,0.7053641,0.056453288
1356444018882,0.15325439,-0.20972426,0.96567535,0.7030489,-0.6635843,-0.25569156,0.69443166,0.7181028,0.045749217
1356444018915,0.21106225,-0.23849185,0.94793165,0.70164967,-0.63822186,-0.31679764,0.68054426,0.73197997,0.03263313
1356444018953,0.27682996,-0.27190566,0.9216466,0.6937195,-0.6071311,-0.38748553,0.66491985,0.74663186,0.020554185
1356444018993,0.33910078,-0.3074823,0.8890812,0.6803853,-0.5725105,-0.45750153,0.64968187,0.76005685,0.015067641
1356444019033,0.37981302,-0.34353074,0.85891134,0.668452,-0.5399112,-0.5115347,0.6394637,0.76842856,0.024568556
1356444019073,0.3824923,-0.3791859,0.8425662,0.66785777,-0.51669747,-0.5357143,0.63848704,0.767621,0.055609375
1356444019113,0.34721154,-0.41151828,0.84267247,0.68026644,-0.5079953,-0.52837336,0.645509,0.7566991,0.10356021
1356444019153,0.29754472,-0.43538815,0.84964955,0.69466764,-0.51175684,-0.50551146,0.6549076,0.7406363,0.15017948
1356444019193,0.26538783,-0.4482677,0.8535955,0.69961345,-0.51965225,-0.4904105,0.66340804,0.7273359,0.17570478
1356444019234,0.2669406,-0.45121768,0.8515547,0.6914732,-0.5258064,-0.49537095,0.67127305,0.7210618,0.17164588
1356444019294,0.29450893,-0.44543707,0.8454882,0.6730344,-0.531419,-0.5144109,0.6784462,0.7205413,0.1432868
1356444019313,0.32725602,-0.43181592,0.840499,0.6519852,-0.5406447,-0.53161883,0.6839728,0.7219684,0.10460839
1356444019354,0.34898174,-0.41182065,0.841793,0.6363007,-0.5553321,-0.53546965,0.68799216,0.7225026,0.06824097
1356444019390,0.35519642,-0.38692147,0.85095674,0.62886876,-0.5746213,-0.5237696,0.69163555,0.72118115,0.03921932
1356444019420,0.35002112,-0.35860932,0.8653812,0.6281127,-0.5955178,-0.5008324,0.694953,0.7188588,0.016803207
1356444019450,0.34096742,-0.3311488,0.8798191,0.62974054,-0.61441797,-0.47530764,0.69797426,0.7161222,-9.586513E-4
1356444019480,0.33024126,-0.30441654,0.8934603,0.63294506,-0.6307901,-0.44886997,0.7002294,0.71374667,-0.015633972
1356444019524,0.32075304,-0.2784415,0.9053109,0.6370858,-0.6438619,-0.42374954,0.70088464,0.7126796,-0.029129568
1356444019563,0.3095562,-0.2507305,0.91722906,0.6431538,-0.65528005,-0.39618343,0.7003771,0.71256036,-0.041587714
1356444019604,0.29583824,-0.22362766,0.9286929,0.64945436,-0.6658509,-0.3672216,0.70049185,0.71178174,-0.051748183
1356444019643,0.27557802,-0.19847798,0.9405653,0.65521264,-0.6771702,-0.33486837,0.70338684,0.70855266,-0.05656794
1356444019683,0.24497336,-0.17618081,0.95338786,0.6604583,-0.6895698,-0.2971337,0.70977664,0.7024628,-0.05256617
1356444019724,0.20449322,-0.15689868,0.96621186,0.66593605,-0.7011472,-0.25479767,0.7174341,0.6955397,-0.0388954
1356444019763,0.16069657,-0.14051574,0.97695035,0.6726749,-0.7087423,-0.21258609,0.7222777,0.6913318,-0.019371033
1356444019803,0.12233013,-0.12733921,0.98428655,0.6811576,-0.7105239,-0.17657831,0.72184455,0.6920551,-1.803413E-4
1356444019844,0.095799804,-0.11844227,0.9883288,0.69079685,-0.7069598,-0.15168244,0.7166743,0.6972656,0.014092885
1356444019885,0.08544755,-0.11544153,0.98963225,0.7009679,-0.6989029,-0.14205119,0.7080555,0.70583844,0.021201335
1356444019922,0.09293413,-0.12093356,0.9883007,0.7098007,-0.68804115,-0.15093783,0.69824505,0.71552384,0.02189628
1356444019963,0.11887854,-0.13402584,0.9838216,0.7171155,-0.673726,-0.17843306,0.68674093,0.72672564,0.016020529
1356444020004,0.16510844,-0.15656531,0.97376925,0.72112435,-0.65439266,-0.22748601,0.6728439,0.73976856,0.0048573315
1356444020045,0.22831166,-0.1874882,0.95536476,0.7195497,-0.62852514,-0.29530355,0.65583676,0.7548537,-0.008592479
1356444020085,0.2964837,-0.22440372,0.9282997,0.71164364,-0.59631884,-0.37143916,0.636915,0.77074426,-0.01710328
1356444020125,0.34595108,-0.26418388,0.90029144,0.7033132,-0.56209445,-0.43520153,0.6210221,0.7837453,-0.008653168
1356444020165,0.3509,-0.30379874,0.8857627,0.7067203,-0.5346549,-0.46334717,0.6143416,0.78857493,0.027090311
1356444020205,0.30357152,-0.33834893,0.89071006,0.72582835,-0.52349627,-0.4462342,0.61726624,0.78196657,0.08666465
1356444020245,0.2278589,-0.36117458,0.90423065,0.7473496,-0.53039867,-0.40018195,0.6241384,0.7669615,0.14906773
1356444020285,0.1669032,-0.3707003,0.91363263,0.75735587,-0.5451143,-0.35953087,0.6313124,0.7519519,0.18977076
1356444020325,0.14829373,-0.37173796,0.9164169,0.7543398,-0.556722,-0.34789687,0.6395159,0.74288064,0.19785827
1356444020365,0.16977316,-0.36820722,0.91411185,0.741384,-0.56338114,-0.36462507,0.649251,0.7396115,0.17733595
1356444020405,0.21185416,-0.3605295,0.90837014,0.7218392,-0.5688658,-0.39413184,0.65883684,0.73919564,0.13972777
1356444020445,0.25576973,-0.34828228,0.9018211,0.7004058,-0.5762261,-0.42118317,0.6663435,0.7393666,0.09655771
1356444020485,0.2914102,-0.33184636,0.8971946,0.6810584,-0.5866417,-0.43819064,0.67174375,0.73873514,0.055053294
1356444020525,0.31645632,-0.31236577,0.8957025,0.66501456,-0.6002949,-0.44429892,0.67646945,0.7362564,0.017760724
1356444020565,0.3327766,-0.29120657,0.8969161,0.651996,-0.61610836,-0.44194078,0.68129355,0.73185325,-0.015160918
1356444020605,0.3434503,-0.26975587,0.89959633,0.6416029,-0.63210535,-0.43449804,0.6858481,0.72641206,-0.044020623
1356444020645,0.34957504,-0.24891244,0.9032386,0.63360447,-0.6473718,-0.42362145,0.69017583,0.7203835,-0.068592995
1356444020685,0.3488602,-0.2287104,0.90883887,0.6279386,-0.66284156,-0.4078408,0.6956936,0.7129745,-0.08762294
1356444020725,0.33685708,-0.20847568,0.91818583,0.6248853,-0.67995584,-0.38363832,0.70430505,0.70299214,-0.09877455
1356444020765,0.30959487,-0.18719569,0.93226004,0.6252065,-0.69862515,-0.34790757,0.7164271,0.69056547,-0.09925479
1356444020805,0.26794553,-0.16455124,0.94927764,0.6296081,-0.7158939,-0.30181044,0.7292454,0.67854166,-0.088217795
1356444020845,0.218023,-0.14165089,0.9656091,0.63879216,-0.7273109,-0.25092518,0.73784184,0.67153096,-0.068085015
1356444020882,0.17038596,-0.12107837,0.97791034,0.65201706,-0.73024005,-0.20401746,0.73881143,0.6723759,-0.04547745
1356444020924,0.13397193,-0.106045395,0.9852949,0.6669122,-0.7257664,-0.16879386,0.73299366,0.67971873,-0.026509404
1356444020963,0.11484796,-0.099499136,0.9883875,0.6803199,-0.71714014,-0.15124449,0.72386104,0.6897898,-0.014670849
1356444021005,0.11647928,-0.103668004,0.98776793,0.69048154,-0.70642424,-0.15556327,0.7139101,0.7001555,-0.010702938
1356444021045,0.14037234,-0.120315224,0.9827613,0.6965183,-0.69344455,-0.18438235,0.7036745,0.7103934,-0.013538688
1356444021085,0.18616146,-0.15008521,0.97098833,0.6971684,-0.67618483,-0.23818128,0.69231504,0.72128254,-0.021244891
1356444021125,0.2515741,-0.19168231,0.9486667,0.69010544,-0.65171015,-0.31468797,0.67857575,0.7338474,-0.031672448
1356444021165,0.32942867,-0.24166386,0.9127296,0.67303425,-0.6178778,-0.40651196,0.6621946,0.748215,-0.040898625
1356444021205,0.40152782,-0.2935747,0.8675191,0.6493281,-0.57674915,-0.49571505,0.64587027,0.76234794,-0.040954564
1356444021245,0.43994713,-0.34015357,0.831109,0.63427484,-0.5374628,-0.5557241,0.6357216,0.7716407,-0.020704357
1356444021285,0.42121333,-0.37593004,0.82538235,0.646034,-0.51437587,-0.56396586,0.6365684,0.770775,0.026201606
1356444021325,0.3420812,-0.39494225,0.8526435,0.682598,-0.5191566,-0.51433074,0.6457865,0.7579557,0.09199321
1356444021365,0.23151833,-0.39271128,0.8900433,0.7185854,-0.54768646,-0.42857277,0.65577,0.73879457,0.15539712
1356444021405,0.13902521,-0.37525645,0.9164358,0.7360673,-0.5799265,-0.34912762,0.6624779,0.7230959,0.19558966
1356444021445,0.099081516,-0.35560608,0.9293692,0.738606,-0.59958076,-0.3081625,0.66681635,0.71697086,0.2032454
1356444021485,0.11318624,-0.34042534,0.93343425,0.73341525,-0.6051665,-0.30963778,0.67029166,0.7196417,0.1811766
1356444021525,0.15899622,-0.32690343,0.93158704,0.72248805,-0.60455173,-0.3354522,0.67285305,0.7263961,0.14006239
1356444021565,0.20994979,-0.30975947,0.92734575,0.70841384,-0.60550916,-0.36264098,0.6738478,0.733081,0.09231135
1356444021605,0.2500242,-0.28679028,0.9247914,0.6956166,-0.6111762,-0.37759906,0.67350227,0.7377092,0.046687305
1356444021645,0.27526575,-0.25895974,0.92583406,0.68654585,-0.6211841,-0.37786925,0.67296624,0.739642,0.006796986
1356444021685,0.28828275,-0.2286049,0.92985636,0.6809228,-0.63380504,-0.36692685,0.6732289,0.7389391,-0.02705276
1356444021726,0.29169863,-0.19770597,0.93585485,0.6777151,-0.64772385,-0.3480748,0.6749919,0.73577595,-0.05495188
1356444021763,0.28466296,-0.16694334,0.94397926,0.6762321,-0.6629919,-0.32117265,0.6794683,0.72977513,-0.07583678
1356444021803,0.2636764,-0.135932,0.95498544,0.6756866,-0.6805271,-0.28342634,0.68842024,0.72000366,-0.0875915
1356444021843,0.22546178,-0.10386518,0.9686997,0.675172,-0.70015615,-0.23221576,0.70236015,0.7063947,-0.08773161
1356444021887,0.1719101,-0.07129601,0.9825293,0.67399144,-0.7188911,-0.17009163,0.7184584,0.69145685,-0.07553174
1356444021925,0.11252165,-0.041086495,0.99279946,0.6733323,-0.73161596,-0.10659152,0.7307274,0.6804778,-0.054657757
1356444021965,0.058724105,-0.017147541,0.9981269,0.6763565,-0.73470706,-0.052415013,0.73422974,0.6781677,-0.03154716
1356444022005,0.020388663,-0.003593415,0.99978566,0.68416905,-0.7291352,-0.016572982,0.7290385,0.68436027,-0.012407646
1356444022045,0.0046563745,-0.0041026473,0.9999807,0.69553703,-0.71846354,-0.006186396,0.7184751,0.69555247,-4.918128E-4
1356444022085,0.018241405,-0.022659779,0.9995768,0.7084668,-0.70515156,-0.028914273,0.70550835,0.70869446,0.0031907558
1356444022125,0.06727111,-0.063434005,0.99571615,0.7195503,-0.68825763,-0.09245998,0.6911743,0.7226878,-6.5594167E-4
1356444022165,0.15597844,-0.12934852,0.97925466,0.7211454,-0.66256344,-0.20238322,0.6749963,0.7377524,-0.010066509
1356444022205,0.28168023,-0.2187332,0.93424404,0.69985896,-0.6192455,-0.35599476,0.65639436,0.75411576,-0.021346781
1356444022245,0.422355,-0.31865084,0.84857404,0.64532125,-0.551714,-0.5283674,0.6365349,0.7707615,-0.027386993
1356444022285,0.53712976,-0.40831208,0.7380873,0.5717598,-0.46708378,-0.67448014,0.620147,0.78429204,-0.01742816
1356444022325,0.5937439,-0.47718996,0.64788723,0.5202892,-0.38653526,-0.7615048,0.61381376,0.78922755,0.018773854
1356444022365,0.5952821,-0.53122264,0.60286134,0.512723,-0.32655403,-0.7940263,0.6186715,0.7817705,0.07797825
1356444022405,0.56680644,-0.57491016,0.5900922,0.53212667,-0.2913309,-0.79496384,0.6289449,0.76459444,0.14079678
1356444022443,0.5465758,-0.6082253,0.5756014,0.5411622,-0.2680047,-0.79706776,0.6390607,0.7471516,0.18266365
1356444022485,0.55935395,-0.6302294,0.5384553,0.5167832,-0.24276006,-0.82097673,0.64811903,0.73748124,0.18990314
1356444022525,0.59670675,-0.6397426,0.48442796,0.4619341,-0.21978498,-0.85925055,0.6561692,0.7364944,0.16437173
1356444022565,0.6350093,-0.6388079,0.43438202,0.39738217,-0.21208113,-0.8928096,0.662458,0.7395581,0.11917737
1356444022605,0.6614882,-0.63242763,0.40307403,0.34285802,-0.2229878,-0.91253746,0.6669946,0.7418299,0.06932914
1356444022645,0.6742636,-0.62417287,0.39468575,0.30827898,-0.24775848,-0.91846603,0.6710683,0.7409615,0.025364848
1356444022685,0.6764262,-0.6149676,0.405293,0.29262877,-0.2805843,-0.91413385,0.6758816,0.7369445,-0.009837359
1356444022725,0.6722883,-0.60412014,0.42786372,0.2902004,-0.31664124,-0.9030626,0.68103755,0.7312846,-0.037558287
1356444022765,0.6654613,-0.591612,0.45514452,0.29509526,-0.35156867,-0.88843584,0.6856239,0.7255306,-0.05937344
1356444022805,0.6562979,-0.5782034,0.48472047,0.30542922,-0.3838488,-0.8714202,0.68991745,0.7199591,-0.07531896
1356444022845,0.6412834,-0.56433654,0.51988447,0.32308543,-0.41595936,-0.850055,0.6959679,0.7130933,-0.08441889
1356444022888,0.614731,-0.54938245,0.56593704,0.3510307,-0.4519807,-0.82005537,0.7063167,0.70277476,-0.08499643
1356444022925,0.5734904,-0.53128433,0.623575,0.38945502,-0.49285552,-0.7780863,0.72071743,0.6890794,-0.07573655
1356444022966,0.52286756,-0.5092037,0.68360895,0.4326089,-0.5324948,-0.7275293,0.7344788,0.67613673,-0.05813822
1356444023005,0.47657472,-0.4866837,0.7321308,0.47178617,-0.56112635,-0.68011403,0.74181825,0.6695343,-0.037808
1356444023045,0.44641978,-0.46992815,0.7614965,0.501376,-0.5735119,-0.6478474,0.74116904,0.671008,-0.020416379
1356444023085,0.43821925,-0.46416658,0.7697488,0.5174713,-0.569937,-0.6382752,0.7349744,0.67802745,-0.009564459
1356444023125,0.45439738,-0.47216904,0.75536716,0.5162814,-0.55143374,-0.65526664,0.7259315,0.6877334,-0.0067979395
1356444023165,0.49353862,-0.49322838,0.7163417,0.49466032,-0.5182624,-0.69764984,0.71535367,0.698663,-0.011801988
1356444023205,0.54920876,-0.52168727,0.6528492,0.45195758,-0.4716864,-0.75713027,0.7029253,0.7108828,-0.023273766
1356444023245,0.61121047,-0.5491885,0.56992435,0.39186677,-0.41564727,-0.82077867,0.6876497,0.72500294,-0.03883922
1356444023285,0.6676326,-0.5686482,0.48052683,0.3256919,-0.35731986,-0.87535554,0.66947114,0.74091953,-0.053354263
1356444023325,0.7075251,-0.57912517,0.40499663,0.27330732,-0.30425876,-0.9125403,0.6516988,0.7563337,-0.056991547
1356444023365,0.7231452,-0.5872168,0.36364466,0.25667763,-0.2603106,-0.93078196,0.64123136,0.7664299,-0.03751695
1356444023405,0.71088207,-0.6007661,0.3656865,0.2866801,-0.22727683,-0.930677,0.64223135,0.76643664,0.010660708
1356444023445,0.67327213,-0.6199771,0.40290564,0.35241872,-0.20995998,-0.9119856,0.6500043,0.75600594,0.07713139
1356444023485,0.6229966,-0.63661486,0.45452914,0.42510217,-0.21222997,-0.8799128,0.6566303,0.741404,0.13840786
1356444023525,0.5780972,-0.6427491,0.50267,0.479321,-0.23104909,-0.8466803,0.66034454,0.7304038,0.17451435
1356444023565,0.54794836,-0.63649696,0.5427931,0.5082721,-0.2620308,-0.8203653,0.6643886,0.7254044,0.1799343
1356444023605,0.5307611,-0.61956036,0.5783057,0.5180677,-0.3028499,-0.79992986,0.67074466,0.7241732,0.16023329
1356444023645,0.5229994,-0.5940209,0.6112371,0.51692086,-0.34913477,-0.78159946,0.67769057,0.7247372,0.12446454
1356444023685,0.5230688,-0.5619629,0.64077836,0.5111219,-0.39480075,-0.76347035,0.6820217,0.7268633,0.080723554
1356444023725,0.5283478,-0.5259011,0.6665408,0.50532806,-0.43608457,-0.74463,0.6822699,0.73024535,0.035348266
1356444023765,0.5342543,-0.4884337,0.68993104,0.5029663,-0.47230732,-0.7238444,0.6794095,0.733729,-0.006666541
1356444023805,0.53592986,-0.45165014,0.7132961,0.5061294,-0.5043444,-0.6996212,0.6757309,0.735968,-0.041699797
1356444023845,0.5283736,-0.41665235,0.7397446,0.5162968,-0.5339974,-0.6695404,0.6739873,0.73569524,-0.06703392
1356444023889,0.50603265,-0.383299,0.77266604,0.53465694,-0.5635546,-0.6297207,0.6768108,0.7317705,-0.08024356
1356444023925,0.4631195,-0.35033944,0.8141146,0.56117105,-0.59507036,-0.5753071,0.6860082,0.7232935,-0.07898831
1356444023965,0.39629793,-0.31573063,0.8621265,0.5926865,-0.62917006,-0.5028597,0.70119244,0.710253,-0.062209517
1356444024005,0.3133282,-0.27859873,0.9078591,0.6220548,-0.66213524,-0.4178813,0.7175467,0.6956721,-0.034161985
1356444024045,0.23133516,-0.2415593,0.9424082,0.64459586,-0.68748856,-0.3344484,0.72868395,0.68484205,-0.0033321679
1356444024085,0.1656546,-0.20901804,0.96377903,0.6611147,-0.70162636,-0.26579666,0.731769,0.6811989,0.021957252
1356444024125,0.12358576,-0.18488316,0.97495884,0.67367005,-0.70576674,-0.21923022,0.7286255,0.68389434,0.03732755
1356444024165,0.10697049,-0.17175418,0.97931504,0.683637,-0.70248514,-0.19787689,0.7219404,0.690663,0.042272232
1356444024205,0.115368664,-0.17089322,0.9785119,0.6918912,-0.69299227,-0.2026038,0.7127248,0.7003979,0.038289897
1356444024245,0.14741951,-0.18221486,0.9721446,0.6981407,-0.6770638,-0.23277465,0.700619,0.71300924,0.027399234
1356444024285,0.20044643,-0.20409934,0.9582091,0.70042884,-0.6539915,-0.2858225,0.6849968,0.72844946,0.011866815
1356444024325,0.26783156,-0.23289922,0.9348926,0.6966454,-0.62348366,-0.35489908,0.665546,0.7463418,-0.004740447
1356444024365,0.33316255,-0.26437378,0.90504646,0.6881594,-0.58799726,-0.42508313,0.6445458,0.76443803,-0.013967305
1356444024405,0.37045926,-0.2945664,0.8809033,0.68483704,-0.55407697,-0.4732832,0.62750155,0.77860737,-0.0035329796
1356444024445,0.35854095,-0.32072222,0.87669015,0.6990932,-0.5301135,-0.47984198,0.61864126,0.7849312,0.034147292
1356444024523,0.30032223,-0.3389007,0.8916013,0.7283802,-0.52204156,-0.44377345,0.61584806,0.78269976,0.09006789
1356444024524,0.22907877,-0.3448437,0.91027784,0.7555569,-0.52660763,-0.3896386,0.61372364,0.77702457,0.1399144
1356444024550,0.17525631,-0.34237173,0.9230746,0.7702298,-0.53629845,-0.34515196,0.6132138,0.77146965,0.16971529
1356444024594,0.15121454,-0.32842553,0.93234694,0.7732558,-0.548274,-0.31854525,0.6157999,0.7691114,0.17104995
1356444024633,0.15184581,-0.3057523,0.9399247,0.7685758,-0.5614036,-0.3067857,0.6214775,0.7689874,0.14974695
1356444024673,0.16393101,-0.2767663,0.9468511,0.7600254,-0.5764628,-0.3000865,0.6288783,0.76882434,0.115849346
1356444024713,0.17333144,-0.2424787,0.95454717,0.75119793,-0.59424436,-0.28735912,0.6369127,0.7668623,0.07914826
1356444024753,0.1740489,-0.20460632,0.9632462,0.7433096,-0.6143078,-0.26479575,0.6459085,0.76207757,0.045166194
1356444024793,0.16660184,-0.1648759,0.9721418,0.735963,-0.6353411,-0.2338807,0.656203,0.75442535,0.0154935345
1356444024833,0.15461612,-0.12505513,0.9800281,0.72886986,-0.65521514,-0.19859943,0.6669652,0.7450197,-0.010157846
1356444024891,0.14008814,-0.08671391,0.98633456,0.7223261,-0.67238146,-0.16170385,0.6772151,0.735108,-0.031556956
1356444024915,0.12195641,-0.051267117,0.9912105,0.7158208,-0.68725455,-0.12361902,0.68755156,0.72460526,-0.047116965
1356444024955,0.09761804,-0.02004835,0.995022,0.7073511,-0.70190865,-0.083538175,0.7000894,0.71198475,-0.054337725
1356444024995,0.06518692,0.006052017,0.9978547,0.6955407,-0.71731097,-0.04108718,0.7155235,0.6967269,-0.050968766
1356444025035,0.0262447,0.026454955,0.99930537,0.6825956,-0.7307949,0.0014196336,0.73032486,0.6820842,-0.03723748
1356444025074,-0.013415873,0.041005403,0.99906886,0.67439675,-0.7373216,0.039318353,0.7382473,0.67429626,-0.017762125
1356444025115,-0.047605693,0.04967174,0.9976304,0.6756165,-0.7340373,0.06878707,0.7357146,0.6772902,0.0013852715
1356444025155,-0.0701952,0.052238226,0.9961645,0.68519086,-0.7232437,0.0862087,0.72497314,0.6886143,0.014975101
1356444025195,-0.076599,0.048333675,0.9958897,0.6996366,-0.70903105,0.0882242,0.710381,0.70351887,0.020495102
1356444025235,-0.06351793,0.037140757,0.9972893,0.71625614,-0.6941678,0.0714708,0.6949407,0.7188543,0.017489865
1356444025275,-0.029123783,0.017552733,0.9994217,0.73316824,-0.67923176,0.03329426,0.67942333,0.7337139,0.0069127083
1356444025315,0.02654612,-0.011212468,0.9995847,0.7480689,-0.66305906,-0.027304143,0.6630899,0.74848306,-0.009213895
1356444025355,0.09923941,-0.04893878,0.9938594,0.75771713,-0.6436921,-0.10735613,0.6449933,0.76371825,-0.02679789
1356444025395,0.17531008,-0.09383154,0.98003167,0.7596484,-0.6203228,-0.1952793,0.6262594,0.7787139,-0.037469894
1356444025435,0.22891164,-0.14193967,0.96304345,0.7571738,-0.59579897,-0.26778996,0.6117903,0.79049146,-0.028912336
1356444025476,0.23278749,-0.18754363,0.9542732,0.7598683,-0.57732433,-0.29882574,0.6069679,0.7946849,0.008114547
1356444025515,0.18179387,-0.22324747,0.9576595,0.7707615,-0.572419,-0.27975583,0.6106372,0.7889849,0.06800828
1356444025555,0.10710353,-0.24321088,0.9640422,0.78018427,-0.5804875,-0.23312405,0.6163126,0.777099,0.127577
1356444025595,0.055749238,-0.24936667,0.9668031,0.78180325,-0.591381,-0.19761586,0.6210278,0.76686674,0.16198671
1356444025635,0.05394888,-0.24886674,0.967034,0.7777663,-0.59688437,-0.19699854,0.62623394,0.7627543,0.16135907
1356444025674,0.09370923,-0.24528927,0.96491027,0.7687294,-0.5980535,-0.22668758,0.63267195,0.7629975,0.13251787
1356444025715,0.14980805,-0.23771843,0.95971215,0.753893,-0.600548,-0.26643464,0.6396897,0.7634343,0.089247346
1356444025755,0.19364613,-0.22312352,0.95536226,0.73754454,-0.60903144,-0.29173425,0.6469384,0.76111543,0.046626896
1356444025795,0.21511686,-0.20163131,0.95554674,0.724258,-0.6234277,-0.29459852,0.65511453,0.7554355,0.011923261
1356444025835,0.2183271,-0.17522061,0.96001613,0.71463674,-0.6412048,-0.2795545,0.66455066,0.74709713,-0.014773272
1356444025890,0.2115488,-0.14617303,0.96637493,0.70776534,-0.65896964,-0.25461182,0.6740292,0.73782957,-0.03594803
1356444025915,0.20045811,-0.11659658,0.97273934,0.70339644,-0.67399883,-0.22574133,0.6819458,0.72947305,-0.053094953
1356444025954,0.18557674,-0.08771685,0.97870684,0.70112956,-0.68601394,-0.1944283,0.6884612,0.7222816,-0.0658074
1356444025995,0.16313046,-0.059761465,0.9847929,0.69915485,-0.69726473,-0.15812767,0.69611126,0.71431816,-0.071962595
1356444026035,0.12868053,-0.032464057,0.99115455,0.69546556,-0.7095338,-0.11353144,0.7069434,0.7039231,-0.06872553
1356444026074,0.08264971,-0.0062481463,0.996559,0.6900765,-0.72109705,-0.061752588,0.71900165,0.6928059,-0.05528672
1356444026115,0.031274855,0.017771184,0.9993528,0.68566185,-0.7278704,-0.0085143745,0.7272481,0.6854844,-0.034949064
1356444026155,-0.015536189,0.037947953,0.999159,0.68495417,-0.72757965,0.038283914,0.7284205,0.6849729,-0.01468879
1356444026195,-0.050143838,0.05241391,0.9973657,0.68847156,-0.72162694,0.072536945,0.7235279,0.69029516,9.961426E-5
1356444026235,-0.06752783,0.059340477,0.9959512,0.69550234,-0.7129112,0.08963314,0.7153436,0.69873905,0.006869927
1356444026275,-0.06438124,0.05675322,0.99631023,0.7057437,-0.703269,0.085665494,0.7055359,0.7086549,0.0052241236
1356444026315,-0.038557827,0.04241261,0.9983559,0.718678,-0.6929867,0.05719605,0.6942732,0.71970177,-0.0037609935
1356444026355,0.011286974,0.014447242,0.9998319,0.7325151,-0.68074894,0.0015673339,0.68065715,0.7323743,-0.018266425
1356444026395,0.0831334,-0.028526217,0.9961301,0.7428626,-0.6645224,-0.081026584,0.66426206,0.7467238,-0.034053013
1356444026435,0.16379964,-0.083920985,0.98291755,0.74450684,-0.6431753,-0.17898336,0.6472088,0.76110625,-0.04287213
1356444026475,0.22390693,-0.14290994,0.964076,0.7391032,-0.6198947,-0.26354715,0.635289,0.7715616,-0.03317356
1356444026515,0.23001587,-0.19240376,0.9539777,0.7385385,-0.60385805,-0.29986042,0.6337614,0.77352196,0.0032006204
1356444026555,0.17409688,-0.22224063,0.95932233,0.74795765,-0.60381484,-0.27562088,0.6405072,0.7655172,0.061104357
1356444026595,0.08962458,-0.23218942,0.9685327,0.7564172,-0.61674476,-0.21785036,0.64792,0.75213957,0.12035663
1356444026635,0.028578281,-0.23371395,0.9718854,0.7574301,-0.6294068,-0.17362875,0.65229064,0.7410972,0.15903449
1356444026675,0.022582054,-0.24025336,0.97044754,0.75480723,-0.63241184,-0.17413011,0.6555579,0.736433,0.1670638
1356444026715,0.07130951,-0.25583792,0.96408606,0.7481171,-0.6255633,-0.22133988,0.659724,0.7370329,0.14678812
1356444026754,0.1517924,-0.27394238,0.94969183,0.73237514,-0.6140682,-0.29418835,0.6637663,0.7401862,0.10741776
1356444026795,0.23960495,-0.28669414,0.9275753,0.70708215,-0.6031726,-0.36907667,0.6653002,0.7443045,0.058193173
1356444026834,0.3146541,-0.2883585,0.90434635,0.6787716,-0.5976373,-0.4267304,0.66352236,0.7481171,0.0076805055
1356444026889,0.36654556,-0.27772343,0.88798314,0.6555367,-0.6001874,-0.45830852,0.6602393,0.7500965,-0.037938114
1356444026915,0.39010078,-0.25541508,0.884638,0.64356947,-0.6114757,-0.46034312,0.65851325,0.74890625,-0.0741598
1356444026954,0.38468027,-0.22335729,0.89561856,0.64414775,-0.63000274,-0.43378586,0.6611314,0.7437796,-0.0984745
1356444026995,0.35093582,-0.18334982,0.9182739,0.65377986,-0.6540846,-0.3804541,0.670385,0.73386395,-0.109671324
1356444027035,0.2918523,-0.13735384,0.9465496,0.6658484,-0.6812718,-0.30416226,0.68663543,0.71902895,-0.1073739
1356444027075,0.21436083,-0.08906901,0.972685,0.6738914,-0.70737475,-0.21328704,0.7070501,0.7012045,-0.09161062
1356444027115,0.13132614,-0.043286294,0.99039376,0.6764661,-0.7263912,-0.12144709,0.7246703,0.685917,-0.06611246
1356444027155,0.056283414,-0.004532546,0.9984045,0.67816865,-0.7337302,-0.041561633,0.7327479,0.67942584,-0.038223058
1356444027195,-0.002313137,0.024584323,0.9996951,0.6838411,-0.7293699,0.019518822,0.7296273,0.6836778,-0.015124679
1356444027235,-0.040399313,0.04277259,0.9982677,0.6942801,-0.71729636,0.058830976,0.7185702,0.6954541,-7.1787834E-4
1356444027275,-0.055238783,0.049176633,0.9972614,0.70818686,-0.7021519,0.07385114,0.70386076,0.7103269,0.003959805
1356444027315,-0.044728816,0.042981446,0.9980741,0.72438484,-0.68659943,0.0620313,0.6879433,0.7257644,-4.2437017E-4
1356444027355,-0.007855415,0.02344504,0.9996942,0.7411947,-0.67094374,0.021559298,0.67124414,0.74113744,-0.012106761
1356444027395,0.053877413,-0.009389341,0.9985034,0.75524503,-0.65376246,-0.04689926,0.6532244,0.75664157,-0.028131768
1356444027435,0.131401,-0.053551584,0.9898819,0.7618127,-0.6334896,-0.13539732,0.6343305,0.7718959,-0.042444915
1356444027475,0.20113426,-0.10349271,0.9740812,0.7597467,-0.6112139,-0.22181645,0.6183284,0.7846699,-0.0443078
1356444027515,0.2296738,-0.15082583,0.96151,0.7574116,-0.5927128,-0.27389628,0.6112099,0.79116565,-0.021893382
1356444027555,0.19801587,-0.18738738,0.9621205,0.7638997,-0.58555335,-0.27126497,0.61420447,0.7886782,0.027196266
1356444027595,0.12504148,-0.2082757,0.97004426,0.77421474,-0.59093887,-0.22667748,0.62044823,0.7793667,0.087358296
1356444027635,0.05938393,-0.21571085,0.9746499,0.7797049,-0.5996504,-0.18022168,0.6233249,0.77064157,0.13258114
1356444027673,0.040649176,-0.21768191,0.9751729,0.7811513,-0.6016314,-0.16686007,0.6230171,0.7685404,0.1455867
1356444027714,0.07553929,-0.21964124,0.97265184,0.77903605,-0.59586483,-0.19505882,0.62241197,0.7724654,0.12609723
1356444027750,0.13531035,-0.21888024,0.96632427,0.77061385,-0.5897751,-0.2414946,0.6227724,0.7773395,0.08886949
1356444027780,0.18090141,-0.21060395,0.9606876,0.76063114,-0.5892648,-0.2724098,0.62347,0.7800082,0.05359312
1356444027810,0.2128464,-0.19922248,0.9565599,0.7510413,-0.59286845,-0.29059252,0.6250068,0.7802675,0.023434408
1356444027863,0.23219883,-0.18496904,0.954919,0.74131835,-0.60193384,-0.2968549,0.629707,0.7768282,-0.0026473925
1356444027892,0.23704743,-0.16505575,0.95737404,0.7329416,-0.6164366,-0.28775418,0.6376559,0.7699107,-0.025148481
1356444027933,0.23400187,-0.14309463,0.96164805,0.7247299,-0.6336564,-0.27064058,0.6480816,0.76026547,-0.04457187
1356444027974,0.2252143,-0.121557504,0.9666966,0.71629703,-0.65191317,-0.24885298,0.6604521,0.7484872,-0.059748918
1356444028015,0.20903993,-0.10161963,0.97261286,0.70699835,-0.67143345,-0.22210452,0.67561495,0.73406446,-0.06851149
1356444028055,0.18248785,-0.083379954,0.97966623,0.6959553,-0.6928726,-0.1886102,0.6945102,0.716223,-0.06841212
1356444028095,0.14584088,-0.06668067,0.9870584,0.68378544,-0.71424943,-0.14928246,0.7149601,0.6967076,-0.058571517
1356444028135,0.10404974,-0.05173275,0.9932257,0.6736798,-0.73099303,-0.10864851,0.7316618,0.680421,-0.041208297
1356444028175,0.066410184,-0.03940168,0.99701416,0.6700611,-0.73862606,-0.07382241,0.73932934,0.6729629,-0.022650778
1356444028215,0.039760888,-0.030892551,0.9987316,0.6743453,-0.7367461,-0.04963553,0.73734486,0.6754635,-0.008461505
1356444028255,0.027998567,-0.027731657,0.99922323,0.68399227,-0.7284255,-0.03938186,0.7289518,0.6845636,-0.0014266744
1356444028295,0.033908725,-0.031840324,0.9989176,0.69568545,-0.7168421,-0.046464562,0.71754575,0.696508,-0.0021562874
1356444028335,0.060007334,-0.045253664,0.9971716,0.70720494,-0.7030761,-0.07446486,0.70445746,0.7096731,-0.010186054
1356444028375,0.10812205,-0.06969494,0.9916916,0.7164602,-0.6860939,-0.12633204,0.68919826,0.72416687,-0.024248183
1356444028415,0.17781955,-0.105478585,0.9783938,0.72039723,-0.66335803,-0.20244488,0.67037904,0.7408309,-0.041971542
1356444028455,0.26086324,-0.15058228,0.9535593,0.71554387,-0.6328994,-0.2956948,0.6480335,0.75944936,-0.057352
1356444028495,0.3338161,-0.19907326,0.9213776,0.7043,-0.5969824,-0.38415298,0.6265208,0.7771627,-0.059075087
1356444028535,0.3639285,-0.24286306,0.8992071,0.700954,-0.5643331,-0.4361095,0.6133673,0.78901553,-0.03514102
1356444028575,0.33256912,-0.2746831,0.90219015,0.7179878,-0.546516,-0.43106133,0.6114666,0.79111916,0.015464719
1356444028615,0.2572155,-0.29017824,0.92175746,0.7449363,-0.5480524,-0.3804059,0.61555684,0.7844969,0.07519665
1356444028655,0.18710512,-0.2924556,0.93779606,0.76199645,-0.55928123,-0.32644457,0.6199623,0.77567667,0.118205726
1356444028695,0.164998,-0.29099742,0.9423885,0.76386034,-0.5667409,-0.30874264,0.6239335,0.7707951,0.12877032
1356444028735,0.19638896,-0.29065675,0.9364561,0.7529835,-0.5670294,-0.33390623,0.6280503,0.7707115,0.10750144
1356444028775,0.25455964,-0.28769514,0.9232719,0.7324647,-0.56601036,-0.37832236,0.6314229,0.77256966,0.06664312
1356444028815,0.3075034,-0.27686465,0.91037774,0.7099426,-0.57027924,-0.41323495,0.6335796,0.7733871,0.021195207
1356444028855,0.33800197,-0.25651205,0.90551436,0.69380474,-0.5821899,-0.4238984,0.63591635,0.77152866,-0.018812057
1356444028894,0.34648544,-0.22847283,0.90980655,0.6856836,-0.60018086,-0.41185066,0.6401451,0.7665397,-0.051293883
1356444028932,0.33903098,-0.19440076,0.9204707,0.6845329,-0.6201931,-0.38311255,0.645347,0.7599795,-0.077190965
1356444028973,0.32372588,-0.15962398,0.93258876,0.68616533,-0.6390424,-0.34756583,0.65144354,0.7524261,-0.09734613
1356444029013,0.2973851,-0.12367815,0.9467132,0.6904262,-0.6570214,-0.30271217,0.6594497,0.7436576,-0.10999778
1356444029053,0.25540876,-0.08700061,0.9629109,0.69545716,-0.6753343,-0.2454852,0.6716441,0.73236233,-0.111981094
1356444029093,0.19557476,-0.050412446,0.97939223,0.69811,-0.6942395,-0.17514026,0.688762,0.71797645,-0.10058234
1356444029135,0.12400919,-0.016055346,0.9921512,0.69634706,-0.71090823,-0.09854072,0.70691055,0.7031015,-0.07697907
1356444029175,0.053560972,0.012886524,0.9984814,0.6927002,-0.72068745,-0.027856827,0.719234,0.6931403,-0.04752724
1356444029215,-0.0039075613,0.033515573,0.99943054,0.6919619,-0.72143275,0.026898444,0.7219235,0.691673,-0.02037245
1356444029256,-0.041668117,0.043780327,0.9981718,0.69633806,-0.7151649,0.060435742,0.7165034,0.6975833,-6.863475E-4
1356444029295,-0.055540323,0.042007536,0.9975724,0.7055478,-0.70529705,0.06898159,0.7064825,0.7076663,0.009534046
1356444029335,-0.042466104,0.026451677,0.9987476,0.7185737,-0.6937275,0.048926562,0.69415295,0.7197516,0.010452479
1356444029375,3.1203032E-4,-0.004799545,0.9999885,0.7331979,-0.6800064,-0.003492564,0.68001527,0.73319054,0.0033067912
1356444029415,0.075211465,-0.053512663,0.9957307,0.7443166,-0.6614914,-0.091771066,0.6635782,0.74804115,-0.009921387
1356444029455,0.17955065,-0.11905682,0.9765178,0.7430539,-0.63411564,-0.21393529,0.64469564,0.7640176,-0.025390297
1356444029495,0.29529315,-0.19512877,0.9352683,0.72164917,-0.5959751,-0.35218763,0.62611854,0.7789341,-0.03517282
1356444029535,0.38574398,-0.27009553,0.88218474,0.6881401,-0.55268455,-0.47010958,0.6145444,0.78840864,-0.02733114
1356444029575,0.41930026,-0.3348047,0.8438561,0.66771895,-0.5160389,-0.5365215,0.6150924,0.7884223,0.007180156
1356444029615,0.39789718,-0.38627967,0.83214533,0.67235696,-0.49434143,-0.5509651,0.62419057,0.7787261,0.063020825
1356444029655,0.35541064,-0.42401922,0.83300114,0.68713987,-0.48562777,-0.5403742,0.6336576,0.7644431,0.1187633
1356444029695,0.3310516,-0.45004997,0.8293732,0.69297457,-0.48060793,-0.53740335,0.6404616,0.75264275,0.15276712
1356444029735,0.341506,-0.46732265,0.815465,0.68210477,-0.47367233,-0.5571063,0.6466117,0.7464877,0.15700111
1356444029775,0.3778333,-0.4766739,0.79374045,0.6558812,-0.46729243,-0.5928385,0.65349954,0.7445936,0.13608286
1356444029815,0.42320424,-0.47830117,0.76949733,0.6207398,-0.46559626,-0.6307949,0.659985,0.7446127,0.099858284
1356444029855,0.46632493,-0.4733921,0.74728906,0.58422947,-0.46950793,-0.66199565,0.6642417,0.7452934,0.057626367
1356444029893,0.5044148,-0.46380663,0.7283194,0.54994285,-0.47771424,-0.68509275,0.6656791,0.746105,0.014100969
1356444029932,0.53224146,-0.45057687,0.7167283,0.5235392,-0.49013257,-0.69690514,0.6653012,0.74615717,-0.024974227
1356444029973,0.5499376,-0.43615255,0.7122778,0.5056226,-0.5049273,-0.6995672,0.6647665,0.74486196,-0.057149917
1356444030013,0.55339414,-0.42099708,0.7186907,0.49944293,-0.5228023,-0.6908216,0.666567,0.74124163,-0.0790517
1356444030053,0.5381996,-0.4053225,0.73895526,0.50676316,-0.54494995,-0.6679975,0.6734481,0.73399127,-0.08788931
1356444030093,0.5014405,-0.388394,0.77311546,0.5267566,-0.5718244,-0.6289232,0.68635625,0.7226112,-0.08214682
1356444030135,0.44552207,-0.3692742,0.8155653,0.5554054,-0.60047376,-0.5752879,0.7021645,0.7092728,-0.06242743
1356444030175,0.3817876,-0.34883374,0.85589325,0.58673376,-0.62403864,-0.5160613,0.71413004,0.6992073,-0.03357768
1356444030215,0.3270654,-0.3310513,0.88511765,0.61541736,-0.636171,-0.4653471,0.71713996,0.6969157,-0.0043347757
1356444030255,0.2936768,-0.32108924,0.9003642,0.63847923,-0.63509214,-0.4347438,0.7114058,0.702538,0.018497022
1356444030295,0.28773087,-0.3233568,0.9014718,0.6523832,-0.6229392,-0.4316745,0.701147,0.71231115,0.031713665
1356444030335,0.31104594,-0.33975488,0.8875906,0.65396893,-0.60114974,-0.45928597,0.6896195,0.7233157,0.035203934
1356444030375,0.36232352,-0.3693865,0.85573083,0.6400227,-0.5688279,-0.5165323,0.6775637,0.73483896,0.030316055
1356444030415,0.43581623,-0.40758646,0.80245715,0.6076584,-0.5244558,-0.5964038,0.6639394,0.7475423,0.019106954
1356444030455,0.5205934,-0.4465131,0.7277421,0.55683357,-0.46857962,-0.6858348,0.6472393,0.7622723,0.0046940744
1356444030496,0.60112745,-0.47863463,0.6399646,0.49511096,-0.40554428,-0.76837426,0.62730455,0.7787443,-0.0068065524
1356444030535,0.6607827,-0.50248575,0.5575609,0.4403,-0.3421012,-0.830122,0.60786676,0.79402435,-0.004810065
1356444030575,0.6884391,-0.5248049,0.5006311,0.41326514,-0.2834037,-0.8653868,0.5960399,0.80265945,0.021777391
1356444030615,0.68390334,-0.55280644,0.4761105,0.42190033,-0.23273632,-0.8762613,0.59521115,0.80014926,0.07406008
1356444030655,0.6594659,-0.5844064,0.47283608,0.45224595,-0.19400945,-0.8705366,0.6004818,0.78792745,0.13635278
1356444030695,0.63483775,-0.61050355,0.4735677,0.47925496,-0.1696203,-0.8611292,0.6060492,0.773637,0.18490556
1356444030735,0.62415683,-0.6248409,0.46904382,0.4858535,-0.15973648,-0.8593198,0.6118616,0.7642369,0.20388058
1356444030775,0.6283933,-0.6275429,0.45968652,0.4697179,-0.16493788,-0.8672719,0.6200701,0.76091087,0.19112232
