1356444071975,0.4821206,-0.1159786,0.86839426,0.81945956,-0.2909293,-0.4938079,0.3099124,0.94968903,-0.045223266
1356444071995,-0.040406406,0.06067425,0.9973394,0.9499082,-0.30725425,0.057176977,0.30990595,0.9496913,-0.045219928
1356444072010,-0.04040134,0.060655445,0.9973408,0.9499154,-0.30723387,0.057165295,0.30988434,0.94969904,-0.04520479
1356444072041,-0.040373743,0.060585618,0.9973461,0.9499345,-0.30718452,0.05711496,0.30982965,0.9497194,-0.04515013
1356444072086,-0.04021722,0.060358673,0.9973662,0.9499754,-0.3070997,0.056891352,0.30972478,0.9497614,-0.044988573
1356444072123,-0.039184988,0.05977297,0.9974426,0.95005,-0.3070826,0.055725455,0.30962813,0.94980395,-0.044754297
1356444072163,-0.036481142,0.058677226,0.9976102,0.95016754,-0.3072328,0.052816987,0.30959773,0.9498236,-0.044544995
1356444072203,-0.031632304,0.056896567,0.9978788,0.9503312,-0.30756927,0.0476619,0.3096286,0.9498231,-0.044341445
1356444072244,-0.024664462,0.054245025,0.99822295,0.9505422,-0.30797982,0.040222496,0.30961442,0.9498452,-0.043965995
1356444072283,-0.015699208,0.050829023,0.998584,0.95079637,-0.30829751,0.030640602,0.30941838,0.9499311,-0.043488055
1356444072323,-0.005538285,0.04732737,0.99886405,0.9510615,-0.3083614,0.019883782,0.30895218,0.95009124,-0.04330343
1356444072365,0.0057449937,0.044219792,0.9990053,0.95126146,-0.30827707,0.008175105,0.30833197,0.95026827,-0.04383564
1356444072405,0.017331481,0.041802615,0.9989755,0.95128465,-0.30829293,-0.0036034286,0.3078265,0.9503726,-0.04510933
1356444072445,0.028028429,0.03997627,0.99880743,0.9510641,-0.30866122,-0.014334828,0.30772004,0.9503317,-0.04667133
1356444072503,0.036693156,0.03849119,0.998585,0.9506134,-0.30952418,-0.022999585,0.30820093,0.9501122,-0.047947615
1356444072525,0.042768598,0.037236303,0.99839085,0.94998133,-0.31094813,-0.029097617,0.30936426,0.9496972,-0.048672587
1356444072563,0.04647374,0.036427796,0.998255,0.949279,-0.3127212,-0.03278196,0.3109814,0.9491461,-0.049113423
1356444072610,0.04880333,0.03638512,0.99814546,0.9484149,-0.31510663,-0.034885317,0.31325293,0.94835854,-0.049886465
1356444072640,0.04944384,0.03714916,0.99808574,0.9477134,-0.31718206,-0.03514287,0.31526932,0.94763684,-0.050889492
1356444072670,0.050047755,0.03828144,0.9980129,0.94708365,-0.3190447,-0.035256,0.31706107,0.9469662,-0.052223206
1356444072700,0.05048573,0.039620012,0.9979386,0.9465132,-0.32074475,-0.03514996,0.31869096,0.9463366,-0.05369386
1356444072741,0.050279856,0.04079652,0.9979017,0.9459279,-0.32254,-0.03447494,0.32045665,0.9456763,-0.05480787
1356444072784,0.04782927,0.0411008,0.99800956,0.94535756,-0.32446682,-0.03194353,0.3225081,0.94500375,-0.05437398
1356444072823,0.042431355,0.04000762,0.998298,0.9448155,-0.3264823,-0.027074099,0.32484347,0.9443562,-0.05165288
1356444072863,0.03398013,0.037406564,0.99872226,0.94431174,-0.32845443,-0.01982686,0.3272931,0.9437789,-0.04648438
1356444072905,0.023259282,0.03391093,0.99915415,0.94389904,-0.33005822,-0.010770917,0.32941383,0.9433512,-0.03968537
1356444072944,0.011687815,0.030506104,0.9994663,0.9437095,-0.3307742,-9.3978643E-4,0.33056894,0.9432168,-0.03265497
1356444073008,6.027818E-4,0.028130919,0.99960405,0.9439833,-0.3298782,0.008714229,0.3299927,0.94360423,-0.026753962
1356444073025,-0.009769082,0.026973158,0.99958843,0.94499207,-0.32659495,0.018048406,0.32694727,0.9447795,-0.022298932
1356444073065,-0.020721734,0.026498675,0.99943405,0.946791,-0.32061738,0.028131008,0.32118136,0.9468381,-0.018444926
1356444073105,-0.034466803,0.025773793,0.9990735,0.94906604,-0.31242442,0.040801406,0.31318653,0.94959295,-0.013692796
1356444073146,-0.05327475,0.023866415,0.99829465,0.95115244,-0.30322272,0.058008254,0.30409008,0.9526208,-0.0065464675
1356444073185,-0.07859957,0.020120174,0.99670315,0.9521494,-0.2946946,0.08103499,0.2953535,0.9553796,0.0040054917
1356444073225,-0.110216975,0.014472425,0.9938022,0.95116335,-0.28854185,0.10969004,0.28834093,0.9573579,0.018036544
1356444073265,-0.14591879,0.0075627863,0.9892677,0.9477695,-0.2856123,0.14198112,0.2836207,0.9583155,0.034508348
1356444073305,-0.18227404,4.1121244E-4,0.9832477,0.94234526,-0.28535336,0.17481092,0.28064495,0.9584223,0.051625013
1356444073345,-0.21592152,-0.0062012076,0.976391,0.93588537,-0.28641605,0.20514491,0.27838188,0.9580853,0.06764698
1356444073384,-0.2444616,-0.012096018,0.9695835,0.92949116,-0.28774017,0.23076338,0.2761968,0.9576321,0.08158457
1356444073425,-0.2665499,-0.0175654,0.9636611,0.9240179,-0.28902,0.25031638,0.27412036,0.9571619,0.09326899
1356444073465,-0.2817865,-0.023164272,0.95919746,0.9199163,-0.2906286,0.26322818,0.2726727,0.9565555,0.1032044
1356444073505,-0.29068875,-0.02954781,0.95636123,0.9171445,-0.29343897,0.26970258,0.2726646,0.955521,0.11239907
1356444073545,-0.2948081,-0.037386775,0.9548249,0.9151196,-0.29865354,0.2708548,0.2750354,0.953629,0.12225878
1356444073585,-0.29670882,-0.047293067,0.95379627,0.9127875,-0.30760312,0.26869947,0.280683,0.9503388,0.13443696
1356444073625,-0.2997728,-0.059580564,0.9521483,0.9087161,-0.32170808,0.2659679,0.2904673,0.94496244,0.15058118
1356444073665,-0.30768037,-0.074096054,0.9486003,0.90118456,-0.342569,0.2655426,0.30528542,0.93656623,0.172176
1356444073705,-0.32399565,-0.09025717,0.9417434,0.8882097,-0.3717687,0.26994747,0.32574597,0.92392737,0.20061868
1356444073745,-0.35048687,-0.10666394,0.9304739,0.8683612,-0.4092027,0.28018197,0.35086715,0.90618753,0.236043
1356444073785,-0.3840022,-0.120346755,0.9154556,0.843079,-0.44999564,0.29448584,0.3765106,0.8848846,0.2742611
1356444073825,-0.41635984,-0.127466,0.9002206,0.818066,-0.48458683,0.3097479,0.39675266,0.8654063,0.30603808
1356444073865,-0.43819034,-0.12506399,0.8901395,0.8009236,-0.5038681,0.32347876,0.4080574,0.8546789,0.3209568
1356444073905,-0.44171244,-0.11175209,0.8901694,0.7974932,-0.5034194,0.33252597,0.41096804,0.85678494,0.3114881
1356444073945,-0.4214347,-0.08761191,0.9026166,0.81008214,-0.48376048,0.33127412,0.40762672,0.8708041,0.27484637
1356444074008,-0.37704384,-0.054802477,0.9245726,0.8356682,-0.45056766,0.3140817,0.39937007,0.89105856,0.21568054
1356444074025,-0.31629038,-0.018057555,0.9484906,0.86587524,-0.41397858,0.28085938,0.38758305,0.9101076,0.14657295
1356444074065,-0.25000823,0.0175654,0.96808445,0.89249206,-0.38350737,0.23744497,0.37543824,0.92337084,0.08020294
1356444074105,-0.18753606,0.048647076,0.9810523,0.91116977,-0.36443126,0.1922484,0.36687848,0.92995876,0.024018347
1356444074145,-0.1344086,0.07374224,0.9881783,0.92172444,-0.3568204,0.1519973,0.36381084,0.93125784,-0.020010293
1356444074185,-0.093301356,0.092535704,0.9913284,0.9260416,-0.3576542,0.12054205,0.36570722,0.9292581,-0.05232224
1356444074225,-0.06569755,0.10495365,0.9923047,0.9260433,-0.36398095,0.09980795,0.37165526,0.92547417,-0.07327896
1356444074265,-0.052781284,0.11081064,0.992439,0.922734,-0.3745662,0.09089628,0.3818063,0.9205549,-0.0824787
1356444074305,-0.05496621,0.11003128,0.9924071,0.91619754,-0.38956118,0.09393707,0.39693928,0.9144043,-0.07939768
1356444074345,-0.07097614,0.10300413,0.9921454,0.90619504,-0.40902197,0.10729191,0.41686082,0.9066924,-0.064311
1356444074385,-0.097186685,0.09084058,0.99111193,0.8934274,-0.43085235,0.12709776,0.43856853,0.8978387,-0.039286405
1356444074425,-0.12704706,0.07546869,0.98902154,0.8810911,-0.44936675,0.14747217,0.45556286,0.890154,-0.009404123
1356444074465,-0.1528477,0.05900401,0.9864868,0.8737046,-0.45840943,0.16279152,0.46182016,0.8867804,0.018514723
1356444074505,-0.1676895,0.042974442,0.98490274,0.8735583,-0.45656538,0.1686534,0.4569203,0.8886514,0.039020598
1356444074545,-0.16634768,0.028013468,0.98566914,0.87989813,-0.44698256,0.16120079,0.44509283,0.8941039,0.049705625
1356444074585,-0.14494288,0.013782322,0.989344,0.89066386,-0.43367982,0.13652733,0.43094015,0.90096164,0.050583363
1356444074625,-0.10112792,-7.493496E-4,0.9948731,0.90340626,-0.4189058,0.091514856,0.41668957,0.9080293,0.043040067
1356444074665,-0.033951163,-0.016801327,0.99928224,0.9148488,-0.40306413,0.024305642,0.40236655,0.9150174,0.029055238
1356444074705,0.05469787,-0.0353764,0.99787605,0.920483,-0.38548583,-0.06412178,0.3869355,0.9220353,0.011478156
1356444074745,0.15529329,-0.057673424,0.9861834,0.9160017,-0.3653955,-0.16561067,0.36989835,0.9290639,-0.0039144605
1356444074785,0.24551833,-0.08626044,0.9655464,0.90249795,-0.34324723,-0.26015162,0.35386187,0.9352757,-0.006423652
1356444074825,0.29529482,-0.12498537,0.94719565,0.890916,-0.32204425,-0.32024398,0.34506476,0.9384382,0.016253501
1356444074865,0.2847513,-0.17460746,0.9425651,0.89325005,-0.3085026,-0.32700235,0.3478808,0.9350607,0.06812158
1356444074905,0.22342783,-0.22634992,0.94807476,0.90638447,-0.30953103,-0.28750253,0.35853475,0.9235563,0.1360022
1356444074945,0.14829212,-0.2656142,0.9526062,0.9177752,-0.32184136,-0.23260868,0.36837223,0.90877235,0.1960476
1356444075007,0.09750092,-0.28416893,0.9538037,0.92291903,-0.33283073,-0.19350478,0.37244326,0.8991505,0.22981362
1356444075025,0.08652526,-0.28300887,0.95520645,0.92407507,-0.33549577,-0.18310612,0.3722884,0.8985258,0.23249258
1356444075065,0.11208677,-0.26676866,0.95722044,0.92153084,-0.33249408,-0.20057073,0.37177607,0.90458953,0.20856732
1356444075105,0.15768272,-0.24037072,0.9577881,0.91446257,-0.33051115,-0.23349649,0.37268534,0.91267973,0.1676941
1356444075145,0.20576644,-0.20853072,0.956125,0.9043657,-0.33275545,-0.26720127,0.37387547,0.9196677,0.120118126
1356444075185,0.24671859,-0.17474374,0.95320225,0.8939986,-0.33859098,-0.2934663,0.37402716,0.9245651,0.07268402
1356444075225,0.27584177,-0.14107808,0.95079356,0.88579404,-0.3467518,-0.30843508,0.37320274,0.9272865,0.029317424
1356444075265,0.29044205,-0.108936906,0.95067143,0.8814267,-0.35625648,-0.3101101,0.37246528,0.9280162,-0.0074519664
1356444075305,0.28596467,-0.07947093,0.954939,0.8823116,-0.36694252,-0.29475304,0.37383208,0.9268427,-0.034814432
1356444075345,0.25724667,-0.053610563,0.96485746,0.8884369,-0.3796487,-0.25796622,0.3801366,0.92357606,-0.05003372
1356444075385,0.20129102,-0.03190127,0.9790119,0.897007,-0.39553,-0.19731873,0.39352322,0.91789895,-0.051001027
1356444075425,0.12092489,-0.01425463,0.9925593,0.9027168,-0.41432208,-0.115929514,0.41289172,0.9100188,-0.03723398
1356444075465,0.028164566,-1.437962E-4,0.99960333,0.9012184,-0.43261713,-0.02545476,0.43244916,0.9015778,-0.01205492
1356444075505,-0.06008929,0.01094082,0.99813306,0.8940029,-0.44420063,0.058689475,0.4440135,0.8958605,0.016910642
1356444075545,-0.13101178,0.018835336,0.9912019,0.8867204,-0.4449016,0.12565625,0.443354,0.89538145,0.041585624
1356444075585,-0.17727202,0.022838682,0.98389685,0.8836547,-0.43643725,0.16934189,0.4332768,0.8994447,0.057186663
1356444075625,-0.19431752,0.022116125,0.9806894,0.88680243,-0.4233902,0.18526253,0.41931155,0.90567744,0.0626595
1356444075665,-0.17888087,0.015698731,0.98374546,0.8966282,-0.40902925,0.16956705,0.40504262,0.91238624,0.05909154
1356444075705,-0.12841237,0.002498716,0.99171776,0.9112519,-0.39428717,0.118986696,0.39131886,0.91898394,0.048354328
1356444075745,-0.041476488,-0.018083453,0.9989759,0.9251385,-0.37831563,0.031562537,0.37735736,0.92550004,0.032420903
1356444075785,0.078276575,-0.04579556,0.9958793,0.9288824,-0.3593892,-0.08953717,0.3620086,0.93206346,0.01440689
1356444075825,0.21261865,-0.079698324,0.9738796,0.9138486,-0.33663613,-0.22706154,0.3459395,0.938256,0.0012570769
1356444075865,0.3241635,-0.11921862,0.9384588,0.88512886,-0.31188375,-0.3453628,0.33386374,0.942611,0.0044225156
1356444075905,0.3769547,-0.16608912,0.91121876,0.8645417,-0.2899373,-0.4104925,0.3323746,0.9425236,0.034297734
1356444075945,0.36382782,-0.21852198,0.9054709,0.86671436,-0.2766887,-0.4150298,0.34122664,0.935784,0.08872904
1356444076005,0.31252396,-0.26587668,0.9119421,0.8825964,-0.27368182,-0.38225913,0.35121572,0.9243419,0.1491296
1356444076025,0.2638824,-0.2967633,0.91776776,0.89681923,-0.27478427,-0.34671152,0.3550794,0.9145628,0.19363229
1356444076065,0.24757779,-0.30721125,0.9188725,0.90201926,-0.27308947,-0.33434033,0.3536475,0.91161585,0.20949954
1356444076105,0.26820606,-0.2994927,0.9156252,0.8968322,-0.2694536,-0.350837,0.3517916,0.9152589,0.19632564
1356444076145,0.31136113,-0.27843735,0.90858513,0.8824246,-0.270123,-0.38517585,0.35267705,0.92168665,0.1615941
1356444076185,0.3536026,-0.2495789,0.9014852,0.8649611,-0.27965105,-0.41669843,0.3561004,0.9270953,0.116990715
1356444076225,0.3812009,-0.21753347,0.8985349,0.8513355,-0.2963283,-0.43291718,0.36043534,0.9299832,0.07223335
1356444076265,0.39175946,-0.18502736,0.901271,0.84449077,-0.31649005,-0.4320527,0.36518478,0.9303757,0.032265857
1356444076305,0.38879466,-0.15366334,0.90841967,0.8433034,-0.3377406,-0.4180559,0.37105006,0.9286113,-0.0017269403
1356444076345,0.3752207,-0.12484464,0.9184897,0.8461069,-0.3585554,-0.39438716,0.37856653,0.9251226,-0.028905496
1356444076385,0.3508368,-0.100405216,0.9310383,0.8519747,-0.3784194,-0.36185342,0.3886549,0.92017263,-0.04722078
1356444076425,0.31289268,-0.08166596,0.94627106,0.8603877,-0.39760977,-0.3188095,0.40228248,0.91391313,-0.054144815
1356444076465,0.25949162,-0.06941801,0.9632472,0.8698127,-0.41659135,-0.2643434,0.41963062,0.90643966,-0.04772128
1356444076505,0.1927424,-0.0631524,0.979215,0.8779881,-0.43451136,-0.20084041,0.4381636,0.8984496,-0.02830173
1356444076545,0.122780204,-0.06092283,0.9905622,0.8835732,-0.447787,-0.1370593,0.45191088,0.8920623,-0.0011495948
1356444076585,0.06369728,-0.06069988,0.9961216,0.8879172,-0.4522066,-0.08433387,0.45557183,0.8898454,0.02509208
1356444076625,0.02522409,-0.061922222,0.9977622,0.8930652,-0.44710386,-0.050325066,0.44921958,0.89233613,0.044022813
1356444076665,0.012689114,-0.06508389,0.9977991,0.89957976,-0.43493855,-0.03981,0.43657225,0.898105,0.05302915
1356444076705,0.029360592,-0.071368575,0.99701774,0.9062771,-0.41886753,-0.056671858,0.42166302,0.90523833,0.052381545
1356444076749,0.078875184,-0.08083528,0.9936017,0.9108254,-0.3992703,-0.10478708,0.40518615,0.9132627,0.0421343
1356444076783,0.15899903,-0.09671515,0.98253024,0.9074604,-0.37768942,-0.18402857,0.38888958,0.9208675,0.027712837
1356444076823,0.2572021,-0.1123679,0.9598023,0.8923609,-0.35355294,-0.28052136,0.37086254,0.9286407,0.0093382
1356444076863,0.36589625,-0.13062817,0.9214424,0.86164933,-0.3265958,-0.38845277,0.35168216,0.9360937,-0.0069444776
1356444076903,0.4577189,-0.15399301,0.87565947,0.8233244,-0.29834884,-0.4828301,0.33560443,0.9419523,-0.009773716
1356444076944,0.5073143,-0.18790412,0.8410257,0.79660493,-0.27001154,-0.540846,0.32871377,0.94434416,0.012704603
1356444077008,0.5099529,-0.23345917,0.8279159,0.7935627,-0.24375984,-0.55752957,0.33197308,0.9413171,0.060958512
1356444077025,0.4858547,-0.2806164,0.82776785,0.80547357,-0.22394866,-0.5486886,0.33934858,0.9333281,0.11722267
1356444077063,0.46516457,-0.31514877,0.8272262,0.8148697,-0.21264842,-0.5392291,0.34584576,0.9249118,0.15788871
1356444077104,0.46767205,-0.32923472,0.8202971,0.8110398,-0.20913208,-0.5463315,0.35142174,0.9207976,0.16921726
1356444077143,0.49244317,-0.3241669,0.80772245,0.79349875,-0.2140617,-0.5696817,0.35757446,0.9214626,0.15181282
1356444077184,0.52416927,-0.3069399,0.79437673,0.7698348,-0.22807437,-0.5961011,0.36414418,0.92399675,0.116743445
1356444077225,0.5496912,-0.28463295,0.7853812,0.7489375,-0.24854764,-0.61426115,0.37004364,0.9258554,0.07654783
1356444077265,0.5630574,-0.26155806,0.78393483,0.7365452,-0.27137265,-0.6195629,0.37479007,0.9262529,0.039850898
1356444077305,0.5654381,-0.23914059,0.7893615,0.7326788,-0.29386282,-0.613862,0.3787633,0.9254493,0.009051979
1356444077345,0.55952656,-0.21772897,0.7997025,0.73531216,-0.31479743,-0.6001821,0.38242134,0.9238488,-0.016038775
1356444077385,0.54681253,-0.1982364,0.8134484,0.74275887,-0.33352992,-0.58057475,0.38640046,0.9216616,-0.03513649
1356444077425,0.5264327,-0.1827063,0.8303535,0.75425625,-0.35037082,-0.5552817,0.3923851,0.9186178,-0.0466393
1356444077465,0.49589068,-0.1736354,0.85084856,0.7693536,-0.36655116,-0.5231972,0.402725,0.914052,-0.04818231
1356444077505,0.45429608,-0.17229095,0.8740314,0.7868643,-0.38240203,-0.4843691,0.41768372,0.9077911,-0.038154192
1356444077545,0.40646496,-0.17691147,0.89637524,0.8046965,-0.3953329,-0.442917,0.4327237,0.90134025,-0.018328935
1356444077585,0.36221194,-0.18344611,0.91386545,0.8213262,-0.40075392,-0.40597984,0.44071054,0.89763236,0.0055112317
1356444077625,0.3300361,-0.18849522,0.92495716,0.8360507,-0.3965832,-0.37913212,0.43828702,0.89843833,0.026704729
1356444077665,0.31323618,-0.19073138,0.93032503,0.8479562,-0.38492727,-0.3644191,0.42761362,0.9030241,0.041158706
1356444077743,0.31123775,-0.19031799,0.93108004,0.85551596,-0.37048596,-0.36170787,0.4137916,0.909131,0.047510877
1356444077744,0.31892675,-0.18923387,0.9286961,0.85870624,-0.35702252,-0.3676393,0.40113515,0.9147271,0.04863219
1356444077770,0.33619964,-0.18392009,0.92365754,0.8581355,-0.34426445,-0.38090086,0.38803777,0.9206821,0.04208675
1356444077814,0.3625568,-0.17568383,0.9152528,0.85363996,-0.33147272,-0.4017768,0.37396702,0.9269633,0.029793069
1356444077853,0.3924157,-0.1649419,0.904878,0.84709823,-0.3185057,-0.42541602,0.35837772,0.9334605,0.014735326
1356444077893,0.4178748,-0.15465534,0.89524424,0.8415786,-0.3053103,-0.44556814,0.34223685,0.9396102,0.0025731772
1356444077933,0.42760256,-0.15372357,0.89080024,0.8412421,-0.29300705,-0.45437723,0.33085927,0.9436715,0.0040281713
1356444077974,0.4107115,-0.1727925,0.89524233,0.84935194,-0.28452495,-0.444575,0.33153793,0.94296783,0.029903889
1356444078013,0.36352932,-0.21429524,0.9066002,0.86493134,-0.28384608,-0.4139143,0.34603482,0.9346169,0.08216435
1356444078052,0.3017285,-0.2587442,0.9176117,0.88138556,-0.29123986,-0.37193915,0.3634822,0.9209944,0.14017807
1356444078093,0.2443108,-0.2889154,0.92565656,0.89397097,-0.30270863,-0.3304292,0.37567028,0.9082376,0.18432696
1356444078133,0.20370013,-0.29377913,0.93391645,0.9019424,-0.31471634,-0.2957254,0.38079676,0.9025782,0.20086412
1356444078173,0.18240261,-0.27343994,0.9444363,0.9059904,-0.32643133,-0.2694882,0.38198248,0.90480554,0.18819207
1356444078214,0.17453909,-0.23534492,0.9561114,0.9074516,-0.33844966,-0.2489649,0.38218814,0.9110788,0.15449136
1356444078255,0.17109656,-0.18965185,0.96682894,0.9081398,-0.35021925,-0.2294091,0.3821099,0.91726696,0.11230908
1356444078295,0.16600144,-0.14406464,0.97554547,0.9093951,-0.3602236,-0.20794147,0.38137144,0.9216748,0.07121399
1356444078335,0.1570034,-0.10232568,0.98228276,0.9114493,-0.36796635,-0.18401322,0.38027632,0.9241916,0.03549272
1356444078375,0.14493912,-0.06534812,0.98728025,0.9136262,-0.37421823,-0.15889585,0.3798418,0.92503536,0.0054648817
1356444078415,0.13091522,-0.03360054,0.990824,0.91518843,-0.38016325,-0.13381365,0.38117108,0.9243089,-0.019018322
1356444078455,0.11511463,-0.008716702,0.993314,0.91547793,-0.38718426,-0.109491974,0.38554993,0.9219612,-0.036590636
1356444078495,0.0969066,0.0068282783,0.99527013,0.913718,-0.39709175,-0.08624184,0.39462462,0.9177536,-0.044719964
1356444078535,0.075754166,0.011215061,0.99706346,0.90934265,-0.41102314,-0.06446612,0.4090932,0.9115559,-0.041334987
1356444078575,0.0525738,0.005257249,0.9986032,0.9031799,-0.42686492,-0.04530272,0.42603055,0.9043001,-0.027190149
1356444078615,0.03019464,-0.006876081,0.9995204,0.8980429,-0.43887353,-0.030148298,0.43887034,0.8985225,-0.007076621
1356444078655,0.011776924,-0.019788414,0.99973476,0.8967854,-0.44204384,-0.019313812,0.44230887,0.89677507,0.012540072
1356444078695,-6.762743E-4,-0.029414356,0.9995671,0.8997309,-0.43627375,-0.012229562,0.43644458,0.8993331,0.026760042
1356444078735,-0.0063556433,-0.033904463,0.9994048,0.9051089,-0.42509145,-0.008665085,0.42513224,0.90451515,0.033389032
1356444078775,-0.0047321916,-0.03283882,0.9994495,0.91137755,-0.41146845,-0.009204388,0.4115442,0.9108322,0.0318757
1356444078815,0.004640043,-0.0271025,0.9996219,0.91764,-0.39712864,-0.015026748,0.39738578,0.9173627,0.023027658
1356444078855,0.022056878,-0.017697155,0.99960005,0.92361164,-0.38236696,-0.027149647,0.38269448,0.9238411,0.007911444
1356444078895,0.0468024,-0.0064129233,0.9988836,0.9290809,-0.36701912,-0.045888156,0.36690363,0.9301914,-0.011219323
1356444078935,0.074373305,0.0019886196,0.99722844,0.9335358,-0.35179615,-0.068921566,0.3506841,0.9360745,-0.02802068
1356444078975,0.093738616,-0.0017725825,0.99559534,0.93642014,-0.33946586,-0.08877143,0.33812797,0.9406167,-0.030161232
1356444079013,0.088207126,-0.028761774,0.9956868,0.93797195,-0.3340763,-0.09274447,0.3353029,0.9421071,-0.0024901628
1356444079052,0.055167735,-0.072330624,0.9958538,0.93866515,-0.3362549,-0.07642242,0.3403884,0.9389893,0.049343824
1356444079093,0.0029839277,-0.11891878,0.99289954,0.9376848,-0.3446775,-0.044099748,0.34747437,0.9311583,0.11047977
1356444079133,-0.046654522,-0.14884034,0.98776,0.9353689,-0.3535567,-0.009095609,0.3505829,0.92349565,0.15571567
1356444079173,-0.07647741,-0.15348133,0.98518753,0.9337479,-0.35753733,0.016783923,0.34966537,0.9212005,0.17065653
1356444079213,-0.08238548,-0.13629127,0.9872372,0.9339473,-0.35625196,0.028756618,0.34778592,0.9243967,0.15663883
1356444079253,-0.07096034,-0.10698882,0.9917247,0.93512905,-0.3531335,0.028814256,0.34712854,0.92943525,0.12510693
1356444079293,-0.051898777,-0.07504949,0.9958284,0.936044,-0.35117453,0.022317171,0.34803465,0.9332974,0.08847511
1356444079333,-0.031577528,-0.04577434,0.99845254,0.93604815,-0.35161346,0.013484091,0.35045215,0.93502545,0.05395007
1356444079374,-0.011998117,-0.020608306,0.9997157,0.93482846,-0.35507828,0.0038997233,0.35489693,0.9346094,0.023525476
1356444079415,0.0066260695,3.0884147E-4,0.999978,0.9321685,-0.36197406,-0.0060649514,0.36196417,0.93218815,-0.0026863813
1356444079455,0.023138404,0.01595065,0.99960506,0.92805755,-0.37211245,-0.015544504,0.37171748,0.92805064,-0.02341324
1356444079495,0.035223782,0.024541944,0.99907815,0.9223943,-0.38556153,-0.023049027,0.38464037,0.9223558,-0.036218315
1356444079535,0.040207386,0.024170786,0.998899,0.9151139,-0.4022835,-0.027100652,0.4011855,0.91519606,-0.03829378
1356444079575,0.036393225,0.013953,0.99924004,0.9066825,-0.42093933,-0.027144343,0.42024076,0.90698135,-0.027970225
1356444079615,0.025904357,-0.004031658,0.99965626,0.8987667,-0.43771064,-0.02505526,0.43766123,0.89910686,-0.0077150464
1356444079655,0.014966488,-0.024617225,0.99958485,0.8940196,-0.44736248,-0.024403304,0.44777757,0.89401376,0.01531288
1356444079695,0.00997144,-0.042678207,0.9990392,0.89396155,-0.44726634,-0.028029531,0.44803277,0.8933821,0.033692747
1356444079735,0.014410675,-0.055785716,0.9983387,0.8974905,-0.43943572,-0.037509948,0.44079825,0.89654005,0.04373461
1356444079775,0.02948612,-0.06397879,0.9975155,0.9023897,-0.427512,-0.054094017,0.42991084,0.90174276,0.045128226
1356444079815,0.0554837,-0.06835967,0.99611664,0.9070728,-0.4135133,-0.07890174,0.4173013,0.9079281,0.03906405
1356444079855,0.092247844,-0.06995687,0.9932755,0.9106003,-0.39765984,-0.11257693,0.40286136,0.91486204,0.027019545
1356444079895,0.13872057,-0.06939307,0.9878974,0.9121585,-0.37950176,-0.15474275,0.38564685,0.922585,0.010652766
1356444079935,0.19160497,-0.06736344,0.9791577,0.9112415,-0.35838777,-0.20297104,0.3645909,0.9311393,-0.007284552
1356444079975,0.24227083,-0.068186164,0.9678097,0.90811783,-0.33518577,-0.25094348,0.34150684,0.9396815,-0.01928471
1356444080013,0.27326065,-0.08174604,0.95846033,0.9060187,-0.31290132,-0.2849964,0.32320082,0.9462613,-0.011440173
1356444080052,0.27120006,-0.11415118,0.9557301,0.90876144,-0.2968375,-0.29332605,0.31718,0.9480808,0.023233816
1356444080093,0.22873026,-0.16499013,0.95940644,0.91734415,-0.29332596,-0.26914582,0.32582527,0.9416677,0.084260225
1356444080133,0.16263616,-0.21611476,0.9627273,0.9258683,-0.30383563,-0.22461501,0.34105346,0.9278892,0.15067911
1356444080173,0.0997107,-0.24858698,0.9634637,0.92947066,-0.32235473,-0.17936462,0.35516483,0.9133958,0.19891207
1356444080213,0.057995558,-0.2548656,0.9652357,0.9285844,-0.3412407,-0.14589629,0.36656168,0.9047642,0.21687382
1356444080253,0.04165584,-0.23761684,0.97046536,0.9253846,-0.3570668,-0.127148,0.37673348,0.9033501,0.20501305
1356444080294,0.04470265,-0.20410931,0.97792697,0.92143416,-0.36976677,-0.11929664,0.3859544,0.9064281,0.17154367
1356444080333,0.05524236,-0.16361094,0.984977,0.91809523,-0.3794551,-0.114521205,0.39249143,0.9106291,0.12924834
1356444080373,0.06601393,-0.122544944,0.99026513,0.916212,-0.38563997,-0.10880017,0.39521864,0.9144751,0.086819455
1356444080413,0.0719744,-0.08443591,0.99382615,0.91575325,-0.38925242,-0.09939137,0.39524138,0.91725314,0.04930617
1356444080454,0.072048664,-0.050651878,0.99611413,0.9158952,-0.39205688,-0.08618227,0.39489874,0.9185455,0.018144637
1356444080495,0.06599122,-0.021961093,0.9975785,0.9157673,-0.395688,-0.06929007,0.3962516,0.9181223,-0.006000638
1356444080535,0.05247283,4.659295E-4,0.9986223,0.9146462,-0.40141076,-0.04787302,0.4008354,0.9158981,-0.021489352
1356444080575,0.02993846,0.015158504,0.99943674,0.91158366,-0.41057366,-0.02107957,0.41002294,0.9117013,-0.026110142
1356444080615,-0.0016973019,0.021775454,0.99976146,0.90598476,-0.42317384,0.010755062,0.42330703,0.9057869,-0.019010037
1356444080655,-0.038863838,0.022056103,0.999001,0.89911926,-0.43542635,0.044591635,0.43597493,0.8999541,-0.0029086769
1356444080695,-0.07527965,0.019136518,0.9969788,0.8942485,-0.441073,0.07598892,0.4411946,0.8972672,0.01609099
1356444080734,-0.10493857,0.015523523,0.9943576,0.8936645,-0.43719018,0.10113722,0.43629333,0.8992352,0.03200525
1356444080775,-0.123257935,0.012276471,0.9922987,0.89735854,-0.42558408,0.11673015,0.42373955,0.90483564,0.04144019
1356444080815,-0.1259557,0.009260058,0.9919926,0.90411305,-0.41049564,0.11862925,0.40830716,0.9118155,0.04333213
1356444080855,-0.10958964,0.0057047606,0.9939606,0.9132541,-0.39416695,0.10295352,0.3923737,0.9190211,0.037986696
1356444080913,-0.0709492,3.067255E-4,0.9974799,0.9238424,-0.3770703,0.0658274,0.37614027,0.92618454,0.026469499
1356444080933,-0.008161366,-0.008338064,0.9999318,0.933344,-0.35895336,0.004624754,0.35889038,0.93331814,0.010711879
1356444080974,0.075719714,-0.021851689,0.9968897,0.937269,-0.33962214,-0.0786356,0.34028414,0.9403081,-0.005235195
1356444081010,0.16674185,-0.044157,0.98501134,0.93149173,-0.32050276,-0.17204991,0.32329604,0.9462179,-0.012309343
1356444081040,0.24925798,-0.07499862,0.96552867,0.9169325,-0.30252993,-0.26021194,0.31161696,0.9501846,-0.006639272
1356444081070,0.2955497,-0.11350009,0.9485611,0.90412366,-0.2874719,-0.31610146,0.3085622,0.95104027,0.017655924
1356444081100,0.30092913,-0.1586583,0.9403559,0.9006275,-0.27692324,-0.3349383,0.31354713,0.947703,0.059557766
1356444081131,0.27544683,-0.20455956,0.93929994,0.9056237,-0.2725277,-0.32492203,0.3224512,0.94015104,0.1101871
1356444081174,0.23396844,-0.24480614,0.9409191,0.91364515,-0.27554488,-0.29887715,0.33243233,0.92959404,0.15919712
1356444081213,0.21685153,-0.26739323,0.9388697,0.9149178,-0.27973408,-0.2909885,0.34044218,0.9220899,0.183982
1356444081253,0.24304181,-0.27064383,0.93149483,0.90554225,-0.28095007,-0.31789982,0.34774116,0.9207709,0.17679682
1356444081293,0.3022642,-0.25940636,0.91724837,0.88464916,-0.2820357,-0.37128398,0.35501024,0.92366886,0.14423431
1356444081333,0.3683986,-0.24104291,0.8978757,0.8564299,-0.28774178,-0.42864028,0.3616771,0.9268781,0.100432694
1356444081373,0.42133015,-0.22157589,0.87942314,0.82890403,-0.29935557,-0.472551,0.3679661,0.9280573,0.057537578
1356444081413,0.45518386,-0.2036176,0.86680305,0.8074995,-0.31578434,-0.49822152,0.37516955,0.9267254,0.02068124
1356444081453,0.4728163,-0.18739334,0.8610044,0.7931211,-0.33523887,-0.5085016,0.38393193,0.92330855,-0.009880811
1356444081493,0.4783309,-0.17287132,0.8609966,0.78504324,-0.35523582,-0.50745904,0.3935819,0.9186529,-0.03420884
1356444081535,0.47292507,-0.16093859,0.8662798,0.7832711,-0.3734756,-0.49699324,0.4035198,0.9135725,-0.050567426
1356444081575,0.45425817,-0.15312058,0.8776125,0.7886138,-0.38913986,-0.47608674,0.41441262,0.9083636,-0.056016974
1356444081615,0.41925818,-0.1504654,0.89531153,0.80102193,-0.40284777,-0.4428064,0.42730135,0.9028144,-0.048371106
1356444081655,0.36715317,-0.15289053,0.9175091,0.81858003,-0.41532743,-0.39677417,0.44172975,0.8967316,-0.027335621
1356444081695,0.3064018,-0.15833357,0.9386418,0.836807,-0.42521435,-0.34488645,0.45373106,0.89113593,0.002208218
1356444081735,0.2542823,-0.16443753,0.95304817,0.8516222,-0.42895138,-0.30123153,0.458345,0.88823485,0.030963838
1356444081773,0.2255637,-0.17093843,0.95911473,0.8616089,-0.42448425,-0.27828622,0.45469886,0.8891531,0.05153379
1356444081813,0.22781265,-0.17924818,0.9570639,0.8656496,-0.41274685,-0.28335622,0.44581625,0.8930342,0.06113717
1356444081853,0.26307696,-0.19111729,0.9456557,0.86109376,-0.3955304,-0.31948903,0.43509546,0.89834845,0.06051494
1356444081893,0.32894617,-0.20676047,0.9214361,0.84393007,-0.373487,-0.38508353,0.42376447,0.9042994,0.05163435
1356444081935,0.4188083,-0.22429577,0.879938,0.8095951,-0.3466585,-0.47369155,0.411285,0.9107795,0.036405325
1356444081976,0.52164745,-0.23983106,0.81875813,0.7556696,-0.3156009,-0.5738983,0.39603958,0.9180833,0.01660072
1356444082027,0.62233555,-0.2498283,0.7418115,0.68617165,-0.28190222,-0.6705965,0.37665227,0.92634606,-0.004012678
1356444082055,0.70485723,-0.25401378,0.66230917,0.61494064,-0.24660024,-0.7490237,0.35358787,0.9352355,-0.017614573
1356444082095,0.7577884,-0.2594607,0.598696,0.5616851,-0.20755747,-0.80089307,0.33206412,0.94318604,-0.011549441
1356444082135,0.777325,-0.27623385,0.56520855,0.54176015,-0.1627628,-0.8246235,0.31978393,0.947208,0.02313292
1356444082175,0.7677414,-0.30782568,0.56197554,0.55558014,-0.11714226,-0.8231697,0.31922388,0.94420385,0.081086874
1356444082215,0.7417002,-0.344778,0.5753337,0.5866186,-0.082446545,-0.8056557,0.32520667,0.93505645,0.14110258
1356444082255,0.7156597,-0.37249953,0.5908259,0.61449754,-0.06629264,-0.78612846,0.33199993,0.9256615,0.1814571
1356444082295,0.7008462,-0.3825574,0.6020503,0.62815595,-0.068920165,-0.77502924,0.33798653,0.9213577,0.19200322
1356444082335,0.6975945,-0.376202,0.6097819,0.62824225,-0.08802813,-0.7730218,0.3444903,0.9223465,0.17493802
1356444082375,0.6984229,-0.3607662,0.6181046,0.6225954,-0.11966318,-0.7733406,0.35295948,0.92494786,0.14103585
1356444082415,0.69663596,-0.34310904,0.6300591,0.61859894,-0.15753347,-0.7697522,0.36336437,0.925991,0.10250345
1356444082455,0.68988687,-0.3263635,0.6461756,0.61954415,-0.19554174,-0.760216,0.37446108,0.9247974,0.067294925
1356444082495,0.67914015,-0.31075263,0.6649823,0.6249207,-0.23042804,-0.74590683,0.3850231,0.92213655,0.0377028
1356444082535,0.66636384,-0.2956187,0.6845209,0.6328304,-0.2612717,-0.7288778,0.39431578,0.91888344,0.012974471
1356444082575,0.65258694,-0.28107074,0.70365447,0.642063,-0.28799424,-0.710503,0.40235,0.91545546,-0.007476177
1356444082615,0.6365246,-0.26888382,0.7228678,0.6529952,-0.31085658,-0.69062674,0.41040665,0.91163015,-0.022287995
1356444082655,0.61492276,-0.26189983,0.743827,0.6669847,-0.33049157,-0.6677625,0.42071548,0.9067435,-0.028543591
1356444082695,0.58457667,-0.26229987,0.76776874,0.68507636,-0.34739912,-0.64030004,0.43467283,0.90028465,-0.023385942
1356444082735,0.5470853,-0.2678979,0.79305005,0.7064257,-0.36049208,-0.60910434,0.44906607,0.89346296,-0.00796989
1356444082775,0.50944877,-0.27325624,0.8159613,0.72894734,-0.3668513,-0.5779756,0.457272,0.88924176,0.012297507
1356444082815,0.4789791,-0.27362698,0.8340907,0.7506617,-0.3649,-0.5507767,0.45506707,0.8899305,0.030621856
1356444082855,0.45864388,-0.26777112,0.84731597,0.76967764,-0.35684875,-0.5293913,0.4441194,0.8949623,0.04243099
1356444082895,0.44800997,-0.2568625,0.85633445,0.7845502,-0.34632272,-0.51433593,0.42868173,0.902265,0.04636553
1356444082935,0.44593158,-0.24247503,0.8615979,0.79479957,-0.33541915,-0.50575453,0.41162923,0.9103295,0.04314506
1356444082975,0.4514305,-0.22571427,0.8632865,0.800693,-0.32453877,-0.50355273,0.393829,0.9185465,0.03422115
1356444083029,0.4633525,-0.20714408,0.86162394,0.8029515,-0.31323105,-0.5071047,0.37493116,0.92681044,0.021190278
1356444083055,0.47946164,-0.18745083,0.857309,0.80294764,-0.30049166,-0.5147619,0.3541067,0.9351828,0.0064389408
1356444083095,0.4938321,-0.17030784,0.8527163,0.8036274,-0.28517324,-0.52235925,0.3321338,0.94322395,-0.003963627
1356444083135,0.4950488,-0.16492859,0.8530681,0.81000566,-0.26761428,-0.5217984,0.3143526,0.94930565,0.0011109486
1356444083175,0.4694663,-0.18243468,0.8638975,0.8271651,-0.25139233,-0.5025929,0.30886763,0.9505364,0.03288337
1356444083215,0.41134965,-0.22341582,0.8836723,0.8542899,-0.24349886,-0.45923507,0.31777364,0.94381857,0.09069879
1356444083255,0.33304536,-0.2707141,0.9032135,0.88224334,-0.24858016,-0.3998182,0.33275735,0.93001175,0.15604727
1356444083295,0.2582016,-0.3035197,0.91717374,0.9023479,-0.26336628,-0.3411835,0.34510866,0.915704,0.20587891
1356444083335,0.20543355,-0.3111305,0.92789817,0.91276157,-0.28114402,-0.29635182,0.35307705,0.90783036,0.22623149
1356444083375,0.18057382,-0.2951066,0.9382458,0.91539913,-0.2985099,-0.27006713,0.3597742,0.9076365,0.21623725
1356444083415,0.17752779,-0.26364654,0.9481426,0.9130165,-0.3154288,-0.25866097,0.3672666,0.9115893,0.1847163
1356444083455,0.18772787,-0.22521597,0.95605236,0.90794677,-0.33151704,-0.25637698,0.37468785,0.9161737,0.1422491
1356444083495,0.20157534,-0.18724671,0.9614083,0.90266013,-0.34552193,-0.25655267,0.3802263,0.9195397,0.09937149
1356444083535,0.21422058,-0.15346584,0.9646542,0.8980975,-0.35739613,-0.25629812,0.38409674,0.9212579,0.06126575
1356444083575,0.22403473,-0.12479389,0.9665583,0.8940506,-0.36844414,-0.2547989,0.38792008,0.9212358,0.029027715
1356444083615,0.23010075,-0.10161686,0.9678469,0.89014894,-0.37996268,-0.25152177,0.39330456,0.91940325,0.0030244738
1356444083655,0.23001224,-0.08528754,0.9694433,0.8863399,-0.3929897,-0.24486849,0.40186548,0.9155791,-0.014798656
1356444083695,0.22018397,-0.07770485,0.97235847,0.88249457,-0.40883267,-0.23250628,0.41559875,0.9092952,-0.021444306
1356444083735,0.19915521,-0.07872051,0.97680104,0.8787826,-0.42676878,-0.21356407,0.43368006,0.90092814,-0.01581502
1356444083775,0.16978407,-0.085327536,0.98178035,0.8765198,-0.44227338,-0.19001925,0.45042914,0.89281213,-2.9972196E-4
1356444083815,0.13882166,-0.09248996,0.985989,0.8781108,-0.44883525,-0.16573572,0.4578755,0.8888153,0.018908337
1356444083855,0.11295825,-0.09652671,0.9888998,0.8844147,-0.44381893,-0.14434451,0.45282564,0.89090246,0.03523667
1356444083895,0.096508086,-0.09670144,0.99062353,0.8933722,-0.43038708,-0.12904671,0.43883055,0.8974496,0.044854537
1356444083935,0.09241015,-0.094254434,0.99125,0.9022082,-0.41326922,-0.12340543,0.42128462,0.90571773,0.04684685
1356444083975,0.10336715,-0.09095088,0.99047625,0.90928817,-0.39495796,-0.13116148,0.40312573,0.9141861,0.04187487
1356444084029,0.1315813,-0.08827463,0.98736715,0.91359425,-0.3757832,-0.15534654,0.38474914,0.9224937,0.03120114
1356444084055,0.17794216,-0.08682388,0.98020315,0.9137332,-0.35517615,-0.19733602,0.36527827,0.93075854,0.016133115
1356444084095,0.24006236,-0.08726117,0.9668276,0.90781724,-0.33260155,-0.25542915,0.34385735,0.9390217,-6.2789023E-4
1356444084135,0.30750245,-0.09246567,0.947044,0.895465,-0.30851346,-0.320877,0.3218459,0.94671524,-0.012068883
1356444084175,0.35907492,-0.10918641,0.9268999,0.8820237,-0.2849808,-0.37526014,0.305122,0.95229423,-0.006024465
1356444084215,0.37143686,-0.14489394,0.91708255,0.8780629,-0.2661768,-0.39768755,0.30172864,0.95297194,0.028358117
1356444084255,0.33742523,-0.19682631,0.9205452,0.88792396,-0.258215,-0.38067815,0.31262612,0.9458246,0.08763859
1356444084295,0.27533805,-0.24904484,0.92852867,0.90304476,-0.2642408,-0.33865446,0.32969534,0.9317475,0.15214317
1356444084335,0.22179633,-0.28260982,0.93324065,0.91247714,-0.2772841,-0.30083057,0.34379044,0.9182838,0.19637442
1356444084375,0.20159483,-0.29112464,0.9352037,0.9134856,-0.2886352,-0.28676406,0.35341683,0.9121053,0.20775087
1356444084415,0.21498382,-0.2790789,0.93589365,0.90739495,-0.29727942,-0.29708466,0.36113194,0.91309357,0.18932454
1356444084455,0.24491793,-0.25563475,0.93523586,0.8968227,-0.30680192,-0.31871882,0.36840773,0.91680074,0.15411776
1356444084496,0.27414912,-0.22889873,0.934049,0.88568985,-0.31832838,-0.33796525,0.37469408,0.9199307,0.11546381
1356444084535,0.2953285,-0.20294943,0.93359125,0.8768102,-0.3305298,-0.34921902,0.37945354,0.92171663,0.08033323
1356444084575,0.3086725,-0.17884395,0.9342035,0.8705369,-0.3426289,-0.3532291,0.38325801,0.92229074,0.04993011
1356444084615,0.3173635,-0.15645528,0.9353086,0.86579335,-0.35458362,-0.3530896,0.38688782,0.92184174,0.022926092
1356444084655,0.32402265,-0.1358901,0.9362388,0.8615252,-0.36649728,-0.35136014,0.3908754,0.92044204,-0.0016806275
1356444084695,0.32757413,-0.118462175,0.9373697,0.8576455,-0.37896448,-0.34760615,0.396408,0.9177977,-0.02254039
1356444084735,0.32310045,-0.10644457,0.9403593,0.85507286,-0.39296085,-0.3382781,0.4055323,0.91337353,-0.03594795
1356444084775,0.3049363,-0.1017324,0.9469237,0.854908,-0.40892518,-0.3192374,0.4196977,0.9068797,-0.03772427
1356444084815,0.27192575,-0.103960335,0.95668626,0.85729057,-0.4254495,-0.28990617,0.43716046,0.8989911,-0.026566446
1356444084855,0.23081619,-0.110048056,0.966754,0.8614105,-0.43889362,-0.2556254,0.4524333,0.89177454,-0.006507173
1356444084895,0.19324046,-0.11621758,0.9742441,0.8666662,-0.44526035,-0.2250176,0.45994326,0.887827,0.014679536
1356444084935,0.16870308,-0.120673984,0.97825205,0.8724557,-0.44353753,-0.20517144,0.45865038,0.88809466,0.030456603
1356444084975,0.16240293,-0.12381965,0.9789249,0.8774176,-0.4357372,-0.20067725,0.45140183,0.89151645,0.03787659
1356444085030,0.17677766,-0.12703747,0.97601795,0.8799135,-0.42393458,-0.21454996,0.44102368,0.89673907,0.036839813
1356444085055,0.2129584,-0.13132727,0.9681952,0.8782207,-0.40857404,-0.24858776,0.42822567,0.9032279,0.028324977
1356444085095,0.2707277,-0.13709292,0.95284426,0.8698132,-0.38926744,-0.30314335,0.41247,0.9108658,0.013859704
1356444085135,0.34623086,-0.14400661,0.92703086,0.85189724,-0.3656127,-0.3749645,0.39293164,0.91955936,-0.0039075315
1356444085175,0.42945376,-0.15153825,0.89028406,0.8242092,-0.33716568,-0.4549708,0.36911872,0.9291692,-0.019897819
1356444085215,0.5026751,-0.16287449,0.8489933,0.7929801,-0.3041985,-0.52786934,0.34423885,0.9385816,-0.023756832
1356444085255,0.54477763,-0.18507785,0.81790197,0.77257836,-0.26850894,-0.5753483,0.3260982,0.9453302,-0.0032905266
1356444085295,0.54430604,-0.22273558,0.80877674,0.775339,-0.2345174,-0.5863881,0.32028174,0.9462507,0.045046367
1356444085335,0.5115061,-0.26855248,0.8162359,0.7959828,-0.20973909,-0.56782115,0.32368636,0.9401537,0.10648036
1356444085375,0.4750142,-0.30587953,0.82510555,0.8161625,-0.1974178,-0.5430516,0.3289989,0.9313774,0.15587112
1356444085415,0.461473,-0.3227685,0.82635534,0.82246596,-0.19351262,-0.5348856,0.33255446,0.9264844,0.17616528
1356444085455,0.4765497,-0.31878948,0.8193129,0.81282246,-0.19534269,-0.5487813,0.33499247,0.9274775,0.16602877
1356444085495,0.50533104,-0.30200338,0.80835295,0.793862,-0.20450863,-0.5726774,0.33826566,0.9311123,0.13640442
1356444085534,0.5293533,-0.28206134,0.8001415,0.7756802,-0.2211262,-0.5911205,0.34366447,0.9335655,0.10173553
1356444085575,0.54107547,-0.26382944,0.79851824,0.7639822,-0.24268785,-0.5978577,0.3515231,0.93353987,0.070248544
1356444085615,0.54122555,-0.24743712,0.80364776,0.7595434,-0.26620898,-0.59348667,0.36078894,0.9316156,0.04386016
1356444085655,0.53426445,-0.23156178,0.81298256,0.7599724,-0.2895439,-0.5818987,0.37013972,0.92873204,0.021287657
1356444085695,0.5226332,-0.2159,0.82476765,0.7637283,-0.3113926,-0.56546766,0.37891108,0.9254306,0.0021448731
1356444085736,0.50515115,-0.20206338,0.8390427,0.7707719,-0.33172777,-0.54393697,0.3882435,0.921481,-0.011827916
1356444085775,0.47820485,-0.19255927,0.85687864,0.7815037,-0.35186523,-0.51521146,0.4007146,0.9160304,-0.017777868
1356444085815,0.4395976,-0.18867105,0.8781555,0.79543215,-0.37233013,-0.4781818,0.41718286,0.90872073,-0.013600387
1356444085855,0.39296004,-0.18864346,0.89999783,0.81110734,-0.39000133,-0.43589434,0.43322897,0.90128386,-2.4486333E-4
