1356443071516,0.7963672,-0.18652053,0.5753341,-0.5265859,0.2540841,0.81126356,-0.29750052,-0.94902647,0.10412519
1356443071517,0.0047576427,0.10758039,0.9941851,-0.95471287,0.29625624,-0.027489007,-0.29749086,-0.94903046,0.10411781
1356443071550,0.0046990216,0.107577115,0.9941857,-0.95473194,0.2961904,-0.027537078,-0.29743063,-0.9490514,0.104099154
1356443071580,0.004496157,0.10762811,0.99418104,-0.9547801,0.29601717,-0.02772826,-0.29727897,-0.9490996,0.10409206
1356443071620,0.0041416585,0.10783598,0.99416006,-0.95491946,0.29553404,-0.028078288,-0.29683602,-0.9492265,0.104198635
1356443071665,0.0029360354,0.10851598,0.99409044,-0.95516205,0.29462627,-0.029340684,-0.29606906,-0.94943124,0.10451543
1356443071705,8.109212E-5,0.10981357,0.9939522,-0.95549405,0.29323485,-0.0323191,-0.2950105,-0.94971275,0.10494995
1356443071748,-0.0056589246,0.111726105,0.9937229,-0.9558659,0.29130977,-0.03819588,-0.2937487,-0.95008206,0.10514665
1356443071785,-0.014871776,0.11426914,0.99333847,-0.9561461,0.28900266,-0.047560543,-0.2925121,-0.95048404,0.104960024
1356443071824,-0.025939882,0.11661446,0.99283844,-0.95635283,0.28627598,-0.058611333,-0.29106075,-0.95102423,0.10409862
1356443071863,-0.03953162,0.11910838,0.9920939,-0.9564597,0.28282693,-0.07206723,-0.28917468,-0.9517468,0.10274178
1356443071903,-0.053907096,0.12134412,0.9911456,-0.95661354,0.27834588,-0.0861063,-0.28632984,-0.952785,0.10107458
1356443071945,-0.06796759,0.12327883,0.99004173,-0.95693743,0.27265608,-0.09964576,-0.28222513,-0.95418084,0.09943837
1356443071985,-0.08072376,0.12470356,0.98890483,-0.9575242,0.26584536,-0.11168596,-0.2768234,-0.9559159,0.097946584
1356443072025,-0.09181386,0.12532097,0.9878588,-0.95828336,0.25853878,-0.1218636,-0.27067187,-0.95783734,0.09635556
1356443072066,-0.1016579,0.12465483,0.98697865,-0.9591431,0.25102863,-0.13049567,-0.2640268,-0.9599197,0.09404278
1356443072105,-0.11111915,0.122187495,0.9862671,-0.9599756,0.24354035,-0.13832894,-0.25709787,-0.9621633,0.090235054
1356443072145,-0.1206823,0.1177257,0.9856858,-0.9606128,0.23653156,-0.14586267,-0.2503176,-0.9644654,0.084543586
1356443072185,-0.13195068,0.11080277,0.985044,-0.9607767,0.23023403,-0.15459779,-0.24392053,-0.96680665,0.07607716
1356443072225,-0.14611363,0.10085884,0.984113,-0.9601183,0.22524995,-0.16563627,-0.23837724,-0.9690665,0.06392437
1356443072265,-0.16404206,0.087439746,0.98257035,-0.9581981,0.22256625,-0.17977938,-0.23440689,-0.9709884,0.04727441
1356443072305,-0.18503037,0.070572495,0.98019564,-0.9547342,0.22348014,-0.19631422,-0.23290864,-0.9721503,0.026027381
1356443072345,-0.20637456,0.050799727,0.97715354,-0.9500793,0.2284284,-0.2125319,-0.2340062,-0.9722345,0.0011219382
1356443072385,-0.22536942,0.028242111,0.973864,-0.94515514,0.23621461,-0.22557586,-0.23641163,-0.9712904,-0.026542366
1356443072425,-0.23997167,0.002350539,0.97077703,-0.9410615,0.24497339,-0.2332192,-0.23836276,-0.96952695,-0.056574702
1356443072465,-0.24896377,-0.027717382,0.96811616,-0.93858814,0.25346243,-0.23411354,-0.23889211,-0.96694803,-0.08911818
1356443072523,-0.25281346,-0.06298059,0.96546304,-0.9378595,0.26112038,-0.22855148,-0.23770776,-0.96324944,-0.12508172
1356443072588,-0.2542705,-0.10455078,0.96146536,-0.93832177,0.26751631,-0.21905985,-0.23430476,-0.9578644,-0.16612375
1356443072589,-0.25641808,-0.15276015,0.95441824,-0.9393476,0.27206394,-0.20882374,-0.22776288,-0.95007664,-0.21325701
1356443072621,-0.2625072,-0.20677328,0.94251513,-0.9402137,0.27447242,-0.20165122,-0.21699834,-0.9391005,-0.26646203
1356443072662,-0.27145913,-0.26332232,0.9257275,-0.9410008,0.27454576,-0.19784355,-0.20205796,-0.9248167,-0.3223145
1356443072704,-0.2786759,-0.31644934,0.90675217,-0.9423596,0.27216834,-0.19463474,-0.18519717,-0.90872663,-0.3740558
1356443072744,-0.27601868,-0.3590753,0.89155966,-0.9458864,0.26614678,-0.18564722,-0.17062443,-0.89455616,-0.4131059
1356443072787,-0.25439602,-0.38524464,0.8870565,-0.9533138,0.25421685,-0.16299248,-0.16271275,-0.88710785,-0.43193078
1356443072826,-0.20821762,-0.39050472,0.89674497,-0.9643475,0.2350753,-0.12154642,-0.1633381,-0.8900819,-0.42552906
1356443072868,-0.14577058,-0.37777984,0.9143486,-0.9747468,0.21288547,-0.067442,-0.16917333,-0.90108943,-0.3992722
1356443072907,-0.06551623,-0.3451533,0.93625677,-0.98185563,0.1896258,0.0011988282,-0.1779522,-0.9191905,-0.35131425
1356443072946,0.018722028,-0.29877394,0.9541402,-0.9822826,0.17248258,0.07328436,-0.186468,-0.93860734,-0.29025126
1356443072987,0.10409489,-0.24128339,0.96485573,-0.9754561,0.16449818,0.14637494,-0.19403487,-0.95641136,-0.21823794
1356443073026,0.17509753,-0.18246815,0.96749485,-0.9640509,0.1677106,0.20610425,-0.19986665,-0.9688026,-0.1465429
1356443073067,0.23041147,-0.12701377,0.9647684,-0.95165455,0.17755467,0.25065494,-0.20313576,-0.97588,-0.07996261
1356443073106,0.26690435,-0.07810372,0.9605529,-0.9421099,0.18875653,0.27712768,-0.2029553,-0.978913,-0.02320233
1356443073146,0.2853612,-0.037103772,0.95770156,-0.93747777,0.1969426,0.28696528,-0.19925973,-0.9797127,0.02141583
1356443073186,0.28720734,-0.0042257607,0.95785916,-0.93838716,0.1994125,0.28224853,-0.19220176,-0.97990656,0.053307354
1356443073224,0.27347648,0.021063179,0.9616481,-0.9445269,0.19492137,0.26433808,-0.181878,-0.98059267,0.07320115
1356443073265,0.24561569,0.039208055,0.96857405,-0.95471334,0.18286368,0.23469844,-0.16791496,-0.9823562,0.08234665
1356443073306,0.2040442,0.050974667,0.97763366,-0.96729213,0.16423228,0.19332257,-0.15070444,-0.9851037,0.08281809
1356443073347,0.14947388,0.056877285,0.9871284,-0.9799639,0.14143428,0.14023972,-0.1316373,-0.98831236,0.07687843
1356443073386,0.083250344,0.0574162,0.99487317,-0.9899895,0.118946075,0.075977,-0.113973856,-0.9912392,0.06674382
1356443073426,0.009601921,0.053859115,0.9985024,-0.9946399,0.10332325,0.0039915144,-0.10295352,-0.9931886,0.05456251
1356443073466,-0.063264966,0.049145907,0.9967859,-0.9926406,0.10023981,-0.0679442,-0.10325679,-0.9937488,0.04244262
1356443073506,-0.12605494,0.046464473,0.99093455,-0.9854685,0.10877597,-0.13046005,-0.11385161,-0.9929799,0.03207749
1356443073569,-0.17288113,0.04618767,0.9838592,-0.97623825,0.12447244,-0.17738536,-0.13065639,-0.9911475,0.023571193
1356443073585,-0.20228171,0.046482533,0.9782237,-0.9680321,0.14177966,-0.20691127,-0.14830998,-0.9888063,0.01631713
1356443073624,-0.21485966,0.04490626,0.975612,-0.96276736,0.15806234,-0.21930629,-0.16405576,-0.98640746,0.009272993
1356443073665,-0.21171874,0.039375633,0.97653717,-0.9611175,0.17285669,-0.21534556,-0.17728037,-0.98415965,0.0012475848
1356443073705,-0.19485408,0.028553277,0.9804166,-0.9625205,0.18668175,-0.19673413,-0.18864328,-0.9820054,-0.008892596
1356443073745,-0.16830969,0.011316419,0.98566926,-0.96541154,0.20010519,-0.16714796,-0.1991291,-0.979709,-0.02275467
1356443073785,-0.14076155,-0.014675975,0.9899348,-0.9678358,0.21263254,-0.13446692,-0.20851889,-0.97702205,-0.044134438
1356443073826,-0.12721637,-0.054322094,0.99038637,-0.96874714,0.22117057,-0.1123057,-0.21294367,-0.9737211,-0.080760896
1356443073865,-0.13487044,-0.10801488,0.98495823,-0.96905047,0.22180495,-0.10836807,-0.20676321,-0.96909,-0.13458681
1356443073906,-0.1666584,-0.17145142,0.97099406,-0.96817446,0.2149353,-0.12822264,-0.18671697,-0.961461,-0.2018156
1356443073945,-0.20343766,-0.22965124,0.9517738,-0.9657843,0.20677504,-0.15654013,-0.16085345,-0.95105433,-0.26385933
1356443073985,-0.22318813,-0.26663077,0.93760073,-0.96455276,0.19934472,-0.1729151,-0.14080131,-0.942958,-0.30167085
1356443074024,-0.21484613,-0.275039,0.93712044,-0.9678023,0.1888054,-0.16646707,-0.13114846,-0.94271207,-0.3067475
1356443074065,-0.17909485,-0.25563335,0.95004034,-0.97525036,0.1733939,-0.13719106,-0.12966058,-0.95109737,-0.28036046
1356443074105,-0.12266186,-0.21339926,0.9692341,-0.98351777,0.15685883,-0.089933485,-0.1328412,-0.9642904,-0.22912258
1356443074145,-0.057019114,-0.1570962,0.9859359,-0.98876077,0.14559293,-0.033984065,-0.13820657,-0.97679245,-0.16363215
1356443074185,0.004656017,-0.09744632,0.99522996,-0.9896122,0.14255583,0.018587917,-0.14368716,-0.9849782,-0.0957703
1356443074226,0.052278757,-0.04293236,0.9977093,-0.98783123,0.14432174,0.057971507,-0.14648,-0.98859906,-0.034864962
1356443074265,0.081538945,0.0028384924,0.9966661,-0.9862812,0.14423838,0.080278516,-0.14352962,-0.9895389,0.01456058
1356443074305,0.09130332,0.039514303,0.9950389,-0.9868406,0.13749614,0.085090935,-0.13345176,-0.98971385,0.051548153
1356443074345,0.080408275,0.06747052,0.9944758,-0.9897766,0.123315215,0.07166192,-0.117798865,-0.9900712,0.076696366
1356443074385,0.047753334,0.08681092,0.99507964,-0.9938984,0.103292584,0.03868535,-0.09942606,-0.99085546,0.09121379
1356443074424,-0.0068494678,0.09734565,0.9952271,-0.99677235,0.07894462,-0.014581859,-0.07998729,-0.9921147,0.09649074
1356443074465,-0.08216739,0.09866312,0.9917228,-0.9948158,0.051706374,-0.08756766,-0.059918135,-0.9937767,0.093903005
1356443074505,-0.17397982,0.09040907,0.9805902,-0.9839107,0.025125325,-0.17688549,-0.040629715,-0.9955877,0.08458316
1356443074565,-0.27093077,0.07522774,0.9596548,-0.96221983,0.0068081617,-0.2721886,-0.027009636,-0.9971431,0.070541024
1356443074585,-0.35398674,0.060607642,0.9332845,-0.9349078,0.004076183,-0.35486716,-0.025311857,-0.99815327,0.05521971
1356443074625,-0.40914232,0.053116053,0.9109232,-0.91171265,0.016882598,-0.4104814,-0.037181854,-0.9984456,0.041519284
1356443074665,-0.43534923,0.05243966,0.89873314,-0.8984364,0.038230956,-0.4374362,-0.05729845,-0.997892,0.030469835
1356443074705,-0.4373318,0.054107845,0.897671,-0.8958482,0.06116444,-0.44013053,-0.07872003,-0.99666005,0.02172333
1356443074745,-0.4182294,0.054074734,0.9067304,-0.90311944,0.08212876,-0.42146182,-0.097259045,-0.99515367,0.014487326
1356443074785,-0.37947613,0.049911708,0.92385423,-0.91837704,0.10073799,-0.38266873,-0.11216688,-0.9936602,0.0076100826
1356443074825,-0.32222223,0.040231675,0.94580877,-0.93843246,0.11789304,-0.32472405,-0.12456846,-0.992211,-2.3299456E-4
1356443074865,-0.25033247,0.024032772,0.9678616,-0.95854414,0.13439399,-0.25125965,-0.13611323,-0.99063647,-0.010606706
1356443074904,-0.17338747,-7.288754E-4,0.9848534,-0.97374034,0.14993036,-0.17132005,-0.14753458,-0.9886962,-0.026705801
1356443074945,-0.10934597,-0.038405478,0.9932615,-0.98156446,0.1617629,-0.10180357,-0.15676302,-0.9860821,-0.05538559
1356443074985,-0.07528895,-0.09313768,0.99280256,-0.9844889,0.16517043,-0.05916339,-0.15847129,-0.9818575,-0.10412854
1356443075025,-0.07092029,-0.15966317,0.98462075,-0.9862176,0.15915138,-0.045227796,-0.14948255,-0.97425795,-0.16874969
1356443075065,-0.07805121,-0.2216253,0.9720032,-0.9879379,0.14798754,-0.045588315,-0.13374081,-0.9638371,-0.23050267
1356443075104,-0.07327461,-0.260817,0.96260345,-0.99017304,0.13430452,-0.038983494,-0.11911443,-0.95600045,-0.26809502
1356443075145,-0.04643655,-0.26922145,0.96195817,-0.9929112,0.11791724,-0.014929444,-0.109412104,-0.95583224,-0.2727887
1356443075184,-0.0014241636,-0.24905658,0.9684879,-0.9946008,0.100848645,0.02447167,-0.10376555,-0.96322393,-0.24785548
1356443075224,0.05032873,-0.20881987,0.9766582,-0.99374604,0.08712834,0.069838256,-0.09967819,-0.97406507,-0.20312887
1356443075264,0.09616843,-0.15975899,0.98246056,-0.9908233,0.07881829,0.109803796,-0.094978034,-0.9840045,-0.15071315
1356443075305,0.12802216,-0.11117101,0.98552084,-0.98781145,0.07441601,0.13671416,-0.08853713,-0.9910112,-0.10028911
1356443075345,0.14337733,-0.06797725,0.98733073,-0.98639804,0.07121745,0.14814517,-0.080385625,-0.99514174,-0.05684161
1356443075385,0.1447075,-0.030858845,0.98899317,-0.9869114,0.067393064,0.14650568,-0.07117224,-0.9972491,-0.02070269
1356443075425,0.13493535,0.001033634,0.9908539,-0.98891056,0.062747985,0.13460526,-0.062034965,-0.9980289,0.009489089
1356443075465,0.115766644,0.028119087,0.9928783,-0.9918064,0.057635844,0.11400932,-0.05401954,-0.99794155,0.03456098
1356443075505,0.08740699,0.049990505,0.9949176,-0.99506867,0.05138886,0.08483815,-0.046886623,-0.99742675,0.054235697
1356443075561,0.04902509,0.065592825,0.99664146,-0.9980375,0.042137176,0.046320587,-0.038957417,-0.99695647,0.06752989
1356443075585,-9.5307827E-4,0.07314631,0.9973209,-0.99958026,0.028809607,-0.003068149,-0.02895692,-0.9969051,0.07308811
1356443075624,-0.062267065,0.07174042,0.99547786,-0.99787927,0.014484048,-0.063461065,-0.018971264,-0.99731815,0.07068634
1356443075665,-0.12817985,0.06373635,0.9897007,-0.9916407,0.006639898,-0.12885877,-0.014784455,-0.9979446,0.062352538
1356443075705,-0.18677425,0.054739505,0.98087656,-0.9821801,0.010856092,-0.18762836,-0.020919174,-0.9984416,0.051736414
1356443075744,-0.22884619,0.048263013,0.9722654,-0.9728064,0.025327742,-0.23023078,-0.03573686,-0.99851346,0.041154444
1356443075785,-0.25149214,0.043820202,0.9668668,-0.96634454,0.044499457,-0.25337312,-0.054127872,-0.9980478,0.031154215
1356443075824,-0.25390327,0.03939426,0.9664271,-0.9645891,0.06346655,-0.2560075,-0.07142103,-0.99720615,0.021884918
1356443075865,-0.23710918,0.033314347,0.97091156,-0.96762395,0.08089274,-0.23908198,-0.08650452,-0.9961659,0.013055384
1356443075905,-0.2010197,0.024391383,0.9792835,-0.97446537,0.0971154,-0.20244959,-0.10004157,-0.99497426,0.0042464137
1356443075945,-0.14941007,0.011505455,0.9887084,-0.98225474,0.11291987,-0.14974883,-0.113367766,-0.99353755,-0.005570054
1356443075984,-0.089336336,-0.0077947676,0.99597096,-0.98786235,0.12826973,-0.08760515,-0.12707007,-0.99170864,-0.019159317
1356443076025,-0.033872485,-0.039020658,0.99866414,-0.98967826,0.14052963,-0.028076828,-0.13924634,-0.9893072,-0.043377995
1356443076065,0.00476256,-0.088080496,0.99610186,-0.9895258,0.14330253,0.01740262,-0.14427671,-0.9857515,-0.08647543
1356443076105,0.021826982,-0.1537677,0.9878659,-0.99034905,0.13194448,0.04241988,-0.1368663,-0.97925794,-0.14940375
1356443076145,0.027382374,-0.22148421,0.9747795,-0.9924599,0.110523105,0.05299151,-0.1194725,-0.96888053,-0.21678782
1356443076185,0.037446678,-0.27020097,0.9620754,-0.99415326,0.08749956,0.063269675,-0.101276696,-0.9588197,-0.26534462
1356443076225,0.059917927,-0.28752083,0.95589834,-0.9942749,0.067683816,0.082681775,-0.08847159,-0.95537984,-0.28181922
1356443076264,0.091411024,-0.27397397,0.95738304,-0.99251294,0.0531421,0.109972864,-0.08100703,-0.9602678,-0.26706493
1356443076305,0.12570477,-0.23540059,0.96373487,-0.9891156,0.045147777,0.14004296,-0.07647669,-0.9708492,-0.22716308
1356443076345,0.15394744,-0.18243128,0.9710917,-0.9853857,0.04417005,0.16451138,-0.07290524,-0.98222595,-0.17296535
1356443076385,0.17183769,-0.12459031,0.97721493,-0.9826833,0.048124075,0.17893487,-0.069321126,-0.9910405,-0.11416328
1356443076425,0.17762852,-0.06891981,0.98168135,-0.98195136,0.053434372,0.18142879,-0.064959556,-0.9961902,-0.058184415
1356443076465,0.17170793,-0.019265473,0.9849595,-0.98338443,0.05644375,0.17253733,-0.058918804,-0.99821985,-0.009253502
1356443076505,0.15475026,0.022522002,0.9876969,-0.9866475,0.054912776,0.15333363,-0.050783783,-0.998237,0.030719101
1356443076564,0.12721258,0.055401027,0.99032706,-0.9910291,0.0483374,0.12459865,-0.040966928,-0.9972935,0.061053157
1356443076583,0.089322984,0.07862452,0.99289453,-0.9955522,0.037029207,0.08662984,-0.02995488,-0.9962163,0.08158234
1356443076623,0.04106599,0.09181082,0.9949293,-0.9990003,0.021376014,0.03926152,-0.017663002,-0.995547,0.09259686
1356443076663,-0.017029822,0.09465912,0.99536407,-0.9998466,0.0024662018,-0.017341107,-0.00409624,-0.99550664,0.094602615
1356443076703,-0.083354294,0.08778745,0.9926457,-0.99648887,-0.0152183175,-0.08233112,0.007878721,-0.996023,0.08874771
1356443076751,-0.1537351,0.07374191,0.9853566,-0.98805285,-0.022395968,-0.15247965,0.010823846,-0.99702585,0.0763039
1356443076783,-0.22046673,0.061325967,0.97346467,-0.9753898,-0.016950727,-0.2198349,0.003019333,-0.9979738,0.06355381
1356443076823,-0.27358425,0.054359853,0.96031076,-0.9616806,0.0031716824,-0.274154,-0.017948806,-0.9985164,0.051409125
1356443076864,-0.312339,0.05259201,0.94851387,-0.9488946,0.030239224,-0.31414106,-0.045203596,-0.9981582,0.040459335
1356443076905,-0.33708155,0.05269301,0.9399997,-0.9386869,0.057977974,-0.33986086,-0.072407514,-0.99692625,0.029918969
1356443076945,-0.34846288,0.051299572,0.93591774,-0.932398,0.08324754,-0.35171542,-0.09595564,-0.99520755,0.018822968
1356443076984,-0.347296,0.046382695,0.93660784,-0.9306512,0.105661154,-0.35031986,-0.115211874,-0.99331987,0.006470442
1356443077025,-0.33482134,0.036721468,0.9415659,-0.9331071,0.12617928,-0.33673438,-0.13117146,-0.9913275,-0.007982433
1356443077065,-0.31306672,0.020766795,0.9495041,-0.93859434,0.14589101,-0.31266037,-0.14501709,-0.9890827,-0.026181996
1356443077105,-0.2886626,-0.005259514,0.95741636,-0.9445419,0.16509408,-0.28387403,-0.15657073,-0.98626375,-0.052624345
1356443077145,-0.27204886,-0.047303915,0.9611201,-0.9484388,0.18199608,-0.25950196,-0.16264465,-0.9821608,-0.09437668
1356443077185,-0.27247816,-0.107424736,0.9561461,-0.9490651,0.1934135,-0.24872988,-0.1582118,-0.9752185,-0.15465409
1356443077225,-0.28842083,-0.17503995,0.94136834,-0.94683427,0.19849816,-0.25318635,-0.14254221,-0.964344,-0.22298485
1356443077265,-0.3071781,-0.22986087,0.9234748,-0.9437747,0.19817945,-0.26460198,-0.122192055,-0.9528321,-0.27781326
1356443077305,-0.31670684,-0.2569408,0.91305983,-0.9427513,0.19130415,-0.27317148,-0.10448325,-0.9473036,-0.30281866
1356443077345,-0.313122,-0.25333744,0.91530037,-0.9452459,0.17649826,-0.27451497,-0.09200397,-0.9511406,-0.29473168
1356443077385,-0.29853985,-0.22341835,0.9278783,-0.95069504,0.15516445,-0.2685199,-0.083981454,-0.96229327,-0.25872546
1356443077425,-0.2782046,-0.17500445,0.94444466,-0.9572964,0.13102993,-0.25771064,-0.07865,-0.97580975,-0.20398426
1356443077465,-0.25886977,-0.11771616,0.95871234,-0.9630407,0.10793114,-0.24678609,-0.07442424,-0.9871645,-0.14130557
1356443077505,-0.24683052,-0.06060335,0.9671618,-0.9665084,0.08775431,-0.24116504,-0.07025719,-0.9942969,-0.08023405
1356443077565,-0.24598914,-0.00976333,0.9692235,-0.9670701,0.069844425,-0.24473909,-0.06530538,-0.9975102,-0.026622772
1356443077585,-0.25721735,0.032249093,0.96581537,-0.9645543,0.052394032,-0.25863093,-0.05894357,-0.9981057,0.017629325
1356443077625,-0.2806303,0.06484431,0.9576231,-0.9584289,0.034687877,-0.28321522,-0.051582843,-0.99729234,0.05241412
1356443077682,-0.31538886,0.08818576,0.94485617,-0.94793046,0.017146528,-0.3180154,-0.044245422,-0.9959565,0.078186154
1356443077694,-0.3588519,0.10388371,0.92759556,-0.93263423,1.9609928E-4,-0.36082315,-0.037665546,-0.99458945,0.09681511
1356443077735,-0.4078285,0.10935861,0.9064859,-0.91254944,-0.015669465,-0.4086661,-0.03048703,-0.99387884,0.106185615
1356443077775,-0.4695965,0.104379684,0.8766892,-0.8826035,-0.03060323,-0.4691209,-0.022137165,-0.9940666,0.10649711
1356443077815,-0.5385573,0.09012818,0.8377546,-0.84247774,-0.04145533,-0.5371337,-0.013681442,-0.995067,0.098257124
1356443077855,-0.60510623,0.072526574,0.7928343,-0.7960927,-0.043739498,-0.6035919,-0.009098262,-0.9964069,0.08420497
1356443077895,-0.6589757,0.059987098,0.74976826,-0.7520565,-0.035681427,-0.6581321,-0.012726635,-0.9975612,0.06862694
1356443077935,-0.69594777,0.05648178,0.71586764,-0.7176673,-0.020409346,-0.696087,-0.024705857,-0.99819505,0.054739
1356443077973,-0.7173752,0.059507966,0.6941409,-0.69549847,-0.002995789,-0.71852136,-0.040678263,-0.9982233,0.043536782
1356443078014,-0.72515833,0.064802915,0.68552613,-0.6862829,0.013274133,-0.7272136,-0.05622539,-0.99780977,0.0348472
1356443078050,-0.7190294,0.06945005,0.69150066,-0.6915318,0.02749008,-0.7218227,-0.06914002,-0.9972065,0.028260767
1356443078080,-0.69723487,0.07205069,0.7132125,-0.71243227,0.040547848,-0.7005684,-0.07939562,-0.99657637,0.023059964
1356443078121,-0.665177,0.07242143,0.7431654,-0.7414625,0.05345297,-0.6688618,-0.08816433,-0.99594074,0.018142104
1356443078163,-0.6078416,0.06822616,0.79112184,-0.7881465,0.069509745,-0.6115501,-0.09671444,-0.99524546,0.011521339
1356443078203,-0.52837104,0.054822862,0.84724176,-0.8424471,0.09001845,-0.5312058,-0.105389655,-0.99443007,-0.001377821
1356443078243,-0.4457723,0.02445367,0.8948123,-0.8880582,0.11346686,-0.4455085,-0.112425864,-0.99324083,-0.028864026
1356443078283,-0.38754988,-0.027798086,0.92142946,-0.9147643,0.13527709,-0.38066545,-0.11406654,-0.9904177,-0.07785529
1356443078323,-0.3663351,-0.09616873,0.92550004,-0.92421854,0.15283054,-0.34994718,-0.10779071,-0.9835621,-0.14486814
1356443078363,-0.36406326,-0.16354993,0.916902,-0.92643344,0.16485852,-0.33844164,-0.095807016,-0.9726629,-0.21153706
1356443078403,-0.35147226,-0.21246955,0.9117696,-0.9324968,0.16596842,-0.32078668,-0.08316755,-0.9629699,-0.25646043
1356443078443,-0.30975422,-0.2342729,0.92150337,-0.9479608,0.15115127,-0.2802206,-0.07363832,-0.9603486,-0.2689013
1356443078485,-0.23421738,-0.22758481,0.9451706,-0.9697752,0.12309334,-0.21067524,-0.0683977,-0.9659468,-0.2495367
1356443078525,-0.13201985,-0.19559479,0.9717579,-0.9889668,0.09244761,-0.115750015,-0.06719661,-0.9763176,-0.20564169
1356443078563,-0.01767078,-0.14516032,0.9892503,-0.9974185,0.07143149,-0.007335007,-0.06959888,-0.98682624,-0.14604783
1356443078602,0.081240416,-0.09130305,0.9925039,-0.9939566,0.0663386,0.08746204,-0.07382694,-0.9936111,-0.0853619
1356443078643,0.15977398,-0.040813684,0.9863095,-0.9840703,0.072322816,0.16240397,-0.07796097,-0.9965459,-0.028608263
1356443078683,0.21379003,0.0024923384,0.97687644,-0.9736675,0.081570834,0.21287963,-0.079154074,-0.9966644,0.019865751
1356443078723,0.24445048,0.037922114,0.96892,-0.9666991,0.08758137,0.2404624,-0.07574049,-0.99543524,0.058068573
1356443078763,0.25302044,0.065820545,0.9652193,-0.9650749,0.08719799,0.24703637,-0.06790513,-0.99401426,0.08558458
1356443078804,0.2401036,0.08660528,0.9668764,-0.96909297,0.07950711,0.2335324,-0.056648403,-0.993065,0.10301852
1356443078844,0.20620778,0.10061368,0.9733218,-0.97757447,0.06462738,0.20042816,-0.042737484,-0.99282444,0.111683995
1356443078885,0.15146792,0.107393265,0.9826108,-0.9881017,0.043292105,0.14758271,-0.026689887,-0.99327356,0.112672865
1356443078925,0.07609558,0.10589635,0.9914612,-0.9970429,0.018767595,0.074519485,-0.010716021,-0.9942,0.10701135
1356443078964,-0.0136246085,0.09640151,0.9952493,-0.99990696,-0.0019985437,-0.01349476,6.881058E-4,-0.9953406,0.09641975
1356443079005,-0.103074074,0.08264911,0.99123394,-0.99467003,-0.011253655,-0.10249308,0.0026840568,-0.99651515,0.0833686
1356443079045,-0.17453206,0.07029453,0.98213905,-0.9846363,-0.0069345236,-0.17447957,-0.005454242,-0.9975021,0.070424914
1356443079085,-0.21802503,0.0616498,0.973994,-0.9757283,0.0071744323,-0.2188673,-0.02048099,-0.998072,0.05858922
1356443079125,-0.231623,0.05550158,0.97122097,-0.9720546,0.026016414,-0.23330861,-0.03821659,-0.99811953,0.047924638
1356443079165,-0.21710885,0.04921305,0.9749061,-0.97454333,0.046304584,-0.2193655,-0.055938244,-0.9977144,0.037907124
1356443079205,-0.1778065,0.040157557,0.98324573,-0.9813998,0.066257775,-0.18017879,-0.072383165,-0.99699414,0.027629554
1356443079245,-0.11866218,0.026438862,0.9925827,-0.989089,0.08474845,-0.120501935,-0.087305784,-0.9960516,0.01609397
1356443079285,-0.047961086,0.006358415,0.9988289,-0.9937433,0.100676864,-0.048357815,-0.10086641,-0.9948988,0.0014900565
1356443079325,0.020400584,-0.023367345,0.99951875,-0.9934761,0.11171991,0.022889107,-0.112200946,-0.99346495,-0.020935774
1356443079365,0.070801914,-0.06756675,0.9951994,-0.99048185,0.113300025,0.07815853,-0.118037045,-0.99126077,-0.058901787
1356443079405,0.096365154,-0.1277284,0.98711663,-0.98876184,0.101598024,0.1096721,-0.11429733,-0.9865918,-0.116502464
1356443079445,0.10581282,-0.19517705,0.97504336,-0.9892391,0.07897535,0.12316206,-0.10104281,-0.97758317,-0.18472016
1356443079485,0.118191004,-0.2516562,0.9605727,-0.98940873,0.05224812,0.1354273,-0.084269255,-0.96640533,-0.24281561
1356443079525,0.14771143,-0.28103933,0.94826066,-0.9864907,0.026801556,0.1616098,-0.070833564,-0.959322,-0.27328378
1356443079563,0.19684643,-0.27646077,0.94064915,-0.97834384,0.007230997,0.2068598,-0.063990444,-0.96099794,-0.2690503
1356443079602,0.25063962,-0.24738058,0.9359395,-0.96606195,-0.0015144348,0.25830603,-0.062482476,-0.96891725,-0.23936456
1356443079643,0.30372208,-0.19943005,0.9316547,-0.95058626,0.0025964975,0.3104496,-0.06433198,-0.9799086,-0.1887868
1356443079683,0.34649235,-0.14308193,0.92707634,-0.9356499,0.017978251,0.35247135,-0.06709948,-0.9895475,-0.12764522
1356443079723,0.37508857,-0.086726874,0.9229231,-0.9244112,0.03920263,0.37937725,-0.069083214,-0.9954605,-0.06546682
1356443079763,0.38925767,-0.035229802,0.920455,-0.91854495,0.059949458,0.3907444,-0.06894657,-0.9975795,-0.009024352
1356443079803,0.39044502,0.009431452,0.92057794,-0.91827726,0.07537618,0.38869703,-0.06572372,-0.9971106,0.038090944
1356443079843,0.38004765,0.046527475,0.92379594,-0.92307353,0.08294734,0.3755728,-0.059151977,-0.9954672,0.07447222
1356443079885,0.35886154,0.07540247,0.93034023,-0.93208563,0.08164111,0.35291806,-0.04934317,-0.9938055,0.09957942
1356443079925,0.32704547,0.09507689,0.94021356,-0.9443135,0.07103047,0.32128876,-0.036236614,-0.9929325,0.11301261
1356443079964,0.28479016,0.10467392,0.95285773,-0.9583779,0.05199468,0.2807283,-0.020158619,-0.9931464,0.11512473
1356443080005,0.23277664,0.10290751,0.96707034,-0.97252667,0.027310431,0.23118383,-0.002620548,-0.9943159,0.106437504
1356443080045,0.17245337,0.09027684,0.9808721,-0.98495495,0.004559487,0.1727516,0.011123121,-0.9959063,0.08970487
1356443080085,0.10918984,0.07012671,0.9915441,-0.99391216,-0.007048577,0.10994905,0.01469937,-0.9975131,0.06893021
1356443080125,0.051059783,0.048631966,0.9975108,-0.998678,-0.0034443736,0.051287442,0.0059300363,-0.9988109,0.04839179
1356443080165,0.0051844716,0.030545592,0.99951994,-0.9999236,0.011374533,0.004839003,-0.01122129,-0.9994686,0.030602247
1356443080205,-0.025160372,0.016534775,0.99954665,-0.9992112,0.030312717,-0.025653303,-0.030723184,-0.99940366,0.015758991
1356443080245,-0.039719164,0.0046755373,0.9992,-0.99802196,0.04858303,-0.039899617,-0.04873076,-0.99880826,0.0027365088
1356443080284,-0.039477438,-0.007260114,0.999194,-0.9971596,0.064477295,-0.0389286,-0.064142674,-0.99789274,-0.009784877
1356443080325,-0.026524395,-0.021228224,0.99942267,-0.9966253,0.07825264,-0.024788082,-0.077681184,-0.9967075,-0.023232162
1356443080365,-0.0024482012,-0.038818955,0.99924326,-0.99588346,0.09063685,0.0010811687,-0.090610236,-0.9951272,-0.038881063
1356443080405,0.02822715,-0.06228918,0.9976589,-0.9941774,0.10208297,0.03450221,-0.10399312,-0.9928238,-0.059045017
1356443080445,0.059309125,-0.095774055,0.9936346,-0.99132025,0.11134428,0.069903135,-0.11733034,-0.989156,-0.08833903
1356443080484,0.08371833,-0.14372566,0.9860701,-0.9883771,0.11403307,0.100535184,-0.12689406,-0.98302567,-0.13250846
1356443080525,0.09663543,-0.20646319,0.97367066,-0.9872329,0.10456601,0.12015435,-0.12662035,-0.9728509,-0.19372255
1356443080563,0.10210562,-0.27296704,0.95658946,-0.9881614,0.08285719,0.12911925,-0.11450562,-0.9584485,-0.26127535
1356443080602,0.111172974,-0.32312512,0.9398035,-0.98885,0.058310986,0.13702351,-0.0990766,-0.9445581,-0.31303972
1356443080643,0.12976784,-0.34543902,0.9294258,-0.9877135,0.037282705,0.1517629,-0.087076366,-0.93770033,-0.3363567
1356443080683,0.15826958,-0.3387425,0.927472,-0.98405147,0.023132801,0.17637348,-0.08120024,-0.9405947,-0.32967883
1356443080723,0.1941112,-0.30665314,0.93181795,-0.9777144,0.016958624,0.20925301,-0.07997042,-0.9516702,-0.29652733
1356443080763,0.23292202,-0.2554089,0.9383568,-0.96915257,0.01897204,0.24573016,-0.0805642,-0.9666469,-0.2431112
1356443080803,0.26992255,-0.19294354,0.9433529,-0.9594765,0.028429687,0.2803507,-0.0809111,-0.9807979,-0.17745101
1356443080843,0.30049255,-0.12819621,0.9451296,-0.9504113,0.043014973,0.3080063,-0.080139935,-0.9908155,-0.10891348
1356443080884,0.32162902,-0.068466514,0.94438714,-0.9436805,0.05856183,0.32563397,-0.07760006,-0.99593306,-0.045775324
1356443080925,0.33263314,-0.017205507,0.9428994,-0.9402696,0.07075602,0.33299655,-0.072445214,-0.99734527,0.007357985
1356443080965,0.3337693,0.02497533,0.9423238,-0.9404324,0.0774245,0.33104733,-0.06469092,-0.9966854,0.04932955
1356443081005,0.32591096,0.05866599,0.9435785,-0.94377196,0.07874629,0.32108185,-0.05546674,-0.995167,0.08103162
1356443081044,0.30966744,0.08430007,0.94710064,-0.9497298,0.07564935,0.3037936,-0.046037793,-0.99356467,0.103488415
1356443081085,0.28548443,0.101711094,0.95297086,-0.95768636,0.068190634,0.27961898,-0.03654328,-0.9924741,0.116874754
1356443081125,0.2534647,0.11042106,0.9610218,-0.96698785,0.055901885,0.24861512,-0.026270598,-0.9923115,0.12094498
1356443081165,0.21454915,0.109698504,0.9705333,-0.97659826,0.039333373,0.21144405,-0.014979243,-0.99318635,0.11557037
1356443081205,0.17057258,0.09998265,0.98025936,-0.98533165,0.022513092,0.16915894,-0.0051556826,-0.9947344,0.102356195
1356443081245,0.12546176,0.08405584,0.98853123,-0.99209636,0.012667954,0.1248371,-0.0020293891,-0.9963805,0.084980875
1356443081285,0.08474946,0.06633282,0.99419194,-0.9963596,0.014880598,0.08394146,-0.009226143,-0.9976866,0.067352444
1356443081325,0.053444892,0.0501678,0.9973098,-0.9982573,0.027710289,0.05210182,-0.02502191,-0.99835634,0.051561296
1356443081365,0.034389585,0.03630221,0.99874896,-0.9984232,0.045612782,0.032720447,-0.04436785,-0.99829936,0.037813544
1356443081405,0.02831027,0.02373451,0.99931735,-0.99760693,0.06375614,0.026747525,-0.06307775,-0.9976832,0.025482714
1356443081445,0.03436804,0.01108253,0.9993478,-0.9962493,0.07983279,0.033376127,-0.07941082,-0.99674666,0.013784647
1356443081485,0.050874352,-0.0027638078,0.9987012,-0.9943264,0.09339762,0.050909966,-0.09341702,-0.995625,0.0020034313
1356443081525,0.075413525,-0.018794417,0.99697524,-0.991488,0.105004966,0.076978,-0.10613412,-0.99429417,-0.010715604
1356443081563,0.104239285,-0.039571583,0.99376464,-0.9874626,0.11497742,0.10815665,-0.11854038,-0.9925796,-0.027090311
1356443081602,0.13381273,-0.06897867,0.9886031,-0.982525,0.12100184,0.14143285,-0.12937865,-0.99025273,-0.05158168
1356443081643,0.1562005,-0.11349234,0.9811834,-0.9785187,0.11753449,0.16937143,-0.1345453,-0.9865623,-0.092695475
1356443081683,0.17052662,-0.17365679,0.9699299,-0.97681594,0.09950173,0.18955213,-0.12942666,-0.97976667,-0.15266299
1356443081723,0.18087262,-0.23742634,0.95441806,-0.9767546,0.07015151,0.20255688,-0.11504617,-0.9688692,-0.21921873
1356443081763,0.19418709,-0.28529558,0.93856156,-0.97600543,0.039893076,0.21406052,-0.09851265,-0.95760894,-0.27070332
1356443081803,0.21460915,-0.30324227,0.9284325,-0.972904,0.01735413,0.23055694,-0.08602673,-0.95275533,-0.29130125
1356443081843,0.24071604,-0.28879786,0.92663455,-0.9673761,0.0063091516,0.253266,-0.07898903,-0.9573693,-0.27785748
1356443081883,0.26773286,-0.24768081,0.93111396,-0.9604862,0.007680729,0.27822167,-0.076061815,-0.9688112,-0.23583764
1356443081923,0.28997877,-0.19085181,0.9378102,-0.9540628,0.019495696,0.2989717,-0.075342536,-0.9814252,-0.17643124
1356443081963,0.3035378,-0.13052815,0.94383645,-0.9498586,0.036577523,0.31053293,-0.07505646,-0.9907696,-0.11288062
1356443082004,0.3075169,-0.07537955,0.9485522,-0.94869775,0.052738458,0.31175512,-0.07352513,-0.9957593,-0.055294454
1356443082045,0.303221,-0.028607875,0.9524908,-0.95039713,0.06361151,0.304465,-0.06929949,-0.9975646,-0.007900506
1356443082085,0.29206452,0.009761572,0.9563488,-0.9543874,0.06778875,0.2907736,-0.061991304,-0.99765193,0.029115021
1356443082125,0.27499944,0.04052323,0.96059,-0.9600161,0.06601238,0.2720503,-0.052386433,-0.99699557,0.057056367
1356443082164,0.25194776,0.06403059,0.96562016,-0.96683866,0.05972904,0.24830505,-0.04177639,-0.99615884,0.076955885
1356443082205,0.22277606,0.08022758,0.97156286,-0.9743904,0.049569786,0.2193312,-0.030563802,-0.9955433,0.089215934
1356443082245,0.18713883,0.08907777,0.9782863,-0.9821606,0.03564754,0.18463403,-0.018426657,-0.99538654,0.09415972
1356443082284,0.14593229,0.09047231,0.985149,-0.9892808,0.018599361,0.14483628,-0.005219519,-0.9957253,0.09221673
1356443082324,0.10068017,0.084788024,0.9912994,-0.9948935,0.0014678836,0.10091972,0.007101685,-0.996398,0.084502846
1356443082365,0.053803623,0.07426387,0.9957862,-0.9984632,-0.009259522,0.054638833,0.013278276,-0.9971956,0.07365158
1356443082405,0.009112716,0.06293446,0.997976,-0.9999202,-0.008157015,0.009644866,0.008747518,-0.9979843,0.062855154
1356443082445,-0.029530883,0.053854734,0.99811196,-0.99954677,0.0042535067,-0.0298028,-0.0058504343,-0.9985397,0.05370477
1356443082485,-0.059894443,0.0475792,0.9970701,-0.99788,0.022620857,-0.06102258,-0.025457948,-0.9986113,0.046123564
1356443082525,-0.08117944,0.042798877,0.99578017,-0.9956732,0.041844726,-0.08296919,-0.045219123,-0.998207,0.039216816
1356443082564,-0.093544185,0.037578195,0.9949057,-0.9936274,0.059589505,-0.095674664,-0.06288123,-0.99751544,0.031764448
1356443082602,-0.09682751,0.03078708,0.9948249,-0.99226916,0.07497257,-0.09889892,-0.07762942,-0.9967103,0.02328962
1356443082643,-0.09334463,0.021175683,0.9954087,-0.9915295,0.08870971,-0.094867945,-0.09031135,-0.99583244,0.012715757
1356443082683,-0.08401331,0.0066595674,0.9964423,-0.9912564,0.10154715,-0.08425474,-0.101747006,-0.99480844,-0.0019299984
1356443082723,-0.07308301,-0.01800716,0.9971633,-0.9911127,0.11274168,-0.0706037,-0.11115053,-0.99346113,-0.026086628
1356443082763,-0.06718719,-0.06027955,0.9959178,-0.9910938,0.11905569,-0.059655696,-0.114973664,-0.9910561,-0.06774169
1356443082803,-0.071466416,-0.1225664,0.9898838,-0.9914717,0.117159456,-0.057074517,-0.10897884,-0.9855207,-0.12989408
1356443082843,-0.083773226,-0.19319236,0.97757804,-0.9920443,0.10868016,-0.063535124,-0.09396887,-0.9751233,-0.20075989
1356443082883,-0.0956175,-0.25107616,0.9632331,-0.9924498,0.09872016,-0.07278538,-0.07681584,-0.96292007,-0.25861984
1356443082924,-0.098567694,-0.27994815,0.95494163,-0.9930445,0.08977005,-0.076183915,-0.0643976,-0.95580876,-0.28684932
1356443082965,-0.08905026,-0.27512684,0.9572749,-0.99428,0.081456035,-0.069081694,-0.058969587,-0.95795107,-0.28080672
1356443083005,-0.06907907,-0.24140611,0.9679624,-0.9958621,0.07411817,-0.052585393,-0.05904916,-0.9675896,-0.24552721
1356443083045,-0.04356441,-0.18804207,0.9811943,-0.9971348,0.06897786,-0.031052858,-0.06184143,-0.97973585,-0.19050825
1356443083097,-0.01951614,-0.12727928,0.9916749,-0.99772584,0.066482276,-0.011102349,-0.06451571,-0.9896364,-0.12828732
1356443083125,-0.002173841,-0.06908831,0.9976082,-0.9978839,0.06497878,0.0023255646,-0.06498405,-0.9954921,-0.06908333
1356443083164,0.004990965,-0.019697547,0.9997935,-0.9980501,0.062108964,0.0062059164,-0.062218398,-0.997875,-0.019349158
1356443083205,0.0018896163,0.019479454,0.99980843,-0.99842733,0.05605486,7.9488754E-4,-0.056028605,-0.9982376,0.019554734
1356443083245,-0.011727214,0.04911226,0.99872446,-0.99880785,0.04675597,-0.014027387,-0.047385246,-0.9976983,0.048505366
1356443083285,-0.035232484,0.07028228,0.99690473,-0.9986829,0.034751594,-0.037745386,-0.03729686,-0.99692166,0.068965316
1356443083325,-0.06843197,0.083640546,0.9941435,-0.9973147,0.020317852,-0.07035968,-0.026083708,-0.9962888,0.08202559
1356443083365,-0.11117947,0.089227796,0.9897866,-0.99370825,0.0035790205,-0.11194262,-0.01353085,-0.9960048,0.08826852
1356443083405,-0.16315907,0.08662847,0.9827892,-0.9865998,-0.014590502,-0.16250557,2.61724E-4,-0.99613386,0.08784813
1356443083445,-0.22271645,0.076166034,0.9719033,-0.97478914,-0.031247437,-0.22092894,0.013542235,-0.9966054,0.08120519
1356443083485,-0.2845707,0.0612199,0.9566983,-0.95840955,-0.040752828,-0.2824719,0.021695226,-0.99729204,0.07027072
1356443083525,-0.34014118,0.048008054,0.93914807,-0.9401711,-0.038122773,-0.33856297,0.019549191,-0.9981191,0.058102965
1356443083563,-0.38213313,0.04092914,0.9232005,-0.92409056,-0.022938848,-0.38148457,0.0055633485,-0.9988987,0.046587944
1356443083617,-0.40768605,0.03886658,0.9122946,-0.9130234,-0.0026573539,-0.40789855,-0.013429314,-0.9992409,0.036569476
1356443083642,-0.4168697,0.038893253,0.90813375,-0.90835214,0.018892765,-0.41777912,-0.03340593,-0.9990648,0.027453005
1356443083682,-0.40784115,0.038228363,0.9122523,-0.9116007,0.03927958,-0.40919584,-0.051475793,-0.9984967,0.018829167
1356443083720,-0.37927032,0.034914106,0.92462707,-0.9228598,0.058043778,-0.38073713,-0.066961974,-0.9977034,0.010206521
1356443083764,-0.33089447,0.027680129,0.9432618,-0.94020927,0.07582933,-0.33204883,-0.0807181,-0.9967366,9.3358755E-4
1356443083803,-0.26373756,0.014986008,0.964478,-0.9600198,0.09318638,-0.26396638,-0.093832016,-0.9955359,-0.010189891
1356443083843,-0.18872678,-0.0072047412,0.9820032,-0.9762769,0.109455585,-0.18682325,-0.10613975,-0.9939656,-0.027691007
1356443083883,-0.12331739,-0.045647353,0.9913169,-0.9857626,0.120693654,-0.11706889,-0.11430183,-0.99163973,-0.05988109
1356443083923,-0.083419114,-0.10314646,0.991162,-0.9900627,0.121577114,-0.07067448,-0.113212764,-0.98720807,-0.11226332
1356443083963,-0.06791946,-0.17044169,0.98302424,-0.9924554,0.1123493,-0.0490914,-0.10207486,-0.978942,-0.17678642
1356443084003,-0.05909425,-0.22829306,0.97179735,-0.9944452,0.09840387,-0.03735459,-0.08710083,-0.9686067,-0.23284006
1356443084043,-0.037962794,-0.2600707,0.96484303,-0.99641454,0.08290923,-0.016857058,-0.0756104,-0.9620235,-0.2622857
1356443084083,0.0024344325,-0.26035184,0.9655107,-0.9975417,0.066984594,0.020577699,-0.07003179,-0.96318734,-0.25954878
1356443084125,0.057646334,-0.23261166,0.97085977,-0.99596095,0.05365485,0.07199213,-0.06883755,-0.9710885,-0.22857916
1356443084165,0.117061615,-0.18547985,0.9756504,-0.9906969,0.04684013,0.12777162,-0.06939864,-0.981531,-0.17827111
1356443084205,0.1662913,-0.1319859,0.97720367,-0.983629,0.047580183,0.17381111,-0.06943613,-0.9901091,-0.121912956
1356443084245,0.19780278,-0.08209345,0.9767982,-0.97791386,0.052109003,0.20240808,-0.06751633,-0.99526143,-0.06997302
1356443084284,0.20978096,-0.04042554,0.9769124,-0.97571814,0.05569908,0.21182936,-0.06297639,-0.99762887,-0.027759254
1356443084325,0.20516181,-0.0068947673,0.9787038,-0.9771384,0.055527806,0.20522487,-0.055760324,-0.99843335,0.0046550035
1356443084365,0.1864233,0.020222962,0.98226136,-0.98135287,0.051486194,0.18519086,-0.046827734,-0.99846894,0.029444128
1356443084404,0.15605652,0.042187274,0.9868468,-0.98704964,0.044225454,0.15419799,-0.037138492,-0.9981304,0.04854265
1356443084445,0.114816576,0.059049696,0.9916302,-0.9930333,0.033449203,0.11298725,-0.026497394,-0.9976945,0.06247878
1356443084485,0.061003506,0.0696888,0.9957018,-0.9980383,0.018328846,0.059863806,-0.01407823,-0.9974004,0.07067022
1356443084524,-0.006266594,0.0723249,0.9973614,-0.99998033,-2.6118755E-4,-0.0062641203,-1.925826E-4,-0.9973811,0.07232511
1356443084564,-0.085834205,0.06606665,0.99411654,-0.99624217,-0.017289937,-0.08486867,0.0115811825,-0.9976654,0.067302465
1356443084602,-0.16791457,0.05581546,0.98422015,-0.985687,-0.024726748,-0.16676256,0.015028626,-0.99813485,0.059168518
1356443084643,-0.23670262,0.047615677,0.97041464,-0.9715625,-0.017957985,-0.23610142,0.006184548,-0.9987043,0.050512314
1356443084683,-0.2835583,0.044550836,0.9579195,-0.95887536,-3.042221E-4,-0.28382716,-0.012353331,-0.999007,0.042805016
1356443084723,-0.30624557,0.04483652,0.950896,-0.95130485,0.022426546,-0.3074347,-0.03510958,-0.9987426,0.035785258
1356443084763,-0.30482018,0.044700593,0.9513602,-0.9506655,0.046149135,-0.30676594,-0.05761704,-0.99793386,0.028428197
1356443084805,-0.2791947,0.0407708,0.9593685,-0.9570595,0.06936431,-0.2814706,-0.078021705,-0.9967579,0.019653916
1356443084845,-0.22854012,0.030742556,0.97304904,-0.96874535,0.091837585,-0.23043084,-0.096446544,-0.99529934,0.008793116
1356443084885,-0.15360999,0.012953877,0.98804665,-0.9815594,0.11313254,-0.15408471,-0.11377624,-0.99349546,-0.0046632886
1356443084925,-0.06458002,-0.015032381,0.99779934,-0.9893992,0.13129377,-0.0620583,-0.13007194,-0.99122953,-0.023351967
1356443084966,0.018934429,-0.057193458,0.99818355,-0.98961705,0.14119679,0.026862144,-0.14247662,-0.9883281,-0.05392611
