1356443685939,-0.14208713,-0.07874218,-0.9867172,-0.9648709,0.23356238,0.1203025,0.22098711,0.9691482,-0.10916227
1356443685940,0.1394808,0.07937807,0.98703814,0.9652502,-0.23335394,-0.11763549,0.22099152,0.9691466,-0.10916811
1356443685962,0.13955063,0.07938975,0.9870273,0.96523637,-0.23337919,-0.11769834,0.22100762,0.9691396,-0.10919806
1356443685990,0.13982025,0.07942507,0.98698634,0.96518743,-0.233457,-0.11794534,0.22105104,0.969118,-0.1093021
1356443686025,0.14060119,0.079441905,0.986874,0.96505475,-0.23363039,-0.11868566,0.22113511,0.9690748,-0.109514505
1356443686063,0.14242119,0.07924092,0.9866291,0.9647589,-0.2339359,-0.12047565,0.22126135,0.9690175,-0.1097658
1356443686103,0.14670941,0.07817036,0.98608613,0.9640953,-0.23437318,-0.12485811,0.22135189,0.9689988,-0.10974845
1356443686146,0.15479365,0.07565549,0.9850457,0.9628403,-0.23490337,-0.13326263,0.22130856,0.96906996,-0.10920563
1356443686185,0.16724408,0.07145393,0.9833228,0.9608079,-0.2354635,-0.1463046,0.22108263,0.96925294,-0.10803339
1356443686224,0.18387538,0.06558806,0.9807589,0.9578425,-0.23602736,-0.1637946,0.22074297,0.96953034,-0.1062226
1356443686267,0.20221022,0.058391094,0.97759986,0.9542117,-0.23643008,-0.18325078,0.2204338,0.9698924,-0.103526026
1356443686305,0.22024885,0.050274283,0.9741472,0.9502131,-0.23672786,-0.20262027,0.22042128,0.9702743,-0.09991029
1356443686344,0.23607987,0.042111874,0.9708207,0.9462443,-0.23728698,-0.21981052,0.22110647,0.97052646,-0.09586683
1356443686386,0.24844533,0.03483954,0.96801925,0.9426323,-0.23874253,-0.23333722,0.22297803,0.97045773,-0.09215534
1356443686426,0.25680995,0.029114485,0.9660232,0.9395591,-0.24171752,-0.24248964,0.22644481,0.9699097,-0.08943024
1356443686465,0.26090318,0.02515632,0.9650371,0.9372513,-0.24609482,-0.24697599,0.2312777,0.96891916,-0.08778468
1356443686505,0.2607281,0.022449732,0.9651512,0.9357236,-0.251897,-0.24691924,0.23757544,0.96749353,-0.08668336
1356443686547,0.25539005,0.020053416,0.9666301,0.93522644,-0.2586887,-0.24172631,0.24520886,0.9657526,-0.084820986
1356443686585,0.24369669,0.016382664,0.9697131,0.9359487,-0.26602572,-0.23071712,0.25418887,0.9638267,-0.08016294
1356443686625,0.2236008,0.009322137,0.9746362,0.9380319,-0.27368534,-0.21258533,0.2647619,0.9617741,-0.069940746
1356443686665,0.19271952,-0.003426075,0.9812479,0.9412005,-0.2821443,-0.18583927,0.27749017,0.95936584,-0.051150113
1356443686705,0.15066826,-0.022797942,0.98832154,0.9444094,-0.29219228,-0.15071407,0.29221585,0.95608795,-0.022493541
1356443686751,0.100813925,-0.04733807,0.99377847,0.9464614,-0.3033297,-0.110462815,0.3066716,0.95170915,0.014223754
1356443686784,0.057587862,-0.06864172,0.9959779,0.94687504,-0.3124243,-0.07628065,0.31640375,0.9474594,0.04700327
1356443686823,0.024944365,-0.08559635,0.9960176,0.9471221,-0.31680322,-0.05094543,0.31990233,0.9446211,0.07316777
1356443686864,0.005791545,-0.09796977,0.9951725,0.9479928,-0.31617558,-0.03664288,0.31823918,0.94362855,0.09104347
1356443686903,-3.9160252E-4,-0.10722038,0.99423516,0.9496628,-0.31150752,-0.033219546,0.31327355,0.94417524,0.10194522
1356443686944,0.0027794838,-0.115752995,0.99327415,0.95204526,-0.3035828,-0.038042694,0.3059445,0.94574773,0.10935831
1356443686984,0.008553207,-0.12735313,0.9918206,0.95478636,-0.29372048,-0.045948565,0.2971697,0.94736975,0.11908278
1356443687010,0.011924505,-0.14290184,0.9896649,0.95719653,-0.2846132,-0.0526298,0.28919265,0.9479315,0.13339135
1356443687050,-0.0054778457,-0.16752943,0.9858519,0.9585192,-0.28183162,-0.042566717,0.28497538,0.9447248,0.16212395
1356443687082,-0.041931093,-0.19696748,0.979513,0.95712376,-0.2891699,-0.017175764,0.28662866,0.9367949,0.20064741
1356443687123,-0.1046164,-0.23067531,0.9673904,0.9483942,-0.3159222,0.027230084,0.29933885,0.9203162,0.25182185
1356443687163,-0.17675638,-0.25538123,0.95054597,0.93158853,-0.35508472,0.0778313,0.31764764,0.89927495,0.30067363
1356443687203,-0.2376889,-0.2634818,0.9349232,0.9121154,-0.391496,0.12155822,0.3339903,0.8816509,0.33338004
1356443687243,-0.27525944,-0.2545435,0.9270597,0.89780843,-0.41287565,0.15321064,0.34376162,0.8744948,0.34217936
1356443687283,-0.28408015,-0.23129666,0.93048394,0.8940847,-0.41439974,0.16995719,0.3462818,0.8802129,0.32452154
1356443687323,-0.26314032,-0.19673315,0.9444858,0.9016042,-0.39852887,0.16818094,0.34331802,0.8958074,0.28224438
1356443687363,-0.21701217,-0.15425229,0.9639045,0.9158801,-0.37381387,0.14637911,0.33774158,0.914587,0.22239876
1356443687403,-0.15643632,-0.10834953,0.9817271,0.9301411,-0.35048503,0.10953447,0.3322126,0.93027985,0.15560886
1356443687443,-0.09413111,-0.06373668,0.99351746,0.9397851,-0.33502436,0.06754753,0.3285473,0.9400512,0.091434956
1356443687483,-0.039464414,-0.023778021,0.99893796,0.94391376,-0.32887495,0.029462308,0.32782516,0.94407403,0.03542331
1356443687525,0.003875792,0.010144293,0.999941,0.9439077,-0.33020926,-3.0863285E-4,0.3301867,0.9438532,-0.010855049
1356443687565,0.035826385,0.037872463,0.9986401,0.9415561,-0.33619922,-0.021028519,0.33494562,0.9410291,-0.047703832
1356443687605,0.056610703,0.059363633,0.99662995,0.93808365,-0.3448577,-0.0327439,0.34175172,0.9367759,-0.07521069
1356443687645,0.06554049,0.074328184,0.9950778,0.933828,-0.35601443,-0.03491351,0.351667,0.93151975,-0.09274316
1356443687685,0.061231196,0.082292825,0.99472535,0.9284537,-0.37050152,-0.026500493,0.3663665,0.9251791,-0.09909132
1356443687725,0.042859852,0.082981676,0.99562895,0.9216914,-0.38785416,-0.007350892,0.38554883,0.9179778,-0.093106866
1356443687765,0.012637496,0.077188134,0.99693644,0.9142644,-0.40463686,0.019739598,0.40492085,0.911214,-0.07568395
1356443687805,-0.022942781,0.067288816,0.9974698,0.90832305,-0.4153993,0.04891491,0.41763964,0.907147,-0.05158961
1356443687845,-0.05588627,0.056124568,0.9968585,0.90608984,-0.41651952,0.074248195,0.41937813,0.90739274,-0.027576208
1356443687885,-0.079471946,0.045779526,0.99578536,0.9081684,-0.40853614,0.09126112,0.41099212,0.91159344,-0.009108394
1356443687925,-0.08924794,0.03703022,0.99532086,0.91383857,-0.3944167,0.09661561,0.39614886,0.9181853,0.0013612509
1356443687982,-0.082506,0.029561847,0.996152,0.9221537,-0.37678385,0.0875586,0.37792236,0.9258293,0.0038264096
1356443688005,-0.057545006,0.022438765,0.99809074,0.9320064,-0.35714048,0.06176403,0.35784447,0.93378115,-3.6144257E-4
1356443688043,-0.013388991,0.014830202,0.99980044,0.9417387,-0.335885,0.017593652,0.3360789,0.9417863,-0.009469062
1356443688083,0.049118042,0.0056152046,0.99877715,0.9485203,-0.31351984,-0.044883847,0.31288442,0.94956505,-0.020725608
1356443688123,0.12160027,-0.0077247024,0.99254906,0.94895333,-0.29229647,-0.11853409,0.2910342,0.95629656,-0.028212935
1356443688165,0.1816107,-0.030048877,0.98291135,0.9434068,-0.27672768,-0.18277144,0.27749088,0.9604784,-0.021908402
1356443688205,0.19838256,-0.065921485,0.9779052,0.93925864,-0.27231264,-0.20889935,0.2800669,0.95994794,0.007895291
1356443688245,0.15639472,-0.11246961,0.9812702,0.94119924,-0.28426212,-0.18258932,0.29947376,0.95212686,0.06139931
1356443688285,0.07772851,-0.15588677,0.9847119,0.9422215,-0.31133044,-0.12366024,0.32584783,0.9374287,0.12268065
1356443688325,0.005782485,-0.1825692,0.983176,0.93757933,-0.34089488,-0.068816185,0.34772345,0.9222034,0.16920191
1356443688366,-0.029019117,-0.18905523,0.9815376,0.9324086,-0.359006,-0.041582018,0.36023915,0.9139874,0.1866947
1356443688405,-0.021977901,-0.17911977,0.9835818,0.93105716,-0.3620714,-0.04513243,0.36421087,0.91477895,0.17472826
1356443688445,0.014721274,-0.15801886,0.9873263,0.9321178,-0.35517836,-0.07074338,0.3618558,0.9213459,0.1420636
1356443688485,0.0631237,-0.13033584,0.98945844,0.9324689,-0.34564865,-0.10501832,0.35569263,0.9292683,0.09971546
1356443688525,0.10798216,-0.09964764,0.9891461,0.9307872,-0.33940047,-0.1358028,0.3492491,0.9353489,0.05610159
1356443688565,0.13976413,-0.06852755,0.9878106,0.92766225,-0.3398105,-0.1548275,0.3462784,0.937994,0.016077131
1356443688605,0.15553558,-0.03857413,0.9870769,0.924222,-0.34708858,-0.1591953,0.34874395,0.93703866,-0.018333554
1356443688645,0.15677923,-0.010762572,0.98757505,0.92109466,-0.35922503,-0.15014026,0.35637757,0.9331889,-0.046405703
1356443688685,0.14551866,0.01407215,0.9892554,0.9183197,-0.37396556,-0.12976444,0.36812136,0.92733586,-0.067341745
1356443688725,0.123131156,0.035133094,0.99176836,0.9153763,-0.3900259,-0.09983033,0.38330796,0.9201334,-0.08018437
1356443688765,0.08984625,0.051706374,0.9946125,0.9115209,-0.40667474,-0.0611988,0.40131944,0.91210854,-0.08366963
1356443688805,0.045238912,0.063158035,0.9969777,0.90622354,-0.4225552,-0.014352202,0.42037165,0.9041339,-0.076351225
1356443688845,-0.008311212,0.069344014,0.9975581,0.8998828,-0.43449914,0.03770107,0.43605253,0.8979988,-0.058790267
1356443688885,-0.06366408,0.07087347,0.9954516,0.8945235,-0.4381917,0.08840731,0.4424643,0.89608324,-0.035500973
1356443688925,-0.11168933,0.06859231,0.99137306,0.892445,-0.43189216,0.13042626,0.43711248,0.8993132,-0.012977123
1356443688983,-0.14388287,0.06305197,0.987584,0.8946754,-0.41820115,0.1570468,0.42291093,0.90616345,0.0037609637
1356443689005,-0.1528756,0.054205626,0.98675776,0.9013401,-0.40178943,0.1617136,0.4052346,0.9141264,0.01256606
1356443689045,-0.13387823,0.04160407,0.9901241,0.9122678,-0.385095,0.1395323,0.38709697,0.92193866,0.01360178
1356443689085,-0.08349514,0.02419135,0.9962145,0.9256302,-0.36840487,0.08652538,0.36910343,0.9293507,0.008367777
1356443689125,-0.001244843,0.0014441907,0.9999982,0.9365462,-0.35054034,0.0016720891,0.35054207,0.93654656,-9.162426E-4
1356443689164,0.106254816,-0.026300043,0.99399114,0.9375348,-0.33038753,-0.10896152,0.33126798,0.9434789,-0.010448039
1356443689205,0.2169643,-0.058805108,0.9744067,0.9240862,-0.30934834,-0.2244288,0.3146287,0.94912887,-0.012776554
1356443689245,0.29415166,-0.09786016,0.95073557,0.9047114,-0.29223603,-0.3099922,0.30817512,0.95132613,0.0025735348
1356443689285,0.3103193,-0.14546242,0.9394374,0.8961053,-0.2851162,-0.34015304,0.31732833,0.94739085,0.041872606
1356443689325,0.27056682,-0.19684786,0.9423611,0.90153676,-0.2915389,-0.31974447,0.33767593,0.93608546,0.098584846
1356443689365,0.20858431,-0.23976141,0.94815975,0.9102214,-0.30704832,-0.27788168,0.3577562,0.9209971,0.15419057
1356443689405,0.15946317,-0.26437753,0.9511445,0.9152195,-0.3215738,-0.24282393,0.37006038,0.9092275,0.19068438
1356443689445,0.1404137,-0.26816058,0.9530865,0.91634405,-0.32936287,-0.2276702,0.3749635,0.90532315,0.19948025
1356443689485,0.15008569,-0.25331634,0.95567,0.91422635,-0.33242846,-0.23169279,0.37638345,0.9084724,0.1816957
1356443689525,0.1742112,-0.22441247,0.9587959,0.90974224,-0.33595663,-0.24393114,0.376855,0.9147526,0.14563
1356443689564,0.19861501,-0.18689469,0.9620928,0.9049283,-0.3420065,-0.25325158,0.37637335,0.92092454,0.10119864
1356443689605,0.21429902,-0.14563558,0.96585,0.9020157,-0.34987634,-0.25289178,0.3747581,0.92540634,0.056387395
1356443689645,0.219374,-0.10433164,0.97004634,0.90149724,-0.35851073,-0.24243072,0.3730653,0.92767715,0.015406802
1356443689685,0.21534961,-0.065488696,0.97433865,0.90269035,-0.3672669,-0.22419912,0.37252483,0.9278073,-0.019974783
1356443689725,0.20402104,-0.0310345,0.9784745,0.90474725,-0.37577307,-0.20056677,0.3739088,0.9261919,-0.048587248
1356443689764,0.18465894,-0.002618283,0.9827992,0.9071195,-0.38436234,-0.17146343,0.37819993,0.9231786,-0.06860082
1356443689805,0.15454608,0.01830098,0.9878161,0.9091402,-0.39402556,-0.13493714,0.38675526,0.9189173,-0.077533305
1356443689844,0.110327244,0.030711591,0.9934207,0.9097835,-0.40553862,-0.08850151,0.40015244,0.9135619,-0.07268289
1356443689885,0.053544283,0.03535366,0.99793947,0.90790325,-0.41780585,-0.033911973,0.41574597,0.90784824,-0.05446884
1356443689925,-0.008577347,0.03429964,0.99937487,0.90370345,-0.42757106,0.022430897,0.42807308,0.90333086,-0.027329326
1356443689981,-0.06422633,0.030733049,0.99746203,0.899584,-0.43090487,0.07120073,0.43199947,0.9018738,2.8520823E-5
1356443690005,-0.10456854,0.026349902,0.99416864,0.89813495,-0.42680722,0.1057798,0.42710558,0.9039588,0.020964742
1356443690045,-0.1241703,0.021416724,0.9920298,0.9005315,-0.41740286,0.12172884,0.4166831,0.90846914,0.032542616
1356443690085,-0.12011182,0.0150702,0.992646,0.90692544,-0.40503842,0.115888655,0.4038062,0.91417545,0.034982294
1356443690125,-0.0911876,0.0062066913,0.99581444,0.91663325,-0.39028698,0.086369425,0.38918945,0.9206724,0.029900014
1356443690165,-0.036756396,-0.0061490834,0.9993053,0.9274435,-0.37260693,0.031820416,0.3721525,0.9279688,0.01939866
1356443690205,0.04165989,-0.022545516,0.9988774,0.93510395,-0.35125244,-0.046928138,0.3519162,0.9360093,0.006449312
1356443690245,0.13496083,-0.0439443,0.98987603,0.9344071,-0.3267216,-0.14190257,0.32964972,0.9440985,-0.0030327737
1356443690284,0.22055179,-0.072871596,0.9726492,0.9244479,-0.30239552,-0.23227769,0.31105122,0.9503929,6.721318E-4
1356443690325,0.26573902,-0.11308089,0.95738995,0.91453004,-0.28460896,-0.2874588,0.30498782,0.9519509,0.027784169
1356443690365,0.25544673,-0.16334936,0.9529239,0.9142306,-0.27983546,-0.29304358,0.31453034,0.9460492,0.0778559
1356443690405,0.20416409,-0.21326858,0.95542324,0.9205763,-0.29011852,-0.26147765,0.33295092,0.93292433,0.1370982
1356443690445,0.14976019,-0.24958095,0.9567033,0.92451394,-0.30766284,-0.22498325,0.35049358,0.91817915,0.18466541
1356443690485,0.1256656,-0.26599187,0.95574915,0.92336124,-0.3209344,-0.21072549,0.362784,0.9089827,0.20527609
1356443690524,0.1422016,-0.2637783,0.95404387,0.91795754,-0.32544476,-0.2268033,0.37031433,0.9080236,0.19585846
1356443690565,0.19177991,-0.24684906,0.9498874,0.90735245,-0.32430208,-0.2674692,0.37407497,0.91317785,0.16178446
1356443690605,0.25147343,-0.22059873,0.94238913,0.8924228,-0.3240252,-0.31398937,0.3746235,0.91996944,0.11538358
1356443690645,0.30408078,-0.19028652,0.93344843,0.8764249,-0.32816464,-0.35240224,0.37338212,0.92525625,0.06698331
1356443690684,0.33919936,-0.15974066,0.92705274,0.86360824,-0.3378651,-0.3742032,0.37299418,0.9275398,0.023349673
1356443690725,0.35416588,-0.13100085,0.9259618,0.85629785,-0.35259125,-0.3774035,0.3759262,0.92656255,-0.012700006
1356443690765,0.35001194,-0.10443768,0.9309052,0.85497785,-0.3704415,-0.36302355,0.38275924,0.9229659,-0.04036708
1356443690805,0.33062726,-0.08009353,0.94035673,0.85824573,-0.38893062,-0.3348839,0.3925555,0.91777885,-0.059851155
1356443690845,0.29907978,-0.05795145,0.9524668,0.8644073,-0.40631878,-0.29615045,0.40416747,0.9118918,-0.07142809
1356443690885,0.2561732,-0.03851688,0.9658632,0.8719189,-0.42214727,-0.2480911,0.4172922,0.9057087,-0.07455926
1356443690925,0.20090222,-0.022806436,0.97934586,0.87935686,-0.43637294,-0.19055259,0.43170577,0.8994769,-0.06761333
1356443690984,0.1354667,-0.011303991,0.99071735,0.88524866,-0.44768298,-0.12615332,0.44495338,0.8941208,-0.050639257
1356443691004,0.0682348,-0.0034697354,0.99766326,0.8892827,-0.45308143,-0.062397867,0.4522392,0.8914623,-0.027830333
1356443691044,0.009905517,0.0015964806,0.9999497,0.89279306,-0.4503938,-0.008124948,0.45035818,0.8928286,-0.0058867335
1356443691085,-0.031249106,0.0041972995,0.99950284,0.89714795,-0.44071728,0.029899716,0.44062358,0.89763623,0.010006309
1356443691125,-0.050002158,0.003920883,0.9987414,0.90288246,-0.42732352,0.046880573,0.42696953,0.9040903,0.017827034
1356443691165,-0.043586373,1.03890896E-4,0.99904966,0.91016376,-0.41233712,0.03975132,0.41194937,0.91103137,0.017877668
1356443691205,-0.010541856,-0.008037925,0.99991214,0.9180967,-0.39630312,0.0064935386,0.39621615,0.9180845,0.01155737
1356443691245,0.0489673,-0.020948023,0.9985807,0.92406464,-0.37850845,-0.05325356,0.37908676,0.9253608,8.227527E-4
1356443691285,0.1306777,-0.038678378,0.9906702,0.92393744,-0.35761422,-0.13583735,0.35953167,0.93306816,-0.010995805
1356443691325,0.22032142,-0.061748147,0.9734709,0.91479665,-0.33328646,-0.22818261,0.33853447,0.94080144,-0.016943172
1356443691365,0.29053104,-0.09241769,0.952392,0.9012697,-0.30789846,-0.30481362,0.32141027,0.9469199,-0.006160766
1356443691405,0.31247234,-0.1333431,0.9405215,0.8962147,-0.28683168,-0.33841792,0.31489706,0.9486555,0.029877111
1356443691445,0.2795803,-0.18125272,0.9428586,0.90540934,-0.27699655,-0.3217248,0.31948206,0.9436209,0.08666514
1356443691485,0.21801841,-0.2240969,0.9498676,0.9189358,-0.2806371,-0.27712786,0.32867157,0.9332863,0.1447466
1356443691525,0.16943514,-0.24986067,0.9533422,0.92626023,-0.290057,-0.24064273,0.33665076,0.92381626,0.18229015
1356443691565,0.15928179,-0.25523376,0.9536692,0.9260137,-0.29625332,-0.23395008,0.3422396,0.9203748,0.1891622
1356443691605,0.18549144,-0.24345979,0.9520086,0.91950583,-0.2986775,-0.2555402,0.3465573,0.92277795,0.16846055
1356443691645,0.22929257,-0.22036132,0.9480854,0.9078827,-0.30278772,-0.28994587,0.35096148,0.92723274,0.13063525
1356443691684,0.2701974,-0.19215581,0.94343495,0.89447,-0.31247407,-0.3198177,0.35625377,0.9302882,0.08744794
1356443691725,0.2992221,-0.16299939,0.94015807,0.8825048,-0.3273955,-0.3376349,0.36283785,0.9307219,0.04588382
1356443691763,0.31432748,-0.13476169,0.93970084,0.8740679,-0.34515136,-0.3418713,0.3704101,0.9288218,0.009300262
1356443691803,0.31884122,-0.10831872,0.9415983,0.8689878,-0.3632325,-0.33603925,0.37841848,0.9253805,-0.021685824
1356443691843,0.31452185,-0.08427328,0.94550204,0.8669979,-0.3800639,-0.32228273,0.38651097,0.9211132,-0.046473697
1356443691883,0.3009988,-0.06371045,0.951494,0.86760426,-0.395832,-0.30096513,0.3958063,0.91611034,-0.06386955
1356443691923,0.27639288,-0.04785207,0.9598527,0.86987054,-0.4121508,-0.27102938,0.40857342,0.9098581,-0.072290406
1356443691983,0.23949212,-0.03746265,0.97017527,0.87274957,-0.4295016,-0.23202702,0.42538416,0.9022887,-0.07016672
1356443692023,0.19332105,-0.032074004,0.98061115,0.8759854,-0.44451427,-0.18723398,0.44190103,0.89519733,-0.057837576
1356443692043,0.145697,-0.030320972,0.98886454,0.88072455,-0.45133418,-0.14360288,0.45066252,0.89183974,-0.039053604
1356443692083,0.106206775,-0.030970514,0.9938617,0.8880631,-0.44665682,-0.108819485,0.4472853,0.8941692,-0.019934207
1356443692120,0.08295441,-0.03383103,0.99597895,0.89695895,-0.43297786,-0.08941433,0.4342618,0.9007695,-0.0055723935
1356443692154,0.07924062,-0.040129483,0.99604744,0.90417945,-0.41782779,-0.08876574,0.41973847,0.9076395,0.003175363
1356443692180,0.09215331,-0.047955155,0.9945893,0.90966296,-0.4021994,-0.103676945,0.40499505,0.9142953,0.006559029
1356443692221,0.12809885,-0.0570803,0.99011743,0.912591,-0.38408154,-0.14021105,0.38828906,0.92153317,0.0028905123
1356443692263,0.19794458,-0.07339433,0.9774616,0.90748143,-0.36323082,-0.21104679,0.37053385,0.9288038,-0.005295545
1356443692303,0.29417896,-0.0946103,0.95105606,0.8887868,-0.33883446,-0.30862495,0.35144967,0.936077,-0.015589625
1356443692343,0.4040616,-0.1187031,0.9069972,0.8526324,-0.31023338,-0.42044416,0.33128884,0.9432205,-0.024143279
1356443692383,0.50489223,-0.14568087,0.85080016,0.80426085,-0.27852437,-0.52496547,0.31344602,0.9493162,-0.023459367
1356443692423,0.57113785,-0.18003899,0.80086666,0.7620272,-0.24640304,-0.5988322,0.30514914,0.952298,-0.0035354793
1356443692463,0.5894737,-0.22668993,0.77532727,0.74526143,-0.2176463,-0.63025033,0.3116185,0.9493376,0.0406465
1356443692503,0.5680008,-0.28159535,0.77335584,0.7545067,-0.19720486,-0.62596333,0.3287778,0.9390497,0.10045302
1356443692543,0.53289795,-0.3307031,0.7788807,0.772087,-0.1866368,-0.60749346,0.34626782,0.92509574,0.15587321
1356443692583,0.51414335,-0.36080897,0.7781217,0.77985823,-0.18099633,-0.5992173,0.35704017,0.9149083,0.1883218
1356443692623,0.5268063,-0.36773545,0.7663196,0.7696964,-0.17611116,-0.6136385,0.36061412,0.91310215,0.19026819
1356443692665,0.56459856,-0.35540605,0.7449262,0.7428366,-0.17458263,-0.64630854,0.3597531,0.9182633,0.16543949
1356443692705,0.6093874,-0.3321333,0.7199545,0.7076671,-0.18166274,-0.6827928,0.35756707,0.92557347,0.12433681
1356443692745,0.64390635,-0.3070144,0.70080435,0.6768847,-0.19840246,-0.70884657,0.35666752,0.9307946,0.08006078
1356443692785,0.66254884,-0.28504688,0.69265956,0.65753126,-0.22154415,-0.72011864,0.35872227,0.93255913,0.04064342
1356443692825,0.6674838,-0.26687413,0.6951571,0.64962626,-0.24757823,-0.7188119,0.36393815,0.9313877,0.00811401
1356443692865,0.66401774,-0.25112626,0.70428413,0.6491747,-0.27375162,-0.70967054,0.37101585,0.92843723,-0.01875111
1356443692905,0.6561254,-0.23714347,0.7164234,0.65266454,-0.29827276,-0.69646424,0.37885153,0.924552,-0.0409292
1356443692945,0.6439953,-0.22590923,0.73091376,0.6592263,-0.32092103,-0.68002224,0.38818893,0.9197688,-0.057746295
1356443692983,0.6241715,-0.21944863,0.7498348,0.6702735,-0.3427104,-0.65824234,0.40142658,0.9134505,-0.06681946
1356443693024,0.5964838,-0.2174929,0.7725956,0.6857621,-0.36207706,-0.631372,0.41705805,0.9064199,-0.066824734
1356443693063,0.5622202,-0.21924798,0.797395,0.70550174,-0.3759223,-0.60079086,0.43148077,0.9003403,-0.05667126
1356443693105,0.52872705,-0.2220195,0.8192406,0.7265777,-0.38056841,-0.5720601,0.4387855,0.89770555,-0.03990247
1356443693145,0.50438106,-0.22421396,0.83386326,0.7450713,-0.375082,-0.55152744,0.43642712,0.8994675,-0.022128902
1356443693185,0.4950463,-0.22612709,0.83892536,0.75691867,-0.3618473,-0.5441882,0.42661855,0.9043966,-0.007971376
1356443693225,0.5042984,-0.22869077,0.83269656,0.75858116,-0.34342164,-0.5537295,0.41259882,0.9109128,2.9351562E-4
1356443693265,0.53389204,-0.23238319,0.8129928,0.74687505,-0.32115322,-0.5822699,0.39640498,0.9180733,0.002100058
1356443693305,0.58221984,-0.23663375,0.7778332,0.7194139,-0.29575652,-0.6284677,0.37876594,0.9254904,-0.0019576885
1356443693345,0.6432714,-0.2399809,0.72705644,0.675913,-0.26806223,-0.6865015,0.35964364,0.9330337,-0.010230575
1356443693385,0.7065613,-0.24171281,0.665091,0.6209493,-0.23899907,-0.74652624,0.33940107,0.94045436,-0.018776119
1356443693426,0.7586913,-0.2448455,0.60368717,0.5668868,-0.20845123,-0.7969864,0.3209779,0.946889,-0.01935044
1356443693465,0.78882766,-0.25699246,0.55830616,0.53054893,-0.1738512,-0.8296346,0.310272,0.95064753,-7.9158135E-4
1356443693505,0.7942201,-0.2840814,0.5371332,0.5221277,-0.133086,-0.8424196,0.31080067,0.9495188,0.042627186
1356443693545,0.7821379,-0.3215544,0.5337256,0.53558415,-0.09082858,-0.83958304,0.3184492,0.9425247,0.101178974
1356443693585,0.7660781,-0.3560543,0.5351165,0.55367255,-0.057288453,-0.8307616,0.3264522,0.9327076,0.15325004
1356443693625,0.7586429,-0.37514955,0.53265727,0.560409,-0.041206494,-0.8271903,0.332269,0.9260479,0.17897618
1356443693665,0.7624429,-0.37626565,0.5264077,0.552157,-0.045808434,-0.83248085,0.33734784,0.92537874,0.17283136
1356443693705,0.7719373,-0.364272,0.5209785,0.53565943,-0.06858359,-0.8416443,0.34231806,0.92876375,0.14218351
1356443693745,0.78090954,-0.34544897,0.52042806,0.5199323,-0.10228653,-0.8480613,0.34619462,0.93284655,0.09973353
1356443693785,0.7857382,-0.324467,0.5266276,0.51055473,-0.14045689,-0.84829587,0.3492124,0.9354107,0.055295795
1356443693825,0.7836206,-0.30504382,0.5411904,0.51068664,-0.17974727,-0.84076756,0.3537484,0.9352215,0.014928132
1356443693865,0.77427614,-0.2888523,0.56308144,0.51917917,-0.21884516,-0.8261717,0.36186928,0.93202525,-0.019480497
1356443693905,0.75909394,-0.27563125,0.5897489,0.5333303,-0.25615054,-0.806192,0.37327626,0.92650646,-0.047439814
1356443693945,0.73980063,-0.26472685,0.61855865,0.5507809,-0.2897485,-0.78274274,0.38643947,0.9197638,-0.06854963
1356443693987,0.7165541,-0.25644475,0.64868045,0.570659,-0.31926292,-0.75658417,0.40112162,0.9123088,-0.08242667
1356443694025,0.68907475,-0.2503847,0.68006146,0.5928211,-0.34499243,-0.7276974,0.41682032,0.90459263,-0.08929226
1356443694065,0.6551236,-0.24781221,0.71372414,0.6184354,-0.3667582,-0.6950007,0.43399385,0.89670366,-0.087016106
1356443694105,0.6145927,-0.24681449,0.7492386,0.64840484,-0.38287944,-0.65800804,0.44927394,0.8902169,-0.075279206
1356443694145,0.5714248,-0.24471614,0.78331846,0.6812198,-0.39081007,-0.6190374,0.4576171,0.8873453,-0.056613117
1356443694185,0.5312075,-0.2395541,0.81266993,0.71403134,-0.3897255,-0.5816127,0.45604593,0.8892288,-0.035975963
1356443694225,0.4982316,-0.23144779,0.835582,0.7435045,-0.38174134,-0.54906714,0.44605651,0.8948215,-0.018113166
1356443694265,0.47555774,-0.22182533,0.85125697,0.7664813,-0.37038112,-0.5247135,0.4316843,0.902004,-0.0061126277
1356443694305,0.46632886,-0.21213275,0.85879976,0.78061247,-0.35802668,-0.51230943,0.41615087,0.9092945,-0.0013646781
1356443694345,0.47307286,-0.2032561,0.8572567,0.7846798,-0.34522656,-0.51487505,0.4005993,0.91624534,-0.0038263723
1356443694384,0.4957759,-0.19539154,0.8461847,0.7787086,-0.33134314,-0.5327521,0.38447267,0.9230569,-0.012118898
1356443694425,0.5302909,-0.18840232,0.82661724,0.76445603,-0.3153429,-0.56228614,0.36660397,0.9300878,-0.023198165
1356443694465,0.5657146,-0.18490058,0.8036036,0.747505,-0.2964539,-0.59443367,0.34814256,0.9369775,-0.029494196
1356443694505,0.5853333,-0.19097364,0.787981,0.73896086,-0.27427733,-0.6153932,0.33364922,0.9424972,-0.019421615
1356443694545,0.5747512,-0.2131927,0.7900696,0.7496021,-0.2501284,-0.61280704,0.32826483,0.9444493,0.016048111
1356443694585,0.53024715,-0.25044295,0.81001,0.7800559,-0.23021752,-0.5818185,0.3321908,0.9403607,0.07328728
1356443694625,0.46429935,-0.29008478,0.8368255,0.8177671,-0.22243127,-0.53083074,0.3401221,0.9307927,0.13394713
1356443694665,0.40042603,-0.31618235,0.86005104,0.84818625,-0.22728282,-0.47845852,0.34675494,0.9210707,0.17717156
1356443694705,0.3577615,-0.3201773,0.87720764,0.8655584,-0.2388404,-0.4401863,0.35045028,0.91675615,0.19168422
1356443694745,0.3404671,-0.30292773,0.8901219,0.8716328,-0.25334084,-0.41961253,0.3526165,0.9187237,0.17778754
1356443694785,0.3405686,-0.27085897,0.9003602,0.8704947,-0.2710545,-0.41081417,0.3553194,0.9236692,0.14346868
1356443694825,0.3465283,-0.23179352,0.90895,0.86643696,-0.29221874,-0.40484002,0.3594514,0.9278363,0.09957233
1356443694865,0.35010338,-0.19190112,0.9168433,0.8627484,-0.3151461,-0.3954089,0.36481902,0.92943907,0.055228695
1356443694905,0.3481052,-0.15449914,0.9246366,0.8609396,-0.33760285,-0.38053533,0.3709524,0.9285226,0.015493169
1356443694945,0.34067848,-0.12064013,0.93240774,0.8611717,-0.35790053,-0.36095777,0.37725523,0.9259337,-0.018037155
1356443694988,0.3286497,-0.090608835,0.9400954,0.86311716,-0.3752936,-0.33791056,0.3834295,0.92246675,-0.045134112
1356443695025,0.31145793,-0.065190464,0.9480212,0.8663944,-0.39030868,-0.3114802,0.3903264,0.9183732,-0.0650841
1356443695065,0.2864871,-0.045827776,0.9569874,0.87068355,-0.4043538,-0.28001443,0.39979395,0.9134538,-0.07594065
1356443695105,0.2506619,-0.033988237,0.96747786,0.87549734,-0.41852808,-0.24153414,0.41312593,0.90756774,-0.07515246
1356443695145,0.20397067,-0.029507488,0.9785322,0.88019216,-0.43202966,-0.19649988,0.4285531,0.90137655,-0.062149122
1356443695185,0.15133214,-0.030185938,0.98802197,0.8847277,-0.4416499,-0.1490041,0.44085765,0.8966795,-0.040129527
1356443695225,0.100838065,-0.0327318,0.99436426,0.890149,-0.44343853,-0.104866415,0.44437194,0.8957069,-0.0155792385
1356443695265,0.059966624,-0.03486854,0.9975912,0.897059,-0.43646234,-0.06917909,0.43782312,0.89904666,0.0051059574
1356443695305,0.03408611,-0.03592801,0.998773,0.90461314,-0.42373174,-0.04611519,0.4248686,0.90507495,0.018057525
1356443695345,0.026611686,-0.036456168,0.9989809,0.9117425,-0.40888655,-0.039209425,0.40989926,0.9118568,0.022357494
1356443695385,0.039033353,-0.03775382,0.9985244,0.91794986,-0.39343548,-0.050759196,0.39477134,0.91857666,0.01929906
1356443695425,0.071248114,-0.041196942,0.9966075,0.92263395,-0.3769582,-0.081542075,0.37903863,0.92531365,0.011152148
1356443695465,0.12169939,-0.04767409,0.99142146,0.9244151,-0.35829246,-0.1307033,0.36144996,0.9323914,4.6664476E-4
1356443695505,0.18559659,-0.0578807,0.9809199,0.92147434,-0.33641,-0.1941995,0.34123164,0.93993527,-0.0091009885
1356443695545,0.25076598,-0.07399306,0.96521574,0.9134853,-0.3119279,-0.26123852,0.32040757,0.94722015,-0.010629356
1356443695585,0.2944184,-0.10067853,0.9503586,0.90539765,-0.28891826,-0.31109688,0.30589673,0.9520452,0.006091282
1356443695625,0.29142243,-0.14135692,0.9460926,0.9064268,-0.2752759,-0.32033366,0.30571786,0.9509161,0.047908098
1356443695665,0.23646605,-0.1892676,0.9530276,0.9175973,-0.2790568,-0.28309473,0.31952938,0.94143784,0.10768391
1356443695705,0.15460527,-0.22851583,0.9611856,0.92808795,-0.29998052,-0.22060007,0.3387476,0.92617077,0.16570425
1356443695745,0.08595544,-0.24646723,0.9653318,0.9309894,-0.32516158,-0.16591737,0.3547821,0.9129752,0.20150909
1356443695785,0.05307424,-0.24313232,0.9685401,0.92911685,-0.34342265,-0.1371232,0.36595765,0.9071646,0.2076714
1356443695825,0.055600524,-0.22417799,0.9729609,0.92568386,-0.35362726,-0.13437742,0.3741899,0.9081256,0.18785602
1356443695865,0.08122659,-0.19559774,0.97731453,0.9209546,-0.3602091,-0.14863393,0.38111,0.91213536,0.15087806
1356443695905,0.116253614,-0.16217878,0.9798894,0.9148296,-0.3666752,-0.16922233,0.38674536,0.91610444,0.10573858
1356443695945,0.15173727,-0.12718108,0.98020446,0.9080658,-0.37372792,-0.18906114,0.39037475,0.9187777,0.058780268
1356443695989,0.1827383,-0.092714876,0.9787802,0.90182173,-0.3806908,-0.20443106,0.39156646,0.92004263,0.014045492
1356443696025,0.20554024,-0.060381413,0.9767841,0.8972452,-0.38691187,-0.21272069,0.39077377,0.9201376,-0.025348991
1356443696065,0.2159006,-0.031452,0.97590864,0.8950813,-0.3929904,-0.21068457,0.3901492,0.91900456,-0.05669476
1356443696105,0.209773,-0.0067509413,0.9777268,0.89506936,-0.40112412,-0.19480833,0.39350498,0.9159988,-0.078102425
1356443696145,0.1842506,0.013451904,0.98278725,0.89619195,-0.41288948,-0.16236448,0.40359846,0.9106817,-0.08813058
1356443696185,0.13888532,0.029161334,0.989879,0.8973667,-0.42648178,-0.11334139,0.41886017,0.904026,-0.08540049
1356443696225,0.078244746,0.041063935,0.99608815,0.8982581,-0.43631226,-0.052572936,0.43244663,0.89885783,-0.07102513
1356443696265,0.0116634965,0.050002486,0.998681,0.8994434,-0.4368894,0.011369854,0.4368816,0.89812446,-0.050070107
1356443696305,-0.05063802,0.05630988,0.9971284,0.90134233,-0.4274277,0.0699113,0.43013698,0.9022942,-0.029110432
1356443696345,-0.100278616,0.059585363,0.9931736,0.9041711,-0.4111306,0.115957946,0.41523346,0.90962696,-0.012647808
1356443696385,-0.1292131,0.05905342,0.9898569,0.9085474,-0.39289522,0.14203879,0.39729792,0.91768515,-0.0028856099
1356443696425,-0.13084441,0.053639024,0.9899508,0.91605675,-0.3752898,0.1414122,0.3791037,0.9253542,-3.1739473E-5
1356443696465,-0.098918915,0.041552424,0.9942275,0.9272366,-0.35878944,0.10724896,0.36117482,0.93249315,-0.0030378103
1356443696505,-0.028252184,0.020453483,0.99939156,0.93892026,-0.34249532,0.03355217,0.3429731,0.9392969,-0.009528011
1356443696544,0.07938117,-0.012239486,0.9967692,0.9423815,-0.32506853,-0.07904136,0.32498574,0.94561124,-0.014270067
1356443696584,0.20041853,-0.057605803,0.9780153,0.9289851,-0.30587786,-0.20838752,0.31115755,0.95032644,-0.007788658
1356443696625,0.28887743,-0.11445966,0.95049924,0.9063537,-0.28706276,-0.3100289,0.3083387,0.95104885,0.02081497
1356443696665,0.3131057,-0.17749465,0.9329847,0.89474356,-0.27425337,-0.35244718,0.3184317,0.94513535,0.0729419
1356443696705,0.2850188,-0.23708397,0.9287386,0.8980785,-0.27257627,-0.34519157,0.33499143,0.93246627,0.13523062
1356443696750,0.2531752,-0.28405708,0.92477775,0.90177256,-0.27684045,-0.3319121,0.3502979,0.9179711,0.18606573
1356443696783,0.2604047,-0.31580925,0.91238904,0.8950982,-0.27526993,-0.35075006,0.36192343,0.9080148,0.21099873
1356443696823,0.32228732,-0.33468544,0.8855035,0.8704132,-0.26298863,-0.41619444,0.37217158,0.90488815,0.20655677
1356443696863,0.4134534,-0.34136042,0.8441146,0.82637846,-0.24856514,-0.50528604,0.3823021,0.90647036,0.17932281
1356443696903,0.50297534,-0.33771774,0.79558945,0.7708887,-0.24094877,-0.5896392,0.3908279,0.9098849,0.13915145
1356443696943,0.57495296,-0.32695898,0.75001794,0.71610594,-0.24230307,-0.6545849,0.39575416,0.91344786,0.09482446
1356443696991,0.626502,-0.31189996,0.71429247,0.6707918,-0.25091493,-0.69791126,0.39690512,0.91638434,0.05202121
1356443697025,0.658899,-0.2941906,0.69231784,0.63975114,-0.26496804,-0.7214642,0.39569,0.91828316,0.013621539
1356443697064,0.6721122,-0.27444467,0.68771017,0.6267607,-0.2836614,-0.72574604,0.39425397,0.9188125,-0.018641174
1356443697105,0.6635995,-0.25247675,0.7041953,0.635098,-0.307313,-0.7086671,0.39533037,0.91750425,-0.04358524
1356443697145,0.62488735,-0.22574706,0.74736476,0.6694622,-0.33756778,-0.6617163,0.40166676,0.9138306,-0.0598127
1356443697224,0.53589505,-0.18960375,0.8227192,0.7339511,-0.37700957,-0.56495965,0.41729152,0.90659475,-0.06287765
1356443697225,0.40808815,-0.13814548,0.90243006,0.80360055,-0.41472518,-0.42688328,0.43323243,0.8993992,-0.058230706
1356443697263,0.25355917,-0.08119002,0.9639066,0.8579159,-0.44145668,-0.2628619,0.44686478,0.89360183,-0.042281196
1356443697303,0.09324497,-0.023957938,0.9953549,0.88713014,-0.45184892,-0.09398228,0.4520017,0.8917727,-0.020878807
1356443697343,-0.046646178,0.023654938,0.99863136,0.893259,-0.44648975,0.052300423,0.4471158,0.89447606,-3.029406E-4
1356443697383,-0.14854658,0.055237085,0.98736155,0.88804317,-0.43184483,0.15776354,0.4351014,0.9002549,0.015096158
1356443697423,-0.20200115,0.06818619,0.9770088,0.8849902,-0.4145916,0.21191055,0.41950905,0.9074494,0.023403883
1356443697465,-0.19974428,0.061479628,0.97791743,0.8934788,-0.39827657,0.20753616,0.4022409,0.9152027,0.024622768
1356443697505,-0.1303454,0.032767534,0.990927,0.91425586,-0.38271344,0.13291559,0.38359642,0.9232857,0.019927084
1356443697544,0.022327185,-0.021886855,0.9995111,0.931337,-0.36302137,-0.028753608,0.3634732,0.9315237,0.012278795
1356443697585,0.24709868,-0.09785017,0.9640371,0.906458,-0.32826638,-0.26565936,0.3424558,0.9395033,0.007582918
1356443697625,0.46507964,-0.17452446,0.8678953,0.82339907,-0.27478942,-0.49649268,0.3251385,0.94553274,0.015904255
1356443697665,0.5767747,-0.23248345,0.7831235,0.7523491,-0.22233236,-0.6201123,0.3182795,0.9468473,0.04667303
1356443697705,0.5695298,-0.2772412,0.7738043,0.7555436,-0.19417527,-0.62565947,0.32371223,0.9409746,0.09887925
1356443697745,0.4853783,-0.31237194,0.81659764,0.8075576,-0.19774833,-0.55564946,0.33505017,0.9291498,0.1562756
1356443697785,0.39540112,-0.3330326,0.85600656,0.8512747,-0.21712697,-0.4776895,0.34494823,0.9175757,0.19764996
1356443697825,0.36073232,-0.33926213,0.86877704,0.86394715,-0.22938806,-0.44830412,0.35137963,0.91229516,0.21035677
1356443697865,0.38247567,-0.3323373,0.8621278,0.8525301,-0.2328136,-0.46796393,0.35623696,0.91397464,0.19428203
1356443697905,0.41815794,-0.31152403,0.85328585,0.83347166,-0.24194306,-0.4967782,0.36120492,0.9189213,0.15847602
1356443697945,0.43169552,-0.27792802,0.8581346,0.8244463,-0.26440024,-0.50038075,0.3659608,0.92349803,0.11499628
1356443697990,0.41127935,-0.23359904,0.88106793,0.8331462,-0.2957606,-0.46732524,0.369752,0.92625976,0.07298198
1356443698025,0.36150527,-0.18090081,0.9146523,0.854511,-0.32816452,-0.40263984,0.37299436,0.9271369,0.035948575
1356443698065,0.29122382,-0.12266657,0.94875795,0.8794117,-0.35608166,-0.3159762,0.37659496,0.92636865,0.004174918
1356443698105,0.20982194,-0.06291047,0.9757136,0.90029585,-0.37681192,-0.2178992,0.38136867,0.92415094,-0.022425354
1356443698145,0.12346572,-0.0058523715,0.99233156,0.9130242,-0.391092,-0.11590475,0.38877124,0.92033297,-0.04294312
1356443698185,0.033695042,0.04550934,0.9983955,0.9155479,-0.40201235,-0.012574345,0.40079504,0.9145026,-0.055211812
1356443698225,-0.05901879,0.08905813,0.9942764,0.9065219,-0.41229188,0.09073913,0.4180131,0.9066886,-0.05640024
1356443698265,-0.1508643,0.12322885,0.9808439,0.8866827,-0.42181796,0.18937668,0.4370742,0.8982674,-0.045627624
1356443698305,-0.23503011,0.14730376,0.9607613,0.86112756,-0.42687815,0.27610564,0.45079944,0.8922312,-0.026518077
1356443698345,-0.3054288,0.16162485,0.9383978,0.83746994,-0.4234041,0.34550384,0.45316356,0.8914069,-0.006036073
1356443698385,-0.35755056,0.16730925,0.9187847,0.8213916,-0.41179776,0.39463714,0.44437987,0.89578474,0.009812057
1356443698424,-0.38745725,0.16606212,0.9068078,0.8157818,-0.39639455,0.421155,0.4293915,0.9029368,0.01811546
1356443698465,-0.3928448,0.15947494,0.90567136,0.82214916,-0.3803237,0.42358539,0.41199958,0.91100025,0.018296063
1356443698505,-0.37170303,0.14775008,0.91651887,0.84061766,-0.36538148,0.39982292,0.3939529,0.91905725,0.011612058
1356443698544,-0.32321244,0.13086393,0.9372344,0.8688252,-0.35149825,0.34869993,0.37506855,0.92699707,-8.9257956E-5
1356443698584,-0.24710739,0.108340144,0.96291244,0.9018359,-0.3377797,0.26943818,0.3544432,0.9349692,-0.014237225
1356443698625,-0.1499309,0.07887721,0.98554504,0.9310374,-0.3241685,0.16758317,0.33270118,0.9427052,-0.024834752
1356443698665,-0.057975173,0.041494638,0.99745524,0.94741774,-0.31267482,0.068074316,0.3147039,0.9489534,-0.021185338
1356443698705,-0.017138898,-0.00259915,0.99984974,0.95130324,-0.3078664,0.015506446,0.30777985,0.951426,0.0077490807
1356443698745,-0.054535806,-0.047980905,0.9973583,0.9478062,-0.31674093,0.03658852,0.31414863,0.9472978,0.06275031
1356443698785,-0.14450401,-0.084282756,0.9859082,0.93376184,-0.34131086,0.10768312,0.32742542,0.9361641,0.12802085
1356443698825,-0.23118085,-0.10354507,0.96738505,0.911546,-0.37059325,0.17816988,0.34005776,0.92300546,0.18006015
1356443698865,-0.27795786,-0.10601348,0.9547254,0.89455694,-0.39071047,0.21705568,0.3500104,0.91438854,0.20343617
1356443698905,-0.27923828,-0.09578654,0.9554323,0.8907107,-0.39752728,0.22046855,0.35869253,0.91257715,0.19632295
1356443698945,-0.248492,-0.0763033,0.9656239,0.8966088,-0.39534235,0.19949192,0.36653012,0.9153591,0.16665366
1356443698991,-0.20512712,-0.05040425,0.97743654,0.905131,-0.38972676,0.16985554,0.37237176,0.9195501,0.12556604
1356443699025,-0.16333789,-0.02083376,0.9863502,0.91211593,-0.38420784,0.14292958,0.37598574,0.92301154,0.08175856
1356443699065,-0.13099867,0.01012677,0.99133086,0.91606325,-0.38107324,0.12494525,0.3790349,0.9244894,0.040643275
1356443699105,-0.11043376,0.040723294,0.99304885,0.9169978,-0.3811608,0.11760718,0.3833006,0.92361146,0.0047498643
1356443699145,-0.10040599,0.06961441,0.9925082,0.9155935,-0.38392133,0.11955321,0.3893677,0.92073786,-0.025190473
1356443699185,-0.10012585,0.09563124,0.99036837,0.91216266,-0.38874465,0.12975696,0.39740923,0.9163691,-0.048307866
1356443699225,-0.110708356,0.117457986,0.9868877,0.906129,-0.39597434,0.14877722,0.40825722,0.91071844,-0.0625945
1356443699265,-0.13433534,0.13366488,0.9818797,0.8962382,-0.40632194,0.1779316,0.42274246,0.90390056,-0.06521225
1356443699305,-0.17102402,0.14325377,0.974797,0.881974,-0.4187439,0.21627614,0.43917266,0.896734,-0.054730892
1356443699345,-0.21564716,0.1464087,0.9654329,0.86564744,-0.4288231,0.25838968,0.45183048,0.8914455,-0.03426382
1356443699385,-0.2594955,0.14445806,0.95487905,0.8520106,-0.43127322,0.29678503,0.45468673,0.8905815,-0.011166364
1356443699425,-0.293948,0.1391218,0.9456425,0.8448254,-0.42492837,0.3251245,0.44706222,0.8944725,0.007373214
1356443699465,-0.31284463,0.13167131,0.9406333,0.84532124,-0.41296858,0.33895284,0.43308234,0.90117687,0.017890394
1356443699505,-0.313178,0.122300535,0.94178677,0.8534012,-0.39886177,0.33558282,0.41668466,0.90881896,0.020543277
1356443699544,-0.29395884,0.11023417,0.94944006,0.86840093,-0.38420385,0.31347588,0.39933437,0.91664374,0.017212749
1356443699584,-0.2545538,0.09450507,0.96242976,0.8889966,-0.36885458,0.27135086,0.38064072,0.9246702,0.009878695
1356443699625,-0.19367135,0.07410398,0.97826374,0.9127805,-0.35189748,0.20736372,0.35961506,0.9331006,5.117953E-4
1356443699665,-0.11183077,0.04795453,0.9925695,0.9350368,-0.3331036,0.12144208,0.3364522,0.94166994,-0.007587999
1356443699705,-0.01944536,0.015202969,0.9996953,0.94898605,-0.31446034,0.023241192,0.31471786,0.9491489,-0.008312613
1356443699745,0.054369032,-0.025328547,0.9981996,0.95149434,-0.3018608,-0.0594846,0.30282402,0.95301545,0.007688105
1356443699785,0.075117886,-0.072663814,0.99452364,0.94822395,-0.3034379,-0.09379119,0.30859137,0.9500765,0.046108007
