1356443961706,0.65180326,-0.5840722,0.4837482,0.32032973,-0.366141,-0.87368745,0.68741655,0.7244312,-0.05155623
1356443961709,0.006111309,-0.0767521,-0.9970315,-0.72623885,0.6850596,-0.057187766,0.6874153,0.72443247,-0.051553726
1356443961748,0.0061427057,-0.07678652,-0.99702865,-0.72624683,0.6850474,-0.0572336,0.6874066,0.72444046,-0.0515579
1356443961780,0.006389618,-0.077077955,-0.9970046,-0.72625804,0.6850037,-0.057611763,0.6873925,0.72445077,-0.05160159
1356443961821,0.0070100278,-0.07788357,-0.9969378,-0.7262441,0.6849334,-0.058615535,0.68740124,0.72443104,-0.05176109
1356443961864,0.008718595,-0.07968369,-0.99678206,-0.7261195,0.68484855,-0.061098605,0.68751335,0.7243155,-0.051888943
1356443961903,0.011953205,-0.082264125,-0.9965389,-0.72581214,0.68479276,-0.065235436,0.6877892,0.7240798,-0.05152285
1356443961944,0.016862713,-0.08512929,-0.9962272,-0.72530806,0.6847749,-0.07079214,0.6882178,0.7237654,-0.05019778
1356443961984,0.023327805,-0.08815953,-0.9958331,-0.7246641,0.6847198,-0.0775927,0.6887072,0.7234547,-0.047913074
1356443962023,0.030838571,-0.09143007,-0.9953339,-0.7239874,0.6845176,-0.08531031,0.6891235,0.72324,-0.045084655
1356443962062,0.03865222,-0.0948188,-0.9947439,-0.7233827,0.6841121,-0.09331751,0.6893645,0.72318745,-0.042147815
1356443962105,0.045971476,-0.097804666,-0.99414325,-0.72288114,0.683598,-0.10068068,0.68944144,0.7232759,-0.03927517
1356443962143,0.05217579,-0.09975693,-0.9936429,-0.7224122,0.683208,-0.10652435,0.6894913,0.72337776,-0.036418676
1356443962183,0.056973428,-0.10040969,-0.99331367,-0.7218207,0.68320763,-0.11046389,0.6897311,0.7232878,-0.033553123
1356443962223,0.060412608,-0.100107074,-0.99314094,-0.72086406,0.68383896,-0.112779975,0.6904385,0.7227329,-0.030851066
1356443962264,0.06276243,-0.099621475,-0.993044,-0.71923125,0.68531966,-0.114207655,0.69193006,0.7213962,-0.028638542
1356443962303,0.062644534,-0.09820074,-0.99319303,-0.7167546,0.68806934,-0.11324051,0.69450605,0.7189696,-0.02728206
1356443962344,0.06458014,-0.10046765,-0.9928422,-0.7129071,0.691539,-0.11634976,0.6982784,0.71531814,-0.026964426
1356443962385,0.066310525,-0.10371205,-0.9923944,-0.7079158,0.69602114,-0.12004098,0.70317715,0.71049166,-0.027265847
1356443962430,0.068029016,-0.10634023,-0.99199986,-0.70202196,0.7013948,-0.12333101,0.70889854,0.70479584,-0.026937962
1356443962463,0.069594175,-0.105819315,-0.991947,-0.6955304,0.7076646,-0.12429035,0.7151181,0.69857925,-0.02435124
1356443962505,0.0707641,-0.09995186,-0.9924727,-0.68867844,0.71488255,-0.121099085,0.7216055,0.69206405,-0.01824665
1356443962545,0.07141604,-0.08810949,-0.99354744,-0.6815763,0.722953,-0.11310431,0.7282537,0.6852559,-0.008422911
1356443962584,0.071644925,-0.071190506,-0.9948864,-0.6741563,0.73166364,-0.10090339,0.73510563,0.67793816,0.0044264197
1356443962625,0.0717389,-0.05046296,-0.9961461,-0.66625226,0.7408078,-0.08550909,0.74226785,0.6698189,0.01952368
1356443962665,0.07203326,-0.026326567,-0.9970547,-0.65795624,0.75003934,-0.06733903,0.74960303,0.660869,0.03670603
1356443962705,0.07300186,2.0334125E-4,-0.99733174,-0.6503211,0.75817627,-0.047447056,0.75614357,0.65204966,0.05548054
1356443962744,0.07526975,0.026367366,-0.99681455,-0.644986,0.7636627,-0.028502971,0.76047856,0.64507675,0.07448727
1356443962770,0.079784036,0.045873165,-0.9957561,-0.6419469,0.7665796,-0.016120106,0.7625869,0.64050865,0.090608954
1356443962802,0.08526474,0.05995944,-0.99455255,-0.6412934,0.7672462,-0.008723617,0.7625436,0.6385438,0.10387063
1356443962843,0.09197639,0.06906065,-0.99336344,-0.6438705,0.7651076,-0.0064246655,0.75958616,0.6401883,0.114837945
1356443962884,0.10159244,0.07255581,-0.9921768,-0.6485034,0.761136,-0.010742247,0.75440204,0.6445213,0.12437838
1356443962923,0.113537,0.07407704,-0.99076843,-0.65449333,0.7558417,-0.01848939,0.74749446,0.6505505,0.13429892
1356443962965,0.12751903,0.0774596,-0.98880684,-0.6609899,0.7499269,-0.026496291,0.7394805,0.65697,0.14682996
1356443963005,0.14343657,0.08656016,-0.98586684,-0.6668736,0.7444981,-0.031657636,0.7312357,0.6619894,0.16451293
1356443963045,0.16139193,0.10469401,-0.98132145,-0.6704368,0.74131143,-0.03117454,0.7242011,0.66294533,0.18983239
1356443963085,0.18120417,0.13260457,-0.97446454,-0.66982687,0.7421433,-0.02356562,0.7200674,0.6569927,0.22330153
1356443963125,0.2017078,0.16599253,-0.96527743,-0.66445863,0.7472534,-0.010347307,0.71958923,0.64347404,0.26102203
1356443963165,0.2203431,0.19470327,-0.9557926,-0.6558202,0.7549127,0.0025931299,0.7220449,0.6262567,0.29403013
1356443963205,0.23385052,0.20850305,-0.9496528,-0.64601976,0.76327336,0.008500755,0.7266171,0.6115066,0.31318897
1356443963245,0.23954146,0.20146978,-0.94975245,-0.63651025,0.7712621,0.003069669,0.7331265,0.60379195,0.31298685
1356443963285,0.23585512,0.17272206,-0.9563156,-0.6282561,0.7778723,-0.0144530535,0.74139506,0.6042199,0.29197884
1356443963325,0.22261545,0.12655783,-0.96665686,-0.6224941,0.7815481,-0.041033983,0.7502956,0.610873,0.2527662
1356443963365,0.2011765,0.07162613,-0.9769328,-0.62047136,0.7810532,-0.07050687,0.75798637,0.62034315,0.20157146
1356443963405,0.17391878,0.017567843,-0.9846033,-0.6222911,0.77686965,-0.09605917,0.7632209,0.62941635,0.14604455
1356443963445,0.14336523,-0.028186351,-0.9892684,-0.6267966,0.7709745,-0.11280239,0.7658802,0.636242,0.0928638
1356443963485,0.11156383,-0.061924696,-0.991826,-0.6326716,0.7652316,-0.11894223,0.7663421,0.64076984,0.046194196
1356443963525,0.0797467,-0.08288741,-0.99336314,-0.63919526,0.76043296,-0.11476579,0.7648988,0.6441052,0.0076607466
1356443963565,0.048704892,-0.09292722,-0.99448097,-0.6459047,0.75652933,-0.10232562,0.76186275,0.6473237,-0.023175418
1356443963605,0.018784463,-0.093663275,-0.99542665,-0.65168434,0.75390935,-0.0832358,0.7582576,0.65026754,-0.046877086
1356443963645,-0.009693079,-0.08492574,-0.99634016,-0.6540463,0.7542334,-0.05792609,0.7563925,0.6510911,-0.0628562
1356443963685,-0.036485612,-0.0642665,-0.9972656,-0.6497911,0.75969553,-0.025183827,0.7592367,0.64709544,-0.06947774
1356443963746,-0.061442338,-0.02773285,-0.9977253,-0.63738424,0.7703396,0.017839223,0.7680926,0.6370305,-0.065007985
1356443963765,-0.084205255,0.026770234,-0.99608874,-0.61982936,0.7812968,0.07339543,0.7802057,0.62358534,-0.049196303
1356443963805,-0.10430741,0.094376355,-0.9900571,-0.60476494,0.7842729,0.13847513,0.78954375,0.61319584,-0.024729967
1356443963845,-0.12176569,0.16040106,-0.97951245,-0.5992999,0.77478224,0.20137575,0.7912097,0.61154234,0.0017864704
1356443963885,-0.13632381,0.21113755,-0.96790326,-0.60434157,0.7564438,0.25012815,0.7849759,0.6190426,0.0244779
1356443963925,-0.14742522,0.24112815,-0.95923036,-0.6151947,0.7370435,0.27982557,0.77446836,0.6313668,0.03968197
1356443963965,-0.15398599,0.25125203,-0.9555944,-0.6277851,0.7219519,0.2909833,0.76300335,0.6447153,0.046561778
1356443964005,-0.15480135,0.24407165,-0.95732206,-0.6409121,0.7126175,0.2853207,0.75184315,0.65772736,0.046114326
1356443964045,-0.14884736,0.22207382,-0.9636014,-0.6552806,0.70763713,0.26430476,0.74057525,0.6707704,0.040190756
1356443964085,-0.135567,0.18795064,-0.9727775,-0.6718708,0.7041558,0.22968261,0.72815585,0.68471825,0.030818284
1356443964125,-0.11461611,0.1473138,-0.9824265,-0.69037247,0.69929403,0.18540159,0.7143172,0.6994902,0.021551013
1356443964165,-0.08566739,0.11267465,-0.9899321,-0.7076024,0.6925897,0.14006591,0.7013987,0.7124774,0.02039653
1356443964205,-0.04799877,0.101335526,-0.9936937,-0.7179147,0.6881883,0.10485819,0.69447434,0.7184204,0.039718032
1356443964245,-0.0015942901,0.12321201,-0.99237907,-0.7177266,0.6908774,0.08693117,0.69632316,0.7123954,0.087331116
1356443964285,0.049713686,0.16932645,-0.9843054,-0.70976365,0.6993582,0.08446044,0.70268345,0.6944254,0.15494949
1356443964325,0.09713657,0.21391957,-0.9720097,-0.7001391,0.70880514,0.08602604,0.7073682,0.6721858,0.21862435
1356443964365,0.13183399,0.23394218,-0.9632709,-0.69187546,0.71761656,0.07959139,0.7098789,0.6559707,0.25646514
1356443964405,0.1498169,0.22168574,-0.9635405,-0.684862,0.7261499,0.060582012,0.713105,0.6508161,0.26061368
1356443964445,0.15192597,0.18280649,-0.97133946,-0.6790738,0.7333805,0.03180942,0.71817636,0.6547785,0.23555863
1356443964485,0.14161088,0.12821999,-0.9815834,-0.67559874,0.73726857,-0.0011609793,0.7235418,0.66332096,0.1910305
1356443964525,0.12321605,0.06946111,-0.98994595,-0.67574203,0.7364242,-0.032435536,0.7267671,0.67294466,0.13767707
1356443964565,0.10048996,0.014742166,-0.9948289,-0.67930114,0.73158175,-0.05777663,0.7269469,0.6815943,0.08353096
1356443964604,0.075865515,-0.031509966,-0.99662006,-0.6843691,0.72526544,-0.07502672,0.72517824,0.68774784,0.033458173
1356443964645,0.05057937,-0.06687051,-0.9964789,-0.6886767,0.7202687,-0.083290875,0.72330225,0.69046456,-0.009621441
1356443964684,0.025088288,-0.08992523,-0.99563247,-0.6903322,0.7187945,-0.08231652,0.72305745,0.6893823,-0.04404491
1356443964747,-4.3880194E-4,-0.0996643,-0.99502105,-0.687546,0.7225554,-0.07207012,0.7261407,0.68409115,-0.06884086
1356443964765,-0.025605805,-0.09468901,-0.99517757,-0.67865425,0.7325975,-0.05224338,0.7340115,0.6740438,-0.08301985
1356443964804,-0.049134307,-0.07202351,-0.996192,-0.66253966,0.7487195,-0.021453708,0.7474135,0.6589626,-0.08450627
1356443964845,-0.06935724,-0.028169513,-0.9971942,-0.64054596,0.7675793,0.022868335,0.76478136,0.6403347,-0.071281016
1356443964884,-0.085015,0.034552783,-0.99578035,-0.6184777,0.78172684,0.07992804,0.7811899,0.622663,-0.04508835
1356443964925,-0.0962289,0.103108495,-0.99000436,-0.6044531,0.7841668,0.14042377,0.7908074,0.61192405,-0.013135254
1356443964965,-0.103674054,0.1602988,-0.9816088,-0.60208654,0.7754403,0.19022132,0.7916712,0.6107345,0.016120732
1356443965005,-0.10717276,0.19543372,-0.97484344,-0.60861754,0.76242423,0.21975897,0.7861926,0.61685896,0.037233293
1356443965045,-0.10555552,0.20623216,-0.972793,-0.6197398,0.7513992,0.2265432,0.77767634,0.6267914,0.04849595
1356443965084,-0.09781085,0.19483088,-0.97594774,-0.6333867,0.7442155,0.2120485,0.767629,0.6388929,0.0506109
1356443965125,-0.08362375,0.16505273,-0.98273337,-0.64930093,0.7390744,0.1793805,0.7559203,0.6530901,0.045364678
1356443965165,-0.06367214,0.12219778,-0.99046135,-0.6677319,0.732373,0.13328159,0.7416738,0.66984886,0.03496355
1356443965205,-0.03867252,0.07459581,-0.99646366,-0.68820435,0.7210165,0.08068472,0.7244855,0.68889093,0.023453653
1356443965244,-0.008063629,0.035201997,-0.99934775,-0.7076335,0.7059179,0.030575693,0.70653373,0.70741844,0.019217849
1356443965284,0.030274525,0.01827988,-0.99937445,-0.7198417,0.6940784,-0.009110898,0.6934777,0.7196673,0.03417152
1356443965325,0.07793285,0.029728115,-0.9965153,-0.7192434,0.693848,-0.03554973,0.6903733,0.7195076,0.07545531
1356443965365,0.13136934,0.061089933,-0.9894494,-0.70621437,0.7062189,-0.050161332,0.6957035,0.705353,0.13591808
1356443965405,0.18072473,0.091655165,-0.97925377,-0.687433,0.7238376,-0.059119165,0.70340204,0.6838556,0.19382215
1356443965444,0.21521203,0.1016888,-0.9712585,-0.67025137,0.73871344,-0.07117286,0.7102443,0.6663046,0.22713709
1356443965484,0.22950266,0.083928406,-0.9696827,-0.6590601,0.7465192,-0.09137204,0.716218,0.6600493,0.22664201
1356443965525,0.22488365,0.044141114,-0.9733852,-0.65548164,0.7459974,-0.11760804,0.72095156,0.66448426,0.19669634
1356443965565,0.20767063,-0.003068179,-0.978194,-0.65843546,0.7391003,-0.14210409,0.7234194,0.67358845,0.15146923
1356443965605,0.18451086,-0.04602444,-0.9817523,-0.6649498,0.7297283,-0.15918046,0.72373855,0.6821865,0.104038835
1356443965645,0.15940988,-0.079772025,-0.98398423,-0.67198706,0.72140664,-0.1673497,0.7232026,0.6879018,0.06139356
1356443965685,0.13378939,-0.10459161,-0.98547494,-0.6777133,0.7158809,-0.16798598,0.7230526,0.6903442,0.024894118
1356443965743,0.10794758,-0.12214962,-0.98662394,-0.6816157,0.71334845,-0.16289285,0.7237039,0.6900822,-0.006254852
1356443965765,0.08221522,-0.13287437,-0.9877171,-0.6835037,0.7137511,-0.15291184,0.7253023,0.68767995,-0.032138944
1356443965804,0.057047606,-0.1351071,-0.98918736,-0.68248296,0.7178689,-0.13740897,0.7286718,0.6829424,-0.051255584
1356443965845,0.03312552,-0.1259858,-0.9914788,-0.67639875,0.72749597,-0.11504051,0.73579025,0.67444587,-0.061117947
1356443965885,0.010770589,-0.101433694,-0.994784,-0.6637462,0.7433405,-0.08298153,0.74788034,0.6611778,-0.059319973
1356443965925,-0.009455472,-0.058736324,-0.9982288,-0.646148,0.76222885,-0.03872949,0.76315355,0.64463735,-0.04515958
1356443965965,-0.027946629,-0.0013958216,-0.99960846,-0.6298201,0.77656525,0.016523898,0.77623814,0.6300353,-0.022581458
1356443966004,-0.045482233,0.058494866,-0.9972511,-0.6207958,0.78046334,0.07409194,0.78265184,0.6224592,8.161664E-4
1356443966045,-0.061807126,0.1078347,-0.9922457,-0.61986923,0.7750306,0.12284009,0.7822672,0.622655,0.018940985
1356443966084,-0.07559088,0.13922994,-0.9873707,-0.6236767,0.7660061,0.15576245,0.77801883,0.62757444,0.028931439
1356443966144,-0.08534773,0.15102118,-0.98483926,-0.63027745,0.7573585,0.17075871,0.77166456,0.6352958,0.030546427
1356443966163,-0.089716956,0.14503066,-0.98535126,-0.63956386,0.75001574,0.16862513,0.7634848,0.6453236,0.025467217
1356443966204,-0.088540465,0.12453312,-0.98825717,-0.65265745,0.7422482,0.15200609,0.7524619,0.65845203,0.015558422
1356443966240,-0.081658885,0.09521258,-0.99210197,-0.6700319,0.7316693,0.12536833,0.73782724,0.6749774,0.0040481687
1356443966270,-0.06975849,0.06605905,-0.9953743,-0.688628,0.7187371,0.09596059,0.7217516,0.69213665,-0.0046479106
1356443966300,-0.055840492,0.04742253,-0.9973129,-0.70634705,0.70408857,0.073028654,0.70565975,0.70852697,-0.0058199167
1356443966330,-0.039810225,0.046183348,-0.9981394,-0.7204699,0.6908246,0.060699612,0.69234264,0.7215458,0.005771816
1356443966374,-0.019793406,0.08072543,-0.99653983,-0.72667634,0.68342537,0.069794655,0.68669486,0.7255434,0.04513389
1356443966413,4.8209727E-4,0.13951695,-0.9902196,-0.7273116,0.67964387,0.09540433,0.6863072,0.7201522,0.101799965
1356443966453,0.013719872,0.20239854,-0.97920716,-0.72674197,0.6746386,0.12926278,0.68677366,0.70985746,0.15634745
1356443966493,0.01236707,0.2476319,-0.9687753,-0.72723556,0.6671769,0.16125566,0.68627656,0.70253354,0.18833768
1356443966533,-0.006961584,0.2652638,-0.96415067,-0.72767985,0.6599814,0.18683285,0.6858815,0.70289373,0.18843263
1356443966573,-0.042902052,0.25970745,-0.96473384,-0.72583896,0.6554335,0.20872173,0.68652546,0.709196,0.16038632
1356443966613,-0.09084281,0.24378358,-0.9655658,-0.71999013,0.6537721,0.23280108,0.6880131,0.7163461,0.116131246
1356443966655,-0.14573878,0.2316526,-0.96181977,-0.7089759,0.65361196,0.2648481,0.6900097,0.7205057,0.0689795
1356443966695,-0.2040872,0.2329967,-0.9508212,-0.6914744,0.65322036,0.30849046,0.6929731,0.72042745,0.027797341
1356443966756,-0.2642749,0.25179523,-0.9309984,-0.66608196,0.6504693,0.36499935,0.697491,0.7165814,-0.0041864514
1356443966775,-0.32426858,0.28604716,-0.90168005,-0.6321278,0.6435982,0.4315041,0.7037502,0.70990026,-0.027880311
1356443966815,-0.38234025,0.33307892,-0.86190164,-0.58928084,0.6305801,0.50509095,0.7117332,0.7010187,-0.044819117
1356443966855,-0.43604663,0.3920908,-0.81001747,-0.53721905,0.608708,0.58384097,0.72198284,0.68973863,-0.054786503
1356443966895,-0.4821477,0.46449706,-0.74281627,-0.47591814,0.5729972,0.66721517,0.7355512,0.675216,-0.055206656
1356443966935,-0.51680064,0.54692596,-0.6586266,-0.4093518,0.5178144,0.7511986,0.7518963,0.65782994,-0.043721676
1356443966975,-0.5375124,0.62561154,-0.56541187,-0.34904024,0.44531155,0.82454145,0.76762706,0.64055276,-0.020996928
1356443967015,-0.5487987,0.6824411,-0.4827981,-0.30780485,0.37200147,0.87571174,0.77722335,0.62919706,0.0059048533
1356443967055,-0.5578221,0.71194607,-0.42657632,-0.2886675,0.31545442,0.9039688,0.7781424,0.6273924,0.029548228
1356443967095,-0.5674519,0.72059417,-0.39842507,-0.28474367,0.2822913,0.9160965,0.77260566,0.63328964,0.04499787
1356443967135,-0.57662046,0.7150454,-0.39524555,-0.29067558,0.2725708,0.9171766,0.7635553,0.643751,0.050676286
1356443967175,-0.5827036,0.6983159,-0.41570616,-0.30593163,0.28540754,0.9082668,0.75290275,0.65642786,0.04732883
1356443967215,-0.5832104,0.66896874,-0.46081078,-0.33359677,0.31999242,0.8867458,0.74066114,0.6708844,0.036542833
1356443967255,-0.5741965,0.6222551,-0.53206855,-0.37863335,0.3743791,0.84644973,0.725903,0.68748736,0.02063942
1356443967295,-0.54957867,0.5544839,-0.62490857,-0.44354367,0.44022244,0.78068763,0.70797753,0.70622355,0.004000962
1356443967335,-0.5046294,0.47500682,-0.72091454,-0.5203418,0.4989826,0.6930085,0.68890756,0.7248344,-0.0046353936
1356443967375,-0.4447984,0.41384172,-0.79428554,-0.58902,0.5329071,0.6075075,0.6746924,0.7380684,0.006724775
1356443967415,-0.38409343,0.3990053,-0.83262664,-0.63448703,0.5410632,0.55197537,0.6707447,0.7403009,0.04534489
1356443967455,-0.33166754,0.42602572,-0.84172356,-0.65882546,0.53401554,0.5298834,0.6752374,0.7302941,0.103561044
1356443967495,-0.28951237,0.4630233,-0.83773035,-0.6720133,0.5249109,0.5223664,0.6816017,0.7141974,0.15918958
1356443967535,-0.2579928,0.4804557,-0.8382136,-0.67969555,0.5263192,0.5108836,0.6866248,0.70153433,0.19077706
1356443967575,-0.23745975,0.46769628,-0.85139483,-0.6828174,0.5430347,0.48874727,0.6909222,0.6974049,0.19040221
1356443967615,-0.2278929,0.43042684,-0.8733827,-0.68182135,0.56981385,0.4587284,0.6951146,0.700032,0.16361767
1356443967655,-0.22893342,0.38312322,-0.89487773,-0.6774381,0.59745705,0.4290954,0.6990474,0.7044585,0.12276441
1356443967695,-0.23967841,0.3402545,-0.90927505,-0.66969424,0.620136,0.40858406,0.70289683,0.706865,0.07923323
1356443967748,-0.25872436,0.31051224,-0.9146824,-0.65792817,0.63666356,0.4022313,0.7072427,0.7058623,0.039574325
1356443967775,-0.28404203,0.29536313,-0.91218454,-0.64179456,0.64823604,0.4097435,0.712334,0.7018195,0.0054362416
1356443967815,-0.3139946,0.29408222,-0.9027308,-0.6213963,0.65522397,0.42959073,0.7178259,0.69584286,-0.022995174
1356443967855,-0.3470226,0.30759203,-0.885981,-0.5960398,0.6570345,0.46156502,0.72409385,0.6882534,-0.044668734
1356443967895,-0.3821839,0.3404746,-0.85907656,-0.56306493,0.6513408,0.50863844,0.7327301,0.67810935,-0.057222664
1356443967935,-0.41715705,0.39722994,-0.81742793,-0.519853,0.633464,0.5731285,0.745475,0.6640269,-0.057752848
1356443967975,-0.44797987,0.47471592,-0.7576006,-0.4688317,0.5967928,0.6511798,0.76125604,0.6469027,-0.044789255
1356443968015,-0.47052795,0.55400664,-0.6867897,-0.42167285,0.5425325,0.72653323,0.77510995,0.63145477,-0.021667123
1356443968055,-0.48522252,0.61280984,-0.62371725,-0.3915463,0.48552418,0.78163785,0.7818251,0.6234825,0.0043562055
1356443968095,-0.49576813,0.6430901,-0.5836515,-0.3808694,0.442977,0.81160945,0.78048223,0.6246651,0.025319457
1356443968135,-0.5032887,0.6496223,-0.56981695,-0.38447198,0.42221028,0.8209262,0.7738745,0.6322415,0.037267923
1356443968175,-0.5059548,0.6379741,-0.58051604,-0.3984855,0.42400914,0.81328076,0.7649961,0.6428105,0.03969395
1356443968215,-0.50098485,0.60842854,-0.6154906,-0.42371562,0.44768006,0.787431,0.7546384,0.65528405,0.033519864
1356443968255,-0.4836833,0.55725783,-0.674918,-0.4637696,0.49079043,0.7375924,0.74227244,0.66976756,0.021052122
1356443968295,-0.44910625,0.4803787,-0.7533525,-0.51993686,0.54518795,0.65759856,0.7266151,0.6870273,0.0049192905
1356443968335,-0.3934549,0.3818128,-0.8363087,-0.58722335,0.5955529,0.54816556,0.7073628,0.7067784,-0.010113835
1356443968375,-0.32140183,0.28533334,-0.90293175,-0.6508058,0.626082,0.42950338,0.6878609,0.72567636,-0.015527308
1356443968415,-0.24677914,0.22635409,-0.9422653,-0.6945317,0.63678074,0.3348673,0.675815,0.73707134,6.586313E-5
1356443968455,-0.17938119,0.21939735,-0.9590032,-0.7137415,0.6418558,0.28034657,0.67704904,0.7347693,0.041456103
1356443968495,-0.12282631,0.25196826,-0.95990914,-0.71498513,0.64832604,0.26166704,0.68826586,0.71846044,0.1005221
1356443968535,-0.07702905,0.29219383,-0.9532519,-0.709732,0.6554273,0.25825477,0.7002477,0.69644654,0.15689242
1356443968575,-0.04258436,0.31042606,-0.94964325,-0.7047902,0.66436505,0.24877685,0.70813656,0.6798932,0.19049364
1356443968615,-0.02063179,0.29458427,-0.95540273,-0.70077986,0.6773069,0.22397083,0.7130791,0.67414796,0.19246471
1356443968655,-0.011803746,0.25048462,-0.9680486,-0.6971977,0.6919146,0.18753555,0.71678174,0.6771349,0.16647011
1356443968695,-0.015539467,0.19424278,-0.98083043,-0.69479996,0.70332414,0.1502935,0.71903515,0.68381643,0.12403059
1356443968749,-0.030053005,0.14245203,-0.9893453,-0.6938621,0.70948493,0.12323323,0.7194805,0.6901728,0.07751989
1356443968775,-0.05288969,0.103758276,-0.9931953,-0.69290566,0.7123829,0.111320734,0.7190858,0.6940784,0.034217
1356443968815,-0.08235514,0.080975294,-0.99330795,-0.6897182,0.71481365,0.11545673,0.7193792,0.69461095,-0.0030184388
1356443968855,-0.117360726,0.07508731,-0.99024665,-0.6822369,0.718496,0.13533774,0.72165036,0.6914661,-0.033095896
1356443968895,-0.15826407,0.089856476,-0.98329973,-0.6682087,0.7234225,0.17365775,0.7269455,0.68453324,-0.054448962
1356443968935,-0.2051696,0.13031572,-0.97001207,-0.6447571,0.727648,0.23412958,0.73633814,0.67345834,-0.06526929
1356443968975,-0.25790787,0.20321527,-0.9445565,-0.6089966,0.724776,0.32221532,0.7500709,0.65833366,-0.06316805
1356443969015,-0.3136199,0.3068012,-0.8986187,-0.56268334,0.7022605,0.43613946,0.76487255,0.6424198,-0.04761094
1356443969055,-0.36413348,0.4172295,-0.8326623,-0.5165301,0.6534727,0.55332637,0.7749862,0.63157976,-0.022439778
1356443969095,-0.40308928,0.5029071,-0.7645937,-0.48421463,0.5917471,0.6444933,0.7765664,0.6300158,0.0049880147
1356443969135,-0.430589,0.55233985,-0.7138025,-0.46989864,0.53803897,0.69979244,0.7705768,0.63673764,0.027870059
1356443969176,-0.44851774,0.57180196,-0.6869312,-0.4691375,0.503569,0.7254849,0.76075095,0.64765793,0.0423941
1356443969215,-0.4572211,0.5686083,-0.6838374,-0.47828913,0.4910438,0.72809035,0.74979234,0.6599702,0.04744357
1356443969255,-0.45539382,0.54507565,-0.703924,-0.49777472,0.4996467,0.7089242,0.7381306,0.6732353,0.04378885
1356443969295,-0.44018552,0.50010884,-0.7457397,-0.5300931,0.5256114,0.66538256,0.724733,0.6882033,0.03373772
1356443969335,-0.4081027,0.43433,-0.8030004,-0.57588136,0.5600318,0.59558797,0.70838743,0.70549405,0.021572053
1356443969375,-0.3592729,0.3603355,-0.8608608,-0.6286584,0.5883026,0.5086145,0.6897186,0.72391874,0.0151667
1356443969415,-0.30336753,0.30736202,-0.9019406,-0.6746812,0.5991312,0.43109992,0.67288446,0.73930407,0.02561438
1356443969455,-0.2552577,0.30223754,-0.9184204,-0.7035544,0.5935031,0.39085215,0.66321546,0.7459267,0.061144292
1356443969495,-0.22313109,0.34433562,-0.911946,-0.71592957,0.5770265,0.3930462,0.6615568,0.7405899,0.11776745
1356443969535,-0.20541328,0.40420645,-0.8913039,-0.71895534,0.5555824,0.4176499,0.6640096,0.7265985,0.17648238
1356443969575,-0.1964589,0.44645596,-0.87297237,-0.7180238,0.5407928,0.4381609,0.66771674,0.71289563,0.2143225
1356443969615,-0.19195405,0.45214927,-0.87104225,-0.71480167,0.5437434,0.4397746,0.67246723,0.707039,0.21882325
1356443969655,-0.19059393,0.42231026,-0.8861874,-0.7098063,0.56430995,0.42157966,0.67812175,0.70937186,0.19220442
1356443969695,-0.19434714,0.37282175,-0.907322,-0.7032214,0.59191453,0.39384878,0.6838924,0.7145916,0.14713931
1356443969749,-0.20716983,0.32586437,-0.92243856,-0.69396514,0.615651,0.37334454,0.6895599,0.717486,0.09859425
1356443969775,-0.23189238,0.29715264,-0.92624307,-0.67977333,0.6315998,0.37281343,0.69579744,0.71608794,0.05553323
1356443969815,-0.2689513,0.29117194,-0.91808724,-0.65848684,0.64004916,0.395894,0.7028942,0.7110246,0.019590795
1356443969855,-0.31598273,0.30429643,-0.8986426,-0.6294033,0.64151,0.4385389,0.70993406,0.7041794,-0.011180878
1356443969895,-0.36936912,0.33237225,-0.86781055,-0.5923284,0.6353514,0.4954549,0.7160402,0.6970346,-0.037805676
1356443969935,-0.4274499,0.37747705,-0.8214606,-0.5442338,0.6181114,0.5672282,0.7218698,0.68952835,-0.0587759
1356443969975,-0.48854354,0.4455767,-0.75019103,-0.47823998,0.58238757,0.65735173,0.72980255,0.67991626,-0.071429074
1356443970015,-0.546425,0.53775036,-0.64206254,-0.38862044,0.5163021,0.76315546,0.7418854,0.66652584,-0.07313955
1356443970055,-0.5876168,0.6352528,-0.50115913,-0.28617007,0.41618085,0.863076,0.7568442,0.6505747,-0.062764525
1356443970095,-0.60534304,0.7064743,-0.36667937,-0.20322132,0.30822885,0.9293525,0.76958483,0.63709414,-0.043013513
1356443970135,-0.61060363,0.7409242,-0.2796328,-0.16163743,0.22906816,0.9598964,0.77526546,0.6313154,-0.02010876
1356443970175,-0.6146526,0.7492409,-0.2466583,-0.15621024,0.19088942,0.9691025,0.7731756,0.6341919,-2.9158592E-4
1356443970215,-0.61871296,0.74263245,-0.25630286,-0.17403346,0.18857753,0.9665148,0.76609826,0.64260054,0.01256758
1356443970255,-0.6191258,0.7243592,-0.3032939,-0.21050578,0.21899754,0.95274734,0.75655186,0.6537155,0.016894698
1356443970295,-0.60848236,0.6890844,-0.39358824,-0.2712354,0.28551126,0.91919243,0.74577504,0.6660675,0.013175607
1356443970335,-0.57299006,0.6197109,-0.5363215,-0.36621684,0.39183152,0.84401023,0.73319006,0.6800195,0.0024330616
1356443970375,-0.48651457,0.4894774,-0.7236818,-0.49754196,0.525658,0.6900258,0.7181612,0.69576967,-0.012204766
1356443970416,-0.3406002,0.304854,-0.8894131,-0.6261586,0.6321211,0.456452,0.701368,0.71238124,-0.024413645
1356443970455,-0.18358181,0.14237168,-0.97263974,-0.7032844,0.6722809,0.23114824,0.6867961,0.7264769,-0.023290753
1356443970495,-0.06473717,0.062806636,-0.9959239,-0.7304796,0.676955,0.09017408,0.67985916,0.7333397,0.0020548105
1356443970535,0.015515327,0.05733359,-0.99823457,-0.73197263,0.6807698,0.027723104,0.6811574,0.73025024,0.052528977
1356443970575,0.07399112,0.088097125,-0.99336004,-0.72444344,0.6892969,0.00717026,0.6853517,0.7191027,0.11482322
1356443970615,0.12489277,0.10847604,-0.9862225,-0.715602,0.6983718,-0.013807178,0.6872523,0.70746714,0.16484725
1356443970655,0.17146802,0.09116781,-0.9809624,-0.70620614,0.70563793,-0.057861894,0.6869291,0.7026831,0.1853776
1356443970695,0.21002781,0.036470383,-0.97701496,-0.69622517,0.70715994,-0.12326959,0.6864101,0.7061124,0.17391485
1356443970750,0.23574403,-0.03600502,-0.97114795,-0.6878117,0.69978654,-0.19290918,0.686542,0.7134441,0.1402058
1356443970775,0.24759889,-0.105790436,-0.9630696,-0.6829114,0.6860502,-0.2509327,0.6872603,0.7198219,0.09761977
1356443970815,0.2478204,-0.16158244,-0.9552362,-0.6813204,0.67190933,-0.29041392,0.6887579,0.72279245,0.056423426
1356443970855,0.23954338,-0.20229986,-0.94957554,-0.68131363,0.6617655,-0.31285477,0.69168687,0.72190106,0.020691872
1356443970895,0.22518048,-0.23130001,-0.946464,-0.681414,0.6569344,-0.3226642,0.696397,0.71759146,-0.009682238
1356443970935,0.20602122,-0.25074583,-0.94587624,-0.6811451,0.6572483,-0.32259256,0.70256436,0.7107398,-0.035387218
1356443970975,0.18266195,-0.2602752,-0.94809884,-0.68012303,0.662912,-0.3130181,0.709977,0.7020004,-0.055930316
1356443971015,0.15545872,-0.25821123,-0.9534985,-0.67707956,0.6749877,-0.29318058,0.7193023,0.6911718,-0.06989682
1356443971055,0.12456721,-0.24188665,-0.9622753,-0.6701976,0.69463784,-0.26136827,0.73165435,0.6774726,-0.07558274
1356443971095,0.09002119,-0.20704624,-0.9741807,-0.6584046,0.7215432,-0.21419351,0.7472614,0.66068697,-0.07136601
1356443971135,0.052173994,-0.14984848,-0.9873314,-0.6435886,0.75093,-0.147979,0.7635913,0.6431559,-0.057261765
1356443971175,0.012992404,-0.07299659,-0.9972475,-0.63114357,0.7729544,-0.064801455,0.7755572,0.6302483,-0.036028802
1356443971215,-0.022709072,0.0057471395,-0.9997255,-0.6267846,0.77896774,0.01871574,0.77886146,0.62703764,-0.014087379
1356443971255,-0.04904224,0.064909756,-0.99668527,-0.63156503,0.7710495,0.08129144,0.77377033,0.6334583,0.0031807423
1356443971295,-0.06266101,0.09430522,-0.99356943,-0.64248234,0.75800264,0.11246538,0.7637343,0.64539796,0.01309222
1356443971370,-0.063037306,0.09496713,-0.99348253,-0.65633154,0.74596965,0.11295217,0.7518346,0.65917414,0.015305996
1356443971371,-0.05193129,0.076794535,-0.99569356,-0.67005277,0.7366202,0.09176031,0.7404947,0.67193246,0.013202727
1356443971390,-0.035748944,0.048681438,-0.9981744,-0.683441,0.7275392,0.05995941,0.7291299,0.6843368,0.0072621107
1356443971434,-0.014924392,0.008684188,-0.99985087,-0.6990055,0.7149225,0.016643256,0.71496046,0.6991497,-0.0045995116
1356443971473,0.013978943,-0.038914204,-0.9991447,-0.7159112,0.6972012,-0.03717047,0.69805133,0.7158185,-0.018112957
1356443971513,0.045742407,-0.07732639,-0.99595594,-0.73111415,0.6767972,-0.08612549,0.68072,0.7320971,-0.025576055
1356443971553,0.07860252,-0.0912686,-0.9927193,-0.7388411,0.6632041,-0.11947429,0.6692797,0.74285287,-0.015303493
1356443971593,0.11275544,-0.073488355,-0.99090147,-0.7344347,0.6655338,-0.13292998,0.66924727,0.742741,0.021070123
1356443971633,0.14742243,-0.03220734,-0.9885491,-0.7202215,0.68152905,-0.1296112,0.67789936,0.73108196,0.07727623
1356443971675,0.17799865,0.00986138,-0.98398125,-0.7045702,0.699338,-0.12044543,0.6869477,0.71472305,0.13142926
1356443971715,0.1980539,0.029996425,-0.97973204,-0.6938728,0.71027696,-0.11852068,0.69232595,0.70328295,0.1614868
1356443971756,0.20370632,0.020734608,-0.97881246,-0.68926615,0.71305007,-0.12834233,0.69528115,0.70080644,0.15954447
1356443971793,0.19557798,-0.0100544095,-0.98063666,-0.6894104,0.7097564,-0.14477298,0.6974687,0.7043755,0.13188112
1356443971833,0.17747617,-0.047959358,-0.9829558,-0.6925883,0.70350647,-0.15937406,0.69915926,0.7090688,0.09163952
1356443971875,0.15390322,-0.080755025,-0.98478043,-0.6968944,0.69766855,-0.16612285,0.70046556,0.7118548,0.051095724
1356443971915,0.12786779,-0.103037596,-0.9864243,-0.70047504,0.6947267,-0.163369,0.7021285,0.7118553,0.016657889
1356443971955,0.10043531,-0.115050435,-0.98826927,-0.70241714,0.6952747,-0.15232605,0.7046438,0.7094762,-0.010983288
1356443971994,0.07199431,-0.119010955,-0.9902793,-0.70271385,0.69853985,-0.1350379,0.70782053,0.70560503,-0.03333974
1356443972035,0.042966753,-0.11547646,-0.9923805,-0.7009889,0.70427465,-0.112302095,0.71187663,0.70047295,-0.050687373
1356443972075,0.013762534,-0.10194942,-0.99469435,-0.6954838,0.7137577,-0.08277798,0.7184099,0.6929331,-0.06108105
1356443972115,-0.014846675,-0.07413629,-0.99713767,-0.68389,0.72825944,-0.043962806,0.72943413,0.68127966,-0.061513305
1356443972155,-0.041687362,-0.028369963,-0.9987278,-0.6661705,0.7457701,0.006621897,0.74463344,0.66559905,-0.04998839
1356443972195,-0.06575385,0.032363504,-0.99731094,-0.6475879,0.75901055,0.067326695,0.75914854,0.65027344,-0.028949678
1356443972235,-0.08578381,0.095422566,-0.9917337,-0.6360911,0.76088417,0.12823182,0.7668307,0.6418332,-0.00457412
1356443972275,-0.100365,0.14407976,-0.9844633,-0.63548225,0.75205636,0.17485291,0.7655646,0.643158,0.016079962
1356443972315,-0.10791199,0.16967905,-0.9795733,-0.64301574,0.7395628,0.19894116,0.75821215,0.65134925,0.029298663
1356443972355,-0.10773337,0.1717069,-0.97923964,-0.6550898,0.7286443,0.19983697,0.7478308,0.663019,0.033984125
1356443972395,-0.09957062,0.15317526,-0.98316985,-0.66930664,0.7208308,0.18008761,0.7362841,0.67597353,0.030747652
1356443972435,-0.08524272,0.11910531,-0.9892156,-0.685006,0.7139636,0.14499229,0.7235333,0.6899782,0.020727694
1356443972475,-0.06696834,0.07588056,-0.99486554,-0.70218015,0.70479596,0.10102284,0.7088429,0.7053402,0.006082773
1356443972515,-0.046749905,0.032768786,-0.99836904,-0.7206808,0.69096696,0.0564259,0.6916891,0.7221433,-0.0086868405
1356443972555,-0.023965865,0.0030599833,-0.9997081,-0.7379582,0.6745572,0.019755691,0.6744208,0.7382163,-0.013908207
1356443972595,0.0044472516,1.6370416E-4,-0.9999901,-0.7488198,0.66276574,-0.0032217205,0.6627586,0.74882674,0.003070116
1356443972635,0.0417684,0.027590126,-0.99874634,-0.74930215,0.6620997,-0.013046116,0.6609097,0.7489077,0.04832816
1356443972675,0.08525936,0.07206401,-0.99374926,-0.7413529,0.6709489,-0.014949441,0.66567767,0.7379935,0.11062956
1356443972715,0.12415026,0.11011803,-0.98613423,-0.7311719,0.6820081,-0.015894175,0.6708012,0.7230069,0.1651867
1356443972757,0.14640689,0.12562436,-0.98121536,-0.7234269,0.69012314,-0.019586384,0.67469895,0.71270514,0.19191879
1356443972795,0.14573757,0.11770588,-0.9822962,-0.71917146,0.6944356,-0.023486972,0.67937696,0.70986235,0.18585604
1356443972834,0.12267621,0.095977515,-0.9877949,-0.7172344,0.6965033,-0.021400124,0.6859485,0.7111058,0.15428275
1356443972875,0.082383454,0.07251686,-0.9939589,-0.7156473,0.6984118,-0.008361369,0.6935863,0.71201277,0.10943407
1356443972916,0.031753838,0.057229906,-0.9978559,-0.7126422,0.70130825,0.0175443,0.70080864,0.7105571,0.06305367
1356443972955,-0.023345158,0.05375144,-0.9982814,-0.70689845,0.70521206,0.054502487,0.70692974,0.7069559,0.02153349
1356443972995,-0.07932307,0.061696023,-0.9949379,-0.69776034,0.7093706,0.09961814,0.71192575,0.70213026,-0.013220429
1356443973035,-0.13402417,0.080436915,-0.98770815,-0.68496394,0.71275973,0.15098989,0.7161438,0.6967808,-0.040430605
1356443973075,-0.18439028,0.10930419,-0.9767562,-0.6679938,0.7150514,0.2061207,0.72096074,0.6904738,-0.058834016
1356443973115,-0.2272135,0.14949094,-0.96230274,-0.6459655,0.7163357,0.26380235,0.72876793,0.68155384,-0.06619519
1356443973154,-0.25971943,0.20243445,-0.9442278,-0.619035,0.7155598,0.32368183,0.7411758,0.6685765,-0.06053078
1356443973195,-0.28056845,0.26660037,-0.922066,-0.5904341,0.7094555,0.38478628,0.7567489,0.6523781,-0.041640878
1356443973235,-0.29368803,0.33271545,-0.89612937,-0.56687695,0.6942129,0.44353008,0.76967394,0.6382545,-0.015273333
1356443973275,-0.3051003,0.38887277,-0.86930543,-0.55326736,0.67059565,0.4941628,0.7751189,0.63172746,0.010551631
1356443973315,-0.31934416,0.4287534,-0.84509754,-0.54833883,0.64372855,0.53379595,0.7728802,0.6338644,0.02953118
1356443973355,-0.3373481,0.45253855,-0.82547265,-0.54742104,0.6190699,0.563101,0.7658501,0.6418422,0.038887084
1356443973395,-0.35805607,0.46270937,-0.81098455,-0.54735416,0.5996548,0.5837958,0.75643855,0.6529274,0.03855586
1356443973435,-0.38003135,0.46100292,-0.80190545,-0.5480972,0.5861209,0.5967007,0.74509436,0.6662871,0.029930055
1356443973475,-0.40164027,0.44779092,-0.7988544,-0.55191475,0.5777426,0.60133487,0.7308045,0.68241984,0.015097678
1356443973515,-0.42003733,0.42374986,-0.8024991,-0.5621923,0.5726691,0.59664893,0.7123963,0.70177364,-0.0023134947
1356443973555,-0.43026888,0.39383286,-0.81225884,-0.5816025,0.5672106,0.5831043,0.69036746,0.7233034,-0.014998853
1356443973595,-0.42540783,0.37188792,-0.82506216,-0.60826,0.55755544,0.5649352,0.67011046,0.7421801,-0.010983884
1356443973635,-0.40276107,0.3759268,-0.8345433,-0.6349934,0.5419079,0.5505626,0.6592168,0.75167465,0.020451665
1356443973675,-0.36829475,0.41118145,-0.8338397,-0.6552988,0.521407,0.5465511,0.6595016,0.7477062,0.07741529
1356443973715,-0.3354814,0.4605695,-0.8217834,-0.6672951,0.49957192,0.5523994,0.66495824,0.7336918,0.13973868
1356443973758,-0.31703597,0.49934322,-0.8063154,-0.6707384,0.4830156,0.5628552,0.6705208,0.7192721,0.18179536
1356443973794,-0.31774318,0.51421654,-0.7966308,-0.6649827,0.4780547,0.5738133,0.6758974,0.71207094,0.19004649
1356443973835,-0.33526266,0.50542164,-0.79507726,-0.6507828,0.48598492,0.5833527,0.68123466,0.712999,0.16598713
1356443973875,-0.36377966,0.48289588,-0.79653984,-0.6311341,0.5011423,0.59205234,0.6850795,0.7181002,0.12246674
1356443973915,-0.3973866,0.45734408,-0.79556286,-0.6087073,0.5173908,0.6014833,0.6867018,0.72328633,0.07278454
1356443973955,-0.43234828,0.4382287,-0.788055,-0.5833944,0.5304475,0.61504185,0.6875507,0.72565913,0.026322126
1356443973995,-0.46665865,0.4309899,-0.77231956,-0.55322754,0.53906304,0.6350987,0.69005,0.7236427,-0.013122916
1356443974035,-0.49925008,0.43765652,-0.7478009,-0.51657784,0.5425488,0.6624109,0.6956269,0.717006,-0.04478383
1356443974075,-0.5292386,0.45950392,-0.713276,-0.47274724,0.53838325,0.69760555,0.7045684,0.706399,-0.06770402
1356443974115,-0.5553422,0.4985318,-0.6656284,-0.420938,0.52178466,0.74199194,0.7172212,0.6922477,-0.07991803
1356443974155,-0.5752529,0.5555245,-0.60039705,-0.36089188,0.48633206,0.7957626,0.73405796,0.6744432,-0.07927966
1356443974197,-0.58634555,0.6234995,-0.5171529,-0.2977826,0.42780918,0.85340774,0.75334203,0.65439105,-0.065176666
1356443974235,-0.58986086,0.6839426,-0.4292864,-0.24517417,0.35483593,0.90220904,0.76938546,0.6374277,-0.041618824
1356443974275,-0.59249854,0.72114617,-0.3590176,-0.21496141,0.28797352,0.93320036,0.77636147,0.63009477,-0.0156053305
1356443974315,-0.59956366,0.7337511,-0.31958222,-0.2072022,0.24338722,0.94753885,0.77303994,0.634328,0.006108701
1356443974355,-0.60975003,0.7283446,-0.31260014,-0.21686387,0.22603959,0.9496715,0.7623482,0.64685404,0.020124018
1356443974395,-0.6176627,0.70984584,-0.33854344,-0.24243407,0.23765022,0.9406105,0.74814343,0.66305447,0.025303125
1356443974434,-0.6158754,0.6760174,-0.40459603,-0.2901452,0.2828349,0.914232,0.7324707,0.6804446,0.021952093
1356443974475,-0.59116334,0.61293906,-0.5242439,-0.3731273,0.36841112,0.85149825,0.71505386,0.69898427,0.010913134
1356443974534,-0.51540536,0.49384338,-0.70034003,-0.50098675,0.4893993,0.71379316,0.695248,0.7187538,-0.0048300624
1356443974553,-0.3664608,0.31217933,-0.8764991,-0.6415667,0.5974876,0.48104134,0.6738685,0.7386154,-0.01867193
1356443974594,-0.18706837,0.13780141,-0.9726336,-0.73199046,0.64075494,0.23156634,0.65513,0.7552773,-0.018995702
1356443974630,-0.042111352,0.042298168,-0.99821717,-0.7631706,0.64345556,0.059461117,0.6448235,0.764314,0.005183935
1356443974660,0.06301877,0.0055013,-0.99799716,-0.7650635,0.6423968,-0.04476902,0.6408639,0.76635253,0.04469192
1356443974690,0.13188227,0.012229055,-0.99118996,-0.7555145,0.6485656,-0.09252274,0.6417203,0.76106054,0.09477353
1356443974732,0.18161176,0.032363057,-0.9828376,-0.74248594,0.659834,-0.11547175,0.6447727,0.7507142,0.14386272
1356443974762,0.22431819,0.03630075,-0.9738396,-0.72526884,0.6736731,-0.14194956,0.6508966,0.73813736,0.17744493
1356443974804,0.26853976,-0.0020312965,-0.9632665,-0.70197,0.6843789,-0.19713861,0.6596397,0.7291237,0.18235707
1356443974843,0.3109422,-0.07606366,-0.9473803,-0.67369473,0.68547523,-0.27615088,0.67041075,0.724112,0.1618995
1356443974885,0.34623525,-0.16451769,-0.92360985,-0.64427155,0.6739333,-0.36156335,0.6819351,0.72024155,0.12734544
1356443974925,0.37175184,-0.24630035,-0.8950624,-0.6172629,0.65456843,-0.43649364,0.69338816,0.71475613,0.09130496
1356443974965,0.38879788,-0.3135623,-0.86632264,-0.5932207,0.6342512,-0.49579704,0.70492935,0.7066853,0.06058389
1356443975005,0.3999923,-0.369026,-0.83894336,-0.5715971,0.615089,-0.5430859,0.7164377,0.69676775,0.035096645
1356443975045,0.40725002,-0.41713277,-0.81249475,-0.5526753,0.59568703,-0.5828439,0.72711587,0.686409,0.012054622
1356443975085,0.4108944,-0.45776978,-0.7884241,-0.5379202,0.57649124,-0.6150607,0.7360758,0.6768342,-0.0093666315
1356443975125,0.41116565,-0.4897083,-0.7688489,-0.5267308,0.5607435,-0.6388438,0.7439741,0.667647,-0.02738595
1356443975165,0.40773317,-0.51091313,-0.7567836,-0.5166701,0.5542705,-0.65256125,0.75286496,0.6570783,-0.037979066
1356443975205,0.39941722,-0.5169117,-0.7571448,-0.50691766,0.563618,-0.65220344,0.763872,0.6443113,-0.036912918
1356443975245,0.38217816,-0.49727327,-0.7788833,-0.504453,0.5939324,-0.6267148,0.7742526,0.63242674,-0.023863018
1356443975285,0.3488962,-0.43888292,-0.8280418,-0.5213028,0.6433625,-0.56064963,0.7787906,0.627269,-0.004324138
1356443975325,0.30101162,-0.34948558,-0.8872721,-0.5554016,0.69208604,-0.46102703,0.77519095,0.6315669,0.014221072
1356443975365,0.26582024,-0.27842006,-0.92294204,-0.58553076,0.7139267,-0.3840084,0.7658286,0.6424881,0.02675265
1356443975406,0.2752528,-0.27251446,-0.92193913,-0.5960438,0.7040504,-0.38606304,0.7542994,0.6557811,0.031361282
1356443975445,0.32825094,-0.32630947,-0.88643867,-0.58427215,0.66723627,-0.46197605,0.74221116,0.66956544,0.0283674
1356443975485,0.3949585,-0.39770314,-0.8281545,-0.55931556,0.61103433,-0.56018126,0.7288167,0.6844481,0.018891633
1356443975525,0.45046914,-0.45182523,-0.7700205,-0.5374891,0.5514234,-0.63799506,0.7128695,0.7012747,0.00554806
1356443975565,0.48803335,-0.47717258,-0.7308418,-0.52950597,0.50378513,-0.68251306,0.6938637,0.72007424,-0.006801784
