1356443851383,0.3397696,-0.21042946,0.9166657,0.7328944,-0.5515825,-0.39827436,0.58942544,0.80714077,-0.033188403
1356443851411,0.50527143,-0.33631068,0.79473007,0.6303044,-0.4851937,-0.6060557,0.58942103,0.80714446,-0.033176422
1356443851440,0.5052521,-0.33633193,0.7947334,0.63033783,-0.4851519,-0.60605437,0.58940184,0.8071608,-0.033121258
1356443851481,0.5051558,-0.3364334,0.79475164,0.63050693,-0.48494354,-0.6060452,0.5893035,0.80724365,-0.032848448
1356443851523,0.5052457,-0.33682904,0.79452693,0.6306819,-0.484308,-0.60637134,0.5890392,0.80746025,-0.032262564
1356443851565,0.5062038,-0.3378042,0.7935024,0.63040656,-0.48293528,-0.60775083,0.58851105,0.80787486,-0.031509668
1356443851604,0.50885415,-0.33964995,0.7910154,0.6291132,-0.48049137,-0.6110194,0.5876088,0.808558,-0.030821798
1356443851643,0.51366705,-0.3426898,0.78658116,0.62636304,-0.47675353,-0.6167458,0.58635783,0.80948734,-0.03024435
1356443851687,0.5203333,-0.34685168,0.7803507,0.6222421,-0.47185126,-0.62463677,0.5848658,0.81058633,-0.029694168
1356443851725,0.5285859,-0.35199612,0.7724608,0.6167335,-0.46603775,-0.6343884,0.5832981,0.8117313,-0.029253215
1356443851764,0.53801143,-0.35779068,0.7632362,0.60997915,-0.45967346,-0.6454655,0.58178097,0.81282604,-0.029064715
1356443851805,0.5476973,-0.3636676,0.7535075,0.60269934,-0.45317695,-0.6567985,0.5803286,0.8138652,-0.029021561
1356443851844,0.5567555,-0.36935925,0.7440411,0.59568053,-0.44675058,-0.66751677,0.5789542,0.81485444,-0.028710723
1356443851882,0.564296,-0.37455833,0.7357147,0.5897498,-0.44073176,-0.67672056,0.5777241,0.8157583,-0.027807474
1356443851923,0.5695267,-0.37884068,0.7294649,0.58578366,-0.4354976,-0.6835197,0.57662535,0.8165914,-0.026108831
1356443851967,0.57226175,-0.38197827,0.7256784,0.5840399,-0.43135947,-0.6876237,0.57568556,0.8173259,-0.023759961
1356443852005,0.5727143,-0.38393795,0.7242858,0.58422995,-0.42861792,-0.6891749,0.5750423,0.81784976,-0.021167547
1356443852045,0.57166255,-0.3847549,0.72468305,0.58536434,-0.4276502,-0.6888133,0.5749352,0.8179724,-0.019249797
1356443852086,0.57038283,-0.3845888,0.72577876,0.58592665,-0.42873472,-0.6876601,0.575633,0.8174827,-0.019202054
1356443852125,0.57002974,-0.38355264,0.726604,0.5845096,-0.43219623,-0.6866985,0.5774206,0.8161456,-0.022174478
1356443852165,0.57103324,-0.38191748,0.7266774,0.58003676,-0.4386999,-0.68636703,0.5809289,0.81343806,-0.028986037
1356443852205,0.5726748,-0.38012865,0.7263235,0.57209915,-0.4492584,-0.68619937,0.58715093,0.8084981,-0.039807707
1356443852245,0.5736318,-0.37862074,0.7263559,0.5612115,-0.46425384,-0.68520796,0.5966475,0.8006964,-0.053824455
1356443852285,0.57289684,-0.37757215,0.7274809,0.54862106,-0.48276725,-0.6826058,0.6089369,0.79017407,-0.06943178
1356443852326,0.57013357,-0.3768854,0.7300035,0.5357432,-0.5030848,-0.67814815,0.6228378,0.7777294,-0.08491176
1356443852365,0.5657186,-0.37627605,0.733743,0.52366966,-0.5234137,-0.67216676,0.6369714,0.76449615,-0.099060535
1356443852424,0.560329,-0.3754675,0.7382787,0.5133385,-0.54209,-0.66529834,0.6500115,0.7517729,-0.111006826
1356443852445,0.554005,-0.37443566,0.74355656,0.5061507,-0.55762506,-0.6579253,0.66097647,0.7408456,-0.11940616
1356443852485,0.5455377,-0.37345272,0.75028104,0.503755,-0.5693429,-0.64967656,0.6697907,0.73238087,-0.122469366
1356443852525,0.53227913,-0.37302423,0.7599551,0.50747275,-0.57792985,-0.6391154,0.6776063,0.7258443,-0.118320405
1356443852565,0.5110077,-0.37348777,0.7741951,0.51786363,-0.58509934,-0.6240801,0.68606734,0.71983725,-0.10557455
1356443852605,0.4787835,-0.37507948,0.7937769,0.5353918,-0.5918192,-0.6025824,0.6957888,0.71348816,-0.08253878
1356443852645,0.43666172,-0.3767699,0.8169278,0.5593663,-0.5974908,-0.5745556,0.7045821,0.70784825,-0.050148964
1356443852685,0.39120805,-0.37698275,0.8395477,0.5871776,-0.600203,-0.5431196,0.70864576,0.7054363,-0.013448416
1356443852725,0.35154498,-0.3748674,0.8578407,0.6150734,-0.59831834,-0.51351726,0.7057627,0.7081593,0.020235151
1356443852765,0.32444638,-0.37105346,0.8700884,0.63951707,-0.59171385,-0.4908081,0.69695944,0.71567726,0.045315623
1356443852805,0.31256962,-0.36698425,0.8761409,0.65822864,-0.58132654,-0.4783248,0.6848616,0.72621083,0.059854448
1356443852845,0.3157941,-0.36373645,0.8763389,0.67038316,-0.56807554,-0.47736418,0.6714614,0.73823166,0.06444788
1356443852885,0.332407,-0.36132538,0.8711771,0.67646325,-0.55231094,-0.4871858,0.6571933,0.75126326,0.06083134
1356443852925,0.3592344,-0.35876504,0.86153257,0.67803407,-0.53399694,-0.50509125,0.6412648,0.76559454,0.0514248
1356443852965,0.3908363,-0.35508865,0.84921086,0.6777124,-0.51329124,-0.5265341,0.62285876,0.78130937,0.04003507
1356443853005,0.4178775,-0.3514434,0.8377744,0.6792302,-0.4915501,-0.54499996,0.6033447,0.7967849,0.0333032
1356443853045,0.42749828,-0.3526903,0.832379,0.6867801,-0.47204018,-0.55273056,0.58785903,0.80795264,0.040424377
1356443853085,0.4100898,-0.3639512,0.83628094,0.70231855,-0.4589727,-0.54414403,0.581872,0.8104836,0.06738967
1356443853125,0.36878926,-0.383172,0.84686106,0.72225964,-0.45536327,-0.5205624,0.5850944,0.8036314,0.108816594
1356443853165,0.3206225,-0.39988947,0.8586557,0.73896575,-0.46150422,-0.49086,0.59256303,0.7918979,0.14753598
1356443853205,0.28379846,-0.40397066,0.8696357,0.7470389,-0.4754359,-0.4646436,0.6011584,0.7815168,0.16685376
1356443853245,0.26568305,-0.39183742,0.8808382,0.74653524,-0.49449718,-0.445149,0.60999805,0.77584535,0.16114092
1356443853285,0.26262343,-0.36569303,0.8929152,0.74138254,-0.5158025,-0.42930144,0.61756045,0.77473634,0.1356566
1356443853325,0.26669675,-0.33016717,0.90546256,0.7362151,-0.53651404,-0.41248035,0.62198085,0.7766224,0.09998748
1356443853365,0.27132398,-0.2897305,0.91784513,0.733612,-0.55505925,-0.392075,0.6230544,0.77972156,0.06194878
1356443853425,0.27276683,-0.24774791,0.9296339,0.7335589,-0.571644,-0.36757922,0.62248665,0.7822046,0.025812179
1356443853445,0.26985425,-0.20647657,0.9405031,0.73481494,-0.58705884,-0.33971906,0.62227464,0.7827704,-0.006698273
1356443853485,0.2632159,-0.16753227,0.9500791,0.73627037,-0.60148084,-0.31004313,0.62339664,0.7811234,-0.034970284
1356443853525,0.25336874,-0.1325661,0.9582434,0.73734957,-0.61474484,-0.28000784,0.6261948,0.77750564,-0.058009565
1356443853565,0.24029279,-0.1035752,0.9651588,0.7372377,-0.62733173,-0.25086948,0.63145864,0.77183354,-0.074383736
1356443853605,0.22369057,-0.08245918,0.97116584,0.734591,-0.64061105,-0.22359243,0.6405768,0.76342523,-0.08272489
1356443853645,0.20296484,-0.07067791,0.97663194,0.72833955,-0.65573806,-0.19881952,0.6544668,0.751673,-0.08161428
1356443853685,0.17765713,-0.06878382,0.9816857,0.7189393,-0.67210597,-0.17720002,0.6719853,0.73725325,-0.069953024
1356443853725,0.14930707,-0.07514748,0.98593116,0.70952165,-0.68633485,-0.15976056,0.6886846,0.72339296,-0.049155883
1356443853765,0.12226528,-0.08558327,0.98880064,0.70481384,-0.6939493,-0.14721343,0.6987765,0.71491945,-0.02452562
1356443853805,0.10134214,-0.09535986,0.99027073,0.7071884,-0.6932018,-0.1391252,0.69972444,0.7144073,-0.0028131679
1356443853846,0.08923465,-0.10154092,0.9908212,0.71487427,-0.68615633,-0.1347009,0.69353586,0.72033256,0.011360042
1356443853885,0.08637631,-0.103515536,0.9908702,0.7246541,-0.6760005,-0.133791,0.6836781,0.72959447,0.016622432
1356443853925,0.09202725,-0.10220185,0.99049777,0.73467803,-0.66447586,-0.13682118,0.6721452,0.74028826,0.013935566
1356443853965,0.1050272,-0.099044144,0.98952496,0.74471116,-0.6516082,-0.14426413,0.6590711,0.75206196,0.005322598
1356443854005,0.123852074,-0.0953652,0.98770756,0.75515914,-0.6366691,-0.15616375,0.64373547,0.7652176,-0.006836891
1356443854045,0.1458655,-0.09238303,0.98498154,0.76633894,-0.6191073,-0.17155391,0.6256579,0.7798535,-0.019509673
1356443854085,0.16504645,-0.09268546,0.98192114,0.77769506,-0.60007185,-0.187361,0.6065889,0.79455847,-0.026958674
1356443854125,0.16994238,-0.10095927,0.9802687,0.78771377,-0.58379906,-0.1966868,0.59213734,0.80559665,-0.019685209
1356443854165,0.1470074,-0.12095398,0.98171234,0.79431695,-0.5770149,-0.19003811,0.58944845,0.8077277,0.011250302
1356443854205,0.091047466,-0.14947411,0.9845648,0.79510355,-0.5843689,-0.16224444,0.59960043,0.79760295,0.06564212
1356443854245,0.015130341,-0.17501742,0.984449,0.78868395,-0.60310435,-0.119342685,0.6146126,0.7782249,0.1289083
1356443854285,-0.056226492,-0.18654856,0.98083556,0.7777469,-0.62419087,-0.07413265,0.62605786,0.75867355,0.18018357
1356443854325,-0.1035009,-0.18066403,0.97808385,0.7678822,-0.63952905,-0.036871463,0.6321744,0.74723697,0.20492053
1356443854365,-0.11932498,-0.1601783,0.9798492,0.76299006,-0.64628476,-0.0127336085,0.63530123,0.7460958,0.19933237
1356443854425,-0.10659379,-0.1301916,0.98574233,0.76331913,-0.64601564,-0.0027804077,0.637167,0.75213957,0.16823895
1356443854445,-0.07489771,-0.096254826,0.99253476,0.76667094,-0.64202493,-0.0044089556,0.63765657,0.7606174,0.121882066
1356443854485,-0.035298705,-0.06318015,0.99737775,0.7706178,-0.63716316,-0.013088614,0.6363193,0.76813495,0.07117881
1356443854525,0.0041493177,-0.034058332,0.9994113,0.77340007,-0.6334332,-0.02479741,0.63390476,0.77304757,0.023712292
1356443854565,0.039124787,-0.010418564,0.99918,0.7739657,-0.63215166,-0.03689757,0.6320177,0.7747747,-0.016669184
1356443854605,0.06804901,0.007188767,0.99765605,0.7720412,-0.6337502,-0.048093468,0.6319191,0.77350426,-0.04867606
1356443854645,0.089934886,0.018470615,0.99577636,0.76768553,-0.63824224,-0.057495832,0.6344846,0.769614,-0.07157987
1356443854685,0.103327274,0.023128808,0.99437845,0.7606832,-0.6459587,-0.064018965,0.6408467,0.7630219,-0.08433886
1356443854724,0.1060099,0.020785272,0.9941479,0.7506302,-0.65738803,-0.06629825,0.6521628,0.7532656,-0.08529176
1356443854765,0.096369505,0.011338204,0.995281,0.7381996,-0.671556,-0.06382689,0.66766334,0.740867,-0.073087335
1356443854805,0.076634824,-0.0038906336,0.9970516,0.72644985,-0.6847243,-0.05850786,0.6829331,0.7287918,-0.049647316
1356443854845,0.054064035,-0.02189073,0.99829745,0.7199533,-0.6919058,-0.054162115,0.6919135,0.72165585,-0.021646902
1356443854885,0.037216485,-0.03961286,0.9985218,0.72103,-0.69077474,-0.054278016,0.6919037,0.72198415,0.0028538555
1356443854925,0.031659186,-0.055699468,0.9979455,0.72787374,-0.6829736,-0.0612109,0.68497986,0.7283162,0.018919855
1356443854965,0.039804637,-0.07050151,0.99671715,0.73710775,-0.6713824,-0.07692632,0.67460185,0.73774993,0.025243133
1356443855005,0.062213004,-0.08510652,0.9944277,0.7464515,-0.6574257,-0.102963954,0.6625252,0.74869776,0.022627458
1356443855045,0.098164976,-0.100642115,0.9900681,0.7546532,-0.6410172,-0.13998419,0.648739,0.7608996,0.01302442
1356443855085,0.14569008,-0.11747414,0.982331,0.76081175,-0.6214024,-0.18714815,0.63240796,0.7746346,-0.001156427
1356443855125,0.2004984,-0.13571906,0.97024775,0.7639849,-0.5983081,-0.24156672,0.61329234,0.7896884,-0.016272485
1356443855165,0.2528323,-0.15647885,0.95477235,0.76369107,-0.5736006,-0.2962404,0.59401333,0.80405027,-0.025523268
1356443855205,0.28601348,-0.18277973,0.9406316,0.7617031,-0.55221975,-0.33891258,0.5813817,0.8134155,-0.018718384
1356443855244,0.28496855,-0.21651396,0.93376374,0.76190615,-0.53994167,-0.3577181,0.5816288,0.8133787,0.011096865
1356443855285,0.24572295,-0.25430238,0.93538785,0.76622164,-0.5401071,-0.34812158,0.59373784,0.8022559,0.06213533
1356443855325,0.18674576,-0.28533506,0.94005847,0.77160406,-0.549679,-0.32012522,0.60807335,0.7851349,0.117515504
1356443855365,0.1352076,-0.30064029,0.9441051,0.7747964,-0.56184024,-0.28987256,0.6175836,0.7706822,0.1569699
1356443855423,0.11021662,-0.29790995,0.94820976,0.7754741,-0.5709612,-0.26952386,0.6216849,0.7650182,0.1680921
1356443855436,0.10323626,-0.2830224,0.95354104,0.7751895,-0.57778966,-0.25542173,0.6232363,0.7655438,0.15974718
1356443855475,0.12768203,-0.25870883,0.95747954,0.77215576,-0.5799538,-0.2596709,0.62247306,0.77247864,0.12571388
1356443855515,0.16437477,-0.22705099,0.9599108,0.76723695,-0.582185,-0.2690876,0.61994225,0.7807103,0.078505404
1356443855555,0.19844514,-0.19306386,0.9609089,0.7618995,-0.58634454,-0.27515322,0.6165458,0.7867188,0.030738004
1356443855594,0.22271997,-0.16019273,0.96163094,0.7574633,-0.5925338,-0.2741403,0.6137142,0.78945667,-0.0106289685
1356443855635,0.26120466,-0.14936855,0.9536567,0.74621797,-0.5954514,-0.29765147,0.612316,0.7893837,-0.0440732
1356443855675,0.24832803,-0.107304215,0.96271443,0.75047106,-0.6070782,-0.2612458,0.61247563,0.78736395,-0.07022587
1356443855715,0.23598713,-0.07543835,0.96882355,0.7526736,-0.61641425,-0.23133478,0.6146482,0.7838,-0.08868536
1356443855755,0.2194739,-0.05269566,0.9741942,0.752843,-0.6259626,-0.20346546,0.6205309,0.7780707,-0.09771092
1356443855795,0.19401759,-0.03866136,0.980236,0.75029147,-0.63789004,-0.1736637,0.6319968,0.76915646,-0.09475461
1356443855835,0.1565519,-0.03277254,0.9871259,0.74480355,-0.6524786,-0.13978338,0.6486596,0.7570982,-0.077737644
1356443855874,0.11023319,-0.032850593,0.99336267,0.73824656,-0.666471,-0.103963256,0.66546273,0.74480677,-0.04921533
1356443855914,0.06351882,-0.035620242,0.99734473,0.7346413,-0.6747424,-0.070886284,0.67547584,0.7371932,-0.016690716
1356443855955,0.025546849,-0.038317204,0.99893904,0.7368229,-0.67460525,-0.044719964,0.67560303,0.7371836,0.010998905
1356443855994,0.0016670823,-0.040320277,0.99918544,0.74352324,-0.6681152,-0.028201073,0.6687081,0.7429646,0.028865233
1356443856035,-0.005876541,-0.04267043,0.99907196,0.7528379,-0.6577804,-0.023665637,0.65817976,0.7520001,0.03598939
1356443856075,0.0040103793,-0.04769674,0.99885374,0.76339924,-0.6450383,-0.033866495,0.6459144,0.76266015,0.033824906
1356443856115,0.03193462,-0.057391018,0.9978409,0.7744354,-0.629705,-0.061002374,0.6318464,0.77471143,0.024336264
1356443856155,0.07818782,-0.07341188,0.99423206,0.7845044,-0.6108575,-0.10679889,0.6151744,0.7883298,0.009830326
1356443856195,0.14004147,-0.09674874,0.9854076,0.79099464,-0.58769804,-0.1701135,0.59558034,0.803275,-0.0057744086
1356443856235,0.20637554,-0.12797457,0.9700678,0.7911683,-0.56151444,-0.24239269,0.57572716,0.81751084,-0.014633387
1356443856275,0.25428706,-0.16696897,0.9526067,0.7866571,-0.537269,-0.3041591,0.5625911,0.8267185,-0.005273275
1356443856315,0.25880158,-0.2111693,0.94256526,0.7852866,-0.5222026,-0.33260992,0.562447,0.8262639,0.03068158
1356443856355,0.21490598,-0.25307313,0.9432759,0.79094315,-0.5214783,-0.3201084,0.57290876,0.81487083,0.08809766
1356443856427,0.14818054,-0.28316855,0.94755375,0.79718673,-0.53282005,-0.28389466,0.58526564,0.79744494,0.14678463
1356443856433,0.09666455,-0.29827613,0.9495722,0.7979638,-0.5470074,-0.25305507,0.59490323,0.7821857,0.18513721
1356443856472,0.08488768,-0.30245495,0.94937617,0.79329205,-0.5560127,-0.24806768,0.6028945,0.7741905,0.1927365
1356443856513,0.11496949,-0.30120465,0.94660336,0.7832111,-0.55866915,-0.27289057,0.611034,0.7727643,0.17167681
1356443856553,0.17226338,-0.29700553,0.93920875,0.766592,-0.55833876,-0.3171664,0.6185968,0.7746261,0.13150072
1356443856593,0.23872638,-0.29033738,0.92666817,0.7443908,-0.5580928,-0.36662626,0.62361217,0.7773266,0.082893044
1356443856633,0.29980457,-0.2811635,0.9116273,0.7202113,-0.5599628,-0.40955752,0.62563,0.77935153,0.034617722
1356443856673,0.34686124,-0.26971933,0.89829767,0.6981958,-0.5652622,-0.43931895,0.6262666,0.7795704,-0.0077506043
1356443856713,0.37660134,-0.25650382,0.89015573,0.68150723,-0.574143,-0.45377052,0.62747055,0.7775382,-0.041413818
1356443856753,0.38856918,-0.24206696,0.8890543,0.67164093,-0.5861432,-0.4531386,0.630803,0.773201,-0.065175086
1356443856793,0.38233286,-0.22679614,0.8957596,0.6684401,-0.601424,-0.43758088,0.63797295,0.76606315,-0.078344524
1356443856833,0.35687894,-0.21080236,0.9100548,0.6707594,-0.62022,-0.4067049,0.65016854,0.7555722,-0.07994577
1356443856873,0.31290936,-0.19417205,0.929723,0.67722356,-0.6407124,-0.36174,0.6659249,0.7428222,-0.06898701
1356443856913,0.25726813,-0.17759952,0.94987977,0.68682575,-0.65785706,-0.3090217,0.67976725,0.7319033,-0.047265716
1356443856953,0.20269138,-0.16304064,0.96557444,0.69963735,-0.6657909,-0.25928754,0.6851451,0.7281073,-0.020880759
1356443856993,0.16136742,-0.1534889,0.97488546,0.71541715,-0.66226035,-0.2226873,0.679808,0.73338425,0.0029413104
1356443857033,0.14151865,-0.1523084,0.9781485,0.73172337,-0.64941317,-0.20698652,0.66674834,0.7450266,0.019543536
1356443857075,0.14931035,-0.16283715,0.97528994,0.7447432,-0.63030607,-0.21925288,0.65043366,0.7590773,0.027160615
1356443857115,0.18997228,-0.18775383,0.96366954,0.75022244,-0.6053871,-0.2658434,0.63330626,0.77346945,0.025850393
1356443857173,0.26582307,-0.22813642,0.93663865,0.741814,-0.5720999,-0.34987676,0.6156705,0.787817,0.017157376
1356443857193,0.37196285,-0.28020817,0.8849446,0.71122605,-0.5265892,-0.4656837,0.5964907,0.80261266,0.003419757
1356443857234,0.49254268,-0.33540928,0.8030581,0.653215,-0.46726304,-0.5957982,0.57507557,0.81802565,-0.011052638
1356443857270,0.6001022,-0.3844278,0.70149314,0.5770542,-0.39927024,-0.7124547,0.5539727,0.8323451,-0.01776725
1356443857300,0.6778976,-0.42263305,0.6015281,0.501773,-0.3320075,-0.79874575,0.53728825,0.84329844,-0.013001204
1356443857330,0.717378,-0.45253155,0.5297018,0.45350382,-0.27385253,-0.8481387,0.5288696,0.84865785,0.008768976
1356443857360,0.7270645,-0.4817992,0.4891286,0.43725306,-0.22432056,-0.8709133,0.5293269,0.84708315,0.047572643
1356443857425,0.70505726,-0.5179643,0.48436272,0.45977205,-0.18613568,-0.8683105,0.53991103,0.8349051,0.106909186
1356443857445,0.6770201,-0.5511744,0.4876993,0.4875205,-0.16055438,-0.8582227,0.5513326,0.81879747,0.16001022
1356443857485,0.6618042,-0.5726396,0.4838378,0.49702346,-0.14801428,-0.8550201,0.5612333,0.8063347,0.18665886
1356443857525,0.6646062,-0.5802555,0.47074634,0.4818515,-0.14867648,-0.86354756,0.57106715,0.80074894,0.18078566
1356443857565,0.6786508,-0.577226,0.45414007,0.44899768,-0.16327149,-0.8784893,0.58123505,0.80009526,0.14836884
1356443857606,0.69484806,-0.5682074,0.44082484,0.4110049,-0.18924478,-0.8917743,0.5901365,0.8008288,0.102039635
1356443857645,0.70805097,-0.55664414,0.43452418,0.37791264,-0.22110757,-0.89905155,0.5965283,0.8007865,0.053807408
1356443857685,0.7161751,-0.544572,0.43650278,0.35483345,-0.25445798,-0.89963573,0.6009879,0.7991825,0.010995865
1356443857725,0.7190507,-0.5329797,0.4459806,0.34201047,-0.28725678,-0.8947136,0.60497516,0.7958744,-0.024267554
1356443857765,0.7174054,-0.52227646,0.46103877,0.33756965,-0.31829518,-0.88585263,0.6094064,0.7911481,-0.052041978
1356443857805,0.7110388,-0.5133234,0.48054424,0.34055716,-0.3465034,-0.8740458,0.61517847,0.7851333,-0.071561396
1356443857845,0.6977964,-0.5074168,0.5055773,0.35205433,-0.37173647,-0.8589934,0.6238092,0.7773932,-0.080758095
1356443857885,0.6741215,-0.5058735,0.5381935,0.37360877,-0.39502308,-0.83926946,0.637163,0.7668434,-0.07729477
1356443857925,0.63812566,-0.50819165,0.5783917,0.40499014,-0.4173502,-0.813512,0.65481186,0.7533658,-0.060509264
1356443857965,0.5944539,-0.5113705,0.62058425,0.44166052,-0.43729103,-0.78339815,0.6719825,0.7397816,-0.034097224
1356443858005,0.55435205,-0.5121915,0.65601337,0.47657475,-0.4508482,-0.7547266,0.68232703,0.7310237,-0.0058310926
1356443858045,0.5283347,-0.5098388,0.6789159,0.50396764,-0.4552074,-0.7340319,0.68328553,0.72996616,0.016440392
1356443858085,0.5197802,-0.5056164,0.6886077,0.52082586,-0.45138204,-0.7245652,0.6771772,0.73525935,0.02871865
1356443858125,0.5266684,-0.50109285,0.6866777,0.5263321,-0.44210365,-0.72630507,0.667529,0.74394244,0.030899137
1356443858165,0.5456586,-0.49690482,0.67479056,0.521344,-0.42914152,-0.73758936,0.65609235,0.75426996,0.024893552
1356443858205,0.57344866,-0.49259672,0.6546031,0.50786173,-0.41322643,-0.7558574,0.64283216,0.7658933,0.013206869
1356443858245,0.6065929,-0.48695698,0.628425,0.48881772,-0.39494,-0.7778686,0.62697875,0.77903485,-0.001534611
1356443858285,0.6406616,-0.479051,0.6000525,0.46847218,-0.3753045,-0.7998003,0.6083474,0.7935091,-0.016021132
1356443858325,0.6689205,-0.47034478,0.5756051,0.453404,-0.3554531,-0.81736034,0.58904177,0.80773073,-0.024513662
1356443858365,0.68102795,-0.46718037,0.5638647,0.4524662,-0.3369649,-0.8256688,0.5757389,0.81743324,-0.018099189
1356443858423,0.66618085,-0.4779681,0.57249415,0.47333723,-0.32223493,-0.8198271,0.5763289,0.81713593,0.011573374
1356443858445,0.6197267,-0.50436366,0.6012953,0.51545703,-0.31616658,-0.79645634,0.59181315,0.80352724,0.06404093
1356443858485,0.55061257,-0.5352473,0.6405748,0.5664562,-0.32407802,-0.7576943,0.6131501,0.78005356,0.12475282
1356443858525,0.4812113,-0.5540626,0.6793013,0.6098987,-0.34499985,-0.7134414,0.62965006,0.75762105,0.17190427
1356443858565,0.4306209,-0.5530051,0.7132678,0.6380625,-0.37239707,-0.67394114,0.63831174,0.7453226,0.19248986
1356443858605,0.40402985,-0.5333472,0.7431693,0.6520969,-0.4018215,-0.6428911,0.6415056,0.74436563,0.18544617
1356443858645,0.3962145,-0.500197,0.7699461,0.6566239,-0.43177134,-0.6184,0.6417625,0.750584,0.15736729
1356443858685,0.39935577,-0.4589187,0.7936679,0.6569797,-0.46055436,-0.59688145,0.6394472,0.7597917,0.11757517
1356443858725,0.40710163,-0.41392243,0.81420916,0.6574149,-0.48605984,-0.57580507,0.634093,0.76968443,0.07424301
1356443858765,0.4147244,-0.36884713,0.8318386,0.65971863,-0.50774044,-0.55404973,0.6267177,0.7785574,0.032762885
1356443858805,0.41892684,-0.32676,0.84718835,0.66339415,-0.52692705,-0.53127766,0.6200068,0.7845863,-0.003973184
1356443858846,0.41743648,-0.2901489,0.861139,0.6672008,-0.54549783,-0.50722307,0.6169197,0.78628606,-0.03412312
1356443858885,0.40859377,-0.2609375,0.8746215,0.6702461,-0.56466764,-0.48158133,0.61953306,0.7829828,-0.055827323
1356443858925,0.3908031,-0.24035384,0.8885398,0.6724034,-0.584679,-0.45389882,0.6286069,0.77484226,-0.06687963
1356443858965,0.36247975,-0.22885486,0.9034566,0.67406523,-0.6050643,-0.42371365,0.6436183,0.76257634,-0.06506044
1356443859005,0.32384562,-0.22536428,0.918877,0.67600924,-0.62436485,-0.39138228,0.66191804,0.74791676,-0.049849506
1356443859045,0.27961278,-0.22665441,0.9329761,0.67984563,-0.63942516,-0.3590896,0.67795765,0.7346858,-0.02470145
1356443859085,0.2385096,-0.22837897,0.9439048,0.6876584,-0.64659894,-0.33020568,0.6857398,0.72784126,0.0028266273
1356443859125,0.20807952,-0.22776136,0.95122427,0.69956815,-0.64502937,-0.30747592,0.6835987,0.72942567,0.025117189
1356443859165,0.19158012,-0.22471559,0.9554057,0.7127602,-0.6373553,-0.29283303,0.674737,0.7370761,0.038063675
1356443859205,0.18945163,-0.22092345,0.95671356,0.72413635,-0.6266022,-0.28809035,0.6631248,0.74737036,0.04126796
1356443859245,0.20143902,-0.21850148,0.9548191,0.73220885,-0.6138968,-0.2949593,0.6506094,0.75854325,0.0363259
1356443859285,0.22699517,-0.21909103,0.94893223,0.7366972,-0.5986653,-0.314447,0.63698536,0.77045363,0.025509693
1356443859325,0.2651227,-0.22313717,0.93804044,0.73758113,-0.579666,-0.34635457,0.6210347,0.7837074,0.010899097
1356443859365,0.31223983,-0.23114017,0.9214556,0.73450196,-0.55641985,-0.38846332,0.6025057,0.7981047,-0.00396353
1356443859426,0.3588454,-0.24372445,0.9010152,0.7284725,-0.53039587,-0.43359914,0.5835734,0.81195986,-0.012783613
1356443859445,0.38851213,-0.26347232,0.88297266,0.7238339,-0.5057058,-0.46938914,0.5701954,0.8214889,-0.0057626367
1356443859485,0.3817402,-0.2931943,0.8765338,0.7279383,-0.48901236,-0.48059636,0.5695439,0.8215255,0.026751641
1356443859525,0.33250117,-0.32873717,0.8839541,0.74254465,-0.48659724,-0.46027222,0.58143824,0.8094164,0.082307875
1356443859565,0.25990427,-0.35809505,0.8967819,0.75848436,-0.4990548,-0.41910118,0.5976213,0.7891212,0.14190301
1356443859605,0.19946587,-0.37156165,0.90672785,0.7659198,-0.5180491,-0.38077807,0.6112121,0.77043307,0.18125331
1356443859645,0.17553365,-0.36896843,0.9127159,0.76368946,-0.53402877,-0.36275572,0.62126195,0.7607073,0.18803725
1356443859685,0.18919617,-0.35515887,0.91545993,0.7545827,-0.5439873,-0.36699152,0.6283389,0.7602236,0.16507643
1356443859725,0.22538787,-0.3350597,0.9148417,0.7412453,-0.55040264,-0.3842036,0.6322624,0.7647169,0.124307334
1356443859765,0.26615345,-0.3124512,0.9118863,0.72669303,-0.5564943,-0.4027796,0.6333085,0.76986265,0.07894319
1356443859805,0.3010301,-0.28964922,0.9085616,0.71351695,-0.563689,-0.41611063,0.6326723,0.77353597,0.036982354
1356443859845,0.3274092,-0.2676582,0.90618,0.70282567,-0.57201314,-0.42289132,0.6315372,0.77534515,8.346699E-4
1356443859885,0.346668,-0.24693044,0.9049015,0.6946626,-0.5806691,-0.42457896,0.6302898,0.7757891,-0.029766053
1356443859925,0.36026633,-0.22798657,0.90456086,0.68892807,-0.5887599,-0.42277643,0.6289565,0.77548945,-0.055044025
1356443859965,0.36696935,-0.21156274,0.9058558,0.68585736,-0.59633124,-0.41711956,0.62843704,0.774358,-0.07373342
1356443860005,0.3635447,-0.19868134,0.9101433,0.6853661,-0.60467577,-0.40575916,0.6309584,0.771293,-0.083657235
1356443860045,0.34594554,-0.19003746,0.9188076,0.68724203,-0.6153667,-0.38603404,0.6387645,0.76499,-0.08228165
1356443860085,0.3123787,-0.18554574,0.93166107,0.6912342,-0.62834316,-0.35690367,0.65162486,0.75548506,-0.06802547
1356443860126,0.26779974,-0.18392324,0.94575655,0.6970897,-0.6406251,-0.32197106,0.6650934,0.7455009,-0.0433482
1356443860165,0.22340053,-0.18350402,0.95729744,0.70499337,-0.64779496,-0.288697,0.67310953,0.73938346,-0.015348583
1356443860205,0.1899736,-0.18367365,0.96445525,0.7146771,-0.6476714,-0.2641179,0.6731616,0.73944956,0.008226931
1356443860245,0.17349118,-0.18521488,0.96726227,0.7247595,-0.6409762,-0.25273156,0.6668017,0.74487925,0.023032486
1356443860285,0.17639107,-0.18991646,0.9658251,0.7327759,-0.62979823,-0.25767004,0.6572106,0.75318396,0.028075345
1356443860325,0.19986403,-0.19895405,0.95941216,0.7371389,-0.61454517,-0.28099895,0.645508,0.7633816,0.0238313
1356443860365,0.24387407,-0.21347797,0.94601935,0.73609024,-0.59436715,-0.3238809,0.63142425,0.77534175,0.012188323
1356443860427,0.30610192,-0.23281772,0.9230913,0.7277231,-0.5679227,-0.38455558,0.61377585,0.78946805,-0.004415415
1356443860445,0.3808871,-0.25526217,0.88868797,0.7105179,-0.5342471,-0.45797867,0.5916836,0.8058668,-0.022119522
1356443860485,0.45520914,-0.27949452,0.84538007,0.68642473,-0.4945665,-0.53312755,0.5671029,0.8229743,-0.03327924
1356443860525,0.50830156,-0.306499,0.8047906,0.6651126,-0.45391077,-0.5929505,0.5470418,0.83667403,-0.026867244
1356443860565,0.5208976,-0.33846954,0.78364795,0.6615943,-0.42002812,-0.621184,0.539406,0.84203017,0.005137803
1356443860605,0.4902197,-0.3735832,0.7874771,0.6803405,-0.40073436,-0.61363554,0.5448131,0.83656883,0.057715952
1356443860645,0.4362831,-0.40333593,0.80434895,0.7074357,-0.39865243,-0.58361876,0.55605006,0.8236482,0.11140895
1356443860685,0.39145428,-0.42006487,0.81872404,0.7249362,-0.40722644,-0.5555484,0.56677246,0.8109945,0.14510971
1356443860725,0.37641615,-0.4230947,0.82419765,0.72574145,-0.41830754,-0.54618514,0.5758561,0.8037473,0.14959961
1356443860765,0.388897,-0.41595528,0.8220343,0.7122712,-0.43017006,-0.55463827,0.5843192,0.8012085,0.12898105
1356443860805,0.413324,-0.4026255,0.8167349,0.691461,-0.44483197,-0.56921536,0.59249043,0.80001074,0.09454012
1356443860845,0.43556607,-0.38619196,0.813104,0.6710402,-0.46277303,-0.57926357,0.5999895,0.797933,0.05758205
1356443860885,0.44996047,-0.36841348,0.8135153,0.65540814,-0.4825347,-0.581034,0.60661006,0.7946269,0.024339618
1356443860925,0.4571501,-0.34997603,0.8176372,0.6449975,-0.5025185,-0.57572,0.61236596,0.79056436,-0.0039927363
1356443860965,0.45995432,-0.3313307,0.82380944,0.638361,-0.52149916,-0.56615704,0.61720115,0.78629416,-0.028357208
1356443861005,0.4594828,-0.31317925,0.8311404,0.63469875,-0.53882647,-0.5539165,0.6213156,0.78203887,-0.048807025
1356443861045,0.4537019,-0.29646784,0.84039354,0.6343061,-0.5549589,-0.53821605,0.6259476,0.7772564,-0.06373456
1356443861085,0.4381252,-0.28196934,0.85354525,0.6378195,-0.5715831,-0.516216,0.6334291,0.7705751,-0.07057938
1356443861125,0.409023,-0.26960966,0.871786,0.6456826,-0.58957875,-0.48527405,0.64482105,0.7613852,-0.067068994
1356443861165,0.36732554,-0.25881046,0.8933583,0.6577711,-0.6067937,-0.44624949,0.6575782,0.7515441,-0.05265278
1356443861205,0.3212,-0.2490831,0.91366744,0.673303,-0.6183908,-0.40528494,0.66595316,0.74535257,-0.030918721
1356443861245,0.28202605,-0.2411071,0.9286165,0.6907146,-0.62073725,-0.3709429,0.66586375,0.74602455,-0.008527905
1356443861285,0.25821203,-0.236711,0.93664,0.70712554,-0.61428404,-0.35018373,0.65825534,0.7527437,0.00876883
1356443861325,0.2541231,-0.23793337,0.93744826,0.7194524,-0.6012782,-0.34763902,0.6463821,0.7627924,0.018383026
1356443861366,0.2712831,-0.24660142,0.9303726,0.7248687,-0.583589,-0.36604533,0.6332226,0.7736999,0.020435836
1356443861428,0.30861813,-0.26277167,0.9141695,0.7217936,-0.5612404,-0.40499783,0.6194908,0.7848314,0.016457941
1356443861445,0.3633222,-0.28491777,0.8870281,0.7090514,-0.53304285,-0.46163976,0.6043534,0.79667246,0.008355115
1356443861485,0.43001533,-0.31016135,0.84787196,0.6860307,-0.4982478,-0.5301991,0.58689755,0.8096599,-0.0014739893
1356443861525,0.4970588,-0.3356514,0.80016917,0.6553695,-0.45916194,-0.59971756,0.56870323,0.82250136,-0.008254794
1356443861565,0.54553497,-0.3612625,0.7562281,0.62746686,-0.42211285,-0.6542982,0.55558705,0.8314506,-0.0035970807
1356443861605,0.557481,-0.39140078,0.7321341,0.6170866,-0.39457488,-0.68081915,0.55535495,0.8313339,0.021560222
1356443861645,0.5276344,-0.42818704,0.7336606,0.6303816,-0.38155332,-0.6760445,0.5694041,0.81919044,0.068600565
1356443861685,0.4675724,-0.46565756,0.7513582,0.6584673,-0.38360667,-0.647508,0.5897431,0.7975017,0.12725642
1356443861725,0.40647447,-0.49266624,0.76945335,0.68404865,-0.39419115,-0.61375135,0.60568625,0.7758178,0.17677906
1356443861763,0.37034184,-0.50332,0.78071505,0.696602,-0.40550798,-0.5918691,0.6144857,0.7630415,0.20043707
1356443861803,0.36904883,-0.49771154,0.78491163,0.6934744,-0.41481125,-0.5890883,0.6187861,0.7617185,0.19206452
1356443861843,0.39379787,-0.47853428,0.78481096,0.6782053,-0.4250477,-0.59947646,0.6204521,0.76833546,0.15716162
1356443861883,0.4280526,-0.4499433,0.783787,0.6583034,-0.4389621,-0.61151373,0.6191993,0.77772963,0.10830027
1356443861923,0.45793313,-0.41637,0.785451,0.64186954,-0.45643038,-0.61617756,0.6150616,0.7863252,0.058240652
1356443861963,0.47660702,-0.38131988,0.79211164,0.6331507,-0.47620428,-0.61020464,0.6098901,0.7923538,0.014470637
1356443862005,0.4829282,-0.3469596,0.8039897,0.63184845,-0.49760565,-0.5942694,0.60625726,0.7949891,-0.021081926
1356443862045,0.4787841,-0.3146096,0.81962585,0.6354668,-0.51997364,-0.5707972,0.6057621,0.79413366,-0.04903114
1356443862085,0.46625292,-0.28536752,0.8373611,0.6419475,-0.54214305,-0.54220325,0.6086967,0.7903457,-0.06958482
1356443862125,0.44611973,-0.2605607,0.85620403,0.65007484,-0.56319684,-0.5101099,0.615126,0.7841668,-0.081869274
1356443862165,0.41730392,-0.24121247,0.87617004,0.6594172,-0.5830441,-0.47458237,0.62532103,0.7758067,-0.08424693
1356443862205,0.37727207,-0.22786681,0.8976316,0.6699237,-0.60207456,-0.4344057,0.63942784,0.7652339,-0.074492544
1356443862245,0.32519394,-0.22001971,0.91969573,0.6810194,-0.620277,-0.3891902,0.6560956,0.752893,-0.05187261
1356443862285,0.2678179,-0.21558958,0.93903923,0.6914756,-0.63569224,-0.34315726,0.6709211,0.7412263,-0.021174848
1356443862325,0.21689945,-0.21235313,0.9528172,0.70136535,-0.645003,-0.30340984,0.67900014,0.73408246,0.009036422
1356443862395,0.18257207,-0.20926332,0.9606645,0.71086293,-0.64690775,-0.27601495,0.67922115,0.7332934,0.030650258
1356443862399,0.16439658,-0.20761093,0.9642984,0.7183223,-0.6447829,-0.26128185,0.67600805,0.73563087,0.04313142
1356443862430,0.1656524,-0.20609501,0.96440876,0.7251228,-0.6373425,-0.26075193,0.66839826,0.7425089,0.043866813
1356443862460,0.18062377,-0.20900697,0.96108854,0.7294135,-0.62704325,-0.27344596,0.6597961,0.75042176,0.0391936
1356443862504,0.21091032,-0.21230146,0.9541724,0.73237395,-0.61218345,-0.29809356,0.6474142,0.76168203,0.02636826
1356443862543,0.25679702,-0.22019127,0.9410479,0.7317836,-0.59173316,-0.3381489,0.63130665,0.775479,0.009177059
1356443862584,0.31180483,-0.23116776,0.92159605,0.7273065,-0.5660695,-0.38806018,0.6113943,0.7912818,-0.008373439
1356443862623,0.3645296,-0.245341,0.89829063,0.72009933,-0.5373567,-0.4389817,0.5904026,0.8068803,-0.019212574
1356443862663,0.396128,-0.26439786,0.8793045,0.7156432,-0.5110836,-0.47607595,0.5752716,0.8178553,-0.01323995
1356443862703,0.38763005,-0.28963846,0.87513006,0.72199875,-0.49484318,-0.48357844,0.573115,0.8192923,0.017302487
1356443862743,0.3341481,-0.3169849,0.88761795,0.74032557,-0.49457216,-0.45532006,0.58332074,0.80927056,0.069411695
1356443862783,0.25373763,-0.33701724,0.9066624,0.7605538,-0.5096326,-0.40228438,0.5976414,0.79164016,0.12700671
1356443862823,0.17897546,-0.34275877,0.9222171,0.7725121,-0.5315014,-0.34746432,0.6092561,0.77461135,0.16965953
1356443862863,0.13420856,-0.33465642,0.9327343,0.77500015,-0.55112493,-0.30925116,0.6175459,0.7643733,0.18539298
1356443862905,0.12474352,-0.31665358,0.9403029,0.7712718,-0.56523174,-0.292665,0.6241625,0.7617372,0.17371699
1356443862945,0.14147049,-0.292099,0.94586694,0.7642801,-0.57504267,-0.29189354,0.62917566,0.7642016,0.1418939
1356443862985,0.16919297,-0.26322842,0.94978136,0.7570703,-0.58230734,-0.29624802,0.6310455,0.7691743,0.10076004
1356443863025,0.19594014,-0.23196444,0.9527854,0.75222087,-0.58777773,-0.29779407,0.62910366,0.7750548,0.05931916
1356443863065,0.21417987,-0.19979912,0.95614195,0.7506188,-0.5927133,-0.29199752,0.62505877,0.78023803,0.02302567
1356443863105,0.22189003,-0.1679919,0.9604913,0.751202,-0.5985673,-0.27823126,0.6216593,0.78325975,-0.006620258
1356443863145,0.21959013,-0.13713306,0.96590614,0.7525155,-0.6062933,-0.25715524,0.6208869,0.7833281,-0.029941268
1356443863185,0.20905888,-0.108241946,0.9718941,0.75329745,-0.6159149,-0.23063347,0.62356824,0.78034127,-0.04722411
1356443863225,0.19043499,-0.082018256,0.97826755,0.7528386,-0.6273544,-0.19914931,0.63005435,0.7744026,-0.0577237
1356443863265,0.1622107,-0.05905187,0.9849876,0.75060534,-0.6405798,-0.16201589,0.64053047,0.7656176,-0.05958426
1356443863305,0.123217225,-0.03962758,0.99158823,0.7467073,-0.654432,-0.11894131,0.6536404,0.7550818,-0.05104713
1356443863345,0.076590836,-0.02361226,0.996783,0.74276483,-0.6655786,-0.07283914,0.6651573,0.74595416,-0.03343886
1356443863385,0.030083597,-0.010630369,0.99949086,0.7415556,-0.6702449,-0.029448628,0.6702167,0.74206394,-0.012280375
1356443863433,-0.008107364,-6.338954E-4,0.9999669,0.74453807,-0.6675563,0.0056132674,0.6675307,0.744559,0.0058841407
1356443863465,-0.032233655,0.0056975484,0.99946415,0.75093853,-0.65977913,0.027979583,0.659585,0.751438,0.016988605
1356443863505,-0.03867024,0.006978929,0.99922764,0.75941455,-0.64972174,0.03392732,0.64945674,0.76014,0.019825071
1356443863545,-0.025668442,0.0013199449,0.9996696,0.7691864,-0.63869256,0.020593673,0.63850874,0.7694609,0.015378967
1356443863585,0.0071288943,-0.012747765,0.99989337,0.77958614,-0.6261487,-0.013541043,0.6262545,0.7795995,0.005474165
1356443863625,0.058933318,-0.036191612,0.9976057,0.7889067,-0.61065423,-0.0687581,0.6116806,0.79106987,-0.0074360818
1356443863665,0.12491846,-0.06894094,0.9897689,0.79405475,-0.5911723,-0.14139473,0.5948718,0.8035935,-0.01910548
1356443863705,0.1906625,-0.10940713,0.97553974,0.79265547,-0.56907773,-0.21874133,0.5790898,0.81497276,-0.021779627
1356443863745,0.2305457,-0.1537483,0.96083826,0.7880852,-0.5496933,-0.27705395,0.57076293,0.82109606,-0.005562663
1356443863785,0.22070605,-0.1951991,0.9556077,0.78859174,-0.54083645,-0.2926073,0.57394415,0.8181646,0.03456649
1356443863825,0.16151297,-0.22516584,0.9608402,0.79501665,-0.5471542,-0.26186034,0.58468974,0.80617774,0.09063807
1356443863866,0.08452535,-0.23857048,0.9674398,0.79915965,-0.56368047,-0.20882618,0.59514654,0.79078984,0.14301053
1356443863905,0.031608403,-0.2392892,0.9704337,0.7980654,-0.57849175,-0.16863844,0.6017412,0.77979994,0.17268324
1356443863945,0.027564168,-0.2361396,0.97132814,0.7952736,-0.5835263,-0.16442925,0.6056237,0.777004,0.17171115
1356443863985,0.07224792,-0.23454595,0.96941656,0.7904352,-0.5792965,-0.19906712,0.60827,0.78064317,0.14354038
1356443864025,0.14404267,-0.23324391,0.9616908,0.7792517,-0.57226,-0.2555101,0.60993326,0.7862035,0.099325806
1356443864065,0.21375364,-0.22804499,0.9498973,0.76208353,-0.5694252,-0.30819407,0.61117756,0.7897787,0.052072674
1356443864105,0.26133043,-0.21627593,0.94070774,0.74509054,-0.5743633,-0.33903813,0.6136338,0.78951347,0.011046559
1356443864145,0.28315473,-0.19815782,0.9383799,0.7331033,-0.5861268,-0.34498528,0.61837125,0.78561366,-0.020694382
1356443864185,0.28577924,-0.17563489,0.942063,0.72663784,-0.60119253,-0.33251327,0.6247622,0.77956396,-0.044185437
1356443864225,0.27587777,-0.1507302,0.94930077,0.72451514,-0.6164024,-0.308425,0.6316402,0.77287036,-0.060845435
1356443864265,0.25587392,-0.12477514,0.9586238,0.72543466,-0.6306537,-0.27571785,0.63896245,0.76596797,-0.070851594
1356443864305,0.22478986,-0.098353535,0.9694308,0.7277125,-0.6446782,-0.23414648,0.648,0.75810075,-0.07334405
1356443864345,0.17995238,-0.07155305,0.98106945,0.7295512,-0.6592924,-0.18190235,0.65982735,0.7484742,-0.06643958
1356443864385,0.12273282,-0.044859797,0.9914254,0.7302182,-0.67244565,-0.12082356,0.6720998,0.73878586,-0.049773753
1356443864434,0.061051965,-0.020254612,0.9979291,0.7311163,-0.679738,-0.058525085,0.6795157,0.7331753,-0.02669081
1356443864465,0.005768776,-6.6137314E-4,0.9999832,0.7347881,-0.6782806,-0.004687518,0.67827225,0.7348027,-0.0034269243
1356443864505,-0.0332278,0.010594934,0.99939156,0.7422596,-0.66935855,0.03177482,0.66928804,0.7428639,0.014377177
1356443864545,-0.048131227,0.00997296,0.9987912,0.7528695,-0.6567743,0.042838275,0.6564076,0.7540213,0.02410303
1356443864585,-0.03303069,-0.005943805,0.99943674,0.7657244,-0.64281,0.02148375,0.64232016,0.76600266,0.025783718
1356443864625,0.017548919,-0.040903777,0.99900895,0.77825916,-0.6267103,-0.039331406,0.627698,0.7781781,0.020835638
1356443864665,0.108511925,-0.098160565,0.98923695,0.7833527,-0.6042158,-0.14588341,0.61203253,0.79075146,0.011329681
1356443864705,0.23933786,-0.177695,0.9545375,0.7674414,-0.5676054,-0.2980903,0.59476984,0.80389583,5.2110106E-4
1356443864745,0.39130926,-0.27028936,0.8796708,0.7169729,-0.50970834,-0.47554937,0.5769115,0.816787,-0.0056634285
1356443864785,0.52237165,-0.3578504,0.7739967,0.6402432,-0.43492898,-0.6331866,0.5632198,0.8263048,0.0019167978
1356443864825,0.5944288,-0.42897624,0.68017197,0.5763206,-0.36261812,-0.7323679,0.56081104,0.8273376,0.031677157
1356443864865,0.60388887,-0.48691475,0.6310565,0.5557121,-0.3103722,-0.7712672,0.5714038,0.81644535,0.08315414
1356443864905,0.5774617,-0.5358752,0.6159348,0.56719184,-0.27931687,-0.7747744,0.5872235,0.79675573,0.14264926
1356443864945,0.5563309,-0.5750999,0.59979665,0.57572144,-0.25372848,-0.7772816,0.5992001,0.7777415,0.1899404
1356443864985,0.5715236,-0.60319906,0.55633765,0.55374426,-0.21683502,-0.8039588,0.60558075,0.76755023,0.21009174
1356443865025,0.6208587,-0.6173258,0.48315966,0.4938358,-0.1706711,-0.8526415,0.608819,0.76797146,0.19889495
1356443865065,0.6768394,-0.6174797,0.40075833,0.4110291,-0.1346333,-0.90162575,0.610691,0.7749791,0.16267699
1356443865106,0.71957564,-0.6097308,0.33232403,0.3297705,-0.121113926,-0.93626004,0.61111563,0.7833006,0.1139206
1356443865145,0.7459509,-0.6004751,0.2880746,0.2666577,-0.12707655,-0.955377,0.6102876,0.78948164,0.06532845
1356443865185,0.75963163,-0.5926804,0.26774934,0.22636133,-0.14500579,-0.96318936,0.60968864,0.7922772,0.024008956
1356443865225,0.764293,-0.58681613,0.26740047,0.2065519,-0.17004712,-0.9635456,0.6108948,0.7916632,-0.00875783
1356443865265,0.76268756,-0.5822309,0.2816289,0.20195481,-0.19928055,-0.9589064,0.6144281,0.7882223,-0.034404453
1356443865305,0.75645727,-0.5782606,0.30559292,0.20806849,-0.23019724,-0.9506402,0.6200644,0.7827029,-0.05381656
1356443865344,0.74558663,-0.5748515,0.33711454,0.2233148,-0.26109803,-0.9391263,0.6278782,0.7754827,-0.066298336
1356443865385,0.727768,-0.57240427,0.377766,0.24948052,-0.2921272,-0.9232666,0.63883746,0.76616913,-0.06979716
