1356443181826,0.21115488,-0.0058858097,0.9774349,-0.8277004,0.53083575,0.18200433,-0.5199286,-0.8474543,0.107216895
1356443181851,-0.23957664,0.024168849,-0.9705765,0.8199254,-0.53032124,-0.21559584,-0.5199281,-0.84745216,0.10723597
1356443181880,-0.23957473,0.024079889,-0.97057927,0.8199284,-0.5303371,-0.21554607,-0.5199245,-0.84744483,0.10731155
1356443181921,-0.23954123,0.023607612,-0.97059906,0.81996286,-0.53039765,-0.21526533,-0.5198854,-0.84742016,0.107694805
1356443181965,-0.23979926,0.022641659,-0.97055846,0.82,-0.53045815,-0.21497503,-0.519708,-0.8474088,0.10863727
1356443182003,-0.24091291,0.021434814,-0.9703101,0.81999207,-0.53033584,-0.21530673,-0.5192052,-0.84751666,0.110188305
1356443182043,-0.24353331,0.020664304,-0.9696724,0.8198613,-0.5297663,-0.21719795,-0.51818806,-0.84789187,0.11207396
1356443182083,-0.24795628,0.020955533,-0.96854454,0.81957746,-0.52852553,-0.22125459,-0.516537,-0.8486587,0.11387661
1356443182124,-0.25400615,0.022527158,-0.9669402,0.819247,-0.5263941,-0.2274721,-0.514116,-0.8499422,0.11525205
1356443182163,-0.26113743,0.024969488,-0.9649786,0.8190478,-0.5233045,-0.23518723,-0.5108502,-0.85177976,0.11620322
1356443182202,-0.26817483,0.02695936,-0.96299297,0.81964815,-0.5188773,-0.24278226,-0.5062205,-0.8544235,0.117052674
1356443182245,-0.27467155,0.027889073,-0.9611335,0.82131183,-0.5129788,-0.24959859,-0.50000226,-0.85794795,0.11799514
1356443182283,-0.28044462,0.02815339,-0.9594573,0.8239728,-0.505664,-0.25568095,-0.4923613,-0.8622711,0.118613124
1356443182323,-0.28573692,0.02919218,-0.95786333,0.8271743,-0.49718118,-0.2619038,-0.48387718,-0.86715555,0.11791599
1356443182367,-0.2909544,0.032733917,-0.9561768,0.83040315,-0.48771453,-0.2693793,-0.4751591,-0.8723893,0.114720285
1356443182405,-0.2965418,0.04047832,-0.95416164,0.83330584,-0.47711277,-0.2792218,-0.4665451,-0.8779094,0.10775304
1356443182445,-0.3027851,0.053597778,-0.9515505,0.8357074,-0.46503794,-0.29211774,-0.45816398,-0.88366675,0.09601453
1356443182485,-0.30994648,0.074008435,-0.9478692,0.83766544,-0.45032388,-0.3090714,-0.44972196,-0.8897928,0.07758197
1356443182526,-0.31771588,0.10192555,-0.94269174,0.83914745,-0.43266183,-0.32959852,-0.44146127,-0.89577603,0.05193299
1356443182573,-0.3252163,0.13590956,-0.93582207,0.8400287,-0.4129405,-0.35189763,-0.43426508,-0.90056026,0.020127058
1356443182605,-0.33071,0.17068034,-0.9281698,0.84059364,-0.393798,-0.37192148,-0.42899102,-0.9032118,-0.01323992
1356443182645,-0.33369893,0.20444128,-0.9202438,0.84116197,-0.37610364,-0.38857746,-0.42554837,-0.9037421,-0.046462834
1356443182683,-0.3337062,0.23582944,-0.9127018,0.842386,-0.35996956,-0.40100822,-0.42311448,-0.9026662,-0.07853532
1356443182725,-0.33129662,0.26515293,-0.9055034,0.8444272,-0.34482604,-0.4099239,-0.4209337,-0.9004382,-0.10966265
1356443182765,-0.3278175,0.29404926,-0.89781445,0.8470185,-0.32944036,-0.41716766,-0.4184441,-0.89722025,-0.14106888
1356443182805,-0.3253461,0.32490942,-0.8880223,0.84980917,-0.31138974,-0.42527717,-0.41469762,-0.89301187,-0.17480153
1356443182866,-0.32628882,0.35937405,-0.87429166,0.8530102,-0.28660566,-0.4361546,-0.40731955,-0.88809204,-0.2130335
1356443182885,-0.33230698,0.3961801,-0.8559284,0.85773486,-0.25047708,-0.4489456,-0.39225373,-0.8833474,-0.25658226
1356443182925,-0.34290582,0.43034434,-0.8349967,0.8648447,-0.20235288,-0.45945296,-0.36668694,-0.8796915,-0.3027931
1356443182965,-0.35531265,0.45570654,-0.81613994,0.87287563,-0.15061945,-0.46411407,-0.3344264,-0.8772943,-0.34425807
1356443183005,-0.36616337,0.46869296,-0.80389756,0.8787089,-0.110170126,-0.46447083,-0.3062597,-0.8764641,-0.37150443
1356443183045,-0.3727377,0.46847302,-0.80099916,0.88086563,-0.092803895,-0.46418017,-0.2917917,-0.87859005,-0.37807035
1356443183085,-0.37292933,0.45471224,-0.8088019,0.88015354,-0.10254574,-0.46348047,-0.29368946,-0.8847153,-0.36197424
1356443183125,-0.3650853,0.4265795,-0.8274918,0.87815857,-0.13732952,-0.45823386,-0.30911225,-0.89396346,-0.32446742
1356443183165,-0.34829235,0.38336813,-0.8554071,0.8764008,-0.19059736,-0.44226038,-0.3325869,-0.9037154,-0.26960057
1356443183205,-0.3234113,0.32645488,-0.8881623,0.8759204,-0.25182873,-0.4115163,-0.3580063,-0.91104853,-0.20450425
1356443183245,-0.29399925,0.26101065,-0.919477,0.8768517,-0.30919755,-0.36814138,-0.38038877,-0.9144782,-0.13796383
1356443183285,-0.2655205,0.19500226,-0.94417846,0.87880653,-0.35379016,-0.32020545,-0.39648187,-0.9147713,-0.077430636
1356443183325,-0.24291253,0.1357489,-0.96050286,0.8816699,-0.38202983,-0.27696824,-0.4045389,-0.91412544,-0.026885808
1356443183365,-0.22877729,0.08744231,-0.9695436,0.8855138,-0.3950286,-0.2445766,-0.40438378,-0.91449785,0.012942165
1356443183405,-0.22345912,0.051318973,-0.9733614,0.8900043,-0.39644217,-0.22522423,-0.39743972,-0.9166242,0.04291451
1356443183445,-0.22616196,0.02698204,-0.97371596,0.89437044,-0.3903054,-0.21854815,-0.38594347,-0.92029,0.06414032
1356443183485,-0.23558837,0.01304844,-0.9717654,0.8980415,-0.37931263,-0.22280845,-0.37151012,-0.9251766,0.07764354
1356443183525,-0.25031847,0.0076786876,-0.9681331,0.9009171,-0.36432546,-0.23582885,-0.3545264,-0.93123996,0.08427957
1356443183565,-0.26928437,0.009459823,-0.96301425,0.9026859,-0.3460024,-0.25581378,-0.33562514,-0.938186,0.08463377
1356443183605,-0.29174155,0.017689675,-0.9563336,0.90203273,-0.32748193,-0.28123397,-0.3181569,-0.94469184,0.079583436
1356443183645,-0.31679505,0.03202194,-0.9479533,0.8971658,-0.314202,-0.31043625,-0.30778962,-0.94881594,0.07080868
1356443183685,-0.34287137,0.05182752,-0.93795156,0.8875042,-0.3093508,-0.34152368,-0.30785635,-0.94953465,0.060070395
1356443183725,-0.36722273,0.07535067,-0.92707586,0.8747302,-0.31087732,-0.37175557,-0.31621894,-0.9474584,0.04824978
1356443183765,-0.38604796,0.09933722,-0.9171145,0.86225855,-0.3144626,-0.3970181,-0.3278369,-0.94405794,0.035743296
1356443183805,-0.39560008,0.120424986,-0.9104935,0.8536142,-0.31758946,-0.412892,-0.33888564,-0.9405503,0.02284187
1356443183866,-0.39328706,0.13692808,-0.90916216,0.85100603,-0.32008135,-0.41633695,-0.34801415,-0.9374425,0.009357333
1356443183885,-0.37781602,0.1491738,-0.91378456,0.85493225,-0.32268345,-0.40616038,-0.35545164,-0.93467784,-0.0056185126
1356443183925,-0.35031724,0.1599923,-0.9228653,0.8639364,-0.32539403,-0.38435987,-0.36178946,-0.93194485,-0.02423203
1356443183965,-0.31657088,0.17599162,-0.9320997,0.87502944,-0.3251769,-0.35858533,-0.36620533,-0.92913234,-0.051056325
1356443184005,-0.29047793,0.2081007,-0.9339789,0.88471913,-0.31344724,-0.34499708,-0.36454722,-0.9265231,-0.09306115
1356443184045,-0.28854448,0.26269776,-0.92072356,0.89070076,-0.27915394,-0.35878298,-0.3512751,-0.923614,-0.15343672
1356443184085,-0.31216854,0.32749265,-0.8917957,0.8920749,-0.2217915,-0.3937144,-0.32673126,-0.9184537,-0.22291166
1356443184125,-0.34195417,0.3776538,-0.8604911,0.8901906,-0.16316634,-0.4253673,-0.30104476,-0.91145724,-0.28038847
1356443184165,-0.3593418,0.39989042,-0.84318507,0.8885919,-0.12940764,-0.44006604,-0.2850928,-0.9073816,-0.3088377
1356443184205,-0.35672748,0.39401042,-0.84705454,0.89061177,-0.13032281,-0.43569118,-0.28205734,-0.90981966,-0.3044206
1356443184245,-0.3337878,0.36362734,-0.86969006,0.89726615,-0.1602574,-0.41137695,-0.28896222,-0.91765606,-0.27277857
1356443184285,-0.2939028,0.31252322,-0.9032997,0.9072064,-0.20638728,-0.3665797,-0.30099428,-0.92721814,-0.22286528
1356443184325,-0.24686575,0.24751353,-0.9369069,0.916963,-0.25304395,-0.30846027,-0.31342667,-0.9352572,-0.1644929
1356443184365,-0.20893943,0.18045428,-0.961135,0.92322564,-0.28770548,-0.25471547,-0.32248834,-0.94056463,-0.106486976
1356443184405,-0.19299102,0.122495204,-0.9735243,0.92547965,-0.30686897,-0.22207889,-0.32594794,-0.943836,-0.054143846
1356443184445,-0.20351785,0.07949978,-0.9758382,0.9241497,-0.3135298,-0.21828055,-0.3233076,-0.9462446,-0.009660721
1356443184485,-0.23593229,0.05139935,-0.97040915,0.91916245,-0.31230336,-0.24001452,-0.31539866,-0.9485909,0.026438147
1356443184525,-0.28330815,0.03628838,-0.9583421,0.90973693,-0.30607522,-0.2805291,-0.3035047,-0.9513154,0.053700715
1356443184565,-0.33858877,0.03186336,-0.94039476,0.89563286,-0.2954598,-0.3324833,-0.28844288,-0.9548236,0.07150152
1356443184604,-0.39612377,0.036085606,-0.9174877,0.87728465,-0.28007454,-0.38978177,-0.2710305,-0.95929974,0.07928687
1356443184645,-0.45231998,0.047634184,-0.8905827,0.85482836,-0.2615878,-0.44815204,-0.25431296,-0.96400344,0.077602446
1356443184685,-0.5054111,0.066201776,-0.8603353,0.8276129,-0.24494004,-0.5050359,-0.24416488,-0.9672754,0.069006026
1356443184724,-0.55429876,0.09182823,-0.8272366,0.79540247,-0.23427212,-0.55897355,-0.24512798,-0.96782446,0.05681634
1356443184765,-0.5966332,0.12263417,-0.79308873,0.7606415,-0.22863626,-0.6075771,-0.25583857,-0.9657569,0.04313135
1356443184805,-0.6292079,0.15418074,-0.76179105,0.72853947,-0.22448218,-0.6471769,-0.27079076,-0.9622037,0.02891928
1356443184866,-0.65023845,0.18225816,-0.7375446,0.7040572,-0.22021973,-0.6751346,-0.28547066,-0.95827204,0.014875114
1356443184885,-0.6599694,0.20535968,-0.722681,0.68948287,-0.21652442,-0.6911806,-0.2984187,-0.95443416,0.0013074875
1356443184925,-0.65977085,0.2246436,-0.71710366,0.68442076,-0.21437693,-0.69685775,-0.31027514,-0.95056707,-0.012311101
1356443184965,-0.65138495,0.24275096,-0.7188669,0.68690234,-0.21375585,-0.6946032,-0.3222776,-0.94624543,-0.027508855
1356443185004,-0.63918734,0.26431713,-0.7222023,0.6924366,-0.21080464,-0.689995,-0.33462107,-0.9411153,-0.048279226
1356443185045,-0.6314687,0.29471412,-0.7172105,0.694999,-0.19503134,-0.69205433,-0.34383672,-0.93547124,-0.08166981
1356443185085,-0.63861614,0.33506733,-0.69274765,0.688654,-0.15288413,-0.7087892,-0.3434022,-0.92970765,-0.13311118
1356443185124,-0.66058,0.37496722,-0.6504104,0.67378247,-0.08601582,-0.7339063,-0.33113644,-0.9230389,-0.195826
1356443185165,-0.6847974,0.40087774,-0.6085635,0.6574117,-0.020476758,-0.75325334,-0.31442392,-0.91590273,-0.24951929
1356443185205,-0.70076686,0.4093085,-0.584288,0.6457897,0.015959978,-0.7633486,-0.30311978,-0.9122565,-0.27551144
1356443185245,-0.7044383,0.40315574,-0.5841507,0.642976,0.01393497,-0.7657595,-0.30058023,-0.9150253,-0.26903582
1356443185285,-0.6928221,0.38417625,-0.61025083,0.6536988,-0.022661805,-0.7564154,-0.3044262,-0.92298156,-0.23543489
1356443185324,-0.6649276,0.3520099,-0.6587567,0.67949545,-0.08107948,-0.7291859,-0.31009227,-0.932478,-0.1852771
1356443185364,-0.62509435,0.30712387,-0.71758765,0.7149049,-0.14375639,-0.6842844,-0.31331784,-0.9407492,-0.1297031
1356443185404,-0.58886945,0.25621796,-0.76654106,0.74577165,-0.19332659,-0.63753384,-0.31154042,-0.9470888,-0.07723594
1356443185445,-0.57401,0.21021926,-0.7914041,0.760099,-0.22269136,-0.61045736,-0.30456877,-0.95195407,-0.031960428
1356443185485,-0.5835927,0.17477569,-0.79301506,0.7569536,-0.23648846,-0.6091752,-0.29400796,-0.9557859,0.0057159066
1356443185524,-0.6097316,0.14961606,-0.77835876,0.7407669,-0.24175292,-0.6267535,-0.2819429,-0.95873386,0.036573768
1356443185565,-0.6429299,0.13236895,-0.7544001,0.71694195,-0.24257272,-0.6535691,-0.26950914,-0.9610603,0.061056435
1356443185606,-0.6762241,0.12040305,-0.72679037,0.69061863,-0.23982155,-0.6822988,-0.25645077,-0.9633218,0.07902038
1356443185645,-0.70609295,0.111934125,-0.69921637,0.6654728,-0.23260444,-0.709254,-0.24203053,-0.9661087,0.089751184
1356443185685,-0.73301375,0.10774037,-0.671627,0.6411669,-0.22028041,-0.7351064,-0.22714688,-0.9694682,0.09238899
1356443185725,-0.7592189,0.1108357,-0.64132833,0.6140288,-0.2046988,-0.7622775,-0.21576671,-0.97252953,0.08735496
1356443185782,-0.7859418,0.12435202,-0.60566664,0.5803775,-0.18940955,-0.7920138,-0.21320754,-0.97399205,0.07669377
1356443185803,-0.81042975,0.14700292,-0.5670923,0.5426186,-0.17654061,-0.82121766,-0.22083625,-0.9732541,0.063307345
1356443185862,-0.82902825,0.17420307,-0.53138065,0.50735486,-0.16529906,-0.8457348,-0.23516634,-0.97073656,0.048654795
1356443185872,-0.83734006,0.19647074,-0.5101576,0.4868555,-0.15647125,-0.8593535,-0.24866283,-0.9679442,0.035366833
1356443185900,-0.8402975,0.21492524,-0.49770197,0.4754864,-0.14880109,-0.86704725,-0.2604089,-0.96522814,0.022843063
1356443185930,-0.8382894,0.22981673,-0.49442393,0.47359163,-0.14239687,-0.8691571,-0.27015132,-0.9627602,0.010530531
1356443185974,-0.832739,0.24380758,-0.49709514,0.4785324,-0.1346513,-0.8676842,-0.27848247,-0.96043056,-0.0045404434
1356443186013,-0.8191392,0.25690296,-0.51284677,0.49710283,-0.12813288,-0.85817873,-0.28618124,-0.9579054,-0.02274847
1356443186054,-0.7998558,0.27213922,-0.53494936,0.5234457,-0.119791985,-0.8435961,-0.29365826,-0.95477223,-0.04663372
1356443186093,-0.7767117,0.2913428,-0.55842483,0.55475813,-0.103405714,-0.82556087,-0.29826552,-0.9510135,-0.081308365
1356443186135,-0.75477076,0.31536555,-0.5752092,0.58658403,-0.06807965,-0.80702186,-0.29366696,-0.9465251,-0.13360387
1356443186175,-0.738901,0.34173512,-0.5807258,0.6152443,-0.009278953,-0.78828186,-0.27477214,-0.9397505,-0.20339435
1356443186215,-0.72865295,0.36482078,-0.5796297,0.63868386,0.056385994,-0.7674005,-0.24728064,-0.92936885,-0.274091
1356443186255,-0.71915615,0.3805117,-0.58139944,0.6576907,0.10280597,-0.74623984,-0.22418164,-0.91904396,-0.32419252
1356443186295,-0.7041766,0.38761416,-0.594887,0.6768408,0.11330968,-0.72735655,-0.21452722,-0.9148313,-0.34214306
1356443186335,-0.67353123,0.3853659,-0.63075244,0.706196,0.083501816,-0.70307505,-0.21827225,-0.918978,-0.32838494
1356443186375,-0.60720605,0.3691533,-0.70358133,0.76035225,0.012997806,-0.6493809,-0.2305761,-0.92927766,-0.28857887
1356443186415,-0.4717033,0.325069,-0.81965005,0.8469761,-0.091465116,-0.5237038,-0.24520922,-0.94125676,-0.23218131
1356443186455,-0.24025488,0.23220369,-0.942528,0.9358816,-0.2023474,-0.2884115,-0.25768825,-0.9513869,-0.16870022
1356443186495,0.015788555,0.105960965,-0.99424493,0.9638897,-0.2659822,-0.013040334,-0.26583326,-0.95813656,-0.10633415
1356443186534,0.18084294,3.38763E-4,-0.9835119,0.945858,-0.27411246,0.17382497,-0.26953396,-0.96169764,-0.04989177
1356443186575,0.24943817,-0.06959638,-0.96588665,0.929958,-0.2609892,0.25896505,-0.270109,-0.9628297,-3.7899613E-4
1356443186615,0.25885046,-0.11464292,-0.9590899,0.9275091,-0.24771363,0.27993703,-0.26967248,-0.9620265,0.042211607
1356443186655,0.23502654,-0.14345741,-0.9613442,0.9338399,-0.24104577,0.2642727,-0.2696398,-0.9598526,0.07731411
1356443186696,0.18739414,-0.15762511,-0.9695555,0.9446522,-0.2416727,0.22187072,-0.2692875,-0.9574699,0.103612855
1356443186735,0.115112066,-0.15451044,-0.9812623,0.95714396,-0.24702305,0.15117922,-0.26575312,-0.9566119,0.11945337
1356443186773,0.021089673,-0.13364697,-0.99080455,0.96630204,-0.25157475,0.054502398,-0.2565455,-0.95856595,0.12383771
1356443186813,-0.08169454,-0.10006732,-0.99162114,0.9665974,-0.2504689,-0.05435741,-0.24293086,-0.96293914,0.117186785
1356443186868,-0.17702001,-0.061439097,-0.98228776,0.95673484,-0.24490613,-0.15709698,-0.23091641,-0.9675982,0.10213423
1356443186895,-0.25550318,-0.02230367,-0.96655095,0.9400047,-0.23950386,-0.24295908,-0.22607386,-0.97063917,0.08215955
1356443186935,-0.31279516,0.015425622,-0.94969535,0.92193425,-0.235573,-0.30747798,-0.22846556,-0.9717343,0.059464633
1356443186975,-0.34103405,0.04750213,-0.9388499,0.9104787,-0.23184168,-0.34245867,-0.23393214,-0.97159296,0.03581631
1356443187015,-0.33210886,0.06936595,-0.94068706,0.9124304,-0.2291882,-0.33903316,-0.23911169,-0.97090745,0.01282382
1356443187055,-0.27772093,0.0780808,-0.9574834,0.9293417,-0.23058897,-0.28836238,-0.24330068,-0.9699135,-0.008524358
1356443187095,-0.16793281,0.07173902,-0.98318464,0.95419973,-0.23866296,-0.18039632,-0.2475912,-0.968449,-0.028374016
1356443187135,0.006027043,0.048043042,-0.9988271,0.9672694,-0.2536717,-0.006364852,-0.25368002,-0.9660965,-0.04799947
1356443187175,0.23031902,0.0086371,-0.9730768,0.93701303,-0.27181453,0.2193704,-0.2626017,-0.9623109,-0.07069713
1356443187215,0.44764534,-0.031363666,-0.893661,0.8517221,-0.2894456,0.4367959,-0.2723658,-0.9566805,-0.10285583
1356443187255,0.5931699,-0.04506302,-0.8038151,0.7560252,-0.3120038,0.57539505,-0.27672243,-0.9490115,-0.15100247
1356443187295,0.65623224,-0.017186165,-0.7543632,0.7046461,-0.34361005,0.62081075,-0.2698761,-0.9389552,-0.21337783
1356443187334,0.6726026,0.033305883,-0.739254,0.69469947,-0.37259215,0.61527854,-0.25494784,-0.9273973,-0.27374402
1356443187375,0.6880538,0.06402296,-0.72282994,0.68408215,-0.38955683,0.6166662,-0.24210252,-0.9187745,-0.31183302
1356443187415,0.7259804,0.048211604,-0.68602335,0.64495647,-0.39398527,0.6548335,-0.23871252,-0.9178515,-0.31711996
1356443187455,0.7756726,-0.007107973,-0.63109547,0.5817069,-0.37986755,0.71924806,-0.24484509,-0.92501354,-0.2905181
1356443187495,0.81631,-0.07731123,-0.5724168,0.5174862,-0.34236622,0.7842151,-0.2566048,-0.9363804,-0.23946947
1356443187535,0.8387299,-0.14139147,-0.5258713,0.4733069,-0.28826046,0.832398,-0.26928186,-0.94705564,-0.17485112
1356443187575,0.84424436,-0.19004868,-0.50113165,0.45771635,-0.2307805,0.8586245,-0.27883187,-0.95426506,-0.10784674
1356443187615,0.8362436,-0.22219804,-0.5013229,0.47001645,-0.18047056,0.86401093,-0.2824556,-0.9581536,-0.046480596
1356443187655,0.8165319,-0.24041262,-0.5248595,0.50537443,-0.14179845,0.85116976,-0.2790562,-0.9602578,0.00571543
1356443187695,0.78537905,-0.24845745,-0.5669644,0.5572091,-0.11518854,0.82234395,-0.2696253,-0.96176946,0.047976077
1356443187735,0.7424738,-0.24938892,-0.6217217,0.61890066,-0.09973578,0.77911144,-0.2563097,-0.9632538,0.08029577
1356443187775,0.68649524,-0.2441109,-0.68493366,0.6860982,-0.094506025,0.7213444,-0.24081844,-0.9651312,0.10260612
1356443187815,0.6150561,-0.23158222,-0.7537079,0.75615233,-0.09768134,0.6470641,-0.22347179,-0.9678987,0.11503196
1356443187867,0.52650344,-0.21083659,-0.8236153,0.8252229,-0.106235564,0.5547263,-0.20445383,-0.9717315,0.118053734
1356443187895,0.42355594,-0.18302158,-0.88718855,0.8865316,-0.11753705,0.44748947,-0.18617776,-0.9760574,0.11247088
1356443187936,0.31478333,-0.15209392,-0.93689847,0.932976,-0.13194025,0.3348843,-0.17454848,-0.97951984,0.10036743
1356443187975,0.20988035,-0.121310085,-0.97017217,0.9619694,-0.15180856,0.22708786,-0.17482856,-0.98093724,0.08483499
1356443188015,0.11458218,-0.09036034,-0.9892957,0.97576565,-0.17664075,0.12914908,-0.18641987,-0.9801189,0.06793058
1356443188055,0.0340181,-0.058596373,-0.997702,0.9784336,-0.20155603,0.04519874,-0.20374131,-0.9777227,0.050476074
1356443188095,-0.02310884,-0.028713912,-0.9993205,0.97492146,-0.22196108,-0.016166896,-0.22134599,-0.9746326,0.033123076
1356443188134,-0.04765606,-0.005343169,-0.9988495,0.970407,-0.2372396,-0.045029998,-0.23672605,-0.9714365,0.016490906
1356443188175,-0.07896465,0.019806474,-0.9966806,0.965083,-0.24897271,-0.08140889,-0.24975872,-0.968308,5.451739E-4
1356443188215,0.03720367,0.0063281357,-0.99928766,0.96447647,-0.26193935,0.03424886,-0.26153606,-0.9650636,-0.015848458
1356443188255,0.14930683,-0.0057753623,-0.98877406,0.9503417,-0.27530563,0.14511153,-0.27305317,-0.96133935,-0.035616368
1356443188294,0.2550222,-0.010719061,-0.9668758,0.9246105,-0.2899014,0.24708828,-0.2829472,-0.95699644,-0.064020336
1356443188334,0.3297452,0.0074976087,-0.9440402,0.8996266,-0.30569622,0.31180406,-0.28625175,-0.95209956,-0.107546926
1356443188374,0.35546163,0.058350742,-0.93286777,0.89220196,-0.3186762,0.32003307,-0.27860856,-0.9460659,-0.16533782
1356443188415,0.34097987,0.12625119,-0.9315543,0.9024433,-0.32151252,0.28675047,-0.2633038,-0.93845105,-0.22356382
1356443188455,0.3209928,0.17608964,-0.9305676,0.91345537,-0.31705913,0.2550935,-0.25012568,-0.93191516,-0.2626237
1356443188495,0.322219,0.18692955,-0.92802596,0.9144591,-0.31498778,0.25406143,-0.24482521,-0.9305053,-0.27243447
1356443188535,0.34689397,0.1599293,-0.92416835,0.9050344,-0.31565517,0.28508702,-0.24612471,-0.93529916,-0.25424042
1356443188575,0.38070405,0.108852535,-0.9182676,0.8904314,-0.31098044,0.33229944,-0.24939165,-0.94416213,-0.21531722
1356443188615,0.40357938,0.052870423,-0.9134158,0.88001096,-0.2956601,0.37170646,-0.25040832,-0.95382893,-0.16584887
1356443188655,0.40387303,0.0057661533,-0.9147968,0.8806788,-0.27306938,0.387089,-0.24757108,-0.961977,-0.115363434
1356443188695,0.3813634,-0.028615713,-0.9239822,0.8922747,-0.24991524,0.37601632,-0.24167722,-0.9678448,-0.06977545
1356443188734,0.3423713,-0.05264464,-0.93808866,0.9098853,-0.2303882,0.3450072,-0.23428735,-0.9716737,-0.030977711
1356443188775,0.29448122,-0.06966445,-0.95311475,0.9285401,-0.21504122,0.30260614,-0.22603986,-0.97411716,0.0013606399
1356443188815,0.24106187,-0.080577075,-0.9671589,0.9461141,-0.2025243,0.2526894,-0.21623418,-0.97595656,0.027414232
1356443188868,0.18357253,-0.08521801,-0.9793053,0.96173257,-0.1905675,0.19686139,-0.20339996,-0.9779682,0.046974063
1356443188896,0.123729646,-0.08392739,-0.9887604,0.974645,-0.17692727,0.1369811,-0.18643516,-0.980639,0.05990827
1356443188935,0.06338453,-0.07796419,-0.9949392,0.9838104,-0.1625722,0.07541484,-0.16762903,-0.98361164,0.06639737
1356443188975,0.0059174895,-0.069509566,-0.9975637,0.9880133,-0.15347832,0.01655513,-0.15425512,-0.98570424,0.06776819
1356443189015,-0.04540378,-0.059868813,-0.9971731,0.98701394,-0.15665466,-0.035535842,-0.15408432,-0.9858372,0.0662041
1356443189057,-0.08920103,-0.0480738,-0.9948528,0.9814224,-0.17458564,-0.0795604,-0.16986227,-0.9834677,0.062753946
1356443189096,-0.12122816,-0.03424266,-0.99203384,0.9734361,-0.19965965,-0.112063706,-0.19423172,-0.9792668,0.057537407
1356443189135,-0.13643622,-0.020055056,-0.99044585,0.96566117,-0.22583026,-0.12844935,-0.22109652,-0.9739603,0.050177753
1356443189177,-0.12378532,-0.010888547,-0.99224925,0.9613985,-0.24894994,-0.117204726,-0.2457442,-0.96845514,0.04128456
1356443189217,-0.07667279,-0.010807097,-0.9969977,0.9605345,-0.26895916,-0.07095322,-0.2673849,-0.9630909,0.031002432
1356443189256,0.012566507,-0.023807108,-0.9996376,0.95793253,-0.28637314,0.018862456,-0.28671837,-0.95782244,0.019206822
1356443189297,0.12874812,-0.043831468,-0.99070823,0.9435403,-0.30206054,0.13598233,-0.30521417,-0.9522806,0.0024670064
1356443189336,0.25984365,-0.06376535,-0.96354306,0.9106604,-0.31573337,0.26647714,-0.32121468,-0.94670296,-0.023972735
1356443189376,0.35521135,-0.05515805,-0.9331573,0.8750088,-0.33162794,0.35267907,-0.32891408,-0.9417965,-0.06953424
1356443189415,0.39395106,-0.0023392737,-0.9191284,0.860922,-0.34927547,0.36989188,-0.32189426,-0.9370172,-0.13558353
1356443189455,0.3868417,0.0789344,-0.91876155,0.8715267,-0.35685718,0.33629465,-0.30132145,-0.9308181,-0.20684068
1356443189495,0.3758623,0.14269969,-0.91562235,0.8841233,-0.3511979,0.30819783,-0.2775849,-0.92536306,-0.2581662
1356443189535,0.39038607,0.15994969,-0.9066503,0.8833196,-0.34266308,0.3198883,-0.25950953,-0.925742,-0.27505758
1356443189575,0.42745325,0.13310876,-0.89418435,0.86903906,-0.3330483,0.36585504,-0.24910805,-0.9334671,-0.2580393
1356443189615,0.46688157,0.08134073,-0.880571,0.84997,-0.3161093,0.42145693,-0.24407506,-0.9452294,-0.2167228
1356443189654,0.49264708,0.024104714,-0.8698953,0.8361434,-0.29013923,0.46549267,-0.24117023,-0.95668083,-0.16309123
1356443189695,0.49829337,-0.026155144,-0.86661386,0.83370984,-0.25989756,0.48721784,-0.23797405,-0.9652819,-0.10769944
1356443189734,0.48462775,-0.0649029,-0.8723093,0.84295624,-0.23164752,0.48555547,-0.23358229,-0.97063226,-0.0575525
1356443189775,0.45896235,-0.09498593,-0.8833636,0.858649,-0.20795646,0.4684826,-0.22820047,-0.97351515,-0.013884604
1356443189815,0.42641014,-0.119232506,-0.896637,0.87665284,-0.18972588,0.44213554,-0.22283226,-0.9745704,0.023624495
1356443189869,0.3918381,-0.13932532,-0.9094236,0.89383274,-0.17657146,0.4121716,-0.21800423,-0.97437716,0.05534616
1356443189895,0.3558437,-0.1538459,-0.92179537,0.9100255,-0.16741893,0.37924206,-0.21267083,-0.97380817,0.080428734
1356443189935,0.31751022,-0.16032463,-0.9346032,0.92599195,-0.15989318,0.34201327,-0.20426986,-0.9740279,0.09769164
1356443189975,0.27600494,-0.1577394,-0.94812423,0.94187546,-0.15220287,0.29950792,-0.19155139,-0.97568065,0.10656209
1356443190015,0.23236787,-0.14749509,-0.9613794,0.9563138,-0.14563179,0.25348628,-0.17739537,-0.97828245,0.10721144
1356443190055,0.18950897,-0.13354805,-0.9727545,0.9672164,-0.14518243,0.20836192,-0.16905317,-0.98035043,0.10165644
1356443190095,0.15097815,-0.11916539,-0.98132837,0.97350156,-0.15455818,0.16854244,-0.17175665,-0.9807709,0.092672735
1356443190135,0.1194253,-0.10545629,-0.9872267,0.9755735,-0.17218888,0.13640895,-0.18437466,-0.9794029,0.08231664
1356443190175,0.09744066,-0.09240779,-0.99094206,0.9746336,-0.19271016,0.11380777,-0.20148128,-0.97689486,0.0712859
1356443190215,0.08810067,-0.08030248,-0.99286956,0.9719057,-0.21146995,0.10334402,-0.21826082,-0.97408015,0.059415728
1356443190255,0.094162285,-0.06978214,-0.99310815,0.9680288,-0.22653997,0.10770249,-0.23249444,-0.97149885,0.046219647
1356443190295,0.1164701,-0.061011165,-0.9913186,0.9627714,-0.23821092,0.12777692,-0.24393865,-0.9692953,0.03099525
1356443190335,0.15338612,-0.053394347,-0.98672277,0.9551337,-0.24801093,0.1618962,-0.25336236,-0.9672847,0.012957305
1356443190375,0.19985777,-0.04472485,-0.97880363,0.94423926,-0.25798422,0.20458835,-0.2616661,-0.96511334,-0.0093292
1356443190416,0.24658039,-0.02882582,-0.9686936,0.9313837,-0.26917234,0.24509308,-0.2678105,-0.96266055,-0.039524764
1356443190455,0.28129458,0.0044265985,-0.9596113,0.9217852,-0.27927613,0.2689182,-0.26680613,-0.96020067,-0.08263925
1356443190495,0.29345897,0.061044723,-0.95402074,0.9219301,-0.2820144,0.26554266,-0.25283757,-0.95746624,-0.13903865
1356443190535,0.2841415,0.12900972,-0.9500632,0.9314014,-0.27226058,0.24158975,-0.22749737,-0.9535358,-0.19752035
1356443190574,0.2669739,0.18288085,-0.9461921,0.9425006,-0.2543705,0.21676743,-0.2010408,-0.9496579,-0.24027559
1356443190615,0.2565954,0.2045758,-0.94462025,0.9491005,-0.23804489,0.20625916,-0.18266639,-0.9494648,-0.25524423
1356443190655,0.2573789,0.19253048,-0.9469362,0.950331,-0.22790906,0.21196327,-0.17500597,-0.95445764,-0.24162668
1356443190695,0.26773915,0.15345499,-0.95119256,0.94729614,-0.22217503,0.23079911,-0.17591399,-0.9628551,-0.20485222
1356443190734,0.2812195,0.09878716,-0.95454526,0.9423002,-0.21667853,0.2551877,-0.18162021,-0.971232,-0.15402144
1356443190775,0.29196405,0.039367765,-0.95561874,0.9375906,-0.20911235,0.27784142,-0.18889368,-0.9770988,-0.09796411
1356443190815,0.29364768,-0.01428622,-0.955807,0.9357921,-0.1997793,0.29048464,-0.19510043,-0.9797367,-0.045295775
1356443190868,0.2851385,-0.057320982,-0.9567708,0.93767893,-0.19018096,0.29084265,-0.19863093,-0.9800743,-4.7928095E-4
1356443190895,0.2677788,-0.088789165,-0.9593805,0.9427889,-0.18110776,0.2799091,-0.19860408,-0.979447,0.035212576
1356443190952,0.24374816,-0.10937086,-0.96365184,0.9501164,-0.17243394,0.25989503,-0.19459122,-0.9789303,0.061884582
1356443190964,0.21715277,-0.122398496,-0.96843344,0.957788,-0.16474432,0.23558745,-0.18837947,-0.9787123,0.08145714
1356443191005,0.18962109,-0.12669829,-0.97364855,0.9657314,-0.15491885,0.20823842,-0.17721987,-0.9797693,0.092980534
1356443191045,0.1605655,-0.124044865,-0.97919947,0.97350895,-0.14371467,0.17783818,-0.16278523,-0.98181415,0.09768319
1356443191085,0.13125098,-0.115998894,-0.9845392,0.9801903,-0.13340616,0.14638925,-0.14832455,-0.9842495,0.09619132
1356443191125,0.10258454,-0.10406518,-0.98926586,0.9849371,-0.12853974,0.1156573,-0.13919586,-0.9862292,0.08931145
1356443191165,0.0762369,-0.09024742,-0.99299717,0.9871464,-0.13346446,0.08791751,-0.14046407,-0.98693603,0.07891244
1356443191205,0.05444336,-0.076135844,-0.99561006,0.9867809,-0.14832085,0.06530294,-0.1526416,-0.98600423,0.06705421
1356443191244,0.039771676,-0.062414706,-0.9972576,0.98446685,-0.16836011,0.049798638,-0.17100659,-0.9837476,0.05474925
1356443191285,0.035073042,-0.049378544,-0.9981641,0.9810965,-0.18849784,0.04379818,-0.19031447,-0.9808314,0.041833937
1356443191325,0.04461646,-0.038304925,-0.99826956,0.9773228,-0.20538175,0.051561058,-0.20700142,-0.97793204,0.028272867
1356443191365,0.070842266,-0.030162752,-0.9970314,0.9728783,-0.21856713,0.07573828,-0.22020274,-0.9753556,0.013860911
1356443191404,0.11433655,-0.025250167,-0.99312115,0.9663143,-0.22919315,0.11707756,-0.23057282,-0.97305334,-0.0018055439
1356443191445,0.17132378,-0.021861672,-0.98497224,0.9556945,-0.2392109,0.17154062,-0.2393662,-0.9707215,-0.020089447
1356443191485,0.2353873,-0.016086131,-0.9717685,0.94003665,-0.25016078,0.23184201,-0.24682781,-0.9680706,-0.0437631
1356443191525,0.2924123,0.001631707,-0.95629096,0.9230734,-0.26176223,0.2818085,-0.24986097,-0.96513104,-0.078048706
1356443191565,0.32834408,0.041262478,-0.94365644,0.9128319,-0.27061602,0.30578563,-0.24275109,-0.9618026,-0.12652084
1356443191605,0.3382439,0.100533664,-0.935673,0.914074,-0.27149212,0.30126533,-0.22374055,-0.9571755,-0.18372577
1356443191646,0.3321429,0.1593245,-0.9296756,0.9218409,-0.26353532,0.28418005,-0.19972551,-0.9514015,-0.23440325
1356443191685,0.3263221,0.19565701,-0.9247877,0.92792225,-0.25281933,0.2739393,-0.180206,-0.94752353,-0.2640551
1356443191725,0.3311511,0.20017424,-0.9221004,0.92821455,-0.24473539,0.28021845,-0.1695781,-0.9487016,-0.266849
1356443191763,0.34807983,0.17505446,-0.9209758,0.9224874,-0.23886713,0.30324847,-0.16690588,-0.95514315,-0.24463034
1356443191803,0.37442246,0.1267457,-0.918555,0.91166055,-0.23125026,0.33970332,-0.16936013,-0.96460295,-0.20213437
1356443191869,0.40284008,0.065981686,-0.912889,0.89857846,-0.2181263,0.38075948,-0.17400193,-0.9736875,-0.14715976
1356443191885,0.42527053,0.0047848225,-0.9050537,0.8872742,-0.19950876,0.4158615,-0.17857629,-0.9798844,-0.08909066
1356443191925,0.43653002,-0.04802659,-0.898407,0.8812139,-0.17850646,0.43771863,-0.18139353,-0.98276603,-0.03560175
1356443191965,0.4348215,-0.08837029,-0.89617014,0.8820766,-0.15856457,0.4436192,-0.18130362,-0.983386,0.009002104
1356443192005,0.4219791,-0.1166102,-0.8990749,0.8889655,-0.14145532,0.43558106,-0.17797208,-0.9830526,0.043971226
1356443192045,0.4001043,-0.13454854,-0.9065392,0.9001492,-0.12814954,0.41630405,-0.17218566,-0.9825856,0.06984058
1356443192085,0.37183556,-0.14411476,-0.9170438,0.9135423,-0.118632585,0.38905904,-0.1648604,-0.98242414,0.0875431
1356443192125,0.33901396,-0.14675567,-0.9292644,0.92770886,-0.11194232,0.35612515,-0.15628743,-0.98281825,0.09819654
1356443192165,0.30287474,-0.14348751,-0.9421668,0.94171685,-0.10681683,0.3189978,-0.14641145,-0.9838707,0.10277246
1356443192205,0.2645801,-0.13533351,-0.9548205,0.9546261,-0.10359207,0.27920908,-0.13669816,-0.98536974,0.10178447
1356443192263,0.2262854,-0.12419614,-0.96611094,0.9651481,-0.10528064,0.23959395,-0.13146934,-0.98665667,0.09604409
1356443192283,0.19098133,-0.112339795,-0.975144,0.972182,-0.11559117,0.20371768,-0.13560364,-0.9869237,0.08713895
1356443192324,0.16140181,-0.10102779,-0.98170406,0.975462,-0.13460535,0.17422783,-0.14974445,-0.98573565,0.076823205
1356443192364,0.1399898,-0.09019652,-0.9860363,0.9755542,-0.1578111,0.15293723,-0.16940188,-0.9833414,0.06589961
1356443192390,0.13060606,-0.08101514,-0.98811877,0.9735335,-0.17805713,0.14327696,-0.1875492,-0.9806795,0.055615574
1356443192430,0.12882102,-0.071247905,-0.9891051,0.9703392,-0.19669491,0.14054537,-0.2045655,-0.9778726,0.043796122
1356443192474,0.145971,-0.06348473,-0.9872498,0.96475273,-0.2117421,0.15626061,-0.21896249,-0.97526145,0.030338854
1356443192513,0.18197006,-0.05838862,-0.981569,0.9558971,-0.22353429,0.1905078,-0.23053783,-0.9729457,0.015136957
1356443192553,0.23196808,-0.054582715,-0.9711908,0.94269574,-0.23354617,0.2382878,-0.23982427,-0.97081256,-0.0027203858
1356443192593,0.28820893,-0.0477553,-0.956376,0.9252814,-0.24327269,0.29098597,-0.24655622,-0.9687817,-0.025926337
1356443192633,0.33632272,-0.027408332,-0.94134784,0.9086962,-0.2530434,0.3320246,-0.24730214,-0.96706665,-0.06019838
1356443192673,0.36150348,0.018183291,-0.9321934,0.90200734,-0.2598949,0.34472787,-0.23600408,-0.96546566,-0.11035435
1356443192713,0.35838908,0.08820939,-0.9293957,0.90953594,-0.25743812,0.3262973,-0.21047938,-0.96226025,-0.17249262
1356443192753,0.33796433,0.161654,-0.92717206,0.92413616,-0.24351785,0.29439998,-0.17819205,-0.95632994,-0.23169062
1356443192793,0.3191495,0.21309978,-0.9234349,0.935579,-0.226215,0.2711433,-0.15111428,-0.95048153,-0.27156806
1356443192835,0.31421548,0.23073089,-0.9208865,0.93957806,-0.21441239,0.26687157,-0.13587394,-0.9490999,-0.28416136
1356443192875,0.3290339,0.21115488,-0.9204077,0.93487555,-0.2103293,0.2859535,-0.13320822,-0.95455503,-0.266609
1356443192913,0.34924316,0.16989183,-0.921502,0.9268247,-0.20739192,0.31302485,-0.13793167,-0.9633926,-0.22989017
1356443192953,0.37789533,0.10898349,-0.9194116,0.913954,-0.20257768,0.35163936,-0.14792937,-0.9731828,-0.17615908
1356443192993,0.40330034,0.04074636,-0.91416,0.90094364,-0.1925264,0.3888883,-0.1601542,-0.98044544,-0.11435616
1356443193035,0.41766176,-0.023166656,-0.9083072,0.8922686,-0.17824265,0.41483298,-0.17150936,-0.98371387,-0.053774297
1356443193075,0.41741595,-0.07539171,-0.90558267,0.89089626,-0.16243228,0.42416924,-0.17907473,-0.9838353,-6.3559413E-4
1356443193115,0.40281087,-0.11360884,-0.90820503,0.8971381,-0.14759219,0.41636494,-0.18134674,-0.98250175,0.042471096
1356443193155,0.37723324,-0.13895369,-0.91563475,0.9087632,-0.13496646,0.39488426,-0.17845061,-0.9810586,0.07536216
1356443193195,0.3433597,-0.1530694,-0.9266465,0.923352,-0.12548995,0.36286816,-0.17182884,-0.9802152,0.09824875
1356443193235,0.30387393,-0.15700537,-0.9396861,0.9387792,-0.11872259,0.32341716,-0.16234022,-0.9804357,0.111316636
1356443193275,0.26046607,-0.15190724,-0.9534577,0.95364213,-0.113711506,0.2786333,-0.15074551,-0.98183197,0.11524716
1356443193315,0.21508837,-0.13924688,-0.9666164,0.9666732,-0.1103704,0.23100051,-0.13885197,-0.9840877,0.110866904
1356443193355,0.1706146,-0.12188202,-0.9777707,0.97659415,-0.11098659,0.18424413,-0.13097551,-0.9863198,0.100093365
1356443193395,0.130516,-0.10303086,-0.9860782,0.98260134,-0.11911309,0.14250135,-0.13213688,-0.98752046,0.08569211
1356443193435,0.0982942,-0.08534017,-0.99149144,0.9848279,-0.1348362,0.10923925,-0.14301148,-0.98718596,0.07079181
1356443193475,0.07656056,-0.06954527,-0.99463665,0.98419416,-0.1544975,0.086559296,-0.15968862,-0.98554254,0.056617558
1356443193515,0.06821251,-0.05608353,-0.9960932,0.9818026,-0.17358994,0.07700762,-0.17723066,-0.98321974,0.04322195
1356443193555,0.07626045,-0.04578963,-0.99603593,0.9782535,-0.18980783,0.08362478,-0.1928846,-0.9807529,0.030319035
1356443193595,0.102473795,-0.039224386,-0.9939621,0.9731686,-0.20299059,0.10834062,-0.20601457,-0.97839475,0.0173707
1356443193635,0.14617789,-0.036116898,-0.9885989,0.9651461,-0.21408731,0.15053144,-0.21708316,-0.9761467,0.0035631955
1356443193675,0.20325446,-0.034805596,-0.9785071,0.95247626,-0.22454637,0.20583448,-0.22688442,-0.97384155,-0.012488544
1356443193715,0.2651984,-0.030408025,-0.96371424,0.935094,-0.23559159,0.26475617,-0.23509368,-0.9713763,-0.034044176
1356443193754,0.31929246,-0.013485074,-0.9475603,0.91720396,-0.24704465,0.31257933,-0.23830485,-0.9689103,-0.066510916
1356443193795,0.35121042,0.027637392,-0.9358886,0.90748215,-0.25611663,0.33298713,-0.23049372,-0.9662507,-0.11503127
1356443193835,0.35788962,0.08997464,-0.9294189,0.9097073,-0.25807396,0.32531586,-0.21058866,-0.96192646,-0.17421257
1356443193873,0.34791315,0.15417102,-0.9247636,0.91899276,-0.25124466,0.30385602,-0.18549615,-0.9555665,-0.22909331
1356443193912,0.33748293,0.1953735,-0.9208336,0.9264735,-0.24205726,0.2881926,-0.16658929,-0.95038795,-0.26269856
1356443193953,0.33914593,0.20211717,-0.91876477,0.92741954,-0.23556682,0.29051888,-0.15771168,-0.95060873,-0.26733896
1356443193993,0.35188526,0.17708492,-0.9191397,0.92275536,-0.23049247,0.30886194,-0.15715998,-0.956825,-0.24451298
1356443194033,0.3707176,0.12894136,-0.9197514,0.9145512,-0.2231597,0.33733654,-0.16175476,-0.9662163,-0.20065272
1356443194073,0.38791916,0.06997427,-0.91903335,0.90612674,-0.21143648,0.3663728,-0.16868049,-0.9748837,-0.14542586
1356443194115,0.39703122,0.01202637,-0.9177263,0.9008724,-0.196291,0.3871675,-0.17548522,-0.9804719,-0.08876784
1356443194155,0.3953525,-0.03734073,-0.91777015,0.90074766,-0.17989138,0.3953387,-0.17986119,-0.98297745,-0.037485912
1356443194195,0.3833702,-0.07513529,-0.92053354,0.9058613,-0.16378346,0.390628,-0.18011811,-0.9836309,0.005272463
1356443194235,0.3642203,-0.1019699,-0.92571366,0.91455156,-0.14857122,0.37619415,-0.17589489,-0.9836304,0.039144054
1356443194275,0.34112284,-0.11966145,-0.9323714,0.9248587,-0.1346921,0.35566074,-0.16814187,-0.9836357,0.06472336
1356443194315,0.31665477,-0.1302146,-0.9395605,0.9352218,-0.122550696,0.3321769,-0.15839809,-0.9838828,0.0829733
1356443194355,0.29244238,-0.13525975,-0.94666904,0.94481933,-0.11195624,0.30786723,-0.14762753,-0.9844646,0.09505528
1356443194395,0.2687268,-0.13558525,-0.9536259,0.95353705,-0.10255572,0.283283,-0.13620886,-0.9854435,0.101726145
1356443194435,0.24486819,-0.13125011,-0.96063155,0.9614283,-0.09515455,0.25807217,-0.12528044,-0.98677206,0.10288724
1356443194475,0.22059658,-0.12254545,-0.9676362,0.9681642,-0.09281722,0.2324717,-0.11830163,-0.98811316,0.09816891
1356443194515,0.19748259,-0.11165798,-0.97392666,0.9729372,-0.09926331,0.20866218,-0.11997393,-0.9887767,0.089033455
1356443194555,0.17807007,-0.100554466,-0.9788667,0.9751359,-0.115321696,0.1892379,-0.13191321,-0.98822564,0.07751885
1356443194595,0.16473645,-0.08965105,-0.9822548,0.9747512,-0.13739592,0.17601815,-0.15073806,-0.9864507,0.06475341
1356443194635,0.1599595,-0.078591675,-0.9839901,0.9721621,-0.16035289,0.17084423,-0.17121258,-0.98392606,0.050753832
1356443194675,0.16664249,-0.067643315,-0.98369443,0.96763647,-0.18051493,0.17633522,-0.18949941,-0.9812435,0.035372674
1356443194714,0.18687421,-0.057548553,-0.98069674,0.96095896,-0.1966427,0.19465238,-0.20404881,-0.97878486,0.01855436
1356443194754,0.17530268,-0.038782418,-0.98375046,0.9607853,-0.2113207,0.17954129,-0.21484986,-0.9766471,2.1648407E-4
1356443194795,0.26644155,-0.04034537,-0.9630064,0.93783146,-0.21973214,0.26868203,-0.22244349,-0.9747257,-0.02070862
1356443194835,0.337351,-0.033033133,-0.94079924,0.91371113,-0.22902271,0.3356791,-0.226553,-0.9728604,-0.047078267
1356443194877,0.38972893,-0.007840961,-0.9208963,0.8933604,-0.23962292,0.38011593,-0.22364831,-0.97083443,-0.08638322
1356443194914,0.42370045,0.039369464,-0.90494645,0.8810419,-0.2499075,0.40163612,-0.21034062,-0.9674691,-0.14057209
1356443194955,0.43435326,0.11077547,-0.8939049,0.8817294,-0.25511852,0.39682204,-0.1840936,-0.9605432,-0.20848554
1356443194995,0.43088388,0.18316469,-0.8836231,0.8892021,-0.25307816,0.38114432,-0.15381351,-0.94994855,-0.27191776
1356443195035,0.42643505,0.23042342,-0.8746761,0.8949554,-0.24772632,0.37106133,-0.131179,-0.94102967,-0.3118579
1356443195075,0.42995504,0.24030012,-0.87028414,0.894646,-0.24304917,0.37488082,-0.12143791,-0.9397782,-0.31948382
1356443195114,0.44208008,0.21513101,-0.87079495,0.8885275,-0.23795688,0.39229497,-0.1228168,-0.94715106,-0.29634586
1356443195155,0.4596584,0.16227847,-0.8731437,0.8782845,-0.2288008,0.41984093,-0.13164487,-0.959852,-0.2476969
1356443195196,0.47592226,0.09444636,-0.87440145,0.8676107,-0.21325687,0.44919166,-0.14404759,-0.97242033,-0.18343636
1356443195235,0.48378223,0.028296262,-0.8747308,0.86114,-0.1937517,0.46999803,-0.15618142,-0.98064244,-0.11810069
1356443195275,0.48364732,-0.029534787,-0.87476456,0.85939085,-0.17344466,0.48100346,-0.16592956,-0.9844007,-0.05850412
1356443195315,0.4750151,-0.074863285,-0.8767874,0.8630949,-0.15460002,0.4807973,-0.17154539,-0.98513675,-0.008823231
1356443195356,0.46048546,-0.10820848,-0.8810471,0.87072986,-0.13790286,0.47203,-0.17257655,-0.984517,0.030718088
1356443195395,0.44282892,-0.13162315,-0.88689226,0.8803793,-0.12350646,0.45790645,-0.16980809,-0.9835758,0.061186105
1356443195435,0.42423192,-0.14671323,-0.8935896,0.89050794,-0.11154279,0.4410824,-0.16438615,-0.98287,0.08332932
1356443195475,0.40593308,-0.15406302,-0.9008235,0.9003587,-0.1016528,0.4231088,-0.15675664,-0.982818,0.09744774
