1356443630771,-0.1669159,0.23474744,0.95761824,0.8932159,-0.37525988,0.2476803,0.41749796,0.8967016,-0.14704335
1356443630802,-0.29617256,-0.018691748,-0.9549515,-0.85906374,0.44222176,0.25777772,0.41748202,0.896711,-0.14703137
1356443630830,-0.2961833,-0.018654108,-0.95494896,-0.8590921,0.44214445,0.25781584,0.41741604,0.89674985,-0.14698136
1356443630872,-0.2962398,-0.018460691,-0.95493513,-0.8592171,0.44179082,0.25800547,0.4171186,0.8969281,-0.14673775
1356443630913,-0.29602483,-0.01810664,-0.9550086,-0.8596305,0.44093022,0.25810054,0.41641882,0.8973588,-0.14609134
1356443630955,-0.29492083,-0.017677099,-0.95535815,-0.86059904,0.43936655,0.25753886,0.41519988,0.89813393,-0.14479125
1356443630993,-0.29219514,-0.017334998,-0.95620155,-0.8623605,0.43704116,0.2555962,0.4134687,0.89927447,-0.1426503
1356443631033,-0.28751773,-0.017098129,-0.95762265,-0.86493206,0.4340735,0.25193793,0.41137096,0.9007152,-0.13959253
1356443631075,-0.2813048,-0.016638458,-0.95947415,-0.8680388,0.4306802,0.24702868,0.40911633,0.90235114,-0.1355952
1356443631112,-0.27452883,-0.01543951,-0.961455,-0.8712517,0.42708072,0.24191439,0.40688387,0.9040817,-0.13069767
1356443631153,-0.268185,-0.013232529,-0.9632765,-0.8742019,0.4234763,0.2375685,0.4047811,0.9058105,-0.12513787
1356443631195,-0.26308432,-0.0100028515,-0.964721,-0.876662,0.41996697,0.2347157,0.40280312,0.9074843,-0.11925584
1356443631234,-0.2592671,-0.00641039,-0.96578443,-0.8786694,0.41665024,0.23311529,0.4009,0.90904427,-0.11365634
1356443631275,-0.25619313,-0.0036121905,-0.9666189,-0.88040054,0.41372177,0.23179567,0.39907405,0.9103962,-0.10917288
1356443631316,-0.25334024,-0.002503872,-0.96737397,-0.8819926,0.41137326,0.22991541,0.3973761,0.9114635,-0.10642576
1356443631356,-0.25061384,-0.0032761693,-0.9680816,-0.8833827,0.40984097,0.22730029,0.3960148,0.9121511,-0.1056059
1356443631395,-0.24824506,-0.0055961013,-0.96868116,-0.88435477,0.40941405,0.22426942,0.3953367,0.9123316,-0.10658401
1356443631437,-0.246542,-0.00902611,-0.96909016,-0.88467723,0.41036204,0.22124475,0.39568084,0.91187805,-0.10915667
1356443631476,-0.24536026,-0.013735771,-0.9693346,-0.8843544,0.41278684,0.21800062,0.3971341,0.91072404,-0.11342871
1356443631515,-0.24367508,-0.021078914,-0.9696278,-0.88383853,0.416454,0.21306223,0.39931422,0.90891236,-0.1201098
1356443631574,-0.24003959,-0.03292823,-0.9702045,-0.88388443,0.42067403,0.20440564,0.40140906,0.90661407,-0.13008314
1356443631593,-0.23367617,-0.050041378,-0.9710258,-0.88487196,0.42485526,0.19104865,0.40298507,0.90387714,-0.14355874
1356443631634,-0.22511601,-0.071186304,-0.97172797,-0.8861834,0.42948848,0.17383504,0.40497127,0.90026224,-0.15976888
1356443631670,-0.21605805,-0.09346923,-0.9718963,-0.8864676,0.43601432,0.15513441,0.4092604,0.8950726,-0.17706186
1356443631703,-0.20938164,-0.11246145,-0.97134537,-0.8852174,0.4437884,0.13943464,0.4153908,0.88904685,-0.19247395
1356443631730,-0.2047981,-0.12769404,-0.9704391,-0.88232136,0.45331377,0.1265533,0.4237533,0.88215697,-0.20550495
1356443631770,-0.20342043,-0.13788903,-0.96933323,-0.87667215,0.46648946,0.11761609,0.43596584,0.8737129,-0.21577698
1356443631812,-0.20702931,-0.1416429,-0.968027,-0.86920726,0.4807566,0.11555013,0.4490185,0.8653383,-0.22264773
1356443631844,-0.21466403,-0.14024785,-0.966566,-0.86151314,0.49341434,0.11973891,0.46012443,0.858413,-0.2267437
1356443631883,-0.22782274,-0.13065684,-0.9648967,-0.85270226,0.50520337,0.13292268,0.4701018,0.8530524,-0.2265082
1356443631926,-0.2508291,-0.10848346,-0.9619335,-0.83997166,0.51832837,0.16057166,0.48117805,0.8482729,-0.22113484
1356443631965,-0.2870897,-0.06832343,-0.95546395,-0.81941336,0.5341265,0.20801604,0.49612623,0.8426392,-0.20932734
1356443632005,-0.33884385,-0.004616976,-0.9408313,-0.7871437,0.54914236,0.28079787,0.5153539,0.8357161,-0.18970776
1356443632045,-0.40206388,0.081397206,-0.91198635,-0.7428143,0.55335,0.3768696,0.53532374,0.8289622,-0.16201901
1356443632085,-0.46317133,0.17300478,-0.869219,-0.6948384,0.5379288,0.47731763,0.5501562,0.8250466,-0.12894285
1356443632125,-0.5079896,0.24662139,-0.8253026,-0.6579224,0.5073209,0.5565642,0.55595386,0.8257139,-0.095455945
1356443632165,-0.53181076,0.29064217,-0.79542714,-0.64121497,0.4753539,0.6023969,0.55319136,0.830401,-0.066434205
1356443632205,-0.53628606,0.3073829,-0.78607446,-0.6443263,0.45248926,0.6165201,0.545198,0.83711964,-0.04460877
1356443632245,-0.5231277,0.30307084,-0.796546,-0.6633913,0.44193375,0.6038266,0.53502274,0.8443001,-0.030133247
1356443632285,-0.49288946,0.28250343,-0.8229531,-0.6947979,0.44154674,0.56770796,0.52375174,0.8516033,-0.02135098
1356443632325,-0.4462937,0.24955578,-0.8593857,-0.73459566,0.44627815,0.5110822,0.5110686,0.85939384,-0.015848577
1356443632365,-0.38677746,0.20955062,-0.8980489,-0.7772512,0.44999695,0.43975377,0.49626994,0.86809635,-0.011175215
1356443632405,-0.32153317,0.17091528,-0.93134546,-0.81633353,0.44835868,0.36410728,0.47980833,0.87736106,-0.0046383142
1356443632445,-0.26071444,0.14524195,-0.954428,-0.84586525,0.44215634,0.29834512,0.46533865,0.88510036,0.007578552
1356443632485,-0.21226913,0.14296728,-0.9666965,-0.86165625,0.43925792,0.25416723,0.4609667,0.886912,0.029947758
1356443632525,-0.17882991,0.16806722,-0.96941894,-0.86194813,0.44833398,0.23673195,0.47441024,0.87792367,0.064689755
1356443632565,-0.15671566,0.21212924,-0.96459395,-0.8499098,0.46852437,0.24111897,0.5030841,0.8576049,0.106865585
1356443632605,-0.13969892,0.25452793,-0.95692205,-0.83418334,0.49042785,0.25222751,0.5335002,0.8334843,0.14381069
1356443632645,-0.12394494,0.27333072,-0.95390147,-0.8233726,0.5081841,0.25259966,0.55380076,0.8167247,0.16206616
1356443632685,-0.10962626,0.2578983,-0.95993257,-0.8206475,0.5214145,0.2338044,0.5608206,0.81339735,0.15448284
1356443632725,-0.099274784,0.21322912,-0.97194535,-0.82450753,0.52920806,0.20031515,0.55707425,0.8212626,0.12327206
1356443632765,-0.09495801,0.15455899,-0.98340964,-0.8316244,0.53066176,0.16370386,0.5471598,0.8333725,0.07814443
1356443632811,-0.09728083,0.09853855,-0.9903669,-0.8387095,0.5276114,0.13487974,0.5358197,0.8437513,0.031318784
1356443632845,-0.105255514,0.05441332,-0.99295545,-0.8440467,0.5230956,0.1181362,0.52583873,0.8505353,-0.009131312
1356443632885,-0.11755121,0.02359888,-0.9927864,-0.8473656,0.5189196,0.1126675,0.51783514,0.85449725,-0.04100275
1356443632925,-0.13305944,0.0031132102,-0.9911032,-0.8488966,0.5157654,0.11558777,0.5115366,0.8567242,-0.06598467
1356443632965,-0.15149236,-0.010178238,-0.98840606,-0.848536,0.5142195,0.124759346,0.5069878,0.8575982,-0.086536884
1356443633005,-0.17326891,-0.017452568,-0.98471993,-0.84540784,0.51555043,0.13961864,0.5052361,0.85668147,-0.10408336
1356443633045,-0.19936466,-0.016933024,-0.97977906,-0.8377574,0.52162826,0.16145119,0.5083466,0.8530048,-0.11818004
1356443633085,-0.23136693,-0.0032431185,-0.9728612,-0.82329834,0.5334193,0.19401959,0.51831365,0.84584475,-0.12608564
1356443633125,-0.27030155,0.029712617,-0.96231705,-0.8006979,0.5480895,0.2418279,0.5346212,0.8358918,-0.124358594
1356443633165,-0.3145053,0.08170897,-0.9457325,-0.77221406,0.55739176,0.30495867,0.5520613,0.8262191,-0.1122058
1356443633205,-0.35869944,0.14163911,-0.9226446,-0.7442135,0.55324066,0.37426054,0.5634544,0.8208916,-0.09303737
1356443633245,-0.3968163,0.1945251,-0.89704895,-0.7228029,0.53615147,0.43600178,0.5657674,0.8214022,-0.07215035
1356443633285,-0.4252564,0.23163132,-0.8749308,-0.71003056,0.5140947,0.48121008,0.56126064,0.82586527,-0.05415672
1356443633325,-0.44277158,0.2514153,-0.86066467,-0.7055511,0.4946455,0.5074676,0.553309,0.83193517,-0.04162866
1356443633365,-0.44924897,0.25530332,-0.8561516,-0.7091719,0.48093253,0.51553774,0.54336965,0.8387635,-0.035004497
1356443633405,-0.4450625,0.24550995,-0.8611877,-0.72089624,0.47228786,0.50720096,0.53125143,0.8465631,-0.033210456
1356443633445,-0.43104172,0.22502065,-0.87382424,-0.74009264,0.4658383,0.48503348,0.5162034,0.8557805,-0.034259677
1356443633485,-0.40886497,0.19960806,-0.89049757,-0.7645649,0.45784563,0.45367163,0.49826694,0.86633366,-0.034583747
1356443633525,-0.3817311,0.18100771,-0.90637606,-0.78936803,0.4462856,0.42157716,0.4808113,0.8763934,-0.02747935
1356443633565,-0.35359076,0.18487021,-0.9169496,-0.80775297,0.43399164,0.39898166,0.4717083,0.881745,-0.0041259527
1356443633605,-0.32679537,0.21928245,-0.91930413,-0.8156733,0.4258782,0.39154166,0.47736982,0.87780577,0.039687812
1356443633645,-0.3014937,0.27373084,-0.91333073,-0.81529796,0.42264605,0.39580238,0.49435896,0.8639686,0.09574705
1356443633685,-0.27845904,0.32148027,-0.90504754,-0.8129432,0.42290702,0.4003411,0.5114527,0.84723085,0.14358294
1356443633725,-0.2607042,0.34049028,-0.90338236,-0.8126903,0.4277012,0.3957349,0.5211217,0.8373399,0.16520965
1356443633765,-0.25072575,0.32505113,-0.9118543,-0.81537145,0.43684208,0.37991884,0.5218294,0.8387555,0.15550983
1356443633810,-0.24864122,0.28383097,-0.92607635,-0.8203012,0.4467081,0.3571523,0.51505667,0.84846437,0.12175691
1356443633845,-0.25277093,0.23114166,-0.9395107,-0.8259524,0.45417568,0.33395648,0.5038942,0.8604057,0.07610965
1356443633885,-0.26119524,0.18002036,-0.948351,-0.8301264,0.4594841,0.31585515,0.4926126,0.8697511,0.029424608
1356443633925,-0.2723799,0.136529,-0.95245427,-0.83109117,0.46543917,0.30439094,0.48486775,0.8744863,-0.013308287
1356443633965,-0.28575966,0.101934224,-0.95286465,-0.8280283,0.47427163,0.2990578,0.4824009,0.8744575,-0.05112332
1356443634174,-0.30124298,0.07549396,-0.95055425,-0.82120776,0.48610845,0.29885855,0.4846345,0.8706316,-0.08444053
1356443634178,-0.3191055,0.05719897,-0.9459915,-0.8111398,0.49973762,0.30383322,0.4901265,0.8642862,-0.113072634
1356443634179,-0.3399286,0.047877014,-0.93923175,-0.79874897,0.51248765,0.31520864,0.49643588,0.8573588,-0.13596743
1356443634182,-0.36066732,0.04656169,-0.9315316,-0.7845248,0.5250014,0.3299914,0.50442034,0.84982675,-0.15282202
1356443634183,-0.38339347,0.06609145,-0.9212174,-0.76155627,0.541694,0.3558085,0.52253383,0.8379735,-0.15734959
1356443634184,-0.414441,0.10255635,-0.90427923,-0.7312741,0.55394405,0.39797497,0.54173493,0.8262131,-0.1545803
1356443634212,-0.44233707,0.14895773,-0.88439214,-0.6992898,0.5601492,0.44410205,0.56154406,0.8148892,-0.14361018
1356443634241,-0.46604663,0.20069154,-0.86169803,-0.66878456,0.55772066,0.49160448,0.5792477,0.80540097,-0.12570447
1356443634283,-0.48464403,0.2544647,-0.83687985,-0.6445002,0.54297054,0.53833294,0.59138787,0.8002691,-0.099144936
1356443634324,-0.4970982,0.2966115,-0.81542313,-0.6304896,0.5221712,0.5742997,0.5961343,0.7995992,-0.07255989
1356443634363,-0.50222003,0.32186496,-0.80260694,-0.6264958,0.5043286,0.59426904,0.59605205,0.8012837,-0.051636934
1356443634403,-0.49901274,0.3300789,-0.80127037,-0.6314993,0.49469015,0.5970681,0.5934601,0.80394626,-0.038412094
1356443634443,-0.48678538,0.3219024,-0.81204605,-0.64556104,0.49368694,0.582687,0.58846486,0.80786884,-0.03251195
1356443634485,-0.4651208,0.29836977,-0.8334495,-0.6687113,0.49850714,0.5516483,0.58007574,0.8139202,-0.03234279
1356443634525,-0.43426213,0.26154795,-0.8619797,-0.70002365,0.50424564,0.505671,0.5669067,0.82299995,-0.035885036
1356443634565,-0.39519963,0.2165676,-0.8927013,-0.73695517,0.5053942,0.44885832,0.54837424,0.8352695,-0.040130913
1356443634605,-0.35093558,0.17423454,-0.92004704,-0.77445817,0.49829274,0.38976783,0.52636373,0.8493213,-0.039931238
1356443634645,-0.30389085,0.14973599,-0.9408664,-0.80548155,0.48701033,0.33766904,0.5087729,0.86046505,-0.027388453
1356443634685,-0.25556365,0.15387782,-0.95446783,-0.82365,0.48230872,0.29829356,0.5062489,0.8623804,0.0034809113
1356443634725,-0.20688054,0.18336049,-0.96103036,-0.8277279,0.4908847,0.27184325,0.5216005,0.85171074,0.050218105
1356443634765,-0.1603427,0.22122064,-0.96195203,-0.82238233,0.5090199,0.2541381,0.54587334,0.83184147,0.100310266
1356443634807,-0.121224165,0.24492311,-0.9619342,-0.81558657,0.5277978,0.23716664,0.56579435,0.81329095,0.13577414
1356443634845,-0.09425303,0.2442213,-0.96512806,-0.8127053,0.541049,0.21627769,0.5750011,0.8047496,0.14748448
1356443634885,-0.081044644,0.21640375,-0.9729343,-0.8156538,0.54661655,0.18952382,0.5728356,0.80893743,0.1322102
1356443634925,-0.079781175,0.172063,-0.98184997,-0.8226868,0.5448273,0.16232577,0.5628689,0.82070553,0.09808701
1356443634965,-0.08626181,0.123155504,-0.9886311,-0.8309885,0.53849167,0.13958776,0.54956067,0.8335823,0.055889606
1356443635005,-0.09675023,0.07905933,-0.9921638,-0.8378333,0.5316422,0.12406409,0.5372845,0.84327114,0.014802039
1356443635045,-0.10912338,0.043417066,-0.9930796,-0.8416296,0.52754986,0.11554572,0.5289157,0.84841394,-0.021026969
1356443635085,-0.122731835,0.015180051,-0.99232376,-0.8420891,0.52753425,0.112220585,0.5251883,0.8493981,-0.051962316
1356443635125,-0.1375885,-0.0078339875,-0.9904585,-0.8396814,0.5313117,0.11244106,0.5253613,0.8471402,-0.07968038
1356443635165,-0.15369236,-0.026238859,-0.9877703,-0.8348958,0.5381292,0.115611136,0.5285145,0.84245384,-0.104613066
1356443635205,-0.17098863,-0.03851065,-0.9845201,-0.82774365,0.547607,0.122339875,0.5344187,0.8358489,-0.12551153
1356443635245,-0.18938492,-0.04190764,-0.9810082,-0.81759036,0.5600117,0.13391379,0.543764,0.82742405,-0.14032108
1356443635285,-0.20865186,-0.033159494,-0.97742766,-0.80370194,0.5752773,0.15205011,0.5572501,0.817286,-0.14668304
1356443635325,-0.22810619,-0.0094468,-0.9735904,-0.7864605,0.59127694,0.17852563,0.5739751,0.80641323,-0.14230347
1356443635365,-0.24671453,0.026653767,-0.96872157,-0.7695201,0.6022132,0.2125513,0.58904225,0.79789025,-0.12806416
1356443635405,-0.2626386,0.06636983,-0.96260893,-0.7579878,0.60312116,0.24839357,0.5970557,0.7948836,-0.10809535
1356443635445,-0.2740032,0.09970683,-0.9565463,-0.7543575,0.59466046,0.27807134,0.59654593,0.7977703,-0.08772433
1356443635485,-0.2792917,0.12080473,-0.9525767,-0.75762403,0.58175844,0.29591033,0.5899169,0.80434024,-0.07095575
1356443635525,-0.27753663,0.12805101,-0.952143,-0.7660897,0.56854767,0.29976693,0.57972413,0.81262326,-0.05969423
1356443635565,-0.2683766,0.1221886,-0.9555334,-0.7788007,0.55627656,0.2898722,0.56695986,0.821965,-0.05413103
1356443635605,-0.25225577,0.10542482,-0.9619005,-0.7950617,0.5440432,0.2681302,0.55158293,0.8324077,-0.053418756
1356443635646,-0.2305842,0.08112109,-0.96966505,-0.81417465,0.5296365,0.23791766,0.5328702,0.84433675,-0.05607909
1356443635685,-0.20580268,0.0550054,-0.97704643,-0.8350061,0.51077163,0.20463884,0.5103039,0.857955,-0.059188366
1356443635724,-0.1812624,0.03681621,-0.98274535,-0.85453653,0.4886907,0.1759226,0.48673528,0.8716799,-0.057120442
1356443635765,-0.16039038,0.038949758,-0.986285,-0.8676784,0.4707781,0.15969414,0.4705414,0.88139147,-0.041712403
1356443635810,-0.14522734,0.067851186,-0.987069,-0.8702816,0.465821,0.16006494,0.47065806,0.8822738,-0.008600354
1356443635845,-0.1366722,0.1189428,-0.9834497,-0.8626222,0.47380233,0.17718431,0.4870355,0.8725617,0.0378471
1356443635885,-0.13550794,0.17487454,-0.9752213,-0.84975433,0.4856224,0.2051549,0.5094657,0.8564986,0.08279467
1356443635925,-0.14313114,0.21533182,-0.96599466,-0.8372942,0.49405688,0.23419285,0.52768546,0.842342,0.10958117
1356443635965,-0.1602323,0.23079485,-0.95971835,-0.82709354,0.49927163,0.25815532,0.5387411,0.83514166,0.110889435
1356443636005,-0.18660372,0.22414285,-0.9565245,-0.8182598,0.5033842,0.27758858,0.5437187,0.83448446,0.089473724
1356443636045,-0.22111374,0.20529762,-0.9533948,-0.8092241,0.50698835,0.29684877,0.54430234,0.83714736,0.054029703
1356443636085,-0.2623877,0.18526676,-0.9470106,-0.7982837,0.509679,0.32089016,0.5421217,0.84018064,0.014161944
1356443636125,-0.30952713,0.17198953,-0.93520725,-0.7834362,0.5112661,0.35331967,0.53890705,0.8420372,-0.023507893
1356443636165,-0.362108,0.16895163,-0.9166968,-0.7626047,0.5118186,0.39557016,0.5360147,0.8423165,-0.056490242
1356443636205,-0.41951892,0.17663765,-0.8903948,-0.7339458,0.5111946,0.4472178,0.5341605,0.84111786,-0.0848133
1356443636245,-0.48138323,0.19623302,-0.8542615,-0.6949124,0.5085459,0.5084072,0.53419745,0.8383756,-0.1084407
1356443636284,-0.5469929,0.23052475,-0.8047716,-0.64159286,0.50207114,0.5798994,0.53773373,0.83353645,-0.12672633
1356443636325,-0.6137974,0.28279993,-0.73707324,-0.5694908,0.4879879,0.6614742,0.54674774,0.8257675,-0.13847381
1356443636365,-0.6767215,0.35308674,-0.64604783,-0.47707078,0.4580511,0.75006187,0.5607598,0.8157935,-0.14152569
1356443636405,-0.7262152,0.42904043,-0.5371553,-0.37579978,0.40652734,0.8327725,0.5756613,0.8066349,-0.13399303
1356443636445,-0.7580689,0.49007404,-0.43030095,-0.28776062,0.3407473,0.8950336,0.5852566,0.80232084,-0.11728591
1356443636485,-0.7775332,0.5251135,-0.34597406,-0.22787504,0.27750236,0.93330884,0.5861017,0.8045174,-0.096107066
1356443636524,-0.7911287,0.5384548,-0.2901411,-0.19463995,0.22807246,0.95399076,0.5798541,0.81120247,-0.07562983
1356443636565,-0.80146766,0.53866655,-0.25978458,-0.18114005,0.19533247,0.96386385,0.5699456,0.81956303,-0.058978617
1356443636605,-0.808729,0.5316906,-0.2515205,-0.18301919,0.17891937,0.9666912,0.5589825,0.8278243,-0.04738772
1356443636645,-0.8126883,0.5193407,-0.26424065,-0.19991201,0.17745376,0.9636106,0.54733264,0.8359398,-0.04039222
1356443636685,-0.8123073,0.5008567,-0.2988302,-0.23400813,0.1894322,0.9536015,0.5342257,0.8445461,-0.036672592
1356443636724,-0.8050662,0.4750326,-0.3552637,-0.28719833,0.21188658,0.93414193,0.5190235,0.8540773,-0.034154117
1356443636763,-0.7873897,0.44429865,-0.4273362,-0.3563402,0.2376265,0.90363455,0.50303,0.86378956,-0.028783202
1356443636840,-0.75786364,0.4205652,-0.49876612,-0.42815095,0.25623,0.8666216,0.4922697,0.8703282,-0.014122009
1356443636843,-0.72334826,0.42223647,-0.5463365,-0.48137978,0.258869,0.83741283,0.4950158,0.8687365,0.016003668
1356443636882,-0.69244295,0.4544703,-0.56033856,-0.50738233,0.24540275,0.8260391,0.5129189,0.85629094,0.060662866
1356443636923,-0.66811186,0.50060296,-0.5504754,-0.5148519,0.22308064,0.8277454,0.53717214,0.8364399,0.10869366
1356443636963,-0.65001047,0.53691095,-0.53778523,-0.51726645,0.2058292,0.83070433,0.55670613,0.8181448,0.1439349
1356443637003,-0.638307,0.5504016,-0.53816575,-0.520973,0.20579833,0.8283925,0.5667022,0.80913854,0.15538186
1356443637043,-0.6328402,0.53994244,-0.5549555,-0.5265346,0.22539711,0.81973016,0.5676924,0.81096137,0.14165801
1356443637083,-0.63238204,0.5101298,-0.5829757,-0.533478,0.25888067,0.80522174,0.5616887,0.8202124,0.10843152
1356443637123,-0.6354902,0.46797073,-0.61412996,-0.54118955,0.29733026,0.78658026,0.55069596,0.8322248,0.06431043
1356443637163,-0.64164156,0.42234558,-0.64025015,-0.54731315,0.33268827,0.76796275,0.5373494,0.84317416,0.017688632
1356443637203,-0.6511808,0.38146263,-0.6560868,-0.54810077,0.36156684,0.75422484,0.52492774,0.85073835,-0.0263654
1356443637243,-0.66484773,0.35109836,-0.6593235,-0.5399023,0.3841161,0.74897283,0.5162199,0.85392314,-0.06581992
1356443637283,-0.683139,0.33477885,-0.6490332,-0.52023435,0.40063107,0.7542221,0.51252043,0.8528879,-0.09952325
1356443637325,-0.7057327,0.33485386,-0.624351,-0.48741147,0.41008615,0.7708822,0.51417065,0.8483526,-0.1261996
1356443637365,-0.7311793,0.35313657,-0.58367056,-0.43969032,0.41020983,0.79899955,0.5215834,0.8408463,-0.1446662
1356443637405,-0.75621206,0.3897113,-0.5256124,-0.37659308,0.39768487,0.8366746,0.5350897,0.83064544,-0.15397155
1356443637445,-0.77577907,0.44087926,-0.45143375,-0.30209228,0.36860824,0.8791292,0.55399203,0.81838465,-0.15277237
1356443637485,-0.78585976,0.49555182,-0.3699361,-0.22859974,0.3230474,0.9183586,0.5746012,0.8062684,-0.14058691
1356443637525,-0.7880703,0.5385783,-0.2981251,-0.17317526,0.27077198,0.9469387,0.5907245,0.79788214,-0.120118976
1356443637565,-0.7885381,0.56211317,-0.24947232,-0.14379248,0.22589076,0.9634817,0.5979393,0.7956143,-0.09729576
1356443637605,-0.7906618,0.5691115,-0.22575642,-0.13593076,0.19635665,0.97106487,0.596973,0.79847115,-0.077891946
1356443637645,-0.7936102,0.5660011,-0.2232165,-0.14263171,0.18358052,0.9726019,0.5914719,0.8037045,-0.06496167
1356443637685,-0.7954312,0.5563055,-0.24044399,-0.16203575,0.18708259,0.9688883,0.5839808,0.80964446,-0.058669925
1356443637725,-0.7941427,0.53951204,-0.27975723,-0.1973891,0.20639205,0.9583527,0.5747825,0.8162899,-0.057410955
1356443637764,-0.7864016,0.51253015,-0.3447976,-0.25405806,0.24042493,0.9368299,0.5630516,0.8243232,-0.058858216
1356443637811,-0.766661,0.47067103,-0.43669185,-0.3359566,0.28552943,0.89755565,0.5471418,0.83483034,-0.060779214
1356443637845,-0.72679883,0.41219658,-0.54941565,-0.4410786,0.3330757,0.83337283,0.5265104,0.84802985,-0.060267925
1356443637885,-0.6653883,0.3489951,-0.65989465,-0.5503942,0.36783284,0.74951005,0.50430626,0.8619174,-0.052666783
1356443637925,-0.59542066,0.30734813,-0.7423014,-0.6368027,0.38279337,0.66929185,0.48985368,0.87120974,-0.03220296
1356443637965,-0.5352747,0.30744094,-0.7867408,-0.68585247,0.38547105,0.6172669,0.4930389,0.8699955,0.0045262575
1356443638005,-0.49080706,0.34323275,-0.8008119,-0.7040621,0.38518018,0.59660095,0.51322985,0.8566373,0.052608073
1356443638045,-0.45818913,0.3902707,-0.79859346,-0.70638776,0.3854636,0.59366167,0.53951746,0.83612597,0.09906721
1356443638085,-0.4326061,0.42062,-0.79745275,-0.7066548,0.39110577,0.5896401,0.5599027,0.8186056,0.1280384
1356443638126,-0.41273803,0.42081642,-0.80781245,-0.71023643,0.4065764,0.5746824,0.5702733,0.810931,0.1310696
1356443638165,-0.3981868,0.39065894,-0.8299596,-0.7177566,0.43071556,0.54709184,0.5712028,0.8135538,0.1088928
1356443638205,-0.38843912,0.3387676,-0.8569432,-0.72837013,0.45676494,0.51072776,0.5644396,0.8225584,0.069322884
1356443638245,-0.3835276,0.27866954,-0.8804828,-0.7401195,0.47750112,0.47351435,0.55238557,0.8332683,0.023113906
1356443638285,-0.38443336,0.22351333,-0.8956857,-0.7498398,0.49033663,0.44419622,0.53847134,0.8423846,-0.020902574
1356443638325,-0.39185557,0.1801087,-0.9022251,-0.7546705,0.49798498,0.42718083,0.5262335,0.84827584,-0.059215486
1356443638365,-0.40666223,0.1508764,-0.9010339,-0.75236845,0.5041603,0.42398596,0.51823497,0.85032856,-0.09150827
1356443638405,-0.42869094,0.13569987,-0.8932019,-0.7421492,0.51090264,0.43381238,0.51520747,0.8488605,-0.118309736
1356443638445,-0.457879,0.13509676,-0.8786898,-0.7233808,0.5179335,0.45657974,0.5167853,0.8446856,-0.1394245
1356443638485,-0.4938907,0.15038669,-0.85642034,-0.6947051,0.52409,0.4926606,0.5229309,0.8382801,-0.15436876
1356443638525,-0.53591,0.18346143,-0.8241009,-0.6537537,0.5274784,0.5425612,0.53423446,0.82952297,-0.16274232
1356443638565,-0.58183014,0.23522544,-0.77855164,-0.5991584,0.5233612,0.6058896,0.5499844,0.81900066,-0.16357005
1356443638605,-0.62672377,0.3012388,-0.7186603,-0.5348317,0.50444365,0.6778582,0.5667208,0.8091921,-0.15503478
1356443638645,-0.66381145,0.36573166,-0.65237623,-0.4741025,0.46884918,0.74525654,0.57843,0.804003,-0.13783312
1356443638685,-0.6898081,0.41216838,-0.595216,-0.43172616,0.42579,0.7951826,0.5811861,0.8054937,-0.115769506
1356443638725,-0.70640874,0.43641573,-0.55725044,-0.41175544,0.38698936,0.8250435,0.5757119,0.8122688,-0.09367609
1356443638765,-0.71565396,0.44395545,-0.53920597,-0.40931997,0.35895777,0.8388126,0.5659476,0.82100725,-0.07516974
1356443638811,-0.71798116,0.4408802,-0.53863496,-0.41916093,0.34393787,0.84024453,0.5557042,0.8290545,-0.06214112
1356443638845,-0.7127675,0.42960584,-0.55443776,-0.43977892,0.34206378,0.83041364,0.54640365,0.8357219,-0.05488038
1356443638885,-0.69834363,0.40918446,-0.5872685,-0.472933,0.35207915,0.8076971,0.5372621,0.8417887,-0.05235541
1356443638925,-0.6722676,0.3781667,-0.63643247,-0.5201969,0.37036896,0.7695597,0.5267367,0.8484202,-0.052265942
1356443638965,-0.63349634,0.33986673,-0.69510645,-0.5777085,0.38985795,0.71712184,0.5147186,0.855863,-0.050629616
1356443639005,-0.58664805,0.30834132,-0.74884564,-0.6328033,0.4025066,0.6614744,0.5053752,0.8619246,-0.04101032
1356443639045,-0.54365325,0.30465674,-0.78206486,-0.6691174,0.40518802,0.6229804,0.5066785,0.8619785,-0.016430676
1356443639085,-0.5143004,0.3382488,-0.7880881,-0.67996424,0.39917612,0.6150667,0.5226315,0.8522008,0.024700701
1356443639125,-0.4971552,0.3934148,-0.7733444,-0.67398185,0.38621294,0.62975234,0.5464295,0.83430475,0.0731467
1356443639165,-0.48436874,0.43877783,-0.75687575,-0.6670712,0.3745168,0.64401335,0.56604147,0.81683,0.111291885
1356443639225,-0.47124672,0.45178032,-0.7575098,-0.66895294,0.3766663,0.64079994,0.5748292,0.80871326,0.124717
1356443639234,-0.46200705,0.44280162,-0.7684245,-0.6743808,0.38731033,0.6286503,0.57598615,0.80865157,0.11967677
1356443639275,-0.44558656,0.392886,-0.804421,-0.6933509,0.41696483,0.5877115,0.5663189,0.81962246,0.08661395
1356443639315,-0.4340045,0.32826993,-0.83897495,-0.713061,0.4439991,0.5425945,0.5506216,0.83372873,0.041378856
1356443639356,-0.43183315,0.26887897,-0.8609438,-0.727288,0.4607473,0.5086887,0.5334532,0.8458227,-0.0034134984
1356443639395,-0.44264552,0.22609794,-0.8677238,-0.73170215,0.46830395,0.4952811,0.5183406,0.85414934,-0.04185629
1356443639435,-0.46707964,0.20253956,-0.86070573,-0.7240596,0.47110343,0.503785,0.5075178,0.8585099,-0.07339215
1356443639475,-0.50401986,0.19724265,-0.8408682,-0.7028121,0.47221994,0.5320372,0.5020152,0.8591296,-0.09938371
1356443639515,-0.55155206,0.20937572,-0.8074355,-0.6662663,0.47182453,0.5774693,0.501876,0.8564715,-0.120735765
1356443639555,-0.60752064,0.2399414,-0.75719666,-0.6113803,0.4673198,0.6386128,0.5070827,0.8509056,-0.13721097
1356443639595,-0.668656,0.29119524,-0.6841817,-0.5331044,0.45370513,0.71410877,0.5183618,0.84223336,-0.14813524
1356443639635,-0.72828424,0.3642319,-0.5804628,-0.4260343,0.42280418,0.7998321,0.5367465,0.8298023,-0.15274626
1356443639675,-0.7740069,0.45299816,-0.44238687,-0.29223138,0.3642391,0.8842685,0.56170654,0.81370926,-0.14954334
1356443639715,-0.7931987,0.53699195,-0.28718525,-0.1552098,0.27774853,0.9480325,0.5888511,0.7965522,-0.13696331
1356443639755,-0.7904001,0.5928559,-0.1542385,-0.052036285,0.1858933,0.98119104,0.6103768,0.78355956,-0.116079986
1356443639812,-0.78434145,0.61646277,-0.06915298,0.0025405884,0.114669204,0.9934005,0.62032413,0.7789895,-0.091506004
1356443639834,-0.7854373,0.61828184,-0.028561473,0.019927353,0.0713827,0.9972499,0.61862034,0.7827081,-0.06838739
1356443639875,-0.79282635,0.60912883,-0.019711614,0.0149870515,0.05181992,0.99854404,0.60926336,0.79137653,-0.050213277
1356443639915,-0.8027116,0.59528685,-0.03588435,-0.0059982836,0.05210948,0.9986234,0.5963372,0.8018218,-0.038258195
1356443639955,-0.81215304,0.57798207,-0.079649806,-0.04628077,0.07226682,0.99631095,0.5816059,0.8128433,-0.03194219
1356443639995,-0.8167566,0.55397487,-0.1613088,-0.11662868,0.11528981,0.98646134,0.56507206,0.82451206,-0.029554367
1356443640033,-0.80525005,0.5147924,-0.294213,-0.23153299,0.18380469,0.9553054,0.54586166,0.83737963,-0.028817356
1356443640073,-0.75559175,0.44995832,-0.47604468,-0.39339268,0.26937807,0.87902075,0.52375877,0.85145336,-0.02652955
1356443640113,-0.6556988,0.36803767,-0.6592475,-0.56351274,0.34257495,0.7517285,0.50250614,0.8644019,-0.01723206
1356443640153,-0.54221797,0.31126472,-0.78045744,-0.68168485,0.38007468,0.62517905,0.49122828,0.87100947,0.006101191
1356443640194,-0.46247512,0.31080398,-0.8303719,-0.733536,0.3919503,0.5552475,0.49803764,0.8658959,0.046718717
1356443640233,-0.42334104,0.35640466,-0.8329214,-0.7414812,0.39196086,0.5445845,0.52056503,0.8481406,0.09833431
1356443640273,-0.4046383,0.41194475,-0.8164369,-0.7328801,0.3878991,0.55894625,0.5469501,0.82452154,0.14494735
1356443640313,-0.38647473,0.44285628,-0.8090215,-0.7275412,0.3927346,0.562533,0.566852,0.8060012,0.17041415
1356443640354,-0.35963923,0.43342516,-0.82631844,-0.73306,0.41666323,0.5376008,0.5773062,0.7990834,0.16787827
1356443640395,-0.32241005,0.38329378,-0.8655274,-0.7489383,0.45590568,0.48087567,0.5789155,0.80326575,0.14007479
1356443640435,-0.27894765,0.30466622,-0.9106957,-0.7703462,0.49523342,0.40163487,0.5733714,0.81358606,0.09655434
1356443640475,-0.23686439,0.21679127,-0.9470463,-0.79159415,0.52208656,0.31749693,0.5632707,0.8248801,0.04794705
1356443640515,-0.20516843,0.13921309,-0.9687753,-0.8077322,0.53488463,0.24792555,0.55269754,0.8333776,0.0027054548
1356443640555,-0.1884579,0.08146635,-0.9786965,-0.8166076,0.54060054,0.20224541,0.54556006,0.83732575,-0.035354435
1356443640595,-0.18633837,0.043263316,-0.9815326,-0.8185132,0.5457431,0.179445,0.54342794,0.8368349,-0.06628126
1356443640635,-0.19694525,0.021553963,-0.98017764,-0.814623,0.55269504,0.1758343,0.54552925,0.83310485,-0.09129232
1356443640675,-0.21903539,0.014675468,-0.9756065,-0.8055599,0.56146014,0.1893036,0.5505423,0.8273736,-0.111157656
1356443640715,-0.25246626,0.023154438,-0.96732867,-0.79047984,0.5716161,0.21999243,0.5580344,0.8201945,-0.12601066
1356443640754,-0.29818994,0.050096244,-0.953191,-0.76679575,0.5821238,0.2704736,0.5684249,0.8115554,-0.13516986
1356443640812,-0.35820258,0.101924956,-0.9280637,-0.7300676,0.58903116,0.34647307,0.58197266,0.8016567,-0.13658041
1356443640835,-0.42928913,0.17973743,-0.88510185,-0.6781746,0.5830734,0.4473306,0.5964814,0.7922878,-0.12841368
1356443640875,-0.4954605,0.26530397,-0.82712317,-0.6212518,0.5572833,0.55089164,0.6070956,0.7867968,-0.11129129
1356443640915,-0.5381541,0.32805645,-0.7763821,-0.5819951,0.521646,0.6238325,0.60964894,0.7875686,-0.08979869
1356443640955,-0.55332863,0.35582384,-0.7531379,-0.5729773,0.49367413,0.65420395,0.60458606,0.79352075,-0.069284976
1356443640995,-0.5438602,0.35287732,-0.76137614,-0.59136885,0.48256338,0.64607704,0.5953982,0.8016298,-0.05376637
1356443641034,-0.5101997,0.32398674,-0.7966987,-0.6307732,0.48875254,0.60269916,0.58465505,0.8100331,-0.04499924
1356443641075,-0.45110157,0.27095455,-0.8503476,-0.6846205,0.5061827,0.5244748,0.5725401,0.81875676,-0.042838752
1356443641115,-0.3676864,0.1980837,-0.9086087,-0.74365306,0.5240311,0.41517663,0.55837893,0.82834435,-0.04537362
1356443641155,-0.27143568,0.1180411,-0.95519054,-0.7960479,0.5302769,0.29174313,0.54095316,0.83956695,-0.049969733
1356443641195,-0.17903751,0.047905892,-0.98267525,-0.8352357,0.5204407,0.17754668,0.5199297,0.85255295,-0.053165734
1356443641235,-0.10415307,0.0025238097,-0.9945581,-0.8602389,0.5016397,0.091359764,0.49914038,0.86507297,-0.050076246
1356443641275,-0.051284403,-0.011092067,-0.9986225,-0.87111014,0.4895127,0.039298773,0.48840255,0.8719256,-0.034766793
1356443641314,-0.01677671,0.004925102,-0.9998471,-0.867514,0.49712202,0.017005026,0.49712974,0.86766666,-0.004067421
1356443641355,0.005453527,0.04223886,-0.99909264,-0.8513725,0.524269,0.017517447,0.5245332,0.85050446,0.038820088
1356443641395,0.021876931,0.08188304,-0.9964019,-0.83070207,0.5560399,0.027455777,0.5562874,0.8271123,0.08018482
1356443641435,0.035626173,0.10275748,-0.99406826,-0.81425333,0.57969517,0.030741692,0.57941544,0.80832815,0.10432297
1356443641475,0.04587026,0.09417945,-0.99449795,-0.80636466,0.59112024,0.01878658,0.5896372,0.8010663,0.1030578
1356443641515,0.050081536,0.061264485,-0.9968644,-0.80705035,0.5904674,-0.0042570233,0.5883551,0.80473286,0.07901502
1356443641555,0.046684355,0.018408716,-0.99874,-0.8139359,0.5803106,-0.02734977,0.5790759,0.81418717,0.04207492
1356443641595,0.03596577,-0.02135089,-0.99912494,-0.8234383,0.565869,-0.04173395,0.5662649,0.82421863,0.002770722
1356443641635,0.019304574,-0.052390426,-0.9984401,-0.83219993,0.5526394,-0.04508862,0.55413955,0.8317721,-0.03293085
1356443641675,-0.0019833148,-0.074973464,-0.99718356,-0.8381601,0.54401135,-0.03923461,0.54542077,0.8357216,-0.06391871
1356443641715,-0.027094752,-0.09100625,-0.9954816,-0.84070563,0.5408406,-0.026561141,0.54081404,0.83618736,-0.0911634
1356443641753,-0.05589831,-0.10088056,-0.993327,-0.8400357,0.5424748,-0.007820785,0.5396439,0.83399296,-0.11506671
1356443641813,-0.08850491,-0.10343745,-0.99069047,-0.83606184,0.54835796,0.01743716,0.5414493,0.8298218,-0.1350125
1356443641835,-0.12569691,-0.095808625,-0.9874315,-0.8279295,0.5584899,0.05120358,0.5465648,0.8239598,-0.14952326
1356443641876,-0.16802998,-0.07366645,-0.9830255,-0.8141158,0.5726716,0.096242875,0.5558608,0.81646836,-0.15619898
1356443641915,-0.2160248,-0.03202215,-0.9758626,-0.79338706,0.588302,0.15632585,0.5690961,0.808007,-0.15249377
1356443641955,-0.26792496,0.029324919,-0.9629934,-0.766606,0.5989256,0.23152423,0.5835508,0.8002676,-0.13798648
1356443641995,-0.3189547,0.10075992,-0.9423988,-0.73824865,0.5971414,0.3137056,0.5943543,0.79578245,-0.11607516
1356443642035,-0.36294973,0.16655955,-0.9168017,-0.7144698,0.58185554,0.38855755,0.5981641,0.796054,-0.09218252
1356443642075,-0.3954643,0.21503845,-0.89295375,-0.6993872,0.55969363,0.44452286,0.59536994,0.80031335,-0.07094365
1356443642134,-0.41428962,0.24198893,-0.87738556,-0.6946012,0.53886676,0.47660446,0.58812696,0.80688536,-0.05516106
1356443642153,-0.4183693,0.24752775,-0.8738977,-0.70065427,0.5242989,0.48393625,0.5779712,0.8147642,-0.04591918
1356443642194,-0.40728316,0.23330688,-0.8829996,-0.7173903,0.5166155,0.4673965,0.56521815,0.8238181,-0.0430367
1356443642230,-0.38110745,0.2025983,-0.9020593,-0.743296,0.5130712,0.42926562,0.5497892,0.83409345,-0.044944763
1356443642270,-0.34271133,0.16181648,-0.92539954,-0.77474445,0.50845385,0.37582678,0.53133786,0.84574825,-0.04888642
1356443642300,-0.2964142,0.12122753,-0.94733435,-0.8054571,0.50127476,0.31616846,0.5132031,0.85675406,-0.050941348
1356443642342,-0.2544651,0.09877598,-0.96202433,-0.8281357,0.49148136,0.2695131,0.4994384,0.86526835,-0.043264925
1356443642383,-0.21384865,0.10003996,-0.9717307,-0.8407242,0.48769987,0.2352269,0.497445,0.8672606,-0.020187914
1356443642423,-0.17767885,0.12582779,-0.9760111,-0.84218967,0.493607,0.21695319,0.50906473,0.8605344,0.018267274
1356443642463,-0.14607346,0.16104284,-0.9760777,-0.8371357,0.50561595,0.20870179,0.52713037,0.8475953,0.06095767
1356443642503,-0.11956748,0.18347603,-0.97572553,-0.83126146,0.5188743,0.19943398,0.54287016,0.8349288,0.090476096
1356443642543,-0.09972328,0.17853662,-0.9788667,-0.82773507,0.531061,0.18118736,0.5521865,0.82831085,0.09482193
1356443642583,-0.087760925,0.14727888,-0.9851938,-0.8274858,0.5398366,0.15441379,0.5545855,0.8287854,0.07449466
1356443642623,-0.08330926,0.10064122,-0.99142873,-0.83029807,0.5431428,0.1249046,0.55105793,0.83358705,0.03831333
1356443642663,-0.085136026,0.053061604,-0.9949554,-0.8345837,0.54167306,0.10030118,0.54426265,0.83891284,-0.0018315315
1356443642703,-0.09150693,0.0137351155,-0.9957098,-0.8381488,0.5388628,0.08446011,0.537711,0.8422816,-0.03779763
1356443642743,-0.10090344,-0.015658706,-0.994773,-0.8394666,0.5379737,0.07668191,0.533961,0.8428162,-0.06742835
1356443642812,-0.112385884,-0.03745094,-0.99295866,-0.838294,0.5401032,0.07450965,0.53350973,0.8407651,-0.0920949
1356443642826,-0.12560342,-0.05390188,-0.9906151,-0.8354752,0.5442023,0.076321274,0.53498125,0.83722067,-0.113387346
1356443642865,-0.14062558,-0.065051615,-0.9879235,-0.8319309,0.5487438,0.08228785,0.5367639,0.8334558,-0.13128585
1356443642905,-0.15735531,-0.06937495,-0.98510224,-0.827178,0.5541737,0.0931021,0.5394588,0.829505,-0.14458764
1356443642945,-0.17621936,-0.063519984,-0.9822993,-0.8190981,0.5629021,0.11054212,0.5459167,0.82407916,-0.1512233
1356443642985,-0.19740717,-0.04328829,-0.97936535,-0.8054776,0.5766039,0.13687116,0.5587809,0.81587625,-0.1486935
1356443643025,-0.22047888,-0.0062740445,-0.9753716,-0.7864497,0.59265023,0.17396158,0.5769628,0.8054355,-0.1356011
1356443643065,-0.24389085,0.04323694,-0.9688384,-0.76626706,0.6037426,0.21984008,0.5944342,0.79600596,-0.11411625
1356443643105,-0.26552132,0.09395057,-0.95951647,-0.75103205,0.6038909,0.26695827,0.6045241,0.7915107,-0.08978605
1356443643145,-0.2838801,0.13491526,-0.94932073,-0.74352884,0.5941786,0.30678442,0.60545594,0.7929374,-0.06836206
1356443643185,-0.29846266,0.16174176,-0.9406167,-0.74257064,0.57978547,0.33531734,0.59959066,0.79855394,-0.052939653
1356443643225,-0.30961502,0.17495844,-0.9346273,-0.74586844,0.5649619,0.3528432,0.58976173,0.8063545,-0.044424772
1356443643264,-0.31816852,0.17722166,-0.9313223,-0.7519061,0.55115455,0.36175376,0.57741314,0.8153656,-0.042105973
1356443643305,-0.32526657,0.17107603,-0.9300186,-0.76028574,0.5374979,0.3647761,0.5622875,0.82572937,-0.044763446
1356443643345,-0.33180308,0.15975785,-0.92972255,-0.7706064,0.5225685,0.36481208,0.5441253,0.837496,-0.05027944
1356443643385,-0.3381589,0.1471279,-0.92951703,-0.7822093,0.5052327,0.3645387,0.5232562,0.85034895,-0.05576414
1356443643425,-0.34369388,0.14023325,-0.92855215,-0.7926624,0.48687962,0.36692593,0.5035484,0.8621385,-0.05617994
1356443643465,-0.34641623,0.14944974,-0.92609966,-0.7976345,0.47267675,0.37464106,0.4937358,0.8684708,-0.04453659
1356443643505,-0.34355828,0.18267292,-0.9211939,-0.7937553,0.4677578,0.3887867,0.50191647,0.8647735,-0.015704453
1356443643545,-0.33395138,0.23646015,-0.912449,-0.7820371,0.47089955,0.40825444,0.5262077,0.849906,0.027662992
1356443643585,-0.3211288,0.29414585,-0.90019697,-0.7676146,0.47586548,0.42932492,0.5546568,0.82887286,0.07297653
1356443643624,-0.31278723,0.33662874,-0.8881695,-0.755276,0.47886944,0.44748425,0.57595336,0.8107805,0.1044634
1356443643665,-0.3156351,0.35430232,-0.88025236,-0.74612606,0.4804607,0.46092674,0.5862341,0.80226386,0.11270398
1356443643705,-0.33206654,0.3482757,-0.8766048,-0.73868227,0.48191255,0.47128427,0.58658373,0.80403006,0.097238004
1356443643745,-0.35961217,0.32654965,-0.8740964,-0.73095083,0.48368216,0.48141715,0.57999146,0.81204486,0.06475371
1356443643813,-0.39334437,0.29867703,-0.8695242,-0.7215938,0.4857699,0.49328494,0.5697215,0.8214741,0.024448633
1356443643826,-0.42872304,0.27227598,-0.86143035,-0.7097566,0.48843503,0.5076187,0.55896515,0.8290338,-0.016153634
1356443643865,-0.46275023,0.25312853,-0.8495813,-0.69462144,0.49190727,0.52490795,0.5507844,0.83303857,-0.05180174
1356443643905,-0.49403837,0.2421148,-0.83504885,-0.6761238,0.49683747,0.5440673,0.5466103,0.8333865,-0.08175719
1356443643945,-0.5230088,0.2385741,-0.81825674,-0.6544237,0.5026666,0.56485033,0.5460689,0.8309083,-0.106770456
1356443643985,-0.5500501,0.24200505,-0.79929876,-0.6298942,0.5081982,0.58733964,0.5483414,0.8265399,-0.12709689
1356443644025,-0.5750561,0.2533933,-0.77788323,-0.6024102,0.5121887,0.61218035,0.5535453,0.8206428,-0.14189053
1356443644064,-0.59724414,0.27501646,-0.75343573,-0.5715257,0.51313865,0.64034915,0.5627235,0.81305265,-0.14929008
1356443644105,-0.6148863,0.3097773,-0.7252262,-0.53745496,0.5083698,0.6728316,0.57711107,0.8034913,-0.14609826
1356443644145,-0.6275065,0.35643435,-0.6922356,-0.5025025,0.49372637,0.70973617,0.59474933,0.79321414,-0.13070738
1356443644185,-0.63665265,0.40641943,-0.6553599,-0.47182378,0.46691567,0.7479119,0.6099637,0.78537446,-0.10550475
1356443644225,-0.64634925,0.4484992,-0.6173178,-0.4490059,0.43057132,0.78294444,0.6169493,0.78323483,-0.07692069
1356443644264,-0.65928817,0.47802946,-0.580368,-0.43168452,0.3913344,0.8127151,0.6156197,0.78634936,-0.051644206
1356443644305,-0.67499983,0.49526745,-0.5468869,-0.4171334,0.35522717,0.83654845,0.6085843,0.79279494,-0.03318566
1356443644345,-0.69167763,0.5031309,-0.51811326,-0.40361762,0.3256144,0.85502523,0.5988947,0.80052143,-0.022147655
1356443644386,-0.70746356,0.50340116,-0.4960672,-0.39265817,0.3036384,0.86811477,0.58763504,0.8089444,-0.017148495
1356443644425,-0.7209836,0.49633515,-0.483564,-0.3877828,0.28934252,0.8751602,0.5742884,0.81849396,-0.016140938
1356443644465,-0.73097354,0.481217,-0.48384705,-0.3933811,0.28221983,0.87498766,0.55761015,0.82992905,-0.016993523
1356443644505,-0.7354096,0.4580819,-0.4993333,-0.4133132,0.28071076,0.8662411,0.5369776,0.843423,-0.017106116
1356443644545,-0.7308737,0.4319726,-0.5284158,-0.44759908,0.28111374,0.8488993,0.51524615,0.85695666,-0.012108088
1356443644585,-0.7147193,0.41640934,-0.56194264,-0.48814586,0.27840889,0.82716507,0.5008891,0.86550087,0.0042842627
1356443644624,-0.6893351,0.42648172,-0.5856027,-0.52099365,0.26982605,0.80978984,0.5033714,0.8633118,0.03619373
1356443644665,-0.6616975,0.46483314,-0.58829105,-0.53630793,0.25487882,0.8046183,0.5239562,0.84791917,0.08064109
1356443644705,-0.63896704,0.5115428,-0.5744955,-0.53733337,0.23760879,0.8092063,0.55044883,0.82575184,0.12304485
