1356442891931,0.10922667,0.08066097,-0.99073875,0.7441089,0.6542141,0.13529915,0.6590687,-0.7519958,0.011437058
1356442891960,-0.104459524,-0.076466024,0.9915852,-0.7447918,-0.6547192,-0.1289495,0.6590701,-0.7519945,0.011440426
1356442891990,-0.10449284,-0.076480836,0.9915805,-0.7447815,-0.654724,-0.12898415,0.65907645,-0.7519887,0.011452526
1356442892031,-0.10462725,-0.076527745,0.9915628,-0.744737,-0.65474886,-0.12911561,0.6591055,-0.75196254,0.011511475
1356442892073,-0.105614424,-0.07717708,0.99140775,-0.7445382,-0.6547433,-0.13028458,0.65917253,-0.7519008,0.011689067
1356442892113,-0.10845679,-0.0790599,0.9909524,-0.744042,-0.6546268,-0.1336605,0.65927124,-0.75180656,0.012174949
1356442892154,-0.11396104,-0.08244175,0.99005866,-0.7431303,-0.6543321,-0.14002421,0.659371,-0.7516999,0.013303414
1356442892192,-0.12324798,-0.088282734,0.9884412,-0.74160147,-0.65365976,-0.15085143,0.6594218,-0.7516216,0.015091702
1356442892235,-0.12000418,-0.08256191,0.98933434,-0.7421753,-0.6544128,-0.1446364,0.6593746,-0.7516165,0.0172569
1356442892274,-0.15171844,-0.108080864,0.98249686,-0.73651445,-0.6505469,-0.18529779,0.65918744,-0.7517362,0.019096792
1356442892312,-0.17897844,-0.13089848,0.9751063,-0.73064214,-0.64606035,-0.22083491,0.65888447,-0.75197846,0.019990921
1356442892355,-0.20320511,-0.15252167,0.96718395,-0.7246302,-0.6408934,-0.25331137,0.65849733,-0.7523248,0.019711077
1356442892393,-0.22444451,-0.17265475,0.95906985,-0.7186762,-0.6353442,-0.28256357,0.6581254,-0.75268054,0.01851672
1356442892436,-0.24170864,-0.1898773,0.95159006,-0.71326363,-0.63012975,-0.30690664,0.65789974,-0.7529165,0.016875178
1356442892473,-0.25424463,-0.20304546,0.9455856,-0.7088417,-0.6260254,-0.32501638,0.65795374,-0.7529042,0.015236497
1356442892516,-0.2616573,-0.21123964,0.9417608,-0.70576054,-0.62371033,-0.3359874,0.65835977,-0.75257117,0.014113754
1356442892555,-0.26402897,-0.21398182,0.94047886,-0.7041776,-0.6235617,-0.3395655,0.6591074,-0.75191927,0.013957143
1356442892595,-0.26213425,-0.21188714,0.94148254,-0.703987,-0.6253073,-0.33673882,0.6600666,-0.7510623,0.014748722
1356442892636,-0.25755703,-0.20665428,0.94390583,-0.7046615,-0.6282295,-0.3298177,0.66114783,-0.750081,0.016183734
1356442892681,-0.25163436,-0.19980368,0.94697344,-0.70574474,-0.6316684,-0.32081068,0.66227233,-0.7490485,0.017939031
1356442892715,-0.24553716,-0.19247407,0.95008695,-0.7068789,-0.6351244,-0.31135052,0.66335034,-0.74804455,0.019890845
1356442892755,-0.24029481,-0.18564129,0.95278305,-0.7077963,-0.6382023,-0.3028565,0.6642911,-0.7471512,0.021960616
1356442892795,-0.23706383,-0.18073392,0.9545345,-0.7082432,-0.64038616,-0.29714838,0.66497546,-0.7464857,0.023808837
1356442892834,-0.23673892,-0.17886394,0.9549672,-0.70803213,-0.64131665,-0.2956407,0.6653158,-0.74613714,0.0251832
1356442892875,-0.23962969,-0.18018976,0.95399654,-0.7070776,-0.6409651,-0.29867205,0.6652961,-0.7461202,0.026186079
1356442892915,-0.24565393,-0.18444043,0.951649,-0.70529723,-0.6394692,-0.3059983,0.6649887,-0.7463651,0.027002811
1356442892972,-0.25448984,-0.19145006,0.9479355,-0.7025901,-0.6369536,-0.3172651,0.6645314,-0.7467509,0.027587354
1356442892995,-0.26539648,-0.20079489,0.94299847,-0.69892526,-0.63365936,-0.33163136,0.6641297,-0.7470992,0.027830362
1356442893035,-0.2766139,-0.21085657,0.937563,-0.69464713,-0.6302911,-0.34669673,0.66404086,-0.7471765,0.027876318
1356442893075,-0.2856182,-0.21903147,0.93297774,-0.6904591,-0.62809783,-0.35883054,0.6645965,-0.74667144,0.02816394
1356442893115,-0.2896881,-0.22230566,0.9309463,-0.68713206,-0.6287883,-0.36397073,0.6662809,-0.745121,0.029399216
1356442893155,-0.2863354,-0.21762651,0.93308663,-0.6852561,-0.6341352,-0.35818508,0.66965365,-0.74196446,0.03244546
1356442893195,-0.2740422,-0.20298253,0.94005257,-0.6850721,-0.64481974,-0.33894467,0.67496437,-0.736889,0.037650198
1356442893235,-0.25334883,-0.1792529,0.95062226,-0.6860626,-0.65950453,-0.30720007,0.6820062,-0.73001516,0.044106007
1356442893275,-0.2272892,-0.1508322,0.9620755,-0.6867261,-0.6756443,-0.2681643,0.69046867,-0.7216332,0.049986243
1356442893315,-0.20057607,-0.12426895,0.97176456,-0.6854326,-0.6909126,-0.22982977,0.6999651,-0.7121775,0.053402647
1356442893355,-0.17873651,-0.107002825,0.9780612,-0.6812335,-0.7037918,-0.20148945,0.70991135,-0.70230156,0.052899376
1356442893395,-0.1670124,-0.10617533,0.9802212,-0.6738405,-0.71347016,-0.19209197,0.71975404,-0.6925945,0.04761313
1356442893435,-0.16906619,-0.12686068,0.97740614,-0.6629475,-0.7191862,-0.20801845,0.7293265,-0.6831379,0.037488207
1356442893475,-0.18623358,-0.1709157,0.9675252,-0.64773047,-0.71908903,-0.25170684,0.7387573,-0.67357177,0.023211181
1356442893515,-0.2170242,-0.23581249,0.9472555,-0.6270689,-0.7100114,-0.32041904,0.748121,-0.6635331,0.006219059
1356442893555,-0.25725853,-0.31424338,0.9138211,-0.6001053,-0.6892529,-0.40596062,0.75742435,-0.6528258,-0.011262834
1356442893595,-0.30224502,-0.39775068,0.8662807,-0.566704,-0.6557659,-0.4988162,0.7664819,-0.6416895,-0.027204871
1356442893635,-0.3477556,-0.47826228,0.8064312,-0.529158,-0.60991955,-0.5899067,0.77398825,-0.6318729,-0.040973455
1356442893693,-0.3883596,-0.5449837,0.7430812,-0.4945049,-0.55718505,-0.6670906,0.7775872,-0.6265283,-0.05310899
1356442893713,-0.4189974,-0.5868422,0.6928619,-0.47285452,-0.5104069,-0.71825725,0.77514505,-0.62857074,-0.06363183
1356442893754,-0.43810576,-0.60102326,0.66845673,-0.47027415,-0.48049992,-0.74024457,0.7660976,-0.63866335,-0.072135925
1356442893790,-0.44701183,-0.5943456,0.66853106,-0.4844292,-0.46743774,-0.7394798,0.7520032,-0.65441215,-0.07896817
1356442893834,-0.4461497,-0.574583,0.68615216,-0.5105937,-0.4662463,-0.72243226,0.7350132,-0.67265797,-0.08536285
1356442893873,-0.4348166,-0.548238,0.71440166,-0.54358643,-0.47269052,-0.69359756,0.7179473,-0.68992674,-0.09248108
1356442893913,-0.41125053,-0.5176375,0.750283,-0.5812017,-0.4851758,-0.65330637,0.7021949,-0.70473826,-0.10132301
1356442893973,-0.3720681,-0.481919,0.7932965,-0.6226663,-0.5042364,-0.59835804,0.6883691,-0.716589,-0.11246446
1356442893995,-0.3155291,-0.44058916,0.84042996,-0.66554487,-0.5285493,-0.52695876,0.67638105,-0.7256147,-0.12645912
1356442894035,-0.2455684,-0.398395,0.8837294,-0.70437235,-0.5530006,-0.44502795,0.6659998,-0.7317593,-0.14481896
1356442894075,-0.17548901,-0.3698937,0.91234994,-0.73286736,-0.5697061,-0.37194157,0.65735006,-0.73390305,-0.17110592
1356442894115,-0.12587988,-0.37697133,0.91763115,-0.7483828,-0.57110924,-0.33727944,0.65121233,-0.7291961,-0.21022767
1356442894155,-0.109823704,-0.42961293,0.8963099,-0.75334865,-0.5522718,-0.35701784,0.6483862,-0.71444285,-0.26299578
1356442894194,-0.120140016,-0.5082431,0.8527927,-0.7516279,-0.5146149,-0.41258568,0.64855367,-0.69055086,-0.32018384
1356442894235,-0.13195217,-0.57243097,0.809266,-0.7475344,-0.4786904,-0.46048644,0.6509845,-0.6657164,-0.36474764
1356442894275,-0.12358838,-0.594156,0.79479843,-0.74460745,-0.4739188,-0.47006452,0.6559616,-0.64990735,-0.38384217
1356442894314,-0.08698696,-0.56429493,0.82097775,-0.7432759,-0.51194817,-0.43063903,0.66330546,-0.647673,-0.37489402
1356442894356,-0.022116542,-0.47769794,0.8782457,-0.7404537,-0.58241767,-0.33543688,0.6717433,-0.657719,-0.34083217
1356442894395,0.059972167,-0.3398928,0.9385501,-0.73139316,-0.65483415,-0.19041091,0.6793139,-0.67502975,-0.28786707
1356442894435,0.13803023,-0.17916751,0.9740876,-0.7156665,-0.6979217,-0.026959896,0.6846672,-0.69340056,-0.22455849
1356442894475,0.19467676,-0.0323205,0.9803348,-0.69897056,-0.7057562,0.11553499,0.6881432,-0.7077172,-0.15998541
1356442894515,0.22524554,0.079248875,0.9710737,-0.6864048,-0.6944357,0.21588771,0.6914571,-0.71517736,-0.10202175
1356442894555,0.23390841,0.15367666,0.96003664,-0.6785054,-0.6814242,0.27439278,0.69636,-0.7155729,-0.05512041
1356442894595,0.2250523,0.19530432,0.95457196,-0.6741438,-0.67613465,0.29727423,0.7034782,-0.7104211,-0.020502422
1356442894635,0.20017725,0.20649265,0.95775247,-0.6727394,-0.68170184,0.28758317,0.7122855,-0.70188546,0.0024546348
1356442894675,0.15799129,0.18576744,0.9698089,-0.67332983,-0.69812226,0.24341771,0.72226423,-0.6914592,0.014785528
1356442894715,0.09403187,0.12637252,0.98751605,-0.67314655,-0.7227408,0.15658662,0.73350644,-0.6794672,0.017106555
1356442894755,0.0011117458,0.015205443,0.99988383,-0.6658301,-0.7460056,0.012084961,0.74610263,-0.6657661,0.009294815
1356442894795,-0.12145352,-0.15230891,0.980842,-0.64037895,-0.74297976,-0.19466822,0.75839555,-0.6517537,-0.0072978586
1356442894835,-0.24555397,-0.33261168,0.9105343,-0.5933793,-0.6911858,-0.41250843,0.76655346,-0.6415853,-0.027641475
1356442894875,-0.33216476,-0.45661032,0.82533246,-0.5489267,-0.61799,-0.5628214,0.7670372,-0.6399964,-0.045371175
1356442894915,-0.37583458,-0.5086952,0.77458227,-0.53104323,-0.56677514,-0.62988824,0.75943506,-0.6480704,-0.05712551
1356442894973,-0.38888317,-0.5112626,0.7664075,-0.54011005,-0.547415,-0.63923234,0.7463585,-0.6625311,-0.063257635
1356442894995,-0.3776192,-0.48236275,0.79039854,-0.5684606,-0.5530416,-0.6090957,0.73092836,-0.67931664,-0.06536502
1356442895035,-0.34112346,-0.42853677,0.83665454,-0.6099894,-0.57628566,-0.543882,0.7152256,-0.69588137,-0.06481829
1356442895074,-0.27629602,-0.35077113,0.8947738,-0.65853935,-0.6090003,-0.4420911,0.69999033,-0.7113918,-0.06273225
1356442895115,-0.18428385,-0.25341368,0.9496425,-0.7047351,-0.6394219,-0.3073889,0.68511885,-0.72589326,-0.06075433
1356442895155,-0.07866353,-0.1553688,0.9847195,-0.7376047,-0.65542823,-0.16233629,0.670635,-0.7391037,-0.0630424
1356442895195,0.01821804,-0.087528855,0.9959954,-0.7525213,-0.65709764,-0.04398164,0.6583159,-0.74870646,-0.07783835
1356442895235,0.091742516,-0.07030207,0.99329805,-0.75310284,-0.6574999,0.023022234,0.65147483,-0.75016767,-0.11326541
1356442895275,0.14312345,-0.09616488,0.9850218,-0.7451509,-0.6654887,0.04330048,0.65135694,-0.74018717,-0.1669044
1356442895315,0.18283075,-0.13193625,0.9742514,-0.7328429,-0.6788686,0.045592785,0.65537333,-0.722309,-0.22080661
1356442895355,0.21922988,-0.1434668,0.9650676,-0.71781933,-0.6936438,0.059946686,0.66081285,-0.70588636,-0.25505072
1356442895395,0.25321048,-0.11740938,0.9602601,-0.7009423,-0.7063888,0.098462135,0.6667566,-0.69801855,-0.26116225
1356442895435,0.2802325,-0.06112489,0.9579841,-0.6845697,-0.7123205,0.1548023,0.6729294,-0.6991875,-0.24145961
1356442895474,0.29593045,0.00946942,0.9551625,-0.672001,-0.70858496,0.21522559,0.67885184,-0.705562,-0.2033284
1356442895515,0.29872268,0.07779467,0.9511639,-0.66550183,-0.6973718,0.2660449,0.6840117,-0.712475,-0.15654826
1356442895555,0.29026246,0.13419837,0.94749063,-0.6642283,-0.6844995,0.30043495,0.6888748,-0.7165551,-0.109546155
1356442895595,0.2730738,0.17536606,0.945874,-0.66556954,-0.6754875,0.31738603,0.6945847,-0.71621466,-0.067739636
1356442895635,0.24970365,0.202261,0.94696283,-0.6672087,-0.67280275,0.31963894,0.7017697,-0.7116368,-0.033051044
1356442895675,0.22120887,0.21457459,0.95132774,-0.6684241,-0.6769591,0.3081163,0.71012384,-0.7040484,-0.006322533
1356442895716,0.18766195,0.2099947,0.9595234,-0.6688179,-0.6881103,0.28140134,0.71935076,-0.69455475,0.01131618
1356442895755,0.14924878,0.18561096,0.97122264,-0.6668396,-0.7063534,0.23746558,0.73010266,-0.68309116,0.018350303
1356442895795,0.105020404,0.13806003,0.9848402,-0.6625033,-0.72884995,0.17282136,0.7416604,-0.67060965,0.014921032
1356442895835,0.056023896,0.069532216,0.99600536,-0.65828055,-0.7474681,0.08920896,0.75068504,-0.66064876,0.0038955808
1356442895875,0.0063080788,-0.0072588623,0.99995375,-0.65802455,-0.7529952,-0.0013150871,0.75297,-0.6579858,-0.009526402
1356442895915,-0.037626088,-0.07380378,0.9965628,-0.6636777,-0.7437138,-0.08013591,0.7470718,-0.66441166,-0.02099894
1356442895969,-0.070424855,-0.11915097,0.9903754,-0.67414665,-0.7261004,-0.13529441,0.73523235,-0.67718637,-0.029189706
1356442895995,-0.08932316,-0.14240596,0.9857697,-0.68736506,-0.70744246,-0.1644823,0.72079855,-0.69227576,-0.03469391
1356442896035,-0.09289384,-0.14626774,0.98487383,-0.7017921,-0.6920519,-0.16897294,0.7062991,-0.7068733,-0.03836213
1356442896075,-0.08052409,-0.13355488,0.9877646,-0.71659833,-0.6810548,-0.15050313,0.6928222,-0.7199496,-0.04086384
1356442896115,-0.052889764,-0.10719705,0.99283004,-0.73096704,-0.6732208,-0.11162835,0.6803601,-0.73163,-0.04275097
1356442896155,-0.012072146,-0.07147071,0.9973696,-0.7435955,-0.6662178,-0.05674115,0.66852075,-0.7423245,-0.04510255
1356442896195,0.037228942,-0.036190957,0.99865127,-0.7525871,-0.6584794,0.00419268,0.6574395,-0.75172806,-0.05175133
1356442896235,0.08873528,-0.017192751,0.99590683,-0.75550115,-0.65274554,0.056046516,0.6491102,-0.75738215,-0.07091071
1356442896275,0.13683987,-0.029488236,0.99015415,-0.7500322,-0.65603054,0.08411732,0.6470909,-0.754158,-0.111888275
1356442896315,0.17962462,-0.07110709,0.98116195,-0.73639023,-0.6710456,0.08618119,0.6522763,-0.73799837,-0.17289887
1356442896355,0.21640915,-0.122002095,0.96864986,-0.71810293,-0.6920694,0.07326704,0.6614342,-0.711446,-0.23738022
1356442896395,0.2470963,-0.15360025,0.95673937,-0.69931436,-0.7117286,0.06634647,0.67074794,-0.68545556,-0.28328037
1356442896435,0.2701627,-0.15114895,0.95087653,-0.6823467,-0.7268196,0.07833469,0.67927545,-0.66999054,-0.29949552
1356442896475,0.28278553,-0.11808872,0.95188624,-0.66904527,-0.73540217,0.10752714,0.6873215,-0.6672621,-0.2869678
1356442896515,0.28263086,-0.0674991,0.9568509,-0.661675,-0.7359251,0.14352861,0.69448256,-0.67368996,-0.2526576
1356442896555,0.26951152,-0.014107645,0.9628938,-0.6617782,-0.7290971,0.17454779,0.6995806,-0.6842648,-0.2058362
1356442896595,0.2453947,0.031560212,0.9689094,-0.66849315,-0.7183183,0.19270632,0.70206714,-0.6949984,-0.15517372
1356442896635,0.21301335,0.0649254,0.97488976,-0.67872286,-0.70790964,0.19544604,0.7028233,-0.70331264,-0.10672784
1356442896675,0.17463064,0.08459246,0.9809935,-0.6889173,-0.70132905,0.18311357,0.7034893,-0.7078006,-0.06419638
1356442896715,0.13158423,0.08932638,0.98727214,-0.6961717,-0.7006797,0.15618229,0.7057128,-0.7078621,-0.030011892
1356442896753,0.08420557,0.07697597,0.9934708,-0.6981877,-0.7067895,0.11394107,0.71094537,-0.7032235,-0.0057719424
1356442896793,0.032423377,0.0446181,0.99847776,-0.6930127,-0.7188527,0.054626793,0.72019583,-0.69372904,0.0076133385
1356442896836,-0.024361908,-0.011875391,0.9996326,-0.68016547,-0.7326225,-0.025279611,0.7326536,-0.6805315,0.00977093
1356442896874,-0.0857417,-0.091825545,0.9920769,-0.66217124,-0.73875046,-0.12560707,0.74443114,-0.6676945,0.0025374144
1356442896915,-0.14837903,-0.18231578,0.97197974,-0.64438426,-0.7277389,-0.23487256,0.75016844,-0.6611786,-0.009500265
1356442896972,-0.20802528,-0.26296222,0.9421127,-0.63153607,-0.6994012,-0.33466434,0.7469188,-0.6645968,-0.020577073
1356442896995,-0.26038313,-0.32121325,0.91050684,-0.62504184,-0.6626778,-0.41252983,0.73588264,-0.6765207,-0.028221667
1356442897035,-0.30330878,-0.357598,0.88324827,-0.6231555,-0.62679803,-0.4677623,0.72088915,-0.6922774,-0.03272584
1356442897075,-0.33521152,-0.37690064,0.86346924,-0.62450147,-0.5973374,-0.5031759,0.7054298,-0.7079082,-0.035140723
1356442897115,-0.35483235,-0.38243443,0.8531342,-0.6299433,-0.57648194,-0.5204231,0.6908441,-0.7220891,-0.03635761
1356442897154,-0.36117834,-0.37601292,0.8533255,-0.6411935,-0.56429213,-0.5200435,0.677068,-0.7349752,-0.037286967
1356442897195,-0.35380495,-0.3597927,0.8633489,-0.65923154,-0.5588754,-0.5030627,0.66350275,-0.7471329,-0.039453804
1356442897235,-0.3330174,-0.3398189,0.8795581,-0.6828274,-0.5563769,-0.47348866,0.6502662,-0.7582663,-0.04675448
1356442897275,-0.3033839,-0.3315985,0.89330876,-0.70653,-0.55075485,-0.44439209,0.6393539,-0.76597095,-0.067194104
1356442897315,-0.27377766,-0.35509774,0.89384085,-0.72286177,-0.5370708,-0.43477094,0.63444203,-0.7651539,-0.109648556
1356442897355,-0.2525347,-0.4159324,0.87362826,-0.7282219,-0.51281786,-0.4546543,0.63711774,-0.75101125,-0.17338672
1356442897395,-0.24118495,-0.49197608,0.8365341,-0.72562724,-0.48096788,-0.49207214,0.6444338,-0.7256924,-0.24098897
1356442897435,-0.23590463,-0.5510008,0.8004669,-0.71980983,-0.45431012,-0.52485824,0.6528574,-0.7000004,-0.28944194
1356442897475,-0.23350203,-0.5770745,0.78259933,-0.71274006,-0.4458995,-0.5414565,0.6614214,-0.6842211,-0.30718565
1356442897515,-0.23349941,-0.5709927,0.78704846,-0.70441806,-0.45862943,-0.54171413,0.67027843,-0.6809011,-0.29512793
1356442897555,-0.23735988,-0.5409671,0.80685496,-0.69471955,-0.4860227,-0.53023267,0.6789882,-0.68639386,-0.2604581
1356442897595,-0.24677289,-0.49752226,0.83160967,-0.6838487,-0.5186273,-0.5132023,0.68662506,-0.6953397,-0.21224678
1356442897653,-0.26294518,-0.45217448,0.85228986,-0.6715278,-0.54850984,-0.498184,0.6927555,-0.7033315,-0.15941966
1356442897673,-0.28593278,-0.41462675,0.8639022,-0.65670085,-0.57175934,-0.49176747,0.69784415,-0.7079378,-0.10880104
1356442897713,-0.3145724,-0.39017633,0.8653362,-0.6382002,-0.5878885,-0.49707898,0.7026696,-0.7086251,-0.06407711
1356442897750,-0.34801906,-0.38211116,0.8560804,-0.61502373,-0.59613585,-0.5161083,0.707551,-0.7061254,-0.027540773
1356442897794,-0.38473767,-0.39218584,0.8355639,-0.58614075,-0.59548855,-0.5493926,0.71303284,-0.70113015,-7.6916814E-4
1356442897833,-0.42372394,-0.42245868,0.8012407,-0.549734,-0.58309454,-0.5981583,0.7198962,-0.6939233,0.014831126
1356442897873,-0.46200132,-0.47199193,0.75085175,-0.50550324,-0.55549115,-0.6602242,0.7287121,-0.6845825,0.018044293
1356442897913,-0.49579448,-0.53226054,0.6862117,-0.4574428,-0.51160145,-0.7273307,0.7381964,-0.67450917,0.010170519
1356442897973,-0.5222434,-0.5864826,0.6191122,-0.41509455,-0.4593572,-0.7852945,0.74495524,-0.667105,-0.0035495162
1356442897995,-0.5426875,-0.6209296,0.5656295,-0.38716802,-0.41268402,-0.82449555,0.7453799,-0.66643703,-0.016445637
1356442898034,-0.5598922,-0.633345,0.53422356,-0.3759353,-0.38039237,-0.84497,0.7383721,-0.67392564,-0.025118053
1356442898075,-0.5742844,-0.629214,0.5237243,-0.37873334,-0.36296004,-0.85136425,0.7257813,-0.6872771,-0.029862046
1356442898114,-0.5840117,-0.6144629,0.53043914,-0.39284462,-0.35789233,-0.84710455,0.71035445,-0.70309913,-0.032375157
1356442898155,-0.58639234,-0.5926051,0.5522347,-0.4172312,-0.36338508,-0.8329882,0.6943069,-0.7188675,-0.03416711
1356442898195,-0.57896304,-0.56440276,0.5884313,-0.4521647,-0.37829584,-0.80773723,0.6784902,-0.7337178,-0.036183774
1356442898235,-0.5583399,-0.5294145,0.6387305,-0.49797967,-0.40191084,-0.76842946,0.66353047,-0.7471197,-0.039234757
1356442898275,-0.52211004,-0.48911974,0.69868666,-0.5520844,-0.4305933,-0.71399736,0.65008,-0.7585192,-0.04521823
1356442898315,-0.47041762,-0.4501495,0.7589946,-0.6081795,-0.45782262,-0.64847225,0.6393943,-0.76665765,-0.05840391
1356442898355,-0.4105041,-0.42778668,0.8052857,-0.65586704,-0.47502226,-0.5866791,0.6335021,-0.76899445,-0.08557266
1356442898395,-0.35432166,-0.4376871,0.8263692,-0.68732816,-0.47730017,-0.5475076,0.6340632,-0.7619807,-0.1317169
1356442898435,-0.31020868,-0.47954044,0.8208602,-0.7030537,-0.46548623,-0.5376225,0.6399109,-0.743884,-0.19274479
1356442898475,-0.27661705,-0.5307915,0.8010888,-0.71018744,-0.44867605,-0.54251593,0.6473923,-0.7189924,-0.25285
1356442898515,-0.24634552,-0.5636697,0.78840995,-0.7147465,-0.4437443,-0.54058146,0.6545619,-0.69668317,-0.29356647
1356442898555,-0.2136805,-0.5631759,0.7982314,-0.718143,-0.46338737,-0.51917505,0.6622773,-0.6841819,-0.30542397
1356442898595,-0.1765989,-0.52617604,0.8318362,-0.7199065,-0.50727737,-0.47371328,0.6712283,-0.68250155,-0.2892129
1356442898635,-0.13615632,-0.45558494,0.87971807,-0.72019655,-0.5642388,-0.40367258,0.6802782,-0.6885325,-0.25128603
1356442898675,-0.09602958,-0.36074525,0.92770743,-0.71999127,-0.61838025,-0.31498957,0.687307,-0.6981896,-0.20035064
1356442898714,-0.061287403,-0.2578131,0.964249,-0.72012997,-0.65750974,-0.22157094,0.69112706,-0.7079642,-0.14536184
1356442898755,-0.034787238,-0.16076094,0.9863801,-0.72054696,-0.67989385,-0.13622153,0.6925329,-0.715472,-0.09218411
1356442898795,-0.018339336,-0.08066523,0.9965725,-0.7202361,-0.6902762,-0.069126874,0.69348645,-0.71903527,-0.04543875
1356442898835,-0.011864603,-0.022342771,0.9996799,-0.71799886,-0.695628,-0.024068743,0.6959431,-0.71805465,-0.0077887475
1356442898875,-0.016443849,0.0099352,0.99981546,-0.71284616,-0.7013044,-0.004755199,0.70112765,-0.71279275,0.018614367
1356442898915,-0.033248723,0.012896478,0.9993639,-0.7037464,-0.7103084,-0.014247268,0.7096728,-0.7037724,0.032692686
1356442898974,-0.06333536,-0.015599877,0.9978704,-0.6898073,-0.72189575,-0.055067927,0.72121745,-0.691826,0.034960628
1356442898994,-0.10656625,-0.07602304,0.99139506,-0.67032903,-0.73092306,-0.12810376,0.7343723,-0.6782124,0.026931211
1356442899034,-0.15968716,-0.16245465,0.9737087,-0.6459701,-0.7286711,-0.2275107,0.7464735,-0.66531724,0.011418566
1356442899075,-0.21389407,-0.2555654,0.94283384,-0.6213489,-0.7091627,-0.33318734,0.75377375,-0.6570956,-0.0071095824
1356442899115,-0.25828153,-0.3282653,0.9085882,-0.6049488,-0.6783187,-0.41703784,0.7532114,-0.6573626,-0.023386478
1356442899155,-0.2868032,-0.3664552,0.88512963,-0.6027543,-0.64911234,-0.4640478,0.7446013,-0.66660607,-0.034714907
1356442899195,-0.2985583,-0.37346533,0.8782861,-0.61401635,-0.62935346,-0.47633833,0.7306483,-0.6814968,-0.041415095
1356442899235,-0.2933873,-0.35788208,0.88647854,-0.6348854,-0.6203301,-0.4605552,0.71473384,-0.6979333,-0.045217127
1356442899275,-0.27027982,-0.32591325,0.90594107,-0.6616958,-0.62063146,-0.42068416,0.6993621,-0.71315986,-0.047911197
1356442899315,-0.22826177,-0.2809765,0.93217415,-0.6910602,-0.62767434,-0.3584141,0.68580776,-0.7260007,-0.050897658
1356442899356,-0.16790748,-0.22576125,0.9596035,-0.7189601,-0.6379513,-0.27588844,0.67446524,-0.7362404,-0.055196494
1356442899395,-0.09290022,-0.16497213,0.9819133,-0.7406876,-0.64759827,-0.17888102,0.66539574,-0.7439091,-0.062030822
1356442899435,-0.011103988,-0.1083574,0.99404997,-0.7522644,-0.6540236,-0.07969564,0.65876776,-0.7486734,-0.07425113
1356442899475,0.06698376,-0.07059136,0.99525374,-0.7525008,-0.6585796,0.003933966,0.6551761,-0.7491927,-0.097234175
1356442899514,0.1338017,-0.062406182,0.98904127,-0.74357885,-0.66607845,0.05856651,0.6551241,-0.74326646,-0.13552633
1356442899555,0.18651855,-0.08452892,0.9788083,-0.72986877,-0.67883587,0.08045784,0.65764916,-0.7294085,-0.1883105
1356442899595,0.22866976,-0.118406415,0.9662763,-0.71580553,-0.69317365,0.08445501,0.6597973,-0.71097827,-0.24326381
1356442899635,0.26422358,-0.14005157,0.95423865,-0.70275915,-0.70557946,0.091033846,0.6605418,-0.6946533,-0.28485328
1356442899675,0.29588813,-0.1326825,0.9459628,-0.6888704,-0.71569014,0.115088016,0.661746,-0.68569887,-0.30316526
1356442899715,0.32342,-0.09338009,0.9416367,-0.6729872,-0.7222466,0.15952441,0.6651975,-0.68530285,-0.2964326
1356442899755,0.34439433,-0.030724138,0.9383222,-0.657056,-0.72177523,0.217527,0.6705744,-0.69144523,-0.26876277
1356442899795,0.35712576,0.04353383,0.9330413,-0.6443404,-0.71170235,0.27983075,0.6762298,-0.7011309,-0.22611666
1356442899835,0.3612759,0.116996914,0.92508996,-0.63719285,-0.6933482,0.33653164,0.6807827,-0.71104145,-0.17594042
1356442899875,0.3584231,0.1823145,0.91558415,-0.63484275,-0.67147344,0.38222778,0.6844761,-0.7182512,-0.12493056
1356442899915,0.35052013,0.23636037,0.90623915,-0.6348783,-0.65140235,0.41545695,0.6885239,-0.7209776,-0.07826957
1356442899974,0.33905149,0.27831924,0.8986559,-0.6352037,-0.6368921,0.43690366,0.6939455,-0.7189624,-0.03914979
1356442899996,0.324153,0.30657613,0.8949502,-0.6351554,-0.630561,0.44606102,0.7010724,-0.7130245,-0.009674758
1356442900034,0.30529112,0.32004493,0.8968659,-0.63475263,-0.63368094,0.44219616,0.70984954,-0.7042866,0.009692252
1356442900075,0.28183657,0.3183381,0.90511274,-0.6337647,-0.64649314,0.42472216,0.72035444,-0.69333065,0.019546032
1356442900115,0.25222737,0.3000465,0.9199747,-0.63318306,-0.6677555,0.39138448,0.7317517,-0.6812303,0.021558134
1356442900155,0.21570241,0.2635044,0.94023293,-0.6337345,-0.6947747,0.34010112,0.7428681,-0.66921866,0.017127216
1356442900195,0.17168576,0.20699768,0.9631593,-0.63621116,-0.72316533,0.26882565,0.7521697,-0.6589263,0.0075370334
1356442900234,0.121555984,0.13322496,0.98360324,-0.6416038,-0.74555105,0.18027268,0.7573432,-0.6529968,-0.00514856
1356442900275,0.07025391,0.054822445,0.9960215,-0.65117157,-0.75387824,0.087424606,0.75567186,-0.6547228,-0.017264038
1356442900315,0.025919259,-0.009186,0.9996218,-0.66448593,-0.747229,0.010362864,0.74685115,-0.6645032,-0.025471628
1356442900355,-0.0048819184,-0.04790473,0.99884,-0.6804155,-0.7318185,-0.038423896,0.73281026,-0.6798138,-0.02902244
1356442900395,-0.019330978,-0.061736554,0.99790525,-0.6970812,-0.71466535,-0.057717115,0.71673155,-0.6967368,-0.029220268
1356442900435,-0.016829848,-0.055725336,0.9983043,-0.71297705,-0.6993261,-0.051056057,0.7009854,-0.7126273,-0.027961314
1356442900475,0.002128601,-0.035019487,0.99938434,-0.72703767,-0.68622875,-0.022497684,0.6865942,-0.72654223,-0.026921138
1356442900515,0.03563416,-0.0050200224,0.99935234,-0.73816043,-0.67423534,0.02293393,0.6736835,-0.7384995,-0.027731434
1356442900555,0.07949072,0.026177227,0.99649185,-0.74498105,-0.66264594,0.07683486,0.6623326,-0.7484752,-0.033172667
1356442900595,0.12717706,0.0462853,0.9907995,-0.7460742,-0.6537737,0.12630567,0.6536048,-0.7552731,-0.04861273
1356442900635,0.17191374,0.042434067,0.9841976,-0.7405437,-0.65328574,0.15752038,0.6496465,-0.75592124,-0.08088446
1356442900675,0.20946223,0.009517729,0.97777045,-0.7291757,-0.6647096,0.16267756,0.65148175,-0.7470412,-0.13229145
1356442900715,0.23939937,-0.04174882,0.97002316,-0.7149784,-0.68350995,0.14703736,0.6568819,-0.7287463,-0.19348137
1356442900755,0.26459318,-0.085953414,0.960522,-0.70071566,-0.7014494,0.13025483,0.6625617,-0.7075174,-0.24582762
1356442900795,0.28844404,-0.099393725,0.9523239,-0.6865971,-0.7147012,0.1333664,0.6673713,-0.6923316,-0.27439475
1356442900835,0.31146467,-0.07515153,0.94728136,-0.6721021,-0.7221373,0.1636962,0.6717652,-0.68765545,-0.27542976
1356442900874,0.33112967,-0.021910518,0.9433308,-0.6582321,-0.72167134,0.21429174,0.6760796,-0.691889,-0.253389
1356442900915,0.3450588,0.04779616,0.9373633,-0.6469145,-0.7114749,0.2744179,0.6800266,-0.70108414,-0.21458066
1356442900974,0.3512811,0.117703974,0.9288419,-0.64031845,-0.6935819,0.33005518,0.6830767,-0.71069676,-0.16827416
1356442900995,0.35065573,0.17926447,0.91918707,-0.6378955,-0.67288995,0.3745777,0.6856601,-0.71769315,-0.12160072
1356442901035,0.34443623,0.22887829,0.91048247,-0.6377635,-0.6546437,0.40583163,0.6889277,-0.7204556,-0.079512805
1356442901075,0.3334921,0.265132,0.90470326,-0.6384973,-0.642521,0.42366013,0.69361675,-0.7189379,-0.04498962
1356442901115,0.3183939,0.28803194,0.90314054,-0.63941944,-0.63809586,0.42892462,0.69983435,-0.7140526,-0.018992573
1356442901155,0.29881036,0.2973929,0.9067909,-0.6407913,-0.6416055,0.421579,0.7071766,-0.7070359,-0.0011515617
1356442901195,0.2742846,0.2933578,0.91581064,-0.6428096,-0.6523786,0.40149468,0.71523684,-0.69881576,0.00963575
1356442901234,0.24417752,0.27539486,0.9298038,-0.64558697,-0.6692973,0.36777526,0.72359854,-0.69007164,0.014363974
1356442901275,0.20774168,0.24099408,0.9480323,-0.64893854,-0.6912363,0.31791687,0.73193043,-0.6812593,0.012791749
1356442901315,0.16379273,0.18678123,0.96865094,-0.6529734,-0.715495,0.24837977,0.7394576,-0.6731861,0.004770372
1356442901355,0.113699496,0.11515981,0.98681843,-0.6581316,-0.7353465,0.16164231,0.7442682,-0.66783506,-0.007818192
1356442901395,0.06279427,0.038799167,0.997272,-0.66560775,-0.74293435,0.07081473,0.7436552,-0.66823876,-0.020826966
1356442901435,0.01947099,-0.024599195,0.9995077,-0.6759442,-0.73693603,-0.0049691796,0.73669547,-0.67551476,-0.030976549
1356442901475,-0.009341061,-0.06459966,0.9978676,-0.6883062,-0.72346115,-0.053278476,0.72536016,-0.6873361,-0.03770645
1356442901515,-0.019965112,-0.08005205,0.9965908,-0.701326,-0.7092936,-0.0710246,0.7125611,-0.700353,-0.04198152
1356442901555,-0.010901749,-0.07333991,0.99724746,-0.7140018,-0.6976441,-0.059111685,0.70005906,-0.7126808,-0.04475932
1356442901595,0.017683506,-0.047759116,0.9987024,-0.72519255,-0.6882536,-0.02007246,0.6883191,-0.72389656,-0.046805337
1356442901635,0.062877536,-0.008677393,0.9979835,-0.73315,-0.6788725,0.040289074,0.677154,-0.7342049,-0.04904765
1356442901675,0.11903936,0.03588292,0.99224097,-0.73599696,-0.6675821,0.11243984,0.666437,-0.74367106,-0.053058863
1356442901714,0.17864728,0.07493177,0.98105574,-0.73273957,-0.6553071,0.18348116,0.65664136,-0.7516368,-0.062163413
1356442901755,0.23419285,0.09509182,0.96752846,-0.72362685,-0.6475636,0.2388005,0.64924407,-0.7560549,-0.08284378
1356442901793,0.28232473,0.08848703,0.95522916,-0.7088939,-0.65163845,0.2698827,0.64634514,-0.75335073,-0.12124571
1356442901840,0.32204878,0.05666104,0.94502604,-0.68977296,-0.6696791,0.27521497,0.6484581,-0.74048597,-0.17658609
1356442901880,0.35318464,0.006973624,0.9355277,-0.66785353,-0.69839054,0.25733703,0.65515816,-0.7156829,-0.24200347
1356442901910,0.37963295,-0.023297727,0.9248438,-0.6485966,-0.7195575,0.24811172,0.6596979,-0.6940419,-0.28827858
1356442901951,0.401991,-0.02058354,0.9154122,-0.6300508,-0.73165435,0.26022673,0.6644089,-0.68136495,-0.30708712
1356442901982,0.41649365,0.0021247864,0.9091361,-0.6151531,-0.7356599,0.28353345,0.66941744,-0.6773478,-0.3050906
1356442902014,0.4244296,0.037718266,0.904675,-0.6040133,-0.73254687,0.31391552,0.6745572,-0.6796708,-0.28813222
1356442902053,0.42737347,0.09543571,0.89902383,-0.5956727,-0.7183245,0.3594215,0.6800925,-0.68913126,-0.25014436
1356442902093,0.4223563,0.15645486,0.8928253,-0.5943306,-0.695904,0.40309888,0.6843875,-0.70088476,-0.20093352
1356442902133,0.41191465,0.21206063,0.8862034,-0.59883004,-0.67004806,0.43867773,0.68682516,-0.71138304,-0.14901432
1356442902175,0.3984949,0.25896364,0.8798521,-0.6064479,-0.6452742,0.46458828,0.68805736,-0.71872044,-0.10009053
1356442902215,0.38369125,0.29684967,0.8744491,-0.61473626,-0.6245201,0.48174047,0.6891156,-0.7223952,-0.05713865
1356442902255,0.36808556,0.32546914,0.8709666,-0.6224459,-0.6096057,0.49085838,0.6907055,-0.72280747,-0.02180013
1356442902295,0.35171306,0.34482014,0.8702856,-0.6287359,-0.6017596,0.49252048,0.6935337,-0.7204057,0.0051541645
1356442902335,0.33375567,0.35419267,0.8735873,-0.63321793,-0.6022718,0.4861109,0.6983139,-0.7154134,0.023269473
1356442902375,0.31339872,0.35283285,0.8816407,-0.6353967,-0.6120533,0.47080976,0.7057282,-0.70774275,0.032372117
1356442902415,0.2895462,0.33882535,0.8951874,-0.63547355,-0.6313405,0.44450265,0.7157768,-0.69757193,0.032512277
1356442902455,0.26094097,0.30876166,0.9146453,-0.6352334,-0.6585175,0.40352625,0.7269033,-0.68630975,0.024301471
1356442902495,0.2264241,0.26009333,0.9386605,-0.6386784,-0.6879538,0.34468728,0.73540604,-0.67754763,0.010346744
1356442902535,0.18664986,0.19693965,0.96248466,-0.64926714,-0.71052897,0.27129465,0.7373019,-0.67554677,-0.0047536753
1356442902575,0.14595312,0.13204768,0.98043925,-0.6660664,-0.7196587,0.19607918,0.7314734,-0.68165594,-0.017083906
1356442902615,0.11127442,0.079019785,0.99064314,-0.68492085,-0.71617806,0.1340608,0.72007036,-0.69342965,-0.025569946
1356442902655,0.089113474,0.044846088,0.9950114,-0.7023965,-0.70545775,0.09470245,0.7061855,-0.7073318,-0.03136605
1356442902695,0.084040165,0.030758977,0.99598753,-0.71699136,-0.69225675,0.08187768,0.6919975,-0.7209954,-0.036123455
1356442902734,0.09834957,0.035242528,0.99452776,-0.72799516,-0.6788211,0.096047044,0.6784913,-0.73345757,-0.04110539
1356442902774,0.13096005,0.054116666,0.98990947,-0.7347453,-0.66506445,0.13356102,0.6655815,-0.74482256,-0.047334865
1356442902815,0.17820448,0.08105454,0.9806495,-0.73639166,-0.65004134,0.1875462,0.6526642,-0.7555636,-0.056152403
1356442902855,0.23286194,0.10576686,0.9667413,-0.732666,-0.6346096,0.2459093,0.6395123,-0.76556134,-0.070284694
1356442902895,0.2859161,0.11542088,0.9512781,-0.72428375,-0.62396383,0.29339772,0.62742734,-0.7728824,-0.09480384
1356442902935,0.33165383,0.102555424,0.93781024,-0.7116312,-0.6254144,0.32005924,0.6193438,-0.77352387,-0.13443944
1356442902974,0.36751717,0.06787565,0.92753655,-0.6955435,-0.6420003,0.3225753,0.61737376,-0.7636939,-0.18873566
1356442903012,0.39539117,0.030262351,0.91801417,-0.6784889,-0.6640653,0.3141179,0.6191273,-0.74706185,-0.24203289
1356442903054,0.41686207,0.007861376,0.9089358,-0.66146463,-0.68323773,0.30927455,0.6234505,-0.7301537,-0.27961588
1356442903095,0.434037,0.0146125555,0.9007765,-0.64397776,-0.6941842,0.32156026,0.6300036,-0.7196491,-0.29189146
1356442903135,0.4471338,0.051732212,0.89296985,-0.62617934,-0.6947863,0.3537956,0.6387259,-0.7173533,-0.27826878
1356442903175,0.45466742,0.1097478,0.8838738,-0.61005366,-0.68466914,0.39882666,0.6489315,-0.7205439,-0.24434471
1356442903215,0.45603782,0.17750472,0.8720789,-0.59735674,-0.6653145,0.44779634,0.65969276,-0.7251543,-0.19737494
1356442903255,0.45137823,0.24355981,0.85844994,-0.5894178,-0.6409064,0.49175775,0.6699585,-0.7279544,-0.1457327
1356442903295,0.44187778,0.300343,0.84530354,-0.5859355,-0.61688787,0.52547973,0.6792817,-0.7274912,-0.09660742
1356442903335,0.42896366,0.34488815,0.83489054,-0.5854399,-0.59772193,0.5477121,0.68793184,-0.72372687,-0.054489702
1356442903375,0.41359484,0.37672278,0.82886624,-0.58656037,-0.58602434,0.5590371,0.6963378,-0.71739495,-0.021406025
1356442903415,0.39599782,0.39580888,0.82856566,-0.58859456,-0.5831652,0.55988824,0.70479935,-0.70940375,0.0020387461
1356442903455,0.37579197,0.40189365,0.8350221,-0.5912232,-0.5898906,0.54998565,0.71360743,-0.7003646,0.015932709
1356442903495,0.3521657,0.3941456,0.84889853,-0.5940507,-0.6067547,0.52815974,0.7232449,-0.6902884,0.020464212
1356442903535,0.32338673,0.37028754,0.87080896,-0.59761345,-0.633589,0.4913482,0.7336751,-0.67930263,0.016394556
1356442903575,0.28725743,0.32622337,0.9005895,-0.6037926,-0.66822237,0.4346416,0.74358433,-0.6686233,0.005019458
1356442903615,0.24146998,0.25883222,0.935253,-0.61632067,-0.70352995,0.3538285,0.7495606,-0.6618547,-0.010357764
1356442903655,0.18765515,0.17515941,0.9664909,-0.63671315,-0.7275481,0.25548035,0.7479184,-0.66331965,-0.025001913
1356442903695,0.13414705,0.09450722,0.9864446,-0.66119856,-0.73292106,0.16013485,0.73811996,-0.6737174,-0.035831153
1356442903735,0.091049075,0.033477128,0.9952836,-0.6845352,-0.7237737,0.086966336,0.7232715,-0.68922484,-0.042982668
1356442903774,0.06441963,-0.00352633,0.99791664,-0.70429295,-0.70860827,0.04296097,0.7069805,-0.7055932,-0.04813181
1356442903814,0.056732118,-0.018658102,0.9982151,-0.7202614,-0.6931383,0.027979255,0.6913791,-0.7205631,-0.052761912
1356442903855,0.06801528,-0.01593399,0.99755704,-0.73291355,-0.67919594,0.03912258,0.67691326,-0.733784,-0.05787395
1356442903895,0.09662849,4.298687E-4,0.9953204,-0.7420313,-0.66645205,0.07232627,0.66336447,-0.74554765,-0.06407921
1356442903935,0.13774985,0.024135113,0.990173,-0.7470015,-0.6539284,0.119859844,0.65039504,-0.75617135,-0.07204957
1356442903973,0.18479872,0.046036303,0.98169756,-0.74743766,-0.6419985,0.17080691,0.6381117,-0.76532257,-0.08423127
1356442904013,0.23317426,0.05951017,0.97061235,-0.7423146,-0.6338739,0.2171934,0.628171,-0.77114356,-0.1036278
1356442904053,0.27321512,0.050281048,0.960638,-0.7325123,-0.63642234,0.24164498,0.6235216,-0.76970017,-0.13704872
1356442904095,0.30385286,0.016249388,0.95258045,-0.7181951,-0.6530589,0.24022901,0.6259947,-0.75713277,-0.18676358
1356442904135,0.3247828,-0.03434956,0.9451647,-0.7022517,-0.67815816,0.21666577,0.6335288,-0.73411274,-0.24437612
1356442904175,0.33758265,-0.08164212,0.9377487,-0.68827784,-0.7009994,0.18674469,0.642115,-0.7084733,-0.29283768
1356442904215,0.34497708,-0.10565284,0.93264586,-0.6768092,-0.71645397,0.16918346,0.6503231,-0.6895877,-0.31866702
1356442904255,0.3489241,-0.09706649,0.9321105,-0.6663165,-0.7251034,0.17391786,0.65899485,-0.6817647,-0.31768304
1356442904296,0.34981287,-0.056696504,0.93510234,-0.656021,-0.7274006,0.2013079,0.66878057,-0.68386686,-0.2916482
1356442904335,0.3465081,0.004226327,0.93803746,-0.64775735,-0.72221047,0.24253346,0.67848545,-0.69166046,-0.24751413
1356442904375,0.33949155,0.07554147,0.93757075,-0.64341843,-0.7084336,0.29005945,0.6861182,-0.7017231,-0.19190246
1356442904415,0.32906562,0.14442632,0.9331971,-0.6444777,-0.6879494,0.33372748,0.69019145,-0.71124303,-0.13330096
1356442904455,0.31655008,0.20337515,0.9265175,-0.64956194,-0.66533226,0.36797035,0.691278,-0.71831155,-0.0785062
1356442904495,0.3029427,0.24969867,0.9197153,-0.65604615,-0.64535576,0.3913046,0.6912519,-0.7219186,-0.031691913
1356442904535,0.28834045,0.2825951,0.91487694,-0.6618535,-0.6316437,0.40370294,0.6919608,-0.72191834,0.0049081445
1356442904575,0.27203113,0.30145204,0.91385216,-0.66560787,-0.6268962,0.40492892,0.6949571,-0.7184204,0.030113548
1356442904615,0.2529139,0.305857,0.9178704,-0.66617125,-0.6329371,0.39446986,0.70160556,-0.71122575,0.043674618
1356442904655,0.2298823,0.29569346,0.92721057,-0.6628948,-0.64997023,0.37163052,0.712548,-0.7000743,0.046597004
1356442904695,0.2021302,0.27001706,0.9414002,-0.6562499,-0.67617494,0.33484882,0.726966,-0.6854767,0.04052323
1356442904735,0.1692962,0.22669326,0.9591397,-0.6490082,-0.7067476,0.28159565,0.74170554,-0.6701626,0.027476102
1356442904774,0.13238794,0.16739854,0.9769602,-0.64630044,-0.73271555,0.21312831,0.7515112,-0.6596254,0.011187047
1356442904815,0.09503502,0.10270384,0.9901617,-0.6524079,-0.744848,0.13987651,0.75188583,-0.65928245,-0.003781855
1356442904855,0.06262034,0.047917157,0.9968865,-0.6664957,-0.74146897,0.07750657,0.74287426,-0.6692741,-0.014494449
1356442904895,0.040100157,0.0117717385,0.9991264,-0.6843947,-0.7282201,0.036048263,0.7280082,-0.6852423,-0.021145284
1356442904935,0.030332923,-0.0050112903,0.9995273,-0.70207167,-0.7118854,0.017736822,0.71146005,-0.7022778,-0.02511184
1356442904973,0.034358323,-0.005122006,0.99939644,-0.7177162,-0.69601583,0.021107286,0.6954876,-0.7180083,-0.027590126
1356442905012,0.052864194,0.008788019,0.998563,-0.72995365,-0.6820369,0.044646293,0.68144923,-0.7312648,-0.029640421
1356442905053,0.08123803,0.029931188,0.99624515,-0.7387369,-0.6691878,0.08034477,0.66908,-0.7424902,-0.032252178
1356442905093,0.11848372,0.054843813,0.99144024,-0.7435634,-0.65684056,0.12519544,0.65808433,-0.75203234,-0.037045076
1356442905133,0.16081995,0.074639976,0.9841574,-0.7438327,-0.6462368,0.17056036,0.6487294,-0.759478,-0.04840806
1356442905173,0.20492828,0.07755622,0.9756994,-0.7384957,-0.64197475,0.206137,0.64236164,-0.7627932,-0.07428381
1356442905213,0.24848741,0.054962903,0.9670745,-0.72679996,-0.6494141,0.22365838,0.6403247,-0.75844604,-0.1214242
1356442905253,0.2896092,0.010150582,0.95709115,-0.71006227,-0.6682448,0.22194713,0.64182407,-0.7438722,-0.18632227
1356442905293,0.32561934,-0.039486736,0.94467604,-0.6916934,-0.6911275,0.20953047,0.6446179,-0.7216534,-0.25235718
1356442905334,0.35383654,-0.07253295,0.9324906,-0.6746141,-0.7103543,0.20073019,0.6478392,-0.7000969,-0.30028105
1356442905375,0.37266737,-0.07729554,0.9247402,-0.6603827,-0.72218734,0.20576723,0.6519308,-0.6873652,-0.3201803
1356442905415,0.38131154,-0.05501932,0.9228079,-0.65015125,-0.7256064,0.22538579,0.6571947,-0.6859069,-0.31245297
1356442905455,0.3797207,-0.012182772,0.925021,-0.6444667,-0.7208379,0.25505966,0.6636829,-0.6929966,-0.28156847
1356442905495,0.368559,0.041868687,0.92866105,-0.6438479,-0.7090889,0.28749412,0.6705403,-0.70387495,-0.23438406
1356442905535,0.3496495,0.097002596,0.93184537,-0.6484132,-0.6928689,0.31542516,0.6762437,-0.7145091,-0.17936349
1356442905574,0.32556927,0.14520931,0.93430126,-0.65676093,-0.6761277,0.33394074,0.6801983,-0.72233343,-0.12475857
1356442905614,0.29877937,0.18332615,0.9365482,-0.6660303,-0.66279036,0.34221715,0.68347245,-0.7260168,-0.07592732
1356442905655,0.27056003,0.2097942,0.9395657,-0.67384446,-0.65575695,0.34046513,0.6875543,-0.7252374,-0.036052972
1356442905695,0.24145979,0.2238994,0.9442278,-0.67907095,-0.6561017,0.32923102,0.6932242,-0.7206937,-0.0063785613
1356442905735,0.21127355,0.22483858,0.95121557,-0.68136144,-0.6638712,0.3082556,0.7007925,-0.71324784,0.012937963
