1356443906554,0.7237,-0.05158764,-0.6881839,-0.68691504,-0.14976256,-0.7111391,-0.06637815,0.98737526,-0.14381948
1356443906573,-0.76722336,-0.14263403,-0.625319,-0.6379361,0.06880462,0.7670094,-0.066376835,0.9873811,-0.14377987
1356443906592,-0.7673701,-0.14248492,-0.625173,-0.6377649,0.06875175,0.7671566,-0.06632647,0.9874064,-0.14362997
1356443906634,-0.7683031,-0.14156428,-0.6242355,-0.6367105,0.0689978,0.76800984,-0.06565189,0.9875216,-0.14314675
1356443906675,-0.7709618,-0.1388032,-0.6215718,-0.63375807,0.0706653,0.77029675,-0.06299612,0.98779553,-0.14244783
1356443906715,-0.77647924,-0.1328455,-0.6159806,-0.6275909,0.075146556,0.7749082,-0.056654215,0.9882839,-0.14172244
1356443906755,-0.7845631,-0.12348613,-0.6076281,-0.6182872,0.08198637,0.7816644,-0.04670748,0.9889537,-0.1406734
1356443906793,-0.7942712,-0.11132021,-0.5972781,-0.6065688,0.089062035,0.7900267,-0.034751147,0.98978573,-0.13826275
1356443906833,-0.80383795,-0.09790224,-0.5867365,-0.59438694,0.09335166,0.7987426,-0.023425877,0.99080807,-0.1332314
1356443906873,-0.81259614,-0.0842188,-0.57671016,-0.5826468,0.092772245,0.8074131,-0.014496684,0.9921192,-0.12445611
1356443906913,-0.82178664,-0.069818586,-0.5655017,-0.5697366,0.086429775,0.8172699,-0.008184433,0.9938085,-0.110805094
1356443906955,-0.8338745,-0.05336103,-0.5493687,-0.55194116,0.073803484,0.8306106,-0.003776908,0.9958442,-0.09099507
1356443906994,-0.85116154,-0.03356126,-0.52382976,-0.5249034,0.053331554,0.8494893,-5.732775E-4,0.9980127,-0.063010216
1356443907035,-0.87161297,-0.01288563,-0.4900252,-0.49019212,0.02607572,0.8712242,0.0015514493,0.99957687,-0.02904433
1356443907077,-0.8919815,0.0060171485,-0.45203173,-0.4520662,-0.0069124103,0.8919576,0.0022424012,0.999958,0.00888592
1356443907115,-0.9091505,0.020490035,-0.41596353,-0.4164654,-0.041276276,0.90821415,0.0014399141,0.99893767,0.046059668
1356443907155,-0.921582,0.030003563,-0.3870225,-0.3881836,-0.07220721,0.9187489,-3.8008392E-4,0.9969383,0.07819176
1356443907195,-0.9287907,0.035664424,-0.3688845,-0.37059236,-0.09745175,0.923669,-0.0030063242,0.994601,0.10372931
1356443907235,-0.9299507,0.038926005,-0.3656179,-0.36762175,-0.11676228,0.9226163,-0.006776601,0.9923968,0.122893214
1356443907275,-0.923106,0.041257963,-0.3823257,-0.3843416,-0.13135207,0.9137987,-0.01251781,0.99047685,0.1371091
1356443907315,-0.90408164,0.044631436,-0.42502266,-0.42685288,-0.1427213,0.8929878,-0.02080448,0.9887561,0.1480828
1356443907374,-0.8661644,0.05136755,-0.49711245,-0.49874178,-0.15229094,0.8532668,-0.03187549,0.9869999,0.1575281
1356443907393,-0.80126554,0.06498766,-0.5947689,-0.59661484,-0.16153824,0.7861018,-0.044991046,0.9847243,0.1682077
1356443907434,-0.7125569,0.08921835,-0.69591856,-0.69922006,-0.1721729,0.6938644,-0.057912946,0.9810181,0.18506628
1356443907470,-0.6268314,0.12513274,-0.76904106,-0.7762678,-0.18518639,0.60258967,-0.06701222,0.97470397,0.21321714
1356443907500,-0.56191176,0.16631114,-0.81030583,-0.82411355,-0.19705576,0.5310421,-0.07135728,0.96618295,0.24778736
1356443907540,-0.5512937,0.20981833,-0.807497,-0.8315847,-0.2163729,0.5115169,-0.06739485,0.95349824,0.29376674
1356443907580,-0.5584909,0.24928465,-0.79116696,-0.8273907,-0.23555541,0.50984156,-0.059267998,0.93934596,0.33781138
1356443907610,-0.558501,0.27884206,-0.78123224,-0.82784355,-0.24692577,0.5036891,-0.052456647,0.9280489,0.3687459
1356443907654,-0.5289655,0.29539102,-0.7955751,-0.8471734,-0.23895419,0.4745505,-0.04992807,0.9250108,0.37664595
1356443907693,-0.4688701,0.29616237,-0.832135,-0.88170826,-0.21288407,0.42103553,-0.0524534,0.93111134,0.36094373
1356443907733,-0.38091063,0.27902558,-0.8815054,-0.9227452,-0.17526758,0.3432529,-0.058722973,0.94415355,0.32423082
1356443907773,-0.28361756,0.24488679,-0.92714155,-0.95667315,-0.13866049,0.2560269,-0.06586027,0.9595852,0.27360317
1356443907813,-0.2011779,0.19966432,-0.95898986,-0.9770143,-0.111361146,0.18177348,-0.07050052,0.9735157,0.21747833
1356443907853,-0.15103424,0.15084466,-0.97695166,-0.9860604,-0.09278399,0.13811621,-0.069811285,0.98419356,0.16275543
1356443907893,-0.14124715,0.10416213,-0.9844793,-0.9879787,-0.07794392,0.13350236,-0.0628283,0.99150133,0.11391929
1356443907933,-0.17217594,0.062936544,-0.98305357,-0.9837607,-0.062347233,0.16830823,-0.050697893,0.9960681,0.07264924
1356443907973,-0.24096906,0.029272676,-0.9700912,-0.9698712,-0.044163287,0.23958176,-0.035829157,0.9985954,0.039032638
1356443908013,-0.3423447,0.0055773854,-0.9395579,-0.9393536,-0.023713708,0.34212947,-0.020372182,0.9997033,0.013357341
1356443908053,-0.46657705,-0.0053258836,-0.8844645,-0.88446736,-0.0026362538,0.4665945,-0.0048167408,0.99998236,-0.003480494
1356443908093,-0.5989787,-0.0013253093,-0.80076396,-0.8006777,0.015754879,0.5988881,0.011822253,0.999875,-0.010498047
1356443908133,-0.7215934,0.017027259,-0.6921077,-0.6916598,0.02582246,0.7217617,0.03016156,0.9995215,-0.0068562627
1356443908173,-0.8173602,0.04339984,-0.5744901,-0.574103,0.02215463,0.8184833,0.048249632,0.99881214,0.006807685
1356443908213,-0.87917346,0.06640513,-0.47185212,-0.47256112,0.0055832267,0.88128024,0.06115599,0.99777716,0.026471853
1356443908253,-0.9134795,0.07763465,-0.39940965,-0.4017375,-0.016443789,0.9156073,0.06451504,0.99684626,0.046209812
1356443908293,-0.93108004,0.07653122,-0.35669744,-0.36012608,-0.03655231,0.9321873,0.05830331,0.996397,0.06159395
1356443908333,-0.93915594,0.06714052,-0.33686537,-0.34042275,-0.051141262,0.9388807,0.04580921,0.99643195,0.07088578
1356443908373,-0.9406192,0.053517878,-0.33521873,-0.3381031,-0.05936569,0.93923485,0.030365378,0.99680066,0.07393491
1356443908413,-0.93566275,0.03827326,-0.35081404,-0.35261416,-0.061698377,0.93373257,0.014092356,0.99736077,0.07122451
1356443908455,-0.9223335,0.022462428,-0.38574123,-0.38638812,-0.059430778,0.9204196,-0.0022500604,0.99797964,0.063494265
1356443908495,-0.8960044,0.006213397,-0.44400182,-0.44363886,-0.055296957,0.8944981,-0.018994093,0.99845064,0.052302837
1356443908535,-0.8501641,-0.0085222125,-0.5264488,-0.5252693,-0.055085957,0.84915113,-0.03623657,0.9984453,0.042355657
1356443908594,-0.7852291,-0.013613075,-0.61905575,-0.6170269,-0.06658703,0.7841199,-0.05189532,0.99768776,0.043886364
1356443908615,-0.7210441,0.00322932,-0.6928816,-0.69013435,-0.0924291,0.7177544,-0.061724544,0.995714,0.06887412
1356443908655,-0.68689257,0.044685006,-0.725384,-0.7239751,-0.12935013,0.6775903,-0.06355038,0.9905917,0.12120044
1356443908695,-0.6813592,0.095414996,-0.7257036,-0.7294383,-0.17056966,0.6624392,-0.06057638,0.98071504,0.18581855
1356443908735,-0.6799078,0.13591555,-0.7205916,-0.7310114,-0.20316297,0.6514194,-0.05785954,0.96966577,0.23748797
1356443908775,-0.66512024,0.1567285,-0.7301036,-0.744505,-0.21470821,0.6321493,-0.057683438,0.964021,0.25949192
1356443908815,-0.632829,0.15712395,-0.7581818,-0.77200806,-0.20318753,0.6022611,-0.059423417,0.96645075,0.24988377
1356443908855,-0.5883717,0.14065707,-0.79626274,-0.8062789,-0.17646736,0.5646004,-0.06109935,0.9742047,0.21723723
1356443908895,-0.54440856,0.113685936,-0.83108056,-0.83663356,-0.14508474,0.52819955,-0.06052828,0.98286617,0.17409885
1356443908935,-0.51529866,0.083275735,-0.8529551,-0.8551727,-0.115110755,0.50539994,-0.056096762,0.9898559,0.13053161
1356443908975,-0.5097439,0.054420084,-0.85860324,-0.85903084,-0.08693987,0.50448734,-0.047192633,0.994726,0.091065705
1356443909015,-0.5292411,0.029620618,-0.8479542,-0.8477665,-0.059188902,0.5270564,-0.034577787,0.9978072,0.0564366
1356443909055,-0.5718899,0.010665238,-0.8202611,-0.82008284,-0.031996727,0.57134956,-0.020152122,0.9994311,0.027045012
1356443909095,-0.6349875,1.7222762E-4,-0.77252245,-0.77250445,-0.0069692135,0.63497114,-0.005274534,0.9999757,0.004558444
1356443909135,-0.71426326,0.0015043616,-0.6998755,-0.69979984,0.013320684,0.7142148,0.010397226,0.9999101,-0.008461654
1356443909175,-0.80004954,0.016773015,-0.5996994,-0.5992873,0.024054646,0.80017257,0.027846843,0.9995699,-0.009193063
1356443909215,-0.8753506,0.04175125,-0.48168284,-0.48129815,0.019484699,0.8763404,0.045973778,0.9989381,0.0030388236
1356443909255,-0.9262212,0.06505412,-0.3713251,-0.3721059,1.2278557E-4,0.9281903,0.060428232,0.9978817,0.02409321
1356443909295,-0.95385957,0.077015325,-0.29020768,-0.29284006,-0.025178611,0.9558298,0.06630652,0.9967119,0.046570122
1356443909335,-0.96732396,0.07642866,-0.24175002,-0.24572295,-0.04760611,0.9681704,0.0624872,0.99593794,0.06483072
1356443909375,-0.9733421,0.06766567,-0.21914944,-0.22338372,-0.06301576,0.9726915,0.05200795,0.99571604,0.0764513
1356443909415,-0.97446454,0.05516684,-0.21765885,-0.22125113,-0.07057458,0.9726598,0.038297385,0.9959798,0.080978215
1356443909455,-0.970319,0.041391887,-0.23826018,-0.24071506,-0.070865035,0.9680054,0.023183279,0.99662673,0.07872528
1356443909495,-0.9572345,0.026922703,-0.28805786,-0.2892317,-0.065407455,0.955022,0.0068706423,0.9974954,0.07039708
1356443909535,-0.9248638,0.0112115,-0.38013303,-0.38012373,-0.05753845,0.9231442,-0.011522427,0.9982803,0.057477057
1356443909595,-0.8514059,-0.0035214722,-0.52449566,-0.52353275,-0.055227995,0.8502137,-0.03196086,0.9984676,0.045177758
1356443909615,-0.7203699,-0.005680412,-0.6935668,-0.69171834,-0.06752932,0.71900314,-0.050920367,0.9977011,0.044716895
1356443909655,-0.5764631,0.020596981,-0.81686354,-0.8147481,-0.09065318,0.5726845,-0.06225568,0.9956695,0.06903958
1356443909695,-0.49360722,0.07402262,-0.86652905,-0.86739683,-0.11413151,0.48435193,-0.06304526,0.9907041,0.12054312
1356443909735,-0.4723311,0.13520092,-0.8709903,-0.8795735,-0.13624811,0.45583645,-0.057041317,0.98140574,0.18327338
1356443909775,-0.46441752,0.18383345,-0.8663266,-0.8841939,-0.15166926,0.44181174,-0.05017531,0.97118574,0.23298222
1356443909815,-0.43616897,0.21022394,-0.87496436,-0.89873517,-0.15047479,0.41186476,-0.04507625,0.9660038,0.25456804
1356443909855,-0.37745982,0.21308836,-0.9011756,-0.9251162,-0.12989885,0.35677204,-0.04103771,0.96835923,0.24616313
1356443909895,-0.29477197,0.19524142,-0.93540907,-0.95486605,-0.09768611,0.280514,-0.036608487,0.9758781,0.21522453
1356443909935,-0.2041884,0.162694,-0.9653175,-0.9784342,-0.06535059,0.19594875,-0.031204402,0.98451006,0.17252919
1356443909975,-0.12656397,0.12366885,-0.98421925,-0.99165016,-0.04050857,0.12242955,-0.024728596,0.9914964,0.12776315
1356443910015,-0.07822132,0.085225314,-0.9932865,-0.9967947,-0.023458838,0.07648483,-0.01678291,0.9960855,0.086787105
1356443910055,-0.06976467,0.051485986,-0.99623394,-0.9975376,-0.010782838,0.069298774,-0.0071743727,0.9986155,0.052111447
1356443910095,-0.1140461,0.025289178,-0.9931535,-0.9934685,8.3732605E-4,0.114103556,0.003717184,0.9996798,0.025028467
1356443910135,-0.22958791,0.010327727,-0.97323316,-0.9731562,0.014013946,0.22971845,0.016011357,0.9998485,0.006833017
1356443910175,-0.43369722,0.012738854,-0.9009687,-0.9005381,0.027858734,0.43388385,0.030627042,0.99953073,-6.104708E-4
1356443910215,-0.68897945,0.035867363,-0.72389287,-0.7232212,0.031467497,0.68989927,0.047523975,0.998861,0.0042595863
1356443910255,-0.87484723,0.06512904,-0.4800005,-0.48023158,0.013086617,0.8770441,0.06340261,0.99779105,0.0198282
1356443910295,-0.95305586,0.0811793,-0.29170942,-0.2939903,-0.017459989,0.95564896,0.07248567,0.99654657,0.040506244
1356443910334,-0.9779351,0.08164793,-0.19229272,-0.19635305,-0.044940174,0.97950286,0.0713327,0.9956475,0.059980452
1356443910375,-0.9854021,0.07233655,-0.15411031,-0.15875655,-0.06357795,0.98526853,0.061472915,0.99535173,0.07413381
1356443910415,-0.9862736,0.05891862,-0.15425001,-0.158347,-0.07269049,0.9847042,0.046804916,0.9956127,0.0810222
1356443910455,-0.9812447,0.04513508,-0.18740784,-0.19034372,-0.073215246,0.9789836,0.030465394,0.9962943,0.08043325
1356443910495,-0.9632578,0.032433286,-0.26661292,-0.268246,-0.066802144,0.9610315,0.0133591,0.99723893,0.07304776
1356443910535,-0.9038613,0.021318868,-0.42729425,-0.42779565,-0.05689186,0.90208334,-0.005078152,0.9981528,0.060542405
1356443910593,-0.71231914,0.014621973,-0.70170337,-0.7013866,-0.051378846,0.71092695,-0.025657535,0.9985722,0.04685378
1356443910615,-0.31409168,0.025024086,-0.9490627,-0.94827724,-0.056709826,0.3123365,-0.04600528,0.998077,0.041541874
1356443910655,0.020745397,0.059417456,-0.99801767,-0.99796414,-0.058984518,-0.024255991,-0.060308844,0.99648905,0.058072805
1356443910695,0.1587252,0.11076006,-0.9810904,-0.985221,-0.04703468,-0.16470343,-0.06438789,0.99273354,0.10165754
1356443910735,0.19264993,0.16816297,-0.96675086,-0.9793929,-0.027918786,-0.2000255,-0.06062743,0.9853638,0.15931907
1356443910775,0.21216899,0.21423101,-0.95346177,-0.9756993,-0.0082012415,-0.21896008,-0.054727644,0.9767486,0.20728502
1356443910815,0.2645275,0.23341963,-0.93570316,-0.96308756,0.01376307,-0.26883593,-0.04987347,0.9722787,0.22844431
1356443910855,0.3492025,0.2223947,-0.91027373,-0.93592644,0.035279095,-0.35042423,-0.045818806,0.9743182,0.22046462
1356443910895,0.43916154,0.1904662,-0.8779862,-0.8974658,0.048258305,-0.43843618,-0.04113716,0.9805069,0.1921301
1356443910935,0.51033086,0.15187645,-0.8464608,-0.8592801,0.050404847,-0.5090157,-0.034641773,0.98711336,0.15622759
1356443910975,0.5580012,0.11480051,-0.8218609,-0.82945114,0.046839297,-0.5566119,-0.025403976,0.9922836,0.12135783
1356443911015,0.58506066,0.081572264,-0.80687666,-0.81087315,0.041982174,-0.5837141,-0.01374045,0.99578285,0.09070687
1356443911055,0.59652805,0.051757127,-0.8009217,-0.8025913,0.03695534,-0.5953835,-0.0012169182,0.9979758,0.063584685
1356443911095,0.5923902,0.025934488,-0.8052337,-0.8055837,0.032008827,-0.5916167,0.0104313195,0.99915105,0.039854094
1356443911135,0.56907374,0.0056791306,-0.8222669,-0.8220072,0.02999045,-0.56868684,0.021430492,0.999534,0.021735102
1356443911175,0.51961225,-0.006771326,-0.85437536,-0.85371995,0.03583865,-0.5194977,0.03413737,0.99933463,0.012841374
1356443911215,0.43026102,-0.0072985888,-0.90267503,-0.90132153,0.051857054,-0.4300352,0.049948722,0.9986278,0.01573369
1356443911255,0.28126866,0.00948748,-0.9595822,-0.9573914,0.07102144,-0.27992433,0.06549516,0.99742967,0.02905935
1356443911295,0.076121986,0.04191351,-0.99621725,-0.9943738,0.07700306,-0.07274142,0.07366291,0.99614954,0.047539353
1356443911335,-0.120397925,0.07344255,-0.99000525,-0.99025154,0.06147802,0.124988556,0.07004306,0.9954027,0.06532478
1356443911375,-0.24160272,0.08988908,-0.9662029,-0.9687145,0.035887063,0.24556944,0.05674821,0.99530494,0.07840645
1356443911416,-0.27872443,0.09224367,-0.9559309,-0.95957553,0.013758957,0.28111476,0.03908372,0.9956414,0.08467978
1356443911455,-0.24543595,0.08608183,-0.9655832,-0.9691875,-3.183484E-4,0.24632376,0.020896584,0.996288,0.0835076
1356443911495,-0.15326273,0.07480106,-0.9853504,-0.9881799,-0.008252561,0.15307632,0.0033186078,0.99716437,0.07518166
1356443911535,-0.018043637,0.060510546,-0.99800444,-0.9997351,-0.015358388,0.017143697,-0.014290303,0.9980494,0.060771644
1356443911595,0.12902167,0.04765895,-0.9904958,-0.99110997,-0.026510268,-0.1303772,-0.032471985,0.9985118,0.043814868
1356443911615,0.24995804,0.04454696,-0.9672314,-0.9670044,-0.039303005,-0.25170952,-0.049227983,0.99823385,0.033253044
1356443911655,0.32283282,0.06028697,-0.94453394,-0.9445834,-0.042221665,-0.32554466,-0.05950594,0.9972877,0.04331556
1356443911695,0.34921944,0.09836134,-0.93186414,-0.93510246,-0.027352214,-0.35332015,-0.06024161,0.9947748,0.08242604
1356443911735,0.34484485,0.15166503,-0.9263259,-0.9370832,-0.0015467107,-0.3491027,-0.054379433,0.98843074,0.1415894
1356443911773,0.33464184,0.20086405,-0.9206891,-0.94117,0.022458047,-0.33718637,-0.047051787,0.97936165,0.19656262
1356443911813,0.33685538,0.22780418,-0.9135829,-0.9407407,0.04104969,-0.33663315,-0.039184153,0.9728413,0.22813249
1356443911853,0.35387152,0.22694656,-0.9073424,-0.9348483,0.055879295,-0.35062248,-0.02887088,0.97230285,0.23193468
1356443911893,0.37768632,0.2040064,-0.90318024,-0.9257966,0.06642294,-0.37214068,-0.015927166,0.97671366,0.21395548
1356443911933,0.39889517,0.16872385,-0.9013406,-0.91699016,0.06973681,-0.39276677,-0.0034125447,0.9831932,0.18253583
1356443911975,0.4113289,0.12946078,-0.90224636,-0.9114729,0.0639146,-0.40636438,0.0050584376,0.9895225,0.14428994
1356443912015,0.41261443,0.090923965,-0.9063566,-0.9108662,0.050461143,-0.40960526,0.008492887,0.9945786,0.10364056
1356443912055,0.4020581,0.055054635,-0.9139575,-0.9155754,0.033355802,-0.40076062,0.008422077,0.997926,0.06381765
1356443912095,0.37749565,0.02364868,-0.9257093,-0.9259804,0.017810702,-0.3771512,0.0075683594,0.9995616,0.028621703
1356443912135,0.33582765,-8.1682205E-4,-0.94192314,-0.9418788,0.009449303,-0.33582008,0.009174854,0.99995506,0.0024039447
1356443912175,0.271042,-0.01453796,-0.96245766,-0.9624251,0.013101697,-0.2712307,0.016552925,0.99980843,-0.010440558
1356443912215,0.17546251,-0.012707144,-0.98440415,-0.983992,0.029412419,-0.1757687,0.031187236,0.99948657,-0.0073429644
1356443912255,0.044316262,0.008429408,-0.998982,-0.9977261,0.05120334,-0.043828487,0.050781786,0.9986527,0.010679364
1356443912295,-0.111846566,0.044117957,-0.99274564,-0.9914056,0.06327009,0.11450735,0.06786296,0.99702084,0.03666222
1356443912335,-0.26068842,0.079141825,-0.96217364,-0.96247303,0.056545734,0.26542068,0.07541269,0.99525833,0.06143105
1356443912375,-0.37354195,0.10096231,-0.9221025,-0.9248166,0.036599636,0.3786487,0.071977854,0.99421686,0.07970011
1356443912415,-0.44293588,0.10723072,-0.8901175,-0.89449006,0.014460623,0.44685376,0.060788065,0.99412894,0.08951175
1356443912455,-0.47203374,0.10166034,-0.8756994,-0.880411,-0.0032112002,0.47420064,0.045395374,0.99481404,0.09101862
1356443912495,-0.46403903,0.08832279,-0.88140047,-0.8853768,-0.0149617195,0.4646332,0.02785045,0.9959794,0.08514184
1356443912535,-0.4192729,0.0698154,-0.9051719,-0.90781957,-0.022793949,0.41874117,0.008602172,0.9972995,0.072936594
1356443912628,-0.339159,0.04889694,-0.9394575,-0.94064486,-0.030989587,0.33797473,-0.012587428,0.998323,0.056505024
1356443912630,-0.23756444,0.033485293,-0.97079444,-0.9707246,-0.04466057,0.23600686,-0.03545344,0.99844086,0.04311478
1356443912650,-0.12475878,0.034666985,-0.9915813,-0.99075174,-0.05809045,0.12262347,-0.05335036,0.9977093,0.04159361
1356443912690,-0.069636285,0.067707986,-0.99527204,-0.99592376,-0.062054813,0.065460294,-0.057329267,0.99577343,0.07175326
1356443912733,-0.055758655,0.12607956,-0.99045193,-0.99729204,-0.054677427,0.049183547,-0.04795435,0.9905122,0.12878683
1356443912773,-0.054807782,0.1853657,-0.98114,-0.99792063,-0.04354906,0.04751748,-0.033919603,0.9817042,0.18736711
1356443912813,-0.039676428,0.22234622,-0.97416013,-0.99895644,-0.030901372,0.03363329,-0.022624612,0.97447795,0.22334021
1356443912853,0.002523899,0.22681314,-0.97393495,-0.99986285,-0.015365541,-0.0061694384,-0.016364396,0.973817,0.22674331
1356443912893,0.06580645,0.20308268,-0.9769478,-0.9977368,-1.6021729E-4,-0.06724006,-0.013811797,0.97916156,0.20261246
1356443912933,0.13374096,0.16378209,-0.97738874,-0.9909371,0.00963515,-0.13398027,-0.0125263035,0.9864495,0.16358638
1356443912973,0.19137791,0.1215381,-0.9739625,-0.98146373,0.013415128,-0.19117776,-0.010169566,0.99249613,0.12185261
1356443913013,0.2325741,0.0828414,-0.9690442,-0.9725646,0.014431417,-0.23218533,-0.005249828,0.9964583,0.08392495
1356443913053,0.25780112,0.048727363,-0.96496844,-0.96619546,0.015247941,-0.25735888,0.0021732748,0.9986956,0.051011175
1356443913093,0.26807684,0.0191437,-0.9632073,-0.96333754,0.016485631,-0.26778546,0.010752678,0.9996809,0.022861242
1356443913133,0.262318,-0.0047004223,-0.9649701,-0.96478015,0.01915142,-0.26235962,0.01971379,0.99980557,4.888475E-4
1356443913175,0.2377378,-0.020385683,-0.97111535,-0.97085243,0.026337236,-0.23822623,0.03043282,0.99944514,-0.013530076
1356443913215,0.19006571,-0.024286538,-0.98147094,-0.9807334,0.041261405,-0.19094387,0.045134217,0.9988532,-0.01597619
1356443913255,0.115285605,-0.012375921,-0.9932553,-0.9913144,0.06227109,-0.1158362,0.063284695,0.99798256,-0.005089551
1356443913295,0.018874466,0.01412195,-0.9997221,-0.99670035,0.07921547,-0.017698377,0.07894352,0.9967574,0.015570521
1356443913335,-0.077943444,0.045746088,-0.9959078,-0.99332285,0.08166313,0.081492215,0.08505693,0.99560964,0.039075494
1356443913375,-0.15018946,0.07065809,-0.9861291,-0.9854369,0.069741964,0.15508118,0.07973236,0.9950596,0.05915457
1356443913415,-0.1854698,0.08393666,-0.9790586,-0.9803752,0.051950216,0.190173,0.06682482,0.995116,0.07265419
1356443913455,-0.18304843,0.08687347,-0.97925806,-0.98177665,0.035587847,0.18667632,0.051066905,0.9955835,0.07877612
1356443913495,-0.14650142,0.08219203,-0.98579,-0.988598,0.02289766,0.14882782,0.03480473,0.9963535,0.07790035
1356443913535,-0.081403494,0.07215157,-0.9940662,-0.99651563,0.012286603,0.08249593,0.018165886,0.9973179,0.07090002
1356443913596,0.003367424,0.05901867,-0.9982512,-0.99999434,2.9802322E-4,-0.0033557117,9.942055E-5,0.9982568,0.059019357
1356443913615,0.094100654,0.047108352,-0.9944475,-0.99535996,-0.015704274,-0.09493089,-0.02008909,0.9987663,0.045411974
1356443913655,0.17399123,0.04496479,-0.98372006,-0.98393285,-0.03267929,-0.17552254,-0.04003966,0.99845386,0.038556457
1356443913695,0.23018587,0.06256509,-0.97113335,-0.97168756,-0.039850056,-0.23288453,-0.05327019,0.99724495,0.05162081
1356443913734,0.25934437,0.10402787,-0.96016604,-0.96426034,-0.027950317,-0.26347852,-0.05424601,0.99418163,0.09306112
1356443913775,0.26757562,0.16261616,-0.9497154,-0.96252334,-8.666515E-5,-0.27119902,-0.044183612,0.98668945,0.15649864
1356443913815,0.26876086,0.21790913,-0.9382341,-0.9626869,0.02876544,-0.26908448,-0.031647265,0.97554505,0.2175093
1356443913855,0.2735797,0.2509268,-0.92854184,-0.9615671,0.04796514,-0.270348,-0.023299932,0.96681696,0.25440523
1356443913895,0.28517348,0.25369874,-0.92429054,-0.9582664,0.055301428,-0.28047693,-0.020042092,0.9657011,0.25888148
1356443913934,0.2988781,0.23092765,-0.9259289,-0.95410115,0.052942067,-0.29476786,-0.019049466,0.9715295,0.23615155
1356443913975,0.3104698,0.1906642,-0.9312656,-0.9504241,0.04433459,-0.30778003,-0.017395377,0.98065364,0.19497645
1356443914015,0.31291378,0.14489397,-0.93866426,-0.9496888,0.033925593,-0.31135204,-0.013268352,0.9888654,0.14822
1356443914055,0.3039838,0.10140684,-0.94726473,-0.9526588,0.026167393,-0.3029135,-0.005930066,0.9945008,0.10456061
1356443914095,0.2834844,0.063329756,-0.95688343,-0.958968,0.023019731,-0.28257838,0.0041315854,0.99772716,0.0672569
1356443914135,0.2518821,0.03130302,-0.9672516,-0.96763647,0.02398327,-0.25120628,0.015334427,0.9992223,0.03633082
1356443914175,0.2086877,0.0061295033,-0.9779631,-0.9776272,0.028253227,-0.2084389,0.026352972,0.99958205,0.011888474
1356443914214,0.15185708,-0.01013267,-0.98835045,-0.9876955,0.03625524,-0.15212807,0.037374318,0.99929106,-0.0045023263
1356443914255,0.0779044,-0.013807088,-0.99686515,-0.99571276,0.048939824,-0.078492135,0.049870104,0.9987062,-0.00993517
1356443914295,-0.01729235,-0.0014558434,-0.99984944,-0.99781585,0.06378773,0.01716432,0.06375316,0.99796236,-0.002555728
1356443914335,-0.12974143,0.025637925,-0.9912164,-0.9886953,0.072428465,0.13128486,0.07515815,0.9970441,0.015951157
1356443914375,-0.24297398,0.057237655,-0.96834266,-0.9669168,0.065659046,0.24649727,0.07768932,0.99619913,0.039390624
1356443914415,-0.33598202,0.08048752,-0.93842304,-0.9393743,0.04382509,0.34008142,0.06849882,0.9957917,0.060883403
1356443914455,-0.39788675,0.09035039,-0.9129748,-0.91601384,0.016236126,0.40081796,0.051037252,0.9957776,0.07630199
1356443914495,-0.4279732,0.08941743,-0.8993572,-0.9032568,-0.008093655,0.42902416,0.031083137,0.99596137,0.08423078
1356443914535,-0.4280404,0.081890285,-0.90004194,-0.9036784,-0.025428712,0.42745614,0.012117624,0.9963169,0.08488697
1356443914597,-0.39871186,0.07067013,-0.9143493,-0.91706145,-0.03639376,0.39708167,-0.0052147806,0.99683565,0.07931942
1356443914615,-0.3400784,0.05716124,-0.9386583,-0.94013834,-0.044084072,0.33793002,-0.022063375,0.9973913,0.06873149
1356443914655,-0.25551945,0.04382649,-0.96581006,-0.9659915,-0.05251968,0.25318414,-0.03962782,0.9976577,0.055755794
1356443914695,-0.16030312,0.03815773,-0.98633,-0.98546875,-0.0630427,0.15772426,-0.056162536,0.9972811,0.047709286
1356443914735,-0.08231413,0.051885217,-0.9952549,-0.9944645,-0.06971359,0.078614414,-0.06530389,0.99621683,0.05733648
1356443914775,-0.044333994,0.09276199,-0.9947008,-0.9971961,-0.06419402,0.038458735,-0.060286373,0.9936168,0.09534785
1356443914815,-0.048404336,0.1550344,-0.9867226,-0.99793017,-0.049378633,0.04119575,-0.042336226,0.9866743,0.15710363
1356443914855,-0.07485843,0.21817222,-0.973035,-0.9969634,-0.03736949,0.06832039,-0.021456212,0.9751946,0.22030711
1356443914895,-0.09777528,0.25948656,-0.96078444,-0.99518406,-0.032263577,0.09256235,-0.0069796443,0.9652077,0.2613914
1356443914934,-0.10364413,0.26886106,-0.9575863,-0.9946139,-0.02901566,0.09950513,-0.001031965,0.9627418,0.27042022
1356443914975,-0.09254426,0.24805748,-0.9643148,-0.9957081,-0.024016917,0.08937901,-9.886622E-4,0.9684476,0.24921545
1356443915015,-0.076990485,0.20814154,-0.97506386,-0.9970269,-0.019126534,0.07464188,-0.0031135082,0.97791165,0.20899531
1356443915055,-0.06831181,0.16152978,-0.98450065,-0.9976506,-0.016167104,0.06657171,-0.0051632524,0.98673534,0.16225472
1356443915095,-0.07311392,0.11702797,-0.9904337,-0.9973062,-0.014439285,0.07191512,-0.0058850944,0.99302363,0.11776847
1356443915135,-0.09183729,0.0780839,-0.9927078,-0.995765,-0.011454999,0.0912191,-0.0042487383,0.996881,0.07880527
1356443915176,-0.12193507,0.0450162,-0.9915167,-0.9925381,-0.005463779,0.12181261,6.610155E-5,0.99897134,0.0453465
1356443915215,-0.1620155,0.018260509,-0.98661923,-0.9867662,0.0036885142,0.16210788,0.006599337,0.9998265,0.017421246
1356443915255,-0.213399,-5.105138E-5,-0.97696507,-0.9768436,0.015779793,0.2133717,0.015405357,0.9998755,-0.0034172535
1356443915295,-0.2795958,-0.0062957406,-0.9600972,-0.9597186,0.030666292,0.27928445,0.027684301,0.9995098,-0.01461637
1356443915335,-0.36286116,0.0029473305,-0.9318385,-0.93080777,0.045981705,0.36260524,0.043916255,0.99893796,-0.013941586
1356443915375,-0.45731533,0.026329488,-0.88891476,-0.88723767,0.054602563,0.4580698,0.060597777,0.99816096,-0.0016101003
1356443915415,-0.5457592,0.05385202,-0.8362097,-0.83497036,0.049019337,0.5481072,0.07050705,0.9973449,0.0182122
1356443915455,-0.6116352,0.07321367,-0.78774494,-0.78817284,0.029763758,0.61473376,0.06845313,0.996872,0.039500535
1356443915495,-0.6503809,0.0798226,-0.7554025,-0.7575634,0.004758239,0.6527442,0.055698097,0.9967977,0.057376087
1356443915535,-0.6648375,0.07658777,-0.7430514,-0.74604225,-0.018039644,0.6656542,0.037576556,0.9968996,0.069131196
1356443915598,-0.6571717,0.06785506,-0.75068045,-0.75351065,-0.03452605,0.6565285,0.018630773,0.9970976,0.07381898
1356443915615,-0.6261348,0.05622992,-0.7776847,-0.7797146,-0.044389784,0.62455964,5.976856E-4,0.99743056,0.07163727
1356443915655,-0.5673221,0.042890072,-0.8223782,-0.82332635,-0.049805284,0.56537867,-0.016709685,0.99783754,0.063568175
1356443915717,-0.4772147,0.030406713,-0.8782605,-0.87814486,-0.054689586,0.4752584,-0.03358069,0.99804026,0.052800238
1356443915743,-0.37003565,0.02886337,-0.9285692,-0.9277789,-0.06308031,0.36775988,-0.047959596,0.9975911,0.05012071
1356443915780,-0.25774622,0.051933527,-0.96481586,-0.9647325,-0.06908184,0.25400546,-0.053459853,0.99625826,0.06790763
1356443915810,-0.1805352,0.093214095,-0.9791416,-0.9822932,-0.067767024,0.17466483,-0.050072312,0.99333715,0.10379791
1356443915840,-0.15022707,0.1488766,-0.9773779,-0.98792905,-0.06039357,0.14264947,-0.03779015,0.9870098,0.15615225
1356443915870,-0.15120757,0.20858064,-0.96624553,-0.98829305,-0.052000165,0.14343268,-0.020327687,0.9766218,0.21400163
1356443915900,-0.16317016,0.26007223,-0.9517026,-0.98659587,-0.044960856,0.1568662,-0.0019928515,0.9645418,0.2639225
1356443915944,-0.16660523,0.29244664,-0.94165695,-0.98587847,-0.03301251,0.16417664,0.016926497,0.9557119,0.2938169
1356443915983,-0.15450078,0.29886964,-0.94170403,-0.9874071,-0.013894975,0.15758917,0.03401372,0.95419276,0.29725274
1356443916023,-0.12554121,0.280628,-0.95157087,-0.99089444,0.0115734935,0.13414234,0.04865703,0.9597468,0.27661988
1356443916063,-0.088781,0.24445722,-0.96558714,-0.99426687,0.036248386,0.10059491,0.059592098,0.96898234,0.23983759
1356443916103,-0.055721045,0.19955692,-0.9783007,-0.9962821,0.05336654,0.067631096,0.06570482,0.97843194,0.19584131
1356443916143,-0.035618007,0.15409592,-0.98741364,-0.9970882,0.061184585,0.045515448,0.0674282,0.9861597,0.15146789
1356443916183,-0.032447755,0.11246112,-0.99312615,-0.9972657,0.062364936,0.039645165,0.066394776,0.9916971,0.11013001
1356443916223,-0.046693325,0.07616612,-0.99600136,-0.9968467,0.06049013,0.0513587,0.06416014,0.9952587,0.0731014
1356443916265,-0.07924253,0.04667726,-0.99576193,-0.9949163,0.058570564,0.0819208,0.062146127,0.99719137,0.04179871
1356443916305,-0.1336692,0.027033359,-0.9906572,-0.98905885,0.059313595,0.13507214,0.06241086,0.9978733,0.0188092
1356443916345,-0.21520597,0.021613747,-0.97632945,-0.9742787,0.063673615,0.21616355,0.0668385,0.9977367,0.007354915
1356443916386,-0.32283205,0.033176214,-0.9458746,-0.943526,0.06729752,0.32439095,0.074417025,0.9971811,0.009576917
1356443916425,-0.43932676,0.05601856,-0.89657897,-0.89481103,0.0609321,0.4422675,0.079405606,0.9965687,0.023356974
1356443916465,-0.5371365,0.07685843,-0.8399863,-0.8401414,0.039967775,0.54089266,0.07514453,0.99624056,0.043103874
1356443916505,-0.6016062,0.08609709,-0.79413944,-0.7964643,0.0112015605,0.60458183,0.060948372,0.9962238,0.061834216
1356443916545,-0.6349387,0.084554136,-0.7679215,-0.7714344,-0.015694022,0.63611525,0.041734397,0.9962953,0.07519269
1356443916599,-0.64266926,0.07704976,-0.76225954,-0.7658051,-0.03502357,0.64211833,0.022778034,0.9964119,0.08151358
1356443916625,-0.62585086,0.067017764,-0.77705824,-0.77991736,-0.045707166,0.6242115,0.006316185,0.9967044,0.080874085
1356443916665,-0.58034205,0.055960923,-0.8124479,-0.8143363,-0.049338043,0.57829255,-0.007722765,0.9972132,0.07420391
1356443916705,-0.49875045,0.044966877,-0.8655785,-0.86650825,-0.04924172,0.49672803,-0.020286202,0.9977741,0.06352347
1356443916749,-0.3799789,0.037040204,-0.9242533,-0.9244387,-0.04986155,0.37805685,-0.032081425,0.99806905,0.053187728
1356443916784,-0.24315602,0.040616244,-0.9691365,-0.96910214,-0.0528419,0.24093288,-0.041425258,0.99777657,0.052210152
1356443916823,-0.13775933,0.06626263,-0.98824674,-0.9894898,-0.053489804,0.1343461,-0.043958962,0.99636745,0.072934866
1356443916863,-0.09568447,0.11749077,-0.9884535,-0.99472904,-0.04805547,0.09057993,-0.03685832,0.9919105,0.12146965
1356443916903,-0.109249115,0.18277797,-0.97706544,-0.9937246,-0.043816924,0.10291508,-0.02400136,0.9821774,0.18641791
1356443916945,-0.14044034,0.23955718,-0.96067107,-0.9900085,-0.046367228,0.13316679,-0.012642533,0.9697745,0.24367541
1356443916985,-0.15236485,0.26923546,-0.9509454,-0.98830307,-0.04780191,0.14481664,-0.006467253,0.96188724,0.2733696
1356443917025,-0.13303465,0.26640585,-0.95463586,-0.99110115,-0.04013598,0.12691578,-0.004504144,0.96302485,0.26937464
1356443917065,-0.09075105,0.2356005,-0.96760356,-0.9958656,-0.025383234,0.087221205,-0.0040115714,0.97151846,0.23692998
1356443917105,-0.046748936,0.1886048,-0.98093975,-0.9989034,-0.011328101,0.045426965,-0.0025444329,0.9819877,0.18892759
1356443917145,-0.021384418,0.13914299,-0.9900414,-0.9997709,-0.0020594,0.021305174,9.256005E-4,0.99027014,0.13915512
1356443917185,-0.024544775,0.09588176,-0.99509007,-0.99967927,0.0038580298,0.025029749,0.006238997,0.99538517,0.09575626
1356443917225,-0.05720222,0.06128812,-0.9964797,-0.99828076,0.009273708,0.05787596,0.012788236,0.99807703,0.060652196
1356443917265,-0.117135465,0.034953,-0.99250066,-0.9929217,0.01564473,0.1177361,0.019642591,0.9992665,0.032873034
1356443917305,-0.2011323,0.0163576,-0.97942746,-0.97921646,0.023278236,0.20147774,0.026095003,0.99959517,0.011335611
1356443917345,-0.30829537,0.006450832,-0.9512688,-0.95073277,0.032152295,0.30833972,0.032574564,0.9994621,-0.0037794113
1356443917385,-0.43536383,0.007923871,-0.90021974,-0.89932036,0.041714966,0.4352961,0.041001856,0.9990982,-0.011035085
1356443917425,-0.5751037,0.023622274,-0.81773937,-0.81634724,0.04846263,0.57552457,0.05322501,0.99854565,-0.008587062
1356443917465,-0.7075313,0.0509789,-0.7048409,-0.70338595,0.045417607,0.7093557,0.06817436,0.9976665,0.0037235022
1356443917505,-0.8064638,0.078205615,-0.58608884,-0.58579445,0.029072225,0.8099381,0.08038062,0.99651325,0.022366762
1356443917545,-0.86410046,0.093247026,-0.49460626,-0.49631116,0.0055581927,0.8681269,0.08369936,0.99562746,0.041476786
1356443917601,-0.8917384,0.09429976,-0.4426176,-0.4459127,-0.016177833,0.8949303,0.077231124,0.9954124,0.05647582
1356443917625,-0.9011185,0.086642176,-0.42482778,-0.42869082,-0.03141874,0.9029048,0.0648821,0.99574393,0.06545466
1356443917665,-0.896992,0.07564671,-0.43552583,-0.43909663,-0.038841605,0.8975998,0.05098395,0.9963778,0.06805688
1356443917705,-0.8774342,0.063659966,-0.47545403,-0.47824687,-0.039083242,0.8773554,0.03727013,0.99720603,0.064738214
1356443917745,-0.8338945,0.050667256,-0.54959327,-0.5514277,-0.034269392,0.8335185,0.023397863,0.99812746,0.05651647
1356443917785,-0.74964345,0.03568375,-0.66087914,-0.6617929,-0.028272212,0.7491534,0.008048087,0.9989631,0.0448094
1356443917825,-0.6055553,0.021554857,-0.79551125,-0.79575264,-0.027670443,0.6049893,-0.008971721,0.99938464,0.033908427
1356443917865,-0.42036152,0.019260019,-0.90715224,-0.90702033,-0.036136866,0.4195332,-0.024701416,0.9991612,0.03265977
1356443917905,-0.2644291,0.04320714,-0.9634367,-0.9638554,-0.04556364,0.26250067,-0.03255582,0.9980266,0.05369383
1356443917945,-0.1799097,0.09501818,-0.9790833,-0.9832798,-0.045870364,0.17622924,-0.028165966,0.99441814,0.10168201
1356443917985,-0.15498888,0.16212207,-0.9745229,-0.98780924,-0.039946973,0.15045634,-0.014536977,0.9859618,0.16633707
1356443918025,-0.14185107,0.22065449,-0.9649818,-0.9898877,-0.032405913,0.13810217,-7.981956E-4,0.9748136,0.22301993
1356443918065,-0.1068638,0.25220236,-0.96175575,-0.9942472,-0.020055473,0.105214894,0.007247001,0.96746665,0.25289476
1356443918105,-0.04221165,0.2509613,-0.9670763,-0.999063,-0.0013526678,0.04325688,0.009547621,0.9679961,0.25078332
1356443918145,0.039542854,0.22208342,-0.97422546,-0.999179,0.01738125,-0.036593437,0.008806467,0.9748727,0.22258839
1356443918185,0.117846906,0.17781913,-0.9769813,-0.9930047,0.028369606,-0.114616245,0.0073356032,0.98365414,0.17991853
1356443918225,0.17685089,0.13116658,-0.9754584,-0.98421705,0.02998516,-0.1744068,0.0063729584,0.99090683,0.13439927
1356443918265,0.21165422,0.089636505,-0.9732255,-0.97732073,0.026375502,-0.21011564,0.0068353117,0.99562526,0.09318608
1356443918305,0.22452286,0.05492869,-0.97291946,-0.9744264,0.021975785,-0.22362986,0.00909695,0.99824846,0.05845806
1356443918345,0.21927944,0.026304126,-0.97530746,-0.97557724,0.019096702,-0.21882507,0.012869179,0.99947155,0.029849201
1356443918385,0.19629034,0.0038738847,-0.98053813,-0.9803754,0.019417852,-0.19618103,0.01828,0.9998039,0.0076093674
1356443918425,0.15475553,-0.010989368,-0.9878917,-0.98758304,0.02563411,-0.15499237,0.02702701,0.999611,-0.006885886
1356443918465,0.09131381,-0.015262932,-0.99570525,-0.99498975,0.03947577,-0.09185329,0.040708214,0.999104,-0.011581808
1356443918505,0.0033726394,-0.0055241585,-0.9999791,-0.99833906,0.05749449,-0.0036847591,0.057513654,0.9983306,-0.005321145
1356443918545,-0.10153949,0.016717046,-0.994691,-0.9922763,0.0699141,0.102467984,0.07125589,0.9974129,0.00948894
1356443918601,-0.20259398,0.042345196,-0.9783468,-0.97634673,0.06830859,0.20513639,0.075515985,0.99676514,0.027504742
1356443918625,-0.2793895,0.061035663,-0.9582359,-0.95767486,0.05429876,0.28268453,0.06928486,0.9966575,0.043281794
1356443918665,-0.32490933,0.06964439,-0.94317746,-0.9440413,0.03595394,0.3278618,0.056744725,0.9969238,0.054065406
1356443918705,-0.34129155,0.07034263,-0.9373218,-0.9389858,0.019816339,0.34338456,0.0427289,0.9973261,0.05928749
1356443918745,-0.3324349,0.06587729,-0.9408226,-0.9426688,0.007854164,0.3336372,0.02936846,0.9977968,0.05948955
1356443918785,-0.30167544,0.057871252,-0.95165277,-0.95327044,-0.0011866093,0.3021161,0.01635459,0.9983234,0.055524945
1356443918825,-0.25227094,0.04771298,-0.96647966,-0.9676545,-0.010331333,0.25206754,0.002041936,0.99880767,0.04877597
1356443918866,-0.19134796,0.03913203,-0.9807419,-0.9814091,-0.022805512,0.19056812,-0.014908969,0.99897385,0.0427683
1356443918905,-0.13330841,0.040677935,-0.9902395,-0.9905251,-0.038737416,0.13175556,-0.032999754,0.9984211,0.04545653
1356443918945,-0.0941481,0.063694894,-0.9935186,-0.99448663,-0.05230707,0.090886414,-0.046179086,0.9965977,0.06826833
1356443918985,-0.08345401,0.11464617,-0.98989475,-0.9953635,-0.057259858,0.0772835,-0.047821045,0.9917548,0.118893206
1356443919025,-0.09316623,0.18209696,-0.9788569,-0.99488044,-0.05568874,0.08433154,-0.039154768,0.98170245,0.18635294
1356443919065,-0.10670251,0.24224892,-0.96432877,-0.9938872,-0.053625643,0.0965018,-0.028335303,0.9687309,0.24649012
1356443919105,-0.11152893,0.27536088,-0.9548496,-0.99352556,-0.051819324,0.10110265,-0.021639884,0.95994335,0.27935737
1356443919145,-0.10590273,0.2757181,-0.95538694,-0.99419177,-0.04787928,0.09638652,-0.019167662,0.96004534,0.27918717
1356443919185,-0.0936538,0.24669,-0.9645585,-0.99543214,-0.04124427,0.08610308,-0.018541694,0.9682164,0.24942577
1356443919225,-0.08347607,0.19891989,-0.9764541,-0.9963417,-0.03465557,0.07811633,-0.018300653,0.9794028,0.20108509
1356443919265,-0.08223432,0.14465395,-0.9860592,-0.99645853,-0.02935499,0.078795284,-0.017547727,0.9890467,0.14655566
1356443919305,-0.09476918,0.09415299,-0.99103683,-0.9953993,-0.023070753,0.09299448,-0.014108241,0.9952904,0.09590626
1356443919345,-0.1228202,0.052993327,-0.99101305,-0.9924129,-0.012239873,0.12233916,-0.0056467354,0.9985199,0.054094553
1356443919385,-0.16591227,0.022914022,-0.9858742,-0.98610735,0.0043329597,0.16605228,0.008076638,0.999728,0.021876872
1356443919425,-0.22315514,0.004653156,-0.9747718,-0.9744487,0.025120437,0.22320107,0.025525272,0.9996736,-0.0010715127
1356443919465,-0.29363286,-6.946027E-4,-0.9559181,-0.95484495,0.047589123,0.2932686,0.04528761,0.9988668,-0.014636934
1356443919505,-0.37567955,0.008362144,-0.9267119,-0.9243536,0.068478644,0.3753414,0.066598594,0.9976175,-0.01799643
1356443919545,-0.46522367,0.03194037,-0.88461673,-0.8808378,0.082307875,0.4662082,0.08770177,0.99609494,-0.010157287
1356443919602,-0.55265266,0.06411204,-0.83094203,-0.8268446,0.08273929,0.55631125,0.10441783,0.99450684,0.0072846413
1356443919625,-0.625785,0.09291729,-0.77444136,-0.77200174,0.06800085,0.63197243,0.111383826,0.99334896,0.02917844
1356443919665,-0.67808646,0.108377606,-0.7269478,-0.72733593,0.04334873,0.68491125,0.10574129,0.9931642,0.049432755
1356443919705,-0.7101651,0.10931313,-0.6954973,-0.69824046,0.0171296,0.7156584,0.090144485,0.99385977,0.0641619
1356443919745,-0.7245542,0.10003263,-0.68191993,-0.6856904,-0.0046485066,0.72787845,0.06964174,0.9949733,0.071959436
1356443919785,-0.7219934,0.084765315,-0.68668795,-0.69023883,-0.019509852,0.7233185,0.04791516,0.9962099,0.072594285
1356443919825,-0.7004493,0.065883934,-0.71065456,-0.71321905,-0.027991116,0.700382,0.026251853,0.9974345,0.06659615
1356443919865,-0.6555578,0.0445095,-0.75383216,-0.7551328,-0.032964706,0.6547425,0.0042924285,0.99846494,0.055220783
1356443919905,-0.5831499,0.02328837,-0.8120307,-0.8121614,-0.039069474,0.5821232,-0.018168896,0.9989651,0.041697204
1356443919944,-0.48762304,0.010924816,-0.87298596,-0.87220746,-0.050126016,0.48656088,-0.038443714,0.99868315,0.03397131
1356443919985,-0.39158785,0.02149427,-0.9198896,-0.9187592,-0.06389564,0.3896137,-0.050402522,0.99772507,0.04476887
1356443920025,-0.31925112,0.061574727,-0.9456676,-0.94637,-0.0729689,0.31473702,-0.049624443,0.9954316,0.08156788
1356443920065,-0.28012753,0.12291628,-0.952061,-0.9592052,-0.07523358,0.27251652,-0.038130283,0.9895613,0.13897693
1356443920106,-0.25621814,0.18328395,-0.9490834,-0.96631217,-0.07330567,0.24671271,-0.024354696,0.9803231,0.19589171
