1356443236994,-0.1779904,-0.009208158,-0.9839892,0.49003714,0.86631596,-0.0967481,0.8533364,-0.49941146,-0.1496836
1356443237021,-0.33909887,-0.3135693,-0.8869534,0.39602244,0.8076249,-0.43693066,0.85333365,-0.4994161,-0.14968419
1356443237050,-0.33912152,-0.3135963,-0.8869351,0.3960303,0.8076004,-0.4369687,0.85332096,-0.49943867,-0.14968103
1356443237080,-0.33917826,-0.31370062,-0.8868765,0.39606524,0.8075121,-0.43710008,0.85328215,-0.49951586,-0.14964461
1356443237124,-0.33918583,-0.31396794,-0.88677907,0.39636093,0.80720496,-0.43739924,0.8531418,-0.49984416,-0.1493479
1356443237163,-0.3392391,-0.31514335,-0.8863417,0.3968777,0.8063059,-0.43858746,0.85288036,-0.5005553,-0.14845711
1356443237203,-0.33896017,-0.31740487,-0.8856412,0.3979774,0.80461866,-0.4406845,0.85247886,-0.50183964,-0.14641374
1356443237244,-0.33842957,-0.32131347,-0.88443375,0.39954063,0.80189884,-0.44421333,0.85195816,-0.50370216,-0.14300847
1356443237282,-0.33792388,-0.32695198,-0.88255864,0.40128982,0.7981622,-0.44933683,0.85133654,-0.50600344,-0.13851559
1356443237322,-0.33790022,-0.33414328,-0.8798703,0.4027884,0.79358184,-0.4560585,0.8506379,-0.5085038,-0.13356239
1356443237364,-0.33867413,-0.34234646,-0.8764124,0.4036961,0.7884972,-0.46400604,0.84989953,-0.5109511,-0.12883967
1356443237403,-0.34051913,-0.35099676,-0.872266,0.4036968,0.78326696,-0.47278085,0.8491617,-0.51312196,-0.1250211
1356443237443,-0.3435524,-0.35960904,-0.86755574,0.40254423,0.7782307,-0.48199072,0.8484868,-0.51481867,-0.12260449
1356443237485,-0.34751338,-0.3675825,-0.8626225,0.40025216,0.7737862,-0.49097165,0.84795797,-0.5158857,-0.12177533
1356443237523,-0.35191506,-0.37444314,-0.85787416,0.39693776,0.770314,-0.4990559,0.8477005,-0.5161479,-0.122454464
1356443237563,-0.3562789,-0.37984207,-0.8536893,0.39272425,0.7681497,-0.5056815,0.8478403,-0.51542807,-0.12450236
1356443237603,-0.3602972,-0.38368887,-0.85027564,0.38775522,0.76741594,-0.5106062,0.84842896,-0.51366884,-0.12772042
1356443237645,-0.36373198,-0.38611007,-0.8477134,0.3823824,0.7679471,-0.51384914,0.8494014,-0.51105404,-0.13168526
1356443237684,-0.36637288,-0.3873622,-0.8460032,0.37703285,0.7694302,-0.51558065,0.85065687,-0.5078658,-0.13585007
1356443237725,-0.36798507,-0.38772306,-0.8451377,0.37225214,0.7714678,-0.51600945,0.8520653,-0.5044881,-0.1395579
1356443237765,-0.3685369,-0.38752154,-0.8449896,0.3680704,0.77385724,-0.515431,0.8536419,-0.500971,-0.1425597
1356443237805,-0.36825377,-0.38707814,-0.84531635,0.36430869,0.7764254,-0.5142399,0.8553762,-0.49732685,-0.14490569
1356443237845,-0.36798817,-0.3869572,-0.84548736,0.36043665,0.778833,-0.513327,0.857129,-0.49364293,-0.14712775
1356443237885,-0.36953342,-0.38822693,-0.84423035,0.35525358,0.7804934,-0.5144172,0.8586268,-0.49001017,-0.15049934
1356443237925,-0.37539828,-0.39236227,-0.83971894,0.34681043,0.78070444,-0.51982987,0.8595339,-0.48636654,-0.15699977
1356443237965,-0.38747758,-0.40050873,-0.83033365,0.33277884,0.77919966,-0.53113663,0.8597205,-0.482121,-0.16864157
1356443238034,-0.40607148,-0.4127308,-0.81532764,0.31160873,0.7761898,-0.5481144,0.8590727,-0.47663686,-0.18657798
1356443238045,-0.42974514,-0.42773426,-0.79521215,0.28472483,0.7715602,-0.5688819,0.85688436,-0.47089094,-0.20978767
1356443238082,-0.45510507,-0.4427363,-0.77256966,0.25721982,0.7652746,-0.5900786,0.8524772,-0.467268,-0.23439974
1356443238123,-0.47790396,-0.45437545,-0.7517651,0.23484777,0.7585778,-0.607788,0.8464362,-0.46701464,-0.25581825
1356443238164,-0.49490488,-0.4600111,-0.7371967,0.22134545,0.7536553,-0.6188779,0.8402829,-0.46946084,-0.27116632
1356443238205,-0.5054173,-0.45849082,-0.73098534,0.21737859,0.7521725,-0.6220796,0.8350449,-0.47331035,-0.28049493
1356443238245,-0.51090944,-0.44994104,-0.7324784,0.22069146,0.7548701,-0.61762965,0.83082294,-0.47720456,-0.28637213
1356443238285,-0.51413155,-0.43571883,-0.7387948,0.22646658,0.7618281,-0.6069026,0.8272736,-0.4793401,-0.2930041
1356443238325,-0.51817036,-0.41828412,-0.74601465,0.22838737,0.77290416,-0.59199524,0.82422,-0.47713473,-0.30496526
1356443238365,-0.52492815,-0.400665,-0.75094473,0.2214433,0.78760237,-0.5750177,0.8218353,-0.46813464,-0.32471013
1356443238405,-0.5332805,-0.38480052,-0.75335276,0.20644143,0.8044289,-0.5570243,0.820362,-0.45257345,-0.34954745
1356443238445,-0.53917056,-0.37041125,-0.7563667,0.1913707,0.8207116,-0.53833973,0.8201661,-0.43500334,-0.37161773
1356443238485,-0.5383616,-0.3559495,-0.76385,0.18599936,0.83387345,-0.5196724,0.82193124,-0.42184725,-0.38271904
1356443238525,-0.5284309,-0.34011874,-0.77786887,0.19559476,0.84282154,-0.50139254,0.82613766,-0.41709837,-0.37884748
1356443238565,-0.5076295,-0.3216195,-0.7992955,0.22048073,0.8483306,-0.48137665,0.8328869,-0.42059022,-0.35972673
1356443238605,-0.47399843,-0.2988367,-0.8282644,0.25764543,0.8524085,-0.45499292,0.84198827,-0.42906448,-0.3270464
1356443238645,-0.4273706,-0.27142197,-0.86237156,0.30118364,0.856639,-0.4188771,0.85243356,-0.4387479,-0.2843545
1356443238685,-0.37224603,-0.24226224,-0.8959587,0.34342116,0.8608686,-0.37545604,0.8622615,-0.4474532,-0.23725688
1356443238725,-0.31679082,-0.21646246,-0.9234649,0.37843207,0.8639156,-0.33232352,0.8697313,-0.4547458,-0.19176418
1356443238765,-0.2688837,-0.1984183,-0.94251347,0.40419304,0.86497325,-0.29740417,0.87425935,-0.46092457,-0.1523779
1356443238805,-0.23363382,-0.19028705,-0.9535229,0.42144758,0.8639366,-0.2756728,0.8762404,-0.46626645,-0.12164879
1356443238845,-0.21331741,-0.19234517,-0.95786166,0.43154112,0.8610494,-0.26900956,0.87650895,-0.47074112,-0.10067201
1356443238885,-0.20770359,-0.20351787,-0.9567861,0.43503225,0.8568459,-0.27669844,0.87613136,-0.47370407,-0.08943313
1356443238925,-0.21437615,-0.22187236,-0.95121795,0.43115976,0.85234755,-0.2959813,0.8764383,-0.4735782,-0.08706057
1356443238965,-0.22972666,-0.24514104,-0.94187665,0.4186617,0.84875345,-0.3230169,0.8786057,-0.46853325,-0.092350125
1356443239034,-0.25101346,-0.2715643,-0.9291098,0.39695197,0.8465432,-0.35467413,0.8828484,-0.45784,-0.10469574
1356443239044,-0.27669853,-0.2997293,-0.9130171,0.36764687,0.84480995,-0.38875687,0.8878477,-0.44323635,-0.12356317
1356443239082,-0.30460113,-0.32726952,-0.8944903,0.3368155,0.84143025,-0.4225523,0.89093965,-0.4299881,-0.1460712
1356443239123,-0.33206373,-0.35105854,-0.8754951,0.31309283,0.83451784,-0.4533794,0.889779,-0.42466205,-0.1671992
1356443239163,-0.35662633,-0.36800727,-0.85871315,0.3020701,0.8243582,-0.47873497,0.88406515,-0.43012112,-0.18282384
1356443239203,-0.37588823,-0.37525988,-0.8472827,0.30348378,0.8140589,-0.4951825,0.8755601,-0.44326985,-0.19210982
1356443239243,-0.38715327,-0.37013477,-0.8444599,0.314651,0.8078628,-0.4983497,0.8666643,-0.45864794,-0.19630343
1356443239283,-0.3881039,-0.35047793,-0.8523735,0.33415437,0.8084232,-0.48455417,0.858904,-0.47288173,-0.19663846
1356443239323,-0.37736258,-0.31465667,-0.8709699,0.36179692,0.8156667,-0.4514319,0.8524672,-0.48546776,-0.19396031
1356443239363,-0.35437858,-0.261683,-0.8977404,0.3970809,0.8270775,-0.39783114,0.84660655,-0.4974584,-0.1891892
1356443239404,-0.31971568,-0.19243562,-0.9277664,0.43773568,0.8384069,-0.32474804,0.8403389,-0.5099435,-0.1838159
1356443239443,-0.27792358,-0.11170538,-0.9540862,0.47801882,0.84542584,-0.2382293,0.8332206,-0.5222807,-0.18156648
1356443239483,-0.24337697,-0.03267014,-0.9693814,0.5080407,0.8470701,-0.15609887,0.8262338,-0.5304761,-0.18955958
1356443239523,-0.23764089,0.025116876,-0.9710283,0.51846206,0.8486379,-0.104932696,0.8214159,-0.52837765,-0.21469319
1356443239563,-0.26867932,0.049462676,-0.96195894,0.5063584,0.85680795,-0.097372144,0.81939775,-0.51325786,-0.25525242
1356443239603,-0.3170086,0.046665624,-0.9472739,0.4779299,0.8705638,-0.11705433,0.8192,-0.4898377,-0.2982791
1356443239643,-0.35426158,0.03391859,-0.9345311,0.44795898,0.88337857,-0.13775004,0.8208724,-0.46743113,-0.3281412
1356443239683,-0.36570686,0.024411812,-0.9304099,0.4300843,0.89095855,-0.14567216,0.8254006,-0.45342797,-0.3363288
1356443239723,-0.34839565,0.024383277,-0.93703043,0.42968246,0.8925984,-0.13653241,0.83306277,-0.4501928,-0.32145447
1356443239763,-0.30390906,0.035801843,-0.95202816,0.44410598,0.88940215,-0.108322024,0.8428577,-0.45572144,-0.2861972
1356443239803,-0.23831457,0.05648069,-0.96954435,0.46547198,0.88281864,-0.06298481,0.8523744,-0.4663059,-0.23667872
1356443239843,-0.16375318,0.07974662,-0.98327285,0.48514622,0.87437725,-0.009880871,0.85896343,-0.4786491,-0.18187082
1356443239883,-0.09406945,0.09809184,-0.9907214,0.49841493,0.8660865,0.038426906,0.8618198,-0.49017558,-0.13036275
1356443239923,-0.039810304,0.10618229,-0.9935494,0.50502616,0.86012185,0.071686864,0.8621854,-0.49891454,-0.087866545
1356443239963,-0.0079853535,0.1003591,-0.99491924,0.5070148,0.8579823,0.08247669,0.8619004,-0.5037802,-0.057734847
1356443240036,-0.001838237,0.07898952,-0.99687374,0.5060672,0.8598721,0.067200705,0.8624921,-0.50436157,-0.04155469
1356443240044,-0.021292146,0.042165086,-0.9988837,0.50116646,0.8649653,0.025829226,0.8650888,-0.5000571,-0.039548695
1356443240083,-0.061852068,-0.0070830435,-0.9980601,0.48917186,0.87142336,-0.036499456,0.8699914,-0.49048054,-0.05043453
1356443240123,-0.11622277,-0.063372135,-0.9911995,0.46764797,0.87693024,-0.11090025,0.87624073,-0.4764215,-0.07228339
1356443240164,-0.17577702,-0.12032661,-0.9770486,0.43843386,0.8790652,-0.18713659,0.88140696,-0.4612655,-0.1017642
1356443240203,-0.23326376,-0.17234498,-0.9570189,0.4081596,0.8759228,-0.2572256,0.8826062,-0.45061788,-0.13397682
1356443240243,-0.28374034,-0.21543404,-0.9343873,0.3845981,0.867056,-0.31669885,0.8783939,-0.44922382,-0.16316324
1356443240283,-0.324166,-0.24700817,-0.9131831,0.3722143,0.85414547,-0.3631694,0.869697,-0.45762697,-0.18494499
1356443240323,-0.35229173,-0.26505744,-0.8975718,0.37145233,0.8406826,-0.3940507,0.85901904,-0.47222593,-0.19770932
1356443240363,-0.366374,-0.26769608,-0.8911279,0.38151067,0.83029556,-0.40627438,0.84865755,-0.48882318,-0.20206976
1356443240403,-0.36488497,-0.2526314,-0.89612293,0.40224186,0.825251,-0.39643702,0.83967876,-0.50511205,-0.1995027
1356443240443,-0.34680024,-0.21728066,-0.9124247,0.43336508,0.8256146,-0.36132428,0.8318199,-0.5207203,-0.1921615
1356443240483,-0.31310415,-0.16055247,-0.9360496,0.47230783,0.82876074,-0.3001349,0.8239485,-0.53607696,-0.18365824
1356443240523,-0.27085793,-0.08676654,-0.95870095,0.5126117,0.8299727,-0.21994223,0.8147792,-0.5510144,-0.18032712
1356443240563,-0.2380912,-0.010822386,-0.97118247,0.54516053,0.82607055,-0.1428547,0.8038113,-0.5634628,-0.19078016
1356443240603,-0.23975462,0.044186115,-0.96982753,0.56171846,0.8210842,-0.10145521,0.7918271,-0.56909436,-0.22167885
1356443240645,-0.2851087,0.0640409,-0.95635337,0.5567915,0.8232206,-0.11086519,0.78018993,-0.56409806,-0.27036476
1356443240685,-0.35158235,0.057293355,-0.93440217,0.5321285,0.8334283,-0.14911896,0.77021366,-0.5496496,-0.32350612
1356443240725,-0.3998353,0.05093777,-0.9151705,0.5063283,0.84456146,-0.17420565,0.7640441,-0.5330303,-0.3634767
1356443240764,-0.40617275,0.06698653,-0.9113378,0.5013323,0.8501538,-0.16094871,0.76399595,-0.522256,-0.37889183
1356443240805,-0.35957718,0.117683426,-0.92566454,0.5251601,0.8455137,-0.09650649,0.77130485,-0.5208236,-0.36583006
1356443240845,-0.26065248,0.20014195,-0.9444594,0.5630365,0.8261973,0.019693702,0.7842514,-0.52663195,-0.32803762
1356443240885,-0.12766245,0.2954834,-0.9467798,0.58694,0.7920009,0.16803586,0.7995022,-0.53425103,-0.27453983
1356443240925,-0.0015496602,0.37373,-0.9275362,0.58046323,0.75561684,0.30348915,0.814285,-0.53793037,-0.21810746
1356443240965,0.086059034,0.41920418,-0.90380406,0.5542128,0.73371226,0.39308327,0.82791424,-0.53472817,-0.16918576
1356443241033,0.13158989,0.43474913,-0.89088565,0.5255096,0.7314355,0.43455935,0.84054965,-0.5253526,-0.13221532
1356443241045,0.14625442,0.42896235,-0.891404,0.502461,0.743992,0.4404644,0.85214,-0.51231563,-0.10672474
1356443241083,0.1428968,0.4092088,-0.9011818,0.48650882,0.76388776,0.4240101,0.86191046,-0.4990226,-0.0899266
1356443241124,0.12877625,0.38018757,-0.91590065,0.47658944,0.7862114,0.3933627,0.86964315,-0.48716438,-0.07994801
1356443241164,0.10378736,0.3415686,-0.9341087,0.47141677,0.81008995,0.34859797,0.8757822,-0.47653458,-0.07694405
1356443241205,0.06394085,0.29011896,-0.95485216,0.46886346,0.83589995,0.28537402,0.88095325,-0.46594235,-0.082578
1356443241244,0.0101389885,0.22587118,-0.97410434,0.46599862,0.8608381,0.20445779,0.8847273,-0.4560043,-0.096527636
1356443241285,-0.049114525,0.15594085,-0.98654455,0.46248645,0.8790159,0.11591938,0.88526493,-0.45057014,-0.11529297
1356443241325,-0.10210019,0.09175861,-0.9905331,0.46184617,0.88628894,0.034496665,0.88106394,-0.45395184,-0.13286865
1356443241365,-0.14258397,0.04214251,-0.9888851,0.46725792,0.8836215,-0.029715747,0.8725478,-0.4663014,-0.14568168
1356443241405,-0.16772842,0.013512045,-0.9857406,0.47864616,0.87525713,-0.06944634,0.86183816,-0.48346913,-0.15327299
1356443241445,-0.17289895,0.013670236,-0.9848447,0.49565008,0.86527747,-0.075005576,0.8511386,-0.50110674,-0.15638125
1356443241483,-0.14989373,0.053121313,-0.987274,0.51875174,0.85429573,-0.03279364,0.8416819,-0.5170657,-0.15561038
1356443241524,-0.087449014,0.14355662,-0.9857708,0.5453216,0.8350223,0.07322709,0.83365285,-0.53115845,-0.15130639
1356443241560,0.024663271,0.2913932,-0.9562853,0.5622177,0.7869241,0.2542865,0.82662135,-0.5439122,-0.1444183
1356443241590,0.17290819,0.4698474,-0.86564785,0.5454478,0.6861322,0.48136187,0.8201155,-0.55539715,-0.1376394
1356443241631,0.29890937,0.6086632,-0.7349709,0.49768874,0.5577131,0.6642756,0.81422305,-0.56434494,-0.13621914
1356443241674,0.37441045,0.6990006,-0.60927415,0.44957647,0.43782878,0.77858007,0.8109857,-0.56542385,-0.15032655
1356443241713,0.38363865,0.74618906,-0.54408026,0.44003135,0.37027267,0.81808954,0.81190753,-0.5532631,-0.18629563
1356443241753,0.34488553,0.7703849,-0.53624725,0.46655145,0.35503435,0.81011134,0.81448376,-0.5295827,-0.236978
1356443241793,0.2991616,0.7855762,-0.54163855,0.49582025,0.35700798,0.7916487,0.81526965,-0.5053863,-0.28270155
1356443241835,0.28608635,0.8021915,-0.52406436,0.50370336,0.3393577,0.7944302,0.8151304,-0.49124855,-0.3069809
1356443241876,0.31576023,0.8213563,-0.47504663,0.4825821,0.29205045,0.8257246,0.81695163,-0.48998,-0.30415392
1356443241915,0.3681466,0.8350184,-0.408916,0.43512198,0.23393852,0.869449,0.8216672,-0.49801302,-0.2772112
1356443241955,0.41962096,0.8392075,-0.34590322,0.37246865,0.18831971,0.90873694,0.8277592,-0.5101632,-0.23355561
1356443241995,0.45815215,0.8365723,-0.30040532,0.31041852,0.16609845,0.93597627,0.8329087,-0.522071,-0.18358919
1356443242033,0.48223737,0.83103263,-0.27718553,0.26012704,0.1663002,0.9511457,0.83652914,-0.53078145,-0.1359779
1356443242071,0.49232668,0.8245833,-0.27870575,0.22931185,0.18601269,0.9554137,0.839661,-0.53428614,-0.097507715
1356443242114,0.4899736,0.81782067,-0.3018198,0.21752438,0.22057468,0.9508049,0.84416175,-0.53152245,-0.069820195
1356443242153,0.47669318,0.80909944,-0.34368843,0.22289395,0.26694366,0.93758166,0.8503422,-0.5235448,-0.053093135
1356443242193,0.45250684,0.79622173,-0.40158254,0.24319363,0.32307315,0.91459316,0.85795945,-0.511522,-0.04744324
1356443242233,0.4152368,0.7755071,-0.47557038,0.27696228,0.3901839,0.87809366,0.86652774,-0.49633187,-0.052767515
1356443242273,0.36197662,0.74156255,-0.5648522,0.32165402,0.46936786,0.8223336,0.8749352,-0.47935256,-0.068626404
1356443242313,0.29697123,0.6918637,-0.65812814,0.36910385,0.5524769,0.74734974,0.8806648,-0.464859,-0.09129983
1356443242353,0.2356269,0.6352755,-0.7354625,0.40995002,0.62117386,0.6678952,0.88114756,-0.45887697,-0.114065945
1356443242393,0.19486654,0.58935404,-0.78402096,0.4413525,0.6611581,0.6066942,0.8759195,-0.464254,-0.1312753
1356443242433,0.18115908,0.5670934,-0.80348396,0.46445152,0.6708177,0.5781769,0.8668715,-0.47792134,-0.14186263
1356443242475,0.19443709,0.573876,-0.7955253,0.4777962,0.6528815,0.5877555,0.85668254,-0.4943804,-0.14725143
1356443242515,0.2351768,0.6104204,-0.756359,0.47650105,0.60584164,0.6371049,0.84713554,-0.5102381,-0.148386
1356443242555,0.30004948,0.66870683,-0.68029517,0.45423502,0.52695566,0.71832323,0.83883303,-0.5245464,-0.14563727
1356443242595,0.37564558,0.7291297,-0.5720667,0.40940568,0.42322057,0.8082521,0.831431,-0.5378237,-0.13952887
1356443242635,0.44522494,0.7738646,-0.45045346,0.35014352,0.31254172,0.883016,0.82412034,-0.5508641,-0.1318123
1356443242675,0.49718326,0.7983196,-0.339845,0.29380485,0.21364069,0.93168473,0.8163869,-0.5630661,-0.1283316
1356443242715,0.52623934,0.80960125,-0.26003435,0.2617641,0.13671684,0.9553994,0.80904365,-0.5708364,-0.1399788
1356443242755,0.5316639,0.8184296,-0.21795985,0.26767516,0.081784934,0.96003187,0.8035443,-0.5687568,-0.17559117
1356443242795,0.51692367,0.83050334,-0.20749491,0.30607006,0.047056556,0.9508453,0.79944426,-0.5550224,-0.2298676
1356443242835,0.49256724,0.84382266,-0.21293414,0.35249358,0.030261993,0.93532485,0.7956921,-0.53576833,-0.282536
1356443242875,0.47308815,0.853443,-0.21868369,0.38218617,0.0248425,0.92375135,0.7938018,-0.52059364,-0.31442142
1356443242914,0.46699178,0.8569642,-0.21801615,0.3854075,0.024644792,0.92241734,0.7958516,-0.5147864,-0.3187715
1356443242955,0.47372484,0.8548505,-0.21169657,0.3634662,0.029172838,0.9311505,0.8021702,-0.5180537,-0.29688933
1356443242995,0.4859825,0.8494477,-0.20557147,0.32636353,0.041813098,0.94431907,0.8107453,-0.52601355,-0.25690833
1356443243037,0.49755096,0.84313023,-0.20389825,0.28517592,0.06300234,0.9564023,0.81921774,-0.53400576,-0.20909357
1356443243074,0.5048938,0.8374665,-0.20912227,0.24907872,0.090612225,0.96423507,0.8264636,-0.5389242,-0.16284555
1356443243116,0.5066993,0.83305687,-0.22197312,0.22301787,0.12205258,0.96714336,0.8327778,-0.5395549,-0.12394264
1356443243155,0.5035659,0.8296139,-0.24116826,0.20749834,0.15483853,0.96590346,0.83866906,-0.53643805,-0.09417209
1356443243195,0.49655455,0.8267058,-0.26455835,0.20110622,0.1869238,0.9615694,0.8443873,-0.530676,-0.07343781
1356443243235,0.48545188,0.82422626,-0.2915262,0.20357528,0.217718,0.9545448,0.8502314,-0.5227331,-0.06210044
1356443243275,0.46821877,0.8222469,-0.32354468,0.21616063,0.24844888,0.94421804,0.85676473,-0.51203823,-0.061408937
1356443243315,0.44336224,0.82018864,-0.36155277,0.239194,0.28047544,0.9295804,0.863838,-0.49862212,-0.071832
1356443243355,0.41493332,0.81683886,-0.4007551,0.26840678,0.31096792,0.91173285,0.86936074,-0.48587376,-0.09021416
1356443243395,0.39394104,0.81236815,-0.4299634,0.2956853,0.33091468,0.8961394,0.8702763,-0.4801599,-0.10984439
1356443243435,0.3899592,0.80896497,-0.4398949,0.3147179,0.3318601,0.8892815,0.8653811,-0.4852263,-0.12518388
1356443243475,0.40268135,0.8081018,-0.429906,0.32340062,0.31377304,0.89272535,0.85630584,-0.49851573,-0.1349901
1356443243515,0.42540747,0.809429,-0.40478796,0.32186526,0.28271586,0.90358984,0.8458317,-0.514681,-0.14025763
1356443243555,0.45259035,0.8118094,-0.36895436,0.31064138,0.24430203,0.9185959,0.83586115,-0.5303601,-0.14161286
1356443243595,0.48148483,0.8137466,-0.32555938,0.2906455,0.20218796,0.9352248,0.8268601,-0.5449189,-0.13916135
1356443243635,0.51043534,0.81361675,-0.27835876,0.26400486,0.15979901,0.9511917,0.818387,-0.55900985,-0.13323173
1356443243675,0.537625,0.8104918,-0.23251331,0.23494986,0.12083602,0.9644674,0.8097888,-0.57315075,-0.12546045
1356443243715,0.55981606,0.80545247,-0.19455692,0.21175489,0.08793796,0.9733586,0.801103,-0.58610016,-0.1213294
1356443243755,0.57133603,0.80266964,-0.17116222,0.20701143,0.060868256,0.9764432,0.7941797,-0.59330976,-0.13138556
1356443243795,0.56619096,0.8074893,-0.16549575,0.23043075,0.03771352,0.97235763,0.7914098,-0.5886754,-0.16471732
1356443243835,0.5444441,0.8206137,-0.17370605,0.2771569,0.019461595,0.9606275,0.7916847,-0.5711518,-0.21684298
1356443243875,0.5161679,0.8357033,-0.18753842,0.32706946,0.01004076,0.94494694,0.7915783,-0.5490894,-0.26815033
1356443243915,0.49411836,0.8456651,-0.2017366,0.36094022,0.011559755,0.9325173,0.7909293,-0.53358877,-0.29952264
1356443243955,0.4840001,0.8479014,-0.21634951,0.37193888,0.024460137,0.9279349,0.7920892,-0.5295894,-0.30352882
1356443243995,0.48402482,0.8433517,-0.23340482,0.36271906,0.04937333,0.9305897,0.7963384,-0.5350889,-0.28200182
1356443244038,0.48918152,0.83421445,-0.25453427,0.34065557,0.08590907,0.936255,0.80290425,-0.54470706,-0.24215469
1356443244074,0.4947717,0.8225583,-0.280355,0.31484774,0.13102004,0.94005567,0.80998266,-0.5533821,-0.19415557
1356443244115,0.49735275,0.8098897,-0.3109965,0.2930592,0.18056461,0.9388891,0.81655157,-0.55809945,-0.14754134
1356443244155,0.4946612,0.796963,-0.34664142,0.27998614,0.23145628,0.9316844,0.82275033,-0.55792296,-0.108646154
1356443244194,0.48639855,0.7836783,-0.38634807,0.2758589,0.2818235,0.9189545,0.82904667,-0.5535557,-0.07910606
1356443244235,0.47281003,0.7695951,-0.42915505,0.2796616,0.33079267,0.90131325,0.8356076,-0.54616815,-0.058824062
1356443244275,0.4532642,0.7542113,-0.47509664,0.29092476,0.37863466,0.8786345,0.84256417,-0.53647095,-0.047797173
1356443244315,0.4257914,0.73711926,-0.5247447,0.30913407,0.42653546,0.85000217,0.8503751,-0.5241401,-0.046253502
1356443244355,0.38841987,0.7170725,-0.5787375,0.33364955,0.47599435,0.8136998,0.8589575,-0.5091527,-0.054365277
1356443244396,0.34327412,0.69133365,-0.6357835,0.3628329,0.5267591,0.7686853,0.8663228,-0.4945529,-0.07001585
1356443244435,0.29796925,0.6579305,-0.6916225,0.3942128,0.57505214,0.71687603,0.8693737,-0.48625347,-0.08801681
1356443244475,0.25989228,0.6177405,-0.7421945,0.42629564,0.61625546,0.66219425,0.8664456,-0.48849344,-0.10318005
1356443244515,0.23016277,0.57369053,-0.7860689,0.45828542,0.6486805,0.60760856,0.8584869,-0.50009286,-0.11361194
1356443244555,0.20580977,0.5292088,-0.8231527,0.4885246,0.67328686,0.55500317,0.8479305,-0.5163554,-0.119962454
1356443244594,0.18583533,0.488312,-0.85265267,0.5148865,0.6906916,0.50777656,0.8368734,-0.5333821,-0.12307036
1356443244635,0.17306376,0.45558602,-0.8732069,0.53615934,0.7001265,0.4715464,0.8261853,-0.5497856,-0.12310016
1356443244675,0.1710676,0.43500322,-0.8840295,0.5519887,0.7009052,0.4517083,0.8161154,-0.565247,-0.1202147
1356443244715,0.18166578,0.42835945,-0.8851586,0.5626095,0.69298345,0.4508264,0.806516,-0.57989836,-0.115107715
1356443244755,0.20093578,0.43420485,-0.87811786,0.5689833,0.67796165,0.46543097,0.7974226,-0.5931561,-0.11082852
1356443244795,0.21398634,0.44675654,-0.8686878,0.57449704,0.6616744,0.48180926,0.79003984,-0.60215914,-0.115071
1356443244835,0.19617504,0.45604813,-0.8680642,0.58541393,0.6557167,0.47678724,0.78664213,-0.6017106,-0.13834167
1356443244875,0.12972364,0.44988674,-0.883614,0.6029915,0.6716299,0.43048164,0.7871296,-0.58865535,-0.18415159
1356443244915,0.026507437,0.42000374,-0.9071351,0.61561805,0.7081023,0.34584045,0.7875987,-0.5676161,-0.23979187
1356443244955,-0.07485658,0.3713313,-0.925478,0.61311084,0.749075,0.25096175,0.7864424,-0.5486344,-0.2837404
1356443244995,-0.14086103,0.31918347,-0.937166,0.60062224,0.7800567,0.1753979,0.78702676,-0.53817606,-0.3015883
1356443245039,-0.16133949,0.27616966,-0.9474702,0.5883035,0.7977364,0.13234606,0.7923815,-0.53604746,-0.291178
1356443245075,-0.1430887,0.24639308,-0.9585489,0.58032084,0.80543756,0.120407924,0.80171895,-0.53903687,-0.25823605
1356443245114,-0.10382056,0.22493869,-0.96882606,0.5747925,0.80852103,0.12612416,0.8116864,-0.5437797,-0.21323419
1356443245155,-0.062159147,0.20421624,-0.9769503,0.5693788,0.8111895,0.1333394,0.8197218,-0.54796654,-0.16669929
1356443245195,-0.030535396,0.17854694,-0.9834575,0.5635649,0.8156843,0.13058957,0.8255072,-0.5502546,-0.12553006
1356443245235,-0.011475652,0.14753416,-0.98899037,0.55759263,0.82194924,0.116145566,0.8300354,-0.55012095,-0.09169638
1356443245275,-0.004935894,0.11148791,-0.9937535,0.5515512,0.8292398,0.09029181,0.8341264,-0.54766035,-0.0655843
1356443245315,-0.012776673,0.06919132,-0.9975216,0.54491264,0.83693594,0.051073074,0.8383954,-0.54290956,-0.04839647
1356443245355,-0.038306355,0.018262655,-0.9990991,0.53528464,0.84465647,-0.0050837398,0.84380263,-0.5349971,-0.042131424
1356443245395,-0.08237178,-0.042075723,-0.99571306,0.5184299,0.8514753,-0.07886854,0.85114354,-0.522704,-0.048324227
1356443245435,-0.13934219,-0.107844844,-0.9843542,0.49171644,0.8553035,-0.16331209,0.85953397,-0.50677943,-0.066150784
1356443245475,-0.19779609,-0.17050107,-0.96530104,0.45953143,0.85371494,-0.24495241,0.8658565,-0.4920368,-0.090510845
1356443245515,-0.24841642,-0.22238968,-0.94277894,0.43210268,0.84564173,-0.31333262,0.86693513,-0.4852143,-0.11397612
1356443245554,-0.2881639,-0.25989255,-0.9216384,0.41639063,0.8327011,-0.3650038,0.86231107,-0.48894253,-0.13173759
1356443245594,-0.3166089,-0.28127304,-0.90589416,0.41290936,0.81892544,-0.3985812,0.85396993,-0.5002465,-0.14313883
1356443245636,-0.3316598,-0.2836216,-0.89975584,0.42037505,0.8093888,-0.41009086,0.844563,-0.51424557,-0.14921433
1356443245675,-0.3295185,-0.2626117,-0.9068917,0.43906903,0.8077308,-0.39343274,0.8358444,-0.52783144,-0.15085763
1356443245715,-0.30541193,-0.21312223,-0.92806387,0.46983784,0.8140019,-0.34154543,0.8282367,-0.54035157,-0.14847302
1356443245755,-0.25201344,-0.12723327,-0.95932317,0.5117098,0.82387257,-0.2436945,0.8213661,-0.5523094,-0.14252043
1356443245795,-0.16242033,0.0013360679,-0.98672074,0.55686307,0.8256543,-0.09054513,0.8145693,-0.5641748,-0.13484704
1356443245835,-0.04575646,0.16108663,-0.98587894,0.5877567,0.80234873,0.10381998,0.8077427,-0.57470655,-0.13139236
1356443245875,0.053914428,0.3085829,-0.9496683,0.59453154,0.7541844,0.27881554,0.8022628,-0.5796399,-0.14280087
1356443245915,0.086409956,0.401759,-0.9116595,0.594268,0.7136718,0.3708344,0.7996117,-0.57381386,-0.17708415
1356443245955,0.050434142,0.43893892,-0.8971003,0.60007244,0.7047123,0.37854156,0.79835427,-0.55741656,-0.2278536
1356443245995,-0.006277621,0.44729322,-0.89436525,0.60501724,0.71380955,0.35274637,0.7961876,-0.53889203,-0.27510118
1356443246040,-0.032319516,0.45817688,-0.88827324,0.60712665,0.7149795,0.34670082,0.79394746,-0.52808917,-0.3012792
1356443246074,-0.005379439,0.48810673,-0.8727673,0.60813797,0.69443107,0.38462147,0.7938131,-0.5286939,-0.30057192
1356443246115,0.07180956,0.53548044,-0.84148926,0.6002373,0.65059763,0.46522892,0.79659194,-0.53850114,-0.27469623
1356443246155,0.17039937,0.58121604,-0.7957085,0.5736311,0.59807044,0.5596956,0.8011938,-0.5518149,-0.23149276
1356443246195,0.25756612,0.6095744,-0.749719,0.5328428,0.55765694,0.6364726,0.8060634,-0.56341624,-0.1811738
1356443246235,0.31379774,0.61556137,-0.72292125,0.4943235,0.5441427,0.67790335,0.81066346,-0.57008153,-0.13353562
1356443246275,0.33815676,0.6022431,-0.7231551,0.46916303,0.55824137,0.68428993,0.81580395,-0.5706749,-0.09377712
1356443246315,0.33788115,0.5738187,-0.74603516,0.45822704,0.5920738,0.66293025,0.82210964,-0.56584513,-0.06288868
1356443246355,0.3210946,0.5345776,-0.78174484,0.45725873,0.6353536,0.6222863,0.82934475,-0.55727243,-0.04043168
1356443246395,0.29200262,0.48727313,-0.82298195,0.46288273,0.6809932,0.56743973,0.83694327,-0.5466381,-0.02669853
1356443246435,0.24965757,0.43201214,-0.86662364,0.4729826,0.7265334,0.49843425,0.8449607,-0.5343358,-0.022949636
1356443246475,0.19121325,0.36728865,-0.9102398,0.48435682,0.771272,0.41296244,0.8537189,-0.5198448,-0.030421317
1356443246515,0.120569825,0.2958579,-0.9475922,0.4923402,0.81106347,0.31587523,0.8620116,-0.5046228,-0.04787296
1356443246554,0.052210867,0.22881477,-0.97206885,0.49604094,0.83888,0.22410645,0.866728,-0.49388677,-0.06970286
1356443246624,-0.0026090723,0.17615922,-0.9843582,0.5051562,0.84976274,0.15073326,0.863024,-0.49686137,-0.091205
1356443246644,-0.03174791,0.15134175,-0.9879715,0.51858175,0.8475067,0.11316039,0.85443836,-0.5087514,-0.105389655
1356443246685,-0.0362021,0.15396526,-0.98741287,0.5370208,0.83627284,0.11070922,0.84279186,-0.52625334,-0.11295736
1356443246725,-0.011632141,0.19007912,-0.9816999,0.5568912,0.81664747,0.15152268,0.830504,-0.54493743,-0.11535275
1356443246763,0.04875806,0.26499256,-0.9630169,0.5718484,0.78309643,0.24443701,0.8189091,-0.562618,-0.11335331
1356443246803,0.14860871,0.37696278,-0.914229,0.57002026,0.72279984,0.39068842,0.80807954,-0.5791887,-0.10746205
1356443246843,0.27519256,0.5061964,-0.81733364,0.53674257,0.6244305,0.5674451,0.79760665,-0.5948544,-0.09985852
1356443246884,0.39073202,0.6151152,-0.68480784,0.47618848,0.50159734,0.7222497,0.7877646,-0.6083037,-0.09692067
1356443246924,0.460719,0.6850241,-0.56434035,0.42235845,0.39001757,0.81822956,0.7806096,-0.61532784,-0.1096372
1356443246965,0.47897243,0.7281262,-0.49032396,0.40621918,0.3113122,0.8591104,0.7781847,-0.6106692,-0.14666891
1356443247005,0.46256936,0.76071113,-0.45535493,0.42400497,0.2612484,0.86716145,0.7786201,-0.59419507,-0.2016998
1356443247043,0.43752903,0.78780586,-0.43350914,0.44960195,0.22585088,0.86420447,0.77873385,-0.5730211,-0.25538278
1356443247082,0.42952937,0.80794007,-0.40340716,0.45753843,0.19043082,0.868559,0.77856475,-0.5576459,-0.28786802
1356443247123,0.44409874,0.81883454,-0.36371177,0.43950748,0.15465471,0.8848249,0.7807749,-0.55280364,-0.2912019
1356443247163,0.4718304,0.820531,-0.322653,0.39905056,0.12758526,0.90800923,0.7862155,-0.5571812,-0.26723477
1356443247203,0.5014237,0.8159249,-0.28782108,0.34524202,0.116343826,0.93127453,0.7933363,-0.566331,-0.22335398
1356443247243,0.5256474,0.8088215,-0.26363346,0.28971273,0.12117627,0.94941187,0.7998508,-0.57543385,-0.17062989
1356443247283,0.5414409,0.8020983,-0.25195277,0.24248233,0.1379624,0.96029615,0.80501187,-0.58103776,-0.11979619
1356443247323,0.5482972,0.79705274,-0.2531345,0.208516,0.16283268,0.96436846,0.8098711,-0.5815431,-0.07691753
1356443247363,0.5473836,0.79339206,-0.26627094,0.18844467,0.19314742,0.96290326,0.81538934,-0.5772548,-0.043784797
1356443247404,0.5407803,0.78987956,-0.2892177,0.18103534,0.2264821,0.9570434,0.82145166,-0.56990886,-0.020519048
1356443247445,0.52939,0.78551316,-0.32049248,0.18582484,0.26123443,0.94722,0.8277774,-0.5610042,-0.0076729953
1356443247485,0.5113776,0.77985156,-0.36100495,0.20360857,0.29817417,0.9325426,0.83488715,-0.55038506,-0.0063049197
1356443247525,0.48271242,0.7722647,-0.41303265,0.23508501,0.3400497,0.91055,0.8436372,-0.5366316,-0.017401636
1356443247564,0.4416945,0.7606182,-0.47577927,0.27741203,0.3885358,0.87868226,0.853199,-0.52009594,-0.039390534
1356443247605,0.39388037,0.74268454,-0.5415515,0.32317108,0.43966556,0.8380064,0.8604759,-0.505088,-0.0668385
1356443247645,0.35274115,0.71927243,-0.5985155,0.36374432,0.48392108,0.7959337,0.8621274,-0.49846518,-0.09093237
1356443247685,0.32776108,0.694631,-0.6403596,0.39651096,0.51407635,0.7605949,0.8575265,-0.503203,-0.10693461
1356443247725,0.3181655,0.6719447,-0.66877586,0.42253035,0.5309881,0.7345201,0.8486689,-0.5162771,-0.114974916
1356443247764,0.3189381,0.65277696,-0.6871396,0.44236326,0.5386616,0.71704847,0.8382084,-0.53265935,-0.11696482
1356443247805,0.32774994,0.6382833,-0.6965446,0.4556603,0.5390562,0.70837283,0.82761925,-0.54955685,-0.11416477
1356443247845,0.34327105,0.6289141,-0.69759023,0.4624472,0.5332832,0.70834434,0.8175008,-0.56575274,-0.10777891
1356443247885,0.36421308,0.6238402,-0.69149995,0.46383166,0.5223551,0.7155455,0.80759454,-0.5813506,-0.09910834
1356443247925,0.38686782,0.6212461,-0.68145907,0.46314606,0.50812465,0.72615767,0.7973888,-0.5965421,-0.09115064
1356443247964,0.40171725,0.61967564,-0.6742591,0.46730196,0.4944921,0.73287547,0.7875609,-0.60949135,-0.09092963
1356443248005,0.39239097,0.6195716,-0.67982376,0.48581988,0.48798925,0.725152,0.7810303,-0.614815,-0.109517634
1356443248044,0.34265506,0.6208345,-0.70509017,0.5229086,0.49748218,0.69215465,0.78048325,-0.605868,-0.15417492
1356443248082,0.263686,0.61633843,-0.74202204,0.56391305,0.52560943,0.63697475,0.78260577,-0.58639723,-0.20896542
1356443248124,0.17675632,0.6017566,-0.77887493,0.593413,0.56618303,0.5720993,0.78525037,-0.5633167,-0.2570138
1356443248163,0.10604137,0.5739763,-0.81197685,0.6057992,0.6102494,0.5104929,0.7885192,-0.54602826,-0.28300267
1356443248203,0.06207508,0.5354302,-0.8422952,0.60499215,0.65102124,0.45842758,0.79380804,-0.53803897,-0.28351885
1356443248262,0.04386598,0.48945862,-0.8709225,0.5961935,0.68668836,0.41594762,0.8016415,-0.5374843,-0.26168978
1356443248283,0.043562353,0.43771577,-0.89805746,0.5836637,0.7184025,0.3784634,0.81082606,-0.5406503,-0.2241835
1356443248324,0.05188009,0.38188046,-0.92275447,0.57122487,0.7465688,0.34108236,0.8191524,-0.54479575,-0.17940754
1356443248365,0.060267925,0.32394302,-0.94415504,0.5615497,0.7709965,0.3003769,0.8252452,-0.5482931,-0.13544375
1356443248390,0.06268677,0.2665327,-0.96178514,0.5553049,0.791422,0.25551456,0.8292809,-0.5501014,-0.09839523
1356443248431,0.0623253,0.21562798,-0.97448456,0.5502724,0.8071505,0.2137952,0.8326559,-0.5495568,-0.06834823
1356443248474,0.053922594,0.1657013,-0.9847006,0.5464463,0.820473,0.16798934,0.83575636,-0.54714453,-0.046304822
1356443248513,0.03813675,0.11866975,-0.9922011,0.5430055,0.83107173,0.12026952,0.83886266,-0.5433574,-0.03274399
1356443248553,0.014765743,0.07591757,-0.99700487,0.53816533,0.83976567,0.07191482,0.84271,-0.5376153,-0.02845645
1356443248593,-0.016726397,0.038070917,-0.9991351,0.5300979,0.84761286,0.023423046,0.84777147,-0.52924764,-0.03435886
1356443248633,-0.054439664,0.0057247877,-0.99850065,0.5193436,0.8542446,-0.023417622,0.85282975,-0.51983976,-0.049477935
1356443248673,-0.09291578,-0.02087316,-0.99545515,0.51035666,0.8574559,-0.065616205,0.8549285,-0.51413393,-0.06901842
1356443248713,-0.12671053,-0.041724622,-0.9910618,0.508301,0.85523695,-0.100994244,0.85180664,-0.5165548,-0.08715886
1356443248753,-0.15340391,-0.05655746,-0.9865438,0.51398253,0.8481146,-0.12854381,0.8439723,-0.5267854,-0.10103458
1356443248793,-0.17214936,-0.064308226,-0.9829696,0.5242714,0.83882076,-0.14669433,0.83396894,-0.5405961,-0.110687494
1356443248835,-0.18144596,-0.063231826,-0.9813659,0.5365635,0.8299327,-0.1526805,0.82412183,-0.5542684,-0.11666
1356443248875,-0.17907667,-0.05148533,-0.982487,0.5505718,0.82237077,-0.14344679,0.81535405,-0.56661767,-0.11892104
1356443248915,-0.16299096,-0.027439028,-0.986246,0.5667621,0.8156235,-0.116357416,0.8075981,-0.577932,-0.11738783
1356443248955,-0.13281083,0.008827329,-0.99110216,0.5847239,0.8081056,-0.071157366,0.80028707,-0.5889715,-0.11248672
1356443248995,-0.091812365,0.05565098,-0.99422,0.6023667,0.7981444,-0.010950506,0.7929218,-0.5998904,-0.10680181
1356443249047,-0.052030534,0.108220875,-0.99276435,0.6157823,0.78610337,0.05341983,0.7861965,-0.6085473,-0.10754186
1356443249075,-0.035994567,0.15714061,-0.98692,0.6216273,0.7767733,0.10100865,0.7824857,-0.60986066,-0.12564254
1356443249115,-0.06105647,0.19182664,-0.9795277,0.61916083,0.7770078,0.11357209,0.78288686,-0.59955096,-0.16621292
1356443249154,-0.11628014,0.20694594,-0.97141767,0.60923326,0.78730446,0.09479727,0.7844194,-0.58079696,-0.21762621
1356443249195,-0.17106074,0.20633306,-0.9634131,0.59566206,0.80054474,0.0656877,0.7848089,-0.562632,-0.2598465
1356443249235,-0.20096445,0.19828016,-0.9593218,0.58517575,0.8096701,0.04476285,0.7856098,-0.5523761,-0.27874362
1356443249275,-0.19883686,0.18969393,-0.9614989,0.5809626,0.8129349,0.04024133,0.7892695,-0.5505934,-0.27184647
1356443249315,-0.16862023,0.18321832,-0.9685031,0.5810319,0.8121866,0.052486926,0.79622185,-0.5538808,-0.24340677
1356443249356,-0.12112391,0.17785259,-0.9765744,0.5810985,0.8103234,0.075501904,0.8047693,-0.5583408,-0.2014994
1356443249395,-0.07132882,0.17016701,-0.9828303,0.5781856,0.809965,0.09827536,0.81278133,-0.5612485,-0.15616196
1356443249435,-0.031093236,0.15725227,-0.98706883,0.57226086,0.8124687,0.11140975,0.819482,-0.5613967,-0.1152516
1356443249475,-0.0039474666,0.13867795,-0.9903296,0.56479037,0.81756663,0.11223431,0.8252249,-0.55888563,-0.08155131
1356443249515,0.011207316,0.1150412,-0.9932976,0.55757624,0.8238713,0.10170981,0.8300501,-0.55497897,-0.05491084
1356443249555,0.015981112,0.08773327,-0.9960158,0.5516946,0.8300092,0.081962675,0.83389306,-0.5508064,-0.035137475
1356443249595,0.009180635,0.05729437,-0.9983152,0.5463761,0.83586156,0.052995563,0.8374897,-0.54594207,-0.02363056
1356443249635,-0.011763394,0.023961008,-0.9996437,0.5388871,0.8422642,0.0138472915,0.8422959,-0.5385322,-0.022820175
1356443249675,-0.04673744,-0.011320323,-0.9988431,0.5270823,0.8491223,-0.034286484,0.848528,-0.528075,-0.033719063
1356443249715,-0.08980638,-0.046138823,-0.99489,0.513229,0.8539391,-0.08593008,0.8535402,-0.5183234,-0.05300939
1356443249755,-0.13228947,-0.077607125,-0.98816836,0.50374484,0.85332465,-0.13445503,0.8536631,-0.5155717,-0.07379168
1356443249795,-0.16869524,-0.103730366,-0.98019487,0.50293785,0.8461914,-0.17610684,0.84770006,-0.5226855,-0.090578556
1356443249835,-0.19732714,-0.12311512,-0.9725763,0.5094602,0.8347198,-0.20902927,0.83756334,-0.5367361,-0.10199058
1356443249875,-0.21700256,-0.13401422,-0.96692824,0.5200138,0.822416,-0.23068908,0.8261329,-0.5528761,-0.108777165
1356443249915,-0.22560069,-0.13425839,-0.9649243,0.5332873,0.8118677,-0.23764561,0.8152968,-0.56819487,-0.11155963
1356443249955,-0.2208819,-0.12178464,-0.9676671,0.54979455,0.8039546,-0.22667818,0.8055663,-0.5820872,-0.110622466
1356443249995,-0.20130672,-0.09508672,-0.9749021,0.57006156,0.7979928,-0.19554348,0.79655844,-0.59511846,-0.106436014
1356443250047,-0.16750926,-0.053955078,-0.984393,0.5928747,0.7922588,-0.1443107,0.78768027,-0.60779506,-0.100722075
1356443250075,-0.12715274,-0.001731664,-0.9918817,0.6135198,0.7856145,-0.080020726,0.7793752,-0.6187139,-0.09883064
1356443250115,-0.10048684,0.051752537,-0.9935915,0.62457466,0.78064084,-0.022505581,0.77447337,-0.62283355,-0.110767424
1356443250155,-0.11160439,0.09120613,-0.98955846,0.6210106,0.78379905,0.0022027493,0.77581584,-0.61428046,-0.14411539
1356443250195,-0.16275638,0.10623607,-0.9809303,0.60244226,0.7980478,-0.01352784,0.7813921,-0.5931556,-0.19388849
1356443250235,-0.22365981,0.10210568,-0.9693043,0.57639414,0.81581557,-0.047061354,0.7859683,-0.569227,-0.24131829
1356443250275,-0.2632661,0.09231667,-0.9602961,0.5563223,0.8277591,-0.072940886,0.78816015,-0.553437,-0.2692787
1356443250315,-0.26902813,0.087408796,-0.95915776,0.55062383,0.83103454,-0.07870819,0.7902134,-0.54930985,-0.27170104
1356443250355,-0.23930979,0.09392746,-0.96638936,0.55872387,0.8273269,-0.057947025,0.7940771,-0.5538121,-0.25046694
1356443250395,-0.18219626,0.1113126,-0.9769411,0.57241166,0.8198579,-0.013338327,0.79946816,-0.5616427,-0.21309167
1356443250435,-0.114412874,0.13243142,-0.98456675,0.58253634,0.8117449,0.04149121,0.8047119,-0.5687987,-0.17002022
1356443250475,-0.05347273,0.14853351,-0.98746055,0.58543843,0.80576146,0.089499846,0.80895144,-0.5733116,-0.1300435
1356443250515,-0.008251548,0.15527494,-0.98783684,0.5823523,0.80380815,0.121483624,0.8128947,-0.5742666,-0.0970574
1356443250555,0.020997677,0.15313852,-0.9879816,0.575578,0.8061572,0.13718829,0.8174773,-0.5715411,-0.07121575
1356443250596,0.037056502,0.14447846,-0.98881376,0.5671899,0.8116274,0.13984507,0.82275295,-0.56602734,-0.051870644
1356443250635,0.041617867,0.13100384,-0.99050796,0.55892146,0.8186852,0.13176276,0.82817566,-0.55909985,-0.039148927
1356443250675,0.03317553,0.112509,-0.9930968,0.5510162,0.8269321,0.11209141,0.8338349,-0.5509311,-0.034560382
1356443250715,0.00954625,0.087839484,-0.9960889,0.542362,0.8364265,0.07895762,0.8400907,-0.54099447,-0.039656043
1356443250755,-0.026983209,0.05830027,-0.99793434,0.5322344,0.8458722,0.035025522,0.84616697,-0.5301898,-0.05385375
1356443250795,-0.06633681,0.02984558,-0.9973508,0.523855,0.8517561,-0.009354532,0.8492204,-0.52308774,-0.072137535
1356443250835,-0.09725624,0.009891093,-0.99521023,0.52343374,0.8509961,-0.042694435,0.8464977,-0.5250789,-0.087942004
1356443250875,-0.11414808,0.0035451353,-0.9934575,0.53345215,0.84381986,-0.058282405,0.8380925,-0.5366149,-0.09821159
1356443250915,-0.11510441,0.014452189,-0.9932482,0.5506692,0.8331214,-0.051693052,0.8267493,-0.55290127,-0.1038543
1356443250955,-0.09708346,0.047005743,-0.99416566,0.5706363,0.82102895,-0.01690489,0.8154441,-0.5689481,-0.1065315
