1356443347263,0.34855282,0.44506884,0.8248786,-0.5026784,-0.65403134,0.565294,0.7910912,-0.6116835,-0.00423795
1356443347286,0.23100835,0.29233873,0.92799425,-0.56640095,-0.73510617,0.37257057,0.7910911,-0.6116837,-0.0042346995
1356443347300,0.23098832,0.29233235,0.92800117,-0.566411,-0.7351072,0.37255335,0.7910898,-0.6116856,-0.004220905
1356443347330,0.23090482,0.29229248,0.92803454,-0.566451,-0.7351182,0.37247083,0.7910855,-0.61169136,-0.004172981
1356443347361,0.23062837,0.29211122,0.9281603,-0.56657666,-0.7351795,0.3721586,0.79107606,-0.6117043,-0.0040498357
1356443347402,0.22992933,0.29165584,0.92847687,-0.5668898,-0.7353362,0.37137127,0.79105526,-0.61173326,-0.0037386417
1356443347443,0.22777778,0.28937727,0.9297193,-0.56779754,-0.7362034,0.36825326,0.7910267,-0.6117723,-0.0033830386
1356443347483,0.22360837,0.28397492,0.93239343,-0.56950474,-0.7382636,0.36142936,0.79098904,-0.6118212,-0.0033568423
1356443347524,0.21694362,0.27405825,0.9369245,-0.5721557,-0.74194527,0.34950703,0.790932,-0.61189,-0.004156353
1356443347563,0.20774508,0.2591607,0.94322735,-0.5756884,-0.74719274,0.33209324,0.79083806,-0.61199576,-0.0060298443
1356443347606,0.19648832,0.24027209,0.95061123,-0.57985073,-0.753333,0.31026226,0.7906741,-0.6121755,-0.008699238
1356443347643,0.18406075,0.2194831,0.95809644,-0.5842824,-0.759405,0.2862134,0.79040223,-0.6124795,-0.011536535
1356443347682,0.17157108,0.19906415,0.9648507,-0.5886042,-0.76464283,0.26242447,0.7900054,-0.6129396,-0.014020652
1356443347722,0.16001749,0.180767,0.9704213,-0.5925087,-0.7687027,0.24089314,0.7895111,-0.6135302,-0.015899807
1356443347765,0.1502136,0.16562219,0.9746821,-0.5957699,-0.771596,0.22293027,0.788983,-0.61417335,-0.017231528
1356443347803,0.14262033,0.1535693,0.9777913,-0.59824634,-0.7736395,0.20876577,0.7885181,-0.6147343,-0.01846439
1356443347843,0.13728428,0.14360897,0.98006606,-0.59983647,-0.77533066,0.19763212,0.788257,-0.61501116,-0.020298745
1356443347887,0.13389754,0.13454606,0.98181915,-0.60037196,-0.777216,0.18838468,0.788432,-0.6146809,-0.023289625
1356443347925,0.13193274,0.12551703,0.9832799,-0.5995828,-0.77980953,0.17999345,0.7893632,-0.6133047,-0.027624574
1356443347965,0.13092083,0.116923094,0.9844738,-0.5974589,-0.78313416,0.17246398,0.7911401,-0.61076176,-0.032671835
1356443348006,0.13053232,0.110170156,0.98530394,-0.5943687,-0.7867238,0.16670774,0.79352826,-0.6073946,-0.037211183
1356443348045,0.13072622,0.10736208,0.9855882,-0.59094685,-0.78977835,0.16441399,0.79604805,-0.60392344,-0.03979945
1356443348085,0.13085926,0.10892041,0.9853995,-0.5876222,-0.7920122,0.16557963,0.7984835,-0.6007103,-0.039638016
1356443348124,0.13314301,0.1182092,0.98402214,-0.58370286,-0.79305065,0.17424588,0.8009769,-0.5975761,-0.036590066
1356443348165,0.13415694,0.13071996,0.98230046,-0.5795319,-0.7937262,0.1847745,0.8038313,-0.5940632,-0.030727532
1356443348205,0.13804656,0.15239464,0.9786312,-0.57353926,-0.79325926,0.20443204,0.80746263,-0.5895046,-0.022102416
1356443348245,0.14162266,0.17877693,0.97364366,-0.5657026,-0.7925186,0.2278045,0.8123568,-0.583055,-0.011104081
1356443348304,0.1446979,0.2087113,0.9672136,-0.5554582,-0.7918145,0.25396073,0.8188582,-0.5739943,0.0013564508
1356443348325,0.14685977,0.23944306,0.95973915,-0.5430033,-0.79147744,0.28055447,0.8267887,-0.5623437,0.013782173
1356443348365,0.14785594,0.26768625,0.9520939,-0.5292681,-0.7918102,0.3048146,0.8354723,-0.54898155,0.024603933
1356443348405,0.14790857,0.29109854,0.94519025,-0.5154487,-0.79295063,0.3248722,0.84405905,-0.53524846,0.03276217
1356443348445,0.1477328,0.3088023,0.93958294,-0.5024047,-0.79487604,0.34023732,0.8519181,-0.5223151,0.03771457
1356443348485,0.14822876,0.32067034,0.9355205,-0.49017802,-0.79777193,0.3511203,0.85892594,-0.51061773,0.0389328
1356443348525,0.1500386,0.32659984,0.93317795,-0.47793895,-0.80229133,0.35763547,0.86548424,-0.49966118,0.03572005
1356443348565,0.15326601,0.32660708,0.9326508,-0.4645395,-0.80920196,0.3597158,0.87218845,-0.4883853,0.027698666
1356443348605,0.15745324,0.3202088,0.93417066,-0.44953483,-0.81903464,0.35651174,0.87927634,-0.47607616,0.014985353
1356443348645,0.1619007,0.30533394,0.9383812,-0.43473384,-0.8316065,0.34559667,0.8858863,-0.46389842,-0.0018986766
1356443348685,0.16604805,0.27944964,0.9456934,-0.42467505,-0.8452556,0.32433644,0.8899883,-0.4554678,-0.021677762
1356443348725,0.16989696,0.24447381,0.9546557,-0.42409766,-0.8563038,0.29476255,0.88953704,-0.45494652,-0.041802645
1356443348765,0.17437106,0.20877922,0.9622921,-0.43411762,-0.86086303,0.26543695,0.88381934,-0.46403247,-0.059474856
1356443348805,0.18119526,0.1816079,0.9665335,-0.4516214,-0.85767764,0.24581942,0.8736169,-0.4810485,-0.07338911
1356443348843,0.19244754,0.16885906,0.96666986,-0.47077888,-0.84843236,0.2419293,0.86100596,-0.50164646,-0.08378345
1356443348885,0.20939547,0.17147261,0.9626789,-0.48723334,-0.8352847,0.25476086,0.8477955,-0.522395,-0.09135765
1356443348925,0.23289949,0.18913142,0.95393246,-0.49824554,-0.8191832,0.28406042,0.8351702,-0.54145014,-0.096553445
1356443348965,0.26250017,0.21926098,0.93969053,-0.5030109,-0.7999614,0.32717237,0.8234523,-0.5585574,-0.09969932
1356443349005,0.2964447,0.2568176,0.9198724,-0.5022946,-0.7772718,0.37887824,0.8122935,-0.57436335,-0.101420045
1356443349045,0.33233267,0.29321402,0.89642656,-0.4978181,-0.75273746,0.4307708,0.8010819,-0.58941656,-0.10419202
1356443349085,0.36798012,0.31522092,0.8747722,-0.49077365,-0.73322433,0.47066268,0.789767,-0.6025097,-0.11510986
1356443349124,0.4027272,0.31092316,0.8608934,-0.47922033,-0.72970784,0.48772368,0.7798453,-0.60897726,-0.14487249
1356443349165,0.43568504,0.2768854,0.8564538,-0.4613425,-0.74833006,0.47661847,0.77287877,-0.6027741,-0.1982972
1356443349205,0.46412343,0.2237685,0.8570398,-0.44101194,-0.7807364,0.44267282,0.76817834,-0.58341956,-0.26367345
1356443349244,0.48453087,0.1753698,0.8570153,-0.42433566,-0.80959827,0.4055736,0.76496345,-0.56017506,-0.31785968
1356443349303,0.49530062,0.1543644,0.854897,-0.4123153,-0.8244102,0.38774216,0.7646394,-0.54453605,-0.34468406
1356443349325,0.49637416,0.16718483,0.8518579,-0.40420443,-0.8239105,0.39722818,0.76826525,-0.54149854,-0.34139103
1356443349365,0.48801595,0.20747052,0.8478187,-0.40097553,-0.80948514,0.42889687,0.77528006,-0.54926306,-0.31185105
1356443349405,0.4708042,0.26360142,0.8419369,-0.40431154,-0.78374076,0.47146854,0.78414005,-0.5623742,-0.26241136
1356443349445,0.44626355,0.31904995,0.8360957,-0.41520447,-0.7538235,0.5092694,0.79275095,-0.5744191,-0.203933
1356443349485,0.4171548,0.36483425,0.8323928,-0.43078673,-0.727089,0.5345694,0.8002529,-0.58158195,-0.1461429
1356443349525,0.38480103,0.39559662,0.8339253,-0.44801402,-0.70987093,0.5434765,0.80697685,-0.5827406,-0.095926255
1356443349565,0.3495894,0.41037443,0.84224707,-0.46479115,-0.7045836,0.53621936,0.81348413,-0.5789256,-0.055576563
1356443349605,0.3107137,0.40757936,0.85868275,-0.48093367,-0.71180856,0.51189005,0.81985354,-0.57202065,-0.02515003
1356443349645,0.26499087,0.3805494,0.88598084,-0.4972234,-0.73331916,0.4636938,0.8261651,-0.563405,-0.00510484
1356443349685,0.20529503,0.3145342,0.9267806,-0.5136657,-0.77141434,0.3755896,0.83306754,-0.55316204,0.0031978786
1356443349724,0.11701679,0.17912133,0.9768432,-0.5280406,-0.82182616,0.21395065,0.8411184,-0.5408487,-0.0015841089
1356443349765,-0.019615233,-0.06556828,0.99765533,-0.5275723,-0.84693974,-0.06603566,0.84928375,-0.52763057,-0.017979145
1356443349804,-0.18637615,-0.3774699,0.9070724,-0.48469937,-0.7677477,-0.4190823,0.85459375,-0.51776433,-0.039869547
1356443349845,-0.3102854,-0.5991937,0.73803115,-0.41677165,-0.6120217,-0.67210937,0.8544147,-0.51613617,-0.0598256
1356443349885,-0.3764031,-0.6972012,0.6101076,-0.3711211,-0.4899249,-0.78882366,0.8488757,-0.52333945,-0.07433689
1356443349924,-0.41050655,-0.7296519,0.54689336,-0.35390925,-0.42525262,-0.83301157,0.8403764,-0.5355074,-0.083661556
1356443349965,-0.42526203,-0.7305923,0.5342164,-0.35790652,-0.4063878,-0.84068537,0.8312973,-0.54871106,-0.088662446
1356443350004,-0.420709,-0.707294,0.56810147,-0.38224804,-0.42970937,-0.81806874,0.8227336,-0.5613245,-0.089579165
1356443350045,-0.38772583,-0.64947313,0.6541049,-0.4311457,-0.49942714,-0.7514558,0.8147282,-0.5733733,-0.0863767
1356443350085,-0.30733365,-0.5305082,0.7900045,-0.50467485,-0.6129498,-0.60794395,0.8067523,-0.585537,-0.07935402
1356443350125,-0.16820717,-0.33496398,0.9270952,-0.5783095,-0.7281063,-0.36799368,0.79828846,-0.5980471,-0.07124013
1356443350165,-0.013363242,-0.13207251,0.99114996,-0.6127689,-0.78221446,-0.11249322,0.79014915,-0.60884917,-0.070476964
1356443350204,0.096532166,-0.022596478,0.9950733,-0.61218107,-0.78963006,0.04145652,0.78480303,-0.6131669,-0.0900578
1356443350245,0.15486681,-0.021973968,0.9876909,-0.60219085,-0.79465514,0.07674229,0.7831874,-0.6066633,-0.13629824
1356443350302,0.18271947,-0.0838905,0.9795795,-0.5953686,-0.8023362,0.04234168,0.7824001,-0.5909475,-0.19654822
1356443350325,0.20245177,-0.137927,0.9695305,-0.59155166,-0.80621874,0.008830398,0.78043574,-0.5753151,-0.24481136
1356443350365,0.22588784,-0.13709295,0.9644585,-0.58482534,-0.8108686,0.021712273,0.7790726,-0.56894433,-0.26334077
1356443350405,0.2509557,-0.078725964,0.9647919,-0.5733806,-0.81511146,0.082632005,0.7799077,-0.5739299,-0.24969679
1356443350445,0.26895714,0.011040449,0.9630888,-0.5618602,-0.81036496,0.16619767,0.7822884,-0.5858214,-0.21175024
1356443350485,0.27419055,0.1000745,0.9564542,-0.5557885,-0.7951599,0.24252827,0.7848049,-0.5980852,-0.16240507
1356443350525,0.26702344,0.16907918,0.9487417,-0.5558406,-0.7772038,0.29495007,0.7872355,-0.6061077,-0.11355057
1356443350565,0.25069463,0.21523686,0.9438354,-0.5587438,-0.7640093,0.32263786,0.7905426,-0.60824573,-0.071270764
1356443350605,0.22783238,0.24236937,0.94305325,-0.5616681,-0.7584344,0.33061486,0.795375,-0.6050077,-0.036664784
1356443350645,0.19902265,0.2513402,0.9472159,-0.5641465,-0.76095325,0.32045078,0.80132926,-0.59814554,-0.009654194
1356443350685,0.1632284,0.23824959,0.95738894,-0.5659867,-0.772224,0.28866762,0.8080937,-0.5889882,0.008797258
1356443350725,0.117955446,0.19508396,0.9736677,-0.56516814,-0.7930277,0.22735853,0.81649953,-0.57710415,0.016713347
1356443350765,0.059642732,0.10971038,0.99217254,-0.5581555,-0.82037807,0.124266595,0.8275899,-0.5611981,0.012305912
1356443350805,-0.01411432,-0.028617144,0.9994908,-0.5422714,-0.8396053,-0.031697035,0.84008485,-0.5424426,-0.0036678016
1356443350845,-0.09513134,-0.20099352,0.97496235,-0.51874304,-0.82590413,-0.22088039,0.84962094,-0.5267676,-0.025694698
1356443350885,-0.16247034,-0.3469758,0.9236943,-0.49769884,-0.77950436,-0.3803536,0.8519972,-0.52151775,-0.046043113
1356443350926,-0.20420635,-0.42767754,0.8805634,-0.4913145,-0.7332455,-0.47006515,0.8467053,-0.5286238,-0.06039083
1356443350965,-0.22290456,-0.45289257,0.86325073,-0.5002955,-0.7068729,-0.5000351,0.83667076,-0.5433406,-0.06901488
1356443351005,-0.22208637,-0.44159818,0.86929214,-0.51910126,-0.70114744,-0.48880085,0.8253554,-0.5598066,-0.07351893
1356443351045,-0.20211756,-0.40246084,0.89284587,-0.5433726,-0.7123904,-0.4441241,0.8147974,-0.57491326,-0.07469964
1356443351085,-0.16256326,-0.33744925,0.92720073,-0.5697808,-0.73508304,-0.3674271,0.80555755,-0.58803135,-0.07277462
1356443351124,-0.10496241,-0.24887346,0.9628317,-0.59441626,-0.7604954,-0.2613733,0.797278,-0.5997572,-0.06811102
1356443351164,-0.035467684,-0.14756756,0.98841584,-0.61297095,-0.77793586,-0.13813898,0.7893089,-0.6107696,-0.06286304
1356443351205,0.03536153,-0.058594465,0.99765545,-0.6224929,-0.7822611,-0.023879856,0.7818262,-0.62018895,-0.06413659
1356443351245,0.09969044,-0.009118706,0.9949767,-0.6222552,-0.78086644,0.05518961,0.7764407,-0.62463135,-0.08351904
1356443351298,0.15586644,-0.008148819,0.98774457,-0.6139456,-0.7841534,0.09041163,0.77380645,-0.62051356,-0.12722614
1356443351325,0.20525855,-0.03628066,0.9780351,-0.6019279,-0.7926468,0.09692195,0.77171993,-0.6086006,-0.18453589
1356443351365,0.24662924,-0.058533162,0.96734065,-0.58975637,-0.8011283,0.10188615,0.76900023,-0.59562343,-0.23210198
1356443351405,0.27644843,-0.05221063,0.9596095,-0.577885,-0.8068601,0.12257978,0.76787066,-0.5884309,-0.25322694
1356443351445,0.29202175,-0.016694456,0.956266,-0.5670817,-0.8081564,0.159065,0.7701569,-0.5887313,-0.24546635
1356443351485,0.29299313,0.03860843,0.9553347,-0.55962324,-0.8032235,0.20409286,0.775227,-0.5944253,-0.21373278
1356443351525,0.28145117,0.09662904,0.95469797,-0.5578021,-0.79307735,0.24471444,0.7807958,-0.60140765,-0.16931266
1356443351565,0.26165712,0.14549954,0.9541307,-0.5604151,-0.78194934,0.2729289,0.7857929,-0.60612303,-0.12306246
1356443351605,0.23723537,0.1802926,0.9545753,-0.56418264,-0.7743603,0.28646827,0.79083335,-0.6065152,-0.08198768
1356443351645,0.21037376,0.20056808,0.9568256,-0.5666766,-0.7725155,0.28652644,0.7966306,-0.60248834,-0.04885975
1356443351685,0.18205822,0.20610489,0.96144456,-0.56725746,-0.7766557,0.27390704,0.8031649,-0.5952536,-0.024482038
1356443351725,0.15247142,0.19541565,0.9687957,-0.56547475,-0.7866974,0.24768043,0.8105497,-0.5855937,-0.009446267
1356443351763,0.12128729,0.16579929,0.97867256,-0.56005275,-0.80259645,0.20537736,0.81953055,-0.57301795,-0.0044884086
1356443351803,0.08821529,0.11337477,0.9896284,-0.54985005,-0.8228817,0.14328532,0.830592,-0.55678713,-0.010251675
1356443351843,0.052841663,0.037062883,0.9979149,-0.53735363,-0.8412415,0.05969797,0.84169996,-0.5393877,-0.024536729
1356443351883,0.016135097,-0.052787825,0.9984754,-0.5289268,-0.8478916,-0.03627938,0.848514,-0.527535,-0.04160171
1356443351923,-0.01925224,-0.13565996,0.9905684,-0.5299839,-0.8387198,-0.12516458,0.84778917,-0.527395,-0.05575037
1356443351963,-0.049851358,-0.19643109,0.9792496,-0.54012454,-0.819422,-0.19186722,0.8401073,-0.53848153,-0.06524794
1356443352003,-0.072708905,-0.23281625,0.969799,-0.55494094,-0.79850584,-0.23330021,0.8287062,-0.5551442,-0.07114078
1356443352043,-0.0856846,-0.24760143,0.9650656,-0.57064945,-0.78181326,-0.25125128,0.8167113,-0.57224256,-0.07430427
1356443352085,-0.08751953,-0.24285743,0.9661058,-0.585943,-0.77176404,-0.24708484,0.8056122,-0.58770776,-0.07475613
1356443352125,-0.07793969,-0.21998446,0.97238475,-0.60083246,-0.76795995,-0.22189566,0.79556626,-0.60153484,-0.07231918
1356443352165,-0.057350874,-0.18158436,0.9817016,-0.6152538,-0.76797193,-0.17799406,0.7862402,-0.61420375,-0.06767662
1356443352205,-0.027908504,-0.1362866,0.9902763,-0.62836486,-0.76806676,-0.12341398,0.77741796,-0.6256991,-0.064202115
1356443352245,0.008372068,-0.10076144,0.9948754,-0.6377208,-0.76686674,-0.07230207,0.7702221,-0.63384736,-0.07067792
1356443352301,0.049766064,-0.09425801,0.99430317,-0.63971317,-0.7675331,-0.04074222,0.76700085,-0.63404125,-0.098495185
1356443352325,0.09421182,-0.12332046,0.98788476,-0.6336921,-0.77274585,-0.03603062,0.76782715,-0.6226202,-0.150949
1356443352365,0.13690937,-0.17011516,0.97586715,-0.6243389,-0.77965766,-0.048319817,0.7690623,-0.6026564,-0.21295194
1356443352405,0.17055565,-0.20528583,0.9637264,-0.6157865,-0.78574616,-0.05839488,0.7692319,-0.58349013,-0.2604257
1356443352445,0.18988651,-0.21355043,0.95830023,-0.6075593,-0.79228586,-0.05616787,0.7712424,-0.5715587,-0.28018895
1356443352485,0.19305217,-0.19714834,0.96117806,-0.5981612,-0.8001679,-0.043982953,0.77777505,-0.56644845,-0.27240062
1356443352525,0.18051314,-0.16585207,0.96948856,-0.588002,-0.80834645,-0.028802663,0.7884596,-0.564862,-0.24343853
1356443352565,0.15438408,-0.13010615,0.97940695,-0.57973707,-0.81462973,-0.016832769,0.80004406,-0.5651998,-0.20119321
1356443352605,0.1178087,-0.09946054,0.9880429,-0.5762562,-0.8171568,-0.013548881,0.8087335,-0.56776965,-0.15358293
1356443352644,0.07404637,-0.08076504,0.99397886,-0.5773672,-0.81615186,-0.02330491,0.81312,-0.57216525,-0.10706412
1356443352685,0.025698185,-0.076933146,0.996705,-0.5796953,-0.81342775,-0.04784006,0.81442803,-0.5765558,-0.06550139
1356443352725,-0.026149929,-0.09238976,0.99537945,-0.5788783,-0.8103844,-0.09042668,0.8149946,-0.5785682,-0.032290876
1356443352764,-0.08008939,-0.13088374,0.9881575,-0.57093483,-0.80659235,-0.1531088,0.81707966,-0.5764359,-0.01012665
1356443352805,-0.13486809,-0.19718704,0.9710448,-0.55251515,-0.79853404,-0.23889442,0.8225192,-0.56873614,-0.0012521148
1356443352845,-0.18926877,-0.29284805,0.9372393,-0.52283204,-0.7778809,-0.34863737,0.8311583,-0.5560048,-0.005881831
1356443352885,-0.23958552,-0.40525225,0.88225245,-0.48678353,-0.73610353,-0.47031197,0.8400241,-0.5421459,-0.020910382
1356443352925,-0.283463,-0.5080914,0.81332153,-0.4545614,-0.6755904,-0.5804753,0.84440666,-0.5342478,-0.039453834
1356443352965,-0.3216688,-0.5809792,0.74765784,-0.4338908,-0.6113934,-0.66176796,0.84158653,-0.537272,-0.055415362
1356443353004,-0.3553998,-0.62330556,0.69654953,-0.42442036,-0.5563395,-0.7143906,0.8328016,-0.549524,-0.06682071
1356443353193,-0.38394225,-0.64335436,0.66233176,-0.42264432,-0.51530606,-0.745541,0.8209507,-0.56617546,-0.07406226
1356443353197,-0.40554315,-0.6485373,0.64415383,-0.42570838,-0.48960948,-0.76095665,0.8088926,-0.58282244,-0.077530086
1356443353200,-0.4182334,-0.6436902,0.64089304,-0.43311012,-0.4788766,-0.76360524,0.79843384,-0.5969424,-0.07850659
1356443353202,-0.42554152,-0.6274076,0.65213037,-0.4450801,-0.4823405,-0.7544874,0.7879201,-0.61131597,-0.07399076
1356443353203,-0.4155879,-0.5922363,0.69032085,-0.47125962,-0.50894505,-0.7203397,0.7779467,-0.6246849,-0.06758565
1356443353245,-0.390782,-0.54882914,0.7389695,-0.5052665,-0.5431513,-0.67059106,0.7694122,-0.63543147,-0.06505111
1356443353303,-0.3523237,-0.5151002,0.7813705,-0.5393,-0.57060224,-0.6193291,0.76486826,-0.6395974,-0.076756835
1356443353325,-0.30734545,-0.5145677,0.80047417,-0.56392676,-0.57908076,-0.5887717,0.766502,-0.6323651,-0.11220065
1356443353365,-0.26484233,-0.5490717,0.7927035,-0.5779726,-0.567644,-0.5862833,0.7718849,-0.6134335,-0.1670123
1356443353405,-0.23027027,-0.5904911,0.7734959,-0.586883,-0.5497673,-0.5944109,0.77623713,-0.59082675,-0.21995416
1356443353446,-0.20520073,-0.6126152,0.7632792,-0.59234345,-0.5430881,-0.59513396,0.77911603,-0.5742454,-0.25143653
1356443353485,-0.18932682,-0.6081606,0.7709059,-0.592286,-0.55546296,-0.58365923,0.78316826,-0.56709915,-0.25504097
1356443353525,-0.18216509,-0.5810175,0.79324305,-0.5857185,-0.5838682,-0.56216705,0.78977823,-0.56702435,-0.23395228
1356443353565,-0.18323976,-0.5383806,0.82253844,-0.5747105,-0.6201652,-0.5339504,0.7975783,-0.5705624,-0.19577414
1356443353605,-0.1917485,-0.48923755,0.8508109,-0.56288755,-0.6553282,-0.50368893,0.8039839,-0.5754925,-0.14972752
1356443353645,-0.20645404,-0.4427676,0.8725443,-0.55245113,-0.6832662,-0.47743586,0.8075732,-0.58060664,-0.103544325
1356443353685,-0.22571683,-0.40519953,0.8859262,-0.54261166,-0.7029809,-0.4597721,0.80908865,-0.5844922,-0.06119132
1356443353725,-0.24913782,-0.3842291,0.8889873,-0.53046,-0.7138523,-0.45719486,0.8102732,-0.5854767,-0.025970638
1356443353765,-0.27624315,-0.38720322,0.8796382,-0.51264864,-0.71481174,-0.47564226,0.81294596,-0.5823383,-0.001037389
1356443353805,-0.3066777,-0.42089987,0.85369325,-0.48557228,-0.70223385,-0.5206604,0.8186381,-0.5742047,0.010982096
1356443353845,-0.33830404,-0.48634028,0.80561996,-0.44765466,-0.6698568,-0.5923658,0.82774127,-0.56103927,0.008902758
1356443353885,-0.36642897,-0.5711446,0.7345227,-0.4036777,-0.6136776,-0.6785602,0.8383162,-0.54515463,-0.005689025
1356443353925,-0.38732034,-0.6489674,0.6548468,-0.36589614,-0.5437511,-0.75528455,0.8462287,-0.532143,-0.026848823
1356443353965,-0.40283984,-0.698274,0.5917207,-0.3451273,-0.48288685,-0.80480266,0.84770703,-0.5284256,-0.046467394
1356443354005,-0.41657448,-0.7173661,0.55843675,-0.3420949,-0.445427,-0.82738495,0.84228075,-0.5357058,-0.059853733
1356443354045,-0.42807972,-0.71602553,0.55141205,-0.35122246,-0.43037266,-0.831518,0.8327008,-0.54962426,-0.06725043
1356443354085,-0.4340635,-0.70225906,0.564288,-0.36818776,-0.43338382,-0.8225668,0.8222084,-0.5648102,-0.07044703
1356443354125,-0.43087888,-0.67753136,0.596066,-0.39262772,-0.45397735,-0.79984254,0.81251884,-0.5786672,-0.070408344
1356443354163,-0.41460317,-0.6379342,0.6489561,-0.42667925,-0.4936098,-0.757822,0.8037717,-0.5910916,-0.06754109
1356443354203,-0.37995493,-0.57621175,0.72361195,-0.47230107,-0.5517715,-0.6873717,0.7953402,-0.602933,-0.06249714
1356443354243,-0.3219732,-0.48723987,0.8117454,-0.5270679,-0.6200001,-0.58120507,0.7864685,-0.6149774,-0.057185054
1356443354303,-0.24098325,-0.38154438,0.892385,-0.5805532,-0.68016654,-0.4475841,0.7777436,-0.62593716,-0.057598054
1356443354325,-0.15032703,-0.2950195,0.9435917,-0.617238,-0.71756005,-0.3226838,0.77228177,-0.6309287,-0.074228585
1356443354365,-0.06666106,-0.26017553,0.9632575,-0.6305496,-0.7372087,-0.24275625,0.77328104,-0.623564,-0.11491053
1356443354405,0.00417614,-0.26872814,0.963207,-0.62739533,-0.7507566,-0.2067357,0.77868974,-0.6034483,-0.17173408
1356443354445,0.06313592,-0.2829116,0.95706576,-0.6178257,-0.76420724,-0.18514517,0.78377634,-0.57961047,-0.22303899
1356443354485,0.111558974,-0.2693259,0.9565658,-0.6060602,-0.7812827,-0.14929263,0.7875567,-0.56308156,-0.25038683
1356443354525,0.148624,-0.21938714,0.96425116,-0.59236467,-0.8005331,-0.090834275,0.7918428,-0.5576882,-0.24893561
1356443354565,0.17283577,-0.14253859,0.9745822,-0.57824844,-0.8156887,-0.016750872,0.7973434,-0.56065553,-0.22340292
1356443354605,0.18399984,-0.056048065,0.98132706,-0.5670129,-0.821565,0.059392184,0.80289507,-0.56735325,-0.18294778
1356443354644,0.18406194,0.0232746,0.9826391,-0.5611485,-0.81829935,0.12449299,0.8069904,-0.57432085,-0.13755727
1356443354686,0.1763683,0.08855367,0.98033285,-0.56028825,-0.80982596,0.17395128,0.80930305,-0.5799485,-0.09321204
1356443354725,0.1633082,0.13796198,0.9768812,-0.5626631,-0.8003274,0.20708995,0.8103954,-0.58347446,-0.053073917
1356443354765,0.14673287,0.17269118,0.9739852,-0.56638545,-0.7925885,0.225856,0.8109728,-0.58479154,-0.018488947
1356443354805,0.12719351,0.1914849,0.9732191,-0.56984544,-0.78899205,0.22971264,0.8118486,-0.58380234,0.008762062
1356443354845,0.104432166,0.19094726,0.9760292,-0.5708622,-0.7921113,0.21604668,0.81437725,-0.57974035,0.026282635
1356443354885,0.077619135,0.16603774,0.9830599,-0.56739545,-0.8034198,0.18049638,0.81977904,-0.5717937,0.031848345
1356443354925,0.0457806,0.11137238,0.99272364,-0.5598278,-0.82018787,0.11783293,0.8273433,-0.56114876,0.024800684
1356443354965,0.009404004,0.02931413,0.999526,-0.5524361,-0.83302844,0.029628664,0.8335022,-0.5524529,0.008360453
1356443355005,-0.027220368,-0.060288295,0.99780977,-0.5510894,-0.8318874,-0.06529699,0.83400214,-0.5516598,-0.010579906
1356443355045,-0.057277024,-0.13080418,0.9897523,-0.5585223,-0.8175271,-0.14036489,0.82750964,-0.5608384,-0.026231542
1356443355085,-0.07573569,-0.17058769,0.9824276,-0.5725206,-0.7992266,-0.18291263,0.8163849,-0.5763131,-0.03713505
1356443355124,-0.08019453,-0.18207723,0.9800085,-0.5889534,-0.7845474,-0.19395657,0.80417824,-0.5927336,-0.044318542
1356443355165,-0.06961435,-0.16935706,0.98309314,-0.6053696,-0.77611303,-0.17656785,0.79289436,-0.60742635,-0.04849501
1356443355204,-0.042971313,-0.1340805,0.99003834,-0.6203543,-0.77319574,-0.13163929,0.7831437,-0.6198312,-0.04995212
1356443355245,-0.00249964,-0.08059135,0.99674416,-0.6325054,-0.77190757,-0.06399849,0.774552,-0.63060594,-0.04904504
1356443355303,0.04897666,-0.014982581,0.9986875,-0.6401802,-0.7679677,0.019873828,0.766662,-0.6403134,-0.04720404
1356443355325,0.10479081,0.04823956,0.9933236,-0.64182305,-0.7596851,0.10460243,0.7596591,-0.64849937,-0.048646748
1356443355365,0.15879685,0.08968499,0.98322946,-0.63537633,-0.7529634,0.17129807,0.7556986,-0.65192235,-0.06258455
1356443355405,0.20823497,0.09660274,0.9732966,-0.61836404,-0.7579952,0.20753124,0.7578022,-0.64506686,-0.09810543
1356443355445,0.25183082,0.07113382,0.96515346,-0.59254515,-0.77717036,0.21188778,0.76516104,-0.62525684,-0.15356544
1356443355485,0.2880159,0.033889502,0.95702577,-0.56585765,-0.80021924,0.19863106,0.7725619,-0.5987493,-0.21129921
1356443355525,0.31416613,0.01122424,0.9493017,-0.5450431,-0.8165875,0.19003403,0.77732086,-0.57711256,-0.25042644
1356443355565,0.328183,0.017626971,0.94444966,-0.5312307,-0.8232919,0.19996095,0.7810825,-0.5673445,-0.2608264
1356443355605,0.3293922,0.051906586,0.94276536,-0.5238383,-0.82067925,0.22820836,0.78555346,-0.56902665,-0.24313468
1356443355645,0.31889546,0.10349004,0.9421228,-0.52321,-0.80961555,0.2660337,0.79028916,-0.57776505,-0.2040357
1356443355685,0.2996421,0.15815601,0.94085133,-0.5294635,-0.79279864,0.3018919,0.7936517,-0.588606,-0.15381801
1356443355725,0.27538788,0.20402981,0.9394324,-0.54049665,-0.77527535,0.32682025,0.79499984,-0.5977624,-0.10322401
1356443355765,0.24903142,0.23616332,0.9392605,-0.5522776,-0.762051,0.33803508,0.7955959,-0.60291386,-0.059346914
1356443355805,0.22187209,0.25432777,0.94132364,-0.5614096,-0.7559974,0.3365816,0.79724026,-0.6031462,-0.024952678
1356443355845,0.1941613,0.2590319,0.9461522,-0.5665828,-0.75775194,0.32372212,0.80080295,-0.59892786,-3.631115E-4
1356443355885,0.16540492,0.24889137,0.954303,-0.5679795,-0.7670096,0.29848874,0.80625093,-0.59139603,0.014498025
1356443355926,0.13457602,0.22068469,0.96601635,-0.5658024,-0.7832203,0.2577474,0.8134845,-0.581261,0.019461215
1356443355965,0.100186944,0.16942003,0.9804385,-0.55996704,-0.8049217,0.19631141,0.82243514,-0.568681,0.014226943
1356443356005,0.06067872,0.089576915,0.9941298,-0.5513751,-0.8272123,0.108190924,0.8320478,-0.55470324,-8.0365315E-4
1356443356045,0.016230643,-0.01614508,0.9997379,-0.54332864,-0.83950675,-0.0047365725,0.83936316,-0.5431093,-0.022397816
1356443356085,-0.028420508,-0.12558992,0.9916751,-0.5406348,-0.83252054,-0.12092802,0.8407772,-0.5395709,-0.044237636
1356443356125,-0.06546223,-0.20838343,0.975854,-0.5464321,-0.8108011,-0.2097939,0.8349411,-0.54697156,-0.06079048
1356443356164,-0.08937389,-0.25207537,0.9635716,-0.5596304,-0.78757834,-0.2579419,0.823909,-0.5622972,-0.07068005
1356443356205,-0.0979414,-0.26139882,0.960249,-0.5771128,-0.77116364,-0.2687891,0.8107702,-0.58049756,-0.07532783
1356443356245,-0.08973557,-0.24358746,0.96571875,-0.59572387,-0.7639288,-0.24804436,0.7981608,-0.59756005,-0.07655935
1356443356304,-0.06485778,-0.20392796,0.97683513,-0.61349916,-0.76389503,-0.2002076,0.7870275,-0.61227256,-0.075565055
1356443356325,-0.024747431,-0.14683178,0.9888519,-0.62867284,-0.76679605,-0.12959279,0.77727604,-0.62487143,-0.07333292
1356443356365,0.026921332,-0.079205185,0.99649477,-0.63936305,-0.7676597,-0.04374349,0.7684336,-0.63594425,-0.0713073
1356443356405,0.08442348,-0.013329864,0.9963408,-0.6438285,-0.76388437,0.044334024,0.7604982,-0.6452154,-0.07307193
1356443356445,0.14057583,0.032385737,0.9895401,-0.6404122,-0.7592472,0.115826786,0.75505674,-0.64999604,-0.08599156
1356443356485,0.19161642,0.044167697,0.98047554,-0.62743086,-0.7626852,0.15697697,0.7547275,-0.64526,-0.11843083
1356443356525,0.23681659,0.023245364,0.9712762,-0.60641503,-0.7775284,0.16646454,0.7590644,-0.6284181,-0.1700353
1356443356565,0.27555472,-0.010617971,0.9612267,-0.5839991,-0.7961058,0.15862094,0.763554,-0.6050643,-0.2255716
1356443356605,0.30603534,-0.030351967,0.95153624,-0.56568396,-0.809711,0.15610853,0.76573116,-0.5860435,-0.2649698
1356443356645,0.3261637,-0.020518333,0.94509065,-0.551636,-0.81601834,0.17266102,0.7676686,-0.57766175,-0.27747422
1356443356685,0.33456028,0.019197762,0.9421788,-0.5402476,-0.81527984,0.20844975,0.77214116,-0.5787488,-0.2623887
1356443356725,0.33122152,0.0791755,0.94022524,-0.5315788,-0.8076258,0.2552734,0.7795615,-0.5843559,-0.22541502
1356443356763,0.3182972,0.1444829,0.93691605,-0.5269866,-0.7945717,0.30156428,0.7880178,-0.58972925,-0.1767694
1356443356803,0.29944253,0.20287985,0.932295,-0.526322,-0.77988786,0.33876264,0.7958136,-0.5921273,-0.12675148
1356443356843,0.2778327,0.24694522,0.92834646,-0.52780926,-0.76821166,0.36230963,0.80263716,-0.5906513,-0.08309436
1356443356883,0.25542343,0.2756579,0.9266993,-0.52963173,-0.76198876,0.37264362,0.8088566,-0.58599126,-0.048632592
1356443356923,0.23276168,0.2899707,0.928299,-0.53163916,-0.7613345,0.3711195,0.8143597,-0.57990247,-0.023049742
1356443356963,0.20963448,0.29065248,0.93358153,-0.5342174,-0.76564586,0.35832676,0.8189414,-0.5738532,-0.0052340915
1356443357005,0.18559551,0.27752984,0.9426195,-0.5367312,-0.7749049,0.3338294,0.8230881,-0.5678905,0.0051400084
1356443357044,0.16016859,0.24902527,0.9551609,-0.53768104,-0.7894852,0.29599345,0.8277953,-0.5609808,0.0074454863
1356443357085,0.13295352,0.20199348,0.9703206,-0.5360465,-0.8088119,0.24182113,0.8336531,-0.55228794,7.4350834E-4
1356443357125,0.10362452,0.13479151,0.9854406,-0.5332689,-0.82880247,0.16944224,0.83957505,-0.5430632,-0.014004078
1356443357165,0.073135555,0.054001704,0.99585897,-0.5333227,-0.8416501,0.08480656,0.8427444,-0.5373165,-0.032754272
1356443357205,0.044320643,-0.024084121,0.99872696,-0.5403037,-0.8414619,0.0036854148,0.840302,-0.5397793,-0.050306827
1356443357245,0.021270096,-0.081787035,0.99642277,-0.55424714,-0.8304436,-0.056332156,0.83208025,-0.55106634,-0.062993795
1356443357305,0.0077252984,-0.11248334,0.9936236,-0.5717455,-0.815709,-0.08789724,0.82039464,-0.5674208,-0.07061344
1356443357317,0.0060909986,-0.11979902,0.9927795,-0.58719414,-0.80403703,-0.09342083,0.8094232,-0.5823853,-0.07524261
1356443357350,0.012817621,-0.11077292,0.99376315,-0.6013609,-0.7948767,-0.080847025,0.7988748,-0.596574,-0.076802984
1356443357394,0.03572333,-0.077788144,0.9963297,-0.61307454,-0.7890309,-0.03962159,0.78921705,-0.609409,-0.07587674
1356443357433,0.07314873,-0.025585264,0.9969928,-0.6213057,-0.7831537,0.025487185,0.7801465,-0.62130165,-0.07318301
1356443357473,0.12030661,0.036648512,0.99206007,-0.62536067,-0.7733199,0.104404986,0.7710061,-0.63295597,-0.07011696
1356443357513,0.17237025,0.09593356,0.98034954,-0.6246726,-0.7588765,0.1840942,0.76162505,-0.6441299,-0.07088068
1356443357553,0.22430766,0.13475665,0.9651564,-0.6180924,-0.7460244,0.24780917,0.7534241,-0.6521413,-0.08404693
1356443357593,0.27342576,0.14064042,0.9515559,-0.60341275,-0.74531513,0.28354615,0.74908704,-0.6517098,-0.11892414
1356443357633,0.31849283,0.11581728,0.94082344,-0.5810169,-0.760362,0.29029125,0.7489872,-0.63908994,-0.17487806
1356443357674,0.35743624,0.07948057,0.9305494,-0.55615175,-0.7823331,0.28044623,0.75028956,-0.61776835,-0.23543093
1356443357715,0.3878473,0.058337495,0.9198757,-0.533188,-0.7998694,0.27553496,0.7518545,-0.5973321,-0.27912235
1356443357755,0.40843076,0.06844866,0.91021925,-0.51251537,-0.80796176,0.29073322,0.75532264,-0.5852457,-0.29491544
1356443357795,0.41902465,0.10991883,0.9012969,-0.49386817,-0.8053722,0.32782593,0.7619137,-0.582489,-0.28318536
1356443357835,0.4201932,0.17418227,0.8905606,-0.47843024,-0.7913947,0.38052446,0.7710656,-0.5859649,-0.2492046
1356443357875,0.4135877,0.24836266,0.87593454,-0.46816963,-0.76712334,0.43856472,0.7808729,-0.5914709,-0.2009969
1356443357915,0.40207452,0.3182742,0.85850894,-0.46416765,-0.73736745,0.49075204,0.78923035,-0.59581095,-0.14874408
1356443357955,0.3885846,0.37415686,0.8420265,-0.465278,-0.709097,0.5298092,0.79531026,-0.59765214,-0.10145724
1356443357995,0.37466115,0.4133847,0.82990485,-0.46916512,-0.6875145,0.55426335,0.7996957,-0.59702337,-0.06363928
1356443358035,0.36034036,0.4374225,0.82390314,-0.47424525,-0.67467016,0.5656073,0.8032722,-0.59454334,-0.035665333
1356443358075,0.34483856,0.44779333,0.8249651,-0.48004797,-0.67111284,0.5649438,0.80662274,-0.59083724,-0.01646328
1356443358115,0.32709438,0.44464612,0.8338459,-0.48621398,-0.6774394,0.55197084,0.81031173,-0.5859741,-0.0053934753
1356443358155,0.30596757,0.4266481,0.85109067,-0.49192253,-0.69453174,0.5250122,0.81510496,-0.5793074,-0.0026263595
1356443358233,0.28016007,0.390318,0.8770189,-0.49691322,-0.72271156,0.4803803,0.8213328,-0.5703857,-0.008520722
1356443358234,0.24805069,0.3304666,0.9106386,-0.50360334,-0.75902826,0.41262543,0.82755935,-0.5609527,-0.021853387
1356443358260,0.20989323,0.2534213,0.9443106,-0.5146078,-0.7925865,0.3270862,0.83133847,-0.5546028,-0.035945952
1356443358304,0.16931546,0.1646781,0.9717065,-0.5324188,-0.8144109,0.23079233,0.8293748,-0.5564315,-0.05021465
1356443358343,0.1301089,0.08238231,0.98807126,-0.5542073,-0.8202856,0.1413707,0.8221471,-0.5659899,-0.06106958
1356443358384,0.10007286,0.023089737,0.9947121,-0.5746002,-0.8148302,0.07672179,0.81229305,-0.5792396,-0.068274975
1356443358425,0.08443999,-0.008416712,0.996393,-0.5903291,-0.80600476,0.043219388,0.8027337,-0.59184927,-0.07302771
1356443358465,0.08545166,-0.013017714,0.99625725,-0.6009097,-0.79825896,0.04111111,0.7947361,-0.6021737,-0.07603502
1356443358505,0.10322291,0.0067730546,0.9946352,-0.6068088,-0.7919022,0.068366945,0.7881168,-0.61061037,-0.07763249
1356443358545,0.13431948,0.04427612,0.98994845,-0.6086031,-0.78470075,0.117673576,0.7820234,-0.61829156,-0.07845407
1356443358585,0.17339104,0.08906466,0.9808175,-0.6068677,-0.77469915,0.17763114,0.77565914,-0.6260261,-0.080275424
1356443358625,0.21399748,0.12518996,0.9687789,-0.60252386,-0.7637026,0.23178303,0.7688759,-0.6333134,-0.08800048
1356443358664,0.25151753,0.1352196,0.9583603,-0.59575725,-0.75874186,0.26340842,0.7627661,-0.637202,-0.110278815
1356443358705,0.28415418,0.10770765,0.9527095,-0.5862763,-0.76672995,0.26154405,0.7586412,-0.63286984,-0.15472308
1356443358745,0.31177777,0.053419054,0.94865215,-0.57605934,-0.78336674,0.23343563,0.7556125,-0.61926,-0.21346378
1356443358785,0.33284438,8.318722E-4,0.94298136,-0.5679761,-0.79807806,0.20118277,0.75274014,-0.6025535,-0.2651633
1356443358825,0.3456565,-0.022850811,0.9380829,-0.5611954,-0.8062484,0.18714489,0.7520514,-0.5911356,-0.2915088
1356443358865,0.34896356,-0.009426415,0.9370889,-0.55407083,-0.80853146,0.19819786,0.75579756,-0.5883775,-0.28737092
1356443358905,0.34231246,0.03372842,0.93898064,-0.54776335,-0.8047966,0.22859977,0.7633987,-0.5925917,-0.2570167
1356443358945,0.32678896,0.091680914,0.94064,-0.54497516,-0.7948697,0.26680374,0.77214706,-0.59981394,-0.20979083
1356443358985,0.3051293,0.14876583,0.94061935,-0.5466323,-0.7814374,0.30091313,0.7798008,-0.6059903,-0.15711924
1356443359025,0.28042156,0.19541202,0.93977547,-0.5508075,-0.7690637,0.32427174,0.78611386,-0.60856813,-0.10802764
1356443359064,0.25470608,0.22972985,0.9393344,-0.555015,-0.7607216,0.33654276,0.79188585,-0.6070641,-0.06625691
1356443359105,0.22889471,0.25446898,0.9396025,-0.55831766,-0.756372,0.34085602,0.7974262,-0.6026168,-0.031055003
1356443359144,0.20288998,0.2706759,0.94104743,-0.5619104,-0.75486964,0.33827308,0.8019304,-0.5974165,-0.0010599177
1356443359185,0.1767835,0.2776494,0.94427663,-0.5662249,-0.75604403,0.32830888,0.8050695,-0.5927125,0.023555934
1356443359225,0.14965934,0.27133006,0.95077974,-0.5698033,-0.7622003,0.30720496,0.80803853,-0.5877335,0.040534377
1356443359265,0.12082827,0.24765807,0.9612835,-0.56967145,-0.7757465,0.27146238,0.8129422,-0.58041614,0.04735157
1356443359307,0.08917016,0.20088705,0.97554755,-0.5638598,-0.79720426,0.21570191,0.8210424,-0.56930625,0.04218537
1356443359344,0.053883493,0.1321941,0.98975825,-0.55593395,-0.819402,0.13970663,0.82947814,-0.5577681,0.029338893
1356443359385,0.018138945,0.049239755,0.9986223,-0.5506854,-0.83314836,0.051083267,0.8345158,-0.5508533,0.012003124
1356443359425,-0.014780581,-0.02982381,0.99944586,-0.55282533,-0.83264256,-0.033021986,0.83316606,-0.55300707,-0.0041803643
1356443359465,-0.03968197,-0.08736667,0.9953856,-0.5621127,-0.82164115,-0.09452596,0.82610816,-0.56326973,-0.01650557
1356443359505,-0.053120732,-0.118432134,0.9915402,-0.57507026,-0.8081338,-0.12733439,0.81637764,-0.5769694,-0.025178134
1356443359545,-0.053473294,-0.12601496,0.9905861,-0.58844537,-0.7974871,-0.13321547,0.8067668,-0.59002924,-0.031508654
1356443359585,-0.0404737,-0.11456537,0.9925909,-0.60033715,-0.791317,-0.11581348,0.79872227,-0.6005766,-0.03675033
1356443359625,-0.015162766,-0.08843866,0.99596626,-0.60957515,-0.7887501,-0.07931879,0.7925833,-0.6083189,-0.04195036
1356443359665,0.020353198,-0.051897377,0.99844503,-0.61534536,-0.7877458,-0.028401881,0.78799486,-0.6138104,-0.047967963
1356443359705,0.063016176,-0.010133445,0.9979611,-0.6172566,-0.78615123,0.030993968,0.7842342,-0.61795115,-0.055795223
1356443359745,0.109530985,0.029020071,0.99355966,-0.61540323,-0.7829752,0.09071192,0.7805651,-0.62137556,-0.06790096
1356443359785,0.15721434,0.05373463,0.98610157,-0.61000586,-0.7799751,0.13975577,0.7766444,-0.62349933,-0.08984483
1356443359825,0.20510566,0.053417057,0.9772811,-0.6008991,-0.78129435,0.16881764,0.7725619,-0.6218728,-0.12814963
1356443359865,0.25257015,0.028641105,0.9671546,-0.5885705,-0.78881764,0.17706366,0.76798,-0.6139596,-0.18237448
1356443359905,0.29675734,-0.004046619,0.9549444,-0.57505405,-0.79911005,0.17531684,0.7623962,-0.60117114,-0.23946881
1356443359945,0.333014,-0.021915615,0.9426672,-0.5617291,-0.807577,0.17966583,0.7573388,-0.58935475,-0.2812451
1356443359985,0.35774082,-0.012203306,0.9337412,-0.5485287,-0.811972,0.19954388,0.7557366,-0.58356875,-0.2971694
1356443360025,0.36956596,0.024106175,0.9288918,-0.53623736,-0.8108707,0.23438907,0.7588613,-0.58472866,-0.28674358
1356443360065,0.36886847,0.07915647,0.9261049,-0.5270782,-0.80286586,0.27855867,0.7655877,-0.5908812,-0.25443026
1356443360105,0.35749197,0.14294522,0.92291176,-0.52328676,-0.7878611,0.3247242,0.7735441,-0.59903383,-0.20685267
1356443360145,0.33859235,0.205244,0.91827565,-0.5256588,-0.7681666,0.36551732,0.7804089,-0.60646105,-0.15220702
1356443360184,0.31567842,0.25847167,0.9129839,-0.5329045,-0.74781054,0.39597005,0.78508604,-0.6115324,-0.09832695
1356443360225,0.29120106,0.30018395,0.90834546,-0.54237086,-0.7303508,0.41523683,0.7880583,-0.6135775,-0.0498679
1356443360265,0.2664317,0.3293455,0.9058398,-0.55153507,-0.71864545,0.4235065,0.7904576,-0.61243796,-0.009824306
1356443360305,0.24229163,0.34536424,0.90665215,-0.55785406,-0.7149787,0.42143106,0.7937843,-0.6078888,0.019429535
1356443360343,0.21841794,0.34618086,0.9123884,-0.5606236,-0.72076136,0.40768167,0.7987458,-0.60055137,0.036649913
1356443360383,0.19611609,0.33091232,0.9230577,-0.5571722,-0.73700845,0.38259318,0.8069062,-0.5893347,0.03983602
1356443360425,0.17391145,0.29580197,0.93928486,-0.5481616,-0.7633081,0.34187675,0.81809145,-0.5743362,0.029399214
1356443360465,0.15096253,0.23805365,0.95944816,-0.5378361,-0.7945681,0.28176916,0.8294231,-0.5585624,0.00808382
1356443360505,0.12617111,0.1598476,0.9790452,-0.53442353,-0.8205173,0.20283693,0.8357466,-0.548817,-0.018099282
1356443360545,0.09884149,0.074719205,0.992294,-0.5438803,-0.8310017,0.116749406,0.8333214,-0.5512288,-0.04149914
1356443360585,0.070677996,4.4742227E-4,0.9974991,-0.5640415,-0.82476074,0.04033521,0.8227161,-0.56548166,-0.058040075
1356443360625,0.045103014,-0.05391878,0.99752617,-0.5876293,-0.8089483,-0.017156124,0.8078722,-0.58540183,-0.06817023
1356443360665,0.025719047,-0.0882062,0.99577016,-0.6087011,-0.79153293,-0.054392964,0.79298264,-0.6047274,-0.07404868
1356443360705,0.015048623,-0.1045644,0.99440426,-0.62550855,-0.7768673,-0.07222375,0.78007215,-0.6209215,-0.0770967
1356443360745,0.014709055,-0.1051051,0.99435234,-0.6384662,-0.7663162,-0.07155666,0.7695093,-0.6338078,-0.07837778
1356443360785,0.024606228,-0.093435526,0.9953212,-0.6486402,-0.75908905,-0.055223644,0.7606973,-0.6442465,-0.079284355
1356443360825,0.043616712,-0.07559845,0.99618393,-0.65670276,-0.7536132,-0.028437287,0.7528872,-0.65295637,-0.08251582
1356443360866,0.06948626,-0.06341675,0.9955651,-0.66201603,-0.749488,-0.0015358925,0.74626154,-0.6589734,-0.094061956
1356443360905,0.099175155,-0.073081106,0.99238265,-0.66231394,-0.74914527,0.01102066,0.74263346,-0.6583619,-0.122699186
1356443360945,0.12889785,-0.11355966,0.98513424,-0.65647274,-0.754349,-0.0010614395,0.7432556,-0.646577,-0.17178278
1356443360985,0.15398109,-0.17361237,0.97270167,-0.64765465,-0.76120436,-0.03333801,0.7462126,-0.62484133,-0.22965194
1356443361025,0.17010796,-0.22649987,0.9590418,-0.6397408,-0.76563424,-0.06734958,0.7495299,-0.6020814,-0.27514166
