1356443126678,-0.015467469,0.27284548,-0.96193355,0.6132169,0.76246995,0.20640883,0.78976315,-0.58668125,-0.17910695
1356443126680,0.39510047,0.26318407,0.8801305,-0.46921712,-0.7658605,0.43965092,0.7897663,-0.5866786,-0.17910138
1356443126710,0.39508313,0.26323438,0.8801233,-0.46920085,-0.76585394,0.43967977,0.7897847,-0.5866646,-0.17906618
1356443126745,0.394966,0.26320654,0.8801842,-0.4692421,-0.76588064,0.43958923,0.78981876,-0.58664227,-0.17898923
1356443126781,0.39462036,0.26286045,0.8804426,-0.46948954,-0.7659977,0.4391208,0.7898445,-0.58664465,-0.17886806
1356443126824,0.3937804,0.26188004,0.88111055,-0.47027302,-0.76621455,0.43790257,0.78979766,-0.5868,-0.17856517
1356443126864,0.39176446,0.2597825,0.88262886,-0.47219324,-0.7665673,0.43521047,0.78965443,-0.58727133,-0.17764628
1356443126902,0.388286,0.2573554,0.88487417,-0.47539902,-0.766641,0.43157545,0.78944904,-0.588243,-0.17532948
1356443126942,0.38303524,0.25505042,0.887825,-0.4799741,-0.76624185,0.42719817,0.7892457,-0.58976495,-0.17108002
1356443126985,0.3761223,0.25302845,0.8913521,-0.485699,-0.76539224,0.42222175,0.78906816,-0.59173584,-0.16498542
1356443127023,0.3679521,0.25088513,0.8953591,-0.49222082,-0.7643795,0.41646436,0.78887886,-0.5939533,-0.15776417
1356443127103,0.35046458,0.24082264,0.9050851,-0.50583327,-0.7646407,0.399321,0.7882304,-0.5977701,-0.14616334
1356443127143,0.34233183,0.23912401,0.9086411,-0.51249796,-0.7630202,0.3938858,0.78749907,-0.6005163,-0.13865554
1356443127182,0.33556765,0.23310187,0.9127201,-0.5181854,-0.76346314,0.3854971,0.7866882,-0.6023185,-0.13540357
1356443127224,0.33039045,0.22402002,0.9168736,-0.52273,-0.7654064,0.3753749,0.78587246,-0.6032976,-0.13578099
1356443127265,0.32676643,0.21340373,0.92069674,-0.52612567,-0.76819533,0.36478454,0.7851213,-0.6036015,-0.13874328
1356443127303,0.3244779,0.2023139,0.92400384,-0.52853495,-0.7713528,0.35449344,0.78445196,-0.6033936,-0.14335698
1356443127342,0.32324922,0.19175221,0.92668283,-0.53016126,-0.7744522,0.34518516,0.78386164,-0.60287213,-0.14868149
1356443127385,0.3227855,0.18256716,0.92869735,-0.5312093,-0.77715665,0.33740807,0.78334296,-0.6022431,-0.1538735
1356443127430,0.32279938,0.17533667,0.9300847,-0.53187317,-0.7792445,0.33149502,0.7828866,-0.6016935,-0.15828276
1356443127465,0.32299894,0.17024007,0.93096185,-0.532338,-0.7806375,0.3274467,0.78248835,-0.6013513,-0.16151983
1356443127505,0.32308662,0.16656755,0.93159556,-0.53283834,-0.7815148,0.32452703,0.7821114,-0.6012402,-0.1637434
1356443127545,0.3228063,0.1625174,0.93240774,-0.5336633,-0.78235805,0.32112205,0.7816646,-0.601252,-0.16582054
1356443127584,0.32197684,0.15614599,0.9337823,-0.534979,-0.783737,0.31552136,0.7811071,-0.6011445,-0.16881034
1356443127625,0.32050157,0.14702278,0.9357687,-0.536539,-0.7859539,0.30724975,0.7806437,-0.6005504,-0.17301598
1356443127665,0.318403,0.13702404,0.93799996,-0.5376804,-0.78882587,0.29774752,0.78071725,-0.5991479,-0.1774894
1356443127720,0.3158452,0.12949167,0.9399328,-0.5378304,-0.7916803,0.2897943,0.7816522,-0.5970546,-0.18040383
1356443127745,0.31311017,0.12805425,0.9410442,-0.53676087,-0.7935735,0.28658137,0.78348565,-0.5948472,-0.17974144
1356443127785,0.31059754,0.13584992,0.94078374,-0.53402066,-0.79383755,0.2909364,0.7863531,-0.59276205,-0.17401734
1356443127825,0.30871123,0.15430692,0.9385557,-0.52865016,-0.79246926,0.30417347,0.7907126,-0.59006935,-0.16306978
1356443127865,0.30769867,0.18145213,0.9340217,-0.519771,-0.79017925,0.32473817,0.79696906,-0.5853989,-0.14882356
1356443127906,0.30757564,0.21299261,0.9273788,-0.50704473,-0.7880328,0.34915593,0.80517256,-0.57761437,-0.13438293
1356443127945,0.30806953,0.24420772,0.9194867,-0.49091405,-0.78707504,0.37351868,0.8149212,-0.56645864,-0.12258881
1356443127985,0.30863076,0.2711228,0.9117234,-0.47270912,-0.7880502,0.3943641,0.8254049,-0.5526928,-0.11505431
1356443128025,0.30855346,0.2914815,0.90544647,-0.4541548,-0.79124445,0.40948212,0.8357859,-0.53756,-0.11176351
1356443128065,0.30723387,0.30456665,0.90158,-0.436631,-0.79667765,0.41792107,0.8455535,-0.5220573,-0.11178312
1356443128105,0.30438554,0.3098243,0.90075433,-0.42088914,-0.8045619,0.41896594,0.8545184,-0.50664485,-0.11449534
1356443128145,0.30019367,0.30543092,0.9036569,-0.40717265,-0.815675,0.41095582,0.86260897,-0.4913107,-0.120497346
1356443128185,0.2950846,0.2874542,0.91120535,-0.3965698,-0.8308013,0.39051452,0.86928564,-0.47659132,-0.13116103
1356443128225,0.28945172,0.25159928,0.9235343,-0.39148834,-0.8493303,0.35408312,0.8734727,-0.46404284,-0.14734194
1356443128265,0.2833374,0.19793013,0.93837285,-0.39471266,-0.86768436,0.30220154,0.8740262,-0.45601264,-0.16772193
1356443128307,0.2768904,0.13519703,0.951343,-0.4070723,-0.88031787,0.2435828,0.87041587,-0.45471114,-0.18871659
1356443128345,0.27132994,0.07834342,0.95929265,-0.42585054,-0.88404655,0.1926474,0.863152,-0.46078628,-0.20650572
1356443128385,0.26887107,0.039458394,0.96236765,-0.4467126,-0.88009226,0.16088979,0.8533207,-0.47316033,-0.21900478
1356443128425,0.27165473,0.023489654,0.9621081,-0.4657527,-0.8716251,0.15278752,0.8421865,-0.4896099,-0.22584072
1356443128465,0.28076285,0.029029101,0.9593381,-0.4804584,-0.86103535,0.16666694,0.8308622,-0.50771594,-0.22779948
1356443128505,0.29581314,0.05051583,0.95390916,-0.48995668,-0.8492166,0.19691028,0.8200226,-0.52562284,-0.22645885
1356443128545,0.3152861,0.07926045,0.9456809,-0.4946854,-0.8366823,0.23505098,0.8098648,-0.54192287,-0.22458532
1356443128584,0.33729392,0.103603005,0.93568116,-0.49531412,-0.8256979,0.26997578,0.8005603,-0.55451727,-0.22718686
1356443128625,0.36051667,0.111133635,0.92610854,-0.4911613,-0.82145655,0.28977522,0.7929618,-0.5593375,-0.24156424
1356443128665,0.3844924,0.094168305,0.9183125,-0.4806351,-0.82888955,0.28623772,0.78813416,-0.55142945,-0.27344114
1356443128719,0.40841419,0.055817038,0.91108847,-0.4651288,-0.8460962,0.26033893,0.7853999,-0.53009963,-0.31959558
1356443128745,0.43018448,0.01357089,0.90263903,-0.44922727,-0.86407566,0.22708622,0.78303015,-0.5031791,-0.36561552
1356443128785,0.44729692,-0.0070204884,0.8943579,-0.4346571,-0.87564707,0.21051225,0.781664,-0.48290053,-0.39472574
1356443128825,0.4578451,0.010484472,0.88897014,-0.41971552,-0.8789325,0.22653161,0.7837198,-0.47683096,-0.39801443
1356443128864,0.46045178,0.063657224,0.8853992,-0.4051779,-0.87239003,0.2734346,0.7898196,-0.48464766,-0.37590104
1356443128905,0.4545493,0.14103279,0.8794854,-0.39478084,-0.85320884,0.3408559,0.7984566,-0.5021398,-0.33214846
1356443128944,0.4416728,0.22573633,0.86831343,-0.3925566,-0.8216441,0.4132799,0.80673695,-0.5233967,-0.2742836
1356443128985,0.42543346,0.30252987,0.8529256,-0.3985753,-0.7835061,0.47671366,0.81249255,-0.542765,-0.21274877
1356443129025,0.40925616,0.36400136,0.83666736,-0.4081461,-0.7470848,0.52467227,0.81604296,-0.5562079,-0.15718329
1356443129064,0.3947956,0.40959072,0.82241833,-0.41581607,-0.7185549,0.55747277,0.8192884,-0.56206256,-0.113367915
1356443129105,0.38213646,0.44164658,0.81173885,-0.4191146,-0.7000388,0.578177,0.8235986,-0.5611541,-0.08240983
1356443129145,0.3706646,0.46221435,0.8055841,-0.41876346,-0.6910277,0.5891672,0.8290024,-0.55573255,-0.06258103
1356443129185,0.35969055,0.47159654,0.8051207,-0.4166389,-0.6908964,0.590825,0.8348861,-0.5479588,-0.05202341
1356443129225,0.348594,0.46833906,0.8118748,-0.413628,-0.70042664,0.581648,0.84106725,-0.53857315,-0.05044639
1356443129265,0.33666426,0.44911942,0.82761633,-0.40988544,-0.7213859,0.55820817,0.8477329,-0.52715665,-0.058777332
1356443129305,0.32274038,0.4082758,0.8539026,-0.40791753,-0.754093,0.51473016,0.85407376,-0.51444596,-0.0768334
1356443129345,0.3044994,0.34017897,0.88969564,-0.41442388,-0.79369515,0.44530985,0.85763216,-0.50430775,-0.10070139
1356443129385,0.27890223,0.24696171,0.9280213,-0.43562257,-0.82868487,0.3514462,0.8558309,-0.50228614,-0.123539954
1356443129425,0.24580467,0.14424853,0.9585262,-0.46905595,-0.8476769,0.24785165,0.84827274,-0.5105255,-0.14070228
1356443129465,0.21028686,0.05329515,0.976186,-0.5053692,-0.8488302,0.15520714,0.8368879,-0.5259723,-0.15156412
1356443129505,0.18008858,-0.011597306,0.983582,-0.53729117,-0.8387422,0.08848561,0.8239455,-0.5444052,-0.15727901
1356443129545,0.16201854,-0.044602692,0.98577917,-0.56191176,-0.82536614,0.0550088,0.8111752,-0.5628333,-0.1587874
1356443129585,0.16001594,-0.04574853,0.98605376,-0.57904536,-0.8133539,0.056230962,0.7994382,-0.5799677,-0.15664005
1356443129625,0.17390841,-0.020379871,0.98455095,-0.5894854,-0.80302566,0.08750275,0.78883636,-0.59559596,-0.15166655
1356443129664,0.19900209,0.018275231,0.9798286,-0.59393716,-0.79303235,0.13541919,0.7795106,-0.6089053,-0.14696074
1356443129719,0.22643054,0.047174245,0.97288424,-0.59267485,-0.78596604,0.1760508,0.77295905,-0.61646736,-0.15000772
1356443129745,0.24736524,0.041893452,0.9680162,-0.58560896,-0.78947777,0.18381232,0.7719278,-0.6123478,-0.17075616
1356443129785,0.2562362,-0.010361522,0.96655864,-0.5750545,-0.8053755,0.1438142,0.77695256,-0.5926744,-0.2123248
1356443129824,0.2520576,-0.09827103,0.9627096,-0.56643957,-0.82157993,0.064440906,0.7846102,-0.5615596,-0.2627501
1356443129865,0.2403444,-0.18317626,0.9532476,-0.5614029,-0.82735884,-0.017437696,0.79187196,-0.530965,-0.30168676
1356443129905,0.23030436,-0.22535533,0.94666517,-0.5555134,-0.8291748,-0.062241465,0.7989774,-0.51155066,-0.3161505
1356443129944,0.22687697,-0.21008514,0.9509948,-0.5456565,-0.8362312,-0.0545564,0.8067129,-0.50653887,-0.30435592
1356443129985,0.22820395,-0.14643331,0.9625384,-0.5339357,-0.8455226,-0.0020429492,0.8141472,-0.51346743,-0.27113757
1356443130024,0.22917694,-0.057708085,0.97167265,-0.52571845,-0.84746313,0.073663786,0.81920576,-0.5277083,-0.22455722
1356443130064,0.22583485,0.02990377,0.97370654,-0.5245092,-0.83854765,0.14740397,0.8209073,-0.544007,-0.17368847
1356443130105,0.21725851,0.10008705,0.9709693,-0.5288068,-0.824043,0.20326477,0.8204646,-0.5576162,-0.12610364
1356443130144,0.20338452,0.14618495,0.9681243,-0.5348929,-0.8116042,0.23492156,0.82007575,-0.56562227,-0.086874425
1356443130186,0.18241733,0.16331522,0.9695628,-0.5404915,-0.80709165,0.2376384,0.821336,-0.56738985,-0.05895701
1356443130224,0.14954925,0.14251511,0.9784296,-0.5451956,-0.8136465,0.20184438,0.8248617,-0.56362116,-0.043981615
1356443130265,0.094776034,0.06486781,0.99338293,-0.54877263,-0.8291599,0.10650098,0.8305818,-0.5552351,-0.042986814
1356443130305,0.0017274618,-0.10064176,0.99492127,-0.54586124,-0.8337159,-0.08338715,0.8378739,-0.54294485,-0.05637669
1356443130344,-0.13605314,-0.3591262,0.9233189,-0.5172953,-0.7690946,-0.37536514,0.8449231,-0.52869815,-0.08113651
1356443130385,-0.27214777,-0.6047337,0.748487,-0.45327654,-0.60557485,-0.65407914,0.8488085,-0.5172778,-0.10930574
1356443130425,-0.35666347,-0.73640287,0.5748929,-0.39318427,-0.43989062,-0.80740464,0.84746516,-0.51401067,-0.13264918
1356443130465,-0.40017182,-0.78328025,0.47574636,-0.36332473,-0.3409878,-0.8670193,0.8413428,-0.5198071,-0.14813143
1356443130505,-0.4213255,-0.7910527,0.44353193,-0.3599242,-0.30304497,-0.8823936,0.8324298,-0.5314127,-0.15703845
1356443130545,-0.42512548,-0.7784751,0.4617842,-0.37707144,-0.31148332,-0.8722358,0.8228519,-0.54493535,-0.16112119
1356443130585,-0.40800595,-0.7459961,0.5263277,-0.41412592,-0.36255413,-0.83489776,0.81365275,-0.55860925,-0.16101211
1356443130625,-0.36018723,-0.68165845,0.63687277,-0.471358,-0.45615637,-0.7548132,0.80503833,-0.57206917,-0.15700346
1356443130665,-0.27079302,-0.56745845,0.7776003,-0.5404846,-0.5788157,-0.6106135,0.79658496,-0.58563083,-0.14996335
1356443130713,-0.14673543,-0.4086856,0.90080225,-0.59803253,-0.6887306,-0.4098867,0.7879249,-0.598854,-0.14334607
1356443130745,-0.026709437,-0.26453996,0.9640048,-0.62489486,-0.7482851,-0.22265641,0.7802519,-0.6083486,-0.14532343
1356443130785,0.058695078,-0.19302922,0.97943586,-0.6271275,-0.77048945,-0.1142675,0.776702,-0.6075243,-0.16627789
1356443130825,0.11137509,-0.19509824,0.97443944,-0.61775804,-0.7816632,-0.08589372,0.77844113,-0.5924014,-0.20758131
1356443130865,0.14604175,-0.23050983,0.96204835,-0.6052613,-0.79004353,-0.09741649,0.7825156,-0.56806374,-0.254898
1356443130904,0.17497975,-0.24990477,0.95232856,-0.5925028,-0.799229,-0.10086344,0.7863349,-0.5466082,-0.28791815
1356443130945,0.20207417,-0.22590208,0.9529608,-0.5784539,-0.81270653,-0.06999396,0.7902892,-0.5370999,-0.29490095
1356443130984,0.2231999,-0.16311629,0.96102804,-0.56434584,-0.825489,-0.009041101,0.79479283,-0.5403342,-0.27630305
1356443131024,0.23425174,-0.078688264,0.9689863,-0.55367905,-0.83007514,0.066443786,0.799103,-0.5520719,-0.23801458
1356443131064,0.2328425,0.0023896694,0.9725115,-0.5496604,-0.8246314,0.13362813,0.80228287,-0.56566536,-0.19069573
1356443131105,0.22089523,0.06527303,0.9731109,-0.55090046,-0.8149903,0.17972073,0.8048068,-0.5757867,-0.14406854
1356443131145,0.20124733,0.10563031,0.9738284,-0.55385375,-0.80772126,0.20206995,0.8079266,-0.5800246,-0.104047984
1356443131185,0.17634529,0.12532274,0.9763179,-0.5560864,-0.8057331,0.20386793,0.8122009,-0.57886827,-0.072396964
1356443131225,0.14699513,0.12443909,0.9812784,-0.5573586,-0.809146,0.18610252,0.81715596,-0.57428014,-0.049583312
1356443131265,0.112997115,0.10014488,0.98853564,-0.5574894,-0.81715417,0.14650811,0.822458,-0.5676531,-0.03650635
1356443131304,0.07344496,0.047439456,0.99617034,-0.5550969,-0.8278955,0.08035171,0.8285368,-0.5588725,-0.034471266
1356443131345,0.027324855,-0.040187597,0.9988185,-0.54831904,-0.83606154,-0.01863861,0.8358227,-0.5471619,-0.044880897
1356443131385,-0.02476722,-0.15998995,0.9868079,-0.53762615,-0.83007973,-0.14807332,0.8428195,-0.5342011,-0.065456
1356443131425,-0.07638097,-0.28650624,0.95502883,-0.52716714,-0.8014009,-0.28257984,0.8463219,-0.52504355,-0.0898249
1356443131465,-0.11860609,-0.38308638,0.9160663,-0.52338874,-0.7598845,-0.38553816,0.843799,-0.52518594,-0.110376105
1356443131505,-0.1466201,-0.4342502,0.88877976,-0.52961946,-0.7243985,-0.4413051,0.83546746,-0.53541917,-0.12377602
1356443131545,-0.15973955,-0.44734812,0.8799789,-0.54402435,-0.7039463,-0.45661467,0.8237237,-0.5516694,-0.13092017
1356443131585,-0.1578176,-0.43297577,0.88748276,-0.5631404,-0.6988076,-0.44106793,0.8111514,-0.56938565,-0.13354206
1356443131625,-0.14044267,-0.39680892,0.9070934,-0.58413184,-0.7065275,-0.39951062,0.7994158,-0.5859705,-0.13256207
1356443131665,-0.108037114,-0.34152544,0.9336425,-0.6047591,-0.72281,-0.33438328,0.7890465,-0.6007546,-0.12845033
1356443131718,-0.06340414,-0.27163506,0.9603095,-0.62298304,-0.7409656,-0.2507232,0.77966154,-0.6141534,-0.12224379
1356443131751,-0.011721671,-0.20128575,0.97946244,-0.63658345,-0.7538835,-0.16254611,0.7711188,-0.62541485,-0.1192984
1356443131783,0.045481384,-0.14173597,0.9888592,-0.64248806,-0.7621409,-0.079689324,0.7649448,-0.6317058,-0.12572694
1356443131823,0.09332883,-0.1301269,0.987095,-0.6377539,-0.7691431,-0.041095734,0.764565,-0.6256883,-0.15477218
1356443131863,0.13752425,-0.15273897,0.9786511,-0.62421364,-0.78050923,-0.034097582,0.76905423,-0.6061981,-0.20268069
1356443131903,0.17734349,-0.18278882,0.96702504,-0.60704017,-0.79372793,-0.038706303,0.77462983,-0.58015877,-0.25172263
1356443131943,0.20968646,-0.1929017,0.9585512,-0.5901475,-0.80661136,-0.03322801,0.77958804,-0.55871916,-0.2829759
1356443132002,0.23098683,-0.17240587,0.95756006,-0.57509744,-0.81804013,-0.008558214,0.784798,-0.54871356,-0.28810668
1356443132023,0.23905802,-0.12539166,0.962875,-0.5633672,-0.8255727,0.032358855,0.7908658,-0.5501878,-0.26800132
1356443132064,0.23402107,-0.06368303,0.97014356,-0.55702287,-0.8266249,0.08010475,0.7968435,-0.55913836,-0.22892055
1356443132100,0.21871936,-0.002725929,0.975784,-0.556885,-0.8215021,0.12252931,0.8012746,-0.57019895,-0.18119645
1356443132130,0.1981284,0.04173985,0.9792869,-0.56083703,-0.81455666,0.1481866,0.80386996,-0.57858026,-0.13797757
1356443132172,0.17681605,0.07685578,0.9812386,-0.56385237,-0.8092278,0.16498736,0.80672586,-0.5824461,-0.09974915
1356443132213,0.15295893,0.094766736,0.9836782,-0.56488466,-0.80835885,0.16571444,0.8108692,-0.58101225,-0.07011342
1356443132253,0.12801808,0.09572013,0.98714185,-0.5628922,-0.81247437,0.15178216,0.816556,-0.5750853,-0.050131287
1356443132294,0.102259815,0.078263104,0.99167424,-0.55793625,-0.8208207,0.122312754,0.82355934,-0.56579864,-0.0402711
1356443132333,0.07516658,0.039717257,0.99637973,-0.5505703,-0.83144194,0.07467745,0.8313978,-0.55419034,-0.040629566
1356443132373,0.046930134,-0.023225665,0.99862814,-0.5411641,-0.8408965,0.005874574,0.8396064,-0.5406974,-0.052032292
1356443132413,0.017094135,-0.10934025,0.9938574,-0.53242356,-0.8423482,-0.08351426,0.8463055,-0.52772546,-0.07261455
1356443132453,-0.013801634,-0.20344892,0.97898823,-0.52928054,-0.82918143,-0.17977846,0.8483346,-0.5206407,-0.096237496
1356443132493,-0.044024706,-0.28276074,0.9581796,-0.5350019,-0.8033161,-0.26164144,0.84370303,-0.5241466,-0.11591183
1356443132533,-0.07101554,-0.33578116,0.9392592,-0.54808825,-0.7736108,-0.31800246,0.83340025,-0.53738004,-0.12909926
1356443132573,-0.092392564,-0.36514083,0.9263562,-0.56418383,-0.7473878,-0.35086745,0.8204634,-0.5550527,-0.1369534
1356443132613,-0.10638666,-0.3763521,0.9203482,-0.5801243,-0.7282424,-0.36485434,0.8075504,-0.57273203,-0.14085567
1356443132655,-0.11196172,-0.37271598,0.9211663,-0.59492135,-0.717367,-0.36256486,0.795948,-0.5886149,-0.14141908
1356443132717,-0.10879445,-0.3560642,0.9281068,-0.60881746,-0.71418923,-0.34536237,0.785815,-0.602621,-0.13907832
1356443132735,-0.097227335,-0.32805252,0.9396427,-0.6223416,-0.7167308,-0.31462377,0.77668387,-0.6153687,-0.13447496
1356443132775,-0.07857454,-0.29309174,0.95285004,-0.6354989,-0.72169805,-0.27439556,0.76809317,-0.6270957,-0.12955235
1356443132815,-0.054820776,-0.26349792,0.96310097,-0.6466087,-0.72561514,-0.23532909,0.7608494,-0.63565046,-0.13060129
1356443132855,-0.028265595,-0.25863183,0.9655623,-0.65193486,-0.72746813,-0.21394143,0.75774795,-0.63553095,-0.14804874
1356443132895,-0.0017317533,-0.2923917,0.95629704,-0.6491462,-0.72709197,-0.22348686,0.7606616,-0.6211636,-0.18854575
1356443132935,0.021374345,-0.35493302,0.9346474,-0.6419369,-0.72156906,-0.259336,0.7664595,-0.5944415,-0.24326769
1356443132975,0.03647107,-0.41715795,0.908102,-0.63568753,-0.7108403,-0.30101073,0.7710845,-0.5662909,-0.29110718
1356443133015,0.04002595,-0.45730573,0.88840836,-0.6301518,-0.7015654,-0.33273822,0.7754397,-0.546514,-0.31625286
1356443133055,0.03086847,-0.47178233,0.8811745,-0.6220187,-0.69915015,-0.35253623,0.78239363,-0.53722477,-0.31503916
1356443133094,0.009639084,-0.46640244,0.88452005,-0.61020076,-0.703515,-0.3643098,0.79218817,-0.53622323,-0.29138038
1356443133135,-0.02157545,-0.446516,0.8945156,-0.59640443,-0.71233994,-0.36996436,0.8023941,-0.5414752,-0.25093517
1356443133175,-0.06040311,-0.42119616,0.9049559,-0.5835878,-0.7206155,-0.37435085,0.80980045,-0.5507332,-0.20227757
1356443133215,-0.10317838,-0.39695126,0.9120219,-0.5724444,-0.7261471,-0.38081202,0.8134259,-0.56137335,-0.15230983
1356443133255,-0.14714712,-0.37990886,0.9132453,-0.56139565,-0.7280922,-0.39334053,0.81436026,-0.5705708,-0.10614258
1356443133295,-0.19064182,-0.37526953,0.90709895,-0.5483512,-0.725731,-0.4154822,0.81422764,-0.5766171,-0.067424834
1356443133335,-0.23308682,-0.38804543,0.8916789,-0.5313396,-0.71714205,-0.45098287,0.8144623,-0.5789024,-0.0390276
1356443133375,-0.27431822,-0.42359623,0.8633167,-0.50785315,-0.6985365,-0.5041149,0.8165994,-0.576726,-0.023503393
1356443133414,-0.31351608,-0.48509547,0.8163271,-0.47552547,-0.6639074,-0.5771503,0.82193863,-0.56913024,-0.022529542
1356443133455,-0.3479051,-0.5681784,0.74574476,-0.43554842,-0.6064356,-0.6652318,0.8302166,-0.55624557,-0.036487192
1356443133495,-0.37541014,-0.65302956,0.6577384,-0.39641762,-0.528334,-0.7508105,0.8378069,-0.54260087,-0.060530514
1356443133535,-0.39742935,-0.71619016,0.5736912,-0.36920077,-0.44755203,-0.8144863,0.8400838,-0.535508,-0.08654767
1356443133575,-0.4185962,-0.7499912,0.5121429,-0.35723233,-0.38249034,-0.85210687,0.83496237,-0.53964275,-0.10781205
1356443133615,-0.44049078,-0.7610264,0.4762422,-0.35661077,-0.33850825,-0.8707702,0.82389116,-0.55339944,-0.12228042
1356443133655,-0.46082067,-0.7583778,0.46098527,-0.36275828,-0.31309652,-0.87771124,0.80996954,-0.5716937,-0.13082647
1356443133717,-0.47642356,-0.7476623,0.4626248,-0.37363163,-0.30413592,-0.87629944,0.79587686,-0.5903409,-0.13445276
1356443133735,-0.4848876,-0.73049295,0.4808991,-0.3898041,-0.31171507,-0.8665371,0.7829027,-0.60762954,-0.13360244
1356443133775,-0.48387963,-0.7058831,0.51729065,-0.41343254,-0.3365932,-0.846037,0.7713197,-0.6232448,-0.12896442
1356443133815,-0.4702711,-0.67225176,0.57177144,-0.44698364,-0.37720203,-0.8111253,0.76095384,-0.6370213,-0.123098254
1356443133855,-0.44138902,-0.6329385,0.63605386,-0.48938704,-0.42433494,-0.7618662,0.75211436,-0.64755595,-0.12245512
1356443133895,-0.3982604,-0.60272306,0.6914576,-0.53303593,-0.4614067,-0.7092084,0.7464994,-0.6510214,-0.1375131
1356443133935,-0.34925902,-0.6011472,0.71877694,-0.56765103,-0.47456443,-0.6727266,0.74551356,-0.64297026,-0.17549586
1356443133975,-0.30369192,-0.6277154,0.7167597,-0.59091586,-0.46603197,-0.65850776,0.7473885,-0.6235282,-0.22939682
1356443134015,-0.26513267,-0.6586372,0.7042028,-0.6067943,-0.4536093,-0.6527168,0.7493366,-0.60036284,-0.27939063
1356443134055,-0.23296958,-0.671687,0.7032508,-0.6173247,-0.45662063,-0.6406307,0.7514222,-0.58338153,-0.30827022
1356443134095,-0.20575404,-0.65824544,0.72413963,-0.622375,-0.48302042,-0.61590636,0.75519174,-0.57741165,-0.31029212
1356443134136,-0.18287277,-0.61842734,0.76426774,-0.62201947,-0.5292253,-0.5770723,0.7613471,-0.58092016,-0.28789297
1356443134175,-0.16475111,-0.5569536,0.81403923,-0.6175019,-0.5853216,-0.5254428,0.769122,-0.589238,-0.24748755
1356443134215,-0.15265834,-0.48371953,0.86180675,-0.6108939,-0.63928664,-0.46703452,0.77685523,-0.5977692,-0.19790891
1356443134255,-0.14802909,-0.41253543,0.89883363,-0.6034874,-0.6823452,-0.41256267,0.7835115,-0.603506,-0.14795297
1356443134295,-0.15192658,-0.3565578,0.9218378,-0.59479594,-0.71190065,-0.3733835,0.7893897,-0.6050322,-0.10392246
1356443134335,-0.16457713,-0.32348177,0.9318122,-0.5833039,-0.7298848,-0.35640538,0.79540616,-0.60218585,-0.068565875
1356443134375,-0.1855573,-0.31603825,0.93042374,-0.56765664,-0.73841095,-0.3640265,0.80208135,-0.59570897,-0.042383716
1356443134414,-0.21406645,-0.33516753,0.9175175,-0.54696596,-0.73710144,-0.3968748,0.809323,-0.58680844,-0.025536478
1356443134455,-0.24873495,-0.3822524,0.88995177,-0.51993597,-0.72252536,-0.45565754,0.8171888,-0.5760558,-0.019029498
1356443134495,-0.28727376,-0.45621762,0.8422228,-0.48548242,-0.6886261,-0.5386101,0.82570004,-0.56361294,-0.023661435
1356443134535,-0.32421964,-0.54616505,0.77238935,-0.4463351,-0.63157856,-0.6339507,0.83406633,-0.5502838,-0.039002478
1356443134575,-0.35379362,-0.62854505,0.692648,-0.41226515,-0.5599312,-0.71868944,0.8395639,-0.53982234,-0.0610272
1356443134615,-0.37473613,-0.6818578,0.62820596,-0.39436236,-0.49599898,-0.77360404,0.83907753,-0.5376382,-0.08303025
1356443134655,-0.3894822,-0.7032392,0.59477574,-0.39511552,-0.45575482,-0.79760337,0.8319779,-0.5456575,-0.10035229
1356443134718,-0.3986116,-0.7020878,0.590069,-0.40954512,-0.439413,-0.79949296,0.8205982,-0.5603471,-0.11238146
1356443134735,-0.40002412,-0.68671376,0.6069637,-0.43288022,-0.44216806,-0.78555846,0.80783373,-0.5769849,-0.12038696
1356443134775,-0.39037967,-0.65988946,0.64198875,-0.4632556,-0.4618144,-0.75638723,0.7956116,-0.5926831,-0.12541449
1356443134815,-0.36572963,-0.61990845,0.69423,-0.500489,-0.4978879,-0.7082503,0.784699,-0.6064826,-0.12816504
1356443134855,-0.32266444,-0.563198,0.7607206,-0.5434176,-0.5478219,-0.63607275,0.7749742,-0.61862695,-0.12928906
1356443134895,-0.25948006,-0.487942,0.8334162,-0.5880641,-0.6047077,-0.5371305,0.7660618,-0.6294768,-0.13003153
1356443134935,-0.18070221,-0.4030354,0.89716727,-0.62621546,-0.6562515,-0.4209372,0.75841993,-0.6378843,-0.13380092
1356443134975,-0.09905285,-0.3318051,0.9381332,-0.64878535,-0.69329804,-0.3137122,0.75449723,-0.63972116,-0.14659712
1356443135015,-0.027112603,-0.29500222,0.9551118,-0.6524762,-0.71863866,-0.24048531,0.75732404,-0.62970793,-0.1729977
1356443135055,0.03116244,-0.289932,0.9565398,-0.642066,-0.73924357,-0.203151,0.7660158,-0.607831,-0.20919217
1356443135094,0.07817131,-0.29227915,0.9531328,-0.62639654,-0.7581708,-0.18111981,0.775575,-0.58288074,-0.24234985
1356443135135,0.11639404,-0.2768777,0.95382977,-0.6112736,-0.77689534,-0.15092464,0.78281355,-0.5654842,-0.259674
1356443135175,0.14549065,-0.23442568,0.9611852,-0.5979793,-0.7948221,-0.10333732,0.7881962,-0.5597342,-0.25582087
1356443135215,0.16417009,-0.16922514,0.9718082,-0.5864859,-0.8088813,-0.041777372,0.7931472,-0.5630932,-0.23204227
1356443135255,0.1719225,-0.0939202,0.9806231,-0.5780351,-0.8156816,0.023218155,0.7976955,-0.57082623,-0.19452319
1356443135295,0.17030704,-0.02244407,0.98513544,-0.57401156,-0.81486404,0.080668435,0.8009409,-0.5792175,-0.15166023
1356443135335,0.1622014,0.03581214,0.98610765,-0.57401466,-0.8094303,0.123813495,0.8026194,-0.58612293,-0.110734046
1356443135376,0.15050912,0.078669906,0.9854735,-0.57599056,-0.80318385,0.15208752,0.8034811,-0.590514,-0.075573385
1356443135415,0.13702554,0.10712364,0.9847581,-0.5780339,-0.79867595,0.16731264,0.8044258,-0.5921497,-0.047517896
1356443135455,0.12251872,0.12263858,0.9848598,-0.57928586,-0.7969216,0.17130019,0.8058641,-0.5915029,-0.026594963
1356443135495,0.10706383,0.1261959,0.9862109,-0.57957584,-0.79803205,0.16503567,0.8078547,-0.58925337,-0.0123003125
1356443135535,0.09045422,0.11812967,0.9888698,-0.57858187,-0.8019501,0.14872462,0.810593,-0.5855949,-0.004192088
1356443135575,0.072286725,0.097363904,0.9926202,-0.575653,-0.808656,0.12124069,0.8144927,-0.5801689,-0.0024073385
1356443135615,0.051985323,0.06023565,0.9968296,-0.57050526,-0.8174712,0.07914974,0.8196471,-0.5728111,-0.008131772
1356443135655,0.029107392,0.004837513,0.9995645,-0.5652655,-0.8246554,0.020451605,0.8243953,-0.56561464,-0.021269023
1356443135719,0.005081594,-0.061141312,0.9981162,-0.56415457,-0.8242948,-0.04762131,0.8256536,-0.5628498,-0.038681924
1356443135735,-0.016475797,-0.121120855,0.992501,-0.5703383,-0.814169,-0.10882571,0.8212446,-0.5678544,-0.055665776
1356443135775,-0.031370938,-0.16156979,0.9863625,-0.5832897,-0.7984185,-0.14933522,0.8116582,-0.5800199,-0.06919484
1356443135815,-0.036432505,-0.17947263,0.98308814,-0.59942174,-0.78320116,-0.16519536,0.7996038,-0.5953029,-0.07904582
1356443135854,-0.029871404,-0.17755146,0.9836581,-0.6155027,-0.7721227,-0.15806042,0.78756857,-0.61016566,-0.08621906
1356443135895,-0.010862768,-0.15848026,0.9873024,-0.6296848,-0.76591796,-0.12987207,0.77677476,-0.62310004,-0.09147261
1356443135934,0.020906031,-0.123967946,0.99206597,-0.6404563,-0.76361257,-0.08192405,0.76771003,-0.6336622,-0.09536016
1356443135978,0.062142313,-0.079767585,0.9948745,-0.64651626,-0.7626175,-0.020762593,0.760365,-0.64191234,-0.098961815
1356443136014,0.108700335,-0.034930974,0.9934606,-0.6467074,-0.76146865,0.043986112,0.7549527,-0.6472597,-0.10536197
1356443136061,0.15388942,-0.011189431,0.9880247,-0.6386814,-0.76409227,0.09082422,0.7539258,-0.64501,-0.1247322
1356443136100,0.19737351,-0.012719274,0.9802458,-0.6209491,-0.7753739,0.11496776,0.75859475,-0.63137436,-0.1609363
1356443136143,0.2326923,-0.04329768,0.9715861,-0.59766126,-0.7944775,0.10773325,0.76723874,-0.6057481,-0.21074617
1356443136183,0.2592312,-0.08438729,0.9621216,-0.5756653,-0.8133837,0.08376402,0.7755054,-0.5755743,-0.25943327
1356443136223,0.27679378,-0.111952975,0.9543855,-0.5584836,-0.8269676,0.06496671,0.78197265,-0.55099106,-0.29142338
1356443136263,0.2848041,-0.11346662,0.9518466,-0.5454225,-0.83574706,0.063570276,0.7882899,-0.53726363,-0.29991144
1356443136303,0.28307873,-0.08954233,0.9549076,-0.5351343,-0.8409915,0.07977818,0.7959257,-0.53358734,-0.28598398
1356443136343,0.2722667,-0.047851563,0.96103126,-0.52786297,-0.8424864,0.10759817,0.80450696,-0.5365882,-0.25464004
1356443136383,0.25446963,0.0017594993,0.96707916,-0.52488637,-0.8396394,0.13964212,0.8122436,-0.5431413,-0.2127392
1356443136423,0.2326445,0.049790174,0.9712865,-0.5268769,-0.83299077,0.16889948,0.8174822,-0.551042,-0.16755742
1356443136463,0.20959961,0.09061995,0.97357893,-0.5325806,-0.82445425,0.19139764,0.8200158,-0.5586262,-0.12454286
1356443136503,0.18706322,0.121705085,0.9747796,-0.5397669,-0.8163447,0.20550683,0.8207674,-0.56459653,-0.08701569
1356443136543,0.16559356,0.14150244,0.9759897,-0.5466266,-0.810549,0.21026094,0.8208399,-0.5683198,-0.056872692
1356443136583,0.14468688,0.14787719,0.97836506,-0.5520493,-0.8085104,0.20384473,0.8211622,-0.56959933,-0.035345405
1356443136624,0.12299973,0.13776761,0.9827976,-0.55523884,-0.8112604,0.18321131,0.8225454,-0.56822234,-0.023290873
1356443136665,0.09858203,0.10674442,0.9893873,-0.5557628,-0.81882393,0.14371838,0.8254751,-0.56403273,-0.021396726
1356443136719,0.06913537,0.04924807,0.99639094,-0.5542327,-0.8285652,0.07940894,0.82948554,-0.55772245,-0.02998826
1356443136750,0.03308761,-0.03645003,0.9987876,-0.5531293,-0.8330078,-0.01207608,0.83243805,-0.5520591,-0.047723778
1356443136783,-0.007166207,-0.1333627,0.9910414,-0.55562794,-0.82346326,-0.114829734,0.83140016,-0.5514732,-0.068198934
1356443136823,-0.04455328,-0.21686956,0.9751833,-0.5641043,-0.8001771,-0.20372249,0.8245006,-0.55918163,-0.08668648
1356443136863,-0.07282323,-0.27172694,0.9596152,-0.57754004,-0.77294123,-0.26269624,0.8131078,-0.5733466,-0.10064511
1356443136903,-0.088086665,-0.2974431,0.95066726,-0.5934048,-0.7508786,-0.28991717,0.8000696,-0.5896684,-0.11036174
1356443136943,-0.088012636,-0.29812938,0.9504592,-0.6096911,-0.7384348,-0.2880814,0.78773767,-0.6048413,-0.11677523
1356443136983,-0.07131368,-0.2767884,0.95828104,-0.6253953,-0.7360238,-0.2591328,0.7770425,-0.61778414,-0.12061365
1356443137023,-0.03823471,-0.23621185,0.97094905,-0.6394489,-0.7408825,-0.20542209,0.76788235,-0.62872654,-0.12271798
1356443137063,0.008010745,-0.18274093,0.9831285,-0.65016294,-0.74793416,-0.13372606,0.7597526,-0.63812244,-0.1248029
1356443137103,0.061068833,-0.13011521,0.9896164,-0.6553703,-0.75303376,-0.05856654,0.7528349,-0.64498866,-0.13126057
1356443137152,0.112873554,-0.09885809,0.98867923,-0.65266573,-0.75764495,-0.0012447536,0.74919087,-0.6451366,-0.15003936
1356443137185,0.15872341,-0.103334546,0.9819006,-0.64013183,-0.7679308,0.022660255,0.75169015,-0.6321426,-0.18803634
1356443137225,0.19816071,-0.13801181,0.97040457,-0.6192163,-0.7850811,0.014791638,0.7598049,-0.6038215,-0.2410314
1356443137265,0.23182201,-0.17916521,0.9561163,-0.5950371,-0.8036733,-0.0063251555,0.7695384,-0.5674584,-0.2929191
1356443137305,0.2600189,-0.19879955,0.94491744,-0.57212204,-0.8200297,-0.015090197,0.7778603,-0.5366844,-0.3269608
1356443137345,0.2816583,-0.18418966,0.9416702,-0.5524287,-0.83355725,0.0021913052,0.7845324,-0.5208229,-0.33652997
1356443137385,0.29479235,-0.13876632,0.9454318,-0.53688,-0.8425239,0.043741092,0.7904792,-0.520478,-0.32287046
1356443137423,0.29810172,-0.07241909,0.95178294,-0.5262653,-0.8443505,0.100583345,0.7963543,-0.5308745,-0.289814
1356443137464,0.29191655,0.0026545227,0.9564401,-0.521858,-0.8375853,0.16160172,0.80152905,-0.5463002,-0.24311972
1356443137505,0.27847415,0.07617827,0.95741785,-0.52443004,-0.82306665,0.2180239,0.8046274,-0.5628127,-0.18925261
1356443137545,0.26088893,0.13889697,0.95532435,-0.5326965,-0.80458206,0.26245397,0.80509096,-0.5773693,-0.13591662
1356443137585,0.24231577,0.18744358,0.95191807,-0.54301155,-0.78688496,0.29317313,0.8040034,-0.587943,-0.08889061
1356443137625,0.22457051,0.22120388,0.94901896,-0.5520116,-0.7736839,0.31096053,0.8030263,-0.593702,-0.051639467
1356443137665,0.20820922,0.24040937,0.9480782,-0.55807364,-0.76684827,0.3170135,0.8032451,-0.5951026,-0.025498748
1356443137719,0.19285041,0.24492057,0.9501698,-0.56087863,-0.7670393,0.3115542,0.80512357,-0.5930133,-0.010553183
1356443137745,0.17761892,0.23385914,0.95590866,-0.56019825,-0.77458537,0.29359046,0.8090917,-0.58764553,-0.0065734964
1356443137785,0.16129345,0.20474602,0.9654344,-0.55620754,-0.78922546,0.26030084,0.8152409,-0.5789666,-0.013415664
1356443137825,0.14256978,0.15450054,0.97765195,-0.55128515,-0.80795354,0.20807596,0.8220453,-0.5686304,-0.030015856
1356443137865,0.120716274,0.085239366,0.9890206,-0.55050004,-0.8233249,0.13815083,0.82606125,-0.56113297,-0.052464396
1356443137905,0.09688848,0.010014147,0.99524486,-0.55809665,-0.827407,0.062656865,0.8241,-0.56151354,-0.0745774
1356443137963,0.07475954,-0.053453982,0.99576795,-0.57315105,-0.8194492,-9.583533E-4,0.8160324,-0.5706538,-0.09189886
1356443137983,0.058738172,-0.09573233,0.99367255,-0.5915532,-0.80513966,-0.04260072,0.80412346,-0.58530796,-0.10392314
1356443138024,0.052467942,-0.11574161,0.99189264,-0.609087,-0.790826,-0.06006086,0.79136604,-0.6009976,-0.11198978
1356443138060,0.058234334,-0.11522299,0.99163115,-0.62348676,-0.7799659,-0.05401367,0.77966213,-0.61512345,-0.1172608
1356443138090,0.07628459,-0.09761801,0.992296,-0.6336484,-0.7731377,-0.02734524,0.76985085,-0.62668073,-0.12083393
1356443138130,0.09987885,-0.072330505,0.99236715,-0.6404183,-0.7679795,0.008480638,0.7615042,-0.6363771,-0.123026684
1356443138174,0.13473415,-0.035702914,0.9902383,-0.6425606,-0.76389104,0.059886307,0.75429606,-0.64435685,-0.12586349
1356443138213,0.17530543,-7.6654553E-4,0.98451376,-0.63926864,-0.7606003,0.11323786,0.7487347,-0.64922,-0.13382739
1356443138253,0.21568716,0.016455978,0.97632384,-0.62891114,-0.762516,0.15178977,0.7469604,-0.64676,-0.15411556
1356443138294,0.25309902,0.007513106,0.96741116,-0.6098828,-0.77500093,0.16557945,0.7509886,-0.63191545,-0.19156986
1356443138333,0.2860977,-0.019883603,0.9579941,-0.5853406,-0.7951833,0.15830316,0.75863326,-0.60604304,-0.23913878
1356443138373,0.3128366,-0.04830882,0.9485776,-0.5614674,-0.814932,0.14366685,0.7660858,-0.5775397,-0.28206438
1356443138413,0.33204257,-0.057766438,0.94149387,-0.5421345,-0.8284852,0.14036533,0.7719053,-0.55702364,-0.30640954
1356443138453,0.3430224,-0.039069906,0.93851435,-0.5274147,-0.83478427,0.1580158,0.7772833,-0.5491892,-0.30695575
1356443138493,0.34572732,0.006245613,0.9383143,-0.5166772,-0.8334626,0.19592042,0.78327346,-0.55254066,-0.28492382
1356443138533,0.3408652,0.06966604,0.93752736,-0.5104665,-0.82371825,0.24680391,0.78945225,-0.56270313,-0.2452147
1356443138573,0.33028442,0.13904606,0.9335836,-0.5098498,-0.8060972,0.30043378,0.79433334,-0.57521605,-0.19534874
1356443138615,0.31655127,0.20243724,0.9267224,-0.5144576,-0.7841603,0.34702453,0.7969496,-0.58661044,-0.1440816
1356443138655,0.30191582,0.2532398,0.91908455,-0.52175313,-0.76298016,0.38162154,0.79788506,-0.5947528,-0.09822714
1356443138720,0.2874248,0.28964376,0.9129587,-0.5290067,-0.74659985,0.40341106,0.7984603,-0.5989116,-0.06136781
1356443138735,0.2731222,0.3123884,0.9098448,-0.5345546,-0.73705274,0.41352707,0.7997847,-0.5993052,-0.034316808
1356443138775,0.25811642,0.3215363,0.91103804,-0.5378268,-0.73554,0.41197488,0.80256975,-0.5963181,-0.016924113
1356443138815,0.24117303,0.3162891,0.9174949,-0.5389311,-0.74257976,0.39765403,0.8070867,-0.59036994,-0.008632244
1356443138855,0.22114879,0.2947615,0.9296284,-0.5382719,-0.75799257,0.36838934,0.8132384,-0.5818616,-0.00896731
1356443138895,0.19664174,0.25285596,0.9473098,-0.536904,-0.7806697,0.31982642,0.820406,-0.57150567,-0.017752916
1356443138935,0.16615057,0.1859432,0.9684106,-0.53729045,-0.80641156,0.2470211,0.82686937,-0.5613605,-0.034080237
1356443138975,0.12965912,0.09672412,0.9868297,-0.54291165,-0.82586783,0.15228033,0.8297201,-0.5555059,-0.05456865
1356443139015,0.09146041,0.00286147,0.99580455,-0.5551286,-0.83005035,0.05337137,0.8267207,-0.55768096,-0.074328214
1356443139055,0.05916679,-0.073267266,0.99555576,-0.57193255,-0.81987745,-0.026347846,0.8181641,-0.5678319,-0.0904135
1356443139095,0.038986683,-0.120871514,0.9919023,-0.5899205,-0.8039906,-0.07478607,0.80651957,-0.5822279,-0.10264957
1356443139135,0.034119546,-0.13997167,0.98956746,-0.6062934,-0.79003525,-0.09084383,0.79450876,-0.59686863,-0.11181955
1356443139175,0.045786917,-0.13318169,0.99003345,-0.61933523,-0.78139365,-0.076472044,0.7837904,-0.60966116,-0.11826177
1356443139215,0.07340133,-0.103360474,0.99193186,-0.6278558,-0.77756184,-0.034562588,0.7748608,-0.6202532,-0.121969506
1356443139255,0.11329025,-0.056155622,0.9919737,-0.6311584,-0.77514106,0.028201908,0.76733583,-0.6292876,-0.12325904
1356443139295,0.1587748,-0.002590716,0.9873114,-0.6294862,-0.7706522,0.09920877,0.7606166,-0.6372508,-0.123990975
1356443139335,0.20193428,0.040281862,0.97857034,-0.62359107,-0.7651645,0.16017927,0.7552196,-0.6425735,-0.12939352
1356443139375,0.2377134,0.056304395,0.96970206,-0.6129265,-0.76577187,0.19471666,0.753534,-0.6406429,-0.14752379
1356443139415,0.26530933,0.039455086,0.9633557,-0.5969442,-0.77790743,0.19625908,0.757145,-0.62713903,-0.18283361
1356443139454,0.28571492,-0.0012076497,0.95831394,-0.57942736,-0.7967223,0.1717484,0.7633027,-0.60434437,-0.2283352
1356443139495,0.29922432,-0.045001,0.95312107,-0.5658467,-0.81266254,0.13927348,0.7682984,-0.5809944,-0.26863205
1356443139535,0.30500197,-0.070066705,0.9497708,-0.5573117,-0.82182646,0.11834276,0.7722548,-0.5654131,-0.2897077
1356443139575,0.30226576,-0.06682105,0.95087874,-0.5510686,-0.8262007,0.117114365,0.777791,-0.55939907,-0.28655517
1356443139615,0.29065025,-0.03849432,0.95605475,-0.54604375,-0.8271805,0.13269745,0.7857217,-0.56061625,-0.2614398
1356443139655,0.2713164,0.0055472255,0.9624743,-0.543867,-0.8241509,0.15806323,0.7941008,-0.5663431,-0.22058871
1356443139721,0.24677444,0.053919658,0.96757174,-0.54654336,-0.8167614,0.18490869,0.8002454,-0.5744507,-0.17208639
1356443139735,0.22004485,0.09941742,0.97041047,-0.55361605,-0.8063408,0.20814356,0.8031746,-0.5830357,-0.12239206
1356443139775,0.1928848,0.13545571,0.97182673,-0.56264275,-0.79615563,0.22264162,0.8038834,-0.5897355,-0.07735315
1356443139815,0.16603643,0.15812242,0.97335976,-0.5705651,-0.78965616,0.22560717,0.8042931,-0.59282416,-0.040892545
1356443139855,0.13872945,0.16444753,0.97658134,-0.5753184,-0.7892663,0.21463293,0.8060787,-0.59162116,-0.01488474
1356443139894,0.10964686,0.15271793,0.98216844,-0.57606447,-0.79549056,0.18800172,0.8100169,-0.5864061,7.522367E-4
1356443139935,0.07745975,0.12086347,0.9896423,-0.57258856,-0.80720437,0.14339936,0.8161754,-0.5777655,0.0066792406
1356443139975,0.04055351,0.06560066,0.99702156,-0.56538653,-0.8212213,0.077030495,0.8238286,-0.5668264,0.0037863255
1356443140015,-0.0012797713,-0.015723765,0.99987555,-0.5549783,-0.8317505,-0.01379019,0.8318639,-0.5549269,-0.0076618865
1356443140054,-0.046405375,-0.11833173,0.99188924,-0.5436391,-0.83004034,-0.1244573,0.8380352,-0.54500526,-0.025811486
1356443140095,-0.089523554,-0.22157556,0.9710251,-0.5365203,-0.8106663,-0.2344482,0.8391254,-0.54196334,-0.046306
1356443140135,-0.12390739,-0.2984227,0.94635665,-0.5390849,-0.7804463,-0.31668767,0.8330873,-0.5494065,-0.064172104
1356443140175,-0.1452539,-0.3380961,0.92983454,-0.552622,-0.7518167,-0.35969502,0.8206766,-0.56609416,-0.077635005
1356443140215,-0.15184242,-0.3465853,0.9256471,-0.5732457,-0.73203313,-0.36812618,0.80519146,-0.58652043,-0.08752492
1356443140255,-0.1429612,-0.3323074,0.9322735,-0.5963985,-0.7228003,-0.34909683,0.789855,-0.6059138,-0.09485522
1356443140295,-0.11819142,-0.29957384,0.946724,-0.61896753,-0.72329336,-0.30614674,0.77647275,-0.62217534,-0.09993935
1356443140335,-0.0784111,-0.25088012,0.96483725,-0.6388043,-0.730375,-0.24182928,0.76536316,-0.6353043,-0.10299379
1356443140376,-0.026728392,-0.1912929,0.981169,-0.6538925,-0.7390614,-0.16190353,0.7561152,-0.64590645,-0.10533103
1356443140415,0.03105247,-0.13323632,0.99059767,-0.66204834,-0.7452346,-0.07948139,0.7488175,-0.6533555,-0.11135027
1356443140454,0.08879298,-0.094432116,0.9915636,-0.66088015,-0.75039095,-0.012283117,0.74522024,-0.654214,-0.12903774
1356443140495,0.14274865,-0.08857265,0.98578787,-0.6486629,-0.76064557,0.025587022,0.74756885,-0.64309657,-0.16603494
