1356443741085,0.39039207,-0.013370454,0.92055166,0.8829795,-0.27765405,-0.3784911,0.26065543,0.96058816,-0.096588135
1356443741108,-0.2934366,-0.016485602,-0.9558364,-0.91975665,0.27748924,0.2775743,0.2606583,0.96058726,-0.096588254
1356443741120,-0.29342148,-0.016489297,-0.95584095,-0.919757,0.2775049,0.27755728,0.2606738,0.96058273,-0.09659201
1356443741150,-0.2932942,-0.01653266,-0.95587933,-0.9197866,0.2775448,0.27741945,0.2607129,0.96057045,-0.09660882
1356443741194,-0.29277354,-0.01672399,-0.9560355,-0.9199292,0.27763063,0.2768599,0.26079452,0.9605423,-0.09666777
1356443741235,-0.29053262,-0.017498702,-0.9567051,-0.920614,0.27771136,0.2744929,0.26088464,0.96050525,-0.09679377
1356443741273,-0.28548327,-0.019275784,-0.95818985,-0.92217445,0.27774855,0.2691654,0.26094747,0.9604604,-0.09706819
1356443741313,-0.2763983,-0.022441894,-0.96078116,-0.92493856,0.27766138,0.25960147,0.26094586,0.9604169,-0.09750253
1356443741354,-0.26317078,-0.02684319,-0.96437573,-0.9288218,0.27730346,0.24574971,0.260828,0.9604074,-0.0979107
1356443741393,-0.24622294,-0.03199795,-0.9686849,-0.9335396,0.27649322,0.22815639,0.2605343,0.960483,-0.09795034
1356443741435,-0.22658747,-0.03729725,-0.9732765,-0.9386296,0.2751732,0.20797634,0.2600626,0.96067095,-0.09735912
1356443741475,-0.20585686,-0.042090237,-0.9776766,-0.94355834,0.27343297,0.18690136,0.2594623,0.9609698,-0.09600264
1356443741515,-0.18527895,-0.045966655,-0.9816103,-0.9479939,0.2714361,0.16622308,0.25880373,0.9613582,-0.09386748
1356443741554,-0.16631818,-0.048587322,-0.98487437,-0.9516785,0.26939702,0.14742202,0.25815937,0.9618028,-0.09104514
1356443741596,-0.16765147,-0.04465741,-0.9848344,-0.9515906,0.26838136,0.14982253,0.2576205,0.9622771,-0.08749014
1356443741633,-0.14620695,-0.046235114,-0.988173,-0.95520234,0.26642624,0.128863,0.2573172,0.9627458,-0.08311725
1356443741674,-0.13307258,-0.0443435,-0.99011374,-0.95711267,0.26514515,0.11676237,0.25734615,0.9631883,-0.07772523
1356443741709,-0.12783358,-0.03916931,-0.9910219,-0.95772165,0.26454034,0.11308241,0.25773588,0.9635788,-0.07133043
1356443741747,-0.1284399,-0.031773686,-0.9912082,-0.95744705,0.26445138,0.11558804,0.25845373,0.9638754,-0.06438768
1356443741780,-0.13220394,-0.023639798,-0.99094063,-0.9566766,0.2646727,0.1213187,0.25940698,0.9640485,-0.0576064
1356443741810,-0.13697827,-0.015914708,-0.99044615,-0.95570195,0.26508826,0.12791368,0.26051992,0.96409273,-0.051521003
1356443741851,-0.14162108,-0.009121299,-0.9898789,-0.954591,0.2660217,0.13412124,0.26210594,0.9639239,-0.046381414
1356443741893,-0.14533234,-0.004635155,-0.989372,-0.95347065,0.2676322,0.1388048,0.26414442,0.96351004,-0.043315113
1356443741932,-0.14697331,-0.003991276,-0.9891324,-0.95249283,0.27024883,0.14043862,0.26675132,0.9627822,-0.043521047
1356443741973,-0.14548421,-0.008211553,-0.9893265,-0.9516796,0.27450508,0.13766968,0.27044463,0.9615506,-0.04775089
1356443742013,-0.14185575,-0.016445339,-0.98975074,-0.950588,0.28119704,0.13157043,0.2761513,0.95950913,-0.055522203
1356443742053,-0.13725734,-0.026825607,-0.99017215,-0.94869995,0.29100752,0.12362453,0.2848312,0.9563446,-0.065392375
1356443742128,-0.1327546,-0.037243307,-0.99044895,-0.94570464,0.30387738,0.115330786,0.29667976,0.95198286,-0.0755623
1356443742134,-0.12991253,-0.045300066,-0.99049014,-0.941641,0.31850383,0.108938664,0.31054002,0.9468385,-0.084034085
1356443742173,-0.13061959,-0.04862401,-0.99023944,-0.9368464,0.33289725,0.107230276,0.32443398,0.94170856,-0.08903611
1356443742213,-0.13654798,-0.04571691,-0.989578,-0.9314399,0.3460561,0.11253846,0.33730468,0.93709934,-0.08983582
1356443742254,-0.14897111,-0.036086172,-0.9881829,-0.92500484,0.35832778,0.12636158,0.34953347,0.93289816,-0.08676034
1356443742293,-0.16884959,-0.019280374,-0.98545325,-0.9166742,0.37049097,0.14981619,0.36221302,0.92863595,-0.08023101
1356443742335,-0.19672388,0.005634755,-0.98044276,-0.90539134,0.3827014,0.18386441,0.3762529,0.9238549,-0.07018489
1356443742375,-0.23205748,0.039102048,-0.97191584,-0.8901477,0.39429876,0.22839773,0.39215603,0.91815007,-0.056693435
1356443742415,-0.27326864,0.08005813,-0.9586005,-0.8705634,0.4033317,0.28185636,0.40919888,0.911545,-0.040522218
1356443742455,-0.31766796,0.12612978,-0.9397757,-0.8477346,0.40621877,0.3410754,0.4247743,0.90502906,-0.022118092
1356443742494,-0.36172193,0.1727556,-0.9161401,-0.82455623,0.39927888,0.40085328,0.435045,0.9004065,-0.0019811988
1356443742535,-0.40161675,0.21247765,-0.89081824,-0.80500364,0.38188815,0.4540159,0.43666115,0.8994524,0.017672598
1356443742575,-0.43430626,0.23854554,-0.86860466,-0.7922789,0.357634,0.49436033,0.42857003,0.9028809,0.033671916
1356443742615,-0.45781893,0.24879375,-0.8535242,-0.7874949,0.33208674,0.51920164,0.41261816,0.9098462,0.04388821
1356443742655,-0.4703619,0.24498129,-0.8477877,-0.790403,0.31029147,0.52818775,0.39245743,0.9185333,0.04768467
1356443742695,-0.46952814,0.22964084,-0.8525305,-0.8010311,0.29531145,0.5207113,0.3713386,0.9273921,0.045292437
1356443742735,-0.45210803,0.20421651,-0.86827064,-0.82008743,0.2876643,0.49467745,0.3507918,0.93570554,0.037420034
1356443742774,-0.41454256,0.16993695,-0.8940223,-0.8477226,0.2851501,0.44727594,0.33093923,0.9432978,0.02585262
1356443742815,-0.35610485,0.13049197,-0.92528975,-0.88102055,0.28313226,0.37899718,0.31143546,0.95016205,0.014141381
1356443742854,-0.28165776,0.09662986,-0.9546368,-0.91340744,0.27770358,0.29760295,0.2938634,0.95579463,0.010045052
1356443742895,-0.20621267,0.0858461,-0.9747342,-0.9367651,0.27052698,0.22200564,0.28275022,0.9588773,0.0246315
1356443742935,-0.14687479,0.11020994,-0.9829962,-0.94793427,0.26821154,0.17170689,0.28257477,0.9570352,0.0650782
1356443742975,-0.10923976,0.16240692,-0.9806583,-0.9501407,0.2728104,0.15102044,0.29206052,0.9482608,0.124507666
1356443743015,-0.083898395,0.21616468,-0.97274554,-0.9489901,0.28041807,0.14416441,0.30393866,0.9352211,0.18161154
1356443743055,-0.056825995,0.24458769,-0.9679606,-0.9483136,0.28995824,0.12894025,0.31220534,0.9252573,0.21546865
1356443743128,-0.020429224,0.23545554,-0.9716704,-0.9486375,0.3023242,0.09320429,0.31570494,0.9236671,0.21718574
1356443743134,0.023017347,0.1929476,-0.9809391,-0.94852686,0.31421757,0.039548784,0.31585914,0.9295368,0.19024843
1356443743173,0.06450996,0.13278052,-0.98904395,-0.9470612,0.3205057,-0.018743366,0.31450558,0.9378942,0.14642704
1356443743215,0.096105635,0.07151958,-0.99279845,-0.94467545,0.3208089,-0.068336666,0.31361118,0.9444398,0.098394334
1356443743254,0.11466172,0.018967748,-0.9932234,-0.9420324,0.31943318,-0.102651715,0.31532142,0.9474189,0.054495037
1356443743295,0.12083888,-0.022554278,-0.9924159,-0.9393669,0.32060468,-0.121665776,0.32091725,0.94694453,0.01755476
1356443743335,0.116515934,-0.05441144,-0.99169725,-0.9368187,0.32558274,-0.12793198,0.32984048,0.9439467,-0.013038099
1356443743375,0.10220969,-0.076805264,-0.9917934,-0.9346224,0.33399475,-0.1221827,0.34063804,0.9394405,-0.037646413
1356443743415,0.07628256,-0.086848974,-0.9932966,-0.932487,0.34652865,-0.10191131,0.35305664,0.93401027,-0.054551423
1356443743455,0.035340875,-0.079373,-0.9962183,-0.92907715,0.3646507,-0.062012315,0.36819384,0.92775524,-0.06085658
1356443743494,-0.02454564,-0.048704743,-0.99851155,-0.9222677,0.38653293,0.0038173795,0.38577172,0.9209887,-0.054406524
1356443743535,-0.10351741,0.0061475635,-0.99460864,-0.9099307,0.40321082,0.0971964,0.40163448,0.91508645,-0.03614551
1356443743575,-0.19162261,0.073830515,-0.97868776,-0.8920889,0.40265977,0.20504287,0.4092166,0.91236734,-0.011295319
1356443743615,-0.27061456,0.13319746,-0.9534287,-0.87349844,0.38235134,0.30134362,0.40468293,0.9143664,0.012877941
1356443743655,-0.32623976,0.16964096,-0.9299406,-0.86119336,0.35228765,0.3663868,0.38976076,0.9203887,0.031163514
1356443743695,-0.3532467,0.18153593,-0.917748,-0.85943663,0.32456326,0.39500284,0.36957452,0.92827976,0.04136777
1356443743735,-0.35013455,0.17276305,-0.9206295,-0.86954373,0.30548984,0.388033,0.34828076,0.93639135,0.04326248
1356443743775,-0.31518477,0.14725453,-0.9375364,-0.8905248,0.2956035,0.3458093,0.32806104,0.9438933,0.037964165
1356443743815,-0.24808472,0.10761246,-0.9627428,-0.91815245,0.29082662,0.26910216,0.30894998,0.95070475,0.026654959
1356443743855,-0.15159264,0.058276862,-0.9867236,-0.94477224,0.28490296,0.16197419,0.29055983,0.9567832,0.0118691325
1356443743895,-0.040807307,0.011645973,-0.9990992,-0.96087456,0.2737137,0.04243663,0.27396137,0.96174073,2.0802021E-5
1356443743935,0.05911663,-0.013188183,-0.99816394,-0.9628684,0.26310435,-0.0605025,0.26341915,0.9646772,0.00285542
1356443743975,0.12880939,-0.0024923384,-0.9916662,-0.95585394,0.26601082,-0.12482622,0.26410505,0.96396685,0.031882405
1356443744015,0.16545591,0.040835828,-0.9853714,-0.9470012,0.28552887,-0.14718014,0.2753418,0.9574997,0.085914016
1356443744054,0.18026191,0.09650487,-0.97887313,-0.9399217,0.3102253,-0.14250448,0.2899188,0.94575214,0.14662883
1356443744125,0.19015929,0.13722521,-0.97211564,-0.93418497,0.3297746,-0.13618812,0.30189052,0.93403316,0.19090346
1356443744135,0.2063486,0.14633769,-0.96747375,-0.9276914,0.34366745,-0.14588133,0.31114134,0.9276196,0.2066715
1356443744172,0.22920755,0.12453243,-0.9653785,-0.919312,0.35363367,-0.17265186,0.31988958,0.92705715,0.19553968
1356443744213,0.25414944,0.08155146,-0.96372056,-0.9096463,0.3586601,-0.20953882,0.32855988,0.9298991,0.16533628
1356443744253,0.2755577,0.02961427,-0.9608283,-0.90079105,0.35693032,-0.24733832,0.335624,0.93366146,0.12503111
1356443744295,0.2895965,-0.021149278,-0.95691514,-0.89453906,0.34966677,-0.27844742,0.34049037,0.9366354,0.08234346
1356443744335,0.29617372,-0.06640679,-0.9528228,-0.8907773,0.34078214,-0.3006384,0.34466943,0.9377941,0.041777074
1356443744375,0.2953232,-0.10399541,-0.9497206,-0.8891432,0.33381283,-0.31303903,0.34958354,0.93688524,0.006115854
1356443744415,0.28708968,-0.13268247,-0.9486701,-0.8895891,0.33036932,-0.3154164,0.35526174,0.9344793,-0.02318728
1356443744455,0.26962948,-0.15028849,-0.9511641,-0.89264834,0.3315066,-0.30542147,0.36121854,0.9314058,-0.044770837
1356443744495,0.24044849,-0.15434077,-0.95831287,-0.89829326,0.33868212,-0.27993545,0.36776888,0.9281559,-0.057207644
1356443744535,0.19592468,-0.14120442,-0.9703994,-0.90566844,0.35338247,-0.23427674,0.37600306,0.9247606,-0.05864805
1356443744574,0.13039921,-0.10537577,-0.9858458,-0.9130472,0.3748036,-0.16083232,0.38644645,0.9210962,-0.047339022
1356443744615,0.04027447,-0.04352978,-0.99824,-0.91689765,0.39542022,-0.054235578,0.3970851,0.91746825,-0.023986995
1356443744654,-0.06655368,0.035806775,-0.99714017,-0.9127025,0.4016193,0.075339824,0.40316835,0.9151064,0.0059517026
1356443744695,-0.16715398,0.10967082,-0.97981215,-0.90052575,0.38760713,0.19701296,0.40138867,0.91527754,0.03397137
1356443744736,-0.23981556,0.1586206,-0.95777243,-0.88758814,0.36384234,0.2824996,0.39328843,0.9178552,0.053534687
1356443744775,-0.27620316,0.17896003,-0.9442909,-0.8816115,0.34406787,0.3230766,0.38271797,0.9217324,0.062740505
1356443744815,-0.27467716,0.17452371,-0.94556534,-0.8867309,0.33430845,0.31928995,0.37183413,0.9261638,0.062928736
1356443744854,-0.23385131,0.14914823,-0.96076447,-0.9028946,0.33326846,0.27150208,0.3606866,0.93096024,0.056729853
1356443744894,-0.15497342,0.10649821,-0.9821615,-0.92455924,0.3346685,0.18217337,0.34809968,0.9362986,0.04659915
1356443744935,-0.04679194,0.053738385,-0.9974581,-0.94187975,0.33018455,0.061973542,0.33267567,0.94238544,0.03516507
1356443744975,0.06962192,0.005255997,-0.99755955,-0.94670886,0.31558466,-0.06441018,0.31447598,0.9488828,0.026947498
1356443745015,0.16753647,-0.021120489,-0.9856396,-0.94013876,0.29752985,-0.16617787,0.29676688,0.95447886,0.029990971
1356443745055,0.23226318,-0.013943762,-0.9725531,-0.92948055,0.29141036,-0.2261548,0.28656548,0.9564966,0.05472344
1356443745122,0.2645492,0.025385916,-0.964038,-0.9201278,0.3059618,-0.24444264,0.2887534,0.9517053,0.10430029
1356443745135,0.27020013,0.08771533,-0.9588002,-0.91449326,0.33486903,-0.22707865,0.30115423,0.93817306,0.17069677
1356443745175,0.26464733,0.14804927,-0.952913,-0.91180813,0.36011937,-0.19728157,0.313955,0.9210838,0.23029715
1356443745215,0.26169288,0.18365836,-0.9475159,-0.91004455,0.37393415,-0.17886353,0.32145876,0.90908897,0.26499322
1356443745255,0.26862818,0.18331325,-0.9456402,-0.9071708,0.3782115,-0.18438354,0.3238521,0.90738773,0.26789466
1356443745295,0.28487462,0.14934984,-0.9468585,-0.90216494,0.37560165,-0.21218362,0.32395208,0.9146683,0.24173754
1356443745335,0.3043244,0.09361461,-0.9479573,-0.8958626,0.3663572,-0.2514211,0.3237543,0.925753,0.19535723
1356443745375,0.31980604,0.031282485,-0.9469665,-0.89041716,0.3515411,-0.28909546,0.323854,0.9356497,0.14027941
1356443745415,0.3266456,-0.025726736,-0.9447967,-0.887468,0.33551323,-0.31596124,0.32512042,0.9416841,0.08676228
1356443745455,0.3231123,-0.07155958,-0.9436513,-0.88734937,0.32369316,-0.32838073,0.3289523,0.94345224,0.041090906
1356443745495,0.30961698,-0.10558224,-0.94498134,-0.8896058,0.3187694,-0.3270895,0.33576605,0.94193333,0.004769802
1356443745535,0.28516424,-0.12767503,-0.94993705,-0.8946016,0.32029969,-0.31160232,0.34404832,0.938673,-0.022880256
1356443745575,0.24912776,-0.13773489,-0.95862633,-0.90194917,0.32752085,-0.28145653,0.35273653,0.93475085,-0.04263532
1356443745615,0.19997884,-0.13491866,-0.97046655,-0.9101838,0.341102,-0.23497823,0.36273104,0.9302937,-0.054587603
1356443745655,0.13482778,-0.11618358,-0.98403394,-0.91675586,0.3622262,-0.16837716,0.37600544,0.9248208,-0.057673812
1356443745695,0.04843241,-0.07510418,-0.9959988,-0.9185012,0.3884408,-0.0739547,0.39244086,0.9184079,-0.050170183
1356443745735,-0.059727192,-0.009066522,-0.99817353,-0.9113074,0.4085784,0.050818324,0.40737134,0.9126782,-0.03266561
1356443745775,-0.17284206,0.0676325,-0.98262477,-0.89383614,0.40830228,0.18532708,0.41374207,0.9103379,-0.010119438
1356443745815,-0.26318312,0.12940896,-0.95602715,-0.87415504,0.3872549,0.293064,0.40815136,0.9128455,0.011204541
1356443745855,-0.31507954,0.16226086,-0.9350917,-0.86380994,0.35910794,0.35337496,0.39313787,0.91908264,0.027014911
1356443745895,-0.3271476,0.16752985,-0.93000436,-0.86792624,0.33596426,0.36583057,0.3737358,0.9268558,0.035493672
1356443745935,-0.3013507,0.1506533,-0.9415368,-0.8855913,0.3217885,0.3349333,0.35343447,0.9347491,0.036446035
1356443745975,-0.23895296,0.11588386,-0.9640916,-0.911955,0.31423965,0.26380232,0.3335263,0.9422444,0.030592322
1356443746016,-0.14390594,0.067727745,-0.98727095,-0.9385038,0.30706674,0.1578626,0.31384978,0.94927496,0.019374013
1356443746055,-0.02886331,0.015525043,-0.9994628,-0.95531815,0.2938255,0.032152563,0.29416686,0.95573294,0.0063505173
1356443746124,0.08360419,-0.024448454,-0.99619913,-0.95741236,0.2752715,-0.08710471,0.27635482,0.96105564,-3.9339066E-4
1356443746134,0.17163607,-0.033941746,-0.98457557,-0.9485861,0.26409438,-0.17446652,0.26594263,0.9638995,0.01313144
1356443746171,0.23475116,-0.013165683,-0.9719664,-0.9348819,0.2708187,-0.22946286,0.26624775,0.9625404,0.05126661
1356443746214,0.2724376,0.033413082,-0.96159315,-0.9214976,0.29657254,-0.25077263,0.27680305,0.9544257,0.111587584
1356443746253,0.29874974,0.082396865,-0.95076776,-0.9092185,0.32726413,-0.2573323,0.28994882,0.94133353,0.17268685
1356443746293,0.3229692,0.11219579,-0.93973565,-0.89740604,0.3516745,-0.26643464,0.30058825,0.9293746,0.21426517
1356443746333,0.34876603,0.11196262,-0.930498,-0.8848567,0.3665238,-0.28755674,0.30885407,0.9236474,0.22690192
1356443746373,0.3743258,0.08342472,-0.923537,-0.8713722,0.37228495,-0.3195534,0.31716028,0.9243616,0.21204984
1356443746413,0.39505535,0.036728024,-0.91792285,-0.8587057,0.3698122,-0.35477257,0.32642898,0.92838037,0.17763484
1356443746453,0.40722853,-0.016245008,-0.9131818,-0.8494683,0.36055726,-0.38522995,0.33551237,0.9325956,0.13302958
1356443746493,0.4091329,-0.06608665,-0.9100785,-0.8454496,0.34773916,-0.40533003,0.34325686,0.93525934,0.0863986
1356443746533,0.4009821,-0.10795686,-0.90970254,-0.84666824,0.33551738,-0.41301447,0.34980872,0.9358277,0.04313281
1356443746573,0.38353163,-0.14006266,-0.91284496,-0.8522043,0.32721758,-0.40826023,0.35588092,0.9345112,0.0061362386
1356443746613,0.3573141,-0.16140002,-0.91993296,-0.8608473,0.32517105,-0.39141494,0.36230993,0.9317799,-0.022752583
1356443746653,0.3223737,-0.17053944,-0.93112385,-0.8711243,0.3314711,-0.36231104,0.37042895,0.92792416,-0.041703522
1356443746695,0.27819854,-0.16512999,-0.9462228,-0.8813963,0.3476526,-0.31980947,0.381767,0.9229679,-0.048828483
1356443746735,0.22358078,-0.14137635,-0.96437764,-0.8904009,0.37285167,-0.26108953,0.39648172,0.9170574,-0.04251921
1356443746773,0.15823849,-0.097661406,-0.9825593,-0.8977896,0.399989,-0.1843434,0.41101623,0.9113018,-0.02438575
1356443746840,0.080007255,-0.024933785,-0.9964824,-0.9062606,0.41446412,-0.083134025,0.415079,0.909724,0.010563672
1356443746875,0.0022743642,0.036881268,-0.99931693,-0.9135275,0.40657142,0.012926072,0.40677044,0.9128742,0.03461677
1356443746914,-0.049060076,0.06968552,-0.99636185,-0.9207948,0.3833166,0.07214832,0.38694975,0.92098445,0.045360506
1356443746955,-0.07221085,0.07435405,-0.994614,-0.9301994,0.3547988,0.09405777,0.3598815,0.9319813,0.043543756
1356443746995,-0.07007298,0.05849412,-0.9958254,-0.9412186,0.32681754,0.08542755,0.3304502,0.9432756,0.03215468
1356443747035,-0.04754454,0.029960275,-0.99841976,-0.95244503,0.299824,0.054352164,0.30097863,0.953524,0.014280498
1356443747074,-0.010048211,-0.0037959218,-0.9999423,-0.9621612,0.27234405,0.008634657,0.2722956,0.9621924,-0.0063889027
1356443747124,0.03512025,-0.03339836,-0.99882483,-0.9688064,0.24419403,-0.04222998,0.24531746,0.969151,-0.023780346
1356443747155,0.07986027,-0.045995027,-0.99574435,-0.9712955,0.22095823,-0.08810583,0.2240704,0.9741981,-0.027028978
1356443747195,0.116514504,-0.02920574,-0.9927595,-0.9695281,0.21353811,-0.12007001,0.21549875,0.9764981,-0.0034354925
1356443747235,0.14258084,0.018634021,-0.9896077,-0.96429175,0.22806504,-0.13463897,0.22318602,0.9734675,0.050486386
1356443747275,0.15958112,0.084459126,-0.9835652,-0.9569127,0.25807673,-0.13309565,0.24259415,0.9624256,0.12200415
1356443747315,0.17196524,0.14381877,-0.97454816,-0.9490377,0.28942078,-0.12475249,0.26411277,0.9463359,0.18625969
1356443747355,0.18338606,0.1761739,-0.9671258,-0.9418733,0.31321254,-0.121542156,0.2815034,0.9331991,0.22337228
1356443747395,0.1943604,0.17524603,-0.9651491,-0.93563724,0.32864574,-0.1287438,0.29463023,0.9280522,0.22784248
1356443747435,0.20289281,0.1470032,-0.9681036,-0.9301326,0.33797672,-0.14361435,0.3060847,0.92960304,0.20530558
1356443747475,0.20636785,0.10352665,-0.9729823,-0.9256088,0.34308517,-0.15981522,0.31727064,0.9335817,0.1666269
1356443747515,0.20335785,0.056794524,-0.9774558,-0.9226479,0.34521338,-0.17189664,0.327668,0.9368041,0.12260324
1356443747555,0.19396564,0.0147717595,-0.9808971,-0.92143905,0.34586295,-0.17699969,0.33664137,0.93816876,0.08069682
1356443747595,0.17913616,-0.019223362,-0.9836365,-0.92160356,0.34663677,-0.17461333,0.34432125,0.93780243,0.044378877
1356443747635,0.15986156,-0.044795543,-0.9861225,-0.922616,0.34845936,-0.16539556,0.35103258,0.9362529,0.0143761635
1356443747675,0.13669369,-0.062087268,-0.9886658,-0.9238852,0.35210982,-0.14984924,0.35742268,0.9338972,-0.009230316
1356443747714,0.109545946,-0.07015985,-0.9915025,-0.9244956,0.35921586,-0.12756127,0.3651131,0.9306136,-0.02551186
1356443747755,0.07768783,-0.066159666,-0.99478006,-0.9232583,0.3717774,-0.09682801,0.37624285,0.9259614,-0.03219986
1356443747795,0.03968677,-0.046114206,-0.99814755,-0.91955954,0.38914725,-0.054540604,0.39094144,0.9200206,-0.02696073
1356443747835,-0.003914386,-0.01018548,-0.99994045,-0.9144145,0.40477863,-5.4353476E-4,0.40476006,0.91435796,-0.010898173
1356443747875,-0.048401028,0.03361109,-0.9982623,-0.9104953,0.40944126,0.057931393,0.41067687,0.91171706,0.010785401
1356443747915,-0.08602336,0.07222101,-0.993672,-0.9102987,0.39965484,0.107852876,0.40491506,0.9138163,0.03136301
1356443747955,-0.10965061,0.09610817,-0.9893129,-0.9143288,0.38061994,0.13831562,0.3898454,0.9197237,0.0461393
1356443747995,-0.11504868,0.10263687,-0.98804325,-0.92161936,0.36010215,0.14472121,0.37065023,0.9272497,0.053162813
1356443748035,-0.10069245,0.09340012,-0.9905238,-0.93093395,0.34242147,0.12692297,0.3510312,0.9348924,0.052470088
1356443748075,-0.06709522,0.07132822,-0.9951936,-0.94078463,0.3276744,0.086912364,0.33229873,0.9420943,0.045119107
1356443748125,-0.017034113,0.03999421,-0.9990547,-0.949242,0.31323224,0.028724134,0.3140849,0.948834,0.032628536
1356443748155,0.043991536,0.0051286817,-0.9990188,-0.9543224,0.29602072,-0.04050368,0.29552257,0.9551678,0.017916799
1356443748195,0.1081602,-0.022559404,-0.99387753,-0.9546173,0.2767105,-0.11016855,0.2775017,0.9606885,0.0083934665
1356443748235,0.16758355,-0.029168844,-0.9854263,-0.9496938,0.2634717,-0.16930571,0.26457044,0.9642261,0.016452074
1356443748275,0.21761316,-0.0059728026,-0.9760168,-0.94014984,0.26737744,-0.21125245,0.26222664,0.96357334,0.05256948
1356443748315,0.25884134,0.039183676,-0.9651247,-0.9273929,0.28946108,-0.23696989,0.2700807,0.95638746,0.111263156
1356443748354,0.2932885,0.08489257,-0.9522475,-0.91347265,0.3187379,-0.25293064,0.2820454,0.9440336,0.17102921
1356443748395,0.32265857,0.109354556,-0.9401771,-0.9000146,0.34295908,-0.26898476,0.2930275,0.9329634,0.20907941
1356443748435,0.34672332,0.10389054,-0.93219614,-0.8879233,0.35664636,-0.2905092,0.30228326,0.928445,0.21590441
1356443748475,0.36404288,0.07288128,-0.9285263,-0.87787384,0.35989213,-0.3159354,0.3111435,0.930143,0.19499674
1356443748515,0.37323505,0.02753678,-0.92732805,-0.8709167,0.3548358,-0.33999357,0.31968683,0.934523,0.1564194
1356443748555,0.37415767,-0.020702034,-0.92713404,-0.86785626,0.34454697,-0.35792866,0.32685104,0.9385408,0.1109485
1356443748595,0.36796486,-0.06503296,-0.9275627,-0.8683595,0.33267474,-0.36780334,0.33249605,0.9407966,0.06594062
1356443748635,0.35602897,-0.102814734,-0.92880166,-0.8713407,0.32260895,-0.36971447,0.33765176,0.9409317,0.025271475
1356443748675,0.33920556,-0.13279048,-0.93129283,-0.8757746,0.31686407,-0.36416486,0.34345084,0.93912935,-0.008812457
1356443748715,0.3175876,-0.15345246,-0.93572986,-0.8808455,0.31761307,-0.35104585,0.35106885,0.9357213,-0.034297884
1356443748754,0.29073465,-0.16322032,-0.9427792,-0.8857144,0.32679987,-0.32971486,0.3619163,0.9308926,-0.049554586
1356443748795,0.25813895,-0.15992227,-0.9527797,-0.8894173,0.34573698,-0.29900327,0.37722844,0.9246031,-0.052989423
1356443748835,0.21863262,-0.14072385,-0.96560687,-0.89205813,0.37226033,-0.25623155,0.39551502,0.917398,-0.044145644
1356443748875,0.17255239,-0.105073005,-0.97938013,-0.8947145,0.39912826,-0.20045617,0.41196084,0.9108548,-0.025139809
1356443748915,0.12275079,-0.058919847,-0.990687,-0.89912,0.41598997,-0.13614571,0.42013752,0.9074584,-0.0019128919
1356443748955,0.075626224,-0.013952583,-0.9970386,-0.90575075,0.41720417,-0.07454029,0.41700867,0.9087056,0.018914044
1356443748995,0.038799703,0.018937409,-0.99906754,-0.913424,0.4060604,-0.027776748,0.4051557,0.91365004,0.03305292
1356443749035,0.017974883,0.034745067,-0.9992346,-0.9209274,0.3897225,-0.0030149221,0.38931948,0.9202767,0.039002895
1356443749075,0.015840828,0.0335519,-0.9993114,-0.9279007,0.37282085,-0.0021912754,0.37249058,0.9272965,0.037038624
1356443749127,0.032408416,0.018343687,-0.9993063,-0.934089,0.3562492,-0.023753881,0.35556635,0.9342109,0.028680146
1356443749154,0.06463435,-0.0067700744,-0.9978861,-0.9390611,0.3379062,-0.06311673,0.33761925,0.9411555,0.015482843
1356443749194,0.1078113,-0.034739166,-0.99356425,-0.9420093,0.3158959,-0.11326215,0.31779745,0.94815767,0.0013325214
1356443749235,0.15379274,-0.053233743,-0.9866681,-0.94226617,0.2927028,-0.16266403,0.29745972,0.9547205,-0.0051448345
1356443749275,0.19508642,-0.048841447,-0.9795692,-0.93938506,0.27781403,-0.20093536,0.28195202,0.9593924,0.008316815
1356443749334,0.226879,-0.015676677,-0.9737968,-0.9338869,0.28023285,-0.22209197,0.27637154,0.959804,0.04893869
1356443749353,0.24889857,0.03634271,-0.96784747,-0.92737496,0.29714602,-0.22733247,0.27933013,0.9541402,0.10766253
1356443749393,0.2631209,0.08562115,-0.960956,-0.92181766,0.3161835,-0.2242324,0.2846394,0.94482636,0.1621216
1356443749430,0.27144277,0.112312794,-0.955879,-0.9183036,0.3275804,-0.22228277,0.28816196,0.9381242,0.1920566
1356443749466,0.27095094,0.11991647,-0.95509446,-0.9178052,0.33131793,-0.21877387,0.29020533,0.9358678,0.19983092
1356443749490,0.2668576,0.10836458,-0.9576242,-0.9184997,0.32945403,-0.21867394,0.29179665,0.9379324,0.18745017
1356443749531,0.26082057,0.07107329,-0.9627675,-0.9193649,0.322536,-0.22525227,0.29451776,0.9438851,0.1494663
1356443749573,0.23723328,0.03169033,-0.9709357,-0.9241886,0.3153202,-0.2155197,0.2993258,0.94845617,0.1040923
1356443749613,0.19700211,7.055998E-4,-0.9804028,-0.93113637,0.3131485,-0.18687716,0.3068798,0.94970393,0.06234795
1356443749653,0.14067143,-0.01818481,-0.98988926,-0.93799925,0.3174904,-0.1391299,0.31681037,0.9480871,0.02760446
1356443749693,0.06879172,-0.024749666,-0.997324,-0.94227684,0.3267571,-0.07310367,0.327692,0.9447843,-8.428693E-4
1356443749733,-0.018206447,-0.0186055,-0.99966115,-0.9408543,0.33863816,0.010832757,0.33832186,0.9407327,-0.023670495
1356443749774,-0.1203025,0.0027275681,-0.9927335,-0.9293469,0.35130095,0.113586396,0.34905803,0.93625855,-0.03972751
1356443749813,-0.2372756,0.043789774,-0.97045493,-0.90164685,0.3618942,0.23678184,0.36157063,0.93119013,-0.046385705
1356443749853,-0.36462766,0.106699705,-0.92501986,-0.85188764,0.3628555,0.37765503,0.37594417,0.9257165,-0.041410923
1356443749895,-0.4874084,0.18128106,-0.8541488,-0.7822226,0.34404683,0.5193838,0.38802165,0.9212866,-0.025889158
1356443749935,-0.5864807,0.2454786,-0.7718682,-0.7088498,0.30551475,0.63576144,0.391883,0.9200005,-0.0051710606
1356443749975,-0.65494746,0.2845111,-0.70006955,-0.64983743,0.26078165,0.7139358,0.38568795,0.92252177,0.014087617
1356443750015,-0.69790363,0.29960793,-0.65051186,-0.61173654,0.22295773,0.7589916,0.37243652,0.92764485,0.027678132
1356443750055,-0.7218478,0.29806682,-0.6245735,-0.5933167,0.19803172,0.78023,0.35624605,0.93377715,0.033899248
1356443750130,-0.72988695,0.2852809,-0.62119234,-0.5932355,0.18713069,0.78297746,0.3396127,0.9399984,0.032654464
1356443750134,-0.72178173,0.26338774,-0.64004517,-0.61201674,0.18896723,0.7679367,0.32321262,0.9460012,0.024804711
1356443750160,-0.6957706,0.23572144,-0.6784826,-0.6488769,0.19877654,0.73447037,0.3079968,0.9512745,0.014651358
1356443750192,-0.65735835,0.20385689,-0.7254808,-0.6942671,0.21053618,0.6882353,0.29304144,0.9560946,0.0031334162
1356443750233,-0.60433877,0.1698573,-0.7784107,-0.74686503,0.21942836,0.6277291,0.27742973,0.9607287,-0.00574857
1356443750273,-0.53511053,0.14774552,-0.8317621,-0.80181885,0.22116661,0.5551324,0.26597634,0.9639796,1.1652708E-4
1356443750313,-0.47541547,0.15927336,-0.8652239,-0.8388748,0.21426421,0.50037986,0.2650837,0.96370274,0.03174585
1356443750353,-0.44376534,0.2075139,-0.87178576,-0.8527837,0.20115101,0.48197332,0.2753767,0.9573277,0.087700546
1356443750393,-0.43373024,0.26835278,-0.86015403,-0.85319054,0.18464369,0.4878245,0.28973106,0.9454594,0.14887041
1356443750433,-0.4276839,0.31163493,-0.84851056,-0.8522718,0.17375958,0.49339685,0.30119652,0.9341794,0.19128352
1356443750473,-0.41435403,0.32247493,-0.85107017,-0.8563508,0.17850405,0.48456112,0.30817828,0.92959464,0.2021879
1356443750513,-0.39304256,0.30294693,-0.8681824,-0.8648977,0.19876951,0.46091497,0.31220093,0.9320482,0.18389326
1356443750555,-0.37084663,0.26569718,-0.8898751,-0.87354916,0.22547108,0.4313637,0.3152532,0.9373195,0.14848441
1356443750595,-0.3566386,0.22537985,-0.90664923,-0.8781519,0.2503296,0.40765718,0.31883892,0.94156206,0.10864049
1356443750635,-0.3553478,0.19122836,-0.9149642,-0.8769717,0.2705567,0.39713916,0.32349396,0.9435203,0.071560204
1356443750675,-0.36567926,0.164722,-0.9160488,-0.8707075,0.2872079,0.3992245,0.32885748,0.9435986,0.038398683
1356443750715,-0.38447106,0.1440694,-0.91182554,-0.8606008,0.301426,0.41049784,0.33398804,0.9425425,0.008096755
1356443750755,-0.40955514,0.1285339,-0.90318525,-0.8472033,0.31364435,0.42880502,0.33839497,0.9408009,-0.019560337
1356443750795,-0.44106066,0.12080115,-0.88931024,-0.82925105,0.3241067,0.4552995,0.34323207,0.93827605,-0.042776227
1356443750835,-0.4815203,0.1269277,-0.86719525,-0.8031218,0.33225387,0.4945733,0.35090402,0.9346104,-0.058048546
1356443750874,-0.5312264,0.15196636,-0.8334895,-0.76553476,0.3353868,0.5490649,0.36298078,0.92974293,-0.06183082
1356443750915,-0.586059,0.19554976,-0.78631747,-0.71668375,0.32764322,0.61564136,0.37802008,0.9243431,-0.051870883
1356443750954,-0.6353786,0.2442769,-0.7325455,-0.6663874,0.3058532,0.6799866,0.3901564,0.920208,-0.031549513
1356443750995,-0.67028284,0.28145808,-0.6866601,-0.6292047,0.27505732,0.7269422,0.39347464,0.91930664,-0.007271409
1356443751035,-0.6890381,0.29903927,-0.66015303,-0.61270154,0.24613911,0.75100756,0.38707027,0.9219496,0.013622642
1356443751075,-0.69316864,0.2992809,-0.6557043,-0.6158345,0.22678363,0.75453097,0.37451977,0.9268226,0.027108192
1356443751129,-0.68248945,0.28645462,-0.6724225,-0.63620293,0.2200579,0.73947304,0.35979736,0.9324797,0.032055974
1356443751155,-0.6539221,0.26218277,-0.7096803,-0.6735095,0.22555935,0.70392334,0.34463158,0.9382874,0.029084325
1356443751195,-0.60171336,0.2257129,-0.7661559,-0.72784436,0.2400642,0.6423487,0.32891303,0.94415194,0.019833922
1356443751235,-0.51989967,0.1767919,-0.8357326,-0.79527026,0.25698835,0.5490922,0.3118486,0.95010614,0.0069892406
1356443751275,-0.4103617,0.12164146,-0.90377355,-0.86345243,0.26697755,0.427987,0.2933482,0.95599496,-0.004525721
1356443751315,-0.2917835,0.078766525,-0.9532356,-0.91558385,0.2653159,0.3021816,0.27671036,0.9609388,-0.005297482
1356443751355,-0.19368792,0.07096395,-0.97849333,-0.9434948,0.25988996,0.20560831,0.26889136,0.9630272,0.016616583
1356443751395,-0.13275334,0.10575569,-0.9854909,-0.9525094,0.2613043,0.15635175,0.27404812,0.95944554,0.06604421
1356443751435,-0.10252637,0.16592336,-0.9807944,-0.9523126,0.26848567,0.1449694,0.28738308,0.9488861,0.13048404
1356443751475,-0.08599177,0.22223121,-0.9711945,-0.949707,0.2763224,0.147318,0.30110145,0.9350183,0.18729311
1356443751515,-0.069006324,0.25179258,-0.96531796,-0.9475393,0.28617632,0.14238137,0.31210175,0.92450184,0.21883535
1356443751555,-0.046918392,0.24837986,-0.9675257,-0.9454707,0.30148894,0.1232461,0.3223101,0.92054975,0.22069055
1356443751595,-0.021560192,0.21697989,-0.97593796,-0.94247925,0.32128274,0.09225169,0.3335688,0.92179024,0.19757211
1356443751635,0.0027655363,0.1677989,-0.98581743,-0.93869305,0.3402921,0.05528876,0.34474328,0.9252269,0.15845275
1356443751675,0.021223545,0.11298373,-0.99337006,-0.9353895,0.3530435,0.020169616,0.35298166,0.9287599,0.113176644
1356443751715,0.031285197,0.061507672,-0.9976162,-0.9335803,0.3582962,-0.007186413,0.35700002,0.93157965,0.06863177
1356443751755,0.031949222,0.01823935,-0.999323,-0.9331832,0.35864574,-0.023288757,0.3579782,0.9332955,0.0284791
1356443751793,0.022938788,-0.0148148835,-0.99962705,-0.9333656,0.35793084,-0.026722908,0.35819322,0.9336305,-0.0056171417
1356443751833,0.0021805167,-0.03514549,-0.99937975,-0.9329109,0.3598073,-0.014688939,0.3601004,0.93236446,-0.032003045
1356443751873,-0.03296992,-0.039987415,-0.99865603,-0.9301032,0.36694893,0.016013682,0.3658154,0.9293812,-0.049290717
1356443751913,-0.0850507,-0.026489764,-0.9960245,-0.92258275,0.3796363,0.06868291,0.3763076,0.9247565,-0.05672729
1356443751953,-0.15587065,0.008348018,-0.9877422,-0.907583,0.3934681,0.14654657,0.38986838,0.9193003,-0.053753555
1356443751993,-0.24220094,0.06327972,-0.9681603,-0.88325906,0.3985462,0.24701083,0.40148732,0.91496265,-0.040635884
1356443752033,-0.33103457,0.12579522,-0.9351961,-0.8521464,0.3858231,0.35353506,0.4052933,0.9139563,-0.02052486
1356443752075,-0.40574515,0.17740893,-0.896603,-0.8222277,0.3575459,0.44283456,0.39913952,0.91688985,7.980466E-4
1356443752130,-0.45793724,0.20863304,-0.8641561,-0.80076134,0.32538158,0.50289965,0.38610196,0.92227924,0.018060863
1356443752155,-0.48727906,0.22099173,-0.8448206,-0.79032326,0.29987514,0.53428847,0.37141398,0.9280289,0.028532028
1356443752195,-0.49476862,0.21866769,-0.84106386,-0.7916458,0.28581446,0.5400065,0.3584702,0.93300295,0.031695426
1356443752235,-0.47941566,0.20395881,-0.8535581,-0.8056831,0.2832831,0.5202167,0.3479014,0.9370973,0.028515816
1356443752276,-0.43893307,0.17713484,-0.88088655,-0.83240986,0.28892982,0.47287786,0.3382775,0.94082034,0.020627916
1356443752315,-0.37134236,0.13948753,-0.91795874,-0.86881566,0.29653037,0.39652145,0.3275124,0.944782,0.011074603
1356443752355,-0.28369433,0.09962961,-0.9537251,-0.9059322,0.29817843,0.30062667,0.31433156,0.94929636,0.0056661963
1356443752395,-0.19682282,0.0772509,-0.97739094,-0.93311423,0.2912197,0.21092394,0.3009296,0.9535321,0.014765203
1356443752435,-0.13747445,0.09263167,-0.98616433,-0.9462248,0.28207645,0.15840262,0.2928468,0.9549095,0.048872113
1356443752475,-0.116066486,0.1465194,-0.982375,-0.9491559,0.27503493,0.1531626,0.29262877,0.95020413,0.107147396
1356443752515,-0.11990303,0.21471635,-0.96928847,-0.9476398,0.2663182,0.17621976,0.29597643,0.9396656,0.1715414
1356443752555,-0.12765306,0.26608267,-0.9554604,-0.9459889,0.25678915,0.19789988,0.2980096,0.9291175,0.21893132
1356443752595,-0.12597507,0.28332126,-0.9507152,-0.9461663,0.25372207,0.20098364,0.29816034,0.92485356,0.23610634
1356443752635,-0.11262345,0.26504892,-0.9576351,-0.9478703,0.26047105,0.18356678,0.2980904,0.92838776,0.22189683
1356443752675,-0.09360945,0.22054774,-0.97087383,-0.9496321,0.2731362,0.15360814,0.29905868,0.9363522,0.18387109
1356443752715,-0.07747224,0.16351718,-0.9834939,-0.9503235,0.2861713,0.12243861,0.30146852,0.94412297,0.13322389
1356443752754,-0.0768286,0.11147085,-0.99079347,-0.94912004,0.29620743,0.10692242,0.3053991,0.9485966,0.083042026
1356443752794,-0.09648031,0.07371688,-0.99260134,-0.94533443,0.30531722,0.11456078,0.31150335,0.9493931,0.040230036
1356443752835,-0.13859758,0.053293437,-0.9889138,-0.9372736,0.31544814,0.14835995,0.3198576,0.9474451,0.0062301755
1356443752875,-0.20283028,0.049800456,-0.9779467,-0.9223307,0.32571647,0.2078819,0.32888597,0.944155,-0.02013272
1356443752915,-0.28695473,0.062185466,-0.9559236,-0.8967679,0.33345297,0.29088905,0.33684462,0.94071364,-0.039919972
1356443752955,-0.388075,0.09007779,-0.9172152,-0.8550949,0.33607697,0.3947973,0.34381738,0.93751705,-0.053398013
1356443752995,-0.50165313,0.13385683,-0.85464984,-0.7902637,0.33096772,0.51569724,0.3518911,0.9340999,-0.060248733
1356443753035,-0.61914814,0.19316414,-0.761146,-0.6962453,0.31324172,0.6458499,0.36317772,0.9298211,-0.05945337
1356443753075,-0.72399634,0.26058203,-0.6386911,-0.57763034,0.27708977,0.767831,0.37705773,0.9248342,-0.050091863
1356443753130,-0.79799604,0.31812003,-0.5118612,-0.46053174,0.22595417,0.85840267,0.38873225,0.9207303,-0.033806205
1356443753155,-0.83958167,0.35107368,-0.41454786,-0.37603956,0.17512757,0.9099036,0.39204198,0.9198248,-0.015016317
1356443753195,-0.8608861,0.35908356,-0.36046374,-0.33317158,0.13759434,0.93277246,0.38454103,0.9231071,0.0011833906
1356443753234,-0.87144333,0.3509402,-0.34267673,-0.32248256,0.11648333,0.9393809,0.36958268,0.9291246,0.0116634965
1356443753275,-0.8738565,0.33423144,-0.35307816,-0.33560187,0.11077756,0.93546766,0.35177585,0.9359582,0.015365005
1356443753315,-0.86601126,0.31306577,-0.38989037,-0.3713112,0.11959571,0.9207741,0.33489203,0.94217134,0.012673557
1356443753355,-0.8413869,0.286449,-0.45827398,-0.43548498,0.1427902,0.8887991,0.32003263,0.9473953,0.0046024323
1356443753395,-0.78513414,0.24906212,-0.5670384,-0.5379579,0.17939037,0.8236628,0.3068645,0.9517285,-0.006860614
1356443753435,-0.6731136,0.19483013,-0.71341383,-0.6781167,0.22231585,0.70052373,0.29508635,0.95530987,-0.017526329
1356443753475,-0.49756223,0.13148665,-0.8574048,-0.8189882,0.25447977,0.5142941,0.28581497,0.95809776,-0.018933475
1356443753516,-0.30952656,0.09122932,-0.9465045,-0.9082067,0.2665171,0.32269078,0.28169847,0.959503,3.6090612E-4
1356443753555,-0.1822052,0.10271773,-0.97788054,-0.9411982,0.26955247,0.20368445,0.2845121,0.95749176,0.04756391
1356443753595,-0.12001324,0.15519059,-0.9805676,-0.94878256,0.2728269,0.1593022,0.2922475,0.9494637,0.11449921
1356443753635,-0.0809935,0.21155757,-0.9740038,-0.9503692,0.27812812,0.13943869,0.30039713,0.9369568,0.17853123
1356443753675,-0.026455313,0.23757285,-0.97100943,-0.95164293,0.2914149,0.09722689,0.30606514,0.92662644,0.21837503
1356443753715,0.05645758,0.2192662,-0.97403014,-0.94900846,0.3148508,0.015869617,0.3101538,0.923467,0.22586125
1356443753754,0.15842721,0.1610671,-0.97414494,-0.93558097,0.3398209,-0.0959689,0.31557742,0.9265955,0.20452818
1356443753794,0.26208603,0.07708782,-0.96196073,-0.9091988,0.35389626,-0.21935117,0.323525,0.93210244,0.16283938
1356443753835,0.34903252,-0.011967897,-0.93703425,-0.8764102,0.34985387,-0.33091927,0.33178544,0.9367279,0.11162159
1356443753875,0.4090785,-0.088178575,-0.90822864,-0.8477527,0.3315095,-0.41402504,0.33759454,0.939322,0.0608598
1356443753915,0.4436308,-0.1453242,-0.88434863,-0.828851,0.30879134,-0.46653396,0.3408779,0.9399621,0.016537279
1356443753955,0.4572819,-0.1842435,-0.87002736,-0.8202482,0.29064155,-0.4926666,0.3436367,0.93892586,-0.018220276
1356443753995,0.45377618,-0.20770109,-0.86657226,-0.82032895,0.28246975,-0.49726382,0.34806266,0.9365208,-0.042205155
1356443754035,0.43435475,-0.21708778,-0.87419045,-0.8273332,0.28760836,-0.48249483,0.35616827,0.9328207,-0.0546799
1356443754075,0.3974385,-0.21095034,-0.89305234,-0.8398287,0.30855134,-0.44663596,0.3697705,0.92752147,-0.05453196
1356443754131,0.33847982,-0.1843426,-0.9227401,-0.8571688,0.34414423,-0.38317922,0.38819197,0.9206425,-0.041526854
1356443754155,0.2531368,-0.1319437,-0.9583906,-0.8781997,0.38421917,-0.28485247,0.40581656,0.91376495,-0.018612921
1356443754195,0.14987852,-0.060575336,-0.98684704,-0.89787114,0.40956497,-0.1615054,0.4139612,0.91026765,0.006996155
1356443754235,0.058805197,0.0040798783,-0.9982611,-0.91079086,0.409583,-0.05197856,0.40865862,0.91226375,0.027801573
1356443754275,0.008072615,0.039633125,-0.99918175,-0.919392,0.39325786,0.008170813,0.3932599,0.9185736,0.03961301
1356443754315,0.0046635866,0.042963028,-0.9990659,-0.92736113,0.37398303,0.011753529,0.3741387,0.92644,0.04158628
1356443754355,0.04162407,0.021367937,-0.9989048,-0.9339864,0.35593444,-0.031305015,0.35487568,0.9342666,0.034772813
1356443754394,0.10719246,-0.01536569,-0.9941195,-0.93567,0.33655012,-0.10609195,0.33620122,0.9415401,0.021698415
1356443754435,0.18592474,-0.056623638,-0.9809311,-0.93005866,0.31184122,-0.1942833,0.31689578,0.9484455,0.0053156614
1356443754475,0.26313257,-0.09039661,-0.9605154,-0.91819465,0.28210855,-0.27808878,0.2961079,0.95511425,-0.008769751
1356443754538,0.32208294,-0.09730956,-0.9416972,-0.90577924,0.2576511,-0.33642238,0.2753665,0.9613256,-0.0051560104
1356443754565,0.37179595,-0.07868424,-0.9249739,-0.8898641,0.2535888,-0.37925544,0.26440448,0.9641067,0.024264991
1356443754605,0.40326306,-0.032316983,-0.91451323,-0.8741794,0.2818502,-0.39543745,0.27053508,0.9589139,0.085408926
1356443754645,0.4230225,0.028327644,-0.9056763,-0.8586923,0.3316599,-0.39070365,0.28930885,0.9429736,0.1646243
1356443754685,0.43721747,0.08134633,-0.8956694,-0.8450762,0.37790483,-0.3781986,0.30771273,0.92226386,0.23397046
1356443754725,0.45003128,0.10705897,-0.8865721,-0.83445203,0.40400946,-0.37478808,0.3180591,0.90846837,0.2711525
1356443754765,0.46176916,0.09859121,-0.8815038,-0.82653165,0.40847856,-0.3872864,0.32189235,0.90742767,0.27011156
1356443754804,0.468628,0.06477472,-0.8810177,-0.8218945,0.3975768,-0.40794852,0.32384744,0.91527975,0.2395536
1356443754845,0.46694028,0.020724028,-0.88404596,-0.8216834,0.37963772,-0.42510173,0.32680738,0.92490304,0.19429675
1356443754885,0.45429695,-0.019105524,-0.8906455,-0.82695854,0.36275232,-0.4295933,0.33129135,0.93168974,0.14899775
