1356444127122,0.9771616,-0.10635565,-0.18396659,-0.19062157,-0.05613476,-0.98005724,0.0939077,0.9927423,-0.07512641
1356444127150,-0.9480866,0.066140324,-0.31105822,-0.30383104,0.10044491,0.94741625,0.09390664,0.99274176,-0.07513499
1356444127180,-0.9480827,0.06612617,-0.31107312,-0.30384475,0.10046893,0.9474093,0.09390174,0.9927403,-0.07516068
1356444127221,-0.94807833,0.066097155,-0.31109276,-0.30386752,0.10045886,0.9474031,0.093872674,0.99274325,-0.07515818
1356444127263,-0.9481193,0.06614995,-0.3109565,-0.30376175,0.100094914,0.9474755,0.093800634,0.99277645,-0.07480812
1356444127305,-0.9482778,0.06645241,-0.3104084,-0.3033048,0.09889424,0.9477479,0.093677744,0.9928766,-0.073623955
1356444127344,-0.9486091,0.06716728,-0.30923995,-0.30231914,0.096407294,0.9483189,0.09350899,0.99307305,-0.071146846
1356444127383,-0.9490801,0.06822953,-0.3075574,-0.30089915,0.09282917,0.94912714,0.0933088,0.9933415,-0.06757206
1356444127425,-0.94961447,0.06957235,-0.30560133,-0.29928347,0.08825338,0.95007414,0.09306925,0.9936655,-0.062984884
1356444127464,-0.9501073,0.07100827,-0.3037334,-0.29780364,0.08315426,0.9509986,0.09278551,0.9940036,-0.057858944
1356444127504,-0.95048374,0.07234945,-0.30223554,-0.2966949,0.078157544,0.9517687,0.09248193,0.99431235,-0.052821815
1356444127544,-0.95075417,0.07349143,-0.30110717,-0.29592365,0.073666215,0.95236677,0.09217223,0.9945714,-0.04829061
1356444127585,-0.95095396,0.07434555,-0.3002653,-0.2953796,0.06999779,0.95281225,0.09185527,0.99477285,-0.04460454
1356444127625,-0.9511232,0.074870095,-0.29959854,-0.29493904,0.06728101,0.95314443,0.09151932,0.99492097,-0.04191047
1356444127664,-0.9512977,0.075198136,-0.2989613,-0.29446575,0.06533313,0.9534262,0.09122795,0.99502605,-0.04000789
1356444127706,-0.95154935,0.07568493,-0.2980361,-0.29365772,0.06382191,0.9537777,0.09120781,0.99508715,-0.038504183
1356444127745,-0.9519351,0.076648906,-0.29655418,-0.29224747,0.062603235,0.95429146,0.09171065,0.99509084,-0.037193716
1356444127785,-0.9524182,0.07807176,-0.29462558,-0.2903365,0.06179279,0.9549274,0.09275859,0.9950308,-0.036185443
1356444127826,-0.9528467,0.079523616,-0.29284683,-0.28851736,0.061610937,0.9554904,0.09402662,0.9949272,-0.035761893
1356444127865,-0.9530339,0.08041538,-0.29199246,-0.28756523,0.062274158,0.9557344,0.09503933,0.99481416,-0.036224663
1356444127905,-0.9528868,0.0803826,-0.29248136,-0.28791124,0.06379318,0.95553,0.0954663,0.99472064,-0.037644625
1356444127944,-0.95245504,0.079429016,-0.29414365,-0.2894308,0.06571704,0.9549404,0.09518024,0.994672,-0.039603412
1356444127985,-0.95186925,0.07775186,-0.2964785,-0.2916839,0.067356765,0.9541402,0.09415599,0.9946947,-0.04143578
1356444128025,-0.9512429,0.075520426,-0.29905432,-0.29426357,0.068387866,0.95327437,0.09244339,0.9947963,-0.042830586
1356444128065,-0.9505972,0.072743244,-0.30178338,-0.29704475,0.069205046,0.95235234,0.09016214,0.9949468,-0.04417807
1356444128105,-0.9498677,0.06933273,-0.30486763,-0.30015758,0.070682526,0.95126724,0.08750277,0.99508643,-0.046328306
1356444128163,-0.9489632,0.0652498,-0.3085631,-0.30380496,0.07357764,0.9498889,0.0846834,0.99515265,-0.049999177
1356444128185,-0.94790965,0.060800806,-0.31268293,-0.3077972,0.07794237,0.9482541,0.082025886,0.99510217,-0.055168092
1356444128225,-0.94689244,0.05660744,-0.31652862,-0.31145918,0.08321339,0.9466091,0.07992454,0.9949227,-0.061163187
1356444128265,-0.946239,0.053440794,-0.3190232,-0.3137163,0.08872938,0.9453619,0.07882763,0.9946211,-0.067193985
1356444128305,-0.9463183,0.05199483,-0.3190269,-0.31337774,0.09431702,0.9449332,0.07922132,0.99418354,-0.0729599
1356444128345,-0.94740283,0.052757412,-0.3156654,-0.30945948,0.100548446,0.94558185,0.08162614,0.9935325,-0.078933656
1356444128385,-0.9495405,0.0560449,-0.30859643,-0.30143693,0.108759224,0.947263,0.08665195,0.99248695,-0.0863772
1356444128425,-0.95252556,0.0621562,-0.29804662,-0.2892906,0.120364904,0.9496438,0.09490061,0.99078196,-0.096669495
1356444128465,-0.95592046,0.07132974,-0.28483003,-0.2736211,0.13552582,0.95224166,0.106524974,0.9882028,-0.110034585
1356444128505,-0.9591567,0.08352058,-0.270264,-0.25571698,0.15247941,0.9546512,0.120942704,0.9847712,-0.12489396
1356444128544,-0.9617689,0.09863447,-0.25548342,-0.23689799,0.16841847,0.95682526,0.13740405,0.9807683,-0.13861334
1356444128585,-0.96438074,0.11743628,-0.23702006,-0.21399081,0.18035686,0.9600413,0.15549187,0.9765655,-0.1488024
1356444128625,-0.9639781,0.13708377,-0.22793458,-0.20050275,0.18857127,0.9613737,0.17477064,0.9724448,-0.15429294
1356444128665,-0.9630548,0.15796092,-0.21811403,-0.18675628,0.19179863,0.96350163,0.19402955,0.9686391,-0.15521234
1356444128705,-0.96144325,0.17746302,-0.2100805,-0.1757645,0.1909867,0.9657282,0.21150362,0.96541756,-0.15243113
1356444128745,-0.95946467,0.1936162,-0.2047932,-0.16874848,0.18732482,0.9676949,0.22572424,0.9630276,-0.14705902
1356444128785,-0.95759,0.20604728,-0.2014099,-0.16483305,0.18159199,0.9694609,0.2363292,0.96154505,-0.13992727
1356444128825,-0.9561751,0.21611212,-0.19754653,-0.16142927,0.17377442,0.97146434,0.24427377,0.96077985,-0.1312719
1356444128865,-0.9553277,0.22654647,-0.18980424,-0.15488848,0.16318375,0.97436166,0.25171116,0.9602332,-0.12080455
1356444128905,-0.95488214,0.23956996,-0.17551696,-0.14255276,0.14872855,0.9785491,0.26053536,0.9594196,-0.10786682
1356444128945,-0.95463085,0.2539143,-0.15558767,-0.12595855,0.12914258,0.98359376,0.26984152,0.9585665,-0.091300905
1356444128985,-0.9548493,0.26462322,-0.13504592,-0.11086472,0.10434657,0.98834246,0.27562997,0.95868987,-0.07029784
1356444129025,-0.95622814,0.26704335,-0.11964787,-0.10252364,0.077224135,0.9917285,0.2740742,0.9605854,-0.046465635
1356444129065,-0.9588855,0.26068217,-0.11217561,-0.10189171,0.052680016,0.9933996,0.26487097,0.9639863,-0.023952663
1356444129105,-0.961977,0.24904712,-0.112141766,-0.10679673,0.034915686,0.9936676,0.25138557,0.9678618,-0.006990671
1356444129163,-0.9643889,0.23649773,-0.11841814,-0.115663536,0.025538743,0.9929601,0.23785706,0.9712963,0.002724886
1356444129185,-0.9653632,0.22512001,-0.13189004,-0.1299017,0.023688912,0.9912439,0.22627316,0.9740431,0.006375015
1356444129225,-0.9642083,0.21427324,-0.15617026,-0.15394193,0.02715379,0.98770666,0.21587972,0.9763962,0.00680387
1356444129265,-0.95948637,0.20216025,-0.19625801,-0.19354595,0.03329724,0.98052603,0.20475826,0.9787863,0.007178962
1356444129305,-0.9480392,0.18801019,-0.25665888,-0.2538948,0.03906113,0.96644276,0.19172648,0.98139006,0.010703385
1356444129345,-0.92559457,0.17419437,-0.33605212,-0.33431455,0.040123582,0.9416071,0.17750627,0.9838935,0.02109754
1356444129385,-0.89130366,0.16887398,-0.42078418,-0.4218999,0.031008959,0.90611196,0.16606684,0.98514974,0.0436095
1356444129425,-0.8545503,0.18453293,-0.48548055,-0.4925611,0.008479059,0.8702365,0.16470371,0.98278975,0.08364797
1356444129465,-0.8293447,0.22638518,-0.51082003,-0.52927715,-0.025364459,0.8480698,0.17903374,0.97370756,0.14085639
1356444129505,-0.8175252,0.28210396,-0.5020659,-0.5380825,-0.06348997,0.8404977,0.20523158,0.9572808,0.20369971
1356444129546,-0.8096905,0.33025637,-0.48511052,-0.5395615,-0.09381968,0.83670264,0.2308135,0.93921703,0.25415844
1356444129585,-0.7986518,0.3569701,-0.48448688,-0.5494143,-0.104002655,0.8290521,0.24555886,0.928308,0.27918643
1356444129625,-0.78190476,0.35873383,-0.5098381,-0.5722436,-0.08857882,0.8152858,0.24730976,0.9292275,0.27454334
1356444129665,-0.7581478,0.33654767,-0.5585226,-0.6066788,-0.050026774,0.7933713,0.2390662,0.9403366,0.24210411
1356444129705,-0.7276898,0.2944761,-0.6194768,-0.6477744,0.0018919706,0.76182985,0.22551276,0.955657,0.18937725
1356444129745,-0.6952573,0.24136923,-0.6770215,-0.6870257,0.05363059,0.7246512,0.21121758,0.9689503,0.1285398
1356444129785,-0.66922104,0.18864322,-0.71871895,-0.7157464,0.09619945,0.69170284,0.19962543,0.9773226,0.070641935
1356444129825,-0.6593445,0.14693558,-0.73734295,-0.72653323,0.12778991,0.67514384,0.19342765,0.98085654,0.022495985
1356444129865,-0.67187667,0.12274474,-0.7304215,-0.7147282,0.15123457,0.6828556,0.19428188,0.9808475,-0.013881862
1356444129905,-0.70735025,0.11804506,-0.6969368,-0.6774471,0.16825902,0.7160686,0.20179427,0.97864914,-0.03904879
1356444129945,-0.7598583,0.13140993,-0.63666844,-0.61384976,0.17738098,0.7692363,0.2140181,0.9753294,-0.054118395
1356444129985,-0.81894565,0.15919672,-0.55134785,-0.52609885,0.17550313,0.83211696,0.22923358,0.971522,-0.059974313
1356444130025,-0.87314373,0.19689474,-0.4459288,-0.42017397,0.15978354,0.89326537,0.24713133,0.96731675,-0.056783915
1356444130065,-0.91291934,0.23809531,-0.3314951,-0.3085977,0.12887096,0.9424223,0.2671064,0.9626541,-0.04417318
1356444130105,-0.93451864,0.27227196,-0.22922248,-0.21326126,0.08725703,0.97309095,0.28494668,0.9582558,-0.02347833
1356444130164,-0.9435136,0.29049063,-0.15936522,-0.15251291,0.046233773,0.98721945,0.29414606,0.95576024,6.814599E-4
1356444130185,-0.9479574,0.2927474,-0.12520273,-0.12606442,0.016000152,0.991893,0.29237735,0.95605594,0.021737576
1356444130225,-0.9511094,0.28552824,-0.11774762,-0.12286432,-6.67572E-6,0.9924235,0.28336418,0.95837027,0.035087585
1356444130265,-0.9526901,0.27465886,-0.13016969,-0.13602917,-0.0023092628,0.99070215,0.27180454,0.96153903,0.03956157
1356444130305,-0.9510547,0.26184037,-0.16411741,-0.16797271,0.0077503324,0.98576117,0.259384,0.96508,0.03661114
1356444130345,-0.94210684,0.24516413,-0.22875586,-0.22868955,0.02913928,0.9730632,0.24522597,0.96904355,0.028614163
1356444130385,-0.9148575,0.22018763,-0.33845678,-0.33348796,0.06053531,0.9408088,0.22764306,0.97357726,0.018048882
1356444130425,-0.84540445,0.18178913,-0.5022389,-0.49296507,0.09641135,0.86469084,0.2056129,0.9785997,0.008109152
1356444130465,-0.7099245,0.13416442,-0.6913806,-0.6805717,0.12186992,0.7224749,0.18118891,0.98343664,0.004790008
1356444130505,-0.5418733,0.104257315,-0.8339688,-0.8245988,0.12591809,0.55152655,0.16251248,0.9865471,0.0177387
1356444130545,-0.42273623,0.119223565,-0.8983762,-0.8919612,0.12061918,0.43572494,0.16031012,0.98551345,0.05535263
1356444130585,-0.37959313,0.17465997,-0.9085169,-0.9081708,0.11694783,0.40193143,0.1764504,0.977659,0.11422855
1356444130625,-0.37699986,0.23942012,-0.89473414,-0.90450805,0.11273706,0.41128525,0.19933966,0.9643487,0.17405558
1356444130664,-0.3703285,0.28063992,-0.88549316,-0.90324044,0.11372155,0.4137925,0.21682635,0.9530523,0.21137094
1356444130705,-0.33665806,0.2828702,-0.8981347,-0.91424406,0.13015538,0.38368934,0.22543135,0.9502863,0.21479452
1356444130745,-0.2767535,0.24869394,-0.928202,-0.9336674,0.15890503,0.32095858,0.22731644,0.9554583,0.18821985
1356444130785,-0.20979905,0.19415858,-0.9582728,-0.95133305,0.18572491,0.24590999,0.22572064,0.9632283,0.14574462
1356444130825,-0.15864074,0.1385563,-0.977566,-0.9616967,0.2024877,0.18476525,0.22354546,0.9694333,0.10112631
1356444130867,-0.13427219,0.09222847,-0.9866433,-0.96553177,0.21186325,0.15120342,0.2229788,0.9729378,0.06060213
1356444130905,-0.13789281,0.05703491,-0.9888036,-0.96465725,0.21860453,0.14713472,0.22454879,0.97414535,0.024875104
1356444130945,-0.16662678,0.03193164,-0.98550284,-0.9595202,0.22490773,0.169521,0.22706032,0.9738567,-0.006836593
1356444130984,-0.22391868,0.018585294,-0.9744307,-0.94724786,0.23108906,0.22207975,0.22930768,0.9727551,-0.03414029
1356444131025,-0.31680244,0.021296293,-0.94825244,-0.9195597,0.23814529,0.31256485,0.23247829,0.970996,-0.05586183
1356444131065,-0.4605633,0.049958706,-0.88621986,-0.8546279,0.24474514,0.45794213,0.23977616,0.9682995,-0.07002449
1356444131105,-0.6552647,0.114973515,-0.7465985,-0.71153283,0.23795742,0.6611333,0.25367144,0.96444666,-0.07411766
1356444131162,-0.8366717,0.20177883,-0.50918144,-0.47526026,0.19460869,0.85805315,0.2722281,0.95990247,-0.06692612
1356444131185,-0.9250041,0.26472914,-0.27255452,-0.2472279,0.12536281,0.9608135,0.28852355,0.95613945,-0.05051273
1356444131225,-0.94796544,0.28886318,-0.13386405,-0.119128235,0.06808907,0.99054146,0.29524562,0.95494604,-0.03013432
1356444131265,-0.95367634,0.28933507,-0.08238113,-0.07543913,0.03508389,0.99653304,0.29122218,0.9565847,-0.011631489
1356444131305,-0.95649415,0.2796898,-0.08302084,-0.080043,0.022072673,0.996547,0.2805565,0.9598366,0.0012748837
1356444131345,-0.9561294,0.2663907,-0.12187152,-0.11933536,0.025751293,0.99252003,0.26753643,0.96352106,0.007168293
1356444131385,-0.94528735,0.24958277,-0.21009557,-0.2047627,0.04744965,0.97766083,0.25397626,0.9671902,0.0062517524
1356444131424,-0.8962721,0.22112787,-0.38444602,-0.37312686,0.09260315,0.9231473,0.23973452,0.9708383,-4.888773E-4
1356444131465,-0.7136057,0.15544802,-0.6830833,-0.6639262,0.16106677,0.7302462,0.22353736,0.97462475,-0.011732161
1356444131524,-0.29139125,0.03872451,-0.95581985,-0.93429625,0.20300221,0.2930541,0.2053819,0.9784123,-0.022972941
1356444131543,0.091811895,-0.042710423,-0.99485993,-0.9775846,0.18623239,-0.09821275,0.18946981,0.9815769,-0.024654686
1356444131584,0.27062175,-0.054435283,-0.9611455,-0.9447948,0.17656973,-0.27601817,0.18473426,0.98278177,-0.0036465526
1356444131620,0.33217013,-0.02342853,-0.94292843,-0.9226028,0.1998024,-0.32997423,0.19613016,0.979556,0.044753164
1356444131650,0.35306668,0.01982361,-0.93538815,-0.9109657,0.23518658,-0.338864,0.21327323,0.9717481,0.10109517
1356444131680,0.3526849,0.06612283,-0.93340296,-0.90692884,0.26978227,-0.3235701,0.23042017,0.9606483,0.15511686
1356444131710,0.35031518,0.102633804,-0.93099177,-0.9045875,0.2948459,-0.30787554,0.24290073,0.950017,0.19613025
1356444131752,0.36855352,0.11017093,-0.92305505,-0.8959038,0.30703866,-0.32106623,0.24804139,0.9452987,0.2118628
1356444131793,0.40301752,0.0874165,-0.9110079,-0.8807796,0.3074472,-0.36014363,0.24860433,0.94754136,0.20090124
1356444131833,0.4428722,0.045663,-0.89542115,-0.86161846,0.29786316,-0.41096362,0.2479471,0.95351577,0.17125943
1356444131873,0.4767951,-5.694032E-4,-0.87901425,-0.84363973,0.2805374,-0.45778897,0.24685705,0.9598429,0.13327852
1356444131913,0.49858117,-0.041091442,-0.86586857,-0.8314225,0.25995028,-0.49108303,0.24526212,0.9647473,0.09544194
1356444131953,0.5077285,-0.07288885,-0.85842824,-0.8261773,0.24126454,-0.50913894,0.24421886,0.96771824,0.062277764
1356444131995,0.50612414,-0.09735325,-0.8569485,-0.8269056,0.22757524,-0.51423407,0.24508265,0.9688817,0.034679353
1356444132035,0.4938565,-0.115602374,-0.86182475,-0.8332195,0.22055815,-0.50704956,0.24869862,0.96849895,0.012601912
1356444132075,0.46888453,-0.12735575,-0.87402964,-0.8453529,0.22207843,-0.4858597,0.25598013,0.9666756,-0.0035314262
1356444132115,0.42947587,-0.13201639,-0.8933768,-0.8621595,0.23446819,-0.44911662,0.26875916,0.9631181,-0.013120741
1356444132167,0.37074438,-0.12620902,-0.9201195,-0.882988,0.25920537,-0.39133707,0.2878902,0.9575405,-0.015342146
1356444132195,0.28203154,-0.10159373,-0.9540109,-0.90805185,0.29269922,-0.29961464,0.30967718,0.9507922,-0.009701967
1356444132235,0.15444243,-0.051016867,-0.9866837,-0.9330609,0.32085192,-0.16263875,0.32487667,0.9457543,0.0019513369
1356444132275,0.009638131,0.012965679,-0.99986947,-0.94535446,0.32600784,-0.004885167,0.32590196,0.94527817,0.015399277
1356444132315,-0.10367286,0.06167972,-0.99269706,-0.94381773,0.3087752,0.11775342,0.31378323,0.94913304,0.026202798
1356444132355,-0.16027194,0.081822276,-0.9836758,-0.9421046,0.28468686,0.17717898,0.29453677,0.95512223,0.03145778
1356444132395,-0.1631104,0.0772858,-0.9835762,-0.9478899,0.26426497,0.17795739,0.27367833,0.96134853,0.03015405
1356444132435,-0.12312722,0.055647403,-0.9908294,-0.9595003,0.24824029,0.13317591,0.25337464,0.9670988,0.022828639
1356444132475,-0.053497434,0.024259448,-0.99827325,-0.9708948,0.23245722,0.057679266,0.23345506,0.972304,0.011117518
1356444132515,0.027748615,-0.007285148,-0.9995884,-0.97655547,0.2133492,-0.028664112,0.21347019,0.97694886,-0.001194179
1356444132555,0.09890196,-0.025536269,-0.99476945,-0.97569823,0.19393834,-0.10198429,0.19552827,0.9806813,-0.0057348013
1356444132595,0.14336762,-0.017212033,-0.98951983,-0.97203904,0.18543658,-0.14406046,0.18597278,0.98250544,0.009854794
1356444132635,0.1562314,0.024185866,-0.9874243,-0.96909213,0.19699383,-0.14850569,0.1909247,0.98010635,0.054214954
1356444132675,0.14498371,0.0913631,-0.9852068,-0.9673556,0.22226393,-0.12174499,0.2078529,0.97069633,0.12060529
1356444132715,0.12639266,0.16036624,-0.9789319,-0.96581036,0.24507463,-0.08455098,0.22635233,0.9561491,0.1858589
1356444132755,0.11723977,0.20314822,-0.9721038,-0.9639473,0.25872427,-0.062188417,0.23887342,0.94434774,0.22615692
1356444132795,0.12312946,0.20648304,-0.97067183,-0.9616927,0.26622447,-0.06535867,0.24492115,0.9415356,0.23135328
1356444132835,0.13829833,0.1751168,-0.9747859,-0.9591932,0.2687735,-0.08780193,0.24662098,0.94715095,0.20514178
1356444132875,0.15187997,0.1242834,-0.980554,-0.95750964,0.2645784,-0.11477578,0.24516869,0.9563221,0.15918672
1356444132915,0.1550442,0.069707155,-0.9854452,-0.95805407,0.253978,-0.13276911,0.24102646,0.96469486,0.106161
1356444132955,0.14385083,0.020923525,-0.9893782,-0.9611372,0.24100903,-0.13464794,0.23563182,0.97029734,0.05477965
1356444132995,0.11718601,-0.018128723,-0.9929445,-0.9657644,0.23093122,-0.11819449,0.23144457,0.9728012,0.009553909
1356444133035,0.0747965,-0.04583502,-0.9961449,-0.97021544,0.22746539,-0.08331576,0.23040724,0.9727069,-0.027456224
1356444133075,0.013269097,-0.059062153,-0.99816614,-0.9722533,0.23240456,-0.026676148,0.23355395,0.97082424,-0.054339588
1356444133115,-0.07007384,-0.054063648,-0.99607563,-0.9676837,0.2461592,0.054715753,0.24223503,0.9677204,-0.06956589
1356444133164,-0.17817819,-0.025809467,-0.9836596,-0.94961995,0.26643926,0.16502142,0.25782642,0.9635061,-0.0719828
1356444133195,-0.30942228,0.029448181,-0.95046866,-0.90891206,0.28465536,0.3047131,0.27952924,0.95817745,-0.061312854
1356444133236,-0.44783396,0.10365069,-0.8880885,-0.841717,0.28615928,0.45784855,0.3015911,0.95255935,-0.040907323
1356444133275,-0.5644468,0.17276895,-0.8071869,-0.7626073,0.26514417,0.59002435,0.3159588,0.948604,-0.017904937
1356444133315,-0.6426023,0.21738343,-0.73471534,-0.69655085,0.23372006,0.6783744,0.31918502,0.94769156,0.0012295246
1356444133355,-0.68488127,0.23589432,-0.6894138,-0.65762806,0.20733804,0.7242487,0.31378785,0.9494023,0.013128877
1356444133395,-0.6974655,0.23443195,-0.67718786,-0.64911795,0.19370282,0.735612,0.30362415,0.9526388,0.017072976
1356444133435,-0.6812492,0.21712103,-0.6991123,-0.6718544,0.19380742,0.71487784,0.29070815,0.95671165,0.013842583
1356444133475,-0.63101697,0.18380544,-0.75367975,-0.72543585,0.20443785,0.6572275,0.27488267,0.961468,0.0043352842
1356444133515,-0.537206,0.13390294,-0.8327543,-0.80379784,0.2178936,0.5535625,0.25557548,0.96674323,-0.009422839
1356444133555,-0.40235788,0.07507053,-0.91239935,-0.88530326,0.22188097,0.4086648,0.23312277,0.97217965,-0.022815347
1356444133595,-0.2545297,0.029342115,-0.96661973,-0.9435445,0.21157032,0.25487584,0.21198666,0.9769222,-0.026165307
1356444133635,-0.13292906,0.020073593,-0.9909222,-0.9705577,0.19998768,0.13424847,0.20086706,0.9795927,-0.007101536
1356444133675,-0.05372694,0.05174598,-0.997214,-0.9772358,0.20253614,0.0631603,0.20524019,0.9779067,0.03968638
1356444133715,-0.004892111,0.105933785,-0.99436116,-0.9755186,0.21812254,0.028037041,0.21986261,0.9701549,0.102273285
1356444133755,0.03521818,0.15270177,-0.98764455,-0.97169816,0.23621857,0.0018726885,0.23358592,0.95962644,0.15669924
1356444133795,0.08041066,0.17029968,-0.982106,-0.9673265,0.25101155,-0.035674512,0.24044463,0.95288575,0.18491936
1356444133835,0.1314275,0.15513608,-0.9791116,-0.9613478,0.26099983,-0.087688684,0.24194425,0.9527916,0.18344232
1356444133875,0.18093476,0.11724582,-0.97648144,-0.9533646,0.2647865,-0.14485848,0.24157503,0.9571527,0.1596871
1356444133915,0.2206684,0.07128912,-0.9727402,-0.9452564,0.2614555,-0.19527242,0.2404075,0.96257925,0.12508145
1356444133955,0.24759257,0.026604563,-0.9684988,-0.9392066,0.25202703,-0.23318094,0.23788416,0.96735436,0.087387234
1356444133995,0.26137388,-0.012519896,-0.96515644,-0.93624973,0.23992324,-0.25665793,0.23477674,0.9707111,0.05098796
1356444134035,0.2640562,-0.045924097,-0.9634134,-0.93593395,0.2291286,-0.2674467,0.23302788,0.9723123,0.017520875
1356444134075,0.2561205,-0.07292724,-0.96389,-0.93775713,0.22320694,-0.26606435,0.2345503,0.9720393,-0.011220217
1356444134115,0.23713422,-0.09180874,-0.96712905,-0.94101924,0.22561747,-0.25214994,0.24135083,0.96988034,-0.032892168
1356444134167,0.2060948,-0.10003948,-0.97340477,-0.94467974,0.23904753,-0.22458044,0.25515687,0.9658407,-0.045238793
1356444134195,0.16166508,-0.093832344,-0.98237455,-0.9474422,0.2637301,-0.18110684,0.27607545,0.96002185,-0.046264827
1356444134235,0.10283825,-0.0696072,-0.9922596,-0.94839054,0.29396418,-0.11891332,0.299966,0.95327854,-0.035784066
1356444134275,0.03358841,-0.029561162,-0.99899846,-0.9472915,0.31770605,-0.041251123,0.31860727,0.94772834,-0.017331779
1356444134315,-0.034824878,0.014867097,-0.99928284,-0.945024,0.32481268,0.037766427,0.32514128,0.94566154,0.0027381778
1356444134355,-0.08945888,0.05017227,-0.99472594,-0.94344705,0.31583476,0.10077739,0.3192252,0.94748676,0.019080698
1356444134395,-0.12261227,0.069158375,-0.99004203,-0.94413704,0.29934266,0.13783747,0.30589443,0.951636,0.02859193
1356444134435,-0.13256648,0.07168451,-0.98857856,-0.947732,0.2828748,0.14760107,0.2902247,0.95647436,0.030437946
1356444134476,-0.12061122,0.059940338,-0.9908886,-0.9540962,0.26865396,0.13238409,0.27414134,0.96137,0.024786115
1356444134515,-0.089217484,0.03727433,-0.9953145,-0.9621234,0.25522727,0.09580049,0.25760224,0.9661623,0.013091803
1356444134555,-0.044298768,0.0090583265,-0.9989773,-0.96984875,0.23948336,0.045178622,0.23964772,0.9708582,-0.0018236637
1356444134595,0.005158782,-0.014891833,-0.9998758,-0.9753078,0.22069293,-0.008318931,0.2207894,0.9752296,-0.013385594
1356444134635,0.049144477,-0.02048996,-0.9985815,-0.97728765,0.20535967,-0.052310288,0.20614019,0.97847205,-0.00993228
1356444134675,0.079827756,0.0034929514,-0.9968025,-0.9759772,0.20364323,-0.07744637,0.20272154,0.97903895,0.01966542
1356444134715,0.09686187,0.054384947,-0.99381083,-0.97266436,0.21690193,-0.0829311,0.21104926,0.97467726,0.07390785
1356444134755,0.10601863,0.11127257,-0.98811865,-0.9691485,0.2339299,-0.077640355,0.22251129,0.9658651,0.13264054
1356444134795,0.113669455,0.1483207,-0.98238504,-0.966846,0.24409264,-0.07501835,0.22866622,0.95834225,0.17114913
1356444134835,0.121776015,0.15243769,-0.98078203,-0.9661708,0.244535,-0.081955075,0.22734252,0.95758307,0.17705926
1356444134875,0.12804869,0.12837589,-0.98342425,-0.96683705,0.2370924,-0.094938904,0.2209745,0.96296775,0.15447792
1356444134915,0.12786782,0.09111953,-0.98759663,-0.9685525,0.22576725,-0.10457191,0.21343848,0.9699105,0.11712238
1356444134955,0.117988914,0.05409044,-0.9915407,-0.9709931,0.2154055,-0.103793114,0.20796916,0.97502553,0.07793683
1356444134995,0.09781003,0.023127228,-0.9949363,-0.97353053,0.20973319,-0.090830415,0.20657045,0.97748506,0.04302913
1356444135035,0.06821576,-0.0013083518,-0.9976697,-0.97534597,0.21027592,-0.0669651,0.20987353,0.9776412,0.01306808
1356444135075,0.030347109,-0.020013332,-0.99933904,-0.97572356,0.21635616,-0.033962876,0.2168929,0.9761094,-0.012961745
1356444135115,-0.015883088,-0.032327414,-0.99935114,-0.9739778,0.22649688,0.008152932,0.22608638,0.97347534,-0.03508371
1356444135167,-0.07153025,-0.03580922,-0.9967954,-0.9687013,0.2406508,0.06086901,0.23769996,0.96995103,-0.051902235
1356444135195,-0.13885924,-0.025986135,-0.98997116,-0.9571682,0.2599801,0.1274338,0.25406134,0.9652643,-0.060973763
1356444135235,-0.2211887,0.0032539964,-0.9752257,-0.93524736,0.28269413,0.21306449,0.2763839,0.9592046,-0.059485495
1356444135275,-0.31668228,0.053025365,-0.94704837,-0.89970124,0.29942995,0.3176151,0.3004163,0.9526437,-0.047117114
1356444135315,-0.4119923,0.11163691,-0.9043227,-0.8540188,0.29869688,0.42594835,0.31766993,0.947796,-0.027720809
1356444135355,-0.48983335,0.16030777,-0.85695076,-0.8101198,0.27949983,0.5153501,0.3221322,0.9466685,-0.007039845
1356444135395,-0.54178435,0.18840963,-0.8191285,-0.7791754,0.2528895,0.5735264,0.3152069,0.94897246,0.009792626
1356444135435,-0.5682928,0.19699427,-0.798897,-0.765406,0.22977859,0.60112846,0.30198833,0.9530976,0.02019906
1356444135475,-0.5713554,0.18997216,-0.7984133,-0.76935345,0.21473187,0.60165244,0.285742,0.9580193,0.023467422
1356444135515,-0.55093443,0.17038003,-0.81697124,-0.7903892,0.20769352,0.57632315,0.2678736,0.96324146,0.020240963
1356444135555,-0.5067028,0.14001644,-0.85067475,-0.8256085,0.20530945,0.5255649,0.24823928,0.9686296,0.011567891
1356444135595,-0.4398235,0.10226512,-0.8922428,-0.8690124,0.2022736,0.45155603,0.2266556,0.973975,-9.5009804E-5
1356444135635,-0.3595646,0.0676167,-0.93066716,-0.91023076,0.19413793,0.36577383,0.20541024,0.97864115,-0.008258402
1356444135675,-0.2858628,0.0543662,-0.956727,-0.938938,0.18364155,0.29098308,0.19151446,0.9814887,-0.0014498234
1356444135715,-0.23796374,0.07738048,-0.9681867,-0.95194525,0.1792944,0.24830166,0.19280416,0.9807476,0.030996442
1356444135755,-0.21986252,0.13343948,-0.9663614,-0.95307845,0.1819238,0.24196124,0.20809135,0.97421646,0.08718002
1356444135795,-0.21826518,0.1976192,-0.95567095,-0.94938123,0.1836974,0.25481465,0.22591054,0.9629133,0.1475212
1356444135835,-0.21517938,0.239429,-0.9467691,-0.9475713,0.18332863,0.26172373,0.23623422,0.95344865,0.18742746
1356444135875,-0.20124239,0.2436297,-0.9487603,-0.9503597,0.18609583,0.24936873,0.23731396,0.95184714,0.19408542
1356444135915,-0.17885065,0.21488684,-0.96012294,-0.956083,0.19235039,0.2211484,0.23220193,0.95750976,0.17104769
1356444135955,-0.1576618,0.16981074,-0.97278315,-0.9615674,0.19784665,0.19038048,0.22479051,0.9654124,0.13209164
1356444135995,-0.1480099,0.1257076,-0.9809641,-0.96447766,0.20110083,0.17129287,0.21880549,0.9714711,0.091477275
1356444136034,-0.15454692,0.09127441,-0.9837603,-0.9638232,0.20493627,0.17042908,0.21716398,0.9745102,0.056300104
1356444136075,-0.17624077,0.06706804,-0.9820596,-0.9591264,0.21269235,0.18665066,0.2213948,0.9748148,0.0268417
1356444136115,-0.21242529,0.05224186,-0.97577983,-0.9496195,0.2244389,0.21874642,0.23043066,0.97308683,0.0019333959
1356444136166,-0.26158965,0.046932876,-0.9640374,-0.93427116,0.23842943,0.26512027,0.24229768,0.97002506,-0.01852262
1356444136195,-0.32347018,0.053088486,-0.9447479,-0.91084343,0.25305158,0.32608148,0.25638112,0.9659951,-0.03349936
1356444136235,-0.39831865,0.07402098,-0.9142555,-0.8753921,0.2669791,0.40300226,0.2739177,0.96085536,-0.04154539
1356444136275,-0.48398465,0.11210701,-0.8678658,-0.8238127,0.27609175,0.49508178,0.29511276,0.9545708,-0.041269064
1356444136315,-0.5701731,0.16175032,-0.80544364,-0.75848955,0.2729826,0.5917551,0.3155887,0.9483234,-0.03296143
1356444136355,-0.64102787,0.20768894,-0.7388834,-0.69377935,0.25493628,0.6735561,0.3282583,0.9443902,-0.019330978
1356444136395,-0.6874371,0.23604959,-0.68681204,-0.64737546,0.22943377,0.7268185,0.32914305,0.94426733,-0.004908502
1356444136435,-0.7103255,0.24471228,-0.6599648,-0.62675846,0.20680732,0.75126857,0.32033017,0.9472838,0.0064750314
1356444136475,-0.71270543,0.23815228,-0.65979886,-0.63095707,0.19334698,0.7513389,0.3065032,0.951788,0.0124643445
1356444136515,-0.6942148,0.21979594,-0.68538713,-0.6583185,0.19109446,0.72807944,0.29100263,0.95664656,0.012035072
1356444136555,-0.65040916,0.18981794,-0.73548424,-0.7081268,0.19879591,0.67752254,0.2748172,0.9614829,0.005116403
1356444136595,-0.5743226,0.1468445,-0.805351,-0.7771099,0.21152967,0.59275234,0.2573981,0.96627736,-0.007371962
1356444136635,-0.46391028,0.09382978,-0.8808991,-0.8532233,0.22018397,0.47278845,0.23832151,0.9709351,-0.022087872
1356444136675,-0.33610547,0.046108454,-0.94069505,-0.9156823,0.2176941,0.3378389,0.22036102,0.9749273,-0.030947506
1356444136764,-0.22651446,0.027369946,-0.97362316,-0.95095277,0.2099874,0.2271432,0.2106655,0.9773209,-0.021537662
1356444136765,-0.14642,0.03664869,-0.9885434,-0.96654004,0.2074703,0.15085253,0.21062192,0.97755456,0.0050445795
1356444136780,-0.11836043,0.08703378,-0.9891491,-0.96726036,0.21510908,0.13466835,0.22449565,0.97270405,0.058723927
1356444136822,-0.11818385,0.15459713,-0.9808835,-0.96302986,0.22297788,0.1511763,0.2420868,0.9624866,0.12252927
1356444136863,-0.12034768,0.20679858,-0.9709536,-0.959869,0.22533089,0.16696587,0.25331414,0.95208216,0.17138147
1356444136903,-0.112473965,0.22608387,-0.9675927,-0.95987153,0.22703588,0.16462475,0.2568973,0.9472807,0.19147587
1356444136943,-0.09584051,0.21300566,-0.9723391,-0.96186876,0.23157525,0.14553854,0.2561702,0.949211,0.18268913
1356444136984,-0.07853925,0.1785681,-0.980788,-0.9641968,0.23635978,0.12024373,0.25329053,0.95511645,0.15361124
1356444137023,-0.068700254,0.13585213,-0.9883443,-0.9662452,0.23750436,0.099810064,0.24829552,0.96183985,0.11494988
1356444137063,-0.07065639,0.094252735,-0.99303776,-0.96769476,0.23506579,0.09116411,0.24202162,0.96739876,0.07459897
1356444137105,-0.08596444,0.058822215,-0.9945601,-0.9676673,0.23266506,0.097400784,0.2371287,0.97077644,0.036919475
1356444137165,-0.115410805,0.032330185,-0.99279153,-0.96483564,0.23397589,0.11978042,0.2361618,0.9717047,0.004189968
1356444137185,-0.16176921,0.018404514,-0.986657,-0.9569919,0.24107212,0.1614022,0.24082604,0.9703326,-0.021385074
1356444137225,-0.22974819,0.022672564,-0.972986,-0.93973947,0.25491118,0.22783771,0.25319064,0.96669865,-0.037259042
1356444137265,-0.32495087,0.05214691,-0.9442922,-0.90510267,0.2723658,0.32650587,0.2742192,0.96077967,-0.04130727
1356444137305,-0.4442402,0.1092585,-0.8892206,-0.84388113,0.2822764,0.45627263,0.30085766,0.95309114,-0.033197403
1356444137345,-0.5655758,0.1801233,-0.80478543,-0.7581407,0.27050376,0.59333825,0.32457155,0.9457184,-0.01643151
1356444137385,-0.6593937,0.2377839,-0.71320313,-0.67214936,0.23849624,0.7009527,0.33677155,0.94158286,0.0025633574
1356444137425,-0.71660465,0.26755494,-0.6441213,-0.6116684,0.20271218,0.76470226,0.3351711,0.9419778,0.018390357
1356444137465,-0.7450121,0.27347744,-0.60841364,-0.5829586,0.17638445,0.7931254,0.3242166,0.94556797,0.028017461
1356444137505,-0.7513725,0.26379997,-0.60485435,-0.58303446,0.16388965,0.79574555,0.30904704,0.9505523,0.030662358
1356444137545,-0.73616105,0.24279322,-0.6317581,-0.61041063,0.1650191,0.7747048,0.29234523,0.9559394,0.026722908
1356444137585,-0.6941035,0.21049625,-0.6884125,-0.6655095,0.17693847,0.7251137,0.2744404,0.96144897,0.017273605
1356444137625,-0.6165416,0.16525272,-0.76978433,-0.74516284,0.1931752,0.63829124,0.25418258,0.9671478,0.004039645
1356444137665,-0.5003942,0.11256525,-0.85844904,-0.83418095,0.20281619,0.5128428,0.23183566,0.9727254,-0.007588327
1356444137705,-0.37102735,0.073441505,-0.9257132,-0.9041941,0.19857204,0.3781562,0.21159312,0.9773308,-0.007270217
1356444137745,-0.27162206,0.07261029,-0.959661,-0.94108236,0.18869299,0.2806405,0.2014587,0.9793482,0.017079055
1356444137785,-0.2237773,0.114735276,-0.9678633,-0.95276785,0.1834473,0.2420339,0.2053217,0.9763108,0.06826478
1356444137825,-0.21654868,0.1808002,-0.9593841,-0.95173466,0.17984027,0.24871385,0.2175034,0.9669378,0.13312966
1356444137865,-0.21782541,0.23552331,-0.94714355,-0.9490155,0.17545688,0.2618863,0.2278631,0.9558994,0.1852963
1356444137905,-0.20479143,0.2548338,-0.9450505,-0.9507643,0.17766178,0.25393623,0.23261094,0.95052415,0.20590317
1356444137945,-0.17313445,0.23490533,-0.9564748,-0.95696163,0.18953794,0.2197721,0.23291394,0.95335984,0.19197983
1356444137985,-0.13503325,0.189046,-0.97263956,-0.963652,0.20332319,0.1733042,0.23052266,0.9606879,0.15471917
1356444138025,-0.10679692,0.13629079,-0.9848955,-0.9679693,0.21212012,0.13431492,0.22722203,0.9676931,0.10927153
1356444138065,-0.100275934,0.09126428,-0.9907652,-0.9690075,0.21699297,0.11806211,0.22576395,0.9718976,0.06667656
1356444138105,-0.117697686,0.058870047,-0.991303,-0.9663328,0.22320387,0.12798825,0.22879738,0.97299254,0.030617416
1356444138165,-0.15747458,0.039395183,-0.986737,-0.9586624,0.23370332,0.16232464,0.23699856,0.9715096,9.6428394E-4
1356444138185,-0.21937066,0.034181148,-0.9750426,-0.9433174,0.2476862,0.22091591,0.24905571,0.96823716,-0.022091389
1356444138226,-0.3065499,0.047638834,-0.9506618,-0.9146144,0.26188934,0.30804965,0.2636433,0.9639214,-0.036710978
1356444138265,-0.42093962,0.085136265,-0.90308446,-0.86243236,0.27096754,0.42753604,0.28110534,0.9588162,-0.04063666
1356444138305,-0.55382246,0.14807981,-0.8193614,-0.7757904,0.26559377,0.5723716,0.30237395,0.95264494,-0.032212913
1356444138345,-0.6771814,0.22263233,-0.70132744,-0.6604349,0.23633689,0.7127205,0.32442424,0.94582224,-0.013008833
1356444138385,-0.76063734,0.2820186,-0.58471924,-0.5529275,0.19049805,0.81116074,0.3401503,0.94030637,0.0110358
1356444138425,-0.80258405,0.31265736,-0.50803953,-0.48679197,0.14900124,0.86071616,0.34480774,0.9381066,0.03261304
1356444138465,-0.81699026,0.31966013,-0.4799421,-0.46575248,0.12493998,0.8760506,0.3400024,0.93925893,0.046807706
1356444138505,-0.81164205,0.3115449,-0.4941427,-0.48183507,0.12119931,0.8678397,0.3302608,0.94247043,0.051742733
1356444138545,-0.78472686,0.29152656,-0.5470064,-0.5317527,0.13683796,0.83577174,0.31850088,0.9467247,0.04763961
1356444138585,-0.72607,0.25666368,-0.63792336,-0.6162496,0.16868979,0.7692725,0.30505547,0.9516657,0.03568828
1356444138625,-0.61991715,0.20105362,-0.7584723,-0.72964215,0.20789438,0.65146166,0.28866088,0.95726556,0.017819822
1356444138665,-0.46184242,0.12641156,-0.87790763,-0.84552705,0.23624283,0.47882494,0.2679284,0.96343625,-0.0022225976
1356444138705,-0.28547454,0.055973172,-0.9567504,-0.9266585,0.23861986,0.29045582,0.24455738,0.96949863,-0.016251862
1356444138745,-0.14406115,0.021353036,-0.98933846,-0.96352375,0.2248382,0.1451549,0.22554058,0.97416216,-0.011816263
1356444138785,-0.05718869,0.03348747,-0.9978016,-0.9741119,0.21707684,0.06311631,0.21871322,0.97558,0.020206213
1356444138825,-0.008754998,0.077558964,-0.9969493,-0.974571,0.22257999,0.025874376,0.2239078,0.97182447,0.07363802
1356444138865,0.026183575,0.12368515,-0.991976,-0.9721972,0.23413727,0.0035320818,0.23269543,0.96430373,0.12637687
1356444138905,0.062360793,0.1459431,-0.98732555,-0.96929044,0.24463865,-0.025059998,0.23788059,0.958568,0.15671712
1356444138945,0.099901766,0.13669172,-0.98556334,-0.9659338,0.25097808,-0.06310284,0.23872918,0.95829296,0.15710828
1356444138985,0.1309124,0.10487077,-0.9858317,-0.96240556,0.25214848,-0.10097852,0.23798627,0.9619893,0.13393757
1356444139024,0.14727253,0.066382974,-0.9868658,-0.960086,0.24946696,-0.12649533,0.23779327,0.96610534,0.10047305
1356444139064,0.14641273,0.032150507,-0.9887009,-0.9599342,0.24602729,-0.13415244,0.23893434,0.9687295,0.06688386
1356444139105,0.1289365,0.006121099,-0.991634,-0.9616633,0.2448357,-0.1235283,0.24203125,0.9695453,0.037454724
1356444139166,0.09715095,-0.01232788,-0.9951933,-0.9640336,0.2473791,-0.09717348,0.24738795,0.96884036,0.012148619
1356444139185,0.053829163,-0.02421847,-0.99825644,-0.96549857,0.25381663,-0.058220595,0.2547841,0.9669491,-0.009720147
1356444139225,-5.4717064E-4,-0.027856767,-0.99961174,-0.96441257,0.26431352,-0.0068378747,0.2644014,0.96403444,-0.027010024
1356444139265,-0.0665524,-0.019487351,-0.9975926,-0.9583812,0.2794385,0.05847779,0.27762622,0.9599658,-0.037273645
1356444139305,-0.14350295,0.0050067306,-0.98963714,-0.94436103,0.2983532,0.13844708,0.29595456,0.9544424,-0.038086414
1356444139345,-0.22845694,0.046987236,-0.9724195,-0.9203722,0.31518534,0.23145887,0.31736803,0.9478662,-0.028760552
1356444139385,-0.3127716,0.09888095,-0.94466746,-0.8888196,0.32022944,0.3278001,0.3349235,0.94216543,-0.012271345
1356444139425,-0.38502228,0.14548028,-0.91136885,-0.8573661,0.30911052,0.4115508,0.34158623,0.93983305,0.0057154894
1356444139465,-0.4387228,0.17558202,-0.881302,-0.833269,0.28767997,0.47212592,0.3364298,0.9414941,0.020095348
1356444139505,-0.47366577,0.18743736,-0.86052775,-0.81922704,0.2648849,0.50862867,0.32327685,0.9458876,0.028086782
1356444139545,-0.49194175,0.18469766,-0.8508115,-0.8146943,0.24696803,0.52467144,0.30702886,0.951259,0.028978169
1356444139585,-0.49508923,0.17065659,-0.85191727,-0.8190862,0.23537505,0.52316,0.28980076,0.9568045,0.023250759
1356444139625,-0.4834711,0.14718577,-0.86289746,-0.83218074,0.22849852,0.5052362,0.27153438,0.96235377,0.01201272
1356444139665,-0.45727485,0.116598725,-0.8816487,-0.85304356,0.22277105,0.47190017,0.25142878,0.9678728,-0.0024037957
1356444139705,-0.41908693,0.08605704,-0.9038586,-0.8782716,0.21400565,0.42759877,0.23022872,0.9730343,-0.014105499
1356444139745,-0.37663555,0.07090196,-0.9236442,-0.90153146,0.20124775,0.38306707,0.21304154,0.976971,-0.011876762
1356444139785,-0.3410694,0.08789101,-0.93592024,-0.9168689,0.18858081,0.3518361,0.20741984,0.97811675,0.016265392
1356444139825,-0.3188864,0.13868663,-0.9375914,-0.923085,0.17895764,0.34042364,0.2150014,0.97403294,0.070952356
1356444139884,-0.307702,0.20313913,-0.92954516,-0.9235663,0.17114627,0.34312448,0.2287902,0.9640765,0.13495034
1356444139903,-0.30017382,0.25119513,-0.9202155,-0.92311674,0.16654241,0.34658203,0.24031457,0.9535012,0.18189079
1356444139944,-0.29240072,0.26729247,-0.9181811,-0.9237393,0.16945094,0.3434997,0.24740154,0.9485996,0.19736093
1356444139980,-0.28536946,0.2538943,-0.92417634,-0.9248425,0.18004441,0.33503783,0.25145698,0.95032716,0.18343312
1356444140010,-0.28551328,0.23069635,-0.93019426,-0.92413735,0.19083965,0.33098406,0.25387475,0.9541276,0.15870786
1356444140042,-0.2868368,0.20046774,-0.9367696,-0.9235029,0.20211172,0.3260263,0.25468984,0.9586258,0.12715954
1356444140070,-0.2904474,0.16691932,-0.94221985,-0.9225538,0.21256387,0.32204205,0.254037,0.9627848,0.09225339
1356444140112,-0.2937612,0.12700757,-0.9474035,-0.92191803,0.22419858,0.31591466,0.25253004,0.96623194,0.051229775
1356444140164,-0.303456,0.084683925,-0.94907486,-0.91859674,0.23864615,0.31500486,0.25316894,0.9674072,0.0053717494
1356444140205,-0.333102,0.05666405,-0.94118655,-0.907316,0.25233966,0.3363067,0.2565552,0.96597815,-0.032642663
1356444140245,-0.37053537,0.044216663,-0.92776525,-0.8901801,0.26819712,0.36830652,0.26510927,0.9623488,-0.060015738
1356444140285,-0.42054158,0.05270043,-0.90574133,-0.862769,0.2856012,0.4172069,0.28066775,0.95689845,-0.07463884
1356444140328,-0.48431784,0.086461484,-0.8706094,-0.8204944,0.30052644,0.48628473,0.30368605,0.9498465,-0.07460916
1356444140363,-0.5556297,0.14032412,-0.8195028,-0.7637543,0.3033687,0.56977785,0.32856506,0.94248426,-0.06138748
1356444140403,-0.6195986,0.19667852,-0.75987834,-0.7044797,0.2875641,0.64885694,0.34612995,0.93734974,-0.039618313
1356444140443,-0.66399264,0.23526113,-0.70976466,-0.6609926,0.25909036,0.70424485,0.34957463,0.9367627,-0.01652819
1356444140483,-0.68625563,0.24950196,-0.68322897,-0.64295465,0.23111582,0.73020184,0.34009182,0.94039047,0.0018139482
1356444140523,-0.687683,0.24437734,-0.68364596,-0.6497822,0.21285915,0.72970825,0.32384443,0.9460289,0.012412429
1356444140565,-0.66698366,0.22523099,-0.71021396,-0.6795402,0.20701051,0.7038265,0.30554527,0.9520597,0.014980853
1356444140605,-0.6189573,0.1935955,-0.7611917,-0.731341,0.2113505,0.6484376,0.28641286,0.95804584,0.0107674
1356444140645,-0.5364696,0.14901653,-0.83065903,-0.8010504,0.21980643,0.5567795,0.26555356,0.964095,0.0014503002
1356444140686,-0.41664594,0.09477064,-0.9041154,-0.8761865,0.22320628,0.42717227,0.24228758,0.97015333,-0.009961188
1356444140725,-0.275038,0.044329554,-0.96041083,-0.9363971,0.21413004,0.27804467,0.21797839,0.9757987,-0.017383814
1356444140765,-0.14187512,0.018458247,-0.9897124,-0.96960926,0.19873258,0.14269969,0.19932204,0.97987986,-0.010297835
1356444140805,-0.040320277,0.030310899,-0.998727,-0.97964835,0.1955005,0.04548335,0.1966303,0.9802351,0.021811366
1356444140845,0.028193802,0.07446092,-0.9968253,-0.9767485,0.2140722,-0.0116351545,0.21252614,0.97397566,0.078765154
1356444140885,0.07674101,0.12818116,-0.9887772,-0.96890646,0.2435508,-0.04362586,0.2352255,0.9613806,0.14288592
1356444140925,0.11944574,0.16439515,-0.9791359,-0.96056515,0.26854688,-0.07209173,0.25109243,0.9491348,0.18998894
