1356443796232,-0.11667046,-0.09207517,-0.9888934,-0.8980743,0.43494567,0.06545806,0.42408785,0.8957368,-0.13343567
1356443796252,0.7820865,-0.28794974,0.5526533,0.45660663,-0.33873713,-0.8226588,0.42408863,0.8957355,-0.13344195
1356443796280,0.7821082,-0.28795075,0.552622,0.45656806,-0.3387487,-0.8226754,0.42409003,0.8957308,-0.13346899
1356443796315,0.7821934,-0.28795663,0.55249834,0.45642576,-0.3387726,-0.82274455,0.42408606,0.8957198,-0.13355488
1356443796354,0.78248376,-0.28796852,0.5520809,0.45597488,-0.33879358,-0.82298595,0.4240355,0.89570814,-0.13379407
1356443796394,0.783177,-0.28814703,0.55100363,0.4549294,-0.33854932,-0.82366467,0.42387843,0.895743,-0.13405746
1356443796435,0.78439826,-0.28872517,0.5489601,0.45311704,-0.33764464,-0.8250339,0.42356154,0.89589834,-0.13402155
1356443796477,0.7862765,-0.28984237,0.54567456,0.45038128,-0.33574778,-0.827303,0.42299646,0.89625055,-0.13345101
1356443796514,0.78906184,-0.29155013,0.5407217,0.4462938,-0.33279485,-0.8307042,0.4221413,0.8967978,-0.13247871
1356443796555,0.7927004,-0.2936613,0.5342182,0.44086027,-0.32908702,-0.83507115,0.42103237,0.89747685,-0.1314038
1356443796595,0.79686975,-0.2958898,0.52673316,0.43452376,-0.3250432,-0.83996195,0.4197472,0.89821833,-0.13044596
1356443796634,0.8011242,-0.29793227,0.5190726,0.42800868,-0.32102603,-0.84483784,0.41834024,0.8989876,-0.12966412
1356443796675,0.80499125,-0.29956308,0.5121045,0.42217717,-0.317224,-0.84919685,0.41683987,0.8997949,-0.12889385
1356443796717,0.8079359,-0.30072582,0.506758,0.4179833,-0.31371492,-0.8525685,0.41536686,0.90063703,-0.12776318
1356443796753,0.80937505,-0.3015181,0.503983,0.4163544,-0.31063512,-0.854491,0.41419935,0.9014392,-0.12588191
1356443796793,0.80879,-0.30211398,0.504565,0.4179251,-0.30836332,-0.854547,0.41375995,0.9020195,-0.123140156
1356443796834,0.80600107,-0.30263895,0.50869626,0.4226573,-0.30740595,-0.8525622,0.41439477,0.9021703,-0.11985695
1356443796875,0.8028956,-0.30415675,0.5126864,0.42679355,-0.3071385,-0.85059583,0.41618016,0.9017509,-0.11678803
1356443796916,0.7956561,-0.30293292,0.5245599,0.4375527,-0.3114364,-0.8435372,0.41890225,0.90068805,-0.11524716
1356443796955,0.7896873,-0.30177805,0.5341573,0.44485638,-0.31791586,-0.83727676,0.42248884,0.8988101,-0.11680621
1356443796995,0.7851866,-0.30045816,0.54148585,0.44828948,-0.32746273,-0.83174795,0.42722195,0.8958197,-0.122427106
1356443797035,0.78158367,-0.29908752,0.54742455,0.44864172,-0.34021294,-0.8264234,0.43341386,0.89151657,-0.13172174
1356443797075,0.77779347,-0.29796556,0.553402,0.44744304,-0.3558473,-0.82046777,0.44139773,0.8857704,-0.14345309
1356443797115,0.7722896,-0.2974916,0.56130886,0.44696015,-0.3734349,-0.8128795,0.45143715,0.878661,-0.155433
1356443797155,0.7633925,-0.29802224,0.57307476,0.44974884,-0.39157206,-0.8027436,0.4636355,0.8705482,-0.16488802
1356443797195,0.7499694,-0.29952082,0.58977383,0.45769307,-0.40873367,-0.78959095,0.47755936,0.8621044,-0.16944912
1356443797235,0.7318884,-0.3014691,0.61111027,0.4712155,-0.42391425,-0.7734679,0.49223503,0.85405684,-0.16820103
1356443797275,0.70810235,-0.3036478,0.6374865,0.49092564,-0.43720305,-0.7535553,0.50752646,0.8465527,-0.16051602
1356443797314,0.6785222,-0.3052331,0.6681619,0.5157182,-0.44979352,-0.72919166,0.5231083,0.83935606,-0.14778063
1356443797353,0.639482,-0.3071721,0.70477515,0.5467961,-0.4626952,-0.6978017,0.54044133,0.83159995,-0.1279248
1356443797393,0.58915704,-0.30861247,0.74676126,0.58412355,-0.4758923,-0.65751517,0.5582953,0.8235805,-0.10010749
1356443797434,0.5313926,-0.3078189,0.7892208,0.6243124,-0.48741144,-0.6104622,0.572587,0.8171154,-0.06683165
1356443797475,0.47488403,-0.30337557,0.8261044,0.66255665,-0.4945848,-0.5624985,0.579227,0.8144625,-0.03386691
1356443797514,0.4288268,-0.29540724,0.8537226,0.69518495,-0.49559182,-0.520679,0.57691026,0.81677616,-0.0071603693
1356443797555,0.39899147,-0.2855764,0.87135065,0.72019,-0.49058825,-0.49056035,0.5675669,0.8232674,0.009928759
1356443797595,0.38745886,-0.27619943,0.8795394,0.73658884,-0.4809559,-0.47551897,0.55435777,0.832103,0.017094824
1356443797634,0.39425904,-0.26921535,0.8786825,0.74406314,-0.46766102,-0.47714067,0.5393791,0.84191227,0.0159336
1356443797675,0.4185645,-0.26538634,0.86854696,0.74266577,-0.4504382,-0.495533,0.5227344,0.85245264,0.008555915
1356443797715,0.4577865,-0.2642547,0.8488822,0.7327419,-0.42859888,-0.5285758,0.50350857,0.8639864,-0.0025763214
1356443797755,0.50557554,-0.26477075,0.8211515,0.7161204,-0.40205452,-0.5705467,0.4812118,0.8764978,-0.013661146
1356443797795,0.5487144,-0.26733696,0.7921133,0.69934577,-0.37237135,-0.61012703,0.45806983,0.88874656,-0.017364498
1356443797835,0.5670502,-0.275682,0.7761788,0.6959832,-0.34361267,-0.63050586,0.44052404,0.8977359,-0.0029755794
1356443797875,0.5409806,-0.29435033,0.7878438,0.719371,-0.3233556,-0.61477363,0.43571246,0.89933264,0.03681797
1356443797914,0.46487376,-0.3206271,0.82528216,0.7660186,-0.3217573,-0.55649585,0.44396824,0.89088184,0.09602985
1356443797955,0.36112362,-0.34194088,0.86756337,0.8124155,-0.3413583,-0.47271103,0.45778918,0.875529,0.15452546
1356443797995,0.27097017,-0.34755406,0.89765316,0.8402033,-0.36965674,-0.39675206,0.46971637,0.8617192,0.19185019
1356443798035,0.2229492,-0.33657172,0.91488427,0.8499427,-0.3924772,-0.35150984,0.4773795,0.855968,0.19856417
1356443798075,0.21986538,-0.31317797,0.9238933,0.84805596,-0.40671355,-0.3396841,0.48214144,0.8581979,0.1761702
1356443798115,0.2460503,-0.28172883,0.92740935,0.83876,-0.41761786,-0.34939507,0.48573738,0.8638427,0.13354793
1356443798155,0.28004158,-0.24611577,0.9279029,0.8262372,-0.43034583,-0.3635032,0.48878294,0.8684639,0.08283525
1356443798195,0.3080579,-0.20944095,0.9280274,0.814505,-0.4460029,-0.3710299,0.49161172,0.8701816,0.033195905
1356443798235,0.32414913,-0.17339,0.9299802,0.80636644,-0.4634053,-0.3674625,0.49467212,0.8690175,-0.01039654
1356443798273,0.328278,-0.13875633,0.9343341,0.8024063,-0.48092628,-0.35334674,0.498375,0.86571157,-0.046538524
1356443798312,0.31843585,-0.105508626,0.9420544,0.80360526,-0.49707884,-0.32730895,0.5028093,0.8612668,-0.073500395
1356443798353,0.29396737,-0.076132864,0.9527786,0.8082694,-0.5122677,-0.2903143,0.5101801,0.85544467,-0.08905412
1356443798393,0.25072342,-0.051128417,0.96670765,0.8149177,-0.52787966,-0.23927456,0.52253896,0.84777886,-0.09068635
1356443798435,0.19049203,-0.03126684,0.9811907,0.82090604,-0.5430451,-0.17667857,0.538355,0.8391212,-0.07777862
1356443798475,0.12235719,-0.016427398,0.99235016,0.82547134,-0.5534336,-0.11094248,0.55102247,0.83273125,-0.0541562
1356443798514,0.058356225,-0.00581336,0.9982789,0.830706,-0.5542973,-0.0517883,0.55364436,0.8322984,-0.027517512
1356443798555,0.0078369975,0.001327306,0.9999684,0.838217,-0.54530555,-0.005845487,0.5452806,0.83823633,-0.005386129
1356443798595,-0.02317357,0.005513102,0.9997162,0.847445,-0.5304032,0.022568911,0.5303772,0.84772754,0.0076193362
1356443798634,-0.031054676,0.0068979263,0.99949384,0.8574786,-0.51363325,0.03018701,0.5135815,0.85798204,0.010035932
1356443798675,-0.014365673,0.005060464,0.99988395,0.86771023,-0.4968444,0.01498124,0.4968626,0.8678248,0.0027464926
1356443798714,0.026681483,-5.7193637E-4,0.99964386,0.8769934,-0.47991848,-0.023682415,0.47976106,0.87731296,-0.012303412
1356443798755,0.08941436,-0.010801226,0.9959359,0.8828666,-0.4620005,-0.08427364,0.4610331,0.8868139,-0.031773433
1356443798795,0.16491354,-0.026524007,0.9859513,0.88245827,-0.44252098,-0.15950766,0.44053492,0.8963659,-0.049571395
1356443798854,0.2335254,-0.049756497,0.97107685,0.8759409,-0.4227994,-0.23231068,0.42212963,0.90485644,-0.055150703
1356443798875,0.26563752,-0.082879335,0.96050394,0.8708222,-0.406848,-0.27594098,0.41364887,0.9097284,-0.03590098
1356443798914,0.23973769,-0.124362886,0.96283937,0.87553126,-0.40083444,-0.26977164,0.41948876,0.90767044,0.01278846
1356443798950,0.16814464,-0.16342974,0.9721204,0.8853706,-0.40854985,-0.22182387,0.43341222,0.8979854,0.07600044
1356443798980,0.09192681,-0.18767434,0.9779202,0.8906804,-0.42362195,-0.1650241,0.44523922,0.8861844,0.12821563
1356443799010,0.03870094,-0.19766146,0.97950613,0.8905485,-0.43779373,-0.12353164,0.45323908,0.8770785,0.15908407
1356443799040,0.017604291,-0.19558889,0.98052794,0.888823,-0.44607377,-0.104937494,0.4579124,0.87336314,0.1659911
1356443799084,0.044675946,-0.18238577,0.9822115,0.88700056,-0.4450872,-0.12299299,0.45960197,0.87671703,0.14189161
1356443799123,0.076084495,-0.16029492,0.9841324,0.88446116,-0.4448523,-0.14083603,0.4603689,0.8811424,0.107928336
1356443799163,0.09217316,-0.13559887,0.98646694,0.88184965,-0.44896847,-0.1441128,0.4624341,0.88319886,0.078194976
1356443799205,0.089919865,-0.111178815,0.98972404,0.87956417,-0.4573093,-0.13128245,0.4672058,0.88233066,0.0566677
1356443799282,0.077720225,-0.08783254,0.9930986,0.8769269,-0.46786463,-0.11000788,0.4742981,0.8794248,0.040660217
1356443799284,0.064836204,-0.06575507,0.9957272,0.87357706,-0.47857422,-0.088486195,0.48234776,0.8755815,0.026413217
1356443799310,0.053729296,-0.04547444,0.99751955,0.87029684,-0.48765504,-0.06910771,0.48958808,0.87185127,0.013374925
1356443799342,0.046859324,-0.028158486,0.9985045,0.8667315,-0.49577117,-0.054656327,0.4965688,0.8679965,0.0011743754
1356443799387,0.042324007,-0.013569713,0.99901175,0.8612255,-0.50636953,-0.043364644,0.50645757,0.8622098,-0.009745002
1356443799424,0.0339123,-0.002259016,0.9994223,0.8528367,-0.5213084,-0.030116707,0.52107525,0.8533653,-0.015752196
1356443799463,0.018942297,0.0048241317,0.9998089,0.84231627,-0.5388179,-0.013358653,0.5386505,0.8424084,-0.0142698735
1356443799505,1.8322468E-4,0.00800851,0.99996793,0.83347356,-0.5525428,0.0042724907,0.55255926,0.833446,-0.0067761242
1356443799545,-0.016864955,0.008178949,0.9998243,0.83033085,-0.5569614,0.018562138,0.5570154,0.83049804,0.0026019216
1356443799585,-0.02646327,0.0059227347,0.99963224,0.8332857,-0.55226195,0.025331676,0.5522089,0.8336496,0.009679332
1356443799625,-0.024314642,0.0013191402,0.9997035,0.84025645,-0.5417764,0.021151483,0.5416436,0.84052163,0.01206468
1356443799665,-0.0066524744,-0.0062714815,0.9999582,0.8488327,-0.5286564,0.0023314357,0.5286197,0.84881276,0.008840278
1356443799705,0.029100358,-0.017694026,0.9994199,0.85705674,-0.5140953,-0.034056842,0.51439965,0.8575506,2.0436943E-4
1356443799745,0.08430141,-0.033446908,0.99587876,0.8628004,-0.49751496,-0.08974546,0.4984663,0.8668103,-0.013083175
1356443799785,0.1576531,-0.053889334,0.98602307,0.86314005,-0.4775548,-0.16410547,0.4797236,0.8769477,-0.028773919
1356443799825,0.23980933,-0.079251826,0.96757984,0.855745,-0.45341492,-0.24922964,0.45846704,0.8877691,-0.040913776
1356443799865,0.30841738,-0.110124856,0.9448551,0.84391713,-0.4266724,-0.32519907,0.4389561,0.8976765,-0.03865692
1356443799905,0.3336199,-0.14678642,0.9312097,0.8398553,-0.40238625,-0.36431894,0.42818305,0.9036255,-0.010964721
1356443799945,0.29849857,-0.18535852,0.9362376,0.852787,-0.388669,-0.34884182,0.42854738,0.9025401,0.042054236
1356443799985,0.22020745,-0.21557528,0.9513338,0.8733123,-0.3909008,-0.29072696,0.4345507,0.8948317,0.102185294
1356443800025,0.14427346,-0.22871983,0.9627422,0.8862804,-0.40284705,-0.22852,0.44010487,0.8862288,0.14458972
1356443800065,0.10993981,-0.22529024,0.96806896,0.8893351,-0.41263026,-0.19702613,0.44384265,0.88259876,0.15499406
1356443800105,0.12088376,-0.21041808,0.97010887,0.8864014,-0.41704577,-0.20091093,0.44685516,0.8841928,0.13610089
1356443800145,0.15315062,-0.18823493,0.97010946,0.8798295,-0.42100042,-0.22058687,0.44993874,0.88731396,0.101138234
1356443800185,0.1792329,-0.16110414,0.9705262,0.8728381,-0.42910773,-0.23242271,0.45390454,0.88877,0.06370759
1356443800225,0.18649167,-0.13062704,0.9737338,0.8680305,-0.4423071,-0.22558293,0.46015653,0.8872999,0.030901581
1356443800273,0.17919981,-0.098597854,0.9788595,0.8644829,-0.45917743,-0.20451254,0.4696347,0.88285583,0.0029516667
1356443800305,0.16692829,-0.0669882,0.98369074,0.860214,-0.47766966,-0.17850348,0.4818369,0.8759818,-0.02211234
1356443800345,0.15432388,-0.037314802,0.9873154,0.85493803,-0.4958462,-0.15237254,0.4952424,0.86760825,-0.044619054
1356443800385,0.1396355,-0.010632455,0.99014586,0.84925336,-0.5129085,-0.12527382,0.5091862,0.8583774,-0.0625906
1356443800425,0.117004454,0.0124394,0.9930535,0.84322405,-0.52950597,-0.09271827,0.52467436,0.8482151,-0.07244381
1356443800465,0.07990575,0.031652033,0.9962998,0.83621883,-0.5461377,-0.049716294,0.54254323,0.8370972,-0.070107564
1356443800505,0.028934717,0.046783745,0.9984859,0.82753026,-0.5614164,0.002324313,0.560675,0.82621,-0.05495943
1356443800545,-0.025192618,0.05751857,0.9980265,0.8184706,-0.57204,0.053628206,0.5739957,0.8182064,-0.032666057
1356443800585,-0.068772435,0.06346026,0.9956119,0.8126297,-0.5753436,0.09280524,0.5787084,0.81544626,-0.012001902
1356443800625,-0.0924595,0.06394017,0.99366134,0.81258124,-0.571905,0.11241114,0.5754675,0.81782407,9.215474E-4
1356443800665,-0.091980696,0.057860285,0.9940783,0.81858695,-0.56402785,0.10857198,0.5669699,0.82372606,0.0045160353
1356443800705,-0.06602204,0.043777645,0.99685735,0.8293913,-0.5530233,0.07921708,0.55475324,0.8320149,2.0286441E-4
1356443800745,-0.0131828785,0.02061367,0.9997006,0.8426722,-0.53796875,0.022204995,0.5382654,0.8427127,-0.010278568
1356443800785,0.06914276,-0.013095915,0.9975208,0.85335356,-0.51714563,-0.06593913,0.5167271,0.8557972,-0.024581388
1356443800825,0.17922956,-0.056171656,0.9822024,0.85347736,-0.48770458,-0.18363175,0.4893395,0.8711997,-0.039469853
1356443800865,0.30374146,-0.10533792,0.9469135,0.8354104,-0.44839424,-0.31785554,0.4580727,0.8876073,-0.04819557
1356443800905,0.408865,-0.15515172,0.89930946,0.80473185,-0.40345034,-0.43547052,0.43039066,0.9017516,-0.0401012
1356443800945,0.45485476,-0.20171466,0.8674205,0.7875073,-0.36372247,-0.49753216,0.41585988,0.9094049,-0.0065891147
1356443800985,0.4221945,-0.24285236,0.87336963,0.8046609,-0.34328368,-0.48443484,0.41745967,0.9072921,0.05048129
1356443801025,0.33866596,-0.27257332,0.9005605,0.8381146,-0.34761018,-0.42039397,0.42763212,0.8971461,0.11072392
1356443801065,0.2616021,-0.28635517,0.92171854,0.859319,-0.36572528,-0.35751358,0.43947166,0.8855765,0.1503959
1356443801105,0.23150027,-0.28589645,0.9298768,0.86208856,-0.3826269,-0.33226487,0.4507892,0.87855554,0.15788984
1356443801145,0.24482173,-0.27450794,0.9298966,0.85244876,-0.39600784,-0.34133396,0.46194527,0.87625515,0.13705266
1356443801186,0.27328146,-0.25370926,0.9278733,0.8378156,-0.41116154,-0.35918155,0.47263342,0.8755444,0.10019865
1356443801225,0.2956484,-0.22581157,0.92822474,0.82500124,-0.42952454,-0.36726227,0.4816274,0.8743671,0.059306584
1356443801278,0.30561745,-0.19370753,0.93224216,0.81760854,-0.4483829,-0.3612051,0.48796952,0.8725997,0.021343261
1356443801305,0.3056664,-0.16010919,0.9385804,0.81523776,-0.46524954,-0.34486285,0.4918898,0.8705791,-0.01168412
1356443801345,0.29808187,-0.12713566,0.94603574,0.8163227,-0.4797278,-0.32168075,0.4947368,0.8681576,-0.039214432
1356443801385,0.28297895,-0.09683761,0.95422506,0.8191798,-0.49306583,-0.29296866,0.4988661,0.8645859,-0.060199887
1356443801425,0.25797254,-0.070638,0.96356654,0.82241404,-0.50733954,-0.2573747,0.50703585,0.85884625,-0.07278599
1356443801465,0.22073418,-0.049624145,0.9740708,0.8243659,-0.52424353,-0.21351719,0.52124584,0.85012126,-0.07481003
1356443801505,0.17161316,-0.034020126,0.9845768,0.8233017,-0.54390645,-0.16229627,0.541039,0.8384559,-0.065332696
1356443801545,0.11734319,-0.023107976,0.9928225,0.8188454,-0.5633966,-0.10989362,0.5618923,0.8258634,-0.047188893
1356443801585,0.067952454,-0.01579529,0.99756354,0.8138919,-0.57741576,-0.06458375,0.57702905,0.81629753,-0.026381165
1356443801625,0.031054199,-0.011419207,0.9994524,0.8123342,-0.5823194,-0.031893432,0.58236474,0.81287986,-0.008807227
1356443801665,0.010248303,-0.010071546,0.9998967,0.81584823,-0.578092,-0.014184803,0.5781751,0.8159094,0.0022923946
1356443801705,0.007849336,-0.012504309,0.99989104,0.82328176,-0.567471,-0.01355955,0.5675787,0.82329845,0.0058402866
1356443801749,0.027276814,-0.019004941,0.9994472,0.83375883,-0.55112755,-0.033234805,0.55145454,0.83420455,8.125752E-4
1356443801783,0.06848687,-0.032924026,0.99710864,0.84275293,-0.532982,-0.07548368,0.53392607,0.84548587,-0.00875552
1356443801823,0.12820655,-0.049370944,0.9905178,0.84883845,-0.51103455,-0.13534021,0.5128707,0.8581411,-0.023609996
1356443801863,0.20790094,-0.071685046,0.9755196,0.84745264,-0.48483628,-0.21623531,0.4884681,0.87166226,-0.040048227
1356443801903,0.29268873,-0.09980947,0.9509844,0.83596253,-0.45611888,-0.30515933,0.46421975,0.88430405,-0.050063893
1356443801943,0.35414565,-0.13429818,0.9254971,0.8207079,-0.42982262,-0.37641883,0.44835192,0.89286983,-0.04200025
1356443801983,0.36456078,-0.17434433,0.9147128,0.8164636,-0.41249388,-0.40402475,0.44775286,0.8941213,-0.008033268
1356443802023,0.32226014,-0.21372136,0.92221016,0.82790196,-0.40877116,-0.3840372,0.45904976,0.88725954,0.045209654
1356443802063,0.2576931,-0.24231929,0.93534786,0.843525,-0.41569763,-0.34008965,0.47123224,0.87662804,0.09728002
1356443802105,0.21215975,-0.25457108,0.9434945,0.8531759,-0.42254144,-0.30585915,0.47652835,0.8698577,0.12754756
1356443802145,0.20805603,-0.25209987,0.9450705,0.85506237,-0.42229593,-0.30088934,0.47495365,0.87069607,0.12769994
1356443802185,0.23652256,-0.23869267,0.9418508,0.8498285,-0.4190861,-0.3196221,0.4710081,0.8760094,0.10372458
1356443802225,0.27320313,-0.21794456,0.936942,0.83993584,-0.42072314,-0.34278262,0.4689008,0.88062036,0.068116516
1356443802279,0.2978655,-0.19257927,0.934981,0.83073175,-0.43021816,-0.35326648,0.47027755,0.8819443,0.031834513
1356443802305,0.3065946,-0.16457316,0.93750495,0.82510734,-0.44509977,-0.34797147,0.47454995,0.8802284,-6.746948E-4
1356443802345,0.30407673,-0.13517192,0.94300896,0.82278144,-0.46167892,-0.33148646,0.48017496,0.87668765,-0.029168874
1356443802385,0.2945537,-0.10563967,0.9497781,0.8228197,-0.4774204,-0.30828157,0.4860102,0.8723016,-0.053703547
1356443802425,0.27797008,-0.07751036,0.9574574,0.8245991,-0.49200392,-0.27922833,0.49271592,0.86713564,-0.07284738
1356443802465,0.250535,-0.05206147,0.9667067,0.82743394,-0.5068688,-0.24173775,0.5025787,0.8604497,-0.08391091
1356443802505,0.2078253,-0.030372232,0.9776943,0.8299203,-0.5235528,-0.1926777,0.51772666,0.85145164,-0.08360098
1356443802545,0.15117651,-0.012716353,0.988425,0.8305544,-0.54058045,-0.1339854,0.5360271,0.8411962,-0.071161404
1356443802585,0.089309275,8.6057186E-4,0.99600357,0.8295163,-0.5535713,-0.07390243,0.55129534,0.83280134,-0.050152913
1356443802625,0.033462703,0.010490477,0.9993849,0.829331,-0.558328,-0.021907955,0.55775476,0.82955396,-0.027383223
1356443802665,-0.008493245,0.015862525,0.99983805,0.8323277,-0.5540568,0.015860468,0.5542187,0.8323277,-0.008497089
1356443802705,-0.030800581,0.016162455,0.9993948,0.838572,-0.5436885,0.034636855,0.5439193,0.8391314,0.0031925887
1356443802745,-0.029588759,0.010487735,0.9995071,0.84748375,-0.5299357,0.030648917,0.529996,0.84797287,0.006792009
1356443802785,-0.001953423,-0.0021874309,0.9999957,0.8578708,-0.51386505,5.517304E-4,0.51386166,0.8578682,0.0028803498
1356443802825,0.053820312,-0.022481084,0.9982976,0.8669779,-0.4949733,-0.057887137,0.49543193,0.86861736,-0.0071490556
1356443802865,0.13583654,-0.05023265,0.989457,0.8698038,-0.47210604,-0.14337793,0.4743309,0.8801094,-0.02043666
1356443802905,0.23145878,-0.08448008,0.96916974,0.86132646,-0.4453376,-0.24452245,0.452265,0.8913684,-0.030312374
1356443802945,0.31181693,-0.12384352,0.9420365,0.8447908,-0.41763252,-0.33453175,0.43485472,0.9001365,-0.025602981
1356443802985,0.34407628,-0.16706395,0.92395955,0.83550465,-0.3945225,-0.3824711,0.4284199,0.9035717,0.0038368255
1356443803025,0.31888252,-0.21020901,0.9241894,0.8434851,-0.38176805,-0.37787035,0.4322577,0.90003633,0.055569045
1356443803065,0.26363623,-0.24492437,0.93301016,0.859209,-0.38003057,-0.34254444,0.43846983,0.8919579,0.1102514
1356443803105,0.22214371,-0.26490858,0.9383367,0.8692825,-0.3820569,-0.31365696,0.44158834,0.88535655,0.14540876
1356443803145,0.22072387,-0.27034745,0.9371196,0.8690654,-0.3816203,-0.31478754,0.44272587,0.88389945,0.15071693
1356443803185,0.25588065,-0.26443177,0.9298392,0.85822123,-0.38058168,-0.34440374,0.444951,0.886134,0.12955746
1356443803225,0.3059429,-0.25062805,0.9184686,0.8395156,-0.3839721,-0.3844203,0.44901288,0.8886794,0.09293262
1356443803280,0.3529234,-0.23223796,0.9063722,0.818053,-0.39358467,-0.41938108,0.45413038,0.8894699,0.051077694
1356443803305,0.3874243,-0.2117095,0.89726335,0.7989192,-0.40856743,-0.44136238,0.46003324,0.8878354,0.010849863
1356443803345,0.40898547,-0.19074035,0.8923839,0.78389245,-0.42719606,-0.4505731,0.4671654,0.8838109,-0.02519703
1356443803385,0.41860348,-0.17029157,0.8920605,0.77368057,-0.4475265,-0.4484846,0.4755938,0.8779071,-0.055584915
1356443803425,0.41592982,-0.15134436,0.8967147,0.7686641,-0.4684166,-0.4355929,0.48596063,0.87044847,-0.07849541
1356443803465,0.39793736,-0.13466811,0.90747476,0.7690762,-0.4903192,-0.41001087,0.5001676,0.8610758,-0.091546305
1356443803505,0.36185926,-0.12072036,0.9243833,0.7739955,-0.5137778,-0.3700856,0.51960444,0.8493874,-0.092478245
1356443803545,0.3103934,-0.10940471,0.94429153,0.7813003,-0.5364931,-0.3189749,0.54150325,0.836783,-0.08104599
1356443803585,0.253735,-0.10050288,0.9620383,0.7895913,-0.5529723,-0.26602086,0.5587164,0.8271159,-0.060952246
1356443803625,0.20459086,-0.09452084,0.9742733,0.7990893,-0.5587204,-0.22200862,0.56533074,0.8239523,-0.038778543
1356443803665,0.17187482,-0.09294382,0.98072445,0.80991316,-0.55340296,-0.19438598,0.5608028,0.8277117,-0.01983963
1356443803706,0.16237825,-0.09796083,0.98185384,0.8197141,-0.5405196,-0.18949199,0.5492741,0.83560884,-0.007468745
1356443803745,0.18103188,-0.11119917,0.97717047,0.8256676,-0.52263093,-0.21243814,0.5343225,0.8452761,-0.0027993172
1356443803785,0.23160458,-0.1336968,0.963579,0.8237985,-0.49987233,-0.2673645,0.51741225,0.8557178,-0.005633503
1356443803825,0.31459546,-0.16482568,0.934806,0.8078619,-0.47057712,-0.35484684,0.49838617,0.86682737,-0.014885038
1356443803865,0.42251694,-0.2016393,0.88364077,0.7707122,-0.43311083,-0.4673518,0.47695088,0.87849677,-0.027590781
1356443803905,0.53444767,-0.23936296,0.8105992,0.7125864,-0.38813815,-0.58443934,0.45451763,0.8899742,-0.03687274
1356443803945,0.6225194,-0.27678865,0.73202306,0.6495642,-0.33896735,-0.68056417,0.4365043,0.89916027,-0.031221744
1356443803985,0.66864157,-0.31671974,0.67276084,0.6074414,-0.28917632,-0.7398594,0.4288746,0.9033635,-9.666085E-4
1356443804071,0.6633523,-0.36578408,0.65281373,0.6090832,-0.24287462,-0.75500315,0.43471998,0.8984509,0.06168145
1356443804076,0.65562683,-0.40832382,0.6351576,0.61328715,-0.20275104,-0.7633942,0.440491,0.8900357,0.1174908
1356443804112,0.6633505,-0.4327026,0.6105199,0.60400766,-0.1720196,-0.7781927,0.44174743,0.8849732,0.14724642
1356443804153,0.6948434,-0.43572253,0.5721351,0.5696469,-0.15213832,-0.8076859,0.43897054,0.8871302,0.14249566
1356443804193,0.73228574,-0.42414197,0.53278625,0.5233982,-0.14998636,-0.83878386,0.43567413,0.8930888,0.11216229
1356443804233,0.7608359,-0.40815848,0.504515,0.48163414,-0.16588122,-0.8605301,0.4349222,0.89771384,0.07037467
1356443804281,0.77612627,-0.39394182,0.49237978,0.45347387,-0.19388741,-0.8699247,0.43816602,0.8984528,0.028161228
1356443804315,0.7805887,-0.38255107,0.49430346,0.43917048,-0.22704692,-0.8692404,0.44475895,0.8956027,-0.0092251
1356443804355,0.7786017,-0.37299374,0.50463355,0.43386087,-0.2610256,-0.8623401,0.45336974,0.89036024,-0.041407585
1356443804395,0.77257305,-0.36476088,0.5196926,0.43454015,-0.29302347,-0.85165256,0.46293166,0.88379115,-0.06787878
1356443804435,0.7613418,-0.35929197,0.53969246,0.44172847,-0.32186773,-0.8374229,0.4745889,0.87596256,-0.08634186
1356443804475,0.74049675,-0.3587558,0.56829464,0.45876935,-0.34809738,-0.8175322,0.4911163,0.86609614,-0.09317881
1356443804515,0.7057514,-0.36368552,0.6079867,0.48792222,-0.37269828,-0.7893212,0.5136602,0.8537147,-0.08558208
1356443804555,0.6585699,-0.3713198,0.6545283,0.5258865,-0.39504677,-0.7532473,0.53826493,0.84027356,-0.06489384
1356443804595,0.6094235,-0.37735933,0.6972826,0.5642827,-0.41135547,-0.71580154,0.5569454,0.82969075,-0.03775236
1356443804634,0.5717219,-0.37997103,0.72715616,0.5956473,-0.41726497,-0.6863631,0.56421494,0.8255373,-0.012230784
1356443804675,0.5536488,-0.38044074,0.74076843,0.6160804,-0.41137174,-0.67172796,0.5602838,0.8282743,0.0066265473
1356443804715,0.5573771,-0.38104597,0.7376549,0.62255543,-0.39601937,-0.6749765,0.5493227,0.8354475,0.016490132
1356443804755,0.5819699,-0.38267216,0.7175466,0.61287767,-0.3735606,-0.69629997,0.5345017,0.8449939,0.017130136
1356443804795,0.62408,-0.384504,0.68020654,0.5859023,-0.34567428,-0.7329583,0.51695526,0.8559592,0.009553344
1356443804835,0.67738265,-0.3843726,0.62722445,0.5428651,-0.314206,-0.7788274,0.49643758,0.8680624,-0.0041752453
1356443804875,0.7327748,-0.38033837,0.56425506,0.4895699,-0.2812485,-0.8253609,0.47261232,0.88104594,-0.019889593
1356443804915,0.7786545,-0.37458178,0.5033743,0.43912128,-0.24771918,-0.8636016,0.44818488,0.89348966,-0.028400838
1356443804955,0.80498886,-0.3744038,0.4602332,0.40899786,-0.21174358,-0.887629,0.42978317,0.9027659,-0.017320842
1356443804995,0.80838704,-0.38660416,0.44390044,0.41011629,-0.17106414,-0.89584684,0.4222736,0.9062418,0.020266652
1356443805035,0.79405975,-0.40904105,0.44961596,0.4366678,-0.13068168,-0.8900807,0.42283607,0.90311,0.07484597
1356443805075,0.77399355,-0.4303854,0.4644377,0.46959865,-0.1018583,-0.87698454,0.4247482,0.89687973,0.12327075
1356443805115,0.76005375,-0.43966678,0.47855127,0.4916499,-0.0925241,-0.86586356,0.42496896,0.89338255,0.14583883
1356443805155,0.7555083,-0.43416294,0.4906218,0.49874005,-0.104445204,-0.8604357,0.42481238,0.89475906,0.13762522
1356443805195,0.754726,-0.41870612,0.5050484,0.49839777,-0.1346602,-0.8564265,0.42660093,0.89808226,0.10705066
1356443805235,0.7506693,-0.3994551,0.52624255,0.5002748,-0.1765867,-0.84766877,0.43153304,0.8995848,0.0672791
1356443805282,0.7397126,-0.37968034,0.55557907,0.50950235,-0.22332409,-0.8309835,0.43958235,0.89775777,0.028252393
1356443805315,0.7219744,-0.35978302,0.5910238,0.5254701,-0.27061093,-0.80662936,0.45014906,0.89293104,-0.0063189273
1356443805355,0.6995115,-0.33900645,0.62909317,0.5452461,-0.31586164,-0.77649087,0.46194184,0.886175,-0.036106884
1356443805395,0.67438114,-0.3173406,0.66671205,0.566412,-0.35692963,-0.74281806,0.4736956,0.8785762,-0.060961068
1356443805435,0.64641523,-0.296566,0.7029907,0.5881749,-0.39319727,-0.7067151,0.48600167,0.8703129,-0.079736024
1356443805475,0.6123427,-0.27906737,0.7397012,0.61147654,-0.42588815,-0.6668702,0.5011317,0.860663,-0.09014636
1356443805515,0.5682125,-0.2662122,0.77863055,0.6373508,-0.45613825,-0.6210651,0.52049834,0.84915775,-0.089512914
1356443805555,0.5142617,-0.25677773,0.81829095,0.6653935,-0.48251867,-0.5695852,0.5410974,0.8374013,-0.07728267
1356443805595,0.4577151,-0.24764512,0.8539138,0.69389474,-0.50098026,-0.5172319,0.5558839,0.82927114,-0.057466563
1356443805634,0.40786016,-0.23675948,0.88181347,0.72112334,-0.5088527,-0.4701597,0.5600279,0.82765573,-0.036808018
1356443805675,0.37016422,-0.22456625,0.9014147,0.7454256,-0.5072515,-0.43247736,0.5543638,0.8320252,-0.020368904
1356443805715,0.34666783,-0.21273279,0.91354597,0.76455826,-0.500132,-0.40659392,0.54338944,0.8394121,-0.010733031
1356443805754,0.3388397,-0.20294788,0.9186947,0.7772149,-0.48990333,-0.39488214,0.530212,0.8478249,-0.008264631
1356443805795,0.34790206,-0.19587025,0.91684186,0.78325284,-0.4767272,-0.39905676,0.51524675,0.8569516,-0.012438469
1356443805835,0.37305325,-0.19171098,0.90778756,0.7828779,-0.46004802,-0.4188771,0.49792922,0.8669503,-0.021536142
1356443805875,0.40999815,-0.18989056,0.89210033,0.77715594,-0.4392365,-0.45066607,0.4774203,0.87807333,-0.03251154
1356443805915,0.44871658,-0.19119427,0.87298226,0.7693336,-0.41440797,-0.48620132,0.4547298,0.88978124,-0.038859516
1356443805955,0.47187665,-0.19930989,0.8588411,0.7668485,-0.3878961,-0.5113512,0.43505841,0.89989567,-0.030198634
1356443805995,0.4603634,-0.21881184,0.8603412,0.7789984,-0.36517662,-0.5097133,0.4257077,0.90485775,0.0023401156
1356443806035,0.40678906,-0.24798787,0.8792182,0.80688775,-0.35371798,-0.47309178,0.42831624,0.901879,0.05620975
1356443806075,0.32731366,-0.2753689,0.90390134,0.8380767,-0.3572483,-0.41231155,0.43645513,0.89249396,0.11384809
1356443806115,0.25435162,-0.28858468,0.92305154,0.8592986,-0.37049598,-0.3526168,0.44374663,0.88286555,0.15374416
1356443806155,0.21278775,-0.2831133,0.9351836,0.86794335,-0.3848204,-0.31398702,0.44877154,0.8784989,0.16384116
1356443806195,0.20661718,-0.2621541,0.94264764,0.86719835,-0.39706832,-0.30050588,0.4530744,0.8795521,0.14529847
1356443806235,0.22313601,-0.2315039,0.9468983,0.8605923,-0.40943074,-0.3028984,0.45781142,0.88248086,0.10787171
1356443806282,0.2459768,-0.19686541,0.9490729,0.8515365,-0.4238423,-0.308615,0.46301287,0.88408244,0.06338273
1356443806315,0.26372254,-0.16237873,0.9508331,0.8431403,-0.44003773,-0.3090005,0.4685775,0.8831761,0.02086018
1356443806355,0.27238113,-0.13008586,0.9533552,0.8368945,-0.45687675,-0.30144846,0.47478008,0.8799666,-0.015576422
1356443806395,0.2725016,-0.10047412,0.9568949,0.83292305,-0.47321874,-0.28688526,0.48164523,0.87519646,-0.045265615
1356443806435,0.26555574,-0.074020416,0.9612498,0.8305719,-0.4886877,-0.26708567,0.48952067,0.86931324,-0.0682946
1356443806475,0.2502982,-0.051691532,0.9667879,0.8291875,-0.5040495,-0.24162409,0.49979883,0.86212647,-0.08330071
1356443806515,0.2235344,-0.034703314,0.97407806,0.82801837,-0.5204698,-0.20855889,0.5142158,0.85317457,-0.08760792
1356443806572,0.18309116,-0.023653,0.98281133,0.8263706,-0.5378281,-0.16689101,0.532531,0.84272265,-0.078925386
1356443806593,0.13233262,-0.01747632,0.9910514,0.82441646,-0.5531517,-0.11983666,0.550296,0.8328973,-0.058792308
1356443806634,0.079833746,-0.013981223,0.9967101,0.824002,-0.5617494,-0.073880166,0.56093425,0.8271893,-0.033325985
1356443806670,0.035381198,-0.011029273,0.999313,0.8269317,-0.5611823,-0.035471648,0.561188,0.8276187,-0.010734841
1356443806700,0.003886044,-0.008485734,0.99995637,0.8311371,-0.5560106,-0.007948339,0.5560539,0.8311318,0.0048922
1356443806730,-0.014478266,-0.0065090656,0.999874,0.8369974,-0.5471399,0.008558005,0.5470152,0.83701587,0.013369724
1356443806770,-0.015809596,-0.0046592653,0.9998642,0.84668875,-0.5319768,0.010908663,0.5318537,0.84674615,0.012355253
1356443806811,0.0031383634,-0.0066478252,0.999973,0.8585474,-0.5126979,-0.0061029196,0.5127246,0.85854334,0.0040984303
1356443806853,0.042641997,-0.013427883,0.9990002,0.8705902,-0.49006003,-0.04374793,0.49015749,0.87158525,-0.009206966
1356443806893,0.10300928,-0.026236415,0.9943342,0.87968427,-0.46418536,-0.103379905,0.46426782,0.88534933,-0.0247356
1356443806933,0.17928982,-0.046281904,0.9827071,0.8817084,-0.43553805,-0.18137538,0.4364007,0.8989798,-0.037280425
1356443806973,0.253864,-0.07533175,0.96430194,0.87503636,-0.40692425,-0.2621529,0.4121462,0.91035044,-0.037385434
1356443807013,0.29562342,-0.11360869,0.9485251,0.8676145,-0.38362104,-0.31635422,0.39981472,0.91647583,-0.014838845
1356443807053,0.2803517,-0.15614069,0.947113,0.8715153,-0.37214518,-0.31932595,0.4023233,0.91494703,0.03174749
1356443807093,0.21603936,-0.1920028,0.9573202,0.88463306,-0.3764606,-0.27514002,0.41322088,0.90631807,0.088521615
1356443807133,0.14494133,-0.21205604,0.96644926,0.8941549,-0.39014965,-0.21970487,0.42364964,0.89599967,0.13306218
1356443807175,0.11184496,-0.21715167,0.96970916,0.8958968,-0.40017647,-0.19294494,0.4299531,0.8903392,0.14978777
1356443807215,0.1336351,-0.21345815,0.96776915,0.89131093,-0.4010234,-0.21152994,0.43325087,0.89085114,0.13666683
1356443807283,0.18917316,-0.2042157,0.96047354,0.87962633,-0.399494,-0.25818995,0.43642986,0.8937005,0.10405995
1356443807296,0.24727088,-0.19002858,0.9501296,0.8622482,-0.4041769,-0.3052363,0.44202402,0.89472353,0.06391062
1356443807335,0.27848703,-0.1696248,0.9453425,0.8483614,-0.41798514,-0.3249175,0.4502532,0.89247733,0.027499706
1356443807375,0.28480935,-0.14510265,0.94753826,0.8404795,-0.4375273,-0.3196312,0.46095324,0.8874204,-0.0026560724
1356443807415,0.27416795,-0.11744112,0.95448387,0.8372128,-0.4592111,-0.29698482,0.47318777,0.8805299,-0.027577803
1356443807455,0.2544719,-0.088086486,0.96306014,0.8363878,-0.47988218,-0.26489347,0.4854889,0.8728997,-0.048442066
1356443807495,0.22933978,-0.05885011,0.97156566,0.83663285,-0.49821013,-0.22766647,0.49744207,0.86505675,-0.06502341
1356443807535,0.19724178,-0.030652612,0.9798755,0.8371711,-0.5148391,-0.18462172,0.5101374,0.8567387,-0.075886294
1356443807575,0.15476441,-0.0038239062,0.987944,0.8367933,-0.531084,-0.13314173,0.52519035,0.84731054,-0.07899305
1356443807615,0.099467754,0.021521926,0.99480796,0.83411336,-0.5469305,-0.07156795,0.54255056,0.83690137,-0.072353676
1356443807655,0.034444034,0.044882357,0.9983983,0.8288689,-0.55943227,-0.0034464598,0.55838156,0.82766,-0.056470707
1356443807695,-0.032670736,0.06508201,0.9973449,0.82333046,-0.56396806,0.06377229,0.5666211,0.823228,-0.035158753
1356443807735,-0.091439426,0.08037451,0.9925617,0.8206842,-0.55846053,0.120827645,0.564018,0.82562816,-0.01489678
1356443807775,-0.13323861,0.08878946,0.9870988,0.8226476,-0.54554117,0.16011232,0.55271924,0.8333675,-3.553331E-4
1356443807815,-0.1507349,0.08822051,0.9846299,0.8301408,-0.5295333,0.1745295,0.5367915,0.84368926,0.0065837502
1356443807855,-0.13598603,0.07558295,0.9878234,0.8436848,-0.5138369,0.15545958,0.5193302,0.85455185,0.006106466
1356443807895,-0.07957858,0.046471506,0.9957447,0.8614203,-0.49946237,0.09215355,0.5016196,0.8650882,-2.849698E-4
1356443807935,0.03043276,-0.004571587,0.9995263,0.8747828,-0.4836558,-0.02884683,0.4835586,0.8752463,-0.010719821
1356443807975,0.20291567,-0.08221573,0.97573864,0.8618188,-0.45806366,-0.21782124,0.46485877,0.8851092,-0.022093236
1356443808015,0.4146334,-0.17922133,0.89216524,0.7926816,-0.4103701,-0.45083505,0.44691724,0.8941342,-0.028087705
1356443808055,0.59268963,-0.2704445,0.758669,0.6779209,-0.34111091,-0.65120393,0.4349048,0.90027946,-0.018832922
1356443808095,0.6774026,-0.33967513,0.6524925,0.592461,-0.2738331,-0.7576314,0.4360226,0.8997979,0.015749007
1356443808135,0.6782718,-0.39437765,0.62001103,0.5807591,-0.22922441,-0.78113693,0.45018467,0.88990015,0.073561996
1356443808175,0.63098085,-0.43887588,0.63972735,0.61877716,-0.21268573,-0.75622725,0.46795073,0.8730136,0.13736576
1356443808215,0.59069335,-0.47112983,0.655071,0.6488548,-0.20525244,-0.73270655,0.47965482,0.8578509,0.18445358
1356443808284,0.6067625,-0.49181843,0.6244629,0.6313685,-0.17908907,-0.75452036,0.48292142,0.8520809,0.20185408
1356443808293,0.67911637,-0.49885747,0.53846276,0.5551506,-0.13085335,-0.8213922,0.48021734,0.8567488,0.18807644
1356443808332,0.75367886,-0.49032766,0.43766078,0.453619,-0.09379846,-0.8862458,0.47560278,0.866476,0.15172803
1356443808373,0.79836375,-0.47498184,0.37014538,0.3736778,-0.09123671,-0.92306054,0.47220784,0.8752532,0.10465008
1356443808413,0.8144944,-0.45956424,0.354118,0.3378578,-0.12048249,-0.9334538,0.47164702,0.87993443,0.057135075
1356443808453,0.8103394,-0.44277355,0.38379896,0.3441557,-0.17047377,-0.9233068,0.47424352,0.88027847,0.014241457
1356443808493,0.7903485,-0.41999722,0.44603994,0.38171184,-0.23189394,-0.8947186,0.47921327,0.8773982,-0.022959113
1356443808533,0.756552,-0.38783702,0.52650875,0.43836746,-0.29666036,-0.8484259,0.4852453,0.87268263,-0.05442384
1356443808573,0.7081033,-0.3453853,0.61587226,0.50652444,-0.35922003,-0.7838329,0.49195802,0.866989,-0.07941878
1356443808615,0.6387486,-0.2923126,0.7117257,0.58410466,-0.41788292,-0.69584167,0.50082135,0.86019015,-0.096180975
1356443808655,0.5376421,-0.22708508,0.81201804,0.66838336,-0.47230485,-0.5746232,0.5140084,0.851681,-0.102151066
1356443808695,0.3979898,-0.14924014,0.9051693,0.74747926,-0.5192813,-0.4142725,0.53186363,0.8414715,-0.09511474
1356443808736,0.2304933,-0.064632416,0.9709251,0.80220944,-0.5521255,-0.22719485,0.5507566,0.83125216,-0.07541254
1356443808775,0.06507832,0.014298886,0.9977777,0.82349575,-0.56548625,-0.04560724,0.56357753,0.8246337,-0.048575893
1356443808815,-0.07450205,0.07774511,0.9941857,0.82132447,-0.5606415,0.10539031,0.56557536,0.82440084,-0.022085011
1356443808855,-0.17988664,0.12231797,0.9760529,0.8106792,-0.54358095,0.21752927,0.55717146,0.8303963,-0.001377672
1356443808895,-0.24725866,0.14729783,0.95768803,0.80259717,-0.5226137,0.2875978,0.5428634,0.83974886,0.011000007
1356443808935,-0.27497917,0.15344456,0.94912654,0.80472577,-0.5034694,0.31453913,0.5261205,0.8502783,0.014962822
1356443808975,-0.2614081,0.14141437,0.95481294,0.82061625,-0.48825312,0.29698148,0.50818783,0.8611684,0.011586398
1356443809015,-0.20247829,0.11070648,0.973009,0.8486029,-0.47605222,0.23075399,0.48874912,0.8724209,0.002444446
1356443809055,-0.09242833,0.059933275,0.993914,0.8792614,-0.4635316,0.10971737,0.46728626,0.88405114,-0.009853572
1356443809095,0.061190367,-0.008619219,0.99808896,0.89322436,-0.4457746,-0.058611006,0.4454279,0.8951038,-0.019578278
1356443809135,0.20705634,-0.080436975,0.9750167,0.8791479,-0.4219405,-0.22150674,0.42921638,0.9030483,-0.01664947
1356443809175,0.26370567,-0.13420576,0.95522153,0.8652399,-0.4048403,-0.29574353,0.4264026,0.90448505,0.009361491
1356443809215,0.19676214,-0.15990275,0.967324,0.8773491,-0.4116904,-0.24651456,0.43765643,0.89718556,0.059285507
1356443809285,0.055619955,-0.1600298,0.98554397,0.8892182,-0.4409747,-0.121787935,0.45408967,0.88313746,0.11777438
1356443809294,-0.071285725,-0.14630967,0.98666704,0.881128,-0.4728338,-0.0064543784,0.46747386,0.86891985,0.16262384
1356443809332,-0.13198268,-0.13141286,0.9825026,0.8691957,-0.4918335,0.05097747,0.47652856,0.86071515,0.17913695
1356443809373,-0.12535226,-0.11980903,0.9848515,0.8663156,-0.49700785,0.04980308,0.48351213,0.8594352,0.16609357
1356443809413,-0.07615119,-0.10800055,0.99123,0.86890876,-0.49480557,0.012841821,0.48907927,0.86226636,0.13152272
1356443809453,-0.014812648,-0.091168225,0.9957254,0.8703547,-0.49138176,-0.03204313,0.49220255,0.86615956,0.08662729
1356443809493,0.036854565,-0.067545295,0.99703526,0.8692741,-0.48999482,-0.06532723,0.4929547,0.86910456,0.040656805
1356443809533,0.06889528,-0.038042545,0.9968983,0.8671581,-0.4917763,-0.078695625,0.49324474,0.8698902,-8.921772E-4
1356443809573,0.08041555,-0.0047723353,0.99675006,0.8651564,-0.49628145,-0.072175026,0.49501294,0.8681486,-0.035779968
1356443809615,0.074088335,0.0302639,0.9967924,0.86339444,-0.5021516,-0.048927337,0.4990601,0.86424994,-0.06333329
1356443809655,0.053602636,0.065198064,0.9964316,0.860856,-0.50868183,-0.013025582,0.50601745,0.85848236,-0.08339283
1356443809695,0.021993756,0.09870869,0.9948733,0.8557841,-0.51632315,0.032309324,0.5168654,0.8506862,-0.09582919
1356443809735,-0.01881355,0.12927037,0.9914309,0.8462872,-0.5259604,0.084638,0.5323945,0.8406276,-0.09950468
1356443809775,-0.06817973,0.15565994,0.98545504,0.8319396,-0.536316,0.14227366,0.55066156,0.8295392,-0.09293383
1356443809815,-0.122466385,0.17645505,0.9766605,0.81524575,-0.5433391,0.20039219,0.566018,0.8207596,-0.07731345
1356443809855,-0.17621869,0.19050187,0.96574116,0.80089337,-0.5426498,0.25318187,0.5722909,0.81807107,-0.056946665
1356443809895,-0.22238433,0.19750068,0.9547454,0.792429,-0.5338749,0.29501522,0.5679803,0.82217467,-0.037779868
1356443809935,-0.25586158,0.19777611,0.9462661,0.790954,-0.5199601,0.32254192,0.5558117,0.830979,-0.023393989
1356443809975,-0.272349,0.19194499,0.942859,0.7963613,-0.50500154,0.3328395,0.5400321,0.84150493,-0.015320897
1356443810016,-0.26982814,0.18060416,0.94581974,0.80865484,-0.4907524,0.32440618,0.5227524,0.8523756,-0.013627619
1356443810055,-0.24682933,0.16358307,0.95515233,0.8275763,-0.477224,0.2955925,0.5041755,0.8634222,-0.017584652
1356443810095,-0.20211005,0.1401566,0.969282,0.85158694,-0.46364325,0.24461094,0.48368496,0.87486625,-0.025648504
1356443810135,-0.13707042,0.109338075,0.98450845,0.87666905,-0.44931322,0.17195627,0.46115404,0.8866582,-0.034265786
