1356874860541,-0.09328669,0.43266428,0.8967158,-0.22294964,0.8686948,-0.44233793,-0.97035617,-0.24118668,0.015424669
1356874860573,0.19514799,-0.7443036,0.6386936,-0.1425516,0.6227733,0.76930654,-0.97035885,-0.24117544,0.015431285
1356874860607,0.19512066,-0.7442692,0.63874197,-0.14252138,0.6228304,0.7692658,-0.97036874,-0.24113402,0.015452802
1356874860646,0.19498408,-0.74411696,0.63896096,-0.14243007,0.6230772,0.76908284,-0.97040963,-0.24096614,0.015505493
1356874860686,0.19452667,-0.7434227,0.6399079,-0.14240491,0.62405455,0.7682947,-0.9705052,-0.24057984,0.015528202
1356874860727,0.19343466,-0.7415631,0.6423918,-0.14264569,0.6265437,0.76622134,-0.970688,-0.2398482,0.015414476
1356874860765,0.19141063,-0.7377759,0.6473396,-0.1433306,0.63145363,0.7620516,-0.9709883,-0.2386483,0.015121102
1356874860806,0.18969855,-0.73702407,0.6486987,-0.14282325,0.632954,0.7609013,-0.97139895,-0.23699111,0.014806271
1356874860846,0.18487945,-0.7225877,0.66609806,-0.14583829,0.6501054,0.74571717,-0.97188,-0.23501042,0.014810145
1356874860886,0.18070987,-0.7086884,0.681986,-0.14790109,0.6659363,0.7312005,-0.9723525,-0.2330017,0.01552546
1356874860926,0.17754343,-0.6949847,0.69676006,-0.1491319,0.6808313,0.71709716,-0.9727477,-0.23122504,0.017232716
1356874860966,0.17557752,-0.6818458,0.7101119,-0.14954379,0.69447404,0.7038057,-0.97304124,-0.2297653,0.019968212
1356874861008,0.1748178,-0.66995543,0.7215251,-0.14914793,0.7063344,0.69198745,-0.9732387,-0.22858572,0.023557365
1356874861046,0.17519566,-0.6599953,0.7305564,-0.14804277,0.71593606,0.6822894,-0.9733395,-0.22768773,0.027721345
1356874861086,0.1764633,-0.6523623,0.7370782,-0.14657962,0.72306347,0.67505085,-0.97333205,-0.22716239,0.031971157
1356874861128,0.17808595,-0.6470394,0.74136716,-0.14535037,0.7278489,0.6701561,-0.97322077,-0.22710338,0.03557223
1356874861166,0.17941988,-0.64368045,0.743965,-0.14481054,0.7307187,0.6671432,-0.9730562,-0.22743276,0.037893713
1356874861206,0.17999628,-0.6418369,0.7454171,-0.14482488,0.73224425,0.66546535,-0.9729476,-0.2277362,0.038847327
1356874861246,0.17962357,-0.64111197,0.7461306,-0.14468375,0.7330015,0.66466194,-0.9730375,-0.2273419,0.03890586
1356874861286,0.17832667,-0.6412463,0.7463262,-0.14349405,0.73342735,0.66445,-0.9734522,-0.22558258,0.03877461
1356874861326,0.17645377,-0.64232206,0.7458461,-0.14044878,0.7335524,0.6649624,-0.97423726,-0.22208826,0.039224744
1356874861366,0.17462471,-0.6447016,0.7442217,-0.13487253,0.7330491,0.6666696,-0.9753541,-0.21679199,0.041055977
1356874861406,0.17360699,-0.64897245,0.7407397,-0.12656808,0.7312205,0.67029625,-0.97664785,-0.21012215,0.044805765
1356874861446,0.17395827,-0.6555159,0.73487234,-0.116325766,0.72734666,0.6763395,-0.9778583,-0.20313945,0.05027455
1356874861486,0.175912,-0.6642885,0.72648174,-0.10584313,0.72094846,0.684858,-0.97869927,-0.19736783,0.05651313
1356874861565,0.18064523,-0.67564774,0.71474993,-0.0970251,0.7109192,0.69654864,-0.97875094,-0.1951769,0.06286937
1356874861567,0.18689165,-0.68956125,0.69969755,-0.09001589,0.6972301,0.7111731,-0.9782477,-0.19589621,0.06823498
1356874861606,0.19708452,-0.70444536,0.6818463,-0.085023314,0.6805856,0.7277185,-0.97669274,-0.20139486,0.0742386
1356874861646,0.21194261,-0.7216781,0.65898484,-0.0783875,0.6595774,0.747538,-0.9741333,-0.21009135,0.08322203
1356874861686,0.23099288,-0.74086344,0.6306851,-0.0665136,0.634675,0.7699114,-0.9706793,-0.21979317,0.09732795
1356874861728,0.25256288,-0.76111364,0.59742606,-0.047107667,0.6070387,0.7932749,-0.96643305,-0.22849515,0.117461145
1356874861776,0.27484784,-0.781422,0.5602127,-0.018990248,0.57812643,0.81572616,-0.9613002,-0.23483911,0.1440574
1356874861806,0.29503894,-0.78888124,0.5390904,0.008922398,0.56645596,0.82404375,-0.9554436,-0.23831502,0.17416525
1356874861846,0.31198677,-0.81573427,0.4870748,0.053187847,0.5268556,0.848289,-0.94859654,-0.23874852,0.20775914
1356874861886,0.32467967,-0.83600056,0.44236425,0.099375665,0.49526614,0.8630388,-0.94058895,-0.2362509,0.24388099
1356874861925,0.3332762,-0.85185325,0.40407062,0.14667675,0.47019953,0.87028635,-0.9313501,-0.23077795,0.28165337
1356874861966,0.34205994,-0.8540454,0.39192015,0.18635547,0.47044984,0.8625245,-0.9210139,-0.22199857,0.32007807
1356874862025,0.34018743,-0.8708566,0.3547974,0.2373423,0.44460094,0.8637121,-0.9099127,-0.20961556,0.35793877
1356874862048,0.3353701,-0.88270986,0.32916597,0.2824029,0.42752883,0.8587594,-0.8987633,-0.19504479,0.3926602
1356874862086,0.33023155,-0.8909111,0.3118085,0.31635296,0.4157002,0.8527099,-0.8893076,-0.18295014,0.41911972
1356874862123,0.32698354,-0.8966416,0.29852238,0.33395413,0.40513846,0.8510802,-0.8840568,-0.17859638,0.43191075
1356874862167,0.32617137,-0.9006314,0.2871848,0.3327684,0.39374605,0.8568717,-0.88480353,-0.18392098,0.42813045
1356874862206,0.32690555,-0.9031079,0.27844036,0.3143634,0.38176507,0.8691554,-0.8912399,-0.19660032,0.40870512
1356874862246,0.32797378,-0.9041978,0.27360478,0.28023732,0.36971027,0.8858789,-0.9021642,-0.2138708,0.37464523
1356874862286,0.32830226,-0.9038981,0.27420017,0.2331185,0.35884583,0.90381706,-0.91535425,-0.23280403,0.32852527
1356874862326,0.32687083,-0.9021343,0.28161892,0.17697755,0.3511465,0.9194428,-0.9283503,-0.25069878,0.27443707
1356874862366,0.32254452,-0.89871514,0.29711303,0.11674419,0.3492633,0.9297235,-0.93932724,-0.26519096,0.21757275
1356874862406,0.31422156,-0.893352,0.32122746,0.058113515,0.35583144,0.9327416,-0.9475694,-0.27441984,0.16372573
1356874862446,0.30133206,-0.88582194,0.35287187,0.0066657066,0.37202102,0.9282004,-0.953496,-0.2773444,0.11800647
1356874862486,0.2843907,-0.8761953,0.38910615,-0.033215165,0.3966164,0.9173833,-0.95813286,-0.27381948,0.08369106
1356874862566,0.26492584,-0.86498183,0.42616978,-0.059431255,0.4264744,0.902545,-0.9624356,-0.26443526,0.06157714
1356874862568,0.2445875,-0.85293746,0.46116653,-0.07259631,0.45816875,0.8858956,-0.9669057,-0.25015795,0.05014223
1356874862606,0.2248039,-0.84074837,0.49254987,-0.076283336,0.48875168,0.8690815,-0.9714134,-0.23294628,0.04573816
1356874862647,0.20630386,-0.8290059,0.51979613,-0.07463932,0.51634324,0.85312295,-0.9756371,-0.21479979,0.044647157
1356874862686,0.18937474,-0.8179499,0.5432266,-0.07128379,0.54032516,0.8384315,-0.97931397,-0.19750097,0.044017375
1356874862726,0.17415774,-0.80768967,0.5632997,-0.06902611,0.5606213,0.8251904,-0.9822956,-0.18259573,0.04188484
1356874862766,0.16117819,-0.79843783,0.5801022,-0.070430815,0.5769832,0.8137136,-0.984409,-0.17200994,0.036762536
1356874862806,0.15183285,-0.79057777,0.59324,-0.07790044,0.58876,0.8045453,-0.98533165,-0.16837007,0.027806759
1356874862847,0.14808494,-0.7844579,0.602243,-0.0924308,0.59531343,0.7981594,-0.9846458,-0.17386115,0.015648901
1356874862886,0.15108682,-0.7800112,0.60725224,-0.111695856,0.5968993,0.79450315,-0.9821898,-0.18786651,0.0030596256
1356874862926,0.16068742,-0.7768096,0.6088896,-0.1312573,0.5946084,0.7932291,-0.9782388,-0.20738316,-0.0064157844
1356874862966,0.17537683,-0.77423465,0.60811484,-0.14609739,0.590382,0.7937913,-0.97360075,-0.22805658,-0.009574354
1356874863006,0.1934245,-0.7719487,0.60554284,-0.15254971,0.5860292,0.79580045,-0.9691829,-0.24630263,-0.004408121
1356874863046,0.21389782,-0.77009416,0.6010014,-0.1485683,0.58243763,0.79918325,-0.9654921,-0.26023328,0.010170579
1356874863086,0.23681933,-0.76923764,0.593456,-0.13272783,0.5794893,0.80409914,-0.9624447,-0.2691943,0.03513503
1356874863126,0.26266304,-0.77017343,0.5812411,-0.10362801,0.5763912,0.8105767,-0.9593068,-0.27314147,0.07158512
1356874863166,0.29152104,-0.7735729,0.5626726,-0.059865415,0.572315,0.81784576,-0.95468926,-0.27210385,0.12053156
1356874863206,0.3217597,-0.7795551,0.5373683,-0.0016531646,0.56708634,0.8236567,-0.9468199,-0.26590788,0.18117678
1356874863245,0.35013044,-0.78744847,0.5072805,0.06637055,0.5610554,0.8251132,-0.9343466,-0.25522876,0.24870601
1356874863286,0.37522638,-0.7884267,0.4874305,0.1279639,0.564878,0.81519204,-0.918058,-0.24350804,0.3128473
1356874863326,0.39035225,-0.8024446,0.45134002,0.18396994,0.54833066,0.81577486,-0.90209764,-0.23540658,0.36166778
1356874863366,0.39783382,-0.81256545,0.42598808,0.21622527,0.5342757,0.817188,-0.8916137,-0.23299566,0.38825002
1356874863406,0.39900118,-0.8185344,0.41327903,0.2236726,0.523978,0.82183796,-0.8892517,-0.23547512,0.39215153
1356874863446,0.39502883,-0.8208119,0.41257727,0.2092014,0.5176784,0.8296047,-0.8945317,-0.24140602,0.37621295
1356874863486,0.38655728,-0.81997776,0.42214906,0.17740181,0.515292,0.8384526,-0.9050425,-0.24921992,0.34465542
1356874863568,0.36959004,-0.8160477,0.44437528,0.12442064,0.51739264,0.84665483,-0.92082727,-0.25762576,0.2927563
1356874863583,0.34633055,-0.808226,0.47626245,0.06707057,0.5277151,0.84676933,-0.93571186,-0.2613189,0.23697206
1356874863615,0.32165563,-0.79864895,0.5086231,0.018529922,0.54237676,0.839931,-0.9466754,-0.26074377,0.1892575
1356874863656,0.29320574,-0.78881645,0.5401842,-0.018475652,0.56023645,0.8281266,-0.9558708,-0.2527917,0.14969063
1356874863696,0.26258838,-0.7783314,0.5703048,-0.04463321,0.5806154,0.81295365,-0.9638751,-0.23892671,0.117723465
1356874863736,0.2312978,-0.76788795,0.59736866,-0.061850637,0.60117066,0.7967235,-0.9709149,-0.22122803,0.09155506
1356874863776,0.20053658,-0.7579632,0.6207068,-0.07307014,0.62024045,0.781001,-0.97695744,-0.20197439,0.06899643
1356874863816,0.17210904,-0.7489276,0.6399109,-0.08247015,0.6363691,0.7669635,-0.98161966,-0.1847749,0.047760725
1356874863862,0.14864004,-0.7411261,0.65470475,-0.09715778,0.6479113,0.7554941,-0.98410696,-0.17590633,0.024299383
1356874863906,0.13545513,-0.7346479,0.6647889,-0.11989969,0.65388733,0.7470311,-0.98350185,-0.18089718,4.8834085E-4
1356874863946,0.13361403,-0.7294235,0.67088646,-0.1464755,0.6549863,0.7413082,-0.9801491,-0.1973176,-0.019327283
1356874863986,0.14238662,-0.7251773,0.6736795,-0.17182824,0.6521709,0.73834157,-0.9747826,-0.2208871,-0.031745493
1356874864026,0.15921354,-0.7213965,0.6739719,-0.19052875,0.6473936,0.7379569,-0.96868455,-0.24590375,-0.034372926
1356874864066,0.18131623,-0.7182461,0.67174923,-0.19882,0.64219356,0.7403095,-0.96311736,-0.26778734,-0.026361585
1356874864106,0.2070095,-0.7165582,0.6661016,-0.19444534,0.6371324,0.7458239,-0.9588212,-0.28391296,-0.0074389577
1356874864146,0.2355918,-0.71750736,0.6554996,-0.17567077,0.63193417,0.75485027,-0.9558432,-0.29298863,0.022833467
1356874864186,0.2668715,-0.7221768,0.63815373,-0.14020881,0.62602973,0.7670908,-0.9534784,-0.29418945,0.06581396
1356874864226,0.29971588,-0.7311567,0.6128461,-0.085816115,0.61911124,0.7806003,-0.95016104,-0.28655037,0.12281245
1356874864266,0.3309507,-0.74412155,0.58030576,-0.013508081,0.61116123,0.7913909,-0.94355136,-0.2697502,0.19221258
1356874864306,0.35638833,-0.7597938,0.54378366,0.06751037,0.60141796,0.79607713,-0.93189573,-0.24700153,0.2656323
1356874864346,0.37326393,-0.776453,0.5077349,0.14080226,0.58836365,0.79624295,-0.916978,-0.22571859,0.32894126
1356874864386,0.38124102,-0.79257965,0.4758914,0.19262686,0.57157403,0.7976202,-0.90418476,-0.21241602,0.37057963
1356874864426,0.38161725,-0.8072388,0.4502598,0.21819642,0.55203235,0.80476743,-0.8981974,-0.20886809,0.38680163
1356874864465,0.37634164,-0.8201031,0.43104267,0.21911448,0.5308346,0.81865954,-0.9001976,-0.21364799,0.3794717
1356874864506,0.3672508,-0.8311764,0.41745982,0.19955409,0.5087817,0.8374481,-0.908463,-0.22424766,0.3527151
1356874864561,0.3555376,-0.8405224,0.40879712,0.16515401,0.48698777,0.85765207,-0.9199549,-0.23741308,0.3119581
1356874864588,0.34140056,-0.8480804,0.4052226,0.12202829,0.46746945,0.87554634,-0.9319629,-0.24946341,0.2630841
1356874864627,0.3242284,-0.85370296,0.40751347,0.07619095,0.45295215,0.88827324,-0.94290555,-0.25695464,0.2119044
1356874864667,0.30320656,-0.85725856,0.4161413,0.032916516,0.4458604,0.89449704,-0.9523562,-0.25751945,0.16340575
1356874864707,0.27817374,-0.858691,0.4304291,-0.0037709177,0.44713616,0.89445794,-0.96052337,-0.25043777,0.12114352
1356874864747,0.25008398,-0.8581041,0.44845894,-0.031805307,0.4556461,0.88959265,-0.9677017,-0.23673627,0.086657524
1356874864786,0.22093518,-0.85583234,0.46769503,-0.051584393,0.46861982,0.88189256,-0.9739233,-0.21896684,0.05938703
1356874864826,0.19349234,-0.8524256,0.48572755,-0.06609121,0.48263425,0.87332475,-0.97887313,-0.20108393,0.03704822
1356874864866,0.17121078,-0.8485004,0.5007335,-0.079936564,0.49459904,0.8654374,-0.9819863,-0.18819913,0.016854465
1356874864906,0.1575186,-0.8445057,0.51185733,-0.09673792,0.50263906,0.8590668,-0.98276633,-0.18483502,-0.00252074
1356874864964,0.1541769,-0.8405423,0.5193438,-0.11629009,0.50653803,0.85433936,-0.98117584,-0.19211397,-0.01965028
1356874864986,0.1603522,-0.83656,0.52388424,-0.13480756,0.507218,0.85120904,-0.9778109,-0.20711681,-0.031441092
1356874865026,0.17331539,-0.8326949,0.5259097,-0.14765877,0.5059853,0.8498093,-0.97373444,-0.22494021,-0.035259664
1356874865063,0.1901398,-0.8294084,0.52528906,-0.1517882,0.50378096,0.85039115,-0.9699521,-0.2414259,-0.03010565
1356874865106,0.20944248,-0.82716215,0.52147543,-0.1450749,0.501115,0.8531337,-0.96699905,-0.25433543,-0.015045702
1356874865146,0.23051515,-0.82654953,0.5134966,-0.12598363,0.49791583,0.8580256,-0.96487874,-0.26248008,0.010645449
1356874865186,0.25360718,-0.8277625,0.50049245,-0.09155664,0.4945437,0.86431706,-0.96296465,-0.26502046,0.04963267
1356874865226,0.2785909,-0.8311343,0.48125124,-0.039485723,0.49075368,0.8704032,-0.9595978,-0.26148894,0.103901565
1356874865266,0.30399597,-0.83687496,0.4552216,0.028529048,0.4856187,0.873705,-0.952246,-0.25261578,0.1715014
1356874865316,0.3295502,-0.84445786,0.42224115,0.111297816,0.47885257,0.8708117,-0.937555,-0.23998165,0.25179234
1356874865356,0.3451435,-0.85755724,0.3814074,0.18235916,0.45990872,0.8690392,-0.9206635,-0.23039016,0.3151179
1356874865396,0.35106048,-0.87125283,0.3430379,0.23071617,0.43554696,0.87009704,-0.90748364,-0.22631228,0.35391545
1356874865436,0.34922045,-0.88483435,0.3084044,0.25525087,0.40650767,0.87726766,-0.9016053,-0.22763938,0.36781552
1356874865476,0.34253737,-0.89738727,0.27814427,0.2586353,0.37468478,0.89034766,-0.9032031,-0.23303944,0.36043957
1356874865516,0.33345625,-0.90828437,0.2526391,0.24523014,0.3423175,0.9070176,-0.9103127,-0.24049601,0.33688658
1356874865563,0.32332063,-0.91725373,0.2326141,0.21919724,0.3117268,0.92454255,-0.9205522,-0.2479353,0.30184722
1356874865597,0.31251052,-0.9243396,0.21893713,0.18492585,0.28527173,0.9404374,-0.93174005,-0.25340945,0.26008472
1356874865637,0.3004876,-0.9298096,0.21251187,0.14638057,0.26512673,0.95303744,-0.9424859,-0.25526828,0.2157734
1356874865677,0.2864304,-0.9339572,0.21373248,0.107036024,0.2528756,0.9615598,-0.9521034,-0.25254285,0.17239833
1356874865717,0.26989827,-0.9369366,0.22204658,0.06956312,0.24897501,0.96600854,-0.9603728,-0.24527779,0.13237414
1356874865757,0.25097027,-0.9387822,0.23601264,0.035908014,0.252677,0.96688414,-0.9673286,-0.23418438,0.09712419
1356874865797,0.23013377,-0.9395217,0.2536482,0.007170886,0.2622742,0.9649668,-0.9731326,-0.22025254,0.06709534
1356874865837,0.20904168,-0.9391303,0.27264637,-0.017040223,0.27526554,0.9612172,-0.97775835,-0.20558041,0.041538954
1356874865876,0.19134128,-0.9374675,0.29076317,-0.038624644,0.2888155,0.9566053,-0.9807633,-0.1942687,0.019052982
1356874865916,0.18135667,-0.93440276,0.30659646,-0.059206188,0.30082643,0.9518393,-0.9816336,-0.19077489,-7.6556206E-4
1356874865956,0.18129295,-0.9299817,0.31979188,-0.07814205,0.31052983,0.9473463,-0.9803196,-0.19673637,-0.016373813
1356874865996,0.19007741,-0.9245346,0.33031237,-0.09283215,0.31801355,0.9435304,-0.97737026,-0.21000737,-0.0253793
1356874866036,0.20465994,-0.91872334,0.33773,-0.10064694,0.32345295,0.94087636,-0.9736449,-0.22655118,-0.02626884
1356874866076,0.22196792,-0.9134094,0.34119427,-0.09990734,0.32677603,0.93980634,-0.96992207,-0.2426947,-0.018722534
1356874866116,0.23998567,-0.9093775,0.33976382,-0.08934009,0.32781765,0.9405073,-0.96665674,-0.25606284,-0.002572298
1356874866156,0.25766903,-0.9071598,0.3326675,-0.06734741,0.3265941,0.94276214,-0.9638833,-0.26532492,0.023058355
1356874866196,0.27429223,-0.9070258,0.31948066,-0.03202215,0.3234234,0.9457123,-0.9611131,-0.26963195,0.059667587
1356874866236,0.28892514,-0.9090115,0.30036724,0.018187642,0.31890318,0.94761276,-0.95717895,-0.26832613,0.108671874
1356874866276,0.3003979,-0.9129201,0.2762932,0.08227566,0.31339356,0.94605243,-0.95025885,-0.26145995,0.16925389
1356874866316,0.3081526,-0.91818726,0.24894583,0.15349206,0.3062375,0.9394992,-0.9388728,-0.2512979,0.23530236
1356874866356,0.31261593,-0.9240227,0.22012147,0.219435,0.29572046,0.92972994,-0.9241859,-0.24234608,0.29520983
1356874866396,0.3141013,-0.9298345,0.19169825,0.26887083,0.2807733,0.92134404,-0.9105212,-0.23785338,0.3381966
1356874866436,0.31265485,-0.9353246,0.16557437,0.2969753,0.2618295,0.91828704,-0.9022487,-0.23793542,0.35963058
1356874866476,0.3091679,-0.94019186,0.14301941,0.30395702,0.24019018,0.9219104,-0.9011245,-0.2415534,0.360037
1356874866516,0.3050752,-0.94414675,0.124563634,0.2926494,0.21741393,0.93117535,-0.90624803,-0.247625,0.34263155
1356874866563,0.30115148,-0.94712067,0.11077136,0.26673898,0.19519612,0.94379497,-0.91550976,-0.25467825,0.31141758
1356874866597,0.2970869,-0.94930756,0.102734745,0.23061392,0.17574286,0.9570432,-0.92658323,-0.26063287,0.27113447
1356874866637,0.29167545,-0.9510598,0.10203329,0.18862668,0.1617676,0.9686338,-0.93773425,-0.26328054,0.22657883
1356874866677,0.28332037,-0.9526608,0.11030379,0.14490351,0.15622014,0.9770354,-0.9480151,-0.2608306,0.18230426
1356874866717,0.27072126,-0.9540483,0.12845966,0.102903605,0.16135812,0.9815164,-0.957142,-0.25249845,0.14185807
1356874866756,0.25344637,-0.95469785,0.15593845,0.06500289,0.17764553,0.98194534,-0.96516293,-0.23873407,0.10708174
1356874866797,0.2323949,-0.9537872,0.19047993,0.03252849,0.20335397,0.9785648,-0.9720774,-0.22121745,0.0782837
1356874866836,0.20980635,-0.950631,0.22865236,0.005575031,0.23501667,0.9719753,-0.97772706,-0.20265183,0.05460778
1356874866876,0.18907952,-0.9449767,0.26696044,-0.017424077,0.2685929,0.96309614,-0.9818072,-0.18675327,0.034320056
1356874866916,0.17415571,-0.9370231,0.30274993,-0.039068878,0.30063123,0.95294,-0.9839428,-0.17778805,0.015748203
1356874866956,0.16824618,-0.92710125,0.3349275,-0.060926348,0.32934114,0.9422432,-0.9838603,-0.17893466,-0.0010744929
1356874866996,0.17212263,-0.91538,0.3639413,-0.08191708,0.35487488,0.9313181,-0.9816636,-0.19011396,-0.01390326
1356874867036,0.18371463,-0.9019517,0.3908094,-0.09924182,0.3785259,0.92025495,-0.977957,-0.20784894,-0.019970596
1356874867076,0.19958164,-0.8870833,0.41623366,-0.110367626,0.40172595,0.9090848,-0.9736458,-0.22737536,-0.01772815
1356874867116,0.21680881,-0.8712646,0.44033176,-0.11385003,0.42541587,0.8978082,-0.9695526,-0.2447845,-0.0069595575
1356874867156,0.23424287,-0.85502195,0.46267444,-0.10866949,0.44990462,0.8864405,-0.9660855,-0.25792098,0.012472153
1356874867196,0.2524262,-0.83873814,0.48249286,-0.09336901,0.47520053,0.8749095,-0.96310085,-0.2659,0.041640937
1356874867236,0.27281374,-0.82280433,0.4985637,-0.06592801,0.50101423,0.8629242,-0.9598053,-0.2682869,0.082437694
1356874867276,0.29670918,-0.80788124,0.50920683,-0.024934351,0.5264831,0.8498199,-0.95464236,-0.2648461,0.1360684
1356874867316,0.3242138,-0.7948825,0.51288134,0.027213931,0.54977983,0.83486617,-0.94559234,-0.2567176,0.1998781
1356874867356,0.35341334,-0.78455675,0.50947976,0.0823611,0.568607,0.81847584,-0.93183446,-0.24729896,0.2655703
1356874867396,0.38022745,-0.77669793,0.50216275,0.12896836,0.58216125,0.80277985,-0.91585714,-0.24047583,0.3215231
1356874867436,0.40047204,-0.7698141,0.4969993,0.15781617,0.59223396,0.79016006,-0.90261626,-0.23800245,0.35866234
1356874867476,0.41211477,-0.761701,0.49997303,0.16486734,0.60202134,0.7812741,-0.8960916,-0.23954538,0.3736815
1356874867516,0.41497618,-0.75014514,0.51485634,0.15068567,0.61473095,0.7742091,-0.89726734,-0.24369687,0.3681348
1356874867562,0.40915293,-0.733189,0.54316473,0.11889297,0.633034,0.76493955,-0.9046869,-0.24839881,0.3461787
1356874867597,0.3943771,-0.7092159,0.5843625,0.0748395,0.6585789,0.748781,-0.9158962,-0.25156873,0.3128058
1356874867637,0.37048692,-0.67750883,0.6353905,0.02480799,0.69104433,0.7223865,-0.92850626,-0.2518719,0.27283055
1356874867677,0.33815324,-0.63914174,0.6907606,-0.024689674,0.72772205,0.68542767,-0.94076717,-0.24883425,0.23030138
1356874867717,0.29941136,-0.59747815,0.7438902,-0.06783602,0.76435435,0.6412181,-0.95170957,-0.24245055,0.18832582
1356874867756,0.2577512,-0.55768365,0.78902054,-0.10075523,0.79664713,0.59598815,-0.9609437,-0.23311463,0.14914721
1356874867796,0.21712124,-0.524872,0.8230235,-0.1225903,0.8217998,0.55643207,-0.96841615,-0.22170793,0.11408597
1356874867836,0.18046904,-0.50207376,0.8457853,-0.13502988,0.8391158,0.5269265,-0.9742678,-0.20930019,0.08363944
1356874867882,0.1491076,-0.48958033,0.8591147,-0.14123207,0.84937525,0.5085423,-0.97868305,-0.19716208,0.05750388
1356874867916,0.123490185,-0.48599708,0.8651919,-0.14541727,0.8535909,0.5002362,-0.98163337,-0.1875881,0.034737706
1356874867953,0.10473868,-0.4900133,0.86539984,-0.15158015,0.85215294,0.5008582,-0.9828801,-0.18363671,0.0149770975
1356874867997,0.09475878,-0.50045913,0.86055875,-0.1615597,0.84525764,0.50935054,-0.982303,-0.18729705,-7.584691E-4
1356874868036,0.095095456,-0.5163197,0.8510997,-0.17305706,0.8333811,0.5249068,-0.9803102,-0.19720508,-0.010102034
1356874868076,0.10587293,-0.5357896,0.83768755,-0.18226776,0.81769294,0.54603726,-0.9775323,-0.21049397,-0.011085629
1356874868116,0.12523109,-0.55706614,0.82097167,-0.18568577,0.7997038,0.57095945,-0.9745963,-0.22394468,-0.0032914877
1356874868156,0.15070641,-0.5791533,0.8011672,-0.18113956,0.780525,0.5983052,-0.9718415,-0.2352915,0.012722552
1356874868196,0.18064687,-0.60252845,0.7773841,-0.16708785,0.7600986,0.6279584,-0.96925133,-0.24333017,0.036634266
1356874868236,0.21492794,-0.6291752,0.7469568,-0.14142463,0.7367187,0.6612447,-0.9663359,-0.24775805,0.069360554
1356874868276,0.25374484,-0.66167486,0.70554936,-0.10044387,0.7074544,0.6995851,-0.96204185,-0.24838422,0.11305171
1356874868316,0.29411602,-0.700829,0.64987266,-0.04063934,0.6701619,0.74110156,-0.9549054,-0.24438025,0.1686241
1356874868356,0.32893777,-0.7438552,0.5817898,0.035530508,0.6253856,0.77950656,-0.94368297,-0.23573783,0.23214251
1356874868396,0.35140723,-0.78596103,0.5087025,0.11569399,0.5756471,0.8094722,-0.92904675,-0.22560057,0.29321748
1356874868436,0.35986876,-0.8234947,0.43857843,0.18436578,0.5235681,0.83179665,-0.9146058,-0.2184788,0.34024006
1356874868476,0.35711074,-0.8551144,0.37583402,0.23178524,0.47090638,0.851189,-0.90484667,-0.216856,0.36636868
1356874868516,0.3474603,-0.8811048,0.32082048,0.2556745,0.4181957,0.8716324,-0.9021652,-0.22083205,0.3705824
1356874868565,0.33462995,-0.9023567,0.27161598,0.258516,0.36507827,0.8943642,-0.9061966,-0.22906393,0.35543975
1356874868597,0.3209669,-0.9195999,0.22653085,0.24512362,0.3116967,0.9180193,-0.9148194,-0.23912573,0.32545996
1356874868637,0.30773252,-0.9331337,0.18590894,0.22004724,0.25989115,0.9402318,-0.92567813,-0.24843112,0.28531045
1356874868676,0.2954443,-0.9431905,0.15200093,0.18733066,0.21320856,0.95887923,-0.9368137,-0.25482103,0.23967975
1356874868716,0.2839053,-0.9501753,0.12870425,0.15027276,0.17666009,0.9727329,-0.94700366,-0.2568233,0.1929402
1356874868756,0.27222356,-0.95477474,0.11958134,0.111706585,0.15479204,0.98161155,-0.95572805,-0.25385982,0.1487926
1356874868796,0.25924322,-0.95767653,0.12509444,0.0742881,0.14891127,0.98605615,-0.9629508,-0.24633533,0.109748185
1356874868836,0.24411982,-0.95928276,0.14206335,0.040332407,0.15641242,0.98686796,-0.9689059,-0.23518425,0.07687354
1356874868876,0.22700003,-0.9598281,0.16492727,0.011224866,0.1719155,0.9850477,-0.9738301,-0.22175452,0.049798787
1356874868916,0.21010745,-0.9597349,0.18645081,-0.012912691,0.187967,0.9820906,-0.97759306,-0.20875219,0.027100503
1356874868956,0.1975056,-0.95966655,0.20007914,-0.032882333,0.19749928,0.9797514,-0.9797501,-0.20008546,0.0074511766
1356874868996,0.19274038,-0.9600248,0.20298675,-0.048800766,0.1972313,0.9791416,-0.98003554,-0.19862604,-0.0088354945
1356874869036,0.19657332,-0.9606481,0.1962502,-0.059156954,0.18817067,0.9803531,-0.9787029,-0.20432079,-0.019839704
1356874869076,0.20674932,-0.9611913,0.18266377,-0.061694115,0.17351836,0.9828964,-0.97644687,-0.21448249,-0.023425013
1356874869116,0.21960026,-0.96167135,0.1642068,-0.054895252,0.15586835,0.98625124,-0.97404426,-0.22559515,-0.018562436
1356874869156,0.2318702,-0.96249163,0.14087608,-0.038196564,0.13570246,0.9900131,-0.97199655,-0.23493555,-0.005298555
1356874869196,0.24163777,-0.9640056,0.110925525,-0.010959625,0.1115945,0.99369335,-0.9703046,-0.24132952,0.016400337
1356874869236,0.24796534,-0.9661103,0.07172215,0.02796352,0.08114141,0.99631023,-0.9683652,-0.2450448,0.047136128
1356874869276,0.24960747,-0.9681001,0.021869361,0.079832405,0.04308024,0.9958769,-0.9650507,-0.24683246,0.08803892
1356874869316,0.2438927,-0.96910465,-0.036776572,0.14438513,-0.0012141764,0.9895208,-0.9589939,-0.24664685,0.13962823
1356874869356,0.22827226,-0.96852696,-0.099232525,0.21722186,-0.048689127,0.9749071,-0.94905543,-0.24409968,0.19927093
1356874869396,0.20373058,-0.9657453,-0.16071713,0.28901225,-0.09751809,0.9523456,-0.9353961,-0.24047112,0.2592448
1356874869436,0.17483616,-0.95985514,-0.21934104,0.3486448,-0.14798498,0.9254984,-0.92080355,-0.23828274,0.3087753
1356874869476,0.14667445,-0.95026463,-0.27474314,0.38860458,-0.2000621,0.899423,-0.9096555,-0.23868883,0.33993316
1356874869516,0.12315488,-0.9369591,-0.3270176,0.40720087,-0.25279695,0.8776566,-0.9049974,-0.24124953,0.3503974
1356874869561,0.106818676,-0.9202771,-0.37640384,0.40688977,-0.30495876,0.8610697,-0.90721035,-0.24513325,0.34187597
1356874869597,0.09877461,-0.9011512,-0.42210174,0.39207992,-0.35462016,0.8488331,-0.9146129,-0.24934074,0.31829596
1356874869637,0.09908557,-0.88126016,-0.46212822,0.36681172,-0.39936095,0.8402142,-0.92500335,-0.25276715,0.28368574
1356874869677,0.106722355,-0.863345,-0.49319935,0.3347592,-0.43587363,0.8354342,-0.9362407,-0.25426254,0.2424953
1356874869716,0.11962187,-0.8508848,-0.5115522,0.29871276,-0.4605316,0.8358715,-0.9468163,-0.25279564,0.19908056
1356874869756,0.13504642,-0.8470724,-0.5140338,0.26060015,-0.47015655,0.84323204,-0.955955,-0.24783275,0.15725428
1356874869796,0.15023398,-0.85329515,-0.49931675,0.22158605,-0.4631381,0.85813916,-0.96349853,-0.23956326,0.11949919
1356874869836,0.16293043,-0.8685592,-0.468037,0.18231243,-0.43970346,0.8794447,-0.9696473,-0.22861728,0.086708024
1356874869876,0.17200094,-0.88970184,-0.42290226,0.14349034,-0.40209383,0.90428483,-0.9745903,-0.21622026,0.058503136
1356874869916,0.17839009,-0.9121218,-0.36906755,0.106579304,-0.35496527,0.9287844,-0.97817063,-0.20502087,0.033890978
1356874869956,0.18494678,-0.93160635,-0.31289658,0.07350367,-0.3043844,0.94970906,-0.97999585,-0.19864473,0.012181595
1356874869996,0.19434243,-0.94599354,-0.25947493,0.0460864,-0.2554208,0.965731,-0.9798506,-0.19964078,-0.0060417056
1356874870036,0.20709568,-0.9552425,-0.21124181,0.026111424,-0.21044892,0.97725606,-0.97797215,-0.20790136,-0.01864028
1356874870076,0.22163141,-0.96034753,-0.16915089,0.015093178,-0.1700657,0.9853171,-0.9750137,-0.22093022,-0.023197234
1356874870116,0.23569694,-0.9625704,-0.13380978,0.013539702,-0.13442305,0.9908315,-0.97173226,-0.23534772,-0.018650204
1356874870156,0.2476412,-0.96302354,-0.10611108,0.021240085,-0.10409987,0.99434006,-0.968619,-0.24849334,-0.0053247213
1356874870196,0.2563641,-0.96267736,-0.086774826,0.037992865,-0.079669654,0.996097,-0.9658333,-0.25866038,0.016150415
1356874870236,0.26076373,-0.96242464,-0.07576999,0.06477776,-0.060865432,0.9960418,-0.9632269,-0.26463982,0.04647222
1356874870276,0.25950313,-0.96305597,-0.07198197,0.10332799,-0.04641968,0.9935636,-0.9601987,-0.26527065,0.08746454
1356874870316,0.25138795,-0.9651313,-0.072977215,0.15483832,-0.034325957,0.9873433,-0.955421,-0.25950587,0.14081022
1356874870356,0.23672897,-0.968601,-0.07597023,0.21751174,-0.02337265,0.97577786,-0.946915,-0.24751928,0.20514911
1356874870396,0.21891725,-0.9724439,-0.08017653,0.28385526,-0.0151456,0.9587475,-0.93354243,-0.23264489,0.27271765
1356874870436,0.20299125,-0.9752519,-0.08762583,0.3420699,-0.0132216215,0.9395815,-0.91748714,-0.22070101,0.33092046
1356874870476,0.19179147,-0.9763011,-0.100260854,0.3823957,-0.019747496,0.9237876,-0.90387475,-0.21551391,0.36954588
1356874870516,0.18522203,-0.97562116,-0.11771196,0.40135056,-0.034235537,0.9152844,-0.89700085,-0.21677455,0.385225
1356874870560,0.18254429,-0.97335446,-0.13877577,0.40023693,-0.055357575,0.91473824,-0.8980468,-0.22252351,0.3794672
1356874870597,0.18343723,-0.96952987,-0.16236591,0.38297942,-0.08163452,0.9201427,-0.90536046,-0.23097128,0.35633516
1356874870637,0.18771297,-0.9642942,-0.18681702,0.3539239,-0.11101776,0.92866194,-0.9162433,-0.24044093,0.3204472
1356874870677,0.19464332,-0.9584433,-0.20856738,0.3172686,-0.1396851,0.93799186,-0.92814577,-0.24874571,0.27689528
1356874870716,0.20289397,-0.95360005,-0.2224434,0.27606848,-0.16224623,0.9473449,-0.9394787,-0.25362015,0.23034011
1356874870762,0.21082103,-0.9516677,-0.22334498,0.23231,-0.17315769,0.9571042,-0.9495191,-0.25366297,0.18457665
1356874870796,0.21680123,-0.9537312,-0.2083123,0.18750325,-0.16873217,0.96766305,-0.9580395,-0.24884972,0.14224643
1356874870833,0.2194202,-0.95936686,-0.17739764,0.14353317,-0.14810759,0.9785,-0.96501446,-0.24016508,0.10520321
1356874870876,0.2171585,-0.9669796,-0.13338923,0.10204062,-0.11341381,0.988294,-0.97078836,-0.22822759,0.07404238
1356874870916,0.21047312,-0.9742018,-0.081436545,0.06459701,-0.06926137,0.995505,-0.97546315,-0.21478763,0.048352867
1356874870956,0.20246974,-0.9788195,-0.030304223,0.032105654,-0.02429375,0.9991892,-0.97876215,-0.20327848,0.026506871
1356874870996,0.19838503,-0.98004115,0.012761474,0.004932791,0.014018387,0.9998896,-0.9801118,-0.19830015,0.0076153576
1356874871036,0.20172763,-0.9784254,0.04460731,-0.01589176,0.04226792,0.9989799,-0.9793128,-0.20223069,-0.0070222914
1356874871076,0.21198949,-0.9750035,0.06654793,-0.028721064,0.06185046,0.9976722,-0.97684985,-0.21340743,-0.014891535
1356874871116,0.22574452,-0.97077453,0.08146283,-0.032535434,0.076061815,0.99657214,-0.97364306,-0.22762108,-0.014414042
1356874871156,0.23935527,-0.9666365,0.09123075,-0.027399719,0.08719981,0.99581397,-0.9705454,-0.24085304,-0.0056138635
1356874871196,0.25082237,-0.963265,0.09596139,-0.013329923,0.09568405,0.99532247,-0.96794134,-0.25092828,0.01115948
1356874871236,0.25966626,-0.9610398,0.094741166,0.010662168,0.10095352,0.99483395,-0.96563953,-0.25731465,0.036461025
1356874871276,0.26588315,-0.9600977,0.08670959,0.046701163,0.10267013,0.9936186,-0.96287334,-0.260137,0.072135925
1356874871316,0.26888412,-0.9604591,0.07224685,0.09716189,0.10167444,0.9900615,-0.9582593,-0.25919214,0.120658696
1356874871356,0.26755017,-0.9620515,0.053608418,0.16213992,0.09979552,0.9817085,-0.94980395,-0.25396422,0.18268728
1356874871396,0.2618744,-0.9645183,0.033560425,0.23529115,0.09753087,0.9670191,-0.9359807,-0.24534109,0.25248346
1356874871436,0.25372106,-0.9671832,0.013506532,0.3037668,0.09292859,0.94820356,-0.9183417,-0.23647639,0.317376
1356874871476,0.24535811,-0.9694123,-0.006249875,0.35505792,0.083862364,0.9310752,-0.9020716,-0.23066595,0.3647738
1356874871516,0.23845702,-0.9708129,-0.025701374,0.38324913,0.06975311,0.9210074,-0.89233315,-0.22947073,0.38869628
1356874871561,0.23412955,-0.97114813,-0.045328766,0.38868022,0.05076492,0.91997313,-0.89112914,-0.23301125,0.3893516
1356874871597,0.2328139,-0.9703309,-0.06523487,0.37547964,0.027807415,0.92641336,-0.89711356,-0.24017626,0.3708135
1356874871637,0.23436129,-0.96849155,-0.08425489,0.3479819,0.0026482344,0.9374975,-0.90773535,-0.24903235,0.33763817
1356874871677,0.23826033,-0.9662231,-0.09820816,0.31027615,-0.020092547,0.9504341,-0.92030466,-0.25692245,0.29500878
1356874871716,0.24364573,-0.9647575,-0.09939751,0.26527816,-0.032286584,0.9636313,-0.93287957,-0.2611527,0.2480625
1356874871756,0.2490598,-0.965374,-0.07760313,0.21451315,-0.023150325,0.97644675,-0.94443285,-0.25984058,0.20131958
1356874871795,0.25200385,-0.967407,-0.02485606,0.15906623,0.01607281,0.9871371,-0.95456374,-0.25271618,0.15793219
1356874871836,0.24911892,-0.9667556,0.057648927,0.10147309,0.08525348,0.99117863,-0.9631423,-0.24107149,0.11933792
1356874871876,0.23812288,-0.9585484,0.15646863,0.046676785,0.17221111,0.9839536,-0.9701128,-0.22699845,0.08574939
1356874871916,0.22043511,-0.9425061,0.25117868,-3.0472875E-4,0.25744656,0.9662925,-0.9754016,-0.21308127,0.056463033
1356874871956,0.20181441,-0.9242675,0.32403803,-0.03789997,0.32322812,0.9455619,-0.97869027,-0.20310906,0.030202389
1356874871996,0.1896448,-0.91092634,0.3663986,-0.06796983,0.36009538,0.93043613,-0.9794973,-0.20135641,0.0063747168
1356874872036,0.18906865,-0.9059132,0.3789122,-0.09176916,0.36788216,0.925333,-0.9776664,-0.20972395,-0.013579905
1356874872076,0.20046891,-0.9078054,0.36837694,-0.10751146,0.3533541,0.9292911,-0.973783,-0.22589871,-0.026762962
1356874872116,0.22006251,-0.9131367,0.3431527,-0.11227164,0.3257298,0.9387732,-0.9690034,-0.2451151,-0.03083843
1356874872156,0.24289982,-0.9195846,0.3088104,-0.10431963,0.2917357,0.95079315,-0.96442574,-0.26316246,-0.025068164
1356874872196,0.26541024,-0.9267299,0.2659495,-0.08267903,0.25294912,0.9639403,-0.96058404,-0.27782816,-0.009485871
1356874872236,0.28520864,-0.93483764,0.21150562,-0.045687914,0.20716017,0.9772396,-0.9573759,-0.28838038,0.016373128
1356874872276,0.2993818,-0.9435117,0.14197284,0.009368271,0.15169728,0.98838264,-0.95408744,-0.29457372,0.054254472
1356874872316,0.30287254,-0.95120853,0.05891213,0.083893955,0.088185966,0.9925649,-0.9493314,-0.29567835,0.106509715
1356874872356,0.29032913,-0.9565722,-0.026051074,0.17372254,0.025916189,0.98445356,-0.94102573,-0.29034117,0.17370245
1356874872396,0.26192796,-0.96001583,-0.0988099,0.26793653,-0.026022792,0.96308506,-0.92714816,-0.27873364,0.25040722
1356874872436,0.22404689,-0.9617368,-0.15768808,0.35279146,-0.07079315,0.9330202,-0.90848297,-0.26467127,0.32343143
1356874872476,0.18302435,-0.95998985,-0.21194708,0.4169652,-0.11943686,0.9010409,-0.89030445,-0.25328696,0.37842256
1356874872516,0.14181805,-0.95190406,-0.2715993,0.45545614,-0.18085802,0.87169373,-0.8788898,-0.24732348,0.40790167
1356874872559,0.100862026,-0.9325665,-0.34662172,0.4681903,-0.2629192,0.84360623,-0.8778523,-0.24737278,0.41009998
1356874872597,0.060321987,-0.8968687,-0.43816411,0.46250615,-0.36388528,0.8085021,-0.88456166,-0.25142404,0.392857
1356874872637,0.021570504,-0.8361684,-0.5480484,0.4414197,-0.4838856,0.7556477,-0.89704144,-0.25821906,0.35866356
1356874872677,-0.010672808,-0.74747,-0.6642099,0.410267,-0.60903734,0.67878914,-0.9119031,-0.26525882,0.31316236
1356874872717,-0.02919209,-0.6424724,-0.7657527,0.3747623,-0.71723324,0.5874775,-0.92666125,-0.26982552,0.2617119
1356874872756,-0.028490365,-0.5491713,-0.83522403,0.34030125,-0.79098076,0.5084727,-0.9398848,-0.2697412,0.20941901
1356874872796,-0.008453488,-0.49670967,-0.86787564,0.3090864,-0.82670355,0.4701351,-0.95099646,-0.2642743,0.16051462
1356874872836,0.026423097,-0.50078255,-0.86516976,0.27897778,-0.82739204,0.48743606,-0.959934,-0.25424272,0.11784488
1356874872876,0.06877977,-0.5589112,-0.8263702,0.24559553,-0.79335344,0.55702174,-0.96692926,-0.24126467,0.08269939
1356874872916,0.10940951,-0.64757967,-0.7541021,0.20686883,-0.7272102,0.6545002,-0.97223186,-0.22760879,0.054400355
1356874872956,0.14180392,-0.73083675,-0.66765964,0.16736099,-0.6470652,0.74383926,-0.97564435,-0.2172195,0.030557163
1356874872996,0.16721433,-0.7849138,-0.59661525,0.13539305,-0.5811207,0.8024758,-0.97657984,-0.21496305,0.009100139
1356874873036,0.19051385,-0.80912554,-0.555896,0.11623266,-0.5436922,0.83119714,-0.9747792,-0.22296783,-0.009534061
1356874873076,0.2125858,-0.8147044,-0.53950346,0.11023304,-0.5286037,0.84168094,-0.9709047,-0.23840052,-0.022566304
1356874873116,0.22980464,-0.8125194,-0.5357257,0.11471617,-0.5240063,0.8439535,-0.96645224,-0.25540087,-0.027209923
1356874873156,0.23818481,-0.80845463,-0.53820914,0.12688145,-0.5235066,0.84252113,-0.96289617,-0.26896447,-0.022113398
1356874873196,0.23539943,-0.80424273,-0.5456928,0.1455617,-0.5259638,0.8379581,-0.9609364,-0.2766868,-0.006744571
1356874873236,0.22033995,-0.8002193,-0.5577629,0.17122343,-0.5312069,0.8297601,-0.9602775,-0.27833137,0.019970179
1356874873276,0.19224155,-0.79748833,-0.57188773,0.20512983,-0.53722876,0.8181119,-0.95966923,-0.27458632,0.060310908
1356874873316,0.15103978,-0.7979268,-0.58352363,0.24847898,-0.54069763,0.8036818,-0.956789,-0.26638132,0.11660111
1356874873356,0.09926605,-0.8016813,-0.5894518,0.30076376,-0.5404971,0.7857505,-0.9485185,-0.25528404,0.1874637
1356874873396,0.043355763,-0.8044947,-0.5923753,0.35665697,-0.5413994,0.7613689,-0.93322885,-0.24428454,0.26345587
1356874873436,-0.008821666,-0.8000052,-0.59992814,0.4052763,-0.5513285,0.729238,-0.91415167,-0.23670359,0.32908678
1356874873476,-0.051674068,-0.7839683,-0.61864644,0.43640587,-0.5749226,0.6921083,-0.8982648,-0.23421688,0.37183702
1356874873516,-0.08230972,-0.75449044,-0.65112925,0.44669777,-0.61197186,0.6526497,-0.8908907,-0.23713858,0.3874004
1356874873590,-0.09592152,-0.7020445,-0.70564336,0.43328905,-0.6676739,0.60536957,-0.896136,-0.24767962,0.36823243
1356874873603,-0.09579378,-0.6441017,-0.75891805,0.41244337,-0.71957994,0.55865467,-0.90593266,-0.25949502,0.3345868
1356874873665,-0.08310658,-0.58459264,-0.80705935,0.3876741,-0.76503325,0.5142305,-0.9180426,-0.27014008,0.29021066
1356874873686,-0.0586195,-0.53528535,-0.8426348,0.3622759,-0.79795,0.4816969,-0.93022573,-0.27702945,0.24069643
1356874873726,-0.024498582,-0.50615954,-0.86209184,0.3363498,-0.81624985,0.46968606,-0.94141847,-0.27845773,0.1902436
1356874873763,0.016730309,-0.5076434,-0.86140484,0.30833012,-0.81692,0.487416,-0.95113236,-0.2737517,0.14285439
1356874873806,0.06115651,-0.544513,-0.83651984,0.27496076,-0.7964704,0.53854567,-0.9595084,-0.2629457,0.10101035
1356874873846,0.10430181,-0.6155635,-0.78115463,0.23418039,-0.7481536,0.6208265,-0.96658194,-0.24768445,0.066119164
1356874873886,0.14043075,-0.7064025,-0.69373965,0.18664593,-0.6692323,0.7192297,-0.9723387,-0.23048565,0.037866354
1356874873926,0.16681045,-0.79611355,-0.5817021,0.13687521,-0.56555855,0.81327033,-0.9764422,-0.21528259,0.014627174
1356874873966,0.18537098,-0.86633706,-0.46378633,0.09142789,-0.4547137,0.8859325,-0.9784061,-0.20662922,-0.005083367
1356874874006,0.20085484,-0.9122361,-0.3570473,0.05512002,-0.35337353,0.9338571,-0.97806907,-0.20725015,-0.020694345
1356874874046,0.2157355,-0.93918306,-0.26719534,0.029909551,-0.2671547,0.96318936,-0.97599363,-0.21578586,-0.029544175
1356874874086,0.22910967,-0.9542203,-0.1922819,0.016293734,-0.1937491,0.9809158,-0.9732643,-0.22787032,-0.028842002
1356874874126,0.23933932,-0.96230894,-0.1291438,0.014214277,-0.12952253,0.9914745,-0.9708319,-0.23913452,-0.017321289
1356874874166,0.24591923,-0.9663116,-0.075932264,0.02345407,-0.07238281,0.9971011,-0.96900654,-0.24698728,0.00486362
1356874874206,0.24926782,-0.96791947,-0.03158319,0.04380533,-0.021310091,0.99881285,-0.9674434,-0.25035542,0.037088126
1356874874246,0.25005528,-0.96822,0.0047262013,0.075385064,0.024335176,0.9968575,-0.96529245,-0.24891326,0.07907447
1356874874286,0.24908969,-0.96789813,0.03358075,0.11861387,0.06490132,0.99081707,-0.9611894,-0.24281916,0.13097236
1356874874326,0.24727103,-0.9673643,0.05534762,0.1733073,0.10035536,0.9797415,-0.9533214,-0.23266953,0.19246623
1356874874366,0.24568248,-0.9668324,0.06982425,0.23541155,0.12938577,0.963245,-0.9403306,-0.22021502,0.25939125
1356874874406,0.24546456,-0.9664142,0.0760963,0.2952219,0.14929211,0.9436927,-0.9233586,-0.20917782,0.32195258
1356874874446,0.24677253,-0.96625376,0.073871106,0.34094903,0.15792418,0.92672205,-0.90711474,-0.20350328,0.36841464
1356874874486,0.24852058,-0.9664403,0.065044165,0.36553657,0.15575978,0.91767204,-0.89700645,-0.2042844,0.39197874
