1356875647717,-0.028834641,-4.9996376E-4,0.9995841,-0.5422151,-0.84008616,-0.016061246,0.8397448,-0.5424527,0.023952506
1356875647719,0.27669188,0.38954413,-0.87846285,0.46719843,0.74430925,0.47721004,0.83974236,-0.5424566,0.023949921
1356875647754,0.27670667,0.38952684,-0.8784658,0.4672252,0.7442961,0.47720423,0.8397225,-0.54248697,0.023954928
1356875647798,0.27674878,0.38933042,-0.87853956,0.4672995,0.74434,0.47706297,0.8396673,-0.5425677,0.024061263
1356875647845,0.27685928,0.38852653,-0.87886065,0.4674379,0.744648,0.47644642,0.8395539,-0.5427214,0.024550676
1356875647881,0.27631128,0.3858766,-0.8801996,0.4680376,0.74588335,0.47391868,0.83940035,-0.5429156,0.025491238
1356875647925,0.27503413,0.3810398,-0.8827032,0.46916193,0.7481854,0.4691543,0.83919203,-0.5431642,0.027007163
1356875647970,0.27152354,0.3720486,-0.8876119,0.47164622,0.7524869,0.45968825,0.8389427,-0.54345495,0.028842568
1356875648016,0.26370123,0.3568303,-0.8961774,0.4763633,0.75969267,0.44265676,0.8387728,-0.54363513,0.030351043
1356875648053,0.25323308,0.3385877,-0.9062182,0.48199397,0.7680447,0.4216504,0.8387817,-0.54356754,0.031297088
1356875648091,0.24025539,0.31763348,-0.91727114,0.48827526,0.7771574,0.39700583,0.83896637,-0.54326355,0.03162366
1356875648132,0.22612667,0.29601622,-0.9280308,0.4944666,0.78595614,0.37118155,0.8392673,-0.54281425,0.0313555
1356875648173,0.21172059,0.27478963,-0.9379046,0.50029486,0.79391897,0.34553978,0.839571,-0.5423867,0.030613184
1356875648210,0.19790375,0.25521868,-0.94641304,0.50554657,0.80061585,0.3216161,0.8397957,-0.5421049,0.029419959
1356875648252,0.18528402,0.23822683,-0.9533719,0.5100912,0.80591434,0.30051464,0.8399267,-0.5419871,0.027805626
1356875648292,0.17439538,0.22441825,-0.9587609,0.51379573,0.8098822,0.2830277,0.84,-0.5419661,0.025934577
1356875648334,0.16550803,0.21401115,-0.9627079,0.5166091,0.81270844,0.26948118,0.84007275,-0.54194486,0.023949683
1356875648376,0.15905654,0.20714644,-0.9652934,0.51844966,0.8145505,0.2602256,0.84018505,-0.5418467,0.022164583
1356875648412,0.1546799,0.20305023,-0.9668737,0.51948786,0.81572384,0.25441507,0.84036094,-0.54163206,0.020693958
1356875648456,0.15205494,0.20104907,-0.96770793,0.51980776,0.8164829,0.25130773,0.84064215,-0.5412347,0.019643366
1356875648498,0.15101531,0.20077243,-0.9679281,0.51963115,0.8168416,0.25050575,0.8409386,-0.5407958,0.019027948
1356875648535,0.15102538,0.20115915,-0.96784616,0.5191723,0.8170347,0.2508272,0.84122014,-0.5403602,0.01895672
1356875648570,0.1517984,0.20193547,-0.96756357,0.5186694,0.81702703,0.2518903,0.84139127,-0.5400822,0.01928562
1356875648615,0.15347782,0.20300615,-0.9670744,0.5182963,0.8167051,0.2536962,0.84131646,-0.54016787,0.020128787
1356875648651,0.15576506,0.20433724,-0.9664282,0.51812416,0.81607735,0.2560569,0.84100217,-0.54061455,0.021244287
1356875648691,0.15858108,0.20579784,-0.9656601,0.5182363,0.815133,0.2588231,0.84040666,-0.54148453,0.02261275
1356875648766,0.16141579,0.20712262,-0.9649067,0.5185487,0.8140814,0.2614932,0.83967376,-0.54256034,0.024002433
1356875648770,0.16369379,0.20804669,-0.9643241,0.5189363,0.81317806,0.2635272,0.8389932,-0.5435605,0.025149226
1356875648807,0.16510683,0.20870218,-0.96394145,0.51925635,0.81253976,0.26486218,0.838518,-0.5442633,0.025785923
1356875648853,0.1658287,0.20980358,-0.96357834,0.51935786,0.8120413,0.26618856,0.8383126,-0.5445837,0.025696635
1356875648892,0.16631946,0.21239495,-0.9629259,0.5190758,0.81141657,0.26863253,0.83839023,-0.54451036,0.02470529
1356875648931,0.16748473,0.21770869,-0.96153617,0.5182233,0.8102592,0.27372345,0.83868563,-0.544135,0.02288431
1356875648971,0.1697048,0.22599912,-0.9592313,0.5168599,0.80832875,0.28188735,0.8390805,-0.54362583,0.020367384
1356875649010,0.17365041,0.23738539,-0.95576864,0.5151714,0.8052326,0.29359633,0.83931154,-0.5433678,0.017534792
1356875649051,0.17931154,0.25088015,-0.95126575,0.513778,0.80072117,0.30802262,0.83897537,-0.54397136,0.014681876
1356875649090,0.18595672,0.2651948,-0.94609284,0.5136248,0.79461616,0.32368916,0.83762133,-0.5461289,0.0115535855
1356875649131,0.19135156,0.27877057,-0.9411012,0.5158681,0.7871455,0.33805627,0.83502376,-0.55017173,0.006812632
1356875649170,0.19181466,0.2901402,-0.93756384,0.52146626,0.7791676,0.3478086,0.83143264,-0.55562264,-0.0018425584
1356875649212,0.183236,0.29829192,-0.93672115,0.53074473,0.7720366,0.3496706,0.82748693,-0.56123203,-0.016851962
1356875649250,0.1628865,0.3029779,-0.93897414,0.5429563,0.7670954,0.34170616,0.8238121,-0.56548125,-0.039554298
1356875649291,0.12994054,0.30452472,-0.9435996,0.5565652,0.765195,0.3235919,0.8205794,-0.5672224,-0.07005799
1356875649331,0.08591583,0.30381823,-0.94884825,0.5695269,0.7664464,0.296983,0.8174702,-0.56591016,-0.1071828
1356875649372,0.03285384,0.30167246,-0.9528454,0.5801227,0.7705708,0.26396647,0.8138662,-0.5614395,-0.1496908
1356875649411,-0.024915695,0.29933384,-0.9538231,0.587095,0.7766319,0.22839072,0.8091345,-0.55429435,-0.19508773
1356875649453,-0.08917341,0.29556757,-0.9511508,0.5899913,0.78506315,0.1886427,0.8024701,-0.5443488,-0.24438906
1356875649490,-0.15528715,0.29152027,-0.94387585,0.58845305,0.7947493,0.14864911,0.7934789,-0.5323434,-0.29496032
1356875649534,-0.22714114,0.28427052,-0.931449,0.58171237,0.80667514,0.1043355,0.7810363,-0.51813656,-0.34859282
1356875649570,-0.2954671,0.27627188,-0.9145344,0.5711142,0.81846976,0.06273654,0.7658511,-0.503767,-0.39961368
1356875649614,-0.36024004,0.26580212,-0.8941903,0.558264,0.82938135,0.021631077,0.7473743,-0.4914019,-0.44716412
1356875649650,-0.40927464,0.2572819,-0.87538576,0.5484727,0.83610004,-0.010695353,0.7291584,-0.48450255,-0.48330665
1356875649694,-0.43362564,0.25456345,-0.8643878,0.54865223,0.8355417,-0.029166609,0.71480733,-0.4868957,-0.5019792
1356875649769,-0.43456444,0.25676304,-0.86326504,0.55701363,0.82982415,-0.033581972,0.70773554,-0.49544394,-0.50363255
1356875649771,-0.40625155,0.26629823,-0.8740967,0.57405347,0.8186329,-0.017400354,0.71093065,-0.5088471,-0.4854403
1356875649808,-0.3585049,0.27674186,-0.891565,0.5919085,0.8059136,0.012144923,0.7218854,-0.5233709,-0.45272988
1356875649855,-0.28894877,0.28840077,-0.9128711,0.6074694,0.7922225,0.058003873,0.7399254,-0.5377811,-0.40410638
1356875649891,-0.21698546,0.2928149,-0.9312233,0.6134459,0.7829577,0.10325433,0.7593428,-0.5488504,-0.3495165
1356875649934,-0.13937414,0.29428428,-0.9455008,0.60921365,0.7782211,0.15241617,0.78066236,-0.5547691,-0.2877459
1356875649972,-0.0733825,0.28735176,-0.95500994,0.5956415,0.78066814,0.18912548,0.79989135,-0.5549651,-0.228446
1356875650008,-0.017899575,0.27702767,-0.9606952,0.5756717,0.7884611,0.21663612,0.81748503,-0.54916734,-0.17359012
1356875650048,0.023715226,0.2625289,-0.96463263,0.5527394,0.800564,0.23146588,0.83301663,-0.5386797,-0.1261245
1356875650088,0.05197555,0.24471883,-0.96819997,0.5299215,0.81499666,0.23444332,0.8464525,-0.5252553,-0.08732188
1356875650128,0.069250435,0.22429168,-0.9720585,0.5090543,0.8300456,0.22778939,0.8579442,-0.51060504,-0.05669564
1356875650168,0.07991207,0.2024711,-0.9760223,0.4914275,0.84388775,0.21529618,0.86724454,-0.49684897,-0.032063067
1356875650209,0.08969125,0.1815504,-0.9792829,0.4789484,0.85423076,0.20223312,0.8732491,-0.4871645,-0.01033622
1356875650250,0.10285869,0.1642293,-0.9810447,0.47384617,0.85908663,0.1934941,0.87457985,-0.48476684,0.010545135
1356875650294,0.11896378,0.15212443,-0.9811757,0.4766164,0.85814786,0.19083773,0.8710249,-0.4903472,0.029583514
1356875650334,0.1347628,0.14593717,-0.98007214,0.4887158,0.8506316,0.19386275,0.8619721,-0.5051022,0.043311715
1356875650373,0.14509815,0.14804342,-0.97827893,0.50079846,0.8417447,0.20165995,0.85331553,-0.519181,0.047995687
1356875650418,0.14351118,0.1537101,-0.97763884,0.51280856,0.8333471,0.20630077,0.84642303,-0.53094804,0.04077077
1356875650457,0.13769776,0.16905594,-0.9759403,0.5224502,0.82470727,0.21657258,0.84147793,-0.53970176,0.025237024
1356875650500,0.11781207,0.18611003,-0.9754401,0.532768,0.8170985,0.22024594,0.8380206,-0.5456309,-0.0028893948
1356875650550,0.07422128,0.20402192,-0.9761486,0.54602826,0.8107672,0.21097316,0.8344724,-0.5486635,-0.051225543
1356875650588,0.0146407485,0.22619501,-0.973972,0.5600736,0.80507195,0.1953887,0.8283135,-0.54835665,-0.11489898
1356875650626,-0.062431037,0.24348801,-0.9678925,0.5728556,0.802872,0.16502427,0.8172753,-0.54416,-0.18960762
1356875650663,-0.14467603,0.25655442,-0.9556405,0.58173764,0.80330724,0.12758833,0.8004063,-0.5374731,-0.2654667
1356875650703,-0.20913813,0.27038518,-0.93976223,0.5883708,0.8023933,0.09992364,0.7810768,-0.5320308,-0.32689774
1356875650745,-0.2410649,0.287168,-0.9270503,0.5964675,0.7973596,0.09189227,0.76558095,-0.53080344,-0.3635018
1356875650785,-0.2389189,0.30473977,-0.9219823,0.60634935,0.7884376,0.10347265,0.7584578,-0.5343218,-0.37315142
1356875650829,-0.21058789,0.31835133,-0.92428625,0.6149994,0.7780895,0.12787636,0.7598871,-0.54150635,-0.3596421
1356875650867,-0.16465694,0.32452685,-0.93143463,0.61884356,0.7693266,0.15864804,0.76806307,-0.55028987,-0.3275063
1356875650908,-0.111208975,0.32110292,-0.9404922,0.6149167,0.7656807,0.1887077,0.78071135,-0.5573383,-0.28260213
1356875650948,-0.057826996,0.30881298,-0.94936323,0.6021531,0.769288,0.21355934,0.7962836,-0.5593126,-0.23043829
1356875650987,-0.012765111,0.28962892,-0.9570539,0.58257556,0.780056,0.22829449,0.8126763,-0.55464196,-0.17868823
1356875651027,0.021839887,0.26777947,-0.9632327,0.55872387,0.79569554,0.23387222,0.8290661,-0.5432888,-0.1322369
1356875651066,0.045407295,0.24604066,-0.9681953,0.5334392,0.8134735,0.23174,0.8446187,-0.526996,-0.094310105
1356875651106,0.059780836,0.2264828,-0.9721789,0.5089291,0.83091825,0.22486901,0.85873014,-0.508213,-0.06559068
1356875651147,0.068210214,0.20998713,-0.9753218,0.4865984,0.84643376,0.21626827,0.87095886,-0.48934177,-0.044443965
1356875651186,0.07491577,0.19652435,-0.97763276,0.46753195,0.8590328,0.20851019,0.88079596,-0.47269526,-0.027526319
1356875651231,0.08414638,0.18555088,-0.9790251,0.45374864,0.8675988,0.20343196,0.887148,-0.46134937,-0.011188149
1356875651269,0.09776944,0.17630127,-0.97946864,0.4478357,0.8711147,0.20150031,0.8887543,-0.45834166,0.0062143803
1356875651312,0.11344251,0.16798213,-0.9792409,0.45068124,0.86967003,0.20139623,0.8854474,-0.46417242,0.022951126
1356875651350,0.1259442,0.16013618,-0.9790273,0.46062183,0.8646133,0.20067728,0.87861574,-0.4762355,0.0351308
1356875651390,0.13052487,0.15296376,-0.9795741,0.474487,0.8578925,0.19718651,0.8705317,-0.49053288,0.039397
1356875651430,0.12526068,0.1473055,-0.9811273,0.48948532,0.8510022,0.19026129,0.862968,-0.50407964,0.034493268
1356875651470,0.11027208,0.14407203,-0.9834039,0.5038589,0.8447676,0.18026055,0.8567183,-0.51537454,0.020562291
1356875651510,0.08495626,0.14358035,-0.98598534,0.5171436,0.83948684,0.16680615,0.8516719,-0.5240672,-0.002932012
1356875651551,0.047221337,0.14522672,-0.98827094,0.52961606,0.8352189,0.14804167,0.8469221,-0.53039485,-0.037474215
1356875651591,-0.010414183,0.14677142,-0.98911566,0.5413041,0.8325289,0.11783677,0.84076244,-0.5341852,-0.08811808
1356875651639,-0.099642396,0.1442606,-0.9845102,0.5488043,0.83329695,0.06655872,0.8299911,-0.5336713,-0.16220254
1356875651682,-0.20061827,0.13509755,-0.9703097,0.5455128,0.8380934,0.0039003193,0.8137371,-0.52853394,-0.24183428
1356875651720,-0.2895434,0.11984159,-0.9496329,0.53221583,0.8447768,-0.05566378,0.795557,-0.52152675,-0.30838114
1356875651759,-0.34920278,0.103397325,-0.93132514,0.51747316,0.8498746,-0.099673375,0.78120357,-0.51674193,-0.35028386
1356875651795,-0.37621808,0.08823289,-0.9223205,0.5087555,0.8516329,-0.12605266,0.7743565,-0.51665884,-0.36528867
1356875651838,-0.37074304,0.07801558,-0.9254529,0.5109768,0.8492256,-0.13311133,0.7755335,-0.52223504,-0.3547086
1356875651876,-0.33951378,0.07279369,-0.9377801,0.5219426,0.84400004,-0.12344986,0.7825001,-0.5313803,-0.32454377
1356875651916,-0.28968376,0.07205936,-0.954406,0.5360626,0.83830416,-0.099413574,0.7929189,-0.5404198,-0.28147143
1356875651956,-0.22953597,0.074424475,-0.9704505,0.54685986,0.834671,-0.06533466,0.8051444,-0.54569703,-0.23228681
1356875651996,-0.16760504,0.07809965,-0.9827558,0.5497023,0.83491117,-0.027399123,0.8183739,-0.54481536,-0.18286687
1356875652036,-0.11157752,0.08106387,-0.9904439,0.54315543,0.8395984,0.00752908,0.83218545,-0.5371249,-0.13771057
1356875652076,-0.06624177,0.08170591,-0.9944527,0.5288684,0.8480045,0.034444854,0.84611475,-0.5236529,-0.09938502
1356875652116,-0.032736123,0.07925592,-0.9963166,0.5100521,0.8585979,0.051541686,0.85952026,-0.5064861,-0.06853181
1356875652156,-0.008984089,0.074092746,-0.99721086,0.4898656,0.8697165,0.060206637,0.87175167,-0.48795843,-0.044109106
1356875652208,0.011830568,0.06887218,-0.9975554,0.47029045,0.88001513,0.066334546,0.88243246,-0.46992552,-0.021978855
1356875652258,0.03292254,0.064109296,-0.9973997,0.45996436,0.885008,0.0720678,0.88732684,-0.46114093,-3.5125017E-4
1356875652298,0.054049615,0.06288603,-0.99655604,0.46053723,0.883959,0.080758646,0.88599324,-0.46331614,0.018816292
1356875652338,0.07325563,0.066109166,-0.9951197,0.4698195,0.87786007,0.092904925,0.8797177,-0.47433245,0.033248782
1356875652380,0.087188005,0.073425844,-0.9934822,0.4852739,0.86782414,0.10672639,0.87000424,-0.49141622,0.040032208
1356875652428,0.092816114,0.08645216,-0.991923,0.50333786,0.8554824,0.12165882,0.8590903,-0.51056427,0.035887897
1356875652471,0.09918603,0.11457685,-0.9884504,0.5178472,0.84229136,0.14959803,0.84970367,-0.5267043,0.024210274
1356875652520,0.08738956,0.14193518,-0.9860109,0.5333486,0.8293172,0.16664967,0.8413693,-0.54045093,-0.0032272935
1356875652560,0.07363075,0.185895,-0.97980696,0.5480076,0.8133094,0.19548786,0.8332264,-0.5513356,-0.0419873
1356875652601,0.03942305,0.22276118,-0.97407556,0.5652336,0.7989047,0.20557766,0.8239883,-0.55868477,-0.09441686
1356875652641,-0.028662357,0.24158518,-0.9699562,0.5835958,0.7918482,0.17997879,0.8115383,-0.5609038,-0.16368431
1356875652689,-0.12012702,0.24524482,-0.9619899,0.5959557,0.7927996,0.12769327,0.7939813,-0.55796397,-0.24139172
1356875652761,-0.1810571,0.2604037,-0.9483714,0.6036023,0.7907485,0.10188767,0.77645516,-0.5539917,-0.3003509
1356875652767,-0.19425327,0.29287207,-0.93621135,0.6142083,0.78046596,0.11670941,0.76486206,-0.55235755,-0.33149248
1356875652809,-0.14665347,0.34947827,-0.92539597,0.6296164,0.75451756,0.1851662,0.7629391,-0.5554892,-0.33068985
1356875652857,-0.04559037,0.42119613,-0.905823,0.6368295,0.710878,0.29849738,0.7696556,-0.5632462,-0.30063927
1356875652899,0.06171322,0.47981405,-0.87519705,0.62345684,0.66622096,0.40920797,0.77941835,-0.5709011,-0.2580287
1356875652950,0.1713357,0.525063,-0.8336383,0.5820485,0.6287533,0.5156442,0.7948985,-0.5735662,-0.1978842
1356875652997,0.23795563,0.54311615,-0.8052341,0.5325455,0.6203644,0.5757979,0.8122637,-0.5658382,-0.14161485
1356875653036,0.26714924,0.5450421,-0.79470766,0.4902573,0.6331091,0.5990164,0.82962584,-0.54963803,-0.098076284
1356875653076,0.26990214,0.538231,-0.798411,0.45695704,0.658265,0.5982286,0.8475512,-0.5263027,-0.06828129
1356875653116,0.2565815,0.52571493,-0.8110423,0.43100888,0.6888435,0.5828601,0.86509955,-0.49911758,-0.04984337
1356875653156,0.23764834,0.5102295,-0.8265525,0.40971228,0.71887743,0.5615613,0.88071513,-0.47210282,-0.038207293
1356875653198,0.22306007,0.49505875,-0.8397387,0.3916147,0.7433614,0.54226536,0.89268255,-0.44981182,-0.028058052
1356875653237,0.22001255,0.48328072,-0.847369,0.3781609,0.75847274,0.53076684,0.89921564,-0.43721718,-0.01588434
1356875653282,0.23142797,0.47737584,-0.8476754,0.37124786,0.76205593,0.53051466,0.8992309,-0.43747357,-8.636713E-4
1356875653328,0.25726184,0.478018,-0.8398304,0.37359363,0.75230753,0.5426428,0.89120376,-0.45335656,0.01495558
1356875653381,0.28024757,0.47889605,-0.83193743,0.38478765,0.7379473,0.55441165,0.8794315,-0.47549176,0.022534668
1356875653429,0.29107353,0.47992647,-0.8276151,0.40056592,0.72445893,0.56098676,0.8688056,-0.4948028,0.018628657
1356875653469,0.29287314,0.48456097,-0.824273,0.4169144,0.7110888,0.5661582,0.86046946,-0.5094638,0.0062383413
1356875653509,0.2841817,0.49127033,-0.8233433,0.43620333,0.69847727,0.5673237,0.8537959,-0.5203681,-0.015799284
1356875653549,0.26449057,0.5005649,-0.8243055,0.46021092,0.6856301,0.5640188,0.8474967,-0.5285321,-0.049022734
1356875653590,0.22900355,0.5104676,-0.82884276,0.49231333,0.6738085,0.55100787,0.8397529,-0.5342331,-0.09700543
1356875653629,0.17533496,0.5195046,-0.83628505,0.53168494,0.6649536,0.5245454,0.8285945,-0.53661126,-0.15962315
1356875653669,0.10573369,0.5259024,-0.84394723,0.5733584,0.6611776,0.4838432,0.8124533,-0.53504276,-0.23162186
1356875653709,0.0367952,0.530291,-0.84701693,0.6082844,0.6605962,0.44000322,0.7928659,-0.5314172,-0.29826093
1356875653761,-0.011364073,0.5339966,-0.8454103,0.6313169,0.65948266,0.40807068,0.7754418,-0.5290844,-0.34461546
1356875653790,-0.028551042,0.53693926,-0.84313756,0.642498,0.6560215,0.39602035,0.76575524,-0.5304074,-0.3637125
1356875653829,-0.015957415,0.537247,-0.84327394,0.643555,0.6509845,0.4025619,0.76523346,-0.5362693,-0.35613602
1356875653871,0.018943667,0.53255475,-0.84618354,0.63549554,0.6469664,0.42140228,0.77187216,-0.54572874,-0.32618028
1356875653909,0.06509507,0.5215102,-0.8507583,0.61894304,0.6476499,0.44436374,0.7827338,-0.5554968,-0.2806263
1356875653948,0.111875236,0.50511485,-0.85577023,0.59517354,0.6555697,0.46475455,0.7957715,-0.5613264,-0.22728902
1356875653988,0.15152395,0.48622087,-0.8605985,0.566326,0.67087865,0.4787449,0.8101329,-0.5599206,-0.17370534
1356875654028,0.17981493,0.46816495,-0.8651521,0.53497535,0.6915155,0.4853943,0.82551074,-0.55011624,-0.12611192
1356875654069,0.19621882,0.453577,-0.86934805,0.50323755,0.71433747,0.4862859,0.841576,-0.532907,-0.08809054
1356875654126,0.20320264,0.44367236,-0.8728479,0.4729566,0.7360757,0.48425668,0.8573334,-0.5112214,-0.060265243
1356875654147,0.2042886,0.43834296,-0.87528366,0.44517264,0.75473195,0.48187238,0.8718299,-0.48809338,-0.040955126
1356875654187,0.20407233,0.43669662,-0.8761567,0.42083457,0.7689409,0.48127756,0.883885,-0.46693245,-0.026857495
1356875654223,0.20761037,0.43744025,-0.8749537,0.40126547,0.7776428,0.4840018,0.8921233,-0.4515725,-0.014082968
1356875654267,0.21915004,0.4393349,-0.871182,0.388396,0.779812,0.4909601,0.89505404,-0.4459575,2.5993586E-4
1356875654319,0.24478081,0.44120994,-0.8633749,0.38647434,0.7722673,0.50422305,0.88922435,-0.45709637,0.018519878
1356875654367,0.27193344,0.44346294,-0.854045,0.39322993,0.7588047,0.51921636,0.87830657,-0.47702837,0.03196144
1356875654408,0.2910492,0.44568932,-0.8465526,0.4042129,0.7447164,0.53104556,0.867123,-0.49674785,0.03659576
1356875654460,0.2950907,0.44828874,-0.8437764,0.42498308,0.729355,0.5361256,0.8557516,-0.5167964,0.024710715
1356875654510,0.28514314,0.45189476,-0.8452718,0.4506027,0.7151516,0.53433645,0.84596133,-0.53324413,2.9557943E-4
1356875654551,0.2623407,0.45621166,-0.8503225,0.479988,0.70275044,0.52512234,0.8371314,-0.54590553,-0.034616053
1356875654589,0.22699624,0.4611351,-0.8578037,0.512906,0.6921415,0.5078067,0.82788897,-0.55524284,-0.07940543
1356875654631,0.17078134,0.4672638,-0.8674667,0.55273265,0.6833919,0.47692993,0.8156718,-0.56092787,-0.14156133
1356875654680,0.08915955,0.47360796,-0.8762112,0.5976841,0.67828256,0.42744175,0.7967586,-0.561808,-0.22259259
1356875654720,0.0056441436,0.47650483,-0.8791537,0.6336387,0.67843825,0.3717842,0.77360845,-0.5591642,-0.29810274
1356875654759,-0.06177944,0.47604492,-0.8772482,0.6567726,0.68121475,0.3234133,0.7515537,-0.5561723,-0.35473835
1356875654797,-0.10216743,0.47143924,-0.8759606,0.66780436,0.6851556,0.29085946,0.7372918,-0.5552539,-0.38482976
1356875654837,-0.1127609,0.4631039,-0.87910163,0.6695249,0.6891446,0.27715707,0.7341807,-0.557328,-0.38776815
1356875654881,-0.09809184,0.45125633,-0.8869869,0.6640987,0.6934876,0.27937055,0.74118215,-0.5616429,-0.3677042
1356875654927,-0.053662777,0.43549192,-0.8985917,0.6478977,0.699938,0.30052507,0.7598347,-0.56606853,-0.31971484
1356875654971,-0.008065164,0.4177253,-0.90853757,0.6256659,0.7108583,0.32128274,0.7800494,-0.56584984,-0.26708972
1356875655008,0.034907818,0.40225965,-0.9148599,0.5976599,0.7252846,0.34170884,0.8009894,-0.55870336,-0.21509635
1356875655048,0.07132134,0.39144263,-0.91743445,0.56519926,0.7420028,0.36052963,0.82186556,-0.54424673,-0.1683225
1356875655088,0.099613726,0.3868549,-0.91674453,0.530313,0.7589288,0.3778826,0.8419295,-0.52380383,-0.12955445
1356875655128,0.1208317,0.3889968,-0.9132805,0.4955937,0.7735194,0.39503747,0.8601085,-0.5003491,-0.09931868
1356875655168,0.13759306,0.397182,-0.9073669,0.46327662,0.78389263,0.41338485,0.8754673,-0.4772408,-0.07614696
1356875655209,0.15331328,0.41021428,-0.89901024,0.43482664,0.7889497,0.43414766,0.8873674,-0.45747417,-0.057415605
1356875655250,0.17257982,0.42702928,-0.887616,0.41155568,0.78744656,0.45885712,0.8948956,-0.44449288,-0.039848924
1356875655289,0.19816065,0.4470597,-0.8722786,0.39452642,0.7782735,0.48850715,0.89726317,-0.44093984,-0.022153676
1356875655332,0.23191783,0.46880913,-0.8523098,0.38517118,0.7603245,0.52301997,0.89322853,-0.44958284,-0.004238963
1356875655380,0.2694634,0.49289453,-0.8273116,0.38289005,0.7334297,0.5616726,0.8836202,-0.46811956,0.008908033
1356875655419,0.3013774,0.5199786,-0.7992459,0.38168234,0.70234394,0.60085917,0.87377936,-0.48614338,0.013203979
1356875655460,0.32255802,0.54693544,-0.7725399,0.3832,0.6708367,0.6349298,0.86551374,-0.500839,0.0067980886
1356875655500,0.33398423,0.5747806,-0.74704874,0.387159,0.63896245,0.6647066,0.8593966,-0.5112282,-0.009128094
1356875655539,0.33542982,0.60296875,-0.7238201,0.39600846,0.6069039,0.68908983,0.8547889,-0.5177801,-0.035207033
1356875655580,0.32688665,0.63159657,-0.7030156,0.41283894,0.5737195,0.7073966,0.850123,-0.5214708,-0.073206425
1356875655619,0.3078359,0.66015697,-0.6851496,0.44087628,0.5391671,0.71758413,0.84312826,-0.52296436,-0.12507254
1356875655659,0.27751386,0.68768686,-0.6708747,0.48189276,0.50446445,0.71644604,0.831123,-0.5221133,-0.19139546
1356875655699,0.24109355,0.7130725,-0.6583324,0.5305725,0.4711521,0.7046336,0.8126295,-0.51917565,-0.26474488
1356875655761,0.2105841,0.7346631,-0.644922,0.5753474,0.4402151,0.68933743,0.7903352,-0.51621777,-0.32998425
1356875655779,0.19787788,0.7509403,-0.63002616,0.60512614,0.4120584,0.68119764,0.77114636,-0.51603925,-0.37287635
1356875655821,0.20675093,0.7607239,-0.6152668,0.6149128,0.3881002,0.6864841,0.76101005,-0.52026665,-0.3875388
1356875655859,0.23212138,0.7635055,-0.60264343,0.60644025,0.3708085,0.70337135,0.7604932,-0.52873474,-0.37694788
1356875655901,0.26857698,0.75955087,-0.5924093,0.581821,0.3622262,0.7282008,0.7676918,-0.5402541,-0.3446371
1356875655939,0.30732656,0.7504804,-0.5850892,0.5458282,0.36462522,0.7544004,0.7795011,-0.5512055,-0.2975744
1356875655978,0.34094167,0.73934245,-0.5806303,0.5035571,0.37792796,0.77691746,0.79384446,-0.557264,-0.24344975
1356875656018,0.36443466,0.72946006,-0.57885706,0.4604227,0.3991673,0.79289114,0.80944324,-0.55547595,-0.19038957
1356875656058,0.3763066,0.7230677,-0.579281,0.41979593,0.4243074,0.80233073,0.8259326,-0.5451021,-0.14387119
1356875656098,0.3777672,0.72068125,-0.58130074,0.38369542,0.4495269,0.80666184,0.8426564,-0.5277728,-0.10670555
1356875656138,0.37181038,0.72141814,-0.5842199,0.35283208,0.4722857,0.80774736,0.8586423,-0.5064603,-0.07893872
1356875656178,0.3618905,0.7237674,-0.58753383,0.32692242,0.49169177,0.80706936,0.873016,-0.48414868,-0.058677197
1356875656219,0.35191593,0.72610354,-0.59070206,0.30488864,0.5077354,0.80575913,0.88498485,-0.4636578,-0.04270053
1356875656260,0.34704438,0.7270026,-0.5924756,0.28547466,0.5198723,0.8051317,0.89334446,-0.4485532,-0.02712208
1356875656300,0.35094568,0.72584826,-0.5915922,0.26944375,0.526779,0.80616623,0.89679265,-0.44232136,-0.010704458
1356875656341,0.3655805,0.72287023,-0.5863528,0.2580532,0.5265488,0.8100339,0.8942927,-0.44744286,0.0059570074
1356875656379,0.3826822,0.7187971,-0.5804181,0.25328323,0.5225452,0.8141217,0.8884829,-0.4585601,0.017909527
1356875656421,0.39766157,0.7146702,-0.5754231,0.25714806,0.5152008,0.8175837,0.88076115,-0.47309053,0.021099508
1356875656470,0.40462717,0.710969,-0.5751522,0.27198312,0.5069153,0.8179622,0.87309915,-0.48740143,0.011740148
1356875656510,0.4032817,0.70805967,-0.5796684,0.29273784,0.50035006,0.814834,0.8669882,-0.49829853,-0.0054938197
1356875656550,0.39285815,0.70642495,-0.58874977,0.32094204,0.49464333,0.80766594,0.8617765,-0.50625265,-0.032396793
1356875656589,0.37388277,0.7058571,-0.6016456,0.35798186,0.4885972,0.79568946,0.8556055,-0.5128728,-0.07000595
1356875656629,0.34517828,0.7057887,-0.61863905,0.4067772,0.4815192,0.7763192,0.8458039,-0.5196168,-0.12088877
1356875656670,0.30601892,0.70511127,-0.6396645,0.46645585,0.4746733,0.7463941,0.8299225,-0.5267859,-0.18364424
1356875656709,0.25887108,0.7022958,-0.6631489,0.5297811,0.47083646,0.70543957,0.8076619,-0.5339416,-0.2501771
1356875656765,0.21112514,0.6959199,-0.68638307,0.58470285,0.47280604,0.65922457,0.78329355,-0.54050905,-0.3070851
1356875656789,0.17208701,0.6855877,-0.7073582,0.62184685,0.48130745,0.61777794,0.76399773,-0.54618,-0.34350383
1356875656829,0.14874414,0.6718239,-0.7256224,0.6389213,0.4947662,0.58905524,0.7547548,-0.5512342,-0.35564905
1356875656869,0.14408728,0.65577465,-0.7410793,0.6384279,0.5105872,0.5759432,0.7560745,-0.55611175,-0.34509575
1356875656908,0.15391695,0.6380267,-0.7544742,0.6249049,0.52861345,0.57450986,0.76537794,-0.5599015,-0.31734347
1356875656948,0.17121619,0.6191564,-0.7663749,0.60219055,0.549883,0.57878774,0.77977663,-0.56060153,-0.27870125
1356875656988,0.18912199,0.59947306,-0.77773064,0.5741294,0.57503444,0.58284724,0.79662305,-0.5567472,-0.23542345
1356875657028,0.20343712,0.57922214,-0.7893763,0.54416436,0.60335404,0.5829656,0.8139401,-0.5481473,-0.19244748
1356875657068,0.21242863,0.55827504,-0.80199945,0.5151234,0.6334548,0.5773932,0.8303746,-0.5357835,-0.15301663
1356875657108,0.21627292,0.53627783,-0.8158628,0.48872903,0.66394174,0.5659728,0.8452041,-0.52114046,-0.11850196
1356875657148,0.2155734,0.5126058,-0.83112174,0.46590212,0.6940155,0.54888767,0.8581744,-0.505547,-0.089212835
1356875657188,0.21103302,0.48664358,-0.8477282,0.4466572,0.723413,0.52647024,0.869461,-0.48974648,-0.064698815
1356875657239,0.2048338,0.45826554,-0.86489064,0.4308533,0.751199,0.50006545,0.8788678,-0.47507128,-0.043574274
1356875657269,0.20171064,0.42932937,-0.8803347,0.4189478,0.7746158,0.47376478,0.8853223,-0.46437764,-0.02361834
1356875657303,0.20294735,0.401545,-0.89307,0.41309536,0.7918037,0.44988793,0.8877864,-0.46022666,-0.0051819086
1356875657345,0.20963502,0.3795419,-0.901111,0.4139202,0.80049103,0.43345606,0.885846,-0.46385562,0.010710895
1356875657387,0.21652466,0.3639711,-0.9058929,0.42030525,0.8027576,0.4229937,0.88117,-0.47234014,0.020837843
1356875657427,0.22005188,0.35635668,-0.90806776,0.4302752,0.7999787,0.41820735,0.8754658,-0.48274636,0.022705376
1356875657466,0.2209512,0.36063293,-0.9061593,0.44032755,0.79214865,0.4226253,0.8702254,-0.49238646,0.01622957
1356875657508,0.21950474,0.37759298,-0.8995784,0.45010364,0.7788767,0.43675828,0.8655775,-0.500774,0.0010111332
1356875657548,0.22074664,0.41133708,-0.8843488,0.45870173,0.7563972,0.46632177,0.8607344,-0.5085913,-0.021708906
1356875657588,0.21853164,0.45281646,-0.864408,0.47179416,0.7263783,0.49978483,0.854198,-0.51704144,-0.054899514
1356875657645,0.2112504,0.49867865,-0.8406502,0.49127176,0.68935996,0.532386,0.84500015,-0.52545446,-0.099359214
1356875657667,0.18577302,0.5346068,-0.82442945,0.5228088,0.65663165,0.5436045,0.8319611,-0.532006,-0.15751272
1356875657713,0.1325385,0.5544098,-0.82162243,0.56700474,0.6374986,0.5216331,0.81298167,-0.53500026,-0.22985989
1356875657745,0.10444647,0.5866468,-0.80307925,0.59910226,0.60742664,0.5216409,0.79383075,-0.5356102,-0.28801793
1356875657773,0.100170374,0.6206296,-0.7776791,0.6202292,0.57221603,0.53654873,0.77799845,-0.5360856,-0.32761347
1356875657816,0.14009887,0.6628155,-0.7355595,0.6228798,0.5184747,0.5858367,0.76967067,-0.5402402,-0.3402167
1356875657857,0.20418084,0.6998036,-0.6845329,0.60649896,0.45846134,0.6495939,0.76842,-0.5478031,-0.3308211
1356875657897,0.27466822,0.7244357,-0.6322581,0.57293653,0.40476716,0.71267617,0.7722054,-0.5579933,-0.30387902
1356875657936,0.3357557,0.7354065,-0.5885962,0.52944636,0.36948252,0.7636552,0.779073,-0.56803167,-0.26530242
1356875657976,0.37987584,0.73639417,-0.5598374,0.4844452,0.35720277,0.7985731,0.7880401,-0.57456917,-0.22104996
1356875658016,0.40542415,0.731606,-0.54807293,0.44420156,0.36634126,0.8176057,0.798947,-0.5749319,-0.17645693
1356875658056,0.41314143,0.7233954,-0.5531846,0.41234392,0.39301312,0.82189614,0.81196475,-0.5676617,-0.13591772
1356875658096,0.40485308,0.7118864,-0.573857,0.3899783,0.43322012,0.8125499,0.82704955,-0.55275506,-0.102229714
1356875658136,0.38362843,0.69542825,-0.6076255,0.37620294,0.4832121,0.7905551,0.8433864,-0.5318699,-0.07624823
1356875658176,0.35380855,0.671601,-0.6509774,0.36899894,0.5393152,0.75695366,0.85945284,-0.50802666,-0.057005763
1356875658218,0.32077712,0.63858783,-0.6995053,0.36590037,0.59764886,0.7133953,0.8736241,-0.48479015,-0.041947424
1356875658268,0.29331893,0.5976489,-0.7461767,0.36345896,0.65218806,0.665243,0.8842293,-0.46633294,-0.025921762
1356875658311,0.27076742,0.5431677,-0.79476655,0.36938077,0.70378494,0.6068317,0.88895607,-0.45788175,-0.010073662
1356875658350,0.2583202,0.48833653,-0.8335455,0.38205376,0.74084824,0.5524299,0.88730246,-0.46116304,0.004805267
1356875658390,0.24488163,0.43015584,-0.8689068,0.40320858,0.769837,0.49474618,0.88173455,-0.47150496,0.015076399
1356875658429,0.22291121,0.36792707,-0.9027404,0.4310239,0.79340565,0.4297974,0.8743735,-0.48490936,0.018273652
1356875658471,0.18888512,0.30241972,-0.9342723,0.460438,0.8130602,0.35627225,0.86736333,-0.49746898,0.014329433
1356875658510,0.14266688,0.23652232,-0.96109486,0.4877625,0.8281297,0.27620447,0.8612397,-0.5081913,0.0027799606
1356875658559,0.06876564,0.15847267,-0.9849658,0.51482266,0.8400492,0.17109926,0.85453427,-0.5188485,-0.02381879
1356875658601,-0.027641475,0.07516283,-0.9967881,0.533178,0.84458864,0.048900902,0.84555143,-0.53011376,-0.06342083
1356875658640,-0.16594562,-0.04790558,-0.98497057,0.52762485,0.839514,-0.12972414,0.83311105,-0.5412221,-0.114037454
1356875658682,-0.36711726,-0.2547266,-0.8946168,0.4480027,0.79445124,-0.41004974,0.81518,-0.5513271,-0.17753851
1356875658719,-0.5363842,-0.46525106,-0.70415443,0.28297058,0.68689907,-0.66940063,0.79512244,-0.5583109,-0.23678946
1356875658760,-0.61994934,-0.6099421,-0.4935924,0.10623366,0.55802727,-0.82299453,0.77741706,-0.5626511,-0.28115225
1356875658797,-0.64202905,-0.6927604,-0.3284536,-0.02473569,0.4469039,-0.8942399,0.7662812,-0.56600344,-0.30406123
1356875658840,-0.63760495,-0.7417749,-0.20791847,-0.10726464,0.35275215,-0.92954844,0.76285934,-0.5703823,-0.30448276
1356875658877,-0.6222084,-0.77589464,-0.104135334,-0.1619941,0.25774974,-0.95253503,0.7659077,-0.575806,-0.2860644
1356875658920,-0.60012436,-0.79990405,-0.0020603538,-0.20218533,0.15417969,-0.9671348,0.7739327,-0.5799846,-0.2542559
1356875658969,-0.5804645,-0.8123991,0.055395365,-0.20119077,0.07716662,-0.97650784,0.78903943,-0.5779732,-0.20823973
1356875659009,-0.5713951,-0.8198639,0.03648117,-0.15611163,0.06494433,-0.9856021,0.8056903,-0.56886333,-0.16509914
1356875659049,-0.5661147,-0.79255724,-0.22664323,0.02286616,0.2597394,-0.96540797,0.8240093,-0.5517142,-0.12891954
1356875659090,-0.49562106,-0.69029504,-0.52711725,0.20848809,0.49460086,-0.84374326,0.8431444,-0.52807456,-0.101216376
1356875659129,-0.43216637,-0.6410295,-0.6342818,0.26575407,0.5815903,-0.7688482,0.8617465,-0.5008333,-0.08098757
1356875659170,-0.3985113,-0.648949,-0.6481157,0.26463178,0.59524053,-0.75872177,0.8781565,-0.47387117,-0.06547755
1356875659208,-0.3789501,-0.6758657,-0.6321411,0.25057298,0.5826329,-0.77314425,0.8908479,-0.45138058,-0.051435113
1356875659250,-0.37091446,-0.71069103,-0.5977798,0.23560385,0.5506225,-0.8008156,0.89828354,-0.43787333,-0.036792338
1356875659290,-0.3758538,-0.7487182,-0.54603577,0.22138661,0.49962822,-0.8374722,0.8998455,-0.43565205,-0.02203101
1356875659339,-0.40020165,-0.7903042,-0.46395898,0.19942299,0.419035,-0.88579917,0.8944658,-0.44702235,-0.010093689
1356875659381,-0.4284736,-0.8182943,-0.38315114,0.17176872,0.3425477,-0.9236647,0.8870771,-0.46157932,-0.0062152743
1356875659417,-0.45330882,-0.83275676,-0.31784782,0.14241913,0.2843414,-0.9480858,0.8799021,-0.4750433,-0.010293901
1356875659462,-0.47570574,-0.83988225,-0.2613463,0.106763035,0.23978937,-0.9649367,0.87310123,-0.48692805,-0.02440083
1356875659509,-0.49569643,-0.8416883,-0.2141163,0.0647724,0.21002245,-0.97554857,0.86607707,-0.4974448,-0.049589157
1356875659549,-0.5134073,-0.8400745,-0.17517927,0.019510984,0.19265723,-0.98107207,0.85792327,-0.5071075,-0.0825209
1356875659589,-0.5297596,-0.8399501,-0.11763841,-0.045532137,0.16666514,-0.98496175,0.84692484,-0.5164366,-0.1265372
1356875659629,-0.5393152,-0.8411679,-0.039692014,-0.13279295,0.13149577,-0.9823822,0.83156776,-0.5245429,-0.1826188
1356875659669,-0.53872854,-0.8416437,0.037515044,-0.22548863,0.10114235,-0.9689815,0.81174284,-0.53047717,-0.24426937
1356875659711,-0.535921,-0.83990836,0.085689664,-0.29671016,0.09235042,-0.9504917,0.7904124,-0.53481346,-0.29870182
1356875659767,-0.55125576,-0.8317268,0.065937966,-0.3135399,0.13327372,-0.940176,0.7731817,-0.53895164,-0.3342474
1356875659790,-0.6419499,-0.69302833,-0.3280427,-0.06193334,0.47330683,-0.8787178,0.76424116,-0.54377604,-0.3467608
1356875659829,0.18071645,0.68497026,-0.7058026,0.6190038,0.47845685,0.62282693,0.764314,-0.54944956,-0.33753413
1356875659869,0.32116073,0.7623795,-0.56181234,0.54936635,0.33324164,0.7662549,0.77139634,-0.5547317,-0.31180155
1356875659908,0.34275484,0.7564418,-0.5570593,0.5186103,0.34207022,0.7836015,0.7833023,-0.55747986,-0.2750523
1356875659949,0.33814216,0.733135,-0.59006184,0.49874604,0.39210123,0.77298707,0.79806787,-0.55567056,-0.23306221
1356875659989,0.32008603,0.6983361,-0.6402121,0.4838635,0.46047857,0.7442013,0.8145066,-0.54798377,-0.19050658
1356875660029,0.2916658,0.6518904,-0.6999786,0.4728346,0.5378722,0.6979405,0.8314798,-0.5345395,-0.15135741
1356875660070,0.25648785,0.5945397,-0.7620607,0.46305162,0.6164831,0.63681376,0.84840864,-0.5162084,-0.117182136
1356875660109,0.2188802,0.5269009,-0.8212593,0.45452556,0.6897173,0.5636457,0.8634222,-0.49665424,-0.08852446
1356875660150,0.18587989,0.45618203,-0.8702566,0.4448608,0.7506438,0.48850057,0.87609786,-0.47794548,-0.0634079
1356875660189,0.15977031,0.38413683,-0.9093472,0.4365985,0.79868805,0.41410035,0.88535595,-0.4631806,-0.040106952
1356875660228,0.14564958,0.31945056,-0.93634266,0.43172503,0.831045,0.35068178,0.89016837,-0.45531923,-0.01687342
1356875660269,0.13943434,0.26217732,-0.95489323,0.4341912,0.85048324,0.29691124,0.8899641,-0.45600587,0.0047515035
1356875660311,0.13300359,0.21049233,-0.9685056,0.4443971,0.86078626,0.2481094,0.88590145,-0.46340048,0.02094549
1356875660350,0.12037867,0.16443133,-0.9790155,0.45946115,0.86497587,0.2017726,0.88000256,-0.47410873,0.028574824
1356875660391,0.10149115,0.12800832,-0.9865665,0.47476953,0.86523896,0.16110693,0.8742388,-0.48474258,0.027039647
1356875660429,0.07853037,0.10517655,-0.99134797,0.48768032,0.86325604,0.13021865,0.86948305,-0.49368706,0.01649928
1356875660471,0.05534744,0.09986591,-0.99346036,0.49747306,0.8599351,0.114158615,0.865712,-0.5005381,-0.0020853877
1356875660510,0.027520206,0.106396094,-0.99394286,0.50623167,0.85590327,0.10563621,0.86195827,-0.5060725,-0.030306458
1356875660551,-0.011775877,0.11749102,-0.99300414,0.516192,0.851233,0.09459543,0.85639197,-0.51146686,-0.070671916
1356875660587,-0.07342398,0.12089756,-0.98994577,0.5271019,0.84735924,0.06438914,0.84662414,-0.5170746,-0.12594181
1356875660626,-0.15456975,0.11293198,-0.9815063,0.5338305,0.84548825,0.013213038,0.8313442,-0.5219157,-0.19097346
1356875660680,-0.25716913,0.08529846,-0.96259457,0.52913934,0.84593254,-0.06640549,0.80862576,-0.5264241,-0.2626825
1356875660720,-0.3208601,0.07636015,-0.9440434,0.52377236,0.84476674,-0.10968897,0.78912055,-0.5296587,-0.31104726
1356875660760,-0.34166333,0.085803196,-0.93589735,0.52785903,0.84143376,-0.115560144,0.77758014,-0.5335046,-0.332779
1356875660800,-0.30806524,0.12160295,-0.9435616,0.5492374,0.8325568,-0.07202454,0.7768102,-0.54042757,-0.32327068
1356875660837,-0.24987894,0.16011515,-0.95494694,0.5713854,0.8205952,-0.011924714,0.7817156,-0.5486225,-0.29653692
1356875660880,-0.16662455,0.2025291,-0.9649966,0.5886916,0.8055417,0.06741497,0.79099846,-0.55685234,-0.2534502
1356875660927,-0.060739577,0.24424855,-0.96780854,0.5897874,0.79101634,0.16261598,0.8052711,-0.56092405,-0.1921007
1356875660980,0.023400068,0.25990236,-0.9653514,0.56915385,0.7903917,0.22659412,0.82189804,-0.5547358,-0.12942922
1356875661020,0.06966171,0.24985407,-0.9657744,0.5410923,0.8038726,0.24699792,0.838073,-0.5397794,-0.07919496
1356875661059,0.088860095,0.22759041,-0.96969396,0.5131701,0.8239308,0.2404048,0.8536746,-0.5189804,-0.04357803
1356875661101,0.08733213,0.19796205,-0.97631145,0.48576224,0.8471782,0.21523027,0.86971724,-0.49305177,-0.022176623
1356875661139,0.07653287,0.1648948,-0.9833374,0.46128577,0.8684814,0.18153648,0.88394463,-0.46749306,-0.009596288
1356875661179,0.06481099,0.13437098,-0.9888094,0.4401316,0.88545537,0.14917427,0.8955913,-0.4448744,-0.0017536879
1356875661219,0.05804926,0.10886504,-0.9923601,0.42687833,0.8958706,0.123250544,0.902444,-0.43077165,0.005532503
1356875661261,0.058422506,0.09073357,-0.99416006,0.42661315,0.8980784,0.10703477,0.90254533,-0.430375,0.013759851
1356875661310,0.061796755,0.07962331,-0.99490774,0.44130746,0.8919014,0.098790616,0.89522564,-0.44516513,0.019978225
1356875661349,0.0632782,0.07688896,-0.9950297,0.45957226,0.8827789,0.09744121,0.88588333,-0.46345395,0.020524621
1356875661390,0.059549242,0.08066368,-0.99496096,0.47816026,0.8726336,0.09936465,0.8762515,-0.48166788,0.013394475
1356875661429,0.052152246,0.093395725,-0.9942622,0.49480063,0.8623985,0.10696301,0.8674402,-0.4975399,-0.0012362599
1356875661469,0.03911671,0.1133526,-0.9927845,0.5100037,0.8521247,0.117387235,0.8592824,-0.5109156,-0.024477959
1356875661528,0.016748127,0.13794667,-0.99029803,0.5254261,0.8414433,0.12609756,0.8506744,-0.5224403,-0.058388174
1356875661557,-0.0383583,0.15499225,-0.98717076,0.5439702,0.8319316,0.10948175,0.83822733,-0.5327919,-0.11622262
1356875661593,-0.104693174,0.1741612,-0.9791359,0.5605176,0.8236059,0.086563885,0.82149816,-0.5397603,-0.18384635
1356875661634,-0.1834678,0.18164235,-0.9660981,0.5706565,0.8199115,0.0457858,0.80043155,-0.54291,-0.25408274
1356875661677,-0.2505047,0.18608229,-0.95006365,0.57482123,0.81823283,0.00869754,0.77899164,-0.5439379,-0.3119352
1356875661720,-0.2843242,0.19763035,-0.9381376,0.58049595,0.8142513,-0.0044004917,0.7630101,-0.5458362,-0.34623492
1356875661772,-0.26997507,0.22470103,-0.93628144,0.5948329,0.8035663,0.02133137,0.7571573,-0.5511721,-0.35060245
1356875661812,-0.2190857,0.26030105,-0.9403429,0.6119994,0.78726155,0.07533915,0.75990665,-0.55898356,-0.3317818
1356875661858,-0.13721186,0.29926682,-0.94425225,0.6223023,0.7677021,0.15288347,0.7706574,-0.5666329,-0.29157227
1356875661898,-0.05880019,0.32536587,-0.9437582,0.6170018,0.7550403,0.22186242,0.78476197,-0.5692549,-0.24514782
1356875661938,0.0065945387,0.3392734,-0.9406647,0.59765184,0.7528534,0.2757246,0.80172867,-0.56400824,-0.19780266
1356875661978,0.05311379,0.34163004,-0.93833256,0.56890184,0.76190525,0.30959845,0.8206886,-0.55026305,-0.15388626
1356875662018,0.08164245,0.33500051,-0.9386742,0.5361807,0.7791518,0.32470414,0.8401457,-0.52980864,-0.11600894
1356875662058,0.096833855,0.32219627,-0.9417073,0.5040604,0.7999694,0.3255335,0.8582228,-0.5062,-0.08494228
1356875662099,0.10413256,0.30561042,-0.9464452,0.47553372,0.8204955,0.31726134,0.8735125,-0.48310387,-0.059887767
1356875662140,0.10871673,0.2872348,-0.9516705,0.45278105,0.83796394,0.30464038,0.8849689,-0.4640179,-0.03895378
