1356875695870,0.24076167,0.8009171,-0.54823864,0.09934819,0.54155123,0.8347767,0.9654863,-0.25544876,0.050815105
1356875695894,-0.19265622,-0.8317689,-0.5206191,0.17525092,0.49286258,-0.8522755,0.9654899,-0.2554351,0.050815165
1356875695938,-0.19254321,-0.8316643,-0.5208279,0.17524067,0.49308532,-0.85214883,0.9655143,-0.25534564,0.050801158
1356875695981,-0.1922988,-0.83150816,-0.5211673,0.1751307,0.4934753,-0.85194564,0.96558297,-0.2551005,0.050727844
1356875696025,-0.19194847,-0.8315169,-0.52128255,0.17472178,0.4937201,-0.8518878,0.96572673,-0.25459793,0.050515294
1356875696060,-0.19196376,-0.83268493,-0.519409,0.17375296,0.49205503,-0.85304844,0.96589845,-0.25400326,0.05022472
1356875696105,-0.19224796,-0.8348522,-0.5158125,0.17230049,0.48873696,-0.8552478,0.9661021,-0.2532944,0.049886763
1356875696143,-0.19315085,-0.83903337,-0.508641,0.17020777,0.4818904,-0.8595411,0.96629286,-0.25259584,0.049732506
1356875696184,-0.1940768,-0.84406686,-0.49988532,0.16827667,0.473376,-0.8646376,0.9664457,-0.2519251,0.050165415
1356875696223,-0.19528246,-0.8505186,-0.4883473,0.1663157,0.46200323,-0.8711442,0.96654224,-0.25133896,0.05123341
1356875696265,-0.19624451,-0.857072,-0.47635645,0.16488668,0.4500412,-0.87765324,0.96659213,-0.2507795,0.0530017
1356875696313,-0.19735482,-0.86438215,-0.46248752,0.1631011,0.43624,-0.8849253,0.96666914,-0.25007647,0.054887593
1356875696353,-0.19928065,-0.87294495,-0.4452576,0.15967965,0.41937152,-0.89366096,0.9668452,-0.24918789,0.055818975
1356875696391,-0.20156333,-0.88100135,-0.42802894,0.15469742,0.4028792,-0.9020848,0.9671819,-0.24804223,0.055082977
1356875696430,-0.20431674,-0.8885296,-0.41081604,0.14772719,0.3868758,-0.9102218,0.9676938,-0.24666223,0.0522148
1356875696473,-0.20743999,-0.8954556,-0.39386278,0.1388998,0.3715802,-0.91795146,0.9683364,-0.24512729,0.047298014
1356875696513,-0.2105985,-0.90152967,-0.3780112,0.12860212,0.3577732,-0.92491066,0.96907675,-0.2433978,0.040592134
1356875696553,-0.2132476,-0.9064412,-0.36454055,0.11809561,0.3464722,-0.9305968,0.96983445,-0.24149814,0.033162355
1356875696593,-0.21512046,-0.9100032,-0.3544253,0.107996196,0.33852908,-0.9347379,0.97059774,-0.23935786,0.025452375
1356875696640,-0.21601686,-0.9121057,-0.3484247,0.09909856,0.33452627,-0.93716145,0.9713476,-0.23697114,0.018125117
1356875696671,-0.21576756,-0.91262054,-0.3472293,0.092368126,0.3349343,-0.93770313,0.9720661,-0.23439884,0.012029052
1356875696712,-0.21398094,-0.91146445,-0.35134727,0.088119954,0.3402004,-0.93621504,0.97285515,-0.23129284,0.0075217485
1356875696750,-0.21027836,-0.908375,-0.36143818,0.08653453,0.3509594,-0.9323836,0.97380424,-0.22733706,0.0048066974
1356875696790,-0.20422259,-0.9031838,-0.3775606,0.08734372,0.36733916,-0.92597675,0.97502005,-0.22208294,0.0038685203
1356875696831,-0.19559452,-0.89580536,-0.39909354,0.089662075,0.38891444,-0.9169004,0.9765775,-0.21512422,0.0042502284
1356875696872,-0.1845339,-0.8864275,-0.42449212,0.09217474,0.41439688,-0.9054165,0.9784943,-0.20620748,0.00523597
1356875696911,-0.17232764,-0.87613106,-0.45021963,0.09375158,0.44039452,-0.89289606,0.9805682,-0.19607937,0.0062464476
1356875696950,-0.15943721,-0.86549747,-0.4748619,0.094264805,0.46547005,-0.88002944,0.98269725,-0.18507221,0.007372737
1356875696992,-0.14769036,-0.8561895,-0.4951032,0.094288796,0.48612404,-0.86878824,0.9845289,-0.17499435,0.008933246
1356875697034,-0.13687235,-0.8477231,-0.5124757,0.095163494,0.5036992,-0.8586216,0.986007,-0.16629055,0.011729777
1356875697071,-0.12795144,-0.84071594,-0.52614164,0.09724909,0.5173104,-0.8502544,0.98700094,-0.15995815,0.015568316
1356875697114,-0.12145853,-0.8352378,-0.5363075,0.101822555,0.52697307,-0.8437604,0.9873602,-0.15709004,0.021040618
1356875697150,-0.118086904,-0.8313935,-0.542992,0.10863754,0.53271925,-0.83929026,0.98704267,-0.15809855,0.027413428
1356875697194,-0.12037483,-0.83149666,-0.54233134,0.11897904,0.53028214,-0.8394313,0.98557293,-0.1655724,0.035098016
1356875697231,-0.12877256,-0.83510804,-0.5348011,0.13124713,0.5201949,-0.84390247,0.98295057,-0.17886257,0.042618692
1356875697274,-0.14733192,-0.8460859,-0.5122811,0.14319748,0.49423006,-0.8574562,0.97866637,-0.19968799,0.048341513
1356875697311,-0.17152715,-0.8588081,-0.48272866,0.15011185,0.46148616,-0.8743552,0.9736759,-0.22243896,0.049759924
1356875697354,-0.20185056,-0.87456775,-0.4408943,0.14573815,0.41832843,-0.8965276,0.9685127,-0.24521965,0.043018043
1356875697391,-0.23053199,-0.8866869,-0.4008011,0.1312119,0.37980723,-0.91571283,0.9641777,-0.26369092,0.028786123
1356875697434,-0.25604102,-0.89652765,-0.3614986,0.102526635,0.3466691,-0.9323673,0.96121347,-0.27578747,0.0031564236
1356875697471,-0.27487975,-0.9024433,-0.33171856,0.06652805,0.32632983,-0.94291186,0.95917416,-0.281256,-0.029663622
1356875697515,-0.28719065,-0.9059571,-0.31106806,0.019029945,0.31928816,-0.9474666,0.9576844,-0.27802315,-0.074456215
1356875697550,-0.29438025,-0.9081585,-0.29763806,-0.033513904,0.32105672,-0.9464668,0.95510054,-0.26864612,-0.12494868
1356875697592,-0.2972955,-0.90902424,-0.29204506,-0.09369016,0.33217335,-0.9385537,0.9501776,-0.25166607,-0.18392032
1356875697631,-0.29706424,-0.9086727,-0.29337126,-0.15881369,0.34998,-0.9231967,0.9415577,-0.22765741,-0.24827617
1356875697672,-0.29503554,-0.9073749,-0.29937398,-0.22319633,0.37010115,-0.9017807,0.9290519,-0.19923827,-0.31171572
1356875697711,-0.2922981,-0.9069416,-0.30334583,-0.27789575,0.38406286,-0.880494,0.9150605,-0.1730682,-0.36429608
1356875697753,-0.2888741,-0.90924996,-0.2996937,-0.31507105,0.3858922,-0.86707413,0.9040365,-0.15605047,-0.39795256
1356875697790,-0.2841993,-0.91463435,-0.28753224,-0.33107853,0.3750723,-0.86585665,0.89978766,-0.15088007,-0.40941107
1356875697832,-0.2778694,-0.9226946,-0.26725125,-0.32631773,0.35232848,-0.87714386,0.90349615,-0.1565226,-0.3989929
1356875697872,-0.26943016,-0.9341645,-0.23397446,-0.3038135,0.31300467,-0.8998474,0.91384065,-0.17136142,-0.3681447
1356875697924,-0.25771776,-0.9500967,-0.17577785,-0.272975,0.24610701,-0.93000865,0.92685825,-0.19169676,-0.32277876
1356875697951,-0.24035737,-0.9681283,-0.07039794,-0.24312714,0.13025603,-0.96120894,0.9397433,-0.213918,-0.26668626
1356875697990,-0.21187413,-0.9700185,0.11905214,-0.2282581,-0.069331646,-0.9711289,0.9502671,-0.23293167,-0.206725
1356875698032,-0.1659472,-0.89761746,0.40834358,-0.23421505,-0.36636025,-0.9005129,0.957917,-0.24507779,-0.14943913
1356875698070,-0.13051754,-0.7588257,0.6380821,-0.23476946,-0.601629,-0.7634959,0.9632489,-0.24945179,-0.099626034
1356875698112,-0.17527926,-0.8175637,0.54851323,-0.18418783,-0.52007043,-0.8340273,0.96713597,-0.24721715,-0.05942771
1356875698150,-0.23497277,-0.96374255,0.12644401,-0.058188617,-0.11590582,-0.99155426,0.9702587,-0.2403458,-0.028844118
1356875698192,-0.22799337,-0.959412,-0.1659748,0.032352597,0.1629054,-0.98611116,0.97312504,-0.2301965,-0.0061019063
1356875698230,-0.20846799,-0.9385364,-0.2751191,0.07151365,0.26591882,-0.9613392,0.9754112,-0.22008318,0.01168263
1356875698272,-0.19661093,-0.9335509,-0.2997115,0.08951372,0.28731066,-0.9536456,0.976387,-0.2143254,0.027077138
1356875698311,-0.19571489,-0.9386585,-0.28392944,0.09902117,0.26913315,-0.957999,0.97564876,-0.21560964,0.040273666
1356875698353,-0.20415884,-0.94616425,-0.25118172,0.1019555,0.23463947,-0.96672094,0.973614,-0.22297397,0.048563004
1356875698390,-0.21549606,-0.9509045,-0.22213075,0.09836948,0.20517904,-0.9737685,0.97153735,-0.23169422,0.04932469
1356875698431,-0.22674078,-0.9533303,-0.19937405,0.08635345,0.18422168,-0.979084,0.97011936,-0.23921493,0.040552735
1356875698471,-0.23622835,-0.95453656,-0.1818136,0.06659964,0.17076421,-0.9830585,0.96941257,-0.244335,0.02323246
1356875698514,-0.24407756,-0.9556489,-0.16480699,0.037914455,0.16041309,-0.9863215,0.9690143,-0.24698752,-0.0029203296
1356875698550,-0.25035995,-0.9574846,-0.14332852,0.002851963,0.14731324,-0.98908573,0.9681486,-0.2480362,-0.03415066
1356875698593,-0.25503415,-0.96002847,-0.11533818,-0.04352504,0.13055968,-0.9904846,0.9659519,-0.24758732,-0.07508248
1356875698631,-0.2559933,-0.96351933,-0.07808831,-0.099500984,0.10661441,-0.9893093,0.96154404,-0.24548674,-0.1231637
1356875698687,-0.25150195,-0.96702504,-0.040117383,-0.16503707,0.08369145,-0.98273015,0.9536821,-0.24053764,-0.18064356
1356875698710,-0.24134403,-0.97043836,-0.0015949905,-0.23051801,0.05892527,-0.97128224,0.94266355,-0.23404548,-0.23792475
1356875698755,-0.22824791,-0.97291064,0.03671038,-0.28477058,0.030656308,-0.9581054,0.93102556,-0.22913963,-0.28405356
1356875698791,-0.21434903,-0.9736664,0.07764119,-0.31968984,-0.0051767826,-0.9475081,0.9229588,-0.2279185,-0.3101616
1356875698834,-0.20313314,-0.9712862,0.123854846,-0.32976854,-0.051238626,-0.9426703,0.9219488,-0.23233098,-0.3098914
1356875698871,-0.19566363,-0.9653282,0.17279187,-0.3233031,-0.102850854,-0.9406895,0.925846,-0.23992294,-0.29196942
1356875698934,-0.1933971,-0.9548322,0.22559494,-0.30076003,-0.16116893,-0.939983,0.9338849,-0.2496399,-0.2560057
1356875698948,-0.19690478,-0.94234645,0.2705767,-0.26847947,-0.21360397,-0.9393041,0.9429461,-0.2575977,-0.21094108
1356875698983,-0.20499587,-0.93277746,0.2964841,-0.22963864,-0.24862516,-0.94098437,0.9514425,-0.26098213,-0.16323459
1356875699026,-0.21497881,-0.93193203,0.29203922,-0.18419236,-0.2549742,-0.9492426,0.95909196,-0.2578584,-0.11684078
1356875699068,-0.22306359,-0.9422363,0.24986663,-0.1337646,-0.22431362,-0.96529293,0.9655826,-0.248745,-0.076001644
1356875699107,-0.22451991,-0.9580046,0.17837593,-0.08231738,-0.1637494,-0.98306155,0.97098637,-0.23540035,-0.042095423
1356875699150,-0.21808088,-0.97134376,0.09450889,-0.035007447,-0.0889914,-0.995417,0.9753026,-0.22038996,-0.014596939
1356875699187,-0.20650911,-0.97831595,0.015870929,0.0046668053,-0.017205238,-0.9998411,0.97843355,-0.20640221,0.008118629
1356875699230,-0.19487399,-0.9797516,-0.045944333,0.036654085,0.039535105,-0.99854565,0.9801432,-0.19627464,0.02820754
1356875699267,-0.18885446,-0.97821414,-0.08620274,0.06275222,0.07558131,-0.9951631,0.979998,-0.1933504,0.047111273
1356875699310,-0.19203639,-0.9756012,-0.10641557,0.083597064,0.09177798,-0.99226415,0.9778208,-0.19944689,0.06393272
1356875699366,-0.20340085,-0.97247815,-0.11364159,0.09731951,0.095412254,-0.99066913,0.97424686,-0.21256253,0.075234175
1356875699391,-0.21805239,-0.96895754,-0.11650905,0.101665616,0.096179664,-0.9901583,0.9706272,-0.22775137,0.07753748
1356875699431,-0.23191977,-0.9654045,-0.11919421,0.095686674,0.09929913,-0.9904462,0.96801716,-0.2411094,0.069346964
1356875699471,-0.2431165,-0.96224535,-0.12238559,0.079716295,0.10592413,-0.99117374,0.96671593,-0.25072682,0.0509547
1356875699511,-0.25133127,-0.95979697,-0.12498903,0.05354947,0.11514783,-0.9919039,0.9664186,-0.25598955,0.022456467
1356875699552,-0.25669056,-0.95828485,-0.12569827,0.017009199,0.12555677,-0.9919406,0.96634394,-0.2567598,-0.01592958
1356875699591,-0.25824046,-0.95789295,-0.1255106,-0.032661676,0.1384998,-0.9898237,0.96552837,-0.25151312,-0.06705266
1356875699631,-0.25434455,-0.95867705,-0.12746516,-0.09464577,0.15584096,-0.98323745,0.96247137,-0.23801702,-0.13037199
1356875699672,-0.24454275,-0.96002984,-0.13616729,-0.16548917,0.17969337,-0.96970284,0.95541203,-0.21459958,-0.20281726
1356875699728,-0.23231232,-0.9612738,-0.14826933,-0.23459092,0.20331597,-0.9505944,0.94392705,-0.18605211,-0.27273893
1356875699759,-0.22122362,-0.96251297,-0.15693536,-0.28773198,0.21817866,-0.9325279,0.93181026,-0.16114187,-0.32521206
1356875699793,-0.2123456,-0.965549,-0.15041456,-0.31486714,0.21332109,-0.92485285,0.9250773,-0.14902782,-0.34931743
1356875699834,-0.20696121,-0.96973985,-0.12950554,-0.31138498,0.19077903,-0.93093646,0.9274732,-0.1523417,-0.34144628
1356875699877,-0.20428583,-0.97471905,-0.090498865,-0.2858728,0.14782098,-0.9467976,0.9362393,-0.16754615,-0.30884337
1356875699920,-0.20476717,-0.9785236,-0.02370444,-0.24456608,0.07459766,-0.9667588,0.94776464,-0.19216317,-0.25458884
1356875699971,-0.20818955,-0.97489065,0.07902664,-0.19989079,-0.03668332,-0.97913116,0.95744485,-0.21964163,-0.18723458
1356875700041,-0.21322793,-0.95605063,0.20124885,-0.16656366,-0.16739798,-0.97171724,0.96269953,-0.24071798,-0.1235494
1356875700056,-0.21893466,-0.9287913,0.29902226,-0.14004394,-0.27337325,-0.95165896,0.96563727,-0.25022742,-0.07022071
1356875700084,-0.2282092,-0.91405475,0.33529764,-0.112127304,-0.31741953,-0.94163287,0.96713394,-0.2524853,-0.030052513
1356875700130,-0.23364538,-0.93712664,0.2592366,-0.06790745,-0.25023782,-0.96580005,0.9699477,-0.24325874,-0.005171001
1356875700180,-0.22123653,-0.9744588,0.038526922,-0.003126353,-0.03879696,-0.9992422,0.9752152,-0.22118935,0.0055367947
1356875700224,-0.19214183,-0.96691287,-0.16781178,0.04266438,0.16260612,-0.9857682,0.9804393,-0.19656694,0.010009348
1356875700260,-0.16429898,-0.943261,-0.2885556,0.06312534,0.28187695,-0.9573717,0.9843886,-0.1755104,0.013231635
1356875700304,-0.14539027,-0.9259121,-0.34863797,0.07240689,0.34147948,-0.93709606,0.9867213,-0.16148847,0.017394602
1356875700340,-0.13593718,-0.91743916,-0.37393367,0.07714403,0.3664892,-0.9272186,0.9877094,-0.15489024,0.020955443
1356875700381,-0.13612634,-0.91720164,-0.37444732,0.077477366,0.36695194,-0.9270078,0.9876572,-0.1552014,0.021110594
1356875700430,-0.1441145,-0.9218885,-0.35965627,0.07088891,0.35289866,-0.9329723,0.98701864,-0.15995046,0.014493883
1356875700471,-0.15468973,-0.9267221,-0.34242842,0.059857428,0.3371725,-0.9395381,0.9861481,-0.16583374,0.0033140779
1356875700511,-0.16870907,-0.93521154,-0.3113145,0.04264489,0.30862042,-0.9502288,0.984743,-0.17358816,-0.012185097
1356875700550,-0.18751821,-0.9521793,-0.24122897,0.013475239,0.2430686,-0.9699155,0.9821687,-0.1851274,-0.032748938
1356875700587,-0.20489162,-0.97639704,-0.06832522,-0.045783788,0.07929045,-0.99579966,0.9777133,-0.20090285,-0.060949087
1356875700630,-0.17380649,-0.92625034,0.33444232,-0.16528282,-0.30735636,-0.9371306,0.9708105,-0.2181569,-0.099672765
1356875700671,-0.0014306307,-0.5402773,0.8414858,-0.27619648,-0.8085403,-0.51959413,0.96110016,-0.23315875,-0.14806597
1356875700710,0.191145,-0.049255937,0.98032516,-0.24957728,-0.9683549,8.381903E-6,0.94930226,-0.24466851,-0.19738936
1356875700751,0.30518425,0.28928512,0.9072909,-0.16259806,-0.92292315,0.3489623,0.9383094,-0.25402153,-0.23462442
1356875700793,0.3557716,0.52606887,0.77244943,-0.07146382,-0.8087932,0.583735,0.93183666,-0.26287854,-0.25015074
1356875700833,0.3643214,0.6841028,0.6318809,-0.006026536,-0.6767667,0.7361729,0.9312538,-0.27201164,-0.24243784
1356875700873,0.35386217,0.78034484,0.5156,0.024215788,-0.5587276,0.8289976,0.934984,-0.28086522,-0.21660922
1356875700933,0.3374376,0.8395704,0.42574343,0.027472556,-0.46086052,0.8870473,0.94094694,-0.28762683,-0.17857684
1356875700950,0.31970045,0.8780885,0.35602272,0.016174823,-0.38074502,0.9245386,0.94738054,-0.28981677,-0.13592726
1356875700991,0.30111307,0.9052434,0.2997756,5.2398443E-4,-0.3145228,0.9492498,0.95358837,-0.2856744,-0.09518126
1356875701030,0.28145257,0.925586,0.25313053,-0.013251334,-0.26002017,0.9655123,0.9594836,-0.27510023,-0.060918123
1356875701071,0.26061893,0.9415425,0.21348402,-0.022446781,-0.2151565,0.9763216,0.96518075,-0.2592399,-0.03493923
1356875701111,0.23919064,0.95421565,0.1796116,-0.027108312,-0.17834634,0.9835943,0.97059417,-0.24013546,-0.016791582
1356875701150,0.21780547,0.96453106,0.14913306,-0.02849713,-0.14645156,0.9888073,0.97557604,-0.2196176,-0.004411608
1356875701190,0.1984058,0.97244364,0.122427344,-0.029807031,-0.118866146,0.99246275,0.9796666,-0.20055953,0.005401969
1356875701231,0.18438262,0.9771646,0.10560486,-0.035559565,-0.100744426,0.99427664,0.982211,-0.18708256,0.016172051
1356875701281,0.18015355,0.976156,0.12109536,-0.051923484,-0.113500476,0.9921802,0.9822671,-0.18503249,0.030237973
1356875701324,0.18200862,0.96684015,0.17914501,-0.07622504,-0.16776669,0.98287535,0.980338,-0.19254708,0.043162465
1356875701361,0.1832825,0.94552875,0.2690409,-0.103491664,-0.25359774,0.9617576,0.9775976,-0.20411676,0.051374286
1356875701405,0.18211836,0.9053576,0.3836152,-0.1305902,-0.3644129,0.9220355,0.97456616,-0.21801597,0.05186446
1356875701441,0.18066734,0.8589538,0.47912174,-0.15030557,-0.45730376,0.8765166,0.9719915,-0.23037258,0.046485752
1356875701480,0.18363947,0.81597084,0.5481498,-0.15988559,-0.52541333,0.8356899,0.9699037,-0.2411069,0.03397526
1356875701520,0.19540232,0.78505206,0.587802,-0.15789828,-0.56635326,0.8088956,0.9679287,-0.250873,0.01329162
1356875701561,0.21645766,0.76028603,0.6124632,-0.14521545,-0.5952848,0.79028374,0.96543175,-0.26000208,-0.018448658
1356875701600,0.24642968,0.7299601,0.6375191,-0.12201956,-0.6292025,0.76760364,0.96144867,-0.2669501,-0.06598472
1356875701654,0.28877664,0.6736871,0.6802601,-0.087865025,-0.6888838,0.7195269,0.9533561,-0.26755363,-0.13974002
1356875701690,0.3346551,0.64004445,0.69162786,-0.047012985,-0.72169286,0.6906151,0.94116724,-0.26363337,-0.21142781
1356875701731,0.3717299,0.62586486,0.6856457,-0.010150492,-0.7357867,0.6771373,0.9282855,-0.25867182,-0.26716107
1356875701772,0.39199603,0.6425494,0.6583839,0.022224844,-0.7220658,0.6914672,0.9196984,-0.25641996,-0.2973275
1356875701810,0.39439863,0.6807174,0.6173116,0.04576546,-0.6854817,0.7266501,0.9177991,-0.25833824,-0.3015064
1356875701852,0.38280615,0.72605443,0.57123065,0.05424425,-0.634928,0.77066463,0.9222348,-0.2640292,-0.28243864
1356875701928,0.36458156,0.7651817,0.5306385,0.0470652,-0.5842755,0.8101895,0.9299813,-0.2704055,-0.24902947
1356875701932,0.34077123,0.80014515,0.4936018,0.02818641,-0.5334858,0.8453392,0.9397236,-0.2741544,-0.20434983
1356875701965,0.3165939,0.8243233,0.469318,0.0033453703,-0.4957356,0.86846703,0.94855523,-0.2733813,-0.15970452
1356875702009,0.28976005,0.84551513,0.44848987,-0.020834535,-0.46290952,0.8861606,0.95687246,-0.26611802,-0.116516724
1356875702050,0.26284778,0.85814583,0.441018,-0.044582278,-0.44579995,0.89402175,0.96380675,-0.25465322,-0.07891944
1356875702088,0.23510283,0.86645365,0.44043696,-0.06450179,-0.43823117,0.896545,0.9698279,-0.23918921,-0.047141567
1356875702130,0.20753121,0.86568564,0.45554265,-0.08258045,-0.44851506,0.88995206,0.97473645,-0.22231174,-0.02159214
1356875702170,0.18039864,0.85646427,0.48365816,-0.098560065,-0.47351044,0.8752564,0.97864306,-0.2055645,-0.0010074526
1356875702209,0.15444636,0.8282503,0.5386536,-0.11739907,-0.52594805,0.8423753,0.9810014,-0.19333923,0.01600504
1356875702250,0.12912595,0.76810336,0.62717116,-0.14225829,-0.61157525,0.77829194,0.98137105,-0.18971798,0.030298837
1356875702293,0.09963596,0.6562189,0.7479636,-0.1720375,-0.7290222,0.66251785,0.9800387,-0.19468838,0.040257365
1356875702335,0.064554155,0.48896232,0.86991304,-0.2004616,-0.84760773,0.4913007,0.9775725,-0.20609967,0.043301523
1356875702381,0.030580997,0.29910463,0.95373017,-0.22102249,-0.9285324,0.29828927,0.9747891,-0.21991782,0.037713468
1356875702420,0.010708749,0.15680219,0.987572,-0.23355477,-0.9599191,0.15494412,0.97228473,-0.2323114,0.026342303
1356875702461,0.008629203,0.069538616,0.9975419,-0.24312776,-0.9674977,0.0695474,0.9699558,-0.24313028,0.008558154
1356875702500,0.024560928,0.024338074,0.99940205,-0.25212148,-0.9672382,0.029750839,0.96738386,-0.2527014,-0.017620116
1356875702540,0.056775033,-0.0049605966,0.9983747,-0.260552,-0.9654078,0.010020122,0.963789,-0.26069742,-0.056103557
1356875702580,0.10290718,-0.03558577,0.99405426,-0.26817134,-0.9633478,-0.0067247152,0.9578592,-0.26588482,-0.10867849
1356875702621,0.1581617,-0.07694881,0.98441035,-0.27712244,-0.960349,-0.030543715,0.94772786,-0.26797134,-0.17321467
1356875702660,0.2143929,-0.105218396,0.97106373,-0.2862115,-0.95730853,-0.040537767,0.93387294,-0.26923856,-0.23535487
1356875702702,0.26155066,-0.10517808,0.95944196,-0.29050305,-0.9565298,-0.025665633,0.9204343,-0.27200794,-0.28073555
1356875702740,0.29358888,-0.07039121,0.95333654,-0.2847369,-0.9584564,0.016918138,0.9125406,-0.27641708,-0.3014351
1356875702781,0.307557,-0.0061765015,0.95150965,-0.27024087,-0.95936906,0.08112258,0.91234785,-0.2820866,-0.2967298
1356875702821,0.30383724,0.075145856,0.9497558,-0.25329298,-0.9546364,0.1565632,0.9184365,-0.28813618,-0.27102017
1356875702862,0.28519177,0.15964726,0.94508123,-0.23982683,-0.9427783,0.2316294,0.927981,-0.29271463,-0.23058492
1356875702928,0.2563774,0.23289646,0.9380991,-0.23289646,-0.92705876,0.29380488,0.9380991,-0.29380488,-0.18343616
1356875702938,0.22105879,0.29019353,0.9310858,-0.23009494,-0.9122341,0.33894724,0.9477285,-0.28916538,-0.13488531
1356875702977,0.18264604,0.32270634,0.9287094,-0.22967279,-0.9044594,0.35944897,0.95597637,-0.27895123,-0.091079056
1356875703019,0.14335436,0.33011532,0.9329916,-0.22672863,-0.90670127,0.35565,0.9633502,-0.2625199,-0.055132985
1356875703059,0.104035616,0.30475268,0.94673246,-0.22117129,-0.9209739,0.32076532,0.96967,-0.24276106,-0.028411537
1356875703100,0.06696373,0.25147876,0.96554357,-0.20981422,-0.9425282,0.2600357,0.97544545,-0.21999773,-0.01035139
1356875703139,0.030984104,0.16286387,0.98616195,-0.1953321,-0.96662515,0.1657745,0.9802476,-0.19776544,0.0018625259
1356875703180,-0.0023812056,0.051178418,0.9986866,-0.17984262,-0.982428,0.049916424,0.98369247,-0.17948759,0.011543483
1356875703219,-0.033987284,-0.073713645,0.99670017,-0.16792597,-0.9826769,-0.07840274,0.9852135,-0.17003654,0.021020025
1356875703265,-0.06300682,-0.18554556,0.9806135,-0.1642389,-0.9672419,-0.19356823,0.9844063,-0.17325103,0.030469093
1356875703301,-0.08765155,-0.2798989,0.95601976,-0.16420479,-0.9425254,-0.291003,0.9825243,-0.18248987,0.03665301
1356875703344,-0.10479593,-0.34878072,0.9313269,-0.16985175,-0.9164466,-0.36232033,0.9798817,-0.19615719,0.036798805
1356875703392,-0.11214471,-0.39318478,0.9125948,-0.18107384,-0.8949258,-0.40782356,0.9770546,-0.21098231,0.029165775
1356875703430,-0.10917091,-0.40641886,0.9071414,-0.19603443,-0.88587034,-0.420481,0.9745011,-0.22373524,0.01703918
1356875703471,-0.09637159,-0.40268564,0.9102509,-0.2142657,-0.8846739,-0.41405576,0.97200954,-0.2349388,-0.0010242388
1356875703509,-0.07120794,-0.3869123,0.919363,-0.23658867,-0.88884866,-0.39239502,0.968997,-0.24545252,-0.028245986
1356875703551,-0.03074485,-0.37008363,0.9284896,-0.26282144,-0.89324707,-0.36473912,0.9643546,-0.2552408,-0.069803216
1356875703591,0.02463597,-0.35945147,0.9328385,-0.29091495,-0.8953159,-0.33730987,0.9564317,-0.26306674,-0.12662679
1356875703631,0.0882259,-0.35608223,0.9302804,-0.31797293,-0.8951284,-0.31247127,0.9439859,-0.26823592,-0.19219804
1356875703670,0.14836586,-0.3490311,0.92529184,-0.33873427,-0.8969844,-0.2840389,0.9291107,-0.27128637,-0.25131065
1356875703711,0.19489902,-0.32942483,0.92384726,-0.3484216,-0.90372974,-0.24874677,0.9168516,-0.27340782,-0.29091477
1356875703755,0.22252554,-0.29303563,0.92984533,-0.34626007,-0.9153326,-0.20559694,0.91136503,-0.2762178,-0.30515143
1356875703810,0.23056501,-0.24224496,0.94242096,-0.33593196,-0.92878455,-0.15655343,0.9132303,-0.28049356,-0.29552305
1356875703827,0.22080266,-0.18307233,0.9579826,-0.32174826,-0.94091225,-0.10565134,0.92071944,-0.28490114,-0.26665914
1356875703874,0.18933451,-0.109673694,0.9757685,-0.30217677,-0.95202386,-0.048371583,0.93425995,-0.28569618,-0.21339181
1356875703915,0.14676309,-0.06196376,0.98722893,-0.28746384,-0.9576339,-0.017371356,0.94648033,-0.28124318,-0.15835765
1356875703954,0.101536155,-0.037179522,0.99413687,-0.27449122,-0.9615569,-0.007925898,0.9562139,-0.27207708,-0.10783824
1356875704000,0.05578029,-0.03701877,0.9977566,-0.26044464,-0.96525484,-0.021252543,0.9638761,-0.2586749,-0.063483536
1356875704036,0.010288,-0.07227098,0.99733204,-0.24570507,-0.966989,-0.06753763,0.9692901,-0.2443547,-0.027705729
1356875704087,-0.031199753,-0.13047425,0.9909607,-0.225244,-0.96502274,-0.13415079,0.9738028,-0.2273934,7.1981177E-4
1356875704128,-0.07221967,-0.23296598,0.9697996,-0.20031825,-0.9491378,-0.24292001,0.9770655,-0.21181214,0.021879021
1356875704179,-0.10588914,-0.33961946,0.93458337,-0.17379157,-0.9190807,-0.35367668,0.979073,-0.19987322,0.038297653
1356875704220,-0.13600254,-0.45490837,0.8800919,-0.149406,-0.86876833,-0.47214344,0.979378,-0.19570372,0.05018866
1356875704271,-0.16037405,-0.5420318,0.82491314,-0.13977261,-0.8148382,-0.5625854,0.9771099,-0.20552437,0.05491768
1356875704313,-0.17769432,-0.6166127,0.76695067,-0.13589393,-0.7565117,-0.6397052,0.9746576,-0.21789598,0.050634027
1356875704357,-0.1853702,-0.6707297,0.7181641,-0.13744044,-0.7059502,-0.6947982,0.9730098,-0.22749965,0.038676694
1356875704399,-0.18346244,-0.70872307,0.68121445,-0.14542651,-0.66578394,-0.73183525,0.97221017,-0.2333309,0.019079238
1356875704441,-0.1723969,-0.7340665,0.65682995,-0.16104478,-0.6368369,-0.75399154,0.9717735,-0.23576486,-0.008428812
1356875704480,-0.15102303,-0.75170815,0.6419711,-0.1858629,-0.61624503,-0.7653085,0.9709002,-0.23489782,-0.04664746
1356875704520,-0.11746532,-0.7658579,0.6321896,-0.22062063,-0.60056347,-0.76853764,0.9682606,-0.22975054,-0.09841871
1356875704562,-0.072050035,-0.7803779,0.6211434,-0.26441234,-0.58553535,-0.76631224,0.96171457,-0.21945077,-0.16415367
1356875704601,-0.021568954,-0.79162604,0.6106251,-0.31263667,-0.57479584,-0.7562195,0.9496278,-0.20721468,-0.23509356
1356875704642,0.024044216,-0.79155886,0.6106197,-0.3560399,-0.57752746,-0.7346411,0.93416137,-0.19974115,-0.2957127
1356875704681,0.059678257,-0.77217495,0.63260126,-0.38311252,-0.60291594,-0.699798,0.9217719,-0.20059474,-0.33181086
1356875704721,0.08221024,-0.7261473,0.68260646,-0.38822284,-0.6541553,-0.6491254,0.91789126,-0.21163867,-0.33568525
1356875704770,0.09140605,-0.638456,0.7642113,-0.3717908,-0.73381084,-0.5685888,0.9238055,-0.23215425,-0.30444682
1356875704814,0.09350145,-0.51458067,0.8523288,-0.3472619,-0.81917363,-0.45646876,0.9330952,-0.2533008,-0.25528818
1356875704859,0.09029657,-0.37554407,0.92239535,-0.32441807,-0.88675326,-0.3292743,0.9415941,-0.26950938,-0.20190406
1356875704928,0.080952525,-0.23484144,0.9686569,-0.30393162,-0.93137753,-0.20040326,0.9492483,-0.2781823,-0.1467731
1356875704930,0.066395104,-0.11243386,0.9914385,-0.286652,-0.9538937,-0.08897946,0.9557313,-0.27829003,-0.09556326
1356875704966,0.047964096,-0.0218708,0.99860954,-0.27110958,-0.96251476,-0.008058652,0.9613527,-0.2703461,-0.052095532
1356875705029,0.026524305,0.029904358,0.99920076,-0.2553889,-0.96617925,0.0356955,0.9664745,-0.2561316,-0.017989993
1356875705047,0.0027511716,0.039310485,0.99922323,-0.23803729,-0.97047925,0.03883505,0.9712521,-0.23795924,0.0066874623
1356875705083,-0.022882164,0.0029745325,0.9997337,-0.21856943,-0.97581905,-0.0020993128,0.97555304,-0.21855927,0.02297911
1356875705116,-0.049576342,-0.074137434,0.996015,-0.19771926,-0.976777,-0.082546875,0.9790043,-0.20102371,0.033766508
1356875705163,-0.07328743,-0.17313184,0.98216826,-0.17603593,-0.9671081,-0.18361254,0.98165196,-0.18635337,0.040399317
1356875705202,-0.096799135,-0.28883797,0.9524718,-0.15699583,-0.94055474,-0.3011795,0.98284394,-0.17868803,0.045698524
1356875705241,-0.11982578,-0.39561307,0.9105669,-0.1446879,-0.900424,-0.4102464,0.98219514,-0.18090609,0.050653525
1356875705280,-0.140769,-0.47572285,0.8682579,-0.14106013,-0.858406,-0.49319476,0.97994184,-0.19190313,0.053731494
1356875705321,-0.15692711,-0.5276396,0.8348475,-0.14555092,-0.82373434,-0.5479752,0.9768259,-0.20750499,0.052467734
1356875705362,-0.16539586,-0.55511904,0.81516075,-0.1569794,-0.80118865,-0.5774551,0.9736538,-0.22347212,0.045370966
1356875705401,-0.16403562,-0.56062764,0.81165814,-0.17455924,-0.7933217,-0.5832406,0.97088695,-0.23735468,0.032270342
1356875705440,-0.15111,-0.54560655,0.8243053,-0.19808681,-0.8002537,-0.5659997,0.9684665,-0.24881221,0.012848869
1356875705481,-0.124248326,-0.5119997,0.8499522,-0.22717652,-0.8191587,-0.52665937,0.96589506,-0.2585257,-0.014535263
1356875705520,-0.08110106,-0.46691257,0.8805767,-0.2591117,-0.8432335,-0.47097605,0.96243644,-0.26636434,-0.05259542
1356875705562,-0.021546483,-0.42643693,0.90426064,-0.28918466,-0.8631489,-0.4139398,0.9570308,-0.27041724,-0.10472119
1356875705597,0.05017525,-0.39663944,0.9166022,-0.31344238,-0.8776437,-0.362623,0.94828075,-0.2691073,-0.16835961
1356875705637,0.124295294,-0.3701027,0.92063826,-0.32944173,-0.89059347,-0.31354663,0.9359588,-0.26432428,-0.23262385
1356875705681,0.18989211,-0.3284916,0.9252212,-0.33396456,-0.9077854,-0.2537584,0.92325985,-0.26080438,-0.28208584
1356875705731,0.23715132,-0.2488848,0.9390504,-0.32217985,-0.9320695,-0.16567007,0.916493,-0.26325423,-0.30122718
1356875705774,0.26305676,-0.13605222,0.95513916,-0.29817152,-0.9530046,-0.05362816,0.9175483,-0.27068806,-0.2912612
1356875705820,0.26108092,0.0038377792,0.96530926,-0.2705214,-0.9596312,0.07698136,0.92663634,-0.28123516,-0.2495032
1356875705860,0.24027246,0.12583433,0.9625148,-0.25250238,-0.9493262,0.18714225,0.93728954,-0.2880024,-0.19632348
1356875705925,0.20741272,0.22364092,0.9523469,-0.24204296,-0.93151623,0.27146402,0.9478371,-0.28681394,-0.1390776
1356875705937,0.16766924,0.29060292,0.9420387,-0.23543124,-0.9161146,0.3245091,0.9573187,-0.27619556,-0.08518723
1356875705975,0.12553573,0.32255727,0.93818843,-0.22927755,-0.9106363,0.34376344,0.9652319,-0.25826016,-0.04036224
1356875706018,0.08420968,0.31799313,0.94434583,-0.22126153,-0.91808534,0.32888082,0.9715719,-0.23664239,-0.0069520175
1356875706068,0.045560718,0.27363917,0.9607527,-0.2071878,-0.9382503,0.27705532,0.9772397,-0.21167907,0.013947338
1356875706110,0.0043901205,0.15992342,0.9871197,-0.19271328,-0.9684898,0.15776227,0.9812453,-0.19092365,0.026567638
1356875706151,-0.031098306,0.01688888,0.9993736,-0.17623654,-0.98428476,0.011149809,0.9838565,-0.1757794,0.033585966
1356875706189,-0.06320226,-0.14431454,0.9875114,-0.16071142,-0.9751041,-0.15278712,0.9849758,-0.16836086,0.038435787
1356875706229,-0.09091598,-0.28999528,0.9526998,-0.15053013,-0.94166774,-0.30100226,0.984416,-0.17077598,0.041959736
1356875706272,-0.11407781,-0.40762812,0.90599424,-0.14620249,-0.8951303,-0.42114916,0.9826551,-0.18050238,0.04251825
1356875706313,-0.13056368,-0.49314338,0.86009455,-0.14819975,-0.8480663,-0.50874376,0.9803009,-0.19388929,0.037643053
1356875706350,-0.13919824,-0.5483233,0.8246002,-0.1544237,-0.8105005,-0.5650154,0.9781499,-0.20598696,0.028146073
1356875706393,-0.13880265,-0.58009315,0.8026368,-0.16558489,-0.785478,-0.596327,0.97637874,-0.2156763,0.012971774
1356875706430,-0.12936711,-0.58568007,0.80015177,-0.18200167,-0.7791995,-0.5997695,0.97475094,-0.22321944,-0.0057918876
1356875706473,-0.10983503,-0.57676435,0.8094932,-0.20484456,-0.7838021,-0.58625346,0.9726125,-0.23021145,-0.03205818
1356875706521,-0.073162735,-0.5562539,0.82778543,-0.23851126,-0.7961657,-0.55608666,0.9683798,-0.238121,-0.07442312
1356875706566,-0.01791048,-0.52020955,0.85385084,-0.276215,-0.81817895,-0.5042703,0.96092904,-0.2448781,-0.12903576
1356875706604,0.048325658,-0.4906345,0.87002444,-0.3114705,-0.83501107,-0.45358866,0.9490262,-0.24906695,-0.19317062
1356875706640,0.11573106,-0.46008137,0.88030195,-0.33841816,-0.8514956,-0.40053508,0.93385196,-0.25155577,-0.2542444
1356875706681,0.17295218,-0.4178247,0.8919137,-0.3515185,-0.8721088,-0.3403835,0.9200664,-0.25465414,-0.29770625
1356875706719,0.21303946,-0.3573991,0.9093294,-0.34921187,-0.89707094,-0.27076703,0.9125049,-0.25986457,-0.31591952
1356875706762,0.23253012,-0.2774073,0.9321882,-0.33497173,-0.922663,-0.1910155,0.9130847,-0.26783985,-0.30747053
1356875706800,0.23373842,-0.1853312,0.95447296,-0.3161926,-0.9427959,-0.105632246,0.9194501,-0.277107,-0.27896798
1356875706841,0.21907425,-0.08992256,0.97155565,-0.29859102,-0.95415044,-0.020982906,0.9288971,-0.285501,-0.23587987
1356875706879,0.1931147,-0.0030674934,0.98117137,-0.28563273,-0.9568599,0.053226896,0.9386803,-0.29053357,-0.18565989
1356875706921,0.15987003,0.06634703,0.98490596,-0.27727872,-0.9545511,0.109310135,0.94739544,-0.2905689,-0.13420749
1356875706957,0.12307137,0.11064301,0.9862107,-0.27174237,-0.95202637,0.14071918,0.95446813,-0.28531373,-0.087100804
1356875706997,0.085442126,0.12747094,0.9881553,-0.2654545,-0.9530213,0.14589158,0.96032995,-0.27477553,-0.047590435
1356875707040,0.048889577,0.11393834,0.9922842,-0.25587332,-0.9588905,0.12271074,0.9654733,-0.25989833,-0.017725974
1356875707079,0.015635312,0.069745935,0.9974422,-0.24157497,-0.9677476,0.071456335,0.97025615,-0.24207431,0.0017178352
1356875707119,-0.012871504,-0.003973566,0.9999093,-0.2229585,-0.97480464,-0.0067438707,0.974743,-0.22302508,0.011661261
1356875707160,-0.03601843,-0.099130996,0.99442226,-0.20182875,-0.9738418,-0.104389735,0.9787583,-0.20446298,0.015068827
1356875707200,-0.055350125,-0.20186654,0.9778478,-0.1822013,-0.9608633,-0.20867355,0.9817022,-0.18971522,0.01640344
1356875707238,-0.07309562,-0.29637116,0.9522716,-0.16830546,-0.93746585,-0.3046822,0.983021,-0.1825434,0.018643644
1356875707303,-0.09000617,-0.37306103,0.92343086,-0.16179374,-0.9094005,-0.3831628,0.9827115,-0.18389232,0.0214926
1356875707323,-0.104543746,-0.42980686,0.89684826,-0.16174039,-0.88243634,-0.44175375,0.98128015,-0.19123912,0.022735953
1356875707360,-0.11453593,-0.46730652,0.8766448,-0.16560009,-0.8611236,-0.48066887,0.9795193,-0.20022634,0.021243662
1356875707403,-0.11863899,-0.48894978,0.86420655,-0.17395325,-0.84665823,-0.50290173,0.97758126,-0.20999531,0.015392274
1356875707440,-0.115966976,-0.49268198,0.86244774,-0.18604673,-0.842163,-0.5061105,0.9756732,-0.21914773,0.0060013533
1356875707484,-0.1048789,-0.48670608,0.86724716,-0.20311223,-0.8431914,-0.4977688,0.97352237,-0.22835395,-0.010422975
1356875707520,-0.08299005,-0.46825892,0.87968534,-0.22456624,-0.85123867,-0.47430238,0.9709185,-0.23691002,-0.03451079
1356875707564,-0.045454144,-0.45296535,0.89036864,-0.2500398,-0.85776013,-0.4491409,0.96716803,-0.24304289,-0.07427055
1356875707600,0.00775367,-0.43759257,0.89913994,-0.27520454,-0.86537796,-0.41878808,0.96135443,-0.24420024,-0.1271373
1356875707640,0.07293856,-0.42986634,0.89994156,-0.29750636,-0.8706408,-0.3917582,0.95192957,-0.23916405,-0.19139126
1356875707681,0.1359188,-0.4166408,0.89885294,-0.31329158,-0.8787901,-0.3599672,0.93988,-0.23267671,-0.24997413
1356875707722,0.18359113,-0.39292812,0.9010559,-0.32052016,-0.8904688,-0.323005,0.92927986,-0.22950573,-0.28942356
1356875707759,0.21194267,-0.35551625,0.9103233,-0.31866568,-0.90571433,-0.2795241,0.92386824,-0.23084569,-0.30525035
1356875707800,0.21603745,-0.30165628,0.92861795,-0.30917218,-0.9232724,-0.22799274,0.9261427,-0.23784786,-0.29272515
1356875707857,0.20344615,-0.23925893,0.9494024,-0.297432,-0.93895847,-0.17289068,0.932815,-0.24720873,-0.26219076
1356875707933,0.16118342,-0.15171097,0.97519416,-0.28135806,-0.9541732,-0.10193694,0.94596905,-0.2579482,-0.196482
1356875707935,0.11753464,-0.080007985,0.98984057,-0.27046746,-0.9616479,-0.04561363,0.9555276,-0.2623585,-0.1346665
1356875707973,0.07864863,-0.02811087,0.996506,-0.2613455,-0.9652227,-0.0066018403,0.9620358,-0.25991312,-0.08326009
1356875708018,0.045422554,0.0021696836,0.99896544,-0.2500068,-0.9681504,0.013470463,0.96717805,-0.25036,-0.043433428
1356875708057,0.016725242,0.0069474876,0.999836,-0.2374607,-0.971338,0.010721713,0.9712532,-0.23760109,-0.014596106
1356875708098,-0.006212473,-0.0082449615,0.9999467,-0.22184731,-0.9750359,-0.009417847,0.97506166,-0.221894,0.004228263
1356875708138,-0.025439024,-0.045807734,0.9986263,-0.20473044,-0.97753763,-0.050055668,0.9784878,-0.20572256,0.01548937
1356875708177,-0.04095751,-0.09893694,0.9942504,-0.1873286,-0.97667944,-0.10490535,0.98144305,-0.19054823,0.021468699
1356875708218,-0.055082142,-0.16273189,0.9851316,-0.17296034,-0.97015905,-0.16992943,0.98338735,-0.17974879,0.025292335
1356875708256,-0.06920326,-0.22692505,0.97145045,-0.16533002,-0.9577103,-0.23549303,0.9838073,-0.1769068,0.028759092
1356875708298,-0.08361226,-0.2844388,0.9550411,-0.16665354,-0.9409081,-0.29481977,0.982464,-0.18381152,0.03126866
1356875708341,-0.09617919,-0.3313097,0.9386072,-0.17480227,-0.9227016,-0.3436073,0.97989476,-0.19711852,0.030830942
1356875708382,-0.10398221,-0.36510006,0.92514306,-0.18855551,-0.90607965,-0.3787697,0.9765422,-0.21382612,0.02537454
1356875708420,-0.10458237,-0.38393182,0.9174196,-0.2051493,-0.89431006,-0.39764696,0.97312695,-0.22979487,0.014765836
1356875708463,-0.095758736,-0.38974473,0.9159309,-0.22358462,-0.888225,-0.4013307,0.9699692,-0.24321896,-0.0020856857
1356875708500,-0.07606888,-0.38130206,0.9213155,-0.2428493,-0.8890837,-0.38801333,0.96707684,-0.2532566,-0.024967283
1356875708542,-0.043120146,-0.36686873,0.9292728,-0.26215035,-0.8933917,-0.36486754,0.96406317,-0.25934234,-0.057651527
1356875708581,0.0045158863,-0.34695795,0.9378698,-0.27980855,-0.9008542,-0.33191702,0.9600452,-0.26092508,-0.101149954
1356875708624,0.068256795,-0.33393392,0.9401218,-0.29461333,-0.90704244,-0.30079386,0.9531757,-0.2564412,-0.16029319
1356875708660,0.14072305,-0.31966412,0.93702286,-0.3048535,-0.91444683,-0.26617914,0.9419455,-0.24819715,-0.22613448
1356875708718,0.21186793,-0.305536,0.9283101,-0.3116918,-0.9213942,-0.23212248,0.92626137,-0.24016735,-0.29044697
1356875708740,0.26925433,-0.27819124,0.9220151,-0.31215099,-0.93089753,-0.18971437,0.91107845,-0.2367265,-0.33748585
1356875708778,0.3047551,-0.23522586,0.92292637,-0.30577356,-0.9418897,-0.13909101,0.90201265,-0.2398178,-0.35897154
1356875708821,0.31908137,-0.17779481,0.93090075,-0.29386607,-0.9523937,-0.081172444,0.90101606,-0.2476595,-0.35613894
1356875708861,0.31148416,-0.106011085,0.9443194,-0.280027,-0.9598687,-0.015389644,0.9080542,-0.25964132,-0.32866988
1356875708937,0.290538,-0.03234025,0.9563168,-0.26920033,-0.96182364,0.04925911,0.91821504,-0.27175242,-0.28815234
1356875708939,0.2582059,0.039999448,0.96526146,-0.26143348,-0.9589706,0.10967179,0.9300442,-0.28066957,-0.23715466
1356875708977,0.22110301,0.09788722,0.9703255,-0.25625563,-0.95415777,0.15464786,0.9409817,-0.28284445,-0.18588302
1356875709021,0.18189794,0.13838007,0.9735318,-0.24912561,-0.95126176,0.18176202,0.95123583,-0.27559382,-0.13855854
1356875709060,0.14247626,0.15351503,0.9778209,-0.240346,-0.9529661,0.18463323,0.9601741,-0.2613212,-0.098878324
1356875709100,0.10433555,0.14486445,0.9839352,-0.2291802,-0.9592068,0.16552575,0.9677761,-0.24276866,-0.0668793
1356875709139,0.06775439,0.11136241,0.9914675,-0.21639161,-0.9684556,0.123565376,0.9739528,-0.22291735,-0.041519225
1356875709180,0.03318429,0.053240053,0.9980302,-0.2020553,-0.97760326,0.05886866,0.97881174,-0.20361082,-0.021683633
1356875709224,0.001026392,-0.026063211,0.9996598,-0.18630707,-0.9821628,-0.02541574,0.982491,-0.1862176,-0.0058638444
1356875709263,-0.02895534,-0.1178319,0.9926113,-0.17145069,-0.9777257,-0.12106623,0.9847671,-0.17368941,0.008108079
1356875709313,-0.05766952,-0.2109004,0.9758049,-0.1614522,-0.9625949,-0.21758708,0.9851941,-0.17009401,0.021462113
1356875709343,-0.0846411,-0.2953721,0.9516256,-0.15779582,-0.9390273,-0.30549672,0.9838376,-0.17602012,0.032871816
1356875709381,-0.10811305,-0.36418432,0.9250304,-0.16046481,-0.91189045,-0.37776548,0.98110276,-0.18927622,0.040148556
1356875709420,-0.12594372,-0.41610947,0.9005504,-0.16792652,-0.88573635,-0.43274924,0.9777213,-0.20572832,0.041677065
1356875709461,-0.13641834,-0.4508732,0.8821017,-0.17906713,-0.8645359,-0.46958774,0.9743331,-0.22201581,0.03720197
1356875709502,-0.13792545,-0.46995747,0.8718467,-0.19415146,-0.8503528,-0.48908615,0.97122693,-0.23672773,0.026042357
1356875709541,-0.1283201,-0.4755255,0.87029266,-0.21366595,-0.8436827,-0.49248984,0.96844244,-0.24914828,0.0066578984
1356875709580,-0.10400367,-0.475406,0.87359744,-0.23805775,-0.8409294,-0.48596948,0.9656665,-0.25850922,-0.025714383
1356875709621,-0.061666965,-0.47702035,0.87672615,-0.26718816,-0.83844924,-0.47498766,0.9616692,-0.2635419,-0.07574952
1356875709660,-0.0033308268,-0.48488444,0.87457186,-0.29994178,-0.83382416,-0.4634352,0.95395166,-0.26386425,-0.14265977
1356875709702,0.061032653,-0.49412036,0.8672486,-0.33317715,-0.82911897,-0.44894838,0.9408868,-0.2615469,-0.21523295
1356875709740,0.11864996,-0.49476305,0.8608901,-0.36047664,-0.8293243,-0.42694008,0.9251912,-0.2596743,-0.2767498
