1356874688067,-0.7981566,0.2907133,-0.52766645,0.4807198,-0.22058767,-0.84867525,-0.3631178,-0.9310354,0.036311805
1356874688107,0.30261558,-0.15476194,-0.940464,0.88123953,-0.33047336,0.33794117,-0.36309877,-0.9310403,0.036376
1356874688147,0.30277687,-0.15522733,-0.9403354,0.8812394,-0.33015752,0.33824992,-0.36296454,-0.93107486,0.036828473
1356874688188,0.30305272,-0.1566585,-0.9400091,0.88132024,-0.32917958,0.33899173,-0.36253774,-0.93118143,0.038307562
1356874688227,0.30275124,-0.15921715,-0.93967634,0.88176286,-0.32739776,0.33956602,-0.36171263,-0.93137574,0.04127167
1356874688267,0.30070597,-0.16269904,-0.9397366,0.88296705,-0.32493883,0.33879784,-0.360479,-0.931635,0.04594685
1356874688308,0.3035522,-0.16931996,-0.93764967,0.8826109,-0.3207745,0.34365928,-0.35896248,-0.93189836,0.05207181
1356874688346,0.28382558,-0.16862443,-0.94393265,0.88982344,-0.32048994,0.3248082,-0.35729158,-0.93212223,0.05908276
1356874688393,0.2639674,-0.1678986,-0.9498059,0.8965915,-0.32032567,0.30580264,-0.355591,-0.9323098,0.06598085
1356874688428,0.24112421,-0.1650441,-0.9563575,0.9036267,-0.32127136,0.28327295,-0.35400274,-0.93249404,0.07167195
1356874688467,0.21525782,-0.1593279,-0.9634722,0.91065156,-0.32354993,0.25696158,-0.35267252,-0.9327004,0.07544553
1356874688513,0.18738377,-0.15069091,-0.9706594,0.9171928,-0.32689363,0.22781113,-0.35163143,-0.9329699,0.07695803
1356874688555,0.15808606,-0.14038765,-0.9773946,0.9230362,-0.33057988,0.19677672,-0.35073197,-0.9332782,0.077322826
1356874688596,0.13299459,-0.1310569,-0.98241365,0.9273602,-0.33331758,0.17000726,-0.34973636,-0.93366134,0.07720755
1356874688638,0.1132977,-0.123711675,-0.9858291,0.9304371,-0.33481538,0.14894769,-0.34849736,-0.93412745,0.077172145
1356874688676,0.099390805,-0.11898589,-0.98790884,0.9325131,-0.3352759,0.1341989,-0.3471898,-0.93457603,0.07763259
1356874688716,0.09085691,-0.11701763,-0.98896503,0.9338666,-0.3349067,0.12542224,-0.34588763,-0.9349569,0.078850254
1356874688756,0.08724493,-0.1174117,-0.98924357,0.9346572,-0.33393967,0.122065514,-0.34467965,-0.93525326,0.08060521
1356874688796,0.087610126,-0.11934498,-0.9889799,0.934994,-0.3326624,0.12297174,-0.34367245,-0.9354638,0.08244224
1356874688835,0.09092057,-0.122106135,-0.98834383,0.93489426,-0.33144498,0.12695235,-0.34308326,-0.93553954,0.084021196
1356874688876,0.096092045,-0.1253677,-0.98744583,0.934334,-0.33068925,0.13290837,-0.34320018,-0.9353757,0.085358724
1356874688916,0.10207701,-0.12909028,-0.9863651,0.9333358,-0.33064032,0.13986158,-0.3441868,-0.93488646,0.08673382
1356874688958,0.10822505,-0.13336784,-0.9851397,0.93195194,-0.33134001,0.14723867,-0.34605312,-0.93403786,0.08843318
1356874688996,0.11474615,-0.13797843,-0.98376584,0.9303645,-0.33220816,0.15511137,-0.34821713,-0.9330593,0.09025067
1356874689036,0.12245059,-0.14292976,-0.9821288,0.9285486,-0.33291095,0.16421902,-0.35043317,-0.932063,0.09195204
1356874689076,0.13339978,-0.14844334,-0.9798822,0.92627084,-0.33295017,0.1765402,-0.35245818,-0.93118674,0.09308328
1356874689116,0.14900154,-0.15458965,-0.9766784,0.92321193,-0.33207524,0.19340596,-0.3542292,-0.93049884,0.09323926
1356874689155,0.16964489,-0.16128498,-0.9722179,0.9190281,-0.3302946,0.21515745,-0.35582006,-0.92999595,0.092192695
1356874689195,0.19416487,-0.16807398,-0.9664632,0.91357434,-0.32789028,0.24056154,-0.35732603,-0.92964464,0.08988333
1356874689236,0.22037035,-0.17427245,-0.9597219,0.9070351,-0.3252939,0.26734146,-0.35878184,-0.92941546,0.086386025
1356874689275,0.24576944,-0.17917335,-0.9526249,0.89993596,-0.3229735,0.2929222,-0.3601565,-0.92929274,0.08186753
1356874689316,0.26824176,-0.18220738,-0.94596344,0.8929994,-0.3213312,0.31511647,-0.3613841,-0.9292721,0.0765166
1356874689355,0.28646606,-0.18309715,-0.9404322,0.88691235,-0.3205886,0.33258018,-0.36238635,-0.9293537,0.07055335
1356874689396,0.29996163,-0.18186468,-0.93645513,0.8821365,-0.32078922,0.34486154,-0.3631228,-0.92952657,0.06420499
1356874689435,0.30915004,-0.17900842,-0.93401396,0.8787233,-0.32182163,0.35252807,-0.36369142,-0.929724,0.05780779
1356874689476,0.30584222,-0.17204809,-0.93640804,0.87959635,-0.32535547,0.34706503,-0.36437735,-0.9298082,0.05182542
1356874689516,0.3144185,-0.17089185,-0.9337757,0.8760556,-0.3266104,0.35475665,-0.3656059,-0.92958146,0.047018394
1356874689556,0.32161272,-0.17184669,-0.9311467,0.87248105,-0.3282953,0.36193812,-0.36788887,-0.92881167,0.044348985
1356874689596,0.3289718,-0.17637554,-0.92772263,0.86815274,-0.3300954,0.3706049,-0.3716026,-0.92732346,0.044528797
1356874689636,0.33663303,-0.18451324,-0.9233813,0.86308026,-0.33165008,0.3809208,-0.37652448,-0.9251827,0.047605395
1356874689676,0.34371924,-0.19515148,-0.91857123,0.8579577,-0.33242857,0.39166322,-0.3817929,-0.92271745,0.053169504
1356874689716,0.3491078,-0.20705259,-0.9139217,0.85359335,-0.3321532,0.4013136,-0.38665506,-0.92021924,0.06078142
1356874689756,0.35206246,-0.2195049,-0.90987337,0.85031635,-0.3312627,0.40893412,-0.39117023,-0.9176506,0.07002345
1356874689796,0.3524788,-0.23218179,-0.9065595,0.84791267,-0.33067316,0.41436604,-0.39598316,-0.91473866,0.08031464
1356874689836,0.35105443,-0.245096,-0.90370834,0.84580946,-0.33104736,0.41834682,-0.40170538,-0.9112275,0.09108884
1356874689876,0.34886295,-0.25820225,-0.900903,0.84340745,-0.33262438,0.42192996,-0.40860558,-0.907024,0.10172939
1356874689916,0.34699464,-0.27116492,-0.8978108,0.84025776,-0.33535045,0.4260365,-0.41660738,-0.9022249,0.1114836
1356874689958,0.34633744,-0.28355253,-0.89423054,0.83603203,-0.3391235,0.43133005,-0.42555934,-0.89699113,0.119607836
1356874689995,0.34742707,-0.2946095,-0.8902245,0.83089286,-0.34332132,0.43788993,-0.4346395,-0.891816,0.12550977
1356874690036,0.3506211,-0.304559,-0.885612,0.8244802,-0.34812766,0.44613835,-0.44418156,-0.886595,0.12904197
1356874690076,0.35642356,-0.31362608,-0.8801141,0.8163823,-0.35358727,0.45661354,-0.45440313,-0.8812574,0.13001198
1356874690116,0.364195,-0.32050988,-0.87443435,0.8070078,-0.36005062,0.46808317,-0.46486592,-0.87614894,0.12752539
1356874690156,0.3723151,-0.32221437,-0.87037885,0.7981075,-0.36751002,0.47745243,-0.47371498,-0.87241864,0.12033215
1356874690196,0.37866813,-0.31540483,-0.8701323,0.79249996,-0.37512505,0.48085877,-0.47807348,-0.8716657,0.107910335
1356874690236,0.3814385,-0.29873955,-0.8747911,0.7927773,-0.38097095,0.47577864,-0.47540385,-0.8749948,0.09151695
1356874690276,0.37936896,-0.27419475,-0.88368344,0.8000003,-0.38262457,0.46216658,-0.46484268,-0.8822787,0.074200034
1356874690316,0.37163687,-0.24656627,-0.89503694,0.81336844,-0.37830883,0.44194368,-0.44756877,-0.8922374,0.059955746
1356874690356,0.3573895,-0.22141725,-0.9073297,0.8311059,-0.3677963,0.41711956,-0.42607,-0.9031612,0.052574687
1356874690396,0.335559,-0.20319232,-0.91984403,0.85156786,-0.35207677,0.38842514,-0.40278074,-0.9136492,0.054889545
1356874690436,0.305313,-0.19493571,-0.9320859,0.87350464,-0.3324229,0.3556469,-0.37917495,-0.92276496,0.06878419
1356874690476,0.26690423,-0.19907033,-0.94293857,0.89566815,-0.30991584,0.3189526,-0.35572553,-0.9296899,0.09558305
1356874690516,0.22202891,-0.21732354,-0.95051235,0.9166255,-0.28582758,0.27946442,-0.33241683,-0.93331295,0.13574229
1356874690557,0.17406535,-0.25002697,-0.95246404,0.93495536,-0.26167095,0.23955566,-0.3091275,-0.9322097,0.1882162
1356874690596,0.12666845,-0.29438922,-0.94725394,0.9498154,-0.23935276,0.20139745,-0.28601706,-0.92522717,0.24929698
1356874690636,0.08238572,-0.3436152,-0.9354898,0.96106493,-0.22103369,0.16582602,-0.26375517,-0.91272813,0.31202656
1356874690676,0.04085946,-0.38766947,-0.9208925,0.96901727,-0.20932055,0.13111275,-0.24359009,-0.8977179,0.3671056
1356874690716,-8.382797E-4,-0.4172128,-0.9088084,0.97379947,-0.20700991,0.094135165,-0.2274068,-0.8849183,0.40645516
1356874690756,-0.04553932,-0.42747504,-0.9028794,0.97506005,-0.21555078,0.052874178,-0.21721882,-0.87795377,0.42662996
1356874690815,-0.09463495,-0.41791406,-0.9035442,0.97218883,-0.23410958,0.0064575374,-0.21422705,-0.8778044,0.4284463
1356874690838,-0.14731401,-0.39060017,-0.9086969,0.9646555,-0.25968474,-0.04476121,-0.21849093,-0.88317347,0.41504976
1356874690878,-0.20130002,-0.34836122,-0.9154905,0.9522294,-0.2887135,-0.099517345,-0.22964644,-0.8917898,0.3898378
1356874690913,-0.25203687,-0.2954663,-0.92150795,0.9357761,-0.31704843,-0.15428293,-0.24657726,-0.9012102,0.3563983
1356874690956,-0.29608655,-0.23519194,-0.9257524,0.916729,-0.3421358,-0.20627928,-0.2682178,-0.90974057,0.31690907
1356874690996,-0.32571036,-0.17467287,-0.92919433,0.8990736,-0.36130702,-0.24723256,-0.2925397,-0.9159403,0.27472526
1356874691036,-0.33646798,-0.11954692,-0.93407595,0.8862015,-0.37567055,-0.27114302,-0.31849054,-0.91901046,0.2323438
1356874691076,-0.32079852,-0.07702604,-0.9440102,0.88203526,-0.38745785,-0.26812345,-0.34511167,-0.9186639,0.19223559
1356874691116,-0.26957768,-0.05494356,-0.9614099,0.88854986,-0.3990593,-0.22634211,-0.3712236,-0.9152775,0.15639764
1356874691156,-0.17176467,-0.061237305,-0.98323286,0.9022902,-0.41040403,-0.1320639,-0.39543548,-0.90984535,0.12574676
1356874691196,-0.01953137,-0.100254565,-0.99477005,0.90898,-0.41614288,0.024092615,-0.41638193,-0.90375555,0.09925729
1356874691236,0.17508548,-0.1640485,-0.97079,0.884504,-0.40686846,0.22827801,-0.43243244,-0.89863575,0.07386474
1356874691276,0.37179196,-0.22989655,-0.8993988,0.81690073,-0.37918848,0.43461394,-0.44095787,-0.89630556,0.046823442
1356874691316,0.529863,-0.27615124,-0.8018638,0.72519964,-0.3426669,0.5972141,-0.4396937,-0.89795303,0.018698305
1356874691356,0.6410936,-0.29999155,-0.7064022,0.63600516,-0.30747598,0.70778245,-0.4295305,-0.9030302,-0.0063247085
1356874691396,0.7172957,-0.3105413,-0.6237395,0.5603072,-0.27504385,0.7812853,-0.41417706,-0.9098983,-0.023289233
1356874691436,0.7702698,-0.31630743,-0.55374545,0.49873763,-0.2423448,0.8321838,-0.3974232,-0.91717976,-0.028916478
1356874691476,0.8068033,-0.320854,-0.496106,0.4515792,-0.2065705,0.867989,-0.3809786,-0.92432755,-0.021770775
1356874691516,0.83129364,-0.32499254,-0.45092207,0.41952324,-0.16532435,0.8925627,-0.36462462,-0.93115395,-0.0010911527
1356874691556,0.8472617,-0.32912517,-0.4169223,0.40209544,-0.11547293,0.9082871,-0.3470833,-0.9371994,0.034503907
1356874691596,0.8576367,-0.33382946,-0.391174,0.39699352,-0.053727895,0.9162474,-0.32688734,-0.941101,0.08644912
1356874691636,0.86494327,-0.3393341,-0.36976415,0.40009657,0.0214383,0.91622216,-0.30297834,-0.9404215,0.15430933
1356874691676,0.8708273,-0.34433672,-0.3508447,0.40724412,0.1055775,0.9071966,-0.2753398,-0.93289095,0.23216888
1356874691716,0.8755028,-0.34639215,-0.3369084,0.4160273,0.18568504,0.8901923,-0.24579681,-0.91952896,0.3066764
1356874691756,0.87880164,-0.34441262,-0.33028424,0.42428672,0.24721405,0.87112916,-0.21837693,-0.90568495,0.3633818
1356874691796,0.88146377,-0.33914495,-0.32863712,0.42883652,0.28336704,0.8577892,-0.19778997,-0.89704174,0.3952155
1356874691836,0.88501465,-0.33158576,-0.3268028,0.42647302,0.2958559,0.8547456,-0.18673493,-0.8958349,0.40324917
1356874691876,0.8912068,-0.3222424,-0.3192339,0.41407457,0.29063958,0.86259544,-0.18518282,-0.90093756,0.39245236
1356874691916,0.90247077,-0.3111726,-0.29785588,0.38555592,0.27520055,0.880688,-0.19207585,-0.90963525,0.3683349
1356874691956,0.9219885,-0.2977634,-0.24753623,0.3273462,0.2578949,0.90902954,-0.2068374,-0.9191448,0.33524784
1356874691996,0.94962555,-0.2796635,-0.14142005,0.2142162,0.24988931,0.9442811,-0.2287416,-0.9270079,0.29720974
1356874692036,0.96641016,-0.2515468,0.052682906,0.015739128,0.26253042,0.96479535,-0.25652206,-0.93155885,0.2576712
1356874692076,0.92223954,-0.20907237,0.3252122,-0.25731638,0.29587966,0.9199149,-0.28855243,-0.93206435,0.21907419
1356874692116,0.80478066,-0.16674916,0.56966907,-0.4985351,0.33101606,0.8011811,-0.32216585,-0.9287751,0.18326503
1356874692156,0.68803203,-0.1477319,0.71048373,-0.6333315,0.35571635,0.6872824,-0.3542642,-0.922844,0.15118101
1356874692196,0.61578405,-0.1537689,0.77276456,-0.68894595,0.3708107,0.6227784,-0.38231334,-0.9158901,0.12240085
1356874692236,0.57918584,-0.17474097,0.796247,-0.70755905,0.37732765,0.59748137,-0.40485048,-0.9094446,0.09490326
1356874692276,0.56187725,-0.20214361,0.802142,-0.7124198,0.37457442,0.593424,-0.42041874,-0.90489334,0.066453725
1356874692316,0.5581354,-0.23107958,0.79692346,-0.7114501,0.36097077,0.60294175,-0.42699355,-0.9034945,0.037068993
1356874692356,0.5695319,-0.25808275,0.7804016,-0.70435137,0.33616877,0.6252037,-0.42370093,-0.9057504,0.009677917
1356874692396,0.59718305,-0.27979928,0.7517212,-0.68795496,0.30320486,0.6593822,-0.4124202,-0.91092217,-0.011420518
1356874692436,0.637913,-0.29344198,0.7120104,-0.6602348,0.26754603,0.7017899,-0.39643016,-0.917775,-0.02306953
1356874692476,0.68651927,-0.29803324,0.66322505,-0.6208451,0.23451328,0.748034,-0.37847412,-0.92529976,-0.02403459
1356874692516,0.74090207,-0.29454446,0.60357904,-0.5672265,0.2067711,0.7971823,-0.35960835,-0.9330001,-0.013876274
1356874692556,0.80346185,-0.28519362,0.5226028,-0.4891479,0.18417335,0.8525341,-0.3393868,-0.9406087,0.008474395
1356874692596,0.87514627,-0.27356684,0.39909923,-0.36577183,0.16591784,0.9157959,-0.3167491,-0.94743466,0.045139343
1356874692636,0.94000316,-0.26557013,0.21416485,-0.17786132,0.15421835,0.9718961,-0.29113472,-0.951677,0.09773108
1356874692686,0.9630717,-0.26795086,-0.026367165,0.0720177,0.16200262,0.9841588,-0.25943467,-0.94971436,0.17531735
1356874692726,0.9213829,-0.29141653,-0.25715744,0.31470376,0.17113465,0.93363506,-0.22806816,-0.94116384,0.24939042
1356874692766,0.8367158,-0.32603607,-0.4400081,0.5095844,0.16925174,0.84360987,-0.20057511,-0.930083,0.3077585
1356874692806,0.7231374,-0.36168873,-0.58843315,0.66646934,0.14169346,0.7319437,-0.18135868,-0.9214685,0.3435183
1356874692846,0.5770447,-0.38802218,-0.7186502,0.79822767,0.08179915,0.59677595,-0.17277732,-0.9180129,0.3569318
1356874692886,0.38766196,-0.3927252,-0.8339575,0.90517664,-0.008865982,0.4249431,-0.17427975,-0.9196131,0.3520487
1356874692956,0.15586084,-0.36268502,-0.91878563,0.97044057,-0.117289305,0.21092281,-0.18426222,-0.9245014,0.33368343
1356874692969,-0.09150684,-0.292323,-0.9519316,0.9750619,-0.22039872,-0.026049405,-0.20218971,-0.93057597,0.30520108
1356874693007,-0.29457945,-0.20095944,-0.9342581,0.92863333,-0.2909208,-0.23022869,-0.22552845,-0.93540394,0.27231693
1356874693048,-0.43275756,-0.10930073,-0.8948599,0.8650185,-0.3299027,-0.3780308,-0.25389764,-0.93766606,0.23731503
1356874693087,-0.5060999,-0.031813115,-0.8618879,0.8137325,-0.3488009,-0.46494853,-0.2858358,-0.9366567,0.20241553
1356874693127,-0.52495253,0.025084555,-0.8507618,0.7892117,-0.3599342,-0.49758643,-0.3187,-0.9326404,0.1691513
1356874693167,-0.49997813,0.06015733,-0.86394626,0.7924144,-0.3707292,-0.4843958,-0.34943002,-0.9267908,0.13768691
1356874693207,-0.4404778,0.075769246,-0.89456034,0.8156592,-0.38251895,-0.43402666,-0.37507224,-0.92083555,0.106689334
1356874693247,-0.35907358,0.078326195,-0.93001676,0.84671915,-0.39182842,-0.35991275,-0.39259753,-0.9166982,0.074374855
1356874693287,-0.27084565,0.07536551,-0.959668,0.8759693,-0.3940789,-0.27817172,-0.39914948,-0.91598135,0.040716708
1356874693326,-0.18943095,0.07208511,-0.97924435,0.899397,-0.38739854,-0.2025024,-0.39395532,-0.9190898,0.008552134
1356874693366,-0.12335253,0.06939781,-0.9899334,0.91697615,-0.37340552,-0.14043862,-0.37939274,-0.9250688,-0.017575562
1356874693406,-0.07655722,0.06529251,-0.99492514,0.9298953,-0.3553781,-0.09487519,-0.35976923,-0.93243945,-0.03350845
1356874693446,-0.051260114,0.05766228,-0.99701935,0.9393916,-0.33608848,-0.06773478,-0.33899242,-0.94006366,-0.03693959
1356874693486,-0.04829508,0.044829905,-0.9978266,0.9465026,-0.31705856,-0.060055614,-0.31906173,-0.94734585,-0.027119309
1356874693527,-0.06479019,0.022910357,-0.9976359,0.9518301,-0.29883575,-0.06867808,-0.2997027,-0.9540295,-0.0024451613
1356874693566,-0.10291463,-0.0072202682,-0.99466395,0.9544456,-0.28227967,-0.096704304,-0.2800752,-0.959305,0.035942078
1356874693603,-0.1494655,-0.05202654,-0.9873973,0.9543145,-0.26890296,-0.13028902,-0.25873557,-0.9617612,0.089841336
1356874693646,-0.20201427,-0.11094427,-0.9730784,0.95071006,-0.260866,-0.16762829,-0.23524565,-0.9589788,0.15817448
1356874693686,-0.2624976,-0.1733894,-0.9492265,0.941605,-0.26102555,-0.21271005,-0.21089077,-0.9496324,0.231783
1356874693726,-0.3316213,-0.22457004,-0.9162946,0.92449033,-0.27090698,-0.26819223,-0.18800262,-0.9360437,0.29745132
1356874693766,-0.41241717,-0.25004482,-0.87600785,0.89498675,-0.2906847,-0.33838025,-0.17003185,-0.9235692,0.3436701
1356874693813,-0.5058501,-0.23803088,-0.8291302,0.84740067,-0.3168835,-0.42602432,-0.16133079,-0.91811,0.36200318
1356874693843,-0.59772193,-0.20664436,-0.7746138,0.7859001,-0.34192854,-0.5152144,-0.15839642,-0.916724,0.3667801
1356874693886,-0.6773598,-0.15468729,-0.7192047,0.71709716,-0.35702497,-0.5985856,-0.16418052,-0.92119753,0.3527603
1356874693955,-0.7396276,-0.093281955,-0.66652054,0.64935994,-0.35917568,-0.6703168,-0.17686953,-0.9285965,0.3262298
1356874693969,-0.78428173,-0.028407484,-0.6197542,0.58861053,-0.34976023,-0.7288384,-0.1960609,-0.93640846,0.29103142
1356874694007,-0.8110181,0.03169164,-0.58416206,0.54231274,-0.3337915,-0.7710254,-0.2194234,-0.9421141,0.25352418
1356874694047,-0.8237215,0.08671436,-0.5603244,0.51043177,-0.31685972,-0.79941183,-0.24686472,-0.94450015,0.2167424
1356874694087,-0.8235045,0.13464032,-0.55110085,0.49502575,-0.30396545,-0.8139744,-0.2771094,-0.94312084,0.18366653
1356874694127,-0.8119586,0.1742157,-0.55711067,0.49569705,-0.2981916,-0.8156999,-0.3082334,-0.93847257,0.15576088
1356874694167,-0.7901513,0.20471409,-0.57771367,0.5112084,-0.29986483,-0.80544835,-0.33812267,-0.9317581,0.13228703
1356874694207,-0.75895476,0.22662799,-0.61043215,0.53945357,-0.3061751,-0.7843766,-0.36466083,-0.9246062,0.11011779
1356874694247,-0.71930826,0.24039109,-0.65177286,0.5784472,-0.3123008,-0.75356954,-0.38470057,-0.91906494,0.085587025
1356874694288,-0.67238194,0.24509418,-0.6984492,0.6264838,-0.31412494,-0.71333265,-0.394234,-0.91719913,0.057664454
1356874694327,-0.6202353,0.23994541,-0.74681616,0.6799172,-0.31033468,-0.6643832,-0.3911786,-0.919847,0.029337525
1356874694368,-0.5666652,0.22571117,-0.7924298,0.7324449,-0.3025006,-0.60993266,-0.3773791,-0.92603874,0.0060955286
1356874694407,-0.5172798,0.20450738,-0.8310225,0.77741134,-0.29373395,-0.55619425,-0.3578453,-0.9337544,-0.007043779
1356874694447,-0.4769945,0.17692614,-0.86091435,0.81208515,-0.2859099,-0.5086976,-0.3361458,-0.94178164,-0.007301688
1356874694488,-0.44963306,0.14289558,-0.8817091,0.8362553,-0.27951068,-0.4717529,-0.3138585,-0.94944966,0.006180048
1356874694526,-0.43688065,0.10180926,-0.8937394,0.8512267,-0.2743832,-0.44735554,-0.29077202,-0.95621586,0.03320998
1356874694566,-0.43509597,0.049668133,-0.89901316,0.8604355,-0.2711798,-0.43140748,-0.26522136,-0.9612465,0.07525295
1356874694606,-0.44031352,-0.016197324,-0.8976979,0.8663449,-0.27017742,-0.42006025,-0.23573384,-0.96267426,0.13299525
1356874694646,-0.44768375,-0.09436861,-0.8891984,0.8710346,-0.27086693,-0.40979236,-0.20218292,-0.95798,0.20346105
1356874694686,-0.4579227,-0.17325205,-0.87194645,0.87317294,-0.27186263,-0.40454882,-0.16696075,-0.94661206,0.27577105
1356874694726,-0.4767871,-0.23537931,-0.84691834,0.8686112,-0.27398401,-0.41285262,-0.13486513,-0.9324856,0.33508512
1356874694766,-0.5089402,-0.26864836,-0.8178068,0.8535725,-0.28037155,-0.4390965,-0.11132723,-0.92153126,0.37200323
1356874694808,-0.5542039,-0.2695753,-0.7875196,0.82634693,-0.29189515,-0.48160964,-0.10004309,-0.91767436,0.38453227
1356874694853,-0.60895604,-0.2390188,-0.756335,0.7865515,-0.3051945,-0.53683627,-0.10251531,-0.9218061,0.37385052
1356874694895,-0.65531486,-0.19776428,-0.72900736,0.74694794,-0.3132614,-0.5864607,-0.11238888,-0.92884696,0.3530044
1356874694946,-0.6906889,-0.15101406,-0.7072083,0.7116474,-0.315688,-0.6276138,-0.12847868,-0.9367688,0.32551104
1356874694977,-0.7131981,-0.10227847,-0.69346046,0.6846242,-0.31398797,-0.6578002,-0.15045947,-0.9439018,0.293958
1356874695017,-0.7219279,-0.05395931,-0.6898613,0.66865146,-0.31101978,-0.675405,-0.17811611,-0.9488704,0.2606138
1356874695057,-0.71567005,-0.009126067,-0.69837886,0.66604203,-0.30991793,-0.6784828,-0.21024825,-0.9507195,0.22787744
1356874695097,-0.6945916,0.030318618,-0.71876526,0.67627126,-0.31323433,-0.66673946,-0.24535657,-0.9491918,0.19706625
1356874695136,-0.6574502,0.06159702,-0.7509761,0.6992277,-0.3215198,-0.63851833,-0.2807845,-0.9448973,0.16831285
1356874695176,-0.6042803,0.08364019,-0.7923697,0.7324681,-0.33308154,-0.5937569,-0.3135856,-0.9391811,0.14001071
1356874695216,-0.5365187,0.09713596,-0.83827937,0.7722058,-0.34413415,-0.5341067,-0.34036148,-0.9338824,0.1096254
1356874695256,-0.45642054,0.102429,-0.8838488,0.81505275,-0.350307,-0.46149117,-0.35688844,-0.93101734,0.07640231
1356874695296,-0.36824203,0.09998804,-0.92433774,0.8570333,-0.34889042,-0.37916937,-0.360405,-0.9318143,0.042783022
1356874695336,-0.2783031,0.09088135,-0.9561841,0.8935829,-0.34056085,-0.29245156,-0.35221726,-0.9358199,0.013569117
1356874695376,-0.19465697,0.076434374,-0.97788876,0.9213696,-0.3277018,-0.20902044,-0.33643228,-0.9416843,-0.0066348314
1356874695416,-0.12462109,0.057219952,-0.99055314,0.9401803,-0.3122148,-0.13631895,-0.3170655,-0.9482868,-0.014888495
1356874695456,-0.07342607,0.033076376,-0.996752,0.9522699,-0.29460806,-0.07992554,-0.2962948,-0.9550456,-0.009865761
1356874695496,-0.04259652,0.0023198724,-0.9990897,0.96067727,-0.27453434,-0.041596174,-0.27438092,-0.96157455,0.009465516
1356874695536,-0.029602349,-0.038505763,-0.99881977,0.96767926,-0.2514683,-0.018985033,-0.25044054,-0.96709925,0.04470533
1356874695576,-0.029062271,-0.09323767,-0.9952196,0.97426915,-0.22526795,-0.0073461533,-0.22350618,-0.96982527,0.097385466
1356874695616,-0.03468722,-0.16328725,-0.9859686,0.9804565,-0.1967268,-0.0019131005,-0.19365403,-0.96676564,0.16691992
1356874695656,-0.045410752,-0.24059892,-0.96956176,0.9855914,-0.16909158,-0.004201144,-0.16293389,-0.95578253,0.24481079
1356874695696,-0.06319338,-0.31109425,-0.9482758,0.9889412,-0.14726096,-0.01759252,-0.13417104,-0.9389007,0.31695983
1356874695736,-0.09558815,-0.35969803,-0.9281596,0.98919356,-0.1384607,-0.048214883,-0.1111708,-0.9227383,0.3690462
1356874695776,-0.14610177,-0.3798028,-0.9134573,0.9844651,-0.14671093,-0.09645867,-0.09737888,-0.91335964,0.39533734
1356874695816,-0.21296507,-0.3721195,-0.90342295,0.97254294,-0.1695404,-0.15942517,-0.09384146,-0.91256964,0.3980083
1356874695856,-0.29004163,-0.34122974,-0.89411306,0.9518632,-0.19966131,-0.23257634,-0.09915781,-0.9185301,0.38271415
1356874695896,-0.36873323,-0.29352477,-0.88197446,0.92281604,-0.2294746,-0.30943805,-0.11156303,-0.9280003,0.35548428
1356874695955,-0.4406222,-0.23569143,-0.8661995,0.8882021,-0.2544014,-0.38259244,-0.13018864,-0.9379389,0.32143655
1356874695977,-0.49878097,-0.17430857,-0.8490194,0.8528427,-0.27334225,-0.44490832,-0.15452155,-0.9459918,0.28499568
1356874696017,-0.53910744,-0.11473429,-0.8343855,0.82188857,-0.28811526,-0.49141502,-0.18401706,-0.9506974,0.2496239
1356874696057,-0.5599832,-0.060875654,-0.8262644,0.7993892,-0.30175847,-0.5195369,-0.21770516,-0.95143884,0.21764314
1356874696097,-0.5608456,-0.01611486,-0.8277637,0.7881925,-0.31638676,-0.527875,-0.25338677,-0.9484934,0.19014567
1356874696137,-0.5425397,0.017338783,-0.83985126,0.7890513,-0.33246958,-0.516587,-0.28818202,-0.94295466,0.16669679
1356874696177,-0.50679237,0.03916776,-0.86117786,0.80086327,-0.34830058,-0.48713923,-0.3190289,-0.9365642,0.1451481
1356874696217,-0.4577971,0.052164465,-0.8875251,0.8202057,-0.36041522,-0.44425634,-0.3430519,-0.93133235,0.1222114
1356874696257,-0.4005828,0.059500903,-0.91432655,0.84381914,-0.36493003,-0.3934405,-0.3570753,-0.92913175,0.09597668
1356874696296,-0.34031308,0.0626238,-0.93822455,0.86910135,-0.35994637,-0.33926606,-0.35895666,-0.93086886,0.06806803
1356874696336,-0.28179437,0.061190724,-0.9575216,0.89353746,-0.3468321,-0.2851285,-0.3495465,-0.93592906,0.04305914
1356874696376,-0.22931677,0.054000676,-0.97185266,0.9147621,-0.32922524,-0.23413906,-0.3326021,-0.942706,0.026099116
1356874696416,-0.18697548,0.04032758,-0.9815365,0.9314072,-0.31034368,-0.190177,-0.31228304,-0.94976866,0.020465225
1356874696456,-0.15792608,0.019767642,-0.98725307,0.9436038,-0.29160094,-0.15678248,-0.2909831,-0.9563358,0.027398556
1356874696496,-0.14381921,-0.008348793,-0.9895688,0.9523232,-0.27305073,-0.13610241,-0.26906613,-0.9619634,0.047220647
1356874696536,-0.1435777,-0.045953393,-0.9885715,0.9587387,-0.25412816,-0.12743181,-0.245368,-0.9660782,0.08054453
1356874696576,-0.1536923,-0.09545627,-0.98349726,0.96363723,-0.23466408,-0.12781265,-0.21859097,-0.9673784,0.12805125
1356874696616,-0.16926652,-0.15746528,-0.9729098,0.96732074,-0.21563059,-0.13339442,-0.1887841,-0.9636951,0.18881842
1356874696656,-0.18778741,-0.22604391,-0.95584524,0.96949375,-0.19874251,-0.14346904,-0.15753675,-0.95362765,0.25646946
1356874696696,-0.21101165,-0.2882164,-0.9340265,0.9691877,-0.18591762,-0.16158578,-0.12708032,-0.93934333,0.31856653
1356874696743,-0.24431431,-0.32970384,-0.9119243,0.9645506,-0.17937934,-0.19355938,-0.099763095,-0.92688644,0.36184093
1356874696774,-0.29028296,-0.34882703,-0.8910979,0.95350266,-0.18430054,-0.23846596,-0.08104649,-0.91888684,0.38610688
1356874696816,-0.34729284,-0.33940625,-0.87418026,0.93485045,-0.19864303,-0.29427132,-0.07377231,-0.9194261,0.38628137
1356874696856,-0.4086634,-0.30871168,-0.8588897,0.9095329,-0.21589863,-0.35515893,-0.07579136,-0.9263288,0.3690132
1356874696896,-0.46707904,-0.2650058,-0.8435693,0.8801588,-0.23062754,-0.41488722,-0.08460274,-0.9362601,0.34096846
1356874696954,-0.51701355,-0.21469393,-0.8286154,0.8502002,-0.24107909,-0.46801776,-0.09928125,-0.9464604,0.30717397
1356874696978,-0.55429024,-0.16288236,-0.8162303,0.8236573,-0.2484898,-0.50974655,-0.11979613,-0.9548415,0.27189457
1356874697017,-0.57653207,-0.113248646,-0.8091881,0.80389184,-0.25579953,-0.5369586,-0.14618015,-0.9600736,0.23851639
1356874697058,-0.58288074,-0.06801313,-0.8097062,0.79278636,-0.26608622,-0.54835016,-0.17815664,-0.96154684,0.20901644
1356874697097,-0.5714913,-0.030169934,-0.8200532,0.7924478,-0.27983558,-0.541958,-0.21312925,-0.95957375,0.18383175
1356874697137,-0.5428446,-8.7448955E-4,-0.8398328,0.80241656,-0.2957008,-0.5183519,-0.24788585,-0.9552803,0.1612212
1356874697177,-0.49680793,0.020050287,-0.86762893,0.8218286,-0.31039882,-0.47775555,-0.27889016,-0.950395,0.13773072
1356874697216,-0.4367671,0.035514683,-0.8988732,0.84700465,-0.32034308,-0.42422074,-0.30301392,-0.94663554,0.109834254
1356874697256,-0.3667485,0.047200173,-0.9291219,0.87467694,-0.32271957,-0.3616521,-0.31691593,-0.9453169,0.077072114
1356874697296,-0.29123092,0.054383397,-0.9551057,0.9019451,-0.3171726,-0.2930809,-0.31887215,-0.94680715,0.043319672
1356874697336,-0.21545267,0.055258542,-0.9749495,0.92574894,-0.30616117,-0.22193262,-0.31075534,-0.9503745,0.014807731
1356874697376,-0.14574802,0.048539966,-0.9881303,0.94375753,-0.2928021,-0.15358645,-0.29678172,-0.95494026,-0.003134638
1356874697416,-0.08849889,0.033792496,-0.99550295,0.9557211,-0.27871412,-0.094423324,-0.28065148,-0.9597795,-0.007630348
1356874697456,-0.04826486,0.010683775,-0.9987774,0.9633098,-0.2638116,-0.04937291,-0.26401648,-0.9645151,0.0024410188
1356874697496,-0.025450408,-0.022556663,-0.9994216,0.96885943,-0.2468735,-0.019100279,-0.2462999,-0.96878517,0.028137267
1356874697536,-0.015770078,-0.06951642,-0.9974562,0.97410715,-0.22608662,3.5592914E-4,-0.22553626,-0.97162354,0.07128182
1356874697576,-0.0126389265,-0.13280955,-0.991061,0.97977877,-0.19957596,0.014249623,-0.1996845,-0.97084033,0.13264641
1356874697616,-0.011793971,-0.20861533,-0.9779266,0.985731,-0.16665679,0.023663819,-0.16791472,-0.9636935,0.20760411
1356874697656,-0.016719699,-0.2830681,-0.958954,0.99110174,-0.13135928,0.021494925,-0.13205206,-0.9500616,0.28274566
1356874697696,-0.03521502,-0.3397959,-0.9398397,0.99462456,-0.103547215,1.693964E-4,-0.0973753,-0.9347817,0.3416157
1356874697736,-0.07127726,-0.37034196,-0.92615676,0.99496514,-0.09198356,-0.039791346,-0.070454836,-0.92432994,0.37503374
1356874697776,-0.12271291,-0.37472677,-0.91897845,0.99092066,-0.09751892,-0.09255472,-0.054935068,-0.9219924,0.3832913
1356874697816,-0.18299586,-0.35742006,-0.9158402,0.98183525,-0.11393505,-0.15171766,-0.0501194,-0.926968,0.3717773
1356874697856,-0.24424541,-0.32420838,-0.913911,0.96822107,-0.133802,-0.21129388,-0.05377987,-0.93647534,0.3465858
1356874697896,-0.29890865,-0.28091756,-0.9119972,0.95208526,-0.15259379,-0.26504496,-0.064709336,-0.94752336,0.3130691
1356874697956,-0.3403561,-0.23302135,-0.9109659,0.9366424,-0.16934699,-0.3066311,-0.0828177,-0.957613,0.2758959
1356874697977,-0.36228627,-0.18602091,-0.9133153,0.92579466,-0.18530446,-0.32949427,-0.10794854,-0.9649137,0.23935047
1356874698018,-0.35928774,-0.14477748,-0.9219283,0.9227368,-0.20281696,-0.32775295,-0.13953146,-0.96845484,0.20646119
1356874698057,-0.32370502,-0.11465737,-0.93918514,0.929837,-0.22212583,-0.2933655,-0.17498073,-0.968253,0.17851588
1356874698097,-0.25190187,-0.098605394,-0.96271616,0.94435036,-0.24249399,-0.2222591,-0.21153694,-0.96512884,0.1542027
1356874698137,-0.14121133,-0.09729582,-0.9851867,0.959012,-0.26040304,-0.11174247,-0.24567351,-0.9605851,0.13007969
1356874698177,-6.055236E-4,-0.106235325,-0.9943409,0.9618717,-0.27201468,0.028476268,-0.27350047,-0.956411,0.1023494
1356874698217,0.15039945,-0.11800942,-0.9815568,0.9448452,-0.27502793,0.17783996,-0.2909423,-0.9541663,0.07013661
1356874698257,0.29153788,-0.12699771,-0.9480914,0.9096912,-0.2696334,0.31584746,-0.2957491,-0.9545519,0.036920413
1356874698297,0.41257933,-0.13296172,-0.9011656,0.8637122,-0.257248,0.4333875,-0.28944704,-0.9571544,0.008705482
1356874698337,0.5115833,-0.13875231,-0.84795654,0.81366634,-0.2388806,0.52998394,-0.27609694,-0.96108466,-0.009309202
1356874698376,0.5892049,-0.14645636,-0.79459935,0.7652343,-0.2144978,0.6069655,-0.2593338,-0.96568173,-0.014309734
1356874698416,0.64644694,-0.15615055,-0.74680877,0.72366774,-0.18457603,0.66500884,-0.2416845,-0.97033435,-0.0063174963
1356874698456,0.6864894,-0.16839713,-0.7073717,0.692043,-0.14727356,0.70667315,-0.22317886,-0.9746553,0.015436329
1356874698496,0.71238935,-0.18351683,-0.6773648,0.6719401,-0.10011402,0.73380774,-0.20247975,-0.97790533,0.051992156
1356874698536,0.72822595,-0.20212096,-0.65485424,0.6619041,-0.0403004,0.7485044,-0.17767935,-0.978531,0.104436904
1356874698576,0.7378659,-0.22371632,-0.6367926,0.6585191,0.03172621,0.751895,-0.14800817,-0.97413784,0.17073116
1356874698616,0.7429295,-0.2448856,-0.6229661,0.6593734,0.107498124,0.7440907,-0.115249336,-0.9635742,0.24133456
1356874698656,0.742922,-0.26113248,-0.61634135,0.66412985,0.17247607,0.72745013,-0.0836567,-0.9497694,0.30156213
1356874698696,0.7376938,-0.2704417,-0.61860263,0.6726163,0.21531947,0.7079723,-0.05826804,-0.938349,0.34074333
1356874698736,0.72852606,-0.27324098,-0.62816334,0.6837068,0.23332691,0.69145036,-0.042365134,-0.9332192,0.35680145
1356874698776,0.71738136,-0.2705474,-0.6420032,0.69573957,0.2303284,0.6803641,-0.036199152,-0.9347475,0.35346383
1356874698816,0.70693904,-0.26341456,-0.6563916,0.7062253,0.21236789,0.67538553,-0.038509935,-0.94101673,0.3361612
1356874698856,0.70136535,-0.2530443,-0.6663748,0.71115756,0.18494354,0.67827046,-0.048390716,-0.94961286,0.30966732
1356874698896,0.70719546,-0.24094833,-0.6646943,0.7040182,0.1534717,0.69340104,-0.065062046,-0.9583269,0.27816647
1356874698959,0.7326634,-0.22933744,-0.6407876,0.6748562,0.1228348,0.7276543,-0.08816734,-0.96556515,0.24476635
1356874698977,0.7862271,-0.22116362,-0.57700396,0.6067546,0.09946206,0.7886419,-0.11702892,-0.9701514,0.21239182
1356874699017,0.8638442,-0.21935198,-0.45349514,0.48069873,0.089674234,0.8722884,-0.15067141,-0.97151583,0.1829068
1356874699057,0.9358057,-0.22423916,-0.27200106,0.29891717,0.09576258,0.949462,-0.18685903,-0.9698177,0.1566441
1356874699097,0.9689799,-0.23394023,-0.07968643,0.10780342,0.10995692,0.9880729,-0.22238791,-0.9660132,0.1317656
1356874699137,0.96654344,-0.24681404,0.0698328,-0.041266,0.11907998,0.9920268,-0.25316182,-0.9617187,0.10491094
1356874699177,0.95281965,-0.26017153,0.15635073,-0.13065922,0.1133818,0.9849227,-0.27397618,-0.9588824,0.074038595
1356874699216,0.9456414,-0.26896432,0.18281284,-0.16438302,0.0897187,0.98230785,-0.2806075,-0.95896226,0.04062855
1356874699256,0.9494389,-0.2680916,0.16337876,-0.15453193,0.053925455,0.98651505,-0.2732867,-0.96188307,0.009770215
1356874699296,0.95979494,-0.25565773,0.11589991,-0.11534404,0.01722005,0.9931763,-0.255909,-0.96661395,-0.012960881
1356874699336,0.97042274,-0.23454592,0.057165585,-0.061076373,-0.00943774,0.99808854,-0.23355806,-0.9720593,-0.023483811
1356874699376,0.97777146,-0.20962642,-0.004442297,1.3820827E-4,-0.020542383,0.99978906,-0.20967343,-0.9775658,-0.020056784
1356874699416,0.9803265,-0.18480559,-0.06933187,0.06778924,-0.01466042,0.997592,-0.18537699,-0.9826658,-0.001844168
1356874699456,0.97640526,-0.1632327,-0.14137839,0.14475854,0.008940965,0.9894266,-0.16024272,-0.9865471,0.03235933
1356874699496,0.96381307,-0.14908035,-0.22099641,0.23080243,0.051824186,0.9716195,-0.13339642,-0.9874661,0.084356934
1356874699536,0.94222105,-0.1475639,-0.30073982,0.31815127,0.113119155,0.9412671,-0.10487763,-0.98256236,0.1535309
1356874699576,0.91423905,-0.16083981,-0.37188387,0.39796013,0.18401548,0.8987581,-0.07612367,-0.96967465,0.23224196
1356874699616,0.88082844,-0.18565086,-0.43551695,0.47086474,0.24779218,0.8466909,-0.04927118,-0.95085895,0.30567884
1356874699663,0.8368734,-0.2167925,-0.50263697,0.54677093,0.28717273,0.7864944,-0.026162446,-0.93302345,0.35886306
1356874699693,0.77278006,-0.2547687,-0.5812949,0.63458824,0.29512015,0.7142842,-0.010425419,-0.92086756,0.3897362
1356874699736,0.6917231,-0.28675693,-0.6627892,0.72214967,0.26913062,0.6372351,-0.0043547153,-0.9194233,0.3932453
1356874699776,0.583246,-0.31020752,-0.7507299,0.81226695,0.2149638,0.54222965,-0.006823987,-0.9260464,0.37734807
1356874699816,0.44700053,-0.31883872,-0.8357825,0.89437914,0.14192799,0.42419624,-0.016629249,-0.93712234,0.34860456
1356874699856,0.29294994,-0.30786073,-0.90520835,0.95555174,0.061410636,0.2883567,-0.03318429,-0.9494475,0.3121671
1356874699896,0.14368957,-0.27781484,-0.94982743,0.9880109,-0.014485955,0.15370297,-0.056460112,-0.9605254,0.27240258
1356874699933,0.02544707,-0.23612529,-0.97138935,0.9959504,-0.077827215,0.04500872,-0.08622819,-0.9686009,0.23318857
1356874699963,-0.038298965,-0.19542179,-0.9799711,0.9923831,-0.1223464,-0.014386237,-0.11708456,-0.97305787,0.19861904
1356874700004,-0.06901634,-0.15951946,-0.98477936,0.98579013,-0.16244483,-0.042773545,-0.15314913,-0.9737378,0.16846406
1356874700046,-0.030359507,-0.13870287,-0.9898686,0.9812523,-0.19270295,-0.003093183,-0.1903215,-0.97140473,0.14195281
1356874700086,0.0642761,-0.13371432,-0.98893327,0.97243,-0.21420842,0.09216675,-0.2241618,-0.9675925,0.11625928
1356874700126,0.18256408,-0.13641286,-0.9736847,0.9507576,-0.22778362,0.21017769,-0.25046033,-0.96410906,0.08811042
1356874700166,0.28893024,-0.1356807,-0.9476868,0.91989625,-0.23483151,0.31407842,-0.26516107,-0.9625201,0.05696222
1356874700206,0.36644277,-0.12654611,-0.9217949,0.8914807,-0.23592946,0.38678083,-0.26642418,-0.9634954,0.026358768
1356874700247,0.41757497,-0.112166196,-0.90169287,0.87185144,-0.23006085,0.43237388,-0.2559419,-0.96669066,0.0017245859
1356874700286,0.45204172,-0.100296915,-0.88634014,0.8591805,-0.21808663,0.4628684,-0.23972318,-0.97076195,-0.012411132
1356874700326,0.47087058,-0.0942193,-0.8771566,0.8540132,-0.20065317,0.47999993,-0.22122946,-0.97512114,-0.01401718
1356874700367,0.47091645,-0.094489634,-0.8771028,0.8587015,-0.17874628,0.48029298,-0.20216161,-0.9793474,-0.0030361414
1356874700406,0.4536825,-0.10302892,-0.8851877,0.872398,-0.1514189,0.46475142,-0.18191701,-0.9830856,0.021186158
1356874700446,0.42380264,-0.12311596,-0.8973482,0.8916878,-0.11721489,0.43721122,-0.15901023,-0.9854457,0.06010498
1356874700486,0.39029428,-0.1583296,-0.90697414,0.91110456,-0.07536104,0.40522736,-0.13251,-0.9845062,0.114841804
1356874700526,0.36065695,-0.20813322,-0.90917933,0.9269687,-0.027896732,0.37409985,-0.10322583,-0.9777025,0.18287186
1356874700566,0.3331454,-0.2645422,-0.9050036,0.94001615,0.018493503,0.34062827,-0.073373854,-0.9641968,0.25483498
1356874700606,0.2954728,-0.31510034,-0.9018911,0.95425,0.052029967,0.29444823,-0.045855433,-0.947631,0.31605798
1356874700646,0.23694247,-0.35073277,-0.90600485,0.9712261,0.06243491,0.22982958,-0.024042428,-0.934392,0.35543436
1356874700686,0.15499407,-0.3676918,-0.91694033,0.98785645,0.04754609,0.1479154,-0.010790318,-0.92873144,0.37059608
1356874700726,0.054088533,-0.36529768,-0.9293181,0.99851334,0.013493776,0.052811712,-0.0067519546,-0.9307929,0.36548442
1356874700766,-0.05616176,-0.34493643,-0.93694437,0.9983631,-0.029568315,-0.048957705,-0.010816544,-0.9381602,0.34603238
1356874700806,-0.16355991,-0.31011066,-0.9365251,0.98628724,-0.07260084,-0.14821044,-0.02203092,-0.94792426,0.31773293
1356874700846,-0.2572441,-0.26545718,-0.9291705,0.96550536,-0.11071181,-0.235674,-0.040308833,-0.95774484,0.28478038
1356874700886,-0.32924408,-0.21606421,-0.9191923,0.9419575,-0.14287311,-0.30381474,-0.06568435,-0.9658693,0.25056347
1356874700957,-0.38080758,-0.16195855,-0.91035986,0.918993,-0.17507261,-0.35327244,-0.10216358,-0.9711431,0.21550772
1356874700968,-0.38426685,-0.119785935,-0.915418,0.91286135,-0.19742978,-0.35735917,-0.13792416,-0.9729711,0.18521369
1356874701005,-0.37110043,-0.08505377,-0.9246893,0.91208744,-0.22030258,-0.34577927,-0.1743016,-0.9717163,0.15933087
1356874701047,-0.32390273,-0.0632565,-0.9439733,0.92299896,-0.24022412,-0.30060822,-0.20774972,-0.9686542,0.13619494
1356874701086,-0.2504593,-0.051387966,-0.9667624,0.9390139,-0.25594264,-0.2296659,-0.23563361,-0.96532524,0.11235717
1356874701126,-0.16269791,-0.043587744,-0.98571265,0.95310813,-0.26531118,-0.1455844,-0.25517496,-0.963177,0.084709466
1356874701166,-0.072528124,-0.03581506,-0.9967232,0.96208394,-0.26597047,-0.060450494,-0.26293388,-0.96331567,0.053747416
1356874701206,0.011342704,-0.028001815,-0.9995434,0.9661213,-0.25744754,0.018175751,-0.25783893,-0.9658865,0.024132997
1356874701246,0.08355719,-0.022717416,-0.99624395,0.96636784,-0.24215317,0.08657321,-0.2432104,-0.969972,0.0017197728
1356874701286,0.14021939,-0.022519916,-0.98986435,0.96435845,-0.22346532,0.14169031,-0.22439122,-0.9744517,-0.009616911
1356874701326,0.17831361,-0.028781533,-0.9835527,0.9624277,-0.20293081,0.18042207,-0.20478594,-0.97877,-0.008485198
1356874701366,0.19677103,-0.04255721,-0.9795253,0.9628489,-0.18006277,0.20124415,-0.18494046,-0.9827341,0.00554505
1356874701406,0.19771391,-0.06580749,-0.9780484,0.96653974,-0.15326023,0.20569941,-0.16343254,-0.9859922,0.033303916
1356874701446,0.18636209,-0.1013484,-0.9772398,0.97269857,-0.12098098,0.19804284,-0.13829881,-0.9874674,0.07603523
1356874701486,0.1688227,-0.15040582,-0.9741032,0.97963554,-0.083375335,0.18265504,-0.10868859,-0.98510236,0.13326722
1356874701526,0.14966208,-0.20954376,-0.9662777,0.98584884,-0.04302025,0.16202259,-0.07552037,-0.9768524,0.20013997
1356874701566,0.12567765,-0.26793814,-0.95520383,0.9912013,-0.0063994527,0.13220894,-0.04153657,-0.9634149,0.26477632
1356874701606,0.08968568,-0.31324533,-0.9454279,0.9959084,0.017631233,0.08863267,-0.011094719,-0.94950855,0.3135449
1356874701646,0.03758818,-0.33895242,-0.9400524,0.9992348,0.022928894,0.03168717,0.010813922,-0.9405241,0.3395549
1356874701686,-0.02919197,-0.34479082,-0.9382255,0.9993448,0.010022461,-0.034776807,0.021394104,-0.93862605,0.34427232
1356874701726,-0.10676128,-0.33257198,-0.9370155,0.99406266,-0.015786707,-0.10765788,0.02101165,-0.9429457,0.33228278
1356874701766,-0.18938094,-0.30553997,-0.933156,0.9818343,-0.047631145,-0.18366438,0.011669517,-0.95098716,0.3090101
1356874701806,-0.2704475,-0.26745623,-0.92483795,0.96272093,-0.08027005,-0.25831205,-0.0051496327,-0.96022075,0.27919456
