1356875592556,0.120949015,0.75804305,-0.6408916,0.07639629,0.6366081,0.76739407,0.98971456,-0.1417773,0.019085407
1356875592557,-0.13001406,-0.83581877,0.53338844,-0.059682906,-0.5303819,-0.8456553,0.9897142,-0.14178127,0.01907301
1356875592594,-0.12998778,-0.8358463,0.5333518,-0.05976042,-0.53033316,-0.8456804,0.98971295,-0.14180148,0.018986374
1356875592641,-0.12986505,-0.83598804,0.5331594,-0.060044557,-0.5300954,-0.8458093,0.9897119,-0.1418544,0.018644422
1356875592679,-0.12961942,-0.83636737,0.5326242,-0.06051877,-0.5294814,-0.8461602,0.9897153,-0.14191255,0.018015087
1356875592723,-0.12921399,-0.83712405,0.53153276,-0.061190486,-0.5282737,-0.8468664,0.989727,-0.14195174,0.01703626
1356875592761,-0.12872404,-0.8384048,0.5296296,-0.061971873,-0.5262281,-0.8480822,0.98974216,-0.14199078,0.015780747
1356875592801,-0.12804991,-0.8390415,0.5287843,-0.06318629,-0.52518845,-0.848637,0.9897529,-0.14207977,0.014234364
1356875592843,-0.12767816,-0.8428404,0.52279854,-0.063824415,-0.51903796,-0.8523649,0.9897599,-0.14219567,0.012475997
1356875592885,-0.12711477,-0.84632343,0.5172799,-0.064613104,-0.5133375,-0.85575104,0.9897813,-0.14220166,0.010569185
1356875592923,-0.1265719,-0.8497958,0.51168984,-0.06499782,-0.5076249,-0.8591229,0.98982567,-0.14199957,0.009016216
1356875592959,-0.12605417,-0.85300124,0.50645757,-0.06488368,-0.50234747,-0.8622279,0.98989916,-0.14154825,0.007977128
1356875593005,-0.12553531,-0.8560091,0.501487,-0.06422296,-0.4974137,-0.8651329,0.99000823,-0.14081171,0.007467538
1356875593042,-0.12506509,-0.8589587,0.4965365,-0.063281596,-0.49254078,-0.86798555,0.9901283,-0.13997632,0.0072434247
1356875593083,-0.12459123,-0.86173403,0.4918245,-0.062401146,-0.4879002,-0.870666,0.9902439,-0.13916779,0.00701496
1356875593122,-0.124010205,-0.8643904,0.48728913,-0.061914444,-0.4833824,-0.87321705,0.99034745,-0.13845807,0.0064261556
1356875593165,-0.12254751,-0.8654599,0.48575845,-0.06259757,-0.4817328,-0.8740796,0.9904866,-0.13752353,0.004859388
1356875593201,-0.12060076,-0.8698039,0.47843146,-0.06286895,-0.47428948,-0.87812126,0.99070835,-0.13598058,0.0025160015
1356875593244,-0.11690843,-0.8743515,0.47100085,-0.0633522,-0.46672153,-0.88213235,0.99112004,-0.13296765,-8.2841516E-4
1356875593283,-0.11141783,-0.8792225,0.46319956,-0.06348118,-0.4588529,-0.8862416,0.9917441,-0.12814754,-0.004689753
1356875593321,-0.10530734,-0.8838393,0.45578337,-0.06293625,-0.45148957,-0.89005405,0.9924462,-0.12241453,-0.008080393
1356875593359,-0.09924197,-0.8880723,0.44886371,-0.061338186,-0.44477302,-0.8935405,0.993171,-0.11620915,-0.010332614
1356875593400,-0.09410304,-0.8915724,0.44299337,-0.058651865,-0.4392302,-0.89645785,0.9938332,-0.11034185,-0.010959417
1356875593439,-0.09044492,-0.89421237,0.4384107,-0.055119187,-0.43504554,-0.8987197,0.99437493,-0.1054495,-0.009940565
1356875593481,-0.08828133,-0.8961739,0.4348319,-0.05124855,-0.43187183,-0.9004779,0.99477637,-0.10177985,-0.0078014135
1356875593520,-0.08718377,-0.89783573,0.4316132,-0.047600776,-0.4290135,-0.902043,0.99505436,-0.099188656,-0.0053346753
1356875593561,-0.08649951,-0.8996012,0.42806023,-0.04455647,-0.4257475,-0.90374434,0.99525505,-0.09724626,-0.0032561421
1356875593600,-0.08531302,-0.90189314,0.42345053,-0.042193323,-0.42134845,-0.9059167,0.99546033,-0.0951533,-0.0021072924
1356875593637,-0.08236611,-0.9052495,0.41682047,-0.040354192,-0.41486913,-0.90898585,0.9957848,-0.09169009,-0.0023594499
1356875593678,-0.0762884,-0.91017616,0.40713546,-0.038812727,-0.40530515,-0.91335714,0.99633,-0.0854806,-0.0044062734
1356875593720,-0.06701136,-0.9164463,0.39450678,-0.037438124,-0.3928076,-0.91885835,0.99704957,-0.07634354,-0.007987499
1356875593758,-0.056288958,-0.9229565,0.3807661,-0.036448658,-0.37921697,-0.92458963,0.99774903,-0.06592259,-0.012294859
1356875593800,-0.047523916,-0.9279759,0.36959755,-0.03678122,-0.36813897,-0.92904305,0.99819267,-0.057745963,-0.01663673
1356875593837,-0.04378879,-0.9300798,0.36473826,-0.040295124,-0.36314708,-0.93086004,0.99822783,-0.055458397,-0.021575838
1356875593877,-0.045346975,-0.92897165,0.3673625,-0.0485622,-0.365256,-0.9296395,0.9977902,-0.059996307,-0.028549582
1356875593919,-0.050501347,-0.92490613,0.3768266,-0.06316498,-0.37359476,-0.9254389,0.9967245,-0.07053816,-0.039554596
1356875593959,-0.055853844,-0.9185338,0.3913769,-0.08294582,-0.38636506,-0.91860867,0.99498755,-0.08377096,-0.054608583
1356875594002,-0.058919966,-0.9101527,0.4100615,-0.10754502,-0.40259707,-0.9090377,0.99245274,-0.09766057,-0.07416135
1356875594040,-0.057287216,-0.8993254,0.43351135,-0.13497937,-0.4232605,-0.89589685,0.98919094,-0.109838545,-0.097143024
1356875594082,-0.04894942,-0.8865572,0.46002203,-0.16468146,-0.4471069,-0.8791902,0.98513144,-0.11879295,-0.12411389
1356875594120,-0.03255564,-0.87135965,0.48956352,-0.19568008,-0.47478676,-0.85807157,0.9801273,-0.123732924,-0.1550507
1356875594163,-0.0071243644,-0.8557031,0.517418,-0.22777593,-0.50244045,-0.83406943,0.9736875,-0.123797596,-0.19132906
1356875594200,0.02687174,-0.84059405,0.54099864,-0.25869155,-0.5286059,-0.80848897,0.9655861,-0.11822626,-0.23165917
1356875594244,0.068167806,-0.8331071,0.54889494,-0.2877761,-0.54320943,-0.7887385,0.95526856,-0.10419226,-0.2767777
1356875594280,0.1103394,-0.82757777,0.55040014,-0.3107571,-0.55474305,-0.7718097,0.9440632,-0.08587971,-0.31838572
1356875594324,0.14708579,-0.8232217,0.5483355,-0.32540643,-0.56377923,-0.7591203,0.93406445,-0.0667761,-0.35080552
1356875594360,0.17438471,-0.81176764,0.55733585,-0.32865363,-0.5815342,-0.74418056,0.92821157,-0.05339673,-0.36820108
1356875594402,0.18943268,-0.78567874,0.58891785,-0.31559613,-0.61667174,-0.72119004,0.92979264,-0.04924321,-0.36477494
1356875594438,0.19365537,-0.74691224,0.63609725,-0.2919253,-0.66287273,-0.6894776,0.9366308,-0.052171826,-0.3464114
1356875594478,0.18559754,-0.68534535,0.70416987,-0.25701702,-0.7255312,-0.6383939,0.94841754,-0.062499315,-0.31080222
1356875594518,0.16463679,-0.60079575,0.7822655,-0.21810621,-0.79563004,-0.56515706,0.96193784,-0.0775713,-0.26202726
1356875594561,0.1320396,-0.49842662,0.85681766,-0.18269844,-0.8618141,-0.47317845,0.9742622,-0.09406097,-0.20485535
1356875594600,0.09335667,-0.40361965,0.9101515,-0.15811008,-0.90855354,-0.38669324,0.9829984,-0.10780372,-0.14863586
1356875594637,0.054240644,-0.33398843,0.9410152,-0.14230691,-0.9353685,-0.3237816,0.9883353,-0.116350845,-0.09826386
1356875594680,0.017805338,-0.31242162,0.9497767,-0.13085128,-0.94248533,-0.30757016,0.9912421,-0.11880311,-0.05766204
1356875594720,-0.014353752,-0.3495741,0.9367987,-0.11824068,-0.9297281,-0.3487473,0.9928812,-0.11577354,-0.027988732
1356875594760,-0.04148245,-0.4444053,0.89486486,-0.100910574,-0.88919264,-0.44626617,0.9940303,-0.10881354,-0.007959299
1356875594802,-0.061004877,-0.58050656,0.81196713,-0.077382654,-0.8082833,-0.5836867,0.9951334,-0.09843983,0.004387997
1356875594840,-0.07519615,-0.728174,0.6812548,-0.051591396,-0.6794331,-0.73192143,0.9958332,-0.09018454,0.013523236
1356875594880,-0.08612323,-0.832336,0.54753953,-0.03003031,-0.547163,-0.8364872,0.9958318,-0.08848375,0.022128135
1356875594918,-0.09812611,-0.8950764,0.43498218,-0.01445505,-0.43576354,-0.89994514,0.995069,-0.09459582,0.029821396
1356875594961,-0.11111796,-0.9298452,0.35077152,-0.005179554,-0.35241073,-0.9358312,0.9937937,-0.10580447,0.034342915
1356875595000,-0.12267667,-0.94954187,0.28865337,-0.0018733144,-0.2906282,-0.9568343,0.992445,-0.11792198,0.033874452
1356875595050,-0.13125539,-0.9606279,0.2448793,-0.004980594,-0.24637419,-0.969162,0.99133605,-0.12842742,0.027553469
1356875595089,-0.13586938,-0.96636975,0.21833229,-0.01816535,-0.21790886,-0.97580004,0.9905602,-0.13654745,0.012052685
1356875595131,-0.13660204,-0.965739,0.22065398,-0.04143834,-0.21697646,-0.975297,0.98975897,-0.14237106,-0.010379285
1356875595171,-0.13126999,-0.9624999,0.23740706,-0.0776158,-0.22876567,-0.9703824,0.98830354,-0.14580864,-0.04467511
1356875595218,-0.11413729,-0.9622121,0.24722579,-0.1402106,-0.23075938,-0.9628557,0.9835211,-0.14456141,-0.10857406
1356875595264,-0.08560526,-0.95917445,0.26954824,-0.21766192,-0.24600226,-0.9445138,0.9722629,-0.13952568,-0.18771666
1356875595307,-0.053807855,-0.9514196,0.3031593,-0.2826753,-0.276667,-0.9184498,0.9577053,-0.13511544,-0.25405598
1356875595351,-0.024773538,-0.9362929,0.3503453,-0.32198203,-0.324305,-0.8894683,0.94642156,-0.13484016,-0.29343534
1356875595391,0.0010300875,-0.9076624,0.41969988,-0.33445668,-0.39584273,-0.8552469,0.9424106,-0.1394904,-0.30398157
1356875595433,0.025147378,-0.8509126,0.52470505,-0.32185042,-0.5038162,-0.8016119,0.94645655,-0.14871815,-0.28653625
1356875595470,0.046617687,-0.7568078,0.651973,-0.2939793,-0.63417184,-0.715124,0.95467424,-0.1583291,-0.2520495
1356875595513,0.064518034,-0.60761243,0.7916088,-0.25450224,-0.7770488,-0.5756941,0.96491766,-0.1643236,-0.20477241
1356875595549,0.06986493,-0.4405682,0.8949964,-0.21602243,-0.8825813,-0.41759372,0.97388566,-0.16416414,-0.1568341
1356875595647,0.0626688,-0.29034066,0.9548691,-0.18090898,-0.94420505,-0.27522492,0.98150116,-0.15549637,-0.111697435
1356875595648,0.035723686,-0.25574622,0.9660837,-0.15326774,-0.95666623,-0.24758567,0.98753875,-0.13922478,-0.07337329
1356875595663,-0.022372067,-0.50690854,0.86170954,-0.122882515,-0.8539954,-0.50556093,0.9921691,-0.117199495,-0.04318455
1356875595693,-0.09010649,-0.978962,0.18306884,-0.03716916,-0.18038297,-0.9828939,0.9952383,-0.09536964,-0.020133525
1356875595734,-0.068778515,-0.92859125,-0.36467505,0.022605091,0.3639962,-0.9311261,0.99737585,-0.07228497,-0.0040442348
1356875595780,-0.040638566,-0.8544494,-0.51794267,0.0337992,0.5168987,-0.85537905,0.99860203,-0.052267432,0.007873714
1356875595819,-0.023540482,-0.832409,-0.55366135,0.03752747,0.55268884,-0.8325423,0.9990182,-0.040376008,0.018227696
1356875595858,-0.017580047,-0.83317256,-0.5527338,0.0441235,0.5516341,-0.8329184,0.99887145,-0.039031237,0.027064681
1356875595899,-0.024157912,-0.8462162,-0.5322919,0.05395314,0.53056765,-0.8459238,0.9982512,-0.04915455,0.032838643
1356875595941,-0.036761284,-0.85568905,-0.51618296,0.062226355,0.5135697,-0.8557886,0.99738485,-0.063580126,0.034366965
1356875595980,-0.053418458,-0.86320317,-0.5020227,0.06643477,0.49855447,-0.86430895,0.9963599,-0.079521745,0.03071469
1356875596018,-0.070433974,-0.8650644,-0.49669182,0.066369474,0.49276102,-0.86762995,0.99530613,-0.0940758,0.022706747
1356875596064,-0.09006727,-0.8675979,-0.48904172,0.058948934,0.48553246,-0.87222886,0.9941896,-0.10738775,0.0074133277
1356875596101,-0.11314234,-0.8726577,-0.47504443,0.04252392,0.4734234,-0.87980795,0.99266833,-0.11974433,-0.016455412
1356875596145,-0.14426908,-0.89313316,-0.42602757,0.0043581426,0.4299539,-0.90284026,0.9895289,-0.13210866,-0.058136642
1356875596181,-0.17443225,-0.9225118,-0.34430423,-0.05436012,0.35815355,-0.93207884,0.9831675,-0.14386821,-0.11262137
1356875596225,-0.19448549,-0.9536371,-0.2296772,-0.13392463,0.25777084,-0.9568795,0.97171986,-0.15533972,-0.17784822
1356875596262,-0.19620886,-0.97357494,-0.11684948,-0.20716947,0.15763476,-0.96552163,0.95842725,-0.1652363,-0.23262435
1356875596302,-0.18401703,-0.9828244,-0.013928562,-0.25828236,0.06202182,-0.9640765,0.9483818,-0.17380893,-0.26525933
1356875596338,-0.16123524,-0.98204327,0.09795025,-0.28436705,-0.048811167,-0.95747215,0.94506013,-0.18223208,-0.27139062
1356875596378,-0.12373704,-0.9576436,0.26001528,-0.29212454,-0.21526372,-0.93183947,0.94834197,-0.19125983,-0.25311512
1356875596419,-0.053669274,-0.8422885,0.53634846,-0.28898332,-0.5010369,-0.8157516,0.95582855,-0.19877654,-0.21651703
1356875596460,0.0758968,-0.40538466,0.9109901,-0.25149822,-0.8918691,-0.37592304,0.96487737,-0.20058101,-0.16964352
1356875596499,0.18091655,0.3293207,0.92672384,-0.13912162,-0.92422855,0.35559356,0.973609,-0.19326009,-0.12139261
1356875596540,0.18703848,0.7712537,0.6084278,-0.0462552,-0.61175656,0.78969264,0.981263,-0.17584586,-0.078747585
1356875596604,0.15555236,0.97578025,0.15380615,0.021360993,-0.15898767,0.98704946,0.9875967,-0.15025243,-0.045574546
1356875596620,0.076767445,0.75466734,-0.651601,0.09538853,0.6449729,0.7582288,0.99247557,-0.12036255,-0.022473693
1356875596659,-0.016441792,-0.094506696,-0.99538845,0.08955602,0.9913825,-0.09560564,0.9958461,-0.09071496,-0.007836461
1356875596700,-0.03159663,-0.49916577,-0.86593026,0.05666171,0.86407495,-0.5001638,0.9978934,-0.06486854,9.816885E-4
1356875596738,-0.02567339,-0.6685357,-0.7432368,0.03901726,0.7422452,-0.66899157,0.99890876,-0.046174318,0.0070284605
1356875596779,-0.020888269,-0.7634765,-0.6454977,0.033999056,0.6447227,-0.7636601,0.99920356,-0.037897855,0.012490332
1356875596820,-0.024906069,-0.8292281,-0.55835515,0.03763604,0.5573547,-0.82942104,0.99898106,-0.041671872,0.017327368
1356875596859,-0.03738001,-0.8753099,-0.48211545,0.042826712,0.48060617,-0.87589014,0.998383,-0.05338821,0.019521594
1356875596906,-0.057732403,-0.9086749,-0.41349342,0.04407525,0.41146052,-0.9103613,0.9973587,-0.070782214,0.016295493
1356875596941,-0.077854574,-0.92857885,-0.36287746,0.040092885,0.3607716,-0.931792,0.99615824,-0.087093085,0.009141684
1356875596981,-0.09779525,-0.94237834,-0.3199362,0.028575659,0.31868565,-0.94742966,0.9947963,-0.10179651,-0.0042368174
1356875597021,-0.11588651,-0.9527112,-0.28091198,0.010759503,0.28159678,-0.95947254,0.9932042,-0.11421242,-0.022382557
1356875597064,-0.13381264,-0.9624486,-0.23619232,-0.019083858,0.24079415,-0.97038853,0.9908228,-0.12534285,-0.05058855
1356875597113,-0.15127158,-0.9724524,-0.17735103,-0.0698314,0.18948054,-0.97939813,0.9860226,-0.13577041,-0.09657073
1356875597150,-0.16201988,-0.98070747,-0.10937348,-0.13398665,0.13167503,-0.9821962,0.97764885,-0.14448074,-0.15273565
1356875597191,-0.1642597,-0.98544705,-0.043735772,-0.20195195,0.076995105,-0.97636425,0.96552277,-0.15154478,-0.21166015
1356875597230,-0.1591579,-0.9871398,0.014959127,-0.25939217,0.027192622,-0.9653892,0.95256734,-0.15752965,-0.26038426
1356875597270,-0.14986748,-0.9865378,0.06544277,-0.2959989,-0.01838547,-0.95501125,0.94335794,-0.16249618,-0.28925872
1356875597310,-0.13981605,-0.98414516,0.10913196,-0.30992055,-0.061181664,-0.94879186,0.9404259,-0.16647851,-0.29645264
1356875597349,-0.1317983,-0.9801911,0.14783335,-0.30318642,-0.102127284,-0.9474429,0.9437729,-0.16969237,-0.28372043
1356875597389,-0.12732416,-0.97537315,0.1800991,-0.28125498,-0.1386196,-0.94956845,0.95114887,-0.17155677,-0.25667894
1356875597430,-0.12668711,-0.9713754,0.20094806,-0.24755031,-0.16520977,-0.95468557,0.9605567,-0.17069116,-0.21953434
1356875597469,-0.12908095,-0.97078794,0.20225954,-0.20705467,-0.17308438,-0.96289676,0.9697765,-0.16617042,-0.17866427
1356875597509,-0.13157862,-0.97510356,0.17849404,-0.16206735,-0.15647686,-0.9742942,0.9779679,-0.15712428,-0.13744348
1356875597549,-0.13061392,-0.9832139,0.12739825,-0.11565933,-0.11251068,-0.9868962,0.98466384,-0.14363724,-0.09902239
1356875597607,-0.12263918,-0.9909042,0.055393577,-0.07162616,-0.046832204,-0.99633145,0.9898633,-0.1261569,-0.065231204
1356875597629,-0.10759127,-0.9939128,-0.02369672,-0.034788996,0.027584255,-0.99901396,0.99358636,-0.10666078,-0.037545025
1356875597668,-0.08744004,-0.99139047,-0.09746426,-0.0074480176,0.09848687,-0.9951105,0.99614197,-0.086286545,-0.015995622
1356875597709,-0.066817164,-0.98509157,-0.1585243,0.011317462,0.15812087,-0.9873548,0.99770105,-0.06776637,5.835295E-4
1356875597748,-0.05113989,-0.9779951,-0.20226318,0.024582088,0.2012341,-0.9792347,0.99838895,-0.055049926,0.013750017
1356875597789,-0.04411587,-0.9723464,-0.2293385,0.034552306,0.22793964,-0.973062,0.9984287,-0.050851643,0.023541093
1356875597829,-0.045395374,-0.9685308,-0.24471939,0.040537864,0.24298412,-0.96918285,0.9981463,-0.053916782,0.0282318
1356875597869,-0.05198136,-0.9659264,-0.2535433,0.04065135,0.25162944,-0.9669696,0.9978204,-0.060571223,0.026186228
1356875597910,-0.060422152,-0.9639212,-0.25923923,0.034525424,0.2575402,-0.96565056,0.99757564,-0.0672971,0.017718732
1356875597951,-0.069535464,-0.96275234,-0.26129058,0.022475302,0.26034614,-0.9652537,0.99732625,-0.07299197,0.0035348535
1356875597990,-0.0796825,-0.9631307,-0.25696284,0.0065157115,0.25727382,-0.9663165,0.99679893,-0.07867283,-0.014224708
1356875598034,-0.09383768,-0.96630776,-0.23967427,-0.017014086,0.24225783,-0.9700627,0.9954421,-0.0869506,-0.039173782
1356875598071,-0.110399425,-0.9726311,-0.20445243,-0.0504618,0.21092993,-0.97619784,0.99260545,-0.09745467,-0.07236719
1356875598114,-0.127911,-0.98057747,-0.14868307,-0.103134185,0.1622527,-0.9813447,0.9864087,-0.11019051,-0.121885
1356875598150,-0.13820058,-0.9874742,-0.076126546,-0.16640851,0.098923266,-0.98108226,0.9763241,-0.12291807,-0.17799532
1356875598193,-0.13884246,-0.990311,0.0026034117,-0.22936782,0.029599965,-0.97288966,0.9633863,-0.13567555,-0.23125523
1356875598241,-0.12980887,-0.98797524,0.0839915,-0.2727197,-0.045865864,-0.9609996,0.9532962,-0.14765236,-0.2634865
1356875598280,-0.11396068,-0.97902167,0.1689071,-0.291031,-0.12965882,-0.94788694,0.9499021,-0.15717903,-0.27014965
1356875598319,-0.09728849,-0.9606043,0.26033482,-0.28551814,-0.22364253,-0.93191385,0.9534224,-0.16499484,-0.25251216
1356875598360,-0.082069635,-0.92682743,0.3664088,-0.26357552,-0.33437407,-0.90483254,0.9611412,-0.17083567,-0.21684709
1356875598399,-0.068662345,-0.8694663,0.48919728,-0.23348,-0.4627322,-0.85519946,0.96993434,-0.17293775,-0.17123073
1356875598440,-0.05732864,-0.7828879,0.619516,-0.20189404,-0.5986243,-0.7751696,0.9777281,-0.16951594,-0.1237421
1356875598479,-0.04987657,-0.67884105,0.73258936,-0.1722914,-0.716658,-0.6758084,0.98378253,-0.15992585,-0.08121407
1356875598520,-0.05043471,-0.60540724,0.7943163,-0.14401051,-0.78260845,-0.6056277,0.9882901,-0.14493458,-0.047714323
1356875598558,-0.06412876,-0.64793396,0.7589921,-0.11168715,-0.7511195,-0.65065,0.99167204,-0.12649506,-0.024197549
1356875598607,-0.086940885,-0.8539041,0.51311696,-0.06283879,-0.50934094,-0.8582675,0.9942297,-0.10686219,-0.009375751
1356875598639,-0.08704454,-0.993632,0.07154477,-0.006994784,-0.07120597,-0.9974371,0.9961798,-0.08732191,-7.52151E-4
1356875598680,-0.06696421,-0.97388065,-0.21696118,0.019898504,0.21610248,-0.9761678,0.9975569,-0.06968555,0.0049076676
1356875598719,-0.05003649,-0.9405656,-0.33590576,0.028417468,0.33485013,-0.9418428,0.998343,-0.056672126,0.009973764
1356875598758,-0.040831357,-0.924945,-0.3779013,0.032253534,0.37679955,-0.9257331,0.9986452,-0.049987704,0.01444757
1356875598801,-0.038303733,-0.92010593,-0.38979208,0.034327,0.3886366,-0.92075145,0.9986763,-0.048648596,0.016698241
1356875598838,-0.039806455,-0.91741,-0.39594746,0.033821672,0.3947973,-0.91814554,0.99863493,-0.049939662,0.0153128505
1356875598880,-0.042832732,-0.91133916,-0.40942186,0.030509382,0.4084137,-0.9122869,0.9986163,-0.051567018,0.010310948
1356875598919,-0.046577543,-0.8985871,-0.43631637,0.024835438,0.4356136,-0.8997911,0.99860597,-0.052746087,0.0020269752
1356875598961,-0.052384436,-0.8745097,-0.48217073,0.017977506,0.4819296,-0.8760255,0.9984652,-0.054558337,-0.009524107
1356875599002,-0.065161094,-0.8372339,-0.54294866,0.010587096,0.5434944,-0.83934593,0.9978185,-0.060440987,-0.02655083
1356875599040,-0.09058668,-0.7817453,-0.6169833,0.0052727163,0.6191453,-0.78525877,0.99587464,-0.07438716,-0.051964402
1356875599082,-0.13433164,-0.74614537,-0.65209055,-0.0020397007,0.65826166,-0.75278646,0.9909344,-0.09979296,-0.08994728
1356875599137,0.19043332,0.68566155,0.7025691,6.670058E-4,-0.71575594,0.6983502,0.98169994,-0.13252053,-0.13676113
1356875599169,0.2542885,0.6351285,0.7293484,-0.0036719441,-0.7534987,0.6574392,0.9671215,-0.16985734,-0.1892739
1356875599203,0.2934997,0.75879526,0.5814531,0.05623454,-0.6208915,0.78187686,0.95430374,-0.19678283,-0.22490199
1356875599244,0.29822883,0.85193664,0.4304224,0.11079365,-0.47879228,0.8709091,0.9480423,-0.21204212,-0.23717885
1356875599287,0.28049397,0.91435087,0.29203698,0.14446807,-0.3410008,0.92889583,0.94892156,-0.21835962,-0.22774318
1356875599328,0.2536364,0.9508184,0.17780039,0.15215501,-0.22073975,0.9633913,0.9552578,-0.21729788,-0.20065945
1356875599368,0.2261458,0.9701202,0.087890714,0.14109111,-0.12189883,0.9824632,0.9638212,-0.20977932,-0.16444227
1356875599408,0.19828951,0.9800545,0.013201863,0.11867094,-0.037375867,0.9922298,0.9729328,-0.19518206,-0.12371519
1356875599448,0.17264152,0.983822,-0.047846407,0.092508316,0.032165945,0.9951923,0.980631,-0.17623773,-0.08545855
1356875599488,0.14885888,0.9837858,-0.100032985,0.066972435,0.09089771,0.99360573,0.98658794,-0.15460655,-0.052355587
1356875599527,0.1277799,0.98113674,-0.14506179,0.044508874,0.14044076,0.9890882,0.9908033,-0.1328421,-0.025723815
1356875599569,0.11015391,0.9766172,-0.18462083,0.026088595,0.18284619,0.98279524,0.993572,-0.11307523,-0.0053373575
1356875599609,0.09783527,0.9712899,-0.21685049,0.011352003,0.2167925,0.97615165,0.9951378,-0.09796375,0.010183871
1356875599647,0.09298822,0.9674845,-0.235217,-5.0807E-4,0.23628673,0.97168326,0.9956671,-0.09023559,0.02246344
1356875599687,0.09543452,0.9681921,-0.23129287,-0.009908229,0.23326573,0.9723626,0.9953865,-0.0905053,0.03185463
1356875599732,0.10214323,0.97497433,-0.19746345,-0.01728332,0.20021105,0.97960037,0.99461955,-0.096646726,0.037301004
1356875599772,0.10966182,0.98609865,-0.12483546,-0.023497611,0.12812972,0.99147904,0.9936912,-0.10579404,0.03722188
1356875599811,0.11447403,0.993381,-0.009477317,-0.031384915,0.013151675,0.9994208,0.99293035,-0.11411029,0.032682717
1356875599850,0.11682433,0.9846293,0.12983498,-0.03798625,-0.12620449,0.9912766,0.9924258,-0.120737165,0.022658646
1356875599891,0.11948711,0.95555305,0.2695204,-0.03941545,-0.26668572,0.9629772,0.99205303,-0.12568662,0.005798042
1356875599930,0.12771785,0.91233575,0.3890137,-0.030863613,-0.38838,0.9209823,0.9913302,-0.1296323,-0.021445066
1356875599971,0.14742541,0.8566032,0.494466,-0.01152128,-0.49840742,0.86686635,0.9890061,-0.133495,-0.06360872
1356875600010,0.18327469,0.7812416,0.59671766,0.011499643,-0.6086614,0.79334676,0.9829945,-0.13853842,-0.12053624
1356875600053,0.23388243,0.6853889,0.68959475,0.025234908,-0.71330667,0.7003976,0.9719373,-0.14640883,-0.18412563
1356875600092,0.28386855,0.60831386,0.74119693,0.028489232,-0.77800494,0.6276119,0.9584399,-0.15704313,-0.23818153
1356875600131,0.31690347,0.58875155,0.7436019,0.033302456,-0.7904353,0.6116396,0.947873,-0.16906694,-0.27009857
1356875600167,0.3272459,0.6232402,0.71026886,0.044112623,-0.760912,0.6473538,0.94390905,-0.18051207,-0.27649808
1356875600221,0.3077157,0.70304453,0.6411236,0.051608622,-0.6851591,0.72656286,0.9500777,-0.19048733,-0.24711736
1356875600259,0.28254604,0.75950235,0.58593845,0.04377365,-0.6203996,0.7830633,0.95825446,-0.19560274,-0.20853767
1356875600298,0.25217694,0.80470717,0.53745055,0.028445512,-0.56132495,0.8271065,0.967263,-0.19328913,-0.16444355
1356875600340,0.21898961,0.8379923,0.4998123,0.010477513,-0.514236,0.8575847,0.9756709,-0.18256536,-0.121392354
1356875600379,0.18393695,0.86237895,0.47166684,-0.0046670735,-0.4790824,0.87775743,0.98292696,-0.16365334,-0.08409612
1356875600419,0.14888585,0.8781709,0.45458657,-0.014907837,-0.45766473,0.88899994,0.98874205,-0.13913643,-0.055048227
1356875600460,0.115002275,0.88659537,0.44802132,-0.019590646,-0.4489017,0.89336634,0.99317205,-0.11151615,-0.034255713
1356875600499,0.08471221,0.8833945,0.46091002,-0.021842062,-0.46081525,0.8872273,0.99616605,-0.08522621,-0.01974152
1356875600541,0.059300125,0.8636228,0.5006388,-0.024262518,-0.50012624,0.8656125,0.99794525,-0.063477695,-0.008703873
1356875600627,0.039715588,0.79672575,0.6030346,-0.032355696,-0.6021689,0.7977128,0.998687,-0.051193267,0.0018630922
1356875600629,0.020612419,0.6066074,0.79473424,-0.048060477,-0.793383,0.6068225,0.9986317,-0.050703406,0.012800366
1356875600666,-0.008723855,0.21703728,0.97612435,-0.06873335,-0.97398293,0.21594685,0.9975969,-0.065208405,0.023414582
1356875600711,-0.04460591,-0.18884486,0.9809934,-0.07526056,-0.97854495,-0.19179565,0.99616575,-0.08238533,0.029436382
1356875600752,-0.0673579,-0.40708095,0.91090506,-0.07808058,-0.9080278,-0.41156888,0.994669,-0.09884639,0.02937767
1356875600801,-0.07561827,-0.49273092,0.86688995,-0.08705765,-0.86279696,-0.49799848,0.99332917,-0.11312717,0.02234716
1356875600840,-0.07041699,-0.4792068,0.8748727,-0.10382278,-0.8687655,-0.48421815,0.9920999,-0.12492892,0.01142332
1356875600881,-0.054157794,-0.43525463,0.898677,-0.12450494,-0.89003074,-0.43857017,0.9907398,-0.13564172,-0.005989246
1356875600921,-0.023561299,-0.3817035,0.9239845,-0.14723253,-0.9128381,-0.38085324,0.98882127,-0.14501397,-0.034691513
1356875600958,0.022490919,-0.34557748,0.9381206,-0.16859764,-0.9262296,-0.3371551,0.98542833,-0.150582,-0.07909531
1356875601001,0.04709035,-0.4832305,0.87422585,-0.19783291,-0.8623721,-0.466022,0.97910404,-0.1510055,-0.1362083
1356875601040,0.13587618,-0.32931212,0.9343935,-0.20263985,-0.9324391,-0.29915613,0.9697808,-0.14869717,-0.19342801
1356875601082,0.20082659,-0.21865278,0.9549134,-0.19205004,-0.96464485,-0.18049125,0.9606172,-0.1471437,-0.23571861
1356875601119,0.23836672,-0.117003605,0.9641013,-0.1723495,-0.9820553,-0.07657039,0.9557599,-0.14791055,-0.25425482
1356875601159,0.24808556,-0.009124652,0.96869516,-0.14872628,-0.9884596,0.028778393,0.95725346,-0.15120994,-0.24657962
1356875601199,0.23489374,0.09692997,0.9671761,-0.12978536,-0.9829786,0.13003409,0.9633175,-0.15606949,-0.21831542
1356875601239,0.20444435,0.19527557,0.95920277,-0.120280296,-0.967463,0.22259372,0.97146034,-0.16088122,-0.17430454
1356875601279,0.16462648,0.27343148,0.94769895,-0.12093165,-0.94796425,0.2945153,0.9789145,-0.16309182,-0.1229935
1356875601320,0.1222893,0.3244348,0.93796986,-0.12693432,-0.9321894,0.33898467,0.98434395,-0.16051476,-0.07281488
1356875601359,0.08224678,0.34296653,0.93574005,-0.131948,-0.9269083,0.35132706,0.9878387,-0.15236455,-0.030981481
1356875601398,0.04702264,0.3255489,0.94435525,-0.13083711,-0.93524885,0.32892445,0.99028814,-0.1390236,-0.0013840506
1356875601439,0.017570198,0.26673782,0.9636089,-0.12163243,-0.95602953,0.26685756,0.99241966,-0.12189482,0.015646398
1356875601480,-0.0053123236,0.16186826,0.986798,-0.10454689,-0.9814939,0.1604354,0.9945057,-0.1023144,0.022136897
1356875601519,-0.022189736,0.01047555,0.9996989,-0.08434932,-0.9963994,0.0085687265,0.9961891,-0.08413378,0.022993445
1356875601560,-0.03282529,-0.16238253,0.98618174,-0.06675495,-0.9841539,-0.16427058,0.99722934,-0.07122474,0.021465302
1356875601617,-0.04003942,-0.32933426,0.9433641,-0.056150854,-0.9418876,-0.33120203,0.9976191,-0.06623183,0.019220233
1356875601640,-0.045164883,-0.46089447,0.8863049,-0.053635538,-0.88481176,-0.46285123,0.9975386,-0.06844209,0.015242159
1356875601685,-0.048241317,-0.553199,0.8316511,-0.058120653,-0.82965505,-0.55524266,0.99714327,-0.07512176,0.007871427
1356875601720,-0.049157083,-0.60953784,0.79123145,-0.06605002,-0.7884712,-0.611515,0.99660474,-0.08232111,-0.0015011132
1356875601763,-0.04718989,-0.6387713,0.76794815,-0.07766396,-0.764131,-0.6403687,0.9958621,-0.08986083,-0.013550252
1356875601800,-0.04186237,-0.6402997,0.7669836,-0.092416406,-0.761884,-0.6410866,0.99484,-0.09771928,-0.027279869
1356875601844,-0.030793011,-0.62631476,0.7789619,-0.11342463,-0.7721078,-0.62528753,0.9930693,-0.10760799,-0.04726401
1356875601880,-0.009639502,-0.59605926,0.80288255,-0.14044963,-0.7941534,-0.59126496,0.9900409,-0.11846408,-0.07606107
1356875601923,0.027279735,-0.5724684,0.81947285,-0.17568052,-0.80976415,-0.5598378,0.98406917,-0.12869318,-0.122661695
1356875601971,0.08172524,-0.55720514,0.82634336,-0.2172501,-0.819139,-0.53086126,0.97268873,-0.13613844,-0.18799722
1356875602012,0.1365037,-0.5291824,0.83745617,-0.2492338,-0.8365225,-0.4879678,0.95877486,-0.14211296,-0.24607855
1356875602051,0.17814839,-0.49287698,0.8516663,-0.2666931,-0.85730094,-0.44035202,0.94717366,-0.14868551,-0.28417367
1356875602088,0.20138949,-0.4450315,0.87257624,-0.26882252,-0.8817343,-0.38765842,0.9419006,-0.15649784,-0.29720652
1356875602128,0.20486218,-0.38616675,0.89939237,-0.25948244,-0.9074303,-0.33051342,0.9437692,-0.16566683,-0.28610164
1356875602168,0.19058871,-0.32132548,0.92759144,-0.24465854,-0.930643,-0.2721135,0.9506935,-0.17508142,-0.25598508
1356875602209,0.16250467,-0.25851244,0.9522413,-0.22868785,-0.94865894,-0.21851319,0.95984066,-0.18225661,-0.21328017
1356875602249,0.126086,-0.20861296,0.96983653,-0.21353929,-0.9604279,-0.17882743,0.96876377,-0.18455058,-0.16564357
1356875602289,0.08605236,-0.1789556,0.9800867,-0.19781606,-0.9672188,-0.15923762,0.97645473,-0.18017411,-0.11863175
1356875602329,0.046461344,-0.17807677,0.9829191,-0.17970178,-0.9694187,-0.16713661,0.98262334,-0.1688669,-0.07704121
1356875602370,0.010508597,-0.20864868,0.97793424,-0.15700409,-0.9662021,-0.20445845,0.98754203,-0.15139109,-0.04291212
1356875602410,-0.019815207,-0.2729921,0.9618121,-0.1300411,-0.9531253,-0.2732056,0.99131054,-0.13048872,-0.016613755
1356875602448,-0.042176604,-0.36377168,0.9305328,-0.09956612,-0.925195,-0.36619782,0.9941367,-0.10809451,0.002802249
1356875602489,-0.056046188,-0.47058535,0.8805727,-0.06805599,-0.87810713,-0.4735993,0.996106,-0.08647168,0.0171884
1356875602529,-0.06368339,-0.5753584,0.8154185,-0.04014674,-0.8149386,-0.57815516,0.99716234,-0.06955525,0.028799236
1356875602568,-0.06968725,-0.6616607,0.746558,-0.020480037,-0.74727076,-0.66420406,0.9973586,-0.06157607,0.038524345
1356875602619,-0.076948285,-0.72349954,0.68602294,-0.010872662,-0.68741316,-0.7261852,0.99697584,-0.063337594,0.045028865
1356875602672,-0.084922194,-0.7638709,0.63975734,-0.011136413,-0.64130896,-0.7672019,0.9963253,-0.0722771,0.045954645
1356875602687,-0.09082961,-0.7874481,0.609652,-0.017075777,-0.610861,-0.79155374,0.9957201,-0.08230677,0.04203792
1356875602727,-0.09332287,-0.7982242,0.59508723,-0.028473467,-0.5953114,-0.8029903,0.9952286,-0.0918816,0.032828078
1356875602763,-0.09167993,-0.7949753,0.5996743,-0.04558286,-0.5982288,-0.80002785,0.9947447,-0.100681365,0.018608317
1356875602806,-0.084147096,-0.7784723,0.6220129,-0.0706822,-0.61799127,-0.78300107,0.9939433,-0.10985252,-0.003021896
1356875602853,-0.066503406,-0.7503043,0.65773916,-0.10654193,-0.65009,-0.7523509,0.99208176,-0.12011066,-0.036705717
1356875602901,-0.029178679,-0.72333217,0.6898835,-0.15856364,-0.6780887,-0.7176721,0.9869175,-0.13033116,-0.09490846
1356875602944,0.025775135,-0.6901469,0.7232101,-0.21336176,-0.71057844,-0.6704886,0.9766332,-0.13702348,-0.16556616
1356875602980,0.08477324,-0.6550696,0.75079787,-0.25734323,-0.74233943,-0.61863285,0.9625944,-0.1407692,-0.23150823
1356875603024,0.13593066,-0.6131995,0.7781448,-0.283572,-0.7766548,-0.5624894,0.94926804,-0.14420052,-0.2794574
1356875603059,0.17405874,-0.55205435,0.8154383,-0.28839844,-0.8203475,-0.4938181,0.94155717,-0.14921774,-0.30200025
1356875603100,0.19355631,-0.4624089,0.8652826,-0.27274263,-0.8725565,-0.40528587,0.9424158,-0.15755382,-0.29500744
1356875603139,0.19644552,-0.34845948,0.91650707,-0.24649708,-0.92225206,-0.2978092,0.949025,-0.16741303,-0.26706654
1356875603180,0.18245685,-0.21465535,0.959496,-0.21667571,-0.9606639,-0.17371377,0.95904183,-0.1762042,-0.22179031
1356875603219,0.15742964,-0.08675874,0.9837118,-0.19218385,-0.9797795,-0.05565554,0.9686492,-0.18029168,-0.17091995
1356875603261,0.125251,0.023176223,0.9918543,-0.17217445,-0.9840501,0.044735998,0.97707117,-0.17637521,-0.119262904
1356875603299,0.09110397,0.093576804,0.99143505,-0.15729816,-0.9817249,0.10711459,0.9833399,-0.16570947,-0.07471958
1356875603338,0.058587074,0.12534772,0.9903815,-0.14220859,-0.9809199,0.13256271,0.98810136,-0.14860721,-0.039643705
1356875603387,0.028899968,0.10930322,0.9935882,-0.121156886,-0.9862918,0.11202457,0.99221253,-0.12361755,-0.015260965
1356875603430,0.0013480783,0.016470112,0.9998635,-0.09943203,-0.99490726,0.01652253,0.9950435,-0.09944072,2.963841E-4
1356875603467,-0.018918216,-0.11929564,0.9926786,-0.07641028,-0.98978007,-0.12040351,0.99689704,-0.07812865,0.009609401
1356875603510,-0.03331554,-0.27820116,0.9599449,-0.05628229,-0.9584317,-0.27971593,0.99785894,-0.06334678,0.016272873
1356875603548,-0.04494822,-0.42310268,0.90496624,-0.043311864,-0.90420467,-0.42489785,0.99805,-0.058294162,0.022316966
1356875603621,-0.05619842,-0.5321433,0.84478706,-0.038444713,-0.84434336,-0.5344213,0.9976792,-0.06251128,0.026992775
1356875603629,-0.066309035,-0.6039077,0.7942912,-0.04021892,-0.79377854,-0.60687554,0.99698824,-0.07218686,0.028346233
1356875603667,-0.073234916,-0.6445525,0.7610445,-0.046757936,-0.76003546,-0.6481974,0.9962181,-0.083055556,0.025523126
1356875603711,-0.07554263,-0.6587645,0.7485471,-0.05730334,-0.74658346,-0.6628194,0.9954947,-0.092965335,0.018649414
1356875603751,-0.072197616,-0.6474055,0.7587183,-0.07199499,-0.7553363,-0.65137064,0.99478847,-0.10165134,0.007923573
1356875603790,-0.061156154,-0.6138621,0.7870408,-0.0921514,-0.7816766,-0.6168387,0.99386525,-0.11025038,-0.008763969
1356875603832,-0.03802073,-0.56369585,0.82510686,-0.11907332,-0.8172652,-0.5638254,0.9921572,-0.11968528,-0.036048114
1356875603870,0.0013508201,-0.5098597,0.86025643,-0.15086578,-0.8505148,-0.50384915,0.9885533,-0.12910268,-0.07806921
1356875603912,0.056509197,-0.4689095,0.88143665,-0.18476284,-0.8725099,-0.4523154,0.9811571,-0.13729678,-0.1359419
1356875603951,0.11799914,-0.43189833,0.89417005,-0.2144579,-0.8902946,-0.40172547,0.96957934,-0.14435856,-0.197678
1356875603992,0.17328566,-0.3858964,0.9061214,-0.23237476,-0.9100843,-0.34314504,0.95706534,-0.15109763,-0.24737716
1356875604030,0.2138204,-0.31997645,0.92298204,-0.23326461,-0.934225,-0.26983547,0.94861394,-0.15760273,-0.27439556
1356875604068,0.23413736,-0.23136953,0.9442711,-0.21921489,-0.95882016,-0.18057886,0.94716656,-0.16471803,-0.27521527
1356875604108,0.23381954,-0.1261758,0.9640581,-0.19842641,-0.97686774,-0.07972662,0.95181686,-0.17265294,-0.25344738
1356875604148,0.21613926,-0.018784352,0.97618186,-0.179501,-0.9835375,0.020817943,0.9597204,-0.1797252,-0.21595287
1356875604189,0.1867904,0.07526399,0.97951245,-0.1666765,-0.9801778,0.107099876,0.9681572,-0.18326695,-0.17054307
1356875604230,0.1511426,0.14551927,0.9777423,-0.15875714,-0.9726925,0.16930889,0.97568035,-0.18081336,-0.12391305
1356875604269,0.1144467,0.18136473,0.97673374,-0.15321426,-0.96820796,0.19773416,0.98154336,-0.17227955,-0.08302054
1356875604310,0.07917851,0.18506569,0.9795313,-0.14462832,-0.9700869,0.19497208,0.9863131,-0.15710555,-0.0500443
1356875604350,0.045821488,0.1497479,0.98766184,-0.13253473,-0.97904867,0.15459077,0.9901186,-0.13798307,-0.025014669
1356875604390,0.015780449,0.080959685,0.99659246,-0.114835985,-0.9899744,0.08224042,0.99325913,-0.11574246,-0.0063251555
1356875604429,-0.010616422,-0.024002992,0.99965554,-0.09353704,-0.9953046,-0.02489189,0.9955593,-0.09376908,0.008321404
1356875604470,-0.032601714,-0.14704078,0.98859304,-0.07186881,-0.98621345,-0.14905694,0.9968812,-0.07590853,0.0215846
1356875604509,-0.051893353,-0.27423406,0.9602618,-0.055699244,-0.9592658,-0.2769597,0.9970981,-0.06785823,0.03450489
1356875604550,-0.07065815,-0.3798895,0.92232925,-0.04948561,-0.92216676,-0.38361365,0.99627227,-0.072747484,0.046359655
1356875604626,-0.08860642,-0.4594948,0.8837496,-0.05260834,-0.8838422,-0.46481752,0.9946765,-0.08767842,0.05414083
1356875604630,-0.1029619,-0.51525426,0.8508302,-0.062458053,-0.85033935,-0.52251524,0.9927225,-0.106940344,0.05537072
1356875604667,-0.11149573,-0.550449,0.82739025,-0.07711361,-0.8252788,-0.5594358,0.9907685,-0.12617771,0.0495679
1356875604712,-0.11273593,-0.5685243,0.8149054,-0.09578557,-0.8100959,-0.5784201,0.98899734,-0.14326489,0.036870435
1356875604751,-0.10413438,-0.5747634,0.8116668,-0.11811532,-0.80318105,-0.5839083,0.98752457,-0.15667525,0.015750453
1356875604791,-0.081851244,-0.57647234,0.81300676,-0.14285679,-0.80053425,-0.582011,0.98635304,-0.16378187,-0.016828269
1356875604831,-0.041107,-0.5859978,0.8092693,-0.16806631,-0.79435796,-0.5837373,0.98491824,-0.16000657,-0.06583287
1356875604870,0.017307281,-0.6071036,0.79443425,-0.19281319,-0.78166586,-0.5931455,0.98108286,-0.14291164,-0.13058607
1356875604910,0.08232343,-0.6320074,0.7705773,-0.21697849,-0.76602036,-0.60508937,0.9726989,-0.117385685,-0.20019345
1356875604951,0.13713169,-0.6463498,0.75061774,-0.23665479,-0.7572102,-0.6087916,0.9618677,-0.09415266,-0.25679928
1356875604992,0.17018044,-0.64201313,0.7475679,-0.24461402,-0.76241195,-0.5990759,0.95456934,-0.08091459,-0.286793
1356875605030,0.18068093,-0.62211627,0.7617911,-0.239033,-0.77909166,-0.57955104,0.9540533,-0.077379405,-0.2894733
1356875605072,0.16981965,-0.59004116,0.7893115,-0.22113857,-0.8033353,-0.55294675,0.9603431,-0.08064598,-0.26690298
1356875605110,0.14558578,-0.5595299,0.81592345,-0.19907126,-0.82440984,-0.5298292,0.9691106,-0.08529131,-0.23140869
1356875605153,0.11367637,-0.53712213,0.8358095,-0.17484136,-0.83894867,-0.5153597,0.9780124,-0.08754985,-0.1892798
1356875605191,0.08191353,-0.53712845,0.83951366,-0.15219487,-0.8392064,-0.5220818,0.9849502,-0.08500415,-0.15049055
1356875605233,0.0572505,-0.56280804,0.82460266,-0.12886664,-0.8232136,-0.552913,0.99000794,-0.074609235,-0.11965657
1356875605270,0.042362988,-0.618574,0.7845837,-0.10650164,-0.7836101,-0.612056,0.99340963,-0.057630926,-0.09907517
1356875605313,0.04150158,-0.6932554,0.719496,-0.08538416,-0.719943,-0.688761,0.9954834,-0.032848895,-0.089071855
1356875605350,0.048896074,-0.7750397,0.630018,-0.07042298,-0.63187784,-0.77186203,0.9963181,-0.0066266954,-0.08547695
1356875605394,0.061307132,-0.84471965,0.5316861,-0.062455595,-0.5348909,-0.84260964,0.99616295,0.018451214,-0.085550115
1356875605441,0.0707227,-0.8972128,0.43589848,-0.059699297,-0.44001657,-0.896003,0.9957079,0.037344962,-0.08468217
1356875605480,0.072475374,-0.93245804,0.35393402,-0.05918643,-0.35826284,-0.93174285,0.9956125,0.046580315,-0.08115414
1356875605521,0.065632224,-0.95190644,0.29927644,-0.05805239,-0.30305767,-0.9512024,0.9961537,0.045055836,-0.07515082
1356875605568,0.05188626,-0.9615239,0.26977706,-0.056034446,-0.27251852,-0.9605175,0.99707973,0.034720868,-0.068018466
1356875605609,0.034145653,-0.9644073,0.26220718,-0.053564638,-0.26374906,-0.96310294,0.9979805,0.01884082,-0.060664058
1356875605634,0.015568376,-0.96136916,0.27482152,-0.051233053,-0.27526075,-0.9600035,0.9985653,8.6572766E-4,-0.053539217
1356875605678,-0.003281951,-0.9514015,0.307936,-0.050069004,-0.30739516,-0.95026386,0.9987404,-0.018536747,-0.046626896
1356875605720,-0.02200973,-0.9308021,0.36486036,-0.05244711,-0.36337125,-0.9301671,0.9983812,-0.039608568,-0.04082024
1356875605761,-0.039367914,-0.89463174,0.4450665,-0.06308621,-0.44229788,-0.8946467,0.9972313,-0.06329793,-0.03902656
1356875605800,-0.049716294,-0.8389369,0.541953,-0.08749956,-0.5368792,-0.8391094,0.9949232,-0.08913809,-0.04671496
1356875605841,-0.043352008,-0.766943,0.64024913,-0.12630895,-0.6315018,-0.7650173,0.9910432,-0.114034265,-0.06949486
1356875605880,-0.014307737,-0.68872,0.72488636,-0.17193744,-0.7124675,-0.68031436,0.985004,-0.13436884,-0.10822299
1356875605920,0.032417238,-0.6105668,0.7913011,-0.21260689,-0.7778101,-0.5914473,0.9766,-0.14906293,-0.1550252
1356875605960,0.0837723,-0.5309613,0.84324515,-0.23865244,-0.832283,-0.5003499,0.96748495,-0.15932706,-0.19643746
1356875605998,0.12690783,-0.44590873,0.88603604,-0.24629956,-0.87944883,-0.40731588,0.96084905,-0.16653869,-0.22143605
1356875606038,0.15368336,-0.35282308,0.9229829,-0.23793276,-0.9198091,-0.31199235,0.9590462,-0.17165983,-0.22530752
1356875606078,0.16231328,-0.25366,0.953578,-0.22041473,-0.95129496,-0.21553479,0.96180654,-0.17519848,-0.21031821
1356875606119,0.15448904,-0.15380925,0.9759487,-0.20044202,-0.9721448,-0.12148053,0.96744823,-0.17685372,-0.18101555
1356875606158,0.13484418,-0.061150707,0.9889781,-0.18245149,-0.9825601,-0.03587716,0.97392434,-0.17560267,-0.14364955
1356875606199,0.1089046,0.015825823,0.9939262,-0.16787389,-0.9852192,0.03408114,0.97977453,-0.17056584,-0.10463816
1356875606248,0.077656746,0.07572034,0.9941005,-0.15280733,-0.9844261,0.08692038,0.9852001,-0.15865579,-0.064876705
