1356875786316,-0.0056796074,0.14749531,0.98904645,-0.3149951,-0.93897474,0.1382193,0.9490763,-0.31075978,0.051793307
1356875786317,0.19287264,0.44309312,-0.875482,0.24910516,0.840892,0.4804657,0.94907683,-0.3107558,0.051808298
1356875786353,0.1929903,0.44317403,-0.8754151,0.2490057,0.840859,0.48057497,0.94907904,-0.31072968,0.051924765
1356875786398,0.19334176,0.44323865,-0.8753048,0.24869826,0.840861,0.48073065,0.9490881,-0.3106321,0.052340865
1356875786440,0.19378257,0.44250786,-0.875577,0.24825513,0.84132785,0.48014244,0.9491141,-0.3104097,0.0531798
1356875786484,0.19412753,0.4400434,-0.87674177,0.24773638,0.84278303,0.47785282,0.9491792,-0.30996525,0.05459261
1356875786520,0.19343689,0.43351007,-0.88014275,0.24789922,0.84638155,0.47136426,0.9492777,-0.30936593,0.056254566
1356875786564,0.19141877,0.422709,-0.8858194,0.24899401,0.85207075,0.46041,0.94940025,-0.30869484,0.0578503
1356875786600,0.18693206,0.40500778,-0.89500004,0.25199038,0.86080766,0.4421663,0.9495037,-0.30818644,0.05885452
1356875786644,0.18059611,0.38367575,-0.90563667,0.25626284,0.87061906,0.4199426,0.9495864,-0.30792102,0.05890858
1356875786682,0.17208305,0.3574986,-0.9179228,0.26177323,0.8817244,0.39247525,0.9496643,-0.30782592,0.058146298
1356875786725,0.16209126,0.32884365,-0.93036985,0.26770175,0.89282554,0.36221302,0.9497695,-0.30777317,0.056687176
1356875786763,0.15120217,0.29931024,-0.94209945,0.2734516,0.90319973,0.3308392,0.94992745,-0.3076422,0.05471891
1356875786804,0.13978484,0.27083796,-0.9524216,0.27871692,0.9122119,0.30031028,0.9501458,-0.30743483,0.05202627
1356875786841,0.12872678,0.24513444,-0.9609051,0.28335705,0.91947734,0.27252558,0.95033586,-0.30736056,0.048900783
1356875786883,0.11807093,0.22335368,-0.96756,0.28770453,0.92488825,0.24861172,0.9504133,-0.30772522,0.044942558
1356875786922,0.10790399,0.20620155,-0.9725418,0.2918558,0.92857903,0.22926195,0.9503561,-0.30858028,0.040016234
1356875786963,0.09791362,0.19322021,-0.97625756,0.2958588,0.9309681,0.21392965,0.9502002,-0.30978101,0.033988535
1356875787001,0.08873248,0.18473926,-0.9787738,0.29912183,0.9323512,0.20309466,0.95008045,-0.3107937,0.02747029
1356875787043,0.079550296,0.17847754,-0.98072296,0.30114445,0.9335687,0.19432315,0.9502546,-0.31079772,0.020518124
1356875787088,0.06998089,0.1732125,-0.98239505,0.30100268,0.93524045,0.18634026,0.95105207,-0.30874377,0.013311505
1356875787122,0.059975326,0.16767234,-0.9840167,0.29827267,0.9377426,0.17796698,0.9525946,-0.30417892,0.006229341
1356875787161,0.049402386,0.16045582,-0.98580587,0.29270136,0.94134974,0.16788822,0.95492685,-0.29684082,-4.607439E-4
1356875787201,0.0387069,0.15111652,-0.98775786,0.28459573,0.94589204,0.15586385,0.9578659,-0.28714466,-0.006394565
1356875787241,0.028149843,0.1393373,-0.98984486,0.27470013,0.9510336,0.14168608,0.9611179,-0.27589893,-0.011504531
1356875787279,0.017714858,0.124925636,-0.9920079,0.26380697,0.9564215,0.12515512,0.96441275,-0.26391572,-0.016013384
1356875787321,0.0076248944,0.10820027,-0.99409986,0.252598,0.9616802,0.106609076,0.9675412,-0.2519205,-0.019998431
1356875787360,0.0017172694,0.1017582,-0.9948077,0.24173765,0.9652624,0.09915333,0.97034013,-0.24065274,-0.022941172
1356875787397,-0.0065008993,0.075370096,-0.9971345,0.2319412,0.97007537,0.07181264,0.97270817,-0.23080972,-0.023787796
1356875787441,-0.00868845,0.05891633,-0.9982251,0.2235815,0.97310454,0.05548764,0.97464645,-0.22270256,-0.021627367
1356875787482,-0.0047625606,0.05257845,-0.99860543,0.21672875,0.9749352,0.050298534,0.9762202,-0.21618694,-0.016038477
1356875787521,0.004475028,0.056007817,-0.99842036,0.21161853,0.97576475,0.055685423,0.9773421,-0.21153343,-0.0074856877
1356875787562,0.01959902,0.07031372,-0.9973324,0.2096285,0.9750625,0.072863154,0.97758466,-0.21049732,0.0043705106
1356875787600,0.0406065,0.09633048,-0.9945208,0.2124344,0.97175306,0.10279891,0.97633123,-0.21544471,0.018995583
1356875787642,0.06817463,0.13504896,-0.98849076,0.22102767,0.96413076,0.14696477,0.97288173,-0.22850306,0.03587973
1356875787681,0.10059452,0.18583687,-0.9774177,0.2333632,0.9505881,0.20475318,0.9671724,-0.24869038,0.052256465
1356875787723,0.13323528,0.24518561,-0.96027726,0.24568921,0.9305007,0.27167138,0.9601485,-0.272126,0.06373608
1356875787760,0.16125897,0.3097481,-0.937044,0.25460035,0.9042754,0.34273115,0.95350623,-0.2938402,0.06696057
1356875787803,0.17914873,0.3731823,-0.91029704,0.26135284,0.8739685,0.40972406,0.94847274,-0.31131023,0.059038103
1356875787840,0.18992302,0.44254494,-0.87640357,0.26497185,0.8364229,0.47977775,0.9453672,-0.3233431,0.04159403
1356875787882,0.18598473,0.504423,-0.8431886,0.27189288,0.7982288,0.53749883,0.94418424,-0.32922357,0.011309326
1356875787919,0.17602125,0.5707832,-0.8020118,0.28106558,0.75167525,0.59664595,0.94340795,-0.33044028,-0.028116703
1356875787963,0.14613274,0.61787814,-0.77257484,0.3034047,0.71532893,0.629484,0.94158953,-0.32639104,-0.08293414
1356875788021,0.102413416,0.65466887,-0.748946,0.33602363,0.68587947,0.6454901,0.936269,-0.31777042,-0.14974093
1356875788047,0.017281204,0.65485257,-0.7555591,0.38415414,0.6933217,0.6096971,0.92310727,-0.30078745,-0.2395829
1356875788093,-0.07327032,0.65016204,-0.7562545,0.4254604,0.70620525,0.5659131,0.9020061,-0.28029168,-0.3283621
1356875788124,-0.12915263,0.6638995,-0.7365848,0.45544165,0.69953907,0.5506524,0.8808476,-0.2643532,-0.39271474
1356875788165,-0.13280207,0.7039939,-0.6976791,0.48042023,0.6614163,0.5759556,0.86692554,-0.25869104,-0.42605036
1356875788208,-0.090326846,0.76033235,-0.6432229,0.4962411,0.594336,0.6328583,0.8634732,-0.26202953,-0.4309926
1356875788262,5.9181824E-4,0.82475835,-0.56548494,0.48491365,0.49431503,0.72146475,0.87456185,-0.27463832,-0.39964408
1356875788300,0.08147633,0.8639535,-0.49693656,0.44917297,0.4132607,0.7921232,0.889722,-0.28774974,-0.3543936
1356875788376,0.14697266,0.8853846,-0.44101372,0.39615506,0.3558464,0.8464245,0.9063444,-0.29911107,-0.29844987
1356875788378,0.1947324,0.89523613,-0.40078846,0.33499882,0.32333764,0.88500196,0.92187583,-0.30660218,-0.23693871
1356875788419,0.22666535,0.89869004,-0.37547183,0.27235347,0.31164303,0.9103309,0.93511844,-0.30860153,-0.17412263
1356875788461,0.24559216,0.8986201,-0.3635471,0.21739009,0.3144247,0.9240556,0.9446831,-0.30597237,-0.11813092
1356875788500,0.2549588,0.89682424,-0.36152765,0.17124546,0.32609588,0.9296969,0.9516674,-0.29894432,-0.070436
1356875788540,0.25729764,0.8932228,-0.3687152,0.13523206,0.3445238,0.9289864,0.956823,-0.28888816,-0.03214717
1356875788580,0.2546986,0.8874959,-0.384031,0.10811892,0.368503,0.9233179,0.96095735,-0.27668884,-0.0020979047
1356875788620,0.25165576,0.87920547,-0.4045579,0.088214844,0.39543295,0.91424876,0.96378803,-0.26576394,0.021954
1356875788660,0.2534938,0.86968625,-0.4235407,0.07319364,0.41934234,0.9048728,0.96456397,-0.26038015,0.042645156
1356875788701,0.2616225,0.8592217,-0.43964955,0.0644564,0.43894422,0.89619935,0.96301556,-0.26280415,0.059455335
1356875788745,0.27518284,0.84937966,-0.45036495,0.064296514,0.45114255,0.8901328,0.9592395,-0.2739061,0.06953454
1356875788781,0.28561074,0.837265,-0.46627662,0.07365048,0.46592784,0.8817522,0.95551145,-0.28617936,0.07140905
1356875788822,0.28870553,0.8240241,-0.4874766,0.09390393,0.4823315,0.8709411,0.9528018,-0.29722148,0.06187266
1356875788860,0.28343755,0.8100549,-0.51329744,0.120583355,0.50089496,0.857067,0.9513794,-0.30482006,0.044293284
1356875788902,0.26728892,0.7956996,-0.5435243,0.15476492,0.5212758,0.83923733,0.95110697,-0.30843732,0.016184866
1356875788941,0.24180326,0.78265536,-0.5735694,0.19398135,0.5401875,0.81888264,0.95073783,-0.30927032,-0.021201432
1356875788982,0.2002593,0.7673264,-0.60918504,0.2454043,0.56267416,0.78941405,0.94851094,-0.30758417,-0.075624466
1356875789021,0.14375666,0.7491808,-0.64657724,0.30363724,0.5884578,0.7493476,0.9418802,-0.3040486,-0.14288443
1356875789062,0.07349154,0.7258576,-0.6839077,0.3630904,0.619224,0.6962234,0.92885107,-0.29948682,-0.21804422
1356875789101,0.0047961753,0.70047796,-0.7136579,0.4104009,0.64941555,0.64018005,0.9118926,-0.29595625,-0.28436202
1356875789143,-0.043268085,0.679212,-0.7326657,0.4387536,0.67176694,0.59684545,0.8975652,-0.2956354,-0.3270728
1356875789181,-0.06045866,0.6651775,-0.7442336,0.44969147,0.683797,0.5746296,0.89113545,-0.2999342,-0.34046614
1356875789221,-0.048368156,0.65660053,-0.7526861,0.44696432,0.6881365,0.57156897,0.89324325,-0.30877805,-0.3267609
1356875789259,-0.01590395,0.6491282,-0.7605128,0.4326824,0.6901723,0.58004147,0.90140617,-0.31983554,-0.29184282
1356875789301,0.025637895,0.6388746,-0.76888365,0.40867075,0.6952324,0.59130377,0.91232175,-0.32938004,-0.24326503
1356875789368,0.06645191,0.6241565,-0.7784683,0.37796628,0.7063044,0.5985613,0.92343146,-0.33401027,-0.1889748
1356875789377,0.09934941,0.6047967,-0.7901586,0.34421653,0.72417235,0.5975696,0.93361914,-0.33135384,-0.13623488
1356875789415,0.12021071,0.5809622,-0.8050045,0.31077197,0.7481072,0.5863074,0.94285214,-0.32065326,-0.090616286
1356875789458,0.1291649,0.5531679,-0.8229956,0.28019804,0.77576625,0.5653988,0.9512127,-0.3036314,-0.05479473
1356875789497,0.12908882,0.52232176,-0.84292114,0.25332904,0.80445707,0.5372832,0.95872855,-0.28289366,-0.02847284
1356875789539,0.12472138,0.48977524,-0.8628817,0.23055123,0.83156216,0.50532216,0.96503407,-0.26196292,-0.009204686
1356875789578,0.121845186,0.45875892,-0.880167,0.21250847,0.8541531,0.47461843,0.96953285,-0.24487293,0.0065842867
1356875789623,0.12499982,0.4331782,-0.89259833,0.20168036,0.8697775,0.45034665,0.9714423,-0.2363128,0.02135849
1356875789662,0.1342144,0.41565028,-0.8995673,0.20018879,0.87769145,0.43541032,0.9705209,-0.23852164,0.034590304
1356875789701,0.14404589,0.40548116,-0.9026826,0.20625061,0.87986076,0.4281422,0.9678386,-0.24785095,0.043109596
1356875789742,0.14983484,0.401601,-0.9034745,0.21734545,0.878059,0.4263488,0.964526,-0.26024795,0.044277668
1356875789780,0.15107879,0.40647674,-0.9010837,0.2288578,0.87239873,0.4319081,0.9616649,-0.2714722,0.038775563
1356875789822,0.14754838,0.41944426,-0.89570975,0.23998363,0.86337614,0.44383502,0.9594985,-0.28044283,0.026730001
1356875789860,0.14047843,0.4420218,-0.8859359,0.25119114,0.8496204,0.4637329,0.9576893,-0.28768367,0.008321404
1356875789901,0.1264723,0.46855256,-0.8743359,0.26693884,0.8328246,0.48491943,0.95537865,-0.2947231,-0.019745648
1356875789940,0.10183728,0.49370775,-0.8636445,0.2914203,0.8152662,0.5004151,0.951159,-0.30264446,-0.06085199
1356875789983,0.05997321,0.50910765,-0.85861087,0.3282317,0.8022689,0.49862674,0.94269145,-0.31172755,-0.1189906
1356875790021,0.009765267,0.51690733,-0.8559857,0.36895686,0.79376227,0.4835414,0.92939526,-0.32054374,-0.18296522
1356875790064,-0.03799796,0.51904577,-0.8539014,0.40513742,0.78913957,0.4616518,0.91346574,-0.32840556,-0.24027056
1356875790100,-0.069521755,0.5191734,-0.8518367,0.42845118,0.78667474,0.4444912,0.9008864,-0.33406866,-0.27713144
1356875790144,-0.07462436,0.5215958,-0.8499229,0.43652606,0.7833874,0.44243547,0.8965914,-0.33799705,-0.28614992
1356875790180,-0.06689292,0.5163648,-0.85375214,0.43382865,0.78560406,0.4411564,0.8985088,-0.34087187,-0.2765652
1356875790223,-0.04288256,0.50878507,-0.85982484,0.42016688,0.78999364,0.44650847,0.90643305,-0.3421225,-0.24765158
1356875790261,-0.01848498,0.4909048,-0.8710171,0.40038592,0.8018984,0.44345242,0.9161601,-0.34054577,-0.21137446
1356875790305,0.007029295,0.46873322,-0.8833118,0.37471864,0.81773466,0.4369164,0.9271119,-0.3340646,-0.169895
1356875790363,0.026502848,0.44053072,-0.89734626,0.3484859,0.83727837,0.42133427,0.93693924,-0.32387906,-0.13132846
1356875790381,0.04077828,0.4118503,-0.91033864,0.32150164,0.8572342,0.40222663,0.9460305,-0.30907744,-0.09745401
1356875790419,0.04899335,0.38215718,-0.9227976,0.2961841,0.87679136,0.37882966,0.95387346,-0.2918781,-0.070231915
1356875790462,0.052528173,0.35381198,-0.9338404,0.27145278,0.8948609,0.3543126,0.96101725,-0.27210498,-0.049037814
1356875790509,0.05435431,0.32553628,-0.943966,0.24789837,0.9113667,0.32856828,0.96726006,-0.25186676,-0.031163216
1356875790550,0.05826339,0.2965822,-0.95322835,0.2299558,0.925186,0.3019126,0.97145545,-0.23679084,-0.014296293
1356875790587,0.06749964,0.27017394,-0.9604425,0.220632,0.93476385,0.27845645,0.9730186,-0.23070006,0.0034871697
1356875790631,0.07987091,0.24506441,-0.96621114,0.2218456,0.9406272,0.25691408,0.97180504,-0.23486964,0.020762265
1356875790671,0.09020451,0.22047748,-0.971212,0.23210539,0.9436803,0.23578498,0.96849895,-0.24669242,0.03395021
1356875790710,0.09378275,0.19636405,-0.9760358,0.24732038,0.945031,0.21389018,0.9643844,-0.26145276,0.040062785
1356875790752,0.08889827,0.17376314,-0.9807667,0.26379353,0.94539744,0.19140737,0.96047384,-0.27573568,0.038206637
1356875790790,0.0766342,0.15400645,-0.98509353,0.27874005,0.94529593,0.16946888,0.9573042,-0.28757215,0.029514253
1356875790832,0.05676651,0.13750511,-0.98887306,0.2915127,0.94502604,0.14814246,0.95488113,-0.29667857,0.013561368
1356875790869,0.027911663,0.12321867,-0.99198693,0.30273455,0.9447272,0.12586643,0.9526661,-0.30382186,-0.010933638
1356875790913,-0.018261999,0.10643485,-0.994152,0.31346932,0.94479483,0.09539238,0.9494228,-0.30989408,-0.050617933
1356875790950,-0.082506776,0.082814746,-0.99314374,0.3212629,0.94555265,0.05215694,0.943389,-0.31475693,-0.1046198
1356875790990,-0.16563576,0.04660794,-0.98508507,0.32157388,0.9468391,-0.009272188,0.9322849,-0.31831342,-0.17181832
1356875791031,-0.25122264,1.40070915E-5,-0.96792936,0.3112114,0.946903,-0.080760114,0.91653407,-0.3215194,-0.23788786
1356875791073,-0.3187738,-0.047720395,-0.94662875,0.29468256,0.9442468,-0.14683363,0.9008581,-0.3257617,-0.2869388
1356875791110,-0.3575347,-0.08723572,-0.92981654,0.28030944,0.9396973,-0.19594781,0.89083976,-0.3306945,-0.3115214
1356875791153,-0.35976046,-0.106317684,-0.9269677,0.28032202,0.93527305,-0.21606453,0.88993937,-0.33758092,-0.30667108
1356875791190,-0.33661583,-0.10676677,-0.93556964,0.29263124,0.9324958,-0.21170405,0.89501774,-0.34503987,-0.28264952
1356875791233,-0.28521574,-0.082617484,-0.9548959,0.3154866,0.9326677,-0.17492631,0.9050525,-0.35114864,-0.23994678
1356875791272,-0.21961552,-0.042476833,-0.97466147,0.33568844,0.9347565,-0.1163767,0.91601443,-0.35274068,-0.19102806
1356875791310,-0.14650753,0.008618027,-0.98917204,0.34424725,0.93790233,-0.04281555,0.92737776,-0.34679252,-0.14037645
1356875791368,-0.081371844,0.05714059,-0.9950445,0.33767137,0.9408933,0.02641718,0.93774027,-0.33384842,-0.095856965
1356875791391,-0.032001853,0.095198035,-0.99494386,0.31779978,0.94476205,0.080174685,0.94761765,-0.31362718,-0.060488045
1356875791429,-1.0561943E-4,0.11918297,-0.9928723,0.29230973,0.949511,0.11394685,0.9563237,-0.2902142,-0.034938633
1356875791470,0.0173046,0.13040075,-0.99131036,0.26526716,0.95533013,0.13029835,0.96401966,-0.26521686,-0.018059433
1356875791519,0.026413769,0.13269505,-0.99080485,0.24001032,0.96131736,0.1351443,0.9704109,-0.24137306,-0.0064561367
1356875791560,0.03457156,0.13175261,-0.9906795,0.22244534,0.96539146,0.13615212,0.974332,-0.22507906,0.0040673018
1356875791602,0.045994997,0.13392134,-0.98992395,0.2158309,0.9662339,0.1407446,0.9753468,-0.22012973,0.01553756
1356875791640,0.05796665,0.13830179,-0.9886923,0.2190567,0.9644597,0.14775524,0.97398865,-0.22514454,0.025610566
1356875791681,0.06727326,0.14429478,-0.9872452,0.22964908,0.9606801,0.15606084,0.9709456,-0.23721868,0.031490922
1356875791719,0.072095215,0.15356204,-0.98550546,0.24315736,0.95555794,0.16668391,0.9673039,-0.25165,0.03155142
1356875791761,0.073052675,0.169789,-0.9827691,0.25649142,0.9490584,0.18303086,0.9637819,-0.26544273,0.02578181
1356875791799,0.07089928,0.19591703,-0.97805405,0.26897904,0.94044435,0.2078816,0.9605329,-0.2778147,0.013979256
1356875791840,0.063631505,0.23089744,-0.9708952,0.28246453,0.92891794,0.23942691,0.957165,-0.28947854,-0.00611192
1356875791880,0.04503441,0.26806295,-0.9623483,0.30056268,0.9150549,0.2689546,0.9526983,-0.3013582,-0.03936076
1356875791920,0.008433461,0.29864258,-0.95432776,0.32578027,0.9014726,0.28498128,0.9454079,-0.3133045,-0.089689314
1356875791960,-0.045555174,0.31807974,-0.94696885,0.35651347,0.89070576,0.28203088,0.93317896,-0.3247592,-0.15397596
1356875792003,-0.10279107,0.3334415,-0.9371505,0.38841164,0.88080055,0.27078924,0.915735,-0.3361654,-0.22005099
1356875792040,-0.13235629,0.3697198,-0.9196679,0.4181624,0.86204946,0.28637546,0.8986779,-0.34666693,-0.2687006
1356875792081,-0.11519796,0.4370545,-0.8920274,0.44491726,0.82559454,0.34704798,0.88813186,-0.35689914,-0.2895599
1356875792130,-0.043472767,0.5340678,-0.8443233,0.45816088,0.7616716,0.45819753,0.8878056,-0.36691678,-0.27780098
1356875792171,0.041869223,0.6178517,-0.78517914,0.44709453,0.6912083,0.56774783,0.8935063,-0.3748205,-0.24729776
1356875792212,0.1144796,0.67159015,-0.7320253,0.4156769,0.636879,0.6493056,0.90227884,-0.37861824,-0.20625484
1356875792259,0.16608477,0.69943273,-0.69513285,0.37294686,0.608012,0.70087945,0.9128672,-0.37565303,-0.15986973
1356875792286,0.19498044,0.7082429,-0.6785092,0.32781804,0.60494363,0.72565734,0.92440146,-0.36391652,-0.114222586
1356875792348,0.2044074,0.7042664,-0.67987233,0.28622046,0.621184,0.72952604,0.9361065,-0.34371388,-0.074600875
1356875792364,0.19960424,0.6919875,-0.6937661,0.24966311,0.6487314,0.7188991,0.94753706,-0.31670314,-0.043274224
1356875792411,0.18726712,0.6744062,-0.714218,0.21865247,0.6802217,0.6996353,0.95766497,-0.28718418,-0.020077407
1356875792460,0.17149198,0.6535617,-0.73718894,0.19101888,0.71201605,0.6756811,0.9664897,-0.2566909,-0.0027375817
1356875792499,0.1609897,0.63112235,-0.758793,0.17035705,0.7395123,0.65122956,0.97214234,-0.23410694,0.011537731
1356875792539,0.15989822,0.61359245,-0.7732638,0.15707485,0.75754666,0.6336013,0.9745563,-0.22277203,0.024750412
1356875792579,0.16661817,0.6012729,-0.78147894,0.15313198,0.76716226,0.62290657,0.974058,-0.22345695,0.035749078
1356875792622,0.17635,0.5932958,-0.78543025,0.15908891,0.7702659,0.6175607,0.97138625,-0.23386008,0.041449606
1356875792671,0.183855,0.5887331,-0.78714085,0.17566738,0.76822007,0.6156126,0.9671289,-0.25145838,0.037819922
1356875792714,0.18673941,0.58916855,-0.78613544,0.19459337,0.76217353,0.61743426,0.9629444,-0.26827607,0.027679563
1356875792751,0.18554011,0.59373623,-0.78297657,0.21333243,0.75346804,0.6219126,0.95919985,-0.28242406,0.013135374
1356875792794,0.17671448,0.5994569,-0.7806558,0.2358833,0.7442313,0.6248831,0.955579,-0.29456955,-0.00988543
1356875792841,0.15343544,0.6047942,-0.7814611,0.2694385,0.735254,0.62193596,0.9507158,-0.30598277,-0.050140858
1356875792881,0.11648065,0.60860014,-0.784881,0.3129314,0.72752064,0.6105634,0.9426061,-0.31673276,-0.105708
1356875792921,0.06494224,0.60720915,-0.7918835,0.36516124,0.7240577,0.5851476,0.9286763,-0.32716596,-0.1747073
1356875792960,0.0100891,0.60130525,-0.7989557,0.4159646,0.7240605,0.55019075,0.90932477,-0.3378882,-0.24281657
1356875793002,-0.031701386,0.5933704,-0.80430496,0.4550174,0.7250534,0.5169687,0.88991797,-0.34958413,-0.29297906
1356875793040,-0.049863875,0.5849754,-0.8095168,0.4778425,0.7257125,0.4949828,0.8770292,-0.36213973,-0.31571293
1356875793081,-0.042286545,0.5763005,-0.8161431,0.48523888,0.72590876,0.4874421,0.87335855,-0.37541214,-0.31033957
1356875793121,-0.014836013,0.565876,-0.8243569,0.47928986,0.7275829,0.49082014,0.8775313,-0.3878241,-0.28201306
1356875793162,0.02427429,0.55311584,-0.8327506,0.4608035,0.73303646,0.5003176,0.88717014,-0.39587924,-0.2370838
1356875793200,0.064988494,0.53866947,-0.84000695,0.43159634,0.7438058,0.51036996,0.8997228,-0.3957121,-0.18414897
1356875793239,0.10070115,0.5251491,-0.84503114,0.39395875,0.75887805,0.5185563,0.91359496,-0.38512665,-0.13046718
1356875793279,0.12769869,0.5152946,-0.8474459,0.35150668,0.7754666,0.5244945,0.9274352,-0.36486015,-0.08210343
1356875793319,0.14516214,0.51091576,-0.8472856,0.3077446,0.7905632,0.52943665,0.9403304,-0.33760172,-0.042471707
1356875793367,0.15423271,0.5121943,-0.8449078,0.26590952,0.80207074,0.53476596,0.95157987,-0.30714744,-0.012491822
1356875793401,0.1567587,0.51756907,-0.84115934,0.22800833,0.80971646,0.54071385,0.9609573,-0.27655292,0.008920014
1356875793439,0.15724418,0.5247952,-0.836579,0.1967704,0.8134822,0.5472915,0.9677581,-0.25067243,0.02465117
1356875793479,0.15950164,0.5307359,-0.83239335,0.1743855,0.8147807,0.5529214,0.9716733,-0.23334919,0.037406206
1356875793519,0.16585189,0.53364235,-0.82928824,0.16332132,0.814458,0.55676234,0.9725324,-0.22778054,0.04792422
1356875793565,0.17513713,0.5327486,-0.8279528,0.16630948,0.81285745,0.5582149,0.97039586,-0.23546056,0.05376035
1356875793600,0.18059507,0.5270931,-0.8303964,0.17738725,0.81297916,0.55461574,0.96742916,-0.24746257,0.053320408
1356875793643,0.17806742,0.5194925,-0.83571494,0.19656715,0.8133917,0.54749906,0.96418536,-0.26176584,0.042723358
1356875793680,0.16766715,0.5103042,-0.84349114,0.21827355,0.81515247,0.5365474,0.96137625,-0.27407315,0.025288403
1356875793724,0.14622357,0.50123256,-0.85286844,0.24303187,0.8175117,0.5221209,0.95893383,-0.2836206,-0.0022760034
1356875793760,0.11623007,0.49409246,-0.861605,0.26901126,0.8193996,0.50617903,0.956098,-0.29061466,-0.037677586
1356875793801,0.07031348,0.48756206,-0.87025243,0.30056292,0.8215127,0.4845399,0.9511667,-0.2956353,-0.08877963
1356875793841,0.010461539,0.48266977,-0.87573993,0.3367067,0.8229441,0.4575933,0.94155145,-0.29965463,-0.15390891
1356875793881,-0.06032592,0.4780917,-0.87623584,0.3762261,0.8239837,0.42368004,0.924562,-0.30410388,-0.22957814
1356875793920,-0.12567315,0.4770949,-0.86981994,0.41297293,0.8223535,0.39139253,0.9020309,-0.31002456,-0.30037504
1356875793965,-0.16792291,0.48390195,-0.8588602,0.44282523,0.8154111,0.37284124,0.8807427,-0.31771636,-0.35121018
1356875794011,-0.1719132,0.50345975,-0.8467432,0.46305197,0.7999625,0.38163182,0.8694991,-0.32647857,-0.37065214
1356875794050,-0.14491141,0.5328631,-0.83370113,0.47396308,0.7770171,0.41425043,0.86853874,-0.33511394,-0.36515605
1356875794090,-0.09441778,0.56522894,-0.81951296,0.47265783,0.74994564,0.46279156,0.8761734,-0.34365344,-0.3379681
1356875794131,-0.03177899,0.59540516,-0.8027969,0.45656806,0.7231526,0.5182625,0.88912076,-0.3500615,-0.294824
1356875794169,0.030994296,0.62020135,-0.78383017,0.42561746,0.7013664,0.57178223,0.9043722,-0.3513338,-0.24223018
1356875794210,0.08452135,0.6393744,-0.764236,0.38395426,0.6868538,0.6170988,0.91947556,-0.34558967,-0.1874367
1356875794249,0.124640524,0.6546345,-0.74559945,0.33732998,0.6787381,0.6523213,0.93309873,-0.33281875,-0.13622957
1356875794289,0.15156716,0.6679943,-0.7285678,0.29102045,0.6742551,0.6787395,0.9446346,-0.31490272,-0.09220505
1356875794329,0.168039,0.68072706,-0.71300316,0.24835794,0.67072195,0.69889224,0.95398176,-0.29452112,-0.05635655
1356875794369,0.17735213,0.6933241,-0.6984611,0.21084364,0.6664653,0.71510065,0.9612966,-0.27409074,-0.027983963
1356875794407,0.18309695,0.7058753,-0.68426293,0.17874643,0.6605246,0.7292167,0.9667085,-0.2558269,-0.005232632
1356875794450,0.18955234,0.71841085,-0.6692951,0.15222546,0.6519089,0.74286085,0.9699986,-0.2426948,0.014210463
1356875794503,0.20552266,0.73208785,-0.64946735,0.13282761,0.6366267,0.7596468,0.9695964,-0.24239182,0.033599734
1356875794551,0.22525379,0.74887717,-0.62325245,0.12295821,0.61272776,0.78067017,0.9665101,-0.2524829,0.04593867
1356875794590,0.24249995,0.76603913,-0.5952964,0.12112191,0.58490485,0.8020074,0.9625608,-0.26659018,0.04905528
1356875794631,0.25436336,0.78227365,-0.5686363,0.12665719,0.5559654,0.8214989,0.958779,-0.2809811,0.042336643
1356875794671,0.25978512,0.79761237,-0.5443586,0.13816041,0.52721363,0.83842564,0.95573187,-0.29301932,0.026763797
1356875794711,0.25856152,0.8117733,-0.5236125,0.15579873,0.49990454,0.851952,0.95334816,-0.30186015,0.0027828217
1356875794750,0.25047836,0.8242139,-0.50787014,0.18229944,0.475054,0.86086625,0.9508037,-0.30821282,-0.031262994
1356875794791,0.2344031,0.83430207,-0.49899417,0.22250578,0.45362517,0.8629689,0.9463331,-0.3133117,-0.07930589
1356875794830,0.2100868,0.8416641,-0.49745876,0.27761427,0.43651554,0.85579467,0.9374401,-0.3178928,-0.1419518
1356875794871,0.18004149,0.84607697,-0.5017358,0.34204808,0.42439038,0.8383889,0.9222734,-0.32256258,-0.21299112
1356875794910,0.15130323,0.84745526,-0.50884867,0.40232694,0.41741097,0.8148013,0.90290666,-0.3280056,-0.27779847
1356875794951,0.13095608,0.8457083,-0.51732767,0.44565445,0.4159085,0.7927246,0.8855747,-0.33436146,-0.32242787
1356875794990,0.12249613,0.8406087,-0.5276096,0.46707287,0.42023444,0.7779756,0.8756927,-0.34173113,-0.34114838
1356875795030,0.12705529,0.83199257,-0.540042,0.46764964,0.4298985,0.7723284,0.8747347,-0.3506788,-0.33446014
1356875795070,0.14100233,0.8193695,-0.5556545,0.45209223,0.44603232,0.7724427,0.8807559,-0.36012328,-0.307539
1356875795110,0.1585199,0.80301064,-0.5744957,0.42484444,0.4697607,0.77384245,0.8912792,-0.36674073,-0.26668823
1356875795150,0.1727264,0.78371966,-0.5966147,0.39149582,0.5011906,0.7717117,0.9038234,-0.36686715,-0.22025412
1356875795188,0.18075335,0.76314014,-0.62043965,0.35504705,0.53766316,0.7647614,0.9172076,-0.35851842,-0.1737662
1356875795229,0.18256852,0.74208003,-0.6449697,0.3184443,0.57600325,0.7528702,0.9301946,-0.34283733,-0.13115114
1356875795269,0.1803644,0.72103715,-0.6690099,0.28341332,0.61322093,0.7373175,0.94188416,-0.3225922,-0.09374827
1356875795310,0.17664301,0.69979745,-0.6921566,0.25191075,0.6476506,0.71908945,0.9514926,-0.3013838,-0.06188357
1356875795368,0.1727179,0.67805386,-0.714431,0.22433206,0.6791891,0.69884,0.9590848,-0.28097194,-0.034801126
1356875795390,0.16990101,0.65495116,-0.7363237,0.20152539,0.7083049,0.67652917,0.96463525,-0.26333094,-0.011647582
1356875795430,0.17081743,0.6312253,-0.7565553,0.18455082,0.7337542,0.6538698,0.9678649,-0.2513153,0.008844852
1356875795471,0.17525077,0.6071473,-0.77502215,0.17622232,0.75514734,0.6314255,0.96862423,-0.24723403,0.025347233
1356875795512,0.18121213,0.5847589,-0.7907081,0.17849068,0.77111,0.61117136,0.9671108,-0.2518857,0.035360456
1356875795551,0.18354034,0.564007,-0.80511427,0.18760467,0.7838765,0.5918971,0.96494424,-0.2596802,0.038062632
1356875795601,0.17941117,0.5464388,-0.81805634,0.20270702,0.7931713,0.57427275,0.96266377,-0.2688567,0.031536818
1356875795628,0.1720424,0.53772277,-0.82538205,0.21773283,0.7963952,0.5642225,0.9607256,-0.27678293,0.01993382
1356875795670,0.16011855,0.5359438,-0.82893085,0.23445015,0.79508626,0.5593487,0.958851,-0.2839051,0.0016559362
1356875795712,0.14145687,0.541744,-0.828555,0.25656056,0.78831154,0.559233,0.9561206,-0.2916819,-0.02747804
1356875795750,0.115153015,0.55315953,-0.8250783,0.28549635,0.7771291,0.5608584,0.9514366,-0.3001414,-0.068436265
1356875795790,0.07176429,0.55613214,-0.8279897,0.32557258,0.77160025,0.5464756,0.9427897,-0.30878818,-0.12568802
1356875795830,0.015195132,0.54984903,-0.8351258,0.36995804,0.77285606,0.5155818,0.9289242,-0.31679586,-0.19167739
1356875795870,-0.03873369,0.5408916,-0.8401999,0.40844882,0.77594936,0.48069954,0.911959,-0.3245594,-0.25098193
1356875795911,-0.06914914,0.54312164,-0.8368019,0.43623862,0.77082294,0.4642498,0.8971702,-0.33294284,-0.29023236
1356875795950,-0.06222543,0.56735104,-0.82112163,0.45412454,0.7487135,0.48290685,0.88876253,-0.34284243,-0.30423707
1356875795991,-0.017346382,0.6123301,-0.7904119,0.46035707,0.7066438,0.5373322,0.88756436,-0.35455096,-0.2941482
1356875796030,0.049843967,0.66318244,-0.74679625,0.44971114,0.65273577,0.6096687,0.89178216,-0.3662309,-0.2657056
1356875796069,0.11966583,0.70591176,-0.69811803,0.42022693,0.60106194,0.6798042,0.899494,-0.37471735,-0.2247166
1356875796109,0.17574331,0.73395115,-0.65607166,0.37779623,0.56513,0.7334153,0.9090568,-0.37675422,-0.17796618
1356875796149,0.21136445,0.74839777,-0.62867,0.3311711,0.5503196,0.7664686,0.91959274,-0.37020153,-0.13152969
1356875796189,0.2268995,0.752327,-0.6184826,0.28755635,0.5549831,0.78058,0.9304987,-0.3549618,-0.09041101
1356875796231,0.22562501,0.7476,-0.62465,0.25029802,0.575176,0.7787962,0.94151175,-0.3320646,-0.05734873
1356875796269,0.21288878,0.73498785,-0.6437943,0.22024944,0.6058416,0.7644907,0.95192885,-0.3045468,-0.03290379
1356875796310,0.19408575,0.71521497,-0.6714151,0.19591019,0.642383,0.7409206,0.9612231,-0.2753392,-0.015440524
1356875796369,0.1776101,0.69191444,-0.69979215,0.17691585,0.6770631,0.7143433,0.9680679,-0.25067893,-0.0021573901
1356875796394,0.16934481,0.67112005,-0.7217481,0.1647543,0.7027428,0.69210446,0.9716885,-0.23611544,0.008435905
1356875796430,0.16812041,0.65582746,-0.7359523,0.1608327,0.7183261,0.67686075,0.9725576,-0.23215933,0.015286744
1356875796487,0.1702787,0.6475661,-0.7427405,0.16510291,0.724344,0.669378,0.97146606,-0.23660946,0.016425312
1356875796526,0.17136833,0.646435,-0.7434747,0.1788409,0.72168946,0.6687154,0.96883893,-0.24756032,0.0080657005
1356875796553,0.17333871,0.66183394,-0.72933495,0.19173062,0.7036995,0.68413913,0.96601915,-0.25842363,-0.004915476
1356875796593,0.1749084,0.6855089,-0.7067422,0.2066546,0.67625815,0.7070847,0.9626531,-0.26972663,-0.02338034
1356875796635,0.17633834,0.7158307,-0.67564136,0.22784954,0.63807106,0.735493,0.95759565,-0.2836402,-0.05058533
1356875796681,0.17695072,0.7482621,-0.63936865,0.25989157,0.5910393,0.7636288,0.94928646,-0.30129117,-0.089882195
1356875796721,0.17494574,0.77630454,-0.605595,0.30721503,0.5413312,0.78267455,0.9354212,-0.3229735,-0.14378881
1356875796771,0.17481098,0.80011415,-0.5738105,0.36363745,0.48911688,0.79280037,0.9149912,-0.3472492,-0.20544851
1356875796812,0.18464142,0.8208874,-0.5404178,0.40464777,0.43760544,0.80297047,0.8956381,-0.36694044,-0.2513702
1356875796851,0.2028023,0.83626944,-0.50943565,0.4219367,0.39484388,0.81612974,0.88365185,-0.3804626,-0.2727775
1356875796890,0.22236773,0.8431956,-0.4894625,0.4170764,0.37150684,0.82947564,0.88124895,-0.3885919,-0.26906592
1356875796931,0.23781163,0.8409461,-0.48606086,0.39651963,0.37276793,0.8389375,0.8866892,-0.3922418,-0.24480313
1356875796970,0.24491143,0.8287123,-0.50324374,0.3679524,0.40077448,0.8390416,0.89701134,-0.39066064,-0.20677245
1356875797010,0.23995459,0.8029864,-0.5455591,0.33859658,0.45745987,0.8222426,0.909821,-0.38202536,-0.16211885
1356875797050,0.21929875,0.75436443,-0.6187425,0.31552762,0.5452653,0.7766131,0.9232282,-0.36554062,-0.11844683
1356875797090,0.18011001,0.66581905,-0.7240479,0.30082142,0.6635343,0.6850026,0.93651843,-0.3411849,-0.08078349
1356875797129,0.121605456,0.5108563,-0.85102177,0.2924637,0.8008799,0.52254796,0.94851315,-0.31243765,-0.052015543
1356875797169,0.04920101,0.2762053,-0.9598385,0.27989513,0.9186836,0.27870983,0.95876896,-0.28236693,-0.032108366
1356875797209,-0.022942424,-0.013175145,-0.99965,0.25400692,0.967024,-0.018574707,0.96693027,-0.25434414,-0.0188393
1356875797249,-0.07596978,-0.28241754,-0.9562787,0.21895951,0.930916,-0.292322,0.972772,-0.23159394,-0.008883476
1356875797300,-0.108620584,-0.48783976,-0.86614895,0.19193392,0.8446176,-0.49978244,0.9753784,-0.22052999,0.0018901229
1356875797344,-0.13929264,-0.65433043,-0.7432694,0.17121609,0.72336805,-0.6688974,0.9753372,-0.22043213,0.011272013
1356875797373,-0.16857052,-0.7585482,-0.6294352,0.1591767,0.6092429,-0.77684355,0.9727522,-0.23114434,0.018042803
1356875797420,-0.20065144,-0.8260006,-0.5267467,0.14748499,0.5060843,-0.84978044,0.96849734,-0.24819696,0.02027613
1356875797472,-0.23581013,-0.8710997,-0.4307887,0.12907246,0.4112881,-0.90232056,0.9631894,-0.26837927,0.015449107
1356875797510,-0.26575178,-0.9002313,-0.34490526,0.10422951,0.3288424,-0.93861544,0.9583905,-0.285388,0.0064402223
1356875797553,-0.29243553,-0.9214499,-0.25575688,0.06820884,0.24666846,-0.9666965,0.95384955,-0.3001413,-0.009283543
1356875797590,-0.3163244,-0.9375533,-0.1446816,0.0125949085,0.14834899,-0.9888549,0.9485675,-0.31462112,-0.035117984
1356875797632,-0.3306077,-0.9437595,0.0040642023,-0.07266289,0.021160424,-0.99713206,0.94096684,-0.3299549,-0.07557213
1356875797670,-0.31978548,-0.9300158,0.1811294,-0.18360639,-0.12671816,-0.97479796,0.92952996,-0.3449827,-0.13023424
1356875797712,-0.27635974,-0.89443445,0.35158557,-0.2965137,-0.26863134,-0.9164698,0.914169,-0.35752526,-0.19097322
1356875797751,-0.20796818,-0.84176433,0.49817878,-0.3864014,-0.39718795,-0.8324276,0.89857846,-0.3656154,-0.24265653
1356875797791,-0.12394303,-0.76748633,0.62896967,-0.44299242,-0.52438873,-0.7271686,0.88791656,-0.36875623,-0.2749963
1356875797830,-0.019235611,-0.6400558,0.76808757,-0.46520996,-0.6742727,-0.57352936,0.88499135,-0.3683542,-0.28479022
1356875797871,0.124674916,-0.3827388,0.9154055,-0.44009426,-0.84821314,-0.29470587,0.88925433,-0.36612225,-0.27419204
1356875797911,0.29871833,0.08977336,0.95010954,-0.32188943,-0.9277487,0.1888639,0.8984178,-0.36224732,-0.24823844
1356875797952,0.39424175,0.5862018,0.7077718,-0.12711434,-0.7279629,0.67372984,0.9101733,-0.3555804,-0.21247873
1356875797990,0.3855548,0.84094137,0.37969077,0.014306247,-0.41690534,0.9088373,0.92257404,-0.34497464,-0.17277056
1356875798030,0.34497675,0.93133116,0.11667624,0.08591923,-0.15511915,0.98415244,0.93467057,-0.32948503,-0.13353175
1356875798069,0.30235434,0.94894075,-0.08996287,0.12201941,0.05507195,0.9909986,0.9453535,-0.3106099,-0.09913793
1356875798110,0.26051557,0.9274172,-0.26838207,0.14257795,0.2379771,0.9607489,0.9548838,-0.2885554,-0.07023245
1356875798149,0.22065265,0.8734671,-0.4340134,0.15616894,0.40760076,0.8997071,0.9627688,-0.2663022,-0.046470225
1356875798190,0.18648458,0.7936931,-0.5790291,0.16232646,0.55637574,0.814921,0.9689549,-0.24596193,-0.025081873
1356875798229,0.16361845,0.6966387,-0.6985153,0.16574875,0.67857987,0.7155814,0.9725001,-0.23286039,-0.0044388175
1356875798274,0.15869546,0.60679185,-0.77885777,0.17071137,0.76011014,0.62696904,0.97245735,-0.23245698,0.017039776
1356875798311,0.15900859,0.51708263,-0.84103614,0.18505388,0.82116616,0.539853,0.96977895,-0.24147825,0.034884334
1356875798374,0.1589832,0.43696764,-0.88531554,0.20828226,0.861694,0.4627116,0.96506107,-0.25795892,0.04598224
1356875798386,0.1510807,0.36416784,-0.9189976,0.23517582,0.88973486,0.3912343,0.9601391,-0.27523395,0.048778296
1356875798431,0.1349577,0.3054496,-0.94259596,0.26089627,0.90677565,0.33119625,0.95588684,-0.29061723,0.042685688
1356875798471,0.11862585,0.27729896,-0.9534323,0.28049192,0.91174567,0.30007344,0.95249784,-0.3030265,0.030376494
1356875798511,0.09750268,0.26632038,-0.95894045,0.2980896,0.91148186,0.28344908,0.9495451,-0.3134872,0.009484589
1356875798549,0.06843138,0.2686035,-0.96081704,0.31718802,0.907246,0.27621815,0.9458906,-0.32366166,-0.023113728
1356875798591,0.019808263,0.2625635,-0.9647114,0.3411375,0.9052212,0.2533767,0.9398047,-0.33411816,-0.07163936
1356875798631,-0.054005504,0.23449811,-0.9706152,0.36547336,0.9092282,0.19933204,0.92925376,-0.343969,-0.13480616
1356875798671,-0.13802156,0.19572873,-0.9708966,0.38142055,0.9151761,0.1302734,0.9140396,-0.3523394,-0.20096898
1356875798712,-0.19931519,0.18120643,-0.96303564,0.3917183,0.9155541,0.09120001,0.8982373,-0.35906112,-0.2534657
1356875798750,-0.21442401,0.21493962,-0.9527976,0.4079061,0.9060544,0.112596974,0.88748795,-0.36450845,-0.281955
1356875798791,-0.18091744,0.29035494,-0.939661,0.43006387,0.88259596,0.18991956,0.8844851,-0.36975452,-0.28454816
1356875798831,-0.115961194,0.3762967,-0.9192137,0.44460672,0.847228,0.29073977,0.88818794,-0.37497407,-0.2655496
1356875798871,-0.0436638,0.4440067,-0.8949589,0.44119957,0.8122952,0.38147014,0.89634615,-0.3781991,-0.23136348
1356875798910,0.016086578,0.48038468,-0.8769103,0.4207777,0.7923296,0.44176912,0.90702116,-0.37609088,-0.18938929
1356875798950,0.055024147,0.48680812,-0.87177414,0.39029884,0.7931443,0.46753496,0.9190425,-0.36597818,-0.14635855
1356875798989,0.073153496,0.46932718,-0.87998897,0.35703585,0.8115497,0.46250668,0.9312218,-0.3480216,-0.10819894
1356875799029,0.07622218,0.4365381,-0.8964511,0.32366687,0.8395474,0.4363484,0.9430959,-0.32341096,-0.07730079
1356875799069,0.07020068,0.39369443,-0.91655695,0.29180107,0.87052846,0.39627308,0.9538994,-0.29527092,-0.053768754
1356875799109,0.061098218,0.3463771,-0.9361035,0.26209733,0.899377,0.3498943,0.9631054,-0.26672816,-0.035834193
1356875799149,0.05449611,0.29974538,-0.95246154,0.2367664,0.9227959,0.30395627,0.97003704,-0.24207531,-0.020680845
1356875799188,0.05434081,0.2587644,-0.9644107,0.21983457,0.93903947,0.26434377,0.97402245,-0.22637549,-0.0058571696
1356875799229,0.06011668,0.224806,-0.9725473,0.21489437,0.9485487,0.23254207,0.9747853,-0.2229746,0.00871402
1356875799270,0.06732139,0.19685385,-0.97811884,0.2215476,0.9529191,0.2070308,0.97282296,-0.23063749,0.020539343
1356875799311,0.07090923,0.17401838,-0.9821861,0.23524836,0.95397115,0.18600325,0.9693452,-0.24424703,0.026707828
1356875799375,0.068766624,0.15781668,-0.9850711,0.25156137,0.9527583,0.1702011,0.9653953,-0.25951,0.025817394
1356875799386,0.06256607,0.15246461,-0.9863266,0.26659742,0.9497992,0.16372947,0.9617752,-0.273196,0.018778503
1356875799429,0.052837312,0.15843311,-0.985955,0.2794603,0.9455376,0.16691473,0.9587023,-0.28435463,0.005683899
1356875799470,0.038704693,0.17432103,-0.9839279,0.29151157,0.9398636,0.17798138,0.9557839,-0.29371506,-0.014439464
1356875799512,0.00977549,0.18822153,-0.98207796,0.3069498,0.934144,0.18209004,0.95167553,-0.30322865,-0.048642814
1356875799561,-0.05182624,0.18577433,-0.98122466,0.3290822,0.93084383,0.1588543,0.942878,-0.31467074,-0.109377146
1356875799600,-0.12789756,0.17592016,-0.9760606,0.34928343,0.9290823,0.121684864,0.92824745,-0.32535863,-0.18027335
1356875799641,-0.20458728,0.1568411,-0.9662013,0.3617149,0.9293262,0.07426435,0.9095639,-0.33429587,-0.24686009
1356875799680,-0.2587881,0.14389472,-0.955156,0.3682543,0.9288574,0.04015869,0.8929823,-0.34134772,-0.2933671
1356875799721,-0.27705306,0.14877543,-0.94926673,0.37598172,0.9259511,0.03538716,0.8842394,-0.34710285,-0.31247443
1356875799760,-0.26084107,0.17154503,-0.95001805,0.3869297,0.92016053,0.059916586,0.88444746,-0.3519615,-0.30639154
1356875799802,-0.21637344,0.20704961,-0.95410323,0.396729,0.911578,0.1078502,0.8920698,-0.3551845,-0.27938384
1356875799840,-0.15875366,0.24283144,-0.9569901,0.3979899,0.90278304,0.16305473,0.9035493,-0.35498688,-0.2399646
1356875799881,-0.09848803,0.2724095,-0.9571276,0.3872497,0.8964836,0.21530168,0.9166994,-0.34944272,-0.1937834
1356875799920,-0.045263827,0.2909219,-0.9556754,0.36533722,0.8952073,0.25521094,0.9297741,-0.337592,-0.14680511
1356875799960,-0.0037002265,0.29796585,-0.95456934,0.335655,0.89956546,0.27949545,0.94197774,-0.3193718,-0.103342295
1356875799999,0.025242537,0.29475886,-0.9552382,0.30327034,0.90825367,0.28827482,0.9525702,-0.29697222,-0.06646496
1356875800039,0.044093877,0.2844484,-0.9576767,0.27129322,0.9191774,0.28550437,0.96148616,-0.27240023,-0.036638856
1356875800080,0.056528986,0.26950955,-0.9613371,0.24237329,0.9303689,0.2750798,0.9685347,-0.24855243,-0.012729108
1356875800121,0.06701708,0.25316957,-0.9650979,0.21995842,0.9397262,0.26178804,0.9732045,-0.22982569,0.0072908998
1356875800161,0.07837772,0.23814529,-0.9680619,0.20825246,0.9457147,0.24950871,0.9749297,-0.2211572,0.024528623
1356875800200,0.08965784,0.22548924,-0.97011137,0.20938684,0.9479982,0.2397009,0.9737139,-0.22461961,0.037781
1356875800242,0.09693459,0.21491449,-0.97181034,0.22001596,0.9476261,0.23151194,0.9706681,-0.2362553,0.04457313
1356875800282,0.09749925,0.20707703,-0.9734542,0.23648983,0.94527835,0.22476971,0.9667298,-0.25212687,0.043192327
1356875800320,0.09259206,0.2055997,-0.97424614,0.25387537,0.94123566,0.22276159,0.9627949,-0.26796305,0.03495425
1356875800377,0.082760066,0.21136737,-0.9738967,0.27085727,0.9356915,0.22609259,0.95905536,-0.28249842,0.020187497
1356875800401,0.06830913,0.22563238,-0.97181475,0.2874752,0.9283232,0.2357414,0.9553491,-0.29547593,-0.001450777
1356875800442,0.04280889,0.24186292,-0.9693656,0.30639854,0.92032295,0.24315757,0.95094025,-0.3074215,-0.03470844
1356875800481,0.002877444,0.25560063,-0.9667783,0.32835573,0.91293615,0.24234296,0.9445498,-0.3181445,-0.08130103
1356875800523,-0.05985576,0.253659,-0.96544003,0.3531158,0.91001725,0.21720466,0.933663,-0.32791117,-0.14404076
