1356875102411,-0.6045811,0.66522866,0.4381237,-0.30172497,0.3177864,-0.8988736,-0.7371863,-0.6756349,0.008588493
1356875102423,0.49921313,-0.53604454,0.68076605,-0.4553427,0.50614154,0.7324504,-0.73719007,-0.67563075,0.0085885525
1356875102453,0.49919182,-0.53605425,0.680774,-0.45532927,0.5061644,0.73244303,-0.7372128,-0.67560595,0.00859192
1356875102494,0.49904415,-0.5361254,0.68082637,-0.45526198,0.5062951,0.73239464,-0.73735446,-0.6754516,0.008586079
1356875102537,0.49853453,-0.5362633,0.68109107,-0.45524198,0.5066669,0.73214984,-0.7377114,-0.67506325,0.008461356
1356875102576,0.49733803,-0.536349,0.68189776,-0.45554084,0.5074763,0.731403,-0.7383342,-0.67438674,0.008058369
1356875102615,0.49515724,-0.53602666,0.68373585,-0.45652783,0.5090492,0.7296926,-0.73918986,-0.673457,0.007348299
1356875102658,0.49171743,-0.5350319,0.68698967,-0.45844233,0.5116888,0.72663957,-0.7403003,-0.6722465,0.0063250065
1356875102696,0.48676902,-0.5330606,0.6920276,-0.46154258,0.5156603,0.7218538,-0.741643,-0.6707763,0.004977286
1356875102735,0.48047963,-0.5299315,0.69879323,-0.46583718,0.52088314,0.71531564,-0.7430579,-0.6692185,0.0034119487
1356875102778,0.47346997,-0.5258969,0.7065823,-0.47083855,0.526852,0.7076284,-0.74440396,-0.66772705,0.0018360615
1356875102816,0.46645585,-0.52125084,0.71464425,-0.47593755,0.53310436,0.69948775,-0.7455886,-0.6664062,5.868077E-4
1356875102856,0.46030208,-0.51664376,0.72194266,-0.4803157,0.53897876,0.6919529,-0.7466049,-0.66526777,-5.9068203E-5
1356875102896,0.45568728,-0.51273733,0.7276328,-0.48334587,0.5438992,0.6859668,-0.7474796,-0.66428465,1.847744E-5
1356875102938,0.45288637,-0.50999945,0.7312964,-0.48480222,0.54750514,0.6820593,-0.74823844,-0.6634295,7.0875883E-4
1356875102977,0.45174375,-0.5085871,0.73298484,-0.48495188,0.5496282,0.6802431,-0.7488319,-0.66275793,0.0016508102
1356875103016,0.45191008,-0.50838315,0.7330237,-0.4844009,0.55016834,0.68019885,-0.7490881,-0.6624661,0.0023653507
1356875103058,0.45302042,-0.508732,0.73209584,-0.48387203,0.54939926,0.6811963,-0.74875927,-0.6628365,0.0027279258
1356875103105,0.4550363,-0.50923026,0.7304974,-0.48341355,0.5476742,0.68290865,-0.74783236,-0.6638806,0.003042817
1356875103135,0.4576919,-0.509692,0.7285137,-0.48262417,0.5457293,0.6850208,-0.7467209,-0.6651268,0.0037862062
1356875103176,0.46056446,-0.51011086,0.7264071,-0.48093644,0.54442334,0.6872433,-0.74604326,-0.6658755,0.005411148
1356875103216,0.46302328,-0.510706,0.7244231,-0.4778878,0.544497,0.68930864,-0.74648017,-0.6653589,0.008054614
1356875103256,0.46424255,-0.51165295,0.722973,-0.4735358,0.5464281,0.69078225,-0.74849355,-0.66304415,0.011389136
1356875103296,0.46347785,-0.5129856,0.7225192,-0.46842295,0.55030155,0.6911933,-0.7521756,-0.6587973,0.014758348
1356875103337,0.46044078,-0.51461387,0.7233028,-0.46311432,0.55588007,0.6903061,-0.7573107,-0.65281695,0.017624795
1356875103376,0.45544514,-0.5164818,0.7251319,-0.45773354,0.56275386,0.68832266,-0.7635769,-0.6454104,0.019892454
1356875103432,0.44935676,-0.5186567,0.72737455,-0.4519971,0.57030636,0.68589306,-0.7705693,-0.63698184,0.021839738
1356875103458,0.44341776,-0.52133775,0.7291006,-0.44556153,0.57760763,0.68399143,-0.7777246,-0.6281531,0.023833454
1356875103497,0.43877903,-0.5248727,0.72937065,-0.43823874,0.5836158,0.68362224,-0.78448695,-0.61959755,0.026058793
1356875103539,0.43614534,-0.529738,0.7274304,-0.42988914,0.58750576,0.685589,-0.7905521,-0.6117309,0.02850926
1356875103578,0.4360204,-0.5365535,0.7224933,-0.4204839,0.5883415,0.6906863,-0.7956629,-0.60495013,0.03091675
1356875103618,0.43770656,-0.54501575,0.71510196,-0.41007692,0.58678734,0.69822454,-0.80015624,-0.5988642,0.0333423
1356875103657,0.44077826,-0.55557287,0.70502007,-0.39811474,0.582956,0.70828456,-0.8044994,-0.5928753,0.03577262
1356875103696,0.43743044,-0.5575576,0.7055383,-0.3928385,0.58727825,0.7076596,-0.8089082,-0.5867144,0.037863314
1356875103736,0.44705886,-0.57999915,0.68098414,-0.3732397,0.57090545,0.7312723,-0.81291485,-0.58109206,0.038749635
1356875103776,0.45341095,-0.597004,0.6618192,-0.36027974,0.55640495,0.7487403,-0.8152404,-0.5779271,0.03719163
1356875103816,0.4595095,-0.60911626,0.6463965,-0.3551811,0.5410321,0.7623193,-0.81406236,-0.57988083,0.032262802
1356875103856,0.46819624,-0.6158724,0.6336351,-0.35802156,0.5233704,0.7732426,-0.8078446,-0.58888435,0.024544477
1356875103896,0.48113734,-0.6170448,0.6227058,-0.36588144,0.50415844,0.78227556,-0.79664147,-0.6042185,0.016804218
1356875103936,0.49838218,-0.61323494,0.612828,-0.37369117,0.4858826,0.7901096,-0.7822852,-0.6227849,0.012994736
1356875103976,0.5188554,-0.60578823,0.6031664,-0.37647378,0.4715429,0.79744273,-0.7675002,-0.6408338,0.016599208
1356875104016,0.5414177,-0.5961856,0.5928149,-0.37096143,0.46335697,0.8047906,-0.75448954,-0.6556394,0.02970782
1356875104056,0.565228,-0.585788,0.58083534,-0.35535836,0.46252292,0.8122764,-0.74447143,-0.6655261,0.053266227
1356875104096,0.58962697,-0.57583845,0.5663481,-0.3285603,0.46955675,0.8194905,-0.7378267,-0.6692732,0.08766568
1356875104136,0.6138567,-0.56754446,0.54870147,-0.28992492,0.48441383,0.825401,-0.73425037,-0.6657601,0.13281539
1356875104176,0.63680315,-0.5620815,0.5277748,-0.23973525,0.50623643,0.8284032,-0.73280895,-0.6540559,0.18762216
1356875104216,0.65686834,-0.5604455,0.5044055,-0.17974114,0.5332942,0.82661384,-0.73226845,-0.6336388,0.24956894
1356875104256,0.6721879,-0.5631221,0.48068374,-0.11293854,0.56365323,0.8182542,-0.731716,-0.6043083,0.3152827
1356875104296,0.68152165,-0.5696329,0.45939818,-0.04389158,0.5948182,0.8026611,-0.73048055,-0.56719464,0.38037938
1356875104336,0.6854389,-0.5783766,0.44232804,0.019586325,0.6219108,0.7828431,-0.7278667,-0.5279275,0.43761015
1356875104376,0.68608797,-0.58739924,0.42923826,0.06852761,0.6395582,0.7656822,-0.724284,-0.49591073,0.47904623
1356875104432,0.6853198,-0.5956834,0.4189249,0.097730756,0.6452807,0.7576684,-0.72165465,-0.47830328,0.50044024
1356875104457,0.6837766,-0.60334545,0.4103946,0.10705386,0.63928413,0.76148236,-0.7217956,-0.47674954,0.50171804
1356875104497,0.6817502,-0.6108438,0.40259972,0.09869999,0.6220771,0.7767099,-0.72489655,-0.48978552,0.48439145
1356875104538,0.6797108,-0.6185032,0.39426774,0.07559958,0.59374297,0.8010955,-0.7295738,-0.51470685,0.4503321
1356875104595,0.67783517,-0.62648445,0.3847814,0.04157877,0.55518687,0.8306857,-0.7340373,-0.54706925,0.4023736
1356875104616,0.6754924,-0.6347972,0.37515652,5.8606267E-4,0.5092406,0.8606239,-0.7373667,-0.5811251,0.34436023
1356875104656,0.67126465,-0.64340305,0.36801663,-0.043181896,0.46171355,0.8859774,-0.7399589,-0.61061704,0.28214863
1356875104693,0.6634072,-0.65217453,0.36682332,-0.08649081,0.4201139,0.9033403,-0.7432431,-0.6310093,0.22229946
1356875104736,0.65024036,-0.66096336,0.37458634,-0.12785918,0.39081383,0.9115463,-0.7488922,-0.6406185,0.1696127
1356875104776,0.6313818,-0.66923845,0.39176136,-0.16604856,0.376799,0.9112905,-0.7574859,-0.64042366,0.12677795
1356875104817,0.60733694,-0.6763935,0.4166938,-0.19986041,0.3775552,0.9041614,-0.76889384,-0.6324112,0.09411892
1356875104856,0.57994515,-0.681587,0.4462093,-0.22858667,0.3895757,0.8921765,-0.7819282,-0.619411,0.070130825
1356875104896,0.5530007,-0.68382335,0.4759999,-0.25262177,0.40679732,0.87789416,-0.79396003,-0.605724,0.05221051
1356875104936,0.5312866,-0.68235373,0.5021235,-0.2731098,0.4231028,0.8639416,-0.80196357,-0.59613544,0.038431346
1356875104976,0.5182276,-0.67669594,0.52299404,-0.29089472,0.43558863,0.8518467,-0.80425155,-0.5935867,0.028886735
1356875105026,0.5175761,-0.6662605,0.5368537,-0.30374932,0.44349322,0.8432379,-0.7999071,-0.59950876,0.027165353
1356875105066,0.520179,-0.65161353,0.55209935,-0.31323445,0.45583707,0.83312476,-0.7945427,-0.6063105,0.033009052
1356875105106,0.5265466,-0.6361662,0.5639514,-0.3143897,0.47062212,0.8244234,-0.78987837,-0.6113978,0.047800362
1356875105146,0.53654635,-0.6206104,0.57180476,-0.30630141,0.4881589,0.8172394,-0.7863189,-0.6136315,0.07182607
1356875105186,0.55098057,-0.60578024,0.57397795,-0.28798705,0.5075197,0.81208813,-0.7832521,-0.612743,0.10517666
1356875105226,0.5708327,-0.59290963,0.5679861,-0.25792193,0.52726114,0.8096123,-0.7795039,-0.60864925,0.1480535
1356875105266,0.59600294,-0.58371633,0.5514124,-0.21455522,0.5459731,0.80986375,-0.7737871,-0.60098964,0.20016223
1356875105306,0.62411034,-0.5800081,0.52352357,-0.15811485,0.5624188,0.81159395,-0.7651706,-0.58930105,0.25930354
1356875105346,0.6508301,-0.5827602,0.48663205,-0.093766764,0.5743557,0.8132179,-0.7534109,-0.5748966,0.31916445
1356875105386,0.67211616,-0.5913411,0.44561824,-0.031998873,0.5780651,0.815363,-0.73975396,-0.562278,0.36960465
1356875105433,0.6866636,-0.60360456,0.40515995,0.0152643025,0.5691712,0.82207733,-0.726815,-0.55830616,0.40004277
1356875105465,0.69435036,-0.6186061,0.36770108,0.05119437,0.55211973,0.83219165,-0.71781385,-0.5590083,0.4150337
1356875105506,0.6964712,-0.6317413,0.34033918,0.0649893,0.5278665,0.8468373,-0.7146357,-0.5676794,0.40870023
1356875105546,0.6951765,-0.64214754,0.3230731,0.05983314,0.49956787,0.86420596,-0.71634465,-0.5814452,0.38570952
1356875105586,0.69111496,-0.64939594,0.31724593,0.038637847,0.4715156,0.8810109,-0.7217113,-0.5966221,0.35096276
1356875105626,0.6835156,-0.653667,0.32484746,0.0039556324,0.44834614,0.8938513,-0.72992516,-0.60967624,0.30903727
1356875105666,0.6706169,-0.6555623,0.34714693,-0.041112334,0.43441147,0.89977574,-0.7406637,-0.61767685,0.264372
1356875105706,0.6503153,-0.6559836,0.383113,-0.0922094,0.43242672,0.8969417,-0.7540474,-0.6186215,0.22072583
1356875105746,0.62197435,-0.65577924,0.4279036,-0.14337376,0.4418529,0.8855563,-0.7697999,-0.61214346,0.18079963
1356875105786,0.5875568,-0.65564996,0.47423643,-0.18897425,0.4586811,0.8682744,-0.78680736,-0.59977895,0.14560026
1356875105826,0.55138874,-0.6558051,0.5156453,-0.22645411,0.47723007,0.8490996,-0.8029253,-0.58495396,0.11462951
1356875105866,0.5186985,-0.6558509,0.54846287,-0.2573002,0.4920196,0.8316931,-0.8153211,-0.5725176,0.08645925
1356875105906,0.49446166,-0.6546923,0.5717392,-0.28508925,0.49923408,0.81822336,-0.8211162,-0.56757677,0.060206383
1356875105946,0.48178387,-0.6508985,0.5866988,-0.3118809,0.49831772,0.808956,-0.8189106,-0.5727221,0.03707865
1356875105986,0.48056296,-0.64347005,0.5958234,-0.33628443,0.49226555,0.80286205,-0.809921,-0.5861919,0.020175636
1356875106026,0.48807397,-0.6323795,0.60156465,-0.3547864,0.48597452,0.7987211,-0.79743993,-0.60326195,0.012831867
1356875106066,0.50122076,-0.6185131,0.6051606,-0.36435992,0.48347604,0.7959226,-0.7848692,-0.6194292,0.01696685
1356875106106,0.5182302,-0.60306776,0.60642123,-0.36326793,0.4867053,0.79445225,-0.77425694,-0.63200253,0.033150196
1356875106146,0.5388876,-0.5870937,0.604087,-0.35023046,0.49605072,0.79452646,-0.76611924,-0.6397302,0.061697483
1356875106186,0.56407744,-0.5713836,0.5961019,-0.3237305,0.51108783,0.79623353,-0.7596152,-0.6421138,0.10331884
1356875106226,0.59479564,-0.55659425,0.58001804,-0.28179076,0.5313812,0.79889166,-0.75286925,-0.638621,0.15922007
1356875106266,0.6296538,-0.5440638,0.55455434,-0.22416165,0.55622923,0.80022526,-0.74383295,-0.6281748,0.22827366
1356875106306,0.66385233,-0.53586173,0.52168214,-0.15568212,0.5832627,0.797225,-0.7314801,-0.6104562,0.30377623
1356875106346,0.69159365,-0.5335283,0.48687345,-0.08786295,0.60692286,0.7898891,-0.7169228,-0.5890604,0.37286663
1356875106386,0.70953023,-0.53681666,0.45650274,-0.033608913,0.6213035,0.78284895,-0.7038731,-0.57079756,0.42279178
1356875106430,0.7174946,-0.5439731,0.4350801,-7.03305E-4,0.62404287,0.78138983,-0.69656366,-0.56094897,0.44736484
1356875106467,0.71744335,-0.55273974,0.42397386,0.009849966,0.61660683,0.78720963,-0.6965472,-0.5606022,0.44782495
1356875106507,0.7111293,-0.5614734,0.42313436,-4.6902895E-4,0.60146666,0.79889774,-0.7030611,-0.5683181,0.4274572
1356875106547,0.6997015,-0.5692657,0.43168783,-0.027723998,0.5821462,0.81261134,-0.7138972,-0.58055353,0.39154625
1356875106587,0.68329453,-0.575829,0.44892037,-0.067353964,0.5625069,0.8240445,-0.72702956,-0.5933017,0.34557354
1356875106626,0.6614325,-0.5811753,0.47406995,-0.11446361,0.546462,0.8296248,-0.7412187,-0.6030046,0.29492432
1356875106666,0.6336568,-0.58539605,0.5057572,-0.16393028,0.537308,0.827301,-0.7560462,-0.60713387,0.24450475
1356875106706,0.60035086,-0.58852327,0.54149723,-0.21097669,0.53655934,0.81706357,-0.7714063,-0.60476804,0.19795918
1356875106746,0.5633583,-0.5904869,0.57788634,-0.25209314,0.5432377,0.8008383,-0.7868141,-0.5968401,0.1571798
1356875106786,0.5255374,-0.5912256,0.6117702,-0.2859316,0.55450785,0.7815141,-0.80128247,-0.5856393,0.12236452
1356875106826,0.4899093,-0.5907051,0.64113677,-0.31366438,0.5667483,0.7618471,-0.81339014,-0.5743378,0.09237212
1356875106866,0.45939887,-0.5888988,0.66494435,-0.33840427,0.5761146,0.74402595,-0.8212401,-0.5668247,0.06538051
1356875106906,0.43729115,-0.58536583,0.6827323,-0.36329073,0.5794855,0.72953176,-0.82267636,-0.5670481,0.040745914
1356875106946,0.42594805,-0.579413,0.6948732,-0.38860255,0.57641256,0.71884394,-0.81704116,-0.5762197,0.02036041
1356875106986,0.4251586,-0.57060784,0.70260006,-0.41111243,0.5698179,0.7115435,-0.8063664,-0.59136647,0.0076789856
1356875107026,0.432495,-0.55918896,0.7072876,-0.42661023,0.5641712,0.7069049,-0.7943247,-0.60746896,0.0054454803
1356875107066,0.44550833,-0.5459663,0.70953727,-0.43246642,0.5626973,0.7045172,-0.7838974,-0.62071925,0.01457423
1356875107106,0.46326074,-0.5318503,0.70888984,-0.42756537,0.5665164,0.7044481,-0.7762586,-0.62943983,0.035044074
1356875107146,0.48632324,-0.5176269,0.7039546,-0.41115755,0.5753134,0.70708126,-0.7709987,-0.6333063,0.06696206
1356875107186,0.5161791,-0.5039155,0.692552,-0.3820262,0.58824706,0.71275616,-0.76656055,-0.6324829,0.11113194
1356875107226,0.5538885,-0.49134022,0.67215496,-0.33869058,0.60452324,0.7209996,-0.7605894,-0.62700593,0.16842616
1356875107266,0.59769535,-0.48101652,0.6413918,-0.28173906,0.62297106,0.72974664,-0.7505887,-0.6168713,0.23682576
1356875107306,0.64199996,-0.47451466,0.6022224,-0.21710283,0.6408099,0.736362,-0.7353247,-0.60348856,0.30838147
1356875107346,0.67927426,-0.47350794,0.560693,-0.15605544,0.65333855,0.74080735,-0.7171005,-0.5907106,0.36990258
1356875107386,0.70450115,-0.4784826,0.52414936,-0.108847484,0.6569624,0.74602455,-0.70130616,-0.5826275,0.41074914
1356875107429,0.71669185,-0.48848638,0.4977286,-0.08140567,0.6502243,0.7553684,-0.6926224,-0.5818843,0.42624497
1356875107467,0.7192767,-0.50106376,0.48122346,-0.071241975,0.63583285,0.7685318,-0.69106114,-0.58707035,0.42164305
1356875107524,0.7136717,-0.514705,0.47513318,-0.078600004,0.6151705,0.7844662,-0.6960566,-0.59719676,0.39857394
1356875107546,0.7015387,-0.52848256,0.47806862,-0.09966116,0.5914997,0.8001223,-0.70562816,-0.60896164,0.36229074
1356875107586,0.6834964,-0.5421092,0.48882544,-0.13013108,0.5684463,0.8123637,-0.71826077,-0.618859,0.3179857
1356875107623,0.65987104,-0.555557,0.50589186,-0.16516754,0.5495673,0.81895995,-0.7330006,-0.6239649,0.27088356
1356875107666,0.6309767,-0.5689626,0.52739924,-0.2002845,0.5373013,0.81926394,-0.74950284,-0.62256634,0.22507027
1356875107706,0.59840405,-0.5819502,0.5506783,-0.23182422,0.5321547,0.8142904,-0.76692253,-0.6149353,0.18353337
1356875107746,0.5641355,-0.5943738,0.5731239,-0.25814536,0.53236103,0.80619645,-0.78429085,-0.6027533,0.14688891
1356875107786,0.5306745,-0.60588384,0.59269667,-0.28003773,0.53467745,0.7973073,-0.7999772,-0.58908814,0.11406937
1356875107826,0.5009387,-0.61610985,0.6078398,-0.30011132,0.5350842,0.789695,-0.81178427,-0.5780084,0.08314288
1356875107866,0.47841492,-0.6242487,0.61760235,-0.32116473,0.53020084,0.7846912,-0.8172958,-0.57376003,0.05316931
1356875107906,0.4661286,-0.62927043,0.6218865,-0.3434024,0.51912194,0.78267944,-0.81535196,-0.57838655,0.025884569
1356875107946,0.46505603,-0.63057613,0.6213668,-0.36319166,0.5042007,0.78350085,-0.80735046,-0.59004706,0.0054615736
1356875107986,0.4736707,-0.62853825,0.6169082,-0.3752524,0.48967,0.78702533,-0.796757,-0.60428715,-0.003918171
1356875108026,0.48922345,-0.6242795,0.6090448,-0.37615216,0.47900453,0.7931357,-0.7868736,-0.6171141,-4.837811E-4
1356875108066,0.5093892,-0.61900294,0.59779423,-0.36500522,0.47367138,0.8015027,-0.7792906,-0.62647486,0.015343785
1356875108106,0.5331791,-0.61338496,0.5826482,-0.34167993,0.4739105,0.811581,-0.77393466,-0.6317972,0.043097854
1356875108146,0.5607231,-0.60759985,0.56250507,-0.30537915,0.47970474,0.8225734,-0.7696318,-0.63301325,0.08343321
1356875108186,0.5921955,-0.6017456,0.5359167,-0.25466144,0.49122798,0.83297217,-0.76449466,-0.62975967,0.13766158
1356875108226,0.6264236,-0.5965831,0.50167924,-0.18950696,0.5077344,0.8404123,-0.7560956,-0.6215258,0.20500016
1356875108266,0.6600763,-0.59393704,0.45993274,-0.114870355,0.52525884,0.8431536,-0.74236387,-0.60937834,0.27848515
1356875108306,0.6881114,-0.5963726,0.41333082,-0.041106373,0.5366819,0.8427828,-0.72443974,-0.596919,0.34478223
1356875108346,0.70636797,-0.60548717,0.3666463,0.02170664,0.53626096,0.843773,-0.7075119,-0.5880555,0.3919407
1356875108386,0.7140383,-0.62056583,0.3241101,0.068104446,0.5223165,0.85002774,-0.6967862,-0.584879,0.41521728
1356875108429,0.71333426,-0.6388917,0.28804785,0.09560537,0.49588326,0.8631103,-0.6942721,-0.58814716,0.41481203
1356875108467,0.70831585,-0.65698683,0.25818008,0.1081458,0.46242827,0.8800368,-0.6975623,-0.5954229,0.39859563
1356875108507,0.70055974,-0.6732305,0.23659377,0.10514039,0.42531547,0.8989172,-0.70580554,-0.6048696,0.36874264
1356875108546,0.6907571,-0.68746984,0.22414252,0.09007314,0.3893733,0.91666526,-0.7174548,-0.6130038,0.330885
1356875108586,0.6782457,-0.7004771,0.22206861,0.065525144,0.35864943,0.9311697,-0.7319079,-0.6170108,0.2891513
1356875108626,0.6621382,-0.7129693,0.2307547,0.03415802,0.33632162,0.9411275,-0.74860275,-0.61527437,0.24704504
1356875108666,0.64195174,-0.72521865,0.24890926,-0.0014600456,0.32347426,0.94623584,-0.76674366,-0.60780114,0.20659599
1356875108706,0.6180853,-0.736946,0.273644,-0.038959295,0.3189546,0.94696885,-0.7851449,-0.59596854,0.1684303
1356875108746,0.5921458,-0.7474425,0.3011529,-0.07641876,0.3199473,0.9443484,-0.8021991,-0.5822057,0.13233683
1356875108786,0.5673331,-0.7556144,0.3273836,-0.11277446,0.32252046,0.93982047,-0.81572974,-0.5701118,0.097762525
1356875108826,0.5482487,-0.7600366,0.34895223,-0.14746973,0.32285488,0.9348889,-0.8232108,-0.5640115,0.06492239
1356875108866,0.53874457,-0.7596849,0.36418834,-0.17879257,0.3193399,0.9306209,-0.82327855,-0.56648123,0.036216617
1356875108906,0.5394726,-0.7547979,0.3731616,-0.2030847,0.31345856,0.9276316,-0.81714505,-0.57621527,0.015814394
1356875108946,0.5476894,-0.7470969,0.37667316,-0.21634862,0.30843008,0.9263175,-0.8082263,-0.58882695,0.0072905123
1356875108986,0.5599909,-0.73867965,0.37518358,-0.21654215,0.3066106,0.9268762,-0.7996998,-0.6002853,0.011743873
1356875109026,0.5741828,-0.7310889,0.3685418,-0.20355073,0.30853432,0.929179,-0.79302025,-0.6085356,0.028341442
1356875109066,0.58961546,-0.72491837,0.35615593,-0.17760018,0.31380308,0.9327303,-0.7879161,-0.61320555,0.056277543
1356875109106,0.60649896,-0.7200862,0.33709767,-0.13798201,0.3222181,0.9365557,-0.7830198,-0.6145335,0.096066
1356875109146,0.6245916,-0.7166587,0.31029922,-0.0834859,0.33378428,0.93894523,-0.7764763,-0.6123629,0.14864793
1356875109186,0.6420664,-0.71545213,0.27546144,-0.014472783,0.34793025,0.9374087,-0.7665124,-0.60586536,0.21303974
1356875109226,0.6559464,-0.71768105,0.23381248,0.06365082,0.36125445,0.9302923,-0.75211895,-0.5953395,0.2826445
1356875109266,0.66377723,-0.7238862,0.18811858,0.1398831,0.36723393,0.91954994,-0.734733,-0.58406174,0.34502095
1356875109306,0.6648707,-0.7333959,0.14169475,0.20326906,0.3601821,0.9104672,-0.71876884,-0.57654077,0.38855124
1356875109346,0.6606683,-0.74438894,0.09696627,0.24810095,0.33843607,0.90769315,-0.70849365,-0.57562673,0.40827763
1356875109386,0.6538682,-0.7546219,0.054791987,0.27392274,0.30361027,0.9125717,-0.70528203,-0.5816929,0.40522915
1356875109429,0.64679605,-0.7625061,0.015467823,0.2820923,0.25802946,0.92403716,-0.7085752,-0.59330016,0.38198954
1356875109467,0.64024454,-0.76791084,-0.019995213,0.27903748,0.2082379,0.93743,-0.71569896,-0.6057639,0.3475991
1356875109507,0.63421416,-0.7716292,-0.0485875,0.26518294,0.15806639,0.9511535,-0.7262578,-0.6161196,0.30487084
1356875109548,0.62800616,-0.7753283,-0.06689066,0.2418808,0.112775624,0.9637298,-0.73966336,-0.6214078,0.25836083
1356875109586,0.62092733,-0.78059494,-0.07155925,0.21036085,0.0779967,0.97450745,-0.7551142,-0.62015164,0.21263692
1356875109626,0.6120268,-0.7885037,-0.060704917,0.17129993,0.057239503,0.9835547,-0.7720618,-0.6123606,0.17010275
1356875109666,0.6011781,-0.79837257,-0.034440994,0.1260156,0.052154317,0.9906564,-0.7891166,-0.5999011,0.13196139
1356875109706,0.58917886,-0.80799204,0.004141301,0.07673526,0.061055228,0.99518037,-0.8043506,-0.5860214,0.09797393
1356875109746,0.57841635,-0.81420827,0.04999447,0.025972873,0.079638004,0.99648535,-0.81532806,-0.5750849,0.06721127
1356875109786,0.5722543,-0.81421626,0.09786162,-0.023659706,0.102890775,0.99441123,-0.8197348,-0.57137144,0.039615586
1356875109836,0.57617825,-0.80485666,0.14221248,-0.06930077,0.1252622,0.9897004,-0.81438076,-0.5800993,0.016396165
1356875109876,0.5816752,-0.7894463,0.19603193,-0.113554776,0.15982762,0.9805919,-0.8054559,-0.59264636,0.003322363
1356875109916,0.5872838,-0.770662,0.24734157,-0.14792138,0.1982499,0.96892536,-0.79574937,-0.6056212,0.0024315715
1356875109956,0.59209013,-0.74923563,0.2967748,-0.172791,0.24166983,0.95485026,-0.78712934,-0.6166374,0.0136291385
1356875109996,0.5968276,-0.72499704,0.34376737,-0.18832606,0.28989705,0.9383459,-0.77995515,-0.6247711,0.03648275
1356875110036,0.60337514,-0.6973406,0.3868522,-0.1938475,0.3423006,0.9193767,-0.7735384,-0.6297193,0.071357936
1356875110076,0.61401606,-0.66606975,0.4234801,-0.18794484,0.39771566,0.89805293,-0.76659054,-0.6310098,0.11901945
1356875110116,0.6301711,-0.6323924,0.45051545,-0.16949606,0.45418745,0.87463415,-0.7577304,-0.62752974,0.1790278
1356875110156,0.6508723,-0.5992113,0.46616626,-0.14029141,0.5085271,0.8495401,-0.7461122,-0.6183413,0.24692205
1356875110196,0.67231834,-0.56994486,0.47238857,-0.107719764,0.55602074,0.82415867,-0.73238283,-0.6049825,0.31242856
1356875110236,0.6896674,-0.5465083,0.4750658,-0.08227751,0.5926641,0.80123633,-0.71943676,-0.5916738,0.3637758
1356875110276,0.6994986,-0.5283209,0.48122624,-0.07223131,0.61767113,0.78311235,-0.7109742,-0.5825456,0.3938988
1356875110316,0.7006409,-0.5133109,0.4955948,-0.080863446,0.63298345,0.7699306,-0.7089171,-0.57952034,0.401986
1356875110356,0.69293535,-0.4994048,0.52003413,-0.10739888,0.6417264,0.7593765,-0.7129559,-0.58204997,0.39103937
1356875110429,0.6717342,-0.4843925,0.5604792,-0.15624377,0.64693314,0.74636805,-0.7241277,-0.5889324,0.35888383
1356875110460,0.64520025,-0.4699409,0.6023887,-0.20557116,0.6525939,0.72928846,-0.73583764,-0.59437084,0.32444745
1356875110473,0.6090996,-0.4550295,0.64957356,-0.25797242,0.6608266,0.70481086,-0.7499652,-0.5968721,0.28512424
1356875110503,0.5711735,-0.44405037,0.6903478,-0.3018567,0.66847175,0.6797264,-0.7633108,-0.5966278,0.24777377
1356875110545,0.527614,-0.43449116,0.7299596,-0.341393,0.67839813,0.65055895,-0.7778653,-0.59244704,0.20960009
1356875110586,0.48477328,-0.43185988,0.7605865,-0.37095276,0.68599683,0.62594116,-0.79207885,-0.5855812,0.17235333
1356875110626,0.4459686,-0.4364548,0.78142124,-0.39178696,0.6897732,0.6088643,-0.80474526,-0.577685,0.13661987
1356875110666,0.413518,-0.4477818,0.79277635,-0.40670687,0.6881722,0.60083985,-0.8146118,-0.57088566,0.102455676
1356875110706,0.39009032,-0.46489295,0.79479814,-0.41899046,0.6790169,0.6028126,-0.8199247,-0.56816417,0.0700922
1356875110746,0.37940076,-0.48638815,0.7870716,-0.43069142,0.6600474,0.6155018,-0.81887734,-0.57250684,0.04093927
1356875110786,0.3846858,-0.5102243,0.76921254,-0.4403788,0.6309352,0.6387388,-0.8112233,-0.58445865,0.018019855
1356875110826,0.40579304,-0.53363717,0.7419995,-0.44360867,0.5948077,0.6703843,-0.7990891,-0.60119474,0.004642725
1356875110866,0.43837735,-0.55418456,0.70760494,-0.43612275,0.5572328,0.7066035,-0.78588945,-0.6183616,0.002585709
1356875110906,0.47645834,-0.5709571,0.66857713,-0.41612452,0.5234263,0.7435491,-0.7744855,-0.6324816,0.011801541
1356875110946,0.51573235,-0.58470494,0.62621105,-0.38317123,0.49632615,0.77899945,-0.7662897,-0.6417012,0.031929344
1356875110986,0.55460036,-0.5969963,0.579667,-0.33596203,0.4766685,0.81235254,-0.7612804,-0.64527714,0.0637925
1356875111026,0.5928613,-0.60944647,0.5263939,-0.27158064,0.46405622,0.8431464,-0.758129,-0.6428272,0.1096071
1356875111067,0.62916744,-0.62343633,0.46419328,-0.18795106,0.4574591,0.86914074,-0.7542034,-0.63408065,0.17064288
1356875111106,0.65950257,-0.6398966,0.39444757,-0.08935684,0.454282,0.88636523,-0.74637246,-0.6198067,0.242421
1356875111146,0.6794194,-0.6588427,0.32297948,0.011705011,0.44985214,0.89302635,-0.7336569,-0.6029589,0.31335002
1356875111186,0.68729264,-0.6794592,0.2568344,0.09987202,0.43861657,0.8931075,-0.719482,-0.5881756,0.36931694
1356875111226,0.68543005,-0.70013237,0.2000005,0.16563228,0.4173932,0.89350367,-0.7090497,-0.5793077,0.40205836
1356875111266,0.6780313,-0.71916735,0.15189403,0.2074866,0.3855099,0.8990725,-0.7051403,-0.5780834,0.41060537
1356875111306,0.6687299,-0.7353022,0.11014035,0.22856602,0.34427366,0.9106225,-0.7075012,-0.58378625,0.39829117
1356875111346,0.65956545,-0.74798495,0.07410765,0.23276597,0.2970025,0.92607206,-0.71469814,-0.5935554,0.36999804
1356875111386,0.65130275,-0.75740963,0.046209276,0.2228105,0.24909818,0.94249964,-0.725369,-0.60355663,0.33099717
1356875111429,0.64376676,-0.7645669,0.03165233,0.19879714,0.20704453,0.95792085,-0.738948,-0.61038524,0.28528208
1356875111467,0.6366273,-0.77045035,0.033344984,0.16462454,0.17801847,0.9701589,-0.75339526,-0.61214024,0.24016644
1356875111507,0.6277971,-0.7765537,0.05324626,0.121338785,0.16520664,0.9787664,-0.7688613,-0.6080058,0.19794236
1356875111547,0.615806,-0.78299475,0.087762415,0.073120475,0.16770129,0.9831224,-0.78449756,-0.5989954,0.16052441
1356875111586,0.60055804,-0.7893045,0.12778279,0.026291162,0.17921893,0.98345786,-0.7991488,-0.587264,0.1283831
1356875111626,0.58415955,-0.7949059,0.16395828,-0.01430288,0.19189559,0.98131114,-0.8115128,-0.57558733,0.100728214
1356875111666,0.5704996,-0.79917467,0.18934107,-0.046817094,0.19851936,0.9789781,-0.8199624,-0.5673711,0.075840205
1356875111706,0.5642384,-0.801056,0.19986048,-0.07110706,0.19402562,0.97841597,-0.8225441,-0.5662713,0.052515984
1356875111746,0.5681751,-0.7993486,0.19549647,-0.086741865,0.1780683,0.9801874,-0.81832325,-0.5738758,0.031836987
1356875111786,0.5808772,-0.7938049,0.18015409,-0.09237668,0.15560536,0.98349047,-0.8087325,-0.58792925,0.017058551
1356875111826,0.59769046,-0.7858679,0.15867475,-0.08686659,0.13327272,0.98726517,-0.7970071,-0.6038626,0.011390179
1356875111866,0.613853,-0.77800393,0.13377026,-0.07002106,0.115124926,0.9908801,-0.7863089,-0.61762136,0.016193122
1356875111906,0.6263895,-0.77235544,0.105371684,-0.04187858,0.10163815,0.9939395,-0.77838445,-0.6270062,0.03131993
1356875111946,0.6338598,-0.77009606,0.071929395,-0.0018797815,0.09146428,0.9958066,-0.77344567,-0.63133705,0.056527928
1356875111986,0.63507706,-0.77177024,0.032369107,0.05113086,0.08381353,0.99516875,-0.7707547,-0.63035375,0.09268935
1356875112026,0.6282518,-0.7779075,-0.012639016,0.11756906,0.07886706,0.989928,-0.76907563,-0.62341,0.14100622
1356875112066,0.6116514,-0.7888594,-0.05986023,0.19490653,0.076925665,0.97780055,-0.7667424,-0.6097403,0.20080557
1356875112116,0.58425057,-0.8049302,-0.10362694,0.2819583,0.081587195,0.95595133,-0.7610196,-0.5877336,0.27462414
1356875112156,0.5500119,-0.8205637,-0.15544146,0.36396357,0.06799024,0.92892826,-0.7516764,-0.56749654,0.3360508
1356875112196,0.51814973,-0.8306044,-0.20400316,0.4255355,0.04345402,0.90389776,-0.7419167,-0.55516493,0.37596735
1356875112236,0.4921425,-0.8332836,-0.2518614,0.46581095,0.0076631308,0.88485104,-0.73540187,-0.5527926,0.391924
1356875112276,0.4735383,-0.8282887,-0.29949844,0.48758972,-0.03665504,0.87230307,-0.7334969,-0.5591013,0.3865075
1356875112316,0.46276203,-0.81632125,-0.3456456,0.494958,-0.08554301,0.86469585,-0.7354372,-0.57122844,0.36445868
1356875112356,0.45950437,-0.7994808,-0.3868929,0.49125397,-0.13413316,0.8606264,-0.73994946,-0.58552426,0.3311134
1356875112428,0.46428323,-0.7791011,-0.42123926,0.47351986,-0.18357682,0.8614397,-0.7484784,-0.5994172,0.28368822
1356875112438,0.4769826,-0.7646711,-0.43331945,0.4474665,-0.2130658,0.8685486,-0.7564795,-0.60817844,0.24053603
1356875112475,0.4896752,-0.75770426,-0.431396,0.41428638,-0.23315904,0.8797748,-0.76719296,-0.6095253,0.19973433
1356875112516,0.5051906,-0.7609741,-0.40706357,0.369757,-0.23533466,0.89883107,-0.77978337,-0.6045956,0.1624867
1356875112556,0.5210563,-0.7720608,-0.36389887,0.31626683,-0.22135338,0.9224847,-0.79276454,-0.59575564,0.12883964
1356875112596,0.5352503,-0.78659743,-0.3078501,0.25745422,-0.19519237,0.94637054,-0.8045026,-0.5858024,0.09803605
1356875112636,0.54758024,-0.7994399,-0.24708655,0.19804823,-0.16307619,0.9665314,-0.8129778,-0.57818854,0.06903038
1356875112676,0.5601501,-0.80622506,-0.19034958,0.1434251,-0.13192439,0.98082876,-0.81588054,-0.57671225,0.041735485
1356875112716,0.5750234,-0.80556333,-0.14288387,0.09803927,-0.1055395,0.9895705,-0.81224155,-0.5830344,0.018289149
1356875112756,0.5915075,-0.7993786,-0.10541704,0.06463492,-0.083311364,0.9944252,-0.8037046,-0.59502363,0.0023884773
1356875112796,0.6069899,-0.7909881,-0.07681799,0.044409722,-0.06274991,0.99704075,-0.7934677,-0.60860515,-0.0029610097
1356875112836,0.6194208,-0.78301173,-0.05666089,0.03766191,-0.042452693,0.9983883,-0.7841552,-0.6205565,0.0031936765
1356875112876,0.6280395,-0.7768595,-0.045339286,0.044386238,-0.022406712,0.99876314,-0.7769146,-0.62927514,0.020409599
1356875112916,0.63283974,-0.7730636,-0.04343456,0.064985216,-0.0028682947,0.9978822,-0.7715509,-0.6343221,0.04842253
1356875112956,0.63386124,-0.7717556,-0.051119715,0.10042915,0.01659073,0.9948058,-0.7668989,-0.6357027,0.08802301
1356875112996,0.63058656,-0.773183,-0.06744254,0.15128466,0.037221625,0.98778915,-0.76123154,-0.63308954,0.14044225
1356875113036,0.62209356,-0.77777314,-0.08982468,0.21519667,0.059548885,0.9747535,-0.7527881,-0.6257179,0.20441917
1356875113076,0.6086133,-0.7850789,-0.11506912,0.28475603,0.080747426,0.95519304,-0.7406105,-0.6141099,0.27269995
1356875113116,0.59232676,-0.7932051,-0.14133164,0.34915966,0.09462482,0.9322734,-0.7261106,-0.60155773,0.33300406
1356875113156,0.5759939,-0.7999707,-0.16816068,0.399368,0.09589222,0.911762,-0.71325755,-0.59232736,0.37471598
1356875113196,0.56189513,-0.8037127,-0.19575459,0.4318351,0.08315995,0.8981108,-0.70554405,-0.5891778,0.39379844
1356875113236,0.55164456,-0.8031919,-0.2248799,0.44769844,0.057650745,0.89232415,-0.7037431,-0.5929242,0.3913905
1356875113276,0.5459795,-0.7978724,-0.2555505,0.44993034,0.021931678,0.8927943,-0.7067313,-0.6024273,0.37096125
1356875113316,0.5448944,-0.78837264,-0.28558475,0.44093874,-0.020285308,0.8973079,-0.7132062,-0.6148634,0.33657074
1356875113356,0.5480547,-0.7767776,-0.31024584,0.42171904,-0.06370908,0.9044856,-0.72234964,-0.62654424,0.2926659
1356875113406,0.55499727,-0.7665091,-0.32317454,0.38800603,-0.10511333,0.9156432,-0.7358188,-0.6335732,0.23907256
1356875113433,0.56660855,-0.7621463,-0.31318974,0.34424478,-0.12637922,0.93033534,-0.7486323,-0.63494986,0.19075733
1356875113465,0.5767044,-0.76424813,-0.2886813,0.29628095,-0.13364843,0.94570386,-0.7613342,-0.6309223,0.14935648
1356875113506,0.58235633,-0.7749347,-0.2456364,0.24108535,-0.1239351,0.9625579,-0.7763626,-0.619771,0.11465108
1356875113557,0.5828512,-0.7925613,-0.17925116,0.1747481,-0.09317741,0.98019433,-0.79356635,-0.6026312,0.08419003
1356875113596,0.5811234,-0.80748034,-0.10134581,0.10603508,-0.048342764,0.99318653,-0.806878,-0.5879101,0.05752814
1356875113636,0.5782583,-0.81499505,-0.037422925,0.0480527,-0.011767164,0.9987754,-0.8144374,-0.5793484,0.032358274
1356875113676,0.57903135,-0.81525004,0.0094920695,0.0021151602,0.013144448,0.99991137,-0.8153025,-0.57896,0.009335458
1356875113716,0.58463866,-0.8102098,0.0419254,-0.031101763,0.029256403,0.999088,-0.81069744,-0.58540946,-0.008094549
1356875113756,0.59302986,-0.8026111,0.06427196,-0.051181406,0.0420859,0.9978022,-0.80355215,-0.59501606,-0.016120553
1356875113796,0.60169864,-0.7947782,0.07928607,-0.058137506,0.055422604,0.9967689,-0.7966045,-0.604364,-0.012858704
1356875113836,0.6091671,-0.78818685,0.087617815,-0.052319586,0.070299864,0.9961528,-0.7913141,-0.6114076,0.00158678
1356875113876,0.614907,-0.7835913,0.08873519,-0.03360644,0.08638224,0.9956951,-0.78788316,-0.615242,0.026783317
1356875113916,0.61896074,-0.78118575,0.08146459,-8.867681E-4,0.10302566,0.9946783,-0.7854215,-0.61573905,0.06307611
1356875113956,0.6213462,-0.7808641,0.06465453,0.047768682,0.12011431,0.9916102,-0.78207874,-0.6130448,0.11193341
1356875113996,0.6212717,-0.7826712,0.03804311,0.11265007,0.13725415,0.9841094,-0.7754556,-0.60711384,0.17344007
1356875114036,0.6174395,-0.786612,0.0031742454,0.18932682,0.15252353,0.9699959,-0.7634945,-0.5983129,0.24310076
1356875114076,0.6093271,-0.7920103,-0.037950307,0.2677857,0.16049752,0.9500165,-0.74633193,-0.58903325,0.30988455
1356875114116,0.5974544,-0.7975608,-0.08333638,0.336936,0.15536878,0.9286198,-0.7276828,-0.5828871,0.36155266
1356875114156,0.582922,-0.80186856,-0.13118196,0.39007124,0.13454479,0.9109018,-0.71277374,-0.582155,0.39121503
1356875114196,0.5672498,-0.8033595,-0.18122157,0.4263349,0.098187864,0.89922065,-0.7046037,-0.58734375,0.3981972
1356875114236,0.5516288,-0.8004478,-0.23449738,0.4486914,0.047777712,0.8924088,-0.70312285,-0.5974954,0.38550955
1356875114276,0.5367239,-0.7920358,-0.29087237,0.46057394,-0.01382786,0.88751364,-0.70696473,-0.61031806,0.3573693
1356875114316,0.5234678,-0.7783025,-0.34673727,0.4635964,-0.0812698,0.8823115,-0.7148845,-0.62260777,0.3182761
1356875114356,0.51417804,-0.7619308,-0.3938049,0.45644662,-0.1456398,0.87775016,-0.7261387,-0.63107073,0.27289605
1356875114428,0.5133172,-0.74999595,-0.41714686,0.4284174,-0.19723165,0.88179255,-0.74361545,-0.6313523,0.22006893
1356875114443,0.53012884,-0.7538072,-0.38824993,0.37256548,-0.20423838,0.9052522,-0.76168126,-0.6245488,0.1725699
1356875114486,0.5540175,-0.77353007,-0.30775943,0.29026192,-0.16700065,0.94226253,-0.7802645,-0.6113608,0.13200504
1356875114526,0.5728276,-0.79860353,-0.18466443,0.18806526,-0.09122959,0.97791034,-0.79780954,-0.59490293,0.09793078
1356875114566,0.5767235,-0.81474876,-0.05978608,0.09025702,-0.009188354,0.99587613,-0.8119382,-0.5797413,0.06823766
1356875114606,0.57261926,-0.819474,0.023867488,0.020396918,0.043344602,0.9988519,-0.8195677,-0.571475,0.041534707
1356875114646,0.5733924,-0.81755525,0.053146213,-0.01523304,0.054219455,0.9984128,-0.81913924,-0.57329184,0.018635184
1356875114686,0.5831431,-0.811259,0.04246208,-0.022635043,0.03602323,0.99909455,-0.81205404,-0.58357614,0.0026437938
1356875114726,0.5975866,-0.8017044,0.0126642585,-0.010066062,0.008292094,0.99991494,-0.80174124,-0.5976632,-0.0031147897
1356875114766,0.6109898,-0.7913052,-0.022966862,0.016331702,-0.01640606,0.999732,-0.79147,-0.61120117,0.0028994083
1356875114806,0.61983114,-0.7823364,-0.061310947,0.054121196,-0.035325885,0.99790925,-0.78286666,-0.6218534,0.02044493
1356875114846,0.62232995,-0.7757087,-0.104792506,0.1039592,-0.050781712,0.9932843,-0.77582085,-0.6290447,0.049039096
1356875114886,0.6169248,-0.7712738,-0.15665397,0.1679601,-0.065436065,0.9836196,-0.76889086,-0.6331309,0.08917413
1356875114926,0.60138476,-0.76888764,-0.2171362,0.24712846,-0.079431415,0.96572167,-0.75977886,-0.6344308,0.14224517
1356875114966,0.5736694,-0.7695739,-0.28046286,0.3374754,-0.08992338,0.9370295,-0.7463336,-0.6321945,0.20812592
1356875115006,0.5347147,-0.77444655,-0.33810174,0.4290275,-0.095901966,0.8981861,-0.72802174,-0.6253282,0.28097868
1356875115046,0.4886858,-0.78175724,-0.38735238,0.51072943,-0.103624105,0.8534738,-0.70734835,-0.61491275,0.3486268
1356875115086,0.43955362,-0.78694355,-0.43302712,0.5754355,-0.12346083,0.80847466,-0.6896858,-0.60454714,0.39856762
1356875115126,0.38934958,-0.7849908,-0.48186764,0.62151945,-0.16220087,0.7664232,-0.67979443,-0.5978967,0.42473418
1356875115166,0.33790982,-0.7707809,-0.54010516,0.6517978,-0.22232825,0.72507226,-0.6789525,-0.5970484,0.42726645
1356875115206,0.28442293,-0.7394745,-0.6101485,0.67021424,-0.30170465,0.6780762,-0.6855046,-0.6017906,0.4097945
1356875115246,0.23009431,-0.6884778,-0.6877899,0.6790033,-0.39271694,0.6202645,-0.6971451,-0.6097309,0.3771167
1356875115286,0.18043363,-0.621227,-0.762575,0.67848,-0.48270553,0.553769,-0.71211547,-0.6173104,0.33439392
1356875115326,0.1445911,-0.5494905,-0.82289344,0.6686781,-0.5587378,0.4905933,-0.729358,-0.62118626,0.28664368
1356875115366,0.13162673,-0.4904759,-0.86145675,0.6503743,-0.61310995,0.44845232,-0.7481228,-0.6192976,0.23829126
1356875115430,0.1464439,-0.4596792,-0.8759276,0.6241264,-0.6440518,0.44233873,-0.7674766,-0.61146736,0.19258043
1356875115447,0.18785572,-0.46485296,-0.8652294,0.58908117,-0.6515659,0.47795945,-0.78593487,-0.5994777,0.15143573
1356875115487,0.24718422,-0.5014755,-0.8291093,0.5435532,-0.6365914,0.5470844,-0.8021532,-0.5858957,0.11522329
1356875115527,0.31156677,-0.5546225,-0.77156985,0.48867506,-0.6028589,0.6306804,-0.81493735,-0.573546,0.08319941
1356875115567,0.3686921,-0.6040125,-0.7065657,0.43260968,-0.5612834,0.7055564,-0.8227485,-0.5658002,0.054360867
1356875115606,0.41389358,-0.6362909,-0.6510191,0.3868978,-0.52439004,0.7585018,-0.82401586,-0.56581694,0.02913794
1356875115646,0.4488321,-0.6510477,-0.6121166,0.3578329,-0.496732,0.79070413,-0.81884396,-0.57392883,0.01001698
1356875115686,0.475388,-0.6559773,-0.58625937,0.3441432,-0.47462142,0.81012344,-0.8096738,-0.5868801,1.20818615E-4
1356875115726,0.4933079,-0.6581955,-0.56870556,0.34228477,-0.4541682,0.8225403,-0.79968023,-0.6004249,0.0012455285
1356875115766,0.5015633,-0.66086566,-0.55829275,0.35042486,-0.4348279,0.8295344,-0.790972,-0.61170375,0.0134899635
1356875115806,0.49943042,-0.66466963,-0.5556829,0.36873507,-0.41732723,0.83058566,-0.78396666,-0.61971956,0.03666109
1356875115846,0.48655242,-0.6699578,-0.5607345,0.3980176,-0.40137064,0.8249142,-0.7777202,-0.6245462,0.071367204
1356875115886,0.46293455,-0.6780805,-0.57087517,0.43816215,-0.38479513,0.8123711,-0.77052295,-0.6262105,0.11897421
1356875115926,0.42933685,-0.6910168,-0.5815202,0.4871477,-0.3649987,0.7933872,-0.7604979,-0.6239165,0.17991978
1356875115966,0.38827038,-0.70848536,-0.58931714,0.5408312,-0.34259582,0.768199,-0.7461553,-0.61699003,0.25015116
1356875116006,0.344267,-0.72551996,-0.5959034,0.5931348,-0.32393324,0.7370604,-0.7277851,-0.6071967,0.31881177
1356875116046,0.30239302,-0.7358485,-0.60587585,0.63711375,-0.3167466,0.702679,-0.70897436,-0.5984971,0.37303716
1356875116086,0.2666462,-0.7361634,-0.6220637,0.667964,-0.3241269,0.66989994,-0.6947834,-0.59414244,0.4053034
1356875116126,0.23974854,-0.7259286,-0.6446303,0.6848957,-0.34413087,0.64225525,-0.68806875,-0.5954843,0.41468054
1356875116166,0.2235462,-0.70637923,-0.67160666,0.68983024,-0.37213057,0.6210097,-0.68859375,-0.60211897,0.40409338
1356875116206,0.21945566,-0.68074954,-0.69887,0.68493295,-0.40261966,0.6072596,-0.6947705,-0.6119457,0.3779106
1356875116253,0.22878903,-0.647792,-0.72665066,0.6676897,-0.43877816,0.60138535,-0.7084109,-0.62276757,0.33213633
1356875116283,0.26084656,-0.63280326,-0.7290536,0.6411554,-0.45102847,0.6208809,-0.7217194,-0.6293914,0.28807598
1356875116326,0.2972595,-0.62683016,-0.7202227,0.60515267,-0.45977467,0.64992124,-0.7385304,-0.62903994,0.24265552
1356875116366,0.34776247,-0.64218336,-0.6831265,0.5524294,-0.4483537,0.7027095,-0.75755066,-0.62175506,0.19884041
1356875116425,0.40551275,-0.6771575,-0.6140171,0.48098406,-0.41314417,0.77328277,-0.7773119,-0.60890853,0.15816677
1356875116447,0.46128845,-0.7242917,-0.5124593,0.3918712,-0.35187602,0.8500706,-0.7960212,-0.5929458,0.12151277
