1356875350156,0.015006723,0.09373103,-0.9954845,0.35199845,0.9313689,0.09300046,0.9358803,-0.3518046,-0.019016385
1356875350197,-0.34129834,-0.8919312,-0.29660445,0.08739036,0.28407466,-0.9548112,0.9358837,-0.35179582,-0.01900804
1356875350243,-0.34120154,-0.8918958,-0.29682237,0.08752632,0.28425473,-0.9547452,0.93590635,-0.35174024,-0.018923819
1356875350290,-0.34074998,-0.891744,-0.29779533,0.08822462,0.28502417,-0.95445144,0.93600535,-0.35150215,-0.018448234
1356875350328,-0.34004474,-0.8916688,-0.29882503,0.08922508,0.2857362,-0.9541455,0.9361669,-0.3511148,-0.017603874
1356875350368,-0.3389364,-0.89121735,-0.30141935,0.09104857,0.28780705,-0.95335054,0.93639314,-0.350569,-0.016404152
1356875350412,-0.3381977,-0.89260536,-0.29812425,0.0909735,0.28429776,-0.95441014,0.9366676,-0.34990066,-0.014945447
1356875350449,-0.33745366,-0.89425755,-0.2939872,0.090738565,0.2799511,-0.95571643,0.9369586,-0.349186,-0.013326824
1356875350489,-0.33707553,-0.89664453,-0.28706902,0.08939767,0.27305287,-0.95783615,0.9372236,-0.34852645,-0.011881471
1356875350530,-0.3371088,-0.8995161,-0.2779001,0.086656064,0.26427895,-0.9605453,0.9374691,-0.34789,-0.011142254
1356875350576,-0.33724582,-0.9024879,-0.26791948,0.08200139,0.25534928,-0.9633652,0.9378385,-0.34686068,-0.012110233
1356875350620,-0.33706623,-0.90542364,-0.25805873,0.07616249,0.24697721,-0.96602356,0.9383952,-0.34526828,-0.014288366
1356875350667,-0.33560646,-0.9075252,-0.25252005,0.0707719,0.24301869,-0.96743643,0.93934,-0.34254918,-0.017331421
1356875350716,-0.3326885,-0.90890455,-0.2514178,0.06722751,0.24306774,-0.9676769,0.94063747,-0.33883718,-0.019762456
1356875350769,-0.32856256,-0.909706,-0.25393236,0.06621954,0.24600917,-0.96700287,0.942158,-0.33453622,-0.020589113
1356875350809,-0.3248117,-0.91040325,-0.25624847,0.06603256,0.24844843,-0.9663918,0.9434707,-0.33081615,-0.020582736
1356875350850,-0.3213839,-0.9109775,-0.2585196,0.066640645,0.25056785,-0.96580267,0.94460124,-0.32762134,-0.019820333
1356875350886,-0.31877983,-0.9117628,-0.25897485,0.06703329,0.25085825,-0.96570003,0.9454554,-0.32520565,-0.018850029
1356875350929,-0.3172413,-0.9127891,-0.25724304,0.06722149,0.24892849,-0.9661863,0.94595945,-0.32380643,-0.017611325
1356875350966,-0.31669784,-0.9142517,-0.25267825,0.06700966,0.2441597,-0.967417,0.9461565,-0.3233107,-0.016061187
1356875351008,-0.31692165,-0.9159683,-0.246095,0.06710529,0.23716497,-0.9691489,0.9460748,-0.32365856,-0.0136963725
1356875351076,-0.3175009,-0.91796684,-0.23776066,0.0679816,0.2280541,-0.97127235,0.94581807,-0.32454315,-0.010002494
1356875351093,-0.31804305,-0.92018616,-0.22826764,0.06883386,0.217722,-0.97358054,0.94557416,-0.3253531,-0.005905032
1356875351134,-0.31815726,-0.9221051,-0.22022319,0.0701299,0.20876569,-0.9754479,0.94544053,-0.32579002,-0.001753211
1356875351177,-0.31760955,-0.92361295,-0.21462363,0.071465045,0.2023834,-0.9766953,0.94552463,-0.32554582,0.0017271042
1356875351218,-0.31625515,-0.92460394,-0.21234491,0.072432905,0.199646,-0.9771873,0.94590497,-0.32442126,0.0038326383
1356875351277,-0.31417072,-0.92502475,-0.21360272,0.0727739,0.2008676,-0.97691154,0.9465732,-0.3224617,0.0042108893
1356875351298,-0.31163454,-0.9248959,-0.21783352,0.07248357,0.20544267,-0.97598124,0.94743335,-0.3199389,0.0030168295
1356875351348,-0.30825418,-0.9241967,-0.22547671,0.071475774,0.213848,-0.9742485,0.9486151,-0.31643224,1.3810396E-4
1356875351384,-0.30414766,-0.9229007,-0.23611137,0.07126942,0.22511446,-0.97172225,0.9499551,-0.3123746,-0.0026934743
1356875351428,-0.29843432,-0.9210347,-0.25026408,0.07234454,0.23962927,-0.96816534,0.9516845,-0.30703896,-0.004881799
1356875351474,-0.2902859,-0.91831195,-0.26914153,0.07556799,0.25837588,-0.9630842,0.9539515,-0.29990825,-0.005607903
1356875351516,-0.2808029,-0.91499376,-0.28971756,0.081851274,0.27793264,-0.95710707,0.9562689,-0.29247215,-0.0031508803
1356875351559,-0.27516568,-0.9133568,-0.3001052,0.08911911,0.28657877,-0.9539027,0.9572573,-0.28922644,0.002540946
1356875351607,-0.2792201,-0.9159632,-0.28818,0.09583184,0.2720362,-0.9575033,0.95543313,-0.29497096,0.0118204355
1356875351646,-0.2918977,-0.9218729,-0.25484502,0.0968706,0.23658377,-0.96676993,0.9515313,-0.30688497,0.020244122
1356875351687,-0.3118273,-0.9284502,-0.20185113,0.08842802,0.18316299,-0.97909737,0.9460149,-0.3231586,0.02498585
1356875351726,-0.33488756,-0.9326155,-0.13445678,0.06817028,0.11834198,-0.99063015,0.93978894,-0.34091568,0.02394545
1356875351778,-0.35843468,-0.9320911,-0.052257717,0.030186564,0.044376016,-0.99855876,0.93306667,-0.35949552,0.012230754
1356875351827,-0.37317246,-0.9271389,0.03399554,-0.020091146,-0.028558135,-0.99939024,0.9275445,-0.37362793,-0.007970154
1356875351870,-0.37541276,-0.9192893,0.11820477,-0.07713354,-0.09610343,-0.99237823,0.9236426,-0.38166904,-0.034829557
1356875351916,-0.36409044,-0.91206634,0.18860826,-0.1374068,-0.14768928,-0.97944236,0.9211718,-0.38252166,-0.07155186
1356875351966,-0.3408808,-0.9061724,0.25030357,-0.19891798,-0.19069809,-0.96128345,0.9188209,-0.377473,-0.11524868
1356875352000,-0.3114997,-0.90569276,0.28755605,-0.2547955,-0.21192253,-0.94348717,0.91544914,-0.36716402,-0.1647526
1356875352073,-0.28453618,-0.91553116,0.2843267,-0.3020191,-0.19587588,-0.9329614,0.9098481,-0.35133344,-0.22077411
1356875352083,-0.26560485,-0.9313266,0.24916789,-0.34387466,-0.14993227,-0.92696846,0.90066874,-0.3318899,-0.28043687
1356875352128,-0.25043422,-0.9405016,0.22965047,-0.38000485,-0.12267947,-0.91681296,0.8904375,-0.31686968,-0.32667202
1356875352169,-0.23609084,-0.942896,0.23496437,-0.40612817,-0.123924136,-0.9053744,0.88279164,-0.30917624,-0.35367924
1356875352212,-0.21706271,-0.9367033,0.27471945,-0.42114213,-0.16402876,-0.8920392,0.8806379,-0.30932435,-0.35888076
1356875352251,-0.18842721,-0.9164183,0.35309002,-0.42852664,-0.24677706,-0.86917543,0.8836628,-0.31508482,-0.34621012
1356875352292,-0.13121355,-0.8516834,0.5073642,-0.43459225,-0.41057265,-0.80159825,0.89101774,-0.3256771,-0.31626225
1356875352330,-0.018599153,-0.66243047,0.7488924,-0.4361164,-0.66863513,-0.6022703,0.899698,-0.337806,-0.27646074
1356875352372,0.17020142,-0.1921711,0.9664894,-0.381523,-0.9171559,-0.115174666,0.90855473,-0.34913504,-0.22941893
1356875352410,0.3023718,0.31684723,0.8989878,-0.26273087,-0.87889755,0.3981352,0.91626626,-0.35657668,-0.18250829
1356875352453,0.3454185,0.61731786,0.70682716,-0.16707312,-0.70070255,0.69361556,0.9234569,-0.3576795,-0.13889843
1356875352489,0.35110372,0.76920795,0.5338964,-0.109807104,-0.53243697,0.83931714,0.92987555,-0.35331303,-0.10247616
1356875352533,0.34686682,0.8783432,0.32893232,-0.048405737,-0.33347395,0.9415158,0.93666446,-0.34250283,-0.07315418
1356875352570,0.33055112,0.94303906,0.037593424,0.035053164,-0.052072257,0.998028,0.94313693,-0.3285815,-0.050269067
1356875352613,0.26737928,0.8558335,-0.4427836,0.16578048,0.41180533,0.89606535,0.9492234,-0.3129942,-0.031772316
1356875352650,0.12483141,0.44292858,-0.887824,0.27453426,0.8444668,0.45989862,0.9534401,-0.3011479,-0.016183078
1356875352693,-3.0100346E-4,0.007452637,-0.99997216,0.29695705,0.954865,0.0070270896,0.9548908,-0.29694667,-0.002500534
1356875352731,-0.09306005,-0.31951165,-0.9430016,0.28397363,0.89925575,-0.33271337,0.9543054,-0.29874992,0.00704813
1356875352775,-0.16902502,-0.5550005,-0.8144968,0.25426507,0.77386093,-0.58007634,0.95224994,-0.30514547,0.010315359
1356875352809,-0.22258526,-0.69606256,-0.6826073,0.21855423,0.6467253,-0.73073965,0.95009995,-0.31183857,0.0081759095
1356875352856,-0.26872113,-0.80116725,-0.5347149,0.16958004,0.50711215,-0.84503245,0.94817275,-0.317755,-4.0978193E-4
1356875352891,-0.3079589,-0.89041483,-0.33514562,0.0967578,0.32112747,-0.9420802,0.9464667,-0.32255,-0.01273942
1356875352937,-0.22634661,-0.71783143,0.65839595,-0.23834378,-0.61457336,-0.75199187,0.944436,-0.3271354,-0.03198406
1356875352969,0.19917136,0.40533274,0.8922086,-0.2720586,-0.8517899,0.44770315,0.94144297,-0.33190265,-0.05937791
1356875353015,0.26013154,0.4652112,0.84611475,-0.23683207,-0.81877404,0.522991,0.9360781,-0.33643356,-0.10281202
1356875353074,0.30495042,0.43852115,0.84540194,-0.21719234,-0.83226943,0.510054,0.92727166,-0.339156,-0.15855747
1356875353088,0.3459431,0.3695991,0.862392,-0.21094196,-0.8649758,0.4553245,0.9142358,-0.33943102,-0.22126845
1356875353125,0.3907109,0.36170495,0.84647185,-0.18863893,-0.8685874,0.4582263,0.90097743,-0.33871153,-0.2711349
1356875353173,0.42565137,0.40497452,0.8092074,-0.1531858,-0.8491075,0.50552016,0.8918268,-0.3391344,-0.29938743
1356875353210,0.444942,0.4671453,0.7640693,-0.116699904,-0.8156569,0.5666436,0.88792324,-0.34129032,-0.3084042
1356875353252,0.44783992,0.5368809,0.7149814,-0.08709945,-0.7696547,0.63249135,0.8898613,-0.34552938,-0.29792008
1356875353290,0.43773103,0.5952859,0.6738147,-0.07300025,-0.72342247,0.6865355,0.89613754,-0.34970653,-0.27320844
1356875353330,0.4189052,0.6390642,0.64507,-0.07335636,-0.6842665,0.725533,0.905062,-0.35124955,-0.23976338
1356875353370,0.39371908,0.67020655,0.62913305,-0.0845193,-0.6551196,0.7507828,0.9153369,-0.3487714,-0.20128769
1356875353412,0.3642274,0.6857327,0.63016593,-0.10528514,-0.6419884,0.7594511,0.9253397,-0.34296006,-0.1616323
1356875353451,0.33084965,0.68807757,0.6458233,-0.13230577,-0.6437832,0.75368315,0.9343627,-0.33480197,-0.12195882
1356875353492,0.2930882,0.67219585,0.67989117,-0.16474903,-0.66497475,0.7284685,0.94178396,-0.32551688,-0.08415264
1356875353531,0.24996382,0.63801914,0.72831976,-0.19836889,-0.7024984,0.6834806,0.9477172,-0.31532142,-0.049036026
1356875353571,0.1997202,0.5798072,0.7898958,-0.23095725,-0.7555678,0.61300564,0.952245,-0.30486175,-0.016991407
1356875353611,0.1416592,0.4916085,0.8592169,-0.26127458,-0.81862396,0.51145923,0.95481324,-0.29694444,0.012479096
1356875353649,0.0769372,0.3702583,0.92573726,-0.28813317,-0.88061595,0.37615806,0.9544946,-0.29567617,0.03893158
1356875353691,0.01078701,0.22645931,0.9739609,-0.30838823,-0.92578536,0.21867338,0.9511994,-0.30271694,0.05985099
1356875353730,-0.047867298,0.08386764,0.9953265,-0.31998193,-0.9452419,0.06425886,0.9462136,-0.3154106,0.07208231
1356875353772,-0.09067148,-0.034930855,0.9952681,-0.32541358,-0.9434868,-0.06275949,0.94121456,-0.32956424,0.074180305
1356875353809,-0.11355829,-0.1163668,0.9866931,-0.3293915,-0.93253946,-0.14788972,0.9373397,-0.34180242,0.06756735
1356875353849,-0.11683732,-0.16255835,0.97975695,-0.33548957,-0.92206293,-0.19299352,0.93477035,-0.35124713,0.053194858
1356875353889,-0.10136545,-0.17900907,0.9786117,-0.3451414,-0.9162559,-0.20335296,0.93306077,-0.35837242,0.0310933
1356875353929,-0.06879985,-0.17909154,0.98142385,-0.35738847,-0.9140391,-0.19184878,0.9314183,-0.36394873,-0.0011194423
1356875353970,-0.020637095,-0.17896901,0.9836382,-0.37013412,-0.9125747,-0.17380485,0.928749,-0.3676649,-0.047409646
1356875354011,0.040508747,-0.18860218,0.98121774,-0.3818482,-0.9104058,-0.15922695,0.92333686,-0.3682261,-0.10889679
1356875354072,0.10818571,-0.20195639,0.973401,-0.39196128,-0.9084947,-0.14492664,0.9135985,-0.3658565,-0.17744523
1356875354092,0.17216974,-0.20302378,0.9639185,-0.39808863,-0.9094065,-0.1204379,0.9010455,-0.36298928,-0.23739374
1356875354130,0.2233293,-0.17863113,0.9582354,-0.39562845,-0.9150603,-0.07837619,0.8908435,-0.36160147,-0.27503133
1356875354170,0.25574797,-0.12872781,0.9581347,-0.38432825,-0.9229481,-0.021414474,0.88706523,-0.3627615,-0.28551584
1356875354220,0.26363325,-0.045494482,0.96354955,-0.3664137,-0.928741,0.056402117,0.892322,-0.36792722,-0.2615168
1356875354263,0.25416976,0.03700736,0.96645135,-0.3526111,-0.92694277,0.12822868,0.9005905,-0.37337333,-0.22255161
1356875354317,0.23349851,0.10391553,0.9667885,-0.34499365,-0.92073363,0.18228808,0.90909725,-0.3760999,-0.17913973
1356875354344,0.20409381,0.15717392,0.96625155,-0.3394326,-0.91443497,0.22044092,0.9182218,-0.3729679,-0.13328058
1356875354377,0.16832262,0.18662882,0.9679035,-0.3347494,-0.9127378,0.23420627,0.9271517,-0.36342734,-0.091160536
1356875354414,0.12925506,0.19299406,0.97264916,-0.32768893,-0.91745806,0.22558948,0.9359023,-0.34788498,-0.055344075
1356875354456,0.08777195,0.17124538,0.9813109,-0.31943017,-0.9282523,0.19055726,0.9435361,-0.3301859,-0.026773572
1356875354499,0.045756876,0.1251861,0.99107754,-0.309933,-0.9413791,0.13321775,0.9496567,-0.3132633,-0.0042752624
1356875354551,0.0017129183,0.054599598,0.9985069,-0.29994148,-0.9525065,0.05259879,0.9539561,-0.29958373,0.014745058
1356875354589,-0.04600513,-0.04373946,0.99798316,-0.28929713,-0.9556453,-0.05521992,0.9561332,-0.29125407,0.031310886
1356875354630,-0.089975536,-0.1399572,0.98606104,-0.2795279,-0.9467323,-0.1598813,0.9559124,-0.29001698,0.04606086
1356875354669,-0.1282813,-0.2258027,0.96569,-0.2735424,-0.92790693,-0.25330514,0.95326734,-0.29665148,0.057266355
1356875354710,-0.15855223,-0.2983412,0.94119805,-0.27164835,-0.9032865,-0.3320853,0.9492462,-0.30832773,0.062174194
1356875354749,-0.17860776,-0.3556844,0.917381,-0.27308887,-0.8778205,-0.3935146,0.94526285,-0.3208113,0.059652038
1356875354788,-0.18743658,-0.39638194,0.89874846,-0.2773339,-0.8563841,-0.43553647,0.9423128,-0.3308889,0.050587624
1356875354830,-0.18480611,-0.41873303,0.889106,-0.28476647,-0.8430624,-0.45623884,0.94061404,-0.33750328,0.03656195
1356875354869,-0.1701392,-0.42394906,0.8895616,-0.29648435,-0.8388724,-0.45649767,0.9397604,-0.34140927,0.017030865
1356875354909,-0.14150184,-0.4149417,0.89877725,-0.3139064,-0.84225047,-0.43826568,0.9388503,-0.34414732,-0.0110728
1356875354950,-0.096055865,-0.39939392,0.9117334,-0.33685392,-0.8488793,-0.40734935,0.93664443,-0.34624922,-0.05299762
1356875354989,-0.03335619,-0.38364345,0.9228787,-0.36216176,-0.85599625,-0.36893,0.93151826,-0.34653744,-0.110388264
1356875355029,0.040737927,-0.37037793,0.9279874,-0.3856553,-0.86261654,-0.32735717,0.9217431,-0.3445474,-0.17797942
1356875355069,0.11450052,-0.34899852,0.93010193,-0.40229586,-0.87234414,-0.27780154,0.9083213,-0.34236774,-0.24028453
1356875355107,0.17642665,-0.31003165,0.93421304,-0.4078579,-0.8868158,-0.21727806,0.8958379,-0.34269255,-0.2829068
1356875355149,0.2213782,-0.24985626,0.94263643,-0.4015595,-0.90422237,-0.14536789,0.8886741,-0.34634334,-0.30050728
1356875355190,0.246584,-0.16873787,0.9543185,-0.38673246,-0.9200544,-0.062752604,0.8886137,-0.35359216,-0.2921271
1356875355239,0.24988759,-0.0637192,0.966176,-0.36736703,-0.92946476,0.033716112,0.89587814,-0.36336645,-0.25567004
1356875355284,0.23956585,0.03880465,0.9701043,-0.35122308,-0.92806345,0.12385702,0.9051246,-0.37039495,-0.20870322
1356875355320,0.22130662,0.12393224,0.9672973,-0.34047925,-0.9196549,0.19572599,0.9138365,-0.37266016,-0.16132936
1356875355362,0.19657075,0.19352973,0.96120036,-0.33135813,-0.9095356,0.25089204,0.922801,-0.3678196,-0.11466044
1356875355400,0.16649759,0.23440015,0.9577761,-0.32495582,-0.904028,0.27773574,0.93095773,-0.35747728,-0.07434878
1356875355442,0.13360465,0.25408614,0.9579092,-0.31533158,-0.90544176,0.28415006,0.93952954,-0.3400228,-0.040849835
1356875355491,0.09529132,0.24222189,0.96553,-0.30250692,-0.9170261,0.25990912,0.9483718,-0.31684658,-0.014110833
1356875355529,0.050460458,0.18544298,0.9813586,-0.2917488,-0.93701327,0.19206467,0.95516306,-0.29600182,0.006820649
1356875355579,0.0036373734,0.10278086,0.9946974,-0.28388715,-0.9536728,0.09957996,0.9588508,-0.28274402,0.025709301
1356875355606,-0.047667146,-0.009887293,0.9988144,-0.27944016,-0.95989144,-0.022837922,0.9589792,-0.28019744,0.042992383
1356875355660,-0.09853834,-0.11391013,0.9885922,-0.28796872,-0.9476593,-0.13789709,0.95255655,-0.29827183,0.060578343
1356875355699,-0.1473844,-0.21935052,0.9644497,-0.2933274,-0.9215376,-0.25441617,0.9445829,-0.32039648,0.071478695
1356875355740,-0.18396294,-0.30342808,0.93492734,-0.2982699,-0.88907874,-0.34723777,0.93658566,-0.34273958,0.073054075
1356875355780,-0.20443267,-0.35835737,0.91092676,-0.30533677,-0.8608059,-0.4071644,0.9300414,-0.36137706,0.06655705
1356875355821,-0.20811766,-0.39244005,0.895923,-0.31632695,-0.839749,-0.4413151,0.9255401,-0.37525004,0.050627172
1356875355859,-0.19237906,-0.401315,0.8955091,-0.3338751,-0.8313466,-0.44428632,0.9227772,-0.38445958,0.025944576
1356875355900,-0.15949231,-0.40989375,0.8980808,-0.35492247,-0.8250891,-0.43961108,0.9211906,-0.38886368,-0.013885066
1356875355940,-0.108998835,-0.41708285,0.90230876,-0.37979072,-0.8213792,-0.4255527,0.9186284,-0.38907328,-0.06887476
1356875355981,-0.050597012,-0.44380203,0.89469534,-0.40670642,-0.8090409,-0.42431444,0.91215676,-0.38534737,-0.13956209
1356875356019,0.00997299,-0.46364743,0.8859637,-0.43405324,-0.80019104,-0.41387445,0.90083206,-0.38042784,-0.20922796
1356875356080,0.06494248,-0.46366888,0.8836253,-0.45534956,-0.80169976,-0.38721356,0.88794106,-0.37721178,-0.26319575
1356875356099,0.113949716,-0.429057,0.89606106,-0.4630388,-0.8209199,-0.33419406,0.87898266,-0.37682974,-0.29221362
1356875356142,0.15727371,-0.3466481,0.9247162,-0.45322287,-0.85727197,-0.24428211,0.8774132,-0.38068336,-0.2919352
1356875356180,0.19248438,-0.23107174,0.9537063,-0.43212172,-0.8925359,-0.12903675,0.88103384,-0.38727966,-0.27165034
1356875356223,0.21950912,-0.07590993,0.9726528,-0.40180707,-0.91552246,0.019228935,0.8890258,-0.3950397,-0.23146668
1356875356259,0.23189324,0.07376774,0.9699401,-0.37399417,-0.91371614,0.15890618,0.89797205,-0.39960122,-0.1842959
1356875356302,0.23353273,0.2193098,0.9472939,-0.34730512,-0.8911535,0.29193246,0.9082079,-0.3971758,-0.13194609
1356875356341,0.22088265,0.32299307,0.9202643,-0.33024505,-0.8630616,0.38218185,0.9176869,-0.38833007,-0.08396849
1356875356382,0.20068473,0.39861482,0.89489216,-0.31591856,-0.83834225,0.4442722,0.92731935,-0.37187168,-0.042312652
1356875356431,0.16590184,0.42459032,0.89005595,-0.30650684,-0.8356586,0.45577204,0.9372993,-0.3484217,-0.008497447
1356875356469,0.091014445,0.3140743,0.94502574,-0.31288853,-0.8918894,0.3265487,0.945419,-0.3254084,0.017095447
1356875356512,-0.066372395,-0.08661159,0.9940288,-0.30047804,-0.9482451,-0.102685615,0.9514767,-0.30549932,0.036912356
1356875356551,-0.26858914,-0.76923406,0.57977486,-0.12861729,-0.5678625,-0.81301284,0.95462954,-0.29293552,0.053584903
1356875356591,-0.2996952,-0.9360563,0.18434039,0.010353088,-0.19640142,-0.980469,0.9539789,-0.29193333,0.06855166
1356875356629,-0.30541903,-0.9511471,0.045149744,0.06227258,-0.067264974,-0.9957899,0.95017964,-0.3013216,0.07977438
1356875356670,-0.31859648,-0.9478895,0.0012808144,0.07965547,-0.028119504,-0.99642575,0.9445375,-0.31735575,0.08446342
1356875356709,-0.33433825,-0.94232255,-0.015690178,0.08200258,-0.012501538,-0.9965537,0.9388789,-0.3344726,0.08145261
1356875356752,-0.34863645,-0.93698156,-0.022763312,0.07415962,-0.0033664107,-0.9972407,0.93431956,-0.34936255,0.070659876
1356875356789,-0.35976338,-0.93275726,-0.023110151,0.05850205,0.0021694899,-0.99828494,0.9312077,-0.36049834,0.05378771
1356875356829,-0.367496,-0.92988706,-0.016024143,0.03302419,0.0041714907,-0.9994458,0.9294386,-0.36782154,0.029175758
1356875356869,-0.3719179,-0.92826176,0.0026856065,-0.006590128,-2.526641E-4,-0.9999783,0.92824227,-0.37192753,-0.006023407
1356875356911,-0.37161344,-0.92778265,0.033508867,-0.06554389,-0.009784818,-0.9978017,0.92607105,-0.3729928,-0.057174265
1356875356950,-0.36411738,-0.9286851,0.07044473,-0.1421557,-0.019333422,-0.9896555,0.9204403,-0.3703649,-0.124978244
1356875356990,-0.35003042,-0.93121576,0.10156697,-0.22722873,-0.020779967,-0.9736197,0.9087606,-0.36387542,-0.20432532
1356875357030,-0.33294243,-0.934036,0.12932941,-0.3052752,-0.022997856,-0.95198643,0.8921639,-0.35643768,-0.27748114
1356875357086,-0.31548488,-0.93530923,0.1602059,-0.36385804,-0.036690474,-0.9307315,0.8763998,-0.35192388,-0.32874453
1356875357109,-0.29807115,-0.9333292,0.20012552,-0.39868262,-0.068765104,-0.91450727,0.86729795,-0.3523748,-0.35160524
1356875357150,-0.27668977,-0.92373204,0.26488107,-0.41409528,-0.13412535,-0.9002975,0.86716086,-0.3587891,-0.345402
1356875357189,-0.24337244,-0.8959187,0.37161747,-0.4213338,-0.24744797,-0.8724949,0.87364054,-0.3689162,-0.31725883
1356875357230,-0.17096925,-0.80590385,0.5668231,-0.43438572,-0.45471084,-0.7775262,0.8843521,-0.37915295,-0.27233157
1356875357281,0.065565884,-0.35992637,0.93067396,-0.43352214,-0.8503336,-0.29831418,0.8987545,-0.38390854,-0.21178894
1356875357338,0.36958307,0.59926313,0.71013534,-0.17800583,-0.70442986,0.6870899,0.91198814,-0.380345,-0.15367302
1356875357356,0.37723655,0.92265934,0.07995227,0.06555176,-0.11271572,0.99146265,0.92379415,-0.36877495,-0.10300246
1356875357403,0.2901767,0.85534954,-0.4291558,0.19858265,0.38486916,0.9013549,0.9361423,-0.34677505,-0.05817747
1356875357433,0.17562687,0.56300837,-0.8075746,0.27553105,0.75942904,0.5893642,0.9451126,-0.32602006,-0.021750152
1356875357476,0.094402045,0.25923243,-0.96119034,0.29359147,0.91531247,0.27569392,0.9512583,-0.30822334,0.010298967
1356875357519,0.028841136,-0.03868185,-0.99883527,0.3006782,0.95330757,-0.028236687,0.95328945,-0.2995136,0.039125264
1356875357563,-0.029850632,-0.2982879,-0.954009,0.3115221,0.9041209,-0.2924369,0.9497699,-0.3059243,0.06593472
1356875357600,-0.111995384,-0.55164516,-0.82652575,0.31299183,0.76983964,-0.55622214,0.9431295,-0.32099006,0.086441934
1356875357639,-0.20500112,-0.741606,-0.63874507,0.29184365,0.5766033,-0.76312256,0.9342387,-0.34285462,0.09822869
1356875357679,-0.28677064,-0.84852904,-0.44470322,0.24754483,0.3828017,-0.8900474,0.9254643,-0.36532348,0.100272775
1356875357722,-0.34575576,-0.89418936,-0.2843914,0.19245294,0.22906101,-0.9541975,0.9183762,-0.38465118,0.0928902
1356875357760,-0.38398725,-0.90975296,-0.15780795,0.13257483,0.114816844,-0.9845004,0.91377115,-0.398957,0.07652211
1356875357800,-0.4049366,-0.9128767,-0.051791817,0.06701109,0.026861668,-0.9973906,0.91188586,-0.40735057,0.05029553
1356875357840,-0.40962756,-0.9113045,0.04158604,-0.0066306293,-0.042610586,-0.9990697,0.9122287,-0.40952227,0.011411965
1356875357881,-0.39821053,-0.9094709,0.11954519,-0.08856475,-0.09159553,-0.99185,0.9130086,-0.4055526,-0.044072747
1356875357920,-0.37360734,-0.91068286,0.17627889,-0.17594594,-0.11701536,-0.97742033,0.91074723,-0.39618698,-0.11651319
1356875357959,-0.3417694,-0.91406965,0.21833542,-0.26410508,-0.12954378,-0.95575464,0.9019103,-0.3843112,-0.19713634
1356875358000,-0.3069445,-0.91451555,0.26352677,-0.34454328,-0.15133667,-0.92649186,0.88717246,-0.37517798,-0.26863825
1356875358041,-0.2706278,-0.9073678,0.3216272,-0.40683588,-0.1949969,-0.8924464,0.87249357,-0.37237033,-0.31637824
1356875358080,-0.23366612,-0.8888502,0.3941388,-0.44579542,-0.26230764,-0.85583943,0.86409867,-0.375686,-0.3349529
1356875358116,-0.19707495,-0.8544984,0.48061824,-0.46350145,-0.35077727,-0.81370854,0.8639027,-0.38312885,-0.32693177
1356875358160,-0.16160667,-0.79811096,0.58043265,-0.46504125,-0.45717537,-0.7581077,0.87041366,-0.39244038,-0.29727197
1356875358201,-0.13119179,-0.7196715,0.68180764,-0.45490706,-0.56736666,-0.68640715,0.88082254,-0.40021008,-0.25294983
1356875358239,-0.1140607,-0.6346452,0.7643399,-0.4352226,-0.6596854,-0.61269605,0.89306855,-0.4025426,-0.20096776
1356875358279,-0.123521924,-0.5832093,0.8028756,-0.40481782,-0.7090742,-0.5773529,0.90601593,-0.39633408,-0.1485073
1356875358321,-0.17313182,-0.6220937,0.7635607,-0.35339603,-0.6844039,-0.63773245,0.91931313,-0.3802511,-0.10135332
1356875358359,-0.25925112,-0.78078544,0.56847423,-0.25133023,-0.5137798,-0.8202825,0.93253523,-0.3555339,-0.06303698
1356875358400,-0.31285632,-0.92961717,0.19476378,-0.09514561,-0.17335188,-0.9802533,0.94502294,-0.32520932,-0.034214735
1356875358439,-0.2930913,-0.94779515,-0.125626,0.024348885,0.12395418,-0.99198914,0.9557744,-0.29380223,-0.013252139
1356875358480,-0.25331864,-0.92183584,-0.29334,0.080726326,0.28202918,-0.95600355,0.9640088,-0.26585376,0.002973199
1356875358519,-0.22323644,-0.9033395,-0.3662557,0.106503606,0.35088438,-0.9303425,0.9689285,-0.24669391,0.017878711
1356875358560,-0.2098164,-0.8975748,-0.3877328,0.123642534,0.3690189,-0.92116106,0.9698916,-0.2412149,0.03355211
1356875358600,-0.21425995,-0.89988524,-0.3798673,0.13923937,0.35678884,-0.92375004,0.9668014,-0.25081518,0.048853934
1356875358640,-0.23426723,-0.9047339,-0.35577443,0.15146461,0.32752234,-0.9326241,0.9603007,-0.2723705,0.060307443
1356875358690,-0.26688576,-0.90841335,-0.32180297,0.15453917,0.28925335,-0.94469583,0.9512569,-0.30185702,0.06318784
1356875358732,-0.29788297,-0.9084555,-0.29321375,0.14896092,0.2591592,-0.95427835,0.9429085,-0.32794067,0.058125198
1356875358769,-0.3241132,-0.9071857,-0.26826248,0.1365203,0.23574889,-0.96217704,0.93611574,-0.3484776,0.047439992
1356875358812,-0.34712815,-0.9060642,-0.24197012,0.113575876,0.21549892,-0.96987665,0.9309148,-0.36415353,0.028101325
1356875358860,-0.36856544,-0.90626925,-0.20696762,0.07257211,0.19391072,-0.9783312,0.9267647,-0.37559915,-0.0056989193
1356875358900,-0.3863852,-0.9086895,-0.15808195,0.013381273,0.16585201,-0.98605984,0.92224044,-0.38311428,-0.051923335
1356875358940,-0.39686346,-0.9121764,-0.10214579,-0.06430212,0.138641,-0.988253,0.9156226,-0.38563326,-0.11367643
1356875358979,-0.3972062,-0.91662866,-0.044935107,-0.15278882,0.114329875,-0.9816233,0.9049215,-0.38304117,-0.18546313
1356875359020,-0.38822162,-0.92153287,0.0078095794,-0.23572823,0.09110767,-0.96753895,0.89090747,-0.3774605,-0.25260133
1356875359098,-0.3734892,-0.92613024,0.052806586,-0.29784423,0.06581324,-0.9523431,0.87851834,-0.37141803,-0.30042303
1356875359099,-0.3572843,-0.929638,0.0901171,-0.33212185,0.036275446,-0.9425387,0.87295073,-0.36668414,-0.32171375
1356875359135,-0.34324056,-0.9310492,0.12382805,-0.34140825,8.5633993E-4,-0.9399147,0.87500083,-0.3648927,-0.31816185
1356875359180,-0.33348733,-0.92928934,0.15876889,-0.3305577,-0.04245752,-0.9428303,0.8829031,-0.36690426,-0.29302466
1356875359219,-0.32849395,-0.9240478,0.1955184,-0.3065231,-0.0915038,-0.9474548,0.8933842,-0.37116408,-0.25318354
1356875359259,-0.32787418,-0.91648304,0.22925371,-0.27325022,-0.14029634,-0.95165706,0.90434104,-0.3746675,-0.20442963
1356875359300,-0.3311606,-0.9108535,0.2463302,-0.23305997,-0.1740129,-0.9567667,0.914339,-0.37425312,-0.1546573
1356875359339,-0.33680087,-0.91307163,0.22992492,-0.18395221,-0.17567849,-0.9671084,0.9234321,-0.3680181,-0.10879296
1356875359380,-0.34147996,-0.9252321,0.16533872,-0.12394053,-0.13004905,-0.9837306,0.9316813,-0.35641652,-0.07026458
1356875359420,-0.33887124,-0.9390852,0.057317585,-0.057065845,-0.04029411,-0.997557,0.9391005,-0.34131426,-0.03993517
1356875359459,-0.32531363,-0.94322515,-0.0670625,0.0057514906,0.06894517,-0.9976039,0.9455887,-0.32491982,-0.017003834
1356875359500,-0.3040163,-0.93599147,-0.17746595,0.05523926,0.16865039,-0.98412687,0.9510641,-0.30899364,4.310012E-4
1356875359540,-0.2818343,-0.9238535,-0.25896722,0.090278596,0.2431767,-0.9657717,0.95520633,-0.29556683,0.014868677
1356875359580,-0.26530027,-0.9131881,-0.3093596,0.11478785,0.28866017,-0.95052576,0.9573085,-0.28768542,0.028241277
1356875359629,-0.2604069,-0.90753895,-0.32948646,0.13179618,0.3046527,-0.94330084,0.9564612,-0.28906712,0.040276468
1356875359672,-0.2640072,-0.90446913,-0.33501646,0.14129555,0.30732524,-0.94105625,0.9541153,-0.29578185,0.046661258
1356875359710,-0.27176833,-0.9026443,-0.33372942,0.14305875,0.3050359,-0.94153464,0.9516703,-0.30362216,0.046232045
1356875359752,-0.28245276,-0.9019773,-0.32658425,0.13517055,0.29962772,-0.94443214,0.94971013,-0.3109021,0.037290096
1356875359800,-0.29497498,-0.9025146,-0.3137791,0.11708248,0.291776,-0.9492937,0.94830453,-0.31675583,0.019601941
1356875359839,-0.30797696,-0.9050753,-0.29323852,0.092987955,0.27810848,-0.9560381,0.9468386,-0.32170543,-0.0014898777
1356875359880,-0.32296985,-0.91137916,-0.25510466,0.0583508,0.24986166,-0.96652174,0.9446087,-0.32704303,-0.027518034
1356875359920,-0.33864063,-0.9226671,-0.18441227,0.004656434,0.19434655,-0.98092186,0.94090426,-0.33303872,-0.0615173
1356875359960,-0.34623933,-0.9356726,-0.068081886,-0.076704204,0.100562036,-0.99196965,0.9350053,-0.33823675,-0.10658854
1356875360000,-0.3298512,-0.93958485,0.09153393,-0.18218079,-0.031782627,-0.9827512,0.9262874,-0.34083742,-0.16069072
1356875360040,-0.2775705,-0.9197249,0.27759823,-0.29198772,-0.19451988,-0.9364321,0.9152583,-0.34098122,-0.21455538
1356875360093,-0.1833868,-0.85386527,0.48711735,-0.38414288,-0.3938759,-0.8350425,0.9048776,-0.34025848,-0.25577456
1356875360120,-0.028095841,-0.6737116,0.73846006,-0.43727022,-0.65603626,-0.61515135,0.8988912,-0.3401898,-0.27616215
1356875360159,0.20688301,-0.21950004,0.95342493,-0.38643333,-0.91360384,-0.1264804,0.89881516,-0.34226853,-0.27383125
1356875360200,0.37576193,0.3585142,0.85455865,-0.20662475,-0.8665108,0.45438445,0.9033876,-0.34731334,-0.25152385
1356875360239,0.40632033,0.66351485,0.6282132,-0.08028123,-0.658943,0.74789643,0.9101971,-0.35431924,-0.21447414
1356875360279,0.39691484,0.7895061,0.4681226,-0.035441697,-0.4964543,0.867339,0.9171709,-0.36085078,-0.16906865
1356875360337,0.3829744,0.8491665,0.36365762,-0.02919516,-0.38234848,0.9235569,0.9232975,-0.36431566,-0.121638134
1356875360371,0.36721268,0.8860017,0.28311786,-0.036582112,-0.29039034,0.9562087,0.92941725,-0.36148897,-0.074223176
1356875360403,0.35324806,0.90744996,0.22748697,-0.047979414,-0.22527099,0.9731141,0.9342985,-0.35466534,-0.036037624
1356875360444,0.33968,0.9229224,0.18119541,-0.05563751,-0.17259553,0.98342013,0.93889403,-0.3441294,-0.0072781444
1356875360487,0.32635385,0.9345355,0.14190349,-0.060038954,-0.12932599,0.98978287,0.943339,-0.3315392,0.013902515
1356875360530,0.3136661,0.94363636,0.10565996,-0.06269568,-0.090450704,0.99392545,0.94746125,-0.31838512,0.030790627
1356875360586,0.30497983,0.94871384,0.083242506,-0.07054597,-0.06466153,0.99541044,0.9497423,-0.3094525,0.047207534
1356875360613,0.30211365,0.94923353,0.087652475,-0.08624074,-0.06435615,0.99419355,0.9493629,-0.3079187,0.062419742
1356875360656,0.30329686,0.94405174,0.12952736,-0.11170265,-0.099769235,0.9887207,0.9463264,-0.31434447,0.075193346
1356875360697,0.30313265,0.9297285,0.2090824,-0.14501342,-0.1718458,0.9743922,0.9418502,-0.32568982,0.08273102
1356875360740,0.29746377,0.9017259,0.31369686,-0.18146881,-0.2691797,0.94583905,0.93732834,-0.33827904,0.08356391
1356875360779,0.28746736,0.8602493,0.42111012,-0.21440187,-0.37071472,0.90366066,0.93348503,-0.35005978,0.07787068
1356875360818,0.27992386,0.81561756,0.50637007,-0.23655346,-0.45259422,0.8597679,0.93042195,-0.36045313,0.06624523
1356875360861,0.2816081,0.77974457,0.5591916,-0.24456841,-0.5052001,0.82762253,0.92783785,-0.36982584,0.04843252
1356875360901,0.29369634,0.75081456,0.59162486,-0.23993859,-0.5412013,0.80593467,0.9252956,-0.37865368,0.021200545
1356875360940,0.31538916,0.7220771,0.61573887,-0.22294049,-0.5743153,0.78769255,0.922403,-0.38570285,-0.020152599
1356875360980,0.3452133,0.6863678,0.64009917,-0.19343592,-0.61534953,0.76415145,0.9183737,-0.38761342,-0.07965863
1356875361021,0.38140613,0.6445285,0.6626555,-0.1544081,-0.6623531,0.7331074,0.9114206,-0.381931,-0.15310511
1356875361094,0.41908312,0.60824996,0.674093,-0.11284669,-0.7017852,0.70339406,0.9009079,-0.37084973,-0.22546732
1356875361098,0.4499806,0.5985545,0.6627593,-0.070785016,-0.71589935,0.69460607,0.8902286,-0.35947263,-0.2797721
1356875361137,0.4659144,0.62770426,0.6236273,-0.026955694,-0.69440293,0.71908134,0.8844191,-0.35184067,-0.3066121
1356875361181,0.4645046,0.6823181,0.5645152,0.01084131,-0.64179283,0.76680136,0.8855043,-0.3500627,-0.30551293
1356875361219,0.45054618,0.7396505,0.49992532,0.029485106,-0.57200444,0.81972045,0.8922661,-0.35458153,-0.27952307
1356875361259,0.43157393,0.7863421,0.44205227,0.02399224,-0.49987036,0.86576796,0.90175855,-0.36303702,-0.23459712
1356875361301,0.41156003,0.82139504,0.39487785,2.3818016E-4,-0.43337038,0.9012159,0.9113826,-0.3708104,-0.1785536
1356875361339,0.3912673,0.8477444,0.35810518,-0.031030357,-0.37675315,0.92579377,0.9197538,-0.373345,-0.12110537
1356875361381,0.3700101,0.86866033,0.3294265,-0.060789376,-0.33119503,0.9416021,0.92703676,-0.3684279,-0.069740176
1356875361419,0.34850135,0.88448834,0.3102051,-0.08505666,-0.2997448,0.9502202,0.93344104,-0.357538,-0.029229864
1356875361460,0.32742786,0.8959715,0.30004346,-0.102519274,-0.28198594,0.9539254,0.93929803,-0.34310198,-4.7568977E-4
1356875361500,0.30775473,0.90198255,0.30284423,-0.11597887,-0.28035608,0.9528638,0.9443707,-0.32837188,0.018329963
1356875361540,0.28944224,0.9024533,0.31906295,-0.12755236,-0.29399407,0.9472581,0.9486588,-0.31487373,0.030015767
1356875361579,0.27158415,0.8949716,0.35393193,-0.14200339,-0.32646507,0.9344815,0.9518808,-0.30404988,0.038426235
1356875361622,0.25255978,0.8720012,0.419318,-0.16609862,-0.3878615,0.90662825,0.9532182,-0.29862595,0.046879992
1356875361659,0.22437716,0.8105246,0.54102206,-0.20796004,-0.5025638,0.83915573,0.9520544,-0.30079836,0.055792876
1356875361702,0.16842932,0.66157717,0.73071694,-0.26887524,-0.6823609,0.6797719,0.9483342,-0.31096524,0.0629521
1356875361739,0.07100505,0.3911843,0.91756916,-0.32226887,-0.8615607,0.39224482,0.9439815,-0.32355535,0.06489131
1356875361781,-0.036549747,0.07254955,0.99669486,-0.3381345,-0.9394313,0.055981636,0.9403878,-0.3349708,0.058867425
1356875361820,-0.10156381,-0.1454264,0.98414224,-0.33042994,-0.92816365,-0.17125493,0.93835,-0.34258336,0.04621461
1356875361863,-0.123800874,-0.26479685,0.9563242,-0.32371837,-0.9002358,-0.29117343,0.93801904,-0.34562722,0.025730371
1356875361899,-0.10143405,-0.2751815,0.9560263,-0.33046934,-0.8970932,-0.29328096,0.9383502,-0.34568608,5.6795776E-5
1356875361943,-0.061216712,-0.26695943,0.9617615,-0.34016925,-0.90030235,-0.27155203,0.9383695,-0.34378523,-0.035697788
1356875361979,6.622076E-4,-0.22877474,0.97347915,-0.3507859,-0.9116735,-0.2140113,0.9364555,-0.34134102,-0.080854714
1356875362023,0.05620104,-0.24898496,0.9668754,-0.36240062,-0.90744704,-0.2126162,0.9303264,-0.33844697,-0.14123178
1356875362098,0.115493834,-0.26603675,0.9570191,-0.3759011,-0.9035179,-0.20580019,0.9194343,-0.3359759,-0.20435426
1356875362099,0.16898787,-0.27538237,0.9463655,-0.39009616,-0.9004557,-0.19236556,0.9051343,-0.33666608,-0.2595917
1356875362135,0.21892679,-0.24358246,0.9448485,-0.39388683,-0.907996,-0.14281607,0.8927061,-0.3408971,-0.29472858
1356875362182,0.26136088,-0.1637867,0.95124364,-0.38156015,-0.92276263,-0.054046452,0.8866241,-0.34883106,-0.30366853
1356875362220,0.28952503,-0.065435335,0.95493114,-0.36115277,-0.93138736,0.04567568,0.88642204,-0.35810024,-0.2932921
1356875362262,0.30334336,0.0589689,0.95105493,-0.33534873,-0.9276252,0.1644772,0.8919215,-0.36882815,-0.2616138
1356875362300,0.29951262,0.16397923,0.9398952,-0.3193156,-0.9110814,0.26070723,0.89907163,-0.3782083,-0.22051924
1356875362344,0.28329486,0.2596715,0.92320895,-0.31044376,-0.88598496,0.3444639,0.9073967,-0.38418928,-0.17038158
1356875362380,0.2545299,0.3150488,0.91430783,-0.31363237,-0.8674522,0.38621414,0.9147947,-0.3850596,-0.12198302
1356875362423,0.21890444,0.3487201,0.9113041,-0.31758317,-0.85763866,0.40447113,0.92261684,-0.37795535,-0.07699326
1356875362470,0.17131543,0.34165555,0.9240793,-0.32172042,-0.8671281,0.38024312,0.9312073,-0.3624367,-0.038634837
1356875362509,0.108189285,0.27088037,0.95651394,-0.32619205,-0.8992204,0.29155,0.939092,-0.34354982,-0.008926988
1356875362550,0.03643948,0.14771289,0.98835874,-0.32152438,-0.9346954,0.15154696,0.9461999,-0.32330373,0.013433486
1356875362589,-0.042161226,-0.029704422,0.9986692,-0.30251622,-0.95225793,-0.041095406,0.9522113,-0.30384624,0.031162232
1356875362630,-0.11837566,-0.23365514,0.9650867,-0.26749188,-0.928487,-0.25760406,0.95626104,-0.28864694,0.047409475
1356875362669,-0.18025994,-0.4104234,0.893901,-0.22592266,-0.8672156,-0.44372967,0.9573219,-0.28193918,0.063600354
1356875362711,-0.22491258,-0.52804697,0.8188899,-0.19269614,-0.7997192,-0.5686101,0.9551348,-0.2856845,0.07811423
1356875362749,-0.2559247,-0.595234,0.761708,-0.17423321,-0.74664336,-0.642002,0.9508656,-0.29701895,0.087374896
1356875362791,-0.27541065,-0.6290929,0.7269053,-0.17042907,-0.71221834,-0.6809546,0.94609886,-0.3114279,0.08893673
1356875362829,-0.2835282,-0.64029634,0.7138854,-0.17872088,-0.6961099,-0.6953343,0.94216275,-0.3247331,0.08293247
1356875362871,-0.2800306,-0.6343144,0.720575,-0.1971949,-0.6965918,-0.6898364,0.93951964,-0.33526897,0.06998339
1356875362909,-0.2639413,-0.6114124,0.74599594,-0.22535242,-0.71292716,-0.6640416,0.937844,-0.3433799,0.05038759
1356875362951,-0.23372364,-0.5744332,0.78447413,-0.2624941,-0.73958343,-0.61976856,0.9361998,-0.3507744,0.022072867
1356875362990,-0.1874808,-0.52814585,0.8281986,-0.3058664,-0.7698409,-0.56017035,0.93343276,-0.35833928,-0.017211735
1356875363029,-0.12628049,-0.4929497,0.8608448,-0.34891626,-0.7902686,-0.5037191,0.9286068,-0.36397266,-0.07220265
1356875363093,-0.05315262,-0.4774694,0.87703913,-0.38663617,-0.79993695,-0.45892614,0.9206993,-0.3634882,-0.14208816
1356875363108,0.023713827,-0.4781995,0.877931,-0.41714087,-0.8028106,-0.42601487,0.9085324,-0.35611847,-0.21851428
1356875363147,0.09319961,-0.46887314,0.8783347,-0.43756843,-0.81170344,-0.38687387,0.8943421,-0.34827504,-0.28081453
1356875363193,0.1461637,-0.43777987,0.8871217,-0.44529012,-0.8298844,-0.33616745,0.88337576,-0.34589106,-0.31623805
1356875363229,0.18192166,-0.38530242,0.9046804,-0.44126648,-0.8541812,-0.27506086,0.8787426,-0.3491656,-0.32541507
1356875363273,0.19742948,-0.30246562,0.9324892,-0.42662203,-0.88292307,-0.19606245,0.88261837,-0.35911196,-0.30335355
1356875363328,0.19535625,-0.21225318,0.95748866,-0.4112924,-0.90402955,-0.11648661,0.8903227,-0.37105143,-0.26390594
1356875363358,0.17185616,-0.0969037,0.9803444,-0.3952387,-0.9183271,-0.021487415,0.902359,-0.38377732,-0.19612026
1356875363393,0.13279456,-0.02190037,0.99090165,-0.3898853,-0.9203104,0.031909853,0.91123825,-0.39057544,-0.13075083
1356875363434,0.088709,0.025205642,0.9957386,-0.38577956,-0.9207864,0.057676896,0.91831636,-0.38925207,-0.071958214
1356875363476,0.03945452,0.032442287,0.9986946,-0.37892514,-0.92433274,0.0449965,0.9245859,-0.38020578,-0.02417585
1356875363517,-0.012656033,-0.001264602,0.9999191,-0.3649553,-0.931007,-0.0057967007,0.930939,-0.36499915,0.011321276
1356875363561,-0.065815985,-0.07545692,0.9949746,-0.34154776,-0.93520045,-0.09351657,0.9375571,-0.34598625,0.03577894
1356875363610,-0.117076874,-0.18525055,0.9756923,-0.30538386,-0.92813224,-0.21286464,0.9450047,-0.32288218,0.052090235
1356875363660,-0.17096639,-0.333318,0.9271837,-0.25994658,-0.8924373,-0.36875924,0.9503674,-0.30406365,0.06593197
1356875363700,-0.21762711,-0.47223645,0.85418457,-0.2151349,-0.8304274,-0.5139138,0.952027,-0.29560643,0.07912892
1356875363748,-0.25531757,-0.56902206,0.781682,-0.1846058,-0.76491356,-0.6171126,0.94906986,-0.30186272,0.09025109
1356875363789,-0.28403258,-0.63549316,0.7179652,-0.16587493,-0.70494646,-0.6895912,0.94435745,-0.31495875,0.09481533
1356875363830,-0.3028804,-0.6761558,0.6716226,-0.16088322,-0.6583347,-0.7353313,0.9393509,-0.33077022,0.0906145
1356875363870,-0.31195962,-0.69769776,0.6449023,-0.16819197,-0.6275016,-0.7602323,0.93508965,-0.34562922,0.078408
1356875363911,-0.31093,-0.70470166,0.6377445,-0.18645936,-0.6127365,-0.76797575,0.93196315,-0.35770017,0.05912
1356875363949,-0.29851478,-0.69882375,0.6500264,-0.21460168,-0.614492,-0.75917435,0.9299651,-0.36612153,0.03346619
1356875363991,-0.27208382,-0.6847048,0.6761284,-0.25120956,-0.6277299,-0.7367828,0.9289048,-0.37031665,-0.0012091994
1356875364029,-0.22866875,-0.66499114,0.71098346,-0.29443976,-0.6488848,-0.70160806,0.92790943,-0.36977765,-0.047420233
1356875364091,-0.16844213,-0.64866465,0.74220043,-0.3400032,-0.66851383,-0.6614281,0.92521626,-0.36376286,-0.107942164
1356875364110,-0.096764624,-0.63314706,0.76795924,-0.38389045,-0.6881365,-0.61570793,0.9182944,-0.35439098,-0.17647183
1356875364151,-0.023774385,-0.6091668,0.7926856,-0.42041594,-0.71329623,-0.5607664,0.90702,-0.34658954,-0.23914531
1356875364189,0.0428136,-0.5654873,0.8236451,-0.44327682,-0.7495662,-0.4915854,0.8953618,-0.34405622,-0.282759
1356875364230,0.09972155,-0.49488238,0.86321896,-0.44921234,-0.79649174,-0.40473342,0.88784224,-0.347408,-0.3017347
