1356875157546,0.20704883,-0.864596,-0.45782587,0.13274506,-0.43881118,0.8887202,-0.969283,-0.24478263,0.02391547
1356875157575,0.14569944,-0.6497804,-0.7460276,0.19814938,-0.7196287,0.6654859,-0.9692825,-0.24478585,0.023904026
1356875157615,0.14571232,-0.64969635,-0.74609816,0.19813101,-0.7197053,0.66540843,-0.9692843,-0.2447834,0.023855086
1356875157656,0.14560884,-0.6492305,-0.74652386,0.19812723,-0.7201448,0.6649339,-0.9693006,-0.24472693,0.023770783
1356875157698,0.1451425,-0.6475782,-0.7480482,0.19824915,-0.72168684,0.6632234,-0.96934557,-0.24456179,0.023634467
1356875157736,0.14404052,-0.64337486,-0.75187844,0.19870205,-0.72552276,0.6588887,-0.9694173,-0.24430647,0.023335159
1356875157776,0.14209211,-0.6355457,-0.7588752,0.1996861,-0.7324876,0.6508359,-0.9695026,-0.24401543,0.022828966
1356875157817,0.13909525,-0.623734,-0.7691608,0.20141587,-0.7426564,0.6386649,-0.9695793,-0.2437564,0.022330042
1356875157856,0.1350075,-0.60842603,-0.7820427,0.20400514,-0.7552903,0.62283105,-0.9696159,-0.2436276,0.022152126
1356875157896,0.12996972,-0.59090215,-0.79620504,0.20734584,-0.76906395,0.60460585,-0.96959555,-0.24367027,0.022566106
1356875157936,0.12400681,-0.5728586,-0.81021935,0.211159,-0.7825851,0.5856386,-0.96955365,-0.24370827,0.02391836
1356875157978,0.11706847,-0.5561505,-0.822795,0.21499623,-0.7946525,0.5677182,-0.96957284,-0.24335974,0.026541501
1356875158016,0.10925549,-0.54212767,-0.83316314,0.21835782,-0.8046172,0.55218726,-0.9697335,-0.24225716,0.030469058
1356875158056,0.100791276,-0.5314009,-0.841103,0.22088936,-0.81235623,0.5397086,-0.97007686,-0.24018864,0.035502344
1356875158096,0.09181386,-0.5242597,-0.8465943,0.22247271,-0.81789565,0.5306152,-0.970606,-0.23706193,0.04153937
1356875158136,0.08247626,-0.5208085,-0.84968,0.223197,-0.8212747,0.52506274,-0.9712779,-0.23295122,0.048507273
1356875158176,0.07320589,-0.5207442,-0.85056823,0.22332582,-0.82263976,0.52286655,-0.971991,-0.22823077,0.056073546
1356875158216,0.06466603,-0.5232768,-0.8497057,0.22325261,-0.8223193,0.52340174,-0.97261333,-0.22354531,0.063646704
1356875158257,0.0575096,-0.52723503,-0.84777117,0.22339627,-0.82084775,0.5256455,-0.97302973,-0.21961857,0.070575655
1356875158296,0.052286208,-0.53104687,-0.8457277,0.2240512,-0.81905806,0.5281523,-0.97317374,-0.2171014,0.07615632
1356875158336,0.04947275,-0.5328356,-0.84477127,0.22523987,-0.8180664,0.5291825,-0.9730464,-0.21645628,0.07954395
1356875158375,0.04927534,-0.53103536,-0.8459157,0.22672899,-0.8188866,0.52727467,-0.9727106,-0.21777524,0.08005032
1356875158416,0.051478148,-0.5249591,-0.84956926,0.22819655,-0.822008,0.5217558,-0.97225326,-0.22072779,0.07747841
1356875158456,0.055434227,-0.5149909,-0.8554013,0.22928475,-0.82725793,0.51290613,-0.9717796,-0.224563,0.07222122
1356875158496,0.060358703,-0.50233454,-0.8625641,0.22958535,-0.83398503,0.5017563,-0.97141516,-0.2283174,0.06499049
1356875158540,0.06586021,-0.48817205,-0.87025887,0.22845066,-0.84160995,0.48939034,-0.9713252,-0.23104253,0.056094676
1356875158579,0.07067579,-0.47507113,-0.8771045,0.22630365,-0.84873885,0.47794247,-0.9714893,-0.2322709,0.04752505
1356875158616,0.074819565,-0.46464062,-0.8823328,0.22254033,-0.8547184,0.46896952,-0.9720483,-0.23144275,0.03945154
1356875158656,0.07823163,-0.45855066,-0.8852181,0.21696404,-0.8588254,0.46405333,-0.9730398,-0.22836415,0.032301694
1356875158696,0.08109069,-0.4584253,-0.8850257,0.20957568,-0.8602563,0.46479774,-0.97442406,-0.22317064,0.026316138
1356875158737,0.083709,-0.46549448,-0.88108325,0.20055845,-0.85822314,0.47247148,-0.9760989,-0.21625878,0.021517904
1356875158776,0.08639562,-0.48043284,-0.8727658,0.1903952,-0.85193247,0.48781207,-0.9778985,-0.20831522,0.017868936
1356875158816,0.089161634,-0.5026098,-0.8599032,0.17964077,-0.8410688,0.51022774,-0.9796833,-0.19996642,0.015298188
1356875158856,0.09177762,-0.53013366,-0.8429326,0.1687466,-0.82598203,0.53784615,-0.98137736,-0.19160427,0.01365149
1356875158896,0.09404999,-0.5603777,-0.82288,0.15818456,-0.8076324,0.56807363,-0.9829203,-0.1835942,0.012685273
1356875158936,0.09573972,-0.59028196,-0.8014993,0.14840308,-0.78773475,0.5978716,-0.9842817,-0.17618506,0.012182146
1356875158976,0.097053945,-0.61779535,-0.7803265,0.13973615,-0.7678038,0.6252608,-0.9854208,-0.16972382,0.011810005
1356875159016,0.09872228,-0.64125943,-0.76094687,0.13221377,-0.74945056,0.64872426,-0.9862927,-0.1646512,0.010795921
1356875159056,0.10227382,-0.6592605,-0.74492663,0.12585944,-0.7342596,0.6670999,-0.9867621,-0.1619829,0.007878631
1356875159096,0.10982901,-0.670384,-0.7338411,0.1215868,-0.72370124,0.6793181,-0.9864858,-0.16383424,0.0020265281
1356875159136,0.12277907,-0.67383456,-0.72860986,0.12141073,-0.7184516,0.6848991,-0.98497957,-0.17255232,-0.006400071
1356875159176,0.13968503,-0.6708219,-0.72834474,0.12712556,-0.71731985,0.6850484,-0.9820016,-0.18828224,-0.014920235
1356875159216,0.15605825,-0.66478264,-0.7305545,0.1387172,-0.717536,0.6825684,-0.97795874,-0.20786087,-0.019760579
1356875159256,0.16702545,-0.659473,-0.7329379,0.15472281,-0.71663845,0.6800663,-0.9737368,-0.22699057,-0.01766134
1356875159296,0.1696282,-0.6570126,-0.734548,0.17344716,-0.71381205,0.67851937,-0.97012496,-0.2425013,-0.0071257316
1356875159336,0.162871,-0.65790236,-0.73528063,0.19396177,-0.7093393,0.6776552,-0.96739435,-0.25298673,0.012077063
1356875159376,0.14648175,-0.66218626,-0.7348827,0.21594009,-0.7035745,0.6770177,-0.96535647,-0.25786138,0.039931685
1356875159416,0.120016456,-0.67052746,-0.7321127,0.23937958,-0.6961391,0.6768218,-0.96347994,-0.2564826,0.07696244
1356875159456,0.082690835,-0.68462515,-0.7241897,0.26455992,-0.6855242,0.6782806,-0.9608175,-0.24767916,0.12443781
1356875159496,0.034597814,-0.705853,-0.707513,0.2918623,-0.6699396,0.68264,-0.9558344,-0.23011424,0.18283343
1356875159536,-0.021340787,-0.7333384,-0.67952883,0.3214813,-0.64861983,0.6898856,-0.9466754,-0.20373309,0.2495966
1356875159585,-0.077403426,-0.76112604,-0.6439688,0.35227442,-0.6251226,0.6965087,-0.9326904,-0.17294157,0.31651193
1356875159617,-0.12369114,-0.78085446,-0.6123453,0.38009167,-0.6073034,0.69764817,-0.91664106,-0.14645451,0.37191433
1356875159657,-0.15443218,-0.7879226,-0.5960945,0.3992033,-0.6016524,0.69184613,-0.90376294,-0.13111958,0.4074558
1356875159697,-0.16921902,-0.7820834,-0.59975874,0.40592924,-0.6098288,0.68068373,-0.89810157,-0.12827498,0.42066512
1356875159736,-0.16981983,-0.764551,-0.62179023,0.40023476,-0.630083,0.66543794,-0.90054065,-0.13585752,0.4130004
1356875159776,-0.15815008,-0.73706776,-0.6570538,0.38494843,-0.6588006,0.6463718,-0.9092872,-0.15070806,0.3879224
1356875159816,-0.1358006,-0.70242345,-0.6986841,0.36383593,-0.6912996,0.62428206,-0.92151046,-0.16942847,0.34944588
1356875159856,-0.10444009,-0.6660012,-0.7386031,0.34049094,-0.7217284,0.6026391,-0.9344293,-0.188548,0.30214486
1356875159896,-0.06603587,-0.6353582,-0.7693889,0.3168951,-0.7445066,0.5876117,-0.946159,-0.20501213,0.250506
1356875159936,-0.022726536,-0.619522,-0.7846502,0.29275388,-0.75457263,0.5872949,-0.9559177,-0.2163622,0.19851628
1356875159976,0.023325026,-0.6274478,-0.7783092,0.26624894,-0.7465055,0.6097878,-0.9636221,-0.22144732,0.149645
1356875160025,0.07004887,-0.66073966,-0.74733937,0.23130132,-0.7180036,0.65648335,-0.97035706,-0.21884646,0.10253474
1356875160066,0.117978156,-0.7354833,-0.6671923,0.18795553,-0.6432001,0.7422711,-0.9750661,-0.21297425,0.062354565
1356875160106,0.15545827,-0.814468,-0.55899423,0.13912076,-0.54218286,0.82866347,-0.977997,-0.2065903,0.02902259
1356875160146,0.18168622,-0.8802608,-0.4383275,0.09081712,-0.42882097,0.89881307,-0.97915393,-0.20310956,0.0020318478
1356875160186,0.20002592,-0.92452335,-0.3244167,0.0500322,-0.3210382,0.9457438,-0.97851235,-0.20540455,-0.017960012
1356875160226,0.21411249,-0.9496484,-0.22874379,0.021172017,-0.22960773,0.973053,-0.97657955,-0.21318579,-0.029055923
1356875160266,0.22503033,-0.96253073,-0.15131354,0.005109936,-0.15412864,0.98803747,-0.9743383,-0.2231116,-0.0297651
1356875160325,0.23236477,-0.9686495,-0.0878903,4.747212E-4,-0.09025067,0.99591887,-0.9726286,-0.23145816,-0.02051118
1356875160346,0.23619205,-0.9710487,-0.035745263,0.0061594546,-0.03528917,0.9993582,-0.97168684,-0.23626056,-0.0023538768
1356875160387,0.23724693,-0.9714257,0.006774217,0.02174598,0.012282252,0.999688,-0.97120595,-0.23702562,0.024038523
1356875160423,0.23654252,-0.97078496,0.04030177,0.04747671,0.05297762,0.9974665,-0.97046053,-0.23402983,0.05862114
1356875160466,0.23439395,-0.96988595,0.06618714,0.085828274,0.08846408,0.9923748,-0.9683455,-0.22692597,0.10397908
1356875160506,0.23093706,-0.9691954,0.08560553,0.13682407,0.11945921,0.98336595,-0.9633002,-0.21538275,0.16019681
1356875160546,0.22660747,-0.96878994,0.100474715,0.19731763,0.14668217,0.9693039,-0.9537897,-0.19982606,0.22439861
1356875160587,0.22286701,-0.9686027,0.110177815,0.25826114,0.16764665,0.9514178,-0.9400168,-0.18358502,0.28751528
1356875160625,0.2209613,-0.9685832,0.11411613,0.3047267,0.17971525,0.935331,-0.92645437,-0.17189774,0.33486333
1356875160666,0.22152084,-0.968531,0.11347303,0.3291932,0.18380612,0.9262004,-0.9179108,-0.16781816,0.35955074
1356875160706,0.22501457,-0.9681654,0.10965514,0.3301612,0.18164527,0.92628217,-0.91671264,-0.17222312,0.36052346
1356875160746,0.23159528,-0.9672495,0.10388455,0.3103428,0.17466831,0.93444014,-0.92198205,-0.18417215,0.34063128
1356875160786,0.24075827,-0.96531785,0.1009793,0.2741133,0.16743037,0.9470105,-0.9310732,-0.20032084,0.30491677
1356875160826,0.25125495,-0.9614214,0.11198175,0.22545436,0.17064181,0.9591932,-0.94129765,-0.21575522,0.25963128
1356875160866,0.26064688,-0.953125,0.15367475,0.16637576,0.20114064,0.96532977,-0.9509902,-0.22604242,0.2110036
1356875160906,0.26400268,-0.9336542,0.24205884,0.09834221,0.27571082,0.9561968,-0.9594953,-0.22863397,0.164606
1356875160946,0.25388852,-0.89220595,0.3735095,0.027212948,0.39259878,0.91930723,-0.96685064,-0.2232373,0.123955846
1356875160986,0.22745149,-0.8282814,0.5120701,-0.033511072,0.5188839,0.8541877,-0.97321266,-0.21144632,0.09026432
1356875161026,0.19193783,-0.76061344,0.62018317,-0.073679954,0.61898124,0.7819422,-0.9786374,-0.19577938,0.06276399
1356875161066,0.1566464,-0.7065251,0.69013345,-0.096012086,0.68455684,0.72260886,-0.9829769,-0.17945522,0.03939843
1356875161106,0.12708792,-0.6707233,0.7307386,-0.10990244,0.72265404,0.6824167,-0.985784,-0.16703686,0.018126488
1356875161146,0.10698404,-0.6523543,0.75032544,-0.12301415,0.7401736,0.6610677,-0.9866215,-0.16302435,-0.0010620356
1356875161186,0.09901026,-0.6489578,0.7543546,-0.13686782,0.7419932,0.6562876,-0.98562884,-0.16822608,-0.015356481
1356875161227,0.10309679,-0.65566105,0.7479837,-0.14779174,0.7335461,0.66337603,-0.9836303,-0.17893775,-0.021275043
1356875161266,0.11590004,-0.6656618,0.7371985,-0.15173864,0.7216222,0.675453,-0.9816021,-0.19014652,-0.017370582
1356875161306,0.13337353,-0.6736536,0.72691274,-0.14746371,0.7118118,0.6867156,-0.98003364,-0.19878292,-0.0044026375
1356875161346,0.15345243,-0.6777053,0.71914387,-0.1354638,0.70646524,0.6946628,-0.97882676,-0.20401566,0.016604245
1356875161386,0.17627382,-0.6784024,0.71323043,-0.11643487,0.7051192,0.69946396,-0.9774305,-0.20634206,0.045304358
1356875161426,0.20477203,-0.6824864,0.7016271,-0.08783522,0.70111215,0.7076205,-0.9748606,-0.20652846,0.0836218
1356875161466,0.24042541,-0.7005191,0.6719142,-0.044209927,0.68359745,0.7285191,-0.9696604,-0.2048598,0.13338429
1356875161506,0.2783141,-0.7456596,0.60541975,0.02268815,0.63525164,0.77197194,-0.9602221,-0.2011148,0.19371712
1356875161546,0.30253953,-0.81780326,0.48955858,0.11430246,0.5410519,0.8331853,-0.9462583,-0.19611374,0.25716653
1356875161597,0.2927303,-0.90331525,0.31357694,0.22400695,0.38360158,0.89591885,-0.9295858,-0.1920192,0.31464073
1356875161637,0.22397193,-0.9729526,0.05656618,0.32943833,0.13020483,0.9351562,-0.91722786,-0.19081369,0.34969014
1356875161677,-0.057882726,-0.8100773,-0.58345896,0.40496528,-0.5532474,0.72795635,-0.91249806,-0.19414455,0.36007667
1356875161717,-0.39853323,0.33060282,-0.85549575,0.058320403,-0.92174953,-0.38337496,-0.9152977,-0.20268056,0.34806702
1356875161757,-0.37614232,0.67069757,-0.6392822,-0.07584071,-0.7099218,-0.7001852,-0.92345285,-0.21488567,0.3178978
1356875161796,-0.3450488,0.7706785,-0.5357201,-0.090305954,-0.5953861,-0.7983485,-0.9342303,-0.22709042,0.27503404
1356875161836,-0.3176685,0.8194017,-0.4771453,-0.072784126,-0.522798,-0.8493437,-0.9454043,-0.23508114,0.22571588
1356875161876,-0.29074478,0.8501279,-0.43903318,-0.046239376,-0.47080368,-0.8810255,-0.95568275,-0.2358529,0.17619303
1356875161916,-0.26288396,0.8716527,-0.4136589,-0.019727558,-0.43350518,-0.9009352,-0.96462584,-0.22868085,0.1311571
1356875161956,-0.23435062,0.8860605,-0.39997074,0.0038148165,-0.41058683,-0.9118136,-0.9721446,-0.21520987,0.09284109
1356875161996,-0.20634288,0.8925359,-0.40100163,0.024893016,-0.4049,-0.914022,-0.97816306,-0.19858402,0.06133035
1356875162036,-0.17969912,0.8884618,-0.4223078,0.04535833,-0.42135602,-0.9057603,-0.9826754,-0.18191949,0.035418183
1356875162076,-0.15436834,0.86678326,-0.474191,0.06802651,-0.46948057,-0.88031834,-0.9856687,-0.16815084,0.0135086775
1356875162116,-0.12862867,0.8083939,-0.5744163,0.096719205,-0.5662403,-0.8185459,-0.98696506,-0.16084552,-0.005352527
1356875162156,-0.09646535,0.6762053,-0.7303704,0.1326277,-0.71851647,-0.6827475,-0.98646057,-0.16272882,-0.02037166
1356875162196,-0.052669585,0.45066378,-0.8911386,0.1671761,-0.8758045,-0.45278978,-0.9845192,-0.17282538,-0.029211901
1356875162236,-0.008155823,0.19935225,-0.9798939,0.1891502,-0.9619283,-0.19727159,-0.9819143,-0.18695605,-0.029862199
1356875162276,0.01985538,0.013094865,-0.9997171,0.20098045,-0.97955537,-0.008839101,-0.97939396,-0.2007481,-0.022081256
1356875162316,0.025868475,-0.08731538,-0.9958447,0.21011499,-0.9734502,0.09080987,-0.9773344,-0.21159102,-0.006835401
1356875162355,0.011622429,-0.12173341,-0.9924947,0.2187153,-0.9682178,0.12131698,-0.97571945,-0.2184838,0.015371978
1356875162396,0.0041716695,-0.22005323,-0.97547895,0.22598192,-0.95004517,0.21528216,-0.9741226,-0.2213387,0.045764774
1356875162436,-0.0737198,-0.06752596,-0.9949903,0.22475603,-0.9731624,0.049392194,-0.9716224,-0.21998888,0.086918265
1356875162476,-0.14463598,0.004283771,-0.9894757,0.21102813,-0.9768505,-0.035076015,-0.9667201,-0.21388045,0.14038366
1356875162516,-0.2164079,0.0464952,-0.97519535,0.18912306,-0.9779486,-0.088595204,-0.9578101,-0.20360461,0.20284241
1356875162586,-0.2877338,0.07678059,-0.9546277,0.16264199,-0.97838485,-0.1277132,-0.9437992,-0.19200996,0.26902664
1356875162599,-0.34554005,0.13798968,-0.9282031,0.12711702,-0.9731296,-0.19199015,-0.9297545,-0.18433069,0.31871432
1356875162638,-0.3801006,0.20536456,-0.9018587,0.095407814,-0.961134,-0.2590732,-0.9200114,-0.18451822,0.34573415
1356875162677,-0.3932076,0.2782501,-0.8763359,0.07118355,-0.94103587,-0.330733,-0.91669005,-0.19242744,0.3502157
1356875162717,-0.38862556,0.34882715,-0.8528128,0.059829295,-0.9140594,-0.40114307,-0.9194512,-0.20691764,0.33435684
1356875162757,-0.37206483,0.41004694,-0.83272403,0.062620476,-0.8839995,-0.4632749,-0.9260921,-0.22451384,0.30322772
1356875162797,-0.34724587,0.46006486,-0.8171662,0.07677862,-0.8545161,-0.5137191,-0.93462574,-0.24112773,0.26140404
1356875162836,-0.31694406,0.49786317,-0.8072661,0.09694134,-0.829685,-0.54975003,-0.9434769,-0.2524975,0.21470028
1356875162876,-0.2828576,0.5234284,-0.8037501,0.116889015,-0.8129144,-0.5705323,-0.95201284,-0.25532898,0.16875605
1356875162916,-0.24674344,0.5353279,-0.8078004,0.13225651,-0.80717224,-0.5753095,-0.9600134,-0.24879074,0.12836392
1356875162956,-0.20947862,0.5343299,-0.81890804,0.14040034,-0.81237465,-0.5659816,-0.967681,-0.23353598,0.095154956
1356875162996,-0.17201978,0.51853704,-0.83757305,0.14233863,-0.82824117,-0.541993,-0.9747559,-0.21245247,0.06866588
1356875163036,-0.13543934,0.4869163,-0.8628839,0.14045805,-0.8526771,-0.50320315,-0.9807792,-0.18935248,0.04709465
1356875163076,-0.10073751,0.43884075,-0.8929003,0.13822965,-0.88258797,-0.44936764,-0.98526376,-0.16869344,0.028248794
1356875163116,-0.069048226,0.3749931,-0.9244526,0.13982397,-0.91387945,-0.38114783,-0.98776597,-0.15557823,0.010668725
1356875163156,-0.041546047,0.29797974,-0.95366764,0.1482293,-0.9420909,-0.30082005,-0.9880799,-0.15385936,-0.0050291717
1356875163196,-0.01936388,0.21370025,-0.9767073,0.16257928,-0.9632155,-0.21397154,-0.98650545,-0.16293569,-0.016091585
1356875163236,-0.003874302,0.13094036,-0.9913826,0.17921273,-0.97524863,-0.12950976,-0.9838027,-0.17817016,-0.019687712
1356875163283,8.9013577E-4,0.052417696,-0.9986249,0.19718635,-0.9790275,-0.051213264,-0.98036563,-0.1968696,-0.011207581
1356875163313,-0.0023046136,0.009340897,-0.9999536,0.21152353,-0.9773255,-0.009617038,-0.97737014,-0.2115359,2.766559E-4
1356875163356,-0.014492214,-0.02590695,-0.9995593,0.22223522,-0.97474384,0.022041671,-0.97488534,-0.22181785,0.019883692
1356875163396,-0.0401994,-0.037301138,-0.9984953,0.22952016,-0.97292644,0.027105488,-0.97247344,-0.22808516,0.04767236
1356875163436,-0.07970172,-0.035208836,-0.99619675,0.23231734,-0.972512,0.015784949,-0.96936905,-0.23017569,0.08569044
1356875163476,-0.13267791,-0.028738648,-0.9907425,0.22853816,-0.9735321,-0.0023658723,-0.9644516,-0.22673637,0.13573408
1356875163516,-0.19552022,-0.023151293,-0.9804264,0.21715157,-0.9759276,-0.020260103,-0.9563561,-0.21686238,0.19584098
1356875163585,-0.25990772,-0.014751755,-0.96552074,0.19994354,-0.9790363,-0.03886439,-0.94470656,-0.2031508,0.25740868
1356875163597,-0.31488854,0.0075491294,-0.9490986,0.17880866,-0.98159087,-0.067132086,-0.9321333,-0.19084617,0.30774194
1356875163637,-0.35207653,0.05280799,-0.9344803,0.1538829,-0.981555,-0.11344541,-0.9232346,-0.18374202,0.33745623
1356875163677,-0.36757088,0.11946942,-0.9222899,0.1283094,-0.9757156,-0.1775266,-0.9211016,-0.18359208,0.34331566
1356875163718,-0.36302805,0.19944286,-0.910183,0.10828039,-0.9611757,-0.2538044,-0.9254653,-0.19069308,0.32733798
1356875163757,-0.34304142,0.28017226,-0.89656353,0.099943735,-0.9381762,-0.3314163,-0.9339882,-0.20329541,0.29383177
1356875163797,-0.31302738,0.35097545,-0.88251346,0.10496429,-0.91073495,-0.39942995,-0.94392604,-0.21766493,0.24824515
1356875163837,-0.27744,0.40574804,-0.8708592,0.119549304,-0.8848185,-0.45033813,-0.953276,-0.22905236,0.19697702
1356875163877,-0.23925579,0.44184166,-0.8645997,0.13707267,-0.8661735,-0.4805773,-0.9612324,-0.23349386,0.1466726
1356875163917,-0.20025891,0.45809358,-0.8660522,0.15159927,-0.85882396,-0.48932487,-0.96794313,-0.22928463,0.10254061
1356875163956,-0.16152632,0.45334673,-0.87657636,0.16005576,-0.86444587,-0.4765665,-0.9738026,-0.21727909,0.06706995
1356875163996,-0.123689115,0.42601252,-0.89622223,0.16216154,-0.882339,-0.4417934,-0.9789814,-0.19997784,0.040052943
1356875164036,-0.08703607,0.37403715,-0.92332065,0.15986246,-0.90958244,-0.3835411,-0.98329484,-0.18098623,0.019371986
1356875164076,-0.05180353,0.29641855,-0.95365214,0.15689695,-0.9406597,-0.300903,-0.9862554,-0.16521296,0.0022223294
1356875164116,-0.018310368,0.19561669,-0.9805095,0.15745652,-0.9678726,-0.19603597,-0.9873562,-0.15797709,-0.013079081
1356875164156,0.012893617,0.079986,-0.99671257,0.16327131,-0.98358583,-0.07682048,-0.9864969,-0.16174407,-0.025741398
1356875164196,0.040272593,-0.037805893,-0.9984733,0.17249432,-0.9840176,0.04421597,-0.9841869,-0.17401165,-0.03310764
1356875164236,0.061212063,-0.14543639,-0.9874722,0.18255772,-0.97100747,0.15432796,-0.98128784,-0.18971741,-0.032886833
1356875164276,0.07330167,-0.23433025,-0.9693896,0.19267084,-0.9503658,0.2443007,-0.97852176,-0.20468077,-0.024514794
1356875164316,0.074953556,-0.30055624,-0.95081437,0.20346165,-0.92882884,0.3096456,-0.97620964,-0.2166633,-0.008467346
1356875164356,0.06488067,-0.34502408,-0.9363487,0.21584305,-0.91126066,0.35073572,-0.9742701,-0.2248603,0.015347958
1356875164396,0.04161358,-0.37249234,-0.9271018,0.23077402,-0.89923155,0.37165302,-0.9721171,-0.2294168,0.048541307
1356875164436,0.0039060712,-0.3898794,-0.9208576,0.24893935,-0.89149535,0.37850374,-0.96851116,-0.23071617,0.09357414
1356875164476,-0.047816932,-0.40391093,-0.9135477,0.26990193,-0.8857968,0.3775141,-0.9616998,-0.22851673,0.15137249
1356875164516,-0.10909736,-0.4170127,-0.90232927,0.2918796,-0.8811717,0.3719446,-0.95021266,-0.22279336,0.21785101
1356875164584,-0.17064023,-0.4247021,-0.8891063,0.31153536,-0.8793065,0.3602301,-0.9347874,-0.2155183,0.28235486
1356875164599,-0.22249252,-0.41999024,-0.87983245,0.32404464,-0.88300306,0.3395592,-0.9195064,-0.20955564,0.33255732
1356875164638,-0.25875723,-0.397845,-0.88020694,0.3253437,-0.8938946,0.30838943,-0.90950334,-0.20657177,0.36073798
1356875164677,-0.2772485,-0.35710022,-0.89197123,0.31556335,-0.91070795,0.26651594,-0.90749824,-0.20758228,0.36518016
1356875164717,-0.27835876,-0.29806405,-0.9130577,0.29845834,-0.930411,0.21273965,-0.9129288,-0.2132917,0.34794766
1356875164757,-0.26418173,-0.22580844,-0.93766654,0.27928483,-0.9484637,0.14972183,-0.92315114,-0.22232229,0.31363165
1356875164797,-0.23799431,-0.1491678,-0.95974356,0.26237068,-0.9612741,0.084343806,-0.93515795,-0.23173521,0.26791495
1356875164836,-0.20376307,-0.0791685,-0.9758139,0.24885172,-0.9681766,0.02658528,-0.946865,-0.23741588,0.21697992
1356875164876,-0.16540581,-0.025929287,-0.98588467,0.23726775,-0.9713396,-0.014260627,-0.95725906,-0.23627743,0.16681746
1356875164916,-0.12596393,0.0037480518,-0.9920277,0.225052,-0.97381264,-0.032255493,-0.96617,-0.22732085,0.12182182
1356875164956,-0.08740032,0.0066108108,-0.9961513,0.21031103,-0.9773164,-0.024938084,-0.97371995,-0.21168122,0.08402744
1356875164996,-0.050899148,-0.017442025,-0.9985514,0.1925258,-0.98126453,0.007326454,-0.9799709,-0.19187401,0.05330363
1356875165046,-0.016108751,-0.063467905,-0.9978539,0.17035398,-0.98356616,0.05980905,-0.9852513,-0.16902494,0.026656032
1356875165086,0.017896831,-0.14275219,-0.98959666,0.15154327,-0.97793317,0.14381035,-0.9882886,-0.15254046,0.004131168
1356875165123,0.047878385,-0.22144192,-0.97399753,0.13956523,-0.9640671,0.22604474,-0.98905474,-0.14675885,-0.015252382
1356875165164,0.07395917,-0.29060185,-0.9539814,0.13732697,-0.9445204,0.29836637,-0.9877608,-0.15307432,-0.029948473
1356875165206,0.094156265,-0.34740144,-0.93297744,0.14353988,-0.9226118,0.35802776,-0.98515534,-0.16763,-0.037003726
1356875165246,0.105885506,-0.3909884,-0.91428465,0.15556897,-0.9016179,0.40358832,-0.9821337,-0.18496844,-0.034642607
1356875165286,0.107536376,-0.42066923,-0.90081817,0.17110792,-0.88472134,0.43357846,-0.9793661,-0.20076254,-0.023159891
1356875165326,0.09829301,-0.43595138,-0.89458644,0.18883649,-0.8744363,0.44688022,-0.9770769,-0.21285574,-0.0036274483
1356875165366,0.07708436,-0.43831033,-0.8955122,0.20813014,-0.8713225,0.44438612,-0.9750589,-0.22063832,0.02406019
1356875165406,0.042115092,-0.43176827,-0.90100086,0.22853348,-0.87372977,0.42938194,-0.9726248,-0.22399232,0.061876237
1356875165446,-0.008246899,-0.42188188,-0.9066133,0.24897209,-0.8789588,0.4067484,-0.9684755,-0.22236699,0.112285495
1356875165486,-0.072803855,-0.41211808,-0.90821713,0.26762223,-0.88530946,0.38027036,-0.9607695,-0.21537392,0.17474589
1356875165526,-0.14418489,-0.3984305,-0.9057946,0.282078,-0.89393055,0.34831053,-0.94849503,-0.20528364,0.24127969
1356875165583,-0.21081817,-0.3724813,-0.9037773,0.28895396,-0.9069862,0.30640137,-0.93384224,-0.19655508,0.29883903
1356875165607,-0.2629003,-0.32754922,-0.9075214,0.2848655,-0.9250283,0.2513451,-0.9218108,-0.19244282,0.3364976
1356875165647,-0.2954328,-0.2629714,-0.9184583,0.27037627,-0.94508135,0.18362439,-0.9163057,-0.19408062,0.35030925
1356875165687,-0.30749184,-0.18297327,-0.9337931,0.2507203,-0.9622402,0.10598684,-0.917926,-0.20153081,0.34175605
1356875165727,-0.30122274,-0.09555439,-0.948754,0.23259845,-0.97227484,0.024074934,-0.92475015,-0.2134268,0.3150971
1356875165767,-0.280693,-0.010271244,-0.95974255,0.22046012,-0.9738969,-0.054054588,-0.9341352,-0.2267577,0.2756306
1356875165806,-0.25045675,0.064462095,-0.9659793,0.21497744,-0.96916723,-0.120413676,-0.9439576,-0.23782219,0.22887665
1356875165846,-0.21450388,0.12239801,-0.9690237,0.21378705,-0.9621759,-0.16885713,-0.95303893,-0.24338523,0.18022329
1356875165886,-0.17567384,0.15951586,-0.9714388,0.21323967,-0.95719135,-0.19573836,-0.9610762,-0.24153541,0.13413838
1356875165926,-0.13580447,0.17293872,-0.97552526,0.21016403,-0.95720977,-0.19894907,-0.96818817,-0.23203847,0.09364775
1356875165966,-0.096159756,0.16042215,-0.9823534,0.20259628,-0.9631128,-0.17711166,-0.9745297,-0.21605214,0.06011176
1356875166006,-0.05771649,0.12028141,-0.9910607,0.1901292,-0.9732221,-0.12918897,-0.9800611,-0.19588591,0.03330189
1356875166046,-0.021332324,0.051876172,-0.99842566,0.17486182,-0.98306596,-0.05481421,-0.9843618,-0.17575584,0.011899979
1356875166104,0.01212126,-0.041188568,-0.99907786,0.1611991,-0.98600185,0.04260523,-0.98684746,-0.16156688,-0.0053120255
1356875166126,0.041879773,-0.1488971,-0.98796546,0.15335838,-0.97615707,0.1536183,-0.98728275,-0.15794629,-0.018046618
1356875166167,0.066778004,-0.25619784,-0.96431494,0.15271948,-0.9524596,0.26362383,-0.9860109,-0.16487396,-0.024476945
1356875166203,0.08493352,-0.34883916,-0.93332607,0.15837222,-0.9200762,0.3582989,-0.98371977,-0.17824447,-0.022898883
1356875166246,0.094320655,-0.41847253,-0.9033186,0.16955513,-0.88735443,0.42878115,-0.9809968,-0.19360523,-0.0127417445
1356875166286,0.09341639,-0.46164507,-0.8821322,0.18551888,-0.86241853,0.4709745,-0.9781902,-0.20764889,0.0050798953
1356875166326,0.08049244,-0.48136044,-0.8728191,0.20597921,-0.8487264,0.48706895,-0.9752403,-0.21898794,0.03083414
1356875166366,0.05336696,-0.4823061,-0.87437564,0.23052946,-0.84602,0.48073527,-0.97160083,-0.22722474,0.066036195
1356875166406,0.010449052,-0.47252005,-0.88125795,0.25766683,-0.8502721,0.45896095,-0.9661773,-0.23186666,0.11286816
1356875166446,-0.04753071,-0.45989805,-0.8866988,0.28436965,-0.8571985,0.42935392,-0.9575358,-0.23174271,0.17152423
1356875166486,-0.114971936,-0.44629717,-0.8874685,0.3070597,-0.865607,0.39552355,-0.94472,-0.2270317,0.23656031
1356875166526,-0.18157607,-0.42536935,-0.8866177,0.3220758,-0.87760067,0.35508332,-0.9291379,-0.22108349,0.29635254
1356875166581,-0.23608917,-0.386179,-0.8916994,0.3254049,-0.89607805,0.30192012,-0.9156274,-0.21888328,0.33721888
1356875166617,-0.27428782,-0.32003152,-0.90683293,0.3134361,-0.9212555,0.23031706,-0.9091337,-0.22106102,0.35299867
1356875166657,-0.2897362,-0.2381685,-0.9269998,0.29319504,-0.9440664,0.15091443,-0.9110925,-0.22806638,0.34336013
1356875166696,-0.28384036,-0.14756528,-0.94744885,0.2723651,-0.9597959,0.06789216,-0.9193759,-0.23878142,0.31262028
1356875166736,-0.2607178,-0.05828529,-0.96365404,0.25669727,-0.9664293,-0.010996632,-0.9306625,-0.25023437,0.266927
1356875166776,-0.22578472,0.01909288,-0.97399,0.24752948,-0.96587014,-0.07631455,-0.942205,-0.25832194,0.21335274
1356875166816,-0.18421197,0.07575536,-0.9799628,0.24211618,-0.9628052,-0.11994164,-0.9525995,-0.25935954,0.15901858
1356875166856,-0.1398899,0.105199955,-0.9845628,0.23595679,-0.96215296,-0.13633099,-0.96164197,-0.2513856,0.10977277
1356875166896,-0.09534621,0.10164249,-0.99024135,0.22573781,-0.9666499,-0.1209563,-0.969511,-0.23506764,0.069221854
1356875166936,-0.05220425,0.060470283,-0.99680394,0.20985252,-0.9752132,-0.070150815,-0.97633845,-0.21284398,0.038220376
1356875166976,-0.011298597,-0.023908086,-0.9996503,0.18870887,-0.9818011,0.021348327,-0.9819681,-0.18840168,0.015604526
1356875167016,0.026586711,-0.15206529,-0.9880128,0.16375403,-0.9743485,0.15436871,-0.9861429,-0.16589524,-0.0010034144
1356875167056,0.06075883,-0.31157914,-0.9482757,0.13802198,-0.9382819,0.3171389,-0.9885638,-0.15015188,-0.014004141
1356875167096,0.09096998,-0.4734041,-0.8761353,0.11579226,-0.8687875,0.4814567,-0.98909897,-0.1452478,-0.024217099
1356875167136,0.1174317,-0.60947263,-0.78406173,0.10043535,-0.7781876,0.61994904,-0.9879891,-0.1515492,-0.030171275
1356875167176,0.13969284,-0.7104057,-0.68978953,0.09299135,-0.68412924,0.72340846,-0.98581874,-0.16519946,-0.029506363
1356875167216,0.15676564,-0.78119993,-0.6042774,0.09290421,-0.5974651,0.79649496,-0.98325646,-0.18100297,-0.021085232
1356875167256,0.16812348,-0.8296678,-0.53234,0.09927085,-0.5230318,0.8465123,-0.9807547,-0.19516447,-0.0055721253
1356875167296,0.17370743,-0.8623669,-0.47555125,0.11170685,-0.46252155,0.87954265,-0.97844124,-0.20590538,0.015988886
1356875167336,0.17356193,-0.88415027,-0.4337677,0.13072965,-0.41587043,0.89997864,-0.9761076,-0.2129083,0.0434054
1356875167376,0.16758782,-0.8986902,-0.4053026,0.15804115,-0.38130963,0.910838,-0.973107,-0.21669984,0.07812722
1356875167416,0.15522969,-0.9094669,-0.38571185,0.19535679,-0.3544733,0.9144311,-0.9683694,-0.21729824,0.122645795
1356875167456,0.1365012,-0.9196721,-0.36819938,0.24203652,-0.32945287,0.9126221,-0.9606174,-0.21369168,0.1776235
1356875167496,0.1146608,-0.92952037,-0.35049224,0.2931163,-0.3054546,0.9059694,-0.94917643,-0.20661417,0.23743385
1356875167536,0.09530878,-0.936029,-0.3387712,0.33940464,-0.2893716,0.8950243,-0.9357995,-0.20028421,0.29011297
1356875167583,0.08210212,-0.9367346,-0.34027553,0.371898,-0.28797013,0.8824767,-0.92463565,-0.19900098,0.32472682
1356875167617,0.075832546,-0.93076706,-0.35766214,0.38652888,-0.30320823,0.87101114,-0.91915447,-0.20429781,0.33677524
1356875167658,0.076191366,-0.91744506,-0.390499,0.38409296,-0.33440846,0.86060655,-0.9201454,-0.21555868,0.32690513
1356875167696,0.08284229,-0.897509,-0.4331451,0.36870202,-0.376195,0.85002124,-0.9258488,-0.23011914,0.29974854
1356875167736,0.095796585,-0.8735154,-0.47727746,0.34389848,-0.42091376,0.83938384,-0.9341075,-0.24454507,0.2600786
1356875167776,0.11640835,-0.85484946,-0.5056496,0.31162047,-0.45196718,0.8358339,-0.94304925,-0.25486884,0.21377581
1356875167816,0.14653182,-0.85840046,-0.49160647,0.26977023,-0.4434561,0.85473424,-0.9517102,-0.25786656,0.16659051
1356875167856,0.1857872,-0.89981747,-0.3947299,0.2103124,-0.35599822,0.91051304,-0.95981866,-0.2521783,0.123102844
1356875167896,0.22119606,-0.9595257,-0.17430666,0.12406197,-0.14959598,0.98093307,-0.967306,-0.23860335,0.08595061
1356875167936,0.2246713,-0.9660806,0.12732294,0.025932908,0.13654512,0.99029434,-0.9740895,-0.21918881,0.05573103
1356875167976,0.19448216,-0.9069339,0.37369433,-0.045217603,0.37227446,0.92702055,-0.9798633,-0.1971865,0.031391382
1356875168016,0.15820144,-0.8429768,0.5141618,-0.082113296,0.5076839,0.85762143,-0.9839866,-0.17789647,0.011096716
1356875168056,0.13294663,-0.8034407,0.5803517,-0.10202125,0.5713457,0.8143437,-0.98585844,-0.16747248,-0.0060095787
1356875168096,0.12316786,-0.78564036,0.6062994,-0.11697999,0.5951978,0.79501903,-0.9854671,-0.16884571,-0.01859498
1356875168136,0.12732935,-0.7786844,0.61435974,-0.12907675,0.6011253,0.78866184,-0.98342586,-0.1797193,-0.023969114
1356875168176,0.1400187,-0.77209866,0.61988586,-0.13643917,0.6050358,0.78442085,-0.9807034,-0.1944103,-0.020628214
1356875168216,0.15685621,-0.7612034,0.6292579,-0.1377891,0.6140465,0.7771493,-0.97796226,-0.20860556,-0.008568525
1356875168256,0.1751895,-0.74416184,0.6446176,-0.13345525,0.6307509,0.7644234,-0.97544783,-0.21994656,0.011188626
1356875168296,0.19512731,-0.72216606,0.66362756,-0.12338713,0.65318274,0.7470796,-0.97298557,-0.22765872,0.03834778
1356875168336,0.21894744,-0.6987878,0.68099755,-0.10601568,0.67676294,0.7285277,-0.96996015,-0.23170568,0.074093044
1356875168376,0.24938577,-0.68019104,0.68930894,-0.077899456,0.6954017,0.71438646,-0.9652659,-0.23185459,0.12043679
1356875168416,0.2864974,-0.6738039,0.6811075,-0.035595745,0.70293134,0.7103664,-0.9574195,-0.22776268,0.17740345
1356875168456,0.3251589,-0.6842544,0.6527386,0.019390196,0.6949261,0.7188197,-0.94546056,-0.22107387,0.2392292
1356875168496,0.35659105,-0.70888275,0.6085459,0.07713622,0.67148155,0.7369956,-0.9310708,-0.2158651,0.29412484
1356875168536,0.37468117,-0.73984176,0.5587917,0.1245963,0.63740814,0.7603858,-0.91874355,-0.21527886,0.33100635
1356875168583,0.3795026,-0.77043205,0.51226187,0.1529463,0.5983071,0.7865342,-0.91246104,-0.22014317,0.34489378
1356875168617,0.37475252,-0.7987461,0.47070697,0.16042969,0.5559151,0.8156105,-0.913139,-0.23013672,0.33647323
1356875168658,0.36395124,-0.82593447,0.43054822,0.15014714,0.5082302,0.8480318,-0.9192363,-0.24399668,0.30898267
1356875168697,0.34884328,-0.8551744,0.38338637,0.13045534,0.44941175,0.883748,-0.92805696,-0.25827473,0.26833636
1356875168737,0.3299957,-0.88633144,0.3248376,0.107719064,0.37722272,0.91983676,-0.9378164,-0.268551,0.21995664
1356875168777,0.3079535,-0.9156348,0.2584135,0.08589512,0.29726198,0.9509244,-0.947516,-0.27064404,0.1701914
1356875168816,0.28753093,-0.91686356,0.27692446,0.041474253,0.3007821,0.9527906,-0.95687294,-0.26247153,0.12451041
1356875168856,0.2526567,-0.81162286,0.5267189,-0.05883941,0.53048486,0.84564984,-0.9657652,-0.24465087,0.08627516
1356875168896,0.20986505,-0.7733252,0.5982682,-0.08838442,0.5943845,0.79930925,-0.9737273,-0.22062469,0.056390643
1356875168936,0.17879726,-0.80426,0.5667427,-0.083040565,0.56163394,0.8232081,-0.98037535,-0.19424999,0.033632398
1356875168976,0.15289228,-0.83922994,0.5218401,-0.07550308,0.51658523,0.85290027,-0.9853543,-0.1698024,0.01561743
1356875169016,0.13417341,-0.87151504,0.47165555,-0.0716494,0.4661817,0.88178277,-0.98836416,-0.15210557,1.05679035E-4
1356875169056,0.12705909,-0.903067,0.41027564,-0.07170588,0.40418297,0.9118632,-0.98929995,-0.14527977,-0.013400137
1356875169093,0.13297305,-0.9311224,0.33960167,-0.07226446,0.33262405,0.94028676,-0.98848176,-0.14957392,-0.023056984
1356875169136,0.14868695,-0.9518819,0.26797977,-0.06823623,0.2604701,0.96306765,-0.9865273,-0.16148153,-0.026224375
1356875169176,0.16784447,-0.9645255,0.20376131,-0.056935847,0.19686395,0.9787762,-0.98416793,-0.17588353,-0.021873593
1356875169216,0.18596429,-0.9716789,0.14579889,-0.037751377,0.14121181,0.98925936,-0.98183095,-0.189471,-0.010421872
1356875169256,0.20042226,-0.9758096,0.08733028,-0.010606408,0.086972564,0.9961542,-0.9796522,-0.2005777,0.0070813894
1356875169296,0.20951861,-0.97762024,0.018988758,0.025917858,0.024965465,0.9993523,-0.9774611,-0.20889074,0.03056857
1356875169336,0.21064344,-0.9752182,-0.067667544,0.074698806,-0.052960962,0.9957988,-0.9747048,-0.21481314,0.06169173
1356875169376,0.19852811,-0.96503204,-0.17117149,0.13707751,-0.1455915,0.97980237,-0.9704619,-0.21798202,0.10338026
1356875169416,0.16828781,-0.9470916,-0.27330732,0.20800129,-0.23690039,0.9490067,-0.9635428,-0.21655452,0.1571288
1356875169456,0.12239808,-0.92606544,-0.3569615,0.2771698,-0.31346107,0.90825063,-0.95299304,-0.21010715,0.2183103
1356875169496,0.06875962,-0.9015151,-0.42725,0.33448005,-0.38264388,0.86122394,-0.939891,-0.202124,0.27522838
1356875169536,0.013517916,-0.86585265,-0.50011635,0.3721642,-0.45987028,0.8062339,-0.9280685,-0.19702399,0.31602287
1356875169583,-0.040052235,-0.808836,-0.5866688,0.38638103,-0.554003,0.7374215,-0.9214693,-0.19714233,0.33470792
1356875169617,-0.08881253,-0.7202213,-0.6880361,0.37827167,-0.6634019,0.64560705,-0.9214244,-0.20292653,0.33135772
1356875169657,-0.12752622,-0.59591824,-0.79285467,0.35348624,-0.77419734,0.52503896,-0.9267063,-0.21330693,0.3093794
1356875169697,-0.14993513,-0.44789606,-0.88142425,0.32123607,-0.8652026,0.385009,-0.9350545,-0.22541887,0.27360457
1356875169737,-0.15287417,-0.30468383,-0.9401049,0.29100493,-0.9229873,0.25181463,-0.94442874,-0.2350792,0.22976542
1356875169777,-0.13843822,-0.19413121,-0.9711581,0.26715392,-0.95156944,0.15213281,-0.95365804,-0.23838767,0.18359649
1356875169817,-0.111169815,-0.13183272,-0.9850185,0.24822211,-0.9634309,0.100928985,-0.96230304,-0.2332831,0.13982823
1356875169857,-0.07513988,-0.12421137,-0.9894067,0.2303944,-0.96752745,0.10396747,-0.97019196,-0.22014163,0.101317436
1356875169896,-0.03346622,-0.17492794,-0.9840123,0.21002056,-0.96381104,0.16419396,-0.97712404,-0.20116785,0.06899357
1356875169936,0.010457873,-0.2830146,-0.9590586,0.18418998,-0.9421542,0.28003466,-0.982835,-0.17957751,0.042275578
1356875169976,0.05178529,-0.43046212,-0.9011219,0.15251929,-0.88833827,0.4331203,-0.9869428,-0.15986776,0.019650817
1356875170016,0.0860638,-0.57542676,-0.8133124,0.120246515,-0.8043742,0.5818272,-0.9890065,-0.14787225,-3.4485012E-5
1356875170056,0.11327988,-0.67884207,-0.72549367,0.096146256,-0.7192773,0.6880378,-0.9889002,-0.14769435,-0.01621151
1356875170096,0.13604277,-0.73765635,-0.6613286,0.08532208,-0.65633076,0.7496334,-0.9870221,-0.15840816,-0.026350737
1356875170136,0.15414351,-0.7661154,-0.62394476,0.08774963,-0.618382,0.78096336,-0.9841442,-0.17513138,-0.028093264
1356875170176,0.16541159,-0.7758826,-0.6088064,0.100874275,-0.6007621,0.7930381,-0.9810523,-0.1925906,-0.021106482
1356875170216,0.16788685,-0.77256966,-0.61233175,0.12212303,-0.60006416,0.790575,-0.9782126,-0.20750698,-0.0063943565
1356875170256,0.15980953,-0.7588178,-0.63139254,0.14979234,-0.61356544,0.7753062,-0.97571677,-0.21847913,0.01561147
1356875170296,0.13911134,-0.73727214,-0.6611187,0.18296766,-0.6369797,0.7488523,-0.9732271,-0.22513717,0.046285808
1356875170336,0.10369432,-0.7129552,-0.6935001,0.22070847,-0.66338086,0.71499205,-0.969812,-0.22720197,0.08856642
1356875170376,0.053159058,-0.69234014,-0.7196104,0.26131603,-0.6858728,0.67918503,-0.96378833,-0.22415057,0.1444593
1356875170416,-0.008407354,-0.67727906,-0.7356782,0.3020088,-0.70306796,0.64380604,-0.95326805,-0.21676862,0.21045512
1356875170456,-0.07220471,-0.6605667,-0.7472872,0.33757436,-0.72120905,0.60489756,-0.9385255,-0.20858854,0.27506506
1356875170496,-0.12923896,-0.63194484,-0.76416165,0.36071807,-0.74778944,0.55739886,-0.92367727,-0.20360929,0.32459742
1356875170536,-0.17401391,-0.5843993,-0.79258853,0.3665349,-0.7854743,0.49868047,-0.9139865,-0.203734,0.35088626
1356875170582,-0.20385951,-0.5148442,-0.83269256,0.35590476,-0.83133227,0.42687064,-0.912016,-0.2093376,0.35271046
1356875170617,-0.21791577,-0.4254462,-0.8783555,0.33475858,-0.8779698,0.34220737,-0.9167603,-0.21946466,0.33374515
1356875170658,-0.21627128,-0.3232793,-0.92125845,0.3098254,-0.91754377,0.24924225,-0.9258698,-0.23152536,0.2985985
1356875170697,-0.20163846,-0.22370087,-0.95357215,0.2867006,-0.94440746,0.16092637,-0.93656003,-0.24094078,0.25456405
1356875170737,-0.17744595,-0.13955219,-0.9741858,0.26607007,-0.9598333,0.08903209,-0.9474807,-0.24340332,0.2074492
1356875170776,-0.14725602,-0.08206396,-0.98568815,0.24631993,-0.9681979,0.043809034,-0.95793635,-0.2363435,0.16278702
1356875170816,-0.114120185,-0.057652347,-0.9917927,0.2252317,-0.97382164,0.03069152,-0.9675987,-0.21988066,0.12411791
1356875170856,-0.0801878,-0.06922824,-0.9943728,0.20190242,-0.9780343,0.051809013,-0.97611743,-0.19661182,0.09240383
1356875170896,-0.046815753,-0.1167485,-0.9920575,0.17742185,-0.9783271,0.10676001,-0.9830207,-0.17101462,0.06651479
1356875170946,-0.013700843,-0.19018456,-0.98165274,0.1517879,-0.9707629,0.18595628,-0.9883181,-0.14645527,0.04216805
1356875170986,0.02096939,-0.30093813,-0.9534131,0.13184036,-0.9444626,0.30101267,-0.9910492,-0.1320104,0.019870937
1356875171036,0.05624181,-0.38978124,-0.9191885,0.124506995,-0.91072094,0.39380872,-0.9906235,-0.13659392,-0.0026901085
1356875171076,0.08859563,-0.47086102,-0.87774754,0.123866275,-0.8691645,0.47875914,-0.98833597,-0.15113929,-0.018680423
1356875171116,0.11359906,-0.5272675,-0.84207135,0.1311543,-0.8321821,0.5387686,-0.98483187,-0.17164493,-0.02538174
1356875171156,0.12936926,-0.5633544,-0.81602407,0.14481649,-0.8033822,0.5775856,-0.98096466,-0.19289556,-0.02234989
1356875171196,0.13467711,-0.5825209,-0.8015806,0.16331095,-0.7848393,0.59779334,-0.9773391,-0.21141596,-0.010567848
1356875171236,0.12828845,-0.5874951,-0.79899406,0.18564983,-0.77718294,0.6012659,-0.9742054,-0.22546859,0.00936481
1356875171276,0.10837299,-0.58218384,-0.8058022,0.21141195,-0.7785374,0.59091824,-0.97137034,-0.23439579,0.038708266
1356875171316,0.072873175,-0.57211524,-0.81692934,0.24003886,-0.78496826,0.5711445,-0.96802413,-0.2377159,0.08012682
1356875171356,0.021073818,-0.56416047,-0.8253962,0.2699719,-0.79169923,0.5480213,-0.96263754,-0.23438266,0.1356234
