1356874936868,-0.11965895,0.08425534,-0.9892335,0.57580805,-0.80580586,-0.13828285,-0.80878115,-0.58615535,0.047906935
1356874936887,0.19780862,-0.34784412,-0.91644764,0.55384076,-0.731732,0.39727658,-0.80878437,-0.58615077,0.047907352
1356874936923,0.19774699,-0.34778923,-0.9164818,0.55384445,-0.73177254,0.39719686,-0.80879694,-0.58613276,0.04791531
1356874936958,0.19728476,-0.34724355,-0.9167882,0.5539939,-0.7320455,0.39648482,-0.8088075,-0.5861155,0.047949404
1356874936996,0.19607335,-0.34576836,-0.91760534,0.5544987,-0.7326945,0.39457592,-0.8087562,-0.58617675,0.04806617
1356874937036,0.19251788,-0.34112298,-0.9200935,0.55608904,-0.7346201,0.38871366,-0.80851835,-0.58648825,0.048267245
1356874937078,0.1850105,-0.33108315,-0.9252864,0.55936986,-0.73865855,0.3761502,-0.8080077,-0.5871691,0.048538297
1356874937117,0.17285728,-0.3149886,-0.9332216,0.56439763,-0.7448233,0.35594022,-0.80720234,-0.5882349,0.04903075
1356874937155,0.1557635,-0.29285905,-0.9433829,0.57071114,-0.7528266,0.32793474,-0.8062423,-0.5894794,0.0498749
1356874937198,0.13597775,-0.2677338,-0.9538494,0.577206,-0.76109624,0.295915,-0.80519766,-0.5908055,0.051045418
1356874937237,0.114649,-0.24060304,-0.96382874,0.5832624,-0.76908493,0.26136863,-0.8041522,-0.59213066,0.052159816
1356874937276,0.09365523,-0.21338825,-0.972468,0.5882941,-0.7761422,0.22696523,-0.80320525,-0.5933537,0.052845325
1356874937318,0.07559425,-0.18944755,-0.97897655,0.5920719,-0.78145057,0.1969415,-0.80233186,-0.5945121,0.053093407
1356874937357,0.06178993,-0.17093506,-0.98334277,0.5948446,-0.78482586,0.17380475,-0.8014623,-0.5956755,0.053185582
1356874937396,0.053161085,-0.15952381,-0.9857617,0.59676373,-0.78641576,0.15944691,-0.8006541,-0.5967432,0.05339131
1356874937436,0.04949051,-0.15505283,-0.9866657,0.59781057,-0.78677905,0.15362673,-0.8001082,-0.59744227,0.053754147
1356874937478,0.05045384,-0.15666765,-0.98636186,0.5977241,-0.78647804,0.1554938,-0.8001127,-0.5974175,0.05396313
1356874937516,0.054901242,-0.16209494,-0.9852467,0.5963554,-0.78608817,0.16255985,-0.8008409,-0.5964819,0.053508937
1356874937556,0.0614506,-0.16916373,-0.98367035,0.593899,-0.7858837,0.17225128,-0.80218923,-0.59478587,0.052173227
1356874937597,0.06832409,-0.17558783,-0.98209,0.59060585,-0.78624666,0.18166153,-0.8040625,-0.59243995,0.04998362
1356874937654,0.0742957,-0.18038581,-0.9807859,0.5870242,-0.7871412,0.1892385,-0.806153,-0.58980477,0.047409687
1356874937676,0.07831061,-0.18249537,-0.9800831,0.58343595,-0.7887737,0.19349054,-0.8083749,-0.58696806,0.044704977
1356874937717,0.07987261,-0.18207596,-0.980035,0.5801327,-0.7910224,0.19424091,-0.8105963,-0.58406496,0.04244721
1356874937753,0.07903129,-0.18047832,-0.9803988,0.5773201,-0.793476,0.19260693,-0.8126842,-0.5812259,0.0414843
1356874937796,0.07619089,-0.1794175,-0.9808182,0.57509863,-0.79566157,0.19022171,-0.8145284,-0.57856035,0.042560548
1356874937836,0.07185632,-0.17974888,-0.98108464,0.573511,-0.7973139,0.18808438,-0.81604034,-0.5761779,0.045795858
1356874937911,0.06694436,-0.18319748,-0.98079413,0.5724486,-0.7980641,0.18813889,-0.8172032,-0.57404906,0.05144525
1356874937917,0.061649203,-0.18670051,-0.9804806,0.5718291,-0.7985384,0.18801017,-0.81805307,-0.57225806,0.05753156
1356874937956,0.05807829,-0.19291428,-0.9794953,0.57142437,-0.7981017,0.19107042,-0.8185971,-0.57080454,0.06388348
1356874937996,0.058086455,-0.20338514,-0.97737426,0.57139695,-0.7960292,0.19960715,-0.8186156,-0.5700631,0.06997517
1356874938036,0.06407744,-0.22137658,-0.9730809,0.57219976,-0.79072773,0.21757051,-0.81760716,-0.5707381,0.07600388
1356874938076,0.07852805,-0.2515332,-0.9646577,0.5740373,-0.77971864,0.25004017,-0.81505495,-0.57338464,0.083159655
1356874938116,0.1027118,-0.29736754,-0.9492222,0.5762348,-0.7600518,0.3004574,-0.81080437,-0.5778353,0.09328729
1356874938156,0.13529813,-0.35771632,-0.92397696,0.57752466,-0.72927725,0.36690563,-0.8050836,-0.58326113,0.10792026
1356874938196,0.17201036,-0.42555067,-0.88843626,0.57738215,-0.68717265,0.44093478,-0.7981493,-0.5888126,0.12750462
1356874938236,0.20725864,-0.49131298,-0.8459642,0.57683444,-0.6370486,0.51130325,-0.79013026,-0.5939533,0.15137249
1356874938276,0.23636568,-0.547832,-0.80250317,0.57787955,-0.58470887,0.5693599,-0.7811443,-0.5983273,0.17837587
1356874938316,0.25673968,-0.5924727,-0.7635844,0.5822736,-0.535766,0.61148375,-0.77138984,-0.60160714,0.20742872
1356874938356,0.2676354,-0.6262514,-0.7322435,0.59083754,-0.4936455,0.63814193,-0.76110595,-0.6034263,0.23789585
1356874938396,0.26957154,-0.6520774,-0.7086087,0.6033005,-0.4591816,0.65205884,-0.750573,-0.6032804,0.2696163
1356874938436,0.26406413,-0.67358005,-0.69033325,0.6184659,-0.43097204,0.6570868,-0.7401149,-0.6004606,0.30278206
1356874938476,0.2533635,-0.6936656,-0.6742663,0.63471925,-0.40679395,0.6570011,-0.7300264,-0.5944299,0.33721605
1356874938516,0.2406944,-0.7146947,-0.6567174,0.6507135,-0.38320816,0.655533,-0.7201654,-0.585118,0.37282538
1356874938556,0.2293334,-0.73691857,-0.635891,0.665836,-0.35775822,0.65473026,-0.70997804,-0.5735505,0.40862086
1356874938596,0.22172683,-0.7570769,-0.61455005,0.6794377,-0.33210856,0.65426934,-0.6994296,-0.56261754,0.44074917
1356874938636,0.21860546,-0.769858,-0.59960854,0.68990886,-0.312621,0.65291196,-0.6900997,-0.55640537,0.46279112
1356874938676,0.21948814,-0.7719394,-0.5966025,0.6949097,-0.3055212,0.6509665,-0.6847814,-0.55746424,0.46936983
1356874938716,0.22368306,-0.76271445,-0.60682166,0.6926401,-0.313635,0.64952487,-0.6857226,-0.56559676,0.45813185
1356874938756,0.2307679,-0.74251646,-0.6288207,0.68271905,-0.33690894,0.64837253,-0.69328266,-0.57893145,0.42918244
1356874938796,0.24085462,-0.7124095,-0.6591371,0.66593885,-0.37274426,0.6462099,-0.70605564,-0.5945876,0.38464394
1356874938836,0.25540566,-0.67664933,-0.6905893,0.64326406,-0.41431767,0.64385736,-0.721789,-0.6086761,0.32944506
1356874938907,0.27628684,-0.64191306,-0.7152714,0.6140721,-0.45460302,0.6451756,-0.73931116,-0.6174817,0.2685801
1356874938918,0.30887562,-0.6226965,-0.7189193,0.57639754,-0.47870392,0.66227525,-0.7565459,-0.618944,0.21106076
1356874938955,0.35249656,-0.6280223,-0.6937825,0.5267296,-0.47963166,0.7017902,-0.7734999,-0.6128144,0.1617294
1356874938996,0.40667546,-0.6637939,-0.62768835,0.45931616,-0.44535583,0.7685615,-0.7897112,-0.6008625,0.12377602
1356874939036,0.46165156,-0.72103775,-0.51670337,0.3729633,-0.3707294,0.8505634,-0.80484545,-0.5853753,0.09777287
1356874939076,0.5037017,-0.77941537,-0.37255377,0.27580264,-0.26359883,0.92436385,-0.81866807,-0.56835496,0.08218962
1356874939116,0.5253038,-0.82164705,-0.22125095,0.18268272,-0.14505404,0.9724126,-0.83107334,-0.55123067,0.07390331
1356874939156,0.5296755,-0.8438021,-0.08626646,0.10397965,-0.03634274,0.9939152,-0.8418029,-0.53542256,0.068488374
1356874939196,0.52534336,-0.85063064,0.021019578,0.041023105,0.049994454,0.9979066,-0.84990084,-0.5233813,0.061159775
1356874939236,0.52054346,-0.8481637,0.09824863,-0.009303838,0.109426126,0.9939514,-0.85378456,-0.51830894,0.04906985
1356874939288,0.5245629,-0.83985925,0.13953573,-0.04828441,0.13428374,0.9897659,-0.8500014,-0.52593184,0.029888153
1356874939326,0.53217286,-0.828313,0.1751847,-0.08211383,0.15544559,0.9844258,-0.8426442,-0.53826976,0.014707983
1356874939366,0.54342103,-0.81632125,0.1957373,-0.10181603,0.16735563,0.9806251,-0.83326286,-0.5528216,0.007829994
1356874939406,0.55573475,-0.8044183,0.2099284,-0.109749466,0.17931597,0.97765064,-0.8240837,-0.5663539,0.011367649
1356874939446,0.5679336,-0.79300475,0.22044227,-0.10694784,0.19445778,0.97506315,-0.8160964,-0.577347,0.025629014
1356874939486,0.580731,-0.78217137,0.22574228,-0.092636496,0.21200065,0.9728691,-0.8088078,-0.58588713,0.05065775
1356874939526,0.595641,-0.77204096,0.22173086,-0.06355199,0.22988139,0.97114146,-0.80073273,-0.5925431,0.087862045
1356874939566,0.6130127,-0.7631825,0.20437214,-0.015452653,0.24704394,0.9688811,-0.789922,-0.5970945,0.13964786
1356874939606,0.630426,-0.75660026,0.17354867,0.05242595,0.2645625,0.9629425,-0.774477,-0.5979655,0.20645255
1356874939646,0.64394814,-0.75305045,0.13507739,0.13153264,0.282897,0.95008874,-0.7536776,-0.59404075,0.2812217
1356874939686,0.6515474,-0.75241995,0.096696615,0.2058965,0.29807746,0.9320711,-0.7301319,-0.587379,0.34913224
1356874939726,0.6539895,-0.75378776,0.06404519,0.26210666,0.30519068,0.9155102,-0.7096463,-0.5819473,0.3971643
1356874939766,0.65342176,-0.7559348,0.04003313,0.29441398,0.3024972,0.9065406,-0.69739544,-0.58056706,0.42021602
1356874939806,0.6519477,-0.75787425,0.024305552,0.30360422,0.29027432,0.90750504,-0.69482994,-0.58426654,0.4193375
1356874939846,0.6508043,-0.75908303,0.01570779,0.29304388,0.270221,0.9171182,-0.70041347,-0.59226143,0.39830565
1356874939906,0.650775,-0.75907,0.017453432,0.26446337,0.2481607,0.9319203,-0.711724,-0.60185456,0.362243
1356874939928,0.6529808,-0.7561803,0.042514563,0.21375981,0.23785734,0.9474865,-0.726583,-0.6096026,0.31695724
1356874939967,0.6573677,-0.743463,0.1230064,0.12313002,0.2670082,0.9557958,-0.74344254,-0.61316353,0.26706517
1356874940007,0.64645946,-0.6877279,0.33033374,-0.053692788,0.39088714,0.9188713,-0.76105666,-0.61174953,0.21576667
1356874940046,0.5204255,-0.4754482,0.7092998,-0.35076463,0.63830584,0.6852224,-0.778538,-0.6054045,0.16542017
1356874940086,0.27566835,-0.18090898,0.94407564,-0.54004663,0.7833322,0.30779904,-0.7952085,-0.5946953,0.118240654
1356874940126,0.16641915,-0.103795856,0.980577,-0.56189275,0.8072085,0.18080647,-0.810297,-0.58106875,0.07601279
1356874940166,0.17501533,-0.1874447,0.96655786,-0.54034615,0.8023666,0.25344396,-0.8230405,-0.5666324,0.039141417
1356874940206,0.22523445,-0.32739133,0.91765153,-0.5063053,0.76536477,0.3973308,-0.8324208,-0.55410445,0.0066265464
1356874940246,0.28783232,-0.47352266,0.83242345,-0.46581137,0.69023776,0.5537071,-0.836763,-0.5471271,-0.021899521
1356874940286,0.36249164,-0.60946655,0.70508885,-0.4138323,0.5726139,0.7077118,-0.8350704,-0.54832816,-0.044649184
1356874940326,0.44360948,-0.7169657,0.5377461,-0.34153843,0.41949648,0.84105545,-0.8285905,-0.5567611,-0.058778703
1356874940366,0.5148595,-0.7806282,0.35431525,-0.25055912,0.25823116,0.9330256,-0.81984127,-0.569154,-0.0626407
1356874940406,0.5655112,-0.8053268,0.17789263,-0.14944866,0.11206205,0.9823987,-0.811087,-0.58214337,-0.056982696
1356874940446,0.5942324,-0.80426455,0.006813556,-0.03901875,-0.020365536,0.99903095,-0.8033464,-0.5939224,-0.043483272
1356874940486,0.5977405,-0.782061,-0.17631483,0.088089585,-0.15452576,0.98405385,-0.7968353,-0.60374033,-0.023474857
1356874940527,0.5633019,-0.73138165,-0.384411,0.23775464,-0.30209,0.92315453,-0.79130507,-0.6114102,0.0037215352
1356874940584,0.4732343,-0.6436734,-0.6014432,0.3978311,-0.4529937,0.7978266,-0.78598964,-0.6168317,0.041701138
1356874940606,0.3338017,-0.54038936,-0.7723702,0.5307217,-0.56942534,0.6277653,-0.77904487,-0.61946285,0.09672123
1356874940646,0.18442506,-0.47010764,-0.86312586,0.6144026,-0.63030434,0.4745798,-0.76713556,-0.6178311,0.17259139
1356874940683,0.048385322,-0.4421999,-0.8956105,0.6626442,-0.65671164,0.36004502,-0.7473697,-0.610892,0.261246
1356874940726,-0.0796904,-0.42097813,-0.9035634,0.68739516,-0.67965794,0.2560333,-0.72189844,-0.60070175,0.3435405
1356874940776,-0.21145612,-0.3656996,-0.90639395,0.6832958,-0.71839565,0.13043982,-0.6988513,-0.5917529,0.40179014
1356874940816,-0.35796553,-0.24277392,-0.9016216,0.6328827,-0.7730461,-0.04311654,-0.6865275,-0.5860549,0.4303714
1356874940856,-0.47904843,-0.08408296,-0.87375206,0.5469468,-0.80714107,-0.22219941,-0.68655795,-0.5843402,0.43264848
1356874940902,-0.5619429,0.085871816,-0.82270664,0.44633222,-0.8059039,-0.38898143,-0.696425,-0.5857858,0.41454452
1356874940937,-0.6043943,0.24126673,-0.75927454,0.3547575,-0.7718365,-0.52765095,-0.71334046,-0.58826756,0.3809024
1356874940977,-0.61451495,0.36750776,-0.6980756,0.28747422,-0.71971095,-0.63196105,-0.7346632,-0.5890282,0.33662415
1356874941017,-0.6030759,0.46233517,-0.6500353,0.2483362,-0.6655869,-0.7037922,-0.75804275,-0.5858673,0.28658473
1356874941056,-0.5782747,0.5294243,-0.62073207,0.23418567,-0.62111145,-0.74791557,-0.78150845,-0.5778672,0.23518941
1356874941096,-0.5449765,0.5729918,-0.6121119,0.23961842,-0.593166,-0.7685942,-0.8034822,-0.56553906,0.18596211
1356874941136,-0.505725,0.59581274,-0.6238986,0.25940454,-0.5847053,-0.76865405,-0.8227707,-0.5505697,0.14114353
1356874941176,-0.46159256,0.5994397,-0.65391463,0.2894138,-0.59504807,-0.74977165,-0.8385535,-0.53534096,0.10118362
1356874941216,-0.41319585,0.58422416,-0.6985351,0.32737827,-0.6204965,-0.71260613,-0.8497603,-0.5231311,0.0651243
1356874941256,-0.36165887,0.5491637,-0.753407,0.37241086,-0.65574217,-0.6567438,-0.85470057,-0.5180941,0.032640398
1356874941296,-0.30864912,0.49441713,-0.81258076,0.42198962,-0.69443846,-0.58282083,-0.8524439,-0.52278775,0.0056988597
1356874941336,-0.25663853,0.42483756,-0.86813,0.47016874,-0.72989416,-0.49618128,-0.84443945,-0.53550684,-0.012426406
1356874941376,-0.20992273,0.3500584,-0.91290283,0.5105022,-0.7570801,-0.40769753,-0.8338585,-0.55162394,-0.019777328
1356874941416,-0.17429352,0.2804848,-0.9439015,0.5402173,-0.77420306,-0.32981044,-0.82327825,-0.56739575,-0.016584173
1356874941456,-0.1552766,0.2236564,-0.96221983,0.56040204,-0.78219664,-0.27224612,-0.81353474,-0.5815034,-0.0038806647
1356874941496,-0.15661865,0.18150249,-0.9708385,0.5735444,-0.7835309,-0.23901051,-0.804063,-0.59425247,0.018615946
1356874941536,-0.17992818,0.15035768,-0.9721206,0.58108187,-0.7811468,-0.22837132,-0.79370636,-0.60597205,0.053180277
1356874941576,-0.22415006,0.121509954,-0.96694994,0.5829203,-0.77842146,-0.23294646,-0.7809998,-0.6158697,0.10365252
1356874941616,-0.28548038,0.086807325,-0.9544451,0.57848316,-0.7784005,-0.2438238,-0.76410615,-0.62173736,0.17200142
1356874941656,-0.35671127,0.046483457,-0.93305755,0.56816363,-0.78202736,-0.2561704,-0.7415842,-0.62150824,0.25254774
1356874941696,-0.4283911,0.013288677,-0.90349567,0.5520746,-0.78771365,-0.27335107,-0.71532834,-0.6158982,0.33011317
1356874941736,-0.4922738,0.0024494827,-0.87043697,0.5285939,-0.7936498,-0.30117857,-0.69155985,-0.60836995,0.38939822
1356874941776,-0.5438096,0.020714134,-0.83895296,0.4965239,-0.7980023,-0.34155,-0.6765613,-0.6022983,0.42367625
1356874941816,-0.58103615,0.06478304,-0.8112954,0.4581557,-0.7978475,-0.3918326,-0.67267406,-0.59936845,0.43389744
1356874941856,-0.6033684,0.12592255,-0.78745806,0.418742,-0.79034024,-0.44723314,-0.6786765,-0.5995881,0.42413718
1356874941905,-0.61117977,0.19472098,-0.7671656,0.38390505,-0.7746838,-0.5024758,-0.6921533,-0.6016218,0.3987167
1356874941937,-0.60557276,0.26331115,-0.7509651,0.3577664,-0.752847,-0.55247116,-0.7108338,-0.60323167,0.36169994
1356874941977,-0.58802325,0.32629696,-0.7401074,0.3421453,-0.72878,-0.5931411,-0.73291564,-0.602005,0.31689858
1356874942016,-0.56002957,0.3796004,-0.73638994,0.33733577,-0.70734984,-0.6211767,-0.75668436,-0.5962881,0.26808417
1356874942056,-0.523007,0.4194936,-0.7419494,0.34292886,-0.69336295,-0.63375676,-0.7802971,-0.58589506,0.21877712
1356874942096,-0.47803175,0.44317278,-0.75834256,0.35780355,-0.6902421,-0.62892157,-0.8021609,-0.5719822,0.17138892
1356874942136,-0.42550498,0.44920272,-0.78559697,0.38032383,-0.698953,-0.6056556,-0.82115734,-0.5564906,0.12656534
1356874942176,-0.3657751,0.43665978,-0.82191044,0.40939274,-0.71759474,-0.56343174,-0.8358266,-0.54257345,0.083712935
1356874942216,-0.2999419,0.40373656,-0.8643099,0.44458094,-0.7424593,-0.50110084,-0.84402764,-0.5345568,0.04320106
1356874942256,-0.23018545,0.34964833,-0.90816337,0.48344305,-0.76883453,-0.41854063,-0.8445694,-0.5353872,0.007939473
1356874942296,-0.16038185,0.27797312,-0.9471054,0.5201933,-0.79165554,-0.32043797,-0.8388543,-0.5440703,-0.017632559
1356874942336,-0.09670204,0.19723786,-0.9755746,0.5493311,-0.8067845,-0.21756396,-0.8299904,-0.55695236,-0.030331194
1356874942376,-0.04598105,0.11762272,-0.99199325,0.56935763,-0.8128703,-0.122774735,-0.820803,-0.5704443,-0.029592723
1356874942416,-0.013580561,0.046746433,-0.99881446,0.58273757,-0.8113634,-0.04589662,-0.81254697,-0.58267,-0.016222179
1356874942456,-0.0020425916,-0.013994217,-0.9999,0.59329474,-0.8049225,0.010053396,-0.80498266,-0.59321487,0.009946816
1356874942496,-0.0114632845,-0.06907013,-0.997546,0.6041583,-0.7954095,0.048131526,-0.79678196,-0.60212386,0.050847232
1356874942536,-0.039742768,-0.12696368,-0.99111086,0.6173405,-0.7830593,0.075556904,-0.78569156,-0.60885,0.109500766
1356874942576,-0.083084345,-0.19079097,-0.9781083,0.63355935,-0.76772314,0.09593594,-0.7692201,-0.61171883,0.1846632
1356874942616,-0.13509947,-0.252304,-0.95817053,0.6510956,-0.7515443,0.10609278,-0.7468753,-0.6095276,0.26580727
1356874942656,-0.18835145,-0.29652402,-0.9362677,0.6650851,-0.7399663,0.10055676,-0.722624,-0.6037576,0.3365875
1356874942696,-0.23711783,-0.31354094,-0.91949284,0.67027754,-0.7379176,0.07877454,-0.70320904,-0.5976366,0.38513303
1356874942736,-0.27818567,-0.30244723,-0.911668,0.6647223,-0.7457598,0.04457411,-0.6933666,-0.5936061,0.40850294
1356874942776,-0.3096627,-0.2683237,-0.91220134,0.65032256,-0.75965345,0.0026884377,-0.6936783,-0.59239256,0.4097333
1356874942816,-0.32993037,-0.21883523,-0.91829026,0.630997,-0.77464163,-0.042106718,-0.7021315,-0.59333074,0.39366227
1356874942856,-0.33748472,-0.16195194,-0.9272948,0.61071163,-0.78730327,-0.08476335,-0.71633464,-0.59491605,0.3646088
1356874942910,-0.33054328,-0.09299584,-0.93919796,0.588351,-0.79840875,-0.12801005,-0.73795944,-0.59489095,0.31862283
1356874942947,-0.3025182,-0.04719156,-0.95197463,0.5759656,-0.8048459,-0.14313208,-0.7594383,-0.59160465,0.27066118
1356874942987,-0.2643667,-0.014925003,-0.9643067,0.56701446,-0.8112189,-0.14289266,-0.7801312,-0.58455193,0.22292206
1356874943027,-0.21546018,-0.0016681254,-0.9765112,0.56121445,-0.81856537,-0.12242964,-0.7991341,-0.5744109,0.17730442
1356874943067,-0.15711212,-0.008531392,-0.98754394,0.55653113,-0.82682985,-0.08139767,-0.8158363,-0.5623875,0.13465291
1356874943107,-0.091703594,-0.03248039,-0.9952565,0.5508354,-0.8342821,-0.023527384,-0.8295606,-0.55038005,0.09439814
1356874943147,-0.022781014,-0.067645356,-0.99744934,0.5443143,-0.8377066,0.04438013,-0.83857197,-0.54191494,0.055904098
1356874943187,0.04475242,-0.10754748,-0.9931922,0.5392834,-0.8342848,0.11463988,-0.8409344,-0.54074246,0.020662341
1356874943226,0.105570376,-0.14811452,-0.9833193,0.5372582,-0.82360476,0.18173787,-0.8367846,-0.5474825,-0.0073724724
1356874943266,0.15474838,-0.1872268,-0.9700511,0.53772783,-0.8077372,0.24168064,-0.8287954,-0.55902314,-0.024318963
1356874943316,0.18822485,-0.22750656,-0.95541203,0.54199,-0.7871958,0.29422718,-0.81903493,-0.57320464,-0.024863543
1356874943356,0.19969553,-0.25318408,-0.94658303,0.5489906,-0.771268,0.3221099,-0.8116224,-0.58398914,-0.015023025
1356874943396,0.19310701,-0.27304652,-0.9424199,0.5588378,-0.7588756,0.33437732,-0.80648005,-0.5912304,0.006044507
1356874943436,0.16657579,-0.28809953,-0.9430012,0.57354546,-0.7496177,0.3303318,-0.80205876,-0.5958793,0.040369898
1356874943476,0.12019074,-0.30393738,-0.94508004,0.5937266,-0.7409581,0.31379908,-0.79564,-0.5988349,0.0913994
1356874943516,0.056092143,-0.32614768,-0.9436532,0.6184562,-0.730634,0.28928545,-0.7838148,-0.5998348,0.16072515
1356874943556,-0.020643175,-0.3515299,-0.93594897,0.6443613,-0.7204621,0.25638396,-0.76444244,-0.59779674,0.24138495
1356874943593,-0.10191119,-0.36725816,-0.92451906,0.6648345,-0.71647424,0.21132816,-0.7400061,-0.5931155,0.31718272
1356874943636,-0.17960697,-0.3617056,-0.91482806,0.67318326,-0.72330177,0.15381458,-0.71733236,-0.58822083,0.37340412
1356874943676,-0.24878258,-0.32987207,-0.9106545,0.66657025,-0.7404511,0.08611724,-0.7027028,-0.5855907,0.40409428
1356874943724,-0.30522096,-0.26562566,-0.91448516,0.64512444,-0.7640489,0.006610781,-0.7004674,-0.587939,0.4045654
1356874943766,-0.3486588,-0.18310235,-0.91919017,0.61611855,-0.7838252,-0.07756272,-0.7062825,-0.59337306,0.38610026
1356874943806,-0.37523985,-0.09639248,-0.9219021,0.58699536,-0.79444623,-0.15585755,-0.7173782,-0.59963626,0.35468984
1356874943846,-0.3846333,-0.013593733,-0.92296934,0.5619033,-0.79673684,-0.22243002,-0.73234,-0.60417354,0.3140899
1356874943909,-0.37759578,0.058224663,-0.9241382,0.54321104,-0.7943169,-0.2719972,-0.74989545,-0.60470706,0.2683024
1356874943928,-0.3557471,0.113601595,-0.92765224,0.53176665,-0.79164326,-0.30087394,-0.76854944,-0.6003296,0.22121526
1356874943967,-0.3211422,0.15002699,-0.93507195,0.5269149,-0.7921249,-0.30805624,-0.78691065,-0.5916332,0.17533335
1356874944007,-0.27524966,0.16559748,-0.9470031,0.52763104,-0.79741746,-0.29279798,-0.8036436,-0.5802609,0.13211463
1356874944047,-0.21951908,0.1607917,-0.9622668,0.53194994,-0.80708367,-0.25621325,-0.81782675,-0.56812143,0.091637135
1356874944087,-0.15562391,0.1375093,-0.9781985,0.5382884,-0.8185141,-0.2006994,-0.82826734,-0.5577866,0.0533607
1356874944127,-0.086464226,0.09795113,-0.9914281,0.5460626,-0.82769084,-0.12939729,-0.8332705,-0.55257,0.01807814
1356874944167,-0.016500354,0.044495642,-0.9988733,0.5542045,-0.8310987,-0.04617688,-0.8322169,-0.55434203,-0.010946266
1356874944206,0.048495233,-0.018743426,-0.9986476,0.56043327,-0.8270962,0.042738765,-0.82677865,-0.5617479,-0.029605836
1356874944246,0.102191806,-0.084720135,-0.9911505,0.5634593,-0.81618965,0.12786014,-0.81979907,-0.5715392,-0.035671595
1356874944286,0.13893515,-0.14509581,-0.9796144,0.56476706,-0.8009638,0.1987338,-0.8134711,-0.580865,-0.029336695
1356874944326,0.1548956,-0.19453798,-0.96858776,0.5674957,-0.7850071,0.24841969,-0.8086754,-0.58814853,-0.011194646
1356874944366,0.1482206,-0.2325289,-0.96122885,0.5743642,-0.7709983,0.27507704,-0.8050692,-0.5928675,0.019278435
1356874944406,0.11918861,-0.2637896,-0.9571881,0.586583,-0.7591168,0.28224456,-0.8010708,-0.59511065,0.06425643
1356874944446,0.06997639,-0.2947493,-0.953009,0.6039163,-0.7478666,0.27564588,-0.79397,-0.59482634,0.12567091
1356874944486,0.005330682,-0.3269068,-0.94504154,0.624647,-0.73690504,0.2584321,-0.78088903,-0.591695,0.2002731
1356874944526,-0.067661524,-0.35135847,-0.9337928,0.6448172,-0.7295999,0.22780408,-0.7613361,-0.5867121,0.27592787
1356874944566,-0.14186376,-0.35478407,-0.9241228,0.6581525,-0.73113465,0.17965893,-0.73939836,-0.5827266,0.3372236
1356874944606,-0.21208376,-0.32975894,-0.9199345,0.65937275,-0.7430696,0.11434686,-0.72128224,-0.5823286,0.37502706
1356874944646,-0.27482963,-0.2765689,-0.9208573,0.64745957,-0.76127684,0.03540659,-0.7108197,-0.5864872,0.38828862
1356874944686,-0.32705414,-0.20112568,-0.92335474,0.62544185,-0.7785394,-0.051950872,-0.70841944,-0.5944955,0.38041696
1356874944726,-0.36576158,-0.11289498,-0.92383623,0.5983547,-0.78881603,-0.14050302,-0.71287465,-0.60417235,0.35606968
1356874944766,-0.38863248,-0.022170663,-0.921126,0.57130075,-0.79014087,-0.22201967,-0.72289705,-0.6125241,0.3197406
1356874944806,-0.39459753,0.06118034,-0.916815,0.5483328,-0.7849622,-0.2883843,-0.73730856,-0.6165155,0.27619696
1356874944846,-0.38399547,0.12966575,-0.91418505,0.5314652,-0.7785939,-0.33367112,-0.7550446,-0.61398566,0.23006362
1356874944903,-0.35787255,0.17799985,-0.91664785,0.52104217,-0.776559,-0.35421902,-0.77488214,-0.60437745,0.18516378
1356874944927,-0.31708854,0.20142762,-0.92675865,0.51708436,-0.7824494,-0.3469819,-0.7950336,-0.5892365,0.1439508
1356874944967,-0.26227093,0.19740531,-0.9445873,0.5188298,-0.79649097,-0.3105119,-0.813652,-0.5715183,0.10647674
1356874945007,-0.19314396,0.16458054,-0.96726865,0.52551407,-0.8151551,-0.243633,-0.82857126,-0.5553695,0.07095297
1356874945047,-0.11008716,0.10363501,-0.9885043,0.53577155,-0.8314965,-0.14684178,-0.8371557,-0.54577786,0.03601238
1356874945087,-0.016084015,0.018736094,-0.9996951,0.54589987,-0.83749276,-0.024479061,-0.837696,-0.5461272,0.0032422245
1356874945126,0.08164495,-0.081398025,-0.993332,0.54977596,-0.82763267,0.11300765,-0.83131254,-0.55533653,-0.022821393
1356874945166,0.17290896,-0.18593633,-0.9672281,0.543203,-0.8011673,0.25112045,-0.82160395,-0.5688222,-0.03752783
1356874945206,0.24819499,-0.28488812,-0.9258715,0.5278718,-0.7616319,0.3758567,-0.8122504,-0.5820272,-0.038648844
1356874945246,0.301942,-0.37177777,-0.87784535,0.5104079,-0.7146845,0.47823617,-0.80518,-0.5924588,-0.026034951
1356874945286,0.3331579,-0.44525084,-0.8311182,0.49851856,-0.66500896,0.5560956,-0.8003031,-0.5995954,4.1285163E-4
1356874945326,0.34377426,-0.5078856,-0.78985536,0.49823153,-0.6143199,0.61186314,-0.79598033,-0.6038736,0.041857183
1356874945366,0.33724594,-0.5649493,-0.75305873,0.5123724,-0.5609202,0.6502639,-0.789772,-0.60514534,0.10029632
1356874945406,0.31776273,-0.6195828,-0.7177354,0.5403427,-0.50369173,0.674036,-0.77913845,-0.60200655,0.1747325
1356874945446,0.2903564,-0.6679551,-0.685222,0.57782966,-0.44839716,0.68194795,-0.7627622,-0.59394956,0.25576925
1356874945486,0.25982225,-0.70180917,-0.6632919,0.616709,-0.40796286,0.6732282,-0.74307626,-0.58397776,0.32681426
1356874945526,0.22909862,-0.71637523,-0.65902984,0.6484307,-0.39263135,0.6522102,-0.725983,-0.5767557,0.37456846
1356874945566,0.19898522,-0.7109822,-0.67446965,0.66898835,-0.40438265,0.623642,-0.7161421,-0.5753079,0.39517254
1356874945606,0.16919518,-0.6860873,-0.7075713,0.67908543,-0.43915564,0.58820516,-0.714294,-0.5800229,0.3916089
1356874945646,0.13992137,-0.643115,-0.7528779,0.680747,-0.4896719,0.544798,-0.7190309,-0.5887482,0.36928308
1356874945686,0.11378962,-0.5870057,-0.8015463,0.67493576,-0.54635906,0.49593714,-0.72904986,-0.59742475,0.33402103
1356874945726,0.097013354,-0.5284525,-0.8434017,0.6615186,-0.5988991,0.45134586,-0.7436273,-0.6017124,0.29147992
1356874945766,0.09912145,-0.48407272,-0.8693955,0.6401694,-0.63786674,0.42814627,-0.7618123,-0.5989989,0.24666226
1356874945806,0.13146359,-0.47411412,-0.87059355,0.60964364,-0.6538432,0.44813362,-0.7816981,-0.58966506,0.20308408
1356874945846,0.2040506,-0.51760626,-0.8309315,0.5628717,-0.6324267,0.53217655,-0.8009612,-0.5762988,0.16229883
1356874945909,0.3163938,-0.61967003,-0.7182646,0.4810164,-0.5478043,0.68449503,-0.8176296,-0.562067,0.12474966
1356874945927,0.4327551,-0.73898655,-0.5163544,0.34997505,-0.39013147,0.85165423,-0.83080715,-0.5492689,0.08979547
1356874945967,0.50512516,-0.8147669,-0.2846109,0.20007476,-0.2102415,0.95695794,-0.83953476,-0.54032695,0.05681607
1356874946007,0.532537,-0.839589,-0.10721335,0.0801239,-0.07609418,0.99387616,-0.8426058,-0.5378662,0.026748195
1356874946047,0.5425861,-0.83999914,-0.0013401508,0.0029549003,3.132522E-4,0.9999956,-0.839995,-0.54258764,0.002652064
1356874946087,0.550862,-0.8327052,0.056152582,-0.040777385,0.040347353,0.99835324,-0.83359957,-0.55224466,-0.011729687
1356874946126,0.56035507,-0.82364964,0.08719739,-0.060944945,0.063990146,0.9960878,-0.82600725,-0.56347704,-0.014340073
1356874946166,0.5703031,-0.8148954,0.103440136,-0.063752085,0.08163713,0.99462116,-0.81895673,-0.57383,-0.005393386
1356874946206,0.58010435,-0.80720544,0.10907945,-0.051968426,0.09696436,0.9939302,-0.81288266,-0.5822519,0.014300227
1356874946246,0.58982193,-0.8007987,0.104074925,-0.025098264,0.11063889,0.99354374,-0.8071432,-0.588626,0.04515858
1356874946286,0.5992217,-0.79589677,0.08649716,0.01961267,0.12260406,0.9922619,-0.8003429,-0.59288836,0.08907667
1356874946326,0.6062014,-0.7933444,0.05589786,0.08421925,0.1339239,0.98740643,-0.79083943,-0.5938595,0.14799975
1356874946366,0.60709226,-0.7944703,0.015999287,0.16522178,0.14589682,0.97540545,-0.77726495,-0.5895176,0.21983664
1356874946406,0.59994614,-0.79952997,-0.028573453,0.25200623,0.15496072,0.9552382,-0.7593138,-0.5802922,0.29445463
1356874946446,0.5855092,-0.80697167,-0.07730213,0.33178577,0.15153855,0.93110377,-0.73966014,-0.57081753,0.35646898
1356874946483,0.56499696,-0.81449103,-0.1318438,0.3964317,0.12783548,0.9091205,-0.7236161,-0.56591743,0.39511675
1356874946526,0.5390179,-0.81953955,-0.19446,0.44480422,0.08090606,0.891966,-0.7152684,-0.5672823,0.40814444
1356874946566,0.5067649,-0.8190499,-0.26897323,0.48142868,0.010055035,0.8764276,-0.71513337,-0.5736342,0.39940962
1356874946606,0.46597174,-0.80818915,-0.3601398,0.5117384,-0.085878044,0.85483855,-0.7217993,-0.58262795,0.37356466
1356874946646,0.41426402,-0.7802352,-0.46863475,0.5392258,-0.2044037,0.8169791,-0.7332264,-0.591145,0.33604574
1356874946686,0.35433614,-0.7304049,-0.5839132,0.5613728,-0.3332417,0.75750303,-0.74786806,-0.5962037,0.29194975
1356874946726,0.2999053,-0.66644657,-0.6825729,0.57040083,-0.44824386,0.68827343,-0.7646566,-0.595757,0.24571097
1356874946766,0.27276582,-0.6142837,-0.74044204,0.5597333,-0.52463907,0.64144564,-0.7824944,-0.5894145,0.2007314
1356874946806,0.28709847,-0.6018281,-0.7452364,0.5266596,-0.5506755,0.6476002,-0.8001275,-0.57841086,0.15886053
1356874946846,0.3367027,-0.6346159,-0.6956249,0.46925798,-0.5273942,0.7082742,-0.8163505,-0.56490535,0.12022352
1356874946909,0.39686692,-0.688932,-0.6065224,0.39210874,-0.47020918,0.7906669,-0.8299081,-0.5516123,0.08352575
1356874946928,0.44513553,-0.7338518,-0.51314306,0.31345543,-0.4090947,0.8569639,-0.83880866,-0.5423125,0.04792732
1356874946967,0.4774524,-0.7550249,-0.4494181,0.25400487,-0.37104177,0.89320177,-0.84114254,-0.54061574,0.0146252215
1356874947007,0.50135005,-0.75751483,-0.41811404,0.2191942,-0.35627428,0.90830743,-0.8370197,-0.5470282,-0.012575239
1356874947047,0.5207391,-0.7512394,-0.4055491,0.204402,-0.35151038,0.91359735,-0.82888514,-0.55864096,-0.02949033
1356874947087,0.5347145,-0.7430433,-0.40245122,0.2048637,-0.3480609,0.9148139,-0.8198239,-0.5716119,-0.033890605
1356874947127,0.5410377,-0.7349385,-0.40883207,0.21968392,-0.34574312,0.9122504,-0.8117988,-0.5833757,-0.02560588
1356874947167,0.53750134,-0.726575,-0.42799652,0.2500236,-0.34741175,0.9037661,-0.80534494,-0.5927847,-0.005073335
1356874947206,0.5217402,-0.7177022,-0.46118397,0.29685897,-0.35407284,0.8868524,-0.79978865,-0.5996132,0.02832228
1356874947246,0.49135932,-0.70990515,-0.5045797,0.35885036,-0.36286637,0.85997343,-0.79359466,-0.6036246,0.07645196
1356874947286,0.44607723,-0.70799506,-0.5475017,0.4301914,-0.36682183,0.8248498,-0.7848251,-0.6034772,0.14094251
1356874947326,0.38971955,-0.7156267,-0.5796526,0.50276315,-0.36201948,0.7849657,-0.7715879,-0.59734446,0.21870467
1356874947366,0.32736057,-0.7269393,-0.60365075,0.57007253,-0.35754204,0.73971677,-0.75355977,-0.5862788,0.29736298
1356874947406,0.26152122,-0.7299838,-0.6314511,0.6266235,-0.36919236,0.68632364,-0.734132,-0.5751703,0.36087325
1356874947446,0.19109154,-0.7140623,-0.6734977,0.6682221,-0.40796328,0.6221295,-0.71900153,-0.5689296,0.39919388
1356874947486,0.114203155,-0.671393,-0.73224926,0.69315857,-0.47416353,0.54286295,-0.7116803,-0.56956154,0.41123086
1356874947526,0.03095144,-0.5962715,-0.80218595,0.70136905,-0.5588488,0.44245848,-0.7121261,-0.57632303,0.4009092
1356874947566,-0.0527699,-0.49005595,-0.8700923,0.6933753,-0.64501166,0.32123312,-0.7186419,-0.586349,0.37382984
1356874947606,-0.12527573,-0.36590326,-0.9221827,0.67212844,-0.7150027,0.19239189,-0.7297598,-0.59572315,0.33550638
1356874947646,-0.17500675,-0.24499057,-0.9535997,0.64425355,-0.7609008,0.0772492,-0.74452007,-0.6008408,0.29099876
1356874947686,-0.19596076,-0.14693052,-0.96954155,0.6171942,-0.78679156,-0.0055099726,-0.7620175,-0.59947515,0.24486494
1356874947726,-0.18791085,-0.08387795,-0.978598,0.59546113,-0.80208945,-0.045591712,-0.78109896,-0.5912843,0.20066732
1356874947766,-0.15384388,-0.060632735,-0.9862332,0.5794922,-0.81397825,-0.04035315,-0.8003256,-0.57772243,0.16036168
1356874947806,-0.09820598,-0.076248035,-0.99224085,0.5665661,-0.8239845,0.007243216,-0.8181433,-0.5614587,0.1241197
1356874947846,-0.027405977,-0.12285796,-0.99204576,0.55277693,-0.8287372,0.08736245,-0.8328785,-0.54598576,0.090625465
1356874947911,0.04993403,-0.18557908,-0.9813597,0.5367922,-0.82361543,0.1830623,-0.84223557,-0.5359273,0.05849096
1356874947927,0.124566495,-0.24737357,-0.96087956,0.52139777,-0.80761325,0.27550888,-0.8441727,-0.5353196,0.028378518
1356874947967,0.18935323,-0.29750744,-0.9357535,0.5104067,-0.7843027,0.3526389,-0.8388267,-0.5443882,0.003339558
1356874948008,0.24063808,-0.33612418,-0.91055685,0.5049497,-0.75782543,0.4131906,-0.8289265,-0.5592148,-0.012635857
1356874948047,0.27608627,-0.36650243,-0.88851136,0.5049203,-0.7312945,0.45854542,-0.81782144,-0.5752255,-0.016845882
1356874948087,0.29419452,-0.39058,-0.872294,0.51096326,-0.7070251,0.48890904,-0.8076919,-0.58954453,-0.008430868
1356874948127,0.2943449,-0.40989,-0.8633372,0.5240589,-0.6862055,0.50446427,-0.79920167,-0.60092604,0.0128254
1356874948166,0.27671963,-0.42741174,-0.86066574,0.5444396,-0.6682911,0.5069245,-0.79184073,-0.60885644,0.04777065
1356874948206,0.24244958,-0.4479173,-0.86057436,0.57135856,-0.65096855,0.4997892,-0.7840711,-0.6128703,0.098094404
1356874948246,0.1941846,-0.47606397,-0.85770357,0.60333705,-0.6314552,0.48708183,-0.7734835,-0.6120681,0.16460818
1356874948286,0.1363945,-0.5107216,-0.84885806,0.6382186,-0.61005074,0.46959046,-0.7576764,-0.6058066,0.24274442
1356874948326,0.07436484,-0.5410211,-0.8377148,0.67204976,-0.5934401,0.44291985,-0.7367625,-0.59592366,0.31946203
1356874948366,0.012323678,-0.5534064,-0.8328202,0.6986732,-0.59107006,0.40310282,-0.7153348,-0.5868368,0.3793661
1356874948406,-0.047529995,-0.53995657,-0.8403498,0.71289504,-0.60762614,0.3501016,-0.69965816,-0.5824409,0.41381285
1356874948446,-0.10384935,-0.49876377,-0.860494,0.71352065,-0.64009297,0.28490207,-0.69289505,-0.5843934,0.42235154
1356874948486,-0.15493357,-0.43150324,-0.8887073,0.7027231,-0.6804216,0.2078623,-0.69438887,-0.59231025,0.40864742
1356874948526,-0.19809282,-0.34331957,-0.91809094,0.68394387,-0.7193575,0.1214315,-0.70212543,-0.6038679,0.37731087
1356874948566,-0.2294839,-0.24672176,-0.94152296,0.6615471,-0.74908394,0.03505054,-0.7139275,-0.6148182,0.3351209
1356874948606,-0.24682862,-0.1518009,-0.9570956,0.6380737,-0.7687948,-0.042619705,-0.72934043,-0.6212173,0.2866208
1356874948646,-0.24822044,-0.07039648,-0.9661423,0.61576563,-0.7813947,-0.10126683,-0.74780965,-0.62005377,0.23730588
1356874948686,-0.23354232,-0.0110782385,-0.97228354,0.59567475,-0.7919598,-0.13405734,-0.76852435,-0.6104728,0.19155508
1356874948726,-0.20337886,0.020485401,-0.97888577,0.57827944,-0.80425745,-0.13697755,-0.7900822,-0.59392786,0.15172267
1356874948768,-0.15880519,0.021627843,-0.98707294,0.56333864,-0.81906044,-0.10857923,-0.8108208,-0.57329935,0.11788731
1356874948806,-0.10145098,-0.006768465,-0.99481755,0.55016226,-0.83353335,-0.050434113,-0.82887226,-0.55242765,0.08828654
1356874948846,-0.034689724,-0.058687553,-0.99767345,0.53856176,-0.84202266,0.03080535,-0.84187156,-0.53624016,0.06081646
1356874948912,0.03565836,-0.123045936,-0.99176013,0.52959067,-0.8392637,0.12316722,-0.84750354,-0.52961886,0.03523722
1356874948928,0.102488816,-0.18824631,-0.9767596,0.5243003,-0.82423955,0.21386527,-0.8453433,-0.53403413,0.014222264
1356874948967,0.15884244,-0.24616937,-0.9561223,0.5227825,-0.800544,0.29296407,-0.8375367,-0.5463791,0.0015325565
1356874949007,0.19977283,-0.29386145,-0.93473864,0.5247511,-0.77354544,0.35533592,-0.82748234,-0.5614916,-3.2919645E-4
1356874949047,0.2222634,-0.33032817,-0.91732347,0.5309746,-0.74808526,0.39803827,-0.81771934,-0.57554483,0.009123863
1356874949086,0.22486067,-0.3559326,-0.9070555,0.5428308,-0.7272995,0.41996425,-0.80918,-0.5868111,0.029670179
1356874949126,0.20716882,-0.3730678,-0.90437907,0.56093174,-0.712088,0.4222396,-0.8015215,-0.5947698,0.06174314
1356874949166,0.17002851,-0.38684896,-0.90633225,0.5845194,-0.7008669,0.40880653,-0.79336464,-0.5992775,0.10695335
1356874949206,0.11604923,-0.404056,-0.907343,0.6117838,-0.6905787,0.3857742,-0.7824661,-0.59986657,0.16705376
1356874949246,0.050210476,-0.42822382,-0.90227675,0.64026415,-0.67955273,0.358148,-0.76651204,-0.59567827,0.24005562
1356874949286,-0.021107376,-0.45204234,-0.89174676,0.6666362,-0.67108613,0.3244065,-0.7450843,-0.5876233,0.31551266
1356874949326,-0.0928275,-0.4595916,-0.883266,0.6857755,-0.6726557,0.27793223,-0.7218691,-0.57992244,0.37761754
1356874949363,-0.16283071,-0.43825567,-0.8839786,0.69216824,-0.6892183,0.21419926,-0.7031282,-0.5769837,0.41557252
1356874949406,-0.23037094,-0.38295376,-0.8945813,0.6830894,-0.7183774,0.13161623,-0.6930499,-0.5807584,0.42708492
1356874949446,-0.29426008,-0.29585877,-0.9087786,0.6595155,-0.75105304,0.030960798,-0.691701,-0.5902431,0.4161284
1356874949486,-0.3510409,-0.1837492,-0.9181538,0.6247743,-0.776327,-0.083506554,-0.6974434,-0.6029531,0.3873244
1356874949526,-0.3960926,-0.05976671,-0.91626334,0.58399177,-0.78644127,-0.20115592,-0.7085649,-0.61476666,0.34640682
1356874949566,-0.42583585,0.061336055,-0.9027191,0.5426089,-0.7810724,-0.30903324,-0.7240438,-0.62142086,0.29932714
1356874949606,-0.43924737,0.16842186,-0.8824374,0.50471896,-0.7663277,-0.39749303,-0.7431827,-0.61998063,0.25160164
1356874949646,-0.43740737,0.2555132,-0.86219937,0.472656,-0.75034225,-0.4621502,-0.7650301,-0.60967165,0.20743538
1356874949686,-0.42238593,0.32031137,-0.8479333,0.4477765,-0.7396219,-0.5024497,-0.78809035,-0.5919122,0.16897798
1356874949726,-0.39628524,0.36163014,-0.8439086,0.43138015,-0.738051,-0.5188371,-0.8104747,-0.5696529,0.13647866
1356874949766,-0.3607167,0.37870872,-0.85232806,0.42459148,-0.74698794,-0.5115965,-0.8304249,-0.5464327,0.10865453
1356874949806,-0.31627905,0.36989233,-0.87358296,0.42923757,-0.76540357,-0.47949174,-0.8460039,-0.52662784,0.0833095
1356874949846,-0.26290643,0.33271882,-0.905637,0.44712022,-0.7897641,-0.41994768,-0.85496414,-0.51533556,0.058868825
1356874949911,-0.20050716,0.26655498,-0.9427329,0.47667387,-0.8141477,-0.33158028,-0.8559082,-0.5158604,0.036182657
1356874949927,-0.13223451,0.17922883,-0.9748801,0.5102159,-0.8309095,-0.22196688,-0.8498199,-0.526751,0.018429443
1356874949968,-0.066260755,0.085815325,-0.9941053,0.539554,-0.83499,-0.108043045,-0.8393397,-0.5435325,0.009025015
1356874950007,-0.013168395,0.0020792782,-0.9999111,0.5611483,-0.82766515,-0.009111166,-0.82761055,-0.5612184,0.009732246
1356874950047,0.019495964,-0.0646812,-0.9977155,0.57697177,-0.814248,0.06406155,-0.8165314,-0.5769026,0.021444626
1356874950086,0.02748555,-0.11347623,-0.99316055,0.59020764,-0.80002904,0.10774338,-0.8067835,-0.58913225,0.044985235
1356874950126,0.012050867,-0.15200828,-0.98830575,0.60304236,-0.7873002,0.12844542,-0.7976181,-0.5975381,0.082179785
1356874950166,-0.021051943,-0.19270435,-0.98103106,0.6165036,-0.77498525,0.13900118,-0.78707063,-0.60188293,0.13511777
1356874950206,-0.06329942,-0.24598528,-0.96720445,0.6313425,-0.76044565,0.1520824,-0.77291644,-0.6010105,0.20343676
1356874950246,-0.107629836,-0.30972856,-0.9447137,0.6479877,-0.7425244,0.16961557,-0.7540078,-0.5939072,0.2806181
1356874950286,-0.155595,-0.3608666,-0.9195463,0.6634874,-0.727826,0.17336021,-0.7318297,-0.58313334,0.35267657
1356874950326,-0.21732813,-0.36828357,-0.9039556,0.66863006,-0.7308635,0.13701221,-0.7111275,-0.57463527,0.4050827
1356874950366,-0.30268067,-0.3096965,-0.9013726,0.6497761,-0.7589332,0.042562097,-0.6972628,-0.57280767,0.43094772
1356874950406,-0.41064608,-0.17508905,-0.894826,0.5929236,-0.7968329,-0.11618465,-0.6926841,-0.57827425,0.43103075
1356874950446,-0.5207792,0.022205517,-0.8534025,0.49374515,-0.8076675,-0.3223179,-0.6964227,-0.58921987,0.40965265
1356874950486,-0.60182315,0.23304024,-0.76387256,0.37328896,-0.76348245,-0.52701986,-0.70602006,-0.6023179,0.37249
1356874950526,-0.64186156,0.40927058,-0.64846843,0.26480043,-0.6753377,-0.6883312,-0.7196489,-0.6135281,0.32509825
1356874950566,-0.6509533,0.53709006,-0.53646433,0.18506216,-0.5730945,-0.79831994,-0.7362145,-0.6189482,0.2736627
1356874950606,-0.64230734,0.62782013,-0.4396398,0.13034996,-0.47577137,-0.8698566,-0.75528157,-0.61602235,0.22375512
1356874950646,-0.6240491,0.6936867,-0.35966867,0.092651874,-0.39135802,-0.91556245,-0.77587265,-0.6046799,0.17995518
1356874950686,-0.6007103,0.7440118,-0.2925639,0.06439018,-0.31973386,-0.94531703,-0.7968695,-0.58669984,0.14416039
1356874950726,-0.5756957,0.7823136,-0.23782328,0.04374078,-0.26097524,-0.96435404,-0.8164933,-0.56557703,0.11602324
