1356874805357,-0.19490904,0.36390564,0.9108145,-0.49767295,0.76351,-0.41155088,-0.8451817,-0.53350276,0.032290995
1356874805383,0.020932652,0.027351588,0.99940675,-0.5340704,0.84535563,-0.01194936,-0.8451809,-0.53350335,0.032303214
1356874805413,0.020941883,0.027403682,0.9994051,-0.53408015,0.84534883,-0.011988133,-0.8451745,-0.5335114,0.032338977
1356874805454,0.020935655,0.027617782,0.9993993,-0.5341594,0.84529614,-0.01216954,-0.8451245,-0.5335838,0.032449126
1356874805497,0.02039551,0.028842151,0.99937594,-0.53439325,0.8451284,-0.013484538,-0.8449899,-0.5337847,0.032649875
1356874805536,0.01854229,0.0323056,0.9993061,-0.5348304,0.84478056,-0.017386198,-0.844756,-0.53413683,0.032942176
1356874805576,0.014272004,0.03954366,0.99911594,-0.5354829,0.84415317,-0.025761247,-0.84442556,-0.5346418,0.033222735
1356874805618,0.007008992,0.05112064,0.99866796,-0.5363871,0.8430524,-0.03939031,-0.843943,-0.53539646,0.033329427
1356874805656,-0.003634356,0.06739871,0.9977195,-0.5374942,0.8412161,-0.058784336,-0.8432597,-0.5364821,0.03316915
1356874805695,-0.017170943,0.087682396,0.9960005,-0.538509,0.8385119,-0.08310181,-0.8424449,-0.53778213,0.032819748
1356874805738,-0.032094747,0.10986553,0.9934281,-0.53911275,0.8350501,-0.10976729,-0.8416219,-0.5390928,0.03242922
1356874805776,-0.047127098,0.13244697,0.9900691,-0.53903615,0.83109283,-0.13683787,-0.8409632,-0.5401318,0.03222668
1356874805815,-0.060718566,0.15354712,0.98627406,-0.5382149,0.82711077,-0.1619024,-0.8406176,-0.5406579,0.032420337
1356874805856,-0.07168825,0.17167313,0.98254216,-0.53670377,0.82367057,-0.1830735,-0.8407198,-0.54045826,0.033090115
1356874805898,-0.079538524,0.18612199,0.9793019,-0.5346247,0.8212049,-0.19949675,-0.8413383,-0.5394267,0.034187973
1356874805936,-0.084152564,0.19673415,0.9768388,-0.5321902,0.81991595,-0.21097714,-0.84243214,-0.5376183,0.03570193
1356874805975,-0.085961685,0.20375498,0.9752407,-0.5297259,0.81968844,-0.21794796,-0.8438015,-0.53534544,0.037472486
1356874806018,-0.08574517,0.20777732,0.9744108,-0.5272996,0.8203473,-0.22132652,-0.8453419,-0.53278404,0.039220035
1356874806066,-0.08415237,0.20934997,0.974213,-0.5247972,0.82178843,-0.22192715,-0.84705746,-0.52993995,0.040710866
1356874806096,-0.081305996,0.20897661,0.97453487,-0.52213055,0.82393694,-0.22024441,-0.84898126,-0.52674156,0.042122006
1356874806136,-0.07686393,0.20727041,0.97525936,-0.51908493,0.8268139,-0.2166326,-0.8512595,-0.52289367,0.044038773
1356874806176,-0.0704536,0.20453054,0.97632146,-0.51564777,0.8303713,-0.21116562,-0.8538991,-0.5183154,0.046963096
1356874806216,-0.062193707,0.20114407,0.9775854,-0.5118921,0.8344145,-0.20425221,-0.8567955,-0.51312137,0.051068723
1356874806256,-0.05252132,0.19752735,0.9788894,-0.5080118,0.8386407,-0.1964838,-0.85974735,-0.507607,0.056299746
1356874806296,-0.04196444,0.19407783,0.9800881,-0.50439984,0.8426528,-0.18845968,-0.8624499,-0.5022649,0.06253135
1356874806336,-0.031071708,0.19102345,0.9810936,-0.5016343,0.84601593,-0.18061021,-0.86452156,-0.49776205,0.069536746
1356874806398,-0.020565517,0.188292,0.9818978,-0.5004567,0.8482703,-0.17314903,-0.8655173,-0.49495822,0.076786876
1356874806418,-0.011358857,0.1854666,0.98258483,-0.50174844,0.8489285,-0.16603877,-0.864939,-0.49489647,0.08341473
1356874806458,-0.004190564,0.18181944,0.98332304,-0.5064584,0.8475034,-0.1588643,-0.8622542,-0.4986779,0.08853245
1356874806497,0.0010723248,0.17629448,0.98433685,-0.5147146,0.8440303,-0.15060487,-0.85736096,-0.50649107,0.09164643
1356874806538,0.005429834,0.16798243,0.98577505,-0.52604306,0.83884764,-0.14004752,-0.85044056,-0.51779974,0.09292078
1356874806578,0.010927834,0.15593807,0.9877064,-0.5390478,0.83286864,-0.1255285,-0.84220433,-0.5310492,0.09315956
1356874806617,0.019647442,0.1399795,0.9899594,-0.55212194,0.82700044,-0.1059794,-0.8335318,-0.5444961,0.09353423
1356874806657,0.03323108,0.120826975,0.99211717,-0.5638192,0.8218958,-0.081211,-0.8252294,-0.55667603,0.09543705
1356874806696,0.052537255,0.10008857,0.99359053,-0.57299817,0.81789947,-0.052092493,-0.81787103,-0.5665887,0.10032076
1356874806736,0.07739904,0.07986787,0.993796,-0.57890356,0.8151401,-0.02042365,-0.8117142,-0.5737313,0.10932684
1356874806773,0.106602885,0.06226057,0.99235046,-0.58132,0.8135952,0.011402726,-0.8066616,-0.57808876,0.122924924
1356874806816,0.13887501,0.048815697,0.98910606,-0.58052063,0.81319374,0.04137391,-0.8023151,-0.5799422,0.14127082
1356874806856,0.17247131,0.040406972,0.9841854,-0.5771711,0.81380945,0.06773305,-0.79820246,-0.5797254,0.16368055
1356874806896,0.20596066,0.037169397,0.9778541,-0.5720099,0.8153506,0.089487195,-0.7939678,-0.5777731,0.1891914
1356874806936,0.23824391,0.03880027,0.97043,-0.56577003,0.8176947,0.10620502,-0.78939474,-0.57434297,0.21676278
1356874806976,0.268476,0.044811934,0.96224344,-0.5591899,0.8206273,0.11780299,-0.7843642,-0.5697041,0.24537712
1356874807016,0.2965327,0.054499805,0.9534664,-0.552619,0.82404244,0.12476523,-0.77889717,-0.5639006,0.27447313
1356874807056,0.3228044,0.06715289,0.9440804,-0.5457716,0.8281452,0.12770641,-0.7732598,-0.5564764,0.30397904
1356874807096,0.34817505,0.08211334,0.93382627,-0.53785044,0.83338046,0.1272554,-0.7677832,-0.546566,0.33432698
1356874807136,0.3736515,0.09875199,0.9222974,-0.52814424,0.8400489,0.12402223,-0.7625275,-0.53344715,0.36604083
1356874807176,0.3984186,0.11658743,0.90976363,-0.51735675,0.84760267,0.117947906,-0.75736684,-0.517665,0.398018
1356874807216,0.4182281,0.13553543,0.89817333,-0.5085807,0.85422504,0.10791342,-0.75261605,-0.501926,0.42619163
1356874807256,0.42710856,0.1560161,0.89063865,-0.50575334,0.8577279,0.09228459,-0.74952775,-0.489859,0.44524854
1356874807296,0.42049176,0.17875916,0.8895122,-0.51092696,0.85682327,0.069336414,-0.74976027,-0.48363113,0.45161998
1356874807336,0.39596966,0.20451377,0.8951995,-0.52360404,0.8511512,0.037152767,-0.7543519,-0.48344147,0.44411433
1356874807399,0.3524601,0.23370537,0.9061753,-0.5412698,0.8408252,-0.0063226074,-0.76341265,-0.4882568,0.42285496
1356874807418,0.29114825,0.26604784,0.9189403,-0.55949044,0.8265128,-0.062025055,-0.77601755,-0.4960798,0.389489
1356874807457,0.21526653,0.30025953,0.92924947,-0.5730721,0.8093273,-0.12875442,-0.7907267,-0.5048104,0.34629142
1356874807497,0.1301666,0.3347048,0.9332896,-0.5775515,0.790707,-0.20301896,-0.80591005,-0.5125965,0.29623288
1356874807537,0.042870656,0.36798573,0.9288426,-0.5704083,0.7722935,-0.2796375,-0.82024175,-0.5178313,0.24301082
1356874807577,-0.03940761,0.39948285,0.9158934,-0.5516808,0.75554097,-0.3532792,-0.833124,-0.5192026,0.19061291
1356874807617,-0.11075929,0.42944172,0.89627695,-0.5238479,0.74115324,-0.41985142,-0.8445803,-0.5160152,0.14287251
1356874807657,-0.16774535,0.45831844,0.87281483,-0.49101087,0.7288869,-0.47710815,-0.8548507,-0.5085942,0.10277194
1356874807697,-0.20980674,0.48617372,0.84830207,-0.4578037,0.71778315,-0.52459806,-0.8639428,-0.49841994,0.071976304
1356874807736,-0.23872828,0.512243,0.82499456,-0.42804825,0.70706284,-0.5628827,-0.8716557,-0.48751348,0.050468802
1356874807777,-0.25783628,0.53515846,0.80444133,-0.40353936,0.6968489,-0.5929229,-0.87788177,-0.4775008,0.036284566
1356874807816,-0.27138573,0.55328125,0.7875466,-0.38422608,0.68794626,-0.61571115,-0.8824511,-0.4696912,0.025886297
1356874807856,-0.2833053,0.56522393,0.7747646,-0.36998183,0.6809086,-0.6320419,-0.88478905,-0.4657095,0.01621753
1356874807896,-0.2947957,0.5704766,0.76658463,-0.36188456,0.6758281,-0.64210284,-0.88438404,-0.46670428,0.0072154403
1356874807936,-0.30345437,0.5697434,0.7637461,-0.3616082,0.6727191,-0.64551413,-0.88156396,-0.47206092,0.0018843412
1356874807976,-0.3052277,0.56460935,0.7668457,-0.36991256,0.6717378,-0.64182013,-0.87749684,-0.4795671,0.0038231015
1356874808016,-0.29714102,0.5568118,0.77567244,-0.38574237,0.67311877,-0.63096267,-0.8734472,-0.48669463,0.01477468
1356874808056,-0.2781068,0.5478322,0.7890099,-0.40716627,0.67673266,-0.6133911,-0.86998415,-0.49184638,0.03485477
1356874808096,-0.24811232,0.53836715,0.8053576,-0.4324887,0.6823429,-0.5893739,-0.86682963,-0.49453905,0.0635401
1356874808136,-0.20697919,0.5284555,0.82334334,-0.46096674,0.6896212,-0.558509,-0.86294216,-0.49513367,0.10086322
1356874808176,-0.15356445,0.5173926,0.8418568,-0.49255544,0.69849277,-0.519131,-0.8566254,-0.49438122,0.14758086
1356874808216,-0.086523,0.50365686,0.8595601,-0.5260004,0.70963997,-0.46875864,-0.8460718,-0.49268728,0.20352352
1356874808256,-0.0060702264,0.4854304,0.8742543,-0.557583,0.7241013,-0.4059293,-0.83009905,-0.48993334,0.26627225
1356874808296,0.08133188,0.4603144,0.8840224,-0.5811168,0.74250114,-0.3331597,-0.80974585,-0.48662382,0.32788545
1356874808336,0.16370924,0.42743173,0.8891015,-0.592193,0.7633909,-0.25795704,-0.7889911,-0.48428965,0.37809616
1356874808398,0.2300945,0.3878013,0.8925619,-0.59122676,0.7842125,-0.18831256,-0.77298605,-0.48437676,0.4097215
1356874808418,0.27516246,0.34344798,0.89795834,-0.5824809,0.8026239,-0.12849449,-0.764854,-0.4876867,0.42090386
1356874808457,0.29836535,0.29686457,0.9071106,-0.57117057,0.8169727,-0.07949717,-0.76468444,-0.49439567,0.41331667
1356874808497,0.30253536,0.25012308,0.91973406,-0.5609372,0.82687414,-0.04035619,-0.77059835,-0.50370395,0.39046198
1356874808541,0.28557992,0.20573539,0.93601125,-0.55444276,0.8321085,-0.013735354,-0.78168875,-0.5150421,0.35170197
1356874808576,0.2632289,0.16426152,0.95064646,-0.54967463,0.8353418,0.00786382,-0.792823,-0.52461624,0.3101765
1356874808613,0.23044717,0.13143879,0.96416694,-0.54693747,0.8370085,0.016620368,-0.8048313,-0.5311692,0.26477504
1356874808643,0.19472343,0.107871324,0.9749085,-0.5445869,0.838552,0.015989304,-0.8157866,-0.5340359,0.22203106
1356874808673,0.15728152,0.09297606,0.9831673,-0.54084885,0.8410908,0.0069817305,-0.8262838,-0.53284305,0.18257403
1356874808703,0.11915364,0.08615601,0.98913074,-0.53465664,0.84501934,-0.009197146,-0.836627,-0.5277494,0.14675105
1356874808733,0.08127445,0.08645193,0.99293536,-0.525822,0.85003066,-0.03096965,-0.8467029,-0.51959014,0.11454409
1356874808776,0.04060068,0.093168914,0.9948221,-0.5129837,0.85635006,-0.05926463,-0.85743755,-0.50792134,0.082562566
1356874808816,-0.003339529,0.10758977,0.9941898,-0.5004755,0.86054385,-0.09480788,-0.8657443,-0.49788427,0.050972223
1356874808856,-0.04868377,0.12602663,0.9908315,-0.49220812,0.8601654,-0.13359115,-0.869115,-0.49419907,0.020155251
1356874808896,-0.0902072,0.14475343,0.9853472,-0.490077,0.85485184,-0.17044878,-0.866999,-0.4982717,-0.0061734915
1356874808936,-0.12146178,0.16038333,0.9795531,-0.49381632,0.84630156,-0.19979769,-0.86104155,-0.5079871,-0.023593366
1356874808976,-0.13731255,0.17144881,0.9755771,-0.50101894,0.83760273,-0.2177195,-0.8544737,-0.5186782,-0.029114246
1356874809016,-0.13602181,0.17833792,0.97452235,-0.50933534,0.83112264,-0.22318767,-0.8497504,-0.526717,-0.022216976
1356874809056,-0.11835709,0.1823968,0.9760753,-0.5173385,0.82770574,-0.21740286,-0.8475567,-0.53069246,-0.0036039948
1356874809096,-0.084753856,0.18453312,0.97916514,-0.52469677,0.82714665,-0.20130008,-0.84705967,-0.53082573,0.026720047
1356874809136,-0.033143505,0.18421586,0.9823268,-0.5312189,0.8292918,-0.17344038,-0.84658605,-0.52757895,0.0703733
1356874809176,0.040313512,0.17915317,0.98299485,-0.53476,0.83490777,-0.13023296,-0.84404176,-0.52041626,0.129462
1356874809216,0.13549715,0.16605097,0.9767638,-0.52989405,0.84515584,-0.07017031,-0.83716947,-0.50807345,0.20250565
1356874809256,0.24121654,0.14302908,0.95987356,-0.5118312,0.8590858,6.124675E-4,-0.8245261,-0.491441,0.28043246
1356874809296,0.336756,0.11227246,0.9348745,-0.4836436,0.8725067,0.06943332,-0.8078888,-0.47552812,0.3481217
1356874809336,0.40667015,0.078669086,0.9101816,-0.45484132,0.8814653,0.1270365,-0.7922997,-0.46565014,0.3942476
1356874809395,0.44740874,0.046529874,0.8931183,-0.43342644,0.88481116,0.17102839,-0.7822831,-0.46362072,0.41603953
1356874809418,0.46234912,0.01842554,0.88650656,-0.42293644,0.88330746,0.20221949,-0.7793318,-0.4684319,0.41618925
1356874809457,0.45590684,-0.004144147,0.8900178,-0.42392182,0.87826115,0.22124109,-0.78258497,-0.47816333,0.39864844
1356874809497,0.43211603,-0.02078347,0.9015785,-0.43465734,0.8711502,0.2284082,-0.7901574,-0.49057657,0.36740428
1356874809537,0.39408213,-0.031624183,0.918531,-0.45204872,0.863494,0.22367412,-0.8002195,-0.5033667,0.32599187
1356874809596,0.34531498,-0.037849918,0.9377233,-0.47147197,0.8569501,0.20820837,-0.81146276,-0.5140077,0.27807254
1356874809616,0.2904358,-0.04185739,0.9559785,-0.48771384,0.85306287,0.18552352,-0.8232753,-0.52012664,0.22734559
1356874809656,0.23543832,-0.047335863,0.9707359,-0.49664903,0.8526925,0.16203497,-0.8354093,-0.52026427,0.17724717
1356874809693,0.18665254,-0.058401167,0.98068863,-0.49720758,0.8553329,0.14556868,-0.8473167,-0.5147766,0.13061255
1356874809736,0.1457541,-0.07560301,0.9864278,-0.49231505,0.85931057,0.13860454,-0.85812676,-0.5058355,0.08802754
1356874809776,0.111919016,-0.09736246,0.9889361,-0.48747528,0.8618369,0.14001745,-0.8659342,-0.49775255,0.048994124
1356874809816,0.08327514,-0.11947659,0.9893384,-0.4881797,0.86060977,0.14502208,-0.86876106,-0.49505168,0.013341367
1356874809856,0.061771214,-0.13933769,0.98831636,-0.4959906,0.85500187,0.15154247,-0.8661279,-0.4995566,-0.016295671
1356874809896,0.050239418,-0.1543135,0.9867438,-0.50789994,0.8467498,0.1582797,-0.8599498,-0.509119,-0.035835624
1356874809936,0.048165318,-0.16001669,0.98593855,-0.5192398,0.839217,0.16157001,-0.8532703,-0.51972055,-0.0426659
1356874809976,0.051087677,-0.15037684,0.9873078,-0.527065,0.8356533,0.15455101,-0.84828794,-0.5282711,-0.036566794
1356874810016,0.05436563,-0.11988011,0.9912988,-0.5309981,0.8372832,0.1303761,-0.8456273,-0.5334657,-0.01813668
1356874810056,0.058447625,-0.06731187,0.9960185,-0.53204,0.84212,0.08813204,-0.8446995,-0.53507286,0.01340729
1356874810096,0.07073119,0.0017256737,0.997494,-0.5317317,0.84613717,0.036240697,-0.8439541,-0.5329625,0.060765922
1356874810136,0.10158515,0.07527986,0.9919745,-0.53197086,0.8467062,-0.009778082,-0.840647,-0.5267082,0.12605947
1356874810176,0.15394759,0.14187074,0.97784084,-0.53423506,0.8444628,-0.038411573,-0.8311997,-0.51648355,0.20579535
1356874810216,0.21259657,0.2020545,0.9560213,-0.5405406,0.83937144,-0.057197183,-0.81401384,-0.5046084,0.28766614
1356874810256,0.24974106,0.2688956,0.93022823,-0.55582666,0.8264476,-0.089671955,-0.7928972,-0.4946509,0.35585725
1356874810296,0.24416484,0.35271993,0.90331185,-0.58295155,0.79778975,-0.15394472,-0.7749523,-0.48899913,0.40041083
1356874810336,0.1935242,0.4471184,0.8732889,-0.6142764,0.7492728,-0.24749693,-0.76499206,-0.48854414,0.4196567
1356874810400,0.11343488,0.5327228,0.8386531,-0.63561374,0.6876774,-0.35084903,-0.763628,-0.49326092,0.4166125
1356874810417,0.026340306,0.5940163,0.8040216,-0.63871086,0.6287191,-0.44357717,-0.76899576,-0.5018534,0.3959654
1356874810457,-0.052401245,0.6284775,0.7760607,-0.6248502,0.5855687,-0.5164025,-0.7789842,-0.51198184,0.36201978
1356874810497,-0.11633453,0.64118826,0.7585144,-0.59955215,0.5635232,-0.5683123,-0.79183567,-0.5208832,0.31886852
1356874810537,-0.16456935,0.638898,0.7514828,-0.5681535,0.5613867,-0.6017031,-0.8062994,-0.52597934,0.2706051
1356874810577,-0.1987477,0.6272149,0.7530611,-0.5347098,0.574552,-0.6196575,-0.8213312,-0.52582455,0.221187
1356874810616,-0.22142854,0.610133,0.7607281,-0.50205296,0.5974412,-0.6253054,-0.83600974,-0.5203862,0.17402852
1356874810656,-0.235349,0.5901943,0.7721927,-0.472107,0.62505704,-0.62162584,-0.8495445,-0.51085657,0.13152826
1356874810696,-0.24369824,0.5690019,0.78539675,-0.44578883,0.65347713,-0.61175156,-0.86132663,-0.4992038,0.094403446
1356874810736,-0.25077677,0.5478238,0.79812294,-0.42371053,0.67918205,-0.59931725,-0.8703911,-0.48846787,0.061795592
1356874810776,-0.26085478,0.5280852,0.80813426,-0.40744805,0.69867754,-0.5880781,-0.87518054,-0.4826756,0.032913864
1356874810816,-0.2747886,0.5110962,0.81441504,-0.399217,0.7099141,-0.58021355,-0.87470967,-0.48456442,0.008962035
1356874810856,-0.28893748,0.49772042,0.8177955,-0.3998037,0.71344066,-0.5754645,-0.869869,-0.49323094,-0.007149279
1356874810896,-0.29824138,0.4886193,0.8199411,-0.40734336,0.711723,-0.5722951,-0.8632054,-0.5046796,-0.01322943
1356874810936,-0.29962993,0.48442608,0.8219205,-0.4191712,0.70705456,-0.56953436,-0.8570399,-0.5151749,-0.008797228
1356874810976,-0.29222468,0.48568386,0.82384217,-0.43305963,0.70086074,-0.56679237,-0.85268056,-0.5224035,0.0055212975
1356874811016,-0.27527806,0.4920575,0.8258944,-0.4487785,0.6939646,-0.56303734,-0.8501882,-0.5256354,0.029791534
1356874811056,-0.24690577,0.50216883,0.8287726,-0.4680515,0.68707263,-0.55575085,-0.8485077,-0.52512634,0.06539863
1356874811096,-0.20385003,0.5136699,0.83341974,-0.4930877,0.6815632,-0.5406812,-0.8457599,-0.52116686,0.11434764
1356874811136,-0.14326692,0.52378374,0.83971727,-0.52378374,0.67977256,-0.51338077,-0.83971727,-0.51338077,0.17696053
1356874811176,-0.068511575,0.52961063,0.84546953,-0.5565258,0.6830623,-0.4729745,-0.8280007,-0.5029298,0.24794436
1356874811216,0.006553471,0.5313573,0.8471225,-0.58465064,0.68930095,-0.4278409,-0.81125873,-0.49246687,0.31517565
1356874811256,0.0649856,0.53076386,0.8450246,-0.6048157,0.6944983,-0.389705,-0.7937095,-0.48575896,0.36614674
1356874811296,0.097795635,0.5293749,0.8427327,-0.6171858,0.6965488,-0.3659255,-0.78071624,-0.48433667,0.39484203
1356874811336,0.10558188,0.52672595,0.8434526,-0.6232762,0.69596237,-0.35659945,-0.7748414,-0.4880535,0.40177673
1356874811400,0.0940254,0.52102476,0.8483468,-0.62430805,0.69461775,-0.35741535,-0.775499,-0.49602368,0.39059168
1356874811417,0.070661366,0.5104138,0.85702085,-0.6209009,0.6949379,-0.36268917,-0.7806978,-0.5064969,0.36602163
1356874811458,0.041496336,0.49430403,0.8682981,-0.6131631,0.69875085,-0.36848098,-0.7888656,-0.51711774,0.3320846
1356874811497,0.011735678,0.47296232,0.8810046,-0.60115045,0.70740056,-0.3717562,-0.79904974,-0.5252534,0.29262328
1356874811537,-0.0153031945,0.44767544,0.89406526,-0.5851531,0.72104883,-0.37105855,-0.8107785,-0.5288434,0.2509243
1356874811577,-0.03787774,0.41997495,0.90674496,-0.5657234,0.73896897,-0.36589873,-0.8237246,-0.52682626,0.2095992
1356874811616,-0.05611755,0.391266,0.9185651,-0.5435844,0.7597338,-0.35682023,-0.83747655,-0.51934147,0.1700517
1356874811656,-0.071904525,0.36256894,0.9291789,-0.51982665,0.7814427,-0.34514856,-0.8512402,-0.5078297,0.13228375
1356874811696,-0.088110656,0.33453855,0.93825394,-0.49652782,0.8018062,-0.33251604,-0.86353725,-0.4951674,0.09546006
1356874811736,-0.10740909,0.30767164,0.9454107,-0.47735336,0.8181778,-0.32049793,-0.87212217,-0.48571938,0.058988392
1356874811776,-0.13038945,0.2824666,0.9503742,-0.4665252,0.82833,-0.31019938,-0.8748444,-0.48382026,0.0237723
1356874811816,-0.153735,0.25938493,0.9534595,-0.46625423,0.8317091,-0.30144164,-0.8711903,-0.49089667,-0.006923437
1356874811856,-0.17138217,0.23904243,0.9557651,-0.47538576,0.8296447,-0.29274234,-0.86292326,-0.5045279,-0.028548956
1356874811896,-0.1779492,0.2224872,0.9585581,-0.4903158,0.8245243,-0.28240064,-0.85318494,-0.5202491,-0.037634492
1356874811936,-0.17147295,0.2113168,0.96225893,-0.5067321,0.81870264,-0.2700899,-0.84487844,-0.53392065,-0.033304334
1356874811976,-0.15232527,0.20698683,0.96641266,-0.52153164,0.8137656,-0.25649622,-0.83952475,-0.5430857,-0.016006887
1356874812016,-0.12062664,0.2099831,0.97023517,-0.53348184,0.8105285,-0.24174492,-0.83716565,-0.5467637,0.014250815
1356874812056,-0.074778005,0.21904854,0.9728443,-0.54301095,0.80930763,-0.22396484,-0.8363895,-0.5450127,0.058427334
1356874812096,-0.011216268,0.23053908,0.97299844,-0.5507272,0.8107521,-0.19844547,-0.8346099,-0.5380825,0.11787051
1356874812136,0.07093854,0.23966134,0.9682614,-0.5551361,0.8159704,-0.16129526,-0.828729,-0.52607477,0.1909284
1356874812176,0.16288589,0.24323277,0.9561935,-0.5535035,0.8247963,-0.115520105,-0.8167631,-0.5104399,0.26897788
1356874812216,0.24634205,0.2425503,0.93834156,-0.5466562,0.8342448,-0.072129294,-0.8003015,-0.49518174,0.3381012
1356874812256,0.30484957,0.2422978,0.92106384,-0.54007804,0.84054804,-0.042364478,-0.7844632,-0.48453152,0.3871004
1356874812296,0.33240062,0.24621008,0.9104341,-0.53889155,0.84180814,-0.030901507,-0.7740191,-0.48035365,0.41249812
1356874812336,0.3314875,0.25470877,0.9084269,-0.54423904,0.8381398,-0.03640704,-0.77066195,-0.4823329,0.41645533
1356874812398,0.30814195,0.26544046,0.91355896,-0.5537553,0.83088493,-0.054638237,-0.77356553,-0.48905173,0.40301955
1356874812417,0.26990795,0.2744951,0.92293125,-0.5633638,0.82234377,-0.079824984,-0.78087837,-0.49840063,0.3765977
1356874812457,0.22335784,0.2786214,0.93406713,-0.5695487,0.8149758,-0.10690507,-0.79102814,-0.5081186,0.3407197
1356874812502,0.17481941,0.2751997,0.9453588,-0.56990427,0.8112391,-0.13076775,-0.8028993,-0.5159033,0.29865783
1356874812536,0.1289152,0.2631413,0.95610535,-0.5636213,0.812724,-0.14768447,-0.81591165,-0.5198426,0.25308454
1356874812573,0.08979221,0.24169281,0.9661893,-0.5515313,0.8198474,-0.15382908,-0.82930726,-0.519071,0.20691705
1356874812616,0.05791819,0.21217349,0.9755142,-0.53544235,0.8313207,-0.14902127,-0.84258354,-0.5137006,0.16175526
1356874812656,0.034163326,0.17439394,0.9840831,-0.5179727,0.84518266,-0.13179688,-0.8547146,-0.5052256,0.119205534
1356874812696,0.015569724,0.13111988,0.99124426,-0.50224257,0.8582499,-0.1056388,-0.86458665,-0.49620026,0.07921666
1356874812736,5.7950616E-4,0.08389841,0.99647415,-0.49260092,0.867211,-0.07272859,-0.8702551,-0.49082196,0.041830957
1356874812776,-0.009501077,0.034271553,0.99936736,-0.49272722,0.8694995,-0.034502387,-0.87013197,-0.4927433,0.008625329
1356874812816,-0.0096741915,-0.017155588,0.99980605,-0.502465,0.86454004,0.009972677,-0.86454344,-0.50227106,-0.016983807
1356874812856,0.005174637,-0.069613084,0.9975606,-0.51739913,0.8534776,0.06224239,-0.8557285,-0.5164591,-0.03160131
1356874812896,0.035653118,-0.12054846,0.992067,-0.53101206,0.8386815,0.12099385,-0.8466139,-0.5311133,-0.034111083
1356874812936,0.07909295,-0.16663729,0.9828409,-0.53830683,0.82268393,0.18280284,-0.8390292,-0.54352844,-0.024633527
1356874812976,0.13243845,-0.20577224,0.9695967,-0.5362007,0.8078476,0.24468538,-0.83363587,-0.55230415,-0.0033451319
1356874813016,0.19602948,-0.23920205,0.95097566,-0.52200127,0.7955095,0.30769992,-0.8301127,-0.5567288,0.03107953
1356874813056,0.27320126,-0.27151668,0.9228433,-0.49071914,0.7857907,0.37646735,-0.8273788,-0.5557082,0.08144057
1356874813096,0.36407685,-0.3076287,0.8790976,-0.435444,0.7781428,0.45263922,-0.8233082,-0.54759324,0.14934874
1356874813136,0.459013,-0.34856573,0.8171959,-0.35459724,0.7715006,0.5282496,-0.8145968,-0.53224885,0.23052835
1356874813176,0.5414159,-0.3899132,0.74487346,-0.2610048,0.76423645,0.589762,-0.7992154,-0.51372206,0.31200057
1356874813216,0.6002033,-0.42599112,0.6769694,-0.17629129,0.75510365,0.6314586,-0.78017783,-0.49834734,0.37811717
1356874813256,0.635144,-0.45399278,0.62488616,-0.11522347,0.74428177,0.65785116,-0.76375103,-0.48983175,0.42041546
1356874813296,0.65116155,-0.47361568,0.59302336,-0.08206865,0.73286086,0.6754107,-0.75448877,-0.48847014,0.43834183
1356874813336,0.65336055,-0.48593825,0.5805032,-0.07475586,0.7216393,0.6882211,-0.7533469,-0.49305248,0.4351639
1356874813397,0.64492136,-0.49245903,0.5844318,-0.088924915,0.7111659,0.6973775,-0.7590578,-0.5017242,0.4148542
1356874813417,0.6273542,-0.49503815,0.6011356,-0.11884385,0.70203465,0.7021563,-0.7696122,-0.5119419,0.38159212
1356874813457,0.6007911,-0.49528545,0.627489,-0.15905331,0.6951898,0.70100874,-0.7834233,-0.52096397,0.33888704
1356874813497,0.5672275,-0.49767935,0.65617704,-0.2004302,0.6893785,0.6961215,-0.79879963,-0.5263769,0.2912844
1356874813537,0.52983946,-0.5064038,0.68031263,-0.23575515,0.68260205,0.69171816,-0.8146715,-0.52688676,0.24228221
1356874813576,0.49406064,-0.5269505,0.6915397,-0.25838584,0.670467,0.6954932,-0.83014506,-0.5222999,0.19509485
1356874813616,0.46497247,-0.56145716,0.6845191,-0.26609764,0.64880323,0.712914,-0.8443889,-0.5136343,0.15227324
1356874813656,0.4431737,-0.60490525,0.6615789,-0.26352257,0.6174913,0.741121,-0.85682726,-0.50278634,0.114249706
1356874813696,0.42863432,-0.65197444,0.62546134,-0.25638893,0.5760445,0.77616847,-0.8663355,-0.4930538,0.0797534
1356874813736,0.4230005,-0.6980522,0.5777487,-0.249196,0.5233986,0.8148345,-0.8711899,-0.48864806,0.047446012
1356874813776,0.42970806,-0.7398392,0.51767653,-0.2413291,0.45835394,0.8553782,-0.8701214,-0.49249333,0.018413663
1356874813816,0.4491336,-0.77371764,0.4468109,-0.22800946,0.38427374,0.89462024,-0.8638812,-0.5036811,-0.003824681
1356874813856,0.47620097,-0.79736257,0.3707366,-0.2046071,0.3095627,0.92860484,-0.8552009,-0.5180578,-0.01573196
1356874813896,0.50394213,-0.8118958,0.29473308,-0.16923308,0.24180439,0.9554532,-0.8469962,-0.5313718,-0.015544206
1356874813937,0.52726746,-0.8207906,0.21975389,-0.12114942,0.18336362,0.97555137,-0.8410183,-0.54099953,-0.0027566552
1356874813976,0.5431211,-0.8273894,0.14299017,-0.058797777,0.13240133,0.9894507,-0.83759314,-0.545799,0.023261309
1356874814016,0.548796,-0.8337289,0.060984224,0.020329028,0.08624019,0.9960669,-0.8357091,-0.54539776,0.06427722
1356874814056,0.54060155,-0.84084064,-0.02714789,0.11737436,0.043430746,0.99213755,-0.83305055,-0.53953755,0.122171864
1356874814096,0.51487756,-0.84914696,-0.11768794,0.22841763,0.003569752,0.97355664,-0.8262726,-0.5281445,0.19579816
1356874814136,0.47137037,-0.8573848,-0.20664299,0.34299245,-0.03764376,0.9385835,-0.8125061,-0.51329744,0.27633238
1356874814176,0.41381437,-0.86118734,-0.2951509,0.44750476,-0.08990705,0.8897506,-0.79277813,-0.500273,0.3481806
1356874814216,0.3462456,-0.8542634,-0.3877473,0.53192115,-0.16168964,0.83121383,-0.7727703,-0.49405515,0.39841646
1356874814256,0.2702105,-0.82952094,-0.48875478,0.59313273,-0.25645113,0.7631685,-0.75840604,-0.49611264,0.4227203
1356874814296,0.18424535,-0.7777832,-0.6009217,0.6325622,-0.3741104,0.678164,-0.75227565,-0.5050689,0.42306823
1356874814336,0.08515245,-0.68635464,-0.72226477,0.65134573,-0.5102107,0.56163496,-0.7539879,-0.51826864,0.40360844
1356874814398,-0.028616428,-0.54104316,-0.84050786,0.6470847,-0.65091854,0.39697164,-0.7618809,-0.5325199,0.36872765
1356874814418,-0.1503166,-0.33778846,-0.9291416,0.6152029,-0.7676503,0.17955089,-0.77390593,-0.5446211,0.32319894
1356874814457,-0.26209497,-0.09757602,-0.9600964,0.55635124,-0.82818407,-0.06770778,-0.78852993,-0.5518967,0.2713495
1356874814497,-0.34625906,0.13895261,-0.92779136,0.48222524,-0.8219527,-0.30307174,-0.80471325,-0.55234575,0.21760218
1356874814537,-0.3978606,0.3403111,-0.8519949,0.40771776,-0.7663321,-0.49648905,-0.82187176,-0.54490685,0.16614246
1356874814576,-0.42328924,0.49858657,-0.75646394,0.34088686,-0.6859508,-0.6428589,-0.8394179,-0.5299838,0.12039399
1356874814616,-0.43185484,0.6194547,-0.655574,0.28363895,-0.59669745,-0.75066715,-0.8561836,-0.5101256,0.081985205
1356874814656,-0.4319154,0.7098956,-0.55632484,0.23702613,-0.50580233,-0.8294472,-0.87021136,-0.4901145,0.050199956
1356874814696,-0.43091208,0.7735703,-0.46465433,0.20327172,-0.41846967,-0.8851913,-0.87920153,-0.47589076,0.02307871
1356874814736,-0.43533516,0.8124511,-0.38782257,0.1831784,-0.3418362,-0.921734,-0.8814357,-0.472304,-1.013279E-5
1356874814776,-0.44848108,0.83077633,-0.32965964,0.17246589,-0.2814635,-0.9439459,-0.876995,-0.48019683,-0.017049551
1356874814816,-0.46906614,0.8356551,-0.2857577,0.16236848,-0.23644811,-0.9579816,-0.8681091,-0.4957548,-0.024774253
1356874814856,-0.49308777,0.8343451,-0.24644023,0.14404821,-0.20106167,-0.96892947,-0.85797125,-0.5132665,-0.02104491
1356874814896,-0.51614624,0.832253,-0.20235601,0.11188197,-0.1687209,-0.9792934,-0.8491616,-0.52809864,-0.0060293674
1356874814936,-0.5347125,0.83145225,-0.15089676,0.06466201,-0.13778675,-0.988349,-0.8425565,-0.5382398,0.019912899
1356874814976,-0.5463804,0.83225167,-0.093945265,0.0037940443,-0.10970789,-0.9939566,-0.8375286,-0.5434348,0.05678457
1356874815016,-0.54965866,0.8346344,-0.035508633,-0.068826556,-0.087605655,-0.9937747,-0.83254933,-0.5437929,0.10559815
1356874815056,-0.5426423,0.83963084,0.023650646,-0.15340793,-0.071383774,-0.9855812,-0.8258361,-0.53844625,0.16754186
1356874815096,-0.52200484,0.84862727,0.085689455,-0.24968022,-0.055969834,-0.96670943,-0.81558,-0.526022,0.24110198
1356874815136,-0.48772746,0.8604565,0.1474329,-0.34809905,-0.036808312,-0.93673486,-0.8005929,-0.5081926,0.3174765
1356874815176,-0.45015913,0.87087995,0.19729394,-0.4297729,-0.017632902,-0.90276486,-0.7827209,-0.4911794,0.38221824
1356874815216,-0.42345834,0.8768096,0.22778925,-0.48187566,-0.005086243,-0.8762248,-0.7671237,-0.48081082,0.42466703
1356874815257,-0.41288263,0.87788177,0.24259338,-0.5042201,0.001496315,-0.86357385,-0.75847864,-0.4788751,0.44202787
1356874815303,-0.419375,0.87363607,0.2467483,-0.4965635,0.006781757,-0.8679739,-0.75996673,-0.4865327,0.43097165
1356874815346,-0.42822778,0.86703074,0.25471306,-0.47853184,0.021531045,-0.8778062,-0.76656926,-0.49778923,0.40568155
1356874815425,-0.43972653,0.85884595,0.26272434,-0.45163807,0.041396618,-0.89124036,-0.7763141,-0.51055837,0.3696844
1356874815426,-0.45125377,0.8500289,0.27170056,-0.41873088,0.067179084,-0.9056222,-0.7880575,-0.5224348,0.3256184
1356874815453,-0.4594409,0.84197325,0.2828343,-0.3879661,0.09621346,-0.9166381,-0.79899716,-0.5308711,0.28245264
1356874815493,-0.46298367,0.83582765,0.29502246,-0.35521942,0.1299814,-0.9257019,-0.81207466,-0.5333826,0.236723
1356874815536,-0.45992857,0.8319725,0.31030223,-0.32394305,0.1681599,-0.93101186,-0.8267566,-0.52871925,0.19217014
1356874815576,-0.45122766,0.8299024,0.32810873,-0.29583535,0.20777082,-0.93236935,-0.841947,-0.5177771,0.1517626
1356874815616,-0.43915468,0.82851416,0.34743005,-0.2707855,0.24666691,-0.93050027,-0.85663205,-0.5027125,0.11602467
1356874815656,-0.4281466,0.8263525,0.36583066,-0.24737358,0.2821837,-0.9269189,-0.8691932,-0.4873541,0.08360177
1356874815696,-0.42426497,0.82249546,0.37881437,-0.22368774,0.31017482,-0.9239888,-0.8774754,-0.47675228,0.052385867
1356874815736,-0.43200862,0.8172846,0.38133243,-0.19926381,0.3258767,-0.92417437,-0.87958086,-0.47523707,0.022073746
1356874815776,-0.45014608,0.8119227,0.37168536,-0.1760754,0.32736343,-0.9283483,-0.8754233,-0.48333701,-0.0044017434
1356874815816,-0.472283,0.80750364,0.35339305,-0.15775687,0.31701434,-0.9352083,-0.8672148,-0.4974332,-0.022331238
1356874815856,-0.49153388,0.8047743,0.33276546,-0.14796141,0.29938066,-0.9425915,-0.85819685,-0.5125521,-0.028080225
1356874815896,-0.5039657,0.80429614,0.31484336,-0.14899468,0.2781002,-0.94892615,-0.85077566,-0.5251362,-0.020317078
1356874815936,-0.50830644,0.8064529,0.30208993,-0.1622209,0.25484186,-0.95327854,-0.8457594,-0.5335629,0.0012857914
1356874815976,-0.50400454,0.81141436,0.29594955,-0.18933997,0.23051906,-0.95446914,-0.842692,-0.5370918,0.037450492
1356874816016,-0.48989147,0.81910515,0.29845092,-0.23285064,0.20696592,-0.95023453,-0.84011114,-0.5350063,0.08933836
1356874816056,-0.4638564,0.8291168,0.31209394,-0.29435453,0.18803012,-0.9370166,-0.8355793,-0.5265074,0.15683526
1356874816096,-0.424568,0.84029114,0.33712453,-0.36996722,0.17883134,-0.9116708,-0.8263573,-0.5117912,0.23495406
1356874816136,-0.37683833,0.85043454,0.36708868,-0.4469701,0.18016046,-0.87621915,-0.8113018,-0.49427056,0.31222743
1356874816176,-0.33642024,0.8578181,0.38854772,-0.5077728,0.18224138,-0.8419945,-0.79308766,-0.48055804,0.3742671
1356874816216,-0.31837463,0.86217785,0.39406455,-0.5424429,0.175219,-0.8216167,-0.7774273,-0.47533947,0.411897
1356874816256,-0.32165092,0.86289114,0.3898201,-0.5525283,0.16328341,-0.8173439,-0.76892996,-0.47828597,0.42425144
1356874816296,-0.3365416,0.8592932,0.3851689,-0.5439924,0.15646231,-0.8243736,-0.768643,-0.48696494,0.41479284
1356874816336,-0.35475034,0.8515644,0.3859925,-0.5235876,0.1610915,-0.8366036,-0.77460194,-0.4988863,0.38872135
1356874816399,-0.3725317,0.84048057,0.39346212,-0.49644887,0.17772359,-0.8496781,-0.7840654,-0.5118659,0.351048
1356874816417,-0.38758022,0.8268646,0.4075248,-0.46692836,0.20508176,-0.8601857,-0.79483294,-0.52367586,0.30660093
1356874816458,-0.39819628,0.81151,0.42765754,-0.438201,0.24129385,-0.86588514,-0.8058656,-0.53219223,0.25952232
1356874816497,-0.40230542,0.79480517,0.45435134,-0.41315338,0.28525656,-0.8648312,-0.81697905,-0.5356431,0.21361613
1356874816537,-0.39835846,0.77639765,0.48838228,-0.39380938,0.3361069,-0.8555386,-0.82838684,-0.53314054,0.17186165
1356874816577,-0.38568735,0.75488275,0.5304688,-0.38118845,0.39321083,-0.8367082,-0.8402027,-0.5249164,0.13609618
1356874816617,-0.36460197,0.7279013,0.580711,-0.3751927,0.45593482,-0.807065,-0.8522301,-0.512136,0.106868446
1356874816656,-0.33729294,0.6930349,0.63713104,-0.37417564,0.5223409,-0.76625884,-0.86384374,-0.49685267,0.08313495
1356874816696,-0.30952832,0.6503334,0.6937281,-0.3753152,0.58676934,-0.7175237,-0.873688,-0.4824606,0.062458336
1356874816736,-0.2890452,0.60450464,0.7423119,-0.37729448,0.64071417,-0.668681,-0.87983054,-0.47334924,0.042880893
1356874816776,-0.27946147,0.5623684,0.77823067,-0.3819102,0.6785426,-0.6274747,-0.8809346,-0.4725693,0.025147736
1356874816816,-0.27717578,0.52800226,0.8027374,-0.39164472,0.7008273,-0.59620094,-0.87737566,-0.47964025,0.012536943
1356874816856,-0.27530405,0.502449,0.8196053,-0.40660626,0.7116841,-0.5728676,-0.8711367,-0.49096936,0.008369386
1356874816896,-0.2693576,0.48706952,0.83078855,-0.42371926,0.7147473,-0.55641544,-0.86481696,-0.5018959,0.0138581395
1356874816936,-0.25801313,0.48365664,0.83636445,-0.44007397,0.7118231,-0.5473963,-0.86009544,-0.5092976,0.029184937
1356874816976,-0.24252278,0.49471414,0.83453006,-0.4540829,0.70228213,-0.5482778,-0.8573163,-0.51191574,0.054321885
1356874817016,-0.22128248,0.5177337,0.82642955,-0.46807575,0.687056,-0.55575097,-0.8555344,-0.5098096,0.09030515
1356874817056,-0.19150558,0.5473179,0.8147201,-0.48599193,0.6683016,-0.56319165,-0.85272366,-0.5038017,0.13800853
1356874817096,-0.14941883,0.5751598,0.80427927,-0.51135147,0.6512415,-0.5607175,-0.8462822,-0.49505123,0.19680113
1356874817136,-0.10169029,0.6007445,0.7929471,-0.5417001,0.6351087,-0.550634,-0.834398,-0.48553368,0.260839
1356874817176,-0.06894913,0.6331201,0.7709766,-0.5705773,0.60891163,-0.5510609,-0.8183444,-0.47789693,0.31926006
1356874817216,-0.07485017,0.6818933,0.7276119,-0.59168273,0.5569668,-0.58283746,-0.8026886,-0.47414085,0.3617754
1356874817256,-0.12251741,0.73934644,0.6620849,-0.5981805,0.47731155,-0.6437032,-0.7919404,-0.4749111,0.38378358
1356874817296,-0.18978071,0.7855254,0.5890105,-0.58594054,0.39075613,-0.7099179,-0.78781796,-0.47985378,0.38611317
1356874817336,-0.25242156,0.81124055,0.5274202,-0.55934894,0.3224364,-0.7636514,-0.78956443,-0.487774,0.37237668
1356874817399,-0.30107594,0.82061213,0.48574597,-0.52589864,0.28203326,-0.80242634,-0.7954772,-0.49704435,0.3466453
1356874817418,-0.33592063,0.8200879,0.46326345,-0.4910792,0.2672118,-0.82911944,-0.8037403,-0.50601745,0.31296617
1356874817457,-0.36028486,0.81408197,0.4554838,-0.45726794,0.27146554,-0.846884,-0.81308115,-0.5133976,0.27444857
1356874817497,-0.3766176,0.8046877,0.45895225,-0.42584425,0.28959477,-0.85719985,-0.8226883,-0.51827866,0.23360509
1356874817537,-0.38661748,0.7927175,0.4713024,-0.39755756,0.31786394,-0.86076164,-0.8321508,-0.5201553,0.19225901
1356874817577,-0.39103043,0.7780958,0.49159133,-0.37289447,0.35438156,-0.8575333,-0.841454,-0.5186333,0.15157366
1356874817616,-0.39123374,0.76023567,0.51863086,-0.35169935,0.39726394,-0.8476373,-0.8504374,-0.5140264,0.11195135
1356874817656,-0.39174223,0.7391558,0.547893,-0.33298105,0.44122565,-0.8333328,-0.8577072,-0.5088897,0.07327819
1356874817696,-0.3980876,0.71647,0.5728846,-0.31660283,0.4788231,-0.81883514,-0.8609813,-0.5073451,0.036222935
1356874817736,-0.411184,0.69433695,0.5906131,-0.30470383,0.50595635,-0.8069471,-0.8591176,-0.51176584,0.0035259724
1356874817776,-0.42588076,0.67368895,0.6039608,-0.30089045,0.52407384,-0.7967506,-0.85328215,-0.5210468,-0.020486414
1356874817816,-0.43528533,0.6545073,0.6181804,-0.3077957,0.53707904,-0.7853712,-0.8460429,-0.5321338,-0.03232819
1356874817856,-0.4350364,0.6373068,0.63606876,-0.3250379,0.5476316,-0.7710058,-0.8396986,-0.542162,-0.031090856
1356874817896,-0.424431,0.6240497,0.6560642,-0.34928185,0.5556451,-0.75449365,-0.8353805,-0.5493818,-0.01786381
1356874817936,-0.40409684,0.61685306,0.67542434,-0.3775652,0.56007665,-0.73739994,-0.8331568,-0.5529977,0.0065770745
1356874817976,-0.37273797,0.6156666,0.6942773,-0.41017187,0.56181777,-0.7184148,-0.83236134,-0.55255353,0.043118298
1356874818016,-0.3240495,0.6159781,0.7180272,-0.45070398,0.56679475,-0.68964463,-0.83178,-0.54709667,0.093954206
1356874818056,-0.24849027,0.61002725,0.75240904,-0.5000952,0.58444333,-0.6390076,-0.8295525,-0.5350633,0.15984327
1356874818096,-0.14729011,0.59415585,0.79074925,-0.5483176,0.61632824,-0.56523204,-0.82319707,-0.51683486,0.23500705
1356874818136,-0.045980304,0.57716024,0.8153354,-0.5822154,0.6477536,-0.49136594,-0.81173337,-0.49729398,0.3062477
1356874818176,0.019595504,0.5763766,0.8169492,-0.60223037,0.6590472,-0.45052788,-0.7980818,-0.48316333,0.36002582
1356874818216,0.033376455,0.5984401,0.8004721,-0.6158475,0.6431153,-0.45512035,-0.7871581,-0.4777784,0.39001274
1356874818256,0.0036331415,0.6331791,0.7739968,-0.6234456,0.606598,-0.49330974,-0.7818584,-0.4807526,0.39695656
1356874818314,-0.049879074,0.6651668,0.74502707,-0.6211447,0.56348443,-0.54466915,-0.782107,-0.4899372,0.38505876
1356874818336,-0.108834326,0.6850778,0.72029406,-0.6079805,0.5273964,-0.5934752,-0.7864571,-0.5025152,0.35911512
1356874818398,-0.16149953,0.69093025,0.70465124,-0.58665943,0.5069479,-0.6315335,-0.79356706,-0.51538265,0.32346886
1356874818413,-0.20113039,0.6842196,0.7009923,-0.5618261,0.50563675,-0.65473884,-0.8024326,-0.5255236,0.28271347
1356874818456,-0.22737482,0.66816354,0.7084195,-0.53640425,0.5212263,-0.6637723,-0.8127553,-0.5309244,0.23989207
1356874818496,-0.24087402,0.64420474,0.7259339,-0.513136,0.5503417,-0.6586466,-0.823815,-0.5311537,0.19800162
1356874818536,-0.2453064,0.61422604,0.7500341,-0.492488,0.58744824,-0.6421528,-0.8350332,-0.52690697,0.1583941
1356874818576,-0.2432288,0.578751,0.7783875,-0.47478825,0.62873864,-0.615844,-0.84582263,-0.5193602,0.12185681
1356874818616,-0.2374677,0.5386263,0.80838776,-0.4599232,0.6706621,-0.58196473,-0.85561657,-0.50999415,0.08846617
1356874818656,-0.232333,0.49588916,0.836729,-0.4481987,0.70890474,-0.54458433,-0.86321455,-0.5015457,0.0575549
1356874818696,-0.23158535,0.45354745,0.8606178,-0.4415482,0.739285,-0.5084219,-0.8668353,-0.4977473,0.029055476
1356874818736,-0.23419301,0.41379845,0.8797298,-0.44256598,0.76031935,-0.47544694,-0.86561483,-0.5006848,0.0050715804
1356874818776,-0.23431817,0.37727532,0.8959679,-0.45192334,0.7737185,-0.44398773,-0.8607325,-0.50894314,-0.010796785
1356874818816,-0.2261299,0.34451652,0.9111386,-0.4673788,0.7822933,-0.41179386,-0.85464746,-0.51896584,-0.015880227
1356874818856,-0.20713739,0.31711113,0.9254915,-0.4852602,0.7881275,-0.37865236,-0.8494802,-0.5275373,-0.009369254
1356874818896,-0.1794531,0.2980967,0.9375153,-0.5017874,0.79195964,-0.347864,-0.84617144,-0.5328586,0.007461548
1356874818936,-0.14258415,0.28754425,0.9470946,-0.5162952,0.7947716,-0.31902567,-0.8444579,-0.5344683,0.035135865
1356874818976,-0.09501077,0.28458437,0.9539312,-0.52945626,0.7970432,-0.2905137,-0.84300005,-0.53266674,0.07494724
1356874819016,-0.032302633,0.28522265,0.9579168,-0.5421164,0.800186,-0.25653896,-0.8396823,-0.5275893,0.12877578
1356874819056,0.04937069,0.28422323,0.95748615,-0.5523633,0.80647945,-0.21091649,-0.8321402,-0.51846707,0.1968109
1356874819096,0.14428681,0.2791944,0.9493323,-0.55593497,0.81652445,-0.15564096,-0.81860715,-0.5053101,0.27302766
1356874819136,0.23283808,0.27392,0.9331421,-0.55312485,0.82650554,-0.104601294,-0.7998995,-0.49178895,0.3439539
1356874819176,0.29391783,0.2752689,0.91533566,-0.5513009,0.83111405,-0.072916105,-0.7808199,-0.483194,0.39603525
1356874819216,0.31890458,0.28634316,0.9034974,-0.5565506,0.82818556,-0.06603086,-0.76717097,-0.48178446,0.42347664
