1356874992026,-0.51831084,-0.051046133,-0.8536675,0.8551162,-0.017614484,-0.5181371,0.0114120245,-0.998541,0.05278009
1356874992056,0.18365163,0.054001927,0.98150694,-0.98292494,-0.001522243,0.18400064,0.011430472,-0.9985397,0.052800268
1356874992098,0.18384486,0.054143816,0.98146296,-0.982887,-0.0016400814,0.18420205,0.01158312,-0.9985317,0.052915752
1356874992136,0.1840865,0.0544402,0.98140126,-0.9828364,-0.0020275712,0.18446815,0.01203233,-0.998515,0.053132504
1356874992178,0.18406165,0.05487588,0.98138165,-0.98282814,-0.0029780865,0.18449947,0.013047218,-0.99848866,0.053385407
1356874992216,0.1830509,0.055406034,0.9815409,-0.98299366,-0.0046070516,0.18358189,0.014693499,-0.9984533,0.053620428
1356874992256,0.18063125,0.056121677,0.98194844,-0.9834063,-0.0068124235,0.18128881,0.016863704,-0.9984007,0.053959906
1356874992296,0.17665541,0.057117343,0.98261416,-0.984082,-0.009409845,0.1774663,0.019382596,-0.9983232,0.05454579
1356874992336,0.1711567,0.058368474,0.98351336,-0.9849969,-0.012208104,0.1721394,0.022054464,-0.99822044,0.055403322
1356874992376,0.16458541,0.059843004,0.9845458,-0.9860533,-0.015020788,0.16575041,0.024707705,-0.9980948,0.056536198
1356874992418,0.15763009,0.06155008,0.9855782,-0.9871245,-0.017634869,0.15897867,0.027165681,-0.99794817,0.057977796
1356874992456,0.15119985,0.06354529,0.98645854,-0.98806983,-0.019831985,0.1527243,0.029268354,-0.9977819,0.059788585
1356874992496,0.14631355,0.06595674,0.98703694,-0.9887557,-0.021410167,0.14799893,0.03089425,-0.9975927,0.06208259
1356874992536,0.14393729,0.068996936,0.98717856,-0.9890704,-0.022194564,0.14576438,0.031967312,-0.99737,0.06504822
1356874992576,0.14452267,0.07275051,0.98682344,-0.9889681,-0.022120833,0.14646754,0.03248498,-0.99710476,0.06875098
1356874992616,0.14759311,0.07692891,0.98605186,-0.9885127,-0.021329373,0.14962551,0.032542408,-0.9968084,0.07289711
1356874992656,0.15174341,0.08080849,0.9851111,-0.9878913,-0.020192206,0.15382805,0.03232217,-0.99652517,0.076765954
1356874992696,0.1556347,0.083735645,0.9842592,-0.9872958,-0.019104123,0.15774015,0.032011926,-0.99630487,0.07969862
1356874992736,0.1590887,0.085736215,0.98353446,-0.9867547,-0.018195778,0.16119576,0.031716436,-0.9961517,0.08170584
1356874992775,0.16292852,0.08739394,0.9827597,-0.98613423,-0.017399967,0.16503534,0.03152308,-0.99602187,0.08334717
1356874992816,0.16792169,0.08924511,0.9817524,-0.98529446,-0.01670888,0.17004642,0.031579763,-0.9958695,0.08512691
1356874992855,0.17421353,0.09149164,0.98044837,-0.98418826,-0.016165316,0.17638656,0.0319871,-0.9956746,0.087228715
1356874992896,0.18130931,0.09400141,0.9789232,-0.98288476,-0.015702277,0.18355083,0.032625318,-0.99544823,0.08954558
1356874992936,0.18835348,0.09647873,0.97735083,-0.98153865,-0.01518774,0.19065976,0.03323838,-0.9952191,0.09183699
1356874992976,0.19433618,0.098423064,0.9759848,-0.9803594,-0.014593661,0.19667897,0.033600897,-0.9950377,0.09365386
1356874993016,0.19809079,0.099105716,0.9751606,-0.9796058,-0.014142692,0.20043114,0.033655167,-0.9949765,0.094282925
1356874993068,0.19831994,0.09760073,0.97526574,-0.9795649,-0.014265388,0.20062175,0.0334934,-0.9951234,0.09277713
1356874993099,0.19428635,0.09322938,0.97650456,-0.98038197,-0.015263736,0.19651511,0.033226043,-0.99552774,0.088434875
1356874993156,0.18704996,0.08634886,0.97854805,-0.98180234,-0.016837865,0.18915784,0.03281018,-0.9961227,0.081627935
1356874993176,0.17997825,0.07865724,0.9805207,-0.9831505,-0.018024266,0.18190688,0.031981498,-0.99673873,0.07408795
1356874993217,0.17872939,0.07303876,0.9811835,-0.9834278,-0.017573863,0.18044639,0.030422807,-0.99717426,0.06868735
1356874993253,0.18837535,0.07197639,0.97945607,-0.9816983,-0.0146209,0.18988106,0.02798745,-0.9972992,0.06790483
1356874993296,0.21132785,0.07651144,0.974416,-0.9771034,-0.008644164,0.21258944,0.024688542,-0.9970313,0.07293284
1356874993336,0.24634978,0.08567178,0.965387,-0.9689567,3.4627318E-4,0.24723002,0.020846397,-0.99632335,0.08309761
1356874993376,0.28940636,0.09754443,0.9522232,-0.95705354,0.011714697,0.28967437,0.017101109,-0.9951621,0.09674555
1356874993416,0.33541414,0.10974702,0.9356564,-0.94196284,0.024040312,0.3348551,0.014255911,-0.9936688,0.111441135
1356874993456,0.37936616,0.120217025,0.9174035,-0.9251619,0.035868883,0.3778742,0.012520611,-0.99209946,0.12482762
1356874993496,0.4175306,0.12757778,0.89966226,-0.9085939,0.046417058,0.41509354,0.011197001,-0.99074185,0.13529693
1356874993538,0.447881,0.1312525,0.8844068,-0.8940462,0.05560586,0.44451028,0.00916484,-0.98978823,0.14225058
1356874993576,0.4702951,0.13146529,0.8726622,-0.8824911,0.06373784,0.4659901,0.0056399405,-0.9892696,0.1459926
1356874993616,0.48531887,0.12875581,0.86480486,-0.8743372,0.07118353,0.48007014,2.5197864E-4,-0.9891182,0.14712273
1356874993656,0.49430668,0.12384227,0.8604208,-0.8692608,0.07819629,0.4881302,-0.006830603,-0.9892161,0.14630415
1356874993696,0.49862808,0.11736995,0.85883313,-0.8666834,0.08483571,0.49159217,-0.0151616335,-0.9894581,0.14402403
1356874993736,0.49944744,0.10981068,0.85935664,-0.8660029,0.09111944,0.49166676,-0.024313837,-0.9897671,0.14060576
1356874993776,0.4978143,0.10158619,0.8613136,-0.86661947,0.09712428,0.4894257,-0.033935487,-0.9900743,0.13638647
1356874993816,0.4944643,0.09295261,0.86421335,-0.8680987,0.10279843,0.48563054,-0.043699056,-0.99034953,0.13152225
1356874993856,0.48885885,0.08331776,0.86837506,-0.87072873,0.10750297,0.4798693,-0.05337122,-0.99070746,0.12510097
1356874993896,0.4785964,0.07089093,0.87516856,-0.8758061,0.10951781,0.47007385,-0.06252256,-0.99145365,0.114501566
1356874993936,0.460868,0.053869396,0.8858322,-0.8847306,0.1062364,0.45383433,-0.06965977,-0.9928806,0.09662089
1356874993976,0.43471578,0.032090634,0.8999958,-0.8976793,0.095416814,0.4301947,-0.072069526,-0.99492,0.070286274
1356874994016,0.40195623,0.007651776,0.9156269,-0.91315913,0.077189595,0.4002278,-0.06761441,-0.9969871,0.038014144
1356874994070,0.36629403,-0.01570934,0.9303665,-0.9287753,0.054660738,0.3665905,-0.056613415,-0.9983814,0.0054314733
1356874994097,0.33266705,-0.033203512,0.9424596,-0.94212866,0.032328784,0.33368918,-0.041548222,-0.99892557,-0.020527244
1356874994138,0.30558616,-0.040436417,0.95130545,-0.9518459,0.012868285,0.30630672,-0.024627626,-0.99909925,-0.034556836
1356874994177,0.28750822,-0.034587204,0.95715344,-0.95775574,-0.0035451949,0.28756103,-0.0065526664,-0.9993954,-0.034145355
1356874994217,0.27917558,-0.014543802,0.96013,-0.96014905,-0.017998874,0.2789085,0.01322487,-0.99973226,-0.018989086
1356874994256,0.28204882,0.020129442,0.9591888,-0.95874065,-0.03114736,0.2825707,0.035564184,-0.99931204,0.010513812
1356874994296,0.29796576,0.06911096,0.9520714,-0.9526566,-0.041695654,0.3011756,0.060511798,-0.99673724,0.05341512
1356874994336,0.32917354,0.1310949,0.9351251,-0.94024396,-0.045840174,0.3374018,0.08709788,-0.99030954,0.10817179
1356874994376,0.37471914,0.20227483,0.9048041,-0.92017317,-0.038260877,0.38963765,0.11343253,-0.97858113,0.1717908
1356874994416,0.42854595,0.2755131,0.8604888,-0.89303595,-0.015500963,0.44971845,0.13724166,-0.96117234,0.2394002
1356874994456,0.47860628,0.3409679,0.8091211,-0.86393774,0.018438816,0.50326085,0.15667659,-0.9398941,0.30339998
1356874994496,0.5111766,0.3899492,0.765923,-0.8423779,0.0504421,0.5365213,0.17058128,-0.91945374,0.35426942
1356874994536,0.5182014,0.41905057,0.74556285,-0.8365514,0.067019284,0.543774,0.17790169,-0.9054861,0.3852868
1356874994576,0.49824056,0.42899442,0.7534721,-0.8486093,0.06305805,0.5252485,0.17781618,-0.9011035,0.39546674
1356874994616,0.4529837,0.42108795,0.7858057,-0.87505853,0.041413575,0.48224205,0.17052332,-0.90607387,0.38723633
1356874994656,0.38700792,0.3967227,0.83236766,-0.90853643,0.009934574,0.41768745,0.1574369,-0.9178847,0.36428183
1356874994696,0.30969167,0.3592328,0.88036513,-0.94043744,-0.020839632,0.33932725,0.140244,-0.9330152,0.33138222
1356874994736,0.2291668,0.31236774,0.92190516,-0.96608657,-0.042791188,0.2546483,0.11899331,-0.948997,0.29196787
1356874994776,0.15696216,0.262607,0.95205057,-0.9831543,-0.049863696,0.17584416,0.09365067,-0.9636135,0.25035655
1356874994816,0.101979315,0.21644789,0.97095335,-0.9926799,-0.041342914,0.1134775,0.06470409,-0.9754183,0.21064746
1356874994856,0.06840825,0.17783582,0.98167956,-0.9970914,-0.020952284,0.0732778,0.033599883,-0.983837,0.17588526
1356874994896,0.05595249,0.14747924,0.98748124,-0.99842817,0.005050063,0.055818558,0.0032452047,-0.9890523,0.14752999
1356874994936,0.059551835,0.12339595,0.9905691,-0.99794686,0.030795097,0.056159228,-0.023574859,-0.9918796,0.124976486
1356874994976,0.07246429,0.10209435,0.99213195,-0.99634606,0.052497208,0.06736991,-0.04520607,-0.99338853,0.105525464
1356874995016,0.08541173,0.079600185,0.99316096,-0.99442005,0.06875473,0.08000946,-0.061915755,-0.99445295,0.0850285
1356874995070,0.09049481,0.053563297,0.99445546,-0.9931541,0.078912675,0.086126,-0.07386196,-0.99544156,0.060337782
1356874995098,0.08736357,0.025642812,0.99584645,-0.9929641,0.08245906,0.08498743,-0.07993728,-0.9962646,0.032666326
1356874995137,0.08201587,5.490184E-4,0.9966309,-0.99344707,0.07991505,0.08170977,-0.07960096,-0.9968015,0.007099718
1356874995176,0.08196598,-0.01657325,0.9964973,-0.9938579,0.07323152,0.082966805,-0.07435,-0.99717724,-0.01046896
1356874995217,0.08976686,-0.022650898,0.9957052,-0.9937332,0.06482017,0.09106359,-0.066604435,-0.9976398,-0.016690224
1356874995256,0.10309434,-0.016753018,0.99453044,-0.9929897,0.05638522,0.10388446,-0.05781713,-0.9982685,-0.010822564
1356874995296,0.119296014,0.0012711585,0.99285793,-0.991714,0.048157036,0.119096875,-0.047661692,-0.9988389,0.007005602
1356874995336,0.14089122,0.03236845,0.9894959,-0.9894309,0.039228648,0.13959879,-0.034298062,-0.9987059,0.03755325
1356874995376,0.17438367,0.078166395,0.98157036,-0.98455596,0.029522628,0.17256308,-0.015489876,-0.9965031,0.082107484
1356874995416,0.22584638,0.13905519,0.96418726,-0.97411233,0.022149712,0.22497675,0.00992772,-0.99003685,0.14045781
1356874995456,0.28989494,0.20941934,0.9338653,-0.9561975,0.021997094,0.29189458,0.040586025,-0.9775785,0.20662308
1356874995506,0.35574135,0.280432,0.8915189,-0.93149865,0.028938442,0.36259168,0.07588315,-0.95943755,0.27151665
1356874995543,0.37547904,0.33005622,0.8660706,-0.92094564,0.027725518,0.3887036,0.10428181,-0.94355404,0.3143742
1356874995573,0.36792877,0.35963765,0.85749006,-0.9215416,0.018000394,0.38786227,0.12405476,-0.93291837,0.33804393
1356874995617,0.3228382,0.36325222,0.87396985,-0.9370379,-0.0072592497,0.34915224,0.13317472,-0.93166256,0.3380375
1356874995656,0.26272303,0.34765813,0.90006137,-0.95561004,-0.035180926,0.29252642,0.13336417,-0.9369611,0.32298273
1356874995696,0.20256442,0.31991407,0.92553914,-0.97111213,-0.056109548,0.23193291,0.12613025,-0.9457836,0.2993067
1356874995736,0.15311426,0.28674594,0.9456917,-0.981738,-0.065194905,0.17871836,0.112901,-0.95578575,0.27152708
1356874995776,0.118781626,0.2528426,0.96018827,-0.9883813,-0.062251747,0.1386618,0.09483299,-0.9655027,0.24251053
1356874995816,0.10005081,0.22083813,0.97016513,-0.99233526,-0.04892963,0.113474905,0.072529465,-0.9740823,0.21425003
1356874995856,0.09522134,0.19159374,0.97684425,-0.9943763,-0.02738756,0.102302015,0.046353757,-0.98109215,0.18790838
1356874995896,0.100866795,0.1642893,0.9812415,-0.9947472,-6.2668324E-4,0.10236004,0.017431617,-0.98641205,0.1633631
1356874995936,0.11106169,0.1363917,0.9844098,-0.993735,0.027692437,0.10827696,-0.012492627,-0.9902679,0.13861278
1356874995976,0.118664265,0.10484254,0.9873838,-0.99207497,0.05388254,0.113506645,-0.041302383,-0.9930279,0.11040565
1356874996016,0.11943719,0.06887716,0.9904498,-0.99068516,0.07398507,0.114320576,-0.065404415,-0.994878,0.07707214
1356874996078,0.11490366,0.031610012,0.9928736,-0.99012864,0.084403366,0.11189893,-0.08026475,-0.9959302,0.040996224
1356874996096,0.11086851,-0.0012426376,0.9938344,-0.9902896,0.08425546,0.11057845,-0.08387342,-0.9964435,0.008110672
1356874996133,0.1125806,-0.024248213,0.99334663,-0.9905305,0.07632023,0.11412448,-0.078579724,-0.99678844,-0.015426397
1356874996176,0.12142512,-0.03429973,0.99200785,-0.9902791,0.06412664,0.12343079,-0.06784776,-0.9973522,-0.02617973
1356874996216,0.13417813,-0.031015992,0.9904717,-0.9894469,0.050969332,0.1356354,-0.05469057,-0.99821854,-0.023849726
1356874996256,0.14948976,-0.014409542,0.9886582,-0.9879602,0.03811294,0.14993972,-0.039841145,-0.9991695,-0.008538514
1356874996296,0.16832078,0.01595074,0.9856032,-0.98547536,0.02554822,0.16788545,-0.022502452,-0.9995463,0.020019412
1356874996336,0.19632116,0.061459273,0.9786116,-0.98053896,0.013413757,0.19586542,-0.0010890663,-0.99801946,0.0628967
1356874996376,0.24083626,0.12318027,0.9627173,-0.9702351,0.004663527,0.2421203,0.025334716,-0.99237347,0.12063688
1356874996416,0.30235368,0.19714403,0.93258584,-0.95156753,0.005265057,0.30739465,0.055690914,-0.9803604,0.18918777
1356874996456,0.3670034,0.27058458,0.8899958,-0.9261519,0.01691112,0.37677145,0.08689773,-0.96254766,0.25680888
1356874996496,0.41447082,0.32844147,0.84872854,-0.9028032,0.030829519,0.42894742,0.11471823,-0.944021,0.30929595
1356874996536,0.4328533,0.36322814,0.8250475,-0.89129156,0.035333842,0.45205182,0.13504589,-0.93103,0.33903658
1356874996576,0.4213883,0.37512764,0.82565796,-0.8950678,0.025568336,0.44519615,0.1458948,-0.92662036,0.346539
1356874996616,0.386054,0.36747882,0.84612155,-0.91052973,0.0046598017,0.41341737,0.14797932,-0.93002033,0.3363993
1356874996656,0.33597162,0.34457153,0.8765806,-0.93097955,-0.019642383,0.36454257,0.14282906,-0.9385545,0.31418973
1356874996696,0.28039235,0.31107545,0.90808165,-0.9509095,-0.039054036,0.306995,0.13096285,-0.94958246,0.2848541
1356874996736,0.22765261,0.2723486,0.93487996,-0.96726966,-0.04726672,0.24930957,0.112087786,-0.96103704,0.25267416
1356874996776,0.18380886,0.23377159,0.9547593,-0.9791899,-0.041466653,0.19866535,0.08603293,-0.97140694,0.22128475
1356874996816,0.15174401,0.19947079,0.96808326,-0.9869665,-0.022515774,0.15934321,0.053581476,-0.979645,0.19345436
1356874996856,0.1306724,0.1710887,0.9765518,-0.99128485,0.0059497356,0.13160148,0.016705245,-0.9852377,0.17037505
1356874996896,0.117173016,0.14781207,0.98204994,-0.99289364,0.03815013,0.11272472,-0.020803213,-0.9882794,0.1512318
1356874996936,0.105573595,0.12671906,0.9863045,-0.99286515,0.06872505,0.09744614,-0.055435568,-0.98955506,0.13307047
1356874996976,0.08977446,0.10404229,0.99051285,-0.99236417,0.0938032,0.0800893,-0.08458063,-0.9901395,0.111668974
1356874997016,0.0660786,0.077582955,0.99479365,-0.992206,0.110664904,0.0572761,-0.10564503,-0.99082494,0.08429089
1356874997068,0.036117733,0.04873404,0.9981586,-0.9926312,0.117354274,0.030188084,-0.115666986,-0.99189365,0.052613437
1356874997097,0.0062585175,0.022109032,0.99973595,-0.9934529,0.11418244,0.0036940873,-0.114070624,-0.9932138,0.022678912
1356874997137,-0.016917676,0.0026323795,0.99985343,-0.99445677,0.1037468,-0.0170995,-0.103776634,-0.9946003,8.625984E-4
1356874997177,-0.030054003,-0.0066824853,0.99952596,-0.9956138,0.088837475,-0.029342443,-0.088599265,-0.9960238,-0.00932312
1356874997216,-0.03345734,-0.0050987303,0.99942714,-0.9968879,0.07158923,-0.033007115,-0.07137996,-0.99742115,-0.0074780583
1356874997256,-0.026900798,0.008005559,0.99960613,-0.99827677,0.05195418,-0.027281046,-0.052152187,-0.9986174,0.0065941215
1356874997296,-0.008856773,0.033869177,0.999387,-0.99953365,0.028909564,-0.009837836,-0.029224992,-0.99900806,0.03359735
1356874997336,0.024251997,0.074502945,0.99692583,-0.99970555,0.0025495887,0.024129033,-7.440448E-4,-0.99721754,0.07454285
1356874997376,0.07514042,0.13081747,0.9885549,-0.9966082,-0.023509264,0.07886362,0.03355688,-0.9911277,0.12860721
1356874997416,0.13946927,0.19789734,0.97025,-0.9876591,-0.042710543,0.15068325,0.07125977,-0.9792918,0.1894983
1356874997456,0.20278347,0.26244467,0.94339895,-0.97333926,-0.05143696,0.22352839,0.10718939,-0.9635751,0.24501711
1356874997496,0.24950737,0.31013694,0.91736645,-0.95886254,-0.053317845,0.27881894,0.13538402,-0.9491956,0.2840755
1356874997536,0.2736377,0.3345352,0.90178084,-0.94970834,-0.054422855,0.3083703,0.15223816,-0.9408105,0.30281872
1356874997576,0.2788611,0.33734053,0.8991317,-0.9472745,-0.057242215,0.31526875,0.15782124,-0.93964076,0.3035915
1356874997616,0.27298397,0.32410684,0.9057784,-0.9496106,-0.059949994,0.3076455,0.1540114,-0.94411904,0.2914099
1356874997656,0.26335043,0.30076262,0.9166179,-0.95415044,-0.05892825,0.29346937,0.14227936,-0.9518767,0.27145404
1356874997696,0.25511825,0.27216572,0.92781496,-0.9589973,-0.051285326,0.27873647,0.12344578,-0.9608828,0.24792236
1356874997736,0.25106823,0.24174523,0.9372961,-0.96297395,-0.035868585,0.2671975,0.098213255,-0.9696765,0.22378892
1356874997776,0.25237894,0.21176338,0.94417214,-0.96524644,-0.0133264065,0.26100096,0.067852974,-0.97722995,0.20104063
1356874997816,0.25861403,0.18313435,0.9484623,-0.9653698,0.01408115,0.26050532,0.034351945,-0.98298717,0.1804339
1356874997856,0.2678142,0.15522242,0.9508846,-0.9634706,0.043202013,0.26430666,-5.3793192E-5,-0.9869344,0.16112238
1356874997896,0.2770524,0.12603927,0.9525523,-0.96028304,0.07051402,0.26997063,-0.033141285,-0.9895159,0.14056954
1356874997936,0.28308386,0.09322566,0.9545536,-0.9570468,0.09246975,0.27479222,-0.06264964,-0.9913417,0.11539802
1356874997976,0.2854513,0.056829542,0.9567069,-0.95461655,0.10539293,0.27856714,-0.08499932,-0.99280554,0.08433494
1356874998016,0.2874527,0.02046156,0.9575763,-0.9529364,0.106681585,0.2837803,-0.09634921,-0.9940827,0.05016446
1356874998066,0.29487568,-0.01005137,0.9554827,-0.95072985,0.0970757,0.29443005,-0.095713586,-0.99522626,0.019069135
1356874998097,0.31244496,-0.029497385,0.94947773,-0.9460288,0.08089706,0.3138232,-0.0860669,-0.9962858,-0.002629459
1356874998137,0.34126708,-0.035262734,0.9393047,-0.9372461,0.06320551,0.34289196,-0.071460515,-0.9973774,-0.011479914
1356874998178,0.37999567,-0.026760489,0.9246011,-0.92339253,0.04771498,0.38088,-0.054309905,-0.9985025,-0.006578982
1356874998217,0.42639792,-0.004701793,0.9045235,-0.90385234,0.03664708,0.42627203,-0.035152406,-0.99931717,0.0113765
1356874998257,0.4808618,0.031673163,0.8762241,-0.87670755,0.031594425,0.4799851,-0.012481153,-0.99899876,0.042960674
1356874998296,0.54470944,0.08286911,0.83452046,-0.8384797,0.035303414,0.543788,0.015601784,-0.9959349,0.08871417
1356874998336,0.6168546,0.14618734,0.77338195,-0.7855029,0.052225873,0.6166504,0.0497559,-0.9878774,0.14704633
1356874998376,0.68965924,0.21185419,0.69245064,-0.718806,0.084497556,0.69005644,0.087680995,-0.9736415,0.21055663
1356874998416,0.75202215,0.26576474,0.6031847,-0.6473702,0.12565638,0.7517461,0.123993635,-0.9558136,0.26654458
1356874998456,0.79795754,0.29866838,0.5235083,-0.58316517,0.16317326,0.795797,0.15225685,-0.94030404,0.30437833
1356874998496,0.82867575,0.31004238,0.46601528,-0.53388816,0.18777299,0.8244421,0.1681069,-0.9319952,0.32113087
1356874998536,0.84822136,0.30447662,0.43337572,-0.5012395,0.1971187,0.8425576,0.17111261,-0.9319003,0.319816
1356874998576,0.8600055,0.28727925,0.4217359,-0.4833805,0.1938203,0.85368437,0.16350481,-0.9380322,0.3055517
1356874998616,0.8658549,0.26225123,0.42605114,-0.47802225,0.1824004,0.8592002,0.14761437,-0.9476046,0.2832942
1356874998656,0.86639565,0.23163812,0.44238257,-0.4834717,0.16743082,0.85919845,0.124954686,-0.9582852,0.25705183
1356874998696,0.8618021,0.19711155,0.4673801,-0.49794304,0.15310317,0.8535878,0.09669463,-0.9683525,0.23009497
1356874998736,0.8522012,0.16029374,0.49805522,-0.5192909,0.14277217,0.84258705,0.06395306,-0.9766893,0.20490971
1356874998776,0.8381494,0.12306051,0.5313772,-0.5446986,0.13803819,0.8271935,0.02844444,-0.9827521,0.18272749
1356874998816,0.8204318,0.08716485,0.565061,-0.5716963,0.13788173,0.80879664,-0.00741297,-0.98660576,0.16295436
1356874998856,0.79902035,0.05327633,0.5989392,-0.59988713,0.13896626,0.7879237,-0.04125461,-0.988863,0.14299667
1356874998896,0.77282226,0.021143913,0.6342702,-0.63064843,0.13726172,0.76383364,-0.0709106,-0.9903091,0.11941328
1356874998936,0.7415969,-0.008770198,0.6707884,-0.66431415,0.12959248,0.73613346,-0.09338513,-0.9915285,0.09027922
1356874998983,0.7058005,-0.03542906,0.7075242,-0.7009071,0.11005559,0.7047105,-0.102834195,-0.99329376,0.052844808
1356874999013,0.6687234,-0.053073406,0.74161464,-0.73616135,0.092640415,0.6704359,-0.104285836,-0.99428415,0.022880226
1356874999056,0.64371794,-0.059211522,0.76296866,-0.7595018,0.07267362,0.6464329,-0.09372398,-0.9955965,0.001810059
1356874999097,0.6202519,-0.053656816,0.78256536,-0.78071064,0.054454118,0.62251556,-0.0760161,-0.99707353,-0.008115187
1356874999136,0.5957936,-0.037619352,0.8022561,-0.8012787,0.040080845,0.59694725,-0.05461189,-0.998488,-0.006263688
1356874999176,0.568588,-0.0115838945,0.8225409,-0.8220316,0.029889062,0.5686569,-0.031172246,-0.9994861,0.007472232
1356874999216,0.54192907,0.025232881,0.84004533,-0.8404051,0.023000017,0.5414703,-0.0056581497,-0.99941695,0.033670247
1356874999256,0.52537626,0.07463503,0.8475903,-0.85056645,0.019460738,0.52550733,0.022726566,-0.99702096,0.07370627
1356874999296,0.5286957,0.13687131,0.83770347,-0.84710634,0.022557855,0.53094447,0.053774238,-0.990332,0.1278708
1356874999336,0.55178964,0.20630747,0.8080628,-0.8296065,0.03664595,0.55714476,0.0853309,-0.9778007,0.19137485
1356874999376,0.5794436,0.27049556,0.7688155,-0.80700994,0.058557957,0.58762735,0.113930345,-0.96093863,0.25222364
1356874999416,0.5932356,0.31806436,0.73953134,-0.79345584,0.075808585,0.6038883,0.1360125,-0.94503343,0.29734236
1356874999456,0.58385015,0.34487724,0.7349684,-0.79806507,0.07761952,0.59755105,0.14903387,-0.935433,0.32055265
1356874999496,0.551081,0.3517384,0.7566967,-0.82037526,0.06251311,0.5683982,0.15262398,-0.93400866,0.3230073
1356874999536,0.5004642,0.34123847,0.79567075,-0.85296214,0.036920935,0.5206653,0.14829409,-0.9392514,0.30954114
1356874999576,0.44046536,0.31697398,0.83995104,-0.88716847,0.010323197,0.4613302,0.13755873,-0.9483781,0.28575635
1356874999616,0.3800927,0.28356022,0.8804108,-0.9170039,-0.008962721,0.3987775,0.12096825,-0.9589126,0.25661916
1356874999656,0.32711872,0.246196,0.912349,-0.939834,-0.015890986,0.34126142,0.09851536,-0.96908975,0.22618519
1356874999696,0.28706658,0.20969608,0.93467665,-0.95532227,-0.009010196,0.2954289,0.070371896,-0.97772515,0.1977408
1356874999736,0.261911,0.17708278,0.9487066,-0.9643686,0.00996533,0.26437473,0.03736201,-0.9841455,0.17338306
1356874999776,0.2501183,0.1489318,0.9566923,-0.968214,0.036861926,0.24739206,0.0015790462,-0.98816013,0.1534177
1356874999816,0.24650037,0.123282075,0.9612695,-0.96854234,0.06624532,0.23986945,-0.034108013,-0.9901581,0.13573337
1356874999856,0.24314338,0.09657022,0.9651712,-0.9676645,0.09301317,0.23446503,-0.06713128,-0.9909706,0.11606318
1356874999896,0.23379359,0.06637463,0.970018,-0.96771646,0.112499565,0.22554097,-0.094156384,-0.9914324,0.090533495
1356874999936,0.21751603,0.03366351,0.975476,-0.9697509,0.12087318,0.21206805,-0.1107699,-0.9920969,0.058937073
1356874999976,0.19847152,0.0023463964,0.98010385,-0.9734033,0.11722794,0.19683394,-0.114433676,-0.9931022,0.025550425
1356875000016,0.18248504,-0.022700489,0.9829465,-0.97738904,0.10442364,0.18386486,-0.10681665,-0.9942738,-0.0031314194
1356875000067,0.17363858,-0.037477612,0.98409605,-0.98052,0.08658582,0.1763052,-0.09181628,-0.9955393,-0.021712929
1356875000097,0.17241985,-0.03990066,0.984215,-0.9823146,0.06708741,0.17480662,-0.07300326,-0.99694896,-0.027627766
1356875000137,0.17746025,-0.029407889,0.9836884,-0.982749,0.04760039,0.17871383,-0.0520795,-0.9984335,-0.020453364
1356875000177,0.18935657,-0.0053704977,0.9818938,-0.9814845,0.028347671,0.18943271,-0.028851777,-0.9995837,9.6708536E-5
1356875000217,0.21290404,0.033926547,0.97648394,-0.9770712,0.009355903,0.21270707,-0.0019194484,-0.9993806,0.035140574
1356875000256,0.25535366,0.09035766,0.9626162,-0.9663892,-0.0068081915,0.2569936,0.029774994,-0.99588615,0.08558214
1356875000296,0.31848726,0.16189268,0.9340004,-0.9456879,-0.013422161,0.32479906,0.06511891,-0.9867171,0.14882514
1356875000336,0.38782147,0.23728997,0.89066714,-0.9162752,-0.005764991,0.4005078,0.10017115,-0.9714217,0.21518713
1356875000376,0.43833715,0.30019102,0.84719884,-0.8894284,0.009035051,0.45698512,0.1295284,-0.9538363,0.2709589
1356875000416,0.45312682,0.34049138,0.8238578,-0.8789525,0.016463727,0.4766249,0.14872292,-0.9401035,0.30673593
1356875000456,0.43038863,0.35693738,0.8290726,-0.8889977,0.008511543,0.45783257,0.15636086,-0.93408954,0.32097977
1356875000496,0.37848377,0.35252753,0.8558472,-0.91269743,-0.011755407,0.40846694,0.15405673,-0.9357276,0.31730178
1356875000536,0.31037885,0.33173856,0.8908504,-0.93962526,-0.035009682,0.3404094,0.14411536,-0.9427215,0.30084372
1356875000576,0.23959094,0.3000415,0.92334783,-0.96240693,-0.051930487,0.26660085,0.12794125,-0.95251155,0.27631998
1356875000616,0.17731577,0.26340032,0.94825065,-0.9784008,-0.056850374,0.19874516,0.106258035,-0.96300995,0.24763072
1356875000656,0.12992889,0.22678638,0.96523905,-0.98833156,-0.048425376,0.14441505,0.0794934,-0.97273993,0.21784827
1356875000696,0.10003024,0.19359335,0.975969,-0.99379575,-0.028490245,0.10750866,0.048618615,-0.98066807,0.18954241
1356875000736,0.086276054,0.1648098,0.9825447,-0.9961512,-0.0010331273,0.0876441,0.015459716,-0.9863248,0.1640864
1356875000776,0.084204435,0.13898125,0.9867086,-0.99629664,0.029031575,0.08093342,-0.017397463,-0.98986936,0.14091113
1356875000816,0.08618802,0.112626046,0.9898925,-0.99513304,0.05737233,0.08011678,-0.04776922,-0.99197984,0.11702269
1356875000856,0.08444473,0.08216828,0.9930345,-0.9937244,0.08031157,0.07785809,-0.07335469,-0.9933773,0.08843452
1356875000896,0.07701588,0.04761973,0.995892,-0.992893,0.094560504,0.072262436,-0.090730965,-0.9943795,0.05456391
1356875000936,0.067040086,0.012432814,0.9976728,-0.9930103,0.098183215,0.06550327,-0.09714034,-0.9950907,0.01892811
1356875000976,0.06267846,-0.017626017,0.99787813,-0.99368703,0.0921123,0.06404227,-0.09304565,-0.99559265,-0.011741281
1356875001016,0.06996626,-0.03760174,0.9968405,-0.99417543,0.07949036,0.07277769,-0.08197582,-0.99612623,-0.03182113
1356875001064,0.089544386,-0.044992447,0.9949661,-0.99369,0.063709885,0.09231052,-0.06754249,-0.9969537,-0.03900367
1356875001097,0.11850935,-0.039109945,0.9921824,-0.99161136,0.047262967,0.12030411,-0.05159855,-0.9981165,-0.033180714
1356875001137,0.1558648,-0.018925697,0.9875971,-0.98720396,0.031109005,0.15639892,-0.03368309,-0.99933684,-0.0138347745
1356875001177,0.20286363,0.0168581,0.97906184,-0.97913104,0.015946805,0.2026034,-0.012197405,-0.99973077,0.019741297
1356875001216,0.26668972,0.071030796,0.9611614,-0.96366423,0.004034221,0.26708606,0.015093803,-0.99746597,0.06952572
1356875001256,0.34842816,0.14237744,0.9264591,-0.93607205,0.001553446,0.35180473,0.048649877,-0.9898112,0.13381684
1356875001306,0.4512903,0.22944248,0.86237645,-0.88779783,0.017661572,0.45989463,0.09028846,-0.97316194,0.21166906
1356875001346,0.5222007,0.2987205,0.7987944,-0.8434323,0.04228571,0.53556883,0.12620777,-0.95340335,0.27403212
1356875001386,0.55734813,0.34123543,0.7569157,-0.8164152,0.059339315,0.57440835,0.15109369,-0.9381029,0.3116625
1356875001426,0.55937684,0.35840988,0.74742216,-0.81273425,0.059862554,0.57955116,0.16297424,-0.93164307,0.3247777
1356875001466,0.53638446,0.35530433,0.7655394,-0.82805085,0.04618746,0.5587472,0.163167,-0.9336089,0.3189843
1356875001506,0.4973882,0.33695573,0.79941595,-0.8537192,0.026355356,0.52006626,0.15417048,-0.9411515,0.30077446
1356875001546,0.45059592,0.30777404,0.8379967,-0.8820114,0.008470476,0.4711519,0.13791007,-0.9514218,0.275277
1356875001586,0.4032098,0.2720165,0.87374425,-0.9077878,-0.001627326,0.41942665,0.11551282,-0.96229124,0.24627706
1356875001626,0.3611749,0.23386702,0.9026953,-0.9283581,-9.3737245E-4,0.37168562,0.08777121,-0.9722681,0.21677385
1356875001666,0.32807478,0.19661766,0.9239634,-0.9430068,0.010469288,0.33260876,0.055723518,-0.98042434,0.18884648
1356875001706,0.30410913,0.16170967,0.9388118,-0.95240474,0.029841155,0.30337217,0.021043003,-0.98638713,0.16308805
1356875001746,0.28570455,0.1282916,0.94969165,-0.95821226,0.052948415,0.2811152,-0.014219999,-0.9903221,0.13805816
1356875001786,0.2672254,0.09426674,0.95901215,-0.9624729,0.07495031,0.26082253,-0.04729137,-0.9927217,0.1107578
1356875001826,0.2450012,0.05889988,0.967732,-0.9667288,0.09056485,0.23923507,-0.073551595,-0.9941473,0.07912871
1356875001866,0.22031295,0.024495095,0.9751216,-0.97148037,0.09537184,0.21709457,-0.08768138,-0.9951403,0.04480818
1356875001904,0.19817436,-0.004439056,0.9801568,-0.9762017,0.08896196,0.19777757,-0.088074595,-0.99602515,0.013296574
1356875001946,0.18310559,-0.023575246,0.98281056,-0.9800016,0.07484478,0.18437767,-0.077905,-0.99691653,-0.009399354
1356875001986,0.17650077,-0.030106574,0.98384,-0.9822936,0.058408767,0.17801067,-0.06282416,-0.9978386,-0.01926428
1356875002026,0.17790449,-0.022632122,0.9837874,-0.98296344,0.042831898,0.17874077,-0.04618272,-0.9988259,-0.014626503
1356875002065,0.18767977,4.0960312E-4,0.9822302,-0.9818204,0.028963983,0.1875894,-0.028372437,-0.9995804,0.005838126
1356875002106,0.20445934,0.038935244,0.9781004,-0.97883826,0.016795486,0.20394504,-0.008486986,-0.99910057,0.04154536
1356875002146,0.23627898,0.09436646,0.96709216,-0.971563,0.0071492493,0.23667362,0.015420049,-0.9955119,0.09337214
1356875002186,0.28517288,0.16500768,0.94416577,-0.9574497,0.0034646392,0.28857964,0.04434663,-0.9862862,0.15897453
1356875002226,0.3411341,0.24111572,0.90856516,-0.93690395,0.008645505,0.34947988,0.076410145,-0.9704578,0.2288516
1356875002266,0.38539794,0.30782348,0.8698926,-0.91654223,0.018530697,0.39950824,0.10685834,-0.95126295,0.289275
1356875002306,0.40236664,0.35425013,0.84416115,-0.90613705,0.022717535,0.4223739,0.1304487,-0.9348748,0.3301399
1356875002346,0.38769317,0.37751433,0.8409381,-0.91041696,0.013963878,0.4134559,0.14434284,-0.9258984,0.34910923
1356875002386,0.34700578,0.3797264,0.85755163,-0.9259733,-0.0064184666,0.37753454,0.14886397,-0.9250766,0.34938926
1356875002426,0.29151708,0.36510032,0.8841491,-0.94542855,-0.030662298,0.3243835,0.14554262,-0.9304631,0.33623773
1356875002466,0.23355746,0.33894682,0.91135395,-0.96290636,-0.049639225,0.26523066,0.13513803,-0.9394951,0.31478044
1356875002506,0.18276054,0.3067857,0.93406695,-0.9760798,-0.057175636,0.20975962,0.11775714,-0.9500598,0.28899795
1356875002546,0.14451092,0.27325705,0.9510243,-0.9850254,-0.051605523,0.16450521,0.09403035,-0.9605558,0.26170754
1356875002586,0.119656086,0.24099812,0.9631211,-0.99065673,-0.034953177,0.13182321,0.06543332,-0.96989596,0.23456413
1356875002626,0.10585976,0.210493,0.97184694,-0.99379635,-0.011117101,0.11065853,0.034096956,-0.97753215,0.20801035
1356875002666,0.09903139,0.18057019,0.97856385,-0.99508137,0.015571952,0.09782958,0.002426982,-0.98343885,0.18122417
1356875002706,0.09395379,0.14897272,0.9843677,-0.9951956,0.041398704,0.08872208,-0.027534395,-0.9879743,0.15214661
1356875002746,0.08572322,0.1137591,0.9898032,-0.9948674,0.06338227,0.07887727,-0.053763002,-0.9914846,0.118608534
1356875002786,0.07287201,0.07557273,0.99447393,-0.9946624,0.07854161,0.06691721,-0.0730505,-0.9940423,0.08089277
1356875002826,0.058914363,0.03843701,0.9975228,-0.9948832,0.08441895,0.055505574,-0.08207637,-0.99568874,0.043213814
1356875002866,0.050058812,0.008048475,0.99871385,-0.99549717,0.08099595,0.04924485,-0.08049545,-0.9966819,0.0120667815
1356875002906,0.050569087,-0.01100412,0.99865997,-0.99617064,0.07085344,0.051223755,-0.0713222,-0.99742603,-0.0073789954
1356875002946,0.06018132,-0.016667187,0.9980483,-0.9964796,0.057461143,0.061046302,-0.058366448,-0.9982086,-0.013150394
1356875002986,0.075855345,-0.008716226,0.9970808,-0.99616265,0.043120176,0.07616246,-0.043658167,-0.9990319,-0.0054119527
1356875003026,0.095939875,0.012924969,0.9953033,-0.99501497,0.02858591,0.09554088,-0.027216822,-0.9995078,0.0156030655
1356875003066,0.127294,0.051221967,0.9905415,-0.991838,0.013945162,0.12673947,-0.0073214173,-0.9985899,0.052579045
1356875003106,0.16925648,0.104988545,0.97996414,-0.98544014,0.0017614663,0.17001355,0.016123295,-0.9944719,0.10375807
1356875003146,0.23685792,0.17532012,0.95559466,-0.97055614,-0.001649648,0.24086896,0.04380563,-0.98451006,0.16976735
1356875003186,0.31973532,0.2531675,0.91305834,-0.9445921,0.009640008,0.32810488,0.07426363,-0.96737444,0.24222228
1356875003226,0.39168978,0.32152542,0.86209077,-0.914224,0.030304372,0.40407413,0.10379505,-0.94641584,0.30581623
1356875003266,0.42937756,0.36839053,0.8245746,-0.8941239,0.044816613,0.44557124,0.12718964,-0.92859024,0.34863007
1356875003306,0.42470023,0.39182532,0.81615114,-0.8943614,0.041651458,0.44540203,0.14052585,-0.91909635,0.3681228
1356875003346,0.38150424,0.39440143,0.83600354,-0.9131694,0.020458698,0.40706646,0.14344403,-0.9187105,0.3679604
1356875003386,0.31031257,0.379293,0.8716897,-0.9405769,-0.010529757,0.33941746,0.1379174,-0.9252167,0.35348672
1356875003426,0.2247324,0.35035092,0.90925765,-0.9662605,-0.040382683,0.25438127,0.12584099,-0.9357475,0.32945496
1356875003466,0.13810813,0.3126558,0.93977255,-0.9845011,-0.060218453,0.16471565,0.10809094,-0.9479557,0.2994933
1356875003506,0.061066866,0.27194548,0.96037316,-0.9945128,-0.065303326,0.08172941,0.084941536,-0.96009433,0.26646543
1356875003556,-0.008544385,0.22848246,0.9735106,-0.9986005,-0.05276376,0.0036189854,0.052192956,-0.9721172,0.22861347
1356875003596,-0.050077558,0.19189757,0.9801365,-0.9985685,-0.02808839,-0.045519948,0.018795252,-0.98101294,0.19302943
1356875003636,-0.07698655,0.16047335,0.9840332,-0.996953,4.36306E-5,-0.07800448,-0.012560576,-0.98704016,0.15998104
1356875003676,-0.0945614,0.13132292,0.9868194,-0.9947265,0.027082503,-0.09892312,-0.039716393,-0.99096966,0.1280694
1356875003716,-0.10986787,0.10106385,0.9887948,-0.9920337,0.050532937,-0.115392655,-0.06162873,-0.9935957,0.09470683
1356875003756,-0.12771535,0.06831208,0.98945546,-0.9888207,0.06863898,-0.13237229,-0.07695779,-0.99530005,0.05878216
1356875003796,-0.14730322,0.03526306,0.98846257,-0.9855201,0.07961464,-0.149705,-0.08397511,-0.9962018,0.023024917
1356875003836,-0.16335529,0.0066090524,0.9865452,-0.9830977,0.0827018,-0.16333845,-0.08266854,-0.99655247,-0.007012427
1356875003876,-0.17126572,-0.013314307,0.9851349,-0.9823406,0.078763366,-0.16971543,-0.07533294,-0.9968045,-0.026568651
1356875003916,-0.17067021,-0.022301525,0.9850758,-0.98320067,0.06951678,-0.16877154,-0.064715445,-0.9973315,-0.033791244
1356875003956,-0.1643607,-0.019876987,0.9862,-0.98501575,0.05626148,-0.16302943,-0.052244544,-0.9982182,-0.028826356
1356875003996,-0.153359,-0.005601853,0.98815465,-0.9874593,0.038800716,-0.15303117,-0.03748384,-0.9992313,-0.01148206
1356875004065,-0.13414061,0.02206558,0.9907166,-0.99078256,0.016052783,-0.13450706,-0.018871695,-0.9996276,0.019708931
1356875004079,-0.09519279,0.067350835,0.9931778,-0.9954424,-0.0121664405,-0.09458485,0.0057130456,-0.99765515,0.06820208
1356875004117,-0.03577888,0.12980723,0.99089354,-0.99872696,-0.039924324,-0.030831575,0.03555852,-0.9907352,0.13107035
1356875004157,0.043282747,0.20505944,0.977792,-0.9966824,-0.05866003,0.056420922,0.06892693,-0.9769901,0.20184013
1356875004197,0.11515784,0.2771495,0.9539008,-0.9882099,-0.06557399,0.13835183,0.100895256,-0.9585866,0.26633054
1356875004236,0.15061003,0.32862478,0.93237454,-0.98062176,-0.069866896,0.18302888,0.12528998,-0.9418728,0.31173402
1356875004276,0.14173466,0.35241026,0.9250504,-0.980156,-0.08086383,0.18098399,0.13858375,-0.9323454,0.33395582
1356875004316,0.101499856,0.35110593,0.93081814,-0.9847454,-0.09746367,0.1441437,0.14133066,-0.9312494,0.3358574
1356875004356,0.050020218,0.33191732,0.9419813,-0.98948395,-0.111695826,0.0918999,0.13571855,-0.93667233,0.3228398
1356875004396,0.0037546158,0.30302116,0.95297647,-0.99239373,-0.11613363,0.040837348,0.1230472,-0.9458812,0.30028027
1356875004436,-0.028387427,0.27108648,0.96213627,-0.99420094,-0.107533574,9.6461177E-4,0.10372344,-0.9565294,0.27256706
1356875004476,-0.04401523,0.24018961,0.9697276,-0.99595195,-0.086698115,-0.0237315,0.07837349,-0.9668466,0.24303338
1356875004516,-0.044991374,0.21177074,0.97628325,-0.9978106,-0.056947947,-0.03363055,0.048475325,-0.97565883,0.21386918
1356875004556,-0.03539759,0.18527523,0.9820489,-0.99923694,-0.022795498,-0.031716496,0.01651001,-0.98242223,0.18594074
1356875004596,-0.020046413,0.15912548,0.9870548,-0.9996946,0.011083901,-0.022090018,-0.014455467,-0.98719615,0.1588547
1356875004636,-0.0040769577,0.13129619,0.9913348,-0.9991101,0.0410825,-0.009550065,-0.041980416,-0.9904915,0.13101184
1356875004676,0.0070801377,0.099920005,0.9949702,-0.9978787,0.06509739,5.634129E-4,-0.06471369,-0.99286366,0.10016894
1356875004716,0.009794235,0.0649831,0.9978383,-0.9966785,0.08131313,0.004487425,-0.08084577,-0.994568,0.06556368
1356875004756,0.004177928,0.029457122,0.99955726,-0.9961313,0.08786285,0.0015742481,-0.087777585,-0.9956969,0.029710293
1356875004793,-0.0063152015,-0.0015144944,0.9999789,-0.9963865,0.084710866,-0.0061642528,-0.08469972,-0.99640447,-0.0020439625
1356875004836,-0.01842469,-0.023237973,0.9995602,-0.99711406,0.07406855,-0.01665768,-0.07364887,-0.99698234,-0.024535596
1356875004876,-0.031805247,-0.03284487,0.9989543,-0.9977721,0.05968687,-0.029805154,-0.058645517,-0.9976766,-0.034670055
1356875004916,-0.04814732,-0.029383272,0.99840796,-0.9979477,0.04366094,-0.04684019,-0.04221514,-0.9986142,-0.031425178
1356875004956,-0.07070261,-0.012901753,0.997414,-0.99719155,0.025674582,-0.07035476,-0.024700522,-0.9995871,-0.014680803
1356875004996,-0.09881693,0.016542673,0.99496806,-0.9950942,0.0031496286,-0.09888184,-0.004769534,-0.99985814,0.016150296
1356875005065,-0.1251195,0.059413075,0.9903612,-0.9919574,-0.026729047,-0.123717666,0.019120961,-0.9978756,0.062279582
1356875005078,-0.13310188,0.11776078,0.9840815,-0.9899632,-0.06338918,-0.12631187,0.047505528,-0.99101675,0.12501603
1356875005117,-0.12593877,0.18626365,0.97439486,-0.98901343,-0.10021436,-0.10867137,0.07740682,-0.97737557,0.19683814
1356875005157,-0.11301577,0.2547572,0.9603781,-0.98793006,-0.13186306,-0.08127907,0.10593194,-0.9579723,0.26658493
1356875005196,-0.14351183,0.30113226,0.9427214,-0.98111326,-0.1681301,-0.09565073,0.12969631,-0.9386435,0.31957352
1356875005236,-0.24532074,0.3073143,0.91944313,-0.9583969,-0.219639,-0.18230212,0.1459215,-0.92591393,0.34841108
1356875005276,-0.38809186,0.2735248,0.88009596,-0.9087895,-0.27237046,-0.31609482,0.1532524,-0.9224958,0.35428125
1356875005316,-0.51323706,0.22198108,0.8290428,-0.84461653,-0.3021108,-0.44198638,0.15235016,-0.9270671,0.34254342
1356875005356,-0.5956702,0.17533982,0.7838577,-0.79015166,-0.3032936,-0.53260994,0.14435127,-0.9366263,0.31920806
1356875005396,-0.64124244,0.1425412,0.75398284,-0.7562946,-0.2835093,-0.5896108,0.12971735,-0.9483167,0.28960133
1356875005436,-0.6623009,0.12343937,0.7389995,-0.7413204,-0.25097603,-0.6224589,0.10863522,-0.96009046,0.25772977
1356875005476,-0.6681182,0.11508694,0.73510075,-0.73953164,-0.2114898,-0.6390345,0.08192173,-0.9705808,0.22641057
1356875005516,-0.66437805,0.11410496,0.7386351,-0.74563956,-0.16891903,-0.6445836,0.051219404,-0.9790027,0.19730729
1356875005556,-0.65432423,0.11714041,0.74708635,-0.755981,-0.12585676,-0.6423806,0.018777132,-0.98510826,0.17090696
1356875005596,-0.63997126,0.12062076,0.7588725,-0.76829505,-0.08421624,-0.63453156,-0.012628287,-0.98911995,0.1465683
1356875005636,-0.62304735,0.120728165,0.77281094,-0.78113496,-0.044881344,-0.62274694,-0.040498316,-0.9916705,0.1222682
1356875005676,-0.6054113,0.11393431,0.78771585,-0.79340374,-0.007867277,-0.6086449,-0.06314838,-0.99345714,0.095158756
1356875005716,-0.5882239,0.098358035,0.80269444,-0.80485266,0.025479138,-0.59292746,-0.078771114,-0.9948249,0.06417632
1356875005756,-0.57036984,0.075488746,0.81791174,-0.81692195,0.05156374,-0.5744386,-0.08553824,-0.99581254,0.032258034
1356875005796,-0.5479357,0.050373703,0.8350024,-0.8323405,0.0668326,-0.5502207,-0.08352205,-0.9964918,0.0053080916
1356875005836,-0.5164724,0.029238582,0.85580456,-0.85298985,0.0702759,-0.5171747,-0.07526386,-0.99709904,-0.0113553405
