1356874639915,-0.4677676,0.12910908,-0.8743707,0.82556015,-0.289492,-0.4844014,-0.31566402,-0.948433,0.028827786
1356874639954,0.70083547,-0.25359243,-0.6667237,0.63967294,-0.19019803,0.7447437,-0.3156709,-0.9484279,0.02891871
1356874640003,0.70076245,-0.25400132,-0.6666448,0.6397376,-0.1897921,0.74479175,-0.31570205,-0.9483998,0.029495027
1356874640035,0.70045686,-0.2551722,-0.6665188,0.6400514,-0.18856695,0.7448333,-0.3157442,-0.94832987,0.03124034
1356874640075,0.6995803,-0.25739902,-0.66658324,0.6410178,-0.18611816,0.7446182,-0.31572723,-0.9482119,0.03479275
1356874640114,0.697623,-0.26075405,-0.66733,0.6432219,-0.18231347,0.7436581,-0.31557512,-0.94803435,0.040536612
1356874640152,0.6969601,-0.2655086,-0.66614705,0.6440769,-0.176662,0.7442818,-0.3152961,-0.9477846,0.0478816
1356874640195,0.6881114,-0.2688365,-0.6739655,0.65370834,-0.17342547,0.7366063,-0.31490952,-0.94744414,0.056404646
1356874640233,0.6789286,-0.27224794,-0.68186295,0.66345525,-0.17027095,0.7285843,-0.31445697,-0.9470422,0.06502247
1356874640272,0.66852236,-0.27482897,-0.6910477,0.67414904,-0.16839138,0.71914357,-0.31400794,-0.9466327,0.07270229
1356874640315,0.6570231,-0.27613595,-0.7014767,0.6855211,-0.16830504,0.7083319,-0.313658,-0.94626755,0.078716785
1356874640354,0.64519763,-0.2760083,-0.7124181,0.69674623,-0.17002454,0.69687617,-0.31347215,-0.94599736,0.08260831
1356874640392,0.63401103,-0.27452278,-0.7229573,0.7069418,-0.17320496,0.68573564,-0.31346983,-0.9458527,0.08425778
1356874640431,0.62430626,-0.27224666,-0.73220456,0.7154631,-0.17702216,0.67585176,-0.31361485,-0.9458038,0.084266394
1356874640474,0.6166937,-0.26989686,-0.73948944,0.7219664,-0.1805178,0.6679654,-0.31377283,-0.9458165,0.0835323
1356874640518,0.6114137,-0.2679447,-0.74456626,0.7264717,-0.18295476,0.66239446,-0.31370705,-0.94590336,0.082793206
1356874640550,0.6084087,-0.26649097,-0.74754363,0.7291664,-0.184142,0.6590964,-0.31329745,-0.9460836,0.08228266
1356874640593,0.60739017,-0.26556608,-0.7487,0.7302706,-0.18432763,0.65782064,-0.312701,-0.9463075,0.08197636
1356874640632,0.6079663,-0.26538265,-0.74829745,0.72999215,-0.18379834,0.6582778,-0.3122313,-0.946462,0.081984006
1356874640676,0.60972285,-0.26628262,-0.74654645,0.7285901,-0.1825583,0.6601734,-0.31208092,-0.94644916,0.08270087
1356874640713,0.6122283,-0.26841968,-0.7437253,0.72645324,-0.18039417,0.6631165,-0.31215727,-0.9462604,0.08455196
1356874640788,0.6151071,-0.2714371,-0.74024665,0.72402066,-0.17724484,0.6666171,-0.31214952,-0.9459948,0.087501526
1356874640793,0.61808646,-0.27458918,-0.7365935,0.7216528,-0.17339426,0.6701879,-0.3117473,-0.9457988,0.09098536
1356874640829,0.6211679,-0.2770962,-0.73305404,0.7193919,-0.16941044,0.6736286,-0.31084695,-0.9457895,0.09410843
1356874640866,0.62462807,-0.27849138,-0.7295768,0.71695614,-0.16580522,0.6771134,-0.3095379,-0.9460186,0.096099496
1356874640916,0.62476313,-0.2776311,-0.729789,0.7175274,-0.16446826,0.6768342,-0.30793738,-0.9465047,0.09645423
1356874640951,0.6349529,-0.2780044,-0.72079706,0.7092374,-0.16014972,0.68653804,-0.306296,-0.9471355,0.09548354
1356874640996,0.64456105,-0.2772543,-0.71251035,0.7012793,-0.15682152,0.6954239,-0.30454624,-0.9479119,0.09335166
1356874641028,0.65499914,-0.27582514,-0.7034889,0.6924705,-0.1535039,0.7049263,-0.30242473,-0.94887143,0.09045589
1356874641071,0.66596484,-0.27387643,-0.69388944,0.68316686,-0.14968967,0.71475595,-0.29962283,-0.9500446,0.08741522
1356874641118,0.6763598,-0.2711349,-0.68485284,0.6746731,-0.14503711,0.72372687,-0.29555663,-0.95155144,0.084830105
1356874641148,0.6857095,-0.26799953,-0.67674136,0.6675121,-0.13918069,0.73147553,-0.2902244,-0.9533127,0.08345541
1356874641206,0.693431,-0.26521546,-0.6699359,0.66216236,-0.13200262,0.73764235,-0.28406745,-0.9551105,0.084080994
1356874641244,0.6991741,-0.2644999,-0.6642254,0.6578535,-0.12580669,0.74256414,-0.27997214,-0.95614463,0.08604139
1356874641286,0.7024784,-0.26783627,-0.65938437,0.6542381,-0.12170592,0.74643165,-0.28017244,-0.9557465,0.089732915
1356874641320,0.7032498,-0.27666968,-0.65489966,0.6508468,-0.12012455,0.74964565,-0.28607374,-0.9534275,0.09559199
1356874641366,0.7015339,-0.29219598,-0.6499783,0.6470335,-0.121079385,0.7527865,-0.29866007,-0.948663,0.10411924
1356874641409,0.6977484,-0.3133203,-0.6441875,0.6424842,-0.123977184,0.75620353,-0.31679845,-0.9415201,0.11479843
1356874641444,0.6927811,-0.3374974,-0.63729894,0.6370296,-0.12780502,0.7601706,-0.33800557,-0.93261003,0.12645492
1356874641485,0.68771875,-0.36215985,-0.62919253,0.63052213,-0.1316177,0.76493055,-0.35983992,-0.9227769,0.13783383
1356874641525,0.68356335,-0.38553363,-0.619762,0.622737,-0.13484097,0.77072465,-0.38070956,-0.9127879,0.1479137
1356874641564,0.6811582,-0.40637186,-0.6090036,0.6134623,-0.13722327,0.77771056,-0.39960915,-0.90334475,0.15582305
1356874641607,0.6811727,-0.4236212,-0.5971172,0.6026719,-0.138625,0.785856,-0.41568065,-0.8951694,0.16087702
1356874641644,0.68419254,-0.43631825,-0.584386,0.5904715,-0.13889119,0.79501736,-0.4280467,-0.88900816,0.16260523
1356874641682,0.6906862,-0.44371074,-0.5710283,0.576737,-0.13838711,0.8051232,-0.4362648,-0.8854207,0.16032234
1356874641720,0.70106006,-0.44498888,-0.5572251,0.56086063,-0.13850626,0.8162423,-0.44039786,-0.88476044,0.1524755
1356874641784,0.71564555,-0.439723,-0.54267406,0.54193264,-0.14058265,0.8285805,-0.44063646,-0.88706267,0.1376929
1356874641804,0.7342558,-0.4278299,-0.52709585,0.5196924,-0.14532876,0.8419022,-0.4367931,-0.8920993,0.11563146
1356874641839,0.75608623,-0.41032574,-0.509869,0.49469408,-0.15175928,0.8557142,-0.42849895,-0.89922285,0.08824265
1356874641881,0.7794873,-0.38931024,-0.4907515,0.46862996,-0.15744518,0.8692508,-0.4156747,-0.9075508,0.059715927
1356874641920,0.80226696,-0.3676185,-0.47034493,0.44391716,-0.15940109,0.881776,-0.39913067,-0.91621387,0.03530994
1356874641959,0.8223753,-0.34765372,-0.45037293,0.42320094,-0.15528692,0.89262927,-0.3802629,-0.9246745,0.019423246
1356874642000,0.8384854,-0.33060503,-0.43317726,0.40894675,-0.14360954,0.9011875,-0.36014548,-0.932779,0.014785349
1356874642041,0.84999585,-0.31685156,-0.4208468,0.40307504,-0.123175785,0.9068396,-0.33917174,-0.9404428,0.023016065
1356874642081,0.8567489,-0.30682006,-0.41453934,0.40660343,-0.092617765,0.9088981,-0.31726182,-0.9472505,0.045403898
1356874642121,0.8588605,-0.30140215,-0.4141442,0.4192884,-0.050712287,0.9064356,-0.29420385,-0.9521476,0.08281964
1356874642160,0.85677713,-0.30167907,-0.4182375,0.43937624,0.0024691373,0.89829975,-0.26996553,-0.9534064,0.13466612
1356874642210,0.85147166,-0.30780467,-0.42456126,0.46366647,0.06369889,0.88371706,-0.24496818,-0.94931483,0.19695652
1356874642248,0.844458,-0.31759393,-0.43130592,0.48824322,0.12530881,0.8636644,-0.22024819,-0.93991053,0.26088113
1356874642286,0.8373002,-0.32704383,-0.43814462,0.50967014,0.17681743,0.8420047,-0.19790083,-0.92832,0.31473374
1356874642320,0.8310044,-0.33317304,-0.44545206,0.5260768,0.21049224,0.8239759,-0.18076232,-0.9190695,0.35019454
1356874642358,0.8258721,-0.33542386,-0.45323956,0.53720754,0.22387034,0.81319755,-0.17129894,-0.91508085,0.36508048
1356874642402,0.8219069,-0.33488178,-0.4607854,0.54346675,0.21870574,0.81043917,-0.17062491,-0.9165271,0.3617529
1356874642438,0.81911045,-0.33322823,-0.4669229,0.545158,0.19892381,0.8143905,-0.17849585,-0.9216226,0.34460264
1356874642482,0.8176184,-0.33212206,-0.47031385,0.54217184,0.16920023,0.82305586,-0.19377781,-0.92793655,0.31840846
1356874642519,0.8176962,-0.33297634,-0.46957386,0.53391314,0.13374549,0.8348945,-0.21519677,-0.93340176,0.28714365
1356874642558,0.8196681,-0.33667022,-0.4634623,0.51973367,0.09687132,0.8488185,-0.2408757,-0.9366264,0.25438118
1356874642598,0.8236215,-0.34344396,-0.45132458,0.4993613,0.06189978,0.8641798,-0.2688604,-0.9371311,0.22248459
1356874642640,0.8293778,-0.35249966,-0.4334472,0.4734041,0.03141503,0.880285,-0.2966834,-0.9352845,0.19292971
1356874642678,0.8365223,-0.36214304,-0.41119683,0.4435323,0.0068949014,0.8962319,-0.32172894,-0.9320971,0.16638985
1356874642717,0.8446631,-0.37065977,-0.3862067,0.41138858,-0.012129784,0.9113793,-0.34249628,-0.9286894,0.14223963
1356874642780,0.8537032,-0.37649202,-0.359784,0.37756747,-0.028332517,0.9255485,-0.3586552,-0.92598647,0.11796358
1356874642798,0.8639306,-0.37738743,-0.3334706,0.3426045,-0.04489918,0.9384062,-0.36911526,-0.92496634,0.090504855
1356874642837,0.8758185,-0.37074026,-0.30902043,0.30832836,-0.062803924,0.94920456,-0.37131605,-0.9266107,0.059304893
1356874642878,0.88926446,-0.35631865,-0.2867852,0.2767282,-0.08010257,0.9576039,-0.36418432,-0.9309246,0.027371049
1356874642918,0.903132,-0.33735484,-0.26560175,0.24873644,-0.09313703,0.96408284,-0.34997535,-0.9367589,-2.0259619E-4
1356874642958,0.9158615,-0.31811795,-0.24494618,0.2250224,-0.09855115,0.9693568,-0.33250952,-0.94291496,-0.018675536
1356874642998,0.92640245,-0.30090123,-0.22635579,0.20725387,-0.09440625,0.9737213,-0.31436336,-0.948971,-0.025095224
1356874643037,0.93439335,-0.286048,-0.21233371,0.19756721,-0.07988429,0.977029,-0.29643932,-0.9548796,-0.018129647
1356874643078,0.93983793,-0.27319038,-0.2051138,0.19791313,-0.053974245,0.9787324,-0.27845117,-0.9604445,0.0033409297
1356874643117,0.9427577,-0.26227894,-0.20595512,0.20924026,-0.015660435,0.9777388,-0.25966567,-0.9648649,0.040115327
1356874643157,0.9431136,-0.25415748,-0.21433775,0.23079252,0.036428273,0.97232085,-0.23931466,-0.9664766,0.093013644
1356874643198,0.9409406,-0.2505479,-0.22771998,0.25948906,0.10163924,0.96038264,-0.21747659,-0.96275395,0.16065094
1356874643237,0.93677986,-0.2520817,-0.24268979,0.29026526,0.17247039,0.9412758,-0.19542158,-0.95221263,0.23473734
1356874643277,0.93171275,-0.25665224,-0.2569844,0.3183304,0.23640168,0.9180304,-0.17486306,-0.93714654,0.30195868
1356874643316,0.9317183,-0.25684303,-0.25677362,0.3269062,0.28509128,0.90103024,-0.15821938,-0.9234472,0.34958833
1356874643358,0.92441714,-0.26211292,-0.2770375,0.35149813,0.30366445,0.8855716,-0.14799328,-0.91601574,0.37284482
1356874643398,0.9191215,-0.26486355,-0.29165575,0.36612773,0.3008643,0.88058573,-0.14548624,-0.9161485,0.37350473
1356874643438,0.91692317,-0.26496428,-0.2984055,0.36968243,0.28236985,0.8852131,-0.15028915,-0.9219876,0.3568641
1356874643479,0.9181574,-0.26351446,-0.2958836,0.3617941,0.25314933,0.89722925,-0.16153017,-0.93084663,0.32776892
1356874643518,0.92274255,-0.2620535,-0.28262016,0.34200513,0.21863133,0.9139107,-0.17770389,-0.93996185,0.29136407
1356874643556,0.92986274,-0.26220253,-0.25807977,0.31066254,0.18380243,0.93258,-0.19708915,-0.94734704,0.25236753
1356874643597,0.9380828,-0.26552904,-0.22247462,0.26865047,0.15219551,0.951138,-0.21869512,-0.9520141,0.2141065
1356874643657,0.9457181,-0.27277997,-0.17665885,0.21743292,0.12708282,0.967767,-0.24153714,-0.9536462,0.17949587
1356874643676,0.9509457,-0.28352082,-0.12376718,0.16048196,0.110075384,0.9808817,-0.26447666,-0.95262754,0.15017569
1356874643718,0.95280147,-0.2957837,-0.06842058,0.102279946,0.100543976,0.98966146,-0.2858464,-0.9499489,0.12605119
1356874643758,0.9514178,-0.30756587,-0.01440084,0.045889273,0.095393956,0.99438137,-0.304464,-0.94673294,0.10487348
1356874643783,0.9474638,-0.31780094,0.036261976,-0.007237479,0.09203836,0.9957291,-0.31978115,-0.9436797,0.08490294
1356874643825,0.9418237,-0.3265531,0.079568654,-0.05533807,0.08284736,0.9950246,-0.3315204,-0.941541,0.059956785
1356874643866,0.9359615,-0.3309639,0.12016237,-0.10280254,0.06953651,0.9922683,-0.33676067,-0.94107795,0.031059563
1356874643908,0.93132156,-0.3293618,0.15543796,-0.14586611,0.0537408,0.9878435,-0.33371127,-0.9426731,0.0020072423
1356874643946,0.9284961,-0.32179537,0.18531778,-0.18235514,0.039610773,0.9824345,-0.32348344,-0.9459803,-0.021902584
1356874643986,0.9273561,-0.30946082,0.21034428,-0.21104652,0.03161511,0.9769646,-0.30898234,-0.9503865,-0.035992175
1356874644026,0.92779535,-0.29346856,0.23037359,-0.2310759,0.032781363,0.9723834,-0.2929159,-0.95540655,-0.037399113
1356874644066,0.9300468,-0.27431312,0.24446957,-0.24168608,0.04445198,0.96933573,-0.27676868,-0.9606125,-0.024955243
1356874644106,0.9346353,-0.25179192,0.25111297,-0.24199338,0.067082286,0.9679562,-0.26056877,-0.9654536,0.0017654896
1356874644146,0.9420094,-0.22547038,0.24855869,-0.2310908,0.101246476,0.9676498,-0.24334206,-0.9689748,0.043271
1356874644186,0.95196295,-0.19570555,0.23551174,-0.20894106,0.14710292,0.9668011,-0.2238528,-0.969567,0.09914562
1356874644226,0.963435,-0.16399589,0.21189232,-0.17707843,0.2037893,0.96286714,-0.20108764,-0.96518147,0.1672976
1356874644266,0.9745721,-0.13357711,0.17990631,-0.1395967,0.26609877,0.95378417,-0.17527658,-0.9546458,0.24068552
1356874644306,0.9835549,-0.108439796,0.14443189,-0.102479644,0.32341784,0.94069064,-0.14872015,-0.94002223,0.30698633
1356874644346,0.9895633,-0.09144851,0.1113628,-0.0707963,0.3645805,0.92847663,-0.12550852,-0.9266705,0.35430127
1356874644386,0.9928783,-0.08315579,0.0853098,-0.047032066,0.38432154,0.9220006,-0.10945608,-0.91944665,0.37767354
1356874644426,0.9942708,-0.08230069,0.06820682,-0.031556025,0.38365772,0.9229361,-0.102126345,-0.91980076,0.3788626
1356874644466,0.9944299,-0.08681084,0.059775233,-0.023886736,0.36675155,0.9300123,-0.10265781,-0.9262598,0.36263508
1356874644506,0.99368656,-0.09525336,0.05927752,-0.02365518,0.33859807,0.9406337,-0.109669775,-0.9360973,0.33420712
1356874644546,0.9919535,-0.107499674,0.06687368,-0.031221211,0.3041907,0.9520993,-0.12269273,-0.94652617,0.29838675
1356874644586,0.98876786,-0.124076724,0.08332515,-0.04734571,0.26877075,0.9620398,-0.14176212,-0.9551791,0.25987738
1356874644626,0.9833643,-0.14530514,0.10900047,-0.07229951,0.23739117,0.9687199,-0.16663574,-0.9604853,0.22293651
1356874644666,0.9749242,-0.17054474,0.14295901,-0.10496622,0.21403918,0.971169,-0.19622661,-0.96182203,0.19077054
1356874644706,0.9629997,-0.19802313,0.18280675,-0.14280371,0.20032284,0.9692667,-0.22855757,-0.9595091,0.16463241
1356874644779,0.94611615,-0.22941908,0.2285414,-0.18537769,0.19495803,0.9631337,-0.26551723,-0.9536028,0.14192376
1356874644793,0.9257039,-0.25644314,0.27804527,-0.23265392,0.19356063,0.9531036,-0.2982355,-0.94698006,0.11951733
1356874644826,0.90463966,-0.27856702,0.3225331,-0.27668852,0.19171992,0.94164056,-0.32414606,-0.9410866,0.09636113
1356874644866,0.88448083,-0.29651034,0.36024338,-0.31815654,0.18146512,0.930509,-0.34127712,-0.93763113,0.066165715
1356874644906,0.8658473,-0.3066698,0.39530012,-0.36056075,0.16527686,0.91797584,-0.3468494,-0.93735653,0.032531425
1356874644946,0.8504405,-0.3077162,0.4266869,-0.4003533,0.1475952,0.9043964,-0.34127435,-0.93996084,0.0023257285
1356874644986,0.83921444,-0.29998982,0.4535694,-0.43384582,0.13352993,0.89103734,-0.32786727,-0.94455063,-0.0180891
1356874645026,0.83269054,-0.28446147,0.4750874,-0.45859346,0.12659732,0.87958235,-0.3103521,-0.95029193,-0.025035784
1356874645066,0.8315092,-0.26186398,0.4899181,-0.473231,0.12797916,0.87159264,-0.29093802,-0.9565817,-0.017506301
1356874645106,0.8365399,-0.23234972,0.49620014,-0.47673443,0.13768929,0.86819696,-0.27004677,-0.9628371,0.0044134706
1356874645146,0.8485855,-0.19563718,0.49155745,-0.46792108,0.15604213,0.86988544,-0.24688563,-0.9681823,0.04087232
1356874645186,0.8676483,-0.15179542,0.47343922,-0.44567958,0.18458268,0.87595606,-0.22035481,-0.9710239,0.09250072
1356874645226,0.89172304,-0.103442,0.4406016,-0.41048914,0.22513711,0.8836355,-0.19060077,-0.96882033,0.15829813
1356874645266,0.9166759,-0.05707687,0.39553443,-0.36627078,0.27589083,0.8886675,-0.1598467,-0.95949286,0.2319969
1356874645306,0.9383701,-0.021101803,0.34498733,-0.31957817,0.32720995,0.8892713,-0.1316485,-0.94471604,0.30030036
1356874645346,0.9549981,-7.8703463E-4,0.296611,-0.2757067,0.36641622,0.8886647,-0.109382495,-0.9304507,0.34970978
1356874645386,0.96692836,0.0037754476,0.25502017,-0.23660207,0.38662288,0.89137095,-0.0952313,-0.9222302,0.3747299
1356874645426,0.9752208,-0.004208453,0.22119376,-0.20226708,0.38807458,0.8991586,-0.08962375,-0.92161834,0.37760717
1356874645466,0.98077446,-0.020799465,0.19403309,-0.17230797,0.37444282,0.9110997,-0.09160468,-0.92701674,0.36366004
1356874645506,0.9841184,-0.043057267,0.1722122,-0.14658192,0.35007825,0.9251805,-0.10012348,-0.9357304,0.33820704
1356874645546,0.9854428,-0.06944215,0.1551781,-0.12546742,0.31886345,0.9394594,-0.114718705,-0.9452533,0.30550897
1356874645586,0.98473334,-0.099108346,0.14310019,-0.109823026,0.28408286,0.95248926,-0.13505195,-0.9536637,0.2688615
1356874645626,0.9819807,-0.13097753,0.1362308,-0.10047728,0.24868637,0.9633584,-0.16005704,-0.9596875,0.23104495
1356874645667,0.97723514,-0.1637539,0.13489307,-0.09815505,0.21470946,0.9717333,-0.18808793,-0.9628523,0.19374835
1356874645706,0.97104204,-0.1945054,0.13872638,-0.10279282,0.18402255,0.9775322,-0.21566409,-0.96348494,0.15869987
1356874645788,0.96287733,-0.22534937,0.1486099,-0.11583483,0.15233451,0.98151743,-0.24382275,-0.96229506,0.12057614
1356874645789,0.95377433,-0.25072116,0.16569073,-0.13795266,0.124552965,0.9825759,-0.26698983,-0.96001315,0.08420777
1356874645826,0.9447459,-0.27207986,0.18283233,-0.16334015,0.09284553,0.9821912,-0.28420964,-0.957785,0.04327387
1356874645866,0.9366033,-0.28581822,0.2026874,-0.1934201,0.060605586,0.9792423,-0.29216933,-0.95636547,0.0014804006
1356874645906,0.9305166,-0.29038817,0.22318952,-0.22357124,0.03231442,0.97415185,-0.29009438,-0.9563632,-0.03485334
1356874645947,0.9269345,-0.28639683,0.24242386,-0.2493889,0.012491077,0.9683229,-0.28035274,-0.9580296,-0.059845775
1356874645986,0.92600846,-0.27531064,0.25828743,-0.26760978,0.0038361251,0.9635198,-0.26625806,-0.9613477,-0.07012352
1356874646026,0.92809606,-0.2580551,0.2684127,-0.276038,0.006926924,0.96112174,-0.24988163,-0.9661054,-0.06480417
1356874646066,0.933672,-0.23481071,0.27040806,-0.27311832,0.02154547,0.9617392,-0.2316527,-0.97180235,-0.0440147
1356874646107,0.9429388,-0.20560841,0.26189995,-0.2575966,0.047917724,0.9650637,-0.21097486,-0.9774605,-0.007780552
1356874646146,0.95537925,-0.17129353,0.24064295,-0.22862807,0.087014675,0.9696172,-0.1870286,-0.9813699,0.04396951
1356874646186,0.96942043,-0.13452628,0.20524776,-0.18653399,0.13953629,0.97248894,-0.15946484,-0.98103637,0.11017561
1356874646226,0.98254347,-0.1005296,0.15653118,-0.13385834,0.20227888,0.9701367,-0.12919042,-0.97415453,0.18529108
1356874646266,0.9922497,-0.07567177,0.09856095,-0.07528464,0.2649314,0.96132386,-0.09885696,-0.96129346,0.2571812
1356874646306,0.9972498,-0.06383718,0.03765218,-0.015723346,0.3142354,0.94921494,-0.07242685,-0.94719636,0.31236744
1356874646346,0.9976587,-0.06515432,-0.020783989,0.041892417,0.34200457,0.93876404,-0.05405631,-0.9374369,0.3439333
1356874646386,0.9943739,-0.07614595,-0.073636316,0.095691696,0.34761912,0.93274003,-0.045426987,-0.9345388,0.35294992
1356874646426,0.98848104,-0.09203872,-0.12014223,0.1443529,0.33486345,0.93114376,-0.045470037,-0.93776083,0.34429222
1356874646466,0.9809892,-0.10934869,-0.1603216,0.18684131,0.30893087,0.9325513,-0.05244499,-0.94477755,0.3234887
1356874646506,0.9728541,-0.1269505,-0.19349006,0.22191477,0.2746093,0.935598,-0.06564046,-0.9531387,0.29532698
1356874646546,0.965024,-0.14525747,-0.21824047,0.24798816,0.23577833,0.9396332,-0.08503235,-0.96088964,0.2635539
1356874646588,0.9583207,-0.16567856,-0.23274899,0.26319695,0.19509959,0.9448087,-0.11112533,-0.9666885,0.23057407
1356874646644,0.95335895,-0.18698853,-0.23694304,0.26717243,0.15750682,0.9506895,-0.14044788,-0.96965295,0.20011872
1356874646666,0.9499707,-0.20997751,-0.23122501,0.26052508,0.12434873,0.95742565,-0.17228535,-0.9697663,0.17283207
1356874646706,0.9480357,-0.23309101,-0.21655694,0.24409278,0.0962694,0.9649616,-0.20407608,-0.967678,0.14816266
1356874646760,0.94692653,-0.2556777,-0.19483085,0.21873689,0.06837618,0.9733854,-0.2355511,-0.9643411,0.12067336
1356874646783,0.9474216,-0.27310693,-0.16674799,0.18572572,0.044984285,0.9815713,-0.2605729,-0.9609313,0.093342066
1356874646825,0.94829667,-0.2830198,-0.14364307,0.154309,0.015638143,0.9878988,-0.27734864,-0.9589865,0.058502108
1356874646866,0.95115685,-0.28317136,-0.122941054,0.12350385,-0.015935753,0.9922161,-0.28292638,-0.9589369,0.019815356
1356874646906,0.9558694,-0.27390563,-0.10625208,0.09771368,-0.044670645,0.9942116,-0.2770665,-0.9607187,-0.015934974
1356874646946,0.96135736,-0.25869817,-0.094166905,0.080115944,-0.06435433,0.9947059,-0.26338866,-0.9638121,-0.04114166
1356874646986,0.9664022,-0.24155484,-0.087852664,0.07276909,-0.070688635,0.99484056,-0.24651876,-0.967809,-0.05073592
1356874647026,0.97032213,-0.22474104,-0.08925453,0.07714347,-0.06212315,0.9950827,-0.2291807,-0.97243613,-0.042942166
1356874647066,0.97277176,-0.20887668,-0.10042692,0.09442614,-0.038530916,0.9947859,-0.21165714,-0.9771826,-0.01775837
1356874647106,0.97322357,-0.19423874,-0.122911364,0.12530346,2.908893E-5,0.9921185,-0.19270426,-0.9809543,0.024367094
1356874647146,0.9706846,-0.18175827,-0.15727481,0.16941024,0.05319345,0.9841091,-0.17050397,-0.9819035,0.08242577
1356874647186,0.96378475,-0.1733733,-0.20263427,0.2246752,0.11853784,0.96719694,-0.14366627,-0.97769654,0.15319765
1356874647226,0.95126724,-0.1712322,-0.25645697,0.2871011,0.18829855,0.93921065,-0.11253263,-0.9670694,0.2282832
1356874647266,0.93264693,-0.17544433,-0.3152601,0.35187563,0.24927604,0.90224445,-0.079706915,-0.95240784,0.29422113
1356874647306,0.90819883,-0.18366167,-0.37608942,0.41557595,0.28897783,0.8624317,-0.049714148,-0.9395532,0.3387747
1356874647346,0.8786819,-0.19320446,-0.43656635,0.47661793,0.30243152,0.8254517,-0.027449533,-0.93338484,0.35782582
1356874647386,0.8451672,-0.20182756,-0.49493232,0.534271,0.29177868,0.79335976,-0.015711159,-0.93494964,0.3544324
1356874647426,0.8086759,-0.20778403,-0.5503354,0.5880791,0.26271266,0.7649478,-0.0143637955,-0.9422356,0.33464283
1356874647466,0.7703116,-0.21039347,-0.601959,0.6372968,0.22181958,0.7380033,-0.021744758,-0.95211905,0.30495328
1356874647506,0.73161554,-0.2102262,-0.64849335,0.68074656,0.17454071,0.7114209,-0.036370814,-0.9619461,0.27080745
1356874647546,0.69466615,-0.2087194,-0.68838596,0.7170578,0.12488262,0.6857351,-0.05715871,-0.9699694,0.23641557
1356874647586,0.66203517,-0.20779929,-0.7200895,0.74484956,0.07586992,0.6629049,-0.08311802,-0.9752247,0.20500773
1356874647626,0.6363914,-0.20952928,-0.74236345,0.7630153,0.029762506,0.64569485,-0.113197416,-0.9773493,0.17881465
1356874647666,0.6197885,-0.21530074,-0.7546574,0.7710494,-0.011959493,0.636663,-0.14609933,-0.9764746,0.15859514
1356874647706,0.6130165,-0.22488275,-0.7573893,0.76925826,-0.04868999,0.63708,-0.18014559,-0.97316855,0.14314514
1356874647788,0.6156581,-0.23660031,-0.75165516,0.757745,-0.084077954,0.6471116,-0.21630436,-0.96796244,0.1275194
1356874647789,0.62925696,-0.24524826,-0.73748827,0.7369659,-0.11305693,0.6664077,-0.24681354,-0.96284544,0.109597795
1356874647826,0.6451323,-0.24523276,-0.7236471,0.7147678,-0.14100295,0.68500006,-0.27002087,-0.9591553,0.084318936
1356874647866,0.6646807,-0.23394758,-0.7095549,0.69183975,-0.16580996,0.70275515,-0.28205913,-0.9580061,0.051643547
1356874647906,0.68838406,-0.2142993,-0.692967,0.6686408,-0.18282959,0.72075856,-0.2811529,-0.9595047,0.017432269
1356874647946,0.715345,-0.19254361,-0.6717205,0.6447908,-0.18859756,0.7407265,-0.26930702,-0.9629942,-0.010761976
1356874647986,0.74439013,-0.17461264,-0.6445105,0.6190517,-0.18136421,0.7641218,-0.25031644,-0.96779,-0.026911467
1356874648026,0.77447003,-0.16343996,-0.611133,0.5903089,-0.16061783,0.7910356,-0.22744565,-0.97339064,-0.02791363
1356874648066,0.8050332,-0.15882665,-0.5715729,0.55763954,-0.12610047,0.82044905,-0.20238484,-0.97922045,-0.012947019
1356874648106,0.8362551,-0.15840048,-0.52496356,0.5196038,-0.07694861,0.8509352,-0.17518376,-0.984372,0.01795682
1356874648146,0.8686667,-0.15823922,-0.4694449,0.47374836,-0.011725359,0.88058233,-0.144847,-0.9873313,0.064780116
1356874648186,0.9019824,-0.15299356,-0.4037582,0.4173541,0.06929374,0.90609825,-0.11064926,-0.9857948,0.12635422
1356874648226,0.93369913,-0.13655877,-0.33099508,0.35043404,0.15876266,0.9230333,-0.07349861,-0.97782725,0.19609138
1356874648266,0.9599622,-0.10623821,-0.2592028,0.277756,0.24077722,0.9299881,-0.036390156,-0.96474856,0.26064533
1356874648306,0.97900933,-0.06645118,-0.1926784,0.20377074,0.2993257,0.9321382,-0.00426808,-0.9518342,0.30658346
1356874648346,0.9916736,-0.025185473,-0.12629008,0.1275391,0.32772806,0.936124,0.017812073,-0.9444364,0.3282114
1356874648386,0.9985935,0.011168487,-0.05182922,0.045283634,0.32876754,0.9433246,0.027575275,-0.9443448,0.32779938
1356874648426,0.99868566,0.03836954,0.033981387,-0.04421516,0.30963713,0.9498262,0.0259225,-0.95008034,0.31092668
1356874648466,0.990272,0.05343513,0.12847577,-0.13834286,0.27909616,0.9502455,0.014919404,-0.9587753,0.28377348
1356874648506,0.97302955,0.05475247,0.22408849,-0.2306526,0.24602178,0.9414205,-0.0035855398,-0.9677165,0.25201526
1356874648546,0.9491858,0.04279822,0.31179273,-0.3134392,0.21771872,0.9243129,-0.028324142,-0.9750727,0.22007015
1356874648586,0.92307353,0.020284653,0.38408828,-0.3802195,0.19880986,0.90327615,-0.058037892,-0.9798282,0.19122875
1356874648626,0.8992803,-0.008914396,0.43728188,-0.4277717,0.19040817,0.883604,-0.09113881,-0.9816645,0.16741699
1356874648666,0.8807517,-0.041127145,0.47178912,-0.45663622,0.19033101,0.8690555,-0.12553789,-0.9808581,0.14885423
1356874648706,0.86800843,-0.07389653,0.49102,-0.47044677,0.19400811,0.86083716,-0.15887472,-0.97821265,0.1336363
1356874648788,0.8575264,-0.1081495,0.50294346,-0.47787848,0.1945183,0.8566183,-0.19047458,-0.9749187,0.11512226
1356874648788,0.8542818,-0.1403026,0.50051755,-0.4734286,0.18757841,0.8606276,-0.21463458,-0.9721778,0.09382155
1356874648826,0.8516654,-0.16834986,0.49631083,-0.47165364,0.16667068,0.86588895,-0.22849275,-0.9715345,0.06254482
1356874648866,0.854354,-0.18949331,0.48391265,-0.46594906,0.13307104,0.8747477,-0.2301536,-0.97282284,0.025395542
1356874648906,0.86394185,-0.20064548,0.46189377,-0.45257965,0.09289205,0.8868724,-0.22085318,-0.9752499,-0.010554723
1356874648946,0.87983006,-0.20078367,0.43079576,-0.42908788,0.054260492,0.9016316,-0.20440808,-0.9781318,-0.038413823
1356874648986,0.9000315,-0.19078662,0.39184645,-0.39476317,0.024103492,0.9184667,-0.18467602,-0.9813355,-0.05362162
1356874649026,0.9224834,-0.17241663,0.34539366,-0.34955925,0.0065751364,0.9368911,-0.1638066,-0.98500204,-0.054204375
1356874649066,0.94548357,-0.14764103,0.29028082,-0.29293925,0.0038942099,0.9561232,-0.14229344,-0.9890334,-0.039567944
1356874649106,0.96722394,-0.118774116,0.22443412,-0.22393128,0.017736942,0.97444355,-0.11971943,-0.9927629,-0.009441644
1356874649146,0.9851691,-0.08920586,0.14657487,-0.14257273,0.049728155,0.98853433,-0.095471956,-0.994771,0.036272317
1356874649186,0.9962225,-0.06389747,0.058803506,-0.052221503,0.10020235,0.99359566,-0.0693805,-0.9929132,0.096487015
1356874649226,0.9983134,-0.04817632,-0.032393582,0.039898284,0.16402897,0.98564833,-0.04217142,-0.9852784,0.16567448
1356874649266,0.9918405,-0.044303987,-0.11953918,0.12655072,0.22884005,0.96520317,-0.015406989,-0.9724554,0.23257953
1356874649306,0.9788684,-0.050518706,-0.19815263,0.20433019,0.28006667,0.93798286,0.008110262,-0.9586504,0.28447092
1356874649346,0.9617694,-0.06317423,-0.26647443,0.27274102,0.30884778,0.911167,0.024737738,-0.9490111,0.31427056
1356874649386,0.9425431,-0.07851839,-0.32472664,0.3325413,0.3138181,0.88934505,0.032075167,-0.946231,0.3218977
1356874649426,0.92248917,-0.093467474,-0.37453648,0.38483134,0.29884994,0.87326604,0.030308247,-0.94971186,0.31165504
1356874649466,0.90267897,-0.106265604,-0.41698718,0.4298175,0.2692238,0.8618442,0.020678475,-0.95719695,0.28869748
1356874649506,0.88446087,-0.116846725,-0.45174748,0.4665953,0.23021299,0.85398525,0.004212752,-0.9660998,0.2581345
1356874649546,0.86968726,-0.12640256,-0.47714406,0.49325752,0.18638635,0.8496806,-0.018468648,-0.9743113,0.22444683
1356874649586,0.86024535,-0.13676026,-0.49119708,0.50775075,0.14181638,0.8497513,-0.04655245,-0.98040026,0.191437
1356874649633,0.8592317,-0.15249741,-0.48832908,0.50473565,0.09700528,0.85780644,-0.08344278,-0.9835316,0.16032091
1356874649663,0.86207724,-0.16831242,-0.47801024,0.49307364,0.060711116,0.8678667,-0.1170522,-0.98386234,0.13532808
1356874649707,0.8675811,-0.18666193,-0.46093428,0.47455546,0.03367714,0.87958115,-0.14866133,-0.98184687,0.11779907
1356874649781,0.87549996,-0.20655319,-0.43684733,0.44932732,0.015390068,0.89323467,-0.17777735,-0.97831434,0.10628399
1356874649793,0.8837609,-0.22193989,-0.4119579,0.42293575,0.0021426901,0.90615714,-0.20022973,-0.97505796,0.09575996
1356874649837,0.88996345,-0.22974898,-0.39392966,0.40207762,-0.01226332,0.9155235,-0.21517146,-0.97317266,0.08146301
1356874649876,0.8952615,-0.22800827,-0.38277805,0.38651448,-0.029880136,0.9217991,-0.22161533,-0.9732005,0.061377972
1356874649916,0.90004045,-0.21620691,-0.37839368,0.37692922,-0.04962475,0.92491174,-0.21875003,-0.9750856,0.036830425
1356874649956,0.90428925,-0.19694674,-0.37877825,0.37298316,-0.06721091,0.9254007,-0.20771262,-0.97810775,0.012679697
1356874649996,0.9072012,-0.17459887,-0.38275495,0.374721,-0.07820507,0.9238334,-0.19123366,-0.981529,-0.005521863
1356874650036,0.9075443,-0.1531886,-0.39101988,0.3830486,-0.0797345,0.92028046,-0.17215425,-0.98497486,-0.013683915
1356874650076,0.9039657,-0.13522488,-0.4056602,0.39960492,-0.07049849,0.91397256,-0.15219027,-0.9883037,-0.009691685
1356874650116,0.89514285,-0.12187894,-0.4287946,0.42594683,-0.049869776,0.9033727,-0.13148603,-0.99129134,0.007273376
1356874650156,0.8799397,-0.113849014,-0.46124238,0.4624376,-0.017273597,0.8864835,-0.108892605,-0.9933478,0.037448347
1356874650196,0.8577454,-0.112274885,-0.5016644,0.5073535,0.027598001,0.86129606,-0.08285695,-0.9932939,0.0806351
1356874650236,0.8289016,-0.11872488,-0.5466503,0.55689037,0.08277696,0.8264508,-0.05287023,-0.9894707,0.1347307
1356874650276,0.7951152,-0.13349724,-0.5915829,0.60611826,0.14225918,0.782549,-0.020310014,-0.98078585,0.19402754
1356874650316,0.75850004,-0.15356068,-0.63332194,0.65157384,0.19565,0.7329205,0.011361659,-0.9685763,0.24845669
1356874650356,0.72098684,-0.17356941,-0.6708589,0.69193065,0.23278888,0.6834043,0.03755045,-0.95691335,0.28793567
1356874650396,0.68412507,-0.1887989,-0.7045053,0.72732836,0.2487218,0.63963336,0.054463714,-0.94999593,0.30747563
1356874650436,0.6490505,-0.1965509,-0.73491585,0.75830233,0.24451324,0.60431033,0.060918927,-0.94951624,0.3077464
1356874650476,0.61670035,-0.19609499,-0.76238275,0.78505653,0.22459255,0.57727325,0.05802512,-0.9545182,0.29245192
1356874650516,0.5883215,-0.1887382,-0.7862924,0.80723846,0.19404338,0.55741656,0.047369003,-0.96266556,0.26651666
1356874650556,0.56580114,-0.17720681,-0.8052744,0.8240102,0.1565839,0.5445078,0.029602528,-0.9716374,0.23461555
1356874650596,0.55181473,-0.16510776,-0.81745946,0.83395064,0.11534929,0.539649,0.0051932335,-0.9795071,0.2013431
1356874650636,0.5491588,-0.15610984,-0.8210081,0.83535075,0.07341394,0.5447931,-0.024774164,-0.98500764,0.1707224
1356874650676,0.5598098,-0.15310276,-0.81435406,0.82657975,0.03423795,0.5617772,-0.05812785,-0.98761696,0.1457184
1356874650716,0.58369184,-0.15748668,-0.79655623,0.8067153,9.946525E-4,0.59093946,-0.09227279,-0.98752064,0.12762749
1356874650781,0.6182313,-0.16830695,-0.7677648,0.7760831,-0.023933977,0.6301762,-0.12443873,-0.98544395,0.11582347
1356874650797,0.6585774,-0.18200079,-0.73017234,0.73693323,-0.04043837,0.6747549,-0.1523329,-0.9824665,0.10749063
1356874650838,0.6993079,-0.19359712,-0.6881051,0.69307196,-0.05201319,0.7189895,-0.17498484,-0.9797014,0.0978035
1356874650877,0.73703164,-0.19841745,-0.64607656,0.6481601,-0.063351214,0.75886434,-0.19150169,-0.97806805,0.081914425
1356874650916,0.76983416,-0.19356298,-0.6081849,0.60613805,-0.076696366,0.7916529,-0.19988026,-0.9780854,0.05828241
1356874650956,0.7973043,-0.17882897,-0.5764773,0.5700908,-0.09058732,0.81657237,-0.19824837,-0.979701,0.029723108
1356874650996,0.81986773,-0.15802084,-0.5503147,0.5409321,-0.10121742,0.8349536,-0.1876415,-0.9822344,0.0024936534
1356874651036,0.83741915,-0.13650917,-0.5292395,0.51894313,-0.10532734,0.84829473,-0.17154343,-0.9850235,-0.017362624
1356874651076,0.8494885,-0.11821917,-0.5141921,0.50485146,-0.10099674,0.85727745,-0.15327837,-0.987838,-0.026112434
1356874651116,0.85551775,-0.10460691,-0.50709647,0.5000598,-0.0870536,0.86160433,-0.13427432,-0.9906963,-0.022166193
1356874651156,0.8550495,-0.095603555,-0.5096571,0.50585485,-0.06233406,0.8603634,-0.11402281,-0.99346584,-0.0049371757
1356874651196,0.8479187,-0.091136515,-0.5222337,0.5222771,-0.02528102,0.85240096,-0.09088744,-0.99551743,0.026162263
1356874651236,0.8345741,-0.09207888,-0.54314595,0.5472456,0.025261939,0.8365908,-0.06331138,-0.99543124,0.071472704
1356874651276,0.8164237,-0.09957537,-0.5688032,0.5766214,0.08772808,0.81228775,-0.030983895,-0.9911551,0.1290406
1356874651316,0.79531527,-0.11276437,-0.5956155,0.6061806,0.15495914,0.78008515,0.0043302774,-0.9814642,0.19159693
1356874651356,0.7726426,-0.12806508,-0.62179,0.63367045,0.21503553,0.74311614,0.038539708,-0.968173,0.24729666
1356874651396,0.74939424,-0.1416099,-0.6468036,0.65880775,0.25711966,0.7070091,0.06618646,-0.95594776,0.28597766
1356874651436,0.7266501,-0.15118414,-0.67016643,0.6819646,0.27671397,0.67701834,0.08309001,-0.94898516,0.30417645
1356874651476,0.70531905,-0.155651,-0.6915908,0.70334864,0.2754026,0.6553275,0.088463515,-0.94864434,0.30372363
1356874651516,0.68620014,-0.15501642,-0.71070325,0.7225476,0.25806677,0.64134735,0.08398953,-0.95360965,0.2890922
1356874651556,0.6706165,-0.15058401,-0.72635937,0.73836315,0.22970738,0.63407767,0.07136816,-0.96153986,0.26523125
1356874651596,0.66054916,-0.14457425,-0.7367313,0.7490071,0.1943468,0.6334175,0.051605523,-0.9702203,0.23666278
1356874651636,0.65820044,-0.1394493,-0.7398149,0.752406,0.15531446,0.64012706,0.0256387,-0.9779731,0.20715053
1356874651676,0.665193,-0.13724709,-0.7339492,0.74665934,0.11668582,0.65489244,-0.004240662,-0.98363996,0.18009546
1356874651716,0.6814084,-0.13962242,-0.71846235,0.7309985,0.08103144,0.67755085,-0.03638318,-0.9868838,0.15727925
1356874651782,0.70504653,-0.14664128,-0.69383407,0.7058569,0.050775766,0.7065323,-0.06837681,-0.9878858,0.13930702
1356874651797,0.731991,-0.15657339,-0.66307914,0.6742773,0.026965037,0.7379858,-0.097668946,-0.9872982,0.12531203
1356874651837,0.75783014,-0.16644737,-0.63086355,0.6407759,0.007765323,0.76768863,-0.122880936,-0.98601973,0.112540275
1356874651877,0.7796366,-0.17278814,-0.60192275,0.60953957,-0.011064425,0.7926785,-0.14362533,-0.9848969,0.096694976
1356874651917,0.7959662,-0.17213938,-0.5803498,0.5841845,-0.032809496,0.81095755,-0.15863869,-0.98452616,0.0744459
1356874651957,0.80649936,-0.16193949,-0.568625,0.56767064,-0.056721047,0.82129943,-0.16525379,-0.9851692,0.046182808
1356874651996,0.81179416,-0.14263336,-0.56625605,0.5610364,-0.07843092,0.8240671,-0.16195145,-0.9866632,0.01635274
1356874652036,0.81276715,-0.11848064,-0.5704139,0.56284475,-0.09304699,0.8213088,-0.15038443,-0.9885872,-0.008939352
1356874652076,0.8099265,-0.09514086,-0.5787636,0.5709937,-0.09772225,0.8151175,-0.13410904,-0.99065566,-0.02482301
1356874652116,0.8028468,-0.076628685,-0.5912404,0.5847873,-0.09177366,0.8059786,-0.116021365,-0.9928271,-0.028868698
1356874652156,0.79031265,-0.064685196,-0.60927975,0.60495555,-0.075264305,0.79269415,-0.09713259,-0.99506336,-0.020350665
1356874652196,0.7709491,-0.06001684,-0.63406265,0.6322533,-0.047877178,0.77328104,-0.076767,-0.99704856,0.001034975
1356874652236,0.7441915,-0.0637936,-0.66491294,0.6658305,-0.008691475,0.7460524,-0.053372473,-0.9979253,0.036007613
1356874652276,0.71164894,-0.07834607,-0.698153,0.7020573,0.042656496,0.7108418,-0.025910884,-0.9960133,0.08535987
1356874652316,0.6774224,-0.10526192,-0.7280239,0.7355787,0.10336384,0.6695072,0.0047777593,-0.9890581,0.1474494
1356874652356,0.64470875,-0.14103976,-0.75130445,0.76357996,0.16510785,0.6242475,0.036002517,-0.9761389,0.2141416
1356874652396,0.6126173,-0.17726713,-0.77024436,0.78774875,0.21638872,0.576739,0.06443533,-0.9600794,0.2722054
1356874652436,0.57765263,-0.2065821,-0.7897096,0.8116889,0.2478618,0.52889115,0.086479485,-0.94651383,0.31085837
1356874652476,0.5374675,-0.22607869,-0.8124144,0.8374055,0.25664687,0.48258108,0.0994024,-0.93969196,0.32725883
1356874652516,0.4912861,-0.23564449,-0.83851635,0.8648994,0.24571174,0.43769264,0.10289347,-0.9402646,0.32452357
1356874652563,0.43238235,-0.23293906,-0.87108266,0.8966983,0.21259612,0.38824627,0.09475112,-0.9489691,0.3007988
1356874652593,0.37969425,-0.22534743,-0.89724624,0.9212884,0.18019691,0.34461105,0.084023744,-0.95746934,0.27602974
1356874652636,0.324102,-0.21290353,-0.92175376,0.94370866,0.1408622,0.2992858,0.06612131,-0.96686614,0.24657258
1356874652676,0.27796865,-0.19584835,-0.9404131,0.959677,0.09929645,0.26298347,0.041874766,-0.97559404,0.21555248
1356874652716,0.24929324,-0.17672718,-0.9521662,0.9683533,0.057707757,0.24282047,0.012034416,-0.9825667,0.18552047
1356874652781,0.24868205,-0.15918961,-0.955414,0.96833503,0.01844415,0.24897212,-0.022011995,-0.98707575,0.1587356
1356874652798,0.28485656,-0.14732796,-0.9471806,0.9568146,-0.016073406,0.290254,-0.057986975,-0.98895705,0.13638696
1356874652837,0.356775,-0.14332443,-0.9231304,0.9295705,-0.043686986,0.36604682,-0.09279215,-0.9887111,0.11764367
1356874652878,0.44657946,-0.14470586,-0.8829649,0.88609743,-0.0653342,0.45887116,-0.12408918,-0.9873154,0.09904657
1356874652917,0.5328012,-0.145466,-0.8336441,0.83312094,-0.082624674,0.54688436,-0.14843267,-0.985907,0.07716827
1356874652956,0.594455,-0.13805652,-0.7921891,0.78760064,-0.098751694,0.6082214,-0.16219899,-0.9854889,0.050029993
1356874652996,0.6325833,-0.12060869,-0.76504374,0.75712055,-0.11174053,0.64364785,-0.16311592,-0.98639125,0.020630129
1356874653036,0.6550849,-0.09706715,-0.74929416,0.7399795,-0.11790353,0.66221523,-0.15262374,-0.98826957,-0.0054091215
1356874653076,0.6693968,-0.073925555,-0.73921776,0.7305545,-0.11517972,0.67307043,-0.13489994,-0.9905901,-0.023094304
1356874653116,0.67815274,-0.055862933,-0.73279476,0.7260262,-0.103739575,0.67979723,-0.113995224,-0.99303454,-0.02979336
1356874653156,0.6806552,-0.044811457,-0.7312321,0.72682226,-0.083845675,0.6816885,-0.09185815,-0.9954706,-0.024499997
1356874653196,0.6756842,-0.04144436,-0.7360252,0.7340171,-0.054727837,0.6769223,-0.06833568,-0.99764085,-0.006557882
1356874653236,0.6635507,-0.046577007,-0.74668,0.7469568,-0.01465708,0.66471094,-0.04190442,-0.99880713,0.025065303
1356874653276,0.64715075,-0.061425805,-0.7598834,0.7622801,0.03752227,0.6461588,-0.011178255,-0.9974061,0.07110624
1356874653326,0.6381046,-0.08976388,-0.7646992,0.7694396,0.1104884,0.62909055,0.02802077,-0.9898155,0.13957104
1356874653366,0.6173696,-0.12291503,-0.7770114,0.78394455,0.17832363,0.59466934,0.06546569,-0.9762646,0.20645015
1356874653407,0.5949906,-0.15374109,-0.78889155,0.7979052,0.23096879,0.5567771,0.09660983,-0.9607378,0.26009506
1356874653446,0.5657191,-0.17824897,-0.805102,0.8161886,0.26012504,0.5159178,0.11746535,-0.9489796,0.29264247
1356874653486,0.526813,-0.19508031,-0.82729185,0.8405074,0.26447612,0.4728635,0.12655261,-0.94445544,0.30329585
1356874653533,0.47241077,-0.20287997,-0.85771084,0.8728002,0.243126,0.42321354,0.12267026,-0.94854075,0.291929
1356874653576,0.40924084,-0.20336005,-0.8894755,0.90574265,0.20832121,0.36909696,0.11023706,-0.9566854,0.2694454
1356874653616,0.3460479,-0.1981247,-0.9170592,0.9336745,0.16878834,0.31585196,0.09221089,-0.9655347,0.2433928
1356874653656,0.2899471,-0.18851718,-0.9382921,0.954548,0.12770694,0.2693122,0.06905645,-0.9737311,0.21697697
1356874653696,0.25159425,-0.17644489,-0.95161307,0.9669478,0.08786422,0.23935708,0.041379362,-0.980381,0.19271913
1356874653736,0.2428669,-0.16497743,-0.95592785,0.9700084,0.05142644,0.23756886,0.009966433,-0.98495567,0.17251933
1356874653781,0.27158347,-0.15753466,-0.94943416,0.96211904,0.019982964,0.27189627,-0.023860604,-0.98731124,0.15699413
1356874653817,0.33380634,-0.15572858,-0.92968917,0.94086003,-0.0055671334,0.33874974,-0.05792871,-0.98778415,0.14466047
