1356874743114,-0.16013783,0.31044787,0.9370048,-0.74239546,0.5877249,-0.32160297,-0.650542,-0.74712896,0.13635808
1356874743134,0.23050141,-0.023162514,0.9727963,-0.72364485,0.6642767,0.18728226,-0.6505438,-0.74712783,0.13635528
1356874743163,0.23043135,-0.023127228,0.9728137,-0.7236582,0.6642836,0.18720606,-0.6505537,-0.74712276,0.13633555
1356874743198,0.23011032,-0.022904962,0.97289497,-0.72374654,0.66429573,0.18682101,-0.65056914,-0.74711883,0.13628393
1356874743236,0.2292366,-0.022342384,0.9731143,-0.7240247,0.6642762,0.18581015,-0.65056807,-0.7471533,0.1361
1356874743276,0.22693336,-0.020610034,0.9736922,-0.72481513,0.6641976,0.18298784,-0.6504954,-0.74727285,0.13579017
1356874743318,0.22273073,-0.017151982,0.9747291,-0.72626925,0.6640606,0.1776416,-0.6503261,-0.74748206,0.13544977
1356874743356,0.21578461,-0.011166543,0.9763772,-0.7285652,0.6639002,0.16860974,-0.6500998,-0.7477378,0.13512385
1356874743396,0.2053091,-0.0020836294,0.978695,-0.73179746,0.66367894,0.15492833,-0.6498621,-0.7480147,0.13473451
1356874743438,0.19162136,0.009709537,0.9814209,-0.73574543,0.66323787,0.13709185,-0.6495844,-0.74834573,0.13423431
1356874743477,0.17528345,0.023814261,0.9842299,-0.7401712,0.66237366,0.11579183,-0.6491705,-0.74879503,0.13372982
1356874743516,0.15754455,0.039351374,0.9867276,-0.7446809,0.6609744,0.09253842,-0.64856017,-0.749376,0.1334371
1356874743555,0.14078908,0.05445844,0.98854065,-0.74880946,0.6590423,0.07033983,-0.64765954,-0.7501317,0.13356495
1356874743597,0.12589064,0.06839344,0.9896837,-0.7524967,0.65666926,0.05033973,-0.6464519,-0.7510711,0.13413435
1356874743637,0.1278121,0.06789118,0.98947203,-0.7534468,0.65542126,0.05235347,-0.6449667,-0.75220597,0.13492316
1356874743676,0.10829465,0.085742384,0.99041426,-0.75780404,0.6519471,0.026419878,-0.6434324,-0.7534011,0.13557827
1356874743718,0.09452765,0.09811491,0.9906755,-0.76090956,0.6488043,0.008347452,-0.6419355,-0.7546035,0.1359865
1356874743757,0.08620277,0.10545719,0.9906805,-0.7630341,0.6463537,-0.0024094582,-0.6405842,-0.7557153,0.13618493
1356874743795,0.08234459,0.10869709,0.99065864,-0.76429963,0.6448208,-0.007221639,-0.6395823,-0.75656533,0.13617462
1356874743833,0.08151679,0.108911395,0.99070346,-0.764695,0.6443438,-0.007914454,-0.6392156,-0.75694084,0.13580883
1356874743876,0.08536033,0.104424566,0.9908628,-0.763831,0.6454125,-0.002216339,-0.6397466,-0.75666255,0.13485539
1356874743915,0.08792494,0.10021517,0.9910733,-0.7623838,0.64712137,0.0022008717,-0.6411242,-0.75577176,0.13330048
1356874743956,0.089714184,0.09606007,0.9913243,-0.7605467,0.64925635,0.0059155226,-0.6430553,-0.75447905,0.1313057
1356874743996,0.09100801,0.091986895,0.9915926,-0.7587724,0.6512906,0.009221673,-0.64496666,-0.75323236,0.1290698
1356874744036,0.0918677,0.08825299,0.99185264,-0.75765,0.65254855,0.012112856,-0.646163,-0.75259,0.12681305
1356874744076,0.093743816,0.08480534,0.99197793,-0.75753,0.6526092,0.015795738,-0.64603436,-0.75293374,0.12542069
1356874744116,0.100653246,0.08095637,0.9916223,-0.75817025,0.6516236,0.023758233,-0.6442411,-0.75421,0.12696677
1356874744158,0.12001963,0.07517442,0.98992133,-0.75850415,0.65027565,0.042580485,-0.6405208,-0.7559698,0.13506591
1356874744196,0.15127225,0.06826526,0.98613214,-0.7568882,0.64966166,0.071133316,-0.6357963,-0.75715226,0.14994496
1356874744236,0.19928746,0.058694005,0.9781817,-0.7504588,0.65104127,0.1138283,-0.63015556,-0.7567696,0.17379183
1356874744276,0.25987178,0.047944397,0.96445215,-0.73717976,0.6549698,0.16607368,-0.6237248,-0.7541325,0.2055518
1356874744316,0.3274356,0.03714621,0.94414306,-0.7162487,0.66146576,0.22237557,-0.6162579,-0.7490549,0.24319339
1356874744356,0.39650676,0.027211994,0.91762847,-0.6884543,0.67004704,0.27761072,-0.60729986,-0.7418198,0.28441238
1356874744396,0.4632209,0.01860708,0.88604754,-0.65561056,0.67991275,0.32847148,-0.5963231,-0.73305696,0.32714882
1356874744436,0.5253444,0.011524022,0.85081166,-0.6199904,0.6900207,0.37347472,-0.58277375,-0.7236979,0.3696433
1356874744476,0.58237684,0.0058407187,0.8128979,-0.5834213,0.69935095,0.4129501,-0.56608903,-0.7147545,0.41069338
1356874744516,0.63450974,0.0014314651,0.7729136,-0.5470454,0.7072742,0.4477774,-0.54602087,-0.7069379,0.44955543
1356874744556,0.68087244,-0.0013326108,0.73240083,-0.5126684,0.7132919,0.47789723,-0.5230524,-0.7008658,0.4849776
1356874744596,0.7176538,-7.852167E-4,0.69639957,-0.4858104,0.71592003,0.50144464,-0.49896014,-0.6981818,0.51340127
1356874744636,0.73928857,0.005619183,0.6733653,-0.475169,0.7129005,0.5157395,-0.47714442,-0.7012426,0.5297092
1356874744676,0.7409877,0.01982221,0.6712259,-0.48759183,0.7031679,0.5175027,-0.46172652,-0.7107474,0.53070396
1356874744716,0.71818244,0.04272774,0.6945418,-0.5255996,0.68741775,0.50120044,-0.45602524,-0.7250043,0.51614904
1356874744756,0.6652796,0.07419348,0.7428986,-0.587039,0.6667839,0.45911258,-0.46128964,-0.7415487,0.48715225
1356874744796,0.57741266,0.11239359,0.8086794,-0.663077,0.64245725,0.38415837,-0.47636503,-0.7580346,0.4454885
1356874744836,0.45565397,0.15314063,0.876885,-0.7373401,0.6168257,0.2754191,-0.49870735,-0.77205825,0.39397582
1356874744876,0.31237686,0.19062006,0.9306367,-0.7911038,0.5945481,0.14376152,-0.5259045,-0.781138,0.33652332
1356874744916,0.1710769,0.2197172,0.9604463,-0.8134069,0.5815746,0.011841565,-0.5559694,-0.7832594,0.27821344
1356874744956,0.054442257,0.23873958,0.96955633,-0.8076906,0.5814358,-0.09781712,-0.58708763,-0.7777762,0.22448236
1356874744996,-0.027293086,0.24916622,0.96807605,-0.7858732,0.59316045,-0.17482561,-0.61778504,-0.7655566,0.1796239
1356874745046,-0.07335955,0.2528563,0.96471864,-0.7558995,0.6169103,-0.21917492,-0.6505646,-0.74530894,0.14587772
1356874745086,-0.092755616,0.25040218,0.9636883,-0.7283143,0.64289844,-0.23714973,-0.67893654,-0.7238649,0.12273902
1356874745159,-0.096021086,0.24457978,0.96486306,-0.70482755,0.667758,-0.23941052,-0.70285,-0.7030505,0.108267665
1356874745167,-0.09083092,0.23567492,0.96757793,-0.6860413,0.6894685,-0.23233706,-0.72187054,-0.68490183,0.099057674
1356874745205,-0.08335897,0.22490409,0.9708086,-0.67155564,0.7070812,-0.22147065,-0.73625016,-0.67041355,0.092094004
1356874745246,-0.07917258,0.21339396,0.9737529,-0.66135764,0.7196406,-0.21147908,-0.74588054,-0.6607423,0.08415389
1356874745286,-0.0833167,0.20294188,0.97563964,-0.65629375,0.72556335,-0.20696929,-0.7498911,-0.65755033,0.07273799
1356874745326,-0.09747057,0.19480741,0.9759864,-0.6575503,0.7235274,-0.21008521,-0.7470791,-0.6622373,0.05757308
1356874745366,-0.118948475,0.18928517,0.9746909,-0.66517496,0.7136159,-0.2197604,-0.73715234,-0.67448014,0.041024208
1356874745406,-0.14244069,0.18620186,0.97213143,-0.6775093,0.69766587,-0.23290223,-0.72158974,-0.69180286,0.026777446
1356874745446,-0.16267261,0.18572888,0.96904194,-0.69206977,0.6785363,-0.24622731,-0.7032616,-0.7106991,0.018158078
1356874745486,-0.17575806,0.18858624,0.96620107,-0.70693415,0.65885913,-0.25719398,-0.68509364,-0.7282444,0.017518222
1356874745526,-0.17867571,0.19547671,0.96429443,-0.7214688,0.6403553,-0.26349163,-0.6689975,-0.74278796,0.026614428
1356874745566,-0.16659924,0.20574751,0.9643198,-0.7365124,0.62427676,-0.2604382,-0.65558696,-0.7536223,0.047531545
1356874745606,-0.13182044,0.2170156,0.96722674,-0.75307393,0.6125709,-0.24007604,-0.64459527,-0.76004016,0.08267939
1356874745646,-0.06344339,0.22459385,0.972385,-0.7697563,0.60912037,-0.1909127,-0.6351773,-0.76061153,0.13423789
1356874745686,0.044382155,0.22354114,0.9736835,-0.7787111,0.6182854,-0.10645279,-0.62581086,-0.75349355,0.20151478
1356874745726,0.1746505,0.21442121,0.9609999,-0.7693419,0.6388315,-0.002719134,-0.6145001,-0.7388625,0.27653545
1356874745766,0.2880007,0.20702493,0.9349846,-0.74566394,0.66109425,0.08330476,-0.60086673,-0.72117615,0.34476668
1356874745806,0.35342377,0.21341673,0.91079354,-0.72763276,0.67461574,0.12427452,-0.5879134,-0.7066448,0.39371425
1356874745846,0.36360145,0.23849687,0.90050715,-0.72923756,0.6743841,0.11583847,-0.5796606,-0.6988027,0.41912797
1356874745886,0.3244719,0.27895638,0.90382594,-0.7488835,0.65947586,0.06530759,-0.5778335,-0.69805086,0.42288724
1356874745926,0.24846107,0.3257345,0.91223025,-0.77456427,0.63232154,-0.0148207545,-0.5816505,-0.7028986,0.4094096
1356874745966,0.15220135,0.3682773,0.91717315,-0.7931862,0.59915316,-0.10895491,-0.5896528,-0.71090597,0.38330442
1356874746006,0.05316347,0.3989629,0.91542464,-0.79764664,0.5684915,-0.20143804,-0.60077745,-0.7194762,0.34845436
1356874746046,-0.035057336,0.4151215,0.9090903,-0.7882057,0.5477588,-0.28052092,-0.61441255,-0.7263844,0.30799812
1356874746086,-0.104314625,0.41771126,0.9025718,-0.76933575,0.5412312,-0.3393983,-0.6302705,-0.72978497,0.26490188
1356874746161,-0.15516216,0.40970293,0.8989262,-0.74380803,0.5503892,-0.37923798,-0.65013415,-0.7274718,0.21934074
1356874746167,-0.17776778,0.38878405,0.9040164,-0.7217916,0.5729079,-0.38832122,-0.6688912,-0.7215424,0.1787765
1356874746193,-0.18836129,0.3647585,0.91185045,-0.70326424,0.5979909,-0.38448188,-0.68552136,-0.71369326,0.14388323
1356874746225,-0.19208306,0.33940536,0.9208193,-0.68803877,0.622492,-0.3729697,-0.6997906,-0.7052005,0.11395383
1356874746266,-0.19485125,0.31317723,0.9294907,-0.67550635,0.64423907,-0.35867417,-0.7111428,-0.697765,0.08602244
1356874746306,-0.19632912,0.28285465,0.93885463,-0.6688659,0.6615023,-0.33916527,-0.716989,-0.69455594,0.059319675
1356874746346,-0.19885483,0.2513615,0.94724554,-0.6692016,0.67130375,-0.31862265,-0.7159789,-0.69725794,0.034719527
1356874746386,-0.19999051,0.22089893,0.9545719,-0.67626643,0.6738583,-0.29762185,-0.7089905,-0.70506644,0.014621258
1356874746426,-0.19647476,0.19347546,0.96123093,-0.68800163,0.67128253,-0.2757419,-0.6986068,-0.71550477,0.0012213588
1356874746466,-0.18748686,0.17151359,0.96717715,-0.7014229,0.6659267,-0.2540621,-0.68764424,-0.72603357,-0.004548967
1356874746506,-0.1741496,0.15740201,0.9720579,-0.7141062,0.6595111,-0.23472849,-0.6780297,-0.7350304,-0.0024518967
1356874746546,-0.15614519,0.15220827,0.97593606,-0.72538054,0.6529516,-0.2178927,-0.6704041,-0.741948,0.008453667
1356874746586,-0.12804553,0.15447846,0.9796636,-0.7363223,0.6469356,-0.19825208,-0.66440487,-0.7467334,0.030908763
1356874746626,-0.0778116,0.15995654,0.9840524,-0.7478303,0.6433874,-0.16371474,-0.65931416,-0.74864316,0.06955737
1356874746685,0.0064706802,0.16363901,0.986499,-0.75628096,0.6462103,-0.1022318,-0.6542149,-0.74540895,0.12793851
1356874746708,0.12226759,0.16288188,0.9790405,-0.75240076,0.658521,-0.015593708,-0.64725864,-0.73472416,0.2030682
1356874746746,0.2397993,0.16157648,0.95728225,-0.7330606,0.6766106,0.06942892,-0.6364892,-0.7183949,0.2806961
1356874746783,0.3257817,0.16603234,0.93075216,-0.71107626,0.6918278,0.12547901,-0.6230866,-0.70271444,0.3434465
1356874746826,0.36805606,0.178704,0.9124689,-0.70087767,0.69818556,0.14597064,-0.61098707,-0.6932545,0.3822211
1356874746866,0.37056947,0.19761595,0.90753853,-0.70622456,0.6945819,0.1371234,-0.60326207,-0.69173974,0.39695212
1356874746906,0.34305277,0.21831506,0.91359365,-0.7223411,0.6830492,0.108014345,-0.60044825,-0.69698083,0.3920199
1356874746946,0.29464293,0.23650464,0.9258785,-0.74211955,0.667032,0.065779746,-0.6020334,-0.7064941,0.372051
1356874746986,0.23508179,0.24845335,0.93968475,-0.7587596,0.6511312,0.017660022,-0.6074704,-0.71714646,0.34158546
1356874747026,0.1725,0.25243482,0.9521136,-0.7683263,0.6393404,-0.030306786,-0.6163752,-0.7263061,0.30423856
1356874747066,0.11401263,0.24822277,0.9619702,-0.7695828,0.63441885,-0.072491884,-0.62828624,-0.73205066,0.26335967
1356874747106,0.06404579,0.23703548,0.96938765,-0.7632166,0.63747954,-0.1054526,-0.6429608,-0.7330989,0.22173727
1356874747156,0.024421543,0.22057533,0.9750641,-0.750841,0.64800394,-0.12778339,-0.66003126,-0.72899747,0.18144226
1356874747187,-0.0062746257,0.20079264,0.9796136,-0.73474026,0.66359144,-0.1407234,-0.6783194,-0.7206446,0.1433667
1356874747227,-0.032864198,0.17999062,0.9831192,-0.7177781,0.6802442,-0.14853415,-0.6954959,-0.7105429,0.10683763
1356874747267,-0.06072089,0.16044232,0.9851757,-0.70356643,0.6932361,-0.1562621,-0.70803046,-0.702625,0.07078791
1356874747307,-0.091395825,0.14382496,0.9853736,-0.69551563,0.6989465,-0.16652891,-0.7126745,-0.7005627,0.036151707
1356874747348,-0.12168975,0.13118207,0.98386127,-0.69474894,0.6966687,-0.1788202,-0.70888335,-0.7052971,0.006361127
1356874747387,-0.14646249,0.12340391,0.98148876,-0.6993539,0.6887938,-0.19096392,-0.6996091,-0.71437705,-0.014579475
1356874747427,-0.16301565,0.12171206,0.97908735,-0.7066723,0.67810625,-0.20195583,-0.68850565,-0.72481585,-0.024531364
1356874747466,-0.17150204,0.12774894,0.976866,-0.71432567,0.6667378,-0.21260169,-0.6784731,-0.7342621,-0.023092568
1356874747506,-0.17197749,0.14234057,0.974763,-0.7213901,0.6556376,-0.22301495,-0.6708353,-0.7415379,-0.010071814
1356874747546,-0.16155124,0.1648432,0.97299933,-0.7286036,0.6450715,-0.23025966,-0.6656109,-0.74612963,0.01589334
1356874747586,-0.13332239,0.19289702,0.97211933,-0.737598,0.6358243,-0.22732493,-0.66194737,-0.7473408,0.057510853
1356874747626,-0.07816011,0.22268385,0.97175246,-0.74848163,0.63075745,-0.20474443,-0.6585334,-0.7433417,0.11737472
1356874747666,0.008054495,0.24993637,0.9682288,-0.756781,0.63441736,-0.15747154,-0.65361905,-0.73146874,0.19425696
1356874747706,0.110106945,0.27261108,0.95580316,-0.7559679,0.6473016,-0.097535014,-0.64528203,-0.71181726,0.27735764
1356874747746,0.1971573,0.29254186,0.93570733,-0.7478813,0.6619929,-0.049385518,-0.63387895,-0.69006133,0.3493033
1356874747786,0.2453866,0.31356764,0.91731167,-0.7425612,0.6691023,-0.03008163,-0.62320805,-0.6737785,0.3970319
1356874747826,0.25064278,0.3365499,0.9076962,-0.745834,0.6648948,-0.04057783,-0.617179,-0.6668201,0.41766146
1356874747866,0.22062534,0.35849604,0.907086,-0.7555231,0.65098375,-0.073518425,-0.6168543,-0.66910446,0.41447556
1356874747906,0.16622198,0.37493062,0.91202927,-0.76619446,0.63132566,-0.11989191,-0.6207386,-0.67886305,0.39220995
1356874747946,0.09883997,0.3821567,0.91879654,-0.7731427,0.6107807,-0.17087194,-0.6264831,-0.6934718,0.3558312
1356874747986,0.028595537,0.37879306,0.92503947,-0.77391523,0.5940887,-0.21934864,-0.63264316,-0.7096298,0.31014204
1356874748026,-0.03609842,0.36582136,0.9299848,-0.7682346,0.58501697,-0.25994372,-0.6391499,-0.72383004,0.2599184
1356874748066,-0.08921373,0.34578902,0.93406147,-0.7576539,0.5851836,-0.28899944,-0.64653033,-0.73347807,0.209782
1356874748106,-0.12801415,0.32169914,0.9381482,-0.74448836,0.59379065,-0.30520442,-0.6552476,-0.7375109,0.16348773
1356874748158,-0.15280998,0.29599917,0.94288576,-0.7304648,0.6087937,-0.3095017,-0.6656352,-0.7360398,0.123187244
1356874748187,-0.1668585,0.27015358,0.9482485,-0.71654904,0.6274028,-0.30483297,-0.67728543,-0.7303306,0.08889085
1356874748227,-0.17593074,0.2449792,0.95343244,-0.7038449,0.6458282,-0.29581797,-0.68822277,-0.7231121,0.05880636
1356874748267,-0.1851238,0.22101842,0.9575385,-0.69438046,0.6600712,-0.28660387,-0.6953883,-0.71795326,0.031276047
1356874748307,-0.19537255,0.19891359,0.96034527,-0.6901754,0.66780794,-0.27873033,-0.69676936,-0.7172629,0.0068139434
1356874748346,-0.20345262,0.17962304,0.96246696,-0.6917981,0.669253,-0.271138,-0.6928365,-0.7209965,-0.011898458
1356874748386,-0.20481446,0.16432431,0.9649085,-0.6981759,0.66638756,-0.26168305,-0.6860039,-0.7272724,-0.021758556
1356874748426,-0.19697654,0.15429673,0.96819043,-0.7071954,0.6616018,-0.2493145,-0.67902493,-0.733809,-0.021202087
1356874748466,-0.17978308,0.15060103,0.97210974,-0.7167538,0.6567831,-0.23430729,-0.6737521,-0.73888785,-0.010134637
1356874748506,-0.15320891,0.15370977,0.9761661,-0.72561556,0.65308046,-0.21672094,-0.67082715,-0.74152493,0.011476457
1356874748546,-0.11453834,0.16308963,0.97994006,-0.7336627,0.65119326,-0.19412968,-0.66979086,-0.7411809,0.045066237
1356874748586,-0.05842796,0.17709672,0.9824576,-0.7409124,0.6518773,-0.16156971,-0.6690553,-0.7373552,0.09312528
1356874748626,0.019448504,0.19287276,0.9810311,-0.74592066,0.65616846,-0.11421648,-0.6657509,-0.72955,0.1566292
1356874748666,0.11472185,0.20677438,0.9716395,-0.745561,0.6642993,-0.053340703,-0.656489,-0.7182971,0.23037255
1356874748706,0.21112221,0.21580335,0.9533396,-0.7385124,0.67415106,0.010942936,-0.6403334,-0.7063634,0.30170172
1356874748746,0.2890156,0.21900201,0.9319378,-0.72831637,0.6820959,0.065577775,-0.6213093,-0.6976986,0.3566391
1356874748786,0.33844936,0.2167137,0.91568947,-0.72034466,0.68578345,0.103945166,-0.60543823,-0.6947923,0.38821155
1356874748826,0.36077,0.20891199,0.9089559,-0.7171514,0.68521976,0.12715256,-0.59627086,-0.6977318,0.3970282
1356874748866,0.36307883,0.19476876,0.91117454,-0.7177081,0.6820868,0.14018768,-0.59419596,-0.7048565,0.3874384
1356874748908,0.35257065,0.1734289,0.919574,-0.71963465,0.6784036,0.1479677,-0.5981804,-0.7139264,0.36399066
1356874748946,0.33558613,0.14428812,0.93089354,-0.7205191,0.6758938,0.15498304,-0.60682297,-0.72273684,0.33078295
1356874748986,0.31704187,0.107489616,0.94230056,-0.7187308,0.6754834,0.16476727,-0.61879766,-0.72949857,0.29141265
1356874749026,0.30050498,0.06385577,0.95164025,-0.7134401,0.67724407,0.1798436,-0.6330087,-0.7329822,0.24907249
1356874749066,0.28805965,0.014837772,0.9574975,-0.7045467,0.6804747,0.20141539,-0.6485642,-0.7326213,0.2064712
1356874749106,0.28063336,-0.037742198,0.95907265,-0.6926072,0.68380666,0.22957286,-0.6644848,-0.72868645,0.16575843
1356874749156,0.27751964,-0.09180352,0.9563236,-0.6789932,0.68547904,0.26284334,-0.67966974,-0.72228146,0.12789994
1356874749187,0.27694154,-0.14541686,0.9498196,-0.66601056,0.6834698,0.29882938,-0.69262785,-0.7153482,0.09243202
1356874749227,0.2772882,-0.19663289,0.9404503,-0.65680873,0.6755994,0.33491445,-0.7012229,-0.7105638,0.058185518
1356874749267,0.2795797,-0.24373661,0.92866975,-0.6534811,0.6603272,0.370041,-0.70341843,-0.71032417,0.025336802
1356874749307,0.2869671,-0.2850439,0.91454905,-0.6548948,0.6383767,0.4044602,-0.6991157,-0.71500015,-0.0034806132
1356874749348,0.30212924,-0.31896773,0.8983193,-0.6570827,0.6130366,0.4386667,-0.6906231,-0.72280407,-0.024371862
1356874749387,0.32466516,-0.34439027,0.88090175,-0.6557269,0.5892383,0.47203857,-0.6816265,-0.73088545,-0.034520805
1356874749427,0.3523696,-0.36086136,0.86348987,-0.64861816,0.5709552,0.50329375,-0.6746334,-0.7374207,-0.03287399
1356874749466,0.38258108,-0.36857694,0.8472206,-0.6355341,0.5605979,0.5308733,-0.67061764,-0.7415397,-0.019769073
1356874749506,0.41498238,-0.36820865,0.8319928,-0.6165823,0.5586244,0.55476576,-0.669041,-0.74321,0.004788339
1356874749546,0.45203003,-0.36073112,0.8158075,-0.59084976,0.56408286,0.57680774,-0.6682555,-0.7427541,0.041844487
1356874749586,0.49769032,-0.34787473,0.79453605,-0.5556558,0.5755054,0.6000335,-0.66599625,-0.74011946,0.09312484
1356874749626,0.5531206,-0.33243263,0.7639019,-0.50863844,0.5914514,0.62567735,-0.65980643,-0.734625,0.15805599
1356874749673,0.6226126,-0.31791717,0.71504,-0.44270134,0.6103722,0.6568572,-0.6452667,-0.72551674,0.23928306
1356874749703,0.6745469,-0.30320972,0.6730901,-0.38845158,0.62954646,0.6728867,-0.6277673,-0.7153566,0.3068763
1356874749746,0.7125894,-0.2935212,0.6372297,-0.34762695,0.641222,0.6840979,-0.6094029,-0.70899916,0.35489213
1356874749786,0.7306046,-0.28142095,0.62210864,-0.33345044,0.6480215,0.68474734,-0.59584206,-0.70772195,0.37960756
1356874749826,0.7276516,-0.26271394,0.63364387,-0.3500376,0.65220976,0.6723809,-0.58991253,-0.71105826,0.38262174
1356874749866,0.7026098,-0.23361942,0.67213196,-0.39612493,0.65626,0.64218986,-0.5911214,-0.7174572,0.36855224
1356874749906,0.65301836,-0.19243193,0.73248684,-0.46521753,0.66127,0.58846796,-0.59761167,-0.72504616,0.34229872
1356874749946,0.57713836,-0.1405419,0.80446213,-0.54544294,0.66680294,0.50780493,-0.6077855,-0.7318619,0.30818
1356874749986,0.47972262,-0.08391112,0.87339866,-0.62009263,0.6718253,0.40513697,-0.62076676,-0.7359414,0.27025712
1356874750026,0.37494576,-0.032016158,0.92649376,-0.6742403,0.6764934,0.29623753,-0.63625133,-0.7357524,0.23206174
1356874750066,0.28009847,0.006966442,0.959946,-0.70296395,0.6824785,0.2001619,-0.6537481,-0.7308724,0.19605833
1356874750106,0.20505148,0.03023848,0.97828394,-0.7114135,0.69106424,0.12775397,-0.67219394,-0.7221605,0.16321582
1356874750155,0.14969832,0.039662957,0.98793584,-0.70784956,0.7019229,0.07907754,-0.6903183,-0.7111477,0.13315207
1356874750187,0.10827161,0.038947135,0.9933581,-0.69938385,0.71311444,0.048270226,-0.70649797,-0.69996494,0.10444909
1356874750227,0.07358503,0.032039523,0.9967742,-0.6920016,0.7213567,0.027899057,-0.71813583,-0.6918223,0.07525247
1356874750267,0.041219264,0.021958083,0.9989089,-0.69038665,0.7233311,0.012588054,-0.7222655,-0.69015217,0.044974744
1356874750306,0.011510879,0.010635763,0.9998772,-0.69636166,0.71769106,3.8260221E-4,-0.7175988,-0.6962805,0.015667617
1356874750346,-0.011002153,-6.1392784E-4,0.99993926,-0.70779526,0.7063794,-0.007354051,-0.7063319,-0.7078332,-0.008206189
1356874750386,-0.023015827,-0.009772748,0.9996873,-0.72177887,0.69205356,-0.009852201,-0.6917409,-0.72177994,-0.022981942
1356874750426,-0.023501411,-0.014557272,0.9996178,-0.7353312,0.6776673,-0.007419139,-0.67730033,-0.7352245,-0.02663058
1356874750466,-0.013077125,-0.013011336,0.9998298,-0.7465221,0.6653596,-0.0011053383,-0.665232,-0.74640954,-0.018414259
1356874750506,0.008741975,-0.0044103265,0.9999521,-0.75451267,0.65621686,0.00949049,-0.65622723,-0.75455946,0.0024089813
1356874750546,0.045671746,0.010111332,0.9989053,-0.7589726,0.65051526,0.028116792,-0.64951885,-0.7594259,0.03738439
1356874750586,0.10449512,0.027284265,0.99415106,-0.75842327,0.64881516,0.061911196,-0.6433311,-0.7604567,0.08849102
1356874750626,0.18888159,0.042689443,0.9810716,-0.74864435,0.65279293,0.11572835,-0.63549626,-0.75633264,0.15525979
1356874750666,0.28987938,0.05310312,0.9555888,-0.7255666,0.6633067,0.18324104,-0.62411773,-0.74646115,0.2308088
1356874750706,0.38366657,0.05970931,0.92153937,-0.69383544,0.6771798,0.2449896,-0.60941976,-0.7333909,0.3012397
1356874750746,0.4481023,0.06723514,0.89145046,-0.6671922,0.68885976,0.2834199,-0.5950286,-0.72176987,0.3535384
1356874750786,0.47374475,0.08071831,0.8769553,-0.6578423,0.6944767,0.29145426,-0.5854993,-0.71497315,0.38210464
1356874750826,0.46129352,0.102519125,0.88130474,-0.66890705,0.6927589,0.2695338,-0.58289933,-0.71384513,0.38814098
1356874750866,0.41600335,0.1315003,0.8998049,-0.6949296,0.68417895,0.22129606,-0.58652705,-0.717361,0.37600422
1356874750906,0.3448284,0.16387215,0.92425066,-0.72619283,0.6704638,0.15206003,-0.5947582,-0.72361887,0.35019773
1356874750946,0.25743133,0.19429386,0.9465617,-0.7525025,0.65483296,0.07024127,-0.60619235,-0.7303723,0.31478113
1356874750986,0.16584766,0.21773902,0.961813,-0.76690865,0.6416243,-0.013013631,-0.619956,-0.73546445,0.27339786
1356874751026,0.08165541,0.23124579,0.96946263,-0.7678442,0.6347387,-0.08673048,-0.6354115,-0.7373142,0.22939056
1356874751066,0.012652725,0.23433661,0.9720732,-0.7583937,0.63582516,-0.14340624,-0.6516739,-0.7353997,0.18576437
1356874751106,-0.038296998,0.22815287,0.97287184,-0.7433963,0.6440882,-0.18031192,-0.667754,-0.7301347,0.14494133
1356874751154,-0.072628826,0.21447268,0.97402596,-0.7267078,0.6575022,-0.19896406,-0.6830965,-0.72228277,0.10810536
1356874751187,-0.09547967,0.19542235,0.97606033,-0.7108859,0.672986,-0.20428208,-0.69679624,-0.71337223,0.0746665
1356874751227,-0.114048734,0.17367554,0.9781768,-0.69851166,0.68612367,-0.2032631,-0.7064521,-0.70644975,0.043062866
1356874751267,-0.1329847,0.15178278,0.979427,-0.6923027,0.69293666,-0.20138457,-0.7092476,-0.704841,0.012929618
1356874751306,-0.15180776,0.13169897,0.9795967,-0.6933939,0.6921009,-0.20050251,-0.7043857,-0.70968425,-0.013747036
1356874751346,-0.16599917,0.11478126,0.97942305,-0.70045745,0.6853777,-0.19903949,-0.69412076,-0.7190846,-0.03337276
1356874751386,-0.17168015,0.10252112,0.97980374,-0.7113407,0.6751722,-0.19528657,-0.68155724,-0.7305011,-0.042986214
1356874751426,-0.1670334,0.09655741,0.9812118,-0.72367656,0.66389084,-0.18852377,-0.66962075,-0.74156976,-0.041015565
1356874751466,-0.15122174,0.098018825,0.98362815,-0.7357646,0.6533657,-0.17822361,-0.66013813,-0.7506701,-0.026684344
1356874751506,-0.121598214,0.106508106,0.9868485,-0.7469318,0.6449528,-0.1616441,-0.653687,-0.7567642,0.00112921
1356874751546,-0.072555676,0.1195966,0.99016786,-0.75682914,0.63998824,-0.13275796,-0.6495732,-0.7590202,0.044079363
1356874751586,0.0028117746,0.13294962,0.99111885,-0.7633095,0.6405799,-0.0837625,-0.646027,-0.75629485,0.10328287
1356874751626,0.1040642,0.14255288,0.98430145,-0.760816,0.6488266,-0.013530791,-0.6405699,-0.7474642,0.1759761
1356874751667,0.21299942,0.14853686,0.96569574,-0.7460334,0.6629618,0.0625771,-0.63092434,-0.73377,0.25202394
1356874751706,0.2999655,0.15634185,0.9410515,-0.7271817,0.6759649,0.1194917,-0.6174363,-0.7201588,0.31645507
1356874751746,0.34577823,0.17146322,0.9225171,-0.71812665,0.68115264,0.14256641,-0.60393006,-0.71178055,0.35866007
1356874751786,0.34792864,0.19492185,0.9170339,-0.7249351,0.676184,0.13131759,-0.5944871,-0.71047926,0.37656945
1356874751826,0.31383294,0.22302416,0.9229135,-0.7434082,0.66237897,0.09272757,-0.590638,-0.71520233,0.37367427
1356874751866,0.2553707,0.2496587,0.93405366,-0.7645408,0.6435112,0.037024826,-0.5918304,-0.72357714,0.35520816
1356874751906,0.18565598,0.2691861,0.94502413,-0.78040016,0.6247941,-0.024655402,-0.5970824,-0.73291963,0.32606965
1356874751946,0.11687058,0.27817634,0.9533935,-0.7870251,0.61145633,-0.081931114,-0.6057498,-0.74076927,0.290393
1356874751986,0.05842924,0.27574688,0.95945275,-0.78446215,0.6070951,-0.12670669,-0.61741805,-0.74525106,0.25178516
1356874752026,0.014907867,0.26311767,0.96464854,-0.77506983,0.61254454,-0.15509969,-0.6316996,-0.7453578,0.21306634
1356874752066,-0.013294131,0.24230507,0.970109,-0.76160634,0.6261945,-0.1668421,-0.64790356,-0.7410592,0.17621642
1356874752106,-0.028863609,0.21560198,0.9760546,-0.7462128,0.6450495,-0.16455263,-0.66508144,-0.73309404,0.14226651
1356874752153,-0.035965815,0.185175,0.9820472,-0.7303789,0.6658461,-0.15230098,-0.6820946,-0.7227442,0.11130023
1356874752187,-0.039787948,0.15318987,0.9873955,-0.715817,0.6850878,-0.13513264,-0.69715357,-0.7121711,0.08239764
1356874752227,-0.045213506,0.12185863,0.9915171,-0.7052511,0.6990561,-0.11807448,-0.70751446,-0.70460707,0.054334164
1356874752267,-0.05415435,0.09292832,0.99419904,-0.70161414,0.70491105,-0.10410553,-0.7104962,-0.70318186,0.027025819
1356874752306,-0.0633291,0.067222744,0.99572617,-0.7056371,0.7025351,-0.09230822,-0.70573777,-0.70846707,0.002943933
1356874752346,-0.068278074,0.045803487,0.99661434,-0.7156231,0.6937843,-0.08091307,-0.69514143,-0.71872485,-0.01459223
1356874752386,-0.065122485,0.029880077,0.9974298,-0.7281841,0.68200254,-0.06797415,-0.6822807,-0.7307392,-0.022655487
1356874752426,-0.05298911,0.021178544,0.99837047,-0.74020034,0.6702542,-0.053504765,-0.6702952,-0.74182934,-0.019839823
1356874752466,-0.033164322,0.021398932,0.9992208,-0.7498311,0.660477,-0.039031565,-0.66079754,-0.7505413,-0.0058586597
1356874752506,-0.004893288,0.030816436,0.99951315,-0.75676304,0.6532543,-0.023845613,-0.653671,-0.7565112,0.020124197
1356874752564,0.036860287,0.04763758,0.9981843,-0.76109946,0.64862895,-0.0028499365,-0.64758706,-0.7596125,0.060165584
1356874752586,0.10009645,0.06778672,0.9926659,-0.761346,0.64752805,0.032552958,-0.6405723,-0.7590207,0.11642444
1356874752626,0.18677095,0.08664659,0.978575,-0.7534082,0.65189517,0.08607441,-0.6304703,-0.75334257,0.18703532
1356874752663,0.2819477,0.10232422,0.9539577,-0.735232,0.6618359,0.14631161,-0.61639225,-0.7426324,0.26183516
1356874752706,0.3619736,0.11662167,0.92486465,-0.7129804,0.67378795,0.1940844,-0.60052824,-0.7296637,0.3270424
1356874752746,0.40812916,0.13416609,0.90301174,-0.69874597,0.6824833,0.21440753,-0.58752424,-0.7184818,0.37228936
1356874752786,0.4158768,0.15739843,0.8956965,-0.6997336,0.68447644,0.20460892,-0.580878,-0.71184105,0.39479485
1356874752826,0.38951138,0.1855227,0.9021432,-0.7144568,0.6790024,0.16884097,-0.58123356,-0.71030784,0.39702708
1356874752866,0.33702135,0.21489117,0.91664517,-0.73569787,0.6676516,0.11397368,-0.5875077,-0.7127854,0.38310784
1356874752906,0.26834744,0.240675,0.9327729,-0.755008,0.65392095,0.048481315,-0.5982915,-0.7172607,0.35718954
1356874752946,0.19364838,0.25879592,0.9463218,-0.7663587,0.6421382,-0.018787086,-0.61253136,-0.72158384,0.32267952
1356874752986,0.12155634,0.2670617,0.9559822,-0.7676178,0.6358907,-0.08003631,-0.62927485,-0.7241001,0.2822979
1356874753026,0.05714363,0.265477,0.96242225,-0.76001424,0.63667053,-0.13049513,-0.6473893,-0.72399765,0.23814797
1356874753066,0.002566129,0.255336,0.96684897,-0.7463513,0.64397705,-0.16808754,-0.66554725,-0.72117764,0.1922229
1356874753106,-0.042465985,0.23865835,0.9701747,-0.72960114,0.65598434,-0.19330475,-0.6825532,-0.71604943,0.14626837
1356874753152,-0.08017439,0.21763183,0.97273254,-0.71271247,0.669727,-0.2085827,-0.6968595,-0.7100015,0.101413965
1356874753187,-0.113668576,0.19441265,0.9743117,-0.699132,0.6811165,-0.21747352,-0.70589936,-0.7058924,0.05849856
1356874753227,-0.14475687,0.17104527,0.9745712,-0.6920016,0.6865008,-0.22327222,-0.70723367,-0.706725,0.018987834
1356874753276,-0.17165798,0.14902061,0.9738205,-0.69277877,0.68453455,-0.2268701,-0.7004221,-0.7135862,-0.014267504
1356874753306,-0.18897124,0.12934235,0.9734273,-0.7000145,0.67745465,-0.22590916,-0.6886724,-0.72410345,-0.03747797
1356874753346,-0.19419055,0.11391345,0.97432727,-0.7114905,0.6674226,-0.21983698,-0.67533046,-0.73591495,-0.04855883
1356874753386,-0.18758136,0.10489103,0.9766326,-0.7244315,0.6566868,-0.20966983,-0.66333425,-0.74683356,-0.04719585
1356874753426,-0.17103337,0.104188114,0.97974104,-0.7367375,0.64672744,-0.19738686,-0.65419084,-0.7555716,-0.033852696
1356874753466,-0.14379402,0.112084925,0.98323965,-0.74788254,0.63835365,-0.18214366,-0.6480702,-0.761539,-0.007965088
1356874753506,-0.10163373,0.12711433,0.9866674,-0.7581867,0.63221616,-0.15954825,-0.644068,-0.76429355,0.032121897
1356874753546,-0.03748046,0.14571786,0.988616,-0.76715463,0.6297711,-0.121910006,-0.6403663,-0.7629906,0.088184
1356874753586,0.052265704,0.16350925,0.9851563,-0.7713737,0.63313985,-0.06416026,-0.6342325,-0.75657034,0.15921825
1356874753626,0.15663826,0.17803591,0.97147703,-0.766465,0.6422591,0.0058802664,-0.6228931,-0.7455243,0.23706067
1356874753666,0.2508791,0.19061056,0.9490665,-0.7543869,0.6528677,0.06829497,-0.60659707,-0.7330971,0.30758494
1356874753706,0.31156057,0.2055138,0.9277359,-0.7448467,0.6590578,0.10414526,-0.5900283,-0.72346866,0.35841274
1356874753746,0.32907897,0.22590944,0.91688156,-0.746398,0.65700185,0.10601255,-0.57844365,-0.7192451,0.3848239
1356874753786,0.30614677,0.2511472,0.9182588,-0.759564,0.6459087,0.0765796,-0.57387865,-0.7209209,0.38850522
1356874753826,0.25179082,0.27725258,0.92721754,-0.7780224,0.6277948,0.023555607,-0.5755715,-0.7273271,0.37378168
1356874753866,0.1785861,0.29896036,0.9374059,-0.7933382,0.6072931,-0.042540193,-0.58199793,-0.73608273,0.34563076
1356874753906,0.09911433,0.31239372,0.94476795,-0.799599,0.59014,-0.11124879,-0.59229875,-0.74440914,0.308281
1356874753946,0.026628792,0.31554312,0.94853747,-0.7950308,0.5818917,-0.17125443,-0.6059842,-0.7495562,0.2663616
1356874753986,-0.030509293,0.30918133,0.9505136,-0.78174675,0.5851972,-0.21544415,-0.6228492,-0.74963397,0.22384757
1356874754026,-0.06888926,0.29500756,0.9530083,-0.76353145,0.5992396,-0.24068975,-0.64208555,-0.7442328,0.1839664
1356874754066,-0.09049788,0.27499852,0.9571761,-0.7439331,0.6203104,-0.2485528,-0.66209805,-0.7345684,0.14844364
1356874754106,-0.099895686,0.25070292,0.9628961,-0.7255358,0.6438867,-0.24291524,-0.68089557,-0.7228818,0.11757249
1356874754154,-0.10271117,0.22355497,0.96926445,-0.7097011,0.6662867,-0.2288807,-0.6969754,-0.7113967,0.09022218
1356874754188,-0.10469116,0.1951603,0.9751678,-0.69744635,0.6845975,-0.21188428,-0.7089488,-0.7023096,0.064442515
1356874754227,-0.10994963,0.16763294,0.97969913,-0.69042534,0.6961748,-0.19660506,-0.7149993,-0.6980257,0.03919387
1356874754267,-0.118016675,0.14288041,0.98267865,-0.69019186,0.69967836,-0.1846224,-0.7139379,-0.70002526,0.01604116
1356874754307,-0.12423727,0.122311085,0.98468524,-0.69638586,0.69617057,-0.1743364,-0.70683223,-0.70737994,-0.00131464
1356874754346,-0.12346052,0.10719529,0.9865428,-0.7066488,0.6884764,-0.16324139,-0.6967101,-0.71729314,-0.009250224
1356874754386,-0.11445756,0.09947619,0.98843515,-0.71765184,0.6797212,-0.15150893,-0.68693185,-0.72669363,-0.0064100027
1356874754426,-0.09747811,0.10037401,0.9901631,-0.7275348,0.67169434,-0.13971376,-0.6791105,-0.7339971,0.0075501204
1356874754466,-0.07403003,0.11110282,0.9910478,-0.735672,0.66484565,-0.12948725,-0.6732803,-0.738672,0.03251666
1356874754506,-0.04147494,0.13005742,0.9906386,-0.74257123,0.6593524,-0.11765319,-0.6684816,-0.74049944,0.06923032
1356874754546,0.005960077,0.15326318,0.98816735,-0.748279,0.65621495,-0.09726474,-0.6633573,-0.7388452,0.118594706
1356874754586,0.07332592,0.17527613,0.9817848,-0.75090885,0.6575539,-0.06130916,-0.6563225,-0.7327354,0.17983216
1356874754626,0.15519454,0.19304356,0.96883893,-0.7476779,0.66394335,-0.012524784,-0.64567196,-0.7224357,0.24737483
1356874754666,0.23066247,0.20975277,0.95015717,-0.74058604,0.67121756,0.031611264,-0.63113165,-0.7109647,0.3101647
1356874754706,0.27630985,0.23252493,0.9325155,-0.7381937,0.6726581,0.051002294,-0.61540484,-0.70246947,0.35751045
1356874754746,0.27919436,0.26648206,0.9225172,-0.7477171,0.6631079,0.034744143,-0.6024697,-0.6994822,0.38438913
1356874754786,0.23882475,0.3102786,0.92015755,-0.76768476,0.64060843,-0.01676336,-0.59466195,-0.70238745,0.39118928
1356874754826,0.16419575,0.35649842,0.9197546,-0.7888455,0.6072744,-0.0945549,-0.59225214,-0.71001875,0.38093406
1356874754866,0.070914924,0.3956846,0.91564447,-0.80095005,0.56970555,-0.18415922,-0.5945167,-0.7203259,0.35732424
1356874754906,-0.024570763,0.42157006,0.9064629,-0.79912865,0.53652024,-0.27118158,-0.6006578,-0.7310436,0.32370597
1356874754946,-0.10862914,0.43267494,0.8949816,-0.78484625,0.51521504,-0.3443398,-0.61009526,-0.7398283,0.2836159
1356874754986,-0.1740335,0.43142617,0.8852027,-0.76289403,0.5093262,-0.39822036,-0.6226596,-0.74461955,0.24049258
1356874755026,-0.21857643,0.4212423,0.8802154,-0.7382378,0.518505,-0.43145978,-0.6381452,-0.74411523,0.197644
1356874755066,-0.24416417,0.4050349,0.8810963,-0.7143792,0.5393075,-0.445881,-0.6557792,-0.738305,0.15766889
1356874755106,-0.25556612,0.38482893,0.8869006,-0.69294953,0.56679136,-0.44561034,-0.6741714,-0.72846025,0.12181431
1356874755152,-0.25913364,0.36208892,0.8954001,-0.674309,0.59590447,-0.43612522,-0.69148904,-0.7167911,0.08974093
1356874755187,-0.2619974,0.33844358,0.90377724,-0.658664,0.6217539,-0.42377347,-0.7053504,-0.7063131,0.06002271
1356874755227,-0.26991904,0.31598678,0.9095581,-0.64690876,0.64016026,-0.4143717,-0.71319896,-0.7002479,0.031623185
1356874755267,-0.28354046,0.29625708,0.9120508,-0.6406109,0.6492202,-0.4100377,-0.7135983,-0.7005319,0.005705297
1356874755307,-0.29821965,0.27978352,0.9125712,-0.6406543,0.65004754,-0.40865666,-0.70755005,-0.70651215,-0.014612377
1356874755346,-0.30761576,0.2666109,0.91339546,-0.64656174,0.6457075,-0.40622628,-0.6980906,-0.71552813,-0.026249409
1356874755386,-0.3074327,0.25717464,0.9161585,-0.656865,0.63924676,-0.3998651,-0.6884865,-0.724724,-0.027596354
1356874755426,-0.29586414,0.25235423,0.9212935,-0.6701162,0.6324959,-0.3884499,-0.6807413,-0.73230207,-0.018026173
1356874755466,-0.2715704,0.2527644,0.92863333,-0.68584377,0.6260904,-0.3709841,-0.67517996,-0.7376456,0.0033292174
1356874755524,-0.23115557,0.25775385,0.93815243,-0.70487046,0.6202859,-0.34409738,-0.6706152,-0.740816,0.038300514
1356874755546,-0.16807887,0.26489416,0.94951594,-0.72785187,0.6162573,-0.30076322,-0.6648165,-0.7416589,0.08922392
1356874755586,-0.076777935,0.2708187,0.9595636,-0.7515172,0.61674476,-0.234196,-0.6552305,-0.73910964,0.15617251
1356874755623,0.03587067,0.2737111,0.9611428,-0.76745546,0.62356293,-0.1489341,-0.64009786,-0.73229194,0.23242867
1356874755666,0.14640826,0.2755154,0.95008206,-0.77077246,0.63378453,-0.065015346,-0.6200601,-0.7227783,0.30515093
1356874755706,0.22428973,0.2826618,0.93262875,-0.76819956,0.64014333,-0.009269297,-0.5996362,-0.714366,0.36071825
1356874755746,0.25554723,0.29893845,0.9194191,-0.7705044,0.63739717,0.006915003,-0.583968,-0.7101835,0.3932185
1356874755786,0.2414644,0.32345843,0.9149151,-0.7810987,0.62423813,-0.014545083,-0.5758296,-0.71112686,0.40338427
1356874755826,0.19157925,0.35155243,0.91635597,-0.7952303,0.6028123,-0.065008014,-0.5752444,-0.71625984,0.39505148
1356874755866,0.11776745,0.37790668,0.91832316,-0.805336,0.5773983,-0.13433212,-0.5810032,-0.72373873,0.37234056
1356874755906,0.032526374,0.3985774,0.9165578,-0.80554277,0.5533048,-0.21202525,-0.5916443,-0.73143005,0.33906817
1356874755946,-0.052687317,0.41198853,0.9096645,-0.7936933,0.5355443,-0.2885192,-0.60603225,-0.7371959,0.29877615
1356874755986,-0.12806305,0.4184476,0.899167,-0.77136374,0.5278404,-0.35550317,-0.6233761,-0.73911166,0.2551785
1356874756026,-0.18805432,0.41946054,0.8880813,-0.7423936,0.53129053,-0.40814477,-0.6430298,-0.73605925,0.21149337
1356874756066,-0.23169693,0.41654724,0.8790933,-0.7109894,0.54425955,-0.44528145,-0.66393566,-0.7281963,0.17005742
1356874756106,-0.261963,0.41085744,0.87325346,-0.68038356,0.5631,-0.46903804,-0.6844368,-0.7170178,0.1320293
1356874756151,-0.28548348,0.40376344,0.8691803,-0.652071,0.5828099,-0.48490837,-0.70235515,-0.7052005,0.09689975
1356874756187,-0.3108091,0.39764634,0.8632931,-0.6264638,0.5973637,-0.50069916,-0.71480125,-0.6964438,0.06344497
1356874756227,-0.34483537,0.39597756,0.8510525,-0.6032849,0.6011126,-0.5241288,-0.7191217,-0.6941652,0.031602383
1356874756267,-0.38822478,0.40153098,0.82949036,-0.5817438,0.59130764,-0.55850637,-0.71474165,-0.69937694,0.004027903
1356874756307,-0.4368202,0.4157313,0.7977189,-0.5599508,0.5683753,-0.6028304,-0.7040192,-0.71001196,-0.015488744
1356874756347,-0.48609194,0.43919307,0.7555289,-0.535273,0.5337608,-0.6546619,-0.6907947,-0.72264016,-0.024368644
1356874756386,-0.5336696,0.47203487,0.70169777,-0.50509244,0.4875818,-0.7121415,-0.67829067,-0.7344706,-0.021786273
1356874756426,-0.57809585,0.512693,0.6347843,-0.46845096,0.4284404,-0.77265286,-0.6681009,-0.74403274,-0.0075080395
1356874756466,-0.61574113,0.5561874,0.5581385,-0.42998376,0.35639954,-0.8295139,-0.6602855,-0.75075626,0.01970172
1356874756506,-0.6415871,0.5961576,0.4826614,-0.40091085,0.2758283,-0.873607,-0.6539391,-0.7539992,0.062038183
1356874756546,-0.6515779,0.6289799,0.42406446,-0.3952239,0.19568026,-0.89750063,-0.6474909,-0.75239193,0.121086895
1356874756586,-0.6454204,0.6557148,0.39175314,-0.41917485,0.12468922,-0.8993025,-0.6385334,-0.7446412,0.19438225
1356874756626,-0.6291798,0.67810017,0.37988544,-0.46250278,0.066179395,-0.88414454,-0.6246791,-0.7319839,0.27198452
1356874756666,-0.61357415,0.6947427,0.37531257,-0.50548756,0.019568384,-0.862612,-0.6066376,-0.71899223,0.33917707
1356874756706,-0.60281825,0.7039619,0.37556338,-0.53776675,-0.010748029,-0.8430252,-0.58942103,-0.71015644,0.38504636
1356874756746,-0.59197944,0.7069246,0.38706303,-0.56129843,-0.016983509,-0.82743907,-0.5783634,-0.7070849,0.40684968
1356874756785,-0.5774516,0.7048688,0.41195816,-0.5790647,0.002098143,-0.8152788,-0.575529,-0.70933455,0.40695316
1356874756826,-0.56033146,0.69723964,0.44708544,-0.59134626,0.04118699,-0.80536526,-0.5799467,-0.71565384,0.38923174
1356874756866,-0.54234505,0.6831279,0.4890789,-0.5985476,0.09434402,-0.7955124,-0.5895784,-0.7241792,0.3577175
1356874756906,-0.52393603,0.66235954,0.53551006,-0.60187083,0.15696985,-0.7830147,-0.6026962,-0.7325575,0.31641263
1356874756946,-0.5044238,0.6355625,0.5844802,-0.60296494,0.22524607,-0.7653088,-0.6180534,-0.73846096,0.26960236
1356874756986,-0.48310876,0.60388803,0.6339756,-0.6031419,0.29534394,-0.74093986,-0.6346855,-0.74033177,0.22154695
1356874757026,-0.459377,0.56858474,0.68241066,-0.6035773,0.36382997,-0.7094521,-0.65166503,-0.7377935,0.17604965
