1356875482148,0.1992808,0.5160202,-0.83307284,0.19505084,0.8122268,0.5497662,0.9603345,-0.27204937,0.06121105
1356875482169,-0.2204957,-0.60652494,0.76387775,-0.17069837,-0.74707156,-0.64245325,0.96033525,-0.27205086,0.061193198
1356875482184,-0.22046208,-0.6066275,0.7638059,-0.17072076,-0.74698687,-0.6425457,0.9603389,-0.2720545,0.06111838
1356875482228,-0.22028393,-0.6071725,0.7634243,-0.17081034,-0.7465454,-0.643035,0.960364,-0.27205098,0.060740486
1356875482267,-0.21992522,-0.6086695,0.76233464,-0.17092672,-0.7453347,-0.64440674,0.9604253,-0.27202475,0.059880123
1356875482310,-0.21943408,-0.6117301,0.760023,-0.17097977,-0.74284095,-0.647266,0.96052825,-0.27198076,0.058411136
1356875482349,-0.21909845,-0.6168983,0.7559314,-0.17073292,-0.73856205,-0.6522087,0.9606488,-0.27196032,0.056493014
1356875482387,-0.21820557,-0.6192146,0.75429404,-0.17129125,-0.73661894,-0.6542566,0.9607526,-0.27196643,0.05466838
1356875482428,-0.22061956,-0.63396066,0.74122936,-0.16771246,-0.7239787,-0.66912436,0.9608328,-0.2719353,0.053400695
1356875482468,-0.22324276,-0.64655447,0.7294724,-0.16381507,-0.7128302,-0.6819368,0.96089923,-0.27173603,0.053218827
1356875482506,-0.22644925,-0.65861905,0.7175944,-0.15888284,-0.7018876,-0.6943414,0.9609771,-0.2712465,0.054298654
1356875482550,-0.22994882,-0.6696631,0.70616907,-0.15286589,-0.6917525,-0.7057693,0.961122,-0.27024007,0.05669914
1356875482589,-0.2332443,-0.6801019,0.6950242,-0.14574331,-0.6822154,-0.71647835,0.9614344,-0.26840958,0.060002506
1356875482628,-0.23565531,-0.6902255,0.6841457,-0.13809031,-0.67304724,-0.7265938,0.96197593,-0.26569957,0.06329365
1356875482668,-0.23658675,-0.69996774,0.6738485,-0.13036588,-0.6643975,-0.7359216,0.9628247,-0.26195621,0.06593576
1356875482711,-0.23581249,-0.7093283,0.66426337,-0.123105615,-0.6562294,-0.7444515,0.9639697,-0.2573255,0.067424715
1356875482752,-0.2330085,-0.71868885,0.6551285,-0.116482794,-0.6481952,-0.7525122,0.9654733,-0.25165296,0.06732017
1356875482790,-0.22886789,-0.72671056,0.64769685,-0.1112583,-0.64146966,-0.7590376,0.96707857,-0.24578103,0.065959275
1356875482834,-0.22337902,-0.7345106,0.6407777,-0.10733098,-0.6348561,-0.7651391,0.96880436,-0.23969129,0.06297779
1356875482870,-0.21746975,-0.7402582,0.6361798,-0.10535815,-0.6301677,-0.76927793,0.9703642,-0.23432139,0.059050113
1356875482911,-0.2111718,-0.74500525,0.63275075,-0.105192125,-0.6262678,-0.7724786,0.9717721,-0.22968614,0.053881496
1356875482948,-0.20444095,-0.7486011,0.63071406,-0.106256455,-0.6235443,-0.7745334,0.9730948,-0.22536382,0.047934353
1356875482988,-0.19661826,-0.7532383,0.62767285,-0.10745135,-0.61975944,-0.777401,0.9745745,-0.22029555,0.04091963
1356875483028,-0.18720853,-0.75985086,0.62255883,-0.10786578,-0.61403,-0.7818773,0.97638,-0.2135269,0.03298977
1356875483068,-0.17605078,-0.7692405,0.6142273,-0.106671154,-0.6053907,-0.788748,0.9785844,-0.20438,0.024523675
1356875483108,-0.16352415,-0.7812574,0.60240924,-0.10340232,-0.5936923,-0.7980211,0.98110545,-0.19278619,0.016299129
1356875483148,-0.15035915,-0.79499865,0.58768123,-0.09786478,-0.5795506,-0.80903864,0.9837757,-0.17915967,0.009338379
1356875483187,-0.13826233,-0.8079214,0.5728407,-0.09068456,-0.5656387,-0.81965184,0.98623514,-0.1652748,0.00494051
1356875483233,-0.1308865,-0.81483436,0.5647244,-0.08266258,-0.55867153,-0.8252594,0.98794514,-0.15469688,0.0057662427
1356875483264,-0.12865567,-0.8144022,0.5658594,-0.07737556,-0.5606183,-0.82445145,0.9886661,-0.14985403,0.009111881
1356875483307,-0.13722545,-0.7988259,0.5857017,-0.077777565,-0.5807803,-0.81033635,0.9874816,-0.15675315,0.017567039
1356875483348,-0.15460539,-0.7662803,0.6236278,-0.0868786,-0.6182275,-0.781183,0.984149,-0.17495504,0.029007941
1356875483406,-0.18069595,-0.71055675,0.68004274,-0.11232075,-0.6719926,-0.73199046,0.9771044,-0.20865062,0.041616052
1356875483438,-0.19895643,-0.6446525,0.7381324,-0.1471397,-0.7250026,-0.6728456,0.96889955,-0.24247554,0.049389943
1356875483481,-0.20595223,-0.58173347,0.7868734,-0.1858633,-0.7662198,-0.61511123,0.96074885,-0.27293447,0.049681887
1356875483520,-0.19935489,-0.52491087,0.82748187,-0.22437309,-0.7975475,-0.5599775,0.9538944,-0.29729885,0.04121907
1356875483560,-0.17906761,-0.47484046,0.8616619,-0.25912917,-0.82212996,-0.5069067,0.9490979,-0.31405234,0.02417183
1356875483600,-0.14604104,-0.4334272,0.88927656,-0.28749925,-0.84152234,-0.4573666,0.9465813,-0.32246065,-0.0017131418
1356875483641,-0.10200757,-0.39776284,0.9118,-0.3084125,-0.85877305,-0.40913403,0.9457675,-0.32294524,-0.035073742
1356875483679,-0.049362063,-0.37120175,0.92723924,-0.3208874,-0.87325895,-0.36667442,0.94583017,-0.3156392,-0.0760081
1356875483721,0.010282636,-0.35730052,0.93393284,-0.32512403,-0.8844294,-0.33478203,0.9456155,-0.30020157,-0.12526125
1356875483759,0.07487434,-0.35897493,0.9303391,-0.32291245,-0.89141667,-0.31796837,0.9434625,-0.27661037,-0.18266171
1356875483800,0.14040887,-0.37412098,0.9166891,-0.31797245,-0.8938544,-0.31609794,0.9376454,-0.24709895,-0.24446526
1356875483839,0.20078623,-0.39382792,0.8969863,-0.31377476,-0.8932489,-0.32194993,0.92802495,-0.21680857,-0.30292535
1356875483878,0.24895835,-0.40201718,0.8811368,-0.3097033,-0.8950585,-0.32086468,0.917662,-0.19300902,-0.34733832
1356875483920,0.28025246,-0.38637584,0.87873334,-0.30157673,-0.9045069,-0.30152717,0.91132325,-0.18050177,-0.37001225
1356875483960,0.29448205,-0.345136,0.8911574,-0.287045,-0.9213931,-0.26199222,0.9115292,-0.17865029,-0.3704033
1356875483999,0.28984612,-0.27504924,0.916699,-0.26678047,-0.94307065,-0.19861,0.91913944,-0.18699105,-0.34672314
1356875484039,0.2680714,-0.18398175,0.9456682,-0.2477479,-0.96174836,-0.11688033,0.9309987,-0.20295504,-0.30339834
1356875484078,0.23146772,-0.08158435,0.96941566,-0.23693322,-0.97120005,-0.025161885,0.9435494,-0.22386259,-0.2441315
1356875484118,0.18589783,0.016229771,0.98243505,-0.23789582,-0.96937144,0.061028965,0.953335,-0.24506235,-0.17634305
1356875484196,0.13775378,0.09647009,0.9857573,-0.24797234,-0.96019083,0.12862073,0.95892316,-0.2621585,-0.10834801
1356875484197,0.09182018,0.15109617,0.98424536,-0.26092905,-0.95023274,0.17021677,0.9609813,-0.27244756,-0.047825158
1356875484237,0.050410926,0.17694795,0.98292834,-0.27073658,-0.9449073,0.18398848,0.9613326,-0.27538967,2.7269125E-4
1356875484276,0.0140141845,0.17465647,0.9845297,-0.27341348,-0.9464319,0.17178975,0.96179444,-0.2715912,0.03449002
1356875484316,-0.01764381,0.14547381,0.9892047,-0.26740164,-0.9540065,0.13552804,0.96342355,-0.26212376,0.05573231
1356875484356,-0.044714093,0.09165978,0.9947859,-0.2531614,-0.9643169,0.07747315,0.96639013,-0.24837728,0.06632334
1356875484397,-0.06767535,0.017762847,0.9975493,-0.23381153,-0.9722809,0.0014507473,0.96992385,-0.23314033,0.06995255
1356875484438,-0.08766985,-0.06700433,0.9938936,-0.21511313,-0.97292095,-0.08456522,0.9726461,-0.22121337,0.07088226
1356875484481,-0.106466174,-0.15036553,0.982881,-0.20362791,-0.96425134,-0.16957256,0.97324234,-0.21819577,0.0720416
1356875484519,-0.12458813,-0.22389488,0.9666172,-0.20072676,-0.94837654,-0.24554168,0.97169256,-0.22461753,0.07321477
1356875484560,-0.14000458,-0.28140825,0.94931984,-0.20716241,-0.9292184,-0.3060016,0.9682368,-0.239505,0.07179755
1356875484600,-0.14986843,-0.32396236,0.9341241,-0.21807215,-0.9106958,-0.35082418,0.9643568,-0.25628394,0.06583744
1356875484640,-0.15141451,-0.35454953,0.92269623,-0.23196805,-0.8946459,-0.38183704,0.9608666,-0.2718517,0.053218223
1356875484679,-0.14356905,-0.3703972,0.91771114,-0.24738216,-0.8844463,-0.39567235,0.95822227,-0.2838317,0.035349585
1356875484720,-0.1247347,-0.37907648,0.91692007,-0.2635315,-0.8782863,-0.39895427,0.9565524,-0.29140073,0.009654067
1356875484759,-0.09390843,-0.3775331,0.92122203,-0.28045914,-0.87780553,-0.38832998,0.9552612,-0.2948326,-0.023449339
1356875484800,-0.048934758,-0.3808475,0.9233421,-0.29725164,-0.87700796,-0.3774898,0.9535444,-0.29293728,-0.07029143
1356875484839,0.009283781,-0.3854078,0.9226997,-0.31307918,-0.87746674,-0.36336416,0.94968164,-0.28550464,-0.12880936
1356875484880,0.07700199,-0.40232956,0.9122509,-0.32768828,-0.87435055,-0.35795465,0.94164276,-0.27137068,-0.1991654
1356875484919,0.14472842,-0.41942513,0.89617866,-0.3405714,-0.8714896,-0.3528697,0.92901284,-0.25414252,-0.26897353
1356875484960,0.2004978,-0.42267194,0.8838264,-0.34830955,-0.8739575,-0.33893764,0.91568613,-0.23988892,-0.32244724
1356875484998,0.23760211,-0.40249628,0.88404864,-0.34658337,-0.88533694,-0.30993307,0.90742785,-0.2327558,-0.34985644
1356875485038,0.2545827,-0.35524425,0.89943826,-0.33453462,-0.90501136,-0.26275662,0.9073446,-0.23399994,-0.34924173
1356875485078,0.25260007,-0.28213775,0.9255223,-0.31604064,-0.92813575,-0.19667841,0.9145007,-0.24282168,-0.32361415
1356875485118,0.23426437,-0.19021437,0.95338273,-0.2972634,-0.9477178,-0.11604081,0.9256104,-0.2562216,-0.27856028
1356875485197,0.20377785,-0.09240622,0.97464645,-0.2829599,-0.95860696,-0.03172461,0.9372344,-0.26932108,-0.22149011
1356875485198,0.16620761,-0.0035776943,0.9860843,-0.27382004,-0.9608341,0.042667136,0.94731075,-0.27710128,-0.16067758
1356875485236,0.12628436,0.063309155,0.9899718,-0.2671309,-0.95892644,0.09539995,0.95534986,-0.2764996,-0.10418558
1356875485276,0.0868901,0.1014123,0.99104273,-0.25876126,-0.9583636,0.12075529,0.9620253,-0.2669359,-0.057030737
1356875485317,0.049080014,0.10701603,0.99304515,-0.24576005,-0.9623819,0.11585796,0.9680874,-0.24973714,-0.02093345
1356875485356,0.012935042,0.07746412,0.99691117,-0.22730087,-0.9706656,0.07837397,0.97373855,-0.22761256,0.0050521796
1356875485396,-0.021873057,0.011161558,0.99969846,-0.2048206,-0.97877836,0.006446585,0.97855514,-0.20461783,0.023694932
1356875485436,-0.055782914,-0.088326275,0.9945284,-0.18163535,-0.9785606,-0.09709604,0.98178256,-0.18605782,0.03854385
1356875485477,-0.089208305,-0.2070511,0.9742545,-0.16219467,-0.962078,-0.21931478,0.9827181,-0.17758358,0.0522427
1356875485518,-0.122000396,-0.32438844,0.9380235,-0.14994755,-0.9282117,-0.3404977,0.98113793,-0.18219522,0.064601004
1356875485558,-0.15235579,-0.42395884,0.8927747,-0.1458587,-0.8837836,-0.44458055,0.9775034,-0.19795334,0.07281146
1356875485597,-0.17711502,-0.5009986,0.8471308,-0.14746907,-0.8375123,-0.52614254,0.9730792,-0.21811336,0.0744542
1356875485638,-0.19365579,-0.55507815,0.808941,-0.15480332,-0.7969318,-0.58389676,0.9687792,-0.2383018,0.06840263
1356875485680,-0.20072603,-0.58510345,0.7857245,-0.16746302,-0.7697496,-0.6159885,0.9652281,-0.25522467,0.056525543
1356875485719,-0.19717616,-0.5971481,0.77751887,-0.18595755,-0.7559098,-0.6277102,0.9625702,-0.268355,0.038003236
1356875485780,-0.1803186,-0.5944065,0.7836875,-0.21128432,-0.75474185,-0.62106645,0.9606477,-0.27757072,0.010505274
1356875485800,-0.14788556,-0.5865176,0.7963209,-0.24257354,-0.75906926,-0.6041291,0.9587951,-0.28250837,-0.03001827
1356875485841,-0.100310445,-0.587327,0.80310947,-0.27809975,-0.7584581,-0.58940804,0.95530015,-0.28246832,-0.08725421
1356875485880,-0.043326914,-0.6025996,0.7968667,-0.3168545,-0.7481503,-0.58298755,0.9474841,-0.27774984,-0.15852141
1356875485920,0.013005257,-0.6208473,0.78382355,-0.35529965,-0.7356033,-0.576758,0.9346619,-0.27099136,-0.23015347
1356875485962,0.06068015,-0.62630033,0.7772167,-0.38505915,-0.73306787,-0.56066114,0.92089486,-0.26525342,-0.28564537
1356875486011,0.09696406,-0.5996897,0.79433626,-0.39512104,-0.7557049,-0.5222925,0.91349727,-0.26321542,-0.31022626
1356875486054,0.123236954,-0.53574157,0.83534044,-0.38556415,-0.8014754,-0.45714048,0.914414,-0.26574072,-0.30533415
1356875486088,0.14068419,-0.44214365,0.88584256,-0.36506245,-0.8548611,-0.3687031,0.920292,-0.27151713,-0.28167546
1356875486128,0.15085524,-0.30390736,0.94068223,-0.33537117,-0.9108726,-0.24049395,0.92992955,-0.27919787,-0.23933166
1356875486190,0.15091598,-0.14170003,0.9783381,-0.30447155,-0.9482247,-0.09037145,0.94049,-0.28423762,-0.18624589
1356875486208,0.1405713,0.013416156,0.9899796,-0.27797592,-0.95915395,0.05246935,0.9502468,-0.2825662,-0.13110015
1356875486248,0.12073648,0.13277757,0.98376465,-0.2572319,-0.9529796,0.16019239,0.95877767,-0.27239668,-0.08090478
1356875486288,0.09141761,0.19377878,0.97677666,-0.24103302,-0.9474112,0.21051164,0.96620184,-0.25467992,-0.039902985
1356875486328,0.049154997,0.16700897,0.9847293,-0.22713676,-0.9582195,0.17385098,0.97262156,-0.23221388,-0.009167403
1356875486368,-0.018052697,-0.024612233,0.9995341,-0.20803565,-0.9777252,-0.02783256,0.9779547,-0.20844117,0.012530296
1356875486408,-0.11904001,-0.49814647,0.85888267,-0.14662345,-0.84672976,-0.5114197,0.98200357,-0.18681182,0.02775488
1356875486448,-0.17166632,-0.8960465,0.40942824,-0.034383565,-0.40989506,-0.9114845,0.984555,-0.1705488,0.039555848
1356875486489,-0.16808212,-0.98008275,0.105764866,0.03212902,-0.11268091,-0.9931116,0.9852493,-0.16352615,0.050428748
1356875486530,-0.16816658,-0.98569536,-0.011166453,0.06154248,8.074045E-4,-0.99810416,0.98383564,-0.16853493,0.06052631
1356875486568,-0.1811161,-0.9824136,-0.045392662,0.074423134,0.03233236,-0.99670243,0.9806417,-0.18389714,0.06725842
1356875486609,-0.2009089,-0.9783212,-0.05023241,0.07640943,0.0354715,-0.9964454,0.97662544,-0.20403293,0.06762642
1356875486650,-0.22119462,-0.97412264,-0.046453685,0.068645954,0.03196335,-0.99712884,0.9728106,-0.22374842,0.059799433
1356875486689,-0.23742181,-0.9705069,-0.04180035,0.05469796,0.029606104,-0.998064,0.96986544,-0.23924857,0.046055615
1356875486730,-0.24915308,-0.9678719,-0.033862203,0.033177465,0.026414156,-0.9991003,0.9678956,-0.25005242,0.025530398
1356875486770,-0.25674337,-0.9663179,-0.017678797,0.0017811358,0.017818868,-0.99983966,0.966478,-0.25673366,-0.0028537512
1356875486807,-0.259919,-0.96557677,0.01018399,-0.04328218,0.0011137724,-0.99906224,0.9646599,-0.26011604,-0.042081773
1356875486843,-0.25702894,-0.96511525,0.049886703,-0.104536116,-0.023552299,-0.9942421,0.9607332,-0.26076397,-0.09483576
1356875486884,-0.24639529,-0.9644773,0.095252395,-0.1798648,-0.051068842,-0.9823648,0.952333,-0.25918254,-0.16089237
1356875486930,-0.22881287,-0.9628109,0.143666,-0.25785637,-0.08236456,-0.96266615,0.9386984,-0.2573156,-0.22942084
1356875486972,-0.20683825,-0.9583622,0.19687521,-0.3231555,-0.12301242,-0.9383169,0.9234655,-0.2577011,-0.28425634
1356875487012,-0.1824038,-0.94815254,0.26026067,-0.36615407,-0.1801573,-0.91294825,0.91250205,-0.26182076,-0.31430852
1356875487048,-0.15543616,-0.9267871,0.341914,-0.3868913,-0.26135647,-0.8843121,0.9089305,-0.26973766,-0.31794167
1356875487088,-0.12136525,-0.8792542,0.4606327,-0.3906238,-0.38431114,-0.83649147,0.9125149,-0.28145513,-0.29681563
1356875487128,-0.07090974,-0.7709969,0.6328787,-0.38402605,-0.5644683,-0.7306843,0.92059535,-0.29485452,-0.2560566
1356875487190,0.0073048472,-0.5364797,0.84388167,-0.36672667,-0.7865423,-0.49685293,0.93030006,-0.30584443,-0.20248702
1356875487208,0.10605556,-0.13661636,0.9849306,-0.3250515,-0.9408617,-0.09550275,0.9397307,-0.31002456,-0.14419097
1356875487248,0.18655384,0.30926442,0.93249846,-0.25643635,-0.9009289,0.35009652,0.94838715,-0.3044383,-0.088765115
1356875487288,0.23135215,0.6625646,0.7123794,-0.17786182,-0.6910985,0.70053416,0.9564734,-0.2887752,-0.04204223
1356875487328,0.2542855,0.91608655,0.31003904,-0.076152265,-0.30061543,0.9507003,0.96412635,-0.2653595,-0.0066800416
1356875487368,0.21724112,0.8510246,-0.478083,0.09854746,0.46815586,0.87813354,0.9711306,-0.23788059,0.017836392
1356875487408,0.06951809,0.16154131,-0.9844144,0.20203045,0.9640734,0.17247052,0.97690886,-0.2108715,0.03438425
1356875487448,-0.0058365166,-0.2682361,-0.9633355,0.19456051,0.94463754,-0.2642085,0.9808731,-0.1889691,0.04667473
1356875487491,-0.03442473,-0.47758883,-0.8779089,0.18349095,0.8604768,-0.47530073,0.9824185,-0.1774504,0.05801153
1356875487529,-0.055757046,-0.6123309,-0.78863305,0.18245162,0.77031344,-0.61100626,0.98163265,-0.17795524,0.06877035
1356875487570,-0.08452447,-0.7134471,-0.69559246,0.18835834,0.67406386,-0.7142542,0.9784563,-0.1913926,0.07740879
1356875487609,-0.120334744,-0.7884557,-0.6032059,0.19068292,0.57794946,-0.79348254,0.9742483,-0.21050453,0.08079761
1356875487650,-0.16107488,-0.8428756,-0.51343507,0.18318701,0.48565525,-0.8547406,0.9697924,-0.23173192,0.07617706
1356875487689,-0.19785687,-0.8765975,-0.4386676,0.16678974,0.41088197,-0.8963019,0.9659367,-0.2505048,0.06491166
1356875487730,-0.23056653,-0.89919424,-0.371872,0.139305,0.34772947,-0.92718846,0.9630334,-0.26558226,0.045087516
1356875487769,-0.2570399,-0.91476166,-0.31167546,0.1027098,0.29482627,-0.9500147,0.96092725,-0.27620384,0.01817286
1356875487811,-0.27798247,-0.9279062,-0.24842659,0.051077664,0.24397558,-0.96843535,0.9592272,-0.28189713,-0.020425618
1356875487850,-0.29155618,-0.9400563,-0.1768871,-0.01970014,0.19078302,-0.9814345,0.95635074,-0.28265864,-0.07414323
1356875487892,-0.29400933,-0.95048046,-0.10072461,-0.1078116,0.1376884,-0.98459053,0.94970274,-0.2786195,-0.14295447
1356875487930,-0.28410384,-0.95837784,-0.028231144,-0.20069468,0.08823499,-0.97567225,0.9375536,-0.27152637,-0.2174092
1356875487972,-0.26498556,-0.96348906,0.038359135,-0.2817498,0.039321065,-0.9586818,0.9221711,-0.26484454,-0.2818824
1356875488011,-0.24091256,-0.9651362,0.102339506,-0.3389143,-0.015149772,-0.9406953,0.90944946,-0.26130962,-0.32344872
1356875488050,-0.21541214,-0.9617777,0.16905975,-0.36878094,-0.08018291,-0.92605144,0.9042114,-0.26182872,-0.33741295
1356875488089,-0.19063771,-0.9504651,0.2455065,-0.37509492,-0.16058767,-0.91297066,0.90717196,-0.2661349,-0.32590055
1356875488129,-0.16791302,-0.9263139,0.33726537,-0.36389613,-0.25971788,-0.8944978,0.91617954,-0.27292734,-0.29347205
1356875488195,-0.15046793,-0.88620335,0.43818146,-0.34087378,-0.3695405,-0.8644332,0.9279894,-0.27943403,-0.24647951
1356875488209,-0.14508969,-0.8386005,0.5250697,-0.3086867,-0.46583033,-0.8292857,0.9400327,-0.2824028,-0.19127771
1356875488248,-0.1638034,-0.82222974,0.5450748,-0.26470447,-0.49564052,-0.8272073,0.9503157,-0.27978316,-0.13646024
1356875488288,-0.20574981,-0.8716463,0.44485924,-0.19665453,-0.40848482,-0.89132893,0.95864177,-0.2708743,-0.087367594
1356875488328,-0.24173468,-0.9479432,0.20728728,-0.097988576,-0.1886831,-0.97713715,0.9653821,-0.25651973,-0.047276378
1356875488369,-0.23932844,-0.9701758,-0.038481027,-0.0072957277,0.041428626,-0.9991148,0.97091126,-0.23883587,-0.016993165
1356875488408,-0.21593535,-0.9581794,-0.18778795,0.04599911,0.18212885,-0.9821982,0.9753236,-0.22072929,0.004747331
1356875488448,-0.19230154,-0.94599617,-0.26098168,0.072803736,0.25145963,-0.9651258,0.9786316,-0.2045956,0.020515978
1356875488488,-0.17514989,-0.940065,-0.29257503,0.087875456,0.2810559,-0.9556597,0.9806123,-0.19309384,0.03338176
1356875488531,-0.16799462,-0.9394737,-0.29860845,0.099398434,0.2852264,-0.95329213,0.9807639,-0.18982914,0.045465767
1356875488569,-0.17047247,-0.94124514,-0.2915422,0.108961165,0.27605167,-0.95494664,0.9793196,-0.19455877,0.05549991
1356875488610,-0.18230325,-0.94383407,-0.27557734,0.11456168,0.25797552,-0.9593353,0.9765456,-0.2064605,0.061097383
1356875488649,-0.19732219,-0.9452024,-0.2601085,0.11474687,0.24123293,-0.96365964,0.97360015,-0.21999803,0.06085837
1356875488693,-0.21328956,-0.9458097,-0.24484998,0.10757303,0.226358,-0.96808577,0.97104865,-0.23282185,0.053463817
1356875488741,-0.22903252,-0.9463824,-0.22782499,0.09064707,0.21229357,-0.9729925,0.96918887,-0.24349862,0.037164748
1356875488780,-0.24311846,-0.9479679,-0.20554847,0.06661379,0.19508934,-0.97852063,0.9677065,-0.25158882,0.015717924
1356875488821,-0.2564873,-0.95050764,-0.17535543,0.03167805,0.17306036,-0.98440164,0.96602833,-0.25804144,-0.014277577
1356875488861,-0.2690487,-0.9539988,-0.13228387,-0.019174993,0.14262694,-0.98959076,0.9629356,-0.2637116,-0.056666553
1356875488901,-0.27750194,-0.9575938,-0.07750282,-0.08810851,0.10569805,-0.9904871,0.95667624,-0.26803347,-0.11370355
1356875488940,-0.27753478,-0.96053576,-0.01858604,-0.16718319,0.06733835,-0.9836235,0.94605714,-0.26988253,-0.17927414
1356875488981,-0.2686123,-0.9626018,0.035288006,-0.24072278,0.031611115,-0.97007906,0.9326843,-0.26906982,-0.24021131
1356875489020,-0.2538771,-0.963976,0.07935196,-0.29332557,-0.0014448166,-0.95601153,0.9216868,-0.26598537,-0.28239208
1356875489061,-0.23800632,-0.96467704,0.11292142,-0.3182457,-0.032387525,-0.94745487,0.91764516,-0.261437,-0.29929596
1356875489099,-0.225,-0.9641378,0.14075932,-0.31698522,-0.064174145,-0.9462569,0.9213551,-0.25752643,-0.29117823
1356875489139,-0.21718484,-0.9614289,0.16877559,-0.2945728,-0.100287735,-0.9503522,0.9306222,-0.25611877,-0.2614299
1356875489196,-0.21502632,-0.9561622,0.1987902,-0.25880346,-0.14048469,-0.9556594,0.94169235,-0.25693953,-0.21725017
1356875489219,-0.21777558,-0.94894254,0.2282143,-0.21566734,-0.1812582,-0.95949626,0.9518726,-0.25817326,-0.16518223
1356875489258,-0.22391093,-0.9426835,0.24741018,-0.17026311,-0.21211636,-0.9622979,0.959622,-0.25759378,-0.113009095
1356875489298,-0.23083419,-0.94188106,0.24408096,-0.12509832,-0.22004431,-0.9674352,0.9649176,-0.25385123,-0.067034006
1356875489338,-0.23507333,-0.949008,0.21005794,-0.08101925,-0.19623035,-0.9772049,0.968595,-0.24673355,-0.030759394
1356875489378,-0.23399448,-0.9606198,0.14985389,-0.040238976,-0.14443201,-0.9886962,0.97140485,-0.23737943,-0.0048580766
1356875489418,-0.22720766,-0.9706475,0.078867584,-0.006079197,-0.07957041,-0.99681073,0.97382736,-0.2269625,0.012178302
1356875489458,-0.21656704,-0.9762136,0.010287076,0.020437092,-0.015068173,-0.99967754,0.97605383,-0.21628699,0.023214221
1356875489498,-0.2053371,-0.9775597,-0.047050864,0.040641576,0.039516747,-0.99839205,0.9778471,-0.20691913,0.031615376
1356875489539,-0.19771707,-0.97636354,-0.08730465,0.05616364,0.07763344,-0.99539876,0.97864884,-0.2017107,0.039486706
1356875489579,-0.19650918,-0.9742545,-0.11051023,0.06738415,0.09902239,-0.9928011,0.97818387,-0.20254111,0.04619044
1356875489622,-0.20195025,-0.9720643,-0.11961275,0.072755754,0.106901705,-0.99160415,0.97668976,-0.20895714,0.049134374
1356875489659,-0.20946956,-0.9699852,-0.123496085,0.07249874,0.11054391,-0.9912235,0.9751239,-0.2165845,0.047167122
1356875489700,-0.21738547,-0.96836376,-0.122537196,0.06533173,0.1108228,-0.9916905,0.97389704,-0.22358465,0.039173543
1356875489739,-0.22451502,-0.9675255,-0.116135865,0.051717192,0.10717988,-0.9928937,0.9730973,-0.22892573,0.025974214
1356875489800,-0.23093319,-0.96770185,-0.10110924,0.03131652,0.09647161,-0.994843,0.9724655,-0.23290864,0.00802654
1356875489817,-0.23735166,-0.9688124,-0.07118109,0.0018385649,0.07282686,-0.9973429,0.9714221,-0.23685187,-0.01550436
1356875489857,-0.2432571,-0.9697952,-0.01797843,-0.041793853,0.02899766,-0.9987053,0.969061,-0.24219078,-0.04758531
1356875489903,-0.24414474,-0.9676314,0.063896954,-0.112623274,-0.03715223,-0.9929429,0.96317667,-0.24961808,-0.09990728
1356875489947,-0.2279917,-0.958547,0.17090186,-0.196617,-0.12658381,-0.9722748,0.95360446,-0.25527275,-0.15960658
1356875489989,-0.19529796,-0.94195247,0.27310118,-0.27515998,-0.21465296,-0.93712914,0.9413531,-0.25816593,-0.21726638
1356875490031,-0.15314502,-0.91813844,0.36547014,-0.33497065,-0.29970688,-0.8932919,0.92969954,-0.25922495,-0.2616508
1356875490109,-0.10644108,-0.88207334,0.4589302,-0.37091023,-0.39301378,-0.841407,0.9225486,-0.25978214,-0.2853372
1356875490112,-0.05307448,-0.8176938,0.5732015,-0.38504517,-0.51286507,-0.76727414,0.9213703,-0.2614311,-0.287629
1356875490147,0.019477189,-0.67812264,0.7346906,-0.37783816,-0.6853292,-0.622545,0.92566675,-0.26546872,-0.26956898
1356875490188,0.12252653,-0.3833786,0.9154278,-0.33928183,-0.8829864,-0.32438064,0.93267095,-0.2708428,-0.23826265
1356875490230,0.23376578,0.10683054,0.9664061,-0.2452001,-0.95534205,0.16491939,0.9408668,-0.27551538,-0.19713143
1356875490268,0.28466016,0.5280316,0.80009454,-0.1401051,-0.8027461,0.5796285,0.948335,-0.27709448,-0.15452993
1356875490308,0.28756577,0.7607424,0.58187366,-0.072683126,-0.5884496,0.8052603,0.95499897,-0.27385768,-0.11392481
1356875490348,0.2744351,0.8756294,0.39743978,-0.03684625,-0.40342945,0.9142685,0.9608994,-0.26555154,-0.0784515
1356875490388,0.25783882,0.9340644,0.24706829,-0.01633498,-0.25146374,0.96772885,0.9660498,-0.2535539,-0.049579203
1356875490428,0.24060023,0.9639751,0.1134181,-0.00107342,-0.11658639,0.99318004,0.97062373,-0.23908114,-0.027015954
1356875490468,0.22313404,0.9746076,-0.018743038,0.0133267045,0.016175985,0.9997804,0.9746967,-0.22333482,-0.00937894
1356875490508,0.20657158,0.9657519,-0.1570076,0.027184933,0.1547417,0.9875809,0.9780538,-0.2082744,0.0057113767
1356875490550,0.19532284,0.9384452,-0.28490266,0.036426812,0.28335562,0.9583229,0.98006225,-0.19756046,0.021161258
1356875490607,0.19914941,0.9161984,-0.34773564,0.033121318,0.34834784,0.93678,0.9794092,-0.1980766,0.03902757
1356875490635,0.2105728,0.9048964,-0.3698941,0.028494358,0.37253582,0.92758024,0.9771628,-0.20586309,0.05266148
1356875490673,0.22551748,0.9151405,-0.3341551,0.018417448,0.33892485,0.9406331,0.97406507,-0.21828347,0.059578896
1356875490718,0.24001786,0.9440019,-0.22638848,-0.0021108687,0.2337124,0.9723035,0.9707662,-0.2328923,0.058087796
1356875490758,0.24889782,0.9672177,-0.050394803,-0.03552732,0.061114997,0.99749815,0.96787786,-0.24648473,0.049574107
1356875490798,0.25186056,0.9589483,0.13032392,-0.065966904,-0.11734021,0.9908984,0.96551263,-0.25816527,0.033705533
1356875490838,0.25521952,0.93001956,0.26443654,-0.08174223,-0.25176054,0.9643313,0.96342164,-0.26773185,0.011767641
1356875490884,0.26479667,0.8968607,0.35429305,-0.07875353,-0.3460675,0.93489844,0.961083,-0.27545983,-0.02100657
1356875490920,0.28171426,0.8667731,0.4115113,-0.05990556,-0.41215616,0.9091417,0.95762646,-0.28077,-0.06418575
1356875490962,0.30649757,0.8320317,0.46236616,-0.028034508,-0.47764313,0.8781066,0.9514585,-0.28209975,-0.123070866
1356875491001,0.33651203,0.7980026,0.49995142,0.009112895,-0.5336496,0.8456565,0.9416351,-0.28001758,-0.18685162
1356875491041,0.36713734,0.76721543,0.52591896,0.043449998,-0.578931,0.81421804,0.9291514,-0.2760787,-0.24588269
1356875491081,0.3885258,0.757133,0.52516407,0.07404277,-0.59375,0.80123574,0.91845816,-0.27241617,-0.2867474
1356875491122,0.39296833,0.77457464,0.49559057,0.100503415,-0.5718975,0.81414515,0.9140432,-0.27012473,-0.302585
1356875491162,0.3844515,0.80490327,0.4520263,0.118272424,-0.5285702,0.84061,0.9155374,-0.26971158,-0.29840744
1356875491199,0.36703485,0.8384875,0.40277046,0.12145069,-0.47247982,0.87293327,0.9222446,-0.27148017,-0.27525145
1356875491236,0.34694326,0.8674395,0.35662162,0.11000046,-0.41525048,0.90303206,0.93141305,-0.27407232,-0.2394871
1356875491277,0.32718843,0.8902674,0.3168151,0.088465005,-0.36265403,0.92771554,0.940809,-0.2755107,-0.19741371
1356875491318,0.3085339,0.90783143,0.2839876,0.06279421,-0.31734067,0.9462303,0.9491384,-0.27411136,-0.15491694
1356875491358,0.29048595,0.9216105,0.25739473,0.03815463,-0.279936,0.9592602,0.9561183,-0.2688308,-0.116481185
1356875491398,0.27225044,0.93289256,0.23577762,0.017571896,-0.24981269,0.96813464,0.96206594,-0.25943205,-0.08440432
1356875491438,0.2535606,0.9424032,0.21813583,0.0014698207,-0.22588062,0.974154,0.9673184,-0.24668649,-0.058659613
1356875491478,0.23492715,0.9502602,0.20448667,-0.011440039,-0.20765677,0.9781349,0.9719457,-0.23212978,-0.037913233
1356875491518,0.21734783,0.95615405,0.19628885,-0.022995293,-0.19602457,0.9803293,0.9758233,-0.21758616,-0.020618439
1356875491558,0.20195878,0.95963347,0.19574547,-0.03531742,-0.1925981,0.98064196,0.978757,-0.20496249,-0.005005121
1356875491598,0.1908887,0.9580062,0.21397579,-0.05244118,-0.2077201,0.9767816,0.98020995,-0.1976777,0.010587543
1356875491639,0.18484819,0.9447429,0.27072477,-0.07896209,-0.26030403,0.96229243,0.9795897,-0.19925502,0.026482195
1356875491681,0.17946261,0.9044697,0.3869468,-0.118504405,-0.3705929,0.9212045,0.97660124,-0.2111767,0.040676013
1356875491719,0.16414511,0.82118213,0.54654956,-0.16469017,-0.52347445,0.8359735,0.97259116,-0.22723225,0.04931484
1356875491759,0.13610506,0.68491113,0.7158017,-0.20899004,-0.686416,0.6965316,0.9684,-0.24439688,0.049714953
1356875491799,0.10379475,0.5218372,0.8467069,-0.24114133,-0.8127018,0.53044,0.96492356,-0.2592329,0.04148236
1356875491839,0.08242923,0.3786984,0.92184216,-0.25857764,-0.8851855,0.38676113,0.96246713,-0.27024817,0.024957836
1356875491879,0.080750465,0.2805022,0.95645064,-0.26513273,-0.91896826,0.29189396,0.96082467,-0.27715695,1.6313791E-4
1356875491921,0.098532856,0.22200891,0.9700532,-0.26439512,-0.9339213,0.24059552,0.95936775,-0.2801839,-0.033323854
1356875491970,0.12867302,0.13846684,0.98197263,-0.26088312,-0.9505995,0.16822782,0.95675665,-0.27782646,-0.08619285
1356875492010,0.17844856,0.08772999,0.9800304,-0.25290692,-0.95846426,0.13184991,0.95089126,-0.2713849,-0.14884904
1356875492050,0.22812301,0.004774317,0.9736206,-0.2526939,-0.96543115,0.063941285,0.94026893,-0.26061445,-0.21903062
1356875492090,0.27350587,-0.090473644,0.95760596,-0.26320603,-0.96460766,-0.015959777,0.9251579,-0.24768257,-0.28763905
1356875492132,0.31132305,-0.15546656,0.93750095,-0.27551538,-0.958922,-0.06752635,0.90948844,-0.23727345,-0.34136796
1356875492206,0.34099346,-0.16067493,0.9262327,-0.27519995,-0.959182,-0.065075554,0.8988818,-0.23270887,-0.37129253
1356875492209,0.3615917,-0.097798556,0.92719305,-0.25424254,-0.96713626,-0.0028608218,0.89700174,-0.23469746,-0.374573
1356875492248,0.3694468,0.014825381,0.9291336,-0.21957803,-0.9701648,0.10278981,0.90293664,-0.24199268,-0.35516897
1356875492292,0.3601663,0.16929579,0.91739804,-0.1805597,-0.9521495,0.24659573,0.91524774,-0.25446057,-0.3123642
1356875492328,0.33848768,0.29554635,0.8933524,-0.16049041,-0.9173506,0.36429486,0.9271834,-0.2666838,-0.26307952
1356875492368,0.30984503,0.40265647,0.8613152,-0.15432885,-0.8725846,0.46344227,0.93817836,-0.2765211,-0.20822448
1356875492408,0.2775818,0.47771996,0.83350587,-0.16059639,-0.83231866,0.5305228,0.94718385,-0.28112155,-0.15431643
1356875492448,0.24407238,0.5213932,0.81766605,-0.17253642,-0.80636615,0.5656896,0.954285,-0.27914643,-0.10685238
1356875492488,0.20958543,0.53615034,0.8176899,-0.18450466,-0.7995549,0.5715505,0.960225,-0.27065626,-0.06865281
1356875492528,0.17310631,0.5188238,0.8371715,-0.19480367,-0.81517553,0.5454727,0.96544594,-0.2575088,-0.040043265
1356875492568,0.13345546,0.46450025,0.8754594,-0.20260596,-0.85191756,0.48289478,0.97012395,-0.2418182,-0.01958254
1356875492608,0.08849025,0.3619093,0.9280038,-0.20768836,-0.9044779,0.37253875,0.9741843,-0.22570165,-0.004873067
1356875492648,0.03732896,0.20514002,0.9780205,-0.2082173,-0.955625,0.20838979,0.97736996,-0.21141976,0.0070412755
1356875492707,-0.017015755,0.0104561,0.99980056,-0.20276447,-0.97920406,0.006789826,0.9790797,-0.2026085,0.01878196
1356875492732,-0.066957474,-0.17410707,0.9824477,-0.1936489,-0.9636663,-0.18397658,0.9787833,-0.20256852,0.030809015
1356875492768,-0.10694301,-0.3104046,0.9445698,-0.1877696,-0.9266177,-0.32576418,0.9763738,-0.2121997,0.040810674
1356875492803,-0.13523579,-0.39951465,0.906697,-0.18713048,-0.88833576,-0.4193351,0.97298175,-0.22637972,0.045373358
1356875492848,-0.15117359,-0.45372152,0.87822735,-0.19344781,-0.85768044,-0.47640544,0.96939385,-0.2419111,0.041887194
1356875492887,-0.15438628,-0.47802472,0.8646717,-0.20558393,-0.8404662,-0.5013498,0.966385,-0.25516418,0.03148231
1356875492937,-0.14342928,-0.4928165,0.8582307,-0.22328995,-0.8287216,-0.5131883,0.96414196,-0.2652405,0.00882192
1356875492989,-0.11165869,-0.48104215,0.8695578,-0.24853073,-0.83370465,-0.4931216,0.9621667,-0.27117315,-0.026463315
1356875493042,-0.059645593,-0.44958758,0.8912426,-0.2757066,-0.85068196,-0.44757813,0.95938957,-0.2724175,-0.07321487
1356875493083,0.0058734417,-0.41907346,0.90793335,-0.29808944,-0.86740404,-0.39843807,0.95451987,-0.26830515,-0.13001601
1356875493121,0.07678223,-0.40077728,0.9129524,-0.31428993,-0.8787028,-0.35930926,0.9462168,-0.2593432,-0.19342902
1356875493200,0.14658785,-0.39280802,0.9078622,-0.32673192,-0.88549376,-0.33037406,0.93367994,-0.2481987,-0.25814554
1356875493201,0.20672095,-0.36756462,0.90673184,-0.3317811,-0.8981734,-0.28845423,0.92042804,-0.24120694,-0.30762225
1356875493237,0.24912322,-0.31679508,0.91519314,-0.32677987,-0.9170643,-0.2284906,0.91167563,-0.24214439,-0.33198428
1356875493277,0.27149844,-0.24200247,0.9315167,-0.31326887,-0.9373852,-0.15222222,0.91002816,-0.2504871,-0.33031046
1356875493318,0.27305943,-0.1486606,0.95044124,-0.29684302,-0.95279616,-0.06374668,0.91505337,-0.2647252,-0.30429885
1356875493358,0.2561913,-0.048702918,0.96539843,-0.284144,-0.95839983,0.027054489,0.92392004,-0.2812433,-0.25937235
1356875493399,0.22566837,0.04376035,0.9732208,-0.27820316,-0.95449585,0.10742754,0.9336363,-0.2949961,-0.20322526
1356875493438,0.18711674,0.11661753,0.9753911,-0.2771612,-0.9463203,0.1663118,0.9424272,-0.3014603,-0.1447505
1356875493478,0.1447292,0.1637362,0.97582984,-0.2762991,-0.94029576,0.19875288,0.95011175,-0.29838625,-0.09084809
1356875493518,0.10137659,0.1795015,0.97852033,-0.27243513,-0.94097954,0.20083976,0.95681864,-0.28694376,-0.04649079
1356875493558,0.059035182,0.16249354,0.984942,-0.26301184,-0.9492694,0.1723727,0.96298474,-0.26922747,-0.013302565
1356875493598,0.018550158,0.10966398,0.9937956,-0.24730067,-0.9625788,0.11083536,0.96876115,-0.24782233,0.009263992
1356875493638,-0.018980145,0.021031938,0.9995986,-0.22541237,-0.9741285,0.016215958,0.97407854,-0.22501412,0.023229957
1356875493678,-0.052455902,-0.097794235,0.9938233,-0.19854715,-0.9743039,-0.10635318,0.9786866,-0.20289962,0.031691164
1356875493718,-0.081582785,-0.23267025,0.9691279,-0.16995528,-0.95487976,-0.24355666,0.982069,-0.18457843,0.038358215
1356875493761,-0.107756674,-0.36206546,0.9259034,-0.14517787,-0.91561204,-0.374937,0.9835201,-0.17482264,0.046099544
1356875493799,-0.13228792,-0.47256702,0.8713096,-0.12741864,-0.8636345,-0.48774987,0.98298746,-0.1755445,0.05403457
1356875493839,-0.15502596,-0.5533493,0.8183957,-0.11974768,-0.81177723,-0.57155776,0.98062605,-0.18660727,0.05958423
1356875493880,-0.173962,-0.61091596,0.7723463,-0.120071396,-0.7652942,-0.6323825,0.9774048,-0.20274723,0.059778586
1356875493920,-0.18659699,-0.6501136,0.73656887,-0.12671033,-0.72754925,-0.6742525,0.97423095,-0.21914443,0.05338244
1356875493961,-0.19156986,-0.6738852,0.71356833,-0.13881454,-0.7011223,-0.6993984,0.97161293,-0.23303726,0.040768802
1356875494000,-0.18802899,-0.684454,0.7043918,-0.15685242,-0.6870528,-0.7094757,0.9695578,-0.24388754,0.021827593
1356875494049,-0.17158061,-0.68781996,0.7053113,-0.18584502,-0.6804764,-0.7088114,0.9674822,-0.25269687,-0.011071414
1356875494092,-0.14027297,-0.6739012,0.72538316,-0.22637498,-0.6913922,-0.6860986,0.96388686,-0.26044968,-0.05557072
1356875494131,-0.096672416,-0.6588839,0.746007,-0.27224362,-0.7034303,-0.6565587,0.95735985,-0.26656675,-0.11137465
1356875494207,-0.041735172,-0.6544558,0.75494754,-0.32188615,-0.70651186,-0.630262,0.945858,-0.2693113,-0.1811738
1356875494209,0.01637286,-0.65059304,0.75925004,-0.36756217,-0.710098,-0.60054886,0.92985487,-0.26923886,-0.25075978
1356875494250,0.06689775,-0.64073575,0.7648414,-0.40213048,-0.71885747,-0.56704056,0.9131351,-0.2696323,-0.30574936
1356875494292,0.10452312,-0.6169547,0.78002685,-0.41989422,-0.7383648,-0.5277369,0.90153414,-0.27236807,-0.3362319
1356875494330,0.12606627,-0.57570887,0.80787784,-0.42014956,-0.7687142,-0.48223734,0.8986555,-0.27863568,-0.33879274
1356875494373,0.13184696,-0.51379734,0.8477197,-0.40648356,-0.8080013,-0.42650333,0.9040949,-0.28835097,-0.31538266
1356875494408,0.12414968,-0.43521556,0.8917255,-0.38622507,-0.8490016,-0.3605919,0.91401154,-0.29963934,-0.27349442
1356875494448,0.10499519,-0.34493792,0.9327346,-0.3641758,-0.8861037,-0.28669894,0.92539287,-0.30957735,-0.21865466
1356875494490,0.07731855,-0.25548384,0.9637166,-0.34320995,-0.91435295,-0.21486181,0.9360709,-0.31414437,-0.15838104
1356875494528,0.04483515,-0.18362448,0.9819734,-0.3236921,-0.9326023,-0.1596131,0.9450996,-0.31070077,-0.101251155
1356875494568,0.0105752945,-0.14157352,0.98987126,-0.3031349,-0.9437968,-0.13174531,0.95288897,-0.29867125,-0.052896798
1356875494608,-0.023960173,-0.14000398,0.9898611,-0.2791811,-0.9498155,-0.14109775,0.95993954,-0.2797312,-0.016328778
1356875494648,-0.057431042,-0.18502116,0.9810549,-0.25011155,-0.94867295,-0.19355565,0.9665122,-0.25648928,0.008207347
1356875494688,-0.08795774,-0.27652764,0.9569723,-0.2152829,-0.9327142,-0.2893052,0.9725825,-0.23146641,0.022507764
1356875494728,-0.11318171,-0.40217066,0.9085421,-0.17635225,-0.89176744,-0.4167144,0.9777985,-0.2073879,0.030007988
1356875494768,-0.13216257,-0.53308314,0.83567667,-0.13880526,-0.8248119,-0.5481045,0.9814613,-0.1884352,0.03501445
1356875494820,-0.14969182,-0.6339514,0.75874764,-0.1119813,-0.75158614,-0.6500604,0.9823709,-0.18227425,0.04151553
1356875494860,-0.16875249,-0.70446074,0.6893893,-0.09602231,-0.6843435,-0.72280955,0.9809701,-0.18817267,0.04784073
1356875494900,-0.18720043,-0.7415738,0.64422375,-0.092173815,-0.63966346,-0.7631085,0.9779877,-0.20223477,0.0513916
1356875494940,-0.20261168,-0.7565445,0.6217628,-0.0987567,-0.6159089,-0.7816031,0.9742667,-0.21976516,0.050076455
1356875494979,-0.21201462,-0.756312,0.61890376,-0.11392912,-0.60985434,-0.7842817,0.97060287,-0.23679036,0.043132126
1356875495021,-0.2129615,-0.7431588,0.6343205,-0.136587,-0.6201944,-0.77246547,0.9674665,-0.25114533,0.0305717
1356875495059,-0.20310462,-0.7175304,0.6662572,-0.16669458,-0.64516836,-0.74563456,0.9648635,-0.2625033,0.011428148
1356875495103,-0.17915052,-0.6800928,0.7109,-0.20481043,-0.6809776,-0.7030805,0.962267,-0.27155703,-0.017292589
1356875495140,-0.13755041,-0.6352041,0.7599971,-0.2492289,-0.72040784,-0.6472229,0.9586265,-0.27843904,-0.05921881
1356875495203,-0.07746047,-0.5955756,0.7995559,-0.2951467,-0.75232047,-0.58898425,0.95230687,-0.28160924,-0.1175071
1356875495222,-0.003277421,-0.5665801,0.8240001,-0.3375758,-0.77500665,-0.5342351,0.94129264,-0.27991343,-0.18872367
1356875495260,0.07375586,-0.52858996,0.84566706,-0.3679685,-0.80256766,-0.46955758,0.92690843,-0.27654618,-0.25369853
1356875495301,0.1419102,-0.47302473,0.86954534,-0.38092858,-0.8368836,-0.39308935,0.9136492,-0.2754513,-0.29895097
1356875495343,0.19673097,-0.3875557,0.9006095,-0.3737255,-0.8788536,-0.29655617,0.90643597,-0.27823895,-0.31773716
1356875495378,0.23339427,-0.26873922,0.9345086,-0.3496865,-0.91995263,-0.17721881,0.90732926,-0.2854232,-0.30868614
1356875495418,0.24968338,-0.12592345,0.96010494,-0.31876007,-0.94693524,-0.041299954,0.9143578,-0.2957312,-0.27657336
1356875495458,0.24628729,0.020636424,0.96897715,-0.29190475,-0.9517711,0.094464116,0.9241938,-0.30611435,-0.22838524
1356875495498,0.22721988,0.15005325,0.9622137,-0.2750385,-0.9379452,0.21121705,0.9341975,-0.31263852,-0.17184937
1356875495538,0.19820702,0.2466969,0.94860667,-0.26776698,-0.9173649,0.29452077,0.9428758,-0.31238165,-0.11577088
1356875495577,0.16361809,0.30722222,0.9374666,-0.26473817,-0.90174323,0.34172043,0.95033824,-0.30409482,-0.066208065
1356875495616,0.12554628,0.32915974,0.935891,-0.26101047,-0.8991624,0.35125557,0.95713717,-0.28837618,-0.026972353
1356875495656,0.08501428,0.3102719,0.946839,-0.25303516,-0.9124024,0.3217067,0.9637146,-0.2669332,9.424091E-4
1356875495696,0.042580187,0.24575524,0.9683962,-0.23904456,-0.9386169,0.2487087,0.97007453,-0.24207991,0.018780023
1356875495736,-9.6070766E-4,0.13056742,0.991439,-0.21848024,-0.967515,0.12720506,0.9758409,-0.21648763,0.0294559
1356875495776,-0.043665707,-0.030643165,0.99857605,-0.19271624,-0.98049825,-0.038515516,0.9802824,-0.19412366,0.036908835
1356875495836,-0.08257723,-0.20996135,0.97421616,-0.16638836,-0.9609291,-0.2212013,0.98259646,-0.18036443,0.044415798
1356875495857,-0.11604458,-0.36509103,0.9237111,-0.14648002,-0.9135346,-0.37947088,0.98238343,-0.17934076,0.052532196
1356875495898,-0.1436621,-0.47547865,0.8679178,-0.13642615,-0.8591263,-0.4932443,0.9801781,-0.18926717,0.05855617
1356875495933,-0.16409546,-0.5436323,0.8231262,-0.13579573,-0.8140438,-0.5647056,0.9770529,-0.20444259,0.05975783
