1356079088360,0.27778476,-0.077473015,0.9575143,0.9597721,0.06482297,-0.27319494,-0.040903747,0.99488497,0.09236321
1356079088520,-0.30468756,-0.09217715,0.94798136,0.95156705,0.013442397,0.30714715,-0.041055053,0.99565184,0.08361703
1356079088562,-0.30272973,-0.08583757,0.94920313,0.9521872,0.015771747,0.30510768,-0.041160285,0.99618423,0.076958895
1356079088600,-0.30038488,-0.07968086,0.9504839,0.9529261,0.018013537,0.3026668,-0.041238338,0.9966576,0.07051903
1356079088640,-0.29778135,-0.07334733,0.9518122,0.95373976,0.020290494,0.29994795,-0.04131311,0.9971,0.06391215
1356079088681,-0.29508245,-0.06704354,0.95311666,0.95457315,0.022565663,0.29712072,-0.04142773,0.9974948,0.05733925
1356079088720,-0.29241997,-0.061185747,0.95433056,0.9553853,0.02470678,0.2943272,-0.041587114,0.99782056,0.051231146
1356079088760,-0.29001564,-0.05646354,0.9553548,0.95611376,0.026383579,0.29180533,-0.041682065,0.998056,0.04633391
1356079088801,-0.28827816,-0.05390054,0.95602846,0.95665294,0.026916087,0.289984,-0.041362822,0.9981835,0.043804765
1356079088842,-0.28748482,-0.054306,0.95624447,0.9569473,0.025467455,0.2891424,-0.040055335,0.9981996,0.044646382
1356079088880,-0.28763157,-0.057886004,0.9559902,0.9570161,0.021460116,0.28923967,-0.037258595,0.99809253,0.04922521
1356079088920,-0.28837264,-0.06414294,0.95536745,0.9569478,0.015129507,0.28986543,-0.03304711,0.99782604,0.05701846
1356079088960,-0.2893837,-0.07220113,0.9544863,0.95679843,0.0075321794,0.2906545,-0.028174937,0.99736166,0.06690228
1356079089000,-0.29525214,-0.08126724,0.95195687,0.9551283,-5.1277876E-4,0.296192,-0.023582548,0.99669224,0.07777202
1356079089040,-0.2932253,-0.09055886,0.9517447,0.9558339,-0.006936729,0.29382515,-0.020006478,0.9958669,0.088593304
1356079089080,-0.29328817,-0.09939298,0.95084333,0.95585847,-0.011978567,0.29358295,-0.017790347,0.99497616,0.09851885
1356079089120,-0.295124,-0.10723099,0.94942266,0.9553093,-0.0155285,0.2952,-0.016911447,0.99411285,0.10702157
1356079089160,-0.29814816,-0.113740444,0.9477187,0.95436907,-0.01789242,0.29809302,-0.016948223,0.9933494,0.113884985
1356079089200,-0.3017465,-0.11892897,0.9459412,0.9532302,-0.019575298,0.30161053,-0.017353147,0.9927097,0.119273484
1356079089240,-0.3054847,-0.123158395,0.94419867,0.9520269,-0.020762265,0.30530927,-0.017997682,0.99216974,0.123592615
1356079089280,-0.30900407,-0.126787,0.94257176,0.9508689,-0.02128297,0.30886137,-0.019098818,0.9917016,0.12713438
1356079089321,-0.31179792,-0.12967142,0.94125843,0.9499266,-0.021138012,0.31175733,-0.020529717,0.9913317,0.12976909
1356079089360,-0.31324333,-0.1311042,0.94057965,0.9494288,-0.020781755,0.31329373,-0.021527201,0.99115074,0.13098389
1356079089402,-0.31285256,-0.13008538,0.9408512,0.94957006,-0.020959914,0.31285375,-0.020977587,0.9912812,0.13008249
1356079089439,-0.31127936,-0.12670124,0.94183433,0.9501401,-0.022295654,0.31102508,-0.018408507,0.99169034,0.1273241
1356079089480,-0.3092469,-0.120670855,0.9432947,0.95088845,-0.025341034,0.3084947,-0.013322294,0.99236906,0.122581124
1356079089521,-0.30855334,-0.1124706,0.9445344,0.9511868,-0.030007005,0.30715343,-0.006203085,0.99320185,0.11623931
1356079089560,-0.31143624,-0.103441775,0.94462013,0.950265,-0.035970032,0.30935842,0.0019774437,0.9939849,0.109499454
1356079089601,-0.3194148,-0.09514654,0.9428263,0.9475516,-0.043575704,0.31661823,0.010959178,0.9945091,0.104074955
1356079089640,-0.3335998,-0.08910251,0.93849444,0.94249403,-0.053064167,0.3299835,0.02039811,0.9946079,0.101680815
1356079089680,-0.35320508,-0.0862253,0.9315639,0.9350959,-0.063418865,0.34867424,0.02901423,0.9942551,0.103028774
1356079089722,-0.37665433,-0.086857915,0.9222728,0.925724,-0.07200009,0.3712829,0.034154862,0.9936154,0.10752559
1356079089760,-0.4014871,-0.09079507,0.911353,0.9152626,-0.07585031,0.39565274,0.033203125,0.9929768,0.1135543
1356079089800,-0.42471743,-0.09796885,0.90000945,0.9049889,-0.07306528,0.4191139,0.02469939,0.99250364,0.11969292
1356079089840,-0.44353092,-0.10785031,0.8897463,0.89621055,-0.063693345,0.43903276,0.009321183,0.9921247,0.1249066
1356079089881,-0.4552424,-0.1197609,0.8822764,0.8903035,-0.049336076,0.45268726,-0.010686189,0.9915762,0.1290834
1356079089920,-0.45792067,-0.13342315,0.8789238,0.8883733,-0.03176719,0.45802152,-0.033189774,0.9905499,0.13307637
1356079089960,-0.4501083,-0.1486868,0.8805082,0.8911768,-0.01226902,0.4534902,-0.05662504,0.9888082,0.13802862
1356079090001,-0.43219024,-0.16588184,0.8863943,0.89813876,0.0090920925,0.43961814,-0.08098388,0.9861038,0.14505535
1356079090040,-0.4046154,-0.1854567,0.8954844,0.908266,0.03252679,0.41712698,-0.10648626,0.98211396,0.15528315
1356079090080,-0.3697979,-0.20879203,0.9053483,0.9195613,0.057110906,0.38877425,-0.13287821,0.97629106,0.17087752
1356079090120,-0.33260143,-0.24006405,0.9120008,0.9295893,0.079456866,0.3599311,-0.15887126,0.96749973,0.19673353
1356079090161,-0.29914284,-0.2849585,0.91066587,0.9367422,0.09406716,0.33714333,-0.18173563,0.9539131,0.23879308
1356079090200,-0.27489364,-0.34480748,0.89751947,0.94084775,0.095852554,0.32498875,-0.19808805,0.9337666,0.29806215
1356079090240,-0.25777864,-0.4059932,0.87676656,0.94413733,0.086984575,0.31786522,-0.20531628,0.909727,0.36089057
1356079090280,-0.24152565,-0.4485149,0.860523,0.9485551,0.07795507,0.30686504,-0.20471564,0.89036924,0.40661296
1356079090320,-0.22191226,-0.46234214,0.85848397,0.95427775,0.07785624,0.28860426,-0.20027226,0.88327694,0.42392558
1356079090360,-0.19785565,-0.4480917,0.8718182,0.96071285,0.08795774,0.2632379,-0.19463786,0.88965005,0.41308457
1356079090401,-0.16863024,-0.40837947,0.8971009,0.967752,0.104198754,0.22934419,-0.1871362,0.9068455,0.377639
1356079090439,-0.14043528,-0.35724083,0.9233942,0.97411096,0.11702657,0.19342357,-0.17716038,0.9266519,0.33155757
1356079090480,-0.113658905,-0.30046543,0.94699633,0.9801017,0.12221569,0.15640914,-0.16273332,0.9459301,0.28059584
1356079090520,-0.09289116,-0.24711919,0.96452236,0.9854127,0.11591476,0.12460145,-0.14259374,0.96202695,0.23274699
1356079090561,-0.08128494,-0.20452097,0.9754815,0.98983955,0.097996354,0.103027344,-0.11666492,0.97394454,0.19447726
1356079090600,-0.07927853,-0.17483741,0.98140043,0.99308544,0.07165581,0.092987984,-0.08658081,0.9819864,0.16794768
1356079090640,-0.084638,-0.15555757,0.9841943,0.9948868,0.041433156,0.09210622,-0.055106163,0.98695755,0.15125531
1356079090681,-0.09449983,-0.1432097,0.9851704,0.9952103,0.011287451,0.097103655,-0.025026262,0.989628,0.14145708
1356079090721,-0.10698205,-0.13593975,0.98492396,0.9942596,-0.0162583,0.10575211,0.00163728,0.99058366,0.13689879
1356079090760,-0.12114197,-0.13334948,0.98363733,0.99235314,-0.03988874,0.11680776,0.023659796,0.990266,0.13716203
1356079090801,-0.1361404,-0.13550892,0.9813782,0.9898695,-0.058906138,0.12918457,0.0403035,0.98902345,0.14215565
1356079090840,-0.15032786,-0.14140418,0.9784714,0.98738027,-0.071346045,0.14138597,0.049817532,0.9873776,0.15034503
1356079090880,-0.16166466,-0.14992681,0.97539043,0.9855783,-0.07460773,0.15188539,0.049999982,0.9858781,0.15982607
1356079090920,-0.16774249,-0.15993464,0.972771,0.9850006,-0.06767881,0.15872416,0.040450513,0.98480475,0.16888833
1356079090961,-0.16589653,-0.16998535,0.97138214,0.98587185,-0.05169344,0.15932515,0.023131162,0.98408985,0.17615953
1356079091001,-0.15349603,-0.1784176,0.97190845,0.9881487,-0.028729975,0.15078679,0.0010199249,0.9835353,0.18071315
1356079091040,-0.1287626,-0.18392977,0.97446907,0.9914038,-8.804798E-4,0.13083413,-0.023206264,0.982939,0.1824621
1356079091081,-0.09137291,-0.18576872,0.97833574,0.9946729,0.030048788,0.0986045,-0.047715396,0.9821339,0.18203354
1356079091120,-0.042583406,-0.18374214,0.9820517,0.9965408,0.06240052,0.054886788,-0.071365535,0.98099184,0.18044934
1356079091160,0.013960123,-0.17890385,0.9837675,0.99551415,0.09456301,0.003069967,-0.093577266,0.9793116,0.17942142
1356079091220,0.071686655,-0.17533061,0.98189616,0.9908967,0.12498394,-0.05002621,-0.1139501,0.976544,0.1826942
1356079091240,0.12152657,-0.18214372,0.9757331,0.9838933,0.15193471,-0.09418073,-0.13109332,0.9714626,0.19767407
1356079091281,0.15370691,-0.2124595,0.9650053,0.9779566,0.1723969,-0.11781424,-0.14133313,0.9618421,0.23427477
1356079091318,0.16358584,-0.2715332,0.9484247,0.9764491,0.18164486,-0.116414815,-0.14066601,0.94513226,0.29485285
1356079091361,0.15300572,-0.35004675,0.9241518,0.97988737,0.174963,-0.09596166,-0.12810132,0.9202473,0.36977673
1356079091401,0.13289022,-0.42219457,0.8967117,0.9850956,0.15595329,-0.07256174,-0.109209985,0.8929896,0.43662667
1356079091439,0.11446285,-0.4665825,0.8770399,0.98899853,0.13679194,-0.056301713,-0.093702585,0.8738357,0.47710702
1356079091481,0.10452402,-0.47862145,0.8717776,0.9908681,0.12519324,-0.050069332,-0.08517635,0.8690501,0.48733652
1356079091520,0.10170317,-0.46308443,0.88045967,0.99144053,0.120014906,-0.051400006,-0.0818657,0.878151,0.47132662
1356079091560,0.10428023,-0.4267461,0.89833915,0.9913225,0.117286146,-0.05935833,-0.08003178,0.8967339,0.4352737
1356079091600,0.10911995,-0.37776124,0.9194505,0.99099576,0.11354196,-0.070961505,-0.07758969,0.9189149,0.38674954
1356079091640,0.1126917,-0.3241767,0.93926036,0.9908639,0.107149065,-0.08190161,-0.07409024,0.9399088,0.33328977
1356079091680,0.11173028,-0.27246526,0.9556563,0.99132025,0.09760958,-0.08807063,-0.069285035,0.9572016,0.28100634
1356079091720,0.10366869,-0.22671095,0.9684291,0.9926208,0.0851621,-0.08632174,-0.062903374,0.9702318,0.2338666
1356079091760,0.08687186,-0.18866476,0.9781916,0.9947051,0.070546985,-0.074731916,-0.05490914,0.9795042,0.19379437
1356079091800,0.060366213,-0.15898582,0.98543364,0.99714494,0.054471374,-0.052295446,-0.045363724,0.985777,0.16182011
1356079091840,0.023314357,-0.1386131,0.99007213,0.9991498,0.036912084,-0.018360347,-0.034000605,0.9896585,0.1393559
1356079091880,-0.024262488,-0.12828535,0.9914405,0.999505,0.016756713,0.026628017,-0.020029247,0.99159575,0.12781528
1356079091920,-0.079435945,-0.12628809,0.98880804,0.9968344,-0.006738484,0.079220116,-0.0033415258,0.9919707,0.12642363
1356079091960,-0.13589138,-0.12822193,0.98239124,0.9906325,-0.03104335,0.1329796,0.013445795,0.99125946,0.13123932
1356079092000,-0.18687493,-0.13023844,0.97371227,0.98205626,-0.050356746,0.18174085,0.025363386,0.990203,0.1373119
1356079092040,-0.22750211,-0.13108772,0.96491385,0.97334903,-0.06000483,0.22133899,0.02888468,0.9895531,0.14124537
1356079092080,-0.254322,-0.13086167,0.95822525,0.96681035,-0.059458613,0.24848041,0.02445817,0.98961604,0.14164001
1356079092120,-0.26439166,-0.12949169,0.9556824,0.96428823,-0.051582336,0.25978336,0.01565662,0.99023783,0.13850534
1356079092160,-0.2560534,-0.12667346,0.9583269,0.9666486,-0.03889036,0.25313625,0.005204022,0.99118173,0.13240677
1356079092200,-0.22882545,-0.12239587,0.96574235,0.97344613,-0.02219516,0.22783777,-0.0064516068,0.99223316,0.1242246
1356079092241,-0.18434757,-0.11691579,0.97588253,0.98263896,-8.1568956E-4,0.18552616,-0.020894915,0.99314153,0.11503637
1356079092280,-0.12612182,-0.11191186,0.9856821,0.9912132,0.025718689,0.12974954,-0.039871037,0.9933853,0.10768479
1356079092320,-0.06376916,-0.11310941,0.99153405,0.9958983,0.056691825,0.070516944,-0.06418806,0.99196386,0.10903025
1356079092360,-0.011188507,-0.13207003,0.9911772,0.9957017,0.08966851,0.023187548,-0.09193978,0.9871763,0.1304991
1356079092404,0.017766774,-0.18094024,0.9833336,0.99285924,0.11922479,0.003999293,-0.11796138,0.9762408,0.18176642
1356079092442,0.019321859,-0.25783443,0.9659958,0.9904642,0.13675487,0.016690075,-0.13640785,0.9564619,0.25801823
1356079092482,0.0035808682,-0.34098414,0.9400622,0.98936903,0.1378786,0.04624331,-0.1453827,0.92990285,0.33785287
1356079092521,-0.012015581,-0.40313905,0.9150598,0.9888119,0.13128299,0.07082209,-0.14868292,0.905673,0.39705124
1356079092562,-0.015479565,-0.43117496,0.90213555,0.98842585,0.1295777,0.078891784,-0.15091282,0.89291537,0.42417866
1356079092602,-0.003804028,-0.42568168,0.90486497,0.9882591,0.13661063,0.068421274,-0.15273982,0.8945013,0.42016417
1356079092640,0.020938337,-0.39291507,0.9193363,0.9880385,0.14864922,0.041028142,-0.15277919,0.90748066,0.39132768
1356079092680,0.054598987,-0.34007657,0.93881136,0.98701704,0.16061342,7.7843666E-4,-0.15105039,0.92658037,0.34443074
1356079092720,0.088973045,-0.27835742,0.9563477,0.98495257,0.16741455,-0.042906106,-0.14816329,0.9457746,0.28906417
1356079092760,0.11774343,-0.2177122,0.9688848,0.9827355,0.16576368,-0.08217889,-0.14271459,0.96183354,0.23347107
1356079092801,0.13637158,-0.16591126,0.9766659,0.9818345,0.15392289,-0.11094561,-0.1319241,0.9740541,0.18388808
1356079092840,0.14268756,-0.12736815,0.9815384,0.9831191,0.13299072,-0.12565994,-0.114530355,0.9828992,0.14419422
1356079092880,0.13747087,-0.10267612,0.98516965,0.98632574,0.10546914,-0.12663999,-0.09090206,0.9891076,0.115771085
1356079092920,0.12211034,-0.0905498,0.98837733,0.9905294,0.07410124,-0.11558747,-0.062773556,0.9931313,0.09874076
1356079092960,0.09820959,-0.08927566,0.99115324,0.99465984,0.04056105,-0.09490359,-0.03172967,0.9951807,0.09278235
1356079093000,0.06753862,-0.09678751,0.9930109,0.99771637,0.0058089495,-0.06729248,7.4473023E-4,0.99528813,0.096958876
1356079093040,0.033276558,-0.1097472,0.99340236,0.9989313,-0.028249383,-0.03658262,0.03207791,0.99355805,0.108689874
1356079093080,6.338954E-4,-0.12343472,0.9923525,0.9983515,-0.05687505,-0.0077121556,0.05739203,0.99072146,0.12319517
1356079093120,-0.024904728,-0.13405722,0.99066055,0.9971804,-0.073501885,0.015122324,0.070788234,0.98824394,0.13550979
1356079093160,-0.039507985,-0.140459,0.989298,0.99684066,-0.07381439,0.029329121,0.06890488,0.9873311,0.14293146
1356079093200,-0.04063934,-0.1431193,0.9888706,0.99774456,-0.058728218,0.03250435,0.05342266,0.9879614,0.14518327
1356079093240,-0.026054382,-0.14251429,0.98944986,0.99922127,-0.0330531,0.021550894,0.029633075,0.98924077,0.14326447
1356079093280,0.0059731603,-0.13873571,0.9903114,0.99997836,-0.0018812418,-0.0062949955,0.0027364194,0.9903276,0.13872153
1356079093320,0.055514276,-0.13170567,0.9897331,0.9981539,0.03177899,-0.051757663,-0.024635881,0.9907793,0.13322675
1356079093360,0.12012252,-0.12131232,0.9853192,0.9913921,0.066725105,-0.11264768,-0.052079976,0.9903692,0.12828326
1356079093400,0.19369173,-0.1086967,0.97502244,0.97777545,0.1026749,-0.18279237,-0.08024147,0.98875827,0.12616819
1356079093441,0.26663753,-0.0991807,0.95868015,0.95763254,0.13958338,-0.2519055,-0.108831674,0.98523074,0.13219684
1356079093481,0.32369867,-0.106212735,0.94017977,0.9361868,0.17985162,-0.30200598,-0.137016,0.9779428,0.15765268
1356079093520,0.35741365,-0.14303946,0.9229275,0.91971374,0.2257672,-0.32117867,-0.16242552,0.9636228,0.21224767
1356079093560,0.36923724,-0.2089268,0.90554595,0.911057,0.27368033,-0.30834112,-0.18340936,0.93885493,0.29139718
1356079093600,0.3699918,-0.28176183,0.8852775,0.90710765,0.31537208,-0.2787404,-0.2006534,0.9061737,0.3722734
1356079093640,0.37185007,-0.3342665,0.86602163,0.9028896,0.3469891,-0.25374973,-0.21568,0.87627876,0.4308337
1356079093680,0.37982318,-0.3540264,0.8546343,0.89660335,0.36827365,-0.2459206,-0.2276769,0.8596743,0.45730016
1356079093720,0.3913806,-0.3441875,0.8534378,0.8903158,0.37616646,-0.25658637,-0.23272082,0.8602521,0.45365986
1356079093760,0.40138,-0.31457025,0.8601974,0.887258,0.36661822,-0.27993625,-0.22730446,0.87557787,0.42625824
1356079093800,0.4061909,-0.27482516,0.87148154,0.8888305,0.3401983,-0.3069942,-0.21210685,0.8992976,0.38245842
1356079093840,0.40474564,-0.23164588,0.8846023,0.89432937,0.30199152,-0.3301154,-0.19067255,0.9247385,0.32939744
1356079093880,0.39725506,-0.18995228,0.89783436,0.9026066,0.25762838,-0.3448608,-0.16580051,0.9473889,0.27379635
1356079093920,0.38457596,-0.15343517,0.91025215,0.91266364,0.21101487,-0.35002536,-0.13837057,0.96536535,0.2211859
1356079093960,0.36784253,-0.124320954,0.92154014,0.92350817,0.16473088,-0.34640494,-0.10874078,0.97847235,0.17540643
1356079094000,0.3482742,-0.103285104,0.9316852,0.93416095,0.12070331,-0.33581868,-0.07777241,0.9873009,0.13852271
1356079094040,0.32677972,-0.090283185,0.9407784,0.94393826,0.08053112,-0.320149,-0.046857834,0.99265486,0.111537695
1356079094080,0.3034086,-0.08590019,0.9489807,0.95270395,0.04540512,-0.30048904,-0.017276555,0.9952686,0.09561375
1356079094120,0.27728662,-0.09123132,0.95644605,0.9607339,0.01583919,-0.2770189,0.0101234615,0.9957038,0.092040986
1356079094160,0.24789008,-0.105193764,0.96306014,0.96820295,-0.0076470673,-0.2500491,0.03366819,0.9944223,0.099953294
1356079094219,0.21665627,-0.12285337,0.968487,0.9749944,-0.023026645,-0.221033,0.049455643,0.9921577,0.114792466
1356079094241,0.18656355,-0.1385757,0.9726206,0.98100233,-0.027315795,-0.19206312,0.053183198,0.9899751,0.13084695
1356079094281,0.16046387,-0.14954257,0.9756477,0.9860544,-0.019913197,-0.16522762,0.044136792,0.9885547,0.14426175
1356079094318,0.14058578,-0.15575096,0.9777409,0.9897084,-0.004522264,-0.14302692,0.026698232,0.98778594,0.1535123
1356079094360,0.12900054,-0.15776667,0.97901404,0.9916266,0.014609158,-0.12830815,0.0059402287,0.9873682,0.15833026
1356079094400,0.12759006,-0.15605664,0.9794729,0.99172246,0.034409225,-0.12370342,-0.014398128,0.9871486,0.15915519
1356079094441,0.13699582,-0.15136677,0.97893834,0.99002045,0.05388543,-0.13021472,-0.033040285,0.98700786,0.1572383
1356079094481,0.15507549,-0.14415234,0.9773288,0.98657197,0.073926985,-0.14563811,-0.051256865,0.9867902,0.15368092
1356079094520,0.17886302,-0.13651237,0.9743574,0.98134077,0.09577271,-0.16672668,-0.07055658,0.9859979,0.15109539
1356079094561,0.20193711,-0.13498947,0.97005117,0.97503245,0.12112656,-0.18611848,-0.09237492,0.9834156,0.15607905
1356079094600,0.21719202,-0.15109262,0.96436435,0.96915185,0.15128872,-0.19456694,-0.11649984,0.9768739,0.17929041
1356079094640,0.21859694,-0.19553411,0.95602405,0.9656216,0.18458629,-0.18303835,-0.14067876,0.963169,0.22916186
1356079094680,0.2049343,-0.26539448,0.94210815,0.96540654,0.21335536,-0.14989957,-0.1612213,0.9402368,0.29993737
1356079094720,0.18055624,-0.3396651,0.9230531,0.9677698,0.22886366,-0.10508591,-0.17555922,0.9122768,0.37004042
1356079094761,0.15195459,-0.39513543,0.90596795,0.97111917,0.23027831,-0.062446922,-0.18394974,0.8892919,0.41871536
1356079094801,0.12331575,-0.4215282,0.8983915,0.97458136,0.2220729,-0.02957648,-0.18704107,0.87920284,0.43819857
1356079094840,0.09576136,-0.42026135,0.9023359,0.9782189,0.20745105,-0.0071946084,-0.18416688,0.8833711,0.4309734
1356079094880,0.070162535,-0.3963136,0.9154303,0.9820431,0.18854946,0.006359935,-0.1751244,0.8985458,0.40242618
1356079094920,0.04622543,-0.356856,0.933015,0.9857764,0.16737509,0.015177518,-0.16157964,0.9190426,0.35951725
1356079094960,0.023613691,-0.3094166,0.9506333,0.9891296,0.14528054,0.022716671,-0.14513743,0.9397632,0.30948383
1356079095000,0.0016202331,-0.26093718,0.96535444,0.9920083,0.12221044,0.031368732,-0.1261617,0.95758885,0.2590499
1356079095040,-0.02032435,-0.21589094,0.97620595,0.9943462,0.09742081,0.04224688,-0.10422349,0.9715453,0.21269038
1356079095080,-0.043476045,-0.17712504,0.98322767,0.995845,0.07113987,0.05684957,-0.080016196,0.9816139,0.17329618
1356079095120,-0.06847316,-0.14612058,0.98689413,0.996127,0.044677198,0.075728714,-0.055157155,0.98825735,0.14249551
1356079095160,-0.09660214,-0.12435451,0.98752415,0.994818,0.019541442,0.09977639,-0.03170535,0.9920454,0.12182236
1356079095200,-0.12913847,-0.1129742,0.98517,0.9915681,-0.003924191,0.12952718,-0.010767251,0.9935901,0.112528384
1356079095240,-0.16631192,-0.111397415,0.9797607,0.98604345,-0.026512206,0.16436398,0.007665932,0.99342227,0.11425197
1356079095280,-0.2062341,-0.11645311,0.9715483,0.9782359,-0.047720373,0.20193377,0.022846848,0.9920491,0.123760164
1356079095320,-0.2453773,-0.123867095,0.9614817,0.96890265,-0.06397337,0.2390295,0.0319013,0.9902345,0.1357128
1356079095360,-0.2801144,-0.1308752,0.9510035,0.95943606,-0.07109946,0.27281365,0.031911254,0.98884606,0.14548236
1356079095399,-0.30747885,-0.13671201,0.9416828,0.951281,-0.06790656,0.30075425,0.022829741,0.9882806,0.15093136
1356079095440,-0.32469928,-0.14110497,0.93523246,0.94577646,-0.057628274,0.31966525,0.00878948,0.9883159,0.15216565
1356079095480,-0.32970482,-0.14364374,0.93309224,0.94406044,-0.043180346,0.32693312,-0.006670624,0.9886869,0.14984518
1356079095521,-0.32030863,-0.14408821,0.93629104,0.9470678,-0.026210308,0.31996188,-0.021562219,0.98921764,0.14485675
1356079095560,-0.29551017,-0.1425086,0.9446507,0.95465887,-0.006729722,0.29762575,-0.036056995,0.98977065,0.13803577
1356079095600,-0.25590378,-0.13950863,0.9565827,0.96533096,0.015809655,0.2605498,-0.051472127,0.99009466,0.13062626
1356079095640,-0.2047475,-0.13820747,0.9690083,0.976382,0.040917397,0.21214142,-0.06896886,0.98955774,0.12656552
1356079095680,-0.15128225,-0.14739025,0.9774405,0.984506,0.0662297,0.1623627,-0.08866629,0.9868586,0.13508719
1356079095720,-0.11042631,-0.18030927,0.9773917,0.9878552,0.08824295,0.12788758,-0.10930726,0.9796437,0.16837507
1356079095760,-0.095140934,-0.24386993,0.96512985,0.98708975,0.10238063,0.12317532,-0.12884936,0.9643888,0.23098087
1356079095800,-0.10450512,-0.32440656,0.94012713,0.9838453,0.104435146,0.14540192,-0.14535165,0.9401349,0.3082519
1356079095840,-0.12444168,-0.39485243,0.91027784,0.97949123,0.09763062,0.17625305,-0.15846491,0.9135424,0.37460524
1356079095880,-0.14028496,-0.43673882,0.8885827,0.9756005,0.09211224,0.19929612,-0.16888973,0.89486,0.41316068
1356079095920,-0.14444858,-0.44606787,0.8832656,0.9738329,0.09419,0.20682782,-0.17545405,0.890029,0.4207899
1356079095960,-0.13454545,-0.42646345,0.89444196,0.9751338,0.10343242,0.19599932,-0.17610085,0.89857143,0.40194258
1356079096001,-0.1125747,-0.3848795,0.9160757,0.97886264,0.11546928,0.16880372,-0.17074767,0.91571534,0.36374527
1356079096040,-0.08358145,-0.33005965,0.9402526,0.98342144,0.12505347,0.13131666,-0.16092426,0.9356401,0.3141355
1356079096080,-0.054023266,-0.27111897,0.9610286,0.9875901,0.12762976,0.091522485,-0.14746928,0.9540467,0.2608595
1356079096120,-0.030601084,-0.21627185,0.9758535,0.99100256,0.120705664,0.057827264,-0.13029748,0.968843,0.21063223
1356079096160,-0.018493474,-0.17100382,0.9850967,0.9938065,0.10483432,0.03685528,-0.10957429,0.97967714,0.16800603
1356079096200,-0.0207389,-0.13752827,0.9902806,0.9960431,0.082772076,0.03235483,-0.08641729,0.98703325,0.1352675
1356079096240,-0.038229585,-0.11544061,0.9925784,0.99732053,0.05759126,0.045110375,-0.062371373,0.9916434,0.11292964
1356079096280,-0.07053715,-0.10291621,0.99218583,0.9967582,0.031314015,0.07411036,-0.038696438,0.9941969,0.100373805
1356079096320,-0.11606318,-0.097705245,0.98842454,0.9931159,0.004430294,0.11705196,-0.015815645,0.9952055,0.09651846
1356079096360,-0.17184663,-0.0975135,0.9802855,0.9851063,-0.022928774,0.17041093,0.005859405,0.99497,0.100001395
1356079096400,-0.23312116,-0.10018039,0.9672737,0.97214055,-0.049004436,0.22921875,0.024437457,0.9937618,0.108813405
1356079096440,-0.29329276,-0.103311,0.95042425,0.95533675,-0.06932497,0.28727308,0.036209643,0.9922303,0.11902928
1356079096480,-0.34621185,-0.106692195,0.93206984,0.93737674,-0.079836786,0.33904433,0.038240075,0.9910817,0.12765121
1356079096520,-0.38803077,-0.110933274,0.91494584,0.9211532,-0.07915121,0.38106662,0.030146152,0.99067086,0.1328997
1356079096560,-0.41461146,-0.11622298,0.9025463,0.9098748,-0.06930858,0.40905297,0.0150128305,0.99080205,0.13448447
1356079096600,-0.42197412,-0.12205744,0.89835393,0.9066025,-0.053416967,0.41859096,-0.0031047761,0.9910845,0.1331982
1356079096640,-0.4064967,-0.12786466,0.9046607,0.91340476,-0.033830643,0.40564415,-0.021262228,0.9912144,0.13054425
1356079096680,-0.36508995,-0.13332391,0.9213762,0.93017447,-0.011275709,0.3669446,-0.0385333,0.99100834,0.12813115
1356079096720,-0.2959606,-0.1380082,0.9451778,0.95358384,0.014850199,0.3007611,-0.05554363,0.9903197,0.12720728
1356079096760,-0.2001664,-0.14157897,0.9694786,0.977027,0.045037746,0.20830211,-0.07315433,0.98890185,0.1293115
1356079096801,-0.08849305,-0.14649901,0.98524463,0.99182665,0.07831663,0.100729376,-0.09191784,0.9861058,0.13837111
1356079096840,0.017788827,-0.16046056,0.98688185,0.99361753,0.1128,4.3037534E-4,-0.11138928,0.98057556,0.16144305
1356079096880,0.09179759,-0.1957261,0.9763526,0.9872727,0.14576375,-0.06360352,-0.12986791,0.96976495,0.20661584
1356079096920,0.12251222,-0.2570612,0.95859814,0.98187935,0.17210072,-0.079336524,-0.14458117,0.9509474,0.2734875
1356079096961,0.11997664,-0.33180168,0.9356886,0.98078513,0.18566042,-0.059922576,-0.15383792,0.9248988,0.34770113
1356079097000,0.10959828,-0.3941436,0.9124906,0.9811425,0.1899414,-0.03580022,-0.15920928,0.89920694,0.4075283
1356079097040,0.11028409,-0.42763123,0.89720047,0.9803231,0.19549936,-0.027320981,-0.16371879,0.88255954,0.44077736
1356079097080,0.12786537,-0.42901886,0.89419985,0.9775486,0.20676523,-0.040582,-0.16747904,0.8793128,0.44582483
1356079097120,0.1593476,-0.4025262,0.90143275,0.9729194,0.21889871,-0.07423723,-0.16744006,0.8888509,0.42650652
1356079097160,0.19631436,-0.35670608,0.91335714,0.9671388,0.22392121,-0.12042287,-0.16156444,0.906984,0.38894328
1356079097219,0.2288158,-0.3022022,0.92537415,0.961766,0.21714008,-0.1669023,-0.15049759,0.9281832,0.34033287
1356079097241,0.24920616,-0.24834386,0.9360671,0.958933,0.1984522,-0.20264322,-0.1354394,0.94812554,0.28760064
1356079097281,0.25243205,-0.20159638,0.946381,0.9605243,0.17039245,-0.21990794,-0.11692354,0.96453375,0.23665074
1356079097318,0.23575264,-0.16486749,0.95772624,0.96709216,0.13682288,-0.21450484,-0.09567404,0.9767796,0.1916984
1356079097360,0.19968224,-0.13736328,0.9701847,0.9771863,0.10101879,-0.18682066,-0.07234454,0.9853561,0.15440121
1356079097400,0.14367056,-0.11747664,0.98262817,0.9884439,0.065543175,-0.13668501,-0.048347294,0.9909104,0.1255357
1356079097441,0.068687916,-0.10352594,0.9922521,0.99730545,0.032809973,-0.06561449,-0.025763005,0.99408543,0.10550067
1356079097480,-0.020589173,-0.09483817,0.9952798,0.9997721,0.0036765933,0.021032423,-0.0056539476,0.9954859,0.09474087
1356079097520,-0.12039268,-0.091462076,0.9885041,0.99265546,-0.022992909,0.11877087,0.011865556,0.9955431,0.09355849
1356079097561,-0.22347808,-0.09228727,0.9703301,0.97432745,-0.049000323,0.21973836,0.027267456,0.994526,0.10086852
1356079097601,-0.31924438,-0.09513396,0.9428853,0.9468209,-0.07418716,0.3130917,0.040164262,0.9926962,0.11375868
1356079097640,-0.39992946,-0.09805545,0.9112857,0.91529167,-0.09472519,0.391495,0.04793352,0.9906626,0.12763274
1356079097680,-0.46275187,-0.1011422,0.88069916,0.88521624,-0.105914354,0.45296177,0.047465116,0.989218,0.1385448
1356079097720,-0.50785947,-0.10552922,0.8549517,0.8605809,-0.10646427,0.49806213,0.038461685,0.9887006,0.1448853
1356079097760,-0.53559726,-0.11137089,0.8370974,0.84412956,-0.09889513,0.5269392,0.024099171,0.9888459,0.14697945
1356079097800,-0.5460717,-0.11779925,0.8294149,0.8376944,-0.08693826,0.5391752,0.00859344,0.9892245,0.14615422
1356079097840,-0.53975976,-0.124319494,0.8325888,0.8417994,-0.07293725,0.53484017,-0.0057643056,0.9895579,0.14402068
1356079097880,-0.5176507,-0.13137141,0.8454462,0.8553704,-0.056969166,0.5148748,-0.01947546,0.98969495,0.14186132
1356079097920,-0.48124474,-0.13981304,0.8653646,0.8759053,-0.037790775,0.4810009,-0.03454745,0.98945653,0.1406495
1356079097960,-0.43356472,-0.15092188,0.8883942,0.89957374,-0.01471442,0.436521,-0.052808344,0.98843616,0.14214504
1356079098000,-0.38125002,-0.1681219,0.9090564,0.9214287,0.010617673,0.38840246,-0.07495102,0.9857091,0.1508643
1356079098040,-0.33523792,-0.19809371,0.92107236,0.9368622,0.033180714,0.34812096,-0.09952244,0.9796213,0.1744631
1356079098080,-0.30902928,-0.24902752,0.9178704,0.9430784,0.044476032,0.32958314,-0.12289846,0.9674746,0.22110814
1356079098120,-0.30842888,-0.31917882,0.89610076,0.94083226,0.0366621,0.33688357,-0.14037907,0.9469851,0.2889861
1356079098160,-0.32866615,-0.39385965,0.8584015,0.93253267,0.008574545,0.36098385,-0.14953738,0.91913056,0.36446884
1356079098200,-0.35721588,-0.45307177,0.8167758,0.92153245,-0.028433204,0.38725892,-0.1522325,0.89102054,0.42767715
1356079098240,-0.38408464,-0.48589218,0.7851037,0.9105389,-0.058459938,0.40926924,-0.15296361,0.8720615,0.46487737
1356079098280,-0.40532666,-0.49211448,0.7704114,0.9011342,-0.073260546,0.42730564,-0.15384254,0.8674424,0.47315556
1356079098320,-0.41920584,-0.47446164,0.7740495,0.89492095,-0.07234734,0.44032073,-0.15291485,0.8772981,0.45493412
1356079098360,-0.42701167,-0.43794388,0.7911171,0.89205724,-0.06085652,0.44780618,-0.14796937,0.8969402,0.41665745
1356079098401,-0.43012655,-0.38840964,0.81494117,0.8919636,-0.043596804,0.45000035,-0.13925567,0.9204549,0.3651994
1356079098441,-0.43219268,-0.33324578,0.83794796,0.8926289,-0.026040196,0.45003968,-0.12815347,0.9424804,0.30871916
1356079098480,-0.43544632,-0.27791268,0.8562424,0.89290994,-0.0124153495,0.4500641,-0.11444792,0.9605261,0.2535572
1356079098520,-0.44243383,-0.22642598,0.86774635,0.89151895,-0.006183207,0.45294127,-0.0971922,0.9740088,0.2045986
1356079098560,-0.45417452,-0.18088982,0.8723557,0.8876562,-0.008234382,0.460433,-0.07610431,0.9834689,0.16430783
1356079098600,-0.4711895,-0.14244637,0.8704537,0.8804712,-0.01727748,0.47378471,-0.052449703,0.9896518,0.13356078
1356079098641,-0.49329752,-0.11181456,0.8626442,0.86939573,-0.030956924,0.49314573,-0.028436065,0.9932468,0.11248207
1356079098680,-0.5199268,-0.08938649,0.84952116,0.85418713,-0.04700315,0.5178368,-0.0063574016,0.99488735,0.10079098
1356079098720,-0.5498564,-0.07504678,0.8318809,0.8351659,-0.06427914,0.546229,0.012479901,0.9951061,0.09802085
1356079098760,-0.5809851,-0.067673296,0.8110959,0.8134272,-0.0827409,0.57575166,0.028147817,0.9942707,0.1031186
1356079098801,-0.6105262,-0.065339684,0.7892962,0.7909555,-0.1013726,0.6034178,0.040585876,0.9927005,0.113571405
1356079098840,-0.6361854,-0.0664514,0.7686691,0.7700733,-0.11600977,0.6273187,0.04748693,0.99102265,0.12497622
1356079098880,-0.65675384,-0.07107392,0.7507482,0.7527381,-0.121701896,0.64697295,0.045384586,0.9900188,0.13342822
1356079098920,-0.67134625,-0.07962531,0.73685414,0.74039584,-0.116710484,0.6619612,0.03328973,0.9899689,0.1373074
1356079098960,-0.678458,-0.09117684,0.7289592,0.734499,-0.10357338,0.6706592,0.014352232,0.99043393,0.13723952
1356079099000,-0.67620534,-0.1035772,0.72939575,0.7366845,-0.08631647,0.6707052,-0.0065109134,0.9908689,0.13467127
1356079099040,-0.66279095,-0.11509088,0.7399069,0.7483536,-0.06752294,0.6598542,-0.0259825,0.9910574,0.13088226
1356079099081,-0.63686514,-0.12540624,0.76070774,0.76973057,-0.047378957,0.63660836,-0.043793112,0.9909736,0.12670296
1356079099120,-0.5976174,-0.13511017,0.7903157,0.7994255,-0.024899244,0.6002492,-0.061421573,0.99051774,0.12289059
1356079099160,-0.5453667,-0.14583483,0.82541347,0.83436203,-3.5369396E-4,0.5512167,-0.080094695,0.98930883,0.12187189
1356079099200,-0.48489124,-0.1628133,0.85928583,0.8688568,0.022485614,0.49455258,-0.09984127,0.9864006,0.13055843
1356079099240,-0.4288289,-0.1963915,0.88178015,0.8954536,0.03665763,0.44364303,-0.11945167,0.9798401,0.16013956
1356079099280,-0.393542,-0.25517398,0.88318235,0.9090051,0.035406947,0.41527846,-0.13723904,0.9662467,0.21802026
1356079099320,-0.38578504,-0.33304387,0.86037886,0.90991586,0.016688943,0.41445708,-0.15239123,0.9427637,0.2966035
1356079099360,-0.394893,-0.40745467,0.82343197,0.9037135,-0.010902286,0.42799884,-0.16541281,0.9131604,0.37252754
1356079099400,-0.4042375,-0.45838118,0.79150414,0.89737153,-0.03132999,0.4401622,-0.17696425,0.8882034,0.42400298
1356079099441,-0.4033444,-0.4799413,0.77908254,0.8960747,-0.034685016,0.44254613,-0.1853737,0.8766147,0.44405326
1356079099480,-0.38454384,-0.47222084,0.7931794,0.9037884,-0.017731488,0.42761207,-0.18786308,0.8813019,0.4336063
1356079099520,-0.34676433,-0.43902713,0.8288605,0.91989404,0.013384104,0.3919386,-0.18316528,0.8983742,0.39921725
1356079099560,-0.29344118,-0.38632673,0.87443924,0.9402303,0.048707247,0.33703798,-0.1727983,0.92107505,0.34894335
1356079099600,-0.23238808,-0.32231677,0.9176643,0.95959044,0.077956736,0.27038667,-0.1586883,0.9434165,0.29117584
1356079099640,-0.17338872,-0.25625858,0.95093006,0.97471297,0.09355074,0.20293546,-0.14096421,0.9620706,0.23355788
1356079099680,-0.12564999,-0.19668779,0.9723816,0.9849416,0.0925923,0.14600202,-0.11875188,0.97608423,0.18209183
1356079099720,-0.095146894,-0.14907736,0.9842373,0.9911997,0.07722354,0.10751653,-0.09203458,0.9858055,0.14041781
1356079099760,-0.08361137,-0.114950955,0.9898461,0.9945558,0.0523687,0.09009081,-0.062192917,0.9919898,0.10994655
1356079099801,-0.089695156,-0.09293303,0.99162406,0.9954648,0.023320794,0.092228144,-0.0316965,0.99539924,0.09041971
1356079099840,-0.11027384,-0.08039892,0.9906441,0.9938959,-0.0056321025,0.11017871,-0.0032788515,0.9967469,0.08052915
1356079099880,-0.14221108,-0.07523215,0.9869733,0.9896158,-0.031855404,0.14016366,0.02089563,0.99665713,0.0789811
1356079099920,-0.18271047,-0.07614702,0.9802135,0.98234445,-0.05490774,0.17884222,0.040203005,0.99558365,0.084834814
1356079099961,-0.22787201,-0.081676364,0.97025955,0.9721209,-0.075653136,0.2219407,0.055275828,0.99378353,0.0966385
1356079100000,-0.27207714,-0.08937535,0.95811594,0.9600465,-0.092940986,0.26395565,0.065457106,0.9916522,0.111091614
1356079100040,-0.3099293,-0.097357094,0.9457618,0.94833475,-0.10265404,0.30020523,0.06785917,0.98994124,0.12414265
1356079100080,-0.33788115,-0.10538596,0.9352702,0.9392665,-0.101234734,0.32791772,0.06012383,0.9892651,0.13319075
1356079100120,-0.35300523,-0.11387321,0.9286659,0.9346123,-0.08900303,0.34435207,0.043441623,0.9895006,0.13784587
1356079100160,-0.35135806,-0.12242761,0.92820203,0.9359814,-0.06928897,0.34516376,0.02205661,0.99005586,0.13893521
1356079100219,-0.32776278,-0.12982032,0.9357981,0.94475985,-0.04553008,0.32458547,4.6920776E-4,0.9904916,0.13757211
1356079100241,-0.2770307,-0.13482466,0.951355,0.96067,-0.019121468,0.2770334,-0.019159585,0.9906849,0.13481933
1356079100281,-0.19558161,-0.13658461,0.9711295,0.97997046,0.010637045,0.19885823,-0.037490904,0.99057126,0.13176852
1356079100318,-0.08398056,-0.13456133,0.9873401,0.99487674,0.044641137,0.0907056,-0.056281447,0.98989916,0.13012299
1356079100360,0.045970798,-0.12998304,0.99044997,0.99596405,0.082475185,-0.035402983,-0.07708579,0.98808,0.13324988
1356079100400,0.17480084,-0.12828055,0.9762114,0.97950006,0.12347695,-0.15916401,-0.100121975,0.9840211,0.14723468
1356079100441,0.2811206,-0.13719854,0.94981456,0.95173025,0.16692585,-0.25757554,-0.123209596,0.9763771,0.1775023
1356079100480,0.3449954,-0.16886213,0.92328966,0.92766833,0.21106818,-0.30802885,-0.14286268,0.9627751,0.22946557
1356079100521,0.36556202,-0.22729024,0.90260935,0.91777205,0.24961722,-0.3088457,-0.1551092,0.94129187,0.2998512
1356079100560,0.3515937,-0.30417162,0.88535947,0.92257506,0.27307114,-0.27255714,-0.15886194,0.91264,0.37663126
1356079100601,0.32253894,-0.37787881,0.8678573,0.93339777,0.27931854,-0.22527733,-0.1572811,0.8827168,0.4428023
1356079100640,0.3017416,-0.42607096,0.85288656,0.9405823,0.27917725,-0.1933006,-0.15574679,0.8605368,0.4849941
1356079100680,0.30394378,-0.43866086,0.8456918,0.93959403,0.28470507,-0.19001573,-0.15742025,0.85236114,0.49869752
1356079100720,0.33154386,-0.4166192,0.8464674,0.92969453,0.29687136,-0.21802634,-0.16045794,0.8592414,0.4857545
1356079100760,0.37819386,-0.36689067,0.849918,0.91168725,0.30690432,-0.27319598,-0.16061044,0.8781805,0.4505589
1356079100801,0.4323012,-0.30128568,0.84990734,0.88817567,0.30507186,-0.34362042,-0.15575486,0.9034146,0.3994776
1356079100840,0.48230293,-0.23380017,0.84422827,0.8636315,0.28830954,-0.41354358,-0.14671254,0.92855537,0.34096974
1356079100880,0.52218854,-0.17435056,0.8348179,0.8422267,0.25930694,-0.47266692,-0.13406432,0.94992715,0.2822498
1356079100920,0.548624,-0.12957627,0.8259671,0.8277898,0.22287239,-0.5148709,-0.11737022,0.9661976,0.22953507
1356079100960,0.5608592,-0.10157451,0.8216566,0.8222958,0.18373805,-0.53858155,-0.09626344,0.97771317,0.18657547
1356079101000,0.55960757,-0.088456124,0.8240236,0.825675,0.14518635,-0.5451438,-0.07141566,0.9854422,0.1542834
1356079101041,0.5457814,-0.08639005,0.83346236,0.8367461,0.10899234,-0.5366345,-0.04448113,0.9902815,0.13177253
1356079101080,0.519952,-0.09129152,0.8493031,0.8540119,0.07617116,-0.514647,-0.017709464,0.9929067,0.11756937
1356079101120,0.4826041,-0.09941548,0.87017804,0.87581664,0.047744036,-0.4802767,0.006201148,0.99389994,0.11011121
1356079101160,0.43381697,-0.10831386,0.8944668,0.9006488,0.024374723,-0.43386358,0.025191069,0.99381787,0.10812694
1356079101200,0.3724468,-0.11762166,0.92056966,0.9272108,0.0048984587,-0.37450778,0.039540917,0.9930464,0.11088455
1356079101240,0.29819852,-0.1274808,0.94595265,0.9531334,-0.01331985,-0.3022572,0.051131874,0.9917517,0.11753419
1356079101280,0.21635553,-0.1361714,0.96677184,0.97446567,-0.030795485,-0.22241497,0.060058713,0.9902066,0.12603149
1356079101320,0.13795394,-0.14113638,0.9803312,0.9883994,-0.04386449,-0.1454044,0.06352356,0.9890179,0.13344783
1356079101360,0.0740515,-0.14193568,0.98710215,0.9955162,-0.04789424,-0.08156946,0.058854103,0.9887166,0.13775265
1356079101399,0.03277397,-0.14013302,0.98959017,0.9983921,-0.041228056,-0.038903713,0.04625058,0.989274,0.13855648
1356079101441,0.021014035,-0.1374763,0.9902821,0.9993404,-0.026452184,-0.024878502,0.029615343,0.99015176,0.1368298
1356079101480,0.043709278,-0.13416111,0.9899952,0.998968,-0.0063819885,-0.044970393,0.012351334,0.990939,0.13374364
1356079101520,0.104935765,-0.1294249,0.98602116,0.994472,0.017363667,-0.10355604,-0.0037181675,0.9914372,0.13053155
1356079101560,0.20104903,-0.121756285,0.97198486,0.97939634,0.044255912,-0.1970382,-0.019025385,0.99157286,0.12814534
1356079101600,0.3183629,-0.10993931,0.9415723,0.94731987,0.07364386,-0.3117075,-0.035072118,0.9912063,0.12759316
1356079101640,0.43790796,-0.09483552,0.89400387,0.897484,0.10421702,-0.42855737,-0.052528024,0.9900228,0.1307508
1356079101680,0.53760916,-0.08168602,0.8392281,0.84018254,0.13594149,-0.5249888,-0.07120168,0.98734355,0.14171454
1356079101720,0.6060521,-0.07914758,0.7914773,0.7902816,0.1728865,-0.5878478,-0.090308934,0.98175645,0.16732714
1356079101760,0.64252025,-0.09568712,0.76027083,0.75852513,0.22011964,-0.61334085,-0.10866174,0.97076845,0.2140124
1356079101800,0.65194213,-0.13488263,0.74617565,0.7478679,0.27680612,-0.6033838,-0.12515998,0.9514121,0.28133595
1356079101840,0.6412183,-0.19155121,0.7430661,0.7545851,0.33334672,-0.56522673,-0.1394288,0.92314035,0.35828972
1356079101880,0.6189079,-0.2518226,0.74400157,0.7706622,0.3777035,-0.5132444,-0.1517654,0.89102495,0.42783386
1356079101920,0.5952651,-0.2987239,0.74593806,0.7868067,0.4050997,-0.46564937,-0.16307864,0.8640939,0.4761797
1356079101960,0.5784687,-0.3211637,0.74981844,0.79693,0.41859993,-0.43551865,-0.17400119,0.8494868,0.498092
1356079102000,0.57115316,-0.31787878,0.756794,0.80025345,0.4208418,-0.42718446,-0.18269771,0.84961474,0.4947487
1356079102040,0.5713258,-0.29439473,0.7661061,0.7995541,0.41029042,-0.4386058,-0.18520278,0.8631301,0.46979398
1356079102080,0.5754532,-0.25876737,0.77581763,0.7979858,0.3853848,-0.4633543,-0.17908734,0.8857302,0.4282636
1356079102120,0.58089787,-0.21822205,0.7841791,0.79703,0.34805292,-0.49356097,-0.16522995,0.9117227,0.3761127
1356079102160,0.5860796,-0.17837304,0.7903757,0.7969911,0.30267966,-0.5226759,-0.14599937,0.9362521,0.31955612
1356079102200,0.58982,-0.14372045,0.79464257,0.7980711,0.25395232,-0.5464346,-0.1232675,0.95647925,0.2644853
1356079102240,0.59119993,-0.117364675,0.79793996,0.80051446,0.20595092,-0.5628152,-0.09828186,0.9714987,0.21571027
1356079102280,0.5897376,-0.10022622,0.8013515,0.8043514,0.16173732,-0.57171655,-0.07230741,0.98173094,0.1759997
1356079102321,0.58522904,-0.09134987,0.805706,0.8095249,0.12298685,-0.5740589,-0.046651036,0.98819506,0.14592548
1356079102360,0.5774994,-0.088796735,0.81154764,0.8160758,0.090415284,-0.5708287,-0.022688597,0.99193764,0.124679625
1356079102404,0.5663751,-0.09048635,0.81916517,0.82414585,0.064261004,-0.5627203,-0.0017219186,0.99382234,0.11096975
