1356079489860,-0.019749165,0.05157587,-0.99847376,-0.79695594,-0.60384035,-0.015427887,-0.60371447,0.79543495,0.05302903
1356079489901,-0.054087818,-0.107198924,0.99276525,0.795362,0.5964823,0.10774109,-0.60371655,0.7954353,0.052999556
1356079489941,-0.054094255,-0.106909275,0.9927962,0.79535085,0.5965275,0.10757318,-0.6037308,0.7954403,0.052761674
1356079489980,-0.054018945,-0.10588908,0.99290967,0.7953196,0.5966896,0.106903225,-0.6037787,0.7954552,0.051983118
1356079490022,-0.053661466,-0.10338235,0.9931931,0.7952482,0.59710145,0.10511947,-0.60390455,0.7954759,0.050173283
1356079490061,-0.05264944,-0.09887022,0.9937066,0.7951207,0.59787756,0.101614416,-0.6041615,0.7954666,0.04713583
1356079490100,-0.050642416,-0.09285179,0.9943912,0.7949525,0.5989614,0.09641373,-0.6045542,0.7953765,0.04347992
1356079490140,-0.04782276,-0.08604261,0.99514306,0.7947006,0.6002786,0.090091854,-0.6051148,0.7951492,0.039671123
1356079490180,-0.044273198,-0.07905239,0.9958868,0.7943579,0.60174185,0.083079636,-0.60583436,0.7947688,0.036154866
1356079490220,-0.040405467,-0.07242447,0.99655515,0.79391444,0.6032572,0.07603094,-0.6066856,0.79425156,0.03312391
1356079490259,-0.03667593,-0.06662133,0.99710405,0.7934054,0.60470283,0.069586515,-0.6075876,0.7936599,0.030679703
1356079490301,-0.03355512,-0.06212285,0.99750423,0.7928524,0.6060002,0.06441152,-0.6084893,0.793035,0.028919816
1356079490341,-0.031309754,-0.05932364,0.99774766,0.79229283,0.6070883,0.060958475,-0.6093372,0.79241693,0.027993917
1356079490379,-0.030076101,-0.058145195,0.99785507,0.79177713,0.60792583,0.05928865,-0.6100693,0.791862,0.02775395
1356079490420,-0.029708669,-0.05798638,0.9978752,0.7913077,0.6085723,0.058922797,-0.61069596,0.7913768,0.02780521
1356079490462,-0.030074328,-0.05810368,0.9978574,0.7908391,0.6091441,0.059304565,-0.6112847,0.79092824,0.027631104
1356079490500,-0.030878946,-0.057966173,0.9978409,0.79028744,0.6098033,0.059880495,-0.6119578,0.7904302,0.026979864
1356079490540,-0.03184478,-0.05741632,0.9978423,0.78959477,0.61065507,0.060336232,-0.6128017,0.78981245,0.025889456
1356079490580,-0.032734916,-0.05648762,0.99786645,0.7887515,0.61172736,0.06050384,-0.6138399,0.78904927,0.024529874
1356079490620,-0.033393547,-0.055581838,0.9978955,0.787832,0.6129112,0.06050262,-0.61498415,0.7881944,0.023321927
1356079490660,-0.03370464,-0.055306047,0.9979005,0.78698146,0.6139924,0.06060964,-0.61605537,0.78737193,0.022830427
1356079490701,-0.03360963,-0.055986166,0.9978656,0.7863669,0.614743,0.060976803,-0.6168447,0.7867379,0.023364425
1356079490740,-0.033167556,-0.0572986,0.99780595,0.7860926,0.61504674,0.061448902,-0.61721826,0.78640604,0.024642408
1356079490801,-0.03261888,-0.058563948,0.99775064,0.78612757,0.6149672,0.061796457,-0.617203,0.7863749,0.025979161
1356079490813,-0.032440215,-0.05954066,0.99769866,0.7862654,0.614745,0.062252194,-0.6170368,0.7864754,0.026872277
1356079490852,-0.032974243,-0.060130477,0.9976458,0.78645617,0.61442196,0.06302664,-0.6167653,0.78668284,0.027029872
1356079490882,-0.0353152,-0.061574936,0.9974775,0.78654885,0.6140176,0.065751076,-0.61651736,0.7868868,0.026747525
1356079490922,-0.039133742,-0.06329861,0.9972271,0.78650653,0.6136232,0.069814056,-0.61634076,0.78705776,0.02577138
1356079490961,-0.046737134,-0.06730056,0.9966374,0.7861495,0.6130608,0.07826492,-0.61626655,0.787164,0.024255633
1356079491001,-0.058019593,-0.07367313,0.9955933,0.7854053,0.61224484,0.091076195,-0.6162567,0.7872284,0.022341073
1356079491031,-0.072474495,-0.08255002,0.9939482,0.78421664,0.6110283,0.10792926,-0.61624,0.78729284,0.020453095
1356079491060,-0.07265121,-0.08033767,0.99411654,0.7842419,0.61121047,0.106707126,-0.6161871,0.7873802,0.018598974
1356079491102,-0.09577307,-0.095706135,0.9907915,0.7818457,0.60881686,0.13438472,-0.616072,0.7875166,0.016519189
1356079491142,-0.11650285,-0.10898352,0.98719287,0.77912515,0.6063968,0.15889257,-0.61594725,0.7876582,0.014264822
1356079491181,-0.13458583,-0.12000877,0.9836079,0.7763113,0.60412407,0.17993015,-0.61581445,0.787802,0.011857629
1356079491220,-0.14976284,-0.1285044,0.98033553,0.7737286,0.6020694,0.1971206,-0.6155608,0.788035,0.00925988
1356079491260,-0.161978,-0.13408816,0.9776419,0.77173734,0.6002036,0.21018392,-0.6149673,0.78852785,0.0062610507
1356079491300,-0.17145535,-0.13644359,0.9756979,0.7706474,0.5984107,0.21910563,-0.6137637,0.7894858,0.0025491118
1356079491340,-0.17862469,-0.1355772,0.97453177,0.7706411,0.59651375,0.22424021,-0.6117234,0.79106903,-0.002070725
1356079491381,-0.18401071,-0.13197604,0.9740238,0.7717447,0.5942968,0.22632122,-0.6087283,0.7933433,-0.0075051785
1356079491420,-0.18810573,-0.12639707,0.97398156,0.77396375,0.59143925,0.22622937,-0.60464567,0.7963814,-0.0134263635
1356079491460,-0.19127882,-0.11953032,0.97423047,0.77743965,0.5874439,0.22471589,-0.5991661,0.80038875,-0.019437969
1356079491499,-0.1937513,-0.11189476,0.97464865,0.78237617,0.58177435,0.22232002,-0.59190196,0.8056167,-0.02517575
1356079491540,-0.19561815,-0.10398787,0.97515136,0.78878534,0.5741562,0.21945933,-0.5827103,0.8121153,-0.03029126
1356079491580,-0.19690493,-0.09631267,0.9756805,0.79634297,0.5647843,0.21646401,-0.57189727,0.81959903,-0.03451091
1356079491620,-0.19761288,-0.089220196,0.97621155,0.80446064,0.55430865,0.21350631,-0.5601716,0.82751536,-0.03776443
1356079491660,-0.19770423,-0.08290467,0.97674966,0.8124461,0.54367423,0.21059352,-0.5484928,0.83519167,-0.04013115
1356079491699,-0.19707474,-0.07750037,0.97732043,0.81969,0.53385496,0.20762295,-0.5378382,0.842017,-0.04168302
1356079491740,-0.19560206,-0.072981805,0.977964,0.82587326,0.5255041,0.20439884,-0.52884156,0.84765506,-0.042515993
1356079491801,-0.19321325,-0.06906754,0.9787228,0.8309147,0.51895845,0.20065632,-0.52177525,0.85200465,-0.042880416
1356079491821,-0.19004846,-0.06553954,0.9795847,0.83485836,0.51424503,0.196376,-0.51661694,0.85513544,-0.04301524
1356079491862,-0.1863628,-0.062424093,0.98049587,0.83779,0.511201,0.19178477,-0.5132025,0.8571912,-0.042970598
1356079491902,-0.18263322,-0.06008774,0.98134327,0.8397797,0.50952834,0.18748593,-0.5112878,0.85835326,-0.04259634
1356079491942,-0.17943469,-0.05903673,0.98199695,0.840931,0.5088103,0.18424764,-0.51052755,0.858852,-0.04165238
1356079491982,-0.17734203,-0.059844047,0.9823281,0.84141314,0.5085062,0.18288076,-0.51046425,0.85897624,-0.039825976
1356079492011,-0.17679977,-0.06229323,0.9822736,0.8415218,0.5080366,0.18368414,-0.51047325,0.85907996,-0.03739965
1356079492052,-0.17664269,-0.0671365,0.9819827,0.8419949,0.5063776,0.18608132,-0.5097469,0.85969436,-0.032919347
1356079492081,-0.1804901,-0.07517624,0.98069966,0.8422213,0.50318146,0.19357598,-0.5080222,0.8609047,-0.027504265
1356079492122,-0.18407366,-0.0854359,0.9791924,0.8439448,0.49694076,0.20200789,-0.5038593,0.86356854,-0.019370556
1356079492162,-0.1880573,-0.09775895,0.9772808,0.84607756,0.4892,0.21174541,-0.4987858,0.8666756,-0.009286046
1356079492192,-0.1918881,-0.10995147,0.9752383,0.84737635,0.4827457,0.22115618,-0.4951086,0.868831,5.3709745E-4
1356079492232,-0.19459435,-0.12396589,0.97301877,0.846642,0.47968486,0.23043376,-0.4953083,0.86863965,0.011610746
1356079492272,-0.19549182,-0.13902834,0.97080064,0.84337413,0.48136273,0.23876765,-0.5005027,0.86542535,0.023150504
1356079492312,-0.19377458,-0.15427226,0.9688403,0.83773106,0.4879157,0.24524456,-0.51054686,0.85914975,0.034692943
1356079492342,-0.18881243,-0.1668626,0.9677328,0.83195317,0.49638146,0.24790996,-0.5217315,0.85191685,0.0450989
1356079492382,-0.181649,-0.17970642,0.9668036,0.82449245,0.50798154,0.24933273,-0.5359251,0.84241337,0.05589229
1356079492412,-0.16938889,-0.18872803,0.9673103,0.818024,0.52049094,0.2447978,-0.5496764,0.832749,0.066218674
1356079492452,-0.15483525,-0.19865713,0.96776104,0.8107743,0.534178,0.2393718,-0.5645095,0.821699,0.078356504
1356079492482,-0.13425317,-0.20408687,0.9697034,0.80504715,0.54813516,0.22681913,-0.5778193,0.8111081,0.09071064
1356079492522,-0.11190885,-0.21148053,0.97095436,0.79975283,0.56077075,0.21431652,-0.5898066,0.8005074,0.106376946
1356079492552,-0.0835433,-0.21428531,0.97319186,0.7963739,0.5726888,0.1944637,-0.5990069,0.79127073,0.12280691
1356079492591,-0.05447486,-0.22096339,0.9737596,0.7951275,0.58029294,0.17616045,-0.60399085,0.78385925,0.14408267
1356079492627,-0.020366073,-0.2275458,0.9735544,0.79641575,0.58497447,0.15338472,-0.6044065,0.7784779,0.16930741
1356079492658,0.015475094,-0.23314673,0.9723185,0.79857355,0.5880644,0.12829876,-0.60169834,0.77448237,0.1952852
1356079492701,0.048513204,-0.24693918,0.9678159,0.8037425,0.58491635,0.10895318,-0.5929961,0.7725891,0.2268517
1356079492740,0.0806368,-0.26724547,0.96024865,0.8122763,0.5759582,0.092083275,-0.57767195,0.77256197,0.2635206
1356079492802,0.10882062,-0.29635385,0.94885856,0.82531166,0.558991,0.079936266,-0.5540928,0.77440524,0.30541396
1356079492822,0.13076869,-0.33298337,0.93382096,0.8425678,0.5337125,0.07232216,-0.52247405,0.77734995,0.35035396
1356079492862,0.14491722,-0.3735392,0.91622454,0.86216486,0.5020033,0.06829697,-0.4854594,0.7800392,0.3948013
1356079492902,0.1511721,-0.41085365,0.8990809,0.8800634,0.47012585,0.066859275,-0.4501506,0.7811408,0.4326471
1356079492942,0.15079555,-0.43696326,0.88674897,0.8924288,0.44603005,0.06802881,-0.42524272,0.78110194,0.45721802
1356079492982,0.1453856,-0.44683245,0.8827251,0.89770544,0.43464628,0.07216361,-0.41591823,0.7819356,0.46431527
1356079493022,0.13670495,-0.438237,0.8884031,0.8961168,0.43697098,0.077659845,-0.42223984,0.7854965,0.45244765
1356079493062,0.12548539,-0.41143918,0.90275764,0.88916075,0.45025823,0.08161342,-0.44005302,0.7924553,0.42233637
1356079493102,0.11227551,-0.36731982,0.9232932,0.878777,0.4704297,0.08029196,-0.46383733,0.8023541,0.37561002
1356079493142,0.09719795,-0.30870533,0.94617844,0.8671409,0.492871,0.07172811,-0.48848677,0.81349814,0.31559706
1356079493182,0.080136895,-0.2414628,0.96709555,0.85636234,0.5132004,0.05717385,-0.51011914,0.8236025,0.24790597
1356079493210,0.06082961,-0.18004483,0.98177576,0.84832853,0.52762234,0.04419765,-0.5259644,0.8301798,0.18483222
1356079493250,0.042403013,-0.12109575,0.99173474,0.84341466,0.53645587,0.029442519,-0.5355873,0.8351952,0.12488127
1356079493290,0.022490442,-0.072968006,0.9970807,0.8420355,0.5390343,0.020454228,-0.5389532,0.8391172,0.07356477
1356079493330,0.0025174022,-0.039082438,0.99923277,0.84360063,0.5366396,0.018863976,-0.53696513,0.842906,0.03432089
1356079493370,-0.016225353,-0.019849867,0.99967134,0.84729147,0.5305727,0.024287373,-0.53088045,0.847407,0.008209884
1356079493410,-0.032839656,-0.013230175,0.9993731,0.8524319,0.5216712,0.034917235,-0.5218061,0.8530441,-0.005853653
1356079493450,-0.04689151,-0.015290588,0.9987829,0.85847676,0.5105899,0.048121095,-0.5107043,0.8596884,-0.01081574
1356079493490,-0.058296114,-0.021649688,0.99806464,0.8649663,0.4980689,0.061325878,-0.49843264,0.8668672,-0.010309219
1356079493530,-0.067222655,-0.029132247,0.99731255,0.8714555,0.48502564,0.07290733,-0.48584613,0.87401456,-0.0072172284
1356079493570,-0.07394308,-0.03714201,0.9965706,0.8780365,0.47139138,0.08271682,-0.4728471,0.88114166,-0.0022441149
1356079493610,-0.07876021,-0.046506077,0.9958082,0.88526213,0.45604002,0.09131488,-0.45837504,0.8887433,0.0052523017
1356079493650,-0.08190507,-0.057759583,0.9949651,0.8933636,0.4382962,0.098985136,-0.4418068,0.8969729,0.015701592
1356079493690,-0.083464324,-0.07015616,0.9940382,0.90106004,0.42070454,0.10534942,-0.42558733,0.90448093,0.028101087
1356079493730,-0.08335015,-0.08268505,0.9930841,0.90585226,0.40903893,0.110085666,-0.4153125,0.9087631,0.04080701
1356079493801,-0.081127256,-0.09421262,0.9922411,0.9055772,0.40889052,0.11286536,-0.41635126,0.90770733,0.052144647
1356079493806,-0.07624662,-0.103259504,0.9917277,0.9019701,0.41681933,0.112745434,-0.4250133,0.90310526,0.06135595
1356079493837,-0.0695456,-0.11178216,0.9912962,0.8926083,0.43673286,0.11186963,-0.4454366,0.8926193,0.0694049
1356079493881,-0.05764693,-0.11758435,0.9913884,0.880039,0.46290338,0.1060752,-0.47138983,0.8785752,0.07679385
1356079493920,-0.039512694,-0.11913112,0.99209195,0.8668338,0.4897828,0.09333742,-0.497029,0.86366695,0.08391422
1356079493960,-0.014806926,-0.11614278,0.9931221,0.8540529,0.51504326,0.07296634,-0.5199754,0.84925926,0.09156591
1356079494000,0.016602963,-0.10962787,0.99383396,0.8416822,0.5380703,0.045292377,-0.53971785,0.8357404,0.10120541
1356079494040,0.05383402,-0.10227695,0.9932982,0.82950425,0.55835974,0.0125358105,-0.55589986,0.8232702,0.11489791
1356079494080,0.094871804,-0.09841433,0.9906129,0.8179084,0.5749573,-0.021211505,-0.56747264,0.812243,0.13504112
1356079494120,0.13678937,-0.103694946,0.9851579,0.8084513,0.5863899,-0.050531894,-0.57244676,0.8033644,0.1640442
1356079494160,0.17613569,-0.123936534,0.9765326,0.8041588,0.5902628,-0.07013175,-0.56771886,0.79763997,0.20363098
1356079494200,0.20934898,-0.16236386,0.9642671,0.80850756,0.5833866,-0.07730153,-0.5499895,0.7958002,0.25340378
1356079494240,0.23326308,-0.21778932,0.94771105,0.8231305,0.56311554,-0.0731926,-0.5177303,0.79716295,0.31062305
1356079494280,0.24631575,-0.28046113,0.92772305,0.8441964,0.53229284,-0.06322086,-0.47608933,0.7987527,0.36787635
1356079494320,0.24939647,-0.33670154,0.9079831,0.86494076,0.49912181,-0.05248785,-0.43552142,0.7984419,0.41570616
1356079494360,0.24565595,-0.3740393,0.8942862,0.8796284,0.47366685,-0.04351628,-0.40731698,0.79732955,0.4453746
1356079494400,0.23833734,-0.38702428,0.8907344,0.8862504,0.4617663,-0.036500067,-0.3971848,0.79811287,0.45305645
1356079494440,0.22956225,-0.37544036,0.89796746,0.8852911,0.4639099,-0.032360792,-0.40442643,0.80239147,0.43887028
1356079494480,0.21949351,-0.34274307,0.9134275,0.8788868,0.47591394,-0.03261751,-0.42353344,0.8099587,0.40569237
1356079494520,0.20823836,-0.29249555,0.9333184,0.8693157,0.4926716,-0.0395585,-0.44824877,0.8195859,0.35686412
1356079494560,0.19579917,-0.22829014,0.9537014,0.85863906,0.5096993,-0.05427435,-0.47371063,0.8295121,0.2958175
1356079494600,0.18111712,-0.15860122,0.97058856,0.84933406,0.5227744,-0.07306522,-0.49581063,0.83758736,0.22938883
1356079494640,0.16424595,-0.091619134,0.9821554,0.8431296,0.5298561,-0.09156966,-0.51201147,0.8431242,0.1642735
1356079494680,0.14544101,-0.0343453,0.9887706,0.84107757,0.5305688,-0.105286986,-0.5209948,0.84694576,0.10605347
1356079494720,0.12555155,0.009574443,0.9920409,0.84319603,0.52585506,-0.11178914,-0.5227401,0.85052025,0.05794877
1356079494760,0.105615154,0.039607108,0.993618,0.84860283,0.51729286,-0.11082104,-0.51838076,0.8548914,0.021023273
1356079494801,0.086752325,0.057451755,0.994572,0.8560127,0.50640213,-0.10391888,-0.5096237,0.8603815,-0.005247891
1356079494838,0.069967136,0.06659481,0.9953239,0.86375487,0.49509674,-0.093844116,-0.4990311,0.86628187,-0.02288109
1356079494881,0.056011572,0.07002753,0.9959713,0.87111974,0.484002,-0.08302069,-0.48786584,0.8722604,-0.03389263
1356079494920,0.04491134,0.070120156,0.99652696,0.8776643,0.47370124,-0.0728862,-0.47716686,0.87788963,-0.040267408
1356079494960,0.03605251,0.06720975,0.9970873,0.8833108,0.46450144,-0.06324884,-0.46739942,0.88301826,-0.04262066
1356079495000,0.028374806,0.059996158,0.9977952,0.8882866,0.45625675,-0.052694798,-0.4584123,0.8878233,-0.040347576
1356079495040,0.020970926,0.04718268,0.99866617,0.89276934,0.4487394,-0.039948225,-0.4500257,0.89241624,-0.032712817
1356079495080,0.013661593,0.028973281,0.9994868,0.8962003,0.44293967,-0.0250898,-0.44343925,0.8960832,-0.019914567
1356079495120,0.007218063,0.007539779,0.9999455,0.89734507,0.44122064,-0.009804338,-0.44127047,0.897367,-0.0035809875
1356079495160,0.0031212866,-0.014016181,0.99989694,0.8952434,0.445564,0.0034511387,-0.44556648,0.8951404,0.013938606
1356079495200,0.0031553507,-0.033150434,0.9994453,0.88983977,0.45610672,0.012319267,-0.4562621,0.8893074,0.030937731
1356079495240,0.009201229,-0.04814911,0.9987978,0.88193786,0.4711399,0.014587581,-0.47127584,0.8807434,0.0467996
1356079495280,0.022992313,-0.057774484,0.9980649,0.87264156,0.48829305,0.008162618,-0.4878197,0.8707652,0.06164342
1356079495320,0.04593423,-0.06101474,0.9970794,0.8627435,0.5055653,-0.008808285,-0.50355124,0.86062825,0.075862825
1356079495360,0.07856071,-0.057626158,0.99524236,0.8522692,0.5217889,-0.037062496,-0.51717067,0.8511261,0.09010512
1356079495400,0.12020849,-0.048592955,0.99155873,0.8406553,0.5362631,-0.075633764,-0.5280611,0.84265095,0.1053133
1356079495440,0.16837731,-0.037260175,0.9850182,0.8274753,0.5483751,-0.120703936,-0.535662,0.835402,0.123165786
1356079495480,0.22029966,-0.027838409,0.9750349,0.8129368,0.55766714,-0.1677531,-0.53907496,0.8295977,0.14548475
1356079495520,0.27127826,-0.026881516,0.96212554,0.7990416,0.5635792,-0.20954937,-0.53660095,0.8256245,0.17436624
1356079495561,0.31685334,-0.04216045,0.94753706,0.7900524,0.5645007,-0.23907372,-0.5248059,0.82435524,0.21217293
1356079495608,0.35226786,-0.09020573,0.93154186,0.79539335,0.55339324,-0.2471947,-0.4932106,0.828021,0.26669168
1356079495638,0.37698194,-0.14366469,0.915011,0.8058989,0.5377978,-0.24758917,-0.4565211,0.830743,0.3185193
1356079495681,0.38884065,-0.20552611,0.898088,0.8244388,0.5127224,-0.23961744,-0.4112221,0.8335916,0.368811
1356079495720,0.38711342,-0.25885385,0.88495076,0.8442399,0.48536465,-0.2273325,-0.37067786,0.83511424,0.40642595
1356079495760,0.37703896,-0.28847268,0.8801279,0.85849583,0.46548003,-0.21520522,-0.3476011,0.8367269,0.4231567
1356079495801,0.36286253,-0.2881709,0.886165,0.86435044,0.45941788,-0.20453253,-0.34817973,0.8401743,0.41578618
1356079495839,0.34285587,-0.26980963,0.8998071,0.8657557,0.46250463,-0.1911979,-0.36457792,0.84456635,0.39216164
1356079495880,0.32209644,-0.23168516,0.9179193,0.8611717,0.47444907,-0.18243167,-0.39323923,0.84924674,0.3523391
1356079495921,0.29845735,-0.18062088,0.9371762,0.85342455,0.4901251,-0.17732415,-0.4273051,0.8527329,0.30042773
1356079495961,0.27193582,-0.12398797,0.9542945,0.8447775,0.5056845,-0.17502609,-0.4608708,0.8537624,0.2422559
1356079496000,0.24328049,-0.0687044,0.96751964,0.8372406,0.518513,-0.17370209,-0.4897374,0.85230505,0.18366623
1356079496041,0.21334083,-0.020620972,0.97676015,0.83264613,0.5268278,-0.17074168,-0.5110636,0.8497218,0.12956387
1356079496080,0.18316777,0.016558766,0.9829421,0.83196545,0.53004676,-0.16396296,-0.52372026,0.8478067,0.0833112
1356079496120,0.15398774,0.041769505,0.9871896,0.83497673,0.52869904,-0.1526148,-0.5283008,0.84778106,0.046536565
1356079496160,0.12688424,0.05603808,0.9903333,0.8407052,0.52378356,-0.13735178,-0.52641726,0.8500062,0.019348383
1356079496200,0.10273616,0.06171018,0.99279255,0.8480954,0.51611215,-0.119843155,-0.51978785,0.854295,6.8724155E-4
1356079496240,0.0820068,0.061488062,0.9947332,0.8562496,0.5064134,-0.101893336,-0.51001143,0.86009574,-0.011119783
1356079496280,0.06471589,0.05750346,0.99624556,0.8644184,0.49557754,-0.08475724,-0.49859077,0.8666581,-0.017635286
1356079496320,0.05045639,0.05080065,0.9974335,0.8720323,0.4845897,-0.068793684,-0.48684078,0.87326527,-0.019849181
1356079496360,0.03860098,0.041251063,0.9984029,0.8789107,0.47396928,-0.0535641,-0.47542185,0.87957466,-0.01796031
1356079496400,0.02861251,0.028051764,0.9991969,0.8849273,0.46414602,-0.038370937,-0.46484968,0.88531446,-0.011543393
1356079496440,0.020459175,0.010952115,0.9997307,0.8893893,0.45656145,-0.023202747,-0.4566926,0.8896245,-3.9982796E-4
1356079496480,0.014948368,-0.008509815,0.99985206,0.89127535,0.45336366,-0.009466469,-0.45321608,0.891285,0.01436162
1356079496520,0.013650298,-0.027325302,0.9995334,0.89011073,0.45574433,3.0320883E-4,-0.45553994,0.88969123,0.030543625
1356079496560,0.018390775,-0.042874932,0.99891114,0.88604,0.46359497,0.003585577,-0.46324393,0.8850093,0.04651481
1356079496600,0.031707823,-0.052563936,0.998114,0.8797178,0.47548723,-0.0029059052,-0.47443768,0.8781508,0.0613181
1356079496640,0.055475473,-0.054807514,0.9969547,0.8714218,0.49006087,-0.021549165,-0.48738742,0.8699635,0.07494682
1356079496680,0.09151228,-0.048335582,0.9946302,0.86068225,0.50620764,-0.054588288,-0.5008509,0.8610561,0.08792579
1356079496720,0.14113854,-0.03213805,0.9894681,0.8461647,0.52273095,-0.103719234,-0.5138923,0.85189176,0.10097158
1356079496760,0.20324671,-0.0070632696,0.9791021,0.82585365,0.53841674,-0.16755053,-0.5259815,0.8426491,0.115264654
1356079496800,0.2762056,0.024873614,0.9607766,0.7976715,0.5517062,-0.24359894,-0.5361256,0.8336675,0.13254339
1356079496841,0.35506886,0.0580599,0.93303543,0.761487,0.5609911,-0.3246944,-0.5422763,0.82578325,0.15497863
1356079496880,0.43010664,0.07801545,0.89940083,0.7231645,0.5665932,-0.39497507,-0.5404086,0.82029617,0.1872775
1356079496920,0.49665707,0.07230672,0.8649298,0.6907525,0.57046515,-0.4443316,-0.5255405,0.8181328,0.23337945
1356079496960,0.55108416,0.035742164,0.83368385,0.67135847,0.57434547,-0.4684071,-0.49556437,0.8178324,0.2925169
1356079497000,0.59267336,-0.018404573,0.8052326,0.66332984,0.57823557,-0.47501278,-0.4568717,0.81566226,0.35491315
1356079497040,0.6243553,-0.062491328,0.7786368,0.6562401,0.5826471,-0.47944906,-0.42370912,0.8103193,0.40478814
1356079497080,0.65039384,-0.07618886,0.75576663,0.6412957,0.5883106,-0.4925755,-0.40709677,0.80503786,0.43149316
1356079497120,0.6722698,-0.05680135,0.7381239,0.6176555,0.59268403,-0.51694024,-0.40811136,0.8034296,0.43352723
1356079497160,0.6884961,-0.012422115,0.72513366,0.5902003,0.59065676,-0.550262,-0.4214697,0.8068273,0.41399646
1356079497200,0.6971878,0.046447784,0.71538234,0.5652919,0.57807827,-0.5884477,-0.44087908,0.8146584,0.3767725
1356079497240,0.69760513,0.110066056,0.7079778,0.54815936,0.55431366,-0.62630486,-0.46137664,0.82499814,0.32635832
1356079497280,0.69048375,0.17055467,0.7029533,0.5415261,0.5224033,-0.65866864,-0.47956413,0.83546746,0.26835117
1356079497321,0.6775809,0.22240852,0.7010126,0.5455448,0.48723787,-0.6818945,-0.49321905,0.84447247,0.20880926
1356079497360,0.66099125,0.26295424,0.7028127,0.5583434,0.45339626,-0.6947549,-0.50134134,0.8516378,0.1528722
1356079497400,0.6425607,0.29188436,0.7084626,0.5770342,0.4239925,-0.69804156,-0.50413024,0.8573412,0.10401368
1356079497440,0.62367314,0.31027842,0.7174672,0.5988171,0.40032047,-0.6936582,-0.5024439,0.86224765,0.06386912
1356079497480,0.60519445,0.31989253,0.72897774,0.6215593,0.38226923,-0.68376476,-0.497397,0.8669135,0.03251502
1356079497520,0.5875937,0.32280174,0.7419789,0.64373565,0.36907917,-0.6703618,-0.49024287,0.8715386,0.009069622
1356079497560,0.5710494,0.32042998,0.7557957,0.66459626,0.35999107,-0.6547658,-0.48188627,0.87620264,-0.007383883
1356079497600,0.5553063,0.31322867,0.7704043,0.6841191,0.35468853,-0.6373203,-0.47288054,0.8809562,-0.017324954
1356079497640,0.5400278,0.30051935,0.78616667,0.702752,0.35301572,-0.6176726,-0.46315172,0.8860406,-0.020552248
1356079497680,0.5248932,0.28219524,0.80302733,0.7204875,0.3550194,-0.5957004,-0.45319408,0.89125025,-0.016970873
1356079497721,0.5103397,0.2607207,0.8194987,0.7357799,0.36092177,-0.5730301,-0.4451757,0.89541066,-0.007640302
1356079497760,0.49797755,0.24070647,0.8331139,0.74619675,0.37053102,-0.5530797,-0.44182444,0.89708817,0.004901737
1356079497799,0.4901442,0.22606733,0.8418149,0.7497972,0.38313282,-0.53945655,-0.44448042,0.8956019,0.018285662
1356079497841,0.48938793,0.2189939,0.8441215,0.7457599,0.3966508,-0.5352666,-0.45204157,0.891465,0.03079924
1356079497880,0.49713266,0.21998268,0.83932525,0.7337094,0.40979028,-0.5419802,-0.46317357,0.8852568,0.042316765
1356079497920,0.5144894,0.22903062,0.8263448,0.7130218,0.42105728,-0.56063426,-0.47634095,0.87764215,0.053325683
1356079497961,0.5407319,0.24526654,0.80464476,0.6833847,0.42968473,-0.5902172,-0.4905041,0.86903125,0.06473285
1356079498000,0.57365656,0.26697794,0.7743649,0.64498806,0.43549687,-0.6279594,-0.5048848,0.8596891,0.077628076
1356079498040,0.60971814,0.29094297,0.73728955,0.5993984,0.4393884,-0.6690735,-0.5186187,0.84987646,0.09351233
1356079498080,0.64556354,0.312266,0.6969488,0.5496907,0.4435432,-0.7078909,-0.5301772,0.84009486,0.114685565
1356079498120,0.6791733,0.32401723,0.6585867,0.50047386,0.45190442,-0.73845,-0.5368888,0.83114094,0.14475927
1356079498160,0.7107527,0.31806445,0.6274277,0.45706302,0.4691933,-0.755613,-0.5347185,0.82382804,0.18810496
1356079498200,0.74143016,0.288395,0.60589576,0.4244591,0.49777842,-0.7563406,-0.51972675,0.8179517,0.24665603
1356079498240,0.7702622,0.2370738,0.5920238,0.40574354,0.53402495,-0.7417476,-0.49200442,0.81155,0.31514806
1356079498280,0.7933597,0.17890689,0.5818701,0.39942816,0.5683258,-0.7193489,-0.45938826,0.80311775,0.37942636
1356079498320,0.8073877,0.13417022,0.5745637,0.3998143,0.5917277,-0.7000049,-0.43390507,0.79489416,0.42411047
1356079498360,0.8117759,0.11442594,0.5726487,0.40248734,0.6008688,-0.6906233,-0.42311198,0.7911153,0.44171584
1356079498400,0.80715114,0.11904773,0.57821685,0.40754566,0.5962434,-0.69166493,-0.42709905,0.7939279,0.4327411
1356079498440,0.7940407,0.142162,0.59100705,0.41729626,0.5794846,-0.7000439,-0.44199914,0.8024883,0.40081066
1356079498480,0.77311593,0.17692204,0.6090898,0.43382543,0.55304146,-0.711295,-0.46269566,0.8141521,0.3508119
1356079498520,0.7458793,0.21576303,0.63016695,0.45796865,0.5208566,-0.72039783,-0.48366183,0.82592654,0.28968346
1356079498562,0.7146077,0.25291342,0.65220445,0.48865646,0.48666862,-0.72413296,-0.5005503,0.8361749,0.2241894
1356079498608,0.68093884,0.28672236,0.6738788,0.525428,0.4497128,-0.7222768,-0.5101448,0.845901,0.15557495
1356079498638,0.64574146,0.30837876,0.69851315,0.56475365,0.42278272,-0.708737,-0.5138787,0.85214865,0.09885028
1356079498681,0.6159726,0.32089025,0.7194492,0.5997269,0.40115035,-0.6923916,-0.510789,0.8579673,0.05465111
1356079498720,0.5905212,0.32412264,0.73907316,0.63102186,0.38545266,-0.6732293,-0.50308657,0.86392754,0.023089498
1356079498760,0.56935346,0.31967503,0.75739324,0.6580874,0.37493345,-0.6529517,-0.49270442,0.8701912,0.0030955374
1356079498801,0.55189764,0.30866086,0.77468544,0.6813782,0.36865738,-0.63230973,-0.48076278,0.87682396,-0.00685364
1356079498839,0.53694487,0.29333812,0.7909759,0.7016779,0.36522007,-0.6117699,-0.46833572,0.883497,-0.009725839
1356079498880,0.5241048,0.27294227,0.8067321,0.7203603,0.3632309,-0.59088445,-0.45430738,0.8908231,-0.0062457323
1356079498921,0.51250327,0.24762408,0.8222061,0.7383783,0.36169967,-0.56918436,-0.43833548,0.89880794,0.0025319755
1356079498961,0.5016566,0.22045773,0.8365041,0.7547766,0.3609243,-0.5477645,-0.42267358,0.9061634,0.014663696
1356079499001,0.4917339,0.19657257,0.848267,0.76731396,0.36268902,-0.52885354,-0.4116152,0.9109423,0.027513623
1356079499041,0.48350725,0.17977834,0.85668,0.77411115,0.36904523,-0.5143516,-0.40862292,0.9118582,0.03926763
1356079499081,0.47789896,0.17090091,0.8616295,0.7746706,0.38043815,-0.505126,-0.41412318,0.9088782,0.049419135
1356079499121,0.47566488,0.16848642,0.86333966,0.76967055,0.39544323,-0.50123036,-0.42585233,0.90290475,0.058419436
1356079499160,0.47724766,0.17051539,0.86206686,0.76014125,0.41211945,-0.50233734,-0.44093075,0.8950319,0.067067266
1356079499200,0.48267406,0.17537755,0.85806084,0.7468021,0.429388,-0.5078509,-0.45750666,0.88592815,0.07628214
1356079499240,0.49146116,0.1818561,0.85170084,0.7300348,0.4472348,-0.5167497,-0.47488433,0.8757337,0.087037265
1356079499280,0.5026951,0.18846136,0.84367055,0.71036583,0.46609673,-0.5273844,-0.49262363,0.8644283,0.100428045
1356079499320,0.515293,0.19252896,0.83510816,0.68894315,0.48651907,-0.53726757,-0.5097356,0.8521923,0.11805835
1356079499360,0.52847636,0.18947777,0.827533,0.66792846,0.50887287,-0.54306537,-0.5240079,0.8397301,0.14236972
1356079499400,0.5420517,0.17269021,0.82240987,0.6511481,0.53233165,-0.5409521,-0.531212,0.82873464,0.17610437
1356079499440,0.55611414,0.13385421,0.8202561,0.64429265,0.5540078,-0.5272213,-0.524999,0.8216802,0.2218503
1356079499480,0.5689677,0.07019958,0.8193581,0.65194523,0.5687869,-0.5014467,-0.50124156,0.81948364,0.2778551
1356079499521,0.5767041,-0.01080972,0.8168816,0.67347497,0.5722865,-0.46788847,-0.46243256,0.8199825,0.33732003
1356079499560,0.57522815,-0.09037399,0.8129853,0.7019216,0.5648702,-0.43385226,-0.42002216,0.820216,0.3883647
1356079499601,0.5637955,-0.14940569,0.81228846,0.7291589,0.5519471,-0.40457606,-0.38789433,0.82038546,0.42012578
1356079499640,0.5438829,-0.1791437,0.8198164,0.7510805,0.53963095,-0.38036364,-0.37425858,0.8226214,0.4280474
1356079499680,0.51696986,-0.18153223,0.8365334,0.7676244,0.53077865,-0.35920286,-0.3788072,0.82784057,0.4137451
1356079499720,0.4838403,-0.16269723,0.8599001,0.7802943,0.52511805,-0.33969367,-0.39628187,0.83533263,0.381025
1356079499760,0.44518387,-0.12918758,0.8860711,0.7906734,0.52117455,-0.3212674,-0.42029393,0.8436159,0.33416364
1356079499802,0.40206957,-0.085374594,0.91162014,0.79959023,0.517822,-0.30416402,-0.44608915,0.8512176,0.27646518
1356079499839,0.3557555,-0.04262811,0.9336064,0.8087789,0.51461345,-0.28469238,-0.4683106,0.856362,0.21755326
1356079499880,0.31043208,-0.0026949942,0.95059174,0.8175105,0.5110519,-0.26552325,-0.48508614,0.85954565,0.16085005
1356079499920,0.26675743,0.030029953,0.9632957,0.8267401,0.50656307,-0.24473393,-0.49531937,0.8616798,0.11030251
1356079499960,0.22617304,0.053490013,0.9726174,0.8363154,0.50127095,-0.22204515,-0.49942207,0.8636354,0.06863946
1356079500018,0.18975842,0.06729534,0.9795219,0.84581196,0.49542004,-0.1978918,-0.4985919,0.86604285,0.037090957
1356079500060,0.15802006,0.06963122,0.9849778,0.85738516,0.4851387,-0.17184639,-0.48981673,0.8716605,0.01696086
1356079500100,0.12460804,0.06310874,0.9901971,0.86858064,0.4754761,-0.13960743,-0.47962552,0.87746215,0.0044330955
1356079500140,0.0977094,0.054047167,0.9937464,0.87833697,0.46482283,-0.11164236,-0.4679499,0.88375264,-0.0020540357
1356079500180,0.075970545,0.042630225,0.99619836,0.8875004,0.45251083,-0.08704543,-0.45450133,0.8907393,-0.003456831
1356079500220,0.05852279,0.0284307,0.99788105,0.89655715,0.43812326,-0.06506297,-0.4390446,0.89846516,1.5050173E-4
1356079500260,0.044848472,0.01143536,0.99892837,0.90492785,0.42312875,-0.045471996,-0.4231953,0.9059974,0.008628488
1356079500300,0.034667224,-0.0070850253,0.9993738,0.9108861,0.41166016,-0.028679222,-0.41119918,0.91130996,0.020724773
1356079500340,0.027929962,-0.025116086,0.9992943,0.9127076,0.40832865,-0.015246987,-0.4076575,0.91248935,0.034328282
1356079500380,0.024894208,-0.041231602,0.9988394,0.90990245,0.41478512,-0.0055555105,-0.41407463,0.9089847,0.047842503
1356079500420,0.02612698,-0.054868966,0.99815166,0.90341985,0.42875695,-7.83205E-5,-0.42796016,0.9017521,0.060771823
1356079500460,0.032389194,-0.06573272,0.9973115,0.8949615,0.4461433,3.400147E-4,-0.4449662,0.89254427,0.07327843
1356079500500,0.044394046,-0.073583156,0.99630046,0.8859199,0.46380875,-0.0052203536,-0.46170875,0.88287425,0.08577913
1356079500540,0.06256935,-0.07854521,0.99494505,0.8767649,0.48061165,-0.017195761,-0.47683153,0.87340885,0.09893727
1356079500580,0.086859286,-0.0813497,0.99289364,0.8672471,0.4966337,-0.03517741,-0.49024278,0.86413956,0.113687515
1356079500620,0.1165109,-0.08355957,0.9896682,0.8570752,0.51195276,-0.057675928,-0.501844,0.85493994,0.13126487
1356079500660,0.14991413,-0.08820242,0.9847569,0.8466299,0.5258601,-0.081786364,-0.51063055,0.84598553,0.15350866
1356079500700,0.184516,-0.10037175,0.9776909,0.8377749,0.53620094,-0.10306275,-0.51389414,0.8381015,0.18302655
1356079500740,0.21672793,-0.12620252,0.9680402,0.83427405,0.5388959,-0.11652455,-0.5069672,0.832865,0.2220813
1356079500802,0.24191755,-0.17127222,0.95506114,0.8408019,0.5282722,-0.11823994,-0.484281,0.83162147,0.27180433
1356079500822,0.25609756,-0.23199081,0.93839985,0.8574964,0.502647,-0.109754115,-0.4462219,0.83278227,0.327658
1356079500862,0.2575768,-0.29716158,0.9194287,0.8795011,0.46617028,-0.09572375,-0.40016493,0.8332948,0.3814286
1356079500902,0.24898249,-0.34934893,0.9033068,0.8988234,0.43073088,-0.08116394,-0.3607276,0.83212155,0.42124736
1356079500942,0.23539269,-0.37705702,0.89577806,0.91059834,0.40771514,-0.067668915,-0.33970726,0.8316228,0.43932062
1356079500981,0.2201387,-0.37912643,0.8987781,0.9143044,0.40132353,-0.054653525,-0.3399802,0.8337881,0.43498376
1356079501022,0.20518595,-0.357688,0.9110203,0.9108644,0.41034937,-0.044037968,-0.3580847,0.8388519,0.41000324
1356079501060,0.18999156,-0.31799647,0.9288603,0.90267587,0.42865,-0.037886888,-0.38610807,0.84565794,0.36848763
1356079501101,0.17463672,-0.26469156,0.9483883,0.89194345,0.45050395,-0.03850901,-0.4170596,0.8526339,0.31476453
1356079501140,0.15808582,-0.20443112,0.9660314,0.8811001,0.47082663,-0.044551104,-0.44572562,0.8582133,0.25455534
1356079501180,0.13908476,-0.1448192,0.97963405,0.87234765,0.48611373,-0.05199051,-0.46868432,0.8618126,0.19394374
1356079501220,0.1168226,-0.092436224,0.9888418,0.8671409,0.49488395,-0.05618334,-0.48416856,0.8640286,0.13796884
1356079501260,0.0913361,-0.05136305,0.99449456,0.86569524,0.49767146,-0.053803414,-0.49216798,0.8658434,0.08992016
1356079501300,0.06339696,-0.023018062,0.9977229,0.86720157,0.49603966,-0.04365945,-0.49390513,0.8679947,0.051408768
1356079501340,0.034261853,-0.0065453053,0.99939144,0.870575,0.49131468,-0.026627958,-0.4908414,0.87095755,0.02253151
1356079501380,0.005463481,5.752742E-4,0.999985,0.8749684,0.4841537,-0.0050590336,-0.48414937,0.87498283,0.0021417737
1356079501420,-0.02169907,0.001186341,0.99976385,0.87976694,0.475044,0.018530935,-0.4749098,0.87996125,-0.011351705
1356079501460,-0.046600044,-0.002966404,0.99890924,0.8845513,0.46448952,0.0426445,-0.4641094,0.8855737,-0.019021273
1356079501500,-0.06930387,-0.011554718,0.9975287,0.8892285,0.4525271,0.0670214,-0.45218322,0.89167583,-0.02108711
1356079501540,-0.09010711,-0.024812758,0.9956229,0.89378285,0.438998,0.09183091,-0.43935502,0.8981453,-0.017379582
1356079501581,-0.10897392,-0.04242733,0.9931388,0.8976073,0.42508066,0.11665112,-0.4271133,0.90416056,-0.0082396865
1356079501628,-0.12653342,-0.067019105,0.98969567,0.8991044,0.41372874,0.1429677,-0.4190471,0.90793,0.007906735
1356079501658,-0.13739839,-0.08721188,0.98666906,0.89890933,0.40740708,0.16118819,-0.4160335,0.90907294,0.02241844
1356079501700,-0.14496437,-0.10773739,0.98355377,0.89479697,0.4099795,0.17679131,-0.4222839,0.9057094,0.036970675
1356079501741,-0.14446229,-0.12578818,0.98148257,0.88866615,0.4197572,0.18459749,-0.43520457,0.89887774,0.0511446
1356079501803,-0.1343832,-0.13984767,0.9810115,0.8822974,0.43378818,0.18269941,-0.45110127,0.8900957,0.0650934
1356079501822,-0.112837344,-0.14805532,0.98252094,0.8771237,0.449734,0.16850308,-0.46682087,0.88080585,0.07911605
1356079501862,-0.0785597,-0.1494827,0.9856386,0.8732587,0.46660072,0.14036748,-0.4808822,0.87174463,0.09388101
1356079501902,-0.029648542,-0.14309102,0.9892653,0.8696484,0.48422688,0.096103966,-0.49278045,0.86316234,0.11008221
1356079501942,0.03258699,-0.13032606,0.99093556,0.86410415,0.50190717,0.037593782,-0.5022571,0.8550464,0.12897098
1356079501982,0.10493782,-0.11444855,0.9878712,0.8546728,0.5182557,-0.030746758,-0.50845104,0.84753317,0.1522007
1356079502022,0.18112765,-0.10143983,0.978214,0.8411367,0.53137565,-0.10064307,-0.5095899,0.84104097,0.1815716
1356079502062,0.25242588,-0.09967455,0.9624688,0.82670176,0.53911734,-0.16098666,-0.50283736,0.8363118,0.21848828
1356079502102,0.309591,-0.117684275,0.94355905,0.81796086,0.538957,-0.20116016,-0.48486435,0.83407176,0.26311737
1356079502142,0.34631974,-0.15849406,0.9246309,0.82065374,0.5287241,-0.21674487,-0.45452186,0.8338648,0.31317633
1356079502182,0.36202437,-0.2146908,0.9071088,0.83414626,0.50898856,-0.21243992,-0.4160991,0.83356977,0.36334977
1356079502222,0.36336923,-0.26893827,0.89198375,0.85074365,0.4860285,-0.2000288,-0.37973416,0.8315339,0.40540534
1356079502262,0.36140907,-0.30286187,0.8818493,0.86145526,0.47033513,-0.19151929,-0.35676077,0.82889056,0.43088534
1356079502302,0.3642481,-0.30711624,0.8792058,0.8618336,0.46893317,-0.19324744,-0.35293934,0.82811916,0.4354911
1356079502343,0.37350282,-0.2819572,0.8837397,0.8523018,0.48036578,-0.20695525,-0.36616585,0.8305113,0.41973057
1356079502382,0.3864448,-0.23218653,0.89260846,0.8358983,0.49717927,-0.23256591,-0.38978773,0.8360038,0.38621667
1356079502422,0.39839596,-0.16520658,0.90221256,0.8170434,0.51090723,-0.2672337,-0.41679817,0.8436116,0.33852434
1356079502462,0.40373552,-0.09174535,0.91026396,0.8009641,0.51624745,-0.30322447,-0.44210202,0.85151124,0.28191215
1356079502502,0.39928463,-0.021247149,0.91658074,0.7912951,0.5129179,-0.3328173,-0.46305913,0.8581747,0.22161302
1356079502542,0.38194054,0.03647691,0.92346674,0.7909475,0.50395143,-0.34703743,-0.47804123,0.8629614,0.16362816
1356079502582,0.35235083,0.07701662,0.9326936,0.7995124,0.49324495,-0.34276733,-0.4864452,0.8664744,0.11221951
1356079502620,0.31225568,0.099603474,0.94476223,0.81464076,0.48354393,-0.3202276,-0.48872986,0.8696346,0.0698483
1356079502660,0.2643304,0.10630295,0.9585557,0.8329526,0.47582024,-0.28246224,-0.48612678,0.8730949,0.037228405
1356079502700,0.21175289,0.10083279,0.97210777,0.85129404,0.46954942,-0.2341407,-0.48006168,0.8771295,0.013590097
1356079502740,0.15759112,0.08721477,0.9836456,0.8675483,0.46360052,-0.18009609,-0.47172564,0.8817416,-0.00260365
1356079502800,0.10396971,0.06845254,0.9922221,0.8807274,0.45715046,-0.12382519,-0.46207097,0.8867512,-0.012758255
1356079502822,0.052026197,0.046085685,0.9975817,0.89059734,0.44979668,-0.06722608,-0.4518071,0.8919412,-0.017642558
1356079502852,0.0036283135,0.023000628,0.9997289,0.89697003,0.4418875,-0.013421774,-0.44207636,0.8967756,-0.019027531
1356079502892,-0.04092318,-0.0034849346,0.99915624,0.9013276,0.43143052,0.038421065,-0.43120039,0.9021394,-0.014514446
1356079502932,-0.08369529,-0.033343226,0.9959334,0.90353537,0.41896492,0.08995709,-0.42026064,0.90739,-0.004938662
1356079502972,-0.122317314,-0.06411451,0.99041796,0.90287477,0.40719795,0.13786554,-0.41213533,0.9110868,0.008080006
1356079503012,-0.15447739,-0.09358144,0.98355436,0.89868313,0.4003043,0.17923489,-0.41049406,0.91159153,0.022262096
1356079503052,-0.17809328,-0.120114654,0.9766551,0.8911803,0.4011489,0.2118425,-0.41722944,0.90810347,0.035601914
1356079503092,-0.19135442,-0.14256406,0.97111213,0.8817775,0.4095944,0.23388183,-0.43110523,0.90105927,0.047332168
1356079503130,-0.19256073,-0.15956545,0.96822476,0.87270975,0.42328656,0.24332318,-0.44866252,0.89183366,0.057745993
1356079503170,-0.1803911,-0.16973647,0.9688388,0.8658873,0.43984255,0.2382808,-0.46658146,0.881889,0.06762898
1356079503210,-0.15429819,-0.17253649,0.97284293,0.86180794,0.45803636,0.2179215,-0.48319688,0.8720286,0.07801908
1356079503250,-0.11483726,-0.16872045,0.97895145,0.85944724,0.47731635,0.1830832,-0.49815944,0.86238194,0.090192616
1356079503290,-0.064430475,-0.16105562,0.9848399,0.85704595,0.49661392,0.1372836,-0.51119554,0.85289836,0.106035054
1356079503330,-0.006607741,-0.15388942,0.988066,0.85366535,0.51371956,0.085719734,-0.52078015,0.8440441,0.12797552
1356079503370,0.05171883,-0.15557504,0.98646927,0.8503864,0.5247719,0.038176954,-0.5236107,0.83690554,0.15943944
1356079503410,0.10279846,-0.17558256,0.9790829,0.8508792,0.5253388,0.0048731863,-0.5152059,0.8325802,0.20340353
1356079503450,0.13946205,-0.22041085,0.96538556,0.8594724,0.5111277,-0.0074640214,-0.49179018,0.8307632,0.26071995
1356079503490,0.16004473,-0.2820259,0.9459636,0.8751819,0.48377872,-0.0038375556,-0.45655477,0.82850444,0.3242502
1356079503530,0.16757339,-0.34290573,0.9243023,0.89189184,0.45220798,0.0060666203,-0.42005712,0.82336116,0.3816129
1356079503571,0.16858917,-0.38465065,0.90753603,0.9026845,0.43005568,0.014587104,-0.395902,0.81675947,0.41972092
1356079503610,0.16783786,-0.39901337,0.90145373,0.9051541,0.42463917,0.019432575,-0.39054635,0.812693,0.43243915
1356079503650,0.16694829,-0.3864712,0.90706575,0.9005578,0.4343079,0.019293994,-0.40140235,0.81364405,0.42054662
1356079503690,0.16488022,-0.35142937,0.92158115,0.89157546,0.45268238,0.013110876,-0.42179108,0.81949747,0.3879642
1356079503730,0.15966982,-0.29980752,0.94054294,0.8810905,0.47294617,0.0011793375,-0.4451798,0.8285152,0.33967274
1356079503802,0.1487053,-0.24032903,0.95923334,0.87195826,0.48941916,-0.012555003,-0.4664498,0.8382785,0.28233612
