1356078448817,0.79547685,0.047798663,-0.60409594,-0.59719646,-0.10731882,-0.7948831,-0.102825195,0.99307495,-0.056824446
1356078448860,0.46408796,0.09853017,0.88029206,0.87979704,0.064124584,-0.47100434,-0.10285646,0.99306583,-0.056927085
1356078448896,0.46399528,0.09901065,0.88028705,0.87982863,0.064041495,-0.47095674,-0.103004605,0.99302346,-0.057397425
1356078448940,0.46356565,0.10104528,0.8802822,0.8799808,0.06369905,-0.47071883,-0.1036371,0.9928405,-0.059389234
1356078448986,0.46192652,0.10618392,0.88053894,0.88065517,0.06286542,-0.4695683,-0.10521603,0.9923572,-0.0644722
1356078449035,0.45791137,0.11696297,0.88127,0.88235825,0.061132982,-0.46659037,-0.108448386,0.9912529,-0.07520971
1356078449077,0.45024586,0.13168338,0.88314104,0.8857577,0.05902028,-0.46038032,-0.1127477,0.9895333,-0.09006593
1356078449128,0.43957576,0.15387958,0.88492614,0.89037365,0.05516979,-0.4518752,-0.11835557,0.9865483,-0.112759024
1356078449170,0.42380422,0.17793226,0.8881048,0.8973757,0.050569937,-0.43835998,-0.122909784,0.9827424,-0.13824034
1356078449217,0.40491235,0.20470157,0.8911471,0.90580165,0.043199018,-0.42149404,-0.12477714,0.9778707,-0.16792718
1356078449255,0.38110113,0.22970459,0.89554334,0.91618896,0.036015555,-0.39912483,-0.1239343,0.9725938,-0.19672725
1356078449295,0.35553145,0.25351053,0.89962757,0.9268821,0.028319523,-0.37428272,-0.120361656,0.966918,-0.22490591
1356078449339,0.32727486,0.27758646,0.9032369,0.9380028,0.020087168,-0.34604508,-0.11420089,0.96049064,-0.2538029
1356078449383,0.29476088,0.30118605,0.9068644,0.9495083,0.014418647,-0.31341028,-0.10747054,0.9534564,-0.28172863
1356078449415,0.26126027,0.32404736,0.9092505,0.9598888,0.012092575,-0.28012007,-0.10176733,0.94596356,-0.30789006
1356078449458,0.22873951,0.34851593,0.90896356,0.9684357,0.013536468,-0.24889573,-0.09904823,0.9372051,-0.3344189
1356078449508,0.1950335,0.37618175,0.9057866,0.9753256,0.023022428,-0.21956804,-0.103450954,0.9262599,-0.36240953
1356078449545,0.16178071,0.40152892,0.9014442,0.98029554,0.03953135,-0.19354045,-0.11334744,0.9149928,-0.38722157
1356078449588,0.1349276,0.42406115,0.89552593,0.9820229,0.06317589,-0.17787588,-0.1320059,0.90342736,-0.40791357
1356078449626,0.115548,0.43970218,0.89067996,0.9813771,0.08799164,-0.17075303,-0.1534529,0.893823,-0.42134637
1356078449727,0.10448255,0.44349146,0.89016783,0.97928655,0.110216215,-0.16985366,-0.17343962,0.88947606,-0.4227895
1356078449728,0.10245448,0.4370564,0.8935798,0.97719026,0.123763144,-0.17257446,-0.18601698,0.8908785,-0.41440713
1356078449748,0.10783808,0.41638812,0.902769,0.97595024,0.12870543,-0.1759432,-0.18945199,0.90003103,-0.3924948
1356078449785,0.120481774,0.3863254,0.91445994,0.9749321,0.12753259,-0.18232694,-0.18706098,0.9135033,-0.3612756
1356078449829,0.13892533,0.34015015,0.9300525,0.97412586,0.12212081,-0.19017226,-0.1782659,0.9324079,-0.31438333
1356078449868,0.16302909,0.28722477,0.94388735,0.9726976,0.11336656,-0.20250261,-0.16516897,0.95113087,-0.2609008
1356078449907,0.1893704,0.23105356,0.9543339,0.97064805,0.1027025,-0.21747297,-0.14826038,0.9675053,-0.2048229
1356078449948,0.21712714,0.17297277,0.9606956,0.9677057,0.0909791,-0.23509225,-0.1280677,0.98071563,-0.14763266
1356078449987,0.24657342,0.11870718,0.9618265,0.963081,0.08064702,-0.25684837,-0.108058274,0.9896488,-0.09443924
1356078450028,0.27631426,0.070132226,0.95850503,0.95682585,0.07352102,-0.28120953,-0.09019208,0.9948246,-0.046789408
1356078450066,0.30739957,0.030745089,0.9510838,0.9485315,0.070046365,-0.308839,-0.07611528,0.99706984,-0.007630497
1356078450107,0.3380398,0.0013667345,0.94113076,0.9388021,0.06982806,-0.33730474,-0.06617829,0.9975581,0.022321582
1356078450145,0.36937276,-0.01821208,0.92910284,0.92733026,0.071977586,-0.36725712,-0.06018603,0.99723995,0.04347518
1356078450187,0.39975166,-0.027689904,0.91620517,0.91471255,0.07655954,-0.39678654,-0.059157223,0.9966804,0.055933118
1356078450225,0.43047708,-0.028677851,0.9021458,0.9004334,0.082879364,-0.42702538,-0.06252307,0.99614686,0.06150019
1356078450270,0.45936847,-0.019396752,0.888034,0.8853061,0.09126866,-0.45596388,-0.072205454,0.9956374,0.059098005
1356078450305,0.4882406,-0.004516244,0.87269735,0.8685931,0.09952034,-0.4854294,-0.0846588,0.9950253,0.052512676
1356078450346,0.51390284,0.016632348,0.8576871,0.8519665,0.10698442,-0.5125499,-0.10028407,0.99412155,0.040809393
1356078450387,0.5376685,0.039857835,0.84221363,0.83537304,0.110227704,-0.538518,-0.11429945,0.9931068,0.025969803
1356078450427,0.5587534,0.059634417,0.82718706,0.8203509,0.10666278,-0.5618252,-0.12173423,0.9925054,0.01067701
1356078450467,0.57586414,0.07269171,0.8143073,0.8085562,0.09665878,-0.5804256,-0.12090206,0.99265957,-0.0031130016
1356078450507,0.5873959,0.07900134,0.8054346,0.8012099,0.08359967,-0.59251475,-0.11414352,0.9933629,-0.014190555
1356078450548,0.59151465,0.08042419,0.8022732,0.7994861,0.07052791,-0.5965298,-0.10455805,0.9942624,-0.02257973
1356078450586,0.586377,0.079175144,0.8061596,0.80451,0.059150174,-0.5909865,-0.094475955,0.99510443,-0.029012889
1356078450628,0.5720912,0.07625738,0.8166373,0.81595564,0.04812655,-0.57610774,-0.0832344,0.995926,-0.034689873
1356078450726,0.5443929,0.072882384,0.83565813,0.8358288,0.037069976,-0.5477371,-0.070898235,0.9966513,-0.040736556
1356078450740,0.5073701,0.0712055,0.85878134,0.8598608,0.023740396,-0.5099763,-0.056700915,0.9971791,-0.04918167
1356078450749,0.46094084,0.07587421,0.8841813,0.88640386,0.008555278,-0.46283358,-0.042681515,0.9970806,-0.063311696
1356078450786,0.40819246,0.09430015,0.90801233,0.91220295,-0.0033867955,-0.40972465,-0.03556186,0.99553806,-0.08740339
1356078450826,0.35447165,0.13515028,0.9252482,0.93392396,-0.0022664964,-0.35746437,-0.046214342,0.9908225,-0.12702352
1356078450867,0.3026774,0.1987867,0.93213207,0.9495901,0.020876333,-0.31279826,-0.08163959,0.9798204,-0.18244705
1356078450907,0.25565755,0.2702498,0.92822635,0.9575542,0.06145151,-0.28162652,-0.13315043,0.96082705,-0.24306828
1356078450945,0.21630716,0.33004206,0.91884893,0.9592665,0.103316605,-0.26293224,-0.18171102,0.9382952,-0.2942502
1356078450986,0.1859545,0.36625627,0.9117441,0.9591204,0.13380514,-0.24936792,-0.2133286,0.92084336,-0.32640213
1356078451025,0.16420855,0.37617397,0.9118819,0.9604224,0.1498877,-0.23478195,-0.22499871,0.914345,-0.33667302
1356078451065,0.15001918,0.36076584,0.92051196,0.96401966,0.153286,-0.21718541,-0.21945468,0.9199736,-0.32478952
1356078451105,0.14237963,0.3268706,0.9342824,0.968874,0.14709465,-0.19911417,-0.20251259,0.93355167,-0.29575318
1356078451147,0.14058122,0.27880123,0.9500036,0.97408426,0.13277826,-0.1831117,-0.17719162,0.9511256,-0.25290978
1356078451185,0.14446181,0.22684747,0.9631568,0.9781167,0.114548564,-0.17368472,-0.14972818,0.9671706,-0.20533544
1356078451227,0.15310836,0.17371339,0.9728214,0.9804669,0.09628463,-0.17150491,-0.12346047,0.98007804,-0.15557826
1356078451267,0.1673173,0.12576413,0.97784877,0.98051476,0.08232716,-0.17836183,-0.10293496,0.9886382,-0.10953879
1356078451307,0.18609372,0.08588773,0.97877085,0.9783855,0.07522467,-0.19262147,-0.090171546,0.9934609,-0.07003245
1356078451348,0.20929137,0.05526474,0.9762904,0.9741198,0.075379044,-0.21309298,-0.085368335,0.99562234,-0.03805831
1356078451385,0.23695189,0.03373131,0.9709356,0.9676671,0.0807392,-0.23895916,-0.08645293,0.9961643,-0.013509423
1356078451426,0.26660624,0.021365196,0.9635687,0.9592496,0.091210395,-0.2674336,-0.09360123,0.99560237,0.003822714
1356078451466,0.29913777,0.017960519,0.9540408,0.9483459,0.10507798,-0.29933026,-0.105624735,0.9943018,0.014400095
1356078451509,0.33197024,0.024718493,0.942966,0.93520224,0.12199846,-0.3324351,-0.12325767,0.9922224,0.017383099
1356078451546,0.3652223,0.03770992,0.9301563,0.92024803,0.13623866,-0.36685517,-0.14055735,0.98995817,0.015054911
1356078451590,0.3942973,0.05475065,0.91735053,0.90610373,0.14337341,-0.39802018,-0.15331551,0.9881531,0.006921977
1356078451625,0.41887552,0.069301635,0.90539527,0.894217,0.1418554,-0.42456195,-0.15785804,0.98745847,-0.0025509596
1356078451726,0.43698484,0.07852304,0.8960347,0.8869037,0.1283132,-0.44377628,-0.1498197,0.98862016,-0.013571441
1356078451727,0.4458899,0.081615984,0.8913591,0.8851352,0.107885405,-0.45265484,-0.1331085,0.99080753,-0.024136156
1356078451755,0.44292352,0.081323236,0.8928636,0.88892484,0.089853734,-0.44915366,-0.11675376,0.9926293,-0.032491922
1356078451796,0.43295866,0.07913622,0.89793336,0.8958056,0.07317202,-0.43838143,-0.10039547,0.9941747,-0.03921023
1356078451835,0.41312987,0.07584703,0.90750813,0.9068116,0.05739902,-0.41761002,-0.08376455,0.995466,-0.0450657
1356078451881,0.38605836,0.07308537,0.9195746,0.9201523,0.040176958,-0.38949406,-0.065412045,0.9965161,-0.051739037
1356078451917,0.35227123,0.07513356,0.9328772,0.93471646,0.021824986,-0.35472354,-0.047011703,0.99693453,-0.06254026
1356078451958,0.31337437,0.09037414,0.94531953,0.9489175,0.0087453425,-0.31540313,-0.036771417,0.9958695,-0.08301705
1356078451995,0.27050522,0.12377164,0.9547291,0.9616474,0.012028545,-0.2740248,-0.04540053,0.9922378,-0.11577088
1356078452035,0.22543517,0.17774847,0.9579063,0.97069514,0.043033153,-0.23643008,-0.08324677,0.9831346,-0.16283837
1356078452075,0.18027967,0.23980084,0.9539365,0.9732261,0.09709871,-0.20833376,-0.14258462,0.9659542,-0.21587545
1356078452116,0.14010601,0.2922534,0.9460224,0.9694047,0.15400629,-0.19114596,-0.20155647,0.94385916,-0.2617346
1356078452156,0.109038174,0.32448655,0.9395845,0.96423024,0.19520897,-0.1793139,-0.24160025,0.92552793,-0.2915945
1356078452195,0.08859302,0.3345284,0.93821216,0.9622243,0.21470197,-0.16741446,-0.2574409,0.9176023,-0.3028702
1356078452238,0.07957135,0.32180125,0.94345766,0.96479386,0.21315227,-0.15407431,-0.25068146,0.92250204,-0.29351103
1356078452277,0.08006881,0.2943188,0.95234734,0.9695089,0.19899844,-0.14301133,-0.23160654,0.93476,-0.2694111
1356078452319,0.0895322,0.2540563,0.96303654,0.97492146,0.17544466,-0.13692072,-0.20374522,0.95114386,-0.23197699
1356078452366,0.10750425,0.20433691,0.97297955,0.9794258,0.1463477,-0.13895115,-0.17078614,0.9678991,-0.18439978
1356078452407,0.1310046,0.1561257,0.979011,0.9813317,0.11983445,-0.15042546,-0.14080447,0.980441,-0.1375122
1356078452446,0.15665683,0.113896936,0.9810637,0.9806522,0.10012397,-0.16821504,-0.117387146,0.98843443,-0.09600818
1356078452485,0.18275318,0.07923439,0.9799608,0.9778645,0.088653,-0.18953025,-0.10189378,0.9929061,-0.06127888
1356078452528,0.20880991,0.052484572,0.9765469,0.973311,0.08605814,-0.21274322,-0.095205545,0.9949067,-0.033114016
1356078452565,0.23576206,0.033252925,0.9712417,0.9672103,0.08910167,-0.2378341,-0.09444794,0.9954673,-0.011155784
1356078452607,0.26111972,0.02126804,0.9650721,0.9601935,0.09703994,-0.26193827,-0.09922141,0.99505323,0.0049176216
1356078452646,0.28645653,0.01600346,0.95795953,0.95208085,0.10708326,-0.28648755,-0.10716626,0.9941212,0.01543811
1356078452718,0.31041765,0.017419726,0.9504407,0.9433018,0.11801356,-0.31024903,-0.11756939,0.9928592,0.020201385
1356078452737,0.33341846,0.024902731,0.94245,0.93407476,0.1267989,-0.33380592,-0.12781423,0.9916158,0.019016087
1356078452767,0.35650924,0.035096675,0.9336324,0.92476475,0.12908694,-0.35797578,-0.13308349,0.99101204,0.013564527
1356078452818,0.3785533,0.0457609,0.92444754,0.9169152,0.11779931,-0.3813001,-0.1263479,0.99198246,0.002634436
1356078452855,0.4033401,0.053395957,0.9134909,0.90791404,0.10107958,-0.4067861,-0.11405599,0.99344444,-0.007709503
1356078452899,0.42585474,0.05666983,0.90301514,0.89965504,0.07967423,-0.42927018,-0.09627372,0.99520886,-0.017053664
1356078452936,0.4451079,0.05707726,0.893656,0.892012,0.059445113,-0.44808576,-0.07869896,0.99659836,-0.024454087
1356078452977,0.45982897,0.05523625,0.8862879,0.88589954,0.040193677,-0.46213245,-0.061149657,0.997664,-0.030451566
1356078453017,0.46840903,0.052368253,0.88195837,0.8824295,0.021662861,-0.46994555,-0.043715924,0.9983928,-0.036064208
1356078453056,0.46983814,0.0508745,0.8812854,0.8823453,0.003259644,-0.47059134,-0.026813835,0.9986998,-0.043357372
1356078453097,0.46210292,0.058002144,0.8849274,0.88670766,-0.013901442,-0.46212143,-0.014502257,0.99821967,-0.05785486
1356078453146,0.437323,0.09634557,0.8941287,0.8989471,-0.018806368,-0.43765327,-0.0253506,0.99517024,-0.09483403
1356078453199,0.38768274,0.1858843,0.9028561,0.9178708,0.012410924,-0.39668524,-0.08494285,0.9824933,-0.16580626
1356078453247,0.33015597,0.2916806,0.89773023,0.9283875,0.07151659,-0.36466718,-0.17056897,0.95383847,-0.247181
1356078453288,0.28575838,0.3757514,0.8815628,0.92698467,0.12486881,-0.35370508,-0.24298489,0.9182694,-0.31263345
1356078453328,0.2598247,0.42791754,0.865666,0.9221123,0.15621322,-0.35398623,-0.28670532,0.89021564,-0.35399997
1356078453369,0.25058645,0.4486971,0.85783297,0.9196863,0.1663596,-0.35567066,-0.30229717,0.87806344,-0.3709731
1356078453406,0.2526021,0.44571668,0.8587949,0.9200626,0.16405487,-0.3557679,-0.29946122,0.8800128,-0.36864662
1356078453448,0.26340425,0.4190144,0.8689333,0.9229997,0.15245664,-0.35331085,-0.28051698,0.8950888,-0.34659243
1356078453486,0.277809,0.37911624,0.8826625,0.9266568,0.13645765,-0.35026625,-0.25323766,0.9152323,-0.31340146
1356078453528,0.29487842,0.3265467,0.8980056,0.9302069,0.11684351,-0.3479408,-0.21854499,0.9379312,-0.2693013
1356078453578,0.3151551,0.26078364,0.91250706,0.9321201,0.09569462,-0.34927735,-0.17840788,0.9606427,-0.21292305
1356078453616,0.3374571,0.20077172,0.9196812,0.93015826,0.07902655,-0.35855335,-0.14466655,0.9764454,-0.16008133
1356078453721,0.359133,0.14920953,0.9212817,0.92540824,0.071058884,-0.3722502,-0.121008515,0.98624897,-0.11256012
1356078453725,0.38365048,0.10860184,0.91707027,0.91707635,0.0719253,-0.3921706,-0.108550996,0.99147993,-0.07200199
1356078453738,0.4119436,0.07974321,0.9077133,0.90492475,0.08099295,-0.4177934,-0.10683453,0.99351954,-0.03879708
1356078453786,0.4449068,0.06402516,0.8932854,0.88802564,0.09771523,-0.44929087,-0.11605358,0.99315286,-0.013381839
1356078453827,0.4854374,0.06086698,0.87215006,0.8644619,0.115601435,-0.48922592,-0.1305995,0.99142903,0.003500104
1356078453866,0.5258368,0.06833634,0.8478359,0.8376808,0.13136446,-0.5301266,-0.14760241,0.988976,0.011832237
1356078453909,0.5638268,0.08256647,0.82175547,0.8098395,0.13995436,-0.56971294,-0.16204745,0.9867094,0.01204443
1356078453955,0.59795046,0.09663987,0.79568595,0.7841916,0.13484469,-0.6056901,-0.16582787,0.9861429,0.004846245
1356078453998,0.62577784,0.103883,0.7730527,0.7638351,0.11912005,-0.63432366,-0.15798154,0.9874304,-0.0048068017
1356078454036,0.6425004,0.10395333,0.7592015,0.7528212,0.09927967,-0.65069485,-0.14301518,0.9896147,-0.014471039
1356078454079,0.64660466,0.09820089,0.756478,0.7529017,0.077281505,-0.6535799,-0.12264389,0.99216133,-0.023965016
1356078454128,0.63328904,0.08828315,0.7688635,0.7676995,0.05399984,-0.6385307,-0.09789002,0.99463063,-0.033577442
1356078454167,0.59518665,0.078050464,0.79978806,0.80022454,0.0333917,-0.59877014,-0.07344055,0.99639,-0.042583615
1356078454208,0.54456156,0.07045382,0.83575654,0.83733547,0.011581227,-0.54656667,-0.04818675,0.9974478,-0.05268678
1356078454246,0.48101366,0.070016,0.8739128,0.8763615,-0.010172114,-0.4815465,-0.024826407,0.997494,-0.06625223
1356078454288,0.41389507,0.08738196,0.906121,0.9102396,-0.026122093,-0.41325724,-0.012441486,0.9958323,-0.09035033
1356078454329,0.34425843,0.12962216,0.929884,0.93853766,-0.020965695,-0.34453958,-0.025164306,0.99134177,-0.1288729
1356078454369,0.2805087,0.19363633,0.940117,0.95731246,0.014755249,-0.2886785,-0.069770336,0.9809624,-0.18123147
1356078454420,0.22664453,0.28125262,0.9324855,0.9618288,0.08611329,-0.25974968,-0.1533547,0.95576227,-0.25099975
1356078454455,0.18075018,0.34768158,0.9200255,0.9585232,0.14732157,-0.243987,-0.2203694,0.9259665,-0.30663246
1356078454498,0.14655556,0.39021498,0.908985,0.954446,0.18566085,-0.23358697,-0.25991204,0.9018106,-0.3452295
1356078454535,0.12076552,0.4082965,0.90482575,0.9536067,0.20550175,-0.22000748,-0.27577156,0.88941723,-0.36453676
1356078454580,0.10139249,0.39745283,0.91200376,0.9578359,0.20872079,-0.19744888,-0.26883078,0.8935698,-0.35953188
1356078454615,0.08543393,0.3728268,0.92395955,0.9635302,0.20511863,-0.17186025,-0.2535954,0.9049456,-0.3417058
1356078454655,0.07344206,0.33351636,0.9398793,0.9703889,0.19355316,-0.14450848,-0.23011252,0.9226614,-0.3094256
1356078454705,0.065024436,0.28531438,0.9562257,0.97733635,0.17524856,-0.11874992,-0.20145828,0.9422758,-0.26745272
1356078454737,0.06092328,0.23371983,0.9703934,0.98337257,0.15257412,-0.09848571,-0.17107499,0.96025836,-0.22053838
1356078454776,0.06202525,0.18531936,0.9807189,0.98769134,0.12997037,-0.0870257,-0.14359194,0.97404534,-0.17497683
1356078454817,0.06859338,0.14280686,0.98737085,0.99021864,0.1107859,-0.08481458,-0.12149885,0.98353076,-0.13381082
1356078454859,0.08136627,0.10772386,0.9908457,0.9910029,0.097252935,-0.09195244,-0.10626808,0.98941267,-0.09884155
1356078454895,0.10075387,0.08011827,0.99168026,0.99013734,0.089453846,-0.10782412,-0.09734833,0.9927634,-0.0703153
1356078454936,0.123737305,0.059262633,0.99054384,0.98761857,0.08964804,-0.12873533,-0.0964295,0.9942088,-0.04743606
1356078454975,0.15230265,0.04547152,0.9872873,0.9829494,0.09716222,-0.15610838,-0.103025466,0.9942292,-0.029898137
1356078455019,0.18337229,0.040184617,0.98222184,0.97573376,0.11418125,-0.18683234,-0.119659066,0.99264693,-0.018271774
1356078455072,0.21753407,0.04469043,0.975029,0.9655177,0.13652164,-0.2216695,-0.14301905,0.9896285,-0.013451278
1356078455105,0.2534593,0.054387152,0.96581596,0.9538035,0.15242925,-0.25889048,-0.16129893,0.98681676,-0.013240039
1356078455148,0.28458723,0.06612831,0.95636666,0.94362324,0.15662113,-0.2916248,-0.16907191,0.9854425,-0.017827809
1356078455185,0.31092867,0.07661122,0.94734055,0.935584,0.15083286,-0.31926793,-0.16734964,0.9855862,-0.024778008
1356078455229,0.33089697,0.08492383,0.9398378,0.9306643,0.13539241,-0.33990127,-0.15611264,0.98714584,-0.034234643
1356078455265,0.343503,0.0904946,0.9347815,0.9283099,0.11808686,-0.3525567,-0.14228994,0.9888712,-0.04344386
1356078455305,0.3496814,0.0936026,0.932181,0.9283175,0.099509686,-0.3582241,-0.12629172,0.99062425,-0.052096218
1356078455345,0.34868667,0.09427649,0.9324857,0.93096095,0.08012882,-0.35621774,-0.10830191,0.9923161,-0.059827864
1356078455390,0.34142894,0.09308416,0.935287,0.9360184,0.056756914,-0.34734467,-0.08541635,0.9940393,-0.06775001
1356078455425,0.3263553,0.09293884,0.9406671,0.9433057,0.031727403,-0.33040547,-0.06055242,0.9951662,-0.0773153
1356078455466,0.3062559,0.10116404,0.9465586,0.95124537,0.0057085454,-0.30838245,-0.03660071,0.99485344,-0.094483584
1356078455506,0.2766358,0.12709129,0.95253366,0.9606441,-0.010573059,-0.2775805,-0.025206804,0.99183464,-0.12501436
1356078455548,0.23604852,0.17774531,0.9553469,0.9709314,-0.003011942,-0.23933876,-0.03966391,0.98407185,-0.17328948
1356078455598,0.18274516,0.25639275,0.9491401,0.9789252,0.042058647,-0.19984129,-0.09115741,0.96565723,-0.2433033
1356078455635,0.12960835,0.32195264,0.93784225,0.9813294,0.093902364,-0.16785401,-0.14210662,0.9420875,-0.30377108
1356078455702,0.086897,0.3666528,0.92629087,0.9795726,0.13780998,-0.14644471,-0.18134654,0.9200947,-0.34718776
1356078455736,0.05532053,0.3862239,0.9207447,0.9777292,0.1660209,-0.12838492,-0.20244819,0.90734124,-0.368438
1356078455759,0.03669232,0.37743068,0.9253107,0.9781443,0.17606902,-0.1106053,-0.20466441,0.90914565,-0.36272126
1356078455796,0.024565384,0.351191,0.9359815,0.98012257,0.17591368,-0.09172878,-0.19686624,0.91962993,-0.33988887
1356078455836,0.020271063,0.30900502,0.9508444,0.98334885,0.16562527,-0.0747889,-0.18059406,0.9365277,-0.30050236
1356078455877,0.021500975,0.25588152,0.96646905,0.98720455,0.14734152,-0.060972303,-0.15800264,0.9554136,-0.24943936
1356078455917,0.026471317,0.19860062,0.979723,0.9908484,0.12455219,-0.052020043,-0.13235787,0.972134,-0.1934861
1356078455957,0.03400764,0.14366877,0.9890413,0.9935837,0.10194698,-0.048972756,-0.10786566,0.9843608,-0.13928002
1356078455995,0.043616056,0.095363945,0.9944865,0.9951626,0.08356279,-0.05165875,-0.08802849,0.99192894,-0.09125799
1356078456038,0.05548525,0.05475688,0.99695694,0.99560153,0.072459936,-0.05938965,-0.07549146,0.9958671,-0.050495625
1356078456075,0.07095364,0.023068935,0.9972129,0.99502325,0.068481356,-0.07238206,-0.06996027,0.9973856,-0.018095136
1356078456119,0.08817032,1.9901991E-4,0.9961054,0.9934187,0.073379904,-0.08794716,-0.07311159,0.9973041,0.006272167
1356078456155,0.10957909,-0.014678091,0.99386966,0.9906424,0.083459616,-0.10799068,-0.08136281,0.99640304,0.02368617
1356078456196,0.1308955,-0.021342635,0.9911664,0.9867388,0.099598646,-0.12816611,-0.095983446,0.9947988,0.0340966
1356078456236,0.15344176,-0.020285279,0.98794943,0.9815192,0.11882374,-0.15000328,-0.11434895,0.9927081,0.03814292
1356078456278,0.17523587,-0.01181972,0.98445547,0.9755936,0.13647777,-0.17201975,-0.13232303,0.9905726,0.03544706
1356078456327,0.19524494,0.003989011,0.9807464,0.97046494,0.1436874,-0.19378254,-0.14169383,0.9896151,0.024183035
1356078456365,0.21541291,0.019705027,0.9763242,0.9663615,0.13955605,-0.21603143,-0.14050886,0.9900181,0.011020005
1356078456408,0.2315819,0.03403923,0.9722197,0.9646237,0.12138632,-0.2340225,-0.12598014,0.99202156,-0.0047242045
1356078456446,0.24366498,0.045650005,0.9687846,0.9640322,0.09793514,-0.24708453,-0.10615745,0.9941453,-0.02014473
1356078456489,0.2512995,0.055407196,0.9663222,0.9644065,0.070527375,-0.25484523,-0.08227241,0.9959698,-0.035711557
1356078456525,0.25412259,0.06323466,0.9651027,0.96530783,0.045342237,-0.25714746,-0.060020596,0.99696815,-0.049518436
1356078456567,0.25350764,0.07004598,0.9647939,0.96653926,0.022064596,-0.25556812,-0.03918931,0.9972997,-0.062108666
1356078456608,0.24916044,0.0765425,0.96543264,0.9682574,8.0892444E-4,-0.24995357,-0.019912988,0.99706596,-0.07391125
1356078456647,0.24125022,0.08482343,0.96674883,0.970457,-0.017596722,-0.24063167,-0.0033995807,0.9962406,-0.08656269
1356078456710,0.22837949,0.100622594,0.9683584,0.9735618,-0.028208494,-0.22667551,0.004507214,0.9945247,-0.10440457
1356078456735,0.20826662,0.12868616,0.96956944,0.97806334,-0.02321577,-0.20700988,-0.004130006,0.9914136,-0.13069832
1356078456779,0.17079687,0.1919621,0.9664259,0.9834155,0.02752316,-0.1792664,-0.061011434,0.98101634,-0.18407762
1356078456815,0.12598407,0.2547223,0.9587724,0.98378104,0.09231329,-0.15379563,-0.12768266,0.96259797,-0.23896098
1356078456855,0.08187778,0.31115943,0.9468241,0.97731096,0.16113795,-0.13746974,-0.1953443,0.9365972,-0.2909059
1356078456895,0.043758392,0.35065457,0.935482,0.9683702,0.2153554,-0.12602028,-0.24565068,0.91140735,-0.33013988
1356078456936,0.015071109,0.36939523,0.9291502,0.96242344,0.2466227,-0.113658756,-0.27113453,0.8959489,-0.35179776
1356078456977,-0.0034751147,0.3675312,0.9300046,0.96155643,0.25659704,-0.097812235,-0.27458546,0.893912,-0.35429364
1356078457017,-0.01220876,0.34733754,0.9376607,0.9650534,0.24957985,-0.07988638,-0.26176873,0.9039173,-0.33824635
1356078457058,-0.012506515,0.3128153,0.9497316,0.97134864,0.2292355,-0.06271264,-0.23732969,0.92173624,-0.30671966
1356078457097,-0.0067635775,0.26990137,0.9628642,0.9786695,0.19950008,-0.0490475,-0.20532948,0.9419942,-0.26549363
1356078457138,0.004460871,0.22144404,0.97516286,0.9858979,0.16216314,-0.04133466,-0.16728878,0.9615954,-0.21759778
1356078457175,0.017436206,0.17470425,0.98446655,0.99137515,0.12489021,-0.039721727,-0.12988982,0.97666824,-0.17101985
1356078457218,0.032111317,0.13079154,0.9908898,0.9949013,0.090649456,-0.04420653,-0.09560549,0.987257,-0.12721378
1356078457255,0.04696977,0.09330493,0.994529,0.9965219,0.06423092,-0.053089857,-0.06883299,0.99356353,-0.089963436
1356078457296,0.061600804,0.06239772,0.99614847,0.9967489,0.04808271,-0.06464973,-0.05193147,0.99689245,-0.05923283
1356078457336,0.07661778,0.03820333,0.99632835,0.99602985,0.042490065,-0.078224,-0.04532242,0.9983662,-0.03479612
1356078457376,0.091581255,0.020722121,0.995582,0.99453604,0.048406035,-0.09249249,-0.05010882,0.99861276,-0.016175777
1356078457416,0.10657534,0.010077,0.99425364,0.992159,0.06457886,-0.10700536,-0.06528607,0.99786174,-0.0031154454
1356078457457,0.120550066,0.0066556633,0.99268496,0.98867023,0.08928701,-0.12066114,-0.08943698,0.9959837,0.004183322
1356078457498,0.13367721,0.00984627,0.990976,0.98419386,0.115886,-0.13391379,-0.11615881,0.9932138,0.0058006644
1356078457537,0.14678589,0.016802728,0.9890256,0.97973007,0.1353223,-0.14770538,-0.13631907,0.9906592,0.0034012198
1356078457576,0.1594589,0.025068402,0.9868862,0.9765223,0.14265856,-0.16140804,-0.14483398,0.9894544,-0.0017316937
1356078457615,0.17183027,0.03287959,0.98457766,0.9749268,0.13777223,-0.17474684,-0.14139304,0.989918,-0.008381754
1356078457660,0.18306413,0.039819896,0.9822942,0.974881,0.121586174,-0.18661135,-0.12686422,0.9917818,-0.016561538
1356078457724,0.1925947,0.045636147,0.9802166,0.97507846,0.10321188,-0.19639033,-0.110132486,0.9936119,-0.024620742
1356078457741,0.19881162,0.051485747,0.9786844,0.9758252,0.082091,-0.20254943,-0.09076962,0.9952941,-0.033920467
1356078457776,0.20070109,0.057219565,0.9779801,0.9769656,0.062196165,-0.20413187,-0.072506964,0.9964224,-0.043418705
1356078457817,0.19811708,0.06505871,0.97801685,0.9786577,0.042428017,-0.20106924,-0.054576635,0.996979,-0.055264503
1356078457857,0.18875504,0.07744557,0.97896564,0.98122567,0.025320768,-0.19119394,-0.039595336,0.996675,-0.07121217
1356078457898,0.17065066,0.0995377,0.9802911,0.98474467,0.017104685,-0.17316276,-0.034003764,0.9948868,-0.09510028
1356078457935,0.14321563,0.13328242,0.9806758,0.9886975,0.0251306,-0.14780256,-0.044344425,0.9907594,-0.12817693
1356078457975,0.10632008,0.18144286,0.9776372,0.99118125,0.058869123,-0.1187188,-0.07909331,0.9816379,-0.1735838
1356078458018,0.062589705,0.24005827,0.9687387,0.9884416,0.11937827,-0.09344521,-0.1380786,0.96339035,-0.22981167
1356078458055,0.022773385,0.29204127,0.95613456,0.9799236,0.18295771,-0.07922253,-0.19806847,0.938743,-0.28201157
1356078458098,-0.008566603,0.3317458,0.94332993,0.9691289,0.23521347,-0.073917896,-0.24640587,0.91357505,-0.3235194
1356078458135,-0.028838262,0.3540525,0.93478084,0.9615059,0.2654826,-0.07089004,-0.27326688,0.89675295,-0.34807962
1356078458179,-0.036573112,0.35602722,0.9337597,0.9605628,0.2702573,-0.06542176,-0.2756473,0.89454216,-0.35187066
1356078458225,-0.03293626,0.3366461,0.941055,0.96585214,0.25282705,-0.056640357,-0.25699192,0.9070544,-0.33347756
1356078458273,-0.021306366,0.29967442,0.95380354,0.97438073,0.21987155,-0.04731512,-0.22389337,0.9283597,-0.29668164
1356078458320,-0.004337609,0.24985474,0.96827364,0.9834135,0.17664212,-0.041175634,-0.18132588,0.95203483,-0.24647677
1356078458355,0.012256086,0.20026693,0.9796647,0.990021,0.1351211,-0.04000759,-0.1403856,0.970379,-0.19661242
1356078458395,0.030071944,0.15012625,0.9882094,0.99434507,0.096248,-0.04488042,-0.10185093,0.98397076,-0.14638293
1356078458436,0.049368024,0.10245898,0.99351144,0.9963709,0.06400496,-0.05611083,-0.06933868,0.9926759,-0.09892732
1356078458476,0.0702278,0.059402257,0.9957607,0.9965024,0.04114175,-0.072734416,-0.045287937,0.9973859,-0.05630523
1356078458516,0.09289634,0.023109972,0.99540746,0.99520785,0.028489113,-0.09353915,-0.030519933,0.99932694,-0.020352691
1356078458557,0.11694482,-0.0051219165,0.9931252,0.99281955,0.025941104,-0.116775036,-0.025164694,0.99965036,0.0081187785
1356078458597,0.14260063,-0.02440679,0.9894793,0.98938763,0.031671196,-0.14180619,-0.027876943,0.9992003,0.028664172
1356078458635,0.16882351,-0.034655213,0.9850369,0.98493063,0.044010013,-0.16725698,-0.03755516,0.9984299,0.041562885
1356078458732,0.19362062,-0.03387037,0.98049164,0.97933125,0.06625736,-0.19110265,-0.058492064,0.99722755,0.04599911
1356078458733,0.22001213,-0.024046302,0.97520065,0.9716634,0.09394461,-0.2168976,-0.0863992,0.99528694,0.044033915
1356078458766,0.24524063,-0.0089176595,0.96942127,0.962834,0.11897147,-0.24247986,-0.11317113,0.99285764,0.03776285
1356078458806,0.2673969,0.0076436996,0.96355623,0.95459825,0.13416192,-0.26597524,-0.13130563,0.99092996,0.028577775
1356078458845,0.28553236,0.022386342,0.9581076,0.9484967,0.13652551,-0.2858581,-0.13720539,0.99038357,0.0177491
1356078458888,0.29828748,0.03400612,0.9538702,0.94552106,0.12604693,-0.30017033,-0.13044003,0.99144137,0.0054447055
1356078458927,0.30328736,0.04218161,0.9519651,0.945586,0.11021021,-0.3061385,-0.11782968,0.9930128,-0.0064609647
1356078458968,0.30015928,0.047979712,0.95268166,0.9483642,0.09232646,-0.3034488,-0.10251713,0.99457216,-0.017789632
1356078459006,0.28758577,0.052495003,0.95631516,0.95382214,0.07469526,-0.29093635,-0.08670488,0.99582374,-0.028589576
1356078459048,0.26668543,0.057901204,0.9620428,0.9612418,0.056468606,-0.26986203,-0.06995058,0.996724,-0.040597737
1356078459097,0.23519439,0.06897405,0.9694979,0.9704964,0.03783685,-0.23812851,-0.05310747,0.9969007,-0.058040053
1356078459137,0.19242099,0.08767322,0.97738814,0.9804174,0.025355369,-0.19529176,-0.041903883,0.9958265,-0.08107746
1356078459176,0.1477679,0.118733376,0.98186916,0.9880539,0.02619201,-0.15186596,-0.043748677,0.99258065,-0.11344463
1356078459217,0.10220757,0.16531211,0.9809309,0.9924291,0.05056539,-0.11192721,-0.06810412,0.98494416,-0.1588924
1356078459258,0.058472335,0.22168973,0.97336257,0.99166465,0.0992403,-0.08217436,-0.11481395,0.9700541,-0.21403903
1356078459297,0.021080047,0.27653152,0.9607736,0.98502606,0.15872827,-0.06729761,-0.17111182,0.94780576,-0.26904476
1356078459339,-0.0073708445,0.3205659,0.94719756,0.9752283,0.21172033,-0.06406486,-0.22107801,0.92326164,-0.3141855
1356078459375,-0.026185513,0.3470863,0.9374676,0.96762955,0.24427831,-0.06341317,-0.2510129,0.90546083,-0.3422475
1356078459418,-0.036130667,0.35253152,0.9351022,0.966138,0.25153756,-0.05749929,-0.25548366,0.90136033,-0.34968233
1356078459455,-0.040365964,0.34249318,0.93865275,0.9688599,0.24310079,-0.047036976,-0.24429703,0.90752435,-0.3416409
1356078459495,-0.03976947,0.31653014,0.9477484,0.9746809,0.22115743,-0.0329628,-0.22003534,0.9224413,-0.31731123
1356078459536,-0.035953313,0.2786952,0.9597064,0.9814799,0.19066033,-0.01859805,-0.18816116,0.9412639,-0.2803886
1356078459576,-0.02965194,0.23364276,0.9718703,0.9876805,0.15630722,-0.007442802,-0.15364933,0.9596766,-0.23539919
1356078459618,-0.020706624,0.18521968,0.982479,0.9924469,0.12265554,-0.0022066832,-0.120915204,0.9750125,-0.18636048
1356078459657,-0.0087429285,0.13848746,0.99032557,0.9955118,0.09453344,-0.0044308305,-0.09423247,0.98584205,-0.13869238
1356078459731,0.006769389,0.094928324,0.9954611,0.99710137,0.074801534,-0.013913721,-0.075782806,0.9926698,-0.09414685
1356078459750,0.02744919,0.0580554,0.9979359,0.9975685,0.062384784,-0.031068385,-0.064059705,0.99636227,-0.056201816
1356078459779,0.0504646,0.026842922,0.99836504,0.996951,0.058215648,-0.051958382,-0.059515208,0.9979431,-0.023823202
1356078459815,0.08034295,0.0022767782,0.99676466,0.9950385,0.05868727,-0.08033791,-0.058680296,0.99827385,0.0024496615
1356078459863,0.11208746,-0.015912801,0.9935709,0.991748,0.0644066,-0.110850245,-0.06222865,0.9977969,0.023000687
1356078459906,0.15178984,-0.026335329,0.98806185,0.98600256,0.073801994,-0.14950645,-0.068983614,0.9969251,0.03716907
1356078459947,0.19260228,-0.029025972,0.9808475,0.9779987,0.087314844,-0.18945906,-0.0801433,0.9957578,0.0452044
1356078459987,0.23241779,-0.024620086,0.9723043,0.96795344,0.10362241,-0.2287538,-0.09512049,0.9943118,0.047914863
1356078460026,0.26921213,-0.014223546,0.96297586,0.9567356,0.11854023,-0.2657167,-0.11037195,0.99284744,0.045520633
1356078460069,0.30206564,-5.7548285E-5,0.9532871,0.94579184,0.12517092,-0.29968306,-0.119306564,0.99213517,0.037864268
1356078460105,0.33009776,0.0128650665,0.94385916,0.93641096,0.12163213,-0.32915083,-0.119038165,0.99249196,0.0281035
1356078460150,0.35114375,0.022596687,0.93604887,0.9303441,0.10436186,-0.35152304,-0.10563102,0.9942826,0.015623301
1356078460185,0.3617338,0.028306156,0.9318516,0.9280269,0.08445042,-0.3628144,-0.08896518,0.99602556,0.004279673
1356078460226,0.36295918,0.031235844,0.9312813,0.9291035,0.0639182,-0.36425433,-0.07090363,0.9974662,-0.0058216453
1356078460266,0.35074282,0.032559812,0.93590564,0.93488127,0.046049178,-0.35196093,-0.054557443,0.99840844,-0.014288127
1356078460307,0.3262902,0.033779472,0.94466585,0.944412,0.030911207,-0.3273078,-0.040257037,0.9989511,-0.021815717
1356078460348,0.29013982,0.03701383,0.9562682,0.9565848,0.01765129,-0.29091915,-0.027647436,0.99915886,-0.030285507
1356078460385,0.24563792,0.045296103,0.9683027,0.96919644,0.0069666803,-0.24619046,-0.017897308,0.9989493,-0.04218954
1356078460429,0.19819689,0.06699407,0.97787,0.9800068,0.0042215586,-0.19891918,-0.017454475,0.99774444,-0.064817905
1356078460465,0.14644313,0.10090345,0.98405933,0.98875314,0.015598595,-0.1487411,-0.030358404,0.99477386,-0.09748426
1356078460508,0.09803966,0.15335602,0.98329556,0.99281853,0.052990705,-0.10725358,-0.06855348,0.9867492,-0.14705944
1356078460545,0.053135455,0.21067968,0.9761099,0.9911804,0.10770786,-0.077203035,-0.12139982,0.9716033,-0.20309848
1356078460589,0.015020877,0.2721853,0.9621276,0.9824244,0.17503211,-0.064854234,-0.1860556,0.9461918,-0.26477236
1356078460625,-0.016096279,0.3250433,0.94556206,0.9704424,0.23282434,-0.06351507,-0.24079496,0.9165913,-0.3191834
1356078460722,-0.040515125,0.37171718,0.9274615,0.9604378,0.2704534,-0.06643933,-0.27553177,0.8880773,-0.36796868
1356078460733,-0.059916586,0.4007756,0.91421485,0.9564516,0.28515962,-0.062324166,-0.28567514,0.87066805,-0.40040827
1356078460758,-0.0748726,0.40876147,0.90956473,0.9595746,0.27770096,-0.04581049,-0.27131256,0.86936533,-0.41302937
1356078460796,-0.087715745,0.39925358,0.9126349,0.96570086,0.25885248,-0.020425051,-0.24439257,0.8795408,-0.408265
1356078460839,-0.09772907,0.3671419,0.92501664,0.9740309,0.22603007,0.0131955445,-0.20423695,0.9022844,-0.37969726
1356078460875,-0.10665053,0.32581076,0.9394003,0.9809228,0.1889146,0.04584366,-0.16253006,0.9263685,-0.33974302
1356078460915,-0.112395614,0.27567682,0.9546567,0.9863241,0.14750674,0.07352838,-0.12054822,0.9498652,-0.28848577
1356078460956,-0.11392468,0.22224295,0.96831256,0.99004006,0.1065436,0.092027634,-0.082714975,0.96915245,-0.23216736
1356078460998,-0.10999903,0.16938484,0.9793922,0.99249864,0.0716131,0.09908569,-0.053353697,0.9829447,-0.17599165
1356078461038,-0.09915918,0.12246421,0.987507,0.99444985,0.047272265,0.09399393,-0.035170823,0.9913465,-0.126472
1356078461075,-0.081820846,0.08357689,0.99313664,0.99626994,0.03426987,0.07919496,-0.027415872,0.9959119,-0.08606917
1356078461118,-0.058945,0.051968485,0.9969076,0.9978061,0.033220947,0.057266355,-0.030142188,0.998096,-0.053812742
1356078461155,-0.027439564,0.02723682,0.9992523,0.9989135,0.038415343,0.026383191,-0.03766799,0.99889064,-0.028261304
1356078461198,0.007886738,0.007767886,0.9999387,0.9987887,0.048507243,-0.008254468,-0.048568368,0.9987926,-0.007375896
1356078461235,0.049808353,-0.006123185,0.99874,0.99696267,0.060250193,-0.04935038,-0.05987209,0.99816453,0.009105504
1356078461277,0.09251523,-0.014466971,0.9956062,0.9929452,0.0758189,-0.09116623,-0.074166864,0.99701667,0.021379322
1356078461315,0.13794011,-0.016349852,0.99030554,0.9860942,0.09583557,-0.13577124,-0.09268662,0.99526286,0.029342085
1356078461368,0.18207431,-0.010449111,0.9832293,0.9763417,0.12054092,-0.17951778,-0.11664358,0.99265337,0.032149345
1356078461395,0.22500262,0.0020991564,0.9743558,0.96439093,0.1421884,-0.22300768,-0.13901016,0.9898373,0.02996838
1356078461445,0.26363826,0.020779967,0.9643978,0.95251906,0.15226513,-0.2636719,-0.15232328,0.9881213,0.020349592
1356078461489,0.29814196,0.03855923,0.9537424,0.9422394,0.14788401,-0.30052495,-0.15263128,0.98825276,0.007758379
1356078461525,0.32306224,0.052022785,0.94494677,0.9351858,0.1355567,-0.32718796,-0.1451151,0.98940283,-0.004857719
1356078461569,0.33775076,0.061705887,0.93921065,0.9321444,0.11642471,-0.34285867,-0.13050374,0.9912808,-0.018196285
1356078461605,0.33879486,0.06795806,0.9384028,0.9337246,0.09831974,-0.3442261,-0.115656406,0.9928317,-0.030143887
1356078461646,0.33048773,0.072484255,0.94102275,0.93835056,0.08185446,-0.33585426,-0.10137102,0.99400496,-0.0409638
1356078461730,0.31075978,0.076413006,0.94741195,0.9465277,0.06602222,-0.31579477,-0.08668107,0.994888,-0.051809996
1356078461735,0.2765556,0.08117777,0.95756316,0.95821816,0.05243987,-0.28119037,-0.07304087,0.9953191,-0.06328344
1356078461778,0.27627146,0.094632894,0.9564092,0.95896864,0.038778484,-0.2808478,-0.06366551,0.9947567,-0.08003655
1356078461815,0.20685166,0.11614689,0.97145367,0.9762027,0.041586637,-0.21283498,-0.065119594,0.99236107,-0.104780644
1356078461859,0.15242958,0.15750733,0.97568274,0.98416007,0.06623143,-0.164446,-0.09052232,0.98529434,-0.14491683
1356078461895,0.106475085,0.20706326,0.9725163,0.9854279,0.10850468,-0.13099101,-0.132646,0.97229195,-0.1924929
1356078461940,0.06732088,0.2611101,0.9629587,0.9797734,0.16499156,-0.11323452,-0.18844673,0.9511043,-0.2447213
1356078461975,0.034050107,0.3018608,0.95274377,0.9716737,0.21306908,-0.102234006,-0.23386073,0.9292371,-0.2860552
1356078462016,0.00759086,0.32497427,0.94569236,0.96562696,0.24334261,-0.09137222,-0.25982088,0.91387963,-0.31195676
1356078462057,-0.013364896,0.3275046,0.9447551,0.96434367,0.2539795,-0.07440144,-0.26431525,0.91007423,-0.31922144
1356078462097,-0.029490873,0.31062257,0.9500757,0.967209,0.24874617,-0.051303595,-0.25226372,0.9174088,-0.3077727
1356078462137,-0.04095012,0.276542,0.960129,0.9727922,0.23034245,-0.024854422,-0.22803178,0.93298817,-0.2784505
1356078462177,-0.048496693,0.23246637,0.9713946,0.97919,0.20294556,3.1858683E-4,-0.19706613,0.9511953,-0.23747092
1356078462218,-0.051577747,0.1822432,0.98189974,0.9855635,0.16805041,0.020579576,-0.16125819,0.96878606,-0.18827993
1356078462255,-0.05069205,0.13443941,0.9896244,0.99067897,0.13221332,0.03278503,-0.12643394,0.982062,-0.13988847
1356078462299,-0.04548958,0.08972672,0.99492705,0.9945017,0.09810856,0.036622256,-0.09432486,0.9911225,-0.093696296
1356078462335,-0.0350025,0.053270727,0.9979664,0.9969603,0.07141188,0.031155258,-0.06960699,0.9960234,-0.055608332
1356078462380,-0.021419048,0.025076121,0.99945605,0.9982393,0.05584407,0.019991904,-0.055312365,0.9981246,-0.02622807
1356078462415,-0.0014340281,0.0047082305,0.9999879,0.99877256,0.049516797,0.0011991262,-0.04951054,0.9987622,-0.004773438
1356078462456,0.020761907,-0.008497238,0.99974835,0.998381,0.053141415,-0.020281851,-0.052955747,0.99855083,0.009586811
1356078462497,0.04743272,-0.01549229,0.9987542,0.9968668,0.064094126,-0.04634878,-0.06329614,0.9978235,0.018483996
1356078462537,0.077804685,-0.01717937,0.9968206,0.99386525,0.08016652,-0.07619244,-0.07860273,0.99663347,0.023311317
1356078462578,0.10999885,-0.013659149,0.9938379,0.9889531,0.10145989,-0.10806379,-0.09935862,0.99474585,0.024668694
1356078462615,0.14325207,-0.005297512,0.98967206,0.982046,0.12477583,-0.14148033,-0.122737676,0.9921708,0.023076743
1356078462657,0.17449847,0.008474678,0.9846209,0.97375906,0.14688,-0.17383766,-0.14609432,0.989118,0.017378062
1356078462715,0.20447168,0.024851859,0.97855693,0.96538585,0.16025254,-0.20578942,-0.1619305,0.9867631,0.008775473
1356078462736,0.23074487,0.041134506,0.9721444,0.958668,0.16132393,-0.23437229,-0.16647094,0.98604393,-0.0022096634
1356078462786,0.25237948,0.055790335,0.9660187,0.9547397,0.14804429,-0.25798276,-0.15740648,0.9874059,-0.015901893
1356078462828,0.26832396,0.06684518,0.96100676,0.9525081,0.130692,-0.2750416,-0.1439811,0.989167,-0.028602779
1356078462866,0.27731305,0.07485393,0.9578593,0.9519608,0.11336112,-0.28446418,-0.12987724,0.9907301,-0.039821476
1356078462907,0.27960226,0.08106378,0.9566877,0.9531944,0.095994145,-0.2867153,-0.11507869,0.99207556,-0.050429374
1356078462948,0.2743843,0.0868004,0.95769465,0.95647484,0.078252524,-0.28112718,-0.099344015,0.9931476,-0.061551154
1356078462985,0.2623748,0.09393221,0.9603833,0.9613345,0.06081888,-0.26858312,-0.08363804,0.99371916,-0.07434294
