1356078573087,0.5085429,0.47790498,0.7162338,-0.59176975,-0.41024658,0.69390637,0.6254539,-0.77672666,0.074181795
1356078573284,-0.31507155,-0.34190315,-0.88534296,0.7124947,0.53103995,-0.45863703,0.62696195,-0.7753056,0.07628858
1356078573320,-0.32647943,-0.35296243,-0.87682873,0.70637566,0.52528065,-0.47446147,0.62804824,-0.77427244,0.07783073
1356078573365,-0.33370104,-0.36082667,-0.87088907,0.7020995,0.5213468,-0.48502976,0.6290469,-0.7733057,0.07936227
1356078573405,-0.33940047,-0.3679359,-0.8656965,0.6984041,0.51793116,-0.49394232,0.6301103,-0.77225024,0.081181884
1356078573441,-0.3452034,-0.37521315,-0.86026156,0.69457066,0.51431686,-0.5030407,0.6311945,-0.7711637,0.08306807
1356078573484,-0.350696,-0.38221133,-0.8549427,0.6907263,0.5109018,-0.51173884,0.63238406,-0.7699961,0.08483219
1356078573524,-0.35622874,-0.3889154,-0.84961516,0.6866666,0.5077052,-0.5203118,0.6337113,-0.7687524,0.086196065
1356078573563,-0.36108932,-0.3948351,-0.8448193,0.6827631,0.50512874,-0.52790105,0.6351763,-0.7674309,0.08718234
1356078573606,-0.36419648,-0.39961553,-0.8412302,0.67934,0.5038875,-0.533474,0.6370699,-0.76577073,0.08796084
1356078573644,-0.36526805,-0.403158,-0.8390727,0.67653924,0.5041693,-0.53675693,0.63943255,-0.7637257,0.08859527
1356078573684,-0.36405113,-0.4055931,-0.8384277,0.67397875,0.5065807,-0.5377069,0.6428215,-0.76083523,0.088939786
1356078573724,-0.361154,-0.40683955,-0.8390765,0.6715247,0.51085484,-0.5367327,0.6470103,-0.7573037,0.08870554
1356078573755,-0.35768577,-0.4071928,-0.8403897,0.6687964,0.51637673,-0.53485173,0.65174544,-0.75335854,0.087628484
1356078573794,-0.35463575,-0.40688282,-0.84183115,0.66491586,0.52324784,-0.53300893,0.65735847,-0.74877095,0.08498055
1356078573832,-0.35311976,-0.40578932,-0.8429954,0.6591106,0.53157735,-0.5319761,0.6639875,-0.74347866,0.079749644
1356078573872,-0.35429594,-0.4038106,-0.84345204,0.65133464,0.5406318,-0.53242874,0.6709973,-0.73800695,0.07147223
1356078573901,-0.35749382,-0.40125215,-0.84332365,0.64307034,0.5490611,-0.5338468,0.6772434,-0.7331634,0.06174743
1356078573942,-0.36683783,-0.3980156,-0.8408411,0.63181365,0.5568247,-0.5392196,0.68281895,-0.729061,0.047207296
1356078573974,-0.37938046,-0.3941166,-0.83710366,0.61980176,0.5634877,-0.5461935,0.6869616,-0.7260535,0.030497968
1356078574012,-0.3979826,-0.38943672,-0.83063155,0.6054526,0.5687399,-0.55674237,0.6892292,-0.7244819,0.009436965
1356078574053,-0.4231985,-0.3835107,-0.82086694,0.58774185,0.5733049,-0.5708599,0.6895379,-0.7240449,-0.017216444
1356078574091,-0.45230567,-0.3762545,-0.80861115,0.5667906,0.5787523,-0.5863396,0.6885985,-0.723518,-0.04851544
1356078574132,-0.4821022,-0.36783692,-0.7951562,0.5433328,0.5864563,-0.6007149,0.68728954,-0.72164047,-0.082874
1356078574173,-0.5109644,-0.35833442,-0.7813525,0.5177944,0.5972542,-0.6125164,0.68615186,-0.7175541,-0.119632065
1356078574213,-0.53726304,-0.3477391,-0.76839185,0.49152952,0.6112476,-0.62030244,0.68538105,-0.71095276,-0.15747672
1356078574254,-0.56118035,-0.33605668,-0.756401,0.46433756,0.62868845,-0.62381196,0.6851768,-0.70129645,-0.19676387
1356078574293,-0.580695,-0.32302275,-0.7472948,0.4396359,0.6481484,-0.6217908,0.68521047,-0.6896085,-0.23436409
1356078574335,-0.5983524,-0.30947387,-0.7390537,0.41461772,0.66969806,-0.61611426,0.6856141,-0.67507815,-0.27240205
1356078574373,-0.61276555,-0.2944622,-0.7333556,0.3926189,0.6919216,-0.6058836,0.68583435,-0.6591939,-0.3083743
1356078574411,-0.62613755,-0.27986,-0.727757,0.37041083,0.7145539,-0.59347165,0.6861105,-0.64116395,-0.34374583
1356078574454,-0.63834995,-0.2656556,-0.72245157,0.3475003,0.73801553,-0.578426,0.68684256,-0.6202904,-0.37879676
1356078574492,-0.6490735,-0.2528328,-0.7174812,0.3232014,0.7621461,-0.56095827,0.6886541,-0.595994,-0.41297293
1356078574533,-0.6577806,-0.2426078,-0.7130682,0.29651436,0.78685576,-0.5412368,0.69239,-0.56745,-0.44564176
1356078574572,-0.66342586,-0.23561226,-0.7101782,0.26764828,0.81160444,-0.51929045,0.69873494,-0.5345887,-0.47537816
1356078574613,-0.66456395,-0.23174144,-0.71038765,0.23868893,0.83504987,-0.4957008,0.70808357,-0.49898657,-0.4996299
1356078574652,-0.66138995,-0.23137818,-0.71346164,0.21463896,0.85306025,-0.47562414,0.7186748,-0.46770966,-0.5145427
1356078574694,-0.6524507,-0.23263597,-0.721241,0.2038598,0.86275804,-0.46269834,0.7298968,-0.4489199,-0.51548195
1356078574733,-0.64050716,-0.23720227,-0.7304009,0.20652692,0.86285794,-0.46132725,0.73966014,-0.4463309,-0.503678
1356078574774,-0.623328,-0.24140555,-0.7437645,0.22936365,0.8528726,-0.46904224,0.74756575,-0.4629597,-0.4762497
1356078574811,-0.6038229,-0.24725123,-0.75780267,0.2623097,0.83609575,-0.48180658,0.7527228,-0.4897048,-0.43999732
1356078574851,-0.5785764,-0.2504771,-0.7762155,0.3088312,0.81354237,-0.4927191,0.7548991,-0.52479523,-0.39334124
1356078574893,-0.5462515,-0.25066957,-0.7992334,0.36612585,0.78673786,-0.49698627,0.75336653,-0.56409955,-0.33798015
1356078574931,-0.5051502,-0.24676989,-0.8269993,0.43174398,0.75746393,-0.48974025,0.74727535,-0.6044444,-0.2760917
1356078574974,-0.45403707,-0.23840296,-0.85849535,0.50123477,0.72826356,-0.4673285,0.7366233,-0.64249223,-0.21116275
1356078575012,-0.39376092,-0.22635643,-0.89090693,0.5675762,0.7025095,-0.4293455,0.7230557,-0.67471707,-0.14814627
1356078575052,-0.3267787,-0.21182619,-0.9210566,0.6250166,0.68258226,-0.378729,0.7089217,-0.6994363,-0.090658486
1356078575092,-0.26119655,-0.19879526,-0.94459337,0.668442,0.66872114,-0.3255722,0.69639176,-0.7164443,-0.041784525
1356078575134,-0.20725965,-0.19171926,-0.959316,0.6963446,0.65984994,-0.28231585,0.68713,-0.7265272,-0.0032575727
1356078575173,-0.1739079,-0.19477636,-0.96530735,0.7107082,0.6537006,-0.25994122,0.6816524,-0.7312576,0.024745405
1356078575213,-0.16100398,-0.20656562,-0.9650949,0.71423024,0.6504736,-0.25837815,0.6811408,-0.73089993,0.042806625
1356078575252,-0.16405648,-0.22572088,-0.96027887,0.71037114,0.64839906,-0.27377278,0.68444014,-0.7270686,0.05397153
1356078575293,-0.17546636,-0.24763454,-0.9528319,0.7007352,0.64840525,-0.2975582,0.6915069,-0.7198943,0.05975294
1356078575332,-0.19225696,-0.2714372,-0.9430584,0.68562543,0.6503887,-0.32697442,0.70210755,-0.709448,0.061062515
1356078575364,-0.2103912,-0.29505193,-0.93202996,0.66712505,0.6535628,-0.3574909,0.71461856,-0.69699347,0.05933267
1356078575402,-0.22678626,-0.31598794,-0.92125976,0.64441305,0.66056633,-0.38520622,0.7302737,-0.68103135,0.053819418
1356078575441,-0.2437528,-0.3357466,-0.90986735,0.61895293,0.668409,-0.41246402,0.74664694,-0.6637044,0.0448848
1356078575483,-0.2647795,-0.35530898,-0.89646375,0.59523636,0.67117953,-0.4418277,0.7586734,-0.6505948,0.03377825
1356078575521,-0.29310146,-0.37484416,-0.87953585,0.5764986,0.664595,-0.47535548,0.76271933,-0.6463787,0.021303415
1356078575562,-0.33028543,-0.3939367,-0.85774434,0.5624059,0.64767534,-0.5140197,0.75803113,-0.65217376,0.00763458
1356078575602,-0.37708986,-0.41237217,-0.82930845,0.54949206,0.6211839,-0.5587388,0.7455614,-0.66639316,-0.0076469183
1356078575644,-0.43232116,-0.42975056,-0.792725,0.5328919,0.58741915,-0.60906893,0.72740954,-0.68575007,-0.024943113
1356078575683,-0.48740056,-0.4437449,-0.752018,0.51107234,0.5533329,-0.6577444,0.70798707,-0.70492065,-0.042909026
1356078575723,-0.5439438,-0.45751795,-0.7034219,0.4794745,0.51849115,-0.708005,0.68864304,-0.72238785,-0.06266183
1356078575762,-0.5961723,-0.46998814,-0.6509146,0.43998674,0.4869001,-0.75454617,0.6715582,-0.73623323,-0.08348781
1356078575802,-0.64596564,-0.4851837,-0.5893431,0.38730434,0.45697844,-0.80072844,0.6578175,-0.7454982,-0.107278645
1356078575842,-0.69075036,-0.5042646,-0.5182482,0.31942037,0.43019974,-0.84433335,0.64871764,-0.74876255,-0.13608825
1356078575874,-0.72687787,-0.5281531,-0.43897933,0.23809938,0.40574926,-0.8824264,0.6441718,-0.7459369,-0.16917717
1356078575912,-0.7456424,-0.55019313,-0.37590542,0.15810084,0.40194404,-0.9019119,0.6473187,-0.7319347,-0.21272051
1356078575955,-0.7444493,-0.55861753,-0.36570716,0.10616161,0.44172764,-0.89084595,0.65918505,-0.7020137,-0.26954013
1356078575994,-0.73289335,-0.5513357,-0.39861825,0.077741295,0.51420355,-0.8541376,0.67588747,-0.6569808,-0.3339948
1356078576015,-0.72290194,-0.54170173,-0.42891973,0.05111201,0.5771421,-0.8150427,0.68905765,-0.61111885,-0.3895297
1356078576045,-0.71541053,-0.5322272,-0.45268297,0.028881848,0.62480915,-0.78024316,0.6981071,-0.57126856,-0.43162328
1356078576091,-0.70927656,-0.522214,-0.47351795,0.02091378,0.65583897,-0.7546111,0.70461994,-0.545131,-0.45424974
1356078576132,-0.7028667,-0.507858,-0.49805504,0.034853756,0.674753,-0.7372202,0.7104673,-0.5355266,-0.45656067
1356078576171,-0.69090843,-0.47411242,-0.5457682,0.08795717,0.694191,-0.71439654,0.7175717,-0.5415868,-0.4379208
1356078576213,-0.65755904,-0.38842696,-0.64555454,0.2049619,0.73230624,-0.6493984,0.7249874,-0.55933183,-0.40192187
1356078576255,-0.51103127,-0.1270834,-0.8501158,0.4532587,0.8004924,-0.39213324,0.7303449,-0.5857147,-0.351475
1356078576295,0.093755215,0.51685417,-0.85092413,0.67522526,0.5950715,0.43584505,0.731629,-0.6154282,-0.29320186
1356078576334,0.5421083,0.74907666,-0.3807922,0.4186687,0.15213585,0.8953051,0.72858435,-0.6447781,-0.23114085
1356078576374,0.6488906,0.74236304,-0.16684738,0.2383346,0.00993827,0.9711322,0.7225909,-0.6699241,-0.17048195
1356078576412,0.6829029,0.7250584,-0.08907303,0.14564228,-0.01565016,0.98921347,0.71584356,-0.68850946,-0.116286695
1356078576454,0.6969506,0.71394646,-0.06738207,0.09759545,-0.0013430715,0.9952253,0.7104471,-0.700199,-0.070613995
1356078576492,0.70268863,0.7072966,-0.07720238,0.079039544,0.030235179,0.9964128,0.70709366,-0.70627004,-0.03465849
1356078576534,0.70279205,0.7028042,-0.11022532,0.08312333,0.07275471,0.9938799,0.7065224,-0.70765316,-0.007287994
1356078576572,0.698569,0.6963903,-0.16444466,0.106322974,0.12624428,0.98628485,0.7075994,-0.7064723,0.014148042
1356078576612,0.6887756,0.68426913,-0.23950769,0.14658135,0.19210064,0.97036654,0.71000147,-0.7034722,0.032013133
1356078576652,0.6685095,0.6586028,-0.34545267,0.21039875,0.27804258,0.93724316,0.71332145,-0.6992387,0.0473049
1356078576681,0.62692285,0.6051493,-0.4906751,0.30463696,0.3892562,0.86929625,0.71705234,-0.6944595,0.059682786
1356078576723,0.54213154,0.5027685,-0.6732884,0.4284805,0.52385473,0.7361933,0.72284013,-0.68760455,0.06857166
1356078576754,0.38140342,0.31459808,-0.86922926,0.56829953,0.66182905,0.48889467,0.72908646,-0.68044865,0.0736379
1356078576792,0.16206154,0.0693154,-0.9843431,0.6584194,0.73540723,0.16018754,0.7349965,-0.6740709,0.073542595
1356078576834,-0.065723285,-0.17197953,-0.9829056,0.67154634,0.72094923,-0.17104873,0.738042,-0.67130864,0.068109095
1356078576873,-0.25663754,-0.35769165,-0.8978831,0.6263684,0.64595056,-0.43636057,0.7360707,-0.674392,0.058271527
1356078576901,-0.38738793,-0.4708926,-0.79258484,0.5618114,0.5610589,-0.6079317,0.7309573,-0.6807886,0.04720539
1356078576942,-0.49690282,-0.5461886,-0.67436314,0.48480847,0.4697972,-0.7377339,0.71975577,-0.69351906,0.031353295
1356078576974,-0.5751199,-0.5853302,-0.57151186,0.4123987,0.3959049,-0.8204796,0.7065158,-0.7075648,0.013696611
1356078577012,-0.6378982,-0.60554236,-0.47581977,0.3391711,0.33380294,-0.87951046,0.69141084,-0.7224224,-0.007549882
1356078577051,-0.68640065,-0.6125207,-0.392011,0.2686494,0.28734684,-0.9193799,0.67578226,-0.73637646,-0.032681704
1356078577092,-0.72078925,-0.611848,-0.32573768,0.20685066,0.2586559,-0.9435624,0.66157067,-0.7474886,-0.05987531
1356078577131,-0.7440338,-0.608639,-0.2756305,0.15393628,0.24527961,-0.9571528,0.6501671,-0.75458366,-0.08880466
1356078577171,-0.75757104,-0.6057791,-0.24314155,0.111584604,0.24682021,-0.9626155,0.64314467,-0.75638044,-0.11938828
1356078577212,-0.7612654,-0.6045904,-0.23440416,0.08299926,0.2676643,-0.9599306,0.6431066,-0.7502174,-0.15358305
1356078577253,-0.7547741,-0.60464597,-0.25439996,0.069939256,0.31142926,-0.94769204,0.65224576,-0.733086,-0.19277024
1356078577292,-0.73922527,-0.60361063,-0.2986641,0.06767729,0.37465155,-0.9246924,0.6700491,-0.70376873,-0.23610115
1356078577333,-0.71447384,-0.598225,-0.36284155,0.06899431,0.4558274,-0.8873901,0.69625205,-0.659051,-0.2844026
1356078577372,-0.6883433,-0.5895084,-0.4226859,0.060557336,0.5339706,-0.8433316,0.72285295,-0.6060984,-0.331856
1356078577414,-0.66462415,-0.5789853,-0.47228256,0.041457295,0.6025391,-0.79701185,0.7460269,-0.5492929,-0.37645888
1356078577452,-0.6486336,-0.57005954,-0.50428814,0.02026835,0.64940476,-0.7601728,0.7608308,-0.50329477,-0.4096716
1356078577491,-0.6408026,-0.5635159,-0.5213653,0.008225054,0.67404294,-0.7386464,0.7676616,-0.4776148,-0.42729354
1356078577532,-0.6392627,-0.5575626,-0.5295915,0.013449073,0.6804743,-0.73264855,0.7688708,-0.4754774,-0.4275031
1356078577571,-0.64112353,-0.5496354,-0.5355945,0.040259153,0.67285097,-0.73868173,0.76638097,-0.49514884,-0.40925276
1356078577614,-0.642942,-0.53577983,-0.54732573,0.090853095,0.6562083,-0.7490904,0.7605072,-0.53134793,-0.37322658
1356078577652,-0.6398127,-0.51012534,-0.5748145,0.16369851,0.6403165,-0.7504649,0.75089437,-0.5742533,-0.32617587
1356078577693,-0.62085617,-0.46207482,-0.63326496,0.26871723,0.6334274,-0.7256451,0.73642975,-0.6206904,-0.26909983
1356078577732,-0.5447017,-0.3482042,-0.76292455,0.43089586,0.6642542,-0.6108151,0.7194642,-0.66145307,-0.21178067
1356078577773,-0.24947329,-0.033222497,-0.96781164,0.6659407,0.71969694,-0.19636522,0.70305485,-0.693493,-0.157421
1356078577812,0.26629755,0.39454907,-0.87944114,0.6725789,0.5774982,0.46274567,0.6904515,-0.71472156,-0.11157906
1356078577851,0.4871038,0.53164375,-0.6928816,0.54285634,0.4371685,0.71707094,0.6841322,-0.7254231,-0.07565969
1356078577892,0.5091138,0.52437043,-0.6825239,0.5224657,0.44189215,0.7292194,0.683983,-0.727851,-0.048992187
1356078577924,0.44957268,0.4558374,-0.7681775,0.5706695,0.51502466,0.63959825,0.68718314,-0.7259214,-0.028591514
1356078577962,0.34132594,0.3437117,-0.87484795,0.6341554,0.6027895,0.48424357,0.6937893,-0.72007436,-0.012218893
1356078578001,0.1861727,0.18092972,-0.96571434,0.686541,0.67916894,0.25959754,0.70285213,-0.71133244,0.0022270083
1356078578043,0.013949245,-0.007255614,-0.9998764,0.7002921,0.7138417,0.0045897663,0.7137201,-0.7002696,0.0150386095
1356078578082,-0.13357122,-0.17655788,-0.9751852,0.6743408,0.7048907,-0.2199854,0.72623914,-0.68699086,0.024907053
1356078578122,-0.23972839,-0.30513394,-0.9216417,0.629189,0.67414194,-0.38685104,0.7393588,-0.672626,0.030375957
1356078578162,-0.31573078,-0.3988939,-0.86092854,0.5809611,0.6361108,-0.50778663,0.75019896,-0.6604898,0.030902028
1356078578202,-0.3784763,-0.46885738,-0.7980779,0.5352757,0.5925548,-0.6019623,0.7551394,-0.65502024,0.02670008
1356078578242,-0.4374197,-0.52057314,-0.7332581,0.49233353,0.54370606,-0.6796995,0.7525102,-0.65832156,0.018467963
1356078578283,-0.4983406,-0.55638015,-0.66490436,0.4487617,0.49065006,-0.74691063,0.7418016,-0.6705995,0.005171299
1356078578322,-0.55480975,-0.5766497,-0.5997176,0.40500855,0.4424609,-0.80012274,0.72674215,-0.6868067,-0.011933506
1356078578365,-0.60823756,-0.5849583,-0.5365359,0.35806215,0.4010635,-0.8431724,0.7084057,-0.7049623,-0.034490466
1356078578402,-0.650743,-0.5845258,-0.48462683,0.3149743,0.3729421,-0.8727574,0.6908869,-0.72058576,-0.05857885
1356078578442,-0.6854416,-0.5799655,-0.4402383,0.2725801,0.35626566,-0.893742,0.6751813,-0.73260814,-0.08611226
1356078578483,-0.7117772,-0.57378495,-0.40514693,0.23207957,0.3522935,-0.9066578,0.6629572,-0.7393646,-0.117590666
1356078578522,-0.7293165,-0.56828576,-0.3809841,0.19373453,0.3625241,-0.9116158,0.6561742,-0.7386661,-0.15429825
1356078578562,-0.73730516,-0.56496614,-0.37039757,0.15776277,0.3891275,-0.90757406,0.6568805,-0.727594,-0.19777513
1356078578602,-0.7360022,-0.5641806,-0.37416723,0.12354499,0.4314831,-0.89362127,0.6656107,-0.70393366,-0.24787086
1356078578643,-0.72630876,-0.56536335,-0.39094728,0.087864995,0.48773003,-0.86856157,0.6817296,-0.66519445,-0.30456692
1356078578682,-0.713624,-0.567399,-0.41085166,0.048978776,0.54464024,-0.8372384,0.6988146,-0.61759645,-0.3608778
1356078578724,-0.7014656,-0.56982327,-0.42807418,0.0068512857,0.5952153,-0.803537,0.7126704,-0.5665865,-0.41361904
1356078578762,-0.6937521,-0.573135,-0.43614703,-0.03181094,0.6293735,-0.7764516,0.719511,-0.52479064,-0.45486116
1356078578803,-0.6919801,-0.5771761,-0.4336257,-0.060325623,0.64478886,-0.7619765,0.7193916,-0.5011138,-0.4809996
1356078578842,-0.6947309,-0.58224237,-0.4223066,-0.07505041,0.64260745,-0.762511,0.71534365,-0.49804565,-0.49013674
1356078578895,-0.69889027,-0.58776,-0.4075423,-0.07873133,0.6295656,-0.77294797,0.7108825,-0.5081194,-0.4862724
1356078578913,-0.70392513,-0.5931252,-0.39075804,-0.06736103,0.6034194,-0.7945738,0.70707273,-0.5329987,-0.4647156
1356078578945,-0.70870423,-0.5983321,-0.37381425,-0.04235065,0.5649773,-0.8240189,0.7042335,-0.5681544,-0.42574155
1356078578975,-0.7128462,-0.6031977,-0.35777473,-0.01478371,0.5229555,-0.8522318,0.7011645,-0.60222095,-0.38170433
1356078579024,-0.71548283,-0.6073953,-0.34518886,0.023506075,0.47288457,-0.88081074,0.6982348,-0.638319,-0.3240633
1356078579062,-0.7160956,-0.61053944,-0.33830276,0.06665251,0.42264622,-0.90384054,0.69481266,-0.6697849,-0.2619611
1356078579094,-0.7140535,-0.61245483,-0.3391559,0.1106441,0.37963277,-0.9184971,0.69129264,-0.69338167,-0.20331365
1356078579132,-0.70546395,-0.6123054,-0.35693526,0.16178325,0.3511973,-0.9222183,0.6900339,-0.7083379,-0.1486963
1356078579171,-0.6867505,-0.60929215,-0.39640486,0.22200769,0.3434705,-0.9125462,0.6921606,-0.71469647,-0.10061097
1356078579212,-0.6586451,-0.6044585,-0.44812563,0.2831291,0.3526972,-0.89187586,0.69715464,-0.71430707,-0.06116247
1356078579241,-0.6299789,-0.60180604,-0.49087286,0.33101913,0.36369944,-0.8707176,0.70253325,-0.71102196,-0.029913664
1356078579273,-0.6041269,-0.6017511,-0.52242357,0.36560896,0.3732108,-0.85266864,0.70806843,-0.70612276,-0.005461037
1356078579313,-0.5814712,-0.60430455,-0.5447085,0.3893555,0.3811769,-0.8385145,0.7143483,-0.69965726,0.013645947
1356078579352,-0.5663103,-0.6116656,-0.55241096,0.40062723,0.3814429,-0.8330661,0.7202711,-0.6930847,0.029034853
1356078579391,-0.5550402,-0.6206485,-0.5538283,0.4052939,0.37964398,-0.83162934,0.7264071,-0.68605095,0.040827394
1356078579431,-0.5440017,-0.62934446,-0.55496645,0.40581942,0.38155764,-0.8304965,0.73442006,-0.6770076,0.04783219
1356078579472,-0.5316698,-0.63685673,-0.5583376,0.40238923,0.3901397,-0.8281751,0.7452585,-0.66498464,0.048838794
1356078579512,-0.52097607,-0.64289427,-0.5614901,0.39428118,0.40217614,-0.8263152,0.75705117,-0.6518753,0.043956876
1356078579551,-0.5167856,-0.64683354,-0.5608378,0.38280463,0.41137093,-0.82718474,0.7657632,-0.64216846,0.03502029
1356078579593,-0.5230618,-0.64761055,-0.55408204,0.36996436,0.4131407,-0.83213043,0.76781034,-0.6402463,0.02349472
1356078579632,-0.5372686,-0.64421976,-0.5443561,0.35871863,0.40959275,-0.8387818,0.763324,-0.64592165,0.011032283
1356078579674,-0.5590434,-0.63657033,-0.5312708,0.3474548,0.4019156,-0.8471948,0.7528251,-0.65821123,-0.0035088658
1356078579712,-0.5808747,-0.6251787,-0.52128327,0.33816648,0.39718014,-0.85316557,0.7404243,-0.6718628,-0.019297421
1356078579754,-0.60292625,-0.61146986,-0.51243,0.3278906,0.395625,-0.85788614,0.72730166,-0.6852631,-0.03803742
1356078579792,-0.6218227,-0.5958996,-0.50817347,0.31920457,0.39968735,-0.8592779,0.7151538,-0.6965298,-0.05832082
1356078579832,-0.63967085,-0.57989526,-0.50452226,0.30856842,0.40743178,-0.859526,0.7039935,-0.7054933,-0.08168489
1356078579880,-0.65641564,-0.5637213,-0.5013349,0.294866,0.41996396,-0.8583032,0.69438636,-0.7112303,-0.10944861
1356078579911,-0.6709821,-0.5486403,-0.49877536,0.27569443,0.43985176,-0.8547064,0.6883136,-0.71100223,-0.1438756
1356078579951,-0.68061084,-0.53596675,-0.4995082,0.24788406,0.47311747,-0.84540725,0.68943626,-0.6992135,-0.18915123
1356078579992,-0.6823739,-0.5261106,-0.5075169,0.20993964,0.5239822,-0.8254501,0.7002079,-0.6698136,-0.2471003
1356078580033,-0.67756414,-0.5184585,-0.52163935,0.16353203,0.5853056,-0.7941503,0.71705234,-0.6233925,-0.3117975
1356078580072,-0.6711004,-0.51248944,-0.53570414,0.11593227,0.6411549,-0.7586041,0.7322459,-0.57120484,-0.37086523
1356078580113,-0.6666544,-0.5083597,-0.5451077,0.07699649,0.68044746,-0.7287406,0.7413795,-0.5277895,-0.41448146
1356078580152,-0.66583234,-0.5066037,-0.5477407,0.05508536,0.6987545,-0.71323746,0.74406505,-0.5050691,-0.43734694
1356078580192,-0.6677526,-0.5067531,-0.54525954,0.054698125,0.6971146,-0.7148703,0.742371,-0.5071811,-0.43778163
1356078580232,-0.6698042,-0.5081247,-0.5414532,0.07233508,0.6810737,-0.72863305,0.739006,-0.5272076,-0.4194308
1356078580271,-0.6700505,-0.50946355,-0.53988814,0.10677251,0.6535939,-0.7492761,0.7345965,-0.55969805,-0.3835442
1356078580312,-0.66731083,-0.50971335,-0.5430364,0.15471596,0.61834717,-0.7705256,0.72853225,-0.5981965,-0.33376896
1356078580351,-0.6604166,-0.5080388,-0.55294335,0.21240894,0.579906,-0.7865058,0.7202307,-0.6368717,-0.27506757
1356078580391,-0.64715874,-0.50381637,-0.57214916,0.27655935,0.5442252,-0.7920441,0.71042275,-0.6708115,-0.212865
1356078580432,-0.6240703,-0.49653226,-0.60331756,0.3443508,0.5183332,-0.78278553,0.70139784,-0.69626606,-0.15249503
1356078580473,-0.58781016,-0.48609647,-0.6466757,0.41221252,0.5078399,-0.7564254,0.69610345,-0.7112024,-0.09813845
1356078580513,-0.5435376,-0.4757014,-0.69157434,0.47022283,0.5099269,-0.72032285,0.69531095,-0.71671665,-0.053478837
1356078580553,-0.49815822,-0.46875805,-0.72945476,0.5122029,0.5197172,-0.6837706,0.6996331,-0.7142548,-0.018802166
1356078580592,-0.4635379,-0.4706931,-0.75072,0.53471506,0.52698696,-0.66057897,0.70654964,-0.7076247,0.0074082613
1356078580633,-0.44065526,-0.47999614,-0.75856876,0.5431054,0.5302764,-0.6510325,0.7147442,-0.6988638,0.027019441
1356078580672,-0.42886582,-0.49504614,-0.75564784,0.5413989,0.52876484,-0.6536781,0.7231608,-0.689447,0.041248143
1356078580712,-0.42318323,-0.51154226,-0.7478239,0.5330083,0.5268884,-0.6620354,0.73267883,-0.67875856,0.049685895
1356078580752,-0.42227,-0.5276332,-0.737083,0.51911485,0.52583313,-0.6738096,0.7431069,-0.6671602,0.051858604
1356078580791,-0.42607278,-0.54134727,-0.72484833,0.5019126,0.52515566,-0.6872374,0.7526923,-0.6566237,0.0479545
1356078580832,-0.43640617,-0.55165446,-0.7107932,0.48425475,0.52180314,-0.7022954,0.7583185,-0.65069103,0.039423227
1356078580872,-0.4530886,-0.55742836,-0.69568986,0.46892032,0.51467764,-0.71778876,0.75817186,-0.651445,0.028194904
1356078580913,-0.47651178,-0.55798995,-0.6793995,0.45564762,0.5041481,-0.7336347,0.75187874,-0.6591524,0.014014304
1356078580952,-0.5006571,-0.5530835,-0.66591376,0.44490024,0.49548858,-0.74602604,0.74256736,-0.66976845,-0.0020028949
1356078580993,-0.5253863,-0.54398936,-0.65425134,0.43422967,0.48983276,-0.75598174,0.73171973,-0.6812778,-0.021135032
1356078581032,-0.5469602,-0.5312895,-0.6469668,0.42469108,0.48989207,-0.76134306,0.72143745,-0.6911854,-0.04231751
1356078581072,-0.5665717,-0.51662195,-0.64194876,0.41422713,0.4948964,-0.7638674,0.71232885,-0.6986983,-0.06639552
1356078581112,-0.58449686,-0.5004358,-0.63869196,0.40231654,0.5048325,-0.7637313,0.70463103,-0.7033549,-0.09373939
1356078581152,-0.60175395,-0.4835479,-0.63566786,0.386413,0.5202819,-0.7615719,0.6989829,-0.7039093,-0.1262325
1356078581193,-0.61788714,-0.46683422,-0.6326779,0.36352357,0.54387915,-0.7563373,0.69718444,-0.6973244,-0.16635066
1356078581231,-0.6314025,-0.4515376,-0.6304321,0.32929105,0.57992065,-0.74515736,0.70206714,-0.67808986,-0.21747601
1356078581271,-0.64042425,-0.43837455,-0.6306223,0.28299132,0.6286365,-0.724384,0.7139837,-0.64237374,-0.27853787
1356078581312,-0.6447331,-0.4276022,-0.633621,0.22746137,0.6840371,-0.6930762,0.72978115,-0.59097344,-0.34375834
1356078581353,-0.64608073,-0.41903412,-0.63795775,0.17645091,0.7311834,-0.65896577,0.7425932,-0.5383133,-0.39846456
1356078581392,-0.6457383,-0.41253966,-0.64252084,0.14317603,0.7611365,-0.6325914,0.7500151,-0.50048214,-0.4324292
1356078581433,-0.6427924,-0.40786585,-0.6484314,0.13594964,0.7722965,-0.6205448,0.7538804,-0.4870355,-0.4409771
1356078581472,-0.6364676,-0.4046321,-0.6566444,0.15101373,0.7694931,-0.62054425,0.7563755,-0.49411863,-0.4286524
1356078581511,-0.6248617,-0.40225014,-0.66913587,0.18838534,0.7540526,-0.62921834,0.75766677,-0.51922977,-0.39540058
1356078581552,-0.60793126,-0.400253,-0.6857238,0.24218869,0.7290062,-0.64023006,0.75615096,-0.55529046,-0.34624887
1356078581584,-0.5883118,-0.39844298,-0.7036565,0.29935437,0.7010417,-0.64724606,0.7511832,-0.5914251,-0.2931555
1356078581622,-0.56418467,-0.3967623,-0.7240686,0.3611731,0.67001414,-0.64856386,0.74246186,-0.6274239,-0.23471189
1356078581661,-0.5345402,-0.39559987,-0.7468383,0.42343345,0.63941,-0.6417624,0.731417,-0.6592841,-0.17428017
1356078581702,-0.5013175,-0.39579958,-0.7694307,0.47833115,0.6142396,-0.6276218,0.7210272,-0.6826804,-0.11860579
1356078581731,-0.46989912,-0.39831182,-0.7877452,0.5211277,0.59511584,-0.6117704,0.712475,-0.69798625,-0.0720731
1356078581772,-0.43967384,-0.40219197,-0.8030744,0.551715,0.5846146,-0.5948414,0.70872945,-0.70460445,-0.03514433
1356078581823,-0.41696563,-0.4101018,-0.81114507,0.57016337,0.57698846,-0.5848061,0.7078513,-0.7063292,-0.006759286
1356078581843,-0.40072998,-0.4198793,-0.81431997,0.57920635,0.572561,-0.5802533,0.70988417,-0.7041841,0.013754368
1356078581875,-0.3916795,-0.4318825,-0.81244355,0.58135164,0.56824946,-0.58234257,0.71317416,-0.7004071,0.028503954
1356078581907,-0.38668874,-0.4438247,-0.80838823,0.5773545,0.56702805,-0.587487,0.71912,-0.6939012,0.036980808
1356078581936,-0.38562217,-0.45632505,-0.8019121,0.56894207,0.5666207,-0.5960252,0.7263612,-0.686082,0.041121006
1356078581982,-0.38616788,-0.46715045,-0.7953898,0.55562735,0.57049453,-0.6048258,0.7363101,-0.6755046,0.039254904
1356078582023,-0.39040858,-0.47622922,-0.78790027,0.540069,0.5746234,-0.61492556,0.74559146,-0.66559273,0.03285873
1356078582062,-0.39906847,-0.48212013,-0.77993876,0.52660763,0.57582074,-0.6253918,0.7506189,-0.6602959,0.02409631
1356078582094,-0.40987524,-0.4840127,-0.77313256,0.51714796,0.5748975,-0.63407475,0.7513722,-0.6597155,0.014669895
1356078582132,-0.42577204,-0.48183468,-0.7658678,0.5103062,0.5710943,-0.64299226,0.7471987,-0.6645951,0.0027272105
1356078582171,-0.44404852,-0.47460237,-0.7599825,0.5050887,0.56799215,-0.6498233,0.74007183,-0.6724117,-0.01249975
1356078582212,-0.4613805,-0.46273443,-0.75697094,0.5005982,0.56863856,-0.65272635,0.7324818,-0.68009347,-0.03071475
1356078582241,-0.47418088,-0.4476936,-0.75810486,0.49819803,0.57350993,-0.65029615,0.72591406,-0.6860444,-0.04890734
1356078582283,-0.48781347,-0.4318189,-0.7586636,0.4929313,0.58100665,-0.64764965,0.72045594,-0.68990123,-0.07056582
1356078582321,-0.4996778,-0.41269493,-0.7615806,0.48746842,0.59279907,-0.6410645,0.71602845,-0.6915722,-0.09503287
1356078582364,-0.51169,-0.39198354,-0.7645405,0.47949913,0.6080965,-0.6326921,0.7129193,-0.69033873,-0.12320113
1356078582401,-0.52473223,-0.37094566,-0.7661955,0.46646562,0.6276088,-0.62331134,0.71208566,-0.68447536,-0.15629321
1356078582444,-0.5399039,-0.3513186,-0.7649047,0.44253117,0.6545351,-0.6129844,0.7160098,-0.6694468,-0.19791669
1356078582482,-0.5548297,-0.33426398,-0.7618606,0.407511,0.68917334,-0.5991451,0.72532666,-0.64289004,-0.24615765
1356078582523,-0.56832004,-0.32099196,-0.7576124,0.3593388,0.73149,-0.5794808,0.7401946,-0.60157007,-0.30037558
1356078582562,-0.57880676,-0.31150365,-0.75362337,0.30819452,0.77205765,-0.5558265,0.7549827,-0.55397874,-0.35086846
1356078582603,-0.58488744,-0.30525923,-0.75148094,0.2651649,0.8036128,-0.53281707,0.7665471,-0.5109044,-0.38907903
1356078582642,-0.5861775,-0.30132753,-0.75206226,0.24129929,0.82120425,-0.5171057,0.7734149,-0.48458782,-0.40866137
1356078582684,-0.5823689,-0.2985158,-0.75613135,0.24222557,0.8241651,-0.5119361,0.7759982,-0.4812901,-0.40765995
1356078582722,-0.5737806,-0.29571113,-0.76376086,0.2634699,0.8163274,-0.51399726,0.77547365,-0.4961497,-0.39048183
1356078582751,-0.56185675,-0.2920248,-0.77397585,0.29419768,0.8039118,-0.51688844,0.7731525,-0.51811916,-0.36577022
1356078582792,-0.5409887,-0.28578287,-0.79098636,0.34368956,0.7832601,-0.5180551,0.7675993,-0.5521157,-0.32551432
1356078582831,-0.5097584,-0.27545047,-0.81502974,0.406433,0.7578718,-0.5103358,0.75826025,-0.5914029,-0.27437937
1356078582872,-0.46777174,-0.26057264,-0.8445658,0.474373,0.73224723,-0.48865563,0.7457612,-0.6292185,-0.21891588
1356078582912,-0.41475093,-0.241513,-0.8772988,0.5405302,0.71019673,-0.45105174,0.73198956,-0.66128063,-0.16400969
1356078582951,-0.35448003,-0.22059341,-0.90867066,0.59693146,0.6946047,-0.40149367,0.7197337,-0.68473566,-0.11454433
1356078582991,-0.29399723,-0.20164455,-0.9342939,0.6384736,0.68598527,-0.34896374,0.7112785,-0.69911635,-0.07293308
1356078583033,-0.2426146,-0.18952957,-0.9514288,0.6635523,0.68301606,-0.30526635,0.7076981,-0.70538473,-0.039946854
1356078583072,-0.20770895,-0.18797736,-0.95995903,0.67499095,0.68273824,-0.27974218,0.7079859,-0.7060687,-0.0149278045
1356078583113,-0.18856955,-0.19544254,-0.9624156,0.67619365,0.68484664,-0.27156428,0.7121823,-0.7019881,0.0030157566
1356078583152,-0.18483943,-0.21219537,-0.95958716,0.6698977,0.6872214,-0.2810049,0.7190768,-0.69476604,0.015123546
1356078583191,-0.19066441,-0.23340547,-0.9535036,0.6571201,0.6912509,-0.30060834,0.7292739,-0.68388164,0.021578431
1356078583232,-0.2033574,-0.25723803,-0.94470865,0.6387668,0.6963954,-0.32712448,0.7420396,-0.6699717,0.022697985
1356078583263,-0.21875265,-0.28054664,-0.93458045,0.6196244,0.69995403,-0.35514784,0.75379884,-0.65677845,0.020716786
1356078583302,-0.23627752,-0.30082542,-0.92394656,0.6020492,0.7010373,-0.38220882,0.76269907,-0.64656854,0.0154723525
1356078583341,-0.25800642,-0.31833613,-0.9121923,0.5889851,0.6966001,-0.40968877,0.7658519,-0.64297,0.0077679753
1356078583382,-0.28316426,-0.33164823,-0.89990413,0.5809753,0.68724,-0.43608353,0.7630764,-0.6463053,-0.001922369
1356078583411,-0.30567297,-0.3387974,-0.8898204,0.5761646,0.6782044,-0.4561503,0.7580227,-0.6521158,-0.012105703
1356078583452,-0.33245364,-0.34277022,-0.8786257,0.57184464,0.6675694,-0.47680685,0.74997884,-0.6609536,-0.025924563
1356078583484,-0.35405207,-0.33936977,-0.87147874,0.5693151,0.66107804,-0.48872918,0.74197537,-0.66918164,-0.04084772
1356078583522,-0.3748387,-0.33260486,-0.8653727,0.565729,0.657431,-0.49772993,0.7344703,-0.67613494,-0.0582664
1356078583561,-0.39405772,-0.32124305,-0.8611163,0.5614378,0.6576611,-0.50226426,0.7276716,-0.68138444,-0.07879841
1356078583601,-0.41062844,-0.30491966,-0.8593068,0.5572642,0.6620061,-0.50120306,0.72169304,-0.68466926,-0.101917684
1356078583641,-0.42751485,-0.28610265,-0.85754085,0.5502666,0.6702638,-0.49794877,0.7172431,-0.68475664,-0.12911499
1356078583682,-0.4476222,-0.2669831,-0.8534368,0.5349623,0.68481493,-0.49481696,0.71655405,-0.6780476,-0.16371256
1356078583722,-0.4712436,-0.24939385,-0.8460095,0.5063323,0.7088971,-0.49101162,0.72218895,-0.6597481,-0.20778704
1356078583763,-0.49796635,-0.23534621,-0.8346506,0.4592228,0.7448795,-0.48401344,0.73562485,-0.624313,-0.26284856
1356078583802,-0.52246785,-0.22367562,-0.822798,0.40308535,0.78554934,-0.46950448,0.7513652,-0.5769588,-0.32026392
1356078583842,-0.5415368,-0.21339765,-0.8131417,0.35001168,0.82219434,-0.44887447,0.7643492,-0.5276911,-0.37055683
1356078583882,-0.5522079,-0.2018083,-0.80891275,0.3159466,0.84723383,-0.42705104,0.77152073,-0.4913942,-0.4040885
1356078583922,-0.55290616,-0.1861251,-0.8121897,0.31037062,0.85858554,-0.40804526,0.7732818,-0.4776906,-0.41694945
1356078583962,-0.54098475,-0.16265085,-0.82515466,0.33503106,0.8582368,-0.38882366,0.7714206,-0.4868001,-0.40979993
1356078584001,-0.5106398,-0.12616383,-0.8504879,0.38836032,0.8486728,-0.35906923,0.7670875,-0.51365083,-0.38436908
1356078584041,-0.45360172,-0.071082234,-0.88836527,0.46507096,0.8314425,-0.30399406,0.76023316,-0.5510451,-0.34408545
1356078584081,-0.3576793,0.0077288747,-0.9338125,0.5562457,0.8049789,-0.20639688,0.7501042,-0.5932531,-0.29222345
1356078584122,-0.21711057,0.10712612,-0.97025096,0.639816,0.7662936,-0.058562994,0.7372235,-0.63349676,-0.23491144
1356078584162,-0.04437083,0.21054628,-0.97657645,0.68869793,0.71457875,0.122769475,0.72368944,-0.6671188,-0.17670923
1356078584203,0.1170612,0.2891699,-0.9500934,0.6917236,0.6627136,0.28693056,0.71261156,-0.6907905,-0.12244761
1356078584242,0.22692299,0.3266425,-0.91750234,0.67116034,0.63020945,0.39035857,0.7057263,-0.7043725,-0.07622051
1356078584283,0.28292266,0.3303259,-0.9004663,0.6506846,0.6236434,0.4332189,0.7046733,-0.708487,-0.038495123
1356078584322,0.29271087,0.3044719,-0.906431,0.6433507,0.6385901,0.42225885,0.70740384,-0.7067528,-0.008959949
1356078584361,0.27412987,0.26102597,-0.92559075,0.64503586,0.6639525,0.37827998,0.71328926,-0.70073706,0.013638079
1356078584402,0.23281983,0.20095988,-0.95153034,0.65245074,0.693279,0.30605927,0.72118163,-0.69208336,0.03029269
1356078584431,0.17892972,0.13093826,-0.9751098,0.6604259,0.71864474,0.21768613,0.72926104,-0.6829384,0.042111874
1356078584472,0.11970642,0.06125328,-0.990918,0.66308177,0.73791456,0.1257166,0.73891336,-0.67210877,0.047717154
1356078584513,0.051739655,-0.0129211545,-0.998577,0.66168934,0.7493748,0.02458781,0.74799085,-0.6620199,0.047322154
1356078584552,-0.018251598,-0.08484542,-0.996227,0.6568809,0.75016207,-0.07592338,0.75377345,-0.6557882,0.04204166
1356078584591,-0.08714357,-0.1497905,-0.98487,0.6505115,0.7401949,-0.1701362,0.75448054,-0.65549546,0.03293723
1356078584632,-0.15543634,-0.20603755,-0.9661201,0.64314604,0.7212265,-0.25728476,0.74980175,-0.66134775,0.020407438
1356078584672,-0.2220816,-0.2523141,-0.941816,0.6335107,0.696927,-0.33609068,0.74117744,-0.67129004,0.0050690174
1356078584731,-0.28775176,-0.28881752,-0.9131174,0.6204065,0.67012334,-0.40746832,0.7295853,-0.6837537,-0.013644934
1356078584753,-0.3464151,-0.313771,-0.88404995,0.6045537,0.64592546,-0.4661492,0.7172945,-0.6959368,-0.034066916
1356078584787,-0.40002814,-0.32979733,-0.855109,0.5856545,0.6256882,-0.5152894,0.7049726,-0.7069286,-0.057145596
1356078584827,-0.44534728,-0.3363984,-0.82976013,0.565912,0.6123955,-0.55201036,0.69383675,-0.71540755,-0.08235675
1356078584871,-0.48515055,-0.33694014,-0.8069077,0.5432041,0.6070032,-0.5800657,0.68524307,-0.7197349,-0.111460686
1356078584913,-0.52021444,-0.33295056,-0.786461,0.5145624,0.6127702,-0.59978175,0.6816175,-0.7166984,-0.14744806
1356078584951,-0.5501228,-0.32590616,-0.7688629,0.47681707,0.6332752,-0.60959655,0.68557304,-0.7019599,-0.19298148
1356078584991,-0.5745491,-0.3173753,-0.7544311,0.4262672,0.6708478,-0.6068439,0.6987057,-0.67025083,-0.2501483
1356078585032,-0.59289634,-0.30775207,-0.74415225,0.36518514,0.72085416,-0.58907473,0.71771425,-0.62101364,-0.3150053
1356078585072,-0.60540134,-0.2970933,-0.7383935,0.30634227,0.76927614,-0.5606859,0.73460454,-0.56564105,-0.3747086
1356078585112,-0.61265504,-0.2851821,-0.7371059,0.26398554,0.8052321,-0.5309547,0.7449601,-0.5198773,-0.41804558
1356078585153,-0.61423457,-0.27031055,-0.7413825,0.24947706,0.82479745,-0.50741535,0.7486501,-0.49663,-0.43918282
1356078585192,-0.6087685,-0.24998067,-0.75293463,0.2632925,0.8316098,-0.4889808,0.7483836,-0.49591818,-0.44043982
1356078585233,-0.5917285,-0.22100803,-0.77525026,0.3060337,0.8281059,-0.4696637,0.74578875,-0.51516604,-0.422378
1356078585272,-0.55665183,-0.17816865,-0.81141514,0.37417376,0.8182767,-0.43636823,0.7417093,-0.54651546,-0.38882917
1356078585311,-0.49324086,-0.11643295,-0.8620654,0.46358538,0.80336726,-0.37375084,0.736072,-0.5839901,-0.34227693
1356078585352,-0.39008248,-0.032232493,-0.92021555,0.56245375,0.7829238,-0.26584962,0.7290277,-0.621282,-0.28727555
1356078585381,-0.25635916,0.062736005,-0.96454346,0.64339936,0.75577134,-0.12184754,0.72133005,-0.6518234,-0.23411322
1356078585422,-0.09626615,0.15989062,-0.98242956,0.6921668,0.7200475,0.049364,0.7152888,-0.67525303,-0.17998719
1356078585461,0.04962969,0.23292883,-0.9712266,0.7004944,0.68503493,0.20008688,0.71193016,-0.690269,-0.12916726
1356078585501,0.1521138,0.2703536,-0.9506684,0.6857929,0.66376823,0.29849598,0.7117229,-0.69736695,-0.084438264
1356078585542,0.20621729,0.27406567,-0.93934155,0.66844374,0.6616132,0.33978078,0.71460307,-0.6979656,-0.046761394
1356078585583,0.21833068,0.24857152,-0.9436863,0.65914303,0.6755308,0.33043694,0.71962637,-0.6941688,-0.016355097
1356078585622,0.19730705,0.1991816,-0.95989406,0.65890163,0.6980597,0.28028774,0.7258915,-0.68777853,0.0064910054
1356078585664,0.14781412,0.1302861,-0.9803961,0.66265154,0.7228348,0.19596624,0.7341961,-0.67862755,0.020510912
1356078585702,0.0738363,0.043548524,-0.99631906,0.663772,0.7434608,0.08168778,0.74428153,-0.6673602,0.025988102
1356078585744,-0.011322409,-0.046506286,-0.99885386,0.6540305,0.75526893,-0.042578727,0.7563835,-0.65376294,0.02186507
1356078585783,-0.094701245,-0.13319102,-0.9865556,0.63584924,0.7544289,-0.16288881,0.76598144,-0.64272636,0.013244033
1356078585821,-0.16774246,-0.20490034,-0.964302,0.6149062,0.74281275,-0.26480126,0.77055365,-0.6373736,0.0013932586
1356078585861,-0.23213129,-0.26217592,-0.9366851,0.59462076,0.7238454,-0.3499628,0.76976705,-0.6382097,-0.012131929
1356078585901,-0.28705853,-0.30436653,-0.9082722,0.57581466,0.70292187,-0.4175383,0.7655291,-0.64285445,-0.026521027
1356078585941,-0.33225337,-0.33244503,-0.8826597,0.55886316,0.68446517,-0.468166,0.75978935,-0.64883566,-0.041624606
1356078585982,-0.3687222,-0.34849256,-0.8617406,0.5440263,0.6707958,-0.50405186,0.75371027,-0.6546647,-0.0577482
1356078586024,-0.3972924,-0.35419303,-0.8465849,0.53182465,0.6629448,-0.52694094,0.74787784,-0.6595844,-0.07501435
1356078586062,-0.41945738,-0.35141855,-0.83699495,0.52225554,0.66073793,-0.53914243,0.74249893,-0.66327256,-0.093621135
1356078586103,-0.44031674,-0.34290826,-0.82978016,0.5113505,0.66388106,-0.54569453,0.73799855,-0.66458696,-0.11697167
1356078586142,-0.4608727,-0.32825747,-0.8245261,0.49620888,0.6749668,-0.54607373,0.7357805,-0.66080767,-0.14818949
1356078586184,-0.48695856,-0.3102699,-0.8164582,0.46568865,0.6985956,-0.5432296,0.7389219,-0.6447456,-0.1956979
1356078586222,-0.513276,-0.2875717,-0.8086101,0.42469963,0.73362887,-0.53048927,0.74577343,-0.61570376,-0.25442243
1356078586261,-0.54161316,-0.2640952,-0.7980657,0.37120825,0.7766542,-0.50893295,0.7542278,-0.57189333,-0.3226118
1356078586302,-0.5657984,-0.23843846,-0.7893157,0.3232669,0.8164915,-0.4783724,0.7585319,-0.525822,-0.38489032
1356078586341,-0.58155763,-0.21060362,-0.7857715,0.29759422,0.8438821,-0.44643104,0.75711846,-0.49346644,-0.42809165
1356078586382,-0.5852626,-0.17947361,-0.7907319,0.30232972,0.8565721,-0.41818774,0.7523725,-0.48381138,-0.4470594
1356078586422,-0.5731375,-0.14444794,-0.80662763,0.3374107,0.8554299,-0.39292952,0.74677134,-0.49736747,-0.44154072
1356078586465,-0.5405245,-0.10444155,-0.8348205,0.3975295,0.8428073,-0.36283073,0.7414874,-0.5279847,-0.41403937
1356078586502,-0.4872052,-0.060929775,-0.8711593,0.46974748,0.822665,-0.32024938,0.73618495,-0.5652521,-0.37218505
1356078586543,-0.41073912,-0.01771316,-0.9115808,0.54628897,0.7956946,-0.26160765,0.7299738,-0.605439,-0.31714636
1356078586582,-0.32100236,0.020337135,-0.94686,0.6121273,0.76733536,-0.19104081,0.72267395,-0.64092344,-0.2587654
1356078586624,-0.2241578,0.04877609,-0.9733316,0.6611595,0.7413616,-0.11511323,0.7159759,-0.66933084,-0.19843078
1356078586662,-0.13956766,0.0627248,-0.9882239,0.68884563,0.72308415,-0.05139044,0.7113457,-0.68790615,-0.14412689
1356078586701,-0.07460159,0.06375399,-0.99517334,0.6993567,0.714742,-0.0066375434,0.71086895,-0.69647634,-0.09790766
1356078586742,-0.034247175,0.051478267,-0.9980867,0.69889003,0.71511275,0.012902439,0.71440876,-0.697111,-0.060468256
1356078586781,-0.015700921,0.027867109,-0.9994883,0.69349337,0.7204044,0.009191811,0.7202919,-0.6929942,-0.030636668
1356078586822,-0.0131845325,-0.0044119954,-0.9999034,0.6868991,0.7266493,-0.012263596,0.72663325,-0.68699443,-0.0065499544
1356078586862,-0.022160143,-0.042938262,-0.99883187,0.6802628,0.7314894,-0.046537966,0.73263323,-0.68049943,0.012999415
