1356078635476,0.18771222,-0.07994652,0.97896516,-0.8919415,0.40352544,0.20397946,-0.4113448,-0.911469,0.004439056
1356078635511,-0.39305013,0.17297947,-0.9031001,0.8223792,-0.37323183,-0.42940724,-0.41134435,-0.9114692,0.0044441223
1356078635554,-0.39295524,0.17289129,-0.9031582,0.82242894,-0.37326312,-0.42928442,-0.41133523,-0.91147304,0.0044849515
1356078635593,-0.3927182,0.17265329,-0.90330684,0.822562,-0.3733313,-0.42897046,-0.4112959,-0.9114903,0.004595995
1356078635632,-0.3926735,0.17249241,-0.9033569,0.8226222,-0.37332082,-0.4288637,-0.41121778,-0.91152495,0.0046972036
1356078635674,-0.3935755,0.17297518,-0.90287197,0.82223517,-0.3729989,-0.429885,-0.41112968,-0.9115653,0.0045769215
1356078635716,-0.39585584,0.17445141,-0.90159017,0.82117087,-0.37223655,-0.43257174,-0.41106755,-0.9115956,0.004097581
1356078635754,-0.3991493,0.17667398,-0.8997034,0.819584,-0.37115943,-0.436489,-0.41104963,-0.9116068,0.0033488274
1356078635797,-0.40295237,0.17941079,-0.89746374,0.8176677,-0.36995447,-0.44108182,-0.41115552,-0.91156214,0.0023755431
1356078635833,-0.4069298,0.18257639,-0.8950274,0.8155091,-0.36880946,-0.44600964,-0.41152537,-0.9113976,0.0011867881
1356078635874,-0.41120046,0.18675464,-0.89220893,0.8128699,-0.3678038,-0.4516225,-0.4125005,-0.9109572,-5.660653E-4
1356078635914,-0.41697186,0.1926837,-0.8882609,0.8090335,-0.36671656,-0.4593296,-0.4142453,-0.9101604,-0.0029771328
1356078635950,-0.42369127,0.19994411,-0.88346374,0.80424786,-0.3656882,-0.46846294,-0.41673866,-0.90900743,-0.005865693
1356078635994,-0.4313349,0.20852718,-0.8777623,0.7984141,-0.3648082,-0.47900927,-0.42010128,-0.90743124,-0.009136617
1356078636053,-0.43916363,0.21773848,-0.8716222,0.79197836,-0.3642137,-0.49001896,-0.42415273,-0.90550447,-0.012494743
1356078636076,-0.44627357,0.22664553,-0.86572033,0.7856268,-0.3640135,-0.50028455,-0.4285211,-0.90339684,-0.015609205
1356078636108,-0.45183498,0.2343519,-0.8607696,0.7800733,-0.36433643,-0.5086696,-0.43281737,-0.90129805,-0.018191695
1356078636146,-0.4592144,0.24195689,-0.8547391,0.77362293,-0.36398894,-0.518671,-0.4366116,-0.899427,-0.020034432
1356078636189,-0.45627397,0.24361032,-0.8558435,0.7736717,-0.36653912,-0.5167989,-0.43959767,-0.8979438,-0.021232188
1356078636232,-0.4532221,0.24440253,-0.8572381,0.77433884,-0.36844575,-0.51443875,-0.44157583,-0.89694774,-0.022262633
1356078636273,-0.45024335,0.2448389,-0.85868204,0.7755948,-0.3692513,-0.51196307,-0.44241798,-0.8964973,-0.023642838
1356078636311,-0.44719148,0.24488154,-0.8602632,0.77761126,-0.3688137,-0.5092125,-0.44197357,-0.8966658,-0.02549237
1356078636352,-0.44322258,0.24365601,-0.86266196,0.78095174,-0.36749262,-0.50503814,-0.44007745,-0.89754164,-0.02740264
1356078636381,-0.4383083,0.24104431,-0.8659004,0.78520286,-0.36615336,-0.49938783,-0.43742692,-0.8987932,-0.02878064
1356078636423,-0.42980975,0.23433533,-0.87198085,0.7923988,-0.36507893,-0.48869377,-0.43286008,-0.9010019,-0.028772533
1356078636461,-0.41679728,0.22272518,-0.88129085,0.80276585,-0.36463654,-0.47181284,-0.4264354,-0.90412045,-0.026816607
1356078636501,-0.39828646,0.20570883,-0.893897,0.81646276,-0.3646325,-0.44769606,-0.4180389,-0.90814483,-0.022725463
1356078636542,-0.37406534,0.18389902,-0.90898633,0.83301973,-0.3641731,-0.41648036,-0.40761876,-0.91299456,-0.016966939
1356078636582,-0.3450423,0.1591332,-0.92499864,0.8513583,-0.36183482,-0.37982175,-0.395139,-0.9185598,-0.010631084
1356078636622,-0.31402194,0.13492224,-0.93977994,0.86951935,-0.3565821,-0.34173852,-0.38121682,-0.92447025,-0.0053429008
1356078636663,-0.28370214,0.11373472,-0.95214367,0.88658035,-0.34721494,-0.305642,-0.36536062,-0.93086314,-0.0023293197
1356078636703,-0.25561512,0.09707889,-0.96189225,0.90162325,-0.3351351,-0.27342263,-0.34890738,-0.93715537,-0.0018630326
1356078636744,-0.23301435,0.08649516,-0.9686191,0.91430736,-0.31982148,-0.24850819,-0.3312799,-0.9435215,-0.0045601428
1356078636782,-0.21455884,0.08060038,-0.97337973,0.9246808,-0.30417,-0.22901097,-0.3145313,-0.94920194,-0.00926733
1356078636823,-0.2026475,0.07990304,-0.97598636,0.93251646,-0.2884791,-0.21723923,-0.29890975,-0.9541464,-0.016051352
1356078636863,-0.19618237,0.08300498,-0.9770479,0.93805575,-0.27432162,-0.21165806,-0.28559408,-0.958049,-0.024046242
1356078636902,-0.19562507,0.0895865,-0.9765783,0.94125104,-0.26237458,-0.21261734,-0.27527696,-0.96079856,-0.032996327
1356078636945,-0.20082682,0.099126905,-0.97459865,0.94205606,-0.25333673,-0.21988809,-0.26869848,-0.962286,-0.042506337
1356078636982,-0.21000642,0.10976273,-0.97151923,0.9408849,-0.24742317,-0.23133838,-0.26576868,-0.9626702,-0.0513137
1356078637024,-0.22318685,0.12170148,-0.96714866,0.9376056,-0.24457139,-0.24714494,-0.2666148,-0.9619634,-0.059522927
1356078637062,-0.24035126,0.13464153,-0.96130276,0.93261635,-0.2425977,-0.26715747,-0.2691803,-0.9607383,-0.067260206
1356078637104,-0.26070762,0.14871278,-0.9538952,0.9263109,-0.23983997,-0.29055977,-0.27199212,-0.95935464,-0.07522613
1356078637143,-0.28184503,0.16178337,-0.94572175,0.9195334,-0.23583984,-0.31438512,-0.27390113,-0.95823056,-0.082295
1356078637181,-0.30086035,0.17265174,-0.9379096,0.91296685,-0.23210698,-0.33558583,-0.27563486,-0.9572449,-0.08779359
1356078637223,-0.31761086,0.18156147,-0.93067646,0.9062371,-0.23069954,-0.35427663,-0.27902958,-0.9559357,-0.09126508
1356078637262,-0.33206588,0.18946555,-0.924032,0.8990803,-0.23270577,-0.3708136,-0.285284,-0.95391345,-0.0930711
1356078637304,-0.3439322,0.19735307,-0.91802096,0.8916947,-0.2377373,-0.38517722,-0.29426375,-0.95106924,-0.09421319
1356078637342,-0.35396338,0.20700872,-0.91206217,0.8837007,-0.24529052,-0.39862964,-0.30624,-0.94709027,-0.09610987
1356078637382,-0.36224896,0.21987495,-0.9057763,0.8752198,-0.2539839,-0.41168243,-0.32057124,-0.94188493,-0.10043347
1356078637422,-0.36991882,0.23754984,-0.89818156,0.86601025,-0.26191747,-0.4259406,-0.33643162,-0.93539786,-0.10883236
1356078637463,-0.3796156,0.26272947,-0.8870543,0.85508174,-0.26638436,-0.44483107,-0.35316765,-0.9273687,-0.12353152
1356078637502,-0.38904905,0.2935169,-0.8732059,0.844121,-0.26601273,-0.46550724,-0.36891815,-0.91819656,-0.14427179
1356078637544,-0.4083392,0.3363474,-0.8486045,0.82854944,-0.25358677,-0.49919897,-0.38309914,-0.9069533,-0.17513102
1356078637581,-0.43160355,0.38537323,-0.81560147,0.81147695,-0.22902566,-0.5376359,-0.39398417,-0.8938874,-0.21387321
1356078637621,-0.4667213,0.44260448,-0.76568425,0.7894793,-0.18170929,-0.5862628,-0.39861453,-0.87811327,-0.26461947
1356078637662,-0.50688744,0.49949276,-0.70254695,0.7676406,-0.109220386,-0.6315053,-0.3921647,-0.8594056,-0.3280685
1356078637694,-0.54146767,0.5445034,-0.6405691,0.75297195,-0.024826527,-0.65758413,-0.3739599,-0.8383911,-0.39655304
1356078637732,-0.56779385,0.5757218,-0.5883491,0.7497131,0.06653893,-0.65840936,-0.33991247,-0.8149338,-0.4694065
1356078637771,-0.58471274,0.5944365,-0.55204725,0.7555369,0.15121734,-0.6374145,-0.2954233,-0.78979653,-0.53753746
1356078637813,-0.5947951,0.6042671,-0.53016984,0.7618313,0.21321583,-0.61167985,-0.2565774,-0.7677241,-0.5871693
1356078637851,-0.60037166,0.60822093,-0.51925063,0.7644856,0.24588293,-0.59590554,-0.23476735,-0.7547244,-0.6125972
1356078637890,-0.6014712,0.60749584,-0.5188268,0.7644585,0.24904016,-0.5946278,-0.23202527,-0.754273,-0.6141958
1356078637931,-0.5964316,0.60196424,-0.53095055,0.7647654,0.22531977,-0.6036265,-0.24372786,-0.76607454,-0.5947492
1356078637971,-0.5822812,0.5904323,-0.5588723,0.76873267,0.1761502,-0.6148343,-0.26457256,-0.78762984,-0.5564535
1356078638010,-0.55722284,0.5716615,-0.60225075,0.77845466,0.10722369,-0.6184751,-0.28898275,-0.8134533,-0.5047601
1356078638053,-0.5151213,0.5410318,-0.66478175,0.797445,0.018186271,-0.6031175,-0.31421584,-0.8408055,-0.44081116
1356078638091,-0.45776504,0.49775016,-0.73667896,0.8236953,-0.074430466,-0.5621264,-0.3346299,-0.86412084,-0.37592286
1356078638131,-0.38263816,0.43842041,-0.81325,0.85603416,-0.16289222,-0.4905829,-0.34755367,-0.8838855,-0.31297404
1356078638170,-0.2982403,0.36710596,-0.88107085,0.88735163,-0.2334429,-0.39763236,-0.35165295,-0.9004097,-0.25612998
1356078638203,-0.22202802,0.29672897,-0.9287925,0.91024184,-0.27838516,-0.30653146,-0.34951878,-0.91348433,-0.20828581
1356078638243,-0.16113359,0.23520774,-0.9584954,0.92627496,-0.29918563,-0.22913492,-0.34066227,-0.9247515,-0.16965824
1356078638281,-0.12390077,0.1895357,-0.97402513,0.93670714,-0.30158418,-0.17783907,-0.32745734,-0.9344107,-0.14017305
1356078638323,-0.107984245,0.15989214,-0.9812104,0.94467324,-0.2909916,-0.15138152,-0.30972868,-0.9432701,-0.11962333
1356078638362,-0.108841956,0.14279017,-0.98375016,0.95079863,-0.27381438,-0.14494005,-0.29006094,-0.95112395,-0.10596219
1356078638400,-0.11802757,0.1334697,-0.9839997,0.9556532,-0.25397474,-0.14907667,-0.26980832,-0.9579575,-0.09757468
1356078638441,-0.13164192,0.12928838,-0.9828301,0.95821327,-0.23740923,-0.15957513,-0.25396413,-0.9627676,-0.09263283
1356078638480,-0.14700645,0.12971094,-0.9805938,0.9577962,-0.228903,-0.17386752,-0.24701336,-0.9647686,-0.090586424
1356078638520,-0.16282904,0.13521549,-0.97734517,0.9543997,-0.22962213,-0.19077444,-0.2502157,-0.96384156,-0.0916605
1356078638562,-0.17882264,0.14707452,-0.9728266,0.94801396,-0.23878354,-0.21036157,-0.26323378,-0.9598706,-0.09672886
1356078638601,-0.189444,0.1620341,-0.9684296,0.9408017,-0.25237972,-0.22626671,-0.28107494,-0.95396507,-0.10463011
1356078638643,-0.19689536,0.18133292,-0.96350956,0.9322597,-0.26961112,-0.24125028,-0.3035195,-0.94574213,-0.115964174
1356078638680,-0.19120514,0.1984927,-0.96127063,0.9258506,-0.28874075,-0.24378175,-0.32594687,-0.9366053,-0.12856591
1356078638713,-0.17734885,0.21377736,-0.9606491,0.9209356,-0.30814385,-0.23858973,-0.3470232,-0.92700946,-0.14222622
1356078638751,-0.16363657,0.23261186,-0.95870477,0.91570354,-0.3257392,-0.2353315,-0.36702865,-0.91639817,-0.15970069
1356078638791,-0.15400463,0.26035652,-0.9531511,0.9103781,-0.33756083,-0.23929957,-0.38404968,-0.9045812,-0.1850369
1356078638830,-0.16318578,0.3075605,-0.937431,0.90490943,-0.3319037,-0.2664184,-0.39307663,-0.8917659,-0.22415239
1356078638861,-0.19037288,0.36749345,-0.9103334,0.8996716,-0.305786,-0.31158632,-0.39287308,-0.8783186,-0.2724101
1356078638902,-0.26454556,0.45202196,-0.8518754,0.8902925,-0.22505164,-0.39589265,-0.37066817,-0.86315,-0.34289527
1356078638941,-0.3422581,0.5242886,-0.7797313,0.87942094,-0.11348188,-0.46232104,-0.330875,-0.84394515,-0.42223024
1356078639000,-0.39777443,0.56865823,-0.7200023,0.8708657,-0.0129520595,-0.49135035,-0.288736,-0.8224719,-0.49007297
1356078639021,-0.430016,0.59070754,-0.68275243,0.86465466,0.05190155,-0.49967846,-0.2597279,-0.80521476,-0.5330766
1356078639058,-0.44281435,0.59750587,-0.6685075,0.86118,0.07589835,-0.5026018,-0.24956886,-0.79826456,-0.54816896
1356078639085,-0.44628426,0.59659886,-0.6670084,0.8594248,0.07797763,-0.5052806,-0.24943808,-0.7987423,-0.54753214
1356078639127,-0.4220379,0.5830921,-0.6941813,0.8673234,0.036811054,-0.49638194,-0.26388282,-0.81157166,-0.52126515
1356078639171,-0.37100518,0.5550734,-0.7444789,0.8832021,-0.03676641,-0.46754926,-0.28689593,-0.83098847,-0.47660148
1356078639210,-0.28599375,0.50619066,-0.8136206,0.90582836,-0.13412678,-0.4018519,-0.31254202,-0.85192776,-0.4201625
1356078639250,-0.1620794,0.42825472,-0.889004,0.9282043,-0.23960584,-0.28465012,-0.33491334,-0.87131333,-0.35867274
1356078639293,-0.004134834,0.3174485,-0.9482665,0.9370271,-0.32994086,-0.114539206,-0.3492322,-0.88902503,-0.29609355
1356078639331,0.13735381,0.20407057,-0.9692725,0.9250783,-0.37621573,0.051882684,-0.35406783,-0.9037792,-0.24045593
1356078639371,0.23593882,0.11446202,-0.96500325,0.90704453,-0.38228896,0.17642367,-0.34871635,-0.91692615,-0.1940189
1356078639410,0.28339112,0.06005928,-0.9571219,0.8984151,-0.36575025,0.24305803,-0.33546966,-0.9287732,-0.15760857
1356078639451,0.29215246,0.033901304,-0.9557707,0.90210843,-0.3416114,0.2636324,-0.31756467,-0.9392296,-0.13038523
1356078639490,0.2752605,0.025831968,-0.9610225,0.913911,-0.31723237,0.25323948,-0.29832575,-0.9479959,-0.11092967
1356078639531,0.24110463,0.029193044,-0.97006,0.92943126,-0.29463783,0.22213963,-0.27933148,-0.955163,-0.09817144
1356078639570,0.195375,0.03959611,-0.979929,0.94543195,-0.27325407,0.17745566,-0.26074305,-0.96112657,-0.0908224
1356078639611,0.14537871,0.052513003,-0.9879814,0.9590299,-0.25290352,0.12767628,-0.24315935,-0.9660653,-0.08712831
1356078639650,0.097954094,0.06459522,-0.9930924,0.9684223,-0.23607582,0.0801653,-0.22926679,-0.9695853,-0.08568001
1356078639690,0.056317687,0.07536811,-0.99556416,0.9733246,-0.22627538,0.037929684,-0.222413,-0.97114325,-0.086100996
1356078639732,0.020136654,0.08692911,-0.9960109,0.9742967,-0.22526854,3.6805868E-5,-0.22436675,-0.97041094,-0.089230895
1356078639771,-0.0075194836,0.09933323,-0.99502575,0.9726545,-0.23026663,-0.03033793,-0.23213482,-0.96804446,-0.09488541
1356078639811,-0.026830196,0.11330104,-0.99319834,0.96942806,-0.2394709,-0.053506196,-0.24390441,-0.96426994,-0.10341212
1356078639850,-0.03265935,0.12716416,-0.99134386,0.965729,-0.2515185,-0.06407887,-0.25748983,-0.9594622,-0.11459166
1356078639883,-0.01828432,0.13696596,-0.990407,0.96251976,-0.2656771,-0.054510683,-0.27059457,-0.954283,-0.12697473
1356078639930,-0.010025501,0.15522832,-0.9878278,0.95830137,-0.2806443,-0.05382657,-0.28558362,-0.94717634,-0.14594188
1356078639971,0.023149133,0.17083362,-0.9850279,0.9535301,-0.29984123,-0.029592663,-0.3004074,-0.9385686,-0.16983601
1356078640010,0.04187441,0.1985588,-0.97919405,0.94857347,-0.3156873,-0.023449391,-0.3137752,-0.9278555,-0.20156679
1356078640050,0.021070838,0.25014392,-0.96797943,0.9464936,-0.31685174,-0.06127721,-0.32203403,-0.9148951,-0.24343598
1356078640090,-0.07270396,0.33678088,-0.93877196,0.94511783,-0.27735913,-0.17269695,-0.31853795,-0.8998059,-0.29813254
1356078640140,-0.23873276,0.44249922,-0.8644079,0.92649025,-0.16286439,-0.33925062,-0.2908994,-0.8818558,-0.37109017
1356078640183,-0.35249236,0.50471973,-0.78804004,0.90150094,-0.042799503,-0.43065572,-0.2510881,-0.8622217,-0.43991876
1356078640220,-0.41289705,0.5348201,-0.7372134,0.88596356,0.04819709,-0.46124363,-0.21115083,-0.84359026,-0.4937315
1356078640250,-0.44465542,0.54946953,-0.7073647,0.8769693,0.1064024,-0.46861863,-0.18222636,-0.8287109,-0.5291803
1356078640289,-0.45343548,0.55519116,-0.6972511,0.874647,0.12670672,-0.4679082,-0.17143205,-0.82201475,-0.54304963
1356078640330,-0.44452062,0.55373776,-0.7041136,0.8781041,0.11403784,-0.46468115,-0.17701593,-0.82484543,-0.5369315
1356078640370,-0.4099378,0.5435729,-0.7324477,0.8912481,0.06793457,-0.44839907,-0.19397902,-0.8366083,-0.5123073
1356078640410,-0.3434761,0.5208454,-0.78150123,0.91384304,-0.0065613687,-0.4060144,-0.21659845,-0.8536258,-0.47371727
1356078640450,-0.23439842,0.47711855,-0.8470037,0.9416583,-0.10503703,-0.3197605,-0.24153042,-0.87253946,-0.4246621
1356078640490,-0.079153895,0.402434,-0.91202056,0.96096516,-0.21250159,-0.17716926,-0.2651048,-0.8904436,-0.3699047
1356078640532,0.1121645,0.29198766,-0.9498223,0.952247,-0.30475152,0.018766254,-0.28398025,-0.9065703,-0.31222668
1356078640570,0.278249,0.17644355,-0.94416374,0.913854,-0.35126677,0.20367253,-0.29571658,-0.9194995,-0.25898328
1356078640612,0.39528388,0.080742925,-0.9150034,0.86852884,-0.35711676,0.3436935,-0.2990123,-0.93056333,-0.21129002
1356078640649,0.45731965,0.01821497,-0.8891158,0.8384315,-0.34212884,0.4242409,-0.29646465,-0.93947643,-0.17173423
1356078640691,0.48270792,-0.017477155,-0.8756069,0.82672745,-0.32081938,0.462165,-0.28898904,-0.94697905,-0.1404132
1356078640730,0.48153353,-0.03286031,-0.87581146,0.83120203,-0.2997375,0.46825272,-0.2779005,-0.9534556,-0.117020085
1356078640770,0.4611801,-0.033647954,-0.8866684,0.84711796,-0.28063655,0.4512587,-0.2640155,-0.9592242,-0.100920215
1356078640810,0.42642432,-0.02374062,-0.90421164,0.8700113,-0.26273507,0.41719377,-0.24747252,-0.9645759,-0.09138201
1356078640841,0.38835362,-0.011640549,-0.9214369,0.8917408,-0.24735728,0.37896258,-0.23233548,-0.96885437,-0.08568174
1356078640880,0.34997982,0.0021258593,-0.9367549,0.91064507,-0.23523521,0.33969116,-0.21963555,-0.9719362,-0.08426352
1356078640920,0.31523085,0.015054613,-0.94889563,0.9246503,-0.22998428,0.30352756,-0.21366161,-0.9730779,-0.08641839
1356078640961,0.2869437,0.027027845,-0.957566,0.9331897,-0.23367551,0.27304345,-0.21637997,-0.9719389,-0.09227377
1356078641000,0.267651,0.038428307,-0.96274936,0.9366265,-0.24478886,0.2506179,-0.22603944,-0.9688146,-0.101511
1356078641042,0.25829256,0.050134867,-0.96476495,0.93559086,-0.2618394,0.2368752,-0.2407378,-0.9638084,-0.11453688
1356078641080,0.26769978,0.05845362,-0.9617276,0.92876565,-0.2812578,0.24142992,-0.25638095,-0.95785034,-0.12958238
1356078641122,0.28470492,0.06803441,-0.956198,0.9188035,-0.3038426,0.2519522,-0.2733922,-0.9502901,-0.14901575
1356078641161,0.3200856,0.07381776,-0.94450843,0.9018421,-0.32914382,0.27990225,-0.29021737,-0.94139016,-0.17192614
1356078641201,0.34832802,0.087782264,-0.9332534,0.8858273,-0.3564283,0.29710087,-0.3065577,-0.93018985,-0.20191391
1356078641240,0.34911028,0.12467739,-0.9287505,0.8809594,-0.38150874,0.27993143,-0.3194253,-0.91591847,-0.24302441
1356078641274,0.30952877,0.19112515,-0.93148434,0.89356756,-0.3934381,0.21620217,-0.32515982,-0.89926505,-0.2925636
1356078641320,0.12948906,0.33976996,-0.9315519,0.9414401,-0.33708733,0.007915825,-0.31132478,-0.8780253,-0.36352214
1356078641361,-0.05982691,0.46932042,-0.88099885,0.9567237,-0.22483385,-0.18474144,-0.28478134,-0.85392505,-0.43555886
1356078641400,-0.18845475,0.5460335,-0.8162918,0.9485434,-0.114160836,-0.29535168,-0.25446048,-0.8299486,-0.49642235
1356078641440,-0.24593922,0.5825203,-0.77471536,0.9407901,-0.04891607,-0.33544168,-0.23329765,-0.81134284,-0.53599894
1356078641481,-0.2475133,0.5949501,-0.76470363,0.9415928,-0.038303614,-0.33456808,-0.2283422,-0.8028495,-0.5507201
1356078641520,-0.20403534,0.5890985,-0.7818776,0.9501557,-0.07316035,-0.3030705,-0.23574084,-0.8047425,-0.54480803
1356078641562,-0.09465921,0.55325043,-0.82761925,0.9629998,-0.15983385,-0.21698982,-0.25233132,-0.81753725,-0.5176503
1356078641601,0.06744933,0.47872514,-0.87537014,0.9602335,-0.26939392,-0.07333872,-0.2709285,-0.83561313,-0.4778583
1356078641640,0.26627347,0.35748386,-0.89515567,0.9196683,-0.37231007,0.124881566,-0.28863236,-0.856499,-0.42790282
1356078641679,0.4490647,0.21308771,-0.867718,0.84070647,-0.42964104,0.3295775,-0.3025783,-0.87749773,-0.3720808
1356078641721,0.57605004,0.08633712,-0.8128421,0.7562059,-0.4338402,0.48983192,-0.31035286,-0.8968437,-0.3152023
1356078641760,0.64873147,-0.0030124784,-0.7610115,0.6946536,-0.4060687,0.59377146,-0.31081167,-0.91383755,-0.26133692
1356078641801,0.6855239,-0.05811748,-0.7257267,0.6612923,-0.36726612,0.6540703,-0.30454776,-0.9282984,-0.21333706
1356078641841,0.70157045,-0.08893025,-0.7070292,0.64954346,-0.3282522,0.68581617,-0.29307368,-0.9403945,-0.17252797
1356078641881,0.70586044,-0.10431507,-0.70062786,0.6510987,-0.29400778,0.69973564,-0.27898306,-0.9500936,-0.13960904
1356078641923,0.70164466,-0.10808951,-0.7042808,0.6622137,-0.26591122,0.7005458,-0.2629978,-0.9579185,-0.11499682
1356078641979,0.69084525,-0.10383028,-0.71550834,0.6795613,-0.24461772,0.6916348,-0.2468386,-0.96404433,-0.09843397
1356078642001,0.6732748,-0.09199771,-0.73364663,0.702556,-0.22968088,0.6735442,-0.23046911,-0.96890825,-0.09000483
1356078642037,0.6518871,-0.07723826,-0.75437224,0.72664505,-0.22086953,0.65054107,-0.21686447,-0.9722402,-0.08785722
1356078642076,0.6314749,-0.06445345,-0.77271295,0.74651825,-0.218897,0.62832683,-0.20964238,-0.9736169,-0.09011228
1356078642121,0.6160011,-0.056673914,-0.78570396,0.7588669,-0.22489339,0.61118245,-0.21133775,-0.97273374,-0.09552662
1356078642161,0.6067238,-0.05398494,-0.7930774,0.76358545,-0.23774546,0.6003451,-0.2209602,-0.96982604,-0.10302368
1356078642200,0.6031065,-0.055045515,-0.7957591,0.7618085,-0.25597852,0.5950822,-0.23645386,-0.96511394,-0.11244817
1356078642241,0.60328066,-0.057745725,-0.79543567,0.75561595,-0.27768925,0.59323955,-0.25514102,-0.95893383,-0.12389096
1356078642282,0.60456765,-0.05961764,-0.7943196,0.7472156,-0.30305383,0.5914619,-0.27598312,-0.9511068,-0.13866934
1356078642320,0.60460806,-0.0584566,-0.7943752,0.7393198,-0.32993335,0.5869839,-0.296404,-0.94219255,-0.15626222
1356078642362,0.59564984,-0.047328323,-0.80184865,0.73824024,-0.36114568,0.5697148,-0.31654787,-0.93130755,-0.18017668
1356078642401,0.5707155,-0.019363672,-0.8209196,0.7501216,-0.39442325,0.53079927,-0.334068,-0.9187249,-0.21057835
1356078642441,0.50178635,0.05039063,-0.8635225,0.7933736,-0.42455325,0.43624863,-0.34462845,-0.90399957,-0.2530136
1356078642483,0.34746403,0.18837357,-0.91857725,0.8735111,-0.42121726,0.24403769,-0.3409503,-0.8871817,-0.31090426
1356078642522,0.11818224,0.3615722,-0.9248235,0.940278,-0.34016556,-0.012835145,-0.3192339,-0.8680743,-0.3801799
1356078642560,-0.08323076,0.4883066,-0.86869395,0.95484734,-0.2104021,-0.2097556,-0.2852001,-0.8469283,-0.44874638
1356078642600,-0.20424643,0.55313635,-0.80766547,0.94578123,-0.10135272,-0.30858612,-0.2525493,-0.8269025,-0.502445
1356078642640,-0.26478994,0.5805343,-0.76997805,0.9356851,-0.038414955,-0.3507388,-0.23319459,-0.8133291,-0.5330254
1356078642682,-0.28755003,0.58595645,-0.75760806,0.9297428,-0.019170046,-0.3677104,-0.22998568,-0.81011575,-0.5392764
1356078642721,-0.2809342,0.5733085,-0.7696709,0.929328,-0.03774005,-0.36732158,-0.239636,-0.8184699,-0.5221892
1356078642762,-0.2563279,0.5458797,-0.7976912,0.9323833,-0.07796517,-0.3529629,-0.2548674,-0.8342282,-0.48898447
1356078642802,-0.20999774,0.5005063,-0.8398776,0.93900716,-0.13603255,-0.3158491,-0.2723352,-0.8549787,-0.44141245
1356078642842,-0.15537354,0.4426187,-0.8831465,0.94498837,-0.19390431,-0.26343518,-0.28784725,-0.87549406,-0.38814193
1356078642880,-0.0934515,0.3744424,-0.922529,0.9496371,-0.24482942,-0.19557059,-0.2990922,-0.8943441,-0.33270466
1356078642920,-0.036049068,0.3051219,-0.9516308,0.9519855,-0.27920008,-0.12558252,-0.3040133,-0.9104658,-0.28040677
1356078642950,0.0049554706,0.24634212,-0.96917033,0.9526021,-0.2959711,-0.07035869,-0.30417874,-0.922885,-0.23613271
1356078642990,0.032377005,0.20025161,-0.9792094,0.9544058,-0.2970813,-0.029197246,-0.29675153,-0.9336177,-0.20073995
1356078643031,0.04064119,0.16950914,-0.9846902,0.9582014,-0.28593063,-0.009673506,-0.28319284,-0.9431385,-0.17404449
1356078643070,0.03402877,0.151514,-0.98786926,0.9634389,-0.2678119,-0.007888317,-0.2657583,-0.95148325,-0.15508783
1356078643111,0.015677392,0.14417404,-0.9894282,0.96900517,-0.24618709,-0.020519197,-0.24654275,-0.9584393,-0.143565
1356078643150,-0.01250422,0.14593804,-0.9892147,0.9738188,-0.22279125,-0.045177847,-0.22698158,-0.9638808,-0.13933131
1356078643190,-0.046061695,0.15324298,-0.9871144,0.9769064,-0.19948286,-0.07655373,-0.20864376,-0.9678446,-0.14051554
1356078643230,-0.079993546,0.16254881,-0.98345256,0.9776361,-0.1797157,-0.1092245,-0.19449615,-0.97019595,-0.14453745
1356078643271,-0.111769915,0.1723403,-0.9786757,0.97569346,-0.16777551,-0.14097384,-0.18849334,-0.97064424,-0.14939904
1356078643312,-0.14118135,0.18348,-0.97283244,0.97103536,-0.16567588,-0.17216766,-0.1927642,-0.9689616,-0.15477526
1356078643351,-0.16526121,0.19487569,-0.96680516,0.96517754,-0.16960007,-0.19916865,-0.20278329,-0.9660535,-0.16006136
1356078643388,-0.18390387,0.20697224,-0.96090674,0.95865464,-0.17821348,-0.22185865,-0.21716508,-0.96197844,-0.16564077
1356078643428,-0.1923415,0.21792054,-0.95682573,0.9535012,-0.1890446,-0.23472881,-0.23203492,-0.9574826,-0.17142648
1356078643471,-0.19427663,0.22937167,-0.9537532,0.94928217,-0.20107883,-0.2417241,-0.24722427,-0.9523423,-0.1786735
1356078643510,-0.19167209,0.24329287,-0.95082617,0.94551855,-0.21399534,-0.24535829,-0.2631663,-0.94605213,-0.18902099
1356078643551,-0.19295001,0.26445752,-0.9448981,0.9403277,-0.22523469,-0.25505525,-0.28027508,-0.9377268,-0.20521766
1356078643590,-0.21433663,0.30178565,-0.92897004,0.93074197,-0.2253815,-0.28796294,-0.29627568,-0.9263524,-0.23257709
1356078643630,-0.26965517,0.3601607,-0.89306796,0.91366184,-0.1972357,-0.35541543,-0.30415154,-0.9118017,-0.27587944
1356078643678,-0.36400247,0.43531185,-0.8234111,0.88443893,-0.11562073,-0.45210585,-0.2920104,-0.8928244,-0.34292054
1356078643711,-0.44710457,0.49244326,-0.7467243,0.85417217,-0.012730122,-0.5198345,-0.26549488,-0.8702514,-0.41493964
1356078643751,-0.5067075,0.52760506,-0.6818214,0.8312036,0.089090645,-0.54878366,-0.22879715,-0.8448051,-0.48369014
1356078643790,-0.54215914,0.54531693,-0.6392909,0.81627023,0.16123861,-0.55471176,-0.19941536,-0.8225762,-0.53254294
1356078643830,-0.5606683,0.55263865,-0.6166373,0.8066194,0.19622165,-0.5575502,-0.18712623,-0.8099923,-0.55578434
1356078643870,-0.565243,0.55246633,-0.6126022,0.80220133,0.19502643,-0.56430286,-0.1922847,-0.8103985,-0.5534265
1356078643910,-0.5555349,0.5453298,-0.6276914,0.80465794,0.16234916,-0.57111144,-0.20953895,-0.8223492,-0.52899456
1356078643950,-0.5289656,0.52988833,-0.6628829,0.8156399,0.10172415,-0.569547,-0.23436514,-0.8419445,-0.48600662
1356078643980,-0.49446946,0.5087337,-0.7047624,0.8299349,0.03540367,-0.55673575,-0.2582791,-0.86019576,-0.43972182
1356078644022,-0.43344378,0.4731695,-0.7669662,0.85576445,-0.05065739,-0.5148797,-0.2824779,-0.87951374,-0.3829645
1356078644061,-0.34711707,0.41929346,-0.8388699,0.88818985,-0.14015478,-0.43757898,-0.30104566,-0.8969669,-0.32376212
1356078644100,-0.23900962,0.34665915,-0.90702915,0.92019963,-0.21736318,-0.32555467,-0.31001127,-0.9124586,-0.26704377
1356078644140,-0.13224232,0.26791683,-0.9543231,0.9419037,-0.26593083,-0.2051788,-0.30875474,-0.92601377,-0.2171846
1356078644182,-0.046432674,0.197727,-0.9791568,0.9536084,-0.28310317,-0.1023899,-0.29744762,-0.93848634,-0.17540887
1356078644220,0.006528318,0.14626375,-0.9892242,0.95970917,-0.2788207,-0.034892023,-0.28091958,-0.94913965,-0.14219093
1356078644260,0.032348156,0.112985015,-0.99307,0.9651191,-0.26180595,0.0016511083,-0.25980508,-0.95848423,-0.117513
1356078644300,0.034725606,0.09569317,-0.994805,0.97104603,-0.23864174,0.010940611,-0.23635507,-0.9663814,-0.10120946
1356078644340,0.021795094,0.08968201,-0.99573195,0.9769398,-0.21350431,0.0021542013,-0.21239981,-0.97281706,-0.092267364
1356078644380,0.0018410683,0.08977884,-0.9959601,0.981401,-0.19134772,-0.015434504,-0.19196036,-0.97740775,-0.08846131
1356078644413,-0.017689884,0.091819346,-0.9956186,0.9837001,-0.17661792,-0.03376639,-0.1789445,-0.9799874,-0.08719835
1356078644460,-0.038556814,0.09797588,-0.9944416,0.9830737,-0.1746577,-0.05532396,-0.17910734,-0.9797425,-0.08958325
1356078644501,-0.054109037,0.106251836,-0.9928659,0.98076916,-0.18107486,-0.07282755,-0.18752107,-0.97771287,-0.09441075
1356078644540,-0.06518704,0.11727628,-0.99095756,0.9773003,-0.19310701,-0.0871422,-0.20158058,-0.9741436,-0.102026075
1356078644581,-0.069021165,0.13040611,-0.9890553,0.97342074,-0.20821637,-0.09538329,-0.21837604,-0.96935046,-0.112568736
1356078644623,-0.06792843,0.14732623,-0.9867526,0.9690882,-0.22537845,-0.10036242,-0.2371788,-0.96306777,-0.12746248
1356078644661,-0.058038592,0.16619563,-0.98438334,0.9647862,-0.24406207,-0.09808868,-0.25655258,-0.9554123,-0.14617822
1356078644703,-0.062212348,0.19843623,-0.9781374,0.9585043,-0.26130313,-0.1139746,-0.27820703,-0.94463956,-0.17394572
1356078644740,-0.082270086,0.24601531,-0.96576816,0.9506637,-0.2714727,-0.1501371,-0.29911572,-0.9304725,-0.21154374
1356078644781,-0.157624,0.32637855,-0.9320041,0.93648183,-0.25003076,-0.24593958,-0.31329915,-0.9115709,-0.26623678
1356078644825,-0.2876199,0.4297405,-0.8559193,0.90637666,-0.16661286,-0.38822848,-0.30944473,-0.88744754,-0.34158558
1356078644876,-0.39994663,0.5077009,-0.7630744,0.87055683,-0.049965262,-0.48952454,-0.28665927,-0.8600833,-0.42199904
1356078644901,-0.46696463,0.5510973,-0.6915459,0.8476709,0.0562931,-0.52752733,-0.25178963,-0.8325399,-0.4934361
1356078644958,-0.49654612,0.57209724,-0.6527991,0.83971065,0.12612757,-0.5281835,-0.21983638,-0.8104299,-0.54302436
1356078644984,-0.50229657,0.5806247,-0.6407598,0.8406917,0.15453005,-0.5189972,-0.20232591,-0.79937196,-0.5657462
1356078645017,-0.48821014,0.57979876,-0.6522916,0.8492984,0.14362049,-0.50800145,-0.2008561,-0.8020016,-0.56253916
1356078645057,-0.45384228,0.5691913,-0.6856008,0.86594826,0.10027218,-0.4899788,-0.21014494,-0.81606793,-0.5383979
1356078645101,-0.3924329,0.54443127,-0.7413441,0.89146143,0.02667138,-0.45231098,-0.22647953,-0.83838135,-0.49580616
1356078645140,-0.30596167,0.5019918,-0.8089447,0.9198794,-0.06311971,-0.3870888,-0.24537584,-0.862566,-0.4424597
1356078645181,-0.19374269,0.4374718,-0.8781128,0.9450107,-0.15716255,-0.28680044,-0.26347363,-0.88539153,-0.38296646
1356078645220,-0.06646836,0.3529191,-0.93328995,0.9586159,-0.2369268,-0.15786481,-0.2768349,-0.9051596,-0.32256567
1356078645251,0.04583305,0.26689458,-0.96263516,0.9575547,-0.2862655,-0.033777207,-0.28458425,-0.92022777,-0.26868656
1356078645290,0.14123333,0.1865001,-0.9722504,0.94834375,-0.30729902,0.07881343,-0.28407282,-0.93315864,-0.22026709
1356078645331,0.20687559,0.12268838,-0.9706441,0.9382634,-0.30601642,0.16129413,-0.27724406,-0.94408774,-0.17842138
1356078645370,0.24678779,0.07632437,-0.9660591,0.9316635,-0.29298645,0.2148534,-0.26664373,-0.9530653,-0.14341408
1356078645411,0.26633862,0.04539892,-0.9628098,0.9297558,-0.2755343,0.24420282,-0.25420058,-0.96021855,-0.11559531
1356078645450,0.2689046,0.028270185,-0.96275187,0.9327046,-0.25704303,0.25296435,-0.24031734,-0.9659864,-0.09548777
1356078645490,0.2577839,0.02264008,-0.9659373,0.9395304,-0.23915136,0.24513122,-0.22545546,-0.97071826,-0.0829204
1356078645530,0.23779497,0.024966806,-0.9709945,0.9479228,-0.22403714,0.2263842,-0.21188667,-0.9742608,-0.07694155
1356078645570,0.21356052,0.03185478,-0.9764103,0.95541465,-0.21541321,0.20194057,-0.20389897,-0.9760033,-0.07643825
1356078645613,0.18662572,0.042592376,-0.9815074,0.9607909,-0.2164489,0.17329392,-0.20506516,-0.97536445,-0.081317335
1356078645651,0.16027382,0.055517644,-0.9855101,0.9638592,-0.22405735,0.14413065,-0.212809,-0.9729933,-0.08942172
1356078645691,0.1335789,0.07178238,-0.98843515,0.9649247,-0.23686773,0.1131998,-0.22600257,-0.9688865,-0.10090515
1356078645730,0.10756087,0.091513425,-0.9899778,0.9642832,-0.25203246,0.081471324,-0.24205083,-0.963382,-0.115353644
1356078645762,0.08580595,0.11225587,-0.98996764,0.96241957,-0.2663008,0.053221464,-0.25765473,-0.95733094,-0.13088745
1356078645800,0.05744946,0.14013734,-0.988464,0.96008956,-0.27922243,0.016214132,-0.2737291,-0.94994545,-0.15058559
1356078645840,0.017266989,0.17996702,-0.9835211,0.95680094,-0.2885071,-0.035993814,-0.29023054,-0.9404124,-0.17717421
1356078645880,-0.045636117,0.23893556,-0.9699625,0.95102155,-0.2867809,-0.11538911,-0.3057373,-0.92772114,-0.2141453
1356078645921,-0.14273775,0.32258183,-0.93571734,0.9378757,-0.25799453,-0.23200873,-0.31625175,-0.91070294,-0.26571608
1356078645960,-0.26983857,0.4230246,-0.86500716,0.9098397,-0.18209034,-0.3728738,-0.31524423,-0.88763356,-0.33574957
1356078646001,-0.3875376,0.50976723,-0.76808345,0.87183505,-0.06804991,-0.4850495,-0.29953027,-0.8576169,-0.41806102
1356078646040,-0.4669794,0.5658907,-0.67948353,0.84042794,0.04508087,-0.540045,-0.27497482,-0.82324684,-0.49664223
1356078646080,-0.5101603,0.5967347,-0.61939013,0.8215825,0.12506926,-0.5562013,-0.25443798,-0.7926319,-0.55407214
1356078646121,-0.5285442,0.6113977,-0.58892596,0.81221384,0.16245773,-0.5602821,-0.24687967,-0.7744677,-0.58245176
1356078646161,-0.530474,0.6149728,-0.5834431,0.8097672,0.16402906,-0.5633575,-0.25074792,-0.7712995,-0.5849979
1356078646202,-0.51537585,0.6069941,-0.60493463,0.8154616,0.130348,-0.5639431,-0.26345813,-0.7839436,-0.5621586
1356078646240,-0.48857304,0.58879775,-0.6439049,0.82681125,0.076693565,-0.5572263,-0.27871022,-0.8046336,-0.5242951
1356078646281,-0.44718587,0.55758566,-0.6993733,0.84470266,0.0061591268,-0.5352004,-0.29411256,-0.83009654,-0.4737484
1356078646320,-0.3917179,0.51172245,-0.76465493,0.867591,-0.071269214,-0.49214482,-0.3063379,-0.8561897,-0.41604835
1356078646350,-0.33356744,0.45872226,-0.82359385,0.88904226,-0.1375348,-0.43667856,-0.31358698,-0.8778714,-0.36194634
1356078646390,-0.2669121,0.39550072,-0.8788272,0.91161364,-0.1921789,-0.3633565,-0.31259978,-0.89813507,-0.30924898
1356078646423,-0.20619857,0.33282462,-0.9201684,0.92940164,-0.22755206,-0.29057306,-0.30609608,-0.91512173,-0.26240683
1356078646471,-0.14825302,0.27035546,-0.9512775,0.94522476,-0.24412215,-0.21668983,-0.29081118,-0.931296,-0.21935481
1356078646511,-0.10582584,0.21822453,-0.9701438,0.95620275,-0.2454235,-0.15951076,-0.27290514,-0.94453454,-0.1826948
1356078646550,-0.07554889,0.17693573,-0.9813186,0.9643435,-0.23736715,-0.117040336,-0.2536414,-0.95517045,-0.15269402
1356078646591,-0.056640804,0.146736,-0.98755276,0.9707936,-0.22287881,-0.08879614,-0.23313418,-0.9637394,-0.12982637
1356078646630,-0.04688555,0.12634319,-0.990878,0.9761072,-0.20490378,-0.07231313,-0.21217096,-0.9705935,-0.11371741
1356078646670,-0.043132186,0.11328888,-0.9926255,0.97986746,-0.18906027,-0.06415537,-0.19493416,-0.97540855,-0.10285348
1356078646712,-0.04380566,0.106571704,-0.9933396,0.98136914,-0.18159264,-0.062760174,-0.18707162,-0.97758204,-0.09663141
1356078646751,-0.047532737,0.10559744,-0.9932723,0.98077124,-0.18350238,-0.066443145,-0.189284,-0.9773311,-0.09484461
1356078646791,-0.054934144,0.111344784,-0.99226236,0.97806036,-0.19399631,-0.07591683,-0.20094821,-0.97466296,-0.098244905
1356078646830,-0.06332284,0.12249765,-0.9904467,0.9740572,-0.20846653,-0.088057935,-0.21726182,-0.9703278,-0.10611907
1356078646870,-0.06965536,0.13682085,-0.9881438,0.96974736,-0.22302794,-0.09923965,-0.23396173,-0.96516246,-0.11714655
1356078646910,-0.07427269,0.15434197,-0.98522186,0.9653864,-0.23656923,-0.10983762,-0.25002572,-0.95927763,-0.13142899
1356078646951,-0.078772604,0.17633432,-0.9811733,0.9607448,-0.24920863,-0.12191975,-0.2660155,-0.9522611,-0.14978147
1356078646993,-0.09003055,0.20797244,-0.9739825,0.9548118,-0.26010835,-0.14379886,-0.28324717,-0.9429163,-0.17515683
1356078647030,-0.11191553,0.2513767,-0.9613973,0.94727844,-0.26531446,-0.17964375,-0.30023083,-0.9308158,-0.20843095
1356078647072,-0.16363746,0.31937483,-0.933393,0.93578243,-0.24927211,-0.24934864,-0.3123045,-0.9142555,-0.25807506
1356078647114,-0.23901594,0.40204057,-0.8838749,0.91963816,-0.19844043,-0.3389499,-0.31166807,-0.8938595,-0.3223015
1356078647151,-0.3204797,0.47931588,-0.81703675,0.9005493,-0.11333054,-0.41972274,-0.29377496,-0.8702945,-0.39532745
1356078647193,-0.3869335,0.5343065,-0.751531,0.8841016,-0.016611993,-0.46699923,-0.26200518,-0.8451275,-0.4659536
1356078647230,-0.42944828,0.56358314,-0.7056545,0.8717216,0.05453667,-0.48695707,-0.2359567,-0.82425714,-0.5147083
1356078647262,-0.45483747,0.5768475,-0.6785056,0.86227185,0.0947015,-0.49751276,-0.22273348,-0.8113437,-0.5404731
1356078647299,-0.46452412,0.5777643,-0.6711227,0.85630834,0.099882156,-0.50671434,-0.22572829,-0.8100691,-0.5411421
1356078647331,-0.4662546,0.57104695,-0.67565674,0.85243976,0.0857929,-0.5157384,-0.2365443,-0.81642205,-0.5267844
1356078647371,-0.45322332,0.55348754,-0.6987418,0.85395014,0.044780403,-0.5184244,-0.2556515,-0.83165264,-0.49294627
1356078647411,-0.42952016,0.5257689,-0.7342204,0.85891294,-0.013245195,-0.5119503,-0.27889243,-0.85052437,-0.44590062
1356078647450,-0.39773464,0.48913318,-0.7762447,0.8662705,-0.07855308,-0.4933607,-0.3022955,-0.86866456,-0.39247835
1356078647491,-0.35947376,0.4445271,-0.82047194,0.87597376,-0.1423034,-0.46089002,-0.3216341,-0.88438976,-0.33823967
1356078647530,-0.31672096,0.39349556,-0.86304635,0.8880975,-0.19653279,-0.41552094,-0.33312255,-0.89807355,-0.28721637
1356078647571,-0.27346957,0.339626,-0.899927,0.9016959,-0.23523152,-0.3627818,-0.33490133,-0.9106703,-0.2419107
1356078647611,-0.23388177,0.28721946,-0.9288726,0.9155689,-0.2564112,-0.3098177,-0.32715902,-0.9229076,-0.2029993
1356078647651,-0.20141238,0.24005759,-0.9496343,0.9284619,-0.26209915,-0.26317772,-0.31207618,-0.93470657,-0.17009431
1356078647693,-0.17666805,0.1996359,-0.96381223,0.9402604,-0.25530493,-0.22523266,-0.29103056,-0.9460258,-0.14260554
1356078647730,-0.16213793,0.16834968,-0.97230124,0.9498498,-0.24037457,-0.20001376,-0.26738873,-0.9559699,-0.120933115
1356078647772,-0.15609622,0.14596966,-0.9768966,0.95790315,-0.21888804,-0.18576786,-0.24094743,-0.96476984,-0.10565722
1356078647810,-0.15838337,0.13197976,-0.9785172,0.96321565,-0.19724464,-0.18251052,-0.21709499,-0.9714298,-0.09588468
1356078647850,-0.16621971,0.12527102,-0.9780993,0.965566,-0.18063557,-0.18722484,-0.20013338,-0.9755398,-0.09093225
1356078647909,-0.1790564,0.12606609,-0.9757285,0.9644668,-0.17334598,-0.19938639,-0.19427446,-0.9767592,-0.09054786
1356078647921,-0.1922912,0.13149115,-0.9724887,0.9615034,-0.17298889,-0.21350902,-0.19630426,-0.97610706,-0.09316498
1356078647959,-0.21001333,0.14521945,-0.96685356,0.9551735,-0.18057501,-0.23459822,-0.2086578,-0.9727816,-0.10078663
1356078647986,-0.22262037,0.16098699,-0.9615214,0.94888973,-0.19054264,-0.25159824,-0.22371486,-0.9683887,-0.1103403
1356078648027,-0.23654282,0.18245828,-0.9543356,0.94096816,-0.20174897,-0.27180174,-0.24212873,-0.9622922,-0.123965144
1356078648058,-0.2397877,0.20260844,-0.9494481,0.9355767,-0.21291053,-0.28171858,-0.25922605,-0.95583415,-0.13850248
1356078648101,-0.24407154,0.22697586,-0.9428208,0.929725,-0.22168803,-0.2940508,-0.27575454,-0.9483335,-0.1569174
1356078648141,-0.24436629,0.25523275,-0.93548995,0.92483205,-0.22866595,-0.30396986,-0.29149777,-0.939451,-0.18016922
1356078648180,-0.24951583,0.29228535,-0.9232069,0.9188106,-0.22962731,-0.32102713,-0.30582508,-0.92835367,-0.21125925
1356078648221,-0.27046132,0.34340277,-0.89940274,0.90967965,-0.2146824,-0.35552004,-0.31517246,-0.91432273,-0.25432318
1356078648260,-0.316792,0.40990436,-0.85534865,0.8955512,-0.16781157,-0.4121011,-0.3124594,-0.8965588,-0.31392902
1356078648301,-0.37785888,0.47750232,-0.7932303,0.87826514,-0.086307704,-0.4703204,-0.293041,-0.87438124,-0.3867615
1356078648340,-0.43333882,0.52926326,-0.72945035,0.8625295,0.008914173,-0.5059283,-0.2612668,-0.84841084,-0.46036804
1356078648380,-0.4717663,0.5606038,-0.68055856,0.85075706,0.08665711,-0.5183656,-0.23162255,-0.82353747,-0.5178195
1356078648421,-0.4945325,0.5767471,-0.65023106,0.8416988,0.131224,-0.52375895,-0.21675052,-0.8063145,-0.55034184
1356078648460,-0.5047487,0.5825698,-0.63705665,0.8350907,0.14250991,-0.5313327,-0.2187515,-0.80018955,-0.5584303
1356078648502,-0.49852678,0.5787823,-0.6453543,0.8342693,0.11807564,-0.5385655,-0.23551157,-0.8068886,-0.5417242
1356078648540,-0.47629663,0.56627846,-0.67265916,0.84069,0.06911978,-0.5370874,-0.25764695,-0.8213107,-0.5089862
1356078648581,-0.42886585,0.5407801,-0.7236235,0.85829383,-0.005946517,-0.5131241,-0.28179038,-0.841143,-0.46159798
1356078648620,-0.35109776,0.49696124,-0.7935742,0.8858255,-0.09831911,-0.4534827,-0.30338684,-0.86218494,-0.4057014
1356078648650,-0.25467783,0.43758819,-0.8623549,0.91284573,-0.18551564,-0.36372614,-0.3191425,-0.8798299,-0.3522038
1356078648714,-0.12893033,0.3546967,-0.92604923,0.9366222,-0.2632069,-0.23121631,-0.32575426,-0.8971691,-0.29828137
1356078648731,-0.005126655,0.2637252,-0.96458423,0.9464148,-0.31020534,-0.08984271,-0.32291293,-0.9133574,-0.24800307
1356078648770,0.09196848,0.18394852,-0.978624,0.9456049,-0.32411522,0.027942628,-0.31204692,-0.92796135,-0.203751
1356078648811,0.15473318,0.12484568,-0.98003626,0.9428336,-0.31502837,0.10872835,-0.29516503,-0.94083506,-0.16645399
1356078648853,0.18598813,0.087103784,-0.9786835,0.9435268,-0.29376644,0.15316147,-0.2741634,-0.9519003,-0.13682187
1356078648892,0.19153422,0.06777984,-0.9791428,0.9490153,-0.26727235,0.16713929,-0.2503691,-0.96123433,-0.11551589
1356078648932,0.17858618,0.06224662,-0.98195326,0.9580379,-0.23841798,0.15912327,-0.22421047,-0.9691657,-0.10221276
1356078648970,0.15818575,0.062448055,-0.9854326,0.9666703,-0.21326378,0.1416592,-0.20131072,-0.97499686,-0.094101965
