1356079351241,0.06475735,-0.07718304,0.9949117,0.669289,-0.7361503,-0.10067195,0.7401748,0.6724027,0.0039866567
1356079351400,-0.40411282,0.43587357,0.804181,0.5381893,-0.5975844,0.59434426,0.739625,0.67298377,0.006908983
1356079351441,-0.38511455,0.41159678,0.8259993,0.5524976,-0.6140878,0.56359786,0.73921114,0.6734124,0.00908792
1356079351480,-0.3704133,0.3923434,0.8419387,0.56294364,-0.6261611,0.53945976,0.73884267,0.67378706,0.011071175
1356079351520,-0.35494494,0.37242413,0.85750467,0.5731958,-0.6379095,0.5143131,0.738553,0.67407095,0.012950838
1356079351562,-0.3358904,0.34889632,0.87489945,0.5847141,-0.65097857,0.48408297,0.73843557,0.6741649,0.014652848
1356079351600,-0.3125915,0.3211811,0.8939403,0.59740925,-0.66519874,0.44789827,0.7385044,0.67405736,0.016058892
1356079351640,-0.2877435,0.29215991,0.912056,0.60955733,-0.6786616,0.40970498,0.73867685,0.67384046,0.017192304
1356079351680,-0.2630425,0.26331326,0.92815673,0.62056375,-0.69043994,0.37174392,0.7387215,0.6737648,0.018212348
1356079351720,-0.24080515,0.23689406,0.9412194,0.62992233,-0.69961584,0.33724695,0.7383838,0.67410594,0.01924622
1356079351760,-0.22240615,0.21460807,0.951041,0.637677,-0.7058701,0.30840802,0.73749816,0.67504877,0.020139173
1356079351800,-0.2082293,0.19741426,0.95795,0.6441167,-0.709369,0.2861981,0.73603964,0.67662644,0.020553559
1356079351841,-0.19820899,0.18562904,0.9624215,0.64949965,-0.7105039,0.2708032,0.7340731,0.6787681,0.020262241
1356079351880,-0.19241321,0.17927875,0.9647986,0.65366477,-0.709884,0.26227322,0.73191506,0.6811197,0.019402787
1356079351920,-0.19021904,0.17748249,0.96556544,0.6567118,-0.70807844,0.25952733,0.72975767,0.6834653,0.018135235
1356079351971,-0.19154572,0.17972966,0.96488726,0.65845734,-0.7054951,0.26212707,0.7278353,0.6855464,0.016790256
1356079352000,-0.19598937,0.1850706,0.9629835,0.65875065,-0.70259094,0.26909804,0.7263855,0.68710625,0.015784875
1356079352040,-0.20200527,0.19152603,0.9604747,0.65782535,-0.7000108,0.27794012,0.72557545,0.68797004,0.015415177
1356079352080,-0.20878178,0.19807181,0.957694,0.655746,-0.69815993,0.28735024,0.7255395,0.6879974,0.01587823
1356079352121,-0.21537066,0.20377904,0.9550338,0.6527082,-0.69739306,0.2959982,0.7263522,0.6871077,0.017189741
1356079352160,-0.22075337,0.20818721,0.95285153,0.6490968,-0.69782317,0.3028469,0.7279707,0.6853474,0.01891309
1356079352201,-0.22347522,0.21115498,0.95156324,0.6452951,-0.6996217,0.30679625,0.7305157,0.6826004,0.0200907
1356079352241,-0.22135085,0.21258686,0.9517408,0.64161867,-0.7032118,0.30629817,0.7343903,0.67845404,0.019256875
1356079352285,-0.21285528,0.2125619,0.9536824,0.6381198,-0.70890474,0.3004284,0.73992956,0.6725114,0.015254095
1356079352322,-0.19825739,0.21162543,0.95703125,0.6343218,-0.71666324,0.28987885,0.7472148,0.66453636,0.007845104
1356079352362,-0.18133211,0.21123387,0.9604681,0.6295558,-0.7253693,0.27838635,0.7554987,0.6551486,-0.0014508069
1356079352402,-0.16683203,0.2133055,0.9626359,0.6234143,-0.7335766,0.27059183,0.76388586,0.6452644,-0.010593623
1356079352432,-0.15893918,0.21980308,0.96250975,0.61643696,-0.73942775,0.27065128,0.77119637,0.63634366,-0.017970696
1356079352462,-0.15593374,0.22884981,0.9608915,0.6090862,-0.7435564,0.27593106,0.7776238,0.62829274,-0.023443803
1356079352501,-0.15792346,0.24091104,0.9576127,0.600443,-0.7464628,0.28681242,0.78391856,0.6202863,-0.026769295
1356079352541,-0.16679507,0.25915536,0.95132434,0.59015083,-0.7466903,0.30688065,0.7898743,0.61261106,-0.028396577
1356079352572,-0.1793139,0.2805308,0.942947,0.5796199,-0.7443375,0.3316661,0.79491335,0.60602313,-0.02913113
1356079352612,-0.19200057,0.30044484,0.9342744,0.5697762,-0.7409857,0.3553803,0.79905623,0.60056055,-0.028916582
1356079352641,-0.20499277,0.31981736,0.9250377,0.56083494,-0.7361851,0.3788082,0.8021484,0.59644645,-0.028452143
1356079352681,-0.21674335,0.3363573,0.91645306,0.5538107,-0.7307244,0.3991686,0.80393785,0.59405863,-0.02789861
1356079352722,-0.22742045,0.3503673,0.9085828,0.5487024,-0.7247076,0.4168029,0.8044909,0.5933311,-0.02743411
1356079352760,-0.23684001,0.36141455,0.90182394,0.5452705,-0.7188088,0.43127027,0.8041063,0.59388,-0.026826084
1356079352820,-0.24527335,0.36957833,0.8962437,0.5425402,-0.7138273,0.44283247,0.8034246,0.5948633,-0.025428236
1356079352840,-0.25306946,0.375345,0.89166814,0.5389365,-0.7107197,0.45213395,0.8034323,0.59497374,-0.022425711
1356079352881,-0.2605875,0.37944895,0.8877571,0.53276813,-0.71032506,0.45999613,0.80514115,0.5928379,-0.017056465
1356079352918,-0.2682733,0.38257104,0.8841204,0.52332586,-0.7126573,0.46717212,0.80880135,0.5880129,-0.009022474
1356079352961,-0.27707046,0.38519216,0.8802608,0.51184726,-0.7161516,0.47448856,0.81316936,0.5820258,0.0012648404
1356079353000,-0.28809142,0.3873177,0.8757788,0.50108224,-0.71838075,0.48254097,0.8160392,0.5778531,0.012881249
1356079353040,-0.30135477,0.38824695,0.87089014,0.49399996,-0.71764374,0.49086818,0.8155669,0.5781452,0.024471372
1356079353080,-0.31455112,0.38645893,0.8670104,0.4926337,-0.71427953,0.49710843,0.81139976,0.58348453,0.034294724
1356079353121,-0.3240807,0.38004804,0.8663343,0.49771637,-0.7102797,0.49777633,0.8045186,0.5925085,0.041031808
1356079353160,-0.32653964,0.36699983,0.8710241,0.50894517,-0.7082636,0.48922122,0.7964588,0.6030537,0.044493377
1356079353200,-0.3199036,0.34546322,0.88222265,0.5253941,-0.7101867,0.46861053,0.7884306,0.6134248,0.04568699
1356079353240,-0.3038131,0.31401965,0.89949393,0.5457087,-0.7165458,0.43446985,0.7809607,0.62285936,0.046332747
1356079353284,-0.27976406,0.2716995,0.920821,0.5680674,-0.72635996,0.38691175,0.77397126,0.6313324,0.048865795
1356079353322,-0.24777716,0.21642512,0.944334,0.5912467,-0.7383891,0.32435918,0.7674853,0.63870317,0.0549953
1356079353362,-0.21746111,0.15586671,0.96354365,0.611176,-0.7479446,0.2589262,0.7610352,0.64520115,0.067386836
1356079353402,-0.19274807,0.09183851,0.97694105,0.6274847,-0.7539003,0.1946725,0.7543946,0.6505383,0.087685555
1356079353441,-0.17993975,0.030025154,0.98321927,0.6388475,-0.75648457,0.14001721,0.7479943,0.65332186,0.116940215
1356079353482,-0.18635726,-0.022438854,0.9822258,0.6425183,-0.7591026,0.10456306,0.74326384,0.6505841,0.15588167
1356079353521,-0.21897101,-0.057950467,0.97400886,0.63361967,-0.76756746,0.09677884,0.7420092,0.638343,0.20479366
1356079353561,-0.2791072,-0.07038176,0.9576772,0.60660356,-0.7860445,0.119021595,0.74439996,0.61415017,0.2620845
1356079353602,-0.35588163,-0.058841586,0.9326768,0.5604756,-0.812046,0.1626296,0.747807,0.58061945,0.32197154
1356079353641,-0.42819464,-0.030588388,0.90316874,0.5052175,-0.83675313,0.2111859,0.7492694,0.5467253,0.373747
1356079353682,-0.47861362,0.003001526,0.8780205,0.45883363,-0.8517338,0.2530243,0.7485992,0.5239662,0.40627417
1356079353721,-0.5021306,0.033666,0.8641362,0.43431503,-0.8542676,0.28565246,0.7478204,0.5187422,0.41433227
1356079353752,-0.5114479,0.064116836,0.85691893,0.4226394,-0.8494934,0.3158115,0.74819577,0.52368885,0.4073733
1356079353781,-0.50306106,0.084742665,0.8600862,0.42882258,-0.839562,0.33353704,0.7503605,0.5366139,0.3860113
1356079353820,-0.4600774,0.08483976,0.8838161,0.4664619,-0.82388645,0.3219074,0.7554747,0.5603689,0.3394771
1356079353861,-0.39647788,0.07913765,0.9146269,0.51465416,-0.80584544,0.29282075,0.7602212,0.58681357,0.27877152
1356079353900,-0.319906,0.07104479,0.94478184,0.5624365,-0.7882305,0.24971534,0.7624468,0.6112653,0.21220154
1356079353940,-0.2429527,0.06730449,0.9677005,0.600408,-0.7731016,0.2045095,0.7618952,0.63070124,0.14741692
1356079353980,-0.17648983,0.0720171,0.9816643,0.62566173,-0.76170874,0.1683661,0.75986755,0.6439048,0.089375496
1356079354020,-0.12529129,0.08497977,0.9884738,0.64031106,-0.754114,0.14599258,0.75782835,0.65122235,0.040070415
1356079354060,-0.08892757,0.10319039,0.9906784,0.647912,-0.74943566,0.13622159,0.75650644,0.6539863,-2.1286309E-4
1356079354100,-0.0654307,0.12347853,0.99018776,0.6512895,-0.7465191,0.13612911,0.75600314,0.653806,-0.03157501
1356079354140,-0.05382228,0.14406034,0.9881041,0.65180075,-0.7445821,0.1440599,0.75647795,0.6518007,-0.053823546
1356079354180,-0.05476284,0.16487536,0.98479295,0.6492895,-0.7433986,0.1605668,0.7585672,0.6482088,-0.06634122
1356079354220,-0.06911385,0.18662593,0.979997,0.64246094,-0.74319243,0.18683928,0.76319534,0.642523,-0.068534985
1356079354289,-0.095820725,0.20938858,0.9731263,0.62971306,-0.74437886,0.22217466,0.7708955,0.6340793,-0.0605278
1356079354301,-0.13047391,0.23166825,0.9640054,0.61151046,-0.7465391,0.26217237,0.78040475,0.623706,-0.044263676
1356079354337,-0.1661855,0.25064626,0.95370793,0.5923593,-0.7478333,0.29975963,0.7883482,0.6147534,-0.02419357
1356079354381,-0.19970244,0.26441932,0.9435048,0.5772366,-0.7463324,0.33133936,0.7917807,0.61079484,-0.0035880506
1356079354420,-0.22626495,0.27015057,0.93585396,0.5700382,-0.74234384,0.3521108,0.78984845,0.6131429,0.013970301
1356079354460,-0.24200416,0.2655033,0.93324274,0.57223576,-0.73769605,0.3582607,0.7835689,0.6207354,0.026595026
1356079354500,-0.24209845,0.24718577,0.9382364,0.5839342,-0.73514616,0.3443559,0.7748608,0.6312363,0.033637524
1356079354540,-0.2220158,0.21160753,0.9518043,0.60424125,-0.7362685,0.30463302,0.76524615,0.6427527,0.035601214
1356079354580,-0.17803383,0.15505236,0.9717319,0.63067085,-0.74004793,0.2336312,0.7553532,0.6544372,0.033966437
1356079354620,-0.108263075,0.074855864,0.9913001,0.6579248,-0.7421441,0.12789544,0.7452612,0.6660472,0.031097233
1356079354660,-0.016628265,-0.02668634,0.99950564,0.6777942,-0.7352043,-0.008353502,0.7350637,0.6773201,0.03031297
1356079354706,0.076984644,-0.13780099,0.9874636,0.6837387,-0.713533,-0.15287954,0.7256547,0.68693644,0.03928873
1356079354740,0.16460526,-0.25274137,0.953429,0.67489135,-0.67606497,-0.2957328,0.7193239,0.69214016,0.059289094
1356079354780,0.18542552,-0.33430725,0.92404336,0.6686478,-0.64616084,-0.36794877,0.72008854,0.68608665,0.103719085
1356079354820,0.13438094,-0.38483816,0.9131492,0.6740566,-0.639967,-0.36890373,0.7263536,0.6650878,0.17340332
1356079354860,0.02935499,-0.40393683,0.9143157,0.68142736,-0.6611258,-0.31395754,0.7312968,0.63225603,0.25584632
1356079354900,-0.08322638,-0.39829147,0.91347545,0.6781032,-0.6943431,-0.24096414,0.73023933,0.59937596,0.3278704
1356079354940,-0.15941,-0.38284767,0.90995395,0.6690136,-0.71970326,-0.185602,0.72595406,0.5791848,0.37085813
1356079354980,-0.18447173,-0.36921635,0.910851,0.66515994,-0.7291687,-0.1608582,0.72355545,0.5761878,0.38009888
1356079355020,-0.16405493,-0.35984874,0.9184742,0.66859293,-0.7251626,-0.1646893,0.7253064,0.58706725,0.35955888
1356079355060,-0.11560655,-0.34919134,0.9298928,0.6732664,-0.715853,-0.18511342,0.7303065,0.60466516,0.31785604
1356079355101,-0.05672455,-0.3320458,0.94155616,0.67397857,-0.7084961,-0.20925146,0.73656994,0.62271893,0.26398087
1356079355140,-0.0028231144,-0.30495423,0.95236284,0.6698248,-0.7077249,-0.2246336,0.74251384,0.637282,0.20626387
1356079355180,0.038088083,-0.26845837,0.96253806,0.66310954,-0.7138032,-0.22532408,0.7475528,0.6468503,0.15082979
1356079355220,0.064920604,-0.22593372,0.971977,0.6562262,-0.7241261,-0.21215224,0.7517662,0.65160984,0.10125288
1356079355279,0.08109975,-0.1821579,0.979919,0.65020204,-0.73548293,-0.19053127,0.7554205,0.6525974,0.05879197
1356079355302,0.09062058,-0.14132676,0.9858066,0.6452352,-0.7456835,-0.16621576,0.75859046,0.6511397,0.023614742
1356079355341,0.096021414,-0.1061914,0.9896986,0.64124113,-0.7538777,-0.14310235,0.7613079,0.64837635,-0.004294187
1356079355382,0.09694797,-0.077067375,0.9923013,0.6381147,-0.76031137,-0.12139371,0.7638133,0.6449709,-0.024532877
1356079355422,0.090982854,-0.05232334,0.9944769,0.635702,-0.76563185,-0.09844211,0.766554,0.6411475,-0.03639733
1356079355462,0.07555115,-0.02983722,0.9966954,0.6332108,-0.7707094,-0.07107046,0.7702831,0.63648784,-0.039334677
1356079355502,0.050527096,-0.008334398,0.99868786,0.629476,-0.77607423,-0.038324,0.77537537,0.6305865,-0.03396648
1356079355540,0.019554734,0.011509925,0.9997425,0.6243702,-0.7811219,-0.003219545,0.7808838,0.6242724,-0.022461094
1356079355581,-0.011067212,0.02717948,0.99956936,0.6195255,-0.78447026,0.028190047,0.7848986,0.6195706,-0.008156538
1356079355621,-0.034792185,0.035140038,0.99877656,0.6172304,-0.7852471,0.049128503,0.78601277,0.61818457,0.00563097
1356079355661,-0.046471894,0.031684726,0.9984169,0.6190543,-0.7835115,0.05367899,0.783972,0.6205689,0.016796745
1356079355700,-0.041755557,0.012866229,0.999045,0.62521195,-0.7796163,0.036171377,0.77933717,0.6261252,0.024509244
1356079355740,-0.016720355,-0.025174677,0.9995432,0.6344018,-0.7729527,-0.008855432,0.7728226,0.63396394,0.02889496
1356079355780,0.03204733,-0.085813075,0.9957957,0.64329195,-0.76074606,-0.08626041,0.7649499,0.6433518,0.030822992
1356079355839,0.10562849,-0.16986099,0.9797907,0.6460129,-0.73734075,-0.19747357,0.75598276,0.6538163,0.03184825
1356079355861,0.199723,-0.27241796,0.9412222,0.63526917,-0.6953422,-0.3360541,0.74601865,0.66504717,0.034182902
1356079355901,0.30222803,-0.3811886,0.87370104,0.6066836,-0.63004506,-0.48474568,0.73525053,0.6765638,0.040843546
1356079355938,0.39505875,-0.480263,0.78311944,0.56456804,-0.54555655,-0.6193795,0.72470105,0.6868155,0.055614233
1356079355981,0.45743394,-0.5584081,0.692051,0.5261144,-0.45747375,-0.71688306,0.7169085,0.6920246,0.084522516
1356079356020,0.4780094,-0.6184678,0.62370235,0.51010895,-0.38259256,-0.7703323,0.71504956,0.68638223,0.13260311
1356079356060,0.4567594,-0.6672548,0.5883384,0.5240922,-0.33255923,-0.7840484,0.71881735,0.666465,0.19780341
1356079356100,0.41103834,-0.706888,0.57563597,0.554233,-0.30756736,-0.7734519,0.7237908,0.6369549,0.26535878
1356079356140,0.37121052,-0.73541915,0.5668875,0.57708406,-0.29556668,-0.761324,0.72744536,0.6097532,0.31468123
1356079356181,0.3594768,-0.7525149,0.5518131,0.57943565,-0.28352165,-0.76411366,0.73145795,0.5944214,0.33411455
1356079356220,0.37649155,-0.75915104,0.5309838,0.5608203,-0.2694407,-0.782868,0.7373837,0.59252965,0.32430512
1356079356280,0.41021484,-0.7564898,0.50935936,0.526997,-0.25919902,-0.8093763,0.7443104,0.600449,0.29234058
1356079356302,0.44718355,-0.7465486,0.49263787,0.48717517,-0.25861537,-0.8341333,0.7501248,0.61301166,0.24805138
1356079356342,0.48062202,-0.73171985,0.48330992,0.4481511,-0.26878515,-0.8525932,0.7537659,0.6263709,0.19873703
1356079356382,0.50637203,-0.71399385,0.48352885,0.4156559,-0.28919137,-0.8623216,0.75552464,0.63763726,0.15033731
1356079356422,0.52429473,-0.69488764,0.49218506,0.39130375,-0.3167493,-0.864032,0.75630444,0.64560133,0.10584211
1356079356461,0.5359272,-0.6752865,0.5067251,0.37444013,-0.34782204,-0.8595432,0.756688,0.65039074,0.06644705
1356079356500,0.5435437,-0.65597236,0.52369887,0.36305213,-0.37880602,-0.8512926,0.75680476,0.6528448,0.032254517
1356079356540,0.5487474,-0.63780516,0.54044497,0.35538286,-0.4071783,-0.84137315,0.75668967,0.6537662,0.0032269638
1356079356580,0.55168307,-0.62163943,0.5560667,0.35082203,-0.43190473,-0.8308924,0.7566833,0.65346974,-0.020189703
1356079356620,0.55083835,-0.607997,0.5717663,0.35015863,-0.45350674,-0.8195856,0.7576055,0.65166813,-0.036913514
1356079356660,0.543553,-0.59680855,0.59022844,0.3548804,-0.47383922,-0.8059381,0.7606642,0.64753056,-0.04576105
1356079356700,0.5275372,-0.58734536,0.61378324,0.36589092,-0.49496344,-0.78812116,0.76669955,0.640341,-0.04620728
1356079356740,0.5034948,-0.57853293,0.64171076,0.38234875,-0.5168415,-0.7659532,0.77479184,0.6310108,-0.039025664
1356079356780,0.47646362,-0.5700548,0.6693429,0.40153852,-0.53618354,-0.74247825,0.78214395,0.6225308,-0.026572943
1356079356820,0.45378184,-0.5633563,0.69044316,0.4199968,-0.54814374,-0.7232849,0.7859292,0.6181975,-0.012129873
1356079356860,0.44178575,-0.5612644,0.69986266,0.43423367,-0.5488628,-0.71427643,0.7850265,0.61946106,0.0012400751
1356079356900,0.4438631,-0.56646526,0.6943361,0.44078827,-0.5366013,-0.7195587,0.7801867,0.6254407,0.01151374
1356079356940,0.4601997,-0.58001477,0.67215997,0.43671682,-0.5112748,-0.7401868,0.77297777,0.6341773,0.018013716
1356079356980,0.48825175,-0.6005441,0.63321155,0.42074844,-0.47369337,-0.77368283,0.7645789,0.6441748,0.021396458
1356079357020,0.52350277,-0.62449294,0.57961494,0.3941686,-0.4255938,-0.81455576,0.75536484,0.65488815,0.02335596
1356079357060,0.5604409,-0.64749753,0.51638454,0.36104473,-0.3701265,-0.8559517,0.7453541,0.66614825,0.026341466
1356079357100,0.5936494,-0.66640955,0.4510861,0.32792515,-0.31156215,-0.8918487,0.7348779,0.6773678,0.033573806
1356079357140,0.61846566,-0.6810529,0.39200404,0.30273315,-0.25384757,-0.9186479,0.72515714,0.6868248,0.04918131
1356079357180,0.63040525,-0.6946336,0.34651607,0.29366815,-0.19980419,-0.93479264,0.71857375,0.6910589,0.07803419
1356079357220,0.62466484,-0.71257496,0.31942254,0.3074558,-0.1515804,-0.93941164,0.7178194,0.6850258,0.12439838
1356079357279,0.5979734,-0.7387512,0.31092536,0.34595573,-0.11203557,-0.93153787,0.72300935,0.6646012,0.18858087
1356079357302,0.5542475,-0.7703371,0.31526268,0.4011258,-0.08467519,-0.91210103,0.72932017,0.6319897,0.262071
1356079357342,0.5062268,-0.7989961,0.32456082,0.45735264,-0.07033679,-0.8864994,0.73113817,0.5972085,0.32981664
1356079357382,0.47180507,-0.8162792,0.33329922,0.49765563,-0.065508515,-0.8648975,0.72783166,0.5739312,0.37531862
1356079357422,0.46016583,-0.8197853,0.34088045,0.51416856,-0.06693819,-0.8550731,0.7237943,0.5687455,0.3907051
1356079357462,0.46784002,-0.8117477,0.34955874,0.50807947,-0.07660675,-0.8578966,0.7231742,0.578962,0.3765927
1356079357501,0.48707655,-0.7953819,0.3607271,0.4838328,-0.09811661,-0.86964303,0.72709167,0.5981143,0.3370416
1356079357542,0.5102719,-0.7737941,0.37532026,0.44861752,-0.13283879,-0.88379645,0.7337336,0.61935174,0.27935365
1356079357581,0.53185,-0.7496442,0.39391527,0.41147703,-0.17779246,-0.8939108,0.7401502,0.63751346,0.21390244
1356079357621,0.5492438,-0.7246068,0.4162646,0.37895912,-0.22798908,-0.89688957,0.7447961,0.6503583,0.14937475
1356079357661,0.56115717,-0.6996006,0.44233662,0.355034,-0.279306,-0.8921542,0.74769884,0.65768325,0.09164739
1356079357700,0.567522,-0.6749282,0.4715832,0.34085965,-0.32877773,-0.8807496,0.7494888,0.6605885,0.043467194
1356079357740,0.5690707,-0.650613,0.5028531,0.335755,-0.37437814,-0.864355,0.7506178,0.66071457,0.005398929
1356079357780,0.56642526,-0.6268612,0.53498363,0.33849484,-0.4149093,-0.84455407,0.75138783,0.6594659,-0.022825837
1356079357820,0.55933636,-0.60418034,0.5675464,0.34798983,-0.45026988,-0.82228965,0.7523603,0.6574369,-0.041603714
1356079357860,0.5464803,-0.5829297,0.6012922,0.3633392,-0.4818631,-0.7973661,0.75454885,0.6542179,-0.05152753
1356079357900,0.52581465,-0.56296,0.63764805,0.3834846,-0.51224244,-0.7684707,0.7592487,0.64860135,-0.053458035
1356079357940,0.49587983,-0.5433669,0.67738885,0.40691873,-0.5437151,-0.7340239,0.7671508,0.63962984,-0.048511207
1356079357980,0.45807272,-0.5228816,0.71886307,0.4315998,-0.57614946,-0.69409895,0.7771042,0.628209,-0.038242728
1356079358020,0.41758752,-0.50092155,0.7580885,0.45564842,-0.6063881,-0.6516732,0.786133,0.6175524,-0.024975985
1356079358060,0.3811373,-0.47852424,0.791043,0.47817698,-0.6302584,-0.61165446,0.7912529,0.6113829,-0.011395723
1356079358100,0.35371965,-0.45779344,0.8156639,0.49916795,-0.64508843,-0.57852596,0.7910207,0.6117893,3.3530593E-4
1356079358140,0.33745354,-0.44149667,0.83138794,0.5176704,-0.6506183,-0.5556197,0.7862204,0.6178807,0.008996278
1356079358180,0.3322662,-0.4316809,0.83860046,0.5321707,-0.64826715,-0.5445584,0.7787127,0.62721694,0.014330745
1356079358220,0.33696562,-0.42947537,0.8378574,0.541342,-0.63971907,-0.5456265,0.77032655,0.6374248,0.016929746
1356079358278,0.3496275,-0.4347806,0.8298954,0.5451447,-0.62599766,-0.5576235,0.7619566,0.64737356,0.018152446
1356079358302,0.36720353,-0.4464218,0.81600803,0.54500294,-0.60765743,-0.5776886,0.7537462,0.65685606,0.020167291
1356079358342,0.38501298,-0.46224612,0.79880756,0.543987,-0.5855327,-0.60102373,0.7455489,0.66594285,0.026018202
1356079358382,0.39789498,-0.48083857,0.7813282,0.54550153,-0.5607467,-0.6228894,0.73763645,0.67406034,0.03917989
1356079358421,0.3996098,-0.5009488,0.7676994,0.55326176,-0.5359398,-0.6377069,0.73089916,0.6795726,0.06298897
1356079358462,0.3816775,-0.5223486,0.7625446,0.57043296,-0.51602644,-0.6390015,0.7272747,0.67887306,0.10100919
1356079358500,0.3362838,-0.5439636,0.7687762,0.5962891,-0.5088596,-0.62088746,0.7289393,0.6672072,0.15323836
1356079358540,0.2574352,-0.56188816,0.7861354,0.6255868,-0.52313316,-0.5787684,0.7364566,0.6407913,0.2168369
1356079358580,0.15505677,-0.5671114,0.8089142,0.647357,-0.56019425,-0.5168282,0.7462481,0.603794,0.28026158
1356079358620,0.055276096,-0.55329764,0.8311476,0.65390944,-0.6090048,-0.4489052,0.754551,0.568309,0.328143
1356079358660,-0.016597033,-0.5220375,0.85276103,0.649186,-0.6542859,-0.38790143,0.7604486,0.54716253,0.34975863
1356079358700,-0.05230689,-0.4792416,0.87612295,0.6421021,-0.6880659,-0.33803868,0.7648325,0.54487866,0.3437127
1356079358740,-0.057643592,-0.42935693,0.9012936,0.6375934,-0.710527,-0.2977016,0.76821357,0.55749816,0.31471232
1356079358780,-0.043444276,-0.37465572,0.9261456,0.6364502,-0.72494614,-0.26340902,0.7700934,0.5780019,0.26994443
1356079358820,-0.0203439,-0.31646803,0.94838506,0.63814044,-0.7343381,-0.2313536,0.76965123,0.6004962,0.21689028
1356079358861,0.0039532185,-0.25618356,0.96662,0.6418273,-0.74060345,-0.1989072,0.76683897,0.6211894,0.16149795
1356079358901,0.024070323,-0.19531217,0.98044574,0.64637625,-0.7451192,-0.16430219,0.76263916,0.6376916,0.108309835
1356079358938,0.036943316,-0.13584083,0.99004173,0.6508159,-0.7485401,-0.12699026,0.7583363,0.6490263,0.060753763
1356079358981,0.043169796,-0.080429494,0.995825,0.65435785,-0.7509273,-0.089016914,0.7549518,0.65546876,0.020212263
1356079359020,0.04293406,-0.030091256,0.9986247,0.65646493,-0.75263715,-0.050902486,0.7531338,0.6577475,-0.012559883
1356079359060,0.03725493,0.0142225325,0.99920464,0.6565528,-0.7541549,-0.013744742,0.75335956,0.65654266,-0.037433885
1356079359100,0.026537776,0.052665472,0.9982595,0.65445954,-0.75576293,0.022473842,0.75563115,0.652724,-0.05452369
1356079359141,0.0106031895,0.0859921,0.99623936,0.6505546,-0.757208,0.058435738,0.7593854,0.64748853,-0.063971385
1356079359181,-0.010833323,0.11502135,0.99330395,0.6448192,-0.7584263,0.094855934,0.7642583,0.6415291,-0.06595166
1356079359220,-0.037368953,0.14020178,0.9894175,0.63641715,-0.76001316,0.13173148,0.7704393,0.63460493,-0.060825914
1356079359277,-0.06757921,0.16142313,0.9845687,0.6252866,-0.76212585,0.1678716,0.7774637,0.6269823,-0.04943186
1356079359302,-0.09909421,0.17812201,0.97900605,0.61370647,-0.7635116,0.2010335,0.783291,0.62074363,-0.033655062
1356079359340,-0.12895346,0.18949634,0.9733767,0.60516554,-0.762564,0.22862814,0.7855862,0.6185364,-0.016341403
1356079359381,-0.15433264,0.19472839,0.96863943,0.60224503,-0.75865895,0.2484706,0.7832512,0.62170535,-1.8841028E-4
1356079359420,-0.17162073,0.19265395,0.96614224,0.6054513,-0.753006,0.25770283,0.7771583,0.6291792,0.012588859
1356079359460,-0.17806876,0.18213551,0.9670151,0.61392957,-0.7474366,0.25382888,0.7690137,0.63887817,0.021276668
1356079359500,-0.17172909,0.16151857,0.9718132,0.6264913,-0.74339104,0.23426132,0.76027477,0.649062,0.026471883
1356079359540,-0.15146422,0.12878174,0.98003775,0.64192647,-0.7411341,0.19659796,0.75165755,0.65888965,0.029586852
1356079359580,-0.11743325,0.08237022,0.98965883,0.6586665,-0.7393538,0.13969466,0.7432146,0.66825986,0.032570153
1356079359620,-0.07159966,0.021505892,0.99720156,0.6744213,-0.73554265,0.06428677,0.73486686,0.6771369,0.038160622
1356079359661,-0.01985246,-0.0521397,0.9984424,0.6863373,-0.72687685,-0.024311513,0.7270123,0.6847856,0.05021578
1356079359702,0.023788631,-0.13249901,0.99089766,0.69228196,-0.7128914,-0.111944765,0.7212349,0.6886436,0.074767925
1356079359750,0.02443713,-0.20693196,0.9780501,0.69164485,-0.70290256,-0.16599849,0.7218243,0.6805198,0.12594646
1356079359790,-0.009881496,-0.2712248,0.9624653,0.6864726,-0.7017059,-0.19069433,0.7270886,0.6588217,0.19312224
1356079359830,-0.08525628,-0.30613518,0.94816273,0.67369765,-0.7188288,-0.17151256,0.73407274,0.6241525,0.26752728
1356079359870,-0.16689062,-0.31568283,0.93407273,0.6531621,-0.74506754,-0.1351055,0.73859775,0.5875531,0.3305369
1356079359910,-0.21934015,-0.3136798,0.9238478,0.6353077,-0.7645619,-0.10876155,0.74045515,0.5630719,0.3669824
1356079359950,-0.2292363,-0.31189394,0.9220482,0.629749,-0.76982725,-0.103837416,0.74220407,0.55685556,0.37288728
1356079359990,-0.19827533,-0.3151521,0.928098,0.6360757,-0.76179385,-0.12279178,0.74571747,0.5659941,0.35150552
1356079360030,-0.13606054,-0.32181436,0.9369754,0.64643866,-0.74552786,-0.16218866,0.75073594,0.5836297,0.30947024
1356079360070,-0.05798745,-0.32616052,0.9435342,0.65271056,-0.7275227,-0.21137562,0.755385,0.6035975,0.25507563
1356079360110,0.019371212,-0.32218888,0.94647723,0.6520591,-0.71355283,-0.2562449,0.7579207,0.6221228,0.19626373
1356079360151,0.08342916,-0.30625853,0.94828546,0.64694154,-0.70715636,-0.28530067,0.75796187,0.6372877,0.13913393
1356079360190,0.12757319,-0.27746198,0.95222896,0.6417029,-0.70896524,-0.29255044,0.7562688,0.64836967,0.08760318
1356079360230,0.1507811,-0.23724422,0.95967716,0.63952315,-0.7168643,-0.27769744,0.7538404,0.6556072,0.043633554
1356079360276,0.15520221,-0.18846577,0.9697386,0.6413325,-0.72742647,-0.24401549,0.751402,0.6597966,0.007970933
1356079360312,0.14322746,-0.13399884,0.98057646,0.6463177,-0.73767644,-0.19520989,0.74950606,0.6617234,-0.019049697
1356079360352,0.11645961,-0.07612023,0.9902742,0.6523979,-0.74592525,-0.13406187,0.74887526,0.66166556,-0.03720954
1356079360392,0.07570219,-0.015801132,0.9970053,0.6565648,-0.7517364,-0.061766654,0.75046116,0.65927446,-0.046533614
1356079360430,0.023178577,0.045552343,0.99869305,0.65491474,-0.7554573,0.019258022,0.7553472,0.65361243,-0.04734327
1356079360470,-0.036055684,0.105163634,0.9938011,0.6441106,-0.7578887,0.10356817,0.7640822,0.643852,-0.04041086
1356079360510,-0.09447789,0.15890305,0.9827633,0.6244266,-0.75938797,0.18281473,0.7753484,0.63093555,-0.02747786
1356079360550,-0.1465751,0.20363809,0.968012,0.60056144,-0.75927234,0.25066224,0.7860291,0.61809146,-0.011006817
1356079360590,-0.1890471,0.2372307,0.9528814,0.5795651,-0.75638443,0.30329347,0.7926951,0.6095935,0.005501583
1356079360630,-0.22021782,0.25800562,0.940711,0.5666388,-0.7511505,0.33866405,0.79399276,0.6076233,0.019220725
1356079360670,-0.23733383,0.26305234,0.93513423,0.56421685,-0.746297,0.3531289,0.7907793,0.61142796,0.028703034
1356079360710,-0.2361921,0.24771322,0.9396018,0.57295406,-0.74548054,0.34056193,0.7848165,0.6187867,0.03414832
1356079360750,-0.21083403,0.20469955,0.95584893,0.59255505,-0.7509305,0.29151666,0.77744937,0.6278547,0.037025884
1356079360790,-0.15286338,0.12356739,0.98049164,0.6206581,-0.7600704,0.19255224,0.76903594,0.6379843,0.03949389
1356079360830,-0.050297797,-0.0090562105,0.9986932,0.6487745,-0.76054406,0.025777936,0.7593167,0.64922327,0.044129074
1356079360870,0.10633606,-0.19946234,0.9741188,0.65504783,-0.7229882,-0.21954627,0.7480675,0.66144013,0.05377758
1356079360910,0.2988419,-0.4172051,0.8582735,0.608039,-0.60993475,-0.5082009,0.7355149,0.6737355,0.07140291
1356079360950,0.46919823,-0.591688,0.6555596,0.507302,-0.4270395,-0.74851984,0.72284,0.68377084,0.09979832
1356079360990,0.57359594,-0.6864088,0.4470243,0.4037723,-0.23789549,-0.8833876,0.7127101,0.6872036,0.14069694
1356079361030,0.6153858,-0.7281933,0.30171978,0.34579265,-0.094575554,-0.93353236,0.7083274,0.678815,0.19360352
1356079361070,0.6127325,-0.75461096,0.23477913,0.34602743,-0.010917366,-0.93816096,0.71050966,0.65608174,0.25442663
1356079361110,0.5784273,-0.7823532,0.23096615,0.3903647,0.016861767,-0.9205059,0.7162662,0.62260675,0.31515634
1356079361150,0.5302127,-0.8084387,0.25554127,0.44522363,0.00897795,-0.89537436,0.7215611,0.5885119,0.36469626
1356079361190,0.5058998,-0.82445145,0.25366372,0.46766165,0.015048981,-0.8837794,0.72481585,0.5657326,0.3931776
1356079361230,0.5389493,-0.8236282,0.17655107,0.42580175,0.085541904,-0.9007638,0.726792,0.5606418,0.39680505
1356079361275,0.60639524,-0.7945181,0.03202817,0.3178767,0.20529729,-0.9256389,0.7288616,0.5714841,0.3770501
1356079361312,0.65534604,-0.74710244,-0.11117333,0.18655342,0.30272204,-0.9346428,0.7319285,0.5917747,0.33776218
1356079361352,0.67302346,-0.7102717,-0.20628506,0.07468203,0.34274167,-0.9364565,0.73584104,0.6148514,0.2837177
1356079361393,0.6729243,-0.6945089,-0.25461787,-0.008310497,0.33709258,-0.9414348,0.7396647,0.6356303,0.22106606
1356079361432,0.66629887,-0.69461584,-0.27120957,-0.06740889,0.30610883,-0.9496069,0.7426317,0.65100396,0.1571367
1356079361472,0.6586437,-0.7038158,-0.2661423,-0.10672465,0.2627426,-0.9589454,0.74484783,0.66000724,0.09793928
1356079361512,0.65260243,-0.7171293,-0.24461332,-0.1279996,0.21385443,-0.9684433,0.7468107,0.6633189,0.047769666
1356079361551,0.64941245,-0.7315234,-0.20769465,-0.13121364,0.16123307,-0.97815484,0.74903035,0.66247827,0.008720934
1356079361590,0.6494519,-0.7457098,-0.14875841,-0.112088054,0.099610664,-0.988693,0.75209606,0.6587826,-0.01889281
1356079361630,0.6515363,-0.75752854,-0.04063204,-0.053771615,0.007310629,-0.99852645,0.75670934,0.6527611,-0.03597039
1356079361670,0.637704,-0.7409594,0.21050611,0.1030432,-0.18876797,-0.9766007,0.76335824,0.6444734,-0.0440273
1356079361710,0.40258235,-0.43328145,0.8063465,0.49220827,-0.6402378,-0.58976823,0.77178913,0.6343207,-0.04448372
1356079361750,-0.1632024,0.2631227,0.95085824,0.6027361,-0.73642087,0.30723512,0.7810724,0.6232581,-0.038407907
1356079361790,-0.3689807,0.51030344,0.7768163,0.4892253,-0.60400313,0.6291572,0.7902606,0.612185,-0.026787847
1356079361830,-0.43721044,0.5920391,0.6770057,0.4142437,-0.53559464,0.7358944,0.79827887,0.602186,-0.011080831
1356079361871,-0.4712246,0.6287807,0.61853224,0.3642809,-0.49992412,0.7857323,0.80327255,0.59557587,0.0065237284
1356079361911,-0.49703574,0.64787424,0.57724714,0.32862115,-0.47514564,0.8162381,0.8030962,0.59539515,0.023259223
1356079361948,-0.5209896,0.65584034,0.5462997,0.30527484,-0.454521,0.83679026,0.79710543,0.6027306,0.036589146
1356079361991,-0.54310364,0.6544532,0.52605075,0.29462308,-0.43813682,0.84925455,0.7862796,0.61621994,0.04513675
1356079362030,-0.55911094,0.643389,0.52292,0.29914737,-0.43167835,0.85097855,0.77324355,0.63222164,0.048888087
1356079362070,-0.5658417,0.6227108,0.5404206,0.3196997,-0.43846262,0.8399658,0.76001006,0.64805996,0.049019933
1356079362111,-0.56068844,0.5906191,0.5803427,0.35656455,-0.46034467,0.812985,0.747322,0.6627609,0.047516048
1356079362150,-0.5402121,0.5426152,0.64322585,0.40958485,-0.49817342,0.7642403,0.73512644,0.6763075,0.046872497
1356079362190,-0.4983195,0.47056708,0.72817874,0.47781804,-0.5517655,0.68355304,0.7234415,0.6885647,0.05011013
1356079362230,-0.4281903,0.36486262,0.82675767,0.5554328,-0.6154071,0.55925703,0.7128446,0.6986768,0.060854733
1356079362276,-0.33518815,0.22698389,0.9143999,0.62541354,-0.6722623,0.39613295,0.70463234,0.7046572,0.08337554
1356079362312,-0.26038945,0.09319174,0.9609957,0.663803,-0.7054955,0.24827756,0.7011155,0.70256066,0.12184261
1356079362352,-0.2668094,0.023580462,0.96346086,0.65797985,-0.7259958,0.1999817,0.7041841,0.68729484,0.17818697
1356079362392,-0.3596061,0.037662238,0.9323437,0.60283625,-0.7532919,0.2629441,0.7122302,0.6566069,0.24818432
1356079362432,-0.47251403,0.09763123,0.8758988,0.5080616,-0.7819098,0.36123472,0.7201416,0.61569893,0.3198607
1356079362472,-0.5529587,0.15947619,0.81780446,0.41127512,-0.801367,0.4343546,0.7246306,0.57652277,0.37753418
1356079362512,-0.59378755,0.20605773,0.7777896,0.34453088,-0.8084403,0.477203,0.7271278,0.55132973,0.40904856
1356079362550,-0.6054446,0.23873621,0.7592378,0.31595564,-0.8034635,0.5045974,0.7304855,0.5453912,0.41102242
1356079362590,-0.5956606,0.26133668,0.75953364,0.32192177,-0.78865486,0.5238222,0.735904,0.5565307,0.38564086
1356079362630,-0.57061183,0.27975336,0.77210116,0.35091916,-0.76696455,0.5372347,0.7424674,0.57749754,0.33946824
1356079362671,-0.5346949,0.29736114,0.79099786,0.39259094,-0.74148256,0.5441285,0.7483139,0.6014814,0.27972573
1356079362710,-0.49460942,0.3183905,0.8086959,0.4361139,-0.7139349,0.54781544,0.7517754,0.62363815,0.21426433
1356079362750,-0.45728338,0.3448695,0.8197298,0.4737873,-0.6855763,0.5527302,0.7526071,0.6411319,0.15010786
1356079362790,-0.42708027,0.37561443,0.82250607,0.5022613,-0.6578517,0.5612171,0.7518883,0.65279776,0.092298895
1356079362830,-0.40477395,0.40734145,0.81867635,0.5217145,-0.6324033,0.572608,0.7509806,0.65889215,0.04346448
1356079362870,-0.38896847,0.43678313,0.8111251,0.53383905,-0.6107037,0.5848562,0.7508125,0.66050094,0.0043726265
1356079362910,-0.3772189,0.4615736,0.80290455,0.5405661,-0.5942116,0.59556776,0.7519935,0.6586824,-0.025363237
1356079362950,-0.36788964,0.4809229,0.79584575,0.5428793,-0.5837789,0.6037254,0.75494325,0.65415245,-0.046316892
1356079362990,-0.36124676,0.49527854,0.79006326,0.5406309,-0.5790927,0.6102212,0.7597493,0.64757305,-0.058567554
1356079363030,-0.3590597,0.5055859,0.7845119,0.5330249,-0.5789136,0.617044,0.7661334,0.6397201,-0.061625272
1356079363070,-0.3624555,0.5124665,0.77846265,0.51940995,-0.5824516,0.6252707,0.7738471,0.63097405,-0.05506745
1356079363110,-0.37054062,0.5160867,0.7722397,0.50010145,-0.5897611,0.6340981,0.7826866,0.6211572,-0.039565265
1356079363150,-0.38162035,0.5162398,0.7667217,0.47796994,-0.5997716,0.64173096,0.7911451,0.61136764,-0.017862022
1356079363190,-0.39518648,0.51254386,0.76231647,0.45809835,-0.60935086,0.6471765,0.7962246,0.6049713,0.0060117245
1356079363230,-0.41070747,0.5043762,0.75955516,0.4455801,-0.61577237,0.6498329,0.7954733,0.60533386,0.02816233
1356079363273,-0.42597234,0.4911373,0.7598235,0.4432101,-0.6188761,0.6485038,0.78874105,0.6130061,0.045947105
1356079363312,-0.43481755,0.4718391,0.76700824,0.45118096,-0.62297755,0.6390108,0.77933913,0.6239126,0.05799669
1356079363352,-0.43489933,0.44690976,0.7817508,0.46811578,-0.629417,0.62024343,0.76924,0.6356933,0.06452748
1356079363392,-0.42293096,0.4131735,0.80648434,0.49410093,-0.6409042,0.58745736,0.759601,0.6469386,0.06690881
1356079363432,-0.39721107,0.36722952,0.8410505,0.52844155,-0.6577477,0.5367659,0.7503153,0.6576553,0.06720528
1356079363471,-0.35644817,0.3052212,0.88305426,0.56918734,-0.67856795,0.4642966,0.74092543,0.668121,0.0681462
1356079363500,-0.29828918,0.22433399,0.92773795,0.6126561,-0.70032614,0.36632723,0.7318988,0.6776559,0.07146016
1356079363540,-0.24102575,0.13739622,0.9607439,0.6474289,-0.71470624,0.26463342,0.72300935,0.6857968,0.083308354
1356079363580,-0.18658131,0.040260315,0.98161423,0.67306304,-0.7226048,0.15757033,0.71566296,0.6900879,0.10772681
1356079363620,-0.16203475,-0.046585977,0.98568475,0.6836002,-0.7256683,0.07807878,0.71164286,0.68646574,0.14942968
1356079363660,-0.18892694,-0.102600396,0.97661644,0.67726195,-0.7337627,0.053929746,0.71107155,0.671614,0.20811495
1356079363700,-0.26758933,-0.1159592,0.95652986,0.6498765,-0.7546545,0.09031695,0.71137655,0.6457941,0.27729666
1356079363740,-0.36737013,-0.09333587,0.9253797,0.60178167,-0.78247344,0.15998164,0.709153,0.615649,0.3436252
1356079363780,-0.4507866,-0.054417685,0.89097154,0.5485543,-0.80430984,0.22841609,0.7041873,0.59171313,0.39242315
1356079363820,-0.4984709,-0.017805979,0.86672354,0.5116415,-0.813135,0.2775507,0.69982123,0.5818027,0.41443443
1356079363860,-0.50752693,0.006446466,0.86161184,0.5029726,-0.80970037,0.30233085,0.6995964,0.5868082,0.40770227
1356079363900,-0.4793334,0.014662236,0.8775104,0.52297485,-0.7981802,0.29900774,0.7047956,0.6022402,0.37492648
1356079363940,-0.41625476,0.007656306,0.90921587,0.5629606,-0.78307503,0.26432723,0.71400803,0.6218802,0.32164842
1356079363980,-0.3270191,-0.008112937,0.9449829,0.6072694,-0.76797676,0.2035573,0.7240735,0.6404263,0.25606978
1356079364020,-0.22907448,-0.02247104,0.9731495,0.6414969,-0.7554091,0.13356194,0.73212475,0.654868,0.18746005
1356079364060,-0.14207655,-0.02665487,0.98949677,0.6605842,-0.7470239,0.07472652,0.7371858,0.6642628,0.12374224
1356079364100,-0.07792759,-0.01752466,0.9968051,0.66801876,-0.7431135,0.039159358,0.74005294,0.668936,0.06961572
1356079364140,-0.039822042,0.0038662255,0.9991993,0.66921794,-0.7424786,0.029543877,0.7419983,0.6698586,0.02697973
1356079364180,-0.024630725,0.03387344,0.99912256,0.6676949,-0.74326843,0.041659415,0.74402744,0.66813517,-0.0043098778
1356079364220,-0.026881635,0.068442285,0.9972929,0.664492,-0.74410516,0.068977654,0.74681175,0.6645474,-0.025476605
1356079364272,-0.04126978,0.10425767,0.9936937,0.6593406,-0.74440753,0.105486274,0.75071084,0.65953606,-0.03801979
1356079364302,-0.06371772,0.13911724,0.9882239,0.6517943,-0.74405825,0.1467705,0.7557144,0.65347064,-0.043266162
1356079364342,-0.09126943,0.17161652,0.98092693,0.6414019,-0.74337363,0.18973446,0.76175684,0.6464854,-0.042227834
1356079364382,-0.12135005,0.20064808,0.9721186,0.62728673,-0.7435026,0.23176561,0.769276,0.6379218,-0.035639793
1356079364422,-0.15085435,0.22491473,0.9626299,0.60905695,-0.7458584,0.2697126,0.7786479,0.62698376,-0.024469897
1356079364460,-0.17709804,0.24313572,0.9536883,0.5888922,-0.7502225,0.30061972,0.78856975,0.6148588,-0.010317862
1356079364500,-0.19908255,0.25442737,0.9463788,0.571893,-0.7540508,0.3230261,0.7958044,0.6055362,0.004613146
1356079364540,-0.21627247,0.25777072,0.94169015,0.5633554,-0.75480855,0.33599788,0.79740626,0.6031734,0.018027887
1356079364580,-0.22632891,0.25123417,0.9410934,0.56567323,-0.7526403,0.3369667,0.79296225,0.6086166,0.028227702
1356079364620,-0.22441834,0.23155199,0.94658345,0.5781714,-0.7502855,0.3206082,0.7844452,0.6192378,0.034501016
1356079364660,-0.20442903,0.19404684,0.9594554,0.5989302,-0.75048053,0.27939504,0.77426827,0.6317632,0.037199512
1356079364706,-0.15950382,0.13214062,0.97831357,0.62625736,-0.75252163,0.20374762,0.7631254,0.64517456,0.037275925
1356079364750,-0.075497925,0.029614806,0.9967061,0.6559429,-0.7513676,0.07201114,0.7510253,0.659219,0.03730105
1356079364790,0.05754417,-0.122348696,0.9908176,0.67184496,-0.72935754,-0.12908202,0.7384532,0.6731037,0.040228963
1356079364830,0.21538961,-0.29531914,0.9308028,0.6537006,-0.66450125,-0.3620963,0.7254536,0.6864581,0.0499236
1356079364871,0.36548644,-0.4564085,0.81124043,0.5981513,-0.55260426,-0.5803822,0.71318626,0.69736636,0.07103196
1356079364911,0.4713378,-0.57557565,0.66824645,0.5313712,-0.4194014,-0.7360347,0.7039072,0.70200783,0.10816458
1356079364948,0.5210762,-0.6525354,0.55016106,0.48886093,-0.3002024,-0.8190809,0.6996389,0.6957558,0.16257071
1356079364991,0.51846224,-0.7040603,0.4852793,0.49067345,-0.21982706,-0.8431581,0.70031166,0.67525935,0.23149166
1356079365030,0.48085678,-0.7431589,0.46528655,0.5250533,-0.18093473,-0.8316138,0.70220774,0.64418733,0.30319437
1356079365070,0.43071645,-0.772148,0.4671945,0.566818,-0.17138708,-0.8058187,0.7022825,0.61189353,0.36384818
1356079365111,0.403701,-0.79199934,0.45799848,0.58800197,-0.15891355,-0.7930953,0.7009131,0.58947736,0.40154362
1356079365151,0.42442375,-0.8046186,0.41527504,0.57325923,-0.11622894,-0.8110885,0.7008839,0.5823055,0.41192478
1356079365191,0.48296478,-0.8067997,0.3403222,0.520374,-0.048128396,-0.8525811,0.70424134,0.5888614,0.39659327
1356079365230,0.54825586,-0.7964729,0.2550421,0.43964863,0.015067697,-0.8980435,0.71142435,0.6044866,0.35842913
1356079365274,0.59545076,-0.78088105,0.18884677,0.3547336,0.044644773,-0.93390083,0.7208345,0.6230823,0.30358857
1356079365312,0.6232064,-0.76732296,0.1510936,0.28063852,0.03908962,-0.95901716,0.72996974,0.6400683,0.2397013
1356079365352,0.6384996,-0.75717884,0.13783485,0.22212821,0.009831518,-0.97496796,0.73686993,0.65313363,0.17446819
1356079365392,0.64692384,-0.74903303,0.14296517,0.18018693,-0.03201914,-0.983111,0.74096036,0.6617584,0.11425203
1356079365432,0.6513282,-0.7413131,0.16194567,0.1548855,-0.07904513,-0.9847652,0.7428204,0.6664884,0.063334316
1356079365472,0.6527663,-0.7329766,0.19141966,0.14522034,-0.12692194,-0.9812248,0.74351007,0.6683085,0.023592718
