1356078704835,-0.005337715,0.24087027,-0.9705426,0.10723617,0.96509755,0.23892912,0.99421924,-0.10280194,-0.030981421
1356078704878,-0.09383057,-0.69146615,-0.7162893,0.052205563,0.71505636,-0.6971147,0.99421847,-0.10280499,-0.030995786
1356078704911,-0.093864545,-0.6914466,-0.7163036,0.05218619,0.71507394,-0.69709814,0.9942162,-0.10281399,-0.031036139
1356078704955,-0.09381093,-0.69126815,-0.716483,0.052241027,0.7152474,-0.6969161,0.99421847,-0.10280818,-0.030985475
1356078704994,-0.093377024,-0.69059706,-0.71718657,0.052571088,0.715909,-0.6962116,0.99424195,-0.102713436,-0.030544043
1356078705035,-0.09219597,-0.68908453,-0.7187924,0.053265303,0.71742034,-0.6946012,0.9943152,-0.102326125,-0.029438972
1356078705072,-0.09051952,-0.68641764,-0.72155184,0.053889155,0.7200887,-0.6917863,0.9944356,-0.101504,-0.028191626
1356078705117,-0.088649616,-0.68299526,-0.7250232,0.053376377,0.7235858,-0.6881676,0.9946317,-0.09970489,-0.027689755
1356078705155,-0.087481156,-0.6785928,-0.7292866,0.051024646,0.72808,-0.6835906,0.99485856,-0.09701288,-0.029068291
1356078705195,-0.088808686,-0.6740792,-0.7333009,0.04451707,0.7327881,-0.6789992,0.9950534,-0.09294543,-0.035069883
1356078705234,-0.093572155,-0.6685777,-0.7377318,0.03441021,0.73836845,-0.67351913,0.99501777,-0.08840808,-0.04608482
1356078705275,-0.104334995,-0.6628,-0.741492,0.01862365,0.7441283,-0.66777706,0.9943678,-0.08348182,-0.06529486
1356078705313,-0.121304154,-0.654317,-0.7464279,-0.0019750297,0.75213856,-0.65900207,0.99261343,-0.07846546,-0.09252983
1356078705351,-0.14343897,-0.64052343,-0.7544236,-0.024704307,0.7643864,-0.644285,0.9893508,-0.07377803,-0.12546647
1356078705395,-0.17040545,-0.6184368,-0.76713616,-0.04646957,0.78270024,-0.6206617,0.98427767,-0.070115685,-0.16211486
1356078705434,-0.20105278,-0.58206475,-0.787895,-0.061968863,0.81026524,-0.582778,0.9776184,-0.068344146,-0.19897598
1356078705477,-0.23605704,-0.5272254,-0.8162784,-0.0673244,0.8468728,-0.52751666,0.96940416,-0.06956859,-0.23540545
1356078705512,-0.27420437,-0.44054645,-0.8548279,-0.055284113,0.8946493,-0.44333535,0.960081,-0.074306116,-0.26967198
1356078705554,-0.31381112,-0.3152203,-0.89563316,-0.020348817,0.9452988,-0.32557046,0.9492673,-0.08394255,-0.30305964
1356078705593,-0.34516948,-0.12963161,-0.92954487,0.046825495,0.9868034,-0.15500452,0.93737155,-0.09702923,-0.33454436
1356078705635,-0.35898185,0.086864606,-0.9292936,0.13885659,0.9895499,0.03885733,0.9229577,-0.11508946,-0.36729217
1356078705672,-0.34201497,0.32136577,-0.88303435,0.24760516,0.9373151,0.24521843,0.9064863,-0.13477549,-0.40014762
1356078705712,-0.30885947,0.5032606,-0.8070529,0.3450005,0.8500287,0.39802748,0.8863297,-0.1554991,-0.43616456
1356078705753,-0.27217236,0.6325236,-0.7251456,0.42629632,0.754867,0.49844486,0.8626666,-0.173464,-0.4750964
1356078705794,-0.245844,0.7146501,-0.6548557,0.48849148,0.6748711,0.553105,0.8372197,-0.1839139,-0.51501346
1356078705832,-0.23300338,0.7649804,-0.60042864,0.5316195,0.6171965,0.5800424,0.81430346,-0.18404774,-0.55048734
1356078705872,-0.22881413,0.7958421,-0.5606064,0.5554201,0.5796797,0.59622145,0.79947025,-0.17494817,-0.57466555
1356078705913,-0.22388518,0.81556326,-0.5336028,0.56063074,0.55561894,0.61398757,0.79722553,-0.16169135,-0.5816247
1356078705952,-0.21319708,0.828372,-0.518022,0.5521182,0.5395837,0.6356218,0.8060475,-0.15049669,-0.5723969
1356078705994,-0.1931819,0.8367526,-0.5123726,0.5293724,0.52856886,0.6636112,0.8261026,-0.14303827,-0.54506373
1356078706034,-0.17077217,0.84004426,-0.51493937,0.49712014,0.5246806,0.69107294,0.8507106,-0.13797072,-0.50720376
1356078706075,-0.14248726,0.8397431,-0.5239551,0.45119363,0.52626383,0.7207432,0.88097763,-0.1337085,-0.45387262
1356078706113,-0.116031766,0.83373785,-0.5398314,0.39957467,0.5367651,0.74311733,0.9093276,-0.12947777,-0.39542234
1356078706152,-0.0882259,0.8240329,-0.55963016,0.34223238,0.5526967,0.7598705,0.93546414,-0.12448326,-0.33077294
1356078706193,-0.061667234,0.80904245,-0.5845063,0.28277197,0.5757885,0.76714253,0.9572028,-0.11797449,-0.2642818
1356078706232,-0.03700906,0.78889006,-0.61341906,0.22500807,0.60465527,0.7640441,0.9736538,-0.10974771,-0.19988436
1356078706272,-0.014688045,0.7637466,-0.64534897,0.17318824,0.6376066,0.75064206,0.9847792,-0.10074136,-0.14163715
1356078706312,0.0053324997,0.7347408,-0.67832685,0.12969905,0.67209864,0.7290141,0.991539,-0.09186578,-0.09171122
1356078706355,0.025928922,0.73419666,-0.6784416,0.094457775,0.6738339,0.73282033,0.99519116,-0.08308536,-0.05187881
1356078706392,0.032541633,0.67704916,-0.7352179,0.07044503,0.7322244,0.6774105,0.9969847,-0.073836476,-0.023866951
1356078706434,0.030027777,0.6241927,-0.7806932,0.054396182,0.7788675,0.62482524,0.99806786,-0.06122884,-0.010566056
1356078706473,0.018858157,0.5806154,-0.8139596,0.04312873,0.81287414,0.58084035,0.9988916,-0.046058625,-0.009711862
1356078706512,-9.871721E-4,0.5473905,-0.8368768,0.03622818,0.83634734,0.5470015,0.9993431,-0.02977857,-0.020656586
1356078706573,-0.023043513,0.52462965,-0.8510187,0.03550197,0.8511372,0.5237414,0.99910396,-0.018144011,-0.038238585
1356078706595,-0.040175855,0.50984657,-0.8593268,0.042877898,0.86010855,0.5083058,0.99827224,-0.016424522,-0.05641675
1356078706628,-0.048422035,0.49973345,-0.86482465,0.058645353,0.8657691,0.49699557,0.9971038,-0.02665238,-0.07122934
1356078706655,-0.050933983,0.49224907,-0.868963,0.07572438,0.8694911,0.48810968,0.9958271,-0.040940315,-0.08156192
1356078706687,-0.048305366,0.48538095,-0.87296724,0.09385021,0.8723266,0.47983155,0.99441373,-0.058749706,-0.08769119
1356078706733,-0.03731897,0.47667348,-0.878288,0.11646329,0.8749856,0.4699326,0.9924937,-0.08475092,-0.0881685
1356078706773,-0.024768889,0.46568912,-0.8846017,0.13778822,0.8780181,0.4583652,0.990152,-0.110534504,-0.085914016
1356078706814,-0.011492074,0.45227262,-0.89180565,0.15878275,0.8813739,0.4449361,0.98724663,-0.13649012,-0.0819419
1356078706853,-0.0010744035,0.43666753,-0.8996223,0.17967787,0.8850663,0.42938757,0.98372495,-0.16118087,-0.079410374
1356078706892,0.0020006895,0.42284465,-0.90619993,0.20209455,0.8873322,0.41448686,0.9793639,-0.18396732,-0.08367932
1356078706932,-0.010615022,0.41734383,-0.90868664,0.22682717,0.88605386,0.40429923,0.9738772,-0.20182315,-0.104070425
1356078706973,-0.049436748,0.428987,-0.9019569,0.2536964,0.87883633,0.4040852,0.96601975,-0.20884654,-0.15227926
1356078707015,-0.1229862,0.46373376,-0.8773969,0.2838464,0.8636117,0.41666058,0.95094985,-0.19780245,-0.23784149
1356078707052,-0.21204865,0.5062778,-0.8358937,0.31660742,0.8448023,0.4313569,0.9245513,-0.17318152,-0.3394305
1356078707094,-0.29994214,0.5453949,-0.7826743,0.35020992,0.8261166,0.44145703,0.88734865,-0.14168875,-0.4387899
1356078707133,-0.36244905,0.56482875,-0.74134964,0.3743349,0.8166813,0.43920946,0.8535245,-0.118322,-0.5074405
1356078707171,-0.39483833,0.5654272,-0.7241511,0.38369128,0.8176471,0.42922515,0.83479553,-0.10837592,-0.5397879
1356078707213,-0.40099704,0.5481542,-0.7339811,0.3761633,0.8290834,0.41366884,0.83528584,-0.11021677,-0.53865546
1356078707255,-0.3857468,0.5141815,-0.7660397,0.3535531,0.8493002,0.39203244,0.85217345,-0.11961043,-0.50940526
1356078707293,-0.35421324,0.46472874,-0.81151724,0.32023796,0.875592,0.36164388,0.8786243,-0.13177958,-0.45897007
1356078707332,-0.30948028,0.4009643,-0.8622352,0.2801266,0.90495646,0.32028562,0.90870845,-0.14241293,-0.3923869
1356078707372,-0.25692648,0.32509112,-0.9101124,0.23700316,0.9341629,0.2667755,0.93691957,-0.14715782,-0.3170588
1356078707412,-0.20574576,0.2424924,-0.94808555,0.19581614,0.95942104,0.20289728,0.95881426,-0.1439052,-0.24488074
1356078707455,-0.16044605,0.15919125,-0.97412276,0.15646878,0.97853154,0.13414003,0.9745637,-0.13089757,-0.18190998
1356078707492,-0.12502882,0.07426231,-0.98937,0.12120626,0.9908689,0.059057735,0.9847218,-0.11253392,-0.13288826
1356078707534,-0.09891912,-0.0051872134,-0.995082,0.0870744,0.99610555,-0.013848443,0.9912785,-0.08801603,-0.098082185
1356078707572,-0.07998523,-0.08580153,-0.99309635,0.055012673,0.9943901,-0.09034408,0.9952768,-0.06185908,-0.074816346
1356078707611,-0.06725484,-0.15968403,-0.9848744,0.023895249,0.98656857,-0.16159044,0.9974496,-0.034401566,-0.06253582
1356078707653,-0.06081453,-0.2283782,-0.9716713,-0.006590359,0.9735437,-0.22840583,0.9981274,-0.0074867085,-0.06071073
1356078707692,-0.060219526,-0.28972596,-0.95521337,-0.03523937,0.9569706,-0.28803736,0.99756294,0.016315639,-0.06783807
1356078707731,-0.06336823,-0.34275037,-0.93728685,-0.05788876,0.9388555,-0.33941022,0.9963099,0.032750547,-0.079334974
1356078707772,-0.069648534,-0.38570237,-0.91999066,-0.069609925,0.9218613,-0.38121676,0.99513996,0.03748931,-0.091054976
1356078707812,-0.078666,-0.41900826,-0.90456825,-0.06860036,0.90750456,-0.41440254,0.9945379,0.02945432,-0.100133896
1356078707852,-0.089838594,-0.4427787,-0.8921189,-0.057723865,0.89655006,-0.43916506,0.9942822,0.012042567,-0.10610372
1356078707894,-0.1021989,-0.4574589,-0.8833384,-0.040648967,0.8891667,-0.4557743,0.99393314,-0.0106728375,-0.10946709
1356078707933,-0.11390421,-0.46319586,-0.8789059,-0.022014678,0.88562304,-0.46388286,0.99324787,-0.033489376,-0.111073256
1356078707975,-0.1254701,-0.46116787,-0.87839705,-3.864169E-4,0.8854167,-0.46479803,0.9920973,-0.057978824,-0.1112715
1356078708012,-0.137054,-0.44872186,-0.8830996,0.023474634,0.88979065,-0.4557649,0.99028546,-0.08319485,-0.111415744
1356078708052,-0.15170926,-0.42930955,-0.8903244,0.048522398,0.8964298,-0.4405216,0.98723346,-0.1100319,-0.11516553
1356078708093,-0.1750764,-0.4013263,-0.899047,0.06809504,0.9060283,-0.41770318,0.9821973,-0.13435057,-0.1312958
1356078708132,-0.2152352,-0.36935753,-0.9040182,0.07046531,0.9174278,-0.39161325,0.9740167,-0.14799088,-0.17143583
1356078708171,-0.27740723,-0.34303743,-0.89742446,0.046328917,0.92822206,-0.36913067,0.9596348,-0.14397621,-0.24160296
1356078708212,-0.35507628,-0.33138728,-0.87413013,-0.0033140332,0.93550146,-0.3533073,0.9348315,-0.12255415,-0.33327264
1356078708255,-0.42620772,-0.33321458,-0.8410202,-0.059219316,0.93797195,-0.3416163,0.9026849,-0.095794864,-0.41950363
1356078708293,-0.4732592,-0.3385845,-0.8132566,-0.09857243,0.9377427,-0.3330497,0.8753909,-0.077454165,-0.47717047
1356078708335,-0.4922818,-0.33545768,-0.80319786,-0.10915055,0.9392604,-0.32538593,0.8635652,-0.072512075,-0.4989962
1356078708373,-0.4899903,-0.3157422,-0.812537,-0.094094396,0.9458102,-0.31078812,0.8666348,-0.07582798,-0.49314743
1356078708414,-0.4618973,-0.26524258,-0.8463434,-0.048746116,0.96038514,-0.27437955,0.8855928,-0.08547924,-0.4565289
1356078708452,-0.41593295,-0.18497586,-0.890384,0.010943249,0.97800565,-0.20829113,0.9093295,-0.09637885,-0.40476054
1356078708492,-0.34849048,-0.0740096,-0.9343859,0.07457483,0.99152833,-0.106349245,0.93434095,-0.106743366,-0.34001893
1356078708531,-0.26731676,0.049498074,-0.96233666,0.12277367,0.9922902,0.016934827,0.9557555,-0.113622636,-0.27133286
1356078708571,-0.1874043,0.15812686,-0.96947175,0.14389682,0.98072976,0.13214706,0.9716858,-0.11473897,-0.2065469
1356078708612,-0.12313309,0.22888565,-0.96563435,0.14020595,0.96729124,0.2114,0.98243606,-0.10935733,-0.15119672
1356078708652,-0.07932234,0.25410107,-0.9639194,0.122065805,0.9621653,0.2435937,0.9893472,-0.09833917,-0.10733825
1356078708693,-0.053623676,0.23571754,-0.97034097,0.09771332,0.96831423,0.22982526,0.9937688,-0.08249115,-0.07495731
1356078708732,-0.04145962,0.17527616,-0.98364586,0.07224377,0.9824414,0.17201652,0.9965249,-0.06393054,-0.053394258
1356078708809,-0.0392794,0.08088466,-0.9959492,0.046960555,0.99576646,0.079017736,0.9981242,-0.04366655,-0.04291153
1356078708810,-0.04309666,-0.040339723,-0.99825615,0.022862226,0.998883,-0.041352063,0.9988093,-0.0246045,-0.042126298
1356078708850,-0.049910784,-0.16910237,-0.984334,0.0022534877,0.9855407,-0.16942395,0.99875116,-0.010674268,-0.04880804
1356078708892,-0.05696249,-0.28820926,-0.9558717,-0.011055991,0.95754963,-0.28805637,0.9983151,-0.0058402866,-0.057730854
1356078708932,-0.06611475,-0.38607186,-0.92009634,-0.013735697,0.9223788,-0.38604254,0.99771744,-0.01288493,-0.06628579
1356078708971,-0.0775713,-0.45898753,-0.88504976,-0.008667722,0.88800156,-0.45975864,0.99694914,-0.027992696,-0.07286185
1356078709012,-0.09075671,-0.5066209,-0.8573788,0.0016162395,0.86085576,-0.50884646,0.9958717,-0.047566995,-0.07730961
1356078709052,-0.10375956,-0.5269535,-0.84353656,0.015348077,0.8471651,-0.53110814,0.994484,-0.06805417,-0.07981372
1356078709092,-0.114861995,-0.51697296,-0.8482604,0.032964393,0.8514582,-0.5233855,0.99283445,-0.0880795,-0.08075845
1356078709135,-0.12314696,-0.46994877,-0.87406117,0.057013556,0.8759601,-0.47900245,0.9907493,-0.108821064,-0.08107835
1356078709172,-0.1255382,-0.35941553,-0.9246949,0.08990577,0.92411196,-0.37139475,0.9880066,-0.12975962,-0.083697855
1356078709214,-0.12535498,-0.1845728,-0.97479177,0.1268837,0.9714909,-0.20026463,0.9839648,-0.14878938,-0.09836191
1356078709252,-0.12525752,0.06690779,-0.98986554,0.1664001,0.98500687,0.045523122,0.97807026,-0.15901163,-0.13451302
1356078709297,-0.17524827,0.22777338,-0.95781386,0.1909718,0.96225625,0.19388828,0.96582496,-0.14893687,-0.21213204
1356078709332,-0.24140322,0.35859147,-0.9017409,0.22316226,0.9248324,0.30803186,0.94441676,-0.12687464,-0.3032816
1356078709371,-0.3097548,0.44337702,-0.84111166,0.25788242,0.89063793,0.37451398,0.91517687,-0.10090037,-0.3902185
1356078709414,-0.32577723,0.5726264,-0.75230855,0.3211919,0.8154243,0.4815796,0.8892159,-0.08474772,-0.44956964
1356078709452,-0.26785165,0.7358793,-0.621882,0.4006939,0.67208105,0.622697,0.8761849,-0.082393914,-0.47488034
1356078709492,-0.16143855,0.8678659,-0.46983635,0.44881782,0.48856422,0.748243,0.87891984,-0.09007564,-0.46838683
1356078709532,-0.059675366,0.9377248,-0.34221476,0.44436336,0.33193925,0.83208025,0.8938568,-0.10241297,-0.43649918
1356078709593,0.016549185,0.9670556,-0.25402656,0.40026194,0.22640844,0.88799185,0.9162513,-0.116372645,-0.38332868
1356078709613,0.06497145,0.9774028,-0.20115325,0.33990613,0.16784781,0.92535996,0.9382124,-0.12849525,-0.32131988
1356078709651,0.09446776,0.9807158,-0.17109162,0.2720409,0.1398887,0.95206344,0.9576375,-0.13648316,-0.2535798
1356078709686,0.10918766,0.98128104,-0.15863651,0.2080251,0.13349932,0.9689703,0.9720101,-0.1388,-0.18955457
1356078709734,0.11138925,0.98071814,-0.16057524,0.15007699,0.14312705,0.97825944,0.98237944,-0.13306627,-0.13124037
1356078709772,0.10627845,0.9785653,-0.17639416,0.10392231,0.1654959,0.9807198,0.9888908,-0.12256065,-0.08410609
1356078709811,0.09302378,0.97390175,-0.20703098,0.0704411,0.20097423,0.97706056,0.99316895,-0.10547328,-0.049907327
1356078709861,0.072457105,0.96252143,-0.26134732,0.050239056,0.25818118,0.9647894,0.99610543,-0.08303571,-0.029649079
1356078709892,0.04624024,0.9357909,-0.3495101,0.041785985,0.34776607,0.93664974,0.99805605,-0.05791551,-0.023022175
1356078709934,0.018807948,0.87588674,-0.4821502,0.04062289,0.4811678,0.87568676,0.99899757,-0.03605625,-0.02653128
1356078709972,-0.005436003,0.7514943,-0.6597173,0.041906595,0.6593186,0.7506949,0.99910676,-0.02356574,-0.03507662
1356078710015,-0.025214821,0.5233899,-0.8517202,0.04470192,0.85172915,0.522072,0.99868214,-0.0249096,-0.0448727
1356078710052,-0.04560882,0.18148145,-0.9823361,0.044489615,0.98275274,0.1794928,0.99796814,-0.035517298,-0.05289626
1356078710096,-0.06693703,-0.15914974,-0.9849826,0.04358822,0.9857878,-0.162242,0.9968046,-0.053793646,-0.059048653
1356078710132,-0.08635953,-0.3858686,-0.91850287,0.04162444,0.9197447,-0.3903039,0.9953942,-0.07193862,-0.06336713
1356078710171,-0.10221779,-0.50577873,-0.85658586,0.043197677,0.8580271,-0.51178455,0.99382365,-0.089315996,-0.06585717
1356078710212,-0.11378476,-0.53496313,-0.8371783,0.05311154,0.83817065,-0.5428159,0.9920848,-0.106227994,-0.06695831
1356078710252,-0.12067464,-0.4817479,-0.8679612,0.07406196,0.8675449,-0.4918138,0.98992556,-0.12363234,-0.06901145
1356078710293,-0.11999795,-0.31541413,-0.94133645,0.10728853,0.93851465,-0.32814535,0.98695976,-0.14037138,-0.07877952
1356078710332,-0.11516076,-0.031476874,-0.99284804,0.14719594,0.9879228,-0.04839403,0.9823805,-0.15171629,-0.10913664
1356078710372,-0.13685676,0.23304448,-0.9627879,0.18506217,0.96083623,0.20626618,0.9731507,-0.14994667,-0.17462468
1356078710412,-0.19346473,0.40544766,-0.8934112,0.2274457,0.90434223,0.3611559,0.95437926,-0.1333316,-0.26717567
1356078710455,-0.26803884,0.5035312,-0.8213474,0.27250287,0.8573539,0.4366765,0.92406565,-0.10677326,-0.36701787
1356078710492,-0.28886223,0.6372468,-0.71447545,0.34168166,0.76576316,0.5448489,0.8943222,-0.0867369,-0.43893564
1356078710534,-0.2458123,0.7704523,-0.5882003,0.41146845,0.63237095,0.6563541,0.8776503,-0.08068591,-0.47246134
1356078710572,-0.17244616,0.86503136,-0.4711507,0.45014715,0.49465528,0.743427,0.8761448,-0.08388597,-0.47469276
1356078710611,-0.09600943,0.91890156,-0.3826253,0.4463228,0.38333392,0.8086106,0.88970673,-0.093140185,-0.44693035
1356078710652,-0.03281413,0.9449913,-0.32544526,0.4094116,0.30975688,0.85815656,0.9117594,-0.10508141,-0.3970548
1356078710692,0.016504034,0.9560275,-0.29281226,0.351294,0.26863766,0.89689827,0.9361198,-0.11766568,-0.33141315
1356078710731,0.051978722,0.95857316,-0.28006375,0.2853642,0.25449258,0.9240134,0.9570086,-0.12794921,-0.2603143
1356078710772,0.07537997,0.9560683,-0.28328663,0.220503,0.26107973,0.9397956,0.97246915,-0.13330725,-0.1911357
1356078710812,0.08746427,0.9488776,-0.30328414,0.16321349,0.28668678,0.9440191,0.98270607,-0.13206795,-0.12979478
1356078710852,0.08912726,0.9344562,-0.3447434,0.117753744,0.33380777,0.93525743,0.9890351,-0.12395179,-0.08028436
1356078710894,0.07923786,0.9051033,-0.41774324,0.08549914,0.41134608,0.9074604,0.9931824,-0.10762197,-0.0447914
1356078710932,0.059324726,0.83643615,-0.54484415,0.06589332,0.5413338,0.8382218,0.99606156,-0.0856289,-0.023001075
1356078710974,0.02694887,0.6748812,-0.737434,0.053708434,0.735659,0.6752194,0.9981929,-0.057802767,-0.016421616
1356078711013,-0.009059131,0.304789,-0.9523768,0.037265033,0.9518572,0.30426824,0.9992643,-0.032733932,-0.019980967
1356078711051,-0.033523947,-0.17820123,-0.9834229,0.010713242,0.98385537,-0.17864479,0.9993806,-0.016524523,-0.03107357
1356078711093,-0.04521767,-0.5205232,-0.8526493,-0.011149377,0.8537321,-0.52059305,0.9989149,-0.014033526,-0.044407308
1356078711132,-0.057628796,-0.69501495,-0.716682,-0.021254867,0.71856654,-0.6951333,0.9981118,-0.024826705,-0.056182563
1356078711171,-0.074959144,-0.77995944,-0.62132466,-0.02336374,0.6242803,-0.780851,0.99691284,-0.044015497,-0.06501824
1356078711212,-0.09494312,-0.8216939,-0.5619652,-0.020709962,0.5660235,-0.8241289,0.9952673,-0.06660712,-0.07075727
1356078711253,-0.11485243,-0.84012663,-0.5300907,-0.014517933,0.53498447,-0.8447372,0.9932765,-0.089324296,-0.07364118
1356078711292,-0.13360623,-0.8433975,-0.52041334,-0.005272299,0.5257188,-0.8506421,0.9910205,-0.11090729,-0.07468593
1356078711333,-0.15272719,-0.83611816,-0.5268594,0.005854845,0.53233886,-0.8465111,0.988251,-0.13236994,-0.076407254
1356078711372,-0.17339909,-0.81574047,-0.55181545,0.015260339,0.5580104,-0.8296937,0.9847334,-0.15228903,-0.084309995
1356078711414,-0.20169286,-0.7864412,-0.58380663,0.0069840252,0.59488636,-0.8037795,0.9794239,-0.16619393,-0.11449182
1356078711452,-0.24094012,-0.7405996,-0.62726396,-0.022177935,0.65033674,-0.7593223,0.97028655,-0.16903976,-0.17311716
1356078711491,-0.29834944,-0.6986196,-0.6503218,-0.087418675,0.69849014,-0.71026015,0.950445,-0.15505543,-0.26946658
1356078711533,-0.36626893,-0.66552496,-0.65032583,-0.16849971,0.7347758,-0.6570482,0.91512567,-0.13107666,-0.3812663
1356078711572,-0.42947036,-0.6301504,-0.6468892,-0.22379251,0.7682334,-0.5997786,0.8749126,-0.1128182,-0.4709564
1356078711611,-0.48303616,-0.5685457,-0.6659068,-0.22340485,0.81536865,-0.5341013,0.84662056,-0.109223425,-0.5208684
1356078711652,-0.52758574,-0.41287458,-0.74242026,-0.13186675,0.9031576,-0.4085554,0.8392046,-0.11764747,-0.53093755
1356078711693,-0.50604975,0.025110424,-0.86213875,0.1264933,0.99092865,-0.04538628,0.85317826,-0.13202249,-0.50463545
1356078711731,-0.2642467,0.6446464,-0.71735966,0.39805427,0.7503896,0.527701,0.8784797,-0.14610481,-0.45489216
1356078711776,-0.034100227,0.8932337,-0.44829762,0.4124766,0.42115217,0.80777097,0.9103298,-0.15736714,-0.3827994
1356078711812,0.06284168,0.94787467,-0.31238532,0.34182036,0.27363148,0.89904654,0.9376619,-0.16327727,-0.3068074
1356078711854,0.100612134,0.9619713,-0.25394592,0.26103988,0.22077587,0.9397426,0.9600705,-0.1608395,-0.22890013
1356078711892,0.11067444,0.9644579,-0.2399416,0.19137543,0.21622574,0.95740366,0.97525716,-0.15187904,-0.16064292
1356078711931,0.106278956,0.9613576,-0.25396138,0.1352854,0.2390526,0.96153617,0.9850902,-0.13654831,-0.10465145
1356078711974,0.09213436,0.94915795,-0.30101556,0.09410378,0.29264855,0.9515783,0.9912899,-0.11599976,-0.062356353
1356078712011,0.07192263,0.9141865,-0.3988613,0.06771532,0.39449874,0.91639805,0.99510896,-0.09291875,-0.03353101
1356078712051,0.043843344,0.81182057,-0.58225864,0.054021716,0.58003986,0.8127948,0.9975768,-0.06709024,-0.018425047
1356078712092,0.004822906,0.47579426,-0.87954336,0.042953,0.8786433,0.4755429,0.99906546,-0.040072516,-0.016199172
1356078712135,-0.027857631,-0.1951478,-0.9803781,0.010194108,0.98065233,-0.19549204,0.9995598,-0.015440032,-0.025329292
1356078712172,-0.0294258,-0.632833,-0.7737291,-0.024172634,0.77428836,-0.6323711,0.99927473,9.506941E-5,-0.03808129
1356078712214,-0.029909521,-0.7956841,-0.60497284,-0.04152924,0.60571027,-0.7946008,0.99868953,0.001357913,-0.051160693
1356078712253,-0.03807111,-0.8632506,-0.50333786,-0.04867047,0.50470704,-0.8619176,0.9980891,-0.008316487,-0.061229587
1356078712291,-0.05366227,-0.89488125,-0.4430665,-0.049133718,0.44553468,-0.8939154,0.9973496,-0.026199996,-0.06787723
1356078712333,-0.072633296,-0.90886575,-0.41071594,-0.045301795,0.414385,-0.9089736,0.9963294,-0.047415555,-0.07127136
1356078712371,-0.092229605,-0.9125115,-0.39851782,-0.037878275,0.4031492,-0.91435003,0.99501705,-0.069235,-0.07174665
1356078712412,-0.11216542,-0.90914667,-0.40108737,-0.026711792,0.40624735,-0.91337264,0.99333036,-0.091735125,-0.069851816
1356078712451,-0.13334173,-0.89935416,-0.41639173,-0.013066173,0.42170233,-0.9066402,0.99098396,-0.11545238,-0.0679816
1356078712492,-0.1566791,-0.8814999,-0.44543204,-0.00306198,0.45143348,-0.89229953,0.9876448,-0.13844076,-0.073429346
1356078712532,-0.18427703,-0.85242236,-0.48930383,-0.0095695555,0.4993619,-0.86634064,0.9828278,-0.1549643,-0.10017824
1356078712594,-0.22368129,-0.8083452,-0.54455924,-0.05196765,0.56781226,-0.82151604,0.973276,-0.15545824,-0.16901684
1356078712615,-0.28104138,-0.7387636,-0.61257166,-0.110859305,0.6590158,-0.74391425,0.9532712,-0.14116147,-0.2671095
1356078712650,-0.3589518,-0.65024006,-0.669583,-0.1678893,0.75067353,-0.6389855,0.91813225,-0.11694917,-0.37862396
1356078712685,-0.444925,-0.5217596,-0.72787946,-0.17223433,0.84743714,-0.5021809,0.8788498,-0.098067,-0.4669109
1356078712733,-0.515486,-0.3202453,-0.79480636,-0.089875095,0.9426291,-0.32151634,0.8521718,-0.09430386,-0.5146942
1356078712772,-0.53037846,0.0069328286,-0.8477326,0.08796729,0.9950188,-0.046898827,0.84318465,-0.09944688,-0.52834636
1356078712805,-0.4476602,0.3680476,-0.8149487,0.27852976,0.9234208,0.2640364,0.84971845,-0.108788885,-0.51589096
1356078712843,-0.3024317,0.6330205,-0.71261495,0.38824964,0.76460564,0.51443213,0.8705155,-0.1210919,-0.47701097
1356078712882,-0.16218221,0.77476275,-0.6110971,0.401469,0.6175307,0.6763715,0.90139866,-0.1356411,-0.41119576
1356078712921,-0.062117852,0.8327646,-0.5501312,0.35746443,0.53319347,0.76676196,0.93185866,-0.14902276,-0.33080453
1356078712962,0.00581342,0.84941965,-0.5276859,0.2899049,0.50360084,0.8138436,0.9570378,-0.15770993,-0.24332327
1356078713002,0.047660455,0.83951163,-0.54124737,0.22140372,0.5195055,0.8252845,0.9740169,-0.15916765,-0.16111112
1356078713042,0.07081598,0.80759776,-0.58546656,0.1626344,0.5697381,0.80557346,0.9841419,-0.15226448,-0.09099662
1356078713082,0.077834465,0.74208677,-0.66576946,0.11972797,0.6560047,0.7452,0.989751,-0.13771349,-0.03778881
1356078713122,0.0704601,0.6157117,-0.78481495,0.094382495,0.77912563,0.6197218,0.9930395,-0.117738456,-0.0032151341
1356078713164,0.046893984,0.39137748,-0.9190346,0.08070898,0.91555417,0.3940135,0.99563396,-0.09265122,0.011346281
1356078713202,0.014155,0.052624043,-0.99851406,0.06589998,0.9963938,0.053446505,0.99772584,-0.0665586,0.010636032
1356078713245,-0.0156368,-0.27288765,-0.96191883,0.03778612,0.96118796,-0.27329457,0.9991635,-0.04062061,-0.004718542
1356078713283,-0.030938476,-0.5034536,-0.86346817,0.007148236,0.8637482,-0.503873,0.99949574,-0.021761328,-0.023124218
1356078713322,-0.040464163,-0.62970865,-0.7757768,-0.014850616,0.776706,-0.62968826,0.9990706,-0.01395905,-0.040780306
1356078713361,-0.05066678,-0.69695985,-0.715318,-0.026483923,0.7169237,-0.6966484,0.9983644,-0.016352534,-0.05478239
1356078713402,-0.06274606,-0.73026913,-0.680272,-0.03046763,0.68269897,-0.73006433,0.99756444,-0.02508235,-0.065086246
1356078713442,-0.07513377,-0.74297565,-0.665088,-0.029586494,0.66834056,-0.7432668,0.99673444,-0.036166817,-0.07219702
1356078713483,-0.086714506,-0.7416413,-0.6651682,-0.024633795,0.66907537,-0.74278617,0.9959286,-0.048024714,-0.076287985
1356078713524,-0.09826951,-0.7300768,-0.67626244,-0.014099926,0.68050486,-0.73260784,0.9950599,-0.0624578,-0.077166915
1356078713562,-0.110789284,-0.70775175,-0.69772,0.0015083551,0.7019212,-0.712253,0.9938428,-0.0799624,-0.07669783
1356078713605,-0.12928273,-0.67809904,-0.72351074,0.018910736,0.7278153,-0.68551254,0.99142754,-0.10230699,-0.081270576
1356078713642,-0.15647763,-0.6368923,-0.7549059,0.029674709,0.76094455,-0.6481379,0.9872356,-0.12382072,-0.10017121
1356078713681,-0.20384453,-0.5905926,-0.7807995,0.01753366,0.795215,-0.60607404,0.9788463,-0.13723512,-0.15174496
1356078713722,-0.27352643,-0.53859514,-0.79693073,-0.018599272,0.83133376,-0.55546224,0.96168464,-0.13711128,-0.23740923
1356078713762,-0.35316512,-0.48591936,-0.7994728,-0.062180206,0.8648402,-0.4981817,0.9334924,-0.126229,-0.33564597
1356078713801,-0.41941947,-0.43680263,-0.79579574,-0.08801633,0.8920641,-0.4432547,0.90351564,-0.11586662,-0.41259485
1356078713842,-0.45876443,-0.39289424,-0.79697514,-0.08730498,0.91252214,-0.39960128,0.8842585,-0.11374295,-0.45293432
1356078713882,-0.46735698,-0.3507322,-0.8115198,-0.06264719,0.92876863,-0.36532748,0.88184625,-0.1198989,-0.4560389
1356078713922,-0.44944614,-0.30621186,-0.83918566,-0.02330169,0.94311315,-0.33165437,0.8930035,-0.12950632,-0.43101382
1356078713964,-0.40570545,-0.25675502,-0.8772,0.024690889,0.95630443,-0.2913283,0.9136703,-0.13985234,-0.3816384
1356078714002,-0.3488,-0.20852722,-0.91370404,0.06786372,0.9667534,-0.24654076,0.93473697,-0.14800075,-0.32305217
1356078714044,-0.28157848,-0.16587022,-0.945093,0.10038138,0.974449,-0.20092975,0.95427316,-0.15144722,-0.25773358
1356078714083,-0.21973157,-0.14624755,-0.96453595,0.11502474,0.9779191,-0.17448062,0.9687555,-0.1492844,-0.19805765
1356078714121,-0.16714278,-0.14783852,-0.9747857,0.114887156,0.9790381,-0.1681827,0.9792162,-0.14010087,-0.14665437
1356078714163,-0.12676781,-0.17778108,-0.9758708,0.10289159,0.976144,-0.19119671,0.9865816,-0.124646485,-0.105451465
1356078714201,-0.097808,-0.23144674,-0.96791834,0.083058745,0.9672901,-0.23968959,0.99173325,-0.10383767,-0.075385034
1356078714241,-0.07827288,-0.30004296,-0.95070904,0.057554543,0.95068425,-0.30477366,0.99526924,-0.07857313,-0.057143927
1356078714283,-0.066334784,-0.37354976,-0.9252353,0.026901826,0.926271,-0.37589663,0.99743474,-0.049825504,-0.05139482
1356078714325,-0.06031224,-0.44534034,-0.8933277,-0.005016446,0.8950808,-0.44587564,0.9981669,-0.022410437,-0.056218386
1356078714362,-0.058354475,-0.50828636,-0.8592087,-0.030031994,0.8611797,-0.5074127,0.997844,-0.0038060844,-0.0655185
1356078714404,-0.06290626,-0.557969,-0.8274741,-0.042033702,0.82986176,-0.5563835,0.99713385,-2.181828E-4,-0.07565701
1356078714442,-0.07226453,-0.5944408,-0.80088574,-0.04215309,0.8040879,-0.5930141,0.99649435,-0.009094089,-0.08316457
1356078714484,-0.0863164,-0.6179038,-0.78150123,-0.031387836,0.7857262,-0.6177776,0.99577314,-0.028794706,-0.08721572
1356078714522,-0.100356065,-0.6263504,-0.77305484,-0.016643882,0.77792555,-0.62813604,0.99481237,-0.0501706,-0.08849442
1356078714562,-0.11317917,-0.62288487,-0.77408326,0.00158149,0.7789753,-0.62705255,0.9935733,-0.07219353,-0.08717871
1356078714603,-0.12439006,-0.603225,-0.7878114,0.022913843,0.7920197,-0.61006534,0.99196887,-0.093937814,-0.08469719
1356078714641,-0.13513774,-0.5663002,-0.8130448,0.0464347,0.81605077,-0.5761119,0.9897381,-0.11560802,-0.08398324
1356078714681,-0.14999804,-0.50991094,-0.84704864,0.068421364,0.8493338,-0.52340287,0.98631597,-0.13646561,-0.09250963
1356078714723,-0.17893335,-0.43378288,-0.8830715,0.08111501,0.88799703,-0.45263845,0.9805117,-0.1526225,-0.12370598
1356078714765,-0.23802519,-0.3488459,-0.90644944,0.074533984,0.92396,-0.3751568,0.9683949,-0.15685806,-0.1939249
1356078714802,-0.3197441,-0.2574054,-0.9118696,0.060817376,0.9548313,-0.2908582,0.94555,-0.14845772,-0.28964692
1356078714844,-0.4127987,-0.17880511,-0.8930991,0.046097554,0.97518355,-0.21654576,0.90965503,-0.1305595,-0.39431202
1356078714882,-0.48261148,-0.08450998,-0.87174773,0.06187974,0.98955643,-0.1301882,0.8736458,-0.11677385,-0.47234184
1356078714924,-0.51069045,0.037935156,-0.85892737,0.11797866,0.9926677,-0.026304394,0.8516315,-0.114768505,-0.51142144
1356078714962,-0.49135193,0.19873713,-0.84798396,0.20501556,0.9726522,0.10916165,0.846488,-0.12021313,-0.51865876
1356078715001,-0.41791847,0.38163668,-0.82443774,0.2963699,0.91511214,0.27337646,0.8587835,-0.13008948,-0.4955479
1356078715041,-0.3085438,0.548496,-0.77714396,0.35594767,0.82422376,0.44040483,0.8821008,-0.14073841,-0.44954503
1356078715082,-0.19713473,0.6673629,-0.71816754,0.36638892,0.7296142,0.57742727,0.90933883,-0.14929771,-0.38834673
1356078715121,-0.10875248,0.73624444,-0.6679199,0.33809507,0.65924406,0.6716316,0.9348072,-0.1527788,-0.32061505
1356078715162,-0.04979801,0.7686706,-0.63770336,0.29050094,0.62203777,0.72710264,0.955578,-0.1490452,-0.2542758
1356078715205,-0.01578828,0.7769016,-0.629424,0.23672381,0.61451,0.75255513,0.97144866,-0.13711807,-0.19361317
1356078715242,7.176399E-4,0.76582134,-0.643053,0.1870395,0.63160205,0.7523929,0.9823521,-0.12081626,-0.14278555
1356078715284,0.0056269765,0.7398751,-0.6727208,0.14342609,0.6651787,0.7327798,0.989645,-0.100609064,-0.102374434
1356078715322,0.0022469088,0.69259775,-0.7213205,0.10817492,0.71692115,0.6887106,0.9941293,-0.079576254,-0.07331085
1356078715361,-0.008708239,0.6222862,-0.7827413,0.08060002,0.7806609,0.6197356,0.9967085,-0.05769214,-0.056954443
1356078715402,-0.0258767,0.51947254,-0.8540952,0.05884652,0.8536913,0.517444,0.9979316,-0.036870793,-0.05265987
1356078715442,-0.04438749,0.38342077,-0.9225065,0.041637078,0.92332435,0.38175726,0.99814636,-0.021465242,-0.056948543
1356078715481,-0.059234083,0.22513904,-0.97252434,0.0304275,0.9741896,0.22367126,0.99778026,-0.01634252,-0.064555645
1356078715522,-0.0703443,0.06584933,-0.9953469,0.027253315,0.99757314,0.06407052,0.9971504,-0.022619504,-0.0719682
1356078715584,-0.08042815,-0.074243076,-0.99399155,0.030543402,0.99657035,-0.07690708,0.9962923,-0.03654538,-0.077884674
1356078715605,-0.09042853,-0.18132406,-0.9792571,0.036766477,0.98200744,-0.18522853,0.9952241,-0.052753776,-0.08213484
1356078715645,-0.09937456,-0.25037414,-0.9630356,0.044573538,0.9657346,-0.25567535,0.99405134,-0.06833353,-0.08480942
1356078715676,-0.10641363,-0.2824447,-0.95336306,0.054843046,0.9556805,-0.28925276,0.99280834,-0.08306578,-0.08620727
1356078715717,-0.11209789,-0.2826263,-0.9526576,0.06937808,0.95413464,-0.29122812,0.99127233,-0.09873962,-0.0873484
1356078715762,-0.118576944,-0.25092041,-0.9607177,0.088105835,0.9610686,-0.26188654,0.9890282,-0.11569853,-0.09185302
1356078715801,-0.13359243,-0.19409156,-0.97184443,0.10645319,0.97215027,-0.20878598,0.98530245,-0.13134816,-0.10921025
1356078715843,-0.16975325,-0.11412779,-0.9788558,0.117872976,0.98378956,-0.13514459,0.97841185,-0.13832188,-0.1535489
1356078715882,-0.23565924,-0.013400141,-0.9717434,0.12279703,0.9914801,-0.043452032,0.96404654,-0.12956706,-0.23200595
1356078715921,-0.31914002,0.10751859,-0.94158876,0.13638875,0.9884116,0.06663792,0.93784213,-0.10715528,-0.33010602
1356078715963,-0.3895635,0.24356984,-0.88820827,0.17637701,0.9662763,0.18762007,0.9039532,-0.083569594,-0.4193861
1356078716002,-0.41547352,0.38697833,-0.8231825,0.24449849,0.91919416,0.3087111,0.8761291,-0.0730056,-0.4765165
1356078716042,-0.38581634,0.5242937,-0.75911915,0.32020643,0.8477752,0.42278254,0.8652246,-0.07995844,-0.4949677
1356078716084,-0.31241065,0.6412269,-0.70087636,0.3766384,0.7609474,0.5283016,0.8720912,-0.0989299,-0.47923875
1356078716122,-0.22285625,0.72647476,-0.65005344,0.39947495,0.6763203,0.61887854,0.889244,-0.12175907,-0.4409306
1356078716164,-0.12859988,0.7812556,-0.6108206,0.38550448,0.6068748,0.6950462,0.9137004,-0.1460912,-0.37922156
1356078716202,-0.049911387,0.8121809,-0.58126664,0.3490815,0.5594719,0.75175345,0.93576217,-0.1653884,-0.31144136
1356078716241,0.009504639,0.8273657,-0.56158316,0.29955035,0.5334615,0.79100466,0.95403314,-0.17574066,-0.24276733
1356078716283,0.04720945,0.83228314,-0.55233693,0.24751055,0.52596253,0.81369644,0.96773434,-0.17512333,-0.18116844
1356078716322,0.06503278,0.82999957,-0.5539598,0.1995697,0.53310174,0.82217664,0.9777232,-0.16402203,-0.1309737
1356078716362,0.06626734,0.8204452,-0.5678718,0.15843126,0.553251,0.81780976,0.9851438,-0.14416271,-0.09332174
1356078716403,0.054522872,0.80044377,-0.59692293,0.124822915,0.5876589,0.7994224,0.9906798,-0.11809644,-0.06787288
1356078716445,0.032258213,0.76392496,-0.6444981,0.098091334,0.63930106,0.76267445,0.9946544,-0.08782217,-0.054311693
1356078716482,0.004685849,0.6988858,-0.71521795,0.07666895,0.7128695,0.69709325,0.99704564,-0.058101475,-0.050242424
1356078716524,-0.024754144,0.597159,-0.80174077,0.058182508,0.80148774,0.5951741,0.99799895,-0.031914234,-0.054584324
1356078716562,-0.04829377,0.4410119,-0.896201,0.040971145,0.8973674,0.43937805,0.9979925,-0.015499145,-0.061406016
1356078716604,-0.06199619,0.24941756,-0.9664095,0.030735418,0.96829,0.24793118,0.997603,-0.0143322125,-0.06769627
1356078716642,-0.07034844,0.04885037,-0.9963256,0.026718963,0.9985341,0.047072083,0.9971646,-0.02330934,-0.07155055
1356078716681,-0.07713655,-0.111126564,-0.9908082,0.031211324,0.99301285,-0.11380371,0.9965319,-0.039702855,-0.07312918
1356078716723,-0.084139526,-0.21448918,-0.9730956,0.04054986,0.9750125,-0.21841788,0.99562865,-0.057836466,-0.07333958
1356078716761,-0.090133876,-0.26299316,-0.9605782,0.052667305,0.96189576,-0.26829582,0.99453604,-0.074773595,-0.07284826
1356078716802,-0.093851775,-0.26516163,-0.95962554,0.068337604,0.95989084,-0.27191836,0.99323803,-0.09109854,-0.071966946
1356078716842,-0.094814,-0.22241288,-0.9703313,0.08894145,0.96893173,-0.23078282,0.99151385,-0.108184114,-0.07208657
1356078716885,-0.09662467,-0.13590422,-0.98599887,0.11383287,0.9826251,-0.14659446,0.98879004,-0.12640372,-0.07947546
1356078716922,-0.10354662,0.0031983107,-0.9946194,0.140777,0.98997486,-0.011472464,0.9846116,-0.14120749,-0.1029588
1356078716964,-0.13620937,0.1754805,-0.9750146,0.1683297,0.97397566,0.1517779,0.97627455,-0.14345035,-0.1622032
1356078717002,-0.18558079,0.37610158,-0.9078036,0.2126824,0.91732645,0.33656856,0.9593362,-0.13061318,-0.25022835
1356078717041,-0.24125487,0.55349225,-0.7971464,0.27910239,0.8262785,0.48925006,0.92946106,-0.10445146,-0.35382473
1356078717082,-0.2724337,0.68292284,-0.67778766,0.35479867,0.7260946,0.588986,0.89436996,-0.08001852,-0.44011277
1356078717122,-0.26873034,0.76300746,-0.5878806,0.415093,0.6424866,0.6441341,0.8691845,-0.070926726,-0.4893747
1356078717161,-0.23868424,0.80884814,-0.53739613,0.44755435,0.5827393,0.67831415,0.8618149,-0.078611076,-0.5010941
1356078717203,-0.1929053,0.8317898,-0.5204933,0.45023757,0.54635227,0.7062473,0.87182206,-0.09810677,-0.47989726
1356078717242,-0.13930294,0.8378685,-0.52779835,0.42684263,0.5317435,0.7314739,0.89353234,-0.12339035,-0.43171144
1356078717282,-0.08593869,0.83058375,-0.5502228,0.38665444,0.5367846,0.749907,0.91821176,-0.14830002,-0.36727947
1356078717324,-0.036110908,0.81217706,-0.58229244,0.33564496,0.5586821,0.75843054,0.9412962,-0.16805595,-0.29277766
1356078717362,0.0028863028,0.7851063,-0.6193543,0.28463626,0.5930924,0.75314254,0.9586312,-0.17846447,-0.22175783
1356078717405,0.029417776,0.7533958,-0.6569089,0.23404637,0.6337324,0.7372961,0.97178024,-0.17543676,-0.15768653
1356078717442,0.042729527,0.7128463,-0.70001733,0.19029027,0.6820245,0.70613897,0.9807975,-0.16337943,-0.106505096
1356078717481,0.043473303,0.66903436,-0.7419589,0.15142965,0.7296677,0.66682386,0.9875116,-0.1413436,-0.06959057
1356078717522,0.031699926,0.61648923,-0.786725,0.117374465,0.7793782,0.6154616,0.99258167,-0.11185151,-0.047653854
1356078717562,0.009377722,0.5524389,-0.8335007,0.08801101,0.82984644,0.5510072,0.99607545,-0.07852447,-0.04083866
1356078717601,-0.0190112,0.47341064,-0.88063675,0.06311539,0.8796074,0.4714948,0.9978252,-0.04661806,-0.04660189
1356078717642,-0.047430933,0.37874213,-0.92428607,0.042852074,0.92524713,0.3769369,0.9979549,-0.021729097,-0.06011522
1356078717682,-0.06981903,0.2691023,-0.9605775,0.02939915,0.96306425,0.2676621,0.99712634,-0.009552255,-0.07515156
1356078717722,-0.083941996,0.15089858,-0.9849789,0.024012603,0.98848677,0.1493896,0.99618137,-0.011111848,-0.08659905
1356078717763,-0.091887176,0.0394423,-0.99498796,0.027779102,0.9989279,0.03703308,0.99538183,-0.024237003,-0.0928843
1356078717802,-0.09728262,-0.055015244,-0.993735,0.03517662,0.99765706,-0.058676027,0.9946349,-0.040664397,-0.09511948
1356078717844,-0.10044587,-0.12518908,-0.9870351,0.04577233,0.9904206,-0.1302765,0.99388903,-0.058264628,-0.09375346
1356078717882,-0.10213518,-0.16910934,-0.98029095,0.057927433,0.9827611,-0.17557083,0.99308246,-0.074717715,-0.09057838
1356078717921,-0.10258764,-0.18967295,-0.9764732,0.072974354,0.97757226,-0.19755307,0.9920436,-0.091524005,-0.08644557
1356078717963,-0.10442644,-0.18483861,-0.9772051,0.09151153,0.976623,-0.19450763,0.9903135,-0.10973727,-0.08507037
1356078718001,-0.11452618,-0.15330784,-0.9815195,0.11095997,0.97986376,-0.16599633,0.987204,-0.12792028,-0.09520906
1356078718041,-0.14481461,-0.09489683,-0.9848976,0.12661645,0.98542947,-0.11356514,0.9813241,-0.14115012,-0.13068908
1356078718082,-0.20518535,-0.011372849,-0.97865707,0.13711976,0.9897364,-0.04025015,0.96907026,-0.14245196,-0.20151997
1356078718122,-0.29306966,0.086991,-0.95212543,0.14823039,0.98794496,0.044637498,0.9445306,-0.12805203,-0.3024314
1356078718162,-0.3806556,0.18065903,-0.9068977,0.16892496,0.97781265,0.12388214,0.9091565,-0.10604123,-0.40272766
1356078718205,-0.4435857,0.25441197,-0.8593639,0.19783986,0.96300566,0.18297401,0.8741231,-0.08885179,-0.47750837
1356078718243,-0.46954677,0.31016085,-0.82663536,0.22979954,0.94692826,0.22476465,0.85247755,-0.08442291,-0.51590186
1356078718284,-0.4549821,0.35061562,-0.81857187,0.25896287,0.93159443,0.2550883,0.85201496,-0.09591913,-0.51465523
1356078718322,-0.4134392,0.3844084,-0.825408,0.28257406,0.9159221,0.2850239,0.86557496,-0.115398794,-0.48730195
1356078718361,-0.34757528,0.4110914,-0.8427308,0.29766053,0.9006529,0.3165794,0.88915104,-0.14081253,-0.43541038
1356078718402,-0.26757577,0.43011335,-0.8622098,0.30180386,0.8872218,0.34892964,0.9150506,-0.16685313,-0.36720896
1356078718442,-0.18748751,0.43968636,-0.8783646,0.29269713,0.8786066,0.3773311,0.9376443,-0.18634996,-0.2934227
1356078718482,-0.11994028,0.43853822,-0.8906731,0.2709616,0.8775479,0.39558747,0.95508856,-0.19389138,-0.22408038
1356078718522,-0.07124412,0.4259411,-0.9019415,0.2401191,0.8849711,0.3989599,0.9681255,-0.18814984,-0.16532558
1356078718586,-0.042120457,0.40058184,-0.9152923,0.20305312,0.90041864,0.3847281,0.9782614,-0.16964802,-0.11926544
