1356079178821,-0.42888582,0.43942437,0.7892802,0.64917827,-0.45765567,0.6075515,0.6281915,0.7729538,-0.08898282
1356079178862,-0.14149839,0.001064539,-0.9899379,-0.7650778,0.634466,0.11003992,0.6281991,0.77295005,-0.08896148
1356079178901,-0.14151475,0.0012589693,-0.98993534,-0.7650321,0.63449836,0.11017099,0.62825114,0.7729231,-0.08882773
1356079178940,-0.14158434,0.0017749965,-0.9899246,-0.7648804,0.634618,0.110535234,0.6284202,0.7728239,-0.0884943
1356079178982,-0.14179707,0.0026203692,-0.9898923,-0.7644148,0.6350663,0.11117965,0.6289386,0.7724532,-0.088047504
1356079179021,-0.14230269,0.0035449266,-0.9898168,-0.7631334,0.63646287,0.11199266,0.6303786,0.7712992,-0.087865114
1356079179060,-0.14322801,0.0044060946,-0.98967993,-0.7604677,0.63948554,0.11290306,0.6333835,0.7687905,-0.08824158
1356079179102,-0.14457929,0.0055117607,-0.9894779,-0.75608087,0.6444615,0.114065975,0.6383091,0.76461685,-0.08900845
1356079179141,-0.1463198,0.0076308846,-0.9892079,-0.7504651,0.6506461,0.11602509,0.6445096,0.7593428,-0.08947569
1356079179180,-0.14644027,0.009331316,-0.98917544,-0.74485874,0.6569783,0.11646852,0.65095365,0.7538518,-0.08925754
1356079179220,-0.14944161,0.014185816,-0.9886688,-0.7385745,0.66319627,0.12115461,0.65740013,0.7483111,-0.08863181
1356079179260,-0.15143,0.017918408,-0.9883056,-0.73239857,0.6694235,0.12435639,0.6638233,0.7426649,-0.08824736
1356079179300,-0.15249737,0.020311594,-0.9880951,-0.72622734,0.6758138,0.12597436,0.670327,0.73679245,-0.08830899
1356079179340,-0.15303235,0.02215901,-0.9879726,-0.7202951,0.68196774,0.12686607,0.67657673,0.73104644,-0.08840209
1356079179381,-0.15356708,0.024718583,-0.987829,-0.71493465,0.6873113,0.12834182,0.6821185,0.72594225,-0.0878762
1356079179420,-0.15457647,0.028912514,-0.98755765,-0.7104547,0.6913585,0.13144398,0.6865567,0.7219331,-0.08632672
1356079179460,-0.15632863,0.035001516,-0.98708475,-0.7069114,0.69399303,0.13656506,0.6898099,0.7191305,-0.08374798
1356079179500,-0.15896131,0.042588323,-0.9863658,-0.7041229,0.69542664,0.14350191,0.69205654,0.71733403,-0.08055848
1356079179540,-0.16248482,0.05121377,-0.985381,-0.7016654,0.6961304,0.15188181,0.69373214,0.7160863,-0.07717568
1356079179580,-0.16686372,0.06105587,-0.9840877,-0.69883966,0.69675523,0.16172543,0.6955426,0.7147057,-0.07359493
1356079179620,-0.17205916,0.073123366,-0.9823689,-0.6946969,0.6980314,0.17363274,0.69842094,0.7123237,-0.06930411
1356079179661,-0.17799039,0.08869287,-0.980027,-0.68848133,0.7003503,0.18842247,0.7030739,0.7082677,-0.063592255
1356079179700,-0.18444936,0.10826641,-0.97686076,-0.6805458,0.70302874,0.206417,0.7091092,0.7028719,-0.05599296
1356079179756,-0.19106396,0.1326898,-0.97256774,-0.6728735,0.7036825,0.22819321,0.71465784,0.69801456,-0.045164943
1356079179792,-0.19722468,0.15429431,-0.96814036,-0.6696533,0.700048,0.24798633,0.7160077,0.6972274,-0.03474307
1356079179832,-0.20093979,0.16830987,-0.9650363,-0.67327815,0.69184685,0.2608534,0.71156156,0.7021537,-0.025700212
1356079179862,-0.20063774,0.17343774,-0.9641907,-0.68126774,0.6825621,0.26454324,0.7040019,0.70994943,-0.018790185
1356079179902,-0.19684273,0.16918626,-0.96572715,-0.6954737,0.67018545,0.25916755,0.6910638,0.7226531,-0.014256537
1356079179931,-0.18462232,0.15576929,-0.9703868,-0.7117255,0.6597097,0.24130884,0.6777621,0.73520005,-0.0109321475
1356079179962,-0.167649,0.1389975,-0.9759987,-0.7277929,0.6503483,0.21763408,0.66498965,0.7468111,-0.007868826
1356079180002,-0.14451846,0.12024197,-0.98216915,-0.74437666,0.6407567,0.18797377,0.6519339,0.75826955,-0.0030958652
1356079180032,-0.10590199,0.09215814,-0.9900967,-0.7611687,0.633185,0.14035243,0.63984907,0.7684943,0.0030923486
1356079180062,-0.06258847,0.065508425,-0.9958873,-0.7754507,0.6249832,0.08984542,0.6282984,0.7778847,0.011681795
1356079180102,-0.0140135735,0.045244575,-0.9988776,-0.787799,0.61470306,0.038895518,0.6157729,0.78745985,0.027029455
1356079180132,0.050172344,0.019584298,-0.99854857,-0.7957318,0.6049962,-0.028116137,0.60356754,0.7959875,0.045937896
1356079180174,0.114130065,0.010058492,-0.9934149,-0.7982919,0.5961455,-0.085677,0.59135807,0.8028134,0.076067746
1356079180210,0.18673077,0.011963487,-0.98233825,-0.7921957,0.5931889,-0.14336273,0.58099705,0.8049743,0.120244026
1356079180250,0.2616812,0.030150473,-0.96468323,-0.7754493,0.6016551,-0.19154498,0.5746314,0.79818666,0.18082201
1356079180290,0.33345068,0.062059402,-0.9407227,-0.7493095,0.62300396,-0.22450244,0.5721415,0.77975297,0.25424278
1356079180330,0.39655918,0.09672412,-0.91289943,-0.71924937,0.65068406,-0.24349687,0.57045716,0.7531632,0.32760346
1356079180370,0.44646835,0.11864576,-0.8868986,-0.691905,0.6742765,-0.2581058,0.5673917,0.7288857,0.38313475
1356079180410,0.48075783,0.11768842,-0.8689197,-0.6707756,0.6875872,-0.2779999,0.5647407,0.71650076,0.40950543
1356079180450,0.49886954,0.0930469,-0.8616678,-0.65619767,0.6900263,-0.30539864,0.56615704,0.7177785,0.40529025
1356079180490,0.5008675,0.049006164,-0.86413544,-0.647782,0.6833774,-0.33671024,0.57402974,0.7284187,0.3740268
1356079180530,0.4872339,-0.0075876117,-0.87323856,-0.6459751,0.66975945,-0.36624914,0.58763874,0.74253935,0.32142812
1356079180570,0.4595881,-0.06848559,-0.8854878,-0.6515529,0.65153545,-0.38856196,0.60353756,0.7555206,0.25481594
1356079180610,0.42085427,-0.12550232,-0.89840466,-0.6640222,0.6321261,-0.3993634,0.6180261,0.7646345,0.18269664
1356079180650,0.3744707,-0.17306888,-0.9109439,-0.6807865,0.6156757,-0.39682892,0.62952477,0.76875913,0.11272955
1356079180690,0.32365236,-0.20815186,-0.92299616,-0.6983458,0.605641,-0.3814605,0.63840604,0.76803106,0.050655127
1356079180760,0.27120063,-0.22973873,-0.9347034,-0.71377105,0.603491,-0.35542873,0.6457408,0.7635567,-3.1369925E-4
1356079180766,0.21883166,-0.2378509,-0.9463296,-0.7263389,0.6079063,-0.3207519,0.6515708,0.75754666,-0.039731205
1356079180787,0.1716693,-0.23706134,-0.9562069,-0.73421586,0.61637294,-0.28462517,0.6568537,0.75092363,-0.068241894
1356079180821,0.12941596,-0.22733903,-0.96517795,-0.737861,0.6281744,-0.246897,0.6624294,0.7441196,-0.08644879
1356079180860,0.09262075,-0.206052,-0.97414786,-0.7361594,0.64458865,-0.20633668,0.67044073,0.73623914,-0.09198481
1356079180899,0.057522558,-0.17130667,-0.983537,-0.72936535,0.6654938,-0.15856898,0.6817017,0.7264791,-0.08666426
1356079180940,0.025195539,-0.12615553,-0.9916905,-0.7174815,0.6884938,-0.10581392,0.6961218,0.7141856,-0.073167324
1356079180980,-0.0035538077,-0.07488653,-0.9971857,-0.7024652,0.70990217,-0.050808668,0.71170914,0.7003077,-0.055128038
1356079181039,-0.028495908,-0.023026913,-0.9993286,-0.6887001,0.72504044,0.0029316843,0.7244861,0.68832123,-0.03651929
1356079181061,-0.04983467,0.02322179,-0.9984874,-0.68172354,0.7298302,0.05099857,0.72991055,0.6832339,-0.020539999
1356079181101,-0.06783506,0.058217198,-0.9959966,-0.6844599,0.7236085,0.088912785,0.7258878,0.6877511,-0.00923866
1356079181138,-0.0820573,0.07884684,-0.9935038,-0.695333,0.7096291,0.11374807,0.71398795,0.7001498,-0.0034054518
1356079181181,-0.09126666,0.08533871,-0.9921632,-0.7098564,0.6931803,0.12492028,0.6984085,0.7156944,-0.0026860237
1356079181220,-0.09363492,0.080244064,-0.9923676,-0.7244526,0.6782262,0.12319794,0.6829356,0.73045886,-0.0053726435
1356079181260,-0.08788045,0.066865295,-0.9938844,-0.7384474,0.66527,0.1100516,0.6685601,0.74360263,-0.009087741
1356079181300,-0.07252061,0.048364967,-0.9961936,-0.7523843,0.65302354,0.08647597,0.65472025,0.7557917,-0.010968626
1356079181340,-0.046546027,0.028504133,-0.9985094,-0.7663619,0.64013565,0.053998113,0.6407206,0.7677329,-0.007951319
1356079181382,-0.008494198,0.011513203,-0.99989766,-0.7792728,0.6265321,0.013834059,0.62662727,0.7793106,0.0036500096
1356079181420,0.043090135,0.0023368597,-0.9990684,-0.78829,0.61444163,-0.032561958,0.61379313,0.7889588,0.028318524
1356079181460,0.1090706,0.007591903,-0.994005,-0.7887822,0.60919225,-0.08189902,0.6049184,0.7929863,0.07243329
1356079181500,0.1883577,0.029637843,-0.98165315,-0.775859,0.61731863,-0.1302324,0.602133,0.78615475,0.1392715
1356079181540,0.27320427,0.062681794,-0.9599116,-0.7493216,0.63961285,-0.17150095,0.6032218,0.76613736,0.22171378
1356079181580,0.3504194,0.09313229,-0.931951,-0.7165265,0.66745424,-0.20271799,0.6031551,0.73880386,0.30062068
1356079181620,0.40854865,0.10727981,-0.90641,-0.68750644,0.6893607,-0.22829117,0.6003524,0.7164307,0.35539296
1356079181660,0.4435184,0.09960064,-0.8907138,-0.66796184,0.69936275,-0.25439864,0.5975938,0.70779335,0.37670973
1356079181701,0.45651555,0.071855694,-0.886809,-0.658682,0.69734436,-0.28257543,0.5981066,0.7131252,0.36567864
1356079181756,0.450352,0.029010385,-0.89237964,-0.65835845,0.6859259,-0.3099512,0.6031145,0.72709286,0.32800737
1356079181782,0.4287715,-0.022109836,-0.9031424,-0.66532123,0.668558,-0.3322317,0.61114866,0.74333125,0.27194846
1356079181822,0.3954299,-0.075663775,-0.9153744,-0.6778189,0.6485053,-0.34641376,0.6198361,0.75744045,0.20515203
1356079181862,0.35514867,-0.12445274,-0.92648846,-0.6930593,0.6300459,-0.35030124,0.6273262,0.7665205,0.13750684
1356079181892,0.31373048,-0.16235271,-0.9355292,-0.7078781,0.61667866,-0.34440663,0.6328363,0.77029157,0.078544915
1356079181931,0.27357662,-0.19325781,-0.9422352,-0.7190134,0.60959053,-0.33379495,0.63888615,0.76879823,0.027814746
1356079181962,0.23360544,-0.21266443,-0.9487899,-0.7279663,0.60862714,-0.31565493,0.6445878,0.7644258,-0.01263392
1356079182002,0.19791287,-0.22371471,-0.9543491,-0.7319654,0.61383647,-0.29568803,0.651964,0.757071,-0.042265296
1356079182042,0.16391319,-0.22386381,-0.960738,-0.73215747,0.62509054,-0.2705685,0.6611187,0.74776125,-0.06144297
1356079182072,0.13185358,-0.21574059,-0.9675075,-0.7299608,0.6392074,-0.24201466,0.67065036,0.73815304,-0.073200405
1356079182112,0.1066722,-0.20042032,-0.97388536,-0.7226918,0.6570821,-0.21438226,0.68288916,0.72668755,-0.07474977
1356079182142,0.08414256,-0.17883286,-0.9802748,-0.7138101,0.6755943,-0.18451992,0.69526625,0.715256,-0.07080644
1356079182172,0.0668101,-0.15402347,-0.98580587,-0.7035452,0.6933156,-0.15600517,0.7075031,0.70398176,-0.062041998
1356079182201,0.053847432,-0.12714049,-0.990422,-0.69346035,0.7089062,-0.12870449,0.7184799,0.6937488,-0.04999411
1356079182232,0.044295877,-0.09998524,-0.99400246,-0.6858288,0.720433,-0.103029996,0.7264136,0.6862793,-0.036660552
1356079182261,0.037280835,-0.07467437,-0.9965109,-0.682844,0.72617495,-0.0799627,0.7296124,0.6834426,-0.02391857
1356079182292,0.03220109,-0.053225696,-0.99806315,-0.68559366,0.72544044,-0.06080669,0.72727185,0.68622386,-0.013131261
1356079182332,0.028644003,-0.037437916,-0.9988884,-0.6963159,0.7162073,-0.046810657,0.7171637,0.6968827,-0.005553603
1356079182372,0.026996106,-0.030506968,-0.99916995,-0.70940405,0.7036288,-0.040650487,0.7042849,0.7099126,-0.0026465654
1356079182402,0.028519481,-0.031349838,-0.9991016,-0.71990293,0.6927854,-0.042288005,0.69348866,0.72046214,-0.002810955
1356079182442,0.030376494,-0.038446367,-0.99879885,-0.72791505,0.68395233,-0.048465163,0.6849941,0.7285129,-0.007209599
1356079182482,0.037251264,-0.051826477,-0.9979611,-0.7345999,0.6756152,-0.062506944,0.6774772,0.7354306,-0.012904227
1356079182522,0.05048473,-0.067522496,-0.99643964,-0.74161375,0.6657118,-0.08268505,0.66892475,0.7431477,-0.016467333
1356079182562,0.07244232,-0.08158174,-0.9940304,-0.7495645,0.6530247,-0.108221084,0.6579552,0.7529297,-0.013844192
1356079182602,0.1069496,-0.08973876,-0.9902065,-0.7570479,0.63826907,-0.13961074,0.6445466,0.764565,3.26097E-4
1356079182642,0.15870592,-0.087501526,-0.9834408,-0.75967,0.6254055,-0.17823952,0.6306456,0.7753782,0.03278327
1356079182680,0.22989881,-0.07271108,-0.97049457,-0.7506012,0.62149423,-0.22437203,0.61947113,0.78003716,0.088303745
1356079182755,0.31650823,-0.047032624,-0.94742304,-0.72423387,0.6330501,-0.27337307,0.61262363,0.7726807,0.16630298
1356079182756,0.3999057,-0.023891032,-0.91624486,-0.6872067,0.6536578,-0.31698346,0.6064837,0.7564131,0.24498338
1356079182787,0.47276855,-0.0034297109,-0.8811799,-0.6438091,0.68143904,-0.34806716,0.6016642,0.73186684,0.31995487
1356079182820,0.5258044,0.005687386,-0.8505865,-0.6062732,0.70390344,-0.3700714,0.596626,0.7102729,0.37356368
1356079182860,0.5550684,6.7320466E-4,-0.83180445,-0.58275855,0.71387327,-0.38830066,0.59354156,0.7002746,0.39664078
1356079182900,0.56248677,-0.016516149,-0.8266413,-0.5749001,0.71073806,-0.40539032,0.594221,0.70326287,0.3902856
1356079182940,0.5500189,-0.043311954,-0.83402824,-0.58079106,0.69778854,-0.41925266,0.600134,0.7149931,0.35864168
1356079182980,0.51993316,-0.07620746,-0.85080075,-0.5974106,0.6794644,-0.42594445,0.610549,0.72974,0.3077489
1356079183020,0.47594735,-0.110471964,-0.8725079,-0.62144244,0.6597574,-0.42252752,0.622321,0.74331427,0.24535784
1356079183060,0.4227184,-0.1413587,-0.89516854,-0.6491046,0.6420818,-0.40791446,0.63243365,0.753491,0.17966324
1356079183100,0.36410382,-0.16597638,-0.91644984,-0.67644274,0.62925106,-0.38271183,0.6401982,0.75927263,0.11683923
1356079183140,0.3030643,-0.18283245,-0.93526703,-0.70009065,0.62313753,-0.34867287,0.6465487,0.7604419,0.060851455
1356079183180,0.24212924,-0.1914098,-0.9511759,-0.71801114,0.62400496,-0.30834687,0.65255904,0.75761473,0.013655484
1356079183220,0.18361637,-0.19153872,-0.9641566,-0.72959864,0.63075864,-0.26425272,0.6587647,0.75196844,-0.023928761
1356079183260,0.1298629,-0.18310648,-0.9744781,-0.73512447,0.64173836,-0.21854964,0.66537786,0.7447442,-0.05126804
1356079183300,0.083047725,-0.16588536,-0.9826419,-0.73528254,0.655368,-0.17277855,0.6726534,0.7368683,-0.06754577
1356079183340,0.044399343,-0.13989004,-0.9891711,-0.7309079,0.6704375,-0.12762132,0.68103033,0.7286593,-0.072479725
1356079183380,0.013525367,-0.10594717,-0.99427974,-0.72289515,0.68596333,-0.082927644,0.69082534,0.7198816,-0.06731075
1356079183420,-0.011366919,-0.06588426,-0.9977625,-0.71302843,0.7000988,-0.038105816,0.70104295,0.71099997,-0.054935336
1356079183460,-0.03304413,-0.022547305,-0.99919957,-0.70498776,0.7091818,0.0073114038,0.7084493,0.70466506,-0.039329886
1356079183500,-0.054386422,0.02027914,-0.998314,-0.70270514,0.7095271,0.052695066,0.70939946,0.70438635,-0.024338365
1356079183540,-0.07756503,0.058671087,-0.99525946,-0.70692015,0.7006932,0.096399724,0.7030274,0.7110462,-0.01287353
1356079183580,-0.10285929,0.08971229,-0.9906421,-0.7147063,0.6860088,0.1363334,0.69182,0.7220413,-0.0064443946
1356079183621,-0.12848179,0.11213145,-0.9853522,-0.72269964,0.6698129,0.17045769,0.67911536,0.7340144,-0.0050213933
1356079183660,-0.15135828,0.12573346,-0.9804498,-0.7301165,0.65441895,0.19663581,0.6663487,0.745605,-0.00725168
1356079183700,-0.16795635,0.13087004,-0.9770689,-0.73839676,0.63996226,0.21264651,0.6531162,0.75717986,-0.010851681
1356079183753,-0.17445293,0.12846333,-0.9762496,-0.7493707,0.6258383,0.21626356,0.6387564,0.7693007,-0.012912691
1356079183782,-0.16672343,0.12063438,-0.97859627,-0.7638167,0.6118268,0.20555308,0.6235282,0.78173864,-0.009863317
1356079183822,-0.14058778,0.11188087,-0.98372644,-0.7806616,0.59857774,0.17964435,0.60893553,0.79321325,0.0031883717
1356079183862,-0.09231338,0.10977495,-0.98966044,-0.796334,0.588536,0.1395618,0.5977712,0.80098367,0.03308773
1356079183920,-0.02123198,0.122692704,-0.9922176,-0.804993,0.5864575,0.089744,0.5929044,0.80063367,0.086315095
1356079183941,0.065595776,0.15372458,-0.98593396,-0.80188715,0.5961616,0.039601386,0.59386367,0.7880102,0.16237551
1356079183981,0.15195347,0.19398582,-0.9691644,-0.78866357,0.61482465,-5.9112906E-4,0.5957515,0.76443446,0.2464143
1356079184018,0.21995969,0.22525331,-0.9491463,-0.7732142,0.63348836,-0.028847575,0.5947751,0.7402387,0.313511
1356079184061,0.26146263,0.233742,-0.93648386,-0.7618636,0.64568293,-0.051549852,0.5926223,0.7269513,0.34690148
1356079184100,0.2782789,0.21602434,-0.93589234,-0.7555621,0.6508346,-0.07443261,0.5930319,0.7278378,0.3443333
1356079184140,0.27523187,0.1760369,-0.94512343,-0.75305015,0.6506063,-0.098116994,0.597631,0.7387303,0.31163222
1356079184181,0.257205,0.12185472,-0.9586434,-0.7537138,0.6461376,-0.120090574,0.6047819,0.7534306,0.2580334
1356079184221,0.22874124,0.06365579,-0.97140384,-0.7574121,0.63850754,-0.1365104,0.61155903,0.7669785,0.19426668
1356079184260,0.19341275,0.010187715,-0.98106456,-0.7629826,0.63020444,-0.14387453,0.61680543,0.7763624,0.12966263
1356079184300,0.153505,-0.03289759,-0.9876001,-0.76807976,0.62481856,-0.1401976,0.621683,0.7800766,0.070644796
1356079184340,0.11039044,-0.06254509,-0.9919183,-0.7703984,0.6251577,-0.12515658,0.6279334,0.7779884,0.020826817
1356079184380,0.06505689,-0.077160925,-0.99489385,-0.76861155,0.631966,-0.09927347,0.6363992,0.77114534,-0.018193066
1356079184420,0.018442854,-0.07590005,-0.9969449,-0.7623502,0.6440774,-0.063138336,0.64690197,0.76118565,-0.04598379
1356079184460,-0.028363615,-0.058558047,-0.997881,-0.7517956,0.65916884,-0.017312676,0.6587859,0.7497115,-0.06272012
1356079184500,-0.07428099,-0.025593966,-0.9969088,-0.7376288,0.67415565,0.037653893,0.671108,0.7381457,-0.06895584
1356079184540,-0.11780074,0.021824926,-0.9927974,-0.7206013,0.686015,0.10058409,0.68326914,0.72726,-0.06508601
1356079184580,-0.15837927,0.080411196,-0.98409855,-0.70168245,0.69204056,0.16947466,0.69466376,0.717366,-0.053181708
1356079184620,-0.19480754,0.14329836,-0.97031724,-0.6829281,0.6902644,0.23904891,0.70403075,0.7092254,-0.036606252
1356079184660,-0.22673398,0.20135736,-0.952915,-0.6679308,0.6799282,0.302599,0.70884436,0.7050907,-0.01967007
1356079184707,-0.25386363,0.24545817,-0.93557656,-0.6612395,0.66189015,0.35307747,0.7059146,0.7082737,-0.0057231784
1356079184744,-0.27426723,0.27206826,-0.9223644,-0.65998495,0.6443478,0.38631028,0.69942623,0.714699,0.002837479
1356079184780,-0.28734854,0.28015304,-0.9159395,-0.66454333,0.6303592,0.4012848,0.689792,0.7239901,0.005041003
1356079184820,-0.2882915,0.26932275,-0.91888696,-0.675008,0.6234755,0.3945155,0.6791555,0.7339915,0.0020523071
1356079184860,-0.27436793,0.24124531,-0.93087214,-0.6917661,0.6228954,0.36532304,0.66796845,0.74417865,-0.0040171742
1356079184901,-0.24300537,0.19795018,-0.9496126,-0.7150301,0.62498236,0.31325564,0.6555002,0.75512433,-0.010333717
1356079184940,-0.19349667,0.14437208,-0.97042036,-0.74287534,0.62452924,0.2410383,0.6408552,0.7675414,-0.013593912
1356079184980,-0.12702563,0.08942154,-0.9878605,-0.7711601,0.61747074,0.1550546,0.62384015,0.7814945,-0.009476244
1356079185020,-0.047122106,0.046165645,-0.99782175,-0.794307,0.6039801,0.06545517,0.60568625,0.7956612,0.0082089305
1356079185060,0.04107909,0.028155327,-0.99875915,-0.80667055,0.5907703,-0.016524434,0.58957195,0.8063484,0.04698038
1356079185100,0.13152154,0.041982353,-0.9904239,-0.804725,0.58796567,-0.08193916,0.57889533,0.80779564,0.11111438
1356079185140,0.21683107,0.081282526,-0.9728193,-0.7899189,0.6001435,-0.12592039,0.573596,0.7957518,0.19433635
1356079185180,0.28895894,0.12626204,-0.9489787,-0.7688937,0.6211741,-0.15147656,0.57035524,0.77343434,0.27657586
1356079185220,0.34251204,0.15494311,-0.92664886,-0.74875546,0.6407776,-0.16961515,0.5674951,0.7519286,0.33548856
1356079185260,0.3768774,0.15643856,-0.91295695,-0.73283315,0.6531676,-0.19059789,0.5664971,0.7408772,0.36080748
1356079185300,0.3938445,0.13156825,-0.9097122,-0.72133315,0.6576578,-0.21717438,0.5697061,0.74173856,0.35391945
1356079185340,0.39523345,0.086767554,-0.91447353,-0.7139398,0.6554309,-0.24637428,0.57799697,0.7502544,0.32099503
1356079185380,0.38270158,0.031242996,-0.9233436,-0.71128094,0.64777404,-0.27288863,0.58959216,0.7611916,0.27012673
1356079185420,0.35817978,-0.02553749,-0.93330336,-0.71399015,0.63662034,-0.2914321,0.6016023,0.77075446,0.209791
1356079185460,0.3237778,-0.07641083,-0.9430426,-0.7211818,0.62524694,-0.2982668,0.61242527,0.77667737,0.147335
1356079185500,0.28160155,-0.1169174,-0.9523816,-0.73057544,0.61734086,-0.29180425,0.62206113,0.77795917,0.08842713
1356079185540,0.23373011,-0.14526698,-0.96138847,-0.7395824,0.6153121,-0.27277964,0.6311799,0.77478284,0.036380053
1356079185580,0.18122393,-0.15897751,-0.9705071,-0.74670076,0.61996967,-0.24098873,0.6399967,0.7683513,-0.0063552856
1356079185620,0.12595749,-0.15714556,-0.97951007,-0.7504634,0.6306557,-0.19768175,0.64879847,0.7599859,-0.038496196
1356079185660,0.06931881,-0.13928315,-0.9878234,-0.7496493,0.6460472,-0.143698,0.6581952,0.7504821,-0.059630275
1356079185700,0.012701213,-0.10555288,-0.99433255,-0.7432283,0.66423696,-0.08000544,0.6689172,0.7400323,-0.070013285
1356079185752,-0.042421833,-0.056521088,-0.9974997,-0.73080456,0.68254447,-0.0075950325,0.68126714,0.7286552,-0.070260644
1356079185782,-0.09454022,0.00568673,-0.9955048,-0.71339583,0.6970803,0.07173115,0.6943547,0.7169705,-0.061845243
1356079185822,-0.14188232,0.07503092,-0.9870358,-0.6943493,0.7031292,0.15325925,0.7055128,0.7070924,-0.047663927
1356079185862,-0.18248357,0.14015827,-0.9731677,-0.67911446,0.6977769,0.22783987,0.7109876,0.7024692,-0.032149315
1356079185901,-0.21402621,0.18939342,-0.9582917,-0.6728708,0.68258023,0.28518265,0.7081227,0.70584303,-0.018652797
1356079185940,-0.23445949,0.21576601,-0.9478786,-0.6772201,0.66327584,0.3184934,0.697425,0.71659625,-0.009390235
1356079185980,-0.24147463,0.21871133,-0.9454393,-0.6901527,0.646197,0.32575855,0.68218714,0.7311598,-0.0050960183
1356079186020,-0.23260325,0.20116547,-0.9515399,-0.7087264,0.6349498,0.3074827,0.66603494,0.7459029,-0.0051200986
1356079186060,-0.20573068,0.1664747,-0.9643449,-0.7310125,0.6290002,0.26453644,0.6506117,0.75937146,-0.007709503
1356079186100,-0.15999913,0.11849967,-0.9799786,-0.7553787,0.6243949,0.19883138,0.6354551,0.7720679,-0.01039052
1356079186141,-0.09666672,0.063630015,-0.9932809,-0.7790102,0.6163199,0.1152955,0.61951494,0.78492105,-0.01000917
1356079186180,-0.020016119,0.0122132,-0.9997251,-0.7979088,0.60232645,0.023333788,0.60244584,0.79815644,-0.0023112297
1356079186220,0.063831106,-0.023320079,-0.99768823,-0.8081906,0.58527976,-0.06538764,0.58545166,0.810496,0.018511951
1356079186260,0.14855643,-0.032420307,-0.9883723,-0.8069433,0.57377034,-0.14010757,0.5716411,0.81837434,0.05907595
1356079186300,0.22900362,-0.012026668,-0.9733513,-0.7930464,0.57753825,-0.19371873,0.5644774,0.81627506,0.12272066
1356079186340,0.3003977,0.031369746,-0.9532981,-0.7689586,0.5992969,-0.22258899,0.56432605,0.799912,0.20414943
1356079186380,0.35844988,0.08122793,-0.9300085,-0.7410985,0.63056546,-0.23056474,0.56770295,0.77187383,0.28622398
1356079186420,0.40054584,0.11685991,-0.90879416,-0.71627873,0.65846187,-0.23102558,0.57140875,0.7434862,0.34744838
1356079186460,0.42651585,0.124874234,-0.8958185,-0.6978652,0.6754925,-0.23810512,0.57538545,0.7267161,0.37525362
1356079186500,0.4371397,0.10378054,-0.89338595,-0.6861466,0.6806806,-0.25666457,0.58147365,0.72519207,0.36876118
1356079186540,0.432921,0.060316235,-0.8994117,-0.680905,0.67572296,-0.28243017,0.59071803,0.7346839,0.33360428
1356079186580,0.4147638,0.0038561523,-0.90992093,-0.68257415,0.66259176,-0.30832562,0.6017171,0.74897075,0.27745122
1356079186620,0.38441685,-0.05435446,-0.9215581,-0.69160926,0.64426476,-0.3264959,0.61147386,0.76286864,0.21007419
1356079186660,0.3446448,-0.10583821,-0.93274766,-0.7061399,0.625474,-0.33188665,0.6185357,0.7730334,0.1408298
1356079186700,0.2982364,-0.14616689,-0.943234,-0.7222822,0.61146986,-0.32313034,0.6239901,0.77765024,0.07678884
1356079186751,0.24754116,-0.17356616,-0.95320415,-0.7363653,0.6056845,-0.3015168,0.6296742,0.77654433,0.022123754
1356079186782,0.19427752,-0.18679845,-0.96299666,-0.7465198,0.6087034,-0.26867884,0.6363681,0.7710944,-0.021191359
1356079186822,0.14000228,-0.18516806,-0.97268295,-0.75213814,0.61900574,-0.22609746,0.6439624,0.7632461,-0.05260974
1356079186862,0.08582237,-0.16831791,-0.9819896,-0.7530422,0.63439655,-0.17455193,0.652351,0.7544601,-0.07230508
1356079186900,0.03241095,-0.13642558,-0.99012,-0.7491052,0.6524936,-0.11442655,0.66165763,0.74541277,-0.081049204
1356079186941,-0.019596443,-0.09036225,-0.9957161,-0.74029046,0.6706912,-0.046296388,0.6720015,0.7362119,-0.080037415
1356079186981,-0.069425076,-0.03180027,-0.9970802,-0.7267591,0.68629205,0.028714865,0.683375,0.72663057,-0.07075697
1356079187018,-0.1161264,0.03519687,-0.9926106,-0.70969844,0.6962223,0.10771552,0.6948689,0.7169628,-0.055870652
1356079187061,-0.15810691,0.10362896,-0.981969,-0.6923237,0.69744927,0.18507418,0.70405257,0.7091019,-0.038526714
1356079187100,-0.19426623,0.16371843,-0.96719015,-0.67961204,0.68854225,0.25305545,0.7073811,0.7064742,-0.022495449
1356079187140,-0.22300273,0.20670341,-0.9526508,-0.67515594,0.6721717,0.30389082,0.70316017,0.71095634,-0.010339081
1356079187181,-0.24255654,0.22885089,-0.94275844,-0.6788725,0.6541686,0.33345985,0.6930355,0.72089577,-0.0033122897
1356079187221,-0.25078806,0.23099712,-0.9400775,-0.6884347,0.6401607,0.34095746,0.68056077,0.73269004,-0.0015181899
1356079187261,-0.2455616,0.21572502,-0.9450726,-0.70224464,0.63247865,0.32683814,0.6682454,0.74393106,-0.0038207173
1356079187301,-0.22522712,0.18571809,-0.9564421,-0.7200661,0.6295645,0.2918105,0.65633655,0.75442517,-0.0080657005
1356079187340,-0.18911806,0.14439574,-0.97127974,-0.74146235,0.6274971,0.23765737,0.6437919,0.7651126,-0.011606991
1356079187380,-0.13799661,0.0974395,-0.98562795,-0.7644465,0.6222649,0.16854653,0.6297448,0.77671874,-0.011383176
1356079187421,-0.07425952,0.05375406,-0.9957892,-0.78553927,0.61199224,0.09161663,0.61433995,0.78903484,-0.0032203197
1356079187460,-0.0012756586,0.024683356,-0.9996945,-0.80060476,0.5989842,0.015811026,0.5991915,0.80038035,0.01899749
1356079187500,0.077630594,0.020401776,-0.99677336,-0.8056198,0.5902628,-0.050661772,0.5873246,0.8069533,0.06225854
1356079187540,0.15892585,0.044261575,-0.9862978,-0.79809177,0.5938482,-0.10194966,0.58119875,0.8033587,0.12970263
1356079187580,0.23724782,0.085626155,-0.9676682,-0.7794714,0.6112697,-0.13701725,0.579774,0.78677666,0.21176553
1356079187620,0.30499274,0.122226655,-0.94447875,-0.7555155,0.6348317,-0.16181779,0.5798067,0.7629216,0.28596318
1356079187660,0.3562292,0.13456509,-0.9246583,-0.73253834,0.65454894,-0.18695784,0.5800761,0.74394757,0.33174354
1356079187700,0.38884658,0.117890894,-0.91372865,-0.7140146,0.66532135,-0.21801528,0.5822212,0.7371901,0.34288377
1356079187750,0.4029939,0.07756239,-0.91191006,-0.70112324,0.6665909,-0.25314558,0.58823645,0.7413775,0.3230129
1356079187782,0.39999604,0.023456872,-0.9162167,-0.69472003,0.65980047,-0.2864043,0.5978021,0.7510746,0.2802135
1356079187822,0.38256025,-0.03343895,-0.92332524,-0.69551766,0.6474167,-0.3116197,0.60819644,0.7614023,0.22441852
1356079187861,0.35429633,-0.0842717,-0.93132836,-0.7026379,0.6331978,-0.32459307,0.61706907,0.7693887,0.16512716
1356079187902,0.3184369,-0.1252281,-0.939636,-0.7132107,0.6213099,-0.32450652,0.62444246,0.7734933,0.10853398
1356079187940,0.27720976,-0.15482107,-0.94825375,-0.72418976,0.6149296,-0.3121069,0.63143003,0.7732348,0.058344662
1356079187980,0.23262516,-0.17260528,-0.95712745,-0.7335875,0.61499,-0.2892002,0.63854134,0.7694119,0.016441047
1356079188020,0.18681878,-0.17879024,-0.965988,-0.7403226,0.62074476,-0.25806665,0.6457718,0.7633544,-0.016395688
1356079188060,0.14144355,-0.17328218,-0.97466254,-0.74392164,0.63096803,-0.22013617,0.6531266,0.7562094,-0.039662004
1356079188100,0.09786302,-0.15627864,-0.98285294,-0.74408996,0.64433175,-0.17654139,0.66087294,0.7486078,-0.053229094
1356079188140,0.057085253,-0.12856027,-0.99005735,-0.74054706,0.65963286,-0.12835306,0.66957545,0.7405111,-0.057549655
1356079188180,0.01976879,-0.09158081,-0.9956014,-0.73293227,0.6759604,-0.07673171,0.6800144,0.73122525,-0.053759634
1356079188220,-0.013873339,-0.047889084,-0.99875635,-0.72159886,0.69192415,-0.023153424,0.69217247,0.7203802,-0.044156015
1356079188260,-0.043895066,-0.0016453266,-0.99903476,-0.70895326,0.70461756,0.029989183,0.70388806,0.70958537,-0.03209567
1356079188300,-0.07047483,0.041627854,-0.99664456,-0.6993109,0.710425,0.07912281,0.711335,0.70254064,-0.020956278
1356079188340,-0.09349944,0.076248646,-0.99269533,-0.6962354,0.7077227,0.119936615,0.71169806,0.7023636,-0.01308471
1356079188380,-0.11213507,0.098231286,-0.98882574,-0.7000327,0.69844246,0.14876953,0.70525163,0.7088927,-0.009554744
1356079188420,-0.12464593,0.10650909,-0.9864681,-0.7082717,0.6867122,0.16363859,0.69484866,0.71908426,-0.010158479
1356079188460,-0.12892129,0.102255136,-0.9863687,-0.7186482,0.6757617,0.16398448,0.68331844,0.7299932,-0.0136345625
1356079188500,-0.1230102,0.08761397,-0.98853034,-0.73052037,0.66622394,0.1499519,0.67172045,0.74058723,-0.017948508
1356079188540,-0.10547279,0.06549737,-0.9922628,-0.74437594,0.6564369,0.12245375,0.65937835,0.75153214,-0.020481586
1356079188580,-0.0752662,0.039885998,-0.9963654,-0.760392,0.6441099,0.08322528,0.6450883,0.7638924,-0.018150687
1356079188620,-0.031759173,0.01610881,-0.9993657,-0.7772577,0.6282177,0.034826994,0.6283803,0.7778708,-0.0074309707
1356079188661,0.025404051,7.6282024E-4,-0.99967694,-0.79142874,0.6109456,-0.01964584,0.6107333,0.7916722,0.016124189
1356079188700,0.09593539,3.1125546E-4,-0.99538755,-0.79696095,0.59915113,-0.07662371,0.59636366,0.80063593,0.057727873
1356079188749,0.17710717,0.017614633,-0.98403394,-0.78763866,0.6020538,-0.13098282,0.59013426,0.79826117,0.120501995
1356079188782,0.26163852,0.04784,-0.9639796,-0.7619399,0.62331206,-0.17586842,0.59244657,0.7805084,0.19953364
1356079188822,0.33852983,0.07906452,-0.93762803,-0.72628033,0.65550697,-0.20694795,0.59825945,0.7510389,0.27933168
1356079188861,0.3978823,0.09755343,-0.9122352,-0.691746,0.6850518,-0.2284546,0.6026419,0.72193307,0.3400522
1356079188900,0.4352228,0.09530404,-0.89526427,-0.666904,0.7021451,-0.24946208,0.60483074,0.7056269,0.3691482
1356079188940,0.45134676,0.07297361,-0.88935983,-0.654522,0.70450455,-0.2743615,0.60653687,0.70593774,0.3657387
1356079188980,0.4488528,0.03525147,-0.8929102,-0.653499,0.6944678,-0.30108726,0.60948354,0.71865976,0.3347506
1356079189020,0.43096885,-0.011362433,-0.90229523,-0.6615787,0.6760243,-0.324507,0.6136607,0.73679173,0.2838283
1356079189060,0.40093416,-0.06128937,-0.91405433,-0.6765984,0.65286845,-0.34055442,0.6176296,0.75498766,0.22028899
1356079189100,0.36268917,-0.10821891,-0.92560536,-0.6955813,0.6295541,-0.34616208,0.62017995,0.7693831,0.1530574
1356079189140,0.31992865,-0.14886194,-0.93567395,-0.71472436,0.6103725,-0.3414886,0.6219443,0.77800095,0.08888036
1356079189180,0.27547604,-0.18131253,-0.94405437,-0.7307974,0.59851646,-0.32819688,0.6245383,0.7803229,0.032374203
1356079189220,0.23143128,-0.2042538,-0.9511677,-0.74204,0.59522045,-0.30836552,0.6291393,0.7771699,-0.013811886
1356079189260,0.18934351,-0.21680054,-0.9576777,-0.74804246,0.59994924,-0.28371376,0.6360673,0.7701029,-0.048579514
1356079189300,0.15022606,-0.21842477,-0.9642213,-0.7491137,0.61131436,-0.25519302,0.6451828,0.760648,-0.07178962
1356079189340,0.11471981,-0.20927852,-0.9711034,-0.7457623,0.62765265,-0.22336236,0.6562606,0.74983644,-0.08406788
1356079189380,0.083230436,-0.190195,-0.97821194,-0.7387669,0.64701754,-0.18865791,0.6688021,0.7383727,-0.08665824
1356079189420,0.056181483,-0.1624504,-0.985116,-0.7292,0.66729075,-0.15162602,0.6819905,0.7268652,-0.08096945
1356079189460,0.03376601,-0.12789199,-0.99121314,-0.7188144,0.68595815,-0.11299288,0.69438154,0.7163136,-0.0687685
1356079189500,0.015805982,-0.08951169,-0.99586034,-0.71066815,0.69960743,-0.07416284,0.7033497,0.7088984,-0.052555144
1356079189540,0.0015926808,-0.051785648,-0.998657,-0.7085463,0.70465815,-0.037670225,0.7056625,0.7076547,-0.035570204
1356079189580,-0.009470597,-0.019831061,-0.9997585,-0.7142468,0.6998577,-0.007116288,0.6998298,0.7140069,-0.020792365
1356079189620,-0.017272457,0.0022267997,-0.99984837,-0.72606766,0.6874792,0.014073998,0.6874063,0.7262006,-0.010257661
1356079189660,-0.020810634,0.012386084,-0.9997067,-0.74042207,0.671723,0.023735642,0.67182,0.7406989,-0.0048080683
1356079189707,-0.018879488,0.010197401,-0.9997697,-0.75582516,0.6544383,0.020948023,0.6545012,0.75604665,-0.00464797
1356079189745,-0.0065876544,-0.0026019812,-0.99997497,-0.7692206,0.6389743,0.0034048557,0.6389494,0.76922375,-0.006210804
1356079189780,0.010707706,-0.018947363,-0.99976313,-0.7813521,0.6237638,-0.02018997,0.62399864,0.78138316,-0.008125484
1356079189820,0.037115812,-0.038299978,-0.99857676,-0.79205203,0.60816884,-0.052765608,0.6093242,0.7928832,-0.007762909
1356079189860,0.073369846,-0.05588773,-0.9957377,-0.80005646,0.5927939,-0.09222302,0.5954213,0.8034127,-0.0012201667
1356079189900,0.120707005,-0.06567052,-0.9905136,-0.80257094,0.58077526,-0.13630885,0.58421725,0.81141084,0.017398357
1356079189960,0.18027502,-0.06041792,-0.98175895,-0.795326,0.57833064,-0.18163213,0.57875514,0.81356215,0.056206644
1356079189981,0.25145727,-0.036748707,-0.9671705,-0.7742657,0.5919696,-0.22379595,0.58075976,0.8051221,0.1204018
1356079190031,0.33420774,0.011485755,-0.94242954,-0.73534364,0.628654,-0.25310856,0.5895549,0.77760035,0.21854699
1356079190068,0.4072699,0.049266487,-0.9119781,-0.694772,0.66484714,-0.2743542,0.59280956,0.745353,0.3050012
1356079190111,0.45840487,0.069126755,-0.8860511,-0.6643754,0.6888529,-0.28997743,0.59031373,0.7215977,0.36169964
1356079190151,0.48556346,0.06689507,-0.8716382,-0.6478168,0.697028,-0.3073849,0.5869937,0.7139167,0.38178706
1356079190191,0.4905513,0.044086665,-0.87029636,-0.64337504,0.6919181,-0.3275942,0.58773124,0.72062874,0.36778554
1356079190231,0.47661233,0.005863279,-0.879094,-0.64828277,0.67775506,-0.3469546,0.5937761,0.7352644,0.3268275
1356079190270,0.4481819,-0.04001224,-0.8930464,-0.66028965,0.658622,-0.3608802,0.60261965,0.75140935,0.26876286
1356079190310,0.40945876,-0.08679685,-0.9081904,-0.6771239,0.6382342,-0.366279,0.6114301,0.7649336,0.20255834
1356079190351,0.36424536,-0.12846163,-0.9224007,-0.69572234,0.62088865,-0.3612032,0.6191089,0.77330136,0.13678217
1356079190391,0.31537685,-0.16206321,-0.93502563,-0.71292686,0.6098402,-0.34616518,0.62631685,0.77577734,0.07679027
1356079190431,0.26488042,-0.18573916,-0.9462238,-0.72673166,0.6065142,-0.3224929,0.6337977,0.7730728,0.025671244
1356079190471,0.2144242,-0.19835234,-0.95638824,-0.7362552,0.61060226,-0.2917072,0.64183366,0.766695,-0.0151100755
1356079190511,0.1654588,-0.19925708,-0.9658779,-0.7413277,0.6207884,-0.25505888,0.65042806,0.7582338,-0.044999897
1356079190551,0.11922542,-0.18815368,-0.97487617,-0.7421713,0.6353328,-0.21338698,0.6595204,0.7489662,-0.06389445
1356079190590,0.07665554,-0.1652391,-0.98327005,-0.7390905,0.6525066,-0.16727349,0.66923034,0.73954797,-0.07210839
1356079190631,0.038322918,-0.13140395,-0.9905879,-0.73217475,0.6709355,-0.117326975,0.6800378,0.7297798,-0.07049847
1356079190670,0.0040822253,-0.08858439,-0.99606025,-0.7220789,0.6888235,-0.06421968,0.69179857,0.71949625,-0.061152995
1356079190710,-0.026751772,-0.040391237,-0.9988258,-0.7113917,0.7027334,-0.009364307,0.7022865,0.7103058,-0.047533393
1356079190750,-0.055150777,0.008176833,-0.99844456,-0.70433176,0.70846176,0.04470697,0.7077253,0.7057018,-0.033313036
1356079190791,-0.08224289,0.051475763,-0.995282,-0.70330083,0.7045758,0.09455621,0.7061189,0.70775926,-0.021743357
1356079190830,-0.10741231,0.08482018,-0.9905898,-0.70809746,0.6928725,0.13610882,0.69789726,0.71605384,-0.014362097
1356079190870,-0.12945984,0.10635266,-0.98586476,-0.7159276,0.67787296,0.16714007,0.68606687,0.7274457,-0.011616528
1356079190910,-0.1464169,0.116007805,-0.9823972,-0.7249895,0.6630709,0.18635246,0.6730174,0.7395128,-0.012980342
1356079190950,-0.15577702,0.11505428,-0.98106885,-0.73501134,0.65002537,0.19293863,0.65991807,0.75115216,-0.016692817
1356079190990,-0.15568477,0.10564643,-0.9821411,-0.7468711,0.6381242,0.18703222,0.6464873,0.76265085,-0.02044195
1356079191030,-0.14441888,0.09070167,-0.98535085,-0.7612715,0.6259697,0.16919711,0.63214624,0.7745547,-0.021353245
1356079191070,-0.120411485,0.075021446,-0.9898853,-0.777755,0.6125418,0.14103088,0.6169265,0.78687,-0.015408754
1356079191110,-0.08210465,0.066067904,-0.9944314,-0.79418087,0.59848285,0.10533303,0.6021093,0.7984067,0.0033316612
1356079191151,-0.02879563,0.07307261,-0.9969109,-0.8066538,0.5872885,0.06634772,0.5903225,0.8060724,0.042032957
1356079191190,0.037265852,0.10206252,-0.9940797,-0.81091994,0.58440787,0.029601812,0.58396924,0.8050159,0.10454297
1356079191230,0.10793312,0.14909881,-0.982914,-0.8058656,0.592097,0.001323998,0.5821779,0.7919537,0.18406045
1356079191270,0.16997506,0.19942027,-0.9650596,-0.79570764,0.6054944,-0.015027672,0.5813413,0.77045965,0.26159918
1356079191310,0.21165259,0.2362557,-0.94835985,-0.786912,0.6166731,-0.021995276,0.57963157,0.75093114,0.3164329
1356079191350,0.22840296,0.25157675,-0.9405005,-0.7831155,0.62141454,-0.023957968,0.5784135,0.74199265,0.33894658
1356079191390,0.22129776,0.24636388,-0.9435741,-0.7839738,0.6204082,-0.02188006,0.58001065,0.74457943,0.33043778
1356079191430,0.19332369,0.225413,-0.9548901,-0.7871355,0.6166258,-0.013798952,0.5856994,0.75429547,0.2966389
1356079191470,0.1483774,0.1954532,-0.9694236,-0.7901896,0.61285686,0.0026186407,0.5946297,0.7656399,0.24537921
1356079191510,0.09103985,0.16375661,-0.9822909,-0.79117334,0.61092657,0.028520048,0.604778,0.77456594,0.18517852
1356079191550,0.025822222,0.13701364,-0.9902325,-0.78828144,0.61196494,0.06411865,0.61477274,0.77892625,0.12380761
1356079191590,-0.043262914,0.12017435,-0.99180967,-0.77985376,0.61644965,0.10871053,0.6244649,0.77816963,0.06704903
1356079191630,-0.11294535,0.11612484,-0.9867919,-0.76483727,0.62379444,0.1609487,0.63424546,0.77291363,0.018361926
1356079191670,-0.18070161,0.12598234,-0.975436,-0.7430177,0.6323185,0.2193127,0.64441574,0.7643963,-0.020653844
1356079191710,-0.24433038,0.1494478,-0.95810646,-0.7149409,0.63974535,0.28210884,0.6551047,0.7539173,-0.049462855
1356079191749,-0.3020078,0.1855805,-0.93506753,-0.6818752,0.6434213,0.34793,0.66621137,0.7426769,-0.06777549
1356079191790,-0.35285038,0.23213257,-0.9064277,-0.6461114,0.640247,0.41548026,0.6767841,0.7322556,-0.07592791
1356079191830,-0.39539626,0.2852979,-0.87307894,-0.61095595,0.62807727,0.4819252,0.68585324,0.72396415,-0.07403493
1356079191870,-0.43013576,0.34169436,-0.83560055,-0.5784467,0.60631263,0.5456964,0.69309646,0.71807384,-0.0631448
1356079191910,-0.45779338,0.39707798,-0.7954585,-0.5494163,0.57707345,0.6042581,0.6989756,0.7136633,-0.046019256
1356079191950,-0.4798847,0.4463984,-0.7552742,-0.52467614,0.5439421,0.6548602,0.70315397,0.7105318,-0.026814938
1356079191990,-0.49874753,0.48463148,-0.718598,-0.5055224,0.51080894,0.69535697,0.7040582,0.710075,-0.009772599
1356079192030,-0.5158124,0.5090267,-0.68907857,-0.4926831,0.48176533,0.724683,0.70085716,0.7132979,0.0022884011
1356079192070,-0.53038347,0.52011555,-0.6694574,-0.48571238,0.46078676,0.7428048,0.6948214,0.7191351,0.008232892
1356079192110,-0.5401382,0.51996803,-0.6617279,-0.4844828,0.45081162,0.7496968,0.688133,0.7255357,0.008415043
1356079192150,-0.54244584,0.50977737,-0.6677422,-0.4906655,0.45293117,0.74437946,0.681909,0.73142356,0.0044395328
1356079192190,-0.53480756,0.48890626,-0.6891672,-0.5073538,0.4664178,0.7246009,0.6757018,0.7371737,-0.0013953447
1356079192230,-0.5141836,0.45557302,-0.7266832,-0.53755265,0.48902816,0.6869415,0.6683206,0.7438445,-0.0065557957
1356079192270,-0.47667336,0.40900663,-0.77813625,-0.58213174,0.5164144,0.62804365,0.6587148,0.7523495,-0.008065224
1356079192310,-0.41850367,0.353571,-0.83656573,-0.63753086,0.5416626,0.5478651,0.64684546,0.76262003,-0.001275301
1356079192350,-0.33945715,0.303433,-0.89033544,-0.69408244,0.55802804,0.45481223,0.63483715,0.7723555,0.021180928
1356079192390,-0.24608067,0.27936733,-0.92811537,-0.7393272,0.56510806,0.3661257,0.62676907,0.7762774,0.0674817
1356079192430,-0.14928204,0.2919456,-0.944713,-0.7663611,0.569573,0.2971149,0.6248244,0.7683452,0.13870871
1356079192471,-0.059760153,0.32749897,-0.94295985,-0.77739555,0.57729715,0.24976827,0.6261669,0.7479789,0.22009683
1356079192510,0.014930606,0.3556509,-0.9344997,-0.7788992,0.5901721,0.21216252,0.6269714,0.7247133,0.28582782
1356079192550,0.071793735,0.354984,-0.9321116,-0.7759407,0.6070652,0.17142877,0.6267071,0.71095586,0.31903
1356079192590,0.11098307,0.32248694,-0.9400451,-0.7718151,0.6238574,0.12289569,0.62608635,0.7119018,0.31813794
