1356079587362,-0.29360184,-0.10681471,-0.9499414,0.8576187,0.40950987,-0.311114,0.42224193,-0.9060311,-0.02862662
1356079587401,-0.11477384,-0.02206403,-0.9931466,0.899185,0.42264453,-0.113304645,0.42224795,-0.90602696,-0.02866888
1356079587439,-0.11508012,-0.021870136,-0.9931154,0.8991293,0.42271125,-0.11349803,0.42228326,-0.90600055,-0.028981566
1356079587480,-0.11604586,-0.021206051,-0.99301744,0.89896035,0.42291233,-0.114085525,0.42237863,-0.9059224,-0.0300138
1356079587521,-0.11788699,-0.019796997,-0.9928296,0.8986465,0.42329207,-0.11514431,0.42253643,-0.9057769,-0.032110095
1356079587560,-0.12037587,-0.017596424,-0.9925725,0.8982234,0.4238335,-0.1164473,0.42273456,-0.9055692,-0.035213828
1356079587600,-0.12294507,-0.014780045,-0.99230343,0.89775443,0.4245211,-0.11755368,0.42299122,-0.9052974,-0.03892398
1356079587640,-0.12500826,-0.011611015,-0.9920877,0.89726174,0.4254271,-0.118038684,0.4234316,-0.9049182,-0.04276377
1356079587680,-0.12602335,-0.008392185,-0.99199176,0.89674056,0.42666447,-0.117532104,0.424234,-0.904371,-0.046244085
1356079587720,-0.12570947,-0.0053601563,-0.9920527,0.8961896,0.42827207,-0.11587605,0.42548957,-0.90363395,-0.04903412
1356079587761,-0.12401438,-0.0026620924,-0.9922768,0.8956605,0.43011886,-0.11309326,0.427098,-0.9027684,-0.050956547
1356079587802,-0.120898604,-4.1794777E-4,-0.9926647,0.89534044,0.4317811,-0.10922712,0.42865953,-0.9019783,-0.05182749
1356079587840,-0.1166057,0.0013462007,-0.9931773,0.895499,0.4326089,-0.104551256,0.42951655,-0.90158063,-0.051650167
1356079587880,-0.111881435,0.0030460954,-0.9937169,0.89642704,0.4318537,-0.09960392,0.42883688,-0.90193856,-0.051046968
1356079587920,-0.10748765,0.0049918294,-0.9941939,0.8984203,0.42874202,-0.0949803,0.42577863,-0.9034132,-0.050569236
1356079587968,-0.103289336,0.0070079863,-0.99462664,0.9016708,0.42281333,-0.090657026,0.4199061,-0.9061897,-0.04999101
1356079587990,-0.09884906,0.008625984,-0.99506503,0.9053145,0.4158762,-0.08632821,0.4130792,-0.9093803,-0.048918188
1356079588030,-0.09318161,0.008832842,-0.99560994,0.9098209,0.4069113,-0.08154237,0.4044047,-0.91342497,-0.045952976
1356079588070,-0.085733056,0.0071533024,-0.9962925,0.914062,0.39842892,-0.075796306,0.3964095,-0.9171713,-0.040697098
1356079588110,-0.07613778,0.0029506087,-0.99709296,0.9171004,0.3926627,-0.068867594,0.391318,-0.91967785,-0.03260249
1356079588150,-0.06349602,-0.0046709776,-0.9979712,0.9186253,0.39050534,-0.060275435,0.38999465,-0.9205888,-0.020504653
1356079588190,-0.04649368,-0.016661286,-0.99877965,0.9189056,0.3913842,-0.049304426,0.39172813,-0.92007655,-0.0028867722
1356079588230,-0.024847984,-0.033189714,-0.99914026,0.91840035,0.39401776,-0.035928577,0.3948715,-0.9185034,0.020690858
1356079588293,-4.3720007E-5,-0.05333838,-0.99857646,0.9174212,0.39734873,-0.021264404,0.39791733,-0.91611624,0.0489164
1356079588312,0.02562663,-0.07586363,-0.99678886,0.9161025,0.4008837,-0.0069582164,0.4001243,-0.91298246,0.079772174
1356079588352,0.050497085,-0.10004565,-0.9937006,0.91434956,0.40488556,0.0057008564,0.40176466,-0.9088776,0.111922264
1356079588392,0.075134814,-0.1263341,-0.98913825,0.9116545,0.4106139,0.016804993,0.40403092,-0.9030149,0.1460244
1356079588449,0.099677235,-0.15538067,-0.98281294,0.9073841,0.4195157,0.025702626,0.40831178,-0.89435077,0.18280607
1356079588471,0.12504217,-0.18794155,-0.9741881,0.90092444,0.43278387,0.032145202,0.41557145,-0.88168937,0.22343737
1356079588511,0.1507582,-0.22411686,-0.9628311,0.89228565,0.4501173,0.03493917,0.42555648,-0.8643877,0.26783514
1356079588548,0.1773152,-0.263436,-0.9482409,0.8816531,0.4706641,0.034105927,0.4373182,-0.842067,0.31571507
1356079588591,0.20425966,-0.304793,-0.93025756,0.8700094,0.49213454,0.02978599,0.44873333,-0.81541693,0.365696
1356079588630,0.22989643,-0.3460123,-0.9096279,0.8594821,0.510649,0.022977501,0.4565501,-0.7870915,0.41478783
1356079588670,0.25273195,-0.38449124,-0.88785875,0.85231245,0.5227815,0.016220659,0.4579194,-0.7608324,0.4598302
1356079588710,0.26880616,-0.41726202,-0.86812186,0.8504904,0.52588415,0.010580927,0.4521165,-0.7411735,0.49623826
1356079588750,0.27230677,-0.44114512,-0.8551257,0.8550399,0.51854026,0.00477314,0.44131154,-0.73246634,0.5183987
1356079588790,0.25817382,-0.45384377,-0.85286117,0.86515623,0.5014779,-0.004962057,0.429943,-0.73657703,0.5221142
1356079588830,0.22455141,-0.45407045,-0.8622045,0.87835014,0.4774784,-0.022702396,0.42199248,-0.7522196,0.50605136
1356079588870,0.17263022,-0.44096297,-0.880767,0.8914642,0.45024648,-0.050692618,0.41891578,-0.7764211,0.4708289
1356079588910,0.105710775,-0.41387683,-0.90417427,0.9016946,0.42325678,-0.08832073,0.41925174,-0.8059526,0.41793337
1356079588950,0.029433787,-0.37327322,-0.92725444,0.90714383,0.39956504,-0.13205242,0.41979012,-0.8372663,0.35037315
1356079588990,-0.04806748,-0.32184315,-0.945572,0.9075514,0.38131568,-0.17592269,0.4171809,-0.8666114,0.27376032
1356079589030,-0.11877102,-0.26406625,-0.95716375,0.9046736,0.36851335,-0.21392462,0.4092179,-0.8913287,0.19512504
1356079589070,-0.17640522,-0.20513883,-0.9627041,0.9013872,0.35926422,-0.24172378,0.39545208,-0.9104105,0.121533394
1356079589110,-0.21756545,-0.14968488,-0.9644997,0.900218,0.3511028,-0.25755438,0.3771906,-0.92429495,0.058361173
1356079589150,-0.24145246,-0.10093558,-0.96514904,0.90245795,0.34227717,-0.26156443,0.35674965,-0.93416184,0.008446455
1356079589190,-0.24876079,-0.060826868,-0.9666531,0.908308,0.33187404,-0.2546294,0.3362954,-0.9413606,-0.027307749
1356079589230,-0.24070448,-0.030648738,-0.97011447,0.917482,0.31892872,-0.23772117,0.31668326,-0.947283,-0.04864794
1356079589295,-0.21815398,-0.0115707815,-0.9758458,0.9296237,0.3018442,-0.21139988,0.29699945,-0.953287,-0.055091977
1356079589312,-0.18281826,-0.0035087764,-0.9831404,0.9434426,0.2806876,-0.1764381,0.27657443,-0.95979273,-0.048004508
1356079589352,-0.13697773,-0.0061199665,-0.9905552,0.95676154,0.25822115,-0.13389999,0.25660175,-0.9660664,-0.029515207
1356079589392,-0.08486882,-0.017001927,-0.99624705,0.96659625,0.24128053,-0.08646062,0.24184501,-0.9703065,-0.0040432215
1356079589421,-0.036779314,-0.02965188,-0.9988833,0.971372,0.23369363,-0.04270366,0.23469883,-0.971858,0.020207942
1356079589452,0.004621476,-0.042152643,-0.99910045,0.9716649,0.23629907,-0.005475074,0.23631737,-0.9707656,0.042050302
1356079589492,0.0379349,-0.053278774,-0.99785876,0.9673412,0.25240457,0.023298025,0.25062275,-0.9661538,0.061113715
1356079589532,0.05818379,-0.060539305,-0.9964686,0.960807,0.27439958,0.039430708,0.27104348,-0.9597082,0.074132144
1356079589562,0.067191005,-0.06504893,-0.9956174,0.9544958,0.29478586,0.045155913,0.29055664,-0.9533467,0.08189583
1356079589600,0.06727731,-0.06669137,-0.9955029,0.947762,0.31608343,0.042875618,0.31180257,-0.94638443,0.084472775
1356079589640,0.060590893,-0.069544464,-0.99573714,0.940004,0.33951613,0.033486962,0.33574003,-0.9380258,0.08594364
1356079589680,0.052746773,-0.07766676,-0.99558306,0.93015313,0.36658895,0.020682186,0.36336347,-0.9271356,0.091578364
1356079589721,0.050699472,-0.09596893,-0.9940923,0.9178207,0.39690423,0.008492708,0.3937444,-0.9128291,0.10820508
1356079589761,0.061918497,-0.12965214,-0.9896244,0.90470135,0.4260456,7.88182E-4,0.4215229,-0.89536333,0.14367658
1356079589800,0.091777384,-0.18130565,-0.97913486,0.89428914,0.44748855,9.633899E-4,0.4379769,-0.8757181,0.20320898
1356079589840,0.13581511,-0.24572378,-0.9597781,0.8893104,0.4572195,0.008785427,0.4366705,-0.8547339,0.28062207
1356079589880,0.17715701,-0.30856398,-0.93456066,0.8895581,0.45647076,0.017913282,0.4210722,-0.83451945,0.3553526
1356079589920,0.19788876,-0.35563815,-0.9134339,0.8935286,0.44860783,0.01891458,0.40304682,-0.81992227,0.4065473
1356079589960,0.19013861,-0.38084957,-0.9048762,0.90011096,0.43562213,0.0057901144,0.39197892,-0.8155899,0.4256355
1356079590000,0.15632495,-0.38512403,-0.9095285,0.90765995,0.41915634,-0.02148065,0.38950732,-0.82218456,0.41508624
1356079590040,0.10195878,-0.3705038,-0.9232179,0.9139677,0.40130928,-0.060115367,0.39276886,-0.8376621,0.37954557
1356079590080,0.035653144,-0.34055462,-0.9395485,0.9169258,0.38505724,-0.10477564,0.39746177,-0.85776067,0.32599187
1356079590120,-0.033193856,-0.29967713,-0.95346296,0.9159868,0.37252447,-0.14897513,0.39983264,-0.8783046,0.2621349
1356079590160,-0.096383005,-0.25255856,-0.96276903,0.9125508,0.3638123,-0.18679279,0.39744326,-0.89657944,0.19540727
1356079590200,-0.1479193,-0.20359048,-0.96781754,0.90903556,0.3574906,-0.21413708,0.38958195,-0.91145563,0.13219124
1356079590240,-0.18463582,-0.15613651,-0.97032523,0.9076216,0.35163963,-0.22928724,0.37700495,-0.92302275,0.07678753
1356079590295,-0.20803997,-0.11060506,-0.9718466,0.91057044,0.34093198,-0.23372397,0.35718462,-0.9335587,0.02978617
1356079590332,-0.20856732,-0.06893313,-0.9755757,0.9190708,0.327232,-0.21960902,0.33437797,-0.9424263,-0.0048955083
1356079590372,-0.1950612,-0.035546094,-0.98014677,0.93096876,0.30775052,-0.19643512,0.3086232,-0.9508029,-0.026937902
1356079590412,-0.16784006,-0.010288775,-0.9857605,0.9444654,0.28488654,-0.16378248,0.282515,-0.958506,-0.038097978
1356079590452,-0.12866974,0.008078605,-0.99165463,0.956408,0.26535958,-0.12193462,0.26215997,-0.9641156,-0.041870177
1356079590491,-0.08161673,0.021151185,-0.9964393,0.9638626,0.25605598,-0.07351321,0.25358933,-0.9664305,-0.041285276
1356079590532,-0.0330787,0.03138143,-0.9989599,0.9654472,0.25950822,-0.023816794,0.2584909,-0.96523094,-0.038881302
1356079590572,0.008973211,0.041247934,-0.9991086,0.96178746,0.27307197,0.019911736,0.27364987,-0.9611089,-0.03722143
1356079590612,0.038777113,0.05150184,-0.9979198,0.9550202,0.29191452,0.05217561,0.2939944,-0.9550568,-0.0378657
1356079590652,0.05498922,0.060429126,-0.99665666,0.94665873,0.31425446,0.0712845,0.31751144,-0.94741356,-0.039925158
1356079590692,0.06023267,0.06464407,-0.9960889,0.93676114,0.34098843,0.0787746,0.34474713,-0.93784225,-0.040017366
1356079590730,0.06000963,0.06014535,-0.99638414,0.9244282,0.37325063,0.07820663,0.3766048,-0.92577875,-0.033201456
1356079590772,0.063955456,0.04237607,-0.99705255,0.90869737,0.4105278,0.0757359,0.41252717,-0.9108628,-0.012251556
1356079590810,0.08580594,0.0062795877,-0.9962921,0.8899194,0.44914043,0.07947549,0.44797418,-0.8934392,0.03295058
1356079590850,0.13816148,-0.050144017,-0.98913956,0.8695976,0.48415548,0.09692001,0.47403732,-0.873544,0.11049676
1356079590890,0.21945773,-0.119933724,-0.9682222,0.84812057,0.5139661,0.12857041,0.48221344,-0.8493849,0.21451211
1356079590930,0.30445734,-0.18578947,-0.93423116,0.8263631,0.5393177,0.1620506,0.4737401,-0.8213517,0.31772882
1356079590970,0.36262238,-0.23272425,-0.9024103,0.8104395,0.5568115,0.1820679,0.46010083,-0.7973709,0.39052123
1356079591010,0.38066745,-0.2581889,-0.8879362,0.80766636,0.5604257,0.1832976,0.45029682,-0.78693163,0.4218664
1356079591050,0.3598873,-0.26650456,-0.8941233,0.82016087,0.5472136,0.16701338,0.44476664,-0.7934309,0.41551185
1356079591091,0.30728716,-0.26221743,-0.91477674,0.84360504,0.5198835,0.1343568,0.44034666,-0.8129964,0.38096148
1356079591130,0.23073739,-0.24800107,-0.94088036,0.87061,0.4844315,0.085816205,0.43450958,-0.8389408,0.32768863
1356079591170,0.14079875,-0.22582573,-0.96393895,0.89395195,0.44742197,0.025756717,0.42547092,-0.8653417,0.26487386
1356079591210,0.050224245,-0.1978161,-0.9789517,0.9097743,0.41346228,-0.036872834,0.4120536,-0.8887732,0.20073384
1356079591250,-0.031043738,-0.16581663,-0.9856678,0.9186301,0.38389292,-0.093513876,0.39389706,-0.9083673,0.14040673
1356079591292,-0.09450987,-0.13161471,-0.9867854,0.9233824,0.35886857,-0.13630229,0.37206566,-0.9240622,0.08761406
1356079591332,-0.1355116,-0.09723753,-0.98599255,0.92785364,0.33654085,-0.16071051,0.3474538,-0.93663496,0.044617057
1356079591372,-0.15107319,-0.06455666,-0.9864124,0.9352252,0.3138964,-0.1637769,0.32020417,-0.94726,0.012953699
1356079591412,-0.13955134,-0.03508061,-0.98959327,0.94636726,0.28937066,-0.14371371,0.29140082,-0.9565741,-0.007182896
1356079591451,-0.10234752,-0.009890139,-0.9946995,0.95879096,0.2654427,-0.101292044,0.2650375,-0.9640759,-0.017684817
1356079591491,-0.04500699,0.010736585,-0.998929,0.9678603,0.24813372,-0.040940225,0.24742845,-0.96866626,-0.021559298
1356079591528,0.020840228,0.027392238,-0.99940753,0.96984756,0.2422272,0.02686292,0.24281955,-0.9698328,-0.02151829
1356079591571,0.07887545,0.0412063,-0.9960324,0.9647513,0.24847898,0.08667797,0.25106472,-0.9677604,-0.020154893
1356079591611,0.11506593,0.05309847,-0.9919377,0.9566635,0.26297766,0.12505126,0.26749748,-0.9633397,-0.020537555
1356079591651,0.123842716,0.06198126,-0.9903642,0.9497507,0.28172654,0.13639575,0.2874659,-0.95749074,-0.023976982
1356079591691,0.10761121,0.06525636,-0.9920491,0.94486976,0.3036814,0.122469395,0.30925873,-0.95053625,-0.028979182
1356079591730,0.07310125,0.05986896,-0.99552596,0.93992317,0.3296235,0.08884123,0.3334676,-0.94221234,-0.032176316
1356079591770,0.031408966,0.043017983,-0.99858046,0.93185,0.36006463,0.044821322,0.36148158,-0.931935,-0.028777063
1356079591811,-5.6025386E-4,0.011946529,-0.9999285,0.9192265,0.3937067,0.004188657,0.39372852,-0.91915846,-0.011202097
1356079591851,-0.0020463765,-0.035416633,-0.9993706,0.9041028,0.42697737,-0.016982883,0.4273101,-0.9035685,0.031146526
1356079591891,0.040413737,-0.09797621,-0.99436784,0.8897652,0.45633364,-0.008800715,0.45462573,-0.8843982,0.105618
1356079591931,0.11724436,-0.1675494,-0.9788672,0.8760623,0.48167348,0.022484392,0.4677271,-0.8601848,0.2032572
1356079591970,0.19408083,-0.23060831,-0.95349485,0.86254716,0.5030984,0.05389139,0.4672739,-0.8328936,0.29655236
1356079592010,0.23752224,-0.2785058,-0.93060076,0.85427177,0.51591647,0.06363934,0.4623884,-0.8101017,0.3604612
1356079592050,0.23559818,-0.31103328,-0.92073435,0.8563887,0.514333,0.045386493,0.45944732,-0.79919946,0.38754135
1356079592090,0.1913225,-0.33051118,-0.9242068,0.8681109,0.49636543,0.0022017658,0.45801657,-0.8027352,0.3818862
1356079592130,0.113446325,-0.33791304,-0.934315,0.8829615,0.4654486,-0.061127603,0.45553142,-0.8180296,0.35116768
1356079592170,0.013856202,-0.3330483,-0.9428079,0.89278126,0.42872718,-0.1383276,0.45027712,-0.8398046,0.30327988
1356079592210,-0.092826694,-0.31623176,-0.9441296,0.8926958,0.39354357,-0.2195853,0.44099602,-0.8632039,0.24576741
1356079592250,-0.19282454,-0.28927588,-0.9376237,0.8836335,0.364271,-0.29410627,0.42662698,-0.8852266,0.18537343
1356079592294,-0.2783413,-0.254604,-0.9261225,0.87036777,0.34090817,-0.3553049,0.40618473,-0.9049632,0.1267103
1356079592332,-0.3395306,-0.21555668,-0.9155622,0.85960215,0.3240432,-0.39506975,0.3818416,-0.9211576,0.075270474
1356079592372,-0.38047886,-0.17568734,-0.90794814,0.85437834,0.30897665,-0.41781703,0.35393992,-0.9347018,0.032544374
1356079592412,-0.39812732,-0.13599542,-0.9071934,0.85832214,0.29373986,-0.4207138,0.323694,-0.94616187,-2.1797419E-4
1356079592452,-0.39135933,-0.09840116,-0.91496176,0.8726455,0.27592385,-0.402934,0.29210895,-0.95612925,-0.022116065
1356079592492,-0.35813218,-0.06452459,-0.93143857,0.896182,0.25609416,-0.36231697,0.26191434,-0.9644959,-0.03388977
1356079592532,-0.2976672,-0.035517037,-0.9540087,0.9242696,0.23945093,-0.29730272,0.23899755,-0.9702586,-0.038449347
1356079592572,-0.2154372,-0.011719793,-0.97644734,0.9491459,0.23257473,-0.21220508,0.22958398,-0.97250795,-0.038981497
1356079592610,-0.12787428,0.0075015128,-0.99176204,0.9634142,0.2384269,-0.12241578,0.23554447,-0.97113144,-0.037715793
1356079592650,-0.05696267,0.022936642,-0.9981128,0.96569717,0.25495684,-0.04925382,0.25334597,-0.9666803,-0.03667289
1356079592690,-0.017044485,0.03412026,-0.99927247,0.96065634,0.2776541,-0.0069052875,0.27721646,-0.960075,-0.037510276
1356079592730,-0.009432167,0.039038956,-0.9991932,0.9528521,0.30342177,0.002860099,0.3032886,-0.9520563,-0.04006028
1356079592770,-0.02699539,0.035074085,-0.9990201,0.94338286,0.33141652,-0.013856411,0.33060575,-0.9428324,-0.042034984
1356079592810,-0.058577657,0.02005732,-0.9980813,0.9311623,0.3615126,-0.047385275,0.35986853,-0.93215144,-0.039853156
1356079592850,-0.08959794,-0.0077641904,-0.9959478,0.915732,0.39259976,-0.085442185,0.3916723,-0.91967666,-0.028066218
1356079592890,-0.101913214,-0.050206155,-0.9935256,0.89956784,0.42175305,-0.11358783,0.4247252,-0.9053197,0.0021816492
1356079592930,-0.07854903,-0.10847598,-0.9909909,0.88740754,0.4453383,-0.119086355,0.45424423,-0.8887669,0.061281502
1356079592970,-0.015030563,-0.18002373,-0.9835474,0.8810702,0.46268916,-0.098152906,0.47274655,-0.8680496,0.15165907
1356079593010,0.069529,-0.25482914,-0.96448314,0.8768339,0.47668278,-0.06273547,0.47573936,-0.8413297,0.25658613
1356079593050,0.13820514,-0.31958452,-0.93742466,0.8729073,0.48646954,-0.037152708,0.46790195,-0.8131501,0.3462003
1356079593090,0.16307741,-0.36758232,-0.9155812,0.87339664,0.4854197,-0.039319783,0.45889437,-0.7932534,0.4002062
1356079593130,0.13741156,-0.39893383,-0.9066256,0.8805538,0.4683493,-0.07262325,0.45358935,-0.78835326,0.41563925
1356079593170,0.067447364,-0.41458368,-0.9075083,0.8899802,0.4361415,-0.13310108,0.45098358,-0.7986871,0.39838785
1356079593210,-0.03410381,-0.41414595,-0.9095713,0.8930923,0.3958609,-0.21372935,0.44857883,-0.81962013,0.35637027
1356079593250,-0.14911842,-0.39772266,-0.90530676,0.8833882,0.35777783,-0.30268836,0.44428474,-0.8448738,0.29799223
1356079593293,-0.2624768,-0.3664301,-0.89265615,0.86094207,0.32883137,-0.38813487,0.4357577,-0.8704016,0.22916442
1356079593332,-0.35541123,-0.32515496,-0.87633157,0.8340538,0.31290174,-0.45436406,0.42194438,-0.8923938,0.15998799
1356079593372,-0.4279133,-0.27741307,-0.86019313,0.8097146,0.3051831,-0.501224,0.40156248,-0.9109914,0.09403354
1356079593412,-0.47697538,-0.2255893,-0.8494728,0.79488075,0.30169976,-0.52644277,0.3750456,-0.92632973,0.035413206
1356079593452,-0.50239676,-0.17284897,-0.84718406,0.7934357,0.29720116,-0.53116024,0.34359458,-0.93903923,-0.012168348
1356079593492,-0.50309145,-0.12249252,-0.85550845,0.80717134,0.28713566,-0.51577866,0.308826,-0.9500257,-0.04558307
1356079593530,-0.47706366,-0.077587485,-0.8754374,0.835231,0.2699502,-0.47907835,0.273495,-0.9597432,-0.06398004
1356079593570,-0.422504,-0.040663123,-0.90544844,0.87317854,0.24957508,-0.41865432,0.2430012,-0.9675013,-0.06994033
1356079593610,-0.34097987,-0.012977421,-0.939981,0.9128646,0.23424345,-0.33437735,0.22452375,-0.9720914,-0.06802571
1356079593650,-0.24374264,0.006720692,-0.9698167,0.943975,0.23104513,-0.23564684,0.22248772,-0.9729198,-0.06265968
1356079593690,-0.15213701,0.02183634,-0.9881182,0.9599473,0.24125507,-0.14246818,0.23527753,-0.97021604,-0.057665586
1356079593730,-0.08524102,0.034992874,-0.99574566,0.9625615,0.26098466,-0.07322863,0.25731182,-0.96470857,-0.055929363
1356079593770,-0.049488366,0.04588595,-0.9977201,0.95771885,0.28564602,-0.034367144,0.2834178,-0.9572361,-0.058081985
1356079593810,-0.040911764,0.052083462,-0.9978044,0.9492402,0.31374314,-0.022543758,0.31188014,-0.9480784,-0.06227553
1356079593850,-0.05136496,0.04988724,-0.9974332,0.93803823,0.3451385,-0.031043977,0.34270385,-0.937225,-0.064524174
1356079593890,-0.069076926,0.03535396,-0.9969847,0.92371154,0.3797411,-0.05053419,0.3768095,-0.92441696,-0.058888257
1356079593930,-0.07939023,0.0034149885,-0.9968378,0.9066344,0.4159376,-0.07078129,0.4143806,-0.90938675,-0.036117554
1356079593970,-0.066629946,-0.051177144,-0.9964645,0.88905513,0.45029157,-0.08257425,0.45292547,-0.8914137,0.015496373
1356079594010,-0.02238962,-0.12925541,-0.9913585,0.87381935,0.47924897,-0.082220525,0.48573497,-0.8681091,0.10221571
1356079594050,0.043195635,-0.22059348,-0.9744089,0.8621814,0.50098777,-0.075196475,0.50475484,-0.836869,0.21183205
1356079594090,0.10293281,-0.3061516,-0.9464016,0.8544029,0.5143902,-0.073473364,0.5093137,-0.80104554,0.31452447
1356079594130,0.13335866,-0.37200338,-0.91860175,0.8512556,0.51764816,-0.08604872,0.50752294,-0.77048945,0.38570273
1356079594170,0.12736961,-0.41500747,-0.9008584,0.8532289,0.50896215,-0.11383328,0.50574446,-0.75413954,0.41892263
1356079594210,0.088781446,-0.436858,-0.8951385,0.8592219,0.48818013,-0.15302932,0.5038409,-0.7555364,0.41869926
1356079594250,0.025799662,-0.43925261,-0.89799297,0.866047,0.45848432,-0.1993855,0.4992963,-0.7725601,0.3922422
1356079594293,-0.052604675,-0.4228436,-0.90467453,0.86997736,0.42536747,-0.24940327,0.49027774,-0.80016613,0.34548795
1356079594332,-0.13040876,-0.39112687,-0.9110507,0.8694012,0.39659446,-0.29471064,0.47658694,-0.83050144,0.2883268
1356079594372,-0.20133388,-0.34697983,-0.91600746,0.8663777,0.3732254,-0.33180174,0.4570058,-0.8604114,0.22547263
1356079594430,-0.2573915,-0.29386923,-0.9205382,0.86465967,0.3552618,-0.3551798,0.4314085,-0.8873725,0.16265553
1356079594451,-0.29508615,-0.23592508,-0.92588526,0.8672384,0.34058493,-0.36317953,0.4010257,-0.9101325,0.10410148
1356079594491,-0.31276876,-0.17718413,-0.9331567,0.87551904,0.32716358,-0.3555707,0.36829636,-0.9282079,0.05280155
1356079594528,-0.30929118,-0.12170419,-0.9431473,0.8896191,0.3134216,-0.33218157,0.3360306,-0.94178283,0.011331856
1356079594571,-0.2851322,-0.073231936,-0.95568657,0.90859604,0.29684612,-0.2938292,0.30520955,-0.95211315,-0.018102169
1356079594610,-0.24027446,-0.033833146,-0.9701152,0.93055886,0.27641264,-0.24011725,0.276276,-0.9604433,-0.034931123
1356079594650,-0.17875946,-0.0043031275,-0.9838834,0.95123684,0.25474018,-0.17394212,0.25138307,-0.967,-0.041443884
1356079594690,-0.10783094,0.016486585,-0.99403256,0.9659438,0.23829722,-0.10083166,0.23521286,-0.9710524,-0.04162091
1356079594731,-0.037832886,0.030750513,-0.9988108,0.97210395,0.23266765,-0.029658139,0.23147899,-0.97207004,-0.038695216
1356079594771,0.020370036,0.041092694,-0.9989477,0.97062737,0.23875818,0.029614061,0.23972386,-0.97020924,-0.0350222
1356079594810,0.05886048,0.049088985,-0.9970586,0.9648938,0.2532966,0.06943247,0.25595993,-0.9661424,-0.032456458
1356079594851,0.07526517,0.054287016,-0.99568474,0.95809263,0.27283216,0.08729896,0.276394,-0.96052873,-0.031477213
1356079594890,0.07175797,0.05442831,-0.9959359,0.95146906,0.29585242,0.08472258,0.29926133,-0.95368177,-0.030557096
1356079594930,0.05342272,0.04668179,-0.99748015,0.94422853,0.3226758,0.0656718,0.32492837,-0.9453577,-0.026840031
1356079594970,0.02750355,0.028058738,-0.9992279,0.9346093,0.35388368,0.035662204,0.35461113,-0.93486845,-0.016490936
1356079595010,0.004485488,-0.0051543117,-0.9999767,0.9214389,0.38851756,0.0021306276,0.38849753,-0.9214269,0.0064920783
1356079595050,-0.0020447373,-0.05723554,-0.9983585,0.9061053,0.42224854,-0.026063204,0.42304716,-0.9046713,0.05099809
1356079595090,0.018322289,-0.12982783,-0.9913672,0.89300036,0.4480754,-0.042174935,0.4496828,-0.8845186,0.124146044
1356079595130,0.06225294,-0.21616814,-0.97436947,0.8859241,0.46156365,-0.045797795,0.45963353,-0.86036634,0.22024226
1356079595170,0.10867697,-0.30011144,-0.9476932,0.884719,0.46390355,-0.04545161,0.45327878,-0.83350265,0.31592995
1356079595210,0.13280216,-0.36651126,-0.9208871,0.8874289,0.45774642,-0.05420503,0.44139957,-0.8100233,0.3860424
1356079595250,0.12312248,-0.4101373,-0.9036748,0.8926128,0.44371137,-0.07976526,0.43368548,-0.79681087,0.42072472
1356079595292,0.08059898,-0.43194467,-0.8982914,0.89857334,0.42150655,-0.122057766,0.43135792,-0.797343,0.42210698
1356079595332,0.014515996,-0.4349751,-0.9003255,0.9022946,0.39370847,-0.17566499,0.4308756,-0.80980885,0.39819074
1356079595372,-0.06633514,-0.42084402,-0.9047044,0.9006019,0.36508316,-0.23586118,0.4295531,-0.8304244,0.3547951
1356079595412,-0.15060765,-0.39240813,-0.9073771,0.89222467,0.34131634,-0.29569978,0.42573762,-0.8541189,0.29871136
1356079595451,-0.22828108,-0.35353,-0.9071407,0.8793152,0.32512933,-0.34798795,0.41796225,-0.8771017,0.23664343
1356079595492,-0.29403824,-0.30757475,-0.9049526,0.8657439,0.3154903,-0.38852718,0.40500492,-0.8976991,0.17351484
1356079595530,-0.34355927,-0.25800863,-0.90299416,0.85563576,0.3103447,-0.41421446,0.38711026,-0.9149413,0.114139676
1356079595570,-0.37615067,-0.20782736,-0.90294987,0.8515618,0.3065366,-0.42529744,0.36517566,-0.9288935,0.06167388
1356079595610,-0.39126503,-0.15977365,-0.90630233,0.8551282,0.30082852,-0.42220595,0.34009895,-0.94019926,0.018923342
1356079595650,-0.38814813,-0.116639405,-0.9141861,0.8669976,0.2901439,-0.40513167,0.31249985,-0.9498483,-0.011492729
1356079595690,-0.36625338,-0.080776304,-0.92700255,0.8861325,0.27372444,-0.37395743,0.28395012,-0.95841026,-0.028674006
1356079595730,-0.3259853,-0.05342239,-0.9438642,0.9091727,0.25592935,-0.32848933,0.2591113,-0.9652183,-0.03485906
1356079595770,-0.27031344,-0.034302562,-0.96216106,0.93118846,0.24455953,-0.27033076,0.24457869,-0.9690273,-0.03416556
1356079595810,-0.20644954,-0.021368653,-0.97822386,0.9474764,0.24522087,-0.20531717,0.24426824,-0.9692317,-0.030379415
1356079595850,-0.14557391,-0.0113554,-0.98928225,0.95553595,0.2575661,-0.14356455,0.25643578,-0.9661939,-0.026644409
1356079595890,-0.09814176,-0.0019924045,-0.9951704,0.95611477,0.2772164,-0.094845176,0.27606648,-0.9608054,-0.025301516
1356079595930,-0.06894833,0.0065209568,-0.99759895,0.95181966,0.2999431,-0.06382367,0.29880673,-0.9539348,-0.026887357
1356079595970,-0.05686149,0.011968225,-0.9983103,0.94471717,0.3240632,-0.049923927,0.32291815,-0.9459597,-0.0297333
1356079596010,-0.057003558,0.011314452,-0.99830985,0.9354831,0.34989423,-0.049450576,0.34874335,-0.93672085,-0.030529737
1356079596050,-0.061512828,0.001018405,-0.99810576,0.9240696,0.37801576,-0.0565643,0.37724206,-0.92579865,-0.024193883
1356079596091,-0.05844915,-0.023448408,-0.998015,0.9109129,0.40777165,-0.06292859,0.4084378,-0.9127828,-0.0024744868
1356079596130,-0.032578528,-0.066979885,-0.99722236,0.8975732,0.43694413,-0.058670968,0.43966025,-0.8969914,0.04588431
1356079596170,0.026469886,-0.13045359,-0.991101,0.88507974,0.46393228,-0.03742668,0.46468624,-0.8762127,0.12774199
1356079596210,0.11051759,-0.20426628,-0.9726567,0.871802,0.48984352,-0.0038133562,0.47722852,-0.84754264,0.23221606
1356079596250,0.19074926,-0.27042437,-0.9436554,0.85706496,0.5145627,0.025787175,0.47859642,-0.8136928,0.3299236
1356079596293,0.24144459,-0.3168061,-0.91724503,0.8451022,0.53323245,0.038282037,0.47697687,-0.78440875,0.39647958
1356079596332,0.25590685,-0.34257567,-0.9039655,0.84073055,0.5404352,0.033196777,0.47716227,-0.7684866,0.4263149
1356079596372,0.23696175,-0.3506548,-0.90603,0.84557915,0.5336499,0.014616549,0.47837752,-0.76958364,0.422961
1356079596412,0.19307983,-0.3439336,-0.9189286,0.8567692,0.5155378,-0.012934536,0.47819102,-0.78481233,0.3942117
1356079596452,0.13359061,-0.3241964,-0.9365096,0.86976904,0.4913095,-0.046008915,0.47503197,-0.80840075,0.3476103
1356079596490,0.067889184,-0.29262918,-0.953813,0.88140637,0.4655203,-0.080085784,0.46745473,-0.8352599,0.28952903
1356079596530,0.0046160817,-0.25060236,-0.96807903,0.89103687,0.44045836,-0.109770805,0.4539073,-0.8620875,0.22532916
1356079596570,-0.048694074,-0.20020205,-0.97854376,0.89979357,0.4165027,-0.1299884,0.43359002,-0.8868171,0.15985936
1356079596610,-0.08553493,-0.14440101,-0.9858154,0.90945154,0.39278603,-0.136444,0.40691718,-0.9082222,0.09772885
1356079596650,-0.10053027,-0.08679846,-0.9911406,0.9213966,0.36774665,-0.12566137,0.37539586,-0.92586637,0.043006122
1356079596690,-0.08854875,-0.031196833,-0.99558324,0.9356929,0.3400965,-0.093878984,0.3415231,-0.939873,-9.2446804E-4
1356079596730,-0.045337647,0.01855123,-0.99879944,0.9503727,0.3088573,-0.037402898,0.30779263,-0.9509275,-0.031633437
1356079596770,0.03076163,0.05930686,-0.9977657,0.96055126,0.27428606,0.04591778,0.27639645,-0.95981765,-0.048529744
1356079596810,0.1338695,0.08964604,-0.986936,0.9588192,0.24001107,0.15185657,0.2504889,-0.9666221,-0.053824186
1356079596850,0.24765629,0.11073366,-0.962499,0.9400791,0.21283013,0.2663732,0.23434529,-0.9707942,-0.051389694
1356079596890,0.35103932,0.12632108,-0.9278008,0.9075037,0.19819656,0.37034443,0.23066923,-0.9719882,-0.045062035
1356079596930,0.4289587,0.14037779,-0.89234996,0.8713387,0.19624399,0.44973013,0.23825046,-0.9704547,-0.038136035
1356079596970,0.4771081,0.15470937,-0.8651201,0.8415421,0.20332518,0.50046563,0.25332743,-0.9668112,-0.033186346
1356079597010,0.49779862,0.16851607,-0.8507637,0.82332754,0.21653783,0.52463615,0.27263212,-0.96162033,-0.030951679
1356079597050,0.4948474,0.17944643,-0.85024995,0.81732976,0.23618743,0.52553535,0.29512376,-0.95499444,-0.029790163
1356079597090,0.47194666,0.18439588,-0.8621279,0.8209256,0.26466238,0.50599885,0.32147697,-0.9465474,-0.026468813
1356079597130,0.4346846,0.17940336,-0.8825326,0.82870513,0.30394974,0.46995997,0.35255802,-0.9356437,-0.016550243
1356079597170,0.3952952,0.15962058,-0.9045788,0.83257467,0.35373783,0.4262498,0.38802192,-0.921624,0.0069348216
1356079597210,0.37400144,0.12085134,-0.91952044,0.82457703,0.41047817,0.38933322,0.42449456,-0.9038266,0.053868175
1356079597250,0.38890433,0.06349704,-0.91908735,0.80131197,0.46894735,0.37146685,0.45459062,-0.8809407,0.13149473
1356079597292,0.4370606,-0.004148811,-0.8994225,0.7668433,0.5243,0.37021726,0.47003126,-0.8515236,0.23233232
1356079597332,0.48882553,-0.06767687,-0.8697525,0.7342192,0.57034874,0.36827224,0.4711388,-0.8186099,0.32849067
1356079597372,0.51890504,-0.11746931,-0.8467222,0.71565205,0.601429,0.35514134,0.46752506,-0.7902431,0.3961517
1356079597430,0.51767445,-0.15276626,-0.84182876,0.71683705,0.61458707,0.32928315,0.46707374,-0.7739155,0.4276645
1356079597451,0.48691982,-0.17609549,-0.85551125,0.7364733,0.6093639,0.29373926,0.46959156,-0.77308863,0.42640096
1356079597491,0.43284547,-0.18952054,-0.881321,0.76844037,0.58872384,0.25080603,0.47132176,-0.7858029,0.4004617
1356079597528,0.36152995,-0.19341734,-0.9120778,0.8053919,0.5576261,0.20099026,0.46972343,-0.807244,0.35737526
1356079597571,0.2784212,-0.18727735,-0.9420239,0.8414737,0.5204098,0.14524382,0.4630376,-0.8331272,0.30248204
1356079597610,0.19280374,-0.17107457,-0.9662093,0.87193376,0.48151594,0.08873537,0.4500648,-0.85957897,0.24200374
1356079597651,0.11348906,-0.14585727,-0.9827745,0.89539105,0.44369468,0.037547708,0.43057522,-0.8842288,0.1809538
1356079597691,0.048284292,-0.11347431,-0.992367,0.91268283,0.40866214,-0.0023221076,0.40580633,-0.9056041,0.12329799
1356079597731,0.0034522712,-0.07655051,-0.9970597,0.9259019,0.37688687,-0.025730103,0.37774837,-0.9230906,0.07217938
1356079597770,-0.015483737,-0.038235217,-0.9991488,0.9372839,0.3474548,-0.027821332,0.3482228,-0.9369168,0.030457377
1356079597810,-0.0043061376,-0.0018378198,-0.99998903,0.9480374,0.3181249,-0.0046671033,0.3181299,-0.94804704,3.7246943E-4
1356079597850,0.03812158,0.029925406,-0.99882483,0.95670944,0.28752452,0.045128524,0.2885371,-0.9573056,-0.017669022
1356079597890,0.10637912,0.055459738,-0.99277776,0.95900106,0.2580444,0.11717498,0.26267928,-0.9645399,-0.025735438
1356079597930,0.1886445,0.074534476,-0.9792129,0.950841,0.23549637,0.20110396,0.24559033,-0.969013,-0.026445389
1356079597970,0.27001435,0.087978035,-0.95882845,0.9322896,0.22503376,0.28318885,0.24068317,-0.9703709,-0.021258682
1356079598010,0.33603,0.097687066,-0.93677163,0.9087617,0.22769208,0.3497264,0.24745926,-0.9688207,-0.012262911
1356079598050,0.37683162,0.105629355,-0.9202393,0.88833416,0.24023703,0.39134225,0.26241288,-0.9649501,-0.0033052862
1356079598090,0.3895573,0.11203137,-0.91416305,0.87686956,0.2584566,0.4053393,0.2816822,-0.95950466,0.002446711
1356079598130,0.37603718,0.11509147,-0.9194292,0.87560153,0.2805249,0.3932274,0.3031799,-0.9529217,0.0047135353
1356079598170,0.34006745,0.1119414,-0.93371475,0.8817667,0.30715442,0.35797167,0.32686648,-0.9450531,0.0057469904
1356079598210,0.28801116,0.09937793,-0.95245665,0.8898844,0.33965787,0.30452958,0.35377294,-0.93528426,0.009390354
1356079598250,0.23240708,0.073862016,-0.96980995,0.89342034,0.3778999,0.24288231,0.38443083,-0.9228955,0.021836758
1356079598294,0.19806772,0.03126654,-0.97968954,0.88693786,0.4197656,0.19271246,0.41726536,-0.9070939,0.055410564
1356079598332,0.1983704,-0.028463632,-0.9797137,0.8734287,0.4586743,0.16352421,0.444715,-0.8881485,0.11584836
1356079598372,0.2500474,-0.099357724,-0.96312225,0.85357696,0.49216038,0.17083478,0.45703688,-0.8648157,0.20787287
1356079598412,0.3230976,-0.16934061,-0.93109167,0.8317331,0.52017164,0.19401398,0.4514731,-0.8371053,0.3089124
1356079598452,0.37860563,-0.22564417,-0.8976315,0.8153829,0.540221,0.20811534,0.4379594,-0.8107071,0.38851717
1356079598492,0.39583418,-0.26500446,-0.8792542,0.81203383,0.54813766,0.20036504,0.42885473,-0.7932955,0.43216422
1356079598532,0.37488294,-0.28993228,-0.8805692,0.82261026,0.5420513,0.17173481,0.4275222,-0.78874564,0.44170702
1356079598570,0.32359293,-0.30266467,-0.896483,0.84262514,0.52318454,0.12751845,0.4304307,-0.79666317,0.42433164
1356079598612,0.2515099,-0.30389482,-0.9189073,0.86549145,0.49557644,0.07299602,0.4332057,-0.8136657,0.38766083
1356079598651,0.16890663,-0.29376653,-0.9408357,0.88550115,0.46442753,0.013959676,0.43284908,-0.8354689,0.3385755
1356079598692,0.08387801,-0.27247393,-0.95850015,0.9003527,0.43290308,-0.044272274,0.42700073,-0.8592746,0.28163368
1356079598730,0.006507665,-0.24086243,-0.9705374,0.91005486,0.40366986,-0.09407836,0.4144366,-0.8826301,0.221825
1356079598770,-0.056797266,-0.20080507,-0.97798336,0.9167199,0.3775283,-0.13075554,0.39547285,-0.9039633,0.16263938
1356079598810,-0.10109198,-0.1543738,-0.9828271,0.92283154,0.35454053,-0.15060896,0.37170213,-0.9222092,0.106619775
1356079598850,-0.12175816,-0.104088694,-0.98708683,0.9306258,0.33382195,-0.14999527,0.34512407,-0.9368716,0.05622208
1356079598890,-0.11297229,-0.0529913,-0.99218404,0.9414475,0.3135524,-0.12394175,0.3176695,-0.94809115,0.014465749
1356079598930,-0.06810126,-0.0043741465,-0.99766886,0.9542407,0.29157123,-0.06641519,0.29118204,-0.95653915,-0.0156824
1356079598970,0.015809298,0.03895536,-0.9991159,0.96322834,0.26745522,0.025669485,0.2682187,-0.9627825,-0.033294678
1356079599010,0.12964731,0.075353384,-0.98869276,0.9588983,0.24428374,0.14435843,0.25239944,-0.9667716,-0.040585518
1356079599050,0.24984662,0.104830295,-0.96259403,0.93633235,0.2271211,0.26776463,0.24669525,-0.968208,-0.041410506
1356079599090,0.3507232,0.12887415,-0.92756915,0.90209794,0.21942711,0.3715789,0.2514207,-0.96707964,-0.03929895
1356079599130,0.41855454,0.14903843,-0.89587927,0.86884856,0.22148436,0.4427719,0.26441333,-0.96370757,-0.036788553
1356079599170,0.45162192,0.1654729,-0.87673056,0.846208,0.23201421,0.4796891,0.28278947,-0.95853436,-0.035241753
1356079599210,0.45309037,0.1765702,-0.87380326,0.8378749,0.25037587,0.4850542,0.3044254,-0.95191115,-0.034500897
1356079599250,0.4268612,0.17927235,-0.8863696,0.84261507,0.27699783,0.46181387,0.3283129,-0.94399875,-0.03281799
1356079599292,0.37805116,0.1696885,-0.9101006,0.85520494,0.31246775,0.41350743,0.3545445,-0.93464947,-0.026989609
1356079599332,0.31627035,0.14366484,-0.9377278,0.86796427,0.35514033,0.34715042,0.3828983,-0.9237076,-0.012375593
1356079599372,0.26713195,0.09978762,-0.9584794,0.87082887,0.40093407,0.28444475,0.41267106,-0.9106559,0.020204365
1356079599412,0.25918293,0.039089233,-0.9650369,0.85976005,0.44590002,0.24896976,0.44004208,-0.8942288,0.08196229
1356079599452,0.3059814,-0.031389117,-0.95151997,0.8344035,0.49009156,0.25215277,0.4584171,-0.87110555,0.17615008
1356079599492,0.38257483,-0.1002447,-0.9184702,0.79924023,0.53463244,0.27455992,0.46352082,-0.83911806,0.28465652
1356079599531,0.4428137,-0.15854108,-0.88248557,0.76934195,0.5726539,0.28316158,0.4604661,-0.804321,0.37555128
1356079599570,0.4607364,-0.20588231,-0.86332756,0.7596641,0.59447557,0.26364607,0.45894712,-0.7773103,0.4302979
1356079599610,0.43473053,-0.24590042,-0.8663385,0.7728331,0.5957273,0.21871889,0.46231845,-0.7646188,0.44902086
1356079599650,0.3701525,-0.28063336,-0.88556874,0.802801,0.5763012,0.15292928,0.46743727,-0.7675426,0.43861213
1356079599690,0.27286312,-0.3093099,-0.91097367,0.8391436,0.53962696,0.068124294,0.4705144,-0.78302634,0.4067997
1356079599730,0.15045288,-0.329019,-0.9322609,0.86997086,0.49198195,-0.033233017,0.46958983,-0.8060398,0.36025706
1356079599770,0.015657365,-0.33626997,-0.94163543,0.88600206,0.4411428,-0.14280537,0.46341687,-0.832055,0.304843
1356079599810,-0.11666229,-0.32903063,-0.9370853,0.8849721,0.39382127,-0.2484535,0.45079294,-0.85827947,0.24523884
1356079599851,-0.23412406,-0.30775663,-0.9222103,0.87122965,0.35454208,-0.33949792,0.43144506,-0.8829416,0.18511981
1356079599890,-0.32843763,-0.2750623,-0.903587,0.8525442,0.32545698,-0.40895736,0.40656736,-0.9046649,0.1276105
1356079599930,-0.39594322,-0.23472121,-0.8877696,0.83685434,0.3057605,-0.45407644,0.37802622,-0.92272234,0.075363696
1356079599970,-0.4356234,-0.19057363,-0.8797238,0.83017355,0.29269207,-0.4744926,0.34791398,-0.93702346,0.03070569
1356079600010,-0.44731373,-0.14608648,-0.8823657,0.83590806,0.2825691,-0.47054487,0.31806955,-0.9480577,-0.004282236
1356079600050,-0.43056452,-0.104243964,-0.89651954,0.8547809,0.27180243,-0.44212326,0.28976485,-0.95669043,-0.02792275
1356079600090,-0.38498694,-0.06749627,-0.92045057,0.8840842,0.25930065,-0.38879076,0.26491532,-0.9634353,-0.040154934
1356079600130,-0.31316656,-0.03747934,-0.9489584,0.9170086,0.2479741,-0.31241658,0.24702623,-0.9680414,-0.04328835
1356079600170,-0.22497603,-0.014561921,-0.9742554,0.944504,0.24238107,-0.22172865,0.23936981,-0.9700718,-0.040776074
1356079600210,-0.13755193,0.0019566715,-0.9904926,0.9603541,0.24507627,-0.13288239,0.24248621,-0.96950185,-0.035589814
1356079600250,-0.06777102,0.013125896,-0.9976145,0.9647603,0.25567895,-0.062175184,0.25425288,-0.96667266,-0.029990911
1356079600293,-0.025168419,0.019584864,-0.99949133,0.96200633,0.2723729,-0.0188874,0.2718645,-0.96199244,-0.02569598
1356079600332,-0.011043578,0.02102685,-0.99971795,0.95622027,0.2926148,-0.004408568,0.29243958,-0.95599926,-0.023337841
1356079600372,-0.019167602,0.016855925,-0.99967414,0.9486902,0.3159454,-0.012862772,0.3156256,-0.9486276,-0.022046983
1356079600430,-0.04195732,0.005229473,-0.9991057,0.9388742,0.34219694,-0.037636787,0.3416941,-0.9396137,-0.0192675
1356079600451,-0.06730658,-0.016204655,-0.9976008,0.9260552,0.37111795,-0.06850782,0.37133768,-0.9284444,-0.009972274
1356079600491,-0.07904822,-0.05138269,-0.9955456,0.9112439,0.4012156,-0.09306231,0.4042102,-0.91454136,0.015106797
1356079600528,-0.06203249,-0.10435462,-0.99260366,0.89756346,0.42911193,-0.10120648,0.4364994,-0.8972029,0.067046046
1356079600571,-0.0067735612,-0.17596543,-0.98437303,0.88742244,0.45266768,-0.08702478,0.46090728,-0.8741442,0.15308946
1356079600610,0.07086831,-0.25673825,-0.9638792,0.8792264,0.472457,-0.06119904,0.47110367,-0.84313095,0.2592132
1356079600650,0.13929793,-0.3299779,-0.9336544,0.8716415,0.48829523,-0.042530537,0.46993306,-0.80788755,0.35564095
1356079600690,0.17328146,-0.38491166,-0.906541,0.866835,0.4965476,-0.045139134,0.46751535,-0.7779997,0.41969743
1356079600731,0.16707686,-0.4204327,-0.89180803,0.86693096,0.49345717,-0.0702185,0.46959123,-0.7614042,0.4469314
1356079600771,0.1262269,-0.43893713,-0.88960713,0.87126034,0.47783786,-0.1121442,0.47431225,-0.76092386,0.44274458
1356079600810,0.06021425,-0.44261754,-0.8946866,0.8765116,0.4523029,-0.16477135,0.4776,-0.7742815,0.41519448
1356079600850,-0.022211075,-0.43252933,-0.9013463,0.878783,0.42144132,-0.22389227,0.4767045,-0.79706067,0.37073874
1356079600890,-0.10951507,-0.41035104,-0.90532786,0.8757298,0.39103526,-0.2831762,0.4702168,-0.82383466,0.3165323
1356079600930,-0.19242114,-0.3781743,-0.90551543,0.8682184,0.36445433,-0.3367042,0.4573519,-0.85097426,0.25820923
1356079600970,-0.26378238,-0.33844855,-0.90325606,0.8591565,0.3432448,-0.37951702,0.43848494,-0.87614816,0.20023835
1356079601010,-0.31961614,-0.29362565,-0.9009048,0.8517156,0.32763124,-0.4089477,0.41524208,-0.898021,0.14536935
1356079601050,-0.3582871,-0.2460674,-0.90060055,0.8484913,0.31660038,-0.42405984,0.38947776,-0.9160868,0.09535223
1356079601091,-0.37883824,-0.19838539,-0.90394956,0.85168576,0.30742818,-0.42440465,0.3620953,-0.9306617,0.052496433
1356079601130,-0.37985802,-0.15352333,-0.91221625,0.8630326,0.29616386,-0.4092208,0.33299047,-0.94271815,0.019995391
