1356079289093,0.20451926,0.09788272,0.97395635,0.8039315,0.5508529,-0.22417688,-0.5584496,0.82884264,0.033969045
1356079289250,0.122980595,0.12527224,-0.9844708,-0.8214234,-0.54382336,-0.17181328,-0.55690163,0.829797,0.03602183
1356079289291,0.12511355,0.12823552,-0.9838202,-0.8218895,-0.5420442,-0.1751731,-0.5557375,0.83050805,0.03757836
1356079289330,0.1265009,0.13066924,-0.98332244,-0.82240945,-0.5404574,-0.17761892,-0.5546532,0.83116263,0.039095268
1356079289370,0.12773192,0.13299814,-0.98285097,-0.8228792,-0.5389933,-0.17987776,-0.55367357,0.8317437,0.040594786
1356079289412,0.12891942,0.13509259,-0.9824102,-0.82314324,-0.53788185,-0.1819841,-0.55300534,0.83212566,0.041857168
1356079289450,0.12979591,0.13666824,-0.98207676,-0.823073,-0.5374489,-0.18357393,-0.55290484,0.8321481,0.042729273
1356079289490,0.12981087,0.13759121,-0.98194593,-0.82261443,-0.53796154,-0.18412727,-0.55358344,0.8316646,0.043351263
1356079289530,0.12828708,0.1379126,-0.9821011,-0.8218181,-0.5395225,-0.18311313,-0.5551193,0.83059955,0.04412532
1356079289571,0.12467861,0.13780656,-0.98258054,-0.8208214,-0.54202425,-0.18017179,-0.55741143,0.8289867,0.045535788
1356079289610,0.12180215,0.13953322,-0.9826977,-0.8193641,-0.5446469,-0.17889187,-0.5601846,0.82697654,0.04798934
1356079289650,0.11094737,0.13742018,-0.98427963,-0.8189606,-0.5484362,-0.16888267,-0.5630225,0.8248233,0.05169411
1356079289692,0.10012537,0.13660607,-0.98555243,-0.81867707,-0.55162096,-0.1596314,-0.56545806,0.82283235,0.05660504
1356079289730,0.08965194,0.13701087,-0.98650426,-0.8187514,-0.55384666,-0.15132794,-0.5671056,0.82126856,0.06252436
1356079289770,0.07990986,0.13846949,-0.9871376,-0.8193259,-0.554907,-0.1441642,-0.5677319,0.8203075,0.06910907
1356079289810,0.071195185,0.14074686,-0.9874824,-0.8204795,-0.5547152,-0.13821876,-0.56722534,0.8200496,0.07598686
1356079289850,0.06375438,0.14351252,-0.9875928,-0.8222208,-0.55329543,-0.13348109,-0.5655868,0.8205293,0.08272396
1356079289891,0.05777502,0.14625096,-0.98755896,-0.8244842,-0.55079633,-0.12980399,-0.56292784,0.8217262,0.08875938
1356079289930,0.05347997,0.14819169,-0.9875115,-0.82713157,-0.54748183,-0.12695265,-0.559458,0.8235914,0.09329474
1356079289970,0.05111283,0.14837131,-0.9876099,-0.83003795,-0.54360425,-0.12462497,-0.5553598,0.82612365,0.09536868
1356079290010,0.050848365,0.14579722,-0.9880069,-0.8332107,-0.53922635,-0.12245369,-0.55061275,0.82944447,0.09406099
1356079290051,0.052879512,0.1396524,-0.9887876,-0.8368195,-0.53412306,-0.120189786,-0.5449191,0.8337923,0.08861975
1356079290090,0.056666076,0.12985137,-0.98991287,-0.84097123,-0.5281844,-0.11742446,-0.5381043,0.8391422,0.07927117
1356079290132,0.062364936,0.11666137,-0.9912118,-0.845973,-0.52078265,-0.1145207,-0.52956605,0.8456805,0.06621382
1356079290171,0.06651932,0.10167909,-0.9925908,-0.85155314,-0.512687,-0.10958618,-0.5200311,0.8525334,0.052481636
1356079290211,0.06905514,0.086123765,-0.9938884,-0.85798335,-0.5032007,-0.10321647,-0.5090147,0.8598673,0.039144143
1356079290250,0.06720996,0.07008132,-0.9952745,-0.8653121,-0.4925086,-0.093113214,-0.49670678,0.86748123,0.027540758
1356079290290,0.05873221,0.053548306,-0.99683654,-0.87328875,-0.48103285,-0.07729325,-0.48365006,0.8750657,0.018511012
1356079290331,0.041852236,0.036458313,-0.99845845,-0.8812899,-0.4694711,-0.054083437,-0.47071916,0.8821949,0.012481913
1356079290370,0.015903115,0.01898557,-0.9996933,-0.8883086,-0.45867854,-0.022842139,-0.45897153,0.88839936,0.009570658
1356079290410,-0.017844439,0.0017856658,-0.9998392,-0.8932346,-0.44933587,0.015139341,-0.44923663,0.8933611,0.009613216
1356079290451,-0.0567286,-0.014418244,-0.99828553,-0.89521027,-0.4419508,0.057254374,-0.44201854,0.8969234,0.0121638775
1356079290490,-0.09716737,-0.029169649,-0.9948405,-0.8939924,-0.4367525,0.100123405,-0.43741965,0.89910865,0.0163607
1356079290531,-0.13531983,-0.041817337,-0.98991907,-0.89011335,-0.4337036,0.13999766,-0.43518588,0.9000847,0.021466553
1356079290570,-0.16901106,-0.051956892,-0.98424375,-0.884585,-0.43241268,0.17472446,-0.43467763,0.9001776,0.02712226
1356079290612,-0.1976462,-0.058957875,-0.9784988,-0.87852716,-0.43218106,0.20349339,-0.43488622,0.8998575,0.03362286
1356079290650,-0.22197115,-0.062190592,-0.9730679,-0.8728703,-0.43207765,0.22672945,-0.43454134,0.8996895,0.041624457
1356079290690,-0.24314272,-0.061615884,-0.96803164,-0.86813825,-0.43134898,0.24550793,-0.4326866,0.90007865,0.051388174
1356079290731,-0.26194638,-0.05809343,-0.9633324,-0.8641378,-0.4303304,0.2609246,-0.4297091,0.9008002,0.06252268
1356079290770,-0.2784214,-0.05323741,-0.95898247,-0.8600143,-0.43071908,0.2735991,-0.4276177,0.9009145,0.074136436
1356079290811,-0.29202378,-0.048711896,-0.9551698,-0.8548287,-0.43461406,0.28351107,-0.42894056,0.89929855,0.08527729
1356079290850,-0.30184633,-0.04561606,-0.95226467,-0.8482907,-0.44298923,0.29010934,-0.43507662,0.89536566,0.09501901
1356079290891,-0.3070534,-0.04402685,-0.9506734,-0.84071004,-0.4555993,0.29263622,-0.44600993,0.8890956,0.102879465
1356079290930,-0.30735272,-0.04276195,-0.95063436,-0.8330027,-0.47086662,0.2905016,-0.46004438,0.8811674,0.109101325
1356079290970,-0.30320215,-0.03965816,-0.9521007,-0.8263093,-0.48671168,0.2834162,-0.47463828,0.872662,0.11480206
1356079291010,-0.29515582,-0.032476246,-0.95489705,-0.8216854,-0.50137275,0.27103227,-0.48756146,0.8646217,0.12129784
1356079291050,-0.28377753,-0.019708127,-0.95868766,-0.8194679,-0.5141921,0.25313804,-0.49793842,0.8574486,0.12976593
1356079291090,-0.2689436,-2.604723E-4,-0.9631559,-0.81973624,-0.52495146,0.22903824,-0.5056698,0.85113215,0.14096874
1356079291131,-0.2520212,0.02700767,-0.96734476,-0.82189167,-0.5336692,0.19922674,-0.5108614,0.84526193,0.1566934
1356079291169,-0.23110116,0.06270322,-0.9709071,-0.826123,-0.5397669,0.16177946,-0.5139195,0.83947605,0.1765413
1356079291210,-0.21042234,0.106506646,-0.9717915,-0.8314559,-0.5423446,0.120595425,-0.51420176,0.8333777,0.20267712
1356079291250,-0.19054776,0.16019297,-0.9685194,-0.8393,-0.538318,0.07608724,-0.50918275,0.82737654,0.23702528
1356079291291,-0.17337835,0.22391602,-0.95906293,-0.8517444,-0.5229872,0.031873614,-0.4944406,0.8224026,0.28139383
1356079291330,-0.15955043,0.29467216,-0.9421847,-0.8697376,-0.49346405,-0.007050723,-0.46701196,0.8183285,0.3350199
1356079291370,-0.14684093,0.36392143,-0.91978204,-0.8903173,-0.4538011,-0.037414223,-0.43101385,0.81340384,0.390642
1356079291411,-0.13198322,0.420312,-0.8977295,-0.9081462,-0.41426706,-0.060442865,-0.39730456,0.8072922,0.43638092
1356079291450,-0.113105,0.45544332,-0.8830508,-0.9193705,-0.38500297,-0.08081263,-0.3767827,0.8027105,0.46226686
1356079291490,-0.09180695,0.46744728,-0.8792409,-0.92328966,-0.37067884,-0.100664526,-0.37297133,0.80255234,0.46562016
1356079291531,-0.07127309,0.45821166,-0.88598096,-0.9211508,-0.37096548,-0.117753565,-0.3826244,0.80772936,0.44852185
1356079291570,-0.05466634,0.4302591,-0.9010487,-0.91495764,-0.38293123,-0.12734303,-0.39983016,0.81746006,0.41460222
1356079291610,-0.044602275,0.38606378,-0.92139316,-0.9067497,-0.40275824,-0.12486234,-0.41930354,0.82990396,0.3680272
1356079291650,-0.01999557,0.34093866,-0.93987286,-0.89919865,-0.4170997,-0.13217255,-0.43708345,0.8424896,0.31491172
1356079291691,-0.057513237,0.26389265,-0.96283585,-0.89070463,-0.44917548,-0.069904745,-0.45092958,0.8535819,0.26088393
1356079291731,-0.09400904,0.18909794,-0.97744787,-0.8831014,-0.469146,-0.0058264434,-0.45966747,0.8626379,0.21109663
1356079291770,-0.13492107,0.11900157,-0.98368436,-0.87589055,-0.47847712,0.062252253,-0.46326238,0.86999905,0.16878901
1356079291811,-0.18159872,0.05551964,-0.98180425,-0.86772776,-0.47879726,0.13342333,-0.4626775,0.87616825,0.13512489
1356079291850,-0.23278058,-5.260408E-4,-0.97252905,-0.85718226,-0.47226918,0.20542708,-0.4594036,0.8814542,0.109484226
1356079291890,-0.28600633,-0.04935652,-0.95695573,-0.84337425,-0.4611187,0.27584305,-0.45488483,0.88596475,0.09025684
1356079291932,-0.3388654,-0.091231585,-0.93640107,-0.8262616,-0.44714212,0.34257215,-0.4499578,0.8897981,0.07613984
1356079291989,-0.39038116,-0.12609941,-0.9119767,-0.80620635,-0.43150133,0.40476894,-0.4445603,0.8932556,0.06678784
1356079292011,-0.4405849,-0.15334296,-0.8845173,-0.7838506,-0.41454613,0.46230918,-0.4375651,0.89701587,0.062444776
1356079292051,-0.49050754,-0.17293411,-0.8541054,-0.7591535,-0.39645123,0.51624835,-0.4278881,0.90162086,0.06317884
1356079292088,-0.54027474,-0.18629083,-0.82060885,-0.7311474,-0.3788268,0.56737435,-0.4165653,0.90652406,0.06846458
1356079292130,-0.58820355,-0.19658625,-0.78445554,-0.6987461,-0.36481118,0.615359,-0.4071493,0.9100916,0.07721937
1356079292159,-0.6317504,-0.20817317,-0.74669623,-0.66272265,-0.35463136,0.65957206,-0.4021071,0.91153747,0.08607745
1356079292200,-0.66622365,-0.22182481,-0.7119971,-0.62600887,-0.35251486,0.6955905,-0.40528876,0.90913534,0.095989466
1356079292240,-0.6949354,-0.2402008,-0.6777672,-0.5870512,-0.35479593,0.7276612,-0.41525382,0.90356153,0.10554999
1356079292281,-0.7171186,-0.26121357,-0.64614886,-0.5491252,-0.35915577,0.75463146,-0.42918807,0.89597684,0.11411834
1356079292320,-0.73287314,-0.28182095,-0.61925286,-0.51534677,-0.3643009,0.775695,-0.4442014,0.88761586,0.12175071
1356079292360,-0.74274784,-0.2991437,-0.5990316,-0.48818144,-0.3703683,0.7902571,-0.45826274,0.87939775,0.12905371
1356079292400,-0.747191,-0.31099448,-0.58735687,-0.46940562,-0.37869257,0.797653,-0.47049338,0.87170774,0.13697314
1356079292440,-0.74630725,-0.31561646,-0.5860134,-0.46030524,-0.3912124,0.7969139,-0.4807749,0.8644877,0.14668483
1356079292480,-0.7401576,-0.3109675,-0.5962097,-0.46151012,-0.40992868,0.7867445,-0.48905545,0.8574717,0.15989721
1356079292520,-0.7298654,-0.29384488,-0.61721283,-0.4723735,-0.4358515,0.7660919,-0.49412528,0.8506989,0.17930841
1356079292560,-0.719634,-0.26006415,-0.64381176,-0.4899089,-0.46689498,0.7362054,-0.4920531,0.8452075,0.20858568
1356079292600,-0.7171043,-0.2076436,-0.665316,-0.5084418,-0.49705845,0.70314986,-0.47670552,0.84250635,0.2508681
1356079292640,-0.7282574,-0.1415022,-0.6705358,-0.5215831,-0.5202122,0.676262,-0.44451344,0.84223294,0.30504325
1356079292680,-0.74884903,-0.07374874,-0.65862453,-0.5276809,-0.5349137,0.6598639,-0.40097138,0.841682,0.36165372
1356079292720,-0.7642417,-0.01666674,-0.6447146,-0.5346879,-0.5425937,0.6478433,-0.36061552,0.83982986,0.40576127
1356079292760,-0.76068705,0.024791062,-0.64864504,-0.5549635,-0.5431711,0.63006383,-0.3367054,0.83925587,0.4269415
1356079292800,-0.7320303,0.051829755,-0.6792977,-0.5942789,-0.53612024,0.59950626,-0.33311298,0.84254897,0.42325762
1356079292840,-0.67901516,0.0664233,-0.7311131,-0.6475266,-0.5234326,0.5538299,-0.34590125,0.8494741,0.39842954
1356079292880,-0.60521877,0.06898475,-0.7930646,-0.7049855,-0.50915915,0.49371293,-0.3697374,0.85790336,0.35678586
1356079292920,-0.52192247,0.05994159,-0.8508842,-0.7543531,-0.4980862,0.4276231,-0.39818132,0.86505324,0.3051795
1356079292961,-0.44271028,0.04087642,-0.8957326,-0.78918564,-0.49199367,0.36759818,-0.42566866,0.8696387,0.2500697
1356079293000,-0.38010406,0.013709098,-0.9248422,-0.809253,-0.489141,0.32534707,-0.447918,0.872097,0.1970186
1356079293041,-0.341541,-0.019875348,-0.93965673,-0.8179304,-0.4861936,0.3075805,-0.46296835,0.87362516,0.14979836
1356079293080,-0.3300572,-0.058793873,-0.9421281,-0.8179804,-0.48032367,0.3165391,-0.4711371,0.87511843,0.11044213
1356079293128,-0.34593862,-0.102065235,-0.93268913,-0.80983603,-0.46950722,0.35175055,-0.47380584,0.87700945,0.079764664
1356079293162,-0.38843703,-0.14844489,-0.9094398,-0.7913035,-0.45199084,0.41175604,-0.47218156,0.8795842,0.058104992
1356079293202,-0.4553421,-0.19557703,-0.8685697,-0.75826097,-0.42607903,0.49345422,-0.4665876,0.8832929,0.045713246
1356079293242,-0.5427005,-0.2400428,-0.80489475,-0.7050232,-0.39067674,0.59187317,-0.4565286,0.8886794,0.04278469
1356079293281,-0.64137125,-0.27747452,-0.7152977,-0.62710357,-0.347538,0.6971072,-0.44202265,0.8956703,0.048895597
1356079293321,-0.7349309,-0.30394047,-0.6062152,-0.52829343,-0.30387777,0.7928206,-0.4251855,0.90292776,0.06275934
1356079293362,-0.8062623,-0.32047603,-0.49722835,-0.4254723,-0.26981676,0.86381257,-0.41099182,0.90801644,0.08118945
1356079293400,-0.8492,-0.3323687,-0.41035393,-0.33989486,-0.25068843,0.90643626,-0.40414205,0.9092229,0.09991419
1356079293441,-0.86938554,-0.34349787,-0.35521537,-0.28211224,-0.24515122,0.9275309,-0.40568638,0.9065926,0.11622596
1356079293480,-0.8749823,-0.35408702,-0.33019415,-0.25179747,-0.24970382,0.93501115,-0.4135261,0.9012604,0.12932837
1356079293520,-0.8711324,-0.3619643,-0.33182847,-0.24626416,-0.26259726,0.9329505,-0.42483205,0.8944409,0.13961822
1356079293560,-0.8592407,-0.3642779,-0.35917547,-0.2645809,-0.2844661,0.92145324,-0.4378383,0.8867811,0.14804387
1356079293600,-0.8374478,-0.3572414,-0.41359383,-0.3076396,-0.31734955,0.8970213,-0.45170695,0.87844634,0.15586203
1356079293640,-0.80118287,-0.33510453,-0.49579334,-0.3758965,-0.36283594,0.8526734,-0.46562636,0.86951435,0.16473323
1356079293680,-0.7450915,-0.29040152,-0.6004212,-0.46506333,-0.41906732,0.7798068,-0.47807395,0.86026126,0.1771884
1356079293720,-0.6694509,-0.21799162,-0.71015143,-0.56154,-0.4773407,0.67588353,-0.48632118,0.85124934,0.19714513
1356079293760,-0.58972514,-0.12286544,-0.7982032,-0.64471936,-0.52361155,0.55692714,-0.4863755,0.843051,0.22957316
1356079293800,-0.5349431,-0.021758378,-0.8446079,-0.6997298,-0.54884875,0.4573219,-0.4735126,0.8356385,0.27837786
1356079293841,-0.5243948,0.06775561,-0.84877515,-0.72564256,-0.55708957,0.40384924,-0.4454807,0.8276838,0.34130114
1356079293880,-0.54840827,0.1365566,-0.82498527,-0.7302171,-0.55894506,0.3928912,-0.4074695,0.81788313,0.40624604
1356079293920,-0.5724146,0.18632779,-0.7985133,-0.73035526,-0.5585284,0.39322662,-0.37272337,0.808287,0.45579535
1356079293960,-0.56495315,0.22491735,-0.7938767,-0.7455931,-0.5512812,0.37440637,-0.3534388,0.80343103,0.47914475
1356079294000,-0.51499563,0.2572067,-0.81769437,-0.7811867,-0.53353035,0.32417995,-0.35288352,0.80572325,0.47569233
1356079294040,-0.42858028,0.2809105,-0.8587248,-0.8255354,-0.50799036,0.24583945,-0.36716503,0.81426966,0.4496162
1356079294080,-0.3224957,0.2904251,-0.9009161,-0.86240184,-0.48249614,0.15316844,-0.39020458,0.8263478,0.40606606
1356079294129,-0.21925145,0.2820132,-0.9340222,-0.8824707,-0.46563447,0.066559285,-0.4161423,0.83884037,0.35095936
1356079294160,-0.13907766,0.2559064,-0.95664483,-0.88729924,-0.46115983,0.00563401,-0.4397244,0.8496138,0.29120255
1356079294200,-0.08713794,0.2161574,-0.9724623,-0.88502765,-0.46491748,-0.024037838,-0.45731065,0.85856146,0.2318172
1356079294240,-0.066275895,0.16538662,-0.9839994,-0.88171965,-0.4713564,-0.019836694,-0.46709517,0.8662969,0.17706427
1356079294280,-0.07662976,0.1062344,-0.991384,-0.8795532,-0.47549576,0.017032653,-0.46958938,0.87328005,0.12987585
1356079294320,-0.11947876,0.040259838,-0.99202013,-0.87635165,-0.47387475,0.08631608,-0.46661827,0.87967145,0.09189978
1356079294360,-0.19616544,-0.031437904,-0.98006666,-0.866014,-0.46325123,0.18819705,-0.4599336,0.88566923,0.063648194
1356079294400,-0.30539107,-0.106871545,-0.94621074,-0.83871037,-0.44032955,0.32042897,-0.45088935,0.8914529,0.04483846
1356079294440,-0.43848348,-0.18059471,-0.8804077,-0.7835367,-0.40302378,0.47290802,-0.44022992,0.89719415,0.03521675
1356079294480,-0.58060694,-0.24534808,-0.77633744,-0.69255805,-0.35252136,0.62935835,-0.4280874,0.9030686,0.034758627
1356079294520,-0.7106702,-0.29357177,-0.63934624,-0.56868863,-0.2952925,0.76772106,-0.4141754,0.9091853,0.042904556
1356079294560,-0.8085499,-0.32230997,-0.4923042,-0.43187928,-0.24319214,0.8685263,-0.39965916,0.9148628,0.057433903
1356079294601,-0.8671886,-0.33691624,-0.36670357,-0.31170174,-0.20704705,0.92734754,-0.38836336,0.9184873,0.07453138
1356079294640,-0.8949361,-0.34656066,-0.2810429,-0.22688375,-0.18891037,0.9554248,-0.3842046,0.9188082,0.09043372
1356079294680,-0.90444267,-0.35649163,-0.23430133,-0.17789268,-0.18402398,0.9666898,-0.38773394,0.9159961,0.10302186
1356079294721,-0.9047443,-0.36668026,-0.2167562,-0.15648454,-0.18716145,0.96978515,-0.39616945,0.9113266,0.11195356
1356079294760,-0.900442,-0.37474957,-0.22083218,-0.15586653,-0.19599074,0.96813905,-0.4060908,0.90617347,0.11806744
1356079294801,-0.89267254,-0.37828478,-0.24502298,-0.17440102,-0.21137613,0.96171945,-0.41559586,0.9012329,0.12271649
1356079294841,-0.8793136,-0.37451863,-0.2941828,-0.21604247,-0.23681062,0.94723094,-0.42442122,0.896469,0.1273188
1356079294880,-0.85401046,-0.35873285,-0.3767982,-0.28798142,-0.2772169,0.9166338,-0.43328148,0.89132565,0.13343775
1356079294920,-0.80372036,-0.3207328,-0.50116265,-0.39767924,-0.3369606,0.85341007,-0.4425887,0.8852051,0.14327341
1356079294960,-0.71317834,-0.24674322,-0.6561208,-0.53652334,-0.41024238,0.73745775,-0.45113122,0.87796295,0.16019249
1356079295001,-0.5906584,-0.13628647,-0.7953292,-0.66654193,-0.4731233,0.576087,-0.45480165,0.8703909,0.18861362
1356079295041,-0.4839803,-0.015465736,-0.8749422,-0.75233346,-0.5033115,0.42505512,-0.4469423,0.8639666,0.23195747
1356079295078,-0.43024528,0.089414954,-0.89827275,-0.7973788,-0.5041189,0.3317396,-0.4231738,0.858993,0.28819242
1356079295120,-0.42865992,0.16976595,-0.8873726,-0.81703717,-0.49205935,0.30054587,-0.38561758,0.8538484,0.34963122
1356079295162,-0.43889666,0.23176113,-0.8681339,-0.8288244,-0.47755492,0.2915328,-0.3470157,0.84748334,0.40168658
1356079295202,-0.4207934,0.28254366,-0.8620336,-0.8483695,-0.45908225,0.26365268,-0.32125092,0.8422663,0.43288016
1356079295242,-0.35762745,0.32409507,-0.8758224,-0.8792276,-0.432935,0.19881186,-0.3147403,0.8411478,0.4397828
1356079295282,-0.25963318,0.352042,-0.89925367,-0.9093008,-0.40270585,0.104881704,-0.32521194,0.8449228,0.4246678
1356079295322,-0.15021408,0.36212283,-0.91994715,-0.9259561,-0.37762254,0.0025500357,-0.3464694,0.85221374,0.3920341
1356079295362,-0.049989462,0.35513237,-0.9334785,-0.9266511,-0.36516225,-0.08929843,-0.3725839,0.86054486,0.3473381
1356079295402,0.028917909,0.33523476,-0.9416907,-0.91646445,-0.3672229,-0.15887183,-0.39906976,0.8676203,0.29661143
1356079295442,0.08274549,0.3068087,-0.9481675,-0.9025829,-0.3802806,-0.20181882,-0.42248946,0.87249935,0.24545376
1356079295486,0.11331612,0.27286363,-0.95535594,-0.8906728,-0.3982141,-0.21937975,-0.44029695,0.8757688,0.19790812
1356079295522,0.12337452,0.23489416,-0.9641594,-0.8838062,-0.41583508,-0.21440062,-0.4512928,0.87858164,0.15629755
1356079295562,0.11413622,0.1933766,-0.9744631,-0.8826917,-0.4303643,-0.18879056,-0.45588183,0.88169837,0.12157181
1356079295602,0.085299075,0.14822814,-0.9852677,-0.88620055,-0.44067442,-0.14301938,-0.4553818,0.8853442,0.09377079
1356079295642,0.035443842,0.09916642,-0.99443936,-0.8918605,-0.44583768,-0.076247066,-0.45091972,0.88960373,0.072640434
1356079295682,-0.039099872,0.045801044,-0.9981851,-0.89574337,-0.44432855,0.0146993995,-0.44284886,0.8946924,0.05839911
1356079295722,-0.14495903,-0.012284458,-0.9893614,-0.8906258,-0.43396103,0.13588074,-0.43101346,0.9008479,0.051965684
1356079295762,-0.2859512,-0.07402262,-0.9553808,-0.8633783,-0.41261977,0.29038396,-0.41570398,0.9078908,0.054079622
1356079295800,-0.44683015,-0.13362724,-0.88458276,-0.8005143,-0.38171655,0.46202755,-0.39939928,0.9145689,0.0635919
1356079295840,-0.58893603,-0.18130279,-0.78758097,-0.7095741,-0.35047853,0.6112851,-0.38685787,0.91885483,0.07776159
1356079295880,-0.6799994,-0.2123423,-0.7017917,-0.6253616,-0.33172774,0.706314,-0.38278407,0.91916674,0.09278387
1356079295920,-0.72034484,-0.22892313,-0.65474993,-0.5750392,-0.33074677,0.7482889,-0.38785714,0.915533,0.10661203
1356079295960,-0.724626,-0.23295581,-0.64857435,-0.5621184,-0.34464985,0.751824,-0.39867282,0.90936685,0.11879349
1356079296000,-0.7022115,-0.22289371,-0.67617846,-0.5812666,-0.3689462,0.72526395,-0.41113028,0.9023287,0.12951756
1356079296040,-0.65365297,-0.19511321,-0.7312105,-0.6275022,-0.40038538,0.6677819,-0.42305902,0.8953337,0.13927907
1356079296080,-0.5747273,-0.14589056,-0.80523556,-0.6936631,-0.43522102,0.57394606,-0.43418878,0.8884247,0.14893457
1356079296128,-0.4641806,-0.0743323,-0.88261604,-0.7660149,-0.46660507,0.44215494,-0.4446995,0.88133675,0.15964934
1356079296162,-0.33254164,0.014086276,-0.9429833,-0.8265811,-0.48577088,0.2842362,-0.45407003,0.87397265,0.17318249
1356079296201,-0.2038874,0.10792351,-0.97302747,-0.86390275,-0.48739362,0.12696218,-0.4605452,0.8664871,0.1926089
1356079296242,-0.104530096,0.19735757,-0.97474277,-0.881649,-0.47190464,-0.0010003746,-0.46018305,0.8592764,0.22332837
1356079296282,-0.04303205,0.2805642,-0.9588702,-0.89316106,-0.44086045,-0.08891198,-0.44767347,0.8525994,0.26956016
1356079296322,-0.016288102,0.35681427,-0.9340334,-0.90733016,-0.39776915,-0.13613114,-0.42010322,0.8452593,0.33022726
1356079296362,-0.0064328313,0.42365706,-0.9057998,-0.92356646,-0.34980112,-0.15704855,-0.38338453,0.83555603,0.3935256
1356079296402,0.009772599,0.47523165,-0.87980646,-0.9359584,-0.30535215,-0.17533368,-0.3519749,0.8251757,0.44181296
1356079296440,0.043970168,0.5069797,-0.8608358,-0.9402977,-0.27009398,-0.20709783,-0.33750096,0.818548,0.46483576
1356079296480,0.092556596,0.5186878,-0.849939,-0.9353668,-0.24734348,-0.2528045,-0.34135345,0.81840336,0.46227008
1356079296520,0.14666289,0.5129806,-0.8457783,-0.9221436,-0.23851448,-0.30456865,-0.35796815,0.82459795,0.43806052
1356079296560,0.19884408,0.4933759,-0.8467829,-0.90307,-0.24339056,-0.35387242,-0.38069105,0.83506966,0.39715612
1356079296600,0.24285638,0.46380928,-0.8519987,-0.88194144,-0.26019585,-0.39303625,-0.40398037,0.8468642,0.3458624
1356079296640,0.27490407,0.4278121,-0.86104846,-0.86304283,-0.28492248,-0.4171046,-0.42377448,0.85778546,0.29089385
1356079296680,0.29394603,0.38781306,-0.87361133,-0.8497573,-0.3124333,-0.4246151,-0.43761647,0.8671716,0.23770842
1356079296721,0.30133843,0.3450596,-0.88889205,-0.8433608,-0.33851624,-0.41731197,-0.44490194,0.8754088,0.1890018
1356079296760,0.29723167,0.30046576,-0.9062967,-0.843834,-0.36147416,-0.3965862,-0.44676346,0.8826419,0.14610168
1356079296801,0.28282452,0.2552664,-0.92458063,-0.849825,-0.38027716,-0.3649474,-0.44475573,0.88894784,0.1093801
1356079296840,0.25747937,0.21063095,-0.9430477,-0.8603383,-0.39434224,-0.32297418,-0.4399119,0.8944992,0.07967888
1356079296880,0.22040349,0.16801742,-0.9608291,-0.8745475,-0.40219104,-0.27094147,-0.4319597,0.900007,0.058294833
1356079296920,0.16868341,0.1284203,-0.9772687,-0.8916996,-0.40261304,-0.20681998,-0.42002103,0.90631723,0.046598226
1356079296960,0.09909892,0.09279367,-0.9907416,-0.90954506,-0.39540005,-0.12801075,-0.40361777,0.9138098,0.045216203
1356079297000,0.009752929,0.061674446,-0.99804866,-0.9231994,-0.3829289,-0.032684624,-0.38419747,0.92171675,0.053203106
1356079297040,-0.09556371,0.034713686,-0.99481785,-0.92558527,-0.37083697,0.075972885,-0.3662779,0.92804897,0.06756896
1356079297080,-0.20411009,0.0106551945,-0.97888994,-0.91199446,-0.3655163,0.18618292,-0.35581633,0.930744,0.08432299
1356079297127,-0.29892868,-0.011727333,-0.9542035,-0.8852244,-0.37003887,0.281867,-0.3563979,0.9289422,0.10023388
1356079297162,-0.3686303,-0.032095462,-0.92902184,-0.8541429,-0.38267195,0.3521392,-0.36681262,0.9233266,0.11365032
1356079297202,-0.4108187,-0.048338473,-0.9104347,-0.82737553,-0.39971316,0.39456192,-0.38298523,0.91536486,0.12421557
1356079297242,-0.42819476,-0.057704747,-0.90184224,-0.8099457,-0.4181007,0.4113146,-0.4007957,0.906566,0.13229084
1356079297282,-0.42457068,-0.05797574,-0.9035367,-0.8030956,-0.43668467,0.40539354,-0.4180636,0.8977446,0.13884339
1356079297322,-0.40366727,-0.047701687,-0.9136615,-0.805364,-0.45530152,0.37959102,-0.43409848,0.8890586,0.14537305
1356079297360,-0.3701526,-0.026126117,-0.92860365,-0.81355846,-0.47343385,0.33761415,-0.44845286,0.8804419,0.15398753
1356079297400,-0.33057976,0.007159561,-0.943751,-0.8241868,-0.48938662,0.28498584,-0.45981863,0.8720376,0.16768208
1356079297440,-0.29379612,0.052167267,-0.9544435,-0.8349602,-0.50008684,0.22968352,-0.46532267,0.86440253,0.19048119
1356079297480,-0.2685969,0.10843855,-0.9571295,-0.8462281,-0.50124925,0.18068561,-0.46016714,0.8584814,0.2263977
1356079297520,-0.26032674,0.1740455,-0.9497043,-0.8599455,-0.48902762,0.1461021,-0.43900323,0.8547282,0.2769766
1356079297560,-0.2672996,0.24398804,-0.93221277,-0.87642753,-0.4636681,0.12994811,-0.4005316,0.85175204,0.33777624
1356079297600,-0.2798013,0.30934855,-0.90885353,-0.89304066,-0.4313532,0.1281124,-0.35240543,0.84748924,0.396954
1356079297640,-0.28394127,0.35977006,-0.88878727,-0.9073713,-0.40043437,0.12778744,-0.30992687,0.84274423,0.4401449
1356079297680,-0.2707308,0.3889065,-0.8806001,-0.9190366,-0.37665462,0.11620262,-0.28649008,0.84076333,0.4593913
1356079297720,-0.2398085,0.39621413,-0.8862879,-0.9275993,-0.36287868,0.088761866,-0.28644624,0.8434059,0.45454925
1356079297760,-0.19807982,0.3854953,-0.9011979,-0.9316324,-0.35982668,0.050850213,-0.3046725,0.8496576,0.43041432
1356079297800,-0.15201837,0.36105862,-0.92006904,-0.9305037,-0.3661443,0.010058045,-0.33324653,0.85765666,0.39162713
1356079297840,-0.10698491,0.3269541,-0.93896496,-0.92486537,-0.37935513,-0.026715666,-0.36493596,0.865558,0.3429738
1356079297880,-0.067367494,0.28712204,-0.9555222,-0.91647756,-0.3963589,-0.054486036,-0.39437374,0.872044,0.2898425
1356079297920,-0.035687923,0.24481797,-0.9689121,-0.9076754,-0.41361052,-0.07107589,-0.41815284,0.87692106,0.2369761
1356079297979,-0.013115823,0.2023975,-0.9792157,-0.9005662,-0.42795414,-0.07639295,-0.43452114,0.8808465,0.18788527
1356079298001,-1.5932322E-4,0.16152269,-0.98686904,-0.8962917,-0.437665,-0.07148883,-0.44346505,0.8845111,0.14484115
1356079298041,0.0031707883,0.123310655,-0.99236304,-0.89490914,-0.44248372,-0.057842284,-0.44623703,0.8882582,0.10894883
1356079298078,-0.002937436,0.08845353,-0.9960759,-0.89577585,-0.4429887,-0.036696583,-0.44449633,0.892153,0.080535814
1356079298120,-0.017834783,0.05763185,-0.9981786,-0.89821595,-0.43945563,-0.009324104,-0.43919253,0.8964137,0.059603423
1356079298150,-0.040483475,0.03017205,-0.9987245,-0.9006636,-0.43388635,0.023400605,-0.4326269,0.9004622,0.04474014
1356079298180,-0.06762272,0.007903129,-0.9976797,-0.9027705,-0.42621958,0.057813466,-0.4247737,0.90458524,0.0359568
1356079298220,-0.10412562,-0.00811258,-0.99453115,-0.90452003,-0.41499728,0.098086834,-0.41352335,0.9097866,0.0358738
1356079298261,-0.15435225,-0.020637453,-0.9878003,-0.90354383,-0.4015416,0.14957565,-0.3997298,0.9156082,0.04333204
1356079298300,-0.21441406,-0.030261308,-0.976274,-0.8972055,-0.38896978,0.2091054,-0.38606882,0.9207535,0.056249887
1356079298340,-0.27647233,-0.038692504,-0.96024275,-0.8839079,-0.38192886,0.2698837,-0.3771868,0.9233815,0.07139209
1356079298381,-0.33096933,-0.047423303,-0.9424491,-0.8650624,-0.3837595,0.3231031,-0.3769965,0.9222145,0.08598855
1356079298421,-0.37082672,-0.056429505,-0.9269861,-0.8449004,-0.3938582,0.36196536,-0.38552663,0.9174374,0.09837583
1356079298461,-0.39321315,-0.06348932,-0.91725266,-0.8279491,-0.40939772,0.38326722,-0.39985454,0.91014427,0.10841465
1356079298500,-0.398278,-0.065505296,-0.9149228,-0.8172915,-0.42748314,0.38638416,-0.41642433,0.901647,0.11672026
1356079298541,-0.38717043,-0.05971691,-0.9200722,-0.81398964,-0.446541,0.371513,-0.4330356,0.89276814,0.124278605
1356079298581,-0.36139667,-0.044155777,-0.931366,-0.81720537,-0.46596688,0.33919048,-0.448963,0.88369966,0.1323146
1356079298620,-0.3235039,-0.017545998,-0.9460642,-0.8247506,-0.4848686,0.2910136,-0.4638229,0.874411,0.14238581
1356079298660,-0.27819425,0.020863771,-0.9602982,-0.8340496,-0.50112224,0.23073307,-0.4764128,0.86512494,0.15681079
1356079298700,-0.23266184,0.0715307,-0.9699237,-0.84364635,-0.5110188,0.16468382,-0.48386925,0.8565881,0.17924112
1356079298740,-0.19509727,0.13448411,-0.97151995,-0.8545994,-0.5093491,0.10111028,-0.48124513,0.84998673,0.2143027
1356079298780,-0.17157626,0.20812604,-0.9629357,-0.86979043,-0.49099648,0.048857033,-0.46262965,0.845935,0.2652694
1356079298820,-0.161964,0.28729394,-0.9440497,-0.89031136,-0.45512968,0.014239073,-0.42557427,0.8428044,0.32949567
1356079298860,-0.15813941,0.36186126,-0.91872096,-0.9124795,-0.40910208,-0.004069984,-0.37732348,0.8376705,0.3948862
1356079298900,-0.1481325,0.41994655,-0.89537793,-0.9308615,-0.3649686,-0.017173141,-0.3339966,0.8309289,0.44497573
1356079298941,-0.12435746,0.4545556,-0.8819946,-0.94266915,-0.33156216,-0.037965655,-0.3096935,0.8267078,0.46972775
1356079298980,-0.08762902,0.4659415,-0.88046557,-0.9474527,-0.3119638,-0.07079491,-0.3076597,0.8279958,0.46879464
1356079299020,-0.04279065,0.45773357,-0.88805914,-0.9454668,-0.3058288,-0.112077,-0.32289544,0.8348346,0.44585848
1356079299060,0.005060494,0.433972,-0.90091217,-0.937464,-0.31150746,-0.15531984,-0.34804538,0.8453587,0.4052568
1356079299129,0.05112362,0.39900875,-0.9155209,-0.9249288,-0.32685173,-0.19409981,-0.37668708,0.8567147,0.35234484
1356079299135,0.086337864,0.36159614,-0.92832863,-0.9115888,-0.34725702,-0.22004217,-0.40193498,0.86525196,0.29964548
1356079299167,0.11993748,0.32029322,-0.93969536,-0.8974812,-0.36967784,-0.24055344,-0.42443216,0.8722102,0.24311885
1356079299201,0.14124465,0.2787612,-0.94991684,-0.8861162,-0.39224416,-0.24686539,-0.44141588,0.87660515,0.19161245
1356079299240,0.15799695,0.23748523,-0.95845586,-0.8778185,-0.41071498,-0.24647081,-0.45218533,0.88029194,0.14357719
1356079299281,0.16188616,0.19548815,-0.96725243,-0.8744952,-0.4257303,-0.23240456,-0.45722097,0.88348067,0.1020336
1356079299320,0.1516577,0.15386301,-0.97638416,-0.87603074,-0.43657672,-0.20486796,-0.4577882,0.8864124,0.0685785
1356079299361,0.1257087,0.11277673,-0.9856362,-0.88152015,-0.4430712,-0.16312593,-0.4551038,0.88936454,0.04371707
1356079299400,0.08255863,0.072116435,-0.9939735,-0.8892439,-0.4449482,-0.10614249,-0.4499214,0.89264786,0.027394876
1356079299440,0.021044016,0.031980008,-0.9992669,-0.8965874,-0.44163442,-0.03301549,-0.44236654,0.8966249,0.019379139
1356079299480,-0.05951208,-0.007109642,-0.9982023,-0.8999487,-0.43228883,0.05673325,-0.43191507,0.9017072,0.019328117
1356079299520,-0.15874338,-0.04425025,-0.98632777,-0.8942616,-0.41694963,0.16263178,-0.4184455,0.9078518,0.026616722
1356079299560,-0.2727728,-0.07898739,-0.9588306,-0.87305856,-0.3983733,0.28118947,-0.4041829,0.9138161,0.03970474
1356079299600,-0.39104927,-0.11224407,-0.9134996,-0.8319425,-0.38139594,0.4029996,-0.39363942,0.9175719,0.05576408
1356079299641,-0.4990161,-0.14568853,-0.8542586,-0.7735444,-0.3694942,0.51488173,-0.39065593,0.9177412,0.07168692
1356079299680,-0.5862862,-0.17999887,-0.78985375,-0.7067689,-0.36284935,0.607304,-0.395912,0.91429794,0.085515976
1356079299720,-0.650688,-0.21406938,-0.72854614,-0.6409517,-0.35962462,0.6781233,-0.4071685,0.9082095,0.09679526
1356079299760,-0.695519,-0.24573062,-0.67518127,-0.5820711,-0.35822356,0.7299788,-0.421244,0.9007176,0.10611856
1356079299800,-0.7254389,-0.27293646,-0.6318578,-0.5328151,-0.35845208,0.766564,-0.43571398,0.8927586,0.114610374
1356079299840,-0.74421805,-0.29440078,-0.59955615,-0.49403885,-0.3614726,0.7907358,-0.4495164,0.8846839,0.12356907
1356079299881,-0.75469726,-0.3091846,-0.57865095,-0.46560293,-0.36897594,0.804407,-0.46221852,0.8765054,0.1345079
1356079299920,-0.75978553,-0.31571215,-0.5683765,-0.44632483,-0.38241106,0.8090464,-0.47277918,0.8683822,0.14964014
1356079299960,-0.763991,-0.31154582,-0.5650282,-0.43255696,-0.402474,0.80678934,-0.47876105,0.86078674,0.17272526
1356079300000,-0.77447104,-0.29457185,-0.559841,-0.41669485,-0.42831963,0.8018152,-0.47598308,0.8542655,0.20897466
1356079300040,-0.7994364,-0.26653278,-0.53838825,-0.38691747,-0.45713162,0.8008281,-0.45956123,0.8485229,0.2623214
1356079300080,-0.8408947,-0.2366758,-0.48670387,-0.3313738,-0.4858533,0.80878794,-0.4278872,0.84138644,0.3301233
1356079300126,-0.8868208,-0.21887799,-0.40699062,-0.25069988,-0.5119723,0.8216045,-0.38819906,0.8306484,0.399155
1356079300162,-0.92004323,-0.22104166,-0.3235136,-0.16501008,-0.5302956,0.83159983,-0.35537603,0.81849074,0.4514208
1356079300201,-0.9353671,-0.23984186,-0.25993136,-0.09628181,-0.5345032,0.8396643,-0.3403208,0.81042093,0.47686437
1356079300242,-0.93737125,-0.268057,-0.22244228,-0.052945778,-0.5215292,0.8515891,-0.3442846,0.8100325,0.47467402
1356079300282,-0.932004,-0.30092525,-0.202021,-0.029766738,-0.49194628,0.8701165,-0.36122352,0.8169656,0.44953844
1356079300322,-0.9230402,-0.33550727,-0.18823281,-0.019468918,-0.44792712,0.893858,-0.38421044,0.8287316,0.40692288
1356079300362,-0.9131676,-0.36977383,-0.17144206,-0.013638765,-0.39267188,0.91957754,-0.40735617,0.8420666,0.3535319
1356079300402,-0.90442103,-0.40093774,-0.14584686,-0.0057943165,-0.33027452,0.9438671,-0.42660147,0.8544984,0.29638422
1356079300443,-0.898149,-0.4256921,-0.1100665,0.0076191723,-0.26535726,0.9641201,-0.43962523,0.8650848,0.24157381
1356079300482,-0.89469796,-0.44155803,-0.0673964,0.026406467,-0.20290929,0.9788414,-0.44589067,0.8739877,0.19320238
1356079300522,-0.8934672,-0.4484758,-0.024201795,0.047321737,-0.1475882,0.9879162,-0.4466284,0.88152546,0.15308791
1356079300562,-0.8935177,-0.44882548,0.013491169,0.066438496,-0.10243118,0.99251896,-0.4440859,0.88772947,0.121343315
1356079300602,-0.8941528,-0.44570833,0.042835325,0.08167678,-0.06829512,0.99431616,-0.44024956,0.89256924,0.097470224
1356079300642,-0.89515185,-0.4409955,0.065008566,0.09409213,-0.044378996,0.99457383,-0.43571758,0.8964114,0.08122015
1356079300682,-0.8967612,-0.43441033,0.08430241,0.10753919,-0.029141724,0.9937736,-0.4292488,0.9002435,0.07284933
1356079300721,-0.89934933,-0.4242745,0.10565014,0.12648971,-0.021167278,0.991742,-0.41853452,0.9052862,0.07270312
1356079300762,-0.90282273,-0.40932983,0.13175769,0.15316105,-0.01978904,0.988003,-0.40181178,0.91217184,0.08055943
1356079300802,-0.90591526,-0.39208752,0.15995291,0.18376859,-0.023708105,0.9826836,-0.38150576,0.91962236,0.09353089
1356079300841,-0.9072803,-0.3781221,0.1840271,0.21085678,-0.030423343,0.9770434,-0.363843,0.92525566,0.10733217
1356079300880,-0.90657187,-0.37199974,0.1993581,0.22905743,-0.036932826,0.972712,-0.35448575,0.9274978,0.11869156
1356079300920,-0.9043637,-0.37428984,0.2050209,0.23723361,-0.041571617,0.97056276,-0.35474873,0.9263795,0.12638992
1356079300961,-0.90181106,-0.38165402,0.20267464,0.2370503,-0.044767916,0.97046536,-0.3613087,0.92322046,0.1308434
1356079301001,-0.9000325,-0.3906885,0.19314222,0.22958878,-0.048341393,0.9720865,-0.3704462,0.9192528,0.13320649
1356079301038,-0.8997883,-0.39971682,0.17495014,0.21402046,-0.05490601,0.97528493,-0.38023198,0.9149928,0.1349513
1356079301081,-0.90116566,-0.40886658,0.1439746,0.18731546,-0.067780375,0.97995853,-0.39091367,0.91007364,0.13766831
1356079301124,-0.9038473,-0.4178173,0.092134416,0.14301962,-0.09208858,0.9854263,-0.40324363,0.903852,0.14299017
1356079301162,-0.90586865,-0.42345732,0.009273961,0.07306591,-0.13466209,0.9881941,-0.41720915,0.8958516,0.15292639
1356079301202,-0.9021888,-0.41644356,-0.1123845,-0.028600186,-0.20221943,0.9789226,-0.43039232,0.8863871,0.17052966
1356079301242,-0.8864201,-0.38108486,-0.26274276,-0.15405206,-0.29238743,0.9438101,-0.43649447,0.8770883,0.20047116
1356079301282,-0.8605366,-0.3082529,-0.4055329,-0.27719948,-0.3845358,0.88050705,-0.42736077,0.870122,0.24545956
1356079301322,-0.83989507,-0.2119315,-0.49966106,-0.3680695,-0.4541632,0.8113325,-0.3988746,0.8653442,0.30344397
1356079301362,-0.8293187,-0.114227355,-0.5469758,-0.42899948,-0.497061,0.7542478,-0.3580361,0.86016417,0.3632186
1356079301402,-0.8125705,-0.026270613,-0.5822707,-0.48658752,-0.51938426,0.7024761,-0.32087672,0.854137,0.4092533
1356079301442,-0.7692429,0.05110064,-0.6369099,-0.56350505,-0.52415496,0.6385324,-0.30121005,0.8500885,0.43199787
1356079301482,-0.6893578,0.11712542,-0.71488976,-0.6582686,-0.5132736,0.5506656,-0.30243716,0.85019517,0.43092924
1356079301522,-0.57712525,0.16698843,-0.7994007,-0.75131077,-0.49223983,0.43958184,-0.32009172,0.85429204,0.40954417
1356079301562,-0.44915587,0.1956524,-0.8717678,-0.8231716,-0.4699502,0.31864613,-0.3473435,0.8607363,0.3721363
1356079301602,-0.3260975,0.20243147,-0.9234078,-0.86645615,-0.45462674,0.20632103,-0.37804005,0.8673731,0.32365063
1356079301642,-0.22295183,0.19101068,-0.9559328,-0.8855679,-0.44961143,0.11670107,-0.40750712,0.8725621,0.26939458
1356079301683,-0.145984,0.16648296,-0.975178,-0.88984644,-0.45282257,0.055903703,-0.43227553,0.8759197,0.21424906
1356079301722,-0.09594685,0.1330888,-0.98644894,-0.88782644,-0.4595332,0.024355441,-0.45006472,0.87813234,0.16225061
1356079301762,-0.07220352,0.0936884,-0.9929799,-0.88491356,-0.46530634,0.020443618,-0.46012458,0.8801775,0.116502926
1356079301802,-0.07466173,0.05004087,-0.99595255,-0.88317883,-0.46708506,0.042739302,-0.4630559,0.8827952,0.07906848
1356079301842,-0.10343069,0.0033405721,-0.99463105,-0.8818388,-0.46285415,0.09014696,-0.46006796,0.8864282,0.05081913
1356079301882,-0.15831631,-0.04524505,-0.98635125,-0.8776005,-0.45134705,0.16156489,-0.45249677,0.8912007,0.031748533
1356079301922,-0.23794734,-0.09408727,-0.9667102,-0.86503553,-0.43208945,0.25497505,-0.4416952,0.89690924,0.021425724
1356079301962,-0.3384065,-0.1406424,-0.9304305,-0.8378007,-0.40516996,0.365961,-0.42845207,0.9033588,0.019281805
1356079302002,-0.45295554,-0.18161824,-0.8728379,-0.7902123,-0.3715154,0.48738152,-0.41279015,0.9104895,0.024763048
1356079302042,-0.5705469,-0.21369603,-0.79297554,-0.7198173,-0.3347456,0.6081188,-0.39539763,0.91775787,0.037166
1356079302082,-0.6749774,-0.23605485,-0.699059,-0.63276917,-0.3020947,0.712981,-0.37948465,0.9235891,0.054538846
1356079302124,-0.7526847,-0.25180733,-0.6083245,-0.54478234,-0.280631,0.7902268,-0.36969963,0.9261961,0.07404655
1356079302162,-0.8014971,-0.2658173,-0.53567106,-0.47134277,-0.27045935,0.8394568,-0.3680194,0.9253069,0.09148139
1356079302202,-0.82635486,-0.27983788,-0.48870063,-0.42057684,-0.2704299,0.86601543,-0.37450325,0.92117226,0.1057778
1356079302242,-0.8350892,-0.29302564,-0.46557707,-0.39174733,-0.27740538,0.8772573,-0.38621247,0.91497666,0.11686623
1356079302282,-0.8323929,-0.30307114,-0.4639718,-0.38304806,-0.29039,0.8768966,-0.40049487,0.90764606,0.12562782
1356079302322,-0.8198776,-0.30727485,-0.48309723,-0.39360234,-0.3102668,0.8653391,-0.41578594,0.89962035,0.13343662
1356079302361,-0.79683584,-0.30253732,-0.5229952,-0.42304868,-0.33863747,0.840449,-0.4313729,0.8909522,0.14185041
1356079302402,-0.7615382,-0.28510532,-0.5820436,-0.46936825,-0.37668127,0.79862684,-0.44693762,0.8813775,0.15303767
1356079302442,-0.7129389,-0.24958111,-0.6553072,-0.5281395,-0.42363787,0.73593456,-0.46128833,0.8707699,0.1702143
1356079302482,-0.6585587,-0.19336684,-0.72726184,-0.5863145,-0.47397643,0.6569488,-0.4717371,0.8590435,0.19876748
1356079302522,-0.61666626,-0.12012595,-0.7780054,-0.62897855,-0.51912814,0.5786985,-0.47340125,0.8462126,0.24457216
1356079302560,-0.6039844,-0.041247755,-0.79592794,-0.6495484,-0.55321467,0.52157485,-0.46183282,0.8320168,0.30734068
1356079302600,-0.6188398,0.02965337,-0.7849573,-0.6518212,-0.57705015,0.4920795,-0.43836793,0.8161702,0.37643027
1356079302640,-0.6361828,0.084875345,-0.7668556,-0.65105104,-0.5924018,0.47454458,-0.41400954,0.8011593,0.4321341
1356079302680,-0.63502884,0.123702765,-0.7625196,-0.6610537,-0.5977409,0.45355687,-0.39968288,0.79208803,0.46135688
1356079302720,-0.60993207,0.14768168,-0.7785712,-0.68497026,-0.59230345,0.42425525,-0.3984956,0.7920649,0.4624223
1356079302760,-0.56413776,0.15743801,-0.810532,-0.718084,-0.57809764,0.3875032,-0.4075588,0.80063516,0.43918025
1356079302801,-0.5070942,0.15134045,-0.84849954,-0.7516097,-0.55946505,0.34940177,-0.4218273,0.8149201,0.3974505
1356079302840,-0.45501214,0.12694559,-0.88139033,-0.7764286,-0.5412114,0.32287624,-0.43603075,0.83124924,0.3448218
1356079302880,-0.4236378,0.08352706,-0.9019725,-0.78811705,-0.5248543,0.3215581,-0.4465453,0.8470839,0.2881772
1356079302921,-0.42844486,0.020312339,-0.9033397,-0.7825072,-0.5082255,0.3597074,-0.45179373,0.86098456,0.23364112
1356079302960,-0.4760393,-0.060427427,-0.8773455,-0.7545128,-0.4844343,0.44275707,-0.45177096,0.8727382,0.18501654
