1356077873916,-0.71643114,-0.11408749,-0.6882662,0.6958486,-0.04585141,-0.7167234,0.05021119,-0.99241203,0.112237036
1356077874095,0.5466039,0.12903377,0.82739013,-0.83561516,0.019728214,0.548961,0.054511547,-0.99144393,0.11860606
1356077874147,0.5273961,0.13511834,0.8388065,-0.84765935,0.016655922,0.5302793,0.057679385,-0.9906895,0.12331858
1356077874185,0.5138633,0.14090312,0.84622157,-0.8557196,0.014355987,0.51724064,0.060732454,-0.9899193,0.12795056
1356077874223,0.5009303,0.14707068,0.8529004,-0.8631227,0.012088716,0.5048496,0.06393811,-0.9890521,0.13299565
1356077874262,0.48662597,0.15346232,0.8600259,-0.87101996,0.009473443,0.49115628,0.06722662,-0.98810905,0.13827878
1356077874304,0.47029722,0.15940422,0.8679924,-0.87969404,0.006194532,0.4754998,0.07041985,-0.987194,0.14314017
1356077874345,0.47422925,0.16378179,0.86503303,-0.87733567,0.0059886277,0.47983992,0.07340869,-0.98647845,0.14653158
1356077874382,0.4354394,0.16610181,0.88476133,-0.8970189,-0.002725184,0.4419836,0.07582542,-0.98610485,0.14780986
1356077874421,0.4345428,0.16514987,0.88538015,-0.89730257,-0.0053064525,0.4413841,0.07759276,-0.9862542,0.14588355
1356077874463,0.397534,0.16042572,0.90345466,-0.9142079,-0.015180349,0.40496114,0.07868096,-0.9869312,0.14062773
1356077874503,0.3687001,0.15260771,0.9169357,-0.9261713,-0.023697853,0.3763578,0.079164475,-0.98800266,0.13260347
1356077874545,0.34837425,0.14314044,0.9263618,-0.9340025,-0.03050685,0.3559616,0.079212874,-0.9892322,0.12306571
1356077874584,0.335407,0.13333932,0.9325893,-0.93875706,-0.035682768,0.34272707,0.07897642,-0.99042785,0.113205016
1356077874623,0.32894048,0.12446514,0.9361125,-0.94107735,-0.03926006,0.33590505,0.07856026,-0.991447,0.10421705
1356077874664,0.32900435,0.11801273,0.9369253,-0.94109076,-0.041112185,0.33564547,0.0781295,-0.9921607,0.09753463
1356077874707,0.33329117,0.114649564,0.93582714,-0.9396113,-0.04147929,0.3397206,0.07776627,-0.99253964,0.093901366
1356077874742,0.34063798,0.11388168,0.933272,-0.93698907,-0.040777445,0.34697044,0.07757005,-0.99265707,0.09281555
1356077874783,0.3497525,0.11575076,0.9296639,-0.9336207,-0.039158463,0.35611665,0.07762489,-0.99250615,0.0943715
1356077874823,0.3592864,0.118962646,0.925614,-0.929976,-0.03708127,0.36574534,0.07783297,-0.9922061,0.09730959
1356077874871,0.36881515,0.12321997,0.9212992,-0.9262177,-0.03453955,0.37540364,0.07807845,-0.99177814,0.101389796
1356077874902,0.37738323,0.1271486,0.9172868,-0.9227537,-0.031960785,0.3840626,0.07815021,-0.9913686,0.10526535
1356077874965,0.3845291,0.13031068,0.91386896,-0.91982186,-0.029432714,0.39123076,0.07787919,-0.99103624,0.10854486
1356077874983,0.3902673,0.13233721,0.91114116,-0.9174533,-0.027157724,0.3969154,0.07727125,-0.99083257,0.11081447
1356077875021,0.39481887,0.1330646,0.909072,-0.91557884,-0.025269955,0.40134376,0.076376855,-0.9907852,0.11185403
1356077875062,0.39883605,0.13248333,0.9074018,-0.9139346,-0.023705631,0.40516853,0.07518861,-0.9909017,0.111626446
1356077875103,0.40302038,0.13057029,0.90582883,-0.91222954,-0.022246778,0.40907493,0.07356486,-0.9911895,0.11014421
1356077875142,0.4076277,0.1271359,0.90425444,-0.91036403,-0.02069056,0.41329083,0.07125366,-0.9916694,0.1073059
1356077875183,0.4124407,0.12192902,0.90278786,-0.9084437,-0.018913418,0.41757894,0.067989826,-0.99235857,0.10296503
1356077875225,0.41654378,0.11448845,0.9018779,-0.90690017,-0.016885817,0.42100698,0.063429385,-0.99328107,0.09679592
1356077875263,0.420022,0.10543418,0.90136844,-0.90565777,-0.014793515,0.42375115,0.058012307,-0.9943162,0.089273706
1356077875305,0.42030257,0.09360725,0.9025427,-0.9059211,-0.013168395,0.4232416,0.05150354,-0.995522,0.079266086
1356077875343,0.4186775,0.080087245,0.9045966,-0.90701956,-0.0124771,0.42090353,0.044995785,-0.9967097,0.06741682
1356077875382,0.41340965,0.06375864,0.90831006,-0.9097146,-0.013674259,0.41500872,0.038880914,-0.9978716,0.05234915
1356077875422,0.40474722,0.044190377,0.91336024,-0.91380775,-0.017256469,0.40578046,0.033692926,-0.9988742,0.03339699
1356077875461,0.39297864,0.020914525,0.91930974,-0.9190755,-0.023096949,0.393404,0.029461116,-0.99951446,0.010145426
1356077875503,0.3785914,-0.0067316294,0.92553943,-0.9252075,-0.030500501,0.3782338,0.025683284,-0.9995121,-0.017775357
1356077875543,0.3629459,-0.0390186,0.93099296,-0.931556,-0.038532674,0.3615505,0.021766454,-0.9984953,-0.05033329
1356077875582,0.34726486,-0.076406956,0.9346492,-0.937608,-0.046646923,0.34455082,0.017272443,-0.9959849,-0.08783862
1356077875622,0.3354391,-0.117030144,0.9347644,-0.9419824,-0.054554105,0.33119923,0.012234956,-0.9916288,-0.12853992
1356077875663,0.32479018,-0.1627062,0.93168557,-0.9457641,-0.06258869,0.3187678,0.006447464,-0.98468745,-0.1742099
1356077875702,0.3210315,-0.21000075,0.9234925,-0.94706833,-0.071718514,0.31291848,5.183816E-4,-0.9750672,-0.22190902
1356077875745,0.31599736,-0.26208565,0.9118426,-0.94874465,-0.081818566,0.30526912,-0.0054009855,-0.96157,-0.27450684
1356077875782,0.31745917,-0.31317025,0.8950665,-0.948214,-0.09440303,0.30327916,-0.010481,-0.9449934,-0.3269215
1356077875824,0.313195,-0.3667947,0.8759969,-0.9495839,-0.107240304,0.2946012,-0.014115989,-0.92410016,-0.3818895
1356077875863,0.3098904,-0.41706854,0.85441315,-0.9506425,-0.12107158,0.28569293,-0.015708357,-0.90077496,-0.43400192
1356077875902,0.300529,-0.46418718,0.83319426,-0.95366776,-0.13328744,0.2697264,-0.014149219,-0.875651,-0.48273706
1356077875966,0.28717902,-0.50475925,0.8140923,-0.9578307,-0.14297315,0.24923694,-0.009411305,-0.85133827,-0.5245328
1356077875983,0.27409464,-0.5339435,0.79986036,-0.9616973,-0.14937608,0.2298373,-0.0032401383,-0.8322207,-0.55443513
1356077876025,0.26721436,-0.54680276,0.7934754,-0.96363604,-0.15285797,0.21918035,0.0014405847,-0.8231896,-0.56776476
1356077876062,0.2715549,-0.5401177,0.7965745,-0.9624185,-0.15493174,0.22304013,0.0029467344,-0.82720566,-0.5618917
1356077876103,0.2850544,-0.51481575,0.8085226,-0.9585095,-0.15476157,0.23939174,0.0018855631,-0.84321624,-0.53757125
1356077876143,0.30051813,-0.47578079,0.8266326,-0.95377594,-0.15045372,0.26014453,5.981624E-4,-0.86660045,-0.49900234
1356077876185,0.3236813,-0.41958243,0.8480454,-0.9461648,-0.14507733,0.28935233,0.001625061,-0.89604867,-0.4439529
1356077876223,0.34100503,-0.35528895,0.8703363,-0.9400443,-0.13446224,0.31342697,0.0056702495,-0.9250349,-0.3798397
1356077876264,0.36526465,-0.27732906,0.88863397,-0.93080604,-0.122634515,0.34432673,0.013485372,-0.95291626,-0.3029336
1356077876298,0.37861788,-0.19889638,0.9039296,-0.92527235,-0.105386555,0.36436874,0.022790402,-0.97433764,-0.22393456
1356077876344,0.38799223,-0.12131643,0.9136435,-0.9210521,-0.087112576,0.37957135,0.03354159,-0.98878396,-0.14553773
1356077876383,0.385579,-0.050843835,0.9212729,-0.92154574,-0.07060164,0.38179675,0.04563141,-0.99620795,-0.0740774
1356077876422,0.36879566,0.008327842,0.9294732,-0.92765087,-0.059924573,0.3686095,0.058767974,-0.9981682,-0.014374614
1356077876463,0.33568677,0.053845346,0.94043344,-0.93920445,-0.057364374,0.33853257,0.0721758,-0.9969002,0.031315356
1356077876502,0.28390974,0.08465779,0.95510644,-0.95509815,-0.063075244,0.289498,0.084751785,-0.9944117,0.06294879
1356077876544,0.21220106,0.10086265,0.9720069,-0.9725299,-0.07559949,0.22016004,0.09568918,-0.99202394,0.08204964
1356077876583,0.12089199,0.103230804,0.98728335,-0.9870887,-0.092776656,0.13056886,0.10507569,-0.99032104,0.09068209
1356077876625,0.010525823,0.09197393,0.99570584,-0.9933796,-0.11295539,0.020935029,0.11439577,-0.9893341,0.090176046
1356077876662,-0.116491914,0.06850368,0.99082637,-0.9852366,-0.13398266,-0.106571466,0.12545303,-0.9886131,0.08310023
1356077876703,-0.25397766,0.033042878,0.9666455,-0.95698655,-0.15351272,-0.2461923,0.14025748,-0.987594,0.070610404
1356077876743,-0.39184338,-0.009118795,0.9199867,-0.9066717,-0.16596478,-0.3878172,0.15622184,-0.9860895,0.056764483
1356077876784,-0.51320523,-0.050011843,0.8568076,-0.8413938,-0.16765529,-0.51375884,0.16934231,-0.9845763,0.043961883
1356077876824,-0.6080443,-0.08043724,0.7898175,-0.77435744,-0.15930432,-0.6123664,0.17507845,-0.9839471,0.034577012
1356077876864,-0.66989416,-0.09527755,0.7363179,-0.722439,-0.1450873,-0.6760412,0.17124191,-0.9848208,0.028360963
1356077876904,-0.7045921,-0.09672931,0.702989,-0.6915072,-0.12876165,-0.71080124,0.1592733,-0.9869468,0.023835301
1356077876977,-0.71813816,-0.09130478,0.6898848,-0.68079793,-0.113235176,-0.7236656,0.14419335,-0.989364,0.019158363
1356077876980,-0.7133945,-0.083664805,0.69575024,-0.6889249,-0.09798586,-0.71817905,0.12826002,-0.9916647,0.012263775
1356077877019,-0.6865996,-0.07690337,0.722957,-0.71819913,-0.08282274,-0.690891,0.113009125,-0.9935926,0.0016340613
1356077877062,-0.63419616,-0.073999554,0.7696228,-0.7668966,-0.06636119,-0.6383304,0.09830928,-0.99504787,-0.014663935
1356077877103,-0.5484746,-0.077887595,0.83253175,-0.831959,-0.048932612,-0.5526751,0.08378446,-0.99576056,-0.037961006
1356077877143,-0.43705595,-0.09502953,0.8944,-0.89676285,-0.030544877,-0.44145596,0.0692707,-0.9950057,-0.071869135
1356077877182,-0.31017303,-0.12903538,0.94188243,-0.94898427,-0.017126381,-0.31485805,0.05675888,-0.99149203,-0.11714047
1356077877223,-0.22319025,-0.18802822,0.9564682,-0.97344816,-0.008183777,-0.22876132,0.050841063,-0.9821296,-0.1812092
1356077877263,-0.17442113,-0.2659756,0.9480686,-0.9831531,-0.006401539,-0.1826717,0.054655284,-0.9639585,-0.26037818
1356077877305,-0.16769505,-0.3549963,0.9197043,-0.98347294,-0.0043527484,-0.18100253,0.068258494,-0.9348576,-0.34839934
1356077877343,-0.13213679,-0.42687404,0.8946052,-0.98792183,-0.01697597,-0.15402034,0.08093405,-0.9041518,-0.41947508
1356077877382,-0.052457154,-0.46902394,0.88162625,-0.99485016,-0.052127004,-0.08692554,0.086726695,-0.8816458,-0.46387404
1356077877425,0.08177933,-0.47331744,0.8770876,-0.99308795,-0.113040775,0.031592995,0.0841932,-0.8736088,-0.4792902
1356077877481,0.24649118,-0.43910214,0.86396265,-0.9661094,-0.18183412,0.18321821,0.07664636,-0.87984407,-0.46904123
1356077877503,0.40833324,-0.3742212,0.83259976,-0.910267,-0.2352693,0.34067926,0.06839576,-0.89699876,-0.43670946
1356077877540,0.5421985,-0.29369494,0.787251,-0.8379184,-0.25874585,0.48056567,0.06255826,-0.92021406,-0.386384
1356077877576,0.6359358,-0.2153956,0.74107385,-0.7693895,-0.2518713,0.587027,0.060212195,-0.9434859,-0.32589704
1356077877619,0.6981975,-0.14235541,0.7016089,-0.7132189,-0.22313103,0.6644781,0.0619587,-0.96433777,-0.25732014
1356077877662,0.7343199,-0.07707104,0.67441404,-0.67541564,-0.18209694,0.7146008,0.067733735,-0.98025537,-0.18577239
1356077877701,0.7486857,-0.02149418,0.66257656,-0.65851104,-0.13925907,0.7395743,0.07637325,-0.99002266,-0.118415445
1356077877743,0.74915564,0.028934807,0.66176176,-0.6564617,-0.10097583,0.7475707,0.08845276,-0.99446803,-0.05665201
1356077877783,0.73161095,0.07146311,0.67796636,-0.67413664,-0.07210527,0.73507863,0.10141596,-0.9948335,-0.0045771077
1356077877822,0.70163006,0.10751915,0.7043826,-0.70331603,-0.05405651,0.7088191,0.11428809,-0.99273235,0.03769227
1356077877861,0.6536473,0.13534173,0.7445991,-0.7464298,-0.047019675,0.6638009,0.12485084,-0.9896826,0.07028886
1356077877902,0.5842519,0.15350178,0.7969234,-0.8007711,-0.050636202,0.5968262,0.1319671,-0.98685014,0.09333554
1356077877962,0.4919605,0.1610477,0.8555925,-0.8597901,-0.064635724,0.5065404,0.136879,-0.9848279,0.10666901
1356077877982,0.37573084,0.15696704,0.9133387,-0.91583073,-0.087807864,0.3918467,0.14170533,-0.98369265,0.11076312
1356077878022,0.24033967,0.14102423,0.96039003,-0.9595909,-0.1146647,0.25697717,0.14636284,-0.98334336,0.107767075
1356077878062,0.09875971,0.11586252,0.98834324,-0.9839382,-0.13704622,0.11438537,0.14870164,-0.98376536,0.10046691
1356077878103,-0.031979322,0.08723706,0.99567413,-0.98865515,-0.14903474,-0.01869601,0.14675906,-0.98497623,0.09101346
1356077878142,-0.13644946,0.06176138,0.9887199,-0.98054373,-0.15059727,-0.12591392,0.14112192,-0.986664,0.08110872
1356077878184,-0.20823383,0.04158783,0.9771944,-0.96906114,-0.14413077,-0.2003667,0.13251099,-0.9886843,0.07031411
1356077878222,-0.24516118,0.027089983,0.9691038,-0.96157646,-0.13419306,-0.23950574,0.12355885,-0.99058485,0.05894804
1356077878270,-0.2562182,0.013674617,0.9665222,-0.95984286,-0.121786654,-0.25272447,0.11425364,-0.9924621,0.044329464
1356077878302,-0.23438662,0.0013857484,0.97214246,-0.9664253,-0.10863453,-0.23285338,0.105285525,-0.9940808,0.026801705
1356077878341,-0.19599158,-0.016397864,0.9804685,-0.97588134,-0.09476668,-0.19665954,0.09614053,-0.9953644,0.002571106
1356077878380,-0.1417818,-0.0467225,0.9887947,-0.9860859,-0.080911815,-0.14521664,0.086789995,-0.99562556,-0.034600556
1356077878422,-0.07695973,-0.09859893,0.99214697,-0.9939507,-0.07061392,-0.084117204,0.0783532,-0.9926188,-0.0925681
1356077878462,-0.008368522,-0.17844895,0.98391354,-0.99732935,-0.06990251,-0.021160573,0.07255411,-0.98146296,-0.17738742
1356077878502,0.06485924,-0.27176982,0.96017414,-0.9955191,-0.08397177,0.043479174,0.06881124,-0.9586917,-0.27599835
1356077878542,0.13804585,-0.35484496,0.9246775,-0.9884374,-0.10849023,0.10593158,0.06272918,-0.9286092,-0.36571866
1356077878582,0.21031938,-0.40597197,0.8893552,-0.9763547,-0.13372292,0.16985187,0.049972028,-0.90404916,-0.42449725
1356077878625,0.27618712,-0.42136198,0.8638141,-0.96066576,-0.14816578,0.23487934,0.029018462,-0.8947072,-0.44570947
1356077878664,0.3331312,-0.41136548,0.84841144,-0.9428345,-0.15421371,0.2954337,0.009305447,-0.8983298,-0.439223
1356077878704,0.37964398,-0.37559596,0.8454573,-0.9251232,-0.1499942,0.34878197,-0.0041873753,-0.9145652,-0.4044169
1356077878742,0.4112571,-0.3285861,0.85023457,-0.9114672,-0.1382579,0.3874434,-0.009756863,-0.9342997,-0.35635495
1356077878781,0.4285879,-0.27054793,0.86204195,-0.90347534,-0.121268496,0.4111282,-0.0066913664,-0.9550382,-0.29640758
1356077878823,0.42836165,-0.20637849,0.8797239,-0.9035984,-0.10218488,0.4160148,0.0040379465,-0.9731219,-0.23025537
1356077878861,0.40998054,-0.14207226,0.90096134,-0.9118627,-0.08610016,0.40136406,0.020550251,-0.9861045,-0.16484979
1356077878901,0.37584284,-0.08214742,0.92303514,-0.92577296,-0.077426344,0.37006685,0.041067272,-0.993608,-0.105149955
1356077878966,0.3286229,-0.030245245,0.9439768,-0.94230986,-0.077923626,0.3255459,0.06371182,-0.9965005,-0.054107875
1356077878982,0.27117383,0.011097848,0.96246636,-0.9586384,-0.08671671,0.2710952,0.086470455,-0.99617124,-0.012876481
1356077879022,0.20686525,0.040388346,0.9775354,-0.9724262,-0.10147452,0.20997652,0.10767561,-0.99401784,0.018283159
1356077879065,0.13964635,0.05665791,0.98857915,-0.9819622,-0.12059826,0.14562342,0.12747169,-0.99108315,0.038794875
1356077879101,0.07036114,0.06065896,0.99567556,-0.98687017,-0.14124316,0.07834378,0.14538464,-0.98811483,0.049924463
1356077879144,0.0050347447,0.054447144,0.998504,-0.98704875,-0.15983528,0.013692558,0.16034168,-0.985641,0.05293724
1356077879182,-0.056461573,0.04365787,0.9974498,-0.9841821,-0.17046255,-0.048249424,0.16792136,-0.9843965,0.05259186
1356077879225,-0.10857302,0.033643603,0.99351895,-0.9806361,-0.16748679,-0.1014936,0.16298673,-0.98530006,0.051176697
1356077879263,-0.14911878,0.027738452,0.98843026,-0.9774277,-0.15543002,-0.14309701,0.1496624,-0.9874574,0.05028978
1356077879301,-0.17521048,0.026721418,0.9841683,-0.9759025,-0.1367684,-0.1700255,0.13005984,-0.9902426,0.05004078
1356077879341,-0.18431866,0.02922669,0.9824319,-0.9769107,-0.115320206,-0.17985207,0.10803774,-0.9928983,0.04980755
1356077879381,-0.17503178,0.032694608,0.98401976,-0.98077595,-0.09336436,-0.17135268,0.086270064,-0.9950951,0.048407793
1356077879421,-0.1470834,0.034036785,0.9885383,-0.986946,-0.07133919,-0.1443901,0.06560689,-0.99687123,0.044085205
1356077879462,-0.10154462,0.028981,0.9944087,-0.9937631,-0.04925704,-0.10004315,0.04608226,-0.9983655,0.033802032
1356077879502,-0.04070252,0.010017991,0.9991211,-0.9987627,-0.02900374,-0.040397048,0.028573573,-0.9995291,0.011186063
1356077879552,0.031688243,-0.04264614,0.9985876,-0.9993284,-0.019745559,0.03086847,0.018401265,-0.9988951,-0.0432432
1356077879593,0.12420878,-0.12274146,0.98463523,-0.99205303,-0.03543386,0.12072745,0.020071238,-0.9918059,-0.12616721
1356077879632,0.21507019,-0.21852303,0.95183635,-0.9759102,-0.084677994,0.20106933,0.036661357,-0.9721508,-0.23147056
1356077879672,0.3011454,-0.29743677,0.90600383,-0.9517198,-0.15303776,0.26609936,0.059505016,-0.9423964,-0.32916313
1356077879711,0.3787834,-0.33775544,0.86165214,-0.92238224,-0.21395116,0.32161462,0.07572439,-0.91659486,-0.39258072
1356077879751,0.44627714,-0.34018502,0.8277142,-0.89132,-0.25156045,0.37718168,0.07990864,-0.90608585,-0.4154794
1356077879792,0.5025867,-0.3152354,0.8050051,-0.861238,-0.26370597,0.4344287,0.07533735,-0.9116391,-0.40402782
1356077879832,0.5464164,-0.2733881,0.79163635,-0.8347811,-0.25407666,0.48845226,0.06759933,-0.92774135,-0.36705083
1356077879870,0.576397,-0.22161141,0.78654623,-0.8149235,-0.22720557,0.5331768,0.060549647,-0.9482964,-0.31155694
1356077879912,0.5911853,-0.16865528,0.7887049,-0.8045562,-0.19179195,0.5620544,0.05647379,-0.9668356,-0.24907722
1356077879969,0.59041065,-0.11415765,0.79898894,-0.8050728,-0.15347034,0.57297885,0.05721119,-0.981537,-0.18251573
1356077879992,0.57173324,-0.06140229,0.8181386,-0.81798613,-0.119721055,0.5626415,0.063400954,-0.99090695,-0.11867474
1356077880048,0.53586864,-0.01075691,0.84423286,-0.8409005,-0.09645805,0.53252447,0.07570475,-0.99527895,-0.060734317
1356077880071,0.48196968,0.036022037,0.8754471,-0.87119555,-0.08680591,0.48320082,0.09339988,-0.99557376,-0.010455549
1356077880111,0.4102656,0.0755578,0.90883064,-0.9048178,-0.0908061,0.41600347,0.11395967,-0.9929981,0.031111449
1356077880152,0.324545,0.10462552,0.940066,-0.9360656,-0.10720262,0.3350952,0.13583705,-0.98871696,0.06314427
1356077880193,0.22885329,0.119746745,0.9660678,-0.96047884,-0.13375825,0.24410906,0.15845072,-0.98375285,0.08440316
1356077880235,0.12792271,0.11856049,0.98467207,-0.9752771,-0.16534722,0.14661095,0.18019506,-0.97908306,0.09447771
1356077880272,0.026285827,0.10390338,0.99424,-0.9801204,-0.19297796,0.046079755,0.19665426,-0.9756862,0.09676528
1356077880316,-0.06645459,0.08153814,0.9944523,-0.9769284,-0.2080512,-0.048224837,0.20296484,-0.97471344,0.09348288
1356077880352,-0.14966106,0.059470266,0.9869473,-0.96871984,-0.20866013,-0.13432384,0.19794825,-0.9761784,0.08883831
1356077880395,-0.21679854,0.044014543,0.97522366,-0.9600154,-0.19085515,-0.20480388,0.17711213,-0.98063093,0.083631754
1356077880433,-0.2655077,0.03680995,0.9634057,-0.9525565,-0.16424352,-0.25624228,0.14880094,-0.9857327,0.078671515
1356077880471,-0.29566944,0.03599003,0.9546122,-0.9483092,-0.13164681,-0.28875396,0.11527938,-0.99064314,0.07305354
1356077880528,-0.3054098,0.03773004,0.95147324,-0.948795,-0.09674311,-0.30071384,0.08070254,-0.99459404,0.06534433
1356077880549,-0.2945251,0.037112862,0.95492285,-0.95448995,-0.060511887,-0.29203984,0.04694575,-0.9974773,0.05324614
1356077880596,-0.26135463,0.023685366,0.9649522,-0.96517587,-0.0181818,-0.260969,0.011363447,-0.99955404,0.027612507
1356077880625,-0.19419825,-9.137094E-4,0.9809619,-0.9807048,0.023095608,-0.19412577,-0.022478491,-0.99973285,-0.0053812265
1356077880670,-0.115558535,-0.060985893,0.9914267,-0.9919472,0.05917242,-0.111979306,-0.051835984,-0.99638313,-0.067332685
1356077880721,-0.008163989,-0.17237505,0.9849975,-0.9976629,0.06822908,0.003671199,-0.06783828,-0.98266554,-0.17252928
1356077880761,0.11564663,-0.29666677,0.94795287,-0.9909675,0.030771166,0.13052425,-0.06789181,-0.9544852,-0.29042852
1356077880802,0.22318542,-0.39381376,0.8916832,-0.973173,-0.037580907,0.22698435,-0.055879265,-0.9184216,-0.39163643
1356077880841,0.30576003,-0.44466564,0.84189266,-0.9511217,-0.102402106,0.2913439,-0.043339014,-0.8898237,-0.45424163
1356077880883,0.36616614,-0.45467502,0.811907,-0.9298429,-0.14478073,0.33827615,-0.036257267,-0.87881124,-0.47579017
1356077880922,0.40872353,-0.4361451,0.80169976,-0.9120865,-0.16411032,0.37572083,-0.032301575,-0.8847854,-0.46487778
1356077880961,0.43540323,-0.3955768,0.8086674,-0.8998319,-0.16434263,0.40409642,-0.026952624,-0.9036097,-0.42750797
1356077880985,0.44558594,-0.3525715,0.8228891,-0.8950094,-0.15461656,0.41839194,-0.020280808,-0.9229231,-0.38444978
1356077881026,0.44500315,-0.29509512,0.84551233,-0.8954841,-0.13716961,0.42342982,-0.008973479,-0.94557035,-0.3252939
1356077881072,0.42248842,-0.22946793,0.87683976,-0.90633994,-0.11461827,0.40670696,0.007175684,-0.9665439,-0.2564008
1356077881112,0.37547892,-0.16438586,0.91213644,-0.92643136,-0.09546232,0.36415905,0.027212083,-0.9817658,-0.18813631
1356077881152,0.30644295,-0.103990674,0.94619167,-0.9504868,-0.08736315,0.2982324,0.051648885,-0.99073386,-0.1256136
1356077881195,0.21166518,-0.053886563,0.9758555,-0.9740629,-0.0933567,0.20612115,0.07999557,-0.99417335,-0.072249174
1356077881232,0.08737123,-0.020111084,0.99597275,-0.9903345,-0.109865606,0.084658146,0.10772058,-0.99374294,-0.029515803
1356077881274,-0.053178668,-0.003957778,0.9985771,-0.9897908,-0.13221282,-0.053234756,0.13223538,-0.9912134,0.0031135678
1356077881312,-0.21296877,-0.0064681172,0.9770376,-0.9653914,-0.15268344,-0.21144095,0.15054506,-0.9882541,0.026272535
1356077881355,-0.3647796,-0.022618264,0.93081903,-0.91679657,-0.16579425,-0.36331302,0.16254196,-0.98590094,0.039741993
1356077881393,-0.5070507,-0.04640746,0.86066604,-0.84505045,-0.16980499,-0.5070069,0.1696743,-0.9843844,0.046883106
1356077881431,-0.6184417,-0.06775129,0.78290457,-0.7669911,-0.16480249,-0.6201329,0.17103946,-0.98399687,0.049956143
1356077881475,-0.7023126,-0.08160734,0.7071756,-0.69237226,-0.15259409,-0.70522034,0.16546199,-0.9849138,0.050666094
1356077881512,-0.7617337,-0.0869171,0.64203364,-0.62921333,-0.13697821,-0.765067,0.15444203,-0.98675346,0.049651504
1356077881552,-0.8000826,-0.085675314,0.59374034,-0.5831302,-0.12124354,-0.8032803,0.1408085,-0.9889185,0.047044992
1356077881591,-0.82020915,-0.080970064,0.56630456,-0.55767477,-0.107458115,-0.82307446,0.12749842,-0.99090695,0.042983174
1356077881633,-0.8230299,-0.07468462,0.5630666,-0.5561506,-0.0954532,-0.82558167,0.115404755,-0.9926282,0.037025034
1356077881672,-0.8040226,-0.06707996,0.59080267,-0.5853957,-0.08483708,-0.80629677,0.10420835,-0.99413425,0.028942645
1356077881715,-0.7580454,-0.05995992,0.64943975,-0.64565563,-0.07173771,-0.76025164,0.092173934,-0.99561965,0.015666962
1356077881752,-0.66464484,-0.057737827,0.74492514,-0.7429248,-0.054927766,-0.6671174,0.07943496,-0.99681956,-0.0063874125
1356077881794,-0.5297127,-0.07966423,0.84442765,-0.8454,-0.03090936,-0.53323865,0.06858075,-0.9963424,-0.050975025
1356077881832,-0.35017574,-0.13435861,0.9269977,-0.9344357,-0.018419623,-0.35565522,0.064860284,-0.99076164,-0.11909938
1356077881871,-0.18259132,-0.2214553,0.95792377,-0.9804437,-0.031743467,-0.19422245,0.07341936,-0.9746537,-0.21132845
1356077881918,-0.032007366,-0.3069325,0.9511929,-0.9955757,-0.07432684,-0.057484746,0.088343084,-0.9488245,-0.30319554
1356077881973,0.108323276,-0.3571772,0.927734,-0.9893386,-0.1301108,0.06542364,0.097340435,-0.92493,-0.36746323
1356077881991,0.23942393,-0.36476982,0.8997884,-0.9662882,-0.1798895,0.18419251,0.09467462,-0.913555,-0.39554265
1356077882031,0.35730857,-0.33882234,0.87036204,-0.93022895,-0.2126043,0.29912114,0.08369377,-0.9165145,-0.39114767
1356077882072,0.45784426,-0.28990772,0.8404357,-0.88624585,-0.2236212,0.40566227,0.07033461,-0.93056273,-0.3593132
1356077882112,0.53512615,-0.23227859,0.8122109,-0.84269166,-0.21421094,0.49394768,0.05925104,-0.9487677,-0.3103691
1356077882154,0.5916079,-0.16945201,0.78821707,-0.8045287,-0.18748501,0.5635451,0.052284986,-0.967541,-0.24724665
1356077882192,0.6230061,-0.112602025,0.7740699,-0.7806184,-0.15273401,0.6060587,0.049983352,-0.98183143,-0.18305345
1356077882232,0.63728225,-0.058552414,0.7684028,-0.76872957,-0.118293166,0.6285392,0.054094344,-0.9912509,-0.120397076
1356077882280,0.631729,-0.007048577,0.7751572,-0.77238965,-0.09063153,0.62864935,0.06582263,-0.9958595,-0.0626988
1356077882321,0.5979885,0.035860777,0.80070204,-0.7974197,-0.07411301,0.5988564,0.08081788,-0.99660486,-0.015722632
1356077882361,0.5445249,0.070293784,0.83579385,-0.8329955,-0.07115099,0.54868585,0.098036736,-0.99498564,0.0198109
1356077882401,0.46426454,0.093314946,0.8807672,-0.87796855,-0.0825924,0.4715398,0.116746336,-0.9922051,0.04358284
1356077882442,0.34630352,0.10045743,0.9327283,-0.9281995,-0.10753715,0.35620403,0.13608631,-0.98911273,0.056004077
1356077882483,0.1791777,0.08743617,0.9799236,-0.9718754,-0.13898647,0.19010755,0.15281841,-0.9864267,0.060073793
1356077882523,-0.027086973,0.055109918,0.99811286,-0.98643607,-0.16318256,-0.017760068,0.16189581,-0.98505557,0.058782488
1356077882563,-0.23909259,0.016146481,0.9708625,-0.95772296,-0.16868216,-0.23305145,0.16000429,-0.98553824,0.055794537
1356077882601,-0.40199852,-0.010967165,0.91557467,-0.9040878,-0.15358466,-0.39879465,0.14499184,-0.98807466,0.051825464
1356077882642,-0.50004655,-0.020708054,0.8657509,-0.8572701,-0.1297434,-0.49825156,0.12264326,-0.99133134,0.04712534
1356077882681,-0.5403729,-0.01842162,0.841224,-0.8356644,-0.105044305,-0.53910184,0.09829694,-0.9942969,0.041368842
1356077882722,-0.52939993,-0.011339128,0.8482965,-0.844985,-0.082215846,-0.52843237,0.07573542,-0.99654996,0.033943772
1356077882761,-0.46478915,-0.00491181,0.8854077,-0.8836231,-0.061125517,-0.4641915,0.056401044,-0.998118,0.024070263
1356077882801,-0.34521616,-0.00456506,0.9385121,-0.9376774,-0.04076755,-0.34510744,0.039836287,-0.99915826,0.009793043
1356077882842,-0.17704707,-0.017443389,0.98404783,-0.9838656,-0.023014545,-0.17742226,0.025742233,-0.9995829,-0.013087332
1356077882882,0.0040685833,-0.052722782,0.99860096,-0.99985754,-0.016572684,0.0031986833,0.016380817,-0.9984717,-0.052782714
1356077882923,0.15829036,-0.11400318,0.9807892,-0.9872364,-0.035942703,0.15515307,0.017564237,-0.99283004,-0.118237495
1356077882962,0.2706604,-0.19282326,0.943166,-0.9620646,-0.08905846,0.25787637,0.034272343,-0.9771836,-0.20961303
1356077882998,0.356889,-0.2654242,0.89564514,-0.93216187,-0.1636588,0.32293966,0.06086421,-0.9501399,-0.30582634
1356077883044,0.4335608,-0.3095784,0.84627783,-0.89722645,-0.23555906,0.37349227,0.08372328,-0.9212346,-0.37989116
1356077883082,0.5089166,-0.31826428,0.7998198,-0.85584116,-0.2868176,0.4304319,0.09241131,-0.9035726,-0.41834992
1356077883124,0.57865393,-0.29722387,0.7594851,-0.811065,-0.30749428,0.4976152,0.08563426,-0.9039388,-0.41900063
1356077883162,0.63573295,-0.26286495,0.7257725,-0.7683742,-0.3053788,0.56244546,0.073788345,-0.91523,-0.396118
1356077883201,0.68188834,-0.21848685,0.6980629,-0.72886556,-0.28321168,0.62333477,0.061509103,-0.9338387,-0.35236627
1356077883243,0.7156352,-0.17006695,0.6774537,-0.69651246,-0.24639845,0.6739126,0.05231327,-0.9541305,-0.29478514
1356077883282,0.7361291,-0.12209675,0.6657374,-0.6751175,-0.20260388,0.7093433,0.04827246,-0.97161925,-0.23157227
1356077883321,0.74417675,-0.07510075,0.66374755,-0.66604376,-0.15908122,0.72875166,0.050859958,-0.9844049,-0.16840494
1356077883361,0.73931617,-0.028973132,0.6727348,-0.67059326,-0.12212993,0.7317027,0.060961366,-0.99209106,-0.10972181
1356077883402,0.71983033,0.01581642,0.6939697,-0.68970954,-0.09660326,0.717613,0.07838985,-0.9951972,-0.058629192
1356077883442,0.68248403,0.056960106,0.72867763,-0.72389054,-0.08506857,0.6846502,0.10098529,-0.99474573,-0.01682508
1356077883484,0.62328315,0.0911468,0.77666616,-0.7716702,-0.08917944,0.62973964,0.12666145,-0.9918363,0.0147512555
1356077883523,0.52520144,0.11027971,0.84380203,-0.83766043,-0.10773975,0.53545964,0.14996135,-0.9880438,0.035791904
1356077883559,0.38198146,0.1083422,0.91779745,-0.90860665,-0.13746253,0.39438322,0.16889107,-0.98456395,0.045932293
1356077883600,0.17502475,0.0807215,0.98124945,-0.9678657,-0.16866827,0.18651286,0.18056121,-0.98236203,0.048606426
1356077883637,-0.06722993,0.035355955,0.99711084,-0.98114574,-0.18383873,-0.059634835,0.1811992,-0.9823203,0.047048897
1356077883678,-0.28452706,-0.0066141784,0.9586451,-0.9433528,-0.17609668,-0.28120333,0.1706742,-0.9843506,0.043864846
1356077883720,-0.43007523,-0.029280275,0.9023181,-0.8902041,-0.15257525,-0.4292523,0.15024003,-0.98785806,0.039553344
1356077883763,-0.5059582,-0.03374833,0.8618976,-0.8534927,-0.124901354,-0.5059149,0.12472591,-0.99159503,0.034390867
1356077883801,-0.526076,-0.028373629,0.849964,-0.8445506,-0.09996295,-0.5260624,0.099891216,-0.9945865,0.02862519
1356077883842,-0.5012214,-0.020407706,0.86507833,-0.86182797,-0.077938676,-0.5011767,0.077650934,-0.9967493,0.021476626
1356077883881,-0.42835385,-0.014504284,0.9034947,-0.9017261,-0.05768794,-0.42844146,0.058334976,-0.9982293,0.011631966
1356077883922,-0.312927,-0.017271668,0.9496201,-0.94887197,-0.037956297,-0.31337082,0.04145649,-0.99913013,-0.0045110583
1356077883962,-0.17079687,-0.039298236,0.98452234,-0.9849101,-0.021524489,-0.1717233,0.027939707,-0.9989957,-0.035028994
1356077884000,-0.03231284,-0.09186539,0.995247,-0.99925005,-0.018284947,-0.034130603,0.021333456,-0.99560356,-0.09120566
1356077884043,0.079483,-0.17426208,0.9814862,-0.9965178,-0.038776785,0.073815465,0.025195628,-0.9839355,-0.17673731
1356077884083,0.16039133,-0.2723279,0.9487424,-0.98625445,-0.082883775,0.14294192,0.039708316,-0.95862806,-0.2818784
1356077884122,0.24863121,-0.34427387,0.90534973,-0.96715945,-0.13916865,0.21268457,0.05277452,-0.9284975,-0.36756945
1356077884161,0.34077826,-0.3750735,0.86208475,-0.9383946,-0.1916112,0.28757754,0.057322353,-0.90697587,-0.41726384
1356077884203,0.43547451,-0.36613423,0.8223793,-0.8985271,-0.23247562,0.37229583,0.05487293,-0.90105534,-0.43021867
1356077884242,0.522943,-0.32731292,0.7870177,-0.85080945,-0.25624964,0.45875853,0.0515154,-0.90950674,-0.4124849
1356077884284,0.59417504,-0.27209145,0.7569163,-0.8026901,-0.26075417,0.5363729,0.05142656,-0.9262686,-0.37333873
1356077884321,0.6455686,-0.21055469,0.7341035,-0.76171076,-0.2468943,0.59903246,0.05511689,-0.9458911,-0.31976897
1356077884361,0.6767615,-0.14946774,0.72086984,-0.73362505,-0.21878043,0.6433736,0.06154859,-0.96425855,-0.25771546
1356077884402,0.68899924,-0.09228644,0.7188624,-0.7213807,-0.18302234,0.6679167,0.0699282,-0.9787676,-0.19267593
1356077884445,0.6841559,-0.03856966,0.72831523,-0.72487354,-0.14625376,0.67317766,0.080554634,-0.98849493,-0.1280185
1356077884481,0.65908265,0.007630408,0.75203186,-0.74639255,-0.116006106,0.6553174,0.09224057,-0.99321926,-0.07076235
1356077884524,0.6194874,0.048609763,0.7835001,-0.7778244,-0.09669283,0.62099886,0.10594547,-0.99412656,-0.022090122
1356077884562,0.5557924,0.08052403,0.827412,-0.8226158,-0.09038812,0.5613673,0.11999175,-0.99264586,0.01600328
1356077884601,0.47325104,0.10216984,0.8749828,-0.8705398,-0.09784311,0.48227298,0.13488477,-0.9899435,0.04263854
1356077884642,0.36514568,0.10985741,0.92444575,-0.91876125,-0.117639124,0.37688008,0.15015411,-0.9869611,0.057977363
1356077884681,0.23217264,0.10182226,0.96733046,-0.95891523,-0.1427243,0.24517617,0.163026,-0.984511,0.06450227
1356077884720,0.08474654,0.080984205,0.993106,-0.9819876,-0.16213423,0.097019225,0.16887355,-0.9834399,0.0657852
1356077884769,-0.05870366,0.055411816,0.99673647,-0.98466563,-0.16752315,-0.04867953,0.16427892,-0.98430973,0.06439626
1356077884800,-0.17874849,0.03378746,0.9833145,-0.9724214,-0.15824759,-0.17133078,0.1498183,-0.9868212,0.061142206
1356077884841,-0.26459515,0.019880623,0.9641546,-0.9555098,-0.14054018,-0.25932488,0.13034698,-0.9898753,0.056182444
1356077884882,-0.3147351,0.012039065,0.94910324,-0.9427337,-0.12029904,-0.31109697,0.11043087,-0.99266475,0.04921198
1356077884921,-0.32953393,0.007388085,0.9441148,-0.9395138,-0.10147393,-0.327134,0.0933862,-0.9948107,0.04038036
1356077884976,-0.31419188,0.002332449,0.9493566,-0.94607514,-0.08387774,-0.3128998,0.07890004,-0.9964733,0.0285604
1356077885001,-0.26706123,-0.0056919754,0.96366274,-0.9614506,-0.06640142,-0.2668403,0.06550738,-0.99777675,0.012260616
1356077885040,-0.19731343,-0.024818152,0.98002625,-0.978943,-0.048369348,-0.19832027,0.05232516,-0.9985211,-0.014751613
1356077885080,-0.1080721,-0.06412402,0.99207294,-0.99327433,-0.03474605,-0.11044881,0.04155305,-0.99733686,-0.059937656
1356077885121,-0.01525712,-0.13352346,0.99092823,-0.9991605,-0.035648227,-0.020187318,0.038020313,-0.9904043,-0.13286746
1356077885162,0.07748288,-0.22663033,0.9708939,-0.99601567,-0.060719192,0.06531438,0.044149697,-0.9720863,-0.23043203
1356077885202,0.16979775,-0.31414047,0.93406874,-0.9840112,-0.10575637,0.143309,0.05376458,-0.9434676,-0.32707494
1356077885241,0.25931162,-0.3679502,0.8929559,-0.9641051,-0.15327044,0.2168167,0.05708596,-0.9171264,-0.3944875
1356077885282,0.34308255,-0.3808463,0.8586329,-0.93795204,-0.18795495,0.29140863,0.050402433,-0.90533364,-0.42169958
1356077885322,0.41804135,-0.36037642,0.83388865,-0.90760976,-0.20464207,0.36655998,0.038549095,-0.9100827,-0.41263
1356077885362,0.48106617,-0.31825584,0.81687737,-0.876218,-0.20493008,0.43617156,0.028588563,-0.92559004,-0.37744647
1356077885405,0.5311684,-0.25972182,0.8064767,-0.8469278,-0.18965918,0.49673185,0.023943633,-0.9468758,-0.32070658
1356077885441,0.5649244,-0.19899938,0.8007869,-0.82479155,-0.16449173,0.54098177,0.02406776,-0.96609616,-0.25705838
1356077885484,0.58465993,-0.13389128,0.8001537,-0.8107131,-0.13323765,0.5700807,0.030281723,-0.9819984,-0.18644613
1356077885522,0.58637524,-0.07330337,0.80671597,-0.8089963,-0.103521064,0.57862616,0.041096866,-0.9919224,-0.120004326
1356077885561,0.5744474,-0.016287625,0.81837946,-0.816507,-0.081851184,0.57150406,0.05767685,-0.9965115,-0.060318172
1356077885602,0.5464533,0.03458336,0.8367752,-0.8337661,-0.07164687,0.5474493,0.07888502,-0.9968303,-0.0103171915
1356077885641,0.50242656,0.07627192,0.86124915,-0.8585758,-0.07356167,0.5073817,0.10205394,-0.99436975,0.028525919
1356077885681,0.44222555,0.10523191,0.8907091,-0.8883674,-0.0852972,0.45114025,0.123449385,-0.99078274,0.055764034
1356077885721,0.36745322,0.119131655,0.9223805,-0.91929054,-0.10384077,0.37963402,0.14100713,-0.98743343,0.07135995
1356077885761,0.27851674,0.11796254,0.9531596,-0.9479386,-0.12578544,0.2925583,0.15440449,-0.9850192,0.07678789
1356077885801,0.17945743,0.10472041,0.97817624,-0.9701516,-0.14600897,0.19361648,0.16309807,-0.9837251,0.07539222
1356077885843,0.07758933,0.08440858,0.9934058,-0.9833208,-0.15792572,0.09022039,0.16449976,-0.9838367,0.070747405
1356077885882,-0.018411934,0.06348473,0.99781287,-0.9873716,-0.15821117,-0.00815326,0.15734753,-0.9853623,0.065595984
1356077885924,-0.09813291,0.04647398,0.9940875,-0.98506284,-0.14656323,-0.090390146,0.14149588,-0.98810893,0.060162425
1356077885977,-0.15522283,0.03489977,0.9872628,-0.9801126,-0.13051254,-0.14948502,0.123633206,-0.9908322,0.05446425
1356077886004,-0.18836212,0.026466846,0.9817429,-0.9763417,-0.11313325,-0.1842759,0.10619062,-0.99322724,0.04715067
1356077886042,-0.1917327,0.020295829,0.9812373,-0.977129,-0.097629905,-0.18891066,0.091964036,-0.9950158,0.038550556
1356077886081,-0.17280102,0.012836784,0.98487306,-0.9816804,-0.08373386,-0.17114952,0.08027026,-0.9964055,0.02707094
1356077886123,-0.12730134,0.0013375282,0.99186313,-0.9894187,-0.07034773,-0.12689278,0.06960559,-0.9975215,0.010278761
1356077886162,-0.057267606,-0.020263702,0.9981532,-0.99658966,-0.05833459,-0.058362186,0.0594095,-0.9980914,-0.016853988
1356077886201,0.030586243,-0.061790287,0.9976204,-0.99821573,-0.05309671,0.027315855,0.051282465,-0.99667585,-0.063304126
1356077886242,0.1313738,-0.12946644,0.9828425,-0.9901432,-0.06569502,0.12369585,0.048553407,-0.98940516,-0.13682088
1356077886283,0.23965842,-0.21362135,0.9470638,-0.9694185,-0.10574216,0.22146401,0.052835137,-0.97117686,-0.23243046
1356077886322,0.34843412,-0.28526777,0.8928696,-0.9354345,-0.16642848,0.3118716,0.059631974,-0.94388765,-0.32483873
1356077886364,0.44906145,-0.32227376,0.83335674,-0.8913995,-0.22551899,0.39312613,0.061243504,-0.9193915,-0.3885466
1356077886402,0.5383281,-0.32409698,0.77792287,-0.8408627,-0.26807225,0.47019905,0.056149423,-0.9072477,-0.4168319
1356077886444,0.6109621,-0.29791585,0.73346543,-0.79028666,-0.28406382,0.54291326,0.046608537,-0.9113473,-0.40899116
1356077886482,0.6684191,-0.25813663,0.6975539,-0.7427708,-0.28062057,0.60790116,0.038826466,-0.92445534,-0.37930846
1356077886522,0.71043205,-0.209249,0.67193836,-0.7028981,-0.2583676,0.6627069,0.03493637,-0.94311243,-0.33063334
1356077886580,0.7376757,-0.15746126,0.65653676,-0.67423594,-0.22253561,0.7041902,0.035220146,-0.96212465,-0.27032512
1356077886599,0.75072473,-0.10576451,0.6520937,-0.65941185,-0.17952275,0.7300325,0.03985411,-0.97805184,-0.20451455
1356077886639,0.7495812,-0.05540362,0.6595896,-0.66009736,-0.1363141,0.73870826,0.04898429,-0.98911524,-0.13875026
1356077886675,0.73377043,-0.008567214,0.67934346,-0.6766132,-0.09964858,0.7295648,0.061445266,-0.9949858,-0.07891589
1356077886719,0.70386225,0.035484523,0.70944965,-0.7061058,-0.073890686,0.7042405,0.07741138,-0.9966348,-0.026953034
1356077886763,0.6561096,0.07369238,0.751059,-0.7486504,-0.06184782,0.6600738,0.09509379,-0.9953614,0.014590889
1356077886805,0.59073704,0.103925824,0.80014324,-0.7986565,-0.06577182,0.5981821,0.11479342,-0.9924079,0.04414718
1356077886842,0.5001734,0.12158176,0.85734737,-0.85544014,-0.08423269,0.511006,0.13434562,-0.9890009,0.06187494
1356077886884,0.38657585,0.12279308,0.9140465,-0.90955126,-0.113190144,0.3998807,0.1525636,-0.9859564,0.06792998
1356077886922,0.23896533,0.106083006,0.96521604,-0.95704365,-0.14236063,0.25258836,0.16420403,-0.9841137,0.06750682
1356077886983,0.067405164,0.074934214,0.99490774,-0.98413765,-0.15901834,0.07865241,0.16410232,-0.9844278,0.063026905
1356077887003,-0.12048775,0.038597465,0.9919642,-0.98089194,-0.15838736,-0.11298001,0.15275386,-0.98662233,0.056943655
1356077887042,-0.29612547,0.008191019,0.9551138,-0.9458246,-0.14189804,-0.29202852,0.13313681,-0.9898473,0.049766958
1356077887082,-0.4393146,-0.011093974,0.8982648,-0.89154285,-0.117328525,-0.4374762,0.11024541,-0.99303126,0.041653395
1356077887121,-0.54189706,-0.02057907,0.8401929,-0.83582056,-0.09153074,-0.5413189,0.0880433,-0.9955896,0.032399833
1356077887161,-0.6045447,-0.024093091,0.7962067,-0.79367834,-0.066889584,-0.60464907,0.067825824,-0.9974694,0.021315575
1356077887202,-0.630155,-0.025342971,0.7760556,-0.77492654,-0.04244536,-0.6306244,0.048921913,-0.9987773,0.0071083307
1356077887242,-0.6203569,-0.029705316,0.78375685,-0.7837316,-0.015211582,-0.6209134,0.03036663,-0.99944293,-0.013844371
1356077887283,-0.5749617,-0.04836905,0.81674933,-0.81807506,0.017973602,-0.57483053,0.0131240785,-0.99866784,-0.04990363
1356077887324,-0.4974751,-0.09889543,0.8618226,-0.8674769,0.05494535,-0.49443388,0.0015441179,-0.99357975,-0.11312348
1356077887362,-0.39902425,-0.18321708,0.8984493,-0.9169396,0.081067085,-0.3907045,-0.0012508929,-0.9797243,-0.20034671
1356077887404,-0.31174424,-0.2918253,0.9042419,-0.95014894,0.09003785,-0.2985132,0.0056976974,-0.9522244,-0.3053463
1356077887441,-0.23616451,-0.38396338,0.89263564,-0.9716371,0.081825554,-0.22186899,0.012149155,-0.9197155,-0.3923974
1356077887481,-0.1770463,-0.4401706,0.8802866,-0.9841396,0.069064915,-0.16339901,0.011126518,-0.89525414,-0.445417
1356077887523,-0.12555549,-0.45859075,0.8797331,-0.99208105,0.055063337,-0.11288607,0.003327459,-0.88694,-0.46187276
1356077887561,-0.07882476,-0.44726625,0.8909207,-0.996879,0.03928733,-0.06847608,-0.0043748617,-0.89353764,-0.4489671
1356077887601,-0.03588569,-0.4121767,0.91039693,-0.99933267,0.021012664,-0.02987793,-0.006814927,-0.9108616,-0.4126557
1356077887642,-5.495548E-4,-0.35941473,0.9331777,-0.9999957,0.0028782487,5.196333E-4,-0.0028726757,-0.9331735,-0.35941476
1356077887682,0.020451248,-0.29617557,0.9549145,-0.9997711,-0.012048066,0.017675072,0.0062699914,-0.9550575,-0.29635417
1356077887721,0.021304369,-0.22892112,0.9732119,-0.99956423,-0.024773002,0.016054094,0.0204342,-0.97312975,-0.22934914
1356077887763,-0.004859209,-0.16371232,0.9864961,-0.99916404,-0.039248765,-0.011435062,0.040590852,-0.9857271,-0.16338474
