1356078518039,0.2950402,-0.33851016,0.8935112,0.45835716,-0.77037257,-0.44320965,0.83836746,0.5403119,-0.07213232
1356078518065,-0.17546979,0.14223571,-0.9741558,-0.51609784,0.8293513,0.21405503,0.8383635,0.5403198,-0.07211852
1356078518109,-0.17533672,0.14234228,-0.97416407,-0.516195,0.8292841,0.2140811,0.8383315,0.5403949,-0.07192755
1356078518146,-0.17487115,0.1426786,-0.9741986,-0.5164629,0.82910335,0.21413474,0.83826375,0.54058343,-0.07129806
1356078518188,-0.17355822,0.14368592,-0.9742853,-0.5170777,0.82867146,0.21432276,0.8381576,0.5409787,-0.06952596
1356078518238,-0.17029639,0.14632568,-0.97446805,-0.51834834,0.8277334,0.21487775,0.83804184,0.5417068,-0.06511229
1356078518278,-0.1662671,0.14958312,-0.9746692,-0.51979625,0.826653,0.21553811,0.83795416,0.5424663,-0.059692442
1356078518330,-0.1601396,0.15470321,-0.974896,-0.5218776,0.82504946,0.2166499,0.83785385,0.5434706,-0.051386952
1356078518378,-0.15320566,0.16045316,-0.9750809,-0.5244392,0.82310796,0.21784583,0.83755094,0.5447459,-0.0419569
1356078518427,-0.1455581,0.16668926,-0.97520643,-0.5279085,0.8205662,0.219052,0.83673507,0.54670453,-0.031443357
1356078518470,-0.13788542,0.17268313,-0.9752785,-0.5321373,0.81757724,0.21999434,0.8353548,0.54931605,-0.020840824
1356078518508,-0.13065422,0.17814519,-0.9752916,-0.5369532,0.81424206,0.22066066,0.83343315,0.5525162,-0.010728538
1356078518551,-0.1243732,0.18277197,-0.97525674,-0.54283357,0.8102221,0.22106986,0.83057994,0.5568973,-0.0015551448
1356078518585,-0.120261356,0.18565466,-0.97522795,-0.5488707,0.8061235,0.22114678,0.82721114,0.56186944,0.0049548745
1356078518626,-0.119987816,0.18558004,-0.9752759,-0.55570567,0.8015002,0.22088145,0.822675,0.5684694,0.0069575906
1356078518667,-0.12431389,0.18237199,-0.9753391,-0.5629248,0.796502,0.22068128,0.8171056,0.57647634,0.0036454797
1356078518707,-0.13348047,0.17612568,-0.9752757,-0.5697967,0.79153174,0.22092807,0.81087285,0.5851984,-0.005298257
1356078518757,-0.15116283,0.16370174,-0.9748597,-0.57543457,0.7873006,0.2214337,0.8037567,0.5944405,-0.02481097
1356078518796,-0.17278193,0.15112764,-0.9732969,-0.5777719,0.78473985,0.22441708,0.7977005,0.6011188,-0.048271537
1356078518839,-0.19897956,0.13568638,-0.9705649,-0.57575786,0.7852405,0.22781625,0.7930384,0.60414124,-0.078124285
1356078518875,-0.22737797,0.12104723,-0.9662541,-0.5704546,0.7876141,0.23290694,0.7892281,0.6041619,-0.11003417
1356078518917,-0.25897855,0.105259374,-0.9601305,-0.56191945,0.7920919,0.23840523,0.78560597,0.6012578,-0.14598751
1356078518985,-0.29663846,0.08840588,-0.9508891,-0.54912543,0.7988455,0.24557477,0.7813238,0.5950043,-0.18842244
1356078519017,-0.33559734,0.08093175,-0.9385224,-0.5329002,0.8052457,0.2599936,0.77678293,0.587392,-0.22710979
1356078519046,-0.3739711,0.077370584,-0.9242075,-0.51375777,0.812364,0.27589437,0.772139,0.5779953,-0.26405096
1356078519087,-0.41321027,0.0796729,-0.9071436,-0.49053022,0.8198132,0.2954428,0.76722705,0.5670613,-0.29967326
1356078519126,-0.45264655,0.08774531,-0.88736236,-0.4634167,0.82705,0.31817186,0.76181114,0.5552379,-0.3336987
1356078519168,-0.49132952,0.09902613,-0.865326,-0.43329746,0.83405614,0.3414727,0.7555452,0.5427192,-0.36688864
1356078519206,-0.5285336,0.1127225,-0.84139526,-0.40101868,0.84043133,0.36449853,0.7482221,0.53006494,-0.39899236
1356078519246,-0.5632109,0.12661493,-0.816555,-0.3684784,0.84601355,0.38533717,0.739606,0.517909,-0.42982918
1356078519286,-0.5948255,0.1390037,-0.79174536,-0.33774304,0.8505662,0.40307158,0.7294603,0.5071637,-0.458991
1356078519327,-0.62369204,0.14762905,-0.76760274,-0.31121504,0.85391724,0.4170977,0.717045,0.49903,-0.486637
1356078519365,-0.6500823,0.15137406,-0.7446334,-0.2908408,0.8557648,0.4278764,0.70200044,0.4947247,-0.5122918
1356078519406,-0.67527497,0.14782864,-0.7225998,-0.27953348,0.85532665,0.4362079,0.68254286,0.4965511,-0.5362576
1356078519449,-0.69827956,0.13778907,-0.7024385,-0.27855948,0.85164416,0.44396725,0.6594014,0.5056842,-0.5563032
1356078519486,-0.7158981,0.12523627,-0.68688124,-0.286772,0.8442296,0.45281145,0.6365939,0.52114516,-0.56846815
1356078519525,-0.72474945,0.11571739,-0.6792259,-0.3012808,0.8333353,0.46344596,0.6196517,0.5405199,-0.56909585
1356078519568,-0.72141176,0.115225434,-0.6828529,-0.31971166,0.8192678,0.47600913,0.6142878,0.56171465,-0.5541905
1356078519606,-0.7077025,0.12052614,-0.6961542,-0.33965155,0.80596673,0.4848241,0.61951107,0.57956105,-0.5294478
1356078519646,-0.68258995,0.13619083,-0.7179992,-0.3591219,0.7931621,0.49185896,0.6364765,0.5935873,-0.49249536
1356078519688,-0.6467187,0.15949467,-0.7458663,-0.37925205,0.78119373,0.49588734,0.66175747,0.6035709,-0.4447239
1356078519725,-0.6039596,0.18586187,-0.77504075,-0.3998614,0.77053255,0.49637738,0.6894517,0.60970074,-0.39105153
1356078519768,-0.553546,0.21773416,-0.8038523,-0.42068607,0.7599194,0.4955257,0.71875584,0.61246574,-0.32905263
1356078519806,-0.50147235,0.24727252,-0.8290849,-0.44200906,0.7505646,0.49120343,0.7437428,0.61278796,-0.26709068
1356078519847,-0.45015168,0.27496344,-0.84956384,-0.4637245,0.74107397,0.48556045,0.763101,0.61253935,-0.20608842
1356078519888,-0.40314156,0.29763967,-0.86538285,-0.48567116,0.7318888,0.4779773,0.775629,0.61298406,-0.15049976
1356078519976,-0.3627311,0.31496638,-0.87705326,-0.5069782,0.7229911,0.46931547,0.7819203,0.6148822,-0.102570295
1356078520007,-0.33007032,0.32689562,-0.88554657,-0.52654684,0.7148531,0.46014497,0.78345513,0.6181619,-0.063825965
1356078520017,-0.30569437,0.33358467,-0.8917804,-0.5430582,0.7082441,0.45108548,0.7820734,0.6221829,-0.035350323
1356078520060,-0.29151556,0.33382943,-0.89642423,-0.55721265,0.7024547,0.4427995,0.7775169,0.62858194,-0.01876247
1356078520097,-0.287314,0.32728857,-0.9001849,-0.56982875,0.69700605,0.43529043,0.7698999,0.6380163,-0.013761163
1356078520139,-0.29416028,0.3125167,-0.90321815,-0.5819559,0.6910782,0.42864704,0.7581537,0.6517241,-0.021416783
1356078520176,-0.30778578,0.29272166,-0.9053077,-0.592675,0.6853622,0.42310172,0.74431473,0.6667779,-0.037455916
1356078520215,-0.32513988,0.27088338,-0.90603876,-0.60017604,0.6812994,0.41907027,0.7308028,0.6800393,-0.058939874
1356078520255,-0.34197158,0.25196603,-0.9053003,-0.6022295,0.6807788,0.416965,0.7213703,0.6877887,-0.081065655
1356078520295,-0.35606816,0.23993917,-0.9031305,-0.5975836,0.68455195,0.41747153,0.71840745,0.68834424,-0.10036349
1356078520336,-0.3677408,0.23696007,-0.8992312,-0.5864581,0.6913547,0.42201388,0.72168815,0.68255305,-0.115272164
1356078520376,-0.37873122,0.24353416,-0.89289063,-0.5697138,0.69896317,0.43229237,0.72937566,0.6724147,-0.12597442
1356078520416,-0.39112452,0.25921828,-0.88307846,-0.548326,0.7049937,0.44980264,0.73916185,0.66014373,-0.13360423
1356078520457,-0.40475234,0.28247952,-0.86970156,-0.5222485,0.7093073,0.4734338,0.750621,0.6458238,-0.13956928
1356078520497,-0.4202891,0.3125124,-0.85187626,-0.4912001,0.7110095,0.50317794,0.7629415,0.62992185,-0.14532346
1356078520535,-0.43629462,0.34497917,-0.8310454,-0.4563703,0.7111392,0.5347964,0.77548254,0.61259323,-0.15282792
1356078520578,-0.45517638,0.3742804,-0.8079163,-0.4171753,0.7119646,0.5648639,0.78662527,0.59415543,-0.16792893
1356078520617,-0.48332536,0.39529517,-0.78111356,-0.37401775,0.71348214,0.5924981,0.7915222,0.57851964,-0.19699657
1356078520658,-0.5295652,0.39808518,-0.74905866,-0.32751954,0.71861386,0.6134533,0.7824907,0.5701949,-0.25017226
1356078520695,-0.588857,0.38393438,-0.7112256,-0.2808687,0.7279231,0.6254924,0.75786555,0.56808656,-0.32080746
1356078520736,-0.6524105,0.35626912,-0.6689043,-0.23828036,0.7414281,0.62730134,0.7194325,0.56864464,-0.39882356
1356078520777,-0.6990915,0.32925665,-0.6347134,-0.20857354,0.7551643,0.6214692,0.68393576,0.5668482,-0.45925474
1356078520816,-0.7217025,0.31107587,-0.61836666,-0.19568835,0.76519954,0.61333174,0.6639666,0.5636502,-0.49137253
1356078520855,-0.7213482,0.3037638,-0.622402,-0.19974345,0.7692463,0.60692894,0.66314346,0.5621278,-0.49421966
1356078520898,-0.7005329,0.30398995,-0.6456344,-0.22150557,0.7674167,0.6016701,0.67837226,0.56450135,-0.47026515
1356078520996,-0.66767114,0.3033205,-0.6798617,-0.25608757,0.7639219,0.59231967,0.6990239,0.5695788,-0.43237197
1356078521016,-0.6219318,0.30535144,-0.72108346,-0.3012371,0.75668585,0.58024365,0.7228119,0.57808906,-0.37862384
1356078521018,-0.56949145,0.302777,-0.7642026,-0.35204947,0.7502676,0.55960673,0.7427925,0.5877283,-0.32067853
1356078521056,-0.51531494,0.296636,-0.8040258,-0.40243328,0.74455464,0.5326217,0.75663596,0.5980347,-0.26430392
1356078521100,-0.46143213,0.2876308,-0.83925503,-0.4508682,0.738688,0.50105685,0.764067,0.60959715,-0.2111708
1356078521137,-0.4091642,0.27433226,-0.870245,-0.49490365,0.73454,0.4642427,0.76658654,0.62063897,-0.16477942
1356078521176,-0.36071706,0.25868684,-0.89608264,-0.53287816,0.73134905,0.42564,0.7654567,0.63103855,-0.12596148
1356078521219,-0.31795907,0.2399775,-0.917231,-0.5653346,0.72864807,0.38661194,0.7611168,0.64146924,-0.09601271
1356078521257,-0.28295374,0.21723366,-0.9342091,-0.59334975,0.725619,0.3484438,0.75357366,0.65290624,-0.07642108
1356078521296,-0.25732046,0.19054447,-0.9473537,-0.61788625,0.7213201,0.312912,0.7429689,0.66587543,-0.06787562
1356078521336,-0.2415332,0.1605243,-0.9570233,-0.63918054,0.71573716,0.28136888,0.7301437,0.6796707,-0.0702703
1356078521378,-0.23197892,0.12937286,-0.9640791,-0.65575075,0.7112416,0.253232,0.7184544,0.69094,-0.080156684
1356078521418,-0.22464655,0.101043195,-0.9691874,-0.6657721,0.71034634,0.22837597,0.7115345,0.6965618,-0.092305064
1356078521461,-0.2185636,0.07842681,-0.972666,-0.66790307,0.71467716,0.20770659,0.711432,0.69504374,-0.10382092
1356078521498,-0.21417113,0.06331396,-0.97474205,-0.66397727,0.7224651,0.19281703,0.7164252,0.6885024,-0.11269212
1356078521535,-0.21279784,0.056337565,-0.9754707,-0.65562904,0.7319934,0.18530047,0.72447747,0.67897844,-0.118830085
1356078521577,-0.21586263,0.05783841,-0.97470915,-0.6436653,0.7422122,0.18659072,0.73423314,0.6676644,-0.12298727
1356078521618,-0.22428851,0.06780681,-0.97216094,-0.62816477,0.7526186,0.19741878,0.7450528,0.6549561,-0.12620986
1356078521658,-0.23750071,0.0846059,-0.9676958,-0.60854673,0.76352286,0.21611011,0.757142,0.6402145,-0.12985057
1356078521698,-0.25665164,0.10579835,-0.9606959,-0.58466697,0.77449864,0.24148786,0.76960665,0.62366545,-0.13691956
1356078521740,-0.2866876,0.12446825,-0.94990414,-0.55761987,0.78457975,0.27109897,0.7790188,0.60740614,-0.1555233
1356078521778,-0.33297724,0.13349883,-0.9334368,-0.53080827,0.79164,0.30257013,0.77933866,0.5962249,-0.19273579
1356078521821,-0.40405643,0.11960478,-0.9068811,-0.5082392,0.79494816,0.3312859,0.7605468,0.5947706,-0.2604161
1356078521859,-0.4822315,0.087745875,-0.8716384,-0.4905564,0.7973009,0.3516614,0.72581494,0.59717,-0.3414393
1356078521900,-0.5519737,0.04521349,-0.83263487,-0.4786677,0.8004441,0.36078584,0.6827901,0.5976997,-0.42018187
1356078521966,-0.5934905,0.007743627,-0.8048037,-0.47391358,0.804858,0.3572247,0.6505189,0.59341687,-0.47400576
1356078521983,-0.60243285,-0.01294969,-0.79806453,-0.4750346,0.80932224,0.3454557,0.6414178,0.5872221,-0.49371386
1356078522021,-0.5873315,-0.023605168,-0.8090022,-0.48388565,0.8114921,0.3276207,0.6487654,0.5838865,-0.48803705
1356078522062,-0.551416,-0.019186333,-0.83400977,-0.49685675,0.8106316,0.3098545,0.67012966,0.5852421,-0.45652807
1356078522100,-0.4992662,-0.0053907335,-0.8664318,-0.51320446,0.8075359,0.29070082,0.69810766,0.5897938,-0.4059419
1356078522140,-0.43727875,0.012968153,-0.8992326,-0.5310452,0.80323595,0.26982033,0.72579503,0.59551984,-0.34435135
1356078522180,-0.37142628,0.0317429,-0.9279197,-0.5498085,0.7978216,0.24736887,0.7481665,0.6020574,-0.2788794
1356078522220,-0.3073149,0.046315074,-0.9504801,-0.5697511,0.79105055,0.22276172,0.762195,0.6099951,-0.21671355
1356078522261,-0.24824558,0.05442241,-0.9671672,-0.5910524,0.7825235,0.19573963,0.76748365,0.620238,-0.1620915
1356078522300,-0.19546027,0.054285347,-0.97920805,-0.611973,0.7734677,0.16503578,0.76634485,0.6315068,-0.11796105
1356078522341,-0.15057792,0.046828747,-0.9874884,-0.63198227,0.76355845,0.1325778,0.7602136,0.64403844,-0.08538014
1356078522379,-0.11245048,0.03093183,-0.9931758,-0.6501196,0.75360477,0.0970791,0.7514649,0.65659964,-0.06463385
1356078522420,-0.083097816,0.007695973,-0.99651176,-0.666719,0.7427813,0.06133324,0.7406623,0.6694899,-0.056592464
1356078522461,-0.06268512,-0.022889942,-0.99777085,-0.68264186,0.7302856,0.026133567,0.7280595,0.68275833,-0.06140369
1356078522500,-0.047662362,-0.056393027,-0.9972703,-0.6962364,0.7177753,-0.007313192,0.7162284,0.6939873,-0.07347375
1356078522541,-0.038000733,-0.088097334,-0.99538684,-0.70531034,0.70799744,-0.03573525,0.70787954,0.7006986,-0.0890404
1356078522580,-0.03249398,-0.114079684,-0.99294,-0.7081325,0.70371985,-0.05767727,0.7053314,0.701259,-0.10365021
1356078522622,-0.031872325,-0.13125491,-0.99083614,-0.70544803,0.7052238,-0.070727974,0.70804465,0.6967292,-0.11507064
1356078522660,-0.037581354,-0.13756403,-0.9897797,-0.6992843,0.7111789,-0.07229146,0.71385515,0.6894206,-0.122923434
1356078522700,-0.05114863,-0.13144982,-0.99000233,-0.69101095,0.7203543,-0.059945464,0.7210323,0.68103635,-0.1276784
1356078522740,-0.07317278,-0.11228159,-0.99097866,-0.6800779,0.7324072,-0.03276828,0.72947913,0.6715449,-0.12995249
1356078522780,-0.104543634,-0.07905424,-0.99137324,-0.66476154,0.7469813,0.010535479,0.73970443,0.6601283,-0.13064432
1356078522821,-0.14536768,-0.033534735,-0.98880917,-0.6429708,0.7628073,0.068654954,0.75196856,0.6457557,-0.13244939
1356078522860,-0.19865394,0.02043584,-0.9798566,-0.61481357,0.7759969,0.1408301,0.7632437,0.63040555,-0.1415906
1356078522901,-0.26820737,0.06459674,-0.961193,-0.58266664,0.7836875,0.2152524,0.76717955,0.61778736,-0.1725524
1356078522968,-0.3556008,0.091328174,-0.9301652,-0.54696894,0.786659,0.28634351,0.757874,0.61059546,-0.22978288
1356078522980,-0.45185813,0.09072745,-0.8874643,-0.5105481,0.7894881,0.34065995,0.7315496,0.6070231,-0.31041586
1356078523020,-0.53575283,0.07893117,-0.84067756,-0.47441804,0.79547334,0.3770274,0.6984958,0.6008261,-0.3887307
1356078523060,-0.5920147,0.074984536,-0.8024313,-0.44057757,0.8036032,0.40014166,0.67484075,0.590423,-0.44270837
1356078523244,-0.59918696,0.12002806,-0.7915607,-0.40418285,0.808104,0.42849058,0.6910942,0.5766812,-0.43569207
1356078523245,-0.5883831,0.16519384,-0.79152787,-0.38654524,0.8023401,0.45478913,0.71020293,0.57355154,-0.40822846
1356078523268,-0.5281535,0.26344395,-0.8072492,-0.40829378,0.7547638,0.5134471,0.744547,0.60077363,-0.29106855
1356078523305,-0.4708292,0.313591,-0.8246094,-0.44706416,0.7209863,0.5294454,0.76056135,0.6179316,-0.19926608
1356078523347,-0.4272635,0.34004512,-0.83774424,-0.48380205,0.6967715,0.5295707,0.7637942,0.63156855,-0.13319051
1356078523385,-0.3911796,0.3461905,-0.8527196,-0.5187855,0.68236244,0.51501775,0.760158,0.64384294,-0.0873276
1356078523426,-0.36023104,0.33588195,-0.870297,-0.55157864,0.6756908,0.4890837,0.7523261,0.6562204,-0.058139503
1356078523466,-0.33009893,0.30954027,-0.89175075,-0.58340734,0.6757662,0.45052838,0.7420717,0.66897297,-0.0424816
1356078523507,-0.29827374,0.26773056,-0.9161622,-0.61479914,0.6803263,0.3989715,0.73010606,0.6822584,-0.038322926
1356078523594,-0.26436535,0.21137792,-0.9409731,-0.6455791,0.68605745,0.33548903,0.7164765,0.69616425,-0.044908643
1356078523599,-0.22585851,0.14480796,-0.96333724,-0.6739676,0.6907966,0.26185447,0.70338875,0.7084001,-0.05842644
1356078523626,-0.18588203,0.076726556,-0.9795718,-0.6955417,0.6939025,0.18633595,0.6940242,0.71596956,-0.07561749
1356078523673,-0.14619103,0.014775425,-0.989146,-0.70747244,0.6973256,0.11497739,0.6914556,0.7166022,-0.09148955
1356078523723,-0.1127677,-0.034338713,-0.9930278,-0.70752656,0.7044655,0.055986077,0.69763136,0.708907,-0.10373652
1356078523756,-0.09251943,-0.06524742,-0.99357086,-0.70144624,0.7124815,0.018528908,0.7066919,0.69865084,-0.11168599
1356078523805,-0.085690975,-0.0777666,-0.9932821,-0.6897784,0.72401506,0.0028226078,0.7189317,0.6853864,-0.11568326
1356078523840,-0.10244948,-0.06261665,-0.9927654,-0.6751395,0.73732626,0.023166388,0.73054147,0.6726285,-0.11781365
1356078523875,-0.13019638,-0.031924397,-0.99097407,-0.65671086,0.75158393,0.062067747,0.7428187,0.65886444,-0.11881858
1356078523910,-0.17413066,0.020097017,-0.98451746,-0.6308743,0.76538634,0.127206,0.75609267,0.64325726,-0.120598555
1356078523950,-0.23212038,0.08669171,-0.96881616,-0.59542966,0.77493125,0.21200256,0.7691448,0.62607193,-0.12825853
1356078523991,-0.3061567,0.15259841,-0.9396711,-0.5496881,0.7775564,0.305367,0.7772458,0.61001617,-0.1541726
1356078524030,-0.39743084,0.20514569,-0.8944071,-0.49336472,0.7740579,0.396769,0.7737183,0.5989571,-0.2064228
1356078524073,-0.5065827,0.22565192,-0.8321389,-0.42744118,0.7724587,0.4696825,0.7487776,0.59362346,-0.29486126
1356078524111,-0.60371196,0.22814131,-0.7638609,-0.35939687,0.7773936,0.51622975,0.7115938,0.5861833,-0.3873285
1356078524150,-0.6712613,0.22388601,-0.7065998,-0.3024034,0.78762686,0.536839,0.6767277,0.57403743,-0.4609996
1356078524189,-0.70309365,0.2230296,-0.6752164,-0.26704133,0.7972306,0.54139847,0.659051,0.5609645,-0.50096965
1356078524222,-0.70954394,0.22272557,-0.66853625,-0.25460914,0.803606,0.53795135,0.6570552,0.5519155,-0.5134857
1356078524259,-0.6925703,0.22915839,-0.68398297,-0.26197094,0.8035563,0.5344796,0.67209935,0.54934835,-0.49648643
1356078524300,-0.65321934,0.23594859,-0.7194669,-0.29065773,0.7992672,0.5260133,0.69915843,0.5527207,-0.45351648
1356078524340,-0.5955236,0.23648599,-0.76774085,-0.33627817,0.7945431,0.5055871,0.7295674,0.5592636,-0.39364403
1356078524385,-0.5247018,0.22774258,-0.82025695,-0.39119443,0.79128146,0.46993676,0.7560787,0.56745654,-0.32609516
1356078524427,-0.44597036,0.20855159,-0.8704119,-0.44951636,0.7887465,0.41930184,0.7739804,0.57826054,-0.2580102
1356078524463,-0.365573,0.17632374,-0.9139291,-0.50472474,0.78744525,0.35381195,0.78205454,0.5906267,-0.19887376
1356078524523,-0.29026145,0.13810839,-0.9469289,-0.5539846,0.78260523,0.2839545,0.78028804,0.60700506,-0.15065026
1356078524543,-0.2182315,0.09232828,-0.9715197,-0.596141,0.7755715,0.2076169,0.7726519,0.6244712,-0.11421347
1356078524578,-0.15536135,0.045365095,-0.9868155,-0.6310789,0.7639736,0.13447598,0.7600015,0.64365077,-0.090063035
1356078524617,-0.09950729,-0.0034039319,-0.99503106,-0.65968394,0.7488634,0.06340936,0.7449265,0.6627157,-0.076762915
1356078524659,-0.05549781,-0.05004531,-0.9972038,-0.6839549,0.7295228,0.0014528632,0.7274103,0.68212306,-0.074715674
1356078524700,-0.02208183,-0.093548626,-0.99536973,-0.7042059,0.7081664,-0.05093369,0.70965225,0.69982064,-0.08151513
1356078524741,0.001424849,-0.13090798,-0.99139345,-0.7184385,0.6894699,-0.0920732,0.69558907,0.7123864,-0.09306693
1356078524784,0.015320659,-0.15999603,-0.9869988,-0.724121,0.6789228,-0.12129596,0.68950284,0.7165649,-0.10545492
1356078524821,0.01996123,-0.1781795,-0.9837955,-0.7230838,0.6769811,-0.1372824,0.6904719,0.7141069,-0.11532533
1356078524875,0.015501857,-0.18585977,-0.982454,-0.7162998,0.68348044,-0.14060253,0.69762045,0.7059112,-0.12253612
1356078524900,-5.1659346E-4,-0.17955309,-0.9837482,-0.70764273,0.695153,-0.12650731,0.70657027,0.69607687,-0.12741858
1356078524941,-0.024758853,-0.16165015,-0.98653746,-0.6968998,0.7103165,-0.09889975,0.71674097,0.6850691,-0.13024056
1356078524980,-0.058946274,-0.12934425,-0.98984617,-0.6831777,0.72821766,-0.054473132,0.7278692,0.6730298,-0.13129085
1356078525022,-0.09802127,-0.08718097,-0.9913584,-0.6633565,0.74830353,-2.1669269E-4,0.74185586,0.6576028,-0.13118172
1356078525060,-0.14491367,-0.035489798,-0.98880756,-0.63659006,0.7683974,0.06571585,0.7574649,0.6389882,-0.13394374
1356078525101,-0.20031817,0.012040466,-0.97965693,-0.6036,0.7861015,0.13308445,0.7717122,0.61798024,-0.15020275
1356078525140,-0.27340758,0.045157254,-0.9608378,-0.5671901,0.7991948,0.19895501,0.7768808,0.59937346,-0.19289315
1356078525181,-0.36252636,0.053993776,-0.9304082,-0.5316912,0.8079358,0.2540558,0.7654274,0.5867917,-0.26418996
1356078525220,-0.45445627,0.037369773,-0.8899848,-0.5026882,0.81406283,0.29087144,0.7353733,0.5795733,-0.3511706
1356078525261,-0.52489406,0.009353742,-0.8511162,-0.4853664,0.8181421,0.3083229,0.6992179,0.57494,-0.4248979
1356078525300,-0.5599681,-0.0134127885,-0.8284056,-0.481457,0.818987,0.3121848,0.6742662,0.57365525,-0.4650643
1356078525340,-0.55952257,-0.022206366,-0.8285176,-0.488981,0.8159754,0.3083532,0.6692026,0.5776599,-0.46741515
1356078525381,-0.5257997,-0.0129437,-0.8505099,-0.5044631,0.8098091,0.2995434,0.68487346,0.5865507,-0.43232697
1356078525421,-0.46884108,0.0048600435,-0.8832692,-0.52333105,0.8040414,0.28220925,0.71155655,0.5945535,-0.37442422
1356078525461,-0.39449632,0.029739797,-0.9184162,-0.5402152,0.80100745,0.25798184,0.74333054,0.59791523,-0.2999286
1356078525597,-0.29982048,0.06262033,-0.9519382,-0.55590034,0.79946154,0.22767533,0.7752951,0.59744453,-0.20488429
1356078525598,-0.2070506,0.07066658,-0.97577465,-0.5743984,0.7986037,0.17971788,0.7919574,0.5976941,-0.12476063
1356078525599,-0.13030773,0.06594646,-0.989278,-0.5946778,0.7931856,0.13120566,0.7933336,0.6053988,-0.06414133
1356078525635,-0.06951836,0.04458639,-0.9965838,-0.6228839,0.7783886,0.07827479,0.7792194,0.6261975,-0.026340127
1356078525685,-0.014958054,0.00582543,-0.99987113,-0.65004814,0.7597612,0.014151216,0.7597457,0.6501761,-0.0075777173
1356078525738,0.030126989,-0.037070334,-0.99885845,-0.6719688,0.739042,-0.04769537,0.7399664,0.67263865,-0.0026450157
1356078525763,0.061908267,-0.08137077,-0.9947594,-0.69058496,0.71608603,-0.10155362,0.72059685,0.69325286,-0.011861801
1356078525796,0.083512254,-0.12496716,-0.98863995,-0.70553255,0.69321674,-0.14722243,0.70373976,0.7098125,-0.030276299
1356078525836,0.09508579,-0.16398016,-0.9818703,-0.7157129,0.67428446,-0.18192166,0.69189143,0.72003543,-0.05324787
1356078525867,0.099868596,-0.19304574,-0.976094,-0.7209545,0.66205865,-0.2047019,0.68574834,0.7241627,-0.07305837
1356078525931,0.097039886,-0.21489507,-0.9718042,-0.7174276,0.66166043,-0.21795201,0.6898412,0.7183492,-0.08996421
1356078525965,0.08310071,-0.22190784,-0.97152007,-0.7119514,0.668926,-0.21368945,0.69729435,0.7094328,-0.10239941
1356078525995,0.0620972,-0.2174602,-0.97409195,-0.7056731,0.68062025,-0.19693026,0.7058112,0.6996193,-0.11119121
1356078526062,0.03043013,-0.19684985,-0.9799614,-0.6989076,0.6967039,-0.16165325,0.7145643,0.6898216,-0.11637908
1356078526098,-0.02070421,-0.1493968,-0.9885605,-0.689329,0.7183086,-0.09411761,0.7241524,0.67949486,-0.11785555
1356078526145,-0.087224476,-0.07903671,-0.9930484,-0.6689729,0.74328667,-3.989339E-4,0.7381512,0.6642877,-0.11770624
1356078526179,-0.17569055,0.018221587,-0.9842768,-0.6345879,0.76228046,0.12738395,0.75261605,0.6469903,-0.122362256
1356078526219,-0.26433134,0.10104053,-0.95912457,-0.58803874,0.7713655,0.24332218,0.764421,0.62832004,-0.14448035
1356078526260,-0.36189154,0.1559252,-0.91908765,-0.53057003,0.77620184,0.3405967,0.7665051,0.6108993,-0.19817168
1356078526301,-0.46587583,0.17557502,-0.86725605,-0.46593052,0.78455555,0.40912274,0.7522422,0.5946815,-0.2836997
1356078526340,-0.5610479,0.16844243,-0.81046426,-0.40292293,0.7996954,0.44512963,0.7231033,0.5762937,-0.3807981
1356078526381,-0.6300794,0.1577172,-0.7603454,-0.3492997,0.81693894,0.4589123,0.6935341,0.55473965,-0.4596458
1356078526420,-0.6668808,0.16328838,-0.72705346,-0.30602425,0.82960474,0.46701723,0.67942554,0.53394085,-0.50327724
1356078526460,-0.67481387,0.19174878,-0.7126421,-0.27233967,0.83279335,0.481961,0.685899,0.51931465,-0.50975966
1356078526501,-0.6584614,0.24069382,-0.71308833,-0.25093627,0.823053,0.50952405,0.7095488,0.51444167,-0.4815498
1356078526540,-0.6276123,0.2941884,-0.72080225,-0.24583124,0.80359876,0.54202956,0.7386946,0.5173802,-0.43202776
1356078526602,-0.5850605,0.34913838,-0.7319881,-0.25922114,0.77472925,0.5767139,0.7684455,0.52715933,-0.36275947
1356078526620,-0.5405599,0.39042857,-0.7452252,-0.2878618,0.7464962,0.5998992,0.79052556,0.5388032,-0.29113638
1356078526661,-0.49833277,0.417776,-0.7596892,-0.32730377,0.72074676,0.61106163,0.80283046,0.5531612,-0.22243208
1356078526748,-0.45944434,0.42836654,-0.77808297,-0.38544214,0.6930759,0.60916346,0.80021584,0.57978266,-0.1533193
1356078526755,-0.41543716,0.40644324,-0.8137665,-0.4497928,0.68580264,0.5721549,0.79063165,0.60372066,-0.10209262
1356078526806,-0.37802055,0.36860344,-0.84925383,-0.5099224,0.68273664,0.5233067,0.7727093,0.63087416,-0.070129395
1356078526844,-0.33222842,0.31306806,-0.8897262,-0.5673547,0.6872348,0.45367053,0.7534806,0.6555125,-0.05069834
1356078526885,-0.28728193,0.24833858,-0.92509294,-0.61801445,0.68982095,0.37710106,0.7317972,0.68005514,-0.04469621
1356078526958,-0.24284297,0.16843174,-0.95533144,-0.66583276,0.687257,0.29042137,0.7054744,0.7066177,-0.054748178
1356078526997,-0.18897125,0.07840568,-0.97884744,-0.7063491,0.68161905,0.19096184,0.68217355,0.72749436,-0.07342464
1356078527024,-0.13189368,0.0017047524,-0.9912624,-0.731012,0.67522854,0.098427,0.6694965,0.7376066,-0.087812185
1356078527088,-0.08878355,-0.050002605,-0.9947951,-0.7358284,0.676427,0.031671166,0.6713226,0.73481035,-0.096848905
1356078527118,-0.071184605,-0.072466075,-0.9948274,-0.72857946,0.6849576,0.0022389889,0.68125236,0.72497016,-0.101555705
1356078527147,-0.078875855,-0.067697704,-0.99458313,-0.7151356,0.698926,0.0091407895,0.6945212,0.7119828,-0.103541434
1356078527232,-0.11263041,-0.033464193,-0.9930732,-0.69647425,0.71547997,0.054881364,0.70868754,0.6978313,-0.10389179
1356078527233,-0.17319833,0.034521013,-0.9842818,-0.6689851,0.72933185,0.14329681,0.7228148,0.6832886,-0.10322499
1356078527276,-0.2521565,0.13129686,-0.95873773,-0.62677234,0.7326885,0.26518667,0.7372743,0.6677789,-0.102458894
1356078527317,-0.33988458,0.2440456,-0.9082511,-0.5650875,0.7189788,0.40465477,0.7517676,0.65077734,-0.10646272
1356078527351,-0.42949992,0.35567164,-0.8300767,-0.48399025,0.6853603,0.5440907,0.7624192,0.635436,-0.122220576
1356078527391,-0.51465833,0.42703712,-0.74348235,-0.39451063,0.65194815,0.647553,0.7612412,0.6265803,-0.16705984
1356078527431,-0.5999824,0.4589013,-0.6553096,-0.29803038,0.6319519,0.7154122,0.74242777,0.62453693,-0.2423935
1356078527470,-0.6772798,0.45944017,-0.5746363,-0.20550412,0.6318225,0.7473743,0.70644194,0.62427163,-0.33350372
1356078527511,-0.73231363,0.45111662,-0.5101083,-0.13126151,0.6415326,0.7557819,0.66819686,0.620427,-0.4105888
1356078527551,-0.75855803,0.451841,-0.46949893,-0.08313091,0.64753175,0.7574905,0.6462807,0.6136304,-0.45362848
1356078527609,-0.76075995,0.464125,-0.45368746,-0.061294645,0.64451873,0.76212764,0.6461326,0.60760474,-0.46187568
1356078527631,-0.7413931,0.4891281,-0.45944527,-0.064686015,0.62936795,0.77441055,0.6679461,0.60386235,-0.4349693
1356078527667,-0.70714456,0.51720464,-0.48212644,-0.09106371,0.6095694,0.78748494,0.7011804,0.60076994,-0.38395512
1356078527706,-0.66176873,0.5443295,-0.51552635,-0.1350824,0.589809,0.79616463,0.737438,0.5965154,-0.31678784
1356078527750,-0.61009014,0.56544846,-0.55502975,-0.19140159,0.5745791,0.79575396,0.7688663,0.5917152,-0.24231726
1356078527790,-0.55957586,0.57522833,-0.59664667,-0.25226125,0.5675369,0.78375137,0.78945494,0.58907914,-0.17247212
1356078527830,-0.5161455,0.57271373,-0.6368616,-0.31138033,0.56721234,0.7624385,0.7978948,0.59183544,-0.114432275
1356078527870,-0.4822773,0.55804616,-0.6752726,-0.3659504,0.5720209,0.7340793,0.79592013,0.60114604,-0.07165551
1356078527910,-0.45774242,0.5328789,-0.71169657,-0.41558582,0.5794097,0.70112246,0.7859773,0.6167045,-0.04376352
1356078527950,-0.43848237,0.49982083,-0.74693525,-0.46086943,0.58845353,0.6643206,0.77157795,0.6355325,-0.027674317
1356078527991,-0.4233534,0.46070877,-0.7800764,-0.50180435,0.5976523,0.62530315,0.75429714,0.65617,-0.021832407
1356078528030,-0.40934345,0.41699517,-0.8115127,-0.5386238,0.60746694,0.58383924,0.7364253,0.6760909,-0.024059057
1356078528070,-0.39877945,0.37042552,-0.83890396,-0.5702442,0.6162572,0.5431838,0.7181898,0.69499063,-0.034517705
1356078528110,-0.39009798,0.3244527,-0.8617158,-0.59578127,0.6246074,0.50488645,0.7020458,0.71034926,-0.050355256
1356078528150,-0.38216737,0.28543773,-0.87890464,-0.6127479,0.63367045,0.47223067,0.6917283,0.7190181,-0.06726676
1356078528190,-0.37645036,0.25957292,-0.8893296,-0.6187578,0.64400375,0.44988668,0.68951005,0.71963954,-0.08182269
1356078528235,-0.3778039,0.25124216,-0.8911463,-0.61335444,0.65308475,0.4441584,0.6935854,0.71439326,-0.09263748
1356078528271,-0.39004272,0.2621001,-0.8827062,-0.59685653,0.6580089,0.45911512,0.70116264,0.70592344,-0.100215435
1356078528311,-0.41660884,0.29385737,-0.8602819,-0.5682491,0.6544814,0.49874556,0.7095985,0.6966362,-0.10567856
1356078528351,-0.45445448,0.3435371,-0.82185966,-0.5268634,0.6402848,0.55897254,0.718252,0.6870354,-0.109983146
1356078528390,-0.4985493,0.40692446,-0.76541555,-0.4718292,0.6133386,0.63339794,0.7272041,0.67692554,-0.11378074
1356078528431,-0.53879726,0.4719053,-0.69785595,-0.40786463,0.5786952,0.7062283,0.7371187,0.6651446,-0.119325876
1356078528471,-0.5754451,0.5311828,-0.6218583,-0.33584735,0.53981584,0.7718843,0.74570066,0.6530266,-0.13223803
1356078528511,-0.6122506,0.5710922,-0.5468116,-0.25818282,0.5092713,0.8209655,0.74732244,0.64381397,-0.16435552
1356078528550,-0.6578039,0.58681357,-0.4721694,-0.1695765,0.4954119,0.85194534,0.73385143,0.64048177,-0.22637403
1356078528590,-0.70780414,0.58223414,-0.40002072,-0.07442865,0.50165534,0.86185974,0.70247674,0.63980097,-0.3117388
1356078528723,-0.7501677,0.5681279,-0.33834785,0.012308449,0.5235895,0.85188174,0.66113317,0.6348896,-0.3997727
1356078528724,-0.7730277,0.5589644,-0.29997838,0.071214065,0.54634917,0.8345245,0.63036245,0.6237478,-0.4621492
1356078528724,-0.7817657,0.5555027,-0.28330052,0.10373247,0.5638404,0.8193433,0.6148837,0.61114705,-0.49841475
1356078528893,-0.7719637,0.5654409,-0.29042822,0.10917553,0.5680357,0.8157304,0.62622094,0.59800667,-0.5002353
1356078528894,-0.7567973,0.57332015,-0.31394574,0.093918085,0.57068825,0.8157784,0.6468673,0.5878936,-0.48574042
1356078528953,-0.7364905,0.58141667,-0.3457403,0.064908266,0.5694947,0.81942827,0.6733265,0.58105975,-0.4571662
1356078528954,-0.7113669,0.5885366,-0.38416377,0.023414344,0.5661447,0.8239733,0.7024307,0.5771524,-0.41651678
1356078529000,-0.6784168,0.5954205,-0.43037784,-0.03482279,0.5590859,0.8283782,0.73385155,0.5769726,-0.358559
1356078529001,-0.64055574,0.59689957,-0.48311418,-0.10594171,0.5544199,0.8254665,0.7605687,0.57993925,-0.29190034
1356078529002,-0.6023965,0.5910835,-0.5364129,-0.17641231,0.5568203,0.81168336,0.7784582,0.5835851,-0.23115218
1356078529003,-0.5680239,0.58085275,-0.58305997,-0.24308203,0.5584347,0.79313415,0.7862951,0.5922505,-0.17600942
1356078529016,-0.5380159,0.56494534,-0.62560016,-0.304252,0.5619869,0.7691563,0.78611034,0.60415846,-0.13047212
1356078529046,-0.5116096,0.5464048,-0.6630969,-0.35716832,0.5666622,0.74251246,0.78146434,0.61671364,-0.09475142
1356078529077,-0.4905123,0.5273488,-0.69375855,-0.40112466,0.570123,0.7169789,0.7736257,0.62997067,-0.068119764
1356078529115,-0.4806543,0.50734663,-0.7152419,-0.43618864,0.5692514,0.6969163,0.7607306,0.64695615,-0.05231434
1356078529147,-0.47617546,0.486861,-0.73227274,-0.46463305,0.56770194,0.6795812,0.7465743,0.66383797,-0.044114053
1356078529186,-0.48474637,0.46584314,-0.7402779,-0.4840119,0.56209683,0.6706562,0.7285284,0.68340135,-0.047000766
1356078529215,-0.4955604,0.44524223,-0.74577427,-0.49836087,0.5574689,0.66397655,0.7113763,0.7007052,-0.054368258
1356078529257,-0.51101553,0.42568707,-0.7467621,-0.50534695,0.5539844,0.6616085,0.6953327,0.7154662,-0.067974925
1356078529285,-0.5204253,0.40824434,-0.74999607,-0.51087296,0.554924,0.65655786,0.6842269,0.724842,-0.08023548
1356078529327,-0.5206002,0.3945286,-0.75718075,-0.5137514,0.5635685,0.6468772,0.6819348,0.7257671,-0.0907042
1356078529355,-0.51510775,0.38337585,-0.7666074,-0.51627636,0.5751673,0.63454014,0.6841949,0.72263783,-0.09834528
1356078529398,-0.50264764,0.37535462,-0.7787517,-0.5168494,0.59161353,0.6187569,0.6929733,0.7135141,-0.10337138
1356078529426,-0.49073395,0.3698982,-0.7888951,-0.51557904,0.606611,0.6051457,0.7023948,0.7037033,-0.10697281
1356078529457,-0.47977248,0.3665436,-0.79716015,-0.51260036,0.6202735,0.5937186,0.71208096,0.69347435,-0.109699726
1356078529486,-0.4700536,0.36548302,-0.8034126,-0.50766885,0.6326545,0.58482534,0.7220263,0.68276685,-0.11183715
1356078529526,-0.4598527,0.36679515,-0.8087006,-0.4997532,0.6458891,0.5771256,0.7340178,0.66954356,-0.11370677
1356078529556,-0.45197806,0.37093043,-0.8112499,-0.4884963,0.6580306,0.5730332,0.74638265,0.6552911,-0.116217196
1356078529598,-0.44947016,0.37517494,-0.8106913,-0.47114015,0.6714796,0.5719634,0.758949,0.63902974,-0.12505007
1356078529641,-0.46558964,0.37765872,-0.800375,-0.44339794,0.68314123,0.5802726,0.7659142,0.6250536,-0.15061033
1356078529680,-0.5125108,0.37399366,-0.7729564,-0.40237895,0.6906148,0.60095125,0.7585671,0.6190153,-0.20346034
1356078529710,-0.5719316,0.362303,-0.7359557,-0.3568978,0.6979066,0.6209271,0.738592,0.6177888,-0.26984966
1356078529749,-0.64782596,0.34039754,-0.6815064,-0.3026355,0.7059893,0.6403053,0.69909453,0.6210544,-0.3543418
1356078529791,-0.708477,0.31041667,-0.63379955,-0.25945124,0.7206173,0.6429586,0.656312,0.61996144,-0.43000287
1356078529829,-0.7384695,0.28011832,-0.6133486,-0.24244669,0.7384851,0.6291735,0.6291919,0.61332977,-0.477435
1356078529863,-0.74382305,0.2524874,-0.6188516,-0.24921389,0.7543614,0.6073149,0.6201771,0.60596126,-0.49818802
1356078529900,-0.7256063,0.23146375,-0.6480124,-0.27548406,0.76524854,0.5818103,0.6305585,0.6006823,-0.49150455
1356078529941,-0.6841523,0.21467057,-0.697031,-0.31882122,0.77152705,0.5505443,0.655964,0.5988844,-0.45940048
1356078529980,-0.6220115,0.19975895,-0.75709844,-0.37230647,0.77516294,0.5104021,0.68883204,0.59934866,-0.4077887
1356078530012,-0.55301243,0.18279831,-0.81287265,-0.4225012,0.779361,0.46269765,0.7181016,0.59931725,-0.35376376
1356078530055,-0.47515655,0.1701492,-0.86329335,-0.46831912,0.7817104,0.4118325,0.7449184,0.5999817,-0.29175067
1356078530093,-0.39241153,0.15616158,-0.9064362,-0.5099896,0.78318596,0.355711,0.76545656,0.6018582,-0.2276904
1356078530131,-0.31273878,0.13859403,-0.9396734,-0.54532504,0.7838069,0.29709816,0.7776985,0.60534155,-0.16954803
1356078530171,-0.24098428,0.118215084,-0.9633026,-0.57560086,0.78174025,0.23992902,0.7814156,0.6122969,-0.120342374
1356078530210,-0.17763521,0.0926463,-0.9797257,-0.6023835,0.7770175,0.18269634,0.77819014,0.62262386,-0.0822171
1356078530252,-0.12514085,0.063149124,-0.99012727,-0.62821615,0.7673805,0.12834197,0.767909,0.63807476,-0.05635935
1356078530289,-0.08045678,0.028669745,-0.9963457,-0.65257907,0.7540597,0.07439497,0.753437,0.6561799,-0.04195994
1356078530330,-0.047018632,-0.007600218,-0.9988651,-0.6758131,0.73660696,0.026207179,0.73557186,0.67627835,-0.039770603
1356078530370,-0.023305923,-0.044477493,-0.99873847,-0.69641984,0.7174628,-0.015700042,0.717256,0.69517535,-0.047696173
1356078530420,-0.0048354864,-0.076826096,-0.99703276,-0.711414,0.700952,-0.0505614,0.7027565,0.7090585,-0.058044612
1356078530433,0.0068514943,-0.10253835,-0.99470544,-0.7203054,0.68947715,-0.07603556,0.6936232,0.71701264,-0.06913495
1356078530470,0.009771645,-0.12167975,-0.99252135,-0.7211963,0.6866897,-0.09128627,0.6926618,0.7166947,-0.08104491
1356078530507,0.0011409819,-0.12902054,-0.9916413,-0.71696615,0.69117546,-0.09075242,0.6971071,0.71107674,-0.09171474
1356078530536,-0.01871404,-0.122594595,-0.99228036,-0.7113652,0.6990266,-0.0729475,0.7025733,0.7045086,-0.10029113
1356078530581,-0.045274444,-0.10677168,-0.9932522,-0.70362973,0.70919305,-0.044163257,0.70912296,0.69688237,-0.10723603
1356078530621,-0.08808491,-0.07058972,-0.9936086,-0.6923424,0.72149813,0.010119289,0.71617246,0.6888088,-0.11242533
1356078530660,-0.14461114,-0.0145614445,-0.98938143,-0.67413425,0.733379,0.087739915,0.724314,0.679664,-0.11587119
1356078530701,-0.21120274,0.058389664,-0.9756967,-0.6453083,0.7414181,0.18405522,0.7341461,0.6684982,-0.11891019
1356078530740,-0.28545552,0.13998532,-0.9481135,-0.6036022,0.74216163,0.29130825,0.7444324,0.6554389,-0.12735873
1356078530771,-0.36308175,0.22028933,-0.9053421,-0.55050206,0.73321295,0.399182,0.75174415,0.64332837,-0.14494652
1356078530810,-0.45087776,0.2733971,-0.84968424,-0.48812383,0.72145677,0.491157,0.7472913,0.6362029,-0.19183719
1356078530851,-0.54971975,0.30039954,-0.7794667,-0.413988,0.71248454,0.5665508,0.7255495,0.634134,-0.26730502
1356078530891,-0.6420706,0.303645,-0.70394963,-0.3374815,0.71252126,0.6151583,0.68836874,0.632545,-0.35501432
1356078530932,-0.70666385,0.2989547,-0.64128953,-0.27488598,0.7191564,0.6381628,0.65196925,0.6272481,-0.42602336
1356078530972,-0.737604,0.30020267,-0.6048296,-0.23560925,0.72501063,0.6471846,0.63279444,0.61986935,-0.46404022
1356078531011,-0.741768,0.308383,-0.5955503,-0.22100627,0.7260097,0.6512035,0.6331954,0.6146623,-0.47037625
1356078531052,-0.72093654,0.32799318,-0.61046785,-0.22972827,0.71798277,0.65705824,0.65381604,0.61393905,-0.44227076
1356078531090,-0.6849126,0.3477546,-0.64028233,-0.25663948,0.7073004,0.6586822,0.6819318,0.61546147,-0.3951915
1356078531130,-0.6360463,0.3683376,-0.67806536,-0.29607967,0.69496894,0.65525186,0.71258825,0.6175319,-0.3329752
1356078531170,-0.57997465,0.38364956,-0.7186394,-0.34285834,0.6852695,0.6425371,0.73897064,0.6190467,-0.26590145
1356078531211,-0.52334434,0.39040023,-0.75742877,-0.39105618,0.6797088,0.6205409,0.75709033,0.62095374,-0.20305336
1356078531254,-0.47102487,0.387663,-0.79237175,-0.43664837,0.67802626,0.5912855,0.7664684,0.62449807,-0.1500948
1356078531294,-0.4246386,0.3759644,-0.82360953,-0.47797745,0.6794969,0.55661607,0.76890796,0.63002753,-0.10883808
1356078531336,-0.38442564,0.35693228,-0.8513614,-0.51431096,0.68303883,0.51859635,0.7666167,0.6372263,-0.07900345
1356078531375,-0.34902024,0.33127823,-0.87660694,-0.54577696,0.68855596,0.47751257,0.7617824,0.6450934,-0.059515953
1356078531416,-0.3229107,0.30005047,-0.897607,-0.57327104,0.69262254,0.43776062,0.7530531,0.6559297,-0.05164504
1356078531454,-0.30401754,0.26303586,-0.915634,-0.5997015,0.6939577,0.3984732,0.74022394,0.6702499,-0.053232312
1356078531495,-0.29669872,0.2217696,-0.9288639,-0.62699807,0.68841326,0.36463755,0.7203077,0.6905834,-0.065202236
1356078531534,-0.2892931,0.1821815,-0.9397444,-0.6518481,0.6814375,0.33277184,0.70100194,0.7088391,-0.078380525
1356078531574,-0.28274953,0.14978531,-0.9474266,-0.6706339,0.6753197,0.30690968,0.6857864,0.722155,-0.09049523
1356078531613,-0.27698466,0.12851429,-0.9522413,-0.68030655,0.67363083,0.28879833,0.6785737,0.7278087,-0.09915626
1356078531689,-0.27570233,0.119531065,-0.9537822,-0.6816063,0.6753365,0.28166193,0.67779124,0.7277588,-0.104718685
1356078531690,-0.2784139,0.121388555,-0.95275944,-0.6749937,0.6809727,0.2840066,0.68327826,0.722178,-0.10765576
1356078531715,-0.28974468,0.13717255,-0.94722307,-0.65984106,0.6882603,0.30150858,0.69329476,0.7123773,-0.10890764
1356078531748,-0.31256172,0.1674724,-0.93501765,-0.63763064,0.6926179,0.3372057,0.70408255,0.7015936,-0.10970026
1356078531796,-0.336014,0.20337145,-0.9196384,-0.608729,0.6981838,0.37681347,0.7187097,0.68642515,-0.11080146
1356078531833,-0.36789995,0.25300804,-0.89478296,-0.56891394,0.69990593,0.4318201,0.7355178,0.6679211,-0.11355555
1356078531874,-0.4030516,0.3056359,-0.8626332,-0.51967263,0.69944674,0.49062675,0.75331914,0.6460348,-0.12308258
1356078531912,-0.44765294,0.35615933,-0.8202179,-0.4608882,0.6941368,0.5529522,0.7662825,0.62555945,-0.14658278
1356078531964,-0.53111887,0.3887762,-0.7528384,-0.37927845,0.68543935,0.621547,0.7576678,0.6156508,-0.21659535
1356078532003,-0.61922187,0.4127361,-0.6679919,-0.28381798,0.67554814,0.68050134,0.73212814,0.6109694,-0.30117226
1356078532045,-0.69878113,0.42156076,-0.5779199,-0.18644637,0.67264223,0.71609366,0.69061035,0.6081438,-0.3914312
1356078532083,-0.74696773,0.42537737,-0.5109729,-0.112095,0.6769646,0.72742945,0.65534264,0.6006438,-0.45798802
