1356079427642,0.68168294,0.2344576,-0.6930642,-0.6844866,-0.1302248,-0.7173001,-0.25843066,0.9633644,0.07171112
1356079427680,0.16484815,0.117140174,-0.97933817,-0.951859,-0.2412728,-0.18908167,-0.25843677,0.9633616,0.071727544
1356079427722,0.16484094,0.11720881,-0.97933114,-0.95185685,-0.24127251,-0.18909258,-0.25844905,0.96335334,0.07179445
1356079427760,0.16486579,0.117272645,-0.97931933,-0.9518744,-0.24117708,-0.18912622,-0.25836876,0.96336937,0.07186705
1356079427800,0.16502225,0.117067814,-0.9793175,-0.95197237,-0.24073797,-0.18919224,-0.25790733,0.96350414,0.071718305
1356079427841,0.16547203,0.11613789,-0.97935224,-0.95223045,-0.23962551,-0.18930578,-0.2566634,0.9638939,0.070938766
1356079427880,0.16641939,0.11399582,-0.97944355,-0.95269346,-0.23760134,-0.18952829,-0.25432244,0.9646506,0.06906155
1356079427920,0.16801536,0.110416025,-0.9795811,-0.9533434,-0.23462903,-0.189962,-0.250813,0.9657937,0.065843105
1356079427960,0.17019367,0.10562825,-0.979733,-0.95411515,-0.2309134,-0.19063899,-0.24637035,0.96722364,0.061481506
1356079428002,0.17263591,0.09998,-0.97989845,-0.9549624,-0.22676176,-0.19137946,-0.24133754,0.9688051,0.056329876
1356079428040,0.17479855,0.09423512,-0.9800843,-0.95579654,-0.22278261,-0.19188735,-0.23642829,0.9703028,0.051127583
1356079428080,0.1762163,0.08868688,-0.9803481,-0.95664793,-0.21918786,-0.19178501,-0.23188922,0.9716437,0.04621762
1356079428122,0.17650318,0.08383635,-0.98072326,-0.9575701,-0.21599704,-0.1908007,-0.2278293,0.9727882,0.042154998
1356079428160,0.1755842,0.08019367,-0.98119277,-0.9586326,-0.2128914,-0.18894681,-0.22403985,0.9737793,0.039495885
1356079428200,0.1736607,0.07822323,-0.981694,-0.9599161,-0.20925015,-0.18648171,-0.2200068,0.97472847,0.038749218
1356079428240,0.1710698,0.078510016,-0.98212594,-0.9614779,-0.2043857,-0.18381163,-0.21516353,0.975737,0.040521383
1356079428280,0.16819125,0.08190775,-0.9823456,-0.96331143,-0.19777954,-0.18142313,-0.20914781,0.9768185,0.045637876
1356079428320,0.16542155,0.089288265,-0.9821727,-0.9653591,-0.18910491,-0.17978108,-0.20178601,0.97788906,0.054913223
1356079428360,0.16315985,0.10128221,-0.98138714,-0.96756864,-0.17800617,-0.17923322,-0.19284618,0.97880316,0.06895411
1356079428400,0.16178,0.11829284,-0.9797112,-0.9698359,-0.16437644,-0.17999652,-0.18233374,0.9792789,0.088131845
1356079428440,0.16159332,0.14061132,-0.9767887,-0.97190917,-0.14894933,-0.18222776,-0.17111522,0.9787966,0.11259213
1356079428480,0.16289139,0.16797787,-0.9722396,-0.9734866,-0.13302821,-0.18608415,-0.1605933,0.97677374,0.14185503
1356079428520,0.16629851,0.19873148,-0.9658419,-0.9743361,-0.11757225,-0.1919527,-0.15170327,0.9729761,0.17407924
1356079428580,0.17271286,0.23106241,-0.9574865,-0.97431386,-0.102541745,-0.20049372,-0.14450893,0.96752024,0.20741701
1356079428602,0.18354625,0.2631706,-0.9471283,-0.9731604,-0.08741301,-0.21287975,-0.13881505,0.960781,0.24006285
1356079428642,0.19921428,0.29476538,-0.9345732,-0.97068036,-0.071551204,-0.22947827,-0.13451204,0.9528872,0.27186888
1356079428682,0.21979922,0.3264375,-0.9193078,-0.966625,-0.054267347,-0.25038224,-0.13162258,0.9436597,0.30361474
1356079428722,0.244452,0.3586522,-0.900895,-0.9608896,-0.035087824,-0.2746999,-0.13013217,0.9328116,0.3360479
1356079428752,0.27097154,0.3893909,-0.88031197,-0.95384234,-0.014375031,-0.29996368,-0.12945768,0.9209604,0.3675223
1356079428792,0.2941892,0.42265838,-0.8572122,-0.94694775,0.007473588,-0.32130086,-0.129394,0.90625834,0.40243396
1356079428822,0.31577086,0.45451346,-0.8328903,-0.9401133,0.031122208,-0.3394384,-0.12835798,0.89019597,0.43712163
1356079428862,0.3328036,0.4865826,-0.8077618,-0.9349983,0.058942854,-0.34971973,-0.12255579,0.8716439,0.47457033
1356079428892,0.34471524,0.513118,-0.78605425,-0.93188953,0.08631945,-0.35232234,-0.11293113,0.8539666,0.5079249
1356079428922,0.35230696,0.5321218,-0.76988715,-0.93057823,0.11170232,-0.34863544,-0.09951836,0.8392669,0.53453445
1356079428962,0.35523415,0.5392443,-0.7635603,-0.9311507,0.13224542,-0.33980805,-0.08226216,0.8317011,0.54909575
1356079429002,0.34874034,0.5341708,-0.770092,-0.93468255,0.13781238,-0.32768312,-0.06891057,0.83406794,0.54734087
1356079429042,0.33225954,0.5179437,-0.78824997,-0.9410127,0.12530863,-0.31431356,-0.06402218,0.8461869,0.5290265
1356079429082,0.3054778,0.4897282,-0.8166086,-0.9497397,0.09510505,-0.29824418,-0.06839496,0.8666726,0.4941668
1356079429122,0.26705778,0.44816327,-0.8531294,-0.96032643,0.04996735,-0.27436528,-0.08033189,0.89255404,0.4437273
1356079429162,0.21649373,0.39259872,-0.8938662,-0.97142327,-0.0046231747,-0.23730859,-0.097299546,0.91969824,0.38037863
1356079429192,0.15540123,0.33149537,-0.9305704,-0.9812093,-0.057258606,-0.18425485,-0.11436278,0.94171774,0.31636822
1356079429222,0.09185988,0.26587623,-0.9596205,-0.98715407,-0.10219741,-0.12281078,-0.13072321,0.9585747,0.25307295
1356079429262,0.025696874,0.1927121,-0.98091877,-0.9889705,-0.13827652,-0.053073734,-0.14586607,0.97146356,0.18703339
1356079429302,-0.048776746,0.11863905,-0.9917387,-0.9865193,-0.161008,0.029259115,-0.15620652,0.9797965,0.12489316
1356079429342,-0.12662101,0.051861674,-0.9905945,-0.9789945,-0.1674127,0.11637354,-0.1598028,0.98452187,0.071970254
1356079429382,-0.2041794,-0.0015088618,-0.9789323,-0.9662193,-0.16033435,0.20177495,-0.15726095,0.9870616,0.031279087
1356079429439,-0.27877897,-0.039272696,-0.95955193,-0.9484973,-0.14526969,0.28151286,-0.15044954,0.9886123,0.0032480955
1356079429460,-0.34989738,-0.06244594,-0.9347044,-0.92606086,-0.12750769,0.3551803,-0.1413616,0.98986983,-0.013214111
1356079429501,-0.41716254,-0.07281247,-0.90591043,-0.89936364,-0.110434055,0.42302394,-0.13084477,0.9912127,-0.019415975
1356079429538,-0.4804088,-0.072098434,-0.87407625,-0.8689981,-0.095561326,0.48550016,-0.118531704,0.9928091,-0.016744912
1356079429580,-0.538898,-0.061389416,-0.84013116,-0.83598816,-0.0835675,0.54234695,-0.103502005,0.99460936,-0.006286502
1356079429608,-0.5925921,-0.047306687,-0.8041124,-0.8006176,-0.07518512,0.5944398,-0.088578224,0.99604684,0.0066794753
1356079429651,-0.6379583,-0.028022736,-0.7695608,-0.76655614,-0.072259724,0.6380988,-0.07348955,0.99699205,0.024617732
1356079429690,-0.68025744,-0.012104601,-0.7328733,-0.7301607,-0.07631713,0.679,-0.06414977,0.9970101,0.043076932
1356079429730,-0.7179404,-0.005598128,-0.696082,-0.6931002,-0.08705431,0.7155652,-0.06460282,0.9961878,0.058619857
1356079429771,-0.74966586,-0.009745777,-0.66174483,-0.6576055,-0.10164791,0.74647355,-0.0745399,0.9947728,0.069793046
1356079429810,-0.77423763,-0.021444589,-0.63253146,-0.62641454,-0.11668855,0.77070653,-0.09033668,0.99293697,0.07691151
1356079429850,-0.790681,-0.0361692,-0.6111591,-0.60260236,-0.13034624,0.7873248,-0.10813916,0.9908086,0.08126658
1356079429890,-0.79825234,-0.050477862,-0.6002042,-0.58900034,-0.143008,0.7953786,-0.12598303,0.9884334,0.08442497
1356079429930,-0.7960019,-0.06218019,-0.6020918,-0.5880312,-0.15642709,0.7935678,-0.1435277,0.9857303,0.087952435
1356079429970,-0.7824815,-0.06926018,-0.6188098,-0.6015291,-0.17270023,0.77995974,-0.16088882,0.98253626,0.09347284
1356079430010,-0.7559993,-0.068452775,-0.6509832,-0.63005114,-0.19355983,0.7520439,-0.17748374,0.9786975,0.1032024
1356079430050,-0.71615714,-0.05396858,-0.6958494,-0.6713046,-0.21953493,0.7079227,-0.19096884,0.9741107,0.12099218
1356079430090,-0.6668249,-0.017463833,-0.7450098,-0.7189574,-0.2479617,0.64931905,-0.19607347,0.96861243,0.15279126
1356079430131,-0.6184014,0.0474914,-0.78442603,-0.7636483,-0.27196693,0.58555555,-0.18552905,0.96113396,0.20445144
1356079430170,-0.58106446,0.13425863,-0.8027071,-0.798467,-0.28494656,0.5303357,-0.15752652,0.94909436,0.27277339
1356079430210,-0.55706275,0.22262833,-0.8000735,-0.82169306,-0.28745323,0.4921291,-0.12042189,0.9315617,0.34306172
1356079430250,-0.5359763,0.2896591,-0.7929861,-0.8394121,-0.28308272,0.463952,-0.09009272,0.91430944,0.39486897
1356079430290,-0.5075587,0.3258145,-0.7976397,-0.85825527,-0.27288085,0.4346654,-0.0760403,0.90519667,0.41813496
1356079430330,-0.4681555,0.33356342,-0.81827,-0.88025844,-0.2570519,0.39883503,-0.077301145,0.9070059,0.41396233
1356079430370,-0.4195974,0.31835455,-0.850052,-0.90342253,-0.23738337,0.3570389,-0.08812323,0.9177687,0.3872142
1356079430410,-0.36619496,0.2847197,-0.8859097,-0.9247639,-0.21724528,0.3124358,-0.10350308,0.93366975,0.34285265
1356079430450,-0.3140509,0.23740453,-0.9192448,-0.94174296,-0.2006669,0.26991287,-0.12038344,0.95045877,0.28659368
1356079430490,-0.26988292,0.18195927,-0.94554436,-0.95315945,-0.1897583,0.23553962,-0.13656631,0.9648226,0.22464874
1356079430531,-0.23949897,0.12379819,-0.96297157,-0.9592647,-0.18324256,0.21501964,-0.1498383,0.9752416,0.16264161
1356079430594,-0.2288332,0.068294585,-0.9710671,-0.96048933,-0.17817318,0.2138097,-0.15841603,0.9816263,0.106368184
1356079430612,-0.23924464,0.019144654,-0.9707706,-0.9574252,-0.17100352,0.23258322,-0.1615524,0.9850845,0.059241176
1356079430652,-0.27250183,-0.021215051,-0.96192133,-0.9488902,-0.15951407,0.2723283,-0.15921748,0.9869677,0.023337126
1356079430691,-0.32832628,-0.050718635,-0.9432018,-0.93230474,-0.14295971,0.33222044,-0.15168968,0.9884281,-3.477931E-4
1356079430732,-0.40479785,-0.067499906,-0.91191137,-0.9037205,-0.122482836,0.4102281,-0.13938388,0.9901725,-0.01142025
1356079430772,-0.49711406,-0.07012567,-0.8648468,-0.8589864,-0.10100913,0.5019358,-0.122556,0.99241096,-0.0100239515
1356079430802,-0.5917825,-0.06416622,-0.8035398,-0.79923844,-0.083058536,0.59524727,-0.10493559,0.9944768,-0.0021315813
1356079430842,-0.6775049,-0.046791136,-0.73402834,-0.7305472,-0.07302207,0.6789467,-0.08536896,0.9962321,0.015289724
1356079430882,-0.75166154,-0.029221416,-0.65890133,-0.65578336,-0.07348853,0.7513638,-0.07037762,0.99686784,0.03607565
1356079430922,-0.8061195,-0.020228863,-0.59140706,-0.5881533,-0.082677126,0.80451244,-0.0651702,0.9963711,0.054749906
1356079430962,-0.8414076,-0.021821529,-0.5399602,-0.53585565,-0.09563029,0.83887637,-0.06994213,0.99517775,0.068770945
1356079431002,-0.86163074,-0.030602112,-0.5066123,-0.5010123,-0.10824031,0.8586447,-0.08111222,0.99365366,0.077931166
1356079431042,-0.8700313,-0.04219514,-0.4911874,-0.48374844,-0.119008064,0.8670782,-0.0950418,0.9919963,0.08312899
1356079431081,-0.8677545,-0.05358772,-0.49409568,-0.48467797,-0.12869859,0.8651728,-0.10995203,0.9902349,0.085705936
1356079431122,-0.85385215,-0.06296298,-0.51669335,-0.50512874,-0.13934177,0.851721,-0.12562391,0.98824054,0.087172925
1356079431161,-0.8254944,-0.068261325,-0.5602673,-0.5462108,-0.15342706,0.82347673,-0.14217179,0.9857995,0.089368045
1356079431192,-0.7788027,-0.065813005,-0.6238068,-0.60708225,-0.17117918,0.7759824,-0.15785252,0.98303926,0.09336096
1356079431231,-0.7232519,-0.052865773,-0.68855786,-0.66884327,-0.19459027,0.71748406,-0.17191702,0.979459,0.105378866
1356079431272,-0.6541023,-0.018190295,-0.7561873,-0.73471606,-0.22240794,0.6408798,-0.17983985,0.97478396,0.13211286
1356079431312,-0.5890053,0.04222223,-0.80702543,-0.78864384,-0.24800444,0.5626143,-0.17639104,0.9678384,0.17937416
1356079431351,-0.54462844,0.121504605,-0.8298292,-0.82313895,-0.2670231,0.50113964,-0.16069275,0.9559996,0.24544352
1356079431392,-0.5188403,0.203127,-0.83038795,-0.8433883,-0.28030068,0.45839685,-0.13964549,0.9381743,0.31674618
1356079431432,-0.49076092,0.2688253,-0.8287862,-0.8623595,-0.28573775,0.41795918,-0.12445748,0.9198297,0.37205303
1356079431472,-0.4462694,0.30996555,-0.8395028,-0.8868045,-0.27906173,0.36837786,-0.12008867,0.90887064,0.39941564
1356079431512,-0.38302517,0.3263216,-0.8641794,-0.9153917,-0.25956124,0.3077111,-0.12389469,0.9089236,0.3981305
1356079431583,-0.3060369,0.3204541,-0.89646554,-0.9429761,-0.23151809,0.23915535,-0.13090968,0.918536,0.37303367
1356079431587,-0.23634923,0.30143204,-0.9237303,-0.9619125,-0.2069596,0.17858353,-0.13734406,0.93075585,0.338866
1356079431617,-0.15744,0.2680076,-0.95046556,-0.9770944,-0.1818192,0.11058244,-0.14317587,0.9461045,0.29049423
1356079431661,-0.08793318,0.2233521,-0.97076344,-0.98511827,-0.16397965,0.05150518,-0.14768162,0.9608457,0.23444748
1356079431700,-0.039752245,0.17440733,-0.98387086,-0.9879575,-0.15421307,0.012580574,-0.14953163,0.9725227,0.17843738
1356079431740,-0.016506612,0.12603459,-0.9918885,-0.9889121,-0.14848226,-0.0024098456,-0.14758158,0.9808508,0.12708807
1356079431780,-0.019807577,0.08087045,-0.9965278,-0.9897018,-0.14291626,0.008073956,-0.14176717,0.9864253,0.082868546
1356079431820,-0.05002761,0.040625393,-0.9979212,-0.9898259,-0.13527215,0.044114828,-0.13319883,0.9899752,0.046979427
1356079431860,-0.10605174,0.00662297,-0.9943385,-0.98665726,-0.12493175,0.10440037,-0.12353301,0.99214315,0.019783854
1356079431900,-0.18423027,-0.020199865,-0.98267543,-0.9762471,-0.1122213,0.18533191,-0.114020795,0.9934778,9.545088E-4
1356079431940,-0.27926219,-0.039125413,-0.95941746,-0.9544853,-0.0976786,0.28180993,-0.10474047,0.99444866,-0.010066688
1356079431980,-0.3856094,-0.048934788,-0.92136353,-0.9178461,-0.08155149,0.3884686,-0.09414822,0.99546707,-0.01346761
1356079432020,-0.49763858,-0.048094004,-0.86605006,-0.86366284,-0.06491929,0.49987203,-0.08026421,0.99673086,-0.009230673
1356079432060,-0.60612947,-0.03747627,-0.7944825,-0.792804,-0.05164182,0.60728484,-0.06378734,0.9979622,0.0015903115
1356079432100,-0.6981283,-0.022773206,-0.7156105,-0.71428174,-0.046500683,0.6983118,-0.049179167,0.99865866,0.016196907
1356079432140,-0.76522017,-0.0116018355,-0.643664,-0.64243865,-0.050471365,0.76467323,-0.041358232,0.99865806,0.031168282
1356079432180,-0.8079945,-0.008088052,-0.5891346,-0.5876918,-0.06020075,0.80684215,-0.041992098,0.9981535,0.04388851
1356079432220,-0.8313788,-0.011624515,-0.5555843,-0.5534897,-0.07188022,0.82974833,-0.04958102,0.9973455,0.053325772
1356079432260,-0.83991927,-0.018676907,-0.5423899,-0.53930306,-0.08310741,0.83800083,-0.06072791,0.9963656,0.059731007
1356079432300,-0.835268,-0.025890201,-0.5492332,-0.54497063,-0.09370339,0.83320266,-0.073036805,0.9952635,0.06415808
1356079432340,-0.81546956,-0.030960977,-0.5779712,-0.5723855,-0.105113864,0.8132194,-0.085930854,0.99397814,0.06799561
1356079432399,-0.7750788,-0.031837255,-0.63106203,-0.62388027,-0.11970782,0.77229744,-0.100130886,0.99229854,0.07292032
1356079432421,-0.7066975,-0.025007755,-0.7070737,-0.6978885,-0.13966364,0.70245683,-0.11631936,0.9898832,0.08124733
1356079432461,-0.6072598,-0.0045777857,-0.7944902,-0.7831521,-0.16498375,0.59954417,-0.13382253,0.9862857,0.09660286
1356079432498,-0.48930448,0.03547588,-0.8713912,-0.85922134,-0.1907739,0.47470418,-0.14939812,0.9809928,0.12382817
1356079432541,-0.38568193,0.097274244,-0.9174896,-0.90920836,-0.20908433,0.36003315,-0.1568107,0.9730475,0.16908264
1356079432584,-0.32181048,0.17732847,-0.9300498,-0.93506217,-0.21374846,0.2827904,-0.14864993,0.96065927,0.23459959
1356079432622,-0.28483737,0.25945854,-0.92279404,-0.9500493,-0.20452583,0.2357445,-0.12756938,0.9438487,0.3047551
1356079432662,-0.2587425,0.32747662,-0.90874165,-0.96062756,-0.18582624,0.20655087,-0.10122746,0.9264058,0.36266425
1356079432702,-0.21723866,0.36924222,-0.9035859,-0.97265387,-0.15980947,0.16853917,-0.08216986,0.91548955,0.39386168
1356079432742,-0.1537106,0.3821425,-0.9112301,-0.9851564,-0.13058877,0.1114158,-0.07641965,0.9148299,0.3965429
1356079432782,-0.07578093,0.36991644,-0.92596924,-0.99372315,-0.10465425,0.039517432,-0.08228853,0.92315173,0.3755254
1356079432822,0.0045062304,0.3387876,-0.94085205,-0.9955052,-0.08748627,-0.03627056,-0.094599575,0.9367866,0.33687052
1356079432861,0.075268865,0.29626232,-0.9521361,-0.99125046,-0.08159804,-0.10375062,-0.10842985,0.9516146,0.28752843
1356079432902,0.13011456,0.24853721,-0.9598434,-0.984141,-0.08534622,-0.15550739,-0.120568365,0.964855,0.23349091
1356079432942,0.16351062,0.20077917,-0.96589446,-0.9781139,-0.09470856,-0.1852662,-0.12867603,0.97504777,0.18089896
1356079432982,0.17573029,0.15577456,-0.9720356,-0.97558916,-0.10453874,-0.19312567,-0.13169938,0.9822454,0.13360128
1356079433022,0.16788709,0.1147939,-0.97909975,-0.9771856,-0.11168212,-0.18065295,-0.13008583,0.9870914,0.093424946
1356079433062,0.14055198,0.07864562,-0.9869448,-0.982116,-0.115054786,-0.14903256,-0.12527347,0.99024105,0.06106791
1356079433102,0.093197644,0.04832658,-0.9944742,-0.9885584,-0.11448878,-0.09820694,-0.11860207,0.9922485,0.037103534
1356079433142,0.024115503,0.02513054,-0.9993932,-0.99359596,-0.10978252,-0.0267362,-0.1103878,0.99363786,0.022322178
1356079433182,-0.06891197,0.010610193,-0.9975663,-0.9926249,-0.10069543,0.06749961,-0.09973413,0.99486065,0.017471075
1356079433222,-0.18568915,0.006060213,-0.98258984,-0.9788382,-0.08865732,0.1844334,-0.08599606,0.99604374,0.022394657
1356079433262,-0.31618077,0.010685384,-0.94863886,-0.9460168,-0.07869005,0.31442046,-0.071288764,0.9968419,0.03498882
1356079433302,-0.4368574,0.019520551,-0.89931893,-0.8974695,-0.077100694,0.43428546,-0.060860664,0.9968322,0.051201105
1356079433342,-0.523767,0.025951535,-0.85146624,-0.8497895,-0.08559102,0.5201269,-0.059379756,0.99599236,0.06688303
1356079433382,-0.5682377,0.02739355,-0.8224083,-0.82012117,-0.10039675,0.56331325,-0.06713596,0.9945704,0.07951516
1356079433422,-0.57295203,0.0263381,-0.8191656,-0.81561947,-0.116571724,0.56672376,-0.080565125,0.99283296,0.088271916
1356079433460,-0.54061496,0.026958048,-0.8408382,-0.8357859,-0.13115102,0.5331617,-0.095903754,0.9909958,0.09343332
1356079433500,-0.4702444,0.03269291,-0.88193053,-0.875482,-0.14337808,0.46149108,-0.11136198,0.9891279,0.09604472
1356079433540,-0.3619151,0.04558927,-0.9310956,-0.92355216,-0.1533528,0.35147443,-0.12676266,0.9871193,0.09760481
1356079433582,-0.22508252,0.06616926,-0.97209036,-0.963897,-0.16080135,0.2122398,-0.14226964,0.9847663,0.09997383
1356079433622,-0.08047432,0.09403846,-0.9923108,-0.98431265,-0.1643169,0.06425381,-0.15701109,0.9819149,0.1057865
1356079433662,0.043277085,0.12882936,-0.990722,-0.9847375,-0.1618287,-0.06405926,-0.16857988,0.9783734,0.119859576
1356079433702,0.13311571,0.17241892,-0.9759877,-0.9760964,-0.14789426,-0.15925765,-0.17180204,0.97385776,0.1486105
1356079433742,0.18838513,0.2257278,-0.95580226,-0.9689292,-0.11610657,-0.21839273,-0.1602723,0.96724665,0.19684154
1356079433783,0.21940601,0.28428492,-0.9332969,-0.9666176,-0.06640899,-0.24746764,-0.13233066,0.9564371,0.2602243
1356079433822,0.24253017,0.3353611,-0.91033626,-0.9652865,-0.010362923,-0.2609876,-0.096958786,0.9420327,0.3212062
1356079433862,0.26975775,0.3660052,-0.8906576,-0.96045685,0.036045015,-0.27608594,-0.06894511,0.9299145,0.3612556
1356079433902,0.30130517,0.37359098,-0.8772941,-0.9517603,0.061839044,-0.30054665,-0.058030486,0.92552996,0.37420148
1356079433942,0.33148733,0.36314744,-0.87076986,-0.9412957,0.064824134,-0.3313009,-0.06386417,0.92947394,0.3633175
1356079433982,0.35559696,0.34007487,-0.8705745,-0.9312104,0.049197257,-0.3611464,-0.07998696,0.9391106,0.3341757
1356079434022,0.37102333,0.3082676,-0.8759639,-0.92330396,0.021637589,-0.38346007,-0.09925455,0.9510536,0.29265273
1356079434062,0.3763791,0.27078477,-0.8860104,-0.91911054,-0.011132807,-0.39384255,-0.1165103,0.96257555,0.24469094
1356079434102,0.3708894,0.23040876,-0.89964044,-0.9197289,-0.04302171,-0.39018953,-0.12860715,0.97214246,0.19595729
1356079434142,0.35486963,0.18950224,-0.91550887,-0.9252417,-0.06932101,-0.37299109,-0.13414666,0.9794302,0.15073547
1356079434182,0.32882905,0.150352,-0.9323442,-0.9349289,-0.087563336,-0.34386128,-0.13333943,0.9847471,0.111775085
1356079434222,0.2937393,0.11476463,-0.94897115,-0.9473589,-0.09735325,-0.30501378,-0.12739024,0.98861086,0.08012679
1356079434262,0.25050932,0.0840379,-0.9644598,-0.9609171,-0.099664986,-0.25827342,-0.117827624,0.99146587,0.05578646
1356079434302,0.2001032,0.05921057,-0.97798395,-0.97402537,-0.095954925,-0.20510262,-0.105986685,0.99362296,0.03847179
1356079434342,0.14327416,0.04133764,-0.9888193,-0.9853648,-0.08727428,-0.14642215,-0.09235126,0.9953263,0.028228581
1356079434382,0.0796628,0.031341344,-0.99632907,-0.99382424,-0.07495898,-0.08182046,-0.077248126,0.99669397,0.025176316
1356079434422,0.009950995,0.029828846,-0.99950546,-0.9980183,-0.061811447,-0.011780888,-0.0621323,0.99764204,0.029154658
1356079434460,-0.06317359,0.035329193,-0.99737704,-0.9966917,-0.05343765,0.061237305,-0.05113402,0.997946,0.038588196
1356079434500,-0.13319701,0.043498397,-0.9901345,-0.989861,-0.055566728,0.13071907,-0.04933247,0.997507,0.05045867
1356079434540,-0.1919555,0.049479544,-0.9801555,-0.97962564,-0.0697512,0.18833062,-0.059048474,0.9963366,0.06186056
1356079434579,-0.23336202,0.05115089,-0.9710437,-0.9692236,-0.092758715,0.2280384,-0.07840833,0.9943739,0.0712229
1356079434621,-0.2545681,0.049895167,-0.9657669,-0.9616902,-0.118107736,0.24739164,-0.10172084,0.9917465,0.07805008
1356079434660,-0.2555294,0.04849136,-0.9655845,-0.9586812,-0.14188075,0.24657726,-0.12504098,0.9886954,0.08274233
1356079434702,-0.23645413,0.04999289,-0.97035563,-0.9605222,-0.16268754,0.22567624,-0.14658257,0.9854103,0.08648744
1356079434750,-0.19853824,0.05790642,-0.978381,-0.96581423,-0.1813373,0.18525553,-0.16668946,0.9817146,0.09192923
1356079434790,-0.13724929,0.07591957,-0.9876228,-0.97339636,-0.19501793,0.12028104,-0.18347245,0.97785693,0.10066596
1356079434830,-0.076046765,0.10349855,-0.9917182,-0.9778484,-0.2022618,0.053874582,-0.19501081,0.97384703,0.11658737
1356079434870,-0.020319402,0.14352795,-0.9894376,-0.9801189,-0.19822335,-0.008626282,-0.19736776,0.96959126,0.14470226
1356079434910,0.023564398,0.19845262,-0.97982717,-0.98252416,-0.1764164,-0.059360385,-0.18463778,0.9641026,0.19082731
1356079434950,0.055391252,0.26503935,-0.9626453,-0.98636997,-0.13508499,-0.09394851,-0.15493897,0.95472836,0.25394434
1356079434990,0.078397095,0.3330977,-0.9396275,-0.9902952,-0.082476795,-0.11186251,-0.11475858,0.93927824,0.32339904
1356079435031,0.100249946,0.38775632,-0.9162942,-0.99188495,-0.03342718,-0.12266591,-0.078193545,0.9211557,0.3812585
1356079435070,0.12766147,0.41772187,-0.8995616,-0.9901637,0.0013162494,-0.13990813,-0.057258606,0.90857404,0.413781
1356079435110,0.16236097,0.42087907,-0.89246833,-0.9852124,0.018979251,-0.17028287,-0.054730117,0.90691817,0.41773677
1356079435150,0.20192796,0.40127003,-0.8934245,-0.97716904,0.021002352,-0.21142262,-0.06607357,0.915719,0.39634967
1356079435190,0.2422629,0.36481965,-0.899008,-0.9665189,0.009991765,-0.2564009,-0.084557414,0.93102455,0.3550257
1356079435230,0.2789225,0.31806433,-0.906111,-0.95460045,-0.01093781,-0.29768807,-0.104594916,0.948006,0.30057365
1356079435270,0.30820605,0.26739064,-0.9129684,-0.94340765,-0.037606925,-0.32949623,-0.1224381,0.962854,0.24066764
1356079435310,0.32809374,0.21746853,-0.91927254,-0.93488467,-0.06478003,-0.34899056,-0.13544497,0.97391534,0.18205403
1356079435350,0.3379895,0.1709325,-0.92549723,-0.93040836,-0.087461114,-0.35593644,-0.14178616,0.9813932,0.12947613
1356079435409,0.33791748,0.12928161,-0.9322543,-0.9305409,-0.10259113,-0.3515234,-0.14108649,0.98628664,0.08563447
1356079435431,0.3280674,0.093559414,-0.94000983,-0.93503,-0.10952118,-0.33723006,-0.13450205,0.98957145,0.051550508
1356079435471,0.30878177,0.064303726,-0.9489567,-0.94304156,-0.10916409,-0.3142543,-0.12379971,0.9919417,0.026933193
1356079435508,0.28065875,0.041490376,-0.95891047,-0.95339704,-0.103224605,-0.2835114,-0.110746175,0.9937923,0.010585904
1356079435577,0.24481934,0.025333703,-0.9692377,-0.9647775,-0.092891514,-0.24612075,-0.09626913,0.9953539,0.0016997159
1356079435592,0.2012375,0.016415387,-0.9794049,-0.9761938,-0.07924461,-0.20190588,-0.080926985,0.9967201,7.766485E-5
1356079435632,0.15073928,0.01611197,-0.9884423,-0.9864702,-0.06273803,-0.15146124,-0.064453244,0.9979,0.0064368844
1356079435672,0.09401867,0.024431616,-0.9952706,-0.99438834,-0.04639885,-0.095074385,-0.048502177,0.9986242,0.019932091
1356079435712,0.03432679,0.039041907,-0.9986478,-0.998701,-0.036311448,-0.035748154,-0.037658006,0.9985776,0.0377447
1356079435752,-0.023247302,0.055026263,-0.99821424,-0.999048,-0.038146913,0.02116388,-0.0369142,0.99775594,0.05586061
1356079435792,-0.072817564,0.06783843,-0.9950354,-0.9962305,-0.052104533,0.069352746,-0.047141075,0.9963348,0.07137686
1356079435832,-0.1097396,0.07583195,-0.99106336,-0.99187964,-0.07283723,0.10425681,-0.06428036,0.9944567,0.083209336
1356079435872,-0.13136744,0.08018169,-0.98808575,-0.98784363,-0.094150364,0.123695105,-0.08311057,0.99232376,0.091575325
1356079435912,-0.13683623,0.08326039,-0.98708844,-0.98547363,-0.11262357,0.12711263,-0.10058594,0.9901433,0.09746188
1356079435952,-0.12677425,0.087402165,-0.98807347,-0.9850783,-0.12798423,0.11506885,-0.11640057,0.9879175,0.102323025
1356079435992,-0.10270715,0.094691515,-0.9901943,-0.9859947,-0.14118934,0.08876976,-0.13139915,0.9854436,0.107866496
1356079436032,-0.067029595,0.10754311,-0.9919383,-0.9870359,-0.15245754,0.05016932,-0.14583308,0.9824414,0.116367996
1356079436072,-0.023170233,0.12960684,-0.9912946,-0.9871439,-0.15981925,0.002177626,-0.15814576,0.978601,0.13164368
1356079436112,0.024804056,0.16549698,-0.98589826,-0.98610103,-0.15801764,-0.05133468,-0.16428503,0.9734686,0.15927729
1356079436152,0.07331461,0.21786258,-0.9732219,-0.98458505,-0.1395706,-0.10541442,-0.15879905,0.9659482,0.2042717
1356079436190,0.12067437,0.2822887,-0.9517094,-0.9828087,-0.1009748,-0.15456805,-0.1397315,0.9540006,0.26525068
1356079436230,0.16620946,0.34743205,-0.92285717,-0.9796834,-0.048330903,-0.19463938,-0.112226516,0.93645877,0.3323404
1356079436270,0.21143079,0.3978427,-0.89275885,-0.97339946,0.003224194,-0.22909203,-0.08826414,0.91744804,0.38794154
1356079436310,0.2563005,0.42470714,-0.86829364,-0.96353745,0.040840447,-0.26443806,-0.076847255,0.90440917,0.4196887
1356079436350,0.29973245,0.42790192,-0.85267836,-0.95074326,0.059924662,-0.30413193,-0.079042196,0.90183645,0.42478627
1356079436390,0.33990568,0.41111642,-0.8458412,-0.93612784,0.061680913,-0.34620813,-0.090159595,0.9094937,0.4058233
1356079436430,0.37481526,0.37836036,-0.8463788,-0.9212307,0.04943809,-0.3858626,-0.104151756,0.92433727,0.3670873
1356079436470,0.40233237,0.33423758,-0.8522992,-0.90804315,0.027160943,-0.41799513,-0.11656043,0.9420974,0.31442988
1356079436510,0.4206053,0.28419244,-0.86158335,-0.8985473,-6.8467855E-4,-0.4388761,-0.12531519,0.958767,0.2550724
1356079436583,0.42864192,0.23343423,-0.8727971,-0.8941078,-0.029144287,-0.44690272,-0.12975937,0.97193575,0.1962228
1356079436586,0.4261963,0.18790522,-0.8849002,-0.8951181,-0.053887874,-0.4425605,-0.13084474,0.9807078,0.14523052
1356079436617,0.4178211,0.1468268,-0.89658654,-0.89952415,-0.07174629,-0.43093938,-0.12760022,0.9865568,0.10209714
1356079436651,0.40023223,0.11169639,-0.9095812,-0.9082092,-0.08417168,-0.4099647,-0.12235257,0.9901712,0.067755505
1356079436691,0.37805885,0.0827986,-0.92207146,-0.9187486,-0.08897936,-0.38468644,-0.11389682,0.992586,0.042431667
1356079436730,0.34673393,0.05966875,-0.93606377,-0.9322467,-0.08809298,-0.35093552,-0.1034005,0.99432355,0.025081128
1356079436770,0.30767485,0.042216003,-0.9505546,-0.9470274,-0.08307293,-0.3102226,-0.09206167,0.99564886,0.014420241
1356079436810,0.26174966,0.030650377,-0.964649,-0.9617603,-0.0752376,-0.26335648,-0.08064979,0.99669456,0.009784818
1356079436850,0.20921823,0.025583982,-0.9775342,-0.9754616,-0.064641446,-0.21046647,-0.0685738,0.9975805,0.011432022
1356079436890,0.14954618,0.027528375,-0.9883715,-0.98722756,-0.05137983,-0.15080422,-0.054933667,0.9982998,0.019493043
1356079436930,0.08191115,0.03593871,-0.9959914,-0.99578094,-0.038523674,-0.08328384,-0.041362345,0.99861115,0.032631546
1356079436970,0.0059159994,0.048146874,-0.99882275,-0.9994482,-0.032365322,-0.0074798167,-0.032687366,0.9983158,0.04792881
1356079437010,-0.07738322,0.059530884,-0.99522257,-0.9964415,-0.038068235,0.075200886,-0.033409625,0.9975003,0.06226495
1356079437050,-0.16488898,0.065547794,-0.9841317,-0.9853302,-0.05545926,0.16139594,-0.04400006,0.99630713,0.07373083
1356079437090,-0.25183535,0.0640302,-0.96564955,-0.96584,-0.07961565,0.24660584,-0.06109065,0.99476695,0.08189303
1356079437130,-0.33291465,0.055946022,-0.9412958,-0.939543,-0.10454714,0.32608098,-0.08016688,0.992945,0.087369025
1356079437170,-0.40321058,0.044311672,-0.9140338,-0.90980303,-0.12679726,0.39519727,-0.098385096,0.9909384,0.091440916
1356079437210,-0.4592461,0.03250578,-0.88771415,-0.880828,-0.14608508,0.4503344,-0.11504331,0.9887378,0.09572101
1356079437250,-0.49911833,0.023436606,-0.86621684,-0.8566512,-0.16388756,0.48917243,-0.13049763,0.9862006,0.10187632
1356079437290,-0.52251244,0.020124525,-0.8523941,-0.84025776,-0.18185502,0.5107794,-0.14473298,0.98311937,0.11193138
1356079437330,-0.53139347,0.02698192,-0.8466953,-0.8325999,-0.20092988,0.516144,-0.15619984,0.9792339,0.12923807
1356079437370,-0.5315495,0.05008775,-0.84554493,-0.8316348,-0.22030312,0.5097548,-0.16074371,0.9741446,0.15875673
1356079437410,-0.5332325,0.09404692,-0.84072477,-0.832113,-0.2374376,0.50120974,-0.15248251,0.96683943,0.20486718
1356079437450,-0.54681075,0.15509957,-0.82276493,-0.8272608,-0.2514783,0.50239253,-0.12898666,0.9553548,0.26581883
1356079437490,-0.5749231,0.21769351,-0.7887161,-0.81249243,-0.26563102,0.51893765,-0.09653804,0.93917507,0.32959163
1356079437531,-0.6098703,0.2618317,-0.74799895,-0.7895672,-0.28189033,0.5450886,-0.06813219,0.92302877,0.37865016
1356079437578,-0.6419201,0.2771387,-0.71493554,-0.7648908,-0.29671043,0.5717562,-0.05367306,0.9138693,0.40244514
1356079437612,-0.6665381,0.2656331,-0.69653857,-0.7434846,-0.3050382,0.59513223,-0.054384083,0.914544,0.40081373
1356079437652,-0.68357927,0.23438254,-0.69121933,-0.72692335,-0.3037297,0.61589825,-0.06558803,0.92347884,0.37800145
1356079437692,-0.69531095,0.19028091,-0.6930626,-0.7140753,-0.29222387,0.63616157,-0.081480026,0.93722904,0.33906144
1356079437732,-0.7052108,0.13911739,-0.6952151,-0.7022214,-0.27229637,0.6578295,-0.09778902,0.9521035,0.2897176
1356079437772,-0.7171003,0.08601946,-0.69164133,-0.6879421,-0.24656254,0.6825999,-0.11181596,0.9653019,0.23598647
1356079437812,-0.73406833,0.035775095,-0.6781325,-0.6681243,-0.21666622,0.7118044,-0.12146354,0.97559,0.18295008
1356079437852,-0.7578256,-0.0073408782,-0.6524159,-0.6403284,-0.18353903,0.74585044,-0.12521902,0.982985,0.13439
1356079437891,-0.7878192,-0.04031861,-0.61458534,-0.60352397,-0.148548,0.78338516,-0.122880444,0.9880829,0.09269577
1356079437932,-0.8216455,-0.06179145,-0.56663984,-0.55823994,-0.11365032,0.8218588,-0.11518259,0.9915975,0.058885694
1356079437972,-0.856441,-0.07248624,-0.5111306,-0.50567394,-0.08154398,0.8588623,-0.10393533,0.99403036,0.033183277
1356079438012,-0.8886209,-0.07414457,-0.45260987,-0.44955197,-0.05469972,0.89157784,-0.09086326,0.99574625,0.015275359
1356079438052,-0.9162762,-0.06893408,-0.39457077,-0.39305118,-0.034944355,0.9188523,-0.07712826,0.99700904,0.0049239993
1356079438091,-0.9388784,-0.058481127,-0.33924496,-0.33844247,-0.02342385,0.94069546,-0.06295936,0.9980137,0.0021997094
1356079438130,-0.95650023,-0.044740014,-0.28828087,-0.28762108,-0.020683467,0.95752096,-0.04880213,0.99878454,0.00691545
1356079438170,-0.9691723,-0.031923182,-0.24430688,-0.2435362,-0.026195407,0.96953803,-0.03735046,0.999147,0.01761347
1356079438210,-0.9772172,-0.025809705,-0.21066672,-0.20963562,-0.037697375,0.97705257,-0.03315901,0.99895585,0.0314278
1356079438250,-0.98142946,-0.030085668,-0.18944907,-0.18773702,-0.052111924,0.980836,-0.03938166,0.99818796,0.045496047
1356079438290,-0.9825697,-0.043906815,-0.18063527,-0.17749712,-0.06716949,0.9818264,-0.05524204,0.99677503,0.058205307
1356079438330,-0.98101413,-0.063128695,-0.18337435,-0.178018,-0.08203882,0.9806015,-0.0769479,0.9946278,0.06924313
1356079438389,-0.9767909,-0.08306183,-0.19743404,-0.1892613,-0.09692013,0.97713184,-0.10029769,0.9918201,0.078950286
1356079438411,-0.969456,-0.10028328,-0.22382636,-0.21243732,-0.11275834,0.97064716,-0.12257798,0.9885488,0.08801031
1356079438451,-0.9577341,-0.11271219,-0.26465335,-0.24970604,-0.13097537,0.95942295,-0.14280173,0.9849576,0.09729469
1356079438488,-0.93921643,-0.11854341,-0.3222108,-0.30334494,-0.15300643,0.94051623,-0.16079232,0.98108935,0.10774666
1356079438530,-0.9112767,-0.11505973,-0.39539367,-0.37223735,-0.18046707,0.9104236,-0.1761086,0.97682804,0.12162584
1356079438580,-0.8724287,-0.09652701,-0.47911435,-0.451889,-0.21412814,0.8659939,-0.18618368,0.9720245,0.14319211
1356079438612,-0.82864845,-0.056413323,-0.55691946,-0.5280056,-0.2516049,0.81111354,-0.18588127,0.96618456,0.17870545
1356079438652,-0.7939197,0.0069515705,-0.6079829,-0.5838011,-0.28813612,0.759048,-0.16990525,0.95756423,0.23281527
1356079438692,-0.7782324,0.08475229,-0.62223107,-0.6125413,-0.32078362,0.72242033,-0.13837473,0.94335306,0.30155843
1356079438732,-0.7745549,0.15928072,-0.61212265,-0.6243801,-0.3471803,0.6997251,-0.101064265,0.9241728,0.36836207
1356079438773,-0.76692003,0.2153066,-0.60454684,-0.6377229,-0.360968,0.68044966,-0.071716726,0.90738374,0.41413945
1356079438812,-0.74503464,0.24806772,-0.61918175,-0.66453207,-0.35623854,0.65688,-0.05762562,0.90086436,0.43025887
1356079438852,-0.7065227,0.25922537,-0.6585042,-0.70537114,-0.33321851,0.6256332,-0.05724585,0.906514,0.41827664
1356079438891,-0.6542344,0.25147012,-0.7132602,-0.75347924,-0.29798758,0.5860653,-0.065164775,0.92085075,0.38443124
1356079438932,-0.5931057,0.22690913,-0.7724881,-0.8014095,-0.25845003,0.5393945,-0.077255994,0.93899727,0.3351353
1356079438972,-0.53292084,0.18925339,-0.8247294,-0.8413028,-0.22284567,0.49249303,-0.09058136,0.95630693,0.27797854
1356079439012,-0.48571223,0.14450243,-0.862092,-0.86812735,-0.19501859,0.45642385,-0.10216963,0.97009623,0.22016943
1356079439052,-0.45904142,0.09865588,-0.8829202,-0.8816679,-0.1728363,0.43907785,-0.10928303,0.9799973,0.16632074
1356079439092,-0.45546657,0.056132525,-0.88848144,-0.88335574,-0.15248466,0.44320533,-0.110601604,0.9867104,0.119036734
1356079439132,-0.47345597,0.019662738,-0.88059795,-0.87430674,-0.13182276,0.46712998,-0.1068978,0.99107826,0.07960355
1356079439172,-0.50824326,-0.009448886,-0.86116177,-0.8553595,-0.11085439,0.50603515,-0.100245,0.99379176,0.04825872
1356079439212,-0.55389833,-0.03109467,-0.8320035,-0.82738346,-0.09096378,0.55422217,-0.092915505,0.99536866,0.024657428
1356079439252,-0.6048885,-0.045726597,-0.79499626,-0.79162765,-0.07357782,0.6065575,-0.08622989,0.9962406,0.008307934
1356079439292,-0.6578829,-0.053397834,-0.7512249,-0.74888676,-0.059231937,0.66004556,-0.07974151,0.996815,-0.0010212064
1356079439332,-0.7115859,-0.05352208,-0.7005576,-0.69891346,-0.048074782,0.7135887,-0.07187191,0.99740875,-0.003197968
1356079439372,-0.7635803,-0.046793163,-0.6440152,-0.6426738,-0.041577995,0.7650109,-0.06257412,0.99803895,0.0016753078
1356079439412,-0.8086502,-0.03735563,-0.58710253,-0.5857161,-0.04212427,0.8094209,-0.05496773,0.99841374,0.012184083
1356079439452,-0.8421354,-0.030932456,-0.5383782,-0.53665745,-0.05000651,0.8423171,-0.05297734,0.9982698,0.0255121
1356079439492,-0.8630264,-0.030696541,-0.5042255,-0.50180066,-0.06280941,0.86269987,-0.05815199,0.99755335,0.038802564
1356079439532,-0.8727225,-0.036112055,-0.48687923,-0.483275,-0.0776304,0.87202,-0.06928708,0.996328,0.050297737
1356079439579,-0.87267315,-0.04453306,-0.48626995,-0.48103362,-0.092811525,0.8717756,-0.08395426,0.9946873,0.05957216
1356079439612,-0.8633007,-0.052688688,-0.5019322,-0.49475643,-0.10799581,0.8622952,-0.09963977,0.99275416,0.06716472
1356079439652,-0.8435321,-0.05764498,-0.5339763,-0.524704,-0.12374389,0.842243,-0.11462739,0.99063843,0.07413542
1356079439692,-0.81044495,-0.056985408,-0.58303654,-0.5715804,-0.14114404,0.80831563,-0.12835431,0.98834753,0.081817746
1356079439732,-0.7596577,-0.048009872,-0.6485487,-0.6348927,-0.16120434,0.75559545,-0.14082488,0.9857526,0.09197897
1356079439771,-0.6883102,-0.026996523,-0.7249141,-0.7094115,-0.18370628,0.6804318,-0.15154055,0.9826104,0.107295215
1356079439810,-0.6014851,0.010201067,-0.7988189,-0.78300166,-0.20592034,0.5869456,-0.15850562,0.97851557,0.13184553
1356079439850,-0.5166774,0.06579745,-0.85364807,-0.8415387,-0.22262764,0.4921884,-0.15766093,0.9726806,0.17039776
1356079439891,-0.45629567,0.13728705,-0.87917376,-0.87801945,-0.22989565,0.41979736,-0.14448547,0.9634834,0.2254411
1356079439930,-0.42928612,0.2161721,-0.8769168,-0.8953036,-0.22971034,0.38166037,-0.118932605,0.94894826,0.29215112
1356079439970,-0.42340904,0.28946063,-0.85845053,-0.901631,-0.22693795,0.36818564,-0.08823976,0.92989874,0.35707426
1356079440030,-0.4123292,0.34423792,-0.8434956,-0.908869,-0.21923518,0.35481414,-0.06278345,0.91292727,0.40326425
1356079440060,-0.379709,0.3722092,-0.8469246,-0.9236536,-0.2038117,0.32453775,-0.05181724,0.9054949,0.4211816
1356079440100,-0.30994296,0.3728918,-0.87457824,-0.9490684,-0.17611533,0.26125178,-0.05660799,0.91100764,0.4084856
1356079440140,-0.22287798,0.34792855,-0.9106432,-0.972172,-0.14847529,0.18120918,-0.072160214,0.92568934,0.37133828
1356079440180,-0.13861215,0.303537,-0.94268334,-0.9859884,-0.1315006,0.1026375,-0.09280917,0.9437016,0.31751156
1356079440220,-0.076833785,0.24822712,-0.96564996,-0.99056077,-0.12927228,0.045585513,-0.11351621,0.96003747,0.2558165
1356079440260,-0.05143082,0.1891337,-0.9806036,-0.99017745,-0.1374867,0.025415272,-0.13001302,0.9722787,0.194347
1356079440300,-0.06993586,0.12998235,-0.9890468,-0.98776984,-0.14752913,0.050457,-0.13935462,0.98047936,0.1387102
1356079440340,-0.13835192,0.07240474,-0.9877329,-0.98032033,-0.15182042,0.12618455,-0.1408217,0.98575246,0.09198454
1356079440380,-0.25949913,0.018163025,-0.96557254,-0.95611477,-0.14566451,0.2542173,-0.13603228,0.98916733,0.055165768
1356079440420,-0.42400378,-0.029019177,-0.9051954,-0.89659524,-0.1276117,0.42406636,-0.1278196,0.9913996,0.028089404
1356079440460,-0.60112655,-0.063539,-0.7966239,-0.7903067,-0.10065246,0.6043877,-0.118584335,0.99289066,0.01028955
1356079440500,-0.7530235,-0.08122322,-0.6529613,-0.64893687,-0.07240623,0.7573891,-0.108796,0.9940625,0.0018147826
1356079440540,-0.8624452,-0.08311315,-0.49927992,-0.4966864,-0.050890684,0.86643684,-0.097421005,0.99523985,0.0026093125
1356079440579,-0.9317247,-0.07351065,-0.35564733,-0.35348168,-0.041067064,0.9345395,-0.08330403,0.99644846,0.012278676
1356079440621,-0.9705367,-0.059908718,-0.23338714,-0.23107609,-0.043070138,0.9719819,-0.06828219,0.9972743,0.027957618
1356079440660,-0.98906,-0.04984856,-0.13883698,-0.13617301,-0.053375542,0.9892462,-0.056722987,0.99732953,0.04600346
1356079440700,-0.99623096,-0.048748042,-0.0717461,-0.06844856,-0.0662446,0.9954528,-0.05327917,0.9966119,0.06265819
1356079440740,-0.99795294,-0.057445586,-0.028103722,-0.02361001,-0.07746011,0.99671584,-0.05943384,0.9953391,0.07594532
1356079440780,-0.9973212,-0.073093966,-0.0027889088,0.003485676,-0.085574865,0.9963257,-0.07306406,0.9936469,0.08560032
1356079440820,-0.9957549,-0.09178468,0.006893374,0.015305497,-0.0912649,0.995709,-0.090761706,0.9915877,0.092282414
1356079440860,-0.9938795,-0.11046841,-3.972575E-4,0.010344729,-0.09665012,0.99526465,-0.1099837,0.9891691,0.09720141
1356079440900,-0.9914519,-0.12686057,-0.030483592,-0.017136361,-0.10500258,0.9943242,-0.12934141,0.9863472,0.101931214
1356079440940,-0.9859215,-0.13828646,-0.09399749,-0.077426895,-0.12068659,0.9896664,-0.14820172,0.9830114,0.10828048
1356079440980,-0.96841747,-0.13846147,-0.20735458,-0.18661636,-0.14901221,0.97106624,-0.16535363,0.9790933,0.11846691
1356079441020,-0.91715604,-0.11464684,-0.38168183,-0.35646045,-0.19228864,0.91430914,-0.17821571,0.97461855,0.13549155
1356079441060,-0.80846715,-0.052999258,-0.58615005,-0.5596272,-0.23910016,0.7935039,-0.18220374,0.9695474,0.16364485
1356079441100,-0.66883093,0.040320516,-0.74232024,-0.7233464,-0.2657379,0.63730156,-0.17156631,0.96320176,0.20689946
1356079441140,-0.56853575,0.1392723,-0.81078374,-0.8099836,-0.26710677,0.52209246,-0.14385283,0.95354974,0.26466805
1356079441180,-0.52908003,0.2266432,-0.8177451,-0.84207714,-0.2592296,0.4729757,-0.10478708,0.93884647,0.32800433
1356079441220,-0.5105198,0.2966542,-0.8070724,-0.8572098,-0.24930328,0.45059866,-0.06753382,0.92186993,0.38156915
