1356078281860,0.3722427,-0.033361346,-0.9275358,-0.9281268,-0.017712653,-0.37184283,-0.0040238798,0.9992864,-0.037556976
1356078281899,0.69142735,0.029917985,0.7218263,0.7224349,-0.023072004,-0.69105405,-0.0040210187,0.9992861,-0.037566423
1356078281938,0.6914114,0.029922664,0.72184134,0.72245014,-0.023089051,-0.6910374,-0.004011065,0.9992856,-0.037581667
1356078281978,0.6912634,0.02989152,0.7219844,0.72259176,-0.023038626,-0.690891,-0.004018247,0.9992876,-0.037525132
1356078282020,0.6908045,0.029815048,0.72242665,0.72303,-0.022809222,-0.69044006,-0.004107505,0.9992951,-0.037313864
1356078282058,0.6898791,0.029797763,0.72331107,0.72391176,-0.02244176,-0.6895275,-0.0043140054,0.99930394,-0.03705305
1356078282098,0.6885214,0.029996157,0.7245954,0.7252013,-0.02210942,-0.6881819,-0.0046224594,0.9993055,-0.036976054
1356078282140,0.6869024,0.030529171,0.7261081,0.7267319,-0.02186869,-0.686573,-0.005081445,0.99929464,-0.03720817
1356078282177,0.68514043,0.031359524,0.72773564,0.72838783,-0.021527603,-0.68482673,-0.0058094263,0.9992763,-0.037591323
1356078282218,0.683323,0.032304883,0.7294011,0.73008347,-0.020777985,-0.68304205,-0.0069100857,0.9992621,-0.037783325
1356078282258,0.681536,0.033255845,0.73102856,0.73173535,-0.019381002,-0.6813132,-0.008489579,0.99925894,-0.03754331
1356078282300,0.68000174,0.034446955,0.7324009,0.73313123,-0.017254174,-0.67986834,-0.010782421,0.99925756,-0.03698702
1356078282339,0.67911804,0.036525607,0.7331197,0.7338914,-0.014444783,-0.6791132,-0.014215261,0.9992283,-0.036615536
1356078282378,0.6791841,0.040034175,0.7328752,0.7337269,-0.011446983,-0.679348,-0.018807918,0.99913263,-0.03714876
1356078282420,0.6805893,0.045887887,0.7312267,0.73224854,-0.008950084,-0.6809788,-0.024704158,0.9989065,-0.03969267
1356078282467,0.6835067,0.054908246,0.7278762,0.72925735,-0.008117989,-0.6841914,-0.031658858,0.99845845,-0.045590937
1356078282498,0.6874461,0.066791385,0.72315747,0.725189,-0.009699389,-0.68848145,-0.03897041,0.99771976,-0.05510418
1356078282538,0.6920991,0.08163351,0.71717143,0.7203022,-0.0140827745,-0.69351745,-0.04651454,0.99656296,-0.06854749
1356078282579,0.6967101,0.09901279,0.7104869,0.7152868,-0.020770699,-0.6985223,-0.05440533,0.99486935,-0.08529368
1356078282619,0.7003775,0.11838767,0.70388615,0.71098423,-0.028629385,-0.702625,-0.06303033,0.9925547,-0.10422315
1356078282650,0.70129836,0.13710475,0.69955915,0.70927,-0.035728782,-0.704031,-0.071531594,0.98991203,-0.12230083
1356078282679,0.7007477,0.15569139,0.69621325,0.70889366,-0.04233432,-0.70404375,-0.080139846,0.9868982,-0.14003432
1356078282709,0.69789994,0.17428792,0.69466496,0.7106946,-0.04854987,-0.70182335,-0.08859345,0.98349714,-0.15774845
1356078282749,0.69281363,0.19527891,0.6941725,0.71451294,-0.055918008,-0.6973839,-0.097367615,0.9791523,-0.17827007
1356078282796,0.67859495,0.2156229,0.70215076,0.7269709,-0.060525946,-0.6839956,-0.10498679,0.9745991,-0.19782418
1356078282820,0.66070044,0.2371729,0.7121966,0.7422646,-0.065006055,-0.66694635,-0.111884505,0.9692901,-0.21899459
1356078282860,0.6308897,0.2604893,0.7308375,0.7668706,-0.066283815,-0.63836974,-0.11784577,0.9631987,-0.24157935
1356078282901,0.5878663,0.28521904,0.75700945,0.7996322,-0.06319523,-0.59715545,-0.12248069,0.9563767,-0.26522067
1356078282940,0.53395575,0.31172103,0.78595245,0.8361694,-0.05687499,-0.54551435,-0.12534726,0.94847,-0.29102033
1356078282981,0.46884167,0.34018257,0.8151461,0.8742031,-0.046732232,-0.48330632,-0.12631878,0.9391974,-0.31929868
1356078283022,0.39701915,0.37133875,0.839335,0.90908825,-0.033328652,-0.41526824,-0.12623131,0.92789906,-0.35081184
1356078283061,0.32140684,0.4040222,0.856425,0.9382553,-0.013657749,-0.3456738,-0.12796307,0.9146472,-0.3834657
1356078283102,0.25186348,0.43816924,0.8628862,0.9579481,0.013784349,-0.28661025,-0.13747814,0.8987868,-0.41627163
1356078283140,0.18907613,0.46815923,0.8631785,0.9694339,0.050976217,-0.23999876,-0.1563592,0.8821725,-0.444211
1356078283183,0.13804017,0.48938966,0.86107063,0.97310305,0.09487878,-0.2099247,-0.18443236,0.8668885,-0.46312952
1356078283220,0.09848204,0.49677366,0.8622744,0.97242016,0.13605139,-0.18944395,-0.21142438,0.85714984,-0.46967417
1356078283261,0.0696954,0.48838097,0.8698428,0.97120744,0.1659094,-0.17096847,-0.22781283,0.8567136,-0.4627561
1356078283300,0.051339656,0.46540618,0.88360703,0.9720074,0.17983595,-0.15119767,-0.22927263,0.86663496,-0.4431455
1356078283339,0.043023527,0.43143195,0.901119,0.9750076,0.17864615,-0.13208231,-0.21796596,0.88428044,-0.4129634
1356078283379,0.040746227,0.3864324,0.92141724,0.9796947,0.16573353,-0.11283016,-0.196311,0.907305,-0.3718328
1356078283419,0.043731958,0.33304507,0.9418962,0.98486775,0.14388624,-0.09660381,-0.1676993,0.9318679,-0.32171285
1356078283449,0.054347456,0.2818497,0.95791805,0.98876786,0.11857325,-0.090985656,-0.13922772,0.9521035,-0.2722398
1356078283508,0.062146008,0.22641915,0.9720454,0.9920456,0.092808306,-0.085042596,-0.109469175,0.9695984,-0.2188505
1356078283528,0.07510793,0.17226645,0.9821828,0.99371946,0.06900215,-0.088092536,-0.08294815,0.9826306,-0.16600192
1356078283569,0.09342468,0.1236321,0.9879205,0.99361026,0.051537335,-0.10041234,-0.06332898,0.99098885,-0.11802727
1356078283605,0.11696708,0.083393544,0.9896283,0.9917768,0.042301357,-0.120785624,-0.051935345,0.99561846,-0.07775992
1356078283650,0.14653799,0.05357656,0.98775315,0.9880103,0.041134566,-0.14880738,-0.048603415,0.9977162,-0.04690647
1356078283688,0.18341276,0.03488362,0.98241687,0.9816952,0.045678884,-0.18489996,-0.05132568,0.9983469,-0.025866956
1356078283728,0.22631389,0.02801451,0.9736515,0.97222304,0.05477047,-0.22755775,-0.059702277,0.9981059,-0.01484102
1356078283798,0.2759809,0.032696724,0.9606069,0.9583988,0.06638265,-0.27760604,-0.072844446,0.9972584,-0.013016164
1356078283812,0.33095828,0.04796204,0.9424257,0.9393375,0.078574926,-0.3338726,-0.0900642,0.99575377,-0.019047499
1356078283850,0.38784122,0.069879115,0.9190735,0.9153093,0.08825515,-0.39296293,-0.1085729,0.99364376,-0.029732019
1356078283891,0.441054,0.09337667,0.89260983,0.8888458,0.09218405,-0.44883764,-0.12419537,0.9913541,-0.042339325
1356078283930,0.48550665,0.11247972,0.86696684,0.86426437,0.08757849,-0.4953555,-0.13164505,0.989787,-0.05469224
1356078283970,0.51728904,0.1230557,0.84691757,0.8461125,0.07502304,-0.52769804,-0.1284746,0.9895599,-0.06531036
1356078284011,0.5343385,0.12492576,0.83598804,0.83728504,0.057400867,-0.54374516,-0.115914196,0.99050426,-0.073926985
1356078284050,0.5357965,0.12211689,0.83546966,0.8383733,0.040552586,-0.543586,-0.10026151,0.99168694,-0.08065161
1356078284093,0.5229201,0.11775786,0.84420836,0.84823364,0.025700256,-0.5289983,-0.0839901,0.9927097,-0.08644703
1356078284130,0.4920858,0.11467263,0.86296093,0.8677819,0.0143267065,-0.49673858,-0.069325656,0.99329996,-0.09246084
1356078284169,0.44896656,0.11499289,0.8861183,0.89181876,0.0040099174,-0.45237517,-0.055573195,0.99335825,-0.1007525
1356078284210,0.39237985,0.1207073,0.91184855,0.91883135,-0.0058774054,-0.39460656,-0.042272538,0.99267066,-0.113215804
1356078284250,0.3271105,0.13475344,0.93532896,0.9445102,-0.015215665,-0.32812932,-0.029984921,0.99076235,-0.13225317
1356078284292,0.25967604,0.16212654,0.9519892,0.96545374,-0.021514595,-0.25968474,-0.021620125,0.9865354,-0.16211247
1356078284331,0.19324934,0.20353812,0.9598057,0.98090845,-0.018387437,-0.19359899,-0.02175638,0.97889435,-0.20320556
1356078284372,0.13697499,0.26308212,0.95500034,0.9898089,0.001545012,-0.14239314,-0.038936555,0.9647722,-0.2601894
1356078284411,0.08662939,0.32890788,0.9403802,0.99372613,0.038494825,-0.10500771,-0.07073769,0.9435771,-0.32350957
1356078284452,0.043905452,0.3898808,0.91981804,0.99282014,0.08551611,-0.083637446,-0.111267895,0.916886,-0.38332683
1356078284490,0.0070863217,0.43095452,0.90234584,0.9892823,0.12858652,-0.069181144,-0.14584345,0.893165,-0.42542452
1356078284530,-0.023158267,0.44519356,0.8951349,0.9860562,0.15776323,-0.052952766,-0.16479364,0.881427,-0.4426394
1356078284570,-0.045051917,0.43387833,0.8998444,0.9849324,0.16984303,-0.03258133,-0.1669687,0.884818,-0.4349926
1356078284611,-0.0565774,0.40275472,0.91355765,0.9860732,0.16587423,-0.012059689,-0.15639278,0.90015244,-0.40653044
1356078284650,-0.056932807,0.3567558,0.93246126,0.98893183,0.1483258,0.00363186,-0.13701239,0.9223474,-0.36125183
1356078284691,-0.04536313,0.30236363,0.9521127,0.9925872,0.1212157,0.0087969005,-0.112751156,0.9454539,-0.30562097
1356078284732,-0.02265817,0.24397445,0.96951693,0.9959836,0.08953297,7.4616075E-4,-0.0866217,0.9656398,-0.24502319
1356078284795,0.011360049,0.18975013,0.9817667,0.9979159,0.060218573,-0.02318561,-0.063520074,0.97998405,-0.18867052
1356078284810,0.052148253,0.14221808,0.98846066,0.9975798,0.038163394,-0.05812019,-0.04598868,0.9890993,-0.1398837
1356078284851,0.09933838,0.1040571,0.9895979,0.994426,0.024938852,-0.102445304,-0.035339594,0.9942586,-0.10099965
1356078284898,0.15139997,0.07773018,0.98541164,0.9878987,0.022066116,-0.15352273,-0.033677578,0.9967302,-0.07344875
1356078284938,0.21383384,0.063447535,0.9748074,0.97613007,0.02495423,-0.21574813,-0.038014203,0.9976731,-0.056596994
1356078284980,0.27514118,0.061230063,0.95945203,0.9601649,0.033146977,-0.27746096,-0.048791885,0.99757314,-0.049670875
1356078285019,0.3346194,0.070532024,0.9397101,0.9399949,0.045524538,-0.33813775,-0.06662935,0.9964701,-0.05106631
1356078285060,0.39196002,0.08821496,0.9157431,0.9156332,0.059265375,-0.39762214,-0.08934808,0.99433684,-0.05754289
1356078285100,0.4455657,0.11065036,0.88838494,0.88807356,0.07075997,-0.45422292,-0.113122106,0.9913373,-0.0667375
1356078285140,0.49679723,0.1308147,0.85795105,0.85807526,0.074040025,-0.50815827,-0.12999725,0.9886382,-0.07546598
1356078285181,0.5431886,0.14397827,0.82717377,0.8286774,0.06653775,-0.55575764,-0.1350553,0.9873414,-0.08316898
1356078285221,0.58613956,0.14937472,0.7963213,0.79970586,0.05109009,-0.59821427,-0.13004228,0.9874599,-0.089509934
1356078285262,0.6235031,0.14752331,0.7677765,0.7729939,0.030830234,-0.6336639,-0.11715093,0.98857796,-0.09481189
1356078285300,0.654477,0.14216992,0.7425952,0.74912167,0.0110296905,-0.66234076,-0.10235557,0.9897809,-0.099283904
1356078285342,0.67774785,0.1353451,0.72273064,0.7301119,-0.007379256,-0.68328786,-0.08714646,0.99077106,-0.10381834
1356078285379,0.6924963,0.12891299,0.70981,0.71779776,-0.024630845,-0.6958158,-0.07221645,0.99134994,-0.10959022
1356078285422,0.698382,0.12448794,0.70481586,0.7134487,-0.042604357,-0.69941103,-0.057040036,0.99130607,-0.11856988
1356078285461,0.6945107,0.124237865,0.70867467,0.718233,-0.06169486,-0.6930622,-0.042382985,0.9903326,-0.13207948
1356078285505,0.68266433,0.13467711,0.7182141,0.73009723,-0.084746696,-0.67806786,-0.03045398,0.98725885,-0.15618095
1356078285541,0.6617508,0.1617653,0.73206407,0.74926054,-0.108373255,-0.65334815,-0.026352823,0.9808604,-0.19292043
1356078285581,0.63634527,0.21562472,0.74065554,0.7704704,-0.13042337,-0.6239914,-0.037949115,0.96772707,-0.24912673
1356078285620,0.60769576,0.28590837,0.7409199,0.79178536,-0.14587629,-0.59312403,-0.061496496,0.9470885,-0.31502646
1356078285661,0.5807208,0.3559389,0.73216856,0.8092809,-0.15465662,-0.56669724,-0.0884749,0.9216229,-0.3778669
1356078285700,0.55820864,0.40550405,0.7238575,0.8227927,-0.15819952,-0.54588014,-0.10684267,0.9002996,-0.42195407
1356078285740,0.5418409,0.42733622,0.72373486,0.832952,-0.15802729,-0.53030014,-0.11224657,0.89017475,-0.4415762
1356078285797,0.53124154,0.42286593,0.7341436,0.8404376,-0.15360165,-0.5196837,-0.1069909,0.8930794,-0.43699205
1356078285820,0.5255096,0.3987094,0.7515787,0.84528697,-0.14438894,-0.5144334,-0.096589774,0.9056393,-0.4129016
1356078285860,0.52392304,0.3600112,0.7719434,0.84755933,-0.13039386,-0.5144323,-0.08454466,0.9237908,-0.37344718
1356078285900,0.5269987,0.3136321,0.789878,0.8466997,-0.11360395,-0.5198016,-0.07329324,0.94272435,-0.32542136
1356078285939,0.5347434,0.2646677,0.8024964,0.8425545,-0.09458791,-0.53024054,-0.06443107,0.9596896,-0.2735772
1356078285980,0.5483611,0.21852016,0.8071859,0.8341645,-0.07494527,-0.54639995,-0.058904618,0.9729502,-0.2233788
1356078286020,0.56773454,0.17875719,0.8035691,0.82126987,-0.055984497,-0.56778646,-0.05650845,0.9822991,-0.17859223
1356078286060,0.5925024,0.14685637,0.7920695,0.8035993,-0.039039567,-0.593889,-0.056294322,0.9883871,-0.14114472
1356078286098,0.6217413,0.122929096,0.77351546,0.78110063,-0.024669513,-0.6239176,-0.05761537,0.9921088,-0.11135806
1356078286140,0.6541931,0.106978655,0.74872357,0.7538457,-0.01209648,-0.6569401,-0.0612216,0.9941877,-0.08855881
1356078286178,0.68933,0.09966579,0.717559,0.7211555,-8.5651875E-5,-0.69277316,-0.06898427,0.9950209,-0.07193355
1356078286221,0.72572327,0.10243979,0.6803174,0.68296623,0.011973053,-0.7303518,-0.08296257,0.9946672,-0.0612738
1356078286259,0.76169485,0.11309689,0.6379891,0.6400868,0.021456592,-0.76800305,-0.10054785,0.99335235,-0.056048453
1356078286299,0.7931433,0.12645413,0.59576255,0.59774834,0.025821954,-0.80126774,-0.11670734,0.9916363,-0.05510722
1356078286348,0.8178315,0.1364133,0.55905545,0.5615845,0.022839222,-0.8271041,-0.12559639,0.99038863,-0.057928964
1356078286390,0.8350001,0.13740495,0.5328177,0.5365206,0.011648238,-0.84380686,-0.1221496,0.99044645,-0.063994296
1356078286431,0.84348106,0.13197209,0.5206948,0.52556777,-0.002472788,-0.8507481,-0.11098744,0.99125034,-0.07144603
1356078286470,0.8435397,0.1232139,0.5227418,0.52853256,-0.017624352,-0.84873,-0.095362335,0.99222356,-0.07998941
1356078286510,0.8344057,0.11439997,0.53914726,0.54553795,-0.03218007,-0.8374681,-0.078456536,0.9929134,-0.08926076
1356078286568,0.8151182,0.107576445,0.5692184,0.5760035,-0.045916356,-0.81615657,-0.061662763,0.99313587,-0.09939166
1356078286588,0.7835273,0.104171604,0.6125629,0.61968815,-0.05879464,-0.7826428,-0.04551378,0.99281996,-0.11062114
1356078286629,0.7397424,0.10574427,0.66452944,0.6722355,-0.07258388,-0.7367707,-0.029675156,0.99174076,-0.124778435
1356078286665,0.68304455,0.11593324,0.7211169,0.7302108,-0.087350145,-0.6776151,-0.015568465,0.9894087,-0.14431976
1356078286709,0.62156624,0.14215761,0.77035487,0.78331995,-0.10264717,-0.6130852,-0.008080006,0.9845074,-0.1751569
1356078286748,0.5611584,0.19131881,0.805294,0.8275692,-0.111840785,-0.55010986,-0.015181661,0.9751352,-0.22108993
1356078286803,0.509187,0.26326078,0.81940365,0.8596017,-0.108451515,-0.4993229,-0.042586595,0.95860946,-0.28152153
1356078286830,0.46458286,0.34361047,0.81614614,0.88150114,-0.09163897,-0.46320415,-0.084371,0.9346305,-0.34546694
1356078286871,0.42260724,0.41068417,0.8079243,0.8976639,-0.06681048,-0.4355869,-0.12491083,0.90932655,-0.39689094
1356078286910,0.3802397,0.4506756,0.80765665,0.91232634,-0.039331466,-0.4075704,-0.15191573,0.8918209,-0.4261186
1356078286953,0.3364854,0.4610825,0.821085,0.92758656,-0.011954904,-0.37341705,-0.16236004,0.88727677,-0.43171656
1356078286991,0.29129976,0.44312748,0.8478104,0.94341123,0.013760284,-0.33133942,-0.15849173,0.89635295,-0.41404307
1356078287030,0.2480995,0.40721634,0.87898886,0.95758283,0.034190357,-0.28612274,-0.14656684,0.91269153,-0.3814608
1356078287071,0.20758916,0.3555796,0.91130126,0.96983016,0.04691048,-0.23922569,-0.12781337,0.93346804,-0.3351137
1356078287109,0.1738561,0.2992145,0.9382136,0.9789603,0.050832644,-0.19761816,-0.1068221,0.9528309,-0.28408152
1356078287150,0.14783055,0.24275419,0.95875776,0.9852375,0.048473477,-0.16418675,-0.08633134,0.968876,-0.2320047
1356078287189,0.131185,0.1910752,0.9727696,0.9889287,0.043427825,-0.14189434,-0.06935772,0.9806142,-0.18326265
1356078287230,0.12456086,0.14716977,0.98123676,0.9905234,0.039226383,-0.13162306,-0.05786127,0.9883331,-0.14088899
1356078287269,0.12830654,0.112589955,0.9853228,0.99032533,0.03840074,-0.1333459,-0.052850544,0.99289924,-0.10657364
1356078287310,0.14215332,0.087751985,0.98594725,0.9883245,0.04259783,-0.14628738,-0.054836243,0.9952311,-0.080672026
1356078287350,0.16616136,0.07224876,0.98344827,0.9840999,0.051315546,-0.1700413,-0.06275141,0.9960656,-0.062573254
1356078287391,0.19906282,0.06527513,0.9778104,0.97712225,0.06301248,-0.20312917,-0.07487348,0.9958757,-0.0512383
1356078287430,0.23928508,0.06593466,0.9687081,0.96679366,0.07602885,-0.24398705,-0.089737,0.99492323,-0.04555267
1356078287470,0.2846565,0.073037356,0.95584327,0.9528121,0.08812603,-0.2904877,-0.10545117,0.9934282,-0.04450524
1356078287510,0.3319558,0.08424619,0.93952537,0.93584037,0.095556915,-0.33922222,-0.11835635,0.9918525,-0.047120273
1356078287552,0.37690058,0.095639616,0.9213029,0.91786385,0.095007926,-0.38535637,-0.12438643,0.9908716,-0.051975608
1356078287590,0.41479868,0.10374004,0.90398014,0.9017264,0.08610344,-0.42364573,-0.121784896,0.9908705,-0.05782956
1356078287630,0.44239312,0.107252,0.8903849,0.8897555,0.07189198,-0.45074022,-0.11235437,0.99162924,-0.06362355
1356078287670,0.4575422,0.107087255,0.88271594,0.8836087,0.05627492,-0.46483198,-0.09945235,0.99265575,-0.068875074
1356078287710,0.4588111,0.10535449,0.8822657,0.8842967,0.042712495,-0.46496767,-0.08667019,0.993517,-0.07356763
1356078287751,0.44642615,0.10390061,0.88876784,0.8916637,0.031703547,-0.45158702,-0.07509729,0.9940823,-0.07849112
1356078287799,0.41894215,0.103933394,0.90204513,0.9057223,0.022686854,-0.42326403,-0.06445584,0.9943255,-0.08463031
1356078287832,0.38025287,0.107552975,0.9186077,0.9233426,0.013145059,-0.38375184,-0.05334875,0.9941124,-0.09430978
1356078287869,0.32951432,0.116728455,0.93690705,0.94321287,0.0035176277,-0.33217037,-0.042069405,0.9931576,-0.10894066
1356078287910,0.27527925,0.13713443,0.9515333,0.9608102,-0.005642146,-0.27714995,-0.032638162,0.99053645,-0.13331339
1356078287950,0.21946466,0.17638955,0.95954263,0.9750992,-0.007511139,-0.22164199,-0.031888068,0.9842918,-0.17364573
1356078287990,0.16280377,0.23156342,0.9591003,0.98565054,0.005756438,-0.16870043,-0.044585884,0.97280276,-0.22730345
1356078288030,0.112003684,0.30178848,0.9467729,0.9908439,0.038366556,-0.12944677,-0.07538992,0.9526026,-0.29472804
1356078288068,0.06340994,0.36599824,0.92845273,0.9919026,0.07946445,-0.09906834,-0.1100378,0.9272166,-0.35799575
1356078288110,0.019855633,0.4116953,0.91110516,0.99042195,0.11644168,-0.074199885,-0.13663837,0.90385187,-0.40544003
1356078288148,-0.018446267,0.43255904,0.9014168,0.98873866,0.14180797,-0.04781556,-0.14851114,0.89038366,-0.4303037
1356078288190,-0.050849512,0.42974213,0.9015187,0.98779416,0.15471707,-0.01803577,-0.14723101,0.88959783,-0.43236405
1356078288235,-0.07715291,0.40614328,0.91054666,0.98758197,0.15649033,0.013878763,-0.136855,0.9003102,-0.4131735
1356078288270,-0.09648201,0.37022144,0.9239195,0.9877668,0.14986446,0.043097615,-0.122507036,0.91677517,-0.38015163
1356078288310,-0.10895157,0.32499158,0.93942004,0.98841035,0.13591701,0.067613006,-0.10570949,0.935899,-0.3360334
1356078288351,-0.11376247,0.27558848,0.95452034,0.98957455,0.11683956,0.08420649,-0.08831939,0.95414865,-0.2860073
1356078288390,-0.11069289,0.22621027,0.96776855,0.99121296,0.09607914,0.090916425,-0.07241616,0.9693285,-0.23485786
1356078288429,-0.09966293,0.18019083,0.9785696,0.9932132,0.07727674,0.08692479,-0.059957623,0.9805914,-0.18666953
1356078288470,-0.08101553,0.1391181,0.98695624,0.9953407,0.06323379,0.07279053,-0.052282542,0.9882549,-0.14359283
1356078288509,-0.054267853,0.10466334,0.993026,0.99726975,0.055558294,0.048644036,-0.050079584,0.9929546,-0.10739261
1356078288548,-0.020012379,0.07813102,0.99674225,0.9983681,0.054894447,0.015742004,-0.05348566,0.99543065,-0.07910216
1356078288588,0.021185547,0.06052196,0.997942,0.99789226,0.059957594,-0.024820685,-0.06133637,0.9963645,-0.05912417
1356078288628,0.06800279,0.052346647,0.99631095,0.99508935,0.068431765,-0.071514875,-0.0719229,0.9962816,-0.04743606
1356078288669,0.11953515,0.052928418,0.9914181,0.98927855,0.07803607,-0.123443276,-0.083900064,0.99554455,-0.043032944
1356078288710,0.17322168,0.060692877,0.98301095,0.9800651,0.08797887,-0.17813453,-0.0972957,0.9942715,-0.044243127
1356078288751,0.22699198,0.07312676,0.9711473,0.96754503,0.09676793,-0.23343661,-0.1110464,0.992617,-0.048787892
1356078288804,0.27853402,0.087002635,0.95647764,0.95265424,0.101412326,-0.28664532,-0.12193754,0.99103296,-0.054636657
1356078288832,0.32612815,0.09895316,0.94013226,0.9367839,0.099559814,-0.33544576,-0.12679279,0.9900991,-0.060228437
1356078288870,0.3682668,0.1069133,0.92355245,0.92125106,0.091811866,-0.3779776,-0.12520391,0.9900203,-0.06468269
1356078288910,0.40440995,0.11073056,0.90784985,0.9067688,0.08089499,-0.4137952,-0.11926025,0.9905528,-0.06769228
1356078288951,0.43468732,0.111578554,0.89364266,0.8936646,0.0693053,-0.44335136,-0.11140272,0.991336,-0.06958765
1356078288990,0.45974916,0.11146408,0.8810258,0.8819534,0.058728978,-0.46766332,-0.10386938,0.9920316,-0.07130551
1356078289032,0.47987044,0.11159894,0.8702127,0.8720329,0.04825549,-0.48706266,-0.096348256,0.992581,-0.07416159
1356078289070,0.4959947,0.11261946,0.86099136,0.8638362,0.036701337,-0.5024341,-0.08818337,0.99296016,-0.07908109
1356078289110,0.5083104,0.11577022,0.8533567,0.85763776,0.021654084,-0.51379806,-0.07796112,0.9930399,-0.08828187
1356078289150,0.516521,0.124011785,0.8472469,0.8537158,0.001853019,-0.5207359,-0.06614736,0.992279,-0.10491368
1356078289190,0.51877075,0.1435931,0.842768,0.85299647,-0.02096118,-0.52149546,-0.057217717,0.9894147,-0.13335845
1356078289230,0.5107783,0.1844123,0.83970094,0.85761744,-0.041151077,-0.5126392,-0.05998242,0.9819872,-0.1791743
1356078289271,0.48893684,0.24652436,0.83675957,0.86875033,-0.05093044,-0.4926247,-0.07882744,0.96779746,-0.23906985
1356078289311,0.45257688,0.32141426,0.83178544,0.8847965,-0.045803264,-0.46372122,-0.110948116,0.9458303,-0.30511567
1356078289350,0.4089709,0.3882825,0.82582057,0.9012327,-0.029791132,-0.43231022,-0.1432564,0.9210588,-0.36211663
1356078289392,0.3693968,0.43081802,0.82337224,0.9147256,-0.01241637,-0.40388483,-0.16377759,0.90235347,-0.39866686
1356078289430,0.3410511,0.44523233,0.82792044,0.924619,1.5385449E-5,-0.3808931,-0.16959864,0.89541507,-0.41166508
1356078289470,0.32657036,0.43420607,0.83953375,0.9309439,0.0057782233,-0.36511654,-0.16338688,0.90079504,-0.4023345
1356078289510,0.32520568,0.40185136,0.8560121,0.93399733,0.0051341653,-0.3572431,-0.1479536,0.91569054,-0.37365848
1356078289550,0.33202288,0.3558902,0.8735576,0.9347705,-9.021163E-5,-0.35525203,-0.1263519,0.93452775,-0.33270568
1356078289613,0.34453833,0.30097836,0.8892162,0.9333978,-0.008618847,-0.3587398,-0.100308865,0.953592,-0.28390202
1356078289639,0.36229384,0.23686412,0.9014647,0.9293783,-0.018435672,-0.36866808,-0.070705146,0.97136784,-0.22681549
1356078289675,0.37208587,0.18058473,0.9104621,0.92701787,-0.02284433,-0.37432078,-0.046797693,0.9832941,-0.17590529
1356078289705,0.37712646,0.13534296,0.9162194,0.9256853,-0.023352623,-0.3775731,-0.029705763,0.9905236,-0.13409188
1356078289748,0.37755877,0.10319179,0.9202178,0.92571145,-0.01788199,-0.37780753,-0.02253133,0.99450076,-0.10227734
1356078289794,0.37411278,0.08317426,0.92364585,0.92706954,-0.0076404214,-0.37481147,-0.024117589,0.9965057,-0.079966664
1356078289830,0.36878836,0.073261976,0.9266217,0.9289223,0.006497264,-0.3702177,-0.03314337,0.99729156,-0.06565854
1356078289873,0.36375144,0.071284354,0.92876446,0.9302191,0.024391383,-0.36619323,-0.048757672,0.99715775,-0.057437688
1356078289911,0.36092192,0.075552315,0.9295306,0.9299669,0.045630753,-0.3648002,-0.06997666,0.9960972,-0.053792
1356078289950,0.362847,0.08359957,0.92809117,0.9272579,0.066349,-0.3684978,-0.09238422,0.99428815,-0.05344385
1356078289993,0.37005353,0.094166934,0.9242256,0.9223071,0.08205654,-0.37764594,-0.111400545,0.992169,-0.056485534
1356078290041,0.38704145,0.10444158,0.91612816,0.9144061,0.08429521,-0.39592382,-0.11857614,0.99095213,-0.062876284
1356078290081,0.41699564,0.11214638,0.90196323,0.90163136,0.074283734,-0.42607832,-0.11478433,0.99091125,-0.07013869
1356078290121,0.45262474,0.11577937,0.88415265,0.8859631,0.053912237,-0.46061137,-0.1009959,0.9918108,-0.0781742
1356078290160,0.49151492,0.11561391,0.8631607,0.8670099,0.0282446,-0.49748993,-0.081896394,0.9928926,-0.086355776
1356078290202,0.5286436,0.11266959,0.84133315,0.84665275,0.0011821538,-0.53214437,-0.060951054,0.9936318,-0.094767064
1356078290240,0.55773306,0.108967125,0.8228365,0.8289883,-0.023707673,-0.55876327,-0.041379303,0.9937626,-0.10355502
1356078290282,0.57366025,0.10714427,0.81205547,0.81876135,-0.04678552,-0.57222456,-0.023318201,0.99314207,-0.11456461
1356078290319,0.56833285,0.11057457,0.8153349,0.8227582,-0.06654321,-0.56448287,-0.008162469,0.99163765,-0.12879483
1356078290360,0.5426955,0.12598547,0.83042717,0.8399291,-0.082422435,-0.5364007,8.671284E-4,0.98860216,-0.15054914
1356078290400,0.49748343,0.16202462,0.8522079,0.86746955,-0.089956865,-0.48928976,-0.0026150644,0.98267794,-0.18530351
1356078290440,0.44750744,0.2226181,0.8661283,0.8939378,-0.08456081,-0.44014153,-0.024742931,0.97123146,-0.23684835
1356078290480,0.41395462,0.30147842,0.85892516,0.9079708,-0.06932451,-0.41325933,-0.065044224,0.9509495,-0.30243078
1356078290521,0.40392023,0.37860614,0.83277,0.908207,-0.056917503,-0.41463295,-0.10958338,0.9238062,-0.36684287
1356078290561,0.40851146,0.4358649,0.80196023,0.90140665,-0.054543853,-0.42952412,-0.14347246,0.8983578,-0.41517335
1356078290600,0.4070498,0.4649392,0.7862201,0.89924276,-0.052990884,-0.43422836,-0.16022727,0.88375527,-0.43966317
1356078290641,0.37987858,0.46580064,0.79920083,0.91082346,-0.03747946,-0.4110911,-0.16153288,0.88409555,-0.4384998
1356078290680,0.3158905,0.44213217,0.8394834,0.9364366,-0.0029403418,-0.35082453,-0.15264243,0.89694506,-0.41495752
1356078290722,0.21156473,0.39581886,0.8936262,0.9677566,0.04304631,-0.24818182,-0.13670233,0.9173192,-0.3739493
1356078290760,0.07931584,0.3323384,0.9398192,0.9901009,0.08325392,-0.11299953,-0.11579773,0.9394785,-0.32244515
1356078290800,-0.0568268,0.26211727,0.9633614,0.99411225,0.10402092,0.030338168,-0.09225759,0.9594134,-0.26648515
1356078290838,-0.17133307,0.1981585,0.9650794,0.98272264,0.10398054,0.15311515,-0.07000843,0.97463906,-0.21255016
1356078290878,-0.2537547,0.14676604,0.95606923,0.9658575,0.09181675,0.24225792,-0.052227974,0.9849007,-0.16505402
1356078290918,-0.30238044,0.10888931,0.9469473,0.9523183,0.07692188,0.29525033,-0.040691316,0.99107325,-0.126957
1356078290958,-0.3183788,0.08288854,0.9443328,0.9472855,0.06548983,0.313626,-0.0358482,0.9944046,-0.099369705
1356078290998,-0.30408168,0.06608468,0.950351,0.95190376,0.06044793,0.3003751,-0.037596613,0.99598134,-0.081287384
1356078291038,-0.25989813,0.05628109,0.9639945,0.96453834,0.06271714,0.25638315,-0.04602948,0.99644315,-0.07058537
1356078291078,-0.18158841,0.052878827,0.98195195,0.98147225,0.07182729,0.17763177,-0.061138064,0.9960145,-0.06494212
1356078291118,-0.06177029,0.057608247,0.9964265,0.9946716,0.08611354,0.056682855,-0.08254045,0.9946184,-0.06262058
1356078291159,0.109531075,0.07383689,0.9912371,0.98826027,0.098769635,-0.116559446,-0.10651046,0.9923672,-0.06215173
1356078291199,0.31995445,0.10085407,0.94204974,0.93883264,0.09992057,-0.32955912,-0.12736753,0.9898709,-0.06271505
1356078291238,0.5143303,0.12693125,0.8481467,0.84631586,0.08472687,-0.52590007,-0.13861403,0.9882863,-0.06384635
1356078291280,0.6271409,0.13800877,0.7665819,0.76679987,0.0634509,-0.6387423,-0.13679227,0.9883964,-0.06603244
1356078291328,0.64812326,0.13363078,0.7497193,0.75152636,0.04685524,-0.658037,-0.12306231,0.98992294,-0.070059106
1356078291372,0.5836869,0.12429777,0.8024087,0.8048184,0.04238689,-0.5920057,-0.107596606,0.9913392,-0.07529646
1356078291410,0.4609964,0.11673105,0.879691,0.8824257,0.044534788,-0.46833912,-0.09384662,0.9921646,-0.08247614
1356078291450,0.28113377,0.11219534,0.9530877,0.95606744,0.053212523,-0.28827682,-0.08305958,0.99226046,-0.092306495
1356078291490,0.08104408,0.11198935,0.99039906,0.993904,0.06543571,-0.08872998,-0.074744284,0.9915526,-0.10600346
1356078291531,-0.098982126,0.11731896,0.98814917,0.99278736,0.079146355,0.09005001,-0.06764379,0.9899354,-0.1243068
1356078291569,-0.22413346,0.13230368,0.9655361,0.97261775,0.092861205,0.21305293,-0.06147313,0.98684984,-0.14949417
1356078291610,-0.2981636,0.159592,0.94107854,0.9526601,0.11118585,0.28297764,-0.059473634,0.98090166,-0.18518853
1356078291651,-0.33712602,0.19763088,0.9204825,0.9389719,0.14161098,0.31349334,-0.06839448,0.96999395,-0.23331058
1356078291690,-0.35525015,0.24134818,0.90307724,0.930164,0.18707111,0.3159105,-0.092695266,0.9522371,-0.29095048
1356078291730,-0.3646223,0.28278756,0.8871764,0.9222357,0.24123442,0.30213788,-0.12857667,0.9283519,-0.34875625
1356078291804,-0.37506086,0.31283778,0.87261784,0.9124798,0.29054922,0.2880307,-0.16343156,0.9042752,-0.39443183
1356078291804,-0.38898894,0.32931867,0.86037016,0.9022058,0.3250564,0.28348374,-0.18631235,0.886503,-0.4235565
1356078291835,-0.40977797,0.32840753,0.85101724,0.8919046,0.3398824,0.29830524,-0.1912801,0.88126516,-0.43218458
1356078291879,-0.43733615,0.31071994,0.8439136,0.88081074,0.33729953,0.33226708,-0.18140966,0.88864064,-0.42119873
1356078291919,-0.4690625,0.2796426,0.8377233,0.8682971,0.31933945,0.379582,-0.16137081,0.9054404,-0.39260304
1356078291959,-0.4991543,0.24405521,0.8314338,0.85567194,0.29013506,0.4285409,-0.13664049,0.9253425,-0.3536533
1356078292000,-0.52641857,0.20565096,0.82497954,0.8432969,0.2499136,0.47580838,-0.10832319,0.946177,-0.30498403
1356078292048,-0.5495224,0.16602334,0.818817,0.83157694,0.2032978,0.51686525,-0.08065197,0.9649384,-0.24977785
1356078292089,-0.5642798,0.13116413,0.8150977,0.82339007,0.16133446,0.5440588,-0.06014234,0.97814476,-0.19903702
1356078292128,-0.5720755,0.099769264,0.8141104,0.8187336,0.12880939,0.5595386,-0.049040288,0.98663783,-0.15537316
1356078292168,-0.5720623,0.071581185,0.81708074,0.8188459,0.10727453,0.56390023,-0.047287345,0.99164927,-0.119981706
1356078292209,-0.56387043,0.04641983,0.82455766,0.8241036,0.09676796,0.55811214,-0.053883344,0.99422395,-0.09281939
1356078292249,-0.5468636,0.024668723,0.83685815,0.8344877,0.09677446,0.5424619,-0.06760469,0.9950006,-0.0735082
1356078292288,-0.5195355,0.008151114,0.85441005,0.85015553,0.10504764,0.5159463,-0.08554819,0.9944338,-0.061505675
1356078292328,-0.4830652,-0.0017121136,0.87558275,0.86908245,0.12070274,0.479715,-0.106506586,0.9926872,-0.05681938
1356078292368,-0.43584514,-0.0032182932,0.90001583,0.8909041,0.14043534,0.43193486,-0.1277841,0.99008465,-0.058340788
1356078292408,-0.37819314,0.0044817626,0.9257159,0.91437864,0.15790534,0.37279695,-0.1445047,0.9874441,-0.063816786
1356078292451,-0.31243205,0.021315753,0.94970095,0.93794835,0.16527414,0.30485615,-0.15046278,0.9860172,-0.07163
1356078292500,-0.24206948,0.04475701,0.969226,0.96004987,0.15557772,0.23259342,-0.14037976,0.98680913,-0.08062953
1356078292541,-0.17797533,0.06637707,0.98179364,0.976483,0.13528451,0.16786632,-0.12167904,0.9885808,-0.08889341
1356078292580,-0.13151866,0.08243054,0.9878806,0.98616475,0.11231667,0.12191829,-0.10090566,0.9902475,-0.096061826
1356078292621,-0.10427433,0.0940333,0.99009323,0.99125534,0.09077376,0.095775574,-0.08086839,0.99142206,-0.10267639
1356078292680,-0.09599492,0.103300095,0.99000704,0.993377,0.073036104,0.08870089,-0.06314337,0.99196506,-0.10962701
1356078292699,-0.10257357,0.11300993,0.98828506,0.99359465,0.058998644,0.09637827,-0.047415763,0.99184066,-0.11833775
1356078292739,-0.11945835,0.12591407,0.9848225,0.99227417,0.048601776,0.11414823,-0.033491254,0.99084985,-0.13074714
1356078292776,-0.14125776,0.14544618,0.97923017,0.9896933,0.044255793,0.13619375,-0.023527741,0.9883759,-0.15019852
1356078292824,-0.16231418,0.17817834,0.9705187,0.9864094,0.054724395,0.15492487,-0.025506794,0.9824753,-0.1846394
1356078292868,-0.18046594,0.22971058,0.9563812,0.9821974,0.0936479,0.16284439,-0.05215597,0.96874297,-0.24252135
1356078292909,-0.19781399,0.28796044,0.936989,0.9755298,0.15142208,0.15941477,-0.0959757,0.94559515,-0.31086737
1356078292949,-0.21118921,0.34564456,0.9142915,0.9662075,0.21525371,0.14180526,-0.14779043,0.9133431,-0.37942368
1356078292989,-0.2222262,0.38905993,0.8940066,0.95665383,0.2640257,0.12289816,-0.18822598,0.88256603,-0.43086904
1356078293031,-0.23216891,0.41055307,0.88178444,0.95011985,0.28982043,0.11522275,-0.2082541,0.8645521,-0.45736194
1356078293068,-0.24000339,0.41154975,0.8792186,0.94740754,0.2968067,0.11968613,-0.21170118,0.86170334,-0.46113998
1356078293110,-0.2478843,0.38896722,0.88727546,0.94783384,0.28683326,0.13905987,-0.20041034,0.8754605,-0.43977773
1356078293148,-0.2531767,0.35321382,0.900634,0.9502723,0.2653051,0.16308212,-0.18133992,0.8971361,-0.40281838
1356078293190,-0.25632274,0.3071481,0.9164926,0.9539442,0.23326385,0.18862244,-0.15584958,0.922631,-0.35279298
1356078293228,-0.25571457,0.25679377,0.93202305,0.9583131,0.19443896,0.20935524,-0.12746045,0.9467051,-0.2958097
1356078293271,-0.2503921,0.20633253,0.9459021,0.96292794,0.15436468,0.22122699,-0.100367576,0.966229,-0.23733509
1356078293308,-0.23906606,0.15930018,0.957847,0.96783113,0.11876315,0.2218064,-0.07842314,0.9800606,-0.18256795
1356078293348,-0.22070038,0.117988646,0.96817863,0.97325665,0.09151304,0.21070558,-0.063740104,0.98878914,-0.13503015
1356078293388,-0.19398671,0.0840016,0.9774011,0.97934204,0.07455593,0.18796429,-0.05708176,0.9936725,-0.09672916
1356078293428,-0.15790021,0.058114856,0.9857435,0.98572016,0.06842673,0.1538623,-0.05850959,0.9959621,-0.068089604
1356078293468,-0.11195573,0.04057768,0.99288434,0.99141157,0.0725269,0.108825594,-0.067594945,0.99654067,-0.048348963
1356078293510,-0.05620444,0.031935304,0.9979085,0.99487996,0.085875034,0.05328566,-0.0839937,0.995794,-0.036598325
1356078293548,0.009656101,0.03250736,0.9994248,0.9944691,0.10422185,-0.012998164,-0.104584455,0.99402267,-0.031321168
1356078293589,0.08065581,0.042827547,0.99582154,0.9886041,0.12396878,-0.08540285,-0.1271084,0.9913615,-0.032340705
1356078293628,0.15613839,0.060453504,0.9858835,0.9770316,0.13709012,-0.16314274,-0.14501742,0.98871213,-0.037659943
1356078293669,0.22914886,0.08096233,0.9700185,0.96135116,0.13743138,-0.23857203,-0.1526263,0.9871969,-0.046340942
1356078293710,0.29640588,0.09881127,0.94993687,0.94346535,0.12423459,-0.3073094,-0.14838076,0.9873208,-0.056401223
1356078293749,0.35261136,0.11074999,0.929193,0.926191,0.100408494,-0.36343983,-0.13354984,0.9887632,-0.06717047
1356078293798,0.39567482,0.11686039,0.9109254,0.91145456,0.071705565,-0.40510356,-0.11265898,0.99055636,-0.078140825
1356078293832,0.42451608,0.11947304,0.8975033,0.90089875,0.043205097,-0.4318734,-0.09037393,0.99189687,-0.08929187
1356078293870,0.439111,0.121618,0.8901632,0.8957466,0.017296001,-0.4442283,-0.069422394,0.9924263,-0.10134405
1356078293910,0.43997896,0.12578258,0.8891554,0.8965682,-0.0054806024,-0.4428717,-0.05083242,0.99204266,-0.11518401
1356078293950,0.42916918,0.1343629,0.89317435,0.90256286,-0.025965437,-0.42977434,-0.034554064,0.99059194,-0.13241455
1356078293990,0.40796137,0.14987221,0.90061414,0.912748,-0.043811515,-0.40616703,-0.02141589,0.9877342,-0.15466896
1356078294030,0.38037112,0.17680284,0.9077767,0.92471683,-0.05709198,-0.37634978,-0.01471293,0.982589,-0.18520874
1356078294070,0.3504057,0.21930254,0.91056144,0.93638384,-0.061240613,-0.34559333,-0.020026088,0.97373295,-0.22681037
1356078294110,0.32256114,0.27840814,0.9046786,0.9456123,-0.05228007,-0.3210672,-0.0420911,0.959039,-0.2801297
1356078294150,0.29873216,0.3484485,0.88844967,0.9510449,-0.03143759,-0.3074494,-0.07919958,0.93680054,-0.34078163
1356078294190,0.27808726,0.41422403,0.86665213,0.95318615,-0.007451296,-0.30229253,-0.118759185,0.9101445,-0.3969047
1356078294230,0.26020965,0.46397805,0.84676754,0.95401716,0.011606842,-0.299527,-0.14880222,0.8857706,-0.43962282
1356078294271,0.24395913,0.4909196,0.8363503,0.95616114,0.022290349,-0.2919913,-0.16198683,0.87091964,-0.46396035
1356078294311,0.22829421,0.49293524,0.83958125,0.96073204,0.025640205,-0.2762907,-0.15772048,0.8696881,-0.46772516
1356078294350,0.2131669,0.47539687,0.8535559,0.9663706,0.026020423,-0.25583357,-0.14383233,0.8793866,-0.45386285
1356078294391,0.19780125,0.4375001,0.87719345,0.9724226,0.025228098,-0.23185721,-0.12356746,0.8988644,-0.4204448
1356078294431,0.18395315,0.3877412,0.9032265,0.97766006,0.022896215,-0.20894146,-0.10169569,0.9214839,-0.37486726
1356078294471,0.17266263,0.33030853,0.92794603,0.98171544,0.018940464,-0.18940943,-0.08013922,0.94368297,-0.32099867
1356078294510,0.16630015,0.2709512,0.94811904,0.9841551,0.014366657,-0.17672655,-0.061505586,0.9624858,-0.26426882
1356078294551,0.16743374,0.21579006,0.9619775,0.98468816,0.011428416,-0.17395023,-0.04853061,0.97637296,-0.21057242
1356078294589,0.17775428,0.16903028,0.9694494,0.98314965,0.0122051835,-0.1823943,-0.042662412,0.98553526,-0.16401249
1356078294629,0.1983003,0.1327526,0.9711095,0.97915477,0.017611146,-0.20235059,-0.043964952,0.99099267,-0.12649307
1356078294670,0.2299828,0.1074675,0.96724284,0.97185326,0.026803732,-0.2340571,-0.051079273,0.99384725,-0.098278254
1356078294710,0.27165276,0.09263691,0.9579265,0.96036184,0.038577616,-0.27607405,-0.06252921,0.9949523,-0.07848525
1356078294751,0.32165343,0.08729097,0.9428252,0.94372046,0.05143267,-0.32672068,-0.077011794,0.9948542,-0.06583479
1356078294799,0.37751755,0.090792745,0.9215407,0.9211929,0.06447473,-0.3837273,-0.094255745,0.9937805,-0.059297264
1356078294831,0.43659425,0.10282913,0.8937626,0.8922833,0.07745172,-0.4447826,-0.114960045,0.9916791,-0.05793774
1356078294870,0.49540603,0.122434616,0.8599899,0.8574596,0.08955471,-0.50669813,-0.13905352,0.9884279,-0.06061679
1356078294908,0.5502434,0.14542985,0.82224226,0.8190885,0.097337365,-0.565349,-0.1622535,0.9845687,-0.0655607
1356078294950,0.5971243,0.16555855,0.78487766,0.78217685,0.0968079,-0.6154898,-0.17788196,0.981437,-0.071689725
1356078294989,0.634275,0.17719203,0.75252783,0.7515246,0.08707762,-0.6539329,-0.18140003,0.9803165,-0.07793301
1356078295030,0.6599438,0.17813382,0.7298921,0.7314844,0.069388896,-0.6783183,-0.17147785,0.9815567,-0.08450934
1356078295068,0.6738502,0.17259228,0.71842736,0.7223924,0.050294876,-0.6896518,-0.1551618,0.98370844,-0.09078814
1356078295109,0.6767708,0.16364288,0.71777594,0.7235749,0.03188955,-0.6895088,-0.13572276,0.9860041,-0.09682596
1356078295148,0.66733307,0.15410078,0.7286423,0.7357363,0.015424915,-0.67709243,-0.115579724,0.9879347,-0.10308398
1356078295189,0.64539003,0.14604396,0.7497618,0.7579261,-3.9812922E-4,-0.6523403,-0.094971836,0.98927796,-0.110947475
1356078295228,0.61130714,0.14182755,0.77858114,0.7879758,-0.0177477,-0.6154505,-0.07346985,0.98973227,-0.122605965
1356078295268,0.56665576,0.14554209,0.81099856,0.8223131,-0.03779456,-0.56777877,-0.05198431,0.9886299,-0.14109764
1356078295308,0.5158548,0.16383871,0.84086305,0.8559902,-0.059311256,-0.5135785,-0.03427136,0.9847025,-0.17084032
1356078295350,0.46538574,0.20562574,0.86089146,0.8846649,-0.07729457,-0.45977542,-0.027999401,0.9755734,-0.21788171
1356078295388,0.41736817,0.26731947,0.8685299,0.90798163,-0.08369845,-0.41056547,-0.03705755,0.95996606,-0.27765423
1356078295430,0.37782186,0.34651217,0.8585918,0.9235798,-0.07574867,-0.3758489,-0.06519899,0.93498206,-0.34865114
1356078295468,0.34159702,0.42099988,0.84028006,0.93460345,-0.05785711,-0.3509543,-0.09913552,0.9052136,-0.41323173
1356078295509,0.3085097,0.47693276,0.823017,0.94254494,-0.036678985,-0.3320598,-0.1281828,0.8781741,-0.46084636
1356078295548,0.27648443,0.506634,0.8166262,0.95013165,-0.016564071,-0.3114089,-0.14424369,0.86200213,-0.48594868
1356078295588,0.2451087,0.50900877,0.82512534,0.95836747,0.001370281,-0.28553444,-0.14647019,0.8607603,-0.4874816
1356078295628,0.21431549,0.4877171,0.8462866,0.9668098,0.017461374,-0.25490013,-0.1390965,0.8728272,-0.46778738
1356078295668,0.18505919,0.44682232,0.875273,0.97462904,0.030658126,-0.22171685,-0.12590227,0.8940972,-0.42981243
1356078295728,0.15911804,0.39161682,0.90626585,0.9812113,0.038724348,-0.18901026,-0.10911417,0.9193132,-0.37809712
1356078295749,0.13915849,0.33033767,0.9335481,0.98607445,0.04046458,-0.16130677,-0.09106138,0.9429951,-0.32010657
