1356079663642,-0.10251707,0.16900483,0.98026913,-0.34123597,0.91968805,-0.1942469,-0.93437046,-0.35441673,-0.036613226
1356079663681,-0.03059092,-0.022538364,0.99927783,-0.35500348,0.9348092,0.010216594,-0.9343643,-0.35443458,-0.036597848
1356079663721,-0.03044468,-0.022620782,0.99928045,-0.3551438,0.9347545,0.010340065,-0.9343158,-0.35457346,-0.03649193
1356079663760,-0.029976249,-0.022977725,0.9992865,-0.355577,0.9345843,0.010823488,-0.93416613,-0.35499886,-0.03618568
1356079663802,-0.028793097,-0.024021417,0.99929667,-0.3565332,0.9342032,0.012183756,-0.93383884,-0.35593164,-0.035463035
1356079663842,-0.026368765,-0.02636309,0.99930465,-0.35802794,0.9335875,0.015182063,-0.9333385,-0.35737866,-0.034056246
1356079663880,-0.022527965,-0.030249134,0.9992885,-0.35973322,0.9328381,0.020127818,-0.9327832,-0.3590238,-0.03189653
1356079663922,-0.017295478,-0.03540264,0.9992235,-0.36135113,0.9320455,0.02676794,-0.93226945,-0.36060756,-0.028912961
1356079663960,-0.011394026,-0.04135102,0.99907976,-0.3625181,0.9313412,0.034413055,-0.9319071,-0.3617924,-0.025602221
1356079664000,-0.0057870746,-0.04726544,0.99886566,-0.3628963,0.93088496,0.041946188,-0.93181163,-0.36224186,-0.022539556
1356079664041,-0.0012540817,-0.052512392,0.9986195,-0.362131,0.9308649,0.04849474,-0.93212634,-0.36157024,-0.020183742
1356079664082,0.0019082725,-0.05675277,0.9983865,-0.36001104,0.9314052,0.053633377,-0.9329462,-0.35953248,-0.018654227
1356079664121,0.0039060693,-0.05995345,0.9981935,-0.35640028,0.93256813,0.0574065,-0.9343252,-0.3559807,-0.017724752
1356079664160,0.0054863095,-0.062450916,0.99803287,-0.35177714,0.934134,0.06038627,-0.93606764,-0.35141647,-0.016843855
1356079664202,0.0076615214,-0.064794436,0.99786925,-0.3464138,0.9359347,0.063432574,-0.9380505,-0.34616163,-0.0152750015
1356079664249,0.01153061,-0.06764227,0.997643,-0.34079254,0.937711,0.06751756,-0.94006777,-0.3407678,-0.012239575
1356079664281,0.017710654,-0.071433604,0.9972881,-0.33567455,0.93912727,0.073228866,-0.94181156,-0.33606118,-0.007345915
1356079664320,0.027273983,-0.076698944,0.99668115,-0.33168697,0.93987083,0.08140367,-0.94299513,-0.33280638,1.9395351E-4
1356079664360,0.040840447,-0.08366492,0.99565667,-0.32953548,0.9396038,0.092471875,-0.9432594,-0.3318808,0.010803282
1356079664400,0.058324754,-0.09212328,0.994038,-0.32985935,0.9380277,0.10628683,-0.94222665,-0.33409187,0.02432251
1356079664440,0.079408735,-0.10173438,0.99163723,-0.33301082,0.93492097,0.12258272,-0.9395733,-0.33996004,0.04036224
1356079664480,0.103702545,-0.11216332,0.9882637,-0.3385316,0.9303141,0.1411098,-0.9352231,-0.34919196,0.058505118
1356079664520,0.13066277,-0.12302424,0.98376435,-0.34514105,0.92455816,0.16146156,-0.929411,-0.36063448,0.07834464
1356079664579,0.15989152,-0.13391559,0.9780088,-0.35155594,0.91806996,0.18318309,-0.9224115,-0.3731143,0.09971279
1356079664602,0.19014141,-0.1438996,0.9711536,-0.3569491,0.91136813,0.2049278,-0.9145675,-0.38561767,0.12192398
1356079664642,0.22143054,-0.15278624,0.9631328,-0.36127853,0.9045185,0.22654825,-0.9057849,-0.39812392,0.14508963
1356079664682,0.25353104,-0.16023898,0.95396304,-0.36478114,0.89753866,0.24770771,-0.8959111,-0.4107893,0.16910177
1356079664720,0.2866938,-0.16651723,0.94343984,-0.3676001,0.89027786,0.268841,-0.8846903,-0.42388365,0.1940254
1356079664760,0.32171237,-0.17240253,0.9310095,-0.36948666,0.8824659,0.29109028,-0.8717688,-0.4376429,0.22019976
1356079664800,0.35974938,-0.178937,0.91573024,-0.36960906,0.8738217,0.31595072,-0.8567202,-0.45212528,0.24822009
1356079664840,0.40095222,-0.1865964,0.89689416,-0.36665654,0.8645137,0.3437718,-0.83952385,-0.4666882,0.2782119
1356079664881,0.4450003,-0.19559368,0.87390953,-0.35894015,0.8550848,0.37415504,-0.82044905,-0.48018032,0.31030655
1356079664920,0.49021196,-0.20544198,0.8470453,-0.34494296,0.8467521,0.40500027,-0.8004415,-0.4907183,0.34422225
1356079664960,0.53397274,-0.21538916,0.8176066,-0.32360843,0.8413119,0.43298024,-0.78112143,-0.49578404,0.37953582
1356079665000,0.5725899,-0.22444339,0.78852135,-0.29566002,0.84054583,0.45394695,-0.76467377,-0.4930597,0.4149291
1356079665040,0.60190594,-0.23160003,0.76424515,-0.2649735,0.84487903,0.4647241,-0.75332487,-0.4822249,0.4471698
1356079665080,0.61839986,-0.23608795,0.74956256,-0.23805216,0.8527187,0.4649752,-0.7489411,-0.4659756,0.47111988
1356079665120,0.62040967,-0.23764382,0.7474071,-0.22080497,0.8615123,0.45721084,-0.7525537,-0.44868922,0.48201758
1356079665160,0.6077987,-0.23626128,0.7581302,-0.2159909,0.86953294,0.44414002,-0.7641523,-0.43369693,0.47747067
1356079665200,0.5803813,-0.23163597,0.78070635,-0.22339503,0.87662697,0.42616877,-0.78310424,-0.42174628,0.45703158
1356079665240,0.53727865,-0.22286436,0.8134268,-0.24126989,0.88353753,0.40143526,-0.8081587,-0.41193795,0.4209354
1356079665280,0.47825155,-0.20926183,0.85292727,-0.26651937,0.8908111,0.36799863,-0.83680516,-0.40331754,0.37025946
1356079665320,0.4052258,-0.19082943,0.89407843,-0.2949159,0.89840287,0.32541806,-0.86534196,-0.39554572,0.3077774
1356079665360,0.32282898,-0.16873483,0.9312948,-0.32150477,0.9059181,0.27558514,-0.8901776,-0.38838258,0.23820758
1356079665400,0.2383998,-0.14550175,0.9602056,-0.34170073,0.91292584,0.22317481,-0.9090689,-0.38130778,0.16792327
1356079665440,0.16000256,-0.124194995,0.97927254,-0.35300177,0.91925144,0.17425957,-0.9218399,-0.37356696,0.1032415
1356079665480,0.093658835,-0.10715655,0.989821,-0.35559374,0.9250156,0.13378781,-0.9299361,-0.36450455,0.04853171
1356079665539,0.042312413,-0.09548196,0.99453145,-0.35141224,0.93039566,0.10427536,-0.93526417,-0.3539027,0.0058137774
1356079665603,0.006464362,-0.08923566,0.99598956,-0.34277105,0.9354707,0.0860382,-0.93939674,-0.34195256,-0.024540186
1356079665607,-0.014360309,-0.08830803,0.9959897,-0.3314841,0.9401826,0.0785806,-0.9433515,-0.32902634,-0.04277402
1356079665628,-0.025380045,-0.09058085,0.9955657,-0.3201107,0.9441848,0.07774538,-0.94704014,-0.31671804,-0.052959323
1356079665657,-0.027079493,-0.09617481,0.9949961,-0.30832496,0.94763523,0.08320571,-0.95089567,-0.30452895,-0.0553146
1356079665701,-0.015313833,-0.1077987,0.9940548,-0.294116,0.950674,0.09856335,-0.955647,-0.29085803,-0.046263814
1356079665740,0.0042501986,-0.1235477,0.99232954,-0.28029546,0.9524114,0.11977833,-0.9599044,-0.27865455,-0.030581951
1356079665780,0.026872277,-0.140805,0.98967266,-0.27040675,0.95209664,0.14280118,-0.9623711,-0.27145153,-0.012489617
1356079665820,0.04941687,-0.15741163,0.9862958,-0.26803887,0.94918746,0.16491885,-0.96213984,-0.27251542,0.004713416
1356079665860,0.07099953,-0.17182527,0.98256564,-0.27514797,0.94346017,0.18486878,-0.9587767,-0.28347653,0.019707859
1356079665900,0.09200141,-0.182758,0.97884387,-0.2915717,0.9349827,0.20197357,-0.9521144,-0.30398506,0.032732666
1356079665940,0.11254129,-0.18850055,0.9756034,-0.31480107,0.9245003,0.21494073,-0.942462,-0.3313107,0.04470426
1356079665980,0.13247842,-0.18731397,0.97332567,-0.34134555,0.9132914,0.22222072,-0.93055505,-0.36167985,0.057052612
1356079666020,0.15198508,-0.17817959,0.9721896,-0.36840376,0.9025229,0.22300488,-0.9171583,-0.3920517,0.07152802
1356079666060,0.17183274,-0.16126253,0.9718374,-0.3944546,0.8927122,0.21787722,-0.9027065,-0.42078418,0.08978641
1356079666101,0.19399688,-0.13858199,0.9711644,-0.4185992,0.8836272,0.20970884,-0.8872091,-0.44721147,0.11341059
1356079666140,0.22233787,-0.114207536,0.9682574,-0.43890944,0.87506694,0.2040009,-0.87058854,-0.47033447,0.14443374
1356079666180,0.2631235,-0.09425177,0.9601472,-0.45037156,0.8681214,0.20864019,-0.85318905,-0.4873211,0.18597484
1356079666220,0.3224898,-0.085317194,0.9427202,-0.44411623,0.8658687,0.23028722,-0.8359194,-0.4929426,0.24134308
1356079666260,0.39941227,-0.09090853,0.91225296,-0.4114803,0.8714329,0.2669994,-0.8192398,-0.48201695,0.31065392
1356079666300,0.47981232,-0.10762463,0.8707452,-0.3547851,0.8838868,0.30474848,-0.8024386,-0.45514947,0.38591617
1356079666340,0.54371655,-0.12684816,0.82962745,-0.29303074,0.89760953,0.32928723,-0.78645104,-0.4221453,0.45087478
1356079666380,0.5788719,-0.1409382,0.8031461,-0.24974218,0.9069723,0.3391609,-0.776232,-0.39691016,0.48982254
1356079666420,0.58390707,-0.1467525,0.7984462,-0.23655272,0.91008955,0.34026432,-0.77659214,-0.38755733,0.496693
1356079666460,0.5611613,-0.1434783,0.81517607,-0.25232998,0.9083264,0.33357573,-0.7883068,-0.39288312,0.47351372
1356079666500,0.51121396,-0.12979761,0.8495957,-0.29009235,0.90445846,0.31273207,-0.8090159,-0.4063342,0.4247185
1356079666540,0.43447548,-0.1046712,0.8945809,-0.33905727,0.90115464,0.27011198,-0.8344287,-0.42067122,0.35604006
1356079666580,0.33266377,-0.06775004,0.94060874,-0.38642928,0.9000399,0.20149586,-0.86023676,-0.43050912,0.27323008
1356079666621,0.22198999,-0.027908996,0.9746493,-0.41632205,0.9011796,0.1206283,-0.88170075,-0.43254632,0.1884337
1356079666660,0.11738622,0.00883317,0.99304706,-0.42368454,0.904834,0.042034447,-0.89817137,-0.42567295,0.109957516
1356079666700,0.032563623,0.035461202,0.99884033,-0.41159946,0.9111682,-0.018929914,-0.9107828,-0.41050577,0.04426676
1356079666740,-0.026069436,0.048761263,0.9984702,-0.38842255,0.91983473,-0.055062488,-0.92111254,-0.3892638,-0.0050396323
1356079666780,-0.05979443,0.049895003,0.99696296,-0.36161584,0.9298277,-0.068223566,-0.9304078,-0.364597,-0.037555695
1356079666820,-0.073854536,0.042293653,0.9963718,-0.33520126,0.93991935,-0.06474364,-0.9392474,-0.33876666,-0.055240452
1356079666860,-0.07365543,0.029392064,0.99685055,-0.31054536,0.94919306,-0.05093251,-0.9477007,-0.3133188,-0.06078565
1356079666900,-0.06322974,0.013466984,0.9979081,-0.28828722,0.95703614,-0.031181946,-0.9554541,-0.2896558,-0.05663079
1356079666940,-0.045598447,-0.0041210204,0.9989514,-0.26931167,0.96301717,-0.008320317,-0.961973,-0.26940864,-0.04502189
1356079666980,-0.023840398,-0.021934092,0.99947506,-0.25516328,0.9667796,0.015130177,-0.96660393,-0.25466865,-0.028645158
1356079667020,-0.0012163827,-0.038027845,0.999276,-0.24795777,0.9680815,0.0365389,-0.9687701,-0.2477338,-0.010606885
1356079667061,0.02031964,-0.05081419,0.9985014,-0.24935734,0.96688914,0.05427988,-0.9681984,-0.2500866,0.006975949
1356079667100,0.039944053,-0.05878985,0.997471,-0.25872543,0.9636137,0.067155115,-0.9651247,-0.26075354,0.023280203
1356079667140,0.057490468,-0.060670502,0.99650085,-0.2741516,0.9588203,0.074192815,-0.95996654,-0.27745765,0.038490117
1356079667180,0.07219237,-0.054386802,0.9959068,-0.29320383,0.95323503,0.07331053,-0.9533203,-0.29729614,0.052869856
1356079667220,0.083314925,-0.038405716,0.995783,-0.31402826,0.9473337,0.062811166,-0.94575095,-0.31793708,0.06686658
1356079667260,0.09088078,-0.012809366,0.9957794,-0.3358033,0.9409615,0.04275161,-0.93753767,-0.3382713,0.08121389
1356079667300,0.0957706,0.0207154,0.9951878,-0.3585769,0.9333784,0.015078381,-0.9285745,-0.35829544,0.09681827
1356079667341,0.09956011,0.0591013,0.9932748,-0.382742,0.9237062,-0.016598016,-0.91847503,-0.37851545,0.11458486
1356079667380,0.10634512,0.0965281,0.9896327,-0.4085014,0.91164654,-0.04502417,-0.90654135,-0.39947826,0.13638103
1356079667420,0.12399995,0.12554584,0.984308,-0.43420202,0.8988189,-0.05994256,-0.89224017,-0.41995567,0.16596574
1356079667460,0.16464376,0.13677034,0.97682464,-0.45353636,0.88993555,-0.048160985,-0.875898,-0.43509609,0.20855266
1356079667500,0.23637259,0.12298702,0.96384764,-0.4544223,0.8907836,-0.0022221655,-0.858853,-0.4374686,0.26644486
1356079667540,0.3249684,0.08899419,0.9415283,-0.4279127,0.9016587,0.06246835,-0.8433778,-0.4231922,0.33109236
1356079667584,0.39641228,0.053206816,0.91652954,-0.38581622,0.91553986,0.11372171,-0.8330686,-0.3986926,0.38345933
1356079667622,0.42911935,0.030526549,0.9027318,-0.3538083,0.9252453,0.1368972,-0.83106935,-0.37813926,0.4078412
1356079667661,0.42496365,0.021935135,0.9049446,-0.3448361,0.92824876,0.13943565,-0.83695513,-0.37131262,0.402036
1356079667692,0.406182,0.013806686,0.9136879,-0.3469823,0.9273275,0.14023896,-0.84535164,-0.37399608,0.3814544
1356079667732,0.35628057,0.02347377,0.9340842,-0.37049598,0.92128724,0.11816326,-0.85778606,-0.38817367,0.33693367
1356079667770,0.28838056,0.035895213,0.9568428,-0.39684272,0.9139128,0.085318744,-0.87140834,-0.4043204,0.27779943
1356079667810,0.21305707,0.047252595,0.9758964,-0.4148081,0.9087169,0.04656087,-0.88461345,-0.4147299,0.21320933
1356079667850,0.14206177,0.053161994,0.9884292,-0.41918004,0.9078313,0.01141949,-0.89671993,-0.4159521,0.15125257
1356079667890,0.08501369,0.049993843,0.99512476,-0.41137424,0.9114044,-0.010644078,-0.9074932,-0.4084638,0.09804803
1356079667930,0.046151694,0.036649987,0.99826187,-0.3960387,0.9181047,-0.015397459,-0.9170732,-0.39463973,0.05688691
1356079667970,0.024708752,0.014472544,0.99959,-0.37681806,0.92627823,-0.0040965825,-0.92595774,-0.3765623,0.028340697
1356079668010,0.017403185,-0.01407063,0.99974954,-0.35505947,0.93464375,0.019335046,-0.9346818,-0.35530704,0.011269867
1356079668050,0.020499796,-0.04642321,0.99871147,-0.33079785,0.9423444,0.050593138,-0.94347894,-0.33140874,0.003961146
1356079668090,0.030816406,-0.080581516,0.9962715,-0.3043922,0.9486435,0.086144604,-0.9520482,-0.30591196,0.0047053695
1356079668130,0.04553479,-0.11486691,0.99233675,-0.27791083,0.95269567,0.12303064,-0.959527,-0.2813833,0.011458039
1356079668170,0.06167841,-0.14736435,0.9871572,-0.25580058,0.9536728,0.15834835,-0.96475995,-0.26228207,0.021125138
1356079668210,0.07721889,-0.17645508,0.98127526,-0.24365544,0.95103085,0.19019035,-0.9667831,-0.25377932,0.03044331
1356079668250,0.091392726,-0.20092309,0.97533447,-0.24496657,0.94480014,0.21758723,-0.96521443,-0.25881022,0.03712845
1356079668290,0.10433161,-0.21938752,0.97004336,-0.25900075,0.9357177,0.2394808,-0.96022576,-0.27622736,0.040803432
1356079668330,0.11518854,-0.22924912,0.966528,-0.2815293,0.9255744,0.25308737,-0.95261365,-0.3012587,0.042075217
1356079668370,0.121821254,-0.22686243,0.96627796,-0.30805147,0.9168123,0.2540858,-0.94353795,-0.3286164,0.04180193
1356079668410,0.12203884,-0.2089274,0.9702865,-0.3362754,0.91107076,0.23847216,-0.933823,-0.35538638,0.0409289
1356079668450,0.11457378,-0.17353565,0.97814023,-0.36589378,0.9080328,0.20395634,-0.9235771,-0.38126346,0.040541112
1356079668490,0.10051653,-0.12190147,0.9874394,-0.3971346,0.9050592,0.15215783,-0.9122393,-0.40744066,0.042562127
1356079668530,0.08653575,-0.06139788,0.994355,-0.4299682,0.8980548,0.09287055,-0.8986873,-0.4355777,0.05131471
1356079668598,0.08915889,-0.008365154,0.9959823,-0.46467698,0.8841222,0.049022853,-0.88098013,-0.46718085,0.074940264
1356079668611,0.129888,0.018177703,0.99136204,-0.4989363,0.8652235,0.04950568,-0.85684985,-0.5010567,0.121451676
1356079668651,0.22362566,0.004239887,0.9746659,-0.5194851,0.8466365,0.11550683,-0.824698,-0.53215474,0.1915322
1356079668688,0.3470931,-0.03760107,0.93707657,-0.5090221,0.83165574,0.22191271,-0.7876693,-0.55401707,0.2695222
1356079668731,0.44769007,-0.0733002,0.8911794,-0.47904354,0.821887,0.30825162,-0.7550437,-0.5649149,0.3328367
1356079668770,0.49185365,-0.0772374,0.8672453,-0.46405056,0.8195396,0.33617255,-0.736707,-0.56779337,0.3672515
1356079668810,0.48089945,-0.048949346,0.8754083,-0.47606766,0.82386106,0.3075915,-0.73627126,-0.56467414,0.37289113
1356079668851,0.42669946,0.0011737943,0.9043927,-0.5027825,0.831534,0.23613748,-0.7517562,-0.5554726,0.35540527
1356079668890,0.34492603,0.05958219,0.9367369,-0.52517235,0.8394029,0.13998826,-0.7779589,-0.5402339,0.32082283
1356079668930,0.25196737,0.11492847,0.960887,-0.53088003,0.8465968,0.037950754,-0.80912226,-0.5196781,0.274328
1356079668970,0.16177356,0.1601345,0.97374856,-0.51734626,0.8540391,-0.05449882,-0.84034646,-0.49494871,0.22100592
1356079669011,0.08077466,0.19415152,0.97764033,-0.48847526,0.8626935,-0.13096517,-0.868831,-0.46697444,0.16452199
1356079669050,0.01249706,0.21712168,0.97606456,-0.45059645,0.87263346,-0.18834463,-0.89264023,-0.43745747,0.108739614
1356079669090,-0.043669492,0.23148626,0.9718575,-0.40990132,0.8829839,-0.22873607,-0.9110839,-0.4083545,0.056327045
1356079669130,-0.08872032,0.23907608,0.96693915,-0.37146765,0.89279073,-0.2548264,-0.92419726,-0.3817949,0.009600341
1356079669171,-0.12189683,0.24001357,0.96308595,-0.33895275,0.90192175,-0.26767156,-0.9328731,-0.35906896,-0.028588176
1356079669210,-0.14008638,0.23214222,0.9625413,-0.31403127,0.9115219,-0.26554108,-0.9390208,-0.33946675,-0.054791927
1356079669250,-0.14027116,0.21273251,0.9669896,-0.29600447,0.9229691,-0.24598658,-0.94483083,-0.32073808,-0.06649619
1356079669290,-0.123732835,0.18184504,0.9755115,-0.28268293,0.9358736,-0.21031135,-0.9511996,-0.30178285,-0.06439382
1356079669330,-0.09740764,0.1446841,0.98467165,-0.27236617,0.94773114,-0.16619974,-0.9572504,-0.28438038,-0.052909195
1356079669370,-0.069543034,0.10889549,0.9916176,-0.2655321,0.9561435,-0.12362186,-0.9615906,-0.27190337,-0.037577868
1356079669410,-0.045375198,0.08062186,0.9957114,-0.26394635,0.9603492,-0.08978681,-0.96346945,-0.2668885,-0.02229619
1356079669450,-0.026444765,0.06301541,0.9976621,-0.26853192,0.96088105,-0.0678101,-0.96290773,-0.26969737,-0.0084885955
1356079669490,-0.012626858,0.05728648,0.9982779,-0.27851272,0.9586471,-0.058535047,-0.96034956,-0.2787722,0.0038502812
1356079669530,-0.0038678907,0.06381405,0.99795425,-0.2920807,0.95437163,-0.06215921,-0.95638585,-0.2917236,0.014947474
1356079669581,-4.927218E-4,0.0819776,0.9966341,-0.3079565,0.9481858,-0.07814474,-0.9514004,-0.30695844,0.024778366
1356079669612,-0.0026074685,0.109831855,0.9939468,-0.32590884,0.93958795,-0.10468013,-0.9453976,-0.32420897,0.033345222
1356079669652,-0.007929649,0.1424622,0.98976845,-0.3468208,0.9279683,-0.1363456,-0.93789786,-0.34435347,0.04205036
1356079669692,-0.008787304,0.17108628,0.9852169,-0.37283745,0.9136485,-0.16198358,-0.9278551,-0.36874917,0.055758893
1356079669730,0.010019869,0.18330988,0.98300403,-0.40629593,0.8989942,-0.16350238,-0.9136866,-0.39775229,0.0834859
1356079669770,0.069855064,0.16486183,0.98383975,-0.44445422,0.8880937,-0.11726037,-0.8930737,-0.42908058,0.13531142
1356079669812,0.17861244,0.10980736,0.977773,-0.46984345,0.88264966,-0.013297066,-0.86449105,-0.45702523,0.20924449
1356079669851,0.30440566,0.034969673,0.9519003,-0.46400756,0.8781871,0.11612199,-0.8318859,-0.47703713,0.28355134
1356079669890,0.39743406,-0.029830143,0.9171458,-0.43900412,0.8714913,0.21858238,-0.8058049,-0.48950285,0.33326477
1356079669930,0.4396683,-0.07247028,0.8952317,-0.41908082,0.8650321,0.27584553,-0.79439473,-0.49645495,0.34995627
1356079669970,0.439667,-0.098124295,0.8927847,-0.41153362,0.86152196,0.29735497,-0.7983314,-0.4981481,0.33840132
1356079670010,0.41009325,-0.114981025,0.90476674,-0.41195282,0.86170906,0.29623026,-0.8137066,-0.49420327,0.3060143
1356079670050,0.36050367,-0.12799777,0.9239338,-0.4145553,0.8653474,0.2816341,-0.8355723,-0.4845518,0.25889874
1356079670090,0.3033206,-0.14272857,0.94213855,-0.41319168,0.87122947,0.2650129,-0.8586438,-0.4696677,0.20528758
1356079670130,0.2468678,-0.16040239,0.9556816,-0.40527853,0.87872446,0.2521757,-0.88023037,-0.4495713,0.15192115
1356079670170,0.19528714,-0.18019824,0.9640496,-0.39077586,0.88727975,0.24500787,-0.8995316,-0.4245742,0.10285723
1356079670210,0.14957541,-0.20014274,0.96828204,-0.37156266,0.8961431,0.2426289,-0.9162796,-0.39606878,0.059675395
1356079670250,0.11052102,-0.2189756,0.9694508,-0.3504126,0.9042036,0.2441862,-0.9300516,-0.3666955,0.023201704
1356079670290,0.08039564,-0.2370592,0.9681629,-0.3296515,0.9103263,0.25027168,-0.94067335,-0.3392771,-0.004960656
1356079670330,0.062586546,-0.25623086,0.9645873,-0.30980083,0.91375303,0.26282853,-0.94873935,-0.31527948,-0.022191882
1356079670370,0.05913812,-0.27809897,0.9587303,-0.28982052,0.91426015,0.28307676,-0.95525223,-0.2946003,-0.02653116
1356079670410,0.068458736,-0.3022331,0.9507726,-0.26985157,0.9118743,0.30929825,-0.96046525,-0.27774164,-0.019132316
1356079670450,0.08609879,-0.3262816,0.94134337,-0.25288618,0.90675,0.33742106,-0.96365744,-0.26710427,-0.004442036
1356079670490,0.10761365,-0.34755942,0.9314621,-0.2431229,0.8992573,0.36363116,-0.96400756,-0.2655914,0.012272716
1356079670530,0.1299054,-0.36395398,0.92231345,-0.24331565,0.8900518,0.38549358,-0.9612087,-0.274491,0.027066827
1356079670580,0.15029302,-0.37362054,0.9153249,-0.25366458,0.88027394,0.40096408,-0.95554507,-0.29244763,0.03752476
1356079670612,0.1664063,-0.37506694,0.9119395,-0.27230895,0.87138945,0.40807888,-0.94771135,-0.31623617,0.04287064
1356079670652,0.17703375,-0.36759812,0.91297907,-0.29664028,0.8645648,0.4056257,-0.9384368,-0.3426358,0.044012725
1356079670692,0.18249264,-0.35143432,0.918254,-0.32413843,0.8602208,0.3936427,-0.92824066,-0.36947832,0.043070614
1356079670730,0.18524322,-0.327997,0.92633843,-0.35227862,0.85783625,0.37418818,-0.91737926,-0.39564508,0.04336202
1356079670770,0.19219258,-0.30131316,0.93395525,-0.37799913,0.85553634,0.35379964,-0.9056372,-0.42103195,0.050531626
1356079670810,0.21709114,-0.27901548,0.935426,-0.3961783,0.85062253,0.34566462,-0.89214027,-0.44563627,0.07412273
1356079670850,0.27716354,-0.27062422,0.9219236,-0.39730132,0.8413613,0.36641893,-0.8748327,-0.4678394,0.12567532
1356079670890,0.37387362,-0.2792811,0.8844323,-0.37013242,0.82943404,0.4183791,-0.8504237,-0.48377797,0.20673251
1356079670930,0.47629496,-0.2956617,0.8280865,-0.31901717,0.8194945,0.47608483,-0.8193724,-0.49093062,0.29599994
1356079670970,0.54688895,-0.3077475,0.778591,-0.272019,0.8142133,0.51289606,-0.7917816,-0.4922887,0.36157107
1356079671010,0.5752406,-0.31196877,0.75615716,-0.25063726,0.8127284,0.5259787,-0.7786393,-0.49208546,0.38932338
1356079671050,0.5680182,-0.3095809,0.7625713,-0.2553214,0.81455946,0.5208684,-0.78241056,-0.49056354,0.38364196
1356079671091,0.5327587,-0.30173135,0.79064935,-0.2776304,0.8202547,0.5001036,-0.7994308,-0.4859428,0.35322797
1356079671130,0.47557414,-0.28913373,0.83080137,-0.3082409,0.8297897,0.46522745,-0.8239033,-0.4773371,0.30550367
1356079671170,0.40300676,-0.27290028,0.8735623,-0.33879286,0.84221125,0.419404,-0.8501794,-0.46497932,0.24696016
1356079671210,0.3225274,-0.25483546,0.9116112,-0.36267623,0.8563113,0.36769128,-0.8743237,-0.44921023,0.18376112
1356079671250,0.24278778,-0.23764393,0.9405208,-0.37573448,0.87081534,0.31702405,-0.8943588,-0.43035567,0.1221323
1356079671290,0.17205197,-0.22426876,0.95921934,-0.37736443,0.88445437,0.2744751,-0.9099419,-0.40919924,0.06754106
1356079671330,0.11652088,-0.21721435,0.9691444,-0.37005025,0.8960362,0.24532,-0.9216755,-0.387217,0.024026692
1356079671370,0.07960802,-0.2180196,0.9726922,-0.35731077,0.90470636,0.23202464,-0.93058676,-0.3660244,-0.0058788657
1356079671410,0.06232673,-0.22722408,0.971846,-0.34139314,0.91014826,0.23469308,-0.9378519,-0.34640923,-0.020846188
1356079671450,0.06254828,-0.24369444,0.96783304,-0.32280803,0.9126672,0.2506662,-0.9443954,-0.328103,-0.021580756
1356079671490,0.07429561,-0.26402977,0.9616488,-0.30268225,0.91285175,0.2740169,-0.9501914,-0.31143227,-0.012096226
1356079671530,0.090560436,-0.28393346,0.9545577,-0.2852263,0.9109494,0.298022,-0.9541722,-0.29925397,0.0015106797
1356079671596,0.10729605,-0.3004939,0.9477294,-0.27549052,0.9069217,0.31874448,-0.9552972,-0.29529047,0.01452589
1356079671611,0.12287423,-0.31164783,0.9422195,-0.27511984,0.90150607,0.3340597,-0.95352554,-0.3002706,0.025031388
1356079671651,0.13559395,-0.31548196,0.93919396,-0.28132224,0.89667225,0.3418138,-0.94998527,-0.31056404,0.03283125
1356079671688,0.14339873,-0.3100287,0.9398505,-0.290553,0.8946272,0.33944234,-0.94605273,-0.32175198,0.038208663
1356079671730,0.14578483,-0.29468137,0.94440967,-0.30168504,0.8958992,0.32611474,-0.94219583,-0.33245686,0.041707575
1356079671770,0.14370137,-0.26942724,0.9522389,-0.31553745,0.89952934,0.30213103,-0.9379692,-0.34388366,0.044249237
1356079671810,0.14009696,-0.23681355,0.96140116,-0.33334416,0.9030154,0.2710073,-0.9323382,-0.35844475,0.047569335
1356079671850,0.1412287,-0.20212758,0.96912277,-0.35575378,0.90318036,0.24021754,-0.9238472,-0.37869468,0.055647373
1356079671890,0.15895039,-0.17450505,0.97174203,-0.38147116,0.89696103,0.22347409,-0.9106121,-0.40621287,0.07600367
1356079671931,0.20920894,-0.16582283,0.96370864,-0.40341946,0.8831067,0.2395311,-0.89077735,-0.43889087,0.117857635
1356079671970,0.3008127,-0.1845071,0.93566483,-0.40475038,0.8636644,0.3004347,-0.8635327,-0.46908528,0.1851219
1356079672010,0.41532642,-0.22494802,0.8814207,-0.3696942,0.84357774,0.38949043,-0.8311619,-0.48762178,0.26719815
1356079672050,0.50989765,-0.2673192,0.81764585,-0.3118549,0.8283917,0.46531036,-0.80171746,-0.49224755,0.33903024
1356079672090,0.5587789,-0.29725748,0.77421194,-0.2666952,0.81955546,0.50715137,-0.7852642,-0.48986405,0.37867314
1356079672130,0.5656256,-0.31425887,0.76243633,-0.25262374,0.8140653,0.5229522,-0.7850153,-0.48840463,0.3810669
1356079672170,0.5417501,-0.32229054,0.77629614,-0.26703364,0.8097292,0.5225243,-0.7969943,-0.49037477,0.3526084
1356079672210,0.4952946,-0.32415265,0.8059828,-0.29944587,0.8072133,0.50866383,-0.81548476,-0.4932867,0.30274224
1356079672250,0.43258765,-0.32161486,0.8422778,-0.33723575,0.80867827,0.4819871,-0.83614594,-0.49254784,0.24136418
1356079672290,0.3612566,-0.3168051,0.87699956,-0.3684574,0.8154779,0.44635743,-0.8565821,-0.48438656,0.17786759
1356079672331,0.29142457,-0.31317842,0.9038755,-0.3850329,0.8265665,0.41053316,-0.87568337,-0.4676613,0.12029779
1356079672370,0.23208562,-0.31376573,0.92069936,-0.38556,0.8393333,0.3832271,-0.8930172,-0.44392633,0.073821664
1356079672410,0.18758509,-0.31957576,0.92880744,-0.37367073,0.85127854,0.36836815,-0.90839535,-0.4161685,0.040271044
1356079672450,0.15807813,-0.32996002,0.93066525,-0.35430267,0.8607989,0.36536956,-0.92167294,-0.3874941,0.01916778
1356079672490,0.14201725,-0.34394377,0.92818844,-0.3312186,0.86712927,0.37199605,-0.93280506,-0.3602631,0.009226739
1356079672530,0.13770825,-0.3609758,0.9223519,-0.3063153,0.87005126,0.3862405,-0.9419169,-0.33571902,0.009240806
1356079672578,0.1428644,-0.38029045,0.9137664,-0.27999377,0.8699941,0.4058495,-0.949312,-0.31383035,0.017812252
1356079672612,0.15312573,-0.3997952,0.9037236,-0.25329748,0.8680777,0.42694435,-0.95519257,-0.29428706,0.031657934
1356079672652,0.16343278,-0.41678184,0.8941938,-0.23036289,0.86520284,0.44537288,-0.95928234,-0.2787776,0.04539144
1356079672692,0.1714035,-0.42985126,0.88648105,-0.21737435,0.86112165,0.45958447,-0.96092093,-0.27147263,0.054160655
1356079672731,0.1778709,-0.439014,0.8806979,-0.21772322,0.855232,0.47029233,-0.95966595,-0.27539974,0.05653733
1356079672770,0.18406525,-0.44411463,0.8768593,-0.22955096,0.84800935,0.47768864,-0.9557334,-0.28920975,0.054142118
1356079672810,0.1896556,-0.44391248,0.8757697,-0.24767515,0.84148335,0.4801696,-0.9500988,-0.3079732,0.04964596
1356079672850,0.19387826,-0.4370056,0.8783151,-0.26781854,0.83771694,0.47592396,-0.9437609,-0.3275004,0.045376897
1356079672890,0.19703162,-0.42277047,0.88455856,-0.28834578,0.8373508,0.4644356,-0.93703544,-0.34656724,0.04308051
1356079672930,0.2007182,-0.40195504,0.8933893,-0.30938402,0.83926785,0.4471141,-0.9295127,-0.3661443,0.04409784
1356079672970,0.20827001,-0.3771946,0.90241224,-0.33091477,0.8410578,0.427922,-0.92039067,-0.38774484,0.050347865
1356079673010,0.2267819,-0.35418716,0.90726036,-0.35084298,0.839283,0.4153472,-0.9085588,-0.41249916,0.06607014
1356079673050,0.267936,-0.3421166,0.9006478,-0.36273146,0.83021986,0.42327398,-0.8925448,-0.44010365,0.09834933
1356079673090,0.34296668,-0.35038072,0.8715545,-0.35310704,0.8116912,0.46526626,-0.8704535,-0.46732286,0.15466112
1356079673130,0.4425913,-0.3772307,0.81351703,-0.31025302,0.786763,0.5336169,-0.8413418,-0.4885703,0.23117751
1356079673170,0.53572744,-0.40948066,0.738459,-0.2440261,0.7621492,0.5996498,-0.80836093,-0.5014521,0.30838028
1356079673210,0.59655493,-0.43554026,0.67411196,-0.18564975,0.7422718,0.64386857,-0.780805,-0.5092517,0.36194792
1356079673250,0.6220686,-0.4535637,0.63820887,-0.15624921,0.72681075,0.6688291,-0.7672137,-0.51577723,0.38125718
1356079673290,0.6185522,-0.4652201,0.6332168,-0.15816635,0.7156659,0.6802983,-0.76966006,-0.52095366,0.36909455
1356079673330,0.59052265,-0.47097522,0.655336,-0.18588449,0.7108293,0.67835724,-0.7853216,-0.52240217,0.33221385
1356079673370,0.54103017,-0.4703887,0.69715196,-0.2301578,0.7144913,0.66070384,-0.8088966,-0.51791567,0.27829772
1356079673410,0.4743239,-0.46349123,0.7484602,-0.27879402,0.72734195,0.62709457,-0.83503926,-0.50611216,0.21577704
1356079673450,0.3979799,-0.45220304,0.7982007,-0.3191803,0.74746263,0.5826006,-0.86007905,-0.4866333,0.15314078
1356079673490,0.3216748,-0.4398904,0.83846384,-0.34332296,0.7710787,0.5362526,-0.88241404,-0.46036285,0.0970121
1356079673530,0.254238,-0.430093,0.8662465,-0.34979016,0.7941525,0.49695942,-0.90167063,-0.42935053,0.05146146
1356079673577,0.20072278,-0.42478678,0.88276076,-0.3419644,0.8140367,0.4694727,-0.9180255,-0.3961066,0.01813376
1356079673612,0.16245237,-0.42426234,0.8908483,-0.32493705,0.82947946,0.45429027,-0.93167865,-0.3632701,-0.003107667
1356079673652,0.13895053,-0.4281333,0.89296955,-0.303366,0.83996254,0.44992444,-0.94268864,-0.33341387,-0.013167858
1356079673692,0.12935051,-0.4361198,0.89054364,-0.2807125,0.8452455,0.4547094,-0.9510357,-0.30880362,-0.013091326
1356079673730,0.13195229,-0.44751787,0.88448644,-0.25881338,0.84578353,0.46654668,-0.9568721,-0.2904788,-0.0042205453
1356079673770,0.14312449,-0.46040174,0.8760968,-0.23962721,0.8427516,0.48202533,-0.96025735,-0.27892625,0.010293603
1356079673810,0.15872225,-0.47233284,0.8670115,-0.22673951,0.83723557,0.49762022,-0.9609352,-0.2755692,0.025791407
1356079673850,0.17615828,-0.48142293,0.85860366,-0.22340247,0.8299309,0.51118106,-0.9586759,-0.28186294,0.03864813
1356079673890,0.19384941,-0.48601156,0.85218257,-0.22949474,0.8220916,0.5210543,-0.9538105,-0.29657745,0.04782486
1356079673930,0.20980102,-0.48413473,0.84946877,-0.24234296,0.815946,0.5248829,-0.9472347,-0.31598374,0.05385965
1356079673970,0.2211194,-0.47295696,0.852888,-0.25868982,0.8147635,0.51888347,-0.94031155,-0.33536866,0.057810843
1356079674010,0.22693673,-0.45120615,0.8630833,-0.27697122,0.8197115,0.5013581,-0.93369514,-0.35282582,0.061051548
1356079674050,0.22839132,-0.41860372,0.8789814,-0.29716134,0.8297858,0.47238827,-0.9271098,-0.3690887,0.06512302
1356079674090,0.22784513,-0.37638193,0.89801073,-0.319494,0.84230787,0.43409798,-0.9197881,-0.38581613,0.071663976
1356079674130,0.22968003,-0.32842872,0.9161777,-0.34289786,0.8536789,0.39198664,-0.9108612,-0.40418687,0.0834555
1356079674170,0.24300331,-0.28312767,0.92778665,-0.36346412,0.8602002,0.3577002,-0.89935714,-0.42413947,0.10612476
1356079674210,0.2813803,-0.2529699,0.9256519,-0.37305495,0.8599094,0.3484047,-0.8841127,-0.44335324,0.14758992
1356079674250,0.35264114,-0.24778032,0.9023575,-0.36019003,0.8540648,0.3752817,-0.8636593,-0.4573599,0.2119304
1356079674290,0.4428811,-0.26459438,0.8566482,-0.32014507,0.8458043,0.4267578,-0.83747447,-0.4632547,0.28988212
1356079674330,0.52071446,-0.28841257,0.8035388,-0.2693329,0.837648,0.47519013,-0.81013346,-0.4638578,0.35849643
1356079674370,0.56597656,-0.30726618,0.7650216,-0.23352842,0.83019066,0.50620943,-0.79065484,-0.46515694,0.39811304
1356079674410,0.5775393,-0.3182561,0.75177217,-0.22453047,0.8234396,0.52108854,-0.7848786,-0.46974486,0.40411052
1356079674450,0.56026965,-0.3220384,0.7631443,-0.2403155,0.81850094,0.52182823,-0.79268306,-0.47575992,0.38119042
1356079674491,0.51865584,-0.3195443,0.7930243,-0.2731246,0.8170087,0.5078383,-0.8101846,-0.47998774,0.33647093
1356079674530,0.45830837,-0.31264225,0.8319905,-0.3122519,0.8197808,0.48006046,-0.8321371,-0.47980636,0.27808928
1356079674593,0.3862463,-0.30333742,0.8710914,-0.3477908,0.82678354,0.44212043,-0.8543157,-0.47372496,0.21384412
1356079674610,0.3119516,-0.29541892,0.9030027,-0.37170368,0.8367287,0.40214613,-0.8743698,-0.46109954,0.15121055
1356079674651,0.24281645,-0.29060522,0.92552084,-0.38172534,0.8484794,0.36656305,-0.8918105,-0.44230232,0.09509337
1356079674688,0.1856693,-0.2912109,0.9384686,-0.37943548,0.8597476,0.34185204,-0.9063971,-0.4195597,0.049133003
1356079674729,0.14240953,-0.29641604,0.94438183,-0.36865234,0.86957717,0.3285284,-0.918594,-0.39493412,0.0145615935
1356079674770,0.11326054,-0.30572632,0.94535893,-0.35325798,0.8769193,0.3259159,-0.9286446,-0.370869,-0.008679926
1356079674811,0.09749612,-0.31849006,0.9428991,-0.33602467,0.8812442,0.33240953,-0.93679345,-0.349246,-0.021102607
1356079674851,0.0939188,-0.3342039,0.93780965,-0.3179909,0.882562,0.34636128,-0.9434305,-0.33074474,-0.02338463
1356079674891,0.10011619,-0.35165745,0.9307598,-0.29887938,0.8816283,0.36524332,-0.9490247,-0.31475168,-0.016837895
1356079674930,0.1115334,-0.36818314,0.92303926,-0.2801519,0.8795123,0.38467258,-0.9534543,-0.30149502,-0.005052209
1356079674970,0.123921484,-0.38104165,0.9162154,-0.26604378,0.87676936,0.4006199,-0.9559624,-0.29339883,0.007276833
1356079675010,0.1347597,-0.388032,0.9117407,-0.26091924,0.8737645,0.4104347,-0.9559085,-0.29320076,0.016503215
1356079675050,0.14371431,-0.38799617,0.91038734,-0.26559952,0.87106365,0.4131646,-0.9533116,-0.3011761,0.022132695
1356079675090,0.15047503,-0.37943268,0.912901,-0.2777213,0.8700064,0.40738156,-0.9488036,-0.31483278,0.02553767
1356079675130,0.15431422,-0.36055043,0.9198861,-0.2940881,0.8720764,0.39114568,-0.94323874,-0.33088687,0.028540194
1356079675170,0.15500325,-0.33013174,0.93112135,-0.31266537,0.87767,0.3632296,-0.9371309,-0.34743115,0.03282094
1356079675210,0.15295088,-0.2878722,0.9453759,-0.33310264,0.88563186,0.32357195,-0.9304024,-0.36439785,0.039567173
1356079675250,0.14985791,-0.23572068,0.96019703,-0.3559307,0.8931892,0.2748209,-0.92241853,-0.3829477,0.049951255
1356079675290,0.14819342,-0.17645785,0.97308856,-0.38132975,0.8976696,0.22085491,-0.91248363,-0.40379682,0.06574011
1356079675330,0.15572277,-0.11872302,0.98064023,-0.40799725,0.89638245,0.17331095,-0.89960474,-0.427087,0.091148496
1356079675370,0.18466675,-0.07386224,0.9800218,-0.4327429,0.88919276,0.14855897,-0.88240117,-0.45153135,0.13224095
1356079675410,0.24569434,-0.052209467,0.9679404,-0.44824693,0.879254,0.1612053,-0.8594819,-0.4734835,0.19262499
1356079675450,0.3355157,-0.05606395,0.94036484,-0.44413954,0.87090564,0.21038878,-0.8307643,-0.48824197,0.26730227
1356079675490,0.4281935,-0.07410796,0.9006433,-0.42017764,0.8660233,0.2710247,-0.8000632,-0.4944812,0.33968705
1356079675530,0.49274474,-0.08876124,0.86563504,-0.39509344,0.86351323,0.31344235,-0.77530885,-0.49645382,0.39042264
1356079675575,0.5159381,-0.08948858,0.8519388,-0.38880688,0.861723,0.3259796,-0.7633067,-0.49942493,0.40980196
1356079675612,0.4997627,-0.07512875,0.862898,-0.40534574,0.8601229,0.30965036,-0.76546204,-0.50452375,0.39940423
1356079675652,0.44838566,-0.04732077,0.89258677,-0.43719912,0.85938,0.26518476,-0.77962,-0.5091432,0.36464506
1356079675692,0.36850053,-0.010135949,0.9295722,-0.47045094,0.8604114,0.19587769,-0.8018,-0.5094992,0.3122936
1356079675730,0.27233887,0.029976904,0.96173435,-0.49088407,0.863986,0.11207585,-0.8275654,-0.50262266,0.25001216
1356079675770,0.17658037,0.06558165,0.98209894,-0.49080238,0.87075084,0.030099556,-0.85318947,-0.4873315,0.18594515
1356079675810,0.09531469,0.09161912,0.991222,-0.4720735,0.88082296,-0.03602086,-0.8763913,-0.4644963,0.12720633
1356079675850,0.035117887,0.106756285,0.99366486,-0.44242203,0.8932023,-0.0803269,-0.8961191,-0.43679827,0.07859874
1356079675890,-0.004558854,0.11257309,0.99363303,-0.40963405,0.9062389,-0.10455124,-0.9122386,-0.40750253,0.041982353
1356079675930,-0.027775973,0.11171065,0.9933526,-0.37869394,0.9184891,-0.11388059,-0.92510515,-0.37933975,0.016792238
1356079675970,-0.038367625,0.10617661,0.9936068,-0.3515145,0.9293518,-0.11288388,-0.93539596,-0.3535983,0.0016655922
1356079676010,-0.03884897,0.09682755,0.99454266,-0.32848656,0.9387404,-0.10422609,-0.9437093,-0.330743,-0.0046625137
1356079676051,-0.030139353,0.083475195,0.996054,-0.30891192,0.94694483,-0.08870684,-0.95061296,-0.3103665,-0.0027538538
1356079676090,-0.01425821,0.06669152,0.9976718,-0.29220006,0.95394063,-0.06794418,-0.95625097,-0.29248852,0.00588578
1356079676130,0.0038383603,0.04937025,0.9987732,-0.27943462,0.9590462,-0.046332605,-0.96015716,-0.27891397,0.017476916
1356079676170,0.018574119,0.035594866,0.99919367,-0.27344078,0.9614465,-0.029167153,-0.9617095,-0.27267855,0.02759111
1356079676210,0.02716255,0.028455436,0.9992259,-0.2764678,0.96081823,-0.01984632,-0.9606392,-0.27571473,0.03396529
1356079676250,0.02957362,0.029694319,0.9991214,-0.2887591,0.9571949,-0.019901067,-0.95694494,-0.28791687,0.03688222
1356079676290,0.026787579,0.04076612,0.9988096,-0.30738503,0.9510939,-0.03057468,-0.9512081,-0.3062001,0.03800839
1356079676330,0.019901276,0.062187716,0.9978661,-0.328835,0.9429433,-0.052206665,-0.9441777,-0.3270943,0.039215267
1356079676370,0.010002643,0.09368509,0.9955515,-0.35076758,0.9326656,-0.08424303,-0.93640906,-0.3483646,0.04219079
1356079676410,-0.001534678,0.13342862,0.9910572,-0.37291068,0.9194941,-0.12437135,-0.9278659,-0.3697667,0.048345864
1356079676450,-0.012750685,0.17794868,0.9839572,-0.39630023,0.9025521,-0.16836208,-0.9180324,-0.3920892,0.05901295
1356079676490,-0.019345753,0.22152069,0.9749638,-0.42287567,0.8818166,-0.20874768,-0.9059812,-0.41632682,0.07661629
1356079676530,-0.015242979,0.25865752,0.9658488,-0.4538523,0.8589298,-0.23718694,-0.8909465,-0.4419681,0.104299664
1356079676574,0.011394694,0.28169852,0.9594353,-0.48926628,0.8383645,-0.24034037,-0.87206,-0.46668077,0.1473785
1356079676612,0.07089011,0.28583282,0.9556538,-0.52300084,0.82646304,-0.20839624,-0.84937906,-0.48503447,0.20807886
1356079676652,0.16463727,0.26936436,0.94886106,-0.5424396,0.82818,-0.1409863,-0.82380444,-0.49148825,0.2824632
1356079676692,0.27044645,0.23957032,0.93245107,-0.5380937,0.8407509,-0.059942484,-0.7983195,-0.48553473,0.35628933
1356079676730,0.35241276,0.2112779,0.9116835,-0.5184939,0.85507834,0.0022646934,-0.77908236,-0.47350043,0.41088682
1356079676770,0.3897102,0.19528216,0.8999949,-0.50207233,0.8643098,0.029865071,-0.77204233,-0.46350127,0.43487608
1356079676810,0.38322446,0.19212525,0.9034528,-0.49710304,0.867289,0.026425198,-0.7784777,-0.4592359,0.42787242
1356079676850,0.34195232,0.19728015,0.9187759,-0.5000135,0.8660176,1.4442205E-4,-0.7956476,-0.4594497,0.39477944
1356079676890,0.27698287,0.20520245,0.9387078,-0.50263333,0.86355233,-0.040462226,-0.8189262,-0.46061853,0.3423308
1356079676930,0.2002846,0.21129276,0.9566825,-0.4980253,0.8628568,-0.0863072,-0.8437161,-0.45916608,0.27804607
1356079676970,0.124253415,0.2121736,0.9693005,-0.4832337,0.866136,-0.12764645,-0.86662924,-0.45253813,0.21014982
1356079677010,0.0572609,0.20711759,0.9766389,-0.45939067,0.87399364,-0.15841505,-0.88638675,-0.4395878,0.14519352
1356079677050,0.003863126,0.1964955,0.9804971,-0.43006006,0.88552463,-0.17576823,-0.902792,-0.42099366,0.08792573
1356079677090,-0.035570443,0.18187779,0.9826775,-0.39926034,0.89883167,-0.1808115,-0.9161473,-0.39877573,0.040644765
1356079677130,-0.06247711,0.16476165,0.9843527,-0.37022513,0.91208535,-0.17616375,-0.92683876,-0.37543833,0.0040144324
1356079677170,-0.078300536,0.14591134,0.98619413,-0.3451936,0.9240691,-0.16412692,-0.93525946,-0.3532791,-0.021987438
1356079677210,-0.08391884,0.12518892,0.9885775,-0.32551816,0.9342059,-0.14593628,-0.9418044,-0.3340467,-0.037646174
1356079677250,-0.07993376,0.10185822,0.99158233,-0.31143123,0.94241595,-0.12191292,-0.9469008,-0.31855467,-0.043609023
1356079677291,-0.067177296,0.07527626,0.9948973,-0.30213284,0.94879764,-0.09218881,-0.95089585,-0.30678415,-0.040994227
1356079677330,-0.048218187,0.04601623,0.9977762,-0.29705858,0.9530772,-0.058310315,-0.953641,-0.29920965,-0.032286108
1356079677370,-0.027203798,0.016229719,0.9994981,-0.2965896,0.954714,-0.023574948,-0.9546175,-0.2970821,-0.021158278
1356079677410,-0.0075373966,-0.011570469,0.99990463,-0.30108052,0.95355844,0.00876458,-0.95356894,-0.30098575,-0.01067096
1356079677450,0.009447128,-0.035438374,0.9993272,-0.31015676,0.9499799,0.036620453,-0.9506384,-0.3102941,-0.0020168424
1356079677490,0.023589939,-0.053787753,0.99827373,-0.32281327,0.94465137,0.05852683,-0.94616866,-0.32363665,0.0049208403
