1356523732887,-0.93661195,-0.28638536,0.20184535,-0.2013767,-0.031414986,-0.97901,0.2867151,-0.9575994,-0.028247774
1356523732889,-0.9495575,-0.2879686,0.12415585,-0.12702355,-0.008782744,-0.9918608,0.2867152,-0.9575996,-0.028239071
1356523732914,-0.94955933,-0.28796548,0.12414945,-0.12700863,-0.008809984,-0.99186254,0.2867159,-0.95760036,-0.028208554
1356523732953,-0.94956803,-0.28794682,0.124125905,-0.12696156,-0.008883059,-0.9918679,0.28670782,-0.95760524,-0.02812308
1356523732996,-0.94960755,-0.28789845,0.12393513,-0.12675709,-0.008895516,-0.9918939,0.2866672,-0.95761967,-0.028045833
1356523733040,-0.9497093,-0.2878163,0.123344965,-0.12620667,-0.008666635,-0.99196607,0.286573,-0.9576464,-0.028093576
1356523733082,-0.94989014,-0.28774345,0.12211649,-0.12509978,-0.008070052,-0.9921113,0.28645903,-0.95767355,-0.028330982
1356523733132,-0.9501548,-0.28781852,0.11985964,-0.1230483,-0.0070560575,-0.9923756,0.28646982,-0.957659,-0.02871126
1356523733168,-0.95055795,-0.28805345,0.116038114,-0.11947837,-0.005672276,-0.9928207,0.28664362,-0.95759755,-0.029024303
1356523733212,-0.95091814,-0.2884844,0.11194395,-0.1156653,-0.0041714907,-0.9932795,0.2870126,-0.9574755,-0.029400885
1356523733249,-0.95125514,-0.28897408,0.10773847,-0.11181783,-0.0024057627,-0.9937258,0.2874202,-0.9573339,-0.030023992
1356523733288,-0.9515719,-0.28929844,0.10400625,-0.10845184,-6.672144E-4,-0.99410146,0.2876614,-0.95723873,-0.030739963
1356523733331,-0.95188934,-0.28919902,0.10134437,-0.106022395,5.133152E-4,-0.9943636,0.28751695,-0.9572689,-0.031150162
1356523733370,-0.9522664,-0.28835893,0.10018936,-0.10478699,5.10931E-4,-0.99449456,0.2867202,-0.9575223,-0.030702889
1356523733410,-0.9527518,-0.28657168,0.10070084,-0.10476726,-0.0011494756,-0.9944961,0.28511018,-0.9580581,-0.02892816
1356523733454,-0.9533712,-0.28379455,0.10268351,-0.105647214,-0.0048859715,-0.9943916,0.28270462,-0.9588726,-0.025323987
1356523733491,-0.9540741,-0.28037444,0.10551185,-0.10677167,-0.010822654,-0.99422467,0.27989712,-0.9598297,-0.019610465
1356523733534,-0.95494723,-0.2758181,0.10954566,-0.10769744,-0.021886766,-0.9939428,0.27654505,-0.9609607,-0.008804262
1356523733569,-0.95586544,-0.27067187,0.11427132,-0.108255304,-0.03710425,-0.99343044,0.27313364,-0.9619563,0.006165087
1356523733613,-0.956908,-0.26408252,0.12077929,-0.1084764,-0.060739815,-0.9922417,0.26936978,-0.9625856,0.02947563
1356523733650,-0.957789,-0.25712794,0.12855116,-0.109197654,-0.08824241,-0.9900955,0.26592487,-0.9623401,0.056439936
1356523733692,-0.9583984,-0.25023612,0.13731045,-0.10988334,-0.12052542,-0.9866099,0.26343486,-0.9606536,0.08801472
1356523733730,-0.95844597,-0.24449804,0.14697613,-0.111508705,-0.15313005,-0.98189455,0.26257777,-0.95748204,0.11950332
1356523733772,-0.9578801,-0.24104036,0.15609387,-0.1116849,-0.1880731,-0.9757843,0.26456046,-0.9521177,0.1532309
1356523733809,-0.9565516,-0.23933426,0.16651767,-0.112466894,-0.22403902,-0.9680691,0.26899856,-0.94473577,0.1873877
1356523733852,-0.95452553,-0.2403466,0.17639345,-0.11042352,-0.264565,-0.9580251,0.2769256,-0.9339373,0.22599405
1356523733889,-0.9517601,-0.24138924,0.18943052,-0.10993859,-0.30810302,-0.9449794,0.286472,-0.9202194,0.26670218
1356523733930,-0.94862014,-0.2423225,0.20346843,-0.107761525,-0.35718042,-0.92779815,0.29750136,-0.9020542,0.31271565
1356523733965,-0.945192,-0.24072291,0.2206003,-0.10709567,-0.40968317,-0.9059195,0.30845183,-0.87989324,0.36144894
1356523734011,-0.94175756,-0.23737957,0.23820922,-0.10469864,-0.46617436,-0.8784757,0.3195792,-0.85225135,0.4141699
1356523734050,-0.93829584,-0.2322418,0.2562513,-0.102216646,-0.52162474,-0.8470298,0.33038273,-0.82095766,0.46569923
1356523734093,-0.9348462,-0.22861713,0.2716559,-0.09572431,-0.5744946,-0.81289166,0.3419058,-0.7859327,0.5151798
1356523734130,-0.931281,-0.22639889,0.28541094,-0.08964849,-0.61693305,-0.78189313,0.35309917,-0.7537488,0.5542416
1356523734172,-0.92734206,-0.23041089,0.2948686,-0.08265738,-0.6423842,-0.7619122,0.36497182,-0.7309264,0.5766647
1356523734209,-0.9234934,-0.23506288,0.30315903,-0.08232118,-0.6504259,-0.75509566,0.37467745,-0.72228223,0.5813134
1356523734253,-0.920233,-0.2385039,0.31030172,-0.09416915,-0.63462985,-0.7670575,0.37987292,-0.73509246,0.56154764
1356523734300,-0.91798943,-0.23842335,0.3169381,-0.12001982,-0.5946559,-0.79497147,0.37800884,-0.7678143,0.5172722
1356523734338,-0.9168042,-0.2363843,0.32185775,-0.15012544,-0.542839,-0.82630986,0.37004364,-0.80588347,0.46218985
1356523734380,-0.91676295,-0.23202574,0.32513037,-0.18184757,-0.4822874,-0.85693073,0.35563627,-0.84472656,0.3999499
1356523734418,-0.9179063,-0.22531578,0.32662043,-0.21191499,-0.4175558,-0.88359445,0.33547005,-0.8802727,0.33552933
1356523734460,-0.92009044,-0.21618474,0.32664633,-0.23837131,-0.35269856,-0.90486616,0.31082594,-0.9104218,0.27298236
1356523734498,-0.92299044,-0.20539343,0.32542616,-0.2596966,-0.29160368,-0.92061114,0.28398293,-0.93422735,0.21580744
1356523734539,-0.92620337,-0.19361404,0.32351342,-0.2757268,-0.23738718,-0.93146235,0.2571421,-0.95192486,0.16648424
1356523734579,-0.92939657,-0.18146628,0.32139063,-0.28669032,-0.19346428,-0.9382857,0.23244487,-0.96417916,0.1277805
1356523734619,-0.932242,-0.16853923,0.32018647,-0.29409775,-0.16255778,-0.94185,0.21078749,-0.9721983,0.101976156
1356523734658,-0.9343228,-0.15365918,0.32160488,-0.300618,-0.14504194,-0.94265133,0.19149324,-0.97742087,0.08932334
1356523734700,-0.934974,-0.13619822,0.3275268,-0.30946746,-0.1380651,-0.9408336,0.17335987,-0.98101383,0.08693832
1356523734736,-0.9336897,-0.11810754,0.33804455,-0.3219564,-0.13633442,-0.9368869,0.15674052,-0.9835973,0.089268565
1356523734789,-0.9308114,-0.10301091,0.3506833,-0.336255,-0.13471395,-0.93208617,0.14325699,-0.98551553,0.0907554
1356523734829,-0.92863303,-0.096950024,0.35810828,-0.34478372,-0.13088012,-0.9295131,0.13698557,-0.9866464,0.08811277
1356523734872,-0.9307483,-0.10357776,0.35068378,-0.33777535,-0.123790145,-0.93305075,0.14005452,-0.9868878,0.08023149
1356523734946,-0.937284,-0.119394645,0.32748073,-0.31468326,-0.11422062,-0.94229937,0.14991055,-0.9862548,0.069485664
1356523734948,-0.94706786,-0.1447688,0.28653866,-0.27413708,-0.099796414,-0.9564985,0.16706666,-0.98441994,0.05482745
1356523734986,-0.95513535,-0.17434701,0.2394151,-0.22845441,-0.08073521,-0.97020125,0.1884809,-0.9813689,0.037282705
1356523735031,-0.9587576,-0.20704131,0.19472522,-0.1863838,-0.059253573,-0.98068863,0.21458122,-0.9765362,0.018220603
1356523735069,-0.95692056,-0.24125913,0.16154587,-0.15538591,-0.04447466,-0.9868522,0.2452718,-0.9694411,0.005070448
1356523735112,-0.9500955,-0.27941614,0.13872626,-0.12925331,-0.052141726,-0.99023974,0.28392243,-0.9587532,0.013424277
1356523735148,-0.9387923,-0.3179719,0.13252538,-0.10867429,-0.09169459,-0.9898394,0.32689294,-0.94365567,0.051526725
1356523735192,-0.9253398,-0.35263616,0.13926199,-0.081416816,-0.17392373,-0.98138773,0.37029377,-0.9194554,0.13222802
1356523735229,-0.9125009,-0.37528712,0.16279298,-0.059607,-0.27172673,-0.96052665,0.4047085,-0.8861851,0.22558123
1356523735272,-0.9036707,-0.38075203,0.1959776,-0.050361395,-0.3599788,-0.9316003,0.42525646,-0.8517296,0.306127
1356523735308,-0.89881057,-0.37035093,0.23447745,-0.0629358,-0.42034817,-0.90517753,0.4337955,-0.82834023,0.35450512
1356523735353,-0.89700407,-0.34995186,0.2700323,-0.094701186,-0.44456756,-0.89072526,0.43175858,-0.82455647,0.36563796
1356523735389,-0.896115,-0.3280678,0.298914,-0.1335772,-0.44291008,-0.88655955,0.42324367,-0.83438736,0.35307592
1356523735433,-0.8962736,-0.3063041,0.32073566,-0.17674248,-0.41659564,-0.8917455,0.4067624,-0.85593563,0.31924683
1356523735469,-0.8973567,-0.2877058,0.3346289,-0.2145306,-0.37824714,-0.9005031,0.3856524,-0.8798606,0.27770084
1356523735513,-0.89976674,-0.26881093,0.34374464,-0.24978419,-0.32864487,-0.91082394,0.35780936,-0.9053911,0.22855908
1356523735549,-0.903545,-0.25227955,0.34635445,-0.27489343,-0.27876985,-0.9201744,0.32869437,-0.9266296,0.18253112
1356523735593,-0.9081097,-0.23411007,0.34717342,-0.29407474,-0.23365831,-0.9267815,0.29808882,-0.9437141,0.14334148
1356523735629,-0.9133721,-0.21520762,0.3455967,-0.30552673,-0.19871873,-0.93121654,0.26908144,-0.9561363,0.11575246
1356523735673,-0.91795486,-0.19054617,0.3479236,-0.31637985,-0.1774149,-0.9318946,0.23929581,-0.9655133,0.10257393
1356523735709,-0.9212017,-0.16521159,0.35226765,-0.32646933,-0.16433918,-0.93081164,0.21167228,-0.9724699,0.097453
1356523735753,-0.9220652,-0.14070672,0.36055166,-0.33909503,-0.15538275,-0.9278313,0.18657559,-0.97778213,0.095560014
1356523735790,-0.9223119,-0.12467082,0.36578417,-0.34751463,-0.14646357,-0.9261653,0.16903985,-0.98132855,0.0917601
1356523735829,-0.92449486,-0.12082132,0.36154038,-0.34537408,-0.13590276,-0.9285726,0.1613257,-0.9833273,0.08391285
1356523735869,-0.93089074,-0.12922937,0.3416755,-0.3267894,-0.12339997,-0.9370065,0.16325149,-0.9839066,0.072641194
1356523735944,-0.94103324,-0.1473701,0.30453002,-0.29076964,-0.10783625,-0.95069677,0.17294364,-0.98318535,0.05862677
1356523735948,-0.951843,-0.1726818,0.25332952,-0.24144576,-0.087014675,-0.9665052,0.18894126,-0.9811266,0.04113102
1356523735989,-0.95931906,-0.20330018,0.19589761,-0.18749371,-0.059999466,-0.9804316,0.21107566,-0.9772764,0.019441187
1356523736029,-0.96086913,-0.23357502,0.14890698,-0.14487323,-0.03443265,-0.98885095,0.23609811,-0.9717289,-7.535815E-4
1356523736069,-0.9573396,-0.26582462,0.113306,-0.11194062,-0.02033329,-0.9935069,0.26640248,-0.963807,-0.010290682
1356523736109,-0.94921386,-0.3010621,0.09140379,-0.085346304,-0.033241272,-0.9957967,0.30283505,-0.953025,0.0058585405
1356523736149,-0.9373892,-0.33804595,0.08382413,-0.05918047,-0.08257842,-0.99482584,0.34321892,-0.93749976,0.057402313
1356523736189,-0.92398727,-0.37152886,0.09063016,-0.03066516,-0.16424549,-0.9859428,0.3811918,-0.91377777,0.14036775
1356523736229,-0.9132566,-0.3911325,0.113920495,-0.011720955,-0.25429547,-0.9670556,0.4072163,-0.8845051,0.22765249
1356523736269,-0.90905744,-0.38824594,0.15126081,-0.017124921,-0.32790256,-0.94455636,0.41631895,-0.8612462,0.2914335
1356523736310,-0.9104555,-0.3646009,0.19528669,-0.049783036,-0.3721215,-0.926848,0.4106,-0.8535759,0.32064915
1356523736350,-0.91335315,-0.33065322,0.23760173,-0.099442475,-0.38472664,-0.91765827,0.39483836,-0.86177367,0.31851023
1356523736388,-0.9148401,-0.297382,0.27318794,-0.1524116,-0.3722008,-0.91555303,0.37394977,-0.8792216,0.29517967
1356523736430,-0.9148388,-0.26926714,0.3009403,-0.20185591,-0.34052306,-0.91831267,0.34974858,-0.9008547,0.25717062
1356523736471,-0.91407907,-0.24787444,0.32096353,-0.24312577,-0.2984944,-0.9229252,0.3245754,-0.9216612,0.21258289
1356523736510,-0.91353637,-0.23167846,0.33432975,-0.27558258,-0.2520191,-0.92765325,0.29917476,-0.9395805,0.16638207
1356523736548,-0.9140176,-0.21831703,0.34191996,-0.2985689,-0.20858663,-0.93131524,0.27464193,-0.95332533,0.12546933
1356523736592,-0.91572225,-0.20275445,0.34690565,-0.31508684,-0.17341417,-0.93308514,0.2493455,-0.9637522,0.0949139
1356523736628,-0.9182446,-0.18328744,0.35104507,-0.3270533,-0.14885533,-0.9332086,0.22330035,-0.97172415,0.07674086
1356523736669,-0.91987866,-0.15866396,0.35867697,-0.33969077,-0.13481939,-0.93082434,0.19604488,-0.9780846,0.07012075
1356523736708,-0.9197609,-0.13385813,0.3689468,-0.3532629,-0.12724924,-0.92682946,0.17101187,-0.9827968,0.0697518
1356523736749,-0.9186936,-0.116219565,0.37748504,-0.3639472,-0.12219894,-0.92336875,0.15344179,-0.98567766,0.06996566
1356523736788,-0.9192834,-0.11091569,0.37764516,-0.36513573,-0.117896736,-0.9234589,0.1469492,-0.98681206,0.06788117
1356523736829,-0.9240868,-0.11887414,0.36322516,-0.35086274,-0.11292565,-0.92959297,0.151522,-0.98646677,0.0626446
1356523736870,-0.93346107,-0.13778287,0.33115903,-0.3187363,-0.10477018,-0.94203526,0.16449192,-0.98490566,0.05388248
1356523736937,-0.9448409,-0.16421245,0.28339028,-0.271595,-0.09078425,-0.9581203,0.18306264,-0.9822386,0.041177332
1356523736962,-0.95422167,-0.1959527,0.22597247,-0.21632446,-0.069603264,-0.9738373,0.20655444,-0.97814006,0.024027586
1356523736981,-0.958091,-0.22792137,0.17353241,-0.16724765,-0.046758294,-0.9848055,0.2325723,-0.9725562,0.0066794157
1356523737011,-0.95669293,-0.25783658,0.13512564,-0.13202167,-0.029397547,-0.9908108,0.25943962,-0.9657412,-0.005915582
1356523737052,-0.9512509,-0.29012296,0.10464407,-0.10024959,-0.030011475,-0.99450964,0.2916706,-0.9565187,-5.36263E-4
1356523737092,-0.94178283,-0.32464737,0.087459914,-0.071425274,-0.061008096,-0.99557847,0.3285477,-0.9438655,0.03426838
1356523737138,-0.92959017,-0.35891736,0.083907336,-0.04128094,-0.12483245,-0.9913187,0.36627588,-0.92498386,0.10122657
1356523737180,-0.9175476,-0.3860643,0.09518787,-0.01574853,-0.20391852,-0.97886115,0.39731392,-0.89965075,0.18102509
1356523737219,-0.90967697,-0.39753306,0.12022929,-0.007048562,-0.2746691,-0.9615129,0.41525644,-0.8755137,0.24705827
1356523737258,-0.90773714,-0.3900066,0.15462293,-0.023035958,-0.32166475,-0.9465734,0.41890663,-0.8628017,0.2830028
1356523737300,-0.9096089,-0.369052,0.19082041,-0.05865906,-0.34061265,-0.93837214,0.41130394,-0.8647449,0.288176
1356523737338,-0.91230947,-0.34359848,0.22278167,-0.10219126,-0.3357916,-0.9363766,0.39654577,-0.87703145,0.27123302
1356523737380,-0.914867,-0.3182211,0.24850321,-0.14618906,-0.31264424,-0.93855333,0.37636054,-0.89497983,0.23950738
1356523737419,-0.91721344,-0.29521006,0.2675269,-0.1849684,-0.27919716,-0.9422503,0.35285452,-0.91372865,0.20147878
1356523737459,-0.9198827,-0.2738161,0.2807852,-0.21729414,-0.24017811,-0.94609594,0.3264948,-0.9313104,0.1614371
1356523737498,-0.92327034,-0.25331423,0.2887972,-0.24161926,-0.20152938,-0.94921345,0.29865038,-0.94615954,0.124860525
1356523737541,-0.92753327,-0.23209967,0.29293647,-0.2580167,-0.16938818,-0.95117563,0.2703875,-0.95782954,0.09722757
1356523737579,-0.93245864,-0.2078454,0.29550162,-0.26857468,-0.14827108,-0.95177907,0.24163724,-0.9668588,0.082434654
1356523737619,-0.937247,-0.17931958,0.29901907,-0.27671543,-0.1392011,-0.9508162,0.21212377,-0.97389287,0.080845475
1356523737658,-0.9408254,-0.14910829,0.30432576,-0.28484523,-0.13858485,-0.94850266,0.18360458,-0.97906125,0.08791143
1356523737699,-0.9431489,-0.123872176,0.30842447,-0.29101413,-0.14051473,-0.9463436,0.16056384,-0.9822989,0.09647781
1356523737738,-0.9461183,-0.1108917,0.3042421,-0.28809068,-0.14077008,-0.9471998,0.14786479,-0.98381233,0.10123819
1356523737779,-0.95220906,-0.11373779,0.28348148,-0.26750538,-0.13746738,-0.95369995,0.14744118,-0.9839544,0.10047215
1356523737819,-0.96158135,-0.1305012,0.24151783,-0.22508048,-0.1288839,-0.96577835,0.15716298,-0.9830353,0.094559014
1356523737860,-0.9710147,-0.1562032,0.18091743,-0.16443132,-0.11279571,-0.9799181,0.17347305,-0.9812634,0.0838415
1356523737900,-0.9762279,-0.18554175,0.11204161,-0.097,-0.08828008,-0.9913615,0.19383,-0.97866285,0.0681839
1356523737949,-0.97538143,-0.2151677,0.048310652,-0.03668975,-0.057681262,-0.99766064,0.21745096,-0.9748721,0.048366785
1356523737978,-0.9694944,-0.24510913,-0.0015133172,0.008765295,-0.02849865,-0.9995554,0.24495703,-0.9690766,0.029777706
1356523738019,-0.95983636,-0.2782213,-0.03615558,0.041523926,-0.013424695,-0.9990474,0.2774709,-0.96042323,0.024438322
1356523738059,-0.9463744,-0.31780905,-0.05807601,0.07069752,-0.028315663,-0.9970958,0.31524158,-0.94773185,0.049265504
1356523738100,-0.9299142,-0.3619083,-0.06543757,0.10063183,-0.07924783,-0.9917626,0.35374135,-0.92883915,0.110113084
1356523738138,-0.913245,-0.4033472,-0.057399273,0.13004553,-0.15508246,-0.9793047,0.38609818,-0.9018096,0.19408172
1356523738180,-0.9016965,-0.43109554,-0.033170685,0.14656986,-0.23259121,-0.96146697,0.40676886,-0.8718131,0.27291214
1356523738218,-0.8995229,-0.4368521,0.0043210387,0.13748752,-0.29246134,-0.9463422,0.41467533,-0.8506624,0.32313746
1356523738260,-0.9058187,-0.42102516,0.047225848,0.10240863,-0.32575452,-0.93989176,0.41110212,-0.84653515,0.33819115
1356523738298,-0.91522235,-0.39334112,0.08746834,0.053256214,-0.33324337,-0.94133556,0.39941424,-0.85687315,0.32593971
1356523738341,-0.9245826,-0.36131597,0.12082149,1.8887222E-4,-0.31756663,-0.9482359,0.38098168,-0.8766996,0.29368484
1356523738379,-0.9324612,-0.3306847,0.14547727,-0.04758987,-0.2867403,-0.95682555,0.35812178,-0.899126,0.25163704
1356523738421,-0.93955296,-0.30131203,0.16263889,-0.08833063,-0.24562347,-0.96533257,0.33081424,-0.92134696,0.20416111
1356523738458,-0.946058,-0.27448875,0.17213471,-0.11803882,-0.20277035,-0.97208595,0.30173045,-0.9399682,0.15943211
1356523738501,-0.9525747,-0.24748653,0.1770644,-0.13863257,-0.16503811,-0.97649544,0.27089185,-0.95473176,0.1229015
1356523738549,-0.9597549,-0.21525198,0.18038057,-0.15270266,-0.13906604,-0.97843885,0.2356957,-0.966606,0.100599766
1356523738592,-0.9665638,-0.18216965,0.18046771,-0.15938175,-0.124527335,-0.9793316,0.20087768,-0.9753498,0.0913291
1356523738640,-0.97171867,-0.15081297,0.18170932,-0.16442768,-0.12017214,-0.97904146,0.16948855,-0.98123085,0.09197569
1356523738678,-0.9757543,-0.13246816,0.17422885,-0.15909544,-0.117396295,-0.98025846,0.15030685,-0.9842105,0.093474865
1356523738719,-0.9795937,-0.130929,0.15249136,-0.13807428,-0.112951994,-0.98396003,0.1460531,-0.98493624,0.09256917
1356523738758,-0.98335886,-0.14449124,0.11012581,-0.09560163,-0.10389519,-0.9899829,0.1544854,-0.9840366,0.08835268
1356523738801,-0.98466206,-0.1675618,0.048617087,-0.034243718,-0.08762717,-0.9955645,0.17107877,-0.9819595,0.08054519
1356523738839,-0.98072785,-0.19417316,-0.021677256,0.034535363,-0.063081205,-0.9974108,0.19230296,-0.97893703,0.06857121
1356523738879,-0.9717012,-0.22031298,-0.08520051,0.094586365,-0.032390594,-0.99498963,0.21644944,-0.9748913,0.052312553
1356523738940,-0.9602434,-0.24614573,-0.13170043,0.13607594,-7.7462196E-4,-0.9906981,0.24375409,-0.96923256,0.03423828
1356523738954,-0.94783074,-0.27537045,-0.16058642,0.16062938,0.022552669,-0.9867571,0.2753454,-0.9610736,0.022856474
1356523738996,-0.9336622,-0.31207868,-0.1757326,0.17690223,0.02479881,-0.983916,0.31141716,-0.9497326,0.03205365
1356523739039,-0.9162792,-0.35756055,-0.18050699,0.19524285,-0.0052196383,-0.980741,0.3497321,-0.9338753,0.07459384
1356523739080,-0.8966808,-0.4070787,-0.17392686,0.21933147,-0.06726539,-0.9733288,0.38452223,-0.9109129,0.14960068
1356523739119,-0.8806965,-0.44839814,-0.15268466,0.239634,-0.14371604,-0.9601672,0.40859398,-0.8822045,0.23402178
1356523739158,-0.8759716,-0.4679477,-0.11704214,0.24015674,-0.2126596,-0.947154,0.4183284,-0.8577884,0.2986645
1356523739200,-0.88405013,-0.46156472,-0.073575705,0.21432658,-0.26044297,-0.94139975,0.41535464,-0.8480138,0.32917023
1356523739238,-0.89886487,-0.43708688,-0.031574354,0.17008857,-0.2815677,-0.944346,0.403871,-0.85420996,0.32743478
1356523739280,-0.91442156,-0.4047519,0.0030176789,0.11922066,-0.2764548,-0.95360327,0.38680702,-0.87163556,0.30105102
1356523739318,-0.927977,-0.37158337,0.028007686,0.07134381,-0.2509349,-0.9653713,0.36574402,-0.8938442,0.259372
1356523739359,-0.9395019,-0.33973187,0.043800756,0.031156346,-0.21209073,-0.9767532,0.34112394,-0.9162968,0.20984447
1356523739398,-0.9494907,-0.30958068,0.05125408,0.0013388395,-0.16733146,-0.98589975,0.31379193,-0.93603414,0.15929419
1356523739440,-0.9583764,-0.28080136,0.051626198,-0.017025024,-0.12429404,-0.99209934,0.28499967,-0.9516836,0.11433983
1356523739478,-0.96638185,-0.2529296,0.046182998,-0.023901768,-0.09046841,-0.9956125,0.25599796,-0.96324563,0.0813815
1356523739520,-0.9736328,-0.22509122,0.037053674,-0.02154588,-0.070966065,-0.99724597,0.22710088,-0.97174984,0.064245164
1356523739558,-0.97978234,-0.19850476,0.024948373,-0.012158185,-0.06539261,-0.9977855,0.19969662,-0.97791594,0.06165707
1356523739599,-0.9840667,-0.17762542,0.00785955,0.0043555424,-0.06827444,-0.99765706,0.17774588,-0.9817269,0.06796032
1356523739639,-0.9854056,-0.16889839,-0.021187551,0.033743978,-0.07182288,-0.9968464,0.16684401,-0.9830131,0.07647401
1356523739679,-0.98190093,-0.1756974,-0.07071765,0.08400266,-0.06935489,-0.99404895,0.1697472,-0.9819981,0.08285868
1356523739718,-0.9705428,-0.19438572,-0.14234032,0.1559665,-0.056613624,-0.9861385,0.18363287,-0.97929007,0.08526367
1356523739758,-0.94945997,-0.21780828,-0.22602011,0.23850459,-0.032487094,-0.97059774,0.2040615,-0.97545063,0.08279359
1356523739799,-0.92306566,-0.23921454,-0.30120778,0.3103779,-6.9862604E-4,-0.950613,0.22719,-0.97096646,0.074891865
1356523739841,-0.9003238,-0.2571483,-0.3511293,0.35478196,0.03366345,-0.9343428,0.2520849,-0.96578544,0.060923576
1356523739878,-0.88721025,-0.27423123,-0.37101898,0.36811385,0.064009726,-0.92757475,0.27811876,-0.95953107,0.04415828
1356523739941,-0.8785125,-0.2966132,-0.37448162,0.3658593,0.08632296,-0.92665815,0.3071854,-0.9510883,0.032682836
1356523739959,-0.8675811,-0.33081576,-0.3713005,0.36233053,0.09089583,-0.92760694,0.3406166,-0.9393077,0.041005075
1356523740019,-0.8482998,-0.38109532,-0.36763287,0.37061974,0.068549395,-0.9262516,0.37819117,-0.92199093,0.08309096
1356523740042,-0.81762195,-0.4479943,-0.3616566,0.39823675,0.013611138,-0.91718173,0.41581476,-0.8939328,0.16727895
1356523740083,-0.79917336,-0.50408083,-0.3274515,0.40722767,-0.053336024,-0.911768,0.44213977,-0.86200804,0.24790037
1356523740128,-0.7971165,-0.53434306,-0.28121677,0.39762622,-0.114017785,-0.91043586,0.4544213,-0.8375426,0.3033542
1356523740169,-0.8110531,-0.5375086,-0.23081887,0.36726707,-0.16077203,-0.91611534,0.45531064,-0.8277903,0.32780385
1356523740212,-0.8367042,-0.51620615,-0.1829128,0.31875962,-0.1874451,-0.92911595,0.44532928,-0.8357006,0.32138193
1356523740249,-0.86313325,-0.48395404,-0.1441861,0.2673293,-0.1956737,-0.94352895,0.42841125,-0.8529363,0.29826754
1356523740292,-0.8900181,-0.44151336,-0.113725916,0.21459292,-0.18558604,-0.95890963,0.4022655,-0.8778517,0.25992066
1356523740340,-0.9148243,-0.3929541,-0.09318493,0.16722149,-0.15854561,-0.9730879,0.36760485,-0.9057871,0.21075183
1356523740378,-0.9321121,-0.35137424,-0.08776783,0.13967153,-0.12516308,-0.98225564,0.334154,-0.927831,0.165743
1356523740420,-0.9443569,-0.31614664,-0.090781294,0.1267992,-0.09524447,-0.98734516,0.30349943,-0.9439172,0.130032
1356523740458,-0.95242286,-0.28661513,-0.10364588,0.12980282,-0.07376778,-0.98879194,0.275757,-0.9552016,0.10746157
1356523740500,-0.9574944,-0.26031685,-0.12425638,0.1454092,-0.06356382,-0.98732764,0.24911982,-0.9634287,0.09871447
1356523740538,-0.9589427,-0.2376247,-0.15480125,0.17343491,-0.059494257,-0.98304665,0.2243864,-0.9695333,0.09826392
1356523740580,-0.95509344,-0.22129035,-0.19704592,0.21389154,-0.05469078,-0.97532517,0.20505348,-0.97367316,0.09956694
1356523740618,-0.9416772,-0.21545395,-0.25850254,0.27332765,-0.0415861,-0.9610216,0.19630578,-0.9756281,0.0980503
1356523740659,-0.9136562,-0.22008032,-0.34175557,0.35371035,-0.01615113,-0.9352154,0.20030278,-0.97534794,0.09260142
1356523740699,-0.87060416,-0.22876644,-0.43556213,0.44313526,0.019974172,-0.89623225,0.21372785,-0.9732764,0.08398479
1356523740739,-0.8221568,-0.23602471,-0.5180258,0.51936114,0.061579883,-0.85233325,0.2330717,-0.969794,0.071953714
1356523740778,-0.7848351,-0.24100485,-0.5709206,0.5644337,0.10232353,-0.81911194,0.25582856,-0.9651147,0.055724263
1356523740819,-0.76799643,-0.24707471,-0.59087706,0.5753798,0.1390199,-0.80598485,0.28128216,-0.9589722,0.035394967
1356523740858,-0.7672531,-0.25916404,-0.5866488,0.56184614,0.16949356,-0.8096919,0.3092762,-0.9508449,0.015565813
1356523740899,-0.77008027,-0.2829182,-0.5717813,0.5397731,0.18876636,-0.8203733,0.3400316,-0.94038534,0.007346332
1356523740938,-0.7659006,-0.32377017,-0.55549,0.5235078,0.18755496,-0.8311214,0.3732772,-0.92735976,0.025847793
1356523740976,-0.7491606,-0.38388816,-0.53980386,0.52267087,0.15802115,-0.8377615,0.4069072,-0.90975773,0.08226395
1356523741018,-0.72462136,-0.4546679,-0.5178812,0.5342467,0.104080975,-0.83889663,0.43532097,-0.8845588,0.16748548
1356523741060,-0.70551366,-0.5171096,-0.4846114,0.54560465,0.040085614,-0.83708346,0.45228982,-0.85498,0.25385642
1356523741099,-0.7075475,-0.55260295,-0.44046172,0.5396796,-0.020165622,-0.84162897,0.45620444,-0.83320063,0.31249666
1356523741140,-0.73261744,-0.5561301,-0.39241707,0.5106942,-0.06799632,-0.8570695,0.44995922,-0.82830906,0.3338276
1356523741178,-0.76953685,-0.5357257,-0.34757888,0.46530434,-0.097596586,-0.8797538,0.43738425,-0.83873296,0.32437962
1356523741220,-0.80761915,-0.5016782,-0.309952,0.41338626,-0.106797636,-0.904271,0.42055097,-0.85843647,0.2936387
1356523741271,-0.8414855,-0.46136054,-0.28115574,0.36303666,-0.09743458,-0.92666656,0.4001331,-0.88184637,0.24948066
1356523741300,-0.86689526,-0.4230114,-0.26373062,0.3241864,-0.076512456,-0.9428939,0.3786762,-0.90288824,0.2034629
1356523741338,-0.8862534,-0.38671604,-0.25496173,0.2962257,-0.050028443,-0.9538068,0.35609704,-0.9208408,0.15889317
1356523741381,-0.9000929,-0.35265476,-0.25586572,0.2819025,-0.023604274,-0.9591526,0.3322102,-0.9354557,0.120660365
1356523741419,-0.90865946,-0.3208269,-0.26722303,0.2831064,-0.0029859543,-0.95908386,0.30690196,-0.9471331,0.093541384
1356523741461,-0.9138588,-0.28881642,-0.2853899,0.29640332,0.0058495402,-0.955045,0.27750206,-0.9573667,0.080260456
1356523741499,-0.91367066,-0.25825852,-0.31386065,0.32324356,0.0064519644,-0.94629383,0.24641345,-0.9660543,0.07758546
1356523741541,-0.9067689,-0.23222515,-0.3519113,0.3612539,0.0024585724,-0.9324642,0.21740685,-0.97265893,0.08166289
1356523741589,-0.88545835,-0.21728054,-0.41079512,0.41978315,0.0052509904,-0.9076092,0.1993629,-0.9760951,0.08656126
1356523741632,-0.83926964,-0.21371822,-0.49995092,0.50689346,0.025076568,-0.86164385,0.19668606,-0.9765734,0.08728641
1356523741690,-0.7709982,-0.21691722,-0.59875613,0.60091776,0.063495934,-0.79678494,0.210855,-0.9741228,0.08139408
1356523741719,-0.7046647,-0.2176657,-0.6753291,0.6707338,0.10610682,-0.73406917,0.23143873,-0.9702386,0.07122594
1356523741760,-0.6620131,-0.21779028,-0.7171514,0.70413697,0.14707756,-0.69466496,0.25676817,-0.96485007,0.05598682
1356523741798,-0.65221167,-0.22197808,-0.7248072,0.7022229,0.18317765,-0.687989,0.285487,-0.9576907,0.03640753
1356523741842,-0.66381884,-0.23539142,-0.70988405,0.6765074,0.21571004,-0.70413554,0.3188766,-0.9476603,0.01605165
1356523741881,-0.67815953,-0.26749253,-0.6845052,0.6418158,0.23816627,-0.7289371,0.35801128,-0.9336619,0.010166168
1356523741928,-0.6864135,-0.32189655,-0.65208817,0.60825795,0.23732513,-0.7574292,0.39857078,-0.9165475,0.032893002
1356523741962,-0.6731631,-0.39604694,-0.6244983,0.5970067,0.20729399,-0.77499175,0.43638784,-0.8945255,0.096900046
1356523741991,-0.65653354,-0.47315437,-0.5874425,0.592892,0.15774643,-0.7896804,0.46630773,-0.8667416,0.17696351
1356523742032,-0.6357459,-0.5430895,-0.5485262,0.6038035,0.09281826,-0.7917109,0.48088306,-0.834529,0.26891053
1356523742073,-0.6393833,-0.58739746,-0.49613824,0.600945,0.020753622,-0.7990209,0.47963956,-0.80903244,0.33972406
1356523742115,-0.67233944,-0.5973273,-0.43721816,0.57404906,-0.04781878,-0.8174234,0.46736208,-0.80057067,0.37504566
1356523742159,-0.7232912,-0.57694006,-0.37945998,0.5247359,-0.10199106,-0.84513307,0.44888955,-0.8103937,0.37651044
1356523742199,-0.77630055,-0.5374324,-0.32942963,0.46369034,-0.13283193,-0.8759834,0.42702305,-0.8327797,0.35231972
1356523742239,-0.8223313,-0.4889362,-0.29105437,0.40233153,-0.13791609,-0.90504616,0.40236872,-0.8613481,0.31012714
1356523742279,-0.8581605,-0.4389024,-0.26631793,0.35024622,-0.1212517,-0.9287764,0.37535068,-0.890316,0.25777733
1356523742318,-0.88448805,-0.39082772,-0.2548229,0.31227887,-0.090114236,-0.9457068,0.34664524,-0.91604215,0.20175213
1356523742359,-0.9025898,-0.34641775,-0.25559005,0.29092333,-0.053195536,-0.9552663,0.31732497,-0.9365708,0.14879483
1356523742398,-0.91349113,-0.3063875,-0.26769507,0.28732237,-0.019957304,-0.95762604,0.28806216,-0.95169765,0.1062628
1356523742440,-0.91800284,-0.2703981,-0.2900962,0.30082586,0.0018461347,-0.9536773,0.2584081,-0.96274686,0.07964796
1356523742480,-0.9159925,-0.23848803,-0.32261592,0.32978785,0.010339022,-0.9439984,0.22846784,-0.9710904,0.06918013
1356523742519,-0.90586793,-0.2124175,-0.366445,0.3728158,0.010741413,-0.92784315,0.20102625,-0.97711986,0.06946236
1356523742560,-0.8833872,-0.19544561,-0.42594367,0.43192768,0.013109207,-0.901813,0.18183917,-0.9806269,0.07283783
1356523742600,-0.842456,-0.18913032,-0.50447786,0.509275,0.025991559,-0.8602114,0.17580423,-0.98160803,0.07442248
1356523742639,-0.7801906,-0.19005914,-0.59597003,0.59812343,0.05231875,-0.7996944,0.18316966,-0.9803777,0.07286018
1356523742679,-0.7052911,-0.19238013,-0.6823154,0.6798182,0.089387596,-0.7279128,0.20102648,-0.9772408,0.06773925
1356523742718,-0.64000213,-0.19275081,-0.743804,0.7347278,0.12979746,-0.6658286,0.22488284,-0.97262514,0.05854869
1356523742758,-0.6042189,-0.1931074,-0.7730646,0.7557918,0.16840672,-0.6327858,0.2523849,-0.9666171,0.04419452
1356523742798,-0.6019402,-0.19792405,-0.773624,0.7468929,0.20321298,-0.6331314,0.28252238,-0.95892155,0.02550596
1356523742858,-0.61912674,-0.2128799,-0.7558864,0.7190847,0.23314738,-0.6546446,0.31559354,-0.9488543,0.008730948
1356523742895,-0.62591606,-0.25127572,-0.7383019,0.69379646,0.25296652,-0.67428064,0.35619605,-0.9342743,0.015998304
1356523742939,-0.6297241,-0.31672853,-0.7093171,0.6677237,0.2459299,-0.702612,0.39697957,-0.91607946,0.056619048
1356523742961,-0.6078158,-0.40128395,-0.68522334,0.66626275,0.21177065,-0.7150154,0.4320344,-0.8911365,0.13864309
1356523743002,-0.57660526,-0.48976904,-0.6539516,0.67892355,0.15805262,-0.71699524,0.45452088,-0.8574064,0.24138176
1356523743045,-0.5619466,-0.5589332,-0.60976183,0.68591565,0.097137034,-0.7211685,0.46231544,-0.8235035,0.3287953
1356523743089,-0.5800788,-0.5940106,-0.5573687,0.673265,0.035515606,-0.7385477,0.45850044,-0.8036728,0.3793248
1356523743139,-0.6308771,-0.5907489,-0.5030006,0.6346215,-0.019918501,-0.77256626,0.4463737,-0.80660945,0.38746822
1356523743179,-0.6867798,-0.56597054,-0.45608228,0.5848136,-0.0576241,-0.80911845,0.43165588,-0.8224092,0.37056226
1356523743219,-0.7381373,-0.5276698,-0.42037833,0.5324155,-0.072915316,-0.8433369,0.4143514,-0.8463144,0.33476108
1356523743259,-0.77982295,-0.48309913,-0.39810988,0.4862524,-0.06693703,-0.8712509,0.39425227,-0.8730033,0.28710705
1356523743299,-0.8114679,-0.43615326,-0.3889604,0.45145783,-0.045220494,-0.8911459,0.37108722,-0.89873546,0.23359978
1356523743338,-0.832612,-0.39015895,-0.39310688,0.43300635,-0.015991151,-0.90124893,0.34534413,-0.9206085,0.18225586
1356523743380,-0.8443662,-0.34592623,-0.40912202,0.43227297,0.01126647,-0.9016724,0.3165215,-0.9381941,0.14002156
1356523743418,-0.84635776,-0.30402985,-0.437315,0.4501185,0.030646145,-0.8924428,0.28473127,-0.9521694,0.110911846
1356523743460,-0.83812535,-0.26544285,-0.4765353,0.48401487,0.040967286,-0.87410027,0.251546,-0.9632558,0.094142616
1356523743498,-0.8148706,-0.2333706,-0.53058827,0.53486496,0.05005282,-0.84345365,0.22339474,-0.9710988,0.08403522
1356523743539,-0.7717123,-0.21003674,-0.60028714,0.6013753,0.06607342,-0.7962299,0.20690054,-0.9754583,0.0753212
1356523743578,-0.70418274,-0.19415678,-0.68295664,0.67967373,0.09386855,-0.7274835,0.20535399,-0.97646904,0.065862715
1356523743621,-0.61874115,-0.18120238,-0.76441157,0.7550274,0.13162333,-0.64234644,0.21700907,-0.9745979,0.05537206
1356523743659,-0.53711,-0.16828215,-0.8265555,0.8093483,0.1732378,-0.5611987,0.2376304,-0.97039664,0.04315114
1356523743699,-0.4849558,-0.15721408,-0.86029166,0.8341112,0.21248347,-0.50902784,0.26282412,-0.96443486,0.028088868
1356523743738,-0.47347742,-0.1522856,-0.8675414,0.831612,0.24726737,-0.49727285,0.29024214,-0.95690536,0.009567082
1356523743779,-0.49480128,-0.15824717,-0.8544762,0.8083426,0.2771219,-0.51940906,0.31898907,-0.94771373,-0.009202361
1356523743818,-0.52682954,-0.18033296,-0.8306207,0.7745123,0.30068696,-0.5565232,0.3501163,-0.9365188,-0.018740714
1356523743859,-0.547812,-0.22513068,-0.8057407,0.7426435,0.3125943,-0.5922545,0.38520464,-0.92282224,-0.0040510893
1356523743898,-0.54416734,-0.2971356,-0.78459686,0.72430456,0.30556524,-0.6180718,0.42339665,-0.9046216,0.048938096
1356523743955,-0.51837146,-0.39042437,-0.7608283,0.722404,0.27618653,-0.6339191,0.45762795,-0.87823105,0.13887697
1356523743981,-0.4923843,-0.4823898,-0.7244707,0.7277268,0.22844172,-0.64670557,0.4774635,-0.8456444,0.23856688
1356523744019,-0.4921934,-0.54810464,-0.6762595,0.72698903,0.16847193,-0.6656608,0.4787825,-0.8192671,0.31554526
1356523744058,-0.5276921,-0.57644725,-0.62389874,0.71025586,0.10343695,-0.69630265,0.46591592,-0.8105612,0.3548422
1356523744099,-0.58818865,-0.56990457,-0.57379687,0.67523825,0.044389427,-0.7362628,0.44507006,-0.820511,0.35871202
1356523744139,-0.6555143,-0.53813773,-0.5298196,0.6273975,0.0024158359,-0.7786954,0.42032534,-0.8428535,0.33604264
1356523744179,-0.7153618,-0.49299544,-0.49518967,0.5770982,-0.017273128,-0.816492,0.39397335,-0.86986035,0.29686344
1356523744219,-0.76156723,-0.44385034,-0.47224158,0.53390455,-0.016627312,-0.84538126,0.36737067,-0.8959466,0.24963653
1356523744259,-0.7941866,-0.3953633,-0.46147117,0.5029547,-0.0014798045,-0.8643116,0.3410342,-0.91852367,0.20002502
1356523744298,-0.81362134,-0.35051417,-0.46385348,0.488393,0.020791411,-0.8723761,0.31542432,-0.9363266,0.15427238
1356523744340,-0.82076085,-0.3102772,-0.4796662,0.49222687,0.042045236,-0.8694509,0.28993848,-0.94971585,0.11821771
1356523744379,-0.81509817,-0.2745886,-0.5101138,0.515819,0.056838512,-0.85481,0.2637152,-0.9598805,0.09530902
1356523744420,-0.79603654,-0.24288334,-0.5543766,0.5573082,0.06312549,-0.8279026,0.236079,-0.9679994,0.085110724
1356523744459,-0.7574581,-0.21556044,-0.616272,0.6177518,0.06883657,-0.7833546,0.2112823,-0.9740613,0.081021905
1356523744501,-0.6974183,-0.1929758,-0.6901943,0.6900355,0.079270005,-0.7194215,0.19354267,-0.97799623,0.07787579
1356523744538,-0.6114398,-0.17350006,-0.7720356,0.76912194,0.099018395,-0.63138473,0.18599099,-0.9798434,0.072898924
1356523744581,-0.5129403,-0.15475386,-0.84435976,0.8373163,0.1265865,-0.53186214,0.18919227,-0.97980976,0.06464666
1356523744618,-0.42775077,-0.13597748,-0.89361036,0.88157034,0.15561235,-0.44566643,0.19965741,-0.97841454,0.053310335
1356523744661,-0.38168526,-0.11954722,-0.9165286,0.8985437,0.18443078,-0.39825174,0.21664593,-0.9755479,0.03702396
1356523744699,-0.38759857,-0.11065236,-0.91516304,0.8907211,0.21076953,-0.40273085,0.23745158,-0.9712529,0.016866505
1356523744741,-0.4286524,-0.11236882,-0.89645433,0.86414385,0.2385633,-0.4431061,0.26365244,-0.96460396,-0.0051579475
1356523744778,-0.4847986,-0.13273266,-0.8644955,0.82350695,0.26368934,-0.502299,0.29462972,-0.9554319,-0.018530011
1356523744821,-0.5200181,-0.17882913,-0.83522534,0.7868613,0.28013432,-0.54988545,0.3323109,-0.9431569,-0.004961252
1356523744869,-0.51519054,-0.26551917,-0.81491005,0.7701864,0.2737177,-0.57610035,0.37602103,-0.92443407,0.063482404
1356523744912,-0.506147,-0.37432548,-0.77697855,0.7573265,0.23813242,-0.6080703,0.41264004,-0.8961994,0.16295654
1356523744949,-0.5047076,-0.4704737,-0.7238265,0.7459279,0.18441701,-0.639986,0.43458247,-0.8629281,0.2578628
1356523744986,-0.52593887,-0.53267616,-0.6630568,0.7279926,0.12117249,-0.67479175,0.4397897,-0.8375997,0.32405502
1356523745025,-0.57434213,-0.5574967,-0.59944016,0.6940972,0.056577384,-0.7176546,0.43400484,-0.828249,0.3544621
1356523745066,-0.6417308,-0.5461872,-0.5383874,0.6418033,0.001842916,-0.766867,0.41984516,-0.8376611,0.3493622
1356523745109,-0.70530486,-0.5165849,-0.4854741,0.5832137,-0.033527493,-0.8116265,0.40299726,-0.8555793,0.3249265
1356523745149,-0.7596088,-0.47627127,-0.44289982,0.5249984,-0.047067404,-0.8498008,0.38388956,-0.8780378,0.28579444
1356523745188,-0.8006065,-0.43329945,-0.41386104,0.47630283,-0.041148245,-0.878318,0.36354506,-0.9003102,0.23932523
1356523745228,-0.82863283,-0.39228985,-0.3993447,0.44255236,-0.022212803,-0.8964675,0.34280452,-0.91957337,0.19201511
1356523745268,-0.8451486,-0.35491598,-0.39969814,0.42693597,0.0017323494,-0.90428025,0.3216359,-0.93489665,0.15006226
1356523745309,-0.8517998,-0.32010317,-0.41469395,0.4306174,0.022975504,-0.90224206,0.29833835,-0.947104,0.11827147
1356523745348,-0.84972036,-0.28586075,-0.44301128,0.45236447,0.03631544,-0.8910935,0.2708168,-0.95758283,0.09845531
1356523745389,-0.83713925,-0.25274256,-0.48509693,0.4913176,0.042369246,-0.86994934,0.2404264,-0.9666054,0.088707924
1356523745429,-0.8092758,-0.22386955,-0.5430976,0.54753923,0.04740727,-0.835436,0.21277541,-0.97346544,0.084211886
1356523745468,-0.75884867,-0.2020251,-0.6191402,0.6214888,0.05954534,-0.78115684,0.19468021,-0.97756857,0.08037037
1356523745509,-0.68072325,-0.18642846,-0.708421,0.7075188,0.083274364,-0.7017709,0.18982336,-0.978933,0.07521492
1356523745549,-0.58434206,-0.17336702,-0.7927724,0.7870128,0.11714047,-0.60571355,0.19787654,-0.977866,0.06799197
1356523745589,-0.49849617,-0.16055939,-0.85189337,0.8397846,0.15438175,-0.52050745,0.21508914,-0.97487795,0.057876587
1356523745628,-0.45280045,-0.15069994,-0.87878394,0.85914063,0.18982255,-0.4752312,0.23843029,-0.97018397,0.04352075
1356523745669,-0.45663834,-0.14898068,-0.8770896,0.8489529,0.22181004,-0.47966576,0.26600817,-0.9636415,0.025190651
1356523745708,-0.49442875,-0.16072232,-0.8542297,0.81684476,0.250063,-0.5198394,0.29716107,-0.9547967,0.0076468587
1356523745750,-0.53682154,-0.19113547,-0.82176024,0.7750972,0.27297777,-0.56983113,0.33323723,-0.94284165,0.0016082525
1356523745789,-0.56304425,-0.24566922,-0.7890677,0.7365564,0.28382987,-0.6139424,0.37478775,-0.92686963,0.021140456
1356523745832,-0.55738556,-0.3278062,-0.76280034,0.7159127,0.27552128,-0.64152706,0.42046428,-0.9036764,0.08110905
1356523745869,-0.54042214,-0.4233622,-0.72712326,0.7041742,0.24542451,-0.66626227,0.46052408,-0.8720844,0.16548795
1356523745910,-0.52763134,-0.50911367,-0.6800061,0.69688094,0.19833559,-0.6892168,0.48575908,-0.8375358,0.25014365
1356523745994,-0.54584384,-0.5642632,-0.6194041,0.67775106,0.13731813,-0.7223553,0.49265397,-0.81409496,0.3074758
1356523745996,-0.6065287,-0.57534426,-0.54872745,0.6324461,0.06909847,-0.7715162,0.4818036,-0.8149873,0.3219641
1356523746032,-0.6761968,-0.5592446,-0.47958666,0.57158226,0.012471795,-0.82045,0.46481353,-0.82890886,0.31122088
1356523746080,-0.7430355,-0.521492,-0.41945726,0.50281286,-0.021365047,-0.8641313,0.44167578,-0.85298866,0.2780878
1356523746129,-0.7995124,-0.47135314,-0.37229863,0.43619683,-0.029514253,-0.89936715,0.4129314,-0.8814506,0.22919971
1356523746169,-0.8385007,-0.4223928,-0.34423992,0.3876614,-0.018459022,-0.92161703,0.38293007,-0.90622497,0.17922318
1356523746209,-0.8634605,-0.3791273,-0.33271393,0.3594148,3.7139654E-4,-0.9331778,0.35391673,-0.92534447,0.1359433
1356523746261,-0.8796682,-0.3397159,-0.33283162,0.34808964,0.016962051,-0.9373077,0.3240639,-0.9403751,0.10333067
1356523746285,-0.8862929,-0.30401778,-0.34936824,0.35810685,0.0284819,-0.9332461,0.29367408,-0.9522405,0.08362758
1356523746327,-0.8864573,-0.27019107,-0.37575307,0.38250744,0.029336393,-0.92348665,0.26054105,-0.9623597,0.0773446
1356523746369,-0.8759833,-0.24038723,-0.41817132,0.42448118,0.02751559,-0.9050186,0.22906116,-0.970287,0.07793665
1356523746409,-0.85255855,-0.21713313,-0.47539157,0.48113737,0.029115975,-0.8761616,0.20408519,-0.97570765,0.07964778
1356523746459,-0.806854,-0.20310624,-0.55473816,0.5582962,0.04479879,-0.8284313,0.19311115,-0.97813135,0.07724744
1356523746498,-0.7362564,-0.19382255,-0.64835125,0.6481062,0.0736112,-0.757984,0.19464028,-0.97827107,0.07142091
1356523746540,-0.65999806,-0.18620974,-0.72782445,0.72208995,0.11013657,-0.6829758,0.20733681,-0.97631747,0.06177026
1356523746578,-0.60567206,-0.18022835,-0.7750349,0.76253355,0.14687216,-0.6300565,0.22738513,-0.9725977,0.048473775
1356523746619,-0.5885323,-0.17944306,-0.7883083,0.76774293,0.18154067,-0.6145029,0.25337833,-0.96687293,0.030923545
1356523746659,-0.6049808,-0.18856096,-0.773591,0.7440233,0.21216679,-0.6335729,0.2835974,-0.95886916,0.011936903
1356523746699,-0.6318421,-0.2119105,-0.74556655,0.7066582,0.23770547,-0.66643107,0.31844896,-0.9479399,-4.43995E-4
