1356523309222,0.8938607,0.17922029,0.41096628,-0.41857514,0.005142182,0.90816766,0.16064878,-0.9837956,0.07961354
1356523309239,0.4833261,0.14875129,0.86271024,-0.8605726,-0.10011688,0.499391,0.16065696,-0.9837935,0.07962221
1356523309264,0.48341104,0.14885318,0.86264503,-0.86051166,-0.10012993,0.49949333,0.16072783,-0.9837767,0.079685986
1356523309311,0.483486,0.14911512,0.8625578,-0.8604257,-0.10023868,0.49961978,0.16096252,-0.9837261,0.07983847
1356523309348,0.4831918,0.14954174,0.86264884,-0.8604785,-0.10070878,0.4994342,0.16156256,-0.98361325,0.08001578
1356523309385,0.4812374,0.14979273,0.86369705,-0.86139506,-0.10185152,0.4976191,0.16250858,-0.9834574,0.08001597
1356523309428,0.4771804,0.14976996,0.86594915,-0.86338514,-0.103884965,0.4937349,0.16390574,-0.9832482,0.07973723
1356523309465,0.4700184,0.14953926,0.86989695,-0.8669604,-0.10682064,0.48679465,0.1657179,-0.9829686,0.07943696
1356523309508,0.45962152,0.14934328,0.87546825,-0.872134,-0.110263556,0.47668052,0.16772127,-0.9826182,0.07956785
1356523309547,0.44772232,0.14978322,0.8815383,-0.87788165,-0.113699496,0.46518403,0.16990721,-0.98215955,0.08058615
1356523309589,0.43412036,0.15059173,0.8881788,-0.8842653,-0.1171065,0.45206305,0.17208847,-0.98163545,0.08232473
1356523309626,0.4206583,0.15178615,0.8944314,-0.8903181,-0.12034762,0.43914685,0.17429918,-0.9810592,0.08451277
1356523309670,0.42437997,0.1552285,0.8920794,-0.8881135,-0.12069264,0.44349468,0.17651051,-0.98047805,0.08664103
1356523309709,0.4011374,0.15473074,0.90285504,-0.89838,-0.12603211,0.4207484,0.17889145,-0.9798848,0.08845082
1356523309747,0.38402018,0.15440649,0.9103225,-0.9053605,-0.13056484,0.40407303,0.18124765,-0.97934234,0.08965407
1356523309790,0.37186903,0.15390295,0.91543835,-0.90993756,-0.13466483,0.39227426,0.18364948,-0.97886634,0.089964375
1356523309828,0.36428872,0.15310419,0.9186146,-0.91254795,-0.13819084,0.38491493,0.18587625,-0.97850007,0.08937357
1356523309869,0.3597618,0.1516315,0.9206407,-0.913942,-0.14136806,0.38042775,0.187834,-0.97827554,0.08772351
1356523309907,0.3585035,0.14999738,0.92139894,-0.9141176,-0.1438218,0.37908357,0.1893788,-0.97816974,0.0855546
1356523309948,0.35839477,0.14784601,0.9217889,-0.91392887,-0.14590839,0.37874106,0.1904921,-0.9781883,0.08282797
1356523309987,0.3587563,0.14506248,0.92209053,-0.9136485,-0.14772809,0.3787122,0.19115558,-0.9783319,0.07953772
1356523310028,0.35790855,0.14110494,0.92303354,-0.9139447,-0.14961064,0.37725544,0.19132823,-0.9786246,0.07541518
1356523310070,0.35339615,0.13459957,0.92573977,-0.9157907,-0.15215424,0.37172085,0.19088879,-0.97914857,0.06949437
1356523310108,0.3440454,0.12499201,0.9305965,-0.91951454,-0.1557731,0.3608709,0.19006786,-0.979853,0.061338946
1356523310149,0.32599148,0.108736575,0.9390985,-0.9262101,-0.1622571,0.34030497,0.18937898,-0.980739,0.047818437
1356523310189,0.29858613,0.08508369,0.9505825,-0.9353157,-0.17201126,0.30918694,0.18981767,-0.9814137,0.028219938
1356523310257,0.26042894,0.052091718,0.9640868,-0.9461906,-0.18489966,0.2655852,0.19209409,-0.98137593,0.0011354685
1356523310263,0.21446261,0.010999203,0.9766702,-0.95689964,-0.19811472,0.2123524,0.1958285,-0.9801171,-0.03196305
1356523310305,0.1665228,-0.035459936,0.9853998,-0.96554095,-0.20856684,0.15566146,0.20000201,-0.977365,-0.06896913
1356523310348,0.12763965,-0.08173275,0.9884472,-0.9707154,-0.21479326,0.107589126,0.20351827,-0.9732336,-0.106755406
1356523310390,0.10132986,-0.1274898,0.9866502,-0.9732857,-0.21808946,0.0717769,0.20602718,-0.96756566,-0.14618298
1356523310429,0.101444185,-0.1667592,0.9807652,-0.9729344,-0.22237766,0.062823445,0.20762384,-0.96059334,-0.18480471
1356523310470,0.111305416,-0.20755053,0.9718714,-0.97164404,-0.22801518,0.06258497,0.20861188,-0.95127904,-0.22704455
1356523310508,0.14205909,-0.24533668,0.95897293,-0.967497,-0.23917288,0.08213353,0.20921001,-0.93947124,-0.27133915
1356523310548,0.16994259,-0.2898218,0.941872,-0.9629814,-0.25179026,0.09627345,0.209252,-0.9233662,-0.32188287
1356523310588,0.20439082,-0.33462346,0.9199194,-0.95653486,-0.26796222,0.11505416,0.20800376,-0.90345097,-0.37484798
1356523310630,0.22403583,-0.38846135,0.8938153,-0.953033,-0.27911445,0.117572814,0.20380422,-0.878176,-0.43274817
1356523310668,0.2418927,-0.44114733,0.8642204,-0.95028305,-0.28770125,0.11912227,0.19608685,-0.8500688,-0.48880765
1356523310710,0.24387173,-0.49754238,0.83245313,-0.95264685,-0.28366214,0.10954335,0.181633,-0.8197484,-0.54315937
1356523310748,0.24807155,-0.5440297,0.8015561,-0.9550997,-0.27572125,0.108454674,0.16200349,-0.79247046,-0.5880012
1356523310790,0.2599339,-0.57465076,0.7760225,-0.9559548,-0.2665969,0.12278634,0.13632596,-0.77375877,-0.61863774
1356523310828,0.29130018,-0.5826651,0.7587131,-0.95001245,-0.26933545,0.15790746,0.112341136,-0.7667854,-0.6319966
1356523310874,0.35582542,-0.55537146,0.7516321,-0.9297481,-0.29181367,0.2245287,0.09463966,-0.7787216,-0.6201903
1356523310910,0.43806386,-0.49988055,0.7471409,-0.89466643,-0.32341993,0.30817443,0.08758983,-0.80344194,-0.588905
1356523310964,0.55555964,-0.384858,0.73704666,-0.8252746,-0.36329556,0.43236345,0.101367235,-0.84846956,-0.5194459
1356523311003,0.6463247,-0.25807172,0.7180971,-0.7522424,-0.3734076,0.54286104,0.12804583,-0.89104754,-0.43547505
1356523311046,0.70737046,-0.13324961,0.6941697,-0.6873789,-0.35855478,0.6316239,0.16473418,-0.92394966,-0.34522402
1356523311082,0.73522025,-0.030219883,0.6771543,-0.64688754,-0.32966602,0.68764585,0.20245418,-0.9436138,-0.261926
1356523311122,0.7447783,0.056816667,0.6648888,-0.62260246,-0.299404,0.722996,0.2401486,-0.9524332,-0.1876154
1356523311162,0.7369836,0.124353826,0.66437286,-0.6177986,-0.27480257,0.73675525,0.2741897,-0.95342517,-0.12569934
1356523311202,0.71366006,0.17059922,0.67940056,-0.63206595,-0.26126558,0.729543,0.30196342,-0.9500717,-0.078624845
1356523311319,0.6750927,0.19596127,0.71123064,-0.6625507,-0.26296395,0.7013392,0.32446328,-0.9446953,-0.047690783
1356523311320,0.61160505,0.19768068,0.76606894,-0.7128545,-0.2823268,0.6419735,0.3431876,-0.9387299,-0.03175488
1356523311335,0.51693124,0.17529353,0.83788687,-0.7777629,-0.31269735,0.5452572,0.357585,-0.9335377,-0.025306247
1356523311374,0.3909147,0.1298675,0.91121906,-0.84475875,-0.34247187,0.4112124,0.36547,-0.9305092,-0.024170592
1356523311412,0.2367217,0.06844202,0.96916384,-0.90013015,-0.36000246,0.24528322,0.3656891,-0.93043745,-0.023613676
1356523311453,0.088017166,0.010291606,0.9960658,-0.9298105,-0.35788333,0.08586025,0.357359,-0.9337096,-0.021930635
1356523311492,-0.021941602,-0.027357042,0.99938494,-0.9395575,-0.34107757,-0.029964656,0.3416875,-0.93963706,-0.018219769
1356523311534,-0.07235342,-0.036370993,0.99671566,-0.9444209,-0.3188082,-0.08019081,0.32067776,-0.94712114,-0.011282623
1356523311572,-0.059301794,-0.019860655,0.99804246,-0.95267546,-0.2974893,-0.06252614,0.29814878,-0.95451856,-0.0012790561
1356523311612,0.002090454,0.012854308,0.99991524,-0.96172774,-0.273951,0.0055324137,0.2739989,-0.96165776,0.01178965
1356523311652,0.101217926,0.048775554,0.9936679,-0.96294713,-0.2461605,0.110171765,0.2499755,-0.968001,0.022052377
1356523311693,0.20060998,0.0647929,0.9775262,-0.95297074,-0.21846151,0.21005085,0.22716165,-0.9736922,0.017920196
1356523311735,0.278853,0.04399532,0.9593255,-0.93789744,-0.20219392,0.28189713,0.20637196,-0.9783568,-0.015119284
1356523311772,0.33265665,-0.011658341,0.9429759,-0.9243002,-0.20242098,0.3235657,0.1871059,-0.9792291,-0.07811245
1356523311829,0.33753425,-0.11958572,0.9336862,-0.9259465,-0.22067577,0.30647233,0.16939217,-0.9679884,-0.18521562
1356523311868,0.35954142,-0.21226382,0.908666,-0.92004156,-0.24315983,0.3072405,0.1557351,-0.9464762,-0.2827175
1356523311905,0.40270063,-0.25753045,0.8783566,-0.9028375,-0.26976457,0.33483055,0.15072048,-0.92784977,-0.3411425
1356523311948,0.4674536,-0.24683788,0.84885705,-0.870072,-0.2983507,0.39237943,0.15640298,-0.92198586,-0.35423183
1356523311991,0.5427534,-0.18690541,0.81883156,-0.822134,-0.31764627,0.4724369,0.17179781,-0.92960596,-0.32606488
1356523312025,0.6045009,-0.106493086,0.7894542,-0.77329564,-0.31642577,0.5494439,0.19129166,-0.9426208,-0.27363032
1356523312068,0.64443636,-0.025443882,0.76423454,-0.73495245,-0.29647768,0.6098737,0.21106097,-0.95470077,-0.20976102
1356523312105,0.6614145,0.042797953,0.7487985,-0.7143072,-0.26846135,0.6462923,0.22868341,-0.9623393,-0.14699337
1356523312147,0.6620171,0.09841451,0.74299926,-0.7083981,-0.24157313,0.663185,0.2447557,-0.9653791,-0.09020886
1356523312186,0.6473522,0.14001197,0.7492207,-0.7163118,-0.2241345,0.6608033,0.26044655,-0.9644482,-0.04480174
1356523312256,0.6183262,0.16721386,0.76792717,-0.7351796,-0.22233912,0.6403719,0.27781937,-0.9605231,-0.014545888
1356523312267,0.57434285,0.1796763,0.798653,-0.7619935,-0.23919174,0.6017915,0.29915893,-0.9542031,-4.658699E-4
1356523312304,0.5122583,0.17585406,0.8406348,-0.795475,-0.27182108,0.54160213,0.32374516,-0.9461441,6.44885E-4
1356523312373,0.42854768,0.15350586,0.8903835,-0.8341484,-0.3114621,0.45517868,0.34719336,-0.9377778,-0.0054296404
1356523312385,0.32076454,0.11241627,0.94046414,-0.87491745,-0.34517413,0.33966812,0.36280808,-0.9317819,-0.012364715
1356523312425,0.19846165,0.06046161,0.97824204,-0.9089396,-0.36203808,0.20677817,0.366663,-0.93020046,-0.016894743
1356523312462,0.08480126,0.013287246,0.9963093,-0.92924476,-0.35981435,0.08389172,0.35960102,-0.9329293,-0.018165588
1356523312503,0.006153524,-0.014393479,0.99987745,-0.93882155,-0.34440303,8.200109E-4,0.34434903,-0.9387115,-0.015632212
1356523312545,-0.021308541,-0.01614052,0.9996427,-0.94593376,-0.32336503,-0.025384784,0.3236592,-0.94613665,-0.008377463
1356523312586,0.00533849,0.005651176,0.99996984,-0.9541307,-0.29931366,0.0067853034,0.299343,-0.95413804,0.0037940145
1356523312626,0.07566053,0.040078998,0.9963278,-0.95917654,-0.27013624,0.08370596,0.27249914,-0.96198756,0.018004239
1356523312667,0.16661477,0.06845066,0.9836433,-0.95519376,-0.23629534,0.17823938,0.24463096,-0.96926725,0.026013374
1356523312713,0.24805555,0.06728664,0.9664062,-0.9439734,-0.2073668,0.25673556,0.21767548,-0.9759464,0.012078375
1356523312749,0.31883106,0.03727591,0.94707835,-0.9277814,-0.19206598,0.31989434,0.19382587,-0.9806739,-0.026652724
1356523312789,0.35349435,-0.03458029,0.9347973,-0.9190018,-0.1993376,0.34014735,0.17457783,-0.9793205,-0.10224408
1356523312827,0.3802662,-0.11630443,0.9175352,-0.9111544,-0.21737021,0.35006836,0.15873036,-0.9691354,-0.18862984
1356523312868,0.4087035,-0.17985821,0.8947695,-0.9005935,-0.23841864,0.36343905,0.14796215,-0.9543624,-0.2594217
1356523312908,0.4523241,-0.20141023,0.8688135,-0.8800332,-0.25887507,0.39815232,0.14472213,-0.94467854,-0.29434314
1356523312946,0.5072575,-0.1801872,0.84274685,-0.8488308,-0.2734422,0.45245498,0.14891598,-0.94486076,-0.29165408
1356523312986,0.56124294,-0.13006854,0.81736684,-0.8123739,-0.2754467,0.51398236,0.15828809,-0.95247644,-0.26025683
1356523313026,0.604679,-0.066513896,0.7936871,-0.77783227,-0.26362622,0.57050693,0.1712901,-0.96232903,-0.21114588
1356523313066,0.6336763,-9.073019E-4,0.7735978,-0.75051796,-0.24316667,0.6144858,0.18755567,-0.9699841,-0.15476991
1356523313106,0.64864683,0.06092313,0.7586472,-0.7323731,-0.22126226,0.6439508,0.20709151,-0.9733095,-0.09890262
1356523313146,0.65095,0.11579725,0.75023663,-0.7236897,-0.20374584,0.659364,0.22921014,-0.9721515,-0.04882709
1356523313186,0.6414839,0.16119164,0.7500105,-0.7243878,-0.1945312,0.6613773,0.25250888,-0.96756136,-0.008023404
1356523313251,0.6199981,0.19460177,0.76008725,-0.7345829,-0.19639131,0.6494755,0.2756636,-0.96102065,0.021188892
1356523313272,0.5844315,0.21337092,0.78288734,-0.75455534,-0.21198124,0.62105554,0.29847264,-0.9536963,0.037111692
1356523313307,0.52995634,0.21519548,0.8202665,-0.78522044,-0.24078515,0.57048345,0.3202734,-0.9464214,0.041370235
1356523313347,0.4555099,0.198262,0.86787266,-0.822099,-0.2803592,0.4955322,0.34156126,-0.939197,0.03528458
1356523313387,0.35395968,0.16072598,0.9213467,-0.8632351,-0.32295787,0.38797358,0.35991353,-0.9326658,0.02443017
1356523313428,0.22764814,0.10631952,0.96792173,-0.90000486,-0.35647565,0.250831,0.37170878,-0.92823553,0.014537156
1356523313467,0.09259117,0.046494722,0.99461806,-0.92258114,-0.3717271,0.10326198,0.37452757,-0.9271771,0.008476496
1356523313508,-0.02494359,-0.002806902,0.99968493,-0.9292723,-0.36860037,-0.024221629,0.36855224,-0.92958367,0.006585866
1356523313548,-0.101828456,-0.02942732,0.99436665,-0.92912984,-0.35434318,-0.10563424,0.35545555,-0.9346523,0.008740425
1356523313588,-0.12624604,-0.029196888,0.9915691,-0.9329065,-0.33634287,-0.12868086,0.33726436,-0.9412868,0.015224099
1356523313627,-0.09635872,-0.004371643,0.9953371,-0.9441947,-0.3160467,-0.0927957,0.31497863,-0.94873357,0.02632609
1356523313668,-0.019064128,0.035804868,0.9991769,-0.9570085,-0.2899531,-0.007869303,0.2894327,-0.95637083,0.039793283
1356523313706,0.083209276,0.07309085,0.9938481,-0.9617242,-0.25539327,0.09930223,0.26108012,-0.9640706,0.049042106
1356523313748,0.18297082,0.08641717,0.97931296,-0.9555129,-0.21876687,0.19782874,0.23133701,-0.971943,0.042544723
1356523313793,0.25706986,0.058944523,0.9645935,-0.9450653,-0.1932061,0.26367196,0.2019074,-0.979386,0.006038964
1356523313828,0.3044923,-0.00791198,0.9524819,-0.9364212,-0.18552727,0.29781678,0.17435509,-0.98260725,-0.06390059
1356523313872,0.32926968,-0.10093057,0.93882614,-0.9321306,-0.19344303,0.3061248,0.15071195,-0.97590613,-0.15777543
1356523313908,0.35499263,-0.1824184,0.916899,-0.92514557,-0.20963627,0.316478,0.13448387,-0.9606124,-0.24318293
1356523313947,0.3968677,-0.22247219,0.89050674,-0.90870917,-0.23200244,0.34701955,0.12939754,-0.94693244,-0.29423678
1356523313989,0.45727426,-0.21283957,0.86348104,-0.87898266,-0.25581568,0.40242738,0.13523957,-0.94300455,-0.30406022
1356523314026,0.524739,-0.16313934,0.8354846,-0.8380573,-0.27120984,0.4733975,0.14936188,-0.9485941,-0.2790345
1356523314068,0.58447504,-0.091471314,0.80623937,-0.7936963,-0.27094477,0.5446422,0.1686272,-0.95823896,-0.2309609
1356523314106,0.6274783,-0.015028238,0.77848905,-0.754996,-0.25622827,0.60359603,0.19039994,-0.9664995,-0.17212394
1356523314146,0.6521147,0.05539021,0.7560941,-0.7276629,-0.23411803,0.6447445,0.21272781,-0.970629,-0.112366416
1356523314186,0.6602125,0.11430013,0.7423307,-0.7135789,-0.21294108,0.6674288,0.23435995,-0.9703564,-0.059024177
1356523314253,0.6539892,0.15918866,0.73956555,-0.71215534,-0.20025375,0.6728546,0.25521153,-0.9667252,-0.017596744
1356523314267,0.6343068,0.18917906,0.74957734,-0.7216067,-0.20300245,0.66187143,0.27737826,-0.9607295,0.007747054
1356523314305,0.59805506,0.20354727,0.7751765,-0.74290526,-0.22210044,0.631477,0.30070245,-0.9535407,0.018388033
1356523314350,0.5469138,0.20209846,0.8124294,-0.7703544,-0.25845903,0.58288336,0.32777953,-0.9446455,0.014332622
1356523314389,0.4708359,0.18165258,0.8633168,-0.80828655,-0.30332318,0.5046464,0.3535343,-0.935413,0.0040118694
1356523314428,0.37002978,0.14254102,0.91801965,-0.8505026,-0.345615,0.3964791,0.37379584,-0.92748713,-0.0066563785
1356523314468,0.24726927,0.08936596,0.9648169,-0.8892809,-0.3744641,0.26259512,0.38475633,-0.92292494,-0.013122037
1356523314508,0.12463397,0.036948025,0.9915146,-0.9140551,-0.38445365,0.12922367,0.38596588,-0.92240465,-0.014143527
1356523314547,0.03376317,0.0032494664,0.9994246,-0.92471427,-0.37927437,0.03247243,0.37916163,-0.92527854,-0.0098006725
1356523314589,-5.726218E-4,7.5250864E-5,0.99999976,-0.930586,-0.36607307,-5.053282E-4,0.36607298,-0.9305861,2.796948E-4
1356523314627,0.031748652,0.02911076,0.99907196,-0.93688333,-0.34735876,0.039893717,0.34819773,-0.9372804,0.016245186
1356523314668,0.12081832,0.08039671,0.9894136,-0.9377243,-0.3177755,0.14032787,0.32569328,-0.9447513,0.03699687
1356523314705,0.23755336,0.13142955,0.96244204,-0.9242202,-0.27437288,0.2655872,0.298974,-0.9525995,0.056291625
1356523314748,0.3437225,0.15599331,0.9260243,-0.8995012,-0.22854522,0.37237722,0.26972675,-0.96095437,0.061759993
1356523314786,0.41951025,0.13916785,0.8970192,-0.8749251,-0.20134658,0.44041532,0.24190336,-0.96958333,0.037294462
1356523314836,0.45278397,0.062057167,0.88945806,-0.8637626,-0.2168841,0.45483547,0.22113517,-0.97422284,-0.044598952
1356523314877,0.4874179,-0.02982369,0.8726594,-0.8484975,-0.2520729,0.46530774,0.20609659,-0.9672487,-0.14817019
1356523314918,0.5186232,-0.109332174,0.8479837,-0.8323095,-0.29154438,0.47144747,0.1956805,-0.95028853,-0.24219988
1356523314962,0.5622818,-0.14526251,0.8140873,-0.8046832,-0.3230021,0.49815127,0.19058919,-0.93518364,-0.29850847
1356523314998,0.61550343,-0.13662723,0.77620137,-0.76472306,-0.34179154,0.54623914,0.19066793,-0.9297911,-0.31485584
1356523315037,0.6692304,-0.0920856,0.73732686,-0.7167311,-0.3417793,0.6078515,0.19602865,-0.9352578,-0.2947297
1356523315076,0.71191245,-0.030988365,0.7015842,-0.67156804,-0.32219452,0.66722333,0.20537044,-0.94616616,-0.25018504
1356523315116,0.73933166,0.03289613,0.67253745,-0.6371527,-0.28885698,0.7145616,0.21777345,-0.956807,-0.19260126
1356523315156,0.75225556,0.09285584,0.6522956,-0.61640394,-0.2504989,0.746523,0.23271832,-0.96365356,-0.13120249
1356523315196,0.75311327,0.14657955,0.64135396,-0.6085502,-0.21520111,0.76377696,0.24997416,-0.9655066,-0.07286981
1356523315253,0.7437147,0.1923419,0.640229,-0.61184144,-0.19000371,0.7678208,0.26932997,-0.9627581,-0.023625817
1356523315276,0.7254075,0.22906363,0.6490869,-0.6237177,-0.1801091,0.76061606,0.29113597,-0.95660365,0.012218565
1356523315316,0.6980723,0.25529438,0.66896915,-0.64276546,-0.18825558,0.7425714,0.31551152,-0.94835883,0.03267842
1356523315362,0.6596147,0.26820055,0.70212317,-0.6699908,-0.2135368,0.71099544,0.34061846,-0.939399,0.03883985
1356523315399,0.60499364,0.26356426,0.75134313,-0.70946264,-0.24992037,0.6589405,0.36144912,-0.9317047,0.03578874
1356523315438,0.5281817,0.23784813,0.81513953,-0.7629744,-0.28839555,0.57853097,0.37268507,-0.92750007,0.02914679
1356523315478,0.42638037,0.19300175,0.88371384,-0.82440007,-0.31913236,0.4674603,0.37224233,-0.92784965,0.023038872
1356523315517,0.31239593,0.13995162,0.9395863,-0.8788192,-0.3329556,0.34178582,0.3606739,-0.93249893,0.018978134
1356523315558,0.21365136,0.09618333,0.97216356,-0.91494465,-0.32907683,0.2336345,0.34238815,-0.9393921,0.017694607
1356523315598,0.15485328,0.07330933,0.98521376,-0.93490195,-0.31147516,0.17012206,0.31934118,-0.94742227,0.020304114
1356523315638,0.14754272,0.07316774,0.98634565,-0.9443242,-0.28609818,0.1624799,0.29407993,-0.95540273,0.02688235
1356523315677,0.18041903,0.086577535,0.979772,-0.9467602,-0.25474477,0.19685054,0.26663467,-0.96312475,0.036007375
1356523315718,0.23652309,0.098615915,0.9666084,-0.9418695,-0.22104752,0.25302148,0.23861837,-0.9702643,0.04060048
1356523315760,0.2900909,0.0889045,0.9528606,-0.933071,-0.1949825,0.30225855,0.21266332,-0.97676903,0.02639158
1356523315798,0.33328536,0.049233735,0.94153965,-0.9231492,-0.18591693,0.33649722,0.1916152,-0.9813312,-0.016513303
1356523315837,0.3524027,-0.029176831,0.93539345,-0.91899556,-0.19962025,0.33999833,0.17680344,-0.9794388,-0.09716007
1356523315878,0.35939637,-0.129857,0.92410576,-0.9182413,-0.22572026,0.325397,0.1663343,-0.96549857,-0.20036313
1356523315918,0.3711188,-0.21885288,0.90242684,-0.9148065,-0.25296417,0.31486198,0.15937328,-0.9423971,-0.2940878
1356523315956,0.40347987,-0.26470467,0.87586266,-0.90137637,-0.2794909,0.330765,0.15724057,-0.92293894,-0.35136747
1356523315996,0.45514882,-0.25942102,0.8517865,-0.87559056,-0.30423385,0.37521058,0.16180477,-0.9165929,-0.3656183
1356523316036,0.5137042,-0.21418265,0.8308031,-0.8405509,-0.31975847,0.43729705,0.17199486,-0.9229736,-0.3442927
1356523316076,0.5655322,-0.1461471,0.8116738,-0.80351615,-0.3194037,0.5023376,0.18583643,-0.9362811,-0.29806465
1356523316116,0.6029815,-0.07040611,0.7946422,-0.7718202,-0.30340832,0.5587816,0.20175943,-0.950256,-0.2372905
1356523316157,0.62437123,0.0029569268,0.78112215,-0.74984694,-0.27788574,0.60042405,0.2188381,-0.96060956,-0.1712866
1356523316197,0.63128227,0.06842935,0.7725284,-0.73853964,-0.25101018,0.62574196,0.23673165,-0.9655627,-0.10792047
1356523316261,0.62581885,0.12270397,0.77025616,-0.73691034,-0.23056361,0.6354555,0.2555659,-0.9652897,-0.053869247
1356523316285,0.6089798,0.16318348,0.7762182,-0.74333096,-0.2240608,0.6302823,0.27677175,-0.96081626,-0.015149176
1356523316315,0.5771729,0.18590796,0.79517895,-0.76037997,-0.23276821,0.6063341,0.2978148,-0.95459783,0.0070132613
1356523316356,0.53376955,0.1898439,0.8240445,-0.782659,-0.2580917,0.5664217,0.32021075,-0.9472845,0.010821544
1356523316397,0.47048256,0.17307702,0.86526906,-0.8136233,-0.29447034,0.50130266,0.34156004,-0.9398572,0.0022763237
1356523316436,0.38461128,0.13760376,0.91276467,-0.8511142,-0.3299081,0.40836892,0.3573216,-0.9339303,-0.009769812
1356523316476,0.28158456,0.09063706,0.9552461,-0.8880203,-0.35251594,0.29521593,0.36349693,-0.93140614,-0.018775508
1356523316534,0.1786685,0.04526925,0.98286736,-0.91600984,-0.35700464,0.18295795,0.35917056,-0.93300503,-0.022318393
1356523316555,0.0995571,0.015044808,0.9949181,-0.9328219,-0.34658957,0.098584354,0.34631145,-0.9378962,-0.020471305
1356523316595,0.062074006,0.007184595,0.9980456,-0.94277227,-0.32781082,0.060996026,0.3276084,-0.944716,-0.013575077
1356523316631,0.07266784,0.021434635,0.99712586,-0.9495764,-0.30424935,0.07574284,0.30499843,-0.9523512,-0.0017552972
1356523316675,0.12569952,0.051460028,0.9907328,-0.9522122,-0.27396232,0.13504222,0.2783728,-0.9603627,0.0145640075
1356523316715,0.20583403,0.0843167,0.9749477,-0.94664884,-0.23529565,0.22020864,0.24796829,-0.9682596,0.031386495
1356523316755,0.28845638,0.10318419,0.95191693,-0.9330584,-0.19287193,0.30364835,0.21492979,-0.97578347,0.040641755
1356523316795,0.35739595,0.09572971,0.9290339,-0.9157499,-0.15951717,0.3687227,0.18349454,-0.98254275,0.030653656
1356523316848,0.39471453,0.039536297,0.9179528,-0.90465796,-0.15791434,0.39579916,0.16060638,-0.98666096,-0.026564255
1356523316895,0.42927247,-0.03557092,0.9024743,-0.8908875,-0.18094063,0.41662934,0.14847434,-0.98285055,-0.10936253
1356523316939,0.4617383,-0.096302986,0.8817729,-0.87517625,-0.21134233,0.43520215,0.14444467,-0.97265625,-0.18186694
1356523316978,0.4959782,-0.12276432,0.859613,-0.8556074,-0.23796722,0.4596821,0.14812714,-0.9634836,-0.2230646
1356523317018,0.53290117,-0.11109561,0.8388528,-0.8311042,-0.2550002,0.49420702,0.15900344,-0.9605377,-0.22822192
1356523317059,0.5668952,-0.07078594,0.82074314,-0.80490315,-0.2597108,0.5335554,0.17538762,-0.96308863,-0.20420463
1356523317098,0.59066373,-0.017793477,0.80672157,-0.78307205,-0.25389004,0.5677482,0.19471633,-0.9670694,-0.1638972
1356523317136,0.6025455,0.038544655,0.7971531,-0.7682628,-0.24247849,0.5924327,0.2161276,-0.9693908,-0.116491884
1356523317176,0.6020464,0.0922485,0.79311436,-0.7617892,-0.23121068,0.60516024,0.2392016,-0.9685205,-0.06892564
1356523317216,0.58942103,0.1390247,0.7957732,-0.76377845,-0.22493157,0.6050193,0.26310712,-0.9644055,-0.026395343
1356523317267,0.56688917,0.18021989,0.8038392,-0.77052116,-0.22920367,0.5947796,0.29143402,-0.9565493,0.008930169
1356523317306,0.52014554,0.2024154,0.82974494,-0.7926613,-0.24733716,0.5572364,0.31802,-0.9475507,0.03179553
1356523317351,0.46019876,0.20511001,0.8637981,-0.8182617,-0.27952015,0.5023112,0.34447795,-0.93797576,0.039198756
1356523317398,0.37313387,0.17680517,0.91077495,-0.8508222,-0.3262454,0.41190463,0.36996305,-0.9286031,0.028696597
1356523317439,0.24459445,0.11337897,0.96297395,-0.88878775,-0.37077844,0.2694061,0.38759497,-0.92177474,0.010079488
1356523317476,0.08934194,0.024733424,0.99569386,-0.91512156,-0.39257294,0.09186402,0.39315456,-0.9193883,-0.012439132
1356523317518,-0.06899136,-0.06571174,0.99545074,-0.9198388,-0.38207406,-0.08897242,0.3861824,-0.9217925,-0.03408444
1356523317556,-0.20064378,-0.13446933,0.97039175,-0.9069249,-0.34905976,-0.23589101,0.3704448,-0.9274025,-0.051916897
1356523317596,-0.2918887,-0.1747567,0.9403516,-0.8899656,-0.31053573,-0.33395928,0.35037437,-0.9343595,-0.06488556
1356523317637,-0.3424859,-0.19078329,0.91994846,-0.8802154,-0.2772236,-0.3851857,0.32851836,-0.9416734,-0.07298529
1356523317678,-0.35564756,-0.18850723,0.9154124,-0.88327765,-0.25237077,-0.39513254,0.3055087,-0.9490912,-0.076749146
1356523317719,-0.33468628,-0.17327595,0.92626154,-0.8994931,-0.23424947,-0.3688351,0.2808865,-0.95660996,-0.07746041
1356523317758,-0.28449178,-0.15328243,0.946345,-0.9237634,-0.22014928,-0.31336153,0.25637004,-0.9633477,-0.07896602
1356523317798,-0.22410464,-0.14278737,0.96404827,-0.9457948,-0.20671862,-0.25047892,0.2350519,-0.96792525,-0.08872098
1356523317836,-0.16728741,-0.1549955,0.9736485,-0.9604593,-0.19731331,-0.1964317,0.22255987,-0.96801025,-0.11585885
1356523317878,-0.124742985,-0.19475609,0.97288704,-0.96713847,-0.19507813,-0.16305739,0.22154543,-0.9612568,-0.16402149
1356523317918,-0.088650525,-0.24674353,0.96501744,-0.97015166,-0.19815409,-0.13978785,0.22571394,-0.9486056,-0.22181219
1356523317958,-0.044074148,-0.28605512,0.957199,-0.9731059,-0.20455411,-0.105936736,0.22610268,-0.93612504,-0.26934642
1356523317998,0.017217696,-0.29617926,0.95497715,-0.9751426,-0.21599907,-0.0494093,0.22090816,-0.9303882,-0.29253602
1356523318038,0.09082651,-0.27539912,0.9570297,-0.972546,-0.23128247,0.02574426,0.21425423,-0.93309367,-0.28884494
1356523318076,0.16576019,-0.23199144,0.95849025,-0.96347034,-0.24541512,0.10722163,0.2103535,-0.94124997,-0.2641969
1356523318117,0.23249891,-0.17534968,0.9566592,-0.9493214,-0.2548119,0.18401024,0.21150199,-0.9509592,-0.22570676
1356523318156,0.2836876,-0.1162954,0.9518386,-0.9338214,-0.25910717,0.24666008,0.21794271,-0.95882165,-0.18210468
1356523318199,0.31919435,-0.058534145,0.9458798,-0.91948456,-0.26081738,0.29414687,0.22948429,-0.96361196,-0.13707265
1356523318253,0.3369587,-0.008294821,0.9414829,-0.9095879,-0.26108187,0.3232432,0.24312282,-0.96528107,-0.09551872
1356523318289,0.3421309,0.037252307,0.9389136,-0.9026906,-0.26446307,0.3394244,0.26095235,-0.9636761,-0.056853667
1356523318328,0.31908625,0.06435621,0.94553804,-0.9056573,-0.27324432,0.32422575,0.2792289,-0.9597894,-0.028903812
1356523318368,0.27978602,0.07304701,0.95727944,-0.91154313,-0.29275903,0.2887581,0.3013451,-0.95339197,-0.015324369
1356523318408,0.21625811,0.060045213,0.97448814,-0.91996217,-0.32171744,0.22398108,0.3269588,-0.9449299,-0.014334679
1356523318449,0.1290313,0.027174503,0.9912681,-0.92700446,-0.35168546,0.13030729,0.35215563,-0.93572366,-0.020187557
1356523318488,0.024510622,-0.018238932,0.9995332,-0.92834675,-0.3713712,0.01598835,0.37090626,-0.92830527,-0.026034564
1356523318527,-0.081599295,-0.062960654,0.99467456,-0.9217386,-0.37487143,-0.09934443,0.37912986,-0.9249365,-0.027444035
1356523318566,-0.16878068,-0.093453914,0.9812133,-0.9106791,-0.3660425,-0.19151098,0.3770632,-0.9258937,-0.023325652
1356523318608,-0.2200113,-0.100921035,0.9702629,-0.9039024,-0.35292304,-0.24167275,0.36681798,-0.93019366,-0.013575733
1356523318646,-0.22588676,-0.08376399,0.97054553,-0.9084332,-0.34162706,-0.24091509,0.35174462,-0.93609536,0.0010750294
1356523318686,-0.18379629,-0.04300818,0.982023,-0.92485106,-0.33085054,-0.18758571,0.33297062,-0.94270253,0.021032989
1356523318727,-0.09538084,0.014993578,0.99532795,-0.94555116,-0.31393832,-0.08588168,0.31118393,-0.94932497,0.044120908
1356523318766,0.020864844,0.071623415,0.99721336,-0.9575478,-0.28541005,0.04053402,0.287518,-0.9557254,0.06262791
1356523318809,0.13034862,0.10065666,0.9863455,-0.95600784,-0.25092143,0.15194598,0.2627896,-0.96276,0.063521266
1356523318849,0.21374506,0.08567527,0.97312534,-0.9474523,-0.22451746,0.22787285,0.23800674,-0.97069645,0.033183753
1356523318925,0.25435317,0.0067314506,0.967088,-0.9438095,-0.21645975,0.24973741,0.21101668,-0.9762684,-0.048704028
1356523318939,0.3079739,-0.07517764,0.9484199,-0.933478,-0.21643016,0.2859663,0.18376839,-0.9733994,-0.13683152
1356523318991,0.3680558,-0.13023236,0.9206381,-0.91558456,-0.22326228,0.33445302,0.16198722,-0.9660194,-0.20141166
1356523319035,0.44139528,-0.13886741,0.8865022,-0.88423,-0.23540378,0.4033888,0.15266842,-0.9619257,-0.22669685
1356523319075,0.5189816,-0.10981369,0.84770226,-0.8404835,-0.24621138,0.4826672,0.15571043,-0.96297514,-0.22007579
1356523319105,0.5905752,-0.05191064,0.8053112,-0.7886875,-0.24841589,0.56237125,0.17085904,-0.96726143,-0.18764955
1356523319132,0.6420082,0.0059006214,0.76667506,-0.74297523,-0.24203436,0.6240249,0.18924391,-0.9702497,-0.151004
1356523319159,0.6773809,0.060576886,0.73313403,-0.7050637,-0.23084462,0.6705193,0.20985803,-0.97110313,-0.11365917
1356523319209,0.7007561,0.11629361,0.70385844,-0.67353296,-0.21735717,0.7064766,0.2351474,-0.96913964,-0.07398677
1356523319235,0.7077789,0.1626405,0.687457,-0.6567626,-0.2069626,0.72514087,0.26021516,-0.96473545,-0.039667543
1356523319264,0.7007303,0.19485664,0.6863002,-0.6556066,-0.20349015,0.727167,0.2813486,-0.9594909,-0.014842421
1356523319294,0.68620884,0.21502675,0.69489634,-0.6628738,-0.20851755,0.7191097,0.29952592,-0.95408803,-5.5098906E-4
1356523319337,0.6620379,0.2211349,0.7161041,-0.6787267,-0.22833389,0.69799256,0.31786138,-0.94813657,-0.0010755099
1356523319377,0.61714786,0.2110036,0.7580277,-0.7114102,-0.26198363,0.6521197,0.33619043,-0.9417229,-0.01157254
1356523319416,0.54791313,0.1841003,0.8160259,-0.7592945,-0.2999558,0.5774932,0.35108835,-0.93602014,-0.02456341
1356523319458,0.45231965,0.14121008,0.8806058,-0.81715643,-0.32995155,0.47263867,0.35729858,-0.9333765,-0.033852875
1356523319499,0.33868018,0.09004167,0.9365833,-0.87268543,-0.34204844,0.34845793,0.3517326,-0.9353584,-0.037266925
1356523319539,0.2308681,0.04589811,0.9719019,-0.9133388,-0.33413482,0.23273638,0.33542848,-0.9414071,-0.035220504
1356523319578,0.15593082,0.021924913,0.9875246,-0.937212,-0.31246173,0.15492362,0.31196037,-0.9496773,-0.028174102
1356523319618,0.12873816,0.021777421,0.99143946,-0.9499295,-0.2843231,0.1295934,0.28471136,-0.9584812,-0.015916228
1356523319659,0.14867675,0.040196,0.9880686,-0.9552124,-0.2526843,0.15401232,0.25586012,-0.9667134,8.274913E-4
1356523319698,0.20165116,0.06457996,0.97732604,-0.95282567,-0.2181673,0.2110121,0.22684777,-0.97377217,0.0175398
1356523319740,0.26682493,0.07753146,0.96062136,-0.94277763,-0.18578777,0.2768635,0.19993722,-0.9795264,0.02352205
1356523319777,0.32267395,0.061670184,0.94449896,-0.92977345,-0.16617295,0.32849324,0.17720848,-0.98416626,0.0037196577
1356523319818,0.35939285,0.007388234,0.9331571,-0.9195265,-0.16766527,0.35547072,0.15908429,-0.9858163,-0.053464055
1356523319858,0.37672096,-0.08126843,0.922755,-0.91509765,-0.18728483,0.35710037,0.14379707,-0.9789381,-0.14492267
1356523319898,0.38823193,-0.17568743,0.9046601,-0.912259,-0.21239525,0.3502453,0.1306118,-0.96126074,-0.24273106
1356523319937,0.4107808,-0.23983505,0.87962395,-0.90333605,-0.23770899,0.3570414,0.12346345,-0.94126177,-0.31429794
1356523319977,0.45285243,-0.2543961,0.8545217,-0.88256204,-0.2639174,0.3891426,0.12652677,-0.9303925,-0.34403598
1356523320030,0.50702024,-0.2235111,0.83245015,-0.85058594,-0.2859496,0.44128937,0.13940576,-0.93181306,-0.33509764
1356523320056,0.5600053,-0.16200915,0.8124944,-0.81312346,-0.29547656,0.5015216,0.15882194,-0.94151294,-0.29720187
1356523320096,0.6000775,-0.08885375,0.79499185,-0.7792735,-0.28938144,0.5558697,0.18066481,-0.953081,-0.24289268
1356523320137,0.62361765,-0.016245335,0.78156066,-0.75498796,-0.27177876,0.59676576,0.20271698,-0.9622226,-0.18175106
1356523320176,0.631069,0.049391627,0.77415264,-0.7425863,-0.25011688,0.6212946,0.22431543,-0.96695495,-0.12116346
1356523320217,0.6244563,0.1056706,0.7738786,-0.74133956,-0.23175547,0.62984544,0.24590668,-0.9670177,-0.06638339
1356523320274,0.60435796,0.15016273,0.78243375,-0.7503129,-0.22298235,0.62234175,0.26792154,-0.96318734,-0.022092074
1356523320301,0.57224536,0.18345481,0.7992994,-0.7649965,-0.23177424,0.60088354,0.295492,-0.9553141,0.007710539
1356523320344,0.51230836,0.19532159,0.8362952,-0.79566145,-0.25853384,0.5477985,0.32320744,-0.9460496,0.022960782
1356523320386,0.43137684,0.18485016,0.88303137,-0.8321853,-0.29645446,0.46859628,0.34839866,-0.93698734,0.025945984
1356523320428,0.32297486,0.1491535,0.9345803,-0.87264717,-0.3352698,0.35507888,0.36629787,-0.93024045,0.021874726
1356523320473,0.1876483,0.09140289,0.97797424,-0.9090618,-0.3609382,0.20815954,0.37201458,-0.92809975,0.015361398
1356523320507,0.04274535,0.027685791,0.99870235,-0.9290446,-0.3665837,0.04992622,0.36749023,-0.92997307,0.010051578
1356523320547,-0.07712376,-0.02138421,0.99679214,-0.93232226,-0.352736,-0.079702824,0.35330886,-0.93547845,0.0072673857
1356523320587,-0.15106177,-0.044416487,0.98752594,-0.9306464,-0.33042163,-0.15722248,0.33328316,-0.94278777,0.008578002
1356523320645,-0.17201698,-0.03992796,0.9842844,-0.9350714,-0.30773467,-0.17589983,0.30992183,-0.950634,0.015600115
1356523320665,-0.1409874,-0.012339443,0.98993456,-0.948267,-0.28561538,-0.13861322,0.28445092,-0.95826495,0.028567016
1356523320706,-0.06730348,0.027444005,0.9973551,-0.96404946,-0.25933385,-0.05791989,0.25705835,-0.96539783,0.043911397
1356523320742,0.029824317,0.060221195,0.99773943,-0.97295594,-0.22699404,0.042784363,0.22905743,-0.97203255,0.051822603
1356523320783,0.11824477,0.06191805,0.9910521,-0.9722147,-0.19584388,0.12823296,0.20203143,-0.97867835,0.037040174
1356523320826,0.18602696,0.021617562,0.9823068,-0.96621335,-0.17749837,0.18688545,0.17839783,-0.9838836,-0.012132317
1356523320866,0.22994879,-0.056781054,0.97154486,-0.9600513,-0.17679885,0.21689561,0.15945241,-0.98260784,-0.09516743
1356523320906,0.26402467,-0.14564207,0.9534565,-0.9534522,-0.18870813,0.23519802,0.1456703,-0.9711733,-0.18868634
1356523320957,0.3052847,-0.20934942,0.928964,-0.94203174,-0.20899954,0.2624794,0.1392031,-0.9552444,-0.2610182
1356523321001,0.37534344,-0.20573309,0.90376496,-0.91471803,-0.23969156,0.32532895,0.14969394,-0.9488002,-0.27815443
1356523321031,0.4429968,-0.1798439,0.87829953,-0.8819351,-0.26343107,0.3908894,0.16107231,-0.94776595,-0.27530974
1356523321061,0.49880946,-0.13792804,0.8556664,-0.8491312,-0.27560776,0.45057356,0.17368162,-0.9513234,-0.25459474
1356523321091,0.5414245,-0.085987985,0.83634055,-0.81955796,-0.27591297,0.502192,0.18757471,-0.9573287,-0.21985818
1356523321121,0.57078516,-0.029439151,0.8205715,-0.7956848,-0.26654425,0.54391146,0.2027064,-0.96337295,-0.17556375
1356523321162,0.59224105,0.039981782,0.8047683,-0.774545,-0.24705848,0.5822734,0.22210512,-0.9681755,-0.11535053
1356523321205,0.59534585,0.106158614,0.7964256,-0.7659311,-0.2244559,0.6024692,0.24271968,-0.9686847,-0.052318722
1356523321276,0.58269936,0.16122973,0.79653406,-0.76896846,-0.20775592,0.6045867,0.26296198,-0.9648018,0.0029212907
1356523321288,0.55467606,0.19946879,0.80780363,-0.7824683,-0.20513168,0.58793217,0.28298023,-0.95819265,0.042296402
1356523321323,0.5107237,0.21780485,0.8316985,-0.8039661,-0.22177723,0.551773,0.30463058,-0.950461,0.061840802
1356523321366,0.44586447,0.21313888,0.8693541,-0.83276564,-0.2573268,0.49018788,0.32818624,-0.9425256,0.06276188
1356523321408,0.35418332,0.18301317,0.91709346,-0.8669324,-0.30349112,0.39537504,0.35068852,-0.9350933,0.051168546
1356523321449,0.23299271,0.12833643,0.96397316,-0.9006181,-0.34548855,0.26367566,0.3668808,-0.9296061,0.035085753
1356523321497,0.09202862,0.059515864,0.99397624,-0.9239867,-0.36699796,0.10752314,0.37118652,-0.92831594,0.021217465
1356523321538,-0.040665567,-0.0019520223,0.99917084,-0.92959476,-0.3665616,-0.03855005,0.36633295,-0.93039167,0.013091922
1356523321579,-0.13189554,-0.038325995,0.9905224,-0.92566144,-0.35271436,-0.13690633,0.35461855,-0.93494576,0.011044562
1356523321618,-0.17154461,-0.04559681,0.9841206,-0.9252114,-0.33573008,-0.17683119,0.33846176,-0.940854,0.015405953
1356523321658,-0.1601497,-0.026767015,0.98672974,-0.9340187,-0.31926084,-0.1602551,0.31931373,-0.9472889,0.02612865
1356523321698,-0.10469824,0.009829968,0.99445546,-0.9488634,-0.30043846,-0.09692842,0.29781985,-0.95375055,0.04078266
1356523321738,-0.020916581,0.047772527,0.9986392,-0.9611478,-0.27594727,-0.006930709,0.2752407,-0.95998484,0.051688343
1356523321779,0.066123605,0.06514093,0.99568284,-0.96494424,-0.24982792,0.08042678,0.2539885,-0.9660965,0.046337903
1356523321839,0.13807267,0.04673603,0.98931885,-0.961522,-0.23321563,0.14521047,0.23751116,-0.9713013,0.012737006
1356523321858,0.19009724,-0.006692499,0.9817425,-0.9550737,-0.2328485,0.18334597,0.22737017,-0.97249,-0.050655723
1356523321898,0.23003668,-0.07628527,0.9701874,-0.94754386,-0.2448799,0.20541298,0.22190943,-0.9665476,-0.12861499
1356523321941,0.27263653,-0.13123783,0.9531243,-0.936766,-0.26212156,0.2318652,0.21940497,-0.95606947,-0.19440305
1356523321976,0.32625064,-0.14949626,0.93338704,-0.91925913,-0.2802737,0.27642232,0.22027978,-0.94820756,-0.2288653
1356523322016,0.38714814,-0.12821087,0.91305983,-0.8941351,-0.2938984,0.33785492,0.22503018,-0.9471988,-0.22842005
1356523322056,0.44456142,-0.07910755,0.8922484,-0.8650012,-0.29665476,0.40468386,0.23267615,-0.9517027,-0.20030941
1356523322096,0.4892325,-0.017315686,0.8719815,-0.83787066,-0.2868937,0.46439725,0.24212459,-0.95780593,-0.15486605
1356523322136,0.5171858,0.04561606,0.8546567,-0.81760156,-0.26893857,0.50911653,0.25307405,-0.9620764,-0.101795435
1356523322181,0.52855176,0.103548914,0.84256196,-0.80618703,-0.24964464,0.536414,0.2658862,-0.9627851,-0.04847032
1356523322220,0.524304,0.15291578,0.83768857,-0.8038103,-0.23582119,0.54614776,0.2810593,-0.95969015,-7.266998E-4
1356523322282,0.50394547,0.18937507,0.84271944,-0.81061006,-0.23320055,0.53714865,0.29824522,-0.9538105,0.035989024
1356523322299,0.4681406,0.20998284,0.85834235,-0.82416165,-0.24663144,0.5098338,0.31875056,-0.94608676,0.05760163
1356523322337,0.410294,0.20939973,0.88758695,-0.84568727,-0.2768656,0.4562437,0.34127966,-0.937815,0.06349045
1356523322377,0.32695735,0.18289542,0.92717206,-0.8722235,-0.31924194,0.37055442,0.36376497,-0.9298568,0.05514723
1356523322417,0.21152669,0.12860736,0.96887386,-0.90014875,-0.36056727,0.24438381,0.38077375,-0.9238243,0.03949617
1356523322458,0.07076597,0.05473122,0.9959903,-0.9196181,-0.38319457,0.08639678,0.38638666,-0.92204463,0.023214698
1356523322498,-0.0723142,-0.017943412,0.9972205,-0.9221314,-0.37979156,-0.07370278,0.3800584,-0.924898,0.01091814
1356523322538,-0.18617195,-0.068169415,0.9801494,-0.9135072,-0.35526383,-0.19822243,0.36172438,-0.9322771,0.0038669407
1356523322578,-0.25863028,-0.09106609,0.9616742,-0.9047303,-0.3260125,-0.2741878,0.338487,-0.9409691,0.0019264221
1356523322618,-0.28890115,-0.08850345,0.9532592,-0.90528035,-0.2986784,-0.30209056,0.31145403,-0.9502412,0.006168157
1356523322657,-0.27751416,-0.06729385,0.9583618,-0.9177861,-0.27631253,-0.28516653,0.28399736,-0.958709,0.014919311
1356523322698,-0.23635459,-0.038023323,0.9709226,-0.9371656,-0.2549864,-0.23812285,0.25662625,-0.9661968,0.02463305
1356523322748,-0.17624015,-0.017330438,0.9841946,-0.95653677,-0.23297173,-0.17538977,0.23232907,-0.972329,0.024481773
1356523322780,-0.1200605,-0.029851377,0.9923177,-0.9689683,-0.21402162,-0.12367374,0.21606925,-0.97637266,-0.0032294989
1356523322828,-0.08664298,-0.09726977,0.9914795,-0.9735141,-0.20309085,-0.10499734,0.21157348,-0.97431654,-0.07709712
1356523322870,-0.053313673,-0.18288803,0.9816872,-0.97612464,-0.19775522,-0.08985329,0.21056679,-0.9630394,-0.16797847
1356523322912,-0.021654189,-0.2586732,0.9657222,-0.97782767,-0.1957637,-0.0743618,0.2082887,-0.9459201,-0.24869877
1356523322947,0.020106643,-0.30033046,0.9536233,-0.97838336,-0.20226428,-0.043071598,0.20581964,-0.9321431,-0.29790527
1356523322985,0.07329634,-0.3007566,0.95088017,-0.9756701,-0.21916494,0.0058869123,0.20662904,-0.9281768,-0.3095032
1356523323027,0.13170624,-0.26599658,0.95493424,-0.96832013,-0.24069273,0.06650755,0.2121549,-0.9334414,-0.28927055
1356523323066,0.18587923,-0.20763442,0.9603838,-0.9571271,-0.25926,0.12919706,0.22216335,-0.9432244,-0.24692363
1356523323106,0.22879419,-0.13674167,0.9638231,-0.94435406,-0.27153233,0.18564919,0.23632315,-0.9526657,-0.19125757
