1356523047199,-0.69623303,-0.2591121,-0.66941786,0.6678858,0.10789275,-0.7364018,0.2630359,-0.95980203,0.097938895
1356523047246,-0.7125085,-0.12482315,0.6904714,-0.6504921,-0.25139683,-0.71670055,0.2630432,-0.95980144,0.0979259
1356523047293,-0.7125787,-0.12494257,0.6903775,-0.65039384,-0.25136578,-0.7168007,0.26309615,-0.95979404,0.097855985
1356523047319,-0.7129232,-0.12537685,0.6899428,-0.64993644,-0.2512765,-0.71724653,0.26329255,-0.9597608,0.097653925
1356523047372,-0.71399105,-0.12648034,0.68863606,-0.64856744,-0.2510633,-0.7185594,0.2637748,-0.95967185,0.097225845
1356523047399,-0.7162473,-0.12829155,0.6859526,-0.6457921,-0.25066292,-0.72119385,0.264466,-0.959536,0.09668696
1356523047426,-0.71948236,-0.13096869,0.6820501,-0.64168656,-0.25031477,-0.7249696,0.26567554,-0.95926523,0.09605622
1356523047472,-0.724704,-0.13461939,0.67578226,-0.6350955,-0.24997246,-0.7308677,0.26731592,-0.958849,0.09565985
1356523047501,-0.73152804,-0.13881105,0.66753143,-0.6264549,-0.24959326,-0.73841554,0.26911157,-0.95835,0.09562564
1356523047547,-0.73910564,-0.14313747,0.65820545,-0.6167216,-0.24916315,-0.74670756,0.27088243,-0.9578253,0.095882
1356523047588,-0.7470287,-0.14749487,0.6482232,-0.6063878,-0.24846864,-0.7553524,0.27247375,-0.95734453,0.09617412
1356523047629,-0.7546927,-0.15181586,0.6382718,-0.5961907,-0.2473861,-0.763778,0.27385318,-0.95694935,0.09618926
1356523047668,-0.7617032,-0.1560485,0.628854,-0.58664846,-0.24591011,-0.77160347,0.27504903,-0.95664895,0.095764756
1356523047710,-0.76770073,-0.15999636,0.6205132,-0.5782658,-0.24428046,-0.77841866,0.2761234,-0.9564142,0.09501392
1356523047751,-0.7724946,-0.16357644,0.6135916,-0.57132316,-0.24276698,-0.78399867,0.2772035,-0.95619386,0.09408122
1356523047791,-0.7760485,-0.16693847,0.6081778,-0.5658753,-0.24144876,-0.7883448,0.27844888,-0.9559466,0.092909634
1356523047830,-0.77855027,-0.170658,0.6039331,-0.56158924,-0.2401064,-0.79181206,0.28013733,-0.9556279,0.09109527
1356523047870,-0.7800893,-0.1750381,0.600685,-0.55833,-0.23852551,-0.79459,0.28236222,-0.95523155,0.08834213
1356523047908,-0.78055656,-0.17939731,0.59878886,-0.5564778,-0.23689437,-0.7963753,0.28471732,-0.9548286,0.085078835
1356523047951,-0.7801145,-0.18318267,0.59821874,-0.5559934,-0.23543954,-0.79714465,0.28686738,-0.9544697,0.08182138
1356523047991,-0.7786117,-0.18548399,0.59946597,-0.55727094,-0.23477185,-0.7964491,0.28846633,-0.9541896,0.079431355
1356523048028,-0.776037,-0.1857559,0.6027117,-0.56040704,-0.23530531,-0.79408777,0.28932777,-0.95400536,0.07850671
1356523048068,-0.772716,-0.18374166,0.6075762,-0.56501067,-0.23709673,-0.79028344,0.28926235,-0.9539517,0.07939255
1356523048108,-0.7688406,-0.17971314,0.61366713,-0.5707771,-0.23976225,-0.78532004,0.28826657,-0.95405304,0.08176279
1356523048147,-0.76484424,-0.17426547,0.62019753,-0.577019,-0.2427795,-0.77981234,0.2864656,-0.95430064,0.08513397
1356523048188,-0.76118034,-0.16823469,0.62633973,-0.58296317,-0.24569583,-0.7744595,0.28418005,-0.95463634,0.08894426
1356523048251,-0.7582195,-0.1623408,0.63146555,-0.58798975,-0.24823749,-0.7698352,0.28172907,-0.95499927,0.09276378
1356523048263,-0.7561859,-0.15720727,0.6351919,-0.5917137,-0.25018156,-0.76634467,0.27938825,-0.95535076,0.09616208
1356523048306,-0.75498337,-0.15312144,0.6376157,-0.5942433,-0.2513728,-0.7639938,0.2772631,-0.95570153,0.09879094
1356523048350,-0.7542073,-0.1500743,0.63925654,-0.5961063,-0.25178027,-0.7624067,0.27536988,-0.9560776,0.10043436
1356523048388,-0.7532304,-0.14781022,0.6409337,-0.598132,-0.25146687,-0.7609221,0.2736457,-0.9565127,0.101002514
1356523048427,-0.7513838,-0.14602578,0.6435052,-0.60114145,-0.2506876,-0.7588048,0.27212384,-0.9569912,0.100580454
1356523048468,-0.7482624,-0.14458576,0.6474553,-0.60555553,-0.24972439,-0.75560594,0.27093518,-0.9574616,0.099304676
1356523048511,-0.7436104,-0.14332806,0.6530702,-0.61156964,-0.24896973,-0.7509971,0.27023366,-0.9578472,0.09748131
1356523048548,-0.73759794,-0.14218688,0.66010016,-0.6188574,-0.24871743,-0.7450874,0.27012008,-0.9580828,0.09546006
1356523048589,-0.7303102,-0.14087467,0.668432,-0.6272407,-0.24930096,-0.7378469,0.2705847,-0.95812494,0.0937047
1356523048626,-0.7221723,-0.13923636,0.6775548,-0.63616896,-0.25089002,-0.7296186,0.2715811,-0.9579496,0.092607915
1356523048668,-0.7226347,-0.14062338,0.6767748,-0.6350673,-0.25151646,-0.73036224,0.27292597,-0.95758265,0.09244919
1356523048709,-0.70690525,-0.13485184,0.6943342,-0.651899,-0.25666058,-0.7135497,0.2744317,-0.95704776,0.09352493
1356523048750,-0.69400483,-0.12910601,0.7083002,-0.6650096,-0.2620464,-0.6993526,0.2758981,-0.95638037,0.096004605
1356523048788,-0.6837007,-0.123088926,0.71930695,-0.6750654,-0.2677319,-0.68746376,0.2772006,-0.9555986,0.09995544
1356523048828,-0.6758808,-0.116999626,0.7276649,-0.68246543,-0.27340364,-0.6778579,0.2782554,-0.95475733,0.10494006
1356523048870,-0.6703502,-0.11113796,0.7336749,-0.6875417,-0.2789027,-0.67044735,0.27913606,-0.9538666,0.11055058
1356523048909,-0.66732407,-0.10656655,0.73710394,-0.69009423,-0.28372705,-0.6657845,0.28008667,-0.95296514,0.11579692
1356523048948,-0.66654176,-0.104194194,0.7381502,-0.690184,-0.28795183,-0.66387486,0.28172356,-0.9519597,0.12001866
1356523048988,-0.6682725,-0.105256915,0.73643255,-0.6873003,-0.29144025,-0.6653427,0.28465796,-0.9507805,0.1224184
1356523049027,-0.6722823,-0.11065164,0.7319788,-0.6812992,-0.29432273,-0.670228,0.28959978,-0.94927895,0.12248105
1356523049070,-0.6779754,-0.12008548,0.7252095,-0.67263097,-0.29660082,-0.67793477,0.29650784,-0.94742143,0.12031484
1356523049107,-0.68440455,-0.13243565,0.7169737,-0.66234016,-0.29814517,-0.6873246,0.30478853,-0.9452885,0.11633438
1356523049148,-0.6906758,-0.14623183,0.7082255,-0.6516455,-0.29879856,-0.6971927,0.3135685,-0.94304603,0.11108154
1356523049187,-0.6962264,-0.16033396,0.699687,-0.6414547,-0.29853463,-0.70669156,0.32218742,-0.9408348,0.105000675
1356523049248,-0.70079815,-0.17395528,0.69182473,-0.6322994,-0.29753077,-0.71531314,0.33027166,-0.93873054,0.09851718
1356523049269,-0.70438963,-0.18655628,0.68485904,-0.624352,-0.29614842,-0.7228282,0.3376681,-0.9367458,0.092127144
1356523049308,-0.7072218,-0.19779864,0.67875844,-0.6174687,-0.2947902,-0.72926754,0.34433943,-0.934866,0.08634758
1356523049349,-0.7097872,-0.20782922,0.6730596,-0.61104107,-0.29373407,-0.7350844,0.35047254,-0.9330206,0.08149642
1356523049388,-0.71286744,-0.2173173,0.66677815,-0.60396826,-0.2929809,-0.74120474,0.35642987,-0.9310936,0.07760388
1356523049430,-0.7174701,-0.22835523,0.6580961,-0.5942239,-0.29235935,-0.74928224,0.3635031,-0.92864406,0.07406503
1356523049469,-0.72469753,-0.24222656,0.645089,-0.58018744,-0.2905634,-0.7608912,0.37174731,-0.9256885,0.07003379
1356523049507,-0.73430425,-0.25988096,0.6271038,-0.5617229,-0.28606367,-0.77629566,0.38113606,-0.9222958,0.0640766
1356523049548,-0.74591243,-0.27929556,0.60465574,-0.5403935,-0.2769059,-0.7945426,0.38934496,-0.91941124,0.055618048
1356523049587,-0.7576758,-0.29583654,0.5817284,-0.5208748,-0.26293254,-0.8121304,0.3932132,-0.9183393,0.045123875
1356523049630,-0.76760393,-0.3051687,0.56361014,-0.50855273,-0.24519539,-0.8253808,0.39007497,-0.92019093,0.03301853
1356523049672,-0.7741972,-0.30695224,0.55353314,-0.505287,-0.22695524,-0.83257216,0.38118717,-0.9242682,0.0206092
1356523049708,-0.7758633,-0.30242956,0.55368996,-0.5125151,-0.20966554,-0.83268756,0.36791906,-0.9298262,0.0076720715
1356523049747,-0.77047944,-0.29338357,0.5659394,-0.53150195,-0.19449931,-0.82442445,0.35194743,-0.93600005,-0.006076157
1356523049788,-0.75525284,-0.28115344,0.59206915,-0.5636343,-0.18245423,-0.80562204,0.33452895,-0.94215876,-0.020668626
1356523049827,-0.7275106,-0.2669618,0.6320282,-0.6089473,-0.17315322,-0.7740808,0.31608778,-0.94802386,-0.036594808
1356523049868,-0.6843557,-0.25284454,0.6839056,-0.6657425,-0.16588378,-0.7275091,0.29739556,-0.95318,-0.054805815
1356523049930,-0.62627196,-0.24332032,0.7406609,-0.7277123,-0.1583659,-0.6673492,0.27967513,-0.95693016,-0.077887
1356523049955,-0.5600907,-0.25025293,0.789729,-0.78478515,-0.14506173,-0.6025523,0.2653499,-0.95725155,-0.115147054
1356523049992,-0.48212135,-0.27367508,0.8322625,-0.8375877,-0.13459086,-0.52946407,0.25691605,-0.9523588,-0.16433775
1356523050031,-0.41865915,-0.3183785,0.85050553,-0.87138504,-0.12292063,-0.47495118,0.25575894,-0.9399605,-0.22596842
1356523050074,-0.37162507,-0.37782326,0.84802383,-0.8909222,-0.111721694,-0.4401999,0.26106042,-0.9191125,-0.29509252
1356523050115,-0.3300823,-0.4328412,0.8388648,-0.9051893,-0.10690826,-0.4113431,0.26772782,-0.89510846,-0.35651463
1356523050156,-0.28487927,-0.46646914,0.83740693,-0.91944087,-0.11406016,-0.37632263,0.27105767,-0.8771527,-0.3963974
1356523050195,-0.2303617,-0.47072256,0.851677,-0.9349688,-0.13555092,-0.3278096,0.26975304,-0.87180626,-0.40888518
1356523050249,-0.16595948,-0.44310564,0.8809738,-0.94991344,-0.16806108,-0.26347652,0.26480535,-0.8805753,-0.3930207
1356523050282,-0.09733856,-0.38919583,0.91599774,-0.9611378,-0.20214248,-0.18802312,0.25833988,-0.8987019,-0.35439456
1356523050319,-0.032893747,-0.31764257,0.9476398,-0.96705246,-0.22936907,-0.110450566,0.25244308,-0.92005056,-0.29963225
1356523050357,0.017549992,-0.24144459,0.97025585,-0.96829903,-0.24594384,-0.04368761,0.24917659,-0.9387311,-0.2381069
1356523050398,0.053704143,-0.16295916,0.9851701,-0.9665089,-0.25642735,0.010270625,0.25095093,-0.9527273,-0.17127267
1356523050438,0.06691265,-0.09375447,0.9933442,-0.9640605,-0.26263118,0.04015225,0.25711867,-0.96033067,-0.10795832
1356523050482,0.06251657,-0.03383267,0.9974703,-0.96118474,-0.27114266,0.051045656,0.26872975,-0.96194446,-0.049470365
1356523050516,0.03252715,0.008412957,0.9994354,-0.9584882,-0.28314805,0.03357789,0.28327072,-0.95903933,-0.0011462867
1356523050586,-0.018974245,0.0301916,0.999364,-0.9536769,-0.30069762,-0.009022504,0.30023396,-0.9532416,0.034498543
1356523050602,-0.093619704,0.028505504,0.9951998,-0.943195,-0.32259077,-0.07948759,0.3187765,-0.9461092,0.057087153
1356523050640,-0.18882883,8.6313486E-4,0.98200965,-0.9212492,-0.3464495,-0.17684081,0.34006408,-0.9380683,0.0662148
1356523050694,-0.30508012,-0.04952821,0.9510379,-0.8816638,-0.36281377,-0.30172044,0.3599933,-0.93054456,0.06702006
1356523050734,-0.42192608,-0.109754205,0.89996237,-0.8255497,-0.36380672,-0.43140727,0.37476116,-0.9249857,0.06289202
1356523050767,-0.52635527,-0.16543624,0.8340149,-0.7601441,-0.34792835,-0.54875016,0.38096058,-0.9228091,0.05737859
1356523050820,-0.6067539,-0.20506433,0.7679834,-0.69942343,-0.32134527,-0.63839185,0.3776992,-0.92449224,0.051550746
1356523050849,-0.6632065,-0.22874781,0.7126231,-0.65060496,-0.29445451,-0.7000071,0.36996016,-0.9278853,0.046459556
1356523050876,-0.69693166,-0.23769556,0.67659974,-0.6206966,-0.27262855,-0.7351254,0.35919642,-0.9322953,0.04246658
1356523050907,-0.7095813,-0.23561008,0.6640649,-0.61253184,-0.2595694,-0.7466113,0.3482801,-0.93654233,0.039866984
1356523050943,-0.7077221,-0.22356197,0.670186,-0.6223688,-0.25164217,-0.7411701,0.33434457,-0.94164544,0.038954854
1356523050987,-0.6802763,-0.20031628,0.7050515,-0.660496,-0.24948359,-0.70816875,0.31775647,-0.94743407,0.037409663
1356523051026,-0.62853926,-0.17382711,0.75810444,-0.71771926,-0.24594975,-0.65145046,0.29969537,-0.9535684,0.029830039
1356523051079,-0.56031257,-0.16452804,0.81177604,-0.7779652,-0.23184937,-0.5839658,0.2842885,-0.9587369,0.0019110441
1356523051121,-0.47415972,-0.17937118,0.8619736,-0.83569294,-0.21644866,-0.5047447,0.27710968,-0.9596749,-0.047267914
1356523051168,-0.41169536,-0.24558502,0.8776075,-0.86578137,-0.19521445,-0.46077532,0.28448123,-0.9495153,-0.13225406
1356523051208,-0.34178233,-0.31213832,0.88642794,-0.89295375,-0.18616003,-0.40985116,0.2929477,-0.93161905,-0.21509892
1356523051266,-0.27534837,-0.35802478,0.8921892,-0.9146969,-0.18801516,-0.35774288,0.2958259,-0.91458654,-0.27571452
1356523051281,-0.20744514,-0.3741273,0.9038779,-0.933138,-0.20166457,-0.29763216,0.29363245,-0.90518516,-0.30727816
1356523051325,-0.13792664,-0.35509762,0.9245982,-0.9479507,-0.22317159,-0.22712067,0.28699407,-0.9077996,-0.30583376
1356523051369,-0.073400974,-0.31128404,0.94747794,-0.9574262,-0.24396539,-0.1543239,0.2791904,-0.91846776,-0.2801242
1356523051408,-0.018932402,-0.2515078,0.9676701,-0.96178854,-0.259821,-0.08634764,0.27313814,-0.93232876,-0.23697829
1356523051448,0.018960774,-0.18708783,0.9821602,-0.9622826,-0.27005953,-0.032865494,0.27139044,-0.94449246,-0.18515193
1356523051488,0.03946078,-0.123328,0.9915811,-0.96050537,-0.278238,0.0036182404,0.27544928,-0.95256174,-0.12943667
1356523051528,0.03933972,-0.06719738,0.99696386,-0.95790154,-0.28650105,0.018487543,0.28438893,-0.9557204,-0.07563934
1356523051590,0.0238083,-0.014958888,0.99960464,-0.95293486,-0.3026303,0.018167943,0.30223888,-0.95299065,-0.021459997
1356523051665,-0.03671944,0.009752721,0.999278,-0.94573903,-0.32338732,-0.031595886,0.32284564,-0.94621646,0.021098077
1356523051666,-0.12614161,0.005693257,0.9919958,-0.93047947,-0.3473848,-0.11632556,0.34394202,-0.93770534,0.049117148
1356523051746,-0.2364229,-0.027279139,0.97126734,-0.90037316,-0.3696431,-0.22954792,0.36528412,-0.92877334,0.06283066
1356523051755,-0.36061335,-0.08237478,0.9290707,-0.85014915,-0.38071334,-0.36373582,0.38367227,-0.9210167,0.06725946
1356523051803,-0.47790128,-0.14422804,0.8664921,-0.78438854,-0.37395775,-0.49486372,0.39540476,-0.9161625,0.06558412
1356523051825,-0.5779641,-0.19717243,0.7918842,-0.7123759,-0.3514673,-0.6074466,0.3980931,-0.9152015,0.06267464
1356523051872,-0.64901775,-0.22895215,0.72550464,-0.65275836,-0.3222183,-0.68562526,0.3907462,-0.9185621,0.05967492
1356523051908,-0.69498944,-0.24017325,0.67772156,-0.6132041,-0.2942084,-0.7330908,0.3754602,-0.925072,0.057196498
1356523051949,-0.7197399,-0.23639756,0.6527562,-0.5953799,-0.2734114,-0.75549257,0.35706758,-0.93239605,0.056038737
1356523051986,-0.7245596,-0.21978381,0.65322924,-0.6013626,-0.2614383,-0.7549921,0.3367142,-0.9398644,0.05725789
1356523052023,-0.7058338,-0.19172381,0.6819389,-0.6341208,-0.25807238,-0.728896,0.3157363,-0.9469111,0.060580134
1356523052071,-0.66248477,-0.15366149,0.73314536,-0.68975544,-0.25658262,-0.6770545,0.29214954,-0.95422924,0.063993216
1356523052116,-0.58615774,-0.114919126,0.8020054,-0.7645192,-0.24922568,-0.5944719,0.2681965,-0.96160287,0.05822766
1356523052160,-0.48828322,-0.094157875,0.86759084,-0.8363306,-0.23346871,-0.49602774,0.24926025,-0.9677948,0.035251737
1356523052199,-0.40538,-0.114216566,0.90698487,-0.8819883,-0.21198422,-0.42090294,0.24034065,-0.9705757,-0.014803469
1356523052252,-0.34094208,-0.1680406,0.92494375,-0.9087385,-0.19304138,-0.37003973,0.24073404,-0.9666941,-0.08688903
1356523052278,-0.28873384,-0.23359382,0.9284755,-0.9256115,-0.1797502,-0.33306634,0.24469593,-0.9555751,-0.16431713
1356523052317,-0.23469865,-0.28241485,0.93013895,-0.9405106,-0.17585993,-0.29071143,0.24567536,-0.9430351,-0.22434008
1356523052358,-0.17369556,-0.2996378,0.9381082,-0.9546342,-0.18273318,-0.23512155,0.24187478,-0.93638974,-0.25430453
1356523052399,-0.10922241,-0.28648278,0.9518393,-0.96579885,-0.19595748,-0.1698032,0.23516575,-0.9378317,-0.25528187
1356523052437,-0.047687232,-0.2502563,0.96700454,-0.97259283,-0.20893186,-0.10203341,0.22757253,-0.94536734,-0.23343408
1356523052478,0.004402578,-0.20065254,0.9796525,-0.97523576,-0.21749038,-0.040163636,0.22112393,-0.9552154,-0.19664106
1356523052518,0.042941332,-0.14562246,0.98840785,-0.9750539,-0.22175658,0.009689689,0.21777496,-0.96416706,-0.15151227
1356523052557,0.064659536,-0.09231895,0.9936278,-0.9736405,-0.22408593,0.04253882,0.2187309,-0.9701869,-0.10437471
1356523052598,0.06874144,-0.04508406,0.9966153,-0.97202,-0.22794414,0.05673346,0.22461483,-0.9726299,-0.059491873
1356523052655,0.05331999,-0.007090181,0.9985523,-0.96993554,-0.23814905,0.050100923,0.23744908,-0.97120273,-0.01957509
1356523052737,0.0067047477,0.012595236,0.9998982,-0.96655643,-0.25627005,0.009709239,0.25636628,-0.9665231,0.010455787
1356523052738,-0.06770921,0.0114629865,0.9976392,-0.95794415,-0.28022164,-0.061795384,0.27885184,-0.9598669,0.029954523
1356523052784,-0.16125357,-0.010248303,0.98685986,-0.93905234,-0.30602467,-0.15661973,0.30360848,-0.9519685,0.039723754
1356523052834,-0.27108788,-0.04980576,0.9612652,-0.90603095,-0.32397836,-0.27229744,0.32499114,-0.9447525,0.042701066
1356523052867,-0.3832633,-0.096880615,0.9185442,-0.8598219,-0.3258192,-0.39312613,0.33736563,-0.9404552,0.04157448
1356523052912,-0.48197067,-0.13901284,0.86508936,-0.80776274,-0.3120094,-0.50016946,0.339446,-0.93985397,0.03809005
1356523052963,-0.5564795,-0.16821912,0.813654,-0.7610074,-0.28984076,-0.58039635,0.33346385,-0.94217545,0.033274412
1356523052965,-0.60417295,-0.18276578,0.77561045,-0.7285223,-0.26766163,-0.63056517,0.3228469,-0.94602,0.02856499
1356523053010,-0.6253336,-0.18330717,0.7585225,-0.7163808,-0.2505986,-0.651152,0.3094455,-0.9505782,0.025390029
1356523053064,-0.6205758,-0.17145291,0.7651731,-0.72705233,-0.23972064,-0.6433732,0.293736,-0.95558256,0.024109542
1356523053082,-0.59120506,-0.15118062,0.79222536,-0.7578636,-0.2318852,-0.6098131,0.2758973,-0.9609233,0.022517502
1356523053126,-0.5406205,-0.13202181,0.83084273,-0.8005856,-0.22266084,-0.55631363,0.25844166,-0.9659153,0.014680266
1356523053171,-0.48310488,-0.13063389,0.86576235,-0.8403738,-0.20832628,-0.50037193,0.24572656,-0.9692961,-0.009137869
1356523053209,-0.4305904,-0.15817013,0.88857985,-0.86961293,-0.1908254,-0.45536685,0.24158907,-0.9687971,-0.055379212
1356523053253,-0.3934353,-0.21820706,0.89308137,-0.88558644,-0.17090201,-0.43189007,0.24687093,-0.96082157,-0.12600237
1356523053282,-0.35455167,-0.2820075,0.8914958,-0.89995,-0.15581048,-0.4072015,0.25373825,-0.94667566,-0.19854975
1356523053332,-0.30623543,-0.32456318,0.89491814,-0.91692305,-0.15211707,-0.36893424,0.2558748,-0.9335518,-0.25101584
1356523053368,-0.24171871,-0.3339884,0.9110564,-0.93686056,-0.16419601,-0.30875847,0.2527136,-0.92816556,-0.2732113
1356523053408,-0.16445142,-0.30592668,0.9377444,-0.95546484,-0.18676263,-0.22848782,0.24503613,-0.9335569,-0.2615888
1356523053448,-0.086568296,-0.2547276,0.96313024,-0.9678178,-0.20779717,-0.14194754,0.23629367,-0.9444227,-0.22854131
1356523053488,-0.015532255,-0.1871056,0.98221695,-0.97341853,-0.22166723,-0.057619214,0.22850618,-0.95700324,-0.17868906
1356523053529,0.036654532,-0.118411005,0.99228793,-0.97392124,-0.22671092,0.008922398,0.22390598,-0.96673733,-0.12363297
1356523053568,0.06970143,-0.05270806,0.99617445,-0.9719806,-0.22831082,0.055928558,0.22448957,-0.97216046,-0.06714475
1356523053608,0.077462316,0.0013176799,0.9969944,-0.97003996,-0.23085946,0.07567322,0.23026523,-0.9729862,-0.016604722
1356523053648,0.06293517,0.041056275,0.99717283,-0.96801734,-0.24062651,0.071002275,0.2428613,-0.9697491,0.024599314
1356523053688,0.019503713,0.060445428,0.99798095,-0.965104,-0.25957346,0.034583002,0.26113975,-0.9638299,0.05327344
1356523053730,-0.051674187,0.05496645,0.9971501,-0.9566858,-0.28917253,-0.033637047,0.28649956,-0.95569754,0.06752843
1356523053767,-0.15630805,0.021389723,0.9874767,-0.9361184,-0.32209367,-0.14120165,0.31503975,-0.9464661,0.070369184
1356523053809,-0.28378367,-0.037643313,0.9581492,-0.89546776,-0.34695852,-0.27884993,0.34293485,-0.9371247,0.06475282
1356523053847,-0.41857892,-0.10911736,0.9016013,-0.8324468,-0.3507895,-0.42892778,0.3630757,-0.9300753,0.055998683
1356523053890,-0.53412026,-0.1720286,0.82772076,-0.7597975,-0.33163995,-0.55921614,0.37070644,-0.9275888,0.04642868
1356523053928,-0.61971456,-0.21529442,0.75472,-0.692793,-0.30178446,-0.6549534,0.3687706,-0.9287489,0.037865758
1356523053968,-0.67285293,-0.23565008,0.7012403,-0.64720094,-0.27163285,-0.71228266,0.3583294,-0.9331049,0.030256033
1356523054008,-0.6978542,-0.23750363,0.67571557,-0.6285623,-0.249214,-0.7367509,0.34337878,-0.93887407,0.024629235
1356523054048,-0.69812673,-0.2235206,0.6801895,-0.6383954,-0.23577273,-0.73270905,0.32414567,-0.9457536,0.021904647
1356523054091,-0.67072016,-0.19676223,0.71513563,-0.6772791,-0.23058563,-0.6986581,0.30236953,-0.9529506,0.021395445
1356523054128,-0.6182728,-0.16326284,0.7688198,-0.735042,-0.22625762,-0.6391562,0.27830184,-0.9602878,0.01988393
1356523054169,-0.54239374,-0.13420844,0.8293352,-0.8002897,-0.21782714,-0.558648,0.25562707,-0.9667157,0.010742545
1356523054208,-0.46472114,-0.13112739,0.8756939,-0.85232997,-0.20173758,-0.4825305,0.23993334,-0.9706223,-0.018012047
1356523054249,-0.3931892,-0.15942216,0.9055312,-0.88907814,-0.1851477,-0.41864106,0.23439771,-0.9696932,-0.0689407
1356523054286,-0.34018874,-0.21707675,0.9149587,-0.9095284,-0.17114007,-0.37877327,0.23880902,-0.9610353,-0.1392175
1356523054331,-0.28972322,-0.27405703,0.9170349,-0.92520964,-0.1651128,-0.3416501,0.24504584,-0.9474336,-0.20572317
1356523054370,-0.23430085,-0.30719557,0.9223525,-0.94008434,-0.17012262,-0.2954656,0.2476787,-0.93631685,-0.24892986
1356523054409,-0.17344922,-0.31150308,0.9342811,-0.95337176,-0.18479478,-0.23860675,0.24697709,-0.93210334,-0.26492566
1356523054449,-0.10911298,-0.28519768,0.9522377,-0.9635388,-0.20509863,-0.17183554,0.24430981,-0.9362675,-0.25242007
1356523054488,-0.05281627,-0.24388209,0.9683656,-0.9688407,-0.22247362,-0.108872026,0.24198776,-0.9439422,-0.22453272
1356523054529,-0.0046637654,-0.18965057,0.9818406,-0.97035277,-0.23640698,-0.05027315,0.24164829,-0.9529661,-0.18292537
1356523054567,0.024905264,-0.13577285,0.9904269,-0.9694942,-0.24494159,-0.009198993,0.2438457,-0.95998406,-0.13773137
1356523054618,0.040317476,-0.082488775,0.9957761,-0.9674721,-0.2523173,0.018269867,0.24974447,-0.9641222,-0.0899784
1356523054659,0.03546208,-0.034956813,0.9987595,-0.96486324,-0.2615506,0.025104195,0.2603486,-0.9645566,-0.043003708
1356523054701,-0.0016339421,-0.006252408,0.99997914,-0.9618965,-0.27339458,-0.0032811165,0.27340934,-0.96188176,-0.005567521
1356523054737,-0.060418844,0.0020967424,0.998171,-0.95519996,-0.29037976,-0.057207823,0.28972867,-0.9569092,0.019547224
1356523054781,-0.14326423,-0.01384154,0.9895878,-0.93992746,-0.311154,-0.14042696,0.30985788,-0.95025873,0.031567127
1356523054819,-0.24896371,-0.05402246,0.967005,-0.90978897,-0.3293348,-0.2526315,0.33211613,-0.9426666,0.03284329
1356523054865,-0.3683731,-0.11296725,0.92278916,-0.8602225,-0.33503073,-0.38441098,0.35258847,-0.9354106,0.026239276
1356523054903,-0.48693305,-0.17032802,0.8566707,-0.7948419,-0.32020736,-0.5154549,0.36210865,-0.9319097,0.020535648
1356523054944,-0.57335216,-0.20526513,0.7931794,-0.73692346,-0.29389542,-0.60874397,0.35806572,-0.9335372,0.017240882
1356523054986,-0.6278153,-0.21726207,0.7474257,-0.69839036,-0.2667266,-0.6641594,0.34365502,-0.93896437,0.01572138
1356523055026,-0.65477365,-0.21153307,0.7256206,-0.68344665,-0.24425799,-0.68792355,0.32275724,-0.94635713,0.0153621435
1356523055077,-0.6543107,-0.19021592,0.73191214,-0.6959753,-0.22710478,-0.6812061,0.295797,-0.9551133,0.01621151
1356523055140,-0.61805445,-0.15608168,0.77048504,-0.74067956,-0.21282566,-0.63725895,0.26344347,-0.9645433,0.015931427
1356523055171,-0.5380655,-0.12180847,0.83405536,-0.8093361,-0.20180035,-0.5515902,0.23550099,-0.97182274,0.009997785
1356523055230,-0.45903885,-0.11364558,0.88111746,-0.8614075,-0.18575394,-0.47272882,0.21739459,-0.9760021,-0.012626886
1356523055252,-0.37716496,-0.12606281,0.9175264,-0.9020696,-0.17442083,-0.3947756,0.20980221,-0.9765682,-0.04793203
1356523055295,-0.32755035,-0.17742056,0.92802626,-0.9185279,-0.17036194,-0.35676783,0.2213983,-0.96927744,-0.10716367
1356523055338,-0.29080093,-0.24824569,0.9240178,-0.92499983,-0.17390978,-0.3378324,0.24456117,-0.9529583,-0.17905414
1356523055378,-0.25826198,-0.31595695,0.91294694,-0.92775726,-0.18239343,-0.32557514,0.26938322,-0.93107677,-0.2460261
1356523055419,-0.21771824,-0.35597408,0.90878,-0.9328414,-0.19796449,-0.30102643,0.2870638,-0.91328657,-0.28896683
1356523055458,-0.16781253,-0.35893187,0.918154,-0.94045067,-0.22100234,-0.2582837,0.2956204,-0.90682185,-0.30047077
1356523055498,-0.11278665,-0.32947117,0.9374049,-0.94838256,-0.24572563,-0.20047301,0.29639447,-0.91162914,-0.2847501
1356523055537,-0.05927962,-0.27760777,0.9588638,-0.95475185,-0.26466513,-0.13565066,0.29143554,-0.9235184,-0.24935728
1356523055578,-0.014260113,-0.21532556,0.97643816,-0.95889986,-0.2738201,-0.07438725,0.2833859,-0.93736726,-0.202571
1356523055618,0.01754576,-0.15219939,0.988194,-0.96125007,-0.27452236,-0.025213957,0.27511892,-0.9494592,-0.15111837
1356523055658,0.032599688,-0.095890045,0.9948579,-0.96244216,-0.2714334,0.0053751767,0.2695223,-0.9576684,-0.10113719
1356523055700,0.030036867,-0.04984525,0.9983052,-0.9625138,-0.27079314,0.015439302,0.26956454,-0.96134627,-0.05611053
1356523055735,0.0052083135,-0.019212186,0.9998019,-0.96122944,-0.27574956,-2.913773E-4,0.27570057,-0.9610375,-0.019903481
1356523055783,-0.037432313,-0.004575968,0.9992887,-0.95582104,-0.29159373,-0.037139297,0.2915562,-0.95653135,0.0065411925
1356523055819,-0.10888451,-0.010767847,0.993996,-0.94443023,-0.3108704,-0.10682264,0.3101543,-0.9503913,0.023679554
1356523055857,-0.19534951,-0.03661129,0.98005015,-0.9237522,-0.328793,-0.19641039,0.32942444,-0.9436921,0.030409813
1356523055898,-0.29824883,-0.07985973,0.9511415,-0.8906161,-0.3351177,-0.30740702,0.3432938,-0.9387857,0.028824061
1356523055938,-0.4023431,-0.12948239,0.90628606,-0.846607,-0.32410312,-0.4221538,0.3483916,-0.93711877,0.020779908
1356523055981,-0.49310118,-0.17302594,0.8525921,-0.79802275,-0.3002879,-0.52248144,0.34642592,-0.93802404,0.009993672
1356523056020,-0.559738,-0.20302331,0.8034146,-0.7563381,-0.27098185,-0.595417,0.33859432,-0.9409306,-0.0018754005
1356523056078,-0.599992,-0.21820506,0.76967275,-0.7295623,-0.24551249,-0.63832796,0.32825065,-0.9445158,-0.011888683
1356523056096,-0.6166863,-0.22037047,0.7557346,-0.7214296,-0.22596371,-0.6545836,0.31501955,-0.9488821,-0.019632995
1356523056135,-0.6097831,-0.21338102,0.76330405,-0.73354864,-0.21273863,-0.64548326,0.30011815,-0.9535254,-0.02680093
1356523056172,-0.58567184,-0.20663372,0.7837672,-0.75827515,-0.20195293,-0.619866,0.28636932,-0.9573492,-0.038407028
1356523056215,-0.5529122,-0.21349865,0.805423,-0.7850277,-0.19055676,-0.5894231,0.27931985,-0.9581787,-0.062241137
1356523056255,-0.5216156,-0.2445856,0.8173708,-0.80474436,-0.17715824,-0.5665698,0.2833788,-0.9533062,-0.10442042
1356523056291,-0.49148703,-0.28972635,0.82127905,-0.8197901,-0.1643489,-0.5485741,0.29391268,-0.9428935,-0.15673941
1356523056336,-0.4622903,-0.333714,0.8215367,-0.832983,-0.15421242,-0.5313735,0.30401796,-0.9299749,-0.20668727
1356523056378,-0.42592877,-0.35770828,0.8310412,-0.8506846,-0.15444696,-0.50247574,0.30809152,-0.9209728,-0.23851353
1356523056418,-0.38220346,-0.35434166,0.85344154,-0.87205255,-0.1672098,-0.45996225,0.3056876,-0.920045,-0.24509639
1356523056458,-0.33475822,-0.32848012,0.8831974,-0.8933263,-0.1876126,-0.40837452,0.29984185,-0.9256902,-0.23063505
1356523056499,-0.28717828,-0.28493005,0.91451824,-0.9120166,-0.21054363,-0.3519903,0.2928386,-0.93513966,-0.19939744
1356523056539,-0.24755341,-0.23579246,0.93974423,-0.92534,-0.2299388,-0.30145326,0.28716406,-0.94420874,-0.16126609
1356523056579,-0.22010475,-0.18847284,0.9570955,-0.93305814,-0.2455079,-0.26292267,0.28452826,-0.9508964,-0.12181866
1356523056618,-0.21044737,-0.1509333,0.9658835,-0.9347882,-0.25812918,-0.24400872,0.28615177,-0.95424753,-0.08676803
1356523056658,-0.22055006,-0.12799728,0.96694076,-0.92985594,-0.27172405,-0.2480604,0.29449213,-0.9538253,-0.059090316
1356523056700,-0.2563929,-0.124841034,0.95847654,-0.9156732,-0.28617483,-0.28221706,0.30952415,-0.9500098,-0.040940404
1356523056742,-0.3161468,-0.14414114,0.93769646,-0.88877076,-0.30075228,-0.3458825,0.33187023,-0.94274676,-0.033026516
1356523056778,-0.39775813,-0.18057355,0.8995453,-0.8464198,-0.3061384,-0.43572104,0.35406503,-0.93470454,-0.03107202
1356523056818,-0.482674,-0.22410333,0.8466425,-0.7929317,-0.29864436,-0.53110343,0.37186706,-0.9276795,-0.0335508
1356523056857,-0.5645346,-0.26502657,0.7817043,-0.73192626,-0.27705127,-0.6225163,0.38155556,-0.92358184,-0.037574887
1356523056898,-0.63072526,-0.29405338,0.71813536,-0.6751222,-0.2483586,-0.6946424,0.382617,-0.92295754,-0.04187596
1356523056938,-0.6791414,-0.31028894,0.6651975,-0.6289557,-0.22118384,-0.74531364,0.37839353,-0.92455316,-0.044942915
1356523056978,-0.70848113,-0.3134064,0.6323219,-0.60109216,-0.2014975,-0.7733609,0.3697875,-0.92799526,-0.045629025
1356523057018,-0.718209,-0.3057741,0.6250423,-0.5963025,-0.192473,-0.77934426,0.3586071,-0.9324464,-0.04409796
1356523057058,-0.7096178,-0.29013717,0.6420772,-0.6143683,-0.19135714,-0.7654633,0.3449554,-0.93765825,-0.04246062
1356523057097,-0.68003464,-0.2729311,0.68048626,-0.65393436,-0.19391698,-0.73127705,0.33154613,-0.942287,-0.046608746
1356523057139,-0.6385688,-0.26873273,0.7211189,-0.6995929,-0.18768853,-0.6894511,0.32062384,-0.9447516,-0.068151474
1356523057177,-0.58823854,-0.2853291,0.75667876,-0.7458917,-0.17007941,-0.6439864,0.31244355,-0.94321805,-0.11277735
1356523057221,-0.54404587,-0.3303865,0.771271,-0.78211653,-0.13316107,-0.60873795,0.30382204,-0.9344051,-0.18595499
1356523057261,-0.49511218,-0.38113606,0.7807684,-0.8189169,-0.09548211,-0.5659136,0.29023948,-0.91957515,-0.26484442
1356523057295,-0.4394322,-0.41820553,0.7949865,-0.85654676,-0.071529746,-0.5110883,0.27060506,-0.9055317,-0.32678014
1356523057339,-0.36956632,-0.42971018,0.82387495,-0.8947654,-0.074579895,-0.44026452,0.25063065,-0.89988166,-0.35692757
1356523057380,-0.28483623,-0.4098641,0.86653316,-0.9293498,-0.10344398,-0.35441273,0.23489866,-0.906262,-0.35144252
1356523057419,-0.19238293,-0.36579743,0.91059375,-0.9552126,-0.1428119,-0.25917903,0.22485062,-0.91967225,-0.3219397
1356523057459,-0.09894854,-0.29899508,0.9491107,-0.9703805,-0.18224806,-0.15857893,0.22038788,-0.9366897,-0.2721058
1356523057498,-0.021011889,-0.22493121,0.97414804,-0.9751183,-0.21046603,-0.06962952,0.22068694,-0.9513726,-0.21491224
1356523057539,0.036668777,-0.14900282,0.9881567,-0.9732231,-0.22985828,0.0014546216,0.2269192,-0.96175015,-0.15344167
1356523057577,0.060131848,-0.085231155,0.994545,-0.96961665,-0.24167359,0.03791362,0.23712382,-0.9666073,-0.09717384
1356523057618,0.054595947,-0.03576672,0.9978677,-0.9662726,-0.25377417,0.043771267,0.2516675,-0.96660197,-0.048415393
1356523057658,0.012693524,-0.0061201155,0.9999007,-0.9628098,-0.26997298,0.010570228,0.26988152,-0.9628484,-0.009319365
1356523057699,-0.06740451,1.5506148E-4,0.9977257,-0.9543915,-0.29152286,-0.06443164,0.2908499,-0.95656383,0.019797921
1356523057738,-0.1837703,-0.018677592,0.9827918,-0.93209136,-0.3141842,-0.18026093,0.31214452,-0.94917834,0.040328503
1356523057778,-0.32481563,-0.058299035,0.9439788,-0.8867521,-0.32830667,-0.32540023,0.32888505,-0.94277036,0.05494237
1356523057819,-0.4647494,-0.10451484,0.8792524,-0.8191551,-0.32622963,-0.47176176,0.33614427,-0.939495,0.06600118
1356523057858,-0.5795342,-0.14192405,0.80249465,-0.7438024,-0.31027198,-0.5920213,0.33301365,-0.93999404,0.074249744
1356523057898,-0.6579703,-0.16144261,0.7355348,-0.68127143,-0.28854775,-0.67276263,0.32084945,-0.9437566,0.07986963
1356523057938,-0.703354,-0.1632313,0.69184446,-0.64317226,-0.26830727,-0.7171755,0.30269235,-0.9494034,0.08372909
1356523057978,-0.7202496,-0.14952342,0.6774091,-0.6344165,-0.25305796,-0.7303952,0.280635,-0.9558265,0.08740479
1356523058018,-0.7102599,-0.122810304,0.6931439,-0.6558075,-0.24240792,-0.714951,0.25582695,-0.96237,0.091632724
1356523058058,-0.67286825,-0.08781582,0.73453164,-0.70336354,-0.23168027,-0.67201495,0.22919002,-0.9688202,0.09412384
1356523058098,-0.61052775,-0.055825084,0.79002506,-0.76552355,-0.21414608,-0.6067251,0.20305121,-0.9752052,0.088006675
1356523058141,-0.5366135,-0.045921177,0.84257776,-0.8240223,-0.18655217,-0.53496325,0.18175083,-0.9813713,0.06226629
1356523058178,-0.47073007,-0.07480392,0.87910044,-0.86577666,-0.15263855,-0.47658387,0.16983497,-0.98544705,0.007088065
1356523058218,-0.4253646,-0.14414343,0.89346945,-0.8892627,-0.116864264,-0.4422156,0.16815713,-0.9826319,-0.07847148
1356523058258,-0.3898031,-0.2288352,0.89201343,-0.9049165,-0.08449322,-0.4171174,0.17082024,-0.9697914,-0.17414105
1356523058296,-0.3501581,-0.2990904,0.8876566,-0.9207611,-0.06411928,-0.38482156,0.17201239,-0.9520681,-0.25293893
1356523058341,-0.29686296,-0.33727184,0.89337564,-0.93953204,-0.06411576,-0.3364057,0.17073962,-0.93922144,-0.29784417
1356523058377,-0.23086894,-0.34103337,0.9112605,-0.9581864,-0.08303362,-0.2738325,0.16905126,-0.93637687,-0.30760366
1356523058418,-0.15885285,-0.31540787,0.93556595,-0.9727943,-0.11184934,-0.20288181,0.16863295,-0.94234157,-0.2890594
1356523058468,-0.07976717,-0.25551245,0.96350956,-0.9819542,-0.14613253,-0.12004691,0.1714735,-0.9556981,-0.23924494
1356523058508,-0.026764333,-0.19209129,0.981012,-0.9839236,-0.16828197,-0.059794992,0.17657277,-0.9668412,-0.18449914
1356523058547,0.0054627657,-0.1297682,0.99152935,-0.9828231,-0.18360919,-0.018615365,0.18446955,-0.9743962,-0.12854227
1356523058588,0.012666643,-0.07422799,0.9971609,-0.9807026,-0.19549447,-0.0020949244,0.19509497,-0.9778917,-0.075271845
1356523058630,-0.006738782,-0.029933333,0.99952924,-0.9778763,-0.20878941,-0.012845457,0.2090756,-0.9775024,-0.027864128
1356523058664,-0.057958603,-0.0032021403,0.9983139,-0.9721957,-0.22708392,-0.05717069,0.22688416,-0.97387,0.010048389
1356523058725,-0.1429187,4.6533346E-4,0.9897343,-0.95792806,-0.2515403,-0.13820758,0.24889374,-0.96784675,0.03639555
1356523058774,-0.26131785,-0.02259621,0.96498823,-0.9257302,-0.27727652,-0.25717953,0.2733799,-0.96052444,0.05153933
1356523058819,-0.40182787,-0.06925917,0.91309226,-0.86651456,-0.29369015,-0.40360704,0.29611966,-0.95338833,0.057998776
1356523058820,-0.5409044,-0.12450418,0.831818,-0.7811016,-0.2924266,-0.55169475,0.311934,-0.94814837,0.06092441
1356523058882,-0.647877,-0.16909406,0.74273986,-0.69276834,-0.2746461,-0.6668145,0.31674498,-0.94656044,0.060793936
1356523058923,-0.72552013,-0.19728522,0.65931714,-0.613712,-0.2480396,-0.7495558,0.3114131,-0.94844866,0.058881402
1356523058965,-0.77539575,-0.20908928,0.59585494,-0.55558217,-0.22261655,-0.80110574,0.3001498,-0.9522203,0.05644965
1356523059027,-0.8014646,-0.20588209,0.56148636,-0.5261627,-0.20352304,-0.8256701,0.2842661,-0.9571786,0.054789126
1356523059046,-0.8041189,-0.18599196,0.5646236,-0.53362423,-0.1927495,-0.82346386,0.26198858,-0.9634597,0.055743694
1356523059091,-0.7765072,-0.15458268,0.61085266,-0.58329296,-0.19034892,-0.7896435,0.2383403,-0.9694698,0.057640195
1356523059122,-0.7266958,-0.12034634,0.6763358,-0.652349,-0.18767023,-0.7343165,0.21530035,-0.97483164,0.057871222
1356523059132,-0.66786194,-0.09571937,0.7381046,-0.7187754,-0.1744625,-0.672997,0.19319037,-0.9800004,0.04771608
1356523059173,-0.59823185,-0.093198955,0.7958847,-0.7814793,-0.1518094,-0.6051809,0.17722502,-0.984006,0.017984152
1356523059214,-0.54159606,-0.12857956,0.83074737,-0.8226693,-0.122169614,-0.5552385,0.17288437,-0.9841453,-0.039611936
1356523059271,-0.49885863,-0.19036755,0.84551775,-0.8482679,-0.09279448,-0.52137387,0.177712,-0.97731745,-0.11519134
1356523059291,-0.46366882,-0.25613156,0.84817916,-0.8664479,-0.06896472,-0.49448147,0.18514675,-0.9641787,-0.18994784
1356523059326,-0.42370242,-0.30474392,0.85299903,-0.88570476,-0.057880998,-0.46062666,0.1897456,-0.9506739,-0.2453888
1356523059368,-0.37414604,-0.32355002,0.86909723,-0.9076798,-0.06432772,-0.41470394,0.19008455,-0.9440218,-0.26961178
1356523059408,-0.31360078,-0.31318834,0.89641935,-0.9308127,-0.08524716,-0.35541627,0.18772942,-0.9458573,-0.26478612
1356523059448,-0.24959981,-0.28025082,0.9269086,-0.9506155,-0.11143595,-0.28967628,0.18447292,-0.95343673,-0.23859638
1356523059488,-0.19049102,-0.23217425,0.9538387,-0.9646684,-0.13587505,-0.22572723,0.18201089,-0.96313715,-0.19808817
1356523059528,-0.14439458,-0.17694056,0.9735719,-0.9726502,-0.15552264,-0.1725232,0.18193889,-0.9718563,-0.14964461
1356523059568,-0.11710155,-0.12148169,0.9856619,-0.97567904,-0.17111433,-0.13700509,0.18530446,-0.97773314,-0.0984894
1356523059611,-0.11211407,-0.07095832,0.9911586,-0.97471267,-0.18617886,-0.1235826,0.193302,-0.9799502,-0.04829076
1356523059649,-0.13748401,-0.03391549,0.9899232,-0.96896696,-0.20267177,-0.14151722,0.20542914,-0.9786592,-0.0049988627
1356523059688,-0.18916756,-0.014049619,0.9818443,-0.95613575,-0.22510535,-0.18743554,0.22365186,-0.97423315,0.029149324
1356523059729,-0.2744875,-0.018310606,0.9614163,-0.9291429,-0.25248587,-0.27008206,0.24768943,-0.9674273,0.052291065
1356523059769,-0.39022428,-0.04959461,0.91938305,-0.87895393,-0.27727085,-0.38802144,0.27416193,-0.9595108,0.06460655
1356523059809,-0.5194461,-0.10063198,0.84855705,-0.80142105,-0.28717375,-0.5246481,0.29647964,-0.9525778,0.06852263
1356523059847,-0.6356152,-0.15289801,0.7567136,-0.7078558,-0.2757759,-0.65029824,0.30811274,-0.94898355,0.06705761
1356523059888,-0.72118026,-0.18926245,0.6663923,-0.62112576,-0.2493102,-0.7429988,0.30676013,-0.9497495,0.062241793
1356523059927,-0.7757759,-0.2047566,0.59686387,-0.5580603,-0.21885419,-0.8004197,0.29451737,-0.9540323,0.05551529
1356523059968,-0.80601084,-0.20304854,0.55598366,-0.523963,-0.19218218,-0.82977635,0.27533507,-0.9601236,0.04851103
1356523060008,-0.81665874,-0.18895426,0.5453116,-0.51907885,-0.17248821,-0.8371409,0.25224113,-0.9667182,0.04278183
1356523060048,-0.8089194,-0.1661603,0.5639505,-0.5423714,-0.15929115,-0.8248998,0.22689791,-0.973148,0.038733125
1356523060087,-0.7821092,-0.13964552,0.6072927,-0.58980024,-0.14861882,-0.79375577,0.2010995,-0.9789851,0.03387314
1356523060127,-0.7382323,-0.11955461,0.6638672,-0.6504338,-0.13462162,-0.74753785,0.17874251,-0.9836583,0.021619737
1356523060169,-0.6878045,-0.12096232,0.7157465,-0.7067499,-0.113375604,-0.6983198,0.1656186,-0.98616135,-0.0075098276
1356523060208,-0.6443396,-0.15377682,0.7491189,-0.746546,-0.08591682,-0.6597632,0.16581818,-0.9843633,-0.059441924
1356523060264,-0.6132809,-0.21248657,0.76074696,-0.76971513,-0.055385172,-0.63598037,0.1772714,-0.9755931,-0.12958747
1356523060288,-0.5857519,-0.2754241,0.76225734,-0.7875297,-0.028860986,-0.6156005,0.1915507,-0.9608895,-0.19999927
1356523060331,-0.5514835,-0.3220225,0.7695241,-0.80937475,-0.016753554,-0.58705354,0.20193669,-0.94658375,-0.2513976
1356523060369,-0.50606364,-0.3440967,0.7908837,-0.8371538,-0.024684727,-0.54641026,0.20754075,-0.93860966,-0.2755698
1356523060408,-0.4504254,-0.3397491,0.8256437,-0.86778617,-0.05082822,-0.49433157,0.20991474,-0.93914163,-0.27193522
1356523060448,-0.3895834,-0.3132193,0.8660938,-0.89659727,-0.086018324,-0.43441254,0.21056634,-0.94577724,-0.24732023
1356523060488,-0.32953322,-0.2688756,0.90504897,-0.9203911,-0.12218332,-0.37141812,0.21044719,-0.9553937,-0.2072072
1356523060529,-0.28062373,-0.21560127,0.93528944,-0.9364142,-0.15237433,-0.31608626,0.21066266,-0.9645196,-0.15913224
1356523060567,-0.24928975,-0.1608251,0.9549816,-0.9448235,-0.17600703,-0.27627885,0.21251613,-0.97116256,-0.108074546
1356523060608,-0.2428971,-0.11285588,0.96346486,-0.9453994,-0.19495052,-0.26117834,0.21730351,-0.9742986,-0.059340954
1356523060655,-0.2657693,-0.07848087,0.9608369,-0.93699014,-0.21340066,-0.27660373,0.22675136,-0.97380745,-0.01682043
1356523060688,-0.3239339,-0.06462762,0.9438698,-0.91489184,-0.23265171,-0.32991856,0.24091473,-0.9704105,0.016236484
1356523060730,-0.41280645,-0.07504094,0.90772223,-0.8727557,-0.2525038,-0.417779,0.26055384,-0.9646816,0.03874278
1356523060768,-0.52813214,-0.110031515,0.8420032,-0.8009528,-0.2647997,-0.53698754,0.28204778,-0.9580053,0.05171925
1356523060808,-0.6464894,-0.15900928,0.7461687,-0.7014502,-0.26074475,-0.6633097,0.30003196,-0.9522228,0.057031572
1356523060848,-0.7454195,-0.20436482,0.63449574,-0.59073544,-0.23847383,-0.770819,0.30883893,-0.94940263,0.057037413
1356523060890,-0.81346476,-0.23208427,0.5333029,-0.4948122,-0.20574832,-0.8442917,0.30567297,-0.95068634,0.052530885
1356523060928,-0.85693574,-0.24292785,0.45458463,-0.4227429,-0.17330515,-0.88952446,0.29487213,-0.95443773,0.04581535
1356523060968,-0.8819549,-0.23961619,0.40588138,-0.38043925,-0.14646012,-0.913135,0.27824733,-0.95975703,0.03801173
