1356523247006,0.22946626,0.21126467,0.95011187,-0.944303,-0.1882416,0.26992032,0.23587516,-0.959131,0.15630277
1356523247038,0.22942299,0.21124563,0.95012647,-0.94431305,-0.18825579,0.26987496,0.23587674,-0.95913243,0.15629189
1356523247069,0.22915196,0.21105316,0.9502348,-0.94437385,-0.18837672,0.26957828,0.23589745,-0.9591511,0.15614612
1356523247100,0.22814643,0.2105496,0.95058835,-0.9446049,-0.18873703,0.2685145,0.2359468,-0.95919096,0.15582645
1356523247131,0.22631013,0.20967767,0.9512197,-0.94502056,-0.18939227,0.26658303,0.23605025,-0.95925266,0.1552884
1356523247159,0.22325414,0.20848331,0.95220387,-0.9456961,-0.19043702,0.26342416,0.23625448,-0.9593061,0.15464614
1356523247217,0.21806532,0.20736954,0.9536485,-0.94684887,-0.19182813,0.25822327,0.23648423,-0.9592705,0.15451652
1356523247233,0.21144658,0.20706245,0.9552044,-0.9483092,-0.19315898,0.25179186,0.23664302,-0.9590697,0.15551645
1356523247277,0.20374054,0.20789954,0.95669615,-0.9499825,-0.19426686,0.2445269,0.23669145,-0.9586648,0.15792096
1356523247320,0.19579327,0.21014437,0.95786446,-0.95165694,-0.1950208,0.23730975,0.23667282,-0.95802206,0.16180159
1356523247370,0.18905199,0.21485087,0.9581746,-0.9530258,-0.19500744,0.23176259,0.23664549,-0.9569803,0.16789187
1356523247409,0.18090475,0.21959677,0.95867133,-0.9546071,-0.19533002,0.22488075,0.23664042,-0.9558365,0.17429253
1356523247448,0.17417377,0.22468099,0.95873976,-0.9558519,-0.19542307,0.21944657,0.23666537,-0.95463514,0.18072425
1356523247488,0.16834593,0.22927043,0.9586942,-0.95688355,-0.19554526,0.21479231,0.23671374,-0.9535182,0.18646592
1356523247531,0.1629371,0.23242596,0.958869,-0.95780694,-0.19595557,0.21025547,0.23676455,-0.95266974,0.19069074
1356523247571,0.15785176,0.233733,0.9594018,-0.9586547,-0.19669706,0.20564884,0.23677844,-0.952197,0.19302022
1356523247608,0.15253496,0.23260078,0.9605363,-0.95954525,-0.19787616,0.2002948,0.23665589,-0.95223004,0.1930079
1356523247647,0.15032339,0.23008654,0.96149,-0.95997834,-0.1984958,0.19758746,0.236314,-0.9527116,0.1910396
1356523247690,0.14403546,0.22459838,0.96374756,-0.96110666,-0.2001614,0.1902878,0.23564333,-0.9536724,0.18703263
1356523247732,0.13727993,0.21744525,0.96637046,-0.9623332,-0.20185381,0.18212599,0.23466802,-0.95497257,0.18154429
1356523247774,0.13045335,0.20922047,0.96912783,-0.96359485,-0.20333695,0.17360604,0.23338145,-0.9564941,0.17507778
1356523247808,0.12496257,0.20159554,0.97146463,-0.9646671,-0.20422035,0.1664674,0.23195195,-0.9579421,0.16895267
1356523247850,0.12100136,0.19525814,0.97325885,-0.96555364,-0.20437753,0.16104618,0.23035789,-0.9592205,0.16380227
1356523247889,0.11907697,0.19103882,0.974333,-0.9661578,-0.20386136,0.1580492,0.22882241,-0.96017945,0.1602985
1356523247930,0.11896753,0.18920988,0.9747032,-0.9664406,-0.20304203,0.1573736,0.22768232,-0.9607151,0.15870473
1356523247968,0.12041229,0.18983188,0.9744048,-0.96632814,-0.20242631,0.15885055,0.2274001,-0.9607223,0.1590653
1356523248011,0.12304592,0.19261631,0.973529,-0.9657519,-0.20256698,0.16214156,0.2284359,-0.9601383,0.16109452
1356523248043,0.12597942,0.19630998,0.9724153,-0.9648159,-0.20378715,0.16613516,0.2307798,-0.95913136,0.16373008
1356523248091,0.12887603,0.1998665,0.9713106,-0.9634789,-0.20661247,0.17035154,0.23473248,-0.95779157,0.16593976
1356523248129,0.1317063,0.20227322,0.9704324,-0.96192336,-0.21043599,0.17441398,0.23949313,-0.956453,0.16685553
1356523248168,0.13416278,0.20279744,0.9699864,-0.9601338,-0.21563965,0.17788434,0.24524194,-0.9551821,0.16578178
1356523248209,0.13688582,0.20141605,0.9698937,-0.9581053,-0.22175294,0.1812731,0.25158808,-0.954074,0.16262291
1356523248247,0.13947362,0.19800761,0.97022676,-0.9559691,-0.22856337,0.18407014,0.25820565,-0.95317984,0.15741065
1356523248289,0.14097703,0.1923024,0.9711566,-0.9539383,-0.23600608,0.18520996,0.2648153,-0.95253384,0.15017326
1356523248342,0.13869148,0.18223858,0.9734237,-0.95240295,-0.24488896,0.18154308,0.27146497,-0.95227003,0.13960063
1356523248377,0.13442159,0.17202845,0.97587764,-0.95155716,-0.25241828,0.17556804,0.27653208,-0.95220333,0.12976442
1356523248420,0.12709206,0.16113105,0.9787157,-0.9516778,-0.25829858,0.1661061,0.27956575,-0.95253277,0.12051715
1356523248459,0.11532825,0.14992166,0.9819485,-0.9528488,-0.26262677,0.15200773,0.28067526,-0.95317924,0.112564385
1356523248499,0.09955078,0.13840428,0.9853598,-0.9548036,-0.2654457,0.13374835,0.28007093,-0.95413977,0.10572359
1356523248541,0.07811332,0.12593278,0.9889586,-0.95708275,-0.26822948,0.10975152,0.2790892,-0.9550883,0.09957588
1356523248578,0.05167997,0.111511916,0.9924184,-0.9589648,-0.2718612,0.080485284,0.27877513,-0.9558539,0.09288621
1356523248618,0.018090904,0.09347698,0.99545705,-0.9600861,-0.27631766,0.04339534,0.27911887,-0.9565096,0.084747106
1356523248658,-0.02197975,0.07204145,0.9971594,-0.96024317,-0.27916318,-9.974539E-4,0.27829832,-0.9575374,0.07531321
1356523248698,-0.06537336,0.04996386,0.9966092,-0.95965517,-0.2768649,-0.049069017,0.27347445,-0.9596089,0.06604773
1356523248738,-0.10692638,0.031163007,0.99377847,-0.95891047,-0.26740545,-0.094789416,0.26278785,-0.96308005,0.058475226
1356523248778,-0.14144862,0.018311381,0.9897762,-0.95865124,-0.25194043,-0.13233954,0.24694139,-0.9675694,0.053190917
1356523248819,-0.16460139,0.012021095,0.9862869,-0.9595909,-0.23332655,-0.15730226,0.22823605,-0.97232413,0.04994127
1356523248858,-0.17261213,0.0115407705,0.9849223,-0.9624965,-0.21444905,-0.16616908,0.2092979,-0.97666705,0.048124403
1356523248898,-0.16185087,0.015775025,0.98668915,-0.9680625,-0.19653755,-0.15565321,0.19146603,-0.9803693,0.047080994
1356523248938,-0.1294015,0.023192972,0.9913209,-0.9760431,-0.17932826,-0.12321171,0.1749143,-0.98351574,0.045842767
1356523249016,-0.07555002,0.030533284,0.9966744,-0.9843112,-0.16211313,-0.06964648,0.15944746,-0.98629963,0.042301923
1356523249018,-0.007211745,0.03120333,0.99948704,-0.9893928,-0.14524174,-0.0026045442,0.14508593,-0.98890406,0.031919748
1356523249055,0.062086344,0.015509039,0.9979503,-0.9892788,-0.13146836,0.06358999,0.1321851,-0.9911991,0.007180363
1356523249096,0.116454095,-0.026519686,0.9928419,-0.9857979,-0.12487152,0.11229244,0.12099975,-0.9918184,-0.04068482
1356523249140,0.1463331,-0.099749565,0.98419344,-0.98297477,-0.12641704,0.13333938,0.11111823,-0.9869492,-0.11655033
1356523249179,0.15666738,-0.19461936,0.9682864,-0.98248583,-0.13084933,0.13266495,0.100880474,-0.97211206,-0.21171057
1356523249218,0.15984601,-0.29094994,0.9432907,-0.9832827,-0.13134408,0.12611091,0.08720371,-0.94767976,-0.3070808
1356523249281,0.18458864,-0.35683417,0.9157491,-0.98040295,-0.13210568,0.14614424,0.06882641,-0.92477965,-0.3742265
1356523249375,0.24173546,-0.37954426,0.8930342,-0.9689412,-0.14385432,0.20114392,0.052123845,-0.9139213,-0.40253073
1356523249376,0.32299784,-0.35852438,0.87586105,-0.9455686,-0.16102907,0.28278893,0.039652407,-0.919527,-0.39102146
1356523249413,0.40654314,-0.3132926,0.8582368,-0.91308117,-0.17192465,0.36976293,0.03170806,-0.9339645,-0.35595638
1356523249415,0.47665864,-0.26112536,0.83941054,-0.8786832,-0.17051418,0.44591573,0.026691467,-0.9501256,-0.31072354
1356523249476,0.54254013,-0.19383842,0.8173597,-0.839667,-0.15373515,0.52088857,0.024688661,-0.96891296,-0.24616724
1356523249538,0.5934044,-0.12163055,0.79566145,-0.80449104,-0.12130284,0.5814463,0.025794357,-0.9851353,-0.16983233
1356523249572,0.6252297,-0.05499658,0.77850056,-0.7798748,-0.082009465,0.6205398,0.02971688,-0.9951129,-0.09416519
1356523249573,0.6403016,6.483495E-4,0.7681234,-0.7673317,-0.044856817,0.6396795,0.034870327,-0.9989932,-0.028224379
1356523249618,0.64674693,0.047764808,0.7612076,-0.7615961,-0.013348207,0.6479146,0.04110825,-0.99876946,0.027744561
1356523249622,0.64507556,0.087361634,0.75910836,-0.762597,0.010937184,0.64678144,0.048201382,-0.99611664,0.07367705
1356523249662,0.6354002,0.120298624,0.76275474,-0.7700298,0.024997234,0.63751805,0.05762583,-0.99242294,0.10851681
1356523249706,0.6087804,0.14485988,0.7800013,-0.7902746,0.024401143,0.6122668,0.06966001,-0.98915124,0.12933403
1356523249745,0.5620096,0.15934917,0.8116361,-0.8227941,0.0073538125,0.5682921,0.08458823,-0.98719496,0.13524444
1356523249785,0.49144474,0.16195574,0.85571754,-0.86490357,-0.024426848,0.5013434,0.1020979,-0.9864957,0.1280716
1356523249828,0.3923969,0.15154696,0.9072255,-0.91200864,-0.063970715,0.40515164,0.11943543,-0.98637784,0.113110304
1356523249865,0.2675074,0.13007647,0.95473546,-0.95444983,-0.100127965,0.2810692,0.1321562,-0.9864353,0.09736648
1356523249938,0.13205618,0.101192534,0.9860635,-0.9819463,-0.12256342,0.14408264,0.13543531,-0.98728836,0.08318031
1356523249951,0.006935358,0.075419426,0.9971278,-0.99123573,-0.13103175,0.016805172,0.13192281,-0.98850524,0.07384965
1356523249993,-0.07600111,0.060672462,0.9952601,-0.9896173,-0.12670678,-0.067846,0.121989846,-0.9900829,0.069672346
1356523250037,-0.10641414,0.06001216,0.99250925,-0.988512,-0.11413318,-0.09908444,0.10733199,-0.99165124,0.071468145
1356523250080,-0.083964825,0.07237628,0.99383676,-0.9924747,-0.0952819,-0.07691082,0.08912817,-0.9928156,0.07983202
1356523250121,-0.014962316,0.092044175,0.99564254,-0.9975979,-0.068730295,-0.008637786,0.067635804,-0.99338007,0.09285146
1356523250159,0.08264357,0.106849015,0.99083465,-0.9957015,-0.03286475,0.08659354,0.041815937,-0.993732,0.10367367
1356523250205,0.17926714,0.09833717,0.9788734,-0.98375225,0.008071691,0.17934975,0.009735584,-0.9951204,0.09818643
1356523250235,0.25072047,0.053117275,0.9666012,-0.9676273,0.043587953,0.24859142,-0.028927743,-0.99763656,0.062326044
1356523250275,0.2787068,-0.03315845,0.95980364,-0.9575139,0.06750834,0.2803741,-0.074091494,-0.9971675,-0.012934685
1356523250319,0.27849483,-0.1415717,0.9499464,-0.95282775,0.0835368,0.29178917,-0.1206646,-0.986397,-0.11162886
1356523250359,0.27902776,-0.23843202,0.9302116,-0.9470357,0.09202112,0.30766124,-0.1589554,-0.96678966,-0.20012718
1356523250398,0.3056653,-0.29861906,0.9040992,-0.93481743,0.08617626,0.3445143,-0.18079042,-0.9504737,-0.25281316
1356523250440,0.36390066,-0.3163174,0.87608194,-0.91295207,0.06532954,0.4028033,-0.18464768,-0.94640124,-0.26500914
1356523250489,0.45549363,-0.28556752,0.84319437,-0.8741027,0.03605497,0.4844011,-0.16873059,-0.9576801,-0.23319253
1356523250522,0.5412963,-0.23200932,0.80818933,-0.82837856,0.017667338,0.5598901,-0.14417827,-0.9725531,-0.18262827
1356523250565,0.606436,-0.17046458,0.7766449,-0.786619,0.0139296055,0.61728156,-0.11604303,-0.9852654,-0.12564328
1356523250608,0.6486897,-0.108469486,0.7532835,-0.75609624,0.020929933,0.6541257,-0.08671883,-0.99387944,-0.068436325
1356523250649,0.6685414,-0.050779164,0.7419393,-0.74140453,0.03238897,0.6702763,-0.058066696,-0.99818456,-0.015994534
1356523250690,0.66781247,1.03741884E-4,0.7443296,-0.7437061,0.041014463,0.66724735,-0.030459076,-0.99915856,0.027467102
1356523250728,0.6445511,0.04180038,0.7634177,-0.7645528,0.039937213,0.6433227,-0.0035976768,-0.9983275,0.057700172
1356523250770,0.5981055,0.07248989,0.7981322,-0.80104554,0.023739219,0.59813255,0.02441153,-0.9970866,0.072266266
1356523250809,0.52184165,0.09021896,0.84825814,-0.8514043,-0.0065105855,0.5244695,0.052839756,-0.99590063,0.07341531
1356523250851,0.41189688,0.09274876,0.9064981,-0.9078164,-0.04426658,0.4170251,0.07880607,-0.9947051,0.06596556
1356523250888,0.26925656,0.081973284,0.9595735,-0.9582056,-0.077198714,0.27546754,0.096658826,-0.9936402,0.057760984
1356523250931,0.11926836,0.06473023,0.9907497,-0.98751324,-0.0957064,0.1251317,0.10292086,-0.9933027,0.052507162
1356523250969,-0.008349836,0.050590813,0.9986845,-0.99507326,-0.09908724,-0.0033001304,0.09878993,-0.9937918,0.05116898
1356523251008,-0.088651836,0.047039777,0.9949513,-0.9924326,-0.08937353,-0.08420196,0.084961474,-0.99488676,0.054606915
1356523251043,-0.11167002,0.055415034,0.99219906,-0.9915916,-0.07191312,-0.10758522,0.06539026,-0.99587035,0.06297961
1356523251089,-0.08096224,0.073960185,0.9939693,-0.995878,-0.04691744,-0.077626556,0.040893167,-0.99615693,0.07745379
1356523251129,-0.0034527183,0.095160216,0.995456,-0.99990594,-0.013537228,-0.0021740794,0.013268828,-0.9953699,0.095198005
1356523251170,0.0945985,0.10643077,0.9898099,-0.9953457,0.028474063,0.09206584,-0.018385291,-0.99391234,0.10862899
1356523251209,0.18976697,0.0934214,0.97737455,-0.9803955,0.07180467,0.18349016,-0.05303815,-0.993034,0.105216086
1356523251261,0.23320594,0.034872025,0.971802,-0.96786296,0.10503802,0.22849154,-0.09410825,-0.99385667,0.05824679
1356523251290,0.25311127,-0.056376874,0.9657931,-0.95758384,0.12751731,0.25840348,-0.13772327,-0.99023277,-0.021709472
1356523251328,0.23653,-0.16797191,0.9569948,-0.9548927,0.14181149,0.2609012,-0.17953694,-0.97553825,-0.12685245
1356523251372,0.21720572,-0.2714431,0.9376248,-0.953303,0.14750971,0.26354185,-0.2098454,-0.9510834,-0.22672755
1356523251409,0.23054202,-0.33976907,0.9118154,-0.94717187,0.13636263,0.2902942,-0.22297058,-0.93057096,-0.2903824
1356523251450,0.28463817,-0.3639151,0.8868748,-0.9333322,0.105951265,0.34302393,-0.21879706,-0.92538655,-0.30949587
1356523251489,0.36282855,-0.35384557,0.8620608,-0.9090706,0.06891763,0.41090262,-0.20480731,-0.9327613,-0.29666537
1356523251530,0.4537593,-0.31256157,0.83451056,-0.8722469,0.035948947,0.4877428,-0.18244949,-0.9492171,-0.25631875
1356523251569,0.5312634,-0.25693515,0.8073063,-0.83260334,0.017822742,0.5535829,-0.15662333,-0.96626425,-0.20445651
1356523251610,0.594995,-0.19031933,0.780871,-0.7936739,0.014074571,0.6081807,-0.12673897,-0.9816213,-0.14267719
1356523251649,0.63197327,-0.1253359,0.764788,-0.76884496,0.02263084,0.6390345,-0.09740174,-0.9918562,-0.0820618
1356523251690,0.6497183,-0.064044595,0.7574724,-0.75703317,0.035989106,0.6523845,-0.069042474,-0.9972979,-0.02510111
1356523251729,0.6404354,-0.012250453,0.7679143,-0.7667613,0.04684104,0.640221,-0.04381284,-0.9988272,0.02060552
1356523251770,0.6095369,0.027859509,0.79226804,-0.7924869,0.047532946,0.60803384,-0.02071935,-0.9984811,0.05105135
1356523251809,0.5492817,0.055047214,0.83382213,-0.83563703,0.035447836,0.54813707,6.162226E-4,-0.99785435,0.06547034
1356523251848,0.45591006,0.06847817,0.88738763,-0.88981897,0.013571233,0.45611194,0.019190729,-0.9975604,0.06712042
1356523251891,0.32925656,0.06956136,0.9416747,-0.9436991,-0.009521097,0.3306677,0.03196755,-0.9975321,0.06251016
1356523251928,0.18427745,0.06227833,0.9808992,-0.9821994,-0.025308043,0.18612853,0.03641644,-0.9977379,0.056506068
1356523251968,0.04743433,0.053385794,0.9974467,-0.998342,-0.030063987,0.049086064,0.032607734,-0.99812126,0.05187121
1356523252014,-0.054658175,0.049031556,0.9973006,-0.9982514,-0.02519989,-0.053471386,0.022510082,-0.9984793,0.050323218
1356523252049,-0.10699493,0.052607477,0.9928669,-0.99422735,-0.013700128,-0.10641566,0.008004218,-0.9985213,0.053769648
1356523252088,-0.10491252,0.06404024,0.99241734,-0.99443644,0.002736926,-0.10530263,-0.009459823,-0.9979436,0.06339681
1356523252129,-0.05305636,0.079883575,0.99539125,-0.9981426,0.025644422,-0.055261075,-0.029940635,-0.9964743,0.078374624
1356523252168,0.034885824,0.09076458,0.9952612,-0.9979318,0.05696577,0.029784352,-0.05399251,-0.99424183,0.092564106
1356523252210,0.13127708,0.08308631,0.98785776,-0.98792475,0.09367639,0.123407006,-0.082285464,-0.9921297,0.09438065
1356523252248,0.20555422,0.044952214,0.97761273,-0.9718079,0.12725624,0.19848219,-0.11548504,-0.9908507,0.069843054
1356523252289,0.24302977,-0.026902914,0.9696456,-0.9578121,0.15142798,0.2442652,-0.1534029,-0.9881021,0.011033624
1356523252329,0.25032035,-0.12126607,0.9605385,-0.94872993,0.1670582,0.26833376,-0.19300559,-0.978461,-0.073230684
1356523252369,0.25396958,-0.21234623,0.9436146,-0.94021106,0.17470971,0.29236925,-0.22694215,-0.96144974,-0.15527928
1356523252409,0.27976477,-0.27636442,0.91943145,-0.9273994,0.16990598,0.33325988,-0.24831805,-0.9459147,-0.20876652
1356523252449,0.3351887,-0.30451614,0.891582,-0.906861,0.15229642,0.39294893,-0.25544396,-0.94025296,-0.2251057
1356523252489,0.4099383,-0.30031806,0.8612547,-0.87696415,0.12982759,0.46268633,-0.2507677,-0.9449624,-0.2101469
1356523252529,0.48907948,-0.27106065,0.8290521,-0.83948964,0.111724906,0.53176564,-0.23676649,-0.9560563,-0.17291027
1356523252568,0.5579783,-0.22690919,0.7982308,-0.8012352,0.10313079,0.58939487,-0.2160613,-0.9684401,-0.12426287
1356523252610,0.6121257,-0.17379108,0.77142644,-0.7677069,0.1032328,0.6324311,-0.18954736,-0.9793567,-0.07022917
1356523252649,0.64644796,-0.11887941,0.7536397,-0.7459692,0.10880762,0.65703183,-0.16010931,-0.9869289,-0.018341914
1356523252689,0.6621539,-0.06624797,0.74643385,-0.7381364,0.11415003,0.6649245,-0.12925538,-0.9912523,0.02668482
1356523252729,0.6578477,-0.018939257,0.7529128,-0.7467521,0.11363427,0.6553232,-0.09796804,-0.9933421,0.0606111
1356523252769,0.6314113,0.020777017,0.77516973,-0.7725829,0.102709725,0.6265513,-0.06659958,-0.9944943,0.08090405
1356523252807,0.57891154,0.050672323,0.81381434,-0.814592,0.08009766,0.5744775,-0.03607452,-0.99549824,0.08764674
1356523252847,0.4939823,0.0685637,0.8667644,-0.8694217,0.049672037,0.49156758,-0.00935033,-0.9964094,0.08414787
1356523252888,0.37346947,0.07405272,0.92468196,-0.92759347,0.019565225,0.37307853,0.009535909,-0.9970624,0.07599783
1356523252926,0.22866899,0.07025838,0.9709656,-0.9733341,-0.0021486878,0.22938228,0.018202335,-0.9975265,0.067893505
1356523252968,0.087669194,0.06389904,0.99409807,-0.99600434,-0.011419475,0.08857137,0.017011732,-0.997891,0.062642604
1356523253024,-0.018401682,0.06168917,0.99792576,-0.99980056,-0.008888185,-0.017886758,0.007766366,-0.9980558,0.061840445
1356523253052,-0.07163179,0.066905886,0.99518454,-0.9974055,0.00234133,-0.071949095,-0.0071438253,-0.9977565,0.06656462
1356523253089,-0.06700069,0.07979137,0.9945573,-0.99739355,0.021396875,-0.068908334,-0.026778758,-0.9965819,0.078149736
1356523253128,-0.008693993,0.094064355,0.9955282,-0.9987825,0.047528625,-0.013213217,-0.04855898,-0.99443096,0.093536586
1356523253167,0.07762274,0.10175896,0.9917761,-0.99426794,0.08126339,0.06947991,-0.07352486,-0.9914844,0.107483596
1356523253210,0.16894022,0.08919242,0.9815823,-0.98031926,0.118414134,0.15796298,-0.10214409,-0.9889503,0.10744196
1356523253251,0.23010066,0.042826235,0.9722241,-0.96375424,0.14864084,0.2215485,-0.13502419,-0.9879635,0.07547632
1356523253288,0.2577713,-0.035999656,0.96553504,-0.9512088,0.16592944,0.26013324,-0.16957542,-0.9854803,0.00852865
1356523253327,0.250471,-0.13791355,0.9582505,-0.9468323,0.17154789,0.27217597,-0.20192257,-0.9754748,-0.087613225
1356523253387,0.24644123,-0.23374003,0.940549,-0.9425799,0.1679117,0.28870195,-0.22541037,-0.95769066,-0.17893833
1356523253406,0.27167636,-0.29879642,0.9148293,-0.9330896,0.15098865,0.3264142,-0.23566025,-0.94229674,-0.23778379
1356523253445,0.3329873,-0.32550734,0.8849658,-0.9136254,0.12078841,0.38819942,-0.2332553,-0.93779266,-0.25717074
1356523253482,0.4184746,-0.31690624,0.851146,-0.8809799,0.08619626,0.46523613,-0.22080186,-0.944532,-0.2431171
1356523253527,0.51419246,-0.27763525,0.8114954,-0.83418596,0.058025688,0.5484221,-0.19934884,-0.9589325,-0.201763
1356523253596,0.59223443,-0.22776899,0.77290344,-0.7865695,0.044708014,0.6158812,-0.17483369,-0.9726883,-0.15267855
1356523253608,0.65259147,-0.17204005,0.7379204,-0.7433001,0.0436728,0.667531,-0.14706913,-0.9841213,-0.0993769
1356523253691,0.6919108,-0.11638084,0.7125411,-0.7122874,0.051161014,0.70002073,-0.11792329,-0.9918861,-0.047497734
1356523253694,0.71097755,-0.065134466,0.7001917,-0.6975126,0.061222278,0.7139523,-0.08937025,-0.9959966,-0.0019044429
1356523253734,0.7094371,-0.021836162,0.70443046,-0.7019524,0.06737512,0.7090299,-0.06294358,-0.99748874,0.03247045
1356523253765,0.6848167,0.011249095,0.7286285,-0.72764266,0.06478797,0.68288994,-0.039524466,-0.99783564,0.052553207
1356523253820,0.6365938,0.03254658,0.77051216,-0.7709978,0.049691632,0.63489604,-0.017624259,-0.99823415,0.05672674
1356523253849,0.55721503,0.04333216,0.82923687,-0.8303655,0.026497066,0.55658877,0.0021458268,-0.9987093,0.05074607
1356523253905,0.44784063,0.04382083,0.893039,-0.8939382,0.002166748,0.44818527,0.017704815,-0.9990371,0.04014343
1356523253934,0.31370336,0.03744322,0.9487825,-0.94917727,-0.014520228,0.3144069,0.025548935,-0.9991933,0.030985206
1356523253976,0.18022281,0.030018598,0.98316765,-0.98334384,-0.018435359,0.18081802,0.023552895,-0.99937934,0.026196092
1356523254003,0.076043814,0.02738303,0.9967284,-0.99699813,-0.0125131905,0.07640821,0.014564484,-0.9995467,0.026349187
1356523254047,0.021255434,0.03283578,0.99923474,-0.9997739,0.0013335347,0.021223068,-6.3562393E-4,-0.99945986,0.032856703
1356523254088,0.024034262,0.044112653,0.99873734,-0.999547,0.01915896,0.023207486,-0.01811099,-0.9988428,0.04455319
1356523254128,0.07353786,0.058914036,0.99555075,-0.9965662,0.042430192,0.07110196,-0.03805247,-0.9973609,0.06183195
1356523254167,0.15835887,0.06908858,0.9849615,-0.9855269,0.072173834,0.15338719,-0.060491085,-0.9949963,0.07951802
1356523254208,0.2478618,0.062322438,0.96678877,-0.96496636,0.10451919,0.24065697,-0.086049676,-0.99256825,0.086045355
1356523254249,0.3142378,0.026463538,0.9489754,-0.9423945,0.12942848,0.30844933,-0.11466175,-0.99123555,0.06561041
1356523254288,0.3444205,-0.043777674,0.9377943,-0.9275371,0.13850456,0.34711897,-0.14508489,-0.98939383,0.0070984066
1356523254327,0.34287953,-0.14101616,0.92873466,-0.922856,0.13405275,0.3610633,-0.17541519,-0.9808895,-0.08417368
1356523254369,0.33016884,-0.2422967,0.9122944,-0.9218168,0.1251716,0.36685956,-0.20308223,-0.96209383,-0.1820254
1356523254418,0.33384657,-0.31990427,0.8866836,-0.9153884,0.11447112,0.385954,-0.22496799,-0.9405092,-0.25462085
1356523254458,0.37578762,-0.35891926,0.8543774,-0.8960831,0.09431219,0.43375143,-0.23625997,-0.9285915,-0.28618014
1356523254502,0.4449588,-0.35684592,0.82138455,-0.8638459,0.070863426,0.49874708,-0.23618194,-0.9314716,-0.27672857
1356523254538,0.5198351,-0.32869038,0.78850126,-0.8232355,0.053768545,0.565148,-0.22815529,-0.9429059,-0.2426388
1356523254578,0.59277195,-0.28028235,0.75502527,-0.77681255,0.04845526,0.6278648,-0.21256432,-0.9586938,-0.18900388
1356523254618,0.65151757,-0.22317204,0.7250649,-0.7339597,0.056342237,0.6768521,-0.19190624,-0.9731494,-0.12709135
1356523254657,0.69395995,-0.16351676,0.70120025,-0.7002451,0.07336441,0.7101228,-0.16756013,-0.9838089,-0.063589856
1356523254698,0.7184196,-0.10637179,0.6874288,-0.68107295,0.09341496,0.7262322,-0.14146674,-0.9899286,-0.005335808
1356523254737,0.72445667,-0.0553748,0.68709254,-0.6796344,0.109130025,0.72538805,-0.11515066,-0.992484,0.041425347
1356523254778,0.7109087,-0.012685984,0.7031698,-0.697634,0.11376523,0.70736426,-0.08896986,-0.9934266,0.07202655
1356523254817,0.67516655,0.020484716,0.73738086,-0.7350161,0.10332529,0.6701308,-0.062462687,-0.9944367,0.08481835
1356523254859,0.6116212,0.04310718,0.7899755,-0.7902938,0.079751596,0.6075157,-0.036813468,-0.99588215,0.08284514
1356523254898,0.51363164,0.053741008,0.85632616,-0.8578664,0.050474048,0.51138794,-0.015739799,-0.99727845,0.07202764
1356523254940,0.37930793,0.05376017,0.92370737,-0.92526245,0.026193738,0.378422,-0.0038512945,-0.9982102,0.05967778
1356523254979,0.22740549,0.0468978,0.9726702,-0.97379375,0.014587879,0.22696477,-0.0035450757,-0.9987932,0.048986137
1356523255019,0.08983931,0.04095736,0.9951138,-0.99589515,0.014770597,0.089301914,-0.011040866,-0.9990517,0.042116165
1356523255057,-0.0028616786,0.040971607,0.9991562,-0.9996779,0.025077343,-0.0038915277,-0.025215566,-0.9988455,0.0408867
1356523255098,-0.03589332,0.04681316,0.9982586,-0.99848974,0.03989452,-0.037772417,-0.041593403,-0.9981067,0.045310438
1356523255137,-0.016003668,0.05784905,0.9981971,-0.99803567,0.059551537,-0.019452304,-0.060569525,-0.9965476,0.056782365
1356523255178,0.051193833,0.067815155,0.99638367,-0.9953424,0.085070014,0.045350343,-0.08168697,-0.99406457,0.07185432
1356523255218,0.13740295,0.06628084,0.9882951,-0.9848857,0.11536771,0.12919173,-0.105454415,-0.991109,0.08113086
1356523255259,0.21584839,0.04148075,0.9755454,-0.96766627,0.14262164,0.20804071,-0.13050416,-0.9889077,0.07092425
1356523255299,0.24978268,-0.018699914,0.9681213,-0.95567966,0.15614676,0.24958873,-0.15583631,-0.9875568,0.021131665
1356523255338,0.25130597,-0.10818398,0.9618428,-0.9511914,0.15628472,0.2661013,-0.17910925,-0.9817695,-0.063628435
1356523255378,0.22545029,-0.21313474,0.95065546,-0.95384884,0.15037669,0.2599217,-0.19835481,-0.965381,-0.1693958
1356523255418,0.21492927,-0.3009574,0.9291017,-0.95340216,0.14158909,0.2664146,-0.2117301,-0.9430679,-0.2565018
1356523255458,0.2409012,-0.35119268,0.90478194,-0.9455924,0.12512037,0.30033287,-0.21868137,-0.92790544,-0.30194354
1356523255497,0.30049568,-0.3643894,0.8814321,-0.92803216,0.10158844,0.35837963,-0.220133,-0.925689,-0.30763817
1356523255561,0.38683057,-0.33999455,0.8571848,-0.8965894,0.07867436,0.4358185,-0.21561438,-0.93713075,-0.27440187
1356523255628,0.48331025,-0.28374448,0.8281909,-0.85143983,0.06768355,0.5200665,-0.20362088,-0.95650816,-0.20887917
1356523255634,0.55126274,-0.2252304,0.8033558,-0.81272095,0.07276992,0.5780909,-0.18866375,-0.9715841,-0.14293411
1356523255681,0.59648883,-0.1711955,0.78415126,-0.78388816,0.0855897,0.6149746,-0.17239618,-0.9815123,-0.08314484
1356523255726,0.63221323,-0.11496788,0.7662171,-0.75998133,0.10043517,0.6421379,-0.15078041,-0.98827887,-0.02387701
1356523255784,0.6464369,-0.0613271,0.76049864,-0.75241804,0.113939464,0.64875644,-0.12643716,-0.99159306,0.027511075
1356523255794,0.6432607,-0.013547212,0.76552737,-0.7591281,0.11891231,0.6399878,-0.09970066,-0.9928123,0.06620754
1356523255826,0.6190977,0.025405884,0.7849029,-0.78204656,0.11102295,0.61325115,-0.07156199,-0.993493,0.08860266
1356523255889,0.5692576,0.05246535,0.82048345,-0.82097733,0.08976455,0.5638603,-0.044067174,-0.99458015,0.094172046
1356523255933,0.48406178,0.064091235,0.8726835,-0.87474895,0.06088859,0.4807357,-0.022325575,-0.9960848,0.08553755
1356523255960,0.35870418,0.06497112,0.9311875,-0.9333687,0.03824106,0.35687622,-0.012423009,-0.9971541,0.07435921
1356523256078,0.2205396,0.059461296,0.97356385,-0.9752359,0.030481309,0.21905667,-0.01665008,-0.9977651,0.06471115
1356523256080,0.09837976,0.055413395,0.99360496,-0.99468136,0.036081523,0.09647411,-0.030504882,-0.9978114,0.058668315
1356523256081,0.014862031,0.056384146,0.9982985,-0.99859387,0.05164686,0.01194936,-0.05088523,-0.9970724,0.05707246
1356523256104,-0.019667387,0.06348348,0.99778914,-0.99684286,0.075540125,-0.024454862,-0.076925635,-0.9951199,0.06179732
1356523256150,-5.623102E-4,0.07332921,0.99730766,-0.99446,0.10478985,-0.0082656145,-0.105113894,-0.9917872,0.072864056
1356523256189,0.05989507,0.07947034,0.99503624,-0.989278,0.13773933,0.048547655,-0.13319758,-0.98727524,0.08686814
1356523256229,0.13706434,0.07422316,0.9877775,-0.9772991,0.17276824,0.12262827,-0.16155472,-0.98216194,0.096218556
1356523256265,0.2071729,0.045619965,0.9772401,-0.959651,0.20361164,0.193939,-0.19012997,-0.97798836,0.08596209
1356523256309,0.2456665,-0.015285403,0.9692339,-0.9444208,0.22154641,0.24287122,-0.21844268,-0.97503,0.039990693
1356523256348,0.25358433,-0.10260376,0.96185625,-0.9357432,0.22594422,0.27080193,-0.24511114,-0.9687216,-0.038714886
1356523256390,0.24184032,-0.19968143,0.9495476,-0.9327525,0.22180869,0.2842072,-0.26736885,-0.9544256,-0.1326111
1356523256428,0.24366069,-0.28090796,0.9282888,-0.92827547,0.20971894,0.30711994,-0.2809522,-0.93654084,-0.2096597
1356523256470,0.27549803,-0.33059886,0.9026656,-0.91833067,0.18709707,0.3488029,-0.28419995,-0.92504,-0.2520542
1356523256508,0.33428562,-0.34781066,0.8759457,-0.90010643,0.15770417,0.40612546,-0.27939507,-0.92420626,-0.26034838
1356523256552,0.41005433,-0.33507338,0.84828144,-0.87191045,0.12890416,0.472394,-0.26763374,-0.93333256,-0.23929629
1356523256591,0.48208442,-0.3043174,0.821575,-0.8393622,0.10836586,0.5326612,-0.25112873,-0.9463867,-0.20319107
1356523256630,0.5462413,-0.2596836,0.7963573,-0.8058138,0.0966177,0.5842338,-0.22865811,-0.9608483,-0.15648004
1356523256668,0.59373766,-0.20921016,0.77698565,-0.77876437,0.093587935,0.6202962,-0.20248875,-0.97338194,-0.107358724
1356523256710,0.6266954,-0.15572768,0.7635456,-0.75980234,0.095504016,0.64310145,-0.17307043,-0.9831724,-0.05847034
1356523256749,0.63879627,-0.10577953,0.7620695,-0.7557386,0.09939625,0.6472863,-0.14421648,-0.98940945,-0.016447693
1356523256789,0.6340349,-0.061904162,0.7708227,-0.7645949,0.0989981,0.63686264,-0.11573446,-0.99316025,0.015436634
1356523256829,0.6070573,-0.025569707,0.79424655,-0.78979635,0.090975896,0.6065848,-0.08776751,-0.99552476,0.035032704
1356523256867,0.5559138,0.0021216571,0.8312372,-0.82905805,0.07382277,0.5542679,-0.060188204,-0.99726903,0.042798087
1356523256908,0.4759537,0.020853966,0.8792231,-0.87875235,0.05166316,0.4744735,-0.03552881,-0.9984468,0.04291475
1356523256948,0.36764354,0.030948669,0.9294517,-0.9297893,0.0317564,0.36671972,-0.018166572,-0.9990164,0.04045075
1356523256988,0.23976421,0.03499171,0.9702003,-0.970762,0.020562768,0.2391614,-0.011581302,-0.999176,0.038898855
1356523257027,0.11826125,0.03674075,0.9923026,-0.9928255,0.022143155,0.11750373,-0.017655551,-0.99907947,0.03909588
1356523257069,0.027061015,0.04041159,0.9988166,-0.999092,0.033985406,0.025693387,-0.03290692,-0.9986049,0.041294575
1356523257111,-0.017358541,0.048241407,0.9986849,-0.99832094,0.054371655,-0.019978613,-0.055263966,-0.99735475,0.047216594
1356523257148,-0.008409172,0.058083296,0.99827635,-0.9967817,0.079102844,-0.012999117,-0.07972157,-0.9951729,0.057231188
1356523257197,0.045000166,0.0687246,0.9966203,-0.993091,0.11130622,0.037165374,-0.10837591,-0.99140704,0.07325855
1356523257237,0.13844576,0.06725037,0.9880841,-0.98023486,0.1516737,0.1270228,-0.14132401,-0.9861402,0.086919755
1356523257278,0.23780864,0.040659487,0.9704606,-0.9549908,0.19217628,0.22596616,-0.17731184,-0.9805177,0.08453062
1356523257317,0.2984418,-0.017694533,0.9542639,-0.92936903,0.22221634,0.29477653,-0.21726897,-0.9748368,0.04987386
1356523257358,0.31205678,-0.10935852,0.9437485,-0.91371083,0.2376089,0.3296579,-0.26029393,-0.9651853,-0.025774598
1356523257402,0.28950644,-0.22145414,0.93120575,-0.9084542,0.24286257,0.34018937,-0.30149138,-0.9444448,-0.1308707
1356523257438,0.26846653,-0.32188994,0.9079166,-0.9041274,0.2410167,0.35279533,-0.3323843,-0.915586,-0.22632456
1356523257478,0.2702699,-0.3904889,0.88004124,-0.89726233,0.22928044,0.37729415,-0.3491054,-0.89159906,-0.28840333
1356523257519,0.3048898,-0.4222342,0.85367465,-0.8849913,0.20558876,0.41776037,-0.35189864,-0.88286555,-0.3109917
1356523257568,0.3825137,-0.40918326,0.82840353,-0.8601004,0.16981721,0.48102963,-0.33750647,-0.8965106,-0.28698128
1356523257609,0.4565205,-0.37601185,0.8063524,-0.8313886,0.14245254,0.53712225,-0.31683126,-0.91559947,-0.24757943
1356523257647,0.5238605,-0.32842582,0.78594315,-0.80088335,0.124327004,0.5857718,-0.29009652,-0.9363115,-0.19790074
1356523257688,0.576804,-0.27254426,0.7700758,-0.77471733,0.11644574,0.62149286,-0.25905633,-0.9550706,-0.14397836
1356523257727,0.6124633,-0.2138634,0.7610198,-0.75752354,0.11636984,0.642352,-0.22593534,-0.9699074,-0.0907343
1356523257768,0.62851447,-0.15768126,0.761647,-0.7534008,0.11991424,0.64653516,-0.19327876,-0.9801822,-0.043429345
1356523257810,0.6235344,-0.10785651,0.77432024,-0.7648188,0.12113035,0.63275564,-0.16204053,-0.98675954,-0.006961763
1356523257874,0.59071136,-0.06712645,0.80408585,-0.7957025,0.116856754,0.5943081,-0.13385668,-0.9908777,0.01561591
1356523257894,0.52959347,-0.03844118,0.84738016,-0.8416017,0.10103004,0.5305654,-0.10600647,-0.9941405,0.021152645
1356523257952,0.41894913,-0.016195238,0.90786517,-0.90410256,0.08521277,0.41873288,-0.08414313,-0.9962311,0.021057695
1356523257972,0.28660733,-4.3550134E-4,0.958048,-0.9554639,0.07326889,0.28586757,-0.07031953,-0.99731207,0.020583361
1356523258047,0.1510235,0.012023687,0.9884571,-0.98628044,0.06925577,0.14984858,-0.06665465,-0.9975265,0.022317976
1356523258053,0.03210032,0.02413857,0.9991931,-0.9969034,0.072573304,0.030273467,-0.07178393,-0.9970709,0.026393533
1356523258093,-0.04924816,0.037461907,0.9980837,-0.99520886,0.08266497,-0.05220911,-0.084462374,-0.995873,0.03321141
1356523258131,-0.08234501,0.051177055,0.99528897,-0.99144554,0.09727144,-0.08702871,-0.10126701,-0.9939412,0.042729497
1356523258176,-0.064727604,0.066117436,0.9957102,-0.9901819,0.119627535,-0.07231176,-0.12389547,-0.9906148,0.057725072
1356523258215,0.006347567,0.07412848,0.9972284,-0.98889565,0.1485354,-0.0047468245,-0.1484755,-0.98612475,0.074248195
1356523258254,0.09693307,0.07100192,0.99275506,-0.97972476,0.18252546,0.082606524,-0.17533779,-0.980634,0.08725512
1356523258291,0.18155366,0.048585385,0.9821801,-0.9616804,0.21743721,0.16700843,-0.2054483,-0.97486436,0.08620015
1356523258335,0.2336435,-0.004049957,0.97231394,-0.94229037,0.24567136,0.22745228,-0.23979086,-0.96934474,0.053583294
1356523258373,0.25591993,-0.08439368,0.96300715,-0.9265141,0.2628191,0.2692542,-0.27582008,-0.9611472,-0.010931313
1356523258413,0.24947315,-0.17861342,0.95176697,-0.9174495,0.2709527,0.29132637,-0.3099186,-0.94587624,-0.09627336
1356523258452,0.23867837,-0.26629263,0.93387413,-0.9112206,0.27104792,0.3101775,-0.33572266,-0.924998,-0.17795807
1356523258491,0.25183213,-0.32842115,0.91034067,-0.9029691,0.25868356,0.34311748,-0.3481772,-0.90841746,-0.23140931
1356523258532,0.29565263,-0.35770047,0.88579905,-0.89029706,0.23301405,0.39124888,-0.34635353,-0.904298,-0.2495684
1356523258573,0.3583124,-0.3595307,0.8615973,-0.8717238,0.20154926,0.446627,-0.3342304,-0.9111068,-0.24119383
1356523258612,0.42883748,-0.33868757,0.8374898,-0.8473371,0.17064732,0.50289094,-0.31323832,-0.92529464,-0.2138026
1356523258653,0.49322325,-0.30299613,0.81542885,-0.8215364,0.14596522,0.5511551,-0.2860221,-0.94174707,-0.17692897
1356523258691,0.54208165,-0.26063284,0.79888546,-0.8003248,0.1296955,0.5853709,-0.25617874,-0.95668674,-0.1382854
1356523258733,0.5754374,-0.21528676,0.7890016,-0.7864593,0.119034916,0.6060631,-0.22439614,-0.96926904,-0.10081717
1356523258772,0.5865863,-0.17198986,0.7914139,-0.78656465,0.11183613,0.6072963,-0.19295749,-0.9787299,-0.06967962
1356523258812,0.5768114,-0.13371286,0.80585945,-0.80077124,0.102376476,0.5901563,-0.16141254,-0.985718,-0.048021495
1356523258853,0.5419145,-0.1020422,0.83421576,-0.83041424,0.08780016,0.5501848,-0.12938634,-0.99089783,-0.03715712
1356523258892,0.4765008,-0.077739865,0.8757303,-0.87350094,0.07111263,0.48160058,-0.099715024,-0.9944343,-0.034020603
1356523258932,0.38281834,-0.06117621,0.92179585,-0.9206728,0.0570755,0.3861399,-0.07623458,-0.9964938,-0.034473747
1356523258976,0.26641172,-0.05060208,0.96253,-0.9617367,0.052281737,0.2689407,-0.063931674,-0.9973495,-0.03473741
1356523259069,0.14685038,-0.041838557,0.98827344,-0.98689353,0.061378926,0.14924374,-0.06690329,-0.9972372,-0.03227666
1356523259071,0.05242327,-0.031315118,0.99813384,-0.9954617,0.07785359,0.054725498,-0.07942206,-0.99647284,-0.027091622
1356523259102,0.0044442415,-0.019957095,0.9997909,-0.99532795,0.09634304,0.0063475072,-0.096449584,-0.99514806,-0.019435644
1356523259142,0.0030550957,-0.0083428025,0.9999605,-0.9929666,0.11832619,0.0040208995,-0.118355095,-0.9929397,-0.007922649
1356523259182,0.045902222,-0.0012721717,0.99894506,-0.98852,0.14404175,0.045606613,-0.14394778,-0.98957074,0.0053542852
1356523259223,0.11119592,-0.005681306,0.99378216,-0.97861385,0.173513,0.11049062,-0.17306182,-0.9848152,0.013734162
1356523259264,0.17217192,-0.030717254,0.9845879,-0.96351796,0.2026684,0.17481035,-0.20491457,-0.97876555,0.005297184
1356523259311,0.19511256,-0.08925474,0.97671115,-0.95124173,0.2253432,0.21061715,-0.23889384,-0.9701824,-0.040935516
1356523259354,0.20098823,-0.17085308,0.96457916,-0.94163054,0.23776996,0.23832199,-0.27006596,-0.9561771,-0.11309153
1356523259392,0.18979284,-0.25575757,0.9479276,-0.9365171,0.24274531,0.25300267,-0.29481232,-0.9357686,-0.19345003
1356523259433,0.18827581,-0.3234972,0.9273088,-0.93212044,0.23855627,0.27247447,-0.30936003,-0.9156639,-0.25662398
1356523259473,0.21730594,-0.36170956,0.90661144,-0.9244046,0.22200589,0.3101442,-0.3134552,-0.90547204,-0.2861228
1356523259513,0.2822498,-0.36553,0.886974,-0.9087151,0.19450974,0.3693274,-0.3075253,-0.91024923,-0.27726233
1356523259551,0.36320278,-0.34440455,0.8657189,-0.8836571,0.16721639,0.4372514,-0.2953537,-0.9238096,-0.24360204
1356523259591,0.44798228,-0.304643,0.84053826,-0.849682,0.14739314,0.5062765,-0.27812314,-0.9409931,-0.19282016
1356523259634,0.52188367,-0.25598374,0.8137013,-0.8131347,0.1389766,0.5652411,-0.25777802,-0.9566388,-0.13561964
1356523259675,0.576479,-0.20716584,0.790414,-0.78222764,0.13970822,0.60712564,-0.23620304,-0.9682789,-0.081511974
1356523259716,0.61058235,-0.16264474,0.77507156,-0.76246226,0.14385986,0.63083726,-0.21410406,-0.9761409,-0.03617218
1356523259755,0.6243302,-0.12394878,0.7712642,-0.7574061,0.14557934,0.63650805,-0.19117454,-0.98155147,-0.0029899776
1356523259796,0.6172832,-0.09115496,0.7814424,-0.76886344,0.14064568,0.623753,-0.16676465,-0.9858547,0.016732514
1356523259835,0.5874811,-0.06430638,0.8066788,-0.7968087,0.12807246,0.5905026,-0.1412864,-0.9896778,0.024000257
1356523259876,0.5307104,-0.043478906,0.8464372,-0.839333,0.11179276,0.5319985,-0.11775625,-0.99277985,0.022836328
1356523259915,0.44490445,-0.028503507,0.8951243,-0.8899566,0.09773992,0.44544822,-0.10018626,-0.9948037,0.018117994
1356523259955,0.3359372,-0.017756492,0.941717,-0.9374664,0.09042281,0.3361258,-0.09112111,-0.9957451,0.013730258
1356523260052,0.2245836,-0.008708805,0.97441584,-0.970204,0.09130022,0.22442877,-0.09091884,-0.99578524,0.012055278
1356523260053,0.13771126,0.0010706484,0.99047184,-0.98562956,0.098915845,0.13693106,-0.09782672,-0.99509525,0.0146770775
1356523260072,0.09582019,0.012197465,0.9953239,-0.9892249,0.11236125,0.09385607,-0.11069104,-0.9935925,0.022832483
1356523260114,0.105023235,0.022315472,0.99421936,-0.9861388,0.1314722,0.10121876,-0.12845343,-0.99106866,0.03581381
1356523260156,0.15419018,0.026096761,0.9876965,-0.9763319,0.15746868,0.1482555,-0.15166226,-0.98717916,0.04975918
1356523260199,0.22199202,0.014217526,0.97494483,-0.95844746,0.18690604,0.21550998,-0.17915905,-0.9822749,0.055118382
1356523260237,0.26949456,-0.023450851,0.96271634,-0.93944067,0.21338347,0.26817673,-0.21171674,-0.976687,0.035474986
1356523260285,0.27113858,-0.10133904,0.9571909,-0.9292241,0.23181346,0.28775895,-0.25105095,-0.9674673,-0.03131306
1356523260346,0.26737785,-0.19869679,0.94288313,-0.9187433,0.2424805,0.31163105,-0.29055083,-0.9495908,-0.117717385
1356523260365,0.26373273,-0.28854555,0.9204273,-0.9083659,0.2467378,0.33762676,-0.32452488,-0.92512804,-0.1970321
1356523260405,0.2872516,-0.3518808,0.89087963,-0.8929739,0.23810446,0.38197368,-0.34653163,-0.9052548,-0.24582446
1356523260441,0.34367043,-0.38273537,0.8575572,-0.8696687,0.21486479,0.4444203,-0.35435417,-0.89852476,-0.25901031
1356523260483,0.42369032,-0.3828375,0.8209275,-0.8358588,0.18398058,0.51719534,-0.34903648,-0.90531015,-0.24204731
1356523260526,0.5086038,-0.3600674,0.7820957,-0.7935995,0.15627077,0.58803004,-0.33394912,-0.919745,-0.20626938
1356523260567,0.5832573,-0.3232855,0.7451828,-0.7498088,0.13855022,0.64698577,-0.31240636,-0.9361038,-0.16159183
1356523260605,0.6415309,-0.27887458,0.71460986,-0.71152276,0.13179544,0.6901922,-0.2866594,-0.9512408,-0.11387476
1356523260648,0.68075055,-0.23204261,0.69479126,-0.6851835,0.13370943,0.71599257,-0.2590409,-0.9634719,-0.067968994
1356523260687,0.70067436,-0.18643188,0.6886934,-0.67504,0.13934052,0.72450346,-0.23103344,-0.9725366,-0.028216645
1356523260725,0.70103467,-0.143956,0.69844615,-0.6837244,0.14265528,0.7156608,-0.20266071,-0.9792477,0.0015800744
1356523260777,0.6827814,-0.103511184,0.723253,-0.7110704,0.13333336,0.690363,-0.167894,-0.98565084,0.017433807
1356523260818,0.62178844,-0.06593892,0.78040445,-0.77130485,0.12134594,0.6247911,-0.13589695,-0.99041766,0.024592519
1356523260856,0.5326509,-0.03715667,0.84551907,-0.83918965,0.10635793,0.5333375,-0.10974473,-0.9936335,0.025470167
