1356523884291,-0.8930536,0.16811875,0.41736233,-0.413308,0.06013924,-0.9086032,-0.1778531,-0.9839306,0.01577723
1356523884313,-0.9405355,0.17467788,0.2913429,-0.28941795,0.0369727,-0.9564885,-0.17784911,-0.9839312,0.015780807
1356523884352,-0.94055086,0.17465569,0.2913065,-0.2893877,0.036933124,-0.9564992,-0.17781688,-0.98393667,0.015805721
1356523884398,-0.9406176,0.17457002,0.29114252,-0.2892388,0.036826372,-0.9565484,-0.17770639,-0.9839559,0.015852869
1356523884444,-0.94085133,0.17427675,0.29056218,-0.28866655,0.036700726,-0.956726,-0.17739895,-0.98401254,0.015777946
1356523884478,-0.941333,0.1737909,0.28929013,-0.28737405,0.03665209,-0.9571169,-0.17694129,-0.9841003,0.015441239
1356523884524,-0.942173,0.17290938,0.28707573,-0.2850818,0.0368039,-0.9577964,-0.17617749,-0.9842499,0.014617622
1356523884560,-0.94344735,0.17182219,0.28352082,-0.28145838,0.03677076,-0.9588686,-0.1751802,-0.9844414,0.01366955
1356523884602,-0.94506544,0.17063859,0.2788077,-0.27676228,0.036151826,-0.96025807,-0.17393652,-0.9846702,0.013060451
1356523884641,-0.9469395,0.16964872,0.27299237,-0.27110997,0.034621894,-0.9619255,-0.17264095,-0.9848963,0.013208628
1356523884684,-0.94881535,0.16901541,0.26680207,-0.26527867,0.03195697,-0.96364206,-0.17139652,-0.9850952,0.0145148635
1356523884720,-0.95068806,0.16881473,0.2601801,-0.2591122,0.028718948,-0.9654201,-0.17044924,-0.98522925,0.016439259
1356523884764,-0.9522199,0.16912295,0.25431192,-0.2536869,0.025662541,-0.9669458,-0.17005904,-0.9852608,0.018467963
1356523884800,-0.95324916,0.16998982,0.2498391,-0.24953803,0.02348584,-0.96808016,-0.17043144,-0.98516595,0.020031095
1356523884843,-0.9534216,0.17186265,0.24789174,-0.2477039,0.022885263,-0.9685654,-0.17213328,-0.984855,0.020751774
1356523884878,-0.95286524,0.17424874,0.24836507,-0.24812038,0.023541927,-0.9684431,-0.174597,-0.98442024,0.020802379
1356523884923,-0.95147014,0.1775611,0.25134972,-0.25083047,0.025740921,-0.96768874,-0.17829388,-0.98377305,0.020045936
1356523884960,-0.94946504,0.18104528,0.25639606,-0.2554918,0.028704464,-0.9663851,-0.18231915,-0.98305583,0.019001663
1356523885005,-0.94695795,0.1849023,0.26283392,-0.2614694,0.032173216,-0.96467537,-0.18682691,-0.9822301,0.017879665
1356523885044,-0.9441887,0.18844917,0.27017498,-0.268406,0.035341024,-0.96265733,-0.19096027,-0.98144686,0.017212272
1356523885080,-0.9413303,0.19186433,0.27764234,-0.27567983,0.03739977,-0.96052164,-0.1946736,-0.98070854,0.01768756
1356523885119,-0.9384513,0.19489577,0.28517476,-0.28329885,0.03804177,-0.9582768,-0.19761267,-0.9800859,0.019513428
1356523885162,-0.9355561,0.19788735,0.29253277,-0.29129982,0.03598398,-0.9559548,-0.19969785,-0.9795641,0.023979545
1356523885199,-0.9324746,0.20117047,0.3000357,-0.30002162,0.031302154,-0.9534187,-0.20119146,-0.97905594,0.03116709
1356523885243,-0.9284391,0.20635611,0.30889782,-0.3112479,0.021818697,-0.9500782,-0.20279416,-0.97823364,0.043970704
1356523885279,-0.9233593,0.21369436,0.31897098,-0.32459936,0.009186804,-0.94580704,-0.20504396,-0.97685736,0.06088227
1356523885339,-0.9162435,0.22476962,0.3316272,-0.3420643,-0.008022666,-0.9396423,-0.20854253,-0.97437894,0.084236324
1356523885359,-0.9079335,0.23826028,0.34480256,-0.36127546,-0.027883887,-0.9320421,-0.2124542,-0.970801,0.111394286
1356523885398,-0.8986756,0.2535526,0.35790122,-0.38176116,-0.050393403,-0.92288613,-0.21596432,-0.96600807,0.14208388
1356523885443,-0.8887136,0.27017897,0.3703935,-0.4032479,-0.0762741,-0.9119064,-0.21812648,-0.9597841,0.17673498
1356523885479,-0.87932295,0.28619957,0.38063228,-0.42310488,-0.10266739,-0.9002453,-0.21857129,-0.95265377,0.21137023
1356523885524,-0.8690955,0.30299973,0.39097875,-0.44463044,-0.13219947,-0.8859047,-0.21674174,-0.9437768,0.24961674
1356523885571,-0.856243,0.32266137,0.40340754,-0.47061768,-0.16525024,-0.86672455,-0.21299532,-0.93197757,0.29334444
1356523885608,-0.84123236,0.34402126,0.4171061,-0.49853128,-0.19494289,-0.8446679,-0.20927185,-0.91850245,0.33549762
1356523885650,-0.8224586,0.3689294,0.43295842,-0.5300199,-0.22072762,-0.8187541,-0.2064966,-0.9028679,0.3770792
1356523885688,-0.79872054,0.39808667,0.45118994,-0.5656733,-0.24121302,-0.7885618,-0.20508306,-0.88506675,0.41784894
1356523885731,-0.770293,0.43044508,0.47049507,-0.60395324,-0.25564247,-0.75490886,-0.20466825,-0.8656581,0.45688838
1356523885768,-0.7394933,0.46296173,0.48868823,-0.6413738,-0.26410472,-0.7203392,-0.2044246,-0.84611773,0.49223512
1356523885810,-0.7096844,0.49225956,0.50401247,-0.67436737,-0.2675935,-0.68820226,-0.20390365,-0.82829595,0.52187073
1356523885848,-0.68575263,0.5141691,0.5151441,-0.69888234,-0.2675308,-0.6633179,-0.20324062,-0.8148972,0.54280365
1356523885890,-0.6733397,0.5244231,0.5211468,-0.71091616,-0.26570642,-0.6511515,-0.20300685,-0.80893785,0.5517316
1356523885929,-0.67545533,0.5209528,0.52188903,-0.7085893,-0.2626446,-0.65491897,-0.20411058,-0.81217355,0.54654634
1356523885970,-0.69065166,0.50484025,0.51781917,-0.6927923,-0.2564603,-0.6739933,-0.20745888,-0.8242356,0.5268742
1356523886008,-0.7142694,0.47958025,0.5097273,-0.6665052,-0.24391687,-0.7044681,-0.21351795,-0.84291595,0.49386513
1356523886055,-0.74060386,0.450114,0.49890184,-0.6341214,-0.22260326,-0.7404982,-0.22225146,-0.8647803,0.45028794
1356523886085,-0.76522136,0.42110097,0.48693982,-0.59997916,-0.19230348,-0.7765594,-0.23336968,-0.8863935,0.39980644
1356523886131,-0.7877191,0.39328212,0.47416002,-0.5636458,-0.14951026,-0.8123731,-0.24860007,-0.90718013,0.33944398
1356523886172,-0.8038675,0.37217277,0.46398756,-0.53328496,-0.10545856,-0.8393364,-0.26344672,-0.9221529,0.2832489
1356523886216,-0.81464314,0.35721275,0.4568977,-0.50925404,-0.0636099,-0.85826224,-0.27751896,-0.93185455,0.23373145
1356523886271,-0.8207713,0.34716842,0.45366132,-0.49180737,-0.02541989,-0.8703329,-0.2906201,-0.9374582,0.1916039
1356523886333,-0.8230818,0.34026068,0.45470765,-0.48081213,0.008615315,-0.8767813,-0.30225167,-0.9402917,0.15651035
1356523886343,-0.8218282,0.334862,0.46094042,-0.47722137,0.037348926,-0.8779891,-0.31122082,-0.9415267,0.12910879
1356523886386,-0.81746113,0.33090064,0.4714468,-0.4802179,0.060404956,-0.8750669,-0.31803793,-0.9417304,0.10952562
1356523886431,-0.8081675,0.32930726,0.48828483,-0.4916876,0.07913375,-0.8671685,-0.32420468,-0.940901,0.097962916
1356523886470,-0.79241925,0.33050206,0.5126794,-0.5125222,0.09497887,-0.853405,-0.33074582,-0.9390141,0.09412658
1356523886508,-0.7711574,0.33221558,0.54309213,-0.5406795,0.10863483,-0.8341847,-0.33612788,-0.93692654,0.09584761
1356523886550,-0.7492226,0.33077854,0.5738039,-0.570343,0.11822164,-0.81285447,-0.33671084,-0.9362741,0.100082934
1356523886589,-0.732667,0.32357138,0.59874904,-0.5951674,0.12210411,-0.79427093,-0.33011305,-0.9382921,0.103117585
1356523886630,-0.7279892,0.3102103,0.611393,-0.6087062,0.11786401,-0.7845922,-0.3154498,-0.9433333,0.10302317
1356523886668,-0.73673224,0.29307717,0.60936964,-0.60836434,0.10608071,-0.7865365,-0.2951582,-0.9501856,0.100144684
1356523886710,-0.7590189,0.27343142,0.59086853,-0.59216106,0.08729726,-0.8010771,-0.27062088,-0.957922,0.09565514
1356523886748,-0.79259825,0.25163746,0.5553976,-0.5592825,0.062799096,-0.826595,-0.2428807,-0.965782,0.09096193
1356523886790,-0.8325591,0.22716275,0.5052153,-0.5115657,0.034529984,-0.85855013,-0.21247572,-0.9732445,0.08746034
1356523886828,-0.872084,0.20035125,0.44646263,-0.45493865,0.0041731596,-0.890513,-0.18027854,-0.9797153,0.0875082
1356523886870,-0.9042907,0.17451075,0.38962078,-0.40025482,-0.029090643,-0.915942,-0.1485074,-0.98422545,0.09615517
1356523886908,-0.9246351,0.15688029,0.34704262,-0.36089757,-0.069817185,-0.9299884,-0.12166734,-0.98514676,0.121173084
1356523886950,-0.9309647,0.15788275,0.32920784,-0.34939677,-0.12358105,-0.9287893,-0.10595595,-0.9796942,0.17021334
1356523886991,-0.9216756,0.18697149,0.33993477,-0.3731637,-0.187558,-0.90860933,-0.10612657,-0.9642944,0.24263859
1356523887030,-0.8956348,0.24355298,0.37218323,-0.42814648,-0.24531108,-0.86977756,-0.12053627,-0.938352,0.3239854
1356523887068,-0.8579121,0.31039882,0.40943807,-0.4939456,-0.2788968,-0.82354987,-0.14143796,-0.9087734,0.39258903
1356523887110,-0.82227176,0.36394557,0.43750745,-0.54562664,-0.28567654,-0.78783274,-0.16174264,-0.8865284,0.43348217
1356523887148,-0.8004822,0.39228496,0.45314533,-0.57197225,-0.27406484,-0.77313405,-0.17909764,-0.8780666,0.44376016
1356523887190,-0.7944444,0.39704752,0.45957747,-0.5755479,-0.25057745,-0.77843153,-0.19391456,-0.8829293,0.4275896
1356523887228,-0.79914904,0.38610923,0.46073908,-0.5643609,-0.21794295,-0.7962397,-0.20702066,-0.89633733,0.39207387
1356523887270,-0.8091022,0.36700836,0.45897552,-0.5452436,-0.17745876,-0.81927884,-0.21923295,-0.91313374,0.34369123
1356523887335,-0.8198476,0.34605053,0.45617855,-0.52383524,-0.13163048,-0.8415878,-0.2311849,-0.9289361,0.28919047
1356523887347,-0.82925177,0.32675463,0.45340154,-0.5028431,-0.0821656,-0.8604636,-0.24390647,-0.9415308,0.23244226
1356523887387,-0.8355007,0.3119287,0.45237046,-0.48572826,-0.03433478,-0.87343526,-0.25691748,-0.94948494,0.18019927
1356523887430,-0.83811057,0.30248335,0.45395434,-0.47360078,0.009463966,-0.8806888,-0.2706899,-0.9531077,0.13532442
1356523887468,-0.8357674,0.29929018,0.46034592,-0.4690684,0.046645105,-0.8819292,-0.2854256,-0.95302135,0.10140306
1356523887510,-0.8268035,0.30276704,0.47405496,-0.47485697,0.07604647,-0.8767713,-0.30150768,-0.95002586,0.08089548
1356523887551,-0.81027097,0.31138566,0.4964876,-0.49214807,0.098439276,-0.86492777,-0.31819996,-0.94517124,0.073485374
1356523887590,-0.7875375,0.32102245,0.52605057,-0.5189477,0.114935815,-0.84704363,-0.33238208,-0.94007146,0.07607758
1356523887628,-0.76358336,0.32576013,0.55751294,-0.54937816,0.12593794,-0.8260285,-0.33929923,-0.93702716,0.0828014
1356523887670,-0.7452346,0.32197332,0.58391666,-0.57621545,0.12972564,-0.80693686,-0.3355611,-0.937819,0.08884996
1356523887708,-0.7370336,0.30994037,0.6005982,-0.5944785,0.12545437,-0.79426473,-0.32152238,-0.9424426,0.09178883
1356523887750,-0.74092615,0.29243797,0.6045731,-0.60077393,0.1137383,-0.7912865,-0.3001653,-0.94949657,0.09141743
1356523887789,-0.75733054,0.27202737,0.5936761,-0.5924678,0.09613216,-0.7998377,-0.27464914,-0.95747566,0.08836377
1356523887831,-0.7863062,0.24887621,0.5654939,-0.5668109,0.073646545,-0.8205496,-0.24586195,-0.96573126,0.083157
1356523887868,-0.8238773,0.2233259,0.52091426,-0.5243661,0.048460603,-0.8501128,-0.21509601,-0.9735384,0.077179015
1356523887911,-0.8634609,0.19465125,0.46534517,-0.47056663,0.021408975,-0.8821047,-0.18166533,-0.9806388,0.07311064
1356523887949,-0.8973803,0.16671702,0.408551,-0.4156488,-0.008541346,-0.90948504,-0.14813706,-0.9859677,0.07696062
1356523887991,-0.9187078,0.14820662,0.3660749,-0.37628826,-0.04700452,-0.92530954,-0.1199298,-0.98783875,0.09895182
1356523888029,-0.9242979,0.15212148,0.35004628,-0.3666945,-0.09953666,-0.9250014,-0.10587015,-0.9833369,0.14778364
1356523888072,-0.91276056,0.18748307,0.36293012,-0.39301962,-0.16082162,-0.9053574,-0.11137216,-0.96901315,0.22047615
1356523888108,-0.8863408,0.24650821,0.39196134,-0.44401446,-0.21236593,-0.8704895,-0.1313436,-0.9455868,0.2976818
1356523888150,-0.8552128,0.30564153,0.41856217,-0.4945649,-0.2397809,-0.83541054,-0.15497293,-0.92146,0.35622323
1356523888189,-0.832222,0.34560937,0.43354422,-0.52585196,-0.2441538,-0.8147813,-0.17574452,-0.906059,0.3849296
1356523888231,-0.8234209,0.36145678,0.43740958,-0.53367853,-0.23142606,-0.81340593,-0.19278313,-0.90321153,0.38346273
1356523888268,-0.8248185,0.36059695,0.43548185,-0.52634495,-0.20842832,-0.8243293,-0.20648386,-0.90913564,0.36171383
1356523888335,-0.8328064,0.34880927,0.42984378,-0.5087147,-0.1760695,-0.842739,-0.2182728,-0.92050624,0.32407612
1356523888345,-0.84244305,0.33301944,0.42354187,-0.48753965,-0.13657397,-0.86235297,-0.22933552,-0.9329767,0.277416
1356523888388,-0.85078585,0.31771314,0.41859508,-0.467434,-0.093521476,-0.8790672,-0.24014354,-0.94356346,0.2280767
1356523888429,-0.8563145,0.30529097,0.41656104,-0.45163503,-0.05143547,-0.890719,-0.25050244,-0.950869,0.181925
1356523888472,-0.8582336,0.2971081,0.41852346,-0.44134837,-0.0109449625,-0.89726907,-0.26200518,-0.9547811,0.14052153
1356523888508,-0.85491323,0.2940849,0.4273609,-0.44016314,0.024780214,-0.8975758,-0.2745536,-0.955458,0.10826045
1356523888552,-0.8443761,0.29861686,0.44481128,-0.45009062,0.05495411,-0.89129037,-0.29059857,-0.9527896,0.08800262
1356523888588,-0.82579714,0.30817363,0.472322,-0.47191754,0.0809654,-0.87791705,-0.30879265,-0.9478785,0.07857162
1356523888632,-0.7980908,0.32238328,0.50903845,-0.50454885,0.104237914,-0.8570676,-0.32936534,-0.9408525,0.07946682
1356523888668,-0.7651583,0.33363825,0.55065244,-0.54247165,0.1265772,-0.8304834,-0.34678108,-0.9341647,0.08413774
1356523888712,-0.73403704,0.33796507,0.589041,-0.5776797,0.14527577,-0.80323166,-0.35703763,-0.9298788,0.088597715
1356523888748,-0.70897627,0.3340475,0.62109977,-0.6069687,0.15939975,-0.77857614,-0.35908455,-0.9289801,0.08974576
1356523888792,-0.6980512,0.32186437,0.6396309,-0.62398064,0.16475153,-0.76387507,-0.35124427,-0.9323413,0.08583224
1356523888829,-0.6993941,0.30591786,0.6459582,-0.6300243,0.16291171,-0.75929517,-0.33751607,-0.938016,0.07879621
1356523888872,-0.7166991,0.28495812,0.63650703,-0.6217366,0.15233898,-0.76826847,-0.31588918,-0.946357,0.06798768
1356523888909,-0.7447793,0.261622,0.61388755,-0.6011602,0.13628918,-0.7874209,-0.2896729,-0.9554995,0.05577123
1356523888952,-0.7810685,0.23240535,0.57958573,-0.56991637,0.11401129,-0.8137546,-0.25520027,-0.9659136,0.043401062
1356523888988,-0.8163181,0.20087445,0.54154795,-0.53573895,0.08712107,-0.83987725,-0.21589011,-0.9757353,0.036497712
1356523889032,-0.8435616,0.17047569,0.5092563,-0.50938904,0.046324134,-0.85928863,-0.17007871,-0.9842724,0.047761142
1356523889069,-0.8571457,0.14967269,0.49284822,-0.49969733,-0.009583533,-0.86614704,-0.12491532,-0.9886892,0.08300555
1356523889112,-0.8487181,0.15628478,0.5052252,-0.52149916,-0.088648796,-0.8486341,-0.08784096,-0.9837258,0.15674025
1356523889149,-0.81803244,0.19181846,0.54224396,-0.5716356,-0.16675329,-0.80338407,-0.06368294,-0.9671602,0.24605995
1356523889192,-0.7621378,0.25652617,0.59442425,-0.64500666,-0.22174186,-0.7312981,-0.055788368,-0.9407575,0.334459
1356523889240,-0.6950881,0.32380158,0.6418762,-0.71614724,-0.23345268,-0.65774846,-0.063132286,-0.91687095,0.39415973
1356523889279,-0.64294386,0.36565816,0.67299134,-0.7619196,-0.21573627,-0.6106852,-0.07811338,-0.9054016,0.41730845
1356523889335,-0.61928856,0.37743813,0.68849266,-0.77871734,-0.18312359,-0.60005426,-0.100404084,-0.90774786,0.40732396
1356523889361,-0.6187175,0.36746007,0.6943788,-0.7750823,-0.14127946,-0.6158633,-0.12820375,-0.9192461,0.3722238
1356523889399,-0.6314456,0.3460396,0.69392574,-0.75899106,-0.09258121,-0.64448524,-0.15877286,-0.93364084,0.32110107
1356523889570,-0.64906937,0.32193518,0.6892507,-0.7368499,-0.04083121,-0.6748222,-0.18910602,-0.9458808,0.2637202
1356523889572,-0.66705334,0.29995996,0.68195575,-0.71243125,0.010899663,-0.7016572,-0.21790212,-0.9538895,0.20643032
1356523889573,-0.6825996,0.28300703,0.6737691,-0.6889038,0.05846703,-0.7224909,-0.24386325,-0.95733416,0.1550551
1356523889576,-0.6939104,0.27227455,0.6665996,-0.6682944,0.10114694,-0.7369884,-0.26808774,-0.9568887,0.1117726
1356523889593,-0.70137656,0.26645344,0.6611152,-0.6519796,0.13504636,-0.74611324,-0.28808558,-0.95434004,0.07900393
1356523889637,-0.7022142,0.26699162,0.660008,-0.64313656,0.15977514,-0.7488974,-0.30540222,-0.95036167,0.059515774
1356523889681,-0.69488394,0.27319682,0.6652065,-0.6431735,0.17764962,-0.74482775,-0.3216582,-0.94541216,0.052267194
1356523889719,-0.6790671,0.2835557,0.6770998,-0.65198076,0.19088632,-0.73381436,-0.33732632,-0.9397652,0.05524826
1356523889758,-0.65759176,0.29449445,0.6934307,-0.66725004,0.19968343,-0.71756816,-0.34978646,-0.9345585,0.06519121
1356523889800,-0.6376079,0.30137795,0.7089624,-0.6841006,0.20163572,-0.7009632,-0.35420698,-0.9319412,0.07760829
1356523889838,-0.62762195,0.3017763,0.7176503,-0.6965351,0.19409251,-0.6907728,-0.34774938,-0.9334127,0.08838099
1356523889880,-0.6333871,0.29658335,0.7147441,-0.6990918,0.17672479,-0.69284844,-0.33180034,-0.93851304,0.09540379
1356523889918,-0.65683866,0.28802294,0.69685423,-0.6872948,0.15143275,-0.7104182,-0.31014326,-0.9455744,0.09848976
1356523889960,-0.69717306,0.27715144,0.6611632,-0.65747046,0.12048483,-0.74378496,-0.28580117,-0.9532421,0.09822017
1356523889998,-0.7507786,0.2627954,0.60602814,-0.60738975,0.085957825,-0.7897398,-0.25963283,-0.96101505,0.09508395
1356523890040,-0.81005925,0.24282889,0.53370243,-0.53886724,0.050500512,-0.8408756,-0.23114116,-0.9687538,0.089944065
1356523890079,-0.8645696,0.2171781,0.45315886,-0.4609065,0.01657319,-0.88729393,-0.20021111,-0.97599125,0.08577019
1356523890118,-0.9058867,0.1898441,0.3785874,-0.38864556,-0.01741159,-0.9212228,-0.1682969,-0.9816599,0.089555085
1356523890158,-0.93076843,0.16960025,0.323892,-0.33756214,-0.05836165,-0.93949234,-0.14043525,-0.98378336,0.11157173
1356523890199,-0.93948346,0.16772187,0.29873088,-0.31937766,-0.1132409,-0.940837,-0.1239704,-0.97930884,0.15995455
1356523890238,-0.9327086,0.19283712,0.3047432,-0.33877754,-0.17882836,-0.9237154,-0.1236299,-0.96479756,0.23212361
1356523890280,-0.91114634,0.24212958,0.3334453,-0.38886327,-0.23741454,-0.8901797,-0.13637407,-0.9407485,0.31047451
1356523890336,-0.8800985,0.29815775,0.36949787,-0.4491647,-0.2706319,-0.85147494,-0.15387592,-0.91534716,0.3721046
1356523890360,-0.85009027,0.3415655,0.40084857,-0.49831003,-0.27542567,-0.8220875,-0.1703927,-0.89859545,0.40434217
1356523890398,-0.8294047,0.363932,0.423841,-0.5274512,-0.26015705,-0.80877274,-0.18407303,-0.8943555,0.40773195
1356523890440,-0.82074386,0.36618263,0.4385085,-0.53696424,-0.23238099,-0.81096756,-0.19506119,-0.9010601,0.3873523
1356523890479,-0.8216368,0.35415575,0.4466393,-0.5322733,-0.19632947,-0.82349247,-0.20395614,-0.9143459,0.34981918
1356523890520,-0.8278107,0.33486557,0.45010474,-0.5195354,-0.15484995,-0.84030014,-0.21168885,-0.92945486,0.3021611
1356523890559,-0.8361006,0.31346032,0.45019823,-0.50276655,-0.10955107,-0.8574523,-0.21945755,-0.943261,0.24919307
1356523890600,-0.8442186,0.29359263,0.44843984,-0.48492765,-0.061938882,-0.87235814,-0.22834204,-0.95392185,0.19466114
1356523890638,-0.85028344,0.2780697,0.44687253,-0.46920922,-0.01581198,-0.88294536,-0.23845442,-0.9604307,0.14391768
1356523890680,-0.8527867,0.26869714,0.4478355,-0.45848536,0.02545172,-0.88833743,-0.2500919,-0.9628884,0.10148883
1356523890718,-0.8499349,0.2667357,0.45438173,-0.45616052,0.059065163,-0.8879352,-0.26368216,-0.9619581,0.071472764
1356523890760,-0.8395629,0.27282825,0.46978602,-0.46541753,0.08482373,-0.8810173,-0.2802154,-0.9583161,0.0557642
1356523890798,-0.82139224,0.28390568,0.4946842,-0.4862367,0.10481179,-0.86751854,-0.29814222,-0.9531065,0.051953733
1356523890841,-0.7976261,0.29517728,0.52598786,-0.5151876,0.12006354,-0.84862626,-0.31364715,-0.9478688,0.056305826
1356523890878,-0.77390456,0.30047888,0.5574801,-0.5456582,0.13043159,-0.827795,-0.32144794,-0.94482803,0.06301719
1356523890920,-0.7567752,0.2974363,0.582085,-0.57054543,0.13402373,-0.8102565,-0.31901294,-0.94528794,0.068275094
1356523890958,-0.7498207,0.2876094,0.59586054,-0.58547974,0.13106829,-0.80002165,-0.3081922,-0.948737,0.07011169
1356523891000,-0.7553866,0.27361017,0.5954231,-0.58670485,0.12227833,-0.8005157,-0.29183656,-0.9540364,0.06816101
1356523891038,-0.7736552,0.25795165,0.57872164,-0.57191026,0.10884243,-0.81306344,-0.27272052,-0.9600075,0.06331867
1356523891078,-0.80391586,0.23965037,0.5443226,-0.5395421,0.09119344,-0.83700544,-0.2502273,-0.96656686,0.055989623
1356523891119,-0.84196717,0.21801889,0.49351716,-0.49084747,0.07017779,-0.8684146,-0.22396474,-0.9734182,0.047926605
1356523891160,-0.8797796,0.19324273,0.4343331,-0.43411154,0.045772135,-0.8996955,-0.19374,-0.98008275,0.043619454
1356523891198,-0.9093602,0.16992564,0.37972257,-0.38303202,0.014169157,-0.92362636,-0.16232815,-0.98535496,0.052202165
1356523891241,-0.92549765,0.15761483,0.34440044,-0.35326457,-0.031285405,-0.9350002,-0.13659519,-0.987005,0.084634304
1356523891279,-0.92589927,0.16805363,0.33833197,-0.3566485,-0.093587756,-0.9295392,-0.12454874,-0.98132527,0.14658892
1356523891336,-0.90974015,0.20653275,0.36016288,-0.39482626,-0.1620974,-0.9043433,-0.12839508,-0.96491903,0.22901094
1356523891358,-0.88037956,0.26171684,0.39552003,-0.4527309,-0.21529007,-0.86526585,-0.1413031,-0.94082654,0.3080243
1356523891402,-0.8471858,0.3135,0.428945,-0.5077091,-0.23981136,-0.82747924,-0.15654881,-0.918808,0.36233175
1356523891438,-0.82044995,0.34727198,0.45416307,-0.54594207,-0.24004948,-0.8026977,-0.1697328,-0.90651995,0.38653898
1356523891482,-0.8082974,0.3570547,0.4681531,-0.5601624,-0.2215038,-0.7982194,-0.18131033,-0.90744036,0.37904948
1356523891518,-0.8040399,0.3528112,0.47858536,-0.5630331,-0.19310832,-0.8035564,-0.19108486,-0.9155509,0.35391122
1356523891562,-0.80739456,0.33708096,0.48424193,-0.55492693,-0.1550458,-0.8173229,-0.20042428,-0.9286211,0.31223857
1356523891598,-0.8109793,0.31922156,0.4903165,-0.5462631,-0.112978816,-0.82995933,-0.20954555,-0.9409216,0.26600236
1356523891642,-0.8148006,0.3008764,0.49555343,-0.5363954,-0.06694621,-0.8413074,-0.21995412,-0.9513104,0.2159366
1356523891678,-0.81563556,0.2859502,0.5029624,-0.5304466,-0.022488713,-0.84742004,-0.23100895,-0.9579806,0.17002392
1356523891723,-0.8120081,0.27740204,0.51350856,-0.5296347,0.019427598,-0.84800327,-0.24521407,-0.96055746,0.13114643
1356523891758,-0.8014598,0.2764026,0.5303432,-0.5373501,0.056447744,-0.8414681,-0.26252064,-0.9593828,0.10328436
1356523891802,-0.78000355,0.28633443,0.5564234,-0.5563221,0.089844644,-0.8260954,-0.28653115,-0.953908,0.0892151
1356523891838,-0.74902076,0.30018657,0.59064007,-0.58438927,0.12071258,-0.8024447,-0.31218076,-0.9462116,0.085009694
1356523891882,-0.7115333,0.3136474,0.62876517,-0.6172384,0.1486001,-0.7726155,-0.3357634,-0.9378397,0.0878613
1356523891919,-0.6750874,0.3185082,0.6654395,-0.6493632,0.17153203,-0.74088067,-0.35012078,-0.93227106,0.09102839
1356523891960,-0.64939654,0.31275508,0.6931583,-0.67428887,0.18461728,-0.7150182,-0.35159463,-0.93171924,0.09099746
1356523892009,-0.64109224,0.29622322,0.7079919,-0.6885812,0.1853581,-0.70106936,-0.33890504,-0.9369601,0.085142136
1356523892048,-0.64487755,0.27707526,0.71229374,-0.6934407,0.17975324,-0.69773114,-0.32136118,-0.9438846,0.0762164
1356523892090,-0.6637254,0.25567722,0.702921,-0.6855085,0.16804206,-0.7084067,-0.29924375,-0.9520458,0.06373513
1356523892128,-0.696371,0.23203725,0.67913634,-0.663777,0.15157634,-0.73241025,-0.27288747,-0.9608243,0.048467636
1356523892169,-0.7369228,0.205657,0.64393324,-0.6312739,0.1312905,-0.76436645,-0.24173962,-0.9697773,0.033074975
1356523892208,-0.7762943,0.17857197,0.60454893,-0.59588563,0.1049785,-0.79617834,-0.20563981,-0.9783106,0.024914145
1356523892250,-0.80502164,0.15674314,0.5721641,-0.5695739,0.06551528,-0.819325,-0.16590905,-0.9854641,0.03653562
1356523892288,-0.8161975,0.1492527,0.55816245,-0.56375706,0.0057665706,-0.8259206,-0.12648955,-0.9887823,0.07943553
1356523892329,-0.80373174,0.16756931,0.57090783,-0.58773077,-0.07414925,-0.8056515,-0.09267007,-0.9830678,0.15808183
1356523892372,-0.75769275,0.22338355,0.61318946,-0.6488701,-0.15740198,-0.74444073,-0.06977859,-0.9619377,0.2642094
1356523892421,-0.6961644,0.28414148,0.65925616,-0.71566427,-0.20255917,-0.6684269,-0.05638939,-0.93714106,0.3443644
1356523892458,-0.64494896,0.32456294,0.6918813,-0.76249015,-0.21230555,-0.61117524,-0.05147457,-0.9217295,0.38440228
1356523892500,-0.6198942,0.3331424,0.7104558,-0.7826823,-0.19785416,-0.5901375,-0.056033194,-0.92188394,0.38339323
1356523892538,-0.61283207,0.31922102,0.7228657,-0.78723633,-0.16730452,-0.5935218,-0.06852597,-0.93279535,0.353832
1356523892580,-0.6153615,0.2929576,0.7317827,-0.7833473,-0.12395346,-0.60909975,-0.08773336,-0.9480566,0.30576378
1356523892618,-0.6194027,0.26347968,0.7395395,-0.7770498,-0.071421504,-0.62537384,-0.11195427,-0.9620173,0.24897557
1356523892660,-0.6207044,0.23631072,0.74758506,-0.7716131,-0.014991701,-0.6359155,-0.1390661,-0.9715619,0.1916458
1356523892699,-0.6176212,0.21397462,0.75680846,-0.76848614,0.040447056,-0.6385869,-0.16725206,-0.9760015,0.1394555
1356523892740,-0.60817075,0.19832674,0.7686317,-0.7694113,0.09092575,-0.6322488,-0.19528028,-0.9759093,0.097296536
1356523892779,-0.5895633,0.19084498,0.7848525,-0.77627563,0.13461387,-0.6158533,-0.22318459,-0.9723463,0.06878489
1356523892818,-0.55901426,0.19175121,0.80668116,-0.78983617,0.17290449,-0.5884411,-0.2523131,-0.9660929,0.05479604
1356523892859,-0.5161165,0.19817618,0.8332766,-0.8085532,0.20826429,-0.5503342,-0.2826049,-0.957785,0.05274731
1356523892901,-0.46437085,0.2053732,0.8614996,-0.8290373,0.24137712,-0.5044148,-0.3115396,-0.9484508,0.058173537
1356523892939,-0.4129951,0.2068682,0.88692755,-0.8475907,0.2689947,-0.45741868,-0.3332042,-0.9406632,0.06424606
1356523892981,-0.37144905,0.20146856,0.90633106,-0.8623661,0.28683746,-0.41719174,-0.34402063,-0.9365547,0.067194164
1356523893018,-0.34460473,0.19091007,0.91913056,-0.87378144,0.2926727,-0.38839242,-0.3431525,-0.93696105,0.06595725
1356523893062,-0.33662784,0.17781544,0.9246963,-0.8815664,0.28561765,-0.3758499,-0.33094147,-0.9417028,0.06060928
1356523893098,-0.3480332,0.16620696,0.92263114,-0.8837719,0.27016646,-0.38204378,-0.31276235,-0.9483593,0.052862108
1356523893142,-0.38166404,0.15369835,0.9114326,-0.87859154,0.2459305,-0.40938395,-0.28707075,-0.95702404,0.041175187
1356523893178,-0.43731427,0.14189473,0.88804394,-0.8615855,0.21689504,-0.45894113,-0.25773364,-0.96582735,0.027403176
1356523893222,-0.5049362,0.12725559,0.85372454,-0.8342253,0.18198162,-0.52052945,-0.2216025,-0.97503275,0.014270723
1356523893258,-0.5718926,0.11506599,0.8122184,-0.7999342,0.1411801,-0.58324397,-0.18178064,-0.9832742,0.011305273
1356523893337,-0.6118696,0.11697942,0.78226054,-0.7785298,0.085567534,-0.62174726,-0.13966775,-0.9894413,0.03871578
1356523893339,-0.61916715,0.14253303,0.77221525,-0.77840483,0.018244863,-0.62749755,-0.10352811,-0.9896219,0.099651754
1356523893376,-0.5766676,0.2071628,0.79027724,-0.81295246,-0.04958725,-0.580215,-0.081011295,-0.977049,0.19700879
1356523893418,-0.50161135,0.2918464,0.81437814,-0.8622221,-0.092030644,-0.4980998,-0.07042089,-0.9520273,0.29780006
1356523893462,-0.424411,0.36694586,0.8277839,-0.90276957,-0.100932956,-0.41811445,-0.069874704,-0.92475045,0.3741046
1356523893499,-0.37432027,0.41059512,0.8314421,-0.9241788,-0.091688156,-0.37079212,-0.076012045,-0.90719616,0.41378403
1356523893542,-0.36840647,0.41584903,0.8314724,-0.9251798,-0.07624972,-0.37179083,-0.09120935,-0.9062316,0.412826
1356523893579,-0.38234413,0.3994615,0.83321273,-0.9173472,-0.055924416,-0.3941402,-0.11084691,-0.9150425,0.3878273
1356523893622,-0.4136588,0.36492398,0.83409643,-0.90021634,-0.027086198,-0.43459964,-0.13600332,-0.9306432,0.339715
1356523893659,-0.44086504,0.32700226,0.8358873,-0.8827907,0.010351539,-0.46965247,-0.16223016,-0.94496685,0.2841109
1356523893702,-0.46543825,0.2876907,0.8370193,-0.8644474,0.05524558,-0.49967855,-0.18999448,-0.95612866,0.22298008
1356523893749,-0.48185784,0.25037685,0.83971685,-0.8487911,0.10465008,-0.5182683,-0.21763879,-0.96247584,0.16209114
1356523893789,-0.48261696,0.22035041,0.84765947,-0.8421154,0.14920545,-0.51824653,-0.24067125,-0.9639417,0.11355132
1356523893829,-0.47060877,0.19976732,0.8594304,-0.84316444,0.18520355,-0.5047508,-0.26000232,-0.96218127,0.081278265
1356523893869,-0.4438426,0.1885488,0.876044,-0.85192204,0.21440148,-0.47776648,-0.27790743,-0.95837426,0.06546837
1356523893909,-0.40339822,0.18431255,0.8962693,-0.8658875,0.2397713,-0.43903136,-0.29581866,-0.9531729,0.06287062
1356523893948,-0.3548841,0.18257546,0.91690975,-0.88113797,0.26249766,-0.39330757,-0.31249493,-0.9475026,0.06771797
1356523893990,-0.30735517,0.17912325,0.9345843,-0.89430547,0.28125423,-0.34801412,-0.32519323,-0.94276774,0.07374591
1356523894028,-0.2694912,0.17210564,0.9474989,-0.90403056,0.293805,-0.31049517,-0.3318179,-0.9402437,0.07641089
1356523894070,-0.24711967,0.16230395,0.95529544,-0.9105414,0.29831105,-0.2862253,-0.3314307,-0.94056785,0.074065864
1356523894108,-0.24218553,0.1521551,0.9582249,-0.91426224,0.294796,-0.27788445,-0.32476237,-0.94336843,0.06771439
1356523894150,-0.25613487,0.1423966,0.95609534,-0.9149977,0.28325194,-0.28731117,-0.311728,-0.9484153,0.05774182
1356523894189,-0.28920346,0.13355088,0.9479058,-0.91119516,0.265096,-0.3153527,-0.2934017,-0.9549284,0.045024276
1356523894229,-0.33797514,0.124216974,0.9329217,-0.90185124,0.24072337,-0.35877097,-0.2691415,-0.9626123,0.030666709
1356523894268,-0.3946538,0.11535281,0.91156024,-0.8873629,0.20956028,-0.4106964,-0.23840183,-0.97096765,0.019656062
1356523894347,-0.44433975,0.11192256,0.88883936,-0.87279195,0.1696111,-0.45767486,-0.20198116,-0.97913504,0.022320151
1356523894348,-0.46775687,0.12489918,0.8749878,-0.86850524,0.118757784,-0.48124334,-0.16401845,-0.9850364,0.052925885
1356523894386,-0.44622445,0.16810599,0.8789904,-0.8851764,0.06164241,-0.4611539,-0.13170579,-0.98383975,0.12129712
1356523894429,-0.37029827,0.2461024,0.89571905,-0.9223593,0.016925871,-0.38596207,-0.110147,-0.969096,0.22072726
1356523894469,-0.25874203,0.33823332,0.90479326,-0.9608159,0.00629431,-0.27711567,-0.09942475,-0.94104123,0.3233514
1356523894508,-0.15721232,0.41091773,0.8980149,-0.9826633,0.025394142,-0.18365139,-0.09826991,-0.9113186,0.3998016
1356523894551,-0.10101515,0.44752038,0.8885502,-0.9892248,0.049952805,-0.13761923,-0.105973005,-0.89287746,0.4376522
1356523894623,-0.0977757,0.4489344,0.8881992,-0.9877223,0.06548649,-0.14183125,-0.121838,-0.8911618,0.43701953
1356523894625,-0.12421882,0.42873034,0.89485186,-0.9821212,0.07543421,-0.17247424,-0.14144737,-0.9002776,0.4116949
1356523894666,-0.16845924,0.3941005,0.9034967,-0.9720412,0.08568913,-0.2186167,-0.16357678,-0.915064,0.36864686
1356523894709,-0.21904385,0.35111934,0.91034883,-0.95754486,0.10186297,-0.26968822,-0.18742353,-0.9307734,0.31390005
1356523894749,-0.26336735,0.3074967,0.9143759,-0.94143295,0.12497091,-0.31318724,-0.21057439,-0.9433069,0.25657433
1356523894789,-0.29867995,0.2664267,0.9164099,-0.92576396,0.15238947,-0.34603265,-0.23184353,-0.9517323,0.2011326
1356523894828,-0.32054996,0.23079476,0.9186847,-0.91362846,0.18070418,-0.36418277,-0.25006166,-0.95607525,0.15293592
1356523894870,-0.32616764,0.20281571,0.9232987,-0.90715414,0.207546,-0.36605474,-0.26586866,-0.9569694,0.11629027
1356523894908,-0.3138274,0.18327671,0.9316233,-0.90674454,0.23320597,-0.35132498,-0.28164977,-0.95499974,0.0929988
1356523894950,-0.28524667,0.17057595,0.94315326,-0.9106473,0.25866967,-0.32219785,-0.2989243,-0.95078593,0.08154988
1356523894988,-0.2471909,0.16054952,0.95557344,-0.9161898,0.28230113,-0.28443345,-0.31542507,-0.9457959,0.077311516
1356523895030,-0.20907068,0.14928463,0.96643865,-0.9218104,0.29980665,-0.24572694,-0.32642797,-0.9422474,0.07493132
1356523895068,-0.1776087,0.13560897,0.97471297,-0.92782134,0.30707344,-0.21178648,-0.3280286,-0.9419745,0.07128197
1356523895110,-0.15622932,0.12122059,0.98025405,-0.93477535,0.30242002,-0.18637908,-0.3190414,-0.94543517,0.06606716
1356523895145,-0.14717457,0.10826871,0.9831671,-0.9421482,0.2872993,-0.17267236,-0.30115825,-0.9517021,0.059722066
1356523895202,-0.15883273,0.09485215,0.9827386,-0.9498101,0.25702775,-0.17831859,-0.269505,-0.9617379,0.049267113
1356523895238,-0.19719714,0.086126685,0.97657335,-0.95104575,0.22498256,-0.21188417,-0.2379609,-0.97054887,0.03754449
1356523895282,-0.25082946,0.07588434,0.9650524,-0.9464855,0.18993717,-0.26093882,-0.2031005,-0.97885925,0.024181545
1356523895341,-0.316415,0.06926048,0.946089,-0.9338101,0.1528061,-0.32349488,-0.16697359,-0.98582613,0.01632595
1356523895360,-0.36522824,0.07648507,0.9277706,-0.9218998,0.10866976,-0.37187582,-0.12926352,-0.9911311,0.030822337
1356523895398,-0.38904822,0.105522394,0.91515386,-0.91636014,0.057550848,-0.39619693,-0.0944756,-0.99275017,0.07430643
1356523895442,-0.3508883,0.17569438,0.91978747,-0.9339944,0.0049500465,-0.35725355,-0.067320466,-0.98443234,0.16236061
1356523895478,-0.27427894,0.26642317,0.9240074,-0.96050876,-0.029097557,-0.27672407,-0.046839327,-0.9634168,0.26388267
1356523895522,-0.18834656,0.35048017,0.91743624,-0.9815538,-0.035951257,-0.18777555,-0.03282863,-0.9358799,0.3507864
1356523895559,-0.13744509,0.39992887,0.90618193,-0.9901791,-0.031853914,-0.13612714,-0.025575727,-0.9159925,0.40037942
1356523895602,-0.14721525,0.40519798,0.90229833,-0.98870766,-0.034446537,-0.1458444,-0.028014809,-0.91357976,0.40569338
1356523895639,-0.18629181,0.38426062,0.90423405,-0.9817834,-0.037799418,-0.18620554,-0.037371963,-0.92245054,0.38430244
1356523895682,-0.2485534,0.3413687,0.9064704,-0.9670644,-0.034469068,-0.25218743,-0.054843754,-0.93929726,0.33869284
1356523895729,-0.31326586,0.28727698,0.90517205,-0.9462335,-0.013462365,-0.32320395,-0.08066332,-0.95775294,0.27604842
1356523895768,-0.35425186,0.24069563,0.90364337,-0.9288852,0.02109629,-0.36976656,-0.10806477,-0.97037137,0.21610516
1356523895809,-0.37784433,0.20358154,0.90321004,-0.9156604,0.06230122,-0.3970953,-0.13711238,-0.9770738,0.1628713
1356523895848,-0.38314098,0.17708579,0.906556,-0.9084482,0.10531533,-0.4045129,-0.16710773,-0.9785446,0.12052256
1356523895891,-0.3699031,0.1616101,0.9149065,-0.9076657,0.1473015,-0.39299506,-0.19827905,-0.9757994,0.0922007
1356523895929,-0.33817905,0.15597814,0.92806554,-0.91230875,0.18765402,-0.36397606,-0.23092759,-0.96977144,0.0788396
1356523895970,-0.29127443,0.15671575,0.94371575,-0.9193827,0.22676772,-0.3214217,-0.2643761,-0.9612578,0.07803005
1356523896008,-0.238361,0.15767375,0.95829177,-0.9253981,0.2625019,-0.27337018,-0.29465672,-0.9519621,0.083340704
1356523896050,-0.19014552,0.1547575,0.96948177,-0.9292098,0.29036567,-0.22859773,-0.31688148,-0.9443188,0.08859038
1356523896088,-0.15371916,0.1465283,0.97718984,-0.9324674,0.30568036,-0.19252032,-0.32691747,-0.94079167,0.089643896
1356523896130,-0.13279253,0.13492319,0.98191744,-0.93674266,0.30661815,-0.16881496,-0.3238508,-0.94222134,0.08567166
1356523896168,-0.12824541,0.12284571,0.98410475,-0.9419027,0.29552597,-0.1596362,-0.31043914,-0.9474035,0.07780886
1356523896212,-0.14184496,0.11186153,0.98354816,-0.94653994,0.27548507,-0.16783944,-0.2897276,-0.95477486,0.06680524
1356523896258,-0.17587712,0.10220632,0.979092,-0.9482136,0.2496433,-0.19639036,-0.26449612,-0.9629289,0.053006887
1356523896286,-0.2304256,0.09236783,0.9686961,-0.9442398,0.21938074,-0.24552667,-0.23519203,-0.9712571,0.036666393
1356523896323,-0.29941124,0.08315265,0.9504938,-0.9324378,0.18568635,-0.30996805,-0.20226839,-0.9790843,0.021938145
1356523896366,-0.36614388,0.0792017,0.9271816,-0.9156849,0.1467647,-0.37414077,-0.16571009,-0.98599553,0.018786788
1356523896411,-0.40990204,0.09082374,0.90759647,-0.9031806,0.09862584,-0.41777724,-0.12745655,-0.99097127,0.041603327
1356523896450,-0.41131377,0.13056779,0.90209365,-0.90680003,0.041692495,-0.4194942,-0.09238294,-0.9905624,0.10125017
1356523896488,-0.36288738,0.20216393,0.90963864,-0.9295151,-0.009723604,-0.36865577,-0.0656839,-0.97930336,0.19144303
1356523896529,-0.28131682,0.2876908,0.91547525,-0.9583633,-0.035517454,-0.28333443,-0.048997372,-0.95706457,0.28570384
1356523896568,-0.20539194,0.35614547,0.911578,-0.9777967,-0.03511691,-0.20659214,-0.041565,-0.93377036,0.3554507
1356523896610,-0.16579235,0.38963312,0.9059243,-0.98523504,-0.025651515,-0.16927433,-0.042716533,-0.9206128,0.38813314
1356523896649,-0.16618526,0.38926777,0.90600944,-0.9847568,-0.017671585,-0.17303693,-0.051347107,-0.9209552,0.38627076
1356523896690,-0.19519776,0.36346543,0.9109285,-0.9785303,-0.0095258355,-0.20588288,-0.06615397,-0.93155897,0.3575213
1356523896728,-0.23592418,0.32328436,0.9164208,-0.9680071,0.0047444105,-0.2508782,-0.085452914,-0.94629,0.31182212
1356523896769,-0.27742904,0.27738425,0.919832,-0.95463574,0.028218508,-0.29643574,-0.10818288,-0.96034455,0.25697237
1356523896809,-0.3124619,0.23244044,0.9210532,-0.94053566,0.060325503,-0.33429524,-0.13326672,-0.97073793,0.1997692
1356523896850,-0.3361817,0.1935345,0.92169744,-0.92817676,0.09775376,-0.359071,-0.15959197,-0.9762113,0.14677125
1356523896888,-0.34500283,0.1643441,0.9241017,-0.9198903,0.1364057,-0.36768922,-0.18648028,-0.97692597,0.10411817
1356523896930,-0.33618104,0.14703187,0.93024933,-0.9169693,0.17420328,-0.35891572,-0.21482453,-0.97367084,0.07625985
1356523896979,-0.30989367,0.1400541,0.94039935,-0.918838,0.21007323,-0.33407483,-0.24434131,-0.96760225,0.06358665
1356523897026,-0.26379436,0.14399123,0.9537709,-0.9237642,0.24687576,-0.29276606,-0.27761865,-0.9582895,0.06788951
1356523897051,-0.21409303,0.14466438,0.96604156,-0.92862976,0.27663177,-0.24722743,-0.30300274,-0.9500247,0.075114846
1356523897093,-0.17442644,0.14136317,0.97447,-0.93247616,0.29421127,-0.20958993,-0.31632838,-0.9452281,0.08049953
1356523897131,-0.14869434,0.13450041,0.97969365,-0.936926,0.2977441,-0.18307993,-0.31632233,-0.9451233,0.081744075
1356523897175,-0.13962442,0.12573743,0.98218894,-0.94242764,0.2875147,-0.17077902,-0.30386707,-0.949487,0.0783543
1356523897218,-0.1484083,0.11769006,0.9818981,-0.9470844,0.26884252,-0.17536983,-0.28461522,-0.95596683,0.07156402
1356523897262,-0.17802477,0.10905036,0.9779648,-0.9493643,0.24241972,-0.19985002,-0.25887161,-0.9640232,0.060371876
1356523897299,-0.23025364,0.10125691,0.9678482,-0.94530374,0.21286702,-0.24716055,-0.23104963,-0.97182024,0.046705186
1356523897339,-0.29790384,0.091527134,0.9501979,-0.93356204,0.17987007,-0.31001404,-0.19928688,-0.97942305,0.03186226
1356523897373,-0.3719296,0.08447993,0.9244088,-0.9135346,0.14337051,-0.3806567,-0.16469082,-0.9860568,0.023851573
1356523897414,-0.4291845,0.08822572,0.89889765,-0.8941493,0.099164486,-0.4366502,-0.12766257,-0.99115217,0.036327064
1356523897457,-0.45239377,0.11432746,0.88445973,-0.88713884,0.043771207,-0.45942208,-0.09123841,-0.99247825,0.08162254
1356523897498,-0.36300403,0.17814907,0.9145988,-0.9298761,-0.0064213276,-0.36781678,-0.059653312,-0.98398256,0.16798753
1356523897550,-0.3187614,0.2734807,0.9075239,-0.94711417,-0.05456859,-0.31622308,-0.036958605,-0.9603284,0.27641177
1356523897588,-0.2681806,0.34963784,0.8976817,-0.96308947,-0.07487315,-0.25855875,-0.023189634,-0.9338883,0.3568121
1356523897630,-0.24904436,0.38593253,0.88827527,-0.96829605,-0.08076912,-0.23638758,-0.01948449,-0.9189844,0.39381203
1356523897669,-0.26489824,0.38380527,0.884603,-0.96393704,-0.081062794,-0.25348425,-0.025580227,-0.91984916,0.39143744
1356523897709,-0.30509216,0.35349473,0.8842852,-0.951455,-0.073512554,-0.29887998,-0.040646464,-0.9325435,0.35876244
1356523897748,-0.35206652,0.30891404,0.88352776,-0.9338641,-0.052574813,-0.35374236,-0.06282467,-0.94963574,0.30699357
1356523897789,-0.3934542,0.26203153,0.8812113,-0.9149338,-0.01782775,-0.40320992,-0.08994368,-0.96489465,0.24675596
1356523897828,-0.42419565,0.2199912,0.878443,-0.8975754,0.02647698,-0.44006526,-0.12006906,-0.9751425,0.1862272
1356523897869,-0.44277853,0.18631086,0.8770607,-0.88374233,0.074575126,-0.46199346,-0.15148133,-0.97965646,0.13163054
1356523897910,-0.44807315,0.16290575,0.87902915,-0.8750697,0.12133491,-0.4685412,-0.18298498,-0.9791525,0.08818698
1356523897949,-0.43853897,0.15061393,0.8860017,-0.87285924,0.163382,-0.45980772,-0.21401021,-0.97499835,0.059815407
1356523897988,-0.4133575,0.14860368,0.8983611,-0.8770946,0.200068,-0.43666682,-0.24462357,-0.9684471,0.047639847
1356523898030,-0.37383884,0.15391496,0.91463363,-0.88591135,0.23270631,-0.4012591,-0.27460077,-0.96029055,0.049360335
1356523898068,-0.32564545,0.16123202,0.93164325,-0.89606,0.2618062,-0.35851637,-0.30171427,-0.9515575,0.05921763
1356523898109,-0.27771991,0.16540027,0.9463162,-0.9050585,0.28522193,-0.3154639,-0.32208794,-0.94408214,0.070485175
1356523898148,-0.23869056,0.16355702,0.95722306,-0.9125557,0.29928845,-0.27869067,-0.33206764,-0.9400401,0.07781756
1356523898189,-0.21383962,0.15630785,0.96428233,-0.91924226,0.30182394,-0.25277647,-0.33055443,-0.9404627,0.07914287
