1356523143541,0.91982967,0.16392767,0.35642838,-0.3524887,-0.053533815,0.9342836,0.1722359,-0.98501873,0.008540661
1356523143543,0.93067235,0.165575,0.3262421,-0.32277015,-0.048233755,0.9452476,0.17224525,-0.985017,0.008552849
1356523143586,0.9306841,0.16566199,0.32616442,-0.3226991,-0.048193157,0.9452739,0.17231485,-0.9850043,0.008606374
1356523143601,0.93071735,0.16594416,0.32592583,-0.3224668,-0.048150152,0.94535524,0.17256959,-0.9849588,0.008697301
1356523143634,0.93075657,0.16643307,0.3255645,-0.32210183,-0.04816377,0.94547915,0.1730394,-0.9848758,0.008779645
1356523143674,0.930825,0.16736926,0.32488823,-0.32141423,-0.048215233,0.9457104,0.17394741,-0.9847146,0.008914918
1356523143716,0.93087137,0.1688208,0.3240033,-0.3205413,-0.04814431,0.94601023,0.17530513,-0.98447025,0.009297878
1356523143756,0.93082327,0.17067888,0.3231668,-0.3197555,-0.047887504,0.9462892,0.17698723,-0.98416233,0.010000706
1356523143799,0.93062425,0.17276096,0.32263318,-0.31928188,-0.04763013,0.94646215,0.17887875,-0.9838115,0.010833681
1356523143839,0.9302557,0.17494293,0.32252023,-0.31919754,-0.047600873,0.94649196,0.18093434,-0.98342717,0.01156038
1356523143878,0.9297499,0.17727247,0.32270667,-0.31936702,-0.047864735,0.94642156,0.18322071,-0.98299724,0.012112737
1356523143916,0.92915237,0.17993757,0.32295254,-0.31955913,-0.048356146,0.9463316,0.18589738,-0.98248875,0.012570471
1356523143958,0.92960584,0.18322971,0.31978077,-0.31637916,-0.048315734,0.94740164,0.18904257,-0.9818821,0.013055474
1356523143999,0.9278703,0.18676586,0.32276192,-0.3192119,-0.049629837,0.9463829,0.19277063,-0.98115003,0.013567835
1356523144039,0.9264071,0.19059649,0.3247197,-0.3209891,-0.051015615,0.9457079,0.19681439,-0.98034203,0.013918161
1356523144078,0.9250802,0.19463937,0.32610148,-0.32211143,-0.052726924,0.9452322,0.20117374,-0.9794566,0.013918936
1356523144119,0.92378235,0.19858141,0.32740128,-0.323059,-0.05483348,0.94478893,0.2055701,-0.97854924,0.01349932
1356523144158,0.92258775,0.20223778,0.3285296,-0.3237279,-0.05735489,0.9444102,0.2098382,-0.97765553,0.012555093
1356523144199,0.9215634,0.20527562,0.3295191,-0.3241305,-0.06034541,0.94408566,0.21368277,-0.976842,0.010923982
1356523144240,0.9208269,0.20734271,0.3302829,-0.3241326,-0.063981265,0.94384557,0.2168314,-0.9761738,0.008290857
1356523144279,0.92050827,0.20823675,0.33060852,-0.3233677,-0.068923526,0.94376,0.21931222,-0.97564703,0.0038923624
1356523144318,0.9207947,0.20818669,0.32984146,-0.32085526,-0.07655683,0.94402915,0.22178593,-0.9750884,-0.003695339
1356523144359,0.922004,0.2081031,0.32649922,-0.3148846,-0.08765366,0.9450739,0.22529165,-0.97417146,-0.015288562
1356523144401,0.9242219,0.20870781,0.3197734,-0.30430079,-0.10334584,0.9469533,0.23068383,-0.97250223,-0.032004535
1356523144438,0.92751944,0.21024483,0.3090386,-0.28847545,-0.12308857,0.94954264,0.23767553,-0.96986926,-0.053516567
1356523144477,0.9316133,0.21271095,0.2947046,-0.2678067,-0.14643708,0.9522793,0.24571589,-0.96607995,-0.07945731
1356523144518,0.93615806,0.21623473,0.27721947,-0.24291568,-0.17220727,0.95463955,0.2541654,-0.9610344,-0.10868642
1356523144574,0.94061756,0.22079454,0.2578534,-0.215118,-0.1999149,0.95590705,0.2626078,-0.95461184,-0.14054659
1356523144599,0.94456995,0.22619201,0.23795974,-0.18603249,-0.22846398,0.95561296,0.27051723,-0.9469115,-0.17372113
1356523144637,0.94771886,0.23194554,0.21915813,-0.15731457,-0.25793436,0.9532692,0.27763492,-0.9379079,-0.20796084
1356523144678,0.95008,0.23785992,0.20191753,-0.12946744,-0.2882641,0.9487581,0.2838771,-0.9275378,-0.24307883
1356523144718,0.95175976,0.24394727,0.18612656,-0.10228651,-0.31965333,0.94199747,0.2892937,-0.91559356,-0.27928066
1356523144760,0.95289755,0.25031763,0.17125195,-0.07575444,-0.35030958,0.9335654,0.2936791,-0.90256536,-0.3148465
1356523144799,0.953616,0.25646985,0.15760615,-0.050366387,-0.3802444,0.9235136,0.29678226,-0.8886154,-0.3496897
1356523144839,0.9540797,0.2625668,0.14418955,-0.02590745,-0.40721834,0.9129634,0.2984305,-0.8747754,-0.3817163
1356523144879,0.95438015,0.26820666,0.13123868,-0.0030250698,-0.4308146,0.9024353,0.29857874,-0.86166334,-0.41034958
1356523144918,0.9546479,0.27345806,0.117762774,0.018467098,-0.44914788,0.8932665,0.29716384,-0.8505803,-0.43382806
1356523144958,0.9551952,0.2770455,0.1041532,0.03664034,-0.45987478,0.8872275,0.2936998,-0.8436592,-0.44942123
1356523145000,0.95703256,0.26885384,0.10865678,0.030464545,-0.46584827,0.88434005,0.2883758,-0.843032,-0.45402247
1356523145036,0.9576181,0.27714342,0.078478955,0.056410603,-0.44762895,0.8924383,0.28246287,-0.85018814,-0.44429144
1356523145079,0.9578962,0.28177282,0.05512718,0.07092703,-0.418283,0.90554327,0.27821624,-0.8635064,-0.42065698
1356523145116,0.95767057,0.28567517,0.035451137,0.07806254,-0.37625754,0.92322075,0.27707997,-0.8813739,-0.3826313
1356523145159,0.9567641,0.29029638,0.018181846,0.08067614,-0.32491186,0.942297,0.27945292,-0.900089,-0.33428398
1356523145202,0.9546451,0.2977342,0.0026613176,0.07988994,-0.26474643,0.96100307,0.28682807,-0.91720426,-0.27652484
1356523145240,0.951116,0.30865216,-0.010589629,0.076707646,-0.20288312,0.9761938,0.2991559,-0.9292859,-0.21664137
1356523145281,0.9448497,0.32664627,-0.023689657,0.07304312,-0.13966548,0.98750097,0.3192549,-0.9347704,-0.15582216
1356523145320,0.9361316,0.3499737,-0.034293443,0.06691259,-0.08153999,0.99442136,0.34522507,-0.93320394,-0.0997498
1356523145363,0.92317873,0.38161913,-0.045911625,0.061214894,-0.02805114,0.9977303,0.3794651,-0.92389387,-0.049256984
1356523145398,0.90833896,0.4150275,-0.051696256,0.050340235,0.0142146945,0.998631,0.41519415,-0.9096979,-0.0079808235
1356523145443,0.8902054,0.45189437,-0.05767031,0.040925622,0.04675135,0.99806786,0.4537174,-0.89084554,0.02312424
1356523145479,0.8716488,0.486938,-0.0558549,0.02722846,0.0656755,0.9974695,0.4893741,-0.8709639,0.043987386
1356523145524,0.8519137,0.5209938,-0.05299516,0.016756266,0.07402667,0.99711543,0.5234141,-0.85034424,0.054334432
1356523145561,0.8336847,0.55061233,-0.042378396,0.0032018423,0.071918316,0.9974054,0.55223143,-0.8316573,0.05819422
1356523145596,0.8182254,0.57422364,-0.027828962,-0.010482669,0.06330079,0.99793947,0.57480204,-0.8162477,0.05781371
1356523145639,0.80828583,0.588783,-0.002909571,-0.030788869,0.047201008,0.9984108,0.5879847,-0.8069118,0.056279868
1356523145680,0.8054965,0.5914811,0.036407053,-0.061626166,0.022504605,0.99784553,0.5893875,-0.80600476,0.054578096
1356523145719,0.80745107,0.58315134,0.08920385,-0.10291344,-0.00965184,0.99464357,0.5808887,-0.8123063,0.052220702
1356523145762,0.811679,0.5637392,0.15288953,-0.15311798,-0.047240347,0.98707813,0.5636772,-0.82460076,0.047974616
1356523145799,0.8149294,0.5371477,0.21762897,-0.20505846,-0.08398159,0.97514,0.5420711,-0.83929694,0.041707635
1356523145841,0.817235,0.5044379,0.2786924,-0.2549891,-0.11717585,0.95981795,0.5168246,-0.8554602,0.03286597
1356523145881,0.8195076,0.470504,0.32715952,-0.29539102,-0.14238855,0.944706,0.49107176,-0.8708337,0.022294194
1356523145921,0.82321656,0.43446442,0.365452,-0.3266841,-0.16395463,0.93080413,0.4643188,-0.88564074,0.0069624484
1356523145961,0.8298774,0.39946923,0.38952258,-0.34377393,-0.1837884,0.9208915,0.43945757,-0.8981348,-0.015194744
1356523146003,0.838987,0.36508182,0.4035048,-0.34588745,-0.21464704,0.9133939,0.42007464,-0.9058928,-0.053808838
1356523146055,0.850896,0.33562648,0.40414226,-0.32948792,-0.25822368,0.90816206,0.40916234,-0.9059114,-0.10913661
1356523146083,0.8633641,0.31513667,0.39407018,-0.29280996,-0.32312655,0.89991754,0.41093156,-0.8923442,-0.1867007
1356523146129,0.8756723,0.30850446,0.37151453,-0.23933153,-0.39094603,0.8887529,0.41942635,-0.86717135,-0.26850575
1356523146169,0.8860569,0.31417528,0.340877,-0.18491945,-0.4347476,0.8813622,0.42509764,-0.84397185,-0.327114
1356523146211,0.8928794,0.32666337,0.30993134,-0.14227256,-0.44837308,0.88245124,0.42722934,-0.83201724,-0.35386786
1356523146258,0.89652383,0.34276468,0.2806375,-0.114888705,-0.43192208,0.89456356,0.42783833,-0.8342396,-0.34784865
1356523146300,0.8976471,0.35981768,0.25448173,-0.10285187,-0.3904497,0.9148609,0.42854548,-0.8473962,-0.3134781
1356523146339,0.8972413,0.37432128,0.23418294,-0.10132985,-0.3416595,0.9343453,0.4297561,-0.8620629,-0.2686211
1356523146379,0.8952285,0.38766262,0.21973534,-0.10822129,-0.2892053,0.9511301,0.43226624,-0.87525886,-0.21695149
1356523146421,0.8915239,0.40071222,0.21122241,-0.12139282,-0.23789006,0.96367633,0.4364046,-0.88478136,-0.16344109
1356523146461,0.8858541,0.41504472,0.20736536,-0.13859303,-0.18981922,0.97198796,0.4427804,-0.889779,-0.11062983
1356523146501,0.87847805,0.42984456,0.20859048,-0.15814762,-0.15036616,0.97589934,0.45084992,-0.8902942,-0.06411448
1356523146577,0.8692288,0.44704068,0.21117757,-0.17558889,-0.12015767,0.97710323,0.46217948,-0.88640666,-0.025949122
1356523146579,0.85824144,0.46621817,0.21462092,-0.18974404,-0.100324005,0.9766946,0.4768844,-0.8789629,0.002359897
1356523146616,0.84606194,0.48746097,0.21577969,-0.19749199,-0.08935836,0.9762234,0.4951525,-0.86856025,0.020666925
1356523146667,0.83452666,0.5068832,0.21595058,-0.20097761,-0.08488616,0.97591096,0.5130042,-0.857825,0.031032413
1356523146701,0.8258699,0.52020943,0.21753408,-0.20338592,-0.08499086,0.97540283,0.52590215,-0.8497993,0.035611868
1356523146739,0.82147384,0.52400947,0.22493282,-0.20971146,-0.0891996,0.973686,0.53028464,-0.8470285,0.03661567
1356523146782,0.82139623,0.5161564,0.24267444,-0.22418384,-0.09905721,0.96949947,0.524452,-0.85074687,0.034348696
1356523146819,0.8232261,0.50116324,0.26671004,-0.24392247,-0.11198059,0.96330786,0.5126409,-0.8580767,0.030059667
1356523146859,0.82560706,0.48022604,0.29623634,-0.2687819,-0.1268981,0.95480525,0.4961142,-0.86791694,0.024308115
1356523146899,0.8277297,0.45670438,0.32601327,-0.29491246,-0.14020866,0.9451815,0.47737843,-0.8785002,0.018632948
1356523146939,0.82976115,0.43113658,0.35442588,-0.32101765,-0.1508029,0.9349899,0.45655683,-0.88959527,0.013272077
1356523146979,0.832392,0.40494147,0.3783464,-0.34319982,-0.15937306,0.92564255,0.4351293,-0.90034586,0.006314993
1356523147037,0.8363272,0.37755823,0.39750057,-0.35830986,-0.17233387,0.9175594,0.41493487,-0.90980816,-0.008844644
1356523147073,0.84251314,0.35067037,0.4089034,-0.3609704,-0.19591601,0.91176605,0.39984003,-0.91577685,-0.038480192
1356523147112,0.8508087,0.32190183,0.41533574,-0.344497,-0.25515097,0.9034488,0.39679518,-0.911744,-0.10619044
1356523147142,0.86329204,0.2997765,0.40603074,-0.31140345,-0.31672817,0.8959415,0.39718357,-0.8998985,-0.18007746
1356523147182,0.8751209,0.28533623,0.3908282,-0.27506563,-0.3711639,0.8868914,0.39812356,-0.8836406,-0.2463271
1356523147224,0.885612,0.283033,0.36821678,-0.23873699,-0.40263122,0.8836813,0.3983666,-0.8705058,-0.2890046
1356523147275,0.89342314,0.2928103,0.34067166,-0.20606862,-0.40672508,0.89000577,0.3991626,-0.8653535,-0.3030386
1356523147318,0.89745635,0.31296498,0.31084564,-0.1822814,-0.37858558,0.90743953,0.40167847,-0.87104875,-0.28271633
1356523147358,0.89922863,0.33209082,0.28478685,-0.16743606,-0.3401547,0.92534316,0.40416953,-0.8797786,-0.25027287
1356523147401,0.89888906,0.3485161,0.26558423,-0.16332722,-0.29593754,0.9411404,0.40659893,-0.8893579,-0.20909286
1356523147439,0.8966826,0.36285907,0.2535618,-0.16818619,-0.25059044,0.9533719,0.4094798,-0.89751756,-0.16367221
1356523147478,0.89246905,0.3772186,0.24739647,-0.17957108,-0.2060245,0.96192944,0.41382742,-0.9029175,-0.116132945
1356523147520,0.88633054,0.39161575,0.24709365,-0.19540066,-0.16746509,0.96631986,0.41980562,-0.904761,-0.07190746
1356523147578,0.8782386,0.40817437,0.24917987,-0.21139714,-0.13602346,0.96788883,0.42896172,-0.9027133,-0.033174157
1356523147598,0.8681936,0.42703635,0.2527446,-0.2257538,-0.11366731,0.9675304,0.4418994,-0.89706177,-0.0022801757
1356523147641,0.8565849,0.44918472,0.25395948,-0.23441863,-0.099695995,0.96701014,0.4596849,-0.8878591,0.01989919
1356523147679,0.84508634,0.47050375,0.2538805,-0.23900741,-0.092293575,0.9666216,0.47823066,-0.87755805,0.034457862
1356523147721,0.83594924,0.48623955,0.2544798,-0.24182922,-0.0898893,0.9661462,0.49265352,-0.8691898,0.04244405
1356523147759,0.83069456,0.49130034,0.26185971,-0.24916147,-0.09253764,0.96403074,0.49786055,-0.8660605,0.045542598
1356523147801,0.8293076,0.4820781,0.28257662,-0.2669197,-0.102515996,0.9582507,0.4909203,-0.87010986,0.043658853
1356523147839,0.8291471,0.46313924,0.31307697,-0.29290724,-0.117090836,0.94894415,0.47615176,-0.87851673,0.038571328
1356523147883,0.8285215,0.4354869,0.3519989,-0.326922,-0.13416235,0.9354798,0.4546142,-0.8901413,0.03121385
1356523147929,0.8269613,0.39964345,0.39549986,-0.3667682,-0.14972983,0.91818404,0.42616442,-0.90435946,0.022755742
1356523147969,0.82679737,0.36493456,0.42805248,-0.39808822,-0.15801497,0.9036355,0.39740652,-0.9175261,0.014629781
1356523148009,0.82864165,0.3314681,0.4510897,-0.42045373,-0.16345038,0.89247,0.3695561,-0.9292002,0.0039252043
1356523148049,0.83341384,0.29908,0.46472844,-0.431301,-0.17379028,0.8853115,0.34554425,-0.93826866,-0.015845716
1356523148091,0.8414284,0.2682907,0.46906114,-0.4278134,-0.19953866,0.88156676,0.33011204,-0.942446,-0.053119123
1356523148129,0.8523469,0.24103215,0.46412098,-0.4084023,-0.2475654,0.8785892,0.32666856,-0.9384108,-0.112573504
1356523148169,0.86517495,0.22030284,0.4504875,-0.37496793,-0.31228626,0.8728553,0.33297354,-0.92409086,-0.18757576
1356523148209,0.8785381,0.20956701,0.42924646,-0.33352304,-0.374181,0.865304,0.34195504,-0.9033661,-0.25883684
1356523148250,0.890815,0.21151605,0.4021313,-0.29111364,-0.4138286,0.86255366,0.34885737,-0.8854416,-0.30706954
1356523148288,0.9004147,0.22528365,0.37215674,-0.25336874,-0.42383444,0.86957955,0.3536349,-0.8772751,-0.32454693
1356523148331,0.90622985,0.24892159,0.34173894,-0.22605292,-0.39778316,0.88919556,0.35727793,-0.88306665,-0.30421352
1356523148375,0.9090689,0.2709529,0.31650957,-0.21029599,-0.35740334,0.90996623,0.35967955,-0.8937826,-0.26792395
1356523148419,0.9093702,0.289558,0.2986671,-0.20598485,-0.310333,0.9280428,0.3614085,-0.9054554,-0.22256303
1356523148469,0.90692985,0.30905658,0.28629056,-0.21110868,-0.2546834,0.9436999,0.3645701,-0.916308,-0.16573545
1356523148510,0.9018326,0.32753345,0.28181526,-0.22344574,-0.20471907,0.95297533,0.36982426,-0.9223946,-0.11143637
1356523148573,0.89499694,0.34676018,0.28060275,-0.23695049,-0.1633941,0.9576831,0.37793517,-0.92361236,-0.06407222
1356523148590,0.88634366,0.3692665,0.2793514,-0.24774992,-0.13146964,0.95986235,0.39117122,-0.9199772,-0.02504152
1356523148628,0.8762287,0.39297545,0.278915,-0.2563777,-0.10992563,0.9603055,0.4080364,-0.91295487,0.004430175
1356523148669,0.8652007,0.41947728,0.2747119,-0.2581883,-0.096961156,0.96121657,0.42984492,-0.90257263,0.024413258
1356523148714,0.8543606,0.44473362,0.26884946,-0.25590062,-0.090237126,0.96248233,0.4523084,-0.8911058,0.036712527
1356523148752,0.8456172,0.4635961,0.26459453,-0.25326687,-0.087883756,0.96339625,0.4698803,-0.88167745,0.043097526
1356523148799,0.84096813,0.46734,0.2727012,-0.2604602,-0.092114925,0.96108025,0.47427112,-0.8792657,0.04425776
1356523148838,0.8386844,0.4575467,0.2953972,-0.28000265,-0.102965176,0.95446146,0.46712634,-0.88320386,0.041759014
1356523148879,0.8364432,0.43605295,0.33199477,-0.3117322,-0.11969255,0.94260097,0.45076126,-0.8919257,0.035815746
1356523148919,0.8322399,0.40689257,0.37658358,-0.35133544,-0.1383859,0.92596596,0.42888248,-0.90293294,0.02778548
1356523148959,0.8261506,0.37421525,0.42123404,-0.39254165,-0.1540588,0.9067398,0.40421066,-0.9144555,0.019619286
1356523148998,0.8198905,0.340913,0.45995423,-0.43001193,-0.16370928,0.8878564,0.37798056,-0.9257309,0.012372971
1356523149039,0.815493,0.30861858,0.48961794,-0.45979342,-0.16833639,0.87192476,0.35151273,-0.93617165,0.0046236515
1356523149081,0.81431115,0.2778161,0.50962293,-0.47903016,-0.1741309,0.8603537,0.32776123,-0.9447204,-0.0087144375
1356523149124,0.8169029,0.24861574,0.52044207,-0.4848951,-0.19258428,0.853105,0.31232426,-0.94926375,-0.036770105
1356523149161,0.82352877,0.22255567,0.5217943,-0.47547904,-0.23085698,0.8488962,0.30938652,-0.9471927,-0.08429682
1356523149198,0.8329937,0.20124932,0.5153836,-0.4514702,-0.2912405,0.8434179,0.3198378,-0.93524206,-0.15174344
1356523149238,0.8446994,0.1877135,0.501245,-0.4171242,-0.35595703,0.83624274,0.33539578,-0.91545516,-0.22237682
1356523149281,0.8569944,0.18477842,0.4810587,-0.37975112,-0.40458938,0.8319233,0.34835276,-0.89563626,-0.27656102
1356523149320,0.8683722,0.19374497,0.45650035,-0.34489918,-0.4254876,0.83666295,0.35633445,-0.8839814,-0.30265915
1356523149361,0.87722445,0.21217784,0.43064818,-0.31668177,-0.41844714,0.851243,0.36081842,-0.88310957,-0.2998792
1356523149398,0.88277483,0.23477924,0.40692428,-0.29748344,-0.39104116,0.870971,0.36361,-0.88992447,-0.27535835
1356523149438,0.8848976,0.25838473,0.38754815,-0.28811803,-0.35011637,0.8912949,0.36598396,-0.90036434,-0.23537183
1356523149479,0.8837923,0.28086472,0.37420076,-0.287619,-0.3046828,0.9079888,0.3690346,-0.9101007,-0.18849427
1356523149519,0.87963676,0.3033947,0.3663206,-0.29388723,-0.25888056,0.9201147,0.37399125,-0.9170237,-0.13855702
1356523149576,0.8725046,0.3256352,0.3642766,-0.3056714,-0.21785325,0.9268791,0.38118333,-0.9200552,-0.09054059
1356523149597,0.86278856,0.34834766,0.36640126,-0.32022977,-0.18426096,0.92924744,0.3912146,-0.9190766,-0.04742697
1356523149638,0.8507096,0.37200734,0.37135383,-0.33517233,-0.16031182,0.9284178,0.40491065,-0.9142815,-0.011692226
1356523149679,0.83676124,0.3975468,0.37654635,-0.347199,-0.14655085,0.9262697,0.4234188,-0.90580314,0.015399784
1356523149719,0.82183385,0.42446277,0.38002706,-0.35411558,-0.1419653,0.9243635,0.4463086,-0.8942467,0.033637017
1356523149760,0.8074757,0.44956976,0.38192934,-0.35654038,-0.1438612,0.92313755,0.46995956,-0.8815844,0.04412535
1356523149799,0.79539496,0.46708348,0.386238,-0.35949674,-0.14948134,0.9210957,0.487964,-0.8714863,0.049018294
1356523149839,0.78623503,0.47148356,0.39942175,-0.37014017,-0.1582507,0.9153977,0.49480373,-0.86755973,0.050092757
1356523149878,0.7786443,0.46081427,0.4258676,-0.39285633,-0.17119,0.90352523,0.4892616,-0.8708296,0.047737688
1356523149920,0.77016586,0.43765494,0.46400723,-0.4264579,-0.18764532,0.8848294,0.4743187,-0.87934494,0.042123377
1356523149969,0.75880486,0.40161517,0.5127578,-0.47064844,-0.20609583,0.857913,0.45022807,-0.8923172,0.032633007
1356523150012,0.7473952,0.36602348,0.5544611,-0.5100393,-0.2186936,0.8318851,0.42574668,-0.9045439,0.023235857
1356523150049,0.7387505,0.33386815,0.58547395,-0.54076415,-0.22486007,0.81056285,0.40227085,-0.91540706,0.014428436
1356523150089,0.7337505,0.30321413,0.608006,-0.563514,-0.22832946,0.7939254,0.3795551,-0.92516315,0.0033285636
1356523150129,0.73347276,0.2727594,0.6225914,-0.5764338,-0.23577695,0.7823894,0.3601968,-0.932744,-0.015708208
1356523150171,0.7370948,0.2390958,0.6320795,-0.57841223,-0.26047522,0.7730408,0.3494718,-0.9354068,-0.053699017
1356523150209,0.7453234,0.20310085,0.63501424,-0.5673264,-0.30708408,0.76409423,0.350191,-0.9297577,-0.11365247
1356523150250,0.75665516,0.1659608,0.6324002,-0.5439298,-0.37691653,0.74971616,0.36278558,-0.91125786,-0.1949248
1356523150289,0.7718627,0.1380116,0.6206294,-0.5118654,-0.44412225,0.7353565,0.37712306,-0.8852729,-0.27215803
1356523150332,0.7884779,0.1284865,0.601493,-0.47697842,-0.48968998,0.7298597,0.3883222,-0.8623774,-0.32482442
1356523150368,0.80500555,0.13891527,0.5767743,-0.44218513,-0.50765955,0.73942816,0.39552286,-0.8502848,-0.34724247
1356523150412,0.8178327,0.16654366,0.55082923,-0.41350132,-0.49562263,0.7637897,0.40020782,-0.85242087,-0.33647037
1356523150449,0.8257577,0.19880891,0.52782506,-0.39429826,-0.46567392,0.7922605,0.4033028,-0.8623357,-0.30614382
1356523150490,0.8284099,0.23335876,0.5091962,-0.38630348,-0.42025054,0.821072,0.4055943,-0.8768884,-0.25799242
1356523150529,0.825734,0.26405048,0.4984383,-0.3893839,-0.37248763,0.8423973,0.4080975,-0.88967997,-0.2047587
1356523150570,0.8183905,0.29485634,0.4932512,-0.3997688,-0.32448715,0.85725904,0.41282195,-0.8987591,-0.14768285
1356523150629,0.8059019,0.32325518,0.49601242,-0.41732883,-0.2840955,0.8632071,0.41995105,-0.9026605,-0.094049394
1356523150654,0.78873885,0.35639906,0.50087005,-0.43530738,-0.25148714,0.864443,0.43404904,-0.8998522,-0.04321456
1356523150691,0.7652054,0.3849636,0.5160075,-0.4591107,-0.23557055,0.8565768,0.45130706,-0.89236176,-0.003518939
1356523150734,0.74088424,0.41194737,0.530462,-0.47703022,-0.23322654,0.8473769,0.4727925,-0.88085455,0.023717463
1356523150782,0.71681976,0.43456203,0.54527545,-0.4901396,-0.24216044,0.83733,0.49591592,-0.86747575,0.03941068
1356523150825,0.6943865,0.44842216,0.56280106,-0.502248,-0.2580866,0.825311,0.5153392,-0.8557505,0.046007276
1356523150860,0.6734509,0.44758812,0.58832705,-0.5205723,-0.27791142,0.8073226,0.52485085,-0.8499589,0.04584226
1356523150899,0.65166247,0.4292789,0.6253444,-0.55049044,-0.29951257,0.77926403,0.5218202,-0.85206324,0.041132867
1356523150940,0.6265085,0.39422888,0.67236197,-0.5920979,-0.32025793,0.73949647,0.50686014,-0.861405,0.032777756
1356523150979,0.5989481,0.35098508,0.7197712,-0.63718307,-0.3355331,0.693841,0.48503488,-0.8742008,0.022674799
1356523151021,0.57359064,0.30753255,0.7592217,-0.6779429,-0.34199843,0.6507155,0.45976874,-0.8879533,0.012322366
1356523151058,0.55596304,0.26930532,0.7863713,-0.70955276,-0.33900067,0.6177486,0.4329434,-0.90141726,0.002614528
1356523151100,0.5489071,0.23738852,0.801466,-0.7307277,-0.32929927,0.597996,0.4058795,-0.9138975,-0.0072883666
1356523151138,0.5512389,0.20848793,0.8078789,-0.7424488,-0.31919578,0.5889683,0.3806644,-0.924471,-0.02116149
1356523151179,0.5598032,0.17714593,0.8094688,-0.74575436,-0.31812638,0.58535975,0.36120754,-0.9313511,-0.04598081
1356523151228,0.57196754,0.1385557,0.8084896,-0.74086744,-0.3358075,0.5816775,0.3520916,-0.9316843,-0.08941958
1356523151270,0.5829334,0.07940379,0.8086307,-0.72859263,-0.38942185,0.56347424,0.35964048,-0.9176304,-0.16915399
1356523151318,0.60304177,0.021995008,0.7974063,-0.70682746,-0.44863984,0.5469161,0.36977768,-0.8934419,-0.2550019
1356523151361,0.6292387,-0.012700319,0.7771083,-0.6816925,-0.4892628,0.5439828,0.37330142,-0.8720439,-0.3165208
1356523151404,0.65670323,-0.01945597,0.753898,-0.6561928,-0.50743467,0.558499,0.37168786,-0.8614706,-0.34600085
1356523151440,0.6824702,0.001157254,0.7309125,-0.6316892,-0.5021344,0.5906182,0.3676998,-0.86478883,-0.34196073
1356523151479,0.7031814,0.03816858,0.70998526,-0.6109936,-0.4782436,0.6308485,0.36362445,-0.8773974,-0.31297123
1356523151519,0.7167637,0.081876636,0.6924926,-0.59699905,-0.44111967,0.6700789,0.36033592,-0.8937056,-0.26729828
1356523151577,0.72256017,0.1263222,0.67966866,-0.5908734,-0.3975019,0.70204043,0.35885286,-0.9088646,-0.2125786
1356523151600,0.7208763,0.1699823,0.67189544,-0.5918192,-0.35353792,0.7244039,0.36067635,-0.91984624,-0.15425831
1356523151639,0.71213746,0.21218441,0.669207,-0.5984906,-0.31478754,0.7366938,0.36697295,-0.9251414,-0.09718162
1356523151679,0.6970943,0.25230724,0.67111886,-0.60899866,-0.28563574,0.7399546,0.37839147,-0.9245286,-0.045460284
1356523151719,0.6764933,0.28911817,0.67732376,-0.6214542,-0.26938593,0.7356806,0.39516014,-0.91860867,-0.0025640726
1356523151759,0.65131366,0.32160038,0.6872872,-0.63357675,-0.26795343,0.72579724,0.4175775,-0.9081709,0.029236736
1356523151799,0.62228394,0.34806263,0.70115274,-0.64399165,-0.28157434,0.7113303,0.44501406,-0.8941859,0.048930228
1356523151844,0.58977866,0.36551136,0.72011286,-0.6535401,-0.30779293,0.691483,0.4743906,-0.87844455,0.057346642
1356523151878,0.5529035,0.3688243,0.74717224,-0.66745776,-0.34074146,0.6621143,0.49879643,-0.8647912,0.057777524
1356523151919,0.50991255,0.35253266,0.7846719,-0.69165766,-0.37433136,0.61764526,0.51146746,-0.85766935,0.052955657
1356523151959,0.458184,0.31445557,0.8313754,-0.7284041,-0.40320677,0.5539419,0.5094064,-0.8593846,0.044307884
1356523151998,0.39988458,0.2612637,0.87854064,-0.77137625,-0.4217733,0.47653526,0.49504638,-0.86824447,0.03287199
1356523152041,0.34453416,0.20598108,0.91589737,-0.8108131,-0.4264431,0.4009096,0.47315785,-0.8807487,0.02008786
1356523152082,0.3050366,0.16158074,0.93853307,-0.8399896,-0.41871923,0.3450966,0.44874287,-0.89362514,0.008001462
1356523152119,0.28701073,0.13128865,0.9488878,-0.8592238,-0.40265387,0.31560135,0.4235083,-0.90588796,-0.0027595758
1356523152158,0.2897796,0.111671776,0.9505563,-0.8700837,-0.3830179,0.3102444,0.39872566,-0.91696596,-0.0138269365
1356523152199,0.3066194,0.09368071,0.94721085,-0.8740468,-0.36630148,0.31916344,0.37686425,-0.9257684,-0.030433804
1356523152239,0.32937545,0.066027015,0.94188756,-0.87199724,-0.3613128,0.33026323,0.36212236,-0.9301039,-0.061432138
1356523152291,0.34860307,0.0087091625,0.93723,-0.86477864,-0.3826176,0.32521018,0.36143303,-0.9238657,-0.12585014
1356523152329,0.37844026,-0.053934246,0.9240531,-0.84976363,-0.41605228,0.32373172,0.36699414,-0.9077398,-0.2032823
1356523152369,0.40875047,-0.11087182,0.90588653,-0.8326981,-0.45157546,0.32045814,0.37354633,-0.88531744,-0.27690446
1356523152410,0.44296283,-0.14149407,0.8853041,-0.8130249,-0.47957438,0.3301497,0.37785494,-0.86601835,-0.32747185
1356523152449,0.4801163,-0.13706097,0.86643094,-0.7902123,-0.49641734,0.35935274,0.38085812,-0.8571955,-0.34664536
1356523152488,0.5156155,-0.10470903,0.85039794,-0.76601654,-0.50099754,0.4027656,0.38387406,-0.85909104,-0.33853096
1356523152531,0.54533327,-0.052540988,0.83657104,-0.7434902,-0.49120447,0.4538067,0.38708395,-0.86945826,-0.30693382
1356523152569,0.56443185,0.002926141,0.8254745,-0.727602,-0.4705494,0.4991779,0.38988718,-0.8823688,-0.263464
1356523152606,0.5733104,0.058883637,0.8172196,-0.7191167,-0.4418459,0.536324,0.39266583,-0.8951564,-0.21097064
1356523152649,0.5704288,0.108903706,0.81409526,-0.7196151,-0.41153437,0.55927956,0.39593577,-0.9048643,-0.15638232
1356523152691,0.5578962,0.15385044,0.81552553,-0.72670496,-0.3840266,0.5695819,0.40081394,-0.91041404,-0.10244311
1356523152729,0.5351355,0.19046512,0.82301456,-0.73983777,-0.36459574,0.565429,0.4077621,-0.9114784,-0.054194808
1356523152771,0.5055785,0.2210854,0.83397335,-0.75400615,-0.35661045,0.5516372,0.4193626,-0.907717,-0.013594799
1356523152809,0.4671942,0.2424146,0.8502733,-0.76933336,-0.36247092,0.5260618,0.43572444,-0.89991665,0.017153323
1356523152851,0.4238942,0.2551646,0.8690251,-0.78115857,-0.3825908,0.4933715,0.458372,-0.8879838,0.03714604
1356523152898,0.37268054,0.25425714,0.8924475,-0.7913906,-0.41512227,0.44874763,0.48457208,-0.87351406,0.0465087
1356523152940,0.30717027,0.23172095,0.9230124,-0.8083242,-0.4483552,0.381562,0.5022533,-0.8632977,0.04958427
1356523152979,0.23485237,0.19077873,0.9531253,-0.8293476,-0.47209358,0.29884803,0.5069782,-0.86065733,0.04734961
1356523153019,0.16081208,0.13804513,0.9772835,-0.8513291,-0.48158896,0.20811257,0.49937785,-0.8654568,0.04007654
1356523153058,0.0965423,0.0864594,0.9915666,-0.8697343,-0.47709078,0.12628007,0.48398536,-0.8745909,0.029137254
1356523153103,0.054128885,0.047112435,0.99742186,-0.8837426,-0.4627362,0.06981662,0.4648324,-0.8852433,0.016587809
1356523153139,0.04077977,0.02505058,0.9988541,-0.89513004,-0.44325018,0.047661513,0.44393617,-0.89604795,0.004347831
1356523153179,0.055549324,0.017760158,0.9982979,-0.90497345,-0.42151612,0.057855338,0.4218262,-0.90664697,-0.007342458
1356523153219,0.09128314,0.016518503,0.99568796,-0.91197264,-0.40020156,0.0902476,0.39996657,-0.91627824,-0.021467268
1356523153258,0.13730514,0.0092628,0.9904855,-0.91378003,-0.38475418,0.13027006,0.38230008,-0.9229726,-0.0443646
1356523153301,0.18195802,-0.017320603,0.98315376,-0.9092063,-0.38374203,0.1615116,0.37447995,-0.9232779,-0.08557296
1356523153339,0.2248258,-0.062885076,0.97236764,-0.8980435,-0.40061373,0.18173245,0.3781155,-0.9140866,-0.14654183
1356523153379,0.26487797,-0.11951661,0.9568466,-0.88208616,-0.43091506,0.19035825,0.38956866,-0.8944428,-0.21956384
1356523153419,0.30800796,-0.16435489,0.9370798,-0.8628198,-0.46324527,0.2023507,0.4008405,-0.87085664,-0.2844919
1356523153458,0.3562188,-0.17849621,0.9171953,-0.8406104,-0.48984236,0.23114628,0.4080224,-0.8533426,-0.32453686
1356523153498,0.4067145,-0.15806001,0.8997779,-0.815476,-0.50678575,0.2795838,0.41180357,-0.8474581,-0.3350113
1356523153541,0.45344794,-0.11168328,0.8842578,-0.7896116,-0.5105068,0.34043548,0.41339865,-0.85258996,-0.31967467
1356523153579,0.4910397,-0.0522542,0.8695686,-0.76684034,-0.4995374,0.4030115,0.41332304,-0.8647149,-0.28536332
1356523153615,0.51657796,0.009095967,0.8561918,-0.75046504,-0.4766275,0.4578519,0.41224915,-0.87905824,-0.23938903
1356523153659,0.5296397,0.06592575,0.8456569,-0.7418778,-0.44732773,0.49951506,0.4112167,-0.891937,-0.18801367
1356523153699,0.5310601,0.11546731,0.83942986,-0.74072635,-0.41780102,0.52608633,0.4114604,-0.9011713,-0.13634777
1356523153738,0.52194256,0.15704057,0.8383998,-0.7454121,-0.39383668,0.53782284,0.41465265,-0.905666,-0.088500164
1356523153779,0.5028933,0.19047865,0.8430991,-0.7537205,-0.38081473,0.5356168,0.42308816,-0.9048193,-0.047941506
1356523153819,0.47394857,0.21474123,0.8539666,-0.7637677,-0.38237968,0.5200429,0.4382141,-0.8987057,-0.01721587
1356523153861,0.43613285,0.22913271,0.870222,-0.7730256,-0.39965707,0.49265164,0.46067297,-0.88756543,0.0028218925
1356523153900,0.3878278,0.23018077,0.8925282,-0.7826147,-0.42930973,0.45078534,0.48693314,-0.8733327,0.013644606
1356523153940,0.32707357,0.21320897,0.92063284,-0.79594904,-0.46299434,0.39000177,0.50939965,-0.86033607,0.018270254
1356523153980,0.25327206,0.17526174,0.9513867,-0.81495655,-0.49124485,0.30744827,0.5212476,-0.8532069,0.018412054
1356523154021,0.16898876,0.11963022,0.9783309,-0.8373234,-0.50619644,0.20652992,0.51993483,-0.8540806,0.014627695
1356523154059,0.08569467,0.0600785,0.99450845,-0.85671455,-0.50512797,0.10433617,0.50862235,-0.8609508,0.008183286
1356523154100,0.019512057,0.0120378435,0.99973714,-0.8707738,-0.49114978,0.022908986,0.49129644,-0.87099195,8.9886785E-4
1356523154157,-0.017278194,-0.015120178,0.9997364,-0.88194215,-0.47082698,-0.022363245,0.471041,-0.88209605,-0.0052001476
1356523154189,-0.022352159,-0.022411704,0.99949896,-0.8951003,-0.44485503,-0.029992402,0.44530427,-0.8953222,-0.010117292
1356523154221,0.0120613575,-0.01313287,0.9998411,-0.90703744,-0.42101526,0.0054118633,0.42087725,-0.9069585,-0.016990066
1356523154262,0.050756454,-0.014716357,0.9986026,-0.91477346,-0.4019246,0.040572464,0.40076587,-0.9155545,-0.033862382
1356523154306,0.08830851,-0.039349318,0.9953157,-0.91662276,-0.3943113,0.065737695,0.38987744,-0.9181342,-0.07088953
1356523154352,0.11978811,-0.09461522,0.9882808,-0.912284,-0.40318406,0.07197696,0.39164886,-0.91021466,-0.13461265
1356523154389,0.15377831,-0.15757588,0.97545993,-0.90380514,-0.42142636,0.074404955,0.3993601,-0.89306754,-0.20722416
1356523154432,0.18860471,-0.21137911,0.95903444,-0.89303774,-0.44317943,0.07794529,0.40854836,-0.87115484,-0.27235526
1356523154474,0.23356742,-0.23105478,0.94448924,-0.8796319,-0.4641505,0.10398123,0.41435978,-0.8550894,-0.3116536
1356523154512,0.283808,-0.21108207,0.9353595,-0.86356294,-0.48026335,0.15364257,0.4167877,-0.85134685,-0.31858528
1356523154586,0.33148333,-0.16620767,0.92870545,-0.846316,-0.4874346,0.2148413,0.4169749,-0.8571946,-0.30224067
1356523154589,0.37125522,-0.10463342,0.9226166,-0.8303118,-0.482185,0.27942795,0.4156344,-0.8697985,-0.2658921
1356523154624,0.39727315,-0.04188171,0.91674423,-0.8189038,-0.46706578,0.33353576,0.4142108,-0.8832301,-0.21984978
1356523154671,0.41049623,0.0204387,0.9116332,-0.81235003,-0.44594884,0.3757885,0.41422242,-0.89482504,-0.16645692
1356523154709,0.40859973,0.07340613,0.909757,-0.81233525,-0.4251926,0.39915243,0.4161222,-0.9021213,-0.1141032
1356523154749,0.39644092,0.12026194,0.9101493,-0.81547976,-0.40924597,0.4092804,0.42169577,-0.90446377,-0.06417067
1356523154790,0.3709882,0.1553132,0.9155575,-0.8226141,-0.40251303,0.40160856,0.43089887,-0.9021425,-0.02156479
1356523154829,0.33676624,0.18002349,0.92421854,-0.82945806,-0.40782684,0.38167584,0.44563183,-0.8951361,0.011979669
1356523154869,0.29132718,0.19104722,0.93735236,-0.8359046,-0.4256376,0.3465491,0.46517962,-0.8844963,0.0356974
1356523154913,0.23390949,0.1853559,0.9544263,-0.84202456,-0.4521671,0.2941761,0.48608744,-0.87246096,0.05030805
1356523154949,0.16044092,0.159608,0.97405547,-0.8511126,-0.47739094,0.21841541,0.49986607,-0.86407363,0.05925134
1356523154989,0.07970363,0.11927265,0.98965716,-0.8617564,-0.4907657,0.1285496,0.5010222,-0.8630893,0.0636681
1356523155028,-0.0031014085,0.071499705,0.9974358,-0.8721133,-0.4882375,0.032286823,0.48929408,-0.8697769,0.06387013
1356523155069,-0.07560253,0.028166384,0.99674016,-0.88003767,-0.47189033,-0.053415745,0.46884757,-0.8812072,0.060463578
1356523155109,-0.12635958,-0.0019114017,0.9919826,-0.88706505,-0.44738364,-0.11385712,0.4440144,-0.89434004,0.054835677
1356523155151,-0.14873987,-0.015278101,0.9887584,-0.8962791,-0.4203707,-0.1413236,0.41780418,-0.90722394,0.048832357
1356523155190,-0.14290047,-0.01432544,0.98963344,-0.90912145,-0.39336723,-0.13696891,0.39125147,-0.91926986,0.04318875
1356523155228,-0.11408085,-0.0065203607,0.99345005,-0.923648,-0.36756873,-0.10847777,0.36586857,-0.9299734,0.0359101
1356523155270,-0.07413077,-0.005600065,0.9972328,-0.9356729,-0.34554994,-0.071495116,0.34499407,-0.93838364,0.020376056
1356523155311,-0.032404482,-0.023885787,0.9991894,-0.9420849,-0.33315527,-0.03851673,0.33380523,-0.9425694,-0.01170668
1356523155349,0.0010838509,-0.072384536,0.9973762,-0.94144267,-0.33636105,-0.023388356,0.33717144,-0.9389472,-0.06851044
1356523155388,0.02980125,-0.14379132,0.9891592,-0.93525875,-0.35320574,-0.023167223,0.35270798,-0.9244294,-0.14500803
1356523155430,0.05927372,-0.21812704,0.9741187,-0.9262812,-0.37580723,-0.027788788,0.3721423,-0.90066063,-0.2243225
1356523155469,0.09826422,-0.26674578,0.9587444,-0.91717863,-0.3981235,-0.016763508,0.38617027,-0.87769264,-0.28377482
1356523155509,0.14657158,-0.27642265,0.9497933,-0.90793145,-0.41872126,0.018249094,0.39265424,-0.86502194,-0.3123454
1356523155586,0.19940156,-0.24948123,0.94762766,-0.8972684,-0.43520033,0.074230015,0.39388886,-0.8650779,-0.31063122
1356523155589,0.24945393,-0.1950801,0.9485339,-0.8853064,-0.44287935,0.14174113,0.39243516,-0.875101,-0.28318366
1356523155625,0.28775233,-0.13083044,0.9487265,-0.87460375,-0.4395256,0.20465952,0.3902139,-0.88865095,-0.24089926
1356523155669,0.3123412,-0.063856214,0.9478214,-0.8670726,-0.42678708,0.25697833,0.38810825,-0.9020949,-0.18867117
1356523155710,0.32145342,-9.0551376E-4,0.9469249,-0.8642749,-0.40887257,0.2930051,0.38690636,-0.912591,-0.13221607
1356523155749,0.3153525,0.05375898,0.94745064,-0.86618733,-0.3915311,0.31052026,0.3876497,-0.91859305,-0.07690494
1356523155798,0.2971393,0.104340136,0.9491161,-0.8694972,-0.38118792,0.31411862,0.39456674,-0.9185908,-0.022542462
1356523155838,0.25623703,0.13701874,0.9568535,-0.8767558,-0.38385153,0.28975403,0.4069914,-0.9131725,0.021774977
1356523155878,0.20615685,0.15569565,0.9660529,-0.8805771,-0.40100485,0.25254482,0.42671207,-0.9027479,0.0544322
1356523155922,0.14508909,0.15652588,0.97695893,-0.8795546,-0.43181098,0.1998071,0.45313662,-0.88827854,0.07502204
1356523155958,0.06908494,0.13472474,0.9884718,-0.8748343,-0.46803463,0.12493399,0.4794708,-0.87338006,0.08552772
1356523155999,-0.02012968,0.089845896,0.9957522,-0.8664588,-0.49849272,0.027462631,0.4988426,-0.8622254,0.087882265
1356523156039,-0.11866605,0.027822882,0.9925443,-0.8542148,-0.51245946,-0.087762535,0.506197,-0.8582605,0.084578335
1356523156082,-0.21256572,-0.036914885,0.97644925,-0.83974755,-0.5040591,-0.20186284,0.49963984,-0.86288,0.07614645
1356523156118,-0.28651154,-0.08748087,0.9540745,-0.8260119,-0.48197097,-0.2922468,0.48540223,-0.871809,0.06583005
1356523156162,-0.33228153,-0.11665559,0.9359383,-0.8212802,-0.45215333,-0.3479315,0.4637757,-0.8842788,0.054435194
1356523156198,-0.34271127,-0.121672034,0.93152833,-0.8301413,-0.42497402,-0.36091894,0.4397891,-0.8969911,0.044638395
1356523156248,-0.32515246,-0.110504,0.93918306,-0.8507886,-0.39938504,-0.34154114,0.41283733,-0.91009915,0.03584549
1356523156281,-0.27795565,-0.09122878,0.956252,-0.8792759,-0.37668455,-0.29151756,0.3868002,-0.92183834,0.024486423
1356523156323,-0.22214031,-0.08642194,0.9711771,-0.903864,-0.35526812,-0.23835775,0.36562756,-0.93076086,8.057356E-4
1356523156358,-0.1613509,-0.10404056,0.9813976,-0.92155665,-0.33993864,-0.1875503,0.3531278,-0.934675,-0.04102987
1356523156402,-0.116966665,-0.1636352,0.9795623,-0.92795783,-0.3334232,-0.1665028,0.3538545,-0.92846775,-0.11284718
1356523156438,-0.0711261,-0.23672417,0.96896994,-0.93022263,-0.33489728,-0.15009898,0.36003742,-0.91203374,-0.19638625
1356523156483,-0.025769234,-0.30394185,0.95234203,-0.93045294,-0.34102368,-0.13401535,0.36550406,-0.88956296,-0.27401567
1356523156519,0.03231266,-0.3369644,0.9409628,-0.9296906,-0.3557535,-0.09547189,0.36692145,-0.87171924,-0.32476792
1356523156582,0.09848082,-0.32829475,0.9394275,-0.92542875,-0.377316,-0.034844518,0.36590028,-0.86594176,-0.34097183
1356523156597,0.16639608,-0.28686702,0.94340855,-0.9161371,-0.39883316,0.04031086,0.3646987,-0.87099916,-0.32917383
1356523156636,0.22676647,-0.22482175,0.94764555,-0.90332836,-0.41230088,0.1183463,0.3641083,-0.8828721,-0.29658386
1356523156679,0.27207443,-0.15596008,0.9495536,-0.89052856,-0.41469404,0.18705037,0.36460185,-0.8964962,-0.25171453
1356523156719,0.30104172,-0.085047334,0.949811,-0.8800099,-0.4084761,0.24234286,0.3673644,-0.90879834,-0.1978109
1356523156768,0.31294632,-0.012761503,0.9496851,-0.8727648,-0.3982687,0.28224725,0.37462798,-0.91718,-0.13577451
1356523156809,0.2991869,0.043177336,0.95321715,-0.8733363,-0.3900593,0.29178286,0.38440967,-0.9197768,-0.07899226
1356523156851,0.27205747,0.086310655,0.95840245,-0.87619615,-0.38953394,0.2838021,0.39782542,-0.916959,-0.03035058
1356523156888,0.23079145,0.11449015,0.9662439,-0.87975943,-0.39965314,0.2574891,0.41564244,-0.90948844,0.008487284
1356523156929,0.17527771,0.12573746,0.9764567,-0.8819401,-0.4207483,0.21249098,0.43756062,-0.89842135,0.037145182
1356523156974,0.10373974,0.11669123,0.9877354,-0.8818593,-0.44846886,0.14560199,0.459959,-0.88614833,0.056381166
1356523157009,0.015403867,0.085635275,0.9962075,-0.87912524,-0.47348797,0.054295152,0.47634184,-0.87662745,0.06799057
1356523157049,-0.08445412,0.037180126,0.9957335,-0.87235916,-0.4856642,-0.055855572,0.48151532,-0.87335443,0.073450774
1356523157090,-0.18342471,-0.016893566,0.98288864,-0.8609188,-0.47988325,-0.16891104,0.47452527,-0.8771698,0.0734784
1356523157128,-0.26503623,-0.062228918,0.96222836,-0.8484075,-0.4591682,-0.2633806,0.45821458,-0.8861671,0.068900704
1356523157171,-0.31689024,-0.0895516,0.9442251,-0.8421674,-0.43135804,-0.32354945,0.43627346,-0.8977253,0.06127575
1356523157209,-0.33344424,-0.09672949,0.9377943,-0.84820473,-0.40343636,-0.3432023,0.41153812,-0.90988046,0.05247718
1356523157249,-0.31550622,-0.087818235,0.9448513,-0.8669349,-0.37819737,-0.3246394,0.3858495,-0.92155015,0.043190897
1356523157289,-0.26969856,-0.07230073,0.9602267,-0.8925767,-0.35541987,-0.2774592,0.36134416,-0.9319063,0.03132221
1356523157332,-0.20892662,-0.0650692,0.97576416,-0.91623247,-0.3357749,-0.21857113,0.3418593,-0.9396921,0.01053378
1356523157368,-0.1465885,-0.07977116,0.98597586,-0.9317446,-0.32361007,-0.16470763,0.33221054,-0.94282186,-0.026888907
1356523157410,-0.09707701,-0.1276311,0.9870595,-0.9368342,-0.3231218,-0.13391837,0.3360325,-0.93771136,-0.08820152
1356523157448,-0.056093752,-0.19822222,0.9785506,-0.9353942,-0.33228517,-0.120929986,0.3491289,-0.92211413,-0.1667768
1356523157490,-0.013661623,-0.26591417,0.96389985,-0.93184245,-0.34619492,-0.10871321,0.3626057,-0.89968807,-0.2430605
1356523157528,0.040416956,-0.30368713,0.9519142,-0.9276569,-0.36537164,-0.07717675,0.37124005,-0.87993044,-0.29648465
1356523157587,0.1067546,-0.30066445,0.94773644,-0.9204252,-0.39039803,-0.02017346,0.37605983,-0.8701668,-0.3184159
1356523157608,0.17846987,-0.2623432,0.9483272,-0.90788424,-0.41547415,0.055922836,0.37933454,-0.8709519,-0.31232682
