1356523588483,0.7791878,0.06349337,0.6235664,-0.6192268,-0.076109916,0.78151494,0.09708056,-0.9950759,-0.019987129
1356523588486,-0.36854225,-0.017273992,-0.9294504,0.92452765,0.09760517,-0.36840436,0.09708294,-0.9950752,-0.020001292
1356523588511,-0.3686399,-0.017217457,-0.92941284,0.9244863,0.0976553,-0.36849493,0.097106606,-0.99507135,-0.020082295
1356523588542,-0.36896604,-0.01713115,-0.92928493,0.92434967,0.09776336,-0.36880878,0.09716809,-0.99506223,-0.020236135
1356523588583,-0.36970097,-0.016993016,-0.9289954,0.92403543,0.09804642,-0.36952052,0.09736392,-0.9950367,-0.020545661
1356523588632,-0.37166464,-0.01699689,-0.92821145,0.92320824,0.098490894,-0.37146482,0.09773412,-0.99499273,-0.020913899
1356523588682,-0.37565494,-0.017216295,-0.9265996,0.92151654,0.09926325,-0.3754385,0.098440975,-0.9949122,-0.021423638
1356523588719,-0.3841746,-0.01768601,-0.9230911,0.9179068,0.10019821,-0.3839367,0.09928244,-0.9948103,-0.022259533
1356523588761,-0.3948419,-0.017899662,-0.9185747,0.91326535,0.10142797,-0.39453614,0.10023126,-0.99468184,-0.023700893
1356523588799,-0.40682483,-0.017888427,-0.9133311,0.90787953,0.10288072,-0.40641153,0.10123426,-0.9945328,-0.025613904
1356523588842,-0.41878498,-0.017934114,-0.9079083,0.902308,0.104382515,-0.41826364,0.10227096,-0.99437547,-0.027531743
1356523588878,-0.4296829,-0.018432587,-0.90279174,0.89705956,0.105585575,-0.42911047,0.10323146,-0.9942394,-0.02883321
1356523588922,-0.43805283,-0.019480914,-0.8987381,0.8928933,0.106422424,-0.43751085,0.10416895,-0.99413013,-0.029224217
1356523588960,-0.44371402,-0.021008492,-0.8959222,0.88998187,0.10693693,-0.4432796,0.105119824,-0.9940438,-0.028752208
1356523589002,-0.44643426,-0.023138016,-0.8945172,0.88849294,0.107173026,-0.44619986,0.10619232,-0.9939711,-0.027287781
1356523589039,-0.44682413,-0.025475651,-0.894259,0.88816404,0.1072557,-0.44683427,0.10729775,-0.993905,-0.02529782
1356523589083,-0.44559968,-0.028021991,-0.8947936,0.8886363,0.10726333,-0.44589254,0.1084733,-0.9938357,-0.022895098
1356523589120,-0.4437191,-0.030276,-0.8956543,0.8894412,0.107328475,-0.44426903,0.10957989,-0.9937625,-0.020694971
1356523589158,-0.44202083,-0.032052696,-0.896432,0.8901627,0.107524335,-0.44277415,0.110580385,-0.9936856,-0.018995881
1356523589201,-0.44092697,-0.033287555,-0.89692545,0.89059246,0.10789758,-0.4418181,0.11148319,-0.99360454,-0.017929316
1356523589240,-0.4405558,-0.03406599,-0.89707875,0.8906746,0.10840809,-0.44152746,0.11229172,-0.99352264,-0.017418146
1356523589278,-0.44069856,-0.034608275,-0.89698774,0.89051723,0.108908355,-0.44172153,0.11297673,-0.9934491,-0.017176509
1356523589322,-0.44091445,-0.03519267,-0.89685893,0.89034903,0.10916346,-0.44199762,0.11345935,-0.9934006,-0.01679802
1356523589357,-0.440858,-0.03597504,-0.8968556,0.89035344,0.10898286,-0.44203335,0.11364409,-0.9933924,-0.01601547
1356523589403,-0.4401104,-0.03709525,-0.8971772,0.89076054,0.10809076,-0.44143188,0.11335161,-0.99344873,-0.01452893
1356523589439,-0.43873245,-0.038268536,-0.8978025,0.8915281,0.1067158,-0.44021505,0.11265609,-0.99355286,-0.012702167
1356523589482,-0.43691015,-0.03931141,-0.8986458,0.89258635,0.10472673,-0.43854538,0.111352146,-0.99372387,-0.010667384
1356523589520,-0.4346559,-0.039785534,-0.89971733,0.8939086,0.10246605,-0.43638068,0.109552115,-0.99394053,-0.008972824
1356523589556,-0.43226522,-0.039263487,-0.9008913,0.8953806,0.09981233,-0.43397123,0.10695925,-0.9942313,-0.007989645
1356523589599,-0.42899102,-0.037430674,-0.9025329,0.89736927,0.09672886,-0.43054828,0.10341674,-0.9946066,-0.007906675
1356523589642,-0.4249304,-0.033780277,-0.9045955,0.899888,0.09260023,-0.426177,0.098162144,-0.9951302,-0.008950174
1356523589679,-0.41841102,-0.028531432,-0.90780956,0.90364826,0.087494135,-0.4192429,0.0913896,-0.9957564,-0.010826111
1356523589722,-0.41141343,-0.021184415,-0.9112026,0.90775824,0.08035207,-0.41172636,0.08193916,-0.9965414,-0.013827562
1356523589759,-0.40115136,-0.012665421,-0.9159242,0.9132364,0.07224822,-0.4009732,0.071252406,-0.9973062,-0.01741594
1356523589802,-0.39110863,-0.0026388168,-0.9203408,0.9184819,0.06246966,-0.39049783,0.058523804,-0.9980434,-0.022008717
1356523589962,-0.37842458,0.0077117383,-0.92560005,0.92451227,0.052324355,-0.37754387,0.045519948,-0.9986004,-0.026930451
1356523589966,-0.36566377,0.018029153,-0.9305724,0.9301948,0.041515827,-0.36471102,0.03205806,-0.99897516,-0.031951427
1356523589967,-0.35042828,0.026978612,-0.936201,0.9363932,0.03056264,-0.3496195,0.019180536,-0.99916875,-0.035972655
1356523589969,-0.3323366,0.03312561,-0.9425789,0.9431418,0.018009782,-0.33190218,0.005981177,-0.9992889,-0.03722745
1356523590005,-0.30593914,0.035144717,-0.9514022,0.9520395,0.0063619018,-0.30590907,-0.004698366,-0.999362,-0.035405517
1356523590051,-0.2738685,0.031273037,-0.9612586,0.96168494,-0.0041646957,-0.27412543,-0.012576103,-0.9995022,-0.02893418
1356523590090,-0.23419333,0.021024942,-0.9719627,0.9720132,-0.014005184,-0.23450851,-0.018543035,-0.9996809,-0.017156601
1356523590128,-0.1867361,0.0050334334,-0.9823972,0.98210275,-0.024055481,-0.18680343,-0.024572253,-0.9996979,-4.5132637E-4
1356523590170,-0.13289112,-0.014978677,-0.99101746,0.9906107,-0.03439212,-0.13231671,-0.032101244,-0.9992962,0.019408405
1356523590209,-0.07641345,-0.036309987,-0.9964149,0.9962506,-0.04343933,-0.074817926,-0.04056695,-0.99839604,0.039493173
1356523590250,-0.024145126,-0.05534339,-0.9981754,0.9985597,-0.049186707,-0.021427274,-0.047911137,-0.9972551,0.05645135
1356523590288,0.015065253,-0.06844854,-0.99754083,0.99854326,-0.050664842,0.018556803,-0.051810503,-0.9963672,0.06758559
1356523590330,0.034089208,-0.07432225,-0.9966515,0.9981184,-0.048323333,0.037742943,-0.05096668,-0.99606276,0.0725351
1356523590368,0.02883923,-0.07421255,-0.99682534,0.9985622,-0.042941213,0.032086402,-0.045186043,-0.9963175,0.07286742
1356523590410,-0.002451539,-0.07052955,-0.9975067,0.9993999,-0.034638762,-6.9737434E-6,-0.03455192,-0.9969081,0.07057217
1356523590449,-0.05890566,-0.066051394,-0.996076,0.9980817,-0.022942483,-0.057502955,-0.019054323,-0.9975524,0.06727612
1356523590490,-0.13458085,-0.0642561,-0.988817,0.9909016,-0.007261634,-0.13439268,0.001455158,-0.997907,0.06464875
1356523590529,-0.21869653,-0.070146084,-0.97326833,0.97543705,0.011217892,-0.2199924,0.026349604,-0.9974736,0.065969825
1356523590566,-0.29476923,-0.09100658,-0.95122504,0.9540023,0.028943658,-0.29839897,0.054688215,-0.99542964,0.078288734
1356523590610,-0.35099,-0.13406438,-0.9267323,0.9325767,0.03905332,-0.35885307,0.08430144,-0.9902028,0.11131793
1356523590651,-0.37895685,-0.2046031,-0.9025128,0.91862833,0.03471881,-0.39359447,0.111864835,-0.97822905,0.1747973
1356523590688,-0.38418692,-0.29724914,-0.8740958,0.91368514,0.013554037,-0.40619674,0.13258913,-0.9547038,0.26638484
1356523590730,-0.37795526,-0.39562833,-0.8370353,0.91466784,-0.019634485,-0.4037292,0.14329201,-0.91820085,0.36928943
1356523590768,-0.38239372,-0.4749727,-0.79257554,0.91242266,-0.058746934,-0.40501064,0.14580762,-0.8780374,0.45584035
1356523590810,-0.4132706,-0.5184622,-0.7486016,0.89911413,-0.102122426,-0.42563462,0.14422649,-0.84898055,0.50836086
1356523590849,-0.4707842,-0.5233575,-0.7102529,0.8709222,-0.14710426,-0.46888685,0.14091423,-0.83931947,0.52505803
1356523590891,-0.54526526,-0.4933581,-0.6777045,0.82719207,-0.18571389,-0.5303427,0.13578975,-0.84976935,0.5093654
1356523590929,-0.6175118,-0.44251096,-0.6502794,0.7760229,-0.20786953,-0.5954652,0.1283266,-0.87233853,0.47176045
1356523590970,-0.68057615,-0.37776354,-0.62778234,0.7232634,-0.20948035,-0.65803343,0.11707294,-0.9018939,0.41578996
1356523591008,-0.72804314,-0.3084354,-0.61222625,0.67795086,-0.19149548,-0.7097269,0.10166639,-0.93177104,0.34852087
1356523591049,-0.759454,-0.24019478,-0.60459566,0.6453156,-0.16036314,-0.7468944,0.082445264,-0.95738703,0.27678996
1356523591089,-0.77553606,-0.17746764,-0.6058457,0.6283725,-0.12463701,-0.76786304,0.06076002,-0.97620225,0.20817626
1356523591132,-0.778286,-0.122436285,-0.61585736,0.6267899,-0.092930555,-0.77362674,0.037488014,-0.9881161,0.14906836
1356523591168,-0.76569724,-0.0795148,-0.63826716,0.6430279,-0.07160622,-0.76248777,0.014925152,-0.9942584,0.105959
1356523591212,-0.7399922,-0.04956746,-0.6707865,0.6725622,-0.067070365,-0.736995,-0.008458942,-0.9965162,0.08296877
1356523591260,-0.6942149,-0.033286065,-0.71899784,0.719048,-0.076737165,-0.6907108,-0.032182813,-0.9964956,0.07720631
1356523591292,-0.62507737,-0.030605108,-0.77996254,0.7786534,-0.09429735,-0.62032807,-0.054563254,-0.99507356,0.08277398
1356523591328,-0.52776414,-0.040345967,-0.8484322,0.8463658,-0.109207034,-0.5212856,-0.071623,-0.9931999,0.09178311
1356523591372,-0.40667558,-0.05877012,-0.91168034,0.91007733,-0.11327243,-0.3986585,-0.07983905,-0.99182427,0.099550486
1356523591408,-0.27944148,-0.07687423,-0.95708036,0.95685303,-0.10498768,-0.27094236,-0.079653144,-0.9914979,0.1028952
1356523591452,-0.18124354,-0.085861266,-0.979683,0.9808988,-0.08732754,-0.1738149,-0.0706293,-0.99247265,0.10004872
1356523591489,-0.13909453,-0.08330342,-0.9867691,0.98868644,-0.068172395,-0.13360965,-0.056140304,-0.9941896,0.0918434
1356523591530,-0.15604424,-0.070763856,-0.98521197,0.9871124,-0.04700792,-0.15296885,-0.0354881,-0.99638486,0.07718718
1356523591566,-0.22581935,-0.054973662,-0.97261685,0.9741209,-0.022687733,-0.22488615,-0.009703636,-0.99823,0.058674276
1356523591612,-0.31471235,-0.04682976,-0.9480312,0.94889694,0.00917089,-0.31545278,0.023466855,-0.9988607,0.041550457
1356523591650,-0.40016836,-0.059055626,-0.9145369,0.9143559,0.041561067,-0.40277293,0.061795115,-0.9973892,0.03736639
1356523591693,-0.44902658,-0.10690698,-0.8870998,0.8874694,0.061967432,-0.45668155,0.1037938,-0.9923361,0.06705159
1356523591729,-0.47800577,-0.1837183,-0.85892844,0.8667743,0.059618473,-0.4951241,0.1421713,-0.98116934,0.13074434
1356523591773,-0.47776264,-0.28420356,-0.83124673,0.8618723,0.031528294,-0.5061444,0.17005584,-0.9582454,0.22988415
1356523591810,-0.48106515,-0.37507662,-0.7923976,0.8566382,-0.008926034,-0.51584053,0.18640676,-0.92695093,0.32559884
1356523591852,-0.50008816,-0.43350303,-0.74965787,0.84463453,-0.053176522,-0.5326958,0.19106099,-0.8995818,0.3927446
1356523591889,-0.5404227,-0.45425236,-0.70823586,0.81999886,-0.09573275,-0.56430227,0.18853426,-0.88571435,0.42422265
1356523591933,-0.6003604,-0.4346519,-0.671301,0.7794823,-0.13034743,-0.6127126,0.17881432,-0.89111567,0.417059
1356523591980,-0.66807944,-0.38165718,-0.63875484,0.726222,-0.14744782,-0.6714617,0.16208516,-0.9124676,0.37567466
1356523592019,-0.71806777,-0.32292157,-0.6165228,0.68110996,-0.14396179,-0.7178887,0.14306605,-0.9354125,0.32331944
1356523592060,-0.75367373,-0.2628166,-0.6024146,0.6458548,-0.12622267,-0.7529538,0.121850386,-0.9565539,0.26487207
1356523592098,-0.77460235,-0.20531562,-0.5981946,0.6246456,-0.10024315,-0.77444774,0.09904131,-0.9735486,0.20589805
1356523592140,-0.7817361,-0.1532949,-0.60447454,0.6190542,-0.07381475,-0.78187174,0.07523784,-0.9854198,0.15260142
1356523592180,-0.7756719,-0.10910803,-0.6216339,0.62910515,-0.05470431,-0.7753929,0.05059555,-0.99252355,0.11107296
1356523592220,-0.7562834,-0.074412614,-0.64999866,0.65377796,-0.048455536,-0.7551334,0.024695426,-0.99604964,0.08529538
1356523592261,-0.7213511,-0.050904274,-0.69069624,0.69256693,-0.055755973,-0.7191956,-0.0019003153,-0.9971459,0.07547432
1356523592299,-0.6659851,-0.0405657,-0.7448613,0.7455218,-0.07061225,-0.6627301,-0.025712192,-0.9966787,0.077269256
1356523592338,-0.5843505,-0.04430613,-0.81029093,0.8104367,-0.08299303,-0.57991767,-0.0415546,-0.9955647,0.08440441
1356523592380,-0.47504413,-0.05883172,-0.8779931,0.8787817,-0.08337915,-0.46988374,-0.045562238,-0.99477977,0.09130907
1356523592419,-0.35278714,-0.075412154,-0.93265975,0.9349327,-0.06886059,-0.348079,-0.03797409,-0.99477196,0.094798386
1356523592459,-0.247406,-0.085425705,-0.9651388,0.96867895,-0.04365039,-0.24444991,-0.021246314,-0.995388,0.09354937
1356523592499,-0.18566763,-0.0859184,-0.9788491,0.9826107,-0.014295459,-0.1851264,0.0019126534,-0.9961996,0.08707857
1356523592538,-0.17851329,-0.0792146,-0.98074365,0.9834659,0.016492546,-0.18034089,0.030460596,-0.99672115,0.07496077
1356523592575,-0.22030014,-0.07170564,-0.972793,0.97341436,0.04795271,-0.22397551,0.06270841,-0.99627244,0.059235334
1356523592619,-0.28606534,-0.07163069,-0.955529,0.9530846,0.08173311,-0.29146066,0.09897593,-0.99407685,0.044889092
1356523592658,-0.3516506,-0.08949107,-0.93184406,0.9259471,0.11318028,-0.36029467,0.13770956,-0.98953605,0.043064
1356523592698,-0.39525676,-0.13431358,-0.90869796,0.901649,0.13227725,-0.41174245,0.17550269,-0.98207057,0.06882024
1356523592738,-0.4119962,-0.20774284,-0.8871877,0.8873373,0.12983018,-0.4424665,0.20710301,-0.9695293,0.13084841
1356523592780,-0.40893376,-0.29921934,-0.86211425,0.88362837,0.10617721,-0.45599034,0.22797805,-0.9482585,0.22097921
1356523592818,-0.40967244,-0.38245943,-0.82818687,0.88066447,0.070952535,-0.4683972,0.23790494,-0.9212441,0.30775112
1356523592860,-0.42992967,-0.43632102,-0.79043317,0.87085426,0.030640244,-0.49058554,0.23827186,-0.8992692,0.36679882
1356523592899,-0.4735871,-0.4544304,-0.754459,0.84971446,-0.010358393,-0.52714145,0.23173419,-0.89072204,0.39104164
1356523592941,-0.5336876,-0.43873477,-0.7229725,0.81680703,-0.045934737,-0.5750794,0.21909776,-0.8974418,0.38287646
1356523592978,-0.59348035,-0.40173918,-0.6974143,0.7790269,-0.069003224,-0.6231818,0.20223275,-0.91315067,0.35391772
1356523593019,-0.64857864,-0.347705,-0.67708707,0.7395309,-0.077370524,-0.6686612,0.18011026,-0.9344062,0.30731952
1356523593058,-0.68586034,-0.29165822,-0.6667316,0.7107176,-0.07149005,-0.6998354,0.15644804,-0.9538473,0.25631887
1356523593102,-0.71089834,-0.23420641,-0.6631522,0.69107354,-0.05760616,-0.72048515,0.13054058,-0.9704787,0.202806
1356523593139,-0.7172262,-0.18312776,-0.67234707,0.6888823,-0.04093188,-0.72371656,0.10501212,-0.98223656,0.15551102
1356523593182,-0.7105371,-0.13879791,-0.689835,0.6992866,-0.030153811,-0.71420515,0.07832903,-0.9898616,0.118484914
1356523593218,-0.6850737,-0.10420433,-0.7209823,0.7266524,-0.027807057,-0.6864424,0.051481873,-0.9941671,0.09477019
1356523593260,-0.64345026,-0.080931425,-0.7611976,0.765164,-0.03907621,-0.6426485,0.022265732,-0.9959534,0.08706939
1356523593309,-0.57577556,-0.07162687,-0.8144642,0.8175678,-0.060271442,-0.5726692,-0.008070469,-0.99560875,0.09326279
1356523593349,-0.4737093,-0.075684905,-0.87742305,0.88013166,-0.07587671,-0.46862662,-0.031108052,-0.99424064,0.10255629
1356523593399,-0.35173452,-0.08753613,-0.931998,0.9351876,-0.076802194,-0.3457248,-0.04131612,-0.99319625,0.108876765
1356523593439,-0.23144794,-0.09821993,-0.9678763,0.9720245,-0.0642553,-0.2259193,-0.040001363,-0.9930882,0.11034399
1356523593479,-0.1431498,-0.101675004,-0.9844645,0.9892775,-0.04379767,-0.13932627,-0.028951198,-0.99385315,0.10685441
1356523593540,-0.10381091,-0.09677729,-0.9898776,0.9945414,-0.020633996,-0.10228267,-0.0105264485,-0.9950923,0.098391
1356523593557,-0.117189944,-0.08628115,-0.9893544,0.99301684,0.0034222007,-0.11792225,0.013560206,-0.9962649,0.08527768
1356523593598,-0.17405438,-0.0760026,-0.98179877,0.98381233,0.02975446,-0.17671463,0.042643666,-0.9966636,0.06959337
1356523593639,-0.2531587,-0.075158834,-0.9645007,0.964424,0.05885613,-0.25772497,0.07613701,-0.9954331,0.05758512
1356523593679,-0.32747293,-0.09465292,-0.94010764,0.93814504,0.08584392,-0.3354323,0.11245221,-0.9918022,0.06068659
1356523593719,-0.37830597,-0.14272791,-0.914611,0.9138213,0.10006726,-0.3935952,0.1476996,-0.9846904,0.092571795
1356523593759,-0.4021768,-0.21873587,-0.8890493,0.898349,0.09313047,-0.42929694,0.17670026,-0.9713297,0.15904623
1356523593800,-0.40655804,-0.3105994,-0.8592081,0.89225024,0.06725401,-0.44650474,0.19646928,-0.94815874,0.24978966
1356523593839,-0.4105736,-0.3953388,-0.8216669,0.8877803,0.032267928,-0.45913488,0.2080273,-0.91796833,0.33772576
1356523593879,-0.43220258,-0.45236164,-0.78010887,0.8760721,-0.005554557,-0.48214808,0.21377212,-0.89181733,0.39870214
1356523593918,-0.4764412,-0.47428247,-0.74031067,0.8525398,-0.04341215,-0.5208563,0.21489453,-0.8793017,0.42502797
1356523593960,-0.5360684,-0.46430868,-0.7050164,0.8172247,-0.07609397,-0.57127357,0.2115998,-0.8823985,0.4202361
1356523593999,-0.59917027,-0.43039012,-0.6750995,0.7742529,-0.09686226,-0.62542,0.20378295,-0.8974308,0.39126778
1356523594040,-0.6554537,-0.38185152,-0.6515902,0.7305093,-0.10159397,-0.6753035,0.191668,-0.9186229,0.34553623
1356523594078,-0.6992354,-0.3269927,-0.6357244,0.6928386,-0.090795994,-0.7153535,0.17619415,-0.940655,0.29004103
1356523594120,-0.7287116,-0.27218527,-0.6284064,0.6661224,-0.068757415,-0.7426664,0.15893526,-0.95978516,0.231413
1356523594158,-0.7434739,-0.2228988,-0.6305257,0.6535177,-0.041972995,-0.75574654,0.14198995,-0.9739376,0.17687416
1356523594200,-0.7436788,-0.18341854,-0.64288366,0.6563395,-0.017457843,-0.7542636,0.12712255,-0.9828798,0.1333679
1356523594238,-0.7294177,-0.15578875,-0.66609275,0.674405,-6.7943335E-4,-0.73836124,0.11457583,-0.9877901,0.10556036
1356523594280,-0.70025414,-0.13938683,-0.7001539,0.70640457,0.0063976645,-0.7077794,0.10313451,-0.9902173,0.09398353
1356523594318,-0.6549163,-0.13169116,-0.7441385,0.75002134,0.0072336793,-0.66137403,0.092479974,-0.9912644,0.09403378
1356523594361,-0.5918285,-0.13012847,-0.79549074,0.8015684,0.009072542,-0.5978342,0.085012406,-0.9914557,0.09893745
1356523594398,-0.51093715,-0.13107058,-0.8495669,0.85552335,0.018816829,-0.51742244,0.083805025,-0.9911945,0.10251969
1356523594441,-0.42194462,-0.13111806,-0.8970902,0.90206754,0.038337052,-0.42988896,0.090758055,-0.99062526,0.10210115
1356523594478,-0.34049797,-0.12754709,-0.93155396,0.93467003,0.061816692,-0.35010082,0.10223994,-0.9899042,0.09816599
1356523594541,-0.28588498,-0.12048322,-0.9506595,0.9509626,0.0865612,-0.29694656,0.118067265,-0.9889343,0.08982849
1356523594558,-0.27310884,-0.1126436,-0.9553653,0.95220923,0.10955393,-0.28512374,0.13678142,-0.98757756,0.077340126
1356523594602,-0.30203372,-0.10605055,-0.94738,0.93973213,0.13393247,-0.31458804,0.16024715,-0.9852996,0.059207022
1356523594639,-0.3638429,-0.10670781,-0.925328,0.9125327,0.15841419,-0.37707978,0.18682253,-0.98158973,0.03973639
1356523594682,-0.4241976,-0.12010974,-0.89756894,0.8787922,0.18464935,-0.44003275,0.21858773,-0.9754375,0.027223647
1356523594729,-0.46323252,-0.16166434,-0.87136686,0.84911597,0.20061964,-0.48862442,0.25380644,-0.96623826,0.044338167
1356523594769,-0.48703307,-0.22912028,-0.84279466,0.82586765,0.19313437,-0.52975637,0.2841506,-0.9540456,0.09516013
1356523594809,-0.4884321,-0.31072217,-0.81540525,0.81813604,0.16190022,-0.55176234,0.30345908,-0.93661094,0.17513573
1356523594849,-0.4883415,-0.3863337,-0.78247607,0.8155422,0.117002904,-0.5667461,0.31050512,-0.91490793,0.2579341
1356523594889,-0.50380504,-0.43738443,-0.74489945,0.8069399,0.06943786,-0.5865375,0.30826658,-0.89658976,0.3179599
1356523594929,-0.53943,-0.4567352,-0.7073953,0.78685826,0.025670648,-0.61659956,0.299782,-0.88923216,0.34553838
1356523595008,-0.5917655,-0.444463,-0.67250735,0.75351226,-0.008574665,-0.6573779,0.2864136,-0.8957562,0.33998257
1356523595009,-0.6411815,-0.41671523,-0.6443869,0.71759224,-0.02802521,-0.6958993,0.27193275,-0.9086049,0.317001
1356523595045,-0.68702084,-0.37620032,-0.62167174,0.6801764,-0.031930864,-0.73235273,0.25566083,-0.92598796,0.27781975
1356523595091,-0.72295964,-0.32988852,-0.60704446,0.64840525,-0.020613432,-0.76101625,0.23853727,-0.94379485,0.22880411
1356523595129,-0.7467499,-0.28353578,-0.60164106,0.62704885,0.0014697909,-0.77897847,0.22175255,-0.95896053,0.17669326
1356523595169,-0.75801945,-0.24086075,-0.6061293,0.6189686,0.027338445,-0.7849398,0.2056318,-0.9701746,0.12836212
1356523595209,-0.75759983,-0.20291425,-0.62037766,0.6249034,0.049024165,-0.77916145,0.18851647,-0.9779686,0.08966106
1356523595248,-0.7457988,-0.16927858,-0.6443049,0.6446984,0.060177505,-0.76206475,0.16777387,-0.9837293,0.06425339
1356523595291,-0.72213894,-0.1400033,-0.6774323,0.67687714,0.058955133,-0.73373127,0.14266291,-0.9883944,0.052191257
1356523595329,-0.6836929,-0.116636366,-0.7203888,0.7202809,0.050819397,-0.6918185,0.11730093,-0.99187374,0.04926604
1356523595371,-0.62773764,-0.10070801,-0.771883,0.772265,0.043929994,-0.6337799,0.097735524,-0.9939457,0.050196707
1356523595410,-0.5542413,-0.09140071,-0.8273224,0.8276957,0.044511616,-0.55940896,0.08795583,-0.99481887,0.05098182
1356523595449,-0.4733588,-0.086013556,-0.8766602,0.8764149,0.053976476,-0.47852224,0.08847839,-0.9948308,0.049833298
1356523595490,-0.4028377,-0.08150101,-0.9116355,0.9100494,0.07057983,-0.40844664,0.0976319,-0.994171,0.045737743
1356523595530,-0.36150664,-0.07671413,-0.9292082,0.9253905,0.092188835,-0.3676324,0.1138652,-0.992782,0.037663758
1356523595565,-0.35869896,-0.07293674,-0.93059945,0.92351794,0.11733866,-0.36516595,0.13582933,-0.99041,0.02526915
1356523595610,-0.38761115,-0.07386878,-0.9188584,0.9072472,0.14598697,-0.39444926,0.16327879,-0.9865248,0.010431111
1356523595648,-0.43090922,-0.08653292,-0.89823675,0.88101244,0.17506272,-0.43951118,0.19527993,-0.9807472,8.004904E-4
1356523595689,-0.46701097,-0.11898589,-0.87620956,0.85357934,0.19805986,-0.48184502,0.23087472,-0.9729413,0.009067714
1356523595728,-0.48225397,-0.17826754,-0.85770154,0.8339147,0.206509,-0.511801,0.26836064,-0.96206796,0.04907006
1356523595769,-0.47545016,-0.2636871,-0.8392952,0.82565,0.19562542,-0.5291813,0.30372578,-0.9445633,0.12470305
1356523595809,-0.45993286,-0.35848007,-0.81237555,0.8239391,0.16878283,-0.5409591,0.33103815,-0.9181528,0.2177369
1356523595850,-0.4551975,-0.43801528,-0.7752017,0.8202054,0.13252795,-0.5565064,0.3464942,-0.889145,0.2989362
1356523595906,-0.4761989,-0.48546016,-0.7331871,0.806234,0.09180713,-0.5844299,0.3510293,-0.8694251,0.34767592
1356523595926,-0.5218599,-0.49831486,-0.69234705,0.7790142,0.052290857,-0.6248219,0.34756148,-0.8654177,0.36090595
1356523595966,-0.5818272,-0.4817714,-0.6552658,0.739883,0.021008968,-0.6724074,0.33771312,-0.876045,0.34423095
1356523596002,-0.64194405,-0.44592565,-0.62374514,0.6955803,0.0035868287,-0.7184394,0.32260782,-0.89506274,0.30787462
1356523596042,-0.69371635,-0.3992172,-0.5994858,0.6534565,0.0011902452,-0.75696313,0.30290622,-0.9168556,0.2600454
1356523596086,-0.73302567,-0.3481223,-0.58436644,0.62006766,0.01117903,-0.78446865,0.2796237,-0.93738246,0.2076649
1356523596128,-0.7572971,-0.2988615,-0.5806746,0.6012738,0.027962685,-0.7985537,0.2548942,-0.95388675,0.15852147
1356523596170,-0.7693732,-0.2525901,-0.58673954,0.59669936,0.043758214,-0.80127096,0.22806779,-0.9665835,0.117053926
1356523596209,-0.76766,-0.2108214,-0.6051878,0.60922515,0.052951634,-0.79122734,0.19885336,-0.97608936,0.08778888
1356523596252,-0.75366926,-0.17365351,-0.6338982,0.63624096,0.049161613,-0.7699224,0.16486317,-0.9835789,0.073433936
1356523596288,-0.72231257,-0.1429292,-0.67663574,0.6792661,0.037086666,-0.7329545,0.12985477,-0.9890379,0.07029873
1356523596331,-0.67340434,-0.12007731,-0.7294575,0.7328534,0.02133888,-0.6800519,0.09722462,-0.99253523,0.07362932
1356523596365,-0.6009855,-0.10537857,-0.7922826,0.7958946,0.011965632,-0.6053169,0.07326761,-0.9943602,0.07667911
1356523596412,-0.5104325,-0.09659761,-0.854475,0.85772645,0.013701558,-0.5139237,0.06135145,-0.9952292,0.07586062
1356523596448,-0.4146424,-0.08976272,-0.90554655,0.9080173,0.024585426,-0.41821072,0.05980304,-0.9956597,0.07131183
1356523596488,-0.3390844,-0.08197048,-0.937178,0.9382824,0.04272616,-0.34322098,0.06817603,-0.9957185,0.062423706
1356523596543,-0.3051222,-0.073094726,-0.9495038,0.9485599,0.06510699,-0.30983096,0.08446631,-0.9951976,0.049469173
1356523596572,-0.31841344,-0.06534842,-0.9456968,0.9416616,0.092932224,-0.32347646,0.109024346,-0.9935256,0.03194529
1356523596608,-0.37096697,-0.0652526,-0.9263507,0.9182781,0.12286812,-0.37638915,0.13837934,-0.9902755,0.014340043
1356523596652,-0.42588747,-0.08053109,-0.90118515,0.88771474,0.1553244,-0.4334015,0.17487836,-0.9845756,0.005337894
1356523596688,-0.4758134,-0.119359225,-0.8714098,0.85317016,0.17817557,-0.49025926,0.21378088,-0.97673273,0.017055392
1356523596732,-0.49374163,-0.188932,-0.8488368,0.8327405,0.17848444,-0.5241055,0.2505245,-0.96563345,0.06920612
1356523596768,-0.501245,-0.27653316,-0.8199285,0.81915534,0.15367514,-0.5526016,0.27881527,-0.9486376,0.14949471
1356523596812,-0.50298184,-0.36343318,-0.78417194,0.8127057,0.10989702,-0.57221687,0.29414082,-0.9251157,0.24008793
1356523596849,-0.5256966,-0.42440623,-0.73723966,0.796488,0.058792472,-0.60178924,0.29874724,-0.9035611,0.30712754
1356523596892,-0.5738018,-0.44585907,-0.6869942,0.76445556,0.0094105005,-0.6446077,0.2938691,-0.8950537,0.33543974
1356523596928,-0.6342957,-0.43664077,-0.6379763,0.71901095,-0.029967904,-0.6943524,0.28406376,-0.89913666,0.33295798
1356523596969,-0.69900924,-0.4004581,-0.59246904,0.6625668,-0.0509606,-0.74726725,0.26905668,-0.91489697,0.30095208
1356523597018,-0.7584178,-0.34538722,-0.55272967,0.602556,-0.048283875,-0.79661465,0.24845265,-0.93721735,0.24473453
1356523597060,-0.7973976,-0.2922575,-0.52796066,0.5591964,-0.028986633,-0.8285282,0.22683977,-0.95590025,0.18654329
1356523597099,-0.8218656,-0.24347365,-0.5150316,0.5316649,-0.003086567,-0.8469492,0.20462015,-0.96990263,0.1319831
1356523597138,-0.8336516,-0.19983564,-0.5148697,0.5214725,0.022248685,-0.852978,0.18191059,-0.9795768,0.08566117
1356523597180,-0.8336812,-0.1617024,-0.5280417,0.52907354,0.040207207,-0.84762293,0.15829377,-0.98602015,0.05203241
1356523597220,-0.8219478,-0.12943135,-0.55466145,0.5538433,0.04558289,-0.83137226,0.13288866,-0.99054015,0.034217954
1356523597259,-0.79638743,-0.10416342,-0.59574926,0.5953983,0.037861824,-0.8025381,0.10615131,-0.9938393,0.031865954
1356523597298,-0.75201756,-0.08765477,-0.6532886,0.65404904,0.023747623,-0.75607926,0.08178797,-0.9958678,0.039471984
1356523597340,-0.68241286,-0.080883026,-0.7264782,0.7280725,0.013145149,-0.685374,0.06498477,-0.99663687,0.049918354
1356523597380,-0.58451736,-0.081215054,-0.80730635,0.8092277,0.014092565,-0.58732617,0.059076726,-0.99659693,0.05748415
1356523597419,-0.47183287,-0.08307421,-0.8777655,0.87933534,0.028339505,-0.4753589,0.06436545,-0.9961403,0.059678674
1356523597458,-0.3741008,-0.081333935,-0.92381454,0.9240363,0.051923692,-0.37876213,0.078774005,-0.99533343,0.05573088
1356523597499,-0.32087666,-0.07546574,-0.9441098,0.9418389,0.07970542,-0.32647595,0.099888474,-0.99395776,0.045500875
1356523597539,-0.32283556,-0.06888738,-0.9439447,0.937961,0.11003214,-0.3288191,0.12651575,-0.99153787,0.029091418
1356523597575,-0.36869025,-0.06813726,-0.92705166,0.9160837,0.14252341,-0.3748036,0.15766466,-0.9874434,0.0098724365
1356523597619,-0.42937404,-0.08166021,-0.89942735,0.88225704,0.1749329,-0.43705955,0.19302982,-0.9811882,-0.0030663013
1356523597660,-0.4783817,-0.11723921,-0.87029064,0.8469919,0.20005858,-0.49252534,0.23185238,-0.97274435,0.0035963655
1356523597698,-0.49926502,-0.17953211,-0.8476454,0.82236034,0.20990819,-0.52883077,0.27286983,-0.96109664,0.042840242
1356523597739,-0.49564445,-0.26466566,-0.82721746,0.81060344,0.20102924,-0.5500084,0.31186327,-0.943154,0.114899814
1356523597778,-0.4828369,-0.35600707,-0.8000797,0.8060247,0.17648971,-0.5649563,0.34233427,-0.9176657,0.20173472
1356523597819,-0.4837653,-0.43054682,-0.7619714,0.798021,0.14047635,-0.586028,0.35935146,-0.89156926,0.2756279
1356523597858,-0.51249623,-0.4732388,-0.7165142,0.7782173,0.09670895,-0.6205039,0.36293986,-0.87560976,0.31871969
1356523597899,-0.565888,-0.48206505,-0.6688678,0.7435131,0.052223444,-0.66667914,0.35631323,-0.87457764,0.32886904
1356523597938,-0.63011783,-0.46348172,-0.62300575,0.6968761,0.016363204,-0.7170048,0.34251302,-0.88595533,0.31267858
1356523597980,-0.69168514,-0.4270291,-0.5824241,0.6456563,-0.0043147206,-0.76361597,0.32357323,-0.9042276,0.27869844
1356523598018,-0.74191743,-0.38239226,-0.5507582,0.5989572,-0.0088044405,-0.8007327,0.30134484,-0.9239581,0.23556882
1356523598059,-0.7785354,-0.33584633,-0.53017926,0.5631669,-9.994507E-4,-0.82634264,0.27699426,-0.9419163,0.1899156
1356523598098,-0.801032,-0.29183954,-0.5226638,0.5431135,0.0128721595,-0.83956057,0.2517448,-0.95638067,0.14819098
1356523598140,-0.8109151,-0.25190008,-0.52816933,0.5399969,0.025587618,-0.84127784,0.22543257,-0.96741486,0.11527592
1356523598178,-0.80832773,-0.2162437,-0.5475812,0.5547108,0.031857908,-0.8314332,0.19723698,-0.9758196,0.09420097
1356523598220,-0.79382914,-0.18443246,-0.5794998,0.58511376,0.028104722,-0.8104641,0.16576256,-0.9824433,0.085603595
1356523598258,-0.76330817,-0.15800697,-0.62641394,0.63193816,0.018832445,-0.77479,0.13421911,-0.9872584,0.08547568
1356523598300,-0.7135834,-0.13877156,-0.68668854,0.6923115,0.010379255,-0.7215241,0.10725433,-0.99027,0.08866668
1356523598338,-0.6389724,-0.1271447,-0.75864923,0.7639303,0.0106803775,-0.6452104,0.09013775,-0.99182665,0.09030515
1356523598380,-0.54712665,-0.120452285,-0.8283379,0.8327214,0.022182882,-0.5532477,0.08501491,-0.99247134,0.0881663
1356523598419,-0.45767266,-0.114322126,-0.8817404,0.8845752,0.041603684,-0.46453825,0.08979064,-0.9925722,0.08208567
1356523598460,-0.39789027,-0.10669938,-0.9112072,0.91156447,0.066180706,-0.40579587,0.10360244,-0.99208635,0.07093078
1356523598499,-0.38599974,-0.0994679,-0.91712064,0.9142103,0.0917241,-0.3947229,0.1233843,-0.9908041,0.055529118
1356523598552,-0.41367716,-0.09647697,-0.90529746,0.89800566,0.12043542,-0.4231799,0.14985698,-0.9880221,0.036815524
1356523598578,-0.46391147,-0.105647296,-0.8795595,0.86701214,0.1496855,-0.47527277,0.18186858,-0.98307323,0.022156656
1356523598620,-0.5011799,-0.13762954,-0.8543284,0.8365276,0.17559725,-0.5190254,0.22145095,-0.9747942,0.027125001
1356523598669,-0.5072985,-0.20696798,-0.836548,0.81923544,0.18538505,-0.5426655,0.26739788,-0.960623,0.075509906
1356523598710,-0.49727362,-0.3035492,-0.8127588,0.8103901,0.1720177,-0.56006956,0.30981755,-0.9371594,0.16045338
1356523598759,-0.47686517,-0.40495688,-0.7801344,0.81111556,0.13922709,-0.5680735,0.33866113,-0.9036735,0.26207417
1356523598798,-0.49054372,-0.47633973,-0.7297036,0.7973088,0.09258366,-0.5964286,0.35166126,-0.8743734,0.33437347
1356523598839,-0.5388845,-0.5042153,-0.67481136,0.7657226,0.04068482,-0.64188296,0.35110176,-0.8626191,0.3641646
1356523598878,-0.60936606,-0.49458563,-0.6197241,0.71555686,-0.006354749,-0.69852555,0.34154254,-0.8691056,0.35777658
1356523598919,-0.685049,-0.4571973,-0.56716716,0.65191674,-0.03726399,-0.75737447,0.32513463,-0.8885843,0.3235821
1356523598958,-0.7503304,-0.4061183,-0.5216054,0.5869372,-0.046236277,-0.8083111,0.30415288,-0.91265,0.27305847
1356523598999,-0.7991185,-0.35208347,-0.48728523,0.5318084,-0.036034048,-0.8460977,0.2803382,-0.9352747,0.21603638
1356523599038,-0.8315945,-0.3008043,-0.46686962,0.4933932,-0.014198661,-0.8696905,0.25497767,-0.9535802,0.16022235
1356523599079,-0.8501107,-0.25409096,-0.46124783,0.47433817,0.010959566,-0.88027453,0.22872487,-0.96711826,0.1112082
1356523599118,-0.8560567,-0.21237673,-0.47123575,0.47589815,0.031938136,-0.8789204,0.20171262,-0.9766658,0.07372874
1356523599159,-0.850188,-0.1753152,-0.4964323,0.49727243,0.042294085,-0.86656296,0.17291783,-0.9836035,0.05122143
1356523599198,-0.8313327,-0.14317723,-0.53701615,0.5374532,0.038949072,-0.8423937,0.1415279,-0.9889304,0.04457134
1356523599239,-0.7957078,-0.11768125,-0.59413815,0.5956672,0.025587201,-0.80282366,0.10967964,-0.9927217,0.049738884
1356523599278,-0.7373265,-0.100984484,-0.667946,0.6704539,0.011671245,-0.74185944,0.082712084,-0.9948195,0.059099853
1356523599319,-0.65088934,-0.09311706,-0.7534403,0.75628585,0.006934345,-0.65420455,0.0661422,-0.99563104,0.065909624
1356523599359,-0.5417856,-0.09017572,-0.83566546,0.83824444,0.015090406,-0.5450859,0.06176409,-0.9958116,0.06741351
1356523599399,-0.43448776,-0.086814374,-0.8964841,0.8980782,0.03380978,-0.43853447,0.06838107,-0.99565065,0.06327611
1356523599438,-0.3615151,-0.08041412,-0.928892,0.9286627,0.057655334,-0.36641708,0.08302066,-0.99509275,0.05383426
1356523599480,-0.34198612,-0.07232264,-0.9369178,0.9339206,0.08429724,-0.34739926,0.10410443,-0.99381256,0.038715124
1356523599557,-0.37369072,-0.06746501,-0.92509663,0.91834676,0.113262594,-0.37922406,0.13036323,-0.991272,0.019631088
1356523599559,-0.43136835,-0.07393941,-0.89914083,0.88735366,0.14514363,-0.43764907,0.16286406,-0.98664397,0.003000021
1356523599596,-0.48883426,-0.10228944,-0.866359,0.8489107,0.17301339,-0.4994166,0.20097682,-0.9795934,0.0022596717
1356523599640,-0.511258,-0.16474596,-0.8434892,0.8231784,0.18816209,-0.53569806,0.24696678,-0.968222,0.039415956
1356523599681,-0.5103608,-0.25706235,-0.8206405,0.80769646,0.18431795,-0.5600476,0.29522592,-0.9486548,0.11355966
1356523599720,-0.48301125,-0.3673991,-0.79480696,0.80780005,0.16329008,-0.566388,0.33787453,-0.91561687,0.21791404
1356523599758,-0.46915066,-0.46418586,-0.751285,0.8043947,0.12649626,-0.58047223,0.36448175,-0.87665856,0.31404275
1356523599800,-0.49182028,-0.5238003,-0.6955187,0.78730696,0.07359731,-0.612153,0.37183422,-0.8486559,0.3761949
1356523599838,-0.5533878,-0.54134905,-0.63301116,0.7484968,0.010188639,-0.66306025,0.36539656,-0.8407362,0.39955974
1356523599879,-0.63728786,-0.52023166,-0.56852716,0.6867716,-0.048735797,-0.7252376,0.34958395,-0.8526335,0.3883391
1356523599918,-0.72018,-0.47369644,-0.5069047,0.61116874,-0.08737326,-0.78666294,0.32834953,-0.87634325,0.35243303
1356523599961,-0.78943914,-0.41375652,-0.4534219,0.533857,-0.09822446,-0.8398504,0.30295646,-0.90507317,0.298429
1356523600008,-0.84119046,-0.34921506,-0.41285282,0.4663106,-0.081918,-0.8808199,0.27377552,-0.933455,0.23175132
1356523600051,-0.8712023,-0.29289907,-0.3939754,0.42542434,-0.04994428,-0.90361476,0.2449911,-0.95483804,0.16811806
1356523600089,-0.8861166,-0.24597302,-0.39280352,0.4089674,-0.01625061,-0.9124043,0.21804354,-0.9691404,0.11499488
1356523600131,-0.8915984,-0.20500113,-0.4037658,0.41079557,0.008984506,-0.9116832,0.19052374,-0.97872055,0.07620299
1356523600169,-0.8850191,-0.16934477,-0.433663,0.43612617,0.024353266,-0.8995559,0.16289623,-0.98525596,0.05230254
1356523600211,-0.8685778,-0.13869007,-0.47574985,0.47703928,0.02595681,-0.8784987,0.134188,-0.9899957,0.043614984
1356523600249,-0.8334965,-0.11547397,-0.54032344,0.5413803,0.024738908,-0.8404138,0.110412955,-0.9930024,0.04189545
1356523600291,-0.7771658,-0.10157263,-0.62104464,0.6219204,0.02668327,-0.7826258,0.096064866,-0.99447024,0.042432725
1356523600329,-0.6930147,-0.09353727,-0.71482956,0.71507496,0.036857247,-0.6980755,0.09164271,-0.9949333,0.04134363
1356523600368,-0.59586716,-0.08758643,-0.7982926,0.7972001,0.055588245,-0.60115063,0.097028375,-0.9946047,0.036700606
1356523600408,-0.51258516,-0.08069724,-0.854836,0.8516171,0.07926041,-0.5181373,0.1095669,-0.9935823,0.028095424
1356523600450,-0.46918905,-0.07408756,-0.8799845,0.873782,0.10540944,-0.47475666,0.12793222,-0.9916652,0.015279472
1356523600489,-0.4736439,-0.071629286,-0.87779886,0.86762094,0.13328797,-0.47902852,0.15131253,-0.9884855,-9.840131E-4
1356523600573,-0.5095866,-0.07876226,-0.8568069,0.8410499,0.16450697,-0.51533735,0.18153986,-0.9832263,-0.017587602
1356523600574,-0.5607922,-0.102264136,-0.8216168,0.799633,0.19043988,-0.56949073,0.21470708,-0.9763579,-0.0250234
1356523600603,-0.58967113,-0.1470933,-0.7941357,0.76757747,0.20378679,-0.60769707,0.2512225,-0.9679021,-0.0072616935
1356523600649,-0.5964395,-0.21863514,-0.77230746,0.7491269,0.19387186,-0.63342136,0.2882169,-0.9563537,0.048152566
1356523600688,-0.58645135,-0.3098485,-0.74837744,0.74388105,0.1595524,-0.6489869,0.320493,-0.937303,0.13692069
1356523600728,-0.57452565,-0.40111363,-0.7134621,0.74333894,0.10915053,-0.6599496,0.3425896,-0.9095021,0.23545355
1356523600768,-0.58410037,-0.46731675,-0.66365784,0.73141336,0.051486433,-0.6799879,0.35193914,-0.88258946,0.31172854
1356523600809,-0.62554294,-0.49417228,-0.6037299,0.6971254,-0.0065895915,-0.716919,0.35030317,-0.86933905,0.34862208
1356523600848,-0.68736434,-0.4844343,-0.5411595,0.641036,-0.05433476,-0.76558506,0.3414719,-0.87313867,0.34788764
1356523600890,-0.752078,-0.44889426,-0.4825688,0.5718597,-0.08045447,-0.81639665,0.32765102,-0.8899556,0.31721252
1356523600931,-0.80549705,-0.40284815,-0.43461218,0.5047416,-0.08211869,-0.8593558,0.31050012,-0.91157544,0.26948065
1356523600969,-0.84546554,-0.35402912,-0.39981425,0.4484095,-0.06402743,-0.89153206,0.29002923,-0.93304014,0.212883
1356523601008,-0.8727896,-0.306795,-0.3796249,0.40877014,-0.03441012,-0.91198844,0.26673055,-0.95115334,0.1554414
1356523601076,-0.88950646,-0.2627917,-0.37379,0.38801062,-0.0024116635,-0.9216518,0.24130097,-0.96484965,0.104111135
1356523601083,-0.8964742,-0.22329852,-0.38271636,0.38756856,0.023483574,-0.9215417,0.21476646,-0.97446716,0.06549108
1356523601126,-0.89492154,-0.18804228,-0.4046672,0.40538585,0.03639078,-0.91342103,0.18648793,-0.98148656,0.043662786
1356523601169,-0.88372225,-0.1573684,-0.44076094,0.4409858,0.035408676,-0.8968153,0.15673718,-0.986905,0.038105845
1356523601209,-0.8606607,-0.13279612,-0.49155706,0.49291766,0.024732113,-0.8697244,0.12765326,-0.9908347,0.04417157
1356523601262,-0.8201193,-0.11668737,-0.56016827,0.56265193,0.013571143,-0.82658255,0.104053885,-0.99307597,0.054524362
1356523601286,-0.7545218,-0.10943878,-0.6470859,0.64995563,0.0118916035,-0.7598792,0.09085515,-0.9939224,0.06215781
1356523601321,-0.66553986,-0.10762608,-0.73856175,0.74099433,0.023187816,-0.67111087,0.089354694,-0.99392104,0.06431788
1356523601361,-0.5703719,-0.105985165,-0.8145201,0.81547064,0.045736074,-0.5769887,0.09840521,-0.99331534,0.06034118
1356523601401,-0.4993571,-0.101950765,-0.8603771,0.858667,0.0741151,-0.5071469,0.115470976,-0.9920247,0.050531805
1356523601441,-0.47391158,-0.09772438,-0.8751329,0.86958104,0.1045962,-0.4825851,0.13869593,-0.98970175,0.035409927
1356523601472,-0.49233407,-0.0983665,-0.8648302,0.8550048,0.13143164,-0.50168973,0.16301554,-0.98643285,0.01939559
1356523601525,-0.52041423,-0.10712266,-0.84716815,0.83140343,0.16273087,-0.5313069,0.1947754,-0.9808381,0.004374683
1356523601563,-0.5519599,-0.14151308,-0.8217752,0.79992676,0.18845665,-0.56973803,0.23549438,-0.9718324,0.009179592
1356523601602,-0.5801666,-0.20488825,-0.7883068,0.7657796,0.19249445,-0.6136184,0.2774679,-0.95967007,0.045220315
1356523601646,-0.5791269,-0.29116523,-0.7614688,0.75185263,0.17034066,-0.6369471,0.31516594,-0.94138557,0.12026459
1356523601691,-0.5646586,-0.38539264,-0.7298174,0.7514219,0.12568074,-0.6477418,0.34135893,-0.9141537,0.21862566
1356523601729,-0.56776196,-0.45878783,-0.68349105,0.7435895,0.07037425,-0.6649226,0.35315853,-0.8857546,0.301194
1356523601769,-0.5985296,-0.4947967,-0.6300306,0.71995705,0.012660861,-0.6939031,0.3513177,-0.8689165,0.3486545
1356523601819,-0.66134584,-0.4854517,-0.5718027,0.66973794,-0.03891766,-0.741577,0.33774662,-0.8733969,0.35086346
1356523601862,-0.7261355,-0.45185772,-0.51822,0.60814166,-0.07046276,-0.7906952,0.32076648,-0.88930297,0.3259589
1356523601899,-0.777263,-0.4101139,-0.47714674,0.55148757,-0.07903558,-0.8304306,0.30285954,-0.9086034,0.28760397
1356523601942,-0.8186792,-0.361113,-0.44649947,0.50034446,-0.06698525,-0.8632314,0.28181523,-0.9301131,0.23552036
1356523601989,-0.8494642,-0.30734423,-0.42889416,0.46135285,-0.038175642,-0.8863951,0.25605512,-0.95083237,0.17422289
1356523602028,-0.8645309,-0.2588281,-0.43080643,0.44707853,-0.0044974685,-0.8944834,0.2295799,-0.9659129,0.11960477
1356523602069,-0.8699129,-0.21540186,-0.44368166,0.44987544,0.02216196,-0.89281625,0.20214713,-0.97627395,0.077625096
1356523602109,-0.86515725,-0.17721972,-0.46914405,0.47063825,0.03619051,-0.88158375,0.17321259,-0.98350567,0.05209589
1356523602149,-0.8490306,-0.14485343,-0.50809896,0.5086429,0.036067188,-0.86022186,0.14293179,-0.98879564,0.04305643
1356523602189,-0.8176538,-0.11991435,-0.56308335,0.56418407,0.027834177,-0.8251797,0.11462386,-0.992394,0.044895053
1356523602229,-0.7661024,-0.10402441,-0.63424444,0.6359219,0.020449042,-0.77148247,0.09322268,-0.9943645,0.050485432
