1356095602258,-0.4869065,-0.12489912,-0.8644781,0.7631767,0.42055055,-0.49061048,0.42483357,-0.89863086,-0.10944873
1356095602301,-0.21061766,-0.21565169,0.9534855,-0.88042647,-0.3820374,-0.28088564,0.42484057,-0.8986333,-0.10940161
1356095602341,-0.21053505,-0.2153022,0.95358276,-0.8804244,-0.38219613,-0.280676,0.42488578,-0.8986496,-0.10909167
1356095602380,-0.21023846,-0.21421286,0.95389336,-0.8804301,-0.38268846,-0.27998626,0.42502064,-0.89870036,-0.10814363
1356095602421,-0.2096079,-0.21193436,0.95454097,-0.8804445,-0.3837151,-0.2785324,0.4253023,-0.8988029,-0.10616675
1356095602461,-0.20867568,-0.20849851,0.9555013,-0.88044703,-0.3852799,-0.2763556,0.42575514,-0.898937,-0.103173405
1356095602501,-0.20757455,-0.20442295,0.95662117,-0.8803971,-0.38722628,-0.27378228,0.42639625,-0.89903677,-0.09959504
1356095602540,-0.2063945,-0.20047641,0.95771104,-0.88023305,-0.3894028,-0.27121055,0.4273067,-0.89898527,-0.09609532
1356095602580,-0.20517474,-0.19753861,0.9585832,-0.8798641,-0.3917281,-0.26905054,0.42865187,-0.8986253,-0.093434334
1356095602619,-0.20393878,-0.19633543,0.95909405,-0.87913394,-0.3943143,-0.26765606,0.43073484,-0.89775753,-0.09218922
1356095602660,-0.20427263,-0.19791219,0.95869887,-0.8775054,-0.39705825,-0.2689405,0.43388593,-0.8962006,-0.09256086
1356095602702,-0.20118171,-0.19965795,0.95899045,-0.87611353,-0.40120202,-0.26732403,0.43812227,-0.8939652,-0.09420848
1356095602740,-0.19878995,-0.20297945,0.95879185,-0.8740591,-0.40578687,-0.26712844,0.44328678,-0.8911432,-0.09674966
1356095602780,-0.19664639,-0.2070874,0.9583554,-0.8717333,-0.4104724,-0.26756972,0.44878867,-0.8880469,-0.09980711
1356095602822,-0.19476265,-0.21175495,0.9577198,-0.8693869,-0.4148085,-0.26851472,0.4541297,-0.8849257,-0.103307754
1356095602860,-0.19330078,-0.21695772,0.9568512,-0.86726344,-0.41825104,-0.27003732,0.45879072,-0.8820405,-0.10731122
1356095602900,-0.19261271,-0.22339761,0.95550716,-0.8654603,-0.4202447,-0.27271414,0.4624704,-0.8794817,-0.1123974
1356095602940,-0.19281602,-0.23211238,0.9533864,-0.8640611,-0.42027372,-0.27707082,0.46499488,-0.87720793,-0.119523704
1356095602980,-0.19362909,-0.24466461,0.9500773,-0.8631653,-0.41781187,-0.28351134,0.46631885,-0.8749699,-0.13028541
1356095603020,-0.19416541,-0.26275185,0.9451251,-0.862921,-0.41247296,-0.29194805,0.46654835,-0.8722544,-0.14664611
1356095603060,-0.192662,-0.28718704,0.93829894,-0.8635847,-0.40442306,-0.30110347,0.46594277,-0.8683119,-0.17009336
1356095603100,-0.18644309,-0.3170423,0.92990494,-0.86563176,-0.39465213,-0.30810946,0.46467268,-0.8624001,-0.20086172
1356095603140,-0.17221135,-0.34973052,0.92088646,-0.8696917,-0.38502216,-0.3088598,0.46257943,-0.8540764,-0.23785251
1356095603196,-0.14813352,-0.39002723,0.9088098,-0.87627274,-0.37425458,-0.30344614,0.45847854,-0.84131575,-0.28633058
1356095603232,-0.09628928,-0.41774607,0.90344703,-0.8864436,-0.37683624,-0.26872295,0.45270956,-0.8267301,-0.33402306
1356095603272,-0.031654358,-0.43941623,0.8977257,-0.8948609,-0.38762802,-0.22128841,0.4452213,-0.81034434,-0.38094634
1356095603301,0.046996593,-0.45066535,0.891455,-0.8981923,-0.4095683,-0.15970102,0.43708342,-0.7931926,-0.42403248
1356095603332,0.12465343,-0.4586935,0.87980783,-0.89486253,-0.4349952,-0.10000116,0.42858207,-0.77484155,-0.46469125
1356095603362,0.20085603,-0.46388394,0.8628259,-0.8849891,-0.4636004,-0.043231636,0.42006087,-0.7549082,-0.5036492
1356095603402,0.27168307,-0.47302708,0.8381132,-0.8699806,-0.49307182,0.0037258863,0.41148758,-0.73015445,-0.5454837
1356095603432,0.34669122,-0.4729799,0.8099971,-0.84676015,-0.5292921,0.05335793,0.4034879,-0.7043719,-0.5840014
1356095603472,0.40767413,-0.47655988,0.7789047,-0.8227807,-0.56166154,0.08699533,0.39602232,-0.67633355,-0.6210791
1356095603502,0.4618497,-0.47345477,0.7500236,-0.7971212,-0.59239525,0.11690009,0.38896355,-0.65185,-0.6509984
1356095603542,0.505036,-0.46498913,0.727134,-0.7740856,-0.61664677,0.14331199,0.3817463,-0.6352416,-0.67137015
1356095603572,0.5401978,-0.44996005,0.7111416,-0.75308627,-0.6356082,0.16989195,0.37556282,-0.6273262,-0.6822129
1356095603612,0.57131004,-0.41900676,0.7057182,-0.73191243,-0.6491691,0.20708369,0.37136096,-0.6348329,-0.67755306
1356095603642,0.5941423,-0.38435686,0.70658666,-0.7144251,-0.6557865,0.24400991,0.36958307,-0.64977986,-0.66422474
1356095603682,0.61472386,-0.33049923,0.71615976,-0.69505924,-0.656186,0.29378995,0.37283665,-0.6783732,-0.6330897
1356095603722,0.6258662,-0.2677636,0.7325258,-0.6802453,-0.6468477,0.34475264,0.38152048,-0.71406627,-0.5869851
1356095603762,0.6253804,-0.20150231,0.75385416,-0.6725886,-0.6290117,0.3898319,0.39563105,-0.75082695,-0.5288997
1356095603803,0.6111057,-0.13743803,0.77952594,-0.674798,-0.6052392,0.4222951,0.41376024,-0.78408945,-0.46260804
1356095603841,0.5818702,-0.07889494,0.8094459,-0.6879523,-0.57857907,0.43814158,0.4337613,-0.8118017,-0.39093384
1356095603880,0.5358,-0.031321496,0.84376377,-0.7127663,-0.55249316,0.43210584,0.45263952,-0.8329287,-0.31835073
1356095603920,0.47348064,0.004245341,0.88079405,-0.74546444,-0.53069717,0.4032906,0.469147,-0.84755087,-0.24811009
1356095603960,0.39281663,0.02328974,0.91932184,-0.7823705,-0.516927,0.34739432,0.48331302,-0.85571253,-0.18483631
1356095604000,0.29292643,0.02215916,0.95587814,-0.8174954,-0.5126843,0.2624044,0.49587834,-0.85829115,-0.13206379
1356095604040,0.1729505,-0.0019230545,0.9849286,-0.84506464,-0.51394814,0.1473873,0.50591886,-0.8578191,-0.09051268
1356095604080,0.035611212,-0.0469729,0.99826115,-0.8592522,-0.5115099,0.0065833926,0.5103112,-0.85799253,-0.05857709
1356095604120,-0.109438956,-0.10455382,0.98847944,-0.8553331,-0.49671584,-0.14723653,0.50638753,-0.8615926,-0.035068274
1356095604199,-0.2462697,-0.1624966,0.95548207,-0.83528733,-0.464432,-0.29427513,0.49157518,-0.87057316,-0.021355748
1356095604201,-0.36424685,-0.21329921,0.90654707,-0.8001165,-0.4264692,-0.42182642,0.47658968,-0.87899226,-0.015324116
1356095604227,-0.44746858,-0.24852481,0.8590735,-0.76522183,-0.39074028,-0.51162255,0.46282554,-0.8863168,-0.01533252
1356095604274,-0.5001569,-0.27104592,0.82242155,-0.739583,-0.3602842,-0.56851757,0.45039988,-0.89259696,-0.02026236
1356095604299,-0.5259722,-0.28435597,0.8015578,-0.7290609,-0.33458418,-0.59709585,0.43797636,-0.89844036,-0.031330824
1356095604339,-0.51565605,-0.28443268,0.80820596,-0.7437409,-0.3197263,-0.5870473,0.42538014,-0.9038103,-0.046675444
1356095604367,-0.4698959,-0.27321824,0.83937454,-0.77984846,-0.31701052,-0.5397599,0.41356277,-0.9082159,-0.06410688
1356095604409,-0.40952295,-0.27011454,0.87139493,-0.81854784,-0.31296283,-0.4816988,0.40282804,-0.9105452,-0.09293616
1356095604450,-0.31367743,-0.27678004,0.9082947,-0.8633491,-0.31506205,-0.3941628,0.39526558,-0.90781534,-0.14012992
1356095604490,-0.1956054,-0.3037667,0.9324507,-0.89895296,-0.32447135,-0.29428217,0.3919466,-0.8957925,-0.20960367
1356095604530,-0.06862116,-0.34564844,0.93585163,-0.91771567,-0.34602928,-0.1950942,0.39126605,-0.8722333,-0.29346204
1356095604570,0.057010114,-0.38069782,0.9229405,-0.9185741,-0.38215494,-0.100892216,0.3911157,-0.8420373,-0.37148586
1356095604610,0.17356634,-0.3875099,0.9053788,-0.9036429,-0.42816925,-0.010026544,0.39154077,-0.81639886,-0.42448637
1356095604650,0.27476782,-0.35875797,0.89207363,-0.87731504,-0.4732147,0.07991311,0.3934729,-0.80458724,-0.44476795
1356095604690,0.35442716,-0.30224895,0.88488805,-0.8465513,-0.50564307,0.16636077,0.39715517,-0.808066,-0.4350829
1356095604730,0.40817717,-0.2319189,0.88295245,-0.81936467,-0.5195421,0.24231699,0.40253305,-0.8223684,-0.40209138
1356095604770,0.4352175,-0.15971908,0.8860449,-0.8017775,-0.51644295,0.30073172,0.40955907,-0.8412946,-0.35282415
1356095604811,0.43713778,-0.09304267,0.8945689,-0.7962372,-0.5025538,0.33681744,0.41823065,-0.85952467,-0.2937693
1356095604850,0.4156152,-0.038087457,0.9087427,-0.8023366,-0.4859382,0.34658346,0.42839235,-0.87316287,-0.23252223
1356095604890,0.37330136,0.0020905733,0.92770773,-0.81641346,-0.47417513,0.32958606,0.44058496,-0.8804281,-0.17530344
1356095604930,0.31023026,0.023326546,0.95037526,-0.83426857,-0.47263074,0.28393012,0.45579964,-0.8809518,-0.12716378
1356095604970,0.22479492,0.02125454,0.97417426,-0.8515378,-0.48169702,0.20700571,0.47365665,-0.87608004,-0.09018399
1356095605011,0.117102325,-0.0054731965,0.99310476,-0.8631951,-0.49505776,0.09905559,0.49110204,-0.86884284,-0.062696844
1356095605050,-0.012863517,-0.056191504,0.99833715,-0.8647239,-0.5007056,-0.039324164,0.5020827,-0.8637919,-0.042149305
1356095605090,-0.15563709,-0.122538626,0.9801844,-0.85034376,-0.48833585,-0.19607034,0.50268537,-0.8640095,-0.028196782
1356095605130,-0.29389006,-0.19094855,0.9365721,-0.81809586,-0.456479,-0.34978005,0.4943155,-0.8690026,-0.02205953
1356095605192,-0.4087385,-0.24842525,0.87819004,-0.7752205,-0.4132923,-0.47772652,0.48162854,-0.87605613,-0.023655891
1356095605212,-0.48895514,-0.28809875,0.8233602,-0.7359207,-0.3705322,-0.5666804,0.46834135,-0.88300914,-0.030844152
1356095605252,-0.5316502,-0.30855972,0.7887579,-0.713803,-0.33803457,-0.61336607,0.45588747,-0.88911396,-0.040534675
1356095605292,-0.5384486,-0.31238025,0.7826185,-0.7161873,-0.3197288,-0.6203623,0.44401455,-0.8945346,-0.05156523
1356095605330,-0.5088368,-0.30418846,0.80532885,-0.74429154,-0.31461495,-0.5891074,0.4325682,-0.89915895,-0.0663172
1356095605370,-0.44058967,-0.29170012,0.8489946,-0.792192,-0.31852496,-0.52055144,0.4222709,-0.90191627,-0.09074366
1356095605411,-0.33965355,-0.28842697,0.8952348,-0.8445405,-0.32542425,-0.42526525,0.41398904,-0.9005049,-0.13305676
1356095605450,-0.21494102,-0.30196142,0.92877316,-0.88758016,-0.33634466,-0.31475985,0.40743324,-0.89201546,-0.19572073
1356095605490,-0.0798744,-0.3253456,0.9422157,-0.91257894,-0.3564093,-0.20042962,0.4010233,-0.8758554,-0.2684356
1356095605530,0.053084493,-0.33923754,0.93920183,-0.91748714,-0.3878556,-0.08823538,0.39420736,-0.85702163,-0.33183524
1356095605570,0.17441532,-0.32737336,0.9286581,-0.90484273,-0.4252747,0.020023346,0.3883797,-0.843782,-0.37039584
1356095605610,0.27600425,-0.28785396,0.91703975,-0.88069296,-0.4578833,0.12133771,0.38496962,-0.8411201,-0.37988868
1356095605650,0.35253665,-0.22934887,0.9072579,-0.8531079,-0.4772283,0.21085519,0.3846098,-0.84832317,-0.3638998
1356095605690,0.40148616,-0.16435885,0.9009967,-0.8298829,-0.48144066,0.2819738,0.3874316,-0.8609303,-0.32969037
1356095605730,0.42387146,-0.100673914,0.9001099,-0.8158417,-0.47405785,0.33116707,0.39336428,-0.8747194,-0.28307354
1356095605770,0.4207123,-0.044686854,0.9060928,-0.8133654,-0.46093923,0.35492492,0.4017933,-0.8863058,-0.23026952
1356095605810,0.3934943,-2.8181076E-4,0.919327,-0.8216007,-0.44877696,0.3515275,0.41247368,-0.8936438,-0.17682274
1356095605850,0.34186235,0.028135598,0.9393288,-0.83764154,-0.44399926,0.31815302,0.42601267,-0.8955853,-0.12821911
1356095605890,0.2639888,0.035446644,0.9638742,-0.856636,-0.450642,0.25119054,0.44326603,-0.8920008,-0.08859961
1356095605931,0.15789586,0.016955137,0.9873102,-0.8719906,-0.46678162,0.14746946,0.4633586,-0.88421005,-0.058918163
1356095605970,0.022866726,-0.030034572,0.99928725,-0.8761928,-0.48192853,0.005565107,0.4814179,-0.8756956,-0.03733617
1356095606010,-0.13385946,-0.10039556,0.98590183,-0.8609462,-0.48089582,-0.16586402,0.4907681,-0.8710109,-0.02206266
1356095606050,-0.29097664,-0.17755395,0.9401102,-0.8224453,-0.45560098,-0.34060484,0.48879084,-0.8722972,-0.013459206
1356095606090,-0.4249156,-0.24380985,0.87178177,-0.7683997,-0.41196662,-0.48974016,0.47854847,-0.8779751,-0.012292385
1356095606130,-0.52260107,-0.29019064,0.8016717,-0.71472305,-0.36352736,-0.5975105,0.46482152,-0.88523287,-0.017426133
1356095606191,-0.5832475,-0.31651586,0.748091,-0.67586017,-0.32177925,-0.66307706,0.45059454,-0.89234287,-0.026243508
1356095606203,-0.6109498,-0.32610375,0.72138524,-0.65959567,-0.29424208,-0.6916323,0.43780577,-0.89837515,-0.03532946
1356095606242,-0.6170926,-0.32716393,0.71565384,-0.66199815,-0.2758084,-0.69691336,0.42538828,-0.9038216,-0.046382606
1356095606282,-0.59242606,-0.32155383,0.7386707,-0.6909908,-0.26859576,-0.67110956,0.41420162,-0.9079975,-0.063067615
1356095606322,-0.5359952,-0.3187312,0.78174144,-0.7401947,-0.26787782,-0.61672795,0.4059816,-0.909204,-0.09234196
1356095606362,-0.4513725,-0.33004278,0.8290565,-0.7967407,-0.26931715,-0.54099214,0.40182972,-0.904732,-0.14139616
1356095606402,-0.34543216,-0.35926104,0.8669534,-0.84869516,-0.27465677,-0.45197365,0.40049112,-0.8919053,-0.21002781
1356095606442,-0.22668773,-0.3950656,0.89024484,-0.88850504,-0.290533,-0.35517514,0.398963,-0.87150085,-0.28515744
1356095606480,-0.103027284,-0.41612118,0.9034537,-0.9124823,-0.32200348,-0.2523683,0.39593104,-0.85038626,-0.3465281
1356095606520,0.018017948,-0.40611154,0.9136459,-0.91943496,-0.36575323,-0.14444354,0.39282912,-0.83743536,-0.3799833
1356095606560,0.12827393,-0.36252278,0.9231051,-0.9112634,-0.41037336,-0.03453386,0.39133707,-0.83676213,-0.38299394
1356095606600,0.21913338,-0.29452458,0.93018055,-0.8933915,-0.4438011,0.0699451,0.39221466,-0.8463426,-0.36037737
1356095606640,0.28404987,-0.21581504,0.9342053,-0.87334394,-0.46035516,0.15919593,0.3957093,-0.8611022,-0.31924462
1356095606680,0.3200516,-0.13872573,0.9371884,-0.85802364,-0.46187502,0.22464848,0.40169942,-0.8760289,-0.26685378
1356095606720,0.32704106,-0.07172716,0.9422841,-0.85147136,-0.45489553,0.26089552,0.40992758,-0.88765156,-0.20984311
1356095606760,0.3056242,-0.021036595,0.9519198,-0.8543775,-0.44734836,0.2644212,0.42027724,-0.89411235,-0.15469368
1356095606800,0.25651807,0.0090762675,0.9664968,-0.8638942,-0.44629055,0.23347735,0.43345746,-0.89484215,-0.1066407
1356095606840,0.17714119,0.01267761,0.9841038,-0.87535685,-0.45501828,0.16342825,0.44985703,-0.8903919,-0.06950508
1356095606882,0.06720716,-0.0136731565,0.9976454,-0.8808979,-0.47034144,0.052896142,0.46851063,-0.88237864,-0.043655008
1356095606920,-0.07123363,-0.06986326,0.99501,-0.8715379,-0.48080772,-0.09615344,0.48512617,-0.8740383,-0.026638776
1356095606960,-0.22594786,-0.14621794,0.9631033,-0.83966684,-0.4720037,-0.2686486,0.49386957,-0.86938643,-0.016126126
1356095607000,-0.37482822,-0.22415331,0.8995883,-0.7857417,-0.43818986,-0.4365773,0.4920507,-0.8704854,-0.011880636
1356095607040,-0.49702084,-0.28668404,0.8190132,-0.72159576,-0.38766426,-0.57359916,0.4819439,-0.8760871,-0.01419276
1356095607080,-0.5841586,-0.3274735,0.74264383,-0.6632346,-0.334823,-0.6693381,0.46784472,-0.8835467,-0.021601975
1356095607120,-0.63804984,-0.3483628,0.6866846,-0.6228246,-0.29087728,-0.7262781,0.45274925,-0.8910857,-0.031374753
1356095607222,-0.66298866,-0.35271215,0.66033345,-0.60896593,-0.2589571,-0.7497345,0.43543845,-0.899186,-0.043104112
1356095607225,-0.6504278,-0.34204638,0.67819464,-0.6346114,-0.24592292,-0.73265976,0.41738722,-0.9069323,-0.0571115
1356095607261,-0.59542936,-0.3233415,0.73546875,-0.69615877,-0.24930495,-0.6732088,0.40103233,-0.9128513,-0.07665348
1356095607298,-0.51244414,-0.31361032,0.7994058,-0.7663163,-0.25307947,-0.59051687,0.3875054,-0.9152046,-0.11063558
1356095607341,-0.40360755,-0.32507265,0.85523605,-0.83362854,-0.25455785,-0.49016708,0.37704694,-0.9107843,-0.16824836
1356095607380,-0.27472943,-0.35862118,0.8921405,-0.8885475,-0.25987327,-0.3780864,0.36743322,-0.89658064,-0.24725705
1356095607421,-0.13716954,-0.39867264,0.906777,-0.9240727,-0.27819812,-0.2620982,0.3567551,-0.8738798,-0.33024222
1356095607460,3.617704E-4,-0.41975653,0.90763664,-0.93793833,-0.3149126,-0.14526439,0.34680188,-0.85125464,-0.3938197
1356095607500,0.13093716,-0.40474764,0.90500546,-0.9308846,-0.36422265,-0.028210789,0.3410417,-0.8387617,-0.42446357
1356095607540,0.2466281,-0.3533093,0.9024118,-0.90700495,-0.41213512,0.08652559,0.3413453,-0.8398316,-0.42209738
1356095607580,0.33901098,-0.2770286,0.8990699,-0.8740177,-0.4463353,0.19203618,0.3480871,-0.8509054,-0.39344046
1356095607620,0.4021557,-0.1917651,0.8952636,-0.8416251,-0.46240497,0.27901414,0.36046916,-0.86568344,-0.34735316
1356095607660,0.43502286,-0.10919377,0.8937739,-0.81763625,-0.4636505,0.3413198,0.3771288,-0.8792639,-0.29097933
1356095607700,0.4380511,-0.039236575,0.89809346,-0.807076,-0.45715255,0.3736843,0.39590362,-0.8885224,-0.23192306
1356095607740,0.41350707,0.012919307,0.9104093,-0.81010365,-0.4512129,0.37435135,0.4156248,-0.8923228,-0.17611374
1356095607780,0.36136422,0.042764395,0.9314436,-0.8241558,-0.4525641,0.34051877,0.4361,-0.8907059,-0.12829596
1356095607820,0.27932376,0.0459415,0.95909727,-0.8441982,-0.46417046,0.2680951,0.45750132,-0.88455355,-0.09087007
1356095607860,0.16326928,0.0181472,0.9864146,-0.86277974,-0.48229122,0.15167826,0.4784916,-0.87582296,-0.0630863
1356095607900,0.012329578,-0.041565478,0.99905974,-0.86885095,-0.49497533,-0.009870619,0.4949202,-0.8679123,-0.042217046
1356095607940,-0.16183531,-0.12397638,0.9789991,-0.84962654,-0.48711014,-0.20213473,0.5019403,-0.8644961,-0.026501983
1356095607980,-0.33107293,-0.20779112,0.920442,-0.8013524,-0.4531225,-0.3905308,0.49822187,-0.8668926,-0.016497254
1356095608020,-0.46762544,-0.27338076,0.8405887,-0.73781455,-0.40298247,-0.5415116,0.48678136,-0.87342316,-0.013259351
1356095608060,-0.5612814,-0.31464767,0.7654803,-0.6798387,-0.35219717,-0.6432547,0.47199854,-0.88145,-0.01622802
1356095608100,-0.61542755,-0.3347938,0.7135559,-0.6424316,-0.31143528,-0.7002068,0.4566514,-0.8893375,-0.02341628
1356095608140,-0.6359302,-0.33868533,0.69345874,-0.63292736,-0.28526157,-0.7197422,0.44158322,-0.8966148,-0.03295678
1356095608190,-0.62526536,-0.33065686,0.7069011,-0.6534165,-0.27347177,-0.70587534,0.42672,-0.9032603,-0.04506427
1356095608222,-0.58170366,-0.3164249,0.74933046,-0.701117,-0.27199286,-0.6591319,0.41237825,-0.9087877,-0.063631594
1356095608262,-0.50351864,-0.3062735,0.8078772,-0.7659503,-0.27438152,-0.5814078,0.39973632,-0.91154337,-0.09643406
1356095608301,-0.39316934,-0.31259605,0.86469734,-0.8326839,-0.2777831,-0.47903436,0.38994262,-0.90836126,-0.15107787
1356095608342,-0.26028144,-0.34152773,0.90311265,-0.8865801,-0.28590792,-0.36363772,0.38239944,-0.89532983,-0.22837514
1356095608382,-0.11241722,-0.37782344,0.91902757,-0.9202769,-0.30924445,-0.23970422,0.37477013,-0.8727068,-0.3129378
1356095608423,0.040303946,-0.39639696,0.9171941,-0.92954695,-0.35156828,-0.11109552,0.3664943,-0.84809744,-0.3826392
1356095608462,0.18860912,-0.3790133,0.90596664,-0.9139031,-0.40540636,0.020658702,0.35945472,-0.8318622,-0.42284477
1356095608502,0.32126993,-0.32496002,0.8894868,-0.87763333,-0.45500726,0.15075886,0.35573235,-0.8290774,-0.43137586
1356095608542,0.4270548,-0.24729118,0.8697536,-0.8308883,-0.48678312,0.26956794,0.3567196,-0.83778834,-0.4133544
1356095608582,0.5001864,-0.16225892,0.85057956,-0.7860978,-0.4970181,0.3674551,0.3631305,-0.85243475,-0.37615305
1356095608620,0.541294,-0.0814552,0.83687866,-0.7526951,-0.4905545,0.43909723,0.37476787,-0.86759514,-0.3268451
1356095608660,0.553898,-0.011459827,0.8325057,-0.73533654,-0.47569036,0.4826995,0.39048326,-0.8795382,-0.2719108
1356095608700,0.54164445,0.044475526,0.8394303,-0.73435056,-0.46093687,0.49826336,0.40908486,-0.88631773,-0.21700332
1356095608740,0.50613034,0.08341932,0.8584133,-0.74763596,-0.45376423,0.48491085,0.42996818,-0.8872087,-0.16729656
1356095608782,0.44649735,0.102348804,0.88891214,-0.7712862,-0.45959303,0.44033155,0.45360523,-0.8822125,-0.12626684
1356095608820,0.35520798,0.092809945,0.9301686,-0.8036852,-0.47786796,0.35458767,0.47740698,-0.8735151,-0.09515257
1356095608860,0.23121995,0.051584512,0.97153294,-0.83585525,-0.5004938,0.2255035,0.49787876,-0.86420184,-0.072606936
1356095608900,0.064893484,-0.027947217,0.9975007,-0.8584697,-0.51118016,0.041526765,0.50874203,-0.85901904,-0.057164088
1356095608940,-0.13143128,-0.13356793,0.98228586,-0.85192347,-0.49145937,-0.18081555,0.5069047,-0.86059713,-0.04919657
1356095608980,-0.31873882,-0.23417562,0.9184592,-0.80823666,-0.43903786,-0.39242724,0.4951353,-0.86741424,-0.04933086
1356095609020,-0.46019506,-0.3049553,0.83380026,-0.747528,-0.37358433,-0.54921454,0.4789806,-0.8760348,-0.056040943
1356095609060,-0.5467416,-0.3430444,0.7638025,-0.69802856,-0.31705034,-0.6420555,0.46241736,-0.8841944,-0.066110134
1356095609100,-0.58547187,-0.35608763,0.72830236,-0.6765346,-0.28038472,-0.68094444,0.44668075,-0.89139557,-0.07674819
1356095609140,-0.58299637,-0.35164958,0.73243284,-0.68840116,-0.26501173,-0.67518353,0.43153128,-0.89783716,-0.08757514
1356095609189,-0.5404262,-0.33656824,0.7711429,-0.73079956,-0.26644242,-0.6284429,0.41697913,-0.90317786,-0.10197145
1356095609222,-0.45675123,-0.32032037,0.8299237,-0.7925147,-0.2772683,-0.54317856,0.40410262,-0.90582407,-0.12721598
1356095609262,-0.33741486,-0.31608576,0.88670236,-0.8548824,-0.29147243,-0.42920858,0.39411598,-0.9028476,-0.17186904
1356095609302,-0.19604504,-0.3322055,0.92260814,-0.9012606,-0.3096906,-0.3030198,0.3863879,-0.890916,-0.2386905
1356095609342,-0.046448827,-0.3592564,0.9320823,-0.92447567,-0.33800316,-0.17634776,0.37840083,-0.86987853,-0.3164239
1356095609382,0.10143578,-0.373893,0.92190826,-0.9236696,-0.37960082,-0.052322954,0.36952034,-0.8462312,-0.38385865
1356095609421,0.23944518,-0.35789418,0.9025396,-0.9007063,-0.4289352,0.06886831,0.36248347,-0.8294133,-0.42506397
1356095609460,0.35929635,-0.30821896,0.8808559,-0.8609692,-0.47364494,0.18545228,0.36005303,-0.82502216,-0.43554592
1356095609500,0.45363706,-0.23601073,0.85936743,-0.8139933,-0.50229895,0.29173735,0.36280626,-0.8318622,-0.4199726
1356095609540,0.5185746,-0.15551758,0.84077024,-0.7706561,-0.510946,0.38081932,0.37036407,-0.845428,-0.3848142
1356095609580,0.55477583,-0.07767299,0.8283663,-0.7391374,-0.503103,0.44784302,0.38196826,-0.8607289,-0.33652037
1356095609620,0.565091,-0.008317649,0.8249867,-0.72340184,-0.48578906,0.49061063,0.39668882,-0.87403655,-0.28053203
1356095609661,0.55175805,0.049002975,0.83256334,-0.7242737,-0.4668027,0.50746715,0.41351026,-0.88300276,-0.22207057
1356095609700,0.51562953,0.09135738,0.8519273,-0.74002755,-0.45364913,0.49654973,0.4318396,-0.88648534,-0.16630787
1356095609740,0.4552311,0.11452454,0.8829772,-0.7673878,-0.45244703,0.45432103,0.45153135,-0.88440704,-0.118083216
1356095609780,0.36684626,0.11310464,0.92338026,-0.8012308,-0.4659506,0.37539217,0.4727082,-0.8775519,-0.080309324
1356095609820,0.24218738,0.078647524,0.96703666,-0.83514774,-0.49041492,0.24904144,0.49383563,-0.86793315,-0.05309005
1356095609860,0.07419151,0.004478425,0.997234,-0.85668683,-0.51159304,0.06603268,0.5104736,-0.8592162,-0.034119263
1356095609900,-0.12872005,-0.10257518,0.98636174,-0.8461084,-0.50741625,-0.163185,0.5172347,-0.85557413,-0.021475077
1356095609940,-0.33120263,-0.21413454,0.9189403,-0.7921678,-0.4659993,-0.3941002,0.5126159,-0.8584819,-0.01529035
1356095609980,-0.49117768,-0.29894218,0.8181553,-0.7132994,-0.401056,-0.5747678,0.4999484,-0.8659028,-0.016245544
1356095610039,-0.5959153,-0.34922838,0.7231352,-0.6406503,-0.33621168,-0.6903108,0.48420256,-0.8746435,-0.023379564
1356095610061,-0.6538437,-0.37261662,0.6585175,-0.5941076,-0.28610873,-0.7517832,0.46853447,-0.88277894,-0.034303963
1356095610101,-0.675059,-0.3776043,0.6338063,-0.5816897,-0.2560085,-0.7720731,0.45379788,-0.88987345,-0.046827734
1356095610138,-0.66292757,-0.36942643,0.65119207,-0.60582304,-0.24635154,-0.7564981,0.43989253,-0.89601064,-0.060493827
1356095610180,-0.61514676,-0.35300446,0.70496976,-0.6629497,-0.2523629,-0.704848,0.42672274,-0.9009444,-0.07878393
1356095610221,-0.52279615,-0.33449477,0.7840903,-0.7443535,-0.26917535,-0.61113226,0.41547826,-0.9031378,-0.108258545
1356095610262,-0.39025515,-0.3281232,0.8602535,-0.8252044,-0.28972965,-0.48486552,0.40833658,-0.89910614,-0.15770018
1356095610302,-0.22852296,-0.3397905,0.91231555,-0.88487613,-0.31823623,-0.3401763,0.40592057,-0.8850243,-0.22794825
1356095610342,-0.056560814,-0.35779116,0.93208706,-0.9122354,-0.36088133,-0.19388422,0.4057429,-0.8612491,-0.305978
1356095610382,0.11237559,-0.3565308,0.9275007,-0.9072459,-0.4175478,-0.05058366,0.40531054,-0.8357868,-0.37038323
1356095610422,0.26662174,-0.3199285,0.9091527,-0.8744519,-0.47695133,0.08860725,0.40527362,-0.8186349,-0.40692773
1356095610460,0.39423478,-0.25190294,0.8838122,-0.8237721,-0.5231921,0.21833372,0.4074047,-0.8141345,-0.4137711
1356095610500,0.48712492,-0.16924551,0.85677606,-0.76981103,-0.54650974,0.3297242,0.41243213,-0.82017255,-0.3965056
1356095610540,0.544995,-0.0878987,0.8338191,-0.7254474,-0.54803824,0.41638935,0.42036468,-0.83182204,-0.36244398
1356095610580,0.5727409,-0.016446292,0.8195715,-0.6972677,-0.5354818,0.4765259,0.4310286,-0.8443866,-0.31815982
1356095610620,0.57576764,0.04209894,0.8165288,-0.6866504,-0.5172428,0.5108533,0.44385004,-0.8548026,-0.26890442
1356095610660,0.5577339,0.08676121,0.82547283,-0.69229174,-0.5000162,0.5203038,0.45789194,-0.8616591,-0.2188119
1356095610700,0.5200348,0.1166763,0.84613854,-0.7114339,-0.48903915,0.5046806,0.4726792,-0.8644231,-0.17130992
1356095610740,0.46178043,0.1301283,0.87739694,-0.7404032,-0.4881469,0.46207756,0.48842797,-0.86300594,-0.1290693
1356095610780,0.38034016,0.12420833,0.916468,-0.7750174,-0.49792844,0.38912117,0.5046675,-0.8582771,-0.09311855
1356095610820,0.26968044,0.092532694,0.95849365,-0.8120067,-0.51318306,0.27800766,0.5176075,-0.8532766,-0.063258275
1356095610860,0.12406856,0.02927208,0.99184185,-0.8441933,-0.52220124,0.12101096,0.52148324,-0.85231984,-0.040077478
1356095610900,-0.050328612,-0.060416758,0.99690354,-0.8563233,-0.51108104,-0.07420522,0.5139818,-0.85740644,-0.026014239
1356095610940,-0.22703093,-0.15610436,0.9612951,-0.83691466,-0.47349566,-0.2745465,0.49802697,-0.8668525,-0.023147851
1356095610980,-0.37159455,-0.23366806,0.8985081,-0.79494596,-0.4198361,-0.4379481,0.4795606,-0.8770045,-0.029744685
1356095611020,-0.4642473,-0.28168768,0.8397181,-0.7555942,-0.36870116,-0.5414212,0.46211672,-0.88583946,-0.041673064
1356095611060,-0.50302505,-0.30133384,0.8100393,-0.7401281,-0.3337854,-0.58377886,0.44629157,-0.89318824,-0.05512321
1356095611100,-0.4906956,-0.2982055,0.8187131,-0.75701165,-0.3193596,-0.5700374,0.4314522,-0.8994903,-0.06903666
1356095611140,-0.42830598,-0.27994084,0.8591782,-0.8013768,-0.32167602,-0.5043013,0.41755152,-0.90452075,-0.086562395
1356095611188,-0.32062876,-0.25934914,0.91100776,-0.8558152,-0.3328572,-0.3959628,0.4059281,-0.9066113,-0.115231335
1356095611222,-0.18239301,-0.2525092,0.9502483,-0.8988495,-0.34888297,-0.26523602,0.39850003,-0.9025074,-0.1633339
1356095611262,-0.034577727,-0.26700494,0.9630746,-0.91790414,-0.37266743,-0.13627508,0.3952927,-0.8887223,-0.23219895
1356095611300,0.108949035,-0.2902765,0.95072067,-0.9128014,-0.40791664,-0.019942492,0.39360356,-0.86564636,-0.30940694
1356095611340,0.2420412,-0.2982626,0.9232851,-0.8877106,-0.452176,0.08664209,0.39164528,-0.84058094,-0.3742161
1356095611380,0.3596768,-0.27575934,0.89139736,-0.8472588,-0.4967213,0.18820316,0.39087734,-0.8229366,-0.41229865
1356095611420,0.45671603,-0.2237738,0.8610086,-0.7979958,-0.5308397,0.28532758,0.39320868,-0.817395,-0.4210136
1356095611460,0.5291214,-0.15359285,0.83452964,-0.7487782,-0.5471964,0.37404191,0.3992014,-0.8227912,-0.4045403
1356095611500,0.5759685,-0.07797745,0.8137443,-0.7080579,-0.5450828,0.4489308,0.40855154,-0.8347481,-0.36916307
1356095611540,0.5989795,-0.0059792995,0.80074203,-0.68141365,-0.5290315,0.5057678,0.42059362,-0.8485811,-0.32095337
1356095611588,0.6006999,0.058463395,0.7973341,-0.6708824,-0.50557554,0.5425036,0.4348292,-0.8607993,-0.26447713
1356095611630,0.5817399,0.116794914,0.8049457,-0.67588365,-0.4811503,0.5582791,0.45250404,-0.8688229,-0.20096454
1356095611670,0.53409827,0.1498954,0.83202785,-0.702742,-0.46840313,0.53549254,0.46999234,-0.87070656,-0.14483553
1356095611710,0.46799117,0.1638352,0.8684137,-0.7366898,-0.47045177,0.48576033,0.48813143,-0.8670831,-0.09947154
1356095611750,0.3772031,0.15258005,0.91347533,-0.77550006,-0.48715293,0.4015991,0.5062781,-0.85988456,-0.065429814
1356095611790,0.25500476,0.10956854,0.96071184,-0.8145315,-0.5110706,0.27449092,0.52106714,-0.85252655,-0.041078433
1356095611830,0.09594977,0.030688584,0.994913,-0.8442857,-0.5269165,0.09767622,0.5272336,-0.84936285,-0.024647608
1356095611870,-0.08998269,-0.073791325,0.9932059,-0.8479857,-0.5173345,-0.11526191,0.52232504,-0.852596,-0.016022831
1356095611910,-0.2698232,-0.17681193,0.9465373,-0.81755924,-0.47726166,-0.32220814,0.5087163,-0.86078954,-0.015777946
1356095611950,-0.41147143,-0.25495934,0.8750354,-0.7677351,-0.42045993,-0.48352474,0.4911965,-0.87075204,-0.022734046
1356095611990,-0.50404024,-0.3022496,0.8090665,-0.72229,-0.3660972,-0.58674526,0.47354048,-0.88012385,-0.03378415
1356095612030,-0.55159754,-0.3238333,0.768682,-0.69760865,-0.32608867,-0.637972,0.45725513,-0.88814306,-0.046039164
1356095612070,-0.55965066,-0.326625,0.7616478,-0.70072615,-0.30418515,-0.64533275,0.44246373,-0.89486736,-0.05863726
1356095612110,-0.52968144,-0.31728727,0.7866169,-0.7315752,-0.29840982,-0.6129839,0.42922628,-0.9001557,-0.07405734
1356095612150,-0.46076924,-0.30480155,0.83353925,-0.78269553,-0.30322677,-0.54354495,0.41842476,-0.9028563,-0.0988493
1356095612191,-0.35562557,-0.30235445,0.88437104,-0.8393657,-0.3128729,-0.44449484,0.41109073,-0.90038455,-0.14252037
1356095612230,-0.2221092,-0.31767952,0.9218173,-0.8865739,-0.3276595,-0.3265364,0.4057761,-0.8897859,-0.20887017
1356095612270,-0.07820165,-0.34888932,0.93389547,-0.9138434,-0.34932816,-0.20702636,0.3984653,-0.869624,-0.29151213
1356095612310,0.06607881,-0.37429607,0.9249519,-0.9196824,-0.38243124,-0.089054346,0.38706315,-0.8447774,-0.36950412
1356095612350,0.20083442,-0.37336546,0.9056841,-0.9048999,-0.42485902,0.025513679,0.37526214,-0.82467747,-0.42318472
1356095612390,0.32035744,-0.33804312,0.8849282,-0.8726231,-0.46884274,0.13680455,0.36864635,-0.81603515,-0.44518152
1356095612430,0.4178376,-0.27528188,0.8658128,-0.83001375,-0.5031915,0.24057335,0.36944416,-0.81915706,-0.43874004
1356095612470,0.4889784,-0.19819409,0.8494817,-0.78661203,-0.52109534,0.33121166,0.37701675,-0.8301679,-0.41070622
1356095612510,0.53272736,-0.11925349,0.8378425,-0.75112414,-0.5227368,0.40318578,0.38988978,-0.84411186,-0.3680504
1356095612550,0.5504897,-0.046812415,0.8335284,-0.7290716,-0.5133645,0.45267153,0.40671322,-0.85689294,-0.31673148
1356095612590,0.54396856,0.014132082,0.8389866,-0.7227989,-0.499977,0.47705844,0.42621583,-0.8659234,-0.2617571
1356095612630,0.5135082,0.059604436,0.8560121,-0.73249805,-0.4891514,0.47347388,0.44694066,-0.87015986,-0.20752311
1356095612670,0.4573464,0.08524385,0.8851936,-0.75636566,-0.48621967,0.43760866,0.46770203,-0.8696688,-0.1578953
1356095612710,0.37107462,0.08560428,0.9246489,-0.78975964,-0.494672,0.3627386,0.48844984,-0.8648535,-0.11595343
1356095612750,0.24783063,0.05352807,0.9673235,-0.82391346,-0.513616,0.23951024,0.5096534,-0.8563488,-0.08318727
1356095612790,0.08308667,-0.017229855,0.9963934,-0.8437808,-0.53319395,0.061140597,0.53021747,-0.84581757,-0.058839515
1356095612830,-0.1180678,-0.12517747,0.98508406,-0.8296472,-0.53268564,-0.16712773,0.54566073,-0.83700466,-0.040960163
1356095612889,-0.3244571,-0.24569082,0.913435,-0.76865804,-0.49430645,-0.40598744,0.5512643,-0.8338447,-0.028470904
1356095612911,-0.4940195,-0.34293574,0.7989617,-0.6764967,-0.4256335,-0.60098946,0.54616565,-0.8373954,-0.021723568
1356095612951,-0.6109751,-0.40237582,0.68176466,-0.5849536,-0.35081977,-0.7312692,0.5334216,-0.845588,-0.021028996
1356095612988,-0.6839794,-0.4311595,0.5884502,-0.5141483,-0.28732884,-0.8081421,0.51751685,-0.8553032,-0.025152922
1356095613031,-0.72594374,-0.4402647,0.5283679,-0.47121406,-0.2411995,-0.8483985,0.500962,-0.86486405,-0.032361686
1356095613070,-0.74497,-0.43737662,0.50370765,-0.45789254,-0.21385342,-0.86290276,0.48513308,-0.8734807,-0.040957093
1356095613110,-0.7439287,-0.42717868,0.51389533,-0.47478247,-0.20329839,-0.85630095,0.47026765,-0.8810153,-0.05157739
1356095613150,-0.71889347,-0.41311562,0.5590418,-0.52401805,-0.20634043,-0.8263346,0.45672458,-0.8869945,-0.06814331
1356095613190,-0.66299677,-0.40236065,0.63130116,-0.6017663,-0.21519601,-0.7691345,0.445323,-0.8898295,-0.09945285
1356095613229,-0.5655779,-0.40075535,0.7207752,-0.69976753,-0.22928226,-0.67657596,0.43640238,-0.8870315,-0.15075856
1356095613270,-0.43536294,-0.41865018,0.7969887,-0.7916386,-0.24352378,-0.560361,0.428681,-0.87488747,-0.22539836
1356095613310,-0.27865928,-0.446202,0.8504427,-0.86417913,-0.26981872,-0.42472607,0.418979,-0.8532887,-0.31041098
1356095613350,-0.107537985,-0.45917523,0.8818127,-0.90693414,-0.31807095,-0.2762267,0.40731552,-0.8294509,-0.38223702
1356095613390,0.061711907,-0.43844658,0.89663607,-0.9153015,-0.3830979,-0.12433475,0.39801353,-0.8130194,-0.4249525
1356095613431,0.21371248,-0.3805033,0.8997468,-0.89364374,-0.44820175,0.022718161,0.39462376,-0.8089082,-0.4358207
1356095613470,0.33529377,-0.2968867,0.89411205,-0.85413647,-0.49624884,0.15552518,0.3975287,-0.81584024,-0.4199709
1356095613510,0.41963032,-0.20516104,0.88420546,-0.8120697,-0.52005994,0.26472697,0.40552816,-0.829124,-0.38483799
1356095613550,0.4673357,-0.11926681,0.8759982,-0.7794318,-0.5232094,0.3445838,0.41723305,-0.8438172,-0.33747476
1356095613590,0.48276278,-0.046860635,0.8744966,-0.76219213,-0.5142468,0.39320922,0.431281,-0.85636115,-0.28397602
1356095613630,0.46996644,0.0081884265,0.8826463,-0.7614526,-0.5020089,0.4100939,0.44645432,-0.8648237,-0.22969222
1356095613670,0.43056443,0.043007106,0.9015346,-0.7751976,-0.49396083,0.39379114,0.46225864,-0.86841995,-0.17934297
1356095613710,0.36264336,0.054022193,0.9303609,-0.79921883,-0.49542886,0.34029323,0.47931102,-0.866967,-0.13648841
1356095613750,0.2608052,0.036260188,0.96471024,-0.826869,-0.50737315,0.24261084,0.49826527,-0.8609632,-0.1023431
1356095613790,0.11799532,-0.016465455,0.9928776,-0.8477757,-0.5222987,0.09208959,0.5170624,-0.8526036,-0.07558781
1356095613830,-0.06427634,-0.10385251,0.9925136,-0.8452364,-0.52306,-0.109469354,0.53051287,-0.84594494,-0.054159492
1356095613870,-0.26187503,-0.20749274,0.9425328,-0.80389667,-0.49348742,-0.3319943,0.5340146,-0.84464,-0.037570626
1356095613910,-0.43447852,-0.29689503,0.85034215,-0.730091,-0.4367807,-0.52553767,0.5274426,-0.8491619,-0.026988626
1356095613950,-0.5581571,-0.35522345,0.7498513,-0.6509907,-0.37285823,-0.6612018,0.51446265,-0.8572007,-0.023133695
1356095613990,-0.6348546,-0.3852878,0.669711,-0.5896709,-0.3184752,-0.74220055,0.49924716,-0.8660986,-0.025007606
1356095614030,-0.6750513,-0.3956319,0.6227207,-0.5566362,-0.28084826,-0.78184414,0.48421255,-0.87441385,-0.030636013
1356095614070,-0.68591905,-0.3923803,0.61282355,-0.55550915,-0.2616219,-0.7892804,0.4700261,-0.8818116,-0.038519442
1356095614110,-0.6681339,-0.37898585,0.6402865,-0.58739763,-0.25952506,-0.76655775,0.4566849,-0.888266,-0.04921788
1356095614150,-0.6165619,-0.35943687,0.70046884,-0.6497861,-0.27005625,-0.7105263,0.44455534,-0.89323837,-0.067050695
1356095614190,-0.5247548,-0.34321934,0.7789947,-0.731895,-0.2853976,-0.61877114,0.43469748,-0.89484555,-0.101436734
1356095614229,-0.38950902,-0.33943117,0.8561947,-0.81581783,-0.30429763,-0.4917766,0.42746228,-0.8900503,-0.15838742
1356095614270,-0.23174632,-0.35834005,0.9043705,-0.87680316,-0.32570803,-0.3537379,0.4213192,-0.87493235,-0.23871207
1356095614310,-0.064462304,-0.38383532,0.9211488,-0.90837514,-0.35959792,-0.21341002,0.4131575,-0.8505056,-0.32548594
1356095614350,0.09907699,-0.38999844,0.91546977,-0.90981936,-0.40809953,-0.07538861,0.40300426,-0.82544285,-0.39526138
1356095614390,0.24774116,-0.36194798,0.8986757,-0.8849671,-0.46204346,0.057870805,0.39428103,-0.8096354,-0.4347793
1356095614430,0.37278852,-0.30197272,0.87740594,-0.8420119,-0.50743127,0.1831102,0.38992888,-0.8070477,-0.44342917
1356095614470,0.46803182,-0.22308502,0.8550902,-0.7924454,-0.5342038,0.2943746,0.39112192,-0.81538904,-0.42680714
1356095614510,0.53167593,-0.13991961,0.8353102,-0.7476233,-0.54096514,0.38524812,0.39796996,-0.82932454,-0.39222533
1356095614550,0.5659096,-0.0625273,0.82209283,-0.7153142,-0.5330535,0.4518624,0.4099657,-0.84376794,-0.3463868
1356095614590,0.57423365,0.0037791133,0.81868273,-0.6990533,-0.5182231,0.4927163,0.42612237,-0.8552371,-0.29493934
1356095614630,0.55930424,0.05607471,0.82706374,-0.69921637,-0.5040122,0.5070189,0.4452812,-0.86187434,-0.24268782
1356095614671,0.5219611,0.09189725,0.84800446,-0.7140177,-0.49679664,0.49332732,0.4666212,-0.8629878,-0.19369227
1356095614710,0.46033975,0.107444584,0.88121676,-0.7405432,-0.50095105,0.44793284,0.48957443,-0.8587804,-0.15104035
1356095614750,0.37017858,0.09764418,0.9238146,-0.77429473,-0.51701736,0.364912,0.5132597,-0.85038733,-0.11578336
1356095614790,0.24469495,0.055726677,0.9679974,-0.80878794,-0.53890103,0.23547325,0.534777,-0.8405237,-0.086795256
1356095614830,0.080675066,-0.021143377,0.99651617,-0.8319017,-0.5521272,0.055633694,0.5490274,-0.8334918,-0.062132105
1356095614870,-0.10924059,-0.12138346,0.98657626,-0.82688904,-0.53972405,-0.15796387,0.5516531,-0.83304507,-0.041410923
1356095614910,-0.29151016,-0.21776727,0.93145007,-0.7877238,-0.4977842,-0.36290795,0.5426906,-0.8395167,-0.026431322
1356095614950,-0.43451732,-0.28800446,0.85337454,-0.7309645,-0.44079423,-0.52095234,0.52619916,-0.8501493,-0.018988311
1356095614990,-0.5291228,-0.32835835,0.78243834,-0.68045694,-0.38670695,-0.6224436,0.5069589,-0.8617647,-0.01881826
1356095615030,-0.58052725,-0.34479094,0.7376362,-0.65184677,-0.34608006,-0.67477727,0.48793828,-0.8725524,-0.023841918
1356095615070,-0.5949148,-0.34350795,0.7266902,-0.65190613,-0.3226751,-0.68622094,0.47020718,-0.8819768,-0.03197074
1356095615110,-0.5736865,-0.3291288,0.75003874,-0.68169194,-0.31578577,-0.6599814,0.45407045,-0.8899178,-0.0432024
1356095615150,-0.5149866,-0.30829144,0.7998407,-0.73561096,-0.3200909,-0.59700775,0.44007418,-0.89582264,-0.061940014
1356095615189,-0.4157561,-0.29175997,0.8614076,-0.8015777,-0.32992047,-0.4986239,0.42967445,-0.89779097,-0.0967018
1356095615230,-0.28095645,-0.2906925,0.91463727,-0.8611031,-0.34443945,-0.37398258,0.42375106,-0.8926698,-0.15354371
1356095615270,-0.12969148,-0.31095248,0.94153523,-0.89768034,-0.36647075,-0.24468175,0.42112955,-0.87693083,-0.23160774
1356095615310,0.025890231,-0.33436823,0.9420868,-0.9078982,-0.40228933,-0.11783108,0.41839048,-0.8522682,-0.31398767
1356095615350,0.17286941,-0.3371106,0.9254581,-0.8935015,-0.44904783,0.003328383,0.4144529,-0.8274736,-0.37883547
1356095615390,0.30183318,-0.30670774,0.9026778,-0.8599973,-0.49624112,0.11895135,0.41146255,-0.8122039,-0.41354984
1356095615430,0.40570882,-0.24753395,0.879845,-0.8161143,-0.5315335,0.22678104,0.4115311,-0.8100612,-0.4176638
1356095615470,0.48078737,-0.17288348,0.8596248,-0.77210987,-0.54810023,0.32160914,0.4155597,-0.81835043,-0.39700472
1356095615510,0.52722,-0.09569922,0.8443226,-0.736506,-0.54702806,0.3978936,0.42379004,-0.8316261,-0.3588872
1356095615550,0.5476798,-0.024393916,0.8363323,-0.71423304,-0.53426754,0.4521386,0.43579578,-0.8449634,-0.31003046
1356095615590,0.54525685,0.03632757,0.8374815,-0.706928,-0.5169816,0.48268294,0.45049727,-0.8552253,-0.25620675
1356095615631,0.5222149,0.083111435,0.8487545,-0.713884,-0.50185573,0.48837537,0.46654192,-0.8609491,-0.2027446
1356095615670,0.47987893,0.11373055,0.86993194,-0.732197,-0.49433735,0.46852764,0.48332572,-0.86179805,-0.15394893
1356095615729,0.41653782,0.12379143,0.9006508,-0.7589078,-0.4981184,0.41944844,0.50055486,-0.8582271,-0.1135389
1356095615751,0.3304878,0.11024779,0.9373491,-0.78885,-0.5129877,0.3384663,0.5181637,-0.85128677,-0.082567215
1356095615797,0.21829277,0.07022509,0.97335327,-0.8160057,-0.5339113,0.22152498,0.535241,-0.8426192,-0.059244856
1356095615827,0.06495303,-0.006503284,0.9978671,-0.8348102,-0.54819226,0.050766736,0.54669285,-0.8363271,-0.0410358
1356095615868,-0.09035629,-0.09037003,0.9918009,-0.83106756,-0.54192156,-0.12509128,0.5487827,-0.83555627,-0.02613759
1356095615911,-0.24153823,-0.17341176,0.954771,-0.8053117,-0.5131351,-0.2969269,0.54141706,-0.8406074,-0.015708745
1356095615950,-0.36900157,-0.24123386,0.89757687,-0.7649791,-0.4696567,-0.44071496,0.52786833,-0.849252,-0.01123485
