1356523405702,0.87223244,0.25028676,0.4201989,-0.42432058,-0.0400227,0.90462714,0.24323371,-0.9673442,0.07129273
1356523405739,-0.25388187,0.0074252486,0.9672067,-0.93614817,-0.25336915,-0.24378419,0.24325022,-0.9673412,0.07127699
1356523405766,-0.2540083,0.00726828,0.96717477,-0.9360845,-0.25345576,-0.24393836,0.24336302,-0.9673197,0.07118356
1356523405807,-0.25450236,0.006781757,0.96704835,-0.9358509,-0.253765,-0.24451244,0.24374479,-0.9672421,0.07093054
1356523405848,-0.25580752,0.005879909,0.96670985,-0.9353014,-0.25440222,-0.24594888,0.24448696,-0.9670806,0.07057747
1356523405887,-0.25833428,0.0046122074,0.96604455,-0.93428385,-0.2555412,-0.24862096,0.2457175,-0.9667871,0.07032418
1356523405938,-0.26279175,0.0031071901,0.96484745,-0.9326039,-0.2571944,-0.2531815,0.24736676,-0.9663546,0.07048643
1356523405957,-0.26956916,0.0012569726,0.9629802,-0.93021536,-0.25897616,-0.26005912,0.249062,-0.9658829,0.070981205
1356523405996,-0.27689785,-2.7611852E-4,0.9608993,-0.9275197,-0.26120692,-0.26735404,0.25106734,-0.9652828,0.07207155
1356523406040,-0.2870826,-0.0025223494,0.95790255,-0.9238454,-0.26356167,-0.27756977,0.25316656,-0.9646393,0.07333371
1356523406075,-0.2990026,-0.0055318475,0.95423627,-0.9194785,-0.26582092,-0.28965247,0.25525832,-0.96400654,0.07439473
1356523406122,-0.31165022,-0.009126335,0.9501531,-0.91469455,-0.26790172,-0.30259305,0.2573092,-0.96340305,0.075143814
1356523406168,-0.32372403,-0.01276654,0.9460654,-0.9098959,-0.26994538,-0.31499028,0.2594073,-0.96279097,0.0757716
1356523406186,-0.33430606,-0.015982628,0.942329,-0.9054784,-0.27190834,-0.32584453,0.26143497,-0.9621904,0.07642865
1356523406230,-0.3427469,-0.018483698,0.93924594,-0.9016024,-0.27437788,-0.3344097,0.26388943,-0.96144426,0.0773772
1356523406269,-0.3493175,-0.020558596,0.93677884,-0.8982383,-0.27724737,-0.34103057,0.2667306,-0.96057856,0.07838082
1356523406305,-0.35462755,-0.022829235,0.9347289,-0.8951901,-0.28034025,-0.3464737,0.26995188,-0.9596292,0.07897988
1356523406354,-0.3592689,-0.02562669,0.9328822,-0.8923571,-0.28317517,-0.3514409,0.27317533,-0.9587258,0.07886785
1356523406444,-0.3647654,-0.030745149,0.93059176,-0.8889991,-0.28563756,-0.35789922,0.2768156,-0.9578445,0.07685822
1356523406447,-0.37211013,-0.039201558,0.9273605,-0.88473916,-0.2871253,-0.36714542,0.28066128,-0.9570906,0.07215899
1356523406453,-0.38315314,-0.053937346,0.92210865,-0.878603,-0.28678697,-0.38185093,0.28504476,-0.9564748,0.0624938
1356523406508,-0.3961839,-0.072511196,0.91530347,-0.8713308,-0.2846442,-0.3997003,0.28951856,-0.95588696,0.04959023
1356523406531,-0.41491228,-0.10210693,0.904114,-0.8606955,-0.2781794,-0.4264032,0.29504457,-0.9550867,0.027537048
1356523406575,-0.43682414,-0.14149627,0.8883487,-0.84767115,-0.26576674,-0.45915323,0.30106208,-0.9535968,-0.00384897
1356523406636,-0.45410645,-0.18163598,0.872236,-0.83674395,-0.24931538,-0.48754632,0.30601785,-0.9512361,-0.0387671
1356523406663,-0.46341884,-0.21869421,0.85872924,-0.8305589,-0.23060495,-0.5069451,0.30889317,-0.9481531,-0.0747717
1356523406684,-0.46169186,-0.25086573,0.8508272,-0.83154154,-0.21154755,-0.51360136,0.3088354,-0.94462377,-0.11093551
1356523406714,-0.4446724,-0.27514794,0.8523849,-0.8415426,-0.19753277,-0.50277925,0.3067126,-0.9408902,-0.14371139
1356523406743,-0.42111313,-0.29575205,0.85743487,-0.8551296,-0.18567204,-0.4840241,0.3023528,-0.9370468,-0.17471743
1356523406776,-0.3899383,-0.31436047,0.86552036,-0.87204266,-0.17585182,-0.45674685,0.2957865,-0.93287385,-0.20556432
1356523406873,-0.3537125,-0.33715227,0.8724768,-0.8907032,-0.16334647,-0.42422375,0.285544,-0.9271711,-0.24252498
1356523406901,-0.29880345,-0.36104053,0.88338333,-0.9141316,-0.15749848,-0.37357405,0.2740069,-0.9191539,-0.28297746
1356523406906,-0.24027318,-0.39170727,0.88816345,-0.93470705,-0.15350014,-0.32056278,0.26189992,-0.90719527,-0.32924962
1356523406956,-0.18030572,-0.4315224,0.88389945,-0.95140433,-0.1515581,-0.26806706,0.24963912,-0.8892798,-0.3832255
1356523407004,-0.11379036,-0.47055435,0.87500304,-0.96455705,-0.15872803,-0.21079642,0.23807865,-0.86797696,-0.4358148
1356523407097,-0.058325052,-0.5087503,0.85893613,-0.97226286,-0.16626662,-0.16450056,0.22650212,-0.8447062,-0.48494154
1356523407120,-0.009321928,-0.5391613,0.84215087,-0.97669935,-0.17567128,-0.12327945,0.21440929,-0.8236775,-0.52496094
1356523407129,0.041045845,-0.55184245,0.8329377,-0.97854245,-0.19066924,-0.07810214,0.20191565,-0.81185913,-0.5478275
1356523407165,0.100212574,-0.54110116,0.8349652,-0.9759912,-0.21656966,-0.02320999,0.19338712,-0.8125928,-0.5498129
1356523407190,0.16450265,-0.5073314,0.8459041,-0.96775234,-0.24887666,0.0389345,0.19077313,-0.82503045,-0.53191197
1356523407246,0.23257476,-0.44959426,0.86242336,-0.9528817,-0.2828917,0.109493464,0.19474477,-0.84725285,-0.4942036
1356523407262,0.30129135,-0.36724776,0.87997305,-0.9310815,-0.3123871,0.18841863,0.20569596,-0.87609553,-0.4360571
1356523407310,0.35920972,-0.27121156,0.8929796,-0.9064283,-0.32916492,0.26464713,0.22216216,-0.9044858,-0.36407313
1356523407411,0.39886558,-0.1737284,0.90040255,-0.88429576,-0.33279425,0.32751945,0.24274936,-0.9268584,-0.28636748
1356523407413,0.4232245,-0.071501315,0.9031991,-0.86447626,-0.33028919,0.37893242,0.27122274,-0.94116765,-0.20159768
1356523407453,0.41246483,0.0074749887,0.91094285,-0.8603623,-0.3254685,0.3922332,0.29941517,-0.9455233,-0.12781307
1356523407536,0.38202438,0.06482673,0.9218757,-0.8651183,-0.3257256,0.38140935,0.32500407,-0.9432393,-0.06835231
1356523407539,0.33652088,0.10196027,0.9361398,-0.8757247,-0.33160433,0.35091996,0.34620795,-0.9378927,-0.022302657
1356523407540,0.2834018,0.121492684,0.9512744,-0.8872729,-0.34319198,0.30816558,0.36390963,-0.93137467,0.010536
1356523407574,0.21630669,0.120503366,0.96886027,-0.8997753,-0.36058366,0.24573088,0.37896666,-0.92490983,0.030429348
1356523407628,0.13189727,0.10006338,0.9862,-0.91054934,-0.38099855,0.16043702,0.39179465,-0.919145,0.040859953
1356523407679,0.03608662,0.060157776,0.99753636,-0.91429037,-0.4009922,0.057257473,0.40344876,-0.9141041,0.040531248
1356523407694,-0.0733251,0.0060770214,0.99728954,-0.907959,-0.4141069,-0.06423372,0.41259417,-0.9102079,0.035882145
1356523407776,-0.17810708,-0.05135849,0.98266995,-0.8911376,-0.41509914,-0.1832118,0.4173149,-0.90832543,0.028164566
1356523407777,-0.2738359,-0.102104485,0.95634127,-0.8671737,-0.40383697,-0.2914199,0.41596118,-0.9091152,0.022042722
1356523407814,-0.3471074,-0.13586122,0.92793214,-0.8444204,-0.3851915,-0.37226555,0.40800807,-0.912781,0.018978894
1356523407839,-0.3944106,-0.15115944,0.9064166,-0.82975996,-0.36529046,-0.42197293,0.3948906,-0.91853887,0.018648446
1356523407864,-0.4166904,-0.15150109,0.89633507,-0.82599366,-0.34864968,-0.4429197,0.37960976,-0.9249275,0.020140052
1356523407910,-0.414459,-0.13380492,0.9001777,-0.8368699,-0.33262384,-0.434753,0.35759267,-0.93351895,0.025881648
1356523407968,-0.3730107,-0.0996601,0.92245924,-0.8651067,-0.32197767,-0.3846049,0.33534098,-0.9414873,0.033884406
1356523407987,-0.30894428,-0.056372106,0.94940805,-0.89876676,-0.3092031,-0.31082448,0.31108174,-0.9493238,0.044861168
1356523408031,-0.21689373,-0.0105038285,0.9761387,-0.93348455,-0.29030943,-0.21054003,0.28559372,-0.9568752,0.053161085
1356523408073,-0.11553407,0.017496943,0.9931494,-0.9585599,-0.2640916,-0.10685757,0.26041272,-0.9643389,0.04728341
1356523408125,-0.026711524,0.007548809,0.99961466,-0.97097963,-0.23793966,-0.024149448,0.23766571,-0.97125053,0.013685495
1356523408170,0.032786608,-0.051653743,0.99812675,-0.97538054,-0.21955699,0.020677239,0.21807757,-0.97423136,-0.05758065
1356523408219,0.057890743,-0.15939027,0.9855168,-0.9783092,-0.20573184,0.024193764,0.19889593,-0.9655408,-0.16784292
1356523408262,0.08378589,-0.259245,0.9621704,-0.98044014,-0.19401342,0.033102244,0.17809242,-0.9461241,-0.27042982
1356523408273,0.11949819,-0.32168883,0.93927443,-0.9799492,-0.19013977,0.0595527,0.15943599,-0.9275576,-0.33796006
1356523408320,0.16915056,-0.3384649,0.9256509,-0.97457826,-0.19744161,0.10589677,0.14691967,-0.9200317,-0.36325786
1356523408359,0.2312893,-0.31436622,0.92069495,-0.9622668,-0.21335724,0.168883,0.1433458,-0.925015,-0.35185143
1356523408441,0.29521352,-0.26215538,0.91876197,-0.9438355,-0.22938317,0.2378189,0.14840308,-0.9373675,-0.31514856
1356523408442,0.34578127,-0.20337611,0.91600955,-0.92492884,-0.2381888,0.29626456,0.15793005,-0.9496864,-0.27046967
1356523408489,0.3847561,-0.14146376,0.91211325,-0.90695643,-0.24148947,0.34512705,0.1714428,-0.9600368,-0.221216
1356523408534,0.42477444,-0.051903963,0.90381,-0.88305825,-0.24369177,0.40102673,0.19943619,-0.9684628,-0.14934826
1356523408536,0.42602277,0.019162089,0.9045094,-0.8761146,-0.240646,0.4177469,0.22567153,-0.9704237,-0.085732445
1356523408562,0.41665867,0.07829705,0.9056849,-0.87386525,-0.24004802,0.4227724,0.25050968,-0.9675983,-0.03159702
1356523408596,0.3949619,0.12398669,0.9102925,-0.8768078,-0.24491608,0.4137923,0.27425003,-0.9615838,0.011979997
1356523408638,0.35920012,0.1543585,0.9204068,-0.88351715,-0.261438,0.3886484,0.30062056,-0.9527978,0.042469844
1356523408681,0.2923053,0.15980944,0.94287777,-0.89789236,-0.2934916,0.3281034,0.32916078,-0.9425092,0.057702586
1356523408754,0.18864846,0.1281242,0.97365075,-0.9119668,-0.34495282,0.22208983,0.36431867,-0.9298342,0.05177024
1356523408769,0.027706325,0.054894894,0.9981077,-0.9188144,-0.39187467,0.047057956,0.3937163,-0.91837955,0.039580762
1356523408816,-0.1384942,-0.035319507,0.98973316,-0.899341,-0.41401887,-0.1406202,0.4147349,-0.90958273,0.025574982
1356523408834,-0.28472984,-0.118914425,0.9512036,-0.8583191,-0.41023636,-0.30821168,0.42686912,-0.9041933,0.01473999
1356523408878,-0.38975316,-0.17559654,0.90402347,-0.81619644,-0.38877898,-0.42740417,0.426516,-0.9044428,0.008206606
1356523408917,-0.4556042,-0.20388243,0.86652,-0.7859502,-0.36493212,-0.49910614,0.4179799,-0.9084363,0.006023109
1356523408963,-0.4857639,-0.20512486,0.84968066,-0.7760261,-0.34615183,-0.5272213,0.4022647,-0.91547954,0.00896585
1356523409009,-0.47991216,-0.18254066,0.8581161,-0.789709,-0.33618188,-0.5131681,0.38215715,-0.92393756,0.01718378
1356523409043,-0.4376567,-0.1387726,0.88836855,-0.8246424,-0.33183062,-0.4580974,0.35835928,-0.93307585,0.03079015
1356523409078,-0.35624665,-0.07980168,0.930978,-0.87363994,-0.32495147,-0.36216,0.33142358,-0.9423579,0.046044916
1356523409116,-0.24545223,-0.023557425,0.9691224,-0.92119616,-0.3056792,-0.2407443,0.30191195,-0.9518431,0.053328663
1356523409158,-0.1297723,0.0030864775,0.991539,-0.95384824,-0.27349657,-0.12398806,0.27079988,-0.96186805,0.038436353
1356523409198,-0.034295738,-0.020598024,0.9991994,-0.97039914,-0.23846263,-0.03822303,0.23905906,-0.9709332,-0.011810064
1356523409244,0.036376953,-0.08890104,0.995376,-0.97755325,-0.21000415,0.016969264,0.20752445,-0.9736503,-0.09454483
1356523409285,0.09441939,-0.16745839,0.9813474,-0.97948277,-0.19191733,0.061490923,0.17804044,-0.96701884,-0.1821433
1356523409307,0.13993514,-0.2386831,0.9609623,-0.9779514,-0.18525362,0.09639597,0.15501368,-0.95326364,-0.25934395
1356523409346,0.19047451,-0.27817103,0.94145644,-0.9709952,-0.19457144,0.13896096,0.14452565,-0.9406183,-0.30716363
1356523409386,0.24903095,-0.2782133,0.927675,-0.95698416,-0.2179299,0.19154084,0.14887893,-0.93546987,-0.32051703
1356523409429,0.30739203,-0.24816877,0.91865253,-0.9374667,-0.24464592,0.24759781,0.16329849,-0.9373157,-0.30785215
1356523409470,0.35969502,-0.1952804,0.9124062,-0.91464686,-0.26714975,0.30340084,0.18450084,-0.9436612,-0.27470502
1356523409526,0.40093896,-0.12566504,0.90744483,-0.89161193,-0.2810448,0.3550237,0.21041867,-0.9514315,-0.22472623
1356523409543,0.41855943,-0.06181717,0.9060831,-0.8773244,-0.28540874,0.38580263,0.2347548,-0.95641017,-0.17369422
1356523409575,0.41972914,-0.007990658,0.90761423,-0.87073684,-0.28581515,0.4001587,0.25621244,-0.9582514,-0.12692268
1356523409618,0.41217,0.042150825,0.91013145,-0.8676466,-0.28667986,0.40620694,0.2780383,-0.9570987,-0.08158882
1356523409658,0.3806792,0.07718685,0.9214801,-0.87482643,-0.29280555,0.3859323,0.2996034,-0.95305145,-0.04393989
1356523409700,0.3289909,0.094548374,0.93958807,-0.8877983,-0.30812916,0.34186333,0.3218371,-0.9466346,-0.01743181
1356523409726,0.2572769,0.093121886,0.9618404,-0.903239,-0.33060122,0.27360958,0.3434646,-0.9391652,-9.447634E-4
1356523409758,0.17332917,0.074471,0.98204434,-0.9147845,-0.35723788,0.18854818,0.36486483,-0.9310398,0.0062051862
1356523409810,0.07112914,0.029661834,0.99702597,-0.9181202,-0.38873678,0.07706493,0.38986656,-0.92087126,-4.1735172E-4
1356523409844,-0.070753634,-0.03923878,0.99672174,-0.9108813,-0.40472203,-0.0805932,0.4065576,-0.91359746,-0.007106304
1356523409886,-0.20152617,-0.10156849,0.97420275,-0.88837636,-0.399939,-0.22546878,0.4125222,-0.91089666,-0.009632885
1356523409931,-0.2979287,-0.14046934,0.94419646,-0.8632219,-0.3826325,-0.32930297,0.40753722,-0.9131598,-0.0072590113
1356523409959,-0.35819107,-0.15811759,0.9201619,-0.84455174,-0.36529106,-0.39152876,0.3980345,-0.9173665,-0.0026944876
1356523409999,-0.3859861,-0.15141332,0.9099939,-0.84071803,-0.34832925,-0.41456008,0.3797474,-0.92506266,0.007154286
1356523410040,-0.37319928,-0.1226103,0.9196135,-0.8559964,-0.33673173,-0.3922779,0.3577603,-0.9335837,0.020714045
1356523410080,-0.3272174,-0.076957315,0.94181013,-0.88470197,-0.3252362,-0.33395174,0.33201075,-0.9424962,0.03833863
1356523410129,-0.2475872,-0.021981835,0.96861625,-0.92030126,-0.30721366,-0.24220935,0.30289635,-0.9513867,0.055832267
1356523410160,-0.14490241,0.027947962,0.9890512,-0.9508608,-0.28036004,-0.13138503,0.2736185,-0.959488,0.06719947
1356523410191,-0.061039925,0.03969258,0.9973457,-0.9682581,-0.24500012,-0.049509197,0.24238476,-0.9687102,0.053387523
1356523410234,0.019915044,0.013056576,0.9997164,-0.9769715,-0.21220821,0.022233456,0.21243832,-0.9771372,0.0085297525
1356523410262,0.08113372,-0.051610768,0.9953661,-0.97919506,-0.19048786,0.06993863,0.18599561,-0.9803319,-0.06599197
1356523410306,0.12803036,-0.13286984,0.98282945,-0.9778631,-0.18228638,0.1027399,0.16550538,-0.9742265,-0.15326673
1356523410350,0.17497209,-0.19755808,0.9645494,-0.9723146,-0.18878326,0.13771433,0.15488422,-0.96194166,-0.22512043
1356523410451,0.22882524,-0.22561389,0.94696224,-0.9606783,-0.20950177,0.1822258,0.15727761,-0.9514239,-0.26468164
1356523410454,0.28139073,-0.22652301,0.93247336,-0.9450184,-0.23413712,0.22829822,0.16661185,-0.94544554,-0.2799524
1356523410455,0.33873034,-0.18914545,0.9216755,-0.9220822,-0.2615853,0.2851975,0.18715292,-0.9464656,-0.2630145
1356523410485,0.381452,-0.1428127,0.9132902,-0.90045214,-0.28078523,0.33218315,0.20899838,-0.94908607,-0.23570213
1356523410513,0.41398337,-0.09089458,0.905735,-0.88033646,-0.29310104,0.37296045,0.23157176,-0.951751,-0.20135678
1356523410547,0.43525118,-0.037489593,0.8995282,-0.86359096,-0.29981387,0.40536705,0.2544939,-0.9532609,-0.16287002
1356523410587,0.4484696,0.022758722,0.8935083,-0.8486711,-0.30278954,0.43367738,0.28041482,-0.9527858,-0.116477296
1356523410631,0.44200456,0.07693562,0.8937074,-0.84329665,-0.30395716,0.44323918,0.30574957,-0.9495741,-0.06947094
1356523410710,0.41595507,0.11717725,0.9018042,-0.8482186,-0.30755556,0.4312016,0.32788193,-0.94428766,-0.028537363
1356523410734,0.37078878,0.13936171,0.91820145,-0.8618909,-0.3166152,0.39610428,0.3459184,-0.9382606,0.0027173162
1356523410735,0.31484723,0.14531359,0.93795264,-0.87775755,-0.3314141,0.34598607,0.36112723,-0.9322278,0.023205295
1356523410764,0.24185163,0.12907511,0.9616899,-0.89452034,-0.3543536,0.27251968,0.37595373,-0.92616045,0.029759273
1356523410816,0.13494366,0.082025796,0.98745227,-0.9102994,-0.38333166,0.15624276,0.39133766,-0.9199612,0.02293989
1356523410866,-0.009707689,0.010058284,0.99990225,-0.9153554,-0.40261775,-0.004836768,0.40252972,-0.9153129,0.013115376
1356523410909,-0.15536737,-0.061971962,0.98591095,-0.90041584,-0.4016407,-0.1671406,0.40634006,-0.9136981,0.006601393
1356523410951,-0.27584976,-0.11696756,0.95405746,-0.87208235,-0.38693714,-0.2995866,0.4042021,-0.91465753,0.004731089
1356523410976,-0.35751885,-0.14718005,0.9222355,-0.84534574,-0.36873275,-0.38655755,0.39695203,-0.91780937,0.0074109137
1356523411016,-0.3998987,-0.15192735,0.90388006,-0.831886,-0.35382634,-0.42751917,0.38476843,-0.9228895,0.015108466
1356523411078,-0.40192288,-0.13309097,0.9059497,-0.83801925,-0.34526867,-0.4225083,0.3690281,-0.92901903,0.027238607
1356523411104,-0.36344224,-0.091806054,0.92708224,-0.86379147,-0.3395453,-0.3722545,0.34896153,-0.9360987,0.04410374
1356523411137,-0.28045654,-0.033092678,0.9592961,-0.90333915,-0.32880265,-0.27543983,0.3245342,-0.94381857,0.062321007
1356523411180,-0.16591132,0.024971306,0.98582447,-0.941041,-0.30287057,-0.15070254,0.2948139,-0.9527045,0.07374865
1356523411213,-0.042850196,0.05697775,0.9974554,-0.96414876,-0.2640519,-0.026335925,0.2618795,-0.962824,0.06624979
1356523411249,0.06452018,0.053672224,0.996472,-0.9712106,-0.22608757,0.075062096,0.22931874,-0.9726272,0.03753987
1356523411287,0.12371892,-0.00606364,0.9922987,-0.97226536,-0.2007519,0.1199944,0.19847831,-0.9796233,-0.030732214
1356523411323,0.16150385,-0.096990526,0.9820943,-0.9722834,-0.18611795,0.14150962,0.16906032,-0.97772837,-0.12436104
1356523411382,0.19983375,-0.17936277,0.9632733,-0.96930456,-0.17989671,0.16758788,0.1432307,-0.9671949,-0.20980656
1356523411411,0.24985924,-0.22647473,0.9414242,-0.9598905,-0.18565938,0.21009696,0.12720257,-0.9561589,-0.26377964
1356523411446,0.3138997,-0.23059228,0.92102885,-0.9411429,-0.20365661,0.2697666,0.12536752,-0.95149946,-0.28094804
1356523411489,0.3878813,-0.19260615,0.90136063,-0.911189,-0.22745988,0.34350622,0.13886201,-0.95454955,-0.26372802
1356523411530,0.4538183,-0.13428834,0.88091743,-0.8765156,-0.24536172,0.41414726,0.1605283,-0.9600855,-0.2290554
1356523411570,0.50852454,-0.06210947,0.8588046,-0.8399761,-0.25508535,0.4789277,0.1893225,-0.9649217,-0.18188763
1356523411614,0.5450358,0.011993349,0.83832705,-0.80851436,-0.25712377,0.5293317,0.22190222,-0.9663042,-0.1304449
1356523411658,0.55964375,0.073846966,0.8254366,-0.7895372,-0.2551821,0.5581336,0.2518531,-0.9640688,-0.084506124
1356523411742,0.5657294,0.13222313,0.813921,-0.7740736,-0.25501913,0.57946116,0.28418362,-0.9578529,-0.04192134
1356523411743,0.54314303,0.1696437,0.8223239,-0.7794143,-0.26236558,0.5689268,0.31226432,-0.9499396,-0.010279305
1356523411758,0.50466824,0.18629691,0.842973,-0.79448795,-0.28182563,0.5379248,0.33778512,-0.94120544,0.005782217
1356523411784,0.43957195,0.17965749,0.8800566,-0.8228358,-0.31233308,0.4747519,0.36016357,-0.9328297,0.010535784
1356523411814,0.35291725,0.15005273,0.92354405,-0.8548716,-0.3495031,0.3834607,0.38032082,-0.92484146,0.0049301535
1356523411869,0.22960609,0.08405003,0.9696477,-0.88794947,-0.3898511,0.24405318,0.3985309,-0.9170342,-0.014880016
1356523411915,0.04936582,-0.011533052,0.99871415,-0.91322196,-0.4054489,0.040457904,0.40446097,-0.9140449,-0.03054756
1356523411970,-0.122504234,-0.08967394,0.9884085,-0.91089374,-0.3852448,-0.14784849,0.3940373,-0.91844714,-0.034489363
1356523412011,-0.2372827,-0.12836578,0.9629222,-0.89567196,-0.35487694,-0.26801905,0.3761233,-0.92605865,-0.03076744
1356523412053,-0.286466,-0.12863803,0.9494153,-0.89077234,-0.32912952,-0.31336617,0.35279146,-0.93548167,-0.020302743
1356523412101,-0.2740357,-0.09910551,0.9565995,-0.90452325,-0.3113503,-0.291374,0.32671428,-0.9451133,-0.0043221116
1356523412151,-0.2050628,-0.046849757,0.977627,-0.9324546,-0.29421103,-0.20968679,0.2974524,-0.95459163,0.016646415
1356523412177,-0.086901724,0.013187617,0.99612963,-0.95990133,-0.26862603,-0.08018488,0.26652887,-0.96315426,0.036002874
1356523412258,0.043917358,0.056037277,0.9974623,-0.97089016,-0.23292667,0.05583322,0.2354643,-0.9708785,0.04417655
1356523412276,0.1507405,0.058472246,0.98684263,-0.96682,-0.1995421,0.15950528,0.2062433,-0.9781431,0.026453078
1356523412282,0.22873822,0.018197417,0.9733178,-0.956576,-0.18135491,0.22819439,0.18066853,-0.9832493,-0.024075538
1356523412317,0.28900734,-0.042259067,0.9563937,-0.94425,-0.17714325,0.2775105,0.15769139,-0.9832773,-0.091098815
1356523412368,0.32092112,-0.12145534,0.939286,-0.9367782,-0.18676591,0.29591435,0.13948616,-0.97486776,-0.17371383
1356523412431,0.36372143,-0.17860085,0.9142256,-0.92187446,-0.20979923,0.32577863,0.13361946,-0.96129394,-0.24095607
1356523412448,0.43453056,-0.18587169,0.8812689,-0.8894843,-0.24220634,0.3874968,0.14142424,-0.95225406,-0.27057603
1356523412484,0.5118033,-0.15017235,0.8458756,-0.8439842,-0.27179217,0.46240637,0.1604617,-0.95056677,-0.26584727
1356523412517,0.5763916,-0.09504104,0.8116279,-0.7962975,-0.28839055,0.5317341,0.18352932,-0.9527844,-0.2419068
1356523412555,0.629615,-0.022103846,0.7765928,-0.74772006,-0.28865486,0.5979909,0.21094942,-0.957178,-0.1982689
1356523412613,0.66500807,0.056533843,0.7446934,-0.70711935,-0.27317828,0.6521932,0.24030507,-0.9603008,-0.1416896
1356523412638,0.6782297,0.121052146,0.72481096,-0.68500304,-0.25293612,0.6832235,0.26603654,-0.9598801,-0.08862772
1356523412664,0.6822678,0.18050213,0.70846987,-0.67055726,-0.23162702,0.7047707,0.29131347,-0.955912,-0.03699461
1356523412704,0.6691392,0.2253675,0.70814,-0.6731376,-0.21992886,0.70605755,0.31486276,-0.94912636,0.0045402646
1356523412758,0.64297736,0.2557582,0.72191954,-0.68487406,-0.229918,0.6914371,0.342823,-0.9390024,0.027330067
1356523412827,0.5833738,0.25894845,0.7698186,-0.72180194,-0.26928017,0.63756573,0.37239355,-0.92759573,0.029818505
1356523412848,0.49184424,0.23596337,0.83809936,-0.77464557,-0.3208711,0.5449459,0.39750913,-0.91725844,0.024969392
1356523412862,0.37504917,0.18788984,0.907764,-0.8276112,-0.37327677,0.41919467,0.41760963,-0.90849423,0.015502594
1356523412904,0.22501099,0.10884878,0.9682572,-0.8741559,-0.41638386,0.24995172,0.43037364,-0.90264964,0.0014598668
1356523412946,0.046808064,0.00971809,0.9988566,-0.8997687,-0.43389475,0.046386063,0.4338494,-0.90091115,-0.011565745
1356523413001,-0.10950136,-0.07383117,0.99124086,-0.898522,-0.41908813,-0.130474,0.42505035,-0.9049388,-0.020448208
1356523413040,-0.19840592,-0.113797724,0.9734912,-0.88949984,-0.39621508,-0.22760397,0.41161275,-0.9110783,-0.022611558
1356523413071,-0.21988988,-0.116036,0.9685991,-0.8910422,-0.38028806,-0.24784064,0.39710507,-0.9175602,-0.019771546
1356523413119,-0.19452333,-0.09264764,0.9765127,-0.90393424,-0.36962205,-0.21513376,0.38087222,-0.9245517,-0.011847287
1356523413140,-0.12097448,-0.044062704,0.99167717,-0.9256346,-0.35585028,-0.12872928,0.35856077,-0.9335037,0.0022628307
1356523413184,0.0052697062,0.01446709,0.9998814,-0.94408274,-0.3295644,0.0097439885,0.32966638,-0.9440222,0.011921525
1356523413229,0.122223735,0.029834092,0.9920541,-0.9492801,-0.2882471,0.1256223,0.28970456,-0.9570912,-0.006909758
1356523413265,0.23297971,0.0037322342,0.97247446,-0.9412093,-0.25068867,0.22645155,0.24463344,-0.9680606,-0.0548926
1356523413307,0.29616138,-0.068858206,0.9526526,-0.93460554,-0.22658673,0.27417314,0.19697937,-0.9715539,-0.13146147
1356523413351,0.34266788,-0.14850661,0.9276446,-0.9267025,-0.21558648,0.3078066,0.15427628,-0.96512604,-0.21149603
1356523413401,0.39537442,-0.19838756,0.89683974,-0.90990025,-0.21804565,0.35289887,0.12554133,-0.9555619,-0.26672253
1356523413440,0.4597633,-0.20337185,0.86444056,-0.88043046,-0.2315594,0.4137901,0.11601612,-0.9513254,-0.2855173
1356523413487,0.5284636,-0.1699827,0.83176446,-0.84002435,-0.24644412,0.48334718,0.12282276,-0.95413375,-0.27302635
1356523413507,0.58952427,-0.11254564,0.7998717,-0.7953918,-0.25344366,0.5505618,0.14075902,-0.96078086,-0.2389291
1356523413580,0.64114463,-0.03104198,0.766792,-0.7481678,-0.24768756,0.61554515,0.17081708,-0.96834254,-0.18202817
1356523413593,0.6658344,0.04200664,0.7449161,-0.7184422,-0.2332228,0.6553228,0.20125932,-0.97151566,-0.12510842
1356523413633,0.6736078,0.10599184,0.73144937,-0.701963,-0.21797135,0.6780386,0.23130158,-0.97018254,-0.07242485
1356523413678,0.66508716,0.15710995,0.73005176,-0.6999663,-0.20948613,0.68276113,0.2602043,-0.96510726,-0.02935487
1356523413724,0.6424967,0.19370121,0.7414026,-0.7095763,-0.21489456,0.67106014,0.28930858,-0.95723563,-6.2322617E-4
1356523413768,0.60430086,0.21300304,0.7677566,-0.7297874,-0.23871693,0.64064395,0.31973553,-0.94744074,0.011190057
1356523413786,0.54904294,0.21450597,0.80779886,-0.7596579,-0.2749593,0.5893364,0.3485279,-0.93722177,0.011986636
1356523413843,0.4772016,0.19223493,0.85751057,-0.7923806,-0.3278329,0.5144499,0.38001537,-0.92497104,-0.00411918
1356523413875,0.36103073,0.13955677,0.9220524,-0.8416834,-0.3769574,0.38661632,0.4015294,-0.91565657,-0.018630594
1356523413915,0.2242797,0.07350847,0.9717485,-0.88380766,-0.4047786,0.23460263,0.41058823,-0.91145533,-0.025816277
1356523413945,0.0941152,0.012807608,0.9954789,-0.9067248,-0.41178274,0.091022044,0.41108686,-0.91119206,-0.027141988
1356523413974,-0.007739961,-0.028743029,0.99955684,-0.9146525,-0.4038083,-0.0186944,0.40416676,-0.91439193,-0.023164392
1356523414007,-0.071822345,-0.046542525,0.99633086,-0.9173988,-0.38893777,-0.08430123,0.3914343,-0.9200876,-0.014763594
1356523414063,-0.08480835,-0.025915384,0.9960602,-0.92796564,-0.36202198,-0.08842957,0.36288744,-0.9318092,0.0066539645
1356523414108,-0.027247608,0.028156966,0.99923205,-0.9448569,-0.32706487,-0.016548663,0.32634774,-0.9445822,0.035516083
1356523414147,0.07261664,0.08631945,0.99361753,-0.95439327,-0.28324962,0.09435704,0.28958663,-0.9551538,0.06181401
1356523414185,0.16968757,0.12213516,0.9779004,-0.95225966,-0.23521549,0.19461566,0.2537867,-0.96423894,0.07639122
1356523414256,0.24942327,0.12009296,0.96091914,-0.9428437,-0.19631886,0.2692668,0.2209836,-0.973158,0.06426239
1356523414278,0.31068903,0.0782589,0.94728446,-0.930742,-0.17715514,0.3198989,0.1928513,-0.9810665,0.017798722
1356523414312,0.348543,-0.0021404922,0.9372904,-0.9218453,-0.1815871,0.3423849,0.16946691,-0.98337257,-0.065264165
1356523414344,0.37687728,-0.09470785,0.92140865,-0.9140065,-0.1993163,0.35336277,0.15018547,-0.9753479,-0.16168141
1356523414392,0.41131103,-0.16100562,0.89716244,-0.90094626,-0.22112566,0.3733623,0.13827214,-0.96186316,-0.23600885
1356523414422,0.45566517,-0.18321255,0.8710926,-0.87956905,-0.24311572,0.4089659,0.13684863,-0.9525376,-0.27192745
1356523414458,0.4984284,-0.17588288,0.84890187,-0.85514206,-0.26068062,0.44808224,0.14248225,-0.9492686,-0.28033543
1356523414486,0.53692114,-0.1467995,0.8307621,-0.82951254,-0.2712779,0.48817748,0.15370321,-0.95124036,-0.26742685
1356523414515,0.5683287,-0.103306085,0.8162906,-0.80524826,-0.27366406,0.52600694,0.16904971,-0.9562614,-0.23871815
1356523414562,0.5950761,-0.03948894,0.8026986,-0.78056777,-0.26615387,0.56557596,0.1913074,-0.9631214,-0.18920559
1356523414633,0.6058044,0.027776927,0.7951286,-0.76541996,-0.25235975,0.59198546,0.21710202,-0.96723473,-0.13161963
1356523414645,0.59897983,0.083602846,0.796388,-0.7635271,-0.2401241,0.59947217,0.24134952,-0.96713555,-0.07999647
1356523414663,0.5847186,0.1334166,0.8001901,-0.765966,-0.23410207,0.5987423,0.2672083,-0.9630142,-0.03469128
1356523414705,0.55392444,0.16922718,0.8151871,-0.7789369,-0.24039355,0.5791963,0.29398143,-0.95581025,-0.0013425648
1356523414746,0.5018755,0.18421003,0.84509623,-0.8036096,-0.26205328,0.5343591,0.31989458,-0.94730914,0.016514838
1356523414791,0.4257603,0.17548165,0.8876567,-0.8371289,-0.29594967,0.4600315,0.34342876,-0.93894625,0.020897165
1356523414836,0.32366413,0.14177534,0.9354899,-0.8734679,-0.3353051,0.3530217,0.36372423,-0.93138087,0.01530996
1356523414856,0.19178182,0.08277744,0.97794056,-0.90537614,-0.3697,0.20884451,0.37883225,-0.9254565,0.004042983
1356523414897,0.035743654,0.007928312,0.99932957,-0.92183775,-0.38589752,0.03603354,0.38592443,-0.92250764,-0.0064848065
1356523414946,-0.11283845,-0.059346735,0.9918394,-0.91768306,-0.37649256,-0.12692943,0.38095307,-0.9245168,-0.011978626
1356523415011,-0.22628629,-0.10193741,0.96871215,-0.9013479,-0.3551169,-0.24791929,0.36927837,-0.9292474,-0.011522949
1356523415031,-0.2802875,-0.10805696,0.9538148,-0.8937642,-0.33310455,-0.30037817,0.35017794,-0.9366777,-0.0032124221
1356523415075,-0.26845944,-0.083780944,0.95964074,-0.90538365,-0.31824923,-0.28106564,0.32895282,-0.94429773,0.009583086
1356523415114,-0.2091999,-0.042603135,0.97694445,-0.92872286,-0.30409312,-0.21213499,0.3061197,-0.95168924,0.024049759
1356523415161,-0.11655182,-2.77102E-4,0.99318457,-0.9525632,-0.28303677,-0.11186376,0.28113875,-0.95910907,0.03272447
1356523415287,-0.013859391,0.01919803,0.9997196,-0.9670762,-0.25434446,-0.00852257,0.2541095,-0.9669231,0.022091031
1356523415290,0.049850523,-0.033437997,0.99819684,-0.97381544,-0.22358626,0.04114312,0.22180739,-0.9741104,-0.043708324
1356523415294,0.121165484,-0.11772066,0.98562706,-0.9750764,-0.20003638,0.09597659,0.18586287,-0.9726907,-0.13902411
1356523415321,0.16997361,-0.21476144,0.9617622,-0.97425467,-0.18330759,0.13124886,0.14811108,-0.9593102,-0.2403898
1356523415352,0.20492259,-0.3033125,0.93059564,-0.97223437,-0.17283729,0.15775827,0.11299154,-0.9370854,-0.33030912
1356523415393,0.25762928,-0.35172325,0.8999543,-0.96199113,-0.18065572,0.20478404,0.090554625,-0.9185065,-0.38489684
1356523415438,0.33134973,-0.3506233,0.87593985,-0.93956107,-0.20744908,0.2723781,0.08621079,-0.9132514,-0.39817023
1356523415478,0.4084097,-0.3175075,0.8557981,-0.9079088,-0.23821504,0.3448987,0.09435606,-0.9178467,-0.38555723
1356523415515,0.48046643,-0.25755376,0.8383424,-0.86953634,-0.26445,0.41710034,0.114273906,-0.92937195,-0.35101172
1356523415565,0.5349885,-0.18584564,0.82416546,-0.8328824,-0.2796889,0.4775783,0.14175409,-0.94193184,-0.3044179
1356523415699,0.5691838,-0.11076206,0.81471556,-0.8034695,-0.28528285,0.52254224,0.17454654,-0.9520217,-0.25137234
1356523415700,0.58065045,-0.04109922,0.813115,-0.7868043,-0.28501078,0.54745585,0.20924652,-0.95764285,-0.1978287
1356523415701,0.57066756,0.017837852,0.8209874,-0.78427005,-0.28453195,0.55132747,0.24343163,-0.9585006,-0.14838345
1356523415714,0.5382081,0.06091833,0.8406074,-0.79645807,-0.28944996,0.5309173,0.27565643,-0.95525265,-0.1072654
1356523415753,0.47972056,0.083268136,0.87346137,-0.82266235,-0.30348608,0.48075253,0.30511466,-0.94919056,-0.077087
1356523415786,0.39359334,0.0833928,0.9154943,-0.85796034,-0.3243166,0.39840013,0.33013377,-0.94226545,-0.0561011
1356523415829,0.2896706,0.06460971,0.9549432,-0.8899067,-0.3491224,0.29356351,0.35235915,-0.9348471,-0.043633834
1356523415881,0.15359145,0.024317384,0.98783517,-0.91678196,-0.3694811,0.15163931,0.36867392,-0.9289199,-0.03445536
1356523415909,0.002074182,-0.025529921,0.99967194,-0.9267489,-0.37560326,-0.0076693892,0.3756758,-0.9264289,-0.024438888
1356523415946,-0.13635844,-0.069848746,0.98819405,-0.91739297,-0.36757654,-0.15257025,0.3738938,-0.9273665,-0.013956577
1356523415987,-0.23341966,-0.09296322,0.96792203,-0.9025283,-0.34974408,-0.2512405,0.36188108,-0.93222153,-0.002264768
1356523416029,-0.2801817,-0.092006326,0.95552766,-0.896347,-0.33121288,-0.29472062,0.3435992,-0.9390596,0.010330141
1356523416069,-0.27727956,-0.06917545,0.95829576,-0.9053154,-0.31519574,-0.28470257,0.32174522,-0.9465022,0.02477172
1356523416116,-0.22522163,-0.02738589,0.9739226,-0.9279306,-0.2987013,-0.22298512,0.29701862,-0.9539536,0.041861773
1356523416163,-0.12622327,0.024261802,0.9917051,-0.9545169,-0.2751878,-0.1147576,0.27012092,-0.9610843,0.057893395
1356523416200,-0.0046586394,0.063444376,0.99797446,-0.97053957,-0.24070072,0.010771483,0.24089664,-0.9685235,0.062696636
1356523416228,0.10448694,0.06380904,0.9924771,-0.972368,-0.20292717,0.115416616,0.20876521,-0.97711253,0.040842682
1356523416300,0.15979925,-0.0075078905,0.987121,-0.972471,-0.17300102,0.15611187,0.16960084,-0.9848931,-0.03494668
1356523416313,0.19878778,-0.114189446,0.97336745,-0.9719599,-0.15026376,0.18087238,0.12560809,-0.9820294,-0.1408582
1356523416354,0.23560604,-0.21122852,0.948616,-0.96809554,-0.13671097,0.21000263,0.085327655,-0.96782875,-0.23669931
1356523416397,0.2874337,-0.26696417,0.91984344,-0.9559864,-0.1390436,0.25837338,0.058921874,-0.95362306,-0.29517996
1356523416441,0.36035907,-0.27257827,0.8921,-0.9314089,-0.15760882,0.32808077,0.051175147,-0.94913673,-0.3106776
1356523416500,0.4451664,-0.23460332,0.8641691,-0.89341676,-0.18133223,0.41100523,0.060278505,-0.9550288,-0.29032156
1356523416555,0.5439515,-0.13973266,0.82740045,-0.83407485,-0.19796506,0.5149067,0.09184712,-0.9701982,-0.22423087
1356523416580,0.5995321,-0.05722764,0.79830205,-0.7909126,-0.19509107,0.5799971,0.12254974,-0.9791141,-0.16222543
1356523416603,0.6268504,0.0076920986,0.7791016,-0.7646698,-0.18574546,0.6170727,0.14946118,-0.9825678,-0.11055273
1356523416637,0.6382867,0.059799254,0.7674725,-0.74989086,-0.17696612,0.6374532,0.17393592,-0.9823986,-0.06811218
1356523416681,0.636936,0.10289997,0.7640184,-0.7446821,-0.1742177,0.64428014,0.19940189,-0.97931606,-0.03433779
1356523416729,0.6139597,0.13289124,0.77807033,-0.75704736,-0.17991626,0.6280999,0.22345641,-0.9746641,-0.00985641
1356523416746,0.57891226,0.15145585,0.80120015,-0.776183,-0.19866568,0.598391,0.2498008,-0.96829385,0.0025474727
1356523416784,0.5186949,0.15365788,0.841038,-0.8082702,-0.23250157,0.5409642,0.27866605,-0.9603813,0.0035997257
1356523416830,0.426536,0.1354267,0.89427435,-0.850715,-0.2757106,0.44751266,0.3071662,-0.9516529,-0.002390936
1356523416864,0.29871672,0.09507233,0.94959444,-0.89546233,-0.31617004,0.31334275,0.3300236,-0.94392675,-0.009311572
1356523416914,0.14333194,0.03903219,0.9889046,-0.9287219,-0.33994657,0.14802676,0.34195256,-0.9396344,-0.012475133
1356523416960,-0.008582115,-0.014942259,0.99985147,-0.93969,-0.34177345,-0.013173342,0.3419195,-0.9396636,-0.011107981
1356523417003,-0.119974375,-0.048023403,0.9916148,-0.93580496,-0.32802457,-0.12910807,0.3314742,-0.9434477,-0.0055859685
1356523417063,-0.16565752,-0.04652971,0.985085,-0.93644965,-0.30578548,-0.17192224,0.30922422,-0.9509628,0.0070829988
1356523417078,-0.13230228,-0.014277518,0.9911066,-0.949482,-0.28523844,-0.13085487,0.28456998,-0.9583503,0.024181396
1356523417114,-0.044886827,0.035897017,0.99834687,-0.9651661,-0.25941044,-0.03406754,0.25775868,-0.9650998,0.046290696
1356523417156,0.0796901,0.08875421,0.99286056,-0.970183,-0.22181052,0.09769806,0.22889805,-0.97104204,0.068431765
1356523417207,0.19475746,0.11186436,0.97445154,-0.9614365,-0.17491627,0.2122361,0.19418907,-0.9782079,0.07348421
1356523417282,0.28991434,0.08355966,0.95339787,-0.9441136,-0.13828364,0.29921094,0.15684128,-0.98686147,0.038799405
1356523417285,0.35360366,0.016836584,0.9352438,-0.92765725,-0.12202811,0.35293204,0.12006825,-0.9923838,-0.027530968
1356523417324,0.36946595,-0.09189919,0.9246889,-0.925177,-0.12938148,0.35680255,0.08684772,-0.9873272,-0.1328251
1356523417369,0.38213322,-0.19512531,0.90327203,-0.92197824,-0.1468133,0.35833225,0.06269261,-0.96972775,-0.23600355
1356523417419,0.41270763,-0.25809652,0.87353224,-0.90930456,-0.17282699,0.37854454,0.05326897,-0.95053506,-0.3060153
1356523417435,0.45920336,-0.2813091,0.84261346,-0.88668966,-0.2027837,0.41552383,0.05397764,-0.9379466,-0.34255287
1356523417477,0.5257144,-0.2533334,0.8120632,-0.8478344,-0.23380126,0.47593474,0.069291264,-0.9387008,-0.33769742
1356523417517,0.594548,-0.19190228,0.78082407,-0.7986474,-0.2534328,0.54583347,0.09313977,-0.94812727,-0.30394024
1356523417622,0.65059024,-0.11624098,0.75048006,-0.7497898,-0.2552675,0.61045367,0.120613426,-0.9598575,-0.25323087
1356523417624,0.68801105,-0.039131284,0.7246444,-0.7101929,-0.24163023,0.6612419,0.14922073,-0.9695791,-0.19403504
1356523417633,0.7049164,0.028728753,0.70870835,-0.6869968,-0.22088563,0.6922751,0.17643172,-0.97487646,-0.13596934
1356523417673,0.70592165,0.08642644,0.7029972,-0.6787681,-0.20101637,0.70630467,0.20235732,-0.97576785,-0.0832383
1356523417710,0.6909278,0.13040575,0.71106476,-0.68682444,-0.18852334,0.7019482,0.22559035,-0.97337216,-0.040690184
1356523417774,0.6667597,0.16336864,0.7271467,-0.70246524,-0.18814656,0.68639904,0.24894615,-0.9684585,-0.010687798
1356523417788,0.6254697,0.18247297,0.7586113,-0.73052764,-0.20457074,0.6515214,0.2740748,-0.96169347,0.0053488016
1356523417824,0.5608252,0.18457508,0.8070979,-0.77210724,-0.23530558,0.5903233,0.29887363,-0.95423436,0.010546468
1356523417895,0.47248924,0.1679416,0.8651875,-0.82084894,-0.27355158,0.5013745,0.32087505,-0.9470824,0.0086045265
1356523417907,0.35556218,0.1315729,0.9253454,-0.87233764,-0.30873314,0.3790922,0.33556306,-0.94200444,0.005002156
1356523417946,0.21801168,0.08255848,0.9724479,-0.9144441,-0.3308447,0.23309577,0.34097335,-0.94006693,0.0033671707
1356523418001,0.08821094,0.036555648,0.9954308,-0.9374847,-0.3347051,0.09536752,0.33666196,-0.94161355,0.004745722
1356523418075,-0.00895977,0.006958455,0.9999357,-0.9459368,-0.3242914,-0.0062192082,0.32422727,-0.9459317,0.009487808
1356523418083,-0.05444914,0.003769368,0.9985094,-0.9515065,-0.30341512,-0.05074063,0.30277157,-0.95285106,0.02010727
1356523418115,-0.036939085,0.025437564,0.99899375,-0.9597875,-0.2792896,-0.028377801,0.27828673,-0.95986986,0.034731418
1356523418155,0.022298992,0.059808016,0.9979608,-0.96782017,-0.24897456,0.036546588,0.2506527,-0.9666616,0.052331537
1356523418197,0.10739124,0.091896474,0.9899607,-0.96977085,-0.20976448,0.12467316,0.21911561,-0.97342384,0.06659162
1356523418262,0.1941995,0.10053232,0.975797,-0.96373105,-0.16607219,0.2089079,0.18305475,-0.9809757,0.06463504
1356523418274,0.2626319,0.068826705,0.9624382,-0.9542817,-0.12901473,0.26963234,0.14272663,-0.98925126,0.031796694
1356523418303,0.31719446,0.009955555,0.9483083,-0.9428803,-0.104032815,0.31647104,0.101805866,-0.99452406,-0.023611724
1356523418347,0.33784872,-0.08753809,0.9371208,-0.9391117,-0.0976491,0.32944497,0.06266996,-0.99136364,-0.1151987
1356523418387,0.3605826,-0.17966878,0.9152591,-0.9321568,-0.10373008,0.3468771,0.032616943,-0.9782429,-0.20488274
1356523418428,0.3947839,-0.23731881,0.8875953,-0.91861933,-0.11968227,0.37658295,0.016859204,-0.9640311,-0.26525426
1356523418470,0.44331336,-0.25020146,0.8607395,-0.89620316,-0.14206247,0.4202835,0.017123163,-0.95771474,-0.2872096
1356523418549,0.5066859,-0.21186844,0.835692,-0.8614119,-0.16398881,0.48070484,0.035197973,-0.96344143,-0.26559678
1356523418550,0.5561745,-0.16215226,0.815093,-0.82914543,-0.17489882,0.53096926,0.056460917,-0.9711422,-0.23172206
1356523418584,0.5961952,-0.100569725,0.79651546,-0.7986134,-0.17595339,0.5755493,0.08226678,-0.97924775,-0.18521892
1356523418627,0.6228317,-0.030963153,0.7817429,-0.77416086,-0.16863805,0.61011153,0.11294067,-0.9851915,-0.12900357
1356523418667,0.62993413,0.033067375,0.77594423,-0.7632632,-0.15833108,0.62638664,0.14356911,-0.98683214,-0.074498996
1356523418720,0.6238488,0.090388864,0.77630055,-0.7619606,-0.15062678,0.62986326,0.17386425,-0.98444986,-0.025095597
1356523418795,0.60189354,0.13576266,0.7869514,-0.77238464,-0.15134123,0.6168612,0.20284495,-0.97911406,0.013769686
1356523418796,0.5619035,0.16431272,0.8107194,-0.79453135,-0.1655164,0.5842297,0.23018369,-0.9724226,0.037547328
1356523418825,0.50245726,0.1738835,0.84693635,-0.8258167,-0.19358295,0.529672,0.2560537,-0.96555173,0.04632874
1356523418864,0.42307088,0.1629265,0.8913283,-0.86133355,-0.23305055,0.45143333,0.28127497,-0.95871925,0.04173711
1356523418908,0.3184918,0.13164023,0.93874055,-0.8982686,-0.27440712,0.3432409,0.3027814,-0.95256054,0.030851886
1356523418949,0.19463748,0.08617085,0.97708285,-0.9284355,-0.30516058,0.21185955,0.31642333,-0.9483942,0.02060844
1356523418990,0.06903678,0.03871858,0.9968624,-0.94485384,-0.318119,0.07779086,0.32013282,-0.9472598,0.014621496
1356523419052,-0.034810185,0.0029227138,0.99938965,-0.94863653,-0.31473297,-0.032121986,0.31444705,-0.9491757,0.013728559
1356523419091,-0.10030937,-0.013413966,0.9948659,-0.947957,-0.30240077,-0.09965697,0.3021849,-0.9530866,0.017617732
1356523419107,-0.121402025,-0.007616937,0.99257416,-0.95109063,-0.28527224,-0.11851728,0.2840566,-0.9584162,0.027388245
1356523419145,-0.09614086,0.01805386,0.995204,-0.9603183,-0.26466966,-0.08796942,0.2618121,-0.9641701,0.042783022
