1356523829145,-0.9975365,8.6954236E-4,-0.07014339,0.07001797,-0.04869449,-0.99635655,-0.0042819716,-0.99881333,0.04851371
1356523829146,-0.63176113,-0.034919053,-0.7743762,0.7751514,-0.03396803,-0.63086176,-0.0042749643,-0.9988127,0.04852724
1356523829171,-0.6316697,-0.035031408,-0.7744458,0.7752261,-0.033992648,-0.63076854,-0.004228711,-0.9988079,0.048629344
1356523829203,-0.6315756,-0.035283267,-0.7745111,0.7753035,-0.034037232,-0.63067114,-0.004110098,-0.99879754,0.048852324
1356523829244,-0.6314799,-0.035811633,-0.77456474,0.775383,-0.03403163,-0.6305736,-0.0037778616,-0.9987789,0.049258053
1356523829293,-0.6320338,-0.036572754,-0.7740773,0.7749346,-0.033824682,-0.6311357,-0.0031005442,-0.9987583,0.04971981
1356523829330,-0.633873,-0.03758958,-0.77252316,0.7734345,-0.033375025,-0.63299686,-0.0019889176,-0.9987357,0.050228596
1356523829371,-0.6373269,-0.0389207,-0.76961,0.7705934,-0.032789946,-0.636483,-4.631281E-4,-0.99870414,0.05089003
1356523829411,-0.64205605,-0.040649265,-0.76557934,0.7666563,-0.032123268,-0.6412536,0.0014735758,-0.998657,0.051788926
1356523829446,-0.6478326,-0.04274407,-0.76058257,0.7617738,-0.031516552,-0.647076,0.0036877394,-0.9985888,0.052978814
1356523829500,-0.6538121,-0.045442313,-0.755291,0.7566323,-0.031242073,-0.65309364,0.0060811937,-0.99847823,0.05480969
1356523829538,-0.6611668,-0.04764411,-0.7487245,0.7501986,-0.03164977,-0.6604545,0.007769823,-0.9983628,0.05666834
1356523829582,-0.66748935,-0.04912156,-0.7429974,0.7445739,-0.032993317,-0.6667243,0.008236617,-0.99824774,0.058597267
1356523829620,-0.6730347,-0.049556613,-0.7379487,0.7395782,-0.035723567,-0.6721219,0.006945908,-0.9981322,0.060694277
1356523829663,-0.67789346,-0.048909336,-0.73353136,0.73515224,-0.04049337,-0.67669153,0.003393352,-0.997982,0.06340605
1356523829699,-0.6819149,-0.04766792,-0.72987646,0.73142827,-0.047358155,-0.68027186,-0.0021384954,-0.9977399,0.06716001
1356523829743,-0.6852303,-0.04624456,-0.7268568,0.7282519,-0.057786644,-0.6828689,-0.0104236305,-0.9972573,0.07327485
1356523829781,-0.68779165,-0.045402437,-0.72448695,0.7256248,-0.070887744,-0.6844294,-0.020282477,-0.9964504,0.08170116
1356523829818,-0.6896272,-0.04581815,-0.7227136,0.7235022,-0.08626461,-0.68491083,-0.030963302,-0.9952181,0.09264004
1356523829862,-0.69000775,-0.048997194,-0.72214174,0.72254586,-0.105382144,-0.68324375,-0.042623818,-0.993224,0.10811722
1356523829899,-0.6898617,-0.05520597,-0.7218332,0.7219615,-0.12615222,-0.6803361,-0.05350223,-0.9904736,0.12688422
1356523829938,-0.688778,-0.06537968,-0.72201824,0.72225916,-0.1479646,-0.67560947,-0.062662035,-0.98682916,0.14913589
1356523829979,-0.6887,-0.07889801,-0.7207409,0.72170943,-0.16986132,-0.671031,-0.06948292,-0.9823046,0.17392486
1356523830020,-0.69060725,-0.09561068,-0.71688247,0.7194525,-0.19199985,-0.66747606,-0.07382342,-0.97672653,0.20138371
1356523830058,-0.69728345,-0.113595575,-0.70773697,0.71277964,-0.21425146,-0.66786313,-0.0757674,-0.9701506,0.23036277
1356523830101,-0.70644903,-0.1342254,-0.69491965,0.70378196,-0.23722768,-0.6696372,-0.074971855,-0.9621365,0.26205468
1356523830138,-0.71962804,-0.15611267,-0.6765827,0.6906557,-0.2614407,-0.6742724,-0.0716238,-0.9525112,0.2959603
1356523830198,-0.7330255,-0.18093699,-0.6556945,0.676986,-0.28768057,-0.6774435,-0.06605604,-0.9404794,0.33336914
1356523830218,-0.7466187,-0.2075256,-0.63205516,0.6625743,-0.31713426,-0.67854345,-0.0596312,-0.9253967,0.37427944
1356523830262,-0.758046,-0.23637432,-0.60785985,0.64998114,-0.35063457,-0.67422545,-0.053767055,-0.90619123,0.41943592
1356523830299,-0.76859504,-0.26375267,-0.5828348,0.63780665,-0.38662177,-0.66612786,-0.049643576,-0.88371843,0.46537864
1356523830341,-0.77634823,-0.28943104,-0.5599224,0.6284566,-0.4234166,-0.65250343,-0.0482257,-0.8584568,0.51061356
1356523830378,-0.78448254,-0.30766857,-0.5384488,0.6181841,-0.45705688,-0.63948995,-0.04935077,-0.8345292,0.548749
1356523830418,-0.79466116,-0.3144989,-0.5192342,0.6048034,-0.48374045,-0.6326201,-0.05221626,-0.81675315,0.57461977
1356523830458,-0.80851305,-0.3067953,-0.50217855,0.5858647,-0.49997103,-0.6378021,-0.05540006,-0.80988,0.58397365
1356523830502,-0.82710266,-0.28178248,-0.4863125,0.55900705,-0.502347,-0.6596656,-0.058415413,-0.8174633,0.5730109
1356523830538,-0.8454708,-0.24778122,-0.47305775,0.53051585,-0.49105334,-0.6909555,-0.061090782,-0.8351474,0.5466231
1356523830582,-0.8646093,-0.20281853,-0.45969075,0.49839437,-0.46213657,-0.73350734,-0.06367099,-0.86330444,0.500651
1356523830618,-0.87910503,-0.15779072,-0.44975173,0.47198087,-0.4196459,-0.7753267,-0.066397086,-0.89386773,0.44338697
1356523830662,-0.8907789,-0.110851064,-0.44070953,0.44897568,-0.36457342,-0.8157862,-0.07024026,-0.924553,0.37452382
1356523830698,-0.89689255,-0.06964609,-0.4367301,0.43584517,-0.30663764,-0.84617513,-0.07498507,-0.94927484,0.30537593
1356523830742,-0.8999755,-0.032030225,-0.43476218,0.4283624,-0.25011897,-0.8683007,-0.08093043,-0.9676851,0.23882157
1356523830778,-0.89883465,-0.0017453432,-0.43828428,0.42960328,-0.20158911,-0.8802289,-0.08681707,-0.9794686,0.18194515
1356523830822,-0.89534384,0.022306591,-0.44481683,0.4355963,-0.16428709,-0.885023,-0.09281951,-0.9861604,0.13737673
1356523830858,-0.88871616,0.040071666,-0.45670313,0.4475698,-0.13997984,-0.8832253,-0.099321544,-0.98934317,0.106467545
1356523830902,-0.88047034,0.05375099,-0.47104433,0.46136093,-0.1316418,-0.8773919,-0.10916981,-0.989839,0.09110808
1356523830938,-0.8692354,0.064041704,-0.490233,0.47916022,-0.13515836,-0.8672587,-0.12179984,-0.9887522,0.08679825
1356523830982,-0.85507774,0.07034001,-0.5137065,0.50039685,-0.1475622,-0.8531286,-0.13581268,-0.98654836,0.09097916
1356523831019,-0.8337843,0.068942085,-0.5477689,0.53268427,-0.16028625,-0.8309969,-0.1450905,-0.98466,0.096919775
1356523831062,-0.8026895,0.05705756,-0.5936616,0.578465,-0.1677736,-0.798267,-0.1451479,-0.98417294,0.101664245
1356523831098,-0.7631448,0.038692385,-0.64506805,0.63143873,-0.16768134,-0.7570786,-0.13745904,-0.9850816,0.10353333
1356523831142,-0.72190875,0.017580926,-0.69176495,0.6813014,-0.15695441,-0.7149782,-0.12114552,-0.9874494,0.10132879
1356523831200,-0.69697905,0.0016866326,-0.71708953,0.7099602,-0.13905537,-0.6903768,-0.10087958,-0.9902832,0.095721245
1356523831221,-0.69128674,-0.010110229,-0.7225098,0.7187234,-0.112796724,-0.68608564,-0.074560225,-0.9935667,0.08524132
1356523831267,-0.70876527,-0.019511372,-0.70517445,0.70395947,-0.0843845,-0.7052094,-0.045746237,-0.99624217,0.073544085
1356523831320,-0.7278946,-0.036891162,-0.68469596,0.68557173,-0.057624757,-0.7257209,-0.012682766,-0.99765646,0.067236304
1356523831338,-0.7485272,-0.06586394,-0.65982497,0.6627928,-0.043826044,-0.74751925,0.020317078,-0.99686575,0.07645917
1356523831378,-0.7548994,-0.11672574,-0.64536977,0.6539848,-0.059997857,-0.7541248,0.049304992,-0.99135035,0.12162918
1356523831412,-0.75516605,-0.18387003,-0.6292186,0.6518053,-0.108385205,-0.7506015,0.06981513,-0.9769568,0.20169628
1356523831452,-0.7519283,-0.25461125,-0.60809284,0.65467197,-0.17993605,-0.7341851,0.07751393,-0.95015585,0.30198586
1356523831495,-0.7610164,-0.30139112,-0.57447135,0.64455515,-0.2509488,-0.7222003,0.073501855,-0.9198848,0.38523942
1356523831540,-0.79016054,-0.30527502,-0.5314636,0.6098275,-0.30487585,-0.7315471,0.061292604,-0.90214074,0.42706597
1356523831579,-0.8288237,-0.27408034,-0.4877819,0.5576313,-0.33326423,-0.7602514,0.045809716,-0.9021169,0.42905307
1356523831622,-0.86664623,-0.2190237,-0.44827786,0.49812603,-0.3290707,-0.80223626,0.028193682,-0.9185539,0.3942892
1356523831659,-0.8914763,-0.16572969,-0.42166793,0.45292133,-0.30235332,-0.83871615,0.011507466,-0.9386779,0.34460324
1356523831703,-0.9078975,-0.112469345,-0.40382275,0.41914764,-0.25762165,-0.8706011,-0.0061175525,-0.9596779,0.2810353
1356523831750,-0.91581196,-0.061098203,-0.39693245,0.40073377,-0.2041738,-0.89315474,-0.026473045,-0.9770261,0.211469
1356523831789,-0.9148674,-0.01703991,-0.40339476,0.4008894,-0.15715021,-0.90254724,-0.048014224,-0.9874277,0.15060264
1356523831829,-0.9091531,0.022611111,-0.41584772,0.410206,-0.12380433,-0.9035505,-0.07191402,-0.992049,0.103281856
1356523831868,-0.89896286,0.05818318,-0.4341434,0.42667997,-0.107797265,-0.8979554,-0.099045366,-0.99246883,0.072080135
1356523831911,-0.8842544,0.08887598,-0.45847058,0.44875225,-0.11008203,-0.8868503,-0.12928902,-0.98994094,0.05745715
1356523831949,-0.86322445,0.11068958,-0.49253544,0.47944838,-0.1256563,-0.86852723,-0.15802714,-0.98587936,0.055399776
1356523831989,-0.8334088,0.1189132,-0.5397123,0.5226853,-0.14763784,-0.8396447,-0.17952679,-0.98186696,0.06088859
1356523832029,-0.7882685,0.10938507,-0.60553086,0.5857861,-0.16787034,-0.7928898,-0.18838099,-0.9797216,0.068250656
1356523832069,-0.72238827,0.08320686,-0.6864632,0.66676795,-0.17924541,-0.72338885,-0.1832363,-0.9802794,0.07400519
1356523832109,-0.6415963,0.049259156,-0.7654591,0.74870193,-0.17670304,-0.638922,-0.16673177,-0.9830308,0.076491654
1356523832150,-0.568915,0.019995749,-0.8221532,0.80990374,-0.15996426,-0.56432915,-0.14279935,-0.98692024,0.07481152
1356523832189,-0.5293693,0.0023295581,-0.8483883,0.84069884,-0.13291878,-0.52493626,-0.11398959,-0.9911242,0.068404675
1356523832226,-0.53088653,-0.005867809,-0.84742254,0.84348834,-0.10015029,-0.52772844,-0.08177304,-0.99495494,0.058117926
1356523832270,-0.5597379,-0.013748288,-0.8285556,0.8273656,-0.0653438,-0.55784976,-0.046471536,-0.99776804,0.047950327
1356523832310,-0.59580076,-0.03270212,-0.8024663,0.80308306,-0.035327375,-0.594819,-0.0088971555,-0.99884063,0.04731053
1356523832348,-0.62440264,-0.072358906,-0.7777438,0.78058904,-0.021704614,-0.62466764,0.028319627,-0.99714243,0.07003504
1356523832390,-0.6397491,-0.13724735,-0.75623035,0.76623523,-0.037030935,-0.64149225,0.060039192,-0.98984444,0.12885422
1356523832428,-0.6476266,-0.21773821,-0.7301848,0.7576875,-0.082714975,-0.6473545,0.08055654,-0.9724959,0.21854603
1356523832469,-0.6596987,-0.2901603,-0.6932565,0.7464899,-0.14634037,-0.649105,0.08689311,-0.94572276,0.3131423
1356523832509,-0.6894606,-0.32808262,-0.64576,0.71978,-0.21063417,-0.66147566,0.08099949,-0.9208665,0.38137126
1356523832550,-0.7366106,-0.32229596,-0.5945841,0.6730259,-0.26269257,-0.6913963,0.06664142,-0.90946025,0.4104156
1356523832589,-0.7888496,-0.28246474,-0.54582953,0.6127195,-0.29228705,-0.73426354,0.047864616,-0.913664,0.40364224
1356523832629,-0.83339906,-0.22642054,-0.50416243,0.55198425,-0.29551923,-0.77973187,0.027557611,-0.9281175,0.371266
1356523832669,-0.86547846,-0.1673706,-0.47215903,0.50090224,-0.2766617,-0.8200947,0.006631419,-0.94627976,0.32328105
1356523832710,-0.8858158,-0.111493394,-0.4504435,0.46379644,-0.24396247,-0.85168946,-0.014933601,-0.96335423,0.2678162
1356523832748,-0.89649373,-0.061517715,-0.43876505,0.44153756,-0.2059868,-0.8732778,-0.036657736,-0.97661924,0.21182811
1356523832790,-0.899823,-0.017912164,-0.4358874,0.4323731,-0.16961527,-0.88559824,-0.058070168,-0.98534757,0.16036838
1356523832829,-0.8969522,0.018382251,-0.44174546,0.43504563,-0.14142042,-0.88923323,-0.078817904,-0.989779,0.11885011
1356523832870,-0.88879496,0.047257826,-0.45586193,0.44734538,-0.1267668,-0.8853317,-0.09962702,-0.99080616,0.09152919
1356523832908,-0.8753886,0.06889725,-0.47848493,0.4679705,-0.1274553,-0.8745048,-0.1212364,-0.9894484,0.0793311
1356523832950,-0.8564217,0.083385676,-0.50949854,0.49592736,-0.14146876,-0.85676295,-0.1435199,-0.9864246,0.079803705
1356523832988,-0.82931596,0.08904673,-0.551639,0.5346371,-0.16060245,-0.8296806,-0.16247495,-0.98299414,0.085582554
1356523833030,-0.7906264,0.08309001,-0.60663486,0.5875269,-0.17600965,-0.7898308,-0.17240062,-0.9808754,0.09034026
1356523833069,-0.7359855,0.06494504,-0.673875,0.65526986,-0.18181503,-0.7331881,-0.1701375,-0.98118573,0.09125674
1356523833110,-0.6682999,0.03877306,-0.7428807,0.7275205,-0.17429096,-0.66357857,-0.15520641,-0.9839305,0.088270485
1356523833148,-0.6047626,0.014849573,-0.7962674,0.7851863,-0.15611696,-0.59925795,-0.13320953,-0.9876269,0.08275396
1356523833188,-0.5647853,-0.0013356209,-0.8252368,0.8183107,-0.1302036,-0.5598345,-0.106701106,-0.9914863,0.07463008
1356523833225,-0.5606051,-0.00950557,-0.8280287,0.8244377,-0.10013139,-0.5570244,-0.07761684,-0.9949288,0.06397098
1356523833269,-0.5842647,-0.015717506,-0.8114109,0.8102928,-0.067218006,-0.5821575,-0.04539135,-0.9976145,0.052008867
1356523833309,-0.62132585,-0.028214335,-0.7830443,0.7834763,-0.036299586,-0.6203607,-0.010921061,-0.9989427,0.04465902
1356523833351,-0.6532911,-0.057345062,-0.7549319,0.75671244,-0.017276525,-0.6535195,0.024433523,-0.99820495,0.054680347
1356523833388,-0.67849714,-0.10569602,-0.72695947,0.7324753,-0.022074878,-0.68043566,0.055871814,-0.9941535,0.09239745
1356523833431,-0.6881483,-0.17715183,-0.7036115,0.72140825,-0.06333536,-0.6896077,0.07760176,-0.98214346,0.1713829
1356523833478,-0.69218725,-0.2590543,-0.6736227,0.71651655,-0.13480926,-0.68441975,0.08649129,-0.9564085,0.27893
1356523833522,-0.7134379,-0.3135751,-0.6266394,0.6951454,-0.20416462,-0.68926746,0.088199496,-0.9273551,0.36363912
1356523833569,-0.7542945,-0.32035977,-0.5730703,0.65109164,-0.25282818,-0.7156519,0.08437778,-0.9129335,0.39929038
1356523833608,-0.80169713,-0.29294106,-0.5210252,0.5928199,-0.27817237,-0.75576764,0.07646054,-0.9147709,0.3966713
1356523833649,-0.84467643,-0.24441287,-0.4762184,0.53148913,-0.27730298,-0.8003888,0.06356853,-0.92917454,0.36413413
1356523833690,-0.87735826,-0.18875661,-0.44115,0.4776027,-0.25493133,-0.8407768,0.046239212,-0.948357,0.31381685
1356523833729,-0.89943105,-0.13312925,-0.41629377,0.43635106,-0.2191844,-0.8726718,0.02493304,-0.9665583,0.25523227
1356523833768,-0.911973,-0.08194925,-0.40198195,0.41024852,-0.17942148,-0.8941499,0.0011507124,-0.9803531,0.1972472
1356523833811,-0.9171854,-0.035924867,-0.3968379,0.3977359,-0.14258337,-0.90635324,-0.024021864,-0.9891306,0.145064
1356523833849,-0.9162985,0.004167095,-0.40047437,0.39742738,-0.11408669,-0.910514,-0.049482986,-0.9934621,0.10288125
1356523833890,-0.9102202,0.037928104,-0.41238388,0.40733027,-0.097642004,-0.90804625,-0.074706495,-0.9944986,0.073426604
1356523833928,-0.89955515,0.0656745,-0.43184167,0.42524332,-0.09430623,-0.90015244,-0.09984243,-0.9933746,0.056906044
1356523833971,-0.8844126,0.08774741,-0.45838255,0.4496333,-0.10301906,-0.88725245,-0.12507628,-0.99080133,0.05165732
1356523834009,-0.86301434,0.10205349,-0.4947639,0.48339167,-0.11770046,-0.86745554,-0.14676082,-0.98779136,0.05224538
1356523834050,-0.8347024,0.10617465,-0.5403693,0.5266335,-0.13301802,-0.839621,-0.16102535,-0.98541015,0.055115342
1356523834088,-0.7953759,0.097763926,-0.5981803,0.58347344,-0.14373332,-0.79931194,-0.16412225,-0.9847756,0.05727923
1356523834129,-0.7440654,0.078695714,-0.6634557,0.6496889,-0.14633262,-0.74598324,-0.15579095,-0.9861002,0.057753444
1356523834205,-0.6879606,0.05507347,-0.72365534,0.712409,-0.1390475,-0.6878512,-0.1385048,-0.9887531,0.05642438
1356523834208,-0.6429145,0.03365004,-0.76519847,0.7572711,-0.121938825,-0.6416162,-0.11489779,-0.9919671,0.052913964
1356523834245,-0.62573034,0.018418431,-0.7798221,0.7750655,-0.09803897,-0.62422913,-0.0879502,-0.9950122,0.047070384
1356523834290,-0.63583577,0.006461203,-0.7717973,0.76971984,-0.068485975,-0.6346976,-0.0569582,-0.99763113,0.03857255
1356523834328,-0.665976,-0.0076040328,-0.74593437,0.74564505,-0.036439896,-0.6653462,-0.022122473,-0.99930686,0.029938042
1356523834373,-0.69829565,-0.032380283,-0.71507657,0.71561164,-0.008101046,-0.69845134,0.016823143,-0.99944276,0.02882874
1356523834408,-0.7244849,-0.07369119,-0.6853404,0.68701273,0.0035703182,-0.7266367,0.055993646,-0.9972748,0.048040032
1356523834449,-0.7384874,-0.13397521,-0.660823,0.66853976,-0.018018782,-0.74345803,0.087697715,-0.9908209,0.1028744
1356523834488,-0.74558806,-0.20421976,-0.63434434,0.6584791,-0.079374075,-0.7484017,0.10248789,-0.97570187,0.19365478
1356523834529,-0.756269,-0.263731,-0.59875137,0.6469363,-0.1648826,-0.74450463,0.097625315,-0.9503997,0.2953127
1356523834570,-0.78084874,-0.29123747,-0.5526807,0.61951303,-0.24700308,-0.7451128,0.08049096,-0.9242133,0.37329745
1356523834609,-0.81882423,-0.2804622,-0.5008672,0.5708833,-0.30641067,-0.76171184,0.060160294,-0.9096447,0.41100758
1356523834648,-0.8598243,-0.24159685,-0.44981444,0.5089451,-0.33487803,-0.792989,0.04095067,-0.9107621,0.41089588
1356523834689,-0.89415413,-0.19104572,-0.40495658,0.4471081,-0.3321978,-0.8305052,0.024138764,-0.923659,0.38245422
1356523834728,-0.9183373,-0.14170267,-0.36956316,0.39567667,-0.30549985,-0.8660888,0.009825617,-0.9415892,0.33662033
1356523834770,-0.93379503,-0.09845495,-0.34399623,0.35779816,-0.26417243,-0.8956525,-0.002692923,-0.9594371,0.28191
1356523834805,-0.9427164,-0.062432364,-0.32770076,0.33329773,-0.21773016,-0.91733646,-0.0140788555,-0.9740101,0.22606641
1356523834864,-0.94718504,-0.032281086,-0.31905866,0.31971693,-0.17240548,-0.931696,-0.024931312,-0.984497,0.1736207
1356523834883,-0.9481353,-0.007450089,-0.3177793,0.3158639,-0.13412899,-0.939276,-0.03562574,-0.9909358,0.12952578
1356523834924,-0.94659746,0.014041975,-0.322112,0.3188402,-0.1076498,-0.9416753,-0.047898263,-0.9940897,0.09742391
1356523834972,-0.9427709,0.03387551,-0.33171612,0.3273813,-0.094763875,-0.9401284,-0.06328203,-0.9949233,0.07825035
1356523835022,-0.9381938,0.05631496,-0.3414982,0.3350479,-0.09968984,-0.9369124,-0.086806074,-0.9934237,0.07466018
1356523835059,-0.92813367,0.07215738,-0.36518654,0.35666686,-0.10847002,-0.92791325,-0.10656759,-0.99147743,0.074938536
1356523835099,-0.91382045,0.07728052,-0.39869756,0.38897434,-0.11567855,-0.913957,-0.11675185,-0.99027574,0.07564932
1356523835139,-0.89100146,0.070084006,-0.44855845,0.43896082,-0.11921084,-0.89056283,-0.11588724,-0.9903924,0.075452924
1356523835200,-0.85724205,0.051539183,-0.51232773,0.5042973,-0.11696577,-0.85557187,-0.10402028,-0.9917977,0.074276984
1356523835213,-0.8168157,0.028881282,-0.57617515,0.5704763,-0.108174145,-0.8141591,-0.08584125,-0.99371225,0.07188237
1356523835257,-0.7801431,0.0072324574,-0.6255594,0.6224233,-0.091686726,-0.777292,-0.062977195,-0.99576163,0.06702703
1356523835299,-0.7601886,-0.010161936,-0.64962304,0.64862764,-0.06936228,-0.75793874,-0.03735724,-0.99753976,0.059319735
1356523835342,-0.75559914,-0.027421176,-0.65445995,0.65500414,-0.041190743,-0.7545017,-0.006268412,-0.9987749,0.049084783
1356523835379,-0.7653519,-0.04842195,-0.6417878,0.64302325,-0.01489085,-0.7657018,0.027520001,-0.9987159,0.04253322
1356523835422,-0.77227634,-0.08290869,-0.62985337,0.6320682,-6.041527E-4,-0.7749125,0.06386641,-0.9965569,0.05287057
1356523835459,-0.7819311,-0.12867182,-0.60994035,0.61602974,-0.0098418,-0.7876614,0.09534693,-0.99163836,0.08696133
1356523835502,-0.7869262,-0.18448985,-0.5888214,0.6065421,-0.055942953,-0.79308075,0.11337492,-0.98124105,0.15592384
1356523835550,-0.7966949,-0.23661631,-0.55613846,0.5933005,-0.13079047,-0.7942848,0.11520308,-0.96275985,0.24458468
1356523835590,-0.82105464,-0.26356393,-0.50636303,0.55996776,-0.199485,-0.80414057,0.11093062,-0.9437902,0.31137526
1356523835629,-0.85241514,-0.26113588,-0.4529859,0.5125539,-0.2461198,-0.82262594,0.10332832,-0.93339854,0.3436426
1356523835668,-0.88609684,-0.23431192,-0.3999129,0.4541492,-0.26647127,-0.85014206,0.09263314,-0.93492836,0.34253192
1356523835709,-0.9163629,-0.19317535,-0.3506599,0.39255753,-0.26159894,-0.88173956,0.07859807,-0.94564754,0.315552
1356523835748,-0.93973196,-0.14812437,-0.3081608,0.33632955,-0.2382639,-0.9111053,0.061533295,-0.9598383,0.2737227
1356523835790,-0.95629877,-0.1037795,-0.27335435,0.28946182,-0.20400965,-0.9351962,0.04128728,-0.9734526,0.22513431
1356523835828,-0.96692866,-0.063216045,-0.2470882,0.25434315,-0.16709137,-0.9525702,0.018931411,-0.9839127,0.17764407
1356523835869,-0.9731469,-0.026506282,-0.22865367,0.230131,-0.1335249,-0.9639558,-0.004980065,-0.9906909,0.13603926
1356523835908,-0.9759127,0.0061885193,-0.21807367,0.21613246,-0.10858655,-0.97030705,-0.02968464,-0.9940677,0.10463345
1356523835949,-0.97614753,0.036093347,-0.21408692,0.20986444,-0.09572482,-0.9730332,-0.055613466,-0.99475324,0.08586681
1356523835988,-0.97449154,0.06503645,-0.2147941,0.20820785,-0.09521204,-0.97343934,-0.08376003,-0.99333024,0.07924223
1356523836029,-0.97130513,0.09288727,-0.21894827,0.20927326,-0.103633165,-0.9723502,-0.11300927,-0.99026877,0.08122063
1356523836068,-0.96642685,0.114430025,-0.23005415,0.21722288,-0.11434734,-0.9694013,-0.1372347,-0.9868285,0.08565152
1356523836109,-0.9592865,0.12351593,-0.25399497,0.23919472,-0.12291294,-0.96316063,-0.15018491,-0.98470116,0.08836424
1356523836148,-0.94757456,0.11718073,-0.29727256,0.28244668,-0.12787294,-0.9507219,-0.14941941,-0.9848437,0.08807188
1356523836204,-0.9283695,0.097904466,-0.35853145,0.34549716,-0.1281879,-0.92962337,-0.13697365,-0.9869056,0.085180044
1356523836229,-0.90186375,0.07211642,-0.4259587,0.4158799,-0.12206435,-0.9011904,-0.11698501,-0.9898987,0.08009368
1356523836270,-0.87383765,0.04561682,-0.48407316,0.47742987,-0.10792905,-0.8720161,-0.09202416,-0.9931115,0.07253361
1356523836308,-0.85255426,0.021377861,-0.5222013,0.5187984,-0.08628613,-0.8505309,-0.06324123,-0.996041,0.06247282
1356523836350,-0.8411495,-0.0024139285,-0.54079723,0.53994024,-0.06019956,-0.8395478,-0.030529112,-0.9981834,0.051940203
1356523836388,-0.83738124,-0.03016144,-0.5457866,0.54659855,-0.037500024,-0.8365547,0.0047646463,-0.99884135,0.04788804
1356523836429,-0.8363188,-0.06641476,-0.5442059,0.546863,-0.030659437,-0.83666056,0.03888157,-0.99732095,0.061960757
1356523836503,-0.8358583,-0.111867085,-0.5374261,0.5450656,-0.052939534,-0.83672035,0.06515041,-0.9923121,0.10522479
1356523836505,-0.8358937,-0.16271533,-0.52421886,0.54337746,-0.11027497,-0.8322141,0.077605784,-0.9804913,0.18059397
1356523836546,-0.84101444,-0.20671517,-0.49996334,0.5353835,-0.18503839,-0.8240905,0.07783955,-0.96074426,0.26629198
1356523836589,-0.85508764,-0.22939448,-0.4649766,0.513724,-0.2536137,-0.81961435,0.07009058,-0.93971175,0.33470738
1356523836629,-0.8791422,-0.22287269,-0.42123252,0.472879,-0.29832995,-0.8290867,0.05911453,-0.92807704,0.36766618
1356523836670,-0.906449,-0.19387639,-0.37518248,0.4196182,-0.3132376,-0.8519405,0.04764986,-0.92967415,0.36528814
1356523836709,-0.93013173,-0.15527901,-0.33278105,0.36540166,-0.301134,-0.88079506,0.036557287,-0.94085425,0.33683354
1356523836750,-0.94771796,-0.11653167,-0.29707044,0.31808555,-0.270481,-0.9086592,0.025535658,-0.9556465,0.29340678
1356523836788,-0.95974225,-0.08183336,-0.26869726,0.28052726,-0.23117077,-0.93159246,0.014120385,-0.9694655,0.24482077
1356523836830,-0.9677596,-0.051052824,-0.24664766,0.25187033,-0.18967122,-0.94899225,0.0016667917,-0.98051953,0.19641477
1356523836868,-0.972722,-0.024174646,-0.23071088,0.23166983,-0.15214807,-0.9608226,-0.011874661,-0.988062,0.15359831
1356523836910,-0.97556925,4.969537E-4,-0.21969159,0.2179622,-0.123057365,-0.968168,-0.027515799,-0.99239945,0.119942665
1356523836949,-0.9767831,0.024764441,-0.21279436,0.20909911,-0.105891645,-0.9721443,-0.046607755,-0.9940693,0.09825492
1356523836990,-0.9767321,0.050279528,-0.2084856,0.20258188,-0.102767825,-0.97385794,-0.07039073,-0.9934338,0.09019095
1356523837028,-0.97531635,0.075355284,-0.2075567,0.1986875,-0.11061764,-0.9738003,-0.09634042,-0.9910022,0.092915
1356523837068,-0.97273,0.096991554,-0.21068731,0.19811039,-0.12494707,-0.9721834,-0.12061832,-0.9874112,0.102324665
1356523837109,-0.96825653,0.109138906,-0.22487326,0.20897251,-0.1401748,-0.9678231,-0.13714872,-0.98409337,0.11291814
1356523837150,-0.9600947,0.10646761,-0.25861716,0.241187,-0.15294468,-0.9583511,-0.14158747,-0.98248285,0.12116277
1356523837204,-0.9453924,0.090311475,-0.31317264,0.2964822,-0.16085494,-0.94139475,-0.1353941,-0.9828375,0.12529528
1356523837231,-0.9225772,0.06459141,-0.38036743,0.3666088,-0.1604011,-0.91644394,-0.12020573,-0.98493624,0.124302566
1356523837268,-0.89716375,0.038134158,-0.4400489,0.43017548,-0.15063906,-0.8900882,-0.10023132,-0.98785305,0.11874354
1356523837312,-0.87526876,0.012573302,-0.48347315,0.47795686,-0.1302672,-0.86867,-0.073902756,-0.99139917,0.10800946
1356523837348,-0.863798,-0.010951668,-0.5037192,0.5019392,-0.1054275,-0.85845333,-0.04370439,-0.9943667,0.09656513
1356523837399,-0.8512771,-0.047631145,-0.52255,0.52470374,-0.08417761,-0.8471128,-0.003638059,-0.99531174,0.09665072
1356523837431,-0.8504133,-0.09037262,-0.5182953,0.5250377,-0.082761884,-0.8470454,0.0336546,-0.99246323,0.11783087
1356523837472,-0.84762645,-0.1415645,-0.5113598,0.5272927,-0.117412746,-0.84153235,0.059090927,-0.9829414,0.17416817
1356523837512,-0.8495413,-0.18933883,-0.4923723,0.5230305,-0.18077976,-0.83292127,0.06869343,-0.96512675,0.2526098
1356523837555,-0.8607282,-0.21863283,-0.45972446,0.5049515,-0.2521088,-0.825509,0.064582735,-0.94267744,0.3273962
1356523837609,-0.88614184,-0.21296066,-0.41158277,0.46068805,-0.30863494,-0.83217245,0.05019118,-0.9270341,0.37160277
1356523837649,-0.9166881,-0.18201892,-0.35574156,0.39808625,-0.33846176,-0.85262597,0.03478913,-0.9232079,0.3827231
1356523837690,-0.9425783,-0.13857973,-0.3038777,0.33343625,-0.3383234,-0.8799758,0.019137844,-0.93077004,0.3651039
1356523837728,-0.9608017,-0.09502856,-0.2604412,0.27720618,-0.31541336,-0.9075633,0.0040977895,-0.9441843,0.3293922
1356523837770,-0.9723967,-0.056778617,-0.22631983,0.2331205,-0.27783018,-0.93191475,-0.009965673,-0.9589507,0.28339756
1356523837808,-0.97908634,-0.026678316,-0.20168854,0.20222408,-0.236081,-0.9504584,-0.022258192,-0.9713671,0.23653859
1356523837849,-0.98271257,-0.0037608221,-0.18509978,0.18218952,-0.19736522,-0.9632518,-0.03290964,-0.98032284,0.19463849
1356523837888,-0.9844685,0.014270633,-0.17498022,0.17019704,-0.16691607,-0.9711704,-0.043066226,-0.98586786,0.1618948
1356523837929,-0.98504263,0.030091055,-0.16966303,0.16346905,-0.1481635,-0.97535914,-0.054487456,-0.98850495,0.1410284
1356523837968,-0.9848492,0.046178054,-0.16715129,0.15912737,-0.14245117,-0.97692686,-0.06892347,-0.98872405,0.1329447
1356523838010,-0.9840551,0.06355444,-0.16612214,0.15537113,-0.14746761,-0.9767872,-0.08657681,-0.9870229,0.13524169
1356523838048,-0.9826912,0.08054923,-0.16682275,0.1527259,-0.15740359,-0.97565305,-0.104846604,-0.98424387,0.14237708
1356523838089,-0.98059267,0.092465654,-0.1728813,0.15599412,-0.16616511,-0.9736811,-0.11875892,-0.9817531,0.14851624
1356523838128,-0.9771972,0.09462075,-0.19008592,0.17220862,-0.170542,-0.97018534,-0.124217294,-0.98079675,0.15035868
1356523838170,-0.9713453,0.08639258,-0.22141504,0.20464298,-0.16975904,-0.9640037,-0.120869964,-0.9816915,0.14721501
1356523838208,-0.96212745,0.071196824,-0.26313835,0.24897581,-0.16356134,-0.9545987,-0.11100365,-0.9839607,0.13964057
1356523838246,-0.9501216,0.052912228,-0.30735874,0.2965608,-0.15179217,-0.9428737,-0.09654419,-0.9869952,0.12852925
1356523838289,-0.9371826,0.033171147,-0.34725857,0.3400476,-0.1352104,-0.9306373,-0.07782327,-0.9902615,0.11543697
1356523838330,-0.92451864,0.010342225,-0.38099626,0.3773381,-0.115941405,-0.91878915,-0.053675592,-0.9932022,0.10328752
1356523838368,-0.91208726,-0.018883064,-0.40956086,0.40931958,-0.099294305,-0.90697193,-0.02354066,-0.9948789,0.09829432
1356523838410,-0.9001177,-0.056132823,-0.4320154,0.43555635,-0.09574103,-0.89505553,0.008880407,-0.99382234,0.110627115
1356523838448,-0.89069355,-0.09777622,-0.44396478,0.45330393,-0.1172145,-0.8836155,0.034357443,-0.9882816,0.14872462
1356523838490,-0.8865891,-0.13586372,-0.44215462,0.46033108,-0.16547883,-0.8721881,0.045331478,-0.97681,0.20925409
1356523838529,-0.88969904,-0.16177568,-0.4269242,0.4544954,-0.22528166,-0.8617901,0.04323846,-0.9607689,0.27395916
1356523838569,-0.9001579,-0.16945328,-0.40124965,0.43416518,-0.27531457,-0.85773104,0.034875438,-0.946302,0.3213973
1356523838609,-0.91564214,-0.15831044,-0.36950964,0.4012355,-0.30345124,-0.8642497,0.024691597,-0.9396038,0.34137243
1356523838650,-0.9324121,-0.13282493,-0.33610266,0.36113575,-0.30711955,-0.88048756,0.013726965,-0.942356,0.33432996
1356523838689,-0.9469982,-0.10128211,-0.3048544,0.32122695,-0.29046595,-0.901356,0.0027414113,-0.9515101,0.30760533
1356523838730,-0.9580258,-0.06994072,-0.2780195,0.28657618,-0.2599814,-0.9221083,-0.0077869594,-0.9630773,0.26911223
1356523838768,-0.96555865,-0.04230301,-0.2567235,0.25958514,-0.22361684,-0.9394738,-0.017665118,-0.97375864,0.2268964
1356523838810,-0.9704895,-0.018096045,-0.24046342,0.23956479,-0.18626428,-0.9528454,-0.027547017,-0.982333,0.1851027
1356523838848,-0.9733541,0.0029296577,-0.22928849,0.22612604,-0.15371537,-0.96189326,-0.03806319,-0.98811084,0.14895701
1356523838890,-0.9748957,0.022885837,-0.22148281,0.21673113,-0.13051951,-0.96746695,-0.051049113,-0.9911816,0.12228286
1356523838928,-0.97532886,0.042876154,-0.21655324,0.21015337,-0.12003791,-0.97027135,-0.06759608,-0.991843,0.108065784
1356523838970,-0.97495425,0.06337957,-0.21318346,0.20425908,-0.12406111,-0.9710237,-0.08799083,-0.9902483,0.10800803
1356523839009,-0.97350156,0.08121129,-0.21377438,0.20151106,-0.13730061,-0.9698154,-0.108111314,-0.98719466,0.11729741
1356523839051,-0.97070134,0.09120761,-0.22230604,0.20680891,-0.15394598,-0.9661939,-0.12234736,-0.9838606,0.1305731
1356523839089,-0.96498245,0.087607004,-0.24725243,0.2303583,-0.16784954,-0.9585204,-0.12547433,-0.98191214,0.14179093
1356523839131,-0.9531855,0.06656176,-0.29496938,0.27982864,-0.17552787,-0.94386756,-0.11460082,-0.9822217,0.14868474
1356523839206,-0.9344577,0.03659697,-0.3541885,0.34297305,-0.17482954,-0.92293245,-0.09569915,-0.98391837,0.15081906
1356523839208,-0.911856,0.0044377297,-0.4104864,0.40427268,-0.16394567,-0.8998253,-0.07129063,-0.98645943,0.14770073
1356523839246,-0.89398557,-0.023250133,-0.44749197,0.44587484,-0.14545667,-0.8831975,-0.04455623,-0.98909134,0.14040285
1356523839291,-0.88306,-0.0489282,-0.46670228,0.469038,-0.122621715,-0.874624,-0.0144340545,-0.9912466,0.1312316
1356523839329,-0.8789843,-0.07567659,-0.47080755,0.47654226,-0.103892505,-0.8729913,0.017151624,-0.9917053,0.127383
1356523839371,-0.87498677,-0.11045639,-0.47137833,0.4817366,-0.1016016,-0.8704062,0.048249125,-0.9886741,0.14211094
1356523839419,-0.8718308,-0.15326439,-0.4652108,0.48472184,-0.13346267,-0.8644261,0.07039744,-0.97913116,0.19064748
1356523839460,-0.876306,-0.19048013,-0.44249892,0.47518814,-0.1906156,-0.858989,0.079273164,-0.96300733,0.2575513
1356523839499,-0.8870265,-0.21254292,-0.4098897,0.45515445,-0.25335848,-0.85360646,0.07757896,-0.94373465,0.32147545
1356523839542,-0.90518576,-0.21005657,-0.36947918,0.4197457,-0.30534565,-0.85473824,0.06672451,-0.92878425,0.36456496
1356523839589,-0.9300733,-0.17791612,-0.32141775,0.36424297,-0.33260906,-0.869884,0.047859937,-0.9261302,0.37415558
1356523839628,-0.9516598,-0.13536315,-0.27571803,0.30590975,-0.33698094,-0.89042854,0.027619496,-0.9317299,0.36210012
1356523839669,-0.96702445,-0.09179377,-0.23756605,0.25457743,-0.32146454,-0.9120586,0.007352233,-0.94246185,0.3342327
1356523839708,-0.9766874,-0.05304259,-0.20800996,0.21434978,-0.29358602,-0.93159074,-0.0116548315,-0.95445985,0.2981115
1356523839749,-0.98216313,-0.021146484,-0.18683729,0.18582034,-0.2610523,-0.94727105,-0.028742872,-0.96509296,0.26032555
1356523839788,-0.9848915,0.0041635484,-0.17312214,0.16755511,-0.22964299,-0.9587436,-0.04374806,-0.973266,0.22547585
1356523839830,-0.98582536,0.02367647,-0.16609499,0.1578747,-0.20411831,-0.96613204,-0.056777634,-0.97865975,0.19748724
1356523839868,-0.9856139,0.039310902,-0.16437757,0.15429251,-0.18770075,-0.9700321,-0.068986624,-0.98143935,0.17893499
1356523839910,-0.98466736,0.05402895,-0.1658653,0.1536619,-0.18143827,-0.971323,-0.08257386,-0.98191714,0.17035401
1356523839948,-0.9832386,0.06958832,-0.16852129,0.15346777,-0.18314087,-0.971034,-0.09843576,-0.9806207,0.16939163
1356523839989,-0.9813909,0.08315029,-0.17308363,0.15508822,-0.18825918,-0.9697969,-0.11322349,-0.9785931,0.17186022
1356523840028,-0.97861356,0.086681895,-0.18655291,0.16728458,-0.19242734,-0.9669476,-0.11971471,-0.97747535,0.17381132
1356523840070,-0.9731835,0.074067935,-0.21777935,0.20022492,-0.19332063,-0.960488,-0.11324261,-0.9783359,0.17330623
1356523840108,-0.96226275,0.04753723,-0.2679378,0.25474745,-0.18882585,-0.9483926,-0.09567753,-0.9808594,0.16959012
1356523840149,-0.9448414,0.015002683,-0.32718447,0.31956232,-0.17674923,-0.9309348,-0.07179612,-0.9841416,0.1622057
1356523840209,-0.9243366,-0.016183034,-0.38123447,0.37890768,-0.15691489,-0.9120343,-0.0450619,-0.98747945,0.15117419
1356523840230,-0.905807,-0.043786585,-0.42142186,0.42338705,-0.13118255,-0.89640087,-0.016032875,-0.9903907,0.13736475
1356523840270,-0.8921538,-0.06960209,-0.44633734,0.45147902,-0.10434377,-0.88615966,0.015106052,-0.99210274,0.12451464
1356523840309,-0.8817077,-0.09884305,-0.461326,0.46933216,-0.08395314,-0.87902176,0.048155442,-0.99155533,0.12041229
1356523840348,-0.8727928,-0.13534379,-0.46895075,0.4815759,-0.08233112,-0.8725287,0.07948208,-0.98737216,0.13703632
1356523840389,-0.86478055,-0.17918305,-0.46909267,0.49152374,-0.110889256,-0.86377543,0.102756545,-0.9775464,0.18396765
1356523840429,-0.8588552,-0.22526067,-0.46002787,0.49961603,-0.17041224,-0.8493196,0.112923935,-0.95927966,0.25890315
1356523840469,-0.85985863,-0.26129442,-0.43859804,0.498316,-0.24274248,-0.83232033,0.11101432,-0.9342383,0.3389315
1356523840509,-0.8728428,-0.27322298,-0.40434474,0.47716105,-0.3041594,-0.8245025,0.102287814,-0.91259867,0.3958547
1356523840549,-0.89703107,-0.2550888,-0.36092257,0.43277538,-0.34128255,-0.83440506,0.08967079,-0.9046856,0.4165371
1356523840589,-0.9245014,-0.21557148,-0.31436622,0.37374157,-0.3505224,-0.85874987,0.07492957,-0.9114071,0.4046265
1356523840630,-0.9481913,-0.16700867,-0.2702619,0.31221923,-0.33251315,-0.8899181,0.0587584,-0.92819345,0.36742932
1356523840668,-0.96486413,-0.12145438,-0.23299363,0.25929344,-0.29678857,-0.91906667,0.042474806,-0.94718814,0.31785297
1356523840708,-0.9754858,-0.082622394,-0.20396349,0.21846859,-0.25223738,-0.9426812,0.026439361,-0.9641317,0.2641043
1356523840748,-0.98172826,-0.050878316,-0.1833604,0.18997833,-0.20708543,-0.9596999,0.010856651,-0.976999,0.2129674
1356523840791,-0.98509735,-0.024177946,-0.1702902,0.17192435,-0.16739523,-0.97078365,-0.0050342157,-0.9855934,0.16905731
1356523840828,-0.98638475,-9.092018E-4,-0.16445151,0.16299096,-0.13849676,-0.97685856,-0.021887831,-0.99036247,0.13675928
1356523840871,-0.9863979,0.022508502,-0.16282661,0.15881577,-0.124937594,-0.9793713,-0.04238735,-0.99190927,0.11966348
1356523840908,-0.985055,0.04673805,-0.16577739,0.15879825,-0.12631601,-0.9791973,-0.06670611,-0.9908884,0.1170063
1356523840951,-0.9825946,0.071324736,-0.17152405,0.1604074,-0.13990003,-0.9770861,-0.09368664,-0.98759335,0.12602407
1356523840999,-0.9786128,0.09033349,-0.18481566,0.16879931,-0.16086894,-0.97243404,-0.11757447,-0.98283315,0.14218026
1356523841042,-0.9705408,0.09110995,-0.22304554,0.20439638,-0.1787852,-0.96242297,-0.12756355,-0.9796605,0.15489584
1356523841079,-0.9556976,0.07358678,-0.28500378,0.2671125,-0.18997544,-0.9447541,-0.12366514,-0.9790273,0.16190314
1356523841122,-0.92868316,0.03873779,-0.36884546,0.3556732,-0.18878567,-0.9153451,-0.10509117,-0.981254,0.16154408
1356523841159,-0.8944014,0.003377393,-0.4472522,0.43976974,-0.175659,-0.8807646,-0.0815386,-0.9844452,0.15562451
1356523841214,-0.8622762,-0.027208805,-0.5057069,0.5036849,-0.1500603,-0.8507547,-0.052738532,-0.9883024,0.14309812
1356523841238,-0.84333557,-0.051084027,-0.5349537,0.5369832,-0.11870074,-0.8352001,-0.020834059,-0.99161506,0.12753588
1356523841277,-0.83399385,-0.07613467,-0.54649585,0.5515691,-0.08806467,-0.82946736,0.015024185,-0.99320096,0.115439
1356523841319,-0.83074933,-0.10777493,-0.54611385,0.5542462,-0.06913334,-0.8294769,0.05164215,-0.9917688,0.11716616
1356523841362,-0.8226961,-0.1558353,-0.5467051,0.5619788,-0.077901125,-0.82347506,0.08573753,-0.98470646,0.15166509
1356523841409,-0.81037045,-0.2212888,-0.5425228,0.57544935,-0.12634194,-0.80801964,0.11026232,-0.96698964,0.22972429
1356523841448,-0.80693287,-0.28082073,-0.51961446,0.57777303,-0.19264448,-0.79313713,0.12262854,-0.94022757,0.31770176
1356523841489,-0.8173734,-0.31378955,-0.483153,0.5629462,-0.25678647,-0.7855904,0.122442886,-0.9141098,0.38653708
1356523841530,-0.84502876,-0.3090489,-0.43636587,0.5227785,-0.30598092,-0.79566216,0.112378865,-0.90048015,0.4201268
1356523841569,-0.8811499,-0.2735793,-0.38565415,0.4629569,-0.33331162,-0.82132465,0.09615441,-0.9022514,0.420353
1356523841608,-0.91506135,-0.22210656,-0.33664727,0.395993,-0.33645403,-0.8543935,0.07650004,-0.9151324,0.39582872
1356523841649,-0.94103944,-0.16835284,-0.29343158,0.33370632,-0.31954575,-0.8868656,0.055541515,-0.9324955,0.35688555
1356523841688,-0.9585664,-0.12007231,-0.25832763,0.28273898,-0.29031914,-0.9142065,0.034773447,-0.9493669,0.31223923
1356523841729,-0.9692413,-0.080609225,-0.23253666,0.24562061,-0.25714254,-0.9346379,0.015545368,-0.96300554,0.26903254
1356523841768,-0.9750939,-0.049908854,-0.21610439,0.2217871,-0.22634912,-0.94846016,-0.0015784726,-0.9727668,0.23178071
1356523841809,-0.97755206,-0.026806325,-0.20898181,0.21002783,-0.20279372,-0.95643246,-0.016741768,-0.97885454,0.20387149
1356523841848,-0.9775928,-0.008709893,-0.21032453,0.20812657,-0.18975616,-0.9595186,-0.031553075,-0.9817926,0.18731701
1356523841889,-0.97581977,0.008390792,-0.21841587,0.2129747,-0.18828905,-0.95874345,-0.049169913,-0.98207784,0.18194908
1356523841928,-0.9726343,0.027977519,-0.23065045,0.22092521,-0.19598418,-0.9553963,-0.071933456,-0.9802078,0.18444008
1356523841969,-0.9679583,0.048616096,-0.24635968,0.23152928,-0.20702875,-0.95054364,-0.097215265,-0.9771261,0.18913919
1356523842009,-0.96068937,0.062096104,-0.2705921,0.25182736,-0.21539474,-0.94349784,-0.11687163,-0.9745508,0.19128984
1356523842049,-0.94853705,0.060363106,-0.3108599,0.291391,-0.21793115,-0.93144906,-0.1239712,-0.9740957,0.18912643
1356523842089,-0.9289909,0.043747872,-0.36750817,0.35073066,-0.21298772,-0.9119344,-0.11816988,-0.97607505,0.1825198
1356523842129,-0.90277374,0.019644022,-0.42966685,0.41763553,-0.19885904,-0.8865865,-0.10285929,-0.97983116,0.17132074
1356523842168,-0.87618965,-0.0038535297,-0.4819509,0.47503665,-0.17586392,-0.86221343,-0.08143523,-0.9844069,0.15592086
1356523842210,-0.855911,-0.02457136,-0.51653904,0.5142316,-0.14592397,-0.8451461,-0.054609016,-0.9889906,0.1375333
1356523842246,-0.8442657,-0.045388475,-0.53399944,0.5354196,-0.11469525,-0.8367622,-0.023267835,-0.99236333,0.121135056
1356523842290,-0.8366322,-0.073814616,-0.54276884,0.54762274,-0.090123534,-0.8318576,0.012487024,-0.9931914,0.11582273
1356523842328,-0.82871014,-0.11640136,-0.54743993,0.5573605,-0.08271557,-0.8261401,0.05088207,-0.989752,0.13342464
1356523842370,-0.8170608,-0.17656432,-0.5488504,0.56968224,-0.10072571,-0.81566936,0.088734776,-0.97912174,0.18288451
1356523842408,-0.8053525,-0.2451531,-0.53972906,0.58025634,-0.13972837,-0.8023582,0.121285155,-0.9593623,0.25478208
1356523842450,-0.80196935,-0.30261436,-0.5150434,0.57976127,-0.18652242,-0.79314953,0.1439513,-0.93468386,0.32502937
1356523842489,-0.81732386,-0.32816827,-0.4735899,0.5553459,-0.22965872,-0.7992796,0.15353416,-0.91627645,0.36995238
1356523842529,-0.8521852,-0.31348363,-0.41893697,0.50169456,-0.26214665,-0.82436734,0.14860272,-0.9126921,0.38067067
1356523842565,-0.89357215,-0.27017802,-0.3585145,0.42897683,-0.27850956,-0.8593086,0.13231659,-0.9216486,0.3647685
1356523842612,-0.9316834,-0.20802364,-0.2978123,0.34760794,-0.27238178,-0.89720505,0.1055212,-0.93943304,0.32608426
1356523842659,-0.9597251,-0.14179613,-0.24253194,0.2713896,-0.24473321,-0.9308348,0.07263316,-0.95916605,0.27335852
1356523842704,-0.9755826,-0.08833517,-0.20108576,0.21551038,-0.2084539,-0.9539928,0.042354017,-0.97403485,0.22240114
1356523842739,-0.9833729,-0.049135663,-0.17482418,0.18077704,-0.17344004,-0.9681106,0.01724726,-0.98361796,0.17943877
1356523842782,-0.9868631,-0.019125313,-0.1604234,0.16149592,-0.14461553,-0.9762201,-0.0045292005,-0.9893032,0.14580435
1356523842819,-0.9872431,0.0050918683,-0.15913936,0.1572493,-0.12561792,-0.9795371,-0.024978407,-0.99206567,0.1232146
