1356095547072,-0.30570194,0.010617554,0.9520681,-0.9214025,0.24867311,-0.29862866,-0.23992443,-0.9685292,-0.06623685
1356095547110,-0.5418183,0.07700899,0.83696026,-0.80552304,0.23668182,-0.5432442,-0.23992795,-0.9685305,-0.06620604
1356095547152,-0.54143006,0.07707292,0.83720565,-0.8057773,0.23663086,-0.5428892,-0.23995078,-0.96853787,-0.06601548
1356095547191,-0.53974146,0.07714376,0.8382888,-0.8068911,0.2365002,-0.5412897,-0.24001256,-0.96856415,-0.06540239
1356095547230,-0.5351601,0.076951206,0.8412385,-0.8099102,0.23630792,-0.5368464,-0.24010232,-0.9686264,-0.06413901
1356095547270,-0.5263943,0.07647842,0.84679407,-0.8155962,0.2359823,-0.5283135,-0.240233,-0.9687432,-0.06184429
1356095547310,-0.5126549,0.075578064,0.8552619,-0.82422304,0.23570383,-0.51487863,-0.24050203,-0.9688816,-0.058541536
1356095547350,-0.49517077,0.074195474,0.8656217,-0.834689,0.23580003,-0.49768728,-0.24103975,-0.9689651,-0.054831088
1356095547390,-0.47633767,0.0724349,0.8762737,-0.8453434,0.23641044,-0.47906637,-0.2418614,-0.96894956,-0.051378787
1356095547431,-0.45841885,0.07055792,0.885931,-0.8549106,0.23739046,-0.46127394,-0.24285808,-0.96884847,-0.048503578
1356095547470,-0.44330418,0.068892,0.8937199,-0.862553,0.23849887,-0.44622934,-0.24389288,-0.9686961,-0.046304524
1356095547510,-0.43259603,0.067635685,0.89904726,-0.8676672,0.23972124,-0.4355312,-0.24497816,-0.9684829,-0.045017123
1356095547552,-0.4274642,0.066770494,0.90156317,-0.86990863,0.2410298,-0.4303065,-0.24603537,-0.96821815,-0.044947386
1356095547590,-0.42788702,0.066183925,0.9014058,-0.8694354,0.2423752,-0.430507,-0.24697104,-0.9679225,-0.04616654
1356095547630,-0.4326325,0.06590712,0.8991582,-0.8668526,0.24368948,-0.43495068,-0.2477817,-0.9676113,-0.048296213
1356095547672,-0.43949044,0.06589803,0.8958268,-0.8631773,0.24496764,-0.4414927,-0.24854207,-0.9672892,-0.050779283
1356095547709,-0.44604313,0.066034734,0.89257205,-0.85959244,0.24616843,-0.44777444,-0.24929175,-0.966975,-0.053038776
1356095547750,-0.44817668,0.06542274,0.8915478,-0.8582634,0.2474674,-0.44960415,-0.25004336,-0.96668494,-0.054759204
1356095547791,-0.4505297,0.06546965,0.8903576,-0.85680604,0.24847418,-0.45182303,-0.25081158,-0.9664235,-0.055850208
1356095547830,-0.4498182,0.06530774,0.8907292,-0.85696214,0.2493431,-0.45104757,-0.25155404,-0.9662106,-0.056192756
1356095547870,-0.4459005,0.065074176,0.89271384,-0.8588407,0.24982345,-0.44719207,-0.2521215,-0.96610224,-0.055508077
1356095547911,-0.4395392,0.065211385,0.8958531,-0.86207485,0.2494691,-0.4411259,-0.25225407,-0.9661846,-0.053434312
1356095547950,-0.43184608,0.06617871,0.8995162,-0.86612165,0.24786013,-0.43404922,-0.2516791,-0.9665328,-0.04971862
1356095548010,-0.42344248,0.06833431,0.903342,-0.8706845,0.24470818,-0.42664546,-0.25020966,-0.9671858,-0.04412222
1356095548032,-0.41479558,0.07164231,0.9070898,-0.87548316,0.24021709,-0.41931486,-0.24793914,-0.9680718,-0.036919296
1356095548072,-0.40543896,0.07568753,0.9109833,-0.8806796,0.23474991,-0.41145584,-0.24499533,-0.96910465,-0.028520286
1356095548102,-0.39583248,0.07936609,0.9148867,-0.8858571,0.2295596,-0.4031868,-0.24202037,-0.9700533,-0.020560145
1356095548141,-0.38419455,0.08269441,0.9195413,-0.89189863,0.22411042,-0.39279935,-0.2385611,-0.97104895,-0.012346983
1356095548170,-0.3686552,0.08446416,0.92572093,-0.8993112,0.21959865,-0.37817442,-0.23522928,-0.97192705,-0.0049966574
1356095548212,-0.3505779,0.08543497,0.9326285,-0.90746945,0.2151733,-0.3608318,-0.23150441,-0.97283155,0.0020946264
1356095548252,-0.32653356,0.08458111,0.9413936,-0.917439,0.21119219,-0.33719954,-0.22733572,-0.9737781,0.008636653
1356095548292,-0.29893225,0.08217862,0.95072937,-0.927979,0.2072345,-0.3096918,-0.22247401,-0.9748336,0.014310896
1356095548332,-0.27101725,0.0786545,0.95935565,-0.9378984,0.20264518,-0.28156978,-0.21655554,-0.97608835,0.018849552
1356095548362,-0.2453227,0.074789524,0.96655226,-0.9463464,0.19785422,-0.25550374,-0.21034542,-0.9773741,0.022238672
1356095548402,-0.22684538,0.07081357,0.97135293,-0.9526938,0.19100672,-0.23641255,-0.20227611,-0.9790311,0.024134696
1356095548432,-0.21598387,0.067377985,0.97406936,-0.9569475,0.1835202,-0.22488177,-0.19391355,-0.98070407,0.024839759
1356095548461,-0.21352959,0.06423044,0.9748229,-0.9592341,0.17531163,-0.22166607,-0.18513548,-0.98241556,0.02417773
1356095548492,-0.22067064,0.061276406,0.97342163,-0.95933616,0.16646332,-0.2279563,-0.17600733,-0.9841418,0.022051096
1356095548532,-0.24135667,0.057366103,0.9687395,-0.95622313,0.15616643,-0.24748603,-0.16548195,-0.9860635,0.017162979
1356095548562,-0.27621138,0.054627746,0.95954317,-0.9483855,0.14634782,-0.2813313,-0.15579551,-0.9877237,0.011385262
1356095548601,-0.3209991,0.050629765,0.9457252,-0.93567264,0.13756144,-0.32495147,-0.14654747,-0.9891984,0.0032158494
1356095548632,-0.3772639,0.04786995,0.92486787,-0.91567564,0.13017881,-0.38025215,-0.13860086,-0.9903343,-0.005278468
1356095548662,-0.43471992,0.045143723,0.8994335,-0.8908809,0.1245209,-0.43683612,-0.13171864,-0.9911895,-0.013913989
1356095548692,-0.49166805,0.043073505,0.86971676,-0.86165,0.12020779,-0.49306113,-0.12578464,-0.99181384,-0.021988094
1356095548740,-0.5451138,0.042449147,0.8372867,-0.8295729,0.116924584,-0.5460197,-0.12107745,-0.99223316,-0.028522551
1356095548761,-0.59047365,0.044899583,0.805807,-0.7982281,0.11479139,-0.5913162,-0.11904955,-0.9923744,-0.031941175
1356095548801,-0.63078487,0.052216828,0.7741988,-0.7664142,0.11407453,-0.6321362,-0.12132448,-0.9920989,-0.031936705
1356095548838,-0.6612591,0.06328675,0.74748325,-0.73903394,0.11600101,-0.6636058,-0.12870625,-0.99123085,-0.029935658
1356095548881,-0.68121314,0.07590911,0.72813904,-0.71847534,0.12156916,-0.684846,-0.14050528,-0.98967606,-0.028275609
1356095548920,-0.69111454,0.08726442,0.7174578,-0.70597184,0.131114,-0.6959977,-0.15480465,-0.98751915,-0.029008627
1356095548960,-0.6906175,0.094849974,0.7169735,-0.70291615,0.14522564,-0.69628906,-0.17016596,-0.9848416,-0.033623874
1356095549009,-0.6782088,0.096233726,0.7285409,-0.7110098,0.16463983,-0.6836364,-0.18573573,-0.98164797,-0.04323709
1356095549042,-0.65096116,0.08883622,0.753895,-0.7319474,0.18984002,-0.6543803,-0.2012521,-0.97778773,-0.058555067
1356095549082,-0.6071721,0.069744706,0.7915034,-0.7643868,0.22068012,-0.6058161,-0.21692154,-0.97284937,-0.08067888
1356095549122,-0.5498247,0.03523633,0.83453643,-0.802251,0.25590158,-0.5393586,-0.23256421,-0.9660604,-0.1124326
1356095549162,-0.48792386,-0.018348128,0.8726933,-0.83738804,0.2920553,-0.46204424,-0.24639711,-0.9562254,-0.15786523
1356095549202,-0.43846884,-0.09092656,0.89413506,-0.86181545,0.32479766,-0.38959044,-0.25498885,-0.9414026,-0.22077554
1356095549242,-0.41124284,-0.17685676,0.89420414,-0.8751861,0.3508408,-0.33310673,-0.25481114,-0.9195827,-0.29906332
1356095549271,-0.38462198,-0.26400104,0.8845165,-0.8889688,0.36400282,-0.27791435,-0.24859682,-0.8931995,-0.3746922
1356095549302,-0.36356065,-0.3399085,0.86734414,-0.9005928,0.3663477,-0.23392725,-0.23823571,-0.86617064,-0.43930876
1356095549342,-0.32736993,-0.4020423,0.85509706,-0.9176488,0.3510319,-0.18627235,-0.22527695,-0.84565866,-0.48385084
1356095549372,-0.26060796,-0.4517492,0.85323274,-0.94126964,0.31542432,-0.12049428,-0.21469715,-0.8345239,-0.50741994
1356095549412,-0.14888437,-0.47989762,0.8645992,-0.96679366,0.25429958,-0.025332779,-0.20771006,-0.83966064,-0.5018232
1356095549451,-0.007067591,-0.48213518,0.87606835,-0.97885334,0.18244901,0.09251219,-0.20444119,-0.8568886,-0.4732291
1356095549492,0.13607113,-0.45816383,0.87839085,-0.9695972,0.12043463,0.21301788,-0.20338577,-0.88067096,-0.42784673
1356095549531,0.25701588,-0.41511846,0.8727081,-0.9449698,0.08119883,0.31692088,-0.20242259,-0.9061365,-0.37140507
1356095549562,0.33386832,-0.36833766,0.86767465,-0.9210565,0.06828304,0.38339582,-0.20046657,-0.9271811,-0.31646228
1356095549601,0.39710474,-0.3160657,0.86163235,-0.8965136,0.06731331,0.4378726,-0.19639584,-0.94634634,-0.25662675
1356095549642,0.42981923,-0.262182,0.8640115,-0.88261163,0.07978529,0.46328288,-0.19039986,-0.96171457,-0.19711167
1356095549682,0.43416741,-0.2102159,0.87596107,-0.88210344,0.09804097,0.46074006,-0.18273494,-0.9727267,-0.14286599
1356095549712,0.4083357,-0.16254851,0.89824265,-0.8960129,0.11665012,0.4284314,-0.17442101,-0.9797809,-0.09801316
1356095549752,0.3656121,-0.12016615,0.9229777,-0.9162773,0.12782626,0.3796001,-0.16359589,-0.98449,-0.063370705
1356095549782,0.2845146,-0.07969114,0.95535374,-0.94643056,0.13539398,0.2931511,-0.15271068,-0.98758173,-0.03690058
1356095549822,0.17894876,-0.043426335,0.98289955,-0.97343534,0.13721871,0.18328825,-0.14283171,-0.9895884,-0.0177176
1356095549861,0.02765575,-0.008569121,0.99958074,-0.9898343,0.1393241,0.028580487,-0.1395106,-0.99020976,-0.0046288967
1356095549891,-0.14888126,0.024835974,0.98854315,-0.9784899,0.14066416,-0.15090123,-0.14280036,-0.98974586,0.003359437
1356095549921,-0.3075493,0.053641796,0.950019,-0.9391074,0.14370626,-0.31213114,-0.15326694,-0.9881655,0.0061786175
1356095549960,-0.42868608,0.07786173,0.900092,-0.8864127,0.15634024,-0.43569517,-0.17464456,-0.9846295,0.0019968152
1356095550008,-0.50422305,0.0979538,0.85800016,-0.8398864,0.17548108,-0.513612,-0.2008731,-0.9795976,-0.006211579
1356095550042,-0.53631467,0.112111926,0.836539,-0.81252044,0.19965869,-0.5476741,-0.22842306,-0.9734307,-0.015986681
1356095550082,-0.5293573,0.11716485,0.8402698,-0.8087822,0.2294271,-0.5415113,-0.2562268,-0.96624815,-0.026688099
1356095550112,-0.48680067,0.10897216,0.86668915,-0.82674646,0.2628172,-0.49741074,-0.28198475,-0.95867205,-0.03784722
1356095550152,-0.4351182,0.089176685,0.89594626,-0.8458079,0.30066174,-0.44069433,-0.30867645,-0.94955254,-0.055397093
1356095550191,-0.3660728,0.045361787,0.92947996,-0.86857367,0.34185478,-0.35876876,-0.33402154,-0.93865734,-0.085743666
1356095550221,-0.29242155,-0.01909262,0.9560989,-0.8880648,0.3762878,-0.26409918,-0.354726,-0.92630607,-0.12699014
1356095550252,-0.25231674,-0.09061909,0.96339214,-0.89529604,0.39959642,-0.19689506,-0.36712563,-0.9122011,-0.18195581
1356095550290,-0.26113337,-0.16817603,0.9505399,-0.89408875,0.41334122,-0.17249393,-0.36388797,-0.89491105,-0.2583015
1356095550330,-0.26805007,-0.24973735,0.9304732,-0.89754057,0.4157111,-0.14698678,-0.35009995,-0.8745373,-0.33558077
1356095550370,-0.2474313,-0.32314634,0.91342986,-0.9091512,0.4033833,-0.10356638,-0.33499524,-0.8560715,-0.3935985
1356095550410,-0.18595594,-0.3809602,0.9056985,-0.9272617,0.3729096,-0.03352782,-0.3249709,-0.8460542,-0.42259455
1356095550450,-0.085906714,-0.4182759,0.9042485,-0.9429378,0.3271902,0.061765224,-0.32169613,-0.84734404,-0.422516
1356095550490,0.03651187,-0.43194738,0.90115947,-0.9455855,0.27681777,0.17099735,-0.32331878,-0.8583667,-0.39833605
1356095550530,0.15992361,-0.42260844,0.89209116,-0.9317605,0.23378801,0.27778694,-0.3259553,-0.8756399,-0.3563816
1356095550570,0.26769978,-0.3947553,0.8789227,-0.906823,0.20503259,0.36828497,-0.32559025,-0.8956171,-0.30308598
1356095550610,0.35161686,-0.3542007,0.86654913,-0.8798046,0.19124389,0.43516615,-0.3198584,-0.91540575,-0.24438286
1356095550650,0.40925783,-0.30602437,0.859568,-0.8587288,0.1892072,0.47622007,-0.30837134,-0.9330326,-0.18535739
1356095550690,0.43817452,-0.25446332,0.8621204,-0.8501054,0.1943573,0.4894343,-0.2921025,-0.9473508,-0.13115823
1356095550730,0.4358544,-0.20238188,0.87696785,-0.8579339,0.20104435,0.47279048,-0.2719937,-0.9584482,-0.0860042
1356095550770,0.3956587,-0.15094808,0.90590775,-0.8840629,0.20459208,0.42020828,-0.24877116,-0.96713847,-0.052498937
1356095550810,0.30478412,-0.09985316,0.94717264,-0.9256301,0.20316385,0.31927007,-0.22431135,-0.97404,-0.030505985
1356095550850,0.14684576,-0.048173398,0.98798573,-0.96809196,0.19804472,0.15354544,-0.2030622,-0.9790085,-0.017554283
1356095550890,-0.08211678,0.0046444535,0.99661195,-0.97810876,0.19147742,-0.08148447,-0.19120717,-0.9814861,-0.011180699
1356095550930,-0.33591777,0.055574745,0.94025034,-0.9221531,0.18388861,-0.34032127,-0.1918146,-0.98137474,-0.010523081
1356095550970,-0.5400958,0.09874198,0.83579093,-0.8168876,0.17739975,-0.5488387,-0.2024625,-0.97917277,-0.015151739
1356095551014,-0.6682156,0.1319825,0.732167,-0.7110704,0.17611194,-0.68070805,-0.2187849,-0.975482,-0.023831904
1356095551052,-0.7362482,0.15639438,0.6583915,-0.6338598,0.18133634,-0.75189024,-0.23698168,-0.9709057,-0.034376383
1356095551092,-0.7632624,0.17278607,0.6225555,-0.59325,0.1942206,-0.78123796,-0.25590014,-0.96562064,-0.045735896
1356095551132,-0.7593214,0.18022846,0.6252589,-0.5894121,0.21665353,-0.7782381,-0.27572525,-0.95946807,-0.058280826
1356095551170,-0.727385,0.17524908,0.6634748,-0.61865014,0.25092107,-0.74452037,-0.2969563,-0.95201176,-0.07409835
1356095551210,-0.6699738,0.15147287,0.72676766,-0.6703187,0.29732555,-0.6799047,-0.3190737,-0.9426843,-0.09766519
1356095551251,-0.5993972,0.102494895,0.79386264,-0.72515064,0.35041845,-0.59275913,-0.3389389,-0.93096817,-0.1357156
1356095551290,-0.5368633,0.028315276,0.8431939,-0.7672317,0.39930516,-0.50190717,-0.35090327,-0.9163807,-0.19264787
1356095551330,-0.49727526,-0.0614807,0.86541164,-0.7935373,0.43547788,-0.42503822,-0.350736,-0.8980975,-0.26533955
1356095551370,-0.46615908,-0.15447804,0.8711097,-0.81632984,0.45465854,-0.35621783,-0.3410296,-0.8771671,-0.33804822
1356095551410,-0.4182287,-0.2399598,0.8760731,-0.84673834,0.45212638,-0.28038535,-0.3288146,-0.8590698,-0.3922754
1356095551450,-0.33239603,-0.3119803,0.89004564,-0.8871326,0.42378497,-0.1827623,-0.32016972,-0.850338,-0.41763234
1356095551509,-0.20602763,-0.3645452,0.90810764,-0.92571557,0.3734113,-0.06012246,-0.31718028,-0.8530363,-0.4143982
1356095551530,-0.05530435,-0.39216256,0.9182319,-0.9462712,0.31404126,0.07712898,-0.31860977,-0.86463094,-0.38845998
1356095551571,0.09568761,-0.39309004,0.91450757,-0.9421369,0.26076496,0.21066517,-0.32128185,-0.88174933,-0.34539258
1356095551607,0.22099508,-0.37243393,0.9013624,-0.9207823,0.2249297,0.3186951,-0.32143608,-0.9003886,-0.2932222
1356095551650,0.3159126,-0.33680722,0.88699496,-0.89447045,0.20605433,0.3968174,-0.3164201,-0.91875046,-0.23616898
1356095551690,0.37573242,-0.2921089,0.8794871,-0.8748547,0.20125467,0.44059718,-0.30570322,-0.93497,-0.17993492
1356095551731,0.40134642,-0.24308753,0.88307965,-0.8688141,0.20419553,0.45107245,-0.28997102,-0.9482683,-0.12924477
1356095551770,0.3898756,-0.19262931,0.9004948,-0.8803055,0.209065,0.42585665,-0.27029443,-0.9587417,-0.08806333
1356095551810,0.33302784,-0.14193186,0.9321737,-0.909781,0.21141095,0.35721704,-0.24777222,-0.9670371,-0.058721155
1356095551850,0.21577585,-0.09023601,0.9722645,-0.9504011,0.20901942,0.23032281,-0.22400558,-0.9737394,-0.04065907
1356095551890,0.023168951,-0.035862416,0.99908817,-0.978997,0.20166412,0.029941827,-0.20255408,-0.97879803,-0.030436873
1356095551930,-0.23007822,0.020147055,0.9729636,-0.9545193,0.19013661,-0.22965387,-0.18962288,-0.98155093,-0.02451557
1356095551970,-0.4705829,0.07144621,0.8794584,-0.8616755,0.17731643,-0.4754726,-0.18991312,-0.98155713,-0.02187866
1356095552013,-0.632711,0.11337635,0.7660434,-0.7471961,0.17045778,-0.64237225,-0.20340788,-0.9788207,-0.023136139
1356095552052,-0.7229015,0.14616588,0.67531395,-0.6541376,0.16999048,-0.7370259,-0.22252496,-0.9745454,-0.027273774
1356095552092,-0.7648486,0.1707671,0.62116444,-0.59639275,0.1768561,-0.7829672,-0.24356173,-0.96930933,-0.03342384
1356095552132,-0.7745378,0.18720447,0.60419005,-0.5744996,0.19145668,-0.79579794,-0.26465315,-0.9634826,-0.040741563
1356095552172,-0.7573232,0.19416271,0.6235081,-0.58711046,0.2156257,-0.7802607,-0.2859419,-0.9569777,-0.049303412
1356095552212,-0.7113971,0.18777785,0.6772396,-0.63163936,0.25166786,-0.7332768,-0.3081326,-0.9494223,-0.060427845
1356095552252,-0.6344437,0.1611563,0.75598264,-0.6983529,0.29972905,-0.64997363,-0.33133733,-0.9403144,-0.07761729
1356095552290,-0.53559494,0.10728195,0.8376328,-0.76681983,0.3536976,-0.5356169,-0.35373068,-0.92918706,-0.10717267
1356095552330,-0.44192263,0.026114166,0.89667296,-0.8168072,0.40152094,-0.4142547,-0.3708509,-0.9154775,-0.15611094
1356095552370,-0.37669766,-0.07299331,0.92345595,-0.84578013,0.43370825,-0.31073007,-0.37782928,-0.8980919,-0.22511321
1356095552410,-0.33795962,-0.1761876,0.9245222,-0.86374605,0.4482101,-0.23032677,-0.3737995,-0.87639356,-0.3036583
1356095552450,-0.29746795,-0.27128968,0.9153768,-0.8824823,0.4440062,-0.15518844,-0.36433196,-0.8539674,-0.37148595
1356095552490,-0.23397182,-0.34883898,0.9075067,-0.90476745,0.4197929,-0.07190028,-0.35588324,-0.8379053,-0.4138379
1356095552530,-0.14075519,-0.40366167,0.90401614,-0.9254549,0.3780508,0.024714231,-0.35174024,-0.8331475,-0.42678332
1356095552570,-0.026890486,-0.4332425,0.90087616,-0.93584627,0.32769057,0.12965614,-0.35138115,-0.8395951,-0.4142601
1356095552610,0.091635525,-0.43806636,0.8942599,-0.93163157,0.2794249,0.23234543,-0.3516612,-0.85441184,-0.3825112
1356095552650,0.20057768,-0.4216201,0.8843105,-0.9155035,0.24065733,0.32239303,-0.3487432,-0.8742542,-0.33772427
1356095552690,0.29090005,-0.38893944,0.87413,-0.8942917,0.21417063,0.3929037,-0.34002867,-0.8960229,-0.28552306
1356095552730,0.35810864,-0.345151,0.8675419,-0.8753044,0.19928616,0.44059873,-0.32496223,-0.9171455,-0.23074609
1356095552770,0.39887518,-0.2948936,0.8682951,-0.8648943,0.19366914,0.46308753,-0.3047235,-0.93569756,-0.17780197
1356095552810,0.4087811,-0.24197406,0.8799696,-0.86818475,0.19413692,0.45669034,-0.2813418,-0.9506626,-0.13071868
1356095552850,0.38087937,-0.18877873,0.90514827,-0.8882717,0.19709155,0.41488343,-0.25671825,-0.9620382,-0.092618704
1356095552890,0.30419886,-0.13574356,0.9428874,-0.92387944,0.19920872,0.32674566,-0.232185,-0.97051,-0.06481159
1356095552930,0.16601509,-0.08185136,0.9827204,-0.9637487,0.197613,0.17926943,-0.20887181,-0.97685695,-0.04607743
1356095552971,-0.039990246,-0.025986165,0.99886215,-0.9809202,0.19136226,-0.034293473,-0.19025338,-0.9811755,-0.033142984
1356095553014,-0.27811098,0.028409004,0.9601288,-0.94317645,0.18116844,-0.2785611,-0.18185866,-0.98304164,-0.023590207
1356095553052,-0.4848718,0.07598594,0.87127805,-0.85471237,0.16999298,-0.49047837,-0.18538061,-0.9825113,-0.017478704
1356095553092,-0.61804867,0.11334601,0.7779258,-0.7603216,0.16533512,-0.6281523,-0.199817,-0.97970253,-0.016005695
1356095553132,-0.69145054,0.14187577,0.7083554,-0.6881151,0.16923672,-0.7055895,-0.2199858,-0.97531027,-0.019391894
1356095553170,-0.72408867,0.16212247,0.6703819,-0.6458377,0.18173772,-0.74152887,-0.24205217,-0.9698906,-0.026889384
1356095553210,-0.7265512,0.17345497,0.66485846,-0.6341256,0.20333707,-0.74601525,-0.26459038,-0.96362203,-0.037742496
1356095553250,-0.70185906,0.17352267,0.6908573,-0.65162855,0.23532462,-0.721112,-0.287705,-0.95630133,-0.052092373
1356095553290,-0.6496103,0.15743706,0.74378765,-0.6934663,0.27830344,-0.66456884,-0.3116264,-0.94750243,-0.071611464
1356095553330,-0.5756445,0.11915338,0.8089722,-0.745621,0.32965106,-0.5791196,-0.33568257,-0.93655366,-0.10091859
1356095553370,-0.49795133,0.05501458,0.86545825,-0.7905513,0.3814345,-0.47909945,-0.35647312,-0.9227573,-0.14644396
1356095553410,-0.4447824,-0.03032419,0.89512515,-0.81659985,0.42423722,-0.3913917,-0.36787677,-0.9050432,-0.21345603
1356095553450,-0.42470866,-0.1263113,0.8964753,-0.8285381,0.45333695,-0.32864898,-0.36489332,-0.88234407,-0.2971899
1356095553490,-0.4151023,-0.22056714,0.8826325,-0.83961856,0.46646202,-0.27830544,-0.3503295,-0.8565999,-0.37882167
1356095553530,-0.3848666,-0.30421215,0.871397,-0.8607529,0.45907414,-0.21989873,-0.33313993,-0.83468914,-0.43853378
1356095553570,-0.31189942,-0.37350333,0.8736212,-0.89429605,0.42592943,-0.1371812,-0.32086337,-0.8240627,-0.4668697
1356095553610,-0.19156742,-0.42419192,0.8850781,-0.9292263,0.36870372,-0.024414092,-0.31597534,-0.8271147,-0.4648019
1356095553650,-0.03925927,-0.4500081,0.89216113,-0.9475693,0.30013388,0.109690726,-0.3171295,-0.8410781,-0.4381969
1356095553690,0.11634761,-0.44856286,0.88614595,-0.93990254,0.23863804,0.24420306,-0.32100856,-0.8613032,-0.39384037
1356095553730,0.25148368,-0.42446753,0.869818,-0.91204715,0.19684511,0.35975266,-0.32392266,-0.8837869,-0.33763105
1356095553770,0.3559535,-0.38530532,0.85137355,-0.8769072,0.17717642,0.44681352,-0.32300293,-0.9056204,-0.27481043
1356095553810,0.42780375,-0.33789214,0.8383393,-0.84648967,0.1754334,0.5026711,-0.31692135,-0.92469025,-0.21097115
1356095553850,0.46866158,-0.2869595,0.83547026,-0.82882714,0.18436143,0.5282579,-0.30561715,-0.9400347,-0.15143675
1356095553890,0.47787392,-0.23539141,0.8463023,-0.8292781,0.19685775,0.5230153,-0.2897145,-0.9517552,-0.10113174
1356095553930,0.45168808,-0.18436143,0.8729197,-0.8503398,0.20713815,0.483752,-0.27000022,-0.96078336,-0.06320807
1356095553970,0.38095534,-0.1332928,0.914935,-0.89072466,0.21246983,0.40182862,-0.24795696,-0.9680339,-0.03778568
1356095554013,0.24972007,-0.08044079,0.96497107,-0.9412937,0.21362564,0.26140067,-0.22716984,-0.9735981,-0.022371799
1356095554051,0.042876035,-0.023488104,0.9988042,-0.976004,0.21264228,0.0468978,-0.21348953,-0.97684777,-0.013807237
1356095554092,-0.2090083,0.033128053,0.9773526,-0.95493984,0.20844737,-0.21128076,-0.2107259,-0.97747236,-0.011931896
1356095554131,-0.43938577,0.08222866,0.8945271,-0.8717297,0.20136571,-0.44669822,-0.2168585,-0.9760586,-0.016796112
1356095554170,-0.5987704,0.117755085,0.792217,-0.7680242,0.19615382,-0.6096413,-0.22718477,-0.973477,-0.027012289
1356095554211,-0.69017017,0.14042518,0.70989144,-0.68322563,0.19682658,-0.70317984,-0.23846969,-0.9703299,-0.039901733
1356095554250,-0.7321599,0.1528418,0.6637629,-0.6335057,0.20519304,-0.7460337,-0.2502247,-0.9667136,-0.053407967
1356095554290,-0.73741615,0.15578264,0.6572284,-0.62202454,0.22261798,-0.75068414,-0.26325446,-0.96237886,-0.06726146
1356095554330,-0.7107304,0.14683889,0.68796855,-0.6461261,0.25046694,-0.72096276,-0.27817875,-0.95692456,-0.08313805
1356095554388,-0.6542337,0.12060055,0.7466148,-0.6965312,0.28853887,-0.6569547,-0.29465652,-0.9498425,-0.10476977
1356095554420,-0.59022045,0.070065975,0.80419564,-0.7443323,0.3383299,-0.5757624,-0.31242478,-0.9384155,-0.14753687
1356095554461,-0.50355816,-0.017524183,0.8637836,-0.8002286,0.38633683,-0.45866978,-0.3256736,-0.92219126,-0.20856643
1356095554498,-0.44939166,-0.11628935,0.8857335,-0.83001447,0.42098683,-0.3658496,-0.33033773,-0.89958143,-0.28570986
1356095554540,-0.4164241,-0.21373805,0.8836894,-0.8485564,0.4403274,-0.29336622,-0.3264091,-0.87202513,-0.36473173
1356095554580,-0.36906737,-0.30197674,0.87897635,-0.87288207,0.43739933,-0.21623775,-0.3191649,-0.8470489,-0.42501986
1356095554620,-0.2825685,-0.37542546,0.8827292,-0.906428,0.405649,-0.11763182,-0.3139162,-0.8333695,-0.4549197
1356095554660,-0.15120175,-0.42841047,0.8908437,-0.9377597,0.3471972,0.0078038275,-0.31264168,-0.8342173,-0.4542429
1356095554700,0.009660244,-0.45447695,0.89070606,-0.9493129,0.2757035,0.15097174,-0.31418395,-0.8470173,-0.42877752
1356095554740,0.17296591,-0.45170462,0.87524045,-0.932927,0.20978871,0.29263628,-0.3158007,-0.8671515,-0.3851211
1356095554780,0.31443447,-0.42574176,0.8484545,-0.8955927,0.16327149,0.413831,-0.31471363,-0.88999236,-0.32995307
1356095554820,0.42455035,-0.3852568,0.8193499,-0.8509935,0.1391924,0.5063947,-0.30913928,-0.9122514,-0.26875687
1356095554860,0.5016034,-0.33797544,0.7963458,-0.81189007,0.13393766,0.5682387,-0.29871136,-0.9315757,-0.20721531
1356095554900,0.5463784,-0.28965798,0.78585553,-0.7877573,0.14093283,0.599647,-0.2844454,-0.94669753,-0.15117756
1356095554940,0.56192553,-0.24306518,0.7906699,-0.7828211,0.15257424,0.60325134,-0.2672652,-0.95793545,-0.10454121
1356095555010,0.5481414,-0.19763368,0.8127004,-0.7994027,0.1619513,0.57855606,-0.24596009,-0.96680546,-0.06921667
1356095555023,0.4801013,-0.15016365,0.8642648,-0.8475653,0.17457241,0.5011562,-0.22613221,-0.97312653,-0.043461055
1356095555062,0.37214416,-0.10446805,0.92227715,-0.90428776,0.1831686,0.38563317,-0.20921856,-0.97751504,-0.026304007
1356095555101,0.19218975,-0.05546233,0.97978926,-0.96070695,0.1931076,0.19937778,-0.20026267,-0.9796088,-0.016169727
1356095555140,-0.059206843,-7.760227E-4,0.9982454,-0.9775959,0.2023918,-0.05782473,-0.20199186,-0.9793043,-0.012741625
1356095555180,-0.315467,0.053459823,0.9474294,-0.9248868,0.20603114,-0.31958652,-0.21228501,-0.97708404,-0.015551746
1356095555220,-0.50285417,0.09725031,0.858883,-0.8340306,0.20636493,-0.51167023,-0.22700337,-0.9736302,-0.022661686
1356095555260,-0.60856235,0.12707666,0.7832645,-0.7552365,0.21008903,-0.62087065,-0.24345347,-0.96938854,-0.031879365
1356095555300,-0.65106195,0.1434451,0.7453467,-0.7127814,0.22197133,-0.6653354,-0.2608847,-0.9644439,-0.04227209
1356095555340,-0.6455098,0.14556521,0.74975187,-0.7108035,0.2446453,-0.6594748,-0.27941984,-0.9586237,-0.054452658
1356095555380,-0.599791,0.12978676,0.7895607,-0.74211824,0.27872503,-0.6095677,-0.29918408,-0.9515607,-0.07085961
1356095555421,-0.5250121,0.091376185,0.8461753,-0.7888417,0.32100475,-0.5241037,-0.31951687,-0.9426592,-0.09645003
1356095555460,-0.44511995,0.028788328,0.8950081,-0.8293488,0.36368397,-0.42416328,-0.337711,-0.9310774,-0.1380074
1356095555500,-0.38718513,-0.053213567,0.9204651,-0.8534548,0.39842555,-0.33596423,-0.34885898,-0.91565573,-0.19967985
1356095555540,-0.35677963,-0.14554396,0.92278135,-0.86643815,0.4208697,-0.26861444,-0.3492755,-0.89536905,-0.27626258
1356095555580,-0.33155954,-0.23814657,0.91288257,-0.87962234,0.42785162,-0.20786434,-0.34107614,-0.8719112,-0.35133737
1356095555620,-0.28479028,-0.32183528,0.90294886,-0.8999013,0.4142908,-0.13616467,-0.33026078,-0.85134315,-0.407606
1356095555660,-0.20069575,-0.3897202,0.89879894,-0.92529726,0.37676913,-0.043245137,-0.3217862,-0.8403352,-0.43622297
1356095555700,-0.08016223,-0.4357602,0.8964859,-0.94483227,0.3197779,0.070951104,-0.31759405,-0.84134126,-0.43735445
1356095555740,0.06138915,-0.45577794,0.887974,-0.94652706,0.25572807,0.19669685,-0.31672993,-0.8525665,-0.41570723
1356095555780,0.2030474,-0.45028484,0.86949134,-0.92664754,0.19855279,0.31921953,-0.31637964,-0.87052876,-0.3769397
1356095555820,0.32851744,-0.42459303,0.84368074,-0.8908581,0.1574468,0.42612487,-0.31376448,-0.8915892,-0.32652813
1356095555860,0.42933527,-0.3861347,0.8164381,-0.849131,0.13535604,0.51054406,-0.30764863,-0.91245747,-0.26976588
1356095555900,0.50472736,-0.34124243,0.7929715,-0.8101748,0.12995529,0.5716014,-0.29810548,-0.9309485,-0.21087405
1356095555940,0.5536278,-0.2952692,0.77866066,-0.7821525,0.13663286,0.6079219,-0.2858913,-0.9455938,-0.15530181
1356095556013,0.5777225,-0.25129038,0.77658856,-0.7698656,0.14835048,0.6207246,-0.27118942,-0.95647544,-0.10775444
1356095556017,0.5766565,-0.21052524,0.7893962,-0.77602625,0.1609587,0.609816,-0.25544184,-0.9642466,-0.07055521
1356095556047,0.5580595,-0.17329976,0.81150275,-0.79490864,0.16895756,0.5827295,-0.23809642,-0.9702683,-0.0434691
1356095556091,0.5076473,-0.13721722,0.85056776,-0.8322603,0.1771904,0.52530587,-0.2227934,-0.97456396,-0.02425021
1356095556130,0.40578288,-0.099805385,0.9085038,-0.88821685,0.19123782,0.41773054,-0.21543205,-0.9764563,-0.0110477805
1356095556170,0.24415925,-0.058807284,0.9679504,-0.9447423,0.21072921,0.25110787,-0.21874243,-0.975774,-0.0041062236
1356095556210,0.046141088,-0.014948815,0.9988231,-0.9718367,0.23064291,0.04834637,-0.23109418,-0.97292364,-0.0038856864
1356095556250,-0.13010022,0.023863286,0.9912136,-0.95976305,0.2478843,-0.13193995,-0.24885482,-0.96849567,-0.009346724
1356095556290,-0.24103379,0.04866025,0.96929604,-0.932457,0.2653377,-0.24519351,-0.26912194,-0.96292686,-0.018581748
1356095556330,-0.27924696,0.05465871,0.9586624,-0.9152155,0.28691444,-0.28294998,-0.29051974,-0.95639557,-0.030095458
1356095556370,-0.25567028,0.039510995,0.9659563,-0.91474617,0.3134431,-0.25493687,-0.31284505,-0.94878465,-0.0439955
1356095556411,-0.18929926,0.0018860996,0.9819176,-0.92272985,0.34160104,-0.17854488,-0.33576083,-0.9398432,-0.062924445
1356095556450,-0.10988122,-0.056214213,0.99235374,-0.9274158,0.36492848,-0.082018584,-0.35752755,-0.9293369,-0.092232764
1356095556490,-0.05373165,-0.12933725,0.9901438,-0.9256781,0.3783113,-8.1655383E-4,-0.374477,-0.9165983,-0.14005196
1356095556530,-0.03143601,-0.21342096,0.9764545,-0.9236361,0.3795572,0.053223193,-0.38197926,-0.90021545,-0.20905507
1356095556570,-0.033154845,-0.30060425,0.9531725,-0.9251106,0.3701622,0.084560126,-0.37824756,-0.87898636,-0.2903648
1356095556610,-0.027577206,-0.38099828,0.9241644,-0.92974544,0.34935886,0.116283834,-0.36716893,-0.8560308,-0.36386573
1356095556651,0.014752269,-0.4451711,0.895324,-0.9346988,0.31188983,0.17047822,-0.35513446,-0.83937323,-0.4114998
1356095556690,0.10204781,-0.48622283,0.8678557,-0.9326472,0.25672477,0.2534984,-0.34605676,-0.8352722,-0.4272762
1356095556730,0.21982121,-0.50047255,0.8373803,-0.9141444,0.19403106,0.35593808,-0.34061503,-0.84372926,-0.41485208
1356095556770,0.3423937,-0.48989743,0.80172753,-0.87690777,0.13974863,0.45989466,-0.33734152,-0.8605062,-0.38174582
1356095556810,0.45112365,-0.46097705,0.7641908,-0.8277167,0.10408151,0.5514092,-0.3337251,-0.8812873,-0.33460477
1356095556850,0.5380704,-0.42096666,0.73025155,-0.7767532,0.088784754,0.62351567,-0.3273145,-0.9027205,-0.2792147
1356095556890,0.6018947,-0.3757202,0.70466805,-0.73302966,0.090164185,0.6741942,-0.31684422,-0.92233646,-0.22114474
1356095556930,0.6448173,-0.32890272,0.68995196,-0.70206344,0.10201803,0.70476896,-0.30218798,-0.93883723,-0.1651276
1356095556970,0.6682929,-0.2828169,0.6880401,-0.6876325,0.11800936,0.7164044,-0.28380638,-0.9518867,-0.11560926
1356095557009,0.67240554,-0.2385724,0.70068115,-0.69223166,0.13249263,0.7094089,-0.2620805,-0.9620441,-0.0760586
1356095557050,0.65346086,-0.19657326,0.730991,-0.71843886,0.14307886,0.68071586,-0.23839991,-0.96999353,-0.047729433
1356095557090,0.60640424,-0.15669557,0.7795642,-0.7656107,0.14970765,0.625642,-0.21474206,-0.9762346,-0.02918443
1356095557130,0.51421225,-0.11799422,0.8495076,-0.834972,0.1574578,0.52728426,-0.19597808,-0.9804511,-0.017555147
1356095557170,0.3524329,-0.07828522,0.932557,-0.9168995,0.17056926,0.36083442,-0.18731356,-0.98223096,-0.011665463
1356095557210,0.11398041,-0.034154803,0.9928957,-0.9751407,0.18731147,0.11838558,-0.19002423,-0.9817066,-0.011955917
1356095557269,-0.14502609,0.01175186,0.98935795,-0.96876776,0.20158595,-0.14440238,-0.20113763,-0.9794003,-0.01785034
1356095557291,-0.34200823,0.050074905,0.9383618,-0.91437125,0.21253675,-0.34460616,-0.2166925,-0.9758692,-0.026902258
1356095557331,-0.45072335,0.074981034,0.88950896,-0.8612459,0.22551209,-0.45541167,-0.23474225,-0.97135067,-0.03706646
1356095557368,-0.4847687,0.0847218,0.8705294,-0.83682716,0.24456781,-0.48980293,-0.2544005,-0.9659238,-0.047661304
1356095557411,-0.46303248,0.07765299,0.88293314,-0.84229594,0.27156806,-0.46560538,-0.27593207,-0.95928144,-0.06033802
1356095557450,-0.39948356,0.049319565,0.9154127,-0.86670685,0.3050568,-0.39466393,-0.29871756,-0.95105624,-0.07911956
1356095557490,-0.32081154,-0.0022337437,0.94714046,-0.8911812,0.3393536,-0.30105692,-0.320743,-0.94065624,-0.110859215
1356095557530,-0.2581704,-0.07467127,0.96320933,-0.90498805,0.36765972,-0.21406308,-0.3381489,-0.9269577,-0.16249543
1356095557570,-0.22825614,-0.16092774,0.960209,-0.9096563,0.3867797,-0.15141603,-0.34702232,-0.9080218,-0.2346738
1356095557610,-0.21778587,-0.25100324,0.9431685,-0.91230905,0.3957195,-0.1053482,-0.34678748,-0.8834045,-0.3151747
1356095557650,-0.19609666,-0.33427253,0.9218503,-0.91933453,0.38971984,-0.054245055,-0.34113073,-0.85812604,-0.383731
1356095557690,-0.13818485,-0.40283304,0.90478206,-0.93207186,0.36178923,0.018725485,-0.33488366,-0.84073424,-0.42546314
1356095557730,-0.03818944,-0.4509484,0.8917327,-0.94284797,0.31188026,0.117339045,-0.33102766,-0.83628714,-0.43708628
1356095557770,0.08994795,-0.47433364,0.87573797,-0.9397546,0.25075573,0.23234218,-0.329804,-0.8438775,-0.42320222
1356095557810,0.22473258,-0.4722526,0.85233366,-0.91713786,0.19297302,0.3487398,-0.32917067,-0.86008066,-0.3897534
1356095557850,0.34523427,-0.44942677,0.8239108,-0.8799989,0.15012527,0.45062667,-0.32621354,-0.8806123,-0.34366667
1356095557895,0.4430434,-0.41242772,0.79599994,-0.83788985,0.1252777,0.5312683,-0.3188308,-0.9023352,-0.29006553
1356095557930,0.51661277,-0.36707133,0.7735437,-0.7995766,0.11631313,0.58919317,-0.30624923,-0.92289215,-0.23341277
1356095557970,0.566734,-0.3179884,0.7600631,-0.7716707,0.11836773,0.6249107,-0.28868133,-0.94067657,-0.17829931
1356095558010,0.59532756,-0.26796904,0.75748116,-0.7580724,0.12512124,0.6400555,-0.26629204,-0.9552682,-0.1286518
1356095558049,0.59775686,-0.21974468,0.77097285,-0.7644261,0.1335131,0.6307352,-0.2415357,-0.96637803,-0.0881702
1356095558090,0.57557666,-0.17442918,0.798928,-0.78867024,0.13980496,0.59871006,-0.21612659,-0.97469425,-0.057098627
1356095558130,0.5145763,-0.13156277,0.84729123,-0.83500654,0.14769152,0.5300484,-0.19487238,-0.98024404,-0.033857226
1356095558170,0.391598,-0.08929145,0.91579366,-0.90164006,0.16131906,0.40127474,-0.18356538,-0.98285466,-0.017336547
1356095558210,0.1893825,-0.043708086,0.9809301,-0.96439755,0.1795209,0.19418976,-0.18458518,-0.9827827,-0.008153915
1356095558250,-0.05819848,0.0046641827,0.9982941,-0.9789833,0.19552323,-0.0579862,-0.19546017,-0.98068804,-0.0068130493
1356095558290,-0.2669444,0.045926124,0.962617,-0.9401406,0.2071569,-0.2705949,-0.2118401,-0.9772292,-0.012122393
1356095558330,-0.39014047,0.071643114,0.91796386,-0.8913663,0.22048783,-0.39604443,-0.23077372,-0.972755,-0.022160947
1356095558370,-0.4328075,0.07940787,0.89798224,-0.8658182,0.24080926,-0.43859977,-0.25107074,-0.9673186,-0.03547132
1356095558410,-0.41208094,0.06775007,0.90862495,-0.8693769,0.26924378,-0.41435683,-0.27271432,-0.9606861,-0.052049875
1356095558450,-0.34526238,0.034144223,0.9378849,-0.8906693,0.30306026,-0.33891407,-0.2958076,-0.95235956,-0.074224055
1356095558490,-0.26144025,-0.021802932,0.96497333,-0.9107592,0.33664063,-0.23914587,-0.31963515,-0.94138074,-0.10786867
1356095558530,-0.19138739,-0.09728658,0.97668123,-0.9204267,0.36335883,-0.14417002,-0.34085992,-0.92655575,-0.15908748
1356095558570,-0.1558964,-0.18422565,0.97044176,-0.9218056,0.38014582,-0.07591751,-0.35492343,-0.906394,-0.22908366
1356095558610,-0.14255975,-0.27369162,0.9511938,-0.921919,0.38644195,-0.026979387,-0.36019722,-0.8807698,-0.30741262
1356095558650,-0.12132275,-0.3562883,0.9264661,-0.9250814,0.3789714,0.02459851,-0.35986832,-0.8540722,-0.37557358
1356095558690,-0.06691289,-0.4242334,0.90307736,-0.9311764,0.35164833,0.09619692,-0.35837558,-0.83448756,-0.418566
1356095558730,0.027368903,-0.47126454,0.8815672,-0.93324167,0.3039726,0.19146967,-0.35820514,-0.8279556,-0.43148434
1356095558770,0.14888775,-0.4928298,0.85729295,-0.92127883,0.24585283,0.30133307,-0.35927385,-0.83467066,-0.4174292
1356095558810,0.27652478,-0.48855847,0.82755345,-0.8913099,0.1915794,0.41093063,-0.3593058,-0.8512391,-0.38248056
1356095558850,0.3926102,-0.4629556,0.7946882,-0.84834313,0.15142274,0.5073313,-0.35520577,-0.87335175,-0.3332951
1356095558890,0.48796397,-0.42278886,0.76363647,-0.80185306,0.12851512,0.5835371,-0.34485182,-0.89706933,-0.27630383
1356095558930,0.5593674,-0.3747239,0.739385,-0.76121604,0.12086129,0.6371364,-0.3281132,-0.91922504,-0.21763995
1356095558970,0.60620844,-0.32435578,0.7261575,-0.73383754,0.123849094,0.66794,-0.30658418,-0.93779254,-0.16294605
1356095559013,0.6295251,-0.27506053,0.7266634,-0.7240724,0.13152751,0.6770669,-0.28181058,-0.9523876,-0.11636388
1356095559052,0.6241765,-0.22916088,0.7469197,-0.73794854,0.14104503,0.65995336,-0.25658482,-0.9631156,-0.08107194
1356095559092,0.58780843,-0.18709299,0.78706896,-0.77493095,0.14914599,0.6141966,-0.23230007,-0.970954,-0.057314873
1356095559131,0.506302,-0.14642799,0.84983355,-0.8360882,0.15802787,0.5253415,-0.21122211,-0.9765173,-0.0424169
1356095559170,0.35787946,-0.10272813,0.9280999,-0.91277134,0.17110293,0.3709075,-0.19690326,-0.979883,-0.03253308
1356095559210,0.12465587,-0.0505639,0.99091077,-0.97324276,0.18806031,0.13202953,-0.1930269,-0.980855,-0.02576816
1356095559251,-0.15769124,0.009173036,0.9874459,-0.9669184,0.20160252,-0.15628588,-0.2005052,-0.9794245,-0.022921383
1356095559290,-0.3960982,0.06437102,0.915949,-0.8924463,0.2076469,-0.40052757,-0.21597633,-0.9760835,-0.024800897
1356095559330,-0.5425967,0.105082005,0.83339465,-0.80632186,0.21293348,-0.5518191,-0.23544386,-0.97139955,-0.030807078
1356095559370,-0.6111254,0.13015139,0.78076005,-0.74891883,0.22421199,-0.6235781,-0.2562153,-0.9658103,-0.039548755
1356095559410,-0.62344635,0.14011043,0.7692098,-0.7309463,0.24478799,-0.6370215,-0.2775467,-0.95939976,-0.050198972
1356095559450,-0.5902793,0.13286677,0.7961889,-0.74948704,0.27604443,-0.6017213,-0.29973227,-0.95191693,-0.06336141
1356095559490,-0.5185552,0.10364175,0.8487395,-0.79175645,0.31657803,-0.52239835,-0.32283458,-0.9428874,-0.08210415
1356095559530,-0.4277976,0.04938075,0.9025247,-0.8352854,0.35994217,-0.41562003,-0.34538034,-0.9316669,-0.11273539
1356095559570,-0.35192183,-0.02619356,0.9356628,-0.86264986,0.3970519,-0.31334487,-0.36329907,-0.9174223,-0.16232705
1356095559610,-0.32234418,-0.11222467,0.9399467,-0.8708787,0.42434597,-0.2479935,-0.37103158,-0.8985189,-0.23451948
1356095559650,-0.32533008,-0.1998877,0.92423224,-0.871582,0.4424712,-0.21110201,-0.3667494,-0.87422204,-0.3181677
1356095559690,-0.3228252,-0.2821131,0.90343577,-0.87720907,0.4475909,-0.1736857,-0.35537058,-0.84857213,-0.3919658
1356095559730,-0.27772856,-0.35612938,0.8922101,-0.8967973,0.42908686,-0.107884675,-0.34441474,-0.8300942,-0.43854553
1356095559770,-0.17648983,-0.4174903,0.8913772,-0.92455107,0.38103044,-0.0045966804,-0.3377228,-0.82493496,-0.45323908
1356095559810,-0.03206557,-0.45734626,0.8887105,-0.941726,0.31171495,0.1264357,-0.33484924,-0.8328675,-0.44069016
1356095559850,0.12504643,-0.46912268,0.8742353,-0.9344795,0.24035215,0.26263863,-0.33333406,-0.84979695,-0.40833026
1356095559890,0.26659143,-0.4549769,0.8496617,-0.9053811,0.18405724,0.38263297,-0.33047554,-0.87127435,-0.36285937
1356095559930,0.37922943,-0.42264006,0.82314056,-0.8666251,0.14951539,0.4760316,-0.3242622,-0.8938795,-0.30956984
1356095559970,0.4610045,-0.37979046,0.80201876,-0.83010185,0.13492799,0.541041,-0.31369698,-0.9151796,-0.25306237
1356095560013,0.51497495,-0.33148426,0.79051816,-0.8036409,0.13418281,0.5797899,-0.2982652,-0.93386996,-0.19729355
1356095560052,0.5371168,-0.28207785,0.794945,-0.79595727,0.14246002,0.58835125,-0.2792087,-0.9487556,-0.14800423
1356095560092,0.5311944,-0.23342344,0.8144606,-0.80745053,0.15169567,0.5700982,-0.2566244,-0.96046966,-0.107898
1356095560149,0.48531985,-0.1847693,0.8545906,-0.84300053,0.16044505,0.5134274,-0.2319805,-0.96959674,-0.077893466
1356095560171,0.37791383,-0.1337963,0.9161221,-0.90199614,0.16991611,0.39690238,-0.20876798,-0.97633356,-0.056470096
1356095560211,0.1726006,-0.07527587,0.98211133,-0.96598136,0.18201175,0.18371654,-0.19258523,-0.9804108,-0.04129976
1356095560248,-0.13660818,-0.0056189597,0.99060917,-0.9726443,0.19042206,-0.13305068,-0.18788624,-0.98168623,-0.031478465
1356095560291,-0.43803525,0.062145352,0.8968072,-0.8774733,0.18724144,-0.44156688,-0.19536081,-0.98034614,-0.027487516
1356095560331,-0.6273365,0.11277953,0.7705387,-0.7495556,0.18092942,-0.63673466,-0.21122375,-0.9770084,-0.028969169
1356095560370,-0.71683615,0.14624697,0.68173146,-0.65782875,0.18221825,-0.7307926,-0.2311001,-0.9723211,-0.034415126
1356095560410,-0.74603784,0.16657896,0.6447317,-0.6161062,0.19470227,-0.7632196,-0.25266707,-0.9666139,-0.04262495
1356095560450,-0.7335309,0.17368056,0.6570902,-0.62166506,0.21931452,-0.75195324,-0.27470908,-0.96007097,-0.052902877
1356095560490,-0.68264616,0.16369224,0.7121791,-0.66753066,0.25683808,-0.6988827,-0.29731637,-0.9524909,-0.06605995
1356095560530,-0.59150946,0.12905785,0.79590243,-0.73974395,0.30584192,-0.59936595,-0.32077318,-0.94329464,-0.08543861
1356095560570,-0.4691532,0.06295824,0.88086975,-0.8136023,0.35708484,-0.45884827,-0.3434335,-0.9319478,-0.11630452
