1356523994631,-0.5836637,0.07706806,0.80832994,-0.7986344,0.12536114,-0.58861506,-0.14669663,-0.98911333,-0.0116196275
1356523994664,-0.01135388,-0.010100424,0.9998846,-0.9891158,0.14681616,-0.009748548,-0.14670077,-0.98911226,-0.011657417
1356523994708,-0.011725724,-0.010294378,0.9998783,-0.9891083,0.1468435,-0.01008752,-0.14672175,-0.9891062,-0.01190412
1356523994751,-0.01309821,-0.01087302,0.9998551,-0.9890826,0.14692393,-0.011359334,-0.14677912,-0.98908806,-0.012678742
1356523994790,-0.016572893,-0.011999279,0.99979067,-0.9890137,0.14709878,-0.014628798,-0.14689246,-0.9890491,-0.014305294
1356523994830,-0.023507953,-0.013662308,0.99963033,-0.98884726,0.14741075,-0.021239638,-0.14706612,-0.988981,-0.016975284
1356523994870,-0.035081208,-0.015659988,0.99926174,-0.98847455,0.14788246,-0.03238499,-0.14726612,-0.988881,-0.020667374
1356523994913,-0.05130741,-0.017381817,0.99853164,-0.9877423,0.14847538,-0.04816842,-0.14742011,-0.98876333,-0.024786651
1356523994951,-0.07058811,-0.018751174,0.9973293,-0.986547,0.14910805,-0.06702158,-0.14745313,-0.98864305,-0.029024124
1356523994988,-0.091850966,-0.019539118,0.9955811,-0.9848162,0.1496906,-0.08791992,-0.14731127,-0.9885398,-0.032991707
1356523995031,-0.11260757,-0.019892871,0.9934404,-0.9827067,0.15013394,-0.10838464,-0.14699304,-0.98846555,-0.036455095
1356523995069,-0.13065797,-0.019749135,0.9912307,-0.9805292,0.15041006,-0.12625065,-0.14659774,-0.98842645,-0.039016902
1356523995111,-0.14415121,-0.018900633,0.9893751,-0.9786783,0.1505593,-0.1397165,-0.14631888,-0.98842025,-0.04020095
1356523995149,-0.15261602,-0.017518342,0.9881302,-0.97738487,0.15076745,-0.14828351,-0.14638016,-0.98841405,-0.040131688
1356523995191,-0.15664357,-0.01573205,0.98752993,-0.97663814,0.15139502,-0.15250406,-0.1471079,-0.9883481,-0.039079547
1356523995231,-0.15772226,-0.014138073,0.9873823,-0.9762399,0.15269163,-0.15375602,-0.14859116,-0.98817277,-0.03788501
1356523995269,-0.15749702,-0.013049334,0.9874333,-0.97593415,0.15477178,-0.15361753,-0.15082219,-0.98786414,-0.037111342
1356523995308,-0.15651554,-0.012286007,0.98759913,-0.97568053,0.1572879,-0.15266994,-0.1534617,-0.98747647,-0.03660524
1356523995351,-0.15415275,-0.011004567,0.98798573,-0.97562313,0.1597687,-0.1504443,-0.15619361,-0.9870932,-0.035365105
1356523995389,-0.14891952,-0.007988721,0.9888171,-0.97601056,0.16180182,-0.14568359,-0.15882853,-0.98679096,-0.03189248
1356523995430,-0.13919857,-0.002038926,0.9902624,-0.97703123,0.16321823,-0.13700265,-0.16134956,-0.9865878,-0.024711847
1356523995469,-0.12338999,0.007982254,0.99232626,-0.97874355,0.16409454,-0.12302101,-0.16381732,-0.9864124,-0.012435079
1356523995509,-0.100678444,0.0226928,0.99466014,-0.9809536,0.16465491,-0.10304764,-0.16611409,-0.9860902,0.0056833625
1356523995549,-0.070494175,0.042606622,0.99660194,-0.98330915,0.16502815,-0.076609164,-0.16773143,-0.98536825,0.030261934
1356523995590,-0.03382045,0.06741467,0.99715173,-0.9852885,0.16498482,-0.044572264,-0.16751972,-0.9839895,0.06084305
1356523995628,0.005844027,0.09550017,0.99541235,-0.9864332,0.16386315,-0.009929717,-0.16405973,-0.9818497,0.09516209
1356523995669,0.045508564,0.12576371,0.9910159,-0.986674,0.16079241,0.024904013,-0.15621582,-0.978943,0.1314052
1356523995706,0.081587285,0.15685993,0.9842451,-0.98613256,0.1559011,0.05689764,-0.14451998,-0.9752383,0.16740423
1356523995750,0.11461991,0.1890369,0.9752575,-0.98490053,0.14984137,0.08670914,-0.12974271,-0.9704703,0.20335737
1356523995789,0.14647815,0.2229901,0.96375287,-0.98274106,0.14407429,0.11602867,-0.112978816,-0.96411514,0.24024522
1356523995830,0.18085492,0.2596682,0.9486116,-0.9789028,0.14077258,0.14809564,-0.09508276,-0.95538247,0.27964935
1356523995869,0.22149041,0.29969954,0.9279666,-0.9721508,0.14259216,0.18598428,-0.07658133,-0.9433173,0.322936
1356523995910,0.26967797,0.3422476,0.90007794,-0.9612148,0.15177199,0.23028538,-0.057791978,-0.9272711,0.36990297
1356523995952,0.32517058,0.3858935,0.86333674,-0.944867,0.16985351,0.27995747,-0.038607,-0.9067723,0.4198494
1356523995987,0.384725,0.42836905,0.8176104,-0.9228339,0.19682357,0.33111635,-0.01908502,-0.88190734,0.47103637
1356523996022,0.43860668,0.46509105,0.7689698,-0.89867896,0.22755659,0.37495887,-5.941689E-4,-0.85551643,0.51777536
1356523996067,0.48099047,0.49421367,0.7241554,-0.8765696,0.2554971,0.40785658,0.016548693,-0.83094776,0.55610436
1356523996109,0.5036783,0.514179,0.69421047,-0.8633611,0.2714511,0.4253491,0.030261397,-0.8135934,0.58064616
1356523996151,0.5024735,0.5238157,0.6878499,-0.86375207,0.26905635,0.42607632,0.038115114,-0.80822384,0.58764064
1356523996189,0.47597596,0.5229322,0.7070989,-0.878644,0.24816492,0.4079203,0.037837505,-0.81544846,0.5775917
1356523996230,0.42127797,0.50784856,0.75140846,-0.90651745,0.210758,0.36579666,0.02740395,-0.83526695,0.54916126
1356523996275,0.34447294,0.47847682,0.80771184,-0.93875533,0.16752636,0.3011202,0.008766025,-0.8619715,0.50688094
1356523996308,0.24903023,0.43319303,0.86621463,-0.968327,0.12806189,0.21434313,-0.018077105,-0.8921569,0.4513638
1356523996349,0.14942068,0.3785177,0.9134538,-0.9874982,0.10403556,0.11842233,-0.05020669,-0.9197287,0.38933063
1356523996391,0.055366695,0.32055828,0.94560933,-0.9946617,0.10030329,0.024236321,-0.08707857,-0.94190323,0.32440048
1356523996428,-0.021288872,0.2679637,0.9631938,-0.99198824,0.11433303,-0.05373317,-0.12452343,-0.9566209,0.2633828
1356523996472,-0.07976484,0.2229344,0.97156465,-0.9837024,0.1399591,-0.112876266,-0.1611433,-0.96473396,0.20813727
1356523996510,-0.1170122,0.18710566,0.97534585,-0.9744221,0.16809607,-0.14914814,-0.19185826,-0.9678508,0.16265064
1356523996554,-0.13602567,0.16048232,0.9776208,-0.96702015,0.19297671,-0.16622898,-0.21533483,-0.9679904,0.12893987
1356523996601,-0.13345462,0.1430285,0.9806797,-0.9634867,0.21304649,-0.16218695,-0.23212773,-0.9665164,0.10937405
1356523996644,-0.1129829,0.1309976,0.9849236,-0.963051,0.22946396,-0.14099321,-0.24447429,-0.96446145,0.10023183
1356523996681,-0.083709925,0.123723894,0.98877954,-0.96403885,0.2411085,-0.111784756,-0.2522336,-0.9625794,0.09909147
1356523996716,-0.052455246,0.11491832,0.991989,-0.9655026,0.24787378,-0.07976991,-0.25505516,-0.9619524,0.09795159
1356523996760,-0.031335026,0.10463977,0.9940164,-0.9678047,0.24531755,-0.056333244,-0.24974433,-0.9637789,0.09358382
1356523996803,-0.023278505,0.09263474,0.995428,-0.9717408,0.23185626,-0.044301182,-0.23490006,-0.9683293,0.0846197
1356523996839,-0.028661817,0.08218482,0.99620485,-0.9759749,0.21304587,-0.04565561,-0.21598956,-0.9735795,0.07410407
1356523996879,-0.048737258,0.07253304,0.99617445,-0.9800894,0.18872973,-0.061692,-0.19248244,-0.97934675,0.06189066
1356523996918,-0.088492185,0.063642055,0.9940417,-0.9822546,0.16010025,-0.097693026,-0.16536376,-0.98504704,0.04834503
1356523996959,-0.14805901,0.054260373,0.987489,-0.97970605,0.12836301,-0.15394527,-0.13511026,-0.9902418,0.03415382
1356523997000,-0.22119653,0.04485336,0.97419715,-0.9698734,0.09443098,-0.22456253,-0.102066725,-0.9945204,0.0226143
1356523997039,-0.29277164,0.041454196,0.9552834,-0.95373976,0.05870557,-0.2948461,-0.06830311,-0.99741435,0.022349179
1356523997080,-0.33971626,0.056812763,0.93881047,-0.9397695,0.019574225,-0.34124786,-0.037763745,-0.99819297,0.046741247
1356523997119,-0.34429562,0.10381186,0.9331043,-0.93873465,-0.021742284,-0.3439542,-0.015418649,-0.99435925,0.10493761
1356523997160,-0.303582,0.18226409,0.93521,-0.95279837,-0.05433637,-0.29870173,-0.0036267042,-0.98174703,0.19015646
1356523997199,-0.24122578,0.26725674,0.9329437,-0.970469,-0.06652063,-0.23187256,9.050965E-5,-0.9613266,0.2754109
1356523997239,-0.18973517,0.33035403,0.9245901,-0.9818345,-0.062624216,-0.1791068,-0.0012668669,-0.9417772,0.33623505
1356523997281,-0.16841578,0.35941154,0.917856,-0.98569447,-0.05523902,-0.15923297,-0.0065287948,-0.9315429,0.36357298
1356523997319,-0.17604655,0.35824475,0.91687965,-0.9842645,-0.049680173,-0.1695737,-0.015198171,-0.932305,0.36135364
1356523997358,-0.2022022,0.33605385,0.91988146,-0.9789629,-0.043165088,-0.19941995,-0.027309,-0.940853,0.3377124
1356523997400,-0.2354753,0.30196837,0.9237784,-0.97091687,-0.030776441,-0.23743078,-0.04326597,-0.952821,0.30043325
1356523997438,-0.26475406,0.265107,0.9271589,-0.96230745,-0.010611236,-0.27175674,-0.062206328,-0.96416056,0.25792378
1356523997480,-0.28715485,0.22954458,0.92997384,-0.9542243,0.016237497,-0.29865074,-0.083654076,-0.97316265,0.21437436
1356523997519,-0.29973906,0.19832575,0.93317914,-0.9481149,0.04674959,-0.31447205,-0.10599363,-0.9790206,0.17402297
1356523997560,-0.30121452,0.17359439,0.9376219,-0.9449223,0.07768303,-0.3179423,-0.12803024,-0.9817487,0.14063394
1356523997598,-0.2894523,0.15715834,0.94420266,-0.9455037,0.10674226,-0.30761796,-0.14913106,-0.98178786,0.117697
1356523997639,-0.26429892,0.1491403,0.9528395,-0.94943255,0.13338119,-0.28423098,-0.16948113,-0.9797789,0.10634619
1356523997679,-0.2291854,0.14681491,0.96224713,-0.95501995,0.15719628,-0.25144827,-0.18817797,-0.9765935,0.10418409
1356523997715,-0.19145179,0.14560744,0.9706414,-0.960479,0.17579114,-0.21581802,-0.20205486,-0.97359943,0.10619736
1356523997760,-0.15949118,0.14175615,0.97696865,-0.96512806,0.18570441,-0.18450356,-0.20758197,-0.97232664,0.1071946
1356523997800,-0.13944763,0.1342014,0.9810935,-0.96897316,0.18569124,-0.16312513,-0.20407215,-0.9734006,0.10414332
1356523997838,-0.13491923,0.123897046,0.98307997,-0.9718313,0.176943,-0.15567553,-0.19323689,-0.9763917,0.096534014
1356523997880,-0.14776832,0.11260694,0.98259056,-0.97291917,0.16199738,-0.16487911,-0.17774358,-0.98034513,0.08561933
1356523997918,-0.17902792,0.10124877,0.9786203,-0.9708899,0.14270127,-0.19237775,-0.15912834,-0.98457354,0.072753906
1356523997960,-0.22832847,0.08931765,0.9694785,-0.9638586,0.119660676,-0.23802915,-0.13726866,-0.9887891,0.058767617
1356523997998,-0.2920177,0.07689622,0.9533167,-0.949859,0.09317285,-0.298474,-0.1117748,-0.9926761,0.045832336
1356523998040,-0.35936773,0.06711167,0.9307797,-0.9295268,0.06261915,-0.36339894,-0.082672924,-0.99577856,0.039878786
1356523998078,-0.41340548,0.06885582,0.9079399,-0.9090647,0.025663853,-0.41586393,-0.05193594,-0.9972965,0.051984727
1356523998120,-0.43397784,0.097132444,0.8956722,-0.90058357,-0.019459188,-0.4342473,-0.024750441,-0.9950813,0.09592074
1356523998158,-0.40648127,0.16359428,0.8988936,-0.9136257,-0.06437349,-0.40142754,-0.0078062713,-0.9844252,0.17563069
1356523998200,-0.33042407,0.26169407,0.90682757,-0.94382465,-0.08767146,-0.3186044,-0.003874004,-0.9611607,0.27596205
1356523998238,-0.2360735,0.3562478,0.90407795,-0.9716952,-0.07808906,-0.2229591,-0.00883013,-0.93112284,0.36459893
1356523998280,-0.16175288,0.41676316,0.8945079,-0.9866668,-0.05175644,-0.15430388,-0.01801163,-0.90754044,0.41957822
1356523998319,-0.12465042,0.4370494,0.8907581,-0.99176717,-0.028347492,-0.12487674,-0.029326499,-0.89899063,0.43698484
1356523998360,-0.11890864,0.42564985,0.8970413,-0.9920325,-0.0130598545,-0.12530339,-0.041620165,-0.90479374,0.4238114
1356523998400,-0.13516623,0.39106938,0.9103816,-0.98930275,-0.0023908615,-0.14585677,-0.054863453,-0.92035806,0.38720927
1356523998441,-0.16069335,0.342184,0.9257903,-0.9845739,0.010211885,-0.17467114,-0.06922373,-0.93957746,0.33526444
1356523998478,-0.18276036,0.2888105,0.93978035,-0.9795773,0.028009474,-0.19910744,-0.08382711,-0.95697653,0.27779314
1356523998520,-0.1993134,0.23495972,0.9513507,-0.97500646,0.04970467,-0.2165452,-0.09816599,-0.9707334,0.21918046
1356523998558,-0.20116687,0.18700495,0.961541,-0.9732318,0.073215246,-0.21785197,-0.11113888,-0.9796268,0.16727066
1356523998601,-0.18670416,0.14909613,0.97103643,-0.97453475,0.09684253,-0.20224637,-0.12419173,-0.98406905,0.12721848
1356523998638,-0.15234393,0.12268627,0.98068315,-0.97845185,0.12120068,-0.16715983,-0.13936764,-0.98501706,0.101578414
1356523998678,-0.10377544,0.10674626,0.98885584,-0.9818314,0.14780897,-0.118994206,-0.15886393,-0.98323834,0.08946788
1356523998715,-0.049969673,0.09488568,0.99423313,-0.9825218,0.17405677,-0.065992445,-0.1793147,-0.98015344,0.08452976
1356523998760,-0.0026875734,0.082283646,0.99660534,-0.9808419,0.19391054,-0.018655092,-0.19478732,-0.9775623,0.08018607
1356523998809,0.03068769,0.06657353,0.99730957,-0.97979975,0.19927055,0.016847014,-0.19761291,-0.97768056,0.07134384
1356523998852,0.0502986,0.051521987,0.99740434,-0.9807377,0.19127753,0.039577454,-0.18874192,-0.98018277,0.060150504
1356523998899,0.051702738,0.03785196,0.99794483,-0.9844309,0.17003167,0.04455325,-0.16799578,-0.9847113,0.046053767
1356523998938,0.03061527,0.0264965,0.99918,-0.98925626,0.14377022,0.026498705,-0.14295024,-0.9892564,0.030613363
1356523998979,-0.00938797,0.014033288,0.9998574,-0.99340856,0.114104986,-0.010928899,-0.11424205,-0.9933696,0.0128695965
1356523999018,-0.065463126,6.379485E-4,0.9978547,-0.9944757,0.082187,-0.06529403,-0.08205232,-0.9966167,-0.004745841
1356523999059,-0.12474042,-0.00739038,0.99216187,-0.99109674,0.047845364,-0.124250114,-0.04655215,-0.9988274,-0.013292849
1356523999098,-0.1651246,0.0037856996,0.98626554,-0.9862318,0.008487046,-0.16515145,-0.008995742,-0.99995685,0.0023320913
1356523999139,-0.16363513,0.050454795,0.98522985,-0.98615664,-0.035503864,-0.16197085,0.026807219,-0.99809504,0.055565953
1356523999178,-0.10648209,0.14061606,0.9843214,-0.99277556,-0.07009417,-0.09738332,0.055301487,-0.9875799,0.14706394
1356523999219,-0.00841552,0.25442165,0.9670568,-0.99736327,-0.0718478,0.010223091,0.072081864,-0.96442086,0.25435537
1356523999260,0.08773416,0.35048312,0.93245065,-0.9932607,-0.04038924,0.108637005,0.07573637,-0.9356978,0.34457755
1356523999299,0.14767098,0.4040386,0.90274364,-0.9867466,-0.0018889308,0.16225764,0.0672636,-0.91473997,0.39840478
1356523999338,0.16476029,0.41625383,0.8941963,-0.98512113,0.02450633,0.17010584,0.04889366,-0.90891826,0.41409805
1356523999379,0.14814353,0.39747897,0.90557384,-0.98867714,0.03739661,0.14532423,0.023897916,-0.916849,0.39851838
1356523999418,0.110909164,0.3583145,0.9269897,-0.9938214,0.043996215,0.10189909,-0.004272133,-0.9325637,0.3609802
1356523999459,0.06464118,0.3074752,0.949358,-0.99736345,0.051347375,0.051279634,-0.032979876,-0.9501697,0.30998367
1356523999499,0.019088566,0.2521633,0.9674964,-0.9979974,0.06317234,0.0032253861,-0.060305685,-0.96562046,0.25286418
1356523999540,-0.018240273,0.19812483,0.98000705,-0.99622744,0.07957214,-0.034629017,-0.084842175,-0.9769416,0.19592592
1356523999578,-0.041454196,0.15016118,0.987792,-0.99351275,0.09858805,-0.056681365,-0.10589579,-0.98373365,0.14510018
1356523999619,-0.046226144,0.11210632,0.99262047,-0.99116063,0.11855286,-0.059547454,-0.12435365,-0.98659897,0.10563511
1356523999694,-0.031262606,0.085810035,0.9958209,-0.9892523,0.13972268,-0.043096364,-0.14283681,-0.9864655,0.080519736
1356523999697,8.785725E-5,0.069839865,0.99755824,-0.98658144,0.16287774,-0.01131624,-0.16327035,-0.9841714,0.06891698
1356523999736,0.039168596,0.05978015,0.9974427,-0.9821311,0.1861915,0.027408212,-0.18407688,-0.9806931,0.06600481
1356523999780,0.07646346,0.051258504,0.9957539,-0.9766812,0.20479059,0.06445685,-0.20061705,-0.97746277,0.06572223
1356523999818,0.10625833,0.042822987,0.993416,-0.9722613,0.21383458,0.09477788,-0.208368,-0.97593087,0.064356804
1356523999859,0.12618834,0.035269886,0.99137914,-0.9705242,0.21124035,0.11601853,-0.2053273,-0.9767976,0.060886383
1356523999899,0.13415456,0.029357672,0.99052554,-0.972044,0.19827068,0.12577507,-0.19269973,-0.9797076,0.055135846
1356523999941,0.12694526,0.02423516,0.99161357,-0.9768461,0.17661822,0.12073815,-0.17221087,-0.983981,0.046094894
1356523999978,0.101097375,0.01878497,0.99469924,-0.9838716,0.1501883,0.09716061,-0.14756706,-0.988479,0.033665597
1356524000020,0.05815819,0.011227876,0.9982442,-0.99123573,0.11945745,0.05640623,-0.118614376,-0.9927758,0.018076956
1356524000059,0.0031436086,0.0044952035,0.999985,-0.9963923,0.0848223,0.0027510524,-0.08480868,-0.996386,0.004745662
1356524000101,-0.046665967,0.008296549,0.99887604,-0.99791414,0.044264674,-0.046988696,-0.04460472,-0.9989853,0.0062136054
1356524000138,-0.0721516,0.034753352,0.99678797,-0.9973935,-0.0018966198,-0.07212934,-6.161332E-4,-0.99939406,0.034799635
1356524000181,-0.04360962,0.10316473,0.9937078,-0.9980988,-0.04786116,-0.03883347,0.04355383,-0.99351203,0.10505587
1356524000219,0.030348599,0.2027595,0.9787581,-0.9962324,-0.07345128,0.046106517,0.08123958,-0.9764698,0.19976646
1356524000261,0.124706924,0.3069353,0.9435247,-0.98644054,-0.06390244,0.15116706,0.10669199,-0.9495827,0.29480433
1356524000298,0.19410294,0.37718403,0.90556955,-0.97390676,-0.03657025,0.22398266,0.11759961,-0.925416,0.36024368
1356524000339,0.21626365,0.40078408,0.89028203,-0.96988255,-0.016472578,0.24301541,0.11206195,-0.91602445,0.38515103
1356524000388,0.19048792,0.37911868,0.9055294,-0.97755146,-0.01135087,0.2103908,0.09004167,-0.9252784,0.3684458
1356524000432,0.14776361,0.3350744,0.93053275,-0.9871479,-0.007937551,0.159612,0.060868025,-0.9421583,0.32959506
1356524000469,0.10462183,0.28506973,0.9527799,-0.99404097,4.899502E-4,0.10900593,0.030607492,-0.9585066,0.2834223
1356524000513,0.05810821,0.22947973,0.97157735,-0.99830824,0.015357137,0.056079686,-0.0020515323,-0.9731923,0.2299838
1356524000568,0.024454355,0.17887318,0.98356825,-0.9991846,0.035992026,0.018297076,-0.032127798,-0.98321366,0.17960748
1356524000606,-0.0040460825,0.13055545,0.99143267,-0.9980323,0.061508775,-0.012172729,-0.06257102,-0.98953116,0.13004968
1356524000631,-0.007163584,0.09286827,0.9956526,-0.9960082,0.087928236,-0.015367568,-0.088973105,-0.9917883,0.091867685
1356524000670,0.003884375,0.065635234,0.9978361,-0.99373186,0.11173618,-0.0034812987,-0.11172292,-0.99156797,0.065657794
1356524000702,0.029165119,0.05145642,0.99824923,-0.9906417,0.13470271,0.02199936,-0.13333482,-0.98954904,0.054903567
1356524000742,0.068484694,0.04608059,0.9965874,-0.9858377,0.15640375,0.06051418,-0.15308154,-0.9866177,0.05613917
1356524000795,0.11352435,0.044754565,0.99252665,-0.9793659,0.17315438,0.1042113,-0.16719636,-0.9838773,0.063488394
1356524000841,0.15486214,0.042033643,0.9870415,-0.9731864,0.17848781,0.14508736,-0.17007634,-0.9830439,0.06854755
1356524000878,0.18533,0.037832737,0.9819478,-0.9691498,0.17226407,0.17627755,-0.16248533,-0.9843241,0.06859121
1356524000920,0.20163283,0.0333142,0.9788945,-0.9686389,0.15494081,0.19424745,-0.14519954,-0.9873619,0.06351057
1356524000958,0.20126367,0.028852373,0.979112,-0.9720067,0.12958848,0.19598445,-0.121226996,-0.991148,0.054126173
1356524001000,0.18144265,0.023259401,0.9831264,-0.9789976,0.09877893,0.17834365,-0.09296402,-0.9948375,0.04069358
1356524001035,0.13995975,0.015149951,0.9900414,-0.9882064,0.06487292,0.1387077,-0.062125474,-0.9977786,0.024050832
1356524001077,0.08018345,0.0057916045,0.99676335,-0.9963514,0.02979058,0.079977214,-0.029230982,-0.99953943,0.008159131
1356524001131,0.023978949,0.011162311,0.9996501,-0.99966645,-0.009327054,0.024083465,0.0095926225,-0.99989414,0.010934949
1356524001168,-0.02379781,0.041590095,0.9988513,-0.99854374,-0.049377203,-0.021734506,0.048416466,-0.99791396,0.042704523
1356524001212,-0.0047163367,0.12460646,0.99219507,-0.9964241,-0.084290504,0.0058493316,0.08436149,-0.98861945,0.12455839
1356524001250,0.05850768,0.23728463,0.9696767,-0.9918529,-0.0962863,0.08340746,0.11315781,-0.9666566,0.22971794
1356524001292,0.13782656,0.34731534,0.9275645,-0.9818113,-0.07555574,0.17417803,0.13057747,-0.93469965,0.3305846
1356524001328,0.1869356,0.4163614,0.8897743,-0.972786,-0.047767878,0.22672835,0.13690352,-0.9079436,0.39610094
1356524001372,0.18835098,0.43686876,0.8795849,-0.97325766,-0.036893964,0.2267341,0.13150442,-0.89876837,0.4182369
1356524001408,0.16132945,0.42513254,0.8906375,-0.97968614,-0.039932787,0.19652095,0.11911312,-0.9042498,0.4100541
1356524001452,0.1050238,0.38279006,0.9178462,-0.9895469,-0.05149412,0.13470384,0.098827004,-0.92239904,0.37338072
1356524001496,0.044483483,0.32618183,0.94425976,-0.9962813,-0.05532831,0.066046566,0.07378754,-0.94368637,0.32250774
1356524001532,-0.012487471,0.2639343,0.9644598,-0.998913,-0.046613276,-1.7735362E-4,0.044909805,-0.9634137,0.2642295
1356524001568,-0.05535072,0.20569247,0.97705007,-0.9983488,-0.026456416,-0.0509876,0.015361518,-0.97825897,0.20681727
1356524001612,-0.08553958,0.15359095,0.98442507,-0.9962169,0.0020154715,-0.08687866,-0.015327841,-0.9881325,0.15283751
1356524001648,-0.09308535,0.11385599,0.9891269,-0.9946672,0.03367901,-0.0974834,-0.044411927,-0.99292624,0.1101138
1356524001689,-0.08013433,0.089191526,0.9927857,-0.9940189,0.06698507,-0.086251795,-0.0741947,-0.99375945,0.08329022
1356524001724,-0.047906935,0.076642245,0.99590707,-0.9934143,0.10023779,-0.055501133,-0.10408118,-0.99200726,0.071335435
1356524001772,-0.0050647557,0.07234946,0.9973665,-0.9911319,0.13207605,-0.014613986,-0.1327855,-0.9885957,0.0710389
1356524001819,0.039470106,0.06990573,0.9967724,-0.9874239,0.1555613,0.028190047,-0.15308854,-0.98534966,0.07516664
1356524001858,0.07676953,0.06536424,0.9949039,-0.98414564,0.1649825,0.06510016,-0.15988648,-0.9841281,0.076993585
1356524001900,0.10048273,0.059848428,0.9931371,-0.98321116,0.15878275,0.08990991,-0.15231204,-0.98549795,0.074798614
1356524001938,0.10803431,0.054058343,0.9926763,-0.98496914,0.14118862,0.099506766,-0.13477546,-0.9885057,0.06849903
1356524001980,0.0968104,0.04653743,0.9942143,-0.989226,0.11471391,0.09095517,-0.109817475,-0.992308,0.057141453
1356524002018,0.06383523,0.036195517,0.99730384,-0.99466825,0.083414465,0.060639143,-0.080994725,-0.99585736,0.041327298
1356524002061,0.012040764,0.022630662,0.99967134,-0.9987297,0.049190313,0.010915875,-0.04892707,-0.998533,0.023194194
1356524002100,-0.049597263,0.011362344,0.9987047,-0.99867165,0.013418078,-0.0497483,-0.013965964,-0.9998454,0.010681748
1356524002140,-0.102092564,0.014692843,0.99466646,-0.99449784,-0.025105178,-0.10170445,0.023476988,-0.9995768,0.017175078
1356524002178,-0.12241745,0.04885757,0.9912753,-0.99053144,-0.0685491,-0.11894703,0.0621396,-0.99645066,0.056786597
1356524002220,-0.09715152,0.12219602,0.9877397,-0.99037,-0.11022353,-0.08377418,0.098635286,-0.9863665,0.1317277
1356524002258,-0.034203768,0.22135031,0.9745943,-0.99122465,-0.132101,-0.004784614,0.12768584,-0.9662056,0.22392634
1356524002299,0.034457505,0.31195417,0.9494721,-0.98898053,-0.12622434,0.077363044,0.1439802,-0.9416752,0.30416715
1356524002338,0.076476574,0.36617765,0.927397,-0.9864688,-0.107494,0.12379125,0.14501917,-0.92431545,0.35300207
1356524002379,0.08115572,0.37934682,0.92168856,-0.98794043,-0.091724455,0.12474108,0.13186145,-0.92069685,0.36732805
1356524002419,0.056331933,0.3606824,0.93098605,-0.9925463,-0.08069891,0.09132114,0.10806754,-0.929191,0.35344812
1356524002460,0.015621901,0.3219896,0.94661427,-0.99688405,-0.06819272,0.039647162,0.07731816,-0.9442841,0.31992102
1356524002498,-0.02786076,0.27412158,0.9612913,-0.9987027,-0.04863727,-0.015075743,0.04262206,-0.9604643,0.2751211
1356524002540,-0.06569797,0.22465762,0.97222054,-0.9978193,-0.020991981,-0.06257707,0.006350398,-0.97421163,0.22554684
1356524002578,-0.09325409,0.17841274,0.97952676,-0.99521106,0.012249589,-0.096978486,-0.029300958,-0.9838795,0.17641604
1356524002620,-0.10661185,0.1394481,0.9844736,-0.9923186,0.04756522,-0.11419895,-0.06275156,-0.9890864,0.1333059
1356524002659,-0.10224259,0.11111227,0.9885345,-0.9902891,0.08273673,-0.11172378,-0.09420198,-0.9903579,0.10157406
1356524002698,-0.078912616,0.09462932,0.99238,-0.98895323,0.11786926,-0.08987963,-0.12547639,-0.98851,0.08428264
1356524002735,-0.04072967,0.0868797,0.9953859,-0.98686004,0.15239897,-0.053682536,-0.1563597,-0.984493,0.079530895
1356524002779,0.0028515458,0.08254179,0.9965835,-0.9829836,0.18327641,-0.012367219,-0.18367106,-0.97959006,0.08165985
1356524002819,0.042301,0.07682115,0.9961471,-0.9784501,0.20487136,0.02575016,-0.2021038,-0.9757695,0.08383191
1356524002860,0.071389884,0.06854847,0.99509025,-0.97548354,0.21300879,0.055309832,-0.20817158,-0.9746427,0.08207458
1356524002898,0.08705616,0.058906734,0.9944602,-0.9754688,0.2076484,0.07309365,-0.2021924,-0.9764283,0.075538754
1356524002940,0.08671504,0.04890421,0.9950321,-0.9785739,0.19140625,0.075873435,-0.18674484,-0.9802918,0.06445414
1356524002979,0.067872375,0.038844466,0.99693763,-0.9838052,0.16875711,0.0604029,-0.16589406,-0.984892,0.049669325
1356524003020,0.029186904,0.026632667,0.9992192,-0.9896395,0.14135635,0.02513951,-0.14057651,-0.9896005,0.030482471
1356524003059,-0.02870509,0.011877388,0.9995173,-0.9934236,0.11053899,-0.029843658,-0.11084008,-0.99380076,0.008626223
1356524003101,-0.09493923,-0.0011653602,0.99548244,-0.9927138,0.07464957,-0.0945878,-0.07420209,-0.9972092,-0.008244038
1356524003138,-0.15049052,-0.0011072755,0.98861086,-0.98815364,0.030599236,-0.15038666,-0.030084223,-0.99953115,-0.0056990385
1356524003180,-0.16827208,0.029191315,0.98530823,-0.98552984,-0.025647521,-0.16755015,0.020379722,-0.99924475,0.03308469
1356524003219,-0.13283879,0.10112542,0.98596525,-0.9886598,-0.08381754,-0.12460506,0.070040464,-0.9913366,0.11111286
1356524003258,-0.05387622,0.20169944,0.9779645,-0.99263495,-0.11724001,-0.030504376,0.10850385,-0.9724053,0.20653045
1356524003299,0.031006455,0.29374838,0.9553797,-0.99123645,-0.11376041,0.06714779,0.12840903,-0.9490892,0.28764683
1356524003339,0.08529419,0.34776044,0.9336957,-0.98811984,-0.09071779,0.12405425,0.127844,-0.9331843,0.3358913
1356524003379,0.09995884,0.36056885,0.927361,-0.9888537,-0.06736499,0.13277933,0.11034775,-0.9302968,0.34981608
1356524003422,0.080468714,0.33946168,0.9371716,-0.99358594,-0.047623217,0.102562726,0.07944724,-0.9394136,0.3334521
1356524003458,0.051896393,0.304272,0.95117044,-0.9976321,-0.027248204,0.06314781,0.045131773,-0.9521954,0.30213746
1356524003502,0.014407754,0.25786772,0.9660728,-0.99986434,-0.004003644,0.015980393,0.0079886615,-0.966172,0.25777507
1356524003538,-0.016608953,0.21137425,0.97726405,-0.9995065,0.02255094,-0.021864533,-0.026659846,-0.97714496,0.21089545
1356524003582,-0.044064105,0.16546467,0.9852308,-0.99728715,0.050920606,-0.053155184,-0.058963865,-0.98490024,0.162772
1356524003618,-0.058437526,0.12643039,0.9902526,-0.9945228,0.07873297,-0.06874177,-0.08665654,-0.98884594,0.12113696
1356524003697,-0.058703065,0.0979459,0.9934589,-0.99211943,0.104625285,-0.06893897,-0.110693276,-0.98967683,0.09103221
1356524003699,-0.040990293,0.080581605,0.9959047,-0.9904247,0.12823182,-0.051140398,-0.13182756,-0.98846495,0.07455385
1356524003736,-0.00841561,0.07455045,0.9971817,-0.9883631,0.15084293,-0.019618392,-0.15188032,-0.9857427,0.072413504
1356524003779,0.031985134,0.0730266,0.996817,-0.985056,0.17117593,0.019067466,-0.16923866,-0.9825304,0.07741034
1356524003820,0.07002589,0.0710848,0.9950093,-0.98097306,0.18596682,0.055752367,-0.18107557,-0.9799813,0.08275473
1356524003869,0.09784597,0.06449616,0.99310946,-0.97822845,0.18974566,0.084057,-0.1830169,-0.9797126,0.08165783
1356524003911,0.11255962,0.055410534,0.9920988,-0.9777591,0.18399864,0.10065603,-0.1769675,-0.9813634,0.074888945
1356524003949,0.11166605,0.044923067,0.9927299,-0.9801924,0.16940525,0.102589905,-0.16356504,-0.98452216,0.062950075
1356524003988,0.09304002,0.03324148,0.9951073,-0.985188,0.14766225,0.08717996,-0.14404178,-0.9884791,0.04648763
1356524004029,0.05524707,0.019451022,0.99828327,-0.9913126,0.1205892,0.052511662,-0.119360715,-0.99251187,0.025944293
1356524004068,3.399849E-4,0.003494531,0.9999938,-0.9959464,0.08994776,2.4229288E-5,-0.089947104,-0.9959403,0.0035110116
1356524004109,-0.0623371,-0.011126101,0.9979931,-0.99658173,0.055008233,-0.061635643,-0.054212064,-0.99842393,-0.014517069
1356524004148,-0.11629212,-0.014459938,0.9931098,-0.9931462,0.013467789,-0.11610025,-0.011696219,-0.9998048,-0.015927076
1356524004190,-0.13589793,0.010798395,0.990664,-0.99005085,-0.038303494,-0.1353963,0.036483884,-0.9992078,0.01589638
1356524004228,-0.1055882,0.07564381,0.99152875,-0.99087214,-0.09203732,-0.098496675,0.08380702,-0.9928782,0.08467141
1356524004268,-0.023027182,0.17713699,0.98391676,-0.9921899,-0.12473416,-7.64668E-4,0.12259257,-0.9762499,0.17862579
1356524004309,0.079060316,0.2813245,0.9563504,-0.9860674,-0.11877984,0.11645788,0.1463576,-0.95223314,0.26801413
1356524004351,0.1566295,0.35070074,0.92329633,-0.97595775,-0.08850652,0.19918093,0.15157065,-0.9322958,0.32840633
1356524004390,0.19677377,0.37840042,0.90448505,-0.9700712,-0.058727562,0.23561153,0.14227372,-0.9237771,0.35551935
1356524004429,0.19921595,0.36969748,0.90754426,-0.9725548,-0.039014578,0.22937936,0.12020847,-0.9283326,0.3517788
1356524004468,0.1799084,0.3374232,0.92400134,-0.97953534,-0.024719954,0.19974834,0.090241045,-0.9410284,0.32607067
1356524004509,0.15011191,0.2918976,0.94459635,-0.98707515,-0.009981513,0.15994695,0.05611664,-0.95639753,0.28662646
1356524004548,0.116969585,0.24043384,0.96359205,-0.9929261,0.008390605,0.11843678,0.020391136,-0.9706292,0.23971453
1356524004590,0.08554298,0.18860438,0.97832036,-0.9962263,0.030661285,0.08119768,-0.014682382,-0.98157436,0.19051552
1356524004628,0.061035693,0.14175019,0.98801893,-0.9970342,0.05514592,0.053680867,-0.046875894,-0.9883652,0.14469567
1356524004703,0.04838395,0.104501575,0.9933471,-0.99600697,0.079751074,0.04012364,-0.075027525,-0.991322,0.107943
1356524004707,0.05142212,0.07969341,0.9954922,-0.9937105,0.10337132,0.04305473,-0.09947419,-0.99144506,0.08450776
1356524004746,0.070233434,0.06703648,0.9952756,-0.9900714,0.12647161,0.061347753,-0.12176159,-0.9897026,0.07525346
1356524004789,0.09970534,0.06233126,0.99306273,-0.984804,0.14880979,0.08953583,-0.14219654,-0.9868994,0.07622126
1356524004830,0.13162553,0.06030509,0.98946357,-0.9784907,0.16784328,0.11993635,-0.15884209,-0.98396754,0.081100404
1356524004868,0.15888038,0.056992292,0.9856515,-0.97283375,0.17929807,0.14644691,-0.16837907,-0.98214257,0.083931
1356524004909,0.17735127,0.051569015,0.9827955,-0.96958685,0.180302,0.1655069,-0.1686649,-0.9822585,0.08197743
1356524004949,0.18482137,0.044882715,0.98174673,-0.9696744,0.1708759,0.17473671,-0.1599142,-0.98426974,0.07510316
1356524004990,0.17902392,0.037391096,0.9831339,-0.97325087,0.15297931,0.17140606,-0.14399004,-0.98752177,0.06377795
1356524005028,0.15775776,0.028559238,0.98706484,-0.9797561,0.12928796,0.15284893,-0.123250365,-0.9911958,0.048377246
1356524005070,0.12018469,0.016949415,0.99260676,-0.9879087,0.1006808,0.11789659,-0.09793815,-0.99477434,0.028844804
1356524005108,0.06933349,0.0048109293,0.99758196,-0.9952204,0.06926781,0.06883535,-0.06876913,-0.9975865,0.009590536
1356524005150,0.018699974,-6.323457E-4,0.999825,-0.99924713,0.033987254,0.018710703,-0.033993155,-0.9994221,3.695488E-6
1356524005188,-0.013712466,0.013888508,0.9998095,-0.9998777,-0.007713139,-0.01360625,0.007522702,-0.9998738,0.013992578
1356524005230,-0.0058352947,0.064346105,0.9979105,-0.9984392,-0.055804193,-0.0022400916,0.055543393,-0.99636614,0.06457132
1356524005268,0.04477179,0.14899895,0.9878232,-0.9935641,-0.09634471,0.059564173,0.10404652,-0.9841326,0.14372647
1356524005310,0.12206948,0.24777704,0.96109605,-0.98196846,-0.1106832,0.1532554,0.14435038,-0.9624738,0.22979817
1356524005349,0.18926567,0.3253038,0.92647505,-0.9674338,-0.099729,0.2326498,0.16807833,-0.94033587,0.29583466
1356524005391,0.21982092,0.36073187,0.9063947,-0.96033263,-0.083399296,0.26609385,0.17158115,-0.9289334,0.32808965
1356524005428,0.21775234,0.36031318,0.90706027,-0.96282244,-0.072923064,0.26010615,0.15986529,-0.92997664,0.33103848
1356524005471,0.18683678,0.3298676,0.92535377,-0.97311556,-0.066989005,0.22036037,0.13467827,-0.9416474,0.30848324
1356524005508,0.1485604,0.286729,0.9464228,-0.9835092,-0.0569849,0.17164609,0.103147715,-0.9563154,0.27353492
1356524005552,0.10623878,0.23545468,0.96606123,-0.9921905,-0.038755536,0.11855802,0.0653553,-0.97111225,0.2294986
1356524005588,0.07463914,0.18740231,0.97944343,-0.9968297,-0.013124764,0.078475356,0.027561426,-0.9821956,0.18582857
1356524005632,0.05037546,0.14299867,0.98844004,-0.99867475,0.017653942,0.048343092,-0.0105368495,-0.9895655,0.14369848
1356524005704,0.04127431,0.10700795,0.99340105,-0.9981451,0.048948705,0.036198705,-0.04475212,-0.9930525,0.1088298
1356524005708,0.04622385,0.081805974,0.9955757,-0.9961195,0.07849839,0.039798886,-0.07489532,-0.9935521,0.08511704
1356524005742,0.06692463,0.067256,0.99548876,-0.99268305,0.10499185,0.059642732,-0.1005069,-0.99219626,0.07379043
1356524005785,0.09943101,0.06238568,0.9930869,-0.9874549,0.12921867,0.09074965,-0.122663915,-0.9896518,0.07445136
1356524005829,0.13654065,0.061339587,0.98873365,-0.9805877,0.15015435,0.12610042,-0.14072767,-0.9867579,0.080651075
1356524005872,0.16992542,0.06003928,0.98362637,-0.9735826,0.16471127,0.15813658,-0.15251997,-0.9845128,0.086441785
1356524005908,0.19498956,0.05669087,0.97916555,-0.9682668,0.17024726,0.18296236,-0.15632796,-0.98376924,0.08808833
1356524005952,0.2084957,0.051447093,0.9766692,-0.96643883,0.1640828,0.19766855,-0.15008509,-0.9851041,0.08393103
1356524005988,0.20866057,0.046204507,0.97689605,-0.968211,0.15064934,0.19968018,-0.13794258,-0.98750687,0.076170295
1356524006032,0.19458139,0.039429605,0.9800936,-0.97362524,0.12911743,0.18810281,-0.1191304,-0.9908451,0.06351346
1356524006068,0.16199788,0.03181213,0.9862782,-0.9819378,0.10420248,0.157924,-0.09774873,-0.9940472,0.048118114
1356524006112,0.11482522,0.021121442,0.99316114,-0.9908199,0.074246496,0.11297557,-0.07135254,-0.9970162,0.02945292
1356524006149,0.055021375,0.011770457,0.9984158,-0.9976362,0.041873902,0.054484725,-0.041166306,-0.9990536,0.01404652
1356524006192,0.0042129755,0.014156759,0.9998909,-0.9999867,0.0030288696,0.0041704476,-0.0029695034,-0.9998952,0.014169335
1356524006229,-0.026212394,0.037588626,0.9989495,-0.9988146,-0.041987002,-0.024628967,0.041017085,-0.9984108,0.03864464
1356524006266,-0.0065035224,0.10179019,0.99478465,-0.9959818,-0.089517295,0.0026484132,0.089320004,-0.99077016,0.10196331
1356524006309,0.05574107,0.19579166,0.97906005,-0.9895267,-0.11993867,0.080322266,0.13315359,-0.9732833,0.18705556
1356524006353,0.13905627,0.2945337,0.94546986,-0.9765949,-0.11741477,0.18021122,0.1640904,-0.9484006,0.27131286
1356524006389,0.20439786,0.36130595,0.90976894,-0.9623982,-0.09569806,0.2542277,0.17891705,-0.92752355,0.3281597
1356524006431,0.22741038,0.38176352,0.8958466,-0.95797867,-0.07744658,0.2761863,0.17481813,-0.9210096,0.3481092
1356524006469,0.22518277,0.3715048,0.90070915,-0.96117103,-0.06664193,0.26778567,0.15950862,-0.92603624,0.34207305
1356524006524,0.19351935,0.3318947,0.92325306,-0.9721162,-0.06216675,0.22610933,0.13244012,-0.94126576,0.31060976
1356524006559,0.14656746,0.27356574,0.9506208,-0.98446345,-0.05359775,0.1672095,0.09669387,-0.96035886,0.26145977
1356524006598,0.107001245,0.2163907,0.9704256,-0.9924077,-0.03628844,0.117516816,0.060644746,-0.97563225,0.21086487
1356524006646,0.07420081,0.16420156,0.9836321,-0.9969186,-0.0129541755,0.07736561,0.02544573,-0.9863417,0.16273442
1356524006729,0.05143732,0.11975083,0.9914706,-0.99864435,0.014094055,0.05010721,-0.007973462,-0.9927039,0.120313436
1356524006732,0.042667508,0.08603001,0.99537843,-0.99831545,0.04287523,0.039087713,-0.03931433,-0.9953695,0.08771452
1356524006762,0.05446133,0.06716937,0.9962541,-0.9960615,0.073566884,0.04949075,-0.06996703,-0.9950257,0.07091141
1356524006805,0.08555105,0.059181303,0.9945746,-0.9915379,0.10288283,0.07916787,-0.09763938,-0.99293137,0.06748229
1356524006849,0.12480059,0.058009297,0.9904846,-0.98469305,0.12966445,0.116476834,-0.12167391,-0.98985964,0.07330355
1356524006888,0.16315761,0.056996435,0.98495233,-0.976768,0.14992192,0.15312636,-0.13893834,-0.98705363,0.0801332
1356524006932,0.19427559,0.054192692,0.97944885,-0.9700558,0.1589872,0.18361565,-0.14576918,-0.98579204,0.08345729
1356524006968,0.21687374,0.050319403,0.9749019,-0.9656606,0.1574088,0.20669332,-0.14305747,-0.98625076,0.08272934
1356524007012,0.22855282,0.046037138,0.9724424,-0.96491617,0.14330769,0.21999946,-0.12923035,-0.9886069,0.07717535
1356524007048,0.2256766,0.042230934,0.9732865,-0.96792626,0.122939765,0.21909937,-0.11040285,-0.99151516,0.06862104
1356524007092,0.20744646,0.0363293,0.9775716,-0.9744755,0.09533304,0.20324662,-0.08581105,-0.9947823,0.055178493
1356524007128,0.16976681,0.028713197,0.9850658,-0.9836987,0.06508067,0.16763422,-0.059295386,-0.9974668,0.039293677
1356524007172,0.12149015,0.02090317,0.9923725,-0.99219054,0.031011254,0.12081462,-0.028249294,-0.9993004,0.024507523
1356524007209,0.07001999,0.02147618,0.99731445,-0.997525,-0.004922837,0.07014078,0.006415993,-0.99975723,0.021078348
1356524007251,0.04701352,0.049937516,0.9976452,-0.99770105,-0.046454847,0.04934144,0.04880947,-0.99767137,0.047638685
1356524007289,0.058894873,0.11093673,0.9920808,-0.9936378,-0.0890522,0.06894541,0.095995516,-0.98982966,0.10498622
1356524007332,0.12214178,0.2118325,0.9696434,-0.98198855,-0.11610049,0.14906067,0.14415199,-0.97038525,0.19383636
1356524007369,0.20015329,0.31354,0.928241,-0.9628012,-0.11259103,0.24563625,0.18152836,-0.94287646,0.27934116
1356524007412,0.25977093,0.3848242,0.8856802,-0.94479084,-0.0884099,0.3155219,0.19972333,-0.91874593,0.340612
1356524007449,0.28929436,0.4168199,0.861725,-0.9359106,-0.065814435,0.34603432,0.20094788,-0.90660334,0.3710664
1356524007493,0.27836388,0.40644005,0.8702413,-0.94281423,-0.057326913,0.32835183,0.18334362,-0.91187716,0.36723977
1356524007548,0.25515175,0.376281,0.8906796,-0.95388556,-0.0526762,0.29551208,0.15811327,-0.92500687,0.34548867
1356524007575,0.20542783,0.31770077,0.9256704,-0.9713092,-0.049619853,0.23258626,0.11982444,-0.9468918,0.29839242
1356524007611,0.16832078,0.25917146,0.9510511,-0.9823041,-0.036293626,0.18374246,0.08213797,-0.9651491,0.2484763
1356524007643,0.14241678,0.20782942,0.96774185,-0.98860675,-0.018261433,0.14940909,0.048724025,-0.97799456,0.20286089
1356524007687,0.12143433,0.16134611,0.97939837,-0.9924388,0.001979947,0.12272504,0.017862022,-0.9868959,0.16036654
1356524007726,0.112276465,0.1224269,0.9861063,-0.9936223,0.024246842,0.110121876,-0.010428071,-0.9921813,0.12436843
1356524007768,0.118866414,0.093961984,0.9884543,-0.99229324,0.04633251,0.114923686,-0.034999073,-0.99449706,0.09874526
1356524007813,0.13849467,0.078017205,0.98728544,-0.9886515,0.06947583,0.1331962,-0.058200896,-0.9945282,0.086753875
1356524007860,0.17002231,0.07154375,0.98283976,-0.98207814,0.09461838,0.16300303,-0.08133286,-0.99293953,0.08634877
1356524007898,0.2026822,0.06668171,0.9769715,-0.97404206,0.11643165,0.19412753,-0.10080561,-0.9909576,0.088549495
1356524007940,0.22714779,0.060225964,0.97199625,-0.96719146,0.13055536,0.21793556,-0.113774,-0.9896101,0.08790538
1356524007978,0.24102789,0.051858127,0.9691317,-0.9633271,0.13411784,0.23240757,-0.117925644,-0.9896076,0.082282454
1356524008019,0.24360263,0.042863607,0.9689275,-0.96325994,0.12717563,0.2365517,-0.113084465,-0.9909536,0.07226911
1356524008059,0.2336232,0.034039438,0.97173125,-0.9670637,0.111981034,0.22857848,-0.10103482,-0.9931272,0.059079617
1356524008100,0.20881054,0.024263948,0.9776551,-0.9744034,0.09029743,0.20587501,-0.08328444,-0.9956192,0.042497903
1356524008139,0.16691053,0.012037516,0.98589855,-0.9840526,0.06439632,0.16581172,-0.061492264,-0.9978518,0.022594035
1356524008180,0.110201746,-0.002836436,0.9939052,-0.99327993,0.0352647,0.11023304,-0.035362393,-0.9993739,0.0010689199
1356524008218,0.046910137,-0.014349967,0.9987961,-0.9988897,0.0036834776,0.046967506,-0.0043530464,-0.9998903,-0.014161289
1356524008260,-0.004311681,-0.009408414,0.9999465,-0.999476,-0.03203988,-0.0046111345,0.032081515,-0.99944234,-0.009265333
1356524008298,-0.020436883,0.0290173,0.99936986,-0.99717057,-0.07291585,-0.018274754,0.072339624,-0.9969158,0.0304254
1356524008340,0.014602363,0.11037642,0.9937825,-0.9936386,-0.10939264,0.026750147,0.1116651,-0.9878513,0.1080769
1356524008380,0.093263745,0.21944445,0.9711571,-0.9851907,-0.12061542,0.12186593,0.1438793,-0.96814054,0.20494553
1356524008420,0.18115067,0.3180386,0.9306105,-0.96966124,-0.100171685,0.2229861,0.16413897,-0.94277096,0.2902435
1356524008458,0.24420476,0.37693107,0.8934691,-0.9544617,-0.069393694,0.2901507,0.17136791,-0.92363816,0.34282
