1356523453946,0.25400203,0.13210237,0.9581399,-0.9656532,-0.021433353,0.25894892,0.054743916,-0.99100435,0.12212092
1356523453988,0.29393533,0.13288599,0.9465428,-0.954256,-0.015924543,0.29856625,0.054748595,-0.9910034,0.12212649
1356523454030,0.29394537,0.13291594,0.9465356,-0.9542514,-0.015942097,0.29858017,0.054775864,-0.9909991,0.12214914
1356523454088,0.29390132,0.1330033,0.9465369,-0.95425874,-0.016032279,0.2985517,0.0548836,-0.9909859,0.1222077
1356523454112,0.29351252,0.13320383,0.9466293,-0.954363,-0.016298652,0.29820386,0.055150717,-0.99095464,0.12234098
1356523454147,0.29237902,0.1336816,0.94691277,-0.95468086,-0.016837656,0.2971547,0.055667907,-0.9908813,0.122700274
1356523454192,0.28998247,0.13459116,0.9475206,-0.9553657,-0.017686516,0.2948957,0.056448698,-0.99074334,0.12345502
1356523454232,0.28619733,0.13593706,0.94847894,-0.9564439,-0.018871278,0.29130542,0.057498246,-0.99053776,0.12461531
1356523454280,0.2804807,0.13726366,0.9499943,-0.9580606,-0.020533532,0.2858291,0.058740705,-0.99032176,0.12574762
1356523454333,0.27256444,0.13787842,0.952207,-0.960258,-0.022846848,0.27817714,0.060109556,-0.9901856,0.12617162
1356523454337,0.26294526,0.13770175,0.95493346,-0.96285355,-0.025558501,0.2688116,0.061422527,-0.9901439,0.12586617
1356523454364,0.2531289,0.13665813,0.9577319,-0.96539325,-0.028564394,0.25922966,0.062782824,-0.99020636,0.12469834
1356523454405,0.2513364,0.13488543,0.95845497,-0.9657469,-0.031062841,0.25762013,0.06452152,-0.9903742,0.12245795
1356523454449,0.23585224,0.13233456,0.96273637,-0.96949387,-0.036004305,0.2424568,0.06674805,-0.990551,0.11980584
1356523454490,0.22353056,0.13005918,0.96598065,-0.9722194,-0.040865093,0.23047623,0.06945053,-0.99066365,0.11731154
1356523454539,0.2146878,0.12838158,0.96820825,-0.97398937,-0.045427233,0.22199318,0.072482884,-0.9906838,0.11528969
1356523454567,0.21376675,0.12748614,0.96853036,-0.9739536,-0.04893285,0.22140464,0.07561892,-0.99063253,0.11370537
1356523454608,0.2095471,0.126288,0.9696089,-0.9746526,-0.05250424,0.21747556,0.078373104,-0.9906032,0.112084836
1356523454651,0.20611551,0.12409693,0.97062683,-0.9752354,-0.05524841,0.21415782,0.080201864,-0.9907309,0.10963613
1356523454700,0.20253795,0.120073706,0.9718851,-0.9759624,-0.056804538,0.21040568,0.080471754,-0.99113846,0.10568243
1356523454738,0.19781446,0.1134969,0.97364664,-0.97706425,-0.05705285,0.20515934,0.078834265,-0.9918989,0.099607915
1356523454780,0.19310689,0.10556662,0.97548217,-0.9782076,-0.056585133,0.19977006,0.07628685,-0.99280095,0.0923391
1356523454798,0.18314901,0.09200919,0.9787699,-0.9804388,-0.055905968,0.18871668,0.07208285,-0.9941875,0.07997033
1356523454840,0.1715436,0.07422888,0.9823762,-0.9828398,-0.05574459,0.17583674,0.06781426,-0.99568206,0.06339246
1356523454882,0.15708634,0.05126849,0.98625314,-0.9854852,-0.056947976,0.15992427,0.064364284,-0.9970598,0.04157865
1356523454927,0.14282149,0.024316818,0.9894496,-0.9878013,-0.059174597,0.14403784,0.062052816,-0.9979514,0.015568763
1356523454961,0.1355328,-0.0016800761,0.9907714,-0.9889315,-0.061167955,0.13517737,0.060376406,-0.99812603,-0.0099517405
1356523454992,0.12596071,-0.0323613,0.9915073,-0.990299,-0.06320888,0.12374413,0.05866754,-0.9974755,-0.04000923
1356523455030,0.12953505,-0.06324661,0.9895557,-0.98998463,-0.06474438,0.12545314,0.056133747,-0.9958956,-0.07099983
1356523455071,0.14169905,-0.0953643,0.98530555,-0.988556,-0.06566927,0.13581067,0.051752776,-0.99327403,-0.10357824
1356523455110,0.16653666,-0.12839246,0.9776405,-0.9850105,-0.066853315,0.15901232,0.0449425,-0.9894675,-0.1376015
1356523455154,0.20272723,-0.16276935,0.96561265,-0.978595,-0.06932834,0.19376644,0.03540504,-0.9842254,-0.17334002
1356523455200,0.25156406,-0.19479242,0.9480356,-0.96751714,-0.07593998,0.24113017,0.02502343,-0.9779003,-0.2075688
1356523455239,0.28985953,-0.23257613,0.9283802,-0.9570006,-0.08204484,0.27824172,0.01145643,-0.96911144,-0.246357
1356523455260,0.33494157,-0.27124712,0.9023521,-0.94223344,-0.09314372,0.32174605,-0.0032242835,-0.9579924,-0.2867758
1356523455300,0.37303486,-0.31216756,0.87372553,-0.9276352,-0.10682699,0.35788393,-0.018382281,-0.9440018,-0.3294278
1356523455343,0.40366203,-0.35381854,0.8437235,-0.91432226,-0.123009324,0.3858541,-0.03273648,-0.9271898,-0.37315837
1356523455387,0.42890644,-0.39105946,0.81431675,-0.90223664,-0.14072572,0.4076337,-0.044813663,-0.90954316,-0.4131863
1356523455401,0.44427866,-0.42520064,0.7885562,-0.89423364,-0.15699387,0.4191648,-0.054430604,-0.8913795,-0.4499777
1356523455440,0.44959742,-0.45849973,0.7665768,-0.8910907,-0.17084938,0.42043754,-0.061801314,-0.87211716,-0.48537835
1356523455492,0.45374876,-0.4847624,0.7477416,-0.8884783,-0.18141955,0.4215368,-0.06869024,-0.85562396,-0.5130198
1356523455535,0.47008184,-0.49298152,0.7321149,-0.8794426,-0.19126377,0.4358885,-0.07485795,-0.8487563,-0.5234586
1356523455577,0.5011034,-0.47952312,0.7203839,-0.86179096,-0.20070052,0.4658709,-0.07881439,-0.85426986,-0.5138204
1356523455619,0.54650325,-0.4423892,0.7110739,-0.83378917,-0.20804721,0.51138234,-0.078293115,-0.87235785,-0.48255777
1356523455650,0.588377,-0.39757302,0.7040939,-0.80516636,-0.20806676,0.5553515,-0.07429427,-0.8936688,-0.44253415
1356523455680,0.6397876,-0.32915547,0.69449866,-0.76607406,-0.20062268,0.61063987,-0.06166324,-0.9227173,-0.38051337
1356523455724,0.67891395,-0.25669095,0.6878848,-0.7329699,-0.18235222,0.65536463,-0.042788863,-0.94913507,-0.31194824
1356523455772,0.7174778,-0.16427785,0.6769331,-0.69654393,-0.15911832,0.6996485,-0.0072242618,-0.97349584,-0.2285906
1356523455816,0.7260622,-0.087914616,0.6819859,-0.6870011,-0.13511923,0.7139834,0.029379785,-0.9869214,-0.15850243
1356523455895,0.7297204,-0.009337217,0.6836819,-0.67903125,-0.12711388,0.7230206,0.08015448,-0.99184424,-0.09909785
1356523455913,0.7012662,0.04780051,0.7112951,-0.7020712,-0.12693338,0.7007025,0.123781025,-0.99075884,-0.05545474
1356523455950,0.66549546,0.089167684,0.7410566,-0.7290486,-0.13518877,0.6709784,0.16001213,-0.9867995,-0.024959922
1356523455984,0.6189575,0.114777386,0.7769927,-0.76245093,-0.14970902,0.6294884,0.18857393,-0.9820455,-0.005151354
1356523456023,0.55948603,0.12537795,0.819302,-0.80170494,-0.16899875,0.5733312,0.21034414,-0.9776092,0.005963683
1356523456075,0.48558018,0.12277064,0.8655282,-0.84426093,-0.1910015,0.5007413,0.2267935,-0.9738818,0.01090391
1356523456125,0.39946342,0.10971537,0.9101602,-0.8852453,-0.2118687,0.41406822,0.23826408,-0.9711201,0.0124911815
1356523456155,0.30485886,0.0908398,0.94805545,-0.92065984,-0.22672707,0.3177737,0.24381644,-0.96971273,0.014512882
1356523456188,0.21589172,0.07304436,0.9736814,-0.94612867,-0.230798,0.22709668,0.24131185,-0.9702561,0.019281954
1356523456227,0.1412105,0.06000182,0.98815954,-0.962667,-0.22452289,0.15120077,0.23093674,-0.9726198,0.026056767
1356523456277,0.09145099,0.055083394,0.9942849,-0.9735801,-0.2048462,0.10089511,0.2092331,-0.977243,0.034894705
1356523456329,0.08108431,0.060686707,0.994858,-0.98054373,-0.17417246,0.09054223,0.17877153,-0.9828434,0.045383304
1356523456371,0.11692268,0.07409486,0.99037313,-0.98224866,-0.13865918,0.12633729,0.14668524,-0.98756444,0.056567192
1356523456419,0.1789639,0.08778718,0.97993135,-0.977456,-0.097554505,0.1872513,0.11203495,-0.9913509,0.06834933
1356523456464,0.2581183,0.09292561,0.9616339,-0.96331877,-0.050897628,0.26348895,0.0734297,-0.99437135,0.07637933
1356523456509,0.33697185,0.07555199,0.93847847,-0.9410683,-0.0036644042,0.33819678,0.028990358,-0.99713516,0.06986478
1356523456555,0.38920867,0.014360011,0.9210377,-0.9207647,0.034968078,0.3885481,-0.026627392,-0.9992852,0.026832044
1356523456566,0.43041742,-0.0738816,0.8996012,-0.8984946,0.06022434,0.434834,-0.08630416,-0.9954469,-0.040460646
1356523456612,0.4257912,-0.19459078,0.88364935,-0.892514,0.07020332,0.4455223,-0.14872965,-0.978369,-0.14378303
1356523456646,0.40652046,-0.31590083,0.857291,-0.8908638,0.07116106,0.44866234,-0.20273855,-0.94611984,-0.25249618
1356523456686,0.4022169,-0.40391576,0.8216287,-0.8837794,0.063047945,0.46363658,-0.23907211,-0.91262096,-0.33161348
1356523456727,0.42725104,-0.44819173,0.78522646,-0.86691356,0.043545365,0.49655268,-0.25674376,-0.89287615,-0.36993867
1356523456793,0.46977985,-0.4616238,0.75246954,-0.84293985,0.018620789,0.5376855,-0.26222003,-0.8868804,-0.38037342
1356523456797,0.5262538,-0.44824255,0.72258955,-0.8105258,-0.0074824095,0.58565533,-0.25710893,-0.8938807,-0.36724976
1356523456817,0.5904844,-0.41221678,0.69383395,-0.7698605,-0.02973741,0.6375191,-0.24216329,-0.9106004,-0.3349089
1356523456859,0.6674327,-0.34357378,0.6606744,-0.7144139,-0.04509997,0.6982685,-0.21011032,-0.9380422,-0.27555507
1356523456938,0.72995394,-0.2631557,0.6308061,-0.6625248,-0.045555796,0.7476535,-0.16801241,-0.9636773,-0.20760082
1356523456961,0.77427846,-0.18128005,0.6063253,-0.6213554,-0.03602803,0.7827001,-0.1200432,-0.98277134,-0.14053506
1356523456972,0.7998296,-0.10442631,0.5910734,-0.5960757,-0.022571623,0.8026109,-0.07047224,-0.9942764,-0.08029945
1356523457013,0.8065299,-0.038565546,0.5899341,-0.590678,-0.01090914,0.8068336,-0.024680316,-0.9991965,-0.031578362
1356523457055,0.79659367,0.013417602,0.6043662,-0.60434383,-0.006121464,0.7967,0.014389455,-0.99989116,0.0032325312
1356523457086,0.77128017,0.051897317,0.6343766,-0.6348616,-0.008651108,0.77257746,0.04558277,-0.99861497,0.026275188
1356523457132,0.7351886,0.075359106,0.67366076,-0.6741348,-0.02279976,0.73825634,0.0709936,-0.9968958,0.034040064
1356523457165,0.6756586,0.086247474,0.7321522,-0.73172605,-0.042504266,0.6802723,0.08979136,-0.99536663,0.034391135
1356523457205,0.5987124,0.086111754,0.7963217,-0.79460704,-0.061153576,0.6040363,0.10071254,-0.9944069,0.03181161
1356523457249,0.5051341,0.07880938,0.8594351,-0.85688394,-0.07294008,0.51032317,0.10290548,-0.99421775,0.030685946
1356523457295,0.41155744,0.068742484,0.9087876,-0.90643823,-0.0728662,0.41600522,0.09481713,-0.99496984,0.03232217
1356523457341,0.33674288,0.06133321,0.939597,-0.9383849,-0.060489297,0.340257,0.07770458,-0.99628276,0.037184805
1356523457384,0.29858533,0.06061536,0.9524561,-0.9528695,-0.037247688,0.3010854,0.05372715,-0.997466,0.04663688
1356523457408,0.3062428,0.06599209,0.94966334,-0.95153606,-0.008318394,0.30742472,0.028187275,-0.9977855,0.06024638
1356523457451,0.34946704,0.073943645,0.93402636,-0.9369482,0.026510656,0.34846148,0.0010048449,-0.99691,0.07854596
1356523457493,0.42011252,0.074339,0.90442204,-0.90708137,0.0636442,0.41611654,-0.02662754,-0.9952001,0.09416923
1356523457536,0.48807704,0.055544555,0.87103134,-0.87095857,0.09579766,0.48192737,-0.0566743,-0.9938499,0.09513366
1356523457705,0.53843254,0.007856876,0.842632,-0.83763385,0.114136085,0.53417456,-0.091977775,-0.9934341,0.06803578
1356523457706,0.5573347,-0.07660872,0.82674617,-0.8190512,0.112536,0.5625752,-0.13613689,-0.9906901,-2.6255846E-5
1356523457707,0.5563612,-0.1827533,0.81059456,-0.8101493,0.097553894,0.5780498,-0.18471721,-0.978307,-0.093782276
1356523457742,0.548952,-0.28381386,0.78619426,-0.8041488,0.07727343,0.589384,-0.22802728,-0.95576066,-0.1858092
1356523457743,0.5621986,-0.3502221,0.74918437,-0.7866949,0.052891195,0.61507213,-0.2550371,-0.9351722,-0.24578258
1356523457770,0.59987044,-0.37417543,0.70721155,-0.7553787,0.02650857,0.6547521,-0.26373935,-0.926979,-0.26674247
1356523457847,0.64669085,-0.369434,0.6673151,-0.71685696,0.0045233406,0.69720566,-0.26058996,-0.92924595,-0.2619061
1356523457878,0.69361347,-0.34576857,0.631937,-0.6758964,-0.008994579,0.7369417,-0.24912725,-0.93827665,-0.23994246
1356523457879,0.7454474,-0.29688188,0.59679925,-0.62771857,-0.011483189,0.77835566,-0.2242265,-0.95484513,-0.1949184
1356523457909,0.78039294,-0.24542674,0.5751109,-0.5937792,-0.0025798082,0.80462384,-0.19599256,-0.96941173,-0.14774257
1356523457933,0.8055765,-0.19324823,0.5600907,-0.56900483,0.011188567,0.8222581,-0.16516656,-0.98108613,-0.100945935
1356523457964,0.82488954,-0.1349917,0.54893935,-0.5506168,0.027973145,0.8342893,-0.1279777,-0.9904518,-0.051253945
1356523458009,0.8269935,-0.08202566,0.55619556,-0.5544211,0.045135077,0.8310114,-0.0932682,-0.9956076,-0.008150339
1356523458040,0.8206794,-0.035548568,0.570282,-0.568038,0.057173938,0.82101405,-0.06179115,-0.9977312,0.02672854
1356523458066,0.80596244,0.0055927634,0.5919403,-0.59119576,0.0586209,0.80439496,-0.030201346,-0.9982647,0.050552636
1356523458124,0.7683487,0.03932926,0.63882196,-0.64003015,0.049203813,0.7667726,-0.0012758672,-0.9980141,0.06297761
1356523458145,0.7123101,0.06347355,0.69898885,-0.70137036,0.02699484,0.71228564,0.026342213,-0.9976183,0.06374718
1356523458183,0.62880576,0.07726231,0.7737143,-0.77594876,-0.0017208308,0.6307936,0.05006799,-0.9970093,0.05886951
1356523458217,0.5213144,0.08166185,0.84944844,-0.85070264,-0.028832734,0.524856,0.06735259,-0.996243,0.054439023
1356523458258,0.4055721,0.079344004,0.9106128,-0.910903,-0.04768327,0.40985608,0.07594064,-0.9957062,0.05293569
1356523458295,0.29410648,0.074934065,0.9528307,-0.952877,-0.05455482,0.29841116,0.07434264,-0.9956951,0.055358022
1356523458337,0.21060494,0.07391825,0.9747726,-0.9754559,-0.049672335,0.21451923,0.06427619,-0.9960264,0.061642766
1356523458406,0.17265394,0.08019549,0.9817124,-0.9838316,-0.034126967,0.17581439,0.047602475,-0.9961947,0.07300675
1356523458426,0.18677619,0.093236834,0.9779681,-0.98202705,-0.009800702,0.18848571,0.027158648,-0.9955957,0.08973056
1356523458489,0.2446287,0.108522475,0.9635245,-0.96961635,0.028286427,0.24298936,-8.8477135E-4,-0.9936914,0.11214492
1356523458532,0.33753306,0.10473153,0.93546927,-0.9406557,0.07467812,0.33104375,-0.035188407,-0.9916928,0.12372264
1356523458544,0.41819412,0.071798205,0.9055157,-0.90517753,0.11628246,0.40881792,-0.0759432,-0.99061775,0.11361879
1356523458606,0.45263433,-0.0022360384,0.8916934,-0.88236415,0.14317323,0.44825768,-0.12866896,-0.9896951,0.06283212
1356523458640,0.44139147,-0.12386182,0.8887248,-0.87558687,0.15718158,0.45677292,-0.19626784,-0.9797715,-0.03907314
1356523458749,0.4318381,-0.24855912,0.8670261,-0.86400056,0.16191,0.47674757,-0.25888014,-0.9549888,-0.14483628
1356523458751,0.4469864,-0.33468038,0.8295736,-0.8432526,0.15185556,0.515621,-0.29854363,-0.9300156,-0.21434271
1356523458783,0.5054393,-0.36951578,0.77973664,-0.80534625,0.122379124,0.5800352,-0.30975568,-0.92113054,-0.23573297
1356523458818,0.5731193,-0.3681871,0.73210144,-0.76130915,0.0913437,0.64192265,-0.3032205,-0.9252538,-0.22795337
1356523458887,0.6486652,-0.33157277,0.6850496,-0.7084061,0.06597653,0.70271456,-0.27819818,-0.9411198,-0.1920915
1356523458889,0.70580536,-0.28538245,0.6483792,-0.66339445,0.05478042,0.7462619,-0.24848852,-0.9568469,-0.1506568
1356523458919,0.7553057,-0.22756319,0.61459607,-0.6205995,0.053061213,0.78233033,-0.2106408,-0.97231656,-0.10114816
1356523458942,0.78781384,-0.16769138,0.5926457,-0.59187233,0.060090456,0.80378866,-0.17040078,-0.9840064,-0.0519118
1356523458972,0.80596006,-0.1109454,0.5814805,-0.5772583,0.07033181,0.8135271,-0.13115367,-0.9913348,-0.0073595196
1356523459014,0.81408334,-0.05613458,0.57802874,-0.5735873,0.07810038,0.81541276,-0.09091711,-0.99536383,0.03138215
1356523459059,0.80408394,-0.007324487,0.59447074,-0.59219754,0.07835159,0.8019745,-0.05245176,-0.99689883,0.058663704
1356523459110,0.7740988,0.03183478,0.63226384,-0.6328359,0.06576473,0.77148795,-0.017020524,-0.9973272,0.071054585
1356523459133,0.72089946,0.06045863,0.6903975,-0.69291866,0.04426746,0.7196555,0.0129472315,-0.99718857,0.073805295
1356523459169,0.646589,0.07391086,0.75924957,-0.7618246,0.011263773,0.6476854,0.03931895,-0.9972013,0.063590154
1356523459210,0.5322576,0.07463026,0.8432865,-0.8445742,-0.021760762,0.53499615,0.058277458,-0.9969739,0.051448464
1356523459249,0.39270896,0.06539366,0.9173349,-0.91714776,-0.04587078,0.39589885,0.06796813,-0.9968047,0.04196176
1356523459290,0.2500671,0.053018123,0.9667758,-0.9657912,-0.0571447,0.2529463,0.06865689,-0.9969572,0.036914438
1356523459316,0.1359744,0.043901265,0.9897392,-0.9886758,-0.058010697,0.13840151,0.06349146,-0.9973502,0.035516173
1356523459359,0.06813645,0.043474823,0.9967283,-0.99645126,-0.046523094,0.07014674,0.049420446,-0.99797076,0.040150613
1356523459400,0.06770581,0.051872015,0.99635595,-0.99720144,-0.028216302,0.069232225,0.031704724,-0.998255,0.04981646
1356523459440,0.12222758,0.06634313,0.9902823,-0.9924434,-0.0026828945,0.12267405,0.010795355,-0.99779326,0.06551385
1356523459487,0.22411522,0.07842824,0.97140175,-0.974473,0.031550318,0.22227648,-0.013215244,-0.9964204,0.08349711
1356523459534,0.34550634,0.07754311,0.9352071,-0.9376079,0.06988296,0.34059888,-0.038943857,-0.9945367,0.09685013
1356523459624,0.42138192,0.043431938,0.90584266,-0.90359044,0.105148345,0.41529274,-0.07721087,-0.9935076,0.0835523
1356523459625,0.46574593,-0.046631962,0.883689,-0.87477565,0.1264999,0.46772355,-0.13359743,-0.99086994,0.018124312
1356523459645,0.50086653,-0.16035798,0.85053986,-0.8437606,0.12852034,0.5211053,-0.19287509,-0.9786562,-0.07093218
1356523459685,0.5081055,-0.2698466,0.8179313,-0.8257792,0.117265165,0.55166805,-0.24478057,-0.95573616,-0.16325063
1356523459750,0.523034,-0.34614074,0.7788595,-0.80592144,0.09651837,0.5841018,-0.27735576,-0.93320465,-0.22847989
1356523459828,0.55774677,-0.38255745,0.7365925,-0.77745014,0.06999627,0.62503755,-0.29067153,-0.92127657,-0.25837916
1356523459829,0.6100479,-0.38133055,0.6945708,-0.7387007,0.043400228,0.67263496,-0.2866408,-0.9234195,-0.25521293
1356523459844,0.6730937,-0.34767157,0.6527399,-0.68971187,0.023441494,0.7237043,-0.2669126,-0.9373233,-0.22401491
1356523459889,0.7246106,-0.30223593,0.6193488,-0.6457547,0.016128004,0.7633747,-0.24070813,-0.95309675,-0.18348373
1356523459924,0.766901,-0.2486084,0.59165585,-0.6069119,0.01873532,0.7945483,-0.20861624,-0.9684229,-0.13651527
1356523459970,0.79251724,-0.19676112,0.57723606,-0.583715,0.029379036,0.81142694,-0.1766159,-0.98001117,-0.09156902
1356523460014,0.8064974,-0.14784104,0.5724552,-0.5730695,0.042710185,0.818393,-0.14544176,-0.9880885,-0.050277546
1356523460045,0.80438805,-0.106214,0.5845326,-0.5822309,0.054785162,0.8111756,-0.1181819,-0.9928329,-0.017772526
1356523460077,0.7908734,-0.07211679,0.6077157,-0.60455847,0.06211239,0.79413533,-0.095017165,-0.9954603,0.005524218
1356523460118,0.76850164,-0.04587689,0.638201,-0.63560724,0.059907235,0.7696847,-0.07354358,-0.9971491,0.016879126
1356523460161,0.7269716,-0.026539296,0.6861544,-0.68453753,0.050634883,0.7272169,-0.054043114,-0.9983645,0.018643007
1356523460221,0.6634264,-0.013938367,0.7481117,-0.74724674,0.039197236,0.6633896,-0.038570434,-0.99913424,0.015589103
1356523460266,0.57672596,-0.0073727965,0.8169044,-0.8163717,0.03201537,0.57663876,-0.030404925,-0.99946016,0.012445137
1356523460319,0.4734586,-0.004552096,0.88080436,-0.8802768,0.032542527,0.47334322,-0.030818343,-0.99946,0.011400431
1356523460322,0.3748045,-0.0029416084,0.9270993,-0.92621636,0.042559206,0.37458265,-0.040558577,-0.9990897,0.013226777
1356523460353,0.30565593,3.350675E-4,0.952142,-0.9504585,0.059547633,0.3050946,-0.056595653,-0.99822545,0.01851952
1356523460396,0.28293353,0.006051153,0.9591204,-0.9560658,0.08177149,0.28151655,-0.076725215,-0.9966327,0.028921217
1356523460440,0.3115841,0.011947006,0.95014346,-0.9450929,0.10761532,0.3085747,-0.09856343,-0.99412084,0.044822246
1356523460488,0.3782995,0.013433248,0.9255858,-0.91764235,0.1369485,0.37306532,-0.12174612,-0.9904871,0.06413445
1356523460532,0.4605077,0.001881659,0.8876537,-0.8754554,0.16618943,0.45382705,-0.14666471,-0.9860921,0.07817885
1356523460569,0.5264064,-0.032810807,0.8495997,-0.83175737,0.1873082,0.52258515,-0.17628348,-0.981753,0.0713096
1356523460595,0.56723326,-0.09619105,0.8179203,-0.79577833,0.19175188,0.5744285,-0.21209261,-0.97671825,0.032221317
1356523460637,0.5681219,-0.19182876,0.8002745,-0.78217804,0.17640617,0.59756035,-0.25580263,-0.96544427,-0.04982406
1356523460678,0.5538587,-0.29802245,0.7774465,-0.7768764,0.15090948,0.61130136,-0.29950556,-0.9425544,-0.1479441
1356523460718,0.53966105,-0.39002752,0.7460861,-0.7721386,0.12387535,0.6232632,-0.33551145,-0.91243273,-0.23430458
1356523460767,0.5504968,-0.44730252,0.70489264,-0.7545448,0.0947161,0.64937735,-0.3572328,-0.8893533,-0.2853689
1356523460785,0.57891166,-0.47476494,0.6629175,-0.7279272,0.065408856,0.6825274,-0.36740077,-0.87767875,-0.30772835
1356523460817,0.6193915,-0.4764657,0.6239669,-0.6937336,0.039913595,0.719125,-0.36754316,-0.87828666,-0.30581808
1356523460864,0.6781906,-0.4453073,0.58460164,-0.6447478,0.021183759,0.76410186,-0.3526442,-0.8951273,-0.27274427
1356523460890,0.72592974,-0.40507635,0.5558229,-0.6024349,0.01538527,0.79801965,-0.3318104,-0.91415334,-0.23286355
1356523460929,0.77486587,-0.34726068,0.5281977,-0.5578897,0.017207056,0.8297367,-0.2972237,-0.93761075,-0.1804
1356523460966,0.8070661,-0.2874372,0.5157753,-0.5310044,0.028687537,0.8468833,-0.2582221,-0.9573698,-0.1294777
1356523461004,0.8271673,-0.2287694,0.5132824,-0.51830107,0.042387664,0.8541471,-0.21715952,-0.9725573,-0.08350973
1356523461039,0.83192873,-0.1777638,0.5256373,-0.52467334,0.05629241,0.84944046,-0.18058914,-0.9824618,-0.046436653
1356523461090,0.82989466,-0.13235761,0.54199284,-0.5388794,0.061465114,0.8401375,-0.14451224,-0.9892944,-0.020315215
1356523461141,0.8051441,-0.09590061,0.58527446,-0.5821285,0.060974687,0.81080735,-0.11344387,-0.9935216,-0.006733075
1356523461161,0.7636448,-0.06832525,0.6420111,-0.6395837,0.0557869,0.76669455,-0.08820039,-0.9961021,-0.0010983348
1356523461202,0.7095846,-0.05145514,0.7027389,-0.70138717,0.043849893,0.7114303,-0.067421764,-0.99771214,-0.0049747676
1356523461283,0.63396347,-0.0419434,0.7722248,-0.7715814,0.03343475,0.6352514,-0.05246377,-0.9985604,-0.011166334
1356523461284,0.54138243,-0.03632787,0.83999133,-0.83958733,0.029757738,0.54240906,-0.04470083,-0.99889684,-0.014390111
1356523461313,0.44335446,-0.031725317,0.89578474,-0.8952341,0.034098417,0.44428957,-0.044640094,-0.99891484,-0.013283908
1356523461365,0.35779935,-0.026322246,0.93342745,-0.93232614,0.046041846,0.35867554,-0.052417874,-0.9985927,-0.008067191
1356523461412,0.30297294,-0.019702256,0.9527955,-0.95078903,0.06180188,0.3036129,-0.06486642,-0.997894,-8.404255E-6
1356523461437,0.28754333,-0.011615872,0.9576973,-0.954271,0.08189067,0.2875079,-0.08176616,-0.9965737,0.012462407
1356523461569,0.3171,-0.004075289,0.94838333,-0.9428379,0.1067124,0.31570438,-0.10249087,-0.99428165,0.029996157
1356523461586,0.3822666,-0.0040905774,0.92404306,-0.9157518,0.13205394,0.37942117,-0.12357557,-0.9912341,0.046733856
1356523461587,0.4446066,-0.017508626,0.8955548,-0.88341427,0.1566269,0.44164145,-0.14800048,-0.9875026,0.054170012
1356523461595,0.5073483,-0.051612765,0.8601941,-0.8438642,0.17251195,0.5080677,-0.17461649,-0.98365426,0.043969482
1356523461633,0.5394381,-0.11152354,0.83460724,-0.8166739,0.17209283,0.55084294,-0.20506194,-0.97874755,0.001755029
1356523461679,0.5566236,-0.18682104,0.8094863,-0.7961819,0.15824696,0.5839968,-0.23720163,-0.9695647,-0.060659558
1356523461708,0.46393707,-0.26351944,0.8457659,-0.84309316,0.1617457,0.5128668,-0.27194935,-0.9509973,-0.14713159
1356523461757,0.5199817,-0.3547105,0.7770453,-0.7997947,0.117224276,0.58871627,-0.2999124,-0.92759836,-0.2227411
1356523461798,0.57967967,-0.4020949,0.70872504,-0.75225097,0.0702264,0.6551234,-0.31319302,-0.91290087,-0.2617675
1356523461839,0.6470854,-0.4057616,0.645475,-0.6960846,0.030972421,0.71729124,-0.31104118,-0.91345394,-0.26240262
1356523461933,0.714299,-0.37745804,0.58932364,-0.63412803,0.0071662087,0.7731948,-0.2960718,-0.9259989,-0.23423791
1356523461935,0.77506715,-0.32675746,0.5408331,-0.57174015,0.0017757397,0.8204328,-0.2690429,-0.9451065,-0.18544404
1356523461961,0.81759036,-0.2727434,0.50710654,-0.52447647,0.010713637,0.8513575,-0.23763509,-0.96202713,-0.13428813
1356523461986,0.84499896,-0.22211705,0.4864573,-0.4935676,0.02619955,0.8693127,-0.20583415,-0.97466797,-0.087491184
1356523462029,0.8644819,-0.17028129,0.4729432,-0.47289616,0.043465406,0.88004535,-0.17041193,-0.98443633,-0.042950302
1356523462067,0.8701057,-0.122814566,0.47731835,-0.4736372,0.059509967,0.8787073,-0.13632327,-0.99064386,-0.006389588
1356523462110,0.86465585,-0.08193171,0.4956383,-0.49129826,0.06803128,0.8683304,-0.10486269,-0.9943133,0.018570751
1356523462161,0.8468389,-0.048579723,0.52962613,-0.5264244,0.06530771,0.8477101,-0.075770214,-0.996682,0.029731534
1356523462185,0.81371903,-0.022959769,0.5808047,-0.5791584,0.052832335,0.8135011,-0.049363047,-0.9983393,0.029693335
1356523462227,0.7631402,-0.0051243305,0.6462126,-0.6456553,0.036224782,0.7627692,-0.027317554,-0.9993305,0.024336047
1356523462265,0.6931833,0.0054844916,0.7207405,-0.72065187,0.022700325,0.6929254,-0.012560725,-0.9997273,0.019687876
1356523462308,0.60632616,0.010502517,0.7951467,-0.79518235,0.01721318,0.606126,-0.0073211193,-0.9997967,0.018788218
1356523462347,0.5160186,0.012605548,0.8564846,-0.856492,0.021710068,0.51570356,-0.012093663,-0.9996848,0.021999344
1356523462408,0.44234443,0.014999598,0.8967198,-0.89648604,0.035693645,0.441632,-0.025382906,-0.9992502,0.02923581
1356523462453,0.40547106,0.021045506,0.91386557,-0.91275376,0.06371692,0.40351042,-0.04973659,-0.997746,0.04504475
1356523462478,0.4225452,0.027171254,0.9059346,-0.9032367,0.09529394,0.41842884,-0.07496086,-0.9950784,0.06480804
1356523462529,0.4643668,0.030848116,0.8851056,-0.8797308,0.13135077,0.45696905,-0.10216269,-0.99085593,0.08813295
1356523462573,0.5161633,0.021513492,0.85622,-0.84606504,0.16830872,0.50581247,-0.13322756,-0.98549956,0.10507658
1356523462686,0.55197716,-0.017528236,0.833675,-0.81573695,0.19595306,0.54422027,-0.17290041,-0.98045665,0.09386316
1356523462687,0.5656547,-0.09346244,0.81932867,-0.7943065,0.20525442,0.57179344,-0.22161207,-0.9742358,0.04186532
1356523462688,0.5508918,-0.20021605,0.81020474,-0.7876245,0.19630325,0.58404857,-0.27598175,-0.9598847,-0.049553216
1356523462783,0.5308216,-0.30702746,0.78991306,-0.78335345,0.17792013,0.5955685,-0.32339728,-0.9349217,-0.14606711
1356523462787,0.5262913,-0.38547176,0.75791085,-0.77347094,0.15323323,0.6150302,-0.3532139,-0.90990716,-0.2175059
1356523462818,0.55506164,-0.41972205,0.71815044,-0.7497566,0.121451825,0.6504725,-0.36023837,-0.89949036,-0.24727616
1356523462915,0.60087365,-0.42274183,0.67841,-0.71702534,0.09007245,0.691203,-0.35330647,-0.90176284,-0.24899444
1356523462949,0.64821786,-0.40690005,0.6436194,-0.6820183,0.06563234,0.72838414,-0.3386218,-0.91111183,-0.2349692
1356523462996,0.7037519,-0.3645395,0.6097902,-0.63934934,0.049294442,0.7673346,-0.30978304,-0.92988217,-0.19837707
1356523462999,0.749781,-0.30976677,0.584699,-0.60249776,0.045691192,0.7968116,-0.27354133,-0.94971406,-0.15237539
1356523463013,0.7839708,-0.24899049,0.56867707,-0.5755654,0.051732898,0.81611776,-0.23262489,-0.96712327,-0.10275324
1356523463053,0.8038579,-0.18751307,0.5644921,-0.5636391,0.06310913,0.82360685,-0.19006166,-0.9802327,-0.05495891
1356523463082,0.80754143,-0.13111141,0.5750536,-0.57047296,0.07398406,0.81797737,-0.14979097,-0.9886032,-0.015050337
1356523463115,0.7970061,-0.082080066,0.5983679,-0.59340364,0.078100264,0.80110705,-0.1124876,-0.9935609,0.013539791
1356523463153,0.7693965,-0.04212624,0.63738096,-0.6338594,0.07315736,0.7699808,-0.07906553,-0.9964304,0.0295849
1356523463201,0.7228576,-0.012445509,0.69088495,-0.6891629,0.059815377,0.7221332,-0.050312817,-0.9981318,0.03466104
1356523463238,0.65275174,0.007297516,0.75753677,-0.7570137,0.04466267,0.6518708,-0.029076546,-0.99897546,0.034677967
1356523463275,0.56164265,0.0181095,0.8271817,-0.8271826,0.03412524,0.56089616,-0.01807025,-0.9992535,0.034146026
1356523463316,0.45557702,0.023382813,0.8898891,-0.8900224,0.031720936,0.4548117,-0.017593294,-0.9992231,0.035262555
1356523463358,0.35433307,0.026775181,0.9347359,-0.9347351,0.03879085,0.3532216,-0.026801646,-0.99888855,0.038772553
1356523463398,0.27884686,0.031783134,0.9598095,-0.9593625,0.054200888,0.27692223,-0.043221056,-0.9980241,0.04560533
1356523463440,0.24402711,0.039569706,0.9689608,-0.9676783,0.075499564,0.24062088,-0.06363481,-0.9963604,0.056714714
1356523463495,0.25265706,0.04880938,0.966324,-0.9636717,0.10209417,0.24680671,-0.08660957,-0.9935765,0.072831005
1356523463530,0.2973271,0.053251415,0.9532895,-0.9482256,0.13322133,0.28830585,-0.11164582,-0.98965466,0.0901047
1356523463607,0.35849053,0.041635275,0.93260443,-0.9232011,0.16403317,0.34755278,-0.1385076,-0.9855758,0.09724206
1356523463642,0.40836132,0.00560385,0.91280323,-0.8970941,0.18728375,0.4001838,-0.16871065,-0.9822899,0.08150664
1356523463643,0.4282595,-0.06272358,0.9014764,-0.8800162,0.19773833,0.43182293,-0.20534196,-0.9782461,0.029485524
1356523463677,0.42679954,-0.15600193,0.8907893,-0.8698782,0.1985331,0.4515491,-0.24729368,-0.9675991,-0.050968826
1356523463719,0.41909856,-0.25299925,0.87197924,-0.8609577,0.19419992,0.47014707,-0.28828514,-0.9477752,-0.13643274
1356523463767,0.43192983,-0.32648146,0.84074163,-0.84418726,0.18177426,0.5042876,-0.31746578,-0.9275602,-0.19709778
1356523463839,0.47024325,-0.36770135,0.80228853,-0.81802374,0.1595802,0.5526042,-0.33122262,-0.9161495,-0.2257469
1356523463840,0.5312109,-0.37179875,0.761302,-0.7812798,0.13263527,0.6099261,-0.3277453,-0.91878927,-0.22002155
1356523463873,0.6011402,-0.34716964,0.7197943,-0.7364311,0.109102964,0.66765696,-0.31032193,-0.93143433,-0.19008034
1356523463919,0.65737367,-0.31342497,0.68529165,-0.69614124,0.09561062,0.7115097,-0.28852612,-0.9447875,-0.15533614
1356523463979,0.7033843,-0.27358365,0.65605074,-0.66051155,0.08944893,0.7454686,-0.26263106,-0.95768,-0.117788196
1356523463980,0.7410309,-0.22661358,0.63207555,-0.6303844,0.08943796,0.77111363,-0.23127636,-0.9698696,-0.07657738
1356523464062,0.7680441,-0.17307672,0.6165652,-0.6101748,0.094500065,0.7866107,-0.19440946,-0.9803643,-0.03302683
1356523464128,0.77399987,-0.12421413,0.6208825,-0.61247015,0.10189829,0.78389865,-0.16063818,-0.98700947,0.002791807
1356523464129,0.7678771,-0.08309525,0.63518494,-0.6270822,0.10509723,0.7718306,-0.13089162,-0.99098426,0.02859421
1356523464130,0.74900746,-0.050619543,0.66062516,-0.6545689,0.097872294,0.74964035,-0.102603376,-0.9939109,0.040173084
1356523464160,0.70535094,-0.02449146,0.70843506,-0.704545,0.08585955,0.7044461,-0.07807881,-0.99600613,0.043305784
1356523464191,0.6443174,-0.006740123,0.7647285,-0.7627584,0.066603854,0.6432445,-0.05526942,-0.9977567,0.03777294
1356523464231,0.5529714,0.0048980713,0.83318585,-0.8323514,0.048375115,0.5521332,-0.037601054,-0.9988172,0.030826971
1356523464282,0.43670875,0.0115656555,0.8995286,-0.8991076,0.03879106,0.43600568,-0.02985102,-0.99918044,0.02733916
1356523464335,0.31205478,0.016357213,0.94992334,-0.9494947,0.03998235,0.31122556,-0.032889426,-0.9990666,0.028007746
1356523464418,0.21711224,0.022072375,0.9758971,-0.97513753,0.050350487,0.21580443,-0.044373542,-0.9984876,0.032455325
1356523464467,0.17355749,0.030346185,0.98435616,-0.98286724,0.06831083,0.17118907,-0.062047273,-0.9972025,0.041682124
1356523464470,0.18720633,0.03986582,0.98151135,-0.9787743,0.09239483,0.18293154,-0.08339384,-0.99492407,0.056316584
1356523464472,0.24502575,0.044901222,0.96847624,-0.9638512,0.11911374,0.23833314,-0.10465735,-0.9918648,0.07246405
1356523464506,0.31388205,0.0433712,0.94847083,-0.9405232,0.15095598,0.30434906,-0.12997735,-0.9875885,0.088174015
1356523464596,0.39476925,0.021158338,0.91853666,-0.9048277,0.18251985,0.38467312,-0.15951213,-0.9829745,0.09119785
1356523464599,0.45017081,-0.029730946,0.89244735,-0.8714105,0.20353039,0.44633973,-0.19491029,-0.9786171,0.06571558
1356523464623,0.47502708,-0.1091643,0.8731738,-0.8479989,0.20825632,0.4873676,-0.23504716,-0.97196317,0.0063561797
1356523464664,0.4735213,-0.20585364,0.8563888,-0.8365014,0.19930708,0.5104332,-0.27575886,-0.9580715,-0.07782069
1356523464752,0.4736972,-0.29342476,0.8303691,-0.82494724,0.18227214,0.5350131,-0.30833924,-0.93844485,-0.15571812
1356523464753,0.49265695,-0.3519686,0.7958689,-0.80649775,0.15886551,0.5694938,-0.32688007,-0.92243147,-0.2055957
1356523464787,0.53399783,-0.3783617,0.75610095,-0.77768624,0.13107789,0.6148354,-0.3317383,-0.9163301,-0.22425142
1356523464839,0.60313445,-0.36439326,0.70953953,-0.731307,0.102537036,0.67429674,-0.3184633,-0.9255829,-0.20463973
1356523464865,0.65952665,-0.34006613,0.6703578,-0.6885548,0.08441788,0.72025406,-0.30152422,-0.93660486,-0.17847836
1356523464899,0.70771873,-0.30731204,0.63615525,-0.64861894,0.0743016,0.7574779,-0.28004938,-0.94870365,-0.14674377
1356523464946,0.75480723,-0.25810796,0.60303086,-0.6073599,0.07222,0.7911372,-0.24774967,-0.9634129,-0.10225223
1356523465002,0.78252137,-0.2063581,0.58743215,-0.58471763,0.0806084,0.80722207,-0.21392876,-0.9751505,-0.05758342
1356523465064,0.8000774,-0.15193471,0.5803379,-0.57329154,0.09125453,0.81425387,-0.17667189,-0.98416895,-0.014092207
1356523465072,0.7957627,-0.10299969,0.5967853,-0.58883774,0.09870723,0.8022013,-0.14153346,-0.9897716,0.017897457
1356523465129,0.7766112,-0.06255075,0.6268672,-0.6206322,0.0948165,0.77834797,-0.1081236,-0.99352765,0.034814537
1356523465153,0.7388021,-0.03152278,0.6731849,-0.6694937,0.080000035,0.7384973,-0.07713434,-0.99629635,0.03799987
1356523465216,0.67718625,-0.010137469,0.73574185,-0.7340019,0.060779363,0.6764222,-0.051575094,-0.99809974,0.033718035
1356523465291,0.58907986,0.0022486746,0.80807173,-0.807322,0.04479213,0.58840877,-0.034872144,-0.9989938,0.02820152
1356523465292,0.48065397,0.008910418,0.87686515,-0.8765112,0.035049766,0.48010385,-0.026456028,-0.9993459,0.024656892
1356523465323,0.371503,0.011882484,0.9283557,-0.92787117,0.039494872,0.37080362,-0.032259256,-0.9991492,0.025697827
1356523465358,0.28668317,0.016641825,0.957881,-0.9569235,0.05291626,0.28547734,-0.045936614,-0.99846035,0.031095147
1356523465396,0.2497012,0.02424404,0.9680194,-0.96614015,0.07332343,0.24738005,-0.06498104,-0.99701357,0.041732043
1356523465439,0.26666006,0.031892747,0.9632628,-0.9598645,0.09890923,0.26244447,-0.08690545,-0.99458516,0.05698788
1356523465494,0.321726,0.034080297,0.9462193,-0.9402275,0.12933722,0.3150303,-0.11164501,-0.99101484,0.07365438
1356523465512,0.38972098,0.020883083,0.92069614,-0.91017354,0.16110837,0.3816126,-0.14036259,-0.98671573,0.08179456
1356523465555,0.44240752,-0.018270671,0.896628,-0.8796178,0.1860092,0.43780482,-0.17478004,-0.9823781,0.06622064
1356523465598,0.46499974,-0.08861664,0.88086456,-0.85878503,0.19658315,0.4731209,-0.2150895,-0.9764744,0.01530844
1356523465635,0.4562062,-0.18616706,0.8701825,-0.8513513,0.19329351,0.48768687,-0.2589918,-0.9633169,-0.070311844
1356523465680,0.4395968,-0.28844914,0.85061836,-0.84693456,0.18223783,0.4994908,-0.2990925,-0.9399927,-0.16418639
1356523465740,0.4412485,-0.36876595,0.8181145,-0.8355162,0.1638206,0.52447635,-0.327433,-0.91497236,-0.23582432
1356523465794,0.48502195,-0.40608576,0.7744986,-0.80694747,0.13349766,0.57533836,-0.33703044,-0.9040314,-0.26294056
1356523465844,0.55639094,-0.40826058,0.72370744,-0.7616223,0.0976426,0.64062274,-0.33220565,-0.9076284,-0.2566129
1356523465848,0.62180156,-0.39295393,0.6774585,-0.7142549,0.07029152,0.69634694,-0.32125187,-0.9168677,-0.2369619
1356523465873,0.68981594,-0.35317332,0.6319989,-0.6595779,0.05336505,0.7497394,-0.2985146,-0.9340347,-0.19613326
1356523465917,0.74357903,-0.30291432,0.59609824,-0.6120308,0.050682276,0.7892082,-0.26927406,-0.9516692,-0.1477066
1356523465945,0.7791151,-0.25393376,0.5731469,-0.57931614,0.057685643,0.81305915,-0.23952551,-0.96549994,-0.10216418
1356523465983,0.8051651,-0.20442331,0.5567048,-0.55555475,0.068496466,0.82865393,-0.20752847,-0.9764832,-0.058417365
1356523466021,0.8195987,-0.15496,0.5515844,-0.5459378,0.08083314,0.8339172,-0.17381011,-0.98460823,-0.018347785
1356523466079,0.82008266,-0.10847065,0.5618706,-0.55470455,0.09055358,0.82710505,-0.14059599,-0.98996675,0.014092267
1356523466096,0.8052175,-0.06759557,0.5891142,-0.5827297,0.09371707,0.8072442,-0.109776154,-0.9933015,0.036072686
1356523466137,0.7743174,-0.033573568,0.63190615,-0.62762606,0.086658515,0.77367693,-0.08073518,-0.9956723,0.046029538
1356523466182,0.7194278,-0.0068963766,0.694533,-0.69241005,0.07162708,0.7179401,-0.054698557,-0.9974077,0.04675539
1356523466223,0.63507664,0.012245268,0.7723521,-0.7716831,0.054574817,0.6336613,-0.03439161,-0.9984346,0.04410866
1356523466302,0.52250487,0.024518907,0.85228366,-0.8523463,0.04108797,0.5213612,-0.022235334,-0.9988546,0.042367294
1356523466303,0.39363348,0.031947404,0.91871226,-0.9190613,0.034846425,0.39257136,-0.019472271,-0.99888206,0.043078303
1356523466339,0.27512047,0.037984043,0.96065915,-0.9610617,0.037748367,0.27374324,-0.025865465,-0.9985651,0.04689035
1356523466376,0.19649225,0.045245558,0.9794609,-0.97979736,0.047017395,0.19438782,-0.03725654,-0.9978689,0.053570002
1356523466417,0.16917962,0.055645436,0.98401314,-0.984089,0.06452966,0.16554347,-0.0542863,-0.99636316,0.065677196
1356523466455,0.19974223,0.06530154,0.97766995,-0.97701085,0.08915368,0.19365269,-0.07451698,-0.99387485,0.08160809
1356523466501,0.26672432,0.068112105,0.961363,-0.95900583,0.11784622,0.25772095,-0.09573907,-0.9906932,0.096752375
1356523466525,0.33216888,0.05739391,0.9414722,-0.9351953,0.14996427,0.32081223,-0.12277451,-0.9870242,0.10348797
1356523466565,0.39948615,0.019692034,0.91652775,-0.9033097,0.178956,0.3898799,-0.15634063,-0.98366,0.08927846
1356523466608,0.436852,-0.053926647,0.8979154,-0.8773788,0.1946294,0.43854955,-0.19841021,-0.97939336,0.03771016
1356523466648,0.45664847,-0.15116334,0.8767108,-0.8553965,0.19620247,0.47937605,-0.24447688,-0.9688417,-0.039709
1356523466686,0.45871207,-0.25271934,0.85188985,-0.8401117,0.18897346,0.50843036,-0.28947476,-0.9489057,-0.12562805
1356523466729,0.47111163,-0.33420533,0.8163091,-0.820332,0.17414257,0.54472905,-0.32420552,-0.9262727,-0.19211873
1356523466821,0.51200485,-0.3747626,0.7729192,-0.7878683,0.15359747,0.5963819,-0.34222007,-0.9143089,-0.21662092
1356523466891,0.5626604,-0.39242166,0.72761154,-0.7489919,0.13053298,0.64959395,-0.34989202,-0.91047597,-0.2204749
1356523466892,0.6240038,-0.38057485,0.68248224,-0.7018136,0.11111671,0.7036412,-0.34362328,-0.91805005,-0.19775534
1356523466896,0.67513186,-0.35509664,0.6466091,-0.6598677,0.101177394,0.74453866,-0.32980537,-0.9293382,-0.16600871
1356523466903,0.72157484,-0.31577802,0.6161282,-0.62111473,0.097884834,0.77758276,-0.30585316,-0.9437705,-0.12550315
1356523466948,0.75549203,-0.26888508,0.59743834,-0.59459776,0.101516485,0.79758877,-0.2751096,-0.9578075,-0.08318357
1356523466982,0.7776635,-0.2174944,0.5898607,-0.5814878,0.107816815,0.8063792,-0.23897983,-0.9700885,-0.04262513
1356523467035,0.78483826,-0.1661499,0.5970118,-0.58633584,0.11275214,0.80218273,-0.20059693,-0.97963315,-0.00892745
1356523467064,0.7746967,-0.12022044,0.62079954,-0.6103776,0.114284545,0.7838229,-0.16517936,-0.98614717,0.015155986
1356523467111,0.7532462,-0.08142921,0.6526787,-0.64490736,0.10361388,0.75720453,-0.12928519,-0.99127877,0.025532454
1356523467135,0.70591056,-0.04966402,0.70655763,-0.701823,0.08556063,0.70719427,-0.0955756,-0.99509436,0.025542796
1356523467177,0.63145256,-0.026216745,0.7749711,-0.7726223,0.06346597,0.63168573,-0.065745026,-0.99763954,0.019820109
1356523467219,0.5253875,-0.011232942,0.8507889,-0.84975123,0.0441743,0.5253299,-0.043483973,-0.9989607,0.013663441
1356523467258,0.3928577,-0.0031282306,0.91959393,-0.91904306,0.033438772,0.3927361,-0.031978607,-0.9994359,0.010261714
1356523467300,0.26305947,0.0016222596,0.9647783,-0.9642358,0.03401509,0.26285443,-0.032390654,-0.99942005,0.010512173
1356523467340,0.16754821,0.007497728,0.9858354,-0.98494637,0.044405848,0.16705939,-0.04252428,-0.9989854,0.014824986
1356523467429,0.12740296,0.016521275,0.9917134,-0.99006027,0.06217408,0.12615475,-0.059574604,-0.9979285,0.024278224
1356523467430,0.1478886,0.02714324,0.9886315,-0.98570883,0.08557773,0.14510179,-0.0806663,-0.99596167,0.039411336
1356523467455,0.21748501,0.034139365,0.9754665,-0.9704801,0.114307225,0.21237275,-0.10425261,-0.99285865,0.057991713
1356523467498,0.31017524,0.02812019,0.95026344,-0.94176924,0.14561945,0.30309352,-0.12985379,-0.98894095,0.07165027
