1356095705632,-0.36244863,-0.07902464,-0.9286475,0.8872186,0.27590317,-0.3697574,0.28543678,-0.9579314,-0.02988863
1356095705671,-0.6596211,-0.21899478,0.7189862,-0.695289,-0.18549615,-0.6943805,0.2854349,-0.9579313,-0.029907525
1356095705710,-0.6596138,-0.21907906,0.7189674,-0.6953048,-0.18538588,-0.69439423,0.28541356,-0.9579334,-0.030043721
1356095705750,-0.659339,-0.21927871,0.71915853,-0.69560057,-0.18509096,-0.6941767,0.2853279,-0.95794475,-0.030492663
1356095705792,-0.65829104,-0.21959567,0.7200213,-0.6966672,-0.18459606,-0.6932382,0.28514522,-0.9579677,-0.03146714
1356095705830,-0.6561423,-0.2201749,0.7218035,-0.6987761,-0.18388641,-0.6913014,0.28493708,-0.95797116,-0.033197343
1356095705870,-0.65315723,-0.22149268,0.724104,-0.70157623,-0.18279332,-0.68875057,0.28491455,-0.9578766,-0.036001265
1356095705912,-0.6504033,-0.22447988,0.72566134,-0.7039683,-0.18070143,-0.68685925,0.28531414,-0.95757806,-0.0404979
1356095705950,-0.6489415,-0.22971843,0.7253305,-0.70497906,-0.176992,-0.6867884,0.2861457,-0.9570283,-0.04708928
1356095705990,-0.6495444,-0.2371931,0.72237897,-0.70399845,-0.17124754,-0.68924624,0.28719005,-0.9562498,-0.055750728
1356095706030,-0.6520638,-0.24594313,0.7171645,-0.7012653,-0.16388023,-0.6938086,0.28816652,-0.95532995,-0.065611064
1356095706072,-0.6557004,-0.25462908,0.71078897,-0.6975292,-0.15602762,-0.6993628,0.28898084,-0.95436853,-0.07530379
1356095706110,-0.65950453,-0.26237756,0.704423,-0.69362354,-0.1487723,-0.70480716,0.28972417,-0.9534279,-0.08387524
1356095706150,-0.66247517,-0.26845595,0.6993269,-0.6904546,-0.14323145,-0.7090538,0.2905153,-0.95258397,-0.09046936
1356095706190,-0.6639178,-0.27259496,0.6963514,-0.6885884,-0.14032066,-0.7114465,0.29164916,-0.9518415,-0.09454441
1356095706238,-0.6637132,-0.2751029,0.6955597,-0.6879001,-0.14067328,-0.71204245,0.29373163,-0.95106757,-0.095876575
1356095706270,-0.66232014,-0.27657104,0.6963049,-0.68769,-0.14442998,-0.71149313,0.29734567,-0.9500781,-0.094536245
1356095706310,-0.66069645,-0.27763388,0.6974236,-0.6869694,-0.1508711,-0.71085227,0.30257773,-0.94876623,-0.091045976
1356095706350,-0.660318,-0.27929097,0.6971203,-0.6842895,-0.15867817,-0.7117366,0.3093994,-0.9470046,-0.086337805
1356095706390,-0.6629507,-0.28300834,0.6931108,-0.6778729,-0.16605723,-0.71617967,0.31778085,-0.9446328,-0.081755936
1356095706431,-0.6699372,-0.29005453,0.68341243,-0.66622865,-0.1713174,-0.7258029,0.32760286,-0.9415512,-0.07847071
1356095706471,-0.6816684,-0.30089477,0.66692615,-0.6486801,-0.17309773,-0.741115,0.338441,-0.9378164,-0.07718921
1356095706510,-0.6974681,-0.31437278,0.64397824,-0.6258933,-0.17040044,-0.76106584,0.34899253,-0.9338808,-0.07791495
1356095706568,-0.71560174,-0.3288117,0.6162767,-0.5997132,-0.16313654,-0.78340954,0.35813147,-0.9301985,-0.080451965
1356095706596,-0.7353076,-0.3426898,0.58471066,-0.5711367,-0.15114307,-0.8068201,0.36486393,-0.9272106,-0.08458614
1356095706632,-0.75636125,-0.3549426,0.5494847,-0.5399347,-0.1354829,-0.8307316,0.36930782,-0.92501897,-0.08917177
1356095706662,-0.77531594,-0.36471522,0.5156238,-0.5102905,-0.11930758,-0.8516861,0.37214077,-0.9234438,-0.09360957
1356095706702,-0.79132897,-0.37082255,0.4860958,-0.48468858,-0.10412067,-0.86846757,0.37265998,-0.9228486,-0.09733975
1356095706731,-0.8068997,-0.37352747,0.45759156,-0.45950437,-0.08985299,-0.8836188,0.37117186,-0.92325705,-0.09913516
1356095706772,-0.8192644,-0.3682913,0.43950805,-0.4426976,-0.08091396,-0.89301276,0.36445114,-0.92618275,-0.09675175
1356095706802,-0.83043385,-0.35932806,0.42574987,-0.42926177,-0.074436605,-0.9001075,0.35512522,-0.9302379,-0.09243113
1356095706842,-0.83823997,-0.34289047,0.42400458,-0.42639974,-0.07252157,-0.90162295,0.33990738,-0.9365718,-0.08541793
1356095706872,-0.84259623,-0.32587776,0.42876005,-0.42997578,-0.072304785,-0.89994043,0.32427198,-0.94264287,-0.07919574
1356095706912,-0.8426907,-0.30713028,0.44220287,-0.44274205,-0.07203621,-0.89375067,0.3063525,-0.9489372,-0.07527524
1356095706942,-0.8349183,-0.2903829,0.46753523,-0.4675906,-0.0738073,-0.8808584,0.29029372,-0.95405984,-0.07415724
1356095706982,-0.8208162,-0.27664617,0.49972764,-0.5005751,-0.072983086,-0.86261123,0.27510974,-0.95819646,-0.078576446
1356095707012,-0.78947014,-0.26455373,0.55384845,-0.5550961,-0.07732546,-0.8281842,0.26192588,-0.96126586,-0.08580655
1356095707052,-0.74445707,-0.2567418,0.6163339,-0.61937857,-0.07912463,-0.7810951,0.24930693,-0.9632357,-0.10011554
1356095707082,-0.6608814,-0.25010827,0.7075887,-0.7119825,-0.089188516,-0.6965102,0.23731172,-0.9641013,-0.11912972
1356095707122,-0.55736744,-0.25653753,0.78963923,-0.79937875,-0.09118819,-0.59386724,0.22435498,-0.9622231,-0.15424538
1356095707162,-0.42301828,-0.28455243,0.86028224,-0.8815415,-0.09039545,-0.4633716,0.2096191,-0.9543891,-0.2126059
1356095707202,-0.29367256,-0.34339467,0.89209664,-0.9363389,-0.08452219,-0.34077197,0.19242129,-0.93538016,-0.29671186
1356095707242,-0.1987406,-0.4252819,0.88297087,-0.9647056,-0.07392281,-0.25274238,0.1727584,-0.902037,-0.39558035
1356095707282,-0.12767047,-0.5042294,0.8540802,-0.9800067,-0.068359494,-0.18685225,0.15260091,-0.8608599,-0.48542076
1356095707322,-0.051428944,-0.55702853,0.82889944,-0.98938644,-0.08452973,-0.11819112,0.13590246,-0.82618034,-0.5467692
1356095707352,0.032764792,-0.5821669,0.8124088,-0.99162996,-0.12050265,-0.046358615,0.12488586,-0.80409,-0.5812424
1356095707382,0.12524953,-0.5800259,0.8049115,-0.98479116,-0.17114845,0.029909045,0.12041128,-0.7964158,-0.5926407
1356095707411,0.22319014,-0.55269563,0.80294067,-0.9670197,-0.22924064,0.11100316,0.12271565,-0.80123425,-0.5856318
1356095707442,0.31927586,-0.503793,0.8026553,-0.9384557,-0.2858565,0.19387367,0.13177204,-0.8151556,-0.5640545
1356095707471,0.4044327,-0.43950665,0.80204,-0.9026972,-0.33266705,0.2728927,0.14687419,-0.83436596,-0.5312828
1356095707521,0.47317296,-0.36607778,0.8013079,-0.8650054,-0.36543214,0.34383854,0.16695204,-0.8558308,-0.48957187
1356095707588,0.53716344,-0.27214962,0.79836714,-0.82055515,-0.38777202,0.41990733,0.19530681,-0.88066316,-0.43161073
1356095707589,0.56393594,-0.18419254,0.8050152,-0.79417586,-0.38821852,0.4675159,0.22640887,-0.90297264,-0.36521167
1356095707609,0.5474559,-0.12144914,0.8279747,-0.79734087,-0.37606826,0.4720384,0.2540464,-0.9185983,-0.30271715
1356095707647,0.51515925,-0.068491906,0.8543535,-0.8099977,-0.36478376,0.45916954,0.28020483,-0.9285698,-0.24340001
1356095707691,0.4328952,-0.04329121,0.9004041,-0.8482481,-0.3576124,0.39062577,0.30508503,-0.93286616,-0.19153039
1356095707730,0.28220862,-0.053531557,0.95785844,-0.90137553,-0.35663003,0.24563646,0.32845178,-0.93271077,-0.14889613
1356095707772,0.050106764,-0.103312194,0.9933861,-0.9360681,-0.35165787,0.010643184,0.34823245,-0.9304103,-0.1143277
1356095707811,-0.24333239,-0.18305776,0.952512,-0.9006643,-0.32183194,-0.29193816,0.35999036,-0.9289316,-0.08656144
1356095707842,-0.50318927,-0.25534806,0.8255895,-0.78382254,-0.2674334,-0.5604477,0.3638994,-0.92912686,-0.065577924
1356095707881,-0.6579929,-0.2897011,0.6950673,-0.66322786,-0.21417332,-0.7171182,0.3566148,-0.9328467,-0.051213324
1356095707922,-0.74377507,-0.29940087,0.59762686,-0.5738374,-0.1725123,-0.8005937,0.3427964,-0.93840224,-0.043497145
1356095707962,-0.78617626,-0.2956919,0.54267234,-0.52450114,-0.1451568,-0.8389446,0.3268417,-0.94419056,-0.040971994
1356095708001,-0.7981502,-0.2847222,0.5309328,-0.51592416,-0.1320405,-0.8463968,0.3110926,-0.9494728,-0.041506886
1356095708042,-0.7805595,-0.26799756,0.5647161,-0.55061406,-0.13286066,-0.8241191,0.29589042,-0.9542146,-0.043857634
1356095708081,-0.7231385,-0.2452134,0.6457098,-0.63108575,-0.1453768,-0.76196873,0.28071618,-0.9585072,-0.04962319
1356095708111,-0.60445464,-0.21537143,0.76697445,-0.7508469,-0.1676923,-0.6388335,0.26620218,-0.96202624,-0.06034863
1356095708140,-0.45033312,-0.19179827,0.872017,-0.85640055,-0.18345767,-0.48261943,0.25254372,-0.9641353,-0.08163911
1356095708180,-0.3114254,-0.20541763,0.9278027,-0.91945004,-0.18150681,-0.34880775,0.24005377,-0.96169585,-0.13234544
1356095708222,-0.18326247,-0.26016912,0.948012,-0.95636296,-0.17604554,-0.23319015,0.22756219,-0.9493786,-0.21655357
1356095708262,-0.08019796,-0.34238538,0.9361306,-0.9738382,-0.1734154,-0.14685425,0.2126202,-0.9234172,-0.3195204
1356095708302,0.015060842,-0.4188916,0.9079114,-0.9806772,-0.18331885,-0.0683116,0.19505242,-0.8893391,-0.41355842
1356095708341,0.13416031,-0.45755336,0.87900287,-0.9746312,-0.22128531,0.03356877,0.17915088,-0.86120725,-0.4756335
1356095708371,0.26466697,-0.45855516,0.8483387,-0.9495315,-0.27749437,0.14624247,0.16834894,-0.8442298,-0.5088562
1356095708400,0.39034408,-0.42660898,0.81586534,-0.90596455,-0.33573163,0.25790012,0.16388929,-0.8398149,-0.5175435
1356095708442,0.5215111,-0.34938025,0.77843416,-0.8361325,-0.39105964,0.38464892,0.17002538,-0.85147274,-0.49607018
1356095708480,0.63033444,-0.2495276,0.7351289,-0.7537414,-0.42344397,0.5025625,0.18588266,-0.87087953,-0.45499063
1356095708520,0.70405984,-0.14882043,0.6943718,-0.67869735,-0.4287485,0.5962757,0.20897286,-0.89108205,-0.40286863
1356095708561,0.7475368,-0.053850442,0.6620339,-0.6200988,-0.41378468,0.6665281,0.23804668,-0.9087807,-0.34271187
1356095708601,0.76119125,0.02180031,0.64816093,-0.59066737,-0.38934892,0.70676696,0.2677685,-0.9208323,-0.28349227
1356095708640,0.75707996,0.08363478,0.6479469,-0.5815497,-0.36566347,0.72669816,0.29770774,-0.9269819,-0.2281987
1356095708680,0.7356067,0.13053247,0.6647136,-0.5929433,-0.35042623,0.7249963,0.32756865,-0.9274496,-0.18037751
1356095708723,0.69597805,0.1615715,0.69964933,-0.623203,-0.34809586,0.7003194,0.35669672,-0.92343044,-0.14157522
1356095708761,0.6330122,0.17270255,0.7546319,-0.67324114,-0.35839608,0.64676,0.38215423,-0.91745627,-0.110598624
1356095708802,0.53314906,0.1551725,0.8316692,-0.7463515,-0.3766387,0.54872847,0.39838636,-0.91327155,-0.084991366
1356095708831,0.37985715,0.10359982,0.9192256,-0.83182836,-0.3964692,0.3884249,0.40468535,-0.9121839,-0.064424455
1356095708872,0.18698347,0.029271394,0.9819268,-0.89921606,-0.3973571,0.18307856,0.3955346,-0.9171971,-0.047977895
1356095708912,-0.010695577,-0.044886738,0.99893486,-0.9261998,-0.3760782,-0.026815712,0.37688127,-0.9255001,-0.0375517
1356095708950,-0.1564771,-0.09432995,0.9831667,-0.9216621,-0.34387976,-0.17968181,0.35504058,-0.9342636,-0.033131033
1356095708991,-0.22470587,-0.11348182,0.96779597,-0.91548854,-0.31559032,-0.2495665,0.33374834,-0.9420852,-0.03297627
1356095709030,-0.21440583,-0.107457876,0.97081554,-0.9249177,-0.29712546,-0.23715752,0.31393847,-0.9487725,-0.03568417
1356095709070,-0.1340785,-0.08535305,0.9872881,-0.9459363,-0.28590298,-0.15317965,0.29534295,-0.9544498,-0.04240513
1356095709111,-0.007262647,-0.063350886,0.99796486,-0.9605894,-0.27688342,-0.024567217,0.27787626,-0.95881295,-0.058843255
1356095709150,0.12771297,-0.06308764,0.9898027,-0.9566292,-0.27128297,0.106141746,0.26182044,-0.96042985,-0.09499782
1356095709190,0.23860875,-0.10025072,0.96592736,-0.93928254,-0.27640834,0.20333922,0.24660549,-0.9557972,-0.16011721
1356095709230,0.3210675,-0.17071348,0.9315431,-0.91870075,-0.2950319,0.26257414,0.23001,-0.94011337,-0.25155976
1356095709271,0.39175272,-0.24800417,0.88601565,-0.8956195,-0.3233205,0.30549863,0.21070209,-0.9132129,-0.34877905
1356095709310,0.46989858,-0.29826415,0.83080316,-0.86169136,-0.35920668,0.35841116,0.19152883,-0.88431275,-0.42580235
1356095709350,0.5618071,-0.30152664,0.77036,-0.807915,-0.40022427,0.4325434,0.17789337,-0.8653914,-0.46845675
1356095709390,0.6549653,-0.2606314,0.7092896,-0.7354163,-0.43565238,0.5190087,0.17373377,-0.86155576,-0.47700977
1356095709430,0.7332595,-0.19192138,0.652301,-0.65562594,-0.4538601,0.6034614,0.18023627,-0.87015927,-0.45862588
1356095709470,0.78891647,-0.11127967,0.6043407,-0.582174,-0.45012707,0.67709607,0.19668306,-0.8860037,-0.41989678
1356095709510,0.8209811,-0.032728612,0.5700166,-0.5269459,-0.42779323,0.7343847,0.21981384,-0.9032839,-0.36845636
1356095709558,0.833619,0.036890075,0.5511066,-0.49443007,-0.3949197,0.7743238,0.24620771,-0.9179747,-0.310973
1356095709592,0.8313917,0.09590453,0.5473483,-0.48354822,-0.3604778,0.7976447,0.2738046,-0.92782444,-0.2533238
1356095709632,0.816918,0.14373057,0.5585575,-0.4915576,-0.33306897,0.80463415,0.30168867,-0.9318833,-0.20143819
1356095709672,0.79179454,0.18134756,0.5832448,-0.51393807,-0.31817853,0.79663676,0.3300441,-0.9305243,-0.15873063
1356095709710,0.7552952,0.20775117,0.6215856,-0.5491648,-0.31701702,0.77325183,0.35769713,-0.92538625,-0.12535182
1356095709750,0.70343006,0.21799907,0.6765077,-0.60058594,-0.32670817,0.729766,0.38010886,-0.9196403,-0.09888917
1356095709790,0.62601566,0.20361589,0.75275826,-0.674753,-0.34246448,0.65377855,0.39091265,-0.9172015,-0.0769977
1356095709830,0.506505,0.15794113,0.8476481,-0.7705655,-0.35819384,0.52718675,0.38688678,-0.92019117,-0.05972296
1356095709870,0.3382107,0.08616334,0.93711764,-0.864745,-0.3643903,0.34559494,0.37125415,-0.92725164,-0.0487314
1356095709910,0.15152103,0.00950864,0.9884083,-0.9244871,-0.35251337,0.14511326,0.34980693,-0.9357585,-0.04462257
1356095709950,0.004370749,-0.046784878,0.99889547,-0.94477856,-0.32751793,-0.011205882,0.3276804,-0.943686,-0.04563287
1356095709990,-0.06576067,-0.07298687,0.99516255,-0.9495821,-0.301809,-0.08488387,0.30654436,-0.9505705,-0.049459845
1356095710030,-0.05268109,-0.073595464,0.9958958,-0.95674783,-0.28200775,-0.07145029,0.2861088,-0.9565852,-0.05555579
1356095710070,0.027828932,-0.062274218,0.997671,-0.96356833,-0.26726782,0.010194898,0.2660105,-0.96160793,-0.06744325
1356095710110,0.14228445,-0.059810907,0.9880171,-0.958516,-0.2573948,0.122454226,0.24698636,-0.9644535,-0.09395298
1356095710150,0.25391307,-0.08559072,0.96343255,-0.9393976,-0.2590414,0.22456563,0.2303482,-0.9620664,-0.14617774
1356095710190,0.3430996,-0.14515716,0.9280151,-0.9141554,-0.27866834,0.29438704,0.2158761,-0.9493541,-0.22830716
1356095710230,0.4149769,-0.221183,0.88253736,-0.8872954,-0.31294084,0.33878437,0.20124862,-0.9236591,-0.32611793
1356095710270,0.4837078,-0.2832658,0.82812274,-0.85527563,-0.3538686,0.37852433,0.18582365,-0.8913684,-0.4134393
1356095710329,0.5604907,-0.30609596,0.76951635,-0.8099133,-0.39657772,0.43216497,0.17288905,-0.86546594,-0.47018933
1356095710351,0.64133203,-0.28510058,0.71232784,-0.74905825,-0.43369326,0.50082123,0.16614738,-0.8547677,-0.49169832
1356095710391,0.7139608,-0.23193456,0.6606559,-0.679932,-0.45495528,0.5750723,0.16718976,-0.8597802,-0.48251998
1356095710428,0.7684539,-0.16393667,0.61854947,-0.61528075,-0.45486444,0.64383847,0.17580743,-0.8753417,-0.4504094
1356095710471,0.8036487,-0.09106515,0.5880951,-0.56341827,-0.43458974,0.7026319,0.1915948,-0.8960127,-0.40056527
1356095710510,0.8205524,-0.021219403,0.57117724,-0.5304992,-0.4002437,0.74724525,0.212754,-0.916163,-0.3396778
1356095710559,0.8221733,0.04204537,0.5676824,-0.5174928,-0.3602358,0.77616453,0.23713367,-0.93191326,-0.2744181
1356095710582,0.80986553,0.09129794,0.5794674,-0.52581173,-0.32496977,0.7860767,0.26007658,-0.94130725,-0.21517628
1356095710622,0.79237753,0.13741927,0.59435165,-0.5393763,-0.2973202,0.78782856,0.28497556,-0.94483685,-0.16146913
1356095710662,0.7611662,0.17324352,0.6249901,-0.56903803,-0.28394747,0.7717315,0.31116185,-0.9430591,-0.11754906
1356095710702,0.7143401,0.196221,0.6717258,-0.61303705,-0.2874643,0.73590064,0.33749634,-0.93747616,-0.08505651
1356095710742,0.64461505,0.20030984,0.7377989,-0.6741314,-0.30624267,0.6721326,0.3605803,-0.93064034,-0.06237349
1356095710782,0.53568447,0.17584836,0.82590526,-0.7564764,-0.33466724,0.56190866,0.37521416,-0.9257836,-0.046250917
1356095710822,0.3655787,0.11461654,0.9236965,-0.85062253,-0.3617519,0.38154548,0.37788042,-0.92520195,-0.034753397
1356095710862,0.13936502,0.025835931,0.9899039,-0.91863716,-0.36985004,0.13898447,0.36970684,-0.92873216,-0.027810276
1356095710901,-0.078467846,-0.05664745,0.9953059,-0.93156123,-0.3513723,-0.09344053,0.3550161,-0.9345205,-0.025199115
1356095710941,-0.22158128,-0.10594565,0.9693696,-0.9147746,-0.3217473,-0.24426666,0.337771,-0.9408796,-0.025623292
1356095710980,-0.2744035,-0.120735615,0.9540051,-0.90688074,-0.29743916,-0.2984918,0.31979704,-0.94707596,-0.02787447
1356095711020,-0.24621385,-0.11092341,0.96284723,-0.92120993,-0.2819926,-0.26805314,0.30124915,-0.9529828,-0.03275323
1356095711060,-0.15296859,-0.0913035,0.9840042,-0.94717205,-0.27048808,-0.17234081,0.28189677,-0.958384,-0.045103878
1356095711100,-0.024560988,-0.0839456,0.99616754,-0.96478,-0.25907236,-0.045618773,0.26190898,-0.962203,-0.07462597
1356095711140,0.09969032,-0.11115256,0.9887906,-0.9652852,-0.2519191,0.069001585,0.24142557,-0.96134377,-0.13240781
1356095711180,0.19695497,-0.17876494,0.9639771,-0.95551515,-0.2551762,0.14790481,0.21954384,-0.9502253,-0.22107077
1356095711220,0.27415317,-0.26611075,0.92413473,-0.9416541,-0.269395,0.20177636,0.19526243,-0.92553294,-0.3244398
1356095711260,0.3527776,-0.337622,0.8726737,-0.9200184,-0.2952237,0.25769985,0.17062885,-0.89378655,-0.4147667
1356095711300,0.4476462,-0.3664697,0.8156671,-0.88143265,-0.33448887,0.33345702,0.15062964,-0.8682264,-0.47275108
1356095711340,0.5527816,-0.34829783,0.75704765,-0.8216034,-0.3796352,0.4252587,0.13928527,-0.8570681,-0.49601805
1356095711382,0.6528548,-0.29141116,0.6991854,-0.7446065,-0.41636062,0.5217327,0.13907453,-0.8612336,-0.48880967
1356095711420,0.72890604,-0.2198913,0.64833933,-0.66828036,-0.43415952,0.6040752,0.1486518,-0.87358654,-0.46341053
1356095711460,0.78175414,-0.14126384,0.60737544,-0.6004643,-0.43330035,0.6720814,0.16823517,-0.8901097,-0.42355824
1356095711500,0.8122776,-0.064433396,0.5797011,-0.54964787,-0.41712803,0.72380346,0.19517244,-0.90656084,-0.37423944
1356095711558,0.82513285,0.007516414,0.5648887,-0.51743734,-0.3912754,0.761027,0.22674724,-0.9202429,-0.31896493
1356095711587,0.82326484,0.07156159,0.5631287,-0.5045459,-0.3623525,0.783667,0.2601316,-0.92928976,-0.26220596
1356095711621,0.8082508,0.12348668,0.5757445,-0.51123804,-0.33799303,0.7901876,0.29217526,-0.93301225,-0.21005204
1356095711660,0.783686,0.16516358,0.59879655,-0.530929,-0.32225776,0.7837502,0.3224138,-0.9321325,-0.16485876
1356095711700,0.7471126,0.19356486,0.6358895,-0.56577563,-0.31694323,0.76121277,0.34888494,-0.9284825,-0.12727797
1356095711740,0.69339216,0.20391701,0.69110435,-0.6195977,-0.32088906,0.71633023,0.36783975,-0.9249044,-0.096155465
1356095711780,0.6108384,0.18927467,0.76879877,-0.6971674,-0.33166006,0.6355779,0.37527865,-0.92421687,-0.07063457
1356095711820,0.4849425,0.14575905,0.86231375,-0.7922567,-0.34433573,0.5037482,0.37035128,-0.9274628,-0.05150447
1356095711861,0.32013538,0.082038045,0.9438131,-0.8777947,-0.34905323,0.32808274,0.3563563,-0.933505,-0.039731726
1356095711900,0.1612612,0.021600485,0.98667526,-0.9272168,-0.3391139,0.15896732,0.33802912,-0.9404972,-0.034657508
1356095711940,0.064914346,-0.014463961,0.99778605,-0.9456195,-0.3202634,0.05687791,0.31873167,-0.9472181,-0.0344671
1356095711980,0.056300998,-0.022232711,0.9981662,-0.95241666,-0.3011515,0.047012776,0.29955408,-0.95331705,-0.038129926
1356095712020,0.12681514,-0.012106568,0.9918525,-0.95153284,-0.28392845,0.11819437,0.28018418,-0.9587691,-0.04752624
1356095712060,0.2404862,-0.0049057007,0.9706401,-0.9352329,-0.26884186,0.23035496,0.25981873,-0.9631718,-0.06924072
1356095712100,0.35207835,-0.023670733,0.93567115,-0.90539277,-0.26205114,0.33405572,0.23728627,-0.9647637,-0.11369386
1356095712140,0.43638083,-0.080046296,0.89619434,-0.87468743,-0.27124497,0.40168145,0.21093515,-0.95917606,-0.18838158
1356095712180,0.49639624,-0.16454828,0.8523583,-0.8492191,-0.29569328,0.43748423,0.18004936,-0.9410044,-0.2865185
1356095712220,0.5527359,-0.24541241,0.79640174,-0.8201081,-0.32991183,0.46752638,0.1480056,-0.91155416,-0.3836188
1356095712260,0.6248819,-0.2865923,0.72621447,-0.77109355,-0.37217504,0.51662415,0.12221843,-0.8828084,-0.45355487
1356095712300,0.71156657,-0.2734996,0.64720243,-0.69415045,-0.41622454,0.5872923,0.10875732,-0.8671534,-0.48602134
1356095712340,0.793865,-0.2173923,0.56790745,-0.5981958,-0.44700375,0.66509354,0.10927056,-0.8677144,-0.4849038
1356095712380,0.8560019,-0.14038152,0.49754775,-0.50228196,-0.4536425,0.7361531,0.1223665,-0.8800577,-0.45882994
1356095712420,0.89481515,-0.060023665,0.44238332,-0.42214388,-0.43618327,0.79469407,0.14525977,-0.89785373,-0.41564202
1356095712460,0.91445684,0.014346167,0.40442896,-0.3652261,-0.4011651,0.84004545,0.17429425,-0.9158933,-0.3616086
1356095712500,0.9204427,0.079233706,0.38276258,-0.33229154,-0.35704634,0.87298346,0.2058337,-0.9307201,-0.30231202
1356095712559,0.91714036,0.1342049,0.37528998,-0.32015267,-0.3127762,0.89424455,0.23739378,-0.94029784,-0.24389362
1356095712582,0.90740836,0.18052858,0.37949908,-0.3234334,-0.27658856,0.9049252,0.26832998,-0.94387937,-0.19258979
1356095712622,0.8929311,0.21970415,0.3929428,-0.33676344,-0.2532815,0.90688413,0.29877132,-0.9421138,-0.15217462
1356095712662,0.87454295,0.25087902,0.41501126,-0.35831174,-0.24238813,0.90158784,0.32678327,-0.93718076,-0.12208593
1356095712702,0.85174984,0.26966012,0.4492278,-0.3922888,-0.2401411,0.8879424,0.34732074,-0.9325318,-0.09875548
1356095712742,0.82091504,0.2705493,0.5028932,-0.44684714,-0.24399722,0.86069334,0.35556453,-0.9312725,-0.0794068
1356095712781,0.7743128,0.25104702,0.5808745,-0.52648276,-0.25369555,0.81145215,0.3510779,-0.9341382,-0.064267784
1356095712820,0.70503366,0.21350534,0.67627144,-0.6238615,-0.2667392,0.73460674,0.33723056,-0.9398222,-0.054862347
1356095712861,0.62262404,0.16860467,0.7641412,-0.71441555,-0.2759737,0.64299995,0.31929567,-0.9462616,-0.051374055
1356095712900,0.5597503,0.13185498,0.8181038,-0.7722013,-0.27518228,0.5726952,0.30064034,-0.95230716,-0.052214794
1356095712940,0.54829836,0.11347452,0.82854843,-0.78719306,-0.26441777,0.55714476,0.28230467,-0.9577091,-0.055653453
1356095712980,0.58873284,0.10996023,0.80081356,-0.7639712,-0.24797717,0.5956974,0.26408646,-0.9625051,-0.06198585
1356095713020,0.6535092,0.10768813,0.74921894,-0.71588236,-0.23355407,0.6580008,0.24584195,-0.96636224,-0.07553771
1356095713060,0.71552706,0.09345454,0.69230574,-0.66033185,-0.23295729,0.7139276,0.22799747,-0.9679861,-0.10497624
1356095713100,0.7644372,0.061532527,0.641755,-0.60918796,-0.25686598,0.75027317,0.21101126,-0.9644862,-0.15887305
1356095713159,0.80193865,0.015762478,0.5971984,-0.5648862,-0.3053146,0.76660717,0.19441707,-0.952121,-0.23593956
1356095713181,0.8334342,-0.030337617,0.55178523,-0.5231997,-0.36475953,0.77020293,0.17790285,-0.9306074,-0.31987572
1356095713221,0.86351997,-0.058895618,0.50086385,-0.47701123,-0.4177382,0.77327555,0.16368741,-0.90665656,-0.38881916
1356095713258,0.8927576,-0.060013264,0.44652244,-0.42300105,-0.45282394,0.78486973,0.15509346,-0.8895779,-0.42964768
1356095713301,0.91804665,-0.03641048,0.39479694,-0.3651913,-0.4653352,0.8062868,0.15435562,-0.88438535,-0.4404962
1356095713340,0.93650234,0.0023043603,0.35065377,-0.31089723,-0.45706558,0.83332694,0.16219206,-0.8894299,-0.42732656
1356095713380,0.947402,0.04916495,0.31624717,-0.26536444,-0.43172616,0.86208713,0.17891663,-0.90066385,-0.3959716
1356095713420,0.9511964,0.0975651,0.29275674,-0.23289151,-0.39544207,0.8884746,0.20245245,-0.9132943,-0.35342097
1356095713460,0.94925874,0.14392933,0.27962857,-0.21445319,-0.35412127,0.910279,0.23003829,-0.92405754,-0.30528662
1356095713500,0.9429785,0.18624641,0.2758692,-0.20894401,-0.3139431,0.9261653,0.25910217,-0.93099517,-0.2571265
1356095713558,0.9334573,0.22463861,0.27963355,-0.212939,-0.28030086,0.93599594,0.28864238,-0.9332571,-0.21381456
1356095713582,0.9213906,0.2603616,0.28853282,-0.22229949,-0.25589854,0.9407969,0.31878254,-0.9309822,-0.17790425
1356095713622,0.90762705,0.29310638,0.3005024,-0.23472704,-0.2391161,0.94219244,0.3480176,-0.9256954,-0.14822826
1356095713662,0.8937134,0.31794712,0.31652164,-0.25287583,-0.22576559,0.94078887,0.37058085,-0.9208363,-0.12136859
1356095713702,0.88078386,0.32698497,0.34249178,-0.2839788,-0.21402287,0.9346391,0.37891403,-0.9204755,-0.09565109
1356095713742,0.8668723,0.31625456,0.38537705,-0.33366764,-0.2062871,0.9198432,0.37040293,-0.9259745,-0.07330066
1356095713782,0.84699404,0.2892045,0.4460514,-0.40039518,-0.20489007,0.89314264,0.34969237,-0.9350833,-0.057744563
1356095713822,0.81841344,0.25408208,0.51540446,-0.47417706,-0.20802659,0.8555005,0.32458517,-0.94454604,-0.049771875
1356095713860,0.78589714,0.21897775,0.57828575,-0.5405713,-0.21079193,0.81446266,0.30024713,-0.9526886,-0.047287703
1356095713900,0.76074266,0.18966644,0.6207232,-0.586408,-0.20906997,0.7825697,0.27820176,-0.9593312,-0.047826532
1356095713940,0.75242007,0.16733932,0.6370727,-0.60603845,-0.20301372,0.76909226,0.25803387,-0.964771,-0.051337544
1356095713980,0.7614004,0.14747171,0.6312856,-0.602466,-0.19861318,0.77303785,0.23938282,-0.96891946,-0.062377486
1356095714020,0.7813492,0.12228562,0.6119964,-0.5830156,-0.20686695,0.78568363,0.22267964,-0.9706968,-0.09034088
1356095714060,0.80516636,0.08523485,0.5868919,-0.5552311,-0.23939417,0.7964979,0.20838788,-0.967174,-0.14542711
1356095714101,0.8286885,0.036229685,0.5585362,-0.52430093,-0.2990534,0.7972926,0.19591787,-0.9535483,-0.22882685
1356095714140,0.8508269,-0.014668062,0.5252412,-0.49209648,-0.37269187,0.78672856,0.18421333,-0.9278392,-0.3243144
1356095714180,0.87236094,-0.050262198,0.48627162,-0.45675927,-0.43831903,0.77411073,0.1742336,-0.8974131,-0.40533012
1356095714220,0.8928313,-0.059375584,0.44646028,-0.41752675,-0.48082536,0.7710242,0.16888943,-0.87480366,-0.45408684
1356095714260,0.90942407,-0.04437527,0.41349566,-0.37948528,-0.49526992,0.7814721,0.17011392,-0.8676051,-0.46725017
1356095714300,0.91907495,-0.016691744,0.39372912,-0.3518594,-0.4846943,0.8007911,0.17747167,-0.8745243,-0.45134354
1356095714342,0.9207441,0.01746206,0.389776,-0.34020275,-0.45318848,0.8239432,0.19102973,-0.89124376,-0.41132998
1356095714380,0.9131276,0.049073324,0.40470952,-0.35041612,-0.41285634,0.84068906,0.20834231,-0.9094732,-0.35979444
1356095714420,0.8966316,0.08119568,0.43526894,-0.3786485,-0.36895406,0.84882164,0.22951491,-0.92589426,-0.30007124
1356095714460,0.8681099,0.11093691,0.4838164,-0.42700425,-0.33007032,0.8418557,0.25308633,-0.9374148,-0.23916677
1356095714500,0.8244226,0.13551651,0.5495113,-0.49304062,-0.304798,0.8148676,0.27791792,-0.9427266,-0.18446723
1356095714555,0.7613809,0.15592554,0.6292744,-0.5702785,-0.30058563,0.76448065,0.3083529,-0.9409227,-0.13993919
1356095714592,0.6622331,0.15399396,0.733303,-0.668852,-0.31966272,0.6711578,0.33776385,-0.93493396,-0.10869207
1356095714632,0.53373253,0.1303851,0.83554137,-0.7636459,-0.35013983,0.5424455,0.36328307,-0.9275785,-0.08731299
1356095714672,0.37393972,0.08226463,0.92379737,-0.84643507,-0.37687173,0.3761852,0.37909985,-0.92260516,-0.071295634
1356095714712,0.1909321,0.016319811,0.9814676,-0.9044179,-0.38571292,0.18235669,0.3815407,-0.9224745,-0.058885083
1356095714752,0.009510994,-0.051024795,0.9986521,-0.9280147,-0.3724041,-0.010189235,0.3724221,-0.9266669,-0.050893664
1356095714791,-0.13907808,-0.10352838,0.9848548,-0.9236927,-0.34496582,-0.16670394,0.35699987,-0.93288815,-0.0476512
1356095714832,-0.23559356,-0.1342071,0.9625405,-0.9106536,-0.31541884,-0.2668725,0.33941963,-0.9394144,-0.047905535
1356095714871,-0.2733652,-0.14315581,0.9511981,-0.9064989,-0.29243863,-0.30453125,0.32176256,-0.94550836,-0.049827993
1356095714912,-0.25289047,-0.13473293,0.95806766,-0.9186207,-0.27732003,-0.28147757,0.3036156,-0.9512837,-0.05363691
1356095714952,-0.1718654,-0.11613649,0.9782508,-0.9431705,-0.26729882,-0.19743559,0.2844147,-0.9565896,-0.06359714
1356095714992,-0.036191523,-0.10192591,0.99413335,-0.9637045,-0.25973994,-0.061714232,0.26450643,-0.9602844,-0.08882606
1356095715032,0.14038417,-0.10743785,0.98425066,-0.9592818,-0.26084247,0.1083501,0.24509344,-0.9593844,-0.13968134
1356095715072,0.3355174,-0.1350534,0.93230283,-0.9144138,-0.28458196,0.2878549,0.22644079,-0.94909096,-0.21897691
1356095715112,0.52071166,-0.16668731,0.837302,-0.8281272,-0.33701333,0.44791442,0.2075203,-0.92662686,-0.31352508
1356095715150,0.670556,-0.17860246,0.72003865,-0.71739864,-0.40329117,0.5680628,0.18892786,-0.89747274,-0.39855847
1356095715190,0.7759436,-0.16274315,0.6094475,-0.60634506,-0.4588455,0.6494663,0.17394602,-0.8734846,-0.45471674
1356095715230,0.8425332,-0.12717909,0.5234151,-0.5123886,-0.48891717,0.7059872,0.16611981,-0.8630096,-0.47709405
1356095715270,0.88040465,-0.08301368,0.46690083,-0.44357523,-0.49236017,0.7488808,0.16771603,-0.8664238,-0.470299
1356095715310,0.89774054,-0.03768848,0.43890944,-0.4025396,-0.47491735,0.7825697,0.17895183,-0.87922305,-0.44152367
1356095715351,0.89947,0.0057366937,0.43694493,-0.389431,-0.44308358,0.8074779,0.19823536,-0.896462,-0.39630634
1356095715390,0.8871946,0.044092163,0.45928383,-0.40441114,-0.4048949,0.8200681,0.22212027,-0.91329944,-0.34138918
1356095715432,0.8604321,0.07637006,0.5038097,-0.44502544,-0.3689804,0.8159693,0.24821153,-0.92629427,-0.28349596
1356095715472,0.8159645,0.10126443,0.56916374,-0.50812215,-0.34391373,0.7896424,0.27570593,-0.9335249,-0.22916672
1356095715512,0.7481711,0.11579402,0.6533237,-0.589688,-0.33532283,0.73472905,0.30415154,-0.9349601,-0.1825965
1356095715566,0.6495389,0.11493865,0.7515906,-0.68424845,-0.34264174,0.64373976,0.33151686,-0.93240863,-0.14391255
1356095715592,0.50960946,0.09102166,0.8555777,-0.78503686,-0.35780767,0.50565886,0.35215816,-0.9293486,-0.11088681
1356095715632,0.3256267,0.043085217,0.94451624,-0.87421817,-0.36679748,0.31812298,0.36015254,-0.9293026,-0.08177318
1356095715672,0.115609705,-0.017619818,0.99313843,-0.9282311,-0.35783088,0.1017054,0.3535836,-0.9336201,-0.05772397
1356095715712,-0.07817799,-0.07116106,0.99439645,-0.93861806,-0.3309006,-0.09747273,0.33598265,-0.9409787,-0.040923923
1356095715752,-0.22047341,-0.10510963,0.9697131,-0.92363125,-0.29706335,-0.2421957,0.3135233,-0.94905496,-0.03158799
1356095715790,-0.30170226,-0.11915329,0.94592714,-0.907979,-0.26668578,-0.32319167,0.29077467,-0.95638967,-0.027728975
1356095715830,-0.32637733,-0.11792636,0.9378546,-0.90601826,-0.24381483,-0.34595555,0.26946014,-0.96262544,-0.027267754
1356095715870,-0.30105466,-0.1078136,0.9474927,-0.920408,-0.22703582,-0.3182828,0.24942997,-0.9679003,-0.030882359
1356095715910,-0.23085761,-0.09885228,0.96795297,-0.94526446,-0.21299726,-0.24719876,0.23060751,-0.9720393,-0.044269502
1356095715950,-0.123384774,-0.105680496,0.9867157,-0.9691702,-0.20086008,-0.1427036,0.21327281,-0.9739029,-0.07763934
1356095716008,0.010729551,-0.14194396,0.98981655,-0.98042095,-0.19613427,-0.017498821,0.19662082,-0.97024906,-0.14126927
1356095716030,0.16273957,-0.20578426,0.9649708,-0.97044545,-0.21000892,0.11887756,0.17818931,-0.9557977,-0.23387921
1356095716071,0.3193625,-0.27412525,0.90711796,-0.93451715,-0.24981424,0.25351644,0.15711573,-0.9286809,-0.33595604
1356095716108,0.46490964,-0.31461567,0.82757235,-0.8745635,-0.30871168,0.37394613,0.1378319,-0.89761573,-0.41867444
1356095716151,0.58440524,-0.31386355,0.7483049,-0.8015574,-0.36692327,0.47209436,0.12639725,-0.87570375,-0.46601155
1356095716190,0.67374164,-0.27921563,0.6841863,-0.7282545,-0.4079588,0.55064964,0.12536985,-0.86925733,-0.4781989
1356095716230,0.7330712,-0.22673243,0.6412479,-0.66685015,-0.42514035,0.6120184,0.13385594,-0.8762694,-0.46285474
1356095716271,0.7659464,-0.16675869,0.6209007,-0.62494826,-0.41978285,0.6581961,0.15088354,-0.89217365,-0.4257467
1356095716310,0.774775,-0.10893808,0.622781,-0.60788924,-0.39908814,0.6864396,0.17376508,-0.9104181,-0.37542582
1356095716350,0.7626329,-0.054824978,0.64450395,-0.61475706,-0.37130678,0.69584846,0.20115884,-0.92689025,-0.3168748
1356095716390,0.7290026,-0.0064056218,0.68448097,-0.64410424,-0.3448944,0.682772,0.23170008,-0.9386197,-0.2555548
1356095716430,0.6717063,0.032212526,0.74011683,-0.692278,-0.32838923,0.64258206,0.26374555,-0.9439931,-0.19828111
1356095716470,0.58903754,0.056732833,0.8061117,-0.7517312,-0.32758078,0.5723556,0.29653808,-0.94311833,-0.15030953
1356095716510,0.47815153,0.061580956,0.87611586,-0.81438494,-0.34242824,0.46852994,0.32885927,-0.93752384,-0.11358203
1356095716558,0.33687434,0.042087406,0.9406085,-0.87128365,-0.3647469,0.32836646,0.35690415,-0.930155,-0.086203784
1356095716591,0.16802293,-0.0010579228,0.9857825,-0.91195405,-0.379875,0.15503147,0.37431014,-0.92503726,-0.064792514
1356095716632,-0.011820674,-0.056483,0.9983336,-0.92625344,-0.3755222,-0.03221321,0.37671587,-0.92509073,-0.047878712
1356095716672,-0.17480385,-0.10708317,0.97876287,-0.914242,-0.35138136,-0.20172411,0.36552033,-0.93008834,-0.03647715
1356095716710,-0.29922277,-0.14236325,0.9435033,-0.8889398,-0.3177654,-0.32986546,0.34677345,-0.93742085,-0.031469703
1356095716750,-0.3778383,-0.16089475,0.9117845,-0.86650884,-0.28549707,-0.40945554,0.32619107,-0.94477737,-0.031544983
1356095716790,-0.4120698,-0.16485626,0.89611435,-0.8581205,-0.26041663,-0.44250697,0.30631313,-0.95131785,-0.03415668
1356095716830,-0.40437323,-0.15694317,0.9010278,-0.86841166,-0.24321175,-0.43209863,0.28695548,-0.9571922,-0.037942946
1356095716870,-0.3555408,-0.1419996,0.923811,-0.89564943,-0.2308129,-0.38018087,0.26721305,-0.9625807,-0.04511839
1356095716910,-0.26752383,-0.13090625,0.9546174,-0.9313338,-0.21891844,-0.291019,0.24707958,-0.96692204,-0.06335145
1356095716950,-0.14558363,-0.14020595,0.9793608,-0.96274066,-0.20794654,-0.17288283,0.22789395,-0.9680395,-0.104708314
1356095716990,0.0023290515,-0.18234164,0.98323244,-0.97751945,-0.20771325,-0.036205173,0.21083218,-0.96104455,-0.17872623
1356095717030,0.16738781,-0.24898559,0.95393264,-0.9664361,-0.23271164,0.10884178,0.19489124,-0.9401337,-0.2795817
1356095717070,0.3348757,-0.3089853,0.8901608,-0.9251972,-0.28680336,0.24850345,0.17851722,-0.90679204,-0.38191578
1356095717110,0.48575974,-0.33330548,0.80805016,-0.85867906,-0.3548013,0.3698465,0.16342536,-0.87351227,-0.4585506
1356095717150,0.60661626,-0.3169464,0.72908276,-0.780028,-0.41440642,0.46885356,0.15353513,-0.85311913,-0.49861276
1356095717190,0.6933179,-0.27337506,0.6667656,-0.70452857,-0.45164284,0.54741037,0.15149155,-0.8492849,-0.50573266
1356095717230,0.7482593,-0.21724224,0.62682843,-0.64420307,-0.46362826,0.6083184,0.15846294,-0.85898465,-0.48686224
1356095717270,0.77558964,-0.15950371,0.61075306,-0.6067876,-0.45506367,0.65171,0.17398138,-0.87605685,-0.44972754
1356095717310,0.7791206,-0.10438581,0.61812186,-0.5951222,-0.4330029,0.6770067,0.19697863,-0.8953279,-0.3994838
1356095717350,0.7600616,-0.054223537,0.6475848,-0.60956436,-0.40489715,0.6815347,0.22525005,-0.91275305,-0.3407995
1356095717390,0.7179116,-0.01053974,0.69605446,-0.6472367,-0.3782338,0.66183364,0.25629577,-0.9256501,-0.27836013
1356095717430,0.65072817,0.02371651,0.7589403,-0.70257205,-0.36030328,0.61365634,0.28800243,-0.9325337,-0.21779698
1356095717470,0.5572909,0.044917494,0.82910144,-0.76645684,-0.35619387,0.5344808,0.31932843,-0.93333185,-0.1640763
1356095717510,0.437445,0.048016638,0.89796233,-0.8289099,-0.3656195,0.42335662,0.3486407,-0.929525,-0.12013695
1356095717557,0.29393923,0.029466659,0.9553698,-0.8804147,-0.38078147,0.28262228,0.37211508,-0.92419535,-0.08598368
1356095717592,0.13422453,-0.00835973,0.99091566,-0.91334885,-0.38895863,0.12043628,0.3844184,-0.9212172,-0.059843123
1356095717632,-0.026061654,-0.05463183,0.9981664,-0.9237285,-0.38040257,-0.044938415,0.38216013,-0.923206,-0.040551066
1356095717672,-0.16842675,-0.096376896,0.9809913,-0.9148427,-0.3552599,-0.19197199,0.3670085,-0.92978597,-0.028334498
1356095717710,-0.279244,-0.12574941,0.95195055,-0.89627284,-0.32160413,-0.30539438,0.34455442,-0.93848693,-0.022899687
1356095717750,-0.35372096,-0.14141902,0.92459834,-0.8788097,-0.28822595,-0.38028836,0.32027325,-0.947062,-0.022328854
1356095717790,-0.39244956,-0.14515448,0.9082475,-0.87053704,-0.26013082,-0.4177287,0.29689834,-0.9546006,-0.02427411
1356095717831,-0.396989,-0.13996404,0.9070886,-0.8757799,-0.23792869,-0.4199992,0.27460724,-0.96114504,-0.028122604
1356095717870,-0.36790323,-0.13173532,0.9204852,-0.89485395,-0.21891558,-0.38898897,0.25275213,-0.9668101,-0.037344098
1356095717910,-0.30557936,-0.13195667,0.9429785,-0.9237058,-0.19924259,-0.32721514,0.23105976,-0.97102505,-0.0610047
1356095717950,-0.20989567,-0.15543506,0.9652895,-0.9550494,-0.1787951,-0.23645934,0.20934305,-0.9715309,-0.11091989
1356095717992,-0.08195156,-0.21299228,0.97361094,-0.9790827,-0.16533428,-0.11858153,0.18622822,-0.9629636,-0.19498765
1356095718030,0.07804522,-0.28670385,0.95483494,-0.98384917,-0.17690554,0.027298123,0.16108915,-0.94154406,-0.29587996
1356095718070,0.24500424,-0.34942135,0.9043659,-0.95989573,-0.2185449,0.17560846,0.13628316,-0.9111218,-0.38895252
1356095718110,0.39978063,-0.3742808,0.83671343,-0.9090804,-0.2786715,0.3097014,0.11725286,-0.88445234,-0.45165887
1356095718150,0.5266465,-0.35767102,0.77117765,-0.8432033,-0.33498412,0.42046863,0.10794282,-0.87169784,-0.4780076
1356095718190,0.61853355,-0.31262088,0.7208915,-0.77808297,-0.37160563,0.5064546,0.10955909,-0.87417245,-0.47309548
1356095718230,0.6759693,-0.25384974,0.6918279,-0.7267892,-0.38485193,0.568917,0.121831894,-0.8873834,-0.44464332
1356095718270,0.70202935,-0.19120216,0.68600035,-0.69754535,-0.37869197,0.608295,0.1434755,-0.90555733,-0.39922506
1356095718310,0.6990791,-0.13105246,0.70293224,-0.694111,-0.36050272,0.6230953,0.17175084,-0.9235059,-0.34298486
1356095718350,0.66809815,-0.07596618,0.7401851,-0.7154773,-0.3387186,0.6110335,0.20429659,-0.93781596,-0.2806493
1356095718390,0.6062752,-0.031371236,0.79463595,-0.7587191,-0.3222074,0.56615174,0.23827666,-0.94614923,-0.21914834
1356095718430,0.5118603,-0.0025745928,0.8590648,-0.81481814,-0.3182603,0.4845428,0.27215877,-0.9479998,-0.16500261
1356095718470,0.3828415,0.0037183464,0.92380655,-0.8719523,-0.32888487,0.362676,0.30517456,-0.94436264,-0.12266855
1356095718510,0.22082323,-0.017087102,0.9751642,-0.9156188,-0.3480581,0.20124057,0.3359752,-0.93731725,-0.09250456
1356095718555,0.036089063,-0.06236121,0.997401,-0.9319253,-0.36248183,0.011056304,0.36085024,-0.92990214,-0.0711976
1356095718592,-0.14947003,-0.11867988,0.9816179,-0.9150828,-0.35945553,-0.18279782,0.37454247,-0.92558455,-0.054874063
1356095718632,-0.30974543,-0.16753635,0.935943,-0.8740953,-0.33720928,-0.3496386,0.3741858,-0.92640245,-0.041993797
1356095718672,-0.43053794,-0.19868422,0.88043267,-0.8268093,-0.3043877,-0.47300583,0.36197168,-0.9315968,-0.03322351
1356095718710,-0.5113252,-0.21274334,0.8326385,-0.78786415,-0.2709291,-0.5530529,0.3432443,-0.9387959,-0.029079974
1356095718750,-0.5576681,-0.21460041,0.8018434,-0.7647135,-0.2428742,-0.59684616,0.32283053,-0.94602257,-0.028664649
1356095718790,-0.5745577,-0.20807716,0.79157275,-0.76037574,-0.2221514,-0.6103095,0.3028404,-0.95255065,-0.030578077
1356095718849,-0.5642915,-0.19599697,0.8019728,-0.7755742,-0.20707774,-0.59632504,0.28294855,-0.9584905,-0.03515804
1356095718871,-0.52652395,-0.18373993,0.83006763,-0.8086922,-0.19296867,-0.55567986,0.26227763,-0.96384794,-0.0469864
1356095718911,-0.45999694,-0.18294647,0.868869,-0.8545923,-0.1743629,-0.48915184,0.24098712,-0.96753716,-0.07613826
1356095718948,-0.36341524,-0.20884895,0.90791607,-0.90520895,-0.15127647,-0.39712998,0.22028652,-0.96617675,-0.13407576
1356095718991,-0.23809111,-0.2724455,0.9322479,-0.95032126,-0.13280416,-0.28151843,0.20050481,-0.9529619,-0.22729123
1356095719030,-0.0849503,-0.35919514,0.9293881,-0.9799075,-0.13881573,-0.14321837,0.18045706,-0.92288077,-0.34018552
1356095719071,0.08179304,-0.43373564,0.89732003,-0.98360205,-0.18033513,0.0024896264,0.1607385,-0.88280946,-0.4413734
1356095719110,0.24213207,-0.4665789,0.8506916,-0.95927626,-0.24657828,0.13779771,0.1454686,-0.8494135,-0.50728256
1356095719150,0.38036996,-0.45287675,0.806363,-0.91436404,-0.31497926,0.25441378,0.13876954,-0.83408076,-0.5339029
1356095719190,0.4877109,-0.40536338,0.7731873,-0.8614096,-0.3673228,0.35078126,0.14181545,-0.8371108,-0.5283312
1356095719230,0.56071275,-0.3408427,0.7546042,-0.8136933,-0.39556295,0.42594975,0.15331161,-0.8528518,-0.49913862
