1356524056855,0.28952083,-0.0035122037,0.9571653,-0.9463236,0.14907733,0.2867885,-0.14369899,-0.98881936,0.0398373
1356524056858,0.47265586,-0.10394484,-0.87509537,0.8694519,-0.10692212,0.4823081,-0.14370048,-0.98881906,0.039837673
1356524056893,0.47262254,-0.10393372,-0.8751147,0.8694705,-0.10692647,0.48227346,-0.14369741,-0.9888197,0.039831445
1356524056938,0.47235298,-0.10383132,-0.8752724,0.869625,-0.10694188,0.4819915,-0.14364913,-0.9888288,0.03977999
1356524056982,0.47134173,-0.10344705,-0.87586284,0.87020636,-0.10697931,0.4809329,-0.14345026,-0.9888651,0.03959647
1356524057019,0.4686615,-0.10264444,-0.87739414,0.8717162,-0.10711646,0.47815996,-0.14306384,-0.98893386,0.039275482
1356524057064,0.46396708,-0.101333976,-0.88003755,0.87433636,-0.10728145,0.47331455,-0.14237452,-0.9890512,0.0388249
1356524057100,0.4560336,-0.09961751,-0.8843697,0.8786408,-0.107605755,0.46520045,-0.1415053,-0.98919034,0.038456142
1356524057139,0.44598868,-0.0977557,-0.8896841,0.8839518,-0.10786262,0.45496675,-0.14043924,-0.98934793,0.038305834
1356524057178,0.43333328,-0.09570232,-0.8961381,0.8904016,-0.108240426,0.44211888,-0.13931015,-0.98950756,0.03830929
1356524057224,0.41932625,-0.09351811,-0.903006,0.897264,-0.108662605,0.42791322,-0.13814074,-0.98967004,0.038345397
1356524057261,0.40430936,-0.091282606,-0.91005576,0.9042969,-0.109193295,0.41270345,-0.13704455,-0.9898204,0.038398653
1356524057303,0.3905309,-0.089452624,-0.9162335,0.91048753,-0.1095092,0.39877328,-0.13600737,-0.98995245,0.038678825
1356524057341,0.37855408,-0.088306755,-0.921357,0.915656,-0.109642535,0.38672033,-0.13516992,-0.99004066,0.039353
1356524057383,0.3697291,-0.088406265,-0.92492414,0.9193236,-0.10950935,0.37795746,-0.13470158,-0.9900465,0.04078512
1356524057418,0.36403075,-0.08932006,-0.9270941,0.92160153,-0.10936466,0.37241066,-0.13465515,-0.98998034,0.042505473
1356524057464,0.36104318,-0.09102684,-0.9280958,0.92268723,-0.10948494,0.36967736,-0.13526306,-0.9898117,0.04446052
1356524057501,0.36031017,-0.09291473,-0.9281937,0.92282164,-0.109880954,0.36922422,-0.13629714,-0.98959243,0.046152458
1356524057544,0.36091882,-0.094709516,-0.9277757,0.9223486,-0.11082941,0.37012133,-0.13787884,-0.98931634,0.047354788
1356524057578,0.3627798,-0.09621596,-0.9268945,0.9213582,-0.11197722,0.37223676,-0.13960618,-0.9890418,0.04802628
1356524057621,0.36501366,-0.09722033,-0.9259121,0.9201584,-0.11367679,0.3746814,-0.14168137,-0.98874956,0.04796453
1356524057658,0.36808082,-0.09789285,-0.9246262,0.91862035,-0.115416616,0.3779095,-0.14371186,-0.98848164,0.047443703
1356524057702,0.37110847,-0.09808034,-0.9233953,0.91707724,-0.1173867,0.3810378,-0.14576665,-0.98823106,0.046384037
1356524057740,0.37450683,-0.09813401,-0.92201644,0.9153961,-0.119192064,0.3845038,-0.14762992,-0.9880096,0.04519324
1356524057782,0.3779985,-0.09829643,-0.9205732,0.9136908,-0.12073007,0.38806376,-0.14928609,-0.9878067,0.044176742
1356524057819,0.3819684,-0.09893137,-0.9188649,0.91181594,-0.12171838,0.3921432,-0.15063804,-0.98762196,0.043714643
1356524057863,0.38655686,-0.1005204,-0.9167712,0.9097122,-0.121893525,0.39694563,-0.15164956,-0.98744,0.044325843
1356524057899,0.39230984,-0.103081465,-0.9140389,0.90714586,-0.1211158,0.4030102,-0.15224743,-0.9872715,0.04599504
1356524057937,0.39970997,-0.107222855,-0.9103489,0.9039096,-0.11884591,0.41088054,-0.1522471,-0.9871062,0.049415946
1356524057980,0.41001433,-0.11329353,-0.9050154,0.8993728,-0.11482906,0.42183283,-0.15171295,-0.9869038,0.054811552
1356524058023,0.4242588,-0.12278345,-0.8971782,0.89289916,-0.108251244,0.43705,-0.15078321,-0.98651195,0.06370674
1356524058060,0.44272822,-0.13544294,-0.8863672,0.88403976,-0.09930658,0.4567404,-0.14988443,-0.98579586,0.07577117
1356524058103,0.46529388,-0.15351179,-0.8717429,0.8724892,-0.08647603,0.4809204,-0.14921182,-0.98435557,0.09370068
1356524058140,0.48890418,-0.17340642,-0.8549286,0.8595503,-0.071427405,0.5060349,-0.14881507,-0.9822567,0.11413039
1356524058183,0.5115253,-0.1960463,-0.83660483,0.8463171,-0.053456157,0.5299902,-0.14862433,-0.97913647,0.13857321
1356524058219,0.52778494,-0.21739823,-0.82108533,0.83637005,-0.035516143,0.54701346,-0.14808151,-0.9754366,0.16308048
1356524058259,0.53734124,-0.23809385,-0.80905855,0.83063054,-0.01667127,0.55657446,-0.14600495,-0.97109914,0.18880981
1356524058299,0.53715694,-0.25818807,-0.8029952,0.8315858,0.0027779043,0.5553892,-0.14116424,-0.9660906,0.21619776
1356524058341,0.5267043,-0.27881035,-0.8030238,0.8395928,0.022919118,0.5427325,-0.13291487,-0.96007264,0.24615881
1356524058380,0.5060818,-0.30160302,-0.8080327,0.85385996,0.043035537,0.51872075,-0.121673584,-0.95246184,0.27930623
1356524058419,0.47670996,-0.32855964,-0.81535035,0.872355,0.062470675,0.4848652,-0.108371615,-0.942415,0.316401
1356524058458,0.44042537,-0.36145198,-0.8218138,0.89284706,0.080424815,0.44312078,-0.09407261,-0.9289157,0.35814244
1356524058501,0.400096,-0.40123433,-0.82397467,0.91301066,0.09642112,0.39637682,-0.079591334,-0.9108864,0.40490884
1356524058540,0.35986906,-0.4481395,-0.81833076,0.93070346,0.11088604,0.34856197,-0.06546295,-0.8870599,0.4569894
1356524058581,0.3223853,-0.5000015,-0.80378246,0.9451546,0.12297988,0.30258667,-0.052444726,-0.8572482,0.5122256
1356524058619,0.28852034,-0.5513768,-0.78277683,0.9565952,0.13098103,0.26032612,-0.04100886,-0.8239099,0.5652351
1356524058659,0.25431865,-0.59417003,-0.76307535,0.96660787,0.13047713,0.22055593,-0.03148389,-0.79368615,0.60751224
1356524058699,0.21448368,-0.62154317,-0.753446,0.9764035,0.11657077,0.18178988,-0.025160432,-0.7746582,0.63187945
1356524058739,0.16611016,-0.62997186,-0.7586454,0.9858146,0.08734518,0.14331967,-0.024023384,-0.7716905,0.63554436
1356524058780,0.10917437,-0.6173351,-0.77908814,0.9935849,0.044516087,0.10395828,-0.02949515,-0.7854397,0.6182349
1356524058821,0.047703266,-0.5833026,-0.81085294,0.99798846,-0.0061022043,0.063102394,-0.041755736,-0.812232,0.58183813
1356524058859,-0.011959434,-0.5291275,-0.84845805,0.998086,-0.057803214,0.02197957,-0.060673654,-0.8465712,0.5288061
1356524058899,-0.060879648,-0.4598455,-0.88590956,0.99447894,-0.10394484,-0.014386356,-0.08547023,-0.8818943,0.46363485
1356524058935,-0.090934515,-0.38352105,-0.9190444,0.9892591,-0.14084363,-0.039107233,-0.11444318,-0.91272926,0.39220932
1356524058980,-0.096586406,-0.30951732,-0.94597566,0.9847513,-0.16788083,-0.04561594,-0.14469227,-0.9359567,0.32101262
1356524059020,-0.075735986,-0.24621472,-0.96625173,0.98196435,-0.18677002,-0.029375881,-0.17323408,-0.95104957,0.2559193
1356524059059,-0.026078999,-0.20158723,-0.9791233,0.9798974,-0.19894809,0.014860898,-0.19779044,-0.9590528,0.20272315
1356524059104,0.04945904,-0.17937806,-0.9825362,0.9744667,-0.2070536,0.08685386,-0.2190173,-0.9617444,0.16455722
1356524059139,0.14963913,-0.18006921,-0.97220534,0.9595274,-0.2108038,0.18673226,-0.23856932,-0.96080005,0.14123683
1356524059172,0.26362598,-0.19605026,-0.9444922,0.9301845,-0.20763123,0.30273086,-0.25545654,-0.9583598,0.12762594
1356524059213,0.36994344,-0.21636838,-0.90350795,0.8896654,-0.1976648,0.41161153,-0.26765144,-0.9560927,0.119370684
1356524059259,0.4612134,-0.23136985,-0.85659224,0.8448334,-0.1805427,0.5036477,-0.27118033,-0.9559667,0.11220022
1356524059313,0.5275661,-0.22985569,-0.8178266,0.8091413,-0.15729171,0.56617117,-0.25877497,-0.96043,0.10300392
1356524059348,0.5744395,-0.2203109,-0.7883415,0.78235126,-0.13545614,0.6079294,-0.24071917,-0.9659787,0.09454912
1356524059391,0.5968996,-0.20162866,-0.7765672,0.7725369,-0.11681622,0.624132,-0.21655858,-0.97247094,0.086038046
1356524059428,0.5936574,-0.17647305,-0.7851294,0.7821995,-0.102647245,0.614514,-0.18903655,-0.9789386,0.07709985
1356524059472,0.56474406,-0.14564809,-0.812312,0.81023633,-0.089143276,0.5792845,-0.15678385,-0.98531216,0.06766625
1356524059508,0.5057801,-0.11612579,-0.85481066,0.8538543,-0.07384947,0.5152467,-0.12296069,-0.99048525,0.06180291
1356524059548,0.43227908,-0.10030058,-0.8961443,0.8974664,-0.04878238,0.43837675,-0.087685525,-0.99376047,0.06892884
1356524059589,0.35564765,-0.11415517,-0.92762244,0.93307114,-0.013751835,0.359429,-0.05378717,-0.9933678,0.10162407
1356524059628,0.29412302,-0.16802216,-0.9408827,0.9554311,0.025567979,0.294105,-0.02535966,-0.98545164,0.16805372
1356524059669,0.2529228,-0.25353718,-0.93367493,0.967469,0.060477644,0.2456547,-0.005816132,-0.96543324,0.26058555
1356524059712,0.2205382,-0.34380773,-0.9127755,0.9753728,0.08090907,0.20518717,0.0033068955,-0.93554795,0.35318422
1356524059748,0.17604685,-0.40716428,-0.8962281,0.98436826,0.0775854,0.15811256,0.005156368,-0.91005373,0.41445833
1356524059792,0.1134637,-0.42837766,-0.8964478,0.9935422,0.048803806,0.102431536,-1.2922287E-4,-0.9022809,0.43114868
1356524059828,0.041497827,-0.4164477,-0.9082121,0.9990942,0.008724213,0.041649997,-0.009421587,-0.9091178,0.4164325
1356524059907,-0.036808014,-0.37067702,-0.92803216,0.9990362,-0.035874784,-0.02529496,-0.023916632,-0.92806876,0.37164015
1356524059909,-0.10065687,-0.31048378,-0.9452344,0.9940616,-0.07086921,-0.082577795,-0.041348964,-0.9479332,0.3157735
1356524059946,-0.14872247,-0.24176323,-0.95887023,0.98685026,-0.09836441,-0.1282613,-0.06330985,-0.9653367,0.25321317
1356524059989,-0.17086256,-0.17655307,-0.9693477,0.981355,-0.11838633,-0.15141663,-0.08802441,-0.9771457,0.19348902
1356524060032,-0.16855353,-0.1204336,-0.9783075,0.97888756,-0.13687569,-0.15180352,-0.11562422,-0.98324,0.14096177
1356524060068,-0.13459188,-0.08169654,-0.9875276,0.9805422,-0.15470791,-0.120841056,-0.14290598,-0.9845767,0.10092932
1356524060112,-0.0736807,-0.06494489,-0.995165,0.98247933,-0.17601824,-0.061254382,-0.17118898,-0.9822422,0.07677609
1356524060149,0.022499919,-0.072583914,-0.99710846,0.9797149,-0.19705325,0.036451787,-0.19912934,-0.97770214,0.0666779
1356524060192,0.14329189,-0.10386667,-0.98421496,0.96313655,-0.21414232,0.1628221,-0.22767383,-0.9712645,0.069352925
1356524060229,0.27993906,-0.14773151,-0.9485829,0.9264935,-0.21726269,0.30725646,-0.2514831,-0.964869,0.076051995
1356524060272,0.40209156,-0.18769482,-0.89615464,0.8760884,-0.20555133,0.43613976,-0.2660669,-0.9604787,0.08178675
1356524060309,0.49983004,-0.21358371,-0.83937585,0.8230618,-0.18464467,0.5370992,-0.26970196,-0.95931655,0.08350169
1356524060352,0.56420165,-0.21928823,-0.7959832,0.7832818,-0.1626581,0.60001004,-0.2610482,-0.96200573,0.07999247
1356524060389,0.6004648,-0.2116006,-0.77114666,0.7607515,-0.1459536,0.6324197,-0.24637198,-0.9663968,0.07333547
1356524060432,0.61044157,-0.19031876,-0.7688563,0.7594546,-0.13501054,0.6363969,-0.22492191,-0.97239447,0.062122375
1356524060470,0.5905473,-0.16005862,-0.79097104,0.781683,-0.13013864,0.6099474,-0.20056316,-0.97849137,0.048262022
1356524060513,0.54290026,-0.120841205,-0.83105755,0.82241285,-0.12380803,0.5552555,-0.16998935,-0.9849208,0.032165945
1356524060550,0.46029818,-0.08265281,-0.88390845,0.87720275,-0.11078036,0.46716508,-0.13653213,-0.9904021,0.021511212
1356524060593,0.37063396,-0.06683156,-0.92637146,0.9234494,-0.0801816,0.37524948,-0.09935641,-0.99453735,0.03199753
1356524060641,0.29070535,-0.10007846,-0.9515644,0.9547579,-0.034800857,0.29534113,-0.062672436,-0.9943708,0.08543384
1356524060678,0.22209886,-0.17335588,-0.95948935,0.9744627,0.006074637,0.2244673,-0.033084214,-0.9848405,0.17027804
1356524060720,0.1778441,-0.26763794,-0.94696426,0.9839456,0.033782125,0.17524162,-0.014910877,-0.9629271,0.2693492
1356524060758,0.13854367,-0.34888503,-0.9268683,0.99032164,0.040979803,0.13260299,-0.008280337,-0.9362691,0.35118592
1356524060797,0.09326857,-0.39787576,-0.9126861,0.99556184,0.025711536,0.090529114,-0.012552738,-0.917079,0.398508
1356524060839,0.039011598,-0.41169062,-0.91048825,0.9989128,-0.0072023273,0.046056896,-0.025518864,-0.9112952,0.41096216
1356524060907,-0.020940721,-0.39468798,-0.9185766,0.9987861,-0.049231052,-0.0016159415,-0.04458469,-0.91749537,0.3952398
1356524060918,-0.08149499,-0.35182133,-0.9325129,0.9943484,-0.09257537,-0.051971912,-0.068042874,-0.93147814,0.35737738
1356524060955,-0.12847751,-0.2984432,-0.94574046,0.9874455,-0.1268658,-0.09410864,-0.09189603,-0.9459581,0.3109958
1356524060999,-0.16186309,-0.23936117,-0.95734346,0.9799428,-0.15326625,-0.12736347,-0.11624262,-0.9587574,0.25936848
1356524061039,-0.17570245,-0.18187174,-0.96749747,0.9743936,-0.17219806,-0.14458475,-0.14030531,-0.96812725,0.20747033
1356524061078,-0.1677534,-0.13237086,-0.97690153,0.9722023,-0.1864059,-0.14168829,-0.16334483,-0.9735146,0.15996152
1356524061119,-0.1351769,-0.09746036,-0.9860165,0.97341716,-0.19876558,-0.11380315,-0.18489489,-0.9751891,0.121738136
1356524061158,-0.075215876,-0.08263388,-0.99373746,0.97578895,-0.21134841,-0.05628279,-0.205374,-0.9739114,0.09653002
1356524061200,0.012680531,-0.090388656,-0.9958259,0.97403264,-0.22402853,0.032737583,-0.22605252,-0.970382,0.08520064
1356524061240,0.12475127,-0.11823937,-0.98511755,0.96096337,-0.23272628,0.1496256,-0.24695435,-0.9653279,0.08459079
1356524061280,0.2482183,-0.15740693,-0.95582986,0.9316187,-0.23161483,0.2800735,-0.26546988,-0.95998836,0.0891522
1356524061319,0.36571786,-0.19439402,-0.91019845,0.8885976,-0.21796581,0.4035903,-0.2768477,-0.9564004,0.093024105
1356524061360,0.46158844,-0.21781072,-0.85993874,0.8425273,-0.19575465,0.5018245,-0.27763978,-0.95615816,0.09315341
1356524061398,0.5309186,-0.22496426,-0.81701684,0.80373955,-0.1718733,0.5696158,-0.26856664,-0.9590884,0.08956197
1356524061440,0.5732484,-0.21745718,-0.7899992,0.77978927,-0.15129474,0.60748553,-0.25162476,-0.964273,0.08284128
1356524061478,0.58938396,-0.19834751,-0.783125,0.7746347,-0.13636431,0.617532,-0.22927624,-0.9705993,0.073275924
1356524061518,0.5779946,-0.16929376,-0.7982868,0.790508,-0.12663206,0.5992173,-0.2025325,-0.9773965,0.060635418
1356524061558,0.53594935,-0.13290074,-0.833724,0.8265933,-0.11830768,0.55022454,-0.17176107,-0.9840431,0.046447873
1356524061600,0.464183,-0.09692168,-0.88042057,0.87513536,-0.10316256,0.47275323,-0.13664642,-0.98993117,0.03693326
1356524061638,0.37275618,-0.07833952,-0.9246166,0.92262644,-0.07508516,0.37831563,-0.099061996,-0.99409515,0.04428965
1356524061680,0.28853056,-0.099371165,-0.9523002,0.9554844,-0.0341492,0.2930588,-0.061641842,-0.99446434,0.08509445
1356524061718,0.22250047,-0.162285,-0.9613309,0.97452605,0.008549422,0.2241112,-0.028151095,-0.98670685,0.16005328
1356524061757,0.17696935,-0.2510468,-0.9516603,0.98421514,0.043593585,0.17152327,-0.0015741289,-0.9669928,0.2547988
1356524061800,0.13266236,-0.3327464,-0.9336383,0.9910383,0.059367716,0.11965996,0.015611529,-0.9411457,0.33764032
1356524061841,0.079449,-0.38631096,-0.91894054,0.99662685,0.04979825,0.065230936,0.020562202,-0.92102325,0.38896433
1356524061915,0.01430136,-0.40681723,-0.91339767,0.9997952,0.01890415,0.007234454,0.01432395,-0.913314,0.40700424
1356524061917,-0.060068846,-0.39396322,-0.9171612,0.99819195,-0.025682569,-0.054344058,-0.002145499,-0.91876733,0.39479363
1356524061956,-0.13308913,-0.3565538,-0.92474675,0.99079263,-0.07125175,-0.11512199,-0.02484271,-0.93155384,0.36275378
1356524062000,-0.19735038,-0.30102313,-0.9329726,0.9789251,-0.11149824,-0.17109582,-0.05252099,-0.9470761,0.31668326
1356524062038,-0.24105966,-0.23987031,-0.94040024,0.9670634,-0.14096248,-0.21193877,-0.0817233,-0.9605166,0.26595008
1356524062082,-0.2643056,-0.17802641,-0.9478656,0.95795107,-0.16226721,-0.23664114,-0.11167911,-0.9705545,0.21342874
1356524062118,-0.25643748,-0.12753561,-0.95810986,0.95655394,-0.17575449,-0.23262605,-0.138724,-0.97613776,0.1670647
1356524062161,-0.22330344,-0.092622966,-0.97033834,0.960907,-0.18808448,-0.20317954,-0.16368648,-0.97777563,0.13100198
1356524062198,-0.1549747,-0.07896668,-0.98475736,0.9700554,-0.20086175,-0.13655409,-0.1870169,-0.9764316,0.10773057
1356524062241,-0.059405446,-0.0875338,-0.99438864,0.97563183,-0.21586889,-0.0392825,-0.21121901,-0.97249085,0.09822455
1356524062278,0.06428844,-0.114506215,-0.99134016,0.97030604,-0.22494799,0.08890733,-0.2331804,-0.96761906,0.09664452
1356524062322,0.19274968,-0.14924711,-0.96983135,0.9490269,-0.22284478,0.2229084,-0.24939027,-0.9633616,0.09868623
1356524062358,0.31230885,-0.17981815,-0.93280685,0.9147533,-0.2079938,0.34635964,-0.25629973,-0.9614594,0.099530935
1356524062402,0.4020856,-0.19502175,-0.8945914,0.8804487,-0.18578017,0.43622926,-0.25127143,-0.96304333,0.097007066
1356524062438,0.46173382,-0.19622341,-0.8650423,0.854267,-0.16418457,0.49322534,-0.23880902,-0.96671593,0.09181765
1356524062482,0.48989403,-0.18235058,-0.8524976,0.84404784,-0.145482,0.51615715,-0.21814466,-0.97241104,0.082641885
1356524062519,0.48572397,-0.15886027,-0.8595555,0.85223645,-0.13255215,0.50608593,-0.19433284,-0.9783626,0.07100274
1356524062562,0.45228115,-0.1258936,-0.8829454,0.87644756,-0.12060276,0.46614867,-0.16517082,-0.9846856,0.05579278
1356524062598,0.38334122,-0.09014985,-0.9191966,0.9139179,-0.10675165,0.39160943,-0.13342932,-0.9901904,0.041467324
1356524062641,0.29647803,-0.0645788,-0.9528538,0.9500631,-0.08177769,0.3011521,-0.09737024,-0.9945562,0.03710866
1356524062689,0.20793271,-0.076203525,-0.97517025,0.97642285,-0.04293096,0.21155459,-0.05798626,-0.9961676,0.06548014
1356524062729,0.12461913,-0.13088542,-0.983534,0.99194497,-0.0062422156,0.12651551,-0.022698432,-0.99137783,0.12905326
1356524062769,0.07445198,-0.22358155,-0.9718375,0.9972193,0.01986891,0.071825445,0.0032505095,-0.9744827,0.22443914
1356524062810,0.042375147,-0.3237424,-0.9451959,0.99892926,0.03130907,0.03406033,0.0185664,-0.9456271,0.3247224
1356524062849,0.008312166,-0.39929125,-0.91678643,0.9996437,0.026572883,-0.0025099814,0.025363833,-0.91643894,0.39936993
1356524062909,-0.0383659,-0.43666482,-0.89880586,0.9989475,0.005868554,-0.045491546,0.025139242,-0.89960515,0.43598005
1356524062929,-0.09809631,-0.43685824,-0.8941655,0.99500924,-0.026560843,-0.09618285,0.018268466,-0.8991381,0.43728352
1356524062968,-0.16295731,-0.40807724,-0.8982861,0.9866173,-0.062244296,-0.15070477,0.005586028,-0.9108231,0.41275918
1356524063010,-0.22471613,-0.3578459,-0.9063382,0.9743422,-0.09458798,-0.20423111,-0.012645483,-0.9289776,0.3699198
1356524063050,-0.27332026,-0.29638728,-0.91512334,0.961267,-0.11928862,-0.24846718,-0.0355213,-0.9475889,0.31751132
1356524063089,-0.30404097,-0.23112959,-0.92419595,0.95060104,-0.13733596,-0.2783818,-0.06258303,-0.96318114,0.26146778
1356524063130,-0.31255555,-0.16972041,-0.9346144,0.9454341,-0.15087366,-0.28877613,-0.091997504,-0.9738748,0.20761582
1356524063169,-0.29783434,-0.11827871,-0.94726175,0.9467964,-0.16336018,-0.27729028,-0.12194735,-0.97945064,0.16064012
1356524063208,-0.25790697,-0.08261794,-0.96263087,0.9542629,-0.17771941,-0.24041227,-0.15121588,-0.98060703,0.12467435
1356524063250,-0.19099122,-0.06708342,-0.97929674,0.96491617,-0.19594443,-0.1747641,-0.18016404,-0.9783177,0.1021536
1356524063288,-0.09566629,-0.072936326,-0.99273777,0.9733958,-0.21545506,-0.07797289,-0.20820332,-0.9737861,0.09160772
1356524063346,0.020299256,-0.09701067,-0.99507636,0.97213477,-0.23057312,0.04231,-0.23354238,-0.9682071,0.089627
1356524063376,0.14644712,-0.13116342,-0.98048425,0.9568059,-0.23286259,0.17406148,-0.2511486,-0.96362394,0.091395915
1356524063422,0.2723363,-0.15919146,-0.94894207,0.928288,-0.21605963,0.3026543,-0.25320804,-0.96331537,0.088934645
1356524063462,0.36941215,-0.1714283,-0.9133165,0.8965585,-0.19270971,0.3988054,-0.2443715,-0.9661653,0.082506195
1356524063502,0.4263314,-0.16511962,-0.88936895,0.8759166,-0.17013305,0.45146966,-0.22585756,-0.9714887,0.07209794
1356524063545,0.4466675,-0.14502093,-0.8828687,0.8718015,-0.15127397,0.46591672,-0.2011227,-0.9777961,0.058860242
1356524063589,0.43297577,-0.11413813,-0.89415014,0.8850316,-0.13438076,0.445714,-0.17102954,-0.98433447,0.042832226
1356524063640,0.38157758,-0.073239535,-0.9214307,0.9149554,-0.11173782,0.38777745,-0.13135934,-0.9910351,0.024374291
1356524063679,0.28714028,-0.037960798,-0.95713603,0.95370793,-0.08192304,0.2893609,-0.08939588,-0.9959154,0.012680113
1356524063719,0.19206041,-0.029282004,-0.9809462,0.980268,-0.04191202,0.19317871,-0.046770126,-0.9986921,0.020654589
1356524063758,0.11409414,-0.062579334,-0.99149704,0.9934215,-0.002668798,0.1144841,-0.009810448,-0.9980365,0.061863154
1356524063799,0.06416547,-0.13981381,-0.9880966,0.9978415,0.022848785,0.06156525,0.013969094,-0.98991406,0.14097819
1356524063838,0.031130314,-0.23744264,-0.9709026,0.99923277,0.030490518,0.024581939,0.023766518,-0.97092295,0.2382096
1356524063916,-0.0016611218,-0.32276827,-0.9464766,0.99969727,0.022699296,-0.009495497,0.024549216,-0.9462058,0.3226328
1356524063918,-0.04538864,-0.37474644,-0.9260156,0.99877167,0.0014179349,-0.04952857,0.019873708,-0.9271263,0.3742218
1356524063956,-0.10103053,-0.38905975,-0.9156556,0.9948292,-0.0299142,-0.09705579,0.01036939,-0.92072666,0.39007035
1356524063999,-0.1616227,-0.372295,-0.9139335,0.9868481,-0.06376487,-0.14854223,-0.0029753149,-0.9259214,0.37770447
1356524064040,-0.21966094,-0.33219907,-0.91727465,0.9753766,-0.093801916,-0.1996035,-0.019734025,-0.93853337,0.34462383
1356524064078,-0.26570106,-0.28018102,-0.9224433,0.9632504,-0.116250336,-0.24214554,-0.03938976,-0.9528822,0.30077237
1356524064120,-0.29611266,-0.2234034,-0.9286593,0.9531111,-0.1326505,-0.27199823,-0.0624218,-0.96565765,0.25220776
1356524064158,-0.30692738,-0.16899651,-0.9366087,0.9476846,-0.14494163,-0.2844045,-0.087690234,-0.9749011,0.20464191
1356524064199,-0.29719085,-0.12207678,-0.94698197,0.9480605,-0.15551668,-0.2774814,-0.11339742,-0.9802611,0.16195425
1356524064238,-0.26503807,-0.087565124,-0.9602538,0.954377,-0.1658827,-0.2482892,-0.13754803,-0.9822501,0.12753531
1356524064280,-0.20867431,-0.06949428,-0.975513,0.96491694,-0.17714858,-0.19378778,-0.1593436,-0.9817275,0.10402262
1356524064318,-0.12666684,-0.07001647,-0.9894712,0.9755845,-0.18921578,-0.111499935,-0.17941666,-0.97943616,0.09227434
1356524064359,-0.020685732,-0.08843124,-0.9958675,0.9799322,-0.1993137,-0.0026560128,-0.19825515,-0.9759375,0.09077951
1356524064398,0.101984024,-0.11916196,-0.9876233,0.97149837,-0.2016291,0.124646574,-0.2139867,-0.9721863,0.095202625
1356524064440,0.22525716,-0.15149698,-0.96244895,0.9484271,-0.19203961,0.252204,-0.22303644,-0.9696234,0.1004255
1356524064478,0.33177152,-0.17467022,-0.92704797,0.9167758,-0.17194965,0.36049324,-0.22237301,-0.96949655,0.10308544
1356524064519,0.41108608,-0.18358311,-0.8929196,0.8866954,-0.14685106,0.43841296,-0.21161145,-0.97197324,0.10241391
1356524064558,0.46035874,-0.17905569,-0.8694877,0.86652815,-0.12215954,0.4839484,-0.19286996,-0.97622544,0.098919585
1356524064600,0.47996065,-0.16418648,-0.86178917,0.8608662,-0.10104522,0.49869752,-0.16895908,-0.9812404,0.09284487
1356524064638,0.469764,-0.14165282,-0.87135315,0.87131894,-0.08421719,0.48343652,-0.14186302,-0.9863276,0.08386256
1356524064680,0.42902282,-0.113618255,-0.89611965,0.89634514,-0.069265634,0.43791294,-0.11182517,-0.9911071,0.07212463
1356524064718,0.35898083,-0.08587727,-0.9293857,0.9300003,-0.051311255,0.36395955,-0.07894379,-0.99498355,0.06144613
1356524064761,0.27221674,-0.07210255,-0.9595307,0.96130073,-0.02357626,0.27449045,-0.04241368,-0.9971185,0.062894434
1356524064800,0.18181276,-0.086125225,-0.9795543,0.9833176,0.010330856,0.18160295,-0.0055209696,-0.9962307,0.086566746
1356524064840,0.121729404,-0.1438216,-0.9820882,0.9921504,0.046167284,0.116215646,0.028625965,-0.98852617,0.14831266
1356524064915,0.084566176,-0.23153168,-0.9691448,0.9948817,0.07360691,0.06922704,0.055307537,-0.9700387,0.23657131
1356524064918,0.06171018,-0.32364157,-0.9441652,0.9955511,0.08744341,0.035094827,0.071202874,-0.94213045,0.32759786
1356524064955,0.033411384,-0.39146635,-0.9195857,0.996524,0.08330274,7.4490905E-4,0.07631239,-0.916414,0.3928889
1356524064998,-0.0075680017,-0.42422086,-0.9055272,0.99746567,0.060863316,-0.03684953,0.070745766,-0.90351117,0.42268512
1356524065039,-0.060665965,-0.4234926,-0.90386593,0.99658924,0.025051773,-0.07862708,0.055941403,-0.9055531,0.42052844
1356524065081,-0.12141144,-0.39311525,-0.9114383,0.99204946,-0.017415822,-0.12463784,0.033123672,-0.9193243,0.3921042
1356524065129,-0.1860748,-0.33301473,-0.92437947,0.982535,-0.062042773,-0.17542997,0.0010696948,-0.9408783,0.33874324
1356524065172,-0.22812873,-0.2667106,-0.93638813,0.9730879,-0.09457469,-0.21013209,-0.032514125,-0.95912516,0.28110808
1356524065209,-0.2464763,-0.20544076,-0.94712377,0.9669733,-0.11757541,-0.22613859,-0.06490037,-0.9715812,0.22763526
1356524065252,-0.24583858,-0.150947,-0.95748544,0.96442246,-0.13717037,-0.22599486,-0.0972254,-0.97897875,0.17929849
1356524065289,-0.21650773,-0.110346794,-0.9700247,0.9681119,-0.15253252,-0.19872919,-0.12603116,-0.98211884,0.13985252
1356524065333,-0.16623467,-0.08602643,-0.9823266,0.97439766,-0.16725904,-0.15024534,-0.15137795,-0.9821527,0.111628175
1356524065369,-0.084163785,-0.08091831,-0.99316096,0.98142254,-0.17918736,-0.0685696,-0.17241332,-0.98048156,0.09449607
1356524065412,0.017827034,-0.0947828,-0.9953383,0.98153484,-0.18796402,0.03547901,-0.19045067,-0.9775918,0.089681834
1356524065459,0.1427139,-0.12388939,-0.9819797,0.9682755,-0.18813813,0.1644583,-0.2051225,-0.9742974,0.09310916
1356524065498,0.2751191,-0.1541928,-0.9489647,0.9374347,-0.1760352,0.3003795,-0.21336755,-0.9722326,0.09611505
1356524065541,0.38186482,-0.1723057,-0.9080143,0.8994366,-0.15670136,0.40799326,-0.21258664,-0.97249955,0.09513931
1356524065578,0.45888722,-0.17599538,-0.87088925,0.86496234,-0.13560468,0.48316813,-0.2031321,-0.9750061,0.090002134
1356524065621,0.5061226,-0.16608751,-0.8463184,0.8423058,-0.115716666,0.526432,-0.18536693,-0.97929806,0.081329644
1356524065658,0.52651536,-0.14843965,-0.83710647,0.8342255,-0.09956959,0.5423595,-0.16385797,-0.98389614,0.07140723
1356524065699,0.52176905,-0.124483675,-0.8439555,0.8417157,-0.085865915,0.53304946,-0.13882297,-0.9884993,0.059977695
1356524065738,0.48841187,-0.095544964,-0.86736673,0.86557436,-0.07295045,0.49543852,-0.11061144,-0.99274844,0.047071397
1356524065781,0.42582345,-0.065731764,-0.9024155,0.90134984,-0.056277514,0.42941993,-0.079012156,-0.99624914,0.035282984
1356524065819,0.34113014,-0.0456582,-0.93890655,0.9390043,-0.029777467,0.3426137,-0.043601364,-0.9985132,0.03271526
1356524065859,0.25147852,-0.05177602,-0.96647704,0.96784663,0.007671267,0.25142398,-0.0056036115,-0.99862933,0.052040398
1356524065913,0.17867762,-0.097234875,-0.9790913,0.9833964,0.049724758,0.17452502,0.031715155,-0.99401855,0.10450515
1356524065939,0.13125229,-0.17863774,-0.9751212,0.9892919,0.08693552,0.117233485,0.063830316,-0.98006666,0.18813542
1356524065978,0.10074782,-0.27257943,-0.95684385,0.9910954,0.11165428,0.0725469,0.0870609,-0.9556326,0.2814012
1356524066017,0.07016224,-0.3494061,-0.9343407,0.99257183,0.11777681,0.030491143,0.09938988,-0.9295397,0.35507414
1356524066068,0.021589518,-0.38618216,-0.9221699,0.99506557,0.09764701,-0.017595977,0.09684241,-0.91723967,0.38638467
1356524066112,-0.042712808,-0.38733438,-0.92094934,0.9955009,0.061535418,-0.07205108,0.08457887,-0.9198834,0.3829634
1356524066148,-0.10837245,-0.36358288,-0.92523676,0.9918895,0.022631764,-0.1250729,0.06641412,-0.931287,0.35818133
1356524066191,-0.17429245,-0.3162832,-0.93251646,0.98381317,-0.015887976,-0.17849126,0.041637987,-0.94853175,0.3139328
1356524066228,-0.22353154,-0.26044852,-0.9392551,0.9745802,-0.044828832,-0.21950781,0.015064776,-0.9644464,0.26384866
1356524066266,-0.25708985,-0.20060846,-0.94533646,0.9662938,-0.06698358,-0.24857482,-0.013455838,-0.97737885,0.21106756
1356524066305,-0.26619858,-0.145388,-0.95289063,0.9630035,-0.08316755,-0.25633436,-0.041981637,-0.9858729,0.1621483
1356524066362,-0.253698,-0.096778095,-0.96243,0.96441907,-0.10182434,-0.24398327,-0.07438651,-0.9900838,0.11916727
1356524066409,-0.18765032,-0.07077259,-0.9796829,0.9765611,-0.12050116,-0.17834732,-0.10543087,-0.99018717,0.091725856
1356524066448,-0.08384991,-0.069218546,-0.9940714,0.98746383,-0.13965297,-0.073568314,-0.13373274,-0.9877782,0.08006072
1356524066489,0.043938518,-0.09045401,-0.9949309,0.98618066,-0.15531188,0.057672232,-0.15974122,-0.98371553,0.08237976
1356524066528,0.18524176,-0.12641168,-0.9745283,0.9657897,-0.15972477,0.20429951,-0.18148217,-0.97903425,0.092499375
1356524066570,0.31870493,-0.16285604,-0.9337586,0.92745334,-0.14970759,0.34266326,-0.1955955,-0.9752259,0.10332881
1356524066608,0.42667645,-0.18724722,-0.8848083,0.88198286,-0.13034451,0.4528981,-0.20013377,-0.9736267,0.10953386
1356524066649,0.50165546,-0.19514003,-0.8427706,0.8426918,-0.10991159,0.5270581,-0.19548032,-0.97459733,0.10930511
1356524066688,0.54555833,-0.18846491,-0.81660706,0.8177378,-0.093634784,0.5679238,-0.18349653,-0.97760594,0.103031605
1356524066729,0.5606644,-0.17002943,-0.81039834,0.811304,-0.08299342,0.57870376,-0.16565436,-0.981938,0.091414094
1356524066768,0.54648894,-0.14203426,-0.82533395,0.82518494,-0.07683349,0.55961275,-0.14289746,-0.9868753,0.075215876
1356524066810,0.5009948,-0.10692865,-0.85881925,0.8577625,-0.07062432,0.5091716,-0.115098566,-0.99175525,0.056336984
1356524066848,0.42483255,-0.07169935,-0.9024281,0.9015883,-0.056325644,0.42891237,-0.081582606,-0.9958346,0.040714353
1356524066911,0.32958543,-0.052071482,-0.9426887,0.94315696,-0.027061999,0.33124396,-0.04275939,-0.9982766,0.040192306
1356524066930,0.2380771,-0.06743172,-0.9689026,0.97124267,0.013805032,0.23769134,-0.0026521683,-0.9976284,0.06877917
1356524066969,0.17058924,-0.12612194,-0.9772372,0.9848296,0.05381283,0.1649696,0.031781644,-0.9905542,0.13338846
1356524067009,0.12588215,-0.21231025,-0.9690604,0.99055475,0.08042681,0.111053675,0.054360628,-0.97388697,0.22042918
1356524067049,0.08796841,-0.29470286,-0.9515313,0.99411726,0.0865652,0.06509501,0.06318578,-0.95166,0.30058423
1356524067088,0.04134184,-0.34840158,-0.9364332,0.99730766,0.07120341,0.017537981,0.06056699,-0.93463707,0.3504072
1356524067130,-0.018700838,-0.36545378,-0.93064165,0.99858505,0.0395177,-0.03558436,0.049781233,-0.9299903,0.36419767
1356524067168,-0.086603045,-0.35058382,-0.93251866,0.9956596,0.0015705824,-0.093057394,0.03408903,-0.9365301,0.34892604
1356524067210,-0.15385997,-0.31132996,-0.9377637,0.987983,-0.034333408,-0.15070114,0.014721125,-0.9496814,0.31287128
1356524067248,-0.20951593,-0.25880054,-0.9429344,0.9777777,-0.0626896,-0.20005205,-0.0073386133,-0.96389437,0.26618388
1356524067289,-0.24780685,-0.20104787,-0.9477191,0.9682839,-0.08361441,-0.23544621,-0.03190705,-0.9760064,0.21539164
1356524067338,-0.2689287,-0.1382336,-0.9531888,0.9611533,-0.102366984,-0.25633025,-0.062141627,-0.98509514,0.16039312
1356524067382,-0.25005257,-0.08856353,-0.9641733,0.96390414,-0.116820276,-0.23925236,-0.09144595,-0.9891964,0.11457807
1356524067418,-0.2018171,-0.05747029,-0.97773564,0.9723394,-0.13160366,-0.19296777,-0.11758363,-0.9896351,0.082440466
1356524067462,-0.12719363,-0.04946688,-0.9906436,0.98167336,-0.14917493,-0.11859292,-0.1419127,-0.9875727,0.06753442
1356524067498,-0.018354595,-0.062904745,-0.9978507,0.986271,-0.16495293,-0.007742971,-0.16411144,-0.98429334,0.06506884
1356524067542,0.109624624,-0.09357056,-0.989559,0.97671795,-0.17455673,0.12470776,-0.18440312,-0.98019105,0.0722563
1356524067578,0.2466178,-0.12940657,-0.9604341,0.9484441,-0.17135817,0.26662743,-0.19908154,-0.9766731,0.08047491
1356524067621,0.36412016,-0.15640515,-0.91812515,0.90857416,-0.15703306,0.38708332,-0.20471784,-0.9751297,0.08492684
1356524067659,0.45570955,-0.16967922,-0.8738065,0.8669146,-0.13812503,0.4789369,-0.20196024,-0.97577167,0.084152535
1356524067702,0.5145049,-0.16650918,-0.84116554,0.836187,-0.11986199,0.53518647,-0.18993723,-0.97872764,0.07756318
1356524067749,0.5407416,-0.1480551,-0.8280568,0.82409644,-0.10419184,0.55678463,-0.16871163,-0.9834753,0.06567085
1356524067789,0.5333483,-0.12178016,-0.83708376,0.8335249,-0.09296143,0.544605,-0.14413851,-0.9881942,0.051925912
1356524067829,0.4966921,-0.08960697,-0.86328876,0.86020124,-0.08159307,0.50338477,-0.11554524,-0.99262935,0.036553428
1356524067870,0.4294751,-0.055540264,-0.9013691,0.89938307,-0.06389901,0.432466,-0.081615955,-0.99640954,0.022508979
1356524067909,0.33922663,-0.032028854,-0.9401593,0.93976766,-0.033059567,0.34021154,-0.041977823,-0.9989401,0.018884987
1356524067944,0.24655119,-0.03739214,-0.9684082,0.96912956,0.010234803,0.24633965,7.003844E-4,-0.99924827,0.03876117
1356524067989,0.1764952,-0.08549553,-0.9805814,0.98344177,0.05694419,0.17204508,0.04112926,-0.99470985,0.09413034
1356524068028,0.13194028,-0.16810873,-0.9768988,0.98857737,0.094739825,0.11721438,0.07284644,-0.9812053,0.17868853
1356524068072,0.10319793,-0.26029015,-0.9599996,0.9904585,0.115517735,0.075151265,0.09133583,-0.9585952,0.26972774
1356524068108,0.07032102,-0.3310995,-0.94097185,0.9928397,0.114545286,0.033892184,0.09656218,-0.9366175,0.33678368
1356524068150,0.024141967,-0.3653061,-0.93057436,0.9956844,0.09222257,-0.010371685,0.08960885,-0.926308,0.36595604
1356524068188,-0.033387482,-0.36490873,-0.9304445,0.99668264,0.05698067,-0.05811146,0.07422271,-0.92929804,0.36179578
1356524068227,-0.097257495,-0.33506784,-0.9371609,0.993894,0.016605973,-0.10908237,0.05211246,-0.9420477,0.33140686
1356524068268,-0.15746623,-0.28584722,-0.94524896,0.9871912,-0.020704508,-0.15819216,0.025647849,-0.95805144,0.2854462
1356524068309,-0.2058348,-0.22715715,-0.9518569,0.97858167,-0.050916135,-0.19946295,-0.00315547,-0.97252613,0.23277214
1356524068349,-0.23643064,-0.1676332,-0.9570787,0.9711182,-0.073302865,-0.22705981,-0.032093883,-0.98312044,0.18012273
1356524068389,-0.24545664,-0.114429384,-0.9626302,0.9675976,-0.08957189,-0.2360757,-0.0592106,-0.98938507,0.1327076
1356524068428,-0.2294572,-0.074031204,-0.9704993,0.9697255,-0.102988005,-0.22141808,-0.08355793,-0.99192387,0.095421255
1356524068469,-0.18512362,-0.051332742,-0.98137367,0.97701347,-0.11703354,-0.17817944,-0.1057072,-0.9918005,0.07181847
1356524068540,-0.11129385,-0.048342377,-0.99261105,0.9855715,-0.13353902,-0.104000896,-0.12752464,-0.98986375,0.062506914
1356524068544,-0.008771598,-0.06440365,-0.9978854,0.9886427,-0.15028203,0.001008898,-0.15002924,-0.9865432,0.06499037
1356524068586,0.11451256,-0.093857646,-0.988978,0.9786527,-0.16036594,0.12853631,-0.17066249,-0.9825851,0.07349014
1356524068629,0.239245,-0.12631088,-0.96270835,0.9531153,-0.15866125,0.25767788,-0.18529198,-0.97922015,0.082429916
1356524068668,0.34735426,-0.15063855,-0.92555547,0.91819537,-0.14579675,0.36832112,-0.19042632,-0.97777873,0.08767252
1356524068709,0.4278488,-0.16084859,-0.8894229,0.88463795,-0.12729111,0.4485671,-0.18536708,-0.9787362,0.08783148
1356524068748,0.47804037,-0.1569123,-0.8642082,0.8613752,-0.108682066,0.49620637,-0.17178485,-0.98161423,0.083206
1356524068790,0.49824595,-0.14124385,-0.8554537,0.8536335,-0.09289414,0.51252353,-0.15185747,-0.9856068,0.07428639
1356524068830,0.4878066,-0.116159886,-0.86518884,0.86367345,-0.07989785,0.4976793,-0.12693706,-0.99001175,0.061349496
1356524068870,0.44515947,-0.08501679,-0.8914063,0.8900753,-0.06690821,0.4508761,-0.09797442,-0.9941305,0.045886517
1356524068909,0.37293568,-0.05405414,-0.92628133,0.92561924,-0.047620445,0.37544805,-0.06440452,-0.9974018,0.032274216
1356524068946,0.28143013,-0.037642747,-0.9588431,0.95922315,-0.016280055,0.2821808,-0.026232064,-0.9991586,0.03152609
1356524068989,0.19122452,-0.053408682,-0.9800922,0.9814505,0.024359584,0.19016209,0.013718367,-0.99827564,0.057076126
1356524069030,0.12657577,-0.11259565,-0.9855459,0.99064505,0.065428495,0.119755626,0.050998777,-0.9914844,0.11982399
1356524069069,0.08422363,-0.2010485,-0.97595394,0.99319935,0.09594911,0.06594622,0.08038357,-0.9748709,0.20776242
1356524069110,0.052093685,-0.29145554,-0.9551649,0.9938034,0.10917252,0.020888507,0.09818971,-0.9503342,0.2953367
1356524069152,0.010279417,-0.3561376,-0.934377,0.9945886,0.10024947,-0.02726823,0.10338205,-0.9290404,0.35524088
1356524069191,-0.04733169,-0.38440907,-0.9219487,0.9942781,0.070356846,-0.08038044,0.0957644,-0.92047787,0.37887943
1356524069228,-0.117319405,-0.37907466,-0.917899,0.9900148,0.028088033,-0.13813654,0.07814604,-0.92493975,0.37199426
1356524069270,-0.19389796,-0.3439444,-0.9187523,0.9796287,-0.01799357,-0.20000958,0.052260518,-0.9388176,0.34042677
1356524069309,-0.2629617,-0.29151782,-0.91971105,0.9645411,-0.05708754,-0.25768456,0.022615552,-0.9548603,0.29619285
1356524069348,-0.3197962,-0.22716069,-0.9198524,0.9474249,-0.0877254,-0.30771795,-0.01079306,-0.9698981,0.24327198
1356524069401,-0.3603233,-0.15157369,-0.92043054,0.93143296,-0.11239368,-0.34612182,-0.05098763,-0.98203516,0.18167883
1356524069445,-0.35273862,-0.09290108,-0.9310988,0.93179,-0.12599844,-0.34042883,-0.08569074,-0.9876709,0.1310088
1356524069487,-0.32070172,-0.053035825,-0.9456942,0.94023585,-0.13850582,-0.31108308,-0.11448559,-0.9889405,0.09428525
1356524069530,-0.2620464,-0.034501165,-0.9644383,0.95498395,-0.15327227,-0.25399446,-0.13905859,-0.9875815,0.07311255
1356524069569,-0.1728543,-0.037557006,-0.98423123,0.97162354,-0.17031008,-0.16414124,-0.16145983,-0.98467463,0.06593007
1356524069609,-0.05716437,-0.059558243,-0.9965867,0.9815948,-0.1855455,-0.045215815,-0.18221918,-0.980829,0.06906867
1356524069649,0.07436222,-0.09294638,-0.99289036,0.9772854,-0.19134516,0.09110567,-0.19845271,-0.97711205,0.07660627
1356524069689,0.20143938,-0.12504363,-0.9714867,0.9576547,-0.18316203,0.22214678,-0.20571747,-0.9750979,0.08285251
1356524069729,0.3040281,-0.14473936,-0.9416036,0.9311595,-0.1636675,0.32581413,-0.20126802,-0.97583985,0.08501591
1356524069768,0.37486178,-0.14872447,-0.91507363,0.90815663,-0.1395064,0.39470184,-0.18636048,-0.97898877,0.08276951
1356524069809,0.4140366,-0.13950899,-0.8995059,0.89528394,-0.116104335,0.43010038,-0.1644395,-0.9833905,0.07682876
1356524069848,0.42323986,-0.12071708,-0.8979395,0.89541256,-0.0954639,0.43488273,-0.13821858,-0.988086,0.06768747
1356524069919,0.40287215,-0.09511465,-0.9103006,0.9087742,-0.07658982,0.4101992,-0.1087358,-0.99251556,0.055581853
1356524069925,0.35358763,-0.066539586,-0.93303174,0.9323059,-0.056012332,0.35730708,-0.07603639,-0.99621034,0.04222998
1356524069965,0.2812246,-0.04387456,-0.9586384,0.95878845,-0.029276729,0.28260854,-0.040465146,-0.998608,0.033833057
1356524070008,0.20120195,-0.041946143,-0.9786513,0.9795437,0.005080074,0.2011677,-0.0034665167,-0.999107,0.042110145
1356524070049,0.13313153,-0.07547453,-0.98822045,0.9905931,0.04197201,0.13024563,0.031647444,-0.99626404,0.08035225
1356524070088,0.089389,-0.1487295,-0.9848294,0.9941855,0.07292941,0.07922441,0.060039967,-0.986185,0.15438381
1356524070127,0.06472921,-0.2450948,-0.9673359,0.99485207,0.09159148,0.04336384,0.07797152,-0.965163,0.2497617
1356524070168,0.04384178,-0.33538014,-0.9410622,0.99541646,0.094803154,0.0125876665,0.08499405,-0.9373007,0.33799925
1356524070209,0.012416959,-0.39700273,-0.9177335,0.99650395,0.08074671,-0.02144754,0.08261877,-0.91425866,0.39661732
1356524070250,-0.034499526,-0.42308265,-0.905434,0.9967894,0.05093199,-0.0617795,0.07225335,-0.90465844,0.41996723
1356524070289,-0.09357357,-0.4165127,-0.9043015,0.99408114,0.011269331,-0.10805407,0.05519688,-0.9090601,0.41299284
1356524070328,-0.1571638,-0.38355866,-0.91004527,0.98702145,-0.03022331,-0.15771917,0.03298998,-0.9230219,0.38333058
1356524070369,-0.21608621,-0.33205026,-0.9181771,0.9763474,-0.066509545,-0.20572361,0.007243067,-0.9409139,0.3385682
1356524070408,-0.26221514,-0.27040043,-0.92635137,0.96478903,-0.09397602,-0.24566397,-0.0206272,-0.9581504,0.28552124
1356524070450,-0.29041702,-0.20595643,-0.93447316,0.95562756,-0.11277342,-0.27213633,-0.04933548,-0.97204125,0.2295689
1356524070488,-0.29635066,-0.14661607,-0.9437584,0.9519981,-0.124653876,-0.27957264,-0.0766533,-0.98130786,0.17651951
1356524070530,-0.28033137,-0.09735003,-0.954954,0.95452726,-0.13341337,-0.26660568,-0.10144961,-0.9862676,0.13032323
1356524070568,-0.23855162,-0.06349036,-0.9690522,0.96329534,-0.14196509,-0.22783318,-0.12310636,-0.9878335,0.09502596
1356524070629,-0.1719439,-0.047638983,-0.9839542,0.97470117,-0.15302026,-0.16291833,-0.14280367,-0.98707414,0.07274473
1356524070657,-0.07752466,-0.053433627,-0.99555755,0.9833907,-0.16846871,-0.06753519,-0.16411164,-0.9842577,0.065606594
