1356523357418,0.27768913,0.118423134,0.953344,-0.9481156,0.193701,0.25210494,-0.15480864,-0.973887,0.16606742
1356523357442,0.17613372,0.13821429,0.9746147,-0.97211784,0.18012652,0.15013796,-0.15480274,-0.97388464,0.16608688
1356523357478,0.17621523,0.13827288,0.97459155,-0.97210693,0.18012458,0.15021035,-0.15477782,-0.9738766,0.1661568
1356523357517,0.17648417,0.13848168,0.9745133,-0.97207826,0.18007666,0.15045375,-0.154652,-0.9738559,0.1663957
1356523357558,0.17663163,0.13888028,0.97442985,-0.9721036,0.17983514,0.15057898,-0.1543242,-0.9738437,0.1667706
1356523357596,0.17602637,0.13941109,0.9744636,-0.97230804,0.17921415,0.14999774,-0.15372625,-0.9738823,0.16709697
1356523357638,0.17386788,0.1398763,0.97478443,-0.97282773,0.17808002,0.1479654,-0.15289277,-0.9740237,0.16703793
1356523357677,0.16934374,0.13987222,0.97558105,-0.9737749,0.17635044,0.14374629,-0.15193805,-0.9743389,0.16606793
1356523357716,0.16182739,0.13889039,0.97699606,-0.97520244,0.17397273,0.13679817,-0.1509707,-0.9749067,0.16359976
1356523357756,0.15118104,0.13650692,0.97903526,-0.9770576,0.17093462,0.12704217,-0.15000889,-0.97578025,0.15921724
1356523357797,0.13808337,0.1326862,0.9814924,-0.9791593,0.16730341,0.115137696,-0.14892983,-0.976936,0.15302274
1356523357838,0.1240316,0.12786147,0.9840059,-0.9812623,0.16315967,0.10248488,-0.14744619,-0.9782793,0.14570263
1356523357876,0.110854894,0.12282053,0.9862181,-0.98317266,0.15853217,0.09076944,-0.14519894,-0.97968495,0.13832784
1356523357918,0.09981543,0.11828235,0.98795044,-0.9848397,0.15331787,0.08114514,-0.14187238,-0.9810723,0.13179263
1356523357958,0.09114823,0.11458558,0.989223,-0.9863294,0.14732811,0.07381603,-0.13728204,-0.98242784,0.12644783
1356523357996,0.084187895,0.11158973,0.99018186,-0.98773664,0.1404706,0.06814951,-0.1314866,-0.9837763,0.122047246
1356523358036,0.07749832,0.10857707,0.9910626,-0.989139,0.13289738,0.06278816,-0.124892294,-0.98516464,0.11769712
1356523358078,0.06873983,0.10403842,0.992195,-0.990614,0.12489945,0.055533767,-0.118146926,-0.9866996,0.11164752
1356523358118,0.054838926,0.095685035,0.9938999,-0.992198,0.116838545,0.04349664,-0.11196381,-0.98853076,0.10134584
1356523358158,0.032883137,0.080917984,0.99617827,-0.9936973,0.10951862,0.023905218,-0.107165724,-0.99068564,0.08400926
1356523358199,0.0060070455,0.060013413,0.99817955,-0.99448895,0.10484114,-3.1849742E-4,-0.10466945,-0.9926766,0.06031245
1356523358239,-0.024607241,0.032549113,0.9991672,-0.9941025,0.10479486,-0.027896315,-0.105615616,-0.9939611,0.02977842
1356523358278,-0.046892136,0.0022423863,0.99889743,-0.99286205,0.10967937,-0.046855032,-0.10966349,-0.9939645,-0.0029166937
1356523358322,-0.061909378,-0.031272978,0.99759173,-0.991143,0.11957973,-0.057760507,-0.117485404,-0.992332,-0.0383991
1356523358358,-0.05814433,-0.066346616,0.99610114,-0.9901483,0.13114583,-0.049061686,-0.12737945,-0.9891405,-0.07331836
1356523358399,-0.04671654,-0.10486224,0.9933889,-0.9890164,0.14446208,-0.031261444,-0.14022887,-0.98393834,-0.11045927
1356523358443,-0.02051434,-0.14728367,0.98888147,-0.9877943,0.15574053,0.0027041733,-0.15440723,-0.9767561,-0.14868093
1356523358475,0.0076673627,-0.19441399,0.9808897,-0.98551536,0.16471583,0.040350467,-0.16941276,-0.9669912,-0.19033504
1356523358518,0.04017824,-0.24540827,0.9685868,-0.98223007,0.16815722,0.083349705,-0.18332955,-0.95472395,-0.23429114
1356523358557,0.06826569,-0.2993187,0.95170796,-0.9783863,0.16655077,0.12256065,-0.19519234,-0.93950474,-0.2814796
1356523358599,0.09488048,-0.35331947,0.93067884,-0.97425133,0.15912314,0.15973148,-0.20452881,-0.92187047,-0.32912427
1356523358639,0.11276035,-0.4061868,0.90680623,-0.9707689,0.14957206,0.18771207,-0.21187904,-0.9014658,-0.37744772
1356523358677,0.12940373,-0.45389694,0.8816078,-0.96731335,0.13775285,0.21290597,-0.21808138,-0.88034177,-0.4212349
1356523358725,0.14855915,-0.49199182,0.8578311,-0.963098,0.124893546,0.23841941,-0.22443798,-0.8615948,-0.45528227
1356523358760,0.18455914,-0.514925,0.8371321,-0.955531,0.10531673,0.27544296,-0.22999647,-0.85074115,-0.47258967
1356523358800,0.24345976,-0.51632726,0.8210563,-0.94140685,0.07792252,0.32814822,-0.23341066,-0.8528389,-0.467103
1356523358838,0.31836706,-0.49784848,0.80671513,-0.9188316,0.04730183,0.39180487,-0.23321855,-0.8659732,-0.4423796
1356523358879,0.40773195,-0.4556433,0.7912925,-0.8844075,0.018474586,0.46634978,-0.22710794,-0.8899707,-0.3954417
1356523358917,0.48962373,-0.39989346,0.77482504,-0.8449095,0.0019270852,0.5349058,-0.21539849,-0.9165596,-0.33693025
1356523358960,0.5616577,-0.3325832,0.757581,-0.80377924,-0.0022434592,0.5949234,-0.1961619,-0.94307125,-0.2685835
1356523358998,0.6100188,-0.26564544,0.7465316,-0.7733504,0.005676411,0.63395333,-0.17264438,-0.964054,-0.2019743
1356523359038,0.6410124,-0.20100185,0.7407439,-0.75359035,0.018282354,0.6570902,-0.14561892,-0.9794203,-0.13975385
1356523359078,0.65292,-0.14175442,0.74404377,-0.7481686,0.032419853,0.66271615,-0.11806476,-0.9893708,-0.08488864
1356523359119,0.6470462,-0.089947075,0.7571267,-0.75680137,0.044893086,0.6521016,-0.09264442,-0.99493426,-0.039024174
1356523359159,0.622917,-0.047119766,0.7808676,-0.77905726,0.05325751,0.62468654,-0.07102212,-0.9974684,-0.0035339743
1356523359200,0.5798665,-0.013816029,0.8145943,-0.81299686,0.055021554,0.57966256,-0.05282885,-0.9983895,0.020672783
1356523359236,0.5151155,0.010162234,0.8570605,-0.8563346,0.04891838,0.51409924,-0.03670162,-0.99875104,0.033900887
1356523359276,0.42895022,0.024961501,0.9029832,-0.9030589,0.036250383,0.42798415,-0.02205035,-0.99903095,0.03809133
1356523359318,0.3238214,0.032008678,0.94557655,-0.9460561,0.02240029,0.32322735,-0.010835081,-0.9992365,0.037535727
1356523359359,0.20995617,0.03444913,0.9771037,-0.9776888,0.014104366,0.2095846,-0.0065614283,-0.9993069,0.036641806
1356523359398,0.104928255,0.03598538,0.99382854,-0.9944142,0.015279233,0.104436874,-0.011426717,-0.9992355,0.03738758
1356523359451,0.025782973,0.039764613,0.99887633,-0.9993597,0.025818735,0.024767607,-0.02480483,-0.9988754,0.040404826
1356523359478,-0.01585555,0.047316402,0.99875414,-0.9988985,0.043367922,-0.017912477,-0.04416147,-0.99793804,0.04657668
1356523359518,-0.014956653,0.058298618,0.9981871,-0.997646,0.06594777,-0.01880017,-0.066924274,-0.99611855,0.05717498
1356523359572,0.029883564,0.07175034,0.9969748,-0.99518913,0.09524065,0.022975683,-0.09330401,-0.9928651,0.074251264
1356523359603,0.116004765,0.07841855,0.9901482,-0.9856964,0.13178802,0.105045676,-0.12225214,-0.9881712,0.09258491
1356523359642,0.21858361,0.06646532,0.973552,-0.96384186,0.17053404,0.20476091,-0.1524142,-0.98310757,0.10133803
1356523359682,0.294807,0.027866453,0.95515037,-0.9371916,0.20346227,0.28332806,-0.18644169,-0.9786861,0.08609834
1356523359722,0.3357941,-0.042170614,0.9409909,-0.91431177,0.22556771,0.33638245,-0.22644266,-0.97331434,0.03718722
1356523359762,0.33744496,-0.14064506,0.9307791,-0.9012561,0.23721142,0.36258543,-0.2717873,-0.961223,-0.046711445
1356523359803,0.32446474,-0.24468502,0.91370225,-0.89258325,0.24051724,0.38137454,-0.3130778,-0.939298,-0.14036244
1356523359843,0.32470965,-0.32686186,0.8875387,-0.88269925,0.23231876,0.40849727,-0.33971402,-0.9160728,-0.21308458
1356523359883,0.3572444,-0.37243786,0.8565433,-0.86675394,0.20950451,0.45259863,-0.3480145,-0.9041006,-0.2479676
1356523359924,0.42208913,-0.3789429,0.823555,-0.8405475,0.17670879,0.51210713,-0.33958873,-0.9083921,-0.24393263
1356523359963,0.49880612,-0.35692465,0.7898084,-0.8052288,0.14626157,0.57464254,-0.32062268,-0.9226117,-0.21444985
1356523360005,0.57578826,-0.31215152,0.75566477,-0.76344526,0.12550592,0.6335609,-0.29260737,-0.9417057,-0.16604578
1356523360055,0.6466251,-0.24640988,0.72191286,-0.7192083,0.118430875,0.6846266,-0.25419554,-0.9619024,-0.10063964
1356523360094,0.68432873,-0.18220246,0.7060428,-0.6960637,0.12523186,0.706974,-0.2172315,-0.97525346,-0.04112476
1356523360135,0.70134026,-0.12391397,0.7019738,-0.6890602,0.13431633,0.71214825,-0.18253168,-0.98316044,0.00881727
1356523360176,0.6957395,-0.07337296,0.7145368,-0.70240647,0.13856909,0.6981574,-0.1502386,-0.98763096,0.044870347
1356523360215,0.6652125,-0.031815886,0.7459759,-0.73703474,0.13187611,0.6628639,-0.11946601,-0.9907555,0.06427622
1356523360255,0.60588175,1.7544627E-4,0.79555464,-0.7905078,0.112593666,0.6020133,-0.08946875,-0.9936411,0.06835717
1356523360295,0.5126419,0.022331357,0.858312,-0.8563627,0.085458264,0.5092542,-0.061977535,-0.9960915,0.06293321
1356523360335,0.3846782,0.034940362,0.9223892,-0.92211306,0.059577435,0.38230622,-0.041595697,-0.997612,0.05513704
1356523360375,0.23616654,0.040478647,0.97086906,-0.97116846,0.043266,0.23443541,-0.032515973,-0.9982432,0.049529552
1356523360455,0.09791589,0.044086635,0.99421763,-0.99457484,0.039587438,0.09619555,-0.035117507,-0.998243,0.04772371
1356523360456,1.4775991E-4,0.050628692,0.9987174,-0.9988929,0.046988666,-0.0022342503,-0.047041506,-0.9976115,0.050579578
1356523360498,-0.04216671,0.061540037,0.9972135,-0.997059,0.061338842,-0.045945555,-0.06399536,-0.9962181,0.058772624
1356523360543,-0.026016235,0.07780224,0.9966293,-0.9959803,0.08346254,-0.03251487,-0.08571094,-0.99346906,0.07531816
1356523360580,0.045053214,0.09145677,0.99478936,-0.99305105,0.11247215,0.034634203,-0.108718544,-0.989437,0.095888466
1356523360619,0.1387938,0.09789166,0.98547125,-0.9808724,0.15072319,0.12317404,-0.13647568,-0.9837173,0.11693868
1356523360658,0.24023554,0.08249697,0.9672028,-0.955848,0.19381687,0.2208837,-0.169238,-0.9775629,0.12541625
1356523360698,0.30347258,0.032933116,0.95227087,-0.9293675,0.23069352,0.28819546,-0.21019152,-0.972469,0.10061613
1356523360738,0.3333562,-0.049256116,0.9415134,-0.90738213,0.25438917,0.33458018,-0.25599098,-0.9658468,0.040108055
1356523360777,0.32672966,-0.1533499,0.93259406,-0.8960967,0.26340044,0.3572549,-0.3004307,-0.9524201,-0.05135563
1356523360822,0.31927994,-0.25195238,0.9135537,-0.8884529,0.25582007,0.38106096,-0.32971457,-0.93331456,-0.1421696
1356523360863,0.34850442,-0.3165596,0.8822328,-0.87400156,0.2302931,0.4278859,-0.33862352,-0.92019296,-0.19641548
1356523360905,0.40847066,-0.3390292,0.8474732,-0.8512838,0.19350824,0.4877196,-0.3293442,-0.92065936,-0.2095676
1356523360946,0.4893741,-0.3232491,0.8099525,-0.81654906,0.15626389,0.555724,-0.30620363,-0.9333229,-0.18747726
1356523361006,0.5829857,-0.26969966,0.76641357,-0.76670504,0.12954408,0.6287938,-0.2688698,-0.9541909,-0.13125777
1356523361056,0.6625114,-0.19319603,0.7237085,-0.7151834,0.12408954,0.6878332,-0.22269127,-0.9732816,-0.05595982
1356523361099,0.6964707,-0.12600839,0.7064351,-0.69372416,0.13352305,0.70775586,-0.18350855,-0.98300225,0.0055798143
1356523361138,0.70704925,-0.07150367,0.7035401,-0.69093215,0.1420849,0.70881927,-0.15064564,-0.98726857,0.051056802
1356523361177,0.6938898,-0.028250426,0.7195269,-0.7096387,0.14272735,0.6899578,-0.12218779,-0.98935884,0.07898943
1356523361216,0.6563134,0.004292339,0.7544762,-0.7484374,0.13009642,0.6503202,-0.09536323,-0.99149203,0.08859658
1356523361255,0.5877068,0.026644558,0.8086351,-0.80607474,0.105261266,0.5823776,-0.06960079,-0.99408764,0.08334024
1356523361295,0.4812223,0.038772732,0.87574065,-0.87528014,0.076025516,0.47760323,-0.048060626,-0.9963517,0.07052219
1356523361334,0.33676255,0.042146742,0.94064593,-0.94090974,0.053019583,0.3344814,-0.035775393,-0.9977037,0.05751127
1356523361376,0.17386803,0.04143527,0.9838969,-0.98412263,0.043505877,0.17207575,-0.035675347,-0.9981936,0.048341602
1356523361445,0.028799355,0.043139577,0.9986538,-0.9985428,0.046855748,0.026772082,-0.045637667,-0.9979697,0.044426203
1356523361458,-0.06675702,0.05130461,0.99644935,-0.9957713,0.059743285,-0.06978765,-0.06311154,-0.9968945,0.04709941
1356523361493,-0.10128093,0.0648343,0.992743,-0.9913319,0.077362776,-0.10618934,-0.08368608,-0.9948927,0.056436896
1356523361536,-0.07719129,0.082834095,0.9935694,-0.9911978,0.10112935,-0.08543822,-0.10755625,-0.99141884,0.07429862
1356523361593,-1.1447072E-4,0.09725052,0.9952599,-0.9910508,0.13284156,-0.013094395,-0.13348529,-0.9863546,0.096364975
1356523361622,0.100097716,0.0986962,0.9900705,-0.9814242,0.1734761,0.08193046,-0.16366738,-0.97988015,0.114227384
1356523361654,0.19900355,0.074718684,0.97714615,-0.9598845,0.21583864,0.17898369,-0.19753245,-0.97356594,0.114674
1356523361693,0.2539849,0.017709017,0.967046,-0.93785113,0.24897477,0.24175784,-0.23648879,-0.968348,0.07984424
1356523361733,0.27169514,-0.06922823,0.95989025,-0.92145634,0.26906157,0.28022146,-0.27766883,-0.9606317,0.009311914
1356523361777,0.26214248,-0.17157555,0.9496542,-0.91210246,0.2773664,0.3018889,-0.3151989,-0.9453199,-0.083785
1356523361946,0.2530334,-0.26794758,0.9296118,-0.9076314,0.2669087,0.3239832,-0.33493197,-0.92572343,-0.17566079
1356523361948,0.36171517,-0.30846885,0.8797779,-0.87323856,0.21840891,0.4356054,-0.32652202,-0.92582107,-0.19036508
1356523361989,0.5245141,-0.26477742,0.8091834,-0.8013977,0.16737697,0.5742357,-0.28748327,-0.94967246,-0.12440044
1356523362033,0.65600044,-0.18592444,0.73150223,-0.71662724,0.15073559,0.68097293,-0.23687296,-0.97093296,-0.03435591
1356523362086,0.73002785,-0.11099112,0.67434436,-0.656797,0.15876916,0.73716354,-0.18888372,-0.9810573,0.04300727
1356523362123,0.7633414,-0.05072379,0.64400077,-0.62859297,0.17151162,0.75858724,-0.14893201,-0.9838754,0.09903732
1356523362165,0.77355766,-0.005256951,0.6337042,-0.6230869,0.17615184,0.7620585,-0.11563426,-0.984349,0.13298807
1356523362202,0.7623449,0.029174984,0.646513,-0.64124376,0.16894597,0.7485076,-0.08738804,-0.9851934,0.14750338
1356523362244,0.7297283,0.052010655,0.6817562,-0.6808856,0.14624882,0.7176392,-0.06238115,-0.98787963,0.14213522
1356523362283,0.66468495,0.065959185,0.7442065,-0.7458832,0.1159603,0.655905,-0.043035448,-0.99106133,0.12627493
1356523362364,0.56093967,0.07047376,0.82485163,-0.8271978,0.087458596,0.5550629,-0.033023,-0.99367225,0.107354745
1356523362411,0.40191334,0.060281634,0.9136913,-0.9145183,0.076622784,0.39722186,-0.046064377,-0.9952362,0.08592439
1356523362443,0.18180281,0.05844173,0.9815968,-0.98073256,0.08335376,0.17668006,-0.07149431,-0.99480486,0.07246962
1356523362510,0.024819463,0.06993115,0.99724305,-0.9939498,0.10849175,0.01712954,-0.10699475,-0.9916346,0.072200775
1356523362552,-0.018222034,0.08344048,0.9963461,-0.99045736,0.13464922,-0.029390723,-0.13660964,-0.98737395,0.08019066
1356523362592,0.007816821,0.094480336,0.9954961,-0.9865534,0.16325578,-0.0077476203,-0.16325253,-0.98204947,0.09448594
1356523362695,0.07838929,0.095149875,0.9923717,-0.97858214,0.1974073,0.05837235,-0.19034728,-0.975693,0.10858661
1356523362760,0.16294855,0.074328214,0.9838308,-0.96154225,0.23541987,0.14147106,-0.22109804,-0.9690474,0.109831035
1356523362761,0.2278732,0.022778839,0.9734243,-0.93901527,0.26956183,0.21351033,-0.2575345,-0.96271366,0.08281559
1356523362767,0.27595574,-0.049500674,0.9598948,-0.91473687,0.29312557,0.27808958,-0.29513535,-0.9547916,0.035609633
1356523362782,0.27905083,-0.1394755,0.95009327,-0.9017987,0.30192828,0.30918992,-0.32998446,-0.94307256,-0.041525483
1356523362844,0.26756638,-0.23587409,0.93422246,-0.8991635,0.28732973,0.3300708,-0.34628507,-0.92833453,-0.13520956
1356523362884,0.32256234,-0.30095682,0.8974289,-0.88189054,0.24884772,0.4004296,-0.34383515,-0.92059755,-0.18514204
1356523362930,0.40824658,-0.31854263,0.8554913,-0.85281396,0.20121717,0.48189226,-0.3256428,-0.9263058,-0.18951139
1356523362971,0.5128981,-0.29260284,0.80704343,-0.8063418,0.15834078,0.5698605,-0.29453075,-0.9430333,-0.15472525
1356523363012,0.6026575,-0.2467908,0.75887954,-0.7543787,0.13391879,0.64263403,-0.26022434,-0.9597708,-0.105466515
1356523363054,0.673406,-0.19104359,0.71416146,-0.7044772,0.1270524,0.69826174,-0.22413431,-0.9733242,-0.04902795
1356523363104,0.7277797,-0.1262464,0.6740909,-0.6607322,0.13430107,0.7385095,-0.18376534,-0.98286575,0.014326528
1356523363154,0.74927557,-0.0688504,0.6586697,-0.6453983,0.14707798,0.74955255,-0.14848277,-0.98672575,0.06576602
1356523363198,0.74824333,-0.023500353,0.6630081,-0.6524546,0.15491918,0.74182427,-0.12014583,-0.98764765,0.10058431
1356523363234,0.7260981,0.009479672,0.68752575,-0.68055606,0.15257692,0.71663356,-0.09810707,-0.9882461,0.11723727
1356523363259,0.6789338,0.030854404,0.7335509,-0.7297623,0.13803755,0.6696212,-0.080596834,-0.98994625,0.116234735
1356523363299,0.59898114,0.041668594,0.7996783,-0.7980265,0.11355403,0.59182703,-0.066146106,-0.99265766,0.10126935
1356523363348,0.47400078,0.040820003,0.87957776,-0.87875307,0.08526102,0.46959955,-0.055824727,-0.9955222,0.07628444
1356523363391,0.29804403,0.0383628,0.9537809,-0.95303357,0.068297565,0.29506347,-0.053821445,-0.99692714,0.056916714
1356523363461,0.12421444,0.03907299,0.9914857,-0.99017644,0.069529325,0.121310264,-0.0641973,-0.99681437,0.04732573
1356523363475,-0.0057183504,0.04601437,0.9989244,-0.99665564,0.08116776,-0.009444326,-0.081514984,-0.99563766,0.045396388
1356523363515,-0.07352698,0.057274878,0.9956472,-0.99197966,0.0987193,-0.07893503,-0.10281053,-0.99346566,0.04955703
1356523363563,-0.07896125,0.07164958,0.99429953,-0.9886085,0.12257546,-0.08734211,-0.12813476,-0.9898695,0.061154664
1356523363610,-0.02398622,0.08211157,0.99633443,-0.98779,0.15151113,-0.03626713,-0.15393373,-0.9850391,0.07747477
1356523363636,0.06618565,0.08470091,0.9942058,-0.98128295,0.18610823,0.049469918,-0.18083972,-0.97887146,0.095433295
1356523363682,0.16860491,0.07006204,0.98319066,-0.96294236,0.22473526,0.14911804,-0.21051013,-0.97189784,0.10535711
1356523363730,0.25301442,0.029177696,0.9670224,-0.93609476,0.2598435,0.23708224,-0.24435699,-0.96520984,0.093057215
1356523363754,0.28915864,-0.046074927,0.95617175,-0.91423506,0.28286445,0.2901069,-0.28383365,-0.95805264,0.039669365
1356523363797,0.29166055,-0.14684263,0.9451833,-0.90004146,0.2923953,0.32315713,-0.32382038,-0.94495624,-0.04688424
1356523363849,0.26249087,-0.25978675,0.9293059,-0.8959663,0.29194146,0.3346859,-0.3582499,-0.9204787,-0.15612823
1356523363900,0.27157038,-0.34553012,0.89825296,-0.8858613,0.27504987,0.3736272,-0.37616384,-0.8971937,-0.23139644
1356523363941,0.31104785,-0.3948471,0.8644912,-0.87075096,0.24610454,0.42570573,-0.3808439,-0.88517135,-0.26726317
1356523363966,0.38336122,-0.40213186,0.8314591,-0.84578055,0.20882934,0.49096397,-0.37106532,-0.8914485,-0.26005822
1356523364007,0.46969223,-0.37717602,0.79820263,-0.8103616,0.17454886,0.5593269,-0.35029006,-0.90954435,-0.22366473
1356523364047,0.55756557,-0.3264365,0.7632561,-0.7664654,0.15068963,0.6243583,-0.3188281,-0.93313015,-0.16618294
1356523364100,0.63681936,-0.25507778,0.7275963,-0.71991205,0.14112028,0.6795672,-0.27602103,-0.95656693,-0.09376541
1356523364141,0.6814798,-0.18629566,0.70772815,-0.6932156,0.14568165,0.70585334,-0.23460042,-0.9716331,-0.029863939
1356523364190,0.70376337,-0.12560469,0.69924283,-0.68285614,0.15197664,0.71457016,-0.19602188,-0.98037064,0.021185681
1356523364239,0.70138615,-0.07496297,0.70882857,-0.6941944,0.15377876,0.70316875,-0.1617144,-0.9852576,0.055819407
1356523364272,0.6737921,-0.03583789,0.73805135,-0.7271998,0.14503816,0.67092794,-0.13109022,-0.98877674,0.07166426
1356523364325,0.61355937,-0.0070109665,0.78961754,-0.7826551,0.12739009,0.6092806,-0.10486111,-0.99182796,0.072674215
1356523364336,0.51695776,0.009668708,0.8559563,-0.85190064,0.10368344,0.51333714,-0.08378515,-0.99456334,0.06183675
1356523364375,0.37617487,0.018712789,0.92635965,-0.9238192,0.084260285,0.3734412,-0.071067244,-0.99626803,0.048983812
1356523364419,0.21219987,0.02355364,0.9769424,-0.9747288,0.07652825,0.20987403,-0.069820404,-0.9967892,0.039197683
1356523364454,0.056359768,0.029764533,0.9979667,-0.9953524,0.07984918,0.053830594,-0.07808453,-0.99636245,0.03412649
1356523364541,-0.057354003,0.039909035,0.99755585,-0.99376154,0.093446404,-0.060874403,-0.095647335,-0.9948241,0.034300625
1356523364542,-0.11554676,0.053457648,0.99186254,-0.9862778,0.11236817,-0.12095243,-0.117919594,-0.9922276,0.039740324
1356523364587,-0.117093444,0.069358885,0.99069595,-0.98271734,0.13592118,-0.12566632,-0.14337265,-0.9882888,0.052244723
1356523364642,-0.05886343,0.08460128,0.99467456,-0.9832034,0.16752425,-0.07243329,-0.17275998,-0.9822312,0.07331926
1356523364667,0.051227897,0.082761675,0.9952519,-0.97814155,0.20526019,0.033278495,-0.20153144,-0.97520196,0.09146768
1356523364705,0.15439835,0.060151994,0.9861759,-0.96046335,0.24318537,0.13553959,-0.23167059,-0.9681129,0.09532124
1356523364748,0.22593638,0.0072158873,0.9741154,-0.93692577,0.2753701,0.21527076,-0.26668882,-0.9613112,0.06897688
1356523364788,0.2640113,-0.07400313,0.9616765,-0.9146322,0.2972981,0.27397388,-0.30617955,-0.95191246,0.010804415
1356523364828,0.26330295,-0.17370453,0.9489459,-0.9004141,0.30885324,0.30637237,-0.34630325,-0.93511295,-0.07508403
1356523364870,0.2553119,-0.26976556,0.9284624,-0.890513,0.308397,0.3344815,-0.37656656,-0.912205,-0.16149235
1356523364895,0.26233,-0.34340614,0.9018066,-0.8811769,0.29567575,0.36892167,-0.39333233,-0.8914304,-0.22503692
1356523364927,0.2880606,-0.3884728,0.87527704,-0.8714998,0.27245933,0.4077426,-0.39687428,-0.8802583,-0.26006913
1356523364965,0.3504355,-0.39591712,0.8487901,-0.8545837,0.23567426,0.46275747,-0.3832516,-0.8875288,-0.25575566
1356523364999,0.4163647,-0.38325986,0.8244709,-0.8329191,0.20279089,0.5148995,-0.36453545,-0.9011036,-0.23478949
1356523365037,0.49609983,-0.34503782,0.7967646,-0.8002608,0.17430586,0.5737596,-0.33684945,-0.92226154,-0.18964711
1356523365075,0.56603575,-0.29173124,0.77103597,-0.7658522,0.1600382,0.6227826,-0.30508035,-0.94301677,-0.13283566
1356523365118,0.61926377,-0.23146263,0.7502915,-0.7366804,0.15936747,0.657194,-0.27168792,-0.95970154,-0.07182348
1356523365166,0.6512187,-0.16975775,0.7396597,-0.7206391,0.16720235,0.6728467,-0.23789382,-0.9711981,-0.013448775
1356523365209,0.6511539,-0.115238905,0.7501457,-0.729966,0.1754275,0.6605867,-0.20772144,-0.97772443,0.030109823
1356523365247,0.6281565,-0.07107741,0.7748338,-0.7570408,0.1742151,0.62971294,-0.17974612,-0.9821391,0.055625856
1356523365281,0.5823021,-0.03511983,0.8122136,-0.79823506,0.16466849,0.57940066,-0.15409446,-0.9857236,0.067852914
1356523365338,0.5151905,-0.0111198425,0.85700357,-0.84756523,0.14193666,0.5113583,-0.12732652,-0.9898134,0.0636996
1356523365360,0.4121569,0.0047927797,0.91110027,-0.9051322,0.116542846,0.408844,-0.104222685,-0.9931741,0.05237204
1356523365400,0.28045633,0.014659226,0.95975477,-0.95556206,0.09885314,0.27772123,-0.09080356,-0.994994,0.041731834
1356523365442,0.14331582,0.022207022,0.98942786,-0.9855176,0.0947651,0.14062253,-0.090640485,-0.995252,0.03546667
1356523365493,0.030786633,0.031073898,0.99904287,-0.99451256,0.10093558,0.027507514,-0.0999842,-0.99440753,0.034010887
1356523365516,-0.039296955,0.04065466,0.9984002,-0.99284685,0.11114743,-0.043604255,-0.112742335,-0.992972,0.03599608
1356523365545,-0.06369743,0.053822458,0.9965169,-0.9891879,0.1287696,-0.070183784,-0.13209862,-0.9902129,0.045038164
1356523365587,-0.028207809,0.06584817,0.9974309,-0.9875327,0.15275571,-0.038012445,-0.15486634,-0.98606783,0.060718298
1356523365625,0.054303855,0.072907686,0.99585927,-0.9821503,0.18377331,0.040102124,-0.18008867,-0.9802611,0.081585824
1356523365675,0.16200012,0.067846715,0.9844556,-0.9638664,0.22466856,0.1431283,-0.21146545,-0.97207046,0.10179147
1356523365715,0.27596298,0.034837514,0.9605367,-0.9293009,0.26486596,0.2573825,-0.24544692,-0.9636557,0.10546771
1356523365789,0.34073097,-0.026404083,0.93979,-0.8971078,0.28989887,0.33340102,-0.28124717,-0.956693,0.07509023
1356523365797,0.35394073,-0.11719325,0.9278963,-0.88024867,0.293521,0.3728374,-0.31605107,-0.9487418,7.298589E-4
1356523365832,0.3393473,-0.22119474,0.9142846,-0.8751643,0.28209728,0.3930758,-0.34486353,-0.93353844,-0.097852826
1356523365925,0.30859357,-0.3225296,0.8948434,-0.87980443,0.26079333,0.3974054,-0.3615442,-0.9099239,-0.20328385
1356523365926,0.30246267,-0.3973303,0.86639774,-0.88017094,0.23242119,0.41385943,-0.36580804,-0.8877551,-0.27941984
1356523365974,0.33330876,-0.43414283,0.8369142,-0.8716657,0.19639778,0.44902873,-0.35931075,-0.8791746,-0.3129663
1356523365986,0.39654702,-0.43481815,0.8085071,-0.85024214,0.15815264,0.50207186,-0.34617746,-0.8865218,-0.30698574
1356523366014,0.4597889,-0.41790086,0.7835516,-0.82358783,0.12931398,0.5522508,-0.3321103,-0.89924234,-0.28472093
1356523366051,0.5198608,-0.38774762,0.7611811,-0.7933425,0.111289054,0.59851694,-0.31678465,-0.91502273,-0.24976185
1356523366088,0.5821764,-0.33901456,0.7390127,-0.7569138,0.10592955,0.6448725,-0.29690444,-0.9347984,-0.19493508
1356523366155,0.6301901,-0.28091466,0.72384214,-0.72651684,0.11555219,0.67736316,-0.27392277,-0.95275104,-0.1312694
1356523366187,0.6676599,-0.21270505,0.71343315,-0.7028985,0.13563251,0.6982389,-0.24528365,-0.96765715,-0.058953643
1356523366202,0.6733012,-0.1503852,0.72391284,-0.70624024,0.1589818,0.6898909,-0.2188383,-0.97576076,8.3456933E-4
1356523366268,0.6682361,-0.09659383,0.73765177,-0.7187214,0.17220151,0.67363656,-0.19209385,-0.9803144,0.045647234
1356523366288,0.6411096,-0.050036192,0.76581645,-0.74959713,0.17315164,0.6388447,-0.16456774,-0.9836234,0.0735022
1356523366328,0.58935964,-0.0117428005,0.8077855,-0.79621804,0.16077302,0.5832572,-0.1367192,-0.98692155,0.08540329
1356523366356,0.5110265,0.018904924,0.859357,-0.852145,0.14222077,0.503609,-0.11269769,-0.98965436,0.08878833
1356523366397,0.4095646,0.037257284,0.91152,-0.90734065,0.12047976,0.40276232,-0.09481385,-0.99201643,0.083149284
1356523366437,0.27721035,0.048113406,0.9596038,-0.95678693,0.105115294,0.27112624,-0.087824196,-0.99329543,0.07517338
1356523366489,0.14009315,0.054249287,0.98865104,-0.98577917,0.10123342,0.13413125,-0.09280798,-0.9933825,0.067659944
1356523366528,0.026324451,0.05973938,0.99786687,-0.994287,0.10485864,0.019952446,-0.10344303,-0.9926913,0.062158406
1356523366553,-0.050727278,0.06674421,0.9964798,-0.99114525,0.11922935,-0.0584417,-0.12271029,-0.9906208,0.060105026
1356523366585,-0.076562434,0.07566911,0.9941894,-0.9860913,0.14178148,-0.086729884,-0.14752045,-0.98700166,0.06376141
1356523366627,-0.052577674,0.08308202,0.99515474,-0.9834811,0.16853708,-0.066031486,-0.17320654,-0.98218775,0.07284832
1356523366670,0.0058712363,0.08657175,0.99622834,-0.9797694,0.19979388,-0.011587709,-0.20004347,-0.97600603,0.08599341
1356523366715,0.08352792,0.076604426,0.9935567,-0.96982986,0.23539895,0.0633837,-0.22902673,-0.96887517,0.09395558
1356523366786,0.15916777,0.043192,0.9863063,-0.9526731,0.26881033,0.14196846,-0.25899747,-0.9622241,0.08393377
1356523366808,0.19472167,-0.021057189,0.98063254,-0.9369913,0.29165223,0.19231865,-0.29005337,-0.9562926,0.03706056
1356523366822,0.20144184,-0.11098027,0.97319293,-0.92577636,0.30295688,0.2261754,-0.31993648,-0.9465202,-0.04171467
1356523366864,0.1946135,-0.2067995,0.95883244,-0.9182545,0.3052773,0.2522192,-0.3448686,-0.9295374,-0.13048351
1356523366946,0.20253813,-0.28415596,0.93714124,-0.91118896,0.29591197,0.28665444,-0.3587659,-0.9119712,-0.19898635
1356523366969,0.25432986,-0.3234546,0.91142386,-0.89905524,0.26821405,0.3460648,-0.35639292,-0.90743506,-0.22258878
1356523366999,0.31277454,-0.33924064,0.88717973,-0.8836783,0.2385413,0.40275374,-0.34825945,-0.90995264,-0.22516996
1356523367059,0.38775626,-0.32364708,0.86307454,-0.8610191,0.20710143,0.46449444,-0.3290763,-0.9232342,-0.19836146
1356523367104,0.47146413,-0.27551487,0.8377429,-0.83067524,0.18025753,0.5267693,-0.29614225,-0.9442451,-0.14387843
1356523367124,0.527927,-0.21928534,0.82049197,-0.8081186,0.16744676,0.56471753,-0.26122302,-0.9611844,-0.088808924
1356523367169,0.5660545,-0.16190338,0.8083128,-0.79293084,0.16126442,0.5875836,-0.22548386,-0.9735405,-0.0370937
1356523367208,0.5823927,-0.10759881,0.80575514,-0.79012716,0.15808254,0.59220695,-0.19109657,-0.9815459,0.007049352
1356523367261,0.5762395,-0.059084266,0.8151423,-0.8022051,0.14979537,0.57795167,-0.15625238,-0.98695004,0.038920313
1356523367297,0.5283924,-0.01898241,0.848788,-0.8397753,0.13529207,0.52580744,-0.124815375,-0.9906239,0.055546343
1356523367335,0.45012546,0.007989198,0.89292955,-0.88778245,0.111584306,0.44653243,-0.096069485,-0.99372286,0.05731964
1356523367390,0.3369478,0.022726059,0.9412491,-0.93878335,0.08432335,0.33402923,-0.07177812,-0.99617934,0.049747407
1356523367438,0.19522339,0.029422253,0.98031735,-0.9791347,0.06334609,0.19308668,-0.05641818,-0.9975578,0.041175038
1356523367480,0.04979232,0.033849597,0.9981859,-0.9973315,0.055112034,0.0478808,-0.053391337,-0.9979063,0.036503404
1356523367519,-0.071686566,0.041455626,0.99656534,-0.99548686,0.059318423,-0.07407656,-0.062185526,-0.997378,0.037016213
1356523367544,-0.15050012,0.053937286,0.9871375,-0.9854207,0.07195485,-0.15417007,-0.07934481,-0.99594843,0.04232174
1356523367564,-0.18454516,0.067264825,0.98051953,-0.97795856,0.08658022,-0.19000265,-0.09767413,-0.99397147,0.04980415
1356523367605,-0.17784268,0.08439478,0.98043334,-0.9766022,0.107283115,-0.18638256,-0.120913714,-0.99064016,0.063340604
1356523367635,-0.120467305,0.09695426,0.9879715,-0.98221076,0.13277024,-0.13279414,-0.14404815,-0.98639345,0.07923502
1356523367668,-0.037020713,0.1053738,0.9937433,-0.9850761,0.16341999,-0.054026455,-0.16809055,-0.9809129,0.09775132
1356523367705,0.066939,0.10428849,0.9922918,-0.9784291,0.20166475,0.044809163,-0.19543716,-0.97388667,0.11553818
1356523367791,0.17427287,0.080313444,0.9814167,-0.9582441,0.24329779,0.15024796,-0.2267096,-0.9666209,0.11936006
1356523367792,0.2508248,0.024347305,0.96772623,-0.9321095,0.2758808,0.23465234,-0.26126394,-0.96088344,0.09189212
1356523367826,0.27961266,-0.063758075,0.9579935,-0.9131209,0.29067755,0.2858612,-0.29669312,-0.95469433,0.023058325
1356523367865,0.26480073,-0.17448938,0.94838494,-0.90664303,0.2899351,0.30648983,-0.3284493,-0.94100535,-0.081424534
1356523367921,0.23385385,-0.28644744,0.929118,-0.9075874,0.27842095,0.31427202,-0.34870833,-0.9167495,-0.1948663
1356523367952,0.25015408,-0.36560366,0.8965249,-0.90063334,0.25199074,0.35406244,-0.3553625,-0.8960104,-0.26623833
1356523367987,0.2921062,-0.4084375,0.86478484,-0.88889325,0.21771324,0.4030754,-0.3529062,-0.88644224,-0.2994619
1356523368044,0.37464827,-0.40732148,0.8329033,-0.8630166,0.17514068,0.47384405,-0.33888215,-0.8963342,-0.28590906
1356523368059,0.4592916,-0.3823912,0.8017656,-0.8283942,0.14142725,0.54199755,-0.32064658,-0.9131129,-0.25181428
1356523368100,0.5452625,-0.33490324,0.7684586,-0.7840302,0.12063801,0.6088868,-0.29662347,-0.9344979,-0.19679484
1356523368140,0.6182158,-0.27306634,0.73705083,-0.7389323,0.11773583,0.6634134,-0.2679332,-0.9547634,-0.1289914
1356523368191,0.6692859,-0.20717926,0.71353567,-0.70403534,0.1300922,0.69814783,-0.23746718,-0.9696148,-0.05879262
1356523368300,0.69460857,-0.14766979,0.7040686,-0.68807644,0.14922327,0.710129,-0.20992799,-0.97771466,0.0020436496
1356523368306,0.7067011,-0.09468505,0.7011478,-0.68312144,0.16664922,0.7110367,-0.18417028,-0.9814595,0.053089812
1356523368315,0.6948211,-0.048051715,0.71757543,-0.70109457,0.17711076,0.6907229,-0.16028073,-0.98301715,0.08937152
1356523368328,0.662211,-0.0092333555,0.74926054,-0.73678917,0.17406063,0.6533335,-0.13644919,-0.9846917,0.10846183
1356523368367,0.60342586,0.021324426,0.7971339,-0.7893566,0.15776475,0.59331816,-0.11310747,-0.98724645,0.11203191
1356523368395,0.51602703,0.045061022,0.85538626,-0.85139215,0.13664062,0.50641954,-0.09406075,-0.9895953,0.10887483
1356523368436,0.40303183,0.05692196,0.913414,-0.9114435,0.11513287,0.3949875,-0.082680464,-0.9917178,0.09828338
1356523368485,0.26008946,0.06268191,0.9635478,-0.96213746,0.10106814,0.25313395,-0.08151707,-0.99290293,0.08659536
1356523368542,0.11638972,0.06515771,0.991064,-0.9890149,0.099149734,0.109630466,-0.09112042,-0.99293697,0.075981945
1356523368579,0.002170205,0.068534136,0.99764645,-0.99394584,0.1097399,-0.005376488,-0.10985014,-0.9915948,0.06835735
1356523368595,-0.06176865,0.07396048,0.9953464,-0.98939914,0.12678313,-0.07082036,-0.13143107,-0.98916936,0.06534517
1356523368636,-0.074513555,0.08173585,0.9938647,-0.98482585,0.15061158,-0.0862222,-0.156735,-0.9852084,0.069272935
1356523368681,-0.035357803,0.08578086,0.9956864,-0.9825076,0.17929074,-0.050336123,-0.18283522,-0.98004925,0.077941
1356523368718,0.032442123,0.08218622,0.9960888,-0.97682154,0.21358421,0.014191955,-0.21158248,-0.9734614,0.08721042
1356523368755,0.11640829,0.059697986,0.99140567,-0.9635979,0.2486803,0.0981687,-0.24068254,-0.96674407,0.086473346
1356523368803,0.1668928,0.011450827,0.9859085,-0.9482009,0.27598998,0.15730423,-0.27029964,-0.9610923,0.056918442
1356523368852,0.17932063,-0.06814158,0.9814279,-0.9374492,0.29073662,0.19147122,-0.29838416,-0.9543736,-0.011744142
1356523368909,0.16396414,-0.16598779,0.972401,-0.93265146,0.29504704,0.20762584,-0.32136735,-0.94095445,-0.1064316
1356523368942,0.12936908,-0.2668184,0.95502436,-0.9336755,0.2915687,0.20793667,-0.33393654,-0.9185835,-0.21140182
1356523368966,0.13755763,-0.33834055,0.9309154,-0.9316739,0.27485657,0.23756614,-0.33624643,-0.89998865,-0.27741444
1356523368997,0.16930023,-0.37849256,0.9099894,-0.9275539,0.25090745,0.2769281,-0.3331383,-0.8909483,-0.3085935
1356523369041,0.24174672,-0.37835374,0.8935362,-0.91494286,0.21780592,0.3397647,-0.32316867,-0.89967155,-0.2935182
1356523369081,0.33355257,-0.34606332,0.87691677,-0.8909493,0.18832573,0.41321036,-0.30814293,-0.91911566,-0.24550831
1356523369131,0.42371768,-0.29311934,0.85705566,-0.85849464,0.17180455,0.48318747,-0.28887764,-0.9405128,-0.17884478
1356523369161,0.5016019,-0.22780308,0.8345665,-0.82342017,0.17010593,0.54133457,-0.26528236,-0.9587334,-0.102252185
1356523369200,0.5541201,-0.16233733,0.8164542,-0.7970253,0.17955884,0.5766361,-0.24021113,-0.9702604,-0.029889792
1356523369236,0.5849039,-0.101454735,0.80473256,-0.7823369,0.19131531,0.5927457,-0.21409455,-0.9762712,0.032529265
1356523369273,0.59102947,-0.048514336,0.8051897,-0.7845553,0.19745213,0.58778024,-0.18750215,-0.9791113,0.07863784
1356523369318,0.5712009,-0.0056888163,0.8207905,-0.8050386,0.19120294,0.5615641,-0.16013217,-0.981534,0.1046356
1356523369360,0.5220579,0.026326418,0.85250366,-0.8425611,0.17115138,0.5106838,-0.13246271,-0.98489296,0.11153254
1356523369411,0.44002843,0.047269672,0.8967388,-0.8915738,0.14210278,0.4300033,-0.10710293,-0.98872256,0.10467368
1356523369426,0.3283127,0.061042994,0.9425945,-0.94041264,0.114636004,0.32012874,-0.08851361,-0.99153024,0.09504211
1356523369469,0.20186341,0.06541726,0.9772265,-0.9760393,0.09618908,0.19517908,-0.0812304,-0.99321103,0.083266884
1356523369511,0.070352435,0.0679442,0.99520564,-0.99399793,0.08856648,0.06422049,-0.0837785,-0.9937503,0.073767215
1356523369574,-0.035124183,0.07133132,0.99683404,-0.99481314,0.09278196,-0.041692227,-0.09546217,-0.99312806,0.06770247
1356523369678,-0.09765327,0.07751632,0.99219704,-0.9887806,0.10567522,-0.105573,-0.11303425,-0.9913748,0.066327095
1356523369691,-0.11089283,0.08633253,0.99007547,-0.9847137,0.12509757,-0.12120053,-0.13431951,-0.98838115,0.07114041
1356523369694,-0.07589936,0.09512365,0.99256784,-0.9845952,0.15010262,-0.08967489,-0.15751725,-0.9840837,0.082265615
1356523369695,-0.006159961,0.097773165,0.99518967,-0.98365355,0.17851436,-0.023626834,-0.17996573,-0.97906744,0.09507531
1356523369736,0.06897718,0.09270057,0.99330187,-0.9763297,0.21086669,0.048119247,-0.20499358,-0.9731093,0.10505134
1356523369780,0.14681706,0.06464696,0.98704886,-0.9613029,0.24448755,0.12697476,-0.23311266,-0.967495,0.09804025
1356523369830,0.19372284,0.0057207346,0.9810396,-0.94464445,0.27099478,0.18495569,-0.26479846,-0.96256375,0.05790198
1356523369876,0.20338486,-0.08230892,0.9756331,-0.9327347,0.28671688,0.21863088,-0.29772574,-0.954473,-0.018458545
1356523369909,0.19159983,-0.18174943,0.96449816,-0.9256352,0.29327393,0.23914403,-0.32632646,-0.93859345,-0.11204243
1356523369923,0.18631265,-0.26707515,0.94549376,-0.9194447,0.29178175,0.26359963,-0.34627873,-0.9184412,-0.19119823
1356523369965,0.19981627,-0.32418808,0.9246489,-0.9130628,0.28078955,0.2957592,-0.35551333,-0.90336,-0.23989773
1356523370005,0.24154234,-0.34951878,0.905259,-0.90312135,0.260315,0.34147906,-0.35500583,-0.9000404,-0.25278074
1356523370045,0.29955488,-0.3492297,0.88786566,-0.88840747,0.23718745,0.39303207,-0.347849,-0.9065212,-0.23920763
1356523370076,0.35410842,-0.3353742,0.87300134,-0.87202215,0.21888372,0.43779814,-0.33791196,-0.9163046,-0.2149452
1356523370110,0.4050747,-0.31099257,0.8597663,-0.8545699,0.20548633,0.47695443,-0.3249995,-0.9279326,-0.18252763
1356523370153,0.45936728,-0.27020556,0.8461505,-0.83421654,0.19592941,0.51545554,-0.3050647,-0.9426561,-0.13540637
1356523370199,0.5011196,-0.21833226,0.83738285,-0.8187424,0.19375256,0.5404819,-0.28024966,-0.956447,-0.08166468
1356523370229,0.5214628,-0.16611087,0.83694905,-0.81404746,0.19713405,0.5463194,-0.2557407,-0.9662015,-0.032424033
1356523370293,0.53543985,-0.1115171,0.83717865,-0.81360984,0.19783354,0.54671836,-0.22659045,-0.9738716,0.015196562
1356523370335,0.513795,-0.057932556,0.8559547,-0.8356071,0.19223842,0.5145922,-0.194359,-0.9796368,0.05036226
1356523370389,0.4523258,-0.011328608,0.89178085,-0.8767508,0.1775851,0.44695827,-0.16343045,-0.98404026,0.07039392
1356523370427,0.36144415,0.021642894,0.9321425,-0.92282903,0.15113357,0.3543237,-0.13320944,-0.9882764,0.07459903
1356523370428,0.23263803,0.042168498,0.9716488,-0.96656287,0.120832175,0.22617635,-0.10786891,-0.9917768,0.0688687
1356523370466,0.07745269,0.05447656,0.99550664,-0.9926922,0.09689233,0.0719316,-0.09253839,-0.9938029,0.061583012
1356523370493,-0.07095754,0.062265635,0.99553406,-0.9937409,0.081915796,-0.075953096,-0.08627927,-0.9946923,0.056063354
1356523370534,-0.18698496,0.07010096,0.97985846,-0.9779461,0.081195,-0.19242886,-0.09304911,-0.99423003,0.05337268
1356523370577,-0.26163167,0.08109552,0.9617548,-0.9590623,0.09006113,-0.2684932,-0.1083903,-0.9926292,0.05421281
1356523370630,-0.29183954,0.09526798,0.951711,-0.9477843,0.10496646,-0.30114275,-0.12858707,-0.9899021,0.059660077
1356523370667,-0.27679098,0.1110889,0.9544873,-0.94894433,0.1247955,-0.28970802,-0.15129903,-0.9859439,0.07087499
1356523370704,-0.21708256,0.12532482,0.96807486,-0.96016955,0.15131688,-0.23489898,-0.17592484,-0.9805085,0.08748478
1356523370737,-0.12046754,0.13025069,0.9841354,-0.9717952,0.1869843,-0.14370447,-0.20273545,-0.97368973,0.10405147
1356523370779,-0.011780173,0.114620745,0.9933394,-0.9724863,0.22983107,-0.038052946,-0.23266193,-0.96645737,0.10875964
1356523370817,0.07813287,0.0688062,0.9945658,-0.9609804,0.2707296,0.05676478,-0.26535267,-0.96019334,0.08727425
1356523370858,0.12711477,-0.007252902,0.99186146,-0.94572496,0.300627,0.12340027,-0.29907534,-0.9537142,0.031354904
1356523370899,0.13460052,-0.104414225,0.9853833,-0.93425167,0.31804192,0.16131675,-0.3302369,-0.9423094,-0.054740548
1356523370940,0.13099265,-0.2004208,0.97091323,-0.92663854,0.32336545,0.19176999,-0.35239452,-0.9248061,-0.14335918
1356523370993,0.14760686,-0.27269325,0.9507106,-0.9208269,0.31291896,0.23272201,-0.3609571,-0.90979123,-0.20491427
1356523371006,0.18464375,-0.31839484,0.9298018,-0.91423625,0.29153836,0.28138506,-0.36066446,-0.9020145,-0.23725736
1356523371050,0.25472325,-0.3290836,0.90929645,-0.9018097,0.25859988,0.34621584,-0.34907788,-0.9082016,-0.2308994
1356523371091,0.34031564,-0.3114079,0.88724875,-0.8804114,0.2258634,0.41696694,-0.33024383,-0.9230443,-0.19730222
1356523371133,0.42366797,-0.27412102,0.86334413,-0.85229695,0.20212877,0.48242486,-0.30674952,-0.94021356,-0.14799705
1356523371171,0.49202323,-0.22602504,0.84072924,-0.8241158,0.19035661,0.53347665,-0.28061745,-0.9553413,-0.092610925
1356523371200,0.53437364,-0.1781865,0.8262533,-0.80553806,0.18874362,0.5616799,-0.2560338,-0.96572536,-0.04267639
1356523371284,0.5664244,-0.12875408,0.8139937,-0.79152113,0.19003385,0.5808455,-0.2294726,-0.9732983,0.005728245
1356523371294,0.5699284,-0.08104083,0.8176882,-0.79604805,0.19222444,0.5738966,-0.20368877,-0.97799903,0.04504177
1356523371312,0.5485471,-0.039521366,0.83518505,-0.81677544,0.18829256,0.54536575,-0.17881271,-0.98131746,0.07100725
