1356523780995,-0.69326204,-0.34845197,0.6308478,-0.579447,-0.25097704,-0.7754042,0.4285195,-0.9031012,-0.02791661
1356523781023,-0.555761,-0.2878053,0.7799345,-0.7123904,-0.31871027,-0.62523884,0.4285202,-0.90310127,-0.02790302
1356523781068,-0.55575603,-0.28770614,0.7799746,-0.7123878,-0.31880373,-0.6251942,0.42853102,-0.9030999,-0.027781248
1356523781109,-0.55581385,-0.28739625,0.78004766,-0.7123092,-0.3191203,-0.6251223,0.4285868,-0.9030868,-0.027343571
1356523781151,-0.55615914,-0.2868535,0.7800014,-0.71194375,-0.31974202,-0.6252209,0.428746,-0.90303934,-0.026396096
1356523781190,-0.55719936,-0.28627634,0.77947086,-0.71093804,-0.3205654,-0.6259432,0.4290641,-0.9029306,-0.02490586
1356523781229,-0.5593657,-0.28589895,0.7780564,-0.7089182,-0.32144964,-0.62777793,0.42958698,-0.9027358,-0.022871077
1356523781272,-0.5629692,-0.2858999,0.77545273,-0.70561624,-0.32225084,-0.6310786,0.4303156,-0.90244985,-0.02031827
1356523781311,-0.56782085,-0.28631073,0.771755,-0.7011764,-0.32289386,-0.63568175,0.4311974,-0.9020897,-0.01740855
1356523781350,-0.57330203,-0.2869374,0.76745796,-0.6960585,-0.3235684,-0.64094144,0.43223524,-0.9016487,-0.014222801
1356523781388,-0.5792554,-0.28812468,0.76252687,-0.69045216,-0.32380897,-0.64685655,0.43328843,-0.9011836,-0.0113681555
1356523781430,-0.5849961,-0.29003292,0.75740385,-0.6850189,-0.32326645,-0.6528767,0.43419898,-0.9007662,-0.009568393
1356523781470,-0.58504975,-0.29040474,0.75721985,-0.68464804,-0.3236187,-0.65309113,0.43471128,-0.9005199,-0.00949198
1356523781514,-0.5927191,-0.29529068,0.7493248,-0.6781298,-0.31898665,-0.6621084,0.434539,-0.90058374,-0.01117599
1356523781551,-0.5977389,-0.2990228,0.743837,-0.6743714,-0.3141793,-0.6682174,0.43351042,-0.901042,-0.013855159
1356523781592,-0.60033566,-0.30086493,0.74099755,-0.6733447,-0.30977482,-0.6713021,0.43151367,-0.90195334,-0.01661694
1356523781632,-0.60084134,-0.2999657,0.7409523,-0.6749245,-0.3063106,-0.6713053,0.42833012,-0.9034349,-0.018410206
1356523781670,-0.59950185,-0.29590952,0.7436633,-0.67861456,-0.30470693,-0.6683083,0.42435813,-0.90531284,-0.018136144
1356523781711,-0.59679973,-0.28723127,0.74921846,-0.68407977,-0.30587184,-0.66217613,0.41936255,-0.90771174,-0.013944864
1356523781751,-0.5926351,-0.27268827,0.7579081,-0.69128674,-0.31075108,-0.6523469,0.41340804,-0.9105355,-0.0043438077
1356523781788,-0.5869858,-0.2517882,0.7694481,-0.7000053,-0.31964415,-0.6386081,0.40674347,-0.9134716,0.01137346
1356523781830,-0.57983744,-0.22492202,0.7830699,-0.70981824,-0.3323382,-0.621055,0.39993304,-0.9159483,0.03304851
1356523781870,-0.57151186,-0.19415355,0.79729444,-0.71986556,-0.34778255,-0.60070026,0.3939132,-0.9172522,0.058997452
1356523781909,-0.5625429,-0.16090971,0.8109585,-0.7293578,-0.36532336,-0.5784256,0.38933635,-0.91686803,0.08814925
1356523781948,-0.5536408,-0.12620798,0.82313627,-0.737692,-0.38429403,-0.5550933,0.3863836,-0.9145434,0.11965829
1356523781990,-0.54491735,-0.09000027,0.8336456,-0.7449441,-0.4043857,-0.53059447,0.384868,-0.91014946,0.15331164
1356523782047,-0.5395781,-0.05305308,0.8402624,-0.74902004,-0.42550564,-0.5078523,0.38447952,-0.90339935,0.18985566
1356523782068,-0.53397036,-0.011937141,0.84541893,-0.75290376,-0.44826376,-0.48186678,0.3847227,-0.89382166,0.23037204
1356523782110,-0.5283251,0.033536315,0.8483795,-0.7568691,-0.47139037,-0.4527033,0.3847359,-0.8812868,0.27442992
1356523782149,-0.52125084,0.085131526,0.8491467,-0.7623334,-0.49369538,-0.4184646,0.38359532,-0.86545795,0.32223776
1356523782190,-0.51152647,0.14274302,0.84732825,-0.7703792,-0.51296663,-0.37865716,0.3806004,-0.8464572,0.37236223
1356523782231,-0.49732935,0.20717683,0.84246147,-0.7821722,-0.5271806,-0.33209535,0.37532687,-0.8241106,0.4242303
1356523782268,-0.47883844,0.2744715,0.83389395,-0.79701376,-0.534166,-0.28184342,0.36807984,-0.7995825,0.47453678
1356523782311,-0.45652747,0.34193683,0.82137793,-0.8140676,-0.53304404,-0.23055997,0.3589937,-0.7739142,0.521709
1356523782349,-0.4344145,0.40097338,0.80653846,-0.83020645,-0.52555203,-0.18588248,0.34934402,-0.75034356,0.5611981
1356523782390,-0.41863304,0.44162196,0.7935468,-0.8415976,-0.51700747,-0.15625885,0.34126225,-0.7332622,0.5881043
1356523782429,-0.41518658,0.45550665,0.78748566,-0.8450731,-0.51362836,-0.1484496,0.33685523,-0.7271173,0.5981881
1356523782472,-0.4280492,0.43571186,0.7917886,-0.83867824,-0.51794547,-0.16837901,0.33673856,-0.7361303,0.5871281
1356523782508,-0.45046312,0.3927606,0.80176175,-0.8260442,-0.52406466,-0.20738146,0.33872378,-0.75570846,0.5605095
1356523782552,-0.48088473,0.3240217,0.81471455,-0.8075272,-0.52563834,-0.26758966,0.3415403,-0.7865839,0.5144277
1356523782588,-0.50916654,0.24845982,0.82402486,-0.7894052,-0.5162796,-0.33210647,0.34291214,-0.8195871,0.4590078
1356523782633,-0.53460574,0.16742343,0.8283514,-0.7732972,-0.49229234,-0.3995742,0.34089303,-0.8541765,0.39265046
1356523782668,-0.5529835,0.09465334,0.8277983,-0.7630516,-0.4565283,-0.45753053,0.3346066,-0.88465965,0.32467803
1356523782712,-0.56592864,0.030976892,0.823872,-0.7586363,-0.41081333,-0.50567114,0.32279354,-0.911193,0.25599128
1356523782749,-0.5727115,-0.019178778,0.8195325,-0.75975597,-0.3630184,-0.5394335,0.30785117,-0.9315845,0.19333369
1356523782792,-0.5753316,-0.058340102,0.8158369,-0.7643857,-0.31657958,-0.5616865,0.29104623,-0.9467702,0.13754398
1356523782828,-0.5726925,-0.08678961,0.81516314,-0.7718562,-0.27788746,-0.5718537,0.27615455,-0.956685,0.09215498
1356523782872,-0.5659679,-0.10580376,0.8176099,-0.78071964,-0.2498399,-0.5727625,0.26487198,-0.96248925,0.058798313
1356523782908,-0.5528153,-0.114849895,0.82535124,-0.79281664,-0.23248744,-0.563375,0.25658736,-0.96579456,0.037467718
1356523782952,-0.53424406,-0.1136809,0.8376515,-0.8074855,-0.22454476,-0.54547846,0.25010076,-0.96781003,0.028166056
1356523782988,-0.50945216,-0.10716128,0.8538004,-0.8246837,-0.22247505,-0.5200016,0.2456733,-0.96903116,0.02496618
1356523783051,-0.48385048,-0.10095152,0.8693086,-0.8399615,-0.22527301,-0.49367672,0.24566922,-0.96905154,0.024203062
1356523783069,-0.45891,-0.09790635,0.8830719,-0.85244477,-0.23168206,-0.46868044,0.2504787,-0.9678522,0.02286148
1356523783112,-0.4408663,-0.10188484,0.89177144,-0.85802656,-0.24382323,-0.4520405,0.26349065,-0.96445304,0.020073533
1356523783149,-0.43176353,-0.11112797,0.8951149,-0.85702395,-0.25887042,-0.4455288,0.2812295,-0.9594981,0.016531527
1356523783193,-0.43424976,-0.12894082,0.8915163,-0.8474422,-0.27706498,-0.45285386,0.30539933,-0.9521603,0.011045516
1356523783229,-0.45025998,-0.15477496,0.8793808,-0.82910687,-0.29309666,-0.4761051,0.33143282,-0.9434718,0.0036447644
1356523783272,-0.47576553,-0.19005135,0.8587944,-0.80192435,-0.30738103,-0.5122834,0.36133724,-0.9324148,-0.006165564
1356523783309,-0.50753486,-0.22828889,0.8308385,-0.7670366,-0.31955343,-0.5563636,0.39250892,-0.91965747,-0.012921393
1356523783352,-0.53525585,-0.25527,0.8051946,-0.7295151,-0.34082335,-0.5929985,0.42580387,-0.90480757,-0.0037956238
1356523783389,-0.55776775,-0.26050636,0.78805554,-0.6925148,-0.37730289,-0.61487055,0.45751333,-0.8886951,0.030042887
1356523783433,-0.5706092,-0.22205605,0.7906303,-0.66397876,-0.4417919,-0.6032845,0.483257,-0.8692014,0.10465002
1356523783469,-0.578648,-0.15466385,0.8007781,-0.6450012,-0.514119,-0.5653804,0.49913913,-0.8436591,0.19773555
1356523783512,-0.5825993,-0.074517906,0.80933625,-0.63816226,-0.57471883,-0.512296,0.503316,-0.8149511,0.28727624
1356523783549,-0.5872743,-0.017772824,0.80919284,-0.6360911,-0.60808074,-0.47500092,0.5004967,-0.7936762,0.34580508
1356523783591,-0.595417,-0.0026565194,0.80341244,-0.6336245,-0.61327064,-0.47161335,0.49396208,-0.7898684,0.36346853
1356523783629,-0.6033793,-0.015191883,0.79730964,-0.63180745,-0.6009395,-0.4895826,0.4865725,-0.79915017,0.35299605
1356523783673,-0.6103008,-0.051262677,0.7905094,-0.6328594,-0.5686604,-0.52546585,0.47646815,-0.8209735,0.31461182
1356523783710,-0.61340064,-0.08921498,0.78471667,-0.6394861,-0.526968,-0.5597876,0.46346205,-0.8451895,0.26619083
1356523783750,-0.6142214,-0.12620881,0.778976,-0.65124047,-0.47641474,-0.59069026,0.4456659,-0.8701153,0.2104317
1356523783789,-0.61330265,-0.15791374,0.7739013,-0.66645527,-0.4223975,-0.61434335,0.42390722,-0.892549,0.15381497
1356523783847,-0.6114115,-0.18191949,0.77011776,-0.68284833,-0.37049282,-0.62964547,0.3998679,-0.910846,0.10230011
1356523783867,-0.60859364,-0.19523865,0.76908755,-0.6992726,-0.32611483,-0.6361344,0.3750089,-0.92494917,0.061946392
1356523783905,-0.60388213,-0.19507566,0.7728336,-0.71620786,-0.29273117,-0.6335256,0.349818,-0.9360843,0.03706044
1356523783941,-0.5954552,-0.18108672,0.7827138,-0.73513633,-0.27015758,-0.6217633,0.32404912,-0.9456335,0.02774328
1356523783982,-0.5816021,-0.15670764,0.79823667,-0.75680876,-0.25558853,-0.6015938,0.29829448,-0.95400065,0.030053139
1356523784024,-0.56274974,-0.13126409,0.81613874,-0.7790375,-0.2459464,-0.57672435,0.27642956,-0.96035415,0.03614664
1356523784063,-0.54265773,-0.11324093,0.8322854,-0.7978506,-0.2402851,-0.5528992,0.2625966,-0.96407443,0.040043294
1356523784110,-0.5261542,-0.10674167,0.84366345,-0.8100594,-0.23898613,-0.5354338,0.25877693,-0.96513826,0.03927642
1356523784151,-0.5176428,-0.11149737,0.8483009,-0.81395864,-0.24135923,-0.5284101,0.26366156,-0.9640094,0.03418356
1356523784189,-0.5202691,-0.12641048,0.84459484,-0.8085215,-0.24553114,-0.53479666,0.27497825,-0.96111125,0.025536656
1356523784231,-0.5355493,-0.15152693,0.8307987,-0.7926736,-0.2491433,-0.55641365,0.29129964,-0.95653915,0.013317168
1356523784270,-0.5620987,-0.1863088,0.8058127,-0.76608056,-0.24991953,-0.5921662,0.31171414,-0.95017326,-0.0022481084
1356523784308,-0.5941802,-0.22717923,0.7715824,-0.73072445,-0.248434,-0.6358634,0.33614224,-0.9416317,-0.018390834
1356523784350,-0.62421036,-0.2656063,0.7347208,-0.6907704,-0.25168663,-0.677857,0.3649625,-0.93064874,-0.026367605
1356523784388,-0.6467666,-0.28933665,0.70567507,-0.65114915,-0.2722746,-0.70842874,0.39711183,-0.9176878,-0.012303174
1356523784430,-0.6602967,-0.28465337,0.69496816,-0.6160057,-0.3240515,-0.71800244,0.4295873,-0.90219903,0.03862202
1356523784469,-0.66649246,-0.24821748,0.70297647,-0.58963233,-0.40151,-0.70080197,0.45620337,-0.8815769,0.12124634
1356523784510,-0.6662852,-0.18728548,0.72179514,-0.577612,-0.48256624,-0.65840286,0.47162324,-0.8556016,0.21334833
1356523784551,-0.66053677,-0.12310286,0.74063283,-0.58145523,-0.540192,-0.6083605,0.4749748,-0.83248925,0.28523788
1356523784589,-0.6516845,-0.07599127,0.75467384,-0.59581655,-0.5644226,-0.57134026,0.46937189,-0.8219808,0.32254866
1356523784629,-0.6421026,-0.054253608,0.7646965,-0.6146405,-0.55972093,-0.55581415,0.4581716,-0.8269032,0.3260519
1356523784671,-0.63237524,-0.05380234,0.7727916,-0.6352693,-0.5348791,-0.5570794,0.44332227,-0.843214,0.30406532
1356523784708,-0.622497,-0.06662279,0.77978134,-0.6570339,-0.4968549,-0.56695825,0.42521048,-0.8652726,0.26551718
1356523784750,-0.61249423,-0.08567056,0.7858189,-0.67942166,-0.45105195,-0.5787386,0.40402597,-0.8883765,0.21806026
1356523784791,-0.6025019,-0.1057792,0.7910767,-0.70134795,-0.4028957,-0.5880359,0.38092333,-0.90911275,0.16855735
1356523784829,-0.5923809,-0.12249583,0.7962912,-0.7220182,-0.3578056,-0.59216964,0.3574558,-0.92572665,0.12351298
1356523784868,-0.58107966,-0.13045776,0.8033227,-0.74200094,-0.3205753,-0.5887836,0.3343368,-0.9381963,0.08948004
1356523784909,-0.5666566,-0.12487164,0.81443685,-0.7632338,-0.2928704,-0.57593495,0.3104424,-0.94796306,0.0706507
1356523784948,-0.5467793,-0.10531175,0.8306273,-0.7872888,-0.2729848,-0.55286133,0.28497148,-0.9562367,0.06635171
1356523784989,-0.52072537,-0.07800418,0.8501532,-0.8130963,-0.25822777,-0.521721,0.26022962,-0.9629297,0.07104093
1356523785044,-0.4909647,-0.052984953,0.8695667,-0.8369614,-0.24831069,-0.48768574,0.24176276,-0.96723026,0.07756549
1356523785069,-0.46263075,-0.03775686,0.88574684,-0.85498273,-0.24523634,-0.4570162,0.23447278,-0.9687278,0.08117241
1356523785108,-0.44153953,-0.035247713,0.8965492,-0.8646624,-0.2501039,-0.43566844,0.23958671,-0.9675772,0.07995337
1356523785150,-0.4327193,-0.04554057,0.90037775,-0.8648357,-0.26106232,-0.42884222,0.25458446,-0.9642471,0.07358158
1356523785188,-0.43981427,-0.068790674,0.89545035,-0.8545474,-0.27463526,-0.44082233,0.2762467,-0.95908463,0.062003613
1356523785230,-0.4640175,-0.106025934,0.87945795,-0.83249116,-0.28709853,-0.47384912,0.3027314,-0.9520152,0.044953108
1356523785268,-0.5014681,-0.15390974,0.8513763,-0.79892606,-0.29527843,-0.52395415,0.33203468,-0.94293296,0.025110185
1356523785310,-0.54249287,-0.20404845,0.8149023,-0.7570003,-0.3018316,-0.5795241,0.3642143,-0.931269,0.009276748
1356523785349,-0.5785726,-0.24309412,0.7785622,-0.711164,-0.31704307,-0.6274787,0.3993741,-0.9167273,0.010552585
1356523785390,-0.6048566,-0.2568685,0.7537685,-0.66602385,-0.355698,-0.6556608,0.43653256,-0.8986086,0.044065714
1356523785428,-0.62139606,-0.23707145,0.7467691,-0.6259361,-0.42305672,-0.65515417,0.47124407,-0.8745399,0.114494205
1356523785471,-0.629293,-0.18332185,0.7552373,-0.5983058,-0.5059329,-0.62133884,0.4960044,-0.842867,0.20869762
1356523785508,-0.63031185,-0.11662096,0.76753265,-0.5886909,-0.5727239,-0.5704649,0.5061125,-0.81141037,0.29234108
1356523785550,-0.62717956,-0.06150523,0.77644247,-0.59504735,-0.6053837,-0.5286107,0.50255793,-0.7935538,0.34308577
1356523785588,-0.6215308,-0.030633837,0.78279054,-0.61057806,-0.60709786,-0.5085534,0.4908094,-0.7940364,0.35862565
1356523785631,-0.6150112,-0.025920272,0.78809226,-0.63070154,-0.58369654,-0.5113843,0.47326195,-0.81155807,0.3426319
1356523785679,-0.6069459,-0.04325363,0.79356515,-0.65532374,-0.5376789,-0.5305205,0.44963023,-0.8420394,0.29799697
1356523785722,-0.5944195,-0.06386837,0.8016148,-0.6830249,-0.48603225,-0.5452062,0.4244321,-0.87160397,0.24528334
1356523785769,-0.5815544,-0.08827686,0.80870366,-0.7102881,-0.42953038,-0.5576687,0.39659202,-0.8987273,0.18709329
1356523785808,-0.5677355,-0.10836694,0.81604725,-0.7355391,-0.37837863,-0.56197155,0.3696739,-0.9192858,0.1351108
1356523785849,-0.55513555,-0.1223951,0.8227053,-0.7574489,-0.33427215,-0.5608327,0.34365064,-0.9344954,0.092858255
1356523785889,-0.54274917,-0.12666121,0.83028924,-0.777269,-0.2988236,-0.55367625,0.3182393,-0.9458654,0.06373644
1356523785929,-0.5290987,-0.119022995,0.8401714,-0.79632735,-0.27236724,-0.54007286,0.29311627,-0.9548034,0.04932791
1356523785968,-0.5129739,-0.10184693,0.8523408,-0.8149731,-0.25405276,-0.52084154,0.26958573,-0.96181303,0.04732001
1356523786047,-0.49485606,-0.08161411,0.86513376,-0.8319107,-0.24316812,-0.4987923,0.25108144,-0.9665445,0.052437603
1356523786051,-0.47769696,-0.06676924,0.8759837,-0.84439856,-0.24031466,-0.47879004,0.24248019,-0.96839595,0.058417678
1356523786086,-0.46548057,-0.06147486,0.88292056,-0.85046387,-0.24511385,-0.46543568,0.24502867,-0.9675433,0.061813593
1356523786129,-0.4621476,-0.06741062,0.88423723,-0.84837914,-0.25671917,-0.4629775,0.25821024,-0.9641323,0.06145233
1356523786169,-0.47100568,-0.0847927,0.87804544,-0.83693635,-0.27155745,-0.475178,0.27873144,-0.9586797,0.056939006
1356523786208,-0.49392045,-0.11442685,0.86194485,-0.8146874,-0.28551382,-0.5047437,0.30385345,-0.9515189,0.04779905
1356523786251,-0.52983046,-0.15702987,0.8334394,-0.7802238,-0.2949788,-0.551578,0.33246118,-0.9425121,0.033770382
1356523786285,-0.5727382,-0.20905447,0.792633,-0.73436236,-0.2988134,-0.60944426,0.36425644,-0.93113196,0.017620146
1356523786337,-0.61312294,-0.2601435,0.74592614,-0.679199,-0.3086288,-0.6659107,0.40344656,-0.91491735,0.012538075
1356523786382,-0.64613605,-0.29132652,0.7054339,-0.6222386,-0.33414888,-0.70792913,0.4419585,-0.8963667,0.034631014
1356523786419,-0.6664597,-0.28876823,0.6873459,-0.575828,-0.3862251,-0.7205916,0.4735542,-0.87603825,0.09112263
1356523786459,-0.67705476,-0.23830388,0.6962816,-0.54873484,-0.4669844,-0.6934087,0.49039465,-0.8515496,0.18540835
1356523786508,-0.67964077,-0.15508564,0.7169635,-0.5454339,-0.5467142,-0.6352995,0.49049997,-0.8228317,0.2869803
1356523786549,-0.67797685,-0.08818057,0.729775,-0.5529429,-0.59297806,-0.58534706,0.48435685,-0.8003756,0.35326666
1356523786599,-0.67771775,-0.06511006,0.73243386,-0.55760455,-0.60382384,-0.5696262,0.47934943,-0.7944542,0.37291646
1356523786638,-0.677106,-0.07216412,0.73233867,-0.5607494,-0.59385127,-0.5769756,0.47653714,-0.8013321,0.36163422
1356523786679,-0.6766145,-0.09995076,0.72952217,-0.5638386,-0.56687665,-0.60061383,0.4735809,-0.81771684,0.32720086
1356523786718,-0.6752321,-0.13719411,0.724734,-0.5706637,-0.5253643,-0.63113815,0.4673378,-0.83974415,0.27645105
1356523786759,-0.67279035,-0.17474993,0.7188989,-0.5827991,-0.4733889,-0.660491,0.45573947,-0.8633455,0.21664733
1356523786798,-0.669785,-0.20696828,0.71312845,-0.5995648,-0.4158411,-0.6838115,0.43807542,-0.88557345,0.15443325
1356523786839,-0.66640204,-0.22908697,0.7095262,-0.61953044,-0.3593366,-0.69789624,0.41483772,-0.9046526,0.097536385
1356523786878,-0.66206014,-0.23696919,0.7110007,-0.6420063,-0.31012714,-0.70117694,0.38665795,-0.9206882,0.053187132
1356523786919,-0.6549943,-0.22808953,0.72038716,-0.6674729,-0.27224535,-0.6930818,0.35420674,-0.93480355,0.026075602
1356523786958,-0.64269406,-0.20370881,0.73854387,-0.6963889,-0.24650353,-0.6740019,0.31935382,-0.94749075,0.0165658
1356523786999,-0.6238886,-0.17095682,0.76258564,-0.7270397,-0.23095924,-0.6465843,0.28666416,-0.9578265,0.019800365
1356523787038,-0.6009703,-0.14069554,0.7867905,-0.75493884,-0.22336423,-0.6165838,0.26249146,-0.96452737,0.028018773
1356523787076,-0.5798187,-0.12171438,0.8056028,-0.77483284,-0.22330916,-0.59141123,0.25188172,-0.96711874,0.035170555
1356523787118,-0.56709313,-0.117135584,0.815282,-0.7831092,-0.23005438,-0.5777673,0.25523624,-0.96610266,0.03873217
1356523787158,-0.5687791,-0.1277566,0.8125076,-0.776866,-0.24099445,-0.5817223,0.27012873,-0.962081,0.037822843
1356523787198,-0.58882433,-0.153673,0.7935178,-0.75348514,-0.2509008,-0.6077079,0.29248253,-0.95573705,0.031946182
1356523787240,-0.6264733,-0.19509763,0.7546312,-0.7108169,-0.25422722,-0.6558262,0.31979793,-0.94726217,0.020587862
1356523787278,-0.6738817,-0.24818194,0.6959089,-0.6505114,-0.24728757,-0.7181113,0.35031188,-0.9366187,0.005197406
1356523787320,-0.71818954,-0.30474877,0.62556535,-0.5801905,-0.23406595,-0.7801232,0.3841651,-0.9232233,-0.008708596
1356523787358,-0.75036764,-0.35358694,0.55850214,-0.50974214,-0.22839874,-0.8294558,0.42084593,-0.90708894,-0.008855164
1356523787400,-0.7689766,-0.38578606,0.5097489,-0.44388282,-0.25160766,-0.8600358,0.4600466,-0.8876163,0.022236645
1356523787438,-0.7788699,-0.39812362,0.48462266,-0.38186806,-0.31193507,-0.86998457,0.49753225,-0.8626668,0.09092623
1356523787480,-0.7850999,-0.387245,0.48338315,-0.3273238,-0.40314364,-0.85459596,0.5258109,-0.8291661,0.18975359
1356523787518,-0.7898484,-0.3577022,0.49818543,-0.29288495,-0.49369353,-0.81883156,0.53884876,-0.7926638,0.28517747
1356523787560,-0.7929982,-0.31760156,0.51988757,-0.28701591,-0.55796087,-0.7786536,0.53737855,-0.7666869,0.35130528
1356523787598,-0.7932005,-0.2793144,0.5411253,-0.3044703,-0.58765846,-0.74963695,0.5273812,-0.75936896,0.38108793
1356523787641,-0.7908138,-0.25151798,0.55798954,-0.33562383,-0.5841728,-0.738985,0.5118303,-0.7716741,0.3775564
1356523787679,-0.7865938,-0.234774,0.57109666,-0.371356,-0.5590644,-0.74131083,0.49332032,-0.7951907,0.35257185
1356523787720,-0.7819178,-0.22785708,0.5802462,-0.40809932,-0.51651824,-0.75277084,0.4712319,-0.82540303,0.31088647
1356523787758,-0.7777099,-0.22660485,0.58635956,-0.44200727,-0.46612817,-0.7663903,0.44698647,-0.8552046,0.2623515
1356523787802,-0.7747318,-0.2284214,0.58958817,-0.4730059,-0.4094138,-0.7801575,0.41959023,-0.88329154,0.20914131
1356523787838,-0.7734904,-0.22988416,0.59064865,-0.4985485,-0.3547492,-0.7909503,0.3913591,-0.90625954,0.1597867
1356523787882,-0.77349323,-0.22632723,0.592017,-0.52075744,-0.30548525,-0.79717654,0.36127523,-0.924908,0.11842924
1356523787918,-0.7740086,-0.2164133,0.5950429,-0.53968495,-0.2659936,-0.7987413,0.3311358,-0.9393683,0.089086235
1356523787962,-0.7726694,-0.19625422,0.60371065,-0.5597569,-0.23793584,-0.7937625,0.2994236,-0.95124704,0.07399094
1356523787998,-0.7679602,-0.17233522,0.6168773,-0.5806459,-0.21920079,-0.7840926,0.27034682,-0.96033925,0.068271816
1356523788040,-0.7601508,-0.15088892,0.63198364,-0.6005695,-0.2080344,-0.772035,0.24796583,-0.96641314,0.067518234
1356523788076,-0.75232553,-0.1400205,0.6437395,-0.61449426,-0.20311332,-0.7623266,0.23749344,-0.969092,0.06676555
1356523788121,-0.7497299,-0.14463708,0.64574397,-0.615926,-0.20426369,-0.76086235,0.24195093,-0.9681717,0.06405687
1356523788159,-0.7550921,-0.16186015,0.63532454,-0.6032192,-0.20809442,-0.7699502,0.25683177,-0.9646233,0.059493303
1356523788202,-0.7708774,-0.19347452,0.6068901,-0.5715509,-0.2105195,-0.79310215,0.28120726,-0.95825315,0.05170417
1356523788238,-0.79394794,-0.2331714,0.5614961,-0.5240722,-0.2057125,-0.8264568,0.30821282,-0.9504281,0.04112631
1356523788282,-0.8186669,-0.28156447,0.50050575,-0.4633975,-0.1908763,-0.8653491,0.33918625,-0.94036573,0.02578783
1356523788318,-0.8378001,-0.32983637,0.43508497,-0.4007169,-0.16978323,-0.90033305,0.3708327,-0.928645,0.010073483
1356523788367,-0.8471536,-0.37508988,0.37634856,-0.34217167,-0.15676951,-0.92646736,0.4065085,-0.913636,0.0044627786
1356523788394,-0.84754694,-0.4107958,0.3360224,-0.29481107,-0.16205329,-0.9417139,0.44130567,-0.8972099,0.016240537
1356523788434,-0.84418267,-0.42992723,0.32018447,-0.25205356,-0.20880055,-0.9449187,0.47310096,-0.87838763,0.067901194
1356523788478,-0.8413283,-0.43077582,0.32649475,-0.21350312,-0.2900718,-0.93288517,0.4965713,-0.8545704,0.15207362
1356523788519,-0.8419488,-0.41172105,0.3487236,-0.18615933,-0.38496137,-0.90396327,0.50642574,-0.82600886,0.24747199
1356523788559,-0.8442683,-0.38162926,0.37625793,-0.18000177,-0.45936316,-0.8698188,0.5047873,-0.80208755,0.3191319
1356523788602,-0.8466901,-0.34981266,0.4009326,-0.1955711,-0.49616843,-0.845913,0.49484116,-0.794637,0.35168767
1356523788649,-0.8473461,-0.3245579,0.42031735,-0.22901589,-0.49077308,-0.8406506,0.47912025,-0.8085814,0.34152585
1356523788688,-0.8461634,-0.30855423,0.4345132,-0.26493436,-0.46389455,-0.845347,0.4624037,-0.83041924,0.31078404
1356523788729,-0.8444273,-0.3005163,0.44343284,-0.2994175,-0.42161936,-0.8559126,0.4441755,-0.85552746,0.26604688
1356523788770,-0.8430684,-0.29761633,0.4479512,-0.33061543,-0.37013817,-0.86815387,0.42418057,-0.8800127,0.21365517
1356523788809,-0.84276307,-0.29659024,0.44920433,-0.35800436,-0.31435138,-0.8792133,0.40197408,-0.9017857,0.1587432
1356523788848,-0.8439327,-0.2946536,0.44828227,-0.38050956,-0.26024675,-0.8874031,0.37814048,-0.9194841,0.107512176
1356523788890,-0.8466342,-0.28835115,0.44728523,-0.3984585,-0.21365917,-0.89195323,0.35276234,-0.93338275,0.065995276
1356523788928,-0.85026383,-0.2754245,0.44854525,-0.4129096,-0.17947012,-0.8929145,0.32643095,-0.94442147,0.038871467
1356523788969,-0.8532427,-0.25450692,0.45519558,-0.42705455,-0.16000712,-0.88995624,0.29933456,-0.953742,0.02783662
1356523789028,-0.85367227,-0.22976331,0.46738893,-0.4425993,-0.15294385,-0.8835802,0.27449858,-0.961154,0.028870821
1356523789053,-0.8509867,-0.20834786,0.48209202,-0.4582004,-0.15406287,-0.8753954,0.2566592,-0.96584463,0.03564036
1356523789083,-0.8472327,-0.19778474,0.49302936,-0.46856207,-0.15905476,-0.86899436,0.25029248,-0.96725523,0.042081952
1356523789129,-0.8462574,-0.2018615,0.4930523,-0.46684498,-0.16496843,-0.868816,0.25671852,-0.96542084,0.0453676
1356523789168,-0.85099727,-0.21922114,0.4772272,-0.44883075,-0.1682291,-0.8776389,0.27268046,-0.9610625,0.044769228
1356523789209,-0.8620365,-0.24768808,0.44220328,-0.41231588,-0.16470551,-0.89602894,0.294769,-0.954737,0.039856374
1356523789248,-0.87659246,-0.28453308,0.3881066,-0.3588552,-0.15085673,-0.9211218,0.3206381,-0.94672245,0.030133665
1356523789289,-0.88901985,-0.3262432,0.32126155,-0.295732,-0.12652093,-0.9468553,0.3495514,-0.9367806,0.015999138
1356523789328,-0.8942893,-0.3683452,0.25410333,-0.23425722,-0.09846413,-0.9671755,0.3812745,-0.9244602,0.0017678142
1356523789369,-0.8912656,-0.40746945,0.19903342,-0.18189502,-0.080825984,-0.9799905,0.41540325,-0.90963495,-0.0020792484
1356523789408,-0.88248235,-0.44085407,0.16392936,-0.13797343,-0.09055692,-0.9862875,0.44965374,-0.89299905,0.019088626
1356523789450,-0.87237173,-0.46474043,0.15160422,-0.09693095,-0.13952005,-0.98546356,0.4791366,-0.8743858,0.0766657
1356523789488,-0.865051,-0.47546235,0.16006924,-0.058575124,-0.22115988,-0.9734768,0.4982525,-0.8514833,0.16346443
1356523789530,-0.86264896,-0.471341,0.1835058,-0.03181964,-0.31151122,-0.94970953,0.50480115,-0.8251051,0.25372702
1356523789568,-0.86468685,-0.45372844,0.21551579,-0.02834481,-0.38429064,-0.9227769,0.50151086,-0.8040218,0.3194303
1356523789609,-0.8690387,-0.4269821,0.249916,-0.049968377,-0.42680895,-0.9029603,0.49221426,-0.7971953,0.3495779
1356523789648,-0.8729799,-0.39774412,0.2823223,-0.08944781,-0.4384536,-0.89429164,0.47948444,-0.8059517,0.34718376
1356523789691,-0.8750877,-0.37124792,0.3104779,-0.13721874,-0.42487627,-0.8947911,0.46410406,-0.8256241,0.32086182
1356523789728,-0.8755299,-0.3492778,0.3338451,-0.18617427,-0.3937238,-0.9001782,0.445855,-0.85028625,0.27969033
1356523789770,-0.87517047,-0.33133495,0.35255343,-0.2325899,-0.35083264,-0.90709347,0.42423898,-0.8758617,0.22997314
1356523789825,-0.87475485,-0.3166281,0.36681157,-0.27334398,-0.30261815,-0.9130747,0.40010893,-0.8989822,0.17816824
1356523789859,-0.8753135,-0.30145043,0.3780925,-0.31002522,-0.2502004,-0.9172154,0.37109384,-0.9200693,0.12554657
1356523789891,-0.8769862,-0.2868677,0.38548923,-0.33572564,-0.20815158,-0.9186736,0.343778,-0.93508273,0.08623725
1356523789932,-0.8790946,-0.26794833,0.3942036,-0.35555863,-0.18215877,-0.9167313,0.31744426,-0.94605595,0.064863384
1356523789971,-0.88058513,-0.24377719,0.40637755,-0.3732507,-0.17157596,-0.9117268,0.29198277,-0.95453364,0.0600971
1356523790034,-0.87978435,-0.21722278,0.42284,-0.3918135,-0.17233342,-0.9037607,0.26918685,-0.96078897,0.06650549
1356523790056,-0.87635714,-0.19670087,0.439667,-0.4092093,-0.177423,-0.89502454,0.25405914,-0.9642769,0.07499403
1356523790102,-0.8728622,-0.190777,0.44912782,-0.4180374,-0.18241924,-0.8899259,0.25170693,-0.9645348,0.07947487
1356523790138,-0.87237066,-0.1994678,0.44629842,-0.41382504,-0.18466634,-0.89143,0.2602278,-0.9623467,0.0785526
1356523790182,-0.8777242,-0.22519526,0.42295092,-0.3888019,-0.18118972,-0.903329,0.28005975,-0.9573178,0.07147819
1356523790219,-0.88734967,-0.2597074,0.38100225,-0.3463174,-0.17015862,-0.92255646,0.30442554,-0.9505778,0.061048925
1356523790262,-0.8973585,-0.3028657,0.3209672,-0.28811732,-0.14883476,-0.945958,0.33426934,-0.94133973,0.04629743
1356523790309,-0.9024627,-0.3528632,0.24707994,-0.21946432,-0.11692995,-0.968588,0.3706701,-0.92833984,0.0280841
1356523790348,-0.8991025,-0.39784122,0.18258438,-0.1606986,-0.08799809,-0.9830729,0.40717396,-0.91322434,0.015186787
1356523790390,-0.88931394,-0.43587303,0.13833079,-0.11553423,-0.07852781,-0.9901945,0.44246194,-0.89657575,0.019477606
1356523790428,-0.8777556,-0.464512,0.11736083,-0.078852415,-0.10155511,-0.99169993,0.47257513,-0.8797244,0.052512705
1356523790470,-0.8696202,-0.4791541,0.11904672,-0.044288695,-0.16444254,-0.9853919,0.4917309,-0.8621891,0.12178147
1356523790508,-0.8675275,-0.47779176,0.13824269,-0.015048891,-0.25259584,-0.96745485,0.49716148,-0.8413741,0.21194369
1356523790550,-0.87109494,-0.46195167,0.16671593,-1.9058585E-5,-0.3394326,-0.9406304,0.49111462,-0.81938154,0.2956692
1356523790588,-0.8772293,-0.43757623,0.19747384,-0.0061888546,-0.4010005,-0.916057,0.48003185,-0.8048141,0.3490612
1356523790630,-0.88314503,-0.41123047,0.22570896,-0.031657368,-0.42780918,-0.90331465,0.4680308,-0.8049031,0.3647989
1356523790668,-0.88706553,-0.38821304,0.2498107,-0.06851654,-0.42442477,-0.90286714,0.45653063,-0.8180185,0.34989357
1356523790711,-0.88888943,-0.3705149,0.26943326,-0.110351235,-0.39764035,-0.9108813,0.44463265,-0.83940506,0.31257153
1356523790748,-0.8893179,-0.3573482,0.28533491,-0.15268719,-0.35611713,-0.9218825,0.43104568,-0.8634136,0.26213878
1356523790790,-0.88920194,-0.3469646,0.29822072,-0.19271642,-0.30712986,-0.9319505,0.4149463,-0.8861641,0.20623463
1356523790828,-0.8891203,-0.338005,0.3085738,-0.22785532,-0.25781405,-0.93894297,0.39692208,-0.90514344,0.15221137
1356523790871,-0.88952917,-0.3288015,0.31721798,-0.25734174,-0.21311736,-0.9425264,0.3775088,-0.9200383,0.104959786
1356523790909,-0.89075273,-0.31698033,0.32570374,-0.28139403,-0.17811537,-0.94291687,0.35689896,-0.93155694,0.06946045
1356523790950,-0.89259464,-0.29990807,0.3366451,-0.30225328,-0.15599334,-0.94037706,0.33454105,-0.9411276,0.04859072
1356523790988,-0.8938401,-0.27681157,0.3527395,-0.3234031,-0.14690846,-0.9347878,0.31058055,-0.94962794,0.04179102
1356523791049,-0.892669,-0.25177836,0.37383124,-0.3463338,-0.14761114,-0.92642534,0.2884355,-0.95646155,0.04456848
1356523791069,-0.8885111,-0.2321521,0.39579442,-0.36851484,-0.1529088,-0.91696,0.27339467,-0.96058536,0.050309718
1356523791109,-0.8832756,-0.22446117,0.41163254,-0.38362888,-0.15873456,-0.90974295,0.26954228,-0.96146786,0.05409658
1356523791148,-0.88024896,-0.23116307,0.41439748,-0.38494128,-0.1627667,-0.90847516,0.27745605,-0.9592031,0.05429107
1356523791190,-0.8818665,-0.25084323,0.39923567,-0.36815894,-0.16266197,-0.91542345,0.29456824,-0.9542635,0.051095963
1356523791228,-0.8880577,-0.2804263,0.36430016,-0.3325077,-0.15543258,-0.9302039,0.31747773,-0.94720733,0.044789195
1356523791269,-0.895852,-0.31666696,0.3117227,-0.28131717,-0.13884449,-0.94951713,0.34396172,-0.9383199,0.035300314
1356523791311,-0.9007012,-0.3557253,0.24939303,-0.22288042,-0.114390194,-0.9681112,0.37290972,-0.9275637,0.023747206
1356523791362,-0.8986922,-0.39825574,0.18369699,-0.16065374,-0.09080517,-0.98282486,0.4080963,-0.91276866,0.017624676
1356523791398,-0.89056957,-0.43399465,0.13614184,-0.11024076,-0.08443838,-0.9903116,0.44128555,-0.89694977,0.0273543
1356523791442,-0.8811514,-0.4590783,0.11322181,-0.06518589,-0.11922383,-0.99072516,0.46831918,-0.8803594,0.07512885
1356523791478,-0.8743206,-0.47228068,0.11186732,-0.023506239,-0.18901342,-0.981693,0.48477912,-0.86094415,0.15415686
1356523791522,-0.87466675,-0.46748036,0.12814112,0.012190133,-0.28548902,-0.95830446,0.4845714,-0.83663505,0.25540638
1356523791558,-0.8807022,-0.44795862,0.15393771,0.026769847,-0.37154138,-0.9280304,0.47291344,-0.8131975,0.33920902
1356523791602,-0.8904497,-0.41748336,0.18112637,0.015348703,-0.42533344,-0.90490645,0.45482254,-0.8029937,0.38514602
1356523791638,-0.8990545,-0.3874887,0.20384666,-0.011079133,-0.44529402,-0.8953158,0.4376965,-0.8071962,0.39605057
1356523791682,-0.9051899,-0.3636042,0.22005305,-0.04653135,-0.42986488,-0.90169346,0.4224526,-0.8264431,0.37219036
1356523791719,-0.9089288,-0.3475287,0.23037411,-0.08086333,-0.39510304,-0.9150709,0.4090349,-0.85036314,0.3310182
1356523791760,-0.91143614,-0.3367503,0.23639679,-0.115498655,-0.34204602,-0.9325581,0.39489782,-0.87727064,0.2728588
1356523791799,-0.91365576,-0.32913375,0.23854613,-0.1451476,-0.28399748,-0.9477751,0.37969124,-0.90056455,0.21170288
1356523791839,-0.9162253,-0.32182735,0.23865943,-0.17132115,-0.22377443,-0.9594655,0.36218813,-0.91997397,0.14989197
1356523791888,-0.91997737,-0.31184173,0.23747899,-0.19253938,-0.1682086,-0.9667649,0.34142366,-0.93512595,0.09470636
1356523791929,-0.9247854,-0.2989846,0.23533027,-0.20605278,-0.12641472,-0.97034097,0.31986618,-0.9458475,0.05529982
1356523791968,-0.92985827,-0.28206968,0.2362206,-0.21583995,-0.10173595,-0.9711143,0.29795402,-0.9539845,0.03371817
1356523792009,-0.93420106,-0.2635513,0.2404351,-0.22372325,-0.09215772,-0.97028595,0.27787808,-0.96023315,0.027131379
1356523792049,-0.937015,-0.24896505,0.24498835,-0.2290445,-0.09157807,-0.9690986,0.26370725,-0.96417314,0.028785944
1356523792085,-0.93864584,-0.2445501,0.24318573,-0.2268589,-0.09329748,-0.9694486,0.25976738,-0.9651378,0.032094955
1356523792130,-0.9402841,-0.25392804,0.22668558,-0.20960015,-0.092805505,-0.97337294,0.26820436,-0.96276045,0.034040272
1356523792168,-0.94219255,-0.27579924,0.19028364,-0.17286249,-0.08639258,-0.98114973,0.28703946,-0.9573249,0.033723176
1356523792211,-0.94231284,-0.3069625,0.13349342,-0.117454976,-0.0702306,-0.9905917,0.31344983,-0.9491268,0.030124903
1356523792248,-0.9375663,-0.34144175,0.06623481,-0.0544665,-0.0439502,-0.9975479,0.34351552,-0.9388749,0.022609115
1356523792291,-0.9268106,-0.3755221,0.0022855997,0.0024403036,-0.012108803,-0.9999237,0.37552112,-0.9267343,0.012138963
1356523792329,-0.91148615,-0.4085472,-0.047772318,0.04540947,0.015487075,-0.9988484,0.40881655,-0.9126058,0.0044356585
1356523792370,-0.893163,-0.44237268,-0.08103271,0.07747872,0.026132405,-0.99665153,0.44300896,-0.8964505,0.010933995
1356523792408,-0.8718548,-0.47938526,-0.10029383,0.1100561,0.0077778697,-0.99389493,0.47723866,-0.87757003,0.04597813
1356523792450,-0.847784,-0.5193987,-0.107178524,0.15203716,-0.044414997,-0.98737633,0.5080816,-0.853377,0.11662227
1356523792488,-0.8240608,-0.557441,-0.10091278,0.20043589,-0.1202898,-0.97229415,0.52985775,-0.821456,0.21085727
1356523792529,-0.80772775,-0.58410865,-0.079955354,0.2375363,-0.19830799,-0.9509208,0.5395853,-0.7870774,0.29892594
1356523792567,-0.80490935,-0.59153557,-0.046975017,0.24665663,-0.2615254,-0.93314785,0.539705,-0.7626861,0.35641038
1356523792609,-0.81491685,-0.5795059,-0.009126157,0.22507322,-0.3019151,-0.926385,0.5340903,-0.75698084,0.37646705
1356523792649,-0.8318134,-0.55445385,0.025838822,0.18225428,-0.31680328,-0.9308164,0.52428055,-0.7695563,0.36457264
1356523792689,-0.85031694,-0.52353925,0.05354984,0.13055097,-0.30841446,-0.94225097,0.50982094,-0.79422104,0.33059865
1356523792728,-0.8682586,-0.4906628,0.07332826,0.07877278,-0.2822789,-0.95609283,0.48981822,-0.82435954,0.28374195
1356523792769,-0.88494635,-0.4576767,0.08603503,0.032528535,-0.24504423,-0.968966,0.46455562,-0.85468435,0.23173857
1356523792808,-0.9002514,-0.42526144,0.09327488,-0.005529642,-0.20305657,-0.97915137,0.4353354,-0.8819982,0.18045044
1356523792849,-0.91405123,-0.3939432,0.09653433,-0.0338493,-0.16308397,-0.9860313,0.40418357,-0.9045509,0.13573253
1356523792888,-0.92655474,-0.3631606,0.09803414,-0.053174928,-0.13154739,-0.9898827,0.37238252,-0.92239344,0.102574825
1356523792929,-0.9380162,-0.3316769,0.100578144,-0.06648718,-0.1126048,-0.9914129,0.34015435,-0.9366485,0.083572924
1356523792968,-0.9481451,-0.29928994,0.10698876,-0.07835339,-0.10612905,-0.9912605,0.3080289,-0.9482417,0.07717532
1356523793008,-0.9559848,-0.26861823,0.11805663,-0.09202144,-0.107575,-0.9899291,0.27861294,-0.9572209,0.07812142
1356523793052,-0.9606783,-0.24565049,0.12943348,-0.10496791,-0.110256195,-0.9883447,0.2570582,-0.9630677,0.080135405
1356523793097,-0.9626153,-0.23757246,0.13011931,-0.10704214,-0.107634425,-0.9884112,0.24882461,-0.96538806,0.07818037
1356523793138,-0.9630807,-0.24445572,0.11276978,-0.09129027,-0.097519636,-0.99103785,0.25326213,-0.9647442,0.07160276
1356523793181,-0.9616388,-0.26494598,0.07109456,-0.052517667,-0.076560736,-0.9956808,0.26924467,-0.9612191,0.05970943
1356523793218,-0.9568712,-0.28995663,0.017956242,-0.004225388,-0.047911584,-0.9988426,0.29048133,-0.95583975,0.044620156
1356523793262,-0.94714373,-0.3183638,-0.039536193,0.04541342,-0.011056662,-0.9989071,0.31757873,-0.9479041,0.024930298
1356523793298,-0.93476814,-0.3456121,-0.082223475,0.07897793,0.023488283,-0.99659956,0.34636816,-0.9380834,0.005339682
1356523793342,-0.9196807,-0.37565905,-0.114314094,0.10313989,0.04979545,-0.99341965,0.37887943,-0.9254192,-0.0070504546
1356523793378,-0.902905,-0.40949863,-0.13066545,0.117934465,0.05631554,-0.9914232,0.41334495,-0.9105709,-0.0025535822
1356523793422,-0.8809937,-0.4512625,-0.14216992,0.14413783,0.03021574,-0.9890962,0.4506378,-0.8918796,0.038424134
1356523793459,-0.85675627,-0.49675372,-0.13857949,0.17511538,-0.027470708,-0.98416454,0.48508054,-0.8674566,0.11052495
1356523793502,-0.83405775,-0.5380167,-0.12200761,0.21476896,-0.11294949,-0.9701117,0.5081556,-0.83533263,0.2097556
1356523793538,-0.8260199,-0.5580068,-0.07949597,0.23030941,-0.2054177,-0.95118934,0.5144403,-0.80401,0.29819328
1356523793582,-0.8395957,-0.5429714,-0.016160816,0.20562594,-0.290141,-0.9346316,0.50278926,-0.78803575,0.35525012
1356523793618,-0.8637099,-0.50071895,0.057321742,0.14430359,-0.35466927,-0.9237891,0.482889,-0.789614,0.37858683
1356523793662,-0.8872678,-0.4432798,0.12750998,0.0598747,-0.38478923,-0.9210604,0.45735195,-0.80959266,0.36795235
1356523793709,-0.9021516,-0.38801974,0.18858188,-0.030693084,-0.3782857,-0.9251799,0.43032593,-0.8404407,0.32936162
1356523793750,-0.90613306,-0.3490779,0.23888826,-0.10713904,-0.356934,-0.92796516,0.40919948,-0.8664541,0.28602976
1356523793789,-0.903086,-0.32715973,0.27821264,-0.16652319,-0.33037877,-0.9290425,0.39586082,-0.8853341,0.24388069
1356523793829,-0.895654,-0.3185825,0.31033704,-0.21318236,-0.30486935,-0.92822844,0.39032957,-0.8975299,0.2051413
1356523793869,-0.8853778,-0.31915236,0.33800575,-0.25088662,-0.2840665,-0.92539835,0.39135918,-0.9041283,0.17143512
1356523793908,-0.8735699,-0.32335433,0.36375472,-0.2829856,-0.270612,-0.92015666,0.39597306,-0.9067586,0.14489394
1356523793949,-0.8613511,-0.32430395,0.39102593,-0.31388578,-0.26546448,-0.91159445,0.39943716,-0.9079403,0.12686372
1356523793988,-0.84856486,-0.31573138,0.4245601,-0.3498985,-0.2670322,-0.8979225,0.39687356,-0.9104985,0.11612028
1356523794050,-0.8333431,-0.29562047,0.46706313,-0.3954123,-0.2716236,-0.8774223,0.38624936,-0.9158762,0.10946363
1356523794072,-0.812668,-0.2637682,0.51961243,-0.453269,-0.27426445,-0.848131,0.3662212,-0.92477316,0.10332793
1356523794117,-0.7875913,-0.2358088,0.56929266,-0.5078591,-0.27480948,-0.81643057,0.34896857,-0.93213403,0.096679986
1356523794159,-0.76688397,-0.22013818,0.60285014,-0.5450397,-0.27255696,-0.79287106,0.33885217,-0.9366173,0.08903545
1356523794200,-0.7600404,-0.2224741,0.6106094,-0.5547913,-0.2671994,-0.7879156,0.33844528,-0.9376085,0.07965565
1356523794238,-0.77186096,-0.2437289,0.58721966,-0.5324929,-0.25683606,-0.8065275,0.34739324,-0.93521726,0.06845784
1356523794280,-0.79699534,-0.28246874,0.5338631,-0.4805085,-0.23899585,-0.8437965,0.36593723,-0.9290277,0.054749966
1356523794318,-0.82362586,-0.33040276,0.46094942,-0.40998527,-0.21470559,-0.8864612,0.39185768,-0.91909486,0.04137689
1356523794360,-0.84097075,-0.3787967,0.38636935,-0.33562285,-0.19491458,-0.9216103,0.42441195,-0.9047217,0.03678465
1356523794398,-0.8472036,-0.41876766,0.32692474,-0.2679582,-0.19453806,-0.94358546,0.45874232,-0.8870111,0.05260104
1356523794441,-0.847011,-0.44371268,0.29273075,-0.20799449,-0.2301414,-0.9506699,0.48919374,-0.86611426,0.102642596
1356523794478,-0.84574616,-0.45405376,0.28026542,-0.15535654,-0.29295236,-0.94342107,0.51046824,-0.84143573,0.17722303
1356523794521,-0.8466596,-0.4504693,0.283275,-0.1138688,-0.36663812,-0.923369,0.5198088,-0.8140355,0.25912344
1356523794569,-0.8510154,-0.43330044,0.29668733,-0.097644135,-0.4245516,-0.900123,0.51598287,-0.7949884,0.31899077
1356523794612,-0.85700804,-0.41015792,0.31194168,-0.10798581,-0.44896686,-0.8869993,0.50386125,-0.79385084,0.34047705
1356523794659,-0.86420137,-0.38378042,0.32537478,-0.14247113,-0.4335599,-0.88979095,0.48255378,-0.81531495,0.32000536
1356523794698,-0.8710391,-0.36271113,0.33125752,-0.17766947,-0.39607602,-0.90086484,0.45795685,-0.8435428,0.280555
1356523794740,-0.8778585,-0.34532732,0.33183357,-0.21112655,-0.34287477,-0.9153483,0.42987213,-0.87360513,0.22808778
1356523794778,-0.8852571,-0.33066052,0.32708335,-0.238703,-0.280559,-0.9296814,0.3991751,-0.9010829,0.16943711
1356523794819,-0.8934785,-0.31728938,0.31784222,-0.25866362,-0.21498996,-0.941739,0.3671367,-0.9236378,0.1100176
1356523794858,-0.9025594,-0.30415016,0.3047609,-0.26940757,-0.15320885,-0.9507611,0.33586618,-0.9402232,0.05633974
1356523794900,-0.9122769,-0.2896653,0.28956,-0.2712613,-0.102382064,-0.95704514,0.30686852,-0.9516365,0.014825761
