1356523946522,-0.14981955,0.06611079,0.9865006,-0.90253586,0.39826185,-0.16375753,-0.40371168,-0.91488624,0.0
1356523946542,-0.2711057,0.11965978,0.9550829,-0.8737992,0.38556218,-0.29633895,-0.40370372,-0.9148898,3.0577183E-5
1356523946561,-0.27097258,0.11974114,0.9551103,-0.8738701,0.38546982,-0.29625002,-0.40363953,-0.91491807,1.8644333E-4
1356523946603,-0.2707981,0.12002599,0.95512414,-0.87403804,0.38512343,-0.2962051,-0.403393,-0.9150266,6.1661005E-4
1356523946647,-0.271027,0.120761305,0.95496655,-0.87423015,0.38429782,-0.29671016,-0.40282264,-0.915277,0.0014181137
1356523946705,-0.272007,0.12245172,0.9544726,-0.8745012,0.38245898,-0.29828322,-0.40157193,-0.9158225,0.0030526519
1356523946740,-0.2773059,0.12619573,0.9524579,-0.873426,0.37990373,-0.30463123,-0.40028548,-0.91637754,0.0048730373
1356523946782,-0.28366077,0.13081312,0.94996023,-0.8720051,0.3769384,-0.31228903,-0.39892796,-0.9169544,0.0071471334
1356523946820,-0.29291862,0.13683248,0.94629574,-0.86953104,0.37347454,-0.32316035,-0.39763618,-0.91749316,0.0095824
1356523946862,-0.30360696,0.14351869,0.9419263,-0.8663839,0.3697969,-0.33560264,-0.3964867,-0.9179611,0.0120693445
1356523946902,-0.31501588,0.15045574,0.93708485,-0.8627026,0.3661709,-0.34880245,-0.39561254,-0.91830385,0.014448881
1356523946942,-0.32534137,0.15694106,0.9324819,-0.8590615,0.36306313,-0.36083034,-0.39517888,-0.9184524,0.016702592
1356523946979,-0.3230891,0.15775996,0.93312657,-0.85992223,0.36276647,-0.35907406,-0.3951545,-0.9184292,0.018455446
1356523947023,-0.33771625,0.16530389,0.9266188,-0.85403913,0.36003223,-0.37549165,-0.39568284,-0.9181783,0.019587219
1356523947059,-0.34722644,0.1703769,0.9221743,-0.8498262,0.35862458,-0.38624316,-0.39652127,-0.9178018,0.02026683
1356523947100,-0.35269022,0.17358708,0.91949826,-0.8470037,0.3584501,-0.3925535,-0.3977365,-0.9172682,0.020607054
1356523947139,-0.35446358,0.17513865,0.91852164,-0.84567004,0.35910678,-0.39482215,-0.39899597,-0.91671634,0.020819187
1356523947182,-0.3542679,0.1759063,0.9184505,-0.8451201,0.36023062,-0.39497587,-0.40033272,-0.91612816,0.021043777
1356523947232,-0.35216802,0.17622733,0.9191962,-0.8453449,0.36163628,-0.3932062,-0.40170842,-0.91551244,0.02161616
1356523947271,-0.34862894,0.1765787,0.92047703,-0.8461724,0.36303234,-0.39012808,-0.40305126,-0.91489214,0.022852361
1356523947309,-0.343329,0.17766401,0.9222584,-0.8476218,0.36434615,-0.3857318,-0.40455195,-0.9141593,0.02550131
1356523947351,-0.33536673,0.17994922,0.92474174,-0.8499195,0.36565435,-0.37938586,-0.40640604,-0.91318953,0.030314088
1356523947390,-0.32364744,0.18389511,0.9281353,-0.8532722,0.36716712,-0.3702904,-0.40887535,-0.9117955,0.0380798
1356523947429,-0.3076163,0.18973467,0.9324018,-0.85755444,0.36930287,-0.35807228,-0.41227737,-0.90973413,0.049104154
1356523947470,-0.28657582,0.19780186,0.937416,-0.8624753,0.3727632,-0.34232163,-0.41714603,-0.90659916,0.06377429
1356523947509,-0.2609132,0.20811483,0.9426624,-0.8674151,0.37803322,-0.32354575,-0.4236924,-0.90209705,0.08188808
1356523947549,-0.23201963,0.22034338,0.94742584,-0.8718271,0.38484183,-0.30300882,-0.43137503,-0.89629555,0.1028105
1356523947585,-0.20210287,0.2337895,0.9510504,-0.87553805,0.39200965,-0.2824209,-0.438848,-0.88975894,0.12546527
1356523947629,-0.17205667,0.24794722,0.9533723,-0.87892306,0.3984053,-0.2622355,-0.4448492,-0.8830602,0.14937818
1356523947668,-0.14129964,0.26262027,0.9544973,-0.8825111,0.40345904,-0.2416507,-0.44856292,-0.87649953,0.17475665
1356523947709,-0.10848275,0.27776197,0.95450497,-0.8865738,0.4073073,-0.21928903,-0.449687,-0.87002814,0.20207065
1356523947749,-0.07189521,0.29343683,0.95327127,-0.89091736,0.41081187,-0.19364896,-0.4484389,-0.8632083,0.23189253
1356523947790,-0.029919505,0.30975914,0.95034415,-0.89481854,0.41538703,-0.16356441,-0.44542617,-0.8552793,0.26475012
1356523947829,0.018197536,0.32662964,0.9449772,-0.89710844,0.42261875,-0.12880164,-0.44143552,-0.84540313,0.30071282
1356523947870,0.07273471,0.34378713,0.93622655,-0.89647967,0.4339127,-0.08968809,-0.43707424,-0.83278465,0.3397587
1356523947908,0.13214931,0.36055598,0.92332876,-0.8918599,0.44975933,-0.047983676,-0.43257654,-0.8171389,0.3810008
1356523947949,0.1947847,0.3763611,0.90576553,-0.88272357,0.46986145,-0.0054059327,-0.42761886,-0.79848766,0.42374468
1356523947988,0.25738993,0.39065492,0.8838208,-0.8694705,0.49271283,0.035428286,-0.42162955,-0.77757496,0.46648222
1356523948030,0.3161267,0.4031679,0.8587897,-0.8534736,0.5161588,0.07185358,-0.41430286,-0.75566906,0.50726473
1356523948068,0.3648936,0.41382867,0.8340255,-0.8378965,0.5365205,0.100375235,-0.40593362,-0.7354533,0.5425185
1356523948110,0.39650664,0.42284614,0.8148519,-0.8275083,0.5489569,0.11779833,-0.397508,-0.7210045,0.56757367
1356523948148,0.4044519,0.43051198,0.8068941,-0.826784,0.5492718,0.12136197,-0.39095646,-0.7162122,0.5780944
1356523948209,0.3845321,0.43638384,0.81345206,-0.83739436,0.5357322,0.108451545,-0.38846594,-0.7228832,0.5714316
1356523948227,0.335092,0.43866998,0.8338357,-0.8570458,0.5095517,0.07635096,-0.39138952,-0.74021995,0.54670703
1356523948267,0.25733018,0.4343428,0.8632077,-0.8796645,0.47502774,0.023214936,-0.39996433,-0.76530707,0.50431496
1356523948302,0.16348493,0.42171645,0.89186764,-0.8961513,0.441512,-0.04449725,-0.41253543,-0.7919737,0.45010233
1356523948342,0.063426256,0.40053713,0.91408265,-0.9012302,0.41641378,-0.11993173,-0.42867374,-0.81619215,0.38738778
1356523948384,-0.029586375,0.37329912,0.9272392,-0.8937768,0.40545565,-0.19175187,-0.4475352,-0.83441806,0.32165015
1356523948431,-0.10383594,0.34429258,0.93310267,-0.8780524,0.40893048,-0.2485955,-0.46716374,-0.8451263,0.25984532
1356523948472,-0.15867382,0.31605002,0.93537956,-0.8585428,0.42367738,-0.28879347,-0.48757237,-0.84888744,0.20411599
1356523948508,-0.19188404,0.28932524,0.9378014,-0.8412572,0.44362998,-0.30899635,-0.5054373,-0.8482237,0.15827143
1356523948562,-0.20832154,0.26577586,0.9412573,-0.8280855,0.46418092,-0.3143414,-0.52045804,-0.8449255,0.123386204
1356523948588,-0.20713186,0.24428594,0.947323,-0.8207369,0.483608,-0.30416164,-0.5324355,-0.8405044,0.100323796
1356523948633,-0.1896404,0.22558385,0.95558804,-0.8182532,0.5016105,-0.28079996,-0.542677,-0.83516395,0.08945906
1356523948668,-0.16086996,0.20703876,0.965016,-0.8186364,0.5181782,-0.24764043,-0.5513214,-0.8298351,0.08613014
1356523948712,-0.12949958,0.18918043,0.97336555,-0.8204095,0.5308893,-0.21233189,-0.5569184,-0.8260553,0.086455464
1356523948749,-0.10218689,0.16994366,0.9801413,-0.82410073,0.5373856,-0.17909414,-0.55714965,-0.8260363,0.08513695
1356523948793,-0.08696127,0.15080506,0.9847312,-0.8315172,0.5334018,-0.15511796,-0.5486499,-0.8323102,0.07901174
1356523948829,-0.08147043,0.13409203,0.98761415,-0.84117675,0.5222435,-0.14029747,-0.53458786,-0.84218824,0.07024771
1356523948872,-0.08798617,0.120864004,0.988762,-0.85351527,0.5026284,-0.13739121,-0.51358557,-0.85601205,0.058934927
1356523948909,-0.106244504,0.11399278,0.9877842,-0.86511815,0.47912914,-0.14834344,-0.49018627,-0.8703108,0.047712445
1356523948953,-0.13599163,0.111368656,0.98443043,-0.8764958,0.44965345,-0.17195058,-0.46180245,-0.886233,0.03646505
1356523948989,-0.17817688,0.11547685,0.977199,-0.8842368,0.41691417,-0.21049401,-0.4317153,-0.9015806,0.027824461
1356523949032,-0.21923947,0.12539095,0.9675801,-0.8902642,0.38005543,-0.25097308,-0.3992038,-0.9164251,0.028307915
1356523949069,-0.24991018,0.14583123,0.95722413,-0.89504707,0.34233248,-0.2858308,-0.36937198,-0.9281927,0.044973433
1356523949112,-0.23301953,0.1842213,0.95486355,-0.9079063,0.3106007,-0.2814844,-0.3484367,-0.932518,0.09487963
1356523949149,-0.16494763,0.2389715,0.9569142,-0.9265388,0.29504728,-0.2333943,-0.3381095,-0.92511606,0.17274904
1356523949193,-0.034570426,0.30386147,0.95208895,-0.9400643,0.3134866,-0.1341838,-0.33924046,-0.89966357,0.27481186
1356523949229,0.09427941,0.35447538,0.93030024,-0.9345633,0.35354143,-0.039999634,-0.34307858,-0.8656533,0.3646113
1356523949273,0.17621559,0.38324273,0.9066825,-0.92018914,0.39124233,0.01346764,-0.34957123,-0.8366926,0.42159876
1356523949309,0.20413843,0.3950815,0.8956775,-0.910995,0.4115921,0.026077121,-0.35835117,-0.8212811,0.44393903
1356523949353,0.17197487,0.3932406,0.903209,-0.91214633,0.40983716,-0.004758984,-0.37204003,-0.82304025,0.42917463
1356523949389,0.111465156,0.38137275,0.91767657,-0.9150484,0.39958787,-0.05491686,-0.3876362,-0.8335972,0.3935147
1356523949433,0.022699654,0.35843495,0.93327874,-0.91357744,0.38657236,-0.12624648,-0.40603095,-0.8497566,0.33623308
1356523949469,-0.061959863,0.3285474,0.9424529,-0.9034499,0.38285995,-0.19286403,-0.42419243,-0.8634088,0.2731042
1356523949513,-0.14151621,0.2944667,0.9451257,-0.88512886,0.38990343,-0.2540124,-0.44330594,-0.8725049,0.20546329
1356523949550,-0.19879323,0.26055655,0.9447707,-0.8650135,0.40650344,-0.29412,-0.46068743,-0.8757084,0.14457482
1356523949586,-0.2344374,0.23063534,0.94437623,-0.84660727,0.42902958,-0.31494418,-0.47780263,-0.8733505,0.09467691
1356523949630,-0.24326026,0.20550776,0.94794047,-0.8339801,0.45471096,-0.31259435,-0.49527946,-0.8666052,0.060776234
1356523949673,-0.22464567,0.18693462,0.95634186,-0.82672894,0.482939,-0.28859878,-0.51580393,-0.8554679,0.046054065
1356523949710,-0.18744966,0.1711379,0.96725094,-0.8227112,0.5106394,-0.24978703,-0.5366645,-0.84259075,0.04507786
1356523949749,-0.14218882,0.1579476,0.97715646,-0.8196339,0.53468704,-0.20569405,-0.55496174,-0.830158,0.053432703
1356523949790,-0.099710226,0.14524129,0.984359,-0.8186382,0.5503575,-0.16412836,-0.56558764,-0.8221992,0.06402379
1356523949829,-0.06832388,0.13327953,0.9887206,-0.82173073,0.5544896,-0.13152948,-0.56576544,-0.8214487,0.07163501
1356523949870,-0.051737636,0.12389243,0.990946,-0.829497,0.5472225,-0.111724496,-0.5561097,-0.827767,0.07445639
1356523949909,-0.051428854,0.119012386,0.9915599,-0.8406515,0.53083736,-0.10731572,-0.53912896,-0.83907557,0.07274759
1356523949949,-0.06885108,0.119497,0.9904443,-0.85337037,0.5071837,-0.120514065,-0.5167382,-0.85351336,0.067055106
1356523949991,-0.10543686,0.12527099,0.9865041,-0.86521566,0.47745305,-0.15310293,-0.49018875,-0.8696814,0.058045268
1356523950030,-0.1595636,0.13542238,0.9778549,-0.8736634,0.44181317,-0.20374835,-0.45962125,-0.8868269,0.047816277
1356523950069,-0.22191954,0.15091133,0.9633159,-0.87667704,0.4015959,-0.2648738,-0.4268362,-0.9032976,0.0431785
1356523950108,-0.27004075,0.17477885,0.94685286,-0.8781413,0.35861725,-0.31664118,-0.3948999,-0.9169766,0.056639254
1356523950149,-0.27777374,0.21354386,0.9366113,-0.8869511,0.31749356,-0.33543321,-0.36899772,-0.923903,0.10121167
1356523950190,-0.22491628,0.26989782,0.936252,-0.9082458,0.28988516,-0.30175495,-0.35284856,-0.9182166,0.17993373
1356523950228,-0.12441021,0.33217975,0.93497527,-0.93034637,0.28852016,-0.22630021,-0.34493157,-0.8980049,0.27314734
1356523950271,-0.021290481,0.3812135,0.9242419,-0.93926686,0.3090942,-0.14912581,-0.34252658,-0.8712847,0.3514804
1356523950308,0.040451407,0.4078465,0.912154,-0.9374017,0.331515,-0.106657416,-0.3458926,-0.8507403,0.39572626
1356523950350,0.046034157,0.41425014,0.90899813,-0.93327,0.3423198,-0.1087392,-0.35621324,-0.843335,0.4023657
1356523950388,0.008754253,0.40550822,0.9140495,-0.92830867,0.34308064,-0.14331326,-0.37170735,-0.8472655,0.37944016
1356523950429,-0.055653512,0.38501644,0.9212302,-0.9190898,0.34073174,-0.19792876,-0.3900982,-0.8577087,0.33490175
1356523950468,-0.127998,0.35637477,0.9255341,-0.90343153,0.34312093,-0.25705922,-0.40917957,-0.8690598,0.27804148
1356523950509,-0.1942023,0.3236356,0.9260375,-0.8827956,0.35396415,-0.30883887,-0.42773527,-0.8774791,0.21696347
1356523950563,-0.24594384,0.29038054,0.9247653,-0.8609831,0.3727829,-0.34603631,-0.44521886,-0.8813127,0.15832901
1356523950589,-0.27797958,0.25948012,0.92487705,-0.8423326,0.3969693,-0.36454242,-0.46173933,-0.8803894,0.10821921
1356523950628,-0.2872164,0.23293659,0.929111,-0.8297324,0.4241427,-0.36283192,-0.47859251,-0.8751248,0.071454346
1356523950669,-0.27279496,0.21152383,0.9385311,-0.8233878,0.45323932,-0.34147716,-0.4976098,-0.8659283,0.05052471
1356523950708,-0.23848805,0.19434065,0.9515016,-0.82103354,0.48293808,-0.3044253,-0.51867855,-0.85381645,0.044385195
1356523950749,-0.19383588,0.17951906,0.964469,-0.820095,0.5098883,-0.2597269,-0.5383974,-0.8413007,0.048388064
1356523950788,-0.15072018,0.16539937,0.9746417,-0.8203801,0.5291799,-0.21666819,-0.5515976,-0.8322329,0.055932283
1356523950829,-0.11798459,0.15176982,0.9813489,-0.8236158,0.5371225,-0.18208912,-0.5547402,-0.82973814,0.061627805
1356523950868,-0.09955287,0.13998374,0.9851364,-0.8305893,0.5334831,-0.15974087,-0.54791474,-0.8341465,0.06315929
1356523950909,-0.09689897,0.13183624,0.9865241,-0.8402222,0.5204778,-0.15208396,-0.533514,-0.8436363,0.06033796
1356523950948,-0.11130446,0.12861648,0.98542833,-0.850536,0.5005389,-0.16139784,-0.51400363,-0.85610664,0.053680778
1356523950988,-0.14421546,0.1303967,0.9809173,-0.8595021,0.47471792,-0.18947077,-0.49036533,-0.870425,0.043614566
1356523951028,-0.19541866,0.13645077,0.97118115,-0.8648275,0.44300604,-0.23626071,-0.4624771,-0.8860739,0.031434715
1356523951070,-0.25871432,0.14650863,0.95477855,-0.86486536,0.40508032,-0.29650941,-0.43020317,-0.9024662,0.02191019
1356523951108,-0.31821555,0.16286817,0.9339233,-0.861514,0.3614502,-0.3565773,-0.39564186,-0.9180565,0.025294125
1356523951150,-0.34821928,0.19137287,0.9176707,-0.8639226,0.31444407,-0.39339876,-0.36384198,-0.9297856,0.055835843
1356523951188,-0.32263076,0.23900282,0.91585326,-0.8829676,0.27259028,-0.38218167,-0.34099522,-0.93197227,0.12308574
1356523951230,-0.23274446,0.30272397,0.92422295,-0.9153203,0.2529692,-0.3133612,-0.3286619,-0.9188932,0.2182123
1356523951266,-0.10983783,0.36293045,0.92532,-0.9398463,0.2650336,-0.21551403,-0.32345748,-0.8933301,0.31198806
1356523951321,-0.015963972,0.39958933,0.9165553,-0.94491637,0.2936896,-0.14449736,-0.32692233,-0.8683747,0.37289008
1356523951362,0.023264647,0.41006896,0.9117577,-0.9417654,0.3150174,-0.11765084,-0.33546448,-0.85592484,0.39351767
1356523951411,-0.015190959,0.39783266,0.9173323,-0.9354217,0.318429,-0.15358818,-0.3532076,-0.8604256,0.36730394
1356523951449,-0.06719524,0.37466335,0.92472273,-0.92569697,0.32237852,-0.19788185,-0.37224978,-0.8693098,0.32516247
1356523951489,-0.13145363,0.3449723,0.9293622,-0.9101433,0.32955474,-0.25106347,-0.39288566,-0.87885594,0.27065307
1356523951583,-0.20445532,0.30867413,0.928934,-0.8854908,0.3461932,-0.30992967,-0.41725793,-0.88592917,0.20254701
1356523951584,-0.2554925,0.27286848,0.92750555,-0.86103725,0.37208724,-0.34664965,-0.4397027,-0.8871832,0.13988441
1356523951613,-0.28676385,0.24213639,0.9268961,-0.84016705,0.40132463,-0.364771,-0.46031058,-0.88335073,0.08834964
1356523951661,-0.29542366,0.2178269,0.9302022,-0.82566017,0.43162563,-0.3632966,-0.48063487,-0.8753574,0.05233866
1356523951699,-0.2807035,0.19929394,0.9388756,-0.81849575,0.46117845,-0.3426063,-0.50126857,-0.86463654,0.03366685
1356523951740,-0.24476719,0.18614268,0.9515461,-0.81670654,0.48935682,-0.30581087,-0.52257,-0.85198635,0.032245457
1356523951778,-0.19788447,0.17483959,0.96450657,-0.817279,0.51383495,-0.26082304,-0.5411994,-0.8398838,0.041212738
1356523951821,-0.15172577,0.16410652,0.97470427,-0.81933343,0.53070724,-0.21689299,-0.5528761,-0.831516,0.053936005
1356523951859,-0.11618531,0.15323284,0.98133606,-0.8237387,0.537166,-0.1814036,-0.5549373,-0.82944095,0.06381309
1356523951901,-0.09661624,0.14390028,0.9848644,-0.83200634,0.53141284,-0.15926635,-0.5462881,-0.8348012,0.06838286
1356523951939,-0.09427598,0.13874525,0.9858304,-0.8420149,0.5172094,-0.15331453,-0.53115237,-0.84453785,0.06806517
1356523951981,-0.11065486,0.13799822,0.98423165,-0.8527366,0.49548182,-0.16534227,-0.5104858,-0.8575863,0.06284869
1356523952018,-0.14768544,0.14309105,0.9786286,-0.86093795,0.46842,-0.19841516,-0.4868006,-0.87184155,0.05401373
1356523952061,-0.20369339,0.15118593,0.967291,-0.8649153,0.43514144,-0.25014684,-0.45872712,-0.887578,0.04212761
1356523952109,-0.27377385,0.1630854,0.9478666,-0.8633078,0.39275622,-0.31692633,-0.4239666,-0.9050667,0.033266485
1356523952150,-0.33929682,0.18494916,0.9223186,-0.8560972,0.3456233,-0.38424227,-0.38984013,-0.91996646,0.041065514
1356523952196,-0.34808594,0.22557837,0.909918,-0.86343306,0.3008988,-0.40489927,-0.36512977,-0.92659295,0.090033114
1356523952239,-0.24614578,0.2627065,0.932951,-0.903118,0.2872525,-0.31916118,-0.3518382,-0.92112505,0.16654897
1356523952278,-0.19162345,0.33283,0.92331177,-0.91742593,0.27351487,-0.28899693,-0.34872633,-0.9024488,0.25293505
1356523952319,-0.12137371,0.38359967,0.91548884,-0.9281062,0.2831909,-0.24170649,-0.35197672,-0.8790076,0.3216492
1356523952358,-0.06997818,0.40812916,0.91023827,-0.929915,0.30357486,-0.20760661,-0.36105582,-0.8609721,0.35828173
1356523952399,-0.05120623,0.40985274,0.9107132,-0.9252007,0.32386696,-0.19777223,-0.3760074,-0.85271966,0.362612
1356523952438,-0.058636963,0.39583603,0.91644716,-0.9169749,0.34153187,-0.20618677,-0.39461204,-0.8524493,0.3429454
1356523952479,-0.083890796,0.37211606,0.92438734,-0.90597,0.3578077,-0.2262564,-0.41494656,-0.85644805,0.30710918
1356523952518,-0.11582595,0.34328556,0.9320619,-0.8927915,0.37528574,-0.24916655,-0.4353248,-0.8609969,0.2630146
1356523952559,-0.1483269,0.31241584,0.93829393,-0.87820244,0.39463678,-0.27022642,-0.45470834,-0.86409384,0.21582907
1356523952595,-0.17533135,0.281518,0.9434016,-0.8641436,0.4151247,-0.28447744,-0.47171482,-0.8651122,0.17048758
1356523952639,-0.19263041,0.2520595,0.94834566,-0.8525095,0.4355932,-0.28893963,-0.48592293,-0.8641323,0.13097459
1356523952678,-0.19564617,0.22498998,0.95451665,-0.8445833,0.45600772,-0.28059927,-0.49839902,-0.86106706,0.100806594
1356523952720,-0.18140852,0.20073494,0.96270263,-0.840163,0.47713912,-0.2578068,-0.511094,-0.8555956,0.082093
1356523952758,-0.15145198,0.178884,0.9721435,-0.8378211,0.49864498,-0.22228125,-0.524517,-0.8481473,0.07435197
1356523952799,-0.11326319,0.15829253,0.9808745,-0.83653367,0.5174686,-0.1801045,-0.5360809,-0.8409338,0.07380694
1356523952838,-0.07709235,0.13781846,0.9874526,-0.8372502,0.52881306,-0.13917199,-0.54135835,-0.8374741,0.07462108
1356523952879,-0.05002165,0.11761361,0.9917988,-0.8419553,0.52918833,-0.10521868,-0.5372235,-0.84031343,0.07255453
1356523952918,-0.03421983,0.09927866,0.9944712,-0.8512002,0.5185442,-0.081056416,-0.52372444,-0.8492677,0.06676149
1356523952959,-0.030344725,0.08481386,0.9959346,-0.8636682,0.4993381,-0.06883839,-0.5031465,-0.8622459,0.058098733
1356523952998,-0.040245295,0.07555035,0.99632937,-0.8774643,0.47429633,-0.071409225,-0.47795027,-0.87711746,0.047204614
1356523953040,-0.0669485,0.07166782,0.9951792,-0.8909794,0.4446338,-0.09195903,-0.44908082,-0.8928406,0.034087002
1356523953078,-0.11179015,0.07312396,0.9910377,-0.90211093,0.41079614,-0.13206986,-0.41677198,-0.9087901,0.020042956
1356523953120,-0.16851738,0.080643535,0.98239434,-0.9090206,0.37268016,-0.18652385,-0.38116086,-0.92444915,0.0105035305
1356523953158,-0.21862969,0.09858996,0.9708147,-0.91266865,0.3313975,-0.23918971,-0.34530732,-0.938326,0.017526567
1356523953200,-0.22937906,0.1349946,0.96393037,-0.9206251,0.291394,-0.2598826,-0.31596634,-0.9470302,0.057439685
1356523953238,-0.17506957,0.19428024,0.9651973,-0.9378724,0.26538473,-0.2235314,-0.29957637,-0.9443655,0.13574928
1356523953280,-0.060697258,0.2659308,0.9620793,-0.95300794,0.27116394,-0.13507813,-0.2968026,-0.9250681,0.23697525
1356523953318,0.055859894,0.32524973,0.94397676,-0.9514517,0.30396405,-0.04842943,-0.30268666,-0.89544314,0.32643884
1356523953398,0.119983315,0.36001238,0.9252,-0.9409523,0.3384015,-0.009652108,-0.31656393,-0.869411,0.37935704
1356523953399,0.12693715,0.37501618,0.91828626,-0.9334148,0.35838008,-0.017329395,-0.33559424,-0.8549424,0.3955375
1356523953437,0.07782897,0.37395304,0.92417634,-0.9293019,0.36289772,-0.06858009,-0.36102727,-0.85350126,0.37575924
1356523953478,0.008189112,0.3622477,0.932046,-0.92203116,0.36348858,-0.13317183,-0.38702935,-0.85828483,0.33698022
1356523953520,-0.07065326,0.34236914,0.93690526,-0.9082373,0.36628312,-0.20234057,-0.41244778,-0.8652283,0.28507328
1356523953559,-0.14362395,0.31712756,0.93744457,-0.8883469,0.37614787,-0.26334867,-0.4361329,-0.87059915,0.22769547
1356523953598,-0.2035917,0.2892371,0.93535674,-0.86541426,0.3935876,-0.31007555,-0.4578302,-0.87259996,0.17017877
1356523953639,-0.24158916,0.26194996,0.9343537,-0.84552354,0.41564932,-0.33515,-0.4761561,-0.8709867,0.12106848
1356523953681,-0.25906748,0.23848215,0.9359542,-0.8304213,0.439865,-0.34193453,-0.4932388,-0.8658204,0.08408588
1356523953728,-0.24930844,0.21952721,0.9432143,-0.8218074,0.46730062,-0.32597968,-0.5123261,-0.8564099,0.06390709
1356523953772,-0.24667788,0.22027668,0.94373107,-0.81002736,0.48771107,-0.32556653,-0.5319828,-0.84475803,0.058122635
1356523953809,-0.17848283,0.18742752,0.9659269,-0.81666744,0.5193399,-0.25167504,-0.54881525,-0.83376074,0.06037265
1356523953852,-0.124287695,0.16267034,0.9788212,-0.81975174,0.53898215,-0.19366297,-0.5590704,-0.82646024,0.066360414
1356523953889,-0.086185455,0.14271992,0.98600364,-0.82352084,0.54678506,-0.15112785,-0.560701,-0.8250195,0.07040793
1356523953932,-0.06510407,0.1267333,0.98979807,-0.8316832,0.5412268,-0.12400249,-0.55142045,-0.8312714,0.07016587
1356523953981,-0.063025475,0.11556682,0.9912982,-0.84459126,0.5229882,-0.11466864,-0.53168917,-0.84446883,0.06464517
1356523954018,-0.080195725,0.11273706,0.9903833,-0.8568618,0.49984074,-0.12628162,-0.5092706,-0.85874885,0.05651492
1356523954059,-0.11491674,0.11504704,0.98669064,-0.8677004,0.47194594,-0.15608665,-0.48362195,-0.87408876,0.04559183
1356523954098,-0.16834483,0.1228942,0.97803736,-0.87488043,0.438494,-0.20568737,-0.4541413,-0.89029205,0.033699512
1356523954140,-0.23211393,0.13703933,0.9629867,-0.8768482,0.39904758,-0.26813856,-0.4210231,-0.9066318,0.02753812
1356523954179,-0.28710383,0.16069466,0.9443244,-0.87570137,0.3555131,-0.3267376,-0.3882246,-0.92075384,0.038651407
1356523954220,-0.30011296,0.20047754,0.93259895,-0.8822039,0.31353968,-0.3512962,-0.36283377,-0.92817104,0.082764804
1356523954258,-0.252537,0.25946185,0.9321504,-0.90188205,0.28583091,-0.32389718,-0.35047632,-0.9224859,0.16182119
1356523954299,-0.14893812,0.32736164,0.9330872,-0.92475456,0.288078,-0.24867657,-0.3502091,-0.89991415,0.25982344
1356523954338,-0.0361495,0.38249633,0.9232496,-0.9336356,0.31654626,-0.16769922,-0.3563956,-0.8680409,0.3456692
1356523954379,0.03616619,0.41349924,0.909786,-0.92967534,0.3478859,-0.121157885,-0.36660042,-0.8414237,0.39700168
1356523954419,0.05281049,0.42360663,0.9043056,-0.92295825,0.36644483,-0.117755085,-0.38125995,-0.82841754,0.41032332
1356523954459,0.022599101,0.4184227,0.90797126,-0.91628444,0.371943,-0.14859745,-0.3998901,-0.8286017,0.39179978
1356523954498,-0.034661293,0.40209964,0.91493964,-0.90680623,0.37219346,-0.19792554,-0.4201204,-0.8365332,0.3517257
1356523954569,-0.10297388,0.37784448,0.920125,-0.89201343,0.37423003,-0.2535034,-0.44012323,-0.84686804,0.29850644
1356523954575,-0.1687628,0.3489107,0.9218354,-0.8724085,0.38238335,-0.30444455,-0.45871842,-0.85559595,0.23986053
1356523954614,-0.2240302,0.31828225,0.92114425,-0.85071766,0.39727265,-0.34417117,-0.475489,-0.8607385,0.18176734
1356523954661,-0.26372737,0.2883791,0.9204811,-0.83057594,0.41735703,-0.3687231,-0.49050128,-0.86177176,0.12945223
1356523954699,-0.28471532,0.26103613,0.9223867,-0.8150095,0.44065365,-0.3762763,-0.50467473,-0.8588856,0.087286115
1356523954738,-0.28467742,0.23731312,0.9287848,-0.8055016,0.46607688,-0.3659774,-0.51973635,-0.8523232,0.0584746
1356523954778,-0.2637086,0.21717253,0.93983716,-0.80138326,0.4929688,-0.33877242,-0.53688246,-0.8425069,0.044038296
1356523954818,-0.22667089,0.19974095,0.95327014,-0.8003029,0.5196239,-0.29917598,-0.55509967,-0.83071935,0.042069614
1356523954860,-0.18357825,0.18359736,0.9657075,-0.8005172,0.5422296,-0.25526312,-0.5705008,-0.81992626,0.04743129
1356523954898,-0.14554825,0.16810074,0.9749656,-0.80251527,0.55627024,-0.21571442,-0.5786061,-0.81382155,0.053939223
1356523954940,-0.11947814,0.15408644,0.98080695,-0.8079176,0.55908823,-0.1862512,-0.5770563,-0.81466424,0.057690382
1356523954979,-0.107783675,0.14322475,0.9838035,-0.8169415,0.5511747,-0.16974407,-0.5665592,-0.82200557,0.05759865
1356523955020,-0.11175683,0.13701731,0.9842442,-0.82841766,0.53418744,-0.168428,-0.5488484,-0.8341883,0.05380845
1356523955057,-0.13239837,0.13661599,0.98173654,-0.83962953,0.51092434,-0.18433261,-0.52677584,-0.8487004,0.047061324
1356523955106,-0.15323797,0.13123429,0.9794364,-0.851947,0.48465553,-0.19823042,-0.50070393,-0.8648044,0.03753704
1356523955135,-0.22973415,0.15274099,0.9611933,-0.85162914,0.44651607,-0.27450204,-0.47111607,-0.8816426,0.027498603
1356523955171,-0.29882166,0.17121503,0.9388243,-0.8469175,0.40581426,-0.3435774,-0.43981397,-0.8977752,0.02373892
1356523955201,-0.35589826,0.1909604,0.91480625,-0.83958006,0.36456943,-0.4027338,-0.41041657,-0.9113854,0.030576944
1356523955241,-0.3669474,0.22203985,0.9033537,-0.8461609,0.3237757,-0.42329788,-0.38647297,-0.91971064,0.06907278
1356523955283,-0.3238204,0.27134767,0.9063723,-0.8708503,0.2889676,-0.3976399,-0.3698109,-0.91807854,0.14272958
1356523955328,-0.2258138,0.33294904,0.9155071,-0.90556324,0.27469504,-0.32326135,-0.3591148,-0.9020463,0.23947638
1356523955379,-0.099494696,0.38975948,0.9155263,-0.930029,0.29068965,-0.22482368,-0.35376117,-0.8738347,0.33356553
1356523955421,-0.015097737,0.4200091,0.90739423,-0.93541336,0.31466198,-0.1612128,-0.35323328,-0.85122275,0.3881315
1356523955458,0.010944605,0.4276546,0.903876,-0.93317175,0.32913727,-0.14442676,-0.35926408,-0.8418909,0.40267745
1356523955501,-0.021164894,0.41720462,0.9085661,-0.9276023,0.3308245,-0.17351967,-0.37296915,-0.8464605,0.37999812
1356523955577,-0.07789564,0.39457852,0.9155545,-0.9172737,0.33140135,-0.22086668,-0.39056528,-0.8570186,0.3361218
1356523955579,-0.14800853,0.363297,0.91984165,-0.89941096,0.33734256,-0.27795658,-0.41128254,-0.86845565,0.27682376
1356523955616,-0.2079674,0.32857174,0.92129815,-0.8774988,0.35345608,-0.32413694,-0.4321407,-0.8758478,0.21481389
1356523955660,-0.25410038,0.29396757,0.9214207,-0.8546437,0.37775958,-0.3562047,-0.4527881,-0.8779982,0.1552487
1356523955699,-0.2804516,0.26146126,0.9235719,-0.83583057,0.40656567,-0.36890593,-0.47194725,-0.87540984,0.104515254
1356523955742,-0.28618124,0.23302817,0.92940736,-0.82308817,0.4367911,-0.3629593,-0.49053657,-0.86885643,0.06680137
1356523955778,-0.27086872,0.20779252,0.9399215,-0.81758547,0.46574557,-0.33857808,-0.5081183,-0.8601763,0.043732226
1356523955822,-0.23563,0.18797386,0.9534906,-0.81659245,0.49366304,-0.29912132,-0.5269301,-0.84909517,0.03717619
1356523955858,-0.18886554,0.16940254,0.967281,-0.8170546,0.5193081,-0.25048104,-0.544749,-0.8376287,0.04033172
1356523955902,-0.13968053,0.15305346,0.97829646,-0.8169182,0.5405202,-0.20120287,-0.5595837,-0.8272923,0.049532056
1356523955938,-0.09829572,0.13641214,0.98576355,-0.8175711,0.55368567,-0.15814462,-0.5673759,-0.8214767,0.057101727
1356523955980,-0.071897954,0.121022016,0.9900427,-0.8218318,0.555267,-0.1275577,-0.5651753,-0.8228197,0.059537172
1356523956018,-0.060205966,0.109107316,0.9922051,-0.82877326,0.54854393,-0.11060941,-0.55633646,-0.82897234,0.05739957
1356523956062,-0.065338135,0.10132989,0.992705,-0.8390007,0.532973,-0.109624565,-0.5401932,-0.8400429,0.050192416
1356523956098,-0.088581026,0.1010403,0.99093103,-0.8490998,0.5124509,-0.12815455,-0.5207522,-0.8527514,0.04039991
1356523956142,-0.13014248,0.1052005,0.9858985,-0.8587736,0.48502043,-0.16511565,-0.49555114,-0.8681521,0.02722162
1356523956181,-0.19055891,0.11681339,0.9747009,-0.86326504,0.45279926,-0.22303861,-0.46739772,-0.8839273,0.014555991
1356523956222,-0.25310034,0.13328171,0.95821524,-0.86409,0.4142838,-0.28586257,-0.43507338,-0.900336,0.010311961
1356523956272,-0.2994708,0.16103277,0.9404179,-0.8644203,0.37141052,-0.3388684,-0.40385,-0.9143975,0.027973354
1356523956298,-0.3042044,0.20180863,0.930985,-0.8734798,0.3308841,-0.35713965,-0.38012198,-0.92184,0.0756194
1356523956336,-0.24304157,0.25740588,0.93523955,-0.8972796,0.30665064,-0.3175763,-0.36853787,-0.9163556,0.15643615
1356523956382,-0.12380868,0.31810555,0.9399363,-0.9215206,0.31448382,-0.2278147,-0.36806384,-0.89437616,0.2542051
1356523956420,-0.013561308,0.36083472,0.9325311,-0.92852235,0.34151506,-0.14564925,-0.37102875,-0.8678512,0.33041173
1356523956462,0.039852858,0.3806141,0.92387486,-0.9242651,0.36536342,-0.110651195,-0.3796655,-0.8494955,0.36634904
1356523956499,0.043697596,0.383323,0.9225801,-0.91870755,0.37823623,-0.113639265,-0.39251384,-0.8426155,0.3686897
1356523956574,-0.0029571652,0.372526,0.928017,-0.91182727,0.38000858,-0.15544918,-0.41056332,-0.84665096,0.33855563
1356523956577,-0.067879945,0.35218278,0.9334664,-0.9003527,0.38146934,-0.20939463,-0.42983395,-0.8546627,0.29119468
1356523956616,-0.14079037,0.32491112,0.9352063,-0.8822074,0.3875322,-0.26744884,-0.44931963,-0.86270016,0.2320782
1356523956659,-0.20300436,0.29438993,0.93387556,-0.8606653,0.40117234,-0.31355348,-0.46695206,-0.8674072,0.17193156
1356523956703,-0.2544582,0.26289213,0.9306658,-0.8375977,0.42112547,-0.34797043,-0.48340577,-0.86806744,0.11303896
1356523956739,-0.2845962,0.23231259,0.9300731,-0.8194196,0.444592,-0.36178657,-0.49755067,-0.8650831,0.06383228
1356523956779,-0.2948049,0.20602131,0.9330838,-0.8071823,0.46892342,-0.3585632,-0.51141644,-0.8588749,0.028055847
1356523956819,-0.28128707,0.18380755,0.9418557,-0.8020235,0.4938854,-0.33590996,-0.52691156,-0.8498776,0.008494496
1356523956863,-0.24316919,0.16610083,0.95565647,-0.8017708,0.52008444,-0.2944075,-0.5459234,-0.83780825,0.0067062974
1356523956909,-0.1873501,0.15072855,0.9706601,-0.8028642,0.54584026,-0.23972383,-0.5659586,-0.82422054,0.018751323
1356523956951,-0.13363945,0.1347054,0.9818325,-0.80390847,0.5646276,-0.1868875,-0.57954454,-0.81427896,0.03283423
1356523956989,-0.09291488,0.120280206,0.98838234,-0.8071225,0.57217264,-0.14550513,-0.58302677,-0.8112652,0.043917477
1356523957028,-0.06780532,0.10876438,0.9917524,-0.8146479,0.5678309,-0.1179702,-0.57597864,-0.815928,0.05010271
1356523957069,-0.05896139,0.10175109,0.99306107,-0.82610303,0.5535054,-0.105761796,-0.5604261,-0.82660663,0.051421404
1356523957108,-0.06757444,0.10044259,0.99264544,-0.839704,0.53158885,-0.110952705,-0.53882366,-0.84102595,0.04842019
1356523957150,-0.09569785,0.105076075,0.989849,-0.8534561,0.50312865,-0.1359204,-0.51230335,-0.8577999,0.041529477
1356523957188,-0.14365849,0.11546627,0.9828681,-0.8646008,0.46856454,-0.18141869,-0.48148486,-0.8758509,0.032518983
1356523957229,-0.20453718,0.13115403,0.9700326,-0.8711002,0.42762712,-0.24149439,-0.44648516,-0.8943901,0.026782691
1356523957268,-0.26085004,0.15447316,0.9529403,-0.8742993,0.3807533,-0.30104423,-0.4093384,-0.9116825,0.035736203
1356523957310,-0.28440535,0.19075125,0.93953586,-0.88248724,0.330841,-0.33430594,-0.37460628,-0.9242068,0.07424253
1356523957348,-0.24844432,0.24509335,0.9371258,-0.9042455,0.28818828,-0.31509933,-0.34729746,-0.92567635,0.15002578
1356523957390,-0.14913338,0.312375,0.9381796,-0.93236524,0.27157027,-0.2386308,-0.32932398,-0.91031396,0.25074744
1356523957428,-0.028489232,0.3728911,0.92743766,-0.9469526,0.28705359,-0.14450315,-0.3201082,-0.8823563,0.34493223
1356523957470,0.054439485,0.41164085,0.90971875,-0.9456239,0.31384426,-0.085424036,-0.32067406,-0.8556013,0.40634283
1356523957508,0.076521516,0.4293906,0.8998711,-0.94044787,0.33088762,-0.07791731,-0.33121312,-0.84031963,0.42913958
1356523957575,0.042191267,0.43049166,0.90160793,-0.9352603,0.3344409,-0.1159198,-0.35143703,-0.8383473,0.41673222
1356523957587,-0.027345896,0.41796732,0.90805036,-0.92538834,0.33294463,-0.18111938,-0.3780325,-0.8452521,0.37767747
1356523957627,-0.104120076,0.39650092,0.9121108,-0.9080473,0.33621943,-0.24981311,-0.40572056,-0.8542503,0.32503432
1356523957671,-0.17657965,0.370077,0.91206515,-0.884256,0.34736145,-0.31214005,-0.43233216,-0.86161655,0.2659058
1356523957709,-0.2381987,0.3415985,0.90916,-0.8570155,0.3664831,-0.36223555,-0.4569309,-0.86544824,0.20545942
1356523957748,-0.2834682,0.31371194,0.9062178,-0.8310099,0.39126605,-0.3953902,-0.4786109,-0.8651565,0.14978623
1356523957789,-0.3098119,0.28849357,0.90597355,-0.8101807,0.418594,-0.41034895,-0.49761808,-0.8611333,0.10404652
1356523957828,-0.31476665,0.2670154,0.9108375,-0.7970405,0.4467271,-0.4064005,-0.51541096,-0.8538956,0.07220727
1356523957871,-0.29695535,0.24942455,0.9217402,-0.7914499,0.47577488,-0.38372552,-0.53425133,-0.84346056,0.056123137
1356523957919,-0.25497544,0.23514068,0.9379213,-0.79087853,0.50735736,-0.34219816,-0.55632603,-0.829034,0.056604028
1356523957962,-0.20486459,0.21769041,0.95427537,-0.79244286,0.5353719,-0.2922519,-0.5745127,-0.8160807,0.06282842
1356523957999,-0.16323644,0.19925535,0.96625626,-0.79448164,0.5541244,-0.24848542,-0.5849383,-0.8082347,0.067851424
1356523958042,-0.13732892,0.18161839,0.97373277,-0.79960614,0.5598709,-0.21719706,-0.5846116,-0.8084302,0.068336725
1356523958089,-0.12930438,0.16608709,0.9775968,-0.8095875,0.5515888,-0.20079339,-0.57258064,-0.81741357,0.06313914
1356523958128,-0.13644078,0.15707058,0.9781169,-0.820127,0.53591657,-0.20046225,-0.5556758,-0.82953143,0.055696964
1356523958170,-0.15889874,0.15408245,0.9751974,-0.8303536,0.5134891,-0.2164298,-0.5341013,-0.844149,0.04635012
1356523958208,-0.1985549,0.15768665,0.9673215,-0.83799756,0.48452285,-0.25099343,-0.50826764,-0.860449,0.035936654
1356523958250,-0.25194752,0.16693616,0.9532338,-0.84150994,0.44863015,-0.3009849,-0.4778946,-0.8779882,0.027447283
1356523958291,-0.30769837,0.18284962,0.9337492,-0.84140146,0.4059177,-0.35675514,-0.44425786,-0.89543104,0.028949797
1356523958330,-0.34362352,0.20894846,0.91556716,-0.84448695,0.3577295,-0.39858645,-0.4108094,-0.9101483,0.053530037
1356523958368,-0.33804202,0.24946076,0.90746725,-0.8598369,0.3101614,-0.4055619,-0.38263306,-0.9173708,0.10964805
1356523958411,-0.26700407,0.30705622,0.9134687,-0.89260423,0.27851266,-0.35452554,-0.3632718,-0.91002584,0.19971573
1356523958448,-0.15721232,0.36634138,0.9171032,-0.92343175,0.27466738,-0.26801437,-0.35008308,-0.8890173,0.29511017
1356523958490,-0.052731574,0.41113183,0.91004944,-0.93783236,0.29268306,-0.18656644,-0.3430595,-0.86331177,0.37013912
1356523958528,0.003934264,0.43505877,0.9003934,-0.93920726,0.31074274,-0.14604315,-0.34332806,-0.84508157,0.40983292
1356523958569,8.970499E-4,0.44096297,0.8975249,-0.93594176,0.31643724,-0.15453336,-0.35215384,-0.8398924,0.41299948
1356523958606,-0.04478401,0.4326474,0.9004502,-0.9288897,0.3136717,-0.1969111,-0.36763892,-0.8452374,0.38783425
1356523958649,-0.111230195,0.41335553,0.9037506,-0.9153499,0.3115123,-0.25513658,-0.38699156,-0.8556268,0.3437153
1356523958688,-0.18190956,0.38644925,0.9041936,-0.8945836,0.31668532,-0.31532636,-0.40820247,-0.8662375,0.28810298
1356523958730,-0.24422693,0.35592037,0.9020387,-0.8693878,0.33168805,-0.36626202,-0.42955554,-0.87367254,0.22842574
1356523958768,-0.29213935,0.32522643,0.89937896,-0.8439876,0.35463858,-0.40238857,-0.4498219,-0.87661815,0.17088312
1356523958809,-0.32292312,0.29681772,0.89867675,-0.8223608,0.3819946,-0.42166668,-0.4684478,-0.8752025,0.1207363
1356523958848,-0.33465767,0.27219978,0.9021705,-0.8073242,0.41097337,-0.4234721,-0.48603708,-0.8700622,0.08221811
1356523958890,-0.32668996,0.25180566,0.9109706,-0.7991313,0.44104618,-0.40849406,-0.50464123,-0.86143607,0.05714041
1356523958929,-0.30118132,0.23448512,0.9242871,-0.7956257,0.47248816,-0.37912357,-0.52561355,-0.84957147,0.04425776
1356523958969,-0.2639646,0.21870297,0.9394103,-0.7937351,0.504102,-0.3403907,-0.5480031,-0.83549404,0.040527165
1356523959009,-0.2240865,0.20252556,0.9532937,-0.79212993,0.5319754,-0.29921967,-0.5677284,-0.82218343,0.041218042
1356523959049,-0.19077393,0.1852437,0.963997,-0.7918103,0.5514051,-0.2626575,-0.58020854,-0.8134109,0.041484058
1356523959088,-0.16928336,0.16805124,0.97113436,-0.7944081,0.55992556,-0.23537031,-0.5833172,-0.81132126,0.038715184
1356523959130,-0.16098192,0.15312216,0.9750068,-0.80038786,0.5577556,-0.21974486,-0.5774634,-0.81575865,0.032768548
1356523959186,-0.17492917,0.14028418,0.97453594,-0.8136197,0.5367986,-0.2233167,-0.5544573,-0.83196616,0.020236194
1356523959221,-0.20792246,0.13905817,0.9682103,-0.822528,0.51082826,-0.25000444,-0.5293544,-0.8483616,0.008166552
1356523959264,-0.25207037,0.14155951,0.95729905,-0.82874763,0.47917736,-0.28907874,-0.4996379,-0.8662275,-0.0034692883
1356523959308,-0.30576986,0.14914533,0.94035125,-0.83056056,0.44107872,-0.34002742,-0.46548238,-0.8849888,-0.010994315
1356523959354,-0.3517386,0.16351655,0.92170626,-0.8335359,0.39340118,-0.3878832,-0.4260257,-0.90470874,-0.00207752
1356523959400,-0.35908872,0.19480962,0.9127456,-0.8481223,0.3400752,-0.40624803,-0.3895431,-0.91999894,0.043105245
1356523959438,-0.30991918,0.24373642,0.91899,-0.87764835,0.29837018,-0.3751115,-0.36562762,-0.92280436,0.121444225
1356523959479,-0.1850155,0.30542916,0.9340676,-0.9145779,0.29428798,-0.2773838,-0.359606,-0.9055979,0.22489095
1356523959521,-0.02934724,0.35799435,0.93326235,-0.9301523,0.33208704,-0.15663624,-0.3659992,-0.87267303,0.32324344
1356523959579,0.087450415,0.3864589,0.9181513,-0.9216893,0.38107303,-0.07260999,-0.37794346,-0.8399005,0.38952008
1356523959599,0.13831279,0.39488026,0.9082616,-0.9089829,0.41472366,-0.04188472,-0.39321703,-0.8198011,0.41630104
1356523959638,0.13250512,0.39026603,0.9111173,-0.90196836,0.428609,-0.052414894,-0.41096878,-0.8148538,0.40880057
1356523959678,0.088679165,0.37588724,0.9224126,-0.8985965,0.42971274,-0.08872032,-0.4297213,-0.82100904,0.37587747
1356523959720,0.02477333,0.35335758,0.9351603,-0.8937466,0.42693242,-0.13764352,-0.44788766,-0.83238643,0.32638872
1356523959758,-0.04375276,0.3247096,0.94480133,-0.88450557,0.42708656,-0.18774173,-0.46447352,-0.84389615,0.26852125
1356523959798,-0.10621461,0.29249477,0.95035017,-0.87118196,0.43335828,-0.23074365,-0.47933343,-0.8524362,0.20878714
1356523959839,-0.15511155,0.2592633,0.95326954,-0.8562932,0.4459197,-0.26061004,-0.4926483,-0.8567019,0.15283817
1356523959880,-0.18616709,0.22718516,0.95589167,-0.8427732,0.46318123,-0.27421993,-0.50504977,-0.85665053,0.10523647
1356523959930,-0.19431347,0.19804192,0.9607402,-0.83165514,0.4861129,-0.26841024,-0.52018464,-0.8511603,0.07024431
1356523959968,-0.17683583,0.16832623,0.96973974,-0.82592666,0.5105066,-0.2392241,-0.5353262,-0.8432374,0.048749328
1356523960012,-0.14422014,0.14460292,0.9789232,-0.8213612,0.53422594,-0.19992113,-0.55187535,-0.83288217,0.04172504
1356523960049,-0.10602552,0.12308651,0.986716,-0.81802434,0.5533624,-0.15692753,-0.5653272,-0.823796,0.04201722
1356523960092,-0.071302,0.104453415,0.99197054,-0.81723404,0.5640674,-0.11813775,-0.5718782,-0.8190955,0.045143723
1356523960129,-0.045140386,0.08787438,0.99510825,-0.81987286,0.56587225,-0.08716148,-0.57076335,-0.81979674,0.046502173
1356523960172,-0.031173825,0.07460484,0.99672586,-0.8275423,0.55731887,-0.06759766,-0.5605373,-0.82694006,0.04436487
1356523960209,-0.029321551,0.06716472,0.997311,-0.83719903,0.54346174,-0.061214,-0.5461118,-0.83674264,0.040295064
1356523960274,-0.04281956,0.06437659,0.99700665,-0.8516939,0.5193283,-0.0701116,-0.52228737,-0.8521466,0.0325917
1356523960299,-0.07951504,0.07339251,0.99412817,-0.86411023,0.49213237,-0.10544777,-0.49698168,-0.86742103,0.024287343
1356523960338,-0.1280494,0.086530715,0.9879856,-0.8740463,0.46090642,-0.15364972,-0.46866438,-0.8832201,0.016613066
1356523960379,-0.18274382,0.1059922,0.97743046,-0.88042206,0.42482153,-0.21067432,-0.4375633,-0.89905083,0.015684426
1356523960418,-0.22398344,0.13518718,0.96517134,-0.8859105,0.3845127,-0.25944665,-0.40619445,-0.91316724,0.033639252
1356523960460,-0.22203854,0.17949119,0.9583745,-0.8982295,0.3447269,-0.2726669,-0.3793188,-0.9213828,0.08468163
1356523960498,-0.15200442,0.24020901,0.9587462,-0.9201447,0.319776,-0.22600257,-0.36087188,-0.9165386,0.17241967
1356523960540,-0.016201526,0.30603823,0.9518814,-0.9362463,0.3295267,-0.12188116,-0.35097066,-0.8931701,0.2811883
