1356095760831,0.54742813,-0.08542049,0.8324816,-0.83259326,0.044645384,0.55208254,-0.08432555,-0.99534416,-0.04668036
1356095760871,-0.46401054,-0.0022697747,0.8858268,-0.8818065,0.09638202,-0.4616577,-0.08432993,-0.99534184,-0.046723783
1356095760910,-0.46418023,-0.0024811327,0.8857373,-0.88171434,0.096535385,-0.4618016,-0.0843592,-0.99532646,-0.046997488
1356095760952,-0.46462494,-0.0032238066,0.88550174,-0.8814695,0.097074986,-0.46215576,-0.08447015,-0.99527186,-0.0479452
1356095760991,-0.46556962,-0.0049729645,0.88499725,-0.8809452,0.098350406,-0.46288532,-0.0847379,-0.9951394,-0.050169826
1356095761030,-0.46735018,-0.007951438,0.8840365,-0.8799617,0.10049921,-0.46429217,-0.08515316,-0.99490535,-0.05396521
1356095761072,-0.47085685,-0.012415409,0.8821223,-0.87804615,0.10362393,-0.46722266,-0.085608244,-0.994539,-0.059693336
1356095761110,-0.47609252,-0.01800114,0.87921095,-0.87519187,0.10733515,-0.47171855,-0.08587876,-0.9940599,-0.06685591
1356095761150,-0.48268074,-0.024114668,0.8754643,-0.8715806,0.111189604,-0.4774768,-0.085828364,-0.99350655,-0.074686944
1356095761190,-0.49005365,-0.030117244,0.8711719,-0.86749136,0.11484897,-0.48401284,-0.0854761,-0.99292636,-0.08240867
1356095761232,-0.4974761,-0.035282314,0.8667599,-0.86330795,0.117985725,-0.4906921,-0.08495259,-0.99238825,-0.0891546
1356095761270,-0.50429136,-0.039104432,0.8626478,-0.85940266,0.120324194,-0.4969399,-0.0843648,-0.9919642,-0.09428489
1356095761310,-0.51008904,-0.041312546,0.8591289,-0.856027,0.121730685,-0.5023937,-0.0838272,-0.99170303,-0.097458124
1356095761351,-0.5146632,-0.042151093,0.85635567,-0.8533238,0.122368455,-0.506818,-0.083427966,-0.99158925,-0.09894705
1356095761399,-0.5185966,-0.042544782,0.85395986,-0.8509562,0.12293118,-0.510648,-0.08325291,-0.99150276,-0.09995544
1356095761432,-0.52262515,-0.043637335,0.8514451,-0.84847593,0.12428796,-0.5144328,-0.0833759,-0.99128616,-0.10198122
1356095761470,-0.5271292,-0.04620123,0.84852827,-0.8456372,0.12705666,-0.5184152,-0.08385971,-0.99081886,-0.10604471
1356095761510,-0.53189236,-0.050472617,0.8453064,-0.8425647,0.1313954,-0.52232164,-0.084706396,-0.9900443,-0.1124146
1356095761550,-0.53597766,-0.05609584,0.84236646,-0.83986205,0.1368224,-0.52527267,-0.085789025,-0.989006,-0.12044656
1356095761590,-0.53837013,-0.06241989,0.84039354,-0.8382171,0.14248872,-0.5263926,-0.08688924,-0.9878262,-0.12903309
1356095761631,-0.5382033,-0.068606734,0.84001803,-0.8382384,0.14729923,-0.52503264,-0.08771321,-0.9867097,-0.13678575
1356095761670,-0.53525496,-0.07385898,0.8414553,-0.8401033,0.15022564,-0.5212089,-0.0879122,-0.98588896,-0.1424582
1356095761729,-0.52994245,-0.077661365,0.84447014,-0.8435614,0.15040934,-0.51553977,-0.08697873,-0.98556876,-0.14522046
1356095761752,-0.52306885,-0.07992309,0.84853476,-0.84811556,0.147232,-0.5089427,-0.08425516,-0.9858676,-0.14479649
1356095761792,-0.51517856,-0.080724835,0.8532729,-0.8534458,0.13993531,-0.5020442,-0.07887557,-0.98686457,-0.1409859
1356095761832,-0.50610757,-0.08034298,0.85872006,-0.8595878,0.12832355,-0.49461293,-0.07045528,-0.9884726,-0.13400733
1356095761872,-0.4953496,-0.07912204,0.865083,-0.8666688,0.112968445,-0.4859253,-0.05927968,-0.9904432,-0.12453145
1356095761902,-0.4829769,-0.07776886,0.8721727,-0.8743264,0.097225845,-0.47550026,-0.04781863,-0.9922193,-0.11495322
1356095761932,-0.47050387,-0.076245636,0.87909764,-0.8816638,0.08125007,-0.4648303,-0.03598547,-0.9937731,-0.105451524
1356095761962,-0.45810074,-0.074722975,0.885754,-0.8885796,0.06526089,-0.4540566,-0.023876637,-0.9950665,-0.09629339
1356095761992,-0.44638425,-0.07329884,0.89183426,-0.894765,0.04957539,-0.4437767,-0.011684686,-0.99607706,-0.08771491
1356095762022,-0.43624777,-0.0720346,0.8969386,-0.8998266,0.03462529,-0.43487152,2.6905537E-4,-0.9968009,-0.07992381
1356095762062,-0.42887604,-0.07109529,0.90056145,-0.90327406,0.019728601,-0.42861038,0.012705356,-0.99727446,-0.0726797
1356095762092,-0.42654365,-0.07035589,0.9017264,-0.90416193,0.007277012,-0.42712793,0.023489118,-0.9974954,-0.06671709
1356095762132,-0.4289279,-0.07033378,0.9005965,-0.9027601,-0.0023049712,-0.4301383,0.032329082,-0.99752086,-0.0625059
1356095762162,-0.4403112,-0.071137875,0.89502263,-0.8970032,-0.008312225,-0.44194612,0.03887868,-0.9974319,-0.06015098
1356095762192,-0.45676428,-0.072969794,0.88659,-0.8885388,-0.010963678,-0.45867062,0.043189347,-0.9972739,-0.0598287
1356095762240,-0.47825187,-0.0753482,0.8749845,-0.8770433,-0.0106408,-0.48029348,0.0454998,-0.9971005,-0.060994625
1356095762260,-0.50288993,-0.07670158,0.8609405,-0.8631801,-0.0072511435,-0.50484407,0.044965148,-0.99702775,-0.06256074
1356095762298,-0.5330594,-0.07420212,0.8428177,-0.84507316,-0.0018358231,-0.5346475,0.041219234,-0.99724156,-0.061727583
1356095762328,-0.5649647,-0.06872773,0.82224774,-0.8243486,0.0040743947,-0.5660677,0.03555444,-0.99762714,-0.058957458
1356095762371,-0.5870351,-0.057636052,0.80750716,-0.80917776,0.0110682845,-0.5874596,0.02492112,-0.9982763,-0.053135276
1356095762410,-0.60429716,-0.044243038,0.7955297,-0.79668057,0.019541442,-0.6040846,0.011180729,-0.9988296,-0.047056377
1356095762450,-0.61458325,-0.031989872,0.78820306,-0.7888438,0.029467165,-0.61388695,-0.0035879612,-0.9990537,-0.043345034
1356095762490,-0.6154496,-0.024201602,0.7878046,-0.7879822,0.041069806,-0.6143267,-0.017487288,-0.9988631,-0.04434681
1356095762530,-0.60343695,-0.023533225,0.79706335,-0.7968555,0.05509031,-0.6016531,-0.029751629,-0.998204,-0.051996112
1356095762570,-0.57304287,-0.03211209,0.818896,-0.81851625,0.07199854,-0.5699538,-0.040656924,-0.9968877,-0.06754249
1356095762610,-0.5160739,-0.05237311,0.85494137,-0.85502607,0.090896666,-0.5105567,-0.050971866,-0.99448216,-0.091689706
1356095762650,-0.42416275,-0.088829964,0.9012188,-0.9035021,0.10898566,-0.41449505,-0.061400324,-0.99006635,-0.1264857
1356095762690,-0.29118818,-0.14851955,0.9450669,-0.9539503,0.11945826,-0.27515206,-0.072030574,-0.98166776,-0.17646515
1356095762732,-0.1255213,-0.2390492,0.9628602,-0.9886718,0.110648334,-0.101415545,-0.08229563,-0.9646826,-0.2502299
1356095762769,0.07398379,-0.34850562,0.93438226,-0.9931011,0.059727132,0.10091019,-0.0909757,-0.9354018,-0.3416825
1356095762810,0.2615604,-0.44998977,0.8538708,-0.96023905,-0.031855255,0.27735576,-0.09760696,-0.89246535,-0.4404298
1356095762850,0.43221933,-0.51190615,0.74238706,-0.89585793,-0.14964586,0.41838348,-0.10307795,-0.84590673,-0.523275
1356095762890,0.5757528,-0.52248394,0.6289032,-0.8103601,-0.2623515,0.52391624,-0.108744085,-0.8112843,-0.5744497
1356095762930,0.68523955,-0.49542952,0.53385055,-0.71920896,-0.3447324,0.6032396,-0.11482711,-0.79731375,-0.5925416
1356095762970,0.7611088,-0.4516735,0.46551526,-0.6374543,-0.38825607,0.66551435,-0.119856074,-0.80327356,-0.5834263
1356095763010,0.8097559,-0.4047262,0.42484355,-0.5740878,-0.3967625,0.7162421,-0.12131995,-0.82387877,-0.55362916
1356095763050,0.83806986,-0.359599,0.4102773,-0.5328472,-0.3781079,0.75703907,-0.11710143,-0.8530668,-0.5084922
1356095763090,0.8502867,-0.31694704,0.42018703,-0.51541007,-0.33971772,0.7867302,-0.10660681,-0.88551486,-0.45221514
1356095763131,0.8476531,-0.27566355,0.4533143,-0.52274036,-0.28787005,0.8024172,-0.09070158,-0.9171371,-0.3881144
1356095763170,0.82843804,-0.23433249,0.50870293,-0.55555356,-0.22856069,0.79944986,-0.07106759,-0.9449064,-0.31953263
1356095763210,0.7876064,-0.19250649,0.58533525,-0.61418015,-0.16881955,0.77089727,-0.049586684,-0.9666649,-0.25119704
1356095763250,0.71715605,-0.15074965,0.6804129,-0.6963713,-0.11653361,0.7081574,-0.027463526,-0.98167944,-0.18855052
1356095763290,0.6048506,-0.1116541,0.78847265,-0.7963205,-0.078060105,0.5998168,-0.0054237247,-0.9906765,-0.13612713
1356095763330,0.44059396,-0.07786399,0.8943233,-0.897566,-0.055832088,0.43733054,0.015879631,-0.9953994,-0.09448734
1356095763370,0.2200934,-0.05244133,0.97406816,-0.97490406,-0.0460954,0.21780062,0.03347829,-0.99755955,-0.061270535
1356095763410,-0.033041358,-0.0357911,0.9988129,-0.99852794,-0.04182726,-0.03453076,0.043013573,-0.99848354,-0.034356296
1356095763450,-0.2678361,-0.024634361,0.9631494,-0.96253586,-0.03703797,-0.2686128,0.0422903,-0.99901015,-0.013791323
1356095763490,-0.44575816,-0.015705347,0.8950156,-0.89451694,-0.029882073,-0.44603413,0.033750027,-0.99943,-7.285476E-4
1356095763530,-0.55941486,-0.007808119,0.828851,-0.82862175,-0.020065188,-0.5594492,0.020999283,-0.99976814,0.0047547817
1356095763570,-0.6201223,-0.0011839271,0.7845042,-0.78447515,-0.0078053474,-0.6201111,0.0068574846,-0.99996877,0.003911495
1356095763610,-0.6384457,0.0034798086,0.7696589,-0.76962745,0.007232666,-0.6384523,-0.0077883303,-0.9999678,-0.0019394755
1356095763650,-0.61928785,0.003915608,0.78515434,-0.7848177,0.026613474,-0.619155,-0.023320049,-0.99963814,-0.0134084225
1356095763690,-0.5632334,-0.006119132,0.82627517,-0.82532716,0.052621305,-0.5621975,-0.04003948,-0.9985958,-0.034688294
1356095763734,-0.47300738,-0.039731175,0.8801622,-0.8791723,0.086616635,-0.4685655,-0.05762005,-0.9954492,-0.07590085
1356095763771,-0.3389287,-0.10628402,0.9347893,-0.93788433,0.116494834,-0.3268056,-0.074163914,-0.98748803,-0.13916558
1356095763812,-0.18265206,-0.20747945,0.9610362,-0.97915244,0.12674654,-0.15873167,-0.08887449,-0.9699936,-0.22630459
1356095763850,0.0053372383,-0.32138863,0.9469323,-0.99473846,0.095175266,0.03790918,-0.102308124,-0.9421524,-0.31918967
1356095763890,0.20739828,-0.41160163,0.88745147,-0.9714786,0.01994668,0.23628685,-0.11495775,-0.91114557,-0.39572525
1356095763930,0.3964672,-0.45420206,0.7978184,-0.90934956,-0.07493991,0.40922773,-0.12608361,-0.8877412,-0.44273964
1356095763970,0.5491025,-0.4518395,0.70308435,-0.82495385,-0.15821499,0.5426041,-0.13393149,-0.87795734,-0.45962298
1356095764011,0.658743,-0.42118317,0.6234279,-0.739968,-0.21287322,0.6380692,-0.1360329,-0.8816404,-0.45189083
1356095764050,0.73072934,-0.3774702,0.56881535,-0.67009443,-0.23742655,0.7032795,-0.13041522,-0.895067,-0.42643523
1356095764090,0.77339363,-0.32884645,0.54196155,-0.6231158,-0.23714125,0.7453125,-0.11657193,-0.9141248,-0.38831294
1356095764131,0.7925904,-0.2785274,0.54242325,-0.6022333,-0.21828875,0.7678966,-0.095475346,-0.9352928,-0.34075207
1356095764170,0.7896312,-0.22914872,0.5691866,-0.6095998,-0.1874702,0.77022266,-0.069790006,-0.9551679,-0.28772134
1356095764210,0.76403993,-0.18128157,0.61917686,-0.64382064,-0.15221888,0.749883,-0.041689545,-0.9715794,-0.2330141
1356095764250,0.7098529,-0.136588,0.6909795,-0.7042296,-0.11949396,0.6998441,-0.013022453,-0.9833945,-0.18101245
1356095764290,0.6168352,-0.097504556,0.7810296,-0.7869708,-0.09383845,0.60981244,0.013831139,-0.9908013,-0.13461608
1356095764330,0.47189876,-0.06667152,0.8791283,-0.88096607,-0.07500717,0.4671969,0.034792125,-0.9949517,-0.09413117
1356095764371,0.2660603,-0.045614928,0.96287656,-0.9628916,-0.059513092,0.2632451,0.045295835,-0.99718475,-0.05975634
1356095764410,0.02450195,-0.03153944,0.99920213,-0.9987482,-0.044373304,0.023090214,0.04360959,-0.99851704,-0.03258723
1356095764450,-0.20093763,-0.021368831,0.97937095,-0.97904754,-0.029313684,-0.20151088,0.033015013,-0.99934185,-0.015030861
1356095764490,-0.36675698,-0.0142712,0.9302073,-0.93014914,-0.01335752,-0.36693892,0.01766193,-0.9998089,-0.008375347
1356095764530,-0.4658227,-0.0109574795,0.8848102,-0.88487685,0.004088342,-0.46580714,0.001486659,-0.99993163,-0.011600435
1356095764570,-0.5080728,-0.01287806,0.86121786,-0.8611989,0.023950756,-0.5077034,-0.014088571,-0.9996302,-0.023259282
1356095764610,-0.4990511,-0.022527665,0.8662797,-0.86608076,0.046640158,-0.4977236,-0.029190868,-0.9986577,-0.0427866
1356095764650,-0.43931454,-0.04649955,0.8971291,-0.89720875,0.07266724,-0.43558705,-0.044937313,-0.9962717,-0.073643625
1356095764690,-0.32347655,-0.096883655,0.9412632,-0.9441806,0.0985806,-0.31433237,-0.062336594,-0.9904016,-0.12336421
1356095764734,-0.1532141,-0.18697634,0.9703429,-0.98477066,0.1105414,-0.13419184,-0.082172394,-0.97612524,-0.20106536
1356095764772,0.062021464,-0.3130712,0.9477024,-0.99254066,0.08050719,0.091551185,-0.10495892,-0.94631124,-0.30574268
1356095764812,0.29064226,-0.43690187,0.8512601,-0.9479204,-0.010336325,0.31833947,-0.13028419,-0.8994497,-0.41715235
1356095764852,0.49095178,-0.51051545,0.70593226,-0.8571695,-0.13829553,0.4961197,-0.15564948,-0.8486744,-0.5054947
1356095764892,0.639296,-0.5238295,0.5629416,-0.7481659,-0.25462255,0.6127113,-0.17761861,-0.81287766,-0.5546906
1356095764932,0.7385254,-0.49917427,0.45321667,-0.64590096,-0.3310183,0.68792355,-0.19337077,-0.8007821,-0.56688255
1356095764972,0.80229974,-0.4584032,0.38233706,-0.5621614,-0.36486265,0.7421926,-0.20072296,-0.8103961,-0.55042577
1356095765020,0.8468067,-0.40347102,0.3465971,-0.49501792,-0.3593799,0.7910774,-0.19461676,-0.8414614,-0.5040507
1356095765079,0.8673153,-0.35692444,0.34694248,-0.4642056,-0.32842112,0.8225891,-0.17965889,-0.87449676,-0.45053098
1356095765101,0.87534297,-0.3113621,0.3699031,-0.45747972,-0.28575337,0.8420553,-0.15648305,-0.90631044,-0.39257404
1356095765141,0.87034756,-0.26517326,0.4149437,-0.4758764,-0.23621869,0.8471968,-0.12663645,-0.93481755,-0.33178204
1356095765178,0.84822625,-0.21879841,0.48232722,-0.521442,-0.18543953,0.8328928,-0.09279306,-0.9579872,-0.27138534
1356095765221,0.8025365,-0.1728072,0.5710279,-0.5938842,-0.14012462,0.7922542,-0.056892127,-0.9749373,-0.21508259
1356095765260,0.7186613,-0.13112319,0.6828854,-0.695035,-0.1054208,0.7112051,-0.02126512,-0.98574495,-0.16689703
1356095765300,0.5745792,-0.097931564,0.8125689,-0.8183675,-0.08275761,0.5687054,0.011552036,-0.99174625,-0.1276948
1356095765340,0.3424068,-0.077242374,0.93637127,-0.93881893,-0.06748396,0.33773503,0.03710258,-0.9947258,-0.09562358
1356095765380,0.028263807,-0.06793824,0.9972892,-0.99832916,-0.05222249,0.024735749,0.050400406,-0.99632186,-0.06930077
1356095765420,-0.2817722,-0.061759144,0.95749164,-0.9581697,-0.03404945,-0.284168,0.050152093,-0.9975101,-0.049581528
1356095765460,-0.5014893,-0.052634686,0.8635613,-0.8642479,-0.015439749,-0.5028291,0.039799422,-0.9984945,-0.03774655
1356095765500,-0.626767,-0.04109755,0.7781223,-0.7788347,0.002185762,-0.6272254,0.02407661,-0.9991528,-0.033378243
1356095765540,-0.68565804,-0.029169887,0.72733915,-0.72789824,0.019092381,-0.6854193,0.0061070025,-0.99939215,-0.034323573
1356095765580,-0.6971514,-0.018361896,0.71668863,-0.7168038,0.036149085,-0.6963372,-0.013121575,-0.9991777,-0.038363278
1356095765621,-0.6672416,-0.011186957,0.74475735,-0.744061,0.05576986,-0.66578,-0.034086943,-0.99838096,-0.045535743
1356095765660,-0.59317356,-0.014326483,0.80494714,-0.80302656,0.08180213,-0.5903023,-0.05738944,-0.9965456,-0.06002742
1356095765733,-0.47149938,-0.04072687,0.8809255,-0.877982,0.115333915,-0.46459183,-0.08267915,-0.9924915,-0.0901373
1356095765736,-0.29825008,-0.098228216,0.94941986,-0.9483886,0.142766,-0.28315535,-0.107731074,-0.9848701,-0.13573849
1356095765767,-0.12299207,-0.19061577,0.97392946,-0.9836148,0.15376344,-0.09412092,-0.13181382,-0.96954757,-0.20640415
1356095765800,0.07802692,-0.29723862,0.95160973,-0.985006,0.12433377,0.11960134,-0.1538674,-0.9466733,-0.28308046
1356095765840,0.25387615,-0.39384004,0.88342345,-0.95136833,0.063086465,0.30152673,-0.17448536,-0.91701156,-0.35867083
1356095765880,0.42411193,-0.45505136,0.7829797,-0.8851138,-0.025383621,0.46468186,-0.1915792,-0.89010334,-0.4135377
1356095765920,0.5659023,-0.47238576,0.67572653,-0.79892254,-0.11173576,0.5909636,-0.20365992,-0.8742808,-0.44063115
1356095765960,0.67110944,-0.4571556,0.5836274,-0.71127903,-0.17507732,0.68075705,-0.20903195,-0.87198436,-0.4426612
1356095766000,0.7441952,-0.4229248,0.5170185,-0.63560736,-0.21038932,0.7427918,-0.2053699,-0.88140285,-0.42538482
1356095766040,0.7927175,-0.37830806,0.47799784,-0.57874995,-0.22082031,0.78503937,-0.1914351,-0.89895564,-0.3939939
1356095766080,0.8222524,-0.32788405,0.4651808,-0.54375243,-0.21127644,0.8122166,-0.16803111,-0.92079014,-0.35201028
1356095766120,0.83515984,-0.27481896,0.4764269,-0.53250736,-0.18725443,0.8254524,-0.13763691,-0.9430855,-0.3027305
1356095766160,0.83120817,-0.2219645,0.50973004,-0.5462902,-0.1558159,0.8229754,-0.10324727,-0.9625244,-0.25077248
1356095766200,0.8077053,-0.17213641,0.5638982,-0.58571625,-0.12486383,0.8008404,-0.0674433,-0.97712743,-0.20167626
1356095766240,0.75860834,-0.1281642,0.6388171,-0.6507404,-0.10027335,0.75264996,-0.03240642,-0.9866707,-0.15946981
1356095766280,0.6726817,-0.09291458,0.73407507,-0.7399313,-0.08311036,0.6675285,-0.001013875,-0.9921993,-0.12465724
1356095766320,0.5319464,-0.06885806,0.84397364,-0.8464849,-0.06946513,0.5278618,0.022279233,-0.9952051,-0.09523903
1356095766360,0.3207623,-0.055535108,0.94553024,-0.9465753,-0.053860933,0.31795326,0.033269584,-0.99700296,-0.06984469
1356095766400,0.059106022,-0.04741648,0.99712497,-0.9977602,-0.034150153,0.057519764,0.031324565,-0.99829125,-0.049328744
1356095766440,-0.18404263,-0.03841415,0.9821673,-0.9827156,-0.01309818,-0.1846577,0.019958079,-0.999176,-0.035339594
1356095766480,-0.3527425,-0.027787417,0.93530774,-0.9357122,0.006280422,-0.35270843,0.0039266944,-0.9995941,-0.028216422
1356095766520,-0.44002593,-0.018030137,0.8978041,-0.89788246,0.023947597,-0.43958345,-0.013574481,-0.9995507,-0.026726484
1356095766560,-0.4578265,-0.011581272,0.8889661,-0.88847506,0.04164785,-0.45703107,-0.031730503,-0.9990652,-0.029357135
1356095766600,-0.4142384,-0.011758834,0.9100925,-0.9087194,0.061742783,-0.4128157,-0.05133745,-0.9980228,-0.036261737
1356095766640,-0.31530845,-0.026065677,0.94863117,-0.94615495,0.08583391,-0.31212693,-0.07328892,-0.9959684,-0.05172634
1356095766680,-0.17487612,-0.06735343,0.982284,-0.97978455,0.110357076,-0.16686413,-0.09716314,-0.9916072,-0.08529061
1356095766728,-0.016551703,-0.14723966,0.98896235,-0.99247,0.12247649,0.0016242862,-0.12136382,-0.98148865,-0.1481582
1356095766762,0.14427203,-0.26152888,0.95435226,-0.97892344,0.10316241,0.17625701,-0.14454958,-0.9596667,-0.24113327
1356095766802,0.3026908,-0.38115323,0.8735562,-0.9384147,0.041028634,0.34306625,-0.1666016,-0.92360103,-0.3452608
1356095766841,0.45246089,-0.46822697,0.75897473,-0.87188417,-0.05347108,0.48678416,-0.18734223,-0.8819888,-0.43243322
1356095766882,0.5827555,-0.5053425,0.6364157,-0.7863145,-0.15289682,0.5986085,-0.20519635,-0.8492652,-0.48645958
1356095766922,0.6860149,-0.5005543,0.52804255,-0.69416153,-0.23282582,0.6811254,-0.21799831,-0.833809,-0.50718755
1356095766960,0.76208717,-0.4708395,0.44444722,-0.6075337,-0.2826397,0.7423056,-0.22388835,-0.8357182,-0.50144696
1356095767000,0.8154022,-0.42934948,0.38830182,-0.53482807,-0.30203122,0.78913635,-0.22153601,-0.8511382,-0.47590506
1356095767040,0.85103786,-0.38307133,0.35915303,-0.4811209,-0.29482296,0.8255919,-0.21037404,-0.875406,-0.43520913
1356095767080,0.8726618,-0.33427566,0.35597908,-0.44964373,-0.26570028,0.8527742,-0.19047791,-0.9042472,-0.38217145
1356095767120,0.8811358,-0.28358898,0.37838733,-0.44400242,-0.22090936,0.86836684,-0.16266997,-0.933154,-0.32056534
1356095767160,0.8746952,-0.23078799,0.42619866,-0.46749365,-0.16969287,0.8675564,-0.12789875,-0.9580925,-0.25632146
1356095767200,0.8477107,-0.17672727,0.5001541,-0.5231805,-0.12289193,0.8433148,-0.08757186,-0.9765578,-0.19663706
1356095767240,0.78945506,-0.12466057,0.60101616,-0.6121614,-0.08822283,0.78579587,-0.044934392,-0.9882694,-0.14596035
1356095767280,0.6804888,-0.08091155,0.7282777,-0.732728,-0.066064015,0.67730737,-0.006689042,-0.9945295,-0.10424198
1356095767320,0.4912657,-0.05167669,0.8694754,-0.87080497,-0.050784513,0.48899865,0.01888603,-0.9973718,-0.06994903
1356095767360,0.2111462,-0.036452472,0.9767746,-0.9770662,-0.036037773,0.20986441,0.027550668,-0.9986855,-0.043225735
1356095767400,-0.09233767,-0.026974082,0.99536234,-0.99549687,-0.01902628,-0.092865735,0.021443069,-0.9994551,-0.02509576
1356095767440,-0.3211246,-0.016293496,0.9468968,-0.94701636,-0.0010737181,-0.32118362,0.0062499046,-0.99986666,-0.015085399
1356095767480,-0.44958997,-0.0037761927,0.893227,-0.8931371,0.01670599,-0.4494741,-0.01322493,-0.99985325,-0.0108834505
1356095767520,-0.4978088,0.008514047,0.8672451,-0.86659074,0.035172343,-0.49777848,-0.034741163,-0.999345,-0.0101310015
1356095767560,-0.4838112,0.016777784,0.87501156,-0.8732623,0.056765914,-0.4839324,-0.0577901,-0.99824655,-0.012812555
1356095767600,-0.41830868,0.012890965,0.90821344,-0.90453327,0.0851149,-0.41782174,-0.08268863,-0.9962877,-0.02394402
1356095767640,-0.30708045,-0.017445832,0.9515236,-0.94543624,0.11996657,-0.30291635,-0.10886639,-0.9926246,-0.053333282
1356095767680,-0.1632261,-0.08871418,0.982592,-0.9772356,0.15135178,-0.14867136,-0.13552776,-0.9844909,-0.11139923
1356095767728,0.004031986,-0.20157152,0.9794655,-0.9867591,0.15801331,0.03658071,-0.16214225,-0.96664405,-0.19826543
1356095767762,0.18935451,-0.32907167,0.92512524,-0.9638314,0.117666036,0.2391313,-0.18754718,-0.9369453,-0.29488903
1356095767802,0.37707344,-0.42724597,0.8217521,-0.90225816,0.030912071,0.4300867,-0.20915487,-0.9036068,-0.37383008
1356095767842,0.54277444,-0.47035092,0.6958203,-0.8092713,-0.07127032,0.58309555,-0.22466822,-0.8795967,-0.41932526
1356095767899,0.67032754,-0.4659251,0.5775593,-0.7044052,-0.15472466,0.692729,-0.23339719,-0.87119114,-0.4319163
1356095767921,0.7587806,-0.43527496,0.48454908,-0.60737526,-0.20414194,0.76773787,-0.23526028,-0.8768476,-0.41927415
1356095767961,0.8166372,-0.3939885,0.42175436,-0.5294209,-0.22038597,0.8192335,-0.22981985,-0.8923021,-0.38856113
1356095767998,0.85250854,-0.34976774,0.38844782,-0.4755165,-0.2103532,0.8541871,-0.21705586,-0.91291517,-0.34564823
1356095768040,0.8728369,-0.30375004,0.38195777,-0.44655222,-0.18142056,0.87617224,-0.19684233,-0.9353195,-0.2939908
1356095768080,0.879044,-0.25685543,0.40163034,-0.44536853,-0.14188409,0.88403386,-0.17008394,-0.9559782,-0.23911768
1356095768120,0.8699826,-0.2092183,0.4464952,-0.4734477,-0.10145369,0.87495965,-0.13775894,-0.9725918,-0.18731686
1356095768160,0.8404712,-0.16186427,0.5171152,-0.53235674,-0.06875047,0.84372365,-0.101016834,-0.9844152,-0.14395234
1356095768200,0.7789067,-0.11775294,0.6159859,-0.62405014,-0.048151195,0.77989924,-0.062174946,-0.9918748,-0.11098902
1356095768240,0.66186345,-0.08188236,0.74513894,-0.7491729,-0.037758023,0.6612973,-0.026013613,-0.9959265,-0.08633469
1356095768280,0.44913626,-0.05924192,0.891497,-0.8934628,-0.030754447,0.4480829,8.7222457E-4,-0.9977697,-0.066743374
1356095768321,0.12061569,-0.049064964,0.9914861,-0.9925966,-0.02032116,0.119745195,0.014272839,-0.99858886,-0.051152825
1356095768360,-0.22832018,-0.04302448,0.972635,-0.97346705,-0.005535245,-0.22876039,0.015226066,-0.9990587,-0.040619075
1356095768400,-0.47014952,-0.03540671,0.8818763,-0.8825504,0.0097852945,-0.470116,0.008015871,-0.99932504,-0.035848737
1356095768440,-0.5952412,-0.026868552,0.8030977,-0.80353975,0.024165511,-0.5947603,-0.0034269094,-0.99934685,-0.035974264
1356095768480,-0.6411787,-0.01932171,0.7671483,-0.7671989,0.038540184,-0.6402503,-0.017195284,-0.9990703,-0.039534748
1356095768520,-0.6303628,-0.014975131,0.7761562,-0.77559143,0.054877758,-0.62884533,-0.03317669,-0.9983808,-0.046207488
1356095768560,-0.5681343,-0.018861026,0.8227197,-0.82129455,0.07610381,-0.5654055,-0.05194798,-0.99692154,-0.058727622
1356095768600,-0.4558184,-0.04234481,0.8890649,-0.88702863,0.10415226,-0.44981384,-0.07355085,-0.9936595,-0.08503562
1356095768640,-0.29636115,-0.10135323,0.94968283,-0.9502881,0.13073188,-0.28259793,-0.095511645,-0.98622346,-0.13505864
1356095768680,-0.10495779,-0.2014384,0.9738616,-0.98785937,0.13389978,-0.07876986,-0.11453256,-0.97030586,-0.21304661
1356095768728,0.10566825,-0.32062432,0.94129384,-0.9858254,0.09027457,0.14141664,-0.13031647,-0.9428947,-0.30654043
1356095768762,0.3170423,-0.4161655,0.85222673,-0.9370898,9.713024E-4,0.34908697,-0.14610574,-0.9092883,-0.3896765
1356095768802,0.50145394,-0.46056652,0.73240864,-0.8495871,-0.10211229,0.5174697,-0.16354132,-0.88173217,-0.442496
1356095768840,0.6422241,-0.45851457,0.6142577,-0.7449523,-0.18461156,0.6410652,-0.18053868,-0.8693002,-0.46013352
1356095768880,0.74027824,-0.42973945,0.5170224,-0.6436986,-0.23113388,0.7295405,-0.19401096,-0.87286955,-0.44772607
1356095768920,0.8048683,-0.39071324,0.44668806,-0.5581295,-0.24255371,0.79351074,-0.20168929,-0.88798136,-0.41329235
1356095768960,0.8459991,-0.34928364,0.40284795,-0.49338257,-0.22639602,0.8398325,-0.20213658,-0.9092557,-0.36386126
1356095769000,0.8707173,-0.30785483,0.38350594,-0.451531,-0.19145721,0.8714723,-0.19486195,-0.9319708,-0.3057111
1356095769040,0.8827377,-0.26661822,0.3868965,-0.4339321,-0.14677185,0.88890994,-0.18021405,-0.95256114,-0.24525523
1356095769080,0.8829756,-0.22499618,0.4119841,-0.441781,-0.10159856,0.8913514,-0.15869367,-0.9690482,-0.18910807
1356095769120,0.8696478,-0.18252355,0.45869145,-0.47608936,-0.064311445,0.8770421,-0.13058177,-0.98109585,-0.14282584
1356095769160,0.83756214,-0.13998748,0.52810335,-0.5376947,-0.03991073,0.84219444,-0.09681967,-0.98934853,-0.10869824
1356095769200,0.7756003,-0.10060033,0.6231563,-0.6282718,-0.02765911,0.7775021,-0.060981065,-0.9945424,-0.08465679
1356095769240,0.6607259,-0.069589585,0.74739456,-0.7500266,-0.021381244,0.661062,-0.03002283,-0.9973465,-0.06632121
1356095769280,0.45630303,-0.05041358,0.8883952,-0.8897612,-0.013944,0.45621336,-0.010611564,-0.9986311,-0.051218748
1356095769320,0.1502088,-0.040536374,0.9878229,-0.98864245,-0.0012684166,0.15028137,-0.0048389137,-0.9991773,-0.040266514
1356095769360,-0.16413438,-0.032818913,0.9858919,-0.9863888,0.0154412985,-0.16370305,-0.009850919,-0.99934196,-0.034906626
1356095769400,-0.37434667,-0.024091601,0.92697585,-0.92704445,0.032674074,-0.37352517,-0.02128923,-0.99917567,-0.03456539
1356095769440,-0.4689669,-0.015998393,0.8830708,-0.88248086,0.04926592,-0.46776107,-0.03602189,-0.9986576,-0.037222385
1356095769480,-0.47436613,-0.011540383,0.88025194,-0.87872994,0.06642109,-0.47267517,-0.05301243,-0.9977249,-0.041648746
1356095769520,-0.40399492,-0.016052276,0.9146204,-0.91187954,0.08636701,-0.40126848,-0.07255173,-0.99613404,-0.049529552
1356095769560,-0.26365423,-0.039857537,0.96379346,-0.95994747,0.109036624,-0.25809297,-0.09480184,-0.99323833,-0.06700915
1356095769600,-0.07103589,-0.095474035,0.99289405,-0.99041224,0.124985844,-0.058840036,-0.11848,-0.9875542,-0.103437126
1356095769640,0.13814497,-0.18557042,0.9728718,-0.9802703,0.114593685,0.16105366,-0.14137173,-0.97592616,-0.16607863
1356095769680,0.33661014,-0.2914576,0.89540267,-0.9276256,0.060830906,0.3685245,-0.16187736,-0.9546476,-0.2498872
1356095769726,0.5091642,-0.37834752,0.7730492,-0.8417288,-0.031504743,0.5389806,-0.17956728,-0.9251274,-0.3345071
1356095769762,0.6475428,-0.42104083,0.6351479,-0.73692244,-0.13380879,0.66260135,-0.19399384,-0.8971175,-0.39692137
1356095769802,0.74899256,-0.42129493,0.5113909,-0.63023686,-0.21480286,0.7460973,-0.20447879,-0.8811188,-0.42640138
1356095769841,0.81778455,-0.3970819,0.41659868,-0.5356491,-0.26038736,0.8032923,-0.21049578,-0.8800707,-0.4256373
1356095769881,0.86223817,-0.3632577,0.35297176,-0.46040505,-0.27163073,0.84512943,-0.21112183,-0.8912129,-0.40145612
1356095769920,0.88977575,-0.32766497,0.31770232,-0.40758967,-0.25727934,0.8761723,-0.20535277,-0.9090891,-0.3624738
1356095769960,0.90594095,-0.29157352,0.30701122,-0.3770997,-0.22592711,0.89819413,-0.19252746,-0.92948467,-0.3146289
1356095770000,0.91321725,-0.25428912,0.3183886,-0.36903718,-0.18486318,0.91084427,-0.17275944,-0.94929594,-0.26266238
1356095770040,0.91157985,-0.21497405,0.3504403,-0.3840816,-0.14127168,0.91242737,-0.14664096,-0.966348,-0.211348
1356095770080,0.89861286,-0.17366858,0.4029072,-0.42338198,-0.102381945,0.9001476,-0.115076944,-0.9794678,-0.16552988
1356095770120,0.86907464,-0.13199767,0.4767451,-0.48823157,-0.07376063,0.8695915,-0.07961902,-0.9885019,-0.12854892
1356095770160,0.8128089,-0.09378764,0.5749309,-0.5809016,-0.05674372,0.8119935,-0.04353124,-0.99397385,-0.1006032
1356095770200,0.7095122,-0.06452945,0.7017324,-0.70458376,-0.04741384,0.70803505,-0.012417287,-0.9967888,-0.07910709
1356095770240,0.52324855,-0.04844618,0.85080194,-0.85214573,-0.03871207,0.5218707,0.0076536834,-0.9980753,-0.061539233
1356095770280,0.22695982,-0.043280393,0.97294194,-0.9738054,-0.024306178,0.22607997,0.013863742,-0.99876726,-0.047663182
1356095770320,-0.11128235,-0.039213836,0.9930148,-0.9937534,-0.004051566,-0.11152512,0.008396596,-0.9992226,-0.038517952
1356095770360,-0.365344,-0.03034088,0.930378,-0.93086374,0.016266704,-0.36500424,-0.0040596128,-0.99940723,-0.034186184
1356095770400,-0.50387734,-0.0189206,0.86356795,-0.86354804,0.033962607,-0.5031216,-0.019809663,-0.999244,-0.033451855
1356095770440,-0.5561893,-0.008442491,0.8310128,-0.8302121,0.05068755,-0.5551384,-0.037435293,-0.99867886,-0.035200953
1356095770480,-0.5457081,-0.0025283992,0.8379715,-0.8360419,0.06953335,-0.5442417,-0.056890905,-0.9975764,-0.04005879
1356095770520,-0.4839971,-0.008059949,0.8750324,-0.8715378,0.09419012,-0.48119655,-0.07854101,-0.99552166,-0.052612305
1356095770560,-0.37708884,-0.03810677,0.92539287,-0.92058706,0.12503165,-0.36998186,-0.10160461,-0.9914206,-0.08222866
1356095770600,-0.23524207,-0.10698551,0.96603066,-0.96394414,0.15288496,-0.21780238,-0.12438983,-0.9824358,-0.13909298
1356095770640,-0.06988382,-0.21711987,0.9736402,-0.9868384,0.15772903,-0.035657883,-0.14582923,-0.96331745,-0.22528493
1356095770680,0.11523558,-0.34491134,0.93153477,-0.97938,0.11720742,0.16455165,-0.16593853,-0.9312887,-0.32429278
1356095770744,0.30880094,-0.44686478,0.8396153,-0.93308073,0.02881223,0.3585111,-0.18439716,-0.8941374,-0.4080637
1356095770761,0.4863463,-0.4933911,0.7211328,-0.8506239,-0.078664005,0.51985663,-0.19976544,-0.8662432,-0.4579482
1356095770801,0.62646,-0.48900846,0.60697484,-0.75040066,-0.16775018,0.63934237,-0.21082371,-0.8559968,-0.4720411
1356095770838,0.72451365,-0.456546,0.51637757,-0.65427166,-0.21987379,0.72359115,-0.21681476,-0.8621028,-0.45800665
1356095770881,0.78908366,-0.41250527,0.45517734,-0.5748896,-0.23481256,0.7838144,-0.21644619,-0.88017184,-0.4224317
1356095770920,0.82906276,-0.36557057,0.4230994,-0.5187888,-0.22061807,0.8259454,-0.20859796,-0.9042598,-0.37256014
1356095770960,0.85105944,-0.3178622,0.4179252,-0.48833328,-0.18667677,0.85245675,-0.19294688,-0.9295781,-0.31409574
1356095771000,0.85745114,-0.26944655,0.43837893,-0.48560947,-0.14197147,0.86257035,-0.1701793,-0.9524929,-0.2525794
1356095771040,0.84668887,-0.2202296,0.48437262,-0.51293445,-0.09577814,0.8530679,-0.1414785,-0.9707345,-0.19405763
1356095771080,0.812812,-0.17079581,0.5569251,-0.5724404,-0.057053417,0.817959,-0.10792954,-0.98365325,-0.14414413
1356095771120,0.7424491,-0.123627126,0.6583963,-0.66612035,-0.03195239,0.74515957,-0.07108462,-0.9918142,-0.10607357
1356095771160,0.6090437,-0.08377913,0.7886995,-0.7923838,-0.020954758,0.6096629,-0.03455004,-0.996264,-0.07914759
1356095771200,0.37230602,-0.057241708,0.92634314,-0.92809963,-0.01823309,0.3718853,-0.0043972135,-0.99819386,-0.05991426
1356095771240,0.026742399,-0.045164615,0.9986215,-0.99955666,-0.014288664,0.02612117,0.01308924,-0.9988774,-0.045526683
1356095771280,-0.3117022,-0.038490266,0.9493999,-0.95005405,-0.003627658,-0.31206405,0.015455544,-0.9992523,-0.035437047
1356095771320,-0.53299195,-0.028170198,0.84565127,-0.8461025,0.01126194,-0.5329012,0.0054882467,-0.9995397,-0.02983743
1356095771360,-0.6477718,-0.013754785,0.7617102,-0.7617452,0.02699542,-0.6473141,-0.011659026,-0.9995409,-0.027964532
1356095771400,-0.69698614,0.0018604994,0.71708214,-0.71637315,0.04272622,-0.6964079,-0.031933874,-0.99908507,-0.028446794
1356095771440,-0.7036001,0.016127855,0.7104131,-0.7085588,0.05972755,-0.7031195,-0.05377108,-0.9980844,-0.030596793
1356095771481,-0.674878,0.025838584,0.7374768,-0.73386574,0.08123571,-0.67441964,-0.07733551,-0.99635994,-0.035862148
1356095771521,-0.6111881,0.023804337,0.79112744,-0.78479064,0.11150479,-0.60964775,-0.10272679,-0.9934788,-0.049469054
1356095771560,-0.5166464,-0.0031332374,0.85619307,-0.8463939,0.1527729,-0.5101743,-0.1292046,-0.98825634,-0.08158147
1356095771600,-0.39936936,-0.070295036,0.9140912,-0.9036122,0.19862634,-0.3795163,-0.15488455,-0.97755116,-0.14284474
1356095771640,-0.26485717,-0.18183604,0.94698805,-0.9477966,0.22993612,-0.2209321,-0.17757338,-0.95606744,-0.23324382
1356095771680,-0.10604712,-0.31782213,0.9422012,-0.97492445,0.21966496,-0.035633087,-0.1956436,-0.92235374,-0.3331474
1356095771725,0.08280246,-0.43846443,0.8949261,-0.97455513,0.15206753,0.16467482,-0.2082932,-0.8857903,-0.41471618
1356095771762,0.28594747,-0.5083996,0.81225854,-0.9337115,0.042754807,0.35546437,-0.21544594,-0.86005926,-0.46247292
1356095771802,0.46936783,-0.519757,0.71382535,-0.8557144,-0.06832209,0.5129181,-0.2178227,-0.8515779,-0.47683167
1356095771842,0.60886055,-0.4911732,0.6229267,-0.7632417,-0.1486808,0.6287734,-0.21621946,-0.85827893,-0.46540982
1356095771882,0.70227545,-0.44537237,0.55538505,-0.6800922,-0.18910795,0.70831674,-0.21043698,-0.87514657,-0.43570018
1356095771922,0.7592992,-0.39536223,0.5168688,-0.6193683,-0.19542778,0.7603886,-0.19961846,-0.8974947,-0.39326304
1356095771961,0.78948796,-0.3453541,0.5073847,-0.5857942,-0.17726493,0.7908364,-0.1831771,-0.9215788,-0.342255
1356095772000,0.7979684,-0.29566616,0.52519315,-0.5807233,-0.14402178,0.8012603,-0.16126631,-0.94437236,-0.2866251
1356095772040,0.7850852,-0.24602589,0.5684299,-0.6045561,-0.1047436,0.78964597,-0.13473397,-0.9635871,-0.23096909
1356095772080,0.74638605,-0.19749297,0.63553476,-0.65718925,-0.06815705,0.75063765,-0.10492951,-0.9779321,-0.18066172
1356095772120,0.6729858,-0.15224767,0.72381675,-0.73607177,-0.04164049,0.6756215,-0.07272172,-0.9874648,-0.14008866
1356095772160,0.54631513,-0.11450219,0.82971627,-0.8366097,-0.026935354,0.5471369,-0.040299714,-0.99305785,-0.11050886
1356095772200,0.34702063,-0.08736256,0.93377966,-0.93778276,-0.01975286,0.34666026,-0.011840284,-0.99598074,-0.088781744
1356095772240,0.075838864,-0.0698376,0.99467134,-0.9970958,-0.012273371,0.07516199,0.0069588423,-0.99748284,-0.07056555
1356095772280,-0.20947438,-0.05602452,0.97620785,-0.97773135,-9.859204E-4,-0.20985788,0.012719601,-0.9984289,-0.054570436
1356095772320,-0.4326929,-0.041345954,0.9005928,-0.9015162,0.0123823285,-0.43256807,0.006733507,-0.99906814,-0.042631805
1356095772360,-0.5723517,-0.026156783,0.81959105,-0.8199817,0.02630812,-0.5717849,-0.006605834,-0.9993116,-0.03650564
1356095772400,-0.6457245,-0.01248309,0.7634685,-0.76322305,0.040714264,-0.64485115,-0.023034304,-0.9990929,-0.035817564
1356095772440,-0.67093605,-0.0016439557,0.7415134,-0.7404143,0.055956304,-0.6698175,-0.040391177,-0.99843186,-0.038760304
1356095772480,-0.6562301,0.005042881,0.754544,-0.7522751,0.07340413,-0.65474737,-0.05868846,-0.99728954,-0.044376433
1356095772520,-0.60238403,0.0033627152,0.79819936,-0.7943178,0.09606218,-0.59985936,-0.07869393,-0.9953697,-0.055195272
1356095772560,-0.50916415,-0.016883105,0.86050373,-0.8548019,0.12646532,-0.50330913,-0.10032642,-0.99182737,-0.07882327
1356095772600,-0.382684,-0.070325136,0.92119884,-0.91575277,0.16083318,-0.36814344,-0.1222696,-0.984473,-0.12594873
1356095772640,-0.23320812,-0.16568494,0.95820796,-0.96185005,0.18424028,-0.20223731,-0.14303282,-0.96881574,-0.20233047
1356095772680,-0.06390816,-0.28997916,0.95489675,-0.98472875,0.17359519,-0.0131880045,-0.16194123,-0.94115716,-0.296645
1356095772724,0.11999418,-0.40783584,0.905136,-0.9765861,0.11548473,0.18150136,-0.17855212,-0.9057224,-0.38442934
1356095772762,0.31025872,-0.4823175,0.8192126,-0.93124086,0.019055031,0.36390567,-0.1911282,-0.87578917,-0.44324178
1356095772802,0.47507393,-0.5022028,0.7225628,-0.85715526,-0.07843673,0.5090505,-0.19897112,-0.8611852,-0.46772906
1356095772842,0.60283816,-0.48275727,0.6352413,-0.77194816,-0.15163511,0.6173352,-0.20169817,-0.86252666,-0.46407503
1356095772882,0.69204575,-0.44363034,0.5694425,-0.6939964,-0.1918636,0.6939433,-0.19859901,-0.8754316,-0.44065627
1356095772920,0.749655,-0.3971526,0.5294215,-0.634304,-0.2028512,0.7459959,-0.18888043,-0.89505374,-0.4039839
1356095772960,0.7827243,-0.34890535,0.51537144,-0.59791756,-0.19173431,0.7782882,-0.17273453,-0.91733474,-0.35869175
1356095773000,0.79526246,-0.30096063,0.52628917,-0.5870788,-0.1656278,0.7924051,-0.15131462,-0.9391433,-0.30840516
1356095773040,0.7873765,-0.2540983,0.56166923,-0.60348636,-0.13168308,0.78642464,-0.12586682,-0.95817196,-0.257029
1356095773080,0.75474733,-0.20878172,0.6219057,-0.64878684,-0.097211,0.7547354,-0.097118884,-0.9731187,-0.20882459
1356095773120,0.6867205,-0.16609854,0.70769083,-0.7239173,-0.0678446,0.68654275,-0.06602076,-0.9837725,-0.1668319
1356095773160,0.56379193,-0.1280542,0.8159294,-0.8251654,-0.045200408,0.56308,-0.035224438,-0.99073666,-0.13114953
1356095773200,0.3574423,-0.09689546,0.9288952,-0.93388224,-0.026488632,0.3565982,-0.009947538,-0.994942,-0.09995711
1356095773240,0.06262991,-0.07198894,0.99543715,-0.99802685,-0.008964568,0.062144518,0.004449934,-0.9973651,-0.07240832
1356095773280,-0.24627095,-0.049967736,0.9679121,-0.9691831,0.0066221356,-0.24625248,0.0058950484,-0.99872893,-0.050058722
1356095773320,-0.47128993,-0.02897662,0.88150215,-0.8819717,0.019337893,-0.47090533,-0.0034011006,-0.999393,-0.034670293
1356095773360,-0.5957978,-0.0094181895,0.8030792,-0.80290353,0.030959547,-0.59530437,-0.019256234,-0.9994762,-0.026007473
1356095773400,-0.6472698,0.0077916086,0.76222116,-0.7612957,0.043699265,-0.64693063,-0.03834915,-0.9990143,-0.02235347
1356095773440,-0.6459612,0.02145651,0.7630687,-0.7610463,0.05983883,-0.6459318,-0.059520602,-0.99797744,-0.022324204
1356095773480,-0.59754956,0.028388768,0.8013294,-0.79750216,0.082675815,-0.5976246,-0.0832164,-0.99617213,-0.026762843
1356095773520,-0.5017065,0.01987794,0.8648095,-0.8580432,0.11544335,-0.5004346,-0.10978413,-0.9931151,-0.04086256
1356095773579,-0.3645156,-0.01940161,0.93099517,-0.92093056,0.1555633,-0.3573331,-0.13789588,-0.9876354,-0.0745728
1356095773601,-0.20424455,-0.10298526,0.9734877,-0.9649967,0.18830788,-0.18254197,-0.16451627,-0.97669554,-0.13784128
1356095773641,-0.034373045,-0.2261104,0.97349507,-0.98190445,0.18915045,0.009263366,-0.18623155,-0.9555607,-0.22852051
1356095773678,0.14467882,-0.3560677,0.92319214,-0.9687815,0.13885812,0.20537984,-0.20132181,-0.9240856,-0.32486194
1356095773720,0.32397127,-0.45080853,0.83175373,-0.92244244,0.04472506,0.38353568,-0.21010137,-0.89149946,-0.40135527
1356095773762,0.48824507,-0.48941433,0.72255826,-0.84608006,-0.06249672,0.52937967,-0.21392846,-0.8698091,-0.4445974
1356095773802,0.62001735,-0.4803785,0.62033457,-0.7548729,-0.14970532,0.6385571,-0.21388175,-0.8641902,-0.45544463
1356095773842,0.7144,-0.44505617,0.53996074,-0.66751146,-0.20197254,0.7166837,-0.20990722,-0.87242883,-0.44136927
1356095773880,0.7772662,-0.39910904,0.4863838,-0.59623396,-0.22039223,0.77196646,-0.2009036,-0.89002204,-0.40926582
1356095773920,0.81662005,-0.3498134,0.4590885,-0.54634076,-0.21199203,0.8102908,-0.18612747,-0.9125185,-0.36423427
1356095773960,0.837759,-0.30011994,0.45616663,-0.5201886,-0.18465188,0.83385104,-0.16602331,-0.9358589,-0.31081274
1356095774000,0.84308255,-0.25107694,0.47557566,-0.5188128,-0.14691365,0.84216964,-0.14158085,-0.95675325,-0.25412226
1356095774040,0.8323042,-0.20313185,0.5157588,-0.5425878,-0.10813716,0.8330095,-0.113438055,-0.9731617,-0.20021988
1356095774080,0.8023399,-0.15706015,0.57583225,-0.59122485,-0.0767889,0.8028428,-0.0818771,-0.9845992,-0.15446866
1356095774120,0.7460434,-0.11498058,0.65589535,-0.6641385,-0.056935914,0.74543834,-0.048366934,-0.99173474,-0.11883968
1356095774160,0.64880854,-0.08078897,0.7566509,-0.76074636,-0.0457661,0.64743376,-0.017676532,-0.99568,-0.09115334
1356095774200,0.48713762,-0.057854295,0.8714068,-0.873319,-0.036037907,0.48581403,0.0032972097,-0.9976744,-0.06808069
1356095774240,0.24490294,-0.04487869,0.96850836,-0.96949697,-0.02154228,0.24415466,0.00990656,-0.9987601,-0.048785508
1356095774280,-0.036543906,-0.034864962,0.9987236,-0.9993281,-0.001519382,-0.036619097,0.002794236,-0.99939084,-0.034785986
