1356513278863,-0.25717437,0.8873811,0.38264376,0.14537337,-0.35593045,0.923136,0.955368,0.2930331,-0.037465453
1356513278890,-0.12484618,0.28552863,-0.9502036,-0.26774618,0.91247076,0.30936906,0.9553667,0.2930369,-0.037469268
1356513278918,-0.12487325,0.28548342,-0.9502136,-0.26777738,0.9124731,0.30933484,0.9553544,0.29307333,-0.03749752
1356513278948,-0.12495205,0.2852791,-0.9502647,-0.26791435,0.9124898,0.30916727,0.9553057,0.29322058,-0.037587106
1356513278993,-0.12513423,0.28462532,-0.95043665,-0.2684616,0.9125159,0.30861482,0.95512813,0.29377404,-0.037775993
1356513279031,-0.1250329,0.28294143,-0.9509527,-0.2697201,0.9126833,0.30701822,0.95478684,0.29487842,-0.03780049
1356513279071,-0.124115855,0.279979,-0.95194906,-0.2717474,0.91309786,0.30398303,0.95433146,0.2964188,-0.037246346
1356513279111,-0.12198793,0.2757885,-0.95344627,-0.27429765,0.91384035,0.29942712,0.95387626,0.29805455,-0.035829365
1356513279152,-0.11857983,0.27049166,-0.9553916,-0.27691633,0.9149968,0.29342493,0.9535492,0.2993578,-0.033596635
1356513279191,-0.114271104,0.26415873,-0.9576858,-0.27899933,0.916671,0.28613576,0.9534681,0.2998908,-0.031048894
1356513279231,-0.109532274,0.2578068,-0.95996785,-0.2801675,0.91861326,0.2786678,0.9536817,0.2994749,-0.028388739
1356513279274,-0.104747705,0.2516882,-0.96212316,-0.2805328,0.9206789,0.27138853,0.9541118,0.29833442,-0.025832176
1356513279313,-0.1003866,0.24622168,-0.96400064,-0.28033927,0.92263967,0.26485065,0.9546372,0.29683474,-0.023595035
1356513279352,-0.096819796,0.24183089,-0.9654759,-0.2797613,0.92431283,0.25957543,0.95517516,0.29523486,-0.021836817
1356513279394,-0.094207354,0.2389861,-0.9664423,-0.27871767,0.92560846,0.25605753,0.95574135,0.29348704,-0.02058947
1356513279434,-0.09252244,0.23804626,-0.9668368,-0.27699468,0.9265198,0.25462702,0.9564065,0.29136738,-0.019786358
1356513279473,-0.091627836,0.23912606,-0.9666556,-0.27473482,0.92699194,0.25535595,0.95714426,0.28897166,-0.019242048
1356513279512,-0.0912796,0.24156049,-0.9660831,-0.27228096,0.92711115,0.25754213,0.9578784,0.2865544,-0.018854022
1356513279554,-0.09151319,0.24451558,-0.9653173,-0.27013195,0.92694056,0.2604035,0.95846444,0.2845934,-0.01877582
1356513279602,-0.09245203,0.24677731,-0.9646521,-0.26858512,0.9267102,0.26281217,0.9588091,0.2833887,-0.01939553
1356513279633,-0.09417021,0.24746838,-0.96430874,-0.26764813,0.92665964,0.2639439,0.9589038,0.28295106,-0.021029294
1356513279673,-0.09672937,0.24625143,-0.964367,-0.26716843,0.92692745,0.26348916,0.95878285,0.28313556,-0.023870468
1356513279712,-0.10020292,0.2433311,-0.9647535,-0.26682863,0.92754334,0.26165974,0.95852065,0.28364295,-0.028014839
1356513279753,-0.10473729,0.23920755,-0.965303,-0.26609892,0.92850953,0.25896218,0.9582388,0.2839891,-0.033596694
1356513279793,-0.110450655,0.23441419,-0.96584195,-0.26441652,0.9298347,0.25591293,0.95806295,0.2836503,-0.04071784
1356513279832,-0.117324054,0.22930503,-0.9662578,-0.26141253,0.93153256,0.2528053,0.95807016,0.28225207,-0.049347997
1356513279902,-0.1250538,0.22418925,-0.96648884,-0.25699311,0.93356943,0.24980545,0.9582881,0.2796201,-0.059131265
1356513279912,-0.13300177,0.21944034,-0.96651775,-0.2510048,0.93593234,0.24703677,0.95880514,0.27545688,-0.06940013
1356513279950,-0.14006522,0.21609986,-0.9662726,-0.2431831,0.93849325,0.2451376,0.9598144,0.2693164,-0.07889843
1356513279991,-0.14500517,0.21586893,-0.9655951,-0.23354669,0.9408659,0.24541259,0.9614725,0.26109767,-0.08601493
1356513280032,-0.14702863,0.22049877,-0.96424204,-0.22274932,0.94241506,0.2494725,0.9637247,0.2514639,-0.08944607
1356513280073,-0.1462039,0.23095316,-0.9619174,-0.21166575,0.942544,0.2584732,0.9663447,0.24139474,-0.088918746
1356513280112,-0.14362201,0.2466713,-0.95839757,-0.20101355,0.9409783,0.27231112,0.96900266,0.23176077,-0.08556092
1356513280151,-0.14088303,0.2657055,-0.9537047,-0.19094294,0.9379339,0.28951815,0.9714385,0.22289136,-0.08140439
1356513280190,-0.13897371,0.28615075,-0.9480527,-0.18081203,0.93391806,0.30838946,0.97364944,0.2142774,-0.078050554
1356513280228,-0.13719922,0.30785167,-0.9414902,-0.1693362,0.92919713,0.32850868,0.9759619,0.2044995,-0.075354695
1356513280272,-0.1330275,0.33279315,-0.9335697,-0.15478152,0.92340827,0.3512262,0.97895163,0.19122207,-0.07132846
1356513280311,-0.12354928,0.363696,-0.923288,-0.13655958,0.9153331,0.3788361,0.9828973,0.17288876,-0.06342256
1356513280351,-0.10644575,0.40207288,-0.9093991,-0.11656049,0.9032436,0.4129948,0.98746294,0.14996153,-0.049280643
1356513280391,-0.08295072,0.44531026,-0.8915256,-0.10084841,0.88626516,0.452066,0.9914377,0.12740816,-0.028607488
1356513280431,-0.05892346,0.48579085,-0.8720867,-0.09545286,0.8668599,0.48932868,0.9936884,0.11207612,-0.00470829
1356513280471,-0.0411281,0.51601,-0.8555946,-0.10083687,0.84980345,0.5173645,0.99405247,0.10755372,0.017082036
1356513280511,-0.032666832,0.5332221,-0.84534436,-0.1127591,0.8384296,0.5332178,0.9930852,0.11273882,0.03273678
1356513280551,-0.03247106,0.539041,-0.84165347,-0.1275021,0.8329832,0.53840715,0.99130666,0.12479521,0.04168099
1356513280591,-0.037914023,0.53647983,-0.8430611,-0.14385727,0.8319492,0.53587836,0.98887193,0.14159773,0.04563397
1356513280631,-0.046232253,0.5286084,-0.84760594,-0.16188608,0.83333194,0.52853644,0.9857259,0.16165102,0.047047496
1356513280671,-0.054935843,0.5181644,-0.8535149,-0.18219426,0.8352529,0.5188044,0.98172665,0.18400645,0.04852128
1356513280712,-0.060912937,0.5084894,-0.85891104,-0.205255,0.83573735,0.5093266,0.9768112,0.20732036,0.053462803
1356513280753,-0.058849856,0.5055591,-0.8607825,-0.22971943,0.8322774,0.50452274,0.97147596,0.22742963,0.06715733
1356513280793,-0.041436523,0.51787615,-0.8544515,-0.25096047,0.8223752,0.51060534,0.9671101,0.23559123,0.095890045
1356513280833,-0.0041627735,0.5502513,-0.8349887,-0.26461107,0.80462605,0.53156173,0.9643463,0.22316001,0.1422531
1356513280902,0.047704563,0.5958532,-0.8016752,-0.272299,0.77994853,0.5635011,0.9610294,0.19141379,0.19945735
1356513280914,0.098940924,0.6392369,-0.7626183,-0.27848244,0.7535431,0.59550005,0.95533144,0.15345651,0.25257254
1356513280953,0.13302058,0.66805047,-0.7321298,-0.2837426,0.7334444,0.6176969,0.9496292,0.12557004,0.2871176
1356513280993,0.14321063,0.68042827,-0.718685,-0.2844092,0.72383416,0.62862986,0.94794625,0.1143741,0.29718077
1356513281033,0.130734,0.6816362,-0.7199171,-0.2790828,0.7220874,0.63301075,0.9513261,0.118160516,0.28463435
1356513281073,0.10095115,0.6780742,-0.7280275,-0.26874208,0.7231487,0.6362653,0.95790726,0.13141996,0.25522977
1356513281113,0.059740648,0.6757698,-0.7346878,-0.25497139,0.72191817,0.64329135,0.96510136,0.14889379,0.21542984
1356513281153,0.011920288,0.67945737,-0.73361814,-0.23866124,0.7143995,0.6577797,0.97102976,0.16724533,0.170676
1356513281193,-0.038932502,0.6919479,-0.720897,-0.2198898,0.69782656,0.68167925,0.9747476,0.18505736,0.124984145
1356513281233,-0.09001669,0.7139347,-0.694402,-0.19820255,0.67044437,0.7149966,0.9760188,0.20199391,0.08115256
1356513281273,-0.13797149,0.74536896,-0.65221846,-0.17247382,0.6303736,0.7568896,0.9753033,0.21691984,0.04158306
1356513281313,-0.17734572,0.7877742,-0.58988154,-0.14057562,0.57295907,0.80743814,0.97405696,0.22611868,0.009130001
1356513281353,-0.20049259,0.84243464,-0.50010645,-0.10090479,0.48999986,0.8658628,0.9744849,0.22406226,-0.013235629
1356513281393,-0.20004949,0.90402657,-0.37777779,-0.057291865,0.37411895,0.92560935,0.97810924,0.20681134,-0.023048878
1356513281432,-0.17603156,0.9563774,-0.23314187,-0.022207499,0.23292169,0.9722419,0.98413396,0.17632282,-0.019762814
1356513281471,-0.14195937,0.9851086,-0.09699765,-0.007018715,0.09698588,0.9952611,0.98984766,0.14196745,-0.006853819
1356513281511,-0.11512518,0.9933449,0.003488779,-0.008564621,-0.004504621,0.99995315,0.9933141,0.11508986,0.009026229
1356513281551,-0.10224521,0.9926896,0.0641354,-0.015291244,-0.06603414,0.9977002,0.99464166,0.10102928,0.021931112
1356513281591,-0.10035837,0.9905561,0.09341678,-0.019692987,-0.09585005,0.995201,0.99475646,0.098037034,0.029126346
1356513281631,-0.105373085,0.98961395,0.09777862,-0.020192087,-0.10043496,0.99473864,0.9942277,0.1028443,0.03056553
1356513281671,-0.11620581,0.9902259,0.07712814,-0.018738031,-0.07982606,0.99663264,0.9930483,0.11436933,0.027831137
1356513281711,-0.13392287,0.99064076,0.026373267,-0.019777209,-0.02927947,0.9993756,0.9907944,0.13331762,0.023513258
1356513281753,-0.15885204,0.98541355,-0.061041772,-0.030811071,0.056848884,0.99790716,0.9868215,0.16040036,0.021331131
1356513281797,-0.18676996,0.96455836,-0.18639767,-0.06521568,0.17714453,0.9820218,0.98023665,0.19556823,0.029819012
1356513281831,-0.19784254,0.9221322,-0.33246133,-0.1228537,0.31316495,0.94171906,0.9725046,0.22715619,0.05133003
1356513281902,-0.17851204,0.8811525,-0.43783987,-0.19319293,0.40493667,0.8937018,0.964785,0.24412405,0.097946346
1356513281913,-0.12978825,0.85320956,-0.5051617,-0.26020497,0.46230742,0.84768224,0.9567906,0.24146485,0.16200739
1356513281950,-0.07012394,0.83179116,-0.55064166,-0.3096461,0.50658274,0.80466974,0.9482627,0.22693062,0.22203732
1356513281991,-0.018326998,0.80506897,-0.59289795,-0.33552325,0.5536586,0.762159,0.9418536,0.21289912,0.25997245
1356513282031,0.015756816,0.7676317,-0.6406975,-0.33907217,0.6069101,0.71881163,0.9406284,0.20591655,0.26984555
1356513282071,0.030197859,0.7213089,-0.69195485,-0.32541305,0.6616509,0.6755179,0.9450897,0.20477195,0.25470376
1356513282111,0.027357846,0.6718082,-0.7402198,-0.30088055,0.7116914,0.63479614,0.9532693,0.2053511,0.22160435
1356513282151,0.010890901,0.62535155,-0.7802671,-0.27155226,0.75283825,0.59957814,0.96236205,0.20535333,0.1780147
1356513282191,-0.015539065,0.58691317,-0.8095007,-0.24319051,0.7830687,0.57241744,0.969854,0.20575778,0.13056356
1356513282231,-0.048396826,0.5603933,-0.82681143,-0.22005898,0.80145913,0.55609107,0.97428524,0.20886031,0.084531486
1356513282271,-0.08344051,0.5504645,-0.83067834,-0.20192376,0.8069532,0.5550255,0.97584033,0.21404533,0.04381925
1356513282311,-0.114950985,0.56484663,-0.81715024,-0.18278621,0.7965301,0.5763063,0.97640944,0.21561079,0.011684239
1356513282351,-0.13597135,0.61279243,-0.7784582,-0.15464668,0.76299554,0.6276322,0.9785684,0.20572603,-0.008979201
1356513282391,-0.13926671,0.6967468,-0.70366794,-0.11543235,0.69432604,0.71034265,0.983504,0.18015316,-0.016269326
1356513282431,-0.12232548,0.79912585,-0.58858675,-0.07543349,0.5838392,0.80835736,0.9896193,0.14328185,-0.011137545
1356513282471,-0.09572244,0.8840753,-0.4574364,-0.050382406,0.4546545,0.8892417,0.99413216,0.10816714,0.0010212064
1356513282512,-0.07674578,0.9330179,-0.35155043,-0.043164194,0.34915063,0.9360719,0.9961159,0.08701393,0.013477087
1356513282551,-0.072585374,0.9542846,-0.28995198,-0.044940293,0.28729418,0.95678747,0.99634916,0.08247933,0.02203244
1356513282592,-0.07979378,0.9598645,-0.2688737,-0.04885164,0.2656441,0.9628326,0.9956136,0.08996302,0.025694251
1356513282631,-0.093592346,0.9547602,-0.28226474,-0.053515434,0.278275,0.9590094,0.99417126,0.1048615,0.025049984
1356513282671,-0.11148423,0.93776786,-0.32888108,-0.061674446,0.3237772,0.94412106,0.99185055,0.12553817,0.021740258
1356513282711,-0.1320849,0.90324163,-0.4082991,-0.07906321,0.4009956,0.9126618,0.98808026,0.15283027,0.018447697
1356513282751,-0.14980453,0.84585404,-0.5119467,-0.11224154,0.49989343,0.858783,0.9823239,0.18611133,0.020053685
1356513282791,-0.15256542,0.77387685,-0.6146858,-0.16178626,0.59401953,0.788014,0.97496116,0.21967131,0.03457576
1356513282832,-0.12813467,0.7137861,-0.6885426,-0.21762493,0.6571081,0.72169816,0.9675851,0.2423186,0.071139336
1356513282900,-0.07507759,0.6848923,-0.7247662,-0.26733997,0.6863856,0.6763167,0.96067315,0.24453516,0.13156688
1356513282913,-0.0060729682,0.67822826,-0.7348261,-0.30507123,0.69855165,0.64726895,0.9523101,0.22810519,0.20266569
1356513282952,0.05813229,0.6688527,-0.7411186,-0.32826704,0.71389866,0.61853814,0.9427945,0.20732777,0.26106286
1356513282992,0.10347186,0.6451612,-0.7570076,-0.33486468,0.73925805,0.58426297,0.9365678,0.19304037,0.2925341
1356513283032,0.1258132,0.60694575,-0.78472155,-0.3260638,0.77236015,0.5451075,0.93693835,0.18728754,0.29507613
1356513283072,0.12698959,0.56086946,-0.81810707,-0.30640623,0.80662745,0.50543785,0.9433922,0.18648775,0.27428716
1356513283112,0.11104874,0.515536,-0.8496416,-0.28179118,0.83617604,0.47053522,0.9530278,0.18716915,0.2381298
1356513283152,0.082367375,0.4794992,-0.8736682,-0.25739124,0.8571402,0.4461618,0.96279037,0.18812536,0.19401926
1356513283192,0.044758044,0.46025193,-0.88665944,-0.23613882,0.8672714,0.43826777,0.97068805,0.1897587,0.1475007
1356513283232,0.0013589561,0.46494976,-0.885336,-0.21783116,0.8642143,0.45352298,0.97598547,0.19223748,0.10245496
1356513283272,-0.044392437,0.50239044,-0.8635005,-0.1982674,0.8427286,0.5004982,0.97914207,0.19342235,0.06219685
1356513283312,-0.087102175,0.5858164,-0.8057497,-0.16938765,0.7883365,0.59146714,0.9816931,0.18800208,0.030564189
1356513283352,-0.11688848,0.7248727,-0.6788938,-0.123704046,0.6676296,0.73414445,0.9854108,0.16979489,0.011631429
1356513283392,-0.11898768,0.8861457,-0.44787005,-0.06799099,0.44274384,0.8940666,0.99056506,0.13683406,0.007568896
1356513283432,-0.092103064,0.98287344,-0.1596148,-0.030401617,0.15744579,0.98705953,0.9952853,0.09576374,0.015379727
1356513283472,-0.06118816,0.9955952,0.071035564,-0.022732973,-0.07254052,0.9971063,0.9978673,0.059396267,0.027071536
1356513283512,-0.044546604,0.9765678,0.21054891,-0.026120484,-0.21182466,0.9769585,0.9986658,0.03802058,0.034944504
1356513283552,-0.042113125,0.95732003,0.28594548,-0.025203884,-0.28712624,0.95756114,0.99879485,0.033118933,0.036219984
1356513283592,-0.048965037,0.94590676,0.32072216,-0.017122298,-0.32185507,0.94663405,0.9986537,0.040860504,0.03195578
1356513283632,-0.063040674,0.9452051,0.32033303,-0.0044310093,-0.3212334,0.9469898,0.9980012,0.058279425,0.024438947
1356513283672,-0.08640391,0.9582536,0.2725516,0.0078105927,-0.2729147,0.96200657,0.9962296,0.08524993,0.016096383
1356513283712,-0.122953475,0.9818937,0.14410841,0.008056819,-0.14421785,0.9895132,0.9923798,0.122825086,0.009821147
1356513283753,-0.16784477,0.9796372,-0.11017737,-0.02881819,0.10683924,0.9938586,0.9853921,0.16998902,0.010298908
1356513283793,-0.18524319,0.87662756,-0.44408247,-0.11870992,0.42863202,0.89564645,0.9754963,0.21862933,0.02466315
1356513283832,-0.14648223,0.71739125,-0.68109673,-0.21706674,0.64843184,0.7296699,0.9651037,0.25472707,0.060738027
1356513283902,-0.072799936,0.61293894,-0.7867693,-0.28304565,0.74373025,0.6055993,0.9563395,0.26677924,0.1193462
1356513283912,0.013005376,0.56554234,-0.8246168,-0.31740424,0.7843697,0.53293407,0.9482012,0.2548058,0.18970656
1356513283949,0.0955143,0.5329889,-0.8407138,-0.32875344,0.8140754,0.47875085,0.93957335,0.23066005,0.2529778
1356513283991,0.16148604,0.48796898,-0.8577928,-0.32208484,0.84766585,0.4215732,0.93283635,0.20820388,0.2940536
1356513284031,0.20285386,0.4218493,-0.8836817,-0.30242854,0.8853153,0.35320503,0.9313362,0.1956016,0.3071689
1356513284071,0.21751696,0.339093,-0.91526073,-0.27688488,0.92062837,0.27527833,0.93596,0.19354416,0.294142
1356513284111,0.2090674,0.25114483,-0.9451017,-0.25400555,0.9472339,0.19552249,0.94433683,0.19918367,0.2618279
1356513284151,0.18426886,0.17007074,-0.9680501,-0.24017811,0.96284854,0.12343886,0.953079,0.20975849,0.2182703
1356513284191,0.15014741,0.10440708,-0.9831352,-0.23660949,0.96930563,0.06680268,0.95993316,0.22258887,0.17024243
1356513284231,0.11234403,0.059337318,-0.9918961,-0.23942158,0.97042274,0.0309354,0.96439415,0.23400593,0.123227835
1356513284290,0.074699044,0.037693158,-0.99649346,-0.2415495,0.9702104,0.018591985,0.96750903,0.2393137,0.08157855
1356513284311,0.03995484,0.04213251,-0.9983129,-0.23456617,0.97158587,0.03161663,0.97127885,0.23290718,0.04870242
1356513284351,0.011305094,0.07786577,-0.99689984,-0.21126011,0.97464496,0.07373174,0.97736454,0.2097716,0.027468383
1356513284388,-0.0065508783,0.15420525,-0.98801714,-0.17079885,0.9733468,0.15304802,0.98528415,0.16975479,0.019961834
1356513284432,-0.008587632,0.2774659,-0.96069705,-0.12153853,0.9533202,0.27642173,0.99254954,0.119135514,0.02553606
1356513284471,0.0027621165,0.42886603,-0.9033638,-0.0813071,0.9004727,0.42724487,0.99668527,0.0722698,0.037357092
1356513284511,0.01672995,0.5633077,-0.82607776,-0.060227573,0.82526094,0.56153095,0.99804443,0.040358305,0.047733247
1356513284551,0.022973359,0.65103596,-0.7586992,-0.053948224,0.758601,0.6493182,0.99827945,0.026013434,0.05254984
1356513284591,0.019738406,0.69289386,-0.7207694,-0.05432132,0.7205882,0.69123214,0.99832845,0.025509298,0.05186218
1356513284631,0.009326041,0.6985873,-0.71546406,-0.058256924,0.71465945,0.69704235,0.99825805,0.03518012,0.047362506
1356513284671,-0.0061787665,0.67432153,-0.7384119,-0.06753391,0.7364588,0.673103,0.99769783,0.054026842,0.04098922
1356513284711,-0.02455841,0.6245512,-0.7805976,-0.08646354,0.77658015,0.6240571,0.9959523,0.082819104,0.034929335
1356513284751,-0.041396365,0.5578432,-0.82891333,-0.119238645,0.8209371,0.55843025,0.99200225,0.12195547,0.032532632
1356513284791,-0.04846272,0.4907553,-0.8699486,-0.16505054,0.8550637,0.49155298,0.9850937,0.16740748,0.039560676
1356513284831,-0.03577023,0.44173923,-0.89643,-0.21398506,0.8728143,0.4386406,0.97618175,0.20751293,0.06330484
1356513284902,0.002344966,0.41788283,-0.9084979,-0.2515327,0.87953734,0.4039126,0.96784604,0.22756977,0.10717368
1356513284914,0.06259055,0.41150278,-0.90925676,-0.26775652,0.884568,0.3818978,0.9614515,0.21955621,0.16554815
1356513284952,0.126549,0.40078172,-0.90739155,-0.26533774,0.89509004,0.35834306,0.9558145,0.19541721,0.21961528
1356513284992,0.17638707,0.3774376,-0.9090811,-0.2499076,0.91047174,0.32952595,0.9520682,0.16906217,0.25491995
1356513285033,0.2010991,0.338212,-0.9193323,-0.23010476,0.9285544,0.2912705,0.95216125,0.15296847,0.26455563
1356513285072,0.19982481,0.28830424,-0.93645644,-0.21294656,0.9456665,0.2457003,0.95641196,0.15031818,0.25036103
1356513285112,0.17876893,0.2357617,-0.9552268,-0.20244238,0.9589068,0.19878328,0.962839,0.15784207,0.2191509
1356513285153,0.14616784,0.18803889,-0.97122407,-0.19977382,0.9671522,0.15718485,0.9688784,0.17104979,0.17893177
1356513285193,0.10860753,0.15006465,-0.9826928,-0.20341861,0.97097725,0.1257937,0.97304946,0.18623585,0.13598138
1356513285233,0.07041484,0.12477243,-0.9896836,-0.20992279,0.9717814,0.10757968,0.9751791,0.20018193,0.09462041
1356513285272,0.034374982,0.11416004,-0.9928675,-0.21545264,0.9709412,0.104179546,0.9759092,0.21033473,0.057972193
1356513285313,0.0025648773,0.120069906,-0.992762,-0.21597211,0.96940196,0.11668664,0.976396,0.21410966,0.028418124
1356513285352,-0.022902787,0.14507061,-0.9891562,-0.20650333,0.96739197,0.14666,0.97817785,0.20762298,0.0078015924
1356513285392,-0.03891444,0.19283126,-0.9804599,-0.18251349,0.9633254,0.1967053,0.98243284,0.18660186,-0.0022929907
1356513285433,-0.041222427,0.26772043,-0.96261436,-0.1446038,0.9516913,0.27087495,0.9886306,0.15036382,-5.1766634E-4
1356513285472,-0.028131459,0.3674466,-0.9296191,-0.103074774,0.92396337,0.36833027,0.9942757,0.10618195,0.011882007
1356513285513,-0.006432615,0.47355968,-0.8807382,-0.07352947,0.8781482,0.47270408,0.9972723,0.06780091,0.029171765
1356513285553,0.010538578,0.56028545,-0.82823265,-0.06307115,0.82700175,0.55865026,0.9979534,0.04635015,0.044053257
1356513285592,0.0152113885,0.6163256,-0.78734446,-0.06617811,0.78632957,0.6142526,0.99769187,0.042761326,0.05274844
1356513285632,0.008842409,0.64575005,-0.7634977,-0.07508525,0.76180077,0.64344525,0.9971379,0.0516378,0.05522245
1356513285673,-0.00484249,0.65611243,-0.75464755,-0.086401075,0.75155973,0.6539823,0.99624866,0.06836927,0.053049386
1356513285713,-0.023439094,0.6532037,-0.75681937,-0.10096604,0.75161,0.6518346,0.99461377,0.091691464,0.04833436
1356513285753,-0.045517832,0.6411847,-0.7660353,-0.12180486,0.7575463,0.6413168,0.9915097,0.122498244,0.043617606
1356513285793,-0.06798087,0.6246613,-0.77793115,-0.15138164,0.76424855,0.6269033,0.98613507,0.16038188,0.042607963
1356513285832,-0.083578974,0.61053723,-0.7875651,-0.18920219,0.76623166,0.6140778,0.9783747,0.20033304,0.051474094
1356513285902,-0.08101991,0.60672635,-0.790771,-0.22877292,0.7608777,0.6072298,0.9701024,0.23010471,0.077156305
1356513285911,-0.052483216,0.61592555,-0.78605425,-0.26146957,0.75120336,0.6060753,0.96378374,0.23733805,0.12162024
1356513285951,-0.0031128675,0.63109446,-0.77569973,-0.2830608,0.7434224,0.60597014,0.9590969,0.22145647,0.17632395
1356513285991,0.050990477,0.64287627,-0.7642709,-0.29423034,0.7409714,0.6036472,0.95437336,0.1940914,0.22693616
1356513286031,0.09173906,0.646823,-0.7571024,-0.29731804,0.7434197,0.5991069,0.9503609,0.1701387,0.26051277
1356513286071,0.107000396,0.64416355,-0.7573666,-0.29505986,0.7479969,0.5945084,0.94946855,0.15985587,0.2701028
1356513286111,0.095036805,0.639064,-0.76325953,-0.28954703,0.75132585,0.59301937,0.95243394,0.16464092,0.25644273
1356513286153,0.06181377,0.63537824,-0.7697229,-0.28169647,0.75095075,0.5972604,0.9575103,0.1799094,0.22540295
1356513286192,0.016052991,0.6358562,-0.7716406,-0.27161467,0.74549294,0.6086591,0.9622722,0.19981809,0.18467528
1356513286232,-0.034224734,0.6421195,-0.76584005,-0.2586375,0.7344939,0.62739563,0.9653679,0.21954748,0.14093834
1356513286273,-0.08242032,0.6554646,-0.750715,-0.24133146,0.7177317,0.65316176,0.96693635,0.23500496,0.09902859
1356513286312,-0.12289925,0.6775681,-0.7251189,-0.2180935,0.6943565,0.6857874,0.9681586,0.24242641,0.062437296
1356513286352,-0.15014988,0.7105117,-0.68747944,-0.18791726,0.66217625,0.7254031,0.97064,0.2381085,0.03409177
1356513286392,-0.1584729,0.7562287,-0.6348263,-0.15186161,0.6166326,0.77246505,0.9756148,0.21882057,0.017122626
1356513286433,-0.1434235,0.8135515,-0.56352794,-0.11516118,0.5518271,0.825969,0.9829383,0.18335986,0.014544547
1356513286473,-0.1076833,0.87425816,-0.47336784,-0.087037414,0.46601808,0.8804838,0.9903681,0.13601404,0.025910735
1356513286512,-0.064239234,0.92541695,-0.3734661,-0.07356802,0.3688291,0.92658126,0.9952191,0.086997986,0.044387758
1356513286553,-0.02966693,0.95987594,-0.27885133,-0.071051955,0.2762433,0.95845777,0.9970314,0.048247397,0.060005784
1356513286593,-0.012565076,0.9797399,-0.19987956,-0.070409894,0.19853228,0.97756195,0.997439,0.026356667,0.06648886
1356513286632,-0.011551768,0.99019027,-0.13924694,-0.0657247,0.13820323,0.9882207,0.9977709,0.020567656,0.06348348
1356513286673,-0.022271097,0.99498963,-0.09746641,-0.056268662,0.09608847,0.9937811,0.99816734,0.027616829,0.053846717
1356513286713,-0.04250449,0.9960708,-0.077693015,-0.044446528,0.07580119,0.9961318,0.9981071,0.045793295,0.041050076
1356513286753,-0.072375834,0.9935775,-0.08697918,-0.034662098,0.0846495,0.9958077,0.9967749,0.07508737,0.028312922
1356513286793,-0.11277363,0.9842744,-0.13596305,-0.034552425,0.1328685,0.9905312,0.9930197,0.1164037,0.019025028
1356513286832,-0.1569261,0.96012676,-0.23136735,-0.05509463,0.22539437,0.9727086,0.9860724,0.16539046,0.01752752
1356513286902,-0.1885548,0.91426086,-0.3585724,-0.10429689,0.34441438,0.9330064,0.97650874,0.21332076,0.030413568
1356513286912,-0.18489423,0.85538036,-0.48387873,-0.17219788,0.45655283,0.8728731,0.9675547,0.24471205,0.062880635
1356513286950,-0.14030412,0.8050654,-0.57635456,-0.23492646,0.5384203,0.80926704,0.9618339,0.24894437,0.11358851
1356513286991,-0.070464045,0.77168214,-0.63209295,-0.27831423,0.5932952,0.75534225,0.95790184,0.22914493,0.17296416
1356513287031,0.0017443895,0.74362576,-0.6685937,-0.3016815,0.6378353,0.7086285,0.9534071,0.20046628,0.22545081
1356513287071,0.058486998,0.705415,-0.70637727,-0.30758703,0.68589777,0.65949565,0.94972074,0.17870058,0.2570926
1356513287111,0.09203802,0.64857125,-0.75556886,-0.29878405,0.7418131,0.60036767,0.94987214,0.17049527,0.26205772
1356513287151,0.1031286,0.57354665,-0.8126553,-0.28078967,0.8005689,0.5293833,0.95421255,0.17359067,0.24360752
1356513287191,0.09683901,0.48690873,-0.868068,-0.26156956,0.85395986,0.44981542,0.9603143,0.1835005,0.21005714
1356513287231,0.079442136,0.39735886,-0.9142182,-0.247632,0.8962347,0.36802417,0.96559167,0.19715303,0.16959757
1356513287271,0.056890965,0.31363687,-0.94783723,-0.24105397,0.9256022,0.29181084,0.96884286,0.21187851,0.1282618
1356513287311,0.033700377,0.24310935,-0.9694133,-0.23957741,0.9436487,0.22831953,0.9702922,0.22455508,0.0900448
1356513287351,0.012622446,0.19217645,-0.98127925,-0.23803343,0.9537232,0.1837179,0.97117496,0.2312583,0.05778277
1356513287392,-0.0048775375,0.16824992,-0.9857323,-0.22923653,0.95930564,0.16487359,0.9733585,0.22677003,0.03389001
1356513287432,-0.017691076,0.18229897,-0.983084,-0.20648696,0.9613756,0.1819893,0.9782894,0.20621361,0.020634592
1356513287472,-0.024068445,0.25408694,-0.9668818,-0.16814297,0.95235527,0.2544551,0.9854687,0.16869874,0.0198012
1356513287512,-0.021777697,0.40754324,-0.9129262,-0.12273775,0.90514547,0.40699768,0.99220014,0.12091397,0.030308962
1356513287553,-0.011654347,0.6262417,-0.77954185,-0.08840513,0.77589667,0.624635,0.9960164,0.07619521,0.04632044
1356513287592,-0.0027187765,0.81075716,-0.5853764,-0.076251656,0.5835061,0.80852103,0.99708486,0.04683414,0.060235143
1356513287632,-0.002972722,0.90068173,-0.43446922,-0.07671481,0.43298542,0.89813054,0.9970486,0.036000133,0.06780851
1356513287672,-0.009955019,0.92359424,-0.38324225,-0.07856271,0.38135406,0.92108476,0.99685955,0.03927794,0.06876367
1356513287712,-0.017546445,0.8947984,-0.44612533,-0.080874234,0.44346187,0.8926371,0.9965698,0.051742673,0.06458497
1356513287753,-0.018930212,0.77152705,-0.6359147,-0.0897381,0.6321506,0.7696315,0.9957855,0.0716351,0.05726868
1356513287792,-0.0060908794,0.49308783,-0.86995816,-0.11057721,0.8643069,0.49065894,0.9938488,0.09918612,0.0492599
1356513287832,0.017819403,0.1873211,-0.9821371,-0.14094755,0.9729544,0.1830124,0.9898567,0.13516864,0.043739915
1356513287902,0.04534182,0.008522861,-0.9989352,-0.17697081,0.9842161,3.6453456E-4,0.9831712,0.17676583,0.046134472
1356513287910,0.07889488,-0.055921227,-0.9953132,-0.2094922,0.9752002,-0.07139689,0.9746223,0.21414322,0.06522322
1356513287951,0.12067342,-0.06649973,-0.99046236,-0.22486317,0.9699878,-0.09252137,0.9668891,0.23388338,0.102098405
1356513287991,0.16945064,-0.048830107,-0.98432827,-0.21567549,0.972725,-0.08538271,0.9616499,0.22676364,0.15429741
1356513288031,0.2181603,-0.03175746,-0.9753961,-0.18778074,0.9794279,-0.07388839,0.9576766,0.19928011,0.20770884
1356513288071,0.25512046,-0.03566582,-0.9662512,-0.15380473,0.9850988,-0.076970756,0.9545981,0.16825084,0.24583328
1356513288111,0.2717991,-0.067130476,-0.9600098,-0.12316668,0.98693365,-0.10388428,0.95443976,0.14647686,0.25997943
1356513288151,0.26752675,-0.11878683,-0.95620024,-0.10091363,0.9834603,-0.15040699,0.95825136,0.13673154,0.25111473
1356513288191,0.24792498,-0.17699543,-0.9524736,-0.08977628,0.9747406,-0.20450166,0.9646105,0.13621062,0.22577256
1356513288231,0.22027779,-0.22996518,-0.9479418,-0.0905965,0.96278834,-0.25461918,0.97122085,0.14196715,0.19124687
1356513288271,0.19020945,-0.27061397,-0.94370997,-0.102051735,0.95060146,-0.2931592,0.97642505,0.1520689,0.15319675
1356513288311,0.16058034,-0.29595155,-0.94160855,-0.12107531,0.94087774,-0.3163698,0.9795686,0.1648083,0.115254045
1356513288351,0.1321663,-0.30461574,-0.94326097,-0.14314626,0.9357681,-0.32225317,0.9808369,0.17761528,0.0800724
1356513288391,0.1045835,-0.29511553,-0.94972056,-0.16180004,0.93718535,-0.3090378,0.9812661,0.18598509,0.050264418
1356513288451,0.077261984,-0.26390338,-0.9614497,-0.16928604,0.94685745,-0.2735018,0.9825339,0.18389133,0.028480947
1356513288471,0.05097744,-0.20005511,-0.97845757,-0.15969022,0.96549296,-0.20572418,0.9858501,0.16673738,0.017271519
1356513288511,0.02883014,-0.0768535,-0.99662554,-0.1335582,0.9878038,-0.08003677,0.99062157,0.13541499,0.018214107
1356513288548,0.014424383,0.14554459,-0.9892464,-0.10264674,0.98433805,0.14332572,0.99461323,0.099475555,0.029138148
1356513288592,0.00728032,0.45002398,-0.8929868,-0.08429113,0.89010835,0.4478862,0.99641454,0.07201013,0.04441327
1356513288631,-0.0014799088,0.69765985,-0.7164277,-0.08370271,0.71382785,0.69530106,0.99648964,0.060995966,0.05733961
1356513288671,-0.016959012,0.82375544,-0.56669164,-0.09019244,0.56320214,0.82138216,0.99578,0.065041125,0.06474513
1356513288711,-0.037358046,0.87763315,-0.4778749,-0.09565115,0.47287256,0.87592375,0.99471366,0.07843211,0.06628102
1356513288751,-0.060790002,0.89795053,-0.43587765,-0.09920356,0.42908794,0.89779854,0.9932085,0.09781784,0.06299567
1356513288792,-0.087352246,0.9002012,-0.42662302,-0.103746265,0.4177105,0.9026376,0.99076045,0.12310806,0.056904614
1356513288831,-0.1172927,0.8901582,-0.44029635,-0.11401239,0.42835522,0.8963889,0.9865311,0.15533912,0.051246107
1356513288901,-0.1479384,0.8724543,-0.4657657,-0.13488415,0.44874826,0.88342017,0.9797553,0.1935162,0.051293194
1356513288914,-0.17044166,0.8572038,-0.48595408,-0.1683299,0.46059158,0.87150466,0.9708835,0.23034129,0.065789044
1356513288952,-0.17417493,0.8563898,-0.4860651,-0.20790583,0.45050105,0.8682303,0.9625165,0.25227982,0.09958255
1356513288992,-0.15291291,0.87633395,-0.45678937,-0.24765015,0.41349602,0.87617946,0.9567064,0.24710307,0.1537953
1356513289033,-0.11446124,0.9059459,-0.40762824,-0.28326085,0.3635285,0.8874741,0.95218796,0.21704644,0.21500903
1356513289073,-0.07468152,0.9321064,-0.3544016,-0.3100256,0.3160801,0.896648,0.9477905,0.17683655,0.26537144
1356513289113,-0.047546923,0.94953215,-0.310045,-0.32289007,0.2791208,0.90434146,0.94524133,0.14310908,0.29332322
1356513289153,-0.03928888,0.9594725,-0.27905005,-0.3190531,0.2526014,0.9134537,0.9469221,0.12492037,0.29619825
1356513289193,-0.04885578,0.9648521,-0.25821218,-0.29965115,0.23245353,0.925297,0.95279706,0.12257972,0.27776235
1356513289233,-0.07148564,0.96780866,-0.24132144,-0.2690639,0.21426088,0.93898714,0.96046567,0.13205504,0.2450859
1356513289273,-0.102243006,0.9692645,-0.22376946,-0.23219287,0.19548106,0.9528241,0.9672812,0.14937726,0.20506972
1356513289312,-0.13699734,0.9695268,-0.20309976,-0.19254476,0.17505884,0.96554697,0.97167814,0.17138311,0.1626947
1356513289353,-0.17177975,0.96908736,-0.17709145,-0.15217444,0.15150326,0.9766728,0.9733112,0.1947214,0.12144512
1356513289393,-0.201698,0.96918577,-0.14141065,-0.11221641,0.12056053,0.9863431,0.9729982,0.21481198,0.0844416
1356513289432,-0.21981293,0.9715244,-0.088445276,-0.07307464,0.07401031,0.99457663,0.9728013,0.22508389,0.05472541
1356513289473,-0.21786457,0.9759324,-0.009539634,-0.036296666,0.0016656518,0.9993397,0.9753039,0.21806696,0.035060167
1356513289512,-0.19201356,0.97677237,0.09511396,-0.008868575,-0.09864044,0.9950837,0.9813522,0.19022599,0.027602851
1356513289553,-0.15018308,0.9665657,0.20783588,-8.446276E-4,-0.2103455,0.9776268,0.98865783,0.14664748,0.032406688
1356513289592,-0.11067432,0.9464227,0.30337307,-0.011508912,-0.30644828,0.95181775,0.99379003,0.1018503,0.04480824
1356513289632,-0.086299896,0.9248699,0.37036183,-0.02745831,-0.3738156,0.9270965,0.99589074,0.06983885,0.057655632
1356513289673,-0.07752186,0.9074958,0.4128459,-0.037297964,-0.41644204,0.90839696,0.99629277,0.05502227,0.066131055
1356513289713,-0.07881236,0.89539576,0.43824103,-0.03814307,-0.44199508,0.89620614,0.99615955,0.053916246,0.06898779
1356513289753,-0.08586621,0.8889444,0.4498943,-0.031273514,-0.4537444,0.8905829,0.99581575,0.062401205,0.06676173
1356513289793,-0.097464204,0.88968796,0.4460449,-0.019254982,-0.4497804,0.8929316,0.9950527,0.07844028,0.06096846
1356513289833,-0.115492284,0.90052116,0.41919345,-0.0053607523,-0.4225763,0.9063115,0.99329394,0.10242486,0.053631812
1356513289903,-0.1428616,0.92428255,0.35396647,0.003261745,-0.35719323,0.9340248,0.9897373,0.13459086,0.048014432
1356513289912,-0.17897755,0.95707047,0.22799838,-0.008481652,-0.23323256,0.97238404,0.9838166,0.17210108,0.049860954
1356513289950,-0.20801306,0.97753274,0.034062892,-0.05864063,-0.047225177,0.9971615,0.97636664,0.20542517,0.0671466
1356513289991,-0.20200294,0.96393573,-0.17327061,-0.14071238,0.14651746,0.979149,0.96922386,0.22217229,0.106040716
1356513290032,-0.15545112,0.9349201,-0.31899738,-0.2220085,0.28159773,0.9334961,0.9625732,0.21593323,0.16378552
1356513290071,-0.090150714,0.91329026,-0.3972074,-0.28256288,0.35898745,0.8895427,0.95500314,0.19242898,0.22569895
1356513290113,-0.027891666,0.8950047,-0.44518402,-0.31822258,0.41423723,0.8527262,0.9476057,0.16545153,0.2732569
1356513290152,0.019092262,0.8692953,-0.4939242,-0.32916135,0.47193933,0.81787896,0.94408065,0.1469656,0.2951488
1356513290192,0.04611957,0.8302896,-0.55542076,-0.31933987,0.53909034,0.77936107,0.94651735,0.14142418,0.29000717
1356513290232,0.05308488,0.77804124,-0.6259663,-0.29702199,0.6107813,0.7339783,0.95339394,0.14696255,0.26351857
1356513290273,0.042608917,0.71726376,-0.6954978,-0.27181572,0.6781939,0.68276584,0.9614056,0.15995532,0.22386068
1356513290313,0.01894541,0.6558391,-0.75466293,-0.2506366,0.7338127,0.6314271,0.9678958,0.17718357,0.1782797
1356513290352,-0.013004467,0.60427606,-0.7966689,-0.23536664,0.77249956,0.5897856,0.97181964,0.19517913,0.13218051
1356513290392,-0.049079835,0.57447314,-0.8170507,-0.22301951,0.7910798,0.5696095,0.97357774,0.21017459,0.089292645
1356513290432,-0.08667131,0.5815581,-0.8088747,-0.20722672,0.78364635,0.58562404,0.97444606,0.21837725,0.05259472
1356513290472,-0.12355743,0.64635986,-0.75296247,-0.17840745,0.7319441,0.657593,0.97616816,0.21558465,0.024878263
1356513290512,-0.1532683,0.78788155,-0.596449,-0.12509286,0.58325565,0.80259866,0.980235,0.1976245,0.009163737
1356513290552,-0.1550484,0.94990903,-0.2713539,-0.051760018,0.2664872,0.96244764,0.98655003,0.16327119,0.007848859
1356513290593,-0.11952466,0.9868004,0.10926533,-0.0067945123,-0.11086476,0.9938123,0.992808,0.11804271,0.019955814
1356513290632,-0.08409721,0.93347466,0.34864438,-0.00971213,-0.3506351,0.9364619,0.99641025,0.07536772,0.038553357
1356513290673,-0.067842424,0.88442874,0.46171772,-0.026936203,-0.46423894,0.8853003,0.99733233,0.047623992,0.055318236
1356513290713,-0.06635362,0.85650086,0.51186264,-0.03684789,-0.51474667,0.8565501,0.9971155,0.03797418,0.065715596
1356513290753,-0.07274914,0.84379363,0.53171396,-0.036193818,-0.535009,0.8440707,0.99669325,0.04216063,0.0694616
1356513290793,-0.08358538,0.8435617,0.53048766,-0.027826011,-0.5341188,0.8449514,0.996112,0.055864245,0.068117484
1356513290832,-0.0992831,0.8594924,0.5014136,-0.015966833,-0.5052144,0.86284614,0.9949311,0.077660054,0.06388265
1356513290901,-0.12308347,0.8996693,0.41886237,-0.007964224,-0.4229536,0.90611637,0.9923644,0.108192,0.05922374
1356513290914,-0.15741634,0.9629111,0.21914008,-0.022985071,-0.22541922,0.97399074,0.9872649,0.14828509,0.057617217
1356513290952,-0.17936426,0.9693518,-0.16788572,-0.094109714,0.15296412,0.98374057,0.9792711,0.19224754,0.06378907
1356513290992,-0.14437756,0.81419516,-0.5623534,-0.19946885,0.53269434,0.8224651,0.96920955,0.23091751,0.0854975
1356513291032,-0.07243045,0.655626,-0.75160396,-0.27213538,0.71199816,0.64730287,0.95952916,0.2514224,0.1268487
1356513291073,0.002553299,0.58784187,-0.8089719,-0.3071431,0.7703321,0.55879474,0.95166004,0.24704328,0.18251842
1356513291113,0.07181911,0.5648144,-0.82208675,-0.3174497,0.7942996,0.5179902,0.94555146,0.22376965,0.23634607
1356513291153,0.12816681,0.5385666,-0.83277804,-0.30862412,0.819669,0.4825907,0.9425096,0.19516328,0.27126896
1356513291192,0.16522968,0.48788014,-0.85713005,-0.28386006,0.855826,0.43241793,0.9445224,0.17185676,0.27989757
1356513291232,0.18061236,0.4127016,-0.89278024,-0.2500981,0.89714295,0.36412275,0.9512256,0.15751761,0.26525098
1356513291272,0.17647827,0.32518855,-0.9290359,-0.21767212,0.9333752,0.28535876,0.9599345,0.15186563,0.23550493
1356513291313,0.15823686,0.24080503,-0.9575876,-0.19480315,0.95835835,0.20880854,0.9679942,0.1534999,0.1985572
1356513291352,0.13192168,0.17178284,-0.976262,-0.18379624,0.9720308,0.14620204,0.97407174,0.16014604,0.159805
1356513291392,0.101932675,0.12456413,-0.9869618,-0.1822864,0.9776696,0.104564965,0.97794753,0.16925111,0.12236279
1356513291432,0.07059878,0.103456736,-0.99212533,-0.18653545,0.9784309,0.08875501,0.9799084,0.17880052,0.08837438
1356513291472,0.03889337,0.11328927,-0.9928005,-0.19171491,0.97594035,0.10385484,0.98067963,0.18629542,0.059676886
1356513291512,0.007148478,0.16533168,-0.98621213,-0.1907442,0.96835434,0.16095532,0.98161376,0.18696366,0.038458347
1356513291552,-0.023837414,0.2838815,-0.958563,-0.17544124,0.9427675,0.28356642,0.98420125,0.17493097,0.027331412
1356513291592,-0.050351977,0.50290686,-0.8628728,-0.14167126,0.85163563,0.5046246,0.9886324,0.14765312,0.02836591
1356513291632,-0.061640367,0.78083557,-0.62168825,-0.10001373,0.6149056,0.7822329,0.9930749,0.11039451,0.040191293
1356513291672,-0.054215103,0.94795287,-0.31376135,-0.07700029,0.30931887,0.9478359,0.995556,0.07554677,0.056222916
1356513291712,-0.045871645,0.99171996,-0.11994779,-0.07450548,0.11634323,0.9904107,0.99616504,0.054368496,0.06855166
1356513291753,-0.04536158,0.99764407,-0.05146563,-0.07596874,0.04792446,0.99595785,0.9960779,0.04908797,0.07361579
1356513291796,-0.0508492,0.99632525,-0.06892222,-0.07551476,0.06497824,0.9950253,0.9958473,0.055800885,0.07193315
1356513291831,-0.058535248,0.986117,-0.15539303,-0.07601556,0.15080509,0.9856366,0.9953871,0.069506735,0.066132784
1356513291900,-0.0681631,0.9482987,-0.3099732,-0.08277306,0.30424935,0.9489894,0.99423456,0.090343446,0.057754993
1356513291913,-0.0763762,0.8488153,-0.52314353,-0.10415822,0.51501334,0.8508303,0.99162376,0.11947289,0.04907632
1356513291952,-0.07588641,0.68199956,-0.72740483,-0.14349034,0.714446,0.6848192,0.98673797,0.15634403,0.043643594
1356513291992,-0.061923698,0.5128467,-0.85624397,-0.19398485,0.8353468,0.5143594,0.97904825,0.19794936,0.04775673
1356513292032,-0.030615062,0.40019405,-0.915919,-0.2419195,0.8861369,0.3952676,0.9698133,0.23367977,0.06968564
1356513292072,0.01944381,0.3492161,-0.9368404,-0.27408493,0.9029829,0.33090684,0.96150887,0.25033978,0.11327231
1356513292112,0.08285853,0.3312772,-0.9398882,-0.28479046,0.9116715,0.2962253,0.955002,0.24312639,0.16988432
1356513292152,0.14536193,0.31452778,-0.9380523,-0.27679965,0.92318964,0.2666511,0.9498694,0.22089164,0.2212578
1356513292192,0.19174048,0.28116092,-0.94031066,-0.25700006,0.9390397,0.22837555,0.9471993,0.19787103,0.25231028
1356513292232,0.21447778,0.22982958,-0.9493037,-0.2325545,0.9559869,0.17890617,0.9486398,0.18239346,0.25848585
1356513292272,0.21481577,0.16838168,-0.96203,-0.20941196,0.97005737,0.12302619,0.9539396,0.17503265,0.24364477
1356513292312,0.19921565,0.10680224,-0.97411823,-0.19186129,0.97905606,0.06810632,0.9609903,0.17332776,0.21553451
1356513292352,0.17476654,0.052568413,-0.98320556,-0.18201494,0.9830881,0.020208642,0.96764004,0.17542632,0.18137914
1356513292392,0.14670399,0.009718485,-0.98913264,-0.180067,0.9835066,-0.017043568,0.9726529,0.18061054,0.1460343
1356513292432,0.118038565,-0.02003672,-0.99280685,-0.18459952,0.98192596,-0.041764863,0.9756997,0.18820152,0.11220634
1356513292472,0.090232104,-0.035927333,-0.9952726,-0.19230288,0.9799137,-0.052807234,0.9771785,0.19615868,0.08151072
1356513292512,0.06423822,-0.036533803,-0.99726564,-0.19718646,0.97916204,-0.048572242,0.97825915,0.19976747,0.055695653
1356513292553,0.04138285,-0.018769756,-0.9989671,-0.1916006,0.9811186,-0.026371583,0.9806002,0.19249402,0.037005186
1356513292592,0.024101287,0.023967631,-0.99942213,-0.17047596,0.9851686,0.019514747,0.98506695,0.16990712,0.027829707
1356513292631,0.015724093,0.101492584,-0.994712,-0.13620906,0.98577833,0.09842792,0.9905553,0.1339411,0.02932465
1356513292671,0.017394215,0.21770823,-0.97585887,-0.10132081,0.97136617,0.21489991,0.9947017,0.09513681,0.038954556
1356513292708,0.024014357,0.35151732,-0.93587327,-0.0803867,0.9337909,0.34867245,0.9964744,0.066858634,0.05068171
1356513292752,0.026908189,0.4620843,-0.8864277,-0.076802,0.88508344,0.45905215,0.9966832,0.05572714,0.059305012
1356513292791,0.02257508,0.5248359,-0.850904,-0.0831127,0.8491599,0.52155507,0.99628437,0.058946818,0.062790394
