1356513028792,-0.0062146187,-0.08492291,-0.99636817,0.9466492,-0.32154775,0.02150175,-0.3222059,-0.94307745,0.08239052
1356513028820,0.14912403,0.035380244,0.98818535,-0.93485165,0.3306818,0.12923607,-0.3222025,-0.9430789,0.082387924
1356513028848,0.14906389,0.035384983,0.9881942,-0.9348675,0.3306591,0.12917966,-0.3221844,-0.9430867,0.082369566
1356513028889,0.14871392,0.035431176,0.98824537,-0.9349358,0.33059904,0.12883893,-0.32214808,-0.94310606,0.08229053
1356513028931,0.14720926,0.035799235,0.9884573,-0.9351412,0.3306159,0.12729499,-0.32224265,-0.94308615,0.08214706
1356513028973,0.14309096,0.036893964,0.98902166,-0.9355947,0.33095276,0.12301552,-0.32278097,-0.9429258,0.08187413
1356513029012,0.13407856,0.039080948,0.99019974,-0.9364667,0.33181447,0.11370683,-0.3241188,-0.9425348,0.08108723
1356513029051,0.118148714,0.042651385,0.9920795,-0.93789196,0.33298025,0.09737992,-0.32618943,-0.9419687,0.07934362
1356513029092,0.09544352,0.04721999,0.9943142,-0.9395335,0.33429763,0.07430932,-0.32888797,-0.9412838,0.076271355
1356513029132,0.06683847,0.052773565,0.9963672,-0.9409282,0.33555594,0.04534653,-0.33194387,-0.9405409,0.07208413
1356513029171,0.0355694,0.059172988,0.99761385,-0.9415709,0.33653978,0.013609529,-0.33493143,-0.93980825,0.06768602
1356513029215,0.0052503645,0.065693796,0.9978261,-0.9412473,0.3372772,-0.017252624,-0.3376774,-0.93911046,0.06360495
1356513029254,-0.02209416,0.07200691,0.99715936,-0.94014823,0.33775178,-0.045220733,-0.34004855,-0.9384768,0.060234845
1356513029293,-0.044638842,0.07769778,0.99597716,-0.9386263,0.33807746,-0.068442434,-0.3420352,-0.93790543,0.057837844
1356513029333,-0.060333043,0.08237797,0.99477327,-0.9370702,0.33866677,-0.08487862,-0.34388876,-0.93729335,0.056761146
1356513029373,-0.067487836,0.08592433,0.9940133,-0.93580025,0.34006137,-0.092931,-0.34601057,-0.93646955,0.057457983
1356513029412,-0.06498864,0.08838081,0.99396443,-0.9349146,0.34284392,-0.09161258,-0.34887147,-0.9352256,0.060347497
1356513029452,-0.051771045,0.0890851,0.99467766,-0.9343536,0.34731168,-0.07973713,-0.35256657,-0.9335087,0.0652563
1356513029494,-0.032996714,0.089413345,0.9954478,-0.9335676,0.3528844,-0.062642455,-0.35687906,-0.93138486,0.07182938
1356513029533,-0.012091875,0.08959049,0.9959053,-0.9323819,0.35883534,-0.043601036,-0.36127225,-0.92909133,0.07919359
1356513029573,0.007259488,0.08969256,0.99594307,-0.93084013,0.3644976,-0.026040882,-0.36535454,-0.92687476,0.08613545
1356513029613,0.022294492,0.08971,0.99571836,-0.9290559,0.36972782,-0.012508959,-0.36926696,-0.9247992,0.0915885
1356513029653,0.030788958,0.08945879,0.9955145,-0.9271264,0.37471533,-0.0049987733,-0.37348166,-0.9228139,0.09447676
1356513029693,0.031681567,0.088642776,0.99555945,-0.9250346,0.3798577,-0.0043845475,-0.37855956,-0.92078805,0.09403217
1356513029733,0.02264893,0.08828196,0.995838,-0.9226557,0.3853994,-0.013181508,-0.38495904,-0.91851705,0.09018272
1356513029773,0.016115785,0.08434069,0.9963067,-0.9195237,0.39260542,-0.018361539,-0.39270407,-0.9158317,0.083880424
1356513029831,0.007466942,0.080308974,0.996742,-0.9157726,0.40089062,-0.025439978,-0.40162754,-0.91259915,0.076538205
1356513029853,5.604625E-4,0.075840294,0.9971197,-0.9111337,0.41096222,-0.030745476,-0.41211027,-0.9084922,0.06933099
1356513029893,-0.002659738,0.07081565,0.9974859,-0.9050231,0.4241172,-0.032522976,-0.4253541,-0.9028343,0.06296176
1356513029932,-5.134046E-4,0.064980656,0.9978864,-0.89703774,0.44098982,-0.029177994,-0.44195378,-0.89515674,0.058063686
1356513029973,0.007920474,0.057845324,0.9982942,-0.8874011,0.4605792,-0.01964721,-0.46093005,-0.8857317,0.05497998
1356513030012,0.021852583,0.048775315,0.9985707,-0.876914,0.4806281,-0.0042861104,-0.48015013,-0.875567,0.05327475
1356513030053,0.03953743,0.0371778,0.9985262,-0.8668911,0.49824798,0.01577416,-0.49692723,-0.86623716,0.05192852
1356513030093,0.0600688,0.022810996,0.99793357,-0.85836226,0.51148427,0.03997594,-0.50951546,-0.85898983,0.050304353
1356513030132,0.08453253,0.005914867,0.99640316,-0.85081977,0.5208957,0.06908944,-0.5186135,-0.8535998,0.049065113
1356513030173,0.1158223,-0.012847006,0.9931869,-0.8420991,0.528994,0.1050455,-0.5267394,-0.8485283,0.05045086
1356513030212,0.15662742,-0.03241232,0.98712575,-0.82965827,0.53793603,0.14930516,-0.5358498,-0.84236234,0.057364404
1356513030253,0.20641087,-0.051475346,0.97711045,-0.8123361,0.547657,0.20045415,-0.5454398,-0.83511806,0.07122707
1356513030293,0.2604881,-0.06862664,0.963035,-0.79171425,0.55569834,0.25374767,-0.5525708,-0.82854676,0.09042013
1356513030333,0.31266138,-0.08248475,0.9462765,-0.7713795,0.559273,0.30362386,-0.5542713,-0.8248697,0.111236036
1356513030373,0.35722184,-0.09196773,0.9294808,-0.7546314,0.5579835,0.34523287,-0.55038524,-0.8247402,0.12992215
1356513030413,0.3905062,-0.09640247,0.9155389,-0.7434298,0.55353516,0.37538123,-0.54297066,-0.8272276,0.14449048
1356513030453,0.41090983,-0.0954248,0.9066682,-0.7388315,0.5477893,0.3924984,-0.5341171,-0.8311565,0.1545892
1356513030493,0.41948903,-0.08876681,0.9034099,-0.7407966,0.5417067,0.39720798,-0.52464205,-0.8358674,0.16148186
1356513030533,0.4194545,-0.07618973,0.9045734,-0.7477987,0.5359236,0.39189672,-0.5146406,-0.8408216,0.16782099
1356513030573,0.4155864,-0.057774484,0.90771693,-0.7568843,0.5314652,0.38035637,-0.5043948,-0.8451076,0.1771411
1356513030613,0.41555473,-0.03479588,0.90890235,-0.76305836,0.53051406,0.36918396,-0.49503154,-0.8469617,0.19390634
1356513030653,0.430444,-0.010784328,0.9025529,-0.7583824,0.5379112,0.3681138,-0.48946315,-0.8429326,0.22336197
1356513030693,0.4711169,0.0069704354,0.88204324,-0.7321671,0.56075466,0.3866337,-0.49191487,-0.8279527,0.26928452
1356513030736,0.534087,0.010661781,0.8453623,-0.6789378,0.6012484,0.42135954,-0.50378025,-0.7989911,0.32835764
1356513030763,0.59532905,8.7812543E-4,0.80348146,-0.6152017,0.64373183,0.45512205,-0.51682687,-0.7652506,0.3837725
1356513030835,0.642786,-0.01589778,0.7658807,-0.55394256,0.68092805,0.47904554,-0.52912545,-0.73217773,0.4288846
1356513030845,0.6713856,-0.033191398,0.74036455,-0.5118377,0.7017081,0.4956087,-0.53596973,-0.711691,0.4541281
1356513030883,0.67984813,-0.044098616,0.73202574,-0.49888706,0.7038129,0.5057262,-0.537511,-0.70901525,0.45648566
1356513030923,0.66482925,-0.04255107,0.7457825,-0.52054965,0.68965423,0.5033936,-0.53575206,-0.7228876,0.43635234
1356513030963,0.62009734,-0.024787575,0.7841332,-0.57649016,0.66351885,0.47686678,-0.5321075,-0.7477489,0.3971565
1356513031002,0.5395225,0.007415563,0.8419385,-0.65675485,0.629436,0.41531116,-0.52686656,-0.77701694,0.34446517
1356513031041,0.42716777,0.043587565,0.9031212,-0.7396882,0.5912777,0.32132858,-0.51998943,-0.8052893,0.28481606
1356513031081,0.3072149,0.06779015,0.94922256,-0.8024349,0.55466783,0.22009474,-0.511583,-0.8293057,0.2247994
1356513031122,0.20882647,0.071192384,0.9753579,-0.8393742,0.52483904,0.14140347,-0.50183904,-0.84821904,0.16935736
1356513031161,0.1510785,0.054466873,0.98702013,-0.8573172,0.5042979,0.10339674,-0.4921205,-0.8618103,0.122883916
1356513031201,0.1313218,0.026519895,0.99098504,-0.8641396,0.4929471,0.10132089,-0.4858162,-0.869655,0.08765161
1356513031242,0.14467137,-0.0067170262,0.989457,-0.8608479,0.49218506,0.1292083,-0.4878638,-0.8704647,0.06542277
1356513031281,0.17998582,-0.039955676,0.9828574,-0.84689283,0.5019706,0.17549378,-0.5003775,-0.8639613,0.056509376
1356513031321,0.22524042,-0.06984764,0.9717963,-0.8246431,0.5175219,0.22833037,-0.51887417,-0.8528143,0.05896747
1356513031361,0.27285516,-0.094741285,0.9573788,-0.8002688,0.5299772,0.2805245,-0.5339661,-0.842703,0.06878853
1356513031402,0.3195203,-0.1135793,0.94074774,-0.77984285,0.5324497,0.32915393,-0.538286,-0.83880687,0.08155447
1356513031439,0.36184436,-0.12557694,0.9237419,-0.7657647,0.52507937,0.3713435,-0.53167003,-0.8417375,0.09383458
1356513031481,0.39606166,-0.13071886,0.90887177,-0.7578653,0.51231956,0.40394175,-0.5184356,-0.84878814,0.103842854
1356513031521,0.41890427,-0.12958264,0.89873666,-0.75591594,0.49862012,0.42422765,-0.5031007,-0.85708016,0.11092052
1356513031561,0.43102592,-0.12292001,0.89392793,-0.7596692,0.48518866,0.43300635,-0.48694885,-0.86572653,0.11575034
1356513031601,0.43579045,-0.11075416,0.8932078,-0.7678968,0.47191182,0.4331671,-0.4694904,-0.87466145,0.1206069
1356513031641,0.44016647,-0.093533844,0.89303136,-0.77650356,0.45976102,0.43088526,-0.4508834,-0.8831032,0.129742
1356513031681,0.45809516,-0.074483365,0.8857771,-0.7753929,0.45376298,0.43916416,-0.43464327,-0.8880042,0.15011272
1356513031721,0.5096213,-0.06326407,0.8580698,-0.7462977,0.4637866,0.47743237,-0.42816564,-0.88368523,0.18914169
1356513031761,0.5977782,-0.0735462,0.7982807,-0.67233586,0.4963365,0.5491945,-0.436607,-0.86500925,0.24725142
1356513031843,0.68567944,-0.10450527,0.72036266,-0.56561625,0.546425,0.61765516,-0.45817235,-0.8309623,0.3155625
1356513031844,0.7407987,-0.13839497,0.65731585,-0.47396386,0.5857265,0.65748215,-0.4759995,-0.7986059,0.36831123
1356513031868,0.77209663,-0.16764632,0.6129939,-0.40807524,0.60865504,0.68045104,-0.48717695,-0.77552164,0.40152818
1356513031900,0.7863981,-0.1868432,0.5887848,-0.37275857,0.6165173,0.6935109,-0.49257386,-0.76485026,0.41518062
1356513031941,0.7781731,-0.18295601,0.6008109,-0.38949117,0.6098696,0.69018525,-0.49268985,-0.77109414,0.40332437
1356513031981,0.72940606,-0.13562025,0.6705028,-0.47698045,0.6017654,0.64059985,-0.4903637,-0.7870741,0.37424308
1356513032021,0.5901211,-0.020051062,0.8070657,-0.6439924,0.59118104,0.4855705,-0.48685813,-0.8062896,0.33595568
1356513032061,0.31906712,0.1473192,0.93621224,-0.81571096,0.54561585,0.19214323,-0.48250586,-0.82498515,0.2942579
1356513032101,0.03901863,0.26700267,0.9629056,-0.8779609,0.46930146,-0.09455538,-0.47713953,-0.8417041,0.25272942
1356513032141,-0.13352585,0.30778304,0.9420406,-0.8722316,0.41479212,-0.25915176,-0.47051352,-0.856281,0.2130726
1356513032181,-0.21781397,0.30455387,0.92725617,-0.8585943,0.39196384,-0.33042425,-0.4640829,-0.86810786,0.17611301
1356513032221,-0.24042213,0.27939352,0.92958933,-0.85362995,0.39503324,-0.3395062,-0.46207446,-0.87515026,0.14352405
1356513032261,-0.21110776,0.24142998,0.94717735,-0.85762864,0.41913936,-0.29798526,-0.46894187,-0.8752335,0.118573785
1356513032301,-0.14459658,0.1971795,0.9696454,-0.8626028,0.45498013,-0.22115517,-0.4847767,-0.868397,0.10429895
1356513032341,-0.0652498,0.15421504,0.9858804,-0.8608715,0.49092394,-0.13376832,-0.5046214,-0.8574447,0.100726664
1356513032381,0.0049378574,0.11952376,0.9928191,-0.85365504,0.51759183,-0.05806631,-0.5208154,-0.8472383,0.10458785
1356513032421,0.054189652,0.098041,0.9937059,-0.8475122,0.5307404,-0.00614658,-0.52800244,-0.8418448,0.11185157
1356513032461,0.076367766,0.093114585,0.99272233,-0.8467915,0.53170574,0.0152691305,-0.52641433,-0.84179497,0.11945385
1356513032503,0.06468898,0.10754445,0.9920935,-0.85189736,0.52370745,-0.0012231171,-0.5196983,-0.84508264,0.12549496
1356513032543,0.011757642,0.14346626,0.98958534,-0.8601626,0.50609505,-0.06315178,-0.5098844,-0.8504618,0.12935477
1356513032582,-0.09254715,0.20316869,0.9747603,-0.86321086,0.47157046,-0.1802454,-0.49628833,-0.8581048,0.13173491
1356513032622,-0.25870565,0.2854755,0.9228083,-0.8398957,0.40539607,-0.3608728,-0.47712317,-0.86842257,0.13489139
1356513032662,-0.48372465,0.37758392,0.7895827,-0.7490564,0.28801256,-0.5966265,-0.45268634,-0.88004494,0.14351285
1356513032702,-0.7045034,0.44288567,0.5545514,-0.565782,0.121234834,-0.81559354,-0.42844564,-0.88834363,0.16516632
1356513032742,-0.8334839,0.4612707,0.30419436,-0.36513913,-0.046615064,-0.9297852,-0.41470262,-0.8860341,0.20728076
1356513032782,-0.873612,0.46556208,0.14161234,-0.24799809,-0.17556709,-0.95271885,-0.41868728,-0.86742616,0.26883602
1356513032831,-0.87119305,0.48510915,0.07544385,-0.22570056,-0.25928724,-0.9390577,-0.43598384,-0.8351283,0.33537865
1356513032862,-0.8549732,0.5150306,0.061354354,-0.24920608,-0.3041615,-0.91944665,-0.45488155,-0.80139214,0.3883986
1356513032903,-0.84155977,0.5370138,0.05825141,-0.2697931,-0.32445294,-0.90661013,-0.46796235,-0.7786825,0.41792923
1356513032942,-0.8363859,0.5451743,0.056954607,-0.27444077,-0.32654732,-0.9044608,-0.47449034,-0.7721088,0.42273748
1356513032982,-0.83495605,0.5460092,0.06871879,-0.27558792,-0.3067717,-0.91101176,-0.47633982,-0.77959293,0.40661448
1356513033022,-0.8335893,0.54341733,0.099128604,-0.28307116,-0.26613915,-0.92143404,-0.4743412,-0.79615796,0.3756765
1356513033062,-0.8311997,0.53632957,0.14648396,-0.29993218,-0.21071994,-0.93039656,-0.46813208,-0.81728065,0.3360129
1356513033102,-0.82675046,0.5228662,0.20759256,-0.32694876,-0.14628178,-0.9336521,-0.45780808,-0.8397694,0.29188895
1356513033142,-0.81748796,0.50270444,0.28107238,-0.36578172,-0.07620025,-0.927576,-0.44487882,-0.86109334,0.2461729
1356513033182,-0.797211,0.47765213,0.36919218,-0.42073995,-0.0010353327,-0.90718067,-0.43293458,-0.8785484,0.20179278
1356513033222,-0.75480735,0.45040637,0.47686458,-0.49719143,0.081350505,-0.86381865,-0.42786264,-0.88910973,0.1625343
1356513033262,-0.6766122,0.42075306,0.60428697,-0.59397465,0.17315286,-0.78562856,-0.43518966,-0.89049697,0.13275933
1356513033302,-0.559748,0.3841834,0.7342244,-0.6927068,0.26935124,-0.6690346,-0.45479625,-0.8830929,0.11535758
1356513033342,-0.42400944,0.33901677,0.8398116,-0.76862144,0.35573518,-0.53167045,-0.47899574,-0.87093055,0.109740496
1356513033382,-0.29865903,0.2913128,0.9088121,-0.8145338,0.41843605,-0.40180326,-0.49733013,-0.8602605,0.11231452
1356513033422,-0.20041072,0.24956504,0.9473926,-0.8402357,0.4535101,-0.29720786,-0.50382483,-0.8555968,0.11880523
1356513033462,-0.13311422,0.21979049,0.96642256,-0.8557737,0.46637183,-0.22393903,-0.49993193,-0.8568485,0.12601024
1356513033502,-0.09802154,0.20484862,0.9738731,-0.86612105,0.4643937,-0.18485874,-0.49012858,-0.86161214,0.13190317
1356513033542,-0.097736895,0.20560369,0.9737426,-0.87353194,0.451088,-0.18292475,-0.4768536,-0.86847377,0.13551342
1356513033582,-0.13582262,0.22219414,0.9654957,-0.87758404,0.42527732,-0.22132665,-0.45978084,-0.8773648,0.13723177
1356513033622,-0.21659169,0.25485507,0.9424101,-0.8724568,0.38263467,-0.30398998,-0.43807217,-0.8880538,0.13947451
1356513033662,-0.34009475,0.30244675,0.8904277,-0.84476304,0.31776065,-0.43058532,-0.41317198,-0.8986402,0.14742708
1356513033703,-0.4863615,0.35943627,0.79640317,-0.78092206,0.230035,-0.58072764,-0.39193514,-0.9043724,0.16881162
1356513033742,-0.6037378,0.4176077,0.6790467,-0.697973,0.13462228,-0.70335656,-0.3851419,-0.8985992,0.21020234
1356513033782,-0.64985794,0.47668198,0.5919957,-0.6475398,0.060590327,-0.759619,-0.3979659,-0.8769852,0.26929545
1356513033831,-0.6391936,0.5360137,0.55147153,-0.642629,0.021627009,-0.7658722,-0.4224447,-0.8439322,0.33063412
1356513033862,-0.6281698,0.58269936,0.51562023,-0.6381286,-0.006652653,-0.7699011,-0.44519064,-0.81266063,0.37601608
1356513033902,-0.65970105,0.60409045,0.4470673,-0.5950402,-0.056500614,-0.8017074,-0.4590442,-0.7949103,0.39673173
1356513033942,-0.72136694,0.5959537,0.3528015,-0.5141337,-0.11952299,-0.8493414,-0.46400023,-0.79407394,0.39261985
1356513033982,-0.7746498,0.5700729,0.27374175,-0.43078855,-0.15879679,-0.88837194,-0.46296743,-0.80610204,0.3685928
1356513034022,-0.8069052,0.5422746,0.23418412,-0.37291053,-0.16020489,-0.9139322,-0.45808473,-0.8247864,0.3314901
1356513034062,-0.8234391,0.51768386,0.23227453,-0.34543186,-0.13261557,-0.92902637,-0.45013875,-0.84523165,0.28802538
1356513034102,-0.8301797,0.4945673,0.2573029,-0.34276494,-0.08881158,-0.9352137,-0.43967465,-0.8645898,0.24324995
1356513034142,-0.8286484,0.47149658,0.30171618,-0.36051917,-0.03720343,-0.9320095,-0.42821446,-0.8810827,0.20081216
1356513034182,-0.8155819,0.44984925,0.36395282,-0.39863133,0.01910913,-0.91691214,-0.41942704,-0.89290005,0.16373909
1356513034222,-0.78277916,0.43283075,0.44711775,-0.4599775,0.081493974,-0.88418293,-0.41913897,-0.8977841,0.1353007
1356513034262,-0.7210315,0.42113954,0.5502317,-0.54188734,0.15216458,-0.8265615,-0.43182352,-0.89414054,0.11849481
1356513034302,-0.6303875,0.41046613,0.65888476,-0.62843865,0.22842854,-0.7435626,-0.4557153,-0.8828012,0.113954306
1356513034342,-0.52820194,0.39580294,0.7512275,-0.69924426,0.29916573,-0.6492745,-0.48172626,-0.8682396,0.11874306
1356513034382,-0.4388265,0.37749124,0.8154335,-0.74720466,0.35076535,-0.56448996,-0.49911582,-0.8570088,0.128138
1356513034422,-0.37626523,0.36012417,0.8536598,-0.7780412,0.37746108,-0.5021704,-0.5030671,-0.8531317,0.13816589
1356513034462,-0.34305876,0.3484183,0.87230474,-0.79744357,0.3827213,-0.46648496,-0.49638146,-0.8556455,0.14654797
1356513034502,-0.33879417,0.34485686,0.8753812,-0.80677545,0.37221664,-0.45887703,-0.48407835,-0.86170095,0.15211725
1356513034542,-0.36301202,0.34941697,0.86378825,-0.80537343,0.34855676,-0.47945997,-0.46861064,-0.8697218,0.15488082
1356513034581,-0.4132036,0.36024848,0.8363515,-0.7918531,0.31140494,-0.52535295,-0.44970158,-0.8793452,0.15659022
1356513034621,-0.48254395,0.37488425,0.791589,-0.7648437,0.26005042,-0.5893961,-0.4268084,-0.88985145,0.16124213
1356513034658,-0.5567428,0.39224225,0.73224545,-0.72668976,0.19708067,-0.65808904,-0.40244174,-0.89850163,0.1753152
1356513034701,-0.6123209,0.4157971,0.6724403,-0.6913276,0.13105571,-0.71055657,-0.3835745,-0.8999651,0.20720387
1356513034741,-0.6310541,0.45183855,0.63056517,-0.67731744,0.07533342,-0.7318236,-0.37816873,-0.8889132,0.2584988
1356513034781,-0.6073295,0.5003778,0.61706805,-0.69330776,0.0454337,-0.719208,-0.38791144,-0.86461425,0.31932253
1356513034835,-0.55929834,0.5485705,0.62149465,-0.722777,0.044419408,-0.68965226,-0.40592936,-0.83492345,0.37165052
1356513034863,-0.51721793,0.5817879,0.62770087,-0.74355465,0.057721138,-0.6661792,-0.42380658,-0.8112898,0.40273672
1356513034902,-0.50180626,0.59491086,0.6279103,-0.74638164,0.069069326,-0.6619243,-0.43715534,-0.8008185,0.4093712
1356513034943,-0.5157146,0.5893113,0.6218928,-0.73244375,0.07331866,-0.6768682,-0.44448245,-0.8045722,0.3938259
1356513034982,-0.5474277,0.56904703,0.6136027,-0.7082837,0.07546461,-0.7018826,-0.44570953,-0.8188348,0.3617354
1356513035022,-0.5844368,0.53871346,0.60681254,-0.68091536,0.0811522,-0.72785205,-0.4413479,-0.8385715,0.31938994
1356513035062,-0.6182652,0.5026808,0.60420203,-0.65619206,0.0930022,-0.7488408,-0.43261996,-0.8594549,0.27235514
1356513035102,-0.6432705,0.46538636,0.6079627,-0.6387309,0.11164409,-0.7612874,-0.42216823,-0.8780382,0.22543925
1356513035142,-0.6536805,0.43213207,0.62125987,-0.63294655,0.13780701,-0.761832,-0.41482598,-0.8912189,0.18343467
1356513035182,-0.6428856,0.40848306,0.6479504,-0.64272904,0.17246181,-0.7464291,-0.41665033,-0.896325,0.1516707
1356513035223,-0.60624266,0.39726007,0.68895155,-0.66816735,0.21539068,-0.71215117,-0.43130296,-0.89207137,0.13485718
1356513035262,-0.5464318,0.39552706,0.7382212,-0.70212036,0.2641638,-0.66124463,-0.4565515,-0.8796452,0.13336009
1356513035302,-0.47621918,0.39643008,0.784894,-0.73336595,0.31343973,-0.6032661,-0.4851698,-0.86290133,0.14146233
1356513035342,-0.4137562,0.39424247,0.8205966,-0.7551622,0.35480177,-0.5512221,-0.5084642,-0.8477551,0.15091556
1356513035382,-0.3718319,0.38793042,0.8433571,-0.7684772,0.38101012,-0.5140761,-0.5207534,-0.83925045,0.1564439
1356513035422,-0.353881,0.3797028,0.8547478,-0.7765342,0.3900975,-0.49479136,-0.52130866,-0.8388382,0.1568042
1356513035462,-0.35808784,0.37217212,0.8563066,-0.78035545,0.38426793,-0.49333918,-0.5126583,-0.84488225,0.15282482
1356513035502,-0.38168538,0.366584,0.84848833,-0.77921826,0.36611533,-0.50870264,-0.49712682,-0.855322,0.14590812
1356513035542,-0.42166018,0.36293107,0.83095354,-0.77207583,0.33685863,-0.5389111,-0.47550148,-0.86879647,0.13817036
1356513035582,-0.4737035,0.36079186,0.80338913,-0.7582424,0.2969306,-0.58043134,-0.44796568,-0.8841162,0.13291067
1356513035622,-0.530517,0.36089164,0.767013,-0.7382192,0.24803382,-0.62730503,-0.41663426,-0.8990197,0.13483101
1356513035662,-0.5793494,0.36724013,0.7276598,-0.7166278,0.19583046,-0.6693989,-0.3883281,-0.9092772,0.14972031
1356513035702,-0.6028762,0.38724446,0.6975544,-0.7048532,0.15110856,-0.6930716,-0.37379462,-0.9095098,0.18185061
1356513035742,-0.58852977,0.4242547,0.6882156,-0.714151,0.1262204,-0.68851787,-0.37897375,-0.89670306,0.22869742
1356513035782,-0.54098976,0.46875364,0.69828373,-0.741015,0.1270225,-0.6593649,-0.39777738,-0.8741483,0.27863562
1356513035834,-0.48342347,0.50416607,0.7156244,-0.7691161,0.14577854,-0.6222613,-0.4180457,-0.85121393,0.31728947
1356513035862,-0.4402395,0.5213555,0.7310114,-0.7869773,0.16790724,-0.5936951,-0.43226838,-0.83665735,0.33637553
1356513035902,-0.42196894,0.52061886,0.74222517,-0.7931041,0.1846587,-0.58041966,-0.43923578,-0.833581,0.33498472
1356513035942,-0.42448038,0.5057775,0.75100315,-0.7912644,0.19597399,-0.5792192,-0.44013312,-0.8401092,0.31701654
1356513035982,-0.43737292,0.48055732,0.76011145,-0.78674054,0.20494795,-0.58226764,-0.43559623,-0.85267866,0.28843534
1356513036022,-0.4522224,0.44786543,0.7713051,-0.7836668,0.21339214,-0.5833782,-0.4258654,-0.8682629,0.2544765
1356513036062,-0.46264505,0.41054606,0.7857554,-0.7846556,0.22291493,-0.57846737,-0.41264415,-0.88417244,0.21900678
1356513036102,-0.46221346,0.37221807,0.8048681,-0.7913918,0.23634398,-0.56377363,-0.40007246,-0.8975496,0.1853289
1356513036142,-0.44296646,0.33741516,0.8306213,-0.80508155,0.25796032,-0.534135,-0.39449257,-0.9053217,0.15737891
1356513036183,-0.39817542,0.3100721,0.8633144,-0.82460403,0.29129976,-0.48494607,-0.40185153,-0.9049861,0.13969827
1356513036222,-0.32912368,0.2907611,0.8984072,-0.8442037,0.3356728,-0.41790408,-0.42308116,-0.8959809,0.13498378
1356513036262,-0.24813938,0.2763864,0.92845976,-0.8568845,0.38443595,-0.3434502,-0.4518583,-0.8808062,0.14143747
1356513036302,-0.17176089,0.26354167,0.9492334,-0.86173165,0.42675278,-0.2744097,-0.47740638,-0.86511725,0.1538027
1356513036342,-0.11102912,0.25137007,0.9615017,-0.86413527,0.4534342,-0.21832934,-0.49085915,-0.8551085,0.1668734
1356513036382,-0.069376916,0.24140185,0.9679421,-0.86865884,0.4624816,-0.17760235,-0.49052894,-0.853133,0.17761034
1356513036422,-0.04683408,0.23570144,0.97069633,-0.87577677,0.4576966,-0.15339091,-0.48043883,-0.8572973,0.18498611
1356513036462,-0.04286027,0.23570397,0.9708793,-0.88440824,0.44308788,-0.14661297,-0.46474215,-0.8649374,0.18946761
1356513036502,-0.056343943,0.242145,0.96860266,-0.89381,0.4200628,-0.15700644,-0.44489226,-0.8745931,0.19276363
1356513036542,-0.08426824,0.2556183,0.9630982,-0.9032872,0.3884568,-0.18213624,-0.4206794,-0.8853026,0.1981622
1356513036582,-0.11927411,0.2773915,0.95332444,-0.91157943,0.3498954,-0.21586129,-0.3934419,-0.89477766,0.21113098
1356513036622,-0.14644408,0.30932733,0.93961203,-0.9177811,0.31192183,-0.24572861,-0.36909613,-0.8983437,0.23821568
1356513036662,-0.14837456,0.3512252,0.92445976,-0.92235464,0.2880451,-0.2574722,-0.3567168,-0.89088213,0.2812156
1356513036702,-0.12317431,0.3961658,0.90987957,-0.9247826,0.28678745,-0.25006044,-0.3600074,-0.87224174,0.33104235
1356513036742,-0.09399873,0.4336812,0.89615,-0.9230878,0.2992106,-0.24162373,-0.37292525,-0.84993744,0.37220037
1356513036782,-0.08816445,0.45889813,0.8841038,-0.9178546,0.30740374,-0.25108942,-0.38700125,-0.8336159,0.39409965
1356513036838,-0.11721271,0.47212118,0.87370634,-0.9098875,0.3014834,-0.284978,-0.39795208,-0.8283775,0.3942395
1356513036862,-0.17406553,0.47378957,0.86326396,-0.8974823,0.28443927,-0.33707547,-0.405249,-0.8334373,0.37570667
1356513036902,-0.24150884,0.46406803,0.8522408,-0.87966275,0.26610804,-0.39418268,-0.40971565,-0.8448831,0.34395587
1356513036942,-0.30361164,0.44453263,0.8427401,-0.85923004,0.25449747,-0.44379595,-0.41175705,-0.85884917,0.30468732
1356513036982,-0.35245532,0.4179833,0.8372965,-0.840708,0.25159526,-0.4794892,-0.41107833,-0.8729203,0.26272577
1356513037022,-0.38681096,0.3875174,0.8367841,-0.8269213,0.25585485,-0.500739,-0.40814033,-0.88564587,0.22147888
1356513037062,-0.40571284,0.35683578,0.84146625,-0.8188037,0.26720315,-0.5080974,-0.4061498,-0.8951373,0.1837706
1356513037102,-0.40611577,0.33059016,0.8519272,-0.81625617,0.28790826,-0.500834,-0.4108476,-0.8987875,0.15292221
1356513037142,-0.38639408,0.3126564,0.8677244,-0.81770337,0.31910223,-0.47909808,-0.42668593,-0.8946618,0.13236094
1356513037182,-0.3504492,0.30365077,0.8859918,-0.8199357,0.357724,-0.4469217,-0.45264864,-0.88307965,0.12361008
1356513037222,-0.30782312,0.30064824,0.9026935,-0.8208785,0.39576697,-0.41173664,-0.48104417,-0.86774373,0.12496942
1356513037262,-0.26934835,0.2998124,0.9151852,-0.8223586,0.4229444,-0.38058412,-0.50117636,-0.8551202,0.13263398
1356513037302,-0.24213788,0.29917586,0.9229644,-0.8275901,0.43283543,-0.35741872,-0.5064228,-0.8503807,0.14278907
1356513037342,-0.22888729,0.29908788,0.92636776,-0.83649075,0.42629823,-0.34431544,-0.49788952,-0.85370743,0.15261
1356513037382,-0.23061839,0.30072308,0.9254083,-0.84592664,0.4080225,-0.34340304,-0.4808566,-0.8620227,0.16029227
1356513037423,-0.24823362,0.30466223,0.91954386,-0.8530717,0.38099992,-0.35652173,-0.45896474,-0.87293756,0.16532177
1356513037462,-0.2820208,0.31106287,0.9075814,-0.8560807,0.3454647,-0.3844215,-0.4331166,-0.8853779,0.16886675
1356513037502,-0.32940817,0.32039014,0.8881669,-0.85364497,0.3008979,-0.42514792,-0.40346074,-0.8982264,0.1743812
1356513037542,-0.38176715,0.33538657,0.8612604,-0.8455824,0.24947494,-0.47196662,-0.37315416,-0.9084481,0.18835574
1356513037582,-0.42106146,0.36281747,0.8313066,-0.8364237,0.19921178,-0.51059777,-0.35085985,-0.9103176,0.21958876
1356513037622,-0.42486507,0.40996277,0.807106,-0.83620834,0.16379148,-0.52338123,-0.34676394,-0.8972752,0.27322507
1356513037662,-0.38551992,0.47212547,0.7927623,-0.8488584,0.15530646,-0.50529134,-0.36168206,-0.8677428,0.34089392
1356513037702,-0.3253951,0.5291432,0.7836616,-0.8637892,0.17082632,-0.47401118,-0.3846898,-0.83115935,0.4014821
1356513037742,-0.2788388,0.5642314,0.7771048,-0.87071025,0.19281453,-0.45242268,-0.40510815,-0.80278605,0.43751788
1356513037801,-0.26312196,0.574308,0.7752015,-0.86887497,0.20816559,-0.4491364,-0.4193129,-0.79173076,0.44422883
1356513037867,-0.2758487,0.5627828,0.7792195,-0.86092514,0.2158513,-0.46066922,-0.4274523,-0.7979247,0.42497152
1356513037868,-0.30678785,0.5346376,0.7874288,-0.84897304,0.2202856,-0.48033243,-0.43026298,-0.8158658,0.38631183
1356513037890,-0.3322305,0.50086296,0.7992242,-0.8395922,0.22906125,-0.49256068,-0.42977673,-0.83466595,0.34441942
1356513037918,-0.36349595,0.46573776,0.80682033,-0.82847875,0.23444265,-0.5085859,-0.4260208,-0.8533024,0.3006348
1356513037962,-0.41029233,0.4273801,0.8056094,-0.8109232,0.23316252,-0.53669256,-0.41720968,-0.8734881,0.2509076
1356513038001,-0.46112102,0.39037547,0.7968527,-0.78897417,0.23057699,-0.5695208,-0.4060628,-0.8913143,0.20167238
1356513038041,-0.5067888,0.35974544,0.7834209,-0.76490694,0.23148423,-0.6011093,-0.39759588,-0.9038796,0.15785813
1356513038081,-0.5345582,0.34005103,0.77370083,-0.74569285,0.24105757,-0.6211549,-0.39773083,-0.90898657,0.124714315
1356513038121,-0.535675,0.33335257,0.7758404,-0.7384496,0.26070195,-0.62187356,-0.40956625,-0.9060412,0.10651255
1356513038161,-0.5111889,0.33754694,0.7904099,-0.74333274,0.28801674,-0.6037407,-0.4314421,-0.8961631,0.1036787
1356513038201,-0.4719249,0.34734327,0.8103329,-0.75386447,0.31759268,-0.57517236,-0.45713803,-0.8823194,0.11196989
1356513038241,-0.43295366,0.35743463,0.8275213,-0.76421857,0.34129846,-0.5472525,-0.4780387,-0.86934215,0.12539178
1356513038281,-0.4054454,0.3653673,0.8379264,-0.77278185,0.35263848,-0.52768767,-0.48828483,-0.86148286,0.1393736
1356513038321,-0.3935513,0.3716983,0.84080786,-0.77907634,0.3506741,-0.5196805,-0.48801392,-0.85957444,0.15157306
1356513038361,-0.39788723,0.3778731,0.83600104,-0.78163564,0.33747703,-0.5245522,-0.48034537,-0.8621608,0.16108125
1356513038401,-0.41881806,0.3843807,0.8227047,-0.778731,0.3139853,-0.5431311,-0.4670863,-0.8681387,0.16782641
1356513038441,-0.45628232,0.3906799,0.79948467,-0.76881605,0.27928728,-0.57525694,-0.4480272,-0.87713623,0.17292714
1356513038481,-0.50768036,0.39654195,0.7648628,-0.75044656,0.23254055,-0.61867183,-0.42319095,-0.88807625,0.17952728
1356513038521,-0.5649701,0.4040522,0.71940994,-0.7240332,0.17537355,-0.6670983,-0.39570805,-0.8977672,0.19346637
1356513038561,-0.61312366,0.41956908,0.66935873,-0.69609696,0.113702655,-0.70888686,-0.37353492,-0.90057397,0.22234702
1356513038601,-0.63472486,0.45127672,0.6272748,-0.68056077,0.058027625,-0.7303902,-0.36600733,-0.8904954,0.27028966
1356513038642,-0.6225133,0.49932235,0.60262305,-0.68682796,0.020555496,-0.72652936,-0.37515956,-0.86617243,0.3301524
1356513038682,-0.59141177,0.5486896,0.59090763,-0.7045338,0.0048665404,-0.70965374,-0.39225534,-0.8360119,0.38369226
1356513038722,-0.5667288,0.5832073,0.58196884,-0.7154581,0.0019266009,-0.698653,-0.40858072,-0.81232107,0.41616857
1356513038762,-0.56568354,0.596495,0.569382,-0.7092089,3.7807226E-4,-0.70499825,-0.42074323,-0.8026167,0.4228257
1356513038802,-0.5876359,0.5906575,0.55299884,-0.6863527,-0.0019437671,-0.7272662,-0.42849034,-0.80692005,0.40654165
1356513038843,-0.6239609,0.5696661,0.5349329,-0.65152234,-0.001244843,-0.7586284,-0.431499,-0.8218753,0.3719269
1356513038880,-0.65644014,0.5423159,0.5243851,-0.6198363,0.008467257,-0.78468543,-0.4299875,-0.84013194,0.33058888
1356513038921,-0.68562436,0.5108044,0.5186502,-0.5919485,0.023468673,-0.805634,-0.42369342,-0.85937655,0.28627926
1356513038961,-0.7083663,0.47755876,0.51976407,-0.5719404,0.04318899,-0.81915736,-0.41364387,-0.8775376,0.24254161
1356513039001,-0.7225605,0.4456741,0.5284703,-0.5619359,0.066613555,-0.8244942,-0.402659,-0.89271337,0.20230794
1356513039041,-0.72332114,0.42019457,0.5479444,-0.56543374,0.09505099,-0.8192985,-0.39634743,-0.9024422,0.16883981
1356513039081,-0.7036526,0.40643978,0.58282053,-0.5861142,0.13167769,-0.7994568,-0.40167552,-0.9041392,0.14556473
1356513039121,-0.6589829,0.40517545,0.633699,-0.6226337,0.17881674,-0.7618083,-0.42198202,-0.89658093,0.1344387
1356513039161,-0.5939691,0.40960312,0.6924059,-0.6654552,0.23349541,-0.70897764,-0.452073,-0.88187593,0.13388354
1356513039201,-0.52390736,0.4104427,0.7463631,-0.7035239,0.28546232,-0.650819,-0.48018247,-0.86605316,0.13920045
1356513039241,-0.4648599,0.40375155,0.7879658,-0.7330957,0.32351238,-0.5982562,-0.49646357,-0.85575956,0.14560056
1356513039281,-0.42404628,0.39222217,0.81630063,-0.75548184,0.34386688,-0.5576763,-0.49943173,-0.85318077,0.15050119
1356513039321,-0.40245372,0.38070714,0.83252215,-0.7711464,0.34908825,-0.5324196,-0.49331963,-0.85627073,0.15308905
1356513039361,-0.4009092,0.37273064,0.83686537,-0.779109,0.34183353,-0.52548933,-0.4819346,-0.8626828,0.15335363
1356513039401,-0.4211083,0.36957967,0.82829875,-0.77810097,0.32206416,-0.53928995,-0.46607596,-0.87159944,0.15194637
1356513039442,-0.46376997,0.37085092,0.80460364,-0.7663064,0.28786564,-0.5743761,-0.44462568,-0.88295126,0.15068191
1356513039482,-0.52558863,0.37550175,0.7633839,-0.7415031,0.23768437,-0.6274386,-0.41704875,-0.89582616,0.15351152
1356513039522,-0.5941452,0.38430655,0.70661163,-0.7050787,0.1739502,-0.687463,-0.38711178,-0.9066697,0.1676147
1356513039562,-0.64585197,0.40289053,0.64850163,-0.67057467,0.10670638,-0.7341276,-0.36497232,-0.90900654,0.20125163
1356513039602,-0.65603805,0.439348,0.61366713,-0.66256726,0.05409926,-0.7470461,-0.36141214,-0.89668643,0.25560647
1356513039642,-0.61643595,0.4919698,0.61479455,-0.69148135,0.03524828,-0.7215338,-0.37664327,-0.86989844,0.3184597
1356513039682,-0.5467856,0.54323286,0.6371214,-0.73581415,0.05131346,-0.6752366,-0.39950362,-0.8380126,0.3716609
1356513039722,-0.48555732,0.57664996,0.6570456,-0.7670725,0.07947612,-0.6366188,-0.4193256,-0.8131165,0.40374207
1356513039762,-0.4617855,0.58918005,0.66303927,-0.7746156,0.09629053,-0.62505907,-0.4321167,-0.80224377,0.41192245
1356513039802,-0.4774618,0.5846529,0.6559049,-0.7614038,0.09724742,-0.6409424,-0.4385139,-0.8054339,0.39872497
1356513039841,-0.51824325,0.56639713,0.64079493,-0.73346525,0.09098315,-0.6736102,-0.4398324,-0.8190948,0.3682812
1356513039880,-0.5543901,0.5405939,0.6327795,-0.70798856,0.09334445,-0.7000279,-0.43749726,-0.8360892,0.33098507
1356513039921,-0.58617663,0.510303,0.6292757,-0.68569565,0.101220906,-0.72081614,-0.43153048,-0.85401714,0.29057914
1356513039961,-0.60777587,0.47800058,0.6341326,-0.6720862,0.11571419,-0.73137575,-0.42297617,-0.87070423,0.25092918
1356513040001,-0.61599326,0.4468182,0.6487724,-0.66961145,0.13681,-0.73000234,-0.41493687,-0.88410205,0.21492058
1356513040041,-0.6038356,0.4206952,0.67705107,-0.6817229,0.16761374,-0.71215135,-0.41308174,-0.8915835,0.18558645
1356513040081,-0.5636982,0.40231645,0.72137785,-0.70950687,0.21131033,-0.67227083,-0.4229002,-0.89078027,0.166331
1356513040121,-0.49488556,0.38996083,0.7765429,-0.74650985,0.26660353,-0.6096275,-0.44475994,-0.8813927,0.15917128
1356513040161,-0.41013527,0.37852913,0.829762,-0.78045243,0.32507664,-0.5340592,-0.47189322,-0.8666262,0.16209859
1356513040201,-0.33040535,0.36460117,0.87057346,-0.80422926,0.37402225,-0.46186864,-0.4940117,-0.8527446,0.169644
1356513040241,-0.27070695,0.3491956,0.89709544,-0.8199525,0.40461516,-0.40492535,-0.50437653,-0.8451917,0.17679161
1356513040281,-0.23503578,0.3358922,0.9121045,-0.8314196,0.4166096,-0.3676654,-0.50348735,-0.8447561,0.18134922
1356513040321,-0.22304037,0.32803375,0.91795796,-0.8394547,0.4140735,-0.3519359,-0.4955489,-0.8490801,0.18301433
1356513040361,-0.2351132,0.32738316,0.9151732,-0.8432958,0.39947027,-0.35954922,-0.48329484,-0.8562965,0.18216014
1356513040401,-0.27221632,0.33410388,0.9023706,-0.84150547,0.37213796,-0.3916399,-0.46665475,-0.86596066,0.17984825
1356513040441,-0.33428663,0.34714478,0.8762094,-0.8311991,0.32963735,-0.44771338,-0.44425273,-0.877969,0.17835307
1356513040481,-0.417207,0.36504608,0.8322738,-0.8078155,0.2706161,-0.5236422,-0.41638023,-0.8907908,0.18198699
1356513040521,-0.5058644,0.3875155,0.77067053,-0.7702009,0.19941193,-0.60582626,-0.388448,-0.90003705,0.19758934
1356513040561,-0.57210267,0.4178901,0.7057382,-0.7314384,0.12934804,-0.6695275,-0.37107477,-0.89924246,0.23166049
1356513040601,-0.59015054,0.46087623,0.66280866,-0.7162819,0.07977927,-0.6932355,-0.37237415,-0.8838712,0.28303558
1356513040641,-0.5585226,0.5122789,0.6523978,-0.73258114,0.06427485,-0.6776383,-0.3890726,-0.8564106,0.33938688
1356513040682,-0.50497216,0.5575548,0.6588898,-0.75958794,0.07547122,-0.6460111,-0.40991375,-0.82670236,0.385401
1356513040722,-0.4705779,0.5859516,0.65970975,-0.7726987,0.087326705,-0.62873733,-0.42601997,-0.80562687,0.4116701
1356513040762,-0.4804008,0.59637964,0.6430759,-0.7615582,0.08003616,-0.6431357,-0.4350224,-0.79870254,0.4157282
1356513040802,-0.5282687,0.59068406,0.60993814,-0.7272891,0.05590862,-0.6840503,-0.4381584,-0.8049637,0.40006322
1356513040844,-0.59183854,0.57105666,0.5688773,-0.6775066,0.02993989,-0.73490703,-0.43670565,-0.8203645,0.36917514
1356513040882,-0.641043,0.54493195,0.54047495,-0.63429016,0.020344913,-0.7728274,-0.43213427,-0.8382335,0.33260286
1356513040922,-0.6800893,0.5157194,0.5210683,-0.597605,0.021735549,-0.8014961,-0.42467278,-0.85648185,0.2934143
1356513040962,-0.70723134,0.48601305,0.5134346,-0.5722083,0.033017516,-0.81944346,-0.41521254,-0.8733276,0.25474972
1356513041002,-0.72282606,0.45833397,0.517158,-0.55925524,0.051591873,-0.8273886,-0.40590143,-0.88728136,0.21903378
1356513041042,-0.72080517,0.43690562,0.5381018,-0.5649129,0.07954764,-0.8213073,-0.40163854,-0.8959831,0.18947518
1356513041081,-0.6911694,0.425578,0.58409595,-0.59611213,0.12120563,-0.7936999,-0.4085769,-0.8967678,0.1699186
1356513041122,-0.62791705,0.4228284,0.65340376,-0.64935386,0.1781686,-0.739321,-0.42902195,-0.8885224,0.1626901
1356513041158,-0.54258704,0.42084765,0.7269707,-0.7052245,0.24194932,-0.6664224,-0.45635235,-0.8742698,0.16551363
1356513041202,-0.4601801,0.41475692,0.78499115,-0.74709034,0.29680347,-0.59478045,-0.47967744,-0.86016536,0.1732778
1356513041241,-0.40216482,0.40620738,0.8205237,-0.77255803,0.330387,-0.5422163,-0.4913426,-0.85196245,0.18094873
1356513041281,-0.37496525,0.40004545,0.8362803,-0.78589517,0.3412994,-0.51563895,-0.49170095,-0.8505753,0.18641835
1356513041321,-0.37927496,0.40017807,0.834271,-0.78795063,0.33297795,-0.5179377,-0.48506123,-0.8538051,0.18903035
1356513041361,-0.4169851,0.40811476,0.8121365,-0.7754934,0.30628598,-0.5520858,-0.47406036,-0.8600181,0.18877369
1356513041401,-0.4902559,0.42253745,0.76230645,-0.7412268,0.25798666,-0.61969805,-0.4585105,-0.8688526,0.18671662
1356513041441,-0.5961542,0.4381506,0.6727735,-0.67338026,0.18345916,-0.71617156,-0.43721747,-0.8799811,0.18567204
1356513041481,-0.71781504,0.44573742,0.5348455,-0.56179017,0.082953274,-0.8231103,-0.41125825,-0.8913118,0.19086581
1356513041521,-0.8217277,0.4388749,0.3635275,-0.41847497,-0.031689107,-0.9076753,-0.38683602,-0.8979892,0.20969808
1356513041561,-0.8825828,0.42468175,0.2017251,-0.28555164,-0.14333439,-0.94758403,-0.37350753,-0.89392424,0.24777305
1356513041601,-0.90529376,0.41664222,0.08278042,-0.19804183,-0.24156928,-0.94995993,-0.37579617,-0.8763867,0.30120367
1356513041641,-0.9081853,0.41847393,0.008877471,-0.15610752,-0.3189581,-0.9348241,-0.38836795,-0.85037947,0.35500014
1356513041681,-0.9043749,0.42561114,-0.03100507,-0.14156502,-0.36776304,-0.9190809,-0.4025736,-0.82680446,0.39284724
1356513041721,-0.89906746,0.43569905,-0.042944863,-0.1423672,-0.38370806,-0.91241425,-0.4140163,-0.814208,0.40700853
1356513041761,-0.8936028,0.44784915,-0.030085787,-0.15387212,-0.36861068,-0.9167603,-0.4216603,-0.8145902,0.39830303
1356513041802,-0.888931,0.45803747,0.0018960088,-0.17148152,-0.32895672,-0.9286451,-0.42473048,-0.82582647,0.3709647
1356513041842,-0.88390034,0.46472365,0.05246213,-0.19975154,-0.27371538,-0.9408397,-0.42287076,-0.8420878,0.33476633
1356513041868,-0.87617743,0.4676056,0.11686781,-0.24012184,-0.21323895,-0.9470326,-0.41791692,-0.8578311,0.29911745
1356513041911,-0.87163955,0.45818865,0.17409158,-0.27192897,-0.15653831,-0.94950014,-0.40779817,-0.8749623,0.2610396
1356513041951,-0.8617431,0.44420364,0.24511619,-0.3179464,-0.09633911,-0.9432014,-0.39535922,-0.8907311,0.22425246
1356513041991,-0.8424064,0.4284931,0.32671866,-0.3771219,-0.035754442,-0.9254733,-0.3848773,-0.90283734,0.19171393
1356513042031,-0.80518687,0.41690257,0.42174217,-0.45295867,0.026653707,-0.891133,-0.38275662,-0.90856034,0.16737837
1356513042071,-0.7402032,0.4135973,0.53012866,-0.54432,0.094267726,-0.83356416,-0.3947339,-0.9055666,0.15535206
1356513042111,-0.64398736,0.4161138,0.6419732,-0.63891596,0.16902357,-0.7504781,-0.42079288,-0.89346534,0.1570127
1356513042151,-0.5308378,0.41639078,0.7381259,-0.71640396,0.24481744,-0.65332216,-0.4527434,-0.87560445,0.16834575
1356513042191,-0.427723,0.40938595,0.8058884,-0.7666445,0.30801845,-0.5633657,-0.47886252,-0.85879433,0.18210691
1356513042231,-0.35264695,0.39711803,0.8473119,-0.7958446,0.34900653,-0.49479884,-0.49221092,-0.8488179,0.19296813
1356513042271,-0.30771977,0.3846227,0.8702723,-0.813293,0.3683871,-0.45038363,-0.49382484,-0.8463783,0.19945103
1356513042311,-0.28915745,0.37567484,0.88048637,-0.82362247,0.37114048,-0.42883652,-0.48788714,-0.8491897,0.20209628
1356513042352,-0.2940054,0.37158257,0.8806176,-0.82846767,0.36039746,-0.4286666,-0.4766574,-0.85559344,0.20188534
1356513042392,-0.31999826,0.3717264,0.8714473,-0.82836115,0.33662957,-0.44777036,-0.45980296,-0.8651589,0.20020288
1356513042432,-0.36348516,0.37479872,0.8528801,-0.82313484,0.2995159,-0.48243058,-0.43626556,-0.8773917,0.19964027
1356513042472,-0.4163834,0.3804803,0.82574797,-0.81293297,0.25090897,-0.52553284,-0.40714243,-0.89010084,0.20483065
1356513042512,-0.46240324,0.3918966,0.79536176,-0.80166185,0.19848329,-0.5638641,-0.37884247,-0.8983437,0.22238922
1356513042552,-0.47831267,0.41564113,0.7736016,-0.80011886,0.15683848,-0.5789745,-0.3619761,-0.89590406,0.25754452
1356513042592,-0.4467911,0.45371848,0.77104944,-0.81793076,0.14200151,-0.55751663,-0.36244577,-0.87975854,0.3076653
1356513042632,-0.37460548,0.49469137,0.78418815,-0.84784293,0.15956193,-0.5056701,-0.37527725,-0.85429525,0.35964787
