1356512487221,-0.12167421,-0.22058001,-0.9677499,0.70062745,0.67154,-0.24115385,0.7030764,-0.7073744,0.072835326
1356512487257,-0.12233794,-0.22092181,-0.9675883,0.70052433,0.6713919,-0.24186501,0.7030642,-0.7074083,0.072624385
1356512487295,-0.12468645,-0.22223799,-0.9669868,0.70014185,0.6708517,-0.2444573,0.7030324,-0.7075085,0.071952045
1356512487332,-0.13049632,-0.225707,-0.9654155,0.69914216,0.66946906,-0.25102076,0.7029729,-0.7077199,0.07043803
1356512487373,-0.1413446,-0.23232806,-0.9623126,0.69712913,0.6668143,-0.26338127,0.70287466,-0.7080836,0.06771201
1356512487408,-0.15761513,-0.24238476,-0.95729154,0.69381,0.6626431,-0.28201395,0.7026985,-0.70862806,0.063726366
1356512487455,-0.17876267,-0.25528944,-0.95019525,0.6889867,0.65695137,-0.3061243,0.7023824,-0.7093955,0.058452666
1356512487490,-0.2028988,-0.27013752,-0.9412002,0.6826066,0.65012383,-0.33374715,0.7020543,-0.71018636,0.052488267
1356512487534,-0.22925937,-0.28540453,-0.9305829,0.67418504,0.6430268,-0.36330563,0.7020788,-0.71067625,0.044995546
1356512487571,-0.25627348,-0.3003776,-0.9187476,0.6637527,0.63627696,-0.3931717,0.7026779,-0.7105807,0.03631556
1356512487615,-0.28335908,-0.31393164,-0.90617585,0.65124667,0.6306311,-0.4221164,0.7039783,-0.70975447,0.025751948
1356512487649,-0.3097432,-0.32573563,-0.89328355,0.6371938,0.6261983,-0.44928795,0.7057218,-0.7083586,0.013595998
1356512487693,-0.33293375,-0.3351816,-0.8813674,0.62335104,0.6230924,-0.4724292,0.7075229,-0.7066888,0.0014872551
1356512487732,-0.35146537,-0.34216154,-0.8714342,0.61080486,0.6216148,-0.49042076,0.7094995,-0.7046421,-0.009482145
1356512487769,-0.36332116,-0.34654433,-0.8648149,0.60103786,0.622071,-0.5017779,0.7118646,-0.702093,-0.017725348
1356512487812,-0.36744815,-0.34850788,-0.86227846,0.5949278,0.6245606,-0.50594956,0.7148726,-0.6989036,-0.022156656
1356512487858,-0.36372292,-0.34833688,-0.86392546,0.59289956,0.6287515,-0.5031319,0.7184539,-0.6952216,-0.022162557
1356512487895,-0.35222423,-0.34630832,-0.8694875,0.59492654,0.63432926,-0.49364838,0.7224959,-0.6911562,-0.01739806
1356512487931,-0.3357186,-0.34325206,-0.8771949,0.599275,0.6406468,-0.4800428,0.72674775,-0.6868403,-0.009374678
1356512487973,-0.31457236,-0.33939993,-0.88648295,0.60459554,0.6483191,-0.46275964,0.73178446,-0.68153495,0.0012564063
1356512488042,-0.2929477,-0.3359378,-0.8951689,0.6082815,0.65685844,-0.4455676,0.7376822,-0.67504275,0.011919558
1356512488047,-0.27110648,-0.33274633,-0.9032061,0.6091097,0.6672638,-0.42865425,0.7453098,-0.66636246,0.021779478
1356512488086,-0.2526518,-0.33057243,-0.9093343,0.6074915,0.67729247,-0.41500476,0.7530744,-0.6572646,0.029700756
1356512488127,-0.23672095,-0.32850936,-0.9143547,0.6044246,0.6870271,-0.403317,0.76067984,-0.6481322,0.035925508
1356512488169,-0.22275653,-0.3258961,-0.91878796,0.6015556,0.6956934,-0.39260876,0.76714444,-0.6401582,0.041074336
1356512488211,-0.21049798,-0.32238916,-0.9229061,0.6001837,0.70257723,-0.38231486,0.77166694,-0.6343898,0.045601726
1356512488254,-0.20054767,-0.31830364,-0.92653304,0.6004196,0.70737934,-0.3729756,0.7741298,-0.6311079,0.04925251
1356512488288,-0.19418198,-0.31462994,-0.9291401,0.60073984,0.7106446,-0.36619115,0.77550304,-0.6292792,0.05101639
1356512488330,-0.19328031,-0.31279004,-0.9299489,0.59861106,0.7133765,-0.3643607,0.7773721,-0.6271015,0.04935801
1356512488374,-0.19910243,-0.31393474,-0.9283335,0.59216964,0.7162491,-0.3692185,0.7808286,-0.6232432,0.04329568
1356512488422,-0.21351469,-0.31869683,-0.9234954,0.5800991,0.7192419,-0.3823298,0.7860639,-0.61735195,0.03130704
1356512488450,-0.23427957,-0.32634723,-0.9157568,0.565483,0.72047734,-0.4014242,0.7907857,-0.61189044,0.015750706
1356512488494,-0.26115945,-0.33525681,-0.90520644,0.5508743,0.71829283,-0.42496228,0.7926748,-0.60963786,-0.002904594
1356512488540,-0.28702092,-0.34244838,-0.8946217,0.5397,0.71377444,-0.4463742,0.79141825,-0.61094606,-0.020048857
1356512488573,-0.31006,-0.34624583,-0.8854245,0.53253645,0.7082523,-0.4634474,0.7875707,-0.6152174,-0.03521216
1356512488618,-0.32742554,-0.34438655,-0.8798809,0.52905947,0.7047291,-0.47270814,0.78287196,-0.6202861,-0.0485453
1356512488665,-0.33751288,-0.33565325,-0.8794442,0.5292995,0.70490754,-0.47217312,0.77841324,-0.62485385,-0.060254335
1356512488691,-0.34204376,-0.32091197,-0.88318837,0.5325772,0.70814383,-0.46356648,0.7741884,-0.628926,-0.07130575
1356512488729,-0.34333163,-0.30053502,-0.88983256,0.5378066,0.7138132,-0.4485921,0.7699918,-0.6325737,-0.08344489
1356512488772,-0.34599933,-0.27687138,-0.8964523,0.54181296,0.721084,-0.4318294,0.7659786,-0.6351221,-0.09948206
1356512488808,-0.35481763,-0.2537973,-0.8998285,0.5399178,0.7301172,-0.41882887,0.7632778,-0.6344414,-0.12202871
1356512488850,-0.37876308,-0.23956665,-0.89394987,0.52110445,0.7430478,-0.4199168,0.7648455,-0.62489027,-0.15659982
1356512488890,-0.4120921,-0.23640776,-0.8799383,0.48531157,0.76040536,-0.43157426,0.7711373,-0.60489255,-0.19862562
1356512488932,-0.450665,-0.24676679,-0.85790867,0.43055445,0.78178203,-0.45104298,0.782,-0.57264566,-0.24607527
1356512488969,-0.4837052,-0.26530203,-0.8340529,0.37502238,0.79821384,-0.4713946,0.7908145,-0.54080445,-0.286606
1356512489042,-0.5070749,-0.28600472,-0.81306595,0.33251548,0.8053967,-0.49068278,0.79517823,-0.51917,-0.31329542
1356512489046,-0.5177639,-0.30213803,-0.80039567,0.31303698,0.80377805,-0.50591373,0.7961963,-0.5124973,-0.3215869
1356512489084,-0.5132383,-0.30647227,-0.8016615,0.31892362,0.79907966,-0.50966597,0.7967899,-0.51724887,-0.3123771
1356512489129,-0.48575115,-0.28697664,-0.8256454,0.35605156,0.7976934,-0.48673663,0.7982939,-0.53040516,-0.28530204
1356512489173,-0.4318735,-0.24154112,-0.86898977,0.41681734,0.800967,-0.42978504,0.7998429,-0.5478227,-0.24523789
1356512489210,-0.34772605,-0.17235176,-0.921619,0.48880702,0.8054829,-0.33505967,0.80009645,-0.56700283,-0.1958406
1356512489252,-0.25322914,-0.106821686,-0.9614905,0.5465325,0.80428517,-0.23329718,0.79823375,-0.5845635,-0.14528692
1356512489301,-0.16045514,-0.05605918,-0.9854499,0.5867485,0.7974168,-0.14089945,0.793713,-0.60081923,-0.09505701
1356512489337,-0.09745856,-0.042741925,-0.99432135,0.6094148,0.7873102,-0.09357521,0.7868389,-0.6150738,-0.050682545
1356512489381,-0.06417215,-0.056677133,-0.9963281,0.62390304,0.77693295,-0.08438134,0.7788626,-0.62702703,-0.014496446
1356512489407,-0.06811033,-0.09887129,-0.99276656,0.63008475,0.7672545,-0.11964014,0.7735335,-0.6336758,0.0100393295
1356512489448,-0.10283153,-0.15682282,-0.98225874,0.6233802,0.7593527,-0.18649565,0.7751276,-0.6314983,0.019674838
1356512489484,-0.1501515,-0.21600705,-0.96477747,0.60485244,0.7518408,-0.26246715,0.7820538,-0.6229578,0.017762363
1356512489527,-0.19693969,-0.26507875,-0.94390035,0.578388,0.74596006,-0.33016804,0.79163253,-0.6109638,0.006409228
1356512489565,-0.2373239,-0.30103773,-0.923609,0.55301213,0.7398067,-0.38322788,0.79865825,-0.6017161,-0.009096324
1356512489607,-0.26800776,-0.32207054,-0.9079882,0.5357667,0.73346674,-0.41830683,0.8007034,-0.5985793,-0.024020076
1356512489652,-0.29086256,-0.3298116,-0.89812213,0.52756375,0.7278194,-0.43812722,0.79817015,-0.6012514,-0.037698805
1356512489685,-0.30215874,-0.3221067,-0.89718866,0.52796257,0.72709477,-0.4388493,0.7936975,-0.60628414,-0.049637794
1356512489725,-0.3038861,-0.30206108,-0.9035554,0.5353352,0.73038244,-0.42421418,0.7880796,-0.6126178,-0.06024915
1356512489765,-0.29556364,-0.268336,-0.91686314,0.5497709,0.7371145,-0.39295575,0.78127724,-0.6202081,-0.07034087
1356512489806,-0.27985114,-0.22163358,-0.93411034,0.5692805,0.74516124,-0.34735358,0.773048,-0.628978,-0.08236253
1356512489845,-0.26124048,-0.16314164,-0.95138747,0.5892683,0.75369346,-0.2910481,0.76453656,-0.6366561,-0.100761056
1356512489886,-0.24920379,-0.098703176,-0.963408,0.60112226,0.7641966,-0.23378527,0.75930846,-0.63738626,-0.13110799
1356512489926,-0.25686193,-0.040797055,-0.9655866,0.5952404,0.78043973,-0.19131817,0.7613874,-0.62389857,-0.1761812
1356512489967,-0.28410065,0.0026123226,-0.958791,0.5715195,0.80338246,-0.16715884,0.76983917,-0.5954577,-0.22973448
1356512490033,-0.31000644,0.041585147,-0.9498246,0.5443278,0.8268597,-0.14145772,0.77948916,-0.5608687,-0.2789678
1356512490038,-0.31176785,0.097267404,-0.9451665,0.53420633,0.840581,-0.08970617,0.78576356,-0.53288144,-0.31402695
1356512490058,-0.2817611,0.17778002,-0.9428706,0.5455601,0.8380567,-0.00501433,0.78928757,-0.5158055,-0.33312148
1356512490092,-0.2057266,0.296081,-0.93274474,0.575825,0.80729115,0.12925412,0.7912662,-0.5105067,-0.3365721
1356512490131,-0.038375556,0.47838622,-0.87731063,0.60862404,0.7075104,0.35917374,0.7925302,-0.52016884,-0.31830847
1356512490171,0.16542363,0.64019305,-0.75019187,0.5865925,0.5476217,0.59667385,0.7928079,-0.5387609,-0.28494287
1356512490214,0.32586762,0.7231066,-0.6090379,0.51824284,0.40216574,0.7547762,0.79071784,-0.5615867,-0.24369204
1356512490254,0.42872986,0.74805737,-0.50655794,0.4462835,0.31215176,0.83868486,0.7855073,-0.5856376,-0.20001686
1356512490293,0.49337104,0.74574023,-0.44772363,0.38952953,0.27080408,0.8803022,0.7777221,-0.6087172,-0.15688094
1356512490336,0.5350649,0.7315171,-0.42259717,0.3506987,0.26275998,0.89887017,0.76858056,-0.6291581,-0.11594844
1356512490378,0.56065714,0.7115952,-0.4234336,0.3289545,0.27787453,0.90253794,0.759903,-0.6453047,-0.078290075
1356512490414,0.5673258,0.6867842,-0.4543885,0.32988602,0.31603515,0.8895488,0.7545308,-0.6545603,-0.04726559
1356512490453,0.55008185,0.657092,-0.5154028,0.35370263,0.37576035,0.8565621,0.756508,-0.65347856,-0.025716215
1356512490494,0.50711954,0.61737496,-0.6013966,0.3964521,0.4524795,0.7988041,0.76528126,-0.6435141,-0.015298396
1356512490536,0.44058594,0.5659443,-0.6968437,0.4460899,0.53559935,0.71703357,0.77903,-0.62676984,-0.016484499
1356512490573,0.37201583,0.51072764,-0.7750881,0.4858794,0.60434,0.6314225,0.79090166,-0.6114985,-0.023328006
1356512490614,0.3170523,0.46448863,-0.8268785,0.5136769,0.6488036,0.56141776,0.7972539,-0.60274714,-0.032892406
1356512490653,0.2818879,0.43578053,-0.8547717,0.53291905,0.66971624,0.5171823,0.7978324,-0.6013115,-0.043450832
1356512490698,0.26629698,0.4285014,-0.8634075,0.5448858,0.67197216,0.5015505,0.7951008,-0.60401994,-0.054540157
1356512490737,0.26979864,0.44368112,-0.85460854,0.5495551,0.6578347,0.51501715,0.7906946,-0.6086054,-0.06634432
1356512490776,0.29616165,0.48339385,-0.8237832,0.5437024,0.6237813,0.56150204,0.7852872,-0.61418825,-0.07808232
1356512490817,0.33779743,0.5364431,-0.7733832,0.5302086,0.5704514,0.62726706,0.7776707,-0.62194365,-0.09172976
1356512490855,0.39393693,0.60042256,-0.69592124,0.5038052,0.49221855,0.70985997,0.76876134,-0.6302488,-0.10859299
1356512490894,0.44101545,0.6565318,-0.6119406,0.47721922,0.40591636,0.7794188,0.76011,-0.63576555,-0.13429421
1356512490939,0.46382117,0.7028284,-0.53935343,0.46222472,0.3273902,0.82411397,0.7557898,-0.631544,-0.17301416
1356512490974,0.45059615,0.7404745,-0.49865884,0.47020584,0.27796274,0.8376415,0.75886077,-0.61191034,-0.2229265
1356512491057,0.40567464,0.7708769,-0.49109763,0.49583495,0.26576018,0.8267522,0.7678384,-0.5788958,-0.27441555
1356512491071,0.35376573,0.79257333,-0.49666622,0.5194856,0.2750811,0.80899024,0.7778076,-0.544204,-0.3144161
1356512491091,0.3209228,0.80557966,-0.4980461,0.5282899,0.28419435,0.8000896,0.7860778,-0.5198797,-0.3343752
1356512491128,0.3172176,0.8108212,-0.49187607,0.5208756,0.2844656,0.8048403,0.7925034,-0.51151574,-0.3320995
1356512491171,0.3383308,0.80799043,-0.48237306,0.49990082,0.27996975,0.81958294,0.797265,-0.5184288,-0.30919266
1356512491211,0.372006,0.7960293,-0.4774397,0.4719847,0.28068137,0.8357322,0.7992758,-0.53624165,-0.2712986
1356512491251,0.41113102,0.7755358,-0.47907776,0.44290984,0.28939897,0.84857476,0.79674476,-0.56106365,-0.22451156
1356512491291,0.44998437,0.74749845,-0.4886309,0.41834658,0.30696285,0.854845,0.7889868,-0.58908397,-0.17458493
1356512491331,0.48479778,0.7137748,-0.50546676,0.4014926,0.33181846,0.85363936,0.77702945,-0.6167836,-0.12571043
1356512491371,0.51082134,0.67622125,-0.53083557,0.39537752,0.3635027,0.84352976,0.76337284,-0.6407735,-0.081677705
1356512491411,0.52108616,0.6360825,-0.5690943,0.4035924,0.40388295,0.82096994,0.75205207,-0.6574782,-0.046260267
1356512491451,0.50653327,0.59262365,-0.6262758,0.42891198,0.45691675,0.77927,0.74796975,-0.66334337,-0.022739857
1356512491492,0.46152943,0.542257,-0.7021024,0.4681931,0.5233501,0.71196896,0.7535156,-0.6573141,-0.012339532
1356512491533,0.38679975,0.48214382,-0.786081,0.51043826,0.5979926,0.6179463,0.7680096,-0.6402673,-0.014801264
1356512491571,0.30380404,0.4161178,-0.85705835,0.5420733,0.6642815,0.5146713,0.7834919,-0.6209477,-0.023754954
1356512491611,0.22953692,0.35562232,-0.90600526,0.5611476,0.71222216,0.4217262,0.7952523,-0.60520434,-0.036075294
1356512491651,0.17304683,0.30913055,-0.93514335,0.5734249,0.7403329,0.35084337,0.80077386,-0.59694684,-0.049150884
1356512491691,0.13599938,0.28224093,-0.9496548,0.58301425,0.75220597,0.30705142,0.80099845,-0.5954211,-0.062250912
1356512491731,0.11937183,0.27851725,-0.95298404,0.5909727,0.7513591,0.29361662,0.7978105,-0.59823716,-0.07490498
1356512491773,0.12584451,0.30037707,-0.9454823,0.59726083,0.73803985,0.31396914,0.79211277,-0.60421085,-0.0865252
1356512491812,0.15706286,0.34739423,-0.92447203,0.60099167,0.7091849,0.36859983,0.7836711,-0.6134933,-0.09739441
1356512491865,0.21153879,0.41647485,-0.8841946,0.6017145,0.6574034,0.4536082,0.7701889,-0.6279884,-0.11153263
1356512491908,0.29617354,0.51514447,-0.80430555,0.5833523,0.5692197,0.57938665,0.75629437,-0.64079255,-0.1319229
1356512491945,0.37547708,0.6069467,-0.70045173,0.5491514,0.46311837,0.6956681,0.74662554,-0.6458615,-0.1594153
1356512491984,0.409465,0.67306906,-0.61588675,0.52389497,0.37920466,0.76271737,0.7469086,-0.634966,-0.19734645
1356512492032,0.40106535,0.721799,-0.5640502,0.51611423,0.33066207,0.7901194,0.75681746,-0.60800385,-0.23991364
1356512492065,0.37124038,0.7575659,-0.53691196,0.51865023,0.31044078,0.7966357,0.77018344,-0.57421285,-0.2776636
1356512492102,0.3486492,0.78288877,-0.51529497,0.5187069,0.2967441,0.8018018,0.7806323,-0.5468346,-0.30263025
1356512492132,0.3388415,0.79851454,-0.497555,0.51570684,0.2846836,0.8080852,0.7869135,-0.5304053,-0.31533676
1356512492172,0.35983574,0.8080111,-0.46651497,0.49746126,0.2568577,0.82858694,0.7893355,-0.5302284,-0.3095277
1356512492212,0.3908683,0.8066194,-0.4433814,0.47278368,0.23736185,0.84860766,0.7897452,-0.54131734,-0.2885793
1356512492252,0.42227358,0.79612386,-0.4334419,0.44696212,0.23312718,0.8636415,0.7886127,-0.55842507,-0.25739372
1356512492292,0.44961622,0.77863985,-0.43768167,0.42505783,0.24445298,0.8715323,0.78560233,-0.57789516,-0.22105694
1356512492332,0.47194415,0.75584936,-0.4538287,0.4094844,0.26794076,0.8720839,0.78076327,-0.5974107,-0.18305546
1356512492372,0.4896745,0.7289924,-0.4783188,0.40032715,0.29936975,0.8660924,0.7745689,-0.6155874,-0.14524171
1356512492414,0.5038279,0.69914716,-0.50729746,0.39622432,0.33480385,0.8549344,0.7675701,-0.6317434,-0.108335584
1356512492453,0.51057726,0.6671616,-0.54240793,0.39959526,0.37445444,0.8367243,0.76133734,-0.64395607,-0.07540667
1356512492493,0.50699407,0.6358308,-0.5819589,0.408913,0.4169294,0.8117636,0.75878,-0.6495299,-0.048618734
1356512492532,0.48680007,0.6048167,-0.6302559,0.42589712,0.46560812,0.7757711,0.7626515,-0.6460696,-0.030931592
1356512492572,0.4496615,0.573475,-0.68478537,0.44796467,0.5184814,0.72835755,0.77274334,-0.634274,-0.023755431
1356512492614,0.4020487,0.5412115,-0.73854375,0.47056076,0.56980175,0.6737199,0.78544843,-0.61839795,-0.025584877
1356512492653,0.35769972,0.5088758,-0.7830047,0.4900324,0.6114764,0.62126064,0.7949334,-0.60592246,-0.030640662
1356512492694,0.3252647,0.48048028,-0.81445783,0.5065788,0.63874084,0.579127,0.79848653,-0.6009566,-0.035641253
1356512492733,0.3045017,0.45891273,-0.8346723,0.52066565,0.6535892,0.54929817,0.7976127,-0.6018474,-0.039921045
1356512492775,0.29356062,0.4469673,-0.8450102,0.53184897,0.65814924,0.53289425,0.7943291,-0.60585463,-0.04451239
1356512492815,0.29251274,0.4471031,-0.84530175,0.5387684,0.6532562,0.5319633,0.7900411,-0.6110279,-0.049799263
1356512492855,0.30198637,0.45991907,-0.8350321,0.54113585,0.63843226,0.54733557,0.78484154,-0.6171537,-0.05608082
1356512492895,0.32059827,0.4843289,-0.8140284,0.5399455,0.61264896,0.57716554,0.77825165,-0.62456924,-0.065096974
1356512492933,0.34433877,0.51849365,-0.7826846,0.53588295,0.5759759,0.6173178,0.7708828,-0.6319938,-0.07952106
1356512492974,0.36080924,0.55736196,-0.7477729,0.5333066,0.5344615,0.65569425,0.76511484,-0.63537276,-0.10440618
1356512493041,0.35810587,0.5992599,-0.7159942,0.5344617,0.49721858,0.683465,0.7655788,-0.62742424,-0.14222455
1356512493057,0.32213333,0.64006203,-0.6975319,0.5417467,0.47960696,0.69028085,0.7763638,-0.60024804,-0.19225413
1356512493095,0.26970214,0.67450494,-0.68724364,0.54898673,0.4786405,0.68521297,0.79112214,-0.562091,-0.2412039
1356512493132,0.21486002,0.69781286,-0.68329525,0.5526021,0.49000818,0.67418313,0.8052739,-0.52244544,-0.2803297
1356512493172,0.17927802,0.7113855,-0.67955136,0.5510684,0.49959314,0.66837883,0.8149742,-0.49430493,-0.30245602
1356512493212,0.17215002,0.7182324,-0.67417103,0.54518557,0.5005485,0.67247593,0.8204493,-0.48331502,-0.3054005
1356512493252,0.19123903,0.71972597,-0.6673995,0.53440213,0.49398926,0.685849,0.82331157,-0.48782077,-0.29015303
1356512493292,0.22764537,0.71532726,-0.6606697,0.51873577,0.48510584,0.70397836,0.8240696,-0.5029704,-0.2606337
1356512493332,0.272684,0.7045641,-0.6551587,0.5005764,0.47763744,0.72200125,0.82162446,-0.52483517,-0.22244406
1356512493372,0.3201972,0.68768084,-0.6515895,0.48308787,0.47313097,0.7367315,0.8149233,-0.5506743,-0.18071502
1356512493412,0.3659852,0.6656559,-0.6503515,0.46813613,0.47229367,0.74685156,0.80430305,-0.57778966,-0.1387651
1356512493452,0.40606043,0.63989127,-0.65242183,0.45704126,0.47602567,0.75134075,0.79134583,-0.6032734,-0.099161506
1356512493493,0.4364193,0.6121491,-0.6594025,0.45114505,0.48521,0.74902564,0.7784641,-0.6243754,-0.06441307
1356512493533,0.45128635,0.5839471,-0.67479354,0.45229,0.5021806,0.7370538,0.7692687,-0.6378247,-0.037486255
1356512493574,0.4447039,0.5565784,-0.70175415,0.4610857,0.529441,0.71210414,0.7678792,-0.6402443,-0.021185875
1356512493612,0.41720897,0.52895635,-0.7390141,0.47586066,0.56563735,0.67350656,0.7742695,-0.6326607,-0.015720546
1356512493652,0.37345266,0.50111973,-0.7806485,0.49234048,0.60615766,0.62463886,0.786215,-0.6176179,-0.020350337
1356512493693,0.32467896,0.47264263,-0.8192634,0.5076665,0.6437576,0.5725826,0.798034,-0.6018182,-0.03093034
1356512493734,0.28251284,0.44589865,-0.8493297,0.52159244,0.6716666,0.52612287,0.80506384,-0.5916404,-0.042822897
1356512493774,0.25202754,0.42441,-0.86968863,0.53529286,0.6875502,0.49064887,0.80619085,-0.58919513,-0.05390203
1356512493816,0.23292437,0.41142905,-0.8811767,0.54896283,0.6923048,0.46835235,0.80273664,-0.592824,-0.06460458
1356512493855,0.22521934,0.41016138,-0.88376695,0.55989814,0.6878537,0.46192148,0.79736465,-0.59885305,-0.074730635
1356512493896,0.22860712,0.42031065,-0.87811035,0.56840885,0.674655,0.4709055,0.7903481,-0.606778,-0.08467734
1356512493953,0.24597773,0.44455662,-0.86131555,0.5723036,0.6505716,0.4992246,0.7822811,-0.61573213,-0.09439522
1356512493971,0.27223802,0.477881,-0.8351743,0.5731515,0.6166477,0.5396692,0.77290606,-0.6255999,-0.10602331
1356512494035,0.29648054,0.5188356,-0.801816,0.57368344,0.57446414,0.58384776,0.7635356,-0.6330881,-0.12733
1356512494048,0.3257547,0.57054126,-0.7539009,0.5658715,0.52114475,0.6389035,0.7574123,-0.6347368,-0.15308768
1356512494078,0.33325243,0.6142422,-0.7152967,0.5617825,0.47992176,0.6738513,0.75719434,-0.62640375,-0.18513542
1356512494125,0.2926125,0.64896065,-0.7023018,0.5683581,0.472601,0.67351115,0.7689908,-0.5962367,-0.23055315
1356512494171,0.2372703,0.6766132,-0.6970634,0.5748848,0.48062003,0.6622023,0.7830774,-0.5578521,-0.2749378
1356512494210,0.20402801,0.6978651,-0.6865543,0.5772953,0.4806229,0.6600998,0.7906344,-0.53102344,-0.30481374
1356512494250,0.20334107,0.71446115,-0.6694757,0.5758104,0.4657579,0.67194647,0.79189324,-0.5221253,-0.3166864
1356512494290,0.23072553,0.72589386,-0.64795357,0.5679904,0.44021088,0.6954144,0.7900333,-0.52848136,-0.3107329
1356512494331,0.2742356,0.73005146,-0.625955,0.55213076,0.41340655,0.7240488,0.78736675,-0.544169,-0.28971308
1356512494370,0.32169527,0.72574973,-0.6081115,0.5307025,0.39367896,0.750581,0.7841346,-0.56418467,-0.2585125
1356512494410,0.36618975,0.71374863,-0.59704936,0.5079842,0.38424554,0.77091336,0.7796519,-0.58559215,-0.22186625
1356512494450,0.40491864,0.6957497,-0.5932734,0.48698288,0.38506243,0.7839481,0.77387893,-0.6063492,-0.18289924
1356512494490,0.43674994,0.6736326,-0.5962119,0.4692253,0.3948726,0.78987557,0.76751363,-0.6247358,-0.14362484
1356512494530,0.46113402,0.64912564,-0.60497224,0.4556592,0.41179836,0.7891748,0.7614001,-0.63957644,-0.1058858
1356512494571,0.4757793,0.6236223,-0.6202654,0.44785464,0.43517238,0.7810577,0.7570074,-0.6493999,-0.072246134
1356512494612,0.47500294,0.5980899,-0.6454926,0.44823927,0.46678865,0.7623581,0.7572673,-0.6514575,-0.046361387
1356512494651,0.4541995,0.5721578,-0.6828896,0.45808044,0.5074445,0.72983724,0.7641107,-0.64431006,-0.03161329
1356512494691,0.4123305,0.5453141,-0.7298055,0.4745296,0.5552716,0.6830045,0.77769226,-0.6279379,-0.029812217
1356512494731,0.3570695,0.5161833,-0.7784961,0.49203616,0.60449225,0.6264898,0.7939785,-0.60674864,-0.03813511
1356512494773,0.30227715,0.486659,-0.81962895,0.5061733,0.6466585,0.5706324,0.8077234,-0.5873634,-0.050863743
1356512494814,0.2585885,0.46122795,-0.84876424,0.5173786,0.67586833,0.52490133,0.81575197,-0.5748659,-0.063857675
1356512494854,0.22962406,0.44478697,-0.8657005,0.52656233,0.69127834,0.49483964,0.8185382,-0.5694723,-0.075473905
1356512494893,0.21473873,0.4402457,-0.8718205,0.5343481,0.6942388,0.48218736,0.8175325,-0.5693999,-0.086164474
1356512494935,0.21472856,0.45014924,-0.8667511,0.5401094,0.6846726,0.4893929,0.8137405,-0.57322705,-0.09611106
1356512494975,0.23015592,0.47430423,-0.84974337,0.54343504,0.6617123,0.51654154,0.8072835,-0.5806654,-0.10545653
1356512495042,0.2596277,0.5097163,-0.8202334,0.544129,0.624485,0.5603053,0.79782027,-0.5917836,-0.115217805
1356512495055,0.29864854,0.55251104,-0.7781648,0.5420863,0.5728661,0.6147901,0.78546256,-0.6054386,-0.12842304
1356512495092,0.3381555,0.5990588,-0.7257957,0.5355926,0.51164037,0.67183685,0.77381617,-0.61591613,-0.14783746
1356512495135,0.35974783,0.64258635,-0.6765089,0.52955556,0.45634627,0.7150658,0.76821387,-0.6154924,-0.17611557
1356512495173,0.34943995,0.6818153,-0.64266604,0.5287309,0.4227673,0.7360105,0.77352136,-0.59698886,-0.21276504
1356512495215,0.3140813,0.715063,-0.6245301,0.5314703,0.4126621,0.739763,0.78669703,-0.5642649,-0.25042528
1356512495255,0.27348724,0.73961073,-0.61496395,0.53315455,0.4155763,0.7369142,0.80059415,-0.52940744,-0.280672
1356512495292,0.24923986,0.7553553,-0.60606754,0.53129596,0.4165833,0.7376876,0.8096938,-0.50586236,-0.29748803
1356512495332,0.2506384,0.76407886,-0.5944442,0.5240253,0.40922347,0.7469496,0.81398886,-0.49871808,-0.2978295
1356512495372,0.27285463,0.7658148,-0.58230406,0.510537,0.3977524,0.7623287,0.81541544,-0.5052927,-0.28244823
1356512495412,0.30687618,0.7606121,-0.57209826,0.49169523,0.38797104,0.7795603,0.8149005,-0.5205265,-0.25493026
1356512495452,0.34523892,0.7490441,-0.56545824,0.4708833,0.3829313,0.79475313,0.8118368,-0.5406446,-0.22050959
1356512495492,0.38429886,0.73218143,-0.5623386,0.45114076,0.38249737,0.8063298,0.80547273,-0.56356555,-0.18332362
1356512495533,0.4218238,0.7111851,-0.5623882,0.4340457,0.38618404,0.81392026,0.79603326,-0.5874331,-0.14578521
1356512495572,0.45549345,0.687407,-0.565683,0.42042944,0.3939997,0.8173147,0.78470683,-0.6101113,-0.10954189
1356512495613,0.48212764,0.66256046,-0.5732072,0.4112431,0.40656075,0.81583536,0.7735838,-0.6290643,-0.07645929
1356512495653,0.49659607,0.6387709,-0.5876768,0.40831012,0.42555377,0.8075808,0.76594716,-0.64099586,-0.049488306
1356512495694,0.49256417,0.61842793,-0.61231315,0.4132442,0.45299938,0.78994983,0.76590455,-0.6421358,-0.03243047
1356512495733,0.46941814,0.6011915,-0.64669573,0.42553937,0.48770365,0.7622738,0.7736684,-0.6330197,-0.026893735
1356512495772,0.42912292,0.587008,-0.6864948,0.4412023,0.5269678,0.72639203,0.78815866,-0.6145946,-0.032855332
1356512495813,0.38263297,0.57362294,-0.7242574,0.4550785,0.5652056,0.6880743,0.80404955,-0.5928739,-0.044777155
1356512495855,0.34347105,0.5611914,-0.75305504,0.46486518,0.595131,0.65553,0.81604415,-0.57522464,-0.05646807
1356512495895,0.31887496,0.5520461,-0.7704309,0.47216433,0.6122935,0.63415885,0.8218148,-0.56598735,-0.06541145
1356512495935,0.30842182,0.54932714,-0.77660525,0.47772813,0.61653495,0.6258279,0.82258844,-0.56402516,-0.072276175
1356512495976,0.31028327,0.5544636,-0.772201,0.4818232,0.60850525,0.63052976,0.8194942,-0.5677072,-0.078344464
1356512496043,0.32416764,0.5690169,-0.7557349,0.48224154,0.58788264,0.64949,0.8138541,-0.5749904,-0.08383101
1356512496053,0.34877664,0.5886148,-0.7293061,0.48140165,0.55515087,0.67827713,0.804119,-0.5876564,-0.08973652
1356512496091,0.3827126,0.6139084,-0.69039667,0.4756808,0.5096832,0.7169036,0.79199684,-0.60277647,-0.09696227
1356512496135,0.41584748,0.63798034,-0.64811414,0.47025275,0.45914316,0.75369084,0.77841717,-0.6181979,-0.10907847
1356512496175,0.43753055,0.6626948,-0.607785,0.46654034,0.41052166,0.7834616,0.7687049,-0.62634456,-0.12955809
1356512496214,0.43324423,0.69055635,-0.57916445,0.46840367,0.3764854,0.79928523,0.7699984,-0.61756843,-0.16034895
1356512496254,0.3955853,0.7221524,-0.56745774,0.47651955,0.36680412,0.7989893,0.78513783,-0.5864731,-0.1990174
1356512496293,0.33964506,0.7500522,-0.5675059,0.48576176,0.37678924,0.7887112,0.8054047,-0.54355454,-0.23637211
1356512496332,0.28580844,0.76810133,-0.5730042,0.49271235,0.39506876,0.775342,0.82191736,-0.50392556,-0.26553905
1356512496372,0.25111508,0.77408946,-0.5811425,0.4980589,0.41147232,0.7633006,0.829987,-0.48111945,-0.28221524
1356512496412,0.24085289,0.7695358,-0.5914427,0.50175,0.42290986,0.75458217,0.83080494,-0.47849965,-0.28425545
1356512496452,0.2507707,0.75631607,-0.60423505,0.50268745,0.431688,0.74896646,0.8272964,-0.49156022,-0.27193588
1356512496492,0.2741603,0.7359647,-0.619025,0.50115985,0.4400362,0.745122,0.82077694,-0.5145133,-0.24819553
1356512496532,0.30445695,0.709923,-0.63507104,0.49919105,0.44891244,0.7411383,0.81124246,-0.5426665,-0.2177127
1356512496572,0.33840585,0.6798817,-0.6505708,0.4973774,0.4576581,0.7369971,0.7988098,-0.5729834,-0.18328363
1356512496612,0.37243634,0.647647,-0.6647139,0.49530149,0.46699786,0.7325227,0.7848361,-0.60205185,-0.1468535
1356512496652,0.40232682,0.6155129,-0.67769986,0.49269408,0.47833943,0.7269415,0.77161247,-0.6263668,-0.11081076
1356512496691,0.42369166,0.5860769,-0.6906514,0.4895787,0.49333724,0.7189792,0.7621012,-0.64275366,-0.07790786
1356512496733,0.431253,0.5617996,-0.705976,0.4870085,0.5137447,0.7063208,0.7595022,-0.6484193,-0.052047253
1356512496772,0.41965413,0.54504246,-0.72582316,0.4849909,0.5412819,0.6868754,0.76725113,-0.64026767,-0.037189424
1356512496811,0.39216477,0.5336631,-0.7492733,0.4843127,0.57271135,0.66139466,0.7820792,-0.62225825,-0.03386265
1356512496852,0.35439283,0.5258515,-0.77323085,0.48454776,0.6039545,0.6328131,0.79976195,-0.59893167,-0.04076302
1356512496922,0.31164894,0.51977783,-0.7954282,0.4879883,0.6307386,0.6033542,0.81531733,-0.5761943,-0.057076454
1356512496941,0.2804965,0.5122243,-0.811756,0.49386933,0.64815557,0.57964414,0.82305205,-0.5634896,-0.071166515
1356512496983,0.26376936,0.5067232,-0.8207663,0.50317675,0.65367067,0.5652678,0.82294524,-0.5620909,-0.08255309
1356512497018,0.25993487,0.5069473,-0.82185054,0.51302433,0.6485491,0.5623079,0.8180709,-0.5677927,-0.09149575
1356512497060,0.2681196,0.5135232,-0.8151109,0.5224949,0.63333094,0.5708687,0.80938923,-0.5789524,-0.09850484
1356512497103,0.28849941,0.528038,-0.7987139,0.52907145,0.60735035,0.5926288,0.7980298,-0.5935498,-0.10414964
1356512497144,0.31865412,0.54879487,-0.77284133,0.53221333,0.57109827,0.62497663,0.7843523,-0.6104678,-0.11009312
1356512497183,0.35328978,0.57507503,-0.7378856,0.53120816,0.52594197,0.6642311,0.7700677,-0.6266369,-0.11967462
1356512497223,0.38048428,0.6063337,-0.69827735,0.5274369,0.47794592,0.70240873,0.7596328,-0.6355527,-0.13795179
1356512497265,0.38516322,0.64284927,-0.66211337,0.52508956,0.43734565,0.7300751,0.7589007,-0.6288669,-0.16910398
1356512497304,0.36064368,0.68229675,-0.6359303,0.52736986,0.41319257,0.7423968,0.76929665,-0.6031112,-0.21080744
1356512497346,0.31575477,0.71817803,-0.62009615,0.53224325,0.40696704,0.7423576,0.7855037,-0.564445,-0.25374365
1356512497383,0.27241954,0.7442745,-0.6097894,0.53480256,0.4097176,0.73899776,0.79985857,-0.5274344,-0.28642482
1356512497422,0.246277,0.75970846,-0.60182285,0.5321134,0.41300687,0.739108,0.8100636,-0.50226325,-0.3025369
1356512497462,0.24283004,0.76627964,-0.5948522,0.52306074,0.41300112,0.74554515,0.8169707,-0.4921846,-0.30052167
1356512497502,0.2592712,0.76588094,-0.5883918,0.5074706,0.4103166,0.757703,0.8217372,-0.49504215,-0.28227884
1356512497542,0.28876114,0.75970167,-0.5826409,0.48700052,0.4073984,0.77256525,0.8242861,-0.5068332,-0.2523343
1356512497582,0.32412764,0.7486942,-0.57827175,0.46525013,0.40608218,0.7865364,0.82370114,-0.52397925,-0.21670765
1356512497622,0.36107242,0.73391247,-0.57532525,0.44502446,0.4065531,0.7979147,0.81949985,-0.54413885,-0.17981392
1356512497662,0.39663598,0.7164684,-0.5738927,0.42763418,0.40898243,0.8061404,0.81228626,-0.5651605,-0.14416927
1356512497702,0.42877907,0.69764924,-0.5739635,0.41323578,0.41350818,0.81132436,0.80335844,-0.5850612,-0.11098999
1356512497744,0.45443097,0.67900556,-0.57657945,0.40225953,0.4210926,0.8129381,0.7947829,-0.6013589,-0.08177894
1356512497782,0.4687624,0.66254175,-0.584209,0.3959522,0.4336037,0.8094502,0.78960985,-0.6107587,-0.0590778
1356512497824,0.46656394,0.6500193,-0.59982747,0.39580488,0.45303357,0.798811,0.7909846,-0.61011106,-0.04591167
1356512497862,0.4454506,0.64145666,-0.62458557,0.40203482,0.48001748,0.7797123,0.79996365,-0.5984285,-0.044063807
1356512497902,0.40977222,0.6345688,-0.65529317,0.41207466,0.5121229,0.7536077,0.8138066,-0.5788372,-0.05163598
1356512497945,0.3709686,0.6267906,-0.6852123,0.42225763,0.54332083,0.7256039,0.82709175,-0.5585124,-0.06311214
1356512497984,0.3417234,0.61796695,-0.7080551,0.43117875,0.56634295,0.702382,0.8350509,-0.54531866,-0.07292163
1356512498039,0.32723784,0.61068416,-0.7210966,0.43937707,0.57726526,0.6882678,0.8365783,-0.5420606,-0.07941759
1356512498064,0.32561752,0.60810554,-0.7240034,0.4462875,0.57621586,0.68469167,0.83354706,-0.5460613,-0.08376396
1356512498108,0.33510613,0.6119316,-0.7164101,0.45108825,0.5633608,0.69220227,0.8271778,-0.5551254,-0.08724952
1356512498145,0.3542347,0.6238593,-0.6966473,0.45089778,0.5386963,0.7116864,0.8192735,-0.56622064,-0.090471864
1356512498186,0.38072404,0.639814,-0.66759807,0.44828472,0.50374484,0.73843205,0.8087583,-0.58041286,-0.09503114
1356512498226,0.41250342,0.66074485,-0.62710214,0.4409645,0.45753717,0.77214634,0.79711425,-0.5950428,-0.10262936
1356512498268,0.43803698,0.68270916,-0.58483493,0.43645856,0.4072321,0.802288,0.78589284,-0.60668796,-0.119591475
1356512498305,0.45170283,0.7077947,-0.5431309,0.43380195,0.35772222,0.82695264,0.77960265,-0.6091481,-0.14545864
1356512498344,0.4352216,0.73586106,-0.5187395,0.44299173,0.3265723,0.8349305,0.78379875,-0.59317714,-0.18384904
1356512498385,0.39030868,0.7653456,-0.5117668,0.46117294,0.318574,0.8281486,0.79685545,-0.55924654,-0.22861445
1356512498423,0.33226418,0.7897137,-0.5157061,0.48016542,0.3289848,0.8131483,0.8118138,-0.5178043,-0.26988333
1356512498463,0.28233838,0.8046949,-0.5222558,0.49326777,0.3451481,0.7984733,0.822783,-0.4830516,-0.2994815
1356512498502,0.25351226,0.8105911,-0.52789545,0.49912012,0.35785693,0.7891879,0.8286197,-0.46355203,-0.3138612
1356512498542,0.24801055,0.80960584,-0.5320048,0.4974277,0.36481515,0.7870677,0.83129805,-0.459835,-0.3122424
1356512498582,0.25935864,0.80282253,-0.53685105,0.4892308,0.37006062,0.78975207,0.8326982,-0.4674731,-0.29678708
1356512498622,0.27983624,0.79090613,-0.5442052,0.47701555,0.37738472,0.7937487,0.8331554,-0.48171395,-0.27166855
1356512498662,0.304534,0.77437526,-0.55461884,0.46348864,0.38821593,0.7965341,0.83212817,-0.49963123,-0.24068916
1356512498702,0.33119583,0.7535753,-0.56783235,0.4507165,0.40235043,0.7968493,0.8289535,-0.5198446,-0.20639205
1356512498742,0.35927296,0.7287553,-0.58295685,0.44009703,0.41853756,0.7944438,0.82294446,-0.54197973,-0.17035383
1356512498783,0.38701922,0.700322,-0.59980434,0.43275827,0.43644452,0.7888196,0.81420904,-0.5648586,-0.13415772
1356512498822,0.40835178,0.66945195,-0.6205505,0.43007687,0.45853233,0.7776773,0.80516005,-0.58445036,-0.10067332
1356512498863,0.4147965,0.63800526,-0.6487628,0.43335852,0.4884192,0.75739497,0.8000902,-0.5953117,-0.07389045
1356512498903,0.3998192,0.60696584,-0.6868312,0.44281274,0.5281774,0.7245313,0.8025344,-0.59381914,-0.057596743
1356512498943,0.36570284,0.5750162,-0.7318591,0.45627102,0.57459784,0.67945135,0.81122017,-0.5824034,-0.052231193
1356512498984,0.32031322,0.5422247,-0.7767829,0.4697389,0.6211632,0.627297,0.82264495,-0.5658167,-0.055737317
1356512499039,0.27608782,0.50909746,-0.8152272,0.48299423,0.6598274,0.5756252,0.83095855,-0.5526731,-0.06372082
1356512499076,0.24411064,0.47927982,-0.8430308,0.49629694,0.68511146,0.5332089,0.8331263,-0.54855555,-0.07062209
1356512499115,0.2266742,0.45906535,-0.85899806,0.5101956,0.69530326,0.5062151,0.8296499,-0.55300295,-0.07660586
1356512499155,0.22205198,0.45175385,-0.8640667,0.52285415,0.69283295,0.49659437,0.8229923,-0.56205064,-0.08235645
1356512499196,0.22959924,0.45742163,-0.85909814,0.5345546,0.6783658,0.5040547,0.81334835,-0.5749654,-0.08876455
1356512499235,0.25087744,0.47839504,-0.84154546,0.54189974,0.65095794,0.5315999,0.80212545,-0.5893997,-0.09593147
1356512499274,0.28056002,0.50836366,-0.8141574,0.547265,0.61211926,0.5707985,0.7885347,-0.6057031,-0.106473505
1356512499315,0.3161514,0.5483453,-0.7741871,0.5468631,0.56149495,0.6210187,0.7752348,-0.61971027,-0.12235242
1356512499357,0.33742645,0.5909864,-0.73271996,0.5445622,0.51236206,0.6640309,0.7678512,-0.6230732,-0.14894438
1356512499395,0.33845997,0.6348565,-0.69455177,0.5401353,0.4733261,0.6958566,0.7705185,-0.6106715,-0.18270648
1356512499433,0.29801068,0.6705431,-0.6793834,0.5396439,0.46872714,0.69934213,0.7873844,-0.5750365,-0.22216874
1356512499473,0.23333344,0.6949977,-0.68009824,0.53657085,0.49126163,0.68611497,0.8109545,-0.52501446,-0.25828773
1356512499512,0.17334569,0.70822436,-0.6843753,0.52712494,0.52026474,0.67191064,0.8319198,-0.4772241,-0.28313708
1356512499552,0.138973,0.71543944,-0.6847137,0.5141356,0.5388122,0.6673424,0.8463752,-0.44477832,-0.2929526
1356512499592,0.13571468,0.72075105,-0.67977893,0.5000206,0.54250586,0.6750309,0.8553133,-0.43151516,-0.28676438
1356512499632,0.15802568,0.7241447,-0.67129886,0.48393455,0.53580076,0.69189936,0.8607178,-0.4342026,-0.2657684
1356512499672,0.19518274,0.72297454,-0.6627303,0.46595109,0.5262421,0.71130776,0.86301404,-0.4476349,-0.23415744
1356512499712,0.23806,0.7153095,-0.6570082,0.44856465,0.5190172,0.7276063,0.86146224,-0.4679246,-0.19730532
1356512499752,0.28085965,0.7008627,-0.6556747,0.43439108,0.51636183,0.7380209,0.8558167,-0.49209952,-0.15942329
1356512499792,0.3205093,0.68061393,-0.6588159,0.42496604,0.518269,0.7421597,0.84656817,-0.5178435,-0.12312776
1356512499832,0.3541527,0.6556885,-0.6668197,0.42166793,0.5244787,0.7396745,0.8347287,-0.5431343,-0.09073728
1356512499890,0.3788238,0.62771195,-0.6800517,0.42508572,0.53469956,0.7303414,0.8220674,-0.5657509,-0.06427443
1356512499911,0.38715884,0.5969245,-0.70270145,0.43629593,0.5528014,0.70996946,0.8122524,-0.5814567,-0.04641378
1356512499951,0.37067994,0.5626246,-0.738952,0.45551074,0.5832383,0.6725645,0.80938643,-0.58590674,-0.040086746
1356512499989,0.32566643,0.5233978,-0.78739834,0.47930983,0.626461,0.6146614,0.8149868,-0.5775823,-0.04685235
1356512500030,0.2623271,0.47997773,-0.8371415,0.49962324,0.6746336,0.5433655,0.8255671,-0.56079483,-0.06283331
1356512500075,0.1966826,0.43733037,-0.87752944,0.5111032,0.71805537,0.47240856,0.8367134,-0.54142267,-0.08229196
1356512500115,0.14740354,0.40309322,-0.90320987,0.5156048,0.7479721,0.41795868,0.844052,-0.5273079,-0.097583055
1356512500154,0.12011075,0.38257632,-0.9160834,0.5185232,0.76271945,0.38651353,0.8465856,-0.52143496,-0.1067639
1356512500196,0.11284667,0.37828916,-0.9187834,0.52246153,0.7639464,0.3787081,0.8451625,-0.522765,-0.11143273
1356512500235,0.12277293,0.390665,-0.91230905,0.52744216,0.7530062,0.393429,0.8406733,-0.5294927,-0.11360443
1356512500274,0.14915359,0.41972116,-0.8953141,0.53203243,0.72914386,0.4304541,0.83348346,-0.5405399,-0.11455083
1356512500314,0.19160357,0.46479627,-0.8644377,0.5332821,0.69009835,0.489259,0.8239528,-0.5547329,-0.11564225
1356512500353,0.24661553,0.52210844,-0.8164457,0.5280123,0.6340521,0.5649611,0.8126401,-0.5704216,-0.119312584
1356512500394,0.30619848,0.5869613,-0.749479,0.512451,0.5618619,0.64938825,0.8022695,-0.582913,-0.1287477
1356512500436,0.34995508,0.6496967,-0.67485225,0.49020493,0.4868853,0.7229397,0.79826725,-0.58381236,-0.14809656
1356512500474,0.36710083,0.70665795,-0.6048732,0.4678567,0.42176092,0.7766774,0.8039571,-0.5681129,-0.1757859
1356512500516,0.34345856,0.7512889,-0.56356126,0.45800674,0.3898838,0.7988871,0.81991833,-0.5324995,-0.21018648
1356512500553,0.30963293,0.787583,-0.5327667,0.45293054,0.37048742,0.810921,0.836051,-0.49239415,-0.24200529
1356512500592,0.28756195,0.81624335,-0.50105387,0.44754595,0.34800363,0.82376945,0.84676486,-0.4611294,-0.2652338
1356512500632,0.292686,0.8399031,-0.45705324,0.43554625,0.30842006,0.8456811,0.85125464,-0.44658682,-0.27554643
1356512500672,0.32204545,0.8569035,-0.40249622,0.4128943,0.25545424,0.8742205,0.85194194,-0.44772717,-0.27154273
1356512500712,0.36292806,0.8647179,-0.34719756,0.38009638,0.20281354,0.90243745,0.85077024,-0.4594884,-0.25506938
1356512500752,0.4038957,0.8636787,-0.30154157,0.34326681,0.16245243,0.9250822,0.84796,-0.4771459,-0.23085845
1356512500792,0.44074643,0.85617006,-0.26965812,0.3084879,0.13763863,0.9412178,0.84295785,-0.49802458,-0.20345435
1356512500833,0.47275454,0.8444711,-0.25173756,0.27917603,0.12742746,0.95174736,0.83580136,-0.520222,-0.17551419
1356512500872,0.49955454,0.83034605,-0.24692252,0.25698632,0.1301587,0.9576099,0.8272867,-0.5418341,-0.14836621
1356512500912,0.51978284,0.8152745,-0.2552513,0.24357602,0.14495298,0.95898867,0.8188385,-0.5606389,-0.12323728
1356512500954,0.5294422,0.80085206,-0.27986947,0.24210954,0.1735416,0.95460266,0.8130646,-0.57316595,-0.10201368
1356512500993,0.5228692,0.78747094,-0.32633913,0.25693223,0.21944165,0.9411861,0.81276906,-0.5759642,-0.08758736
1356512501032,0.49210474,0.7739662,-0.39850894,0.28977406,0.28603384,0.9133541,0.8208922,-0.5649435,-0.08351672
1356512501070,0.44151002,0.7540436,-0.48629946,0.3318534,0.36632252,0.8692992,0.83363193,-0.5451844,-0.088496864
1356512501111,0.37976336,0.72615445,-0.5731313,0.37148985,0.44768697,0.8133706,0.8472161,-0.5218009,-0.0997439
1356512501156,0.32295865,0.69427407,-0.6431805,0.4008075,0.5153098,0.7575019,0.8573512,-0.50243336,-0.11184651
1356512501195,0.28496683,0.6673696,-0.68804914,0.41883752,0.55896574,0.7156342,0.8621885,-0.49211276,-0.12023276
1356512501234,0.2690833,0.65210366,-0.7087701,0.42965567,0.5773494,0.6943081,0.8619688,-0.4913538,-0.12482494
1356512501276,0.2729482,0.6519147,-0.70746475,0.4346077,0.5725096,0.695233,0.85826296,-0.49723223,-0.12706172
1356512501314,0.29453,0.6666032,-0.6847571,0.43311644,0.54561067,0.7174393,0.85185814,-0.507887,-0.12801808
1356512501354,0.33286142,0.6936754,-0.6387626,0.42316115,0.49547303,0.75857836,0.8426968,-0.522801,-0.12861264
1356512501393,0.38470814,0.7273524,-0.5682942,0.4024055,0.42192963,0.81243175,0.8307043,-0.54123384,-0.1303708
