1356512915832,0.21296489,0.26954132,-0.9391451,-0.7537052,-0.56633526,-0.33345595,-0.62175107,0.77885294,0.08254513
1356512915871,0.5020568,0.31551564,0.80522597,0.60113144,0.54206353,-0.5872037,-0.6217556,0.7788562,0.08248031
1356512915912,0.5020168,0.31587812,0.8051088,0.60113895,0.54182625,-0.58741486,-0.62178063,0.7788744,0.0821192
1356512915950,0.5019554,0.31667244,0.804835,0.6011262,0.54131854,-0.587896,-0.62184256,0.7789049,0.08135766
1356512916009,0.5019053,0.31778014,0.80442953,0.601027,0.54067874,-0.5885856,-0.62197876,0.7788981,0.080375075
1356512916032,0.5019215,0.31882387,0.80400634,0.6007392,0.54026,-0.5892636,-0.62224376,0.77876216,0.07963812
1356512916071,0.50204974,0.31954595,0.8036395,0.60023415,0.5402445,-0.58979225,-0.62262756,0.77847695,0.07942724
1356512916108,0.50232005,0.31992534,0.80331963,0.5994967,0.54063934,-0.5901804,-0.6231199,0.77804685,0.079779774
1356512916151,0.5023155,0.31995678,0.80330986,0.5988802,0.5413896,-0.5901185,-0.62371594,0.7775121,0.08033267
1356512916190,0.5033289,0.3217367,0.80196345,0.5971693,0.5412801,-0.59194994,-0.6245389,0.77685344,0.08031064
1356512916231,0.5040072,0.3253758,0.8000671,0.5951657,0.54044855,-0.594721,-0.62590295,0.77591616,0.07873744
1356512916271,0.5043359,0.3317132,0.7972526,0.59253526,0.5386611,-0.5989542,-0.62813,0.7744744,0.07511437
1356512916310,0.50425947,0.3406137,0.7935393,0.5892087,0.5360843,-0.60452175,-0.6313124,0.7723962,0.06963301
1356512916351,0.50388926,0.35069412,0.78937274,0.5855892,0.5331009,-0.6106461,-0.63496536,0.7699461,0.06326112
1356512916391,0.5034634,0.36001444,0.7854389,0.5823675,0.530131,-0.61628675,-0.6382576,0.76769185,0.057240844
1356512916431,0.5032829,0.36682528,0.7823973,0.5799722,0.52780163,-0.6205301,-0.6405767,0.76607084,0.052885056
1356512916471,0.5035572,0.3703167,0.78057396,0.5780674,0.52703696,-0.62295276,-0.64208114,0.7649167,0.05132526
1356512916511,0.5043,0.37091362,0.7798106,0.57587624,0.5284598,-0.62377626,-0.6434657,0.76364475,0.052901864
1356512916551,0.50537145,0.36964414,0.7797197,0.572844,0.5320498,-0.6235165,-0.6453289,0.7617653,0.05713436
1356512916591,0.5064749,0.36810753,0.7797308,0.5685506,0.5372881,-0.622954,-0.64825416,0.758827,0.06283519
1356512916631,0.5071785,0.3683765,0.7791462,0.56236017,0.54361653,-0.62308276,-0.6530858,0.75417495,0.06855029
1356512916671,0.5070782,0.37235513,0.77731806,0.5536976,0.55041957,-0.62486583,-0.6605231,0.7472549,0.072933614
1356512916710,0.5060615,0.38066337,0.773949,0.54272634,0.55686843,-0.6287652,-0.67033565,0.7382364,0.07521364
1356512916755,0.50442487,0.39208442,0.7693019,0.5302705,0.562483,-0.6343705,-0.6814461,0.72793037,0.07581958
1356512916792,0.5027368,0.40401632,0.7642163,0.51739746,0.5675819,-0.6404301,-0.6924995,0.71737134,0.0763073
1356512916831,0.5014367,0.41392425,0.7597552,0.50496614,0.5730374,-0.6454745,-0.7025457,0.70731527,0.07832432
1356512916870,0.50035703,0.42118984,0.7564668,0.49287522,0.5797595,-0.648809,-0.71184057,0.6974799,0.08249271
1356512916911,0.49845275,0.42837498,0.7536841,0.4796957,0.5878729,-0.6513812,-0.7221059,0.6862218,0.08753723
1356512916951,0.49406102,0.4407926,0.74940354,0.46313527,0.59604704,-0.65592194,-0.73580533,0.6711407,0.09033704
1356512916990,0.48572844,0.4634884,0.7411116,0.44226068,0.6010085,-0.6657284,-0.75397176,0.65112776,0.08694422
1356512917031,0.47329867,0.49654642,0.72761947,0.4202048,0.59869844,-0.6819004,-0.7742198,0.62849176,0.07471198
1356512917071,0.45869955,0.532467,0.71138847,0.40417415,0.58795,-0.70068395,-0.7913519,0.6089282,0.054482996
1356512917110,0.44518337,0.5601953,0.6985649,0.40051946,0.57317156,-0.7148836,-0.80087197,0.59804314,0.030797303
1356512917151,0.43475533,0.57257485,0.69508696,0.40993705,0.5614134,-0.7188648,-0.80183506,0.5974722,0.00935781
1356512917190,0.42671192,0.5686079,0.7032794,0.4293535,0.55704474,-0.7108844,-0.7959726,0.60529834,-0.0064362288
1356512917231,0.41865444,0.55026,0.7224558,0.45619935,0.5604404,-0.6912226,-0.7852456,0.61896724,-0.016397357
1356512917270,0.40804857,0.52020216,0.7502574,0.48958647,0.56894517,-0.6607621,-0.7705852,0.6369389,-0.022526681
1356512917310,0.39304808,0.48216984,0.78295946,0.52876765,0.57809985,-0.62145424,-0.7522752,0.658265,-0.027734756
1356512917351,0.37318838,0.44151556,0.81596226,0.5719427,0.5830073,-0.5770477,-0.7304875,0.68203115,-0.034950078
1356512917390,0.34919804,0.4056908,0.84467494,0.6154343,0.58045137,-0.53321373,-0.7066126,0.7060391,-0.04698354
1356512917430,0.32255483,0.38420826,0.8650679,0.6533881,0.570878,-0.49717432,-0.6848667,0.725591,-0.06689763
1356512917470,0.29438585,0.3853948,0.87453294,0.6790519,0.5595544,-0.475171,-0.67247725,0.7337369,-0.09697819
1356512917511,0.26526728,0.4094324,0.87292516,0.6886208,0.55324066,-0.46874946,-0.6748589,0.7254583,-0.13518709
1356512917551,0.23689893,0.44473174,0.86376655,0.6844483,0.554579,-0.47325748,-0.6894994,0.7033177,-0.17301673
1356512917590,0.21353784,0.4749988,0.8536848,0.67339003,0.56152034,-0.48087507,-0.7077764,0.6775479,-0.19995362
1356512917631,0.20036745,0.49015063,0.84829545,0.6616786,0.57084405,-0.48612598,-0.7225194,0.65870285,-0.20994365
1356512917670,0.20088404,0.4887405,0.8489866,0.6519343,0.58016914,-0.48824722,-0.7311821,0.65156466,-0.20208001
1356512917710,0.21596366,0.47503355,0.85305506,0.6434866,0.5878519,-0.4902604,-0.73436016,0.65480787,-0.17872304
1356512917755,0.2444138,0.45580506,0.8558643,0.6336616,0.5930251,-0.4967838,-0.73398554,0.66374916,-0.14388269
1356512917792,0.28421447,0.43935186,0.85216904,0.6190595,0.59461236,-0.51303166,-0.7321117,0.6733543,-0.10298753
1356512917832,0.33268672,0.43024,0.839174,0.59733415,0.5924463,-0.5405544,-0.72973377,0.68110263,-0.05989808
1356512917872,0.38850844,0.4324636,0.8136562,0.56665254,0.58418214,-0.5810646,-0.7266127,0.6868088,-0.018096924
1356512917912,0.4494628,0.4468705,0.7734921,0.5259319,0.567528,-0.63348854,-0.7220657,0.6915337,0.020059288
1356512917952,0.5124233,0.47372583,0.7162446,0.47278842,0.5406416,-0.6958289,-0.71686375,0.695191,0.05306524
1356512917992,0.57268685,0.5157784,0.6371831,0.4016152,0.501077,-0.76656836,-0.71465725,0.69490606,0.079815775
1356512918035,0.62261635,0.57855034,0.5269046,0.3043863,0.44125402,-0.8441824,-0.7209008,0.68598425,0.09862918
1356512918073,0.65232456,0.6557597,0.3800683,0.18334033,0.35003737,-0.9186186,-0.7354312,0.6689194,0.108110785
1356512918115,0.6501163,0.7295047,0.21253604,0.059412807,0.23005253,-0.97136295,-0.75750834,0.6441263,0.10621901
1356512918156,0.62723356,0.7765716,0.059284955,-0.03856623,0.10699634,-0.9935112,-0.7778758,0.62087715,0.09706114
1356512918194,0.6043052,0.7952011,-0.04970354,-0.09703654,0.0115367025,-0.995214,-0.79082185,0.6062361,0.084135234
1356512918233,0.59438825,0.7962026,-0.112977624,-0.12515092,-0.04719183,-0.99101466,-0.7943801,0.6031868,0.07159522
1356512918275,0.59818256,0.78917956,-0.1391879,-0.13361031,-0.07303971,-0.98833877,-0.790143,0.609804,0.06175144
1356512918313,0.6130101,0.7786526,-0.13386059,-0.12635261,-0.07062882,-0.9894678,-0.77990615,0.6234674,0.05508864
1356512918353,0.6362291,0.76543355,-0.096561044,-0.100786954,-0.041625604,-0.9940368,-0.7648885,0.6421672,0.05066231
1356512918392,0.6657038,0.74588925,-0.022083908,-0.04919052,0.0143337995,-0.99868655,-0.744593,0.6659157,0.046232745
1356512918433,0.6943153,0.713403,0.09477541,0.038795143,0.094398916,-0.9947782,-0.7186245,0.6943665,0.03786604
1356512918473,0.706648,0.6647948,0.24227357,0.16311884,0.18012148,-0.97002494,-0.68850625,0.7249856,0.018841922
1356512918513,0.68804044,0.6143549,0.38622314,0.29836625,0.24566191,-0.92229486,-0.6614967,0.7498121,-0.014277428
1356512918551,0.6454115,0.5876397,0.48797897,0.40847075,0.27430525,-0.8705793,-0.6454421,0.76120704,-0.062993854
1356512918590,0.59159356,0.5856377,0.5541169,0.4882753,0.28665984,-0.82426536,-0.64156395,0.7581917,-0.1163663
1356512918630,0.5368319,0.590496,0.6025994,0.54438037,0.30323517,-0.7821115,-0.6445631,0.74790573,-0.1586681
1356512918670,0.48776454,0.5861393,0.64693624,0.5833777,0.3324452,-0.74104697,-0.6494276,0.7388646,-0.17978561
1356512918711,0.4486391,0.56737757,0.69051117,0.60823953,0.37224817,-0.70105356,-0.6548036,0.7345162,-0.17809635
1356512918754,0.42166787,0.5373339,0.7303893,0.62066215,0.41618973,-0.66450334,-0.6610407,0.7335247,-0.15800893
1356512918792,0.40764147,0.50313866,0.7620236,0.62233186,0.45760822,-0.6350573,-0.6682301,0.73310727,-0.1265791
1356512918832,0.406358,0.4719105,0.7824152,0.6148516,0.49219674,-0.61619794,-0.67589253,0.7314662,-0.09014684
1356512918889,0.41702738,0.44882506,0.79034436,0.59952694,0.5177252,-0.61035067,-0.6831219,0.7283657,-0.05317712
1356512918911,0.43825582,0.43625167,0.7858857,0.57720137,0.53364456,-0.6181117,-0.6890359,0.7245053,-0.017932177
1356512918951,0.46849898,0.43650445,0.76809675,0.5466821,0.53973496,-0.6401756,-0.6940082,0.71982634,0.014236093
1356512918988,0.5050806,0.45379952,0.7341388,0.50342155,0.5360168,-0.677682,-0.7010425,0.71186525,0.042279214
1356512919032,0.544765,0.4967156,0.6756514,0.43846118,0.5180824,-0.73439944,-0.7148307,0.69632196,0.064442635
1356512919072,0.5807556,0.57148194,0.57976836,0.34403998,0.473159,-0.8110223,-0.7378072,0.6704693,0.078177094
1356512919111,0.60178274,0.6615829,0.44739878,0.23137866,0.39174443,-0.89050555,-0.7644093,0.6394094,0.08266887
1356512919151,0.6025903,0.73659134,0.30711251,0.12934378,0.2895971,-0.94836897,-0.78749925,0.6112011,0.07923493
1356512919190,0.5954322,0.7787874,0.19735938,0.061057657,0.20107771,-0.97767055,-0.801082,0.5941868,0.07217723
1356512919231,0.5929932,0.79404247,0.13362518,0.026865602,0.14634801,-0.98886836,-0.80475914,0.58998215,0.06545094
1356512919271,0.59867895,0.79303473,0.11260307,0.018661141,0.12673257,-0.99176145,-0.8007717,0.59584796,0.061073184
1356512919310,0.6097537,0.78214,0.12828615,0.031811357,0.1375759,-0.9899803,-0.79195225,0.6077252,0.059006467
1356512919353,0.6248217,0.7593501,0.18161821,0.069880605,0.1772924,-0.98167413,-0.7776339,0.6260629,0.05771233
1356512919390,0.63632,0.7213373,0.27343988,0.13828841,0.24205616,-0.96035683,-0.758929,0.6489078,0.054272562
1356512919431,0.6369617,0.6657542,0.38865298,0.23436895,0.313055,-0.9203629,-0.7344052,0.6773241,0.043371916
1356512919471,0.61677563,0.60418385,0.50452924,0.3441813,0.36943945,-0.86316496,-0.7079034,0.70602864,0.019912452
1356512919513,0.5783645,0.5646825,0.5887514,0.43970296,0.39211237,-0.808028,-0.687136,0.7262105,-0.021508694
1356512919550,0.5296719,0.55640876,0.6402007,0.5095345,0.3946838,-0.764591,-0.67810196,0.73118675,-0.07445651
1356512919590,0.47946474,0.57308584,0.66459477,0.55244166,0.39131656,-0.7359889,-0.68185174,0.7200306,-0.12897402
1356512919630,0.4324991,0.5927659,0.67939174,0.5781537,0.39587998,-0.7134545,-0.691869,0.7013613,-0.17149204
1356512919671,0.3944351,0.5998048,0.69617176,0.5932407,0.4123581,-0.6913945,-0.70177376,0.6857076,-0.19318008
1356512919710,0.36935347,0.58876723,0.7189793,0.600782,0.43897253,-0.6681049,-0.70897037,0.67871666,-0.1915847
1356512919752,0.3586846,0.56228006,0.7451083,0.60177064,0.4709264,-0.6450584,-0.71359473,0.6797569,-0.16944963
1356512919792,0.362112,0.5293858,0.76721936,0.59663343,0.50074977,-0.62711906,-0.71617275,0.68483603,-0.13452172
1356512919832,0.37811655,0.49798504,0.7804094,0.5859561,0.5239028,-0.61820817,-0.71671706,0.6910404,-0.093701065
1356512919872,0.40584144,0.4751127,0.7807436,0.5689763,0.53718126,-0.6226574,-0.7152333,0.6969248,-0.05231744
1356512919913,0.4441288,0.46571612,0.76541364,0.54349864,0.53912365,-0.6433932,-0.71229124,0.7017507,-0.013675749
1356512919953,0.4915165,0.47381955,0.7306891,0.50494856,0.5285405,-0.68240154,-0.709534,0.70437205,0.020531893
1356512919993,0.5463254,0.50608647,0.6673867,0.44414622,0.500507,-0.74311966,-0.71011454,0.7024024,0.04866332
1356512920034,0.60028195,0.56805634,0.5630041,0.34955862,0.44680175,-0.82351494,-0.7193541,0.6911441,0.069638014
1356512920073,0.6405444,0.65544707,0.400115,0.21461515,0.34747806,-0.9127975,-0.7373216,0.67055804,0.08190626
1356512920114,0.64397216,0.7406558,0.19164789,0.060460478,0.20045123,-0.9778364,-0.76265615,0.6412865,0.0843046
1356512920152,0.612935,0.7900638,-0.010481238,-0.06912416,0.040403128,-0.9967896,-0.7871039,0.6116917,0.07937701
1356512920192,0.5762557,0.8020818,-0.15682507,-0.15023544,-0.084656775,-0.985019,-0.8033422,0.5911835,0.07171719
1356512920232,0.554316,0.7955892,-0.24448225,-0.19463333,-0.16168886,-0.96745783,-0.809229,0.58386177,0.06522144
1356512920275,0.5501817,0.78384507,-0.2879011,-0.21781063,-0.19812942,-0.95566905,-0.8061381,0.58849955,0.061722584
1356512920312,0.55737764,0.7738578,-0.30078962,-0.22715884,-0.20632166,-0.9517512,-0.79857945,0.5988118,0.060789555
1356512920352,0.57720906,0.7667911,-0.2808222,-0.21960852,-0.18546212,-0.9577974,-0.7865125,0.6145202,0.06134346
1356512920392,0.61216295,0.7617929,-0.2119627,-0.18109801,-0.12586391,-0.9753778,-0.7697143,0.6354761,0.060909957
1356512920432,0.65821373,0.74935675,-0.07224378,-0.089874595,-0.01706019,-0.995807,-0.74744713,0.6619467,0.056118876
1356512920472,0.68978596,0.70947737,0.14435083,0.06961411,0.1334607,-0.9886061,-0.72065884,0.6919755,0.042669713
1356512920513,0.6701928,0.639115,0.37732443,0.26085025,0.27312565,-0.9259371,-0.6948372,0.71898156,0.01633352
1356512920554,0.6068558,0.58092946,0.5424453,0.41179317,0.35393563,-0.8397356,-0.6798179,0.7329737,-0.024434865
1356512920592,0.53324455,0.56524014,0.6294076,0.4999706,0.38959748,-0.7734619,-0.6824073,0.72712964,-0.074852705
1356512920632,0.4633958,0.5783081,0.67143434,0.5447849,0.41167918,-0.73056805,-0.698909,0.7043295,-0.124283135
1356512920672,0.39877343,0.5891223,0.7027906,0.5707438,0.44041216,-0.6930286,-0.7177962,0.6774748,-0.16061318
1356512920714,0.34111482,0.57623017,0.7426974,0.59153605,0.48245436,-0.6460053,-0.73056537,0.6596943,-0.1762886
1356512920751,0.29280066,0.53415143,0.79306364,0.6108403,0.53360826,-0.58492416,-0.7356235,0.65570146,-0.17004043
1356512920778,0.25733,0.4839008,0.8364337,0.62514234,0.5766868,-0.52595574,-0.7368707,0.6582343,-0.15410805
1356512920822,0.22975466,0.41256827,0.88147604,0.639612,0.61864287,-0.45626453,-0.73355925,0.6686316,-0.12174761
1356512920860,0.21543854,0.34138343,0.9149009,0.6511574,0.6479784,-0.3951177,-0.72772264,0.6808681,-0.08269483
1356512920900,0.21161962,0.276622,0.9373886,0.6602539,0.6667,-0.34579748,-0.7206122,0.692092,-0.041553974
1356512920941,0.2184703,0.22617751,0.9492705,0.6655152,0.6769128,-0.31444967,-0.7136948,0.70045185,-0.002639234
1356512920982,0.2354536,0.19413596,0.9522987,0.66474366,0.6826362,-0.30351877,-0.7089974,0.7044991,0.031678498
1356512921020,0.26405752,0.18683064,0.9462389,0.65353733,0.68685484,-0.3179926,-0.7093395,0.70237076,0.059268355
1356512921061,0.30306333,0.20948678,0.9296602,0.6251564,0.6925881,-0.3598628,-0.71925807,0.6902442,0.07893604
1356512921101,0.3556273,0.27645564,0.8928054,0.5700497,0.6928422,-0.44160277,-0.7406568,0.66598946,0.08880013
1356512921140,0.4178617,0.39157024,0.8197953,0.48509344,0.66679287,-0.56574875,-0.768164,0.634082,0.088679075
1356512921182,0.4738481,0.53295314,0.7010199,0.37936267,0.5948646,-0.7086749,-0.7947024,0.601745,0.07969296
1356512921220,0.5081142,0.6434437,0.57253826,0.2880412,0.49952105,-0.81701344,-0.8116971,0.58005077,0.068475455
1356512921262,0.5251026,0.69730914,0.48788023,0.23924659,0.42920396,-0.87094486,-0.816718,0.5740591,0.058547318
1356512921301,0.5345385,0.7076839,0.4620087,0.23100129,0.40350553,-0.88533705,-0.8129618,0.5799714,0.05221337
1356512921342,0.5391755,0.6861967,0.4882866,0.25648546,0.41845083,-0.87127155,-0.80218756,0.59500676,0.04961899
1356512921381,0.5338894,0.6388489,0.55392605,0.3093552,0.46210665,-0.83111775,-0.7869316,0.6150849,0.049082607
1356512921421,0.5153039,0.5685413,0.64126647,0.38313162,0.5164962,-0.76579493,-0.76659775,0.64030653,0.048326313
1356512921461,0.48071155,0.48369452,0.73140687,0.46902767,0.5629227,-0.68053734,-0.7408977,0.67019224,0.043737352
1356512921501,0.4350712,0.40638465,0.8034703,0.5518813,0.5847211,-0.59458244,-0.71143526,0.702106,0.03011918
1356512921540,0.38607958,0.3597114,0.8494411,0.6186379,0.5821016,-0.5276787,-0.68427306,0.7292224,0.0022063851
1356512921580,0.33663014,0.35089993,0.87381315,0.663159,0.570459,-0.4845582,-0.668506,0.7425939,-0.040668786
1356512921620,0.28524613,0.3679433,0.8850155,0.6860814,0.56639504,-0.45660594,-0.6692735,0.7374377,-0.090877056
1356512921660,0.23249647,0.3895393,0.8911816,0.6922657,0.5773351,-0.4329579,-0.6831645,0.7175956,-0.1354363
1356512921700,0.18355328,0.39686882,0.8993349,0.688871,0.6007248,-0.40569252,-0.7012595,0.69399196,-0.16312641
1356512921792,0.14527419,0.38123423,0.9129928,0.68277615,0.6292031,-0.37137592,-0.7160391,0.6773211,-0.16889071
1356512921806,0.12216312,0.344181,0.9309219,0.678534,0.6555572,-0.3314157,-0.7243396,0.6721489,-0.15345359
1356512921808,0.11316833,0.3056363,0.94539905,0.6760401,0.6736104,-0.29869512,-0.7281227,0.6729305,-0.130391
1356512921838,0.113494545,0.26528722,0.95746624,0.6762215,0.6854117,-0.2700653,-0.7279035,0.6781102,-0.101602435
1356512921879,0.123376936,0.21885908,0.967925,0.680521,0.69124657,-0.24304177,-0.72226673,0.6886791,-0.06365436
1356512921921,0.14514905,0.1805596,0.9727949,0.6858908,0.6902487,-0.23045705,-0.7130817,0.70068175,-0.023655236
1356512921961,0.17518884,0.15499574,0.97225773,0.6889707,0.68613744,-0.23352689,-0.7032981,0.7107684,0.0134161115
1356512922001,0.21123365,0.14507675,0.96660906,0.68543017,0.6830293,-0.2523022,-0.69682556,0.7158377,0.044838786
1356512922041,0.25198635,0.15415463,0.95537376,0.6701468,0.68441594,-0.2871899,-0.6981447,0.7126087,0.06915724
1356512922080,0.29631975,0.18787067,0.936429,0.6376917,0.6909885,-0.34041783,-0.7110162,0.69802547,0.08494997
1356512922121,0.34243572,0.2531538,0.9047933,0.5844475,0.69661975,-0.4161035,-0.7356351,0.6712929,0.090592384
1356512922162,0.38616076,0.3521049,0.85258555,0.5114602,0.6874595,-0.5155656,-0.7676512,0.6351548,0.08538228
1356512922200,0.42225847,0.4633204,0.7791226,0.43370023,0.65148664,-0.62247026,-0.7959912,0.600749,0.0741536
1356512922240,0.4468854,0.55712235,0.6999344,0.36934674,0.5977065,-0.7115687,-0.81478614,0.57650816,0.061334968
1356512922280,0.46363303,0.61651134,0.63636315,0.32859698,0.5473596,-0.76968914,-0.82284164,0.56596035,0.051190197
1356512922320,0.47626472,0.6433068,0.5994401,0.3104446,0.51480097,-0.7991271,-0.8226762,0.566689,0.045470417
1356512922360,0.48603758,0.6451874,0.5894919,0.31085366,0.50278246,-0.80658525,-0.8167848,0.57527643,0.043812305
1356512922400,0.49272624,0.6275213,0.60285807,0.32785726,0.507866,-0.7966064,-0.80605865,0.59016025,0.044501483
1356512922440,0.495482,0.59365904,0.63408715,0.3609361,0.52327496,-0.771951,-0.7900776,0.61135274,0.045000285
1356512922480,0.49295452,0.54836345,0.6754949,0.4086726,0.5394721,-0.73617697,-0.76810324,0.6389581,0.041834116
1356512922520,0.48344362,0.5019072,0.71719694,0.46597067,0.54603,-0.6962203,-0.74104905,0.670776,0.030100644
1356512922560,0.46520966,0.4696465,0.75034136,0.5229995,0.5380572,-0.661034,-0.71417886,0.6999476,0.004684508
1356512922602,0.43660334,0.4645543,0.77043283,0.5690614,0.5206794,-0.6364448,-0.6968117,0.7162975,-0.037029624
1356512922640,0.39839447,0.4807224,0.7811453,0.6002118,0.50734663,-0.6183408,-0.6935616,0.7151961,-0.08641112
1356512922680,0.35503685,0.50876325,0.7842887,0.61468226,0.505049,-0.6058805,-0.704354,0.6971983,-0.13341677
1356512922720,0.3144991,0.5321063,0.7861,0.6170244,0.5147208,-0.59526753,-0.72136754,0.67225397,-0.16644335
1356512922759,0.28597328,0.54023594,0.79143184,0.61262006,0.5320121,-0.58451664,-0.73682827,0.65200317,-0.17881817
1356512922801,0.27469113,0.5317825,0.80109435,0.60574794,0.5513205,-0.57368547,-0.74673563,0.6428476,-0.17068332
1356512922840,0.2804132,0.51200193,0.8119252,0.59823614,0.56826895,-0.5649636,-0.75065434,0.6441462,-0.14694798
1356512922880,0.3000343,0.48803294,0.81963605,0.59043133,0.57985324,-0.561392,-0.7492464,0.65237564,-0.11417407
1356512922920,0.33021688,0.46627462,0.8206978,0.58166885,0.5842394,-0.56597316,-0.74338293,0.66426826,-0.078291714
1356512922960,0.36810783,0.45064273,0.81327593,0.57029146,0.5814056,-0.5802889,-0.73434615,0.6774132,-0.04297781
1356512923000,0.41132447,0.4440656,0.79600114,0.55331296,0.5723361,-0.6052075,-0.72433203,0.6893744,-0.010291398
1356512923041,0.457667,0.44992045,0.766885,0.52610606,0.55828166,-0.64150923,-0.71676594,0.6970604,0.018801212
1356512923080,0.50489986,0.4739446,0.721424,0.48234874,0.5381936,-0.6911493,-0.71583223,0.6969392,0.0431273
1356512923121,0.5478265,0.5220008,0.65375924,0.41635907,0.5076818,-0.7542574,-0.7256247,0.6854008,0.060781777
1356512923160,0.58028483,0.5970368,0.5539104,0.32544744,0.4534751,-0.8297255,-0.74656117,0.6617458,0.06884059
1356512923202,0.59409404,0.6862764,0.41961527,0.21832307,0.36450458,-0.9052466,-0.77420104,0.62941337,0.06672004
1356512923252,0.58356506,0.7691615,0.26046574,0.11172074,0.24165183,-0.96391016,-0.80434465,0.5916037,0.05508828
1356512923291,0.5679995,0.81667763,0.10204995,0.020106614,0.11018701,-0.9937075,-0.82278323,0.56647724,0.046165556
1356512923332,0.55806136,0.8296499,-0.015762657,-0.044337124,0.010843918,-0.99895775,-0.82861435,0.55817854,0.042835906
1356512923371,0.5568682,0.8245435,-0.100129455,-0.092585236,-0.0581792,-0.9940036,-0.82542455,0.5627995,0.043942407
1356512923411,0.56584865,0.8104581,-0.15156806,-0.12596446,-0.0966959,-0.9873109,-0.8148302,0.5777607,0.047373697
1356512923451,0.58621764,0.7927468,-0.16703719,-0.14012125,-0.103860795,-0.984672,-0.7979442,0.6006376,0.050195634
1356512923491,0.6195966,0.7730466,-0.13601077,-0.123931915,-0.07475731,-0.98947066,-0.7750748,0.62992877,0.049485773
1356512923531,0.66303885,0.7473477,-0.04302138,-0.05947891,-0.0046938807,-0.99821854,-0.7462183,0.66441655,0.041339174
1356512923572,0.6960881,0.7089013,0.113668054,0.063776046,0.096642114,-0.9932739,-0.7151183,0.6986554,0.022060484
1356512923610,0.691931,0.6616988,0.28876644,0.21845019,0.18933812,-0.95730376,-0.6881213,0.72546923,-0.013539314
1356512923650,0.6478561,0.62903,0.42965534,0.35730463,0.2472054,-0.9006791,-0.6727673,0.73702836,-0.06460178
1356512923690,0.58498275,0.6239161,0.5181929,0.45464942,0.2768289,-0.8465575,-0.6716316,0.7308177,-0.12172294
1356512923761,0.5204911,0.6396342,0.5656474,0.5095237,0.29891947,-0.806866,-0.68518215,0.7081774,-0.17032382
1356512923772,0.45725498,0.6436811,0.6136713,0.55051047,0.33707598,-0.7637526,-0.698467,0.68706214,-0.2002235
1356512923812,0.40701634,0.62883884,0.6624949,0.572885,0.38916355,-0.72135603,-0.71143556,0.67313707,-0.20185637
1356512923852,0.36770266,0.5917503,0.7173746,0.5853587,0.45213896,-0.6729975,-0.72259945,0.6673844,-0.18013346
1356512923892,0.3378499,0.5363758,0.77340704,0.59316534,0.5166586,-0.6174291,-0.73076147,0.66735655,-0.14360648
1356512923932,0.31616458,0.4697234,0.82425714,0.600107,0.5738983,-0.55723643,-0.73478675,0.67082095,-0.100438
1356512923972,0.30228144,0.40104884,0.8647461,0.60760385,0.61793184,-0.49897683,-0.7344682,0.6762545,-0.056889474
1356512924012,0.2968557,0.34030998,0.8922252,0.6145239,0.6470831,-0.45126915,-0.73091525,0.6822555,-0.017038286
1356512924052,0.3014706,0.29647034,0.90621233,0.61778885,0.6632038,-0.42248976,-0.7262591,0.68721616,0.016780376
1356512924092,0.3190509,0.27838662,0.905929,0.6116439,0.669688,-0.42120045,-0.7239463,0.68849033,0.04339111
1356512924134,0.35434708,0.29762787,0.8864851,0.5860372,0.6680552,-0.458544,-0.72869647,0.681997,0.06230241
1356512924173,0.4142697,0.37354252,0.8299678,0.5237503,0.6479422,-0.55304295,-0.7443562,0.6638048,0.072779775
1356512924213,0.49688232,0.5197034,0.6949938,0.40271664,0.57131267,-0.7151372,-0.76871794,0.6352245,0.07458198
1356512924254,0.56496805,0.69936883,0.43782914,0.21515885,0.38739988,-0.896453,-0.79656625,0.6006701,0.06839317
1356512924296,0.57333606,0.8058598,0.14790475,0.036926,0.15492266,-0.98723626,-0.81848776,0.5714797,0.05906558
1356512924334,0.5536814,0.8317151,-0.041072547,-0.065721184,-0.0055241883,-0.99782276,-0.8301311,0.5551752,0.051602647
1356512924373,0.54407996,0.8303411,-0.12046006,-0.10619995,-0.07426232,-0.9915678,-0.83228517,0.552285,0.04777755
1356512924414,0.5543257,0.825412,-0.10685569,-0.09919268,-0.061953753,-0.9931378,-0.82636786,0.56112105,0.04753226
1356512924454,0.5775088,0.81636995,0.004869163,-0.036983788,0.032119945,-0.9987996,-0.81554633,0.57663554,0.048741996
1356512924494,0.59087616,0.7672765,0.24930334,0.111587584,0.2283197,-0.9671703,-0.7990079,0.599297,0.04929015
1356512924532,0.52685505,0.6071025,0.5948532,0.34599698,0.48606068,-0.8025155,-0.7763439,0.6286267,0.04602787
1356512924592,0.38585165,0.39211088,0.8350854,0.5398866,0.63802785,-0.54903823,-0.7480916,0.6626987,0.034488738
1356512924611,0.26587865,0.26249695,0.92757964,0.64297915,0.6686274,-0.3735174,-0.7182523,0.6957246,0.008993685
1356512924651,0.1868481,0.22518077,0.9562329,0.69385314,0.65882295,-0.29072356,-0.6954535,0.71780634,-0.033142567
1356512924688,0.12893,0.23932628,0.96234095,0.71493036,0.65007216,-0.25745067,-0.6872057,0.72119987,-0.08728778
1356512924759,0.07958484,0.27713275,0.95752996,0.7112366,0.6572467,-0.24933758,-0.698433,0.70087385,-0.14480007
1356512924772,0.024605993,0.28939363,0.95689386,0.70397985,0.6745927,-0.22211967,-0.7097936,0.67909944,-0.18712825
1356512924812,-0.02337074,0.27152407,0.9621478,0.693285,0.6978007,-0.18008359,-0.7202844,0.662834,-0.20455164
1356512924852,-0.061752975,0.22468705,0.9724723,0.6819446,0.72094154,-0.12326744,-0.7287923,0.65556014,-0.19774443
1356512924892,-0.088635564,0.15936208,0.9832332,0.6717091,0.738451,-0.059135318,-0.73549354,0.6552052,-0.17249799
1356512924932,-0.10384255,0.08882406,0.9906195,0.66446304,0.7473165,0.0026446283,-0.74007136,0.6585046,-0.13662356
1356512924972,-0.10824978,0.024080038,0.9938321,0.66172415,0.74780333,0.053957164,-0.7418916,0.6634835,-0.09688389
1356512925012,-0.10279252,-0.027647913,0.9943186,0.6638238,0.74254185,0.089273006,-0.7407913,0.6692289,-0.057974398
1356512925052,-0.08803649,-0.06283155,0.9941337,0.6695337,0.73521405,0.1057584,-0.7375461,0.6749166,-0.022657871
1356512925092,-0.06396611,-0.080560595,0.9946951,0.6754925,0.73019695,0.102577835,-0.73458713,0.6784706,0.007710159
1356512925133,-0.029978618,-0.08045685,0.99630713,0.6758311,0.7327555,0.07950935,-0.7364465,0.6757189,0.032408297
1356512925172,0.01608868,-0.057480037,0.998217,0.6638732,0.74714625,0.032322794,-0.74767196,0.66216946,0.050180018
1356512925213,0.07956675,0.0034677386,0.99682355,0.63413924,0.7713796,-0.05330065,-0.76911414,0.6363659,0.0591771
1356512925253,0.16921946,0.1280073,0.9772302,0.58129025,0.7877493,-0.20384479,-0.79590607,0.6025489,0.058893144
1356512925293,0.28340143,0.32362735,0.90274525,0.49848145,0.7544673,-0.4269606,-0.81926787,0.571003,0.052494884
1356512925332,0.38823023,0.5269938,0.7560125,0.39285582,0.647444,-0.6530547,-0.8336316,0.5505395,0.044324756
1356512925373,0.4540518,0.6590098,0.59961903,0.3010456,0.51993734,-0.7993977,-0.83857524,0.54348063,0.037686467
1356512925413,0.48973995,0.7182977,0.4941692,0.24615882,0.4298181,-0.868713,-0.8363974,0.54708755,0.033683777
1356512925453,0.5112092,0.73666006,0.4427156,0.22314489,0.38368237,-0.8960994,-0.8299828,0.556884,0.031760037
1356512925494,0.526397,0.7282807,0.43876344,0.22919302,0.37540108,-0.89807826,-0.81876534,0.5733072,0.030693144
1356512925533,0.5368627,0.7017027,0.4683928,0.25883248,0.39142138,-0.8830601,-0.80298454,0.59531724,0.028516084
1356512925574,0.54315615,0.6613277,0.5173268,0.30849543,0.41585496,-0.8555088,-0.7809046,0.6242678,0.02185759
1356512925612,0.54399085,0.6204277,0.5649278,0.367251,0.42930454,-0.82512087,-0.7544539,0.6563285,0.0056850016
1356512925652,0.5399455,0.5994886,0.5908233,0.41863075,0.41769293,-0.80639994,-0.7302103,0.6827489,-0.025432914
1356512925693,0.53147966,0.6102427,0.5874804,0.451862,0.38237813,-0.8059825,-0.71648455,0.69382334,-0.07251927
1356512925760,0.51851004,0.64569265,0.5605609,0.46713942,0.3351864,-0.81818753,-0.71619004,0.6860985,-0.12783101
1356512925772,0.50374377,0.6878107,0.5226457,0.46964973,0.28973225,-0.833957,-0.72503185,0.66556114,-0.17707929
1356512925812,0.49344757,0.7216512,0.4855194,0.46230718,0.25521687,-0.8491975,-0.73673713,0.64349353,-0.20768836
1356512925853,0.49391413,0.7409221,0.45506415,0.4453361,0.23394608,-0.86425984,-0.7468096,0.6295266,-0.2144101
1356512925892,0.50809264,0.7462853,0.4300002,0.41809288,0.22277766,-0.88066363,-0.75302076,0.62723863,-0.19882485
1356512925932,0.53466463,0.74189186,0.40463573,0.37998188,0.21662715,-0.8992699,-0.7548161,0.6345621,-0.16608259
1356512925972,0.5695765,0.73367405,0.37054682,0.33052632,0.20831561,-0.9205199,-0.7525523,0.646782,-0.12384689
1356512926012,0.60753983,0.72606647,0.32206023,0.27005228,0.19249785,-0.9434068,-0.74697196,0.66013026,-0.07912582
1356512926052,0.64334565,0.7208539,0.25782937,0.19981262,0.16700324,-0.96549726,-0.7390408,0.67266595,-0.036594898
1356512926092,0.67226857,0.7182697,0.17928648,0.12177348,0.13158971,-0.9837965,-0.7302234,0.68320775,9.974092E-4
1356512926132,0.68956536,0.71889323,0.0877046,0.037307084,0.0856805,-0.9956239,-0.7232619,0.68981975,0.03226249
1356512926173,0.6891716,0.724372,-0.018099248,-0.05347556,0.02593501,-0.9982323,-0.72262216,0.6889213,0.056609884
1356512926215,0.6627127,0.7355104,-0.14084178,-0.14866257,-0.0551178,-0.98735076,-0.7339696,0.67526776,0.07281557
1356512926253,0.61212397,0.74376535,-0.2685467,-0.23411241,-0.15392596,-0.95994693,-0.7553116,0.65047663,0.07990295
1356512926294,0.54749966,0.7445951,-0.38186675,-0.29268903,-0.2571176,-0.9209905,-0.7839498,0.61601025,0.07716307
1356512926332,0.4881236,0.7357639,-0.46945387,-0.3235953,-0.34698057,-0.88027877,-0.81056863,0.58159786,0.06872028
1356512926372,0.44656938,0.7206943,-0.5302598,-0.3387744,-0.41232282,-0.845708,-0.8281351,0.5573058,0.060022
1356512926413,0.42384368,0.7030684,-0.57100916,-0.35070312,-0.4538682,-0.8191526,-0.8350831,0.5474473,0.05419907
1356512926452,0.41427958,0.6853033,-0.59894234,-0.3642264,-0.4782477,-0.7991359,-0.8340933,0.5492163,0.051477283
1356512926492,0.41534418,0.6693751,-0.61597574,-0.37883526,-0.4883498,-0.78612864,-0.8270266,0.55986726,0.05074969
1356512926532,0.4274832,0.6571315,-0.62083524,-0.3915915,-0.48437494,-0.782328,-0.8148094,0.5775459,0.050264895
1356512926572,0.4551242,0.6511524,-0.6073405,-0.39675248,-0.46232808,-0.7929945,-0.7971508,0.60187495,0.047929615
1356512926612,0.5053106,0.6545999,-0.56228125,-0.3821746,-0.4144433,-0.8259415,-0.7736949,0.63224655,0.040748835
1356512926653,0.5810933,0.6688636,-0.4636292,-0.32455367,-0.33196622,-0.88569933,-0.74632126,0.6651465,0.0241788
1356512926694,0.66334856,0.6876995,-0.29502216,-0.19971876,-0.21724701,-0.9554665,-0.7211665,0.69272876,-0.0067640245
1356512926768,0.7075373,0.70093703,-0.08987984,-0.026030093,-0.10125032,-0.99452037,-0.70619655,0.7059998,-0.053392917
1356512926769,0.69693184,0.71257377,0.08077565,0.1341823,-0.01892484,-0.9907759,-0.7044722,0.7013419,-0.10880411
1356512926809,0.6565144,0.7287112,0.19485587,0.24902934,0.034453124,-0.9678829,-0.7120205,0.6839539,-0.1588515
1356512926853,0.6097112,0.74188745,0.27902555,0.3265226,0.085675776,-0.9412984,-0.7222432,0.6650284,-0.19000554
1356512926890,0.56675863,0.7428547,0.35630262,0.37879482,0.14909858,-0.91339153,-0.7316414,0.65263814,-0.19688663
1356512926931,0.53083885,0.7271075,0.43534458,0.4146333,0.2251853,-0.8816864,-0.7391139,0.64854175,-0.18194586
1356512926970,0.50317955,0.69603145,0.51220155,0.43911657,0.3045511,-0.84523684,-0.744303,0.6502221,-0.15239504
1356512927010,0.48514318,0.65573466,0.57848775,0.4546834,0.37591946,-0.80743265,-0.7469264,0.6547493,-0.1157769
1356512927050,0.47865725,0.6150701,0.62655884,0.46139228,0.4309321,-0.7755093,-0.74699694,0.66029257,-0.077519834
1356512927090,0.48614103,0.58382934,0.6502386,0.4568413,0.4645198,-0.7586286,-0.74495834,0.66585636,-0.040895224
1356512927130,0.5099169,0.5709904,0.64339316,0.43606108,0.4731439,-0.76549697,-0.74150896,0.67089856,-0.007722616
1356512927170,0.5515457,0.58530784,0.5943164,0.38842916,0.45030704,-0.80395675,-0.738187,0.6742687,0.021014303
1356512927211,0.6087956,0.63679147,0.47314337,0.29000312,0.37649196,-0.8798591,-0.73842144,0.6728674,0.04453513
1356512927251,0.6565243,0.71972466,0.22577053,0.10526481,0.20896143,-0.97224194,-0.7469238,0.66206616,0.06142658
1356512927291,0.62896013,0.76598215,-0.13296768,-0.138572,-0.0578392,-0.9886619,-0.7649882,0.6402545,0.06976515
1356512927331,0.5273833,0.73202264,-0.43128848,-0.3134569,-0.30417302,-0.8995684,-0.78969085,0.60960764,0.06904182
1356512927370,0.43598878,0.6771245,-0.59280354,-0.3855172,-0.45468348,-0.80289423,-0.81319743,0.57858884,0.06280634
1356512927430,0.38179553,0.6367407,-0.6699205,-0.40838492,-0.53401154,-0.7403064,-0.82912844,0.55623114,0.056152046
1356512927461,0.3569005,0.61129844,-0.70635426,-0.41944805,-0.57076883,-0.7058941,-0.83467686,0.5482129,0.05270019
1356512927501,0.3411659,0.58973557,-0.73199576,-0.43217653,-0.59312654,-0.67928225,-0.834763,0.54809934,0.052515298
1356512927539,0.33368886,0.57414854,-0.7476665,-0.4455899,-0.60286254,-0.66182053,-0.8307234,0.5539948,0.05466625
1356512927581,0.3382243,0.56776786,-0.75049585,-0.45690346,-0.59811836,-0.65840244,-0.8227051,0.5655918,0.057116926
1356512927622,0.3690424,0.58142936,-0.7250846,-0.45748404,-0.5654567,-0.6862704,-0.80902165,0.58497745,0.057317168
1356512927661,0.45022303,0.6360111,-0.6267288,-0.41599178,-0.47166395,-0.7774856,-0.790095,0.6107559,0.052221477
1356512927701,0.6004407,0.7371274,-0.3100229,-0.22535759,-0.21599728,-0.95003116,-0.7672581,0.6403034,0.03642369
1356512927762,0.64009887,0.71605736,0.27845174,0.18140644,0.21131936,-0.9604353,-0.746569,0.6652864,0.005367875
1356512927782,0.51424325,0.59498197,0.6176976,0.44267207,0.432736,-0.7853541,-0.73457146,0.6773005,-0.04085034
1356512927822,0.4150396,0.5524818,0.72284573,0.5397768,0.4900406,-0.6844714,-0.73238176,0.67425805,-0.09483063
1356512927862,0.34625706,0.5499766,0.7600209,0.58197737,0.509483,-0.6338213,-0.7358046,0.66178006,-0.1436618
1356512927902,0.28820878,0.54171914,0.789605,0.607398,0.5340516,-0.5880957,-0.7402725,0.6490988,-0.17512071
1356512927942,0.23522371,0.5090697,0.8279601,0.62548137,0.572742,-0.52984875,-0.74393743,0.64250654,-0.18369108
1356512927982,0.18827152,0.45069528,0.8725982,0.63789344,0.6194485,-0.45757562,-0.7467568,0.6427731,-0.17087108
1356512928022,0.15072685,0.37651885,0.91406506,0.64555216,0.66277707,-0.37945884,-0.7486947,0.64727134,-0.14316422
1356512928062,0.12505284,0.29960507,0.9458322,0.650711,0.69487464,-0.30614433,-0.7489572,0.6537477,-0.10806024
1356512928102,0.11230102,0.23103096,0.96644354,0.6555832,0.7136594,-0.24678116,-0.74672556,0.6612979,-0.07131529
1356512928142,0.1125831,0.17787848,0.97759104,0.6607,0.7214413,-0.20735922,-0.74215925,0.66923964,-0.03630221
1356512928182,0.12647328,0.14490601,0.981329,0.6644019,0.7222197,-0.19227293,-0.73659664,0.67631423,-0.004934311
1356512928222,0.15568751,0.13645652,0.97833586,0.6626488,0.72007483,-0.20588537,-0.73256946,0.6803469,0.021683931
1356512928264,0.20534828,0.1615892,0.965257,0.6468337,0.7177498,-0.2577623,-0.7344646,0.6772918,0.042867303
1356512928303,0.2889213,0.243408,0.9258926,0.6014706,0.70628214,-0.37336123,-0.7448205,0.6647692,0.057657182
1356512928344,0.41849622,0.4196327,0.8054622,0.4880493,0.6440232,-0.5891028,-0.7659431,0.63964254,0.064719796
1356512928382,0.5573872,0.6789207,0.47789782,0.24601872,0.41469544,-0.8760723,-0.7929656,0.60588324,0.06411874
1356512928423,0.57538235,0.8164786,0.04793468,-0.020162731,0.072750494,-0.99714625,-0.8176359,0.5727738,0.058321804
1356512928462,0.531672,0.8241937,-0.19501188,-0.14930734,-0.13543665,-0.97947145,-0.833686,0.5498743,0.05105029
1356512928507,0.5096499,0.8152466,-0.27500904,-0.18535945,-0.20809186,-0.9603851,-0.8401779,0.5404357,0.04505968
1356512928543,0.51425064,0.81649053,-0.26246825,-0.17588767,-0.19912645,-0.9640603,-0.8394104,0.54193354,0.04120969
1356512928583,0.53765345,0.8254278,-0.17203987,-0.1268368,-0.12254122,-0.9843252,-0.8335713,0.55104685,0.038809925
1356512928624,0.5684453,0.82242495,0.022069156,-0.01726377,0.038742587,-0.9991,-0.82253987,0.56755275,0.03622122
1356512928663,0.56632894,0.756569,0.32691717,0.16902056,0.28161335,-0.94452417,-0.80666196,0.59016705,0.03161007
1356512928705,0.49429327,0.6032939,0.6258679,0.3758809,0.5008562,-0.7796516,-0.7838289,0.6206283,0.020803183
1356512928763,0.38538572,0.44678703,0.807378,0.5248246,0.61353254,-0.5900314,-0.75897104,0.6511215,0.0019618869
1356512928783,0.2996175,0.3684564,0.88003933,0.6048268,0.6400161,-0.47388184,-0.7378441,0.67425466,-0.031092227
1356512928822,0.23113471,0.35020804,0.9077065,0.645741,0.64262974,-0.4123659,-0.727733,0.6814554,-0.0776096
1356512928863,0.16907334,0.36040643,0.9173447,0.6619065,0.6481024,-0.37662065,-0.7302698,0.6708729,-0.12897849
1356512928904,0.10925001,0.36958992,0.9227501,0.6628021,0.66472805,-0.34471732,-0.7407819,0.64926106,-0.17234343
1356512928943,0.053738207,0.35598904,0.93294376,0.65804297,0.69010144,-0.30122992,-0.7510604,0.63010466,-0.19717121
1356512928985,0.009282559,0.31184202,0.9500887,0.6520356,0.71846664,-0.24218862,-0.75813156,0.6217397,-0.1966629
1356512929022,-0.021051172,0.25055304,0.967874,0.6475942,0.7409684,-0.17772903,-0.7616946,0.6230482,-0.17785496
1356512929062,-0.03767758,0.1789303,0.98314005,0.64684635,0.7542786,-0.11248824,-0.761689,0.6317023,-0.1441598
1356512929102,-0.04237604,0.10978106,0.99305207,0.65072846,0.7572468,-0.05594477,-0.75812715,0.6438365,-0.10352677
1356512929142,-0.038194798,0.05023846,0.9980067,0.6587368,0.75226694,-0.012657672,-0.75140333,0.65694034,-0.061826646
1356512929182,-0.027394503,0.0031563342,0.9996197,0.6688081,0.74326324,0.015981793,-0.7429302,0.6689916,-0.022472322
1356512929223,-0.011214361,-0.030865908,0.9994606,0.6780344,0.7344058,0.03028822,-0.73494446,0.6780084,0.012692273
1356512929262,0.009899959,-0.051789343,0.99860907,0.6831395,0.72962683,0.031067014,-0.7302209,0.68188167,0.0426026
1356512929304,0.03596291,-0.059094846,0.99760437,0.67990947,0.73305213,0.018913388,-0.73241377,0.67760044,0.06654185
1356512929343,0.06797102,-0.048984885,0.99648404,0.66558117,0.7462746,-0.008714706,-0.7432238,0.6638334,0.083328426
1356512929383,0.105666526,-0.015089542,0.9942872,0.636837,0.76896137,-0.056009084,-0.7637233,0.6391171,0.09086305
1356512929424,0.15180483,0.0532521,0.9869749,0.5960488,0.79162204,-0.13438904,-0.7884676,0.6086861,0.08843118
1356512929464,0.20506835,0.15774386,0.96595234,0.5484285,0.7989172,-0.24689585,-0.8106622,0.5803863,0.07732141
1356512929512,0.25802737,0.27719146,0.92551965,0.50498956,0.7779874,-0.37379277,-0.82365483,0.56382656,0.06076324
1356512929553,0.2967892,0.36428162,0.88273156,0.4764214,0.74464035,-0.46747562,-0.82761025,0.5592939,0.04744965
1356512929595,0.31608045,0.40188015,0.85941,0.4696722,0.72077745,-0.509792,-0.8243186,0.5647763,0.03907174
1356512929633,0.31397817,0.39356315,0.86401725,0.4836161,0.7168318,-0.50226253,-0.8170271,0.57555217,0.034736037
1356512929672,0.29441664,0.351954,0.88850844,0.5140662,0.72543037,-0.45769718,-0.8056394,0.5915059,0.032651067
1356512929713,0.2589876,0.28902528,0.9216234,0.55581033,0.7357713,-0.38693076,-0.78993684,0.61245817,0.029912412
1356512929765,0.21517196,0.2258932,0.9500912,0.601383,0.7358789,-0.31116042,-0.76944107,0.63832164,0.02249217
1356512929793,0.16922468,0.1816514,0.9686928,0.6428745,0.7246464,-0.2481935,-0.74704444,0.6647484,0.005849004
1356512929833,0.12627923,0.17196399,0.9769759,0.6733187,0.7083906,-0.21171844,-0.72848845,0.6845518,-0.026331544
1356512929874,0.08405164,0.19644602,0.97690547,0.68790585,0.697839,-0.199515,-0.7209166,0.68878853,-0.07648182
1356512929913,0.039499402,0.23390016,0.9714579,0.68873,0.6980043,-0.19606377,-0.72394115,0.6768166,-0.13352329
1356512929954,-0.004288733,0.2664981,0.9638258,0.67869925,0.70862615,-0.19291526,-0.7344037,0.65332055,-0.18391114
1356512929992,-0.044202298,0.2744053,0.96059763,0.665173,0.7254957,-0.1766376,-0.7453797,0.63115585,-0.21459562
1356512930032,-0.075297564,0.2527281,0.9646029,0.6512569,0.74500084,-0.14435427,-0.75511235,0.6173348,-0.22068769
