1356512805509,0.38378552,0.5638086,-0.7313197,0.45847553,0.5711162,0.68090117,0.80156654,-0.5966122,-0.039306343
1356512805551,0.36794785,0.54400957,-0.75410074,0.47129,0.58999836,0.65558195,0.80156106,-0.5966201,-0.03929764
1356512805592,0.3680464,0.5439808,-0.7540735,0.4712718,0.58997315,0.6556178,0.80152655,-0.5966713,-0.03922528
1356512805628,0.36831513,0.5438009,-0.75407195,0.47125465,0.5899683,0.65563434,0.80141306,-0.59683996,-0.038974404
1356512805669,0.3688136,0.54321516,-0.7542506,0.47138822,0.5900551,0.6554603,0.8011053,-0.5972875,-0.038444817
1356512805711,0.36888638,0.54176,-0.7552608,0.47226244,0.590618,0.65432286,0.80055666,-0.59805214,-0.037981987
1356512805750,0.36740497,0.5392644,-0.7577649,0.4745231,0.59203726,0.65139836,0.79990095,-0.59890395,-0.038375974
1356512805790,0.3630594,0.5355981,-0.76244515,0.47838682,0.59504914,0.64580387,0.7995836,-0.5992089,-0.040184855
1356512805832,0.35507756,0.5312442,-0.76922005,0.4836528,0.5997611,0.6374688,0.7999999,-0.5983863,-0.04397601
1356512805868,0.34364417,0.52635413,-0.7777275,0.49018902,0.60585177,0.62662464,0.80101407,-0.59656936,-0.049815536
1356512805909,0.32948214,0.5213766,-0.7871518,0.4979625,0.6123638,0.614039,0.80216885,-0.594287,-0.057863057
1356512805952,0.3134624,0.51660556,-0.796781,0.50664395,0.61868316,0.6004523,0.803152,-0.59190357,-0.06780118
1356512805990,0.2979691,0.51227033,-0.8054772,0.51441956,0.6246257,0.5875502,0.8041063,-0.589425,-0.07740271
1356512806032,0.2837266,0.5084559,-0.81300175,0.5201057,0.6306927,0.5759486,0.80559874,-0.58625877,-0.0855065
1356512806071,0.27189147,0.50507575,-0.8191297,0.5229487,0.6369986,0.5663545,0.8078364,-0.5823498,-0.09093422
1356512806113,0.2628581,0.50194466,-0.8239887,0.52277374,0.64370126,0.5588885,0.8109336,-0.577668,-0.0932014
1356512806150,0.2567843,0.49872193,-0.8278516,0.51983416,0.650844,0.55333036,0.81476027,-0.5724321,-0.09212619
1356512806189,0.25371543,0.49506608,-0.83098614,0.5143158,0.6585439,0.5493625,0.8192116,-0.5667711,-0.08753759
1356512806228,0.2528568,0.49060845,-0.8338865,0.50686526,0.66697675,0.54610395,0.8241062,-0.5607542,-0.08002281
1356512806260,0.25243008,0.48513278,-0.8372128,0.49930122,0.67583567,0.5421665,0.828841,-0.5548805,-0.07162613
1356512806300,0.2535834,0.47932383,-0.8402048,0.49045303,0.68495905,0.53878284,0.83375734,-0.54870737,-0.061391592
1356512806340,0.25567406,0.47181973,-0.8438109,0.48162124,0.6946379,0.53433996,0.83825517,-0.5430141,-0.049637496
1356512806381,0.25879133,0.46229935,-0.8481193,0.47390944,0.7043235,0.5285246,0.8416869,-0.53870934,-0.036815226
1356512806418,0.26308936,0.45111486,-0.8528068,0.46712938,0.71385914,0.52172345,0.8441411,-0.535631,-0.02292025
1356512806480,0.26662743,0.43807918,-0.858485,0.46035355,0.7246672,0.512769,0.8467493,-0.53192484,-0.008455157
1356512806500,0.26532862,0.4229611,-0.86643213,0.4521359,0.73912215,0.49927104,0.8515714,-0.52421594,0.0048743486
1356512806542,0.25537634,0.40595114,-0.8774888,0.44179356,0.7582939,0.4793838,0.8600008,-0.5100922,0.014303744
1356512806581,0.23584753,0.38807026,-0.8909418,0.42970917,0.7806592,0.45378542,0.8716225,-0.48987007,0.017359197
1356512806620,0.20768207,0.37047374,-0.9053272,0.41772276,0.8032875,0.42454314,0.8845202,-0.4663458,0.0120731
1356512806659,0.17836148,0.35505432,-0.91767293,0.40998203,0.82099885,0.39733565,0.8944841,-0.4470988,8.686781E-4
1356512806702,0.15261257,0.344036,-0.9264711,0.40969434,0.8310827,0.3761012,0.8993665,-0.43696773,-0.01411593
1356512806742,0.13335988,0.3397319,-0.93101954,0.41636464,0.83328116,0.36370724,0.899364,-0.43614757,-0.030326068
1356512806781,0.121082604,0.3439719,-0.93114036,0.4264003,0.82906413,0.3617118,0.89639384,-0.44083554,-0.046284497
1356512806821,0.11489856,0.35691714,-0.9270429,0.43881255,0.8189997,0.3697067,0.8912025,-0.4492768,-0.06251782
1356512806860,0.11721647,0.38166475,-0.91683817,0.4507302,0.80219585,0.39156625,0.88493085,-0.45914468,-0.07799727
1356512806900,0.12574431,0.41418636,-0.90146434,0.46312416,0.7790781,0.42255554,0.8773279,-0.47062388,-0.09385508
1356512806939,0.14084265,0.4560244,-0.878752,0.47470284,0.74780834,0.46415514,0.8688041,-0.4825189,-0.11115277
1356512806981,0.15660247,0.5035616,-0.8496478,0.4850531,0.71015835,0.5102926,0.8603483,-0.49203736,-0.13304156
1356512807019,0.1671831,0.554675,-0.8150984,0.49203312,0.66948295,0.55650336,0.854373,-0.49409336,-0.1609922
1356512807061,0.15683416,0.5993241,-0.78499275,0.49701205,0.63895446,0.5871254,0.853453,-0.48223218,-0.1976614
1356512807099,0.120588124,0.63288665,-0.7647961,0.49977788,0.626954,0.5976209,0.8577183,-0.45429415,-0.24069953
1356512807141,0.07369995,0.6557055,-0.751411,0.49934763,0.62794375,0.596941,0.8632614,-0.41920984,-0.28114557
1356512807180,0.038224578,0.67327845,-0.7384002,0.49710074,0.62820727,0.5985369,0.8668504,-0.38993812,-0.31067425
1356512807220,0.03093031,0.69355834,-0.7197362,0.4947804,0.61504185,0.6139348,0.86846745,-0.3751005,-0.3241356
1356512807261,0.05960232,0.7208775,-0.6904948,0.4889983,0.5819575,0.64977384,0.87024605,-0.37637877,-0.31782186
1356512807299,0.10864356,0.74729747,-0.655548,0.47533256,0.5401244,0.694496,0.8730725,-0.3870558,-0.29653376
1356512807339,0.17192271,0.7694788,-0.6150974,0.4500192,0.49408874,0.74388105,0.87631345,-0.4046957,-0.2613352
1356512807380,0.23088506,0.7801365,-0.5814456,0.4193737,0.45944074,0.78296864,0.87796223,-0.42461875,-0.2210908
1356512807422,0.2813974,0.78095716,-0.5576032,0.38887233,0.43842387,0.8102856,0.8772649,-0.44484872,-0.18032128
1356512807471,0.32216012,0.77378756,-0.54540414,0.36306852,0.43107826,0.82604647,0.87429637,-0.46413827,-0.14206165
1356512807499,0.35584193,0.7613905,-0.54190505,0.34333938,0.43279952,0.8335483,0.869192,-0.4826688,-0.10740709
1356512807539,0.381284,0.74505585,-0.54727894,0.33117908,0.44262373,0.8333094,0.8631007,-0.49897492,-0.07798159
1356512807580,0.39436474,0.7265649,-0.56265426,0.32692206,0.4612964,0.8248197,0.85883546,-0.50922394,-0.055611074
1356512807619,0.38596886,0.7052587,-0.5946748,0.3322967,0.4950655,0.8028008,0.8605852,-0.5074645,-0.043275237
1356512807661,0.35088706,0.67905205,-0.64479965,0.34523803,0.54626507,0.7631548,0.8704533,-0.49039048,-0.042757213
1356512807701,0.29742092,0.64694035,-0.702146,0.3575623,0.60642797,0.7102073,0.88526267,-0.46229142,-0.050957084
1356512807738,0.24099413,0.6122746,-0.7530217,0.36314827,0.6626391,0.65500593,0.9000251,-0.43131113,-0.06265432
1356512807779,0.19806069,0.5824006,-0.78840435,0.36414146,0.7030551,0.610831,0.91004,-0.40807235,-0.07282865
1356512807819,0.1746864,0.5636913,-0.8073022,0.36614937,0.7239207,0.58469945,0.91401273,-0.3977322,-0.07993615
1356512807860,0.16834265,0.55886155,-0.8119942,0.3713161,0.7271193,0.5774269,0.91311836,-0.39871207,-0.085109055
1356512807899,0.1757235,0.56915396,-0.8032341,0.37778348,0.7144712,0.5889062,0.90906596,-0.40693325,-0.089467585
1356512807941,0.1964637,0.59376484,-0.7802855,0.38447106,0.6854147,0.61837596,0.901989,-0.4214856,-0.09362626
1356512807981,0.23054972,0.632282,-0.7396393,0.38774145,0.63746756,0.6658015,0.89247036,-0.44028914,-0.098194
1356512808022,0.27476692,0.6782504,-0.68152744,0.38706344,0.5708158,0.724121,0.88016194,-0.46275887,-0.10568464
1356512808058,0.32185522,0.72709763,-0.6064143,0.38043368,0.4871979,0.78607154,0.8669945,-0.48370168,-0.11980522
1356512808099,0.35515565,0.7698629,-0.53025997,0.37504986,0.4022367,0.83519053,0.8562722,-0.4954965,-0.14588028
1356512808139,0.3629039,0.80444247,-0.47029036,0.37963217,0.33327544,0.86302197,0.85098773,-0.4917314,-0.18444532
1356512808183,0.33873332,0.8306559,-0.4418942,0.4006136,0.29762822,0.86656,0.8513334,-0.47056153,-0.23195547
1356512808220,0.3060969,0.85001576,-0.42869326,0.42378652,0.28156692,0.8608862,0.85247266,-0.44518903,-0.2740385
1356512808260,0.28242207,0.86315227,-0.41857624,0.43782547,0.27226156,0.8568445,0.8535495,-0.42525512,-0.30101734
1356512808298,0.27695778,0.87120426,-0.40533635,0.43731847,0.2613311,0.860499,0.8555974,-0.415583,-0.30861604
1356512808338,0.289312,0.8748642,-0.38847294,0.42118454,0.24808902,0.8723849,0.8595942,-0.41601017,-0.2967041
1356512808377,0.3089884,0.8732203,-0.37684536,0.39664233,0.24181509,0.88555086,0.8644079,-0.42309773,-0.2716381
1356512808419,0.3298683,0.8668715,-0.3737925,0.37043715,0.2453359,0.895872,0.8683106,-0.43398643,-0.24019289
1356512808482,0.34953386,0.8566733,-0.37939024,0.34703475,0.25775284,0.9017374,0.87028325,-0.4468494,-0.20720208
1356512808499,0.36618817,0.8434286,-0.39310867,0.32944238,0.27758443,0.90244925,0.87027234,-0.4599729,-0.17621303
1356512808538,0.38071147,0.82856786,-0.41052905,0.31701806,0.3001028,0.89968765,0.8686532,-0.4726665,-0.14841837
1356512808581,0.39040408,0.8128094,-0.43234882,0.31032783,0.32595012,0.89300233,0.8667648,-0.48280162,-0.1249851
1356512808623,0.38732937,0.796383,-0.46448898,0.31141254,0.36119065,0.87895596,0.8677547,-0.48509315,-0.10810393
1356512808660,0.36389852,0.7785126,-0.5113667,0.32043982,0.4108593,0.85352963,0.87458336,-0.47446042,-0.09995538
1356512808699,0.31535524,0.7560566,-0.57352376,0.33393914,0.47729433,0.812819,0.8882768,-0.44784877,-0.101959646
1356512808738,0.25373083,0.7267571,-0.63831395,0.34349424,0.54919934,0.76183444,0.9042302,-0.41255802,-0.11028808
1356512808780,0.19915193,0.69516635,-0.6907114,0.34550214,0.60976315,0.7133142,0.9170424,-0.3807002,-0.11874598
1356512808820,0.16716263,0.6697377,-0.7235386,0.34496263,0.6477481,0.6792813,0.9236111,-0.36314422,-0.12275523
1356512808859,0.1591118,0.65578246,-0.73799247,0.3472954,0.6625581,0.6636285,0.92415875,-0.36189252,-0.122329414
1356512808900,0.16666698,0.6539524,-0.7379488,0.35231954,0.65951127,0.664015,0.92091966,-0.3706631,-0.12048143
1356512808941,0.18499348,0.66370964,-0.72475296,0.35835275,0.64114517,0.6786134,0.91507417,-0.3852563,-0.1192345
1356512808980,0.21368283,0.6853571,-0.69615036,0.36320147,0.60579234,0.70788443,0.90687615,-0.40410554,-0.119475245
1356512809019,0.25323465,0.7176281,-0.64875424,0.36431038,0.55050176,0.75114965,0.8961865,-0.42656505,-0.12203324
1356512809060,0.30128878,0.7551916,-0.58216035,0.36131722,0.4745826,0.802634,0.88242567,-0.4521692,-0.12987733
1356512809099,0.3494276,0.79220307,-0.5003146,0.35411587,0.38271067,0.85330796,0.86746883,-0.4753387,-0.14680201
1356512809142,0.38024002,0.82264173,-0.4227032,0.35265398,0.2935496,0.8885177,0.8550162,-0.4869179,-0.17848861
1356512809179,0.3922965,0.84774876,-0.35696727,0.35795522,0.21678793,0.90822417,0.84733206,-0.48407143,-0.21841091
1356512809221,0.38347152,0.86803657,-0.3153763,0.37356752,0.16651312,0.9125353,0.84462833,-0.46774566,-0.26041722
1356512809259,0.36959222,0.8838239,-0.2868044,0.3880119,0.13366225,0.91191065,0.84430337,-0.4483186,-0.29353368
1356512809300,0.36306566,0.89414585,-0.2620813,0.39173833,0.10872787,0.9136298,0.8454138,-0.4343749,-0.31079578
1356512809339,0.3672971,0.8989291,-0.23878711,0.38173866,0.08841646,0.9200316,0.8481559,-0.42907923,-0.31068093
1356512809380,0.37820885,0.89904577,-0.22062373,0.36237067,0.07552543,0.928969,0.85184836,-0.43129182,-0.29722342
1356512809421,0.3921122,0.89560664,-0.21008724,0.33823535,0.07201715,0.9383018,0.8554793,-0.43897852,-0.27468705
1356512809476,0.40415418,0.88993156,-0.21137947,0.31656256,0.08072655,0.94513035,0.8581652,-0.4488932,-0.249093
1356512809500,0.41619325,0.8823887,-0.21948436,0.29672763,0.096367106,0.9500874,0.85949755,-0.46054706,-0.22172177
1356512809538,0.42796704,0.8729689,-0.23402876,0.28018495,0.11803427,0.95266175,0.85926753,-0.47327924,-0.19407803
1356512809581,0.4379089,0.86244786,-0.25380996,0.26675022,0.1449576,0.952802,0.85853374,-0.48494428,-0.16657993
1356512809619,0.43813995,0.8525897,-0.28482303,0.26118502,0.18243912,0.9478916,0.8601254,-0.48970068,-0.14274979
1356512809660,0.41932797,0.84535396,-0.33096942,0.26539668,0.23449403,0.9351883,0.8681755,-0.47998878,-0.12602422
1356512809699,0.37638864,0.8385929,-0.39381933,0.2782197,0.30314812,0.91142476,0.8836999,-0.45261824,-0.119211555
1356512809740,0.3182844,0.8279252,-0.4617736,0.2905142,0.3784843,0.8788351,0.9023838,-0.41387126,-0.12005836
1356512809779,0.26193863,0.8130101,-0.5200027,0.295468,0.44538444,0.8451812,0.91874194,-0.3750297,-0.123555064
1356512809819,0.22476843,0.79842186,-0.5585711,0.29540542,0.49042746,0.8198881,0.92855525,-0.3492899,-0.12562555
1356512809862,0.2114918,0.7888908,-0.5769944,0.29664725,0.51068866,0.8069681,0.9312742,-0.34183097,-0.12601584
1356512809899,0.21432453,0.7857851,-0.5801782,0.30075943,0.51203114,0.80459166,0.9293055,-0.34693775,-0.12659144
1356512809941,0.22869354,0.7881419,-0.57142943,0.30794662,0.49827498,0.8104881,0.9235086,-0.36132312,-0.1287533
1356512809979,0.25025952,0.79517573,-0.55232745,0.3147959,0.4726538,0.823105,0.9155728,-0.37986025,-0.13203198
1356512810021,0.2791888,0.8029426,-0.5266277,0.32272214,0.43807262,0.839013,0.9043804,-0.40419745,-0.13682234
1356512810059,0.31282276,0.8094686,-0.4968928,0.33177945,0.3970676,0.8557217,0.88997996,-0.43254805,-0.14435327
1356512810100,0.34367734,0.8129566,-0.4700932,0.34553578,0.35599607,0.86825794,0.8732073,-0.46083456,-0.15855777
1356512810138,0.3586277,0.8150432,-0.45507228,0.367388,0.32492068,0.8714658,0.85814464,-0.47971988,-0.18291152
1356512810178,0.34561333,0.8182998,-0.45927867,0.39713,0.31589755,0.86168236,0.85019946,-0.48020226,-0.21579301
1356512810219,0.30420995,0.8211052,-0.48295203,0.4279942,0.33511895,0.8393547,0.8510449,-0.46204072,-0.24948174
1356512810261,0.24809483,0.8181171,-0.5187807,0.45134288,0.37623075,0.8091601,0.8571689,-0.43489635,-0.27591038
1356512810302,0.19741929,0.8060807,-0.5579064,0.46323204,0.42485523,0.77776223,0.8639686,-0.41198534,-0.28952777
1356512810340,0.16513216,0.7860472,-0.59570235,0.466351,0.46997762,0.74942505,0.8690502,-0.40156054,-0.28896546
1356512810382,0.1583798,0.7620832,-0.62780976,0.46274403,0.50439376,0.7290095,0.8722292,-0.40597558,-0.27276367
1356512810421,0.16425058,0.7350239,-0.6578463,0.45792788,0.53386784,0.7108356,0.8736841,-0.4180013,-0.24889982
1356512810506,0.18063968,0.70799124,-0.6827282,0.4526219,0.5564383,0.69678533,0.873214,-0.4348848,-0.2199375
1356512810508,0.19678804,0.6811929,-0.70516014,0.4495939,0.5764513,0.6823264,0.8712864,-0.45130938,-0.19282144
1356512810545,0.21336102,0.6573884,-0.7227154,0.44800705,0.5915509,0.6703412,0.86819744,-0.46680626,-0.16830069
1356512810581,0.22642481,0.63708276,-0.7367885,0.44717243,0.60401505,0.6596989,0.8653141,-0.47884375,-0.1481219
1356512810630,0.22982281,0.62224185,-0.74832916,0.44221523,0.6181873,0.64983857,0.86696434,-0.4802703,-0.13309127
1356512810673,0.21850437,0.6139535,-0.7584965,0.4307891,0.6367502,0.6395076,0.8756007,-0.46648723,-0.12535173
1356512810711,0.19382927,0.61133426,-0.7672683,0.41249138,0.6588206,0.6291313,0.8901017,-0.43843564,-0.124471426
1356512810751,0.15598518,0.6127371,-0.7747399,0.38544047,0.68440217,0.6188936,0.90945274,-0.39515433,-0.12941706
1356512810788,0.120818496,0.6154789,-0.77883804,0.35619727,0.70545596,0.61274415,0.92656696,-0.3514508,-0.13399976
1356512810818,0.09934878,0.61838186,-0.7795727,0.33376342,0.7173524,0.61156154,0.9374069,-0.32095072,-0.13512516
1356512810858,0.09620345,0.620766,-0.7780709,0.32269186,0.72002625,0.614355,0.94160223,-0.31018025,-0.13104713
1356512810900,0.10561183,0.6252394,-0.7732541,0.32132515,0.7144302,0.62156236,0.9410613,-0.3141103,-0.12545282
1356512810940,0.12057495,0.6332285,-0.7645151,0.32550806,0.70233524,0.63306373,0.9378199,-0.3251875,-0.12143695
1356512810980,0.13962978,0.6445817,-0.7516768,0.33382958,0.6840297,0.648584,0.9322345,-0.34149358,-0.1196695
1356512811021,0.16369393,0.65947574,-0.7336866,0.3452322,0.65839654,0.66882634,0.92413145,-0.362775,-0.11989671
1356512811059,0.19279522,0.67667013,-0.7105966,0.35975844,0.62500834,0.69277585,0.91290957,-0.38920698,-0.12293917
1356512811101,0.22372666,0.69463795,-0.6836844,0.3787232,0.58438444,0.7176792,0.8980618,-0.4194911,-0.13233316
1356512811138,0.24802643,0.7127704,-0.65608025,0.40047473,0.5412256,0.7393881,0.8821014,-0.44613135,-0.15120828
1356512811180,0.25054926,0.7303821,-0.63542664,0.42566368,0.5063996,0.7499133,0.869503,-0.45836824,-0.18401909
1356512811218,0.23015156,0.7457809,-0.62517273,0.45043808,0.48782,0.7477547,0.862633,-0.45369852,-0.22365564
1356512811261,0.19260761,0.75605273,-0.625529,0.47083664,0.48808488,0.7349054,0.8609385,-0.43607038,-0.2619685
1356512811309,0.15460426,0.7592014,-0.6322268,0.48066044,0.50128347,0.7195001,0.8631704,-0.41512424,-0.28741753
1356512811351,0.13268459,0.75457203,-0.64266306,0.48151326,0.5176673,0.7072238,0.866337,-0.40328845,-0.29464996
1356512811389,0.13349012,0.74713147,-0.65113354,0.47391292,0.52890253,0.7040374,0.8703947,-0.40256262,-0.283472
1356512811491,0.15163723,0.7374567,-0.6581518,0.46153283,0.535982,0.70690227,0.87406725,-0.41095138,-0.2590856
1356512811498,0.18112916,0.72548234,-0.6639786,0.44780704,0.5402542,0.71245646,0.8755919,-0.42638096,-0.22702038
1356512811507,0.2120409,0.7109937,-0.6704675,0.4367252,0.5448097,0.7158586,0.87424815,-0.4446014,-0.19498694
1356512811550,0.24109292,0.6952237,-0.6771545,0.42960215,0.549202,0.7168117,0.8702391,-0.46372527,-0.1662609
1356512811589,0.26363295,0.6790396,-0.6851298,0.42633542,0.55509883,0.7142153,0.86529523,-0.4803858,-0.14315629
1356512811630,0.27601612,0.6644325,-0.6945102,0.42462072,0.5639478,0.70827967,0.86227155,-0.49040002,-0.12647319
1356512811668,0.27222392,0.6532025,-0.7065555,0.42114085,0.57934344,0.69785494,0.86517894,-0.4875322,-0.11737913
1356512811712,0.24763668,0.64652264,-0.72158474,0.41282737,0.6033744,0.682285,0.8764985,-0.46684867,-0.11748463
1356512811750,0.20457661,0.6432966,-0.73777896,0.39771745,0.63407284,0.6631534,0.89440995,-0.42909327,-0.12613386
1356512811793,0.1540429,0.6408498,-0.7520521,0.37592033,0.66588473,0.64442337,0.9137586,-0.38198054,-0.13833362
1356512811839,0.11684534,0.6369135,-0.7620292,0.35529578,0.68969786,0.6309372,0.9274223,-0.34446785,-0.14570469
1356512811880,0.10091725,0.6327576,-0.7677458,0.34416032,0.70184,0.62367815,0.93347174,-0.32716757,-0.14694226
1356512811921,0.1040231,0.63027227,-0.76937383,0.3446355,0.7028009,0.6223321,0.9329553,-0.32989046,-0.14410669
1356512811959,0.11802256,0.6317449,-0.76613903,0.3524416,0.69465214,0.62709117,0.9283618,-0.3440302,-0.14066857
1356512812000,0.14028233,0.6375871,-0.75749826,0.36544678,0.6777007,0.6380991,0.9202008,-0.3663393,-0.13793468
1356512812039,0.17018694,0.648811,-0.7416743,0.38112366,0.6507425,0.6567184,0.908725,-0.39443445,-0.13652933
1356512812079,0.20637405,0.66504675,-0.71772045,0.39770907,0.61317277,0.68252957,0.8940007,-0.42630038,-0.13795221
1356512812119,0.24364656,0.6855452,-0.6860496,0.4139315,0.56620395,0.71279293,0.8770958,-0.45764703,-0.14581507
1356512812160,0.2716075,0.7094506,-0.6503147,0.42863786,0.5158231,0.741752,0.8616837,-0.48021492,-0.16399592
1356512812198,0.27693155,0.7349385,-0.6190106,0.44278085,0.47413078,0.76101583,0.85279185,-0.48483533,-0.19411492
1356512812238,0.2575782,0.75913894,-0.5977973,0.4560982,0.4498908,0.76783633,0.851838,-0.47043213,-0.2303598
1356512812280,0.2217449,0.7780643,-0.5877458,0.46658474,0.44460583,0.7646073,0.8562288,-0.443781,-0.26444387
1356512812318,0.19012535,0.7906506,-0.58199996,0.47123885,0.44656354,0.76060164,0.8612701,-0.41887066,-0.28768224
1356512812359,0.17733204,0.79912126,-0.5744201,0.46755347,0.44518757,0.76367646,0.8659948,-0.4039964,-0.29468596
1356512812399,0.18779838,0.80568874,-0.5617806,0.45550847,0.4352904,0.7765528,0.87019753,-0.40173113,-0.2852512
1356512812467,0.21567273,0.8103473,-0.5448142,0.43705562,0.41882592,0.79596937,0.873194,-0.409783,-0.26383752
1356512812486,0.25571647,0.81225324,-0.5242651,0.41333127,0.39837316,0.81881386,0.8739373,-0.42607933,-0.23385906
1356512812521,0.29158124,0.81008995,-0.50865966,0.39153776,0.38410076,0.8361608,0.872742,-0.44296825,-0.20518422
1356512812561,0.32531384,0.8059764,-0.49454325,0.3710996,0.37221727,0.85072875,0.86974484,-0.46027863,-0.17801005
1356512812599,0.35280058,0.8001698,-0.48503613,0.35378763,0.36581388,0.8608221,0.8662368,-0.47529832,-0.15403086
1356512812642,0.36835757,0.79423094,-0.48322862,0.34044027,0.3684382,0.8650744,0.86510867,-0.48316717,-0.13467115
1356512812679,0.36559218,0.78933954,-0.49323976,0.33273244,0.3840747,0.86126405,0.8692707,-0.47898823,-0.12222415
1356512812721,0.33321,0.7860075,-0.5207334,0.33080104,0.41972744,0.84522164,0.8829166,-0.45389548,-0.12015474
1356512812759,0.2789905,0.7810193,-0.5587247,0.32944447,0.4686724,0.8196417,0.9020148,-0.41274107,-0.12654734
1356512812801,0.21658397,0.7724384,-0.5970178,0.3225983,0.52055496,0.7905396,0.92142373,-0.36381516,-0.13644344
1356512812840,0.16721943,0.763071,-0.62430793,0.3104443,0.5602609,0.76794016,0.9357682,-0.32222736,-0.14320451
1356512812880,0.14300525,0.75868917,-0.63556296,0.29967082,0.5788277,0.7583903,0.94326395,-0.29891345,-0.14458162
1356512812922,0.1433287,0.76299065,-0.6303191,0.29493886,0.5750245,0.76312375,0.94470525,-0.29528317,-0.14261806
1356512812959,0.15893012,0.77700424,-0.6091024,0.2940463,0.5516934,0.7804942,0.94248503,-0.3031484,-0.14079452
1356512813001,0.18888372,0.7984208,-0.5717056,0.2960625,0.5087952,0.8083776,0.9363066,-0.32194993,-0.1402793
1356512813039,0.2314353,0.82700145,-0.51235366,0.29396042,0.44258684,0.8471742,0.9273753,-0.34667772,-0.14067549
1356512813081,0.28649592,0.85411227,-0.43406492,0.2864534,0.35596955,0.8895111,0.9142563,-0.37918064,-0.14267945
1356512813119,0.34818566,0.8744704,-0.33773988,0.26998085,0.25147527,0.92944634,0.89770657,-0.41480315,-0.14853019
1356512813160,0.40219373,0.8835341,-0.24001607,0.25075758,0.14582686,0.95700324,0.88054574,-0.4450865,-0.1629022
1356512813201,0.431014,0.8877367,-0.16171122,0.24083674,0.0595354,0.96873796,0.86961174,-0.45648566,-0.18813899
1356512813240,0.42830783,0.89619523,-0.115700126,0.24749142,0.0068014264,0.9688662,0.8690802,-0.4436078,-0.21888754
1356512813280,0.39543283,0.9126655,-0.103318244,0.2678273,-0.006975889,0.9634417,0.87857926,-0.40864798,-0.24719524
1356512813320,0.3497067,0.930164,-0.11180422,0.28689793,0.0072792172,0.9579335,0.89184904,-0.36707217,-0.26431656
1356512813360,0.30934578,0.9421773,-0.12886882,0.29319444,0.034417167,0.95543313,0.9046227,-0.3333428,-0.26559433
1356512813400,0.2840939,0.94710195,-0.14929354,0.28441545,0.065455705,0.95646405,0.91564107,-0.31418696,-0.25077486
1356512813466,0.2754767,0.9457394,-0.17230642,0.26489326,0.09762274,0.9593234,0.924091,-0.30991402,-0.22362721
1356512813488,0.2809797,0.9389821,-0.19840077,0.24251208,0.13055255,0.96132404,0.9285679,-0.3182271,-0.19103187
1356512813521,0.2972582,0.92737985,-0.22716558,0.22408125,0.16351502,0.9607551,0.9281299,-0.33649585,-0.15920222
1356512813561,0.32079852,0.91145205,-0.2575721,0.21342936,0.19538678,0.95722085,0.92278713,-0.36204845,-0.13185084
1356512813602,0.34632578,0.89230543,-0.2895675,0.21237642,0.22608098,0.95067537,0.9137585,-0.39074066,-0.11120695
1356512813665,0.3681846,0.8718564,-0.32296523,0.22229356,0.25474522,0.9411112,0.9027877,-0.4182957,-0.100014776
1356512813701,0.36670107,0.8534865,-0.37025824,0.24286216,0.296364,0.9236809,0.89808035,-0.42863646,-0.09860253
1356512813744,0.33858052,0.839412,-0.42514795,0.26620588,0.34792045,0.8989359,0.9024953,-0.4175391,-0.10565734
1356512813795,0.268416,0.8296892,-0.48945755,0.28552192,0.41674817,0.8630169,0.92001635,-0.3713984,-0.1250326
1356512813841,0.19461402,0.81285346,-0.54899424,0.29242304,0.48616466,0.8234881,0.93627673,-0.3208009,-0.14308262
1356512813889,0.14785641,0.79271054,-0.5913953,0.29189882,0.53635275,0.7919096,0.9449516,-0.2897165,-0.1520881
1356512813921,0.12787834,0.7755152,-0.6182422,0.29232922,0.56619436,0.77069294,0.9477293,-0.2792852,-0.15430176
1356512813959,0.13072759,0.7634822,-0.63245964,0.2983228,0.57807577,0.75949454,0.9454702,-0.28796402,-0.15219373
1356512813999,0.14701083,0.7569865,-0.63667834,0.30874062,0.576396,0.7566022,0.93971646,-0.30779713,-0.14897597
1356512814040,0.17363489,0.7553396,-0.63191223,0.32221305,0.56276965,0.7612287,0.9306072,-0.33578622,-0.14566386
1356512814091,0.21546546,0.7576699,-0.6160445,0.34052005,0.53296673,0.77459186,0.9152162,-0.37667328,-0.14316589
1356512814128,0.26170737,0.76519406,-0.5882068,0.35551453,0.4901662,0.7958307,0.8972841,-0.41739082,-0.14375752
1356512814168,0.3020714,0.7729912,-0.55788666,0.37006402,0.44424373,0.81590444,0.8785246,-0.45291513,-0.15186286
1356512814209,0.32264864,0.7824236,-0.5326454,0.38660333,0.40472233,0.8286964,0.8639651,-0.47330028,-0.17190444
1356512814252,0.31219146,0.7939236,-0.5217488,0.40703785,0.38445446,0.82856196,0.85840356,-0.4710415,-0.20313358
1356512814290,0.27317914,0.8039616,-0.52822244,0.42882305,0.38975516,0.81498575,0.8610946,-0.44915107,-0.23828429
1356512814332,0.22208121,0.8078271,-0.5459811,0.44516364,0.41418776,0.7939004,0.86747295,-0.41936132,-0.26763195
1356512814370,0.18034416,0.8048726,-0.5653814,0.45126384,0.44303733,0.7746476,0.87397766,-0.39483932,-0.28331065
1356512814410,0.16100726,0.79840755,-0.5801914,0.4473194,0.46498188,0.76400083,0.87976253,-0.38254052,-0.2822777
1356512814465,0.1726653,0.79195297,-0.5856596,0.43272567,0.4731468,0.76738554,0.8848362,-0.38593084,-0.26100236
1356512814502,0.18865365,0.78154695,-0.5946379,0.41956067,0.48332393,0.76835334,0.8879069,-0.39443934,-0.23672551
1356512814541,0.20547736,0.77047753,-0.60344297,0.40943146,0.4923699,0.76807404,0.88890094,-0.4048904,-0.21428692
1356512814581,0.22010028,0.75859785,-0.6132578,0.40337014,0.5016293,0.76528466,0.8881714,-0.41580927,-0.19558698
1356512814622,0.23137248,0.7460371,-0.62441593,0.40074894,0.51176137,0.75993454,0.88649136,-0.426062,-0.18056613
1356512814661,0.23737022,0.7331097,-0.6373425,0.39965627,0.52429575,0.75192344,0.8853983,-0.43320215,-0.1685397
1356512814714,0.22831297,0.7197737,-0.65559065,0.39617008,0.5464209,0.7378845,0.88933825,-0.42819405,-0.16039783
1356512814753,0.19848377,0.70357156,-0.68234247,0.3894918,0.58223736,0.7136496,0.89938885,-0.40741462,-0.15847069
1356512814798,0.1431399,0.6843488,-0.7149669,0.37333918,0.63169974,0.67939186,0.91658545,-0.3641733,-0.1650728
1356512814838,0.08929208,0.6633366,-0.74297476,0.3519283,0.6768242,0.646572,0.93175817,-0.3192076,-0.1730119
1356512814882,0.053153813,0.6458509,-0.761611,0.33278087,0.70763564,0.6233047,0.94150496,-0.2865806,-0.17731327
1356512814920,0.03998655,0.6352915,-0.7712365,0.32363927,0.72201,0.61152196,0.9453352,-0.27405506,-0.17673463
1356512814963,0.046971887,0.6331087,-0.7726365,0.3270285,0.7211158,0.61077356,0.9438464,-0.28136334,-0.17317241
1356512814998,0.0630191,0.63961715,-0.76610607,0.33602792,0.7092135,0.6197592,0.9397413,-0.29648966,-0.17023522
1356512815040,0.086297214,0.6532439,-0.75221354,0.34925437,0.68727934,0.6369211,0.9330457,-0.31767833,-0.16883796
1356512815079,0.1184333,0.6760452,-0.72728026,0.36407578,0.65186083,0.6652265,0.9238087,-0.34357005,-0.16892964
1356512815121,0.15988976,0.7068463,-0.68905985,0.37809962,0.6009527,0.7041992,0.91185296,-0.37312746,-0.17117214
1356512815159,0.20691568,0.7418479,-0.6378461,0.38994431,0.5353991,0.74919367,0.89729,-0.4037443,-0.1784969
1356512815200,0.24829644,0.7767973,-0.5787355,0.39922592,0.4622863,0.7917765,0.88259137,-0.42764145,-0.1953336
1356512815242,0.26660717,0.8082338,-0.52505124,0.4089102,0.39845413,0.82099134,0.8727617,-0.43358094,-0.22426432
1356512815279,0.26090842,0.8351438,-0.4842124,0.4191724,0.35382593,0.836123,0.86960983,-0.42112002,-0.25775307
1356512815321,0.23315185,0.8553738,-0.4625753,0.42846018,0.3366627,0.8384987,0.87296164,-0.3936926,-0.2880001
1356512815360,0.20714694,0.86948055,-0.4484346,0.43073207,0.33050072,0.8397851,0.8783848,-0.36711407,-0.30605096
1356512815400,0.19671828,0.87884176,-0.43467134,0.42149544,0.3244735,0.8467931,0.88523644,-0.3497917,-0.3065979
1356512815468,0.20442453,0.8841258,-0.42015725,0.40091136,0.3159518,0.85990953,0.8930177,-0.3442324,-0.28986782
1356512815482,0.22418052,0.8850819,-0.40788865,0.3734424,0.30857438,0.87482715,0.9001577,-0.34844217,-0.26135075
1356512815522,0.24898651,0.8816253,-0.400927,0.34552118,0.30586496,0.88716495,0.90477663,-0.35942087,-0.228464
1356512815562,0.27449006,0.87425476,-0.40041697,0.32234186,0.30866128,0.8948876,0.90595305,-0.37470883,-0.19708443
1356512815600,0.2981946,0.86387444,-0.4059568,0.30643746,0.31614876,0.89785635,0.90397793,-0.3921363,-0.17044967
1356512815642,0.31777775,0.8515755,-0.4169369,0.29834232,0.32759148,0.8964796,0.9000051,-0.40927124,-0.14995974
1356512815687,0.3284157,0.8383959,-0.435012,0.29752725,0.3452856,0.8900873,0.89644897,-0.42174655,-0.13604844
1356512815721,0.32403785,0.82575387,-0.46166015,0.30270845,0.37183487,0.87755704,0.89630747,-0.42411014,-0.1294741
1356512815768,0.2967105,0.8134697,-0.5002298,0.31247002,0.4122843,0.8557944,0.9023997,-0.41022995,-0.13185579
1356512815806,0.2409946,0.79887694,-0.55110544,0.32224077,0.46976337,0.82187784,0.9154684,-0.37565672,-0.1442203
1356512815853,0.17179191,0.77900445,-0.6030253,0.32370842,0.53349704,0.78140503,0.9304302,-0.3294434,-0.16051978
1356512815889,0.11859107,0.75800467,-0.6413775,0.31734166,0.5831252,0.7478365,0.9408669,-0.2922225,-0.17139298
1356512815930,0.09260163,0.7424844,-0.6634318,0.31091195,0.6114175,0.7276692,0.94591683,-0.27365226,-0.17422903
1356512815969,0.08891195,0.73436373,-0.6729075,0.30959457,0.62174386,0.7194343,0.9467026,-0.27229482,-0.17207456
1356512816012,0.0995197,0.7330846,-0.672817,0.31410974,0.61845326,0.72031283,0.94415617,-0.28302372,-0.16872078
1356512816049,0.118448734,0.7379507,-0.6643784,0.32262635,0.60418457,0.7286105,0.9390857,-0.30064896,-0.16651744
1356512816091,0.14527756,0.74797803,-0.6476289,0.33408242,0.5790424,0.74370617,0.9312805,-0.32440525,-0.16576445
1356512816131,0.17964509,0.762038,-0.6221138,0.3462801,0.54294145,0.7650521,0.92077017,-0.35286346,-0.16634184
1356512816169,0.21892035,0.7772105,-0.58993036,0.35893154,0.49805844,0.78937066,0.9073269,-0.3845539,-0.16993022
1356512816209,0.2536796,0.7913709,-0.5562182,0.3723474,0.4508259,0.81124187,0.8927508,-0.4129019,-0.18029964
1356512816250,0.2676434,0.80343425,-0.53184617,0.38836727,0.41520196,0.82266533,0.8817811,-0.42673266,-0.20090151
1356512816291,0.25048968,0.8121952,-0.5268718,0.40812778,0.4049081,0.81821835,0.8778876,-0.41998628,-0.23005408
1356512816330,0.20513237,0.8141582,-0.5432008,0.42890763,0.4240942,0.79761034,0.87974936,-0.39659864,-0.26220322
1356512816370,0.14934513,0.8059393,-0.57285064,0.4446926,0.46270564,0.7669107,0.8831447,-0.36927685,-0.2892924
1356512816410,0.102832675,0.78883624,-0.6059397,0.4517882,0.5056699,0.7349731,0.8861788,-0.34933567,-0.3043875
1356512816468,0.07673654,0.76736844,-0.63659817,0.45071706,0.54282236,0.70865935,0.8893625,-0.34130567,-0.30421174
1356512816492,0.07059473,0.7445921,-0.66377634,0.44478813,0.5721235,0.689085,0.89284927,-0.34388557,-0.29079682
1356512816548,0.0806312,0.7219503,-0.6872309,0.43734932,0.5939344,0.6752536,0.89566964,-0.3550065,-0.26785487
1356512816572,0.09527865,0.6966893,-0.71101755,0.4324121,0.6143924,0.65995586,0.89662796,-0.37033224,-0.2427184
1356512816612,0.113562524,0.6718067,-0.7319695,0.43049717,0.63070995,0.64566016,0.89541924,-0.38843358,-0.21758592
1356512816653,0.13095284,0.646707,-0.75141287,0.43097514,0.64543974,0.63060915,0.8928112,-0.40642035,-0.19419253
1356512816691,0.14438617,0.62198323,-0.7696035,0.43190497,0.66014254,0.61454856,0.8902869,-0.42112792,-0.1733222
1356512816734,0.14797813,0.5964004,-0.78892905,0.4309485,0.6791114,0.5942147,0.8901606,-0.42791852,-0.15652418
1356512816780,0.13506064,0.5685578,-0.8114806,0.42553273,0.7063267,0.5657071,0.8948075,-0.4217163,-0.14654297
1356512816813,0.10096997,0.53677034,-0.83766496,0.41272014,0.7435029,0.52618015,0.90524423,-0.39884964,-0.14646447
1356512816860,0.043792993,0.49913213,-0.86541855,0.38659456,0.79029703,0.47536853,0.92120945,-0.3553839,-0.15835232
1356512816903,-0.005153209,0.46301115,-0.8863375,0.35776478,0.8285354,0.43073604,0.9337976,-0.3148807,-0.16991872
1356512816966,-0.031917423,0.43723962,-0.8987785,0.33708248,0.85126257,0.4021535,0.9409339,-0.2901268,-0.1745559
1356512816990,-0.03853911,0.4234176,-0.90511453,0.33035168,0.8602555,0.38836613,0.94307077,-0.2840388,-0.1730302
1356512817029,-0.033933192,0.4205647,-0.9066278,0.33377236,0.8598355,0.38636643,0.9420428,-0.28949666,-0.16954982
1356512817070,-0.02184847,0.42758453,-0.9037113,0.34544998,0.8514801,0.39451998,0.93818283,-0.3035674,-0.16631258
1356512817108,-0.0034573677,0.44643992,-0.8948069,0.3613357,0.834912,0.41516078,0.9324294,-0.3218903,-0.16420126
1356512817152,0.022344828,0.4755578,-0.8794006,0.38172138,0.8089202,0.44714296,0.9240073,-0.34567738,-0.16345543
1356512817188,0.056616932,0.5169625,-0.8541336,0.40364093,0.77062017,0.49317187,0.913164,-0.3726852,-0.1650371
1356512817229,0.0940879,0.565686,-0.8192355,0.42438105,0.72158945,0.54700035,0.90058213,-0.39913413,-0.17217356
1356512817269,0.12345415,0.6164565,-0.77765054,0.43857086,0.6690666,0.60000455,0.8901767,-0.4151279,-0.18776083
1356512817309,0.12886941,0.6588442,-0.74115926,0.44412667,0.62989956,0.6371641,0.88664776,-0.41127956,-0.2114355
1356512817350,0.105558306,0.6852265,-0.72063994,0.44294626,0.6164243,0.65101427,0.8903123,-0.38792473,-0.23844981
1356512817390,0.06684673,0.695639,-0.7152747,0.43737578,0.62390125,0.6476493,0.89679086,-0.356137,-0.26254988
1356512817431,0.035525084,0.69903773,-0.71420187,0.42966145,0.6345488,0.64244765,0.902291,-0.329688,-0.27780712
1356512817470,0.029860497,0.7076546,-0.7059274,0.42135766,0.63151395,0.65088236,0.9064028,-0.3168836,-0.27931833
1356512817511,0.050553743,0.72397685,-0.6879693,0.4119418,0.6124073,0.6747305,0.9098067,-0.31751347,-0.26727682
1356512817550,0.08955279,0.74392986,-0.66223,0.39979395,0.5821333,0.7080153,0.9122199,-0.3281603,-0.245287
1356512817591,0.13402522,0.759328,-0.63675606,0.3861556,0.55174446,0.73923063,0.9126451,-0.34496248,-0.21927106
1356512817632,0.17551067,0.76609993,-0.61829364,0.374241,0.52897483,0.7616622,0.9105711,-0.36507064,-0.19386524
1356512817673,0.20637989,0.76175314,-0.6141168,0.36750263,0.521332,0.7701653,0.9068347,-0.38463613,-0.17235386
1356512817721,0.22617531,0.74946344,-0.62221324,0.3667518,0.5262412,0.76717883,0.9024067,-0.40171474,-0.15584433
1356512817771,0.21730724,0.717644,-0.6616379,0.3753234,0.5642916,0.7353281,0.90106046,-0.4081203,-0.14672393
1356512817813,0.17703605,0.66537887,-0.7252098,0.3866518,0.63058597,0.67295,0.9050738,-0.3995401,-0.14563352
1356512817860,0.10132694,0.5891996,-0.80160886,0.3865713,0.71912014,0.577433,0.91667634,-0.36838844,-0.15490139
1356512817903,0.024273962,0.50753605,-0.86128855,0.36770502,0.7966151,0.47978878,0.92962563,-0.3283465,-0.16728657
1356512817971,-0.028571159,0.44469872,-0.8952245,0.33723864,0.8473698,0.41016415,0.9409856,-0.29018542,-0.17417991
1356512817998,-0.044951707,0.41746494,-0.9075805,0.32064816,0.8664581,0.3826683,0.9461311,-0.27381244,-0.17280817
1356512818039,-0.030768543,0.42414448,-0.9050717,0.32342795,0.8610097,0.3925005,0.94575244,-0.2806488,-0.16367221
1356512818080,0.0042417645,0.4616672,-0.887043,0.33705637,0.83448374,0.43592417,0.9414749,-0.30083257,-0.1520682
1356512818121,0.058276325,0.5280906,-0.84718615,0.3527002,0.78300875,0.51234746,0.93391997,-0.32866043,-0.14062679
1356512818159,0.13418627,0.6245059,-0.76940656,0.3586419,0.69319,0.6251909,0.9237803,-0.35983342,-0.13095737
1356512818203,0.23318344,0.739424,-0.6315676,0.34137455,0.54589194,0.7651571,0.9105432,-0.39402306,-0.12512755
1356512818240,0.34159952,0.842994,-0.41553688,0.28294003,0.32938117,0.90080684,0.89624476,-0.4252872,-0.12600029
1356512818282,0.42056143,0.8897184,-0.17756456,0.20334181,0.09829934,0.9741608,0.88418335,-0.44580075,-0.13957602
1356512818319,0.45738626,0.88891935,0.024906993,0.13679352,-0.098005906,0.9857396,0.8786839,-0.44745663,-0.16642499
1356512818361,0.45945436,0.8742889,0.15659055,0.112122834,-0.23198152,0.9662366,0.881096,-0.42638424,-0.20461267
1356512818400,0.447043,0.86196196,0.23911145,0.117489964,-0.32157373,0.9395672,0.8867631,-0.3919337,-0.24502917
1356512818469,0.43299738,0.8525897,0.29258177,0.1319131,-0.38102844,0.9151045,0.8916906,-0.3576425,-0.27745205
1356512818482,0.42147416,0.84650075,0.3252629,0.14058587,-0.4153335,0.89874005,0.89587677,-0.33306834,-0.29405838
1356512818522,0.41118014,0.8462228,0.33887735,0.13859957,-0.42547363,0.8942943,0.9009557,-0.3207478,-0.29223245
1356512818562,0.4014878,0.85193324,0.33618045,0.12744215,-0.41545966,0.90063965,0.9069543,-0.3187523,-0.27537417
1356512818601,0.39418206,0.860965,0.32149616,0.11101103,-0.3918642,0.91330117,0.9123032,-0.32431728,-0.25004244
1356512818644,0.39108044,0.8707616,0.29804438,0.093717694,-0.35982937,0.9282995,0.9155726,-0.33510774,-0.22232798
1356512818683,0.39253867,0.8798287,0.26798296,0.07881662,-0.32247674,0.94329035,0.91635215,-0.3491564,-0.19592974
1356512818721,0.39744964,0.88762856,0.23270005,0.068642884,-0.28163865,0.9570621,0.91505295,-0.3644108,-0.17286654
1356512818769,0.4025615,0.8949723,0.19227237,0.06577173,-0.23777974,0.9690897,0.913027,-0.3774721,-0.1545848
1356512818802,0.40140197,0.9044416,0.14443675,0.07407412,-0.18923977,0.979133,0.91290176,-0.38232687,-0.14295697
1356512818843,0.38602826,0.9184593,0.0861091,0.09672168,-0.1331279,0.986368,0.9174023,-0.3724373,-0.14022604
1356512818892,0.34210902,0.9396136,0.009366661,0.13823709,-0.060186207,0.9885688,0.9294363,-0.33690348,-0.1504797
1356512818949,0.27672833,0.95772403,-0.07865217,0.18218333,0.028075993,0.9828637,0.9435204,-0.28631538,-0.16671193
1356512818998,0.22747123,0.9623903,-0.1485317,0.2060659,0.10150337,0.9732593,0.9517319,-0.25199577,-0.17522669
1356512819041,0.21587785,0.95859087,-0.18574262,0.21064177,0.14002825,0.9674823,0.953429,-0.2479831,-0.17169029
1356512819078,0.22423165,0.95241797,-0.20644644,0.21046436,0.15951477,0.9644997,0.9515382,-0.259721,-0.16468185
1356512819118,0.2441976,0.94495404,-0.21778297,0.21018389,0.16766655,0.9631773,0.9466733,-0.28098008,-0.15767038
1356512819159,0.27019098,0.9359669,-0.22574925,0.21220881,0.17081228,0.9621801,0.9391295,-0.30787832,-0.15246844
1356512819199,0.29829663,0.92504084,-0.23519915,0.21801284,0.1738702,0.960333,0.92924136,-0.3377405,-0.14980584
1356512819240,0.32634985,0.9118405,-0.24908376,0.22998029,0.17899798,0.95659226,0.9168451,-0.36946803,-0.15128934
1356512819279,0.34733558,0.89759195,-0.27145284,0.25164923,0.18963806,0.94905746,0.9033442,-0.3979523,-0.16001028
1356512819322,0.34883273,0.88607514,-0.30526477,0.28565016,0.20970203,0.9351091,0.89259154,-0.41339558,-0.17995656
1356512819359,0.3249545,0.87796474,-0.35154322,0.32620585,0.24485052,0.9130378,0.88769054,-0.4113712,-0.20683193
1356512819401,0.2752807,0.8724164,-0.40386897,0.36416662,0.2941643,0.8836572,0.88972086,-0.39032936,-0.23672712
1356512819467,0.21245787,0.8615634,-0.4610533,0.3927607,0.35674295,0.8476282,0.89476293,-0.36116892,-0.26259542
1356512819482,0.15322179,0.84115326,-0.5186369,0.40827024,0.42406327,0.8083846,0.8999103,-0.33560616,-0.27844214
1356512819522,0.10933256,0.81176907,-0.5736527,0.41095334,0.48856646,0.7696884,0.9050767,-0.31989652,-0.28018302
1356512819562,0.085041344,0.7771053,-0.6235987,0.4042701,0.5451231,0.73444295,0.91067755,-0.3145603,-0.26780242
1356512819606,0.07779068,0.74115795,-0.6668085,0.39417654,0.5914738,0.70340854,0.91573656,-0.31755883,-0.24613589
1356512819641,0.08244586,0.7071469,-0.70224345,0.38606954,0.62695915,0.6766628,0.91877794,-0.32690287,-0.22131771
1356512819681,0.09401497,0.6771461,-0.72981805,0.3824947,0.65223575,0.6544359,0.9191621,-0.34067827,-0.19768488
1356512819722,0.1077413,0.6522674,-0.75029266,0.38287467,0.6692523,0.63679534,0.91749597,-0.35587728,-0.1776306
1356512819762,0.120176435,0.6329556,-0.76480377,0.38470683,0.68049955,0.6236353,0.9151821,-0.36917144,-0.1617223
1356512819811,0.12600547,0.61904955,-0.77517754,0.3837148,0.69017065,0.6135368,0.9148144,-0.37475607,-0.1505732
1356512819851,0.120544314,0.60969436,-0.7834168,0.37715808,0.7018681,0.6042623,0.9182705,-0.36831236,-0.14534491
1356512819906,0.08650696,0.60412925,-0.79217696,0.35549167,0.72409374,0.59102786,0.93066764,-0.33274037,-0.15212375
1356512819951,0.043438792,0.5986373,-0.7998415,0.32861865,0.7474861,0.5772991,0.9434632,-0.28792003,-0.16425347
