1356512743231,-0.23217386,0.16211241,-0.9590698,0.7616808,-0.58292186,-0.28292128,-0.60492784,-0.79619193,0.011861354
1356512743398,-0.06128651,0.019991517,-0.9979199,0.7959488,-0.6022878,-0.060948372,-0.60225356,-0.7980285,0.021000013
1356512743443,-0.090655506,0.035044372,-0.9952656,0.79440516,-0.6001498,-0.09349173,-0.60058475,-0.79911965,0.02656743
1356512743489,-0.107658744,0.043018162,-0.99325675,0.7931963,-0.59859663,-0.111899644,-0.5993739,-0.7998946,0.030322373
1356512743540,-0.12078965,0.049892873,-0.99142355,0.7920537,-0.59718955,-0.12655276,-0.5983818,-0.80054694,0.03261648
1356512743582,-0.13469136,0.05915323,-0.98912036,0.7904377,-0.59555596,-0.14325273,-0.5975504,-0.8011329,0.033459336
1356512743620,-0.14913434,0.07045612,-0.9863037,0.78842604,-0.59352005,-0.16161197,-0.59677744,-0.80172944,0.032964736
1356512743658,-0.16388643,0.08407438,-0.98288995,0.7861872,-0.59069914,-0.18161556,-0.5958615,-0.8024998,0.030709445
1356512743699,-0.17950755,0.101052105,-0.97855276,0.7837342,-0.58652085,-0.2043379,-0.59459037,-0.8036055,0.026086926
1356512743742,-0.19608039,0.122197896,-0.972944,0.7810354,-0.58046657,-0.23030871,-0.5929048,-0.80506283,0.018377215
1356512743778,-0.21228564,0.14514184,-0.96636885,0.7780604,-0.57320803,-0.25701103,-0.59123343,-0.806453,0.008754671
1356512743821,-0.22830153,0.1710493,-0.9584469,0.774478,-0.5646388,-0.28524858,-0.5899679,-0.80741876,-0.003565997
1356512743858,-0.24250138,0.19578809,-0.9501895,0.77056795,-0.55618423,-0.3112622,-0.58942187,-0.8076671,-0.015992582
1356512743909,-0.25546056,0.22058043,-0.94132054,0.76587296,-0.54805094,-0.3362719,-0.59006655,-0.8068361,-0.02893117
1356512743948,-0.26413155,0.23834524,-0.93457264,0.7623366,-0.54199106,-0.35367838,-0.59082764,-0.8058766,-0.0385423
1356512743990,-0.26829475,0.24707091,-0.9311144,0.7604718,-0.53900796,-0.36215076,-0.5913549,-0.80524933,-0.043277502
1356512744030,-0.26791704,0.24627745,-0.9314332,0.7604569,-0.5395361,-0.36139467,-0.5915452,-0.8051387,-0.042732507
1356512744071,-0.26349902,0.23617312,-0.93530244,0.7620722,-0.54349667,-0.35193384,-0.591451,-0.8055022,-0.036770195
1356512744110,-0.25652945,0.21955979,-0.9412684,0.7647359,-0.54944694,-0.33658165,-0.5910768,-0.8061648,-0.026955962
1356512744148,-0.24716944,0.19653544,-0.94883144,0.7685604,-0.5565767,-0.31549513,-0.5901035,-0.8072151,-0.013480604
1356512744190,-0.23572469,0.1677686,-0.9572291,0.7739554,-0.5632842,-0.28931618,-0.5877302,-0.80905163,0.0029346347
1356512744307,-0.22302425,0.13590157,-0.9652932,0.78130317,-0.56724745,-0.2603761,-0.58294564,-0.8122568,0.020329565
1356512744308,-0.20906651,0.10291922,-0.97247046,0.79116315,-0.56668544,-0.23006201,-0.57476264,-0.81748104,0.037049055
1356512744319,-0.19401914,0.072144836,-0.9783412,0.80260956,-0.5617646,-0.20059466,-0.5640694,-0.8241453,0.05108902
1356512744358,-0.17773849,0.04464662,-0.9830644,0.8150285,-0.55315405,-0.17247939,-0.55148673,-0.83188176,0.06192851
1356512744399,-0.15996295,0.020520717,-0.9869096,0.8279487,-0.54161084,-0.14545953,-0.537506,-0.84037876,0.06964761
1356512744440,-0.14000177,-8.4230304E-4,-0.9901508,0.83992565,-0.5296483,-0.11831027,-0.52433217,-0.84821683,0.07485926
1356512744480,-0.11896193,-0.019527286,-0.99270684,0.84945035,-0.51966226,-0.09157249,-0.51408404,-0.85414875,0.07840741
1356512744518,-0.09890181,-0.035166144,-0.99447566,0.85617363,-0.51232177,-0.067031056,-0.50713426,-0.85807335,0.080777854
1356512744559,-0.0822621,-0.046384573,-0.9955307,0.86116225,-0.5060987,-0.047578484,-0.5016298,-0.8612274,0.081577405
1356512744599,-0.07134771,-0.05117497,-0.99613786,0.8662633,-0.49825644,-0.03644842,-0.4944668,-0.86551815,0.07988046
1356512744649,-0.069505274,-0.04389882,-0.9966153,0.8736925,-0.48486626,-0.03957513,-0.48148778,-0.8734859,0.07205477
1356512744688,-0.076162696,-0.028054655,-0.99670064,0.8801502,-0.47161603,-0.05398169,-0.46854556,-0.88135767,0.060611844
1356512744728,-0.08707631,-0.0067329705,-0.9961789,0.8840083,-0.46155268,-0.07415187,-0.45928973,-0.8870873,0.04614228
1356512744768,-0.099087894,0.015698642,-0.99495494,0.88443255,-0.4568361,-0.09528899,-0.45602718,-0.8894124,0.0313825
1356512744810,-0.10868603,0.034431934,-0.99347967,0.8822955,-0.45708752,-0.11236423,-0.45797604,-0.888755,0.019299835
1356512744850,-0.11284554,0.045699835,-0.99256104,0.879665,-0.45989525,-0.121184886,-0.46201223,-0.8867964,0.011696607
1356512744888,-0.11071837,0.049550265,-0.9926158,0.8774555,-0.4641341,-0.12104225,-0.4667046,-0.88437784,0.007910132
1356512744932,-0.102586806,0.048253983,-0.99355304,0.87540615,-0.46994394,-0.11321169,-0.4723771,-0.8813764,0.0059681833
1356512744970,-0.08744115,0.04472652,-0.9951651,0.8736913,-0.47647017,-0.09818214,-0.47855783,-0.87805223,0.002585888
1356512745012,-0.07046801,0.046100974,-0.99644816,0.8719263,-0.48238158,-0.08397943,-0.48453975,-0.8747472,-0.006204188
1356512745058,-0.057829797,0.06243193,-0.9963724,0.87238437,-0.48208946,-0.080840856,-0.48538774,-0.8738947,-0.02658546
1356512745098,-0.05399263,0.09446445,-0.994063,0.8786402,-0.4684896,-0.09224337,-0.4744219,-0.8784042,-0.057705224
1356512745145,-0.07301313,0.14724821,-0.986401,0.89336723,-0.43001395,-0.13031852,-0.44335538,-0.89073336,-0.10015008
1356512745179,-0.11181611,0.20577079,-0.9721911,0.91042024,-0.37090057,-0.18321517,-0.39828655,-0.90558887,-0.14586523
1356512745222,-0.15953839,0.25486532,-0.9537249,0.92215264,-0.3063907,-0.2361342,-0.35239488,-0.9171524,-0.1861437
1356512745288,-0.20253783,0.28570753,-0.9366695,0.92484695,-0.25863045,-0.2788701,-0.32192653,-0.9227576,-0.21185327
1356512745312,-0.22837263,0.2964952,-0.92732763,0.9217832,-0.24067599,-0.30395868,-0.31330773,-0.9242109,-0.21834052
1356512745341,-0.2304591,0.2891917,-0.92911613,0.91813433,-0.25168937,-0.30607465,-0.32236293,-0.92359114,-0.20751268
1356512745378,-0.20662314,0.26598752,-0.94157183,0.91684306,-0.28337055,-0.2812468,-0.3416219,-0.92138577,-0.18531787
1356512745420,-0.14994484,0.22153738,-0.96355474,0.9170598,-0.33304203,-0.21928144,-0.36948326,-0.9165174,-0.15322512
1356512745468,-0.06333709,0.15260565,-0.9862555,0.9127593,-0.39075625,-0.11907983,-0.40355778,-0.9077561,-0.11454287
1356512745509,0.008650184,0.08440915,-0.9963937,0.90088093,-0.43310535,-0.02886936,-0.43398023,-0.89738226,-0.07978904
1356512745549,0.055827677,0.026938945,-0.9980769,0.88603294,-0.46213645,0.037086993,-0.46024868,-0.8863995,-0.04966879
1356512745588,0.07675475,-0.01481095,-0.99694,0.8728111,-0.48235953,0.074364126,-0.48198488,-0.8758481,-0.024096206
1356512745631,0.0805819,-0.044156462,-0.9957694,0.8636246,-0.4956941,0.091869265,-0.4976537,-0.86737394,-0.0018093139
1356512745668,0.06816715,-0.059277862,-0.99591136,0.8610171,-0.50077397,0.08874071,-0.50398684,-0.8635459,0.016902924
1356512745712,0.04737979,-0.06360936,-0.99684954,0.8675731,-0.4919777,0.07262859,-0.4950476,-0.8682809,0.031875998
1356512745748,0.018800557,-0.057750404,-0.9981539,0.87887645,-0.47501254,0.044036776,-0.47667882,-0.8780819,0.04182498
1356512745789,-0.0105724335,-0.04604757,-0.9988832,0.89087504,-0.45410252,0.011504382,-0.45412523,-0.8897586,0.045823693
1356512745841,-0.03915459,-0.02913922,-0.99880815,0.8978258,-0.43978238,-0.022365749,-0.4386066,-0.89763147,0.043381512
1356512745878,-0.057263076,-0.01670438,-0.9982194,0.8990336,-0.43563473,-0.04428324,-0.43411925,-0.8999685,0.039963543
1356512745921,-0.064076364,-0.009052306,-0.997904,0.89528143,-0.44228017,-0.053474784,-0.44086903,-0.89683133,0.03644401
1356512745958,-0.0523237,-0.0111703575,-0.9985677,0.89087605,-0.45233566,-0.04162076,-0.45122287,-0.8917779,0.033619255
1356512746001,-0.025985539,-0.021055639,-0.9994405,0.88514256,-0.46513218,-0.013214648,-0.4645937,-0.88499075,0.03072396
1356512746038,0.026337028,-0.044534326,-0.9986607,0.8776967,-0.47715306,0.04442516,-0.47849238,-0.87769115,0.026520744
1356512746086,0.092874944,-0.06989822,-0.99322134,0.86391664,-0.4902624,0.1152862,-0.49499732,-0.8687676,0.014853075
1356512746128,0.20325959,-0.11144322,-0.97276205,0.83715916,-0.49546486,0.23168755,-0.50778943,-0.86144936,-0.0074122697
1356512746169,0.33932686,-0.15331653,-0.9280902,0.7920697,-0.48565084,0.36982268,-0.5074277,-0.8606029,-0.043356985
1356512746210,0.46900696,-0.16932645,-0.8668108,0.73906994,-0.46208555,0.4901557,-0.48353708,-0.87052023,-0.09157727
1356512746300,0.5398624,-0.12298289,-0.83272076,0.72446597,-0.4358259,0.5340459,-0.4285998,-0.8915891,-0.14618912
1356512746312,0.6307361,-0.09877375,-0.7696855,0.6806053,-0.4060376,0.60984415,-0.37275782,-0.90850276,-0.18887663
1356512746338,0.7480283,-0.121791154,-0.6523961,0.5727483,-0.37814763,0.727299,-0.33528057,-0.917699,-0.21310946
1356512746382,0.87728673,-0.21045008,-0.43136844,0.35197178,-0.32895523,0.8763015,-0.32631865,-0.9205972,-0.21451557
1356512746421,0.9337683,-0.30388975,-0.18901807,0.113471955,-0.24950671,0.96170187,-0.33941263,-0.91945493,-0.19849849
1356512746460,0.92934597,-0.36879838,-0.017431065,-0.047229826,-0.16557443,0.9850657,-0.36617678,-0.9146435,-0.17129421
1356512746499,0.9086308,-0.41116413,0.07303503,-0.12350479,-0.09751624,0.9875409,-0.39891934,-0.9063303,-0.13938701
1356512746540,0.8889056,-0.4441872,0.11200221,-0.14719835,-0.045431763,0.9880631,-0.43379653,-0.89478135,-0.10576818
1356512746578,0.8752779,-0.4712994,0.108468965,-0.13051881,-0.014237642,0.9913436,-0.4656753,-0.88185835,-0.07397533
1356512746618,0.86577034,-0.49415416,0.07907906,-0.09085561,1.8593669E-4,0.99586403,-0.49212506,-0.8693743,-0.0447357
1356512746659,0.8600948,-0.50972736,0.020370856,-0.02699858,-0.0056073368,0.9996197,-0.5094193,-0.8603177,-0.018584758
1356512746700,0.8559377,-0.5112835,-0.07719958,0.06814289,-0.036462367,0.99700904,-0.5125692,-0.8586383,0.0036308207
1356512746740,0.84406817,-0.49104506,-0.2154618,0.19693315,-0.08986583,0.9762897,-0.49876487,-0.8664866,0.020850152
1356512746781,0.81166863,-0.44728065,-0.37567797,0.3456183,-0.15073606,0.92618924,-0.47089478,-0.88159996,0.03224066
1356512746821,0.7567251,-0.3909114,-0.5239803,0.48532432,-0.2010648,0.8509015,-0.437981,-0.89819896,0.037568003
1356512746868,0.69230103,-0.3388991,-0.6370767,0.59208333,-0.23790115,0.76996136,-0.41250044,-0.91024756,0.035957277
1356512746910,0.63291866,-0.30293095,-0.7124934,0.661063,-0.26757693,0.70099795,-0.40300083,-0.91467774,0.030902058
1356512746952,0.5920017,-0.28342736,-0.7544554,0.69579977,-0.2926429,0.6559137,-0.40668994,-0.9132519,0.02396363
1356512746988,0.57210696,-0.2765058,-0.7721645,0.7068479,-0.31129596,0.63518554,-0.41600424,-0.90919703,0.017352968
1356512747031,0.57201934,-0.282726,-0.769974,0.6978227,-0.32561517,0.63798,-0.43108866,-0.9022422,0.011034373
1356512747068,0.59561944,-0.3025694,-0.74410295,0.66644394,-0.3310013,0.6680499,-0.4484305,-0.8938064,0.004494723
1356512747108,0.63170516,-0.33062017,-0.70116967,0.6174245,-0.3323548,0.7129708,-0.4687596,-0.8833067,-0.005817326
1356512747149,0.67815834,-0.3601276,-0.640632,0.54993194,-0.32959515,0.7674255,-0.48752028,-0.87274,-0.025472015
1356512747191,0.725432,-0.37272033,-0.57864326,0.4795107,-0.32943726,0.81335145,-0.49377924,-0.8674968,-0.06026095
1356512747228,0.76655245,-0.35759592,-0.5334065,0.42613012,-0.33815444,0.8390857,-0.48042738,-0.8705038,-0.106830716
1356512747300,0.79192317,-0.30365252,-0.5297668,0.41870427,-0.36146337,0.8330852,-0.44445977,-0.8815551,-0.1591106
1356512747312,0.80121505,-0.22981116,-0.5524864,0.44783923,-0.38205802,0.80837595,-0.39685565,-0.8951081,-0.2031922
1356512747348,0.80459076,-0.17565104,-0.567257,0.47362205,-0.3864141,0.79143316,-0.3582121,-0.90544516,-0.22771302
1356512747389,0.81388146,-0.16172604,-0.5580696,0.47311252,-0.3730926,0.7981018,-0.33728546,-0.91358995,-0.22713852
1356512747428,0.8251524,-0.17730819,-0.5363631,0.45661902,-0.34967032,0.81806463,-0.33259982,-0.9199416,-0.207569
1356512747469,0.83562833,-0.21422163,-0.5058008,0.430079,-0.31764907,0.84506285,-0.34169784,-0.9236927,-0.17330435
1356512747509,0.8369041,-0.25483492,-0.48440748,0.4131759,-0.2863254,0.8644671,-0.35899454,-0.9236216,-0.13433525
1356512747549,0.83075625,-0.29642677,-0.47114247,0.4046628,-0.25957727,0.876851,-0.38221997,-0.9191033,-0.095692575
1356512747589,0.8176243,-0.3359529,-0.46757483,0.40545645,-0.2406103,0.88187975,-0.40877336,-0.91062754,-0.06051457
1356512747630,0.7992645,-0.37107825,-0.4727337,0.41412205,-0.22997485,0.88068974,-0.43552175,-0.89967346,-0.030139029
1356512747669,0.7770566,-0.39819098,-0.48747003,0.43134034,-0.22714552,0.8731268,-0.45839787,-0.8887344,-0.0047490895
1356512747711,0.74936765,-0.40852603,-0.52110904,0.46616814,-0.23341596,0.8533489,-0.47025037,-0.8823965,0.015527427
1356512747762,0.71206796,-0.39023614,-0.5836737,0.5295394,-0.24737266,0.8114153,-0.46102846,-0.8868611,0.03049925
1356512747798,0.664787,-0.3579168,-0.6557087,0.60164875,-0.26376498,0.75395405,-0.4428059,-0.89572513,0.03999272
1356512747839,0.6164204,-0.3187734,-0.7200066,0.66689664,-0.2748154,0.6926223,-0.41865838,-0.9071164,0.043187022
1356512747878,0.5726193,-0.2842791,-0.76895547,0.71578765,-0.28392527,0.63799244,-0.39969385,-0.91573566,0.04090241
1356512747918,0.53975797,-0.25933987,-0.8008771,0.7454433,-0.29476997,0.5978502,-0.3911209,-0.9197029,0.03421876
1356512747958,0.52227294,-0.24438089,-0.8170122,0.757942,-0.30606645,0.57606167,-0.39083853,-0.92010933,0.02537638
1356512747999,0.52311766,-0.2393404,-0.81796336,0.7549796,-0.31515157,0.57505226,-0.3954157,-0.9183657,0.015835792
1356512748038,0.54587585,-0.24608353,-0.80091345,0.73468816,-0.3189677,0.5987428,-0.40280625,-0.91526085,0.006677896
1356512748088,0.5883131,-0.2659279,-0.7636556,0.69304043,-0.32075578,0.64560866,-0.41663235,-0.9090643,-0.004406005
1356512748130,0.6597315,-0.30381122,-0.68735224,0.6132289,-0.31106466,0.72607803,-0.43440157,-0.9005208,-0.018913357
1356512748168,0.73400825,-0.34628847,-0.5842227,0.5070303,-0.2928987,0.81063586,-0.45183194,-0.8912321,-0.039411306
1356512748211,0.79312575,-0.37184802,-0.48236978,0.39971802,-0.2797737,0.8728987,-0.45954007,-0.8851303,-0.07326138
1356512748321,0.83618265,-0.35556445,-0.41757932,0.32754245,-0.28693765,0.90021265,-0.4399028,-0.8895172,-0.12346983
1356512748322,0.8679012,-0.3143606,-0.38461006,0.29132417,-0.30501223,0.9066961,-0.4023403,-0.8989688,-0.17313966
1356512748350,0.88535523,-0.25753698,-0.38706678,0.29742023,-0.32615265,0.8973102,-0.35733348,-0.9095598,-0.21216425
1356512748378,0.8919332,-0.21099827,-0.39991868,0.31775352,-0.336758,0.8863559,-0.32169533,-0.9176458,-0.23332018
1356512748420,0.8936779,-0.19391832,-0.40464252,0.32841274,-0.33181018,0.8843343,-0.3057531,-0.9231998,-0.23284617
1356512748458,0.8899099,-0.1992284,-0.41032714,0.33696288,-0.31917188,0.88576823,-0.3074351,-0.926519,-0.21690163
1356512748501,0.8838626,-0.22964853,-0.40749034,0.33509332,-0.2969322,0.89417213,-0.3263423,-0.9268727,-0.18549359
1356512748538,0.86882454,-0.26110047,-0.42067853,0.34949487,-0.2784198,0.8946149,-0.3507096,-0.92428833,-0.15064466
1356512748578,0.84983957,-0.29549286,-0.43641344,0.36710575,-0.26225245,0.8924444,-0.37816146,-0.9186444,-0.11439538
1356512748608,0.82544476,-0.32325998,-0.46275684,0.39531913,-0.2541442,0.8826854,-0.40294382,-0.9115447,-0.081991136
1356512748650,0.8011757,-0.35192627,-0.4840097,0.41906798,-0.24743432,0.8735894,-0.42719963,-0.90273154,-0.05075735
1356512748699,0.77236533,-0.37520024,-0.5125198,0.45035145,-0.24553488,0.8584266,-0.44792336,-0.8938329,-0.020670652
1356512748740,0.73788303,-0.38414684,-0.55494124,0.4948344,-0.25123858,0.83187616,-0.4589853,-0.8884313,0.004704416
1356512748782,0.70317924,-0.37721574,-0.6027,0.54535913,-0.25774032,0.7975923,-0.45620438,-0.8895383,0.024480373
1356512748821,0.6678798,-0.35567513,-0.6537826,0.5997339,-0.2630001,0.7557448,-0.44074452,-0.89684236,0.037657976
1356512748858,0.63285327,-0.3259306,-0.702329,0.651533,-0.26591852,0.7104872,-0.4183318,-0.9072246,0.044067144
1356512748890,0.6003018,-0.29865396,-0.7419189,0.6932308,-0.26830596,0.6689119,-0.39883435,-0.91587,0.045971513
1356512748931,0.5731102,-0.27761504,-0.7710218,0.7217345,-0.2746279,0.6353572,-0.38812882,-0.92060274,0.0429723
1356512748968,0.5526658,-0.26434153,-0.7903695,0.7383693,-0.28449115,0.6114536,-0.3864858,-0.9215141,0.037953198
1356512749011,0.54114205,-0.25877106,-0.80012673,0.74363244,-0.29701614,0.5989926,-0.39265257,-0.9191402,0.031702697
1356512749048,0.5420816,-0.26030096,-0.79899365,0.73833466,-0.30648234,0.60077494,-0.40125972,-0.9155938,0.026050776
1356512749091,0.5535095,-0.26887062,-0.7882486,0.72315955,-0.3143162,0.6150167,-0.41311926,-0.9104471,0.020459354
1356512749128,0.5793284,-0.28526902,-0.76354444,0.6944407,-0.31772506,0.6456027,-0.42676768,-0.9042524,0.014035255
1356512749170,0.611826,-0.30473852,-0.7299338,0.6550239,-0.3221079,0.6835131,-0.44341022,-0.89631516,0.002537042
1356512749208,0.6526338,-0.32339174,-0.6851911,0.60352945,-0.32484168,0.72816885,-0.45806247,-0.8887607,-0.016826183
1356512749248,0.692608,-0.32575646,-0.6435658,0.5542375,-0.33067867,0.76385367,-0.4616438,-0.88573945,-0.048484236
1356512749338,0.7272308,-0.2982964,-0.6181866,0.52369785,-0.34106508,0.7806505,-0.4437071,-0.891456,-0.09181583
1356512749351,0.7509259,-0.2409007,-0.61487985,0.52245706,-0.3527749,0.7762658,-0.40391707,-0.9041664,-0.13904753
1356512749371,0.7611901,-0.1718689,-0.62534046,0.5431695,-0.35788506,0.7595296,-0.35433948,-0.9178122,-0.17906463
1356512749408,0.7653569,-0.12323323,-0.631698,0.56030893,-0.3553486,0.7481852,-0.31667432,-0.92657477,-0.20291981
1356512749453,0.7744662,-0.115612134,-0.62196136,0.55527353,-0.3468309,0.7558966,-0.3031062,-0.9307751,-0.20441246
1356512749498,0.78739315,-0.14474273,-0.5992175,0.5310761,-0.33427835,0.77859885,-0.31300193,-0.9312934,-0.18633908
1356512749540,0.7967315,-0.1918277,-0.5730804,0.5019479,-0.3180453,0.80429816,-0.3365522,-0.9284661,-0.15710917
1356512749579,0.79858685,-0.24232003,-0.55094475,0.47818413,-0.30045298,0.82526845,-0.365512,-0.9225015,-0.12406421
1356512749618,0.7934105,-0.29131603,-0.5344481,0.46192938,-0.28361672,0.8403468,-0.3963849,-0.91361725,-0.09045705
1356512749659,0.7817184,-0.3362082,-0.5252432,0.45456085,-0.26943493,0.8489872,-0.4269553,-0.90242386,-0.057795167
1356512749700,0.7642421,-0.37430304,-0.52519643,0.45754546,-0.25923914,0.850557,-0.45451754,-0.89033276,-0.026860833
1356512749740,0.7417034,-0.4003598,-0.538134,0.4739449,-0.25488207,0.8428591,-0.47460762,-0.8801972,7.016063E-4
1356512749778,0.7166264,-0.41155523,-0.5630887,0.5025363,-0.25514892,0.8260487,-0.48363608,-0.8749408,0.023974955
1356512749820,0.68931246,-0.4026577,-0.6022583,0.545753,-0.25810647,0.79720426,-0.47644722,-0.8782071,0.041835666
1356512749859,0.65823734,-0.37777817,-0.65115845,0.59798676,-0.26306212,0.7571065,-0.45731342,-0.88773984,0.052749008
1356512749898,0.62516725,-0.3430181,-0.70107377,0.65069777,-0.2669593,0.71086216,-0.4309968,-0.90059483,0.05630696
1356512749940,0.5922312,-0.30670214,-0.74511474,0.6959975,-0.27124512,0.66484106,-0.4060169,-0.91233754,0.052824076
1356512749979,0.56409967,-0.27904108,-0.7771278,0.7268108,-0.27882963,0.62769425,-0.39183873,-0.9189069,0.045522388
1356512750018,0.545115,-0.26206368,-0.79634935,0.74204654,-0.29122916,0.6037819,-0.3901494,-0.9200588,0.035710037
1356512750060,0.5383859,-0.25494915,-0.80320704,0.7431588,-0.30573636,0.5951808,-0.3973105,-0.9173474,0.02486357
1356512750099,0.54674983,-0.2571268,-0.79683775,0.7311486,-0.31715155,0.6040169,-0.40802735,-0.912853,0.014595386
1356512750140,0.568949,-0.26821187,-0.7774056,0.70594466,-0.32560465,0.62898636,-0.4218285,-0.9066664,0.0040902793
1356512750181,0.606766,-0.2884038,-0.74071467,0.6636799,-0.3290212,0.67176926,-0.4374517,-0.89920425,-0.008231048
1356512750218,0.6542146,-0.31285578,-0.6885669,0.6060856,-0.3277174,0.7247493,-0.45239738,-0.8914721,-0.024780124
1356512750321,0.70264196,-0.32915032,-0.63083625,0.5420894,-0.32665566,0.77423203,-0.46090496,-0.8859775,-0.05109307
1356512750322,0.7482533,-0.32439214,-0.578694,0.48409152,-0.3294707,0.81061983,-0.4536214,-0.8866898,-0.08949205
1356512750340,0.78301895,-0.2814554,-0.5546748,0.4581921,-0.34207374,0.82039356,-0.42064387,-0.89653134,-0.13888958
1356512750380,0.8052808,-0.21520135,-0.55245924,0.46270058,-0.35451782,0.81254256,-0.37071687,-0.9099481,-0.18591261
1356512750420,0.8148607,-0.14699963,-0.56070775,0.48556474,-0.3552097,0.79878217,-0.3165895,-0.9231561,-0.2180686
1356512750460,0.82126445,-0.1062846,-0.5605607,0.49894828,-0.34273177,0.79598093,-0.27672243,-0.9334016,-0.2284429
1356512750499,0.8292318,-0.09820919,-0.5502087,0.4958883,-0.32483023,0.8053447,-0.2578166,-0.9406595,-0.22065878
1356512750540,0.8417126,-0.12591892,-0.52503747,0.47149408,-0.30240303,0.8283995,-0.2630841,-0.9448263,-0.19516641
1356512750581,0.84975195,-0.1734692,-0.49782535,0.44249183,-0.27862602,0.8523899,-0.28657052,-0.9446036,-0.16000432
1356512750622,0.84963894,-0.22925058,-0.47492927,0.41802004,-0.2562823,0.87153804,-0.32151657,-0.93902266,-0.121916085
1356512750658,0.84017074,-0.28149828,-0.4635427,0.40637627,-0.23922613,0.88183284,-0.35912597,-0.9292629,-0.08659658
1356512750701,0.82582986,-0.334268,-0.45416945,0.39772442,-0.22570243,0.8893108,-0.39977527,-0.91505367,-0.05344528
1356512750738,0.8048551,-0.37769738,-0.45776942,0.4024078,-0.21962403,0.8887256,-0.43620655,-0.8995053,-0.024777144
1356512750779,0.7819654,-0.4102273,-0.4693014,0.4152205,-0.21871497,0.88303787,-0.46488947,-0.8853685,-6.92755E-4
1356512750818,0.75739586,-0.42476118,-0.49591285,0.4425428,-0.2245147,0.86818725,-0.48011196,-0.877024,0.01792851
1356512750860,0.73255825,-0.4155521,-0.5391426,0.48654333,-0.2342746,0.8416597,-0.47606087,-0.87888104,0.030564308
1356512750900,0.7059715,-0.38636723,-0.5935694,0.54224265,-0.24427545,0.8039293,-0.45560643,-0.8894098,0.037053317
1356512750939,0.67822623,-0.34894842,-0.64671797,0.5971211,-0.2512588,0.7617843,-0.428317,-0.9028311,0.03795418
1356512750978,0.65200245,-0.31501412,-0.68968034,0.64090675,-0.25704846,0.72330123,-0.40513134,-0.9136149,0.03429845
1356512751021,0.63086045,-0.29167166,-0.7189873,0.66873777,-0.26550302,0.6944767,-0.39345247,-0.91893184,0.027556513
1356512751058,0.618361,-0.27893746,-0.73472697,0.681907,-0.2743177,0.67805076,-0.39068228,-0.9202956,0.020581994
1356512751114,0.61640847,-0.27813235,-0.7366702,0.6788477,-0.28635648,0.67614037,-0.39900678,-0.9168655,0.012296941
1356512751159,0.63762426,-0.29118463,-0.71319485,0.65151405,-0.29016933,0.70095015,-0.41105318,-0.9115993,0.004691899
1356512751202,0.67040443,-0.3131719,-0.67266726,0.6070516,-0.2898051,0.7399333,-0.42666873,-0.9043984,-0.0041751266
1356512751310,0.71035707,-0.33883196,-0.61691636,0.54418725,-0.29147863,0.7867023,-0.4463778,-0.8945575,-0.022665888
1356512751311,0.7592253,-0.3576017,-0.54378116,0.4627288,-0.29094976,0.8373949,-0.45766687,-0.8873946,-0.055423826
1356512751340,0.8025284,-0.35108665,-0.48237574,0.39190283,-0.29940552,0.8699245,-0.44984478,-0.8871835,-0.102689564
1356512751380,0.83671004,-0.30582905,-0.45429602,0.3569337,-0.32460874,0.87591517,-0.4153488,-0.89504063,-0.16244268
1356512751418,0.86020976,-0.23707362,-0.4514812,0.35570967,-0.35543007,0.8643727,-0.3653899,-0.904138,-0.22141504
1356512751459,0.87244046,-0.16917701,-0.45850497,0.37230945,-0.37768587,0.84778476,-0.31659657,-0.91034746,-0.26652223
1356512751497,0.8780018,-0.12838118,-0.46111938,0.38402778,-0.3861133,0.8387129,-0.28571925,-0.913474,-0.28970623
1356512751541,0.8824837,-0.12717065,-0.4528246,0.37806478,-0.38094133,0.8437717,-0.27980262,-0.9158118,-0.28809577
1356512751577,0.88322294,-0.14734608,-0.44520378,0.36852694,-0.3690168,0.85323775,-0.2900089,-0.9176687,-0.2716231
1356512751618,0.88121563,-0.18746477,-0.43395385,0.35318398,-0.34906775,0.8679935,-0.3141975,-0.91815495,-0.2413944
1356512751658,0.8737718,-0.2351855,-0.4256884,0.3420748,-0.3249754,0.88168913,-0.34569877,-0.91601235,-0.20350331
1356512751698,0.8613527,-0.28533566,-0.42030373,0.3366784,-0.2989283,0.8929108,-0.38041994,-0.91061825,-0.16141632
1356512751739,0.8448491,-0.33399943,-0.41794077,0.3377752,-0.27281722,0.90082115,-0.4148952,-0.90222794,-0.11767265
1356512751781,0.8258091,-0.37715062,-0.41928124,0.34602973,-0.24820359,0.90479755,-0.44531202,-0.8922738,-0.07446346
1356512751832,0.80676293,-0.40801993,-0.42737955,0.36496332,-0.22473173,0.9034918,-0.46468842,-0.88488156,-0.03239292
1356512751868,0.78963226,-0.419857,-0.44743833,0.3959252,-0.20843942,0.89431334,-0.46874747,-0.8833307,0.0016414821
1356512751913,0.77848816,-0.4053464,-0.47921863,0.4386412,-0.19475655,0.87730485,-0.4489433,-0.8931765,0.02618593
1356512751960,0.76949775,-0.37148654,-0.5194911,0.48739046,-0.18405478,0.8535657,-0.41270298,-0.9100119,0.039429247
1356512752000,0.7586135,-0.33951738,-0.5560876,0.5283961,-0.17874444,0.8299687,-0.38118634,-0.92346,0.043801725
1356512752041,0.7473887,-0.31832838,-0.58316135,0.5554694,-0.1821678,0.8113376,-0.36450496,-0.9303129,0.040671498
1356512752078,0.7375403,-0.30811548,-0.60091525,0.5702969,-0.19236837,0.79859614,-0.3616569,-0.931697,0.033837855
1356512752120,0.7305898,-0.30736417,-0.609726,0.57339585,-0.2086826,0.7922554,-0.3707502,-0.92842805,0.023779988
1356512752158,0.7286999,-0.31195557,-0.6096558,0.5669297,-0.22459954,0.7925566,-0.38417077,-0.9231679,0.013191164
1356512752201,0.73141086,-0.32178974,-0.60124004,0.5512182,-0.24010652,0.79906666,-0.40149307,-0.9158604,0.0017598281
1356512752238,0.7400631,-0.33601594,-0.5825804,0.5252668,-0.25218523,0.8127098,-0.42000166,-0.90746665,-0.010134934
1356512752318,0.751743,-0.35160008,-0.5579066,0.49169627,-0.2649244,0.8294877,-0.43945104,-0.8978822,-0.026274621
1356512752328,0.7684973,-0.357009,-0.5309957,0.45331532,-0.2818945,0.8456008,-0.45157185,-0.89055043,-0.05479753
1356512752369,0.7908927,-0.34188205,-0.50754845,0.41971326,-0.30053115,0.85645884,-0.44534203,-0.8903919,-0.094195485
1356512752410,0.8134192,-0.294276,-0.5017477,0.40981925,-0.3222092,0.85336363,-0.41279218,-0.89976823,-0.1414912
1356512752448,0.8296063,-0.22447264,-0.5112391,0.42524225,-0.33934647,0.8390548,-0.36183202,-0.91348565,-0.18606871
1356512752491,0.83545077,-0.15350951,-0.5276902,0.45587462,-0.34266815,0.82143587,-0.30692083,-0.92682976,-0.21630126
1356512752530,0.83345187,-0.10861115,-0.54181314,0.48222327,-0.33585486,0.809112,-0.2698492,-0.93563086,-0.22754404
1356512752569,0.8299716,-0.09819694,-0.5490942,0.49476546,-0.32498842,0.80597126,-0.25759318,-0.9406061,-0.2211467
1356512752608,0.8270343,-0.11792065,-0.5496444,0.49410933,-0.31379718,0.81079423,-0.26808625,-0.942139,-0.20125532
1356512752648,0.8236264,-0.15949105,-0.5442446,0.4839278,-0.30275387,0.8210689,-0.2957253,-0.9396291,-0.17217392
1356512752688,0.81758505,-0.21206708,-0.53533375,0.46990418,-0.29158628,0.8331671,-0.33278328,-0.93274057,-0.13874537
1356512752734,0.8082662,-0.2726115,-0.52190864,0.45290178,-0.27859217,0.8469157,-0.37627864,-0.9209068,-0.10171041
1356512752778,0.7946939,-0.32921776,-0.5099777,0.4407418,-0.26473784,0.85770655,-0.41738266,-0.9063827,-0.065285504
1356512752820,0.77939373,-0.37538305,-0.50163037,0.43565914,-0.25069642,0.8644955,-0.45027384,-0.8923222,-0.031852186
1356512752862,0.76497686,-0.4065014,-0.49956682,0.43981785,-0.23692466,0.8662719,-0.47050044,-0.8823964,-0.002455324
1356512752899,0.75316995,-0.41949663,-0.5067125,0.454815,-0.2244414,0.8618406,-0.47526655,-0.87957287,0.021750867
1356512752941,0.7447125,-0.41066724,-0.5260757,0.48272282,-0.2128653,0.8495098,-0.46084917,-0.88658935,0.03971502
1356512752979,0.7374549,-0.38802746,-0.55280644,0.51663864,-0.20309934,0.83176637,-0.43502277,-0.89899135,0.050693363
1356512753019,0.7301346,-0.36004153,-0.5807526,0.5493905,-0.19604108,0.8122425,-0.40629244,-0.9121063,0.054667056
1356512753058,0.7225859,-0.33726692,-0.60342395,0.5738722,-0.19400677,0.795633,-0.3854091,-0.9212015,0.053361565
1356512753099,0.71664006,-0.32361633,-0.6178183,0.5872163,-0.19797802,0.78484505,-0.3763031,-0.9252444,0.048153818
1356512753139,0.71492803,-0.31792194,-0.6227388,0.58980477,-0.20411551,0.78132397,-0.3755107,-0.92588466,0.041583985
1356512753180,0.7192011,-0.3194517,-0.61700916,0.5811726,-0.21007994,0.78619635,-0.380773,-0.9240222,0.03456685
1356512753220,0.7314749,-0.32883194,-0.59733903,0.55861413,-0.21337,0.80151314,-0.3910174,-0.9199688,0.027615398
1356512753311,0.75041735,-0.34593225,-0.56320924,0.52148837,-0.21367426,0.8260709,-0.4061079,-0.913605,0.020054787
1356512753311,0.7730747,-0.36934236,-0.51569545,0.46987668,-0.21269871,0.8567235,-0.42611206,-0.9046245,0.009113371
1356512753338,0.79795265,-0.3926126,-0.45730394,0.40585038,-0.2109333,0.8892652,-0.44559735,-0.89518845,-0.008972794
1356512753381,0.82330287,-0.40027073,-0.4024373,0.34233305,-0.21537769,0.91456026,-0.45274773,-0.8907276,-0.040295154
1356512753420,0.8494842,-0.3841216,-0.36170053,0.29209298,-0.22851767,0.92868805,-0.43938404,-0.8945559,-0.08192292
1356512753458,0.8738003,-0.3394651,-0.34819028,0.27155963,-0.25333667,0.9284804,-0.4033961,-0.9058609,-0.12918064
1356512753499,0.8919036,-0.28008485,-0.3550499,0.2780041,-0.2796561,0.91897017,-0.35668147,-0.9183381,-0.17156157
1356512753540,0.90119994,-0.23337688,-0.36520395,0.2922938,-0.2948913,0.90972716,-0.32000473,-0.9265929,-0.19754142
1356512753578,0.9041319,-0.21201414,-0.37093875,0.3021826,-0.29644763,0.90598255,-0.30204502,-0.9312189,-0.20396078
1356512753620,0.9033075,-0.21834052,-0.36927366,0.30343246,-0.28330916,0.9097608,-0.3032562,-0.9338433,-0.18966368
1356512753660,0.8978523,-0.23811212,-0.3703564,0.30750498,-0.2629002,0.9145076,-0.3151221,-0.9349792,-0.1628249
1356512753700,0.88836336,-0.26151866,-0.3773838,0.31824178,-0.24174702,0.9166681,-0.33095726,-0.93443364,-0.13153303
1356512753738,0.8758426,-0.2861104,-0.38863948,0.33374983,-0.22258472,0.916006,-0.34858403,-0.93198544,-0.09945989
1356512753778,0.8604691,-0.31038612,-0.40404627,0.35340458,-0.20764637,0.9121339,-0.3670124,-0.9276548,-0.06898141
1356512753823,0.8427202,-0.33603618,-0.4205976,0.37407866,-0.19633587,0.906376,-0.3871535,-0.92115796,-0.039752245
1356512753870,0.82199836,-0.3605369,-0.44083083,0.39838746,-0.18909948,0.8975125,-0.4069473,-0.9133753,-0.011806071
1356512753908,0.7991912,-0.37677038,-0.46833482,0.42957556,-0.18696736,0.88346356,-0.42042628,-0.9072415,0.012428701
1356512753949,0.77747583,-0.3799915,-0.5011365,0.46622506,-0.18655694,0.86477196,-0.42209655,-0.90598166,0.032118082
1356512753988,0.7555567,-0.3689876,-0.5412783,0.50946385,-0.18843836,0.83960557,-0.41180164,-0.91013134,0.04561001
1356512754031,0.73295903,-0.34542653,-0.58604735,0.5562954,-0.19149485,0.80861926,-0.39154357,-0.91870034,0.051801294
1356512754080,0.70863634,-0.3203721,-0.62864643,0.598712,-0.19840193,0.776003,-0.37333435,-0.92628205,0.051215798
1356512754118,0.68492186,-0.3054476,-0.66150117,0.6291288,-0.21003443,0.7483866,-0.36753094,-0.92875576,0.0483087
1356512754165,0.6674509,-0.3031941,-0.6801342,0.6429995,-0.22600761,0.73175967,-0.37558076,-0.92573965,0.044104666
1356512754188,0.6581526,-0.30718386,-0.6873669,0.64528286,-0.24019596,0.7252006,-0.38787264,-0.9208388,0.040134877
1356512754228,0.6556353,-0.3198843,-0.68397105,0.63535625,-0.25574178,0.7286416,-0.40800098,-0.9122884,0.035567164
1356512754295,0.66447574,-0.34137794,-0.66478044,0.609287,-0.2676062,0.74642885,-0.4327138,-0.901026,0.030179381
1356512754307,0.6827532,-0.36874065,-0.63077605,0.5692884,-0.2726777,0.7756015,-0.45799434,-0.8886379,0.02374819
1356512754339,0.70496154,-0.39954197,-0.5859994,0.51789725,-0.27451298,0.8102006,-0.48457363,-0.87464774,0.013400644
1356512754378,0.73164725,-0.42886305,-0.5298762,0.45408463,-0.27313346,0.84805965,-0.5084284,-0.8610891,-0.0050972104
1356512754419,0.7608705,-0.4433998,-0.47378552,0.38811523,-0.2741775,0.8798826,-0.52004105,-0.85336006,-0.036523372
1356512754461,0.7909845,-0.42494154,-0.44019106,0.34270483,-0.2882917,0.89411485,-0.50685,-0.8580866,-0.08240473
1356512754500,0.8181329,-0.3769272,-0.43426314,0.32923788,-0.31211114,0.8911728,-0.47144565,-0.8720737,-0.13124967
1356512754549,0.83430266,-0.30139092,-0.46163028,0.3605006,-0.33526775,0.8704222,-0.4171071,-0.8926136,-0.17106318
1356512754588,0.84042174,-0.24431702,-0.48373607,0.3922443,-0.34169203,0.85404384,-0.37394622,-0.9074997,-0.19133344
1356512754634,0.8450401,-0.22642073,-0.4843975,0.40170172,-0.32908428,0.8545988,-0.3529065,-0.9167536,-0.18713582
1356512754681,0.84863806,-0.24205333,-0.47034416,0.39353377,-0.30526394,0.8671477,-0.35347506,-0.9209908,-0.16380244
1356512754721,0.84563935,-0.2658871,-0.46281546,0.3908262,-0.2821011,0.87617,-0.363523,-0.92180425,-0.13464016
1356512754758,0.8385735,-0.29341215,-0.4590248,0.39198315,-0.26018816,0.88241225,-0.37834328,-0.9198975,-0.1031743
1356512754799,0.8270343,-0.3214265,-0.4611933,0.3993067,-0.24157237,0.88441896,-0.39568725,-0.91560245,-0.071440876
1356512754841,0.81110835,-0.34979996,-0.46876785,0.41186848,-0.22746934,0.8823956,-0.41529223,-0.90878916,-0.040430695
1356512754879,0.7898779,-0.37415886,-0.4858992,0.4329149,-0.22100018,0.87392426,-0.43437028,-0.90064645,-0.012584209
1356512754921,0.7660371,-0.3922337,-0.5092543,0.45954868,-0.21976472,0.86053383,-0.4494465,-0.89322793,0.011902571
1356512754960,0.73703533,-0.39502662,-0.54839116,0.50076276,-0.22573853,0.8356308,-0.4538894,-0.8905033,0.031437337
1356512754999,0.70284873,-0.3784506,-0.60231125,0.5560706,-0.23572886,0.7970053,-0.44360924,-0.8951018,0.044763505
1356512755041,0.66219443,-0.34232324,-0.66656834,0.6218532,-0.2452712,0.74373436,-0.4180875,-0.90700436,0.050457537
1356512755079,0.6173557,-0.30058923,-0.7269924,0.6835983,-0.25235024,0.6848449,-0.38931376,-0.91976374,0.049692452
1356512755120,0.57544464,-0.2640189,-0.7740527,0.7306579,-0.25924617,0.63160956,-0.36742693,-0.929024,0.043725614
1356512755160,0.5421338,-0.23880798,-0.8056437,0.7599854,-0.26968312,0.59134865,-0.35848728,-0.9328675,0.035286218
1356512755199,0.52151185,-0.22494024,-0.8230597,0.7734489,-0.28268248,0.5673336,-0.36028072,-0.9324658,0.026557535
1356512755238,0.51557636,-0.22088555,-0.8278832,0.7735115,-0.2956517,0.5605978,-0.36859304,-0.9294082,0.018426478
1356512755289,0.5257863,-0.22795078,-0.8195042,0.75863314,-0.31009775,0.57298785,-0.38473946,-0.92297226,0.009885877
1356512755321,0.55974746,-0.24766019,-0.79078895,0.72416675,-0.31769803,0.6120869,-0.40282172,-0.9152771,0.0015166737
1356512755361,0.60325325,-0.27495414,-0.748656,0.67534995,-0.32322523,0.6628936,-0.42424983,-0.9054975,-0.0092964135
1356512755398,0.65844333,-0.3082837,-0.6865956,0.6070293,-0.32177743,0.72661865,-0.44493565,-0.8952209,-0.024734976
1356512755438,0.7149129,-0.33392236,-0.61432517,0.52923185,-0.3157735,0.7875282,-0.4569609,-0.88813454,-0.049028188
1356512755480,0.76629424,-0.3356399,-0.54784936,0.45939887,-0.30987868,0.83242285,-0.44916117,-0.88956225,-0.08326566
1356512755521,0.8051264,-0.30331284,-0.5096791,0.4215638,-0.31182116,0.8514996,-0.41719946,-0.90042704,-0.12318975
1356512755560,0.8316477,-0.25604954,-0.49274817,0.409628,-0.31623542,0.85568684,-0.37492266,-0.9134734,-0.1581114
1356512755599,0.8502151,-0.21836331,-0.47901118,0.40309903,-0.3151985,0.859163,-0.3385933,-0.92356235,-0.17996451
1356512755639,0.8690716,-0.20920381,-0.44827262,0.37844405,-0.30241603,0.87482834,-0.31858227,-0.9299346,-0.18364924
1356512755678,0.8875742,-0.22645736,-0.40115967,0.3356526,-0.27852464,0.89986736,-0.31551448,-0.9333493,-0.17120028
1356512755720,0.90218097,-0.262896,-0.3419871,0.28159446,-0.24163145,0.9286112,-0.326763,-0.9340771,-0.14396524
1356512755759,0.9064611,-0.29831547,-0.29889172,0.24543883,-0.20379022,0.9477497,-0.34363955,-0.93245775,-0.11150971
1356512755802,0.9039991,-0.33213258,-0.26920915,0.22437118,-0.1674405,0.96001107,-0.36392748,-0.9282519,-0.07684508
1356512755838,0.89548284,-0.36002868,-0.26170564,0.2249216,-0.14134747,0.9640701,-0.38408428,-0.9221715,-0.045596004
1356512755880,0.88450843,-0.3873874,-0.25995353,0.23070264,-0.12110814,0.965458,-0.40548876,-0.91392773,-0.017749876
1356512755930,0.8700911,-0.41178417,-0.2708788,0.24793029,-0.10933595,0.96258837,-0.4259954,-0.90469867,0.0069615245
1356512755971,0.85090125,-0.4235463,-0.31076616,0.29097927,-0.11252798,0.9500887,-0.43737644,-0.89885813,0.027493
1356512756008,0.82769287,-0.41926518,-0.37301636,0.35359004,-0.12652823,0.92680347,-0.43577355,-0.8990035,0.043521494
1356512756048,0.7978549,-0.39507896,-0.4553461,0.43441266,-0.14692083,0.8886506,-0.417987,-0.9068224,0.05440578
1356512756092,0.75860107,-0.3563887,-0.54544616,0.5223845,-0.16764882,0.83606714,-0.3894083,-0.919174,0.05899337
1356512756128,0.7172082,-0.32242906,-0.61777985,0.592553,-0.18437213,0.7841479,-0.36673343,-0.9284646,0.05882308
1356512756172,0.68392205,-0.30111662,-0.66451436,0.635177,-0.20230672,0.74540067,-0.3588882,-0.93188024,0.052900314
1356512756208,0.66301054,-0.2906186,-0.68989706,0.6558626,-0.21880496,0.722474,-0.36091724,-0.93148553,0.045535866
1356512756248,0.65599895,-0.2898699,-0.69687927,0.65756315,-0.23375252,0.71621954,-0.3705078,-0.9280814,0.0372664
1356512756288,0.6672088,-0.29880455,-0.682311,0.63860166,-0.24206474,0.7304743,-0.38343245,-0.92310375,0.029309362
1356512756328,0.69587046,-0.31785703,-0.6439963,0.59720844,-0.24193835,0.76472723,-0.3988814,-0.91675115,0.021469174
1356512756369,0.7388774,-0.34706914,-0.5775839,0.5290009,-0.23217764,0.81624246,-0.41739458,-0.9086455,0.01204902
1356512756410,0.7892784,-0.3827983,-0.48010948,0.43099767,-0.211542,0.8772064,-0.43735644,-0.8992861,-0.0019803345
1356512756450,0.8348351,-0.41417205,-0.36264566,0.31332642,-0.18415444,0.9316188,-0.4526333,-0.8913746,-0.023967534
1356512756499,0.86874604,-0.4143257,-0.27131984,0.21668273,-0.1746423,0.9604939,-0.44534126,-0.89321566,-0.061942577
1356512756541,0.8990408,-0.38255775,-0.21301462,0.15316087,-0.18099862,0.971484,-0.4102041,-0.9060293,-0.104132265
1356512756591,0.9253295,-0.30185756,-0.22945006,0.17127538,-0.20712236,0.9632057,-0.33827513,-0.9305818,-0.13995567
1356512756628,0.9401189,-0.2267375,-0.2544927,0.20494509,-0.22056699,0.95359725,-0.27234894,-0.94865185,-0.16089046
1356512756669,0.9468482,-0.18145563,-0.26561686,0.22514002,-0.2159586,0.9500915,-0.2297617,-0.9593934,-0.16362709
1356512756708,0.94806993,-0.16905911,-0.26941103,0.23425664,-0.20180896,0.9509978,-0.21514441,-0.9647238,-0.1517258
1356512756751,0.94562924,-0.18945885,-0.26436844,0.23150536,-0.1788497,0.95625204,-0.22845261,-0.9654626,-0.12526476
1356512756790,0.9355853,-0.22126813,-0.27517352,0.24406151,-0.1579467,0.95681065,-0.2551745,-0.9623373,-0.09376958
1356512756831,0.9194752,-0.25883332,-0.29592335,0.2667406,-0.14224163,0.9532139,-0.28881615,-0.95539135,-0.0617463
1356512756870,0.8967082,-0.29470903,-0.33024386,0.3024155,-0.1368792,0.94329685,-0.32320163,-0.9457329,-0.033616126
1356512756909,0.86901146,-0.32722348,-0.3711386,0.34325755,-0.14153455,0.92851615,-0.35636124,-0.9342873,-0.010673225
1356512756950,0.8371033,-0.35317373,-0.4177634,0.38800526,-0.15501927,0.9085268,-0.38562918,-0.9226252,0.007266134
1356512756988,0.80183303,-0.36729142,-0.4713394,0.43835476,-0.1745006,0.8816999,-0.40608978,-0.91358995,0.021083593
1356512757032,0.764694,-0.36321515,-0.5322761,0.4961717,-0.19516854,0.846004,-0.41116506,-0.9110346,0.030972898
1356512757082,0.72274315,-0.33169478,-0.6063174,0.5691095,-0.21211544,0.79443145,-0.3921181,-0.91923094,0.035465688
1356512757129,0.6746139,-0.2899117,-0.6788573,0.64197236,-0.22353101,0.7334203,-0.36437282,-0.9305832,0.035318196
1356512757168,0.63000745,-0.25474316,-0.7336188,0.69717383,-0.23062676,0.67879295,-0.34210998,-0.93910444,0.03230369
1356512757211,0.5945227,-0.23213318,-0.76984215,0.7318585,-0.24035138,0.63766325,-0.3330554,-0.94252074,0.026994288
1356512757328,0.57048947,-0.22257525,-0.79057074,0.7473732,-0.258443,0.6120789,-0.34055105,-0.94003594,0.018907748
1356512757329,0.5598155,-0.22078466,-0.7986618,0.74953395,-0.27600712,0.60168004,-0.35327816,-0.935454,0.010972559
1356512757352,0.5601646,-0.22572026,-0.79703575,0.74088633,-0.2938713,0.6039265,-0.37054437,-0.92881113,0.002616711
1356512757379,0.572227,-0.23744194,-0.7849698,0.72072005,-0.3111072,0.61949575,-0.39130402,-0.92023563,-0.0068947673
1356512757419,0.5926067,-0.25374934,-0.7644793,0.6899525,-0.32986432,0.6443253,-0.4156716,-0.90928584,-0.02040482
