1356513451411,-0.024391562,0.6008589,0.79898274,-0.086731166,0.7949352,-0.6004628,-0.99593306,-0.08394301,0.032723486
1356513451433,0.089595705,-0.96087545,0.26208955,0.00943923,0.26395527,0.96448874,-0.9959335,-0.08394015,0.032719135
1356513451458,0.08956474,-0.96086025,0.2621558,0.009403497,0.2640177,0.96447194,-0.99593663,-0.08391747,0.03268212
1356513451495,0.089447975,-0.960794,0.26243874,0.009274423,0.264287,0.9643995,-0.9959483,-0.0838297,0.032550693
1356513451532,0.08903167,-0.9605505,0.26346913,0.008878231,0.26527444,0.964132,-0.9959892,-0.08349913,0.0321458
1356513451573,0.08831385,-0.9599645,0.26583585,0.008189857,0.26756945,0.9635038,-0.99605894,-0.08291358,0.031492114
1356513451613,0.08736342,-0.9589399,0.2698182,0.007132083,0.2714489,0.9624264,-0.996151,-0.08215645,0.030553937
1356513451654,0.08633953,-0.9573816,0.27561918,0.00562039,0.27711594,0.96082,-0.9962499,-0.08140761,0.029306948
1356513451692,0.08532819,-0.9553002,0.2830557,0.0036426485,0.28438905,0.958702,-0.99634624,-0.080773175,0.02774626
1356513451733,0.08436483,-0.95280015,0.29164067,0.0012669563,0.29278654,0.95617694,-0.9964341,-0.080298126,0.025908113
1356513451774,0.08348727,-0.9500933,0.300587,-0.0013387799,0.3015328,0.95345485,-0.99650794,-0.08000383,0.023902118
1356513451812,0.08278459,-0.9475175,0.30879995,-0.003880024,0.3095547,0.95087373,-0.99656,-0.07991585,0.021949947
1356513451851,0.08242217,-0.94551253,0.3149804,-0.005918056,0.31558588,0.9488785,-0.9965799,-0.08007273,0.020415664
1356513451894,0.08256054,-0.9444667,0.31806663,-0.0071635544,0.31858552,0.94786704,-0.99656034,-0.080534905,0.019536853
1356513451934,0.08306265,-0.9445329,0.3177392,-0.0072031617,0.31826365,0.9479749,-0.9965183,-0.08103004,0.01963222
1356513451972,0.083316326,-0.94539404,0.31510067,-0.0055326223,0.31575638,0.94882417,-0.99650776,-0.080795795,0.021077216
1356513452012,0.08249405,-0.9462605,0.31270704,-0.0014252067,0.31366423,0.94953287,-0.9965905,-0.07877648,0.024526834
1356513452054,0.080266625,-0.946845,0.31151536,0.005079806,0.31290826,0.94976974,-0.9967605,-0.0746524,0.029925883
1356513452094,0.07719022,-0.94729996,0.31090915,0.013285875,0.31278914,0.9497297,-0.99692786,-0.06917918,0.03672993
1356513452136,0.074573755,-0.9483112,0.30845502,0.021462858,0.31077105,0.9502424,-0.9969845,-0.06424281,0.043528855
1356513452173,0.07316232,-0.9499091,0.3038418,0.028460354,0.3065228,0.9514377,-0.9969138,-0.060961872,0.04946071
1356513452212,0.07281643,-0.9516209,0.29852232,0.033512294,0.30148238,0.95288265,-0.9967822,-0.059381366,0.053843856
1356513452252,0.07264155,-0.9525304,0.29565033,0.036405653,0.29876834,0.953631,-0.9966934,-0.058509886,0.05638051
1356513452293,0.07150686,-0.95175046,0.29842553,0.0370664,0.30152035,0.95273894,-0.99675107,-0.057065785,0.05683875
1356513452332,0.068590015,-0.9487194,0.3085885,0.035251558,0.31142858,0.9496155,-0.9970219,-0.054255873,0.054804742
1356513452372,0.06358695,-0.94327927,0.32585388,0.030853778,0.3282168,0.94409835,-0.99749917,-0.049978495,0.049974084
1356513452412,0.056643695,-0.935633,0.34839952,0.02433896,0.35015026,0.9363772,-0.99809766,-0.044560075,0.042606175
1356513452453,0.047768325,-0.925885,0.37477338,0.01640153,0.37587819,0.9265239,-0.99872375,-0.038111627,0.033141017
1356513452491,0.0378806,-0.9151077,0.40142614,0.009074271,0.40201288,0.91558903,-0.99924105,-0.03104043,0.02353239
1356513452531,0.025750637,-0.9025464,0.42982176,0.003172487,0.430036,0.9028061,-0.99966335,-0.021884203,0.013937056
1356513452572,0.010986745,-0.88837034,0.4589961,-6.250739E-4,0.45901763,0.8884269,-0.99993944,-0.010047823,0.0044878125
1356513452612,-0.0055814087,-0.87422204,0.48549443,-0.0027830899,0.48551366,0.8742247,-0.9999806,0.0035281777,-0.005142927
1356513452652,-0.022392392,-0.86264765,0.50530946,-0.004821092,0.5055235,0.8627994,-0.9997376,0.016884,-0.01547879
1356513452692,-0.038448334,-0.85504997,0.5171183,-0.008071989,0.51774985,0.85549396,-0.99922794,0.028718174,-0.02680856
1356513452732,-0.05377297,-0.85089684,0.5225735,-0.012132555,0.5238487,0.8517249,-0.9984795,0.039459646,-0.03849244
1356513452772,-0.06946987,-0.84790236,0.52558106,-0.014358938,0.5276493,0.8493409,-0.9974807,0.05145684,-0.048830688
1356513452812,-0.08706167,-0.8433467,0.53027034,-0.011075765,0.53307796,0.84599364,-0.99614143,0.067780435,-0.055751383
1356513452853,-0.106640905,-0.83629185,0.53781384,2.810955E-4,0.5408728,0.84110427,-0.99429756,0.0898473,-0.057444096
1356513452893,-0.1257681,-0.828269,0.5460338,0.019186676,0.54827034,0.836081,-0.99187416,0.11562887,-0.053063214
1356513452932,-0.14013788,-0.82240033,0.5513792,0.041353554,0.55152714,0.8331313,-0.98926806,0.13955474,-0.04328066
1356513452973,-0.14589855,-0.82122403,0.55163825,0.060931146,0.54908705,0.83354115,-0.9874214,0.15522441,-0.030072868
1356513453012,-0.14221343,-0.8247645,0.54730153,0.07455793,0.5424249,0.83678925,-0.98702407,0.15980831,-0.015647411
1356513453052,-0.13143608,-0.83113194,0.54031867,0.08278635,0.5339407,0.84145933,-0.9878618,0.15532917,-0.0013726354
1356513453092,-0.11677894,-0.8388711,0.53165585,0.08763611,0.5245266,0.84687173,-0.98928386,0.14548907,0.012261748
1356513453133,-0.10038307,-0.8483298,0.5198652,0.0905281,0.5125494,0.85387224,-0.9908219,0.13277668,0.025346339
1356513453173,-0.08303562,-0.8615415,0.50085044,0.092519104,0.49375084,0.8646677,-0.99224246,0.118136525,0.038710177
1356513453212,-0.06509611,-0.8811285,0.46837494,0.09518051,0.46174785,0.8818898,-0.9933293,0.10198775,0.053808272
1356513453253,-0.047878683,-0.90840214,0.41534713,0.10140568,0.40925497,0.9067675,-0.9936924,0.08553335,0.07252252
1356513453293,-0.035571635,-0.9404282,0.33812645,0.11612481,0.33215904,0.93604773,-0.99259746,0.07256156,0.097391546
1356513453332,-0.03639126,-0.968723,0.24546146,0.14437896,0.23795074,0.96048635,-0.988853,0.07039279,0.13120395
1356513453373,-0.058186173,-0.98510265,0.16182438,0.18586478,0.14857501,0.9712775,-0.98085105,0.08659235,0.17445081
1356513453413,-0.099247575,-0.9892412,0.107479036,0.23307174,0.08189702,0.96900487,-0.9673818,0.12122169,0.2224361
1356513453453,-0.148184,-0.985772,0.07934216,0.27635685,0.03575647,0.96038973,-0.9495623,0.1642411,0.26712626
1356513453490,-0.19170046,-0.9801166,0.051208228,0.30377683,-0.009640098,0.9526944,-0.93325806,0.19818783,0.29958475
1356513453531,-0.22275239,-0.9748061,0.0115939975,0.30952033,-0.05944085,0.94903314,-0.9244342,0.214988,0.31496292
1356513453571,-0.23967189,-0.9697212,-0.046884477,0.2913185,-0.117899776,0.9493331,-0.92611605,0.21387008,0.31075495
1356513453611,-0.24168777,-0.9623319,-0.124516845,0.25139257,-0.186037,0.9498379,-0.93722403,0.19826159,0.28688592
1356513453651,-0.2287581,-0.949206,-0.21605062,0.19725537,-0.26252866,0.94454706,-0.95328915,0.17345557,0.24729145
1356513453691,-0.20206892,-0.92822,-0.31237152,0.13909775,-0.34291828,0.9290097,-0.9694432,0.14427376,0.19840634
1356513453731,-0.16529036,-0.9014562,-0.4000697,0.08649886,-0.41733676,0.9046259,-0.9824444,0.11492041,0.14695674
1356513453771,-0.12446618,-0.8761797,-0.46563643,0.044476658,-0.47374064,0.87954056,-0.9912265,0.08876315,0.097934306
1356513453813,-0.08593172,-0.8619066,-0.49973273,0.013223529,-0.5025307,0.8644583,-0.9962133,0.06767613,0.05458072
1356513453853,-0.05456072,-0.86525524,-0.4983538,-0.009907037,-0.49860358,0.8667735,-0.99846125,0.052228957,0.018632025
1356513453893,-0.03470218,-0.8885635,-0.45743918,-0.02804932,-0.45666867,0.8891946,-0.999004,0.04368782,-0.0090762675
1356513453933,-0.03146392,-0.92851985,-0.36994702,-0.042524964,-0.3685515,0.92863417,-0.9985998,0.044950455,-0.027889192
1356513453973,-0.04842198,-0.9713206,-0.23279092,-0.049397588,-0.23045033,0.9718295,-0.9976047,0.058557212,-0.03682202
1356513454013,-0.08166033,-0.99458337,-0.06430781,-0.040546924,-0.061154604,0.9973044,-0.99583507,0.084047735,-0.035333455
1356513454053,-0.11813885,-0.988584,0.093514204,-0.014212549,0.09584743,0.9952946,-0.99289536,0.11625388,-0.025373578
1356513454093,-0.14547083,-0.9674702,0.20697698,0.018595815,0.20649168,0.9782716,-0.9891877,0.14615893,-0.012047589
1356513454151,-0.16006148,-0.9491041,0.27125984,0.044769675,0.26754004,0.9625062,-0.9860913,0.16620436,-3.3181906E-4
1356513454171,-0.16476548,-0.94068843,0.29657665,0.05970341,0.29062295,0.9549732,-0.98452425,0.17505324,0.008277655
1356513454212,-0.16375041,-0.94251394,0.29129612,0.06524685,0.28428787,0.9565162,-0.98434174,0.175636,0.0149437785
1356513454248,-0.15977296,-0.9535761,0.25527522,0.063370615,0.24815604,0.9666451,-0.9851177,0.17062065,0.020780027
1356513454278,-0.1555028,-0.97023535,0.18563989,0.055406064,0.17906356,0.9822761,-0.98628044,0.16303226,0.025912046
1356513454320,-0.1459806,-0.9860862,0.07952207,0.043105185,0.07396674,0.9963287,-0.98834795,0.14887246,0.031707764
1356513454361,-0.13197815,-0.9866779,-0.09512371,0.026916146,-0.099494934,0.99467397,-0.9908871,0.12871489,0.039688677
1356513454401,-0.11692548,-0.94159794,-0.31578767,0.016423166,-0.31975847,0.9473568,-0.9930049,0.105583906,0.052851856
1356513454456,-0.1136474,-0.8499502,-0.5144599,0.019745678,-0.5196448,0.8541542,-0.99332494,0.08691406,0.07583913
1356513454483,-0.13529646,-0.7540154,-0.64277196,0.031589985,-0.65168995,0.75782746,-0.9903015,0.08222622,0.1119906
1356513454523,-0.17986256,-0.68130803,-0.70955527,0.04108551,-0.7258923,0.68658006,-0.9828334,0.09433761,0.15855281
1356513454563,-0.23176199,-0.62585974,-0.7447053,0.042581588,-0.7713426,0.63499403,-0.97184014,0.1154567,0.205418
1356513454602,-0.27369422,-0.57537293,-0.77073836,0.035058945,-0.80677146,0.58982277,-0.9611777,0.13440979,0.2409805
1356513454643,-0.2954011,-0.5259958,-0.7975378,0.02047813,-0.8380861,0.54515344,-0.9551538,0.14470685,0.25834298
1356513454683,-0.2939843,-0.47970527,-0.826714,0.0022665113,-0.8652827,0.501279,-0.9558075,0.14549442,0.25546685
1356513454722,-0.27226567,-0.44081783,-0.8553076,-0.01589258,-0.8867065,0.46205953,-0.96209085,0.13939598,0.23441401
1356513454763,-0.2367512,-0.41408196,-0.8789113,-0.030328989,-0.9010389,0.4326766,-0.9710968,0.12909321,0.20076334
1356513454803,-0.19461113,-0.4032799,-0.89414304,-0.038179085,-0.9077667,0.4177342,-0.98013717,0.11543332,0.16126472
1356513454843,-0.15108818,-0.40989137,-0.899534,-0.039357677,-0.90676445,0.4197967,-0.98773646,0.09882988,0.12086901
1356513454883,-0.109846234,-0.43446404,-0.89396584,-0.036619976,-0.89702886,0.44045237,-0.99327385,0.08111903,0.08262511
1356513454923,-0.07400435,-0.47723624,-0.87565345,-0.033973604,-0.87634504,0.48048437,-0.9966791,0.06530702,0.048639856
1356513454963,-0.047379196,-0.53874636,-0.8411347,-0.0353145,-0.84065056,0.5404254,-0.9982526,0.055309117,0.020803757
1356513455002,-0.035598576,-0.619375,-0.78428775,-0.04352227,-0.7830798,0.6203965,-0.99841803,0.05621925,9.199083E-4
1356513455043,-0.04540533,-0.71699584,-0.69559705,-0.057057798,-0.6933171,0.7183702,-0.9973378,0.07230708,-0.009429917
1356513455083,-0.07885301,-0.8186099,-0.5689112,-0.06675607,-0.56507117,0.822337,-0.9946486,0.102822065,-0.010089576
1356513455123,-0.124675155,-0.899913,-0.4178668,-0.06188172,-0.4132803,0.90849876,-0.99026597,0.13912556,-0.004162371
1356513455164,-0.16326535,-0.94693726,-0.27686507,-0.043495834,-0.27344894,0.9609026,-0.98562294,0.16892457,0.0034569204
1356513455202,-0.18329298,-0.96800435,-0.17137995,-0.022022098,-0.17024648,0.98515534,-0.98281157,0.18434629,0.009887576
1356513455242,-0.18689334,-0.9769254,-0.10338107,-0.004081875,-0.10446215,0.99452055,-0.9823718,0.18629125,0.015535593
1356513455282,-0.18076569,-0.981368,-0.06511918,0.009246588,-0.067902684,0.9976491,-0.9834827,0.17973864,0.021348774
1356513455322,-0.16918951,-0.9842204,-0.051817477,0.01815784,-0.05567926,0.99828357,-0.98541623,0.1679582,0.027291656
1356513455362,-0.1533733,-0.98613334,-0.063382834,0.023230761,-0.06772214,0.9974336,-0.98789513,0.15150732,0.033295512
1356513455402,-0.13327253,-0.98582566,-0.10191223,0.026725024,-0.10636687,0.99396765,-0.99071896,0.12974498,0.04052201
1356513455452,-0.11335027,-0.9799738,-0.16371638,0.031147122,-0.16820228,0.98526025,-0.9930667,0.10658023,0.049589127
1356513455472,-0.09606469,-0.9676961,-0.2331006,0.046192974,-0.23826551,0.97010094,-0.9943027,0.08242482,0.06758964
1356513455512,-0.09574908,-0.94755185,-0.30492225,0.072680205,-0.31216717,0.9472431,-0.9927486,0.068535835,0.09875792
1356513455553,-0.122629106,-0.9262121,-0.35650152,0.10475552,-0.36928582,0.9233928,-0.9869085,0.07588935,0.14231104
1356513455593,-0.17069215,-0.90752983,-0.3837367,0.13242042,-0.4070477,0.9037572,-0.9763857,0.1034497,0.18965527
1356513455633,-0.221834,-0.88964164,-0.39915854,0.14924863,-0.43551332,0.8877235,-0.9635946,0.13735336,0.22938946
1356513455673,-0.25990313,-0.8708272,-0.41726527,0.15258297,-0.4637224,0.8727428,-0.9535034,0.16316101,0.25339624
1356513455712,-0.2770959,-0.8512345,-0.4456654,0.14193088,-0.49500167,0.8572216,-0.95030177,0.17427886,0.25797942
1356513455753,-0.27288318,-0.83189225,-0.48320797,0.119544715,-0.52769893,0.84097725,-0.9545909,0.17172354,0.24344856
1356513455792,-0.25189722,-0.81498265,-0.5218727,0.091205984,-0.55685395,0.82558775,-0.96344656,0.16036531,0.21460123
1356513455832,-0.21979845,-0.80273306,-0.55435383,0.06251061,-0.57867163,0.8131614,-0.9735404,0.14407864,0.1773705
1356513455872,-0.18177354,-0.79744685,-0.575358,0.037459224,-0.5902963,0.806317,-0.9826266,0.12501463,0.13717203
1356513455912,-0.141828,-0.8002006,-0.5827211,0.017305493,-0.5905861,0.80678904,-0.98974,0.10434103,0.09760952
1356513455953,-0.10347718,-0.8114188,-0.5752322,0.0015900433,-0.57847106,0.8157014,-0.99463063,0.0834918,0.06114869
1356513455992,-0.07131803,-0.83181405,-0.5504536,-0.011215538,-0.5511552,0.83432734,-0.99739057,0.06567621,0.029978052
1356513456032,-0.05229044,-0.86260676,-0.50316536,-0.022925407,-0.502685,0.86416566,-0.99836874,0.05672282,0.0065099597
1356513456072,-0.05391544,-0.90261626,-0.4270562,-0.03281629,-0.42584556,0.90420055,-0.9980061,0.06276479,-0.006660819
1356513456113,-0.07844186,-0.9433106,-0.3225088,-0.035424054,-0.32066393,0.9465304,-0.99628913,0.0856722,-0.008262426
1356513456152,-0.116568685,-0.9716635,-0.20562533,-0.025492877,-0.2040413,0.9786303,-0.9928554,0.11931959,-9.85682E-4
1356513456192,-0.15167266,-0.98305476,-0.1029512,-0.0066216886,-0.103143334,0.9946445,-0.9884087,0.15154207,0.009134471
1356513456232,-0.17207503,-0.98455465,-0.03228432,0.011394352,-0.034760237,0.99933064,-0.98501796,0.17159197,0.017199755
1356513456272,-0.17733252,-0.9841367,0.005312383,0.02326718,0.0012039542,0.99972856,-0.98387593,0.17740795,0.022684515
1356513456313,-0.17303193,-0.98478544,0.01604864,0.029724091,0.011065781,0.9994969,-0.9844675,0.17342192,0.027357161
1356513456352,-0.16359621,-0.98652166,0.0033395588,0.032406867,-0.001990676,0.99947274,-0.98599494,0.16361824,0.032295763
1356513456392,-0.15002108,-0.9880924,-0.034162372,0.032223433,-0.039421737,0.998703,-0.9881575,0.14872566,0.03775376
1356513456453,-0.13159502,-0.9862865,-0.09960708,0.031220883,-0.10455459,0.9940289,-0.9908117,0.12769946,0.04455167
1356513456472,-0.10993725,-0.9752741,-0.19171414,0.03442678,-0.19650394,0.97989845,-0.99334216,0.10112724,0.055178612
1356513456512,-0.09323907,-0.9504602,-0.29653317,0.048487186,-0.3018118,0.9521337,-0.99446243,0.07439798,0.07422581
1356513456552,-0.09577358,-0.91537523,-0.39104426,0.07390419,-0.39830494,0.914271,-0.9926559,0.05866319,0.10579714
1356513456592,-0.12539566,-0.8790815,-0.45988226,0.1017181,-0.47249013,0.8754465,-0.98687863,0.06299883,0.14866668
1356513456632,-0.17420036,-0.8449683,-0.50565076,0.121801764,-0.52804816,0.8404341,-0.9771482,0.08481479,0.19490485
1356513456672,-0.22435057,-0.8104429,-0.5411554,0.12905681,-0.57512915,0.8078186,-0.96592504,0.11139476,0.23362371
1356513456712,-0.26057637,-0.774318,-0.5766555,0.12233576,-0.618957,0.775839,-0.95767105,0.13161972,0.2560124
1356513456752,-0.27532,-0.7381647,-0.61588275,0.10295695,-0.6595976,0.7445339,-0.95582354,0.14157572,0.2575997
1356513456797,-0.26488274,-0.70337236,-0.6596247,0.07269934,-0.6966787,0.7136903,-0.9615363,0.14108995,0.23567273
1356513456831,-0.24135679,-0.67830014,-0.6940143,0.044944912,-0.7222026,0.6902198,-0.96939516,0.13539684,0.20479465
1356513456871,-0.206976,-0.6598895,-0.72229266,0.020827532,-0.741084,0.6710892,-0.97812426,0.12385577,0.16713051
1356513456911,-0.16710955,-0.65287995,-0.7387979,0.0044997633,-0.7498321,0.66161305,-0.9859282,0.1072374,0.12824179
1356513456951,-0.12636381,-0.65753275,-0.7427536,-0.0045934916,-0.74835986,0.66327715,-0.9919734,0.087226,0.09154512
1356513456991,-0.088804066,-0.6735207,-0.7338146,-0.009222895,-0.73613775,0.676769,-0.9960065,0.06686774,0.059160158
1356513457031,-0.05868882,-0.70015883,-0.711571,-0.013387829,-0.71218354,0.7018657,-0.9981866,0.05071807,0.0324236
1356513457071,-0.041935444,-0.73763764,-0.67389333,-0.020893246,-0.6736917,0.7387171,-0.99890184,0.04505828,0.012839958
1356513457111,-0.045209467,-0.7851466,-0.61765754,-0.032303065,-0.6168174,0.7864431,-0.99845505,0.055506915,0.0025233328
1356513457151,-0.071052074,-0.83754283,-0.541732,-0.042752683,-0.5400484,0.8405473,-0.996556,0.08288312,0.0025644004
1356513457191,-0.112381995,-0.88446176,-0.45287713,-0.045524627,-0.4507029,0.89151245,-0.99262166,0.12080699,0.01038605
1356513457231,-0.15353799,-0.917377,-0.3672132,-0.038951874,-0.3657118,0.92991275,-0.9873747,0.15708059,0.020417094
1356513457271,-0.18149245,-0.9363915,-0.30038553,-0.02765885,-0.30047697,0.953388,-0.9830033,0.18134096,0.028634757
1356513457311,-0.19373864,-0.9465381,-0.25793612,-0.016604573,-0.25971627,0.96554226,-0.9809127,0.19134575,0.03460017
1356513457351,-0.19424033,-0.9515661,-0.23831192,-0.0077251494,-0.24144751,0.97038305,-0.98092353,0.19032857,0.03954789
1356513457392,-0.18651503,-0.9527549,-0.23972952,-0.0010546446,-0.24381709,0.9698207,-0.98245156,0.18113893,0.044470727
1356513457454,-0.17170733,-0.94963694,-0.2621187,0.0043044686,-0.26679105,0.96374476,-0.98513854,0.16435373,0.0498977
1356513457472,-0.15038419,-0.9402492,-0.3054764,0.010561317,-0.31050056,0.95051444,-0.98857117,0.13971612,0.05662474
1356513457512,-0.12518895,-0.9219737,-0.3664591,0.02206245,-0.37186062,0.9280264,-0.99188757,0.10809368,0.066893816
1356513457553,-0.104988694,-0.8940098,-0.43557298,0.042883366,-0.44165605,0.89615893,-0.9935484,0.07540777,0.08470708
1356513457592,-0.103459656,-0.86040235,-0.49900293,0.07103723,-0.50680596,0.8591283,-0.9920937,0.053437352,0.11355458
1356513457632,-0.1286273,-0.82686114,-0.54749954,0.09723449,-0.55994105,0.8228071,-0.98691463,0.05259964,0.15242313
1356513457672,-0.17412078,-0.79440725,-0.58189267,0.11254713,-0.6031017,0.7896844,-0.9782714,0.07201013,0.19442087
1356513457712,-0.22357446,-0.7609421,-0.6090825,0.11425349,-0.64105296,0.75894475,-0.9679672,0.10009089,0.2302634
1356513457753,-0.26112723,-0.7258305,-0.6363824,0.10357344,-0.67651707,0.729107,-0.95973176,0.12447739,0.25183386
1356513457792,-0.2777953,-0.6907365,-0.6676173,0.08317256,-0.7096555,0.69962233,-0.9570329,0.1388244,0.2545893
1356513457832,-0.27188152,-0.65820146,-0.70203376,0.056667,-0.7391983,0.67109966,-0.96066093,0.1426774,0.2382726
1356513457872,-0.24733925,-0.6305623,-0.73567283,0.029465586,-0.7638078,0.64477086,-0.9684808,0.1378001,0.20749952
1356513457912,-0.2104274,-0.60963464,-0.76424205,0.0075266957,-0.7827329,0.6223123,-0.97758055,0.1251993,0.16929694
1356513457952,-0.16681248,-0.59629774,-0.7852404,-0.0056712925,-0.79580563,0.6055256,-0.9859723,0.10546252,0.12936854
1356513457992,-0.121567965,-0.5911153,-0.79737324,-0.010530531,-0.8025182,0.59653485,-0.9925273,0.080916286,0.091335684
1356513458032,-0.0796358,-0.59478045,-0.79993397,-0.010573357,-0.8019335,0.59731984,-0.99676794,0.05602601,0.05757373
1356513458072,-0.04605508,-0.6082915,-0.7923764,-0.010979205,-0.79286194,0.6093024,-0.9988786,0.036761105,0.029836766
1356513458112,-0.026544154,-0.6330245,-0.7736765,-0.017084897,-0.7735489,0.6335063,-0.9995016,0.030034065,0.009718053
1356513458152,-0.026775062,-0.6699261,-0.74194485,-0.031169295,-0.7412906,0.6704601,-0.99915546,0.041077465,-0.0010330826
1356513458192,-0.049175084,-0.7166086,-0.69573987,-0.0497818,-0.69395834,0.7182922,-0.9975488,0.06995726,-0.001548633
1356513458232,-0.0884822,-0.7658422,-0.63691175,-0.06527093,-0.6335875,0.77091277,-0.9939369,0.10978392,0.0060740113
1356513458272,-0.13105035,-0.8084036,-0.5738549,-0.071498305,-0.56963265,0.81878364,-0.9887941,0.1483315,0.016851097
1356513458312,-0.16286033,-0.8394189,-0.51850986,-0.06825587,-0.51468164,0.85466015,-0.98428535,0.17458156,0.026525974
1356513458352,-0.17876762,-0.859746,-0.47841293,-0.059269547,-0.47595257,0.87747157,-0.9821045,0.18521884,0.03412816
1356513458392,-0.18182182,-0.8718904,-0.4546955,-0.048086733,-0.45396614,0.88972056,-0.9821551,0.18363538,0.040614486
1356513458454,-0.176234,-0.877317,-0.44638157,-0.036504984,-0.44734228,0.8936176,-0.9836712,0.17378098,0.046810478
1356513458473,-0.1645248,-0.8763119,-0.45277923,-0.02489844,-0.4551987,0.8900417,-0.98605865,0.15770742,0.05307263
1356513458512,-0.14788538,-0.8685542,-0.47301543,-0.011869252,-0.47668117,0.87899613,-0.9889333,0.135605,0.060185075
1356513458552,-0.12893176,-0.8535147,-0.5048656,0.0053334534,-0.5097044,0.86033297,-0.9916391,0.108231574,0.07026929
1356513458592,-0.11505234,-0.8319949,-0.5427223,0.02889657,-0.54892236,0.83537376,-0.99293905,0.08042884,0.087196544
1356513458632,-0.11838049,-0.8071443,-0.57836336,0.056419253,-0.5869856,0.80762917,-0.9913642,0.06297666,0.11502607
1356513458672,-0.14761305,-0.7820049,-0.6055399,0.08002663,-0.6196831,0.7807615,-0.9858022,0.066791296,0.1540546
1356513458712,-0.19774061,-0.75606,-0.6239166,0.0926961,-0.6480546,0.75593174,-0.9758618,0.09164375,0.19823046
1356513458752,-0.2516752,-0.72738135,-0.63841695,0.09311226,-0.67478806,0.7321143,-0.96332234,0.12481052,0.2375554
1356513458793,-0.29209787,-0.6967349,-0.65516365,0.083640724,-0.70102453,0.7082153,-0.952724,0.1520698,0.2630431
1356513458832,-0.3095932,-0.66731036,-0.6773839,0.06738779,-0.7259906,0.6843951,-0.9484782,0.16623661,0.26973027
1356513458872,-0.30279458,-0.64214635,-0.70424676,0.047204882,-0.7481334,0.66186714,-0.95188606,0.16716589,0.2568432
1356513458912,-0.2761029,-0.6230974,-0.7317901,0.026000232,-0.76595026,0.6423739,-0.9607764,0.15833452,0.22768173
1356513458952,-0.23660582,-0.6111463,-0.75532645,0.0070764422,-0.77846354,0.6276501,-0.97157997,0.14316058,0.18851364
1356513459011,-0.19080693,-0.6067178,-0.7716775,-0.0070629716,-0.78525156,0.6191366,-0.9816022,0.12358588,0.1455462
1356513459031,-0.14380187,-0.61000204,-0.7792422,-0.015919924,-0.78589845,0.61815053,-0.9894784,0.10129666,0.10330254
1356513459071,-0.09988886,-0.6212121,-0.77725005,-0.021012098,-0.77966577,0.6258433,-0.9947767,0.078846425,0.06482695
1356513459108,-0.063140154,-0.6406015,-0.76527315,-0.0251216,-0.76554006,0.64289767,-0.9976885,0.059817493,0.032243326
1356513459151,-0.038134992,-0.6682274,-0.74297905,-0.031430244,-0.74235,0.6692748,-0.9987782,0.048874766,0.0073068887
1356513459191,-0.030326486,-0.7052546,-0.7083051,-0.041424155,-0.7071355,0.7058636,-0.9986813,0.050747305,-0.0077696294
1356513459231,-0.04418218,-0.7500807,-0.65986884,-0.053521514,-0.6577881,0.7512991,-0.99758875,0.06851125,-0.011082962
1356513459271,-0.07669079,-0.797864,-0.5979395,-0.062246382,-0.5947045,0.8015311,-0.99511003,0.098689586,-0.0040558577
1356513459311,-0.11548513,-0.840606,-0.5291925,-0.06260386,-0.5255383,0.8484634,-0.9913344,0.13111445,0.008066714
1356513459351,-0.14600885,-0.87345123,-0.46450433,-0.054509282,-0.46171987,0.88534933,-0.98778033,0.15458864,0.019803971
1356513459391,-0.16217864,-0.8969345,-0.4113472,-0.041610897,-0.41027874,0.91101027,-0.98588365,0.16486296,0.02921623
1356513459454,-0.1668334,-0.9135282,-0.370989,-0.027285874,-0.3718406,0.9278955,-0.9856075,0.16492671,0.037108988
1356513459473,-0.1645444,-0.9249936,-0.34250852,-0.0134269595,-0.34510887,0.9384666,-0.9862783,0.15901822,0.044365853
1356513459512,-0.15711147,-0.9320912,-0.326377,-6.2584877E-4,-0.33038723,0.9438453,-0.98758066,0.1484932,0.051324308
1356513459552,-0.14458162,-0.9347484,-0.32456356,0.011712402,-0.32960373,0.9440467,-0.9894236,0.13269037,0.05860278
1356513459592,-0.12789935,-0.93213093,-0.33878276,0.02594626,-0.34461606,0.9383851,-0.9914477,0.111228704,0.068261415
1356513459632,-0.112428665,-0.9233861,-0.3670394,0.04567358,-0.37379318,0.9263868,-0.9926095,0.087388456,0.08419949
1356513459672,-0.10923588,-0.9097512,-0.4005249,0.07216287,-0.40913093,0.90961766,-0.9913929,0.07045984,0.110342056
1356513459712,-0.12821203,-0.8950914,-0.42705154,0.10069719,-0.44012928,0.89227027,-0.9866214,0.07139695,0.14656311
1356513459753,-0.16728967,-0.88199914,-0.44055837,0.12394357,-0.4621247,0.8781109,-0.97808594,0.092294484,0.18662676
1356513459792,-0.21170211,-0.86946523,-0.4463323,0.1378375,-0.47868055,0.86710197,-0.96756554,0.122045934,0.22118253
1356513459832,-0.2463516,-0.8563758,-0.4537967,0.14129135,-0.49495894,0.85735196,-0.9588262,0.1470924,0.24293241
1356513459872,-0.2629844,-0.8426174,-0.46993083,0.13388261,-0.51423544,0.8471347,-0.9554656,0.15986761,0.2480478
1356513459912,-0.2608819,-0.82904184,-0.49460113,0.11708003,-0.53573287,0.8362312,-0.9582447,0.16024965,0.23682724
1356513459952,-0.2441374,-0.81742454,-0.5217414,0.0952636,-0.5556354,0.8259505,-0.9650502,0.15194237,0.21352215
1356513459992,-0.21821302,-0.8102952,-0.54387933,0.07373452,-0.5694062,0.8187428,-0.9731117,0.13855767,0.18399857
1356513460032,-0.18764508,-0.8099719,-0.555639,0.05580163,-0.57356447,0.8172575,-0.98065054,0.122348815,0.15282434
1356513460072,-0.1553685,-0.8174505,-0.5546488,0.041994005,-0.5664248,0.82304275,-0.98696357,0.104582995,0.1223326
1356513460112,-0.123413324,-0.83259916,-0.5399517,0.031449765,-0.54711944,0.83646345,-0.9918568,0.08624938,0.093706906
1356513460152,-0.09440285,-0.8548658,-0.51018894,0.022617191,-0.514187,0.8573799,-0.99527717,0.06940004,0.067875326
1356513460192,-0.07351613,-0.8850532,-0.4596478,0.013942659,-0.461762,0.8868942,-0.99719656,0.058792353,0.046287
1356513460232,-0.067577064,-0.9227326,-0.37947047,0.0055749416,-0.38068318,0.9246887,-0.9976984,0.060372233,0.030869663
1356513460272,-0.08026129,-0.9608155,-0.26531455,0.001760304,-0.2663095,0.963886,-0.9967723,0.076895714,0.023065627
1356513460312,-0.106055796,-0.985733,-0.13070074,0.008263469,-0.13231122,0.99117374,-0.9943259,0.10403964,0.022177905
1356513460352,-0.13119757,-0.99133337,-0.0067363977,0.023869902,-0.009952068,0.9996655,-0.99106884,0.13099289,0.024968743
1356513460392,-0.14456648,-0.9860668,0.08229706,0.03984621,0.07730192,0.9962111,-0.9886924,0.14729792,0.02811575
1356513460455,-0.1449402,-0.98028916,0.13425854,0.050464332,0.12819082,0.99046475,-0.9881526,0.15033346,0.03088963
1356513460473,-0.13759136,-0.97764933,0.15896714,0.056495696,0.15248609,0.98668957,-0.9888766,0.14474091,0.034252167
1356513460512,-0.12740678,-0.97826177,0.16361958,0.059958875,0.15706587,0.9857663,-0.99003655,0.13540375,0.038644254
1356513460552,-0.11625028,-0.98205733,0.14848986,0.061374992,0.14211494,0.9879456,-0.9913219,0.12396246,0.04375285
1356513460592,-0.103637695,-0.9886674,0.108608395,0.061030447,0.10266942,0.9928414,-0.99274087,0.10952431,0.049698412
1356513460632,-0.08923662,-0.9952798,0.03814271,0.061326623,0.032732427,0.9975808,-0.9941206,0.09135991,0.058116257
1356513460672,-0.076708555,-0.9952196,-0.06044659,0.067884,-0.06569755,0.99552774,-0.9947399,0.07226214,0.07259908
1356513460712,-0.07604879,-0.9830892,-0.16658944,0.085698694,-0.17289943,0.98120415,-0.99341446,0.060342938,0.09739825
1356513460752,-0.0968495,-0.9631299,-0.25100034,0.11265829,-0.2611733,0.9586953,-0.9889026,0.06457183,0.13379896
1356513460792,-0.13699847,-0.9434329,-0.3019366,0.14111897,-0.3202899,0.93674964,-0.9804677,0.085724294,0.17701551
1356513460832,-0.18296862,-0.9257203,-0.33100528,0.1634317,-0.36064476,0.9182731,-0.9694393,0.113918394,0.21727866
1356513460872,-0.22083873,-0.9085588,-0.35461393,0.17395836,-0.39445406,0.90229946,-0.95967114,0.13757461,0.24516216
1356513460912,-0.24260497,-0.8915754,-0.38240847,0.16971189,-0.4271106,0.88812983,-0.95516527,0.15056542,0.25493008
1356513460952,-0.24601823,-0.87558174,-0.4157302,0.1513778,-0.4583584,0.87578094,-0.95737123,0.15252578,0.24530822
1356513460992,-0.23287064,-0.8620291,-0.4501968,0.12368336,-0.48541647,0.86549014,-0.96461064,0.14586538,0.21965793
1356513461032,-0.20707488,-0.8526498,-0.4796961,0.093412906,-0.5053157,0.8578637,-0.9738553,0.13283217,0.18428662
1356513461072,-0.17276269,-0.84866345,-0.4999234,0.06570873,-0.51635504,0.85385,-0.9827693,0.11466405,0.14497143
1356513461112,-0.13434005,-0.85143757,-0.50695854,0.043005705,-0.51612353,0.85543394,-0.99000174,0.09311688,0.10595262
1356513461152,-0.09686172,-0.8626013,-0.4965248,0.025113672,-0.50082994,0.8651813,-0.99498093,0.07133338,0.07017434
1356513461192,-0.06611526,-0.8839499,-0.4628839,0.010309309,-0.46447933,0.88552403,-0.9977588,0.053774565,0.039821982
1356513461232,-0.048906267,-0.9161898,-0.3977492,-0.0027832687,-0.39809918,0.91733813,-0.99879944,0.04597065,0.016919553
1356513461272,-0.052019715,-0.95500433,-0.291994,-0.012035221,-0.2917691,0.956413,-0.99857354,0.053266585,0.0036841035
1356513461313,-0.076752305,-0.98611915,-0.14723498,-0.0099901855,-0.14690256,0.9891006,-0.99700016,0.07738665,0.0014235973
1356513461352,-0.112495065,-0.993603,0.00989756,0.009304851,0.0089069605,0.99991703,-0.9936087,0.112577796,0.008243322
1356513461392,-0.14221984,-0.97967803,0.14143702,0.03920138,0.13720268,0.98976696,-0.9890585,0.14630902,0.018891811
1356513461455,-0.15624857,-0.96062195,0.22976473,0.06590557,0.22196376,0.97282505,-0.98551655,0.16714528,0.028628826
1356513461472,-0.15572995,-0.94711614,0.28056967,0.08296704,0.27049,0.95914114,-0.9843093,0.17264494,0.03645599
1356513461512,-0.14630005,-0.9410844,0.30488753,0.09193686,0.2939351,0.9513936,-0.98495877,0.16721943,0.04351771
1356513461552,-0.13273957,-0.94186646,0.30865446,0.09548217,0.29781023,0.9498379,-0.98654103,0.15555218,0.050400317
1356513461592,-0.11719498,-0.9496636,0.2905244,0.09490949,0.28049114,0.9551528,-0.9885634,0.1395126,0.057259917
1356513461632,-0.099989176,-0.9648672,0.2429682,0.0917837,0.23420644,0.9678446,-0.99074614,0.11907449,0.06514096
1356513461673,-0.08189404,-0.98448735,0.15517089,0.090357244,0.14771855,0.9848933,-0.99253654,0.09467772,0.07685828
1356513461712,-0.06845546,-0.9973434,0.024896413,0.098707885,0.018061638,0.9949525,-0.9927591,0.07056743,0.097209215
1356513461753,-0.07248753,-0.99001265,-0.120915055,0.12274003,-0.12916726,0.9839973,-0.98978806,0.056486428,0.13087726
1356513461797,-0.10395628,-0.9661114,-0.23626646,0.1565162,-0.25048476,0.95538485,-0.9821893,0.06233874,0.17725158
1356513461831,-0.15412825,-0.9376348,-0.31158537,0.18499589,-0.3371622,0.92309165,-0.97057766,0.084632516,0.22542474
1356513461871,-0.20680732,-0.91061914,-0.3577757,0.20013192,-0.39732218,0.8955904,-0.95769405,0.113612324,0.26441318
1356513461911,-0.24880487,-0.88180524,-0.4006441,0.19646007,-0.4510002,0.8706333,-0.9484196,0.1379072,0.2854505
1356513461951,-0.2732867,-0.84871185,-0.45277226,0.1733754,-0.5064406,0.84466505,-0.9461794,0.15233609,0.28554913
1356513461991,-0.2779594,-0.80998826,-0.5163891,0.13529608,-0.5652261,0.81376565,-0.9510172,0.15632841,0.26669806
1356513462031,-0.26378745,-0.7667488,-0.5852456,0.09147173,-0.623886,0.7761437,-0.9602338,0.15120357,0.23470919
1356513462071,-0.23437858,-0.72304356,-0.6498267,0.051648498,-0.67676336,0.7343867,-0.97077245,0.1385619,0.19596288
1356513462111,-0.19503784,-0.6853051,-0.70165306,0.022000074,-0.71826845,0.6954181,-0.9805489,0.12019643,0.15516636
1356513462151,-0.15149796,-0.6608467,-0.7350714,0.0039337873,-0.7440522,0.6681099,-0.9884497,0.09832567,0.11532202
1356513462191,-0.10946649,-0.6585566,-0.7445269,-0.0045947134,-0.748685,0.66291,-0.9939799,0.07598731,0.07892999
1356513462232,-0.07501137,-0.6896479,-0.7202493,-0.008234084,-0.7218312,0.6920202,-0.99714863,0.05783999,0.04846692
1356513462272,-0.055814743,-0.7668539,-0.63939023,-0.011994749,-0.6398273,0.76842517,-0.9983691,0.050558746,0.026513517
1356513462312,-0.060695767,-0.8857177,-0.46023923,-0.014072657,-0.46028417,0.88766,-0.99805707,0.060354024,0.015472949
1356513462352,-0.089609325,-0.9813924,-0.16982105,5.968511E-4,-0.17055988,0.98534715,-0.9959768,0.088194996,0.015869528
1356513462392,-0.122507036,-0.98440015,0.12628636,0.03961289,0.12229353,0.99170315,-0.9916767,0.12649325,0.024013162
1356513462456,-0.14234972,-0.9353932,0.32369137,0.08369705,0.31447542,0.9455687,-0.9862715,0.16169336,0.033524156
1356513462472,-0.14842707,-0.8916049,0.42779675,0.11416075,0.41424817,0.90297604,-0.98231196,0.18286368,0.040300608
1356513462512,-0.14527515,-0.86796916,0.47489414,0.12819836,0.4594263,0.87891555,-0.9810505,0.18856525,0.04452902
1356513462553,-0.13719136,-0.8625688,0.4869843,0.13059169,0.47159123,0.8720938,-0.98189837,0.18323982,0.047946036
1356513462592,-0.12688902,-0.8747589,0.4676494,0.124916375,0.4536145,0.88240004,-0.9840198,0.17038396,0.05171305
1356513462632,-0.11561701,-0.9075156,0.40379223,0.11227542,0.39197305,0.9130999,-0.986928,0.15090588,0.056572914
1356513462672,-0.10387993,-0.95935845,0.26237455,0.09390196,0.25316316,0.9628556,-0.99014723,0.12465882,0.06378704
1356513462712,-0.0932551,-0.9956418,-9.248853E-4,0.07554948,-0.00800246,0.9971099,-0.99277174,0.09291574,0.07596648
1356513462752,-0.09159827,-0.934288,-0.34455132,0.06978345,-0.35117787,0.9337047,-0.9933479,0.061481714,0.09736508
1356513462792,-0.11303401,-0.79211533,-0.5998139,0.07870376,-0.60892403,0.7893145,-0.99046916,0.042011738,0.13117148
1356513462832,-0.15929002,-0.67409265,-0.7212668,0.08536118,-0.7372634,0.67019117,-0.9835345,0.04518658,0.17498004
1356513462872,-0.21743107,-0.59762025,-0.7717342,0.07756767,-0.79872876,0.5966704,-0.97298867,0.069873065,0.22002453
1356513462912,-0.27055705,-0.5364247,-0.7994044,0.055041134,-0.83763504,0.54345,-0.9611292,0.10303411,0.2561535
1356513462952,-0.30485088,-0.4707433,-0.8279292,0.021057665,-0.8724272,0.4882903,-0.95216733,0.13142145,0.2758729
1356513462992,-0.31276602,-0.39345342,-0.8645067,-0.020090774,-0.9072257,0.4201642,-0.94961774,0.14878169,0.2758445
1356513463032,-0.2940411,-0.30748641,-0.9049818,-0.06093341,-0.9388823,0.33880287,-0.95384854,0.15476558,0.25733364
1356513463072,-0.25526428,-0.22238821,-0.9409483,-0.09206856,-0.9631757,0.25261825,-0.96247786,0.15111616,0.22538933
1356513463112,-0.20701557,-0.1498682,-0.9667907,-0.10680812,-0.97882855,0.17460473,-0.97248995,0.139407,0.18662554
1356513463152,-0.15817499,-0.09725033,-0.9826103,-0.10456854,-0.98789215,0.11460591,-0.98185843,0.120877914,0.14609051
1356513463192,-0.113567054,-0.067217536,-0.9912539,-0.08946549,-0.9929636,0.07758345,-0.989494,0.09749395,0.1067543
1356513463232,-0.07524037,-0.06080171,-0.99531,-0.06805355,-0.995499,0.06595776,-0.99484044,0.072697066,0.070763946
1356513463272,-0.044336736,-0.079246536,-0.9958686,-0.048284143,-0.9955139,0.08136796,-0.99784917,0.051692255,0.040311426
1356513463312,-0.023350656,-0.12768933,-0.9915393,-0.03922628,-0.99092895,0.1285345,-0.99895746,0.041895755,0.018130064
1356513463352,-0.017720401,-0.21678393,-0.9760587,-0.04765661,-0.9749194,0.21739607,-0.9987066,0.050367996,0.0069447756
1356513463392,-0.03525597,-0.35917696,-0.93260336,-0.07029402,-0.929981,0.36082438,-0.9969032,0.07827765,0.007539328
1356513463455,-0.07846391,-0.5463356,-0.8338831,-0.08893867,-0.82929033,0.55169517,-0.9929418,0.11745261,0.016478948
1356513463473,-0.13012797,-0.72113,-0.68046916,-0.08430311,-0.67577213,0.7322738,-0.9879067,0.15265498,0.02714336
1356513463512,-0.16337627,-0.8289342,-0.5349544,-0.06273514,-0.53241354,0.8441565,-0.98456717,0.17147556,0.034980446
1356513463552,-0.17114079,-0.8767216,-0.44952208,-0.04233423,-0.44928837,0.8923832,-0.9843367,0.17175332,0.039776236
1356513463592,-0.16263056,-0.89073557,-0.42443067,-0.028936744,-0.4256667,0.9044173,-0.9862626,0.15936756,0.0434514
1356513463632,-0.14691687,-0.8838972,-0.44400585,-0.020407677,-0.44607252,0.8947642,-0.98893833,0.14051715,0.047497302
1356513463672,-0.12857658,-0.85852,-0.4963985,-0.013450444,-0.49899757,0.86649895,-0.9916083,0.118088275,0.052611977
1356513463712,-0.109922886,-0.8139068,-0.5705022,-0.0041414797,-0.5736005,0.81912476,-0.9939315,0.09240323,0.059681013
1356513463753,-0.09490913,-0.7535187,-0.65053964,0.0118404925,-0.65429777,0.7561443,-0.99541557,0.06406227,0.07102086
1356513463792,-0.091962814,-0.6900457,-0.71789956,0.03520769,-0.7227571,0.69020474,-0.99513984,0.038197577,0.09076168
1356513463832,-0.111308515,-0.6412765,-0.75919366,0.06008634,-0.766886,0.6389645,-0.9919678,0.025504947,0.12389285
1356513463891,-0.1568585,-0.61417854,-0.77342117,0.077667564,-0.78836113,0.61029065,-0.9845625,0.03565955,0.17136276
1356513463911,-0.22015542,-0.6013711,-0.76803935,0.08512652,-0.7961979,0.5990179,-0.97174335,0.06649649,0.22647986
1356513463951,-0.2831437,-0.59040976,-0.7558081,0.08443537,-0.80034286,0.59356713,-0.9553535,0.10424785,0.2764635
1356513463988,-0.32892585,-0.57477874,-0.74929106,0.07599862,-0.80697936,0.58566916,-0.94129264,0.13569666,0.30911884
1356513464018,-0.35491604,-0.55920684,-0.74921435,0.06367847,-0.8139847,0.5773853,-0.9327269,0.15721452,0.3245058
1356513464059,-0.35199755,-0.5359385,-0.76737696,0.040601596,-0.8278174,0.55952626,-0.9351198,0.16579519,0.3131498
1356513464101,-0.3249712,-0.5150507,-0.7931686,0.015185013,-0.84142303,0.5401636,-0.945602,0.16349334,0.2812593
1356513464141,-0.28250462,-0.500266,-0.8184894,-0.005894065,-0.8523242,0.52298045,-0.95924777,0.15256868,0.23783705
1356513464181,-0.23253584,-0.4942965,-0.8376144,-0.018850744,-0.8587701,0.51201415,-0.9724051,0.1348513,0.19037703
1356513464221,-0.18147695,-0.49981737,-0.8469054,-0.02367717,-0.85873514,0.5118725,-0.98311013,0.11294536,0.14400631
1356513464261,-0.1343543,-0.5192187,-0.84401464,-0.023319006,-0.8498445,0.52651715,-0.9906589,0.0904215,0.10207271
1356513464301,-0.09551191,-0.55506414,-0.82630575,-0.02203852,-0.8287181,0.55923206,-0.9951843,0.07162392,0.06691972
1356513464341,-0.06980139,-0.61035514,-0.7890464,-0.024231046,-0.7897049,0.613008,-0.99726653,0.061908245,0.040333003
1356513464381,-0.06317085,-0.6871567,-0.7237576,-0.0320462,-0.7234354,0.68964785,-0.997488,0.06675935,0.023679316
1356513464456,-0.08727884,-0.786868,-0.6109183,-0.04268357,-0.6097415,0.79145026,-0.99526906,0.095153004,0.019631118
1356513464461,-0.12229681,-0.8782972,-0.46220937,-0.040219545,-0.4609369,0.8865211,-0.99167836,0.12700859,0.0210464
1356513464488,-0.15720725,-0.9349401,-0.31807694,-0.0263291,-0.31799948,0.94772524,-0.98721457,0.15736395,0.025375694
1356513464532,-0.18592697,-0.9626292,-0.19691667,-0.0050130785,-0.19947916,0.9798893,-0.98255074,0.183175,0.032262802
1356513464571,-0.20122886,-0.9726038,-0.11639917,0.015123099,-0.1219005,0.9924271,-0.9794276,0.19794461,0.03923863
1356513464611,-0.20544505,-0.9755323,-0.07828888,0.02938509,-0.08610809,0.99585235,-0.9782274,0.20229241,0.04635656
1356513464651,-0.20309204,-0.97590077,-0.0798206,0.03650865,-0.08901006,0.99536145,-0.9784788,0.19923583,0.05370605
1356513464691,-0.19617307,-0.9729441,-0.12204859,0.036144555,-0.13155735,0.9906494,-0.97990286,0.1899274,0.060974598
1356513464731,-0.18440008,-0.9604869,-0.20847422,0.0295479,-0.21743333,0.9756279,-0.98240703,0.1737459,0.0684751
1356513464771,-0.16774338,-0.92662877,-0.3364837,0.021718144,-0.34471065,0.9384577,-0.9855914,0.15011227,0.07794762
1356513464811,-0.15084976,-0.86117136,-0.48541567,0.02137515,-0.49376142,0.86933476,-0.9883256,0.12076306,0.092891395
1356513464851,-0.14609635,-0.7715937,-0.6191114,0.033635348,-0.62933874,0.7764028,-0.98869836,0.09260565,0.11789702
1356513464891,-0.16561294,-0.68115044,-0.7131664,0.05117941,-0.7281143,0.6835424,-0.9848619,0.076704055,0.1554461
1356513464932,-0.20815015,-0.6027141,-0.7703306,0.05972296,-0.7939434,0.60505134,-0.9762718,0.07993513,0.20125529
1356513464972,-0.25833142,-0.5318869,-0.8064498,0.051183328,-0.8411486,0.53837657,-0.9646995,0.09780282,0.24451885
1356513465013,-0.2978618,-0.4615491,-0.83561397,0.027477846,-0.8791295,0.47579008,-0.9542134,0.11875884,0.2745415
