1356513561844,0.01918459,0.47754496,0.8783979,-0.23674756,-0.8514041,0.46804032,0.97138184,-0.21693769,0.096723765
1356513561868,-0.20501578,-0.56008327,0.8026676,-0.1199543,-0.7995269,-0.5885302,0.97138023,-0.2169414,0.096731156
1356513561898,-0.2050606,-0.56005824,0.8026736,-0.11994821,-0.7995392,-0.5885146,0.97137153,-0.21696042,0.09677601
1356513561940,-0.20527601,-0.55994856,0.8026951,-0.11987005,-0.79960185,-0.58844554,0.9713357,-0.21701284,0.09701796
1356513561981,-0.20574766,-0.5598492,0.8026436,-0.119607076,-0.7996561,-0.5884252,0.97126824,-0.21706901,0.09756543
1356513562023,-0.20649898,-0.559948,0.8023816,-0.11912674,-0.79956776,-0.5886426,0.97116774,-0.21713921,0.09840521
1356513562062,-0.2073254,-0.560671,0.80166334,-0.11857125,-0.7990253,-0.5894908,0.97105974,-0.21727067,0.099178836
1356513562101,-0.20796579,-0.56247747,0.8002308,-0.11802575,-0.7977102,-0.59137845,0.9709893,-0.21743429,0.09950955
1356513562142,-0.20839792,-0.5652813,0.79814005,-0.1174148,-0.7956956,-0.5942074,0.97097075,-0.21754497,0.099448815
1356513562181,-0.20895684,-0.568982,0.7953593,-0.116450995,-0.7930491,-0.59792334,0.97096664,-0.21756054,0.09945451
1356513562220,-0.2092781,-0.56878173,0.79541814,-0.11624828,-0.79319096,-0.59777457,0.97092175,-0.21756715,0.099877596
1356513562261,-0.21127373,-0.57713246,0.7888483,-0.11360021,-0.787098,-0.606277,0.970803,-0.21770371,0.10073076
1356513562303,-0.2132085,-0.5834977,0.78362787,-0.11149253,-0.78229946,-0.61284333,0.9706243,-0.21803206,0.10173726
1356513562342,-0.21493512,-0.58852744,0.77938324,-0.109896645,-0.7783913,-0.6180854,0.9704254,-0.21849991,0.10262655
1356513562380,-0.21629661,-0.592594,0.7759176,-0.10876311,-0.77515894,-0.62233365,0.97025067,-0.21899989,0.10321188
1356513562423,-0.21719164,-0.5958049,0.77320397,-0.108235285,-0.7725286,-0.6256876,0.9701098,-0.21958204,0.1032995
1356513562461,-0.21775758,-0.59805685,0.77130383,-0.108480886,-0.7705404,-0.62809175,0.9699554,-0.2204435,0.10291335
1356513562503,-0.21858168,-0.5989588,0.77037036,-0.10946049,-0.7694283,-0.62928414,0.96966004,-0.22187506,0.10262054
1356513562541,-0.2204541,-0.5980257,0.7705617,-0.111030936,-0.76947707,-0.62894934,0.9690573,-0.22421063,0.10323496
1356513562583,-0.22382009,-0.5950413,0.77190053,-0.11313753,-0.7707763,-0.62697995,0.96804154,-0.22766161,0.10519372
1356513562623,-0.22845995,-0.59023464,0.77422804,-0.11548065,-0.77321595,-0.6235392,0.96668,-0.2318621,0.10848828
1356513562662,-0.23350155,-0.58426654,0.7772449,-0.11709741,-0.77662766,-0.6189812,0.9652798,-0.23554642,0.112927675
1356513562703,-0.23782772,-0.57801336,0.78060144,-0.11679502,-0.78081125,-0.61375296,0.9642598,-0.23713784,0.11818947
1356513562743,-0.2405721,-0.57226133,0.78399116,-0.11419603,-0.7854159,-0.608343,0.96389025,-0.23587903,0.12359917
1356513562784,-0.2413634,-0.56752837,0.78718185,-0.1103407,-0.78985405,-0.6032873,0.96414137,-0.23246968,0.12802038
1356513562823,-0.24038887,-0.56395686,0.79004174,-0.107452944,-0.7934453,-0.59908146,0.9647109,-0.2289048,0.13013652
1356513562884,-0.23834145,-0.5612839,0.7925615,-0.1079316,-0.795716,-0.5959754,0.9651653,-0.22758809,0.1290719
1356513562903,-0.2360462,-0.5589989,0.79486006,-0.11305182,-0.79662275,-0.59381104,0.96514326,-0.23002723,0.124843925
1356513562943,-0.23400497,-0.5565519,0.7971773,-0.12262797,-0.79649866,-0.5920745,0.96447086,-0.23630463,0.11813581
1356513562983,-0.23242033,-0.5533619,0.7998572,-0.13591424,-0.7958301,-0.5900694,0.96307224,-0.24585608,0.109757274
1356513563023,-0.23154652,-0.54870397,0.803312,-0.15231402,-0.7951209,-0.58701205,0.960826,-0.25827634,0.10053222
1356513563063,-0.23158193,-0.54190826,0.8079018,-0.17096968,-0.7948799,-0.5821815,0.95767385,-0.2729494,0.09142995
1356513563103,-0.23218703,-0.53282434,0.81374896,-0.19054584,-0.79548573,-0.5752345,0.95382464,-0.2886185,0.083174005
1356513563143,-0.23239374,-0.5220199,0.8206634,-0.2096885,-0.7970315,-0.566367,0.9497494,-0.30370378,0.07576357
1356513563183,-0.23109907,-0.51041156,0.8282954,-0.22747792,-0.79939824,-0.5560722,0.94596356,-0.31692666,0.06863284
1356513563223,-0.22805941,-0.49854013,0.8363293,-0.24402234,-0.80228364,-0.544788,0.94257206,-0.32832703,0.06131342
1356513563263,-0.22459078,-0.4860001,0.84460807,-0.26075807,-0.8051679,-0.53264415,0.93891644,-0.33986533,0.054104835
1356513563302,-0.22315437,-0.47156468,0.85312885,-0.27955565,-0.8074754,-0.5194537,0.9338365,-0.35441536,0.048363075
1356513563343,-0.2260772,-0.45395097,0.8618687,-0.30128047,-0.8088088,-0.5050331,0.9263472,-0.37384063,0.04608667
1356513563383,-0.23429626,-0.43270797,0.8705568,-0.3250367,-0.8090818,-0.48963034,0.9162186,-0.39768147,0.0489188
1356513563423,-0.24643993,-0.408979,0.8786373,-0.34760654,-0.8089779,-0.47405118,0.9046751,-0.4222452,0.057200626
1356513563463,-0.25880635,-0.38590717,0.8854914,-0.36367983,-0.8103362,-0.45944795,0.8948499,-0.4409434,0.069373414
1356513563503,-0.26713002,-0.3677623,0.8907258,-0.36848065,-0.81509197,-0.44704252,0.89042884,-0.44763368,0.08222225
1356513563543,-0.26942778,-0.35702565,0.89439446,-0.36192104,-0.8231167,-0.43759814,0.89242476,-0.4416012,0.09255536
1356513563582,-0.26666594,-0.3547662,0.89611953,-0.34731436,-0.83194464,-0.43271324,0.89903396,-0.4266251,0.09863597
1356513563623,-0.26119006,-0.3602382,0.8955491,-0.32916737,-0.83890665,-0.43345636,0.90742964,-0.40800005,0.10053542
1356513563663,-0.25543964,-0.37231016,0.8922643,-0.30947506,-0.84283775,-0.4402835,0.9159562,-0.38859943,0.10007353
1356513563702,-0.25169992,-0.38921225,0.8860931,-0.28785908,-0.8440254,-0.45250225,0.9240045,-0.36896473,0.10040285
1356513563743,-0.25228786,-0.40837637,0.8772569,-0.2636079,-0.8432891,-0.46837416,0.9310541,-0.34941694,0.10510044
1356513563783,-0.26029485,-0.42544755,0.8667416,-0.23775694,-0.84180045,-0.48460674,0.9357982,-0.33221447,0.11796315
1356513563823,-0.28038996,-0.4333707,0.8564877,-0.21470249,-0.8413583,-0.49600297,0.93556625,-0.3229643,0.14286272
1356513563884,-0.31748748,-0.42163527,0.8493676,-0.20244479,-0.84492105,-0.49510038,0.9264004,-0.32913828,0.18289407
1356513563903,-0.37025398,-0.38172537,0.8468752,-0.20952106,-0.8538573,-0.47647515,0.9049933,-0.35385504,0.23616461
1356513563943,-0.42712963,-0.3149884,0.8475509,-0.23845,-0.86493635,-0.44161826,0.8721822,-0.39072675,0.29433095
1356513563982,-0.4716981,-0.23726436,0.8492388,-0.28005466,-0.8729369,-0.3994378,0.8361042,-0.4262473,0.3453157
1356513564023,-0.4943831,-0.17008823,0.8524408,-0.31863716,-0.8769449,-0.35977492,0.8087371,-0.449486,0.3793503
1356513564062,-0.49534285,-0.12889633,0.8590816,-0.34228498,-0.8799677,-0.32939014,0.79842126,-0.45721176,0.39176643
1356513564102,-0.4791746,-0.119392395,0.86956143,-0.34684232,-0.884316,-0.31254685,0.8062829,-0.45136523,0.38233152
1356513564143,-0.4507414,-0.13857517,0.8818328,-0.33487853,-0.8894765,-0.3109467,0.82745904,-0.43546343,0.35451812
1356513564182,-0.4142335,-0.1775274,0.89268947,-0.31290296,-0.8932362,-0.3228321,0.85469425,-0.4130531,0.31445968
1356513564223,-0.37358397,-0.22534902,0.89980704,-0.28848833,-0.8937089,-0.34359702,0.88159484,-0.38794616,0.26886475
1356513564263,-0.33297276,-0.27171108,0.90294087,-0.26829496,-0.8907039,-0.3669665,0.9039618,-0.36444432,0.22368142
1356513564303,-0.29624355,-0.30942482,0.90360177,-0.25586486,-0.8857791,-0.38720635,0.92020273,-0.3459073,0.18323532
1356513564343,-0.26619035,-0.3351162,0.9037919,-0.2518543,-0.88087046,-0.4007949,0.9304365,-0.33431163,0.15007883
1356513564382,-0.2448802,-0.34682253,0.9053993,-0.25774541,-0.87694293,-0.4056335,0.9346663,-0.3326941,0.12535396
1356513564423,-0.23382157,-0.3427237,0.9098726,-0.27636948,-0.8737839,-0.40015227,0.93217355,-0.34502518,0.10959102
1356513564463,-0.23267579,-0.32322156,0.917273,-0.30794096,-0.87014747,-0.3847282,0.9225152,-0.37198287,0.102929085
1356513564502,-0.23765945,-0.29386094,0.9258314,-0.34623244,-0.86490643,-0.36340055,0.9075467,-0.40691844,0.103809
1356513564543,-0.24315578,-0.26363996,0.93347156,-0.3810821,-0.8590094,-0.341876,0.89199305,-0.43885848,0.108404696
1356513564583,-0.24462736,-0.24067326,0.93927306,-0.4039163,-0.8553577,-0.3243686,0.88148123,-0.45873708,0.11203197
1356513564622,-0.24081773,-0.22882187,0.9432113,-0.41274476,-0.85541433,-0.31290308,0.8784354,-0.46465805,0.11155379
1356513564663,-0.23302227,-0.22870755,0.94519496,-0.4104197,-0.85802114,-0.30879653,0.88162136,-0.4598831,0.10607201
1356513564703,-0.22363359,-0.23976725,0.94472194,-0.40002018,-0.8612984,-0.31328702,0.8888036,-0.44796938,0.09670365
1356513564742,-0.21499848,-0.26147202,0.9409612,-0.3823599,-0.8640422,-0.3274627,0.8986526,-0.43018982,0.085791424
1356513564782,-0.2091502,-0.29322708,0.9328848,-0.3566234,-0.8654104,-0.35197234,0.91053605,-0.40630364,0.07642917
1356513564823,-0.2080971,-0.33328477,0.9195743,-0.32173076,-0.864516,-0.38613656,0.9236801,-0.37620923,0.07267532
1356513564882,-0.21491951,-0.37528077,0.90165055,-0.27836588,-0.86139005,-0.4248757,0.9361206,-0.3423029,0.08066428
1356513564903,-0.23449254,-0.40375808,0.8843034,-0.23295853,-0.85982126,-0.45435402,0.94379205,-0.31254867,0.107562855
1356513564943,-0.2703812,-0.39307106,0.87885666,-0.20025559,-0.8699301,-0.45068747,0.94169617,-0.2978534,0.15649816
1356513564982,-0.31485134,-0.33018482,0.8898577,-0.19703352,-0.8943789,-0.40157723,0.9284646,-0.3017689,0.21653885
1356513565022,-0.34933674,-0.23867147,0.9060903,-0.22238158,-0.9182667,-0.32761645,0.91022533,-0.31594628,0.26770824
1356513565062,-0.36400348,-0.16553001,0.91657037,-0.25297797,-0.9295153,-0.2683346,0.8963836,-0.32954684,0.29647136
1356513565103,-0.3640836,-0.14012574,0.9207648,-0.26877242,-0.93075025,-0.24792184,0.89174235,-0.33774048,0.30120903
1356513565142,-0.35696334,-0.16360378,0.9196798,-0.26683187,-0.92566204,-0.26823577,0.8951971,-0.34115025,0.2867728
1356513565182,-0.34474248,-0.21625556,0.9134474,-0.2564115,-0.91439915,-0.3132527,0.9029982,-0.34220994,0.2597819
1356513565223,-0.32661927,-0.27329618,0.9047813,-0.24806786,-0.8989344,-0.36108074,0.912021,-0.34238306,0.22581324
1356513565262,-0.30241656,-0.31578854,0.89934516,-0.24710776,-0.8852926,-0.39394748,0.9205878,-0.34137142,0.18969342
1356513565302,-0.27372164,-0.3354888,0.9014009,-0.2529245,-0.8791012,-0.40399283,0.9279578,-0.33856797,0.1557757
1356513565343,-0.24331087,-0.32819593,0.91273624,-0.2649879,-0.8827253,-0.3880434,0.9330495,-0.33627915,0.12780857
1356513565382,-0.21433055,-0.29042286,0.9325862,-0.28612155,-0.8942246,-0.34423393,0.9339148,-0.34061283,0.10856334
1356513565422,-0.18917024,-0.22621138,0.9555328,-0.31939128,-0.90601385,-0.27771935,0.9285493,-0.3577251,0.09914091
1356513565464,-0.16824698,-0.15033466,0.9742138,-0.36319596,-0.90931934,-0.20304456,0.9163961,-0.3879921,0.09838924
1356513565503,-0.1501295,-0.081161276,0.9853294,-0.40783387,-0.90279496,-0.13650244,0.90062904,-0.42234373,0.10243577
1356513565542,-0.13381207,-0.028101355,0.9906082,-0.44218948,-0.89287907,-0.08506027,0.88688374,-0.44941863,0.10705194
1356513565584,-0.11896336,0.007943258,0.99286693,-0.46051586,-0.88634807,-0.048087016,0.8796436,-0.46295154,0.10910088
1356513565622,-0.1062752,0.028617442,0.9939248,-0.46449247,-0.88524693,-0.024177432,0.87917703,-0.46424007,0.10737243
1356513565662,-0.096736014,0.035259277,0.99468535,-0.45812458,-0.8887922,-0.013048321,0.8836085,-0.45695207,0.10213137
1356513565702,-0.09132755,0.0287226,0.9954066,-0.44357896,-0.89611244,-0.014840454,0.89157,-0.44289678,0.0945805
1356513565742,-0.09105384,0.010139629,0.9957944,-0.42091262,-0.9066293,-0.029255882,0.9025197,-0.42180628,0.08681998
1356513565782,-0.09719229,-0.017928407,0.99510413,-0.38958383,-0.9193703,-0.054614753,0.9158483,-0.3929846,0.082371086
1356513565841,-0.111662984,-0.04834789,0.99256927,-0.3517289,-0.9322368,-0.08497819,0.92941815,-0.35860422,0.087091
1356513565906,-0.13628727,-0.0633166,0.98864394,-0.31596684,-0.94305813,-0.10395399,0.9389307,-0.32654628,0.108520806
1356513565907,-0.16921765,-0.036546886,0.98490083,-0.297964,-0.95065254,-0.086469814,0.9394587,-0.30809724,0.14997765
1356513565943,-0.20019776,0.03984444,0.978945,-0.30935764,-0.9506282,-0.024572864,0.9296336,-0.30776358,0.20263982
1356513565968,-0.21799904,0.13082491,0.9671408,-0.3371449,-0.94006133,0.051167518,0.91586554,-0.31491214,0.24903935
1356513566009,-0.22420818,0.1948309,0.9548673,-0.36764067,-0.9243268,0.10227533,0.90253586,-0.32811707,0.27886945
1356513566051,-0.22861183,0.20290744,0.9521372,-0.38162822,-0.91843575,0.10409504,0.8955985,-0.33956507,0.28740042
1356513566091,-0.23850513,0.15042669,0.95942014,-0.37407553,-0.9259289,0.05218306,0.89620465,-0.34644967,0.2771098
1356513566131,-0.251724,0.05241202,0.9663788,-0.35104126,-0.9354748,-0.040703908,0.9018897,-0.34948498,0.25388032
1356513566171,-0.25956035,-0.058061317,0.96398,-0.3247218,-0.93482345,-0.14373946,0.9094967,-0.35033438,0.22378924
1356513566211,-0.25590158,-0.14811176,0.9552891,-0.3058232,-0.9250362,-0.22534473,0.9170532,-0.34981567,0.1914222
1356513566251,-0.24119353,-0.20322895,0.94895935,-0.2979691,-0.9150894,-0.27170908,0.92360175,-0.34829497,0.16015765
1356513566291,-0.21960908,-0.2237244,0.949589,-0.30079558,-0.9104032,-0.2840564,0.9280592,-0.34801355,0.1326375
1356513566331,-0.19614214,-0.21346185,0.95705914,-0.3154762,-0.91038877,-0.267707,0.92844117,-0.35443807,0.11122346
1356513566371,-0.17539603,-0.1798254,0.9679355,-0.3438314,-0.9100786,-0.231381,0.92250544,-0.3733899,0.09779441
1356513566411,-0.15992826,-0.1344972,0.977923,-0.38343015,-0.90442085,-0.1870939,0.9096176,-0.40488678,0.093072236
1356513566451,-0.14980042,-0.08989698,0.9846209,-0.4248348,-0.893387,-0.14620169,0.8927907,-0.4402023,0.095638454
1356513566491,-0.14364213,-0.054732412,0.988115,-0.4557682,-0.88261956,-0.11514388,0.87843174,-0.46689087,0.10183606
1356513566531,-0.1402185,-0.03300187,0.9895705,-0.46982065,-0.8775442,-0.09583768,0.8715546,-0.47835883,0.10754291
1356513566571,-0.13903725,-0.026162863,0.9899415,-0.46882296,-0.8787896,-0.08907147,0.8722807,-0.47649157,0.109918796
1356513566613,-0.14020061,-0.035080746,0.9895015,-0.45742685,-0.8840335,-0.09615354,0.87812555,-0.46610528,0.107895106
1356513566653,-0.1442976,-0.060692385,0.9876713,-0.4382292,-0.89098114,-0.11877558,0.8872054,-0.44996545,0.10196933
1356513566692,-0.15238261,-0.103951335,0.9828396,-0.41088426,-0.89777577,-0.15865926,0.89886236,-0.42801023,0.09409344
1356513566732,-0.16617358,-0.16546196,0.9721156,-0.37333667,-0.90188104,-0.21732564,0.91269165,-0.39904016,0.08809572
1356513566773,-0.18834919,-0.24295183,0.95157707,-0.32428378,-0.8991901,-0.29376337,0.9270191,-0.36391112,0.09057653
1356513566811,-0.22215807,-0.3256684,0.9190135,-0.2666912,-0.8863256,-0.37855354,0.93782806,-0.32919154,0.11005148
1356513566882,-0.26942396,-0.39287284,0.8792393,-0.2101849,-0.8670002,-0.45181066,0.9398048,-0.30653143,0.15101472
1356513566892,-0.3272648,-0.4245016,0.8442134,-0.16984876,-0.8524336,-0.49447793,0.9295425,-0.3052138,0.20687038
1356513566930,-0.38263935,-0.44723013,0.80843824,-0.14269051,-0.8359242,-0.52997184,0.9128124,-0.31814456,0.256042
1356513566971,-0.4249727,-0.4862057,0.76354575,-0.118894875,-0.806216,-0.5795513,0.897364,-0.33707517,0.2848125
1356513567011,-0.4494626,-0.56104493,0.6951345,-0.083147034,-0.7485121,-0.6578877,0.8894211,-0.3534943,0.28977895
1356513567051,-0.45408893,-0.655558,0.6033632,-0.039057642,-0.6619106,-0.74856466,0.89009994,-0.36348087,0.27496162
1356513567091,-0.44227046,-0.7394422,0.507565,-0.0037072003,-0.56440985,-0.8254865,0.8968742,-0.36696988,0.24688047
1356513567131,-0.4223104,-0.79775333,0.4303993,0.01196602,-0.47968292,-0.87736034,0.9063723,-0.36536822,0.21212095
1356513567171,-0.4004274,-0.83375835,0.38013792,0.009645015,-0.418661,-0.9080913,0.91627765,-0.35995826,0.17568499
1356513567211,-0.3799613,-0.85351896,0.35655972,-0.005436331,-0.3834018,-0.9235656,0.92498636,-0.3528576,0.14103782
1356513567251,-0.36472636,-0.8580282,0.36161077,-0.030986875,-0.37696308,-0.9257097,0.930599,-0.34883592,0.11090079
1356513567293,-0.35914755,-0.84304464,0.40036085,-0.06783301,-0.40426785,-0.9121219,0.9308125,-0.354744,0.08800548
1356513567333,-0.3645833,-0.8017859,0.47351712,-0.117616594,-0.46479315,-0.8775726,0.9237128,-0.37564176,0.075152546
1356513567373,-0.375993,-0.7322042,0.56789625,-0.17905074,-0.5439072,-0.8198205,0.90915895,-0.40992907,0.07340366
1356513567413,-0.38472915,-0.6470892,0.6582242,-0.243048,-0.616927,-0.74855113,0.8904556,-0.44796947,0.08007607
1356513567453,-0.3861906,-0.5708811,0.7245355,-0.29479095,-0.6678969,-0.68338287,0.8740453,-0.47750247,0.08964479
1356513567492,-0.38220084,-0.5216082,0.76278925,-0.32491028,-0.6968976,-0.6393489,0.8650756,-0.4921978,0.096878976
1356513567532,-0.37691897,-0.50370455,0.7773118,-0.3339053,-0.70888823,-0.62127656,0.86396706,-0.49371955,0.09900391
1356513567573,-0.3736071,-0.51473075,0.77166706,-0.32608414,-0.70592844,-0.62875617,0.8683818,-0.48653615,0.09589428
1356513567613,-0.37349844,-0.5516358,0.7457861,-0.30346912,-0.6870681,-0.66018474,0.8765874,-0.472901,0.089214414
1356513567653,-0.37562358,-0.61165845,0.69626206,-0.26501635,-0.6490145,-0.7131245,0.8880728,-0.4523872,0.08168566
1356513567693,-0.37659538,-0.6896387,0.6185259,-0.20889252,-0.58726734,-0.7819724,0.9025186,-0.42369267,0.07710186
1356513567733,-0.37227952,-0.7733153,0.51321644,-0.13622233,-0.50144804,-0.8543964,0.9180693,-0.3879859,0.08133614
1356513567772,-0.36278915,-0.8434471,0.3962084,-0.053729564,-0.40553498,-0.91249907,0.930321,-0.35233286,0.10180569
1356513567812,-0.35628688,-0.88583505,0.2972471,0.028363347,-0.3282302,-0.9441718,0.93394595,-0.32796514,0.1420694
1356513567883,-0.36260587,-0.9006481,0.23947856,0.098157704,-0.29244703,-0.95123065,0.9267589,-0.32141516,0.19444862
1356513567891,-0.38162065,-0.89687824,0.22355074,0.14320108,-0.29630214,-0.9442978,0.91315883,-0.32835087,0.24150902
1356513567930,-0.40255088,-0.8848301,0.23458156,0.15866914,-0.31982857,-0.93409514,0.90154135,-0.33879995,0.2691425
1356513567971,-0.4156214,-0.8717151,0.25956044,0.14883453,-0.3467126,-0.92608786,0.8972776,-0.3462704,0.27384242
1356513568012,-0.41831446,-0.8589555,0.29531094,0.11972645,-0.374431,-0.91949284,0.9003769,-0.34928063,0.2594696
1356513568051,-0.41275394,-0.8436142,0.34343737,0.07638717,-0.40778673,-0.90987635,0.90763384,-0.34932086,0.23275682
1356513568091,-0.4005884,-0.82284117,0.40306494,0.024582803,-0.44939673,-0.8929939,0.91592824,-0.34781453,0.2002509
1356513568131,-0.38173485,-0.796721,0.4685234,-0.028955042,-0.49635363,-0.86763746,0.92381823,-0.3447736,0.16640636
1356513568172,-0.35764986,-0.76509297,0.5354618,-0.07973096,-0.5462772,-0.83380103,0.9304459,-0.34090173,0.13437438
1356513568212,-0.3328576,-0.7245045,0.60357195,-0.12799731,-0.5994331,-0.7901244,0.9342497,-0.34025455,0.10679132
1356513568252,-0.3127222,-0.6679459,0.67531705,-0.17842408,-0.6570106,-0.73246294,0.9329361,-0.3495502,0.08628413
1356513568292,-0.29963738,-0.590638,0.7492424,-0.2358167,-0.71510714,-0.65803665,0.92445004,-0.37385625,0.07499051
1356513568332,-0.29102337,-0.49850956,0.81657434,-0.2992191,-0.76327306,-0.57261,0.90872073,-0.4109775,0.07296665
1356513568372,-0.28240395,-0.40913755,0.8676719,-0.35900688,-0.7936858,-0.49109763,0.8895853,-0.4501881,0.07725683
1356513568412,-0.27198815,-0.33937985,0.9004686,-0.4029662,-0.8095826,-0.4268422,0.87386537,-0.47895443,0.08343826
1356513568452,-0.26139522,-0.29606006,0.9187062,-0.4260085,-0.8186944,-0.3850407,0.86613476,-0.49202442,0.087878644
1356513568492,-0.25340903,-0.27922958,0.92618287,-0.4309616,-0.82458496,-0.366513,0.86605775,-0.49202698,0.08862004
1356513568532,-0.2502011,-0.28810716,0.92433417,-0.42203975,-0.82676864,-0.37193558,0.8713678,-0.48316446,0.085265756
1356513568572,-0.25290215,-0.32264712,0.9121071,-0.40069476,-0.82316947,-0.40228808,0.88061583,-0.467216,0.078898326
1356513568612,-0.26158845,-0.3822179,0.8862736,-0.36580393,-0.81048185,-0.4575006,0.8931736,-0.44387922,0.07219581
1356513568652,-0.27535844,-0.4629652,0.84252053,-0.31554317,-0.7843195,-0.53411174,0.9080805,-0.4129238,0.06988348
1356513568692,-0.29335457,-0.55322075,0.779673,-0.2504655,-0.74259156,-0.621148,0.9226105,-0.37749782,0.0792799
1356513568732,-0.31715393,-0.6312549,0.7077645,-0.17661716,-0.69392276,-0.6980527,0.9317831,-0.34639353,0.10858986
1356513568772,-0.35061562,-0.6772547,0.6468344,-0.105855435,-0.65759367,-0.74589884,0.9305178,-0.3299947,0.15887162
1356513568812,-0.39181995,-0.69009113,0.60848284,-0.051582992,-0.64384675,-0.7634138,0.9185947,-0.3305081,0.21667504
1356513568883,-0.42906928,-0.6875311,0.58583313,-0.019521534,-0.6413584,-0.766993,0.9030606,-0.3405295,0.2617655
1356513568893,-0.45124412,-0.6876199,0.56882125,-0.0060120523,-0.63504887,-0.77244854,0.8923803,-0.35198268,0.28242803
1356513568930,-0.4566568,-0.69390595,0.5567396,-0.0072230995,-0.6228887,-0.7822771,0.88961357,-0.3612536,0.2794342
1356513568971,-0.44962013,-0.7012741,0.5532236,-0.021595776,-0.61064315,-0.7916114,0.89295876,-0.3678717,0.25941288
1356513569011,-0.43464768,-0.7051361,0.56023604,-0.046495616,-0.60367036,-0.79587704,0.8993996,-0.37197465,0.22959816
1356513569051,-0.4142928,-0.7043978,0.5763552,-0.07715735,-0.60379565,-0.7933963,0.90686727,-0.3731684,0.19579872
1356513569091,-0.38991868,-0.7000646,0.5982248,-0.10837644,-0.61024225,-0.7847668,0.9144495,-0.37082875,0.16207433
1356513569131,-0.36394894,-0.69169974,0.6237728,-0.13747525,-0.62247413,-0.7704716,0.9212175,-0.36616567,0.13145727
1356513569171,-0.34115922,-0.6754645,0.65372634,-0.16610643,-0.64118576,-0.7491926,0.925213,-0.3641821,0.106547445
1356513569211,-0.3272289,-0.64530647,0.6902904,-0.19919959,-0.66698474,-0.71794915,0.9237104,-0.37243927,0.089711815
1356513569252,-0.32477593,-0.59789103,0.7328349,-0.24079536,-0.6970338,-0.67539734,0.91462463,-0.39581603,0.082410365
1356513569292,-0.33020473,-0.5383054,0.7753659,-0.28902957,-0.7243212,-0.625956,0.8985694,-0.43079728,0.083588034
1356513569332,-0.3358904,-0.48041236,0.8101738,-0.334203,-0.7433953,-0.57937187,0.88061684,-0.46536797,0.08914414
1356513569372,-0.33661258,-0.43767652,0.83374536,-0.36516848,-0.755452,-0.54400766,0.8679539,-0.48757732,0.09446891
1356513569412,-0.33238304,-0.415271,0.8468007,-0.37801078,-0.76392156,-0.5230025,0.8640771,-0.49393702,0.0969377
1356513569452,-0.3260393,-0.41213667,0.8507889,-0.37586737,-0.7692609,-0.51668304,0.86742264,-0.4882428,0.09590055
1356513569492,-0.32011372,-0.42633992,0.8460269,-0.36256725,-0.7699016,-0.52516353,0.8752556,-0.47485363,0.091879025
1356513569532,-0.31589067,-0.45700052,0.8314828,-0.33909002,-0.7640994,-0.5487897,0.88613266,-0.45530504,0.08640748
1356513569573,-0.3133967,-0.5035346,0.80513066,-0.3039056,-0.7500719,-0.58739555,0.89967984,-0.4287715,0.08204307
1356513569613,-0.31241286,-0.56368226,0.76463103,-0.25513077,-0.7255583,-0.6391194,0.91504455,-0.39475003,0.082861036
1356513569653,-0.31446946,-0.6294114,0.7105985,-0.19407284,-0.6901358,-0.69717175,0.9292173,-0.35714704,0.09487489
1356513569693,-0.32516587,-0.6845741,0.65239966,-0.12818328,-0.6516158,-0.74764013,0.9369291,-0.3267338,0.124132305
1356513569733,-0.35207498,-0.7114662,0.6081604,-0.070660025,-0.62770534,-0.77523744,0.93330073,-0.31591427,0.17072716
1356513569773,-0.39502758,-0.7041606,0.5900095,-0.03589478,-0.6299225,-0.7758281,0.91796774,-0.32765174,0.22356099
1356513569812,-0.43879342,-0.67868423,0.5889381,-0.026408345,-0.6453811,-0.76340413,0.8981999,-0.35052955,0.26526606
1356513569884,-0.46795112,-0.6586581,0.5892293,-0.031248212,-0.6539856,-0.7558613,0.88320166,-0.3721185,0.28545147
1356513569892,-0.47686988,-0.6583041,0.5824354,-0.03770709,-0.6466997,-0.7618122,0.8781648,-0.38524723,0.28356874
1356513569918,-0.4744308,-0.66376877,0.5782097,-0.04604751,-0.63722575,-0.76930034,0.8790876,-0.3916049,0.27175462
1356513569950,-0.46282613,-0.67911935,0.56972694,-0.05254039,-0.620561,-0.78239596,0.8848907,-0.39204693,0.25153068
1356513569991,-0.43982315,-0.7074553,0.5532293,-0.058526993,-0.59212214,-0.8037201,0.8961753,-0.3858736,0.21902385
1356513570031,-0.41132736,-0.73121846,0.54417783,-0.072763115,-0.5687745,-0.81926864,0.9085788,-0.37658364,0.18074673
1356513570071,-0.38190043,-0.74696076,0.5442441,-0.09336892,-0.55468345,-0.82680625,0.919475,-0.36657315,0.14209089
1356513570111,-0.3549943,-0.75318635,0.55379546,-0.11758426,-0.55170107,-0.8257117,0.92744434,-0.3582406,0.107287884
1356513570151,-0.33464408,-0.7465647,0.57502556,-0.14567894,-0.5618864,-0.8142857,0.9310161,-0.356265,0.079273224
1356513570191,-0.3248062,-0.7218139,0.61113465,-0.18074068,-0.58688843,-0.7892368,0.92835,-0.3668059,0.060163856
1356513570231,-0.3263594,-0.6756284,0.6610717,-0.22458132,-0.6239162,-0.74852645,0.9181791,-0.39275298,0.051887333
1356513570271,-0.33505857,-0.6120423,0.7163379,-0.27374357,-0.6642528,-0.69558084,0.90155435,-0.4291532,0.0550209
1356513570311,-0.34404224,-0.5439718,0.7653298,-0.31926757,-0.6987492,-0.6401702,0.88300806,-0.46459055,0.066726625
1356513570351,-0.34862125,-0.4867728,0.80094665,-0.35164133,-0.72420603,-0.5931898,0.86879903,-0.48844448,0.0813041
1356513570391,-0.34850645,-0.44959566,0.8224397,-0.36705306,-0.7419082,-0.5611099,0.86244726,-0.49742937,0.09353435
1356513570431,-0.34590697,-0.43490222,0.8313895,-0.36726984,-0.7526248,-0.546506,0.863401,-0.49438447,0.10061166
1356513570471,-0.34316462,-0.442433,0.82854754,-0.3549779,-0.75560254,-0.55050474,0.86961406,-0.48302978,0.10224213
1356513570511,-0.34183192,-0.4710824,0.8131619,-0.33111262,-0.74942374,-0.5733485,0.87949723,-0.46523702,0.10019563
1356513570551,-0.34243047,-0.5188675,0.7832738,-0.2948804,-0.7321975,-0.61394817,0.89206886,-0.44120666,0.09772289
1356513570591,-0.34493762,-0.5814583,0.73683405,-0.245427,-0.70183116,-0.6687293,0.90597117,-0.41150883,0.09938228
1356513570631,-0.3504101,-0.6485212,0.6757462,-0.18518585,-0.65927404,-0.7287413,0.9181061,-0.38049698,0.110919386
1356513570671,-0.36348844,-0.7026824,0.6116483,-0.122679174,-0.6147354,-0.77913433,0.92348576,-0.3582428,0.13724464
1356513570711,-0.390415,-0.72823906,0.56324434,-0.07035801,-0.58640677,-0.8069554,0.9179466,-0.3546762,0.17770445
1356513570751,-0.42995322,-0.72372466,0.5397804,-0.037694454,-0.5829513,-0.8116322,0.90206397,-0.36931056,0.2233614
1356513570792,-0.46914786,-0.7051482,0.5316638,-0.023784965,-0.59172165,-0.8057914,0.88279927,-0.39068088,0.26083297
1356513570832,-0.4938832,-0.6938726,0.5240421,-0.019162804,-0.59384215,-0.8043533,0.86931705,-0.40729874,0.27999216
1356513570884,-0.5041401,-0.6902388,0.51905024,-0.019890547,-0.5915761,-0.8060037,0.86339283,-0.41666302,0.28450805
1356513570902,-0.49396247,-0.7116675,0.4995302,-0.017482996,-0.5662682,-0.8240355,0.8693074,-0.4157759,0.26727325
1356513570942,-0.47015,-0.7370255,0.4855433,-0.023074538,-0.5396843,-0.8415512,0.8822848,-0.40685892,0.23672605
1356513570992,-0.43902212,-0.75828624,0.4819351,-0.03636858,-0.520954,-0.85280955,0.89773977,-0.39192963,0.2011326
1356513571022,-0.4049629,-0.77205867,0.48982695,-0.054555237,-0.51436305,-0.8558355,0.9127041,-0.3733043,0.16617808
1356513571062,-0.37170637,-0.77657884,0.5086842,-0.07567096,-0.520776,-0.85033303,0.9252612,-0.35456687,0.13481131
1356513571102,-0.3435297,-0.7692045,0.53880596,-0.10044438,-0.54033744,-0.8354318,0.9337549,-0.34111568,0.108359694
1356513571142,-0.32502896,-0.7457392,0.5815748,-0.13189432,-0.57320887,-0.80872464,0.93646145,-0.3395653,0.08795071
1356513571182,-0.31893682,-0.7020338,0.63673204,-0.17298448,-0.6174144,-0.7673824,0.931856,-0.35489133,0.075475276
1356513571222,-0.3233757,-0.638836,0.6980807,-0.22354943,-0.665261,-0.7123577,0.9194856,-0.3864147,0.07231787
1356513571281,-0.33172786,-0.5664159,0.7544068,-0.27770615,-0.7056229,-0.6519015,0.90157413,-0.4257573,0.07677761
1356513571301,-0.33689475,-0.5019368,0.79659367,-0.32478455,-0.73216975,-0.5987007,0.88375163,-0.46042046,0.08364284
1356513571342,-0.3362956,-0.45804945,0.8228584,-0.3568451,-0.74661684,-0.5614489,0.8715313,-0.4824458,0.087631255
1356513571378,-0.3317412,-0.43767905,0.8356942,-0.3731835,-0.7527144,-0.54236066,0.86641896,-0.49179065,0.086371794
1356513571408,-0.3280064,-0.43487015,0.8386297,-0.3789294,-0.7526286,-0.53848195,0.86534643,-0.49440694,0.082081825
1356513571450,-0.32215112,-0.45040914,0.8326766,-0.37373218,-0.747618,-0.5489914,0.8697948,-0.48805624,0.07251358
1356513571491,-0.31858337,-0.48675433,0.81337243,-0.3555394,-0.7340732,-0.57855695,0.87869006,-0.47350463,0.060803235
1356513571531,-0.31675363,-0.53932047,0.78025687,-0.32361972,-0.7118041,-0.6233822,0.89159274,-0.449965,0.050931722
1356513571571,-0.31623876,-0.60182065,0.7333518,-0.27686477,-0.68082345,-0.6781043,0.9073802,-0.41748217,0.04867983
1356513571611,-0.3190763,-0.6631015,0.6771165,-0.21666937,-0.64450103,-0.7332618,0.92262924,-0.38067687,0.061971158
1356513571651,-0.33056176,-0.7083415,0.6236837,-0.14888278,-0.6134209,-0.7755958,0.93196726,-0.34923804,0.09731358
1356513571691,-0.3552531,-0.72726226,0.5872689,-0.084516495,-0.6006866,-0.79500467,0.9309415,-0.33206183,0.15193018
1356513571732,-0.39028507,-0.720332,0.5734102,-0.03843537,-0.609512,-0.79184455,0.9198914,-0.3310843,0.21019727
1356513571771,-0.4252721,-0.6977002,0.576505,-0.020312905,-0.6294577,-0.77676916,0.90483755,-0.34204876,0.2535185
1356513571811,-0.44909024,-0.67401665,0.58653176,-0.026234806,-0.6462226,-0.76269794,0.8931012,-0.35790774,0.27252957
1356513571883,-0.45256096,-0.66670465,0.5921937,-0.046356976,-0.6456052,-0.76226294,0.8905277,-0.37242278,0.2612694
1356513571891,-0.4450571,-0.65879583,0.6065576,-0.07162553,-0.6489799,-0.7574264,0.8926331,-0.380543,0.24164659
1356513571930,-0.42458725,-0.66843784,0.6106688,-0.09001282,-0.6399773,-0.7631033,0.9009013,-0.378972,0.21155831
1356513571971,-0.3959989,-0.683058,0.61369085,-0.10635713,-0.6297087,-0.769516,0.91207063,-0.36999798,0.17671597
1356513572011,-0.3645295,-0.69692206,0.6175905,-0.122222275,-0.6216794,-0.77367723,0.92313594,-0.35751152,0.14144108
1356513572051,-0.33555996,-0.7050737,0.6247164,-0.13935673,-0.61871624,-0.77315575,0.931654,-0.34649855,0.10935965
1356513572091,-0.31508845,-0.7023338,0.6383154,-0.16037858,-0.6234988,-0.76519805,0.9354133,-0.3434772,0.0838179
1356513572132,-0.3086468,-0.68362665,0.661356,-0.18835828,-0.63760537,-0.7469809,0.93234015,-0.3551252,0.06802818
1356513572173,-0.31817895,-0.64661664,0.6932886,-0.22484274,-0.6589589,-0.7177876,0.92098206,-0.3842658,0.064279735
1356513572213,-0.33890867,-0.5964457,0.72759426,-0.267405,-0.68039936,-0.68231314,0.90201735,-0.4258042,0.07110074
1356513572253,-0.36143684,-0.5466056,0.75537133,-0.3083526,-0.6944817,-0.6500876,0.879933,-0.4678863,0.08246395
1356513572292,-0.3782096,-0.5116569,0.77146924,-0.33794558,-0.6995423,-0.6296296,0.86182964,-0.49884653,0.09166142
1356513572333,-0.38745272,-0.4983583,0.7755769,-0.35139608,-0.69794124,-0.6240183,0.85229176,-0.51431227,0.09529802
1356513572373,-0.39136982,-0.5054371,0.7690013,-0.35006934,-0.6910577,-0.6323692,0.8510471,-0.516694,0.09352109
1356513572413,-0.39245176,-0.52891994,0.7524793,-0.3366851,-0.67872137,-0.6526717,0.855935,-0.5094907,0.08828601
1356513572453,-0.39150357,-0.5655655,0.7258518,-0.31217074,-0.66040426,-0.6829464,0.8656064,-0.49396557,0.08199754
1356513572492,-0.38751376,-0.6128416,0.6886642,-0.27596352,-0.63565964,-0.7209585,0.8795893,-0.4694275,0.07720485
1356513572533,-0.3790053,-0.66709745,0.6413548,-0.22764057,-0.6045548,-0.76334345,0.8969586,-0.43530962,0.077271014
1356513572573,-0.3672077,-0.72096395,0.5876815,-0.16927838,-0.5694696,-0.80439377,0.91460556,-0.39486134,0.08706993
1356513572613,-0.35952914,-0.76284534,0.53740656,-0.10726541,-0.5383117,-0.83589154,0.9269482,-0.35817248,0.11171183
1356513572653,-0.3677075,-0.7812842,0.5043672,-0.051173866,-0.52454257,-0.8498449,0.9285324,-0.3383047,0.15289691
1356513572693,-0.3979755,-0.7708248,0.49743807,-0.011827052,-0.53787225,-0.84294343,0.9173198,-0.34135404,0.20494342
1356513572733,-0.44266587,-0.7352084,0.51333773,0.0018730462,-0.5732398,-0.8193855,0.89668477,-0.36175248,0.2551307
1356513572773,-0.48428106,-0.6884546,0.53990936,-0.010023266,-0.6126948,-0.790256,0.87485516,-0.38811764,0.28981587
1356513572812,-0.5087088,-0.6485497,0.56621444,-0.03737718,-0.640414,-0.7671199,0.860127,-0.4114041,0.30154318
1356513572886,-0.5121998,-0.6263951,0.5876057,-0.069279164,-0.65180206,-0.75521815,0.85606754,-0.42753148,0.29045683
1356513572892,-0.49794233,-0.6223445,0.6039378,-0.099553496,-0.6507884,-0.75270414,0.86147696,-0.43492734,0.26209855
1356513572931,-0.47138512,-0.63072264,0.6164293,-0.1253624,-0.6439396,-0.7547358,0.87297213,-0.43304828,0.22447464
1356513572972,-0.43749583,-0.6457509,0.6257821,-0.14578487,-0.63577425,-0.75798273,0.88732415,-0.4228438,0.18400788
1356513573013,-0.4012437,-0.6617569,0.6333099,-0.16213521,-0.629178,-0.76016265,0.90150744,-0.40769225,0.14515957
1356513573053,-0.36782146,-0.67369723,0.6409675,-0.17684577,-0.62603045,-0.7594811,0.9129255,-0.39270583,0.1111269
1356513573093,-0.34247822,-0.67717105,0.6512664,-0.1924653,-0.6279187,-0.7541055,0.9196008,-0.3836109,0.08471662
1356513573133,-0.3300646,-0.667998,0.66696036,-0.21177323,-0.6361456,-0.7419373,0.9198965,-0.38613153,0.06850499
1356513573173,-0.3331797,-0.642951,0.6896414,-0.23750898,-0.6506144,-0.72131157,0.9124586,-0.40412244,0.06406486
1356513573212,-0.3487594,-0.6033855,0.7171421,-0.2700374,-0.66804147,-0.69339764,0.8974668,-0.43548417,0.07004908
1356513573253,-0.36781037,-0.5583264,0.74363106,-0.30464596,-0.6832066,-0.6636412,0.87858206,-0.4706383,0.08119851
1356513573293,-0.38143522,-0.52067065,0.7638123,-0.33328167,-0.6932498,-0.6390054,0.8622241,-0.4983038,0.090900004
1356513573332,-0.3867811,-0.4987571,0.77565575,-0.3508397,-0.69828147,-0.6239507,0.8528259,-0.51346314,0.09509823
1356513573373,-0.3858999,-0.49448365,0.77882427,-0.35690784,-0.69845706,-0.620302,0.8507045,-0.517343,0.09304932
1356513573413,-0.38193828,-0.5068965,0.77277356,-0.35229445,-0.6931763,-0.6288044,0.85440713,-0.5124083,0.08617389
1356513573453,-0.37689084,-0.5346876,0.75634795,-0.33660793,-0.6816718,-0.6496295,0.86293,-0.4994322,0.07693589
1356513573492,-0.3712796,-0.57637745,0.7279701,-0.30842185,-0.662941,-0.68219143,0.87580097,-0.47780567,0.06836906
1356513573532,-0.36474222,-0.62927455,0.68627733,-0.2662409,-0.6357946,-0.72448665,0.8922325,-0.446966,0.064362645
1356513573573,-0.3582307,-0.6868379,0.63239574,-0.21063414,-0.6004304,-0.77143794,0.90956247,-0.40955693,0.07042113
1356513573613,-0.3566885,-0.7370362,0.5740652,-0.14643353,-0.5627805,-0.8135326,0.9226757,-0.37424007,0.09281054
1356513573653,-0.36793387,-0.76704043,0.5256173,-0.082858145,-0.53597564,-0.84015745,0.9261529,-0.35267407,0.13364807
1356513573693,-0.39518714,-0.77109265,0.49924272,-0.031606197,-0.53174627,-0.8463138,0.9180568,-0.35023147,0.18576798
1356513573733,-0.43080038,-0.75443256,0.49521983,-0.0018781126,-0.5480014,-0.8364753,0.9024453,-0.36128396,0.23466223
1356513573772,-0.46075916,-0.7308189,0.5035917,0.006294489,-0.5700878,-0.82155967,0.88750285,-0.37537134,0.26727328
1356513573813,-0.474805,-0.71478534,0.5134608,6.887615E-4,-0.5837195,-0.8119551,0.88009065,-0.38516667,0.27764526
1356513573882,-0.47129953,-0.712457,0.5198864,-0.011561751,-0.58441675,-0.81137127,0.88189745,-0.38840967,0.26719812
1356513573891,-0.45423937,-0.720888,0.52343774,-0.027316213,-0.576005,-0.81698966,0.89046085,-0.3854072,0.24195218
1356513573930,-0.4290707,-0.73352313,0.52710736,-0.04516691,-0.56540084,-0.8235787,0.902141,-0.3771813,0.20946598
1356513573971,-0.39992094,-0.746319,0.5320443,-0.06372023,-0.5564422,-0.82843935,0.9143319,-0.3652123,0.17497733
1356513574011,-0.37047243,-0.75591564,0.53976095,-0.08302429,-0.5518352,-0.82981014,0.9251255,-0.35223508,0.14168039
1356513574051,-0.34477437,-0.758586,0.55288136,-0.104715765,-0.5542367,-0.8257458,0.9328264,-0.3425914,0.111650765
1356513574091,-0.3274259,-0.7494795,0.5753893,-0.13230109,-0.5665928,-0.8133075,0.93556875,-0.34242252,0.08636016
1356513574131,-0.32202244,-0.72347856,0.61063915,-0.16989559,-0.59036493,-0.78905296,0.9313629,-0.3578377,0.06719506
1356513574171,-0.3280686,-0.67894715,0.6568118,-0.2181399,-0.62205255,-0.7519744,0.9191224,-0.38997608,0.05597046
1356513574212,-0.3392043,-0.62318206,0.7046876,-0.26945406,-0.65334725,-0.70748276,0.90129626,-0.42986208,0.053699285
1356513574253,-0.34765512,-0.5706785,0.74395025,-0.31125432,-0.67820704,-0.66569954,0.8844527,-0.46299165,0.058156073
1356513574293,-0.34979475,-0.53338206,0.77016056,-0.33556134,-0.69621295,-0.63457566,0.8746669,-0.48040733,0.06454918
1356513574332,-0.34683383,-0.5148284,0.7840013,-0.34352142,-0.7080784,-0.61694247,0.8727539,-0.48329777,0.06873098
1356513574373,-0.34164703,-0.5142369,0.78666234,-0.3399794,-0.71271795,-0.61355275,0.87617993,-0.4770675,0.0686681
1356513574413,-0.3366925,-0.53085625,0.77770805,-0.3278995,-0.70813376,-0.6253227,0.8826778,-0.4655515,0.06435585
1356513574452,-0.33326876,-0.56445396,0.7551978,-0.30681887,-0.6924613,-0.6529622,0.89151233,-0.44932082,0.057590514
1356513574492,-0.33206403,-0.61341697,0.71655643,-0.27431333,-0.6640282,-0.6955708,0.9024886,-0.42753497,0.0522314
1356513574532,-0.33405095,-0.6715164,0.6614195,-0.22848691,-0.6231079,-0.7480176,0.9144418,-0.40100163,0.054717004
1356513574573,-0.3424614,-0.72545296,0.59702444,-0.17070842,-0.5768263,-0.7988305,0.92389333,-0.3754857,0.0736998
1356513574612,-0.3633206,-0.7585172,0.5409711,-0.107169986,-0.54277,-0.83301574,0.9254797,-0.3606276,0.11590925
1356513574653,-0.40054905,-0.7601135,0.51165223,-0.049491912,-0.53964126,-0.8404391,0.91493773,-0.3619597,0.17853335
1356513574693,-0.44853055,-0.7321636,0.512598,-0.012310386,-0.5684098,-0.8226534,0.89368266,-0.3752955,0.24593592
1356513574732,-0.492476,-0.6908047,0.5293923,-0.0011264086,-0.6077626,-0.79411805,0.87032527,-0.3916804,0.2985303
1356513574773,-0.51896733,-0.66030526,0.5428351,-0.005000621,-0.63269174,-0.77438766,0.8547795,-0.4045964,0.32504433
1356513574813,-0.52404,-0.655643,0.54361236,-0.010862738,-0.63307506,-0.77401423,0.8516245,-0.41151953,0.3246345
1356513574881,-0.5111947,-0.6727897,0.53482157,-0.016933054,-0.61426795,-0.7889159,0.85929817,-0.41234577,0.30261812
1356513574894,-0.48572946,-0.69995177,0.5235785,-0.02736944,-0.5865129,-0.80947727,0.8736806,-0.40751702,0.26572934
1356513574932,-0.45496804,-0.7218436,0.52148426,-0.04636416,-0.5656077,-0.8233701,0.8893,-0.39878523,0.22386575
1356513574973,-0.42176318,-0.73889667,0.5254974,-0.069580376,-0.5514827,-0.8312794,0.9040323,-0.38716733,0.18118235
1356513575013,-0.38887852,-0.74736726,0.53871644,-0.09588167,-0.5487351,-0.83047956,0.916286,-0.3746088,0.14173257
1356513575053,-0.3593439,-0.7446022,0.56252956,-0.12424785,-0.5592522,-0.81963366,0.92489696,-0.36442345,0.108448714
1356513575093,-0.33684224,-0.72514427,0.6005856,-0.15710509,-0.58563375,-0.795205,0.92836154,-0.36221373,0.08334237
1356513575132,-0.3238877,-0.68264,0.6550568,-0.19860822,-0.62789285,-0.7525326,0.9250143,-0.37383568,0.06778887
1356513575172,-0.31915158,-0.61555064,0.72058284,-0.2500945,-0.6786889,-0.6905318,0.9141089,-0.4005981,0.06265873
1356513575213,-0.31745106,-0.5338976,0.7836952,-0.30563796,-0.7247328,-0.6175337,0.8976693,-0.4355637,0.066887856
1356513575252,-0.31405646,-0.45714122,0.8321001,-0.35362393,-0.7570549,-0.5493797,0.8810895,-0.4667867,0.076101854
1356513575293,-0.30824012,-0.40117663,0.86258066,-0.3853714,-0.77634275,-0.49877942,0.8697568,-0.48615772,0.08469792
1356513575333,-0.30220968,-0.37162417,0.8778182,-0.39999247,-0.7864454,-0.47064832,0.86526036,-0.49335513,0.089024484
1356513575373,-0.29857147,-0.36804995,0.8805648,-0.40052578,-0.78914714,-0.4656456,0.866276,-0.4917174,0.08820334
1356513575413,-0.29900545,-0.38928992,0.8712342,-0.3885712,-0.7842107,-0.48376226,0.871555,-0.4831841,0.08321649
1356513575453,-0.30405682,-0.43382555,0.848142,-0.36369878,-0.7699974,-0.52423966,0.88049567,-0.46786687,0.07634115
1356513575493,-0.31307596,-0.5007431,0.8069944,-0.32273048,-0.74305445,-0.58627236,0.8932125,-0.4439894,0.071027294
1356513575532,-0.32443064,-0.58550227,0.74292123,-0.26340112,-0.6984187,-0.66545564,0.9084958,-0.4115805,0.072366476
1356513575573,-0.33675432,-0.67497134,0.65651363,-0.18716952,-0.6353383,-0.7492081,0.92280227,-0.37517843,0.08761883
