1356513334028,-0.043017507,0.036230177,0.99841714,-0.926245,-0.3760059,-0.026263535,0.37445924,-0.9259087,0.049732834
1356513334048,-0.15661246,-0.010299265,0.9876064,-0.91391927,-0.37761182,-0.14886528,0.37446508,-0.9259067,0.04972601
1356513334078,-0.15670961,-0.010375351,0.98759025,-0.91389203,-0.3776315,-0.14898258,0.37449092,-0.9258979,0.049696535
1356513334123,-0.15712065,-0.010699928,0.9875214,-0.9137616,-0.3777513,-0.14947799,0.3746369,-0.92584527,0.04957533
1356513334162,-0.15842962,-0.011424959,0.9873042,-0.9133788,-0.37809485,-0.15094227,0.37501907,-0.92569643,0.049466074
1356513334201,-0.16124058,-0.012495339,0.986836,-0.9126191,-0.37873238,-0.15390971,0.3756699,-0.92542195,0.049663484
1356513334241,-0.16597074,-0.013866305,0.9860332,-0.9113791,-0.3797214,-0.15874475,0.37661907,-0.92499703,0.050385147
1356513334285,-0.17386752,-0.016299307,0.98463416,-0.90940505,-0.3809595,-0.16688982,0.37782598,-0.924448,0.051413834
1356513334322,-0.18549174,-0.020525813,0.9824314,-0.9065034,-0.38230777,-0.17914334,0.3792683,-0.923807,0.05230826
1356513334363,-0.2007891,-0.0269458,0.9792638,-0.9025421,-0.38360554,-0.19561344,0.38092193,-0.92310387,0.052704036
1356513334405,-0.21888828,-0.03532937,0.97511005,-0.8975723,-0.3846535,-0.21541941,0.3826902,-0.9223846,0.052485555
1356513334444,-0.23825228,-0.044885755,0.9701654,-0.89194,-0.38514894,-0.23686111,0.38428995,-0.9217621,0.051727265
1356513334483,-0.25704896,-0.054375082,0.9648675,-0.886327,-0.38465875,-0.25780258,0.3851627,-0.921456,0.05068198
1356513334525,-0.2732088,-0.062487364,0.959923,-0.8816987,-0.38276333,-0.2758614,0.3846612,-0.92173076,0.049479276
1356513334564,-0.28593844,-0.06856361,0.95579195,-0.8786205,-0.37932795,-0.29006255,0.38244638,-0.9227184,0.04822305
1356513334603,-0.29531145,-0.07272306,0.9526292,-0.8769475,-0.3750642,-0.30048263,0.37914917,-0.9241419,0.04698649
1356513334643,-0.30177748,-0.07534453,0.9503965,-0.87633765,-0.37065625,-0.30764621,0.37544984,-0.92570895,0.04582846
1356513334684,-0.30579525,-0.07680467,0.9489944,-0.87635136,-0.36689723,-0.31208137,0.3721527,-0.9270855,0.044887483
1356513334723,-0.30791253,-0.07764453,0.948241,-0.8766442,-0.36413854,-0.3144803,0.36970887,-0.9281025,0.044056296
1356513334766,-0.30867332,-0.07853526,0.9479203,-0.87705743,-0.36216646,-0.3156036,0.368091,-0.92879903,0.0429112
1356513334803,-0.30859792,-0.08011544,0.9478127,-0.877569,-0.36041027,-0.31619158,0.3669332,-0.92934716,0.040914953
1356513334842,-0.3077733,-0.082696855,0.94785905,-0.87831897,-0.35834414,-0.31645748,0.3658298,-0.9299197,0.03765452
1356513334883,-0.3061219,-0.08634561,0.9480684,-0.8793964,-0.35578573,-0.31635165,0.36462483,-0.9305701,0.032981843
1356513334922,-0.3035831,-0.09097716,0.94845164,-0.880808,-0.35279614,-0.31577238,0.3633381,-0.9312669,0.026969522
1356513334962,-0.31255347,-0.101337045,0.9444793,-0.8782308,-0.3480566,-0.32797447,0.36196822,-0.9319804,0.01978898
1356513335003,-0.29700178,-0.10290927,0.9493153,-0.88432413,-0.34540486,-0.31411183,0.36022317,-0.9327942,0.011580765
1356513335069,-0.2860216,-0.10663143,0.9522717,-0.88919604,-0.3408208,-0.30524006,0.3571022,-0.9340615,0.0026659071
1356513335083,-0.27664465,-0.110165745,0.9546367,-0.894516,-0.33348453,-0.29770657,0.3511536,-0.9362967,-0.0062883496
1356513335122,-0.2670514,-0.11205214,0.9571457,-0.90100664,-0.32330877,-0.28923765,0.3418633,-0.939636,-0.014619678
1356513335163,-0.25668466,-0.11237264,0.9599403,-0.9083108,-0.31136382,-0.279328,0.3302795,-0.9436233,-0.02214697
1356513335203,-0.24499714,-0.11181244,0.96305466,-0.91565573,-0.29980952,-0.2677475,0.31867048,-0.94742393,-0.028929204
1356513335242,-0.23074168,-0.11074373,0.9666923,-0.92260444,-0.2907341,-0.2535246,0.3091267,-0.95037335,-0.03508818
1356513335381,-0.21201932,-0.10886082,0.9711833,-0.9293802,-0.284804,-0.23481724,0.30215928,-0.95238435,-0.040789127
1356513335383,-0.18664157,-0.104896694,0.9768119,-0.93673587,-0.28069842,-0.20912746,0.29612634,-0.9540467,-0.045870513
1356513335384,-0.15306324,-0.097442895,0.98340046,-0.9448322,-0.2771876,-0.174526,0.2895927,-0.9558619,-0.04963997
1356513335400,-0.11382073,-0.08327782,0.9900049,-0.95440996,-0.26760888,-0.13223925,0.27594665,-0.9599221,-0.04902181
1356513335428,-0.059339702,-0.06318703,0.99623597,-0.96311986,-0.25876015,-0.073779196,0.26244804,-0.9638727,-0.045501918
1356513335471,-0.0049629807,-0.037326872,0.9992908,-0.96841246,-0.2489543,-0.014108866,0.24930432,-0.9677957,-0.03491226
1356513335511,0.049613,-0.0072720945,0.99874204,-0.96902204,-0.24258208,0.046370357,0.24193972,-0.9701036,-0.01908207
1356513335551,0.09748733,0.021974236,0.99499416,-0.96514904,-0.24188048,0.09990507,0.242865,-0.9700572,-0.0023718476
1356513335591,0.13260972,0.04533291,0.99013114,-0.9592434,-0.24562311,0.13971871,0.24953297,-0.9683048,0.010913283
1356513335631,0.15176153,0.059566677,0.98662055,-0.95421857,-0.25146747,0.16195974,0.25775036,-0.96603096,0.01867655
1356513335671,0.1551643,0.06481418,0.9857602,-0.9516716,-0.25790238,0.16675574,0.26503804,-0.96399456,0.02166456
1356513335711,0.14567608,0.06419486,0.98724747,-0.9515706,-0.26397556,0.15757647,0.2707248,-0.9623908,0.02263105
1356513335751,0.12766439,0.062405556,0.98985225,-0.9530289,-0.2686581,0.13985288,0.27465934,-0.96121204,0.025176167
1356513335791,0.10804498,0.06517857,0.9920071,-0.9551286,-0.27000332,0.121768564,0.27578193,-0.9606508,0.033081383
1356513335831,0.09701502,0.07913205,0.9921322,-0.9579382,-0.26307565,0.11465418,0.27007857,-0.9615245,0.050281316
1356513335871,0.107212365,0.10871419,0.9882747,-0.9622861,-0.23861706,0.13064185,0.25002185,-0.96500945,0.0790315
1356513335911,0.14518982,0.14924815,0.9780822,-0.96689343,-0.18826723,0.17225713,0.20984992,-0.9707113,0.116972625
1356513335951,0.2005533,0.18578306,0.96190596,-0.96734095,-0.117806375,0.22443962,0.15501574,-0.9755031,0.15608913
1356513335993,0.2556691,0.20732287,0.9442725,-0.9613234,-0.048960656,0.27103546,0.102424055,-0.9770466,0.18678659
1356513336033,0.3018741,0.21432605,0.92894363,-0.9509026,-0.0020519495,0.30948338,0.06823656,-0.9767599,0.20318386
1356513336072,0.3352961,0.21100825,0.91817856,-0.9401714,0.012409568,0.34047544,0.060448974,-0.9774054,0.20254488
1356513336110,0.3570527,0.2022278,0.91193056,-0.93118083,1.4600158E-4,0.3645575,0.07359055,-0.9793385,0.18836278
1356513336151,0.35913882,0.18902218,0.913942,-0.9276006,-0.035613865,0.37187177,0.10284105,-0.98132676,0.16254683
1356513336191,0.33564728,0.17042232,0.9264433,-0.9313779,-0.087154746,0.35346746,0.14098269,-0.9815092,0.12947433
1356513336231,0.28443316,0.14402518,0.94781566,-0.94130933,-0.14547732,0.30458668,0.18175384,-0.97882235,0.09419365
1356513336271,0.21597695,0.10981861,0.97020304,-0.9509783,-0.20159948,0.23451662,0.22134674,-0.9732921,0.06089425
1356513336311,0.15346217,0.073853284,0.9853908,-0.953987,-0.24888694,0.167225,0.257601,-0.96571267,0.0322603
1356513336351,0.116196156,0.044792414,0.9922157,-0.9506309,-0.28440076,0.12416515,0.28774863,-0.9576584,0.009534806
1356513336393,0.10679245,0.026986122,0.9939151,-0.9458021,-0.30557495,0.10991967,0.30668187,-0.95178556,-0.0071095824
1356513336433,0.11573607,0.018658102,0.99310476,-0.94404405,-0.3088146,0.11582047,0.30884618,-0.95093924,-0.018126965
1356513336473,0.13385141,0.016470969,0.9908645,-0.94658047,-0.29387373,0.13275436,0.2933756,-0.9557024,-0.023744375
1356513336513,0.15723103,0.019293964,0.98737335,-0.9505638,-0.2681455,0.15660915,0.26778138,-0.9631852,-0.023820639
1356513336553,0.18336076,0.026882559,0.98267806,-0.95205224,-0.24417317,0.18432587,0.24489877,-0.969359,-0.019178212
1356513336593,0.20820105,0.037601084,0.977363,-0.9497478,-0.23102182,0.21120623,0.23373374,-0.97222173,-0.0123874545
1356513336633,0.22683415,0.048038095,0.97274804,-0.94533515,-0.22939935,0.2317704,0.23428154,-0.9721463,-0.0066235363
1356513336673,0.23598546,0.055015296,0.9701979,-0.9411802,-0.23553813,0.24228358,0.24184796,-0.97030663,-0.0038042367
1356513336713,0.2354626,0.057827175,0.97016156,-0.93834007,-0.24646622,0.24243018,0.25313106,-0.96742463,-0.0037720501
1356513336753,0.22748435,0.058484882,0.97202384,-0.93635595,-0.26093888,0.23483714,0.26737323,-0.96358204,-0.0045968294
1356513336797,0.2177273,0.062481165,0.97400767,-0.93306714,-0.2794335,0.22650081,0.2863224,-0.95812994,-0.0025411546
1356513336831,0.20493925,0.07000482,0.97626805,-0.93001604,-0.2969637,0.21652424,0.3050739,-0.95231926,0.004246101
1356513336871,0.2150423,0.09564826,0.9719096,-0.9232224,-0.30461186,0.23424757,0.31846052,-0.9476619,0.022800192
1356513336911,0.27631265,0.14938027,0.9493876,-0.90775424,-0.2838778,0.30886188,0.3156479,-0.9471531,0.05716154
1356513336951,0.4190967,0.22591114,0.8793873,-0.86044514,-0.21033698,0.46410403,0.28981394,-0.951169,0.1062326
1356513336991,0.60030246,0.28068376,0.7489016,-0.7602397,-0.09049687,0.64330846,0.24833956,-0.9555244,0.15906149
1356513337031,0.74594283,0.28758126,0.60072154,-0.6324565,0.023188129,0.7742487,0.2087298,-0.95747554,0.19917962
1356513337072,0.8542671,0.26496282,0.44723874,-0.4858456,0.100965664,0.8681936,0.18488325,-0.95895815,0.21498266
1356513337110,0.96009576,0.21673214,0.17675774,-0.21529207,0.16935015,0.96175355,0.17850895,-0.96143,0.20925307
1356513337151,0.18430635,-0.15144637,-0.9711309,0.9648162,0.21637973,0.14936379,0.18751246,-0.9644915,0.18599808
1356513337191,-0.6808907,-0.25393838,-0.686952,0.7027438,0.037614465,-0.71044785,0.20624927,-0.96648866,0.1528424
1356513337231,-0.81402576,-0.2562884,-0.5212278,0.533413,0.025262535,-0.8454776,0.22985363,-0.9662702,0.11614317
1356513337271,-0.8727617,-0.26516014,-0.40985006,0.41631752,0.03407657,-0.90858054,0.2548856,-0.96360207,0.08065009
1356513337311,-0.9074129,-0.28000218,-0.3133696,0.31419492,0.04317051,-0.9483764,0.27907577,-0.9590281,0.04880184
1356513337351,-0.9309672,-0.29659382,-0.21291377,0.20944716,0.04381019,-0.9768381,0.29905194,-0.9539983,0.021334827
1356513337391,-0.9472755,-0.307981,-0.08841255,0.0835477,0.028974235,-0.9960824,0.3093362,-0.9509512,-0.0017154813
1356513337431,-0.94917876,-0.3051919,0.07692634,-0.07926554,-0.004738927,-0.99684227,0.30459273,-0.9522791,-0.019693196
1356513337471,-0.9192016,-0.2814211,0.27544588,-0.27271673,-0.049641907,-0.9608128,0.28406668,-0.9582994,-0.03111726
1356513337511,-0.85093915,-0.24072796,0.46685398,-0.45959824,-0.089081824,-0.88364804,0.25430703,-0.966496,-0.03483492
1356513337551,-0.7669412,-0.19882451,0.61013925,-0.6000898,-0.11465871,-0.79167265,0.22736172,-0.9733048,-0.031376004
1356513337591,-0.6966235,-0.16817784,0.69744664,-0.68519723,-0.13218403,-0.7162626,0.21265084,-0.97685385,-0.023152411
1356513337631,-0.65399677,-0.15142596,0.7411872,-0.7265006,-0.14744431,-0.671161,0.21091506,-0.97741,-0.013582945
1356513337672,-0.6420347,-0.1472725,0.7523978,-0.7351446,-0.16029143,-0.65868735,0.21760944,-0.9760213,-0.005353987
1356513337711,-0.66042584,-0.1550565,0.7347076,-0.7149582,-0.16920644,-0.6783834,0.22950497,-0.9733071,8.894205E-4
1356513337753,-0.70755666,-0.17515932,0.68460417,-0.66238004,-0.17314029,-0.72888625,0.24620378,-0.96919644,0.006484449
1356513337796,-0.77842504,-0.20758806,0.5924201,-0.567802,-0.16959536,-0.8055049,0.26768494,-0.9634026,0.014148414
1356513337832,-0.8578758,-0.2488274,0.44959313,-0.42286903,-0.1552316,-0.89279616,0.2919432,-0.95602727,0.027948022
1356513337873,-0.9200646,-0.28667048,0.26702225,-0.23833202,-0.1313805,-0.9622562,0.31093198,-0.94897795,0.05255592
1356513337912,-0.94810104,-0.30294827,0.09657488,-0.0638328,-0.11619949,-0.99117255,0.31149596,-0.9458964,0.0908308
1356513337953,-0.95770526,-0.2877375,-0.002786979,0.04284908,-0.13302803,-0.99018556,0.2845428,-0.94842535,0.13973093
1356513337992,-0.9700233,-0.24265273,-0.013209812,0.058179095,-0.17911041,-0.9821073,0.23594499,-0.9534354,0.18785858
1356513338032,-0.98295915,-0.1791938,0.040999413,4.1618198E-4,-0.2252047,-0.97431135,0.18382381,-0.9576912,0.22144163
1356513338071,-0.98650783,-0.1231173,0.10790881,-0.07502754,-0.24584603,-0.96640086,0.14550962,-0.9614582,0.23329192
1356513338111,-0.98381156,-0.09627366,0.15114883,-0.124350175,-0.24059385,-0.9626274,0.12904117,-0.9658395,0.22472751
1356513338151,-0.9798814,-0.098744445,0.17344154,-0.14842275,-0.2204473,-0.9640403,0.13342835,-0.9703878,0.20135629
1356513338191,-0.9743723,-0.12100415,0.18962216,-0.16418107,-0.19367081,-0.9672312,0.15376326,-0.97357565,0.16884089
1356513338231,-0.9646297,-0.15255727,0.21497875,-0.18913732,-0.16752028,-0.9675557,0.18362096,-0.9739935,0.13274068
1356513338272,-0.94912803,-0.18723157,0.2531805,-0.22769159,-0.14732444,-0.9625238,0.21751451,-0.97120535,0.097198725
1356513338312,-0.9269824,-0.22034281,0.3035666,-0.27897882,-0.13600314,-0.9506177,0.25074777,-0.96589446,0.06460154
1356513338352,-0.89672005,-0.24612084,0.36785564,-0.34425429,-0.13451928,-0.92918974,0.27817664,-0.95985895,0.03589791
1356513338392,-0.8547191,-0.25725678,0.45085928,-0.42803708,-0.14207935,-0.89252317,0.29366544,-0.9558412,0.011322558
1356513338432,-0.7953709,-0.24781607,0.5531477,-0.53118104,-0.1545785,-0.8330379,0.29194492,-0.9563957,-0.008687973
1356513338472,-0.7164041,-0.21860914,0.6625521,-0.64229494,-0.16417158,-0.7486688,0.27243802,-0.9619032,-0.022798419
1356513338512,-0.6265473,-0.17966858,0.7583915,-0.7407354,-0.16534358,-0.65113175,0.2423831,-0.9697323,-0.029491305
1356513338552,-0.5427454,-0.14399803,0.8274611,-0.8119379,-0.16212767,-0.56077754,0.21490523,-0.97620654,-0.028923392
1356513338592,-0.47832268,-0.11881697,0.8701092,-0.85503685,-0.1629746,-0.4922918,0.20029831,-0.97944975,-0.023638427
1356513338632,-0.43883252,-0.104827166,0.89243335,-0.8762148,-0.17023206,-0.45085326,0.19918245,-0.9798124,-0.01714778
1356513338672,-0.4262432,-0.10099617,0.89895296,-0.8807399,-0.1804403,-0.4378796,0.20643148,-0.978387,-0.0120399
1356513338712,-0.44183367,-0.10715473,0.8906744,-0.8700649,-0.190705,-0.45455322,0.21856362,-0.97578144,-0.008971691
1356513338752,-0.48680907,-0.12374908,0.8646983,-0.8412824,-0.19998157,-0.50224626,0.23507622,-0.9719535,-0.006755054
1356513338792,-0.5609749,-0.15097132,0.8139502,-0.78714824,-0.20716983,-0.58092886,0.25632954,-0.96658593,-0.0026197433
1356513338832,-0.6592431,-0.18691128,0.7283287,-0.6975748,-0.20955294,-0.685184,0.28069198,-0.9597665,0.0077616572
1356513338872,-0.76473767,-0.22267726,0.6046414,-0.56974554,-0.20458913,-0.79594815,0.3009426,-0.9531832,0.029587567
1356513338913,-0.8498551,-0.23950893,0.46944833,-0.43011904,-0.19951802,-0.8804488,0.3045388,-0.95017266,0.066544056
1356513338952,-0.90024394,-0.22073248,0.37528375,-0.3315828,-0.21101284,-0.919525,0.28215876,-0.9522345,0.116771996
1356513338992,-0.92276865,-0.16868746,0.3464714,-0.30267796,-0.23919499,-0.92258966,0.23850355,-0.9562061,0.16966373
1356513339032,-0.9289107,-0.1067525,0.35458252,-0.31750077,-0.26318622,-0.9110029,0.19057307,-0.9588206,0.21058255
1356513339074,-0.9335835,-0.06721035,0.35200104,-0.32278892,-0.26893967,-0.90745735,0.15565756,-0.96080923,0.22938281
1356513339112,-0.9423342,-0.060033694,0.32924515,-0.3035233,-0.2611596,-0.91633475,0.14099649,-0.96342707,0.22787791
1356513339152,-0.9537657,-0.082922906,0.28888535,-0.26208812,-0.24099219,-0.9344691,0.14710802,-0.9669781,0.20811707
1356513339192,-0.95875514,-0.118209094,0.25848615,-0.22978827,-0.2128933,-0.9496703,0.16728964,-0.96989846,0.17694956
1356513339232,-0.95625836,-0.15600239,0.24745335,-0.21818905,-0.18306887,-0.9585819,0.19484209,-0.97064364,0.14102322
1356513339272,-0.94771224,-0.19286524,0.25425258,-0.22599263,-0.15691912,-0.9614072,0.22531913,-0.9685966,0.10512811
1356513339312,-0.9343292,-0.22711943,0.27467397,-0.24851753,-0.13726127,-0.95885265,0.25547615,-0.9641453,0.07180399
1356513339352,-0.91670585,-0.2553508,0.30732128,-0.28393647,-0.12484133,-0.95068115,0.2811236,-0.9587547,0.041939378
1356513339392,-0.89473534,-0.27184904,0.35432583,-0.33408618,-0.119081974,-0.9349898,0.29636985,-0.9549438,0.015725851
1356513339432,-0.8672131,-0.2709811,0.41774493,-0.40076253,-0.118062735,-0.9085431,0.2955181,-0.9553169,-0.0062136054
1356513339472,-0.8322719,-0.25136545,0.4941041,-0.48019943,-0.11847329,-0.8691217,0.2770053,-0.9606141,-0.022103488
1356513339512,-0.79014474,-0.21899791,0.5724607,-0.56106055,-0.11756325,-0.8193839,0.24674368,-0.968617,-0.02997917
1356513339552,-0.7458806,-0.1854049,0.6397555,-0.6297138,-0.116740406,-0.76800525,0.21707729,-0.9757031,-0.02967757
1356513339592,-0.7071197,-0.1603005,0.6886839,-0.6784899,-0.12039608,-0.72467667,0.19908088,-0.97969824,-0.023627818
1356513339633,-0.6794979,-0.14666009,0.71886957,-0.7072796,-0.12952244,-0.69496727,0.1950337,-0.9806706,-0.015719473
1356513339672,-0.66571164,-0.143033,0.7323726,-0.7187942,-0.14067137,-0.6808424,0.20040679,-0.9796699,-0.009164691
1356513339712,-0.66681767,-0.14770576,0.7304364,-0.7146845,-0.15095502,-0.6829632,0.21114063,-0.9774434,-0.0049036145
1356513339753,-0.68274313,-0.1597487,0.7129812,-0.6948061,-0.15996826,-0.70118093,0.22606711,-0.9741101,-0.0017771125
1356513339792,-0.7118094,-0.17793687,0.67945987,-0.658311,-0.16822338,-0.733708,0.24485476,-0.9695562,0.002605319
1356513339832,-0.7497456,-0.19904903,0.63107926,-0.6060467,-0.17636001,-0.7756318,0.26568586,-0.96399,0.01159215
1356513339872,-0.7906549,-0.2148305,0.5733347,-0.5436143,-0.18450677,-0.8188045,0.2816883,-0.9590647,0.029096246
1356513339912,-0.8268935,-0.21099295,0.52127653,-0.48723215,-0.19405997,-0.8514374,0.28080618,-0.95803064,0.057664335
1356513339953,-0.85151047,-0.17470153,0.4943776,-0.4594137,-0.20586371,-0.8640365,0.25272292,-0.96286005,0.0950349
1356513339992,-0.8590182,-0.1077791,0.50047123,-0.47144502,-0.21454531,-0.8554005,0.19956802,-0.9707492,0.13348633
1356513340032,-0.8501201,-0.033052385,0.5255507,-0.50788605,-0.21216065,-0.8348891,0.13909622,-0.9766758,0.16357505
1356513340074,-0.8370939,0.019728184,0.54670334,-0.53899384,-0.20071208,-0.81804657,0.09359141,-0.97945154,0.1786483
1356513340112,-0.83235955,0.0372788,0.55298096,-0.54915535,-0.19026,-0.8137749,0.07487357,-0.98102576,0.17883652
1356513340153,-0.844129,0.015731066,0.53590935,-0.5291759,-0.1850344,-0.8280914,0.086134866,-0.9826062,0.16451734
1356513340193,-0.8643779,-0.034024015,0.5016903,-0.48835367,-0.18097645,-0.85367334,0.11983955,-0.9828987,0.13981628
1356513340233,-0.8819652,-0.096410245,0.46134824,-0.44159105,-0.17307812,-0.8803642,0.16472544,-0.980178,0.110075116
1356513340272,-0.8902103,-0.15739411,0.42749608,-0.40386975,-0.161457,-0.90045595,0.21074867,-0.9742478,0.080163896
1356513340331,-0.8884372,-0.2084533,0.4089335,-0.3840689,-0.15023577,-0.91099966,0.25133732,-0.9664246,0.053414524
1356513340351,-0.87869525,-0.24576533,0.40926024,-0.38471317,-0.14303547,-0.9118862,0.28264877,-0.95871794,0.0311355
1356513340392,-0.86239886,-0.2664012,0.4304632,-0.4069812,-0.14083612,-0.902514,0.30105555,-0.95351744,0.013036609
1356513340428,-0.8393538,-0.26766145,0.4731199,-0.4512198,-0.14228469,-0.880997,0.3031267,-0.95294935,-0.0013468862
1356513340472,-0.8081141,-0.24854256,0.53402066,-0.51431686,-0.14416844,-0.8453955,0.2871057,-0.9578319,-0.011325002
1356513340511,-0.768856,-0.21537481,0.6020583,-0.5848337,-0.14380765,-0.7983038,0.25851512,-0.9658846,-0.015391052
1356513340551,-0.7261145,-0.17850709,0.66399777,-0.6487832,-0.14190346,-0.74762547,0.22767998,-0.97365224,-0.012774289
1356513340591,-0.68724,-0.14828974,0.7111338,-0.69658667,-0.14318585,-0.70303965,0.20607787,-0.9785234,-0.0048935413
1356513340631,-0.65819365,-0.1289815,0.74171746,-0.72638226,-0.15013301,-0.6706928,0.19786328,-0.98021615,0.0051267743
1356513340671,-0.64201033,-0.11996949,0.7572516,-0.7402291,-0.16027963,-0.6529711,0.19970861,-0.9797539,0.01409626
1356513340711,-0.6403911,-0.11998874,0.7586185,-0.7395209,-0.17036933,-0.6512167,0.20738393,-0.97804755,0.020368755
1356513340751,-0.6543419,-0.12863392,0.7451778,-0.7236889,-0.17930943,-0.6664251,0.21934229,-0.9753468,0.024238706
1356513340791,-0.68361837,-0.1455552,0.7151781,-0.6907353,-0.18741697,-0.6983979,0.23569198,-0.9714364,0.027581573
1356513340831,-0.72572243,-0.16898507,0.6669116,-0.6386023,-0.19518238,-0.7443729,0.25595725,-0.9660993,0.033733904
1356513340871,-0.774597,-0.19274786,0.6023683,-0.5691875,-0.20277005,-0.7968123,0.2757262,-0.96006894,0.047355533
1356513340911,-0.8205158,-0.20349486,0.5341757,-0.49578375,-0.21178919,-0.84222555,0.28452122,-0.95589495,0.072886944
1356513340951,-0.8547158,-0.18571109,0.48473945,-0.44292486,-0.22605658,-0.8675921,0.2707,-0.9562478,0.1109581
1356513340991,-0.87303877,-0.13587481,0.46833885,-0.42848867,-0.24476177,-0.8697638,0.23281044,-0.9600155,0.15546578
1356513341032,-0.87661064,-0.070773214,0.47596735,-0.44480082,-0.25820374,-0.8576031,0.18359186,-0.96349466,0.19486415
1356513341074,-0.87388605,-0.017372176,0.48582044,-0.46543258,-0.2586075,-0.84646016,0.14034167,-0.96582633,0.21790785
1356513341112,-0.8744358,0.007565409,0.48508227,-0.4713612,-0.24986696,-0.8458044,0.11480717,-0.9682506,0.22205865
1356513341153,-0.88401484,-0.0011264235,0.46745747,-0.45406264,-0.23561394,-0.8592515,0.111107364,-0.9718461,0.20777476
1356513341192,-0.8963729,-0.034076914,0.441989,-0.42496175,-0.21775568,-0.87862957,0.1261866,-0.9754082,0.18070889
1356513341232,-0.90525776,-0.08021365,0.4172222,-0.39578778,-0.19781977,-0.8967829,0.154469,-0.976951,0.14733016
1356513341273,-0.9075795,-0.13104168,0.39890805,-0.37422314,-0.17839026,-0.9100187,0.19041166,-0.9751948,0.112864435
1356513341312,-0.90294427,-0.1806317,0.38995355,-0.3637504,-0.16198492,-0.917304,0.22886078,-0.97012013,0.0805586
1356513341352,-0.8921919,-0.22411658,0.3921294,-0.36588967,-0.15036726,-0.91843045,0.2647989,-0.9628923,0.05215454
1356513341393,-0.8763716,-0.25646126,0.40767688,-0.38237512,-0.14418924,-0.91268766,0.29285163,-0.955739,0.028298974
1356513341432,-0.85600525,-0.27208316,0.43957466,-0.41592187,-0.14252353,-0.89816266,0.3070246,-0.9516606,0.0088354945
1356513341473,-0.83057564,-0.26677036,0.4888535,-0.46763873,-0.14258945,-0.872343,0.30242056,-0.95315367,-0.0063208938
1356513341513,-0.79922533,-0.24174148,0.5502726,-0.53221977,-0.14072698,-0.8348282,0.2792508,-0.96008176,-0.016187012
1356513341553,-0.7633905,-0.20569761,0.6123099,-0.59738815,-0.13572782,-0.790383,0.24568743,-0.9691576,-0.019267917
1356513341593,-0.7284623,-0.17157748,0.66325253,-0.65023696,-0.13168317,-0.74823225,0.21571903,-0.9763303,-0.015639782
1356513341633,-0.7008287,-0.1483334,0.6977367,-0.6847956,-0.13397944,-0.7163131,0.19973552,-0.9798198,-0.007681489
1356513341672,-0.6842016,-0.13730851,0.71625036,-0.7018726,-0.14279783,-0.6978421,0.19809866,-0.9801812,0.001329422
1356513341713,-0.67997134,-0.13605335,0.7205057,-0.70389867,-0.15406495,-0.69339067,0.2053428,-0.97864884,0.008991897
1356513341753,-0.6888292,-0.1426863,0.7107426,-0.6916146,-0.16442859,-0.70330113,0.21721783,-0.9760143,0.014579296
1356513341793,-0.7108746,-0.15660384,0.6856622,-0.66375434,-0.17298794,-0.72767127,0.23256737,-0.9723942,0.01902622
1356513341832,-0.7446144,-0.17685047,0.64364064,-0.61851215,-0.17976302,-0.76493657,0.25098217,-0.96768236,0.024469972
1356513341873,-0.7847379,-0.2003503,0.58655465,-0.5573243,-0.18605208,-0.80918133,0.2712494,-0.9618963,0.03434199
1356513341913,-0.8253009,-0.21817894,0.5208419,-0.4868595,-0.1923647,-0.852035,0.2860877,-0.95676214,0.05253631
1356513341952,-0.85885894,-0.21449134,0.46513957,-0.4270092,-0.20170188,-0.8814644,0.28288603,-0.95567244,0.0816437
1356513341993,-0.88072425,-0.17680132,0.4393927,-0.4007393,-0.2163189,-0.8902887,0.2524532,-0.9601809,0.11966622
1356513342032,-0.8886015,-0.11149302,0.44492325,-0.41248688,-0.22999078,-0.8814526,0.20060405,-0.96678513,0.15838075
1356513342074,-0.8846468,-0.0428479,0.4642887,-0.4430165,-0.233244,-0.8656405,0.14538346,-0.9714737,0.1873563
1356513342112,-0.8783782,0.0024167895,0.47796017,-0.46594378,-0.22720408,-0.85514605,0.10652779,-0.9738442,0.20069712
1356513342152,-0.87882036,0.013060138,0.476974,-0.46815097,-0.21685511,-0.8566263,0.09224659,-0.9761164,0.1966908
1356513342192,-0.88543284,-0.006792262,0.4647177,-0.4536109,-0.20513761,-0.8672691,0.101221785,-0.9787095,0.17855453
1356513342232,-0.8935219,-0.047505915,0.4464994,-0.4304928,-0.1920566,-0.88192415,0.1276498,-0.9802333,0.15115589
1356513342272,-0.8985183,-0.09911734,0.42759848,-0.40679812,-0.17785555,-0.89603716,0.16486359,-0.9790521,0.119485795
1356513342312,-0.8982682,-0.15374896,0.41167396,-0.3877276,-0.1636399,-0.9071325,0.20683698,-0.9744656,0.08737981
1356513342352,-0.892646,-0.20491377,0.4014888,-0.3765358,-0.150671,-0.91406727,0.2477977,-0.9671135,0.057338536
1356513342392,-0.8829148,-0.24720317,0.3991892,-0.3751586,-0.1398263,-0.91635394,0.28234276,-0.9588218,0.030714273
1356513342432,-0.87081534,-0.27595946,0.40684992,-0.38512006,-0.13143957,-0.9134583,0.30555367,-0.9521397,0.008182108
1356513342472,-0.8577372,-0.28744206,0.42622054,-0.4074886,-0.12533778,-0.9045681,0.31343246,-0.9495617,-0.009622514
1356513342512,-0.84402084,-0.27999127,0.45742062,-0.44165534,-0.12098861,-0.88898945,0.304252,-0.9523479,-0.021542668
1356513342553,-0.8290411,-0.25597653,0.4971587,-0.48368636,-0.11787635,-0.8672674,0.28060335,-0.9594692,-0.02608794
1356513342593,-0.81270915,-0.22320312,0.5382231,-0.5259679,-0.11644697,-0.842495,0.250722,-0.9677915,-0.022760093
1356513342633,-0.79718584,-0.19282863,0.57211185,-0.5598874,-0.11841476,-0.8200635,0.22587815,-0.97406113,-0.013563812
1356513342672,-0.7860684,-0.17282198,0.593489,-0.58035326,-0.12420285,-0.8048377,0.21280666,-0.9770907,-0.002665937
1356513342712,-0.78208476,-0.16442937,0.60108775,-0.5866857,-0.13092566,-0.7991611,0.21010332,-0.97766125,0.0059265494
1356513342753,-0.78656375,-0.16534619,0.5949607,-0.57949924,-0.13516277,-0.8036863,0.21330298,-0.9769297,0.01049608
1356513342792,-0.7997495,-0.17353342,0.57470596,-0.558474,-0.1361509,-0.81827235,0.22024433,-0.97537124,0.011972606
1356513342832,-0.82056874,-0.18779667,0.53981423,-0.52276343,-0.13520741,-0.8416872,0.2310529,-0.97285736,0.012773693
1356513342872,-0.84638816,-0.2064631,0.4909175,-0.4725271,-0.13405621,-0.87106085,0.2456525,-0.96922743,0.015904248
1356513342912,-0.87327415,-0.22487411,0.43223125,-0.41155782,-0.13438499,-0.9014215,0.26079178,-0.96507627,0.02480632
1356513342952,-0.8976867,-0.23285496,0.37408185,-0.35011637,-0.13852817,-0.9264062,0.26753914,-0.9625947,0.0428285
1356513342992,-0.9182,-0.2169748,0.33140713,-0.30403173,-0.15026915,-0.9407358,0.2539162,-0.9645419,0.07200992
1356513343032,-0.93389964,-0.17264044,0.31309223,-0.28469032,-0.17068982,-0.94330084,0.21629351,-0.97008264,0.1102581
1356513343074,-0.94227755,-0.11184464,0.31560078,-0.29077587,-0.194013,-0.9369143,0.1660195,-0.97460234,0.1502924
1356513343112,-0.9434913,-0.06095933,0.32574248,-0.30676255,-0.21124047,-0.9280486,0.12538323,-0.97553134,0.1806035
1356513343152,-0.9417683,-0.03553979,0.33437914,-0.31913328,-0.2188654,-0.92209107,0.10595494,-0.9751076,0.19477856
1356513343192,-0.9393807,-0.037299663,0.3408413,-0.32528058,-0.2174077,-0.9202861,0.10842787,-0.97536796,0.1920957
1356513343232,-0.9361671,-0.05955398,0.34647432,-0.3277189,-0.20888376,-0.9213946,0.12724558,-0.9761255,0.17603314
1356513343272,-0.9309273,-0.09335328,0.3530716,-0.33043936,-0.19636667,-0.92317384,0.15551278,-0.9760764,0.15195549
1356513343312,-0.9229981,-0.13147986,0.36164564,-0.335918,-0.18313456,-0.92391604,0.18770617,-0.974256,0.12486637
1356513343352,-0.9125763,-0.16976443,0.3720006,-0.34440467,-0.17131281,-0.9230587,0.220431,-0.97048026,0.09786832
1356513343392,-0.90019673,-0.20535804,0.38402325,-0.35581732,-0.16157603,-0.92048204,0.25107735,-0.96525705,0.072380364
1356513343433,-0.8865374,-0.23482269,0.39863512,-0.37121946,-0.1532107,-0.91581804,0.27613,-0.9598879,0.048656106
1356513343472,-0.87225705,-0.2530192,0.4185079,-0.39362103,-0.14462578,-0.9078248,0.29022416,-0.9565901,0.026557267
1356513343512,-0.85765266,-0.25479496,0.4466672,-0.42611867,-0.1340732,-0.8946772,0.2878453,-0.9576555,0.0064153075
1356513343552,-0.84212023,-0.23927826,0.48330063,-0.46804667,-0.12089485,-0.87539524,0.2678916,-0.9633953,-0.010185361
1356513343592,-0.8249409,-0.21322395,0.52345777,-0.51278627,-0.107213855,-0.85179543,0.23774512,-0.97110283,-0.020893216
1356513343632,-0.807188,-0.18831101,0.55945194,-0.55130064,-0.0982573,-0.82850045,0.21098599,-0.97718185,-0.024503887
1356513343672,-0.79176253,-0.17338328,0.58570504,-0.5778137,-0.09837973,-0.81021774,0.19809972,-0.9799284,-0.022289813
1356513343712,-0.7814525,-0.1698842,0.6003926,-0.59112376,-0.10648954,-0.79952025,0.19976142,-0.9796934,-0.017206013
1356513343753,-0.7781126,-0.1751392,0.6032139,-0.5917353,-0.11773288,-0.79748875,0.21068965,-0.97747904,-0.012026608
1356513343792,-0.78298193,-0.18662298,0.5933896,-0.57949793,-0.12789625,-0.8048756,0.22610061,-0.974071,-0.008007169
1356513343832,-0.7963554,-0.20347786,0.5695742,-0.5531683,-0.1357907,-0.821928,0.24458702,-0.96961725,-0.004419863
1356513343872,-0.8175954,-0.22484751,0.53007674,-0.5107684,-0.14176792,-0.847949,0.26580712,-0.96402574,0.0010638237
1356513343913,-0.8440534,-0.24732964,0.475817,-0.452677,-0.14708441,-0.87945986,0.28750178,-0.9577025,0.012186706
1356513343952,-0.8719663,-0.26166946,0.4137681,-0.385441,-0.15416205,-0.90976334,0.3018446,-0.95276606,0.03356594
1356513343992,-0.8979829,-0.25388134,0.35940382,-0.32486147,-0.16841555,-0.93064564,0.29680273,-0.9524602,0.06875795
1356513344032,-0.9198552,-0.21556336,0.32771787,-0.2886213,-0.19383621,-0.9376168,0.2656394,-0.95705795,0.11608499
1356513344074,-0.9344634,-0.15393248,0.3210653,-0.28336403,-0.22449517,-0.9323662,0.21559906,-0.9622404,0.16616356
1356513344112,-0.94133985,-0.09645987,0.32338014,-0.2921098,-0.24690866,-0.9239632,0.16897073,-0.9642259,0.20424807
1356513344152,-0.944714,-0.063470945,0.3216936,-0.29626298,-0.25519395,-0.9203827,0.14051183,-0.96480435,0.22228128
1356513344192,-0.9482082,-0.061283164,0.31168184,-0.2876207,-0.25080466,-0.9243221,0.13481665,-0.9660959,0.22018874
1356513344232,-0.9514667,-0.08391668,0.29608977,-0.26959676,-0.23672211,-0.93342394,0.14842084,-0.9679466,0.20260954
1356513344272,-0.952131,-0.12052568,0.28092703,-0.25098273,-0.21641296,-0.94348973,0.17451103,-0.96883374,0.17580378
1356513344312,-0.9489009,-0.16209748,0.27076057,-0.23845652,-0.19368476,-0.9516431,0.20670117,-0.9675797,0.14513457
1356513344352,-0.9419199,-0.20337981,0.2672518,-0.23446766,-0.17149031,-0.9568783,0.2404408,-0.9639646,0.113844156
1356513344392,-0.9319671,-0.24086834,0.270961,-0.23962332,-0.15161133,-0.95895505,0.27206266,-0.9586431,0.083579004
1356513344432,-0.920055,-0.27049378,0.28342915,-0.2552648,-0.13493824,-0.95740885,0.29721856,-0.95321816,0.055103004
1356513344472,-0.90712047,-0.28678876,0.30803347,-0.28446585,-0.12161219,-0.95094144,0.31017995,-0.9502435,0.02873528
1356513344512,-0.89316964,-0.28495806,0.34791777,-0.32979172,-0.11095232,-0.937511,0.30575362,-0.9520969,0.005122483
1356513344552,-0.8766487,-0.26491085,0.40163323,-0.3888043,-0.10165274,-0.9156953,0.28340474,-0.95889986,-0.013884723
1356513344592,-0.85597223,-0.2337751,0.46115145,-0.45224696,-0.09372121,-0.8869549,0.25056764,-0.9677632,-0.025501251
1356513344632,-0.83252764,-0.20375037,0.51515394,-0.5079647,-0.09031522,-0.8566301,0.22106493,-0.97484815,-0.028308153
1356513344672,-0.81043446,-0.1840753,0.55615854,-0.54852253,-0.09493595,-0.83072877,0.20571606,-0.97831666,-0.024030149
1356513344712,-0.7933072,-0.17604719,0.5828131,-0.5732804,-0.10628492,-0.8124365,0.20497142,-0.978627,-0.016607821
1356513344752,-0.7832673,-0.1762757,0.5961703,-0.5842514,-0.11901581,-0.8027985,0.21246758,-0.9771193,-0.009768069
1356513344792,-0.7819909,-0.18199262,0.5961283,-0.58209157,-0.12871033,-0.80287176,0.22284459,-0.9748396,-0.005286038
1356513344851,-0.79080385,-0.19231865,0.5810705,-0.5653714,-0.13418263,-0.8138491,0.23448789,-0.9721155,-0.0026193857
1356513344871,-0.80974877,-0.20694359,0.54907304,-0.53182715,-0.13653332,-0.83577424,0.24792491,-0.96877915,4.995465E-4
1356513344911,-0.8368138,-0.22363092,0.49973172,-0.48050106,-0.13750821,-0.86614674,0.26241446,-0.9649252,0.007613957
1356513344948,-0.86727667,-0.23471743,0.4390204,-0.416887,-0.13958001,-0.89817744,0.2720964,-0.9619902,0.02320385
1356513344992,-0.89507335,-0.22548667,0.38470683,-0.35865042,-0.14862704,-0.9215638,0.2649782,-0.9628425,0.052161276
1356513345031,-0.91622454,-0.18539809,0.35519013,-0.32642043,-0.16867173,-0.9300535,0.23234066,-0.9680792,0.094023526
1356513345075,-0.92604303,-0.11706607,0.35880342,-0.33276612,-0.19530243,-0.9225637,0.17807606,-0.9737313,0.14190274
1356513345113,-0.9242206,-0.04422839,0.3792891,-0.36188948,-0.21555328,-0.906958,0.12187028,-0.97549,0.18321294
1356513345153,-0.91888875,0.0061617643,0.39446872,-0.3857264,-0.22392714,-0.89502615,0.0828173,-0.9745864,0.20814079
1356513345192,-0.91971916,0.021385923,0.3919943,-0.38660234,-0.22288555,-0.89490825,0.06823139,-0.97461003,0.21325982
1356513345232,-0.92804205,0.004030481,0.3724537,-0.36460918,-0.21424937,-0.9061774,0.076145634,-0.97677076,0.200302
1356513345272,-0.9381874,-0.03475143,0.3443787,-0.3313051,-0.19788331,-0.9225395,0.10020637,-0.9796094,0.17413831
1356513345312,-0.9443312,-0.08272696,0.31842548,-0.30071154,-0.17557901,-0.93741375,0.13345823,-0.9809833,0.14092779
1356513345352,-0.94431335,-0.1316447,0.3015656,-0.28149253,-0.15139186,-0.9475454,0.17039391,-0.9796684,0.1059044
1356513345393,-0.93856835,-0.1773363,0.2960427,-0.27600405,-0.12920189,-0.952433,0.20715024,-0.9756324,0.07231927
1356513345432,-0.9282021,-0.21730138,0.302028,-0.28376764,-0.111599445,-0.9523767,0.24065895,-0.9697039,0.04192382
1356513345472,-0.91419595,-0.24876499,0.3199402,-0.30438638,-0.099749625,-0.9473114,0.2675718,-0.9634137,0.015470028
1356513345512,-0.8966694,-0.26724735,0.35293475,-0.3402746,-0.09392184,-0.93562376,0.28319123,-0.9590399,-0.0067207217
1356513345552,-0.8744136,-0.2679574,0.40447465,-0.39430285,-0.093298376,-0.9142323,0.28271213,-0.95890266,-0.024074972
1356513345592,-0.8453157,-0.25004476,0.4721431,-0.4637351,-0.09545833,-0.88081646,0.2653135,-0.9635172,-0.035262167
1356513345632,-0.80930096,-0.22000496,0.5446373,-0.53715277,-0.09801233,-0.8377712,0.23769498,-0.97056246,-0.038854778
1356513345672,-0.7712117,-0.18948199,0.6077246,-0.6000917,-0.10216731,-0.79338,0.21242078,-0.9765544,-0.034914017
1356513345712,-0.738409,-0.16786268,0.6531266,-0.6440786,-0.111383736,-0.75680673,0.19978724,-0.9794978,-0.025870085
1356513345753,-0.7161022,-0.15773404,0.6799394,-0.6684158,-0.12560922,-0.7331048,0.20104226,-0.97946024,-0.0154829025
1356513345793,-0.70663,-0.1572265,0.6898941,-0.67550504,-0.14034349,-0.7238761,0.21063465,-0.97753954,-0.007036388
1356513345832,-0.7111654,-0.16454753,0.6834968,-0.66641617,-0.15185529,-0.7299516,0.22390433,-0.97460973,-0.00166291
1356513345872,-0.73033917,-0.17878067,0.65927386,-0.639844,-0.15888464,-0.75190103,0.23917392,-0.9709753,0.0016480684
1356513345913,-0.7631749,-0.19900294,0.614786,-0.59311366,-0.16189045,-0.78867465,0.25647658,-0.9665347,0.0055194497
1356513345953,-0.80579907,-0.22202113,0.5489941,-0.5248245,-0.1616888,-0.83571285,0.27431208,-0.9615422,0.013766468
1356513345992,-0.850265,-0.23862971,0.46915367,-0.4419738,-0.1603697,-0.88257617,0.28584698,-0.9577773,0.030888736
1356513346033,-0.8873395,-0.23307492,0.39787528,-0.36730283,-0.16439295,-0.91545814,0.27877823,-0.9584629,0.060263276
1356513346071,-0.9104932,-0.18928638,0.36765832,-0.33554587,-0.18144614,-0.9243842,0.24168354,-0.9650118,0.101691365
1356513346110,-0.919393,-0.119585834,0.37472072,-0.34684104,-0.20285034,-0.91572535,0.18552002,-0.9718801,0.14502198
1356513346151,-0.91422755,-0.045266032,0.40266484,-0.38451332,-0.21655315,-0.89735955,0.12781827,-0.97522086,0.18057346
1356513346191,-0.9081646,0.004123658,0.41859278,-0.4092555,-0.21899253,-0.88574946,0.08801618,-0.9757178,0.20056897
1356513346231,-0.91303927,0.015727475,0.40756834,-0.40114737,-0.21532553,-0.8903459,0.07375698,-0.9764157,0.20290971
1356513346271,-0.9273717,-0.005338162,0.3741032,-0.3649546,-0.20730996,-0.9076511,0.082400516,-0.9782607,0.1903053
1356513346311,-0.9419627,-0.04572299,0.33258945,-0.3182577,-0.19370967,-0.92800254,0.10685684,-0.9799929,0.16791552
1356513346351,-0.9504753,-0.09331789,0.29645988,-0.27742362,-0.17529237,-0.94462097,0.1401172,-0.9800838,0.14072257
1356513346392,-0.951739,-0.14106184,0.27257043,-0.25072008,-0.15486807,-0.9555917,0.17700994,-0.97781265,0.11202681
1356513346433,-0.9469219,-0.18559587,0.2624752,-0.23993912,-0.13532782,-0.9613094,0.21393523,-0.97326285,0.0836131
1356513346473,-0.9373942,-0.22469047,0.26609498,-0.24466413,-0.11889297,-0.96229106,0.24785441,-0.9671498,0.05647576
1356513346513,-0.9238114,-0.25483048,0.28571686,-0.26658577,-0.107463956,-0.95780146,0.27478126,-0.9609958,0.03134221
1356513346553,-0.9054033,-0.2703889,0.327314,-0.3108858,-0.102788866,-0.9448726,0.28912738,-0.9572482,0.009005427
1356513346593,-0.8792094,-0.26653045,0.39490816,-0.3808027,-0.10500455,-0.9186748,0.28632197,-0.9580896,-0.009174585
1356513346632,-0.8414941,-0.24387163,0.48209372,-0.4696027,-0.11104882,-0.8758661,0.26713482,-0.9634287,-0.021075845
1356513346672,-0.7933044,-0.21103506,0.5710799,-0.55947524,-0.11724937,-0.820512,0.24011558,-0.9704209,-0.025054395
1356513346712,-0.7437558,-0.1806155,0.6435879,-0.6318566,-0.12423563,-0.7650639,0.21813892,-0.97567594,-0.021722198
1356513346752,-0.70435756,-0.16099605,0.691347,-0.67820466,-0.13490647,-0.722384,0.20956814,-0.9776914,-0.014165878
1356513346797,-0.68268394,-0.15362287,0.71438265,-0.6988391,-0.14833593,-0.6997287,0.21346292,-0.97693217,-0.006091118
1356513346831,-0.6823638,-0.15580076,0.71421695,-0.6964568,-0.1582846,-0.6999243,0.2220983,-0.97502416,-5.007982E-4
1356513346871,-0.7039238,-0.16629452,0.6905341,-0.6714255,-0.16133451,-0.72329724,0.23168734,-0.97278845,0.0019128323
1356513346911,-0.74940634,-0.1848475,0.6357842,-0.61651325,-0.15536773,-0.77186286,0.24145728,-0.9704083,0.002472639
1356513346951,-0.8142672,-0.20986442,0.54122627,-0.52286345,-0.13984555,-0.8408668,0.2521561,-0.9676777,0.0041412115
1356513346991,-0.88485676,-0.2357874,0.40178728,-0.38501424,-0.115439475,-0.9156625,0.26228374,-0.96492386,0.011365771
1356513347031,-0.9395743,-0.25040478,0.2334474,-0.21765801,-0.08940244,-0.9719219,0.26424465,-0.9640045,0.029497564
1356513347074,-0.96744055,-0.24009639,0.0800793,-0.062287807,-0.080807805,-0.9947816,0.2453145,-0.9673799,0.06322163
1356513347112,-0.97704643,-0.20960388,-0.038034372,0.059671797,-0.09789193,-0.99340653,0.20449859,-0.9728738,0.10815233
1356513347153,-0.9781912,-0.17097344,-0.117940456,0.14176624,-0.1345774,-0.9807096,0.15180317,-0.9760415,0.15588075
1356513347193,-0.9718331,-0.1436919,-0.18679696,0.209979,-0.16807377,-0.9631511,0.10700134,-0.9752455,0.19351196
1356513347233,-0.9575308,-0.13664716,-0.25389454,0.27630824,-0.18324494,-0.94343793,0.08239322,-0.973524,0.21321934
1356513347272,-0.9389541,-0.145898,-0.31157485,0.33456862,-0.17615664,-0.92576057,0.080180645,-0.97348994,0.21421587
1356513347312,-0.9219927,-0.16340797,-0.35103756,0.3749689,-0.1506685,-0.9147116,0.09658086,-0.9749856,0.2001881
1356513347352,-0.91091615,-0.18359387,-0.36949265,0.3931446,-0.11453587,-0.912315,0.12517525,-0.9763067,0.17651165
1356513347392,-0.9068962,-0.20421304,-0.36855954,0.3899182,-0.07522422,-0.9177718,0.15969634,-0.9760319,0.14784706
1356513347433,-0.9089663,-0.2247819,-0.3510745,0.36818758,-0.03794813,-0.9289768,0.19549456,-0.9736699,0.11725545
1356513347472,-0.91521204,-0.24528116,-0.31972486,0.33119214,-0.0058552623,-0.94354516,0.22956175,-0.9694343,0.086594045
1356513347513,-0.92406255,-0.26478642,-0.27567464,0.2808895,0.01875472,-0.9595568,0.25924784,-0.9641247,0.05704528
1356513347553,-0.9351802,-0.28018796,-0.21663949,0.21612741,0.033118665,-0.9758033,0.28058314,-0.95937365,0.029584467
1356513347593,-0.9482498,-0.28646952,-0.1369582,0.1327545,0.03414315,-0.99056065,0.28844166,-0.9574808,0.0056537986
1356513347633,-0.959724,-0.27910876,-0.03206615,0.027282372,0.021008193,-0.99940705,0.2796169,-0.9600297,-0.012547374
1356513347672,-0.96163183,-0.25772527,0.09403164,-0.09676217,-0.002097547,-0.9953053,0.2567126,-0.96621597,-0.022920966
